dimension(22).
point(1, 66.8370395074, 9.7972959279).
point(2, 82.1367471146, 16.193442407).
point(3, 68.9331606919, 19.2127130677).
point(4, 68.4788614784, 6.6302145984).
point(5, 17.7926385275, 82.7978986532).
point(6, 22.2370215144, 87.5470441266).
point(7, 22.3825259891, 96.187177391).
point(8, 38.9031544626, 92.5274479804).
point(9, 81.938533269, 48.539078002).
point(10, 89.8831736666, 56.2876569878).
point(11, 96.3777623516, 58.3730537243).
point(12, 96.9073563393, 64.2286100754).
point(13, 21.9423633676, 68.7970130776).
point(14, 16.5138540052, 61.4408119352).
point(15, 16.1464379517, 67.1067411225).
point(16, 20.6645062773, 60.1351619591).
point(17, 41.4934634912, 30.5338718007).
point(18, 35.3701956973, 31.3130858375).
point(19, 46.0591748224, 34.8244386149).
point(20, 47.2427372079, 39.4348762809).
point(21, 39.6508847519, 33.2915495845).
point(22, 49.6340768922, 41.923482739).
cost(1, 2, 17).
cost(1, 3, 10).
cost(1, 4, 4).
cost(1, 5, 88).
cost(1, 6, 90).
cost(1, 7, 97).
cost(1, 8, 87).
cost(1, 9, 42).
cost(1, 10, 52).
cost(1, 11, 57).
cost(1, 12, 62).
cost(1, 13, 74).
cost(1, 14, 72).
cost(1, 15, 77).
cost(1, 16, 68).
cost(1, 17, 33).
cost(1, 18, 38).
cost(1, 19, 33).
cost(1, 20, 36).
cost(1, 21, 36).
cost(1, 22, 36).
cost(2, 1, 17).
cost(2, 3, 14).
cost(2, 4, 17).
cost(2, 5, 93).
cost(2, 6, 93).
cost(2, 7, 100).
cost(2, 8, 88).
cost(2, 9, 32).
cost(2, 10, 41).
cost(2, 11, 45).
cost(2, 12, 50).
cost(2, 13, 80).
cost(2, 14, 80).
cost(2, 15, 83).
cost(2, 16, 76).
cost(2, 17, 43).
cost(2, 18, 49).
cost(2, 19, 41).
cost(2, 20, 42).
cost(2, 21, 46).
cost(2, 22, 41).
cost(3, 1, 10).
cost(3, 2, 14).
cost(3, 4, 13).
cost(3, 5, 82).
cost(3, 6, 83).
cost(3, 7, 90).
cost(3, 8, 79).
cost(3, 9, 32).
cost(3, 10, 43).
cost(3, 11, 48).
cost(3, 12, 53).
cost(3, 13, 68).
cost(3, 14, 67).
cost(3, 15, 71).
cost(3, 16, 63).
cost(3, 17, 30).
cost(3, 18, 36).
cost(3, 19, 28).
cost(3, 20, 30).
cost(3, 21, 32).
cost(3, 22, 30).
cost(4, 1, 4).
cost(4, 2, 17).
cost(4, 3, 13).
cost(4, 5, 91).
cost(4, 6, 93).
cost(4, 7, 101).
cost(4, 8, 91).
cost(4, 9, 44).
cost(4, 10, 54).
cost(4, 11, 59).
cost(4, 12, 64).
cost(4, 13, 78).
cost(4, 14, 76).
cost(4, 15, 80).
cost(4, 16, 72).
cost(4, 17, 36).
cost(4, 18, 41).
cost(4, 19, 36).
cost(4, 20, 39).
cost(4, 21, 39).
cost(4, 22, 40).
cost(5, 1, 88).
cost(5, 2, 93).
cost(5, 3, 82).
cost(5, 4, 91).
cost(5, 6, 7).
cost(5, 7, 14).
cost(5, 8, 23).
cost(5, 9, 73).
cost(5, 10, 77).
cost(5, 11, 82).
cost(5, 12, 81).
cost(5, 13, 15).
cost(5, 14, 21).
cost(5, 15, 16).
cost(5, 16, 23).
cost(5, 17, 57).
cost(5, 18, 54).
cost(5, 19, 56).
cost(5, 20, 52).
cost(5, 21, 54).
cost(5, 22, 52).
cost(6, 1, 90).
cost(6, 2, 93).
cost(6, 3, 83).
cost(6, 4, 93).
cost(6, 5, 7).
cost(6, 7, 9).
cost(6, 8, 17).
cost(6, 9, 71).
cost(6, 10, 75).
cost(6, 11, 80).
cost(6, 12, 78).
cost(6, 13, 19).
cost(6, 14, 27).
cost(6, 15, 21).
cost(6, 16, 27).
cost(6, 17, 60).
cost(6, 18, 58).
cost(6, 19, 58).
cost(6, 20, 54).
cost(6, 21, 57).
cost(6, 22, 53).
cost(7, 1, 97).
cost(7, 2, 100).
cost(7, 3, 90).
cost(7, 4, 101).
cost(7, 5, 14).
cost(7, 6, 9).
cost(7, 8, 17).
cost(7, 9, 76).
cost(7, 10, 78).
cost(7, 11, 83).
cost(7, 12, 81).
cost(7, 13, 27).
cost(7, 14, 35).
cost(7, 15, 30).
cost(7, 16, 36).
cost(7, 17, 68).
cost(7, 18, 66).
cost(7, 19, 66).
cost(7, 20, 62).
cost(7, 21, 65).
cost(7, 22, 61).
cost(8, 1, 87).
cost(8, 2, 88).
cost(8, 3, 79).
cost(8, 4, 91).
cost(8, 5, 23).
cost(8, 6, 17).
cost(8, 7, 17).
cost(8, 9, 62).
cost(8, 10, 63).
cost(8, 11, 67).
cost(8, 12, 65).
cost(8, 13, 29).
cost(8, 14, 38).
cost(8, 15, 34).
cost(8, 16, 37).
cost(8, 17, 62).
cost(8, 18, 61).
cost(8, 19, 58).
cost(8, 20, 54).
cost(8, 21, 59).
cost(8, 22, 52).
cost(9, 1, 42).
cost(9, 2, 32).
cost(9, 3, 32).
cost(9, 4, 44).
cost(9, 5, 73).
cost(9, 6, 71).
cost(9, 7, 76).
cost(9, 8, 62).
cost(9, 10, 11).
cost(9, 11, 17).
cost(9, 12, 22).
cost(9, 13, 63).
cost(9, 14, 67).
cost(9, 15, 68).
cost(9, 16, 62).
cost(9, 17, 44).
cost(9, 18, 50).
cost(9, 19, 38).
cost(9, 20, 36).
cost(9, 21, 45).
cost(9, 22, 33).
cost(10, 1, 52).
cost(10, 2, 41).
cost(10, 3, 43).
cost(10, 4, 54).
cost(10, 5, 77).
cost(10, 6, 75).
cost(10, 7, 78).
cost(10, 8, 63).
cost(10, 9, 11).
cost(10, 11, 7).
cost(10, 12, 11).
cost(10, 13, 69).
cost(10, 14, 74).
cost(10, 15, 75).
cost(10, 16, 69).
cost(10, 17, 55).
cost(10, 18, 60).
cost(10, 19, 49).
cost(10, 20, 46).
cost(10, 21, 55).
cost(10, 22, 43).
cost(11, 1, 57).
cost(11, 2, 45).
cost(11, 3, 48).
cost(11, 4, 59).
cost(11, 5, 82).
cost(11, 6, 80).
cost(11, 7, 83).
cost(11, 8, 67).
cost(11, 9, 17).
cost(11, 10, 7).
cost(11, 12, 6).
cost(11, 13, 75).
cost(11, 14, 80).
cost(11, 15, 81).
cost(11, 16, 76).
cost(11, 17, 62).
cost(11, 18, 67).
cost(11, 19, 56).
cost(11, 20, 53).
cost(11, 21, 62).
cost(11, 22, 50).
cost(12, 1, 62).
cost(12, 2, 50).
cost(12, 3, 53).
cost(12, 4, 64).
cost(12, 5, 81).
cost(12, 6, 78).
cost(12, 7, 81).
cost(12, 8, 65).
cost(12, 9, 22).
cost(12, 10, 11).
cost(12, 11, 6).
cost(12, 13, 75).
cost(12, 14, 80).
cost(12, 15, 81).
cost(12, 16, 76).
cost(12, 17, 65).
cost(12, 18, 70).
cost(12, 19, 59).
cost(12, 20, 56).
cost(12, 21, 65).
cost(12, 22, 52).
cost(13, 1, 74).
cost(13, 2, 80).
cost(13, 3, 68).
cost(13, 4, 78).
cost(13, 5, 15).
cost(13, 6, 19).
cost(13, 7, 27).
cost(13, 8, 29).
cost(13, 9, 63).
cost(13, 10, 69).
cost(13, 11, 75).
cost(13, 12, 75).
cost(13, 14, 9).
cost(13, 15, 6).
cost(13, 16, 9).
cost(13, 17, 43).
cost(13, 18, 40).
cost(13, 19, 42).
cost(13, 20, 39).
cost(13, 21, 40).
cost(13, 22, 39).
cost(14, 1, 72).
cost(14, 2, 80).
cost(14, 3, 67).
cost(14, 4, 76).
cost(14, 5, 21).
cost(14, 6, 27).
cost(14, 7, 35).
cost(14, 8, 38).
cost(14, 9, 67).
cost(14, 10, 74).
cost(14, 11, 80).
cost(14, 12, 80).
cost(14, 13, 9).
cost(14, 15, 6).
cost(14, 16, 4).
cost(14, 17, 40).
cost(14, 18, 36).
cost(14, 19, 40).
cost(14, 20, 38).
cost(14, 21, 36).
cost(14, 22, 38).
cost(15, 1, 77).
cost(15, 2, 83).
cost(15, 3, 71).
cost(15, 4, 80).
cost(15, 5, 16).
cost(15, 6, 21).
cost(15, 7, 30).
cost(15, 8, 34).
cost(15, 9, 68).
cost(15, 10, 75).
cost(15, 11, 81).
cost(15, 12, 81).
cost(15, 13, 6).
cost(15, 14, 6).
cost(15, 16, 8).
cost(15, 17, 44).
cost(15, 18, 41).
cost(15, 19, 44).
cost(15, 20, 42).
cost(15, 21, 41).
cost(15, 22, 42).
cost(16, 1, 68).
cost(16, 2, 76).
cost(16, 3, 63).
cost(16, 4, 72).
cost(16, 5, 23).
cost(16, 6, 27).
cost(16, 7, 36).
cost(16, 8, 37).
cost(16, 9, 62).
cost(16, 10, 69).
cost(16, 11, 76).
cost(16, 12, 76).
cost(16, 13, 9).
cost(16, 14, 4).
cost(16, 15, 8).
cost(16, 17, 36).
cost(16, 18, 32).
cost(16, 19, 36).
cost(16, 20, 34).
cost(16, 21, 33).
cost(16, 22, 34).
cost(17, 1, 33).
cost(17, 2, 43).
cost(17, 3, 30).
cost(17, 4, 36).
cost(17, 5, 57).
cost(17, 6, 60).
cost(17, 7, 68).
cost(17, 8, 62).
cost(17, 9, 44).
cost(17, 10, 55).
cost(17, 11, 62).
cost(17, 12, 65).
cost(17, 13, 43).
cost(17, 14, 40).
cost(17, 15, 44).
cost(17, 16, 36).
cost(17, 18, 6).
cost(17, 19, 6).
cost(17, 20, 11).
cost(17, 21, 3).
cost(17, 22, 14).
cost(18, 1, 38).
cost(18, 2, 49).
cost(18, 3, 36).
cost(18, 4, 41).
cost(18, 5, 54).
cost(18, 6, 58).
cost(18, 7, 66).
cost(18, 8, 61).
cost(18, 9, 50).
cost(18, 10, 60).
cost(18, 11, 67).
cost(18, 12, 70).
cost(18, 13, 40).
cost(18, 14, 36).
cost(18, 15, 41).
cost(18, 16, 32).
cost(18, 17, 6).
cost(18, 19, 11).
cost(18, 20, 14).
cost(18, 21, 5).
cost(18, 22, 18).
cost(19, 1, 33).
cost(19, 2, 41).
cost(19, 3, 28).
cost(19, 4, 36).
cost(19, 5, 56).
cost(19, 6, 58).
cost(19, 7, 66).
cost(19, 8, 58).
cost(19, 9, 38).
cost(19, 10, 49).
cost(19, 11, 56).
cost(19, 12, 59).
cost(19, 13, 42).
cost(19, 14, 40).
cost(19, 15, 44).
cost(19, 16, 36).
cost(19, 17, 6).
cost(19, 18, 11).
cost(19, 20, 5).
cost(19, 21, 7).
cost(19, 22, 8).
cost(20, 1, 36).
cost(20, 2, 42).
cost(20, 3, 30).
cost(20, 4, 39).
cost(20, 5, 52).
cost(20, 6, 54).
cost(20, 7, 62).
cost(20, 8, 54).
cost(20, 9, 36).
cost(20, 10, 46).
cost(20, 11, 53).
cost(20, 12, 56).
cost(20, 13, 39).
cost(20, 14, 38).
cost(20, 15, 42).
cost(20, 16, 34).
cost(20, 17, 11).
cost(20, 18, 14).
cost(20, 19, 5).
cost(20, 21, 10).
cost(20, 22, 3).
cost(21, 1, 36).
cost(21, 2, 46).
cost(21, 3, 32).
cost(21, 4, 39).
cost(21, 5, 54).
cost(21, 6, 57).
cost(21, 7, 65).
cost(21, 8, 59).
cost(21, 9, 45).
cost(21, 10, 55).
cost(21, 11, 62).
cost(21, 12, 65).
cost(21, 13, 40).
cost(21, 14, 36).
cost(21, 15, 41).
cost(21, 16, 33).
cost(21, 17, 3).
cost(21, 18, 5).
cost(21, 19, 7).
cost(21, 20, 10).
cost(21, 22, 13).
cost(22, 1, 36).
cost(22, 2, 41).
cost(22, 3, 30).
cost(22, 4, 40).
cost(22, 5, 52).
cost(22, 6, 53).
cost(22, 7, 61).
cost(22, 8, 52).
cost(22, 9, 33).
cost(22, 10, 43).
cost(22, 11, 50).
cost(22, 12, 52).
cost(22, 13, 39).
cost(22, 14, 38).
cost(22, 15, 42).
cost(22, 16, 34).
cost(22, 17, 14).
cost(22, 18, 18).
cost(22, 19, 8).
cost(22, 20, 3).
cost(22, 21, 13).
