dimension(22).
point(1, 14.1902744232, 74.7133898223).
point(2, 15.9263472244, 71.8255958068).
point(3, 9.9520227501, 62.0571821091).
point(4, 1.3045608925, 70.4488433693).
point(5, 51.255605824, 59.8974020419).
point(6, 49.8544300634, 67.4499629727).
point(7, 46.2829867836, 52.9540609861).
point(8, 39.4499048828, 50.4045765549).
point(9, 66.6381830126, 34.3032831776).
point(10, 75.5062782049, 31.7162012528).
point(11, 76.4164134153, 29.9550227636).
point(12, 88.5139704687, 35.0041276669).
point(13, 69.5979326422, 38.109083452).
point(14, 69.4789924305, 29.5420645227).
point(15, 92.5670306618, 78.2294550475).
point(16, 88.7958706329, 88.4850549526).
point(17, 99.2134822115, 78.0369375041).
point(18, 97.1090204571, 78.750208459).
point(19, 30.9856820388, 18.4077724091).
point(20, 23.8346873454, 15.6969231298).
point(21, 28.7429967884, 17.2810562447).
point(22, 15.6101306434, 12.0390679525).
cost(1, 2, 3).
cost(1, 3, 13).
cost(1, 4, 14).
cost(1, 5, 40).
cost(1, 6, 36).
cost(1, 7, 39).
cost(1, 8, 35).
cost(1, 9, 66).
cost(1, 10, 75).
cost(1, 11, 77).
cost(1, 12, 84).
cost(1, 13, 66).
cost(1, 14, 71).
cost(1, 15, 78).
cost(1, 16, 76).
cost(1, 17, 85).
cost(1, 18, 83).
cost(1, 19, 59).
cost(1, 20, 60).
cost(1, 21, 59).
cost(1, 22, 63).
cost(2, 1, 3).
cost(2, 3, 11).
cost(2, 4, 15).
cost(2, 5, 37).
cost(2, 6, 34).
cost(2, 7, 36).
cost(2, 8, 32).
cost(2, 9, 63).
cost(2, 10, 72).
cost(2, 11, 74).
cost(2, 12, 81).
cost(2, 13, 63).
cost(2, 14, 68).
cost(2, 15, 77).
cost(2, 16, 75).
cost(2, 17, 84).
cost(2, 18, 81).
cost(2, 19, 55).
cost(2, 20, 57).
cost(2, 21, 56).
cost(2, 22, 60).
cost(3, 1, 13).
cost(3, 2, 11).
cost(3, 4, 12).
cost(3, 5, 41).
cost(3, 6, 40).
cost(3, 7, 37).
cost(3, 8, 32).
cost(3, 9, 63).
cost(3, 10, 72).
cost(3, 11, 74).
cost(3, 12, 83).
cost(3, 13, 64).
cost(3, 14, 68).
cost(3, 15, 84).
cost(3, 16, 83).
cost(3, 17, 91).
cost(3, 18, 89).
cost(3, 19, 48).
cost(3, 20, 48).
cost(3, 21, 49).
cost(3, 22, 50).
cost(4, 1, 14).
cost(4, 2, 15).
cost(4, 3, 12).
cost(4, 5, 51).
cost(4, 6, 49).
cost(4, 7, 48).
cost(4, 8, 43).
cost(4, 9, 75).
cost(4, 10, 84).
cost(4, 11, 85).
cost(4, 12, 94).
cost(4, 13, 76).
cost(4, 14, 80).
cost(4, 15, 92).
cost(4, 16, 89).
cost(4, 17, 98).
cost(4, 18, 96).
cost(4, 19, 60).
cost(4, 20, 59).
cost(4, 21, 60).
cost(4, 22, 60).
cost(5, 1, 40).
cost(5, 2, 37).
cost(5, 3, 41).
cost(5, 4, 51).
cost(5, 6, 8).
cost(5, 7, 9).
cost(5, 8, 15).
cost(5, 9, 30).
cost(5, 10, 37).
cost(5, 11, 39).
cost(5, 12, 45).
cost(5, 13, 28).
cost(5, 14, 35).
cost(5, 15, 45).
cost(5, 16, 47).
cost(5, 17, 51).
cost(5, 18, 50).
cost(5, 19, 46).
cost(5, 20, 52).
cost(5, 21, 48).
cost(5, 22, 60).
cost(6, 1, 36).
cost(6, 2, 34).
cost(6, 3, 40).
cost(6, 4, 49).
cost(6, 5, 8).
cost(6, 7, 15).
cost(6, 8, 20).
cost(6, 9, 37).
cost(6, 10, 44).
cost(6, 11, 46).
cost(6, 12, 50).
cost(6, 13, 35).
cost(6, 14, 43).
cost(6, 15, 44).
cost(6, 16, 44).
cost(6, 17, 50).
cost(6, 18, 49).
cost(6, 19, 53).
cost(6, 20, 58).
cost(6, 21, 54).
cost(6, 22, 65).
cost(7, 1, 39).
cost(7, 2, 36).
cost(7, 3, 37).
cost(7, 4, 48).
cost(7, 5, 9).
cost(7, 6, 15).
cost(7, 8, 7).
cost(7, 9, 28).
cost(7, 10, 36).
cost(7, 11, 38).
cost(7, 12, 46).
cost(7, 13, 28).
cost(7, 14, 33).
cost(7, 15, 53).
cost(7, 16, 55).
cost(7, 17, 59).
cost(7, 18, 57).
cost(7, 19, 38).
cost(7, 20, 43).
cost(7, 21, 40).
cost(7, 22, 51).
cost(8, 1, 35).
cost(8, 2, 32).
cost(8, 3, 32).
cost(8, 4, 43).
cost(8, 5, 15).
cost(8, 6, 20).
cost(8, 7, 7).
cost(8, 9, 32).
cost(8, 10, 41).
cost(8, 11, 42).
cost(8, 12, 51).
cost(8, 13, 33).
cost(8, 14, 37).
cost(8, 15, 60).
cost(8, 16, 62).
cost(8, 17, 66).
cost(8, 18, 64).
cost(8, 19, 33).
cost(8, 20, 38).
cost(8, 21, 35).
cost(8, 22, 45).
cost(9, 1, 66).
cost(9, 2, 63).
cost(9, 3, 63).
cost(9, 4, 75).
cost(9, 5, 30).
cost(9, 6, 37).
cost(9, 7, 28).
cost(9, 8, 32).
cost(9, 10, 9).
cost(9, 11, 11).
cost(9, 12, 22).
cost(9, 13, 5).
cost(9, 14, 6).
cost(9, 15, 51).
cost(9, 16, 59).
cost(9, 17, 55).
cost(9, 18, 54).
cost(9, 19, 39).
cost(9, 20, 47).
cost(9, 21, 42).
cost(9, 22, 56).
cost(10, 1, 75).
cost(10, 2, 72).
cost(10, 3, 72).
cost(10, 4, 84).
cost(10, 5, 37).
cost(10, 6, 44).
cost(10, 7, 36).
cost(10, 8, 41).
cost(10, 9, 9).
cost(10, 11, 2).
cost(10, 12, 13).
cost(10, 13, 9).
cost(10, 14, 6).
cost(10, 15, 50).
cost(10, 16, 58).
cost(10, 17, 52).
cost(10, 18, 52).
cost(10, 19, 46).
cost(10, 20, 54).
cost(10, 21, 49).
cost(10, 22, 63).
cost(11, 1, 77).
cost(11, 2, 74).
cost(11, 3, 74).
cost(11, 4, 85).
cost(11, 5, 39).
cost(11, 6, 46).
cost(11, 7, 38).
cost(11, 8, 42).
cost(11, 9, 11).
cost(11, 10, 2).
cost(11, 12, 13).
cost(11, 13, 11).
cost(11, 14, 7).
cost(11, 15, 51).
cost(11, 16, 60).
cost(11, 17, 53).
cost(11, 18, 53).
cost(11, 19, 47).
cost(11, 20, 54).
cost(11, 21, 49).
cost(11, 22, 63).
cost(12, 1, 84).
cost(12, 2, 81).
cost(12, 3, 83).
cost(12, 4, 94).
cost(12, 5, 45).
cost(12, 6, 50).
cost(12, 7, 46).
cost(12, 8, 51).
cost(12, 9, 22).
cost(12, 10, 13).
cost(12, 11, 13).
cost(12, 13, 19).
cost(12, 14, 20).
cost(12, 15, 43).
cost(12, 16, 53).
cost(12, 17, 44).
cost(12, 18, 45).
cost(12, 19, 60).
cost(12, 20, 67).
cost(12, 21, 62).
cost(12, 22, 76).
cost(13, 1, 66).
cost(13, 2, 63).
cost(13, 3, 64).
cost(13, 4, 76).
cost(13, 5, 28).
cost(13, 6, 35).
cost(13, 7, 28).
cost(13, 8, 33).
cost(13, 9, 5).
cost(13, 10, 9).
cost(13, 11, 11).
cost(13, 12, 19).
cost(13, 14, 9).
cost(13, 15, 46).
cost(13, 16, 54).
cost(13, 17, 50).
cost(13, 18, 49).
cost(13, 19, 43).
cost(13, 20, 51).
cost(13, 21, 46).
cost(13, 22, 60).
cost(14, 1, 71).
cost(14, 2, 68).
cost(14, 3, 68).
cost(14, 4, 80).
cost(14, 5, 35).
cost(14, 6, 43).
cost(14, 7, 33).
cost(14, 8, 37).
cost(14, 9, 6).
cost(14, 10, 6).
cost(14, 11, 7).
cost(14, 12, 20).
cost(14, 13, 9).
cost(14, 15, 54).
cost(14, 16, 62).
cost(14, 17, 57).
cost(14, 18, 56).
cost(14, 19, 40).
cost(14, 20, 48).
cost(14, 21, 43).
cost(14, 22, 57).
cost(15, 1, 78).
cost(15, 2, 77).
cost(15, 3, 84).
cost(15, 4, 92).
cost(15, 5, 45).
cost(15, 6, 44).
cost(15, 7, 53).
cost(15, 8, 60).
cost(15, 9, 51).
cost(15, 10, 50).
cost(15, 11, 51).
cost(15, 12, 43).
cost(15, 13, 46).
cost(15, 14, 54).
cost(15, 16, 11).
cost(15, 17, 7).
cost(15, 18, 5).
cost(15, 19, 86).
cost(15, 20, 93).
cost(15, 21, 88).
cost(15, 22, 102).
cost(16, 1, 76).
cost(16, 2, 75).
cost(16, 3, 83).
cost(16, 4, 89).
cost(16, 5, 47).
cost(16, 6, 44).
cost(16, 7, 55).
cost(16, 8, 62).
cost(16, 9, 59).
cost(16, 10, 58).
cost(16, 11, 60).
cost(16, 12, 53).
cost(16, 13, 54).
cost(16, 14, 62).
cost(16, 15, 11).
cost(16, 17, 15).
cost(16, 18, 13).
cost(16, 19, 91).
cost(16, 20, 98).
cost(16, 21, 93).
cost(16, 22, 106).
cost(17, 1, 85).
cost(17, 2, 84).
cost(17, 3, 91).
cost(17, 4, 98).
cost(17, 5, 51).
cost(17, 6, 50).
cost(17, 7, 59).
cost(17, 8, 66).
cost(17, 9, 55).
cost(17, 10, 52).
cost(17, 11, 53).
cost(17, 12, 44).
cost(17, 13, 50).
cost(17, 14, 57).
cost(17, 15, 7).
cost(17, 16, 15).
cost(17, 18, 2).
cost(17, 19, 91).
cost(17, 20, 98).
cost(17, 21, 93).
cost(17, 22, 107).
cost(18, 1, 83).
cost(18, 2, 81).
cost(18, 3, 89).
cost(18, 4, 96).
cost(18, 5, 50).
cost(18, 6, 49).
cost(18, 7, 57).
cost(18, 8, 64).
cost(18, 9, 54).
cost(18, 10, 52).
cost(18, 11, 53).
cost(18, 12, 45).
cost(18, 13, 49).
cost(18, 14, 56).
cost(18, 15, 5).
cost(18, 16, 13).
cost(18, 17, 2).
cost(18, 19, 90).
cost(18, 20, 97).
cost(18, 21, 92).
cost(18, 22, 105).
cost(19, 1, 59).
cost(19, 2, 55).
cost(19, 3, 48).
cost(19, 4, 60).
cost(19, 5, 46).
cost(19, 6, 53).
cost(19, 7, 38).
cost(19, 8, 33).
cost(19, 9, 39).
cost(19, 10, 46).
cost(19, 11, 47).
cost(19, 12, 60).
cost(19, 13, 43).
cost(19, 14, 40).
cost(19, 15, 86).
cost(19, 16, 91).
cost(19, 17, 91).
cost(19, 18, 90).
cost(19, 20, 8).
cost(19, 21, 3).
cost(19, 22, 17).
cost(20, 1, 60).
cost(20, 2, 57).
cost(20, 3, 48).
cost(20, 4, 59).
cost(20, 5, 52).
cost(20, 6, 58).
cost(20, 7, 43).
cost(20, 8, 38).
cost(20, 9, 47).
cost(20, 10, 54).
cost(20, 11, 54).
cost(20, 12, 67).
cost(20, 13, 51).
cost(20, 14, 48).
cost(20, 15, 93).
cost(20, 16, 98).
cost(20, 17, 98).
cost(20, 18, 97).
cost(20, 19, 8).
cost(20, 21, 5).
cost(20, 22, 9).
cost(21, 1, 59).
cost(21, 2, 56).
cost(21, 3, 49).
cost(21, 4, 60).
cost(21, 5, 48).
cost(21, 6, 54).
cost(21, 7, 40).
cost(21, 8, 35).
cost(21, 9, 42).
cost(21, 10, 49).
cost(21, 11, 49).
cost(21, 12, 62).
cost(21, 13, 46).
cost(21, 14, 43).
cost(21, 15, 88).
cost(21, 16, 93).
cost(21, 17, 93).
cost(21, 18, 92).
cost(21, 19, 3).
cost(21, 20, 5).
cost(21, 22, 14).
cost(22, 1, 63).
cost(22, 2, 60).
cost(22, 3, 50).
cost(22, 4, 60).
cost(22, 5, 60).
cost(22, 6, 65).
cost(22, 7, 51).
cost(22, 8, 45).
cost(22, 9, 56).
cost(22, 10, 63).
cost(22, 11, 63).
cost(22, 12, 76).
cost(22, 13, 60).
cost(22, 14, 57).
cost(22, 15, 102).
cost(22, 16, 106).
cost(22, 17, 107).
cost(22, 18, 105).
cost(22, 19, 17).
cost(22, 20, 9).
cost(22, 21, 14).
