dimension(22).
point(1, 41.567876844, 8.539134933).
point(2, 34.2886077529, 2.6842985463).
point(3, 34.4411995938, 2.9128005887).
point(4, 40.2855853298, 5.4704330893).
point(5, 70.0902715404, 81.7145799173).
point(6, 74.8757196801, 93.6233254369).
point(7, 81.4240003811, 96.2871307995).
point(8, 72.7576242623, 94.0803824676).
point(9, 46.267517636, 22.2309977383).
point(10, 40.4533292058, 20.5156492284).
point(11, 43.0775844292, 25.6280778138).
point(12, 51.7550164703, 23.4368450892).
point(13, 92.8061012425, 38.503975935).
point(14, 97.0202909055, 37.0968588706).
point(15, 86.9704566706, 38.4319983805).
point(16, 90.8093008013, 34.4034386959).
point(17, 7.2469815228, 62.1253178517).
point(18, 1.5736807162, 70.6429557665).
point(19, 4.863581509, 62.3865034252).
point(20, 5.7792533798, 68.1831574044).
point(21, 4.4359698675, 70.1917205598).
point(22, 6.4827224593, 64.6379133125).
cost(1, 2, 9).
cost(1, 3, 9).
cost(1, 4, 3).
cost(1, 5, 79).
cost(1, 6, 91).
cost(1, 7, 96).
cost(1, 8, 91).
cost(1, 9, 14).
cost(1, 10, 12).
cost(1, 11, 17).
cost(1, 12, 18).
cost(1, 13, 59).
cost(1, 14, 62).
cost(1, 15, 54).
cost(1, 16, 56).
cost(1, 17, 64).
cost(1, 18, 74).
cost(1, 19, 65).
cost(1, 20, 70).
cost(1, 21, 72).
cost(1, 22, 66).
cost(2, 1, 9).
cost(2, 3, 0).
cost(2, 4, 7).
cost(2, 5, 87).
cost(2, 6, 100).
cost(2, 7, 105).
cost(2, 8, 99).
cost(2, 9, 23).
cost(2, 10, 19).
cost(2, 11, 25).
cost(2, 12, 27).
cost(2, 13, 69).
cost(2, 14, 72).
cost(2, 15, 64).
cost(2, 16, 65).
cost(2, 17, 65).
cost(2, 18, 75).
cost(2, 19, 67).
cost(2, 20, 71).
cost(2, 21, 74).
cost(2, 22, 68).
cost(3, 1, 9).
cost(3, 2, 0).
cost(3, 4, 6).
cost(3, 5, 86).
cost(3, 6, 99).
cost(3, 7, 105).
cost(3, 8, 99).
cost(3, 9, 23).
cost(3, 10, 19).
cost(3, 11, 24).
cost(3, 12, 27).
cost(3, 13, 68).
cost(3, 14, 71).
cost(3, 15, 63).
cost(3, 16, 65).
cost(3, 17, 65).
cost(3, 18, 75).
cost(3, 19, 66).
cost(3, 20, 71).
cost(3, 21, 74).
cost(3, 22, 68).
cost(4, 1, 3).
cost(4, 2, 7).
cost(4, 3, 6).
cost(4, 5, 82).
cost(4, 6, 95).
cost(4, 7, 100).
cost(4, 8, 94).
cost(4, 9, 18).
cost(4, 10, 15).
cost(4, 11, 20).
cost(4, 12, 21).
cost(4, 13, 62).
cost(4, 14, 65).
cost(4, 15, 57).
cost(4, 16, 58).
cost(4, 17, 66).
cost(4, 18, 76).
cost(4, 19, 67).
cost(4, 20, 72).
cost(4, 21, 74).
cost(4, 22, 68).
cost(5, 1, 79).
cost(5, 2, 87).
cost(5, 3, 86).
cost(5, 4, 82).
cost(5, 6, 13).
cost(5, 7, 18).
cost(5, 8, 13).
cost(5, 9, 64).
cost(5, 10, 68).
cost(5, 11, 62).
cost(5, 12, 61).
cost(5, 13, 49).
cost(5, 14, 52).
cost(5, 15, 46).
cost(5, 16, 52).
cost(5, 17, 66).
cost(5, 18, 69).
cost(5, 19, 68).
cost(5, 20, 66).
cost(5, 21, 67).
cost(5, 22, 66).
cost(6, 1, 91).
cost(6, 2, 100).
cost(6, 3, 99).
cost(6, 4, 95).
cost(6, 5, 13).
cost(6, 7, 7).
cost(6, 8, 2).
cost(6, 9, 77).
cost(6, 10, 81).
cost(6, 11, 75).
cost(6, 12, 74).
cost(6, 13, 58).
cost(6, 14, 61).
cost(6, 15, 57).
cost(6, 16, 61).
cost(6, 17, 75).
cost(6, 18, 77).
cost(6, 19, 77).
cost(6, 20, 74).
cost(6, 21, 74).
cost(6, 22, 74).
cost(7, 1, 96).
cost(7, 2, 105).
cost(7, 3, 105).
cost(7, 4, 100).
cost(7, 5, 18).
cost(7, 6, 7).
cost(7, 8, 9).
cost(7, 9, 82).
cost(7, 10, 86).
cost(7, 11, 80).
cost(7, 12, 79).
cost(7, 13, 59).
cost(7, 14, 61).
cost(7, 15, 58).
cost(7, 16, 63).
cost(7, 17, 82).
cost(7, 18, 84).
cost(7, 19, 84).
cost(7, 20, 81).
cost(7, 21, 81).
cost(7, 22, 81).
cost(8, 1, 91).
cost(8, 2, 99).
cost(8, 3, 99).
cost(8, 4, 94).
cost(8, 5, 13).
cost(8, 6, 2).
cost(8, 7, 9).
cost(8, 9, 77).
cost(8, 10, 80).
cost(8, 11, 75).
cost(8, 12, 74).
cost(8, 13, 59).
cost(8, 14, 62).
cost(8, 15, 57).
cost(8, 16, 62).
cost(8, 17, 73).
cost(8, 18, 75).
cost(8, 19, 75).
cost(8, 20, 72).
cost(8, 21, 72).
cost(8, 22, 73).
cost(9, 1, 14).
cost(9, 2, 23).
cost(9, 3, 23).
cost(9, 4, 18).
cost(9, 5, 64).
cost(9, 6, 77).
cost(9, 7, 82).
cost(9, 8, 77).
cost(9, 10, 6).
cost(9, 11, 5).
cost(9, 12, 6).
cost(9, 13, 49).
cost(9, 14, 53).
cost(9, 15, 44).
cost(9, 16, 46).
cost(9, 17, 56).
cost(9, 18, 66).
cost(9, 19, 58).
cost(9, 20, 61).
cost(9, 21, 64).
cost(9, 22, 58).
cost(10, 1, 12).
cost(10, 2, 19).
cost(10, 3, 19).
cost(10, 4, 15).
cost(10, 5, 68).
cost(10, 6, 81).
cost(10, 7, 86).
cost(10, 8, 80).
cost(10, 9, 6).
cost(10, 11, 6).
cost(10, 12, 12).
cost(10, 13, 55).
cost(10, 14, 59).
cost(10, 15, 50).
cost(10, 16, 52).
cost(10, 17, 53).
cost(10, 18, 63).
cost(10, 19, 55).
cost(10, 20, 59).
cost(10, 21, 61).
cost(10, 22, 56).
cost(11, 1, 17).
cost(11, 2, 25).
cost(11, 3, 24).
cost(11, 4, 20).
cost(11, 5, 62).
cost(11, 6, 75).
cost(11, 7, 80).
cost(11, 8, 75).
cost(11, 9, 5).
cost(11, 10, 6).
cost(11, 12, 9).
cost(11, 13, 51).
cost(11, 14, 55).
cost(11, 15, 46).
cost(11, 16, 49).
cost(11, 17, 51).
cost(11, 18, 61).
cost(11, 19, 53).
cost(11, 20, 57).
cost(11, 21, 59).
cost(11, 22, 53).
cost(12, 1, 18).
cost(12, 2, 27).
cost(12, 3, 27).
cost(12, 4, 21).
cost(12, 5, 61).
cost(12, 6, 74).
cost(12, 7, 79).
cost(12, 8, 74).
cost(12, 9, 6).
cost(12, 10, 12).
cost(12, 11, 9).
cost(12, 13, 44).
cost(12, 14, 47).
cost(12, 15, 38).
cost(12, 16, 41).
cost(12, 17, 59).
cost(12, 18, 69).
cost(12, 19, 61).
cost(12, 20, 64).
cost(12, 21, 67).
cost(12, 22, 61).
cost(13, 1, 59).
cost(13, 2, 69).
cost(13, 3, 68).
cost(13, 4, 62).
cost(13, 5, 49).
cost(13, 6, 58).
cost(13, 7, 59).
cost(13, 8, 59).
cost(13, 9, 49).
cost(13, 10, 55).
cost(13, 11, 51).
cost(13, 12, 44).
cost(13, 14, 4).
cost(13, 15, 6).
cost(13, 16, 5).
cost(13, 17, 89).
cost(13, 18, 97).
cost(13, 19, 91).
cost(13, 20, 92).
cost(13, 21, 94).
cost(13, 22, 90).
cost(14, 1, 62).
cost(14, 2, 72).
cost(14, 3, 71).
cost(14, 4, 65).
cost(14, 5, 52).
cost(14, 6, 61).
cost(14, 7, 61).
cost(14, 8, 62).
cost(14, 9, 53).
cost(14, 10, 59).
cost(14, 11, 55).
cost(14, 12, 47).
cost(14, 13, 4).
cost(14, 15, 10).
cost(14, 16, 7).
cost(14, 17, 93).
cost(14, 18, 101).
cost(14, 19, 96).
cost(14, 20, 96).
cost(14, 21, 98).
cost(14, 22, 95).
cost(15, 1, 54).
cost(15, 2, 64).
cost(15, 3, 63).
cost(15, 4, 57).
cost(15, 5, 46).
cost(15, 6, 57).
cost(15, 7, 58).
cost(15, 8, 57).
cost(15, 9, 44).
cost(15, 10, 50).
cost(15, 11, 46).
cost(15, 12, 38).
cost(15, 13, 6).
cost(15, 14, 10).
cost(15, 16, 6).
cost(15, 17, 83).
cost(15, 18, 91).
cost(15, 19, 86).
cost(15, 20, 86).
cost(15, 21, 88).
cost(15, 22, 85).
cost(16, 1, 56).
cost(16, 2, 65).
cost(16, 3, 65).
cost(16, 4, 58).
cost(16, 5, 52).
cost(16, 6, 61).
cost(16, 7, 63).
cost(16, 8, 62).
cost(16, 9, 46).
cost(16, 10, 52).
cost(16, 11, 49).
cost(16, 12, 41).
cost(16, 13, 5).
cost(16, 14, 7).
cost(16, 15, 6).
cost(16, 17, 88).
cost(16, 18, 96).
cost(16, 19, 90).
cost(16, 20, 91).
cost(16, 21, 93).
cost(16, 22, 90).
cost(17, 1, 64).
cost(17, 2, 65).
cost(17, 3, 65).
cost(17, 4, 66).
cost(17, 5, 66).
cost(17, 6, 75).
cost(17, 7, 82).
cost(17, 8, 73).
cost(17, 9, 56).
cost(17, 10, 53).
cost(17, 11, 51).
cost(17, 12, 59).
cost(17, 13, 89).
cost(17, 14, 93).
cost(17, 15, 83).
cost(17, 16, 88).
cost(17, 18, 10).
cost(17, 19, 2).
cost(17, 20, 6).
cost(17, 21, 9).
cost(17, 22, 3).
cost(18, 1, 74).
cost(18, 2, 75).
cost(18, 3, 75).
cost(18, 4, 76).
cost(18, 5, 69).
cost(18, 6, 77).
cost(18, 7, 84).
cost(18, 8, 75).
cost(18, 9, 66).
cost(18, 10, 63).
cost(18, 11, 61).
cost(18, 12, 69).
cost(18, 13, 97).
cost(18, 14, 101).
cost(18, 15, 91).
cost(18, 16, 96).
cost(18, 17, 10).
cost(18, 19, 9).
cost(18, 20, 5).
cost(18, 21, 3).
cost(18, 22, 8).
cost(19, 1, 65).
cost(19, 2, 67).
cost(19, 3, 66).
cost(19, 4, 67).
cost(19, 5, 68).
cost(19, 6, 77).
cost(19, 7, 84).
cost(19, 8, 75).
cost(19, 9, 58).
cost(19, 10, 55).
cost(19, 11, 53).
cost(19, 12, 61).
cost(19, 13, 91).
cost(19, 14, 96).
cost(19, 15, 86).
cost(19, 16, 90).
cost(19, 17, 2).
cost(19, 18, 9).
cost(19, 20, 6).
cost(19, 21, 8).
cost(19, 22, 3).
cost(20, 1, 70).
cost(20, 2, 71).
cost(20, 3, 71).
cost(20, 4, 72).
cost(20, 5, 66).
cost(20, 6, 74).
cost(20, 7, 81).
cost(20, 8, 72).
cost(20, 9, 61).
cost(20, 10, 59).
cost(20, 11, 57).
cost(20, 12, 64).
cost(20, 13, 92).
cost(20, 14, 96).
cost(20, 15, 86).
cost(20, 16, 91).
cost(20, 17, 6).
cost(20, 18, 5).
cost(20, 19, 6).
cost(20, 21, 2).
cost(20, 22, 4).
cost(21, 1, 72).
cost(21, 2, 74).
cost(21, 3, 74).
cost(21, 4, 74).
cost(21, 5, 67).
cost(21, 6, 74).
cost(21, 7, 81).
cost(21, 8, 72).
cost(21, 9, 64).
cost(21, 10, 61).
cost(21, 11, 59).
cost(21, 12, 67).
cost(21, 13, 94).
cost(21, 14, 98).
cost(21, 15, 88).
cost(21, 16, 93).
cost(21, 17, 9).
cost(21, 18, 3).
cost(21, 19, 8).
cost(21, 20, 2).
cost(21, 22, 6).
cost(22, 1, 66).
cost(22, 2, 68).
cost(22, 3, 68).
cost(22, 4, 68).
cost(22, 5, 66).
cost(22, 6, 74).
cost(22, 7, 81).
cost(22, 8, 73).
cost(22, 9, 58).
cost(22, 10, 56).
cost(22, 11, 53).
cost(22, 12, 61).
cost(22, 13, 90).
cost(22, 14, 95).
cost(22, 15, 85).
cost(22, 16, 90).
cost(22, 17, 3).
cost(22, 18, 8).
cost(22, 19, 3).
cost(22, 20, 4).
cost(22, 21, 6).
