dimension(24).
point(1, 56.5428386515, 17.1688484476).
point(2, 24.7454853728, 47.8975500006).
point(3, 60.9083969875, 76.1260317185).
point(4, 22.487871093, 59.9624513062).
point(5, 90.912669129, 67.6045448227).
point(6, 28.8200074799, 35.3156067403).
point(7, 17.0400050802, 8.7547510467).
point(8, 89.7155905879, 73.8659117131).
point(9, 92.8039139675, 60.774321868).
point(10, 16.7366229707, 57.3695965164).
point(11, 35.2621176242, 52.2028689711).
point(12, 47.4165394389, 36.1640613881).
point(13, 16.1457048474, 24.9531797636).
point(14, 79.2865109444, 71.0884627005).
point(15, 71.5588823051, 68.2877914574).
point(16, 23.5303688596, 30.6963710749).
point(17, 90.1692911811, 22.2521199615).
point(18, 82.2291298494, 42.8852619196).
point(19, 78.8498644807, 39.490179542).
point(20, 12.3619214066, 11.0590807657).
point(21, 97.803725421, 43.9858821385).
point(22, 84.0519711565, 73.4800174402).
point(23, 71.9889295787, 73.2141201948).
point(24, 37.6592534343, 24.7116726692).
cost(1, 2, 44).
cost(1, 3, 59).
cost(1, 4, 55).
cost(1, 5, 61).
cost(1, 6, 33).
cost(1, 7, 40).
cost(1, 8, 66).
cost(1, 9, 57).
cost(1, 10, 57).
cost(1, 11, 41).
cost(1, 12, 21).
cost(1, 13, 41).
cost(1, 14, 59).
cost(1, 15, 53).
cost(1, 16, 36).
cost(1, 17, 34).
cost(1, 18, 36).
cost(1, 19, 32).
cost(1, 20, 45).
cost(1, 21, 49).
cost(1, 22, 63).
cost(1, 23, 58).
cost(1, 24, 20).
cost(2, 1, 44).
cost(2, 3, 46).
cost(2, 4, 12).
cost(2, 5, 69).
cost(2, 6, 13).
cost(2, 7, 40).
cost(2, 8, 70).
cost(2, 9, 69).
cost(2, 10, 12).
cost(2, 11, 11).
cost(2, 12, 26).
cost(2, 13, 25).
cost(2, 14, 59).
cost(2, 15, 51).
cost(2, 16, 17).
cost(2, 17, 70).
cost(2, 18, 58).
cost(2, 19, 55).
cost(2, 20, 39).
cost(2, 21, 73).
cost(2, 22, 65).
cost(2, 23, 54).
cost(2, 24, 27).
cost(3, 1, 59).
cost(3, 2, 46).
cost(3, 4, 42).
cost(3, 5, 31).
cost(3, 6, 52).
cost(3, 7, 80).
cost(3, 8, 29).
cost(3, 9, 35).
cost(3, 10, 48).
cost(3, 11, 35).
cost(3, 12, 42).
cost(3, 13, 68).
cost(3, 14, 19).
cost(3, 15, 13).
cost(3, 16, 59).
cost(3, 17, 61).
cost(3, 18, 39).
cost(3, 19, 41).
cost(3, 20, 81).
cost(3, 21, 49).
cost(3, 22, 23).
cost(3, 23, 11).
cost(3, 24, 56).
cost(4, 1, 55).
cost(4, 2, 12).
cost(4, 3, 42).
cost(4, 5, 69).
cost(4, 6, 25).
cost(4, 7, 51).
cost(4, 8, 69).
cost(4, 9, 70).
cost(4, 10, 6).
cost(4, 11, 15).
cost(4, 12, 34).
cost(4, 13, 36).
cost(4, 14, 58).
cost(4, 15, 50).
cost(4, 16, 29).
cost(4, 17, 77).
cost(4, 18, 62).
cost(4, 19, 60).
cost(4, 20, 50).
cost(4, 21, 77).
cost(4, 22, 63).
cost(4, 23, 51).
cost(4, 24, 38).
cost(5, 1, 61).
cost(5, 2, 69).
cost(5, 3, 31).
cost(5, 4, 69).
cost(5, 6, 70).
cost(5, 7, 94).
cost(5, 8, 6).
cost(5, 9, 7).
cost(5, 10, 75).
cost(5, 11, 58).
cost(5, 12, 54).
cost(5, 13, 86).
cost(5, 14, 12).
cost(5, 15, 19).
cost(5, 16, 77).
cost(5, 17, 45).
cost(5, 18, 26).
cost(5, 19, 31).
cost(5, 20, 97).
cost(5, 21, 25).
cost(5, 22, 9).
cost(5, 23, 20).
cost(5, 24, 68).
cost(6, 1, 33).
cost(6, 2, 13).
cost(6, 3, 52).
cost(6, 4, 25).
cost(6, 5, 70).
cost(6, 7, 29).
cost(6, 8, 72).
cost(6, 9, 69).
cost(6, 10, 25).
cost(6, 11, 18).
cost(6, 12, 19).
cost(6, 13, 16).
cost(6, 14, 62).
cost(6, 15, 54).
cost(6, 16, 7).
cost(6, 17, 63).
cost(6, 18, 54).
cost(6, 19, 50).
cost(6, 20, 29).
cost(6, 21, 70).
cost(6, 22, 67).
cost(6, 23, 57).
cost(6, 24, 14).
cost(7, 1, 40).
cost(7, 2, 40).
cost(7, 3, 80).
cost(7, 4, 51).
cost(7, 5, 94).
cost(7, 6, 29).
cost(7, 8, 98).
cost(7, 9, 92).
cost(7, 10, 49).
cost(7, 11, 47).
cost(7, 12, 41).
cost(7, 13, 16).
cost(7, 14, 88).
cost(7, 15, 81).
cost(7, 16, 23).
cost(7, 17, 74).
cost(7, 18, 74).
cost(7, 19, 69).
cost(7, 20, 5).
cost(7, 21, 88).
cost(7, 22, 93).
cost(7, 23, 85).
cost(7, 24, 26).
cost(8, 1, 66).
cost(8, 2, 70).
cost(8, 3, 29).
cost(8, 4, 69).
cost(8, 5, 6).
cost(8, 6, 72).
cost(8, 7, 98).
cost(8, 9, 13).
cost(8, 10, 75).
cost(8, 11, 59).
cost(8, 12, 57).
cost(8, 13, 88).
cost(8, 14, 11).
cost(8, 15, 19).
cost(8, 16, 79).
cost(8, 17, 52).
cost(8, 18, 32).
cost(8, 19, 36).
cost(8, 20, 100).
cost(8, 21, 31).
cost(8, 22, 6).
cost(8, 23, 18).
cost(8, 24, 72).
cost(9, 1, 57).
cost(9, 2, 69).
cost(9, 3, 35).
cost(9, 4, 70).
cost(9, 5, 7).
cost(9, 6, 69).
cost(9, 7, 92).
cost(9, 8, 13).
cost(9, 10, 76).
cost(9, 11, 58).
cost(9, 12, 52).
cost(9, 13, 85).
cost(9, 14, 17).
cost(9, 15, 23).
cost(9, 16, 76).
cost(9, 17, 39).
cost(9, 18, 21).
cost(9, 19, 25).
cost(9, 20, 95).
cost(9, 21, 18).
cost(9, 22, 15).
cost(9, 23, 24).
cost(9, 24, 66).
cost(10, 1, 57).
cost(10, 2, 12).
cost(10, 3, 48).
cost(10, 4, 6).
cost(10, 5, 75).
cost(10, 6, 25).
cost(10, 7, 49).
cost(10, 8, 75).
cost(10, 9, 76).
cost(10, 11, 19).
cost(10, 12, 37).
cost(10, 13, 32).
cost(10, 14, 64).
cost(10, 15, 56).
cost(10, 16, 28).
cost(10, 17, 81).
cost(10, 18, 67).
cost(10, 19, 65).
cost(10, 20, 47).
cost(10, 21, 82).
cost(10, 22, 69).
cost(10, 23, 57).
cost(10, 24, 39).
cost(11, 1, 41).
cost(11, 2, 11).
cost(11, 3, 35).
cost(11, 4, 15).
cost(11, 5, 58).
cost(11, 6, 18).
cost(11, 7, 47).
cost(11, 8, 59).
cost(11, 9, 58).
cost(11, 10, 19).
cost(11, 12, 20).
cost(11, 13, 33).
cost(11, 14, 48).
cost(11, 15, 40).
cost(11, 16, 24).
cost(11, 17, 63).
cost(11, 18, 48).
cost(11, 19, 45).
cost(11, 20, 47).
cost(11, 21, 63).
cost(11, 22, 53).
cost(11, 23, 42).
cost(11, 24, 28).
cost(12, 1, 21).
cost(12, 2, 26).
cost(12, 3, 42).
cost(12, 4, 34).
cost(12, 5, 54).
cost(12, 6, 19).
cost(12, 7, 41).
cost(12, 8, 57).
cost(12, 9, 52).
cost(12, 10, 37).
cost(12, 11, 20).
cost(12, 13, 33).
cost(12, 14, 47).
cost(12, 15, 40).
cost(12, 16, 25).
cost(12, 17, 45).
cost(12, 18, 35).
cost(12, 19, 32).
cost(12, 20, 43).
cost(12, 21, 51).
cost(12, 22, 52).
cost(12, 23, 44).
cost(12, 24, 15).
cost(13, 1, 41).
cost(13, 2, 25).
cost(13, 3, 68).
cost(13, 4, 36).
cost(13, 5, 86).
cost(13, 6, 16).
cost(13, 7, 16).
cost(13, 8, 88).
cost(13, 9, 85).
cost(13, 10, 32).
cost(13, 11, 33).
cost(13, 12, 33).
cost(13, 14, 78).
cost(13, 15, 70).
cost(13, 16, 9).
cost(13, 17, 74).
cost(13, 18, 68).
cost(13, 19, 64).
cost(13, 20, 14).
cost(13, 21, 84).
cost(13, 22, 83).
cost(13, 23, 74).
cost(13, 24, 22).
cost(14, 1, 59).
cost(14, 2, 59).
cost(14, 3, 19).
cost(14, 4, 58).
cost(14, 5, 12).
cost(14, 6, 62).
cost(14, 7, 88).
cost(14, 8, 11).
cost(14, 9, 17).
cost(14, 10, 64).
cost(14, 11, 48).
cost(14, 12, 47).
cost(14, 13, 78).
cost(14, 15, 8).
cost(14, 16, 69).
cost(14, 17, 50).
cost(14, 18, 28).
cost(14, 19, 32).
cost(14, 20, 90).
cost(14, 21, 33).
cost(14, 22, 5).
cost(14, 23, 8).
cost(14, 24, 62).
cost(15, 1, 53).
cost(15, 2, 51).
cost(15, 3, 13).
cost(15, 4, 50).
cost(15, 5, 19).
cost(15, 6, 54).
cost(15, 7, 81).
cost(15, 8, 19).
cost(15, 9, 23).
cost(15, 10, 56).
cost(15, 11, 40).
cost(15, 12, 40).
cost(15, 13, 70).
cost(15, 14, 8).
cost(15, 16, 61).
cost(15, 17, 50).
cost(15, 18, 28).
cost(15, 19, 30).
cost(15, 20, 82).
cost(15, 21, 36).
cost(15, 22, 14).
cost(15, 23, 5).
cost(15, 24, 55).
cost(16, 1, 36).
cost(16, 2, 17).
cost(16, 3, 59).
cost(16, 4, 29).
cost(16, 5, 77).
cost(16, 6, 7).
cost(16, 7, 23).
cost(16, 8, 79).
cost(16, 9, 76).
cost(16, 10, 28).
cost(16, 11, 24).
cost(16, 12, 25).
cost(16, 13, 9).
cost(16, 14, 69).
cost(16, 15, 61).
cost(16, 17, 67).
cost(16, 18, 60).
cost(16, 19, 56).
cost(16, 20, 23).
cost(16, 21, 75).
cost(16, 22, 74).
cost(16, 23, 64).
cost(16, 24, 15).
cost(17, 1, 34).
cost(17, 2, 70).
cost(17, 3, 61).
cost(17, 4, 77).
cost(17, 5, 45).
cost(17, 6, 63).
cost(17, 7, 74).
cost(17, 8, 52).
cost(17, 9, 39).
cost(17, 10, 81).
cost(17, 11, 63).
cost(17, 12, 45).
cost(17, 13, 74).
cost(17, 14, 50).
cost(17, 15, 50).
cost(17, 16, 67).
cost(17, 18, 22).
cost(17, 19, 21).
cost(17, 20, 79).
cost(17, 21, 23).
cost(17, 22, 52).
cost(17, 23, 54).
cost(17, 24, 53).
cost(18, 1, 36).
cost(18, 2, 58).
cost(18, 3, 39).
cost(18, 4, 62).
cost(18, 5, 26).
cost(18, 6, 54).
cost(18, 7, 74).
cost(18, 8, 32).
cost(18, 9, 21).
cost(18, 10, 67).
cost(18, 11, 48).
cost(18, 12, 35).
cost(18, 13, 68).
cost(18, 14, 28).
cost(18, 15, 28).
cost(18, 16, 60).
cost(18, 17, 22).
cost(18, 19, 5).
cost(18, 20, 77).
cost(18, 21, 16).
cost(18, 22, 31).
cost(18, 23, 32).
cost(18, 24, 48).
cost(19, 1, 32).
cost(19, 2, 55).
cost(19, 3, 41).
cost(19, 4, 60).
cost(19, 5, 31).
cost(19, 6, 50).
cost(19, 7, 69).
cost(19, 8, 36).
cost(19, 9, 25).
cost(19, 10, 65).
cost(19, 11, 45).
cost(19, 12, 32).
cost(19, 13, 64).
cost(19, 14, 32).
cost(19, 15, 30).
cost(19, 16, 56).
cost(19, 17, 21).
cost(19, 18, 5).
cost(19, 20, 72).
cost(19, 21, 19).
cost(19, 22, 34).
cost(19, 23, 34).
cost(19, 24, 44).
cost(20, 1, 45).
cost(20, 2, 39).
cost(20, 3, 81).
cost(20, 4, 50).
cost(20, 5, 97).
cost(20, 6, 29).
cost(20, 7, 5).
cost(20, 8, 100).
cost(20, 9, 95).
cost(20, 10, 47).
cost(20, 11, 47).
cost(20, 12, 43).
cost(20, 13, 14).
cost(20, 14, 90).
cost(20, 15, 82).
cost(20, 16, 23).
cost(20, 17, 79).
cost(20, 18, 77).
cost(20, 19, 72).
cost(20, 21, 92).
cost(20, 22, 95).
cost(20, 23, 86).
cost(20, 24, 29).
cost(21, 1, 49).
cost(21, 2, 73).
cost(21, 3, 49).
cost(21, 4, 77).
cost(21, 5, 25).
cost(21, 6, 70).
cost(21, 7, 88).
cost(21, 8, 31).
cost(21, 9, 18).
cost(21, 10, 82).
cost(21, 11, 63).
cost(21, 12, 51).
cost(21, 13, 84).
cost(21, 14, 33).
cost(21, 15, 36).
cost(21, 16, 75).
cost(21, 17, 23).
cost(21, 18, 16).
cost(21, 19, 19).
cost(21, 20, 92).
cost(21, 22, 33).
cost(21, 23, 39).
cost(21, 24, 63).
cost(22, 1, 63).
cost(22, 2, 65).
cost(22, 3, 23).
cost(22, 4, 63).
cost(22, 5, 9).
cost(22, 6, 67).
cost(22, 7, 93).
cost(22, 8, 6).
cost(22, 9, 15).
cost(22, 10, 69).
cost(22, 11, 53).
cost(22, 12, 52).
cost(22, 13, 83).
cost(22, 14, 5).
cost(22, 15, 14).
cost(22, 16, 74).
cost(22, 17, 52).
cost(22, 18, 31).
cost(22, 19, 34).
cost(22, 20, 95).
cost(22, 21, 33).
cost(22, 23, 12).
cost(22, 24, 67).
cost(23, 1, 58).
cost(23, 2, 54).
cost(23, 3, 11).
cost(23, 4, 51).
cost(23, 5, 20).
cost(23, 6, 57).
cost(23, 7, 85).
cost(23, 8, 18).
cost(23, 9, 24).
cost(23, 10, 57).
cost(23, 11, 42).
cost(23, 12, 44).
cost(23, 13, 74).
cost(23, 14, 8).
cost(23, 15, 5).
cost(23, 16, 64).
cost(23, 17, 54).
cost(23, 18, 32).
cost(23, 19, 34).
cost(23, 20, 86).
cost(23, 21, 39).
cost(23, 22, 12).
cost(23, 24, 59).
cost(24, 1, 20).
cost(24, 2, 27).
cost(24, 3, 56).
cost(24, 4, 38).
cost(24, 5, 68).
cost(24, 6, 14).
cost(24, 7, 26).
cost(24, 8, 72).
cost(24, 9, 66).
cost(24, 10, 39).
cost(24, 11, 28).
cost(24, 12, 15).
cost(24, 13, 22).
cost(24, 14, 62).
cost(24, 15, 55).
cost(24, 16, 15).
cost(24, 17, 53).
cost(24, 18, 48).
cost(24, 19, 44).
cost(24, 20, 29).
cost(24, 21, 63).
cost(24, 22, 67).
cost(24, 23, 59).
