dimension(24).
point(1, 25.4764265878, 15.9524619767).
point(2, 82.6937739836, 37.4062155103).
point(3, 90.05789288, 53.5556007035).
point(4, 34.323082982, 15.5555041951).
point(5, 35.033819989, 28.2615267351).
point(6, 28.6702304415, 43.4382074892).
point(7, 30.3666256933, 19.3832847078).
point(8, 75.3902730083, 74.9504386651).
point(9, 42.0379354313, 73.8750001809).
point(10, 28.8395512835, 50.2414014945).
point(11, 56.1010543219, 60.9225454249).
point(12, 84.7739975656, 80.352844864).
point(13, 59.14816089, 64.3120711864).
point(14, 58.8005577769, 74.7603728706).
point(15, 36.3177000727, 30.1877625922).
point(16, 49.7267397938, 31.107519146).
point(17, 58.926463128, 55.0274044607).
point(18, 67.8178368483, 50.0994284985).
point(19, 77.8498948475, 79.3412130811).
point(20, 28.1632225499, 12.2548370472).
point(21, 50.5994444363, 72.599100299).
point(22, 69.9604138317, 14.0157611689).
point(23, 29.3704837264, 25.2342589332).
point(24, 64.2089775521, 5.0682569036).
cost(1, 2, 61).
cost(1, 3, 75).
cost(1, 4, 9).
cost(1, 5, 16).
cost(1, 6, 28).
cost(1, 7, 6).
cost(1, 8, 77).
cost(1, 9, 60).
cost(1, 10, 34).
cost(1, 11, 54).
cost(1, 12, 88).
cost(1, 13, 59).
cost(1, 14, 68).
cost(1, 15, 18).
cost(1, 16, 29).
cost(1, 17, 51).
cost(1, 18, 54).
cost(1, 19, 82).
cost(1, 20, 5).
cost(1, 21, 62).
cost(1, 22, 45).
cost(1, 23, 10).
cost(1, 24, 40).
cost(2, 1, 61).
cost(2, 3, 18).
cost(2, 4, 53).
cost(2, 5, 49).
cost(2, 6, 54).
cost(2, 7, 55).
cost(2, 8, 38).
cost(2, 9, 55).
cost(2, 10, 55).
cost(2, 11, 35).
cost(2, 12, 43).
cost(2, 13, 36).
cost(2, 14, 44).
cost(2, 15, 47).
cost(2, 16, 34).
cost(2, 17, 30).
cost(2, 18, 20).
cost(2, 19, 42).
cost(2, 20, 60).
cost(2, 21, 48).
cost(2, 22, 27).
cost(2, 23, 55).
cost(2, 24, 37).
cost(3, 1, 75).
cost(3, 2, 18).
cost(3, 4, 67).
cost(3, 5, 61).
cost(3, 6, 62).
cost(3, 7, 69).
cost(3, 8, 26).
cost(3, 9, 52).
cost(3, 10, 61).
cost(3, 11, 35).
cost(3, 12, 27).
cost(3, 13, 33).
cost(3, 14, 38).
cost(3, 15, 59).
cost(3, 16, 46).
cost(3, 17, 31).
cost(3, 18, 23).
cost(3, 19, 29).
cost(3, 20, 74).
cost(3, 21, 44).
cost(3, 22, 44).
cost(3, 23, 67).
cost(3, 24, 55).
cost(4, 1, 9).
cost(4, 2, 53).
cost(4, 3, 67).
cost(4, 5, 13).
cost(4, 6, 28).
cost(4, 7, 6).
cost(4, 8, 72).
cost(4, 9, 59).
cost(4, 10, 35).
cost(4, 11, 50).
cost(4, 12, 82).
cost(4, 13, 55).
cost(4, 14, 64).
cost(4, 15, 15).
cost(4, 16, 22).
cost(4, 17, 47).
cost(4, 18, 48).
cost(4, 19, 77).
cost(4, 20, 7).
cost(4, 21, 59).
cost(4, 22, 36).
cost(4, 23, 11).
cost(4, 24, 32).
cost(5, 1, 16).
cost(5, 2, 49).
cost(5, 3, 61).
cost(5, 4, 13).
cost(5, 6, 16).
cost(5, 7, 10).
cost(5, 8, 62).
cost(5, 9, 46).
cost(5, 10, 23).
cost(5, 11, 39).
cost(5, 12, 72).
cost(5, 13, 43).
cost(5, 14, 52).
cost(5, 15, 2).
cost(5, 16, 15).
cost(5, 17, 36).
cost(5, 18, 39).
cost(5, 19, 67).
cost(5, 20, 17).
cost(5, 21, 47).
cost(5, 22, 38).
cost(5, 23, 6).
cost(5, 24, 37).
cost(6, 1, 28).
cost(6, 2, 54).
cost(6, 3, 62).
cost(6, 4, 28).
cost(6, 5, 16).
cost(6, 7, 24).
cost(6, 8, 56).
cost(6, 9, 33).
cost(6, 10, 7).
cost(6, 11, 33).
cost(6, 12, 67).
cost(6, 13, 37).
cost(6, 14, 43).
cost(6, 15, 15).
cost(6, 16, 24).
cost(6, 17, 32).
cost(6, 18, 40).
cost(6, 19, 61).
cost(6, 20, 31).
cost(6, 21, 36).
cost(6, 22, 51).
cost(6, 23, 18).
cost(6, 24, 52).
cost(7, 1, 6).
cost(7, 2, 55).
cost(7, 3, 69).
cost(7, 4, 6).
cost(7, 5, 10).
cost(7, 6, 24).
cost(7, 8, 72).
cost(7, 9, 56).
cost(7, 10, 31).
cost(7, 11, 49).
cost(7, 12, 82).
cost(7, 13, 53).
cost(7, 14, 62).
cost(7, 15, 12).
cost(7, 16, 23).
cost(7, 17, 46).
cost(7, 18, 48).
cost(7, 19, 76).
cost(7, 20, 7).
cost(7, 21, 57).
cost(7, 22, 40).
cost(7, 23, 6).
cost(7, 24, 37).
cost(8, 1, 77).
cost(8, 2, 38).
cost(8, 3, 26).
cost(8, 4, 72).
cost(8, 5, 62).
cost(8, 6, 56).
cost(8, 7, 72).
cost(8, 9, 33).
cost(8, 10, 53).
cost(8, 11, 24).
cost(8, 12, 11).
cost(8, 13, 19).
cost(8, 14, 17).
cost(8, 15, 59).
cost(8, 16, 51).
cost(8, 17, 26).
cost(8, 18, 26).
cost(8, 19, 5).
cost(8, 20, 78).
cost(8, 21, 25).
cost(8, 22, 61).
cost(8, 23, 68).
cost(8, 24, 71).
cost(9, 1, 60).
cost(9, 2, 55).
cost(9, 3, 52).
cost(9, 4, 59).
cost(9, 5, 46).
cost(9, 6, 33).
cost(9, 7, 56).
cost(9, 8, 33).
cost(9, 10, 27).
cost(9, 11, 19).
cost(9, 12, 43).
cost(9, 13, 20).
cost(9, 14, 17).
cost(9, 15, 44).
cost(9, 16, 43).
cost(9, 17, 25).
cost(9, 18, 35).
cost(9, 19, 36).
cost(9, 20, 63).
cost(9, 21, 9).
cost(9, 22, 66).
cost(9, 23, 50).
cost(9, 24, 72).
cost(10, 1, 34).
cost(10, 2, 55).
cost(10, 3, 61).
cost(10, 4, 35).
cost(10, 5, 23).
cost(10, 6, 7).
cost(10, 7, 31).
cost(10, 8, 53).
cost(10, 9, 27).
cost(10, 11, 29).
cost(10, 12, 64).
cost(10, 13, 33).
cost(10, 14, 39).
cost(10, 15, 21).
cost(10, 16, 28).
cost(10, 17, 30).
cost(10, 18, 39).
cost(10, 19, 57).
cost(10, 20, 38).
cost(10, 21, 31).
cost(10, 22, 55).
cost(10, 23, 25).
cost(10, 24, 57).
cost(11, 1, 54).
cost(11, 2, 35).
cost(11, 3, 35).
cost(11, 4, 50).
cost(11, 5, 39).
cost(11, 6, 33).
cost(11, 7, 49).
cost(11, 8, 24).
cost(11, 9, 19).
cost(11, 10, 29).
cost(11, 12, 35).
cost(11, 13, 5).
cost(11, 14, 14).
cost(11, 15, 37).
cost(11, 16, 30).
cost(11, 17, 7).
cost(11, 18, 16).
cost(11, 19, 29).
cost(11, 20, 56).
cost(11, 21, 13).
cost(11, 22, 49).
cost(11, 23, 45).
cost(11, 24, 56).
cost(12, 1, 88).
cost(12, 2, 43).
cost(12, 3, 27).
cost(12, 4, 82).
cost(12, 5, 72).
cost(12, 6, 67).
cost(12, 7, 82).
cost(12, 8, 11).
cost(12, 9, 43).
cost(12, 10, 64).
cost(12, 11, 35).
cost(12, 13, 30).
cost(12, 14, 27).
cost(12, 15, 70).
cost(12, 16, 60).
cost(12, 17, 36).
cost(12, 18, 35).
cost(12, 19, 7).
cost(12, 20, 89).
cost(12, 21, 35).
cost(12, 22, 68).
cost(12, 23, 78).
cost(12, 24, 78).
cost(13, 1, 59).
cost(13, 2, 36).
cost(13, 3, 33).
cost(13, 4, 55).
cost(13, 5, 43).
cost(13, 6, 37).
cost(13, 7, 53).
cost(13, 8, 19).
cost(13, 9, 20).
cost(13, 10, 33).
cost(13, 11, 5).
cost(13, 12, 30).
cost(13, 14, 10).
cost(13, 15, 41).
cost(13, 16, 35).
cost(13, 17, 9).
cost(13, 18, 17).
cost(13, 19, 24).
cost(13, 20, 61).
cost(13, 21, 12).
cost(13, 22, 51).
cost(13, 23, 49).
cost(13, 24, 59).
cost(14, 1, 68).
cost(14, 2, 44).
cost(14, 3, 38).
cost(14, 4, 64).
cost(14, 5, 52).
cost(14, 6, 43).
cost(14, 7, 62).
cost(14, 8, 17).
cost(14, 9, 17).
cost(14, 10, 39).
cost(14, 11, 14).
cost(14, 12, 27).
cost(14, 13, 10).
cost(14, 15, 50).
cost(14, 16, 45).
cost(14, 17, 20).
cost(14, 18, 26).
cost(14, 19, 20).
cost(14, 20, 70).
cost(14, 21, 8).
cost(14, 22, 62).
cost(14, 23, 58).
cost(14, 24, 70).
cost(15, 1, 18).
cost(15, 2, 47).
cost(15, 3, 59).
cost(15, 4, 15).
cost(15, 5, 2).
cost(15, 6, 15).
cost(15, 7, 12).
cost(15, 8, 59).
cost(15, 9, 44).
cost(15, 10, 21).
cost(15, 11, 37).
cost(15, 12, 70).
cost(15, 13, 41).
cost(15, 14, 50).
cost(15, 16, 13).
cost(15, 17, 34).
cost(15, 18, 37).
cost(15, 19, 64).
cost(15, 20, 20).
cost(15, 21, 45).
cost(15, 22, 37).
cost(15, 23, 9).
cost(15, 24, 38).
cost(16, 1, 29).
cost(16, 2, 34).
cost(16, 3, 46).
cost(16, 4, 22).
cost(16, 5, 15).
cost(16, 6, 24).
cost(16, 7, 23).
cost(16, 8, 51).
cost(16, 9, 43).
cost(16, 10, 28).
cost(16, 11, 30).
cost(16, 12, 60).
cost(16, 13, 35).
cost(16, 14, 45).
cost(16, 15, 13).
cost(16, 17, 26).
cost(16, 18, 26).
cost(16, 19, 56).
cost(16, 20, 29).
cost(16, 21, 42).
cost(16, 22, 26).
cost(16, 23, 21).
cost(16, 24, 30).
cost(17, 1, 51).
cost(17, 2, 30).
cost(17, 3, 31).
cost(17, 4, 47).
cost(17, 5, 36).
cost(17, 6, 32).
cost(17, 7, 46).
cost(17, 8, 26).
cost(17, 9, 25).
cost(17, 10, 30).
cost(17, 11, 7).
cost(17, 12, 36).
cost(17, 13, 9).
cost(17, 14, 20).
cost(17, 15, 34).
cost(17, 16, 26).
cost(17, 18, 10).
cost(17, 19, 31).
cost(17, 20, 53).
cost(17, 21, 19).
cost(17, 22, 42).
cost(17, 23, 42).
cost(17, 24, 50).
cost(18, 1, 54).
cost(18, 2, 20).
cost(18, 3, 23).
cost(18, 4, 48).
cost(18, 5, 39).
cost(18, 6, 40).
cost(18, 7, 48).
cost(18, 8, 26).
cost(18, 9, 35).
cost(18, 10, 39).
cost(18, 11, 16).
cost(18, 12, 35).
cost(18, 13, 17).
cost(18, 14, 26).
cost(18, 15, 37).
cost(18, 16, 26).
cost(18, 17, 10).
cost(18, 19, 31).
cost(18, 20, 55).
cost(18, 21, 28).
cost(18, 22, 36).
cost(18, 23, 46).
cost(18, 24, 45).
cost(19, 1, 82).
cost(19, 2, 42).
cost(19, 3, 29).
cost(19, 4, 77).
cost(19, 5, 67).
cost(19, 6, 61).
cost(19, 7, 76).
cost(19, 8, 5).
cost(19, 9, 36).
cost(19, 10, 57).
cost(19, 11, 29).
cost(19, 12, 7).
cost(19, 13, 24).
cost(19, 14, 20).
cost(19, 15, 64).
cost(19, 16, 56).
cost(19, 17, 31).
cost(19, 18, 31).
cost(19, 20, 83).
cost(19, 21, 28).
cost(19, 22, 66).
cost(19, 23, 73).
cost(19, 24, 76).
cost(20, 1, 5).
cost(20, 2, 60).
cost(20, 3, 74).
cost(20, 4, 7).
cost(20, 5, 17).
cost(20, 6, 31).
cost(20, 7, 7).
cost(20, 8, 78).
cost(20, 9, 63).
cost(20, 10, 38).
cost(20, 11, 56).
cost(20, 12, 89).
cost(20, 13, 61).
cost(20, 14, 70).
cost(20, 15, 20).
cost(20, 16, 29).
cost(20, 17, 53).
cost(20, 18, 55).
cost(20, 19, 83).
cost(20, 21, 64).
cost(20, 22, 42).
cost(20, 23, 13).
cost(20, 24, 37).
cost(21, 1, 62).
cost(21, 2, 48).
cost(21, 3, 44).
cost(21, 4, 59).
cost(21, 5, 47).
cost(21, 6, 36).
cost(21, 7, 57).
cost(21, 8, 25).
cost(21, 9, 9).
cost(21, 10, 31).
cost(21, 11, 13).
cost(21, 12, 35).
cost(21, 13, 12).
cost(21, 14, 8).
cost(21, 15, 45).
cost(21, 16, 42).
cost(21, 17, 19).
cost(21, 18, 28).
cost(21, 19, 28).
cost(21, 20, 64).
cost(21, 22, 62).
cost(21, 23, 52).
cost(21, 24, 69).
cost(22, 1, 45).
cost(22, 2, 27).
cost(22, 3, 44).
cost(22, 4, 36).
cost(22, 5, 38).
cost(22, 6, 51).
cost(22, 7, 40).
cost(22, 8, 61).
cost(22, 9, 66).
cost(22, 10, 55).
cost(22, 11, 49).
cost(22, 12, 68).
cost(22, 13, 51).
cost(22, 14, 62).
cost(22, 15, 37).
cost(22, 16, 26).
cost(22, 17, 42).
cost(22, 18, 36).
cost(22, 19, 66).
cost(22, 20, 42).
cost(22, 21, 62).
cost(22, 23, 42).
cost(22, 24, 11).
cost(23, 1, 10).
cost(23, 2, 55).
cost(23, 3, 67).
cost(23, 4, 11).
cost(23, 5, 6).
cost(23, 6, 18).
cost(23, 7, 6).
cost(23, 8, 68).
cost(23, 9, 50).
cost(23, 10, 25).
cost(23, 11, 45).
cost(23, 12, 78).
cost(23, 13, 49).
cost(23, 14, 58).
cost(23, 15, 9).
cost(23, 16, 21).
cost(23, 17, 42).
cost(23, 18, 46).
cost(23, 19, 73).
cost(23, 20, 13).
cost(23, 21, 52).
cost(23, 22, 42).
cost(23, 24, 40).
cost(24, 1, 40).
cost(24, 2, 37).
cost(24, 3, 55).
cost(24, 4, 32).
cost(24, 5, 37).
cost(24, 6, 52).
cost(24, 7, 37).
cost(24, 8, 71).
cost(24, 9, 72).
cost(24, 10, 57).
cost(24, 11, 56).
cost(24, 12, 78).
cost(24, 13, 59).
cost(24, 14, 70).
cost(24, 15, 38).
cost(24, 16, 30).
cost(24, 17, 50).
cost(24, 18, 45).
cost(24, 19, 76).
cost(24, 20, 37).
cost(24, 21, 69).
cost(24, 22, 11).
cost(24, 23, 40).
