dimension(24).
point(1, 18.6994109312, 68.0202002783).
point(2, 41.7985074448, 58.0043007276).
point(3, 84.2104382828, 30.8116327766).
point(4, 43.4438765421, 49.495533799).
point(5, 85.9293646801, 50.627094556).
point(6, 65.0063652656, 10.5809362825).
point(7, 83.0045381757, 57.0928358212).
point(8, 52.3357452399, 20.1661133274).
point(9, 28.0530618369, 79.1062293197).
point(10, 29.7628496093, 63.2092963637).
point(11, 53.0376200961, 77.050855556).
point(12, 18.9290589969, 32.106254579).
point(13, 35.3598779971, 53.311491291).
point(14, 78.7594106681, 35.4908518027).
point(15, 55.3757562332, 74.2613550272).
point(16, 70.7402249503, 50.4495270243).
point(17, 30.3686112091, 24.9206335455).
point(18, 43.3936450749, 81.6522399514).
point(19, 80.7445598241, 35.5999665161).
point(20, 59.9967513916, 41.0217339858).
point(21, 33.1830319208, 55.2709057063).
point(22, 51.508662306, 24.577815028).
point(23, 66.4387019779, 31.7653342398).
point(24, 70.1491541736, 22.1515527852).
cost(1, 2, 25).
cost(1, 3, 75).
cost(1, 4, 31).
cost(1, 5, 69).
cost(1, 6, 74).
cost(1, 7, 65).
cost(1, 8, 58).
cost(1, 9, 15).
cost(1, 10, 12).
cost(1, 11, 36).
cost(1, 12, 36).
cost(1, 13, 22).
cost(1, 14, 68).
cost(1, 15, 37).
cost(1, 16, 55).
cost(1, 17, 45).
cost(1, 18, 28).
cost(1, 19, 70).
cost(1, 20, 49).
cost(1, 21, 19).
cost(1, 22, 54).
cost(1, 23, 60).
cost(1, 24, 69).
cost(2, 1, 25).
cost(2, 3, 50).
cost(2, 4, 9).
cost(2, 5, 45).
cost(2, 6, 53).
cost(2, 7, 41).
cost(2, 8, 39).
cost(2, 9, 25).
cost(2, 10, 13).
cost(2, 11, 22).
cost(2, 12, 35).
cost(2, 13, 8).
cost(2, 14, 43).
cost(2, 15, 21).
cost(2, 16, 30).
cost(2, 17, 35).
cost(2, 18, 24).
cost(2, 19, 45).
cost(2, 20, 25).
cost(2, 21, 9).
cost(2, 22, 35).
cost(2, 23, 36).
cost(2, 24, 46).
cost(3, 1, 75).
cost(3, 2, 50).
cost(3, 4, 45).
cost(3, 5, 20).
cost(3, 6, 28).
cost(3, 7, 26).
cost(3, 8, 34).
cost(3, 9, 74).
cost(3, 10, 63).
cost(3, 11, 56).
cost(3, 12, 65).
cost(3, 13, 54).
cost(3, 14, 7).
cost(3, 15, 52).
cost(3, 16, 24).
cost(3, 17, 54).
cost(3, 18, 65).
cost(3, 19, 6).
cost(3, 20, 26).
cost(3, 21, 57).
cost(3, 22, 33).
cost(3, 23, 18).
cost(3, 24, 17).
cost(4, 1, 31).
cost(4, 2, 9).
cost(4, 3, 45).
cost(4, 5, 43).
cost(4, 6, 44).
cost(4, 7, 40).
cost(4, 8, 31).
cost(4, 9, 33).
cost(4, 10, 19).
cost(4, 11, 29).
cost(4, 12, 30).
cost(4, 13, 9).
cost(4, 14, 38).
cost(4, 15, 27).
cost(4, 16, 27).
cost(4, 17, 28).
cost(4, 18, 32).
cost(4, 19, 40).
cost(4, 20, 19).
cost(4, 21, 12).
cost(4, 22, 26).
cost(4, 23, 29).
cost(4, 24, 38).
cost(5, 1, 69).
cost(5, 2, 45).
cost(5, 3, 20).
cost(5, 4, 43).
cost(5, 6, 45).
cost(5, 7, 7).
cost(5, 8, 45).
cost(5, 9, 65).
cost(5, 10, 58).
cost(5, 11, 42).
cost(5, 12, 70).
cost(5, 13, 51).
cost(5, 14, 17).
cost(5, 15, 39).
cost(5, 16, 15).
cost(5, 17, 61).
cost(5, 18, 53).
cost(5, 19, 16).
cost(5, 20, 28).
cost(5, 21, 53).
cost(5, 22, 43).
cost(5, 23, 27).
cost(5, 24, 33).
cost(6, 1, 74).
cost(6, 2, 53).
cost(6, 3, 28).
cost(6, 4, 44).
cost(6, 5, 45).
cost(6, 7, 50).
cost(6, 8, 16).
cost(6, 9, 78).
cost(6, 10, 63).
cost(6, 11, 68).
cost(6, 12, 51).
cost(6, 13, 52).
cost(6, 14, 28).
cost(6, 15, 64).
cost(6, 16, 40).
cost(6, 17, 37).
cost(6, 18, 74).
cost(6, 19, 30).
cost(6, 20, 31).
cost(6, 21, 55).
cost(6, 22, 19).
cost(6, 23, 21).
cost(6, 24, 13).
cost(7, 1, 65).
cost(7, 2, 41).
cost(7, 3, 26).
cost(7, 4, 40).
cost(7, 5, 7).
cost(7, 6, 50).
cost(7, 8, 48).
cost(7, 9, 59).
cost(7, 10, 54).
cost(7, 11, 36).
cost(7, 12, 69).
cost(7, 13, 48).
cost(7, 14, 22).
cost(7, 15, 33).
cost(7, 16, 14).
cost(7, 17, 62).
cost(7, 18, 47).
cost(7, 19, 22).
cost(7, 20, 28).
cost(7, 21, 50).
cost(7, 22, 45).
cost(7, 23, 30).
cost(7, 24, 37).
cost(8, 1, 58).
cost(8, 2, 39).
cost(8, 3, 34).
cost(8, 4, 31).
cost(8, 5, 45).
cost(8, 6, 16).
cost(8, 7, 48).
cost(8, 9, 64).
cost(8, 10, 49).
cost(8, 11, 57).
cost(8, 12, 35).
cost(8, 13, 37).
cost(8, 14, 31).
cost(8, 15, 54).
cost(8, 16, 35).
cost(8, 17, 22).
cost(8, 18, 62).
cost(8, 19, 32).
cost(8, 20, 22).
cost(8, 21, 40).
cost(8, 22, 4).
cost(8, 23, 18).
cost(8, 24, 18).
cost(9, 1, 15).
cost(9, 2, 25).
cost(9, 3, 74).
cost(9, 4, 33).
cost(9, 5, 65).
cost(9, 6, 78).
cost(9, 7, 59).
cost(9, 8, 64).
cost(9, 10, 16).
cost(9, 11, 25).
cost(9, 12, 48).
cost(9, 13, 27).
cost(9, 14, 67).
cost(9, 15, 28).
cost(9, 16, 51).
cost(9, 17, 54).
cost(9, 18, 16).
cost(9, 19, 68).
cost(9, 20, 50).
cost(9, 21, 24).
cost(9, 22, 59).
cost(9, 23, 61).
cost(9, 24, 71).
cost(10, 1, 12).
cost(10, 2, 13).
cost(10, 3, 63).
cost(10, 4, 19).
cost(10, 5, 58).
cost(10, 6, 63).
cost(10, 7, 54).
cost(10, 8, 49).
cost(10, 9, 16).
cost(10, 11, 27).
cost(10, 12, 33).
cost(10, 13, 11).
cost(10, 14, 56).
cost(10, 15, 28).
cost(10, 16, 43).
cost(10, 17, 38).
cost(10, 18, 23).
cost(10, 19, 58).
cost(10, 20, 38).
cost(10, 21, 9).
cost(10, 22, 44).
cost(10, 23, 48).
cost(10, 24, 58).
cost(11, 1, 36).
cost(11, 2, 22).
cost(11, 3, 56).
cost(11, 4, 29).
cost(11, 5, 42).
cost(11, 6, 68).
cost(11, 7, 36).
cost(11, 8, 57).
cost(11, 9, 25).
cost(11, 10, 27).
cost(11, 12, 56).
cost(11, 13, 30).
cost(11, 14, 49).
cost(11, 15, 4).
cost(11, 16, 32).
cost(11, 17, 57).
cost(11, 18, 11).
cost(11, 19, 50).
cost(11, 20, 37).
cost(11, 21, 29).
cost(11, 22, 52).
cost(11, 23, 47).
cost(11, 24, 58).
cost(12, 1, 36).
cost(12, 2, 35).
cost(12, 3, 65).
cost(12, 4, 30).
cost(12, 5, 70).
cost(12, 6, 51).
cost(12, 7, 69).
cost(12, 8, 35).
cost(12, 9, 48).
cost(12, 10, 33).
cost(12, 11, 56).
cost(12, 13, 27).
cost(12, 14, 60).
cost(12, 15, 56).
cost(12, 16, 55).
cost(12, 17, 14).
cost(12, 18, 55).
cost(12, 19, 62).
cost(12, 20, 42).
cost(12, 21, 27).
cost(12, 22, 33).
cost(12, 23, 48).
cost(12, 24, 52).
cost(13, 1, 22).
cost(13, 2, 8).
cost(13, 3, 54).
cost(13, 4, 9).
cost(13, 5, 51).
cost(13, 6, 52).
cost(13, 7, 48).
cost(13, 8, 37).
cost(13, 9, 27).
cost(13, 10, 11).
cost(13, 11, 30).
cost(13, 12, 27).
cost(13, 14, 47).
cost(13, 15, 29).
cost(13, 16, 35).
cost(13, 17, 29).
cost(13, 18, 29).
cost(13, 19, 49).
cost(13, 20, 28).
cost(13, 21, 3).
cost(13, 22, 33).
cost(13, 23, 38).
cost(13, 24, 47).
cost(14, 1, 68).
cost(14, 2, 43).
cost(14, 3, 7).
cost(14, 4, 38).
cost(14, 5, 17).
cost(14, 6, 28).
cost(14, 7, 22).
cost(14, 8, 31).
cost(14, 9, 67).
cost(14, 10, 56).
cost(14, 11, 49).
cost(14, 12, 60).
cost(14, 13, 47).
cost(14, 15, 45).
cost(14, 16, 17).
cost(14, 17, 50).
cost(14, 18, 58).
cost(14, 19, 2).
cost(14, 20, 20).
cost(14, 21, 50).
cost(14, 22, 29).
cost(14, 23, 13).
cost(14, 24, 16).
cost(15, 1, 37).
cost(15, 2, 21).
cost(15, 3, 52).
cost(15, 4, 27).
cost(15, 5, 39).
cost(15, 6, 64).
cost(15, 7, 33).
cost(15, 8, 54).
cost(15, 9, 28).
cost(15, 10, 28).
cost(15, 11, 4).
cost(15, 12, 56).
cost(15, 13, 29).
cost(15, 14, 45).
cost(15, 16, 28).
cost(15, 17, 55).
cost(15, 18, 14).
cost(15, 19, 46).
cost(15, 20, 34).
cost(15, 21, 29).
cost(15, 22, 50).
cost(15, 23, 44).
cost(15, 24, 54).
cost(16, 1, 55).
cost(16, 2, 30).
cost(16, 3, 24).
cost(16, 4, 27).
cost(16, 5, 15).
cost(16, 6, 40).
cost(16, 7, 14).
cost(16, 8, 35).
cost(16, 9, 51).
cost(16, 10, 43).
cost(16, 11, 32).
cost(16, 12, 55).
cost(16, 13, 35).
cost(16, 14, 17).
cost(16, 15, 28).
cost(16, 17, 48).
cost(16, 18, 41).
cost(16, 19, 18).
cost(16, 20, 14).
cost(16, 21, 38).
cost(16, 22, 32).
cost(16, 23, 19).
cost(16, 24, 28).
cost(17, 1, 45).
cost(17, 2, 35).
cost(17, 3, 54).
cost(17, 4, 28).
cost(17, 5, 61).
cost(17, 6, 37).
cost(17, 7, 62).
cost(17, 8, 22).
cost(17, 9, 54).
cost(17, 10, 38).
cost(17, 11, 57).
cost(17, 12, 14).
cost(17, 13, 29).
cost(17, 14, 50).
cost(17, 15, 55).
cost(17, 16, 48).
cost(17, 18, 58).
cost(17, 19, 51).
cost(17, 20, 34).
cost(17, 21, 30).
cost(17, 22, 21).
cost(17, 23, 37).
cost(17, 24, 40).
cost(18, 1, 28).
cost(18, 2, 24).
cost(18, 3, 65).
cost(18, 4, 32).
cost(18, 5, 53).
cost(18, 6, 74).
cost(18, 7, 47).
cost(18, 8, 62).
cost(18, 9, 16).
cost(18, 10, 23).
cost(18, 11, 11).
cost(18, 12, 55).
cost(18, 13, 29).
cost(18, 14, 58).
cost(18, 15, 14).
cost(18, 16, 41).
cost(18, 17, 58).
cost(18, 19, 59).
cost(18, 20, 44).
cost(18, 21, 28).
cost(18, 22, 58).
cost(18, 23, 55).
cost(18, 24, 65).
cost(19, 1, 70).
cost(19, 2, 45).
cost(19, 3, 6).
cost(19, 4, 40).
cost(19, 5, 16).
cost(19, 6, 30).
cost(19, 7, 22).
cost(19, 8, 32).
cost(19, 9, 68).
cost(19, 10, 58).
cost(19, 11, 50).
cost(19, 12, 62).
cost(19, 13, 49).
cost(19, 14, 2).
cost(19, 15, 46).
cost(19, 16, 18).
cost(19, 17, 51).
cost(19, 18, 59).
cost(19, 20, 21).
cost(19, 21, 51).
cost(19, 22, 31).
cost(19, 23, 15).
cost(19, 24, 17).
cost(20, 1, 49).
cost(20, 2, 25).
cost(20, 3, 26).
cost(20, 4, 19).
cost(20, 5, 28).
cost(20, 6, 31).
cost(20, 7, 28).
cost(20, 8, 22).
cost(20, 9, 50).
cost(20, 10, 38).
cost(20, 11, 37).
cost(20, 12, 42).
cost(20, 13, 28).
cost(20, 14, 20).
cost(20, 15, 34).
cost(20, 16, 14).
cost(20, 17, 34).
cost(20, 18, 44).
cost(20, 19, 21).
cost(20, 21, 30).
cost(20, 22, 19).
cost(20, 23, 11).
cost(20, 24, 21).
cost(21, 1, 19).
cost(21, 2, 9).
cost(21, 3, 57).
cost(21, 4, 12).
cost(21, 5, 53).
cost(21, 6, 55).
cost(21, 7, 50).
cost(21, 8, 40).
cost(21, 9, 24).
cost(21, 10, 9).
cost(21, 11, 29).
cost(21, 12, 27).
cost(21, 13, 3).
cost(21, 14, 50).
cost(21, 15, 29).
cost(21, 16, 38).
cost(21, 17, 30).
cost(21, 18, 28).
cost(21, 19, 51).
cost(21, 20, 30).
cost(21, 22, 36).
cost(21, 23, 41).
cost(21, 24, 50).
cost(22, 1, 54).
cost(22, 2, 35).
cost(22, 3, 33).
cost(22, 4, 26).
cost(22, 5, 43).
cost(22, 6, 19).
cost(22, 7, 45).
cost(22, 8, 4).
cost(22, 9, 59).
cost(22, 10, 44).
cost(22, 11, 52).
cost(22, 12, 33).
cost(22, 13, 33).
cost(22, 14, 29).
cost(22, 15, 50).
cost(22, 16, 32).
cost(22, 17, 21).
cost(22, 18, 58).
cost(22, 19, 31).
cost(22, 20, 19).
cost(22, 21, 36).
cost(22, 23, 17).
cost(22, 24, 19).
cost(23, 1, 60).
cost(23, 2, 36).
cost(23, 3, 18).
cost(23, 4, 29).
cost(23, 5, 27).
cost(23, 6, 21).
cost(23, 7, 30).
cost(23, 8, 18).
cost(23, 9, 61).
cost(23, 10, 48).
cost(23, 11, 47).
cost(23, 12, 48).
cost(23, 13, 38).
cost(23, 14, 13).
cost(23, 15, 44).
cost(23, 16, 19).
cost(23, 17, 37).
cost(23, 18, 55).
cost(23, 19, 15).
cost(23, 20, 11).
cost(23, 21, 41).
cost(23, 22, 17).
cost(23, 24, 10).
cost(24, 1, 69).
cost(24, 2, 46).
cost(24, 3, 17).
cost(24, 4, 38).
cost(24, 5, 33).
cost(24, 6, 13).
cost(24, 7, 37).
cost(24, 8, 18).
cost(24, 9, 71).
cost(24, 10, 58).
cost(24, 11, 58).
cost(24, 12, 52).
cost(24, 13, 47).
cost(24, 14, 16).
cost(24, 15, 54).
cost(24, 16, 28).
cost(24, 17, 40).
cost(24, 18, 65).
cost(24, 19, 17).
cost(24, 20, 21).
cost(24, 21, 50).
cost(24, 22, 19).
cost(24, 23, 10).
