dimension(24).
point(1, 41.0347199607, 21.2635732385).
point(2, 12.956969569, 53.3293599174).
point(3, 52.5742414454, 40.1330694976).
point(4, 15.7068354566, 28.7618591171).
point(5, 14.8457770542, 31.3969902547).
point(6, 79.2796582133, 38.5106574382).
point(7, 16.7311542743, 53.1330661835).
point(8, 39.787773792, 37.9642037618).
point(9, 73.3755633811, 40.2952217849).
point(10, 22.0893015351, 39.8772870604).
point(11, 23.1160151141, 71.8719703606).
point(12, 39.7581480087, 62.684089862).
point(13, 74.982950056, 31.3131995443).
point(14, 73.857164544, 20.728977734).
point(15, 67.2099163203, 29.2992377071).
point(16, 57.4676228714, 19.17429772).
point(17, 51.2937135696, 28.5293766558).
point(18, 43.546108435, 29.5052516897).
point(19, 21.0552679091, 52.701222536).
point(20, 46.0010001475, 62.6883875326).
point(21, 25.7894258726, 43.3002363681).
point(22, 50.6982521954, 74.9603320817).
point(23, 34.1711416646, 61.6791973883).
point(24, 46.1711584404, 17.5596833165).
cost(1, 2, 43).
cost(1, 3, 22).
cost(1, 4, 26).
cost(1, 5, 28).
cost(1, 6, 42).
cost(1, 7, 40).
cost(1, 8, 17).
cost(1, 9, 38).
cost(1, 10, 27).
cost(1, 11, 54).
cost(1, 12, 41).
cost(1, 13, 35).
cost(1, 14, 33).
cost(1, 15, 27).
cost(1, 16, 17).
cost(1, 17, 13).
cost(1, 18, 9).
cost(1, 19, 37).
cost(1, 20, 42).
cost(1, 21, 27).
cost(1, 22, 55).
cost(1, 23, 41).
cost(1, 24, 6).
cost(2, 1, 43).
cost(2, 3, 42).
cost(2, 4, 25).
cost(2, 5, 22).
cost(2, 6, 68).
cost(2, 7, 4).
cost(2, 8, 31).
cost(2, 9, 62).
cost(2, 10, 16).
cost(2, 11, 21).
cost(2, 12, 28).
cost(2, 13, 66).
cost(2, 14, 69).
cost(2, 15, 59).
cost(2, 16, 56).
cost(2, 17, 46).
cost(2, 18, 39).
cost(2, 19, 8).
cost(2, 20, 34).
cost(2, 21, 16).
cost(2, 22, 44).
cost(2, 23, 23).
cost(2, 24, 49).
cost(3, 1, 22).
cost(3, 2, 42).
cost(3, 4, 39).
cost(3, 5, 39).
cost(3, 6, 27).
cost(3, 7, 38).
cost(3, 8, 13).
cost(3, 9, 21).
cost(3, 10, 30).
cost(3, 11, 43).
cost(3, 12, 26).
cost(3, 13, 24).
cost(3, 14, 29).
cost(3, 15, 18).
cost(3, 16, 22).
cost(3, 17, 12).
cost(3, 18, 14).
cost(3, 19, 34).
cost(3, 20, 23).
cost(3, 21, 27).
cost(3, 22, 35).
cost(3, 23, 28).
cost(3, 24, 23).
cost(4, 1, 26).
cost(4, 2, 25).
cost(4, 3, 39).
cost(4, 5, 3).
cost(4, 6, 64).
cost(4, 7, 24).
cost(4, 8, 26).
cost(4, 9, 59).
cost(4, 10, 13).
cost(4, 11, 44).
cost(4, 12, 42).
cost(4, 13, 59).
cost(4, 14, 59).
cost(4, 15, 52).
cost(4, 16, 43).
cost(4, 17, 36).
cost(4, 18, 28).
cost(4, 19, 25).
cost(4, 20, 45).
cost(4, 21, 18).
cost(4, 22, 58).
cost(4, 23, 38).
cost(4, 24, 32).
cost(5, 1, 28).
cost(5, 2, 22).
cost(5, 3, 39).
cost(5, 4, 3).
cost(5, 6, 65).
cost(5, 7, 22).
cost(5, 8, 26).
cost(5, 9, 59).
cost(5, 10, 11).
cost(5, 11, 41).
cost(5, 12, 40).
cost(5, 13, 60).
cost(5, 14, 60).
cost(5, 15, 52).
cost(5, 16, 44).
cost(5, 17, 37).
cost(5, 18, 29).
cost(5, 19, 22).
cost(5, 20, 44).
cost(5, 21, 16).
cost(5, 22, 56).
cost(5, 23, 36).
cost(5, 24, 34).
cost(6, 1, 42).
cost(6, 2, 68).
cost(6, 3, 27).
cost(6, 4, 64).
cost(6, 5, 65).
cost(6, 7, 64).
cost(6, 8, 39).
cost(6, 9, 6).
cost(6, 10, 57).
cost(6, 11, 65).
cost(6, 12, 46).
cost(6, 13, 8).
cost(6, 14, 19).
cost(6, 15, 15).
cost(6, 16, 29).
cost(6, 17, 30).
cost(6, 18, 37).
cost(6, 19, 60).
cost(6, 20, 41).
cost(6, 21, 54).
cost(6, 22, 46).
cost(6, 23, 51).
cost(6, 24, 39).
cost(7, 1, 40).
cost(7, 2, 4).
cost(7, 3, 38).
cost(7, 4, 24).
cost(7, 5, 22).
cost(7, 6, 64).
cost(7, 8, 28).
cost(7, 9, 58).
cost(7, 10, 14).
cost(7, 11, 20).
cost(7, 12, 25).
cost(7, 13, 62).
cost(7, 14, 66).
cost(7, 15, 56).
cost(7, 16, 53).
cost(7, 17, 42).
cost(7, 18, 36).
cost(7, 19, 4).
cost(7, 20, 31).
cost(7, 21, 13).
cost(7, 22, 40).
cost(7, 23, 19).
cost(7, 24, 46).
cost(8, 1, 17).
cost(8, 2, 31).
cost(8, 3, 13).
cost(8, 4, 26).
cost(8, 5, 26).
cost(8, 6, 39).
cost(8, 7, 28).
cost(8, 9, 34).
cost(8, 10, 18).
cost(8, 11, 38).
cost(8, 12, 25).
cost(8, 13, 36).
cost(8, 14, 38).
cost(8, 15, 29).
cost(8, 16, 26).
cost(8, 17, 15).
cost(8, 18, 9).
cost(8, 19, 24).
cost(8, 20, 25).
cost(8, 21, 15).
cost(8, 22, 39).
cost(8, 23, 24).
cost(8, 24, 21).
cost(9, 1, 38).
cost(9, 2, 62).
cost(9, 3, 21).
cost(9, 4, 59).
cost(9, 5, 59).
cost(9, 6, 6).
cost(9, 7, 58).
cost(9, 8, 34).
cost(9, 10, 51).
cost(9, 11, 59).
cost(9, 12, 40).
cost(9, 13, 9).
cost(9, 14, 20).
cost(9, 15, 13).
cost(9, 16, 26).
cost(9, 17, 25).
cost(9, 18, 32).
cost(9, 19, 54).
cost(9, 20, 35).
cost(9, 21, 48).
cost(9, 22, 41).
cost(9, 23, 45).
cost(9, 24, 35).
cost(10, 1, 27).
cost(10, 2, 16).
cost(10, 3, 30).
cost(10, 4, 13).
cost(10, 5, 11).
cost(10, 6, 57).
cost(10, 7, 14).
cost(10, 8, 18).
cost(10, 9, 51).
cost(10, 11, 32).
cost(10, 12, 29).
cost(10, 13, 54).
cost(10, 14, 55).
cost(10, 15, 46).
cost(10, 16, 41).
cost(10, 17, 31).
cost(10, 18, 24).
cost(10, 19, 13).
cost(10, 20, 33).
cost(10, 21, 5).
cost(10, 22, 45).
cost(10, 23, 25).
cost(10, 24, 33).
cost(11, 1, 54).
cost(11, 2, 21).
cost(11, 3, 43).
cost(11, 4, 44).
cost(11, 5, 41).
cost(11, 6, 65).
cost(11, 7, 20).
cost(11, 8, 38).
cost(11, 9, 59).
cost(11, 10, 32).
cost(11, 12, 19).
cost(11, 13, 66).
cost(11, 14, 72).
cost(11, 15, 61).
cost(11, 16, 63).
cost(11, 17, 52).
cost(11, 18, 47).
cost(11, 19, 19).
cost(11, 20, 25).
cost(11, 21, 29).
cost(11, 22, 28).
cost(11, 23, 15).
cost(11, 24, 59).
cost(12, 1, 41).
cost(12, 2, 28).
cost(12, 3, 26).
cost(12, 4, 42).
cost(12, 5, 40).
cost(12, 6, 46).
cost(12, 7, 25).
cost(12, 8, 25).
cost(12, 9, 40).
cost(12, 10, 29).
cost(12, 11, 19).
cost(12, 13, 47).
cost(12, 14, 54).
cost(12, 15, 43).
cost(12, 16, 47).
cost(12, 17, 36).
cost(12, 18, 33).
cost(12, 19, 21).
cost(12, 20, 6).
cost(12, 21, 24).
cost(12, 22, 16).
cost(12, 23, 6).
cost(12, 24, 46).
cost(13, 1, 35).
cost(13, 2, 66).
cost(13, 3, 24).
cost(13, 4, 59).
cost(13, 5, 60).
cost(13, 6, 8).
cost(13, 7, 62).
cost(13, 8, 36).
cost(13, 9, 9).
cost(13, 10, 54).
cost(13, 11, 66).
cost(13, 12, 47).
cost(13, 14, 11).
cost(13, 15, 8).
cost(13, 16, 21).
cost(13, 17, 24).
cost(13, 18, 31).
cost(13, 19, 58).
cost(13, 20, 43).
cost(13, 21, 51).
cost(13, 22, 50).
cost(13, 23, 51).
cost(13, 24, 32).
cost(14, 1, 33).
cost(14, 2, 69).
cost(14, 3, 29).
cost(14, 4, 59).
cost(14, 5, 60).
cost(14, 6, 19).
cost(14, 7, 66).
cost(14, 8, 38).
cost(14, 9, 20).
cost(14, 10, 55).
cost(14, 11, 72).
cost(14, 12, 54).
cost(14, 13, 11).
cost(14, 15, 11).
cost(14, 16, 16).
cost(14, 17, 24).
cost(14, 18, 32).
cost(14, 19, 62).
cost(14, 20, 50).
cost(14, 21, 53).
cost(14, 22, 59).
cost(14, 23, 57).
cost(14, 24, 28).
cost(15, 1, 27).
cost(15, 2, 59).
cost(15, 3, 18).
cost(15, 4, 52).
cost(15, 5, 52).
cost(15, 6, 15).
cost(15, 7, 56).
cost(15, 8, 29).
cost(15, 9, 13).
cost(15, 10, 46).
cost(15, 11, 61).
cost(15, 12, 43).
cost(15, 13, 8).
cost(15, 14, 11).
cost(15, 16, 14).
cost(15, 17, 16).
cost(15, 18, 24).
cost(15, 19, 52).
cost(15, 20, 40).
cost(15, 21, 44).
cost(15, 22, 49).
cost(15, 23, 46).
cost(15, 24, 24).
cost(16, 1, 17).
cost(16, 2, 56).
cost(16, 3, 22).
cost(16, 4, 43).
cost(16, 5, 44).
cost(16, 6, 29).
cost(16, 7, 53).
cost(16, 8, 26).
cost(16, 9, 26).
cost(16, 10, 41).
cost(16, 11, 63).
cost(16, 12, 47).
cost(16, 13, 21).
cost(16, 14, 16).
cost(16, 15, 14).
cost(16, 17, 11).
cost(16, 18, 17).
cost(16, 19, 49).
cost(16, 20, 45).
cost(16, 21, 40).
cost(16, 22, 56).
cost(16, 23, 48).
cost(16, 24, 11).
cost(17, 1, 13).
cost(17, 2, 46).
cost(17, 3, 12).
cost(17, 4, 36).
cost(17, 5, 37).
cost(17, 6, 30).
cost(17, 7, 42).
cost(17, 8, 15).
cost(17, 9, 25).
cost(17, 10, 31).
cost(17, 11, 52).
cost(17, 12, 36).
cost(17, 13, 24).
cost(17, 14, 24).
cost(17, 15, 16).
cost(17, 16, 11).
cost(17, 18, 8).
cost(17, 19, 39).
cost(17, 20, 35).
cost(17, 21, 29).
cost(17, 22, 46).
cost(17, 23, 37).
cost(17, 24, 12).
cost(18, 1, 9).
cost(18, 2, 39).
cost(18, 3, 14).
cost(18, 4, 28).
cost(18, 5, 29).
cost(18, 6, 37).
cost(18, 7, 36).
cost(18, 8, 9).
cost(18, 9, 32).
cost(18, 10, 24).
cost(18, 11, 47).
cost(18, 12, 33).
cost(18, 13, 31).
cost(18, 14, 32).
cost(18, 15, 24).
cost(18, 16, 17).
cost(18, 17, 8).
cost(18, 19, 32).
cost(18, 20, 33).
cost(18, 21, 22).
cost(18, 22, 46).
cost(18, 23, 34).
cost(18, 24, 12).
cost(19, 1, 37).
cost(19, 2, 8).
cost(19, 3, 34).
cost(19, 4, 25).
cost(19, 5, 22).
cost(19, 6, 60).
cost(19, 7, 4).
cost(19, 8, 24).
cost(19, 9, 54).
cost(19, 10, 13).
cost(19, 11, 19).
cost(19, 12, 21).
cost(19, 13, 58).
cost(19, 14, 62).
cost(19, 15, 52).
cost(19, 16, 49).
cost(19, 17, 39).
cost(19, 18, 32).
cost(19, 20, 27).
cost(19, 21, 11).
cost(19, 22, 37).
cost(19, 23, 16).
cost(19, 24, 43).
cost(20, 1, 42).
cost(20, 2, 34).
cost(20, 3, 23).
cost(20, 4, 45).
cost(20, 5, 44).
cost(20, 6, 41).
cost(20, 7, 31).
cost(20, 8, 25).
cost(20, 9, 35).
cost(20, 10, 33).
cost(20, 11, 25).
cost(20, 12, 6).
cost(20, 13, 43).
cost(20, 14, 50).
cost(20, 15, 40).
cost(20, 16, 45).
cost(20, 17, 35).
cost(20, 18, 33).
cost(20, 19, 27).
cost(20, 21, 28).
cost(20, 22, 13).
cost(20, 23, 12).
cost(20, 24, 45).
cost(21, 1, 27).
cost(21, 2, 16).
cost(21, 3, 27).
cost(21, 4, 18).
cost(21, 5, 16).
cost(21, 6, 54).
cost(21, 7, 13).
cost(21, 8, 15).
cost(21, 9, 48).
cost(21, 10, 5).
cost(21, 11, 29).
cost(21, 12, 24).
cost(21, 13, 51).
cost(21, 14, 53).
cost(21, 15, 44).
cost(21, 16, 40).
cost(21, 17, 29).
cost(21, 18, 22).
cost(21, 19, 11).
cost(21, 20, 28).
cost(21, 22, 40).
cost(21, 23, 20).
cost(21, 24, 33).
cost(22, 1, 55).
cost(22, 2, 44).
cost(22, 3, 35).
cost(22, 4, 58).
cost(22, 5, 56).
cost(22, 6, 46).
cost(22, 7, 40).
cost(22, 8, 39).
cost(22, 9, 41).
cost(22, 10, 45).
cost(22, 11, 28).
cost(22, 12, 16).
cost(22, 13, 50).
cost(22, 14, 59).
cost(22, 15, 49).
cost(22, 16, 56).
cost(22, 17, 46).
cost(22, 18, 46).
cost(22, 19, 37).
cost(22, 20, 13).
cost(22, 21, 40).
cost(22, 23, 21).
cost(22, 24, 58).
cost(23, 1, 41).
cost(23, 2, 23).
cost(23, 3, 28).
cost(23, 4, 38).
cost(23, 5, 36).
cost(23, 6, 51).
cost(23, 7, 19).
cost(23, 8, 24).
cost(23, 9, 45).
cost(23, 10, 25).
cost(23, 11, 15).
cost(23, 12, 6).
cost(23, 13, 51).
cost(23, 14, 57).
cost(23, 15, 46).
cost(23, 16, 48).
cost(23, 17, 37).
cost(23, 18, 34).
cost(23, 19, 16).
cost(23, 20, 12).
cost(23, 21, 20).
cost(23, 22, 21).
cost(23, 24, 46).
cost(24, 1, 6).
cost(24, 2, 49).
cost(24, 3, 23).
cost(24, 4, 32).
cost(24, 5, 34).
cost(24, 6, 39).
cost(24, 7, 46).
cost(24, 8, 21).
cost(24, 9, 35).
cost(24, 10, 33).
cost(24, 11, 59).
cost(24, 12, 46).
cost(24, 13, 32).
cost(24, 14, 28).
cost(24, 15, 24).
cost(24, 16, 11).
cost(24, 17, 12).
cost(24, 18, 12).
cost(24, 19, 43).
cost(24, 20, 45).
cost(24, 21, 33).
cost(24, 22, 58).
cost(24, 23, 46).
