dimension(24).
point(1, 35.758257385, 26.4577176928).
point(2, 64.3456971924, 48.7844685451).
point(3, 95.4140975105, 70.8659716362).
point(4, 59.1078791179, 96.8696541485).
point(5, 32.1168424802, 27.4237111317).
point(6, 82.5018527111, 96.3384459848).
point(7, 54.8598246167, 42.775016385).
point(8, 69.8377158867, 18.042590719).
point(9, 97.7640834356, 62.9057422283).
point(10, 29.1184240767, 18.5655447136).
point(11, 39.5858053479, 17.1539385808).
point(12, 50.8128107721, 48.8273669803).
point(13, 36.9178875622, 60.8279096263).
point(14, 69.0471025866, 72.6735476906).
point(15, 33.9880654159, 46.4207044148).
point(16, 24.1866391413, 41.4553036739).
point(17, 65.5712215798, 88.688253719).
point(18, 93.4618746989, 58.0073494378).
point(19, 74.6120249289, 89.0097370281).
point(20, 89.589138519, 74.8106415143).
point(21, 89.140738674, 92.888170961).
point(22, 82.8582449516, 74.9105776859).
point(23, 53.0178198241, 84.396363988).
point(24, 39.0165231904, 23.9275385339).
cost(1, 2, 36).
cost(1, 3, 74).
cost(1, 4, 74).
cost(1, 5, 4).
cost(1, 6, 84).
cost(1, 7, 25).
cost(1, 8, 35).
cost(1, 9, 72).
cost(1, 10, 10).
cost(1, 11, 10).
cost(1, 12, 27).
cost(1, 13, 34).
cost(1, 14, 57).
cost(1, 15, 20).
cost(1, 16, 19).
cost(1, 17, 69).
cost(1, 18, 66).
cost(1, 19, 74).
cost(1, 20, 72).
cost(1, 21, 85).
cost(1, 22, 68).
cost(1, 23, 60).
cost(1, 24, 4).
cost(2, 1, 36).
cost(2, 3, 38).
cost(2, 4, 48).
cost(2, 5, 39).
cost(2, 6, 51).
cost(2, 7, 11).
cost(2, 8, 31).
cost(2, 9, 36).
cost(2, 10, 46).
cost(2, 11, 40).
cost(2, 12, 14).
cost(2, 13, 30).
cost(2, 14, 24).
cost(2, 15, 30).
cost(2, 16, 41).
cost(2, 17, 40).
cost(2, 18, 31).
cost(2, 19, 42).
cost(2, 20, 36).
cost(2, 21, 51).
cost(2, 22, 32).
cost(2, 23, 37).
cost(2, 24, 35).
cost(3, 1, 74).
cost(3, 2, 38).
cost(3, 4, 45).
cost(3, 5, 77).
cost(3, 6, 29).
cost(3, 7, 49).
cost(3, 8, 59).
cost(3, 9, 8).
cost(3, 10, 84).
cost(3, 11, 77).
cost(3, 12, 50).
cost(3, 13, 59).
cost(3, 14, 26).
cost(3, 15, 66).
cost(3, 16, 77).
cost(3, 17, 35).
cost(3, 18, 13).
cost(3, 19, 28).
cost(3, 20, 7).
cost(3, 21, 23).
cost(3, 22, 13).
cost(3, 23, 45).
cost(3, 24, 73).
cost(4, 1, 74).
cost(4, 2, 48).
cost(4, 3, 45).
cost(4, 5, 75).
cost(4, 6, 23).
cost(4, 7, 54).
cost(4, 8, 80).
cost(4, 9, 51).
cost(4, 10, 84).
cost(4, 11, 82).
cost(4, 12, 49).
cost(4, 13, 42).
cost(4, 14, 26).
cost(4, 15, 56).
cost(4, 16, 65).
cost(4, 17, 10).
cost(4, 18, 52).
cost(4, 19, 17).
cost(4, 20, 38).
cost(4, 21, 30).
cost(4, 22, 32).
cost(4, 23, 14).
cost(4, 24, 76).
cost(5, 1, 4).
cost(5, 2, 39).
cost(5, 3, 77).
cost(5, 4, 75).
cost(5, 6, 85).
cost(5, 7, 27).
cost(5, 8, 39).
cost(5, 9, 75).
cost(5, 10, 9).
cost(5, 11, 13).
cost(5, 12, 28).
cost(5, 13, 34).
cost(5, 14, 58).
cost(5, 15, 19).
cost(5, 16, 16).
cost(5, 17, 70).
cost(5, 18, 69).
cost(5, 19, 75).
cost(5, 20, 74).
cost(5, 21, 87).
cost(5, 22, 69).
cost(5, 23, 61).
cost(5, 24, 8).
cost(6, 1, 84).
cost(6, 2, 51).
cost(6, 3, 29).
cost(6, 4, 23).
cost(6, 5, 85).
cost(6, 7, 60).
cost(6, 8, 79).
cost(6, 9, 37).
cost(6, 10, 94).
cost(6, 11, 90).
cost(6, 12, 57).
cost(6, 13, 58).
cost(6, 14, 27).
cost(6, 15, 70).
cost(6, 16, 80).
cost(6, 17, 19).
cost(6, 18, 40).
cost(6, 19, 11).
cost(6, 20, 23).
cost(6, 21, 7).
cost(6, 22, 21).
cost(6, 23, 32).
cost(6, 24, 84).
cost(7, 1, 25).
cost(7, 2, 11).
cost(7, 3, 49).
cost(7, 4, 54).
cost(7, 5, 27).
cost(7, 6, 60).
cost(7, 8, 29).
cost(7, 9, 47).
cost(7, 10, 35).
cost(7, 11, 30).
cost(7, 12, 7).
cost(7, 13, 25).
cost(7, 14, 33).
cost(7, 15, 21).
cost(7, 16, 31).
cost(7, 17, 47).
cost(7, 18, 41).
cost(7, 19, 50).
cost(7, 20, 47).
cost(7, 21, 61).
cost(7, 22, 43).
cost(7, 23, 42).
cost(7, 24, 25).
cost(8, 1, 35).
cost(8, 2, 31).
cost(8, 3, 59).
cost(8, 4, 80).
cost(8, 5, 39).
cost(8, 6, 79).
cost(8, 7, 29).
cost(8, 9, 53).
cost(8, 10, 41).
cost(8, 11, 30).
cost(8, 12, 36).
cost(8, 13, 54).
cost(8, 14, 55).
cost(8, 15, 46).
cost(8, 16, 51).
cost(8, 17, 71).
cost(8, 18, 46).
cost(8, 19, 71).
cost(8, 20, 60).
cost(8, 21, 77).
cost(8, 22, 58).
cost(8, 23, 68).
cost(8, 24, 31).
cost(9, 1, 72).
cost(9, 2, 36).
cost(9, 3, 8).
cost(9, 4, 51).
cost(9, 5, 75).
cost(9, 6, 37).
cost(9, 7, 47).
cost(9, 8, 53).
cost(9, 10, 82).
cost(9, 11, 74).
cost(9, 12, 49).
cost(9, 13, 61).
cost(9, 14, 30).
cost(9, 15, 66).
cost(9, 16, 77).
cost(9, 17, 41).
cost(9, 18, 7).
cost(9, 19, 35).
cost(9, 20, 14).
cost(9, 21, 31).
cost(9, 22, 19).
cost(9, 23, 50).
cost(9, 24, 71).
cost(10, 1, 10).
cost(10, 2, 46).
cost(10, 3, 84).
cost(10, 4, 84).
cost(10, 5, 9).
cost(10, 6, 94).
cost(10, 7, 35).
cost(10, 8, 41).
cost(10, 9, 82).
cost(10, 11, 11).
cost(10, 12, 37).
cost(10, 13, 43).
cost(10, 14, 67).
cost(10, 15, 28).
cost(10, 16, 23).
cost(10, 17, 79).
cost(10, 18, 75).
cost(10, 19, 84).
cost(10, 20, 83).
cost(10, 21, 96).
cost(10, 22, 78).
cost(10, 23, 70).
cost(10, 24, 11).
cost(11, 1, 10).
cost(11, 2, 40).
cost(11, 3, 77).
cost(11, 4, 82).
cost(11, 5, 13).
cost(11, 6, 90).
cost(11, 7, 30).
cost(11, 8, 30).
cost(11, 9, 74).
cost(11, 10, 11).
cost(11, 12, 34).
cost(11, 13, 44).
cost(11, 14, 63).
cost(11, 15, 30).
cost(11, 16, 29).
cost(11, 17, 76).
cost(11, 18, 68).
cost(11, 19, 80).
cost(11, 20, 76).
cost(11, 21, 91).
cost(11, 22, 72).
cost(11, 23, 69).
cost(11, 24, 7).
cost(12, 1, 27).
cost(12, 2, 14).
cost(12, 3, 50).
cost(12, 4, 49).
cost(12, 5, 28).
cost(12, 6, 57).
cost(12, 7, 7).
cost(12, 8, 36).
cost(12, 9, 49).
cost(12, 10, 37).
cost(12, 11, 34).
cost(12, 13, 18).
cost(12, 14, 30).
cost(12, 15, 17).
cost(12, 16, 28).
cost(12, 17, 43).
cost(12, 18, 44).
cost(12, 19, 47).
cost(12, 20, 47).
cost(12, 21, 58).
cost(12, 22, 41).
cost(12, 23, 36).
cost(12, 24, 28).
cost(13, 1, 34).
cost(13, 2, 30).
cost(13, 3, 59).
cost(13, 4, 42).
cost(13, 5, 34).
cost(13, 6, 58).
cost(13, 7, 25).
cost(13, 8, 54).
cost(13, 9, 61).
cost(13, 10, 43).
cost(13, 11, 44).
cost(13, 12, 18).
cost(13, 14, 34).
cost(13, 15, 15).
cost(13, 16, 23).
cost(13, 17, 40).
cost(13, 18, 57).
cost(13, 19, 47).
cost(13, 20, 54).
cost(13, 21, 61).
cost(13, 22, 48).
cost(13, 23, 29).
cost(13, 24, 37).
cost(14, 1, 57).
cost(14, 2, 24).
cost(14, 3, 26).
cost(14, 4, 26).
cost(14, 5, 58).
cost(14, 6, 27).
cost(14, 7, 33).
cost(14, 8, 55).
cost(14, 9, 30).
cost(14, 10, 67).
cost(14, 11, 63).
cost(14, 12, 30).
cost(14, 13, 34).
cost(14, 15, 44).
cost(14, 16, 55).
cost(14, 17, 16).
cost(14, 18, 28).
cost(14, 19, 17).
cost(14, 20, 21).
cost(14, 21, 29).
cost(14, 22, 14).
cost(14, 23, 20).
cost(14, 24, 57).
cost(15, 1, 20).
cost(15, 2, 30).
cost(15, 3, 66).
cost(15, 4, 56).
cost(15, 5, 19).
cost(15, 6, 70).
cost(15, 7, 21).
cost(15, 8, 46).
cost(15, 9, 66).
cost(15, 10, 28).
cost(15, 11, 30).
cost(15, 12, 17).
cost(15, 13, 15).
cost(15, 14, 44).
cost(15, 16, 11).
cost(15, 17, 53).
cost(15, 18, 61).
cost(15, 19, 59).
cost(15, 20, 62).
cost(15, 21, 72).
cost(15, 22, 57).
cost(15, 23, 42).
cost(15, 24, 23).
cost(16, 1, 19).
cost(16, 2, 41).
cost(16, 3, 77).
cost(16, 4, 65).
cost(16, 5, 16).
cost(16, 6, 80).
cost(16, 7, 31).
cost(16, 8, 51).
cost(16, 9, 77).
cost(16, 10, 23).
cost(16, 11, 29).
cost(16, 12, 28).
cost(16, 13, 23).
cost(16, 14, 55).
cost(16, 15, 11).
cost(16, 17, 63).
cost(16, 18, 71).
cost(16, 19, 69).
cost(16, 20, 73).
cost(16, 21, 83).
cost(16, 22, 68).
cost(16, 23, 52).
cost(16, 24, 23).
cost(17, 1, 69).
cost(17, 2, 40).
cost(17, 3, 35).
cost(17, 4, 10).
cost(17, 5, 70).
cost(17, 6, 19).
cost(17, 7, 47).
cost(17, 8, 71).
cost(17, 9, 41).
cost(17, 10, 79).
cost(17, 11, 76).
cost(17, 12, 43).
cost(17, 13, 40).
cost(17, 14, 16).
cost(17, 15, 53).
cost(17, 16, 63).
cost(17, 18, 41).
cost(17, 19, 9).
cost(17, 20, 28).
cost(17, 21, 24).
cost(17, 22, 22).
cost(17, 23, 13).
cost(17, 24, 70).
cost(18, 1, 66).
cost(18, 2, 31).
cost(18, 3, 13).
cost(18, 4, 52).
cost(18, 5, 69).
cost(18, 6, 40).
cost(18, 7, 41).
cost(18, 8, 46).
cost(18, 9, 7).
cost(18, 10, 75).
cost(18, 11, 68).
cost(18, 12, 44).
cost(18, 13, 57).
cost(18, 14, 28).
cost(18, 15, 61).
cost(18, 16, 71).
cost(18, 17, 41).
cost(18, 19, 36).
cost(18, 20, 17).
cost(18, 21, 35).
cost(18, 22, 20).
cost(18, 23, 48).
cost(18, 24, 64).
cost(19, 1, 74).
cost(19, 2, 42).
cost(19, 3, 28).
cost(19, 4, 17).
cost(19, 5, 75).
cost(19, 6, 11).
cost(19, 7, 50).
cost(19, 8, 71).
cost(19, 9, 35).
cost(19, 10, 84).
cost(19, 11, 80).
cost(19, 12, 47).
cost(19, 13, 47).
cost(19, 14, 17).
cost(19, 15, 59).
cost(19, 16, 69).
cost(19, 17, 9).
cost(19, 18, 36).
cost(19, 20, 21).
cost(19, 21, 15).
cost(19, 22, 16).
cost(19, 23, 22).
cost(19, 24, 74).
cost(20, 1, 72).
cost(20, 2, 36).
cost(20, 3, 7).
cost(20, 4, 38).
cost(20, 5, 74).
cost(20, 6, 23).
cost(20, 7, 47).
cost(20, 8, 60).
cost(20, 9, 14).
cost(20, 10, 83).
cost(20, 11, 76).
cost(20, 12, 47).
cost(20, 13, 54).
cost(20, 14, 21).
cost(20, 15, 62).
cost(20, 16, 73).
cost(20, 17, 28).
cost(20, 18, 17).
cost(20, 19, 21).
cost(20, 21, 18).
cost(20, 22, 7).
cost(20, 23, 38).
cost(20, 24, 72).
cost(21, 1, 85).
cost(21, 2, 51).
cost(21, 3, 23).
cost(21, 4, 30).
cost(21, 5, 87).
cost(21, 6, 7).
cost(21, 7, 61).
cost(21, 8, 77).
cost(21, 9, 31).
cost(21, 10, 96).
cost(21, 11, 91).
cost(21, 12, 58).
cost(21, 13, 61).
cost(21, 14, 29).
cost(21, 15, 72).
cost(21, 16, 83).
cost(21, 17, 24).
cost(21, 18, 35).
cost(21, 19, 15).
cost(21, 20, 18).
cost(21, 22, 19).
cost(21, 23, 37).
cost(21, 24, 85).
cost(22, 1, 68).
cost(22, 2, 32).
cost(22, 3, 13).
cost(22, 4, 32).
cost(22, 5, 69).
cost(22, 6, 21).
cost(22, 7, 43).
cost(22, 8, 58).
cost(22, 9, 19).
cost(22, 10, 78).
cost(22, 11, 72).
cost(22, 12, 41).
cost(22, 13, 48).
cost(22, 14, 14).
cost(22, 15, 57).
cost(22, 16, 68).
cost(22, 17, 22).
cost(22, 18, 20).
cost(22, 19, 16).
cost(22, 20, 7).
cost(22, 21, 19).
cost(22, 23, 31).
cost(22, 24, 67).
cost(23, 1, 60).
cost(23, 2, 37).
cost(23, 3, 45).
cost(23, 4, 14).
cost(23, 5, 61).
cost(23, 6, 32).
cost(23, 7, 42).
cost(23, 8, 68).
cost(23, 9, 50).
cost(23, 10, 70).
cost(23, 11, 69).
cost(23, 12, 36).
cost(23, 13, 29).
cost(23, 14, 20).
cost(23, 15, 42).
cost(23, 16, 52).
cost(23, 17, 13).
cost(23, 18, 48).
cost(23, 19, 22).
cost(23, 20, 38).
cost(23, 21, 37).
cost(23, 22, 31).
cost(23, 24, 62).
cost(24, 1, 4).
cost(24, 2, 35).
cost(24, 3, 73).
cost(24, 4, 76).
cost(24, 5, 8).
cost(24, 6, 84).
cost(24, 7, 25).
cost(24, 8, 31).
cost(24, 9, 71).
cost(24, 10, 11).
cost(24, 11, 7).
cost(24, 12, 28).
cost(24, 13, 37).
cost(24, 14, 57).
cost(24, 15, 23).
cost(24, 16, 23).
cost(24, 17, 70).
cost(24, 18, 64).
cost(24, 19, 74).
cost(24, 20, 72).
cost(24, 21, 85).
cost(24, 22, 67).
cost(24, 23, 62).
