dimension(24).
point(1, 55.8742383783, 11.6452547243).
point(2, 30.3874192625, 47.4642609544).
point(3, 35.965758564, 3.7696553363).
point(4, 16.4164231916, 33.9056493197).
point(5, 97.5252717746, 51.3979616433).
point(6, 9.7901206556, 50.3976008333).
point(7, 71.4390807992, 50.658370379).
point(8, 84.914963712, 53.4914479378).
point(9, 92.0359625653, 85.9817942722).
point(10, 15.8816823385, 52.7869686183).
point(11, 77.2734840521, 61.7655796706).
point(12, 90.3016571998, 26.9673338708).
point(13, 92.9593664869, 56.1000020737).
point(14, 50.1532549742, 9.1772661819).
point(15, 69.8217880718, 73.9580264876).
point(16, 30.3021787339, 10.4630498968).
point(17, 57.2245029518, 63.6221414419).
point(18, 47.035609975, 24.8788072044).
point(19, 87.3658997099, 95.9653563593).
point(20, 73.1832877259, 63.2353839991).
point(21, 21.5814693721, 45.8139032782).
point(22, 70.4063714205, 83.4796339975).
point(23, 56.3263354782, 19.4731819088).
point(24, 47.1963650814, 32.3200801493).
cost(1, 2, 44).
cost(1, 3, 21).
cost(1, 4, 45).
cost(1, 5, 58).
cost(1, 6, 60).
cost(1, 7, 42).
cost(1, 8, 51).
cost(1, 9, 83).
cost(1, 10, 57).
cost(1, 11, 54).
cost(1, 12, 38).
cost(1, 13, 58).
cost(1, 14, 6).
cost(1, 15, 64).
cost(1, 16, 26).
cost(1, 17, 52).
cost(1, 18, 16).
cost(1, 19, 90).
cost(1, 20, 54).
cost(1, 21, 48).
cost(1, 22, 73).
cost(1, 23, 8).
cost(1, 24, 22).
cost(2, 1, 44).
cost(2, 3, 44).
cost(2, 4, 19).
cost(2, 5, 67).
cost(2, 6, 21).
cost(2, 7, 41).
cost(2, 8, 55).
cost(2, 9, 73).
cost(2, 10, 15).
cost(2, 11, 49).
cost(2, 12, 63).
cost(2, 13, 63).
cost(2, 14, 43).
cost(2, 15, 48).
cost(2, 16, 37).
cost(2, 17, 31).
cost(2, 18, 28).
cost(2, 19, 75).
cost(2, 20, 46).
cost(2, 21, 9).
cost(2, 22, 54).
cost(2, 23, 38).
cost(2, 24, 23).
cost(3, 1, 21).
cost(3, 2, 44).
cost(3, 4, 36).
cost(3, 5, 78).
cost(3, 6, 53).
cost(3, 7, 59).
cost(3, 8, 70).
cost(3, 9, 100).
cost(3, 10, 53).
cost(3, 11, 71).
cost(3, 12, 59).
cost(3, 13, 77).
cost(3, 14, 15).
cost(3, 15, 78).
cost(3, 16, 9).
cost(3, 17, 64).
cost(3, 18, 24).
cost(3, 19, 106).
cost(3, 20, 70).
cost(3, 21, 44).
cost(3, 22, 87).
cost(3, 23, 26).
cost(3, 24, 31).
cost(4, 1, 45).
cost(4, 2, 19).
cost(4, 3, 36).
cost(4, 5, 83).
cost(4, 6, 18).
cost(4, 7, 58).
cost(4, 8, 71).
cost(4, 9, 92).
cost(4, 10, 19).
cost(4, 11, 67).
cost(4, 12, 74).
cost(4, 13, 80).
cost(4, 14, 42).
cost(4, 15, 67).
cost(4, 16, 27).
cost(4, 17, 50).
cost(4, 18, 32).
cost(4, 19, 94).
cost(4, 20, 64).
cost(4, 21, 13).
cost(4, 22, 73).
cost(4, 23, 42).
cost(4, 24, 31).
cost(5, 1, 58).
cost(5, 2, 67).
cost(5, 3, 78).
cost(5, 4, 83).
cost(5, 6, 88).
cost(5, 7, 26).
cost(5, 8, 13).
cost(5, 9, 35).
cost(5, 10, 82).
cost(5, 11, 23).
cost(5, 12, 25).
cost(5, 13, 7).
cost(5, 14, 63).
cost(5, 15, 36).
cost(5, 16, 79).
cost(5, 17, 42).
cost(5, 18, 57).
cost(5, 19, 46).
cost(5, 20, 27).
cost(5, 21, 76).
cost(5, 22, 42).
cost(5, 23, 52).
cost(5, 24, 54).
cost(6, 1, 60).
cost(6, 2, 21).
cost(6, 3, 53).
cost(6, 4, 18).
cost(6, 5, 88).
cost(6, 7, 62).
cost(6, 8, 75).
cost(6, 9, 90).
cost(6, 10, 7).
cost(6, 11, 68).
cost(6, 12, 84).
cost(6, 13, 83).
cost(6, 14, 58).
cost(6, 15, 64).
cost(6, 16, 45).
cost(6, 17, 49).
cost(6, 18, 45).
cost(6, 19, 90).
cost(6, 20, 65).
cost(6, 21, 13).
cost(6, 22, 69).
cost(6, 23, 56).
cost(6, 24, 42).
cost(7, 1, 42).
cost(7, 2, 41).
cost(7, 3, 59).
cost(7, 4, 58).
cost(7, 5, 26).
cost(7, 6, 62).
cost(7, 8, 14).
cost(7, 9, 41).
cost(7, 10, 56).
cost(7, 11, 13).
cost(7, 12, 30).
cost(7, 13, 22).
cost(7, 14, 47).
cost(7, 15, 23).
cost(7, 16, 58).
cost(7, 17, 19).
cost(7, 18, 35).
cost(7, 19, 48).
cost(7, 20, 13).
cost(7, 21, 50).
cost(7, 22, 33).
cost(7, 23, 35).
cost(7, 24, 30).
cost(8, 1, 51).
cost(8, 2, 55).
cost(8, 3, 70).
cost(8, 4, 71).
cost(8, 5, 13).
cost(8, 6, 75).
cost(8, 7, 14).
cost(8, 9, 33).
cost(8, 10, 69).
cost(8, 11, 11).
cost(8, 12, 27).
cost(8, 13, 8).
cost(8, 14, 56).
cost(8, 15, 25).
cost(8, 16, 70).
cost(8, 17, 29).
cost(8, 18, 47).
cost(8, 19, 43).
cost(8, 20, 15).
cost(8, 21, 64).
cost(8, 22, 33).
cost(8, 23, 44).
cost(8, 24, 43).
cost(9, 1, 83).
cost(9, 2, 73).
cost(9, 3, 100).
cost(9, 4, 92).
cost(9, 5, 35).
cost(9, 6, 90).
cost(9, 7, 41).
cost(9, 8, 33).
cost(9, 10, 83).
cost(9, 11, 28).
cost(9, 12, 59).
cost(9, 13, 30).
cost(9, 14, 87).
cost(9, 15, 25).
cost(9, 16, 98).
cost(9, 17, 41).
cost(9, 18, 76).
cost(9, 19, 11).
cost(9, 20, 30).
cost(9, 21, 81).
cost(9, 22, 22).
cost(9, 23, 75).
cost(9, 24, 70).
cost(10, 1, 57).
cost(10, 2, 15).
cost(10, 3, 53).
cost(10, 4, 19).
cost(10, 5, 82).
cost(10, 6, 7).
cost(10, 7, 56).
cost(10, 8, 69).
cost(10, 9, 83).
cost(10, 11, 62).
cost(10, 12, 79).
cost(10, 13, 77).
cost(10, 14, 55).
cost(10, 15, 58).
cost(10, 16, 45).
cost(10, 17, 43).
cost(10, 18, 42).
cost(10, 19, 84).
cost(10, 20, 58).
cost(10, 21, 9).
cost(10, 22, 63).
cost(10, 23, 52).
cost(10, 24, 37).
cost(11, 1, 54).
cost(11, 2, 49).
cost(11, 3, 71).
cost(11, 4, 67).
cost(11, 5, 23).
cost(11, 6, 68).
cost(11, 7, 13).
cost(11, 8, 11).
cost(11, 9, 28).
cost(11, 10, 62).
cost(11, 12, 37).
cost(11, 13, 17).
cost(11, 14, 59).
cost(11, 15, 14).
cost(11, 16, 70).
cost(11, 17, 20).
cost(11, 18, 48).
cost(11, 19, 36).
cost(11, 20, 4).
cost(11, 21, 58).
cost(11, 22, 23).
cost(11, 23, 47).
cost(11, 24, 42).
cost(12, 1, 38).
cost(12, 2, 63).
cost(12, 3, 59).
cost(12, 4, 74).
cost(12, 5, 25).
cost(12, 6, 84).
cost(12, 7, 30).
cost(12, 8, 27).
cost(12, 9, 59).
cost(12, 10, 79).
cost(12, 11, 37).
cost(12, 13, 29).
cost(12, 14, 44).
cost(12, 15, 51).
cost(12, 16, 62).
cost(12, 17, 49).
cost(12, 18, 43).
cost(12, 19, 69).
cost(12, 20, 40).
cost(12, 21, 71).
cost(12, 22, 60).
cost(12, 23, 35).
cost(12, 24, 43).
cost(13, 1, 58).
cost(13, 2, 63).
cost(13, 3, 77).
cost(13, 4, 80).
cost(13, 5, 7).
cost(13, 6, 83).
cost(13, 7, 22).
cost(13, 8, 8).
cost(13, 9, 30).
cost(13, 10, 77).
cost(13, 11, 17).
cost(13, 12, 29).
cost(13, 14, 64).
cost(13, 15, 29).
cost(13, 16, 78).
cost(13, 17, 37).
cost(13, 18, 56).
cost(13, 19, 40).
cost(13, 20, 21).
cost(13, 21, 72).
cost(13, 22, 35).
cost(13, 23, 52).
cost(13, 24, 52).
cost(14, 1, 6).
cost(14, 2, 43).
cost(14, 3, 15).
cost(14, 4, 42).
cost(14, 5, 63).
cost(14, 6, 58).
cost(14, 7, 47).
cost(14, 8, 56).
cost(14, 9, 87).
cost(14, 10, 55).
cost(14, 11, 59).
cost(14, 12, 44).
cost(14, 13, 64).
cost(14, 15, 68).
cost(14, 16, 20).
cost(14, 17, 55).
cost(14, 18, 16).
cost(14, 19, 94).
cost(14, 20, 59).
cost(14, 21, 46).
cost(14, 22, 77).
cost(14, 23, 12).
cost(14, 24, 23).
cost(15, 1, 64).
cost(15, 2, 48).
cost(15, 3, 78).
cost(15, 4, 67).
cost(15, 5, 36).
cost(15, 6, 64).
cost(15, 7, 23).
cost(15, 8, 25).
cost(15, 9, 25).
cost(15, 10, 58).
cost(15, 11, 14).
cost(15, 12, 51).
cost(15, 13, 29).
cost(15, 14, 68).
cost(15, 16, 75).
cost(15, 17, 16).
cost(15, 18, 54).
cost(15, 19, 28).
cost(15, 20, 11).
cost(15, 21, 56).
cost(15, 22, 10).
cost(15, 23, 56).
cost(15, 24, 47).
cost(16, 1, 26).
cost(16, 2, 37).
cost(16, 3, 9).
cost(16, 4, 27).
cost(16, 5, 79).
cost(16, 6, 45).
cost(16, 7, 58).
cost(16, 8, 70).
cost(16, 9, 98).
cost(16, 10, 45).
cost(16, 11, 70).
cost(16, 12, 62).
cost(16, 13, 78).
cost(16, 14, 20).
cost(16, 15, 75).
cost(16, 17, 60).
cost(16, 18, 22).
cost(16, 19, 103).
cost(16, 20, 68).
cost(16, 21, 36).
cost(16, 22, 83).
cost(16, 23, 28).
cost(16, 24, 28).
cost(17, 1, 52).
cost(17, 2, 31).
cost(17, 3, 64).
cost(17, 4, 50).
cost(17, 5, 42).
cost(17, 6, 49).
cost(17, 7, 19).
cost(17, 8, 29).
cost(17, 9, 41).
cost(17, 10, 43).
cost(17, 11, 20).
cost(17, 12, 49).
cost(17, 13, 37).
cost(17, 14, 55).
cost(17, 15, 16).
cost(17, 16, 60).
cost(17, 18, 40).
cost(17, 19, 44).
cost(17, 20, 16).
cost(17, 21, 40).
cost(17, 22, 24).
cost(17, 23, 44).
cost(17, 24, 33).
cost(18, 1, 16).
cost(18, 2, 28).
cost(18, 3, 24).
cost(18, 4, 32).
cost(18, 5, 57).
cost(18, 6, 45).
cost(18, 7, 35).
cost(18, 8, 47).
cost(18, 9, 76).
cost(18, 10, 42).
cost(18, 11, 48).
cost(18, 12, 43).
cost(18, 13, 56).
cost(18, 14, 16).
cost(18, 15, 54).
cost(18, 16, 22).
cost(18, 17, 40).
cost(18, 19, 82).
cost(18, 20, 46).
cost(18, 21, 33).
cost(18, 22, 63).
cost(18, 23, 11).
cost(18, 24, 7).
cost(19, 1, 90).
cost(19, 2, 75).
cost(19, 3, 106).
cost(19, 4, 94).
cost(19, 5, 46).
cost(19, 6, 90).
cost(19, 7, 48).
cost(19, 8, 43).
cost(19, 9, 11).
cost(19, 10, 84).
cost(19, 11, 36).
cost(19, 12, 69).
cost(19, 13, 40).
cost(19, 14, 94).
cost(19, 15, 28).
cost(19, 16, 103).
cost(19, 17, 44).
cost(19, 18, 82).
cost(19, 20, 36).
cost(19, 21, 83).
cost(19, 22, 21).
cost(19, 23, 83).
cost(19, 24, 75).
cost(20, 1, 54).
cost(20, 2, 46).
cost(20, 3, 70).
cost(20, 4, 64).
cost(20, 5, 27).
cost(20, 6, 65).
cost(20, 7, 13).
cost(20, 8, 15).
cost(20, 9, 30).
cost(20, 10, 58).
cost(20, 11, 4).
cost(20, 12, 40).
cost(20, 13, 21).
cost(20, 14, 59).
cost(20, 15, 11).
cost(20, 16, 68).
cost(20, 17, 16).
cost(20, 18, 46).
cost(20, 19, 36).
cost(20, 21, 54).
cost(20, 22, 20).
cost(20, 23, 47).
cost(20, 24, 40).
cost(21, 1, 48).
cost(21, 2, 9).
cost(21, 3, 44).
cost(21, 4, 13).
cost(21, 5, 76).
cost(21, 6, 13).
cost(21, 7, 50).
cost(21, 8, 64).
cost(21, 9, 81).
cost(21, 10, 9).
cost(21, 11, 58).
cost(21, 12, 71).
cost(21, 13, 72).
cost(21, 14, 46).
cost(21, 15, 56).
cost(21, 16, 36).
cost(21, 17, 40).
cost(21, 18, 33).
cost(21, 19, 83).
cost(21, 20, 54).
cost(21, 22, 62).
cost(21, 23, 44).
cost(21, 24, 29).
cost(22, 1, 73).
cost(22, 2, 54).
cost(22, 3, 87).
cost(22, 4, 73).
cost(22, 5, 42).
cost(22, 6, 69).
cost(22, 7, 33).
cost(22, 8, 33).
cost(22, 9, 22).
cost(22, 10, 63).
cost(22, 11, 23).
cost(22, 12, 60).
cost(22, 13, 35).
cost(22, 14, 77).
cost(22, 15, 10).
cost(22, 16, 83).
cost(22, 17, 24).
cost(22, 18, 63).
cost(22, 19, 21).
cost(22, 20, 20).
cost(22, 21, 62).
cost(22, 23, 66).
cost(22, 24, 56).
cost(23, 1, 8).
cost(23, 2, 38).
cost(23, 3, 26).
cost(23, 4, 42).
cost(23, 5, 52).
cost(23, 6, 56).
cost(23, 7, 35).
cost(23, 8, 44).
cost(23, 9, 75).
cost(23, 10, 52).
cost(23, 11, 47).
cost(23, 12, 35).
cost(23, 13, 52).
cost(23, 14, 12).
cost(23, 15, 56).
cost(23, 16, 28).
cost(23, 17, 44).
cost(23, 18, 11).
cost(23, 19, 83).
cost(23, 20, 47).
cost(23, 21, 44).
cost(23, 22, 66).
cost(23, 24, 16).
cost(24, 1, 22).
cost(24, 2, 23).
cost(24, 3, 31).
cost(24, 4, 31).
cost(24, 5, 54).
cost(24, 6, 42).
cost(24, 7, 30).
cost(24, 8, 43).
cost(24, 9, 70).
cost(24, 10, 37).
cost(24, 11, 42).
cost(24, 12, 43).
cost(24, 13, 52).
cost(24, 14, 23).
cost(24, 15, 47).
cost(24, 16, 28).
cost(24, 17, 33).
cost(24, 18, 7).
cost(24, 19, 75).
cost(24, 20, 40).
cost(24, 21, 29).
cost(24, 22, 56).
cost(24, 23, 16).
