dimension(24).
point(1, 47.8426946297, 71.6470609462).
point(2, 17.9016526382, 80.1785450564).
point(3, 93.7278803794, 29.7313821812).
point(4, 70.5584912279, 25.2561832296).
point(5, 32.983405819, 96.1431815397).
point(6, 97.5240343339, 49.2416340579).
point(7, 83.9055917827, 51.9268008461).
point(8, 23.3092597458, 58.6867105451).
point(9, 70.455249813, 48.916716499).
point(10, 84.8957177692, 27.2133968742).
point(11, 12.8748086114, 71.2054865553).
point(12, 50.8659561915, 78.978524281).
point(13, 40.8923701294, 52.4788306344).
point(14, 52.1862239262, 71.701493795).
point(15, 87.720991399, 37.0370014435).
point(16, 88.1240533987, 67.9998936554).
point(17, 39.6098636355, 93.8913586982).
point(18, 94.5129920168, 52.438102272).
point(19, 13.9277659622, 94.4654285389).
point(20, 81.9811116795, 35.800940231).
point(21, 84.2008343807, 43.1399818148).
point(22, 79.9293496772, 46.1454935678).
point(23, 32.1792619192, 61.4436156083).
point(24, 5.4755408526, 79.9090205517).
cost(1, 2, 31).
cost(1, 3, 62).
cost(1, 4, 52).
cost(1, 5, 29).
cost(1, 6, 54).
cost(1, 7, 41).
cost(1, 8, 28).
cost(1, 9, 32).
cost(1, 10, 58).
cost(1, 11, 35).
cost(1, 12, 8).
cost(1, 13, 20).
cost(1, 14, 4).
cost(1, 15, 53).
cost(1, 16, 40).
cost(1, 17, 24).
cost(1, 18, 50).
cost(1, 19, 41).
cost(1, 20, 50).
cost(1, 21, 46).
cost(1, 22, 41).
cost(1, 23, 19).
cost(1, 24, 43).
cost(2, 1, 31).
cost(2, 3, 91).
cost(2, 4, 76).
cost(2, 5, 22).
cost(2, 6, 85).
cost(2, 7, 72).
cost(2, 8, 22).
cost(2, 9, 61).
cost(2, 10, 85).
cost(2, 11, 10).
cost(2, 12, 33).
cost(2, 13, 36).
cost(2, 14, 35).
cost(2, 15, 82).
cost(2, 16, 71).
cost(2, 17, 26).
cost(2, 18, 81).
cost(2, 19, 15).
cost(2, 20, 78).
cost(2, 21, 76).
cost(2, 22, 71).
cost(2, 23, 24).
cost(2, 24, 12).
cost(3, 1, 62).
cost(3, 2, 91).
cost(3, 4, 24).
cost(3, 5, 90).
cost(3, 6, 20).
cost(3, 7, 24).
cost(3, 8, 76).
cost(3, 9, 30).
cost(3, 10, 9).
cost(3, 11, 91).
cost(3, 12, 65).
cost(3, 13, 58).
cost(3, 14, 59).
cost(3, 15, 9).
cost(3, 16, 39).
cost(3, 17, 84).
cost(3, 18, 23).
cost(3, 19, 103).
cost(3, 20, 13).
cost(3, 21, 16).
cost(3, 22, 21).
cost(3, 23, 69).
cost(3, 24, 102).
cost(4, 1, 52).
cost(4, 2, 76).
cost(4, 3, 24).
cost(4, 5, 80).
cost(4, 6, 36).
cost(4, 7, 30).
cost(4, 8, 58).
cost(4, 9, 24).
cost(4, 10, 14).
cost(4, 11, 74).
cost(4, 12, 57).
cost(4, 13, 40).
cost(4, 14, 50).
cost(4, 15, 21).
cost(4, 16, 46).
cost(4, 17, 75).
cost(4, 18, 36).
cost(4, 19, 89).
cost(4, 20, 16).
cost(4, 21, 22).
cost(4, 22, 23).
cost(4, 23, 53).
cost(4, 24, 85).
cost(5, 1, 29).
cost(5, 2, 22).
cost(5, 3, 90).
cost(5, 4, 80).
cost(5, 6, 80).
cost(5, 7, 67).
cost(5, 8, 39).
cost(5, 9, 60).
cost(5, 10, 86).
cost(5, 11, 32).
cost(5, 12, 25).
cost(5, 13, 44).
cost(5, 14, 31).
cost(5, 15, 81).
cost(5, 16, 62).
cost(5, 17, 7).
cost(5, 18, 75).
cost(5, 19, 19).
cost(5, 20, 78).
cost(5, 21, 74).
cost(5, 22, 69).
cost(5, 23, 35).
cost(5, 24, 32).
cost(6, 1, 54).
cost(6, 2, 85).
cost(6, 3, 20).
cost(6, 4, 36).
cost(6, 5, 80).
cost(6, 7, 14).
cost(6, 8, 75).
cost(6, 9, 27).
cost(6, 10, 25).
cost(6, 11, 87).
cost(6, 12, 55).
cost(6, 13, 57).
cost(6, 14, 51).
cost(6, 15, 16).
cost(6, 16, 21).
cost(6, 17, 73).
cost(6, 18, 4).
cost(6, 19, 95).
cost(6, 20, 21).
cost(6, 21, 15).
cost(6, 22, 18).
cost(6, 23, 66).
cost(6, 24, 97).
cost(7, 1, 41).
cost(7, 2, 72).
cost(7, 3, 24).
cost(7, 4, 30).
cost(7, 5, 67).
cost(7, 6, 14).
cost(7, 8, 61).
cost(7, 9, 14).
cost(7, 10, 25).
cost(7, 11, 74).
cost(7, 12, 43).
cost(7, 13, 43).
cost(7, 14, 37).
cost(7, 15, 15).
cost(7, 16, 17).
cost(7, 17, 61).
cost(7, 18, 11).
cost(7, 19, 82).
cost(7, 20, 16).
cost(7, 21, 9).
cost(7, 22, 7).
cost(7, 23, 53).
cost(7, 24, 83).
cost(8, 1, 28).
cost(8, 2, 22).
cost(8, 3, 76).
cost(8, 4, 58).
cost(8, 5, 39).
cost(8, 6, 75).
cost(8, 7, 61).
cost(8, 9, 48).
cost(8, 10, 69).
cost(8, 11, 16).
cost(8, 12, 34).
cost(8, 13, 19).
cost(8, 14, 32).
cost(8, 15, 68).
cost(8, 16, 65).
cost(8, 17, 39).
cost(8, 18, 71).
cost(8, 19, 37).
cost(8, 20, 63).
cost(8, 21, 63).
cost(8, 22, 58).
cost(8, 23, 9).
cost(8, 24, 28).
cost(9, 1, 32).
cost(9, 2, 61).
cost(9, 3, 30).
cost(9, 4, 24).
cost(9, 5, 60).
cost(9, 6, 27).
cost(9, 7, 14).
cost(9, 8, 48).
cost(9, 10, 26).
cost(9, 11, 62).
cost(9, 12, 36).
cost(9, 13, 30).
cost(9, 14, 29).
cost(9, 15, 21).
cost(9, 16, 26).
cost(9, 17, 55).
cost(9, 18, 24).
cost(9, 19, 73).
cost(9, 20, 17).
cost(9, 21, 15).
cost(9, 22, 10).
cost(9, 23, 40).
cost(9, 24, 72).
cost(10, 1, 58).
cost(10, 2, 85).
cost(10, 3, 9).
cost(10, 4, 14).
cost(10, 5, 86).
cost(10, 6, 25).
cost(10, 7, 25).
cost(10, 8, 69).
cost(10, 9, 26).
cost(10, 11, 84).
cost(10, 12, 62).
cost(10, 13, 51).
cost(10, 14, 55).
cost(10, 15, 10).
cost(10, 16, 41).
cost(10, 17, 81).
cost(10, 18, 27).
cost(10, 19, 98).
cost(10, 20, 9).
cost(10, 21, 16).
cost(10, 22, 20).
cost(10, 23, 63).
cost(10, 24, 95).
cost(11, 1, 35).
cost(11, 2, 10).
cost(11, 3, 91).
cost(11, 4, 74).
cost(11, 5, 32).
cost(11, 6, 87).
cost(11, 7, 74).
cost(11, 8, 16).
cost(11, 9, 62).
cost(11, 10, 84).
cost(11, 12, 39).
cost(11, 13, 34).
cost(11, 14, 39).
cost(11, 15, 82).
cost(11, 16, 75).
cost(11, 17, 35).
cost(11, 18, 84).
cost(11, 19, 23).
cost(11, 20, 78).
cost(11, 21, 77).
cost(11, 22, 72).
cost(11, 23, 22).
cost(11, 24, 11).
cost(12, 1, 8).
cost(12, 2, 33).
cost(12, 3, 65).
cost(12, 4, 57).
cost(12, 5, 25).
cost(12, 6, 55).
cost(12, 7, 43).
cost(12, 8, 34).
cost(12, 9, 36).
cost(12, 10, 62).
cost(12, 11, 39).
cost(12, 13, 28).
cost(12, 14, 7).
cost(12, 15, 56).
cost(12, 16, 39).
cost(12, 17, 19).
cost(12, 18, 51).
cost(12, 19, 40).
cost(12, 20, 53).
cost(12, 21, 49).
cost(12, 22, 44).
cost(12, 23, 26).
cost(12, 24, 45).
cost(13, 1, 20).
cost(13, 2, 36).
cost(13, 3, 58).
cost(13, 4, 40).
cost(13, 5, 44).
cost(13, 6, 57).
cost(13, 7, 43).
cost(13, 8, 19).
cost(13, 9, 30).
cost(13, 10, 51).
cost(13, 11, 34).
cost(13, 12, 28).
cost(13, 14, 22).
cost(13, 15, 49).
cost(13, 16, 50).
cost(13, 17, 41).
cost(13, 18, 54).
cost(13, 19, 50).
cost(13, 20, 44).
cost(13, 21, 44).
cost(13, 22, 40).
cost(13, 23, 13).
cost(13, 24, 45).
cost(14, 1, 4).
cost(14, 2, 35).
cost(14, 3, 59).
cost(14, 4, 50).
cost(14, 5, 31).
cost(14, 6, 51).
cost(14, 7, 37).
cost(14, 8, 32).
cost(14, 9, 29).
cost(14, 10, 55).
cost(14, 11, 39).
cost(14, 12, 7).
cost(14, 13, 22).
cost(14, 15, 50).
cost(14, 16, 36).
cost(14, 17, 26).
cost(14, 18, 47).
cost(14, 19, 45).
cost(14, 20, 47).
cost(14, 21, 43).
cost(14, 22, 38).
cost(14, 23, 22).
cost(14, 24, 47).
cost(15, 1, 53).
cost(15, 2, 82).
cost(15, 3, 9).
cost(15, 4, 21).
cost(15, 5, 81).
cost(15, 6, 16).
cost(15, 7, 15).
cost(15, 8, 68).
cost(15, 9, 21).
cost(15, 10, 10).
cost(15, 11, 82).
cost(15, 12, 56).
cost(15, 13, 49).
cost(15, 14, 50).
cost(15, 16, 31).
cost(15, 17, 74).
cost(15, 18, 17).
cost(15, 19, 94).
cost(15, 20, 6).
cost(15, 21, 7).
cost(15, 22, 12).
cost(15, 23, 61).
cost(15, 24, 93).
cost(16, 1, 40).
cost(16, 2, 71).
cost(16, 3, 39).
cost(16, 4, 46).
cost(16, 5, 62).
cost(16, 6, 21).
cost(16, 7, 17).
cost(16, 8, 65).
cost(16, 9, 26).
cost(16, 10, 41).
cost(16, 11, 75).
cost(16, 12, 39).
cost(16, 13, 50).
cost(16, 14, 36).
cost(16, 15, 31).
cost(16, 17, 55).
cost(16, 18, 17).
cost(16, 19, 79).
cost(16, 20, 33).
cost(16, 21, 25).
cost(16, 22, 23).
cost(16, 23, 56).
cost(16, 24, 84).
cost(17, 1, 24).
cost(17, 2, 26).
cost(17, 3, 84).
cost(17, 4, 75).
cost(17, 5, 7).
cost(17, 6, 73).
cost(17, 7, 61).
cost(17, 8, 39).
cost(17, 9, 55).
cost(17, 10, 81).
cost(17, 11, 35).
cost(17, 12, 19).
cost(17, 13, 41).
cost(17, 14, 26).
cost(17, 15, 74).
cost(17, 16, 55).
cost(17, 18, 69).
cost(17, 19, 26).
cost(17, 20, 72).
cost(17, 21, 68).
cost(17, 22, 62).
cost(17, 23, 33).
cost(17, 24, 37).
cost(18, 1, 50).
cost(18, 2, 81).
cost(18, 3, 23).
cost(18, 4, 36).
cost(18, 5, 75).
cost(18, 6, 4).
cost(18, 7, 11).
cost(18, 8, 71).
cost(18, 9, 24).
cost(18, 10, 27).
cost(18, 11, 84).
cost(18, 12, 51).
cost(18, 13, 54).
cost(18, 14, 47).
cost(18, 15, 17).
cost(18, 16, 17).
cost(18, 17, 69).
cost(18, 19, 91).
cost(18, 20, 21).
cost(18, 21, 14).
cost(18, 22, 16).
cost(18, 23, 63).
cost(18, 24, 93).
cost(19, 1, 41).
cost(19, 2, 15).
cost(19, 3, 103).
cost(19, 4, 89).
cost(19, 5, 19).
cost(19, 6, 95).
cost(19, 7, 82).
cost(19, 8, 37).
cost(19, 9, 73).
cost(19, 10, 98).
cost(19, 11, 23).
cost(19, 12, 40).
cost(19, 13, 50).
cost(19, 14, 45).
cost(19, 15, 94).
cost(19, 16, 79).
cost(19, 17, 26).
cost(19, 18, 91).
cost(19, 20, 90).
cost(19, 21, 87).
cost(19, 22, 82).
cost(19, 23, 38).
cost(19, 24, 17).
cost(20, 1, 50).
cost(20, 2, 78).
cost(20, 3, 13).
cost(20, 4, 16).
cost(20, 5, 78).
cost(20, 6, 21).
cost(20, 7, 16).
cost(20, 8, 63).
cost(20, 9, 17).
cost(20, 10, 9).
cost(20, 11, 78).
cost(20, 12, 53).
cost(20, 13, 44).
cost(20, 14, 47).
cost(20, 15, 6).
cost(20, 16, 33).
cost(20, 17, 72).
cost(20, 18, 21).
cost(20, 19, 90).
cost(20, 21, 8).
cost(20, 22, 11).
cost(20, 23, 56).
cost(20, 24, 88).
cost(21, 1, 46).
cost(21, 2, 76).
cost(21, 3, 16).
cost(21, 4, 22).
cost(21, 5, 74).
cost(21, 6, 15).
cost(21, 7, 9).
cost(21, 8, 63).
cost(21, 9, 15).
cost(21, 10, 16).
cost(21, 11, 77).
cost(21, 12, 49).
cost(21, 13, 44).
cost(21, 14, 43).
cost(21, 15, 7).
cost(21, 16, 25).
cost(21, 17, 68).
cost(21, 18, 14).
cost(21, 19, 87).
cost(21, 20, 8).
cost(21, 22, 5).
cost(21, 23, 55).
cost(21, 24, 87).
cost(22, 1, 41).
cost(22, 2, 71).
cost(22, 3, 21).
cost(22, 4, 23).
cost(22, 5, 69).
cost(22, 6, 18).
cost(22, 7, 7).
cost(22, 8, 58).
cost(22, 9, 10).
cost(22, 10, 20).
cost(22, 11, 72).
cost(22, 12, 44).
cost(22, 13, 40).
cost(22, 14, 38).
cost(22, 15, 12).
cost(22, 16, 23).
cost(22, 17, 62).
cost(22, 18, 16).
cost(22, 19, 82).
cost(22, 20, 11).
cost(22, 21, 5).
cost(22, 23, 50).
cost(22, 24, 82).
cost(23, 1, 19).
cost(23, 2, 24).
cost(23, 3, 69).
cost(23, 4, 53).
cost(23, 5, 35).
cost(23, 6, 66).
cost(23, 7, 53).
cost(23, 8, 9).
cost(23, 9, 40).
cost(23, 10, 63).
cost(23, 11, 22).
cost(23, 12, 26).
cost(23, 13, 13).
cost(23, 14, 22).
cost(23, 15, 61).
cost(23, 16, 56).
cost(23, 17, 33).
cost(23, 18, 63).
cost(23, 19, 38).
cost(23, 20, 56).
cost(23, 21, 55).
cost(23, 22, 50).
cost(23, 24, 32).
cost(24, 1, 43).
cost(24, 2, 12).
cost(24, 3, 102).
cost(24, 4, 85).
cost(24, 5, 32).
cost(24, 6, 97).
cost(24, 7, 83).
cost(24, 8, 28).
cost(24, 9, 72).
cost(24, 10, 95).
cost(24, 11, 11).
cost(24, 12, 45).
cost(24, 13, 45).
cost(24, 14, 47).
cost(24, 15, 93).
cost(24, 16, 84).
cost(24, 17, 37).
cost(24, 18, 93).
cost(24, 19, 17).
cost(24, 20, 88).
cost(24, 21, 87).
cost(24, 22, 82).
cost(24, 23, 32).
