dimension(24).
point(1, 59.4879820538, 80.8015736857).
point(2, 42.5176294455, 79.8592548506).
point(3, 48.5405825808, 91.0285805444).
point(4, 63.0527645539, 86.2249889627).
point(5, 56.7456790864, 87.4698433514).
point(6, 72.9365777796, 88.4442896034).
point(7, 50.7763142064, 80.4148950616).
point(8, 54.8090080768, 91.4240684647).
point(9, 29.9368303152, 39.3008668718).
point(10, 29.6199882005, 43.7247611526).
point(11, 25.2736076133, 54.692998484).
point(12, 30.0789753928, 48.6490882307).
point(13, 81.0976787585, 11.6883194761).
point(14, 82.9175416994, 11.5407425433).
point(15, 98.2163349258, 20.5085729285).
point(16, 89.2039513883, 10.3104336027).
point(17, 17.0662520632, 73.8927167129).
point(18, 13.8011507512, 70.1239794356).
point(19, 2.6852813345, 62.3870460073).
point(20, 15.1957995946, 61.4066302533).
point(21, 60.2512457655, 23.5572874874).
point(22, 60.0412417079, 35.4417113848).
point(23, 54.9790928279, 29.072269646).
point(24, 49.7510730528, 20.4603585515).
cost(1, 2, 17).
cost(1, 3, 15).
cost(1, 4, 6).
cost(1, 5, 7).
cost(1, 6, 15).
cost(1, 7, 9).
cost(1, 8, 12).
cost(1, 9, 51).
cost(1, 10, 48).
cost(1, 11, 43).
cost(1, 12, 44).
cost(1, 13, 72).
cost(1, 14, 73).
cost(1, 15, 72).
cost(1, 16, 76).
cost(1, 17, 43).
cost(1, 18, 47).
cost(1, 19, 60).
cost(1, 20, 48).
cost(1, 21, 57).
cost(1, 22, 45).
cost(1, 23, 52).
cost(1, 24, 61).
cost(2, 1, 17).
cost(2, 3, 13).
cost(2, 4, 21).
cost(2, 5, 16).
cost(2, 6, 32).
cost(2, 7, 8).
cost(2, 8, 17).
cost(2, 9, 42).
cost(2, 10, 38).
cost(2, 11, 31).
cost(2, 12, 34).
cost(2, 13, 78).
cost(2, 14, 79).
cost(2, 15, 81).
cost(2, 16, 84).
cost(2, 17, 26).
cost(2, 18, 30).
cost(2, 19, 43).
cost(2, 20, 33).
cost(2, 21, 59).
cost(2, 22, 48).
cost(2, 23, 52).
cost(2, 24, 60).
cost(3, 1, 15).
cost(3, 2, 13).
cost(3, 4, 15).
cost(3, 5, 9).
cost(3, 6, 25).
cost(3, 7, 11).
cost(3, 8, 6).
cost(3, 9, 55).
cost(3, 10, 51).
cost(3, 11, 43).
cost(3, 12, 46).
cost(3, 13, 86).
cost(3, 14, 87).
cost(3, 15, 86).
cost(3, 16, 90).
cost(3, 17, 36).
cost(3, 18, 41).
cost(3, 19, 54).
cost(3, 20, 45).
cost(3, 21, 68).
cost(3, 22, 57).
cost(3, 23, 62).
cost(3, 24, 71).
cost(4, 1, 6).
cost(4, 2, 21).
cost(4, 3, 15).
cost(4, 5, 6).
cost(4, 6, 10).
cost(4, 7, 14).
cost(4, 8, 10).
cost(4, 9, 57).
cost(4, 10, 54).
cost(4, 11, 49).
cost(4, 12, 50).
cost(4, 13, 77).
cost(4, 14, 77).
cost(4, 15, 75).
cost(4, 16, 80).
cost(4, 17, 48).
cost(4, 18, 52).
cost(4, 19, 65).
cost(4, 20, 54).
cost(4, 21, 63).
cost(4, 22, 51).
cost(4, 23, 58).
cost(4, 24, 67).
cost(5, 1, 7).
cost(5, 2, 16).
cost(5, 3, 9).
cost(5, 4, 6).
cost(5, 6, 16).
cost(5, 7, 9).
cost(5, 8, 4).
cost(5, 9, 55).
cost(5, 10, 51).
cost(5, 11, 45).
cost(5, 12, 47).
cost(5, 13, 80).
cost(5, 14, 80).
cost(5, 15, 79).
cost(5, 16, 84).
cost(5, 17, 42).
cost(5, 18, 46).
cost(5, 19, 60).
cost(5, 20, 49).
cost(5, 21, 64).
cost(5, 22, 52).
cost(5, 23, 58).
cost(5, 24, 67).
cost(6, 1, 15).
cost(6, 2, 32).
cost(6, 3, 25).
cost(6, 4, 10).
cost(6, 5, 16).
cost(6, 7, 24).
cost(6, 8, 18).
cost(6, 9, 65).
cost(6, 10, 62).
cost(6, 11, 58).
cost(6, 12, 58).
cost(6, 13, 77).
cost(6, 14, 78).
cost(6, 15, 72).
cost(6, 16, 80).
cost(6, 17, 58).
cost(6, 18, 62).
cost(6, 19, 75).
cost(6, 20, 64).
cost(6, 21, 66).
cost(6, 22, 55).
cost(6, 23, 62).
cost(6, 24, 72).
cost(7, 1, 9).
cost(7, 2, 8).
cost(7, 3, 11).
cost(7, 4, 14).
cost(7, 5, 9).
cost(7, 6, 24).
cost(7, 8, 12).
cost(7, 9, 46).
cost(7, 10, 42).
cost(7, 11, 36).
cost(7, 12, 38).
cost(7, 13, 75).
cost(7, 14, 76).
cost(7, 15, 76).
cost(7, 16, 80).
cost(7, 17, 34).
cost(7, 18, 38).
cost(7, 19, 51).
cost(7, 20, 40).
cost(7, 21, 58).
cost(7, 22, 46).
cost(7, 23, 52).
cost(7, 24, 60).
cost(8, 1, 12).
cost(8, 2, 17).
cost(8, 3, 6).
cost(8, 4, 10).
cost(8, 5, 4).
cost(8, 6, 18).
cost(8, 7, 12).
cost(8, 9, 58).
cost(8, 10, 54).
cost(8, 11, 47).
cost(8, 12, 49).
cost(8, 13, 84).
cost(8, 14, 85).
cost(8, 15, 83).
cost(8, 16, 88).
cost(8, 17, 42).
cost(8, 18, 46).
cost(8, 19, 60).
cost(8, 20, 50).
cost(8, 21, 68).
cost(8, 22, 56).
cost(8, 23, 62).
cost(8, 24, 71).
cost(9, 1, 51).
cost(9, 2, 42).
cost(9, 3, 55).
cost(9, 4, 57).
cost(9, 5, 55).
cost(9, 6, 65).
cost(9, 7, 46).
cost(9, 8, 58).
cost(9, 10, 4).
cost(9, 11, 16).
cost(9, 12, 9).
cost(9, 13, 58).
cost(9, 14, 60).
cost(9, 15, 71).
cost(9, 16, 66).
cost(9, 17, 37).
cost(9, 18, 35).
cost(9, 19, 36).
cost(9, 20, 27).
cost(9, 21, 34).
cost(9, 22, 30).
cost(9, 23, 27).
cost(9, 24, 27).
cost(10, 1, 48).
cost(10, 2, 38).
cost(10, 3, 51).
cost(10, 4, 54).
cost(10, 5, 51).
cost(10, 6, 62).
cost(10, 7, 42).
cost(10, 8, 54).
cost(10, 9, 4).
cost(10, 11, 12).
cost(10, 12, 5).
cost(10, 13, 61).
cost(10, 14, 62).
cost(10, 15, 72).
cost(10, 16, 68).
cost(10, 17, 33).
cost(10, 18, 31).
cost(10, 19, 33).
cost(10, 20, 23).
cost(10, 21, 37).
cost(10, 22, 32).
cost(10, 23, 29).
cost(10, 24, 31).
cost(11, 1, 43).
cost(11, 2, 31).
cost(11, 3, 43).
cost(11, 4, 49).
cost(11, 5, 45).
cost(11, 6, 58).
cost(11, 7, 36).
cost(11, 8, 47).
cost(11, 9, 16).
cost(11, 10, 12).
cost(11, 12, 8).
cost(11, 13, 70).
cost(11, 14, 72).
cost(11, 15, 81).
cost(11, 16, 78).
cost(11, 17, 21).
cost(11, 18, 19).
cost(11, 19, 24).
cost(11, 20, 12).
cost(11, 21, 47).
cost(11, 22, 40).
cost(11, 23, 39).
cost(11, 24, 42).
cost(12, 1, 44).
cost(12, 2, 34).
cost(12, 3, 46).
cost(12, 4, 50).
cost(12, 5, 47).
cost(12, 6, 58).
cost(12, 7, 38).
cost(12, 8, 49).
cost(12, 9, 9).
cost(12, 10, 5).
cost(12, 11, 8).
cost(12, 13, 63).
cost(12, 14, 65).
cost(12, 15, 74).
cost(12, 16, 70).
cost(12, 17, 28).
cost(12, 18, 27).
cost(12, 19, 31).
cost(12, 20, 20).
cost(12, 21, 39).
cost(12, 22, 33).
cost(12, 23, 32).
cost(12, 24, 34).
cost(13, 1, 72).
cost(13, 2, 78).
cost(13, 3, 86).
cost(13, 4, 77).
cost(13, 5, 80).
cost(13, 6, 77).
cost(13, 7, 75).
cost(13, 8, 84).
cost(13, 9, 58).
cost(13, 10, 61).
cost(13, 11, 70).
cost(13, 12, 63).
cost(13, 14, 2).
cost(13, 15, 19).
cost(13, 16, 8).
cost(13, 17, 89).
cost(13, 18, 89).
cost(13, 19, 93).
cost(13, 20, 83).
cost(13, 21, 24).
cost(13, 22, 32).
cost(13, 23, 31).
cost(13, 24, 33).
cost(14, 1, 73).
cost(14, 2, 79).
cost(14, 3, 87).
cost(14, 4, 77).
cost(14, 5, 80).
cost(14, 6, 78).
cost(14, 7, 76).
cost(14, 8, 85).
cost(14, 9, 60).
cost(14, 10, 62).
cost(14, 11, 72).
cost(14, 12, 65).
cost(14, 13, 2).
cost(14, 15, 18).
cost(14, 16, 6).
cost(14, 17, 91).
cost(14, 18, 91).
cost(14, 19, 95).
cost(14, 20, 84).
cost(14, 21, 26).
cost(14, 22, 33).
cost(14, 23, 33).
cost(14, 24, 34).
cost(15, 1, 72).
cost(15, 2, 81).
cost(15, 3, 86).
cost(15, 4, 75).
cost(15, 5, 79).
cost(15, 6, 72).
cost(15, 7, 76).
cost(15, 8, 83).
cost(15, 9, 71).
cost(15, 10, 72).
cost(15, 11, 81).
cost(15, 12, 74).
cost(15, 13, 19).
cost(15, 14, 18).
cost(15, 16, 14).
cost(15, 17, 97).
cost(15, 18, 98).
cost(15, 19, 104).
cost(15, 20, 93).
cost(15, 21, 38).
cost(15, 22, 41).
cost(15, 23, 44).
cost(15, 24, 48).
cost(16, 1, 76).
cost(16, 2, 84).
cost(16, 3, 90).
cost(16, 4, 80).
cost(16, 5, 84).
cost(16, 6, 80).
cost(16, 7, 80).
cost(16, 8, 88).
cost(16, 9, 66).
cost(16, 10, 68).
cost(16, 11, 78).
cost(16, 12, 70).
cost(16, 13, 8).
cost(16, 14, 6).
cost(16, 15, 14).
cost(16, 17, 96).
cost(16, 18, 96).
cost(16, 19, 101).
cost(16, 20, 90).
cost(16, 21, 32).
cost(16, 22, 38).
cost(16, 23, 39).
cost(16, 24, 41).
cost(17, 1, 43).
cost(17, 2, 26).
cost(17, 3, 36).
cost(17, 4, 48).
cost(17, 5, 42).
cost(17, 6, 58).
cost(17, 7, 34).
cost(17, 8, 42).
cost(17, 9, 37).
cost(17, 10, 33).
cost(17, 11, 21).
cost(17, 12, 28).
cost(17, 13, 89).
cost(17, 14, 91).
cost(17, 15, 97).
cost(17, 16, 96).
cost(17, 18, 5).
cost(17, 19, 18).
cost(17, 20, 13).
cost(17, 21, 66).
cost(17, 22, 58).
cost(17, 23, 59).
cost(17, 24, 63).
cost(18, 1, 47).
cost(18, 2, 30).
cost(18, 3, 41).
cost(18, 4, 52).
cost(18, 5, 46).
cost(18, 6, 62).
cost(18, 7, 38).
cost(18, 8, 46).
cost(18, 9, 35).
cost(18, 10, 31).
cost(18, 11, 19).
cost(18, 12, 27).
cost(18, 13, 89).
cost(18, 14, 91).
cost(18, 15, 98).
cost(18, 16, 96).
cost(18, 17, 5).
cost(18, 19, 14).
cost(18, 20, 9).
cost(18, 21, 66).
cost(18, 22, 58).
cost(18, 23, 58).
cost(18, 24, 61).
cost(19, 1, 60).
cost(19, 2, 43).
cost(19, 3, 54).
cost(19, 4, 65).
cost(19, 5, 60).
cost(19, 6, 75).
cost(19, 7, 51).
cost(19, 8, 60).
cost(19, 9, 36).
cost(19, 10, 33).
cost(19, 11, 24).
cost(19, 12, 31).
cost(19, 13, 93).
cost(19, 14, 95).
cost(19, 15, 104).
cost(19, 16, 101).
cost(19, 17, 18).
cost(19, 18, 14).
cost(19, 20, 13).
cost(19, 21, 69).
cost(19, 22, 63).
cost(19, 23, 62).
cost(19, 24, 63).
cost(20, 1, 48).
cost(20, 2, 33).
cost(20, 3, 45).
cost(20, 4, 54).
cost(20, 5, 49).
cost(20, 6, 64).
cost(20, 7, 40).
cost(20, 8, 50).
cost(20, 9, 27).
cost(20, 10, 23).
cost(20, 11, 12).
cost(20, 12, 20).
cost(20, 13, 83).
cost(20, 14, 84).
cost(20, 15, 93).
cost(20, 16, 90).
cost(20, 17, 13).
cost(20, 18, 9).
cost(20, 19, 13).
cost(20, 21, 59).
cost(20, 22, 52).
cost(20, 23, 51).
cost(20, 24, 54).
cost(21, 1, 57).
cost(21, 2, 59).
cost(21, 3, 68).
cost(21, 4, 63).
cost(21, 5, 64).
cost(21, 6, 66).
cost(21, 7, 58).
cost(21, 8, 68).
cost(21, 9, 34).
cost(21, 10, 37).
cost(21, 11, 47).
cost(21, 12, 39).
cost(21, 13, 24).
cost(21, 14, 26).
cost(21, 15, 38).
cost(21, 16, 32).
cost(21, 17, 66).
cost(21, 18, 66).
cost(21, 19, 69).
cost(21, 20, 59).
cost(21, 22, 12).
cost(21, 23, 8).
cost(21, 24, 11).
cost(22, 1, 45).
cost(22, 2, 48).
cost(22, 3, 57).
cost(22, 4, 51).
cost(22, 5, 52).
cost(22, 6, 55).
cost(22, 7, 46).
cost(22, 8, 56).
cost(22, 9, 30).
cost(22, 10, 32).
cost(22, 11, 40).
cost(22, 12, 33).
cost(22, 13, 32).
cost(22, 14, 33).
cost(22, 15, 41).
cost(22, 16, 38).
cost(22, 17, 58).
cost(22, 18, 58).
cost(22, 19, 63).
cost(22, 20, 52).
cost(22, 21, 12).
cost(22, 23, 8).
cost(22, 24, 18).
cost(23, 1, 52).
cost(23, 2, 52).
cost(23, 3, 62).
cost(23, 4, 58).
cost(23, 5, 58).
cost(23, 6, 62).
cost(23, 7, 52).
cost(23, 8, 62).
cost(23, 9, 27).
cost(23, 10, 29).
cost(23, 11, 39).
cost(23, 12, 32).
cost(23, 13, 31).
cost(23, 14, 33).
cost(23, 15, 44).
cost(23, 16, 39).
cost(23, 17, 59).
cost(23, 18, 58).
cost(23, 19, 62).
cost(23, 20, 51).
cost(23, 21, 8).
cost(23, 22, 8).
cost(23, 24, 10).
cost(24, 1, 61).
cost(24, 2, 60).
cost(24, 3, 71).
cost(24, 4, 67).
cost(24, 5, 67).
cost(24, 6, 72).
cost(24, 7, 60).
cost(24, 8, 71).
cost(24, 9, 27).
cost(24, 10, 31).
cost(24, 11, 42).
cost(24, 12, 34).
cost(24, 13, 33).
cost(24, 14, 34).
cost(24, 15, 48).
cost(24, 16, 41).
cost(24, 17, 63).
cost(24, 18, 61).
cost(24, 19, 63).
cost(24, 20, 54).
cost(24, 21, 11).
cost(24, 22, 18).
cost(24, 23, 10).
nocross(1,2).
nocross(1,3).
nocross(1,4).
nocross(1,5).
nocross(1,6).
nocross(1,7).
nocross(1,8).
nocross(1,11).
nocross(1,17).
nocross(1,22).
nocross(2,1).
nocross(2,3).
nocross(2,4).
nocross(2,5).
nocross(2,6).
nocross(2,7).
nocross(2,8).
nocross(2,10).
nocross(2,11).
nocross(2,12).
nocross(2,17).
nocross(2,18).
nocross(2,20).
nocross(3,1).
nocross(3,2).
nocross(3,4).
nocross(3,5).
nocross(3,6).
nocross(3,7).
nocross(3,8).
nocross(3,17).
nocross(3,18).
nocross(4,1).
nocross(4,2).
nocross(4,3).
nocross(4,5).
nocross(4,6).
nocross(4,7).
nocross(4,8).
nocross(4,17).
nocross(5,1).
nocross(5,2).
nocross(5,3).
nocross(5,4).
nocross(5,6).
nocross(5,7).
nocross(5,8).
nocross(5,17).
nocross(5,18).
nocross(6,1).
nocross(6,2).
nocross(6,3).
nocross(6,4).
nocross(6,5).
nocross(6,7).
nocross(6,8).
nocross(7,1).
nocross(7,2).
nocross(7,3).
nocross(7,4).
nocross(7,5).
nocross(7,6).
nocross(7,8).
nocross(7,10).
nocross(7,11).
nocross(7,12).
nocross(7,17).
nocross(7,18).
nocross(7,22).
nocross(8,1).
nocross(8,2).
nocross(8,3).
nocross(8,4).
nocross(8,5).
nocross(8,6).
nocross(8,7).
nocross(8,17).
nocross(8,18).
nocross(9,10).
nocross(9,11).
nocross(9,12).
nocross(9,17).
nocross(9,18).
nocross(9,19).
nocross(9,20).
nocross(9,21).
nocross(9,22).
nocross(9,23).
nocross(9,24).
nocross(10,9).
nocross(10,11).
nocross(10,12).
nocross(10,18).
nocross(10,19).
nocross(10,20).
nocross(10,21).
nocross(10,22).
nocross(10,23).
nocross(10,24).
nocross(11,1).
nocross(11,2).
nocross(11,7).
nocross(11,9).
nocross(11,10).
nocross(11,12).
nocross(11,17).
nocross(11,18).
nocross(11,19).
nocross(11,20).
nocross(11,22).
nocross(11,23).
nocross(12,2).
nocross(12,7).
nocross(12,9).
nocross(12,10).
nocross(12,11).
nocross(12,18).
nocross(12,19).
nocross(12,20).
nocross(12,21).
nocross(12,22).
nocross(12,23).
nocross(12,24).
nocross(13,14).
nocross(13,15).
nocross(13,16).
nocross(13,21).
nocross(13,22).
nocross(13,23).
nocross(13,24).
nocross(14,13).
nocross(14,15).
nocross(14,16).
nocross(14,21).
nocross(14,22).
nocross(14,23).
nocross(14,24).
nocross(15,13).
nocross(15,14).
nocross(15,16).
nocross(15,21).
nocross(15,22).
nocross(15,23).
nocross(16,13).
nocross(16,14).
nocross(16,15).
nocross(16,21).
nocross(16,22).
nocross(16,23).
nocross(16,24).
nocross(17,1).
nocross(17,2).
nocross(17,3).
nocross(17,5).
nocross(17,7).
nocross(17,8).
nocross(17,10).
nocross(17,11).
nocross(17,12).
nocross(17,18).
nocross(17,19).
nocross(17,20).
nocross(18,2).
nocross(18,3).
nocross(18,7).
nocross(18,9).
nocross(18,10).
nocross(18,11).
nocross(18,12).
nocross(18,17).
nocross(18,19).
nocross(18,20).
nocross(19,2).
nocross(19,3).
nocross(19,9).
nocross(19,10).
nocross(19,11).
nocross(19,12).
nocross(19,17).
nocross(19,18).
nocross(19,20).
nocross(20,2).
nocross(20,3).
nocross(20,7).
nocross(20,9).
nocross(20,10).
nocross(20,11).
nocross(20,12).
nocross(20,17).
nocross(20,18).
nocross(20,19).
nocross(21,9).
nocross(21,10).
nocross(21,12).
nocross(21,13).
nocross(21,14).
nocross(21,15).
nocross(21,16).
nocross(21,22).
nocross(21,23).
nocross(21,24).
nocross(22,7).
nocross(22,9).
nocross(22,10).
nocross(22,11).
nocross(22,12).
nocross(22,13).
nocross(22,14).
nocross(22,15).
nocross(22,21).
nocross(22,23).
nocross(22,24).
nocross(23,9).
nocross(23,10).
nocross(23,11).
nocross(23,12).
nocross(23,13).
nocross(23,14).
nocross(23,21).
nocross(23,22).
nocross(23,24).
nocross(24,9).
nocross(24,10).
nocross(24,12).
nocross(24,13).
nocross(24,14).
nocross(24,21).
nocross(24,22).
nocross(24,23).
