dimension(18).
point(1, 10.1484508001, 66.0921225597).
point(2, 59.8876366553, 26.2686409166).
point(3, 52.9982536058, 56.9405725279).
point(4, 10.0385414841, 59.8275074101).
point(5, 50.1132360051, 88.3565388523).
point(6, 75.0476126712, 31.5118005662).
point(7, 6.6635393337, 53.4729971734).
point(8, 70.8070687623, 48.6445613315).
point(9, 48.3037306177, 26.2132856084).
point(10, 53.555946201, 38.3620975783).
point(11, 31.320352948, 96.9770589602).
point(12, 33.9284041997, 24.6172623936).
point(13, 66.9290142071, 18.9111074915).
point(14, 10.8254967568, 46.7570058388).
point(15, 21.0798378877, 86.8177437483).
point(16, 45.0519778551, 90.3294511654).
point(17, 78.9628915711, 51.7227687413).
point(18, 13.6613332014, 72.820898243).
cost(1, 2, 64).
cost(1, 3, 44).
cost(1, 4, 6).
cost(1, 5, 46).
cost(1, 6, 74).
cost(1, 7, 13).
cost(1, 8, 63).
cost(1, 9, 55).
cost(1, 10, 52).
cost(1, 11, 37).
cost(1, 12, 48).
cost(1, 13, 74).
cost(1, 14, 19).
cost(1, 15, 23).
cost(1, 16, 42).
cost(1, 17, 70).
cost(1, 18, 8).
cost(2, 1, 64).
cost(2, 3, 31).
cost(2, 4, 60).
cost(2, 5, 63).
cost(2, 6, 16).
cost(2, 7, 60).
cost(2, 8, 25).
cost(2, 9, 12).
cost(2, 10, 14).
cost(2, 11, 76).
cost(2, 12, 26).
cost(2, 13, 10).
cost(2, 14, 53).
cost(2, 15, 72).
cost(2, 16, 66).
cost(2, 17, 32).
cost(2, 18, 66).
cost(3, 1, 44).
cost(3, 2, 31).
cost(3, 4, 43).
cost(3, 5, 32).
cost(3, 6, 34).
cost(3, 7, 46).
cost(3, 8, 20).
cost(3, 9, 31).
cost(3, 10, 19).
cost(3, 11, 46).
cost(3, 12, 38).
cost(3, 13, 41).
cost(3, 14, 43).
cost(3, 15, 44).
cost(3, 16, 34).
cost(3, 17, 26).
cost(3, 18, 42).
cost(4, 1, 6).
cost(4, 2, 60).
cost(4, 3, 43).
cost(4, 5, 49).
cost(4, 6, 71).
cost(4, 7, 7).
cost(4, 8, 62).
cost(4, 9, 51).
cost(4, 10, 49).
cost(4, 11, 43).
cost(4, 12, 43).
cost(4, 13, 70).
cost(4, 14, 13).
cost(4, 15, 29).
cost(4, 16, 46).
cost(4, 17, 69).
cost(4, 18, 13).
cost(5, 1, 46).
cost(5, 2, 63).
cost(5, 3, 32).
cost(5, 4, 49).
cost(5, 6, 62).
cost(5, 7, 56).
cost(5, 8, 45).
cost(5, 9, 62).
cost(5, 10, 50).
cost(5, 11, 21).
cost(5, 12, 66).
cost(5, 13, 71).
cost(5, 14, 57).
cost(5, 15, 29).
cost(5, 16, 5).
cost(5, 17, 47).
cost(5, 18, 40).
cost(6, 1, 74).
cost(6, 2, 16).
cost(6, 3, 34).
cost(6, 4, 71).
cost(6, 5, 62).
cost(6, 7, 72).
cost(6, 8, 18).
cost(6, 9, 27).
cost(6, 10, 23).
cost(6, 11, 79).
cost(6, 12, 42).
cost(6, 13, 15).
cost(6, 14, 66).
cost(6, 15, 77).
cost(6, 16, 66).
cost(6, 17, 21).
cost(6, 18, 74).
cost(7, 1, 13).
cost(7, 2, 60).
cost(7, 3, 46).
cost(7, 4, 7).
cost(7, 5, 56).
cost(7, 6, 72).
cost(7, 8, 64).
cost(7, 9, 50).
cost(7, 10, 49).
cost(7, 11, 50).
cost(7, 12, 40).
cost(7, 13, 69).
cost(7, 14, 8).
cost(7, 15, 36).
cost(7, 16, 53).
cost(7, 17, 72).
cost(7, 18, 21).
cost(8, 1, 63).
cost(8, 2, 25).
cost(8, 3, 20).
cost(8, 4, 62).
cost(8, 5, 45).
cost(8, 6, 18).
cost(8, 7, 64).
cost(8, 9, 32).
cost(8, 10, 20).
cost(8, 11, 62).
cost(8, 12, 44).
cost(8, 13, 30).
cost(8, 14, 60).
cost(8, 15, 63).
cost(8, 16, 49).
cost(8, 17, 9).
cost(8, 18, 62).
cost(9, 1, 55).
cost(9, 2, 12).
cost(9, 3, 31).
cost(9, 4, 51).
cost(9, 5, 62).
cost(9, 6, 27).
cost(9, 7, 50).
cost(9, 8, 32).
cost(9, 10, 13).
cost(9, 11, 73).
cost(9, 12, 14).
cost(9, 13, 20).
cost(9, 14, 43).
cost(9, 15, 66).
cost(9, 16, 64).
cost(9, 17, 40).
cost(9, 18, 58).
cost(10, 1, 52).
cost(10, 2, 14).
cost(10, 3, 19).
cost(10, 4, 49).
cost(10, 5, 50).
cost(10, 6, 23).
cost(10, 7, 49).
cost(10, 8, 20).
cost(10, 9, 13).
cost(10, 11, 63).
cost(10, 12, 24).
cost(10, 13, 24).
cost(10, 14, 44).
cost(10, 15, 58).
cost(10, 16, 53).
cost(10, 17, 29).
cost(10, 18, 53).
cost(11, 1, 37).
cost(11, 2, 76).
cost(11, 3, 46).
cost(11, 4, 43).
cost(11, 5, 21).
cost(11, 6, 79).
cost(11, 7, 50).
cost(11, 8, 62).
cost(11, 9, 73).
cost(11, 10, 63).
cost(11, 12, 72).
cost(11, 13, 86).
cost(11, 14, 54).
cost(11, 15, 14).
cost(11, 16, 15).
cost(11, 17, 66).
cost(11, 18, 30).
cost(12, 1, 48).
cost(12, 2, 26).
cost(12, 3, 38).
cost(12, 4, 43).
cost(12, 5, 66).
cost(12, 6, 42).
cost(12, 7, 40).
cost(12, 8, 44).
cost(12, 9, 14).
cost(12, 10, 24).
cost(12, 11, 72).
cost(12, 13, 33).
cost(12, 14, 32).
cost(12, 15, 64).
cost(12, 16, 67).
cost(12, 17, 53).
cost(12, 18, 52).
cost(13, 1, 74).
cost(13, 2, 10).
cost(13, 3, 41).
cost(13, 4, 70).
cost(13, 5, 71).
cost(13, 6, 15).
cost(13, 7, 69).
cost(13, 8, 30).
cost(13, 9, 20).
cost(13, 10, 24).
cost(13, 11, 86).
cost(13, 12, 33).
cost(13, 14, 63).
cost(13, 15, 82).
cost(13, 16, 75).
cost(13, 17, 35).
cost(13, 18, 76).
cost(14, 1, 19).
cost(14, 2, 53).
cost(14, 3, 43).
cost(14, 4, 13).
cost(14, 5, 57).
cost(14, 6, 66).
cost(14, 7, 8).
cost(14, 8, 60).
cost(14, 9, 43).
cost(14, 10, 44).
cost(14, 11, 54).
cost(14, 12, 32).
cost(14, 13, 63).
cost(14, 15, 41).
cost(14, 16, 55).
cost(14, 17, 68).
cost(14, 18, 26).
cost(15, 1, 23).
cost(15, 2, 72).
cost(15, 3, 44).
cost(15, 4, 29).
cost(15, 5, 29).
cost(15, 6, 77).
cost(15, 7, 36).
cost(15, 8, 63).
cost(15, 9, 66).
cost(15, 10, 58).
cost(15, 11, 14).
cost(15, 12, 64).
cost(15, 13, 82).
cost(15, 14, 41).
cost(15, 16, 24).
cost(15, 17, 68).
cost(15, 18, 16).
cost(16, 1, 42).
cost(16, 2, 66).
cost(16, 3, 34).
cost(16, 4, 46).
cost(16, 5, 5).
cost(16, 6, 66).
cost(16, 7, 53).
cost(16, 8, 49).
cost(16, 9, 64).
cost(16, 10, 53).
cost(16, 11, 15).
cost(16, 12, 67).
cost(16, 13, 75).
cost(16, 14, 55).
cost(16, 15, 24).
cost(16, 17, 51).
cost(16, 18, 36).
cost(17, 1, 70).
cost(17, 2, 32).
cost(17, 3, 26).
cost(17, 4, 69).
cost(17, 5, 47).
cost(17, 6, 21).
cost(17, 7, 72).
cost(17, 8, 9).
cost(17, 9, 40).
cost(17, 10, 29).
cost(17, 11, 66).
cost(17, 12, 53).
cost(17, 13, 35).
cost(17, 14, 68).
cost(17, 15, 68).
cost(17, 16, 51).
cost(17, 18, 69).
cost(18, 1, 8).
cost(18, 2, 66).
cost(18, 3, 42).
cost(18, 4, 13).
cost(18, 5, 40).
cost(18, 6, 74).
cost(18, 7, 21).
cost(18, 8, 62).
cost(18, 9, 58).
cost(18, 10, 53).
cost(18, 11, 30).
cost(18, 12, 52).
cost(18, 13, 76).
cost(18, 14, 26).
cost(18, 15, 16).
cost(18, 16, 36).
cost(18, 17, 69).
