dimension(18).
point(1, 69.8721172119, 32.1511420884).
point(2, 17.8138024871, 81.5937938959).
point(3, 68.4113180596, 89.4423071504).
point(4, 56.3012945837, 86.173774927).
point(5, 31.3896087155, 63.8745763149).
point(6, 96.9578724343, 25.4124798625).
point(7, 79.8097602182, 59.1963164227).
point(8, 25.5285004584, 75.7787264571).
point(9, 78.0743799432, 26.6052150464).
point(10, 84.9615170256, 23.4566864428).
point(11, 17.5105064608, 95.1794451956).
point(12, 55.2569729433, 67.649295179).
point(13, 43.4997827485, 71.1957015778).
point(14, 79.8377192888, 37.387082022).
point(15, 87.3831685942, 50.7998963924).
point(16, 88.3628862961, 28.7280278233).
point(17, 35.9071437711, 72.5673533937).
point(18, 94.1310060938, 57.9315266552).
cost(1, 2, 72).
cost(1, 3, 57).
cost(1, 4, 56).
cost(1, 5, 50).
cost(1, 6, 28).
cost(1, 7, 29).
cost(1, 8, 62).
cost(1, 9, 10).
cost(1, 10, 17).
cost(1, 11, 82).
cost(1, 12, 38).
cost(1, 13, 47).
cost(1, 14, 11).
cost(1, 15, 26).
cost(1, 16, 19).
cost(1, 17, 53).
cost(1, 18, 35).
cost(2, 1, 72).
cost(2, 3, 51).
cost(2, 4, 39).
cost(2, 5, 22).
cost(2, 6, 97).
cost(2, 7, 66).
cost(2, 8, 10).
cost(2, 9, 82).
cost(2, 10, 89).
cost(2, 11, 14).
cost(2, 12, 40).
cost(2, 13, 28).
cost(2, 14, 76).
cost(2, 15, 76).
cost(2, 16, 88).
cost(2, 17, 20).
cost(2, 18, 80).
cost(3, 1, 57).
cost(3, 2, 51).
cost(3, 4, 13).
cost(3, 5, 45).
cost(3, 6, 70).
cost(3, 7, 32).
cost(3, 8, 45).
cost(3, 9, 64).
cost(3, 10, 68).
cost(3, 11, 51).
cost(3, 12, 25).
cost(3, 13, 31).
cost(3, 14, 53).
cost(3, 15, 43).
cost(3, 16, 64).
cost(3, 17, 37).
cost(3, 18, 41).
cost(4, 1, 56).
cost(4, 2, 39).
cost(4, 3, 13).
cost(4, 5, 33).
cost(4, 6, 73).
cost(4, 7, 36).
cost(4, 8, 32).
cost(4, 9, 63).
cost(4, 10, 69).
cost(4, 11, 40).
cost(4, 12, 19).
cost(4, 13, 20).
cost(4, 14, 54).
cost(4, 15, 47).
cost(4, 16, 66).
cost(4, 17, 25).
cost(4, 18, 47).
cost(5, 1, 50).
cost(5, 2, 22).
cost(5, 3, 45).
cost(5, 4, 33).
cost(5, 6, 76).
cost(5, 7, 49).
cost(5, 8, 13).
cost(5, 9, 60).
cost(5, 10, 67).
cost(5, 11, 34).
cost(5, 12, 24).
cost(5, 13, 14).
cost(5, 14, 55).
cost(5, 15, 57).
cost(5, 16, 67).
cost(5, 17, 10).
cost(5, 18, 63).
cost(6, 1, 28).
cost(6, 2, 97).
cost(6, 3, 70).
cost(6, 4, 73).
cost(6, 5, 76).
cost(6, 7, 38).
cost(6, 8, 87).
cost(6, 9, 19).
cost(6, 10, 12).
cost(6, 11, 106).
cost(6, 12, 59).
cost(6, 13, 70).
cost(6, 14, 21).
cost(6, 15, 27).
cost(6, 16, 9).
cost(6, 17, 77).
cost(6, 18, 33).
cost(7, 1, 29).
cost(7, 2, 66).
cost(7, 3, 32).
cost(7, 4, 36).
cost(7, 5, 49).
cost(7, 6, 38).
cost(7, 8, 57).
cost(7, 9, 33).
cost(7, 10, 36).
cost(7, 11, 72).
cost(7, 12, 26).
cost(7, 13, 38).
cost(7, 14, 22).
cost(7, 15, 11).
cost(7, 16, 32).
cost(7, 17, 46).
cost(7, 18, 14).
cost(8, 1, 62).
cost(8, 2, 10).
cost(8, 3, 45).
cost(8, 4, 32).
cost(8, 5, 13).
cost(8, 6, 87).
cost(8, 7, 57).
cost(8, 9, 72).
cost(8, 10, 79).
cost(8, 11, 21).
cost(8, 12, 31).
cost(8, 13, 19).
cost(8, 14, 67).
cost(8, 15, 67).
cost(8, 16, 78).
cost(8, 17, 11).
cost(8, 18, 71).
cost(9, 1, 10).
cost(9, 2, 82).
cost(9, 3, 64).
cost(9, 4, 63).
cost(9, 5, 60).
cost(9, 6, 19).
cost(9, 7, 33).
cost(9, 8, 72).
cost(9, 10, 8).
cost(9, 11, 91).
cost(9, 12, 47).
cost(9, 13, 56).
cost(9, 14, 11).
cost(9, 15, 26).
cost(9, 16, 11).
cost(9, 17, 62).
cost(9, 18, 35).
cost(10, 1, 17).
cost(10, 2, 89).
cost(10, 3, 68).
cost(10, 4, 69).
cost(10, 5, 67).
cost(10, 6, 12).
cost(10, 7, 36).
cost(10, 8, 79).
cost(10, 9, 8).
cost(10, 11, 98).
cost(10, 12, 53).
cost(10, 13, 63).
cost(10, 14, 15).
cost(10, 15, 27).
cost(10, 16, 6).
cost(10, 17, 69).
cost(10, 18, 36).
cost(11, 1, 82).
cost(11, 2, 14).
cost(11, 3, 51).
cost(11, 4, 40).
cost(11, 5, 34).
cost(11, 6, 106).
cost(11, 7, 72).
cost(11, 8, 21).
cost(11, 9, 91).
cost(11, 10, 98).
cost(11, 12, 47).
cost(11, 13, 35).
cost(11, 14, 85).
cost(11, 15, 83).
cost(11, 16, 97).
cost(11, 17, 29).
cost(11, 18, 85).
cost(12, 1, 38).
cost(12, 2, 40).
cost(12, 3, 25).
cost(12, 4, 19).
cost(12, 5, 24).
cost(12, 6, 59).
cost(12, 7, 26).
cost(12, 8, 31).
cost(12, 9, 47).
cost(12, 10, 53).
cost(12, 11, 47).
cost(12, 13, 12).
cost(12, 14, 39).
cost(12, 15, 36).
cost(12, 16, 51).
cost(12, 17, 20).
cost(12, 18, 40).
cost(13, 1, 47).
cost(13, 2, 28).
cost(13, 3, 31).
cost(13, 4, 20).
cost(13, 5, 14).
cost(13, 6, 70).
cost(13, 7, 38).
cost(13, 8, 19).
cost(13, 9, 56).
cost(13, 10, 63).
cost(13, 11, 35).
cost(13, 12, 12).
cost(13, 14, 50).
cost(13, 15, 48).
cost(13, 16, 62).
cost(13, 17, 8).
cost(13, 18, 52).
cost(14, 1, 11).
cost(14, 2, 76).
cost(14, 3, 53).
cost(14, 4, 54).
cost(14, 5, 55).
cost(14, 6, 21).
cost(14, 7, 22).
cost(14, 8, 67).
cost(14, 9, 11).
cost(14, 10, 15).
cost(14, 11, 85).
cost(14, 12, 39).
cost(14, 13, 50).
cost(14, 15, 15).
cost(14, 16, 12).
cost(14, 17, 56).
cost(14, 18, 25).
cost(15, 1, 26).
cost(15, 2, 76).
cost(15, 3, 43).
cost(15, 4, 47).
cost(15, 5, 57).
cost(15, 6, 27).
cost(15, 7, 11).
cost(15, 8, 67).
cost(15, 9, 26).
cost(15, 10, 27).
cost(15, 11, 83).
cost(15, 12, 36).
cost(15, 13, 48).
cost(15, 14, 15).
cost(15, 16, 22).
cost(15, 17, 56).
cost(15, 18, 10).
cost(16, 1, 19).
cost(16, 2, 88).
cost(16, 3, 64).
cost(16, 4, 66).
cost(16, 5, 67).
cost(16, 6, 9).
cost(16, 7, 32).
cost(16, 8, 78).
cost(16, 9, 11).
cost(16, 10, 6).
cost(16, 11, 97).
cost(16, 12, 51).
cost(16, 13, 62).
cost(16, 14, 12).
cost(16, 15, 22).
cost(16, 17, 68).
cost(16, 18, 30).
cost(17, 1, 53).
cost(17, 2, 20).
cost(17, 3, 37).
cost(17, 4, 25).
cost(17, 5, 10).
cost(17, 6, 77).
cost(17, 7, 46).
cost(17, 8, 11).
cost(17, 9, 62).
cost(17, 10, 69).
cost(17, 11, 29).
cost(17, 12, 20).
cost(17, 13, 8).
cost(17, 14, 56).
cost(17, 15, 56).
cost(17, 16, 68).
cost(17, 18, 60).
cost(18, 1, 35).
cost(18, 2, 80).
cost(18, 3, 41).
cost(18, 4, 47).
cost(18, 5, 63).
cost(18, 6, 33).
cost(18, 7, 14).
cost(18, 8, 71).
cost(18, 9, 35).
cost(18, 10, 36).
cost(18, 11, 85).
cost(18, 12, 40).
cost(18, 13, 52).
cost(18, 14, 25).
cost(18, 15, 10).
cost(18, 16, 30).
cost(18, 17, 60).
