dimension(18).
point(1, 28.3982100264, 29.8604999932).
point(2, 53.771234444, 72.1635355325).
point(3, 64.6173717411, 80.4632521387).
point(4, 70.3498666875, 15.7955985785).
point(5, 31.3894778284, 39.7285524016).
point(6, 76.4529990045, 9.1388543196).
point(7, 89.2480966284, 48.1688641827).
point(8, 57.1033243158, 24.7183268634).
point(9, 54.076413656, 5.2459421731).
point(10, 15.5073137649, 20.0617804612).
point(11, 41.9756859073, 79.6284263665).
point(12, 26.5038469535, 22.6627976427).
point(13, 69.4363901981, 56.6472088903).
point(14, 51.3657557759, 61.5645548369).
point(15, 79.4978517911, 58.869600669).
point(16, 47.885059271, 15.3855541153).
point(17, 75.7992135299, 82.0409511781).
point(18, 93.7386493081, 71.6733726066).
cost(1, 2, 49).
cost(1, 3, 62).
cost(1, 4, 44).
cost(1, 5, 10).
cost(1, 6, 52).
cost(1, 7, 64).
cost(1, 8, 29).
cost(1, 9, 36).
cost(1, 10, 16).
cost(1, 11, 52).
cost(1, 12, 7).
cost(1, 13, 49).
cost(1, 14, 39).
cost(1, 15, 59).
cost(1, 16, 24).
cost(1, 17, 70).
cost(1, 18, 78).
cost(2, 1, 49).
cost(2, 3, 14).
cost(2, 4, 59).
cost(2, 5, 39).
cost(2, 6, 67).
cost(2, 7, 43).
cost(2, 8, 48).
cost(2, 9, 67).
cost(2, 10, 65).
cost(2, 11, 14).
cost(2, 12, 57).
cost(2, 13, 22).
cost(2, 14, 11).
cost(2, 15, 29).
cost(2, 16, 57).
cost(2, 17, 24).
cost(2, 18, 40).
cost(3, 1, 62).
cost(3, 2, 14).
cost(3, 4, 65).
cost(3, 5, 53).
cost(3, 6, 72).
cost(3, 7, 41).
cost(3, 8, 56).
cost(3, 9, 76).
cost(3, 10, 78).
cost(3, 11, 23).
cost(3, 12, 69).
cost(3, 13, 24).
cost(3, 14, 23).
cost(3, 15, 26).
cost(3, 16, 67).
cost(3, 17, 11).
cost(3, 18, 30).
cost(4, 1, 44).
cost(4, 2, 59).
cost(4, 3, 65).
cost(4, 5, 46).
cost(4, 6, 9).
cost(4, 7, 37).
cost(4, 8, 16).
cost(4, 9, 19).
cost(4, 10, 55).
cost(4, 11, 70).
cost(4, 12, 44).
cost(4, 13, 41).
cost(4, 14, 50).
cost(4, 15, 44).
cost(4, 16, 22).
cost(4, 17, 66).
cost(4, 18, 61).
cost(5, 1, 10).
cost(5, 2, 39).
cost(5, 3, 53).
cost(5, 4, 46).
cost(5, 6, 54).
cost(5, 7, 58).
cost(5, 8, 30).
cost(5, 9, 41).
cost(5, 10, 25).
cost(5, 11, 41).
cost(5, 12, 18).
cost(5, 13, 42).
cost(5, 14, 30).
cost(5, 15, 52).
cost(5, 16, 29).
cost(5, 17, 61).
cost(5, 18, 70).
cost(6, 1, 52).
cost(6, 2, 67).
cost(6, 3, 72).
cost(6, 4, 9).
cost(6, 5, 54).
cost(6, 7, 41).
cost(6, 8, 25).
cost(6, 9, 23).
cost(6, 10, 62).
cost(6, 11, 78).
cost(6, 12, 52).
cost(6, 13, 48).
cost(6, 14, 58).
cost(6, 15, 50).
cost(6, 16, 29).
cost(6, 17, 73).
cost(6, 18, 65).
cost(7, 1, 64).
cost(7, 2, 43).
cost(7, 3, 41).
cost(7, 4, 37).
cost(7, 5, 58).
cost(7, 6, 41).
cost(7, 8, 40).
cost(7, 9, 55).
cost(7, 10, 79).
cost(7, 11, 57).
cost(7, 12, 68).
cost(7, 13, 22).
cost(7, 14, 40).
cost(7, 15, 14).
cost(7, 16, 53).
cost(7, 17, 36).
cost(7, 18, 24).
cost(8, 1, 29).
cost(8, 2, 48).
cost(8, 3, 56).
cost(8, 4, 16).
cost(8, 5, 30).
cost(8, 6, 25).
cost(8, 7, 40).
cost(8, 9, 20).
cost(8, 10, 42).
cost(8, 11, 57).
cost(8, 12, 31).
cost(8, 13, 34).
cost(8, 14, 37).
cost(8, 15, 41).
cost(8, 16, 13).
cost(8, 17, 60).
cost(8, 18, 60).
cost(9, 1, 36).
cost(9, 2, 67).
cost(9, 3, 76).
cost(9, 4, 19).
cost(9, 5, 41).
cost(9, 6, 23).
cost(9, 7, 55).
cost(9, 8, 20).
cost(9, 10, 41).
cost(9, 11, 75).
cost(9, 12, 33).
cost(9, 13, 54).
cost(9, 14, 56).
cost(9, 15, 59).
cost(9, 16, 12).
cost(9, 17, 80).
cost(9, 18, 77).
cost(10, 1, 16).
cost(10, 2, 65).
cost(10, 3, 78).
cost(10, 4, 55).
cost(10, 5, 25).
cost(10, 6, 62).
cost(10, 7, 79).
cost(10, 8, 42).
cost(10, 9, 41).
cost(10, 11, 65).
cost(10, 12, 11).
cost(10, 13, 65).
cost(10, 14, 55).
cost(10, 15, 75).
cost(10, 16, 33).
cost(10, 17, 86).
cost(10, 18, 94).
cost(11, 1, 52).
cost(11, 2, 14).
cost(11, 3, 23).
cost(11, 4, 70).
cost(11, 5, 41).
cost(11, 6, 78).
cost(11, 7, 57).
cost(11, 8, 57).
cost(11, 9, 75).
cost(11, 10, 65).
cost(11, 12, 59).
cost(11, 13, 36).
cost(11, 14, 20).
cost(11, 15, 43).
cost(11, 16, 65).
cost(11, 17, 34).
cost(11, 18, 52).
cost(12, 1, 7).
cost(12, 2, 57).
cost(12, 3, 69).
cost(12, 4, 44).
cost(12, 5, 18).
cost(12, 6, 52).
cost(12, 7, 68).
cost(12, 8, 31).
cost(12, 9, 33).
cost(12, 10, 11).
cost(12, 11, 59).
cost(12, 13, 55).
cost(12, 14, 46).
cost(12, 15, 64).
cost(12, 16, 23).
cost(12, 17, 77).
cost(12, 18, 83).
cost(13, 1, 49).
cost(13, 2, 22).
cost(13, 3, 24).
cost(13, 4, 41).
cost(13, 5, 42).
cost(13, 6, 48).
cost(13, 7, 22).
cost(13, 8, 34).
cost(13, 9, 54).
cost(13, 10, 65).
cost(13, 11, 36).
cost(13, 12, 55).
cost(13, 14, 19).
cost(13, 15, 10).
cost(13, 16, 47).
cost(13, 17, 26).
cost(13, 18, 29).
cost(14, 1, 39).
cost(14, 2, 11).
cost(14, 3, 23).
cost(14, 4, 50).
cost(14, 5, 30).
cost(14, 6, 58).
cost(14, 7, 40).
cost(14, 8, 37).
cost(14, 9, 56).
cost(14, 10, 55).
cost(14, 11, 20).
cost(14, 12, 46).
cost(14, 13, 19).
cost(14, 15, 28).
cost(14, 16, 46).
cost(14, 17, 32).
cost(14, 18, 44).
cost(15, 1, 59).
cost(15, 2, 29).
cost(15, 3, 26).
cost(15, 4, 44).
cost(15, 5, 52).
cost(15, 6, 50).
cost(15, 7, 14).
cost(15, 8, 41).
cost(15, 9, 59).
cost(15, 10, 75).
cost(15, 11, 43).
cost(15, 12, 64).
cost(15, 13, 10).
cost(15, 14, 28).
cost(15, 16, 54).
cost(15, 17, 23).
cost(15, 18, 19).
cost(16, 1, 24).
cost(16, 2, 57).
cost(16, 3, 67).
cost(16, 4, 22).
cost(16, 5, 29).
cost(16, 6, 29).
cost(16, 7, 53).
cost(16, 8, 13).
cost(16, 9, 12).
cost(16, 10, 33).
cost(16, 11, 65).
cost(16, 12, 23).
cost(16, 13, 47).
cost(16, 14, 46).
cost(16, 15, 54).
cost(16, 17, 72).
cost(16, 18, 73).
cost(17, 1, 70).
cost(17, 2, 24).
cost(17, 3, 11).
cost(17, 4, 66).
cost(17, 5, 61).
cost(17, 6, 73).
cost(17, 7, 36).
cost(17, 8, 60).
cost(17, 9, 80).
cost(17, 10, 86).
cost(17, 11, 34).
cost(17, 12, 77).
cost(17, 13, 26).
cost(17, 14, 32).
cost(17, 15, 23).
cost(17, 16, 72).
cost(17, 18, 21).
cost(18, 1, 78).
cost(18, 2, 40).
cost(18, 3, 30).
cost(18, 4, 61).
cost(18, 5, 70).
cost(18, 6, 65).
cost(18, 7, 24).
cost(18, 8, 60).
cost(18, 9, 77).
cost(18, 10, 94).
cost(18, 11, 52).
cost(18, 12, 83).
cost(18, 13, 29).
cost(18, 14, 44).
cost(18, 15, 19).
cost(18, 16, 73).
cost(18, 17, 21).
