dimension(18).
point(1, 70.0878283897, 96.0314434737).
point(2, 5.1364616019, 62.9622942883).
point(3, 30.5706533437, 59.5944943386).
point(4, 51.2851756183, 94.4262092674).
point(5, 83.1709305564, 70.4610305882).
point(6, 24.2537577432, 45.0874145723).
point(7, 74.7055264431, 74.9454890544).
point(8, 89.0741099637, 90.428572917).
point(9, 91.4684459178, 70.1751817274).
point(10, 13.5408972888, 73.1005590807).
point(11, 50.4051159517, 41.437751312).
point(12, 26.2564469253, 48.2068979079).
point(13, 13.8187585692, 46.4931991787).
point(14, 63.6820698147, 27.248844479).
point(15, 57.7904057576, 87.899697625).
point(16, 42.7986850168, 61.754131378).
point(17, 94.5893448619, 70.8418257698).
point(18, 69.2337189772, 97.7383436665).
cost(1, 2, 73).
cost(1, 3, 54).
cost(1, 4, 19).
cost(1, 5, 29).
cost(1, 6, 69).
cost(1, 7, 22).
cost(1, 8, 20).
cost(1, 9, 34).
cost(1, 10, 61).
cost(1, 11, 58).
cost(1, 12, 65).
cost(1, 13, 75).
cost(1, 14, 69).
cost(1, 15, 15).
cost(1, 16, 44).
cost(1, 17, 35).
cost(1, 18, 2).
cost(2, 1, 73).
cost(2, 3, 26).
cost(2, 4, 56).
cost(2, 5, 78).
cost(2, 6, 26).
cost(2, 7, 71).
cost(2, 8, 88).
cost(2, 9, 87).
cost(2, 10, 13).
cost(2, 11, 50).
cost(2, 12, 26).
cost(2, 13, 19).
cost(2, 14, 69).
cost(2, 15, 58).
cost(2, 16, 38).
cost(2, 17, 90).
cost(2, 18, 73).
cost(3, 1, 54).
cost(3, 2, 26).
cost(3, 4, 41).
cost(3, 5, 54).
cost(3, 6, 16).
cost(3, 7, 47).
cost(3, 8, 66).
cost(3, 9, 62).
cost(3, 10, 22).
cost(3, 11, 27).
cost(3, 12, 12).
cost(3, 13, 21).
cost(3, 14, 46).
cost(3, 15, 39).
cost(3, 16, 12).
cost(3, 17, 65).
cost(3, 18, 54).
cost(4, 1, 19).
cost(4, 2, 56).
cost(4, 3, 41).
cost(4, 5, 40).
cost(4, 6, 56).
cost(4, 7, 30).
cost(4, 8, 38).
cost(4, 9, 47).
cost(4, 10, 43).
cost(4, 11, 53).
cost(4, 12, 53).
cost(4, 13, 61).
cost(4, 14, 68).
cost(4, 15, 9).
cost(4, 16, 34).
cost(4, 17, 49).
cost(4, 18, 18).
cost(5, 1, 29).
cost(5, 2, 78).
cost(5, 3, 54).
cost(5, 4, 40).
cost(5, 6, 64).
cost(5, 7, 10).
cost(5, 8, 21).
cost(5, 9, 8).
cost(5, 10, 70).
cost(5, 11, 44).
cost(5, 12, 61).
cost(5, 13, 73).
cost(5, 14, 47).
cost(5, 15, 31).
cost(5, 16, 41).
cost(5, 17, 11).
cost(5, 18, 31).
cost(6, 1, 69).
cost(6, 2, 26).
cost(6, 3, 16).
cost(6, 4, 56).
cost(6, 5, 64).
cost(6, 7, 59).
cost(6, 8, 79).
cost(6, 9, 72).
cost(6, 10, 30).
cost(6, 11, 26).
cost(6, 12, 4).
cost(6, 13, 11).
cost(6, 14, 43).
cost(6, 15, 54).
cost(6, 16, 25).
cost(6, 17, 75).
cost(6, 18, 69).
cost(7, 1, 22).
cost(7, 2, 71).
cost(7, 3, 47).
cost(7, 4, 30).
cost(7, 5, 10).
cost(7, 6, 59).
cost(7, 8, 21).
cost(7, 9, 17).
cost(7, 10, 61).
cost(7, 11, 41).
cost(7, 12, 55).
cost(7, 13, 67).
cost(7, 14, 49).
cost(7, 15, 21).
cost(7, 16, 35).
cost(7, 17, 20).
cost(7, 18, 23).
cost(8, 1, 20).
cost(8, 2, 88).
cost(8, 3, 66).
cost(8, 4, 38).
cost(8, 5, 21).
cost(8, 6, 79).
cost(8, 7, 21).
cost(8, 9, 20).
cost(8, 10, 77).
cost(8, 11, 62).
cost(8, 12, 76).
cost(8, 13, 87).
cost(8, 14, 68).
cost(8, 15, 31).
cost(8, 16, 54).
cost(8, 17, 20).
cost(8, 18, 21).
cost(9, 1, 34).
cost(9, 2, 87).
cost(9, 3, 62).
cost(9, 4, 47).
cost(9, 5, 8).
cost(9, 6, 72).
cost(9, 7, 17).
cost(9, 8, 20).
cost(9, 10, 78).
cost(9, 11, 50).
cost(9, 12, 69).
cost(9, 13, 81).
cost(9, 14, 51).
cost(9, 15, 38).
cost(9, 16, 49).
cost(9, 17, 3).
cost(9, 18, 35).
cost(10, 1, 61).
cost(10, 2, 13).
cost(10, 3, 22).
cost(10, 4, 43).
cost(10, 5, 70).
cost(10, 6, 30).
cost(10, 7, 61).
cost(10, 8, 77).
cost(10, 9, 78).
cost(10, 11, 49).
cost(10, 12, 28).
cost(10, 13, 27).
cost(10, 14, 68).
cost(10, 15, 47).
cost(10, 16, 31).
cost(10, 17, 81).
cost(10, 18, 61).
cost(11, 1, 58).
cost(11, 2, 50).
cost(11, 3, 27).
cost(11, 4, 53).
cost(11, 5, 44).
cost(11, 6, 26).
cost(11, 7, 41).
cost(11, 8, 62).
cost(11, 9, 50).
cost(11, 10, 49).
cost(11, 12, 25).
cost(11, 13, 37).
cost(11, 14, 19).
cost(11, 15, 47).
cost(11, 16, 22).
cost(11, 17, 53).
cost(11, 18, 59).
cost(12, 1, 65).
cost(12, 2, 26).
cost(12, 3, 12).
cost(12, 4, 53).
cost(12, 5, 61).
cost(12, 6, 4).
cost(12, 7, 55).
cost(12, 8, 76).
cost(12, 9, 69).
cost(12, 10, 28).
cost(12, 11, 25).
cost(12, 13, 13).
cost(12, 14, 43).
cost(12, 15, 51).
cost(12, 16, 21).
cost(12, 17, 72).
cost(12, 18, 66).
cost(13, 1, 75).
cost(13, 2, 19).
cost(13, 3, 21).
cost(13, 4, 61).
cost(13, 5, 73).
cost(13, 6, 11).
cost(13, 7, 67).
cost(13, 8, 87).
cost(13, 9, 81).
cost(13, 10, 27).
cost(13, 11, 37).
cost(13, 12, 13).
cost(13, 14, 53).
cost(13, 15, 60).
cost(13, 16, 33).
cost(13, 17, 84).
cost(13, 18, 75).
cost(14, 1, 69).
cost(14, 2, 69).
cost(14, 3, 46).
cost(14, 4, 68).
cost(14, 5, 47).
cost(14, 6, 43).
cost(14, 7, 49).
cost(14, 8, 68).
cost(14, 9, 51).
cost(14, 10, 68).
cost(14, 11, 19).
cost(14, 12, 43).
cost(14, 13, 53).
cost(14, 15, 61).
cost(14, 16, 40).
cost(14, 17, 53).
cost(14, 18, 71).
cost(15, 1, 15).
cost(15, 2, 58).
cost(15, 3, 39).
cost(15, 4, 9).
cost(15, 5, 31).
cost(15, 6, 54).
cost(15, 7, 21).
cost(15, 8, 31).
cost(15, 9, 38).
cost(15, 10, 47).
cost(15, 11, 47).
cost(15, 12, 51).
cost(15, 13, 60).
cost(15, 14, 61).
cost(15, 16, 30).
cost(15, 17, 41).
cost(15, 18, 15).
cost(16, 1, 44).
cost(16, 2, 38).
cost(16, 3, 12).
cost(16, 4, 34).
cost(16, 5, 41).
cost(16, 6, 25).
cost(16, 7, 35).
cost(16, 8, 54).
cost(16, 9, 49).
cost(16, 10, 31).
cost(16, 11, 22).
cost(16, 12, 21).
cost(16, 13, 33).
cost(16, 14, 40).
cost(16, 15, 30).
cost(16, 17, 53).
cost(16, 18, 45).
cost(17, 1, 35).
cost(17, 2, 90).
cost(17, 3, 65).
cost(17, 4, 49).
cost(17, 5, 11).
cost(17, 6, 75).
cost(17, 7, 20).
cost(17, 8, 20).
cost(17, 9, 3).
cost(17, 10, 81).
cost(17, 11, 53).
cost(17, 12, 72).
cost(17, 13, 84).
cost(17, 14, 53).
cost(17, 15, 41).
cost(17, 16, 53).
cost(17, 18, 37).
cost(18, 1, 2).
cost(18, 2, 73).
cost(18, 3, 54).
cost(18, 4, 18).
cost(18, 5, 31).
cost(18, 6, 69).
cost(18, 7, 23).
cost(18, 8, 21).
cost(18, 9, 35).
cost(18, 10, 61).
cost(18, 11, 59).
cost(18, 12, 66).
cost(18, 13, 75).
cost(18, 14, 71).
cost(18, 15, 15).
cost(18, 16, 45).
cost(18, 17, 37).
