dimension(18).
point(1, 11.180228531, 73.6114724099).
point(2, 74.0178791509, 59.5552834926).
point(3, 23.5511438749, 34.2357000488).
point(4, 18.957889449, 23.5185909911).
point(5, 37.608353814, 33.0345467129).
point(6, 37.8386553893, 27.8134819879).
point(7, 8.1024700903, 35.9493855929).
point(8, 35.6818405804, 88.5726478686).
point(9, 60.0324931638, 71.4766358659).
point(10, 62.227707246, 92.7842769621).
point(11, 53.9385311358, 68.4856500087).
point(12, 50.8268252929, 82.6176021802).
point(13, 33.9455367538, 45.7327103618).
point(14, 32.8069767758, 47.2848817063).
point(15, 76.9110600797, 57.0714600137).
point(16, 77.7310048452, 66.4852978763).
point(17, 6.0582420511, 33.540990757).
point(18, 66.4277671673, 59.7371570004).
cost(1, 2, 64).
cost(1, 3, 41).
cost(1, 4, 51).
cost(1, 5, 48).
cost(1, 6, 53).
cost(1, 7, 38).
cost(1, 8, 29).
cost(1, 9, 49).
cost(1, 10, 55).
cost(1, 11, 43).
cost(1, 12, 41).
cost(1, 13, 36).
cost(1, 14, 34).
cost(1, 15, 68).
cost(1, 16, 67).
cost(1, 17, 40).
cost(1, 18, 57).
cost(2, 1, 64).
cost(2, 3, 56).
cost(2, 4, 66).
cost(2, 5, 45).
cost(2, 6, 48).
cost(2, 7, 70).
cost(2, 8, 48).
cost(2, 9, 18).
cost(2, 10, 35).
cost(2, 11, 22).
cost(2, 12, 33).
cost(2, 13, 42).
cost(2, 14, 43).
cost(2, 15, 4).
cost(2, 16, 8).
cost(2, 17, 73).
cost(2, 18, 8).
cost(3, 1, 41).
cost(3, 2, 56).
cost(3, 4, 12).
cost(3, 5, 14).
cost(3, 6, 16).
cost(3, 7, 16).
cost(3, 8, 56).
cost(3, 9, 52).
cost(3, 10, 70).
cost(3, 11, 46).
cost(3, 12, 56).
cost(3, 13, 15).
cost(3, 14, 16).
cost(3, 15, 58).
cost(3, 16, 63).
cost(3, 17, 18).
cost(3, 18, 50).
cost(4, 1, 51).
cost(4, 2, 66).
cost(4, 3, 12).
cost(4, 5, 21).
cost(4, 6, 19).
cost(4, 7, 17).
cost(4, 8, 67).
cost(4, 9, 63).
cost(4, 10, 82).
cost(4, 11, 57).
cost(4, 12, 67).
cost(4, 13, 27).
cost(4, 14, 28).
cost(4, 15, 67).
cost(4, 16, 73).
cost(4, 17, 16).
cost(4, 18, 60).
cost(5, 1, 48).
cost(5, 2, 45).
cost(5, 3, 14).
cost(5, 4, 21).
cost(5, 6, 5).
cost(5, 7, 30).
cost(5, 8, 56).
cost(5, 9, 45).
cost(5, 10, 65).
cost(5, 11, 39).
cost(5, 12, 51).
cost(5, 13, 13).
cost(5, 14, 15).
cost(5, 15, 46).
cost(5, 16, 52).
cost(5, 17, 32).
cost(5, 18, 39).
cost(6, 1, 53).
cost(6, 2, 48).
cost(6, 3, 16).
cost(6, 4, 19).
cost(6, 5, 5).
cost(6, 7, 31).
cost(6, 8, 61).
cost(6, 9, 49).
cost(6, 10, 69).
cost(6, 11, 44).
cost(6, 12, 56).
cost(6, 13, 18).
cost(6, 14, 20).
cost(6, 15, 49).
cost(6, 16, 56).
cost(6, 17, 32).
cost(6, 18, 43).
cost(7, 1, 38).
cost(7, 2, 70).
cost(7, 3, 16).
cost(7, 4, 17).
cost(7, 5, 30).
cost(7, 6, 31).
cost(7, 8, 59).
cost(7, 9, 63).
cost(7, 10, 78).
cost(7, 11, 56).
cost(7, 12, 63).
cost(7, 13, 28).
cost(7, 14, 27).
cost(7, 15, 72).
cost(7, 16, 76).
cost(7, 17, 3).
cost(7, 18, 63).
cost(8, 1, 29).
cost(8, 2, 48).
cost(8, 3, 56).
cost(8, 4, 67).
cost(8, 5, 56).
cost(8, 6, 61).
cost(8, 7, 59).
cost(8, 9, 30).
cost(8, 10, 27).
cost(8, 11, 27).
cost(8, 12, 16).
cost(8, 13, 43).
cost(8, 14, 41).
cost(8, 15, 52).
cost(8, 16, 47).
cost(8, 17, 62).
cost(8, 18, 42).
cost(9, 1, 49).
cost(9, 2, 18).
cost(9, 3, 52).
cost(9, 4, 63).
cost(9, 5, 45).
cost(9, 6, 49).
cost(9, 7, 63).
cost(9, 8, 30).
cost(9, 10, 21).
cost(9, 11, 7).
cost(9, 12, 14).
cost(9, 13, 37).
cost(9, 14, 36).
cost(9, 15, 22).
cost(9, 16, 18).
cost(9, 17, 66).
cost(9, 18, 13).
cost(10, 1, 55).
cost(10, 2, 35).
cost(10, 3, 70).
cost(10, 4, 82).
cost(10, 5, 65).
cost(10, 6, 69).
cost(10, 7, 78).
cost(10, 8, 27).
cost(10, 9, 21).
cost(10, 11, 26).
cost(10, 12, 15).
cost(10, 13, 55).
cost(10, 14, 54).
cost(10, 15, 39).
cost(10, 16, 31).
cost(10, 17, 82).
cost(10, 18, 33).
cost(11, 1, 43).
cost(11, 2, 22).
cost(11, 3, 46).
cost(11, 4, 57).
cost(11, 5, 39).
cost(11, 6, 44).
cost(11, 7, 56).
cost(11, 8, 27).
cost(11, 9, 7).
cost(11, 10, 26).
cost(11, 12, 14).
cost(11, 13, 30).
cost(11, 14, 30).
cost(11, 15, 26).
cost(11, 16, 24).
cost(11, 17, 59).
cost(11, 18, 15).
cost(12, 1, 41).
cost(12, 2, 33).
cost(12, 3, 56).
cost(12, 4, 67).
cost(12, 5, 51).
cost(12, 6, 56).
cost(12, 7, 63).
cost(12, 8, 16).
cost(12, 9, 14).
cost(12, 10, 15).
cost(12, 11, 14).
cost(12, 13, 41).
cost(12, 14, 40).
cost(12, 15, 37).
cost(12, 16, 31).
cost(12, 17, 66).
cost(12, 18, 28).
cost(13, 1, 36).
cost(13, 2, 42).
cost(13, 3, 15).
cost(13, 4, 27).
cost(13, 5, 13).
cost(13, 6, 18).
cost(13, 7, 28).
cost(13, 8, 43).
cost(13, 9, 37).
cost(13, 10, 55).
cost(13, 11, 30).
cost(13, 12, 41).
cost(13, 14, 2).
cost(13, 15, 44).
cost(13, 16, 48).
cost(13, 17, 30).
cost(13, 18, 35).
cost(14, 1, 34).
cost(14, 2, 43).
cost(14, 3, 16).
cost(14, 4, 28).
cost(14, 5, 15).
cost(14, 6, 20).
cost(14, 7, 27).
cost(14, 8, 41).
cost(14, 9, 36).
cost(14, 10, 54).
cost(14, 11, 30).
cost(14, 12, 40).
cost(14, 13, 2).
cost(14, 15, 45).
cost(14, 16, 49).
cost(14, 17, 30).
cost(14, 18, 36).
cost(15, 1, 68).
cost(15, 2, 4).
cost(15, 3, 58).
cost(15, 4, 67).
cost(15, 5, 46).
cost(15, 6, 49).
cost(15, 7, 72).
cost(15, 8, 52).
cost(15, 9, 22).
cost(15, 10, 39).
cost(15, 11, 26).
cost(15, 12, 37).
cost(15, 13, 44).
cost(15, 14, 45).
cost(15, 16, 9).
cost(15, 17, 75).
cost(15, 18, 11).
cost(16, 1, 67).
cost(16, 2, 8).
cost(16, 3, 63).
cost(16, 4, 73).
cost(16, 5, 52).
cost(16, 6, 56).
cost(16, 7, 76).
cost(16, 8, 47).
cost(16, 9, 18).
cost(16, 10, 31).
cost(16, 11, 24).
cost(16, 12, 31).
cost(16, 13, 48).
cost(16, 14, 49).
cost(16, 15, 9).
cost(16, 17, 79).
cost(16, 18, 13).
cost(17, 1, 40).
cost(17, 2, 73).
cost(17, 3, 18).
cost(17, 4, 16).
cost(17, 5, 32).
cost(17, 6, 32).
cost(17, 7, 3).
cost(17, 8, 62).
cost(17, 9, 66).
cost(17, 10, 82).
cost(17, 11, 59).
cost(17, 12, 66).
cost(17, 13, 30).
cost(17, 14, 30).
cost(17, 15, 75).
cost(17, 16, 79).
cost(17, 18, 66).
cost(18, 1, 57).
cost(18, 2, 8).
cost(18, 3, 50).
cost(18, 4, 60).
cost(18, 5, 39).
cost(18, 6, 43).
cost(18, 7, 63).
cost(18, 8, 42).
cost(18, 9, 13).
cost(18, 10, 33).
cost(18, 11, 15).
cost(18, 12, 28).
cost(18, 13, 35).
cost(18, 14, 36).
cost(18, 15, 11).
cost(18, 16, 13).
cost(18, 17, 66).
