dimension(18).
point(1, 49.2468051998, 25.1202502704).
point(2, 17.2515973122, 52.3691525278).
point(3, 71.1856042382, 18.3194027027).
point(4, 60.8043132144, 32.4579522657).
point(5, 23.8476278085, 61.1657551691).
point(6, 61.3727447623, 15.1056769817).
point(7, 17.8629507537, 63.5202025457).
point(8, 75.5203027558, 58.3487234347).
point(9, 63.3147302756, 6.2050192913).
point(10, 59.4405306727, 44.2102155973).
point(11, 23.8779767395, 53.0958972338).
point(12, 8.9537176353, 74.99045232).
point(13, 45.250454847, 18.7356040414).
point(14, 28.326477178, 58.3182753994).
point(15, 14.5282368283, 86.3925960838).
point(16, 79.2083084978, 16.1325939553).
point(17, 1.3585188145, 45.6838180652).
point(18, 18.0703662, 39.4099892512).
cost(1, 2, 42).
cost(1, 3, 23).
cost(1, 4, 14).
cost(1, 5, 44).
cost(1, 6, 16).
cost(1, 7, 50).
cost(1, 8, 42).
cost(1, 9, 24).
cost(1, 10, 22).
cost(1, 11, 38).
cost(1, 12, 64).
cost(1, 13, 8).
cost(1, 14, 39).
cost(1, 15, 70).
cost(1, 16, 31).
cost(1, 17, 52).
cost(1, 18, 34).
cost(2, 1, 42).
cost(2, 3, 64).
cost(2, 4, 48).
cost(2, 5, 11).
cost(2, 6, 58).
cost(2, 7, 11).
cost(2, 8, 59).
cost(2, 9, 65).
cost(2, 10, 43).
cost(2, 11, 7).
cost(2, 12, 24).
cost(2, 13, 44).
cost(2, 14, 13).
cost(2, 15, 34).
cost(2, 16, 72).
cost(2, 17, 17).
cost(2, 18, 13).
cost(3, 1, 23).
cost(3, 2, 64).
cost(3, 4, 18).
cost(3, 5, 64).
cost(3, 6, 10).
cost(3, 7, 70).
cost(3, 8, 40).
cost(3, 9, 14).
cost(3, 10, 28).
cost(3, 11, 59).
cost(3, 12, 84).
cost(3, 13, 26).
cost(3, 14, 59).
cost(3, 15, 89).
cost(3, 16, 8).
cost(3, 17, 75).
cost(3, 18, 57).
cost(4, 1, 14).
cost(4, 2, 48).
cost(4, 3, 18).
cost(4, 5, 47).
cost(4, 6, 17).
cost(4, 7, 53).
cost(4, 8, 30).
cost(4, 9, 26).
cost(4, 10, 12).
cost(4, 11, 42).
cost(4, 12, 67).
cost(4, 13, 21).
cost(4, 14, 42).
cost(4, 15, 71).
cost(4, 16, 25).
cost(4, 17, 61).
cost(4, 18, 43).
cost(5, 1, 44).
cost(5, 2, 11).
cost(5, 3, 64).
cost(5, 4, 47).
cost(5, 6, 59).
cost(5, 7, 6).
cost(5, 8, 52).
cost(5, 9, 68).
cost(5, 10, 39).
cost(5, 11, 8).
cost(5, 12, 20).
cost(5, 13, 48).
cost(5, 14, 5).
cost(5, 15, 27).
cost(5, 16, 71).
cost(5, 17, 27).
cost(5, 18, 23).
cost(6, 1, 16).
cost(6, 2, 58).
cost(6, 3, 10).
cost(6, 4, 17).
cost(6, 5, 59).
cost(6, 7, 65).
cost(6, 8, 45).
cost(6, 9, 9).
cost(6, 10, 29).
cost(6, 11, 53).
cost(6, 12, 80).
cost(6, 13, 17).
cost(6, 14, 54).
cost(6, 15, 85).
cost(6, 16, 18).
cost(6, 17, 67).
cost(6, 18, 50).
cost(7, 1, 50).
cost(7, 2, 11).
cost(7, 3, 70).
cost(7, 4, 53).
cost(7, 5, 6).
cost(7, 6, 65).
cost(7, 8, 58).
cost(7, 9, 73).
cost(7, 10, 46).
cost(7, 11, 12).
cost(7, 12, 15).
cost(7, 13, 52).
cost(7, 14, 12).
cost(7, 15, 23).
cost(7, 16, 78).
cost(7, 17, 24).
cost(7, 18, 24).
cost(8, 1, 42).
cost(8, 2, 59).
cost(8, 3, 40).
cost(8, 4, 30).
cost(8, 5, 52).
cost(8, 6, 45).
cost(8, 7, 58).
cost(8, 9, 54).
cost(8, 10, 21).
cost(8, 11, 52).
cost(8, 12, 69).
cost(8, 13, 50).
cost(8, 14, 47).
cost(8, 15, 67).
cost(8, 16, 42).
cost(8, 17, 75).
cost(8, 18, 60).
cost(9, 1, 24).
cost(9, 2, 65).
cost(9, 3, 14).
cost(9, 4, 26).
cost(9, 5, 68).
cost(9, 6, 9).
cost(9, 7, 73).
cost(9, 8, 54).
cost(9, 10, 38).
cost(9, 11, 61).
cost(9, 12, 88).
cost(9, 13, 22).
cost(9, 14, 63).
cost(9, 15, 94).
cost(9, 16, 19).
cost(9, 17, 73).
cost(9, 18, 56).
cost(10, 1, 22).
cost(10, 2, 43).
cost(10, 3, 28).
cost(10, 4, 12).
cost(10, 5, 39).
cost(10, 6, 29).
cost(10, 7, 46).
cost(10, 8, 21).
cost(10, 9, 38).
cost(10, 11, 37).
cost(10, 12, 59).
cost(10, 13, 29).
cost(10, 14, 34).
cost(10, 15, 62).
cost(10, 16, 34).
cost(10, 17, 58).
cost(10, 18, 42).
cost(11, 1, 38).
cost(11, 2, 7).
cost(11, 3, 59).
cost(11, 4, 42).
cost(11, 5, 8).
cost(11, 6, 53).
cost(11, 7, 12).
cost(11, 8, 52).
cost(11, 9, 61).
cost(11, 10, 37).
cost(11, 12, 26).
cost(11, 13, 40).
cost(11, 14, 7).
cost(11, 15, 35).
cost(11, 16, 67).
cost(11, 17, 24).
cost(11, 18, 15).
cost(12, 1, 64).
cost(12, 2, 24).
cost(12, 3, 84).
cost(12, 4, 67).
cost(12, 5, 20).
cost(12, 6, 80).
cost(12, 7, 15).
cost(12, 8, 69).
cost(12, 9, 88).
cost(12, 10, 59).
cost(12, 11, 26).
cost(12, 13, 67).
cost(12, 14, 26).
cost(12, 15, 13).
cost(12, 16, 92).
cost(12, 17, 30).
cost(12, 18, 37).
cost(13, 1, 8).
cost(13, 2, 44).
cost(13, 3, 26).
cost(13, 4, 21).
cost(13, 5, 48).
cost(13, 6, 17).
cost(13, 7, 52).
cost(13, 8, 50).
cost(13, 9, 22).
cost(13, 10, 29).
cost(13, 11, 40).
cost(13, 12, 67).
cost(13, 14, 43).
cost(13, 15, 74).
cost(13, 16, 34).
cost(13, 17, 52).
cost(13, 18, 34).
cost(14, 1, 39).
cost(14, 2, 13).
cost(14, 3, 59).
cost(14, 4, 42).
cost(14, 5, 5).
cost(14, 6, 54).
cost(14, 7, 12).
cost(14, 8, 47).
cost(14, 9, 63).
cost(14, 10, 34).
cost(14, 11, 7).
cost(14, 12, 26).
cost(14, 13, 43).
cost(14, 15, 31).
cost(14, 16, 66).
cost(14, 17, 30).
cost(14, 18, 22).
cost(15, 1, 70).
cost(15, 2, 34).
cost(15, 3, 89).
cost(15, 4, 71).
cost(15, 5, 27).
cost(15, 6, 85).
cost(15, 7, 23).
cost(15, 8, 67).
cost(15, 9, 94).
cost(15, 10, 62).
cost(15, 11, 35).
cost(15, 12, 13).
cost(15, 13, 74).
cost(15, 14, 31).
cost(15, 16, 95).
cost(15, 17, 43).
cost(15, 18, 47).
cost(16, 1, 31).
cost(16, 2, 72).
cost(16, 3, 8).
cost(16, 4, 25).
cost(16, 5, 71).
cost(16, 6, 18).
cost(16, 7, 78).
cost(16, 8, 42).
cost(16, 9, 19).
cost(16, 10, 34).
cost(16, 11, 67).
cost(16, 12, 92).
cost(16, 13, 34).
cost(16, 14, 66).
cost(16, 15, 95).
cost(16, 17, 83).
cost(16, 18, 65).
cost(17, 1, 52).
cost(17, 2, 17).
cost(17, 3, 75).
cost(17, 4, 61).
cost(17, 5, 27).
cost(17, 6, 67).
cost(17, 7, 24).
cost(17, 8, 75).
cost(17, 9, 73).
cost(17, 10, 58).
cost(17, 11, 24).
cost(17, 12, 30).
cost(17, 13, 52).
cost(17, 14, 30).
cost(17, 15, 43).
cost(17, 16, 83).
cost(17, 18, 18).
cost(18, 1, 34).
cost(18, 2, 13).
cost(18, 3, 57).
cost(18, 4, 43).
cost(18, 5, 23).
cost(18, 6, 50).
cost(18, 7, 24).
cost(18, 8, 60).
cost(18, 9, 56).
cost(18, 10, 42).
cost(18, 11, 15).
cost(18, 12, 37).
cost(18, 13, 34).
cost(18, 14, 22).
cost(18, 15, 47).
cost(18, 16, 65).
cost(18, 17, 18).
