dimension(18).
point(1, 35.7490901911, 27.72392397).
point(2, 79.4774926191, 71.6332572035).
point(3, 36.1357961749, 90.3516005305).
point(4, 44.1964022475, 83.239922801).
point(5, 49.6222340969, 27.8872723534).
point(6, 77.3233344958, 48.4083965989).
point(7, 78.7464622904, 74.2488135997).
point(8, 64.2876825917, 48.2674590282).
point(9, 39.968717555, 39.9427381953).
point(10, 7.6582626495, 69.1611292613).
point(11, 44.0819563997, 36.6661825172).
point(12, 82.215467769, 53.8084636484).
point(13, 10.0363885809, 47.2444664488).
point(14, 18.8869436629, 26.3926918171).
point(15, 67.5975836357, 85.9346058566).
point(16, 20.5140522133, 60.1339344315).
point(17, 31.2169330255, 26.147735883).
point(18, 62.4627064603, 85.9601701819).
cost(1, 2, 62).
cost(1, 3, 63).
cost(1, 4, 56).
cost(1, 5, 14).
cost(1, 6, 46).
cost(1, 7, 63).
cost(1, 8, 35).
cost(1, 9, 13).
cost(1, 10, 50).
cost(1, 11, 12).
cost(1, 12, 53).
cost(1, 13, 32).
cost(1, 14, 17).
cost(1, 15, 66).
cost(1, 16, 36).
cost(1, 17, 5).
cost(1, 18, 64).
cost(2, 1, 62).
cost(2, 3, 47).
cost(2, 4, 37).
cost(2, 5, 53).
cost(2, 6, 23).
cost(2, 7, 3).
cost(2, 8, 28).
cost(2, 9, 51).
cost(2, 10, 72).
cost(2, 11, 50).
cost(2, 12, 18).
cost(2, 13, 74).
cost(2, 14, 76).
cost(2, 15, 19).
cost(2, 16, 60).
cost(2, 17, 66).
cost(2, 18, 22).
cost(3, 1, 63).
cost(3, 2, 47).
cost(3, 4, 11).
cost(3, 5, 64).
cost(3, 6, 59).
cost(3, 7, 46).
cost(3, 8, 51).
cost(3, 9, 51).
cost(3, 10, 35).
cost(3, 11, 54).
cost(3, 12, 59).
cost(3, 13, 50).
cost(3, 14, 66).
cost(3, 15, 32).
cost(3, 16, 34).
cost(3, 17, 64).
cost(3, 18, 27).
cost(4, 1, 56).
cost(4, 2, 37).
cost(4, 3, 11).
cost(4, 5, 56).
cost(4, 6, 48).
cost(4, 7, 36).
cost(4, 8, 40).
cost(4, 9, 44).
cost(4, 10, 39).
cost(4, 11, 47).
cost(4, 12, 48).
cost(4, 13, 50).
cost(4, 14, 62).
cost(4, 15, 24).
cost(4, 16, 33).
cost(4, 17, 59).
cost(4, 18, 18).
cost(5, 1, 14).
cost(5, 2, 53).
cost(5, 3, 64).
cost(5, 4, 56).
cost(5, 6, 34).
cost(5, 7, 55).
cost(5, 8, 25).
cost(5, 9, 15).
cost(5, 10, 59).
cost(5, 11, 10).
cost(5, 12, 42).
cost(5, 13, 44).
cost(5, 14, 31).
cost(5, 15, 61).
cost(5, 16, 43).
cost(5, 17, 18).
cost(5, 18, 59).
cost(6, 1, 46).
cost(6, 2, 23).
cost(6, 3, 59).
cost(6, 4, 48).
cost(6, 5, 34).
cost(6, 7, 26).
cost(6, 8, 13).
cost(6, 9, 38).
cost(6, 10, 73).
cost(6, 11, 35).
cost(6, 12, 7).
cost(6, 13, 67).
cost(6, 14, 62).
cost(6, 15, 39).
cost(6, 16, 58).
cost(6, 17, 51).
cost(6, 18, 40).
cost(7, 1, 63).
cost(7, 2, 3).
cost(7, 3, 46).
cost(7, 4, 36).
cost(7, 5, 55).
cost(7, 6, 26).
cost(7, 8, 30).
cost(7, 9, 52).
cost(7, 10, 71).
cost(7, 11, 51).
cost(7, 12, 21).
cost(7, 13, 74).
cost(7, 14, 77).
cost(7, 15, 16).
cost(7, 16, 60).
cost(7, 17, 68).
cost(7, 18, 20).
cost(8, 1, 35).
cost(8, 2, 28).
cost(8, 3, 51).
cost(8, 4, 40).
cost(8, 5, 25).
cost(8, 6, 13).
cost(8, 7, 30).
cost(8, 9, 26).
cost(8, 10, 60).
cost(8, 11, 23).
cost(8, 12, 19).
cost(8, 13, 54).
cost(8, 14, 50).
cost(8, 15, 38).
cost(8, 16, 45).
cost(8, 17, 40).
cost(8, 18, 38).
cost(9, 1, 13).
cost(9, 2, 51).
cost(9, 3, 51).
cost(9, 4, 44).
cost(9, 5, 15).
cost(9, 6, 38).
cost(9, 7, 52).
cost(9, 8, 26).
cost(9, 10, 44).
cost(9, 11, 5).
cost(9, 12, 44).
cost(9, 13, 31).
cost(9, 14, 25).
cost(9, 15, 54).
cost(9, 16, 28).
cost(9, 17, 16).
cost(9, 18, 51).
cost(10, 1, 50).
cost(10, 2, 72).
cost(10, 3, 35).
cost(10, 4, 39).
cost(10, 5, 59).
cost(10, 6, 73).
cost(10, 7, 71).
cost(10, 8, 60).
cost(10, 9, 44).
cost(10, 11, 49).
cost(10, 12, 76).
cost(10, 13, 22).
cost(10, 14, 44).
cost(10, 15, 62).
cost(10, 16, 16).
cost(10, 17, 49).
cost(10, 18, 57).
cost(11, 1, 12).
cost(11, 2, 50).
cost(11, 3, 54).
cost(11, 4, 47).
cost(11, 5, 10).
cost(11, 6, 35).
cost(11, 7, 51).
cost(11, 8, 23).
cost(11, 9, 5).
cost(11, 10, 49).
cost(11, 12, 42).
cost(11, 13, 36).
cost(11, 14, 27).
cost(11, 15, 55).
cost(11, 16, 33).
cost(11, 17, 17).
cost(11, 18, 53).
cost(12, 1, 53).
cost(12, 2, 18).
cost(12, 3, 59).
cost(12, 4, 48).
cost(12, 5, 42).
cost(12, 6, 7).
cost(12, 7, 21).
cost(12, 8, 19).
cost(12, 9, 44).
cost(12, 10, 76).
cost(12, 11, 42).
cost(12, 13, 72).
cost(12, 14, 69).
cost(12, 15, 35).
cost(12, 16, 62).
cost(12, 17, 58).
cost(12, 18, 38).
cost(13, 1, 32).
cost(13, 2, 74).
cost(13, 3, 50).
cost(13, 4, 50).
cost(13, 5, 44).
cost(13, 6, 67).
cost(13, 7, 74).
cost(13, 8, 54).
cost(13, 9, 31).
cost(13, 10, 22).
cost(13, 11, 36).
cost(13, 12, 72).
cost(13, 14, 23).
cost(13, 15, 69).
cost(13, 16, 17).
cost(13, 17, 30).
cost(13, 18, 65).
cost(14, 1, 17).
cost(14, 2, 76).
cost(14, 3, 66).
cost(14, 4, 62).
cost(14, 5, 31).
cost(14, 6, 62).
cost(14, 7, 77).
cost(14, 8, 50).
cost(14, 9, 25).
cost(14, 10, 44).
cost(14, 11, 27).
cost(14, 12, 69).
cost(14, 13, 23).
cost(14, 15, 77).
cost(14, 16, 34).
cost(14, 17, 12).
cost(14, 18, 74).
cost(15, 1, 66).
cost(15, 2, 19).
cost(15, 3, 32).
cost(15, 4, 24).
cost(15, 5, 61).
cost(15, 6, 39).
cost(15, 7, 16).
cost(15, 8, 38).
cost(15, 9, 54).
cost(15, 10, 62).
cost(15, 11, 55).
cost(15, 12, 35).
cost(15, 13, 69).
cost(15, 14, 77).
cost(15, 16, 54).
cost(15, 17, 70).
cost(15, 18, 5).
cost(16, 1, 36).
cost(16, 2, 60).
cost(16, 3, 34).
cost(16, 4, 33).
cost(16, 5, 43).
cost(16, 6, 58).
cost(16, 7, 60).
cost(16, 8, 45).
cost(16, 9, 28).
cost(16, 10, 16).
cost(16, 11, 33).
cost(16, 12, 62).
cost(16, 13, 17).
cost(16, 14, 34).
cost(16, 15, 54).
cost(16, 17, 36).
cost(16, 18, 49).
cost(17, 1, 5).
cost(17, 2, 66).
cost(17, 3, 64).
cost(17, 4, 59).
cost(17, 5, 18).
cost(17, 6, 51).
cost(17, 7, 68).
cost(17, 8, 40).
cost(17, 9, 16).
cost(17, 10, 49).
cost(17, 11, 17).
cost(17, 12, 58).
cost(17, 13, 30).
cost(17, 14, 12).
cost(17, 15, 70).
cost(17, 16, 36).
cost(17, 18, 67).
cost(18, 1, 64).
cost(18, 2, 22).
cost(18, 3, 27).
cost(18, 4, 18).
cost(18, 5, 59).
cost(18, 6, 40).
cost(18, 7, 20).
cost(18, 8, 38).
cost(18, 9, 51).
cost(18, 10, 57).
cost(18, 11, 53).
cost(18, 12, 38).
cost(18, 13, 65).
cost(18, 14, 74).
cost(18, 15, 5).
cost(18, 16, 49).
cost(18, 17, 67).
