dimension(18).
point(1, 32.3068030692, 36.7145291566).
point(2, 20.9157611857, 44.5085591205).
point(3, 43.9705736347, 93.1658902061).
point(4, 31.2157685487, 13.7756660497).
point(5, 45.7156282689, 30.0014507502).
point(6, 25.3473544437, 17.5964663495).
point(7, 39.5261725499, 53.6869454971).
point(8, 54.4437862725, 93.613309866).
point(9, 64.0160162081, 37.2749272485).
point(10, 90.5601002842, 67.0612531919).
point(11, 40.887085652, 98.3126223297).
point(12, 38.1530613889, 87.229441773).
point(13, 81.1698618807, 49.5128338356).
point(14, 50.4640307207, 98.0599385837).
point(15, 47.6757842369, 41.6174884959).
point(16, 60.1462600144, 90.2374736124).
point(17, 45.8057438288, 14.1608789996).
point(18, 92.460793576, 92.0783624182).
cost(1, 2, 14).
cost(1, 3, 58).
cost(1, 4, 23).
cost(1, 5, 15).
cost(1, 6, 20).
cost(1, 7, 18).
cost(1, 8, 61).
cost(1, 9, 32).
cost(1, 10, 66).
cost(1, 11, 62).
cost(1, 12, 51).
cost(1, 13, 51).
cost(1, 14, 64).
cost(1, 15, 16).
cost(1, 16, 60).
cost(1, 17, 26).
cost(1, 18, 82).
cost(2, 1, 14).
cost(2, 3, 54).
cost(2, 4, 32).
cost(2, 5, 29).
cost(2, 6, 27).
cost(2, 7, 21).
cost(2, 8, 59).
cost(2, 9, 44).
cost(2, 10, 73).
cost(2, 11, 57).
cost(2, 12, 46).
cost(2, 13, 60).
cost(2, 14, 61).
cost(2, 15, 27).
cost(2, 16, 60).
cost(2, 17, 39).
cost(2, 18, 86).
cost(3, 1, 58).
cost(3, 2, 54).
cost(3, 4, 80).
cost(3, 5, 63).
cost(3, 6, 78).
cost(3, 7, 40).
cost(3, 8, 10).
cost(3, 9, 59).
cost(3, 10, 53).
cost(3, 11, 6).
cost(3, 12, 8).
cost(3, 13, 57).
cost(3, 14, 8).
cost(3, 15, 52).
cost(3, 16, 16).
cost(3, 17, 79).
cost(3, 18, 49).
cost(4, 1, 23).
cost(4, 2, 32).
cost(4, 3, 80).
cost(4, 5, 22).
cost(4, 6, 7).
cost(4, 7, 41).
cost(4, 8, 83).
cost(4, 9, 40).
cost(4, 10, 80).
cost(4, 11, 85).
cost(4, 12, 74).
cost(4, 13, 61).
cost(4, 14, 86).
cost(4, 15, 32).
cost(4, 16, 82).
cost(4, 17, 15).
cost(4, 18, 99).
cost(5, 1, 15).
cost(5, 2, 29).
cost(5, 3, 63).
cost(5, 4, 22).
cost(5, 6, 24).
cost(5, 7, 24).
cost(5, 8, 64).
cost(5, 9, 20).
cost(5, 10, 58).
cost(5, 11, 68).
cost(5, 12, 58).
cost(5, 13, 40).
cost(5, 14, 68).
cost(5, 15, 12).
cost(5, 16, 62).
cost(5, 17, 16).
cost(5, 18, 78).
cost(6, 1, 20).
cost(6, 2, 27).
cost(6, 3, 78).
cost(6, 4, 7).
cost(6, 5, 24).
cost(6, 7, 39).
cost(6, 8, 81).
cost(6, 9, 43).
cost(6, 10, 82).
cost(6, 11, 82).
cost(6, 12, 71).
cost(6, 13, 64).
cost(6, 14, 84).
cost(6, 15, 33).
cost(6, 16, 81).
cost(6, 17, 21).
cost(6, 18, 100).
cost(7, 1, 18).
cost(7, 2, 21).
cost(7, 3, 40).
cost(7, 4, 41).
cost(7, 5, 24).
cost(7, 6, 39).
cost(7, 8, 43).
cost(7, 9, 29).
cost(7, 10, 53).
cost(7, 11, 45).
cost(7, 12, 34).
cost(7, 13, 42).
cost(7, 14, 46).
cost(7, 15, 15).
cost(7, 16, 42).
cost(7, 17, 40).
cost(7, 18, 65).
cost(8, 1, 61).
cost(8, 2, 59).
cost(8, 3, 10).
cost(8, 4, 83).
cost(8, 5, 64).
cost(8, 6, 81).
cost(8, 7, 43).
cost(8, 9, 57).
cost(8, 10, 45).
cost(8, 11, 14).
cost(8, 12, 17).
cost(8, 13, 52).
cost(8, 14, 6).
cost(8, 15, 52).
cost(8, 16, 7).
cost(8, 17, 80).
cost(8, 18, 38).
cost(9, 1, 32).
cost(9, 2, 44).
cost(9, 3, 59).
cost(9, 4, 40).
cost(9, 5, 20).
cost(9, 6, 43).
cost(9, 7, 29).
cost(9, 8, 57).
cost(9, 10, 40).
cost(9, 11, 65).
cost(9, 12, 56).
cost(9, 13, 21).
cost(9, 14, 62).
cost(9, 15, 17).
cost(9, 16, 53).
cost(9, 17, 29).
cost(9, 18, 62).
cost(10, 1, 66).
cost(10, 2, 73).
cost(10, 3, 53).
cost(10, 4, 80).
cost(10, 5, 58).
cost(10, 6, 82).
cost(10, 7, 53).
cost(10, 8, 45).
cost(10, 9, 40).
cost(10, 11, 59).
cost(10, 12, 56).
cost(10, 13, 20).
cost(10, 14, 51).
cost(10, 15, 50).
cost(10, 16, 38).
cost(10, 17, 69).
cost(10, 18, 25).
cost(11, 1, 62).
cost(11, 2, 57).
cost(11, 3, 6).
cost(11, 4, 85).
cost(11, 5, 68).
cost(11, 6, 82).
cost(11, 7, 45).
cost(11, 8, 14).
cost(11, 9, 65).
cost(11, 10, 59).
cost(11, 12, 11).
cost(11, 13, 63).
cost(11, 14, 10).
cost(11, 15, 57).
cost(11, 16, 21).
cost(11, 17, 84).
cost(11, 18, 52).
cost(12, 1, 51).
cost(12, 2, 46).
cost(12, 3, 8).
cost(12, 4, 74).
cost(12, 5, 58).
cost(12, 6, 71).
cost(12, 7, 34).
cost(12, 8, 17).
cost(12, 9, 56).
cost(12, 10, 56).
cost(12, 11, 11).
cost(12, 13, 57).
cost(12, 14, 16).
cost(12, 15, 47).
cost(12, 16, 22).
cost(12, 17, 73).
cost(12, 18, 55).
cost(13, 1, 51).
cost(13, 2, 60).
cost(13, 3, 57).
cost(13, 4, 61).
cost(13, 5, 40).
cost(13, 6, 64).
cost(13, 7, 42).
cost(13, 8, 52).
cost(13, 9, 21).
cost(13, 10, 20).
cost(13, 11, 63).
cost(13, 12, 57).
cost(13, 14, 57).
cost(13, 15, 34).
cost(13, 16, 46).
cost(13, 17, 50).
cost(13, 18, 44).
cost(14, 1, 64).
cost(14, 2, 61).
cost(14, 3, 8).
cost(14, 4, 86).
cost(14, 5, 68).
cost(14, 6, 84).
cost(14, 7, 46).
cost(14, 8, 6).
cost(14, 9, 62).
cost(14, 10, 51).
cost(14, 11, 10).
cost(14, 12, 16).
cost(14, 13, 57).
cost(14, 15, 57).
cost(14, 16, 12).
cost(14, 17, 84).
cost(14, 18, 42).
cost(15, 1, 16).
cost(15, 2, 27).
cost(15, 3, 52).
cost(15, 4, 32).
cost(15, 5, 12).
cost(15, 6, 33).
cost(15, 7, 15).
cost(15, 8, 52).
cost(15, 9, 17).
cost(15, 10, 50).
cost(15, 11, 57).
cost(15, 12, 47).
cost(15, 13, 34).
cost(15, 14, 57).
cost(15, 16, 50).
cost(15, 17, 28).
cost(15, 18, 67).
cost(16, 1, 60).
cost(16, 2, 60).
cost(16, 3, 16).
cost(16, 4, 82).
cost(16, 5, 62).
cost(16, 6, 81).
cost(16, 7, 42).
cost(16, 8, 7).
cost(16, 9, 53).
cost(16, 10, 38).
cost(16, 11, 21).
cost(16, 12, 22).
cost(16, 13, 46).
cost(16, 14, 12).
cost(16, 15, 50).
cost(16, 17, 77).
cost(16, 18, 32).
cost(17, 1, 26).
cost(17, 2, 39).
cost(17, 3, 79).
cost(17, 4, 15).
cost(17, 5, 16).
cost(17, 6, 21).
cost(17, 7, 40).
cost(17, 8, 80).
cost(17, 9, 29).
cost(17, 10, 69).
cost(17, 11, 84).
cost(17, 12, 73).
cost(17, 13, 50).
cost(17, 14, 84).
cost(17, 15, 28).
cost(17, 16, 77).
cost(17, 18, 91).
cost(18, 1, 82).
cost(18, 2, 86).
cost(18, 3, 49).
cost(18, 4, 99).
cost(18, 5, 78).
cost(18, 6, 100).
cost(18, 7, 65).
cost(18, 8, 38).
cost(18, 9, 62).
cost(18, 10, 25).
cost(18, 11, 52).
cost(18, 12, 55).
cost(18, 13, 44).
cost(18, 14, 42).
cost(18, 15, 67).
cost(18, 16, 32).
cost(18, 17, 91).
