dimension(18).
point(1, 62.1631002833, 76.8175537554).
point(2, 53.2443589184, 10.1918450351).
point(3, 47.5008564506, 98.3659024941).
point(4, 34.2937531404, 86.7251702055).
point(5, 90.8803017246, 29.1222089248).
point(6, 51.6913117403, 32.0897381443).
point(7, 39.3112292596, 19.127392728).
point(8, 81.9175600591, 42.2558572528).
point(9, 72.9519661111, 94.4855164997).
point(10, 26.0716242907, 96.0803293653).
point(11, 33.7974363411, 80.2940065316).
point(12, 65.2880406506, 39.2046291967).
point(13, 48.2328859637, 4.451381078).
point(14, 60.6340402266, 89.4524312022).
point(15, 49.1562909503, 76.4356499128).
point(16, 29.533348476, 89.3411590083).
point(17, 85.2496617782, 43.9767535656).
point(18, 71.6426492668, 35.088134934).
cost(1, 2, 67).
cost(1, 3, 26).
cost(1, 4, 30).
cost(1, 5, 56).
cost(1, 6, 46).
cost(1, 7, 62).
cost(1, 8, 40).
cost(1, 9, 21).
cost(1, 10, 41).
cost(1, 11, 29).
cost(1, 12, 38).
cost(1, 13, 74).
cost(1, 14, 13).
cost(1, 15, 13).
cost(1, 16, 35).
cost(1, 17, 40).
cost(1, 18, 43).
cost(2, 1, 67).
cost(2, 3, 88).
cost(2, 4, 79).
cost(2, 5, 42).
cost(2, 6, 22).
cost(2, 7, 17).
cost(2, 8, 43).
cost(2, 9, 87).
cost(2, 10, 90).
cost(2, 11, 73).
cost(2, 12, 31).
cost(2, 13, 8).
cost(2, 14, 80).
cost(2, 15, 66).
cost(2, 16, 83).
cost(2, 17, 47).
cost(2, 18, 31).
cost(3, 1, 26).
cost(3, 2, 88).
cost(3, 4, 18).
cost(3, 5, 82).
cost(3, 6, 66).
cost(3, 7, 80).
cost(3, 8, 66).
cost(3, 9, 26).
cost(3, 10, 22).
cost(3, 11, 23).
cost(3, 12, 62).
cost(3, 13, 94).
cost(3, 14, 16).
cost(3, 15, 22).
cost(3, 16, 20).
cost(3, 17, 66).
cost(3, 18, 68).
cost(4, 1, 30).
cost(4, 2, 79).
cost(4, 3, 18).
cost(4, 5, 81).
cost(4, 6, 57).
cost(4, 7, 68).
cost(4, 8, 65).
cost(4, 9, 39).
cost(4, 10, 12).
cost(4, 11, 6).
cost(4, 12, 57).
cost(4, 13, 83).
cost(4, 14, 26).
cost(4, 15, 18).
cost(4, 16, 5).
cost(4, 17, 67).
cost(4, 18, 64).
cost(5, 1, 56).
cost(5, 2, 42).
cost(5, 3, 82).
cost(5, 4, 81).
cost(5, 6, 39).
cost(5, 7, 53).
cost(5, 8, 16).
cost(5, 9, 68).
cost(5, 10, 93).
cost(5, 11, 77).
cost(5, 12, 28).
cost(5, 13, 49).
cost(5, 14, 67).
cost(5, 15, 63).
cost(5, 16, 86).
cost(5, 17, 16).
cost(5, 18, 20).
cost(6, 1, 46).
cost(6, 2, 22).
cost(6, 3, 66).
cost(6, 4, 57).
cost(6, 5, 39).
cost(6, 7, 18).
cost(6, 8, 32).
cost(6, 9, 66).
cost(6, 10, 69).
cost(6, 11, 51).
cost(6, 12, 15).
cost(6, 13, 28).
cost(6, 14, 58).
cost(6, 15, 44).
cost(6, 16, 61).
cost(6, 17, 36).
cost(6, 18, 20).
cost(7, 1, 62).
cost(7, 2, 17).
cost(7, 3, 80).
cost(7, 4, 68).
cost(7, 5, 53).
cost(7, 6, 18).
cost(7, 8, 48).
cost(7, 9, 83).
cost(7, 10, 78).
cost(7, 11, 61).
cost(7, 12, 33).
cost(7, 13, 17).
cost(7, 14, 73).
cost(7, 15, 58).
cost(7, 16, 71).
cost(7, 17, 52).
cost(7, 18, 36).
cost(8, 1, 40).
cost(8, 2, 43).
cost(8, 3, 66).
cost(8, 4, 65).
cost(8, 5, 16).
cost(8, 6, 32).
cost(8, 7, 48).
cost(8, 9, 53).
cost(8, 10, 78).
cost(8, 11, 61).
cost(8, 12, 17).
cost(8, 13, 51).
cost(8, 14, 52).
cost(8, 15, 47).
cost(8, 16, 70).
cost(8, 17, 4).
cost(8, 18, 13).
cost(9, 1, 21).
cost(9, 2, 87).
cost(9, 3, 26).
cost(9, 4, 39).
cost(9, 5, 68).
cost(9, 6, 66).
cost(9, 7, 83).
cost(9, 8, 53).
cost(9, 10, 47).
cost(9, 11, 42).
cost(9, 12, 56).
cost(9, 13, 93).
cost(9, 14, 13).
cost(9, 15, 30).
cost(9, 16, 44).
cost(9, 17, 52).
cost(9, 18, 59).
cost(10, 1, 41).
cost(10, 2, 90).
cost(10, 3, 22).
cost(10, 4, 12).
cost(10, 5, 93).
cost(10, 6, 69).
cost(10, 7, 78).
cost(10, 8, 78).
cost(10, 9, 47).
cost(10, 11, 18).
cost(10, 12, 69).
cost(10, 13, 94).
cost(10, 14, 35).
cost(10, 15, 30).
cost(10, 16, 8).
cost(10, 17, 79).
cost(10, 18, 76).
cost(11, 1, 29).
cost(11, 2, 73).
cost(11, 3, 23).
cost(11, 4, 6).
cost(11, 5, 77).
cost(11, 6, 51).
cost(11, 7, 61).
cost(11, 8, 61).
cost(11, 9, 42).
cost(11, 10, 18).
cost(11, 12, 52).
cost(11, 13, 77).
cost(11, 14, 28).
cost(11, 15, 16).
cost(11, 16, 10).
cost(11, 17, 63).
cost(11, 18, 59).
cost(12, 1, 38).
cost(12, 2, 31).
cost(12, 3, 62).
cost(12, 4, 57).
cost(12, 5, 28).
cost(12, 6, 15).
cost(12, 7, 33).
cost(12, 8, 17).
cost(12, 9, 56).
cost(12, 10, 69).
cost(12, 11, 52).
cost(12, 13, 39).
cost(12, 14, 50).
cost(12, 15, 41).
cost(12, 16, 62).
cost(12, 17, 21).
cost(12, 18, 8).
cost(13, 1, 74).
cost(13, 2, 8).
cost(13, 3, 94).
cost(13, 4, 83).
cost(13, 5, 49).
cost(13, 6, 28).
cost(13, 7, 17).
cost(13, 8, 51).
cost(13, 9, 93).
cost(13, 10, 94).
cost(13, 11, 77).
cost(13, 12, 39).
cost(13, 14, 86).
cost(13, 15, 72).
cost(13, 16, 87).
cost(13, 17, 54).
cost(13, 18, 39).
cost(14, 1, 13).
cost(14, 2, 80).
cost(14, 3, 16).
cost(14, 4, 26).
cost(14, 5, 67).
cost(14, 6, 58).
cost(14, 7, 73).
cost(14, 8, 52).
cost(14, 9, 13).
cost(14, 10, 35).
cost(14, 11, 28).
cost(14, 12, 50).
cost(14, 13, 86).
cost(14, 15, 17).
cost(14, 16, 31).
cost(14, 17, 52).
cost(14, 18, 55).
cost(15, 1, 13).
cost(15, 2, 66).
cost(15, 3, 22).
cost(15, 4, 18).
cost(15, 5, 63).
cost(15, 6, 44).
cost(15, 7, 58).
cost(15, 8, 47).
cost(15, 9, 30).
cost(15, 10, 30).
cost(15, 11, 16).
cost(15, 12, 41).
cost(15, 13, 72).
cost(15, 14, 17).
cost(15, 16, 23).
cost(15, 17, 49).
cost(15, 18, 47).
cost(16, 1, 35).
cost(16, 2, 83).
cost(16, 3, 20).
cost(16, 4, 5).
cost(16, 5, 86).
cost(16, 6, 61).
cost(16, 7, 71).
cost(16, 8, 70).
cost(16, 9, 44).
cost(16, 10, 8).
cost(16, 11, 10).
cost(16, 12, 62).
cost(16, 13, 87).
cost(16, 14, 31).
cost(16, 15, 23).
cost(16, 17, 72).
cost(16, 18, 69).
cost(17, 1, 40).
cost(17, 2, 47).
cost(17, 3, 66).
cost(17, 4, 67).
cost(17, 5, 16).
cost(17, 6, 36).
cost(17, 7, 52).
cost(17, 8, 4).
cost(17, 9, 52).
cost(17, 10, 79).
cost(17, 11, 63).
cost(17, 12, 21).
cost(17, 13, 54).
cost(17, 14, 52).
cost(17, 15, 49).
cost(17, 16, 72).
cost(17, 18, 16).
cost(18, 1, 43).
cost(18, 2, 31).
cost(18, 3, 68).
cost(18, 4, 64).
cost(18, 5, 20).
cost(18, 6, 20).
cost(18, 7, 36).
cost(18, 8, 13).
cost(18, 9, 59).
cost(18, 10, 76).
cost(18, 11, 59).
cost(18, 12, 8).
cost(18, 13, 39).
cost(18, 14, 55).
cost(18, 15, 47).
cost(18, 16, 69).
cost(18, 17, 16).
