dimension(18).
point(1, 17.5157803021, 75.6520470208).
point(2, 53.8894981125, 88.6769606083).
point(3, 81.1197678977, 78.0180120647).
point(4, 27.2399675729, 85.3167048953).
point(5, 9.0580387089, 51.4642974589).
point(6, 79.1001424, 28.176220132).
point(7, 65.723454656, 29.0638522468).
point(8, 79.0695452904, 50.9374578815).
point(9, 93.1008115017, 45.1493229867).
point(10, 10.7634552325, 96.1503163259).
point(11, 50.9792267109, 30.355669758).
point(12, 40.2266706521, 97.4165556181).
point(13, 28.0356782299, 69.9413012944).
point(14, 65.9336426887, 21.8672668739).
point(15, 21.4285237633, 58.9748577284).
point(16, 14.9378590679, 45.5205168011).
point(17, 58.7461025218, 23.0437010432).
point(18, 87.4655511449, 50.1461286491).
cost(1, 2, 39).
cost(1, 3, 64).
cost(1, 4, 14).
cost(1, 5, 26).
cost(1, 6, 78).
cost(1, 7, 67).
cost(1, 8, 66).
cost(1, 9, 82).
cost(1, 10, 22).
cost(1, 11, 56).
cost(1, 12, 31).
cost(1, 13, 12).
cost(1, 14, 72).
cost(1, 15, 17).
cost(1, 16, 30).
cost(1, 17, 67).
cost(1, 18, 74).
cost(2, 1, 39).
cost(2, 3, 29).
cost(2, 4, 27).
cost(2, 5, 58).
cost(2, 6, 66).
cost(2, 7, 61).
cost(2, 8, 45).
cost(2, 9, 59).
cost(2, 10, 44).
cost(2, 11, 58).
cost(2, 12, 16).
cost(2, 13, 32).
cost(2, 14, 68).
cost(2, 15, 44).
cost(2, 16, 58).
cost(2, 17, 66).
cost(2, 18, 51).
cost(3, 1, 64).
cost(3, 2, 29).
cost(3, 4, 54).
cost(3, 5, 77).
cost(3, 6, 50).
cost(3, 7, 51).
cost(3, 8, 27).
cost(3, 9, 35).
cost(3, 10, 73).
cost(3, 11, 56).
cost(3, 12, 45).
cost(3, 13, 54).
cost(3, 14, 58).
cost(3, 15, 63).
cost(3, 16, 74).
cost(3, 17, 59).
cost(3, 18, 29).
cost(4, 1, 14).
cost(4, 2, 27).
cost(4, 3, 54).
cost(4, 5, 38).
cost(4, 6, 77).
cost(4, 7, 68).
cost(4, 8, 62).
cost(4, 9, 77).
cost(4, 10, 20).
cost(4, 11, 60).
cost(4, 12, 18).
cost(4, 13, 15).
cost(4, 14, 74).
cost(4, 15, 27).
cost(4, 16, 42).
cost(4, 17, 70).
cost(4, 18, 70).
cost(5, 1, 26).
cost(5, 2, 58).
cost(5, 3, 77).
cost(5, 4, 38).
cost(5, 6, 74).
cost(5, 7, 61).
cost(5, 8, 70).
cost(5, 9, 84).
cost(5, 10, 45).
cost(5, 11, 47).
cost(5, 12, 56).
cost(5, 13, 26).
cost(5, 14, 64).
cost(5, 15, 14).
cost(5, 16, 8).
cost(5, 17, 57).
cost(5, 18, 78).
cost(6, 1, 78).
cost(6, 2, 66).
cost(6, 3, 50).
cost(6, 4, 77).
cost(6, 5, 74).
cost(6, 7, 13).
cost(6, 8, 23).
cost(6, 9, 22).
cost(6, 10, 96).
cost(6, 11, 28).
cost(6, 12, 79).
cost(6, 13, 66).
cost(6, 14, 15).
cost(6, 15, 65).
cost(6, 16, 66).
cost(6, 17, 21).
cost(6, 18, 24).
cost(7, 1, 67).
cost(7, 2, 61).
cost(7, 3, 51).
cost(7, 4, 68).
cost(7, 5, 61).
cost(7, 6, 13).
cost(7, 8, 26).
cost(7, 9, 32).
cost(7, 10, 87).
cost(7, 11, 15).
cost(7, 12, 73).
cost(7, 13, 56).
cost(7, 14, 7).
cost(7, 15, 53).
cost(7, 16, 53).
cost(7, 17, 9).
cost(7, 18, 30).
cost(8, 1, 66).
cost(8, 2, 45).
cost(8, 3, 27).
cost(8, 4, 62).
cost(8, 5, 70).
cost(8, 6, 23).
cost(8, 7, 26).
cost(8, 9, 15).
cost(8, 10, 82).
cost(8, 11, 35).
cost(8, 12, 61).
cost(8, 13, 54).
cost(8, 14, 32).
cost(8, 15, 58).
cost(8, 16, 64).
cost(8, 17, 35).
cost(8, 18, 8).
cost(9, 1, 82).
cost(9, 2, 59).
cost(9, 3, 35).
cost(9, 4, 77).
cost(9, 5, 84).
cost(9, 6, 22).
cost(9, 7, 32).
cost(9, 8, 15).
cost(9, 10, 97).
cost(9, 11, 45).
cost(9, 12, 74).
cost(9, 13, 70).
cost(9, 14, 36).
cost(9, 15, 73).
cost(9, 16, 78).
cost(9, 17, 41).
cost(9, 18, 8).
cost(10, 1, 22).
cost(10, 2, 44).
cost(10, 3, 73).
cost(10, 4, 20).
cost(10, 5, 45).
cost(10, 6, 96).
cost(10, 7, 87).
cost(10, 8, 82).
cost(10, 9, 97).
cost(10, 11, 77).
cost(10, 12, 29).
cost(10, 13, 31).
cost(10, 14, 93).
cost(10, 15, 39).
cost(10, 16, 51).
cost(10, 17, 87).
cost(10, 18, 89).
cost(11, 1, 56).
cost(11, 2, 58).
cost(11, 3, 56).
cost(11, 4, 60).
cost(11, 5, 47).
cost(11, 6, 28).
cost(11, 7, 15).
cost(11, 8, 35).
cost(11, 9, 45).
cost(11, 10, 77).
cost(11, 12, 68).
cost(11, 13, 46).
cost(11, 14, 17).
cost(11, 15, 41).
cost(11, 16, 39).
cost(11, 17, 11).
cost(11, 18, 42).
cost(12, 1, 31).
cost(12, 2, 16).
cost(12, 3, 45).
cost(12, 4, 18).
cost(12, 5, 56).
cost(12, 6, 79).
cost(12, 7, 73).
cost(12, 8, 61).
cost(12, 9, 74).
cost(12, 10, 29).
cost(12, 11, 68).
cost(12, 13, 30).
cost(12, 14, 80).
cost(12, 15, 43).
cost(12, 16, 58).
cost(12, 17, 77).
cost(12, 18, 67).
cost(13, 1, 12).
cost(13, 2, 32).
cost(13, 3, 54).
cost(13, 4, 15).
cost(13, 5, 26).
cost(13, 6, 66).
cost(13, 7, 56).
cost(13, 8, 54).
cost(13, 9, 70).
cost(13, 10, 31).
cost(13, 11, 46).
cost(13, 12, 30).
cost(13, 14, 61).
cost(13, 15, 13).
cost(13, 16, 28).
cost(13, 17, 56).
cost(13, 18, 63).
cost(14, 1, 72).
cost(14, 2, 68).
cost(14, 3, 58).
cost(14, 4, 74).
cost(14, 5, 64).
cost(14, 6, 15).
cost(14, 7, 7).
cost(14, 8, 32).
cost(14, 9, 36).
cost(14, 10, 93).
cost(14, 11, 17).
cost(14, 12, 80).
cost(14, 13, 61).
cost(14, 15, 58).
cost(14, 16, 56).
cost(14, 17, 7).
cost(14, 18, 36).
cost(15, 1, 17).
cost(15, 2, 44).
cost(15, 3, 63).
cost(15, 4, 27).
cost(15, 5, 14).
cost(15, 6, 65).
cost(15, 7, 53).
cost(15, 8, 58).
cost(15, 9, 73).
cost(15, 10, 39).
cost(15, 11, 41).
cost(15, 12, 43).
cost(15, 13, 13).
cost(15, 14, 58).
cost(15, 16, 15).
cost(15, 17, 52).
cost(15, 18, 67).
cost(16, 1, 30).
cost(16, 2, 58).
cost(16, 3, 74).
cost(16, 4, 42).
cost(16, 5, 8).
cost(16, 6, 66).
cost(16, 7, 53).
cost(16, 8, 64).
cost(16, 9, 78).
cost(16, 10, 51).
cost(16, 11, 39).
cost(16, 12, 58).
cost(16, 13, 28).
cost(16, 14, 56).
cost(16, 15, 15).
cost(16, 17, 49).
cost(16, 18, 73).
cost(17, 1, 67).
cost(17, 2, 66).
cost(17, 3, 59).
cost(17, 4, 70).
cost(17, 5, 57).
cost(17, 6, 21).
cost(17, 7, 9).
cost(17, 8, 35).
cost(17, 9, 41).
cost(17, 10, 87).
cost(17, 11, 11).
cost(17, 12, 77).
cost(17, 13, 56).
cost(17, 14, 7).
cost(17, 15, 52).
cost(17, 16, 49).
cost(17, 18, 39).
cost(18, 1, 74).
cost(18, 2, 51).
cost(18, 3, 29).
cost(18, 4, 70).
cost(18, 5, 78).
cost(18, 6, 24).
cost(18, 7, 30).
cost(18, 8, 8).
cost(18, 9, 8).
cost(18, 10, 89).
cost(18, 11, 42).
cost(18, 12, 67).
cost(18, 13, 63).
cost(18, 14, 36).
cost(18, 15, 67).
cost(18, 16, 73).
cost(18, 17, 39).
