dimension(18).
point(1, 38.381090358, 87.8304638056).
point(2, 43.0611118806, 42.0228351709).
point(3, 54.363468907, 22.0668806034).
point(4, 33.2012277591, 25.1423959943).
point(5, 85.2955317441, 77.9192127811).
point(6, 55.4730217098, 76.7069232245).
point(7, 80.7776696477, 87.0262087649).
point(8, 21.7108324675, 33.3574816148).
point(9, 31.00282291, 24.4066067888).
point(10, 21.1920003168, 30.7981915279).
point(11, 75.4353805943, 84.3143141027).
point(12, 12.4683354742, 7.4436761113).
point(13, 53.4859873697, 86.1668261753).
point(14, 52.5868493448, 7.6547117518).
point(15, 76.4143420283, 98.3450645805).
point(16, 69.4754901355, 75.1347252242).
point(17, 41.5607768749, 94.9700347007).
point(18, 35.3468358303, 7.9738113214).
cost(1, 2, 46).
cost(1, 3, 68).
cost(1, 4, 63).
cost(1, 5, 48).
cost(1, 6, 20).
cost(1, 7, 42).
cost(1, 8, 57).
cost(1, 9, 64).
cost(1, 10, 60).
cost(1, 11, 37).
cost(1, 12, 84).
cost(1, 13, 15).
cost(1, 14, 81).
cost(1, 15, 39).
cost(1, 16, 34).
cost(1, 17, 8).
cost(1, 18, 80).
cost(2, 1, 46).
cost(2, 3, 23).
cost(2, 4, 20).
cost(2, 5, 55).
cost(2, 6, 37).
cost(2, 7, 59).
cost(2, 8, 23).
cost(2, 9, 21).
cost(2, 10, 25).
cost(2, 11, 53).
cost(2, 12, 46).
cost(2, 13, 45).
cost(2, 14, 36).
cost(2, 15, 65).
cost(2, 16, 42).
cost(2, 17, 53).
cost(2, 18, 35).
cost(3, 1, 68).
cost(3, 2, 23).
cost(3, 4, 21).
cost(3, 5, 64).
cost(3, 6, 55).
cost(3, 7, 70).
cost(3, 8, 35).
cost(3, 9, 23).
cost(3, 10, 34).
cost(3, 11, 66).
cost(3, 12, 44).
cost(3, 13, 64).
cost(3, 14, 15).
cost(3, 15, 79).
cost(3, 16, 55).
cost(3, 17, 74).
cost(3, 18, 24).
cost(4, 1, 63).
cost(4, 2, 20).
cost(4, 3, 21).
cost(4, 5, 74).
cost(4, 6, 56).
cost(4, 7, 78).
cost(4, 8, 14).
cost(4, 9, 2).
cost(4, 10, 13).
cost(4, 11, 73).
cost(4, 12, 27).
cost(4, 13, 64).
cost(4, 14, 26).
cost(4, 15, 85).
cost(4, 16, 62).
cost(4, 17, 70).
cost(4, 18, 17).
cost(5, 1, 48).
cost(5, 2, 55).
cost(5, 3, 64).
cost(5, 4, 74).
cost(5, 6, 30).
cost(5, 7, 10).
cost(5, 8, 78).
cost(5, 9, 76).
cost(5, 10, 80).
cost(5, 11, 12).
cost(5, 12, 101).
cost(5, 13, 33).
cost(5, 14, 78).
cost(5, 15, 22).
cost(5, 16, 16).
cost(5, 17, 47).
cost(5, 18, 86).
cost(6, 1, 20).
cost(6, 2, 37).
cost(6, 3, 55).
cost(6, 4, 56).
cost(6, 5, 30).
cost(6, 7, 27).
cost(6, 8, 55).
cost(6, 9, 58).
cost(6, 10, 57).
cost(6, 11, 21).
cost(6, 12, 82).
cost(6, 13, 10).
cost(6, 14, 69).
cost(6, 15, 30).
cost(6, 16, 14).
cost(6, 17, 23).
cost(6, 18, 72).
cost(7, 1, 42).
cost(7, 2, 59).
cost(7, 3, 70).
cost(7, 4, 78).
cost(7, 5, 10).
cost(7, 6, 27).
cost(7, 8, 80).
cost(7, 9, 80).
cost(7, 10, 82).
cost(7, 11, 6).
cost(7, 12, 105).
cost(7, 13, 27).
cost(7, 14, 84).
cost(7, 15, 12).
cost(7, 16, 16).
cost(7, 17, 40).
cost(7, 18, 91).
cost(8, 1, 57).
cost(8, 2, 23).
cost(8, 3, 35).
cost(8, 4, 14).
cost(8, 5, 78).
cost(8, 6, 55).
cost(8, 7, 80).
cost(8, 9, 13).
cost(8, 10, 3).
cost(8, 11, 74).
cost(8, 12, 28).
cost(8, 13, 62).
cost(8, 14, 40).
cost(8, 15, 85).
cost(8, 16, 63).
cost(8, 17, 65).
cost(8, 18, 29).
cost(9, 1, 64).
cost(9, 2, 21).
cost(9, 3, 23).
cost(9, 4, 2).
cost(9, 5, 76).
cost(9, 6, 58).
cost(9, 7, 80).
cost(9, 8, 13).
cost(9, 10, 12).
cost(9, 11, 75).
cost(9, 12, 25).
cost(9, 13, 66).
cost(9, 14, 27).
cost(9, 15, 87).
cost(9, 16, 64).
cost(9, 17, 71).
cost(9, 18, 17).
cost(10, 1, 60).
cost(10, 2, 25).
cost(10, 3, 34).
cost(10, 4, 13).
cost(10, 5, 80).
cost(10, 6, 57).
cost(10, 7, 82).
cost(10, 8, 3).
cost(10, 9, 12).
cost(10, 11, 76).
cost(10, 12, 25).
cost(10, 13, 64).
cost(10, 14, 39).
cost(10, 15, 87).
cost(10, 16, 66).
cost(10, 17, 67).
cost(10, 18, 27).
cost(11, 1, 37).
cost(11, 2, 53).
cost(11, 3, 66).
cost(11, 4, 73).
cost(11, 5, 12).
cost(11, 6, 21).
cost(11, 7, 6).
cost(11, 8, 74).
cost(11, 9, 75).
cost(11, 10, 76).
cost(11, 12, 99).
cost(11, 13, 22).
cost(11, 14, 80).
cost(11, 15, 14).
cost(11, 16, 11).
cost(11, 17, 36).
cost(11, 18, 86).
cost(12, 1, 84).
cost(12, 2, 46).
cost(12, 3, 44).
cost(12, 4, 27).
cost(12, 5, 101).
cost(12, 6, 82).
cost(12, 7, 105).
cost(12, 8, 28).
cost(12, 9, 25).
cost(12, 10, 25).
cost(12, 11, 99).
cost(12, 13, 89).
cost(12, 14, 40).
cost(12, 15, 111).
cost(12, 16, 88).
cost(12, 17, 92).
cost(12, 18, 23).
cost(13, 1, 15).
cost(13, 2, 45).
cost(13, 3, 64).
cost(13, 4, 64).
cost(13, 5, 33).
cost(13, 6, 10).
cost(13, 7, 27).
cost(13, 8, 62).
cost(13, 9, 66).
cost(13, 10, 64).
cost(13, 11, 22).
cost(13, 12, 89).
cost(13, 14, 79).
cost(13, 15, 26).
cost(13, 16, 19).
cost(13, 17, 15).
cost(13, 18, 80).
cost(14, 1, 81).
cost(14, 2, 36).
cost(14, 3, 15).
cost(14, 4, 26).
cost(14, 5, 78).
cost(14, 6, 69).
cost(14, 7, 84).
cost(14, 8, 40).
cost(14, 9, 27).
cost(14, 10, 39).
cost(14, 11, 80).
cost(14, 12, 40).
cost(14, 13, 79).
cost(14, 15, 94).
cost(14, 16, 70).
cost(14, 17, 88).
cost(14, 18, 17).
cost(15, 1, 39).
cost(15, 2, 65).
cost(15, 3, 79).
cost(15, 4, 85).
cost(15, 5, 22).
cost(15, 6, 30).
cost(15, 7, 12).
cost(15, 8, 85).
cost(15, 9, 87).
cost(15, 10, 87).
cost(15, 11, 14).
cost(15, 12, 111).
cost(15, 13, 26).
cost(15, 14, 94).
cost(15, 16, 24).
cost(15, 17, 35).
cost(15, 18, 99).
cost(16, 1, 34).
cost(16, 2, 42).
cost(16, 3, 55).
cost(16, 4, 62).
cost(16, 5, 16).
cost(16, 6, 14).
cost(16, 7, 16).
cost(16, 8, 63).
cost(16, 9, 64).
cost(16, 10, 66).
cost(16, 11, 11).
cost(16, 12, 88).
cost(16, 13, 19).
cost(16, 14, 70).
cost(16, 15, 24).
cost(16, 17, 34).
cost(16, 18, 75).
cost(17, 1, 8).
cost(17, 2, 53).
cost(17, 3, 74).
cost(17, 4, 70).
cost(17, 5, 47).
cost(17, 6, 23).
cost(17, 7, 40).
cost(17, 8, 65).
cost(17, 9, 71).
cost(17, 10, 67).
cost(17, 11, 36).
cost(17, 12, 92).
cost(17, 13, 15).
cost(17, 14, 88).
cost(17, 15, 35).
cost(17, 16, 34).
cost(17, 18, 87).
cost(18, 1, 80).
cost(18, 2, 35).
cost(18, 3, 24).
cost(18, 4, 17).
cost(18, 5, 86).
cost(18, 6, 72).
cost(18, 7, 91).
cost(18, 8, 29).
cost(18, 9, 17).
cost(18, 10, 27).
cost(18, 11, 86).
cost(18, 12, 23).
cost(18, 13, 80).
cost(18, 14, 17).
cost(18, 15, 99).
cost(18, 16, 75).
cost(18, 17, 87).
