dimension(18).
point(1, 73.6574584644, 82.3735466183).
point(2, 20.4919330688, 62.3109306055).
point(3, 30.6163183129, 21.0064303398).
point(4, 10.1682300129, 54.2939373524).
point(5, 92.8773081161, 60.3563015469).
point(6, 5.444254076, 51.0642116818).
point(7, 39.3825662584, 21.1649341139).
point(8, 76.4713285566, 58.6875426815).
point(9, 82.2127785163, 26.8293828731).
point(10, 8.6067775235, 47.5741106152).
point(11, 69.9827077295, 39.5235947564).
point(12, 84.1361763618, 58.0349869317).
point(13, 84.9777912525, 47.4858278679).
point(14, 62.0754839453, 46.392755746).
point(15, 63.7103022863, 73.4439998274).
point(16, 34.0186443497, 70.9557870926).
point(17, 31.7016600049, 52.9532186172).
point(18, 44.9922877333, 26.0913823123).
cost(1, 2, 57).
cost(1, 3, 75).
cost(1, 4, 69).
cost(1, 5, 29).
cost(1, 6, 75).
cost(1, 7, 70).
cost(1, 8, 24).
cost(1, 9, 56).
cost(1, 10, 74).
cost(1, 11, 43).
cost(1, 12, 26).
cost(1, 13, 37).
cost(1, 14, 38).
cost(1, 15, 13).
cost(1, 16, 41).
cost(1, 17, 51).
cost(1, 18, 63).
cost(2, 1, 57).
cost(2, 3, 43).
cost(2, 4, 13).
cost(2, 5, 72).
cost(2, 6, 19).
cost(2, 7, 45).
cost(2, 8, 56).
cost(2, 9, 71).
cost(2, 10, 19).
cost(2, 11, 54).
cost(2, 12, 64).
cost(2, 13, 66).
cost(2, 14, 45).
cost(2, 15, 45).
cost(2, 16, 16).
cost(2, 17, 15).
cost(2, 18, 44).
cost(3, 1, 75).
cost(3, 2, 43).
cost(3, 4, 39).
cost(3, 5, 74).
cost(3, 6, 39).
cost(3, 7, 9).
cost(3, 8, 59).
cost(3, 9, 52).
cost(3, 10, 35).
cost(3, 11, 44).
cost(3, 12, 65).
cost(3, 13, 60).
cost(3, 14, 40).
cost(3, 15, 62).
cost(3, 16, 50).
cost(3, 17, 32).
cost(3, 18, 15).
cost(4, 1, 69).
cost(4, 2, 13).
cost(4, 3, 39).
cost(4, 5, 83).
cost(4, 6, 6).
cost(4, 7, 44).
cost(4, 8, 66).
cost(4, 9, 77).
cost(4, 10, 7).
cost(4, 11, 62).
cost(4, 12, 74).
cost(4, 13, 75).
cost(4, 14, 53).
cost(4, 15, 57).
cost(4, 16, 29).
cost(4, 17, 22).
cost(4, 18, 45).
cost(5, 1, 29).
cost(5, 2, 72).
cost(5, 3, 74).
cost(5, 4, 83).
cost(5, 6, 88).
cost(5, 7, 66).
cost(5, 8, 16).
cost(5, 9, 35).
cost(5, 10, 85).
cost(5, 11, 31).
cost(5, 12, 9).
cost(5, 13, 15).
cost(5, 14, 34).
cost(5, 15, 32).
cost(5, 16, 60).
cost(5, 17, 62).
cost(5, 18, 59).
cost(6, 1, 75).
cost(6, 2, 19).
cost(6, 3, 39).
cost(6, 4, 6).
cost(6, 5, 88).
cost(6, 7, 45).
cost(6, 8, 71).
cost(6, 9, 81).
cost(6, 10, 5).
cost(6, 11, 66).
cost(6, 12, 79).
cost(6, 13, 80).
cost(6, 14, 57).
cost(6, 15, 62).
cost(6, 16, 35).
cost(6, 17, 26).
cost(6, 18, 47).
cost(7, 1, 70).
cost(7, 2, 45).
cost(7, 3, 9).
cost(7, 4, 44).
cost(7, 5, 66).
cost(7, 6, 45).
cost(7, 8, 53).
cost(7, 9, 43).
cost(7, 10, 41).
cost(7, 11, 36).
cost(7, 12, 58).
cost(7, 13, 53).
cost(7, 14, 34).
cost(7, 15, 58).
cost(7, 16, 50).
cost(7, 17, 33).
cost(7, 18, 7).
cost(8, 1, 24).
cost(8, 2, 56).
cost(8, 3, 59).
cost(8, 4, 66).
cost(8, 5, 16).
cost(8, 6, 71).
cost(8, 7, 53).
cost(8, 9, 32).
cost(8, 10, 69).
cost(8, 11, 20).
cost(8, 12, 8).
cost(8, 13, 14).
cost(8, 14, 19).
cost(8, 15, 20).
cost(8, 16, 44).
cost(8, 17, 45).
cost(8, 18, 45).
cost(9, 1, 56).
cost(9, 2, 71).
cost(9, 3, 52).
cost(9, 4, 77).
cost(9, 5, 35).
cost(9, 6, 81).
cost(9, 7, 43).
cost(9, 8, 32).
cost(9, 10, 76).
cost(9, 11, 18).
cost(9, 12, 31).
cost(9, 13, 21).
cost(9, 14, 28).
cost(9, 15, 50).
cost(9, 16, 65).
cost(9, 17, 57).
cost(9, 18, 37).
cost(10, 1, 74).
cost(10, 2, 19).
cost(10, 3, 35).
cost(10, 4, 7).
cost(10, 5, 85).
cost(10, 6, 5).
cost(10, 7, 41).
cost(10, 8, 69).
cost(10, 9, 76).
cost(10, 11, 62).
cost(10, 12, 76).
cost(10, 13, 76).
cost(10, 14, 53).
cost(10, 15, 61).
cost(10, 16, 35).
cost(10, 17, 24).
cost(10, 18, 42).
cost(11, 1, 43).
cost(11, 2, 54).
cost(11, 3, 44).
cost(11, 4, 62).
cost(11, 5, 31).
cost(11, 6, 66).
cost(11, 7, 36).
cost(11, 8, 20).
cost(11, 9, 18).
cost(11, 10, 62).
cost(11, 12, 23).
cost(11, 13, 17).
cost(11, 14, 10).
cost(11, 15, 34).
cost(11, 16, 48).
cost(11, 17, 41).
cost(11, 18, 28).
cost(12, 1, 26).
cost(12, 2, 64).
cost(12, 3, 65).
cost(12, 4, 74).
cost(12, 5, 9).
cost(12, 6, 79).
cost(12, 7, 58).
cost(12, 8, 8).
cost(12, 9, 31).
cost(12, 10, 76).
cost(12, 11, 23).
cost(12, 13, 11).
cost(12, 14, 25).
cost(12, 15, 26).
cost(12, 16, 52).
cost(12, 17, 53).
cost(12, 18, 51).
cost(13, 1, 37).
cost(13, 2, 66).
cost(13, 3, 60).
cost(13, 4, 75).
cost(13, 5, 15).
cost(13, 6, 80).
cost(13, 7, 53).
cost(13, 8, 14).
cost(13, 9, 21).
cost(13, 10, 76).
cost(13, 11, 17).
cost(13, 12, 11).
cost(13, 14, 23).
cost(13, 15, 34).
cost(13, 16, 56).
cost(13, 17, 54).
cost(13, 18, 45).
cost(14, 1, 38).
cost(14, 2, 45).
cost(14, 3, 40).
cost(14, 4, 53).
cost(14, 5, 34).
cost(14, 6, 57).
cost(14, 7, 34).
cost(14, 8, 19).
cost(14, 9, 28).
cost(14, 10, 53).
cost(14, 11, 10).
cost(14, 12, 25).
cost(14, 13, 23).
cost(14, 15, 27).
cost(14, 16, 37).
cost(14, 17, 31).
cost(14, 18, 27).
cost(15, 1, 13).
cost(15, 2, 45).
cost(15, 3, 62).
cost(15, 4, 57).
cost(15, 5, 32).
cost(15, 6, 62).
cost(15, 7, 58).
cost(15, 8, 20).
cost(15, 9, 50).
cost(15, 10, 61).
cost(15, 11, 34).
cost(15, 12, 26).
cost(15, 13, 34).
cost(15, 14, 27).
cost(15, 16, 30).
cost(15, 17, 38).
cost(15, 18, 51).
cost(16, 1, 41).
cost(16, 2, 16).
cost(16, 3, 50).
cost(16, 4, 29).
cost(16, 5, 60).
cost(16, 6, 35).
cost(16, 7, 50).
cost(16, 8, 44).
cost(16, 9, 65).
cost(16, 10, 35).
cost(16, 11, 48).
cost(16, 12, 52).
cost(16, 13, 56).
cost(16, 14, 37).
cost(16, 15, 30).
cost(16, 17, 18).
cost(16, 18, 46).
cost(17, 1, 51).
cost(17, 2, 15).
cost(17, 3, 32).
cost(17, 4, 22).
cost(17, 5, 62).
cost(17, 6, 26).
cost(17, 7, 33).
cost(17, 8, 45).
cost(17, 9, 57).
cost(17, 10, 24).
cost(17, 11, 41).
cost(17, 12, 53).
cost(17, 13, 54).
cost(17, 14, 31).
cost(17, 15, 38).
cost(17, 16, 18).
cost(17, 18, 30).
cost(18, 1, 63).
cost(18, 2, 44).
cost(18, 3, 15).
cost(18, 4, 45).
cost(18, 5, 59).
cost(18, 6, 47).
cost(18, 7, 7).
cost(18, 8, 45).
cost(18, 9, 37).
cost(18, 10, 42).
cost(18, 11, 28).
cost(18, 12, 51).
cost(18, 13, 45).
cost(18, 14, 27).
cost(18, 15, 51).
cost(18, 16, 46).
cost(18, 17, 30).
