dimension(18).
point(1, 94.5820041423, 73.1737092264).
point(2, 59.8765155681, 34.5744027487).
point(3, 17.1062690855, 69.4496515813).
point(4, 20.3745643641, 53.893704627).
point(5, 29.1668908907, 92.9832440032).
point(6, 61.3499254927, 85.7332900409).
point(7, 36.2854621914, 93.2539385999).
point(8, 90.446009709, 17.1489840779).
point(9, 23.3115282186, 70.2423765614).
point(10, 63.2778794418, 45.0702349607).
point(11, 23.1240312157, 89.1110068262).
point(12, 30.2802957316, 57.3602386247).
point(13, 79.9336800253, 54.9434596134).
point(14, 43.9646027599, 31.7982376695).
point(15, 60.8821316701, 25.1876118814).
point(16, 46.3318467434, 27.7923263796).
point(17, 65.0255348052, 38.3590609246).
point(18, 9.1522991093, 79.5225151922).
cost(1, 2, 52).
cost(1, 3, 78).
cost(1, 4, 77).
cost(1, 5, 68).
cost(1, 6, 36).
cost(1, 7, 62).
cost(1, 8, 56).
cost(1, 9, 71).
cost(1, 10, 42).
cost(1, 11, 73).
cost(1, 12, 66).
cost(1, 13, 23).
cost(1, 14, 65).
cost(1, 15, 59).
cost(1, 16, 66).
cost(1, 17, 46).
cost(1, 18, 86).
cost(2, 1, 52).
cost(2, 3, 55).
cost(2, 4, 44).
cost(2, 5, 66).
cost(2, 6, 51).
cost(2, 7, 63).
cost(2, 8, 35).
cost(2, 9, 51).
cost(2, 10, 11).
cost(2, 11, 66).
cost(2, 12, 37).
cost(2, 13, 29).
cost(2, 14, 16).
cost(2, 15, 9).
cost(2, 16, 15).
cost(2, 17, 6).
cost(2, 18, 68).
cost(3, 1, 78).
cost(3, 2, 55).
cost(3, 4, 16).
cost(3, 5, 26).
cost(3, 6, 47).
cost(3, 7, 31).
cost(3, 8, 90).
cost(3, 9, 6).
cost(3, 10, 52).
cost(3, 11, 21).
cost(3, 12, 18).
cost(3, 13, 64).
cost(3, 14, 46).
cost(3, 15, 62).
cost(3, 16, 51).
cost(3, 17, 57).
cost(3, 18, 13).
cost(4, 1, 77).
cost(4, 2, 44).
cost(4, 3, 16).
cost(4, 5, 40).
cost(4, 6, 52).
cost(4, 7, 42).
cost(4, 8, 79).
cost(4, 9, 17).
cost(4, 10, 44).
cost(4, 11, 35).
cost(4, 12, 10).
cost(4, 13, 60).
cost(4, 14, 32).
cost(4, 15, 50).
cost(4, 16, 37).
cost(4, 17, 47).
cost(4, 18, 28).
cost(5, 1, 68).
cost(5, 2, 66).
cost(5, 3, 26).
cost(5, 4, 40).
cost(5, 6, 33).
cost(5, 7, 7).
cost(5, 8, 97).
cost(5, 9, 23).
cost(5, 10, 59).
cost(5, 11, 7).
cost(5, 12, 36).
cost(5, 13, 63).
cost(5, 14, 63).
cost(5, 15, 75).
cost(5, 16, 67).
cost(5, 17, 65).
cost(5, 18, 24).
cost(6, 1, 36).
cost(6, 2, 51).
cost(6, 3, 47).
cost(6, 4, 52).
cost(6, 5, 33).
cost(6, 7, 26).
cost(6, 8, 75).
cost(6, 9, 41).
cost(6, 10, 41).
cost(6, 11, 38).
cost(6, 12, 42).
cost(6, 13, 36).
cost(6, 14, 57).
cost(6, 15, 61).
cost(6, 16, 60).
cost(6, 17, 48).
cost(6, 18, 53).
cost(7, 1, 62).
cost(7, 2, 63).
cost(7, 3, 31).
cost(7, 4, 42).
cost(7, 5, 7).
cost(7, 6, 26).
cost(7, 8, 93).
cost(7, 9, 26).
cost(7, 10, 55).
cost(7, 11, 14).
cost(7, 12, 36).
cost(7, 13, 58).
cost(7, 14, 62).
cost(7, 15, 72).
cost(7, 16, 66).
cost(7, 17, 62).
cost(7, 18, 30).
cost(8, 1, 56).
cost(8, 2, 35).
cost(8, 3, 90).
cost(8, 4, 79).
cost(8, 5, 97).
cost(8, 6, 75).
cost(8, 7, 93).
cost(8, 9, 86).
cost(8, 10, 39).
cost(8, 11, 99).
cost(8, 12, 72).
cost(8, 13, 39).
cost(8, 14, 49).
cost(8, 15, 31).
cost(8, 16, 45).
cost(8, 17, 33).
cost(8, 18, 102).
cost(9, 1, 71).
cost(9, 2, 51).
cost(9, 3, 6).
cost(9, 4, 17).
cost(9, 5, 23).
cost(9, 6, 41).
cost(9, 7, 26).
cost(9, 8, 86).
cost(9, 10, 47).
cost(9, 11, 19).
cost(9, 12, 15).
cost(9, 13, 59).
cost(9, 14, 44).
cost(9, 15, 59).
cost(9, 16, 48).
cost(9, 17, 53).
cost(9, 18, 17).
cost(10, 1, 42).
cost(10, 2, 11).
cost(10, 3, 52).
cost(10, 4, 44).
cost(10, 5, 59).
cost(10, 6, 41).
cost(10, 7, 55).
cost(10, 8, 39).
cost(10, 9, 47).
cost(10, 11, 60).
cost(10, 12, 35).
cost(10, 13, 19).
cost(10, 14, 23).
cost(10, 15, 20).
cost(10, 16, 24).
cost(10, 17, 7).
cost(10, 18, 64).
cost(11, 1, 73).
cost(11, 2, 66).
cost(11, 3, 21).
cost(11, 4, 35).
cost(11, 5, 7).
cost(11, 6, 38).
cost(11, 7, 14).
cost(11, 8, 99).
cost(11, 9, 19).
cost(11, 10, 60).
cost(11, 12, 33).
cost(11, 13, 66).
cost(11, 14, 61).
cost(11, 15, 74).
cost(11, 16, 66).
cost(11, 17, 66).
cost(11, 18, 17).
cost(12, 1, 66).
cost(12, 2, 37).
cost(12, 3, 18).
cost(12, 4, 10).
cost(12, 5, 36).
cost(12, 6, 42).
cost(12, 7, 36).
cost(12, 8, 72).
cost(12, 9, 15).
cost(12, 10, 35).
cost(12, 11, 33).
cost(12, 13, 50).
cost(12, 14, 29).
cost(12, 15, 44).
cost(12, 16, 34).
cost(12, 17, 40).
cost(12, 18, 31).
cost(13, 1, 23).
cost(13, 2, 29).
cost(13, 3, 64).
cost(13, 4, 60).
cost(13, 5, 63).
cost(13, 6, 36).
cost(13, 7, 58).
cost(13, 8, 39).
cost(13, 9, 59).
cost(13, 10, 19).
cost(13, 11, 66).
cost(13, 12, 50).
cost(13, 14, 43).
cost(13, 15, 35).
cost(13, 16, 43).
cost(13, 17, 22).
cost(13, 18, 75).
cost(14, 1, 65).
cost(14, 2, 16).
cost(14, 3, 46).
cost(14, 4, 32).
cost(14, 5, 63).
cost(14, 6, 57).
cost(14, 7, 62).
cost(14, 8, 49).
cost(14, 9, 44).
cost(14, 10, 23).
cost(14, 11, 61).
cost(14, 12, 29).
cost(14, 13, 43).
cost(14, 15, 18).
cost(14, 16, 5).
cost(14, 17, 22).
cost(14, 18, 59).
cost(15, 1, 59).
cost(15, 2, 9).
cost(15, 3, 62).
cost(15, 4, 50).
cost(15, 5, 75).
cost(15, 6, 61).
cost(15, 7, 72).
cost(15, 8, 31).
cost(15, 9, 59).
cost(15, 10, 20).
cost(15, 11, 74).
cost(15, 12, 44).
cost(15, 13, 35).
cost(15, 14, 18).
cost(15, 16, 15).
cost(15, 17, 14).
cost(15, 18, 75).
cost(16, 1, 66).
cost(16, 2, 15).
cost(16, 3, 51).
cost(16, 4, 37).
cost(16, 5, 67).
cost(16, 6, 60).
cost(16, 7, 66).
cost(16, 8, 45).
cost(16, 9, 48).
cost(16, 10, 24).
cost(16, 11, 66).
cost(16, 12, 34).
cost(16, 13, 43).
cost(16, 14, 5).
cost(16, 15, 15).
cost(16, 17, 21).
cost(16, 18, 64).
cost(17, 1, 46).
cost(17, 2, 6).
cost(17, 3, 57).
cost(17, 4, 47).
cost(17, 5, 65).
cost(17, 6, 48).
cost(17, 7, 62).
cost(17, 8, 33).
cost(17, 9, 53).
cost(17, 10, 7).
cost(17, 11, 66).
cost(17, 12, 40).
cost(17, 13, 22).
cost(17, 14, 22).
cost(17, 15, 14).
cost(17, 16, 21).
cost(17, 18, 69).
cost(18, 1, 86).
cost(18, 2, 68).
cost(18, 3, 13).
cost(18, 4, 28).
cost(18, 5, 24).
cost(18, 6, 53).
cost(18, 7, 30).
cost(18, 8, 102).
cost(18, 9, 17).
cost(18, 10, 64).
cost(18, 11, 17).
cost(18, 12, 31).
cost(18, 13, 75).
cost(18, 14, 59).
cost(18, 15, 75).
cost(18, 16, 64).
cost(18, 17, 69).
