dimension(18).
point(1, 50.6762496174, 11.8585683979).
point(2, 9.1901734875, 59.6055892341).
point(3, 62.4275655549, 15.5369470457).
point(4, 12.6451532406, 73.63058035).
point(5, 12.6272057871, 52.9271611525).
point(6, 90.5343257807, 20.6101688898).
point(7, 16.0668340337, 35.0916737408).
point(8, 27.9602444663, 55.7934824131).
point(9, 87.1653099087, 27.5003651453).
point(10, 41.8985802942, 2.1602124504).
point(11, 21.7232546839, 39.9790292232).
point(12, 36.2981706788, 52.2172472303).
point(13, 83.0214069453, 32.4801596852).
point(14, 81.4777741983, 21.4007834755).
point(15, 73.2774683429, 30.4255280747).
point(16, 62.703523634, 22.0050005003).
point(17, 37.7445197308, 79.2861781621).
point(18, 29.0851997142, 69.0880420909).
cost(1, 2, 63).
cost(1, 3, 12).
cost(1, 4, 73).
cost(1, 5, 56).
cost(1, 6, 41).
cost(1, 7, 42).
cost(1, 8, 49).
cost(1, 9, 40).
cost(1, 10, 13).
cost(1, 11, 40).
cost(1, 12, 43).
cost(1, 13, 38).
cost(1, 14, 32).
cost(1, 15, 29).
cost(1, 16, 16).
cost(1, 17, 69).
cost(1, 18, 61).
cost(2, 1, 63).
cost(2, 3, 69).
cost(2, 4, 14).
cost(2, 5, 8).
cost(2, 6, 90).
cost(2, 7, 25).
cost(2, 8, 19).
cost(2, 9, 84).
cost(2, 10, 66).
cost(2, 11, 23).
cost(2, 12, 28).
cost(2, 13, 79).
cost(2, 14, 82).
cost(2, 15, 70).
cost(2, 16, 65).
cost(2, 17, 35).
cost(2, 18, 22).
cost(3, 1, 12).
cost(3, 2, 69).
cost(3, 4, 77).
cost(3, 5, 62).
cost(3, 6, 29).
cost(3, 7, 50).
cost(3, 8, 53).
cost(3, 9, 27).
cost(3, 10, 25).
cost(3, 11, 47).
cost(3, 12, 45).
cost(3, 13, 27).
cost(3, 14, 20).
cost(3, 15, 18).
cost(3, 16, 6).
cost(3, 17, 68).
cost(3, 18, 63).
cost(4, 1, 73).
cost(4, 2, 14).
cost(4, 3, 77).
cost(4, 5, 21).
cost(4, 6, 94).
cost(4, 7, 39).
cost(4, 8, 24).
cost(4, 9, 88).
cost(4, 10, 77).
cost(4, 11, 35).
cost(4, 12, 32).
cost(4, 13, 82).
cost(4, 14, 86).
cost(4, 15, 74).
cost(4, 16, 72).
cost(4, 17, 26).
cost(4, 18, 17).
cost(5, 1, 56).
cost(5, 2, 8).
cost(5, 3, 62).
cost(5, 4, 21).
cost(5, 6, 84).
cost(5, 7, 18).
cost(5, 8, 16).
cost(5, 9, 79).
cost(5, 10, 59).
cost(5, 11, 16).
cost(5, 12, 24).
cost(5, 13, 73).
cost(5, 14, 76).
cost(5, 15, 65).
cost(5, 16, 59).
cost(5, 17, 36).
cost(5, 18, 23).
cost(6, 1, 41).
cost(6, 2, 90).
cost(6, 3, 29).
cost(6, 4, 94).
cost(6, 5, 84).
cost(6, 7, 76).
cost(6, 8, 72).
cost(6, 9, 8).
cost(6, 10, 52).
cost(6, 11, 71).
cost(6, 12, 63).
cost(6, 13, 14).
cost(6, 14, 9).
cost(6, 15, 20).
cost(6, 16, 28).
cost(6, 17, 79).
cost(6, 18, 78).
cost(7, 1, 42).
cost(7, 2, 25).
cost(7, 3, 50).
cost(7, 4, 39).
cost(7, 5, 18).
cost(7, 6, 76).
cost(7, 8, 24).
cost(7, 9, 72).
cost(7, 10, 42).
cost(7, 11, 7).
cost(7, 12, 27).
cost(7, 13, 67).
cost(7, 14, 67).
cost(7, 15, 57).
cost(7, 16, 48).
cost(7, 17, 49).
cost(7, 18, 36).
cost(8, 1, 49).
cost(8, 2, 19).
cost(8, 3, 53).
cost(8, 4, 24).
cost(8, 5, 16).
cost(8, 6, 72).
cost(8, 7, 24).
cost(8, 9, 66).
cost(8, 10, 55).
cost(8, 11, 17).
cost(8, 12, 9).
cost(8, 13, 60).
cost(8, 14, 64).
cost(8, 15, 52).
cost(8, 16, 48).
cost(8, 17, 25).
cost(8, 18, 13).
cost(9, 1, 40).
cost(9, 2, 84).
cost(9, 3, 27).
cost(9, 4, 88).
cost(9, 5, 79).
cost(9, 6, 8).
cost(9, 7, 72).
cost(9, 8, 66).
cost(9, 10, 52).
cost(9, 11, 67).
cost(9, 12, 57).
cost(9, 13, 6).
cost(9, 14, 8).
cost(9, 15, 14).
cost(9, 16, 25).
cost(9, 17, 72).
cost(9, 18, 71).
cost(10, 1, 13).
cost(10, 2, 66).
cost(10, 3, 25).
cost(10, 4, 77).
cost(10, 5, 59).
cost(10, 6, 52).
cost(10, 7, 42).
cost(10, 8, 55).
cost(10, 9, 52).
cost(10, 11, 43).
cost(10, 12, 50).
cost(10, 13, 51).
cost(10, 14, 44).
cost(10, 15, 42).
cost(10, 16, 29).
cost(10, 17, 77).
cost(10, 18, 68).
cost(11, 1, 40).
cost(11, 2, 23).
cost(11, 3, 47).
cost(11, 4, 35).
cost(11, 5, 16).
cost(11, 6, 71).
cost(11, 7, 7).
cost(11, 8, 17).
cost(11, 9, 67).
cost(11, 10, 43).
cost(11, 12, 19).
cost(11, 13, 62).
cost(11, 14, 63).
cost(11, 15, 52).
cost(11, 16, 45).
cost(11, 17, 42).
cost(11, 18, 30).
cost(12, 1, 43).
cost(12, 2, 28).
cost(12, 3, 45).
cost(12, 4, 32).
cost(12, 5, 24).
cost(12, 6, 63).
cost(12, 7, 27).
cost(12, 8, 9).
cost(12, 9, 57).
cost(12, 10, 50).
cost(12, 11, 19).
cost(12, 13, 51).
cost(12, 14, 55).
cost(12, 15, 43).
cost(12, 16, 40).
cost(12, 17, 27).
cost(12, 18, 18).
cost(13, 1, 38).
cost(13, 2, 79).
cost(13, 3, 27).
cost(13, 4, 82).
cost(13, 5, 73).
cost(13, 6, 14).
cost(13, 7, 67).
cost(13, 8, 60).
cost(13, 9, 6).
cost(13, 10, 51).
cost(13, 11, 62).
cost(13, 12, 51).
cost(13, 14, 11).
cost(13, 15, 10).
cost(13, 16, 23).
cost(13, 17, 65).
cost(13, 18, 65).
cost(14, 1, 32).
cost(14, 2, 82).
cost(14, 3, 20).
cost(14, 4, 86).
cost(14, 5, 76).
cost(14, 6, 9).
cost(14, 7, 67).
cost(14, 8, 64).
cost(14, 9, 8).
cost(14, 10, 44).
cost(14, 11, 63).
cost(14, 12, 55).
cost(14, 13, 11).
cost(14, 15, 12).
cost(14, 16, 19).
cost(14, 17, 73).
cost(14, 18, 71).
cost(15, 1, 29).
cost(15, 2, 70).
cost(15, 3, 18).
cost(15, 4, 74).
cost(15, 5, 65).
cost(15, 6, 20).
cost(15, 7, 57).
cost(15, 8, 52).
cost(15, 9, 14).
cost(15, 10, 42).
cost(15, 11, 52).
cost(15, 12, 43).
cost(15, 13, 10).
cost(15, 14, 12).
cost(15, 16, 14).
cost(15, 17, 60).
cost(15, 18, 59).
cost(16, 1, 16).
cost(16, 2, 65).
cost(16, 3, 6).
cost(16, 4, 72).
cost(16, 5, 59).
cost(16, 6, 28).
cost(16, 7, 48).
cost(16, 8, 48).
cost(16, 9, 25).
cost(16, 10, 29).
cost(16, 11, 45).
cost(16, 12, 40).
cost(16, 13, 23).
cost(16, 14, 19).
cost(16, 15, 14).
cost(16, 17, 62).
cost(16, 18, 58).
cost(17, 1, 69).
cost(17, 2, 35).
cost(17, 3, 68).
cost(17, 4, 26).
cost(17, 5, 36).
cost(17, 6, 79).
cost(17, 7, 49).
cost(17, 8, 25).
cost(17, 9, 72).
cost(17, 10, 77).
cost(17, 11, 42).
cost(17, 12, 27).
cost(17, 13, 65).
cost(17, 14, 73).
cost(17, 15, 60).
cost(17, 16, 62).
cost(17, 18, 13).
cost(18, 1, 61).
cost(18, 2, 22).
cost(18, 3, 63).
cost(18, 4, 17).
cost(18, 5, 23).
cost(18, 6, 78).
cost(18, 7, 36).
cost(18, 8, 13).
cost(18, 9, 71).
cost(18, 10, 68).
cost(18, 11, 30).
cost(18, 12, 18).
cost(18, 13, 65).
cost(18, 14, 71).
cost(18, 15, 59).
cost(18, 16, 58).
cost(18, 17, 13).
