dimension(18).
point(1, 13.4512291812, 43.0187969454).
point(2, 80.8089149418, 35.6412259605).
point(3, 90.2447524644, 47.2573279232).
point(4, 45.3053932545, 72.1540464895).
point(5, 15.1033004292, 6.9379619201).
point(6, 8.9855527212, 47.8788285509).
point(7, 17.924191604, 17.5203779284).
point(8, 47.9522357175, 23.2182781397).
point(9, 6.4532915456, 33.268232553).
point(10, 5.034764581, 15.997662611).
point(11, 34.9183189862, 35.2133743439).
point(12, 79.5991989187, 68.3038681712).
point(13, 32.5513255326, 22.7237414066).
point(14, 61.1912311002, 82.4897936106).
point(15, 51.0671080124, 82.7871766968).
point(16, 59.2950524198, 74.9459305485).
point(17, 58.3550168994, 62.8650238878).
point(18, 65.8019113669, 87.636150289).
cost(1, 2, 68).
cost(1, 3, 77).
cost(1, 4, 43).
cost(1, 5, 36).
cost(1, 6, 7).
cost(1, 7, 26).
cost(1, 8, 40).
cost(1, 9, 12).
cost(1, 10, 28).
cost(1, 11, 23).
cost(1, 12, 71).
cost(1, 13, 28).
cost(1, 14, 62).
cost(1, 15, 55).
cost(1, 16, 56).
cost(1, 17, 49).
cost(1, 18, 69).
cost(2, 1, 68).
cost(2, 3, 15).
cost(2, 4, 51).
cost(2, 5, 72).
cost(2, 6, 73).
cost(2, 7, 65).
cost(2, 8, 35).
cost(2, 9, 74).
cost(2, 10, 78).
cost(2, 11, 46).
cost(2, 12, 33).
cost(2, 13, 50).
cost(2, 14, 51).
cost(2, 15, 56).
cost(2, 16, 45).
cost(2, 17, 35).
cost(2, 18, 54).
cost(3, 1, 77).
cost(3, 2, 15).
cost(3, 4, 51).
cost(3, 5, 85).
cost(3, 6, 81).
cost(3, 7, 78).
cost(3, 8, 49).
cost(3, 9, 85).
cost(3, 10, 91).
cost(3, 11, 57).
cost(3, 12, 24).
cost(3, 13, 63).
cost(3, 14, 46).
cost(3, 15, 53).
cost(3, 16, 42).
cost(3, 17, 36).
cost(3, 18, 47).
cost(4, 1, 43).
cost(4, 2, 51).
cost(4, 3, 51).
cost(4, 5, 72).
cost(4, 6, 44).
cost(4, 7, 61).
cost(4, 8, 49).
cost(4, 9, 55).
cost(4, 10, 69).
cost(4, 11, 38).
cost(4, 12, 35).
cost(4, 13, 51).
cost(4, 14, 19).
cost(4, 15, 12).
cost(4, 16, 14).
cost(4, 17, 16).
cost(4, 18, 26).
cost(5, 1, 36).
cost(5, 2, 72).
cost(5, 3, 85).
cost(5, 4, 72).
cost(5, 6, 41).
cost(5, 7, 11).
cost(5, 8, 37).
cost(5, 9, 28).
cost(5, 10, 14).
cost(5, 11, 35).
cost(5, 12, 89).
cost(5, 13, 24).
cost(5, 14, 88).
cost(5, 15, 84).
cost(5, 16, 81).
cost(5, 17, 71).
cost(5, 18, 95).
cost(6, 1, 7).
cost(6, 2, 73).
cost(6, 3, 81).
cost(6, 4, 44).
cost(6, 5, 41).
cost(6, 7, 32).
cost(6, 8, 46).
cost(6, 9, 15).
cost(6, 10, 32).
cost(6, 11, 29).
cost(6, 12, 74).
cost(6, 13, 34).
cost(6, 14, 63).
cost(6, 15, 55).
cost(6, 16, 57).
cost(6, 17, 52).
cost(6, 18, 69).
cost(7, 1, 26).
cost(7, 2, 65).
cost(7, 3, 78).
cost(7, 4, 61).
cost(7, 5, 11).
cost(7, 6, 32).
cost(7, 8, 31).
cost(7, 9, 19).
cost(7, 10, 13).
cost(7, 11, 25).
cost(7, 12, 80).
cost(7, 13, 16).
cost(7, 14, 78).
cost(7, 15, 73).
cost(7, 16, 71).
cost(7, 17, 61).
cost(7, 18, 85).
cost(8, 1, 40).
cost(8, 2, 35).
cost(8, 3, 49).
cost(8, 4, 49).
cost(8, 5, 37).
cost(8, 6, 46).
cost(8, 7, 31).
cost(8, 9, 43).
cost(8, 10, 44).
cost(8, 11, 18).
cost(8, 12, 55).
cost(8, 13, 15).
cost(8, 14, 61).
cost(8, 15, 60).
cost(8, 16, 53).
cost(8, 17, 41).
cost(8, 18, 67).
cost(9, 1, 12).
cost(9, 2, 74).
cost(9, 3, 85).
cost(9, 4, 55).
cost(9, 5, 28).
cost(9, 6, 15).
cost(9, 7, 19).
cost(9, 8, 43).
cost(9, 10, 17).
cost(9, 11, 29).
cost(9, 12, 81).
cost(9, 13, 28).
cost(9, 14, 74).
cost(9, 15, 67).
cost(9, 16, 67).
cost(9, 17, 60).
cost(9, 18, 80).
cost(10, 1, 28).
cost(10, 2, 78).
cost(10, 3, 91).
cost(10, 4, 69).
cost(10, 5, 14).
cost(10, 6, 32).
cost(10, 7, 13).
cost(10, 8, 44).
cost(10, 9, 17).
cost(10, 11, 36).
cost(10, 12, 91).
cost(10, 13, 28).
cost(10, 14, 87).
cost(10, 15, 81).
cost(10, 16, 80).
cost(10, 17, 71).
cost(10, 18, 94).
cost(11, 1, 23).
cost(11, 2, 46).
cost(11, 3, 57).
cost(11, 4, 38).
cost(11, 5, 35).
cost(11, 6, 29).
cost(11, 7, 25).
cost(11, 8, 18).
cost(11, 9, 29).
cost(11, 10, 36).
cost(11, 12, 56).
cost(11, 13, 13).
cost(11, 14, 54).
cost(11, 15, 50).
cost(11, 16, 47).
cost(11, 17, 36).
cost(11, 18, 61).
cost(12, 1, 71).
cost(12, 2, 33).
cost(12, 3, 24).
cost(12, 4, 35).
cost(12, 5, 89).
cost(12, 6, 74).
cost(12, 7, 80).
cost(12, 8, 55).
cost(12, 9, 81).
cost(12, 10, 91).
cost(12, 11, 56).
cost(12, 13, 66).
cost(12, 14, 23).
cost(12, 15, 32).
cost(12, 16, 21).
cost(12, 17, 22).
cost(12, 18, 24).
cost(13, 1, 28).
cost(13, 2, 50).
cost(13, 3, 63).
cost(13, 4, 51).
cost(13, 5, 24).
cost(13, 6, 34).
cost(13, 7, 16).
cost(13, 8, 15).
cost(13, 9, 28).
cost(13, 10, 28).
cost(13, 11, 13).
cost(13, 12, 66).
cost(13, 14, 66).
cost(13, 15, 63).
cost(13, 16, 59).
cost(13, 17, 48).
cost(13, 18, 73).
cost(14, 1, 62).
cost(14, 2, 51).
cost(14, 3, 46).
cost(14, 4, 19).
cost(14, 5, 88).
cost(14, 6, 63).
cost(14, 7, 78).
cost(14, 8, 61).
cost(14, 9, 74).
cost(14, 10, 87).
cost(14, 11, 54).
cost(14, 12, 23).
cost(14, 13, 66).
cost(14, 15, 10).
cost(14, 16, 8).
cost(14, 17, 20).
cost(14, 18, 7).
cost(15, 1, 55).
cost(15, 2, 56).
cost(15, 3, 53).
cost(15, 4, 12).
cost(15, 5, 84).
cost(15, 6, 55).
cost(15, 7, 73).
cost(15, 8, 60).
cost(15, 9, 67).
cost(15, 10, 81).
cost(15, 11, 50).
cost(15, 12, 32).
cost(15, 13, 63).
cost(15, 14, 10).
cost(15, 16, 11).
cost(15, 17, 21).
cost(15, 18, 16).
cost(16, 1, 56).
cost(16, 2, 45).
cost(16, 3, 42).
cost(16, 4, 14).
cost(16, 5, 81).
cost(16, 6, 57).
cost(16, 7, 71).
cost(16, 8, 53).
cost(16, 9, 67).
cost(16, 10, 80).
cost(16, 11, 47).
cost(16, 12, 21).
cost(16, 13, 59).
cost(16, 14, 8).
cost(16, 15, 11).
cost(16, 17, 12).
cost(16, 18, 14).
cost(17, 1, 49).
cost(17, 2, 35).
cost(17, 3, 36).
cost(17, 4, 16).
cost(17, 5, 71).
cost(17, 6, 52).
cost(17, 7, 61).
cost(17, 8, 41).
cost(17, 9, 60).
cost(17, 10, 71).
cost(17, 11, 36).
cost(17, 12, 22).
cost(17, 13, 48).
cost(17, 14, 20).
cost(17, 15, 21).
cost(17, 16, 12).
cost(17, 18, 26).
cost(18, 1, 69).
cost(18, 2, 54).
cost(18, 3, 47).
cost(18, 4, 26).
cost(18, 5, 95).
cost(18, 6, 69).
cost(18, 7, 85).
cost(18, 8, 67).
cost(18, 9, 80).
cost(18, 10, 94).
cost(18, 11, 61).
cost(18, 12, 24).
cost(18, 13, 73).
cost(18, 14, 7).
cost(18, 15, 16).
cost(18, 16, 14).
cost(18, 17, 26).
