dimension(22).
point(1, 58.7142487681, 78.8076596851).
point(2, 58.4587806227, 76.7991924545).
point(3, 49.5572861314, 69.9647766041).
point(4, 55.6898380238, 76.0640850108).
point(5, 56.0694781203, 80.1645011237).
point(6, 48.1475602018, 81.6828846324).
point(7, 13.5417547104, 20.9257143136).
point(8, 18.8547581124, 21.5265628092).
point(9, 1.3218165479, 14.5790710768).
point(10, 0.7398999682, 14.4877831536).
point(11, 24.2411939567, 41.4962752494).
point(12, 22.3549398028, 43.6413110754).
point(13, 25.9526784856, 57.3838805778).
point(14, 33.6917460416, 41.885756158).
point(15, 86.8137088739, 87.1359047795).
point(16, 95.2486299375, 76.6831830905).
point(17, 92.1656084835, 94.0485232049).
point(18, 83.7885232693, 79.0097640558).
point(19, 84.8674007377, 33.6798541815).
point(20, 82.4033578822, 41.0179858232).
point(21, 76.1611687415, 33.0831954983).
point(22, 89.7393650866, 39.9158752288).
cost(1, 2, 2).
cost(1, 3, 13).
cost(1, 4, 4).
cost(1, 5, 3).
cost(1, 6, 11).
cost(1, 7, 73).
cost(1, 8, 70).
cost(1, 9, 86).
cost(1, 10, 87).
cost(1, 11, 51).
cost(1, 12, 51).
cost(1, 13, 39).
cost(1, 14, 45).
cost(1, 15, 29).
cost(1, 16, 37).
cost(1, 17, 37).
cost(1, 18, 25).
cost(1, 19, 52).
cost(1, 20, 45).
cost(1, 21, 49).
cost(1, 22, 50).
cost(2, 1, 2).
cost(2, 3, 11).
cost(2, 4, 3).
cost(2, 5, 4).
cost(2, 6, 11).
cost(2, 7, 72).
cost(2, 8, 68).
cost(2, 9, 84).
cost(2, 10, 85).
cost(2, 11, 49).
cost(2, 12, 49).
cost(2, 13, 38).
cost(2, 14, 43).
cost(2, 15, 30).
cost(2, 16, 37).
cost(2, 17, 38).
cost(2, 18, 25).
cost(2, 19, 51).
cost(2, 20, 43).
cost(2, 21, 47).
cost(2, 22, 48).
cost(3, 1, 13).
cost(3, 2, 11).
cost(3, 4, 9).
cost(3, 5, 12).
cost(3, 6, 12).
cost(3, 7, 61).
cost(3, 8, 57).
cost(3, 9, 73).
cost(3, 10, 74).
cost(3, 11, 38).
cost(3, 12, 38).
cost(3, 13, 27).
cost(3, 14, 32).
cost(3, 15, 41).
cost(3, 16, 46).
cost(3, 17, 49).
cost(3, 18, 35).
cost(3, 19, 51).
cost(3, 20, 44).
cost(3, 21, 45).
cost(3, 22, 50).
cost(4, 1, 4).
cost(4, 2, 3).
cost(4, 3, 9).
cost(4, 5, 4).
cost(4, 6, 9).
cost(4, 7, 69).
cost(4, 8, 66).
cost(4, 9, 82).
cost(4, 10, 83).
cost(4, 11, 47).
cost(4, 12, 47).
cost(4, 13, 35).
cost(4, 14, 41).
cost(4, 15, 33).
cost(4, 16, 40).
cost(4, 17, 41).
cost(4, 18, 28).
cost(4, 19, 51).
cost(4, 20, 44).
cost(4, 21, 48).
cost(4, 22, 50).
cost(5, 1, 3).
cost(5, 2, 4).
cost(5, 3, 12).
cost(5, 4, 4).
cost(5, 6, 8).
cost(5, 7, 73).
cost(5, 8, 69).
cost(5, 9, 85).
cost(5, 10, 86).
cost(5, 11, 50).
cost(5, 12, 50).
cost(5, 13, 38).
cost(5, 14, 44).
cost(5, 15, 32).
cost(5, 16, 39).
cost(5, 17, 39).
cost(5, 18, 28).
cost(5, 19, 55).
cost(5, 20, 47).
cost(5, 21, 51).
cost(5, 22, 52).
cost(6, 1, 11).
cost(6, 2, 11).
cost(6, 3, 12).
cost(6, 4, 9).
cost(6, 5, 8).
cost(6, 7, 70).
cost(6, 8, 67).
cost(6, 9, 82).
cost(6, 10, 82).
cost(6, 11, 47).
cost(6, 12, 46).
cost(6, 13, 33).
cost(6, 14, 42).
cost(6, 15, 39).
cost(6, 16, 47).
cost(6, 17, 46).
cost(6, 18, 36).
cost(6, 19, 60).
cost(6, 20, 53).
cost(6, 21, 56).
cost(6, 22, 59).
cost(7, 1, 73).
cost(7, 2, 72).
cost(7, 3, 61).
cost(7, 4, 69).
cost(7, 5, 73).
cost(7, 6, 70).
cost(7, 8, 5).
cost(7, 9, 14).
cost(7, 10, 14).
cost(7, 11, 23).
cost(7, 12, 24).
cost(7, 13, 39).
cost(7, 14, 29).
cost(7, 15, 99).
cost(7, 16, 99).
cost(7, 17, 107).
cost(7, 18, 91).
cost(7, 19, 72).
cost(7, 20, 72).
cost(7, 21, 64).
cost(7, 22, 79).
cost(8, 1, 70).
cost(8, 2, 68).
cost(8, 3, 57).
cost(8, 4, 66).
cost(8, 5, 69).
cost(8, 6, 67).
cost(8, 7, 5).
cost(8, 9, 19).
cost(8, 10, 19).
cost(8, 11, 21).
cost(8, 12, 22).
cost(8, 13, 37).
cost(8, 14, 25).
cost(8, 15, 94).
cost(8, 16, 94).
cost(8, 17, 103).
cost(8, 18, 87).
cost(8, 19, 67).
cost(8, 20, 66).
cost(8, 21, 58).
cost(8, 22, 73).
cost(9, 1, 86).
cost(9, 2, 84).
cost(9, 3, 73).
cost(9, 4, 82).
cost(9, 5, 85).
cost(9, 6, 82).
cost(9, 7, 14).
cost(9, 8, 19).
cost(9, 10, 1).
cost(9, 11, 35).
cost(9, 12, 36).
cost(9, 13, 49).
cost(9, 14, 42).
cost(9, 15, 112).
cost(9, 16, 113).
cost(9, 17, 121).
cost(9, 18, 105).
cost(9, 19, 86).
cost(9, 20, 85).
cost(9, 21, 77).
cost(9, 22, 92).
cost(10, 1, 87).
cost(10, 2, 85).
cost(10, 3, 74).
cost(10, 4, 83).
cost(10, 5, 86).
cost(10, 6, 82).
cost(10, 7, 14).
cost(10, 8, 19).
cost(10, 9, 1).
cost(10, 11, 36).
cost(10, 12, 36).
cost(10, 13, 50).
cost(10, 14, 43).
cost(10, 15, 113).
cost(10, 16, 113).
cost(10, 17, 121).
cost(10, 18, 105).
cost(10, 19, 86).
cost(10, 20, 86).
cost(10, 21, 78).
cost(10, 22, 93).
cost(11, 1, 51).
cost(11, 2, 49).
cost(11, 3, 38).
cost(11, 4, 47).
cost(11, 5, 50).
cost(11, 6, 47).
cost(11, 7, 23).
cost(11, 8, 21).
cost(11, 9, 35).
cost(11, 10, 36).
cost(11, 12, 3).
cost(11, 13, 16).
cost(11, 14, 9).
cost(11, 15, 77).
cost(11, 16, 79).
cost(11, 17, 86).
cost(11, 18, 70).
cost(11, 19, 61).
cost(11, 20, 58).
cost(11, 21, 53).
cost(11, 22, 66).
cost(12, 1, 51).
cost(12, 2, 49).
cost(12, 3, 38).
cost(12, 4, 47).
cost(12, 5, 50).
cost(12, 6, 46).
cost(12, 7, 24).
cost(12, 8, 22).
cost(12, 9, 36).
cost(12, 10, 36).
cost(12, 11, 3).
cost(12, 13, 14).
cost(12, 14, 11).
cost(12, 15, 78).
cost(12, 16, 80).
cost(12, 17, 86).
cost(12, 18, 71).
cost(12, 19, 63).
cost(12, 20, 60).
cost(12, 21, 55).
cost(12, 22, 67).
cost(13, 1, 39).
cost(13, 2, 38).
cost(13, 3, 27).
cost(13, 4, 35).
cost(13, 5, 38).
cost(13, 6, 33).
cost(13, 7, 39).
cost(13, 8, 37).
cost(13, 9, 49).
cost(13, 10, 50).
cost(13, 11, 16).
cost(13, 12, 14).
cost(13, 14, 17).
cost(13, 15, 68).
cost(13, 16, 72).
cost(13, 17, 76).
cost(13, 18, 62).
cost(13, 19, 64).
cost(13, 20, 59).
cost(13, 21, 56).
cost(13, 22, 66).
cost(14, 1, 45).
cost(14, 2, 43).
cost(14, 3, 32).
cost(14, 4, 41).
cost(14, 5, 44).
cost(14, 6, 42).
cost(14, 7, 29).
cost(14, 8, 25).
cost(14, 9, 42).
cost(14, 10, 43).
cost(14, 11, 9).
cost(14, 12, 11).
cost(14, 13, 17).
cost(14, 15, 70).
cost(14, 16, 71).
cost(14, 17, 78).
cost(14, 18, 62).
cost(14, 19, 52).
cost(14, 20, 49).
cost(14, 21, 43).
cost(14, 22, 56).
cost(15, 1, 29).
cost(15, 2, 30).
cost(15, 3, 41).
cost(15, 4, 33).
cost(15, 5, 32).
cost(15, 6, 39).
cost(15, 7, 99).
cost(15, 8, 94).
cost(15, 9, 112).
cost(15, 10, 113).
cost(15, 11, 77).
cost(15, 12, 78).
cost(15, 13, 68).
cost(15, 14, 70).
cost(15, 16, 13).
cost(15, 17, 9).
cost(15, 18, 9).
cost(15, 19, 53).
cost(15, 20, 46).
cost(15, 21, 55).
cost(15, 22, 47).
cost(16, 1, 37).
cost(16, 2, 37).
cost(16, 3, 46).
cost(16, 4, 40).
cost(16, 5, 39).
cost(16, 6, 47).
cost(16, 7, 99).
cost(16, 8, 94).
cost(16, 9, 113).
cost(16, 10, 113).
cost(16, 11, 79).
cost(16, 12, 80).
cost(16, 13, 72).
cost(16, 14, 71).
cost(16, 15, 13).
cost(16, 17, 18).
cost(16, 18, 12).
cost(16, 19, 44).
cost(16, 20, 38).
cost(16, 21, 48).
cost(16, 22, 37).
cost(17, 1, 37).
cost(17, 2, 38).
cost(17, 3, 49).
cost(17, 4, 41).
cost(17, 5, 39).
cost(17, 6, 46).
cost(17, 7, 107).
cost(17, 8, 103).
cost(17, 9, 121).
cost(17, 10, 121).
cost(17, 11, 86).
cost(17, 12, 86).
cost(17, 13, 76).
cost(17, 14, 78).
cost(17, 15, 9).
cost(17, 16, 18).
cost(17, 18, 17).
cost(17, 19, 61).
cost(17, 20, 54).
cost(17, 21, 63).
cost(17, 22, 54).
cost(18, 1, 25).
cost(18, 2, 25).
cost(18, 3, 35).
cost(18, 4, 28).
cost(18, 5, 28).
cost(18, 6, 36).
cost(18, 7, 91).
cost(18, 8, 87).
cost(18, 9, 105).
cost(18, 10, 105).
cost(18, 11, 70).
cost(18, 12, 71).
cost(18, 13, 62).
cost(18, 14, 62).
cost(18, 15, 9).
cost(18, 16, 12).
cost(18, 17, 17).
cost(18, 19, 45).
cost(18, 20, 38).
cost(18, 21, 47).
cost(18, 22, 40).
cost(19, 1, 52).
cost(19, 2, 51).
cost(19, 3, 51).
cost(19, 4, 51).
cost(19, 5, 55).
cost(19, 6, 60).
cost(19, 7, 72).
cost(19, 8, 67).
cost(19, 9, 86).
cost(19, 10, 86).
cost(19, 11, 61).
cost(19, 12, 63).
cost(19, 13, 64).
cost(19, 14, 52).
cost(19, 15, 53).
cost(19, 16, 44).
cost(19, 17, 61).
cost(19, 18, 45).
cost(19, 20, 8).
cost(19, 21, 9).
cost(19, 22, 8).
cost(20, 1, 45).
cost(20, 2, 43).
cost(20, 3, 44).
cost(20, 4, 44).
cost(20, 5, 47).
cost(20, 6, 53).
cost(20, 7, 72).
cost(20, 8, 66).
cost(20, 9, 85).
cost(20, 10, 86).
cost(20, 11, 58).
cost(20, 12, 60).
cost(20, 13, 59).
cost(20, 14, 49).
cost(20, 15, 46).
cost(20, 16, 38).
cost(20, 17, 54).
cost(20, 18, 38).
cost(20, 19, 8).
cost(20, 21, 10).
cost(20, 22, 7).
cost(21, 1, 49).
cost(21, 2, 47).
cost(21, 3, 45).
cost(21, 4, 48).
cost(21, 5, 51).
cost(21, 6, 56).
cost(21, 7, 64).
cost(21, 8, 58).
cost(21, 9, 77).
cost(21, 10, 78).
cost(21, 11, 53).
cost(21, 12, 55).
cost(21, 13, 56).
cost(21, 14, 43).
cost(21, 15, 55).
cost(21, 16, 48).
cost(21, 17, 63).
cost(21, 18, 47).
cost(21, 19, 9).
cost(21, 20, 10).
cost(21, 22, 15).
cost(22, 1, 50).
cost(22, 2, 48).
cost(22, 3, 50).
cost(22, 4, 50).
cost(22, 5, 52).
cost(22, 6, 59).
cost(22, 7, 79).
cost(22, 8, 73).
cost(22, 9, 92).
cost(22, 10, 93).
cost(22, 11, 66).
cost(22, 12, 67).
cost(22, 13, 66).
cost(22, 14, 56).
cost(22, 15, 47).
cost(22, 16, 37).
cost(22, 17, 54).
cost(22, 18, 40).
cost(22, 19, 8).
cost(22, 20, 7).
cost(22, 21, 15).
nocross(1,2).
nocross(1,3).
nocross(1,4).
nocross(1,5).
nocross(1,11).
nocross(1,13).
nocross(1,15).
nocross(1,16).
nocross(1,18).
nocross(1,20).
nocross(2,1).
nocross(2,3).
nocross(2,4).
nocross(2,5).
nocross(2,11).
nocross(2,12).
nocross(2,14).
nocross(2,18).
nocross(2,20).
nocross(2,21).
nocross(3,1).
nocross(3,2).
nocross(3,4).
nocross(3,5).
nocross(3,6).
nocross(3,11).
nocross(3,12).
nocross(3,13).
nocross(3,14).
nocross(3,15).
nocross(3,18).
nocross(3,19).
nocross(3,20).
nocross(3,21).
nocross(3,22).
nocross(4,1).
nocross(4,2).
nocross(4,3).
nocross(4,5).
nocross(4,11).
nocross(4,12).
nocross(4,13).
nocross(4,14).
nocross(4,15).
nocross(4,18).
nocross(4,20).
nocross(4,21).
nocross(5,1).
nocross(5,2).
nocross(5,3).
nocross(5,4).
nocross(5,6).
nocross(5,11).
nocross(5,12).
nocross(5,13).
nocross(5,15).
nocross(5,16).
nocross(5,17).
nocross(5,18).
nocross(6,1).
nocross(6,2).
nocross(6,3).
nocross(6,4).
nocross(6,5).
nocross(6,11).
nocross(6,12).
nocross(6,13).
nocross(6,15).
nocross(6,17).
nocross(6,18).
nocross(7,8).
nocross(7,9).
nocross(7,10).
nocross(7,11).
nocross(7,12).
nocross(7,13).
nocross(7,14).
nocross(8,7).
nocross(8,9).
nocross(8,10).
nocross(8,11).
nocross(8,12).
nocross(8,13).
nocross(8,14).
nocross(8,19).
nocross(8,21).
nocross(9,7).
nocross(9,8).
nocross(9,10).
nocross(9,11).
nocross(9,12).
nocross(9,13).
nocross(9,14).
nocross(10,7).
nocross(10,8).
nocross(10,9).
nocross(10,11).
nocross(10,12).
nocross(10,13).
nocross(10,14).
nocross(11,1).
nocross(11,2).
nocross(11,3).
nocross(11,4).
nocross(11,5).
nocross(11,6).
nocross(11,7).
nocross(11,8).
nocross(11,9).
nocross(11,10).
nocross(11,12).
nocross(11,13).
nocross(11,14).
nocross(11,19).
nocross(11,20).
nocross(11,21).
nocross(11,22).
nocross(12,1).
nocross(12,2).
nocross(12,3).
nocross(12,4).
nocross(12,5).
nocross(12,6).
nocross(12,7).
nocross(12,8).
nocross(12,9).
nocross(12,10).
nocross(12,11).
nocross(12,13).
nocross(12,14).
nocross(12,19).
nocross(12,20).
nocross(12,21).
nocross(13,1).
nocross(13,2).
nocross(13,3).
nocross(13,4).
nocross(13,5).
nocross(13,6).
nocross(13,7).
nocross(13,8).
nocross(13,9).
nocross(13,10).
nocross(13,11).
nocross(13,12).
nocross(13,14).
nocross(13,18).
nocross(13,20).
nocross(13,21).
nocross(14,1).
nocross(14,2).
nocross(14,3).
nocross(14,4).
nocross(14,6).
nocross(14,7).
nocross(14,8).
nocross(14,9).
nocross(14,10).
nocross(14,11).
nocross(14,12).
nocross(14,13).
nocross(14,19).
nocross(14,20).
nocross(14,21).
nocross(14,22).
nocross(15,1).
nocross(15,2).
nocross(15,3).
nocross(15,4).
nocross(15,5).
nocross(15,6).
nocross(15,16).
nocross(15,17).
nocross(15,18).
nocross(15,19).
nocross(15,20).
nocross(15,22).
nocross(16,1).
nocross(16,2).
nocross(16,3).
nocross(16,4).
nocross(16,5).
nocross(16,15).
nocross(16,17).
nocross(16,18).
nocross(16,19).
nocross(16,20).
nocross(16,21).
nocross(16,22).
nocross(17,1).
nocross(17,2).
nocross(17,4).
nocross(17,5).
nocross(17,6).
nocross(17,15).
nocross(17,16).
nocross(17,18).
nocross(17,19).
nocross(17,20).
nocross(17,22).
nocross(18,1).
nocross(18,2).
nocross(18,3).
nocross(18,4).
nocross(18,5).
nocross(18,15).
nocross(18,16).
nocross(18,19).
nocross(18,20).
nocross(18,21).
nocross(18,22).
nocross(19,11).
nocross(19,16).
nocross(19,18).
nocross(19,20).
nocross(19,21).
nocross(19,22).
nocross(20,1).
nocross(20,2).
nocross(20,3).
nocross(20,4).
nocross(20,11).
nocross(20,14).
nocross(20,16).
nocross(20,18).
nocross(20,19).
nocross(20,21).
nocross(20,22).
nocross(21,2).
nocross(21,3).
nocross(21,4).
nocross(21,8).
nocross(21,11).
nocross(21,12).
nocross(21,14).
nocross(21,18).
nocross(21,19).
nocross(21,20).
nocross(21,22).
nocross(22,1).
nocross(22,2).
nocross(22,11).
nocross(22,16).
nocross(22,18).
nocross(22,19).
nocross(22,20).
nocross(22,21).
