dimension(32).
point(1, 36.2033697242, 80.4943837656).
point(2, 83.6183883618, 48.1128773223).
point(3, 38.1167721149, 10.1405187201).
point(4, 22.5916570697, 79.8606995797).
point(5, 76.5076061427, 26.0537870544).
point(6, 95.926025233, 9.1797130988).
point(7, 82.256885909, 52.2959019815).
point(8, 62.3446715329, 52.4020170622).
point(9, 29.4704962632, 63.9571070189).
point(10, 4.6441198136, 69.3591371317).
point(11, 63.2750882785, 5.6118663078).
point(12, 75.8663749313, 47.5849397444).
point(13, 5.3427841981, 80.5581170186).
point(14, 17.2894736774, 72.7242841688).
point(15, 73.1335598271, 7.1841686661).
point(16, 13.0283325152, 47.2287599425).
point(17, 26.7176745257, 55.1458983993).
point(18, 36.2090173911, 78.7083911047).
point(19, 33.1110830699, 6.1190339061).
point(20, 66.04286624, 22.3843905954).
point(21, 91.5067176818, 37.3622500017).
point(22, 70.0842569763, 51.1525021585).
point(23, 9.9325999758, 87.8347995917).
point(24, 14.0556482316, 77.5500864115).
point(25, 46.3267869378, 77.5658605181).
point(26, 20.1836802198, 47.2020259741).
point(27, 41.6872010142, 23.0495577181).
point(28, 85.5482471971, 15.8831134412).
point(29, 37.8658136233, 20.2071656265).
point(30, 24.1876026343, 75.6388615529).
point(31, 28.5492463935, 62.5039339597).
point(32, 11.2394860269, 60.5514152023).
cost(1, 2, 57).
cost(1, 3, 70).
cost(1, 4, 14).
cost(1, 5, 68).
cost(1, 6, 93).
cost(1, 7, 54).
cost(1, 8, 38).
cost(1, 9, 18).
cost(1, 10, 33).
cost(1, 11, 80).
cost(1, 12, 52).
cost(1, 13, 31).
cost(1, 14, 20).
cost(1, 15, 82).
cost(1, 16, 41).
cost(1, 17, 27).
cost(1, 18, 2).
cost(1, 19, 74).
cost(1, 20, 65).
cost(1, 21, 70).
cost(1, 22, 45).
cost(1, 23, 27).
cost(1, 24, 22).
cost(1, 25, 11).
cost(1, 26, 37).
cost(1, 27, 58).
cost(1, 28, 81).
cost(1, 29, 60).
cost(1, 30, 13).
cost(1, 31, 20).
cost(1, 32, 32).
cost(2, 1, 57).
cost(2, 3, 59).
cost(2, 4, 69).
cost(2, 5, 23).
cost(2, 6, 41).
cost(2, 7, 4).
cost(2, 8, 22).
cost(2, 9, 56).
cost(2, 10, 82).
cost(2, 11, 47).
cost(2, 12, 8).
cost(2, 13, 85).
cost(2, 14, 71).
cost(2, 15, 42).
cost(2, 16, 71).
cost(2, 17, 57).
cost(2, 18, 56).
cost(2, 19, 66).
cost(2, 20, 31).
cost(2, 21, 13).
cost(2, 22, 14).
cost(2, 23, 84).
cost(2, 24, 76).
cost(2, 25, 48).
cost(2, 26, 63).
cost(2, 27, 49).
cost(2, 28, 32).
cost(2, 29, 54).
cost(2, 30, 65).
cost(2, 31, 57).
cost(2, 32, 73).
cost(3, 1, 70).
cost(3, 2, 59).
cost(3, 4, 71).
cost(3, 5, 42).
cost(3, 6, 58).
cost(3, 7, 61).
cost(3, 8, 49).
cost(3, 9, 55).
cost(3, 10, 68).
cost(3, 11, 26).
cost(3, 12, 53).
cost(3, 13, 78).
cost(3, 14, 66).
cost(3, 15, 35).
cost(3, 16, 45).
cost(3, 17, 46).
cost(3, 18, 69).
cost(3, 19, 6).
cost(3, 20, 30).
cost(3, 21, 60).
cost(3, 22, 52).
cost(3, 23, 83).
cost(3, 24, 72).
cost(3, 25, 68).
cost(3, 26, 41).
cost(3, 27, 13).
cost(3, 28, 48).
cost(3, 29, 10).
cost(3, 30, 67).
cost(3, 31, 53).
cost(3, 32, 57).
cost(4, 1, 14).
cost(4, 2, 69).
cost(4, 3, 71).
cost(4, 5, 76).
cost(4, 6, 102).
cost(4, 7, 66).
cost(4, 8, 48).
cost(4, 9, 17).
cost(4, 10, 21).
cost(4, 11, 85).
cost(4, 12, 62).
cost(4, 13, 17).
cost(4, 14, 9).
cost(4, 15, 89).
cost(4, 16, 34).
cost(4, 17, 25).
cost(4, 18, 14).
cost(4, 19, 74).
cost(4, 20, 72).
cost(4, 21, 81).
cost(4, 22, 55).
cost(4, 23, 15).
cost(4, 24, 9).
cost(4, 25, 24).
cost(4, 26, 33).
cost(4, 27, 60).
cost(4, 28, 90).
cost(4, 29, 62).
cost(4, 30, 5).
cost(4, 31, 18).
cost(4, 32, 22).
cost(5, 1, 68).
cost(5, 2, 23).
cost(5, 3, 42).
cost(5, 4, 76).
cost(5, 6, 26).
cost(5, 7, 27).
cost(5, 8, 30).
cost(5, 9, 60).
cost(5, 10, 84).
cost(5, 11, 24).
cost(5, 12, 22).
cost(5, 13, 90).
cost(5, 14, 75).
cost(5, 15, 19).
cost(5, 16, 67).
cost(5, 17, 58).
cost(5, 18, 66).
cost(5, 19, 48).
cost(5, 20, 11).
cost(5, 21, 19).
cost(5, 22, 26).
cost(5, 23, 91).
cost(5, 24, 81).
cost(5, 25, 60).
cost(5, 26, 60).
cost(5, 27, 35).
cost(5, 28, 14).
cost(5, 29, 39).
cost(5, 30, 72).
cost(5, 31, 60).
cost(5, 32, 74).
cost(6, 1, 93).
cost(6, 2, 41).
cost(6, 3, 58).
cost(6, 4, 102).
cost(6, 5, 26).
cost(6, 7, 45).
cost(6, 8, 55).
cost(6, 9, 86).
cost(6, 10, 109).
cost(6, 11, 33).
cost(6, 12, 43).
cost(6, 13, 115).
cost(6, 14, 101).
cost(6, 15, 23).
cost(6, 16, 91).
cost(6, 17, 83).
cost(6, 18, 92).
cost(6, 19, 63).
cost(6, 20, 33).
cost(6, 21, 29).
cost(6, 22, 49).
cost(6, 23, 117).
cost(6, 24, 107).
cost(6, 25, 84).
cost(6, 26, 85).
cost(6, 27, 56).
cost(6, 28, 12).
cost(6, 29, 59).
cost(6, 30, 98).
cost(6, 31, 86).
cost(6, 32, 99).
cost(7, 1, 54).
cost(7, 2, 4).
cost(7, 3, 61).
cost(7, 4, 66).
cost(7, 5, 27).
cost(7, 6, 45).
cost(7, 8, 20).
cost(7, 9, 54).
cost(7, 10, 79).
cost(7, 11, 50).
cost(7, 12, 8).
cost(7, 13, 82).
cost(7, 14, 68).
cost(7, 15, 46).
cost(7, 16, 69).
cost(7, 17, 56).
cost(7, 18, 53).
cost(7, 19, 67).
cost(7, 20, 34).
cost(7, 21, 18).
cost(7, 22, 12).
cost(7, 23, 81).
cost(7, 24, 73).
cost(7, 25, 44).
cost(7, 26, 62).
cost(7, 27, 50).
cost(7, 28, 37).
cost(7, 29, 55).
cost(7, 30, 63).
cost(7, 31, 55).
cost(7, 32, 71).
cost(8, 1, 38).
cost(8, 2, 22).
cost(8, 3, 49).
cost(8, 4, 48).
cost(8, 5, 30).
cost(8, 6, 55).
cost(8, 7, 20).
cost(8, 9, 35).
cost(8, 10, 60).
cost(8, 11, 47).
cost(8, 12, 14).
cost(8, 13, 64).
cost(8, 14, 49).
cost(8, 15, 46).
cost(8, 16, 50).
cost(8, 17, 36).
cost(8, 18, 37).
cost(8, 19, 55).
cost(8, 20, 30).
cost(8, 21, 33).
cost(8, 22, 8).
cost(8, 23, 63).
cost(8, 24, 54).
cost(8, 25, 30).
cost(8, 26, 42).
cost(8, 27, 36).
cost(8, 28, 43).
cost(8, 29, 40).
cost(8, 30, 45).
cost(8, 31, 35).
cost(8, 32, 52).
cost(9, 1, 18).
cost(9, 2, 56).
cost(9, 3, 55).
cost(9, 4, 17).
cost(9, 5, 60).
cost(9, 6, 86).
cost(9, 7, 54).
cost(9, 8, 35).
cost(9, 10, 25).
cost(9, 11, 67).
cost(9, 12, 49).
cost(9, 13, 29).
cost(9, 14, 15).
cost(9, 15, 72).
cost(9, 16, 23).
cost(9, 17, 9).
cost(9, 18, 16).
cost(9, 19, 58).
cost(9, 20, 55).
cost(9, 21, 67).
cost(9, 22, 43).
cost(9, 23, 31).
cost(9, 24, 21).
cost(9, 25, 22).
cost(9, 26, 19).
cost(9, 27, 43).
cost(9, 28, 74).
cost(9, 29, 45).
cost(9, 30, 13).
cost(9, 31, 2).
cost(9, 32, 19).
cost(10, 1, 33).
cost(10, 2, 82).
cost(10, 3, 68).
cost(10, 4, 21).
cost(10, 5, 84).
cost(10, 6, 109).
cost(10, 7, 79).
cost(10, 8, 60).
cost(10, 9, 25).
cost(10, 11, 87).
cost(10, 12, 74).
cost(10, 13, 11).
cost(10, 14, 13).
cost(10, 15, 93).
cost(10, 16, 24).
cost(10, 17, 26).
cost(10, 18, 33).
cost(10, 19, 69).
cost(10, 20, 77).
cost(10, 21, 93).
cost(10, 22, 68).
cost(10, 23, 19).
cost(10, 24, 12).
cost(10, 25, 42).
cost(10, 26, 27).
cost(10, 27, 59).
cost(10, 28, 97).
cost(10, 29, 59).
cost(10, 30, 21).
cost(10, 31, 25).
cost(10, 32, 11).
cost(11, 1, 80).
cost(11, 2, 47).
cost(11, 3, 26).
cost(11, 4, 85).
cost(11, 5, 24).
cost(11, 6, 33).
cost(11, 7, 50).
cost(11, 8, 47).
cost(11, 9, 67).
cost(11, 10, 87).
cost(11, 12, 44).
cost(11, 13, 95).
cost(11, 14, 81).
cost(11, 15, 10).
cost(11, 16, 65).
cost(11, 17, 62).
cost(11, 18, 78).
cost(11, 19, 30).
cost(11, 20, 17).
cost(11, 21, 42).
cost(11, 22, 46).
cost(11, 23, 98).
cost(11, 24, 87).
cost(11, 25, 74).
cost(11, 26, 60).
cost(11, 27, 28).
cost(11, 28, 25).
cost(11, 29, 29).
cost(11, 30, 80).
cost(11, 31, 67).
cost(11, 32, 76).
cost(12, 1, 52).
cost(12, 2, 8).
cost(12, 3, 53).
cost(12, 4, 62).
cost(12, 5, 22).
cost(12, 6, 43).
cost(12, 7, 8).
cost(12, 8, 14).
cost(12, 9, 49).
cost(12, 10, 74).
cost(12, 11, 44).
cost(12, 13, 78).
cost(12, 14, 64).
cost(12, 15, 40).
cost(12, 16, 63).
cost(12, 17, 50).
cost(12, 18, 50).
cost(12, 19, 60).
cost(12, 20, 27).
cost(12, 21, 19).
cost(12, 22, 7).
cost(12, 23, 77).
cost(12, 24, 69).
cost(12, 25, 42).
cost(12, 26, 56).
cost(12, 27, 42).
cost(12, 28, 33).
cost(12, 29, 47).
cost(12, 30, 59).
cost(12, 31, 50).
cost(12, 32, 66).
cost(13, 1, 31).
cost(13, 2, 85).
cost(13, 3, 78).
cost(13, 4, 17).
cost(13, 5, 90).
cost(13, 6, 115).
cost(13, 7, 82).
cost(13, 8, 64).
cost(13, 9, 29).
cost(13, 10, 11).
cost(13, 11, 95).
cost(13, 12, 78).
cost(13, 14, 14).
cost(13, 15, 100).
cost(13, 16, 34).
cost(13, 17, 33).
cost(13, 18, 31).
cost(13, 19, 79).
cost(13, 20, 84).
cost(13, 21, 96).
cost(13, 22, 71).
cost(13, 23, 9).
cost(13, 24, 9).
cost(13, 25, 41).
cost(13, 26, 37).
cost(13, 27, 68).
cost(13, 28, 103).
cost(13, 29, 69).
cost(13, 30, 19).
cost(13, 31, 29).
cost(13, 32, 21).
cost(14, 1, 20).
cost(14, 2, 71).
cost(14, 3, 66).
cost(14, 4, 9).
cost(14, 5, 75).
cost(14, 6, 101).
cost(14, 7, 68).
cost(14, 8, 49).
cost(14, 9, 15).
cost(14, 10, 13).
cost(14, 11, 81).
cost(14, 12, 64).
cost(14, 13, 14).
cost(14, 15, 86).
cost(14, 16, 26).
cost(14, 17, 20).
cost(14, 18, 20).
cost(14, 19, 68).
cost(14, 20, 70).
cost(14, 21, 82).
cost(14, 22, 57).
cost(14, 23, 17).
cost(14, 24, 6).
cost(14, 25, 29).
cost(14, 26, 26).
cost(14, 27, 55).
cost(14, 28, 89).
cost(14, 29, 56).
cost(14, 30, 7).
cost(14, 31, 15).
cost(14, 32, 14).
cost(15, 1, 82).
cost(15, 2, 42).
cost(15, 3, 35).
cost(15, 4, 89).
cost(15, 5, 19).
cost(15, 6, 23).
cost(15, 7, 46).
cost(15, 8, 46).
cost(15, 9, 72).
cost(15, 10, 93).
cost(15, 11, 10).
cost(15, 12, 40).
cost(15, 13, 100).
cost(15, 14, 86).
cost(15, 16, 72).
cost(15, 17, 67).
cost(15, 18, 80).
cost(15, 19, 40).
cost(15, 20, 17).
cost(15, 21, 35).
cost(15, 22, 44).
cost(15, 23, 102).
cost(15, 24, 92).
cost(15, 25, 75).
cost(15, 26, 66).
cost(15, 27, 35).
cost(15, 28, 15).
cost(15, 29, 38).
cost(15, 30, 84).
cost(15, 31, 71).
cost(15, 32, 82).
cost(16, 1, 41).
cost(16, 2, 71).
cost(16, 3, 45).
cost(16, 4, 34).
cost(16, 5, 67).
cost(16, 6, 91).
cost(16, 7, 69).
cost(16, 8, 50).
cost(16, 9, 23).
cost(16, 10, 24).
cost(16, 11, 65).
cost(16, 12, 63).
cost(16, 13, 34).
cost(16, 14, 26).
cost(16, 15, 72).
cost(16, 17, 16).
cost(16, 18, 39).
cost(16, 19, 46).
cost(16, 20, 59).
cost(16, 21, 79).
cost(16, 22, 57).
cost(16, 23, 41).
cost(16, 24, 30).
cost(16, 25, 45).
cost(16, 26, 7).
cost(16, 27, 37).
cost(16, 28, 79).
cost(16, 29, 37).
cost(16, 30, 31).
cost(16, 31, 22).
cost(16, 32, 13).
cost(17, 1, 27).
cost(17, 2, 57).
cost(17, 3, 46).
cost(17, 4, 25).
cost(17, 5, 58).
cost(17, 6, 83).
cost(17, 7, 56).
cost(17, 8, 36).
cost(17, 9, 9).
cost(17, 10, 26).
cost(17, 11, 62).
cost(17, 12, 50).
cost(17, 13, 33).
cost(17, 14, 20).
cost(17, 15, 67).
cost(17, 16, 16).
cost(17, 18, 25).
cost(17, 19, 49).
cost(17, 20, 51).
cost(17, 21, 67).
cost(17, 22, 44).
cost(17, 23, 37).
cost(17, 24, 26).
cost(17, 25, 30).
cost(17, 26, 10).
cost(17, 27, 35).
cost(17, 28, 71).
cost(17, 29, 37).
cost(17, 30, 21).
cost(17, 31, 8).
cost(17, 32, 16).
cost(18, 1, 2).
cost(18, 2, 56).
cost(18, 3, 69).
cost(18, 4, 14).
cost(18, 5, 66).
cost(18, 6, 92).
cost(18, 7, 53).
cost(18, 8, 37).
cost(18, 9, 16).
cost(18, 10, 33).
cost(18, 11, 78).
cost(18, 12, 50).
cost(18, 13, 31).
cost(18, 14, 20).
cost(18, 15, 80).
cost(18, 16, 39).
cost(18, 17, 25).
cost(18, 19, 73).
cost(18, 20, 64).
cost(18, 21, 69).
cost(18, 22, 44).
cost(18, 23, 28).
cost(18, 24, 22).
cost(18, 25, 10).
cost(18, 26, 35).
cost(18, 27, 56).
cost(18, 28, 80).
cost(18, 29, 59).
cost(18, 30, 12).
cost(18, 31, 18).
cost(18, 32, 31).
cost(19, 1, 74).
cost(19, 2, 66).
cost(19, 3, 6).
cost(19, 4, 74).
cost(19, 5, 48).
cost(19, 6, 63).
cost(19, 7, 67).
cost(19, 8, 55).
cost(19, 9, 58).
cost(19, 10, 69).
cost(19, 11, 30).
cost(19, 12, 60).
cost(19, 13, 79).
cost(19, 14, 68).
cost(19, 15, 40).
cost(19, 16, 46).
cost(19, 17, 49).
cost(19, 18, 73).
cost(19, 20, 37).
cost(19, 21, 66).
cost(19, 22, 58).
cost(19, 23, 85).
cost(19, 24, 74).
cost(19, 25, 73).
cost(19, 26, 43).
cost(19, 27, 19).
cost(19, 28, 53).
cost(19, 29, 15).
cost(19, 30, 70).
cost(19, 31, 57).
cost(19, 32, 59).
cost(20, 1, 65).
cost(20, 2, 31).
cost(20, 3, 30).
cost(20, 4, 72).
cost(20, 5, 11).
cost(20, 6, 33).
cost(20, 7, 34).
cost(20, 8, 30).
cost(20, 9, 55).
cost(20, 10, 77).
cost(20, 11, 17).
cost(20, 12, 27).
cost(20, 13, 84).
cost(20, 14, 70).
cost(20, 15, 17).
cost(20, 16, 59).
cost(20, 17, 51).
cost(20, 18, 64).
cost(20, 19, 37).
cost(20, 21, 30).
cost(20, 22, 29).
cost(20, 23, 86).
cost(20, 24, 76).
cost(20, 25, 59).
cost(20, 26, 52).
cost(20, 27, 24).
cost(20, 28, 21).
cost(20, 29, 28).
cost(20, 30, 68).
cost(20, 31, 55).
cost(20, 32, 67).
cost(21, 1, 70).
cost(21, 2, 13).
cost(21, 3, 60).
cost(21, 4, 81).
cost(21, 5, 19).
cost(21, 6, 29).
cost(21, 7, 18).
cost(21, 8, 33).
cost(21, 9, 67).
cost(21, 10, 93).
cost(21, 11, 42).
cost(21, 12, 19).
cost(21, 13, 96).
cost(21, 14, 82).
cost(21, 15, 35).
cost(21, 16, 79).
cost(21, 17, 67).
cost(21, 18, 69).
cost(21, 19, 66).
cost(21, 20, 30).
cost(21, 22, 25).
cost(21, 23, 96).
cost(21, 24, 87).
cost(21, 25, 60).
cost(21, 26, 72).
cost(21, 27, 52).
cost(21, 28, 22).
cost(21, 29, 56).
cost(21, 30, 77).
cost(21, 31, 68).
cost(21, 32, 84).
cost(22, 1, 45).
cost(22, 2, 14).
cost(22, 3, 52).
cost(22, 4, 55).
cost(22, 5, 26).
cost(22, 6, 49).
cost(22, 7, 12).
cost(22, 8, 8).
cost(22, 9, 43).
cost(22, 10, 68).
cost(22, 11, 46).
cost(22, 12, 7).
cost(22, 13, 71).
cost(22, 14, 57).
cost(22, 15, 44).
cost(22, 16, 57).
cost(22, 17, 44).
cost(22, 18, 44).
cost(22, 19, 58).
cost(22, 20, 29).
cost(22, 21, 25).
cost(22, 23, 70).
cost(22, 24, 62).
cost(22, 25, 36).
cost(22, 26, 50).
cost(22, 27, 40).
cost(22, 28, 39).
cost(22, 29, 45).
cost(22, 30, 52).
cost(22, 31, 43).
cost(22, 32, 60).
cost(23, 1, 27).
cost(23, 2, 84).
cost(23, 3, 83).
cost(23, 4, 15).
cost(23, 5, 91).
cost(23, 6, 117).
cost(23, 7, 81).
cost(23, 8, 63).
cost(23, 9, 31).
cost(23, 10, 19).
cost(23, 11, 98).
cost(23, 12, 77).
cost(23, 13, 9).
cost(23, 14, 17).
cost(23, 15, 102).
cost(23, 16, 41).
cost(23, 17, 37).
cost(23, 18, 28).
cost(23, 19, 85).
cost(23, 20, 86).
cost(23, 21, 96).
cost(23, 22, 70).
cost(23, 24, 11).
cost(23, 25, 38).
cost(23, 26, 42).
cost(23, 27, 72).
cost(23, 28, 104).
cost(23, 29, 73).
cost(23, 30, 19).
cost(23, 31, 31).
cost(23, 32, 27).
cost(24, 1, 22).
cost(24, 2, 76).
cost(24, 3, 72).
cost(24, 4, 9).
cost(24, 5, 81).
cost(24, 6, 107).
cost(24, 7, 73).
cost(24, 8, 54).
cost(24, 9, 21).
cost(24, 10, 12).
cost(24, 11, 87).
cost(24, 12, 69).
cost(24, 13, 9).
cost(24, 14, 6).
cost(24, 15, 92).
cost(24, 16, 30).
cost(24, 17, 26).
cost(24, 18, 22).
cost(24, 19, 74).
cost(24, 20, 76).
cost(24, 21, 87).
cost(24, 22, 62).
cost(24, 23, 11).
cost(24, 25, 32).
cost(24, 26, 31).
cost(24, 27, 61).
cost(24, 28, 94).
cost(24, 29, 62).
cost(24, 30, 10).
cost(24, 31, 21).
cost(24, 32, 17).
cost(25, 1, 11).
cost(25, 2, 48).
cost(25, 3, 68).
cost(25, 4, 24).
cost(25, 5, 60).
cost(25, 6, 84).
cost(25, 7, 44).
cost(25, 8, 30).
cost(25, 9, 22).
cost(25, 10, 42).
cost(25, 11, 74).
cost(25, 12, 42).
cost(25, 13, 41).
cost(25, 14, 29).
cost(25, 15, 75).
cost(25, 16, 45).
cost(25, 17, 30).
cost(25, 18, 10).
cost(25, 19, 73).
cost(25, 20, 59).
cost(25, 21, 60).
cost(25, 22, 36).
cost(25, 23, 38).
cost(25, 24, 32).
cost(25, 26, 40).
cost(25, 27, 55).
cost(25, 28, 73).
cost(25, 29, 58).
cost(25, 30, 22).
cost(25, 31, 23).
cost(25, 32, 39).
cost(26, 1, 37).
cost(26, 2, 63).
cost(26, 3, 41).
cost(26, 4, 33).
cost(26, 5, 60).
cost(26, 6, 85).
cost(26, 7, 62).
cost(26, 8, 42).
cost(26, 9, 19).
cost(26, 10, 27).
cost(26, 11, 60).
cost(26, 12, 56).
cost(26, 13, 37).
cost(26, 14, 26).
cost(26, 15, 66).
cost(26, 16, 7).
cost(26, 17, 10).
cost(26, 18, 35).
cost(26, 19, 43).
cost(26, 20, 52).
cost(26, 21, 72).
cost(26, 22, 50).
cost(26, 23, 42).
cost(26, 24, 31).
cost(26, 25, 40).
cost(26, 27, 32).
cost(26, 28, 72).
cost(26, 29, 32).
cost(26, 30, 29).
cost(26, 31, 17).
cost(26, 32, 16).
cost(27, 1, 58).
cost(27, 2, 49).
cost(27, 3, 13).
cost(27, 4, 60).
cost(27, 5, 35).
cost(27, 6, 56).
cost(27, 7, 50).
cost(27, 8, 36).
cost(27, 9, 43).
cost(27, 10, 59).
cost(27, 11, 28).
cost(27, 12, 42).
cost(27, 13, 68).
cost(27, 14, 55).
cost(27, 15, 35).
cost(27, 16, 37).
cost(27, 17, 35).
cost(27, 18, 56).
cost(27, 19, 19).
cost(27, 20, 24).
cost(27, 21, 52).
cost(27, 22, 40).
cost(27, 23, 72).
cost(27, 24, 61).
cost(27, 25, 55).
cost(27, 26, 32).
cost(27, 28, 44).
cost(27, 29, 5).
cost(27, 30, 55).
cost(27, 31, 42).
cost(27, 32, 48).
cost(28, 1, 81).
cost(28, 2, 32).
cost(28, 3, 48).
cost(28, 4, 90).
cost(28, 5, 14).
cost(28, 6, 12).
cost(28, 7, 37).
cost(28, 8, 43).
cost(28, 9, 74).
cost(28, 10, 97).
cost(28, 11, 25).
cost(28, 12, 33).
cost(28, 13, 103).
cost(28, 14, 89).
cost(28, 15, 15).
cost(28, 16, 79).
cost(28, 17, 71).
cost(28, 18, 80).
cost(28, 19, 53).
cost(28, 20, 21).
cost(28, 21, 22).
cost(28, 22, 39).
cost(28, 23, 104).
cost(28, 24, 94).
cost(28, 25, 73).
cost(28, 26, 72).
cost(28, 27, 44).
cost(28, 29, 48).
cost(28, 30, 86).
cost(28, 31, 74).
cost(28, 32, 87).
cost(29, 1, 60).
cost(29, 2, 54).
cost(29, 3, 10).
cost(29, 4, 62).
cost(29, 5, 39).
cost(29, 6, 59).
cost(29, 7, 55).
cost(29, 8, 40).
cost(29, 9, 45).
cost(29, 10, 59).
cost(29, 11, 29).
cost(29, 12, 47).
cost(29, 13, 69).
cost(29, 14, 56).
cost(29, 15, 38).
cost(29, 16, 37).
cost(29, 17, 37).
cost(29, 18, 59).
cost(29, 19, 15).
cost(29, 20, 28).
cost(29, 21, 56).
cost(29, 22, 45).
cost(29, 23, 73).
cost(29, 24, 62).
cost(29, 25, 58).
cost(29, 26, 32).
cost(29, 27, 5).
cost(29, 28, 48).
cost(29, 30, 57).
cost(29, 31, 43).
cost(29, 32, 48).
cost(30, 1, 13).
cost(30, 2, 65).
cost(30, 3, 67).
cost(30, 4, 5).
cost(30, 5, 72).
cost(30, 6, 98).
cost(30, 7, 63).
cost(30, 8, 45).
cost(30, 9, 13).
cost(30, 10, 21).
cost(30, 11, 80).
cost(30, 12, 59).
cost(30, 13, 19).
cost(30, 14, 7).
cost(30, 15, 84).
cost(30, 16, 31).
cost(30, 17, 21).
cost(30, 18, 12).
cost(30, 19, 70).
cost(30, 20, 68).
cost(30, 21, 77).
cost(30, 22, 52).
cost(30, 23, 19).
cost(30, 24, 10).
cost(30, 25, 22).
cost(30, 26, 29).
cost(30, 27, 55).
cost(30, 28, 86).
cost(30, 29, 57).
cost(30, 31, 14).
cost(30, 32, 20).
cost(31, 1, 20).
cost(31, 2, 57).
cost(31, 3, 53).
cost(31, 4, 18).
cost(31, 5, 60).
cost(31, 6, 86).
cost(31, 7, 55).
cost(31, 8, 35).
cost(31, 9, 2).
cost(31, 10, 25).
cost(31, 11, 67).
cost(31, 12, 50).
cost(31, 13, 29).
cost(31, 14, 15).
cost(31, 15, 71).
cost(31, 16, 22).
cost(31, 17, 8).
cost(31, 18, 18).
cost(31, 19, 57).
cost(31, 20, 55).
cost(31, 21, 68).
cost(31, 22, 43).
cost(31, 23, 31).
cost(31, 24, 21).
cost(31, 25, 23).
cost(31, 26, 17).
cost(31, 27, 42).
cost(31, 28, 74).
cost(31, 29, 43).
cost(31, 30, 14).
cost(31, 32, 17).
cost(32, 1, 32).
cost(32, 2, 73).
cost(32, 3, 57).
cost(32, 4, 22).
cost(32, 5, 74).
cost(32, 6, 99).
cost(32, 7, 71).
cost(32, 8, 52).
cost(32, 9, 19).
cost(32, 10, 11).
cost(32, 11, 76).
cost(32, 12, 66).
cost(32, 13, 21).
cost(32, 14, 14).
cost(32, 15, 82).
cost(32, 16, 13).
cost(32, 17, 16).
cost(32, 18, 31).
cost(32, 19, 59).
cost(32, 20, 67).
cost(32, 21, 84).
cost(32, 22, 60).
cost(32, 23, 27).
cost(32, 24, 17).
cost(32, 25, 39).
cost(32, 26, 16).
cost(32, 27, 48).
cost(32, 28, 87).
cost(32, 29, 48).
cost(32, 30, 20).
cost(32, 31, 17).
