dimension(32).
point(1, 35.8361173522, 41.3877229893).
point(2, 13.2774497082, 15.2150412927).
point(3, 97.5915663874, 74.9211387821).
point(4, 72.2164247722, 73.7415741847).
point(5, 27.4576564052, 15.3365556353).
point(6, 98.7539977897, 73.7060928123).
point(7, 87.9587883822, 61.0431966058).
point(8, 19.9986623333, 60.8635293822).
point(9, 78.9583838438, 95.6504143171).
point(10, 88.4892831305, 68.351693645).
point(11, 7.6047530922, 65.9202565264).
point(12, 41.5649307265, 26.6003219533).
point(13, 29.5023729615, 31.2586294272).
point(14, 39.5037071736, 37.7764471888).
point(15, 91.5277050779, 65.6147539168).
point(16, 89.6380756624, 87.5879482672).
point(17, 64.1235327359, 88.8000348515).
point(18, 56.5470740085, 11.0576442249).
point(19, 9.4301386663, 48.4295345787).
point(20, 84.3171952536, 83.2289377897).
point(21, 84.0511854041, 84.3255067513).
point(22, 86.7889904363, 96.8126182116).
point(23, 21.1624821128, 25.4495791191).
point(24, 3.8418048584, 62.747354969).
point(25, 69.8135762028, 77.0702414977).
point(26, 68.4682437933, 80.9925334081).
point(27, 8.0492713438, 62.2169619874).
point(28, 9.9953642009, 27.0413698111).
point(29, 95.0367402955, 64.1440068041).
point(30, 67.1166974717, 99.7365800935).
point(31, 29.8944234802, 41.9548236945).
point(32, 20.5772395679, 56.5496653338).
cost(1, 2, 35).
cost(1, 3, 70).
cost(1, 4, 49).
cost(1, 5, 27).
cost(1, 6, 71).
cost(1, 7, 56).
cost(1, 8, 25).
cost(1, 9, 69).
cost(1, 10, 59).
cost(1, 11, 37).
cost(1, 12, 16).
cost(1, 13, 12).
cost(1, 14, 5).
cost(1, 15, 61).
cost(1, 16, 71).
cost(1, 17, 55).
cost(1, 18, 37).
cost(1, 19, 27).
cost(1, 20, 64).
cost(1, 21, 65).
cost(1, 22, 75).
cost(1, 23, 22).
cost(1, 24, 38).
cost(1, 25, 49).
cost(1, 26, 51).
cost(1, 27, 35).
cost(1, 28, 30).
cost(1, 29, 63).
cost(1, 30, 66).
cost(1, 31, 6).
cost(1, 32, 22).
cost(2, 1, 35).
cost(2, 3, 103).
cost(2, 4, 83).
cost(2, 5, 14).
cost(2, 6, 104).
cost(2, 7, 88).
cost(2, 8, 46).
cost(2, 9, 104).
cost(2, 10, 92).
cost(2, 11, 51).
cost(2, 12, 30).
cost(2, 13, 23).
cost(2, 14, 35).
cost(2, 15, 93).
cost(2, 16, 105).
cost(2, 17, 89).
cost(2, 18, 43).
cost(2, 19, 33).
cost(2, 20, 98).
cost(2, 21, 99).
cost(2, 22, 110).
cost(2, 23, 13).
cost(2, 24, 48).
cost(2, 25, 84).
cost(2, 26, 86).
cost(2, 27, 47).
cost(2, 28, 12).
cost(2, 29, 95).
cost(2, 30, 100).
cost(2, 31, 31).
cost(2, 32, 42).
cost(3, 1, 70).
cost(3, 2, 103).
cost(3, 4, 25).
cost(3, 5, 92).
cost(3, 6, 2).
cost(3, 7, 17).
cost(3, 8, 79).
cost(3, 9, 28).
cost(3, 10, 11).
cost(3, 11, 90).
cost(3, 12, 74).
cost(3, 13, 81).
cost(3, 14, 69).
cost(3, 15, 11).
cost(3, 16, 15).
cost(3, 17, 36).
cost(3, 18, 76).
cost(3, 19, 92).
cost(3, 20, 16).
cost(3, 21, 16).
cost(3, 22, 24).
cost(3, 23, 91).
cost(3, 24, 95).
cost(3, 25, 28).
cost(3, 26, 30).
cost(3, 27, 90).
cost(3, 28, 100).
cost(3, 29, 11).
cost(3, 30, 39).
cost(3, 31, 75).
cost(3, 32, 79).
cost(4, 1, 49).
cost(4, 2, 83).
cost(4, 3, 25).
cost(4, 5, 74).
cost(4, 6, 27).
cost(4, 7, 20).
cost(4, 8, 54).
cost(4, 9, 23).
cost(4, 10, 17).
cost(4, 11, 65).
cost(4, 12, 56).
cost(4, 13, 60).
cost(4, 14, 49).
cost(4, 15, 21).
cost(4, 16, 22).
cost(4, 17, 17).
cost(4, 18, 65).
cost(4, 19, 68).
cost(4, 20, 15).
cost(4, 21, 16).
cost(4, 22, 27).
cost(4, 23, 70).
cost(4, 24, 69).
cost(4, 25, 4).
cost(4, 26, 8).
cost(4, 27, 65).
cost(4, 28, 78).
cost(4, 29, 25).
cost(4, 30, 26).
cost(4, 31, 53).
cost(4, 32, 54).
cost(5, 1, 27).
cost(5, 2, 14).
cost(5, 3, 92).
cost(5, 4, 74).
cost(5, 6, 92).
cost(5, 7, 76).
cost(5, 8, 46).
cost(5, 9, 95).
cost(5, 10, 81).
cost(5, 11, 54).
cost(5, 12, 18).
cost(5, 13, 16).
cost(5, 14, 25).
cost(5, 15, 81).
cost(5, 16, 95).
cost(5, 17, 82).
cost(5, 18, 29).
cost(5, 19, 38).
cost(5, 20, 89).
cost(5, 21, 89).
cost(5, 22, 101).
cost(5, 23, 12).
cost(5, 24, 53).
cost(5, 25, 75).
cost(5, 26, 77).
cost(5, 27, 51).
cost(5, 28, 21).
cost(5, 29, 83).
cost(5, 30, 93).
cost(5, 31, 27).
cost(5, 32, 42).
cost(6, 1, 71).
cost(6, 2, 104).
cost(6, 3, 2).
cost(6, 4, 27).
cost(6, 5, 92).
cost(6, 7, 17).
cost(6, 8, 80).
cost(6, 9, 30).
cost(6, 10, 12).
cost(6, 11, 91).
cost(6, 12, 74).
cost(6, 13, 81).
cost(6, 14, 69).
cost(6, 15, 11).
cost(6, 16, 17).
cost(6, 17, 38).
cost(6, 18, 76).
cost(6, 19, 93).
cost(6, 20, 17).
cost(6, 21, 18).
cost(6, 22, 26).
cost(6, 23, 91).
cost(6, 24, 96).
cost(6, 25, 29).
cost(6, 26, 31).
cost(6, 27, 91).
cost(6, 28, 100).
cost(6, 29, 10).
cost(6, 30, 41).
cost(6, 31, 76).
cost(6, 32, 80).
cost(7, 1, 56).
cost(7, 2, 88).
cost(7, 3, 17).
cost(7, 4, 20).
cost(7, 5, 76).
cost(7, 6, 17).
cost(7, 8, 68).
cost(7, 9, 36).
cost(7, 10, 7).
cost(7, 11, 81).
cost(7, 12, 58).
cost(7, 13, 66).
cost(7, 14, 54).
cost(7, 15, 6).
cost(7, 16, 27).
cost(7, 17, 37).
cost(7, 18, 59).
cost(7, 19, 80).
cost(7, 20, 22).
cost(7, 21, 24).
cost(7, 22, 36).
cost(7, 23, 76).
cost(7, 24, 84).
cost(7, 25, 24).
cost(7, 26, 28).
cost(7, 27, 80).
cost(7, 28, 85).
cost(7, 29, 8).
cost(7, 30, 44).
cost(7, 31, 61).
cost(7, 32, 68).
cost(8, 1, 25).
cost(8, 2, 46).
cost(8, 3, 79).
cost(8, 4, 54).
cost(8, 5, 46).
cost(8, 6, 80).
cost(8, 7, 68).
cost(8, 9, 68).
cost(8, 10, 69).
cost(8, 11, 13).
cost(8, 12, 40).
cost(8, 13, 31).
cost(8, 14, 30).
cost(8, 15, 72).
cost(8, 16, 75).
cost(8, 17, 52).
cost(8, 18, 62).
cost(8, 19, 16).
cost(8, 20, 68).
cost(8, 21, 68).
cost(8, 22, 76).
cost(8, 23, 35).
cost(8, 24, 16).
cost(8, 25, 52).
cost(8, 26, 52).
cost(8, 27, 12).
cost(8, 28, 35).
cost(8, 29, 75).
cost(8, 30, 61).
cost(8, 31, 21).
cost(8, 32, 4).
cost(9, 1, 69).
cost(9, 2, 104).
cost(9, 3, 28).
cost(9, 4, 23).
cost(9, 5, 95).
cost(9, 6, 30).
cost(9, 7, 36).
cost(9, 8, 68).
cost(9, 10, 29).
cost(9, 11, 77).
cost(9, 12, 79).
cost(9, 13, 81).
cost(9, 14, 70).
cost(9, 15, 33).
cost(9, 16, 13).
cost(9, 17, 16).
cost(9, 18, 88).
cost(9, 19, 84).
cost(9, 20, 14).
cost(9, 21, 12).
cost(9, 22, 8).
cost(9, 23, 91).
cost(9, 24, 82).
cost(9, 25, 21).
cost(9, 26, 18).
cost(9, 27, 78).
cost(9, 28, 97).
cost(9, 29, 35).
cost(9, 30, 13).
cost(9, 31, 73).
cost(9, 32, 70).
cost(10, 1, 59).
cost(10, 2, 92).
cost(10, 3, 11).
cost(10, 4, 17).
cost(10, 5, 81).
cost(10, 6, 12).
cost(10, 7, 7).
cost(10, 8, 69).
cost(10, 9, 29).
cost(10, 11, 81).
cost(10, 12, 63).
cost(10, 13, 70).
cost(10, 14, 58).
cost(10, 15, 4).
cost(10, 16, 19).
cost(10, 17, 32).
cost(10, 18, 66).
cost(10, 19, 82).
cost(10, 20, 15).
cost(10, 21, 17).
cost(10, 22, 29).
cost(10, 23, 80).
cost(10, 24, 85).
cost(10, 25, 21).
cost(10, 26, 24).
cost(10, 27, 81).
cost(10, 28, 89).
cost(10, 29, 8).
cost(10, 30, 38).
cost(10, 31, 64).
cost(10, 32, 69).
cost(11, 1, 37).
cost(11, 2, 51).
cost(11, 3, 90).
cost(11, 4, 65).
cost(11, 5, 54).
cost(11, 6, 91).
cost(11, 7, 81).
cost(11, 8, 13).
cost(11, 9, 77).
cost(11, 10, 81).
cost(11, 12, 52).
cost(11, 13, 41).
cost(11, 14, 43).
cost(11, 15, 84).
cost(11, 16, 85).
cost(11, 17, 61).
cost(11, 18, 74).
cost(11, 19, 18).
cost(11, 20, 79).
cost(11, 21, 79).
cost(11, 22, 85).
cost(11, 23, 43).
cost(11, 24, 5).
cost(11, 25, 63).
cost(11, 26, 63).
cost(11, 27, 4).
cost(11, 28, 39).
cost(11, 29, 87).
cost(11, 30, 68).
cost(11, 31, 33).
cost(11, 32, 16).
cost(12, 1, 16).
cost(12, 2, 30).
cost(12, 3, 74).
cost(12, 4, 56).
cost(12, 5, 18).
cost(12, 6, 74).
cost(12, 7, 58).
cost(12, 8, 40).
cost(12, 9, 79).
cost(12, 10, 63).
cost(12, 11, 52).
cost(12, 13, 13).
cost(12, 14, 11).
cost(12, 15, 63).
cost(12, 16, 78).
cost(12, 17, 66).
cost(12, 18, 22).
cost(12, 19, 39).
cost(12, 20, 71).
cost(12, 21, 72).
cost(12, 22, 84).
cost(12, 23, 20).
cost(12, 24, 52).
cost(12, 25, 58).
cost(12, 26, 61).
cost(12, 27, 49).
cost(12, 28, 32).
cost(12, 29, 65).
cost(12, 30, 77).
cost(12, 31, 19).
cost(12, 32, 37).
cost(13, 1, 12).
cost(13, 2, 23).
cost(13, 3, 81).
cost(13, 4, 60).
cost(13, 5, 16).
cost(13, 6, 81).
cost(13, 7, 66).
cost(13, 8, 31).
cost(13, 9, 81).
cost(13, 10, 70).
cost(13, 11, 41).
cost(13, 12, 13).
cost(13, 14, 12).
cost(13, 15, 71).
cost(13, 16, 82).
cost(13, 17, 67).
cost(13, 18, 34).
cost(13, 19, 26).
cost(13, 20, 76).
cost(13, 21, 76).
cost(13, 22, 87).
cost(13, 23, 10).
cost(13, 24, 41).
cost(13, 25, 61).
cost(13, 26, 63).
cost(13, 27, 38).
cost(13, 28, 20).
cost(13, 29, 73).
cost(13, 30, 78).
cost(13, 31, 11).
cost(13, 32, 27).
cost(14, 1, 5).
cost(14, 2, 35).
cost(14, 3, 69).
cost(14, 4, 49).
cost(14, 5, 25).
cost(14, 6, 69).
cost(14, 7, 54).
cost(14, 8, 30).
cost(14, 9, 70).
cost(14, 10, 58).
cost(14, 11, 43).
cost(14, 12, 11).
cost(14, 13, 12).
cost(14, 15, 59).
cost(14, 16, 71).
cost(14, 17, 57).
cost(14, 18, 32).
cost(14, 19, 32).
cost(14, 20, 64).
cost(14, 21, 64).
cost(14, 22, 76).
cost(14, 23, 22).
cost(14, 24, 44).
cost(14, 25, 50).
cost(14, 26, 52).
cost(14, 27, 40).
cost(14, 28, 31).
cost(14, 29, 61).
cost(14, 30, 68).
cost(14, 31, 10).
cost(14, 32, 27).
cost(15, 1, 61).
cost(15, 2, 93).
cost(15, 3, 11).
cost(15, 4, 21).
cost(15, 5, 81).
cost(15, 6, 11).
cost(15, 7, 6).
cost(15, 8, 72).
cost(15, 9, 33).
cost(15, 10, 4).
cost(15, 11, 84).
cost(15, 12, 63).
cost(15, 13, 71).
cost(15, 14, 59).
cost(15, 16, 22).
cost(15, 17, 36).
cost(15, 18, 65).
cost(15, 19, 84).
cost(15, 20, 19).
cost(15, 21, 20).
cost(15, 22, 32).
cost(15, 23, 81).
cost(15, 24, 88).
cost(15, 25, 25).
cost(15, 26, 28).
cost(15, 27, 84).
cost(15, 28, 90).
cost(15, 29, 4).
cost(15, 30, 42).
cost(15, 31, 66).
cost(15, 32, 72).
cost(16, 1, 71).
cost(16, 2, 105).
cost(16, 3, 15).
cost(16, 4, 22).
cost(16, 5, 95).
cost(16, 6, 17).
cost(16, 7, 27).
cost(16, 8, 75).
cost(16, 9, 13).
cost(16, 10, 19).
cost(16, 11, 85).
cost(16, 12, 78).
cost(16, 13, 82).
cost(16, 14, 71).
cost(16, 15, 22).
cost(16, 17, 26).
cost(16, 18, 83).
cost(16, 19, 89).
cost(16, 20, 7).
cost(16, 21, 6).
cost(16, 22, 10).
cost(16, 23, 92).
cost(16, 24, 89).
cost(16, 25, 22).
cost(16, 26, 22).
cost(16, 27, 85).
cost(16, 28, 100).
cost(16, 29, 24).
cost(16, 30, 26).
cost(16, 31, 75).
cost(16, 32, 76).
cost(17, 1, 55).
cost(17, 2, 89).
cost(17, 3, 36).
cost(17, 4, 17).
cost(17, 5, 82).
cost(17, 6, 38).
cost(17, 7, 37).
cost(17, 8, 52).
cost(17, 9, 16).
cost(17, 10, 32).
cost(17, 11, 61).
cost(17, 12, 66).
cost(17, 13, 67).
cost(17, 14, 57).
cost(17, 15, 36).
cost(17, 16, 26).
cost(17, 18, 78).
cost(17, 19, 68).
cost(17, 20, 21).
cost(17, 21, 20).
cost(17, 22, 24).
cost(17, 23, 77).
cost(17, 24, 66).
cost(17, 25, 13).
cost(17, 26, 9).
cost(17, 27, 62).
cost(17, 28, 82).
cost(17, 29, 40).
cost(17, 30, 11).
cost(17, 31, 58).
cost(17, 32, 54).
cost(18, 1, 37).
cost(18, 2, 43).
cost(18, 3, 76).
cost(18, 4, 65).
cost(18, 5, 29).
cost(18, 6, 76).
cost(18, 7, 59).
cost(18, 8, 62).
cost(18, 9, 88).
cost(18, 10, 66).
cost(18, 11, 74).
cost(18, 12, 22).
cost(18, 13, 34).
cost(18, 14, 32).
cost(18, 15, 65).
cost(18, 16, 83).
cost(18, 17, 78).
cost(18, 19, 60).
cost(18, 20, 77).
cost(18, 21, 78).
cost(18, 22, 91).
cost(18, 23, 38).
cost(18, 24, 74).
cost(18, 25, 67).
cost(18, 26, 71).
cost(18, 27, 70).
cost(18, 28, 49).
cost(18, 29, 66).
cost(18, 30, 89).
cost(18, 31, 41).
cost(18, 32, 58).
cost(19, 1, 27).
cost(19, 2, 33).
cost(19, 3, 92).
cost(19, 4, 68).
cost(19, 5, 38).
cost(19, 6, 93).
cost(19, 7, 80).
cost(19, 8, 16).
cost(19, 9, 84).
cost(19, 10, 82).
cost(19, 11, 18).
cost(19, 12, 39).
cost(19, 13, 26).
cost(19, 14, 32).
cost(19, 15, 84).
cost(19, 16, 89).
cost(19, 17, 68).
cost(19, 18, 60).
cost(19, 20, 83).
cost(19, 21, 83).
cost(19, 22, 91).
cost(19, 23, 26).
cost(19, 24, 15).
cost(19, 25, 67).
cost(19, 26, 67).
cost(19, 27, 14).
cost(19, 28, 21).
cost(19, 29, 87).
cost(19, 30, 77).
cost(19, 31, 21).
cost(19, 32, 14).
cost(20, 1, 64).
cost(20, 2, 98).
cost(20, 3, 16).
cost(20, 4, 15).
cost(20, 5, 89).
cost(20, 6, 17).
cost(20, 7, 22).
cost(20, 8, 68).
cost(20, 9, 14).
cost(20, 10, 15).
cost(20, 11, 79).
cost(20, 12, 71).
cost(20, 13, 76).
cost(20, 14, 64).
cost(20, 15, 19).
cost(20, 16, 7).
cost(20, 17, 21).
cost(20, 18, 77).
cost(20, 19, 83).
cost(20, 21, 1).
cost(20, 22, 14).
cost(20, 23, 86).
cost(20, 24, 83).
cost(20, 25, 16).
cost(20, 26, 16).
cost(20, 27, 79).
cost(20, 28, 93).
cost(20, 29, 22).
cost(20, 30, 24).
cost(20, 31, 68).
cost(20, 32, 69).
cost(21, 1, 65).
cost(21, 2, 99).
cost(21, 3, 16).
cost(21, 4, 16).
cost(21, 5, 89).
cost(21, 6, 18).
cost(21, 7, 24).
cost(21, 8, 68).
cost(21, 9, 12).
cost(21, 10, 17).
cost(21, 11, 79).
cost(21, 12, 72).
cost(21, 13, 76).
cost(21, 14, 64).
cost(21, 15, 20).
cost(21, 16, 6).
cost(21, 17, 20).
cost(21, 18, 78).
cost(21, 19, 83).
cost(21, 20, 1).
cost(21, 22, 13).
cost(21, 23, 86).
cost(21, 24, 83).
cost(21, 25, 16).
cost(21, 26, 16).
cost(21, 27, 79).
cost(21, 28, 94).
cost(21, 29, 23).
cost(21, 30, 23).
cost(21, 31, 69).
cost(21, 32, 69).
cost(22, 1, 75).
cost(22, 2, 110).
cost(22, 3, 24).
cost(22, 4, 27).
cost(22, 5, 101).
cost(22, 6, 26).
cost(22, 7, 36).
cost(22, 8, 76).
cost(22, 9, 8).
cost(22, 10, 29).
cost(22, 11, 85).
cost(22, 12, 84).
cost(22, 13, 87).
cost(22, 14, 76).
cost(22, 15, 32).
cost(22, 16, 10).
cost(22, 17, 24).
cost(22, 18, 91).
cost(22, 19, 91).
cost(22, 20, 14).
cost(22, 21, 13).
cost(22, 23, 97).
cost(22, 24, 90).
cost(22, 25, 26).
cost(22, 26, 24).
cost(22, 27, 86).
cost(22, 28, 104).
cost(22, 29, 34).
cost(22, 30, 20).
cost(22, 31, 79).
cost(22, 32, 77).
cost(23, 1, 22).
cost(23, 2, 13).
cost(23, 3, 91).
cost(23, 4, 70).
cost(23, 5, 12).
cost(23, 6, 91).
cost(23, 7, 76).
cost(23, 8, 35).
cost(23, 9, 91).
cost(23, 10, 80).
cost(23, 11, 43).
cost(23, 12, 20).
cost(23, 13, 10).
cost(23, 14, 22).
cost(23, 15, 81).
cost(23, 16, 92).
cost(23, 17, 77).
cost(23, 18, 38).
cost(23, 19, 26).
cost(23, 20, 86).
cost(23, 21, 86).
cost(23, 22, 97).
cost(23, 24, 41).
cost(23, 25, 71).
cost(23, 26, 73).
cost(23, 27, 39).
cost(23, 28, 11).
cost(23, 29, 83).
cost(23, 30, 87).
cost(23, 31, 19).
cost(23, 32, 31).
cost(24, 1, 38).
cost(24, 2, 48).
cost(24, 3, 95).
cost(24, 4, 69).
cost(24, 5, 53).
cost(24, 6, 96).
cost(24, 7, 84).
cost(24, 8, 16).
cost(24, 9, 82).
cost(24, 10, 85).
cost(24, 11, 5).
cost(24, 12, 52).
cost(24, 13, 41).
cost(24, 14, 44).
cost(24, 15, 88).
cost(24, 16, 89).
cost(24, 17, 66).
cost(24, 18, 74).
cost(24, 19, 15).
cost(24, 20, 83).
cost(24, 21, 83).
cost(24, 22, 90).
cost(24, 23, 41).
cost(24, 25, 68).
cost(24, 26, 67).
cost(24, 27, 4).
cost(24, 28, 36).
cost(24, 29, 91).
cost(24, 30, 73).
cost(24, 31, 33).
cost(24, 32, 18).
cost(25, 1, 49).
cost(25, 2, 84).
cost(25, 3, 28).
cost(25, 4, 4).
cost(25, 5, 75).
cost(25, 6, 29).
cost(25, 7, 24).
cost(25, 8, 52).
cost(25, 9, 21).
cost(25, 10, 21).
cost(25, 11, 63).
cost(25, 12, 58).
cost(25, 13, 61).
cost(25, 14, 50).
cost(25, 15, 25).
cost(25, 16, 22).
cost(25, 17, 13).
cost(25, 18, 67).
cost(25, 19, 67).
cost(25, 20, 16).
cost(25, 21, 16).
cost(25, 22, 26).
cost(25, 23, 71).
cost(25, 24, 68).
cost(25, 26, 4).
cost(25, 27, 64).
cost(25, 28, 78).
cost(25, 29, 28).
cost(25, 30, 23).
cost(25, 31, 53).
cost(25, 32, 53).
cost(26, 1, 51).
cost(26, 2, 86).
cost(26, 3, 30).
cost(26, 4, 8).
cost(26, 5, 77).
cost(26, 6, 31).
cost(26, 7, 28).
cost(26, 8, 52).
cost(26, 9, 18).
cost(26, 10, 24).
cost(26, 11, 63).
cost(26, 12, 61).
cost(26, 13, 63).
cost(26, 14, 52).
cost(26, 15, 28).
cost(26, 16, 22).
cost(26, 17, 9).
cost(26, 18, 71).
cost(26, 19, 67).
cost(26, 20, 16).
cost(26, 21, 16).
cost(26, 22, 24).
cost(26, 23, 73).
cost(26, 24, 67).
cost(26, 25, 4).
cost(26, 27, 63).
cost(26, 28, 80).
cost(26, 29, 31).
cost(26, 30, 19).
cost(26, 31, 55).
cost(26, 32, 54).
cost(27, 1, 35).
cost(27, 2, 47).
cost(27, 3, 90).
cost(27, 4, 65).
cost(27, 5, 51).
cost(27, 6, 91).
cost(27, 7, 80).
cost(27, 8, 12).
cost(27, 9, 78).
cost(27, 10, 81).
cost(27, 11, 4).
cost(27, 12, 49).
cost(27, 13, 38).
cost(27, 14, 40).
cost(27, 15, 84).
cost(27, 16, 85).
cost(27, 17, 62).
cost(27, 18, 70).
cost(27, 19, 14).
cost(27, 20, 79).
cost(27, 21, 79).
cost(27, 22, 86).
cost(27, 23, 39).
cost(27, 24, 4).
cost(27, 25, 64).
cost(27, 26, 63).
cost(27, 28, 35).
cost(27, 29, 87).
cost(27, 30, 70).
cost(27, 31, 30).
cost(27, 32, 14).
cost(28, 1, 30).
cost(28, 2, 12).
cost(28, 3, 100).
cost(28, 4, 78).
cost(28, 5, 21).
cost(28, 6, 100).
cost(28, 7, 85).
cost(28, 8, 35).
cost(28, 9, 97).
cost(28, 10, 89).
cost(28, 11, 39).
cost(28, 12, 32).
cost(28, 13, 20).
cost(28, 14, 31).
cost(28, 15, 90).
cost(28, 16, 100).
cost(28, 17, 82).
cost(28, 18, 49).
cost(28, 19, 21).
cost(28, 20, 93).
cost(28, 21, 94).
cost(28, 22, 104).
cost(28, 23, 11).
cost(28, 24, 36).
cost(28, 25, 78).
cost(28, 26, 80).
cost(28, 27, 35).
cost(28, 29, 93).
cost(28, 30, 92).
cost(28, 31, 25).
cost(28, 32, 31).
cost(29, 1, 63).
cost(29, 2, 95).
cost(29, 3, 11).
cost(29, 4, 25).
cost(29, 5, 83).
cost(29, 6, 10).
cost(29, 7, 8).
cost(29, 8, 75).
cost(29, 9, 35).
cost(29, 10, 8).
cost(29, 11, 87).
cost(29, 12, 65).
cost(29, 13, 73).
cost(29, 14, 61).
cost(29, 15, 4).
cost(29, 16, 24).
cost(29, 17, 40).
cost(29, 18, 66).
cost(29, 19, 87).
cost(29, 20, 22).
cost(29, 21, 23).
cost(29, 22, 34).
cost(29, 23, 83).
cost(29, 24, 91).
cost(29, 25, 28).
cost(29, 26, 31).
cost(29, 27, 87).
cost(29, 28, 93).
cost(29, 30, 45).
cost(29, 31, 69).
cost(29, 32, 75).
cost(30, 1, 66).
cost(30, 2, 100).
cost(30, 3, 39).
cost(30, 4, 26).
cost(30, 5, 93).
cost(30, 6, 41).
cost(30, 7, 44).
cost(30, 8, 61).
cost(30, 9, 13).
cost(30, 10, 38).
cost(30, 11, 68).
cost(30, 12, 77).
cost(30, 13, 78).
cost(30, 14, 68).
cost(30, 15, 42).
cost(30, 16, 26).
cost(30, 17, 11).
cost(30, 18, 89).
cost(30, 19, 77).
cost(30, 20, 24).
cost(30, 21, 23).
cost(30, 22, 20).
cost(30, 23, 87).
cost(30, 24, 73).
cost(30, 25, 23).
cost(30, 26, 19).
cost(30, 27, 70).
cost(30, 28, 92).
cost(30, 29, 45).
cost(30, 31, 69).
cost(30, 32, 63).
cost(31, 1, 6).
cost(31, 2, 31).
cost(31, 3, 75).
cost(31, 4, 53).
cost(31, 5, 27).
cost(31, 6, 76).
cost(31, 7, 61).
cost(31, 8, 21).
cost(31, 9, 73).
cost(31, 10, 64).
cost(31, 11, 33).
cost(31, 12, 19).
cost(31, 13, 11).
cost(31, 14, 10).
cost(31, 15, 66).
cost(31, 16, 75).
cost(31, 17, 58).
cost(31, 18, 41).
cost(31, 19, 21).
cost(31, 20, 68).
cost(31, 21, 69).
cost(31, 22, 79).
cost(31, 23, 19).
cost(31, 24, 33).
cost(31, 25, 53).
cost(31, 26, 55).
cost(31, 27, 30).
cost(31, 28, 25).
cost(31, 29, 69).
cost(31, 30, 69).
cost(31, 32, 17).
cost(32, 1, 22).
cost(32, 2, 42).
cost(32, 3, 79).
cost(32, 4, 54).
cost(32, 5, 42).
cost(32, 6, 80).
cost(32, 7, 68).
cost(32, 8, 4).
cost(32, 9, 70).
cost(32, 10, 69).
cost(32, 11, 16).
cost(32, 12, 37).
cost(32, 13, 27).
cost(32, 14, 27).
cost(32, 15, 72).
cost(32, 16, 76).
cost(32, 17, 54).
cost(32, 18, 58).
cost(32, 19, 14).
cost(32, 20, 69).
cost(32, 21, 69).
cost(32, 22, 77).
cost(32, 23, 31).
cost(32, 24, 18).
cost(32, 25, 53).
cost(32, 26, 54).
cost(32, 27, 14).
cost(32, 28, 31).
cost(32, 29, 75).
cost(32, 30, 63).
cost(32, 31, 17).
