dimension(28).
point(1, 38.8489675185, 63.280005572).
point(2, 68.1368957361, 25.846469306).
point(3, 20.1884969603, 78.8246421353).
point(4, 89.8328848858, 39.8780557709).
point(5, 11.5458293774, 22.1533751104).
point(6, 95.7605587628, 23.9662742269).
point(7, 60.0886185767, 87.6290266785).
point(8, 23.6272328164, 24.2720098899).
point(9, 22.2363513821, 96.7447763577).
point(10, 18.9485354088, 21.8372329483).
point(11, 23.9913472984, 8.0027118485).
point(12, 27.3127485756, 7.3716976745).
point(13, 97.6331127676, 60.7286459516).
point(14, 59.3461244316, 29.15494125).
point(15, 77.6830854838, 53.553735382).
point(16, 24.2095093969, 73.6934792768).
point(17, 56.794017478, 47.2852107977).
point(18, 70.065792094, 34.3546842441).
point(19, 47.6795613089, 97.3818415501).
point(20, 81.052417831, 61.5025171192).
point(21, 4.410753062, 5.7509466168).
point(22, 50.4872432354, 78.8828419691).
point(23, 8.216227615, 6.9690683156).
point(24, 22.9503834, 71.8943959809).
point(25, 38.3029586922, 86.5202964747).
point(26, 29.0001966447, 57.6818647611).
point(27, 7.1385605822, 30.8434386524).
point(28, 59.8009568551, 18.5667164851).
cost(1, 2, 48).
cost(1, 3, 24).
cost(1, 4, 56).
cost(1, 5, 49).
cost(1, 6, 69).
cost(1, 7, 32).
cost(1, 8, 42).
cost(1, 9, 37).
cost(1, 10, 46).
cost(1, 11, 57).
cost(1, 12, 57).
cost(1, 13, 59).
cost(1, 14, 40).
cost(1, 15, 40).
cost(1, 16, 18).
cost(1, 17, 24).
cost(1, 18, 43).
cost(1, 19, 35).
cost(1, 20, 42).
cost(1, 21, 67).
cost(1, 22, 19).
cost(1, 23, 64).
cost(1, 24, 18).
cost(1, 25, 23).
cost(1, 26, 11).
cost(1, 27, 45).
cost(1, 28, 49).
cost(2, 1, 48).
cost(2, 3, 71).
cost(2, 4, 26).
cost(2, 5, 57).
cost(2, 6, 28).
cost(2, 7, 62).
cost(2, 8, 45).
cost(2, 9, 84).
cost(2, 10, 49).
cost(2, 11, 48).
cost(2, 12, 45).
cost(2, 13, 46).
cost(2, 14, 9).
cost(2, 15, 29).
cost(2, 16, 65).
cost(2, 17, 24).
cost(2, 18, 9).
cost(2, 19, 74).
cost(2, 20, 38).
cost(2, 21, 67).
cost(2, 22, 56).
cost(2, 23, 63).
cost(2, 24, 65).
cost(2, 25, 68).
cost(2, 26, 50).
cost(2, 27, 61).
cost(2, 28, 11).
cost(3, 1, 24).
cost(3, 2, 71).
cost(3, 4, 80).
cost(3, 5, 57).
cost(3, 6, 93).
cost(3, 7, 41).
cost(3, 8, 55).
cost(3, 9, 18).
cost(3, 10, 57).
cost(3, 11, 71).
cost(3, 12, 72).
cost(3, 13, 80).
cost(3, 14, 63).
cost(3, 15, 63).
cost(3, 16, 7).
cost(3, 17, 48).
cost(3, 18, 67).
cost(3, 19, 33).
cost(3, 20, 63).
cost(3, 21, 75).
cost(3, 22, 30).
cost(3, 23, 73).
cost(3, 24, 7).
cost(3, 25, 20).
cost(3, 26, 23).
cost(3, 27, 50).
cost(3, 28, 72).
cost(4, 1, 56).
cost(4, 2, 26).
cost(4, 3, 80).
cost(4, 5, 80).
cost(4, 6, 17).
cost(4, 7, 56).
cost(4, 8, 68).
cost(4, 9, 88).
cost(4, 10, 73).
cost(4, 11, 73).
cost(4, 12, 70).
cost(4, 13, 22).
cost(4, 14, 32).
cost(4, 15, 18).
cost(4, 16, 74).
cost(4, 17, 34).
cost(4, 18, 21).
cost(4, 19, 71).
cost(4, 20, 23).
cost(4, 21, 92).
cost(4, 22, 55).
cost(4, 23, 88).
cost(4, 24, 74).
cost(4, 25, 70).
cost(4, 26, 63).
cost(4, 27, 83).
cost(4, 28, 37).
cost(5, 1, 49).
cost(5, 2, 57).
cost(5, 3, 57).
cost(5, 4, 80).
cost(5, 6, 84).
cost(5, 7, 82).
cost(5, 8, 12).
cost(5, 9, 75).
cost(5, 10, 7).
cost(5, 11, 19).
cost(5, 12, 22).
cost(5, 13, 94).
cost(5, 14, 48).
cost(5, 15, 73).
cost(5, 16, 53).
cost(5, 17, 52).
cost(5, 18, 60).
cost(5, 19, 83).
cost(5, 20, 80).
cost(5, 21, 18).
cost(5, 22, 69).
cost(5, 23, 16).
cost(5, 24, 51).
cost(5, 25, 70).
cost(5, 26, 40).
cost(5, 27, 10).
cost(5, 28, 48).
cost(6, 1, 69).
cost(6, 2, 28).
cost(6, 3, 93).
cost(6, 4, 17).
cost(6, 5, 84).
cost(6, 7, 73).
cost(6, 8, 72).
cost(6, 9, 103).
cost(6, 10, 77).
cost(6, 11, 74).
cost(6, 12, 70).
cost(6, 13, 37).
cost(6, 14, 37).
cost(6, 15, 35).
cost(6, 16, 87).
cost(6, 17, 45).
cost(6, 18, 28).
cost(6, 19, 88).
cost(6, 20, 40).
cost(6, 21, 93).
cost(6, 22, 71).
cost(6, 23, 89).
cost(6, 24, 87).
cost(6, 25, 85).
cost(6, 26, 75).
cost(6, 27, 89).
cost(6, 28, 36).
cost(7, 1, 32).
cost(7, 2, 62).
cost(7, 3, 41).
cost(7, 4, 56).
cost(7, 5, 82).
cost(7, 6, 73).
cost(7, 8, 73).
cost(7, 9, 39).
cost(7, 10, 78).
cost(7, 11, 87).
cost(7, 12, 87).
cost(7, 13, 46).
cost(7, 14, 58).
cost(7, 15, 38).
cost(7, 16, 38).
cost(7, 17, 40).
cost(7, 18, 54).
cost(7, 19, 16).
cost(7, 20, 33).
cost(7, 21, 99).
cost(7, 22, 13).
cost(7, 23, 96).
cost(7, 24, 40).
cost(7, 25, 22).
cost(7, 26, 43).
cost(7, 27, 78).
cost(7, 28, 69).
cost(8, 1, 42).
cost(8, 2, 45).
cost(8, 3, 55).
cost(8, 4, 68).
cost(8, 5, 12).
cost(8, 6, 72).
cost(8, 7, 73).
cost(8, 9, 72).
cost(8, 10, 5).
cost(8, 11, 16).
cost(8, 12, 17).
cost(8, 13, 82).
cost(8, 14, 36).
cost(8, 15, 61).
cost(8, 16, 49).
cost(8, 17, 40).
cost(8, 18, 48).
cost(8, 19, 77).
cost(8, 20, 68).
cost(8, 21, 27).
cost(8, 22, 61).
cost(8, 23, 23).
cost(8, 24, 48).
cost(8, 25, 64).
cost(8, 26, 34).
cost(8, 27, 18).
cost(8, 28, 37).
cost(9, 1, 37).
cost(9, 2, 84).
cost(9, 3, 18).
cost(9, 4, 88).
cost(9, 5, 75).
cost(9, 6, 103).
cost(9, 7, 39).
cost(9, 8, 72).
cost(9, 10, 75).
cost(9, 11, 89).
cost(9, 12, 90).
cost(9, 13, 84).
cost(9, 14, 77).
cost(9, 15, 70).
cost(9, 16, 23).
cost(9, 17, 60).
cost(9, 18, 79).
cost(9, 19, 25).
cost(9, 20, 69).
cost(9, 21, 93).
cost(9, 22, 33).
cost(9, 23, 91).
cost(9, 24, 25).
cost(9, 25, 19).
cost(9, 26, 40).
cost(9, 27, 68).
cost(9, 28, 87).
cost(10, 1, 46).
cost(10, 2, 49).
cost(10, 3, 57).
cost(10, 4, 73).
cost(10, 5, 7).
cost(10, 6, 77).
cost(10, 7, 78).
cost(10, 8, 5).
cost(10, 9, 75).
cost(10, 11, 15).
cost(10, 12, 17).
cost(10, 13, 88).
cost(10, 14, 41).
cost(10, 15, 67).
cost(10, 16, 52).
cost(10, 17, 46).
cost(10, 18, 53).
cost(10, 19, 81).
cost(10, 20, 74).
cost(10, 21, 22).
cost(10, 22, 65).
cost(10, 23, 18).
cost(10, 24, 50).
cost(10, 25, 68).
cost(10, 26, 37).
cost(10, 27, 15).
cost(10, 28, 41).
cost(11, 1, 57).
cost(11, 2, 48).
cost(11, 3, 71).
cost(11, 4, 73).
cost(11, 5, 19).
cost(11, 6, 74).
cost(11, 7, 87).
cost(11, 8, 16).
cost(11, 9, 89).
cost(11, 10, 15).
cost(11, 12, 3).
cost(11, 13, 91).
cost(11, 14, 41).
cost(11, 15, 70).
cost(11, 16, 66).
cost(11, 17, 51).
cost(11, 18, 53).
cost(11, 19, 92).
cost(11, 20, 78).
cost(11, 21, 20).
cost(11, 22, 76).
cost(11, 23, 16).
cost(11, 24, 64).
cost(11, 25, 80).
cost(11, 26, 50).
cost(11, 27, 28).
cost(11, 28, 37).
cost(12, 1, 57).
cost(12, 2, 45).
cost(12, 3, 72).
cost(12, 4, 70).
cost(12, 5, 22).
cost(12, 6, 70).
cost(12, 7, 87).
cost(12, 8, 17).
cost(12, 9, 90).
cost(12, 10, 17).
cost(12, 11, 3).
cost(12, 13, 88).
cost(12, 14, 39).
cost(12, 15, 68).
cost(12, 16, 66).
cost(12, 17, 50).
cost(12, 18, 51).
cost(12, 19, 92).
cost(12, 20, 76).
cost(12, 21, 23).
cost(12, 22, 75).
cost(12, 23, 19).
cost(12, 24, 65).
cost(12, 25, 80).
cost(12, 26, 50).
cost(12, 27, 31).
cost(12, 28, 34).
cost(13, 1, 59).
cost(13, 2, 46).
cost(13, 3, 80).
cost(13, 4, 22).
cost(13, 5, 94).
cost(13, 6, 37).
cost(13, 7, 46).
cost(13, 8, 82).
cost(13, 9, 84).
cost(13, 10, 88).
cost(13, 11, 91).
cost(13, 12, 88).
cost(13, 14, 50).
cost(13, 15, 21).
cost(13, 16, 75).
cost(13, 17, 43).
cost(13, 18, 38).
cost(13, 19, 62).
cost(13, 20, 17).
cost(13, 21, 108).
cost(13, 22, 51).
cost(13, 23, 104).
cost(13, 24, 76).
cost(13, 25, 65).
cost(13, 26, 69).
cost(13, 27, 95).
cost(13, 28, 57).
cost(14, 1, 40).
cost(14, 2, 9).
cost(14, 3, 63).
cost(14, 4, 32).
cost(14, 5, 48).
cost(14, 6, 37).
cost(14, 7, 58).
cost(14, 8, 36).
cost(14, 9, 77).
cost(14, 10, 41).
cost(14, 11, 41).
cost(14, 12, 39).
cost(14, 13, 50).
cost(14, 15, 31).
cost(14, 16, 57).
cost(14, 17, 18).
cost(14, 18, 12).
cost(14, 19, 69).
cost(14, 20, 39).
cost(14, 21, 60).
cost(14, 22, 51).
cost(14, 23, 56).
cost(14, 24, 56).
cost(14, 25, 61).
cost(14, 26, 42).
cost(14, 27, 52).
cost(14, 28, 11).
cost(15, 1, 40).
cost(15, 2, 29).
cost(15, 3, 63).
cost(15, 4, 18).
cost(15, 5, 73).
cost(15, 6, 35).
cost(15, 7, 38).
cost(15, 8, 61).
cost(15, 9, 70).
cost(15, 10, 67).
cost(15, 11, 70).
cost(15, 12, 68).
cost(15, 13, 21).
cost(15, 14, 31).
cost(15, 16, 57).
cost(15, 17, 22).
cost(15, 18, 21).
cost(15, 19, 53).
cost(15, 20, 9).
cost(15, 21, 87).
cost(15, 22, 37).
cost(15, 23, 84).
cost(15, 24, 58).
cost(15, 25, 51).
cost(15, 26, 49).
cost(15, 27, 74).
cost(15, 28, 39).
cost(16, 1, 18).
cost(16, 2, 65).
cost(16, 3, 7).
cost(16, 4, 74).
cost(16, 5, 53).
cost(16, 6, 87).
cost(16, 7, 38).
cost(16, 8, 49).
cost(16, 9, 23).
cost(16, 10, 52).
cost(16, 11, 66).
cost(16, 12, 66).
cost(16, 13, 75).
cost(16, 14, 57).
cost(16, 15, 57).
cost(16, 17, 42).
cost(16, 18, 60).
cost(16, 19, 33).
cost(16, 20, 58).
cost(16, 21, 71).
cost(16, 22, 27).
cost(16, 23, 69).
cost(16, 24, 2).
cost(16, 25, 19).
cost(16, 26, 17).
cost(16, 27, 46).
cost(16, 28, 66).
cost(17, 1, 24).
cost(17, 2, 24).
cost(17, 3, 48).
cost(17, 4, 34).
cost(17, 5, 52).
cost(17, 6, 45).
cost(17, 7, 40).
cost(17, 8, 40).
cost(17, 9, 60).
cost(17, 10, 46).
cost(17, 11, 51).
cost(17, 12, 50).
cost(17, 13, 43).
cost(17, 14, 18).
cost(17, 15, 22).
cost(17, 16, 42).
cost(17, 18, 19).
cost(17, 19, 51).
cost(17, 20, 28).
cost(17, 21, 67).
cost(17, 22, 32).
cost(17, 23, 63).
cost(17, 24, 42).
cost(17, 25, 43).
cost(17, 26, 30).
cost(17, 27, 52).
cost(17, 28, 29).
cost(18, 1, 43).
cost(18, 2, 9).
cost(18, 3, 67).
cost(18, 4, 21).
cost(18, 5, 60).
cost(18, 6, 28).
cost(18, 7, 54).
cost(18, 8, 48).
cost(18, 9, 79).
cost(18, 10, 53).
cost(18, 11, 53).
cost(18, 12, 51).
cost(18, 13, 38).
cost(18, 14, 12).
cost(18, 15, 21).
cost(18, 16, 60).
cost(18, 17, 19).
cost(18, 19, 67).
cost(18, 20, 29).
cost(18, 21, 72).
cost(18, 22, 49).
cost(18, 23, 68).
cost(18, 24, 60).
cost(18, 25, 61).
cost(18, 26, 47).
cost(18, 27, 63).
cost(18, 28, 19).
cost(19, 1, 35).
cost(19, 2, 74).
cost(19, 3, 33).
cost(19, 4, 71).
cost(19, 5, 83).
cost(19, 6, 88).
cost(19, 7, 16).
cost(19, 8, 77).
cost(19, 9, 25).
cost(19, 10, 81).
cost(19, 11, 92).
cost(19, 12, 92).
cost(19, 13, 62).
cost(19, 14, 69).
cost(19, 15, 53).
cost(19, 16, 33).
cost(19, 17, 51).
cost(19, 18, 67).
cost(19, 20, 49).
cost(19, 21, 101).
cost(19, 22, 19).
cost(19, 23, 99).
cost(19, 24, 36).
cost(19, 25, 14).
cost(19, 26, 44).
cost(19, 27, 78).
cost(19, 28, 80).
cost(20, 1, 42).
cost(20, 2, 38).
cost(20, 3, 63).
cost(20, 4, 23).
cost(20, 5, 80).
cost(20, 6, 40).
cost(20, 7, 33).
cost(20, 8, 68).
cost(20, 9, 69).
cost(20, 10, 74).
cost(20, 11, 78).
cost(20, 12, 76).
cost(20, 13, 17).
cost(20, 14, 39).
cost(20, 15, 9).
cost(20, 16, 58).
cost(20, 17, 28).
cost(20, 18, 29).
cost(20, 19, 49).
cost(20, 21, 95).
cost(20, 22, 35).
cost(20, 23, 91).
cost(20, 24, 59).
cost(20, 25, 50).
cost(20, 26, 52).
cost(20, 27, 80).
cost(20, 28, 48).
cost(21, 1, 67).
cost(21, 2, 67).
cost(21, 3, 75).
cost(21, 4, 92).
cost(21, 5, 18).
cost(21, 6, 93).
cost(21, 7, 99).
cost(21, 8, 27).
cost(21, 9, 93).
cost(21, 10, 22).
cost(21, 11, 20).
cost(21, 12, 23).
cost(21, 13, 108).
cost(21, 14, 60).
cost(21, 15, 87).
cost(21, 16, 71).
cost(21, 17, 67).
cost(21, 18, 72).
cost(21, 19, 101).
cost(21, 20, 95).
cost(21, 22, 86).
cost(21, 23, 4).
cost(21, 24, 69).
cost(21, 25, 88).
cost(21, 26, 57).
cost(21, 27, 25).
cost(21, 28, 57).
cost(22, 1, 19).
cost(22, 2, 56).
cost(22, 3, 30).
cost(22, 4, 55).
cost(22, 5, 69).
cost(22, 6, 71).
cost(22, 7, 13).
cost(22, 8, 61).
cost(22, 9, 33).
cost(22, 10, 65).
cost(22, 11, 76).
cost(22, 12, 75).
cost(22, 13, 51).
cost(22, 14, 51).
cost(22, 15, 37).
cost(22, 16, 27).
cost(22, 17, 32).
cost(22, 18, 49).
cost(22, 19, 19).
cost(22, 20, 35).
cost(22, 21, 86).
cost(22, 23, 83).
cost(22, 24, 28).
cost(22, 25, 14).
cost(22, 26, 30).
cost(22, 27, 65).
cost(22, 28, 61).
cost(23, 1, 64).
cost(23, 2, 63).
cost(23, 3, 73).
cost(23, 4, 88).
cost(23, 5, 16).
cost(23, 6, 89).
cost(23, 7, 96).
cost(23, 8, 23).
cost(23, 9, 91).
cost(23, 10, 18).
cost(23, 11, 16).
cost(23, 12, 19).
cost(23, 13, 104).
cost(23, 14, 56).
cost(23, 15, 84).
cost(23, 16, 69).
cost(23, 17, 63).
cost(23, 18, 68).
cost(23, 19, 99).
cost(23, 20, 91).
cost(23, 21, 4).
cost(23, 22, 83).
cost(23, 24, 67).
cost(23, 25, 85).
cost(23, 26, 55).
cost(23, 27, 24).
cost(23, 28, 53).
cost(24, 1, 18).
cost(24, 2, 65).
cost(24, 3, 7).
cost(24, 4, 74).
cost(24, 5, 51).
cost(24, 6, 87).
cost(24, 7, 40).
cost(24, 8, 48).
cost(24, 9, 25).
cost(24, 10, 50).
cost(24, 11, 64).
cost(24, 12, 65).
cost(24, 13, 76).
cost(24, 14, 56).
cost(24, 15, 58).
cost(24, 16, 2).
cost(24, 17, 42).
cost(24, 18, 60).
cost(24, 19, 36).
cost(24, 20, 59).
cost(24, 21, 69).
cost(24, 22, 28).
cost(24, 23, 67).
cost(24, 25, 21).
cost(24, 26, 15).
cost(24, 27, 44).
cost(24, 28, 65).
cost(25, 1, 23).
cost(25, 2, 68).
cost(25, 3, 20).
cost(25, 4, 70).
cost(25, 5, 70).
cost(25, 6, 85).
cost(25, 7, 22).
cost(25, 8, 64).
cost(25, 9, 19).
cost(25, 10, 68).
cost(25, 11, 80).
cost(25, 12, 80).
cost(25, 13, 65).
cost(25, 14, 61).
cost(25, 15, 51).
cost(25, 16, 19).
cost(25, 17, 43).
cost(25, 18, 61).
cost(25, 19, 14).
cost(25, 20, 50).
cost(25, 21, 88).
cost(25, 22, 14).
cost(25, 23, 85).
cost(25, 24, 21).
cost(25, 26, 30).
cost(25, 27, 64).
cost(25, 28, 71).
cost(26, 1, 11).
cost(26, 2, 50).
cost(26, 3, 23).
cost(26, 4, 63).
cost(26, 5, 40).
cost(26, 6, 75).
cost(26, 7, 43).
cost(26, 8, 34).
cost(26, 9, 40).
cost(26, 10, 37).
cost(26, 11, 50).
cost(26, 12, 50).
cost(26, 13, 69).
cost(26, 14, 42).
cost(26, 15, 49).
cost(26, 16, 17).
cost(26, 17, 30).
cost(26, 18, 47).
cost(26, 19, 44).
cost(26, 20, 52).
cost(26, 21, 57).
cost(26, 22, 30).
cost(26, 23, 55).
cost(26, 24, 15).
cost(26, 25, 30).
cost(26, 27, 35).
cost(26, 28, 50).
cost(27, 1, 45).
cost(27, 2, 61).
cost(27, 3, 50).
cost(27, 4, 83).
cost(27, 5, 10).
cost(27, 6, 89).
cost(27, 7, 78).
cost(27, 8, 18).
cost(27, 9, 68).
cost(27, 10, 15).
cost(27, 11, 28).
cost(27, 12, 31).
cost(27, 13, 95).
cost(27, 14, 52).
cost(27, 15, 74).
cost(27, 16, 46).
cost(27, 17, 52).
cost(27, 18, 63).
cost(27, 19, 78).
cost(27, 20, 80).
cost(27, 21, 25).
cost(27, 22, 65).
cost(27, 23, 24).
cost(27, 24, 44).
cost(27, 25, 64).
cost(27, 26, 35).
cost(27, 28, 54).
cost(28, 1, 49).
cost(28, 2, 11).
cost(28, 3, 72).
cost(28, 4, 37).
cost(28, 5, 48).
cost(28, 6, 36).
cost(28, 7, 69).
cost(28, 8, 37).
cost(28, 9, 87).
cost(28, 10, 41).
cost(28, 11, 37).
cost(28, 12, 34).
cost(28, 13, 57).
cost(28, 14, 11).
cost(28, 15, 39).
cost(28, 16, 66).
cost(28, 17, 29).
cost(28, 18, 19).
cost(28, 19, 80).
cost(28, 20, 48).
cost(28, 21, 57).
cost(28, 22, 61).
cost(28, 23, 53).
cost(28, 24, 65).
cost(28, 25, 71).
cost(28, 26, 50).
cost(28, 27, 54).
