dimension(28).
point(1, 39.4673457568, 65.5259492755).
point(2, 23.9548815662, 17.296895577).
point(3, 70.5144329681, 26.4279187375).
point(4, 57.6549400426, 16.2726261157).
point(5, 66.6898583136, 19.2113866755).
point(6, 86.7885401562, 13.1450800237).
point(7, 44.225125242, 83.5567824241).
point(8, 72.4041786746, 13.8954066757).
point(9, 88.2945908648, 77.4334663061).
point(10, 25.8285694673, 55.0623204119).
point(11, 59.6448973793, 69.6051009171).
point(12, 66.911711185, 94.771666758).
point(13, 82.7556021738, 64.3921663108).
point(14, 68.5859158994, 26.6611784941).
point(15, 29.8965688624, 28.5018872187).
point(16, 82.22955529, 15.6289372545).
point(17, 19.3198166974, 19.7346799787).
point(18, 9.5078191079, 18.4472503087).
point(19, 38.9580727058, 41.3087786374).
point(20, 13.0639177194, 35.9474194456).
point(21, 10.2841174741, 28.5744986624).
point(22, 55.5106852088, 33.0426196933).
point(23, 84.7845332601, 60.8656410924).
point(24, 32.9458634177, 76.8984123781).
point(25, 23.5265828293, 42.5341503563).
point(26, 66.0897313127, 69.7431434244).
point(27, 12.5313524742, 49.1261570033).
point(28, 77.3271230781, 96.7225715822).
cost(1, 2, 51).
cost(1, 3, 50).
cost(1, 4, 53).
cost(1, 5, 54).
cost(1, 6, 71).
cost(1, 7, 19).
cost(1, 8, 61).
cost(1, 9, 50).
cost(1, 10, 17).
cost(1, 11, 21).
cost(1, 12, 40).
cost(1, 13, 43).
cost(1, 14, 49).
cost(1, 15, 38).
cost(1, 16, 66).
cost(1, 17, 50).
cost(1, 18, 56).
cost(1, 19, 24).
cost(1, 20, 40).
cost(1, 21, 47).
cost(1, 22, 36).
cost(1, 23, 46).
cost(1, 24, 13).
cost(1, 25, 28).
cost(1, 26, 27).
cost(1, 27, 32).
cost(1, 28, 49).
cost(2, 1, 51).
cost(2, 3, 47).
cost(2, 4, 34).
cost(2, 5, 43).
cost(2, 6, 63).
cost(2, 7, 69).
cost(2, 8, 49).
cost(2, 9, 88).
cost(2, 10, 38).
cost(2, 11, 63).
cost(2, 12, 89).
cost(2, 13, 75).
cost(2, 14, 46).
cost(2, 15, 13).
cost(2, 16, 58).
cost(2, 17, 5).
cost(2, 18, 14).
cost(2, 19, 28).
cost(2, 20, 22).
cost(2, 21, 18).
cost(2, 22, 35).
cost(2, 23, 75).
cost(2, 24, 60).
cost(2, 25, 25).
cost(2, 26, 67).
cost(2, 27, 34).
cost(2, 28, 96).
cost(3, 1, 50).
cost(3, 2, 47).
cost(3, 4, 16).
cost(3, 5, 8).
cost(3, 6, 21).
cost(3, 7, 63).
cost(3, 8, 13).
cost(3, 9, 54).
cost(3, 10, 53).
cost(3, 11, 45).
cost(3, 12, 68).
cost(3, 13, 40).
cost(3, 14, 2).
cost(3, 15, 41).
cost(3, 16, 16).
cost(3, 17, 52).
cost(3, 18, 62).
cost(3, 19, 35).
cost(3, 20, 58).
cost(3, 21, 60).
cost(3, 22, 16).
cost(3, 23, 37).
cost(3, 24, 63).
cost(3, 25, 50).
cost(3, 26, 44).
cost(3, 27, 62).
cost(3, 28, 71).
cost(4, 1, 53).
cost(4, 2, 34).
cost(4, 3, 16).
cost(4, 5, 10).
cost(4, 6, 29).
cost(4, 7, 69).
cost(4, 8, 15).
cost(4, 9, 68).
cost(4, 10, 50).
cost(4, 11, 53).
cost(4, 12, 79).
cost(4, 13, 54).
cost(4, 14, 15).
cost(4, 15, 30).
cost(4, 16, 25).
cost(4, 17, 38).
cost(4, 18, 48).
cost(4, 19, 31).
cost(4, 20, 49).
cost(4, 21, 49).
cost(4, 22, 17).
cost(4, 23, 52).
cost(4, 24, 65).
cost(4, 25, 43).
cost(4, 26, 54).
cost(4, 27, 56).
cost(4, 28, 83).
cost(5, 1, 54).
cost(5, 2, 43).
cost(5, 3, 8).
cost(5, 4, 10).
cost(5, 6, 21).
cost(5, 7, 68).
cost(5, 8, 8).
cost(5, 9, 62).
cost(5, 10, 54).
cost(5, 11, 51).
cost(5, 12, 76).
cost(5, 13, 48).
cost(5, 14, 8).
cost(5, 15, 38).
cost(5, 16, 16).
cost(5, 17, 47).
cost(5, 18, 57).
cost(5, 19, 35).
cost(5, 20, 56).
cost(5, 21, 57).
cost(5, 22, 18).
cost(5, 23, 45).
cost(5, 24, 67).
cost(5, 25, 49).
cost(5, 26, 51).
cost(5, 27, 62).
cost(5, 28, 78).
cost(6, 1, 71).
cost(6, 2, 63).
cost(6, 3, 21).
cost(6, 4, 29).
cost(6, 5, 21).
cost(6, 7, 82).
cost(6, 8, 14).
cost(6, 9, 64).
cost(6, 10, 74).
cost(6, 11, 63).
cost(6, 12, 84).
cost(6, 13, 51).
cost(6, 14, 23).
cost(6, 15, 59).
cost(6, 16, 5).
cost(6, 17, 68).
cost(6, 18, 77).
cost(6, 19, 56).
cost(6, 20, 77).
cost(6, 21, 78).
cost(6, 22, 37).
cost(6, 23, 48).
cost(6, 24, 83).
cost(6, 25, 70).
cost(6, 26, 60).
cost(6, 27, 83).
cost(6, 28, 84).
cost(7, 1, 19).
cost(7, 2, 69).
cost(7, 3, 63).
cost(7, 4, 69).
cost(7, 5, 68).
cost(7, 6, 82).
cost(7, 8, 75).
cost(7, 9, 44).
cost(7, 10, 34).
cost(7, 11, 21).
cost(7, 12, 25).
cost(7, 13, 43).
cost(7, 14, 62).
cost(7, 15, 57).
cost(7, 16, 78).
cost(7, 17, 69).
cost(7, 18, 74).
cost(7, 19, 43).
cost(7, 20, 57).
cost(7, 21, 65).
cost(7, 22, 52).
cost(7, 23, 46).
cost(7, 24, 13).
cost(7, 25, 46).
cost(7, 26, 26).
cost(7, 27, 47).
cost(7, 28, 36).
cost(8, 1, 61).
cost(8, 2, 49).
cost(8, 3, 13).
cost(8, 4, 15).
cost(8, 5, 8).
cost(8, 6, 14).
cost(8, 7, 75).
cost(8, 9, 65).
cost(8, 10, 62).
cost(8, 11, 57).
cost(8, 12, 81).
cost(8, 13, 52).
cost(8, 14, 13).
cost(8, 15, 45).
cost(8, 16, 10).
cost(8, 17, 53).
cost(8, 18, 63).
cost(8, 19, 43).
cost(8, 20, 63).
cost(8, 21, 64).
cost(8, 22, 26).
cost(8, 23, 49).
cost(8, 24, 74).
cost(8, 25, 57).
cost(8, 26, 56).
cost(8, 27, 69).
cost(8, 28, 83).
cost(9, 1, 50).
cost(9, 2, 88).
cost(9, 3, 54).
cost(9, 4, 68).
cost(9, 5, 62).
cost(9, 6, 64).
cost(9, 7, 44).
cost(9, 8, 65).
cost(9, 10, 66).
cost(9, 11, 30).
cost(9, 12, 28).
cost(9, 13, 14).
cost(9, 14, 54).
cost(9, 15, 76).
cost(9, 16, 62).
cost(9, 17, 90).
cost(9, 18, 98).
cost(9, 19, 61).
cost(9, 20, 86).
cost(9, 21, 92).
cost(9, 22, 55).
cost(9, 23, 17).
cost(9, 24, 55).
cost(9, 25, 74).
cost(9, 26, 23).
cost(9, 27, 81).
cost(9, 28, 22).
cost(10, 1, 17).
cost(10, 2, 38).
cost(10, 3, 53).
cost(10, 4, 50).
cost(10, 5, 54).
cost(10, 6, 74).
cost(10, 7, 34).
cost(10, 8, 62).
cost(10, 9, 66).
cost(10, 11, 37).
cost(10, 12, 57).
cost(10, 13, 58).
cost(10, 14, 51).
cost(10, 15, 27).
cost(10, 16, 69).
cost(10, 17, 36).
cost(10, 18, 40).
cost(10, 19, 19).
cost(10, 20, 23).
cost(10, 21, 31).
cost(10, 22, 37).
cost(10, 23, 59).
cost(10, 24, 23).
cost(10, 25, 13).
cost(10, 26, 43).
cost(10, 27, 15).
cost(10, 28, 66).
cost(11, 1, 21).
cost(11, 2, 63).
cost(11, 3, 45).
cost(11, 4, 53).
cost(11, 5, 51).
cost(11, 6, 63).
cost(11, 7, 21).
cost(11, 8, 57).
cost(11, 9, 30).
cost(11, 10, 37).
cost(11, 12, 26).
cost(11, 13, 24).
cost(11, 14, 44).
cost(11, 15, 51).
cost(11, 16, 59).
cost(11, 17, 64).
cost(11, 18, 72).
cost(11, 19, 35).
cost(11, 20, 57).
cost(11, 21, 64).
cost(11, 22, 37).
cost(11, 23, 27).
cost(11, 24, 28).
cost(11, 25, 45).
cost(11, 26, 6).
cost(11, 27, 51).
cost(11, 28, 32).
cost(12, 1, 40).
cost(12, 2, 89).
cost(12, 3, 68).
cost(12, 4, 79).
cost(12, 5, 76).
cost(12, 6, 84).
cost(12, 7, 25).
cost(12, 8, 81).
cost(12, 9, 28).
cost(12, 10, 57).
cost(12, 11, 26).
cost(12, 13, 34).
cost(12, 14, 68).
cost(12, 15, 76).
cost(12, 16, 81).
cost(12, 17, 89).
cost(12, 18, 96).
cost(12, 19, 60).
cost(12, 20, 80).
cost(12, 21, 87).
cost(12, 22, 63).
cost(12, 23, 38).
cost(12, 24, 38).
cost(12, 25, 68).
cost(12, 26, 25).
cost(12, 27, 71).
cost(12, 28, 11).
cost(13, 1, 43).
cost(13, 2, 75).
cost(13, 3, 40).
cost(13, 4, 54).
cost(13, 5, 48).
cost(13, 6, 51).
cost(13, 7, 43).
cost(13, 8, 52).
cost(13, 9, 14).
cost(13, 10, 58).
cost(13, 11, 24).
cost(13, 12, 34).
cost(13, 14, 40).
cost(13, 15, 64).
cost(13, 16, 49).
cost(13, 17, 78).
cost(13, 18, 86).
cost(13, 19, 50).
cost(13, 20, 75).
cost(13, 21, 81).
cost(13, 22, 42).
cost(13, 23, 4).
cost(13, 24, 51).
cost(13, 25, 63).
cost(13, 26, 18).
cost(13, 27, 72).
cost(13, 28, 33).
cost(14, 1, 49).
cost(14, 2, 46).
cost(14, 3, 2).
cost(14, 4, 15).
cost(14, 5, 8).
cost(14, 6, 23).
cost(14, 7, 62).
cost(14, 8, 13).
cost(14, 9, 54).
cost(14, 10, 51).
cost(14, 11, 44).
cost(14, 12, 68).
cost(14, 13, 40).
cost(14, 15, 39).
cost(14, 16, 18).
cost(14, 17, 50).
cost(14, 18, 60).
cost(14, 19, 33).
cost(14, 20, 56).
cost(14, 21, 58).
cost(14, 22, 15).
cost(14, 23, 38).
cost(14, 24, 62).
cost(14, 25, 48).
cost(14, 26, 43).
cost(14, 27, 60).
cost(14, 28, 71).
cost(15, 1, 38).
cost(15, 2, 13).
cost(15, 3, 41).
cost(15, 4, 30).
cost(15, 5, 38).
cost(15, 6, 59).
cost(15, 7, 57).
cost(15, 8, 45).
cost(15, 9, 76).
cost(15, 10, 27).
cost(15, 11, 51).
cost(15, 12, 76).
cost(15, 13, 64).
cost(15, 14, 39).
cost(15, 16, 54).
cost(15, 17, 14).
cost(15, 18, 23).
cost(15, 19, 16).
cost(15, 20, 18).
cost(15, 21, 20).
cost(15, 22, 26).
cost(15, 23, 64).
cost(15, 24, 48).
cost(15, 25, 15).
cost(15, 26, 55).
cost(15, 27, 27).
cost(15, 28, 83).
cost(16, 1, 66).
cost(16, 2, 58).
cost(16, 3, 16).
cost(16, 4, 25).
cost(16, 5, 16).
cost(16, 6, 5).
cost(16, 7, 78).
cost(16, 8, 10).
cost(16, 9, 62).
cost(16, 10, 69).
cost(16, 11, 59).
cost(16, 12, 81).
cost(16, 13, 49).
cost(16, 14, 18).
cost(16, 15, 54).
cost(16, 17, 63).
cost(16, 18, 73).
cost(16, 19, 50).
cost(16, 20, 72).
cost(16, 21, 73).
cost(16, 22, 32).
cost(16, 23, 45).
cost(16, 24, 79).
cost(16, 25, 65).
cost(16, 26, 56).
cost(16, 27, 77).
cost(16, 28, 81).
cost(17, 1, 50).
cost(17, 2, 5).
cost(17, 3, 52).
cost(17, 4, 38).
cost(17, 5, 47).
cost(17, 6, 68).
cost(17, 7, 69).
cost(17, 8, 53).
cost(17, 9, 90).
cost(17, 10, 36).
cost(17, 11, 64).
cost(17, 12, 89).
cost(17, 13, 78).
cost(17, 14, 50).
cost(17, 15, 14).
cost(17, 16, 63).
cost(17, 18, 10).
cost(17, 19, 29).
cost(17, 20, 17).
cost(17, 21, 13).
cost(17, 22, 39).
cost(17, 23, 77).
cost(17, 24, 59).
cost(17, 25, 23).
cost(17, 26, 68).
cost(17, 27, 30).
cost(17, 28, 96).
cost(18, 1, 56).
cost(18, 2, 14).
cost(18, 3, 62).
cost(18, 4, 48).
cost(18, 5, 57).
cost(18, 6, 77).
cost(18, 7, 74).
cost(18, 8, 63).
cost(18, 9, 98).
cost(18, 10, 40).
cost(18, 11, 72).
cost(18, 12, 96).
cost(18, 13, 86).
cost(18, 14, 60).
cost(18, 15, 23).
cost(18, 16, 73).
cost(18, 17, 10).
cost(18, 19, 37).
cost(18, 20, 18).
cost(18, 21, 10).
cost(18, 22, 48).
cost(18, 23, 86).
cost(18, 24, 63).
cost(18, 25, 28).
cost(18, 26, 76).
cost(18, 27, 31).
cost(18, 28, 104).
cost(19, 1, 24).
cost(19, 2, 28).
cost(19, 3, 35).
cost(19, 4, 31).
cost(19, 5, 35).
cost(19, 6, 56).
cost(19, 7, 43).
cost(19, 8, 43).
cost(19, 9, 61).
cost(19, 10, 19).
cost(19, 11, 35).
cost(19, 12, 60).
cost(19, 13, 50).
cost(19, 14, 33).
cost(19, 15, 16).
cost(19, 16, 50).
cost(19, 17, 29).
cost(19, 18, 37).
cost(19, 20, 26).
cost(19, 21, 31).
cost(19, 22, 19).
cost(19, 23, 50).
cost(19, 24, 36).
cost(19, 25, 15).
cost(19, 26, 39).
cost(19, 27, 28).
cost(19, 28, 67).
cost(20, 1, 40).
cost(20, 2, 22).
cost(20, 3, 58).
cost(20, 4, 49).
cost(20, 5, 56).
cost(20, 6, 77).
cost(20, 7, 57).
cost(20, 8, 63).
cost(20, 9, 86).
cost(20, 10, 23).
cost(20, 11, 57).
cost(20, 12, 80).
cost(20, 13, 75).
cost(20, 14, 56).
cost(20, 15, 18).
cost(20, 16, 72).
cost(20, 17, 17).
cost(20, 18, 18).
cost(20, 19, 26).
cost(20, 21, 8).
cost(20, 22, 43).
cost(20, 23, 76).
cost(20, 24, 46).
cost(20, 25, 12).
cost(20, 26, 63).
cost(20, 27, 13).
cost(20, 28, 88).
cost(21, 1, 47).
cost(21, 2, 18).
cost(21, 3, 60).
cost(21, 4, 49).
cost(21, 5, 57).
cost(21, 6, 78).
cost(21, 7, 65).
cost(21, 8, 64).
cost(21, 9, 92).
cost(21, 10, 31).
cost(21, 11, 64).
cost(21, 12, 87).
cost(21, 13, 81).
cost(21, 14, 58).
cost(21, 15, 20).
cost(21, 16, 73).
cost(21, 17, 13).
cost(21, 18, 10).
cost(21, 19, 31).
cost(21, 20, 8).
cost(21, 22, 45).
cost(21, 23, 81).
cost(21, 24, 53).
cost(21, 25, 19).
cost(21, 26, 69).
cost(21, 27, 21).
cost(21, 28, 96).
cost(22, 1, 36).
cost(22, 2, 35).
cost(22, 3, 16).
cost(22, 4, 17).
cost(22, 5, 18).
cost(22, 6, 37).
cost(22, 7, 52).
cost(22, 8, 26).
cost(22, 9, 55).
cost(22, 10, 37).
cost(22, 11, 37).
cost(22, 12, 63).
cost(22, 13, 42).
cost(22, 14, 15).
cost(22, 15, 26).
cost(22, 16, 32).
cost(22, 17, 39).
cost(22, 18, 48).
cost(22, 19, 19).
cost(22, 20, 43).
cost(22, 21, 45).
cost(22, 23, 40).
cost(22, 24, 49).
cost(22, 25, 33).
cost(22, 26, 38).
cost(22, 27, 46).
cost(22, 28, 67).
cost(23, 1, 46).
cost(23, 2, 75).
cost(23, 3, 37).
cost(23, 4, 52).
cost(23, 5, 45).
cost(23, 6, 48).
cost(23, 7, 46).
cost(23, 8, 49).
cost(23, 9, 17).
cost(23, 10, 59).
cost(23, 11, 27).
cost(23, 12, 38).
cost(23, 13, 4).
cost(23, 14, 38).
cost(23, 15, 64).
cost(23, 16, 45).
cost(23, 17, 77).
cost(23, 18, 86).
cost(23, 19, 50).
cost(23, 20, 76).
cost(23, 21, 81).
cost(23, 22, 40).
cost(23, 24, 54).
cost(23, 25, 64).
cost(23, 26, 21).
cost(23, 27, 73).
cost(23, 28, 37).
cost(24, 1, 13).
cost(24, 2, 60).
cost(24, 3, 63).
cost(24, 4, 65).
cost(24, 5, 67).
cost(24, 6, 83).
cost(24, 7, 13).
cost(24, 8, 74).
cost(24, 9, 55).
cost(24, 10, 23).
cost(24, 11, 28).
cost(24, 12, 38).
cost(24, 13, 51).
cost(24, 14, 62).
cost(24, 15, 48).
cost(24, 16, 79).
cost(24, 17, 59).
cost(24, 18, 63).
cost(24, 19, 36).
cost(24, 20, 46).
cost(24, 21, 53).
cost(24, 22, 49).
cost(24, 23, 54).
cost(24, 25, 36).
cost(24, 26, 34).
cost(24, 27, 34).
cost(24, 28, 49).
cost(25, 1, 28).
cost(25, 2, 25).
cost(25, 3, 50).
cost(25, 4, 43).
cost(25, 5, 49).
cost(25, 6, 70).
cost(25, 7, 46).
cost(25, 8, 57).
cost(25, 9, 74).
cost(25, 10, 13).
cost(25, 11, 45).
cost(25, 12, 68).
cost(25, 13, 63).
cost(25, 14, 48).
cost(25, 15, 15).
cost(25, 16, 65).
cost(25, 17, 23).
cost(25, 18, 28).
cost(25, 19, 15).
cost(25, 20, 12).
cost(25, 21, 19).
cost(25, 22, 33).
cost(25, 23, 64).
cost(25, 24, 36).
cost(25, 26, 51).
cost(25, 27, 13).
cost(25, 28, 76).
cost(26, 1, 27).
cost(26, 2, 67).
cost(26, 3, 44).
cost(26, 4, 54).
cost(26, 5, 51).
cost(26, 6, 60).
cost(26, 7, 26).
cost(26, 8, 56).
cost(26, 9, 23).
cost(26, 10, 43).
cost(26, 11, 6).
cost(26, 12, 25).
cost(26, 13, 18).
cost(26, 14, 43).
cost(26, 15, 55).
cost(26, 16, 56).
cost(26, 17, 68).
cost(26, 18, 76).
cost(26, 19, 39).
cost(26, 20, 63).
cost(26, 21, 69).
cost(26, 22, 38).
cost(26, 23, 21).
cost(26, 24, 34).
cost(26, 25, 51).
cost(26, 27, 57).
cost(26, 28, 29).
cost(27, 1, 32).
cost(27, 2, 34).
cost(27, 3, 62).
cost(27, 4, 56).
cost(27, 5, 62).
cost(27, 6, 83).
cost(27, 7, 47).
cost(27, 8, 69).
cost(27, 9, 81).
cost(27, 10, 15).
cost(27, 11, 51).
cost(27, 12, 71).
cost(27, 13, 72).
cost(27, 14, 60).
cost(27, 15, 27).
cost(27, 16, 77).
cost(27, 17, 30).
cost(27, 18, 31).
cost(27, 19, 28).
cost(27, 20, 13).
cost(27, 21, 21).
cost(27, 22, 46).
cost(27, 23, 73).
cost(27, 24, 34).
cost(27, 25, 13).
cost(27, 26, 57).
cost(27, 28, 80).
cost(28, 1, 49).
cost(28, 2, 96).
cost(28, 3, 71).
cost(28, 4, 83).
cost(28, 5, 78).
cost(28, 6, 84).
cost(28, 7, 36).
cost(28, 8, 83).
cost(28, 9, 22).
cost(28, 10, 66).
cost(28, 11, 32).
cost(28, 12, 11).
cost(28, 13, 33).
cost(28, 14, 71).
cost(28, 15, 83).
cost(28, 16, 81).
cost(28, 17, 96).
cost(28, 18, 104).
cost(28, 19, 67).
cost(28, 20, 88).
cost(28, 21, 96).
cost(28, 22, 67).
cost(28, 23, 37).
cost(28, 24, 49).
cost(28, 25, 76).
cost(28, 26, 29).
cost(28, 27, 80).
