dimension(28).
point(1, 6.2645454908, 80.8186519208).
point(2, 72.9550497764, 63.9947825323).
point(3, 36.8805109666, 61.7599923698).
point(4, 56.8845839836, 23.756506487).
point(5, 28.5846762727, 55.8492021902).
point(6, 13.568185951, 65.1245367103).
point(7, 83.8289834573, 28.2438397779).
point(8, 21.9895114209, 67.6031070957).
point(9, 85.0485603826, 17.4421864823).
point(10, 11.296005088, 58.0297536229).
point(11, 31.4339785509, 2.3147498658).
point(12, 54.3397323939, 25.9376356051).
point(13, 64.0176346445, 36.4125328491).
point(14, 93.0173138664, 65.5548215698).
point(15, 16.6692788232, 82.0734971461).
point(16, 95.8069184873, 56.6691226667).
point(17, 40.734530383, 11.5546461499).
point(18, 89.242564208, 72.4239440429).
point(19, 70.6472164231, 79.0877637513).
point(20, 56.9308925551, 26.7104324614).
point(21, 9.3441944615, 91.9759275599).
point(22, 64.4746274002, 19.629514581).
point(23, 25.4662700542, 8.1163851841).
point(24, 45.4677745322, 10.8152587454).
point(25, 45.8552239236, 28.0877168032).
point(26, 27.0394532667, 45.9480507544).
point(27, 49.4544559368, 6.9170014283).
point(28, 16.7255947143, 88.4556277321).
cost(1, 2, 69).
cost(1, 3, 36).
cost(1, 4, 76).
cost(1, 5, 33).
cost(1, 6, 17).
cost(1, 7, 94).
cost(1, 8, 21).
cost(1, 9, 101).
cost(1, 10, 23).
cost(1, 11, 82).
cost(1, 12, 73).
cost(1, 13, 73).
cost(1, 14, 88).
cost(1, 15, 10).
cost(1, 16, 93).
cost(1, 17, 77).
cost(1, 18, 83).
cost(1, 19, 64).
cost(1, 20, 74).
cost(1, 21, 12).
cost(1, 22, 84).
cost(1, 23, 75).
cost(1, 24, 80).
cost(1, 25, 66).
cost(1, 26, 41).
cost(1, 27, 86).
cost(1, 28, 13).
cost(2, 1, 69).
cost(2, 3, 36).
cost(2, 4, 43).
cost(2, 5, 45).
cost(2, 6, 59).
cost(2, 7, 37).
cost(2, 8, 51).
cost(2, 9, 48).
cost(2, 10, 62).
cost(2, 11, 74).
cost(2, 12, 42).
cost(2, 13, 29).
cost(2, 14, 20).
cost(2, 15, 59).
cost(2, 16, 24).
cost(2, 17, 62).
cost(2, 18, 18).
cost(2, 19, 15).
cost(2, 20, 41).
cost(2, 21, 69).
cost(2, 22, 45).
cost(2, 23, 73).
cost(2, 24, 60).
cost(2, 25, 45).
cost(2, 26, 49).
cost(2, 27, 62).
cost(2, 28, 61).
cost(3, 1, 36).
cost(3, 2, 36).
cost(3, 4, 43).
cost(3, 5, 10).
cost(3, 6, 24).
cost(3, 7, 58).
cost(3, 8, 16).
cost(3, 9, 65).
cost(3, 10, 26).
cost(3, 11, 60).
cost(3, 12, 40).
cost(3, 13, 37).
cost(3, 14, 56).
cost(3, 15, 29).
cost(3, 16, 59).
cost(3, 17, 50).
cost(3, 18, 53).
cost(3, 19, 38).
cost(3, 20, 40).
cost(3, 21, 41).
cost(3, 22, 50).
cost(3, 23, 55).
cost(3, 24, 52).
cost(3, 25, 35).
cost(3, 26, 19).
cost(3, 27, 56).
cost(3, 28, 33).
cost(4, 1, 76).
cost(4, 2, 43).
cost(4, 3, 43).
cost(4, 5, 43).
cost(4, 6, 60).
cost(4, 7, 27).
cost(4, 8, 56).
cost(4, 9, 29).
cost(4, 10, 57).
cost(4, 11, 33).
cost(4, 12, 3).
cost(4, 13, 15).
cost(4, 14, 55).
cost(4, 15, 71).
cost(4, 16, 51).
cost(4, 17, 20).
cost(4, 18, 58).
cost(4, 19, 57).
cost(4, 20, 3).
cost(4, 21, 83).
cost(4, 22, 9).
cost(4, 23, 35).
cost(4, 24, 17).
cost(4, 25, 12).
cost(4, 26, 37).
cost(4, 27, 18).
cost(4, 28, 76).
cost(5, 1, 33).
cost(5, 2, 45).
cost(5, 3, 10).
cost(5, 4, 43).
cost(5, 6, 18).
cost(5, 7, 62).
cost(5, 8, 13).
cost(5, 9, 68).
cost(5, 10, 17).
cost(5, 11, 54).
cost(5, 12, 39).
cost(5, 13, 40).
cost(5, 14, 65).
cost(5, 15, 29).
cost(5, 16, 67).
cost(5, 17, 46).
cost(5, 18, 63).
cost(5, 19, 48).
cost(5, 20, 41).
cost(5, 21, 41).
cost(5, 22, 51).
cost(5, 23, 48).
cost(5, 24, 48).
cost(5, 25, 33).
cost(5, 26, 10).
cost(5, 27, 53).
cost(5, 28, 35).
cost(6, 1, 17).
cost(6, 2, 59).
cost(6, 3, 24).
cost(6, 4, 60).
cost(6, 5, 18).
cost(6, 7, 79).
cost(6, 8, 9).
cost(6, 9, 86).
cost(6, 10, 7).
cost(6, 11, 65).
cost(6, 12, 57).
cost(6, 13, 58).
cost(6, 14, 79).
cost(6, 15, 17).
cost(6, 16, 83).
cost(6, 17, 60).
cost(6, 18, 76).
cost(6, 19, 59).
cost(6, 20, 58).
cost(6, 21, 27).
cost(6, 22, 68).
cost(6, 23, 58).
cost(6, 24, 63).
cost(6, 25, 49).
cost(6, 26, 23).
cost(6, 27, 68).
cost(6, 28, 24).
cost(7, 1, 94).
cost(7, 2, 37).
cost(7, 3, 58).
cost(7, 4, 27).
cost(7, 5, 62).
cost(7, 6, 79).
cost(7, 8, 73).
cost(7, 9, 11).
cost(7, 10, 78).
cost(7, 11, 58).
cost(7, 12, 30).
cost(7, 13, 21).
cost(7, 14, 38).
cost(7, 15, 86).
cost(7, 16, 31).
cost(7, 17, 46).
cost(7, 18, 45).
cost(7, 19, 53).
cost(7, 20, 27).
cost(7, 21, 98).
cost(7, 22, 21).
cost(7, 23, 62).
cost(7, 24, 42).
cost(7, 25, 38).
cost(7, 26, 59).
cost(7, 27, 40).
cost(7, 28, 90).
cost(8, 1, 21).
cost(8, 2, 51).
cost(8, 3, 16).
cost(8, 4, 56).
cost(8, 5, 13).
cost(8, 6, 9).
cost(8, 7, 73).
cost(8, 9, 81).
cost(8, 10, 14).
cost(8, 11, 66).
cost(8, 12, 53).
cost(8, 13, 52).
cost(8, 14, 71).
cost(8, 15, 15).
cost(8, 16, 75).
cost(8, 17, 59).
cost(8, 18, 67).
cost(8, 19, 50).
cost(8, 20, 54).
cost(8, 21, 27).
cost(8, 22, 64).
cost(8, 23, 60).
cost(8, 24, 61).
cost(8, 25, 46).
cost(8, 26, 22).
cost(8, 27, 67).
cost(8, 28, 22).
cost(9, 1, 101).
cost(9, 2, 48).
cost(9, 3, 65).
cost(9, 4, 29).
cost(9, 5, 68).
cost(9, 6, 86).
cost(9, 7, 11).
cost(9, 8, 81).
cost(9, 10, 84).
cost(9, 11, 56).
cost(9, 12, 32).
cost(9, 13, 28).
cost(9, 14, 49).
cost(9, 15, 94).
cost(9, 16, 41).
cost(9, 17, 45).
cost(9, 18, 55).
cost(9, 19, 63).
cost(9, 20, 30).
cost(9, 21, 106).
cost(9, 22, 21).
cost(9, 23, 60).
cost(9, 24, 40).
cost(9, 25, 41).
cost(9, 26, 65).
cost(9, 27, 37).
cost(9, 28, 99).
cost(10, 1, 23).
cost(10, 2, 62).
cost(10, 3, 26).
cost(10, 4, 57).
cost(10, 5, 17).
cost(10, 6, 7).
cost(10, 7, 78).
cost(10, 8, 14).
cost(10, 9, 84).
cost(10, 11, 59).
cost(10, 12, 54).
cost(10, 13, 57).
cost(10, 14, 82).
cost(10, 15, 25).
cost(10, 16, 85).
cost(10, 17, 55).
cost(10, 18, 79).
cost(10, 19, 63).
cost(10, 20, 55).
cost(10, 21, 34).
cost(10, 22, 66).
cost(10, 23, 52).
cost(10, 24, 58).
cost(10, 25, 46).
cost(10, 26, 20).
cost(10, 27, 64).
cost(10, 28, 31).
cost(11, 1, 82).
cost(11, 2, 74).
cost(11, 3, 60).
cost(11, 4, 33).
cost(11, 5, 54).
cost(11, 6, 65).
cost(11, 7, 58).
cost(11, 8, 66).
cost(11, 9, 56).
cost(11, 10, 59).
cost(11, 12, 33).
cost(11, 13, 47).
cost(11, 14, 88).
cost(11, 15, 81).
cost(11, 16, 84).
cost(11, 17, 13).
cost(11, 18, 91).
cost(11, 19, 86).
cost(11, 20, 35).
cost(11, 21, 92).
cost(11, 22, 37).
cost(11, 23, 8).
cost(11, 24, 16).
cost(11, 25, 30).
cost(11, 26, 44).
cost(11, 27, 19).
cost(11, 28, 87).
cost(12, 1, 73).
cost(12, 2, 42).
cost(12, 3, 40).
cost(12, 4, 3).
cost(12, 5, 39).
cost(12, 6, 57).
cost(12, 7, 30).
cost(12, 8, 53).
cost(12, 9, 32).
cost(12, 10, 54).
cost(12, 11, 33).
cost(12, 13, 14).
cost(12, 14, 55).
cost(12, 15, 68).
cost(12, 16, 52).
cost(12, 17, 20).
cost(12, 18, 58).
cost(12, 19, 56).
cost(12, 20, 3).
cost(12, 21, 80).
cost(12, 22, 12).
cost(12, 23, 34).
cost(12, 24, 18).
cost(12, 25, 9).
cost(12, 26, 34).
cost(12, 27, 20).
cost(12, 28, 73).
cost(13, 1, 73).
cost(13, 2, 29).
cost(13, 3, 37).
cost(13, 4, 15).
cost(13, 5, 40).
cost(13, 6, 58).
cost(13, 7, 21).
cost(13, 8, 52).
cost(13, 9, 28).
cost(13, 10, 57).
cost(13, 11, 47).
cost(13, 12, 14).
cost(13, 14, 41).
cost(13, 15, 66).
cost(13, 16, 38).
cost(13, 17, 34).
cost(13, 18, 44).
cost(13, 19, 43).
cost(13, 20, 12).
cost(13, 21, 78).
cost(13, 22, 17).
cost(13, 23, 48).
cost(13, 24, 32).
cost(13, 25, 20).
cost(13, 26, 38).
cost(13, 27, 33).
cost(13, 28, 70).
cost(14, 1, 88).
cost(14, 2, 20).
cost(14, 3, 56).
cost(14, 4, 55).
cost(14, 5, 65).
cost(14, 6, 79).
cost(14, 7, 38).
cost(14, 8, 71).
cost(14, 9, 49).
cost(14, 10, 82).
cost(14, 11, 88).
cost(14, 12, 55).
cost(14, 13, 41).
cost(14, 15, 78).
cost(14, 16, 9).
cost(14, 17, 75).
cost(14, 18, 8).
cost(14, 19, 26).
cost(14, 20, 53).
cost(14, 21, 88).
cost(14, 22, 54).
cost(14, 23, 89).
cost(14, 24, 73).
cost(14, 25, 60).
cost(14, 26, 69).
cost(14, 27, 73).
cost(14, 28, 80).
cost(15, 1, 10).
cost(15, 2, 59).
cost(15, 3, 29).
cost(15, 4, 71).
cost(15, 5, 29).
cost(15, 6, 17).
cost(15, 7, 86).
cost(15, 8, 15).
cost(15, 9, 94).
cost(15, 10, 25).
cost(15, 11, 81).
cost(15, 12, 68).
cost(15, 13, 66).
cost(15, 14, 78).
cost(15, 16, 83).
cost(15, 17, 75).
cost(15, 18, 73).
cost(15, 19, 54).
cost(15, 20, 68).
cost(15, 21, 12).
cost(15, 22, 79).
cost(15, 23, 74).
cost(15, 24, 77).
cost(15, 25, 61).
cost(15, 26, 38).
cost(15, 27, 82).
cost(15, 28, 6).
cost(16, 1, 93).
cost(16, 2, 24).
cost(16, 3, 59).
cost(16, 4, 51).
cost(16, 5, 67).
cost(16, 6, 83).
cost(16, 7, 31).
cost(16, 8, 75).
cost(16, 9, 41).
cost(16, 10, 85).
cost(16, 11, 84).
cost(16, 12, 52).
cost(16, 13, 38).
cost(16, 14, 9).
cost(16, 15, 83).
cost(16, 17, 71).
cost(16, 18, 17).
cost(16, 19, 34).
cost(16, 20, 49).
cost(16, 21, 93).
cost(16, 22, 49).
cost(16, 23, 85).
cost(16, 24, 68).
cost(16, 25, 58).
cost(16, 26, 70).
cost(16, 27, 68).
cost(16, 28, 85).
cost(17, 1, 77).
cost(17, 2, 62).
cost(17, 3, 50).
cost(17, 4, 20).
cost(17, 5, 46).
cost(17, 6, 60).
cost(17, 7, 46).
cost(17, 8, 59).
cost(17, 9, 45).
cost(17, 10, 55).
cost(17, 11, 13).
cost(17, 12, 20).
cost(17, 13, 34).
cost(17, 14, 75).
cost(17, 15, 75).
cost(17, 16, 71).
cost(17, 18, 78).
cost(17, 19, 74).
cost(17, 20, 22).
cost(17, 21, 86).
cost(17, 22, 25).
cost(17, 23, 16).
cost(17, 24, 5).
cost(17, 25, 17).
cost(17, 26, 37).
cost(17, 27, 10).
cost(17, 28, 81).
cost(18, 1, 83).
cost(18, 2, 18).
cost(18, 3, 53).
cost(18, 4, 58).
cost(18, 5, 63).
cost(18, 6, 76).
cost(18, 7, 45).
cost(18, 8, 67).
cost(18, 9, 55).
cost(18, 10, 79).
cost(18, 11, 91).
cost(18, 12, 58).
cost(18, 13, 44).
cost(18, 14, 8).
cost(18, 15, 73).
cost(18, 16, 17).
cost(18, 17, 78).
cost(18, 19, 20).
cost(18, 20, 56).
cost(18, 21, 82).
cost(18, 22, 58).
cost(18, 23, 91).
cost(18, 24, 76).
cost(18, 25, 62).
cost(18, 26, 68).
cost(18, 27, 77).
cost(18, 28, 74).
cost(19, 1, 64).
cost(19, 2, 15).
cost(19, 3, 38).
cost(19, 4, 57).
cost(19, 5, 48).
cost(19, 6, 59).
cost(19, 7, 53).
cost(19, 8, 50).
cost(19, 9, 63).
cost(19, 10, 63).
cost(19, 11, 86).
cost(19, 12, 56).
cost(19, 13, 43).
cost(19, 14, 26).
cost(19, 15, 54).
cost(19, 16, 34).
cost(19, 17, 74).
cost(19, 18, 20).
cost(19, 20, 54).
cost(19, 21, 63).
cost(19, 22, 60).
cost(19, 23, 84).
cost(19, 24, 73).
cost(19, 25, 57).
cost(19, 26, 55).
cost(19, 27, 75).
cost(19, 28, 55).
cost(20, 1, 74).
cost(20, 2, 41).
cost(20, 3, 40).
cost(20, 4, 3).
cost(20, 5, 41).
cost(20, 6, 58).
cost(20, 7, 27).
cost(20, 8, 54).
cost(20, 9, 30).
cost(20, 10, 55).
cost(20, 11, 35).
cost(20, 12, 3).
cost(20, 13, 12).
cost(20, 14, 53).
cost(20, 15, 68).
cost(20, 16, 49).
cost(20, 17, 22).
cost(20, 18, 56).
cost(20, 19, 54).
cost(20, 21, 81).
cost(20, 22, 10).
cost(20, 23, 37).
cost(20, 24, 20).
cost(20, 25, 11).
cost(20, 26, 36).
cost(20, 27, 21).
cost(20, 28, 74).
cost(21, 1, 12).
cost(21, 2, 69).
cost(21, 3, 41).
cost(21, 4, 83).
cost(21, 5, 41).
cost(21, 6, 27).
cost(21, 7, 98).
cost(21, 8, 27).
cost(21, 9, 106).
cost(21, 10, 34).
cost(21, 11, 92).
cost(21, 12, 80).
cost(21, 13, 78).
cost(21, 14, 88).
cost(21, 15, 12).
cost(21, 16, 93).
cost(21, 17, 86).
cost(21, 18, 82).
cost(21, 19, 63).
cost(21, 20, 81).
cost(21, 22, 91).
cost(21, 23, 85).
cost(21, 24, 89).
cost(21, 25, 74).
cost(21, 26, 49).
cost(21, 27, 94).
cost(21, 28, 8).
cost(22, 1, 84).
cost(22, 2, 45).
cost(22, 3, 50).
cost(22, 4, 9).
cost(22, 5, 51).
cost(22, 6, 68).
cost(22, 7, 21).
cost(22, 8, 64).
cost(22, 9, 21).
cost(22, 10, 66).
cost(22, 11, 37).
cost(22, 12, 12).
cost(22, 13, 17).
cost(22, 14, 54).
cost(22, 15, 79).
cost(22, 16, 49).
cost(22, 17, 25).
cost(22, 18, 58).
cost(22, 19, 60).
cost(22, 20, 10).
cost(22, 21, 91).
cost(22, 23, 41).
cost(22, 24, 21).
cost(22, 25, 20).
cost(22, 26, 46).
cost(22, 27, 20).
cost(22, 28, 84).
cost(23, 1, 75).
cost(23, 2, 73).
cost(23, 3, 55).
cost(23, 4, 35).
cost(23, 5, 48).
cost(23, 6, 58).
cost(23, 7, 62).
cost(23, 8, 60).
cost(23, 9, 60).
cost(23, 10, 52).
cost(23, 11, 8).
cost(23, 12, 34).
cost(23, 13, 48).
cost(23, 14, 89).
cost(23, 15, 74).
cost(23, 16, 85).
cost(23, 17, 16).
cost(23, 18, 91).
cost(23, 19, 84).
cost(23, 20, 37).
cost(23, 21, 85).
cost(23, 22, 41).
cost(23, 24, 20).
cost(23, 25, 29).
cost(23, 26, 38).
cost(23, 27, 24).
cost(23, 28, 81).
cost(24, 1, 80).
cost(24, 2, 60).
cost(24, 3, 52).
cost(24, 4, 17).
cost(24, 5, 48).
cost(24, 6, 63).
cost(24, 7, 42).
cost(24, 8, 61).
cost(24, 9, 40).
cost(24, 10, 58).
cost(24, 11, 16).
cost(24, 12, 18).
cost(24, 13, 32).
cost(24, 14, 73).
cost(24, 15, 77).
cost(24, 16, 68).
cost(24, 17, 5).
cost(24, 18, 76).
cost(24, 19, 73).
cost(24, 20, 20).
cost(24, 21, 89).
cost(24, 22, 21).
cost(24, 23, 20).
cost(24, 25, 17).
cost(24, 26, 40).
cost(24, 27, 6).
cost(24, 28, 83).
cost(25, 1, 66).
cost(25, 2, 45).
cost(25, 3, 35).
cost(25, 4, 12).
cost(25, 5, 33).
cost(25, 6, 49).
cost(25, 7, 38).
cost(25, 8, 46).
cost(25, 9, 41).
cost(25, 10, 46).
cost(25, 11, 30).
cost(25, 12, 9).
cost(25, 13, 20).
cost(25, 14, 60).
cost(25, 15, 61).
cost(25, 16, 58).
cost(25, 17, 17).
cost(25, 18, 62).
cost(25, 19, 57).
cost(25, 20, 11).
cost(25, 21, 74).
cost(25, 22, 20).
cost(25, 23, 29).
cost(25, 24, 17).
cost(25, 26, 26).
cost(25, 27, 21).
cost(25, 28, 67).
cost(26, 1, 41).
cost(26, 2, 49).
cost(26, 3, 19).
cost(26, 4, 37).
cost(26, 5, 10).
cost(26, 6, 23).
cost(26, 7, 59).
cost(26, 8, 22).
cost(26, 9, 65).
cost(26, 10, 20).
cost(26, 11, 44).
cost(26, 12, 34).
cost(26, 13, 38).
cost(26, 14, 69).
cost(26, 15, 38).
cost(26, 16, 70).
cost(26, 17, 37).
cost(26, 18, 68).
cost(26, 19, 55).
cost(26, 20, 36).
cost(26, 21, 49).
cost(26, 22, 46).
cost(26, 23, 38).
cost(26, 24, 40).
cost(26, 25, 26).
cost(26, 27, 45).
cost(26, 28, 44).
cost(27, 1, 86).
cost(27, 2, 62).
cost(27, 3, 56).
cost(27, 4, 18).
cost(27, 5, 53).
cost(27, 6, 68).
cost(27, 7, 40).
cost(27, 8, 67).
cost(27, 9, 37).
cost(27, 10, 64).
cost(27, 11, 19).
cost(27, 12, 20).
cost(27, 13, 33).
cost(27, 14, 73).
cost(27, 15, 82).
cost(27, 16, 68).
cost(27, 17, 10).
cost(27, 18, 77).
cost(27, 19, 75).
cost(27, 20, 21).
cost(27, 21, 94).
cost(27, 22, 20).
cost(27, 23, 24).
cost(27, 24, 6).
cost(27, 25, 21).
cost(27, 26, 45).
cost(27, 28, 88).
cost(28, 1, 13).
cost(28, 2, 61).
cost(28, 3, 33).
cost(28, 4, 76).
cost(28, 5, 35).
cost(28, 6, 24).
cost(28, 7, 90).
cost(28, 8, 22).
cost(28, 9, 99).
cost(28, 10, 31).
cost(28, 11, 87).
cost(28, 12, 73).
cost(28, 13, 70).
cost(28, 14, 80).
cost(28, 15, 6).
cost(28, 16, 85).
cost(28, 17, 81).
cost(28, 18, 74).
cost(28, 19, 55).
cost(28, 20, 74).
cost(28, 21, 8).
cost(28, 22, 84).
cost(28, 23, 81).
cost(28, 24, 83).
cost(28, 25, 67).
cost(28, 26, 44).
cost(28, 27, 88).
