dimension(28).
point(1, 23.9828759914, 19.5466396866).
point(2, 40.7952805473, 30.3358017337).
point(3, 91.4421753374, 28.8020165878).
point(4, 40.9592742098, 39.3216540391).
point(5, 73.0562035092, 79.4836526798).
point(6, 73.7508886232, 23.8954806997).
point(7, 56.2520379989, 95.2793822128).
point(8, 78.225453467, 23.6940700353).
point(9, 50.1278082575, 80.6030052299).
point(10, 22.5685415108, 9.0854938508).
point(11, 91.3744418992, 20.2839602097).
point(12, 59.6601120535, 63.2105869182).
point(13, 38.0711601649, 37.0345355314).
point(14, 84.3485711073, 50.1828408434).
point(15, 41.3413386858, 50.1511760793).
point(16, 7.5434292551, 4.1511259041).
point(17, 34.9987126795, 33.1787240757).
point(18, 10.2672320685, 17.1458739522).
point(19, 68.4565959336, 29.0659101343).
point(20, 35.4489556807, 43.4160534604).
point(21, 14.0696288153, 29.8383356919).
point(22, 24.7997078977, 34.4101502694).
point(23, 52.9327312675, 71.0744483376).
point(24, 82.3306809558, 66.5607608157).
point(25, 81.3666276472, 60.0839412009).
point(26, 91.9389719756, 51.1103511061).
point(27, 37.1505554425, 28.9784000524).
point(28, 98.2887696188, 62.4788278923).
cost(1, 2, 20).
cost(1, 3, 68).
cost(1, 4, 26).
cost(1, 5, 77).
cost(1, 6, 50).
cost(1, 7, 82).
cost(1, 8, 54).
cost(1, 9, 66).
cost(1, 10, 11).
cost(1, 11, 67).
cost(1, 12, 56).
cost(1, 13, 22).
cost(1, 14, 68).
cost(1, 15, 35).
cost(1, 16, 23).
cost(1, 17, 18).
cost(1, 18, 14).
cost(1, 19, 45).
cost(1, 20, 26).
cost(1, 21, 14).
cost(1, 22, 15).
cost(1, 23, 59).
cost(1, 24, 75).
cost(1, 25, 70).
cost(1, 26, 75).
cost(1, 27, 16).
cost(1, 28, 86).
cost(2, 1, 20).
cost(2, 3, 51).
cost(2, 4, 9).
cost(2, 5, 59).
cost(2, 6, 34).
cost(2, 7, 67).
cost(2, 8, 38).
cost(2, 9, 51).
cost(2, 10, 28).
cost(2, 11, 52).
cost(2, 12, 38).
cost(2, 13, 7).
cost(2, 14, 48).
cost(2, 15, 20).
cost(2, 16, 42).
cost(2, 17, 6).
cost(2, 18, 33).
cost(2, 19, 28).
cost(2, 20, 14).
cost(2, 21, 27).
cost(2, 22, 17).
cost(2, 23, 43).
cost(2, 24, 55).
cost(2, 25, 50).
cost(2, 26, 55).
cost(2, 27, 4).
cost(2, 28, 66).
cost(3, 1, 68).
cost(3, 2, 51).
cost(3, 4, 52).
cost(3, 5, 54).
cost(3, 6, 18).
cost(3, 7, 75).
cost(3, 8, 14).
cost(3, 9, 66).
cost(3, 10, 72).
cost(3, 11, 9).
cost(3, 12, 47).
cost(3, 13, 54).
cost(3, 14, 23).
cost(3, 15, 54).
cost(3, 16, 87).
cost(3, 17, 57).
cost(3, 18, 82).
cost(3, 19, 23).
cost(3, 20, 58).
cost(3, 21, 77).
cost(3, 22, 67).
cost(3, 23, 57).
cost(3, 24, 39).
cost(3, 25, 33).
cost(3, 26, 22).
cost(3, 27, 54).
cost(3, 28, 34).
cost(4, 1, 26).
cost(4, 2, 9).
cost(4, 3, 52).
cost(4, 5, 51).
cost(4, 6, 36).
cost(4, 7, 58).
cost(4, 8, 40).
cost(4, 9, 42).
cost(4, 10, 35).
cost(4, 11, 54).
cost(4, 12, 30).
cost(4, 13, 4).
cost(4, 14, 45).
cost(4, 15, 11).
cost(4, 16, 49).
cost(4, 17, 9).
cost(4, 18, 38).
cost(4, 19, 29).
cost(4, 20, 7).
cost(4, 21, 29).
cost(4, 22, 17).
cost(4, 23, 34).
cost(4, 24, 50).
cost(4, 25, 45).
cost(4, 26, 52).
cost(4, 27, 11).
cost(4, 28, 62).
cost(5, 1, 77).
cost(5, 2, 59).
cost(5, 3, 54).
cost(5, 4, 51).
cost(5, 6, 56).
cost(5, 7, 23).
cost(5, 8, 56).
cost(5, 9, 23).
cost(5, 10, 87).
cost(5, 11, 62).
cost(5, 12, 21).
cost(5, 13, 55).
cost(5, 14, 31).
cost(5, 15, 43).
cost(5, 16, 100).
cost(5, 17, 60).
cost(5, 18, 88).
cost(5, 19, 51).
cost(5, 20, 52).
cost(5, 21, 77).
cost(5, 22, 66).
cost(5, 23, 22).
cost(5, 24, 16).
cost(5, 25, 21).
cost(5, 26, 34).
cost(5, 27, 62).
cost(5, 28, 30).
cost(6, 1, 50).
cost(6, 2, 34).
cost(6, 3, 18).
cost(6, 4, 36).
cost(6, 5, 56).
cost(6, 7, 73).
cost(6, 8, 4).
cost(6, 9, 61).
cost(6, 10, 53).
cost(6, 11, 18).
cost(6, 12, 42).
cost(6, 13, 38).
cost(6, 14, 28).
cost(6, 15, 42).
cost(6, 16, 69).
cost(6, 17, 40).
cost(6, 18, 64).
cost(6, 19, 7).
cost(6, 20, 43).
cost(6, 21, 60).
cost(6, 22, 50).
cost(6, 23, 52).
cost(6, 24, 44).
cost(6, 25, 37).
cost(6, 26, 33).
cost(6, 27, 37).
cost(6, 28, 46).
cost(7, 1, 82).
cost(7, 2, 67).
cost(7, 3, 75).
cost(7, 4, 58).
cost(7, 5, 23).
cost(7, 6, 73).
cost(7, 8, 75).
cost(7, 9, 16).
cost(7, 10, 93).
cost(7, 11, 83).
cost(7, 12, 32).
cost(7, 13, 61).
cost(7, 14, 53).
cost(7, 15, 48).
cost(7, 16, 103).
cost(7, 17, 66).
cost(7, 18, 91).
cost(7, 19, 67).
cost(7, 20, 56).
cost(7, 21, 78).
cost(7, 22, 69).
cost(7, 23, 24).
cost(7, 24, 39).
cost(7, 25, 43).
cost(7, 26, 57).
cost(7, 27, 69).
cost(7, 28, 53).
cost(8, 1, 54).
cost(8, 2, 38).
cost(8, 3, 14).
cost(8, 4, 40).
cost(8, 5, 56).
cost(8, 6, 4).
cost(8, 7, 75).
cost(8, 9, 63).
cost(8, 10, 58).
cost(8, 11, 14).
cost(8, 12, 44).
cost(8, 13, 42).
cost(8, 14, 27).
cost(8, 15, 45).
cost(8, 16, 73).
cost(8, 17, 44).
cost(8, 18, 68).
cost(8, 19, 11).
cost(8, 20, 47).
cost(8, 21, 64).
cost(8, 22, 54).
cost(8, 23, 54).
cost(8, 24, 43).
cost(8, 25, 37).
cost(8, 26, 31).
cost(8, 27, 41).
cost(8, 28, 44).
cost(9, 1, 66).
cost(9, 2, 51).
cost(9, 3, 66).
cost(9, 4, 42).
cost(9, 5, 23).
cost(9, 6, 61).
cost(9, 7, 16).
cost(9, 8, 63).
cost(9, 10, 77).
cost(9, 11, 73).
cost(9, 12, 20).
cost(9, 13, 45).
cost(9, 14, 46).
cost(9, 15, 32).
cost(9, 16, 88).
cost(9, 17, 50).
cost(9, 18, 75).
cost(9, 19, 55).
cost(9, 20, 40).
cost(9, 21, 62).
cost(9, 22, 53).
cost(9, 23, 10).
cost(9, 24, 35).
cost(9, 25, 37).
cost(9, 26, 51).
cost(9, 27, 53).
cost(9, 28, 51).
cost(10, 1, 11).
cost(10, 2, 28).
cost(10, 3, 72).
cost(10, 4, 35).
cost(10, 5, 87).
cost(10, 6, 53).
cost(10, 7, 93).
cost(10, 8, 58).
cost(10, 9, 77).
cost(10, 11, 70).
cost(10, 12, 66).
cost(10, 13, 32).
cost(10, 14, 74).
cost(10, 15, 45).
cost(10, 16, 16).
cost(10, 17, 27).
cost(10, 18, 15).
cost(10, 19, 50).
cost(10, 20, 37).
cost(10, 21, 22).
cost(10, 22, 25).
cost(10, 23, 69).
cost(10, 24, 83).
cost(10, 25, 78).
cost(10, 26, 81).
cost(10, 27, 25).
cost(10, 28, 93).
cost(11, 1, 67).
cost(11, 2, 52).
cost(11, 3, 9).
cost(11, 4, 54).
cost(11, 5, 62).
cost(11, 6, 18).
cost(11, 7, 83).
cost(11, 8, 14).
cost(11, 9, 73).
cost(11, 10, 70).
cost(11, 12, 53).
cost(11, 13, 56).
cost(11, 14, 31).
cost(11, 15, 58).
cost(11, 16, 85).
cost(11, 17, 58).
cost(11, 18, 81).
cost(11, 19, 25).
cost(11, 20, 61).
cost(11, 21, 78).
cost(11, 22, 68).
cost(11, 23, 64).
cost(11, 24, 47).
cost(11, 25, 41).
cost(11, 26, 31).
cost(11, 27, 55).
cost(11, 28, 43).
cost(12, 1, 56).
cost(12, 2, 38).
cost(12, 3, 47).
cost(12, 4, 30).
cost(12, 5, 21).
cost(12, 6, 42).
cost(12, 7, 32).
cost(12, 8, 44).
cost(12, 9, 20).
cost(12, 10, 66).
cost(12, 11, 53).
cost(12, 13, 34).
cost(12, 14, 28).
cost(12, 15, 22).
cost(12, 16, 79).
cost(12, 17, 39).
cost(12, 18, 68).
cost(12, 19, 35).
cost(12, 20, 31).
cost(12, 21, 56).
cost(12, 22, 45).
cost(12, 23, 10).
cost(12, 24, 23).
cost(12, 25, 22).
cost(12, 26, 34).
cost(12, 27, 41).
cost(12, 28, 39).
cost(13, 1, 22).
cost(13, 2, 7).
cost(13, 3, 54).
cost(13, 4, 4).
cost(13, 5, 55).
cost(13, 6, 38).
cost(13, 7, 61).
cost(13, 8, 42).
cost(13, 9, 45).
cost(13, 10, 32).
cost(13, 11, 56).
cost(13, 12, 34).
cost(13, 14, 48).
cost(13, 15, 14).
cost(13, 16, 45).
cost(13, 17, 5).
cost(13, 18, 34).
cost(13, 19, 31).
cost(13, 20, 7).
cost(13, 21, 25).
cost(13, 22, 14).
cost(13, 23, 37).
cost(13, 24, 53).
cost(13, 25, 49).
cost(13, 26, 56).
cost(13, 27, 8).
cost(13, 28, 65).
cost(14, 1, 68).
cost(14, 2, 48).
cost(14, 3, 23).
cost(14, 4, 45).
cost(14, 5, 31).
cost(14, 6, 28).
cost(14, 7, 53).
cost(14, 8, 27).
cost(14, 9, 46).
cost(14, 10, 74).
cost(14, 11, 31).
cost(14, 12, 28).
cost(14, 13, 48).
cost(14, 15, 43).
cost(14, 16, 90).
cost(14, 17, 52).
cost(14, 18, 81).
cost(14, 19, 26).
cost(14, 20, 49).
cost(14, 21, 73).
cost(14, 22, 62).
cost(14, 23, 38).
cost(14, 24, 17).
cost(14, 25, 10).
cost(14, 26, 8).
cost(14, 27, 52).
cost(14, 28, 19).
cost(15, 1, 35).
cost(15, 2, 20).
cost(15, 3, 54).
cost(15, 4, 11).
cost(15, 5, 43).
cost(15, 6, 42).
cost(15, 7, 48).
cost(15, 8, 45).
cost(15, 9, 32).
cost(15, 10, 45).
cost(15, 11, 58).
cost(15, 12, 22).
cost(15, 13, 14).
cost(15, 14, 43).
cost(15, 16, 57).
cost(15, 17, 18).
cost(15, 18, 45).
cost(15, 19, 34).
cost(15, 20, 9).
cost(15, 21, 34).
cost(15, 22, 23).
cost(15, 23, 24).
cost(15, 24, 44).
cost(15, 25, 41).
cost(15, 26, 51).
cost(15, 27, 22).
cost(15, 28, 58).
cost(16, 1, 23).
cost(16, 2, 42).
cost(16, 3, 87).
cost(16, 4, 49).
cost(16, 5, 100).
cost(16, 6, 69).
cost(16, 7, 103).
cost(16, 8, 73).
cost(16, 9, 88).
cost(16, 10, 16).
cost(16, 11, 85).
cost(16, 12, 79).
cost(16, 13, 45).
cost(16, 14, 90).
cost(16, 15, 57).
cost(16, 17, 40).
cost(16, 18, 13).
cost(16, 19, 66).
cost(16, 20, 48).
cost(16, 21, 27).
cost(16, 22, 35).
cost(16, 23, 81).
cost(16, 24, 97).
cost(16, 25, 93).
cost(16, 26, 97).
cost(16, 27, 39).
cost(16, 28, 108).
cost(17, 1, 18).
cost(17, 2, 6).
cost(17, 3, 57).
cost(17, 4, 9).
cost(17, 5, 60).
cost(17, 6, 40).
cost(17, 7, 66).
cost(17, 8, 44).
cost(17, 9, 50).
cost(17, 10, 27).
cost(17, 11, 58).
cost(17, 12, 39).
cost(17, 13, 5).
cost(17, 14, 52).
cost(17, 15, 18).
cost(17, 16, 40).
cost(17, 18, 29).
cost(17, 19, 34).
cost(17, 20, 10).
cost(17, 21, 21).
cost(17, 22, 10).
cost(17, 23, 42).
cost(17, 24, 58).
cost(17, 25, 54).
cost(17, 26, 60).
cost(17, 27, 5).
cost(17, 28, 70).
cost(18, 1, 14).
cost(18, 2, 33).
cost(18, 3, 82).
cost(18, 4, 38).
cost(18, 5, 88).
cost(18, 6, 64).
cost(18, 7, 91).
cost(18, 8, 68).
cost(18, 9, 75).
cost(18, 10, 15).
cost(18, 11, 81).
cost(18, 12, 68).
cost(18, 13, 34).
cost(18, 14, 81).
cost(18, 15, 45).
cost(18, 16, 13).
cost(18, 17, 29).
cost(18, 19, 59).
cost(18, 20, 36).
cost(18, 21, 13).
cost(18, 22, 23).
cost(18, 23, 69).
cost(18, 24, 87).
cost(18, 25, 83).
cost(18, 26, 88).
cost(18, 27, 29).
cost(18, 28, 99).
cost(19, 1, 45).
cost(19, 2, 28).
cost(19, 3, 23).
cost(19, 4, 29).
cost(19, 5, 51).
cost(19, 6, 7).
cost(19, 7, 67).
cost(19, 8, 11).
cost(19, 9, 55).
cost(19, 10, 50).
cost(19, 11, 25).
cost(19, 12, 35).
cost(19, 13, 31).
cost(19, 14, 26).
cost(19, 15, 34).
cost(19, 16, 66).
cost(19, 17, 34).
cost(19, 18, 59).
cost(19, 20, 36).
cost(19, 21, 54).
cost(19, 22, 44).
cost(19, 23, 45).
cost(19, 24, 40).
cost(19, 25, 34).
cost(19, 26, 32).
cost(19, 27, 31).
cost(19, 28, 45).
cost(20, 1, 26).
cost(20, 2, 14).
cost(20, 3, 58).
cost(20, 4, 7).
cost(20, 5, 52).
cost(20, 6, 43).
cost(20, 7, 56).
cost(20, 8, 47).
cost(20, 9, 40).
cost(20, 10, 37).
cost(20, 11, 61).
cost(20, 12, 31).
cost(20, 13, 7).
cost(20, 14, 49).
cost(20, 15, 9).
cost(20, 16, 48).
cost(20, 17, 10).
cost(20, 18, 36).
cost(20, 19, 36).
cost(20, 21, 25).
cost(20, 22, 14).
cost(20, 23, 33).
cost(20, 24, 52).
cost(20, 25, 49).
cost(20, 26, 57).
cost(20, 27, 15).
cost(20, 28, 66).
cost(21, 1, 14).
cost(21, 2, 27).
cost(21, 3, 77).
cost(21, 4, 29).
cost(21, 5, 77).
cost(21, 6, 60).
cost(21, 7, 78).
cost(21, 8, 64).
cost(21, 9, 62).
cost(21, 10, 22).
cost(21, 11, 78).
cost(21, 12, 56).
cost(21, 13, 25).
cost(21, 14, 73).
cost(21, 15, 34).
cost(21, 16, 27).
cost(21, 17, 21).
cost(21, 18, 13).
cost(21, 19, 54).
cost(21, 20, 25).
cost(21, 22, 12).
cost(21, 23, 57).
cost(21, 24, 78).
cost(21, 25, 74).
cost(21, 26, 81).
cost(21, 27, 23).
cost(21, 28, 90).
cost(22, 1, 15).
cost(22, 2, 17).
cost(22, 3, 67).
cost(22, 4, 17).
cost(22, 5, 66).
cost(22, 6, 50).
cost(22, 7, 69).
cost(22, 8, 54).
cost(22, 9, 53).
cost(22, 10, 25).
cost(22, 11, 68).
cost(22, 12, 45).
cost(22, 13, 14).
cost(22, 14, 62).
cost(22, 15, 23).
cost(22, 16, 35).
cost(22, 17, 10).
cost(22, 18, 23).
cost(22, 19, 44).
cost(22, 20, 14).
cost(22, 21, 12).
cost(22, 23, 46).
cost(22, 24, 66).
cost(22, 25, 62).
cost(22, 26, 69).
cost(22, 27, 13).
cost(22, 28, 79).
cost(23, 1, 59).
cost(23, 2, 43).
cost(23, 3, 57).
cost(23, 4, 34).
cost(23, 5, 22).
cost(23, 6, 52).
cost(23, 7, 24).
cost(23, 8, 54).
cost(23, 9, 10).
cost(23, 10, 69).
cost(23, 11, 64).
cost(23, 12, 10).
cost(23, 13, 37).
cost(23, 14, 38).
cost(23, 15, 24).
cost(23, 16, 81).
cost(23, 17, 42).
cost(23, 18, 69).
cost(23, 19, 45).
cost(23, 20, 33).
cost(23, 21, 57).
cost(23, 22, 46).
cost(23, 24, 30).
cost(23, 25, 30).
cost(23, 26, 44).
cost(23, 27, 45).
cost(23, 28, 46).
cost(24, 1, 75).
cost(24, 2, 55).
cost(24, 3, 39).
cost(24, 4, 50).
cost(24, 5, 16).
cost(24, 6, 44).
cost(24, 7, 39).
cost(24, 8, 43).
cost(24, 9, 35).
cost(24, 10, 83).
cost(24, 11, 47).
cost(24, 12, 23).
cost(24, 13, 53).
cost(24, 14, 17).
cost(24, 15, 44).
cost(24, 16, 97).
cost(24, 17, 58).
cost(24, 18, 87).
cost(24, 19, 40).
cost(24, 20, 52).
cost(24, 21, 78).
cost(24, 22, 66).
cost(24, 23, 30).
cost(24, 25, 7).
cost(24, 26, 18).
cost(24, 27, 59).
cost(24, 28, 16).
cost(25, 1, 70).
cost(25, 2, 50).
cost(25, 3, 33).
cost(25, 4, 45).
cost(25, 5, 21).
cost(25, 6, 37).
cost(25, 7, 43).
cost(25, 8, 37).
cost(25, 9, 37).
cost(25, 10, 78).
cost(25, 11, 41).
cost(25, 12, 22).
cost(25, 13, 49).
cost(25, 14, 10).
cost(25, 15, 41).
cost(25, 16, 93).
cost(25, 17, 54).
cost(25, 18, 83).
cost(25, 19, 34).
cost(25, 20, 49).
cost(25, 21, 74).
cost(25, 22, 62).
cost(25, 23, 30).
cost(25, 24, 7).
cost(25, 26, 14).
cost(25, 27, 54).
cost(25, 28, 17).
cost(26, 1, 75).
cost(26, 2, 55).
cost(26, 3, 22).
cost(26, 4, 52).
cost(26, 5, 34).
cost(26, 6, 33).
cost(26, 7, 57).
cost(26, 8, 31).
cost(26, 9, 51).
cost(26, 10, 81).
cost(26, 11, 31).
cost(26, 12, 34).
cost(26, 13, 56).
cost(26, 14, 8).
cost(26, 15, 51).
cost(26, 16, 97).
cost(26, 17, 60).
cost(26, 18, 88).
cost(26, 19, 32).
cost(26, 20, 57).
cost(26, 21, 81).
cost(26, 22, 69).
cost(26, 23, 44).
cost(26, 24, 18).
cost(26, 25, 14).
cost(26, 27, 59).
cost(26, 28, 13).
cost(27, 1, 16).
cost(27, 2, 4).
cost(27, 3, 54).
cost(27, 4, 11).
cost(27, 5, 62).
cost(27, 6, 37).
cost(27, 7, 69).
cost(27, 8, 41).
cost(27, 9, 53).
cost(27, 10, 25).
cost(27, 11, 55).
cost(27, 12, 41).
cost(27, 13, 8).
cost(27, 14, 52).
cost(27, 15, 22).
cost(27, 16, 39).
cost(27, 17, 5).
cost(27, 18, 29).
cost(27, 19, 31).
cost(27, 20, 15).
cost(27, 21, 23).
cost(27, 22, 13).
cost(27, 23, 45).
cost(27, 24, 59).
cost(27, 25, 54).
cost(27, 26, 59).
cost(27, 28, 70).
cost(28, 1, 86).
cost(28, 2, 66).
cost(28, 3, 34).
cost(28, 4, 62).
cost(28, 5, 30).
cost(28, 6, 46).
cost(28, 7, 53).
cost(28, 8, 44).
cost(28, 9, 51).
cost(28, 10, 93).
cost(28, 11, 43).
cost(28, 12, 39).
cost(28, 13, 65).
cost(28, 14, 19).
cost(28, 15, 58).
cost(28, 16, 108).
cost(28, 17, 70).
cost(28, 18, 99).
cost(28, 19, 45).
cost(28, 20, 66).
cost(28, 21, 90).
cost(28, 22, 79).
cost(28, 23, 46).
cost(28, 24, 16).
cost(28, 25, 17).
cost(28, 26, 13).
cost(28, 27, 70).
