dimension(28).
point(1, 0.9001124465, 59.1625216002).
point(2, 14.8817348509, 52.3759791561).
point(3, 88.4008491476, 59.3742120934).
point(4, 81.1823011173, 40.9528462576).
point(5, 19.5804168758, 55.4440112418).
point(6, 53.7735715878, 11.8905753913).
point(7, 82.3957178891, 14.4372519039).
point(8, 58.4864591286, 91.6672734558).
point(9, 46.9353823726, 9.6740351975).
point(10, 69.4372435164, 24.9167984594).
point(11, 50.1108252426, 77.7604826275).
point(12, 13.9087330198, 80.8089790646).
point(13, 58.1054845228, 27.608519077).
point(14, 1.7474723253, 77.4716767729).
point(15, 74.9492201636, 58.9128185453).
point(16, 33.4969279425, 83.7100516317).
point(17, 46.2071765423, 94.2370211117).
point(18, 35.663197274, 73.5651311505).
point(19, 62.0290600331, 57.5063010788).
point(20, 79.5906516205, 30.9890877306).
point(21, 94.135665735, 45.0852969868).
point(22, 65.4310459306, 69.0484096958).
point(23, 53.0147002012, 20.1846515269).
point(24, 47.9083162366, 60.409099211).
point(25, 49.721178589, 16.1081149015).
point(26, 83.7820751615, 23.6855615212).
point(27, 93.5337726249, 14.709623651).
point(28, 68.8731692839, 71.1352277419).
cost(1, 2, 16).
cost(1, 3, 88).
cost(1, 4, 82).
cost(1, 5, 19).
cost(1, 6, 71).
cost(1, 7, 93).
cost(1, 8, 66).
cost(1, 9, 68).
cost(1, 10, 77).
cost(1, 11, 53).
cost(1, 12, 25).
cost(1, 13, 65).
cost(1, 14, 18).
cost(1, 15, 74).
cost(1, 16, 41).
cost(1, 17, 57).
cost(1, 18, 38).
cost(1, 19, 61).
cost(1, 20, 84).
cost(1, 21, 94).
cost(1, 22, 65).
cost(1, 23, 65).
cost(1, 24, 47).
cost(1, 25, 65).
cost(1, 26, 90).
cost(1, 27, 103).
cost(1, 28, 69).
cost(2, 1, 16).
cost(2, 3, 74).
cost(2, 4, 67).
cost(2, 5, 6).
cost(2, 6, 56).
cost(2, 7, 77).
cost(2, 8, 59).
cost(2, 9, 53).
cost(2, 10, 61).
cost(2, 11, 43).
cost(2, 12, 28).
cost(2, 13, 50).
cost(2, 14, 28).
cost(2, 15, 60).
cost(2, 16, 36).
cost(2, 17, 52).
cost(2, 18, 30).
cost(2, 19, 47).
cost(2, 20, 68).
cost(2, 21, 80).
cost(2, 22, 53).
cost(2, 23, 50).
cost(2, 24, 34).
cost(2, 25, 50).
cost(2, 26, 75).
cost(2, 27, 87).
cost(2, 28, 57).
cost(3, 1, 88).
cost(3, 2, 74).
cost(3, 4, 20).
cost(3, 5, 69).
cost(3, 6, 59).
cost(3, 7, 45).
cost(3, 8, 44).
cost(3, 9, 65).
cost(3, 10, 39).
cost(3, 11, 42).
cost(3, 12, 78).
cost(3, 13, 44).
cost(3, 14, 89).
cost(3, 15, 13).
cost(3, 16, 60).
cost(3, 17, 55).
cost(3, 18, 55).
cost(3, 19, 26).
cost(3, 20, 30).
cost(3, 21, 15).
cost(3, 22, 25).
cost(3, 23, 53).
cost(3, 24, 41).
cost(3, 25, 58).
cost(3, 26, 36).
cost(3, 27, 45).
cost(3, 28, 23).
cost(4, 1, 82).
cost(4, 2, 67).
cost(4, 3, 20).
cost(4, 5, 63).
cost(4, 6, 40).
cost(4, 7, 27).
cost(4, 8, 56).
cost(4, 9, 46).
cost(4, 10, 20).
cost(4, 11, 48).
cost(4, 12, 78).
cost(4, 13, 27).
cost(4, 14, 87).
cost(4, 15, 19).
cost(4, 16, 64).
cost(4, 17, 64).
cost(4, 18, 56).
cost(4, 19, 25).
cost(4, 20, 10).
cost(4, 21, 14).
cost(4, 22, 32).
cost(4, 23, 35).
cost(4, 24, 39).
cost(4, 25, 40).
cost(4, 26, 17).
cost(4, 27, 29).
cost(4, 28, 33).
cost(5, 1, 19).
cost(5, 2, 6).
cost(5, 3, 69).
cost(5, 4, 63).
cost(5, 6, 55).
cost(5, 7, 75).
cost(5, 8, 53).
cost(5, 9, 53).
cost(5, 10, 58).
cost(5, 11, 38).
cost(5, 12, 26).
cost(5, 13, 48).
cost(5, 14, 28).
cost(5, 15, 55).
cost(5, 16, 32).
cost(5, 17, 47).
cost(5, 18, 24).
cost(5, 19, 42).
cost(5, 20, 65).
cost(5, 21, 75).
cost(5, 22, 48).
cost(5, 23, 49).
cost(5, 24, 29).
cost(5, 25, 50).
cost(5, 26, 72).
cost(5, 27, 84).
cost(5, 28, 52).
cost(6, 1, 71).
cost(6, 2, 56).
cost(6, 3, 59).
cost(6, 4, 40).
cost(6, 5, 55).
cost(6, 7, 29).
cost(6, 8, 80).
cost(6, 9, 7).
cost(6, 10, 20).
cost(6, 11, 66).
cost(6, 12, 80).
cost(6, 13, 16).
cost(6, 14, 84).
cost(6, 15, 52).
cost(6, 16, 75).
cost(6, 17, 83).
cost(6, 18, 64).
cost(6, 19, 46).
cost(6, 20, 32).
cost(6, 21, 52).
cost(6, 22, 58).
cost(6, 23, 8).
cost(6, 24, 49).
cost(6, 25, 6).
cost(6, 26, 32).
cost(6, 27, 40).
cost(6, 28, 61).
cost(7, 1, 93).
cost(7, 2, 77).
cost(7, 3, 45).
cost(7, 4, 27).
cost(7, 5, 75).
cost(7, 6, 29).
cost(7, 8, 81).
cost(7, 9, 36).
cost(7, 10, 17).
cost(7, 11, 71).
cost(7, 12, 95).
cost(7, 13, 28).
cost(7, 14, 102).
cost(7, 15, 45).
cost(7, 16, 85).
cost(7, 17, 88).
cost(7, 18, 75).
cost(7, 19, 48).
cost(7, 20, 17).
cost(7, 21, 33).
cost(7, 22, 57).
cost(7, 23, 30).
cost(7, 24, 57).
cost(7, 25, 33).
cost(7, 26, 9).
cost(7, 27, 11).
cost(7, 28, 58).
cost(8, 1, 66).
cost(8, 2, 59).
cost(8, 3, 44).
cost(8, 4, 56).
cost(8, 5, 53).
cost(8, 6, 80).
cost(8, 7, 81).
cost(8, 9, 83).
cost(8, 10, 68).
cost(8, 11, 16).
cost(8, 12, 46).
cost(8, 13, 64).
cost(8, 14, 58).
cost(8, 15, 37).
cost(8, 16, 26).
cost(8, 17, 13).
cost(8, 18, 29).
cost(8, 19, 34).
cost(8, 20, 64).
cost(8, 21, 59).
cost(8, 22, 24).
cost(8, 23, 72).
cost(8, 24, 33).
cost(8, 25, 76).
cost(8, 26, 73).
cost(8, 27, 85).
cost(8, 28, 23).
cost(9, 1, 68).
cost(9, 2, 53).
cost(9, 3, 65).
cost(9, 4, 46).
cost(9, 5, 53).
cost(9, 6, 7).
cost(9, 7, 36).
cost(9, 8, 83).
cost(9, 10, 27).
cost(9, 11, 68).
cost(9, 12, 78).
cost(9, 13, 21).
cost(9, 14, 81).
cost(9, 15, 57).
cost(9, 16, 75).
cost(9, 17, 85).
cost(9, 18, 65).
cost(9, 19, 50).
cost(9, 20, 39).
cost(9, 21, 59).
cost(9, 22, 62).
cost(9, 23, 12).
cost(9, 24, 51).
cost(9, 25, 7).
cost(9, 26, 39).
cost(9, 27, 47).
cost(9, 28, 65).
cost(10, 1, 77).
cost(10, 2, 61).
cost(10, 3, 39).
cost(10, 4, 20).
cost(10, 5, 58).
cost(10, 6, 20).
cost(10, 7, 17).
cost(10, 8, 68).
cost(10, 9, 27).
cost(10, 11, 56).
cost(10, 12, 79).
cost(10, 13, 12).
cost(10, 14, 86).
cost(10, 15, 34).
cost(10, 16, 69).
cost(10, 17, 73).
cost(10, 18, 59).
cost(10, 19, 33).
cost(10, 20, 12).
cost(10, 21, 32).
cost(10, 22, 44).
cost(10, 23, 17).
cost(10, 24, 42).
cost(10, 25, 22).
cost(10, 26, 14).
cost(10, 27, 26).
cost(10, 28, 46).
cost(11, 1, 53).
cost(11, 2, 43).
cost(11, 3, 42).
cost(11, 4, 48).
cost(11, 5, 38).
cost(11, 6, 66).
cost(11, 7, 71).
cost(11, 8, 16).
cost(11, 9, 68).
cost(11, 10, 56).
cost(11, 12, 36).
cost(11, 13, 51).
cost(11, 14, 48).
cost(11, 15, 31).
cost(11, 16, 18).
cost(11, 17, 17).
cost(11, 18, 15).
cost(11, 19, 24).
cost(11, 20, 55).
cost(11, 21, 55).
cost(11, 22, 18).
cost(11, 23, 58).
cost(11, 24, 17).
cost(11, 25, 62).
cost(11, 26, 64).
cost(11, 27, 77).
cost(11, 28, 20).
cost(12, 1, 25).
cost(12, 2, 28).
cost(12, 3, 78).
cost(12, 4, 78).
cost(12, 5, 26).
cost(12, 6, 80).
cost(12, 7, 95).
cost(12, 8, 46).
cost(12, 9, 78).
cost(12, 10, 79).
cost(12, 11, 36).
cost(12, 13, 69).
cost(12, 14, 13).
cost(12, 15, 65).
cost(12, 16, 20).
cost(12, 17, 35).
cost(12, 18, 23).
cost(12, 19, 53).
cost(12, 20, 82).
cost(12, 21, 88).
cost(12, 22, 53).
cost(12, 23, 72).
cost(12, 24, 40).
cost(12, 25, 74).
cost(12, 26, 90).
cost(12, 27, 103).
cost(12, 28, 56).
cost(13, 1, 65).
cost(13, 2, 50).
cost(13, 3, 44).
cost(13, 4, 27).
cost(13, 5, 48).
cost(13, 6, 16).
cost(13, 7, 28).
cost(13, 8, 64).
cost(13, 9, 21).
cost(13, 10, 12).
cost(13, 11, 51).
cost(13, 12, 69).
cost(13, 14, 75).
cost(13, 15, 36).
cost(13, 16, 61).
cost(13, 17, 68).
cost(13, 18, 51).
cost(13, 19, 30).
cost(13, 20, 22).
cost(13, 21, 40).
cost(13, 22, 42).
cost(13, 23, 9).
cost(13, 24, 34).
cost(13, 25, 14).
cost(13, 26, 26).
cost(13, 27, 38).
cost(13, 28, 45).
cost(14, 1, 18).
cost(14, 2, 28).
cost(14, 3, 89).
cost(14, 4, 87).
cost(14, 5, 28).
cost(14, 6, 84).
cost(14, 7, 102).
cost(14, 8, 58).
cost(14, 9, 81).
cost(14, 10, 86).
cost(14, 11, 48).
cost(14, 12, 13).
cost(14, 13, 75).
cost(14, 15, 76).
cost(14, 16, 32).
cost(14, 17, 48).
cost(14, 18, 34).
cost(14, 19, 64).
cost(14, 20, 91).
cost(14, 21, 98).
cost(14, 22, 64).
cost(14, 23, 77).
cost(14, 24, 49).
cost(14, 25, 78).
cost(14, 26, 98).
cost(14, 27, 111).
cost(14, 28, 67).
cost(15, 1, 74).
cost(15, 2, 60).
cost(15, 3, 13).
cost(15, 4, 19).
cost(15, 5, 55).
cost(15, 6, 52).
cost(15, 7, 45).
cost(15, 8, 37).
cost(15, 9, 57).
cost(15, 10, 34).
cost(15, 11, 31).
cost(15, 12, 65).
cost(15, 13, 36).
cost(15, 14, 76).
cost(15, 16, 48).
cost(15, 17, 46).
cost(15, 18, 42).
cost(15, 19, 13).
cost(15, 20, 28).
cost(15, 21, 24).
cost(15, 22, 14).
cost(15, 23, 45).
cost(15, 24, 27).
cost(15, 25, 50).
cost(15, 26, 36).
cost(15, 27, 48).
cost(15, 28, 14).
cost(16, 1, 41).
cost(16, 2, 36).
cost(16, 3, 60).
cost(16, 4, 64).
cost(16, 5, 32).
cost(16, 6, 75).
cost(16, 7, 85).
cost(16, 8, 26).
cost(16, 9, 75).
cost(16, 10, 69).
cost(16, 11, 18).
cost(16, 12, 20).
cost(16, 13, 61).
cost(16, 14, 32).
cost(16, 15, 48).
cost(16, 17, 17).
cost(16, 18, 10).
cost(16, 19, 39).
cost(16, 20, 70).
cost(16, 21, 72).
cost(16, 22, 35).
cost(16, 23, 66).
cost(16, 24, 27).
cost(16, 25, 70).
cost(16, 26, 78).
cost(16, 27, 91).
cost(16, 28, 38).
cost(17, 1, 57).
cost(17, 2, 52).
cost(17, 3, 55).
cost(17, 4, 64).
cost(17, 5, 47).
cost(17, 6, 83).
cost(17, 7, 88).
cost(17, 8, 13).
cost(17, 9, 85).
cost(17, 10, 73).
cost(17, 11, 17).
cost(17, 12, 35).
cost(17, 13, 68).
cost(17, 14, 48).
cost(17, 15, 46).
cost(17, 16, 17).
cost(17, 18, 23).
cost(17, 19, 40).
cost(17, 20, 72).
cost(17, 21, 69).
cost(17, 22, 32).
cost(17, 23, 74).
cost(17, 24, 34).
cost(17, 25, 78).
cost(17, 26, 80).
cost(17, 27, 93).
cost(17, 28, 32).
cost(18, 1, 38).
cost(18, 2, 30).
cost(18, 3, 55).
cost(18, 4, 56).
cost(18, 5, 24).
cost(18, 6, 64).
cost(18, 7, 75).
cost(18, 8, 29).
cost(18, 9, 65).
cost(18, 10, 59).
cost(18, 11, 15).
cost(18, 12, 23).
cost(18, 13, 51).
cost(18, 14, 34).
cost(18, 15, 42).
cost(18, 16, 10).
cost(18, 17, 23).
cost(18, 19, 31).
cost(18, 20, 61).
cost(18, 21, 65).
cost(18, 22, 30).
cost(18, 23, 56).
cost(18, 24, 18).
cost(18, 25, 59).
cost(18, 26, 69).
cost(18, 27, 83).
cost(18, 28, 33).
cost(19, 1, 61).
cost(19, 2, 47).
cost(19, 3, 26).
cost(19, 4, 25).
cost(19, 5, 42).
cost(19, 6, 46).
cost(19, 7, 48).
cost(19, 8, 34).
cost(19, 9, 50).
cost(19, 10, 33).
cost(19, 11, 24).
cost(19, 12, 53).
cost(19, 13, 30).
cost(19, 14, 64).
cost(19, 15, 13).
cost(19, 16, 39).
cost(19, 17, 40).
cost(19, 18, 31).
cost(19, 20, 32).
cost(19, 21, 34).
cost(19, 22, 12).
cost(19, 23, 38).
cost(19, 24, 14).
cost(19, 25, 43).
cost(19, 26, 40).
cost(19, 27, 53).
cost(19, 28, 15).
cost(20, 1, 84).
cost(20, 2, 68).
cost(20, 3, 30).
cost(20, 4, 10).
cost(20, 5, 65).
cost(20, 6, 32).
cost(20, 7, 17).
cost(20, 8, 64).
cost(20, 9, 39).
cost(20, 10, 12).
cost(20, 11, 55).
cost(20, 12, 82).
cost(20, 13, 22).
cost(20, 14, 91).
cost(20, 15, 28).
cost(20, 16, 70).
cost(20, 17, 72).
cost(20, 18, 61).
cost(20, 19, 32).
cost(20, 21, 20).
cost(20, 22, 41).
cost(20, 23, 29).
cost(20, 24, 43).
cost(20, 25, 33).
cost(20, 26, 8).
cost(20, 27, 21).
cost(20, 28, 42).
cost(21, 1, 94).
cost(21, 2, 80).
cost(21, 3, 15).
cost(21, 4, 14).
cost(21, 5, 75).
cost(21, 6, 52).
cost(21, 7, 33).
cost(21, 8, 59).
cost(21, 9, 59).
cost(21, 10, 32).
cost(21, 11, 55).
cost(21, 12, 88).
cost(21, 13, 40).
cost(21, 14, 98).
cost(21, 15, 24).
cost(21, 16, 72).
cost(21, 17, 69).
cost(21, 18, 65).
cost(21, 19, 34).
cost(21, 20, 20).
cost(21, 22, 37).
cost(21, 23, 48).
cost(21, 24, 49).
cost(21, 25, 53).
cost(21, 26, 24).
cost(21, 27, 30).
cost(21, 28, 36).
cost(22, 1, 65).
cost(22, 2, 53).
cost(22, 3, 25).
cost(22, 4, 32).
cost(22, 5, 48).
cost(22, 6, 58).
cost(22, 7, 57).
cost(22, 8, 24).
cost(22, 9, 62).
cost(22, 10, 44).
cost(22, 11, 18).
cost(22, 12, 53).
cost(22, 13, 42).
cost(22, 14, 64).
cost(22, 15, 14).
cost(22, 16, 35).
cost(22, 17, 32).
cost(22, 18, 30).
cost(22, 19, 12).
cost(22, 20, 41).
cost(22, 21, 37).
cost(22, 23, 50).
cost(22, 24, 20).
cost(22, 25, 55).
cost(22, 26, 49).
cost(22, 27, 61).
cost(22, 28, 4).
cost(23, 1, 65).
cost(23, 2, 50).
cost(23, 3, 53).
cost(23, 4, 35).
cost(23, 5, 49).
cost(23, 6, 8).
cost(23, 7, 30).
cost(23, 8, 72).
cost(23, 9, 12).
cost(23, 10, 17).
cost(23, 11, 58).
cost(23, 12, 72).
cost(23, 13, 9).
cost(23, 14, 77).
cost(23, 15, 45).
cost(23, 16, 66).
cost(23, 17, 74).
cost(23, 18, 56).
cost(23, 19, 38).
cost(23, 20, 29).
cost(23, 21, 48).
cost(23, 22, 50).
cost(23, 24, 41).
cost(23, 25, 5).
cost(23, 26, 31).
cost(23, 27, 41).
cost(23, 28, 53).
cost(24, 1, 47).
cost(24, 2, 34).
cost(24, 3, 41).
cost(24, 4, 39).
cost(24, 5, 29).
cost(24, 6, 49).
cost(24, 7, 57).
cost(24, 8, 33).
cost(24, 9, 51).
cost(24, 10, 42).
cost(24, 11, 17).
cost(24, 12, 40).
cost(24, 13, 34).
cost(24, 14, 49).
cost(24, 15, 27).
cost(24, 16, 27).
cost(24, 17, 34).
cost(24, 18, 18).
cost(24, 19, 14).
cost(24, 20, 43).
cost(24, 21, 49).
cost(24, 22, 20).
cost(24, 23, 41).
cost(24, 25, 44).
cost(24, 26, 51).
cost(24, 27, 65).
cost(24, 28, 24).
cost(25, 1, 65).
cost(25, 2, 50).
cost(25, 3, 58).
cost(25, 4, 40).
cost(25, 5, 50).
cost(25, 6, 6).
cost(25, 7, 33).
cost(25, 8, 76).
cost(25, 9, 7).
cost(25, 10, 22).
cost(25, 11, 62).
cost(25, 12, 74).
cost(25, 13, 14).
cost(25, 14, 78).
cost(25, 15, 50).
cost(25, 16, 70).
cost(25, 17, 78).
cost(25, 18, 59).
cost(25, 19, 43).
cost(25, 20, 33).
cost(25, 21, 53).
cost(25, 22, 55).
cost(25, 23, 5).
cost(25, 24, 44).
cost(25, 26, 35).
cost(25, 27, 44).
cost(25, 28, 58).
cost(26, 1, 90).
cost(26, 2, 75).
cost(26, 3, 36).
cost(26, 4, 17).
cost(26, 5, 72).
cost(26, 6, 32).
cost(26, 7, 9).
cost(26, 8, 73).
cost(26, 9, 39).
cost(26, 10, 14).
cost(26, 11, 64).
cost(26, 12, 90).
cost(26, 13, 26).
cost(26, 14, 98).
cost(26, 15, 36).
cost(26, 16, 78).
cost(26, 17, 80).
cost(26, 18, 69).
cost(26, 19, 40).
cost(26, 20, 8).
cost(26, 21, 24).
cost(26, 22, 49).
cost(26, 23, 31).
cost(26, 24, 51).
cost(26, 25, 35).
cost(26, 27, 13).
cost(26, 28, 50).
cost(27, 1, 103).
cost(27, 2, 87).
cost(27, 3, 45).
cost(27, 4, 29).
cost(27, 5, 84).
cost(27, 6, 40).
cost(27, 7, 11).
cost(27, 8, 85).
cost(27, 9, 47).
cost(27, 10, 26).
cost(27, 11, 77).
cost(27, 12, 103).
cost(27, 13, 38).
cost(27, 14, 111).
cost(27, 15, 48).
cost(27, 16, 91).
cost(27, 17, 93).
cost(27, 18, 83).
cost(27, 19, 53).
cost(27, 20, 21).
cost(27, 21, 30).
cost(27, 22, 61).
cost(27, 23, 41).
cost(27, 24, 65).
cost(27, 25, 44).
cost(27, 26, 13).
cost(27, 28, 62).
cost(28, 1, 69).
cost(28, 2, 57).
cost(28, 3, 23).
cost(28, 4, 33).
cost(28, 5, 52).
cost(28, 6, 61).
cost(28, 7, 58).
cost(28, 8, 23).
cost(28, 9, 65).
cost(28, 10, 46).
cost(28, 11, 20).
cost(28, 12, 56).
cost(28, 13, 45).
cost(28, 14, 67).
cost(28, 15, 14).
cost(28, 16, 38).
cost(28, 17, 32).
cost(28, 18, 33).
cost(28, 19, 15).
cost(28, 20, 42).
cost(28, 21, 36).
cost(28, 22, 4).
cost(28, 23, 53).
cost(28, 24, 24).
cost(28, 25, 58).
cost(28, 26, 50).
cost(28, 27, 62).
