dimension(28).
point(1, 8.1798635641, 72.9100062793).
point(2, 20.590382222, 15.6518740937).
point(3, 11.9695805316, 27.6376831125).
point(4, 25.938481344, 7.6142069701).
point(5, 65.4920812804, 19.4197997266).
point(6, 9.3117368292, 72.8826795588).
point(7, 83.2698973038, 47.2371457392).
point(8, 80.3112807145, 20.74075882).
point(9, 11.9369146282, 88.2310059773).
point(10, 21.3055220348, 26.3082079643).
point(11, 98.1433428948, 33.0920267259).
point(12, 33.3808642119, 3.5987040043).
point(13, 39.7319782829, 65.2298876842).
point(14, 66.8480311256, 12.1601924501).
point(15, 16.6038610864, 91.3131375918).
point(16, 76.6604316038, 51.9670255689).
point(17, 69.8363785795, 17.2609926651).
point(18, 31.9712168639, 84.4468603289).
point(19, 71.6430591062, 87.9060103879).
point(20, 42.1177956168, 73.2181266546).
point(21, 67.046070007, 47.9543752252).
point(22, 59.1357521528, 63.4816034388).
point(23, 96.468456032, 45.5908658456).
point(24, 93.4646313255, 60.3578455195).
point(25, 65.0675346892, 26.3958858207).
point(26, 44.1114924903, 62.0620857983).
point(27, 56.3994733475, 41.6844511938).
point(28, 90.1148055276, 44.6428859911).
cost(1, 2, 59).
cost(1, 3, 45).
cost(1, 4, 68).
cost(1, 5, 78).
cost(1, 6, 1).
cost(1, 7, 79).
cost(1, 8, 89).
cost(1, 9, 16).
cost(1, 10, 48).
cost(1, 11, 98).
cost(1, 12, 74).
cost(1, 13, 32).
cost(1, 14, 84).
cost(1, 15, 20).
cost(1, 16, 72).
cost(1, 17, 83).
cost(1, 18, 26).
cost(1, 19, 65).
cost(1, 20, 34).
cost(1, 21, 64).
cost(1, 22, 52).
cost(1, 23, 92).
cost(1, 24, 86).
cost(1, 25, 73).
cost(1, 26, 38).
cost(1, 27, 57).
cost(1, 28, 87).
cost(2, 1, 59).
cost(2, 3, 15).
cost(2, 4, 10).
cost(2, 5, 45).
cost(2, 6, 58).
cost(2, 7, 70).
cost(2, 8, 60).
cost(2, 9, 73).
cost(2, 10, 11).
cost(2, 11, 79).
cost(2, 12, 18).
cost(2, 13, 53).
cost(2, 14, 46).
cost(2, 15, 76).
cost(2, 16, 67).
cost(2, 17, 49).
cost(2, 18, 70).
cost(2, 19, 88).
cost(2, 20, 61).
cost(2, 21, 57).
cost(2, 22, 61).
cost(2, 23, 82).
cost(2, 24, 85).
cost(2, 25, 46).
cost(2, 26, 52).
cost(2, 27, 44).
cost(2, 28, 75).
cost(3, 1, 45).
cost(3, 2, 15).
cost(3, 4, 24).
cost(3, 5, 54).
cost(3, 6, 45).
cost(3, 7, 74).
cost(3, 8, 69).
cost(3, 9, 61).
cost(3, 10, 9).
cost(3, 11, 86).
cost(3, 12, 32).
cost(3, 13, 47).
cost(3, 14, 57).
cost(3, 15, 64).
cost(3, 16, 69).
cost(3, 17, 59).
cost(3, 18, 60).
cost(3, 19, 85).
cost(3, 20, 55).
cost(3, 21, 59).
cost(3, 22, 59).
cost(3, 23, 86).
cost(3, 24, 88).
cost(3, 25, 53).
cost(3, 26, 47).
cost(3, 27, 47).
cost(3, 28, 80).
cost(4, 1, 68).
cost(4, 2, 10).
cost(4, 3, 24).
cost(4, 5, 41).
cost(4, 6, 67).
cost(4, 7, 70).
cost(4, 8, 56).
cost(4, 9, 82).
cost(4, 10, 19).
cost(4, 11, 77).
cost(4, 12, 8).
cost(4, 13, 59).
cost(4, 14, 41).
cost(4, 15, 84).
cost(4, 16, 67).
cost(4, 17, 45).
cost(4, 18, 77).
cost(4, 19, 92).
cost(4, 20, 68).
cost(4, 21, 58).
cost(4, 22, 65).
cost(4, 23, 80).
cost(4, 24, 86).
cost(4, 25, 43).
cost(4, 26, 57).
cost(4, 27, 46).
cost(4, 28, 74).
cost(5, 1, 78).
cost(5, 2, 45).
cost(5, 3, 54).
cost(5, 4, 41).
cost(5, 6, 78).
cost(5, 7, 33).
cost(5, 8, 15).
cost(5, 9, 87).
cost(5, 10, 45).
cost(5, 11, 35).
cost(5, 12, 36).
cost(5, 13, 53).
cost(5, 14, 7).
cost(5, 15, 87).
cost(5, 16, 34).
cost(5, 17, 5).
cost(5, 18, 73).
cost(5, 19, 69).
cost(5, 20, 59).
cost(5, 21, 29).
cost(5, 22, 45).
cost(5, 23, 41).
cost(5, 24, 50).
cost(5, 25, 7).
cost(5, 26, 48).
cost(5, 27, 24).
cost(5, 28, 35).
cost(6, 1, 1).
cost(6, 2, 58).
cost(6, 3, 45).
cost(6, 4, 67).
cost(6, 5, 78).
cost(6, 7, 78).
cost(6, 8, 88).
cost(6, 9, 16).
cost(6, 10, 48).
cost(6, 11, 97).
cost(6, 12, 73).
cost(6, 13, 31).
cost(6, 14, 84).
cost(6, 15, 20).
cost(6, 16, 71).
cost(6, 17, 82).
cost(6, 18, 25).
cost(6, 19, 64).
cost(6, 20, 33).
cost(6, 21, 63).
cost(6, 22, 51).
cost(6, 23, 91).
cost(6, 24, 85).
cost(6, 25, 73).
cost(6, 26, 36).
cost(6, 27, 56).
cost(6, 28, 86).
cost(7, 1, 79).
cost(7, 2, 70).
cost(7, 3, 74).
cost(7, 4, 70).
cost(7, 5, 33).
cost(7, 6, 78).
cost(7, 8, 27).
cost(7, 9, 82).
cost(7, 10, 65).
cost(7, 11, 21).
cost(7, 12, 66).
cost(7, 13, 47).
cost(7, 14, 39).
cost(7, 15, 80).
cost(7, 16, 8).
cost(7, 17, 33).
cost(7, 18, 63).
cost(7, 19, 42).
cost(7, 20, 49).
cost(7, 21, 16).
cost(7, 22, 29).
cost(7, 23, 13).
cost(7, 24, 17).
cost(7, 25, 28).
cost(7, 26, 42).
cost(7, 27, 27).
cost(7, 28, 7).
cost(8, 1, 89).
cost(8, 2, 60).
cost(8, 3, 69).
cost(8, 4, 56).
cost(8, 5, 15).
cost(8, 6, 88).
cost(8, 7, 27).
cost(8, 9, 96).
cost(8, 10, 59).
cost(8, 11, 22).
cost(8, 12, 50).
cost(8, 13, 60).
cost(8, 14, 16).
cost(8, 15, 95).
cost(8, 16, 31).
cost(8, 17, 11).
cost(8, 18, 80).
cost(8, 19, 68).
cost(8, 20, 65).
cost(8, 21, 30).
cost(8, 22, 48).
cost(8, 23, 30).
cost(8, 24, 42).
cost(8, 25, 16).
cost(8, 26, 55).
cost(8, 27, 32).
cost(8, 28, 26).
cost(9, 1, 16).
cost(9, 2, 73).
cost(9, 3, 61).
cost(9, 4, 82).
cost(9, 5, 87).
cost(9, 6, 16).
cost(9, 7, 82).
cost(9, 8, 96).
cost(9, 10, 63).
cost(9, 11, 102).
cost(9, 12, 87).
cost(9, 13, 36).
cost(9, 14, 94).
cost(9, 15, 6).
cost(9, 16, 74).
cost(9, 17, 92).
cost(9, 18, 20).
cost(9, 19, 60).
cost(9, 20, 34).
cost(9, 21, 68).
cost(9, 22, 53).
cost(9, 23, 95).
cost(9, 24, 86).
cost(9, 25, 82).
cost(9, 26, 41).
cost(9, 27, 64).
cost(9, 28, 90).
cost(10, 1, 48).
cost(10, 2, 11).
cost(10, 3, 9).
cost(10, 4, 19).
cost(10, 5, 45).
cost(10, 6, 48).
cost(10, 7, 65).
cost(10, 8, 59).
cost(10, 9, 63).
cost(10, 11, 77).
cost(10, 12, 26).
cost(10, 13, 43).
cost(10, 14, 48).
cost(10, 15, 65).
cost(10, 16, 61).
cost(10, 17, 49).
cost(10, 18, 59).
cost(10, 19, 80).
cost(10, 20, 51).
cost(10, 21, 51).
cost(10, 22, 53).
cost(10, 23, 78).
cost(10, 24, 80).
cost(10, 25, 44).
cost(10, 26, 42).
cost(10, 27, 38).
cost(10, 28, 71).
cost(11, 1, 98).
cost(11, 2, 79).
cost(11, 3, 86).
cost(11, 4, 77).
cost(11, 5, 35).
cost(11, 6, 97).
cost(11, 7, 21).
cost(11, 8, 22).
cost(11, 9, 102).
cost(11, 10, 77).
cost(11, 12, 71).
cost(11, 13, 67).
cost(11, 14, 38).
cost(11, 15, 100).
cost(11, 16, 29).
cost(11, 17, 32).
cost(11, 18, 84).
cost(11, 19, 61).
cost(11, 20, 69).
cost(11, 21, 34).
cost(11, 22, 49).
cost(11, 23, 13).
cost(11, 24, 28).
cost(11, 25, 34).
cost(11, 26, 61).
cost(11, 27, 43).
cost(11, 28, 14).
cost(12, 1, 74).
cost(12, 2, 18).
cost(12, 3, 32).
cost(12, 4, 8).
cost(12, 5, 36).
cost(12, 6, 73).
cost(12, 7, 66).
cost(12, 8, 50).
cost(12, 9, 87).
cost(12, 10, 26).
cost(12, 11, 71).
cost(12, 13, 62).
cost(12, 14, 35).
cost(12, 15, 89).
cost(12, 16, 65).
cost(12, 17, 39).
cost(12, 18, 81).
cost(12, 19, 93).
cost(12, 20, 70).
cost(12, 21, 56).
cost(12, 22, 65).
cost(12, 23, 76).
cost(12, 24, 83).
cost(12, 25, 39).
cost(12, 26, 59).
cost(12, 27, 45).
cost(12, 28, 70).
cost(13, 1, 32).
cost(13, 2, 53).
cost(13, 3, 47).
cost(13, 4, 59).
cost(13, 5, 53).
cost(13, 6, 31).
cost(13, 7, 47).
cost(13, 8, 60).
cost(13, 9, 36).
cost(13, 10, 43).
cost(13, 11, 67).
cost(13, 12, 62).
cost(13, 14, 60).
cost(13, 15, 35).
cost(13, 16, 39).
cost(13, 17, 57).
cost(13, 18, 21).
cost(13, 19, 39).
cost(13, 20, 8).
cost(13, 21, 32).
cost(13, 22, 19).
cost(13, 23, 60).
cost(13, 24, 54).
cost(13, 25, 46).
cost(13, 26, 5).
cost(13, 27, 29).
cost(13, 28, 54).
cost(14, 1, 84).
cost(14, 2, 46).
cost(14, 3, 57).
cost(14, 4, 41).
cost(14, 5, 7).
cost(14, 6, 84).
cost(14, 7, 39).
cost(14, 8, 16).
cost(14, 9, 94).
cost(14, 10, 48).
cost(14, 11, 38).
cost(14, 12, 35).
cost(14, 13, 60).
cost(14, 15, 94).
cost(14, 16, 41).
cost(14, 17, 6).
cost(14, 18, 80).
cost(14, 19, 76).
cost(14, 20, 66).
cost(14, 21, 36).
cost(14, 22, 52).
cost(14, 23, 45).
cost(14, 24, 55).
cost(14, 25, 14).
cost(14, 26, 55).
cost(14, 27, 31).
cost(14, 28, 40).
cost(15, 1, 20).
cost(15, 2, 76).
cost(15, 3, 64).
cost(15, 4, 84).
cost(15, 5, 87).
cost(15, 6, 20).
cost(15, 7, 80).
cost(15, 8, 95).
cost(15, 9, 6).
cost(15, 10, 65).
cost(15, 11, 100).
cost(15, 12, 89).
cost(15, 13, 35).
cost(15, 14, 94).
cost(15, 16, 72).
cost(15, 17, 91).
cost(15, 18, 17).
cost(15, 19, 55).
cost(15, 20, 31).
cost(15, 21, 67).
cost(15, 22, 51).
cost(15, 23, 92).
cost(15, 24, 83).
cost(15, 25, 81).
cost(15, 26, 40).
cost(15, 27, 64).
cost(15, 28, 87).
cost(16, 1, 72).
cost(16, 2, 67).
cost(16, 3, 69).
cost(16, 4, 67).
cost(16, 5, 34).
cost(16, 6, 71).
cost(16, 7, 8).
cost(16, 8, 31).
cost(16, 9, 74).
cost(16, 10, 61).
cost(16, 11, 29).
cost(16, 12, 65).
cost(16, 13, 39).
cost(16, 14, 41).
cost(16, 15, 72).
cost(16, 17, 35).
cost(16, 18, 55).
cost(16, 19, 36).
cost(16, 20, 41).
cost(16, 21, 10).
cost(16, 22, 21).
cost(16, 23, 21).
cost(16, 24, 19).
cost(16, 25, 28).
cost(16, 26, 34).
cost(16, 27, 23).
cost(16, 28, 15).
cost(17, 1, 83).
cost(17, 2, 49).
cost(17, 3, 59).
cost(17, 4, 45).
cost(17, 5, 5).
cost(17, 6, 82).
cost(17, 7, 33).
cost(17, 8, 11).
cost(17, 9, 92).
cost(17, 10, 49).
cost(17, 11, 32).
cost(17, 12, 39).
cost(17, 13, 57).
cost(17, 14, 6).
cost(17, 15, 91).
cost(17, 16, 35).
cost(17, 18, 77).
cost(17, 19, 71).
cost(17, 20, 62).
cost(17, 21, 31).
cost(17, 22, 47).
cost(17, 23, 39).
cost(17, 24, 49).
cost(17, 25, 10).
cost(17, 26, 52).
cost(17, 27, 28).
cost(17, 28, 34).
cost(18, 1, 26).
cost(18, 2, 70).
cost(18, 3, 60).
cost(18, 4, 77).
cost(18, 5, 73).
cost(18, 6, 25).
cost(18, 7, 63).
cost(18, 8, 80).
cost(18, 9, 20).
cost(18, 10, 59).
cost(18, 11, 84).
cost(18, 12, 81).
cost(18, 13, 21).
cost(18, 14, 80).
cost(18, 15, 17).
cost(18, 16, 55).
cost(18, 17, 77).
cost(18, 19, 40).
cost(18, 20, 15).
cost(18, 21, 51).
cost(18, 22, 34).
cost(18, 23, 75).
cost(18, 24, 66).
cost(18, 25, 67).
cost(18, 26, 25).
cost(18, 27, 49).
cost(18, 28, 70).
cost(19, 1, 65).
cost(19, 2, 88).
cost(19, 3, 85).
cost(19, 4, 92).
cost(19, 5, 69).
cost(19, 6, 64).
cost(19, 7, 42).
cost(19, 8, 68).
cost(19, 9, 60).
cost(19, 10, 80).
cost(19, 11, 61).
cost(19, 12, 93).
cost(19, 13, 39).
cost(19, 14, 76).
cost(19, 15, 55).
cost(19, 16, 36).
cost(19, 17, 71).
cost(19, 18, 40).
cost(19, 20, 33).
cost(19, 21, 40).
cost(19, 22, 27).
cost(19, 23, 49).
cost(19, 24, 35).
cost(19, 25, 62).
cost(19, 26, 38).
cost(19, 27, 49).
cost(19, 28, 47).
cost(20, 1, 34).
cost(20, 2, 61).
cost(20, 3, 55).
cost(20, 4, 68).
cost(20, 5, 59).
cost(20, 6, 33).
cost(20, 7, 49).
cost(20, 8, 65).
cost(20, 9, 34).
cost(20, 10, 51).
cost(20, 11, 69).
cost(20, 12, 70).
cost(20, 13, 8).
cost(20, 14, 66).
cost(20, 15, 31).
cost(20, 16, 41).
cost(20, 17, 62).
cost(20, 18, 15).
cost(20, 19, 33).
cost(20, 21, 35).
cost(20, 22, 20).
cost(20, 23, 61).
cost(20, 24, 53).
cost(20, 25, 52).
cost(20, 26, 11).
cost(20, 27, 35).
cost(20, 28, 56).
cost(21, 1, 64).
cost(21, 2, 57).
cost(21, 3, 59).
cost(21, 4, 58).
cost(21, 5, 29).
cost(21, 6, 63).
cost(21, 7, 16).
cost(21, 8, 30).
cost(21, 9, 68).
cost(21, 10, 51).
cost(21, 11, 34).
cost(21, 12, 56).
cost(21, 13, 32).
cost(21, 14, 36).
cost(21, 15, 67).
cost(21, 16, 10).
cost(21, 17, 31).
cost(21, 18, 51).
cost(21, 19, 40).
cost(21, 20, 35).
cost(21, 22, 17).
cost(21, 23, 30).
cost(21, 24, 29).
cost(21, 25, 22).
cost(21, 26, 27).
cost(21, 27, 12).
cost(21, 28, 23).
cost(22, 1, 52).
cost(22, 2, 61).
cost(22, 3, 59).
cost(22, 4, 65).
cost(22, 5, 45).
cost(22, 6, 51).
cost(22, 7, 29).
cost(22, 8, 48).
cost(22, 9, 53).
cost(22, 10, 53).
cost(22, 11, 49).
cost(22, 12, 65).
cost(22, 13, 19).
cost(22, 14, 52).
cost(22, 15, 51).
cost(22, 16, 21).
cost(22, 17, 47).
cost(22, 18, 34).
cost(22, 19, 27).
cost(22, 20, 20).
cost(22, 21, 17).
cost(22, 23, 41).
cost(22, 24, 34).
cost(22, 25, 38).
cost(22, 26, 15).
cost(22, 27, 22).
cost(22, 28, 36).
cost(23, 1, 92).
cost(23, 2, 82).
cost(23, 3, 86).
cost(23, 4, 80).
cost(23, 5, 41).
cost(23, 6, 91).
cost(23, 7, 13).
cost(23, 8, 30).
cost(23, 9, 95).
cost(23, 10, 78).
cost(23, 11, 13).
cost(23, 12, 76).
cost(23, 13, 60).
cost(23, 14, 45).
cost(23, 15, 92).
cost(23, 16, 21).
cost(23, 17, 39).
cost(23, 18, 75).
cost(23, 19, 49).
cost(23, 20, 61).
cost(23, 21, 30).
cost(23, 22, 41).
cost(23, 24, 15).
cost(23, 25, 37).
cost(23, 26, 55).
cost(23, 27, 40).
cost(23, 28, 6).
cost(24, 1, 86).
cost(24, 2, 85).
cost(24, 3, 88).
cost(24, 4, 86).
cost(24, 5, 50).
cost(24, 6, 85).
cost(24, 7, 17).
cost(24, 8, 42).
cost(24, 9, 86).
cost(24, 10, 80).
cost(24, 11, 28).
cost(24, 12, 83).
cost(24, 13, 54).
cost(24, 14, 55).
cost(24, 15, 83).
cost(24, 16, 19).
cost(24, 17, 49).
cost(24, 18, 66).
cost(24, 19, 35).
cost(24, 20, 53).
cost(24, 21, 29).
cost(24, 22, 34).
cost(24, 23, 15).
cost(24, 25, 44).
cost(24, 26, 49).
cost(24, 27, 42).
cost(24, 28, 16).
cost(25, 1, 73).
cost(25, 2, 46).
cost(25, 3, 53).
cost(25, 4, 43).
cost(25, 5, 7).
cost(25, 6, 73).
cost(25, 7, 28).
cost(25, 8, 16).
cost(25, 9, 82).
cost(25, 10, 44).
cost(25, 11, 34).
cost(25, 12, 39).
cost(25, 13, 46).
cost(25, 14, 14).
cost(25, 15, 81).
cost(25, 16, 28).
cost(25, 17, 10).
cost(25, 18, 67).
cost(25, 19, 62).
cost(25, 20, 52).
cost(25, 21, 22).
cost(25, 22, 38).
cost(25, 23, 37).
cost(25, 24, 44).
cost(25, 26, 41).
cost(25, 27, 18).
cost(25, 28, 31).
cost(26, 1, 38).
cost(26, 2, 52).
cost(26, 3, 47).
cost(26, 4, 57).
cost(26, 5, 48).
cost(26, 6, 36).
cost(26, 7, 42).
cost(26, 8, 55).
cost(26, 9, 41).
cost(26, 10, 42).
cost(26, 11, 61).
cost(26, 12, 59).
cost(26, 13, 5).
cost(26, 14, 55).
cost(26, 15, 40).
cost(26, 16, 34).
cost(26, 17, 52).
cost(26, 18, 25).
cost(26, 19, 38).
cost(26, 20, 11).
cost(26, 21, 27).
cost(26, 22, 15).
cost(26, 23, 55).
cost(26, 24, 49).
cost(26, 25, 41).
cost(26, 27, 24).
cost(26, 28, 49).
cost(27, 1, 57).
cost(27, 2, 44).
cost(27, 3, 47).
cost(27, 4, 46).
cost(27, 5, 24).
cost(27, 6, 56).
cost(27, 7, 27).
cost(27, 8, 32).
cost(27, 9, 64).
cost(27, 10, 38).
cost(27, 11, 43).
cost(27, 12, 45).
cost(27, 13, 29).
cost(27, 14, 31).
cost(27, 15, 64).
cost(27, 16, 23).
cost(27, 17, 28).
cost(27, 18, 49).
cost(27, 19, 49).
cost(27, 20, 35).
cost(27, 21, 12).
cost(27, 22, 22).
cost(27, 23, 40).
cost(27, 24, 42).
cost(27, 25, 18).
cost(27, 26, 24).
cost(27, 28, 34).
cost(28, 1, 87).
cost(28, 2, 75).
cost(28, 3, 80).
cost(28, 4, 74).
cost(28, 5, 35).
cost(28, 6, 86).
cost(28, 7, 7).
cost(28, 8, 26).
cost(28, 9, 90).
cost(28, 10, 71).
cost(28, 11, 14).
cost(28, 12, 70).
cost(28, 13, 54).
cost(28, 14, 40).
cost(28, 15, 87).
cost(28, 16, 15).
cost(28, 17, 34).
cost(28, 18, 70).
cost(28, 19, 47).
cost(28, 20, 56).
cost(28, 21, 23).
cost(28, 22, 36).
cost(28, 23, 6).
cost(28, 24, 16).
cost(28, 25, 31).
cost(28, 26, 49).
cost(28, 27, 34).
