dimension(28).
point(1, 89.1852651008, 30.1838931879).
point(2, 69.3089561323, 34.5395689659).
point(3, 75.3083877295, 92.1889334059).
point(4, 16.1000972012, 55.7493424079).
point(5, 10.3041108997, 21.2878493719).
point(6, 57.4113870429, 22.77082715).
point(7, 52.7600496722, 35.1258861156).
point(8, 50.4511449524, 76.1506256482).
point(9, 45.2552782117, 91.9727189991).
point(10, 26.6405383134, 56.5175174778).
point(11, 60.4698298885, 74.5745306324).
point(12, 75.489593574, 43.7209668411).
point(13, 14.3149045773, 10.8273911334).
point(14, 44.6960891566, 18.5984138657).
point(15, 98.1353815343, 64.6102524973).
point(16, 11.8950390104, 4.901895607).
point(17, 55.6759652935, 25.8176117107).
point(18, 15.4256635947, 56.9966151872).
point(19, 96.2357584951, 29.2173942651).
point(20, 6.3156006002, 11.2035504605).
point(21, 19.1940858174, 68.286485713).
point(22, 23.553612294, 78.2172329596).
point(23, 90.8252110634, 18.8535154872).
point(24, 91.9908120449, 31.3959444574).
point(25, 16.5222386596, 17.9172492897).
point(26, 63.9977115112, 85.0061161767).
point(27, 57.3813090507, 44.8187380004).
point(28, 52.2923342848, 46.061718263).
cost(1, 2, 20).
cost(1, 3, 64).
cost(1, 4, 77).
cost(1, 5, 79).
cost(1, 6, 33).
cost(1, 7, 37).
cost(1, 8, 60).
cost(1, 9, 76).
cost(1, 10, 68).
cost(1, 11, 53).
cost(1, 12, 19).
cost(1, 13, 77).
cost(1, 14, 46).
cost(1, 15, 36).
cost(1, 16, 81).
cost(1, 17, 34).
cost(1, 18, 78).
cost(1, 19, 7).
cost(1, 20, 85).
cost(1, 21, 80).
cost(1, 22, 81).
cost(1, 23, 11).
cost(1, 24, 3).
cost(1, 25, 74).
cost(1, 26, 60).
cost(1, 27, 35).
cost(1, 28, 40).
cost(2, 1, 20).
cost(2, 3, 58).
cost(2, 4, 57).
cost(2, 5, 60).
cost(2, 6, 17).
cost(2, 7, 17).
cost(2, 8, 46).
cost(2, 9, 62).
cost(2, 10, 48).
cost(2, 11, 41).
cost(2, 12, 11).
cost(2, 13, 60).
cost(2, 14, 29).
cost(2, 15, 42).
cost(2, 16, 65).
cost(2, 17, 16).
cost(2, 18, 58).
cost(2, 19, 27).
cost(2, 20, 67).
cost(2, 21, 60).
cost(2, 22, 63).
cost(2, 23, 27).
cost(2, 24, 23).
cost(2, 25, 55).
cost(2, 26, 51).
cost(2, 27, 16).
cost(2, 28, 21).
cost(3, 1, 64).
cost(3, 2, 58).
cost(3, 4, 70).
cost(3, 5, 96).
cost(3, 6, 72).
cost(3, 7, 61).
cost(3, 8, 30).
cost(3, 9, 30).
cost(3, 10, 60).
cost(3, 11, 23).
cost(3, 12, 48).
cost(3, 13, 102).
cost(3, 14, 80).
cost(3, 15, 36).
cost(3, 16, 108).
cost(3, 17, 69).
cost(3, 18, 69).
cost(3, 19, 66).
cost(3, 20, 106).
cost(3, 21, 61).
cost(3, 22, 54).
cost(3, 23, 75).
cost(3, 24, 63).
cost(3, 25, 95).
cost(3, 26, 13).
cost(3, 27, 51).
cost(3, 28, 52).
cost(4, 1, 77).
cost(4, 2, 57).
cost(4, 3, 70).
cost(4, 5, 35).
cost(4, 6, 53).
cost(4, 7, 42).
cost(4, 8, 40).
cost(4, 9, 46).
cost(4, 10, 11).
cost(4, 11, 48).
cost(4, 12, 61).
cost(4, 13, 45).
cost(4, 14, 47).
cost(4, 15, 83).
cost(4, 16, 51).
cost(4, 17, 50).
cost(4, 18, 1).
cost(4, 19, 84).
cost(4, 20, 46).
cost(4, 21, 13).
cost(4, 22, 24).
cost(4, 23, 83).
cost(4, 24, 80).
cost(4, 25, 38).
cost(4, 26, 56).
cost(4, 27, 43).
cost(4, 28, 37).
cost(5, 1, 79).
cost(5, 2, 60).
cost(5, 3, 96).
cost(5, 4, 35).
cost(5, 6, 47).
cost(5, 7, 45).
cost(5, 8, 68).
cost(5, 9, 79).
cost(5, 10, 39).
cost(5, 11, 73).
cost(5, 12, 69).
cost(5, 13, 11).
cost(5, 14, 34).
cost(5, 15, 98).
cost(5, 16, 16).
cost(5, 17, 46).
cost(5, 18, 36).
cost(5, 19, 86).
cost(5, 20, 11).
cost(5, 21, 48).
cost(5, 22, 58).
cost(5, 23, 81).
cost(5, 24, 82).
cost(5, 25, 7).
cost(5, 26, 83).
cost(5, 27, 53).
cost(5, 28, 49).
cost(6, 1, 33).
cost(6, 2, 17).
cost(6, 3, 72).
cost(6, 4, 53).
cost(6, 5, 47).
cost(6, 7, 13).
cost(6, 8, 54).
cost(6, 9, 70).
cost(6, 10, 46).
cost(6, 11, 52).
cost(6, 12, 28).
cost(6, 13, 45).
cost(6, 14, 13).
cost(6, 15, 58).
cost(6, 16, 49).
cost(6, 17, 4).
cost(6, 18, 54).
cost(6, 19, 39).
cost(6, 20, 52).
cost(6, 21, 59).
cost(6, 22, 65).
cost(6, 23, 34).
cost(6, 24, 36).
cost(6, 25, 41).
cost(6, 26, 63).
cost(6, 27, 22).
cost(6, 28, 24).
cost(7, 1, 37).
cost(7, 2, 17).
cost(7, 3, 61).
cost(7, 4, 42).
cost(7, 5, 45).
cost(7, 6, 13).
cost(7, 8, 41).
cost(7, 9, 57).
cost(7, 10, 34).
cost(7, 11, 40).
cost(7, 12, 24).
cost(7, 13, 45).
cost(7, 14, 18).
cost(7, 15, 54).
cost(7, 16, 51).
cost(7, 17, 10).
cost(7, 18, 43).
cost(7, 19, 44).
cost(7, 20, 52).
cost(7, 21, 47).
cost(7, 22, 52).
cost(7, 23, 41).
cost(7, 24, 39).
cost(7, 25, 40).
cost(7, 26, 51).
cost(7, 27, 11).
cost(7, 28, 11).
cost(8, 1, 60).
cost(8, 2, 46).
cost(8, 3, 30).
cost(8, 4, 40).
cost(8, 5, 68).
cost(8, 6, 54).
cost(8, 7, 41).
cost(8, 9, 17).
cost(8, 10, 31).
cost(8, 11, 10).
cost(8, 12, 41).
cost(8, 13, 75).
cost(8, 14, 58).
cost(8, 15, 49).
cost(8, 16, 81).
cost(8, 17, 51).
cost(8, 18, 40).
cost(8, 19, 66).
cost(8, 20, 79).
cost(8, 21, 32).
cost(8, 22, 27).
cost(8, 23, 70).
cost(8, 24, 61).
cost(8, 25, 67).
cost(8, 26, 16).
cost(8, 27, 32).
cost(8, 28, 30).
cost(9, 1, 76).
cost(9, 2, 62).
cost(9, 3, 30).
cost(9, 4, 46).
cost(9, 5, 79).
cost(9, 6, 70).
cost(9, 7, 57).
cost(9, 8, 17).
cost(9, 10, 40).
cost(9, 11, 23).
cost(9, 12, 57).
cost(9, 13, 87).
cost(9, 14, 73).
cost(9, 15, 60).
cost(9, 16, 93).
cost(9, 17, 67).
cost(9, 18, 46).
cost(9, 19, 81).
cost(9, 20, 90).
cost(9, 21, 35).
cost(9, 22, 26).
cost(9, 23, 86).
cost(9, 24, 77).
cost(9, 25, 79).
cost(9, 26, 20).
cost(9, 27, 49).
cost(9, 28, 46).
cost(10, 1, 68).
cost(10, 2, 48).
cost(10, 3, 60).
cost(10, 4, 11).
cost(10, 5, 39).
cost(10, 6, 46).
cost(10, 7, 34).
cost(10, 8, 31).
cost(10, 9, 40).
cost(10, 11, 38).
cost(10, 12, 50).
cost(10, 13, 47).
cost(10, 14, 42).
cost(10, 15, 72).
cost(10, 16, 54).
cost(10, 17, 42).
cost(10, 18, 11).
cost(10, 19, 75).
cost(10, 20, 50).
cost(10, 21, 14).
cost(10, 22, 22).
cost(10, 23, 74).
cost(10, 24, 70).
cost(10, 25, 40).
cost(10, 26, 47).
cost(10, 27, 33).
cost(10, 28, 28).
cost(11, 1, 53).
cost(11, 2, 41).
cost(11, 3, 23).
cost(11, 4, 48).
cost(11, 5, 73).
cost(11, 6, 52).
cost(11, 7, 40).
cost(11, 8, 10).
cost(11, 9, 23).
cost(11, 10, 38).
cost(11, 12, 34).
cost(11, 13, 79).
cost(11, 14, 58).
cost(11, 15, 39).
cost(11, 16, 85).
cost(11, 17, 49).
cost(11, 18, 48).
cost(11, 19, 58).
cost(11, 20, 83).
cost(11, 21, 42).
cost(11, 22, 37).
cost(11, 23, 63).
cost(11, 24, 53).
cost(11, 25, 72).
cost(11, 26, 11).
cost(11, 27, 30).
cost(11, 28, 30).
cost(12, 1, 19).
cost(12, 2, 11).
cost(12, 3, 48).
cost(12, 4, 61).
cost(12, 5, 69).
cost(12, 6, 28).
cost(12, 7, 24).
cost(12, 8, 41).
cost(12, 9, 57).
cost(12, 10, 50).
cost(12, 11, 34).
cost(12, 13, 69).
cost(12, 14, 40).
cost(12, 15, 31).
cost(12, 16, 75).
cost(12, 17, 27).
cost(12, 18, 62).
cost(12, 19, 25).
cost(12, 20, 76).
cost(12, 21, 61).
cost(12, 22, 62).
cost(12, 23, 29).
cost(12, 24, 21).
cost(12, 25, 64).
cost(12, 26, 43).
cost(12, 27, 18).
cost(12, 28, 23).
cost(13, 1, 77).
cost(13, 2, 60).
cost(13, 3, 102).
cost(13, 4, 45).
cost(13, 5, 11).
cost(13, 6, 45).
cost(13, 7, 45).
cost(13, 8, 75).
cost(13, 9, 87).
cost(13, 10, 47).
cost(13, 11, 79).
cost(13, 12, 69).
cost(13, 14, 31).
cost(13, 15, 100).
cost(13, 16, 6).
cost(13, 17, 44).
cost(13, 18, 46).
cost(13, 19, 84).
cost(13, 20, 8).
cost(13, 21, 58).
cost(13, 22, 68).
cost(13, 23, 77).
cost(13, 24, 80).
cost(13, 25, 7).
cost(13, 26, 89).
cost(13, 27, 55).
cost(13, 28, 52).
cost(14, 1, 46).
cost(14, 2, 29).
cost(14, 3, 80).
cost(14, 4, 47).
cost(14, 5, 34).
cost(14, 6, 13).
cost(14, 7, 18).
cost(14, 8, 58).
cost(14, 9, 73).
cost(14, 10, 42).
cost(14, 11, 58).
cost(14, 12, 40).
cost(14, 13, 31).
cost(14, 15, 71).
cost(14, 16, 36).
cost(14, 17, 13).
cost(14, 18, 48).
cost(14, 19, 53).
cost(14, 20, 39).
cost(14, 21, 56).
cost(14, 22, 63).
cost(14, 23, 46).
cost(14, 24, 49).
cost(14, 25, 28).
cost(14, 26, 69).
cost(14, 27, 29).
cost(14, 28, 28).
cost(15, 1, 36).
cost(15, 2, 42).
cost(15, 3, 36).
cost(15, 4, 83).
cost(15, 5, 98).
cost(15, 6, 58).
cost(15, 7, 54).
cost(15, 8, 49).
cost(15, 9, 60).
cost(15, 10, 72).
cost(15, 11, 39).
cost(15, 12, 31).
cost(15, 13, 100).
cost(15, 14, 71).
cost(15, 16, 105).
cost(15, 17, 58).
cost(15, 18, 83).
cost(15, 19, 35).
cost(15, 20, 106).
cost(15, 21, 79).
cost(15, 22, 76).
cost(15, 23, 46).
cost(15, 24, 34).
cost(15, 25, 94).
cost(15, 26, 40).
cost(15, 27, 45).
cost(15, 28, 49).
cost(16, 1, 81).
cost(16, 2, 65).
cost(16, 3, 108).
cost(16, 4, 51).
cost(16, 5, 16).
cost(16, 6, 49).
cost(16, 7, 51).
cost(16, 8, 81).
cost(16, 9, 93).
cost(16, 10, 54).
cost(16, 11, 85).
cost(16, 12, 75).
cost(16, 13, 6).
cost(16, 14, 36).
cost(16, 15, 105).
cost(16, 17, 49).
cost(16, 18, 52).
cost(16, 19, 88).
cost(16, 20, 8).
cost(16, 21, 64).
cost(16, 22, 74).
cost(16, 23, 80).
cost(16, 24, 84).
cost(16, 25, 14).
cost(16, 26, 96).
cost(16, 27, 61).
cost(16, 28, 58).
cost(17, 1, 34).
cost(17, 2, 16).
cost(17, 3, 69).
cost(17, 4, 50).
cost(17, 5, 46).
cost(17, 6, 4).
cost(17, 7, 10).
cost(17, 8, 51).
cost(17, 9, 67).
cost(17, 10, 42).
cost(17, 11, 49).
cost(17, 12, 27).
cost(17, 13, 44).
cost(17, 14, 13).
cost(17, 15, 58).
cost(17, 16, 49).
cost(17, 18, 51).
cost(17, 19, 41).
cost(17, 20, 51).
cost(17, 21, 56).
cost(17, 22, 61).
cost(17, 23, 36).
cost(17, 24, 37).
cost(17, 25, 40).
cost(17, 26, 60).
cost(17, 27, 19).
cost(17, 28, 21).
cost(18, 1, 78).
cost(18, 2, 58).
cost(18, 3, 69).
cost(18, 4, 1).
cost(18, 5, 36).
cost(18, 6, 54).
cost(18, 7, 43).
cost(18, 8, 40).
cost(18, 9, 46).
cost(18, 10, 11).
cost(18, 11, 48).
cost(18, 12, 62).
cost(18, 13, 46).
cost(18, 14, 48).
cost(18, 15, 83).
cost(18, 16, 52).
cost(18, 17, 51).
cost(18, 19, 85).
cost(18, 20, 47).
cost(18, 21, 12).
cost(18, 22, 23).
cost(18, 23, 84).
cost(18, 24, 81).
cost(18, 25, 39).
cost(18, 26, 56).
cost(18, 27, 44).
cost(18, 28, 38).
cost(19, 1, 7).
cost(19, 2, 27).
cost(19, 3, 66).
cost(19, 4, 84).
cost(19, 5, 86).
cost(19, 6, 39).
cost(19, 7, 44).
cost(19, 8, 66).
cost(19, 9, 81).
cost(19, 10, 75).
cost(19, 11, 58).
cost(19, 12, 25).
cost(19, 13, 84).
cost(19, 14, 53).
cost(19, 15, 35).
cost(19, 16, 88).
cost(19, 17, 41).
cost(19, 18, 85).
cost(19, 20, 92).
cost(19, 21, 86).
cost(19, 22, 88).
cost(19, 23, 12).
cost(19, 24, 5).
cost(19, 25, 81).
cost(19, 26, 64).
cost(19, 27, 42).
cost(19, 28, 47).
cost(20, 1, 85).
cost(20, 2, 67).
cost(20, 3, 106).
cost(20, 4, 46).
cost(20, 5, 11).
cost(20, 6, 52).
cost(20, 7, 52).
cost(20, 8, 79).
cost(20, 9, 90).
cost(20, 10, 50).
cost(20, 11, 83).
cost(20, 12, 76).
cost(20, 13, 8).
cost(20, 14, 39).
cost(20, 15, 106).
cost(20, 16, 8).
cost(20, 17, 51).
cost(20, 18, 47).
cost(20, 19, 92).
cost(20, 21, 59).
cost(20, 22, 69).
cost(20, 23, 85).
cost(20, 24, 88).
cost(20, 25, 12).
cost(20, 26, 94).
cost(20, 27, 61).
cost(20, 28, 58).
cost(21, 1, 80).
cost(21, 2, 60).
cost(21, 3, 61).
cost(21, 4, 13).
cost(21, 5, 48).
cost(21, 6, 59).
cost(21, 7, 47).
cost(21, 8, 32).
cost(21, 9, 35).
cost(21, 10, 14).
cost(21, 11, 42).
cost(21, 12, 61).
cost(21, 13, 58).
cost(21, 14, 56).
cost(21, 15, 79).
cost(21, 16, 64).
cost(21, 17, 56).
cost(21, 18, 12).
cost(21, 19, 86).
cost(21, 20, 59).
cost(21, 22, 11).
cost(21, 23, 87).
cost(21, 24, 82).
cost(21, 25, 50).
cost(21, 26, 48).
cost(21, 27, 45).
cost(21, 28, 40).
cost(22, 1, 81).
cost(22, 2, 63).
cost(22, 3, 54).
cost(22, 4, 24).
cost(22, 5, 58).
cost(22, 6, 65).
cost(22, 7, 52).
cost(22, 8, 27).
cost(22, 9, 26).
cost(22, 10, 22).
cost(22, 11, 37).
cost(22, 12, 62).
cost(22, 13, 68).
cost(22, 14, 63).
cost(22, 15, 76).
cost(22, 16, 74).
cost(22, 17, 61).
cost(22, 18, 23).
cost(22, 19, 88).
cost(22, 20, 69).
cost(22, 21, 11).
cost(22, 23, 90).
cost(22, 24, 83).
cost(22, 25, 61).
cost(22, 26, 41).
cost(22, 27, 48).
cost(22, 28, 43).
cost(23, 1, 11).
cost(23, 2, 27).
cost(23, 3, 75).
cost(23, 4, 83).
cost(23, 5, 81).
cost(23, 6, 34).
cost(23, 7, 41).
cost(23, 8, 70).
cost(23, 9, 86).
cost(23, 10, 74).
cost(23, 11, 63).
cost(23, 12, 29).
cost(23, 13, 77).
cost(23, 14, 46).
cost(23, 15, 46).
cost(23, 16, 80).
cost(23, 17, 36).
cost(23, 18, 84).
cost(23, 19, 12).
cost(23, 20, 85).
cost(23, 21, 87).
cost(23, 22, 90).
cost(23, 24, 13).
cost(23, 25, 74).
cost(23, 26, 71).
cost(23, 27, 42).
cost(23, 28, 47).
cost(24, 1, 3).
cost(24, 2, 23).
cost(24, 3, 63).
cost(24, 4, 80).
cost(24, 5, 82).
cost(24, 6, 36).
cost(24, 7, 39).
cost(24, 8, 61).
cost(24, 9, 77).
cost(24, 10, 70).
cost(24, 11, 53).
cost(24, 12, 21).
cost(24, 13, 80).
cost(24, 14, 49).
cost(24, 15, 34).
cost(24, 16, 84).
cost(24, 17, 37).
cost(24, 18, 81).
cost(24, 19, 5).
cost(24, 20, 88).
cost(24, 21, 82).
cost(24, 22, 83).
cost(24, 23, 13).
cost(24, 25, 77).
cost(24, 26, 60).
cost(24, 27, 37).
cost(24, 28, 42).
cost(25, 1, 74).
cost(25, 2, 55).
cost(25, 3, 95).
cost(25, 4, 38).
cost(25, 5, 7).
cost(25, 6, 41).
cost(25, 7, 40).
cost(25, 8, 67).
cost(25, 9, 79).
cost(25, 10, 40).
cost(25, 11, 72).
cost(25, 12, 64).
cost(25, 13, 7).
cost(25, 14, 28).
cost(25, 15, 94).
cost(25, 16, 14).
cost(25, 17, 40).
cost(25, 18, 39).
cost(25, 19, 81).
cost(25, 20, 12).
cost(25, 21, 50).
cost(25, 22, 61).
cost(25, 23, 74).
cost(25, 24, 77).
cost(25, 26, 82).
cost(25, 27, 49).
cost(25, 28, 46).
cost(26, 1, 60).
cost(26, 2, 51).
cost(26, 3, 13).
cost(26, 4, 56).
cost(26, 5, 83).
cost(26, 6, 63).
cost(26, 7, 51).
cost(26, 8, 16).
cost(26, 9, 20).
cost(26, 10, 47).
cost(26, 11, 11).
cost(26, 12, 43).
cost(26, 13, 89).
cost(26, 14, 69).
cost(26, 15, 40).
cost(26, 16, 96).
cost(26, 17, 60).
cost(26, 18, 56).
cost(26, 19, 64).
cost(26, 20, 94).
cost(26, 21, 48).
cost(26, 22, 41).
cost(26, 23, 71).
cost(26, 24, 60).
cost(26, 25, 82).
cost(26, 27, 41).
cost(26, 28, 41).
cost(27, 1, 35).
cost(27, 2, 16).
cost(27, 3, 51).
cost(27, 4, 43).
cost(27, 5, 53).
cost(27, 6, 22).
cost(27, 7, 11).
cost(27, 8, 32).
cost(27, 9, 49).
cost(27, 10, 33).
cost(27, 11, 30).
cost(27, 12, 18).
cost(27, 13, 55).
cost(27, 14, 29).
cost(27, 15, 45).
cost(27, 16, 61).
cost(27, 17, 19).
cost(27, 18, 44).
cost(27, 19, 42).
cost(27, 20, 61).
cost(27, 21, 45).
cost(27, 22, 48).
cost(27, 23, 42).
cost(27, 24, 37).
cost(27, 25, 49).
cost(27, 26, 41).
cost(27, 28, 5).
cost(28, 1, 40).
cost(28, 2, 21).
cost(28, 3, 52).
cost(28, 4, 37).
cost(28, 5, 49).
cost(28, 6, 24).
cost(28, 7, 11).
cost(28, 8, 30).
cost(28, 9, 46).
cost(28, 10, 28).
cost(28, 11, 30).
cost(28, 12, 23).
cost(28, 13, 52).
cost(28, 14, 28).
cost(28, 15, 49).
cost(28, 16, 58).
cost(28, 17, 21).
cost(28, 18, 38).
cost(28, 19, 47).
cost(28, 20, 58).
cost(28, 21, 40).
cost(28, 22, 43).
cost(28, 23, 47).
cost(28, 24, 42).
cost(28, 25, 46).
cost(28, 26, 41).
cost(28, 27, 5).
