dimension(28).
point(1, 52.4460678118, 16.1002867839).
point(2, 76.5864996875, 9.5828196638).
point(3, 43.2562551777, 17.8041002477).
point(4, 48.915578331, 55.7377717561).
point(5, 96.233650861, 63.7727676382).
point(6, 56.133713882, 51.1086975724).
point(7, 89.2128870682, 79.4616474085).
point(8, 22.9373106618, 88.0499510911).
point(9, 91.6397560184, 59.5417702937).
point(10, 24.7314209158, 18.4234605222).
point(11, 35.6686668632, 13.6414440064).
point(12, 77.299542137, 28.164974552).
point(13, 59.8893465137, 7.554036144).
point(14, 13.450853352, 86.6835918528).
point(15, 76.8644842119, 38.713344802).
point(16, 17.7850388734, 70.0880726044).
point(17, 19.1713421212, 85.26968741).
point(18, 52.6464471343, 42.2443095367).
point(19, 25.4535378077, 86.5315194828).
point(20, 9.9668833563, 6.2305416261).
point(21, 13.5571477071, 34.6430436677).
point(22, 54.1853386302, 26.674040251).
point(23, 43.3610852279, 38.3064569322).
point(24, 48.9929367999, 31.7949712186).
point(25, 69.1918954655, 91.1507448929).
point(26, 5.6523845238, 42.0271460213).
point(27, 11.3358262169, 35.4935846549).
point(28, 87.6975254267, 71.508528849).
cost(1, 2, 25).
cost(1, 3, 9).
cost(1, 4, 40).
cost(1, 5, 65).
cost(1, 6, 35).
cost(1, 7, 73).
cost(1, 8, 78).
cost(1, 9, 59).
cost(1, 10, 28).
cost(1, 11, 17).
cost(1, 12, 28).
cost(1, 13, 11).
cost(1, 14, 81).
cost(1, 15, 33).
cost(1, 16, 64).
cost(1, 17, 77).
cost(1, 18, 26).
cost(1, 19, 75).
cost(1, 20, 44).
cost(1, 21, 43).
cost(1, 22, 11).
cost(1, 23, 24).
cost(1, 24, 16).
cost(1, 25, 77).
cost(1, 26, 53).
cost(1, 27, 45).
cost(1, 28, 66).
cost(2, 1, 25).
cost(2, 3, 34).
cost(2, 4, 54).
cost(2, 5, 58).
cost(2, 6, 46).
cost(2, 7, 71).
cost(2, 8, 95).
cost(2, 9, 52).
cost(2, 10, 53).
cost(2, 11, 41).
cost(2, 12, 19).
cost(2, 13, 17).
cost(2, 14, 100).
cost(2, 15, 29).
cost(2, 16, 84).
cost(2, 17, 95).
cost(2, 18, 40).
cost(2, 19, 92).
cost(2, 20, 67).
cost(2, 21, 68).
cost(2, 22, 28).
cost(2, 23, 44).
cost(2, 24, 35).
cost(2, 25, 82).
cost(2, 26, 78).
cost(2, 27, 70).
cost(2, 28, 63).
cost(3, 1, 9).
cost(3, 2, 34).
cost(3, 4, 38).
cost(3, 5, 70).
cost(3, 6, 36).
cost(3, 7, 77).
cost(3, 8, 73).
cost(3, 9, 64).
cost(3, 10, 19).
cost(3, 11, 9).
cost(3, 12, 36).
cost(3, 13, 20).
cost(3, 14, 75).
cost(3, 15, 40).
cost(3, 16, 58).
cost(3, 17, 72).
cost(3, 18, 26).
cost(3, 19, 71).
cost(3, 20, 35).
cost(3, 21, 34).
cost(3, 22, 14).
cost(3, 23, 21).
cost(3, 24, 15).
cost(3, 25, 78).
cost(3, 26, 45).
cost(3, 27, 36).
cost(3, 28, 70).
cost(4, 1, 40).
cost(4, 2, 54).
cost(4, 3, 38).
cost(4, 5, 48).
cost(4, 6, 9).
cost(4, 7, 47).
cost(4, 8, 41).
cost(4, 9, 43).
cost(4, 10, 44).
cost(4, 11, 44).
cost(4, 12, 40).
cost(4, 13, 49).
cost(4, 14, 47).
cost(4, 15, 33).
cost(4, 16, 34).
cost(4, 17, 42).
cost(4, 18, 14).
cost(4, 19, 39).
cost(4, 20, 63).
cost(4, 21, 41).
cost(4, 22, 30).
cost(4, 23, 18).
cost(4, 24, 24).
cost(4, 25, 41).
cost(4, 26, 45).
cost(4, 27, 43).
cost(4, 28, 42).
cost(5, 1, 65).
cost(5, 2, 58).
cost(5, 3, 70).
cost(5, 4, 48).
cost(5, 6, 42).
cost(5, 7, 17).
cost(5, 8, 77).
cost(5, 9, 6).
cost(5, 10, 85).
cost(5, 11, 79).
cost(5, 12, 40).
cost(5, 13, 67).
cost(5, 14, 86).
cost(5, 15, 32).
cost(5, 16, 79).
cost(5, 17, 80).
cost(5, 18, 49).
cost(5, 19, 74).
cost(5, 20, 104).
cost(5, 21, 88).
cost(5, 22, 56).
cost(5, 23, 59).
cost(5, 24, 57).
cost(5, 25, 38).
cost(5, 26, 93).
cost(5, 27, 89).
cost(5, 28, 12).
cost(6, 1, 35).
cost(6, 2, 46).
cost(6, 3, 36).
cost(6, 4, 9).
cost(6, 5, 42).
cost(6, 7, 44).
cost(6, 8, 50).
cost(6, 9, 36).
cost(6, 10, 45).
cost(6, 11, 43).
cost(6, 12, 31).
cost(6, 13, 44).
cost(6, 14, 56).
cost(6, 15, 24).
cost(6, 16, 43).
cost(6, 17, 50).
cost(6, 18, 10).
cost(6, 19, 47).
cost(6, 20, 64).
cost(6, 21, 46).
cost(6, 22, 25).
cost(6, 23, 18).
cost(6, 24, 21).
cost(6, 25, 42).
cost(6, 26, 51).
cost(6, 27, 47).
cost(6, 28, 38).
cost(7, 1, 73).
cost(7, 2, 71).
cost(7, 3, 77).
cost(7, 4, 47).
cost(7, 5, 17).
cost(7, 6, 44).
cost(7, 8, 67).
cost(7, 9, 20).
cost(7, 10, 89).
cost(7, 11, 85).
cost(7, 12, 53).
cost(7, 13, 78).
cost(7, 14, 76).
cost(7, 15, 43).
cost(7, 16, 72).
cost(7, 17, 70).
cost(7, 18, 52).
cost(7, 19, 64).
cost(7, 20, 108).
cost(7, 21, 88).
cost(7, 22, 63).
cost(7, 23, 62).
cost(7, 24, 62).
cost(7, 25, 23).
cost(7, 26, 92).
cost(7, 27, 89).
cost(7, 28, 8).
cost(8, 1, 78).
cost(8, 2, 95).
cost(8, 3, 73).
cost(8, 4, 41).
cost(8, 5, 77).
cost(8, 6, 50).
cost(8, 7, 67).
cost(8, 9, 74).
cost(8, 10, 70).
cost(8, 11, 75).
cost(8, 12, 81).
cost(8, 13, 89).
cost(8, 14, 10).
cost(8, 15, 73).
cost(8, 16, 19).
cost(8, 17, 5).
cost(8, 18, 55).
cost(8, 19, 3).
cost(8, 20, 83).
cost(8, 21, 54).
cost(8, 22, 69).
cost(8, 23, 54).
cost(8, 24, 62).
cost(8, 25, 46).
cost(8, 26, 49).
cost(8, 27, 54).
cost(8, 28, 67).
cost(9, 1, 59).
cost(9, 2, 52).
cost(9, 3, 64).
cost(9, 4, 43).
cost(9, 5, 6).
cost(9, 6, 36).
cost(9, 7, 20).
cost(9, 8, 74).
cost(9, 10, 79).
cost(9, 11, 72).
cost(9, 12, 34).
cost(9, 13, 61).
cost(9, 14, 83).
cost(9, 15, 26).
cost(9, 16, 75).
cost(9, 17, 77).
cost(9, 18, 43).
cost(9, 19, 71).
cost(9, 20, 98).
cost(9, 21, 82).
cost(9, 22, 50).
cost(9, 23, 53).
cost(9, 24, 51).
cost(9, 25, 39).
cost(9, 26, 88).
cost(9, 27, 84).
cost(9, 28, 13).
cost(10, 1, 28).
cost(10, 2, 53).
cost(10, 3, 19).
cost(10, 4, 44).
cost(10, 5, 85).
cost(10, 6, 45).
cost(10, 7, 89).
cost(10, 8, 70).
cost(10, 9, 79).
cost(10, 11, 12).
cost(10, 12, 53).
cost(10, 13, 37).
cost(10, 14, 69).
cost(10, 15, 56).
cost(10, 16, 52).
cost(10, 17, 67).
cost(10, 18, 37).
cost(10, 19, 68).
cost(10, 20, 19).
cost(10, 21, 20).
cost(10, 22, 31).
cost(10, 23, 27).
cost(10, 24, 28).
cost(10, 25, 85).
cost(10, 26, 30).
cost(10, 27, 22).
cost(10, 28, 82).
cost(11, 1, 17).
cost(11, 2, 41).
cost(11, 3, 9).
cost(11, 4, 44).
cost(11, 5, 79).
cost(11, 6, 43).
cost(11, 7, 85).
cost(11, 8, 75).
cost(11, 9, 72).
cost(11, 10, 12).
cost(11, 12, 44).
cost(11, 13, 25).
cost(11, 14, 76).
cost(11, 15, 48).
cost(11, 16, 59).
cost(11, 17, 74).
cost(11, 18, 33).
cost(11, 19, 74).
cost(11, 20, 27).
cost(11, 21, 30).
cost(11, 22, 23).
cost(11, 23, 26).
cost(11, 24, 23).
cost(11, 25, 84).
cost(11, 26, 41).
cost(11, 27, 33).
cost(11, 28, 78).
cost(12, 1, 28).
cost(12, 2, 19).
cost(12, 3, 36).
cost(12, 4, 40).
cost(12, 5, 40).
cost(12, 6, 31).
cost(12, 7, 53).
cost(12, 8, 81).
cost(12, 9, 34).
cost(12, 10, 53).
cost(12, 11, 44).
cost(12, 13, 27).
cost(12, 14, 87).
cost(12, 15, 11).
cost(12, 16, 73).
cost(12, 17, 81).
cost(12, 18, 28).
cost(12, 19, 78).
cost(12, 20, 71).
cost(12, 21, 64).
cost(12, 22, 23).
cost(12, 23, 35).
cost(12, 24, 29).
cost(12, 25, 64).
cost(12, 26, 73).
cost(12, 27, 66).
cost(12, 28, 45).
cost(13, 1, 11).
cost(13, 2, 17).
cost(13, 3, 20).
cost(13, 4, 49).
cost(13, 5, 67).
cost(13, 6, 44).
cost(13, 7, 78).
cost(13, 8, 89).
cost(13, 9, 61).
cost(13, 10, 37).
cost(13, 11, 25).
cost(13, 12, 27).
cost(13, 14, 92).
cost(13, 15, 35).
cost(13, 16, 75).
cost(13, 17, 88).
cost(13, 18, 35).
cost(13, 19, 86).
cost(13, 20, 50).
cost(13, 21, 54).
cost(13, 22, 20).
cost(13, 23, 35).
cost(13, 24, 27).
cost(13, 25, 84).
cost(13, 26, 64).
cost(13, 27, 56).
cost(13, 28, 70).
cost(14, 1, 81).
cost(14, 2, 100).
cost(14, 3, 75).
cost(14, 4, 47).
cost(14, 5, 86).
cost(14, 6, 56).
cost(14, 7, 76).
cost(14, 8, 10).
cost(14, 9, 83).
cost(14, 10, 69).
cost(14, 11, 76).
cost(14, 12, 87).
cost(14, 13, 92).
cost(14, 15, 80).
cost(14, 16, 17).
cost(14, 17, 6).
cost(14, 18, 59).
cost(14, 19, 12).
cost(14, 20, 81).
cost(14, 21, 52).
cost(14, 22, 73).
cost(14, 23, 57).
cost(14, 24, 65).
cost(14, 25, 56).
cost(14, 26, 45).
cost(14, 27, 51).
cost(14, 28, 76).
cost(15, 1, 33).
cost(15, 2, 29).
cost(15, 3, 40).
cost(15, 4, 33).
cost(15, 5, 32).
cost(15, 6, 24).
cost(15, 7, 43).
cost(15, 8, 73).
cost(15, 9, 26).
cost(15, 10, 56).
cost(15, 11, 48).
cost(15, 12, 11).
cost(15, 13, 35).
cost(15, 14, 80).
cost(15, 16, 67).
cost(15, 17, 74).
cost(15, 18, 24).
cost(15, 19, 70).
cost(15, 20, 74).
cost(15, 21, 63).
cost(15, 22, 26).
cost(15, 23, 34).
cost(15, 24, 29).
cost(15, 25, 53).
cost(15, 26, 71).
cost(15, 27, 66).
cost(15, 28, 35).
cost(16, 1, 64).
cost(16, 2, 84).
cost(16, 3, 58).
cost(16, 4, 34).
cost(16, 5, 79).
cost(16, 6, 43).
cost(16, 7, 72).
cost(16, 8, 19).
cost(16, 9, 75).
cost(16, 10, 52).
cost(16, 11, 59).
cost(16, 12, 73).
cost(16, 13, 75).
cost(16, 14, 17).
cost(16, 15, 67).
cost(16, 17, 15).
cost(16, 18, 45).
cost(16, 19, 18).
cost(16, 20, 64).
cost(16, 21, 36).
cost(16, 22, 57).
cost(16, 23, 41).
cost(16, 24, 49).
cost(16, 25, 56).
cost(16, 26, 31).
cost(16, 27, 35).
cost(16, 28, 70).
cost(17, 1, 77).
cost(17, 2, 95).
cost(17, 3, 72).
cost(17, 4, 42).
cost(17, 5, 80).
cost(17, 6, 50).
cost(17, 7, 70).
cost(17, 8, 5).
cost(17, 9, 77).
cost(17, 10, 67).
cost(17, 11, 74).
cost(17, 12, 81).
cost(17, 13, 88).
cost(17, 14, 6).
cost(17, 15, 74).
cost(17, 16, 15).
cost(17, 18, 55).
cost(17, 19, 6).
cost(17, 20, 80).
cost(17, 21, 51).
cost(17, 22, 68).
cost(17, 23, 53).
cost(17, 24, 61).
cost(17, 25, 50).
cost(17, 26, 45).
cost(17, 27, 50).
cost(17, 28, 70).
cost(18, 1, 26).
cost(18, 2, 40).
cost(18, 3, 26).
cost(18, 4, 14).
cost(18, 5, 49).
cost(18, 6, 10).
cost(18, 7, 52).
cost(18, 8, 55).
cost(18, 9, 43).
cost(18, 10, 37).
cost(18, 11, 33).
cost(18, 12, 28).
cost(18, 13, 35).
cost(18, 14, 59).
cost(18, 15, 24).
cost(18, 16, 45).
cost(18, 17, 55).
cost(18, 19, 52).
cost(18, 20, 56).
cost(18, 21, 40).
cost(18, 22, 16).
cost(18, 23, 10).
cost(18, 24, 11).
cost(18, 25, 52).
cost(18, 26, 47).
cost(18, 27, 42).
cost(18, 28, 46).
cost(19, 1, 75).
cost(19, 2, 92).
cost(19, 3, 71).
cost(19, 4, 39).
cost(19, 5, 74).
cost(19, 6, 47).
cost(19, 7, 64).
cost(19, 8, 3).
cost(19, 9, 71).
cost(19, 10, 68).
cost(19, 11, 74).
cost(19, 12, 78).
cost(19, 13, 86).
cost(19, 14, 12).
cost(19, 15, 70).
cost(19, 16, 18).
cost(19, 17, 6).
cost(19, 18, 52).
cost(19, 20, 82).
cost(19, 21, 53).
cost(19, 22, 66).
cost(19, 23, 51).
cost(19, 24, 60).
cost(19, 25, 44).
cost(19, 26, 49).
cost(19, 27, 53).
cost(19, 28, 64).
cost(20, 1, 44).
cost(20, 2, 67).
cost(20, 3, 35).
cost(20, 4, 63).
cost(20, 5, 104).
cost(20, 6, 64).
cost(20, 7, 108).
cost(20, 8, 83).
cost(20, 9, 98).
cost(20, 10, 19).
cost(20, 11, 27).
cost(20, 12, 71).
cost(20, 13, 50).
cost(20, 14, 81).
cost(20, 15, 74).
cost(20, 16, 64).
cost(20, 17, 80).
cost(20, 18, 56).
cost(20, 19, 82).
cost(20, 21, 29).
cost(20, 22, 49).
cost(20, 23, 46).
cost(20, 24, 47).
cost(20, 25, 104).
cost(20, 26, 36).
cost(20, 27, 29).
cost(20, 28, 102).
cost(21, 1, 43).
cost(21, 2, 68).
cost(21, 3, 34).
cost(21, 4, 41).
cost(21, 5, 88).
cost(21, 6, 46).
cost(21, 7, 88).
cost(21, 8, 54).
cost(21, 9, 82).
cost(21, 10, 20).
cost(21, 11, 30).
cost(21, 12, 64).
cost(21, 13, 54).
cost(21, 14, 52).
cost(21, 15, 63).
cost(21, 16, 36).
cost(21, 17, 51).
cost(21, 18, 40).
cost(21, 19, 53).
cost(21, 20, 29).
cost(21, 22, 41).
cost(21, 23, 30).
cost(21, 24, 36).
cost(21, 25, 79).
cost(21, 26, 11).
cost(21, 27, 2).
cost(21, 28, 83).
cost(22, 1, 11).
cost(22, 2, 28).
cost(22, 3, 14).
cost(22, 4, 30).
cost(22, 5, 56).
cost(22, 6, 25).
cost(22, 7, 63).
cost(22, 8, 69).
cost(22, 9, 50).
cost(22, 10, 31).
cost(22, 11, 23).
cost(22, 12, 23).
cost(22, 13, 20).
cost(22, 14, 73).
cost(22, 15, 26).
cost(22, 16, 57).
cost(22, 17, 68).
cost(22, 18, 16).
cost(22, 19, 66).
cost(22, 20, 49).
cost(22, 21, 41).
cost(22, 23, 16).
cost(22, 24, 7).
cost(22, 25, 66).
cost(22, 26, 51).
cost(22, 27, 44).
cost(22, 28, 56).
cost(23, 1, 24).
cost(23, 2, 44).
cost(23, 3, 21).
cost(23, 4, 18).
cost(23, 5, 59).
cost(23, 6, 18).
cost(23, 7, 62).
cost(23, 8, 54).
cost(23, 9, 53).
cost(23, 10, 27).
cost(23, 11, 26).
cost(23, 12, 35).
cost(23, 13, 35).
cost(23, 14, 57).
cost(23, 15, 34).
cost(23, 16, 41).
cost(23, 17, 53).
cost(23, 18, 10).
cost(23, 19, 51).
cost(23, 20, 46).
cost(23, 21, 30).
cost(23, 22, 16).
cost(23, 24, 9).
cost(23, 25, 59).
cost(23, 26, 38).
cost(23, 27, 32).
cost(23, 28, 55).
cost(24, 1, 16).
cost(24, 2, 35).
cost(24, 3, 15).
cost(24, 4, 24).
cost(24, 5, 57).
cost(24, 6, 21).
cost(24, 7, 62).
cost(24, 8, 62).
cost(24, 9, 51).
cost(24, 10, 28).
cost(24, 11, 23).
cost(24, 12, 29).
cost(24, 13, 27).
cost(24, 14, 65).
cost(24, 15, 29).
cost(24, 16, 49).
cost(24, 17, 61).
cost(24, 18, 11).
cost(24, 19, 60).
cost(24, 20, 47).
cost(24, 21, 36).
cost(24, 22, 7).
cost(24, 23, 9).
cost(24, 25, 63).
cost(24, 26, 45).
cost(24, 27, 38).
cost(24, 28, 55).
cost(25, 1, 77).
cost(25, 2, 82).
cost(25, 3, 78).
cost(25, 4, 41).
cost(25, 5, 38).
cost(25, 6, 42).
cost(25, 7, 23).
cost(25, 8, 46).
cost(25, 9, 39).
cost(25, 10, 85).
cost(25, 11, 84).
cost(25, 12, 64).
cost(25, 13, 84).
cost(25, 14, 56).
cost(25, 15, 53).
cost(25, 16, 56).
cost(25, 17, 50).
cost(25, 18, 52).
cost(25, 19, 44).
cost(25, 20, 104).
cost(25, 21, 79).
cost(25, 22, 66).
cost(25, 23, 59).
cost(25, 24, 63).
cost(25, 26, 80).
cost(25, 27, 80).
cost(25, 28, 27).
cost(26, 1, 53).
cost(26, 2, 78).
cost(26, 3, 45).
cost(26, 4, 45).
cost(26, 5, 93).
cost(26, 6, 51).
cost(26, 7, 92).
cost(26, 8, 49).
cost(26, 9, 88).
cost(26, 10, 30).
cost(26, 11, 41).
cost(26, 12, 73).
cost(26, 13, 64).
cost(26, 14, 45).
cost(26, 15, 71).
cost(26, 16, 31).
cost(26, 17, 45).
cost(26, 18, 47).
cost(26, 19, 49).
cost(26, 20, 36).
cost(26, 21, 11).
cost(26, 22, 51).
cost(26, 23, 38).
cost(26, 24, 45).
cost(26, 25, 80).
cost(26, 27, 9).
cost(26, 28, 87).
cost(27, 1, 45).
cost(27, 2, 70).
cost(27, 3, 36).
cost(27, 4, 43).
cost(27, 5, 89).
cost(27, 6, 47).
cost(27, 7, 89).
cost(27, 8, 54).
cost(27, 9, 84).
cost(27, 10, 22).
cost(27, 11, 33).
cost(27, 12, 66).
cost(27, 13, 56).
cost(27, 14, 51).
cost(27, 15, 66).
cost(27, 16, 35).
cost(27, 17, 50).
cost(27, 18, 42).
cost(27, 19, 53).
cost(27, 20, 29).
cost(27, 21, 2).
cost(27, 22, 44).
cost(27, 23, 32).
cost(27, 24, 38).
cost(27, 25, 80).
cost(27, 26, 9).
cost(27, 28, 84).
cost(28, 1, 66).
cost(28, 2, 63).
cost(28, 3, 70).
cost(28, 4, 42).
cost(28, 5, 12).
cost(28, 6, 38).
cost(28, 7, 8).
cost(28, 8, 67).
cost(28, 9, 13).
cost(28, 10, 82).
cost(28, 11, 78).
cost(28, 12, 45).
cost(28, 13, 70).
cost(28, 14, 76).
cost(28, 15, 35).
cost(28, 16, 70).
cost(28, 17, 70).
cost(28, 18, 46).
cost(28, 19, 64).
cost(28, 20, 102).
cost(28, 21, 83).
cost(28, 22, 56).
cost(28, 23, 55).
cost(28, 24, 55).
cost(28, 25, 27).
cost(28, 26, 87).
cost(28, 27, 84).
