dimension(28).
point(1, 21.0844134393, 82.5436179937).
point(2, 97.283183303, 31.3996976131).
point(3, 33.2116425826, 42.3397489285).
point(4, 76.7885378998, 7.7356541414).
point(5, 44.6299108842, 88.2111040118).
point(6, 56.1843309884, 24.1195710284).
point(7, 20.958338204, 51.5931061632).
point(8, 19.3532124392, 27.5794658225).
point(9, 85.6138467727, 62.8872985772).
point(10, 20.8733170126, 70.740523428).
point(11, 34.8993392135, 66.6747421676).
point(12, 11.2547873352, 71.8404214494).
point(13, 88.5487329889, 64.9382252786).
point(14, 84.94218388, 56.2298010104).
point(15, 96.2254978222, 33.664438726).
point(16, 96.471386805, 50.0937946968).
point(17, 62.4608771536, 19.5091168095).
point(18, 23.8871741539, 30.5374003635).
point(19, 61.173505967, 97.1707627781).
point(20, 50.582676855, 87.5171727713).
point(21, 90.2682764521, 34.7955112304).
point(22, 67.0677271657, 39.8023415573).
point(23, 69.5555786683, 90.9706916248).
point(24, 80.5879472559, 12.9350601237).
point(25, 92.1952879111, 52.8890765426).
point(26, 14.6177957744, 27.0573039772).
point(27, 42.7618149527, 58.69549717).
point(28, 57.4835370727, 83.5866625818).
cost(1, 2, 92).
cost(1, 3, 42).
cost(1, 4, 93).
cost(1, 5, 24).
cost(1, 6, 68).
cost(1, 7, 31).
cost(1, 8, 55).
cost(1, 9, 67).
cost(1, 10, 12).
cost(1, 11, 21).
cost(1, 12, 15).
cost(1, 13, 70).
cost(1, 14, 69).
cost(1, 15, 90).
cost(1, 16, 82).
cost(1, 17, 75).
cost(1, 18, 52).
cost(1, 19, 43).
cost(1, 20, 30).
cost(1, 21, 84).
cost(1, 22, 63).
cost(1, 23, 49).
cost(1, 24, 92).
cost(1, 25, 77).
cost(1, 26, 56).
cost(1, 27, 32).
cost(1, 28, 36).
cost(2, 1, 92).
cost(2, 3, 65).
cost(2, 4, 31).
cost(2, 5, 77).
cost(2, 6, 42).
cost(2, 7, 79).
cost(2, 8, 78).
cost(2, 9, 34).
cost(2, 10, 86).
cost(2, 11, 72).
cost(2, 12, 95).
cost(2, 13, 35).
cost(2, 14, 28).
cost(2, 15, 2).
cost(2, 16, 19).
cost(2, 17, 37).
cost(2, 18, 73).
cost(2, 19, 75).
cost(2, 20, 73).
cost(2, 21, 8).
cost(2, 22, 31).
cost(2, 23, 66).
cost(2, 24, 25).
cost(2, 25, 22).
cost(2, 26, 83).
cost(2, 27, 61).
cost(2, 28, 66).
cost(3, 1, 42).
cost(3, 2, 65).
cost(3, 4, 56).
cost(3, 5, 47).
cost(3, 6, 29).
cost(3, 7, 15).
cost(3, 8, 20).
cost(3, 9, 56).
cost(3, 10, 31).
cost(3, 11, 24).
cost(3, 12, 37).
cost(3, 13, 60).
cost(3, 14, 54).
cost(3, 15, 64).
cost(3, 16, 64).
cost(3, 17, 37).
cost(3, 18, 15).
cost(3, 19, 62).
cost(3, 20, 48).
cost(3, 21, 58).
cost(3, 22, 34).
cost(3, 23, 61).
cost(3, 24, 56).
cost(3, 25, 60).
cost(3, 26, 24).
cost(3, 27, 19).
cost(3, 28, 48).
cost(4, 1, 93).
cost(4, 2, 31).
cost(4, 3, 56).
cost(4, 5, 87).
cost(4, 6, 26).
cost(4, 7, 71).
cost(4, 8, 61).
cost(4, 9, 56).
cost(4, 10, 84).
cost(4, 11, 72).
cost(4, 12, 92).
cost(4, 13, 58).
cost(4, 14, 49).
cost(4, 15, 32).
cost(4, 16, 47).
cost(4, 17, 19).
cost(4, 18, 58).
cost(4, 19, 91).
cost(4, 20, 84).
cost(4, 21, 30).
cost(4, 22, 34).
cost(4, 23, 84).
cost(4, 24, 6).
cost(4, 25, 48).
cost(4, 26, 65).
cost(4, 27, 61).
cost(4, 28, 78).
cost(5, 1, 24).
cost(5, 2, 77).
cost(5, 3, 47).
cost(5, 4, 87).
cost(5, 6, 65).
cost(5, 7, 44).
cost(5, 8, 66).
cost(5, 9, 48).
cost(5, 10, 29).
cost(5, 11, 24).
cost(5, 12, 37).
cost(5, 13, 50).
cost(5, 14, 51).
cost(5, 15, 75).
cost(5, 16, 64).
cost(5, 17, 71).
cost(5, 18, 61).
cost(5, 19, 19).
cost(5, 20, 6).
cost(5, 21, 70).
cost(5, 22, 53).
cost(5, 23, 25).
cost(5, 24, 83).
cost(5, 25, 59).
cost(5, 26, 68).
cost(5, 27, 30).
cost(5, 28, 14).
cost(6, 1, 68).
cost(6, 2, 42).
cost(6, 3, 29).
cost(6, 4, 26).
cost(6, 5, 65).
cost(6, 7, 45).
cost(6, 8, 37).
cost(6, 9, 49).
cost(6, 10, 58).
cost(6, 11, 48).
cost(6, 12, 66).
cost(6, 13, 52).
cost(6, 14, 43).
cost(6, 15, 41).
cost(6, 16, 48).
cost(6, 17, 8).
cost(6, 18, 33).
cost(6, 19, 73).
cost(6, 20, 64).
cost(6, 21, 36).
cost(6, 22, 19).
cost(6, 23, 68).
cost(6, 24, 27).
cost(6, 25, 46).
cost(6, 26, 42).
cost(6, 27, 37).
cost(6, 28, 59).
cost(7, 1, 31).
cost(7, 2, 79).
cost(7, 3, 15).
cost(7, 4, 71).
cost(7, 5, 44).
cost(7, 6, 45).
cost(7, 8, 24).
cost(7, 9, 66).
cost(7, 10, 19).
cost(7, 11, 21).
cost(7, 12, 22).
cost(7, 13, 69).
cost(7, 14, 64).
cost(7, 15, 77).
cost(7, 16, 76).
cost(7, 17, 52).
cost(7, 18, 21).
cost(7, 19, 61).
cost(7, 20, 47).
cost(7, 21, 71).
cost(7, 22, 48).
cost(7, 23, 63).
cost(7, 24, 71).
cost(7, 25, 71).
cost(7, 26, 25).
cost(7, 27, 23).
cost(7, 28, 49).
cost(8, 1, 55).
cost(8, 2, 78).
cost(8, 3, 20).
cost(8, 4, 61).
cost(8, 5, 66).
cost(8, 6, 37).
cost(8, 7, 24).
cost(8, 9, 75).
cost(8, 10, 43).
cost(8, 11, 42).
cost(8, 12, 45).
cost(8, 13, 79).
cost(8, 14, 72).
cost(8, 15, 77).
cost(8, 16, 80).
cost(8, 17, 44).
cost(8, 18, 5).
cost(8, 19, 81).
cost(8, 20, 68).
cost(8, 21, 71).
cost(8, 22, 49).
cost(8, 23, 81).
cost(8, 24, 63).
cost(8, 25, 77).
cost(8, 26, 5).
cost(8, 27, 39).
cost(8, 28, 68).
cost(9, 1, 67).
cost(9, 2, 34).
cost(9, 3, 56).
cost(9, 4, 56).
cost(9, 5, 48).
cost(9, 6, 49).
cost(9, 7, 66).
cost(9, 8, 75).
cost(9, 10, 65).
cost(9, 11, 51).
cost(9, 12, 75).
cost(9, 13, 4).
cost(9, 14, 7).
cost(9, 15, 31).
cost(9, 16, 17).
cost(9, 17, 49).
cost(9, 18, 70).
cost(9, 19, 42).
cost(9, 20, 43).
cost(9, 21, 28).
cost(9, 22, 30).
cost(9, 23, 32).
cost(9, 24, 50).
cost(9, 25, 12).
cost(9, 26, 80).
cost(9, 27, 43).
cost(9, 28, 35).
cost(10, 1, 12).
cost(10, 2, 86).
cost(10, 3, 31).
cost(10, 4, 84).
cost(10, 5, 29).
cost(10, 6, 58).
cost(10, 7, 19).
cost(10, 8, 43).
cost(10, 9, 65).
cost(10, 11, 15).
cost(10, 12, 10).
cost(10, 13, 68).
cost(10, 14, 66).
cost(10, 15, 84).
cost(10, 16, 78).
cost(10, 17, 66).
cost(10, 18, 40).
cost(10, 19, 48).
cost(10, 20, 34).
cost(10, 21, 78).
cost(10, 22, 56).
cost(10, 23, 53).
cost(10, 24, 83).
cost(10, 25, 74).
cost(10, 26, 44).
cost(10, 27, 25).
cost(10, 28, 39).
cost(11, 1, 21).
cost(11, 2, 72).
cost(11, 3, 24).
cost(11, 4, 72).
cost(11, 5, 24).
cost(11, 6, 48).
cost(11, 7, 21).
cost(11, 8, 42).
cost(11, 9, 51).
cost(11, 10, 15).
cost(11, 12, 24).
cost(11, 13, 54).
cost(11, 14, 51).
cost(11, 15, 70).
cost(11, 16, 64).
cost(11, 17, 55).
cost(11, 18, 38).
cost(11, 19, 40).
cost(11, 20, 26).
cost(11, 21, 64).
cost(11, 22, 42).
cost(11, 23, 42).
cost(11, 24, 71).
cost(11, 25, 59).
cost(11, 26, 45).
cost(11, 27, 11).
cost(11, 28, 28).
cost(12, 1, 15).
cost(12, 2, 95).
cost(12, 3, 37).
cost(12, 4, 92).
cost(12, 5, 37).
cost(12, 6, 66).
cost(12, 7, 22).
cost(12, 8, 45).
cost(12, 9, 75).
cost(12, 10, 10).
cost(12, 11, 24).
cost(12, 13, 78).
cost(12, 14, 75).
cost(12, 15, 93).
cost(12, 16, 88).
cost(12, 17, 73).
cost(12, 18, 43).
cost(12, 19, 56).
cost(12, 20, 42).
cost(12, 21, 87).
cost(12, 22, 64).
cost(12, 23, 61).
cost(12, 24, 91).
cost(12, 25, 83).
cost(12, 26, 45).
cost(12, 27, 34).
cost(12, 28, 48).
cost(13, 1, 70).
cost(13, 2, 35).
cost(13, 3, 60).
cost(13, 4, 58).
cost(13, 5, 50).
cost(13, 6, 52).
cost(13, 7, 69).
cost(13, 8, 79).
cost(13, 9, 4).
cost(13, 10, 68).
cost(13, 11, 54).
cost(13, 12, 78).
cost(13, 14, 9).
cost(13, 15, 32).
cost(13, 16, 17).
cost(13, 17, 52).
cost(13, 18, 73).
cost(13, 19, 42).
cost(13, 20, 44).
cost(13, 21, 30).
cost(13, 22, 33).
cost(13, 23, 32).
cost(13, 24, 53).
cost(13, 25, 13).
cost(13, 26, 83).
cost(13, 27, 46).
cost(13, 28, 36).
cost(14, 1, 69).
cost(14, 2, 28).
cost(14, 3, 54).
cost(14, 4, 49).
cost(14, 5, 51).
cost(14, 6, 43).
cost(14, 7, 64).
cost(14, 8, 72).
cost(14, 9, 7).
cost(14, 10, 66).
cost(14, 11, 51).
cost(14, 12, 75).
cost(14, 13, 9).
cost(14, 15, 25).
cost(14, 16, 13).
cost(14, 17, 43).
cost(14, 18, 66).
cost(14, 19, 47).
cost(14, 20, 46).
cost(14, 21, 22).
cost(14, 22, 24).
cost(14, 23, 38).
cost(14, 24, 44).
cost(14, 25, 8).
cost(14, 26, 76).
cost(14, 27, 42).
cost(14, 28, 39).
cost(15, 1, 90).
cost(15, 2, 2).
cost(15, 3, 64).
cost(15, 4, 32).
cost(15, 5, 75).
cost(15, 6, 41).
cost(15, 7, 77).
cost(15, 8, 77).
cost(15, 9, 31).
cost(15, 10, 84).
cost(15, 11, 70).
cost(15, 12, 93).
cost(15, 13, 32).
cost(15, 14, 25).
cost(15, 16, 16).
cost(15, 17, 37).
cost(15, 18, 72).
cost(15, 19, 73).
cost(15, 20, 71).
cost(15, 21, 6).
cost(15, 22, 30).
cost(15, 23, 63).
cost(15, 24, 26).
cost(15, 25, 20).
cost(15, 26, 82).
cost(15, 27, 59).
cost(15, 28, 63).
cost(16, 1, 82).
cost(16, 2, 19).
cost(16, 3, 64).
cost(16, 4, 47).
cost(16, 5, 64).
cost(16, 6, 48).
cost(16, 7, 76).
cost(16, 8, 80).
cost(16, 9, 17).
cost(16, 10, 78).
cost(16, 11, 64).
cost(16, 12, 88).
cost(16, 13, 17).
cost(16, 14, 13).
cost(16, 15, 16).
cost(16, 17, 46).
cost(16, 18, 75).
cost(16, 19, 59).
cost(16, 20, 59).
cost(16, 21, 17).
cost(16, 22, 31).
cost(16, 23, 49).
cost(16, 24, 40).
cost(16, 25, 5).
cost(16, 26, 85).
cost(16, 27, 54).
cost(16, 28, 51).
cost(17, 1, 75).
cost(17, 2, 37).
cost(17, 3, 37).
cost(17, 4, 19).
cost(17, 5, 71).
cost(17, 6, 8).
cost(17, 7, 52).
cost(17, 8, 44).
cost(17, 9, 49).
cost(17, 10, 66).
cost(17, 11, 55).
cost(17, 12, 73).
cost(17, 13, 52).
cost(17, 14, 43).
cost(17, 15, 37).
cost(17, 16, 46).
cost(17, 18, 40).
cost(17, 19, 78).
cost(17, 20, 69).
cost(17, 21, 32).
cost(17, 22, 21).
cost(17, 23, 72).
cost(17, 24, 19).
cost(17, 25, 45).
cost(17, 26, 48).
cost(17, 27, 44).
cost(17, 28, 64).
cost(18, 1, 52).
cost(18, 2, 73).
cost(18, 3, 15).
cost(18, 4, 58).
cost(18, 5, 61).
cost(18, 6, 33).
cost(18, 7, 21).
cost(18, 8, 5).
cost(18, 9, 70).
cost(18, 10, 40).
cost(18, 11, 38).
cost(18, 12, 43).
cost(18, 13, 73).
cost(18, 14, 66).
cost(18, 15, 72).
cost(18, 16, 75).
cost(18, 17, 40).
cost(18, 19, 76).
cost(18, 20, 63).
cost(18, 21, 67).
cost(18, 22, 44).
cost(18, 23, 76).
cost(18, 24, 59).
cost(18, 25, 72).
cost(18, 26, 10).
cost(18, 27, 34).
cost(18, 28, 63).
cost(19, 1, 43).
cost(19, 2, 75).
cost(19, 3, 62).
cost(19, 4, 91).
cost(19, 5, 19).
cost(19, 6, 73).
cost(19, 7, 61).
cost(19, 8, 81).
cost(19, 9, 42).
cost(19, 10, 48).
cost(19, 11, 40).
cost(19, 12, 56).
cost(19, 13, 42).
cost(19, 14, 47).
cost(19, 15, 73).
cost(19, 16, 59).
cost(19, 17, 78).
cost(19, 18, 76).
cost(19, 20, 14).
cost(19, 21, 69).
cost(19, 22, 58).
cost(19, 23, 10).
cost(19, 24, 86).
cost(19, 25, 54).
cost(19, 26, 84).
cost(19, 27, 43).
cost(19, 28, 14).
cost(20, 1, 30).
cost(20, 2, 73).
cost(20, 3, 48).
cost(20, 4, 84).
cost(20, 5, 6).
cost(20, 6, 64).
cost(20, 7, 47).
cost(20, 8, 68).
cost(20, 9, 43).
cost(20, 10, 34).
cost(20, 11, 26).
cost(20, 12, 42).
cost(20, 13, 44).
cost(20, 14, 46).
cost(20, 15, 71).
cost(20, 16, 59).
cost(20, 17, 69).
cost(20, 18, 63).
cost(20, 19, 14).
cost(20, 21, 66).
cost(20, 22, 50).
cost(20, 23, 19).
cost(20, 24, 80).
cost(20, 25, 54).
cost(20, 26, 70).
cost(20, 27, 30).
cost(20, 28, 8).
cost(21, 1, 84).
cost(21, 2, 8).
cost(21, 3, 58).
cost(21, 4, 30).
cost(21, 5, 70).
cost(21, 6, 36).
cost(21, 7, 71).
cost(21, 8, 71).
cost(21, 9, 28).
cost(21, 10, 78).
cost(21, 11, 64).
cost(21, 12, 87).
cost(21, 13, 30).
cost(21, 14, 22).
cost(21, 15, 6).
cost(21, 16, 17).
cost(21, 17, 32).
cost(21, 18, 67).
cost(21, 19, 69).
cost(21, 20, 66).
cost(21, 22, 24).
cost(21, 23, 60).
cost(21, 24, 24).
cost(21, 25, 18).
cost(21, 26, 76).
cost(21, 27, 53).
cost(21, 28, 59).
cost(22, 1, 63).
cost(22, 2, 31).
cost(22, 3, 34).
cost(22, 4, 34).
cost(22, 5, 53).
cost(22, 6, 19).
cost(22, 7, 48).
cost(22, 8, 49).
cost(22, 9, 30).
cost(22, 10, 56).
cost(22, 11, 42).
cost(22, 12, 64).
cost(22, 13, 33).
cost(22, 14, 24).
cost(22, 15, 30).
cost(22, 16, 31).
cost(22, 17, 21).
cost(22, 18, 44).
cost(22, 19, 58).
cost(22, 20, 50).
cost(22, 21, 24).
cost(22, 23, 51).
cost(22, 24, 30).
cost(22, 25, 28).
cost(22, 26, 54).
cost(22, 27, 31).
cost(22, 28, 45).
cost(23, 1, 49).
cost(23, 2, 66).
cost(23, 3, 61).
cost(23, 4, 84).
cost(23, 5, 25).
cost(23, 6, 68).
cost(23, 7, 63).
cost(23, 8, 81).
cost(23, 9, 32).
cost(23, 10, 53).
cost(23, 11, 42).
cost(23, 12, 61).
cost(23, 13, 32).
cost(23, 14, 38).
cost(23, 15, 63).
cost(23, 16, 49).
cost(23, 17, 72).
cost(23, 18, 76).
cost(23, 19, 10).
cost(23, 20, 19).
cost(23, 21, 60).
cost(23, 22, 51).
cost(23, 24, 79).
cost(23, 25, 44).
cost(23, 26, 84).
cost(23, 27, 42).
cost(23, 28, 14).
cost(24, 1, 92).
cost(24, 2, 25).
cost(24, 3, 56).
cost(24, 4, 6).
cost(24, 5, 83).
cost(24, 6, 27).
cost(24, 7, 71).
cost(24, 8, 63).
cost(24, 9, 50).
cost(24, 10, 83).
cost(24, 11, 71).
cost(24, 12, 91).
cost(24, 13, 53).
cost(24, 14, 44).
cost(24, 15, 26).
cost(24, 16, 40).
cost(24, 17, 19).
cost(24, 18, 59).
cost(24, 19, 86).
cost(24, 20, 80).
cost(24, 21, 24).
cost(24, 22, 30).
cost(24, 23, 79).
cost(24, 25, 42).
cost(24, 26, 67).
cost(24, 27, 59).
cost(24, 28, 74).
cost(25, 1, 77).
cost(25, 2, 22).
cost(25, 3, 60).
cost(25, 4, 48).
cost(25, 5, 59).
cost(25, 6, 46).
cost(25, 7, 71).
cost(25, 8, 77).
cost(25, 9, 12).
cost(25, 10, 74).
cost(25, 11, 59).
cost(25, 12, 83).
cost(25, 13, 13).
cost(25, 14, 8).
cost(25, 15, 20).
cost(25, 16, 5).
cost(25, 17, 45).
cost(25, 18, 72).
cost(25, 19, 54).
cost(25, 20, 54).
cost(25, 21, 18).
cost(25, 22, 28).
cost(25, 23, 44).
cost(25, 24, 42).
cost(25, 26, 82).
cost(25, 27, 50).
cost(25, 28, 46).
cost(26, 1, 56).
cost(26, 2, 83).
cost(26, 3, 24).
cost(26, 4, 65).
cost(26, 5, 68).
cost(26, 6, 42).
cost(26, 7, 25).
cost(26, 8, 5).
cost(26, 9, 80).
cost(26, 10, 44).
cost(26, 11, 45).
cost(26, 12, 45).
cost(26, 13, 83).
cost(26, 14, 76).
cost(26, 15, 82).
cost(26, 16, 85).
cost(26, 17, 48).
cost(26, 18, 10).
cost(26, 19, 84).
cost(26, 20, 70).
cost(26, 21, 76).
cost(26, 22, 54).
cost(26, 23, 84).
cost(26, 24, 67).
cost(26, 25, 82).
cost(26, 27, 42).
cost(26, 28, 71).
cost(27, 1, 32).
cost(27, 2, 61).
cost(27, 3, 19).
cost(27, 4, 61).
cost(27, 5, 30).
cost(27, 6, 37).
cost(27, 7, 23).
cost(27, 8, 39).
cost(27, 9, 43).
cost(27, 10, 25).
cost(27, 11, 11).
cost(27, 12, 34).
cost(27, 13, 46).
cost(27, 14, 42).
cost(27, 15, 59).
cost(27, 16, 54).
cost(27, 17, 44).
cost(27, 18, 34).
cost(27, 19, 43).
cost(27, 20, 30).
cost(27, 21, 53).
cost(27, 22, 31).
cost(27, 23, 42).
cost(27, 24, 59).
cost(27, 25, 50).
cost(27, 26, 42).
cost(27, 28, 29).
cost(28, 1, 36).
cost(28, 2, 66).
cost(28, 3, 48).
cost(28, 4, 78).
cost(28, 5, 14).
cost(28, 6, 59).
cost(28, 7, 49).
cost(28, 8, 68).
cost(28, 9, 35).
cost(28, 10, 39).
cost(28, 11, 28).
cost(28, 12, 48).
cost(28, 13, 36).
cost(28, 14, 39).
cost(28, 15, 63).
cost(28, 16, 51).
cost(28, 17, 64).
cost(28, 18, 63).
cost(28, 19, 14).
cost(28, 20, 8).
cost(28, 21, 59).
cost(28, 22, 45).
cost(28, 23, 14).
cost(28, 24, 74).
cost(28, 25, 46).
cost(28, 26, 71).
cost(28, 27, 29).
