dimension(28).
point(1, 77.6860041983, 66.9460112903).
point(2, 26.2573680371, 65.0616161).
point(3, 81.2959332752, 94.9111235882).
point(4, 13.6616147725, 32.2526789213).
point(5, 96.7259311984, 78.4989359687).
point(6, 91.9075821133, 86.8726600101).
point(7, 18.6836586986, 77.5335123961).
point(8, 15.2503252134, 16.6116758474).
point(9, 82.350261387, 33.2664933532).
point(10, 84.7697010471, 59.686318015).
point(11, 62.7285584903, 38.1054509153).
point(12, 89.9151230862, 51.499019844).
point(13, 17.2239514578, 62.8977306425).
point(14, 66.0305884907, 79.017570034).
point(15, 13.3623072242, 39.1483817389).
point(16, 6.308300565, 6.9529867762).
point(17, 52.849776915, 29.1388388869).
point(18, 30.137260811, 61.8870644569).
point(19, 49.5405478895, 22.1065041373).
point(20, 67.1069713372, 67.4118791666).
point(21, 3.5823249405, 29.308883779).
point(22, 57.1689547378, 67.8965167548).
point(23, 74.4791070572, 67.8302045855).
point(24, 91.566725263, 61.4795505454).
point(25, 33.4481773694, 61.8044466553).
point(26, 81.0100412964, 81.6295885279).
point(27, 56.4313239458, 26.3860000847).
point(28, 85.0163615204, 91.1463721633).
cost(1, 2, 51).
cost(1, 3, 28).
cost(1, 4, 73).
cost(1, 5, 22).
cost(1, 6, 24).
cost(1, 7, 60).
cost(1, 8, 80).
cost(1, 9, 34).
cost(1, 10, 10).
cost(1, 11, 32).
cost(1, 12, 20).
cost(1, 13, 61).
cost(1, 14, 17).
cost(1, 15, 70).
cost(1, 16, 93).
cost(1, 17, 45).
cost(1, 18, 48).
cost(1, 19, 53).
cost(1, 20, 11).
cost(1, 21, 83).
cost(1, 22, 21).
cost(1, 23, 3).
cost(1, 24, 15).
cost(1, 25, 45).
cost(1, 26, 15).
cost(1, 27, 46).
cost(1, 28, 25).
cost(2, 1, 51).
cost(2, 3, 63).
cost(2, 4, 35).
cost(2, 5, 72).
cost(2, 6, 69).
cost(2, 7, 15).
cost(2, 8, 50).
cost(2, 9, 64).
cost(2, 10, 59).
cost(2, 11, 45).
cost(2, 12, 65).
cost(2, 13, 9).
cost(2, 14, 42).
cost(2, 15, 29).
cost(2, 16, 61).
cost(2, 17, 45).
cost(2, 18, 5).
cost(2, 19, 49).
cost(2, 20, 41).
cost(2, 21, 42).
cost(2, 22, 31).
cost(2, 23, 48).
cost(2, 24, 65).
cost(2, 25, 8).
cost(2, 26, 57).
cost(2, 27, 49).
cost(2, 28, 64).
cost(3, 1, 28).
cost(3, 2, 63).
cost(3, 4, 92).
cost(3, 5, 23).
cost(3, 6, 13).
cost(3, 7, 65).
cost(3, 8, 102).
cost(3, 9, 62).
cost(3, 10, 35).
cost(3, 11, 60).
cost(3, 12, 44).
cost(3, 13, 72).
cost(3, 14, 22).
cost(3, 15, 88).
cost(3, 16, 116).
cost(3, 17, 72).
cost(3, 18, 61).
cost(3, 19, 79).
cost(3, 20, 31).
cost(3, 21, 102).
cost(3, 22, 36).
cost(3, 23, 28).
cost(3, 24, 35).
cost(3, 25, 58).
cost(3, 26, 13).
cost(3, 27, 73).
cost(3, 28, 5).
cost(4, 1, 73).
cost(4, 2, 35).
cost(4, 3, 92).
cost(4, 5, 95).
cost(4, 6, 95).
cost(4, 7, 46).
cost(4, 8, 16).
cost(4, 9, 69).
cost(4, 10, 76).
cost(4, 11, 49).
cost(4, 12, 79).
cost(4, 13, 31).
cost(4, 14, 70).
cost(4, 15, 7).
cost(4, 16, 26).
cost(4, 17, 39).
cost(4, 18, 34).
cost(4, 19, 37).
cost(4, 20, 64).
cost(4, 21, 11).
cost(4, 22, 56).
cost(4, 23, 70).
cost(4, 24, 83).
cost(4, 25, 36).
cost(4, 26, 84).
cost(4, 27, 43).
cost(4, 28, 93).
cost(5, 1, 22).
cost(5, 2, 72).
cost(5, 3, 23).
cost(5, 4, 95).
cost(5, 6, 10).
cost(5, 7, 78).
cost(5, 8, 102).
cost(5, 9, 47).
cost(5, 10, 22).
cost(5, 11, 53).
cost(5, 12, 28).
cost(5, 13, 81).
cost(5, 14, 31).
cost(5, 15, 92).
cost(5, 16, 115).
cost(5, 17, 66).
cost(5, 18, 69).
cost(5, 19, 74).
cost(5, 20, 32).
cost(5, 21, 105).
cost(5, 22, 41).
cost(5, 23, 25).
cost(5, 24, 18).
cost(5, 25, 65).
cost(5, 26, 16).
cost(5, 27, 66).
cost(5, 28, 17).
cost(6, 1, 24).
cost(6, 2, 69).
cost(6, 3, 13).
cost(6, 4, 95).
cost(6, 5, 10).
cost(6, 7, 74).
cost(6, 8, 104).
cost(6, 9, 54).
cost(6, 10, 28).
cost(6, 11, 57).
cost(6, 12, 35).
cost(6, 13, 78).
cost(6, 14, 27).
cost(6, 15, 92).
cost(6, 16, 117).
cost(6, 17, 70).
cost(6, 18, 67).
cost(6, 19, 77).
cost(6, 20, 32).
cost(6, 21, 105).
cost(6, 22, 40).
cost(6, 23, 26).
cost(6, 24, 25).
cost(6, 25, 64).
cost(6, 26, 12).
cost(6, 27, 70).
cost(6, 28, 8).
cost(7, 1, 60).
cost(7, 2, 15).
cost(7, 3, 65).
cost(7, 4, 46).
cost(7, 5, 78).
cost(7, 6, 74).
cost(7, 8, 61).
cost(7, 9, 78).
cost(7, 10, 68).
cost(7, 11, 59).
cost(7, 12, 76).
cost(7, 13, 15).
cost(7, 14, 47).
cost(7, 15, 39).
cost(7, 16, 72).
cost(7, 17, 59).
cost(7, 18, 19).
cost(7, 19, 63).
cost(7, 20, 49).
cost(7, 21, 51).
cost(7, 22, 40).
cost(7, 23, 57).
cost(7, 24, 75).
cost(7, 25, 22).
cost(7, 26, 62).
cost(7, 27, 64).
cost(7, 28, 68).
cost(8, 1, 80).
cost(8, 2, 50).
cost(8, 3, 102).
cost(8, 4, 16).
cost(8, 5, 102).
cost(8, 6, 104).
cost(8, 7, 61).
cost(8, 9, 69).
cost(8, 10, 82).
cost(8, 11, 52).
cost(8, 12, 82).
cost(8, 13, 46).
cost(8, 14, 80).
cost(8, 15, 23).
cost(8, 16, 13).
cost(8, 17, 40).
cost(8, 18, 48).
cost(8, 19, 35).
cost(8, 20, 73).
cost(8, 21, 17).
cost(8, 22, 66).
cost(8, 23, 78).
cost(8, 24, 89).
cost(8, 25, 49).
cost(8, 26, 92).
cost(8, 27, 42).
cost(8, 28, 102).
cost(9, 1, 34).
cost(9, 2, 64).
cost(9, 3, 62).
cost(9, 4, 69).
cost(9, 5, 47).
cost(9, 6, 54).
cost(9, 7, 78).
cost(9, 8, 69).
cost(9, 10, 27).
cost(9, 11, 20).
cost(9, 12, 20).
cost(9, 13, 72).
cost(9, 14, 49).
cost(9, 15, 69).
cost(9, 16, 80).
cost(9, 17, 30).
cost(9, 18, 60).
cost(9, 19, 35).
cost(9, 20, 37).
cost(9, 21, 79).
cost(9, 22, 43).
cost(9, 23, 35).
cost(9, 24, 30).
cost(9, 25, 57).
cost(9, 26, 48).
cost(9, 27, 27).
cost(9, 28, 58).
cost(10, 1, 10).
cost(10, 2, 59).
cost(10, 3, 35).
cost(10, 4, 76).
cost(10, 5, 22).
cost(10, 6, 28).
cost(10, 7, 68).
cost(10, 8, 82).
cost(10, 9, 27).
cost(10, 11, 31).
cost(10, 12, 10).
cost(10, 13, 68).
cost(10, 14, 27).
cost(10, 15, 74).
cost(10, 16, 95).
cost(10, 17, 44).
cost(10, 18, 55).
cost(10, 19, 52).
cost(10, 20, 19).
cost(10, 21, 87).
cost(10, 22, 29).
cost(10, 23, 13).
cost(10, 24, 7).
cost(10, 25, 51).
cost(10, 26, 22).
cost(10, 27, 44).
cost(10, 28, 31).
cost(11, 1, 32).
cost(11, 2, 45).
cost(11, 3, 60).
cost(11, 4, 49).
cost(11, 5, 53).
cost(11, 6, 57).
cost(11, 7, 59).
cost(11, 8, 52).
cost(11, 9, 20).
cost(11, 10, 31).
cost(11, 12, 30).
cost(11, 13, 52).
cost(11, 14, 41).
cost(11, 15, 49).
cost(11, 16, 64).
cost(11, 17, 13).
cost(11, 18, 40).
cost(11, 19, 21).
cost(11, 20, 30).
cost(11, 21, 60).
cost(11, 22, 30).
cost(11, 23, 32).
cost(11, 24, 37).
cost(11, 25, 38).
cost(11, 26, 47).
cost(11, 27, 13).
cost(11, 28, 58).
cost(12, 1, 20).
cost(12, 2, 65).
cost(12, 3, 44).
cost(12, 4, 79).
cost(12, 5, 28).
cost(12, 6, 35).
cost(12, 7, 76).
cost(12, 8, 82).
cost(12, 9, 20).
cost(12, 10, 10).
cost(12, 11, 30).
cost(12, 13, 74).
cost(12, 14, 36).
cost(12, 15, 78).
cost(12, 16, 95).
cost(12, 17, 43).
cost(12, 18, 61).
cost(12, 19, 50).
cost(12, 20, 28).
cost(12, 21, 89).
cost(12, 22, 37).
cost(12, 23, 22).
cost(12, 24, 10).
cost(12, 25, 57).
cost(12, 26, 31).
cost(12, 27, 42).
cost(12, 28, 40).
cost(13, 1, 61).
cost(13, 2, 9).
cost(13, 3, 72).
cost(13, 4, 31).
cost(13, 5, 81).
cost(13, 6, 78).
cost(13, 7, 15).
cost(13, 8, 46).
cost(13, 9, 72).
cost(13, 10, 68).
cost(13, 11, 52).
cost(13, 12, 74).
cost(13, 14, 51).
cost(13, 15, 24).
cost(13, 16, 57).
cost(13, 17, 49).
cost(13, 18, 13).
cost(13, 19, 52).
cost(13, 20, 50).
cost(13, 21, 36).
cost(13, 22, 40).
cost(13, 23, 57).
cost(13, 24, 74).
cost(13, 25, 16).
cost(13, 26, 66).
cost(13, 27, 54).
cost(13, 28, 73).
cost(14, 1, 17).
cost(14, 2, 42).
cost(14, 3, 22).
cost(14, 4, 70).
cost(14, 5, 31).
cost(14, 6, 27).
cost(14, 7, 47).
cost(14, 8, 80).
cost(14, 9, 49).
cost(14, 10, 27).
cost(14, 11, 41).
cost(14, 12, 36).
cost(14, 13, 51).
cost(14, 15, 66).
cost(14, 16, 94).
cost(14, 17, 52).
cost(14, 18, 40).
cost(14, 19, 59).
cost(14, 20, 12).
cost(14, 21, 80).
cost(14, 22, 14).
cost(14, 23, 14).
cost(14, 24, 31).
cost(14, 25, 37).
cost(14, 26, 15).
cost(14, 27, 53).
cost(14, 28, 23).
cost(15, 1, 70).
cost(15, 2, 29).
cost(15, 3, 88).
cost(15, 4, 7).
cost(15, 5, 92).
cost(15, 6, 92).
cost(15, 7, 39).
cost(15, 8, 23).
cost(15, 9, 69).
cost(15, 10, 74).
cost(15, 11, 49).
cost(15, 12, 78).
cost(15, 13, 24).
cost(15, 14, 66).
cost(15, 16, 33).
cost(15, 17, 41).
cost(15, 18, 28).
cost(15, 19, 40).
cost(15, 20, 61).
cost(15, 21, 14).
cost(15, 22, 52).
cost(15, 23, 68).
cost(15, 24, 81).
cost(15, 25, 30).
cost(15, 26, 80).
cost(15, 27, 45).
cost(15, 28, 89).
cost(16, 1, 93).
cost(16, 2, 61).
cost(16, 3, 116).
cost(16, 4, 26).
cost(16, 5, 115).
cost(16, 6, 117).
cost(16, 7, 72).
cost(16, 8, 13).
cost(16, 9, 80).
cost(16, 10, 95).
cost(16, 11, 64).
cost(16, 12, 95).
cost(16, 13, 57).
cost(16, 14, 94).
cost(16, 15, 33).
cost(16, 17, 52).
cost(16, 18, 60).
cost(16, 19, 46).
cost(16, 20, 86).
cost(16, 21, 23).
cost(16, 22, 79).
cost(16, 23, 91).
cost(16, 24, 101).
cost(16, 25, 61).
cost(16, 26, 106).
cost(16, 27, 54).
cost(16, 28, 115).
cost(17, 1, 45).
cost(17, 2, 45).
cost(17, 3, 72).
cost(17, 4, 39).
cost(17, 5, 66).
cost(17, 6, 70).
cost(17, 7, 59).
cost(17, 8, 40).
cost(17, 9, 30).
cost(17, 10, 44).
cost(17, 11, 13).
cost(17, 12, 43).
cost(17, 13, 49).
cost(17, 14, 52).
cost(17, 15, 41).
cost(17, 16, 52).
cost(17, 18, 40).
cost(17, 19, 8).
cost(17, 20, 41).
cost(17, 21, 49).
cost(17, 22, 39).
cost(17, 23, 44).
cost(17, 24, 50).
cost(17, 25, 38).
cost(17, 26, 60).
cost(17, 27, 5).
cost(17, 28, 70).
cost(18, 1, 48).
cost(18, 2, 5).
cost(18, 3, 61).
cost(18, 4, 34).
cost(18, 5, 69).
cost(18, 6, 67).
cost(18, 7, 19).
cost(18, 8, 48).
cost(18, 9, 60).
cost(18, 10, 55).
cost(18, 11, 40).
cost(18, 12, 61).
cost(18, 13, 13).
cost(18, 14, 40).
cost(18, 15, 28).
cost(18, 16, 60).
cost(18, 17, 40).
cost(18, 19, 44).
cost(18, 20, 37).
cost(18, 21, 42).
cost(18, 22, 28).
cost(18, 23, 45).
cost(18, 24, 61).
cost(18, 25, 3).
cost(18, 26, 55).
cost(18, 27, 44).
cost(18, 28, 62).
cost(19, 1, 53).
cost(19, 2, 49).
cost(19, 3, 79).
cost(19, 4, 37).
cost(19, 5, 74).
cost(19, 6, 77).
cost(19, 7, 63).
cost(19, 8, 35).
cost(19, 9, 35).
cost(19, 10, 52).
cost(19, 11, 21).
cost(19, 12, 50).
cost(19, 13, 52).
cost(19, 14, 59).
cost(19, 15, 40).
cost(19, 16, 46).
cost(19, 17, 8).
cost(19, 18, 44).
cost(19, 20, 49).
cost(19, 21, 47).
cost(19, 22, 46).
cost(19, 23, 52).
cost(19, 24, 58).
cost(19, 25, 43).
cost(19, 26, 67).
cost(19, 27, 8).
cost(19, 28, 78).
cost(20, 1, 11).
cost(20, 2, 41).
cost(20, 3, 31).
cost(20, 4, 64).
cost(20, 5, 32).
cost(20, 6, 32).
cost(20, 7, 49).
cost(20, 8, 73).
cost(20, 9, 37).
cost(20, 10, 19).
cost(20, 11, 30).
cost(20, 12, 28).
cost(20, 13, 50).
cost(20, 14, 12).
cost(20, 15, 61).
cost(20, 16, 86).
cost(20, 17, 41).
cost(20, 18, 37).
cost(20, 19, 49).
cost(20, 21, 74).
cost(20, 22, 10).
cost(20, 23, 7).
cost(20, 24, 25).
cost(20, 25, 34).
cost(20, 26, 20).
cost(20, 27, 42).
cost(20, 28, 30).
cost(21, 1, 83).
cost(21, 2, 42).
cost(21, 3, 102).
cost(21, 4, 11).
cost(21, 5, 105).
cost(21, 6, 105).
cost(21, 7, 51).
cost(21, 8, 17).
cost(21, 9, 79).
cost(21, 10, 87).
cost(21, 11, 60).
cost(21, 12, 89).
cost(21, 13, 36).
cost(21, 14, 80).
cost(21, 15, 14).
cost(21, 16, 23).
cost(21, 17, 49).
cost(21, 18, 42).
cost(21, 19, 47).
cost(21, 20, 74).
cost(21, 22, 66).
cost(21, 23, 81).
cost(21, 24, 94).
cost(21, 25, 44).
cost(21, 26, 93).
cost(21, 27, 53).
cost(21, 28, 102).
cost(22, 1, 21).
cost(22, 2, 31).
cost(22, 3, 36).
cost(22, 4, 56).
cost(22, 5, 41).
cost(22, 6, 40).
cost(22, 7, 40).
cost(22, 8, 66).
cost(22, 9, 43).
cost(22, 10, 29).
cost(22, 11, 30).
cost(22, 12, 37).
cost(22, 13, 40).
cost(22, 14, 14).
cost(22, 15, 52).
cost(22, 16, 79).
cost(22, 17, 39).
cost(22, 18, 28).
cost(22, 19, 46).
cost(22, 20, 10).
cost(22, 21, 66).
cost(22, 23, 17).
cost(22, 24, 35).
cost(22, 25, 24).
cost(22, 26, 28).
cost(22, 27, 42).
cost(22, 28, 36).
cost(23, 1, 3).
cost(23, 2, 48).
cost(23, 3, 28).
cost(23, 4, 70).
cost(23, 5, 25).
cost(23, 6, 26).
cost(23, 7, 57).
cost(23, 8, 78).
cost(23, 9, 35).
cost(23, 10, 13).
cost(23, 11, 32).
cost(23, 12, 22).
cost(23, 13, 57).
cost(23, 14, 14).
cost(23, 15, 68).
cost(23, 16, 91).
cost(23, 17, 44).
cost(23, 18, 45).
cost(23, 19, 52).
cost(23, 20, 7).
cost(23, 21, 81).
cost(23, 22, 17).
cost(23, 24, 18).
cost(23, 25, 41).
cost(23, 26, 15).
cost(23, 27, 45).
cost(23, 28, 26).
cost(24, 1, 15).
cost(24, 2, 65).
cost(24, 3, 35).
cost(24, 4, 83).
cost(24, 5, 18).
cost(24, 6, 25).
cost(24, 7, 75).
cost(24, 8, 89).
cost(24, 9, 30).
cost(24, 10, 7).
cost(24, 11, 37).
cost(24, 12, 10).
cost(24, 13, 74).
cost(24, 14, 31).
cost(24, 15, 81).
cost(24, 16, 101).
cost(24, 17, 50).
cost(24, 18, 61).
cost(24, 19, 58).
cost(24, 20, 25).
cost(24, 21, 94).
cost(24, 22, 35).
cost(24, 23, 18).
cost(24, 25, 58).
cost(24, 26, 23).
cost(24, 27, 50).
cost(24, 28, 30).
cost(25, 1, 45).
cost(25, 2, 8).
cost(25, 3, 58).
cost(25, 4, 36).
cost(25, 5, 65).
cost(25, 6, 64).
cost(25, 7, 22).
cost(25, 8, 49).
cost(25, 9, 57).
cost(25, 10, 51).
cost(25, 11, 38).
cost(25, 12, 57).
cost(25, 13, 16).
cost(25, 14, 37).
cost(25, 15, 30).
cost(25, 16, 61).
cost(25, 17, 38).
cost(25, 18, 3).
cost(25, 19, 43).
cost(25, 20, 34).
cost(25, 21, 44).
cost(25, 22, 24).
cost(25, 23, 41).
cost(25, 24, 58).
cost(25, 26, 52).
cost(25, 27, 42).
cost(25, 28, 59).
cost(26, 1, 15).
cost(26, 2, 57).
cost(26, 3, 13).
cost(26, 4, 84).
cost(26, 5, 16).
cost(26, 6, 12).
cost(26, 7, 62).
cost(26, 8, 92).
cost(26, 9, 48).
cost(26, 10, 22).
cost(26, 11, 47).
cost(26, 12, 31).
cost(26, 13, 66).
cost(26, 14, 15).
cost(26, 15, 80).
cost(26, 16, 106).
cost(26, 17, 60).
cost(26, 18, 55).
cost(26, 19, 67).
cost(26, 20, 20).
cost(26, 21, 93).
cost(26, 22, 28).
cost(26, 23, 15).
cost(26, 24, 23).
cost(26, 25, 52).
cost(26, 27, 60).
cost(26, 28, 10).
cost(27, 1, 46).
cost(27, 2, 49).
cost(27, 3, 73).
cost(27, 4, 43).
cost(27, 5, 66).
cost(27, 6, 70).
cost(27, 7, 64).
cost(27, 8, 42).
cost(27, 9, 27).
cost(27, 10, 44).
cost(27, 11, 13).
cost(27, 12, 42).
cost(27, 13, 54).
cost(27, 14, 53).
cost(27, 15, 45).
cost(27, 16, 54).
cost(27, 17, 5).
cost(27, 18, 44).
cost(27, 19, 8).
cost(27, 20, 42).
cost(27, 21, 53).
cost(27, 22, 42).
cost(27, 23, 45).
cost(27, 24, 50).
cost(27, 25, 42).
cost(27, 26, 60).
cost(27, 28, 71).
cost(28, 1, 25).
cost(28, 2, 64).
cost(28, 3, 5).
cost(28, 4, 93).
cost(28, 5, 17).
cost(28, 6, 8).
cost(28, 7, 68).
cost(28, 8, 102).
cost(28, 9, 58).
cost(28, 10, 31).
cost(28, 11, 58).
cost(28, 12, 40).
cost(28, 13, 73).
cost(28, 14, 23).
cost(28, 15, 89).
cost(28, 16, 115).
cost(28, 17, 70).
cost(28, 18, 62).
cost(28, 19, 78).
cost(28, 20, 30).
cost(28, 21, 102).
cost(28, 22, 36).
cost(28, 23, 26).
cost(28, 24, 30).
cost(28, 25, 59).
cost(28, 26, 10).
cost(28, 27, 71).
