dimension(28).
point(1, 97.1383007555, 20.8899351559).
point(2, 5.8864967564, 50.6427594437).
point(3, 86.7814783609, 12.5457922006).
point(4, 33.4983226258, 65.7078083358).
point(5, 29.036854567, 19.2414919085).
point(6, 40.665539704, 32.3861659253).
point(7, 4.9252386043, 36.2597498403).
point(8, 0.2531641512, 56.3753800747).
point(9, 22.6172325009, 74.1582145541).
point(10, 27.0446444495, 78.3438603416).
point(11, 60.7054035207, 62.3212474475).
point(12, 77.6822393746, 50.3586186082).
point(13, 49.7841105705, 35.9135565131).
point(14, 82.1972512655, 5.5595480503).
point(15, 91.1796009501, 8.9428325792).
point(16, 66.4062888575, 82.976783429).
point(17, 83.7315667433, 59.7528190721).
point(18, 13.2040996067, 92.036143152).
point(19, 47.3685853867, 67.178434115).
point(20, 2.7551473201, 36.3079089708).
point(21, 25.9142916816, 24.9755153013).
point(22, 83.0263220517, 67.2405081293).
point(23, 52.4543902258, 18.4481363968).
point(24, 39.4625885813, 91.1492345428).
point(25, 96.4716674229, 13.3056705706).
point(26, 10.8939211568, 59.6831959403).
point(27, 47.7747456764, 79.509803718).
point(28, 14.2048780761, 90.1834717642).
cost(1, 2, 96).
cost(1, 3, 13).
cost(1, 4, 78).
cost(1, 5, 68).
cost(1, 6, 58).
cost(1, 7, 93).
cost(1, 8, 103).
cost(1, 9, 92).
cost(1, 10, 91).
cost(1, 11, 55).
cost(1, 12, 35).
cost(1, 13, 50).
cost(1, 14, 21).
cost(1, 15, 13).
cost(1, 16, 69).
cost(1, 17, 41).
cost(1, 18, 110).
cost(1, 19, 68).
cost(1, 20, 96).
cost(1, 21, 71).
cost(1, 22, 48).
cost(1, 23, 45).
cost(1, 24, 91).
cost(1, 25, 8).
cost(1, 26, 95).
cost(1, 27, 77).
cost(1, 28, 108).
cost(2, 1, 96).
cost(2, 3, 89).
cost(2, 4, 31).
cost(2, 5, 39).
cost(2, 6, 39).
cost(2, 7, 14).
cost(2, 8, 8).
cost(2, 9, 29).
cost(2, 10, 35).
cost(2, 11, 56).
cost(2, 12, 72).
cost(2, 13, 46).
cost(2, 14, 89).
cost(2, 15, 95).
cost(2, 16, 69).
cost(2, 17, 78).
cost(2, 18, 42).
cost(2, 19, 45).
cost(2, 20, 15).
cost(2, 21, 33).
cost(2, 22, 79).
cost(2, 23, 57).
cost(2, 24, 53).
cost(2, 25, 98).
cost(2, 26, 10).
cost(2, 27, 51).
cost(2, 28, 40).
cost(3, 1, 13).
cost(3, 2, 89).
cost(3, 4, 75).
cost(3, 5, 58).
cost(3, 6, 50).
cost(3, 7, 85).
cost(3, 8, 97).
cost(3, 9, 89).
cost(3, 10, 89).
cost(3, 11, 56).
cost(3, 12, 39).
cost(3, 13, 44).
cost(3, 14, 8).
cost(3, 15, 6).
cost(3, 16, 73).
cost(3, 17, 47).
cost(3, 18, 108).
cost(3, 19, 67).
cost(3, 20, 87).
cost(3, 21, 62).
cost(3, 22, 55).
cost(3, 23, 35).
cost(3, 24, 92).
cost(3, 25, 10).
cost(3, 26, 89).
cost(3, 27, 77).
cost(3, 28, 106).
cost(4, 1, 78).
cost(4, 2, 31).
cost(4, 3, 75).
cost(4, 5, 47).
cost(4, 6, 34).
cost(4, 7, 41).
cost(4, 8, 35).
cost(4, 9, 14).
cost(4, 10, 14).
cost(4, 11, 27).
cost(4, 12, 47).
cost(4, 13, 34).
cost(4, 14, 77).
cost(4, 15, 81).
cost(4, 16, 37).
cost(4, 17, 51).
cost(4, 18, 33).
cost(4, 19, 14).
cost(4, 20, 43).
cost(4, 21, 41).
cost(4, 22, 50).
cost(4, 23, 51).
cost(4, 24, 26).
cost(4, 25, 82).
cost(4, 26, 23).
cost(4, 27, 20).
cost(4, 28, 31).
cost(5, 1, 68).
cost(5, 2, 39).
cost(5, 3, 58).
cost(5, 4, 47).
cost(5, 6, 18).
cost(5, 7, 30).
cost(5, 8, 47).
cost(5, 9, 55).
cost(5, 10, 59).
cost(5, 11, 53).
cost(5, 12, 58).
cost(5, 13, 27).
cost(5, 14, 55).
cost(5, 15, 63).
cost(5, 16, 74).
cost(5, 17, 68).
cost(5, 18, 74).
cost(5, 19, 51).
cost(5, 20, 31).
cost(5, 21, 7).
cost(5, 22, 72).
cost(5, 23, 23).
cost(5, 24, 73).
cost(5, 25, 68).
cost(5, 26, 44).
cost(5, 27, 63).
cost(5, 28, 72).
cost(6, 1, 58).
cost(6, 2, 39).
cost(6, 3, 50).
cost(6, 4, 34).
cost(6, 5, 18).
cost(6, 7, 36).
cost(6, 8, 47).
cost(6, 9, 46).
cost(6, 10, 48).
cost(6, 11, 36).
cost(6, 12, 41).
cost(6, 13, 10).
cost(6, 14, 49).
cost(6, 15, 56).
cost(6, 16, 57).
cost(6, 17, 51).
cost(6, 18, 66).
cost(6, 19, 35).
cost(6, 20, 38).
cost(6, 21, 17).
cost(6, 22, 55).
cost(6, 23, 18).
cost(6, 24, 59).
cost(6, 25, 59).
cost(6, 26, 40).
cost(6, 27, 48).
cost(6, 28, 64).
cost(7, 1, 93).
cost(7, 2, 14).
cost(7, 3, 85).
cost(7, 4, 41).
cost(7, 5, 30).
cost(7, 6, 36).
cost(7, 8, 21).
cost(7, 9, 42).
cost(7, 10, 48).
cost(7, 11, 62).
cost(7, 12, 74).
cost(7, 13, 45).
cost(7, 14, 83).
cost(7, 15, 90).
cost(7, 16, 77).
cost(7, 17, 82).
cost(7, 18, 56).
cost(7, 19, 53).
cost(7, 20, 2).
cost(7, 21, 24).
cost(7, 22, 84).
cost(7, 23, 51).
cost(7, 24, 65).
cost(7, 25, 94).
cost(7, 26, 24).
cost(7, 27, 61).
cost(7, 28, 55).
cost(8, 1, 103).
cost(8, 2, 8).
cost(8, 3, 97).
cost(8, 4, 35).
cost(8, 5, 47).
cost(8, 6, 47).
cost(8, 7, 21).
cost(8, 9, 29).
cost(8, 10, 35).
cost(8, 11, 61).
cost(8, 12, 78).
cost(8, 13, 54).
cost(8, 14, 96).
cost(8, 15, 103).
cost(8, 16, 71).
cost(8, 17, 84).
cost(8, 18, 38).
cost(8, 19, 48).
cost(8, 20, 20).
cost(8, 21, 41).
cost(8, 22, 83).
cost(8, 23, 65).
cost(8, 24, 52).
cost(8, 25, 105).
cost(8, 26, 11).
cost(8, 27, 53).
cost(8, 28, 37).
cost(9, 1, 92).
cost(9, 2, 29).
cost(9, 3, 89).
cost(9, 4, 14).
cost(9, 5, 55).
cost(9, 6, 46).
cost(9, 7, 42).
cost(9, 8, 29).
cost(9, 10, 6).
cost(9, 11, 40).
cost(9, 12, 60).
cost(9, 13, 47).
cost(9, 14, 91).
cost(9, 15, 95).
cost(9, 16, 45).
cost(9, 17, 63).
cost(9, 18, 20).
cost(9, 19, 26).
cost(9, 20, 43).
cost(9, 21, 49).
cost(9, 22, 61).
cost(9, 23, 63).
cost(9, 24, 24).
cost(9, 25, 96).
cost(9, 26, 19).
cost(9, 27, 26).
cost(9, 28, 18).
cost(10, 1, 91).
cost(10, 2, 35).
cost(10, 3, 89).
cost(10, 4, 14).
cost(10, 5, 59).
cost(10, 6, 48).
cost(10, 7, 48).
cost(10, 8, 35).
cost(10, 9, 6).
cost(10, 11, 37).
cost(10, 12, 58).
cost(10, 13, 48).
cost(10, 14, 91).
cost(10, 15, 94).
cost(10, 16, 40).
cost(10, 17, 60).
cost(10, 18, 19).
cost(10, 19, 23).
cost(10, 20, 49).
cost(10, 21, 53).
cost(10, 22, 57).
cost(10, 23, 65).
cost(10, 24, 18).
cost(10, 25, 95).
cost(10, 26, 25).
cost(10, 27, 21).
cost(10, 28, 17).
cost(11, 1, 55).
cost(11, 2, 56).
cost(11, 3, 56).
cost(11, 4, 27).
cost(11, 5, 53).
cost(11, 6, 36).
cost(11, 7, 62).
cost(11, 8, 61).
cost(11, 9, 40).
cost(11, 10, 37).
cost(11, 12, 21).
cost(11, 13, 29).
cost(11, 14, 61).
cost(11, 15, 61).
cost(11, 16, 21).
cost(11, 17, 23).
cost(11, 18, 56).
cost(11, 19, 14).
cost(11, 20, 64).
cost(11, 21, 51).
cost(11, 22, 23).
cost(11, 23, 45).
cost(11, 24, 36).
cost(11, 25, 61).
cost(11, 26, 50).
cost(11, 27, 22).
cost(11, 28, 54).
cost(12, 1, 35).
cost(12, 2, 72).
cost(12, 3, 39).
cost(12, 4, 47).
cost(12, 5, 58).
cost(12, 6, 41).
cost(12, 7, 74).
cost(12, 8, 78).
cost(12, 9, 60).
cost(12, 10, 58).
cost(12, 11, 21).
cost(12, 13, 31).
cost(12, 14, 45).
cost(12, 15, 44).
cost(12, 16, 35).
cost(12, 17, 11).
cost(12, 18, 77).
cost(12, 19, 35).
cost(12, 20, 76).
cost(12, 21, 58).
cost(12, 22, 18).
cost(12, 23, 41).
cost(12, 24, 56).
cost(12, 25, 42).
cost(12, 26, 67).
cost(12, 27, 42).
cost(12, 28, 75).
cost(13, 1, 50).
cost(13, 2, 46).
cost(13, 3, 44).
cost(13, 4, 34).
cost(13, 5, 27).
cost(13, 6, 10).
cost(13, 7, 45).
cost(13, 8, 54).
cost(13, 9, 47).
cost(13, 10, 48).
cost(13, 11, 29).
cost(13, 12, 31).
cost(13, 14, 44).
cost(13, 15, 49).
cost(13, 16, 50).
cost(13, 17, 41).
cost(13, 18, 67).
cost(13, 19, 31).
cost(13, 20, 47).
cost(13, 21, 26).
cost(13, 22, 46).
cost(13, 23, 18).
cost(13, 24, 56).
cost(13, 25, 52).
cost(13, 26, 46).
cost(13, 27, 44).
cost(13, 28, 65).
cost(14, 1, 21).
cost(14, 2, 89).
cost(14, 3, 8).
cost(14, 4, 77).
cost(14, 5, 55).
cost(14, 6, 49).
cost(14, 7, 83).
cost(14, 8, 96).
cost(14, 9, 91).
cost(14, 10, 91).
cost(14, 11, 61).
cost(14, 12, 45).
cost(14, 13, 44).
cost(14, 15, 10).
cost(14, 16, 79).
cost(14, 17, 54).
cost(14, 18, 111).
cost(14, 19, 71).
cost(14, 20, 85).
cost(14, 21, 60).
cost(14, 22, 62).
cost(14, 23, 32).
cost(14, 24, 96).
cost(14, 25, 16).
cost(14, 26, 90).
cost(14, 27, 82).
cost(14, 28, 109).
cost(15, 1, 13).
cost(15, 2, 95).
cost(15, 3, 6).
cost(15, 4, 81).
cost(15, 5, 63).
cost(15, 6, 56).
cost(15, 7, 90).
cost(15, 8, 103).
cost(15, 9, 95).
cost(15, 10, 94).
cost(15, 11, 61).
cost(15, 12, 44).
cost(15, 13, 49).
cost(15, 14, 10).
cost(15, 16, 78).
cost(15, 17, 51).
cost(15, 18, 114).
cost(15, 19, 73).
cost(15, 20, 93).
cost(15, 21, 67).
cost(15, 22, 59).
cost(15, 23, 40).
cost(15, 24, 97).
cost(15, 25, 7).
cost(15, 26, 95).
cost(15, 27, 83).
cost(15, 28, 112).
cost(16, 1, 69).
cost(16, 2, 69).
cost(16, 3, 73).
cost(16, 4, 37).
cost(16, 5, 74).
cost(16, 6, 57).
cost(16, 7, 77).
cost(16, 8, 71).
cost(16, 9, 45).
cost(16, 10, 40).
cost(16, 11, 21).
cost(16, 12, 35).
cost(16, 13, 50).
cost(16, 14, 79).
cost(16, 15, 78).
cost(16, 17, 29).
cost(16, 18, 54).
cost(16, 19, 25).
cost(16, 20, 79).
cost(16, 21, 71).
cost(16, 22, 23).
cost(16, 23, 66).
cost(16, 24, 28).
cost(16, 25, 76).
cost(16, 26, 60).
cost(16, 27, 19).
cost(16, 28, 53).
cost(17, 1, 41).
cost(17, 2, 78).
cost(17, 3, 47).
cost(17, 4, 51).
cost(17, 5, 68).
cost(17, 6, 51).
cost(17, 7, 82).
cost(17, 8, 84).
cost(17, 9, 63).
cost(17, 10, 60).
cost(17, 11, 23).
cost(17, 12, 11).
cost(17, 13, 41).
cost(17, 14, 54).
cost(17, 15, 51).
cost(17, 16, 29).
cost(17, 18, 78).
cost(17, 19, 37).
cost(17, 20, 84).
cost(17, 21, 67).
cost(17, 22, 8).
cost(17, 23, 52).
cost(17, 24, 54).
cost(17, 25, 48).
cost(17, 26, 73).
cost(17, 27, 41).
cost(17, 28, 76).
cost(18, 1, 110).
cost(18, 2, 42).
cost(18, 3, 108).
cost(18, 4, 33).
cost(18, 5, 74).
cost(18, 6, 66).
cost(18, 7, 56).
cost(18, 8, 38).
cost(18, 9, 20).
cost(18, 10, 19).
cost(18, 11, 56).
cost(18, 12, 77).
cost(18, 13, 67).
cost(18, 14, 111).
cost(18, 15, 114).
cost(18, 16, 54).
cost(18, 17, 78).
cost(18, 19, 42).
cost(18, 20, 57).
cost(18, 21, 68).
cost(18, 22, 74).
cost(18, 23, 83).
cost(18, 24, 26).
cost(18, 25, 115).
cost(18, 26, 32).
cost(18, 27, 37).
cost(18, 28, 2).
cost(19, 1, 68).
cost(19, 2, 45).
cost(19, 3, 67).
cost(19, 4, 14).
cost(19, 5, 51).
cost(19, 6, 35).
cost(19, 7, 53).
cost(19, 8, 48).
cost(19, 9, 26).
cost(19, 10, 23).
cost(19, 11, 14).
cost(19, 12, 35).
cost(19, 13, 31).
cost(19, 14, 71).
cost(19, 15, 73).
cost(19, 16, 25).
cost(19, 17, 37).
cost(19, 18, 42).
cost(19, 20, 54).
cost(19, 21, 47).
cost(19, 22, 36).
cost(19, 23, 49).
cost(19, 24, 25).
cost(19, 25, 73).
cost(19, 26, 37).
cost(19, 27, 12).
cost(19, 28, 40).
cost(20, 1, 96).
cost(20, 2, 15).
cost(20, 3, 87).
cost(20, 4, 43).
cost(20, 5, 31).
cost(20, 6, 38).
cost(20, 7, 2).
cost(20, 8, 20).
cost(20, 9, 43).
cost(20, 10, 49).
cost(20, 11, 64).
cost(20, 12, 76).
cost(20, 13, 47).
cost(20, 14, 85).
cost(20, 15, 93).
cost(20, 16, 79).
cost(20, 17, 84).
cost(20, 18, 57).
cost(20, 19, 54).
cost(20, 21, 26).
cost(20, 22, 86).
cost(20, 23, 53).
cost(20, 24, 66).
cost(20, 25, 96).
cost(20, 26, 25).
cost(20, 27, 62).
cost(20, 28, 55).
cost(21, 1, 71).
cost(21, 2, 33).
cost(21, 3, 62).
cost(21, 4, 41).
cost(21, 5, 7).
cost(21, 6, 17).
cost(21, 7, 24).
cost(21, 8, 41).
cost(21, 9, 49).
cost(21, 10, 53).
cost(21, 11, 51).
cost(21, 12, 58).
cost(21, 13, 26).
cost(21, 14, 60).
cost(21, 15, 67).
cost(21, 16, 71).
cost(21, 17, 67).
cost(21, 18, 68).
cost(21, 19, 47).
cost(21, 20, 26).
cost(21, 22, 71).
cost(21, 23, 27).
cost(21, 24, 68).
cost(21, 25, 72).
cost(21, 26, 38).
cost(21, 27, 59).
cost(21, 28, 66).
cost(22, 1, 48).
cost(22, 2, 79).
cost(22, 3, 55).
cost(22, 4, 50).
cost(22, 5, 72).
cost(22, 6, 55).
cost(22, 7, 84).
cost(22, 8, 83).
cost(22, 9, 61).
cost(22, 10, 57).
cost(22, 11, 23).
cost(22, 12, 18).
cost(22, 13, 46).
cost(22, 14, 62).
cost(22, 15, 59).
cost(22, 16, 23).
cost(22, 17, 8).
cost(22, 18, 74).
cost(22, 19, 36).
cost(22, 20, 86).
cost(22, 21, 71).
cost(22, 23, 58).
cost(22, 24, 50).
cost(22, 25, 56).
cost(22, 26, 73).
cost(22, 27, 37).
cost(22, 28, 73).
cost(23, 1, 45).
cost(23, 2, 57).
cost(23, 3, 35).
cost(23, 4, 51).
cost(23, 5, 23).
cost(23, 6, 18).
cost(23, 7, 51).
cost(23, 8, 65).
cost(23, 9, 63).
cost(23, 10, 65).
cost(23, 11, 45).
cost(23, 12, 41).
cost(23, 13, 18).
cost(23, 14, 32).
cost(23, 15, 40).
cost(23, 16, 66).
cost(23, 17, 52).
cost(23, 18, 83).
cost(23, 19, 49).
cost(23, 20, 53).
cost(23, 21, 27).
cost(23, 22, 58).
cost(23, 24, 74).
cost(23, 25, 44).
cost(23, 26, 59).
cost(23, 27, 61).
cost(23, 28, 81).
cost(24, 1, 91).
cost(24, 2, 53).
cost(24, 3, 92).
cost(24, 4, 26).
cost(24, 5, 73).
cost(24, 6, 59).
cost(24, 7, 65).
cost(24, 8, 52).
cost(24, 9, 24).
cost(24, 10, 18).
cost(24, 11, 36).
cost(24, 12, 56).
cost(24, 13, 56).
cost(24, 14, 96).
cost(24, 15, 97).
cost(24, 16, 28).
cost(24, 17, 54).
cost(24, 18, 26).
cost(24, 19, 25).
cost(24, 20, 66).
cost(24, 21, 68).
cost(24, 22, 50).
cost(24, 23, 74).
cost(24, 25, 96).
cost(24, 26, 43).
cost(24, 27, 14).
cost(24, 28, 25).
cost(25, 1, 8).
cost(25, 2, 98).
cost(25, 3, 10).
cost(25, 4, 82).
cost(25, 5, 68).
cost(25, 6, 59).
cost(25, 7, 94).
cost(25, 8, 105).
cost(25, 9, 96).
cost(25, 10, 95).
cost(25, 11, 61).
cost(25, 12, 42).
cost(25, 13, 52).
cost(25, 14, 16).
cost(25, 15, 7).
cost(25, 16, 76).
cost(25, 17, 48).
cost(25, 18, 115).
cost(25, 19, 73).
cost(25, 20, 96).
cost(25, 21, 72).
cost(25, 22, 56).
cost(25, 23, 44).
cost(25, 24, 96).
cost(25, 26, 97).
cost(25, 27, 82).
cost(25, 28, 113).
cost(26, 1, 95).
cost(26, 2, 10).
cost(26, 3, 89).
cost(26, 4, 23).
cost(26, 5, 44).
cost(26, 6, 40).
cost(26, 7, 24).
cost(26, 8, 11).
cost(26, 9, 19).
cost(26, 10, 25).
cost(26, 11, 50).
cost(26, 12, 67).
cost(26, 13, 46).
cost(26, 14, 90).
cost(26, 15, 95).
cost(26, 16, 60).
cost(26, 17, 73).
cost(26, 18, 32).
cost(26, 19, 37).
cost(26, 20, 25).
cost(26, 21, 38).
cost(26, 22, 73).
cost(26, 23, 59).
cost(26, 24, 43).
cost(26, 25, 97).
cost(26, 27, 42).
cost(26, 28, 31).
cost(27, 1, 77).
cost(27, 2, 51).
cost(27, 3, 77).
cost(27, 4, 20).
cost(27, 5, 63).
cost(27, 6, 48).
cost(27, 7, 61).
cost(27, 8, 53).
cost(27, 9, 26).
cost(27, 10, 21).
cost(27, 11, 22).
cost(27, 12, 42).
cost(27, 13, 44).
cost(27, 14, 82).
cost(27, 15, 83).
cost(27, 16, 19).
cost(27, 17, 41).
cost(27, 18, 37).
cost(27, 19, 12).
cost(27, 20, 62).
cost(27, 21, 59).
cost(27, 22, 37).
cost(27, 23, 61).
cost(27, 24, 14).
cost(27, 25, 82).
cost(27, 26, 42).
cost(27, 28, 35).
cost(28, 1, 108).
cost(28, 2, 40).
cost(28, 3, 106).
cost(28, 4, 31).
cost(28, 5, 72).
cost(28, 6, 64).
cost(28, 7, 55).
cost(28, 8, 37).
cost(28, 9, 18).
cost(28, 10, 17).
cost(28, 11, 54).
cost(28, 12, 75).
cost(28, 13, 65).
cost(28, 14, 109).
cost(28, 15, 112).
cost(28, 16, 53).
cost(28, 17, 76).
cost(28, 18, 2).
cost(28, 19, 40).
cost(28, 20, 55).
cost(28, 21, 66).
cost(28, 22, 73).
cost(28, 23, 81).
cost(28, 24, 25).
cost(28, 25, 113).
cost(28, 26, 31).
cost(28, 27, 35).
