dimension(28).
point(1, 78.0935032098, 3.8553422928).
point(2, 81.6938258217, 62.0083892874).
point(3, 28.5032299865, 31.5234317038).
point(4, 56.8023155826, 34.4596938676).
point(5, 97.8330780575, 73.3226964937).
point(6, 95.262533375, 36.6129509711).
point(7, 17.6649021435, 74.6314417545).
point(8, 11.2928087151, 68.9375465058).
point(9, 40.7655369515, 58.2947115935).
point(10, 37.4038100567, 91.7740188361).
point(11, 71.0603712985, 62.2242679785).
point(12, 67.8679973737, 19.229680456).
point(13, 0.4986173407, 75.3581998206).
point(14, 68.6189452596, 3.681221942).
point(15, 21.4003669795, 40.3418903435).
point(16, 49.2962411138, 35.5148882969).
point(17, 32.0230754506, 82.9778250508).
point(18, 15.7337761847, 39.5850892232).
point(19, 37.9503983949, 76.4361722404).
point(20, 70.7862397914, 78.5081436885).
point(21, 52.7915305073, 31.8109319176).
point(22, 9.2600529715, 82.3226338394).
point(23, 51.1972003377, 7.4861515505).
point(24, 18.5118125681, 54.9435385874).
point(25, 23.4346229546, 26.0946008815).
point(26, 8.5541388694, 96.5113231714).
point(27, 82.3622083742, 11.111200976).
point(28, 97.0285469723, 52.6656494695).
cost(1, 2, 58).
cost(1, 3, 57).
cost(1, 4, 37).
cost(1, 5, 72).
cost(1, 6, 37).
cost(1, 7, 93).
cost(1, 8, 93).
cost(1, 9, 66).
cost(1, 10, 97).
cost(1, 11, 59).
cost(1, 12, 18).
cost(1, 13, 106).
cost(1, 14, 9).
cost(1, 15, 67).
cost(1, 16, 43).
cost(1, 17, 92).
cost(1, 18, 72).
cost(1, 19, 83).
cost(1, 20, 75).
cost(1, 21, 38).
cost(1, 22, 104).
cost(1, 23, 27).
cost(1, 24, 78).
cost(1, 25, 59).
cost(1, 26, 116).
cost(1, 27, 8).
cost(1, 28, 52).
cost(2, 1, 58).
cost(2, 3, 61).
cost(2, 4, 37).
cost(2, 5, 20).
cost(2, 6, 29).
cost(2, 7, 65).
cost(2, 8, 71).
cost(2, 9, 41).
cost(2, 10, 53).
cost(2, 11, 11).
cost(2, 12, 45).
cost(2, 13, 82).
cost(2, 14, 60).
cost(2, 15, 64).
cost(2, 16, 42).
cost(2, 17, 54).
cost(2, 18, 70).
cost(2, 19, 46).
cost(2, 20, 20).
cost(2, 21, 42).
cost(2, 22, 75).
cost(2, 23, 62).
cost(2, 24, 64).
cost(2, 25, 68).
cost(2, 26, 81).
cost(2, 27, 51).
cost(2, 28, 18).
cost(3, 1, 57).
cost(3, 2, 61).
cost(3, 4, 28).
cost(3, 5, 81).
cost(3, 6, 67).
cost(3, 7, 44).
cost(3, 8, 41).
cost(3, 9, 29).
cost(3, 10, 61).
cost(3, 11, 52).
cost(3, 12, 41).
cost(3, 13, 52).
cost(3, 14, 49).
cost(3, 15, 11).
cost(3, 16, 21).
cost(3, 17, 52).
cost(3, 18, 15).
cost(3, 19, 46).
cost(3, 20, 63).
cost(3, 21, 24).
cost(3, 22, 54).
cost(3, 23, 33).
cost(3, 24, 25).
cost(3, 25, 7).
cost(3, 26, 68).
cost(3, 27, 58).
cost(3, 28, 72).
cost(4, 1, 37).
cost(4, 2, 37).
cost(4, 3, 28).
cost(4, 5, 57).
cost(4, 6, 39).
cost(4, 7, 56).
cost(4, 8, 57).
cost(4, 9, 29).
cost(4, 10, 61).
cost(4, 11, 31).
cost(4, 12, 19).
cost(4, 13, 70).
cost(4, 14, 33).
cost(4, 15, 36).
cost(4, 16, 8).
cost(4, 17, 54).
cost(4, 18, 41).
cost(4, 19, 46).
cost(4, 20, 46).
cost(4, 21, 5).
cost(4, 22, 67).
cost(4, 23, 28).
cost(4, 24, 43).
cost(4, 25, 34).
cost(4, 26, 79).
cost(4, 27, 35).
cost(4, 28, 44).
cost(5, 1, 72).
cost(5, 2, 20).
cost(5, 3, 81).
cost(5, 4, 57).
cost(5, 6, 37).
cost(5, 7, 80).
cost(5, 8, 87).
cost(5, 9, 59).
cost(5, 10, 63).
cost(5, 11, 29).
cost(5, 12, 62).
cost(5, 13, 97).
cost(5, 14, 76).
cost(5, 15, 83).
cost(5, 16, 62).
cost(5, 17, 67).
cost(5, 18, 89).
cost(5, 19, 60).
cost(5, 20, 28).
cost(5, 21, 61).
cost(5, 22, 89).
cost(5, 23, 81).
cost(5, 24, 81).
cost(5, 25, 88).
cost(5, 26, 92).
cost(5, 27, 64).
cost(5, 28, 21).
cost(6, 1, 37).
cost(6, 2, 29).
cost(6, 3, 67).
cost(6, 4, 39).
cost(6, 5, 37).
cost(6, 7, 86).
cost(6, 8, 90).
cost(6, 9, 59).
cost(6, 10, 80).
cost(6, 11, 35).
cost(6, 12, 32).
cost(6, 13, 102).
cost(6, 14, 42).
cost(6, 15, 74).
cost(6, 16, 46).
cost(6, 17, 78).
cost(6, 18, 80).
cost(6, 19, 70).
cost(6, 20, 49).
cost(6, 21, 43).
cost(6, 22, 97).
cost(6, 23, 53).
cost(6, 24, 79).
cost(6, 25, 73).
cost(6, 26, 105).
cost(6, 27, 29).
cost(6, 28, 16).
cost(7, 1, 93).
cost(7, 2, 65).
cost(7, 3, 44).
cost(7, 4, 56).
cost(7, 5, 80).
cost(7, 6, 86).
cost(7, 8, 9).
cost(7, 9, 28).
cost(7, 10, 26).
cost(7, 11, 55).
cost(7, 12, 75).
cost(7, 13, 17).
cost(7, 14, 87).
cost(7, 15, 34).
cost(7, 16, 50).
cost(7, 17, 17).
cost(7, 18, 35).
cost(7, 19, 20).
cost(7, 20, 53).
cost(7, 21, 55).
cost(7, 22, 11).
cost(7, 23, 75).
cost(7, 24, 20).
cost(7, 25, 49).
cost(7, 26, 24).
cost(7, 27, 91).
cost(7, 28, 82).
cost(8, 1, 93).
cost(8, 2, 71).
cost(8, 3, 41).
cost(8, 4, 57).
cost(8, 5, 87).
cost(8, 6, 90).
cost(8, 7, 9).
cost(8, 9, 31).
cost(8, 10, 35).
cost(8, 11, 60).
cost(8, 12, 75).
cost(8, 13, 13).
cost(8, 14, 87).
cost(8, 15, 30).
cost(8, 16, 51).
cost(8, 17, 25).
cost(8, 18, 30).
cost(8, 19, 28).
cost(8, 20, 60).
cost(8, 21, 56).
cost(8, 22, 14).
cost(8, 23, 73).
cost(8, 24, 16).
cost(8, 25, 45).
cost(8, 26, 28).
cost(8, 27, 92).
cost(8, 28, 87).
cost(9, 1, 66).
cost(9, 2, 41).
cost(9, 3, 29).
cost(9, 4, 29).
cost(9, 5, 59).
cost(9, 6, 59).
cost(9, 7, 28).
cost(9, 8, 31).
cost(9, 10, 34).
cost(9, 11, 31).
cost(9, 12, 48).
cost(9, 13, 44).
cost(9, 14, 61).
cost(9, 15, 26).
cost(9, 16, 24).
cost(9, 17, 26).
cost(9, 18, 31).
cost(9, 19, 18).
cost(9, 20, 36).
cost(9, 21, 29).
cost(9, 22, 40).
cost(9, 23, 52).
cost(9, 24, 23).
cost(9, 25, 37).
cost(9, 26, 50).
cost(9, 27, 63).
cost(9, 28, 57).
cost(10, 1, 97).
cost(10, 2, 53).
cost(10, 3, 61).
cost(10, 4, 61).
cost(10, 5, 63).
cost(10, 6, 80).
cost(10, 7, 26).
cost(10, 8, 35).
cost(10, 9, 34).
cost(10, 11, 45).
cost(10, 12, 79).
cost(10, 13, 40).
cost(10, 14, 93).
cost(10, 15, 54).
cost(10, 16, 58).
cost(10, 17, 10).
cost(10, 18, 57).
cost(10, 19, 15).
cost(10, 20, 36).
cost(10, 21, 62).
cost(10, 22, 30).
cost(10, 23, 85).
cost(10, 24, 41).
cost(10, 25, 67).
cost(10, 26, 29).
cost(10, 27, 92).
cost(10, 28, 71).
cost(11, 1, 59).
cost(11, 2, 11).
cost(11, 3, 52).
cost(11, 4, 31).
cost(11, 5, 29).
cost(11, 6, 35).
cost(11, 7, 55).
cost(11, 8, 60).
cost(11, 9, 31).
cost(11, 10, 45).
cost(11, 12, 43).
cost(11, 13, 72).
cost(11, 14, 59).
cost(11, 15, 54).
cost(11, 16, 34).
cost(11, 17, 44).
cost(11, 18, 60).
cost(11, 19, 36).
cost(11, 20, 16).
cost(11, 21, 35).
cost(11, 22, 65).
cost(11, 23, 58).
cost(11, 24, 53).
cost(11, 25, 60).
cost(11, 26, 71).
cost(11, 27, 52).
cost(11, 28, 28).
cost(12, 1, 18).
cost(12, 2, 45).
cost(12, 3, 41).
cost(12, 4, 19).
cost(12, 5, 62).
cost(12, 6, 32).
cost(12, 7, 75).
cost(12, 8, 75).
cost(12, 9, 48).
cost(12, 10, 79).
cost(12, 11, 43).
cost(12, 13, 88).
cost(12, 14, 16).
cost(12, 15, 51).
cost(12, 16, 25).
cost(12, 17, 73).
cost(12, 18, 56).
cost(12, 19, 65).
cost(12, 20, 59).
cost(12, 21, 20).
cost(12, 22, 86).
cost(12, 23, 20).
cost(12, 24, 61).
cost(12, 25, 45).
cost(12, 26, 97).
cost(12, 27, 17).
cost(12, 28, 44).
cost(13, 1, 106).
cost(13, 2, 82).
cost(13, 3, 52).
cost(13, 4, 70).
cost(13, 5, 97).
cost(13, 6, 102).
cost(13, 7, 17).
cost(13, 8, 13).
cost(13, 9, 44).
cost(13, 10, 40).
cost(13, 11, 72).
cost(13, 12, 88).
cost(13, 14, 99).
cost(13, 15, 41).
cost(13, 16, 63).
cost(13, 17, 32).
cost(13, 18, 39).
cost(13, 19, 37).
cost(13, 20, 70).
cost(13, 21, 68).
cost(13, 22, 11).
cost(13, 23, 85).
cost(13, 24, 27).
cost(13, 25, 54).
cost(13, 26, 23).
cost(13, 27, 104).
cost(13, 28, 99).
cost(14, 1, 9).
cost(14, 2, 60).
cost(14, 3, 49).
cost(14, 4, 33).
cost(14, 5, 76).
cost(14, 6, 42).
cost(14, 7, 87).
cost(14, 8, 87).
cost(14, 9, 61).
cost(14, 10, 93).
cost(14, 11, 59).
cost(14, 12, 16).
cost(14, 13, 99).
cost(14, 15, 60).
cost(14, 16, 37).
cost(14, 17, 87).
cost(14, 18, 64).
cost(14, 19, 79).
cost(14, 20, 75).
cost(14, 21, 32).
cost(14, 22, 99).
cost(14, 23, 18).
cost(14, 24, 72).
cost(14, 25, 50).
cost(14, 26, 111).
cost(14, 27, 16).
cost(14, 28, 57).
cost(15, 1, 67).
cost(15, 2, 64).
cost(15, 3, 11).
cost(15, 4, 36).
cost(15, 5, 83).
cost(15, 6, 74).
cost(15, 7, 34).
cost(15, 8, 30).
cost(15, 9, 26).
cost(15, 10, 54).
cost(15, 11, 54).
cost(15, 12, 51).
cost(15, 13, 41).
cost(15, 14, 60).
cost(15, 16, 28).
cost(15, 17, 44).
cost(15, 18, 6).
cost(15, 19, 40).
cost(15, 20, 62).
cost(15, 21, 33).
cost(15, 22, 44).
cost(15, 23, 44).
cost(15, 24, 15).
cost(15, 25, 14).
cost(15, 26, 58).
cost(15, 27, 68).
cost(15, 28, 77).
cost(16, 1, 43).
cost(16, 2, 42).
cost(16, 3, 21).
cost(16, 4, 8).
cost(16, 5, 62).
cost(16, 6, 46).
cost(16, 7, 50).
cost(16, 8, 51).
cost(16, 9, 24).
cost(16, 10, 58).
cost(16, 11, 34).
cost(16, 12, 25).
cost(16, 13, 63).
cost(16, 14, 37).
cost(16, 15, 28).
cost(16, 17, 51).
cost(16, 18, 34).
cost(16, 19, 42).
cost(16, 20, 48).
cost(16, 21, 5).
cost(16, 22, 62).
cost(16, 23, 28).
cost(16, 24, 36).
cost(16, 25, 28).
cost(16, 26, 73).
cost(16, 27, 41).
cost(16, 28, 51).
cost(17, 1, 92).
cost(17, 2, 54).
cost(17, 3, 52).
cost(17, 4, 54).
cost(17, 5, 67).
cost(17, 6, 78).
cost(17, 7, 17).
cost(17, 8, 25).
cost(17, 9, 26).
cost(17, 10, 10).
cost(17, 11, 44).
cost(17, 12, 73).
cost(17, 13, 32).
cost(17, 14, 87).
cost(17, 15, 44).
cost(17, 16, 51).
cost(17, 18, 46).
cost(17, 19, 9).
cost(17, 20, 39).
cost(17, 21, 55).
cost(17, 22, 23).
cost(17, 23, 78).
cost(17, 24, 31).
cost(17, 25, 58).
cost(17, 26, 27).
cost(17, 27, 88).
cost(17, 28, 72).
cost(18, 1, 72).
cost(18, 2, 70).
cost(18, 3, 15).
cost(18, 4, 41).
cost(18, 5, 89).
cost(18, 6, 80).
cost(18, 7, 35).
cost(18, 8, 30).
cost(18, 9, 31).
cost(18, 10, 57).
cost(18, 11, 60).
cost(18, 12, 56).
cost(18, 13, 39).
cost(18, 14, 64).
cost(18, 15, 6).
cost(18, 16, 34).
cost(18, 17, 46).
cost(18, 19, 43).
cost(18, 20, 67).
cost(18, 21, 38).
cost(18, 22, 43).
cost(18, 23, 48).
cost(18, 24, 16).
cost(18, 25, 16).
cost(18, 26, 57).
cost(18, 27, 72).
cost(18, 28, 82).
cost(19, 1, 83).
cost(19, 2, 46).
cost(19, 3, 46).
cost(19, 4, 46).
cost(19, 5, 60).
cost(19, 6, 70).
cost(19, 7, 20).
cost(19, 8, 28).
cost(19, 9, 18).
cost(19, 10, 15).
cost(19, 11, 36).
cost(19, 12, 65).
cost(19, 13, 37).
cost(19, 14, 79).
cost(19, 15, 40).
cost(19, 16, 42).
cost(19, 17, 9).
cost(19, 18, 43).
cost(19, 20, 33).
cost(19, 21, 47).
cost(19, 22, 29).
cost(19, 23, 70).
cost(19, 24, 29).
cost(19, 25, 52).
cost(19, 26, 36).
cost(19, 27, 79).
cost(19, 28, 64).
cost(20, 1, 75).
cost(20, 2, 20).
cost(20, 3, 63).
cost(20, 4, 46).
cost(20, 5, 28).
cost(20, 6, 49).
cost(20, 7, 53).
cost(20, 8, 60).
cost(20, 9, 36).
cost(20, 10, 36).
cost(20, 11, 16).
cost(20, 12, 59).
cost(20, 13, 70).
cost(20, 14, 75).
cost(20, 15, 62).
cost(20, 16, 48).
cost(20, 17, 39).
cost(20, 18, 67).
cost(20, 19, 33).
cost(20, 21, 50).
cost(20, 22, 62).
cost(20, 23, 74).
cost(20, 24, 57).
cost(20, 25, 71).
cost(20, 26, 65).
cost(20, 27, 68).
cost(20, 28, 37).
cost(21, 1, 38).
cost(21, 2, 42).
cost(21, 3, 24).
cost(21, 4, 5).
cost(21, 5, 61).
cost(21, 6, 43).
cost(21, 7, 55).
cost(21, 8, 56).
cost(21, 9, 29).
cost(21, 10, 62).
cost(21, 11, 35).
cost(21, 12, 20).
cost(21, 13, 68).
cost(21, 14, 32).
cost(21, 15, 33).
cost(21, 16, 5).
cost(21, 17, 55).
cost(21, 18, 38).
cost(21, 19, 47).
cost(21, 20, 50).
cost(21, 22, 67).
cost(21, 23, 24).
cost(21, 24, 41).
cost(21, 25, 30).
cost(21, 26, 78).
cost(21, 27, 36).
cost(21, 28, 49).
cost(22, 1, 104).
cost(22, 2, 75).
cost(22, 3, 54).
cost(22, 4, 67).
cost(22, 5, 89).
cost(22, 6, 97).
cost(22, 7, 11).
cost(22, 8, 14).
cost(22, 9, 40).
cost(22, 10, 30).
cost(22, 11, 65).
cost(22, 12, 86).
cost(22, 13, 11).
cost(22, 14, 99).
cost(22, 15, 44).
cost(22, 16, 62).
cost(22, 17, 23).
cost(22, 18, 43).
cost(22, 19, 29).
cost(22, 20, 62).
cost(22, 21, 67).
cost(22, 23, 86).
cost(22, 24, 29).
cost(22, 25, 58).
cost(22, 26, 14).
cost(22, 27, 102).
cost(22, 28, 93).
cost(23, 1, 27).
cost(23, 2, 62).
cost(23, 3, 33).
cost(23, 4, 28).
cost(23, 5, 81).
cost(23, 6, 53).
cost(23, 7, 75).
cost(23, 8, 73).
cost(23, 9, 52).
cost(23, 10, 85).
cost(23, 11, 58).
cost(23, 12, 20).
cost(23, 13, 85).
cost(23, 14, 18).
cost(23, 15, 44).
cost(23, 16, 28).
cost(23, 17, 78).
cost(23, 18, 48).
cost(23, 19, 70).
cost(23, 20, 74).
cost(23, 21, 24).
cost(23, 22, 86).
cost(23, 24, 58).
cost(23, 25, 33).
cost(23, 26, 99).
cost(23, 27, 31).
cost(23, 28, 64).
cost(24, 1, 78).
cost(24, 2, 64).
cost(24, 3, 25).
cost(24, 4, 43).
cost(24, 5, 81).
cost(24, 6, 79).
cost(24, 7, 20).
cost(24, 8, 16).
cost(24, 9, 23).
cost(24, 10, 41).
cost(24, 11, 53).
cost(24, 12, 61).
cost(24, 13, 27).
cost(24, 14, 72).
cost(24, 15, 15).
cost(24, 16, 36).
cost(24, 17, 31).
cost(24, 18, 16).
cost(24, 19, 29).
cost(24, 20, 57).
cost(24, 21, 41).
cost(24, 22, 29).
cost(24, 23, 58).
cost(24, 25, 29).
cost(24, 26, 43).
cost(24, 27, 77).
cost(24, 28, 79).
cost(25, 1, 59).
cost(25, 2, 68).
cost(25, 3, 7).
cost(25, 4, 34).
cost(25, 5, 88).
cost(25, 6, 73).
cost(25, 7, 49).
cost(25, 8, 45).
cost(25, 9, 37).
cost(25, 10, 67).
cost(25, 11, 60).
cost(25, 12, 45).
cost(25, 13, 54).
cost(25, 14, 50).
cost(25, 15, 14).
cost(25, 16, 28).
cost(25, 17, 58).
cost(25, 18, 16).
cost(25, 19, 52).
cost(25, 20, 71).
cost(25, 21, 30).
cost(25, 22, 58).
cost(25, 23, 33).
cost(25, 24, 29).
cost(25, 26, 72).
cost(25, 27, 61).
cost(25, 28, 78).
cost(26, 1, 116).
cost(26, 2, 81).
cost(26, 3, 68).
cost(26, 4, 79).
cost(26, 5, 92).
cost(26, 6, 105).
cost(26, 7, 24).
cost(26, 8, 28).
cost(26, 9, 50).
cost(26, 10, 29).
cost(26, 11, 71).
cost(26, 12, 97).
cost(26, 13, 23).
cost(26, 14, 111).
cost(26, 15, 58).
cost(26, 16, 73).
cost(26, 17, 27).
cost(26, 18, 57).
cost(26, 19, 36).
cost(26, 20, 65).
cost(26, 21, 78).
cost(26, 22, 14).
cost(26, 23, 99).
cost(26, 24, 43).
cost(26, 25, 72).
cost(26, 27, 113).
cost(26, 28, 99).
cost(27, 1, 8).
cost(27, 2, 51).
cost(27, 3, 58).
cost(27, 4, 35).
cost(27, 5, 64).
cost(27, 6, 29).
cost(27, 7, 91).
cost(27, 8, 92).
cost(27, 9, 63).
cost(27, 10, 92).
cost(27, 11, 52).
cost(27, 12, 17).
cost(27, 13, 104).
cost(27, 14, 16).
cost(27, 15, 68).
cost(27, 16, 41).
cost(27, 17, 88).
cost(27, 18, 72).
cost(27, 19, 79).
cost(27, 20, 68).
cost(27, 21, 36).
cost(27, 22, 102).
cost(27, 23, 31).
cost(27, 24, 77).
cost(27, 25, 61).
cost(27, 26, 113).
cost(27, 28, 44).
cost(28, 1, 52).
cost(28, 2, 18).
cost(28, 3, 72).
cost(28, 4, 44).
cost(28, 5, 21).
cost(28, 6, 16).
cost(28, 7, 82).
cost(28, 8, 87).
cost(28, 9, 57).
cost(28, 10, 71).
cost(28, 11, 28).
cost(28, 12, 44).
cost(28, 13, 99).
cost(28, 14, 57).
cost(28, 15, 77).
cost(28, 16, 51).
cost(28, 17, 72).
cost(28, 18, 82).
cost(28, 19, 64).
cost(28, 20, 37).
cost(28, 21, 49).
cost(28, 22, 93).
cost(28, 23, 64).
cost(28, 24, 79).
cost(28, 25, 78).
cost(28, 26, 99).
cost(28, 27, 44).
