dimension(28).
point(1, 56.0265921082, 10.9684249553).
point(2, 15.4118240117, 81.9871493651).
point(3, 29.7936568565, 63.7386268792).
point(4, 58.6137492921, 28.1843283465).
point(5, 81.8971037831, 41.0877183534).
point(6, 42.7243529587, 33.328026635).
point(7, 89.0044355737, 43.0441203796).
point(8, 92.5793140266, 68.5697939195).
point(9, 75.6989293188, 24.2165937495).
point(10, 59.7406973817, 96.4502741816).
point(11, 53.4892759753, 91.9214444928).
point(12, 67.6151232571, 17.3647058131).
point(13, 25.6654335095, 84.4726652009).
point(14, 33.9542570345, 19.7591077042).
point(15, 83.6029137091, 34.3636483426).
point(16, 15.899245018, 66.1234384499).
point(17, 37.408914365, 75.1043885414).
point(18, 41.522737865, 73.7685606695).
point(19, 83.4355759127, 14.7168094907).
point(20, 42.2334365776, 46.9651857913).
point(21, 51.7479776531, 29.6450676823).
point(22, 23.284376628, 73.6799960057).
point(23, 16.7232565286, 55.6731112326).
point(24, 53.1094559901, 73.7258418662).
point(25, 37.6177083056, 32.8097599374).
point(26, 79.2368512688, 69.732263594).
point(27, 40.6834024456, 90.3429315212).
point(28, 73.4029716579, 6.9185224109).
cost(1, 2, 82).
cost(1, 3, 59).
cost(1, 4, 17).
cost(1, 5, 40).
cost(1, 6, 26).
cost(1, 7, 46).
cost(1, 8, 68).
cost(1, 9, 24).
cost(1, 10, 86).
cost(1, 11, 81).
cost(1, 12, 13).
cost(1, 13, 80).
cost(1, 14, 24).
cost(1, 15, 36).
cost(1, 16, 68).
cost(1, 17, 67).
cost(1, 18, 64).
cost(1, 19, 28).
cost(1, 20, 39).
cost(1, 21, 19).
cost(1, 22, 71).
cost(1, 23, 60).
cost(1, 24, 63).
cost(1, 25, 29).
cost(1, 26, 63).
cost(1, 27, 81).
cost(1, 28, 18).
cost(2, 1, 82).
cost(2, 3, 23).
cost(2, 4, 69).
cost(2, 5, 78).
cost(2, 6, 56).
cost(2, 7, 83).
cost(2, 8, 78).
cost(2, 9, 83).
cost(2, 10, 47).
cost(2, 11, 39).
cost(2, 12, 83).
cost(2, 13, 11).
cost(2, 14, 65).
cost(2, 15, 83).
cost(2, 16, 16).
cost(2, 17, 23).
cost(2, 18, 27).
cost(2, 19, 96).
cost(2, 20, 44).
cost(2, 21, 64).
cost(2, 22, 11).
cost(2, 23, 26).
cost(2, 24, 39).
cost(2, 25, 54).
cost(2, 26, 65).
cost(2, 27, 27).
cost(2, 28, 95).
cost(3, 1, 59).
cost(3, 2, 23).
cost(3, 4, 46).
cost(3, 5, 57).
cost(3, 6, 33).
cost(3, 7, 63).
cost(3, 8, 63).
cost(3, 9, 61).
cost(3, 10, 44).
cost(3, 11, 37).
cost(3, 12, 60).
cost(3, 13, 21).
cost(3, 14, 44).
cost(3, 15, 61).
cost(3, 16, 14).
cost(3, 17, 14).
cost(3, 18, 15).
cost(3, 19, 73).
cost(3, 20, 21).
cost(3, 21, 41).
cost(3, 22, 12).
cost(3, 23, 15).
cost(3, 24, 25).
cost(3, 25, 32).
cost(3, 26, 50).
cost(3, 27, 29).
cost(3, 28, 72).
cost(4, 1, 17).
cost(4, 2, 69).
cost(4, 3, 46).
cost(4, 5, 27).
cost(4, 6, 17).
cost(4, 7, 34).
cost(4, 8, 53).
cost(4, 9, 18).
cost(4, 10, 68).
cost(4, 11, 64).
cost(4, 12, 14).
cost(4, 13, 65).
cost(4, 14, 26).
cost(4, 15, 26).
cost(4, 16, 57).
cost(4, 17, 51).
cost(4, 18, 49).
cost(4, 19, 28).
cost(4, 20, 25).
cost(4, 21, 7).
cost(4, 22, 58).
cost(4, 23, 50).
cost(4, 24, 46).
cost(4, 25, 21).
cost(4, 26, 46).
cost(4, 27, 65).
cost(4, 28, 26).
cost(5, 1, 40).
cost(5, 2, 78).
cost(5, 3, 57).
cost(5, 4, 27).
cost(5, 6, 40).
cost(5, 7, 7).
cost(5, 8, 29).
cost(5, 9, 18).
cost(5, 10, 60).
cost(5, 11, 58).
cost(5, 12, 28).
cost(5, 13, 71).
cost(5, 14, 52).
cost(5, 15, 7).
cost(5, 16, 71).
cost(5, 17, 56).
cost(5, 18, 52).
cost(5, 19, 26).
cost(5, 20, 40).
cost(5, 21, 32).
cost(5, 22, 67).
cost(5, 23, 67).
cost(5, 24, 44).
cost(5, 25, 45).
cost(5, 26, 29).
cost(5, 27, 64).
cost(5, 28, 35).
cost(6, 1, 26).
cost(6, 2, 56).
cost(6, 3, 33).
cost(6, 4, 17).
cost(6, 5, 40).
cost(6, 7, 47).
cost(6, 8, 61).
cost(6, 9, 34).
cost(6, 10, 65).
cost(6, 11, 60).
cost(6, 12, 30).
cost(6, 13, 54).
cost(6, 14, 16).
cost(6, 15, 41).
cost(6, 16, 42).
cost(6, 17, 42).
cost(6, 18, 40).
cost(6, 19, 45).
cost(6, 20, 14).
cost(6, 21, 10).
cost(6, 22, 45).
cost(6, 23, 34).
cost(6, 24, 42).
cost(6, 25, 5).
cost(6, 26, 52).
cost(6, 27, 57).
cost(6, 28, 40).
cost(7, 1, 46).
cost(7, 2, 83).
cost(7, 3, 63).
cost(7, 4, 34).
cost(7, 5, 7).
cost(7, 6, 47).
cost(7, 8, 26).
cost(7, 9, 23).
cost(7, 10, 61).
cost(7, 11, 60).
cost(7, 12, 33).
cost(7, 13, 76).
cost(7, 14, 60).
cost(7, 15, 10).
cost(7, 16, 77).
cost(7, 17, 61).
cost(7, 18, 57).
cost(7, 19, 29).
cost(7, 20, 47).
cost(7, 21, 40).
cost(7, 22, 73).
cost(7, 23, 73).
cost(7, 24, 47).
cost(7, 25, 52).
cost(7, 26, 28).
cost(7, 27, 68).
cost(7, 28, 39).
cost(8, 1, 68).
cost(8, 2, 78).
cost(8, 3, 63).
cost(8, 4, 53).
cost(8, 5, 29).
cost(8, 6, 61).
cost(8, 7, 26).
cost(8, 9, 47).
cost(8, 10, 43).
cost(8, 11, 46).
cost(8, 12, 57).
cost(8, 13, 69).
cost(8, 14, 76).
cost(8, 15, 35).
cost(8, 16, 77).
cost(8, 17, 56).
cost(8, 18, 51).
cost(8, 19, 55).
cost(8, 20, 55).
cost(8, 21, 56).
cost(8, 22, 69).
cost(8, 23, 77).
cost(8, 24, 40).
cost(8, 25, 66).
cost(8, 26, 13).
cost(8, 27, 56).
cost(8, 28, 65).
cost(9, 1, 24).
cost(9, 2, 83).
cost(9, 3, 61).
cost(9, 4, 18).
cost(9, 5, 18).
cost(9, 6, 34).
cost(9, 7, 23).
cost(9, 8, 47).
cost(9, 10, 74).
cost(9, 11, 71).
cost(9, 12, 11).
cost(9, 13, 78).
cost(9, 14, 42).
cost(9, 15, 13).
cost(9, 16, 73).
cost(9, 17, 64).
cost(9, 18, 60).
cost(9, 19, 12).
cost(9, 20, 40).
cost(9, 21, 25).
cost(9, 22, 72).
cost(9, 23, 67).
cost(9, 24, 54).
cost(9, 25, 39).
cost(9, 26, 46).
cost(9, 27, 75).
cost(9, 28, 17).
cost(10, 1, 86).
cost(10, 2, 47).
cost(10, 3, 44).
cost(10, 4, 68).
cost(10, 5, 60).
cost(10, 6, 65).
cost(10, 7, 61).
cost(10, 8, 43).
cost(10, 9, 74).
cost(10, 11, 8).
cost(10, 12, 79).
cost(10, 13, 36).
cost(10, 14, 81).
cost(10, 15, 67).
cost(10, 16, 53).
cost(10, 17, 31).
cost(10, 18, 29).
cost(10, 19, 85).
cost(10, 20, 52).
cost(10, 21, 67).
cost(10, 22, 43).
cost(10, 23, 59).
cost(10, 24, 24).
cost(10, 25, 67).
cost(10, 26, 33).
cost(10, 27, 20).
cost(10, 28, 91).
cost(11, 1, 81).
cost(11, 2, 39).
cost(11, 3, 37).
cost(11, 4, 64).
cost(11, 5, 58).
cost(11, 6, 60).
cost(11, 7, 60).
cost(11, 8, 46).
cost(11, 9, 71).
cost(11, 10, 8).
cost(11, 12, 76).
cost(11, 13, 29).
cost(11, 14, 75).
cost(11, 15, 65).
cost(11, 16, 46).
cost(11, 17, 23).
cost(11, 18, 22).
cost(11, 19, 83).
cost(11, 20, 46).
cost(11, 21, 62).
cost(11, 22, 35).
cost(11, 23, 52).
cost(11, 24, 18).
cost(11, 25, 61).
cost(11, 26, 34).
cost(11, 27, 13).
cost(11, 28, 87).
cost(12, 1, 13).
cost(12, 2, 83).
cost(12, 3, 60).
cost(12, 4, 14).
cost(12, 5, 28).
cost(12, 6, 30).
cost(12, 7, 33).
cost(12, 8, 57).
cost(12, 9, 11).
cost(12, 10, 79).
cost(12, 11, 76).
cost(12, 13, 79).
cost(12, 14, 34).
cost(12, 15, 23).
cost(12, 16, 71).
cost(12, 17, 65).
cost(12, 18, 62).
cost(12, 19, 16).
cost(12, 20, 39).
cost(12, 21, 20).
cost(12, 22, 72).
cost(12, 23, 64).
cost(12, 24, 58).
cost(12, 25, 34).
cost(12, 26, 54).
cost(12, 27, 78).
cost(12, 28, 12).
cost(13, 1, 80).
cost(13, 2, 11).
cost(13, 3, 21).
cost(13, 4, 65).
cost(13, 5, 71).
cost(13, 6, 54).
cost(13, 7, 76).
cost(13, 8, 69).
cost(13, 9, 78).
cost(13, 10, 36).
cost(13, 11, 29).
cost(13, 12, 79).
cost(13, 14, 65).
cost(13, 15, 77).
cost(13, 16, 21).
cost(13, 17, 15).
cost(13, 18, 19).
cost(13, 19, 91).
cost(13, 20, 41).
cost(13, 21, 61).
cost(13, 22, 11).
cost(13, 23, 30).
cost(13, 24, 29).
cost(13, 25, 53).
cost(13, 26, 56).
cost(13, 27, 16).
cost(13, 28, 91).
cost(14, 1, 24).
cost(14, 2, 65).
cost(14, 3, 44).
cost(14, 4, 26).
cost(14, 5, 52).
cost(14, 6, 16).
cost(14, 7, 60).
cost(14, 8, 76).
cost(14, 9, 42).
cost(14, 10, 81).
cost(14, 11, 75).
cost(14, 12, 34).
cost(14, 13, 65).
cost(14, 15, 52).
cost(14, 16, 50).
cost(14, 17, 55).
cost(14, 18, 55).
cost(14, 19, 50).
cost(14, 20, 28).
cost(14, 21, 20).
cost(14, 22, 55).
cost(14, 23, 40).
cost(14, 24, 57).
cost(14, 25, 14).
cost(14, 26, 67).
cost(14, 27, 71).
cost(14, 28, 41).
cost(15, 1, 36).
cost(15, 2, 83).
cost(15, 3, 61).
cost(15, 4, 26).
cost(15, 5, 7).
cost(15, 6, 41).
cost(15, 7, 10).
cost(15, 8, 35).
cost(15, 9, 13).
cost(15, 10, 67).
cost(15, 11, 65).
cost(15, 12, 23).
cost(15, 13, 77).
cost(15, 14, 52).
cost(15, 16, 75).
cost(15, 17, 62).
cost(15, 18, 58).
cost(15, 19, 20).
cost(15, 20, 43).
cost(15, 21, 32).
cost(15, 22, 72).
cost(15, 23, 70).
cost(15, 24, 50).
cost(15, 25, 46).
cost(15, 26, 36).
cost(15, 27, 71).
cost(15, 28, 29).
cost(16, 1, 68).
cost(16, 2, 16).
cost(16, 3, 14).
cost(16, 4, 57).
cost(16, 5, 71).
cost(16, 6, 42).
cost(16, 7, 77).
cost(16, 8, 77).
cost(16, 9, 73).
cost(16, 10, 53).
cost(16, 11, 46).
cost(16, 12, 71).
cost(16, 13, 21).
cost(16, 14, 50).
cost(16, 15, 75).
cost(16, 17, 23).
cost(16, 18, 27).
cost(16, 19, 85).
cost(16, 20, 33).
cost(16, 21, 51).
cost(16, 22, 11).
cost(16, 23, 10).
cost(16, 24, 38).
cost(16, 25, 40).
cost(16, 26, 63).
cost(16, 27, 35).
cost(16, 28, 83).
cost(17, 1, 67).
cost(17, 2, 23).
cost(17, 3, 14).
cost(17, 4, 51).
cost(17, 5, 56).
cost(17, 6, 42).
cost(17, 7, 61).
cost(17, 8, 56).
cost(17, 9, 64).
cost(17, 10, 31).
cost(17, 11, 23).
cost(17, 12, 65).
cost(17, 13, 15).
cost(17, 14, 55).
cost(17, 15, 62).
cost(17, 16, 23).
cost(17, 18, 4).
cost(17, 19, 76).
cost(17, 20, 29).
cost(17, 21, 48).
cost(17, 22, 14).
cost(17, 23, 28).
cost(17, 24, 16).
cost(17, 25, 42).
cost(17, 26, 42).
cost(17, 27, 16).
cost(17, 28, 77).
cost(18, 1, 64).
cost(18, 2, 27).
cost(18, 3, 15).
cost(18, 4, 49).
cost(18, 5, 52).
cost(18, 6, 40).
cost(18, 7, 57).
cost(18, 8, 51).
cost(18, 9, 60).
cost(18, 10, 29).
cost(18, 11, 22).
cost(18, 12, 62).
cost(18, 13, 19).
cost(18, 14, 55).
cost(18, 15, 58).
cost(18, 16, 27).
cost(18, 17, 4).
cost(18, 19, 72).
cost(18, 20, 27).
cost(18, 21, 45).
cost(18, 22, 18).
cost(18, 23, 31).
cost(18, 24, 12).
cost(18, 25, 41).
cost(18, 26, 38).
cost(18, 27, 17).
cost(18, 28, 74).
cost(19, 1, 28).
cost(19, 2, 96).
cost(19, 3, 73).
cost(19, 4, 28).
cost(19, 5, 26).
cost(19, 6, 45).
cost(19, 7, 29).
cost(19, 8, 55).
cost(19, 9, 12).
cost(19, 10, 85).
cost(19, 11, 83).
cost(19, 12, 16).
cost(19, 13, 91).
cost(19, 14, 50).
cost(19, 15, 20).
cost(19, 16, 85).
cost(19, 17, 76).
cost(19, 18, 72).
cost(19, 20, 52).
cost(19, 21, 35).
cost(19, 22, 84).
cost(19, 23, 78).
cost(19, 24, 66).
cost(19, 25, 49).
cost(19, 26, 55).
cost(19, 27, 87).
cost(19, 28, 13).
cost(20, 1, 39).
cost(20, 2, 44).
cost(20, 3, 21).
cost(20, 4, 25).
cost(20, 5, 40).
cost(20, 6, 14).
cost(20, 7, 47).
cost(20, 8, 55).
cost(20, 9, 40).
cost(20, 10, 52).
cost(20, 11, 46).
cost(20, 12, 39).
cost(20, 13, 41).
cost(20, 14, 28).
cost(20, 15, 43).
cost(20, 16, 33).
cost(20, 17, 29).
cost(20, 18, 27).
cost(20, 19, 52).
cost(20, 21, 20).
cost(20, 22, 33).
cost(20, 23, 27).
cost(20, 24, 29).
cost(20, 25, 15).
cost(20, 26, 43).
cost(20, 27, 43).
cost(20, 28, 51).
cost(21, 1, 19).
cost(21, 2, 64).
cost(21, 3, 41).
cost(21, 4, 7).
cost(21, 5, 32).
cost(21, 6, 10).
cost(21, 7, 40).
cost(21, 8, 56).
cost(21, 9, 25).
cost(21, 10, 67).
cost(21, 11, 62).
cost(21, 12, 20).
cost(21, 13, 61).
cost(21, 14, 20).
cost(21, 15, 32).
cost(21, 16, 51).
cost(21, 17, 48).
cost(21, 18, 45).
cost(21, 19, 35).
cost(21, 20, 20).
cost(21, 22, 52).
cost(21, 23, 44).
cost(21, 24, 44).
cost(21, 25, 14).
cost(21, 26, 49).
cost(21, 27, 62).
cost(21, 28, 31).
cost(22, 1, 71).
cost(22, 2, 11).
cost(22, 3, 12).
cost(22, 4, 58).
cost(22, 5, 67).
cost(22, 6, 45).
cost(22, 7, 73).
cost(22, 8, 69).
cost(22, 9, 72).
cost(22, 10, 43).
cost(22, 11, 35).
cost(22, 12, 72).
cost(22, 13, 11).
cost(22, 14, 55).
cost(22, 15, 72).
cost(22, 16, 11).
cost(22, 17, 14).
cost(22, 18, 18).
cost(22, 19, 84).
cost(22, 20, 33).
cost(22, 21, 52).
cost(22, 23, 19).
cost(22, 24, 30).
cost(22, 25, 43).
cost(22, 26, 56).
cost(22, 27, 24).
cost(22, 28, 83).
cost(23, 1, 60).
cost(23, 2, 26).
cost(23, 3, 15).
cost(23, 4, 50).
cost(23, 5, 67).
cost(23, 6, 34).
cost(23, 7, 73).
cost(23, 8, 77).
cost(23, 9, 67).
cost(23, 10, 59).
cost(23, 11, 52).
cost(23, 12, 64).
cost(23, 13, 30).
cost(23, 14, 40).
cost(23, 15, 70).
cost(23, 16, 10).
cost(23, 17, 28).
cost(23, 18, 31).
cost(23, 19, 78).
cost(23, 20, 27).
cost(23, 21, 44).
cost(23, 22, 19).
cost(23, 24, 41).
cost(23, 25, 31).
cost(23, 26, 64).
cost(23, 27, 42).
cost(23, 28, 75).
cost(24, 1, 63).
cost(24, 2, 39).
cost(24, 3, 25).
cost(24, 4, 46).
cost(24, 5, 44).
cost(24, 6, 42).
cost(24, 7, 47).
cost(24, 8, 40).
cost(24, 9, 54).
cost(24, 10, 24).
cost(24, 11, 18).
cost(24, 12, 58).
cost(24, 13, 29).
cost(24, 14, 57).
cost(24, 15, 50).
cost(24, 16, 38).
cost(24, 17, 16).
cost(24, 18, 12).
cost(24, 19, 66).
cost(24, 20, 29).
cost(24, 21, 44).
cost(24, 22, 30).
cost(24, 23, 41).
cost(24, 25, 44).
cost(24, 26, 26).
cost(24, 27, 21).
cost(24, 28, 70).
cost(25, 1, 29).
cost(25, 2, 54).
cost(25, 3, 32).
cost(25, 4, 21).
cost(25, 5, 45).
cost(25, 6, 5).
cost(25, 7, 52).
cost(25, 8, 66).
cost(25, 9, 39).
cost(25, 10, 67).
cost(25, 11, 61).
cost(25, 12, 34).
cost(25, 13, 53).
cost(25, 14, 14).
cost(25, 15, 46).
cost(25, 16, 40).
cost(25, 17, 42).
cost(25, 18, 41).
cost(25, 19, 49).
cost(25, 20, 15).
cost(25, 21, 14).
cost(25, 22, 43).
cost(25, 23, 31).
cost(25, 24, 44).
cost(25, 26, 56).
cost(25, 27, 58).
cost(25, 28, 44).
cost(26, 1, 63).
cost(26, 2, 65).
cost(26, 3, 50).
cost(26, 4, 46).
cost(26, 5, 29).
cost(26, 6, 52).
cost(26, 7, 28).
cost(26, 8, 13).
cost(26, 9, 46).
cost(26, 10, 33).
cost(26, 11, 34).
cost(26, 12, 54).
cost(26, 13, 56).
cost(26, 14, 67).
cost(26, 15, 36).
cost(26, 16, 63).
cost(26, 17, 42).
cost(26, 18, 38).
cost(26, 19, 55).
cost(26, 20, 43).
cost(26, 21, 49).
cost(26, 22, 56).
cost(26, 23, 64).
cost(26, 24, 26).
cost(26, 25, 56).
cost(26, 27, 44).
cost(26, 28, 63).
cost(27, 1, 81).
cost(27, 2, 27).
cost(27, 3, 29).
cost(27, 4, 65).
cost(27, 5, 64).
cost(27, 6, 57).
cost(27, 7, 68).
cost(27, 8, 56).
cost(27, 9, 75).
cost(27, 10, 20).
cost(27, 11, 13).
cost(27, 12, 78).
cost(27, 13, 16).
cost(27, 14, 71).
cost(27, 15, 71).
cost(27, 16, 35).
cost(27, 17, 16).
cost(27, 18, 17).
cost(27, 19, 87).
cost(27, 20, 43).
cost(27, 21, 62).
cost(27, 22, 24).
cost(27, 23, 42).
cost(27, 24, 21).
cost(27, 25, 58).
cost(27, 26, 44).
cost(27, 28, 90).
cost(28, 1, 18).
cost(28, 2, 95).
cost(28, 3, 72).
cost(28, 4, 26).
cost(28, 5, 35).
cost(28, 6, 40).
cost(28, 7, 39).
cost(28, 8, 65).
cost(28, 9, 17).
cost(28, 10, 91).
cost(28, 11, 87).
cost(28, 12, 12).
cost(28, 13, 91).
cost(28, 14, 41).
cost(28, 15, 29).
cost(28, 16, 83).
cost(28, 17, 77).
cost(28, 18, 74).
cost(28, 19, 13).
cost(28, 20, 51).
cost(28, 21, 31).
cost(28, 22, 83).
cost(28, 23, 75).
cost(28, 24, 70).
cost(28, 25, 44).
cost(28, 26, 63).
cost(28, 27, 90).
