dimension(28).
point(1, 25.6573788578, 55.8753828678).
point(2, 56.4922127803, 52.2544931513).
point(3, 79.357333843, 20.0147263552).
point(4, 48.9327694262, 82.3593308909).
point(5, 14.5782171608, 90.9659465805).
point(6, 79.7438899882, 57.7259683919).
point(7, 73.1820966901, 41.5396067911).
point(8, 71.733205639, 50.9470887155).
point(9, 64.7656330288, 46.8557671369).
point(10, 45.5144619868, 16.8735966662).
point(11, 43.9544810969, 79.6319872955).
point(12, 27.2029411459, 96.4739622581).
point(13, 59.4639084089, 31.9736016383).
point(14, 40.5216538617, 71.1193272566).
point(15, 13.5691900402, 34.5611144155).
point(16, 71.8012297541, 48.5063106714).
point(17, 56.0708132262, 82.6190050026).
point(18, 49.5726582383, 21.4711585828).
point(19, 59.4599611798, 51.1973712129).
point(20, 58.9216258368, 93.0428537753).
point(21, 36.8548648291, 71.805310115).
point(22, 85.8207965887, 3.2376262104).
point(23, 31.9821702583, 81.2427818647).
point(24, 15.331815387, 93.6712012106).
point(25, 30.2935896923, 64.8984822974).
point(26, 90.1705081072, 18.8021464831).
point(27, 56.7456426881, 4.6976237113).
point(28, 64.1202980158, 0.345190052).
cost(1, 2, 31).
cost(1, 3, 65).
cost(1, 4, 35).
cost(1, 5, 37).
cost(1, 6, 54).
cost(1, 7, 50).
cost(1, 8, 46).
cost(1, 9, 40).
cost(1, 10, 44).
cost(1, 11, 30).
cost(1, 12, 41).
cost(1, 13, 41).
cost(1, 14, 21).
cost(1, 15, 25).
cost(1, 16, 47).
cost(1, 17, 40).
cost(1, 18, 42).
cost(1, 19, 34).
cost(1, 20, 50).
cost(1, 21, 19).
cost(1, 22, 80).
cost(1, 23, 26).
cost(1, 24, 39).
cost(1, 25, 10).
cost(1, 26, 74).
cost(1, 27, 60).
cost(1, 28, 68).
cost(2, 1, 31).
cost(2, 3, 40).
cost(2, 4, 31).
cost(2, 5, 57).
cost(2, 6, 24).
cost(2, 7, 20).
cost(2, 8, 15).
cost(2, 9, 10).
cost(2, 10, 37).
cost(2, 11, 30).
cost(2, 12, 53).
cost(2, 13, 20).
cost(2, 14, 25).
cost(2, 15, 46).
cost(2, 16, 16).
cost(2, 17, 30).
cost(2, 18, 32).
cost(2, 19, 3).
cost(2, 20, 41).
cost(2, 21, 28).
cost(2, 22, 57).
cost(2, 23, 38).
cost(2, 24, 58).
cost(2, 25, 29).
cost(2, 26, 47).
cost(2, 27, 48).
cost(2, 28, 52).
cost(3, 1, 65).
cost(3, 2, 40).
cost(3, 4, 69).
cost(3, 5, 96).
cost(3, 6, 38).
cost(3, 7, 22).
cost(3, 8, 32).
cost(3, 9, 31).
cost(3, 10, 34).
cost(3, 11, 69).
cost(3, 12, 93).
cost(3, 13, 23).
cost(3, 14, 64).
cost(3, 15, 67).
cost(3, 16, 29).
cost(3, 17, 67).
cost(3, 18, 30).
cost(3, 19, 37).
cost(3, 20, 76).
cost(3, 21, 67).
cost(3, 22, 18).
cost(3, 23, 77).
cost(3, 24, 98).
cost(3, 25, 66).
cost(3, 26, 11).
cost(3, 27, 27).
cost(3, 28, 25).
cost(4, 1, 35).
cost(4, 2, 31).
cost(4, 3, 69).
cost(4, 5, 35).
cost(4, 6, 39).
cost(4, 7, 47).
cost(4, 8, 39).
cost(4, 9, 39).
cost(4, 10, 66).
cost(4, 11, 6).
cost(4, 12, 26).
cost(4, 13, 51).
cost(4, 14, 14).
cost(4, 15, 59).
cost(4, 16, 41).
cost(4, 17, 7).
cost(4, 18, 61).
cost(4, 19, 33).
cost(4, 20, 15).
cost(4, 21, 16).
cost(4, 22, 87).
cost(4, 23, 17).
cost(4, 24, 35).
cost(4, 25, 26).
cost(4, 26, 76).
cost(4, 27, 78).
cost(4, 28, 83).
cost(5, 1, 37).
cost(5, 2, 57).
cost(5, 3, 96).
cost(5, 4, 35).
cost(5, 6, 73).
cost(5, 7, 77).
cost(5, 8, 70).
cost(5, 9, 67).
cost(5, 10, 80).
cost(5, 11, 31).
cost(5, 12, 14).
cost(5, 13, 74).
cost(5, 14, 33).
cost(5, 15, 56).
cost(5, 16, 71).
cost(5, 17, 42).
cost(5, 18, 78).
cost(5, 19, 60).
cost(5, 20, 44).
cost(5, 21, 29).
cost(5, 22, 113).
cost(5, 23, 20).
cost(5, 24, 3).
cost(5, 25, 30).
cost(5, 26, 105).
cost(5, 27, 96).
cost(5, 28, 103).
cost(6, 1, 54).
cost(6, 2, 24).
cost(6, 3, 38).
cost(6, 4, 39).
cost(6, 5, 73).
cost(6, 7, 17).
cost(6, 8, 10).
cost(6, 9, 19).
cost(6, 10, 53).
cost(6, 11, 42).
cost(6, 12, 65).
cost(6, 13, 33).
cost(6, 14, 41).
cost(6, 15, 70).
cost(6, 16, 12).
cost(6, 17, 34).
cost(6, 18, 47).
cost(6, 19, 21).
cost(6, 20, 41).
cost(6, 21, 45).
cost(6, 22, 55).
cost(6, 23, 53).
cost(6, 24, 74).
cost(6, 25, 50).
cost(6, 26, 40).
cost(6, 27, 58).
cost(6, 28, 59).
cost(7, 1, 50).
cost(7, 2, 20).
cost(7, 3, 22).
cost(7, 4, 47).
cost(7, 5, 77).
cost(7, 6, 17).
cost(7, 8, 10).
cost(7, 9, 10).
cost(7, 10, 37).
cost(7, 11, 48).
cost(7, 12, 72).
cost(7, 13, 17).
cost(7, 14, 44).
cost(7, 15, 60).
cost(7, 16, 7).
cost(7, 17, 45).
cost(7, 18, 31).
cost(7, 19, 17).
cost(7, 20, 53).
cost(7, 21, 47).
cost(7, 22, 40).
cost(7, 23, 57).
cost(7, 24, 78).
cost(7, 25, 49).
cost(7, 26, 28).
cost(7, 27, 40).
cost(7, 28, 42).
cost(8, 1, 46).
cost(8, 2, 15).
cost(8, 3, 32).
cost(8, 4, 39).
cost(8, 5, 70).
cost(8, 6, 10).
cost(8, 7, 10).
cost(8, 9, 8).
cost(8, 10, 43).
cost(8, 11, 40).
cost(8, 12, 64).
cost(8, 13, 23).
cost(8, 14, 37).
cost(8, 15, 60).
cost(8, 16, 2).
cost(8, 17, 35).
cost(8, 18, 37).
cost(8, 19, 12).
cost(8, 20, 44).
cost(8, 21, 41).
cost(8, 22, 50).
cost(8, 23, 50).
cost(8, 24, 71).
cost(8, 25, 44).
cost(8, 26, 37).
cost(8, 27, 49).
cost(8, 28, 51).
cost(9, 1, 40).
cost(9, 2, 10).
cost(9, 3, 31).
cost(9, 4, 39).
cost(9, 5, 67).
cost(9, 6, 19).
cost(9, 7, 10).
cost(9, 8, 8).
cost(9, 10, 36).
cost(9, 11, 39).
cost(9, 12, 62).
cost(9, 13, 16).
cost(9, 14, 34).
cost(9, 15, 53).
cost(9, 16, 7).
cost(9, 17, 37).
cost(9, 18, 30).
cost(9, 19, 7).
cost(9, 20, 47).
cost(9, 21, 37).
cost(9, 22, 48).
cost(9, 23, 48).
cost(9, 24, 68).
cost(9, 25, 39).
cost(9, 26, 38).
cost(9, 27, 43).
cost(9, 28, 47).
cost(10, 1, 44).
cost(10, 2, 37).
cost(10, 3, 34).
cost(10, 4, 66).
cost(10, 5, 80).
cost(10, 6, 53).
cost(10, 7, 37).
cost(10, 8, 43).
cost(10, 9, 36).
cost(10, 11, 63).
cost(10, 12, 82).
cost(10, 13, 21).
cost(10, 14, 54).
cost(10, 15, 37).
cost(10, 16, 41).
cost(10, 17, 67).
cost(10, 18, 6).
cost(10, 19, 37).
cost(10, 20, 77).
cost(10, 21, 56).
cost(10, 22, 43).
cost(10, 23, 66).
cost(10, 24, 83).
cost(10, 25, 50).
cost(10, 26, 45).
cost(10, 27, 17).
cost(10, 28, 25).
cost(11, 1, 30).
cost(11, 2, 30).
cost(11, 3, 69).
cost(11, 4, 6).
cost(11, 5, 31).
cost(11, 6, 42).
cost(11, 7, 48).
cost(11, 8, 40).
cost(11, 9, 39).
cost(11, 10, 63).
cost(11, 12, 24).
cost(11, 13, 50).
cost(11, 14, 9).
cost(11, 15, 54).
cost(11, 16, 42).
cost(11, 17, 12).
cost(11, 18, 58).
cost(11, 19, 32).
cost(11, 20, 20).
cost(11, 21, 11).
cost(11, 22, 87).
cost(11, 23, 12).
cost(11, 24, 32).
cost(11, 25, 20).
cost(11, 26, 76).
cost(11, 27, 76).
cost(11, 28, 82).
cost(12, 1, 41).
cost(12, 2, 53).
cost(12, 3, 93).
cost(12, 4, 26).
cost(12, 5, 14).
cost(12, 6, 65).
cost(12, 7, 72).
cost(12, 8, 64).
cost(12, 9, 62).
cost(12, 10, 82).
cost(12, 11, 24).
cost(12, 13, 72).
cost(12, 14, 29).
cost(12, 15, 63).
cost(12, 16, 65).
cost(12, 17, 32).
cost(12, 18, 78).
cost(12, 19, 56).
cost(12, 20, 32).
cost(12, 21, 26).
cost(12, 22, 110).
cost(12, 23, 16).
cost(12, 24, 12).
cost(12, 25, 32).
cost(12, 26, 100).
cost(12, 27, 96).
cost(12, 28, 103).
cost(13, 1, 41).
cost(13, 2, 20).
cost(13, 3, 23).
cost(13, 4, 51).
cost(13, 5, 74).
cost(13, 6, 33).
cost(13, 7, 17).
cost(13, 8, 23).
cost(13, 9, 16).
cost(13, 10, 21).
cost(13, 11, 50).
cost(13, 12, 72).
cost(13, 14, 43).
cost(13, 15, 46).
cost(13, 16, 21).
cost(13, 17, 51).
cost(13, 18, 14).
cost(13, 19, 19).
cost(13, 20, 61).
cost(13, 21, 46).
cost(13, 22, 39).
cost(13, 23, 56).
cost(13, 24, 76).
cost(13, 25, 44).
cost(13, 26, 33).
cost(13, 27, 27).
cost(13, 28, 32).
cost(14, 1, 21).
cost(14, 2, 25).
cost(14, 3, 64).
cost(14, 4, 14).
cost(14, 5, 33).
cost(14, 6, 41).
cost(14, 7, 44).
cost(14, 8, 37).
cost(14, 9, 34).
cost(14, 10, 54).
cost(14, 11, 9).
cost(14, 12, 29).
cost(14, 13, 43).
cost(14, 15, 45).
cost(14, 16, 39).
cost(14, 17, 19).
cost(14, 18, 50).
cost(14, 19, 27).
cost(14, 20, 29).
cost(14, 21, 4).
cost(14, 22, 82).
cost(14, 23, 13).
cost(14, 24, 34).
cost(14, 25, 12).
cost(14, 26, 72).
cost(14, 27, 68).
cost(14, 28, 75).
cost(15, 1, 25).
cost(15, 2, 46).
cost(15, 3, 67).
cost(15, 4, 59).
cost(15, 5, 56).
cost(15, 6, 70).
cost(15, 7, 60).
cost(15, 8, 60).
cost(15, 9, 53).
cost(15, 10, 37).
cost(15, 11, 54).
cost(15, 12, 63).
cost(15, 13, 46).
cost(15, 14, 45).
cost(15, 16, 60).
cost(15, 17, 64).
cost(15, 18, 38).
cost(15, 19, 49).
cost(15, 20, 74).
cost(15, 21, 44).
cost(15, 22, 79).
cost(15, 23, 50).
cost(15, 24, 59).
cost(15, 25, 35).
cost(15, 26, 78).
cost(15, 27, 52).
cost(15, 28, 61).
cost(16, 1, 47).
cost(16, 2, 16).
cost(16, 3, 29).
cost(16, 4, 41).
cost(16, 5, 71).
cost(16, 6, 12).
cost(16, 7, 7).
cost(16, 8, 2).
cost(16, 9, 7).
cost(16, 10, 41).
cost(16, 11, 42).
cost(16, 12, 65).
cost(16, 13, 21).
cost(16, 14, 39).
cost(16, 15, 60).
cost(16, 17, 38).
cost(16, 18, 35).
cost(16, 19, 13).
cost(16, 20, 46).
cost(16, 21, 42).
cost(16, 22, 47).
cost(16, 23, 52).
cost(16, 24, 72).
cost(16, 25, 45).
cost(16, 26, 35).
cost(16, 27, 46).
cost(16, 28, 49).
cost(17, 1, 40).
cost(17, 2, 30).
cost(17, 3, 67).
cost(17, 4, 7).
cost(17, 5, 42).
cost(17, 6, 34).
cost(17, 7, 45).
cost(17, 8, 35).
cost(17, 9, 37).
cost(17, 10, 67).
cost(17, 11, 12).
cost(17, 12, 32).
cost(17, 13, 51).
cost(17, 14, 19).
cost(17, 15, 64).
cost(17, 16, 38).
cost(17, 18, 61).
cost(17, 19, 32).
cost(17, 20, 11).
cost(17, 21, 22).
cost(17, 22, 85).
cost(17, 23, 24).
cost(17, 24, 42).
cost(17, 25, 31).
cost(17, 26, 72).
cost(17, 27, 78).
cost(17, 28, 83).
cost(18, 1, 42).
cost(18, 2, 32).
cost(18, 3, 30).
cost(18, 4, 61).
cost(18, 5, 78).
cost(18, 6, 47).
cost(18, 7, 31).
cost(18, 8, 37).
cost(18, 9, 30).
cost(18, 10, 6).
cost(18, 11, 58).
cost(18, 12, 78).
cost(18, 13, 14).
cost(18, 14, 50).
cost(18, 15, 38).
cost(18, 16, 35).
cost(18, 17, 61).
cost(18, 19, 31).
cost(18, 20, 72).
cost(18, 21, 52).
cost(18, 22, 41).
cost(18, 23, 62).
cost(18, 24, 80).
cost(18, 25, 48).
cost(18, 26, 41).
cost(18, 27, 18).
cost(18, 28, 26).
cost(19, 1, 34).
cost(19, 2, 3).
cost(19, 3, 37).
cost(19, 4, 33).
cost(19, 5, 60).
cost(19, 6, 21).
cost(19, 7, 17).
cost(19, 8, 12).
cost(19, 9, 7).
cost(19, 10, 37).
cost(19, 11, 32).
cost(19, 12, 56).
cost(19, 13, 19).
cost(19, 14, 27).
cost(19, 15, 49).
cost(19, 16, 13).
cost(19, 17, 32).
cost(19, 18, 31).
cost(19, 20, 42).
cost(19, 21, 31).
cost(19, 22, 55).
cost(19, 23, 41).
cost(19, 24, 61).
cost(19, 25, 32).
cost(19, 26, 45).
cost(19, 27, 47).
cost(19, 28, 51).
cost(20, 1, 50).
cost(20, 2, 41).
cost(20, 3, 76).
cost(20, 4, 15).
cost(20, 5, 44).
cost(20, 6, 41).
cost(20, 7, 53).
cost(20, 8, 44).
cost(20, 9, 47).
cost(20, 10, 77).
cost(20, 11, 20).
cost(20, 12, 32).
cost(20, 13, 61).
cost(20, 14, 29).
cost(20, 15, 74).
cost(20, 16, 46).
cost(20, 17, 11).
cost(20, 18, 72).
cost(20, 19, 42).
cost(20, 21, 31).
cost(20, 22, 94).
cost(20, 23, 29).
cost(20, 24, 44).
cost(20, 25, 40).
cost(20, 26, 81).
cost(20, 27, 88).
cost(20, 28, 93).
cost(21, 1, 19).
cost(21, 2, 28).
cost(21, 3, 67).
cost(21, 4, 16).
cost(21, 5, 29).
cost(21, 6, 45).
cost(21, 7, 47).
cost(21, 8, 41).
cost(21, 9, 37).
cost(21, 10, 56).
cost(21, 11, 11).
cost(21, 12, 26).
cost(21, 13, 46).
cost(21, 14, 4).
cost(21, 15, 44).
cost(21, 16, 42).
cost(21, 17, 22).
cost(21, 18, 52).
cost(21, 19, 31).
cost(21, 20, 31).
cost(21, 22, 84).
cost(21, 23, 11).
cost(21, 24, 31).
cost(21, 25, 10).
cost(21, 26, 75).
cost(21, 27, 70).
cost(21, 28, 76).
cost(22, 1, 80).
cost(22, 2, 57).
cost(22, 3, 18).
cost(22, 4, 87).
cost(22, 5, 113).
cost(22, 6, 55).
cost(22, 7, 40).
cost(22, 8, 50).
cost(22, 9, 48).
cost(22, 10, 43).
cost(22, 11, 87).
cost(22, 12, 110).
cost(22, 13, 39).
cost(22, 14, 82).
cost(22, 15, 79).
cost(22, 16, 47).
cost(22, 17, 85).
cost(22, 18, 41).
cost(22, 19, 55).
cost(22, 20, 94).
cost(22, 21, 84).
cost(22, 23, 95).
cost(22, 24, 115).
cost(22, 25, 83).
cost(22, 26, 16).
cost(22, 27, 29).
cost(22, 28, 22).
cost(23, 1, 26).
cost(23, 2, 38).
cost(23, 3, 77).
cost(23, 4, 17).
cost(23, 5, 20).
cost(23, 6, 53).
cost(23, 7, 57).
cost(23, 8, 50).
cost(23, 9, 48).
cost(23, 10, 66).
cost(23, 11, 12).
cost(23, 12, 16).
cost(23, 13, 56).
cost(23, 14, 13).
cost(23, 15, 50).
cost(23, 16, 52).
cost(23, 17, 24).
cost(23, 18, 62).
cost(23, 19, 41).
cost(23, 20, 29).
cost(23, 21, 11).
cost(23, 22, 95).
cost(23, 24, 21).
cost(23, 25, 16).
cost(23, 26, 85).
cost(23, 27, 80).
cost(23, 28, 87).
cost(24, 1, 39).
cost(24, 2, 58).
cost(24, 3, 98).
cost(24, 4, 35).
cost(24, 5, 3).
cost(24, 6, 74).
cost(24, 7, 78).
cost(24, 8, 71).
cost(24, 9, 68).
cost(24, 10, 83).
cost(24, 11, 32).
cost(24, 12, 12).
cost(24, 13, 76).
cost(24, 14, 34).
cost(24, 15, 59).
cost(24, 16, 72).
cost(24, 17, 42).
cost(24, 18, 80).
cost(24, 19, 61).
cost(24, 20, 44).
cost(24, 21, 31).
cost(24, 22, 115).
cost(24, 23, 21).
cost(24, 25, 32).
cost(24, 26, 106).
cost(24, 27, 98).
cost(24, 28, 105).
cost(25, 1, 10).
cost(25, 2, 29).
cost(25, 3, 66).
cost(25, 4, 26).
cost(25, 5, 30).
cost(25, 6, 50).
cost(25, 7, 49).
cost(25, 8, 44).
cost(25, 9, 39).
cost(25, 10, 50).
cost(25, 11, 20).
cost(25, 12, 32).
cost(25, 13, 44).
cost(25, 14, 12).
cost(25, 15, 35).
cost(25, 16, 45).
cost(25, 17, 31).
cost(25, 18, 48).
cost(25, 19, 32).
cost(25, 20, 40).
cost(25, 21, 10).
cost(25, 22, 83).
cost(25, 23, 16).
cost(25, 24, 32).
cost(25, 26, 76).
cost(25, 27, 66).
cost(25, 28, 73).
cost(26, 1, 74).
cost(26, 2, 47).
cost(26, 3, 11).
cost(26, 4, 76).
cost(26, 5, 105).
cost(26, 6, 40).
cost(26, 7, 28).
cost(26, 8, 37).
cost(26, 9, 38).
cost(26, 10, 45).
cost(26, 11, 76).
cost(26, 12, 100).
cost(26, 13, 33).
cost(26, 14, 72).
cost(26, 15, 78).
cost(26, 16, 35).
cost(26, 17, 72).
cost(26, 18, 41).
cost(26, 19, 45).
cost(26, 20, 81).
cost(26, 21, 75).
cost(26, 22, 16).
cost(26, 23, 85).
cost(26, 24, 106).
cost(26, 25, 76).
cost(26, 27, 36).
cost(26, 28, 32).
cost(27, 1, 60).
cost(27, 2, 48).
cost(27, 3, 27).
cost(27, 4, 78).
cost(27, 5, 96).
cost(27, 6, 58).
cost(27, 7, 40).
cost(27, 8, 49).
cost(27, 9, 43).
cost(27, 10, 17).
cost(27, 11, 76).
cost(27, 12, 96).
cost(27, 13, 27).
cost(27, 14, 68).
cost(27, 15, 52).
cost(27, 16, 46).
cost(27, 17, 78).
cost(27, 18, 18).
cost(27, 19, 47).
cost(27, 20, 88).
cost(27, 21, 70).
cost(27, 22, 29).
cost(27, 23, 80).
cost(27, 24, 98).
cost(27, 25, 66).
cost(27, 26, 36).
cost(27, 28, 9).
cost(28, 1, 68).
cost(28, 2, 52).
cost(28, 3, 25).
cost(28, 4, 83).
cost(28, 5, 103).
cost(28, 6, 59).
cost(28, 7, 42).
cost(28, 8, 51).
cost(28, 9, 47).
cost(28, 10, 25).
cost(28, 11, 82).
cost(28, 12, 103).
cost(28, 13, 32).
cost(28, 14, 75).
cost(28, 15, 61).
cost(28, 16, 49).
cost(28, 17, 83).
cost(28, 18, 26).
cost(28, 19, 51).
cost(28, 20, 93).
cost(28, 21, 76).
cost(28, 22, 22).
cost(28, 23, 87).
cost(28, 24, 105).
cost(28, 25, 73).
cost(28, 26, 32).
cost(28, 27, 9).
