dimension(28).
point(1, 5.7639632382, 39.9587292157).
point(2, 20.2242749541, 29.9152077434).
point(3, 37.2110165366, 86.9649225491).
point(4, 91.1912230266, 34.0638559459).
point(5, 11.721206325, 90.4852935877).
point(6, 50.4294283333, 93.5413145786).
point(7, 2.5296665968, 57.1659599644).
point(8, 51.2557457589, 87.8504742642).
point(9, 51.8470322609, 58.0084579561).
point(10, 95.4599932093, 36.4080749897).
point(11, 57.2759364931, 63.7335587576).
point(12, 53.0707910805, 47.9602066366).
point(13, 50.4922289337, 50.9299686084).
point(14, 86.170650963, 30.6756050039).
point(15, 61.0461689105, 17.2478068296).
point(16, 51.9716345636, 1.7506154612).
point(17, 35.4400701368, 42.893973473).
point(18, 50.5466119695, 67.9848648197).
point(19, 96.278207337, 57.9702771686).
point(20, 54.3508884466, 17.9563585349).
point(21, 48.7673001845, 5.2820288179).
point(22, 18.0111258248, 68.9322936948).
point(23, 93.9458039755, 31.854652264).
point(24, 20.3151978526, 80.9482154887).
point(25, 45.0342560309, 69.6413776086).
point(26, 43.212750847, 59.5564596068).
point(27, 43.0108268574, 4.3348159198).
point(28, 27.7072587063, 49.0946356669).
cost(1, 2, 18).
cost(1, 3, 57).
cost(1, 4, 86).
cost(1, 5, 51).
cost(1, 6, 70).
cost(1, 7, 18).
cost(1, 8, 66).
cost(1, 9, 49).
cost(1, 10, 90).
cost(1, 11, 57).
cost(1, 12, 48).
cost(1, 13, 46).
cost(1, 14, 81).
cost(1, 15, 60).
cost(1, 16, 60).
cost(1, 17, 30).
cost(1, 18, 53).
cost(1, 19, 92).
cost(1, 20, 53).
cost(1, 21, 55).
cost(1, 22, 31).
cost(1, 23, 89).
cost(1, 24, 43).
cost(1, 25, 49).
cost(1, 26, 42).
cost(1, 27, 52).
cost(1, 28, 24).
cost(2, 1, 18).
cost(2, 3, 60).
cost(2, 4, 71).
cost(2, 5, 61).
cost(2, 6, 70).
cost(2, 7, 32).
cost(2, 8, 66).
cost(2, 9, 42).
cost(2, 10, 76).
cost(2, 11, 50).
cost(2, 12, 37).
cost(2, 13, 37).
cost(2, 14, 66).
cost(2, 15, 43).
cost(2, 16, 42).
cost(2, 17, 20).
cost(2, 18, 49).
cost(2, 19, 81).
cost(2, 20, 36).
cost(2, 21, 38).
cost(2, 22, 39).
cost(2, 23, 74).
cost(2, 24, 51).
cost(2, 25, 47).
cost(2, 26, 38).
cost(2, 27, 34).
cost(2, 28, 21).
cost(3, 1, 57).
cost(3, 2, 60).
cost(3, 4, 76).
cost(3, 5, 26).
cost(3, 6, 15).
cost(3, 7, 46).
cost(3, 8, 14).
cost(3, 9, 32).
cost(3, 10, 77).
cost(3, 11, 31).
cost(3, 12, 42).
cost(3, 13, 38).
cost(3, 14, 75).
cost(3, 15, 74).
cost(3, 16, 86).
cost(3, 17, 44).
cost(3, 18, 23).
cost(3, 19, 66).
cost(3, 20, 71).
cost(3, 21, 82).
cost(3, 22, 26).
cost(3, 23, 79).
cost(3, 24, 18).
cost(3, 25, 19).
cost(3, 26, 28).
cost(3, 27, 83).
cost(3, 28, 39).
cost(4, 1, 86).
cost(4, 2, 71).
cost(4, 3, 76).
cost(4, 5, 97).
cost(4, 6, 72).
cost(4, 7, 92).
cost(4, 8, 67).
cost(4, 9, 46).
cost(4, 10, 5).
cost(4, 11, 45).
cost(4, 12, 41).
cost(4, 13, 44).
cost(4, 14, 6).
cost(4, 15, 35).
cost(4, 16, 51).
cost(4, 17, 56).
cost(4, 18, 53).
cost(4, 19, 24).
cost(4, 20, 40).
cost(4, 21, 51).
cost(4, 22, 81).
cost(4, 23, 4).
cost(4, 24, 85).
cost(4, 25, 58).
cost(4, 26, 54).
cost(4, 27, 57).
cost(4, 28, 65).
cost(5, 1, 51).
cost(5, 2, 61).
cost(5, 3, 26).
cost(5, 4, 97).
cost(5, 6, 39).
cost(5, 7, 35).
cost(5, 8, 40).
cost(5, 9, 52).
cost(5, 10, 100).
cost(5, 11, 53).
cost(5, 12, 59).
cost(5, 13, 55).
cost(5, 14, 95).
cost(5, 15, 88).
cost(5, 16, 97).
cost(5, 17, 53).
cost(5, 18, 45).
cost(5, 19, 91).
cost(5, 20, 84).
cost(5, 21, 93).
cost(5, 22, 22).
cost(5, 23, 101).
cost(5, 24, 13).
cost(5, 25, 39).
cost(5, 26, 44).
cost(5, 27, 92).
cost(5, 28, 44).
cost(6, 1, 70).
cost(6, 2, 70).
cost(6, 3, 15).
cost(6, 4, 72).
cost(6, 5, 39).
cost(6, 7, 60).
cost(6, 8, 6).
cost(6, 9, 36).
cost(6, 10, 73).
cost(6, 11, 31).
cost(6, 12, 46).
cost(6, 13, 43).
cost(6, 14, 72).
cost(6, 15, 77).
cost(6, 16, 92).
cost(6, 17, 53).
cost(6, 18, 26).
cost(6, 19, 58).
cost(6, 20, 76).
cost(6, 21, 88).
cost(6, 22, 41).
cost(6, 23, 75).
cost(6, 24, 33).
cost(6, 25, 25).
cost(6, 26, 35).
cost(6, 27, 90).
cost(6, 28, 50).
cost(7, 1, 18).
cost(7, 2, 32).
cost(7, 3, 46).
cost(7, 4, 92).
cost(7, 5, 35).
cost(7, 6, 60).
cost(7, 8, 58).
cost(7, 9, 49).
cost(7, 10, 95).
cost(7, 11, 55).
cost(7, 12, 51).
cost(7, 13, 48).
cost(7, 14, 88).
cost(7, 15, 71).
cost(7, 16, 74).
cost(7, 17, 36).
cost(7, 18, 49).
cost(7, 19, 94).
cost(7, 20, 65).
cost(7, 21, 69).
cost(7, 22, 19).
cost(7, 23, 95).
cost(7, 24, 30).
cost(7, 25, 44).
cost(7, 26, 41).
cost(7, 27, 67).
cost(7, 28, 26).
cost(8, 1, 66).
cost(8, 2, 66).
cost(8, 3, 14).
cost(8, 4, 67).
cost(8, 5, 40).
cost(8, 6, 6).
cost(8, 7, 58).
cost(8, 9, 30).
cost(8, 10, 68).
cost(8, 11, 25).
cost(8, 12, 40).
cost(8, 13, 37).
cost(8, 14, 67).
cost(8, 15, 71).
cost(8, 16, 86).
cost(8, 17, 48).
cost(8, 18, 20).
cost(8, 19, 54).
cost(8, 20, 70).
cost(8, 21, 83).
cost(8, 22, 38).
cost(8, 23, 70).
cost(8, 24, 32).
cost(8, 25, 19).
cost(8, 26, 29).
cost(8, 27, 84).
cost(8, 28, 45).
cost(9, 1, 49).
cost(9, 2, 42).
cost(9, 3, 32).
cost(9, 4, 46).
cost(9, 5, 52).
cost(9, 6, 36).
cost(9, 7, 49).
cost(9, 8, 30).
cost(9, 10, 49).
cost(9, 11, 8).
cost(9, 12, 10).
cost(9, 13, 7).
cost(9, 14, 44).
cost(9, 15, 42).
cost(9, 16, 56).
cost(9, 17, 22).
cost(9, 18, 10).
cost(9, 19, 44).
cost(9, 20, 40).
cost(9, 21, 53).
cost(9, 22, 36).
cost(9, 23, 50).
cost(9, 24, 39).
cost(9, 25, 13).
cost(9, 26, 9).
cost(9, 27, 54).
cost(9, 28, 26).
cost(10, 1, 90).
cost(10, 2, 76).
cost(10, 3, 77).
cost(10, 4, 5).
cost(10, 5, 100).
cost(10, 6, 73).
cost(10, 7, 95).
cost(10, 8, 68).
cost(10, 9, 49).
cost(10, 11, 47).
cost(10, 12, 44).
cost(10, 13, 47).
cost(10, 14, 11).
cost(10, 15, 39).
cost(10, 16, 56).
cost(10, 17, 60).
cost(10, 18, 55).
cost(10, 19, 22).
cost(10, 20, 45).
cost(10, 21, 56).
cost(10, 22, 84).
cost(10, 23, 5).
cost(10, 24, 87).
cost(10, 25, 60).
cost(10, 26, 57).
cost(10, 27, 61).
cost(10, 28, 69).
cost(11, 1, 57).
cost(11, 2, 50).
cost(11, 3, 31).
cost(11, 4, 45).
cost(11, 5, 53).
cost(11, 6, 31).
cost(11, 7, 55).
cost(11, 8, 25).
cost(11, 9, 8).
cost(11, 10, 47).
cost(11, 12, 16).
cost(11, 13, 14).
cost(11, 14, 44).
cost(11, 15, 47).
cost(11, 16, 62).
cost(11, 17, 30).
cost(11, 18, 8).
cost(11, 19, 39).
cost(11, 20, 46).
cost(11, 21, 59).
cost(11, 22, 40).
cost(11, 23, 49).
cost(11, 24, 41).
cost(11, 25, 14).
cost(11, 26, 15).
cost(11, 27, 61).
cost(11, 28, 33).
cost(12, 1, 48).
cost(12, 2, 37).
cost(12, 3, 42).
cost(12, 4, 41).
cost(12, 5, 59).
cost(12, 6, 46).
cost(12, 7, 51).
cost(12, 8, 40).
cost(12, 9, 10).
cost(12, 10, 44).
cost(12, 11, 16).
cost(12, 13, 4).
cost(12, 14, 37).
cost(12, 15, 32).
cost(12, 16, 46).
cost(12, 17, 18).
cost(12, 18, 20).
cost(12, 19, 44).
cost(12, 20, 30).
cost(12, 21, 43).
cost(12, 22, 41).
cost(12, 23, 44).
cost(12, 24, 46).
cost(12, 25, 23).
cost(12, 26, 15).
cost(12, 27, 45).
cost(12, 28, 25).
cost(13, 1, 46).
cost(13, 2, 37).
cost(13, 3, 38).
cost(13, 4, 44).
cost(13, 5, 55).
cost(13, 6, 43).
cost(13, 7, 48).
cost(13, 8, 37).
cost(13, 9, 7).
cost(13, 10, 47).
cost(13, 11, 14).
cost(13, 12, 4).
cost(13, 14, 41).
cost(13, 15, 35).
cost(13, 16, 49).
cost(13, 17, 17).
cost(13, 18, 17).
cost(13, 19, 46).
cost(13, 20, 33).
cost(13, 21, 46).
cost(13, 22, 37).
cost(13, 23, 47).
cost(13, 24, 43).
cost(13, 25, 19).
cost(13, 26, 11).
cost(13, 27, 47).
cost(13, 28, 23).
cost(14, 1, 81).
cost(14, 2, 66).
cost(14, 3, 75).
cost(14, 4, 6).
cost(14, 5, 95).
cost(14, 6, 72).
cost(14, 7, 88).
cost(14, 8, 67).
cost(14, 9, 44).
cost(14, 10, 11).
cost(14, 11, 44).
cost(14, 12, 37).
cost(14, 13, 41).
cost(14, 15, 28).
cost(14, 16, 45).
cost(14, 17, 52).
cost(14, 18, 52).
cost(14, 19, 29).
cost(14, 20, 34).
cost(14, 21, 45).
cost(14, 22, 78).
cost(14, 23, 8).
cost(14, 24, 83).
cost(14, 25, 57).
cost(14, 26, 52).
cost(14, 27, 51).
cost(14, 28, 61).
cost(15, 1, 60).
cost(15, 2, 43).
cost(15, 3, 74).
cost(15, 4, 35).
cost(15, 5, 88).
cost(15, 6, 77).
cost(15, 7, 71).
cost(15, 8, 71).
cost(15, 9, 42).
cost(15, 10, 39).
cost(15, 11, 47).
cost(15, 12, 32).
cost(15, 13, 35).
cost(15, 14, 28).
cost(15, 16, 18).
cost(15, 17, 36).
cost(15, 18, 52).
cost(15, 19, 54).
cost(15, 20, 7).
cost(15, 21, 17).
cost(15, 22, 67).
cost(15, 23, 36).
cost(15, 24, 76).
cost(15, 25, 55).
cost(15, 26, 46).
cost(15, 27, 22).
cost(15, 28, 46).
cost(16, 1, 60).
cost(16, 2, 42).
cost(16, 3, 86).
cost(16, 4, 51).
cost(16, 5, 97).
cost(16, 6, 92).
cost(16, 7, 74).
cost(16, 8, 86).
cost(16, 9, 56).
cost(16, 10, 56).
cost(16, 11, 62).
cost(16, 12, 46).
cost(16, 13, 49).
cost(16, 14, 45).
cost(16, 15, 18).
cost(16, 17, 44).
cost(16, 18, 66).
cost(16, 19, 72).
cost(16, 20, 16).
cost(16, 21, 5).
cost(16, 22, 75).
cost(16, 23, 52).
cost(16, 24, 85).
cost(16, 25, 68).
cost(16, 26, 58).
cost(16, 27, 9).
cost(16, 28, 53).
cost(17, 1, 30).
cost(17, 2, 20).
cost(17, 3, 44).
cost(17, 4, 56).
cost(17, 5, 53).
cost(17, 6, 53).
cost(17, 7, 36).
cost(17, 8, 48).
cost(17, 9, 22).
cost(17, 10, 60).
cost(17, 11, 30).
cost(17, 12, 18).
cost(17, 13, 17).
cost(17, 14, 52).
cost(17, 15, 36).
cost(17, 16, 44).
cost(17, 18, 29).
cost(17, 19, 63).
cost(17, 20, 31).
cost(17, 21, 40).
cost(17, 22, 31).
cost(17, 23, 60).
cost(17, 24, 41).
cost(17, 25, 28).
cost(17, 26, 18).
cost(17, 27, 39).
cost(17, 28, 10).
cost(18, 1, 53).
cost(18, 2, 49).
cost(18, 3, 23).
cost(18, 4, 53).
cost(18, 5, 45).
cost(18, 6, 26).
cost(18, 7, 49).
cost(18, 8, 20).
cost(18, 9, 10).
cost(18, 10, 55).
cost(18, 11, 8).
cost(18, 12, 20).
cost(18, 13, 17).
cost(18, 14, 52).
cost(18, 15, 52).
cost(18, 16, 66).
cost(18, 17, 29).
cost(18, 19, 47).
cost(18, 20, 50).
cost(18, 21, 63).
cost(18, 22, 33).
cost(18, 23, 56).
cost(18, 24, 33).
cost(18, 25, 6).
cost(18, 26, 11).
cost(18, 27, 64).
cost(18, 28, 30).
cost(19, 1, 92).
cost(19, 2, 81).
cost(19, 3, 66).
cost(19, 4, 24).
cost(19, 5, 91).
cost(19, 6, 58).
cost(19, 7, 94).
cost(19, 8, 54).
cost(19, 9, 44).
cost(19, 10, 22).
cost(19, 11, 39).
cost(19, 12, 44).
cost(19, 13, 46).
cost(19, 14, 29).
cost(19, 15, 54).
cost(19, 16, 72).
cost(19, 17, 63).
cost(19, 18, 47).
cost(19, 20, 58).
cost(19, 21, 71).
cost(19, 22, 79).
cost(19, 23, 26).
cost(19, 24, 79).
cost(19, 25, 53).
cost(19, 26, 53).
cost(19, 27, 76).
cost(19, 28, 69).
cost(20, 1, 53).
cost(20, 2, 36).
cost(20, 3, 71).
cost(20, 4, 40).
cost(20, 5, 84).
cost(20, 6, 76).
cost(20, 7, 65).
cost(20, 8, 70).
cost(20, 9, 40).
cost(20, 10, 45).
cost(20, 11, 46).
cost(20, 12, 30).
cost(20, 13, 33).
cost(20, 14, 34).
cost(20, 15, 7).
cost(20, 16, 16).
cost(20, 17, 31).
cost(20, 18, 50).
cost(20, 19, 58).
cost(20, 21, 14).
cost(20, 22, 63).
cost(20, 23, 42).
cost(20, 24, 72).
cost(20, 25, 53).
cost(20, 26, 43).
cost(20, 27, 18).
cost(20, 28, 41).
cost(21, 1, 55).
cost(21, 2, 38).
cost(21, 3, 82).
cost(21, 4, 51).
cost(21, 5, 93).
cost(21, 6, 88).
cost(21, 7, 69).
cost(21, 8, 83).
cost(21, 9, 53).
cost(21, 10, 56).
cost(21, 11, 59).
cost(21, 12, 43).
cost(21, 13, 46).
cost(21, 14, 45).
cost(21, 15, 17).
cost(21, 16, 5).
cost(21, 17, 40).
cost(21, 18, 63).
cost(21, 19, 71).
cost(21, 20, 14).
cost(21, 22, 71).
cost(21, 23, 52).
cost(21, 24, 81).
cost(21, 25, 64).
cost(21, 26, 55).
cost(21, 27, 6).
cost(21, 28, 49).
cost(22, 1, 31).
cost(22, 2, 39).
cost(22, 3, 26).
cost(22, 4, 81).
cost(22, 5, 22).
cost(22, 6, 41).
cost(22, 7, 19).
cost(22, 8, 38).
cost(22, 9, 36).
cost(22, 10, 84).
cost(22, 11, 40).
cost(22, 12, 41).
cost(22, 13, 37).
cost(22, 14, 78).
cost(22, 15, 67).
cost(22, 16, 75).
cost(22, 17, 31).
cost(22, 18, 33).
cost(22, 19, 79).
cost(22, 20, 63).
cost(22, 21, 71).
cost(22, 23, 85).
cost(22, 24, 12).
cost(22, 25, 27).
cost(22, 26, 27).
cost(22, 27, 69).
cost(22, 28, 22).
cost(23, 1, 89).
cost(23, 2, 74).
cost(23, 3, 79).
cost(23, 4, 4).
cost(23, 5, 101).
cost(23, 6, 75).
cost(23, 7, 95).
cost(23, 8, 70).
cost(23, 9, 50).
cost(23, 10, 5).
cost(23, 11, 49).
cost(23, 12, 44).
cost(23, 13, 47).
cost(23, 14, 8).
cost(23, 15, 36).
cost(23, 16, 52).
cost(23, 17, 60).
cost(23, 18, 56).
cost(23, 19, 26).
cost(23, 20, 42).
cost(23, 21, 52).
cost(23, 22, 85).
cost(23, 24, 88).
cost(23, 25, 62).
cost(23, 26, 58).
cost(23, 27, 58).
cost(23, 28, 68).
cost(24, 1, 43).
cost(24, 2, 51).
cost(24, 3, 18).
cost(24, 4, 85).
cost(24, 5, 13).
cost(24, 6, 33).
cost(24, 7, 30).
cost(24, 8, 32).
cost(24, 9, 39).
cost(24, 10, 87).
cost(24, 11, 41).
cost(24, 12, 46).
cost(24, 13, 43).
cost(24, 14, 83).
cost(24, 15, 76).
cost(24, 16, 85).
cost(24, 17, 41).
cost(24, 18, 33).
cost(24, 19, 79).
cost(24, 20, 72).
cost(24, 21, 81).
cost(24, 22, 12).
cost(24, 23, 88).
cost(24, 25, 27).
cost(24, 26, 31).
cost(24, 27, 80).
cost(24, 28, 33).
cost(25, 1, 49).
cost(25, 2, 47).
cost(25, 3, 19).
cost(25, 4, 58).
cost(25, 5, 39).
cost(25, 6, 25).
cost(25, 7, 44).
cost(25, 8, 19).
cost(25, 9, 13).
cost(25, 10, 60).
cost(25, 11, 14).
cost(25, 12, 23).
cost(25, 13, 19).
cost(25, 14, 57).
cost(25, 15, 55).
cost(25, 16, 68).
cost(25, 17, 28).
cost(25, 18, 6).
cost(25, 19, 53).
cost(25, 20, 53).
cost(25, 21, 64).
cost(25, 22, 27).
cost(25, 23, 62).
cost(25, 24, 27).
cost(25, 26, 10).
cost(25, 27, 65).
cost(25, 28, 27).
cost(26, 1, 42).
cost(26, 2, 38).
cost(26, 3, 28).
cost(26, 4, 54).
cost(26, 5, 44).
cost(26, 6, 35).
cost(26, 7, 41).
cost(26, 8, 29).
cost(26, 9, 9).
cost(26, 10, 57).
cost(26, 11, 15).
cost(26, 12, 15).
cost(26, 13, 11).
cost(26, 14, 52).
cost(26, 15, 46).
cost(26, 16, 58).
cost(26, 17, 18).
cost(26, 18, 11).
cost(26, 19, 53).
cost(26, 20, 43).
cost(26, 21, 55).
cost(26, 22, 27).
cost(26, 23, 58).
cost(26, 24, 31).
cost(26, 25, 10).
cost(26, 27, 55).
cost(26, 28, 19).
cost(27, 1, 52).
cost(27, 2, 34).
cost(27, 3, 83).
cost(27, 4, 57).
cost(27, 5, 92).
cost(27, 6, 90).
cost(27, 7, 67).
cost(27, 8, 84).
cost(27, 9, 54).
cost(27, 10, 61).
cost(27, 11, 61).
cost(27, 12, 45).
cost(27, 13, 47).
cost(27, 14, 51).
cost(27, 15, 22).
cost(27, 16, 9).
cost(27, 17, 39).
cost(27, 18, 64).
cost(27, 19, 76).
cost(27, 20, 18).
cost(27, 21, 6).
cost(27, 22, 69).
cost(27, 23, 58).
cost(27, 24, 80).
cost(27, 25, 65).
cost(27, 26, 55).
cost(27, 28, 47).
cost(28, 1, 24).
cost(28, 2, 21).
cost(28, 3, 39).
cost(28, 4, 65).
cost(28, 5, 44).
cost(28, 6, 50).
cost(28, 7, 26).
cost(28, 8, 45).
cost(28, 9, 26).
cost(28, 10, 69).
cost(28, 11, 33).
cost(28, 12, 25).
cost(28, 13, 23).
cost(28, 14, 61).
cost(28, 15, 46).
cost(28, 16, 53).
cost(28, 17, 10).
cost(28, 18, 30).
cost(28, 19, 69).
cost(28, 20, 41).
cost(28, 21, 49).
cost(28, 22, 22).
cost(28, 23, 68).
cost(28, 24, 33).
cost(28, 25, 27).
cost(28, 26, 19).
cost(28, 27, 47).
