dimension(28).
point(1, 15.2616015046, 80.1132526765).
point(2, 50.8330152651, 51.6952387783).
point(3, 65.4792526877, 40.2460156045).
point(4, 11.0956866846, 47.7067756961).
point(5, 25.5669458457, 29.0872360983).
point(6, 21.2872288473, 85.8718840472).
point(7, 25.1533962441, 92.1717312592).
point(8, 55.3923870042, 78.5220471351).
point(9, 87.8001471939, 61.6369164495).
point(10, 79.1064548672, 60.5022450631).
point(11, 30.2471676435, 25.6823497876).
point(12, 35.2943708317, 19.9411903548).
point(13, 65.7118546591, 80.6524965996).
point(14, 92.6993577486, 41.0387560355).
point(15, 16.8786591397, 16.1317211933).
point(16, 90.303676011, 50.2034064358).
point(17, 44.4091801916, 55.6672762707).
point(18, 54.6720662311, 62.9724975083).
point(19, 37.8910758838, 88.4687146427).
point(20, 85.7237408059, 30.1417988223).
point(21, 68.6789577028, 27.706870392).
point(22, 95.4479782859, 28.4242639872).
point(23, 84.9296154697, 59.379592972).
point(24, 88.3990239886, 66.6345454064).
point(25, 67.7083558009, 43.6925559295).
point(26, 55.7467476172, 33.5828520645).
point(27, 31.8225537802, 98.1934461526).
point(28, 56.036324444, 23.0183007556).
cost(1, 2, 46).
cost(1, 3, 64).
cost(1, 4, 33).
cost(1, 5, 52).
cost(1, 6, 8).
cost(1, 7, 16).
cost(1, 8, 40).
cost(1, 9, 75).
cost(1, 10, 67).
cost(1, 11, 56).
cost(1, 12, 63).
cost(1, 13, 50).
cost(1, 14, 87).
cost(1, 15, 64).
cost(1, 16, 81).
cost(1, 17, 38).
cost(1, 18, 43).
cost(1, 19, 24).
cost(1, 20, 86).
cost(1, 21, 75).
cost(1, 22, 95).
cost(1, 23, 73).
cost(1, 24, 74).
cost(1, 25, 64).
cost(1, 26, 62).
cost(1, 27, 25).
cost(1, 28, 70).
cost(2, 1, 46).
cost(2, 3, 19).
cost(2, 4, 40).
cost(2, 5, 34).
cost(2, 6, 45).
cost(2, 7, 48).
cost(2, 8, 27).
cost(2, 9, 38).
cost(2, 10, 30).
cost(2, 11, 33).
cost(2, 12, 35).
cost(2, 13, 33).
cost(2, 14, 43).
cost(2, 15, 49).
cost(2, 16, 39).
cost(2, 17, 8).
cost(2, 18, 12).
cost(2, 19, 39).
cost(2, 20, 41).
cost(2, 21, 30).
cost(2, 22, 50).
cost(2, 23, 35).
cost(2, 24, 40).
cost(2, 25, 19).
cost(2, 26, 19).
cost(2, 27, 50).
cost(2, 28, 29).
cost(3, 1, 64).
cost(3, 2, 19).
cost(3, 4, 55).
cost(3, 5, 41).
cost(3, 6, 64).
cost(3, 7, 66).
cost(3, 8, 40).
cost(3, 9, 31).
cost(3, 10, 24).
cost(3, 11, 38).
cost(3, 12, 36).
cost(3, 13, 40).
cost(3, 14, 27).
cost(3, 15, 54).
cost(3, 16, 27).
cost(3, 17, 26).
cost(3, 18, 25).
cost(3, 19, 56).
cost(3, 20, 23).
cost(3, 21, 13).
cost(3, 22, 32).
cost(3, 23, 27).
cost(3, 24, 35).
cost(3, 25, 4).
cost(3, 26, 12).
cost(3, 27, 67).
cost(3, 28, 20).
cost(4, 1, 33).
cost(4, 2, 40).
cost(4, 3, 55).
cost(4, 5, 24).
cost(4, 6, 40).
cost(4, 7, 47).
cost(4, 8, 54).
cost(4, 9, 78).
cost(4, 10, 69).
cost(4, 11, 29).
cost(4, 12, 37).
cost(4, 13, 64).
cost(4, 14, 82).
cost(4, 15, 32).
cost(4, 16, 79).
cost(4, 17, 34).
cost(4, 18, 46).
cost(4, 19, 49).
cost(4, 20, 77).
cost(4, 21, 61).
cost(4, 22, 87).
cost(4, 23, 75).
cost(4, 24, 80).
cost(4, 25, 57).
cost(4, 26, 47).
cost(4, 27, 55).
cost(4, 28, 51).
cost(5, 1, 52).
cost(5, 2, 34).
cost(5, 3, 41).
cost(5, 4, 24).
cost(5, 6, 57).
cost(5, 7, 63).
cost(5, 8, 58).
cost(5, 9, 70).
cost(5, 10, 62).
cost(5, 11, 6).
cost(5, 12, 13).
cost(5, 13, 65).
cost(5, 14, 68).
cost(5, 15, 16).
cost(5, 16, 68).
cost(5, 17, 33).
cost(5, 18, 45).
cost(5, 19, 61).
cost(5, 20, 60).
cost(5, 21, 43).
cost(5, 22, 70).
cost(5, 23, 67).
cost(5, 24, 73).
cost(5, 25, 45).
cost(5, 26, 31).
cost(5, 27, 69).
cost(5, 28, 31).
cost(6, 1, 8).
cost(6, 2, 45).
cost(6, 3, 64).
cost(6, 4, 40).
cost(6, 5, 57).
cost(6, 7, 7).
cost(6, 8, 35).
cost(6, 9, 71).
cost(6, 10, 63).
cost(6, 11, 61).
cost(6, 12, 67).
cost(6, 13, 45).
cost(6, 14, 84).
cost(6, 15, 70).
cost(6, 16, 78).
cost(6, 17, 38).
cost(6, 18, 40).
cost(6, 19, 17).
cost(6, 20, 85).
cost(6, 21, 75).
cost(6, 22, 94).
cost(6, 23, 69).
cost(6, 24, 70).
cost(6, 25, 63).
cost(6, 26, 63).
cost(6, 27, 16).
cost(6, 28, 72).
cost(7, 1, 16).
cost(7, 2, 48).
cost(7, 3, 66).
cost(7, 4, 47).
cost(7, 5, 63).
cost(7, 6, 7).
cost(7, 8, 33).
cost(7, 9, 70).
cost(7, 10, 63).
cost(7, 11, 67).
cost(7, 12, 73).
cost(7, 13, 42).
cost(7, 14, 85).
cost(7, 15, 76).
cost(7, 16, 77).
cost(7, 17, 41).
cost(7, 18, 42).
cost(7, 19, 13).
cost(7, 20, 87).
cost(7, 21, 78).
cost(7, 22, 95).
cost(7, 23, 68).
cost(7, 24, 68).
cost(7, 25, 65).
cost(7, 26, 66).
cost(7, 27, 9).
cost(7, 28, 76).
cost(8, 1, 40).
cost(8, 2, 27).
cost(8, 3, 40).
cost(8, 4, 54).
cost(8, 5, 58).
cost(8, 6, 35).
cost(8, 7, 33).
cost(8, 9, 37).
cost(8, 10, 30).
cost(8, 11, 59).
cost(8, 12, 62).
cost(8, 13, 11).
cost(8, 14, 53).
cost(8, 15, 73).
cost(8, 16, 45).
cost(8, 17, 25).
cost(8, 18, 16).
cost(8, 19, 20).
cost(8, 20, 57).
cost(8, 21, 53).
cost(8, 22, 64).
cost(8, 23, 35).
cost(8, 24, 35).
cost(8, 25, 37).
cost(8, 26, 45).
cost(8, 27, 31).
cost(8, 28, 56).
cost(9, 1, 75).
cost(9, 2, 38).
cost(9, 3, 31).
cost(9, 4, 78).
cost(9, 5, 70).
cost(9, 6, 71).
cost(9, 7, 70).
cost(9, 8, 37).
cost(9, 10, 9).
cost(9, 11, 68).
cost(9, 12, 67).
cost(9, 13, 29).
cost(9, 14, 21).
cost(9, 15, 84).
cost(9, 16, 12).
cost(9, 17, 44).
cost(9, 18, 33).
cost(9, 19, 57).
cost(9, 20, 32).
cost(9, 21, 39).
cost(9, 22, 34).
cost(9, 23, 4).
cost(9, 24, 5).
cost(9, 25, 27).
cost(9, 26, 43).
cost(9, 27, 67).
cost(9, 28, 50).
cost(10, 1, 67).
cost(10, 2, 30).
cost(10, 3, 24).
cost(10, 4, 69).
cost(10, 5, 62).
cost(10, 6, 63).
cost(10, 7, 63).
cost(10, 8, 30).
cost(10, 9, 9).
cost(10, 11, 60).
cost(10, 12, 60).
cost(10, 13, 24).
cost(10, 14, 24).
cost(10, 15, 76).
cost(10, 16, 15).
cost(10, 17, 35).
cost(10, 18, 25).
cost(10, 19, 50).
cost(10, 20, 31).
cost(10, 21, 34).
cost(10, 22, 36).
cost(10, 23, 6).
cost(10, 24, 11).
cost(10, 25, 20).
cost(10, 26, 36).
cost(10, 27, 60).
cost(10, 28, 44).
cost(11, 1, 56).
cost(11, 2, 33).
cost(11, 3, 38).
cost(11, 4, 29).
cost(11, 5, 6).
cost(11, 6, 61).
cost(11, 7, 67).
cost(11, 8, 59).
cost(11, 9, 68).
cost(11, 10, 60).
cost(11, 12, 8).
cost(11, 13, 65).
cost(11, 14, 64).
cost(11, 15, 16).
cost(11, 16, 65).
cost(11, 17, 33).
cost(11, 18, 45).
cost(11, 19, 63).
cost(11, 20, 56).
cost(11, 21, 38).
cost(11, 22, 65).
cost(11, 23, 64).
cost(11, 24, 71).
cost(11, 25, 42).
cost(11, 26, 27).
cost(11, 27, 73).
cost(11, 28, 26).
cost(12, 1, 63).
cost(12, 2, 35).
cost(12, 3, 36).
cost(12, 4, 37).
cost(12, 5, 13).
cost(12, 6, 67).
cost(12, 7, 73).
cost(12, 8, 62).
cost(12, 9, 67).
cost(12, 10, 60).
cost(12, 11, 8).
cost(12, 13, 68).
cost(12, 14, 61).
cost(12, 15, 19).
cost(12, 16, 63).
cost(12, 17, 37).
cost(12, 18, 47).
cost(12, 19, 69).
cost(12, 20, 51).
cost(12, 21, 34).
cost(12, 22, 61).
cost(12, 23, 63).
cost(12, 24, 71).
cost(12, 25, 40).
cost(12, 26, 25).
cost(12, 27, 78).
cost(12, 28, 21).
cost(13, 1, 50).
cost(13, 2, 33).
cost(13, 3, 40).
cost(13, 4, 64).
cost(13, 5, 65).
cost(13, 6, 45).
cost(13, 7, 42).
cost(13, 8, 11).
cost(13, 9, 29).
cost(13, 10, 24).
cost(13, 11, 65).
cost(13, 12, 68).
cost(13, 14, 48).
cost(13, 15, 81).
cost(13, 16, 39).
cost(13, 17, 33).
cost(13, 18, 21).
cost(13, 19, 29).
cost(13, 20, 54).
cost(13, 21, 53).
cost(13, 22, 60).
cost(13, 23, 29).
cost(13, 24, 27).
cost(13, 25, 37).
cost(13, 26, 48).
cost(13, 27, 38).
cost(13, 28, 58).
cost(14, 1, 87).
cost(14, 2, 43).
cost(14, 3, 27).
cost(14, 4, 82).
cost(14, 5, 68).
cost(14, 6, 84).
cost(14, 7, 85).
cost(14, 8, 53).
cost(14, 9, 21).
cost(14, 10, 24).
cost(14, 11, 64).
cost(14, 12, 61).
cost(14, 13, 48).
cost(14, 15, 80).
cost(14, 16, 9).
cost(14, 17, 50).
cost(14, 18, 44).
cost(14, 19, 72).
cost(14, 20, 13).
cost(14, 21, 27).
cost(14, 22, 13).
cost(14, 23, 20).
cost(14, 24, 26).
cost(14, 25, 25).
cost(14, 26, 38).
cost(14, 27, 84).
cost(14, 28, 41).
cost(15, 1, 64).
cost(15, 2, 49).
cost(15, 3, 54).
cost(15, 4, 32).
cost(15, 5, 16).
cost(15, 6, 70).
cost(15, 7, 76).
cost(15, 8, 73).
cost(15, 9, 84).
cost(15, 10, 76).
cost(15, 11, 16).
cost(15, 12, 19).
cost(15, 13, 81).
cost(15, 14, 80).
cost(15, 16, 81).
cost(15, 17, 48).
cost(15, 18, 60).
cost(15, 19, 75).
cost(15, 20, 70).
cost(15, 21, 53).
cost(15, 22, 80).
cost(15, 23, 81).
cost(15, 24, 88).
cost(15, 25, 58).
cost(15, 26, 43).
cost(15, 27, 83).
cost(15, 28, 40).
cost(16, 1, 81).
cost(16, 2, 39).
cost(16, 3, 27).
cost(16, 4, 79).
cost(16, 5, 68).
cost(16, 6, 78).
cost(16, 7, 77).
cost(16, 8, 45).
cost(16, 9, 12).
cost(16, 10, 15).
cost(16, 11, 65).
cost(16, 12, 63).
cost(16, 13, 39).
cost(16, 14, 9).
cost(16, 15, 81).
cost(16, 17, 46).
cost(16, 18, 38).
cost(16, 19, 65).
cost(16, 20, 21).
cost(16, 21, 31).
cost(16, 22, 22).
cost(16, 23, 11).
cost(16, 24, 17).
cost(16, 25, 24).
cost(16, 26, 38).
cost(16, 27, 76).
cost(16, 28, 44).
cost(17, 1, 38).
cost(17, 2, 8).
cost(17, 3, 26).
cost(17, 4, 34).
cost(17, 5, 33).
cost(17, 6, 38).
cost(17, 7, 41).
cost(17, 8, 25).
cost(17, 9, 44).
cost(17, 10, 35).
cost(17, 11, 33).
cost(17, 12, 37).
cost(17, 13, 33).
cost(17, 14, 50).
cost(17, 15, 48).
cost(17, 16, 46).
cost(17, 18, 13).
cost(17, 19, 33).
cost(17, 20, 49).
cost(17, 21, 37).
cost(17, 22, 58).
cost(17, 23, 41).
cost(17, 24, 45).
cost(17, 25, 26).
cost(17, 26, 25).
cost(17, 27, 44).
cost(17, 28, 35).
cost(18, 1, 43).
cost(18, 2, 12).
cost(18, 3, 25).
cost(18, 4, 46).
cost(18, 5, 45).
cost(18, 6, 40).
cost(18, 7, 42).
cost(18, 8, 16).
cost(18, 9, 33).
cost(18, 10, 25).
cost(18, 11, 45).
cost(18, 12, 47).
cost(18, 13, 21).
cost(18, 14, 44).
cost(18, 15, 60).
cost(18, 16, 38).
cost(18, 17, 13).
cost(18, 19, 31).
cost(18, 20, 45).
cost(18, 21, 38).
cost(18, 22, 53).
cost(18, 23, 30).
cost(18, 24, 34).
cost(18, 25, 23).
cost(18, 26, 29).
cost(18, 27, 42).
cost(18, 28, 40).
cost(19, 1, 24).
cost(19, 2, 39).
cost(19, 3, 56).
cost(19, 4, 49).
cost(19, 5, 61).
cost(19, 6, 17).
cost(19, 7, 13).
cost(19, 8, 20).
cost(19, 9, 57).
cost(19, 10, 50).
cost(19, 11, 63).
cost(19, 12, 69).
cost(19, 13, 29).
cost(19, 14, 72).
cost(19, 15, 75).
cost(19, 16, 65).
cost(19, 17, 33).
cost(19, 18, 31).
cost(19, 20, 75).
cost(19, 21, 68).
cost(19, 22, 83).
cost(19, 23, 55).
cost(19, 24, 55).
cost(19, 25, 54).
cost(19, 26, 58).
cost(19, 27, 11).
cost(19, 28, 68).
cost(20, 1, 86).
cost(20, 2, 41).
cost(20, 3, 23).
cost(20, 4, 77).
cost(20, 5, 60).
cost(20, 6, 85).
cost(20, 7, 87).
cost(20, 8, 57).
cost(20, 9, 32).
cost(20, 10, 31).
cost(20, 11, 56).
cost(20, 12, 51).
cost(20, 13, 54).
cost(20, 14, 13).
cost(20, 15, 70).
cost(20, 16, 21).
cost(20, 17, 49).
cost(20, 18, 45).
cost(20, 19, 75).
cost(20, 21, 17).
cost(20, 22, 10).
cost(20, 23, 29).
cost(20, 24, 37).
cost(20, 25, 23).
cost(20, 26, 30).
cost(20, 27, 87).
cost(20, 28, 31).
cost(21, 1, 75).
cost(21, 2, 30).
cost(21, 3, 13).
cost(21, 4, 61).
cost(21, 5, 43).
cost(21, 6, 75).
cost(21, 7, 78).
cost(21, 8, 53).
cost(21, 9, 39).
cost(21, 10, 34).
cost(21, 11, 38).
cost(21, 12, 34).
cost(21, 13, 53).
cost(21, 14, 27).
cost(21, 15, 53).
cost(21, 16, 31).
cost(21, 17, 37).
cost(21, 18, 38).
cost(21, 19, 68).
cost(21, 20, 17).
cost(21, 22, 27).
cost(21, 23, 36).
cost(21, 24, 44).
cost(21, 25, 16).
cost(21, 26, 14).
cost(21, 27, 80).
cost(21, 28, 13).
cost(22, 1, 95).
cost(22, 2, 50).
cost(22, 3, 32).
cost(22, 4, 87).
cost(22, 5, 70).
cost(22, 6, 94).
cost(22, 7, 95).
cost(22, 8, 64).
cost(22, 9, 34).
cost(22, 10, 36).
cost(22, 11, 65).
cost(22, 12, 61).
cost(22, 13, 60).
cost(22, 14, 13).
cost(22, 15, 80).
cost(22, 16, 22).
cost(22, 17, 58).
cost(22, 18, 53).
cost(22, 19, 83).
cost(22, 20, 10).
cost(22, 21, 27).
cost(22, 23, 33).
cost(22, 24, 39).
cost(22, 25, 32).
cost(22, 26, 40).
cost(22, 27, 94).
cost(22, 28, 40).
cost(23, 1, 73).
cost(23, 2, 35).
cost(23, 3, 27).
cost(23, 4, 75).
cost(23, 5, 67).
cost(23, 6, 69).
cost(23, 7, 68).
cost(23, 8, 35).
cost(23, 9, 4).
cost(23, 10, 6).
cost(23, 11, 64).
cost(23, 12, 63).
cost(23, 13, 29).
cost(23, 14, 20).
cost(23, 15, 81).
cost(23, 16, 11).
cost(23, 17, 41).
cost(23, 18, 30).
cost(23, 19, 55).
cost(23, 20, 29).
cost(23, 21, 36).
cost(23, 22, 33).
cost(23, 24, 8).
cost(23, 25, 23).
cost(23, 26, 39).
cost(23, 27, 66).
cost(23, 28, 46).
cost(24, 1, 74).
cost(24, 2, 40).
cost(24, 3, 35).
cost(24, 4, 80).
cost(24, 5, 73).
cost(24, 6, 70).
cost(24, 7, 68).
cost(24, 8, 35).
cost(24, 9, 5).
cost(24, 10, 11).
cost(24, 11, 71).
cost(24, 12, 71).
cost(24, 13, 27).
cost(24, 14, 26).
cost(24, 15, 88).
cost(24, 16, 17).
cost(24, 17, 45).
cost(24, 18, 34).
cost(24, 19, 55).
cost(24, 20, 37).
cost(24, 21, 44).
cost(24, 22, 39).
cost(24, 23, 8).
cost(24, 25, 31).
cost(24, 26, 46).
cost(24, 27, 65).
cost(24, 28, 54).
cost(25, 1, 64).
cost(25, 2, 19).
cost(25, 3, 4).
cost(25, 4, 57).
cost(25, 5, 45).
cost(25, 6, 63).
cost(25, 7, 65).
cost(25, 8, 37).
cost(25, 9, 27).
cost(25, 10, 20).
cost(25, 11, 42).
cost(25, 12, 40).
cost(25, 13, 37).
cost(25, 14, 25).
cost(25, 15, 58).
cost(25, 16, 24).
cost(25, 17, 26).
cost(25, 18, 23).
cost(25, 19, 54).
cost(25, 20, 23).
cost(25, 21, 16).
cost(25, 22, 32).
cost(25, 23, 23).
cost(25, 24, 31).
cost(25, 26, 16).
cost(25, 27, 65).
cost(25, 28, 24).
cost(26, 1, 62).
cost(26, 2, 19).
cost(26, 3, 12).
cost(26, 4, 47).
cost(26, 5, 31).
cost(26, 6, 63).
cost(26, 7, 66).
cost(26, 8, 45).
cost(26, 9, 43).
cost(26, 10, 36).
cost(26, 11, 27).
cost(26, 12, 25).
cost(26, 13, 48).
cost(26, 14, 38).
cost(26, 15, 43).
cost(26, 16, 38).
cost(26, 17, 25).
cost(26, 18, 29).
cost(26, 19, 58).
cost(26, 20, 30).
cost(26, 21, 14).
cost(26, 22, 40).
cost(26, 23, 39).
cost(26, 24, 46).
cost(26, 25, 16).
cost(26, 27, 69).
cost(26, 28, 11).
cost(27, 1, 25).
cost(27, 2, 50).
cost(27, 3, 67).
cost(27, 4, 55).
cost(27, 5, 69).
cost(27, 6, 16).
cost(27, 7, 9).
cost(27, 8, 31).
cost(27, 9, 67).
cost(27, 10, 60).
cost(27, 11, 73).
cost(27, 12, 78).
cost(27, 13, 38).
cost(27, 14, 84).
cost(27, 15, 83).
cost(27, 16, 76).
cost(27, 17, 44).
cost(27, 18, 42).
cost(27, 19, 11).
cost(27, 20, 87).
cost(27, 21, 80).
cost(27, 22, 94).
cost(27, 23, 66).
cost(27, 24, 65).
cost(27, 25, 65).
cost(27, 26, 69).
cost(27, 28, 79).
cost(28, 1, 70).
cost(28, 2, 29).
cost(28, 3, 20).
cost(28, 4, 51).
cost(28, 5, 31).
cost(28, 6, 72).
cost(28, 7, 76).
cost(28, 8, 56).
cost(28, 9, 50).
cost(28, 10, 44).
cost(28, 11, 26).
cost(28, 12, 21).
cost(28, 13, 58).
cost(28, 14, 41).
cost(28, 15, 40).
cost(28, 16, 44).
cost(28, 17, 35).
cost(28, 18, 40).
cost(28, 19, 68).
cost(28, 20, 31).
cost(28, 21, 13).
cost(28, 22, 40).
cost(28, 23, 46).
cost(28, 24, 54).
cost(28, 25, 24).
cost(28, 26, 11).
cost(28, 27, 79).
