dimension(22).
point(1, 90.3087561911, 36.3059292113).
point(2, 83.7790159889, 9.2248984939).
point(3, 28.3656171036, 22.1559084511).
point(4, 44.3154033058, 9.3654592504).
point(5, 80.8512581587, 82.6040182253).
point(6, 77.3494755459, 98.8136265666).
point(7, 20.4285707222, 7.7168656858).
point(8, 8.2907563425, 58.9283877456).
point(9, 33.3339327611, 31.6950924968).
point(10, 41.8152472221, 34.3635136484).
point(11, 65.3202382117, 82.1760024349).
point(12, 81.6701598776, 23.0063990521).
point(13, 1.031804278, 49.7580251842).
point(14, 72.9082987385, 53.6116963472).
point(15, 19.7516024076, 49.9759121749).
point(16, 46.5347220315, 91.5382353194).
point(17, 41.4871605109, 77.2185395657).
point(18, 17.7980209087, 30.1040940834).
point(19, 35.0133947393, 76.3827636754).
point(20, 85.9769749453, 6.2070220064).
point(21, 53.27005672, 56.6253997661).
point(22, 6.2742530423, 44.2530435878).
cost(1, 2, 28).
cost(1, 3, 64).
cost(1, 4, 53).
cost(1, 5, 47).
cost(1, 6, 64).
cost(1, 7, 76).
cost(1, 8, 85).
cost(1, 9, 57).
cost(1, 10, 49).
cost(1, 11, 52).
cost(1, 12, 16).
cost(1, 13, 90).
cost(1, 14, 25).
cost(1, 15, 72).
cost(1, 16, 70).
cost(1, 17, 64).
cost(1, 18, 73).
cost(1, 19, 68).
cost(1, 20, 30).
cost(1, 21, 42).
cost(1, 22, 84).
cost(2, 1, 28).
cost(2, 3, 57).
cost(2, 4, 39).
cost(2, 5, 73).
cost(2, 6, 90).
cost(2, 7, 63).
cost(2, 8, 90).
cost(2, 9, 55).
cost(2, 10, 49).
cost(2, 11, 75).
cost(2, 12, 14).
cost(2, 13, 92).
cost(2, 14, 46).
cost(2, 15, 76).
cost(2, 16, 90).
cost(2, 17, 80).
cost(2, 18, 69).
cost(2, 19, 83).
cost(2, 20, 4).
cost(2, 21, 56).
cost(2, 22, 85).
cost(3, 1, 64).
cost(3, 2, 57).
cost(3, 4, 20).
cost(3, 5, 80).
cost(3, 6, 91).
cost(3, 7, 16).
cost(3, 8, 42).
cost(3, 9, 11).
cost(3, 10, 18).
cost(3, 11, 70).
cost(3, 12, 53).
cost(3, 13, 39).
cost(3, 14, 55).
cost(3, 15, 29).
cost(3, 16, 72).
cost(3, 17, 57).
cost(3, 18, 13).
cost(3, 19, 55).
cost(3, 20, 60).
cost(3, 21, 43).
cost(3, 22, 31).
cost(4, 1, 53).
cost(4, 2, 39).
cost(4, 3, 20).
cost(4, 5, 82).
cost(4, 6, 95).
cost(4, 7, 24).
cost(4, 8, 61).
cost(4, 9, 25).
cost(4, 10, 25).
cost(4, 11, 76).
cost(4, 12, 40).
cost(4, 13, 59).
cost(4, 14, 53).
cost(4, 15, 47).
cost(4, 16, 82).
cost(4, 17, 68).
cost(4, 18, 34).
cost(4, 19, 68).
cost(4, 20, 42).
cost(4, 21, 48).
cost(4, 22, 52).
cost(5, 1, 47).
cost(5, 2, 73).
cost(5, 3, 80).
cost(5, 4, 82).
cost(5, 6, 17).
cost(5, 7, 96).
cost(5, 8, 76).
cost(5, 9, 70).
cost(5, 10, 62).
cost(5, 11, 16).
cost(5, 12, 60).
cost(5, 13, 86).
cost(5, 14, 30).
cost(5, 15, 69).
cost(5, 16, 35).
cost(5, 17, 40).
cost(5, 18, 82).
cost(5, 19, 46).
cost(5, 20, 77).
cost(5, 21, 38).
cost(5, 22, 84).
cost(6, 1, 64).
cost(6, 2, 90).
cost(6, 3, 91).
cost(6, 4, 95).
cost(6, 5, 17).
cost(6, 7, 107).
cost(6, 8, 80).
cost(6, 9, 80).
cost(6, 10, 74).
cost(6, 11, 21).
cost(6, 12, 76).
cost(6, 13, 91).
cost(6, 14, 45).
cost(6, 15, 76).
cost(6, 16, 32).
cost(6, 17, 42).
cost(6, 18, 91).
cost(6, 19, 48).
cost(6, 20, 93).
cost(6, 21, 49).
cost(6, 22, 90).
cost(7, 1, 76).
cost(7, 2, 63).
cost(7, 3, 16).
cost(7, 4, 24).
cost(7, 5, 96).
cost(7, 6, 107).
cost(7, 8, 53).
cost(7, 9, 27).
cost(7, 10, 34).
cost(7, 11, 87).
cost(7, 12, 63).
cost(7, 13, 46).
cost(7, 14, 70).
cost(7, 15, 42).
cost(7, 16, 88).
cost(7, 17, 73).
cost(7, 18, 23).
cost(7, 19, 70).
cost(7, 20, 66).
cost(7, 21, 59).
cost(7, 22, 39).
cost(8, 1, 85).
cost(8, 2, 90).
cost(8, 3, 42).
cost(8, 4, 61).
cost(8, 5, 76).
cost(8, 6, 80).
cost(8, 7, 53).
cost(8, 9, 37).
cost(8, 10, 42).
cost(8, 11, 62).
cost(8, 12, 82).
cost(8, 13, 12).
cost(8, 14, 65).
cost(8, 15, 15).
cost(8, 16, 50).
cost(8, 17, 38).
cost(8, 18, 30).
cost(8, 19, 32).
cost(8, 20, 94).
cost(8, 21, 45).
cost(8, 22, 15).
cost(9, 1, 57).
cost(9, 2, 55).
cost(9, 3, 11).
cost(9, 4, 25).
cost(9, 5, 70).
cost(9, 6, 80).
cost(9, 7, 27).
cost(9, 8, 37).
cost(9, 10, 9).
cost(9, 11, 60).
cost(9, 12, 49).
cost(9, 13, 37).
cost(9, 14, 45).
cost(9, 15, 23).
cost(9, 16, 61).
cost(9, 17, 46).
cost(9, 18, 16).
cost(9, 19, 45).
cost(9, 20, 58).
cost(9, 21, 32).
cost(9, 22, 30).
cost(10, 1, 49).
cost(10, 2, 49).
cost(10, 3, 18).
cost(10, 4, 25).
cost(10, 5, 62).
cost(10, 6, 74).
cost(10, 7, 34).
cost(10, 8, 42).
cost(10, 9, 9).
cost(10, 11, 53).
cost(10, 12, 41).
cost(10, 13, 44).
cost(10, 14, 37).
cost(10, 15, 27).
cost(10, 16, 57).
cost(10, 17, 43).
cost(10, 18, 24).
cost(10, 19, 43).
cost(10, 20, 52).
cost(10, 21, 25).
cost(10, 22, 37).
cost(11, 1, 52).
cost(11, 2, 75).
cost(11, 3, 70).
cost(11, 4, 76).
cost(11, 5, 16).
cost(11, 6, 21).
cost(11, 7, 87).
cost(11, 8, 62).
cost(11, 9, 60).
cost(11, 10, 53).
cost(11, 12, 61).
cost(11, 13, 72).
cost(11, 14, 30).
cost(11, 15, 56).
cost(11, 16, 21).
cost(11, 17, 24).
cost(11, 18, 70).
cost(11, 19, 31).
cost(11, 20, 79).
cost(11, 21, 28).
cost(11, 22, 70).
cost(12, 1, 16).
cost(12, 2, 14).
cost(12, 3, 53).
cost(12, 4, 40).
cost(12, 5, 60).
cost(12, 6, 76).
cost(12, 7, 63).
cost(12, 8, 82).
cost(12, 9, 49).
cost(12, 10, 41).
cost(12, 11, 61).
cost(12, 13, 85).
cost(12, 14, 32).
cost(12, 15, 68).
cost(12, 16, 77).
cost(12, 17, 67).
cost(12, 18, 64).
cost(12, 19, 71).
cost(12, 20, 17).
cost(12, 21, 44).
cost(12, 22, 78).
cost(13, 1, 90).
cost(13, 2, 92).
cost(13, 3, 39).
cost(13, 4, 59).
cost(13, 5, 86).
cost(13, 6, 91).
cost(13, 7, 46).
cost(13, 8, 12).
cost(13, 9, 37).
cost(13, 10, 44).
cost(13, 11, 72).
cost(13, 12, 85).
cost(13, 14, 72).
cost(13, 15, 19).
cost(13, 16, 62).
cost(13, 17, 49).
cost(13, 18, 26).
cost(13, 19, 43).
cost(13, 20, 95).
cost(13, 21, 53).
cost(13, 22, 8).
cost(14, 1, 25).
cost(14, 2, 46).
cost(14, 3, 55).
cost(14, 4, 53).
cost(14, 5, 30).
cost(14, 6, 45).
cost(14, 7, 70).
cost(14, 8, 65).
cost(14, 9, 45).
cost(14, 10, 37).
cost(14, 11, 30).
cost(14, 12, 32).
cost(14, 13, 72).
cost(14, 15, 53).
cost(14, 16, 46).
cost(14, 17, 39).
cost(14, 18, 60).
cost(14, 19, 44).
cost(14, 20, 49).
cost(14, 21, 20).
cost(14, 22, 67).
cost(15, 1, 72).
cost(15, 2, 76).
cost(15, 3, 29).
cost(15, 4, 47).
cost(15, 5, 69).
cost(15, 6, 76).
cost(15, 7, 42).
cost(15, 8, 15).
cost(15, 9, 23).
cost(15, 10, 27).
cost(15, 11, 56).
cost(15, 12, 68).
cost(15, 13, 19).
cost(15, 14, 53).
cost(15, 16, 49).
cost(15, 17, 35).
cost(15, 18, 20).
cost(15, 19, 30).
cost(15, 20, 79).
cost(15, 21, 34).
cost(15, 22, 15).
cost(16, 1, 70).
cost(16, 2, 90).
cost(16, 3, 72).
cost(16, 4, 82).
cost(16, 5, 35).
cost(16, 6, 32).
cost(16, 7, 88).
cost(16, 8, 50).
cost(16, 9, 61).
cost(16, 10, 57).
cost(16, 11, 21).
cost(16, 12, 77).
cost(16, 13, 62).
cost(16, 14, 46).
cost(16, 15, 49).
cost(16, 17, 15).
cost(16, 18, 68).
cost(16, 19, 19).
cost(16, 20, 94).
cost(16, 21, 36).
cost(16, 22, 62).
cost(17, 1, 64).
cost(17, 2, 80).
cost(17, 3, 57).
cost(17, 4, 68).
cost(17, 5, 40).
cost(17, 6, 42).
cost(17, 7, 73).
cost(17, 8, 38).
cost(17, 9, 46).
cost(17, 10, 43).
cost(17, 11, 24).
cost(17, 12, 67).
cost(17, 13, 49).
cost(17, 14, 39).
cost(17, 15, 35).
cost(17, 16, 15).
cost(17, 18, 53).
cost(17, 19, 7).
cost(17, 20, 84).
cost(17, 21, 24).
cost(17, 22, 48).
cost(18, 1, 73).
cost(18, 2, 69).
cost(18, 3, 13).
cost(18, 4, 34).
cost(18, 5, 82).
cost(18, 6, 91).
cost(18, 7, 23).
cost(18, 8, 30).
cost(18, 9, 16).
cost(18, 10, 24).
cost(18, 11, 70).
cost(18, 12, 64).
cost(18, 13, 26).
cost(18, 14, 60).
cost(18, 15, 20).
cost(18, 16, 68).
cost(18, 17, 53).
cost(18, 19, 49).
cost(18, 20, 72).
cost(18, 21, 44).
cost(18, 22, 18).
cost(19, 1, 68).
cost(19, 2, 83).
cost(19, 3, 55).
cost(19, 4, 68).
cost(19, 5, 46).
cost(19, 6, 48).
cost(19, 7, 70).
cost(19, 8, 32).
cost(19, 9, 45).
cost(19, 10, 43).
cost(19, 11, 31).
cost(19, 12, 71).
cost(19, 13, 43).
cost(19, 14, 44).
cost(19, 15, 30).
cost(19, 16, 19).
cost(19, 17, 7).
cost(19, 18, 49).
cost(19, 20, 87).
cost(19, 21, 27).
cost(19, 22, 43).
cost(20, 1, 30).
cost(20, 2, 4).
cost(20, 3, 60).
cost(20, 4, 42).
cost(20, 5, 77).
cost(20, 6, 93).
cost(20, 7, 66).
cost(20, 8, 94).
cost(20, 9, 58).
cost(20, 10, 52).
cost(20, 11, 79).
cost(20, 12, 17).
cost(20, 13, 95).
cost(20, 14, 49).
cost(20, 15, 79).
cost(20, 16, 94).
cost(20, 17, 84).
cost(20, 18, 72).
cost(20, 19, 87).
cost(20, 21, 60).
cost(20, 22, 88).
cost(21, 1, 42).
cost(21, 2, 56).
cost(21, 3, 43).
cost(21, 4, 48).
cost(21, 5, 38).
cost(21, 6, 49).
cost(21, 7, 59).
cost(21, 8, 45).
cost(21, 9, 32).
cost(21, 10, 25).
cost(21, 11, 28).
cost(21, 12, 44).
cost(21, 13, 53).
cost(21, 14, 20).
cost(21, 15, 34).
cost(21, 16, 36).
cost(21, 17, 24).
cost(21, 18, 44).
cost(21, 19, 27).
cost(21, 20, 60).
cost(21, 22, 49).
cost(22, 1, 84).
cost(22, 2, 85).
cost(22, 3, 31).
cost(22, 4, 52).
cost(22, 5, 84).
cost(22, 6, 90).
cost(22, 7, 39).
cost(22, 8, 15).
cost(22, 9, 30).
cost(22, 10, 37).
cost(22, 11, 70).
cost(22, 12, 78).
cost(22, 13, 8).
cost(22, 14, 67).
cost(22, 15, 15).
cost(22, 16, 62).
cost(22, 17, 48).
cost(22, 18, 18).
cost(22, 19, 43).
cost(22, 20, 88).
cost(22, 21, 49).
