dimension(22).
point(1, 22.8201155682, 65.1868119352).
point(2, 29.0631413209, 80.4680518257).
point(3, 82.2026353988, 61.4298464831).
point(4, 39.1498530922, 92.0870248746).
point(5, 83.4337421456, 47.1640620838).
point(6, 47.914449222, 95.8786567516).
point(7, 69.6784653015, 19.0464449273).
point(8, 76.8710546485, 21.7922357808).
point(9, 43.0011629557, 18.2684660845).
point(10, 43.2470166465, 24.1067506344).
point(11, 79.7363928141, 69.4812731127).
point(12, 70.3225923619, 12.3866586147).
point(13, 32.2635290025, 96.8632774394).
point(14, 87.6218564789, 10.7580284166).
point(15, 31.0243585999, 84.140348071).
point(16, 7.4994665089, 37.1010062048).
point(17, 41.268324689, 10.2163884285).
point(18, 13.4475944291, 62.2542584723).
point(19, 67.6408701913, 33.4704175872).
point(20, 28.7545357607, 58.5755920838).
point(21, 18.0791263307, 61.4311862604).
point(22, 37.1154811355, 8.5260456396).
cost(1, 2, 17).
cost(1, 3, 60).
cost(1, 4, 31).
cost(1, 5, 63).
cost(1, 6, 40).
cost(1, 7, 66).
cost(1, 8, 69).
cost(1, 9, 51).
cost(1, 10, 46).
cost(1, 11, 57).
cost(1, 12, 71).
cost(1, 13, 33).
cost(1, 14, 85).
cost(1, 15, 21).
cost(1, 16, 32).
cost(1, 17, 58).
cost(1, 18, 10).
cost(1, 19, 55).
cost(1, 20, 9).
cost(1, 21, 6).
cost(1, 22, 58).
cost(2, 1, 17).
cost(2, 3, 56).
cost(2, 4, 15).
cost(2, 5, 64).
cost(2, 6, 24).
cost(2, 7, 74).
cost(2, 8, 76).
cost(2, 9, 64).
cost(2, 10, 58).
cost(2, 11, 52).
cost(2, 12, 80).
cost(2, 13, 17).
cost(2, 14, 91).
cost(2, 15, 4).
cost(2, 16, 48).
cost(2, 17, 71).
cost(2, 18, 24).
cost(2, 19, 61).
cost(2, 20, 22).
cost(2, 21, 22).
cost(2, 22, 72).
cost(3, 1, 60).
cost(3, 2, 56).
cost(3, 4, 53).
cost(3, 5, 14).
cost(3, 6, 49).
cost(3, 7, 44).
cost(3, 8, 40).
cost(3, 9, 58).
cost(3, 10, 54).
cost(3, 11, 8).
cost(3, 12, 50).
cost(3, 13, 61).
cost(3, 14, 51).
cost(3, 15, 56).
cost(3, 16, 79).
cost(3, 17, 66).
cost(3, 18, 69).
cost(3, 19, 32).
cost(3, 20, 54).
cost(3, 21, 64).
cost(3, 22, 70).
cost(4, 1, 31).
cost(4, 2, 15).
cost(4, 3, 53).
cost(4, 5, 63).
cost(4, 6, 10).
cost(4, 7, 79).
cost(4, 8, 80).
cost(4, 9, 74).
cost(4, 10, 68).
cost(4, 11, 46).
cost(4, 12, 86).
cost(4, 13, 8).
cost(4, 14, 95).
cost(4, 15, 11).
cost(4, 16, 63).
cost(4, 17, 82).
cost(4, 18, 39).
cost(4, 19, 65).
cost(4, 20, 35).
cost(4, 21, 37).
cost(4, 22, 84).
cost(5, 1, 63).
cost(5, 2, 64).
cost(5, 3, 14).
cost(5, 4, 63).
cost(5, 6, 60).
cost(5, 7, 31).
cost(5, 8, 26).
cost(5, 9, 50).
cost(5, 10, 46).
cost(5, 11, 23).
cost(5, 12, 37).
cost(5, 13, 71).
cost(5, 14, 37).
cost(5, 15, 64).
cost(5, 16, 77).
cost(5, 17, 56).
cost(5, 18, 72).
cost(5, 19, 21).
cost(5, 20, 56).
cost(5, 21, 67).
cost(5, 22, 60).
cost(6, 1, 40).
cost(6, 2, 24).
cost(6, 3, 49).
cost(6, 4, 10).
cost(6, 5, 60).
cost(6, 7, 80).
cost(6, 8, 80).
cost(6, 9, 78).
cost(6, 10, 72).
cost(6, 11, 41).
cost(6, 12, 86).
cost(6, 13, 16).
cost(6, 14, 94).
cost(6, 15, 21).
cost(6, 16, 71).
cost(6, 17, 86).
cost(6, 18, 48).
cost(6, 19, 65).
cost(6, 20, 42).
cost(6, 21, 46).
cost(6, 22, 88).
cost(7, 1, 66).
cost(7, 2, 74).
cost(7, 3, 44).
cost(7, 4, 79).
cost(7, 5, 31).
cost(7, 6, 80).
cost(7, 8, 8).
cost(7, 9, 27).
cost(7, 10, 27).
cost(7, 11, 51).
cost(7, 12, 7).
cost(7, 13, 86).
cost(7, 14, 20).
cost(7, 15, 76).
cost(7, 16, 65).
cost(7, 17, 30).
cost(7, 18, 71).
cost(7, 19, 15).
cost(7, 20, 57).
cost(7, 21, 67).
cost(7, 22, 34).
cost(8, 1, 69).
cost(8, 2, 76).
cost(8, 3, 40).
cost(8, 4, 80).
cost(8, 5, 26).
cost(8, 6, 80).
cost(8, 7, 8).
cost(8, 9, 34).
cost(8, 10, 34).
cost(8, 11, 48).
cost(8, 12, 11).
cost(8, 13, 87).
cost(8, 14, 15).
cost(8, 15, 77).
cost(8, 16, 71).
cost(8, 17, 37).
cost(8, 18, 75).
cost(8, 19, 15).
cost(8, 20, 61).
cost(8, 21, 71).
cost(8, 22, 42).
cost(9, 1, 51).
cost(9, 2, 64).
cost(9, 3, 58).
cost(9, 4, 74).
cost(9, 5, 50).
cost(9, 6, 78).
cost(9, 7, 27).
cost(9, 8, 34).
cost(9, 10, 6).
cost(9, 11, 63).
cost(9, 12, 28).
cost(9, 13, 79).
cost(9, 14, 45).
cost(9, 15, 67).
cost(9, 16, 40).
cost(9, 17, 8).
cost(9, 18, 53).
cost(9, 19, 29).
cost(9, 20, 43).
cost(9, 21, 50).
cost(9, 22, 11).
cost(10, 1, 46).
cost(10, 2, 58).
cost(10, 3, 54).
cost(10, 4, 68).
cost(10, 5, 46).
cost(10, 6, 72).
cost(10, 7, 27).
cost(10, 8, 34).
cost(10, 9, 6).
cost(10, 11, 58).
cost(10, 12, 30).
cost(10, 13, 74).
cost(10, 14, 46).
cost(10, 15, 61).
cost(10, 16, 38).
cost(10, 17, 14).
cost(10, 18, 48).
cost(10, 19, 26).
cost(10, 20, 37).
cost(10, 21, 45).
cost(10, 22, 17).
cost(11, 1, 57).
cost(11, 2, 52).
cost(11, 3, 8).
cost(11, 4, 46).
cost(11, 5, 23).
cost(11, 6, 41).
cost(11, 7, 51).
cost(11, 8, 48).
cost(11, 9, 63).
cost(11, 10, 58).
cost(11, 12, 58).
cost(11, 13, 55).
cost(11, 14, 59).
cost(11, 15, 51).
cost(11, 16, 79).
cost(11, 17, 71).
cost(11, 18, 67).
cost(11, 19, 38).
cost(11, 20, 52).
cost(11, 21, 62).
cost(11, 22, 74).
cost(12, 1, 71).
cost(12, 2, 80).
cost(12, 3, 50).
cost(12, 4, 86).
cost(12, 5, 37).
cost(12, 6, 86).
cost(12, 7, 7).
cost(12, 8, 11).
cost(12, 9, 28).
cost(12, 10, 30).
cost(12, 11, 58).
cost(12, 13, 93).
cost(12, 14, 17).
cost(12, 15, 82).
cost(12, 16, 68).
cost(12, 17, 29).
cost(12, 18, 76).
cost(12, 19, 21).
cost(12, 20, 62).
cost(12, 21, 72).
cost(12, 22, 33).
cost(13, 1, 33).
cost(13, 2, 17).
cost(13, 3, 61).
cost(13, 4, 8).
cost(13, 5, 71).
cost(13, 6, 16).
cost(13, 7, 86).
cost(13, 8, 87).
cost(13, 9, 79).
cost(13, 10, 74).
cost(13, 11, 55).
cost(13, 12, 93).
cost(13, 14, 102).
cost(13, 15, 13).
cost(13, 16, 65).
cost(13, 17, 87).
cost(13, 18, 39).
cost(13, 19, 73).
cost(13, 20, 38).
cost(13, 21, 38).
cost(13, 22, 88).
cost(14, 1, 85).
cost(14, 2, 91).
cost(14, 3, 51).
cost(14, 4, 95).
cost(14, 5, 37).
cost(14, 6, 94).
cost(14, 7, 20).
cost(14, 8, 15).
cost(14, 9, 45).
cost(14, 10, 46).
cost(14, 11, 59).
cost(14, 12, 17).
cost(14, 13, 102).
cost(14, 15, 93).
cost(14, 16, 84).
cost(14, 17, 46).
cost(14, 18, 90).
cost(14, 19, 30).
cost(14, 20, 76).
cost(14, 21, 86).
cost(14, 22, 51).
cost(15, 1, 21).
cost(15, 2, 4).
cost(15, 3, 56).
cost(15, 4, 11).
cost(15, 5, 64).
cost(15, 6, 21).
cost(15, 7, 76).
cost(15, 8, 77).
cost(15, 9, 67).
cost(15, 10, 61).
cost(15, 11, 51).
cost(15, 12, 82).
cost(15, 13, 13).
cost(15, 14, 93).
cost(15, 16, 53).
cost(15, 17, 75).
cost(15, 18, 28).
cost(15, 19, 63).
cost(15, 20, 26).
cost(15, 21, 26).
cost(15, 22, 76).
cost(16, 1, 32).
cost(16, 2, 48).
cost(16, 3, 79).
cost(16, 4, 63).
cost(16, 5, 77).
cost(16, 6, 71).
cost(16, 7, 65).
cost(16, 8, 71).
cost(16, 9, 40).
cost(16, 10, 38).
cost(16, 11, 79).
cost(16, 12, 68).
cost(16, 13, 65).
cost(16, 14, 84).
cost(16, 15, 53).
cost(16, 17, 43).
cost(16, 18, 26).
cost(16, 19, 60).
cost(16, 20, 30).
cost(16, 21, 27).
cost(16, 22, 41).
cost(17, 1, 58).
cost(17, 2, 71).
cost(17, 3, 66).
cost(17, 4, 82).
cost(17, 5, 56).
cost(17, 6, 86).
cost(17, 7, 30).
cost(17, 8, 37).
cost(17, 9, 8).
cost(17, 10, 14).
cost(17, 11, 71).
cost(17, 12, 29).
cost(17, 13, 87).
cost(17, 14, 46).
cost(17, 15, 75).
cost(17, 16, 43).
cost(17, 18, 59).
cost(17, 19, 35).
cost(17, 20, 50).
cost(17, 21, 56).
cost(17, 22, 4).
cost(18, 1, 10).
cost(18, 2, 24).
cost(18, 3, 69).
cost(18, 4, 39).
cost(18, 5, 72).
cost(18, 6, 48).
cost(18, 7, 71).
cost(18, 8, 75).
cost(18, 9, 53).
cost(18, 10, 48).
cost(18, 11, 67).
cost(18, 12, 76).
cost(18, 13, 39).
cost(18, 14, 90).
cost(18, 15, 28).
cost(18, 16, 26).
cost(18, 17, 59).
cost(18, 19, 61).
cost(18, 20, 16).
cost(18, 21, 5).
cost(18, 22, 59).
cost(19, 1, 55).
cost(19, 2, 61).
cost(19, 3, 32).
cost(19, 4, 65).
cost(19, 5, 21).
cost(19, 6, 65).
cost(19, 7, 15).
cost(19, 8, 15).
cost(19, 9, 29).
cost(19, 10, 26).
cost(19, 11, 38).
cost(19, 12, 21).
cost(19, 13, 73).
cost(19, 14, 30).
cost(19, 15, 63).
cost(19, 16, 60).
cost(19, 17, 35).
cost(19, 18, 61).
cost(19, 20, 46).
cost(19, 21, 57).
cost(19, 22, 39).
cost(20, 1, 9).
cost(20, 2, 22).
cost(20, 3, 54).
cost(20, 4, 35).
cost(20, 5, 56).
cost(20, 6, 42).
cost(20, 7, 57).
cost(20, 8, 61).
cost(20, 9, 43).
cost(20, 10, 37).
cost(20, 11, 52).
cost(20, 12, 62).
cost(20, 13, 38).
cost(20, 14, 76).
cost(20, 15, 26).
cost(20, 16, 30).
cost(20, 17, 50).
cost(20, 18, 16).
cost(20, 19, 46).
cost(20, 21, 11).
cost(20, 22, 51).
cost(21, 1, 6).
cost(21, 2, 22).
cost(21, 3, 64).
cost(21, 4, 37).
cost(21, 5, 67).
cost(21, 6, 46).
cost(21, 7, 67).
cost(21, 8, 71).
cost(21, 9, 50).
cost(21, 10, 45).
cost(21, 11, 62).
cost(21, 12, 72).
cost(21, 13, 38).
cost(21, 14, 86).
cost(21, 15, 26).
cost(21, 16, 27).
cost(21, 17, 56).
cost(21, 18, 5).
cost(21, 19, 57).
cost(21, 20, 11).
cost(21, 22, 56).
cost(22, 1, 58).
cost(22, 2, 72).
cost(22, 3, 70).
cost(22, 4, 84).
cost(22, 5, 60).
cost(22, 6, 88).
cost(22, 7, 34).
cost(22, 8, 42).
cost(22, 9, 11).
cost(22, 10, 17).
cost(22, 11, 74).
cost(22, 12, 33).
cost(22, 13, 88).
cost(22, 14, 51).
cost(22, 15, 76).
cost(22, 16, 41).
cost(22, 17, 4).
cost(22, 18, 59).
cost(22, 19, 39).
cost(22, 20, 51).
cost(22, 21, 56).
