dimension(22).
point(1, 96.1059716628, 48.4743457658).
point(2, 12.8222180282, 50.063594238).
point(3, 77.3126223123, 93.3036618755).
point(4, 38.3181131324, 9.6817991647).
point(5, 22.4588664496, 56.7862386064).
point(6, 42.570315925, 12.2888562658).
point(7, 26.5827509668, 49.9513692391).
point(8, 2.5072178, 48.9390967802).
point(9, 33.0296665469, 42.9663511622).
point(10, 36.0701642579, 71.1247731035).
point(11, 74.3805794589, 18.9987373799).
point(12, 86.6833203106, 29.3196848027).
point(13, 49.5910085628, 21.7221561258).
point(14, 65.8325966279, 66.9242618504).
point(15, 86.6092613215, 47.2946618467).
point(16, 71.1600337053, 74.3231412439).
point(17, 82.7042205514, 74.050765707).
point(18, 14.6548858017, 50.6708619737).
point(19, 57.7116605685, 42.274706434).
point(20, 15.1581509197, 11.9683267992).
point(21, 25.2992701075, 37.6132945225).
point(22, 80.6744637642, 84.8749642195).
cost(1, 2, 83).
cost(1, 3, 49).
cost(1, 4, 70).
cost(1, 5, 74).
cost(1, 6, 65).
cost(1, 7, 70).
cost(1, 8, 94).
cost(1, 9, 63).
cost(1, 10, 64).
cost(1, 11, 37).
cost(1, 12, 21).
cost(1, 13, 54).
cost(1, 14, 35).
cost(1, 15, 10).
cost(1, 16, 36).
cost(1, 17, 29).
cost(1, 18, 81).
cost(1, 19, 39).
cost(1, 20, 89).
cost(1, 21, 72).
cost(1, 22, 40).
cost(2, 1, 83).
cost(2, 3, 78).
cost(2, 4, 48).
cost(2, 5, 12).
cost(2, 6, 48).
cost(2, 7, 14).
cost(2, 8, 10).
cost(2, 9, 21).
cost(2, 10, 31).
cost(2, 11, 69).
cost(2, 12, 77).
cost(2, 13, 46).
cost(2, 14, 56).
cost(2, 15, 74).
cost(2, 16, 63).
cost(2, 17, 74).
cost(2, 18, 2).
cost(2, 19, 46).
cost(2, 20, 38).
cost(2, 21, 18).
cost(2, 22, 76).
cost(3, 1, 49).
cost(3, 2, 78).
cost(3, 4, 92).
cost(3, 5, 66).
cost(3, 6, 88).
cost(3, 7, 67).
cost(3, 8, 87).
cost(3, 9, 67).
cost(3, 10, 47).
cost(3, 11, 74).
cost(3, 12, 65).
cost(3, 13, 77).
cost(3, 14, 29).
cost(3, 15, 47).
cost(3, 16, 20).
cost(3, 17, 20).
cost(3, 18, 76).
cost(3, 19, 55).
cost(3, 20, 102).
cost(3, 21, 76).
cost(3, 22, 9).
cost(4, 1, 70).
cost(4, 2, 48).
cost(4, 3, 92).
cost(4, 5, 50).
cost(4, 6, 5).
cost(4, 7, 42).
cost(4, 8, 53).
cost(4, 9, 34).
cost(4, 10, 61).
cost(4, 11, 37).
cost(4, 12, 52).
cost(4, 13, 16).
cost(4, 14, 64).
cost(4, 15, 61).
cost(4, 16, 73).
cost(4, 17, 78).
cost(4, 18, 47).
cost(4, 19, 38).
cost(4, 20, 23).
cost(4, 21, 31).
cost(4, 22, 86).
cost(5, 1, 74).
cost(5, 2, 12).
cost(5, 3, 66).
cost(5, 4, 50).
cost(5, 6, 49).
cost(5, 7, 8).
cost(5, 8, 21).
cost(5, 9, 17).
cost(5, 10, 20).
cost(5, 11, 64).
cost(5, 12, 70).
cost(5, 13, 44).
cost(5, 14, 45).
cost(5, 15, 65).
cost(5, 16, 52).
cost(5, 17, 63).
cost(5, 18, 10).
cost(5, 19, 38).
cost(5, 20, 45).
cost(5, 21, 19).
cost(5, 22, 65).
cost(6, 1, 65).
cost(6, 2, 48).
cost(6, 3, 88).
cost(6, 4, 5).
cost(6, 5, 49).
cost(6, 7, 41).
cost(6, 8, 54).
cost(6, 9, 32).
cost(6, 10, 59).
cost(6, 11, 33).
cost(6, 12, 47).
cost(6, 13, 12).
cost(6, 14, 59).
cost(6, 15, 56).
cost(6, 16, 68).
cost(6, 17, 74).
cost(6, 18, 47).
cost(6, 19, 34).
cost(6, 20, 27).
cost(6, 21, 31).
cost(6, 22, 82).
cost(7, 1, 70).
cost(7, 2, 14).
cost(7, 3, 67).
cost(7, 4, 42).
cost(7, 5, 8).
cost(7, 6, 41).
cost(7, 8, 24).
cost(7, 9, 10).
cost(7, 10, 23).
cost(7, 11, 57).
cost(7, 12, 64).
cost(7, 13, 36).
cost(7, 14, 43).
cost(7, 15, 60).
cost(7, 16, 51).
cost(7, 17, 61).
cost(7, 18, 12).
cost(7, 19, 32).
cost(7, 20, 40).
cost(7, 21, 12).
cost(7, 22, 64).
cost(8, 1, 94).
cost(8, 2, 10).
cost(8, 3, 87).
cost(8, 4, 53).
cost(8, 5, 21).
cost(8, 6, 54).
cost(8, 7, 24).
cost(8, 9, 31).
cost(8, 10, 40).
cost(8, 11, 78).
cost(8, 12, 86).
cost(8, 13, 54).
cost(8, 14, 66).
cost(8, 15, 84).
cost(8, 16, 73).
cost(8, 17, 84).
cost(8, 18, 12).
cost(8, 19, 56).
cost(8, 20, 39).
cost(8, 21, 25).
cost(8, 22, 86).
cost(9, 1, 63).
cost(9, 2, 21).
cost(9, 3, 67).
cost(9, 4, 34).
cost(9, 5, 17).
cost(9, 6, 32).
cost(9, 7, 10).
cost(9, 8, 31).
cost(9, 10, 28).
cost(9, 11, 48).
cost(9, 12, 55).
cost(9, 13, 27).
cost(9, 14, 41).
cost(9, 15, 54).
cost(9, 16, 49).
cost(9, 17, 59).
cost(9, 18, 20).
cost(9, 19, 25).
cost(9, 20, 36).
cost(9, 21, 9).
cost(9, 22, 63).
cost(10, 1, 64).
cost(10, 2, 31).
cost(10, 3, 47).
cost(10, 4, 61).
cost(10, 5, 20).
cost(10, 6, 59).
cost(10, 7, 23).
cost(10, 8, 40).
cost(10, 9, 28).
cost(10, 11, 65).
cost(10, 12, 66).
cost(10, 13, 51).
cost(10, 14, 30).
cost(10, 15, 56).
cost(10, 16, 35).
cost(10, 17, 47).
cost(10, 18, 30).
cost(10, 19, 36).
cost(10, 20, 63).
cost(10, 21, 35).
cost(10, 22, 47).
cost(11, 1, 37).
cost(11, 2, 69).
cost(11, 3, 74).
cost(11, 4, 37).
cost(11, 5, 64).
cost(11, 6, 33).
cost(11, 7, 57).
cost(11, 8, 78).
cost(11, 9, 48).
cost(11, 10, 65).
cost(11, 12, 16).
cost(11, 13, 25).
cost(11, 14, 49).
cost(11, 15, 31).
cost(11, 16, 55).
cost(11, 17, 56).
cost(11, 18, 68).
cost(11, 19, 29).
cost(11, 20, 60).
cost(11, 21, 52).
cost(11, 22, 66).
cost(12, 1, 21).
cost(12, 2, 77).
cost(12, 3, 65).
cost(12, 4, 52).
cost(12, 5, 70).
cost(12, 6, 47).
cost(12, 7, 64).
cost(12, 8, 86).
cost(12, 9, 55).
cost(12, 10, 66).
cost(12, 11, 16).
cost(12, 13, 38).
cost(12, 14, 43).
cost(12, 15, 18).
cost(12, 16, 48).
cost(12, 17, 45).
cost(12, 18, 75).
cost(12, 19, 32).
cost(12, 20, 74).
cost(12, 21, 62).
cost(12, 22, 56).
cost(13, 1, 54).
cost(13, 2, 46).
cost(13, 3, 77).
cost(13, 4, 16).
cost(13, 5, 44).
cost(13, 6, 12).
cost(13, 7, 36).
cost(13, 8, 54).
cost(13, 9, 27).
cost(13, 10, 51).
cost(13, 11, 25).
cost(13, 12, 38).
cost(13, 14, 48).
cost(13, 15, 45).
cost(13, 16, 57).
cost(13, 17, 62).
cost(13, 18, 45).
cost(13, 19, 22).
cost(13, 20, 36).
cost(13, 21, 29).
cost(13, 22, 70).
cost(14, 1, 35).
cost(14, 2, 56).
cost(14, 3, 29).
cost(14, 4, 64).
cost(14, 5, 45).
cost(14, 6, 59).
cost(14, 7, 43).
cost(14, 8, 66).
cost(14, 9, 41).
cost(14, 10, 30).
cost(14, 11, 49).
cost(14, 12, 43).
cost(14, 13, 48).
cost(14, 15, 29).
cost(14, 16, 9).
cost(14, 17, 18).
cost(14, 18, 54).
cost(14, 19, 26).
cost(14, 20, 75).
cost(14, 21, 50).
cost(14, 22, 23).
cost(15, 1, 10).
cost(15, 2, 74).
cost(15, 3, 47).
cost(15, 4, 61).
cost(15, 5, 65).
cost(15, 6, 56).
cost(15, 7, 60).
cost(15, 8, 84).
cost(15, 9, 54).
cost(15, 10, 56).
cost(15, 11, 31).
cost(15, 12, 18).
cost(15, 13, 45).
cost(15, 14, 29).
cost(15, 16, 31).
cost(15, 17, 27).
cost(15, 18, 72).
cost(15, 19, 29).
cost(15, 20, 80).
cost(15, 21, 62).
cost(15, 22, 38).
cost(16, 1, 36).
cost(16, 2, 63).
cost(16, 3, 20).
cost(16, 4, 73).
cost(16, 5, 52).
cost(16, 6, 68).
cost(16, 7, 51).
cost(16, 8, 73).
cost(16, 9, 49).
cost(16, 10, 35).
cost(16, 11, 55).
cost(16, 12, 48).
cost(16, 13, 57).
cost(16, 14, 9).
cost(16, 15, 31).
cost(16, 17, 12).
cost(16, 18, 61).
cost(16, 19, 35).
cost(16, 20, 84).
cost(16, 21, 59).
cost(16, 22, 14).
cost(17, 1, 29).
cost(17, 2, 74).
cost(17, 3, 20).
cost(17, 4, 78).
cost(17, 5, 63).
cost(17, 6, 74).
cost(17, 7, 61).
cost(17, 8, 84).
cost(17, 9, 59).
cost(17, 10, 47).
cost(17, 11, 56).
cost(17, 12, 45).
cost(17, 13, 62).
cost(17, 14, 18).
cost(17, 15, 27).
cost(17, 16, 12).
cost(17, 18, 72).
cost(17, 19, 40).
cost(17, 20, 92).
cost(17, 21, 68).
cost(17, 22, 11).
cost(18, 1, 81).
cost(18, 2, 2).
cost(18, 3, 76).
cost(18, 4, 47).
cost(18, 5, 10).
cost(18, 6, 47).
cost(18, 7, 12).
cost(18, 8, 12).
cost(18, 9, 20).
cost(18, 10, 30).
cost(18, 11, 68).
cost(18, 12, 75).
cost(18, 13, 45).
cost(18, 14, 54).
cost(18, 15, 72).
cost(18, 16, 61).
cost(18, 17, 72).
cost(18, 19, 44).
cost(18, 20, 39).
cost(18, 21, 17).
cost(18, 22, 74).
cost(19, 1, 39).
cost(19, 2, 46).
cost(19, 3, 55).
cost(19, 4, 38).
cost(19, 5, 38).
cost(19, 6, 34).
cost(19, 7, 32).
cost(19, 8, 56).
cost(19, 9, 25).
cost(19, 10, 36).
cost(19, 11, 29).
cost(19, 12, 32).
cost(19, 13, 22).
cost(19, 14, 26).
cost(19, 15, 29).
cost(19, 16, 35).
cost(19, 17, 40).
cost(19, 18, 44).
cost(19, 20, 52).
cost(19, 21, 33).
cost(19, 22, 48).
cost(20, 1, 89).
cost(20, 2, 38).
cost(20, 3, 102).
cost(20, 4, 23).
cost(20, 5, 45).
cost(20, 6, 27).
cost(20, 7, 40).
cost(20, 8, 39).
cost(20, 9, 36).
cost(20, 10, 63).
cost(20, 11, 60).
cost(20, 12, 74).
cost(20, 13, 36).
cost(20, 14, 75).
cost(20, 15, 80).
cost(20, 16, 84).
cost(20, 17, 92).
cost(20, 18, 39).
cost(20, 19, 52).
cost(20, 21, 28).
cost(20, 22, 98).
cost(21, 1, 72).
cost(21, 2, 18).
cost(21, 3, 76).
cost(21, 4, 31).
cost(21, 5, 19).
cost(21, 6, 31).
cost(21, 7, 12).
cost(21, 8, 25).
cost(21, 9, 9).
cost(21, 10, 35).
cost(21, 11, 52).
cost(21, 12, 62).
cost(21, 13, 29).
cost(21, 14, 50).
cost(21, 15, 62).
cost(21, 16, 59).
cost(21, 17, 68).
cost(21, 18, 17).
cost(21, 19, 33).
cost(21, 20, 28).
cost(21, 22, 73).
cost(22, 1, 40).
cost(22, 2, 76).
cost(22, 3, 9).
cost(22, 4, 86).
cost(22, 5, 65).
cost(22, 6, 82).
cost(22, 7, 64).
cost(22, 8, 86).
cost(22, 9, 63).
cost(22, 10, 47).
cost(22, 11, 66).
cost(22, 12, 56).
cost(22, 13, 70).
cost(22, 14, 23).
cost(22, 15, 38).
cost(22, 16, 14).
cost(22, 17, 11).
cost(22, 18, 74).
cost(22, 19, 48).
cost(22, 20, 98).
cost(22, 21, 73).
