dimension(22).
point(1, 43.7371428955, 22.037873103).
point(2, 20.8798954204, 81.5279416507).
point(3, 31.2083360551, 38.5481798418).
point(4, 68.7621930713, 83.1011926998).
point(5, 66.3543650515, 57.0695582173).
point(6, 32.3061272837, 93.6414412834).
point(7, 95.9284808786, 5.9042462543).
point(8, 82.6556667923, 76.9502115378).
point(9, 68.988061015, 52.2414590317).
point(10, 99.2888636678, 16.9393689105).
point(11, 75.2278879179, 34.4922102103).
point(12, 64.9778795705, 37.3153797069).
point(13, 33.9023094121, 34.5928905168).
point(14, 26.3874585351, 88.6727692179).
point(15, 89.3760736462, 18.7839090667).
point(16, 14.6366593074, 91.6396599344).
point(17, 56.4518873474, 85.7726180659).
point(18, 54.9823653713, 29.7972473063).
point(19, 79.84262809, 79.2163573297).
point(20, 78.9154893028, 4.2295837558).
point(21, 55.1743710661, 35.7185852393).
point(22, 26.2624157542, 54.1986470978).
cost(1, 2, 64).
cost(1, 3, 21).
cost(1, 4, 66).
cost(1, 5, 42).
cost(1, 6, 73).
cost(1, 7, 55).
cost(1, 8, 67).
cost(1, 9, 39).
cost(1, 10, 56).
cost(1, 11, 34).
cost(1, 12, 26).
cost(1, 13, 16).
cost(1, 14, 69).
cost(1, 15, 46).
cost(1, 16, 75).
cost(1, 17, 65).
cost(1, 18, 14).
cost(1, 19, 68).
cost(1, 20, 39).
cost(1, 21, 18).
cost(1, 22, 37).
cost(2, 1, 64).
cost(2, 3, 44).
cost(2, 4, 48).
cost(2, 5, 52).
cost(2, 6, 17).
cost(2, 7, 107).
cost(2, 8, 62).
cost(2, 9, 56).
cost(2, 10, 102).
cost(2, 11, 72).
cost(2, 12, 62).
cost(2, 13, 49).
cost(2, 14, 9).
cost(2, 15, 93).
cost(2, 16, 12).
cost(2, 17, 36).
cost(2, 18, 62).
cost(2, 19, 59).
cost(2, 20, 97).
cost(2, 21, 57).
cost(2, 22, 28).
cost(3, 1, 21).
cost(3, 2, 44).
cost(3, 4, 58).
cost(3, 5, 40).
cost(3, 6, 55).
cost(3, 7, 72).
cost(3, 8, 64).
cost(3, 9, 40).
cost(3, 10, 71).
cost(3, 11, 44).
cost(3, 12, 34).
cost(3, 13, 5).
cost(3, 14, 50).
cost(3, 15, 61).
cost(3, 16, 56).
cost(3, 17, 54).
cost(3, 18, 25).
cost(3, 19, 63).
cost(3, 20, 59).
cost(3, 21, 24).
cost(3, 22, 16).
cost(4, 1, 66).
cost(4, 2, 48).
cost(4, 3, 58).
cost(4, 5, 26).
cost(4, 6, 38).
cost(4, 7, 82).
cost(4, 8, 15).
cost(4, 9, 31).
cost(4, 10, 73).
cost(4, 11, 49).
cost(4, 12, 46).
cost(4, 13, 60).
cost(4, 14, 43).
cost(4, 15, 68).
cost(4, 16, 55).
cost(4, 17, 13).
cost(4, 18, 55).
cost(4, 19, 12).
cost(4, 20, 80).
cost(4, 21, 49).
cost(4, 22, 51).
cost(5, 1, 42).
cost(5, 2, 52).
cost(5, 3, 40).
cost(5, 4, 26).
cost(5, 6, 50).
cost(5, 7, 59).
cost(5, 8, 26).
cost(5, 9, 5).
cost(5, 10, 52).
cost(5, 11, 24).
cost(5, 12, 20).
cost(5, 13, 39).
cost(5, 14, 51).
cost(5, 15, 45).
cost(5, 16, 62).
cost(5, 17, 30).
cost(5, 18, 30).
cost(5, 19, 26).
cost(5, 20, 54).
cost(5, 21, 24).
cost(5, 22, 40).
cost(6, 1, 73).
cost(6, 2, 17).
cost(6, 3, 55).
cost(6, 4, 38).
cost(6, 5, 50).
cost(6, 7, 108).
cost(6, 8, 53).
cost(6, 9, 55).
cost(6, 10, 102).
cost(6, 11, 73).
cost(6, 12, 65).
cost(6, 13, 59).
cost(6, 14, 8).
cost(6, 15, 94).
cost(6, 16, 18).
cost(6, 17, 25).
cost(6, 18, 68).
cost(6, 19, 50).
cost(6, 20, 101).
cost(6, 21, 62).
cost(6, 22, 40).
cost(7, 1, 55).
cost(7, 2, 107).
cost(7, 3, 72).
cost(7, 4, 82).
cost(7, 5, 59).
cost(7, 6, 108).
cost(7, 8, 72).
cost(7, 9, 54).
cost(7, 10, 12).
cost(7, 11, 35).
cost(7, 12, 44).
cost(7, 13, 68).
cost(7, 14, 108).
cost(7, 15, 14).
cost(7, 16, 118).
cost(7, 17, 89).
cost(7, 18, 47).
cost(7, 19, 75).
cost(7, 20, 17).
cost(7, 21, 50).
cost(7, 22, 85).
cost(8, 1, 67).
cost(8, 2, 62).
cost(8, 3, 64).
cost(8, 4, 15).
cost(8, 5, 26).
cost(8, 6, 53).
cost(8, 7, 72).
cost(8, 9, 28).
cost(8, 10, 62).
cost(8, 11, 43).
cost(8, 12, 43).
cost(8, 13, 65).
cost(8, 14, 57).
cost(8, 15, 59).
cost(8, 16, 70).
cost(8, 17, 28).
cost(8, 18, 55).
cost(8, 19, 4).
cost(8, 20, 73).
cost(8, 21, 50).
cost(8, 22, 61).
cost(9, 1, 39).
cost(9, 2, 56).
cost(9, 3, 40).
cost(9, 4, 31).
cost(9, 5, 5).
cost(9, 6, 55).
cost(9, 7, 54).
cost(9, 8, 28).
cost(9, 10, 47).
cost(9, 11, 19).
cost(9, 12, 15).
cost(9, 13, 39).
cost(9, 14, 56).
cost(9, 15, 39).
cost(9, 16, 67).
cost(9, 17, 36).
cost(9, 18, 26).
cost(9, 19, 29).
cost(9, 20, 49).
cost(9, 21, 22).
cost(9, 22, 43).
cost(10, 1, 56).
cost(10, 2, 102).
cost(10, 3, 71).
cost(10, 4, 73).
cost(10, 5, 52).
cost(10, 6, 102).
cost(10, 7, 12).
cost(10, 8, 62).
cost(10, 9, 47).
cost(10, 11, 30).
cost(10, 12, 40).
cost(10, 13, 68).
cost(10, 14, 102).
cost(10, 15, 10).
cost(10, 16, 113).
cost(10, 17, 81).
cost(10, 18, 46).
cost(10, 19, 65).
cost(10, 20, 24).
cost(10, 21, 48).
cost(10, 22, 82).
cost(11, 1, 34).
cost(11, 2, 72).
cost(11, 3, 44).
cost(11, 4, 49).
cost(11, 5, 24).
cost(11, 6, 73).
cost(11, 7, 35).
cost(11, 8, 43).
cost(11, 9, 19).
cost(11, 10, 30).
cost(11, 12, 11).
cost(11, 13, 41).
cost(11, 14, 73).
cost(11, 15, 21).
cost(11, 16, 83).
cost(11, 17, 55).
cost(11, 18, 21).
cost(11, 19, 45).
cost(11, 20, 30).
cost(11, 21, 20).
cost(11, 22, 53).
cost(12, 1, 26).
cost(12, 2, 62).
cost(12, 3, 34).
cost(12, 4, 46).
cost(12, 5, 20).
cost(12, 6, 65).
cost(12, 7, 44).
cost(12, 8, 43).
cost(12, 9, 15).
cost(12, 10, 40).
cost(12, 11, 11).
cost(12, 13, 31).
cost(12, 14, 64).
cost(12, 15, 31).
cost(12, 16, 74).
cost(12, 17, 49).
cost(12, 18, 13).
cost(12, 19, 44).
cost(12, 20, 36).
cost(12, 21, 10).
cost(12, 22, 42).
cost(13, 1, 16).
cost(13, 2, 49).
cost(13, 3, 5).
cost(13, 4, 60).
cost(13, 5, 39).
cost(13, 6, 59).
cost(13, 7, 68).
cost(13, 8, 65).
cost(13, 9, 39).
cost(13, 10, 68).
cost(13, 11, 41).
cost(13, 12, 31).
cost(13, 14, 55).
cost(13, 15, 58).
cost(13, 16, 60).
cost(13, 17, 56).
cost(13, 18, 22).
cost(13, 19, 64).
cost(13, 20, 54).
cost(13, 21, 21).
cost(13, 22, 21).
cost(14, 1, 69).
cost(14, 2, 9).
cost(14, 3, 50).
cost(14, 4, 43).
cost(14, 5, 51).
cost(14, 6, 8).
cost(14, 7, 108).
cost(14, 8, 57).
cost(14, 9, 56).
cost(14, 10, 102).
cost(14, 11, 73).
cost(14, 12, 64).
cost(14, 13, 55).
cost(14, 15, 94).
cost(14, 16, 12).
cost(14, 17, 30).
cost(14, 18, 65).
cost(14, 19, 54).
cost(14, 20, 99).
cost(14, 21, 60).
cost(14, 22, 34).
cost(15, 1, 46).
cost(15, 2, 93).
cost(15, 3, 61).
cost(15, 4, 68).
cost(15, 5, 45).
cost(15, 6, 94).
cost(15, 7, 14).
cost(15, 8, 59).
cost(15, 9, 39).
cost(15, 10, 10).
cost(15, 11, 21).
cost(15, 12, 31).
cost(15, 13, 58).
cost(15, 14, 94).
cost(15, 16, 104).
cost(15, 17, 75).
cost(15, 18, 36).
cost(15, 19, 61).
cost(15, 20, 18).
cost(15, 21, 38).
cost(15, 22, 72).
cost(16, 1, 75).
cost(16, 2, 12).
cost(16, 3, 56).
cost(16, 4, 55).
cost(16, 5, 62).
cost(16, 6, 18).
cost(16, 7, 118).
cost(16, 8, 70).
cost(16, 9, 67).
cost(16, 10, 113).
cost(16, 11, 83).
cost(16, 12, 74).
cost(16, 13, 60).
cost(16, 14, 12).
cost(16, 15, 104).
cost(16, 17, 42).
cost(16, 18, 74).
cost(16, 19, 66).
cost(16, 20, 109).
cost(16, 21, 69).
cost(16, 22, 39).
cost(17, 1, 65).
cost(17, 2, 36).
cost(17, 3, 54).
cost(17, 4, 13).
cost(17, 5, 30).
cost(17, 6, 25).
cost(17, 7, 89).
cost(17, 8, 28).
cost(17, 9, 36).
cost(17, 10, 81).
cost(17, 11, 55).
cost(17, 12, 49).
cost(17, 13, 56).
cost(17, 14, 30).
cost(17, 15, 75).
cost(17, 16, 42).
cost(17, 18, 56).
cost(17, 19, 24).
cost(17, 20, 85).
cost(17, 21, 50).
cost(17, 22, 44).
cost(18, 1, 14).
cost(18, 2, 62).
cost(18, 3, 25).
cost(18, 4, 55).
cost(18, 5, 30).
cost(18, 6, 68).
cost(18, 7, 47).
cost(18, 8, 55).
cost(18, 9, 26).
cost(18, 10, 46).
cost(18, 11, 21).
cost(18, 12, 13).
cost(18, 13, 22).
cost(18, 14, 65).
cost(18, 15, 36).
cost(18, 16, 74).
cost(18, 17, 56).
cost(18, 19, 55).
cost(18, 20, 35).
cost(18, 21, 6).
cost(18, 22, 38).
cost(19, 1, 68).
cost(19, 2, 59).
cost(19, 3, 63).
cost(19, 4, 12).
cost(19, 5, 26).
cost(19, 6, 50).
cost(19, 7, 75).
cost(19, 8, 4).
cost(19, 9, 29).
cost(19, 10, 65).
cost(19, 11, 45).
cost(19, 12, 44).
cost(19, 13, 64).
cost(19, 14, 54).
cost(19, 15, 61).
cost(19, 16, 66).
cost(19, 17, 24).
cost(19, 18, 55).
cost(19, 20, 75).
cost(19, 21, 50).
cost(19, 22, 59).
cost(20, 1, 39).
cost(20, 2, 97).
cost(20, 3, 59).
cost(20, 4, 80).
cost(20, 5, 54).
cost(20, 6, 101).
cost(20, 7, 17).
cost(20, 8, 73).
cost(20, 9, 49).
cost(20, 10, 24).
cost(20, 11, 30).
cost(20, 12, 36).
cost(20, 13, 54).
cost(20, 14, 99).
cost(20, 15, 18).
cost(20, 16, 109).
cost(20, 17, 85).
cost(20, 18, 35).
cost(20, 19, 75).
cost(20, 21, 39).
cost(20, 22, 73).
cost(21, 1, 18).
cost(21, 2, 57).
cost(21, 3, 24).
cost(21, 4, 49).
cost(21, 5, 24).
cost(21, 6, 62).
cost(21, 7, 50).
cost(21, 8, 50).
cost(21, 9, 22).
cost(21, 10, 48).
cost(21, 11, 20).
cost(21, 12, 10).
cost(21, 13, 21).
cost(21, 14, 60).
cost(21, 15, 38).
cost(21, 16, 69).
cost(21, 17, 50).
cost(21, 18, 6).
cost(21, 19, 50).
cost(21, 20, 39).
cost(21, 22, 34).
cost(22, 1, 37).
cost(22, 2, 28).
cost(22, 3, 16).
cost(22, 4, 51).
cost(22, 5, 40).
cost(22, 6, 40).
cost(22, 7, 85).
cost(22, 8, 61).
cost(22, 9, 43).
cost(22, 10, 82).
cost(22, 11, 53).
cost(22, 12, 42).
cost(22, 13, 21).
cost(22, 14, 34).
cost(22, 15, 72).
cost(22, 16, 39).
cost(22, 17, 44).
cost(22, 18, 38).
cost(22, 19, 59).
cost(22, 20, 73).
cost(22, 21, 34).
