dimension(22).
point(1, 45.6087802398, 48.4834624507).
point(2, 42.0928604588, 14.3489144459).
point(3, 64.8743071842, 56.7494296005).
point(4, 57.0145307728, 97.6141860105).
point(5, 9.2743241466, 30.3972823109).
point(6, 97.455304566, 46.093926822).
point(7, 60.5425937044, 53.1987278932).
point(8, 83.5145376637, 50.430336773).
point(9, 66.4872442637, 36.6493118762).
point(10, 35.4531041119, 85.3535062815).
point(11, 55.8533949093, 79.8525242021).
point(12, 29.0779817159, 86.0822754675).
point(13, 56.7610152371, 39.5821695395).
point(14, 63.1744534831, 68.2675389647).
point(15, 19.6394470996, 31.7799284818).
point(16, 72.8485280774, 20.7366353939).
point(17, 64.1312830161, 69.9729208894).
point(18, 34.5806896327, 97.7526888512).
point(19, 59.2928863912, 31.9682150398).
point(20, 93.5818422199, 64.4957225101).
point(21, 35.4620468091, 6.9989748465).
point(22, 88.3426682347, 45.459190491).
cost(1, 2, 34).
cost(1, 3, 21).
cost(1, 4, 50).
cost(1, 5, 41).
cost(1, 6, 52).
cost(1, 7, 16).
cost(1, 8, 38).
cost(1, 9, 24).
cost(1, 10, 38).
cost(1, 11, 33).
cost(1, 12, 41).
cost(1, 13, 14).
cost(1, 14, 26).
cost(1, 15, 31).
cost(1, 16, 39).
cost(1, 17, 28).
cost(1, 18, 50).
cost(1, 19, 21).
cost(1, 20, 51).
cost(1, 21, 43).
cost(1, 22, 43).
cost(2, 1, 34).
cost(2, 3, 48).
cost(2, 4, 85).
cost(2, 5, 37).
cost(2, 6, 64).
cost(2, 7, 43).
cost(2, 8, 55).
cost(2, 9, 33).
cost(2, 10, 71).
cost(2, 11, 67).
cost(2, 12, 73).
cost(2, 13, 29).
cost(2, 14, 58).
cost(2, 15, 28).
cost(2, 16, 31).
cost(2, 17, 60).
cost(2, 18, 84).
cost(2, 19, 25).
cost(2, 20, 72).
cost(2, 21, 10).
cost(2, 22, 56).
cost(3, 1, 21).
cost(3, 2, 48).
cost(3, 4, 42).
cost(3, 5, 62).
cost(3, 6, 34).
cost(3, 7, 6).
cost(3, 8, 20).
cost(3, 9, 20).
cost(3, 10, 41).
cost(3, 11, 25).
cost(3, 12, 46).
cost(3, 13, 19).
cost(3, 14, 12).
cost(3, 15, 52).
cost(3, 16, 37).
cost(3, 17, 13).
cost(3, 18, 51).
cost(3, 19, 25).
cost(3, 20, 30).
cost(3, 21, 58).
cost(3, 22, 26).
cost(4, 1, 50).
cost(4, 2, 85).
cost(4, 3, 42).
cost(4, 5, 82).
cost(4, 6, 65).
cost(4, 7, 45).
cost(4, 8, 54).
cost(4, 9, 62).
cost(4, 10, 25).
cost(4, 11, 18).
cost(4, 12, 30).
cost(4, 13, 58).
cost(4, 14, 30).
cost(4, 15, 76).
cost(4, 16, 78).
cost(4, 17, 29).
cost(4, 18, 22).
cost(4, 19, 66).
cost(4, 20, 49).
cost(4, 21, 93).
cost(4, 22, 61).
cost(5, 1, 41).
cost(5, 2, 37).
cost(5, 3, 62).
cost(5, 4, 82).
cost(5, 6, 90).
cost(5, 7, 56).
cost(5, 8, 77).
cost(5, 9, 58).
cost(5, 10, 61).
cost(5, 11, 68).
cost(5, 12, 59).
cost(5, 13, 48).
cost(5, 14, 66).
cost(5, 15, 10).
cost(5, 16, 64).
cost(5, 17, 68).
cost(5, 18, 72).
cost(5, 19, 50).
cost(5, 20, 91).
cost(5, 21, 35).
cost(5, 22, 80).
cost(6, 1, 52).
cost(6, 2, 64).
cost(6, 3, 34).
cost(6, 4, 65).
cost(6, 5, 90).
cost(6, 7, 38).
cost(6, 8, 15).
cost(6, 9, 32).
cost(6, 10, 73).
cost(6, 11, 54).
cost(6, 12, 79).
cost(6, 13, 41).
cost(6, 14, 41).
cost(6, 15, 79).
cost(6, 16, 35).
cost(6, 17, 41).
cost(6, 18, 81).
cost(6, 19, 41).
cost(6, 20, 19).
cost(6, 21, 73).
cost(6, 22, 9).
cost(7, 1, 16).
cost(7, 2, 43).
cost(7, 3, 6).
cost(7, 4, 45).
cost(7, 5, 56).
cost(7, 6, 38).
cost(7, 8, 23).
cost(7, 9, 18).
cost(7, 10, 41).
cost(7, 11, 27).
cost(7, 12, 46).
cost(7, 13, 14).
cost(7, 14, 15).
cost(7, 15, 46).
cost(7, 16, 35).
cost(7, 17, 17).
cost(7, 18, 52).
cost(7, 19, 21).
cost(7, 20, 35).
cost(7, 21, 53).
cost(7, 22, 29).
cost(8, 1, 38).
cost(8, 2, 55).
cost(8, 3, 20).
cost(8, 4, 54).
cost(8, 5, 77).
cost(8, 6, 15).
cost(8, 7, 23).
cost(8, 9, 22).
cost(8, 10, 59).
cost(8, 11, 40).
cost(8, 12, 65).
cost(8, 13, 29).
cost(8, 14, 27).
cost(8, 15, 67).
cost(8, 16, 32).
cost(8, 17, 28).
cost(8, 18, 68).
cost(8, 19, 30).
cost(8, 20, 17).
cost(8, 21, 65).
cost(8, 22, 7).
cost(9, 1, 24).
cost(9, 2, 33).
cost(9, 3, 20).
cost(9, 4, 62).
cost(9, 5, 58).
cost(9, 6, 32).
cost(9, 7, 18).
cost(9, 8, 22).
cost(9, 10, 58).
cost(9, 11, 44).
cost(9, 12, 62).
cost(9, 13, 10).
cost(9, 14, 32).
cost(9, 15, 47).
cost(9, 16, 17).
cost(9, 17, 33).
cost(9, 18, 69).
cost(9, 19, 9).
cost(9, 20, 39).
cost(9, 21, 43).
cost(9, 22, 24).
cost(10, 1, 38).
cost(10, 2, 71).
cost(10, 3, 41).
cost(10, 4, 25).
cost(10, 5, 61).
cost(10, 6, 73).
cost(10, 7, 41).
cost(10, 8, 59).
cost(10, 9, 58).
cost(10, 11, 21).
cost(10, 12, 6).
cost(10, 13, 50).
cost(10, 14, 33).
cost(10, 15, 56).
cost(10, 16, 75).
cost(10, 17, 33).
cost(10, 18, 12).
cost(10, 19, 58).
cost(10, 20, 62).
cost(10, 21, 78).
cost(10, 22, 66).
cost(11, 1, 33).
cost(11, 2, 67).
cost(11, 3, 25).
cost(11, 4, 18).
cost(11, 5, 68).
cost(11, 6, 54).
cost(11, 7, 27).
cost(11, 8, 40).
cost(11, 9, 44).
cost(11, 10, 21).
cost(11, 12, 27).
cost(11, 13, 40).
cost(11, 14, 14).
cost(11, 15, 60).
cost(11, 16, 62).
cost(11, 17, 13).
cost(11, 18, 28).
cost(11, 19, 48).
cost(11, 20, 41).
cost(11, 21, 76).
cost(11, 22, 47).
cost(12, 1, 41).
cost(12, 2, 73).
cost(12, 3, 46).
cost(12, 4, 30).
cost(12, 5, 59).
cost(12, 6, 79).
cost(12, 7, 46).
cost(12, 8, 65).
cost(12, 9, 62).
cost(12, 10, 6).
cost(12, 11, 27).
cost(12, 13, 54).
cost(12, 14, 38).
cost(12, 15, 55).
cost(12, 16, 79).
cost(12, 17, 39).
cost(12, 18, 13).
cost(12, 19, 62).
cost(12, 20, 68).
cost(12, 21, 79).
cost(12, 22, 72).
cost(13, 1, 14).
cost(13, 2, 29).
cost(13, 3, 19).
cost(13, 4, 58).
cost(13, 5, 48).
cost(13, 6, 41).
cost(13, 7, 14).
cost(13, 8, 29).
cost(13, 9, 10).
cost(13, 10, 50).
cost(13, 11, 40).
cost(13, 12, 54).
cost(13, 14, 29).
cost(13, 15, 38).
cost(13, 16, 25).
cost(13, 17, 31).
cost(13, 18, 62).
cost(13, 19, 8).
cost(13, 20, 44).
cost(13, 21, 39).
cost(13, 22, 32).
cost(14, 1, 26).
cost(14, 2, 58).
cost(14, 3, 12).
cost(14, 4, 30).
cost(14, 5, 66).
cost(14, 6, 41).
cost(14, 7, 15).
cost(14, 8, 27).
cost(14, 9, 32).
cost(14, 10, 33).
cost(14, 11, 14).
cost(14, 12, 38).
cost(14, 13, 29).
cost(14, 15, 57).
cost(14, 16, 49).
cost(14, 17, 2).
cost(14, 18, 41).
cost(14, 19, 37).
cost(14, 20, 31).
cost(14, 21, 67).
cost(14, 22, 34).
cost(15, 1, 31).
cost(15, 2, 28).
cost(15, 3, 52).
cost(15, 4, 76).
cost(15, 5, 10).
cost(15, 6, 79).
cost(15, 7, 46).
cost(15, 8, 67).
cost(15, 9, 47).
cost(15, 10, 56).
cost(15, 11, 60).
cost(15, 12, 55).
cost(15, 13, 38).
cost(15, 14, 57).
cost(15, 16, 54).
cost(15, 17, 59).
cost(15, 18, 68).
cost(15, 19, 40).
cost(15, 20, 81).
cost(15, 21, 29).
cost(15, 22, 70).
cost(16, 1, 39).
cost(16, 2, 31).
cost(16, 3, 37).
cost(16, 4, 78).
cost(16, 5, 64).
cost(16, 6, 35).
cost(16, 7, 35).
cost(16, 8, 32).
cost(16, 9, 17).
cost(16, 10, 75).
cost(16, 11, 62).
cost(16, 12, 79).
cost(16, 13, 25).
cost(16, 14, 49).
cost(16, 15, 54).
cost(16, 17, 50).
cost(16, 18, 86).
cost(16, 19, 18).
cost(16, 20, 48).
cost(16, 21, 40).
cost(16, 22, 29).
cost(17, 1, 28).
cost(17, 2, 60).
cost(17, 3, 13).
cost(17, 4, 29).
cost(17, 5, 68).
cost(17, 6, 41).
cost(17, 7, 17).
cost(17, 8, 28).
cost(17, 9, 33).
cost(17, 10, 33).
cost(17, 11, 13).
cost(17, 12, 39).
cost(17, 13, 31).
cost(17, 14, 2).
cost(17, 15, 59).
cost(17, 16, 50).
cost(17, 18, 41).
cost(17, 19, 38).
cost(17, 20, 30).
cost(17, 21, 69).
cost(17, 22, 34).
cost(18, 1, 50).
cost(18, 2, 84).
cost(18, 3, 51).
cost(18, 4, 22).
cost(18, 5, 72).
cost(18, 6, 81).
cost(18, 7, 52).
cost(18, 8, 68).
cost(18, 9, 69).
cost(18, 10, 12).
cost(18, 11, 28).
cost(18, 12, 13).
cost(18, 13, 62).
cost(18, 14, 41).
cost(18, 15, 68).
cost(18, 16, 86).
cost(18, 17, 41).
cost(18, 19, 70).
cost(18, 20, 68).
cost(18, 21, 91).
cost(18, 22, 75).
cost(19, 1, 21).
cost(19, 2, 25).
cost(19, 3, 25).
cost(19, 4, 66).
cost(19, 5, 50).
cost(19, 6, 41).
cost(19, 7, 21).
cost(19, 8, 30).
cost(19, 9, 9).
cost(19, 10, 58).
cost(19, 11, 48).
cost(19, 12, 62).
cost(19, 13, 8).
cost(19, 14, 37).
cost(19, 15, 40).
cost(19, 16, 18).
cost(19, 17, 38).
cost(19, 18, 70).
cost(19, 20, 47).
cost(19, 21, 35).
cost(19, 22, 32).
cost(20, 1, 51).
cost(20, 2, 72).
cost(20, 3, 30).
cost(20, 4, 49).
cost(20, 5, 91).
cost(20, 6, 19).
cost(20, 7, 35).
cost(20, 8, 17).
cost(20, 9, 39).
cost(20, 10, 62).
cost(20, 11, 41).
cost(20, 12, 68).
cost(20, 13, 44).
cost(20, 14, 31).
cost(20, 15, 81).
cost(20, 16, 48).
cost(20, 17, 30).
cost(20, 18, 68).
cost(20, 19, 47).
cost(20, 21, 82).
cost(20, 22, 20).
cost(21, 1, 43).
cost(21, 2, 10).
cost(21, 3, 58).
cost(21, 4, 93).
cost(21, 5, 35).
cost(21, 6, 73).
cost(21, 7, 53).
cost(21, 8, 65).
cost(21, 9, 43).
cost(21, 10, 78).
cost(21, 11, 76).
cost(21, 12, 79).
cost(21, 13, 39).
cost(21, 14, 67).
cost(21, 15, 29).
cost(21, 16, 40).
cost(21, 17, 69).
cost(21, 18, 91).
cost(21, 19, 35).
cost(21, 20, 82).
cost(21, 22, 65).
cost(22, 1, 43).
cost(22, 2, 56).
cost(22, 3, 26).
cost(22, 4, 61).
cost(22, 5, 80).
cost(22, 6, 9).
cost(22, 7, 29).
cost(22, 8, 7).
cost(22, 9, 24).
cost(22, 10, 66).
cost(22, 11, 47).
cost(22, 12, 72).
cost(22, 13, 32).
cost(22, 14, 34).
cost(22, 15, 70).
cost(22, 16, 29).
cost(22, 17, 34).
cost(22, 18, 75).
cost(22, 19, 32).
cost(22, 20, 20).
cost(22, 21, 65).
