dimension(22).
point(1, 88.4584765169, 78.3045500098).
point(2, 80.3449074938, 73.6745782898).
point(3, 92.2672527337, 31.15901227).
point(4, 12.1103563466, 78.2604400592).
point(5, 4.9350632988, 66.1805859349).
point(6, 58.3102722562, 50.0739585967).
point(7, 37.8731664027, 26.9592185232).
point(8, 64.0055233604, 35.8566761225).
point(9, 31.858840066, 91.2765900794).
point(10, 35.5336757024, 51.5915978739).
point(11, 65.2717047558, 16.7742228935).
point(12, 72.0943858837, 19.579636568).
point(13, 22.7717099659, 31.7464916682).
point(14, 43.5055585509, 72.645073301).
point(15, 99.0374488354, 83.3874520347).
point(16, 36.9896260251, 56.2901530381).
point(17, 54.3147974809, 66.4900073247).
point(18, 28.8824049398, 48.7834256334).
point(19, 86.2290862457, 16.3578269001).
point(20, 19.8998572835, 17.7821403998).
point(21, 4.7956928432, 93.1337229253).
point(22, 24.8389886708, 17.3412783245).
cost(1, 2, 9).
cost(1, 3, 47).
cost(1, 4, 76).
cost(1, 5, 84).
cost(1, 6, 41).
cost(1, 7, 72).
cost(1, 8, 49).
cost(1, 9, 58).
cost(1, 10, 59).
cost(1, 11, 66).
cost(1, 12, 61).
cost(1, 13, 81).
cost(1, 14, 45).
cost(1, 15, 12).
cost(1, 16, 56).
cost(1, 17, 36).
cost(1, 18, 66).
cost(1, 19, 62).
cost(1, 20, 91).
cost(1, 21, 85).
cost(1, 22, 88).
cost(2, 1, 9).
cost(2, 3, 44).
cost(2, 4, 68).
cost(2, 5, 76).
cost(2, 6, 32).
cost(2, 7, 63).
cost(2, 8, 41).
cost(2, 9, 52).
cost(2, 10, 50).
cost(2, 11, 59).
cost(2, 12, 55).
cost(2, 13, 71).
cost(2, 14, 37).
cost(2, 15, 21).
cost(2, 16, 47).
cost(2, 17, 27).
cost(2, 18, 57).
cost(2, 19, 58).
cost(2, 20, 82).
cost(2, 21, 78).
cost(2, 22, 79).
cost(3, 1, 47).
cost(3, 2, 44).
cost(3, 4, 93).
cost(3, 5, 94).
cost(3, 6, 39).
cost(3, 7, 55).
cost(3, 8, 29).
cost(3, 9, 85).
cost(3, 10, 60).
cost(3, 11, 31).
cost(3, 12, 23).
cost(3, 13, 69).
cost(3, 14, 64).
cost(3, 15, 53).
cost(3, 16, 61).
cost(3, 17, 52).
cost(3, 18, 66).
cost(3, 19, 16).
cost(3, 20, 74).
cost(3, 21, 107).
cost(3, 22, 69).
cost(4, 1, 76).
cost(4, 2, 68).
cost(4, 3, 93).
cost(4, 5, 14).
cost(4, 6, 54).
cost(4, 7, 57).
cost(4, 8, 67).
cost(4, 9, 24).
cost(4, 10, 35).
cost(4, 11, 81).
cost(4, 12, 84).
cost(4, 13, 48).
cost(4, 14, 32).
cost(4, 15, 87).
cost(4, 16, 33).
cost(4, 17, 44).
cost(4, 18, 34).
cost(4, 19, 97).
cost(4, 20, 61).
cost(4, 21, 17).
cost(4, 22, 62).
cost(5, 1, 84).
cost(5, 2, 76).
cost(5, 3, 94).
cost(5, 4, 14).
cost(5, 6, 56).
cost(5, 7, 51).
cost(5, 8, 66).
cost(5, 9, 37).
cost(5, 10, 34).
cost(5, 11, 78).
cost(5, 12, 82).
cost(5, 13, 39).
cost(5, 14, 39).
cost(5, 15, 96).
cost(5, 16, 34).
cost(5, 17, 49).
cost(5, 18, 30).
cost(5, 19, 95).
cost(5, 20, 51).
cost(5, 21, 27).
cost(5, 22, 53).
cost(6, 1, 41).
cost(6, 2, 32).
cost(6, 3, 39).
cost(6, 4, 54).
cost(6, 5, 56).
cost(6, 7, 31).
cost(6, 8, 15).
cost(6, 9, 49).
cost(6, 10, 23).
cost(6, 11, 34).
cost(6, 12, 33).
cost(6, 13, 40).
cost(6, 14, 27).
cost(6, 15, 53).
cost(6, 16, 22).
cost(6, 17, 17).
cost(6, 18, 29).
cost(6, 19, 44).
cost(6, 20, 50).
cost(6, 21, 69).
cost(6, 22, 47).
cost(7, 1, 72).
cost(7, 2, 63).
cost(7, 3, 55).
cost(7, 4, 57).
cost(7, 5, 51).
cost(7, 6, 31).
cost(7, 8, 28).
cost(7, 9, 65).
cost(7, 10, 25).
cost(7, 11, 29).
cost(7, 12, 35).
cost(7, 13, 16).
cost(7, 14, 46).
cost(7, 15, 83).
cost(7, 16, 29).
cost(7, 17, 43).
cost(7, 18, 24).
cost(7, 19, 50).
cost(7, 20, 20).
cost(7, 21, 74).
cost(7, 22, 16).
cost(8, 1, 49).
cost(8, 2, 41).
cost(8, 3, 29).
cost(8, 4, 67).
cost(8, 5, 66).
cost(8, 6, 15).
cost(8, 7, 28).
cost(8, 9, 64).
cost(8, 10, 33).
cost(8, 11, 19).
cost(8, 12, 18).
cost(8, 13, 41).
cost(8, 14, 42).
cost(8, 15, 59).
cost(8, 16, 34).
cost(8, 17, 32).
cost(8, 18, 37).
cost(8, 19, 30).
cost(8, 20, 48).
cost(8, 21, 82).
cost(8, 22, 43).
cost(9, 1, 58).
cost(9, 2, 52).
cost(9, 3, 85).
cost(9, 4, 24).
cost(9, 5, 37).
cost(9, 6, 49).
cost(9, 7, 65).
cost(9, 8, 64).
cost(9, 10, 40).
cost(9, 11, 82).
cost(9, 12, 82).
cost(9, 13, 60).
cost(9, 14, 22).
cost(9, 15, 68).
cost(9, 16, 35).
cost(9, 17, 33).
cost(9, 18, 43).
cost(9, 19, 93).
cost(9, 20, 74).
cost(9, 21, 27).
cost(9, 22, 74).
cost(10, 1, 59).
cost(10, 2, 50).
cost(10, 3, 60).
cost(10, 4, 35).
cost(10, 5, 34).
cost(10, 6, 23).
cost(10, 7, 25).
cost(10, 8, 33).
cost(10, 9, 40).
cost(10, 11, 46).
cost(10, 12, 49).
cost(10, 13, 24).
cost(10, 14, 23).
cost(10, 15, 71).
cost(10, 16, 5).
cost(10, 17, 24).
cost(10, 18, 7).
cost(10, 19, 62).
cost(10, 20, 37).
cost(10, 21, 52).
cost(10, 22, 36).
cost(11, 1, 66).
cost(11, 2, 59).
cost(11, 3, 31).
cost(11, 4, 81).
cost(11, 5, 78).
cost(11, 6, 34).
cost(11, 7, 29).
cost(11, 8, 19).
cost(11, 9, 82).
cost(11, 10, 46).
cost(11, 12, 7).
cost(11, 13, 45).
cost(11, 14, 60).
cost(11, 15, 75).
cost(11, 16, 49).
cost(11, 17, 51).
cost(11, 18, 48).
cost(11, 19, 21).
cost(11, 20, 45).
cost(11, 21, 97).
cost(11, 22, 40).
cost(12, 1, 61).
cost(12, 2, 55).
cost(12, 3, 23).
cost(12, 4, 84).
cost(12, 5, 82).
cost(12, 6, 33).
cost(12, 7, 35).
cost(12, 8, 18).
cost(12, 9, 82).
cost(12, 10, 49).
cost(12, 11, 7).
cost(12, 13, 51).
cost(12, 14, 60).
cost(12, 15, 69).
cost(12, 16, 51).
cost(12, 17, 50).
cost(12, 18, 52).
cost(12, 19, 14).
cost(12, 20, 52).
cost(12, 21, 100).
cost(12, 22, 47).
cost(13, 1, 81).
cost(13, 2, 71).
cost(13, 3, 69).
cost(13, 4, 48).
cost(13, 5, 39).
cost(13, 6, 40).
cost(13, 7, 16).
cost(13, 8, 41).
cost(13, 9, 60).
cost(13, 10, 24).
cost(13, 11, 45).
cost(13, 12, 51).
cost(13, 14, 46).
cost(13, 15, 92).
cost(13, 16, 28).
cost(13, 17, 47).
cost(13, 18, 18).
cost(13, 19, 65).
cost(13, 20, 14).
cost(13, 21, 64).
cost(13, 22, 15).
cost(14, 1, 45).
cost(14, 2, 37).
cost(14, 3, 64).
cost(14, 4, 32).
cost(14, 5, 39).
cost(14, 6, 27).
cost(14, 7, 46).
cost(14, 8, 42).
cost(14, 9, 22).
cost(14, 10, 23).
cost(14, 11, 60).
cost(14, 12, 60).
cost(14, 13, 46).
cost(14, 15, 57).
cost(14, 16, 18).
cost(14, 17, 12).
cost(14, 18, 28).
cost(14, 19, 71).
cost(14, 20, 60).
cost(14, 21, 44).
cost(14, 22, 58).
cost(15, 1, 12).
cost(15, 2, 21).
cost(15, 3, 53).
cost(15, 4, 87).
cost(15, 5, 96).
cost(15, 6, 53).
cost(15, 7, 83).
cost(15, 8, 59).
cost(15, 9, 68).
cost(15, 10, 71).
cost(15, 11, 75).
cost(15, 12, 69).
cost(15, 13, 92).
cost(15, 14, 57).
cost(15, 16, 68).
cost(15, 17, 48).
cost(15, 18, 78).
cost(15, 19, 68).
cost(15, 20, 103).
cost(15, 21, 95).
cost(15, 22, 99).
cost(16, 1, 56).
cost(16, 2, 47).
cost(16, 3, 61).
cost(16, 4, 33).
cost(16, 5, 34).
cost(16, 6, 22).
cost(16, 7, 29).
cost(16, 8, 34).
cost(16, 9, 35).
cost(16, 10, 5).
cost(16, 11, 49).
cost(16, 12, 51).
cost(16, 13, 28).
cost(16, 14, 18).
cost(16, 15, 68).
cost(16, 17, 20).
cost(16, 18, 11).
cost(16, 19, 63).
cost(16, 20, 42).
cost(16, 21, 49).
cost(16, 22, 41).
cost(17, 1, 36).
cost(17, 2, 27).
cost(17, 3, 52).
cost(17, 4, 44).
cost(17, 5, 49).
cost(17, 6, 17).
cost(17, 7, 43).
cost(17, 8, 32).
cost(17, 9, 33).
cost(17, 10, 24).
cost(17, 11, 51).
cost(17, 12, 50).
cost(17, 13, 47).
cost(17, 14, 12).
cost(17, 15, 48).
cost(17, 16, 20).
cost(17, 18, 31).
cost(17, 19, 59).
cost(17, 20, 60).
cost(17, 21, 56).
cost(17, 22, 57).
cost(18, 1, 66).
cost(18, 2, 57).
cost(18, 3, 66).
cost(18, 4, 34).
cost(18, 5, 30).
cost(18, 6, 29).
cost(18, 7, 24).
cost(18, 8, 37).
cost(18, 9, 43).
cost(18, 10, 7).
cost(18, 11, 48).
cost(18, 12, 52).
cost(18, 13, 18).
cost(18, 14, 28).
cost(18, 15, 78).
cost(18, 16, 11).
cost(18, 17, 31).
cost(18, 19, 66).
cost(18, 20, 32).
cost(18, 21, 50).
cost(18, 22, 32).
cost(19, 1, 62).
cost(19, 2, 58).
cost(19, 3, 16).
cost(19, 4, 97).
cost(19, 5, 95).
cost(19, 6, 44).
cost(19, 7, 50).
cost(19, 8, 30).
cost(19, 9, 93).
cost(19, 10, 62).
cost(19, 11, 21).
cost(19, 12, 14).
cost(19, 13, 65).
cost(19, 14, 71).
cost(19, 15, 68).
cost(19, 16, 63).
cost(19, 17, 59).
cost(19, 18, 66).
cost(19, 20, 66).
cost(19, 21, 112).
cost(19, 22, 61).
cost(20, 1, 91).
cost(20, 2, 82).
cost(20, 3, 74).
cost(20, 4, 61).
cost(20, 5, 51).
cost(20, 6, 50).
cost(20, 7, 20).
cost(20, 8, 48).
cost(20, 9, 74).
cost(20, 10, 37).
cost(20, 11, 45).
cost(20, 12, 52).
cost(20, 13, 14).
cost(20, 14, 60).
cost(20, 15, 103).
cost(20, 16, 42).
cost(20, 17, 60).
cost(20, 18, 32).
cost(20, 19, 66).
cost(20, 21, 77).
cost(20, 22, 5).
cost(21, 1, 85).
cost(21, 2, 78).
cost(21, 3, 107).
cost(21, 4, 17).
cost(21, 5, 27).
cost(21, 6, 69).
cost(21, 7, 74).
cost(21, 8, 82).
cost(21, 9, 27).
cost(21, 10, 52).
cost(21, 11, 97).
cost(21, 12, 100).
cost(21, 13, 64).
cost(21, 14, 44).
cost(21, 15, 95).
cost(21, 16, 49).
cost(21, 17, 56).
cost(21, 18, 50).
cost(21, 19, 112).
cost(21, 20, 77).
cost(21, 22, 78).
cost(22, 1, 88).
cost(22, 2, 79).
cost(22, 3, 69).
cost(22, 4, 62).
cost(22, 5, 53).
cost(22, 6, 47).
cost(22, 7, 16).
cost(22, 8, 43).
cost(22, 9, 74).
cost(22, 10, 36).
cost(22, 11, 40).
cost(22, 12, 47).
cost(22, 13, 15).
cost(22, 14, 58).
cost(22, 15, 99).
cost(22, 16, 41).
cost(22, 17, 57).
cost(22, 18, 32).
cost(22, 19, 61).
cost(22, 20, 5).
cost(22, 21, 78).
