dimension(22).
point(1, 51.5669595858, 38.6602053891).
point(2, 85.3144391063, 31.5879670163).
point(3, 48.5439632728, 59.2009886005).
point(4, 26.7207694896, 8.6278839478).
point(5, 95.2969471524, 11.6496280597).
point(6, 39.7103117267, 89.145570231).
point(7, 81.5972702947, 11.0381807775).
point(8, 14.731140887, 7.1023604343).
point(9, 90.6137794311, 18.5397887458).
point(10, 27.8315915279, 73.552562304).
point(11, 40.5461407563, 49.9256861042).
point(12, 70.5149292347, 65.8888798318).
point(13, 57.4228987028, 77.7949352024).
point(14, 16.8312524688, 88.3378497626).
point(15, 73.7560147226, 46.5779223032).
point(16, 10.5162389407, 21.6216957633).
point(17, 6.3424205891, 16.2923905141).
point(18, 53.9869374528, 32.7376911902).
point(19, 16.9674682168, 3.6076843122).
point(20, 22.3651542678, 85.121744792).
point(21, 10.6238588233, 34.1885649046).
point(22, 57.3140570284, 68.4355626555).
cost(1, 2, 34).
cost(1, 3, 21).
cost(1, 4, 39).
cost(1, 5, 51).
cost(1, 6, 52).
cost(1, 7, 41).
cost(1, 8, 49).
cost(1, 9, 44).
cost(1, 10, 42).
cost(1, 11, 16).
cost(1, 12, 33).
cost(1, 13, 40).
cost(1, 14, 61).
cost(1, 15, 24).
cost(1, 16, 44).
cost(1, 17, 50).
cost(1, 18, 6).
cost(1, 19, 49).
cost(1, 20, 55).
cost(1, 21, 41).
cost(1, 22, 30).
cost(2, 1, 34).
cost(2, 3, 46).
cost(2, 4, 63).
cost(2, 5, 22).
cost(2, 6, 73).
cost(2, 7, 21).
cost(2, 8, 75).
cost(2, 9, 14).
cost(2, 10, 71).
cost(2, 11, 48).
cost(2, 12, 37).
cost(2, 13, 54).
cost(2, 14, 89).
cost(2, 15, 19).
cost(2, 16, 75).
cost(2, 17, 80).
cost(2, 18, 31).
cost(2, 19, 74).
cost(2, 20, 83).
cost(2, 21, 75).
cost(2, 22, 46).
cost(3, 1, 21).
cost(3, 2, 46).
cost(3, 4, 55).
cost(3, 5, 67).
cost(3, 6, 31).
cost(3, 7, 58).
cost(3, 8, 62).
cost(3, 9, 59).
cost(3, 10, 25).
cost(3, 11, 12).
cost(3, 12, 23).
cost(3, 13, 21).
cost(3, 14, 43).
cost(3, 15, 28).
cost(3, 16, 53).
cost(3, 17, 60).
cost(3, 18, 27).
cost(3, 19, 64).
cost(3, 20, 37).
cost(3, 21, 45).
cost(3, 22, 13).
cost(4, 1, 39).
cost(4, 2, 63).
cost(4, 3, 55).
cost(4, 5, 69).
cost(4, 6, 82).
cost(4, 7, 55).
cost(4, 8, 12).
cost(4, 9, 65).
cost(4, 10, 65).
cost(4, 11, 44).
cost(4, 12, 72).
cost(4, 13, 76).
cost(4, 14, 80).
cost(4, 15, 60).
cost(4, 16, 21).
cost(4, 17, 22).
cost(4, 18, 36).
cost(4, 19, 11).
cost(4, 20, 77).
cost(4, 21, 30).
cost(4, 22, 67).
cost(5, 1, 51).
cost(5, 2, 22).
cost(5, 3, 67).
cost(5, 4, 69).
cost(5, 6, 95).
cost(5, 7, 14).
cost(5, 8, 81).
cost(5, 9, 8).
cost(5, 10, 92).
cost(5, 11, 67).
cost(5, 12, 60).
cost(5, 13, 76).
cost(5, 14, 110).
cost(5, 15, 41).
cost(5, 16, 85).
cost(5, 17, 89).
cost(5, 18, 46).
cost(5, 19, 79).
cost(5, 20, 104).
cost(5, 21, 88).
cost(5, 22, 68).
cost(6, 1, 52).
cost(6, 2, 73).
cost(6, 3, 31).
cost(6, 4, 82).
cost(6, 5, 95).
cost(6, 7, 89).
cost(6, 8, 86).
cost(6, 9, 87).
cost(6, 10, 20).
cost(6, 11, 39).
cost(6, 12, 39).
cost(6, 13, 21).
cost(6, 14, 23).
cost(6, 15, 55).
cost(6, 16, 74).
cost(6, 17, 80).
cost(6, 18, 58).
cost(6, 19, 89).
cost(6, 20, 18).
cost(6, 21, 62).
cost(6, 22, 27).
cost(7, 1, 41).
cost(7, 2, 21).
cost(7, 3, 58).
cost(7, 4, 55).
cost(7, 5, 14).
cost(7, 6, 89).
cost(7, 8, 67).
cost(7, 9, 12).
cost(7, 10, 82).
cost(7, 11, 57).
cost(7, 12, 56).
cost(7, 13, 71).
cost(7, 14, 101).
cost(7, 15, 36).
cost(7, 16, 72).
cost(7, 17, 75).
cost(7, 18, 35).
cost(7, 19, 65).
cost(7, 20, 95).
cost(7, 21, 75).
cost(7, 22, 62).
cost(8, 1, 49).
cost(8, 2, 75).
cost(8, 3, 62).
cost(8, 4, 12).
cost(8, 5, 81).
cost(8, 6, 86).
cost(8, 7, 67).
cost(8, 9, 77).
cost(8, 10, 68).
cost(8, 11, 50).
cost(8, 12, 81).
cost(8, 13, 83).
cost(8, 14, 81).
cost(8, 15, 71).
cost(8, 16, 15).
cost(8, 17, 12).
cost(8, 18, 47).
cost(8, 19, 4).
cost(8, 20, 78).
cost(8, 21, 27).
cost(8, 22, 75).
cost(9, 1, 44).
cost(9, 2, 14).
cost(9, 3, 59).
cost(9, 4, 65).
cost(9, 5, 8).
cost(9, 6, 87).
cost(9, 7, 12).
cost(9, 8, 77).
cost(9, 10, 83).
cost(9, 11, 59).
cost(9, 12, 51).
cost(9, 13, 68).
cost(9, 14, 102).
cost(9, 15, 33).
cost(9, 16, 80).
cost(9, 17, 84).
cost(9, 18, 39).
cost(9, 19, 75).
cost(9, 20, 95).
cost(9, 21, 82).
cost(9, 22, 60).
cost(10, 1, 42).
cost(10, 2, 71).
cost(10, 3, 25).
cost(10, 4, 65).
cost(10, 5, 92).
cost(10, 6, 20).
cost(10, 7, 82).
cost(10, 8, 68).
cost(10, 9, 83).
cost(10, 11, 27).
cost(10, 12, 43).
cost(10, 13, 30).
cost(10, 14, 18).
cost(10, 15, 53).
cost(10, 16, 55).
cost(10, 17, 61).
cost(10, 18, 48).
cost(10, 19, 71).
cost(10, 20, 13).
cost(10, 21, 43).
cost(10, 22, 30).
cost(11, 1, 16).
cost(11, 2, 48).
cost(11, 3, 12).
cost(11, 4, 44).
cost(11, 5, 67).
cost(11, 6, 39).
cost(11, 7, 57).
cost(11, 8, 50).
cost(11, 9, 59).
cost(11, 10, 27).
cost(11, 12, 34).
cost(11, 13, 33).
cost(11, 14, 45).
cost(11, 15, 33).
cost(11, 16, 41).
cost(11, 17, 48).
cost(11, 18, 22).
cost(11, 19, 52).
cost(11, 20, 40).
cost(11, 21, 34).
cost(11, 22, 25).
cost(12, 1, 33).
cost(12, 2, 37).
cost(12, 3, 23).
cost(12, 4, 72).
cost(12, 5, 60).
cost(12, 6, 39).
cost(12, 7, 56).
cost(12, 8, 81).
cost(12, 9, 51).
cost(12, 10, 43).
cost(12, 11, 34).
cost(12, 13, 18).
cost(12, 14, 58).
cost(12, 15, 20).
cost(12, 16, 75).
cost(12, 17, 81).
cost(12, 18, 37).
cost(12, 19, 82).
cost(12, 20, 52).
cost(12, 21, 68).
cost(12, 22, 13).
cost(13, 1, 40).
cost(13, 2, 54).
cost(13, 3, 21).
cost(13, 4, 76).
cost(13, 5, 76).
cost(13, 6, 21).
cost(13, 7, 71).
cost(13, 8, 83).
cost(13, 9, 68).
cost(13, 10, 30).
cost(13, 11, 33).
cost(13, 12, 18).
cost(13, 14, 42).
cost(13, 15, 35).
cost(13, 16, 73).
cost(13, 17, 80).
cost(13, 18, 45).
cost(13, 19, 85).
cost(13, 20, 36).
cost(13, 21, 64).
cost(13, 22, 9).
cost(14, 1, 61).
cost(14, 2, 89).
cost(14, 3, 43).
cost(14, 4, 80).
cost(14, 5, 110).
cost(14, 6, 23).
cost(14, 7, 101).
cost(14, 8, 81).
cost(14, 9, 102).
cost(14, 10, 18).
cost(14, 11, 45).
cost(14, 12, 58).
cost(14, 13, 42).
cost(14, 15, 71).
cost(14, 16, 67).
cost(14, 17, 73).
cost(14, 18, 67).
cost(14, 19, 85).
cost(14, 20, 6).
cost(14, 21, 55).
cost(14, 22, 45).
cost(15, 1, 24).
cost(15, 2, 19).
cost(15, 3, 28).
cost(15, 4, 60).
cost(15, 5, 41).
cost(15, 6, 55).
cost(15, 7, 36).
cost(15, 8, 71).
cost(15, 9, 33).
cost(15, 10, 53).
cost(15, 11, 33).
cost(15, 12, 20).
cost(15, 13, 35).
cost(15, 14, 71).
cost(15, 16, 68).
cost(15, 17, 74).
cost(15, 18, 24).
cost(15, 19, 71).
cost(15, 20, 64).
cost(15, 21, 64).
cost(15, 22, 27).
cost(16, 1, 44).
cost(16, 2, 75).
cost(16, 3, 53).
cost(16, 4, 21).
cost(16, 5, 85).
cost(16, 6, 74).
cost(16, 7, 72).
cost(16, 8, 15).
cost(16, 9, 80).
cost(16, 10, 55).
cost(16, 11, 41).
cost(16, 12, 75).
cost(16, 13, 73).
cost(16, 14, 67).
cost(16, 15, 68).
cost(16, 17, 7).
cost(16, 18, 45).
cost(16, 19, 19).
cost(16, 20, 65).
cost(16, 21, 13).
cost(16, 22, 66).
cost(17, 1, 50).
cost(17, 2, 80).
cost(17, 3, 60).
cost(17, 4, 22).
cost(17, 5, 89).
cost(17, 6, 80).
cost(17, 7, 75).
cost(17, 8, 12).
cost(17, 9, 84).
cost(17, 10, 61).
cost(17, 11, 48).
cost(17, 12, 81).
cost(17, 13, 80).
cost(17, 14, 73).
cost(17, 15, 74).
cost(17, 16, 7).
cost(17, 18, 50).
cost(17, 19, 17).
cost(17, 20, 71).
cost(17, 21, 18).
cost(17, 22, 73).
cost(18, 1, 6).
cost(18, 2, 31).
cost(18, 3, 27).
cost(18, 4, 36).
cost(18, 5, 46).
cost(18, 6, 58).
cost(18, 7, 35).
cost(18, 8, 47).
cost(18, 9, 39).
cost(18, 10, 48).
cost(18, 11, 22).
cost(18, 12, 37).
cost(18, 13, 45).
cost(18, 14, 67).
cost(18, 15, 24).
cost(18, 16, 45).
cost(18, 17, 50).
cost(18, 19, 47).
cost(18, 20, 61).
cost(18, 21, 43).
cost(18, 22, 36).
cost(19, 1, 49).
cost(19, 2, 74).
cost(19, 3, 64).
cost(19, 4, 11).
cost(19, 5, 79).
cost(19, 6, 89).
cost(19, 7, 65).
cost(19, 8, 4).
cost(19, 9, 75).
cost(19, 10, 71).
cost(19, 11, 52).
cost(19, 12, 82).
cost(19, 13, 85).
cost(19, 14, 85).
cost(19, 15, 71).
cost(19, 16, 19).
cost(19, 17, 17).
cost(19, 18, 47).
cost(19, 20, 82).
cost(19, 21, 31).
cost(19, 22, 76).
cost(20, 1, 55).
cost(20, 2, 83).
cost(20, 3, 37).
cost(20, 4, 77).
cost(20, 5, 104).
cost(20, 6, 18).
cost(20, 7, 95).
cost(20, 8, 78).
cost(20, 9, 95).
cost(20, 10, 13).
cost(20, 11, 40).
cost(20, 12, 52).
cost(20, 13, 36).
cost(20, 14, 6).
cost(20, 15, 64).
cost(20, 16, 65).
cost(20, 17, 71).
cost(20, 18, 61).
cost(20, 19, 82).
cost(20, 21, 52).
cost(20, 22, 39).
cost(21, 1, 41).
cost(21, 2, 75).
cost(21, 3, 45).
cost(21, 4, 30).
cost(21, 5, 88).
cost(21, 6, 62).
cost(21, 7, 75).
cost(21, 8, 27).
cost(21, 9, 82).
cost(21, 10, 43).
cost(21, 11, 34).
cost(21, 12, 68).
cost(21, 13, 64).
cost(21, 14, 55).
cost(21, 15, 64).
cost(21, 16, 13).
cost(21, 17, 18).
cost(21, 18, 43).
cost(21, 19, 31).
cost(21, 20, 52).
cost(21, 22, 58).
cost(22, 1, 30).
cost(22, 2, 46).
cost(22, 3, 13).
cost(22, 4, 67).
cost(22, 5, 68).
cost(22, 6, 27).
cost(22, 7, 62).
cost(22, 8, 75).
cost(22, 9, 60).
cost(22, 10, 30).
cost(22, 11, 25).
cost(22, 12, 13).
cost(22, 13, 9).
cost(22, 14, 45).
cost(22, 15, 27).
cost(22, 16, 66).
cost(22, 17, 73).
cost(22, 18, 36).
cost(22, 19, 76).
cost(22, 20, 39).
cost(22, 21, 58).
