dimension(22).
point(1, 34.4952142342, 63.2525583517).
point(2, 19.400808318, 8.0118490116).
point(3, 68.6413929991, 23.3647575275).
point(4, 51.5144175035, 73.3313793784).
point(5, 61.2082424098, 15.4736808982).
point(6, 95.7786453118, 64.6833426113).
point(7, 30.8266457918, 60.5764524003).
point(8, 86.1059901815, 29.2844601452).
point(9, 86.4851827232, 42.7555990579).
point(10, 21.9720068597, 20.160646164).
point(11, 46.5198402379, 34.4579830926).
point(12, 29.4745264389, 9.8670167906).
point(13, 65.618832172, 90.2967764213).
point(14, 65.4479052023, 24.5214496462).
point(15, 39.9328072882, 78.5985522126).
point(16, 90.7444818539, 63.34885086).
point(17, 20.2653024314, 60.898972676).
point(18, 25.4569580886, 94.1908983272).
point(19, 44.1197100017, 48.6933054593).
point(20, 22.7238778934, 41.1160354274).
point(21, 6.599399905, 27.5491077711).
point(22, 54.543958171, 22.5776545011).
cost(1, 2, 57).
cost(1, 3, 53).
cost(1, 4, 20).
cost(1, 5, 55).
cost(1, 6, 61).
cost(1, 7, 5).
cost(1, 8, 62).
cost(1, 9, 56).
cost(1, 10, 45).
cost(1, 11, 31).
cost(1, 12, 54).
cost(1, 13, 41).
cost(1, 14, 50).
cost(1, 15, 16).
cost(1, 16, 56).
cost(1, 17, 14).
cost(1, 18, 32).
cost(1, 19, 17).
cost(1, 20, 25).
cost(1, 21, 45).
cost(1, 22, 45).
cost(2, 1, 57).
cost(2, 3, 52).
cost(2, 4, 73).
cost(2, 5, 42).
cost(2, 6, 95).
cost(2, 7, 54).
cost(2, 8, 70).
cost(2, 9, 76).
cost(2, 10, 12).
cost(2, 11, 38).
cost(2, 12, 10).
cost(2, 13, 94).
cost(2, 14, 49).
cost(2, 15, 74).
cost(2, 16, 90).
cost(2, 17, 53).
cost(2, 18, 86).
cost(2, 19, 48).
cost(2, 20, 33).
cost(2, 21, 23).
cost(2, 22, 38).
cost(3, 1, 53).
cost(3, 2, 52).
cost(3, 4, 53).
cost(3, 5, 11).
cost(3, 6, 49).
cost(3, 7, 53).
cost(3, 8, 18).
cost(3, 9, 26).
cost(3, 10, 47).
cost(3, 11, 25).
cost(3, 12, 41).
cost(3, 13, 67).
cost(3, 14, 3).
cost(3, 15, 62).
cost(3, 16, 46).
cost(3, 17, 61).
cost(3, 18, 83).
cost(3, 19, 35).
cost(3, 20, 49).
cost(3, 21, 62).
cost(3, 22, 14).
cost(4, 1, 20).
cost(4, 2, 73).
cost(4, 3, 53).
cost(4, 5, 59).
cost(4, 6, 45).
cost(4, 7, 24).
cost(4, 8, 56).
cost(4, 9, 46).
cost(4, 10, 61).
cost(4, 11, 39).
cost(4, 12, 67).
cost(4, 13, 22).
cost(4, 14, 51).
cost(4, 15, 13).
cost(4, 16, 40).
cost(4, 17, 34).
cost(4, 18, 33).
cost(4, 19, 26).
cost(4, 20, 43).
cost(4, 21, 64).
cost(4, 22, 51).
cost(5, 1, 55).
cost(5, 2, 42).
cost(5, 3, 11).
cost(5, 4, 59).
cost(5, 6, 60).
cost(5, 7, 54).
cost(5, 8, 28).
cost(5, 9, 37).
cost(5, 10, 40).
cost(5, 11, 24).
cost(5, 12, 32).
cost(5, 13, 75).
cost(5, 14, 10).
cost(5, 15, 67).
cost(5, 16, 56).
cost(5, 17, 61).
cost(5, 18, 86).
cost(5, 19, 37).
cost(5, 20, 46).
cost(5, 21, 56).
cost(5, 22, 10).
cost(6, 1, 61).
cost(6, 2, 95).
cost(6, 3, 49).
cost(6, 4, 45).
cost(6, 5, 60).
cost(6, 7, 65).
cost(6, 8, 37).
cost(6, 9, 24).
cost(6, 10, 86).
cost(6, 11, 58).
cost(6, 12, 86).
cost(6, 13, 40).
cost(6, 14, 50).
cost(6, 15, 58).
cost(6, 16, 5).
cost(6, 17, 76).
cost(6, 18, 76).
cost(6, 19, 54).
cost(6, 20, 77).
cost(6, 21, 97).
cost(6, 22, 59).
cost(7, 1, 5).
cost(7, 2, 54).
cost(7, 3, 53).
cost(7, 4, 24).
cost(7, 5, 54).
cost(7, 6, 65).
cost(7, 8, 64).
cost(7, 9, 58).
cost(7, 10, 41).
cost(7, 11, 30).
cost(7, 12, 51).
cost(7, 13, 46).
cost(7, 14, 50).
cost(7, 15, 20).
cost(7, 16, 60).
cost(7, 17, 11).
cost(7, 18, 34).
cost(7, 19, 18).
cost(7, 20, 21).
cost(7, 21, 41).
cost(7, 22, 45).
cost(8, 1, 62).
cost(8, 2, 70).
cost(8, 3, 18).
cost(8, 4, 56).
cost(8, 5, 28).
cost(8, 6, 37).
cost(8, 7, 64).
cost(8, 9, 13).
cost(8, 10, 65).
cost(8, 11, 40).
cost(8, 12, 60).
cost(8, 13, 64).
cost(8, 14, 21).
cost(8, 15, 68).
cost(8, 16, 34).
cost(8, 17, 73).
cost(8, 18, 89).
cost(8, 19, 46).
cost(8, 20, 64).
cost(8, 21, 80).
cost(8, 22, 32).
cost(9, 1, 56).
cost(9, 2, 76).
cost(9, 3, 26).
cost(9, 4, 46).
cost(9, 5, 37).
cost(9, 6, 24).
cost(9, 7, 58).
cost(9, 8, 13).
cost(9, 10, 68).
cost(9, 11, 41).
cost(9, 12, 66).
cost(9, 13, 52).
cost(9, 14, 28).
cost(9, 15, 59).
cost(9, 16, 21).
cost(9, 17, 69).
cost(9, 18, 80).
cost(9, 19, 43).
cost(9, 20, 64).
cost(9, 21, 81).
cost(9, 22, 38).
cost(10, 1, 45).
cost(10, 2, 12).
cost(10, 3, 47).
cost(10, 4, 61).
cost(10, 5, 40).
cost(10, 6, 86).
cost(10, 7, 41).
cost(10, 8, 65).
cost(10, 9, 68).
cost(10, 11, 28).
cost(10, 12, 13).
cost(10, 13, 83).
cost(10, 14, 44).
cost(10, 15, 61).
cost(10, 16, 81).
cost(10, 17, 41).
cost(10, 18, 74).
cost(10, 19, 36).
cost(10, 20, 21).
cost(10, 21, 17).
cost(10, 22, 33).
cost(11, 1, 31).
cost(11, 2, 38).
cost(11, 3, 25).
cost(11, 4, 39).
cost(11, 5, 24).
cost(11, 6, 58).
cost(11, 7, 30).
cost(11, 8, 40).
cost(11, 9, 41).
cost(11, 10, 28).
cost(11, 12, 30).
cost(11, 13, 59).
cost(11, 14, 21).
cost(11, 15, 45).
cost(11, 16, 53).
cost(11, 17, 37).
cost(11, 18, 63).
cost(11, 19, 14).
cost(11, 20, 25).
cost(11, 21, 41).
cost(11, 22, 14).
cost(12, 1, 54).
cost(12, 2, 10).
cost(12, 3, 41).
cost(12, 4, 67).
cost(12, 5, 32).
cost(12, 6, 86).
cost(12, 7, 51).
cost(12, 8, 60).
cost(12, 9, 66).
cost(12, 10, 13).
cost(12, 11, 30).
cost(12, 13, 88).
cost(12, 14, 39).
cost(12, 15, 70).
cost(12, 16, 81).
cost(12, 17, 52).
cost(12, 18, 84).
cost(12, 19, 41).
cost(12, 20, 32).
cost(12, 21, 29).
cost(12, 22, 28).
cost(13, 1, 41).
cost(13, 2, 94).
cost(13, 3, 67).
cost(13, 4, 22).
cost(13, 5, 75).
cost(13, 6, 40).
cost(13, 7, 46).
cost(13, 8, 64).
cost(13, 9, 52).
cost(13, 10, 83).
cost(13, 11, 59).
cost(13, 12, 88).
cost(13, 14, 66).
cost(13, 15, 28).
cost(13, 16, 37).
cost(13, 17, 54).
cost(13, 18, 40).
cost(13, 19, 47).
cost(13, 20, 65).
cost(13, 21, 86).
cost(13, 22, 69).
cost(14, 1, 50).
cost(14, 2, 49).
cost(14, 3, 3).
cost(14, 4, 51).
cost(14, 5, 10).
cost(14, 6, 50).
cost(14, 7, 50).
cost(14, 8, 21).
cost(14, 9, 28).
cost(14, 10, 44).
cost(14, 11, 21).
cost(14, 12, 39).
cost(14, 13, 66).
cost(14, 15, 60).
cost(14, 16, 46).
cost(14, 17, 58).
cost(14, 18, 80).
cost(14, 19, 32).
cost(14, 20, 46).
cost(14, 21, 59).
cost(14, 22, 11).
cost(15, 1, 16).
cost(15, 2, 74).
cost(15, 3, 62).
cost(15, 4, 13).
cost(15, 5, 67).
cost(15, 6, 58).
cost(15, 7, 20).
cost(15, 8, 68).
cost(15, 9, 59).
cost(15, 10, 61).
cost(15, 11, 45).
cost(15, 12, 70).
cost(15, 13, 28).
cost(15, 14, 60).
cost(15, 16, 53).
cost(15, 17, 26).
cost(15, 18, 21).
cost(15, 19, 30).
cost(15, 20, 41).
cost(15, 21, 61).
cost(15, 22, 58).
cost(16, 1, 56).
cost(16, 2, 90).
cost(16, 3, 46).
cost(16, 4, 40).
cost(16, 5, 56).
cost(16, 6, 5).
cost(16, 7, 60).
cost(16, 8, 34).
cost(16, 9, 21).
cost(16, 10, 81).
cost(16, 11, 53).
cost(16, 12, 81).
cost(16, 13, 37).
cost(16, 14, 46).
cost(16, 15, 53).
cost(16, 17, 71).
cost(16, 18, 72).
cost(16, 19, 49).
cost(16, 20, 72).
cost(16, 21, 91).
cost(16, 22, 55).
cost(17, 1, 14).
cost(17, 2, 53).
cost(17, 3, 61).
cost(17, 4, 34).
cost(17, 5, 61).
cost(17, 6, 76).
cost(17, 7, 11).
cost(17, 8, 73).
cost(17, 9, 69).
cost(17, 10, 41).
cost(17, 11, 37).
cost(17, 12, 52).
cost(17, 13, 54).
cost(17, 14, 58).
cost(17, 15, 26).
cost(17, 16, 71).
cost(17, 18, 34).
cost(17, 19, 27).
cost(17, 20, 20).
cost(17, 21, 36).
cost(17, 22, 51).
cost(18, 1, 32).
cost(18, 2, 86).
cost(18, 3, 83).
cost(18, 4, 33).
cost(18, 5, 86).
cost(18, 6, 76).
cost(18, 7, 34).
cost(18, 8, 89).
cost(18, 9, 80).
cost(18, 10, 74).
cost(18, 11, 63).
cost(18, 12, 84).
cost(18, 13, 40).
cost(18, 14, 80).
cost(18, 15, 21).
cost(18, 16, 72).
cost(18, 17, 34).
cost(18, 19, 49).
cost(18, 20, 53).
cost(18, 21, 69).
cost(18, 22, 77).
cost(19, 1, 17).
cost(19, 2, 48).
cost(19, 3, 35).
cost(19, 4, 26).
cost(19, 5, 37).
cost(19, 6, 54).
cost(19, 7, 18).
cost(19, 8, 46).
cost(19, 9, 43).
cost(19, 10, 36).
cost(19, 11, 14).
cost(19, 12, 41).
cost(19, 13, 47).
cost(19, 14, 32).
cost(19, 15, 30).
cost(19, 16, 49).
cost(19, 17, 27).
cost(19, 18, 49).
cost(19, 20, 23).
cost(19, 21, 43).
cost(19, 22, 28).
cost(20, 1, 25).
cost(20, 2, 33).
cost(20, 3, 49).
cost(20, 4, 43).
cost(20, 5, 46).
cost(20, 6, 77).
cost(20, 7, 21).
cost(20, 8, 64).
cost(20, 9, 64).
cost(20, 10, 21).
cost(20, 11, 25).
cost(20, 12, 32).
cost(20, 13, 65).
cost(20, 14, 46).
cost(20, 15, 41).
cost(20, 16, 72).
cost(20, 17, 20).
cost(20, 18, 53).
cost(20, 19, 23).
cost(20, 21, 21).
cost(20, 22, 37).
cost(21, 1, 45).
cost(21, 2, 23).
cost(21, 3, 62).
cost(21, 4, 64).
cost(21, 5, 56).
cost(21, 6, 97).
cost(21, 7, 41).
cost(21, 8, 80).
cost(21, 9, 81).
cost(21, 10, 17).
cost(21, 11, 41).
cost(21, 12, 29).
cost(21, 13, 86).
cost(21, 14, 59).
cost(21, 15, 61).
cost(21, 16, 91).
cost(21, 17, 36).
cost(21, 18, 69).
cost(21, 19, 43).
cost(21, 20, 21).
cost(21, 22, 48).
cost(22, 1, 45).
cost(22, 2, 38).
cost(22, 3, 14).
cost(22, 4, 51).
cost(22, 5, 10).
cost(22, 6, 59).
cost(22, 7, 45).
cost(22, 8, 32).
cost(22, 9, 38).
cost(22, 10, 33).
cost(22, 11, 14).
cost(22, 12, 28).
cost(22, 13, 69).
cost(22, 14, 11).
cost(22, 15, 58).
cost(22, 16, 55).
cost(22, 17, 51).
cost(22, 18, 77).
cost(22, 19, 28).
cost(22, 20, 37).
cost(22, 21, 48).
