dimension(22).
point(1, 14.2040248769, 9.9213258324).
point(2, 63.7602909814, 43.6113992838).
point(3, 45.158243841, 20.9048076024).
point(4, 52.748560454, 24.2996147113).
point(5, 23.6099165207, 71.2611519463).
point(6, 15.1421643636, 26.6195282803).
point(7, 86.5806706605, 76.0720805489).
point(8, 19.3863057239, 66.4843545677).
point(9, 92.9633674091, 62.4746567417).
point(10, 14.8750677169, 29.3081489656).
point(11, 4.5730758786, 67.3191596338).
point(12, 56.6139727575, 65.7771988055).
point(13, 55.8797521369, 27.0712007459).
point(14, 84.3590417394, 66.1914677018).
point(15, 21.2062783851, 17.4598898253).
point(16, 86.4638754623, 49.7249061876).
point(17, 41.6597003965, 8.7882680861).
point(18, 81.8954604501, 42.2309529332).
point(19, 70.1894346373, 49.4373509972).
point(20, 57.1320455345, 67.4649485641).
point(21, 12.6910244415, 84.6401766228).
point(22, 67.0770052837, 59.8387188158).
cost(1, 2, 60).
cost(1, 3, 33).
cost(1, 4, 41).
cost(1, 5, 62).
cost(1, 6, 17).
cost(1, 7, 98).
cost(1, 8, 57).
cost(1, 9, 95).
cost(1, 10, 19).
cost(1, 11, 58).
cost(1, 12, 70).
cost(1, 13, 45).
cost(1, 14, 90).
cost(1, 15, 10).
cost(1, 16, 82).
cost(1, 17, 27).
cost(1, 18, 75).
cost(1, 19, 69).
cost(1, 20, 72).
cost(1, 21, 75).
cost(1, 22, 73).
cost(2, 1, 60).
cost(2, 3, 29).
cost(2, 4, 22).
cost(2, 5, 49).
cost(2, 6, 52).
cost(2, 7, 40).
cost(2, 8, 50).
cost(2, 9, 35).
cost(2, 10, 51).
cost(2, 11, 64).
cost(2, 12, 23).
cost(2, 13, 18).
cost(2, 14, 31).
cost(2, 15, 50).
cost(2, 16, 24).
cost(2, 17, 41).
cost(2, 18, 18).
cost(2, 19, 9).
cost(2, 20, 25).
cost(2, 21, 66).
cost(2, 22, 17).
cost(3, 1, 33).
cost(3, 2, 29).
cost(3, 4, 8).
cost(3, 5, 55).
cost(3, 6, 31).
cost(3, 7, 69).
cost(3, 8, 52).
cost(3, 9, 63).
cost(3, 10, 31).
cost(3, 11, 62).
cost(3, 12, 46).
cost(3, 13, 12).
cost(3, 14, 60).
cost(3, 15, 24).
cost(3, 16, 50).
cost(3, 17, 13).
cost(3, 18, 42).
cost(3, 19, 38).
cost(3, 20, 48).
cost(3, 21, 72).
cost(3, 22, 45).
cost(4, 1, 41).
cost(4, 2, 22).
cost(4, 3, 8).
cost(4, 5, 55).
cost(4, 6, 38).
cost(4, 7, 62).
cost(4, 8, 54).
cost(4, 9, 55).
cost(4, 10, 38).
cost(4, 11, 65).
cost(4, 12, 42).
cost(4, 13, 4).
cost(4, 14, 52).
cost(4, 15, 32).
cost(4, 16, 42).
cost(4, 17, 19).
cost(4, 18, 34).
cost(4, 19, 31).
cost(4, 20, 43).
cost(4, 21, 72).
cost(4, 22, 38).
cost(5, 1, 62).
cost(5, 2, 49).
cost(5, 3, 55).
cost(5, 4, 55).
cost(5, 6, 45).
cost(5, 7, 63).
cost(5, 8, 6).
cost(5, 9, 70).
cost(5, 10, 43).
cost(5, 11, 19).
cost(5, 12, 33).
cost(5, 13, 55).
cost(5, 14, 61).
cost(5, 15, 54).
cost(5, 16, 66).
cost(5, 17, 65).
cost(5, 18, 65).
cost(5, 19, 51).
cost(5, 20, 34).
cost(5, 21, 17).
cost(5, 22, 45).
cost(6, 1, 17).
cost(6, 2, 52).
cost(6, 3, 31).
cost(6, 4, 38).
cost(6, 5, 45).
cost(6, 7, 87).
cost(6, 8, 40).
cost(6, 9, 86).
cost(6, 10, 3).
cost(6, 11, 42).
cost(6, 12, 57).
cost(6, 13, 41).
cost(6, 14, 80).
cost(6, 15, 11).
cost(6, 16, 75).
cost(6, 17, 32).
cost(6, 18, 69).
cost(6, 19, 60).
cost(6, 20, 59).
cost(6, 21, 58).
cost(6, 22, 62).
cost(7, 1, 98).
cost(7, 2, 40).
cost(7, 3, 69).
cost(7, 4, 62).
cost(7, 5, 63).
cost(7, 6, 87).
cost(7, 8, 68).
cost(7, 9, 15).
cost(7, 10, 86).
cost(7, 11, 82).
cost(7, 12, 32).
cost(7, 13, 58).
cost(7, 14, 10).
cost(7, 15, 88).
cost(7, 16, 26).
cost(7, 17, 81).
cost(7, 18, 34).
cost(7, 19, 31).
cost(7, 20, 31).
cost(7, 21, 74).
cost(7, 22, 25).
cost(8, 1, 57).
cost(8, 2, 50).
cost(8, 3, 52).
cost(8, 4, 54).
cost(8, 5, 6).
cost(8, 6, 40).
cost(8, 7, 68).
cost(8, 9, 74).
cost(8, 10, 37).
cost(8, 11, 15).
cost(8, 12, 37).
cost(8, 13, 54).
cost(8, 14, 65).
cost(8, 15, 49).
cost(8, 16, 69).
cost(8, 17, 62).
cost(8, 18, 67).
cost(8, 19, 54).
cost(8, 20, 38).
cost(8, 21, 19).
cost(8, 22, 48).
cost(9, 1, 95).
cost(9, 2, 35).
cost(9, 3, 63).
cost(9, 4, 55).
cost(9, 5, 70).
cost(9, 6, 86).
cost(9, 7, 15).
cost(9, 8, 74).
cost(9, 10, 85).
cost(9, 11, 89).
cost(9, 12, 36).
cost(9, 13, 51).
cost(9, 14, 9).
cost(9, 15, 85).
cost(9, 16, 14).
cost(9, 17, 74).
cost(9, 18, 23).
cost(9, 19, 26).
cost(9, 20, 36).
cost(9, 21, 83).
cost(9, 22, 26).
cost(10, 1, 19).
cost(10, 2, 51).
cost(10, 3, 31).
cost(10, 4, 38).
cost(10, 5, 43).
cost(10, 6, 3).
cost(10, 7, 86).
cost(10, 8, 37).
cost(10, 9, 85).
cost(10, 11, 39).
cost(10, 12, 55).
cost(10, 13, 41).
cost(10, 14, 79).
cost(10, 15, 13).
cost(10, 16, 74).
cost(10, 17, 34).
cost(10, 18, 68).
cost(10, 19, 59).
cost(10, 20, 57).
cost(10, 21, 55).
cost(10, 22, 60).
cost(11, 1, 58).
cost(11, 2, 64).
cost(11, 3, 62).
cost(11, 4, 65).
cost(11, 5, 19).
cost(11, 6, 42).
cost(11, 7, 82).
cost(11, 8, 15).
cost(11, 9, 89).
cost(11, 10, 39).
cost(11, 12, 52).
cost(11, 13, 65).
cost(11, 14, 80).
cost(11, 15, 53).
cost(11, 16, 84).
cost(11, 17, 69).
cost(11, 18, 81).
cost(11, 19, 68).
cost(11, 20, 53).
cost(11, 21, 19).
cost(11, 22, 63).
cost(12, 1, 70).
cost(12, 2, 23).
cost(12, 3, 46).
cost(12, 4, 42).
cost(12, 5, 33).
cost(12, 6, 57).
cost(12, 7, 32).
cost(12, 8, 37).
cost(12, 9, 36).
cost(12, 10, 55).
cost(12, 11, 52).
cost(12, 13, 39).
cost(12, 14, 28).
cost(12, 15, 60).
cost(12, 16, 34).
cost(12, 17, 59).
cost(12, 18, 35).
cost(12, 19, 21).
cost(12, 20, 2).
cost(12, 21, 48).
cost(12, 22, 12).
cost(13, 1, 45).
cost(13, 2, 18).
cost(13, 3, 12).
cost(13, 4, 4).
cost(13, 5, 55).
cost(13, 6, 41).
cost(13, 7, 58).
cost(13, 8, 54).
cost(13, 9, 51).
cost(13, 10, 41).
cost(13, 11, 65).
cost(13, 12, 39).
cost(13, 14, 48).
cost(13, 15, 36).
cost(13, 16, 38).
cost(13, 17, 23).
cost(13, 18, 30).
cost(13, 19, 27).
cost(13, 20, 40).
cost(13, 21, 72).
cost(13, 22, 35).
cost(14, 1, 90).
cost(14, 2, 31).
cost(14, 3, 60).
cost(14, 4, 52).
cost(14, 5, 61).
cost(14, 6, 80).
cost(14, 7, 10).
cost(14, 8, 65).
cost(14, 9, 9).
cost(14, 10, 79).
cost(14, 11, 80).
cost(14, 12, 28).
cost(14, 13, 48).
cost(14, 15, 80).
cost(14, 16, 17).
cost(14, 17, 72).
cost(14, 18, 24).
cost(14, 19, 22).
cost(14, 20, 27).
cost(14, 21, 74).
cost(14, 22, 18).
cost(15, 1, 10).
cost(15, 2, 50).
cost(15, 3, 24).
cost(15, 4, 32).
cost(15, 5, 54).
cost(15, 6, 11).
cost(15, 7, 88).
cost(15, 8, 49).
cost(15, 9, 85).
cost(15, 10, 13).
cost(15, 11, 53).
cost(15, 12, 60).
cost(15, 13, 36).
cost(15, 14, 80).
cost(15, 16, 73).
cost(15, 17, 22).
cost(15, 18, 66).
cost(15, 19, 58).
cost(15, 20, 62).
cost(15, 21, 68).
cost(15, 22, 62).
cost(16, 1, 82).
cost(16, 2, 24).
cost(16, 3, 50).
cost(16, 4, 42).
cost(16, 5, 66).
cost(16, 6, 75).
cost(16, 7, 26).
cost(16, 8, 69).
cost(16, 9, 14).
cost(16, 10, 74).
cost(16, 11, 84).
cost(16, 12, 34).
cost(16, 13, 38).
cost(16, 14, 17).
cost(16, 15, 73).
cost(16, 17, 61).
cost(16, 18, 9).
cost(16, 19, 16).
cost(16, 20, 34).
cost(16, 21, 82).
cost(16, 22, 22).
cost(17, 1, 27).
cost(17, 2, 41).
cost(17, 3, 13).
cost(17, 4, 19).
cost(17, 5, 65).
cost(17, 6, 32).
cost(17, 7, 81).
cost(17, 8, 62).
cost(17, 9, 74).
cost(17, 10, 34).
cost(17, 11, 69).
cost(17, 12, 59).
cost(17, 13, 23).
cost(17, 14, 72).
cost(17, 15, 22).
cost(17, 16, 61).
cost(17, 18, 52).
cost(17, 19, 50).
cost(17, 20, 61).
cost(17, 21, 81).
cost(17, 22, 57).
cost(18, 1, 75).
cost(18, 2, 18).
cost(18, 3, 42).
cost(18, 4, 34).
cost(18, 5, 65).
cost(18, 6, 69).
cost(18, 7, 34).
cost(18, 8, 67).
cost(18, 9, 23).
cost(18, 10, 68).
cost(18, 11, 81).
cost(18, 12, 35).
cost(18, 13, 30).
cost(18, 14, 24).
cost(18, 15, 66).
cost(18, 16, 9).
cost(18, 17, 52).
cost(18, 19, 14).
cost(18, 20, 35).
cost(18, 21, 81).
cost(18, 22, 23).
cost(19, 1, 69).
cost(19, 2, 9).
cost(19, 3, 38).
cost(19, 4, 31).
cost(19, 5, 51).
cost(19, 6, 60).
cost(19, 7, 31).
cost(19, 8, 54).
cost(19, 9, 26).
cost(19, 10, 59).
cost(19, 11, 68).
cost(19, 12, 21).
cost(19, 13, 27).
cost(19, 14, 22).
cost(19, 15, 58).
cost(19, 16, 16).
cost(19, 17, 50).
cost(19, 18, 14).
cost(19, 20, 22).
cost(19, 21, 67).
cost(19, 22, 11).
cost(20, 1, 72).
cost(20, 2, 25).
cost(20, 3, 48).
cost(20, 4, 43).
cost(20, 5, 34).
cost(20, 6, 59).
cost(20, 7, 31).
cost(20, 8, 38).
cost(20, 9, 36).
cost(20, 10, 57).
cost(20, 11, 53).
cost(20, 12, 2).
cost(20, 13, 40).
cost(20, 14, 27).
cost(20, 15, 62).
cost(20, 16, 34).
cost(20, 17, 61).
cost(20, 18, 35).
cost(20, 19, 22).
cost(20, 21, 48).
cost(20, 22, 13).
cost(21, 1, 75).
cost(21, 2, 66).
cost(21, 3, 72).
cost(21, 4, 72).
cost(21, 5, 17).
cost(21, 6, 58).
cost(21, 7, 74).
cost(21, 8, 19).
cost(21, 9, 83).
cost(21, 10, 55).
cost(21, 11, 19).
cost(21, 12, 48).
cost(21, 13, 72).
cost(21, 14, 74).
cost(21, 15, 68).
cost(21, 16, 82).
cost(21, 17, 81).
cost(21, 18, 81).
cost(21, 19, 67).
cost(21, 20, 48).
cost(21, 22, 60).
cost(22, 1, 73).
cost(22, 2, 17).
cost(22, 3, 45).
cost(22, 4, 38).
cost(22, 5, 45).
cost(22, 6, 62).
cost(22, 7, 25).
cost(22, 8, 48).
cost(22, 9, 26).
cost(22, 10, 60).
cost(22, 11, 63).
cost(22, 12, 12).
cost(22, 13, 35).
cost(22, 14, 18).
cost(22, 15, 62).
cost(22, 16, 22).
cost(22, 17, 57).
cost(22, 18, 23).
cost(22, 19, 11).
cost(22, 20, 13).
cost(22, 21, 60).
