dimension(22).
point(1, 17.7215820308, 58.9244189366).
point(2, 85.7265291707, 78.0812610633).
point(3, 47.2626662154, 91.0013379068).
point(4, 85.2278187569, 6.6773000631).
point(5, 33.6514604446, 53.8623247001).
point(6, 36.3892490869, 43.8978880365).
point(7, 27.185324825, 94.9706730916).
point(8, 18.6957968745, 21.9229508782).
point(9, 88.8530432784, 27.4169353305).
point(10, 17.4927773238, 14.6516841434).
point(11, 41.9446615032, 88.65875574).
point(12, 7.9357725779, 33.70870037).
point(13, 74.649073831, 58.1843490027).
point(14, 87.514870254, 16.332391033).
point(15, 88.6416540616, 69.9023330603).
point(16, 85.901898609, 66.9768800402).
point(17, 55.3277636874, 78.1844432854).
point(18, 26.2170279199, 65.993078892).
point(19, 65.4780785387, 71.5135221826).
point(20, 36.6005874999, 53.0684434224).
point(21, 91.8986223415, 13.3520000406).
point(22, 60.7351259266, 59.5506088811).
cost(1, 2, 71).
cost(1, 3, 44).
cost(1, 4, 85).
cost(1, 5, 17).
cost(1, 6, 24).
cost(1, 7, 37).
cost(1, 8, 37).
cost(1, 9, 78).
cost(1, 10, 44).
cost(1, 11, 38).
cost(1, 12, 27).
cost(1, 13, 57).
cost(1, 14, 82).
cost(1, 15, 72).
cost(1, 16, 69).
cost(1, 17, 42).
cost(1, 18, 11).
cost(1, 19, 49).
cost(1, 20, 20).
cost(1, 21, 87).
cost(1, 22, 43).
cost(2, 1, 71).
cost(2, 3, 41).
cost(2, 4, 71).
cost(2, 5, 57).
cost(2, 6, 60).
cost(2, 7, 61).
cost(2, 8, 87).
cost(2, 9, 51).
cost(2, 10, 93).
cost(2, 11, 45).
cost(2, 12, 90).
cost(2, 13, 23).
cost(2, 14, 62).
cost(2, 15, 9).
cost(2, 16, 11).
cost(2, 17, 30).
cost(2, 18, 61).
cost(2, 19, 21).
cost(2, 20, 55).
cost(2, 21, 65).
cost(2, 22, 31).
cost(3, 1, 44).
cost(3, 2, 41).
cost(3, 4, 92).
cost(3, 5, 40).
cost(3, 6, 48).
cost(3, 7, 20).
cost(3, 8, 75).
cost(3, 9, 76).
cost(3, 10, 82).
cost(3, 11, 6).
cost(3, 12, 69).
cost(3, 13, 43).
cost(3, 14, 85).
cost(3, 15, 46).
cost(3, 16, 45).
cost(3, 17, 15).
cost(3, 18, 33).
cost(3, 19, 27).
cost(3, 20, 39).
cost(3, 21, 90).
cost(3, 22, 34).
cost(4, 1, 85).
cost(4, 2, 71).
cost(4, 3, 92).
cost(4, 5, 70).
cost(4, 6, 61).
cost(4, 7, 106).
cost(4, 8, 68).
cost(4, 9, 21).
cost(4, 10, 68).
cost(4, 11, 93).
cost(4, 12, 82).
cost(4, 13, 53).
cost(4, 14, 10).
cost(4, 15, 63).
cost(4, 16, 60).
cost(4, 17, 78).
cost(4, 18, 84).
cost(4, 19, 68).
cost(4, 20, 67).
cost(4, 21, 9).
cost(4, 22, 58).
cost(5, 1, 17).
cost(5, 2, 57).
cost(5, 3, 40).
cost(5, 4, 70).
cost(5, 6, 10).
cost(5, 7, 42).
cost(5, 8, 35).
cost(5, 9, 61).
cost(5, 10, 42).
cost(5, 11, 36).
cost(5, 12, 33).
cost(5, 13, 41).
cost(5, 14, 66).
cost(5, 15, 57).
cost(5, 16, 54).
cost(5, 17, 33).
cost(5, 18, 14).
cost(5, 19, 36).
cost(5, 20, 3).
cost(5, 21, 71).
cost(5, 22, 28).
cost(6, 1, 24).
cost(6, 2, 60).
cost(6, 3, 48).
cost(6, 4, 61).
cost(6, 5, 10).
cost(6, 7, 52).
cost(6, 8, 28).
cost(6, 9, 55).
cost(6, 10, 35).
cost(6, 11, 45).
cost(6, 12, 30).
cost(6, 13, 41).
cost(6, 14, 58).
cost(6, 15, 58).
cost(6, 16, 55).
cost(6, 17, 39).
cost(6, 18, 24).
cost(6, 19, 40).
cost(6, 20, 9).
cost(6, 21, 63).
cost(6, 22, 29).
cost(7, 1, 37).
cost(7, 2, 61).
cost(7, 3, 20).
cost(7, 4, 106).
cost(7, 5, 42).
cost(7, 6, 52).
cost(7, 8, 74).
cost(7, 9, 91).
cost(7, 10, 81).
cost(7, 11, 16).
cost(7, 12, 64).
cost(7, 13, 60).
cost(7, 14, 99).
cost(7, 15, 66).
cost(7, 16, 65).
cost(7, 17, 33).
cost(7, 18, 29).
cost(7, 19, 45).
cost(7, 20, 43).
cost(7, 21, 104).
cost(7, 22, 49).
cost(8, 1, 37).
cost(8, 2, 87).
cost(8, 3, 75).
cost(8, 4, 68).
cost(8, 5, 35).
cost(8, 6, 28).
cost(8, 7, 74).
cost(8, 9, 70).
cost(8, 10, 7).
cost(8, 11, 71).
cost(8, 12, 16).
cost(8, 13, 67).
cost(8, 14, 69).
cost(8, 15, 85).
cost(8, 16, 81).
cost(8, 17, 67).
cost(8, 18, 45).
cost(8, 19, 68).
cost(8, 20, 36).
cost(8, 21, 74).
cost(8, 22, 56).
cost(9, 1, 78).
cost(9, 2, 51).
cost(9, 3, 76).
cost(9, 4, 21).
cost(9, 5, 61).
cost(9, 6, 55).
cost(9, 7, 91).
cost(9, 8, 70).
cost(9, 10, 72).
cost(9, 11, 77).
cost(9, 12, 81).
cost(9, 13, 34).
cost(9, 14, 11).
cost(9, 15, 42).
cost(9, 16, 40).
cost(9, 17, 61).
cost(9, 18, 74).
cost(9, 19, 50).
cost(9, 20, 58).
cost(9, 21, 14).
cost(9, 22, 43).
cost(10, 1, 44).
cost(10, 2, 93).
cost(10, 3, 82).
cost(10, 4, 68).
cost(10, 5, 42).
cost(10, 6, 35).
cost(10, 7, 81).
cost(10, 8, 7).
cost(10, 9, 72).
cost(10, 11, 78).
cost(10, 12, 21).
cost(10, 13, 72).
cost(10, 14, 70).
cost(10, 15, 90).
cost(10, 16, 86).
cost(10, 17, 74).
cost(10, 18, 52).
cost(10, 19, 74).
cost(10, 20, 43).
cost(10, 21, 74).
cost(10, 22, 62).
cost(11, 1, 38).
cost(11, 2, 45).
cost(11, 3, 6).
cost(11, 4, 93).
cost(11, 5, 36).
cost(11, 6, 45).
cost(11, 7, 16).
cost(11, 8, 71).
cost(11, 9, 77).
cost(11, 10, 78).
cost(11, 12, 65).
cost(11, 13, 45).
cost(11, 14, 85).
cost(11, 15, 50).
cost(11, 16, 49).
cost(11, 17, 17).
cost(11, 18, 28).
cost(11, 19, 29).
cost(11, 20, 36).
cost(11, 21, 90).
cost(11, 22, 35).
cost(12, 1, 27).
cost(12, 2, 90).
cost(12, 3, 69).
cost(12, 4, 82).
cost(12, 5, 33).
cost(12, 6, 30).
cost(12, 7, 64).
cost(12, 8, 16).
cost(12, 9, 81).
cost(12, 10, 21).
cost(12, 11, 65).
cost(12, 13, 71).
cost(12, 14, 81).
cost(12, 15, 88).
cost(12, 16, 85).
cost(12, 17, 65).
cost(12, 18, 37).
cost(12, 19, 69).
cost(12, 20, 35).
cost(12, 21, 86).
cost(12, 22, 59).
cost(13, 1, 57).
cost(13, 2, 23).
cost(13, 3, 43).
cost(13, 4, 53).
cost(13, 5, 41).
cost(13, 6, 41).
cost(13, 7, 60).
cost(13, 8, 67).
cost(13, 9, 34).
cost(13, 10, 72).
cost(13, 11, 45).
cost(13, 12, 71).
cost(13, 14, 44).
cost(13, 15, 18).
cost(13, 16, 14).
cost(13, 17, 28).
cost(13, 18, 49).
cost(13, 19, 16).
cost(13, 20, 38).
cost(13, 21, 48).
cost(13, 22, 14).
cost(14, 1, 82).
cost(14, 2, 62).
cost(14, 3, 85).
cost(14, 4, 10).
cost(14, 5, 66).
cost(14, 6, 58).
cost(14, 7, 99).
cost(14, 8, 69).
cost(14, 9, 11).
cost(14, 10, 70).
cost(14, 11, 85).
cost(14, 12, 81).
cost(14, 13, 44).
cost(14, 15, 54).
cost(14, 16, 51).
cost(14, 17, 70).
cost(14, 18, 79).
cost(14, 19, 59).
cost(14, 20, 63).
cost(14, 21, 5).
cost(14, 22, 51).
cost(15, 1, 72).
cost(15, 2, 9).
cost(15, 3, 46).
cost(15, 4, 63).
cost(15, 5, 57).
cost(15, 6, 58).
cost(15, 7, 66).
cost(15, 8, 85).
cost(15, 9, 42).
cost(15, 10, 90).
cost(15, 11, 50).
cost(15, 12, 88).
cost(15, 13, 18).
cost(15, 14, 54).
cost(15, 16, 4).
cost(15, 17, 34).
cost(15, 18, 63).
cost(15, 19, 23).
cost(15, 20, 55).
cost(15, 21, 57).
cost(15, 22, 30).
cost(16, 1, 69).
cost(16, 2, 11).
cost(16, 3, 45).
cost(16, 4, 60).
cost(16, 5, 54).
cost(16, 6, 55).
cost(16, 7, 65).
cost(16, 8, 81).
cost(16, 9, 40).
cost(16, 10, 86).
cost(16, 11, 49).
cost(16, 12, 85).
cost(16, 13, 14).
cost(16, 14, 51).
cost(16, 15, 4).
cost(16, 17, 33).
cost(16, 18, 60).
cost(16, 19, 21).
cost(16, 20, 51).
cost(16, 21, 54).
cost(16, 22, 26).
cost(17, 1, 42).
cost(17, 2, 30).
cost(17, 3, 15).
cost(17, 4, 78).
cost(17, 5, 33).
cost(17, 6, 39).
cost(17, 7, 33).
cost(17, 8, 67).
cost(17, 9, 61).
cost(17, 10, 74).
cost(17, 11, 17).
cost(17, 12, 65).
cost(17, 13, 28).
cost(17, 14, 70).
cost(17, 15, 34).
cost(17, 16, 33).
cost(17, 18, 32).
cost(17, 19, 12).
cost(17, 20, 31).
cost(17, 21, 74).
cost(17, 22, 19).
cost(18, 1, 11).
cost(18, 2, 61).
cost(18, 3, 33).
cost(18, 4, 84).
cost(18, 5, 14).
cost(18, 6, 24).
cost(18, 7, 29).
cost(18, 8, 45).
cost(18, 9, 74).
cost(18, 10, 52).
cost(18, 11, 28).
cost(18, 12, 37).
cost(18, 13, 49).
cost(18, 14, 79).
cost(18, 15, 63).
cost(18, 16, 60).
cost(18, 17, 32).
cost(18, 19, 40).
cost(18, 20, 17).
cost(18, 21, 84).
cost(18, 22, 35).
cost(19, 1, 49).
cost(19, 2, 21).
cost(19, 3, 27).
cost(19, 4, 68).
cost(19, 5, 36).
cost(19, 6, 40).
cost(19, 7, 45).
cost(19, 8, 68).
cost(19, 9, 50).
cost(19, 10, 74).
cost(19, 11, 29).
cost(19, 12, 69).
cost(19, 13, 16).
cost(19, 14, 59).
cost(19, 15, 23).
cost(19, 16, 21).
cost(19, 17, 12).
cost(19, 18, 40).
cost(19, 20, 34).
cost(19, 21, 64).
cost(19, 22, 13).
cost(20, 1, 20).
cost(20, 2, 55).
cost(20, 3, 39).
cost(20, 4, 67).
cost(20, 5, 3).
cost(20, 6, 9).
cost(20, 7, 43).
cost(20, 8, 36).
cost(20, 9, 58).
cost(20, 10, 43).
cost(20, 11, 36).
cost(20, 12, 35).
cost(20, 13, 38).
cost(20, 14, 63).
cost(20, 15, 55).
cost(20, 16, 51).
cost(20, 17, 31).
cost(20, 18, 17).
cost(20, 19, 34).
cost(20, 21, 68).
cost(20, 22, 25).
cost(21, 1, 87).
cost(21, 2, 65).
cost(21, 3, 90).
cost(21, 4, 9).
cost(21, 5, 71).
cost(21, 6, 63).
cost(21, 7, 104).
cost(21, 8, 74).
cost(21, 9, 14).
cost(21, 10, 74).
cost(21, 11, 90).
cost(21, 12, 86).
cost(21, 13, 48).
cost(21, 14, 5).
cost(21, 15, 57).
cost(21, 16, 54).
cost(21, 17, 74).
cost(21, 18, 84).
cost(21, 19, 64).
cost(21, 20, 68).
cost(21, 22, 56).
cost(22, 1, 43).
cost(22, 2, 31).
cost(22, 3, 34).
cost(22, 4, 58).
cost(22, 5, 28).
cost(22, 6, 29).
cost(22, 7, 49).
cost(22, 8, 56).
cost(22, 9, 43).
cost(22, 10, 62).
cost(22, 11, 35).
cost(22, 12, 59).
cost(22, 13, 14).
cost(22, 14, 51).
cost(22, 15, 30).
cost(22, 16, 26).
cost(22, 17, 19).
cost(22, 18, 35).
cost(22, 19, 13).
cost(22, 20, 25).
cost(22, 21, 56).
