dimension(22).
point(1, 8.8046851541, 80.4457183341).
point(2, 25.8057187464, 10.663349785).
point(3, 51.0640667073, 69.2048119955).
point(4, 86.8965038256, 44.566856087).
point(5, 4.8671838193, 39.8225099033).
point(6, 84.3353157198, 28.5638875769).
point(7, 11.8679712317, 4.0053752156).
point(8, 88.5662589719, 15.2621500211).
point(9, 60.2628599084, 92.5704321221).
point(10, 82.7472979284, 71.6468346953).
point(11, 70.4119933324, 93.3214087503).
point(12, 64.7473145851, 91.288177025).
point(13, 62.4227453151, 56.5259419102).
point(14, 78.1117147686, 91.1441596776).
point(15, 51.8974648509, 65.601854511).
point(16, 22.2845715379, 48.290170577).
point(17, 32.4567292163, 64.7800010568).
point(18, 68.6064592176, 67.2672246984).
point(19, 98.3505737129, 39.1797159525).
point(20, 47.3207048188, 56.9802294629).
point(21, 31.7715070877, 19.0403381597).
point(22, 26.3615424072, 1.9351797034).
cost(1, 2, 72).
cost(1, 3, 44).
cost(1, 4, 86).
cost(1, 5, 41).
cost(1, 6, 92).
cost(1, 7, 77).
cost(1, 8, 103).
cost(1, 9, 53).
cost(1, 10, 74).
cost(1, 11, 63).
cost(1, 12, 57).
cost(1, 13, 59).
cost(1, 14, 70).
cost(1, 15, 46).
cost(1, 16, 35).
cost(1, 17, 28).
cost(1, 18, 61).
cost(1, 19, 99).
cost(1, 20, 45).
cost(1, 21, 66).
cost(1, 22, 80).
cost(2, 1, 72).
cost(2, 3, 64).
cost(2, 4, 70).
cost(2, 5, 36).
cost(2, 6, 61).
cost(2, 7, 15).
cost(2, 8, 63).
cost(2, 9, 89).
cost(2, 10, 83).
cost(2, 11, 94).
cost(2, 12, 90).
cost(2, 13, 59).
cost(2, 14, 96).
cost(2, 15, 61).
cost(2, 16, 38).
cost(2, 17, 55).
cost(2, 18, 71).
cost(2, 19, 78).
cost(2, 20, 51).
cost(2, 21, 10).
cost(2, 22, 9).
cost(3, 1, 44).
cost(3, 2, 64).
cost(3, 4, 43).
cost(3, 5, 55).
cost(3, 6, 53).
cost(3, 7, 76).
cost(3, 8, 66).
cost(3, 9, 25).
cost(3, 10, 32).
cost(3, 11, 31).
cost(3, 12, 26).
cost(3, 13, 17).
cost(3, 14, 35).
cost(3, 15, 4).
cost(3, 16, 36).
cost(3, 17, 19).
cost(3, 18, 18).
cost(3, 19, 56).
cost(3, 20, 13).
cost(3, 21, 54).
cost(3, 22, 72).
cost(4, 1, 86).
cost(4, 2, 70).
cost(4, 3, 43).
cost(4, 5, 82).
cost(4, 6, 16).
cost(4, 7, 85).
cost(4, 8, 29).
cost(4, 9, 55).
cost(4, 10, 27).
cost(4, 11, 51).
cost(4, 12, 52).
cost(4, 13, 27).
cost(4, 14, 47).
cost(4, 15, 41).
cost(4, 16, 65).
cost(4, 17, 58).
cost(4, 18, 29).
cost(4, 19, 13).
cost(4, 20, 41).
cost(4, 21, 61).
cost(4, 22, 74).
cost(5, 1, 41).
cost(5, 2, 36).
cost(5, 3, 55).
cost(5, 4, 82).
cost(5, 6, 80).
cost(5, 7, 36).
cost(5, 8, 87).
cost(5, 9, 76).
cost(5, 10, 84).
cost(5, 11, 85).
cost(5, 12, 79).
cost(5, 13, 60).
cost(5, 14, 89).
cost(5, 15, 54).
cost(5, 16, 19).
cost(5, 17, 37).
cost(5, 18, 69).
cost(5, 19, 93).
cost(5, 20, 46).
cost(5, 21, 34).
cost(5, 22, 44).
cost(6, 1, 92).
cost(6, 2, 61).
cost(6, 3, 53).
cost(6, 4, 16).
cost(6, 5, 80).
cost(6, 7, 77).
cost(6, 8, 14).
cost(6, 9, 68).
cost(6, 10, 43).
cost(6, 11, 66).
cost(6, 12, 66).
cost(6, 13, 36).
cost(6, 14, 63).
cost(6, 15, 49).
cost(6, 16, 65).
cost(6, 17, 63).
cost(6, 18, 42).
cost(6, 19, 18).
cost(6, 20, 47).
cost(6, 21, 53).
cost(6, 22, 64).
cost(7, 1, 77).
cost(7, 2, 15).
cost(7, 3, 76).
cost(7, 4, 85).
cost(7, 5, 36).
cost(7, 6, 77).
cost(7, 8, 78).
cost(7, 9, 101).
cost(7, 10, 98).
cost(7, 11, 107).
cost(7, 12, 102).
cost(7, 13, 73).
cost(7, 14, 109).
cost(7, 15, 73).
cost(7, 16, 45).
cost(7, 17, 64).
cost(7, 18, 85).
cost(7, 19, 93).
cost(7, 20, 64).
cost(7, 21, 25).
cost(7, 22, 15).
cost(8, 1, 103).
cost(8, 2, 63).
cost(8, 3, 66).
cost(8, 4, 29).
cost(8, 5, 87).
cost(8, 6, 14).
cost(8, 7, 78).
cost(8, 9, 82).
cost(8, 10, 57).
cost(8, 11, 80).
cost(8, 12, 80).
cost(8, 13, 49).
cost(8, 14, 77).
cost(8, 15, 62).
cost(8, 16, 74).
cost(8, 17, 75).
cost(8, 18, 56).
cost(8, 19, 26).
cost(8, 20, 59).
cost(8, 21, 57).
cost(8, 22, 64).
cost(9, 1, 53).
cost(9, 2, 89).
cost(9, 3, 25).
cost(9, 4, 55).
cost(9, 5, 76).
cost(9, 6, 68).
cost(9, 7, 101).
cost(9, 8, 82).
cost(9, 10, 31).
cost(9, 11, 10).
cost(9, 12, 5).
cost(9, 13, 36).
cost(9, 14, 18).
cost(9, 15, 28).
cost(9, 16, 58).
cost(9, 17, 39).
cost(9, 18, 27).
cost(9, 19, 66).
cost(9, 20, 38).
cost(9, 21, 79).
cost(9, 22, 97).
cost(10, 1, 74).
cost(10, 2, 83).
cost(10, 3, 32).
cost(10, 4, 27).
cost(10, 5, 84).
cost(10, 6, 43).
cost(10, 7, 98).
cost(10, 8, 57).
cost(10, 9, 31).
cost(10, 11, 25).
cost(10, 12, 27).
cost(10, 13, 25).
cost(10, 14, 20).
cost(10, 15, 31).
cost(10, 16, 65).
cost(10, 17, 51).
cost(10, 18, 15).
cost(10, 19, 36).
cost(10, 20, 38).
cost(10, 21, 73).
cost(10, 22, 90).
cost(11, 1, 63).
cost(11, 2, 94).
cost(11, 3, 31).
cost(11, 4, 51).
cost(11, 5, 85).
cost(11, 6, 66).
cost(11, 7, 107).
cost(11, 8, 80).
cost(11, 9, 10).
cost(11, 10, 25).
cost(11, 12, 6).
cost(11, 13, 38).
cost(11, 14, 8).
cost(11, 15, 33).
cost(11, 16, 66).
cost(11, 17, 47).
cost(11, 18, 26).
cost(11, 19, 61).
cost(11, 20, 43).
cost(11, 21, 84).
cost(11, 22, 101).
cost(12, 1, 57).
cost(12, 2, 90).
cost(12, 3, 26).
cost(12, 4, 52).
cost(12, 5, 79).
cost(12, 6, 66).
cost(12, 7, 102).
cost(12, 8, 80).
cost(12, 9, 5).
cost(12, 10, 27).
cost(12, 11, 6).
cost(12, 13, 35).
cost(12, 14, 13).
cost(12, 15, 29).
cost(12, 16, 60).
cost(12, 17, 42).
cost(12, 18, 24).
cost(12, 19, 62).
cost(12, 20, 38).
cost(12, 21, 79).
cost(12, 22, 97).
cost(13, 1, 59).
cost(13, 2, 59).
cost(13, 3, 17).
cost(13, 4, 27).
cost(13, 5, 60).
cost(13, 6, 36).
cost(13, 7, 73).
cost(13, 8, 49).
cost(13, 9, 36).
cost(13, 10, 25).
cost(13, 11, 38).
cost(13, 12, 35).
cost(13, 14, 38).
cost(13, 15, 14).
cost(13, 16, 41).
cost(13, 17, 31).
cost(13, 18, 12).
cost(13, 19, 40).
cost(13, 20, 15).
cost(13, 21, 48).
cost(13, 22, 65).
cost(14, 1, 70).
cost(14, 2, 96).
cost(14, 3, 35).
cost(14, 4, 47).
cost(14, 5, 89).
cost(14, 6, 63).
cost(14, 7, 109).
cost(14, 8, 77).
cost(14, 9, 18).
cost(14, 10, 20).
cost(14, 11, 8).
cost(14, 12, 13).
cost(14, 13, 38).
cost(14, 15, 37).
cost(14, 16, 70).
cost(14, 17, 53).
cost(14, 18, 26).
cost(14, 19, 56).
cost(14, 20, 46).
cost(14, 21, 86).
cost(14, 22, 103).
cost(15, 1, 46).
cost(15, 2, 61).
cost(15, 3, 4).
cost(15, 4, 41).
cost(15, 5, 54).
cost(15, 6, 49).
cost(15, 7, 73).
cost(15, 8, 62).
cost(15, 9, 28).
cost(15, 10, 31).
cost(15, 11, 33).
cost(15, 12, 29).
cost(15, 13, 14).
cost(15, 14, 37).
cost(15, 16, 34).
cost(15, 17, 19).
cost(15, 18, 17).
cost(15, 19, 53).
cost(15, 20, 10).
cost(15, 21, 51).
cost(15, 22, 69).
cost(16, 1, 35).
cost(16, 2, 38).
cost(16, 3, 36).
cost(16, 4, 65).
cost(16, 5, 19).
cost(16, 6, 65).
cost(16, 7, 45).
cost(16, 8, 74).
cost(16, 9, 58).
cost(16, 10, 65).
cost(16, 11, 66).
cost(16, 12, 60).
cost(16, 13, 41).
cost(16, 14, 70).
cost(16, 15, 34).
cost(16, 17, 19).
cost(16, 18, 50).
cost(16, 19, 77).
cost(16, 20, 27).
cost(16, 21, 31).
cost(16, 22, 47).
cost(17, 1, 28).
cost(17, 2, 55).
cost(17, 3, 19).
cost(17, 4, 58).
cost(17, 5, 37).
cost(17, 6, 63).
cost(17, 7, 64).
cost(17, 8, 75).
cost(17, 9, 39).
cost(17, 10, 51).
cost(17, 11, 47).
cost(17, 12, 42).
cost(17, 13, 31).
cost(17, 14, 53).
cost(17, 15, 19).
cost(17, 16, 19).
cost(17, 18, 36).
cost(17, 19, 71).
cost(17, 20, 17).
cost(17, 21, 46).
cost(17, 22, 63).
cost(18, 1, 61).
cost(18, 2, 71).
cost(18, 3, 18).
cost(18, 4, 29).
cost(18, 5, 69).
cost(18, 6, 42).
cost(18, 7, 85).
cost(18, 8, 56).
cost(18, 9, 27).
cost(18, 10, 15).
cost(18, 11, 26).
cost(18, 12, 24).
cost(18, 13, 12).
cost(18, 14, 26).
cost(18, 15, 17).
cost(18, 16, 50).
cost(18, 17, 36).
cost(18, 19, 41).
cost(18, 20, 24).
cost(18, 21, 61).
cost(18, 22, 78).
cost(19, 1, 99).
cost(19, 2, 78).
cost(19, 3, 56).
cost(19, 4, 13).
cost(19, 5, 93).
cost(19, 6, 18).
cost(19, 7, 93).
cost(19, 8, 26).
cost(19, 9, 66).
cost(19, 10, 36).
cost(19, 11, 61).
cost(19, 12, 62).
cost(19, 13, 40).
cost(19, 14, 56).
cost(19, 15, 53).
cost(19, 16, 77).
cost(19, 17, 71).
cost(19, 18, 41).
cost(19, 20, 54).
cost(19, 21, 70).
cost(19, 22, 81).
cost(20, 1, 45).
cost(20, 2, 51).
cost(20, 3, 13).
cost(20, 4, 41).
cost(20, 5, 46).
cost(20, 6, 47).
cost(20, 7, 64).
cost(20, 8, 59).
cost(20, 9, 38).
cost(20, 10, 38).
cost(20, 11, 43).
cost(20, 12, 38).
cost(20, 13, 15).
cost(20, 14, 46).
cost(20, 15, 10).
cost(20, 16, 27).
cost(20, 17, 17).
cost(20, 18, 24).
cost(20, 19, 54).
cost(20, 21, 41).
cost(20, 22, 59).
cost(21, 1, 66).
cost(21, 2, 10).
cost(21, 3, 54).
cost(21, 4, 61).
cost(21, 5, 34).
cost(21, 6, 53).
cost(21, 7, 25).
cost(21, 8, 57).
cost(21, 9, 79).
cost(21, 10, 73).
cost(21, 11, 84).
cost(21, 12, 79).
cost(21, 13, 48).
cost(21, 14, 86).
cost(21, 15, 51).
cost(21, 16, 31).
cost(21, 17, 46).
cost(21, 18, 61).
cost(21, 19, 70).
cost(21, 20, 41).
cost(21, 22, 18).
cost(22, 1, 80).
cost(22, 2, 9).
cost(22, 3, 72).
cost(22, 4, 74).
cost(22, 5, 44).
cost(22, 6, 64).
cost(22, 7, 15).
cost(22, 8, 64).
cost(22, 9, 97).
cost(22, 10, 90).
cost(22, 11, 101).
cost(22, 12, 97).
cost(22, 13, 65).
cost(22, 14, 103).
cost(22, 15, 69).
cost(22, 16, 47).
cost(22, 17, 63).
cost(22, 18, 78).
cost(22, 19, 81).
cost(22, 20, 59).
cost(22, 21, 18).
