dimension(22).
point(1, 2.4331940741, 68.1863450125).
point(2, 32.6834992755, 54.2164365614).
point(3, 91.3902758895, 19.9722872681).
point(4, 76.3460570332, 67.2076936772).
point(5, 18.0839333317, 98.6442459107).
point(6, 44.8326919118, 79.5877008108).
point(7, 80.2912120092, 54.9382549803).
point(8, 72.5381787236, 42.5884667696).
point(9, 17.8835034972, 86.8559425274).
point(10, 61.0883725583, 42.8577142656).
point(11, 56.1893342565, 52.3608689717).
point(12, 37.3262866473, 20.9530156477).
point(13, 52.6384449874, 18.027756738).
point(14, 0.538966704, 97.0741080725).
point(15, 86.2930659548, 3.8611253987).
point(16, 37.1366114748, 28.6750740579).
point(17, 38.6997269141, 78.6597496502).
point(18, 21.3747056484, 94.9735270395).
point(19, 80.566419706, 19.9496979653).
point(20, 61.0296071881, 74.6976596582).
point(21, 94.3972980894, 42.6865842389).
point(22, 39.2741459852, 89.6964416081).
cost(1, 2, 33).
cost(1, 3, 101).
cost(1, 4, 74).
cost(1, 5, 34).
cost(1, 6, 44).
cost(1, 7, 79).
cost(1, 8, 75).
cost(1, 9, 24).
cost(1, 10, 64).
cost(1, 11, 56).
cost(1, 12, 59).
cost(1, 13, 71).
cost(1, 14, 29).
cost(1, 15, 106).
cost(1, 16, 53).
cost(1, 17, 38).
cost(1, 18, 33).
cost(1, 19, 92).
cost(1, 20, 59).
cost(1, 21, 95).
cost(1, 22, 43).
cost(2, 1, 33).
cost(2, 3, 68).
cost(2, 4, 46).
cost(2, 5, 47).
cost(2, 6, 28).
cost(2, 7, 48).
cost(2, 8, 42).
cost(2, 9, 36).
cost(2, 10, 31).
cost(2, 11, 24).
cost(2, 12, 34).
cost(2, 13, 41).
cost(2, 14, 54).
cost(2, 15, 74).
cost(2, 16, 26).
cost(2, 17, 25).
cost(2, 18, 42).
cost(2, 19, 59).
cost(2, 20, 35).
cost(2, 21, 63).
cost(2, 22, 36).
cost(3, 1, 101).
cost(3, 2, 68).
cost(3, 4, 50).
cost(3, 5, 108).
cost(3, 6, 76).
cost(3, 7, 37).
cost(3, 8, 29).
cost(3, 9, 99).
cost(3, 10, 38).
cost(3, 11, 48).
cost(3, 12, 54).
cost(3, 13, 39).
cost(3, 14, 119).
cost(3, 15, 17).
cost(3, 16, 55).
cost(3, 17, 79).
cost(3, 18, 103).
cost(3, 19, 11).
cost(3, 20, 63).
cost(3, 21, 23).
cost(3, 22, 87).
cost(4, 1, 74).
cost(4, 2, 46).
cost(4, 3, 50).
cost(4, 5, 66).
cost(4, 6, 34).
cost(4, 7, 13).
cost(4, 8, 25).
cost(4, 9, 62).
cost(4, 10, 29).
cost(4, 11, 25).
cost(4, 12, 61).
cost(4, 13, 55).
cost(4, 14, 81).
cost(4, 15, 64).
cost(4, 16, 55).
cost(4, 17, 39).
cost(4, 18, 62).
cost(4, 19, 47).
cost(4, 20, 17).
cost(4, 21, 30).
cost(4, 22, 43).
cost(5, 1, 34).
cost(5, 2, 47).
cost(5, 3, 108).
cost(5, 4, 66).
cost(5, 6, 33).
cost(5, 7, 76).
cost(5, 8, 78).
cost(5, 9, 12).
cost(5, 10, 70).
cost(5, 11, 60).
cost(5, 12, 80).
cost(5, 13, 88).
cost(5, 14, 18).
cost(5, 15, 117).
cost(5, 16, 73).
cost(5, 17, 29).
cost(5, 18, 5).
cost(5, 19, 100).
cost(5, 20, 49).
cost(5, 21, 95).
cost(5, 22, 23).
cost(6, 1, 44).
cost(6, 2, 28).
cost(6, 3, 76).
cost(6, 4, 34).
cost(6, 5, 33).
cost(6, 7, 43).
cost(6, 8, 46).
cost(6, 9, 28).
cost(6, 10, 40).
cost(6, 11, 30).
cost(6, 12, 59).
cost(6, 13, 62).
cost(6, 14, 48).
cost(6, 15, 86).
cost(6, 16, 51).
cost(6, 17, 6).
cost(6, 18, 28).
cost(6, 19, 70).
cost(6, 20, 17).
cost(6, 21, 62).
cost(6, 22, 12).
cost(7, 1, 79).
cost(7, 2, 48).
cost(7, 3, 37).
cost(7, 4, 13).
cost(7, 5, 76).
cost(7, 6, 43).
cost(7, 8, 15).
cost(7, 9, 70).
cost(7, 10, 23).
cost(7, 11, 24).
cost(7, 12, 55).
cost(7, 13, 46).
cost(7, 14, 90).
cost(7, 15, 51).
cost(7, 16, 51).
cost(7, 17, 48).
cost(7, 18, 71).
cost(7, 19, 35).
cost(7, 20, 28).
cost(7, 21, 19).
cost(7, 22, 54).
cost(8, 1, 75).
cost(8, 2, 42).
cost(8, 3, 29).
cost(8, 4, 25).
cost(8, 5, 78).
cost(8, 6, 46).
cost(8, 7, 15).
cost(8, 9, 70).
cost(8, 10, 11).
cost(8, 11, 19).
cost(8, 12, 41).
cost(8, 13, 32).
cost(8, 14, 90).
cost(8, 15, 41).
cost(8, 16, 38).
cost(8, 17, 49).
cost(8, 18, 73).
cost(8, 19, 24).
cost(8, 20, 34).
cost(8, 21, 22).
cost(8, 22, 58).
cost(9, 1, 24).
cost(9, 2, 36).
cost(9, 3, 99).
cost(9, 4, 62).
cost(9, 5, 12).
cost(9, 6, 28).
cost(9, 7, 70).
cost(9, 8, 70).
cost(9, 10, 62).
cost(9, 11, 52).
cost(9, 12, 69).
cost(9, 13, 77).
cost(9, 14, 20).
cost(9, 15, 108).
cost(9, 16, 61).
cost(9, 17, 22).
cost(9, 18, 9).
cost(9, 19, 92).
cost(9, 20, 45).
cost(9, 21, 88).
cost(9, 22, 22).
cost(10, 1, 64).
cost(10, 2, 31).
cost(10, 3, 38).
cost(10, 4, 29).
cost(10, 5, 70).
cost(10, 6, 40).
cost(10, 7, 23).
cost(10, 8, 11).
cost(10, 9, 62).
cost(10, 11, 11).
cost(10, 12, 32).
cost(10, 13, 26).
cost(10, 14, 81).
cost(10, 15, 46).
cost(10, 16, 28).
cost(10, 17, 42).
cost(10, 18, 66).
cost(10, 19, 30).
cost(10, 20, 32).
cost(10, 21, 33).
cost(10, 22, 52).
cost(11, 1, 56).
cost(11, 2, 24).
cost(11, 3, 48).
cost(11, 4, 25).
cost(11, 5, 60).
cost(11, 6, 30).
cost(11, 7, 24).
cost(11, 8, 19).
cost(11, 9, 52).
cost(11, 10, 11).
cost(11, 12, 37).
cost(11, 13, 35).
cost(11, 14, 71).
cost(11, 15, 57).
cost(11, 16, 30).
cost(11, 17, 32).
cost(11, 18, 55).
cost(11, 19, 41).
cost(11, 20, 23).
cost(11, 21, 39).
cost(11, 22, 41).
cost(12, 1, 59).
cost(12, 2, 34).
cost(12, 3, 54).
cost(12, 4, 61).
cost(12, 5, 80).
cost(12, 6, 59).
cost(12, 7, 55).
cost(12, 8, 41).
cost(12, 9, 69).
cost(12, 10, 32).
cost(12, 11, 37).
cost(12, 13, 16).
cost(12, 14, 85).
cost(12, 15, 52).
cost(12, 16, 8).
cost(12, 17, 58).
cost(12, 18, 76).
cost(12, 19, 43).
cost(12, 20, 59).
cost(12, 21, 61).
cost(12, 22, 69).
cost(13, 1, 71).
cost(13, 2, 41).
cost(13, 3, 39).
cost(13, 4, 55).
cost(13, 5, 88).
cost(13, 6, 62).
cost(13, 7, 46).
cost(13, 8, 32).
cost(13, 9, 77).
cost(13, 10, 26).
cost(13, 11, 35).
cost(13, 12, 16).
cost(13, 14, 95).
cost(13, 15, 37).
cost(13, 16, 19).
cost(13, 17, 62).
cost(13, 18, 83).
cost(13, 19, 28).
cost(13, 20, 57).
cost(13, 21, 48).
cost(13, 22, 73).
cost(14, 1, 29).
cost(14, 2, 54).
cost(14, 3, 119).
cost(14, 4, 81).
cost(14, 5, 18).
cost(14, 6, 48).
cost(14, 7, 90).
cost(14, 8, 90).
cost(14, 9, 20).
cost(14, 10, 81).
cost(14, 11, 71).
cost(14, 12, 85).
cost(14, 13, 95).
cost(14, 15, 127).
cost(14, 16, 78).
cost(14, 17, 42).
cost(14, 18, 21).
cost(14, 19, 111).
cost(14, 20, 64).
cost(14, 21, 108).
cost(14, 22, 39).
cost(15, 1, 106).
cost(15, 2, 74).
cost(15, 3, 17).
cost(15, 4, 64).
cost(15, 5, 117).
cost(15, 6, 86).
cost(15, 7, 51).
cost(15, 8, 41).
cost(15, 9, 108).
cost(15, 10, 46).
cost(15, 11, 57).
cost(15, 12, 52).
cost(15, 13, 37).
cost(15, 14, 127).
cost(15, 16, 55).
cost(15, 17, 89).
cost(15, 18, 112).
cost(15, 19, 17).
cost(15, 20, 75).
cost(15, 21, 40).
cost(15, 22, 98).
cost(16, 1, 53).
cost(16, 2, 26).
cost(16, 3, 55).
cost(16, 4, 55).
cost(16, 5, 73).
cost(16, 6, 51).
cost(16, 7, 51).
cost(16, 8, 38).
cost(16, 9, 61).
cost(16, 10, 28).
cost(16, 11, 30).
cost(16, 12, 8).
cost(16, 13, 19).
cost(16, 14, 78).
cost(16, 15, 55).
cost(16, 17, 50).
cost(16, 18, 68).
cost(16, 19, 44).
cost(16, 20, 52).
cost(16, 21, 59).
cost(16, 22, 61).
cost(17, 1, 38).
cost(17, 2, 25).
cost(17, 3, 79).
cost(17, 4, 39).
cost(17, 5, 29).
cost(17, 6, 6).
cost(17, 7, 48).
cost(17, 8, 49).
cost(17, 9, 22).
cost(17, 10, 42).
cost(17, 11, 32).
cost(17, 12, 58).
cost(17, 13, 62).
cost(17, 14, 42).
cost(17, 15, 89).
cost(17, 16, 50).
cost(17, 18, 24).
cost(17, 19, 72).
cost(17, 20, 23).
cost(17, 21, 66).
cost(17, 22, 11).
cost(18, 1, 33).
cost(18, 2, 42).
cost(18, 3, 103).
cost(18, 4, 62).
cost(18, 5, 5).
cost(18, 6, 28).
cost(18, 7, 71).
cost(18, 8, 73).
cost(18, 9, 9).
cost(18, 10, 66).
cost(18, 11, 55).
cost(18, 12, 76).
cost(18, 13, 83).
cost(18, 14, 21).
cost(18, 15, 112).
cost(18, 16, 68).
cost(18, 17, 24).
cost(18, 19, 96).
cost(18, 20, 45).
cost(18, 21, 90).
cost(18, 22, 19).
cost(19, 1, 92).
cost(19, 2, 59).
cost(19, 3, 11).
cost(19, 4, 47).
cost(19, 5, 100).
cost(19, 6, 70).
cost(19, 7, 35).
cost(19, 8, 24).
cost(19, 9, 92).
cost(19, 10, 30).
cost(19, 11, 41).
cost(19, 12, 43).
cost(19, 13, 28).
cost(19, 14, 111).
cost(19, 15, 17).
cost(19, 16, 44).
cost(19, 17, 72).
cost(19, 18, 96).
cost(19, 20, 58).
cost(19, 21, 27).
cost(19, 22, 81).
cost(20, 1, 59).
cost(20, 2, 35).
cost(20, 3, 63).
cost(20, 4, 17).
cost(20, 5, 49).
cost(20, 6, 17).
cost(20, 7, 28).
cost(20, 8, 34).
cost(20, 9, 45).
cost(20, 10, 32).
cost(20, 11, 23).
cost(20, 12, 59).
cost(20, 13, 57).
cost(20, 14, 64).
cost(20, 15, 75).
cost(20, 16, 52).
cost(20, 17, 23).
cost(20, 18, 45).
cost(20, 19, 58).
cost(20, 21, 46).
cost(20, 22, 26).
cost(21, 1, 95).
cost(21, 2, 63).
cost(21, 3, 23).
cost(21, 4, 30).
cost(21, 5, 95).
cost(21, 6, 62).
cost(21, 7, 19).
cost(21, 8, 22).
cost(21, 9, 88).
cost(21, 10, 33).
cost(21, 11, 39).
cost(21, 12, 61).
cost(21, 13, 48).
cost(21, 14, 108).
cost(21, 15, 40).
cost(21, 16, 59).
cost(21, 17, 66).
cost(21, 18, 90).
cost(21, 19, 27).
cost(21, 20, 46).
cost(21, 22, 72).
cost(22, 1, 43).
cost(22, 2, 36).
cost(22, 3, 87).
cost(22, 4, 43).
cost(22, 5, 23).
cost(22, 6, 12).
cost(22, 7, 54).
cost(22, 8, 58).
cost(22, 9, 22).
cost(22, 10, 52).
cost(22, 11, 41).
cost(22, 12, 69).
cost(22, 13, 73).
cost(22, 14, 39).
cost(22, 15, 98).
cost(22, 16, 61).
cost(22, 17, 11).
cost(22, 18, 19).
cost(22, 19, 81).
cost(22, 20, 26).
cost(22, 21, 72).
