dimension(22).
point(1, 6.8266133835, 92.0415391921).
point(2, 22.4518762558, 91.8609607222).
point(3, 12.5217949473, 53.7128617777).
point(4, 39.8467878425, 39.9537951695).
point(5, 58.3809125475, 47.7875812608).
point(6, 7.9439270314, 88.8165292797).
point(7, 79.8892164468, 63.6559964504).
point(8, 87.756556746, 11.4048871744).
point(9, 14.7796787194, 39.5340344871).
point(10, 24.6710515531, 21.7968849371).
point(11, 95.2211218709, 8.3416798045).
point(12, 45.7703008785, 63.9993904482).
point(13, 24.7332457576, 48.2046258049).
point(14, 71.1915403262, 11.4019901561).
point(15, 9.198285402, 83.804392942).
point(16, 79.5394638856, 43.8195805927).
point(17, 60.7946938583, 38.2451017217).
point(18, 43.9708245204, 28.5143317956).
point(19, 84.1812582258, 60.5566486004).
point(20, 58.8673246731, 0.1648776165).
point(21, 69.6937709711, 80.2594506245).
point(22, 58.5994997579, 61.8920241982).
cost(1, 2, 16).
cost(1, 3, 39).
cost(1, 4, 62).
cost(1, 5, 68).
cost(1, 6, 3).
cost(1, 7, 78).
cost(1, 8, 114).
cost(1, 9, 53).
cost(1, 10, 72).
cost(1, 11, 122).
cost(1, 12, 48).
cost(1, 13, 47).
cost(1, 14, 103).
cost(1, 15, 9).
cost(1, 16, 87).
cost(1, 17, 76).
cost(1, 18, 74).
cost(1, 19, 84).
cost(1, 20, 106).
cost(1, 21, 64).
cost(1, 22, 60).
cost(2, 1, 16).
cost(2, 3, 39).
cost(2, 4, 55).
cost(2, 5, 57).
cost(2, 6, 15).
cost(2, 7, 64).
cost(2, 8, 104).
cost(2, 9, 53).
cost(2, 10, 70).
cost(2, 11, 111).
cost(2, 12, 36).
cost(2, 13, 44).
cost(2, 14, 94).
cost(2, 15, 16).
cost(2, 16, 75).
cost(2, 17, 66).
cost(2, 18, 67).
cost(2, 19, 69).
cost(2, 20, 99).
cost(2, 21, 49).
cost(2, 22, 47).
cost(3, 1, 39).
cost(3, 2, 39).
cost(3, 4, 31).
cost(3, 5, 46).
cost(3, 6, 35).
cost(3, 7, 68).
cost(3, 8, 86).
cost(3, 9, 14).
cost(3, 10, 34).
cost(3, 11, 94).
cost(3, 12, 35).
cost(3, 13, 13).
cost(3, 14, 72).
cost(3, 15, 30).
cost(3, 16, 68).
cost(3, 17, 51).
cost(3, 18, 40).
cost(3, 19, 72).
cost(3, 20, 71).
cost(3, 21, 63).
cost(3, 22, 47).
cost(4, 1, 62).
cost(4, 2, 55).
cost(4, 3, 31).
cost(4, 5, 20).
cost(4, 6, 58).
cost(4, 7, 47).
cost(4, 8, 56).
cost(4, 9, 25).
cost(4, 10, 24).
cost(4, 11, 64).
cost(4, 12, 25).
cost(4, 13, 17).
cost(4, 14, 42).
cost(4, 15, 53).
cost(4, 16, 40).
cost(4, 17, 21).
cost(4, 18, 12).
cost(4, 19, 49).
cost(4, 20, 44).
cost(4, 21, 50).
cost(4, 22, 29).
cost(5, 1, 68).
cost(5, 2, 57).
cost(5, 3, 46).
cost(5, 4, 20).
cost(5, 6, 65).
cost(5, 7, 27).
cost(5, 8, 47).
cost(5, 9, 44).
cost(5, 10, 43).
cost(5, 11, 54).
cost(5, 12, 21).
cost(5, 13, 34).
cost(5, 14, 39).
cost(5, 15, 61).
cost(5, 16, 22).
cost(5, 17, 10).
cost(5, 18, 24).
cost(5, 19, 29).
cost(5, 20, 48).
cost(5, 21, 34).
cost(5, 22, 14).
cost(6, 1, 3).
cost(6, 2, 15).
cost(6, 3, 35).
cost(6, 4, 58).
cost(6, 5, 65).
cost(6, 7, 76).
cost(6, 8, 111).
cost(6, 9, 50).
cost(6, 10, 69).
cost(6, 11, 119).
cost(6, 12, 45).
cost(6, 13, 44).
cost(6, 14, 100).
cost(6, 15, 5).
cost(6, 16, 85).
cost(6, 17, 73).
cost(6, 18, 70).
cost(6, 19, 81).
cost(6, 20, 102).
cost(6, 21, 62).
cost(6, 22, 57).
cost(7, 1, 78).
cost(7, 2, 64).
cost(7, 3, 68).
cost(7, 4, 47).
cost(7, 5, 27).
cost(7, 6, 76).
cost(7, 8, 53).
cost(7, 9, 69).
cost(7, 10, 69).
cost(7, 11, 57).
cost(7, 12, 34).
cost(7, 13, 57).
cost(7, 14, 53).
cost(7, 15, 74).
cost(7, 16, 20).
cost(7, 17, 32).
cost(7, 18, 50).
cost(7, 19, 5).
cost(7, 20, 67).
cost(7, 21, 19).
cost(7, 22, 21).
cost(8, 1, 114).
cost(8, 2, 104).
cost(8, 3, 86).
cost(8, 4, 56).
cost(8, 5, 47).
cost(8, 6, 111).
cost(8, 7, 53).
cost(8, 9, 78).
cost(8, 10, 64).
cost(8, 11, 8).
cost(8, 12, 67).
cost(8, 13, 73).
cost(8, 14, 17).
cost(8, 15, 107).
cost(8, 16, 33).
cost(8, 17, 38).
cost(8, 18, 47).
cost(8, 19, 49).
cost(8, 20, 31).
cost(8, 21, 71).
cost(8, 22, 58).
cost(9, 1, 53).
cost(9, 2, 53).
cost(9, 3, 14).
cost(9, 4, 25).
cost(9, 5, 44).
cost(9, 6, 50).
cost(9, 7, 69).
cost(9, 8, 78).
cost(9, 10, 20).
cost(9, 11, 86).
cost(9, 12, 39).
cost(9, 13, 13).
cost(9, 14, 63).
cost(9, 15, 45).
cost(9, 16, 65).
cost(9, 17, 46).
cost(9, 18, 31).
cost(9, 19, 73).
cost(9, 20, 59).
cost(9, 21, 68).
cost(9, 22, 49).
cost(10, 1, 72).
cost(10, 2, 70).
cost(10, 3, 34).
cost(10, 4, 24).
cost(10, 5, 43).
cost(10, 6, 69).
cost(10, 7, 69).
cost(10, 8, 64).
cost(10, 9, 20).
cost(10, 11, 72).
cost(10, 12, 47).
cost(10, 13, 26).
cost(10, 14, 48).
cost(10, 15, 64).
cost(10, 16, 59).
cost(10, 17, 40).
cost(10, 18, 20).
cost(10, 19, 71).
cost(10, 20, 40).
cost(10, 21, 74).
cost(10, 22, 53).
cost(11, 1, 122).
cost(11, 2, 111).
cost(11, 3, 94).
cost(11, 4, 64).
cost(11, 5, 54).
cost(11, 6, 119).
cost(11, 7, 57).
cost(11, 8, 8).
cost(11, 9, 86).
cost(11, 10, 72).
cost(11, 12, 74).
cost(11, 13, 81).
cost(11, 14, 24).
cost(11, 15, 114).
cost(11, 16, 39).
cost(11, 17, 46).
cost(11, 18, 55).
cost(11, 19, 53).
cost(11, 20, 37).
cost(11, 21, 76).
cost(11, 22, 65).
cost(12, 1, 48).
cost(12, 2, 36).
cost(12, 3, 35).
cost(12, 4, 25).
cost(12, 5, 21).
cost(12, 6, 45).
cost(12, 7, 34).
cost(12, 8, 67).
cost(12, 9, 39).
cost(12, 10, 47).
cost(12, 11, 74).
cost(12, 13, 26).
cost(12, 14, 58).
cost(12, 15, 42).
cost(12, 16, 39).
cost(12, 17, 30).
cost(12, 18, 36).
cost(12, 19, 39).
cost(12, 20, 65).
cost(12, 21, 29).
cost(12, 22, 13).
cost(13, 1, 47).
cost(13, 2, 44).
cost(13, 3, 13).
cost(13, 4, 17).
cost(13, 5, 34).
cost(13, 6, 44).
cost(13, 7, 57).
cost(13, 8, 73).
cost(13, 9, 13).
cost(13, 10, 26).
cost(13, 11, 81).
cost(13, 12, 26).
cost(13, 14, 59).
cost(13, 15, 39).
cost(13, 16, 55).
cost(13, 17, 37).
cost(13, 18, 28).
cost(13, 19, 61).
cost(13, 20, 59).
cost(13, 21, 55).
cost(13, 22, 37).
cost(14, 1, 103).
cost(14, 2, 94).
cost(14, 3, 72).
cost(14, 4, 42).
cost(14, 5, 39).
cost(14, 6, 100).
cost(14, 7, 53).
cost(14, 8, 17).
cost(14, 9, 63).
cost(14, 10, 48).
cost(14, 11, 24).
cost(14, 12, 58).
cost(14, 13, 59).
cost(14, 15, 95).
cost(14, 16, 33).
cost(14, 17, 29).
cost(14, 18, 32).
cost(14, 19, 51).
cost(14, 20, 17).
cost(14, 21, 69).
cost(14, 22, 52).
cost(15, 1, 9).
cost(15, 2, 16).
cost(15, 3, 30).
cost(15, 4, 53).
cost(15, 5, 61).
cost(15, 6, 5).
cost(15, 7, 74).
cost(15, 8, 107).
cost(15, 9, 45).
cost(15, 10, 64).
cost(15, 11, 114).
cost(15, 12, 42).
cost(15, 13, 39).
cost(15, 14, 95).
cost(15, 16, 81).
cost(15, 17, 69).
cost(15, 18, 65).
cost(15, 19, 79).
cost(15, 20, 97).
cost(15, 21, 61).
cost(15, 22, 54).
cost(16, 1, 87).
cost(16, 2, 75).
cost(16, 3, 68).
cost(16, 4, 40).
cost(16, 5, 22).
cost(16, 6, 85).
cost(16, 7, 20).
cost(16, 8, 33).
cost(16, 9, 65).
cost(16, 10, 59).
cost(16, 11, 39).
cost(16, 12, 39).
cost(16, 13, 55).
cost(16, 14, 33).
cost(16, 15, 81).
cost(16, 17, 20).
cost(16, 18, 39).
cost(16, 19, 17).
cost(16, 20, 48).
cost(16, 21, 38).
cost(16, 22, 28).
cost(17, 1, 76).
cost(17, 2, 66).
cost(17, 3, 51).
cost(17, 4, 21).
cost(17, 5, 10).
cost(17, 6, 73).
cost(17, 7, 32).
cost(17, 8, 38).
cost(17, 9, 46).
cost(17, 10, 40).
cost(17, 11, 46).
cost(17, 12, 30).
cost(17, 13, 37).
cost(17, 14, 29).
cost(17, 15, 69).
cost(17, 16, 20).
cost(17, 18, 19).
cost(17, 19, 32).
cost(17, 20, 38).
cost(17, 21, 43).
cost(17, 22, 24).
cost(18, 1, 74).
cost(18, 2, 67).
cost(18, 3, 40).
cost(18, 4, 12).
cost(18, 5, 24).
cost(18, 6, 70).
cost(18, 7, 50).
cost(18, 8, 47).
cost(18, 9, 31).
cost(18, 10, 20).
cost(18, 11, 55).
cost(18, 12, 36).
cost(18, 13, 28).
cost(18, 14, 32).
cost(18, 15, 65).
cost(18, 16, 39).
cost(18, 17, 19).
cost(18, 19, 51).
cost(18, 20, 32).
cost(18, 21, 58).
cost(18, 22, 36).
cost(19, 1, 84).
cost(19, 2, 69).
cost(19, 3, 72).
cost(19, 4, 49).
cost(19, 5, 29).
cost(19, 6, 81).
cost(19, 7, 5).
cost(19, 8, 49).
cost(19, 9, 73).
cost(19, 10, 71).
cost(19, 11, 53).
cost(19, 12, 39).
cost(19, 13, 61).
cost(19, 14, 51).
cost(19, 15, 79).
cost(19, 16, 17).
cost(19, 17, 32).
cost(19, 18, 51).
cost(19, 20, 65).
cost(19, 21, 24).
cost(19, 22, 26).
cost(20, 1, 106).
cost(20, 2, 99).
cost(20, 3, 71).
cost(20, 4, 44).
cost(20, 5, 48).
cost(20, 6, 102).
cost(20, 7, 67).
cost(20, 8, 31).
cost(20, 9, 59).
cost(20, 10, 40).
cost(20, 11, 37).
cost(20, 12, 65).
cost(20, 13, 59).
cost(20, 14, 17).
cost(20, 15, 97).
cost(20, 16, 48).
cost(20, 17, 38).
cost(20, 18, 32).
cost(20, 19, 65).
cost(20, 21, 81).
cost(20, 22, 62).
cost(21, 1, 64).
cost(21, 2, 49).
cost(21, 3, 63).
cost(21, 4, 50).
cost(21, 5, 34).
cost(21, 6, 62).
cost(21, 7, 19).
cost(21, 8, 71).
cost(21, 9, 68).
cost(21, 10, 74).
cost(21, 11, 76).
cost(21, 12, 29).
cost(21, 13, 55).
cost(21, 14, 69).
cost(21, 15, 61).
cost(21, 16, 38).
cost(21, 17, 43).
cost(21, 18, 58).
cost(21, 19, 24).
cost(21, 20, 81).
cost(21, 22, 21).
cost(22, 1, 60).
cost(22, 2, 47).
cost(22, 3, 47).
cost(22, 4, 29).
cost(22, 5, 14).
cost(22, 6, 57).
cost(22, 7, 21).
cost(22, 8, 58).
cost(22, 9, 49).
cost(22, 10, 53).
cost(22, 11, 65).
cost(22, 12, 13).
cost(22, 13, 37).
cost(22, 14, 52).
cost(22, 15, 54).
cost(22, 16, 28).
cost(22, 17, 24).
cost(22, 18, 36).
cost(22, 19, 26).
cost(22, 20, 62).
cost(22, 21, 21).
