dimension(22).
point(1, 44.8280179661, 13.5936567918).
point(2, 65.8643455816, 16.6282077002).
point(3, 12.310499393, 36.826652883).
point(4, 87.5153040959, 28.4592877548).
point(5, 9.9356748161, 30.1882245055).
point(6, 90.8795400113, 47.5678257886).
point(7, 60.2334145259, 71.0977131317).
point(8, 30.3291925764, 45.1735858448).
point(9, 13.8739042032, 79.3204127488).
point(10, 22.7672861546, 43.0538524593).
point(11, 23.9297707455, 37.2916646869).
point(12, 41.6843710964, 15.6762636734).
point(13, 78.4837299654, 85.5230555014).
point(14, 41.4307982515, 56.8231728699).
point(15, 65.3051981324, 94.5421842535).
point(16, 13.7605700619, 41.9407745085).
point(17, 52.7535829215, 17.7209611083).
point(18, 80.769450815, 17.5535003674).
point(19, 52.2286066606, 78.3470112318).
point(20, 77.7455598541, 25.3700375487).
point(21, 4.5797513811, 56.4314421828).
point(22, 35.6946687287, 75.3457506043).
cost(1, 2, 21).
cost(1, 3, 40).
cost(1, 4, 45).
cost(1, 5, 39).
cost(1, 6, 57).
cost(1, 7, 60).
cost(1, 8, 35).
cost(1, 9, 73).
cost(1, 10, 37).
cost(1, 11, 32).
cost(1, 12, 4).
cost(1, 13, 79).
cost(1, 14, 43).
cost(1, 15, 83).
cost(1, 16, 42).
cost(1, 17, 9).
cost(1, 18, 36).
cost(1, 19, 65).
cost(1, 20, 35).
cost(1, 21, 59).
cost(1, 22, 62).
cost(2, 1, 21).
cost(2, 3, 57).
cost(2, 4, 25).
cost(2, 5, 58).
cost(2, 6, 40).
cost(2, 7, 55).
cost(2, 8, 46).
cost(2, 9, 81).
cost(2, 10, 51).
cost(2, 11, 47).
cost(2, 12, 24).
cost(2, 13, 70).
cost(2, 14, 47).
cost(2, 15, 78).
cost(2, 16, 58).
cost(2, 17, 13).
cost(2, 18, 15).
cost(2, 19, 63).
cost(2, 20, 15).
cost(2, 21, 73).
cost(2, 22, 66).
cost(3, 1, 40).
cost(3, 2, 57).
cost(3, 4, 76).
cost(3, 5, 7).
cost(3, 6, 79).
cost(3, 7, 59).
cost(3, 8, 20).
cost(3, 9, 43).
cost(3, 10, 12).
cost(3, 11, 12).
cost(3, 12, 36).
cost(3, 13, 82).
cost(3, 14, 35).
cost(3, 15, 78).
cost(3, 16, 5).
cost(3, 17, 45).
cost(3, 18, 71).
cost(3, 19, 58).
cost(3, 20, 66).
cost(3, 21, 21).
cost(3, 22, 45).
cost(4, 1, 45).
cost(4, 2, 25).
cost(4, 3, 76).
cost(4, 5, 78).
cost(4, 6, 19).
cost(4, 7, 51).
cost(4, 8, 60).
cost(4, 9, 89).
cost(4, 10, 66).
cost(4, 11, 64).
cost(4, 12, 48).
cost(4, 13, 58).
cost(4, 14, 54).
cost(4, 15, 70).
cost(4, 16, 75).
cost(4, 17, 36).
cost(4, 18, 13).
cost(4, 19, 61).
cost(4, 20, 10).
cost(4, 21, 88).
cost(4, 22, 70).
cost(5, 1, 39).
cost(5, 2, 58).
cost(5, 3, 7).
cost(5, 4, 78).
cost(5, 6, 83).
cost(5, 7, 65).
cost(5, 8, 25).
cost(5, 9, 49).
cost(5, 10, 18).
cost(5, 11, 16).
cost(5, 12, 35).
cost(5, 13, 88).
cost(5, 14, 41).
cost(5, 15, 85).
cost(5, 16, 12).
cost(5, 17, 45).
cost(5, 18, 72).
cost(5, 19, 64).
cost(5, 20, 68).
cost(5, 21, 27).
cost(5, 22, 52).
cost(6, 1, 57).
cost(6, 2, 40).
cost(6, 3, 79).
cost(6, 4, 19).
cost(6, 5, 83).
cost(6, 7, 39).
cost(6, 8, 61).
cost(6, 9, 83).
cost(6, 10, 68).
cost(6, 11, 68).
cost(6, 12, 59).
cost(6, 13, 40).
cost(6, 14, 50).
cost(6, 15, 53).
cost(6, 16, 77).
cost(6, 17, 48).
cost(6, 18, 32).
cost(6, 19, 49).
cost(6, 20, 26).
cost(6, 21, 87).
cost(6, 22, 62).
cost(7, 1, 60).
cost(7, 2, 55).
cost(7, 3, 59).
cost(7, 4, 51).
cost(7, 5, 65).
cost(7, 6, 39).
cost(7, 8, 40).
cost(7, 9, 47).
cost(7, 10, 47).
cost(7, 11, 50).
cost(7, 12, 58).
cost(7, 13, 23).
cost(7, 14, 24).
cost(7, 15, 24).
cost(7, 16, 55).
cost(7, 17, 54).
cost(7, 18, 57).
cost(7, 19, 11).
cost(7, 20, 49).
cost(7, 21, 58).
cost(7, 22, 25).
cost(8, 1, 35).
cost(8, 2, 46).
cost(8, 3, 20).
cost(8, 4, 60).
cost(8, 5, 25).
cost(8, 6, 61).
cost(8, 7, 40).
cost(8, 9, 38).
cost(8, 10, 8).
cost(8, 11, 10).
cost(8, 12, 32).
cost(8, 13, 63).
cost(8, 14, 16).
cost(8, 15, 61).
cost(8, 16, 17).
cost(8, 17, 35).
cost(8, 18, 58).
cost(8, 19, 40).
cost(8, 20, 51).
cost(8, 21, 28).
cost(8, 22, 31).
cost(9, 1, 73).
cost(9, 2, 81).
cost(9, 3, 43).
cost(9, 4, 89).
cost(9, 5, 49).
cost(9, 6, 83).
cost(9, 7, 47).
cost(9, 8, 38).
cost(9, 10, 37).
cost(9, 11, 43).
cost(9, 12, 69).
cost(9, 13, 65).
cost(9, 14, 36).
cost(9, 15, 54).
cost(9, 16, 37).
cost(9, 17, 73).
cost(9, 18, 91).
cost(9, 19, 38).
cost(9, 20, 84).
cost(9, 21, 25).
cost(9, 22, 22).
cost(10, 1, 37).
cost(10, 2, 51).
cost(10, 3, 12).
cost(10, 4, 66).
cost(10, 5, 18).
cost(10, 6, 68).
cost(10, 7, 47).
cost(10, 8, 8).
cost(10, 9, 37).
cost(10, 11, 6).
cost(10, 12, 33).
cost(10, 13, 70).
cost(10, 14, 23).
cost(10, 15, 67).
cost(10, 16, 9).
cost(10, 17, 39).
cost(10, 18, 63).
cost(10, 19, 46).
cost(10, 20, 58).
cost(10, 21, 23).
cost(10, 22, 35).
cost(11, 1, 32).
cost(11, 2, 47).
cost(11, 3, 12).
cost(11, 4, 64).
cost(11, 5, 16).
cost(11, 6, 68).
cost(11, 7, 50).
cost(11, 8, 10).
cost(11, 9, 43).
cost(11, 10, 6).
cost(11, 12, 28).
cost(11, 13, 73).
cost(11, 14, 26).
cost(11, 15, 71).
cost(11, 16, 11).
cost(11, 17, 35).
cost(11, 18, 60).
cost(11, 19, 50).
cost(11, 20, 55).
cost(11, 21, 27).
cost(11, 22, 40).
cost(12, 1, 4).
cost(12, 2, 24).
cost(12, 3, 36).
cost(12, 4, 48).
cost(12, 5, 35).
cost(12, 6, 59).
cost(12, 7, 58).
cost(12, 8, 32).
cost(12, 9, 69).
cost(12, 10, 33).
cost(12, 11, 28).
cost(12, 13, 79).
cost(12, 14, 41).
cost(12, 15, 82).
cost(12, 16, 38).
cost(12, 17, 11).
cost(12, 18, 39).
cost(12, 19, 64).
cost(12, 20, 37).
cost(12, 21, 55).
cost(12, 22, 60).
cost(13, 1, 79).
cost(13, 2, 70).
cost(13, 3, 82).
cost(13, 4, 58).
cost(13, 5, 88).
cost(13, 6, 40).
cost(13, 7, 23).
cost(13, 8, 63).
cost(13, 9, 65).
cost(13, 10, 70).
cost(13, 11, 73).
cost(13, 12, 79).
cost(13, 14, 47).
cost(13, 15, 16).
cost(13, 16, 78).
cost(13, 17, 73).
cost(13, 18, 68).
cost(13, 19, 27).
cost(13, 20, 60).
cost(13, 21, 79).
cost(13, 22, 44).
cost(14, 1, 43).
cost(14, 2, 47).
cost(14, 3, 35).
cost(14, 4, 54).
cost(14, 5, 41).
cost(14, 6, 50).
cost(14, 7, 24).
cost(14, 8, 16).
cost(14, 9, 36).
cost(14, 10, 23).
cost(14, 11, 26).
cost(14, 12, 41).
cost(14, 13, 47).
cost(14, 15, 45).
cost(14, 16, 31).
cost(14, 17, 41).
cost(14, 18, 56).
cost(14, 19, 24).
cost(14, 20, 48).
cost(14, 21, 37).
cost(14, 22, 19).
cost(15, 1, 83).
cost(15, 2, 78).
cost(15, 3, 78).
cost(15, 4, 70).
cost(15, 5, 85).
cost(15, 6, 53).
cost(15, 7, 24).
cost(15, 8, 61).
cost(15, 9, 54).
cost(15, 10, 67).
cost(15, 11, 71).
cost(15, 12, 82).
cost(15, 13, 16).
cost(15, 14, 45).
cost(15, 16, 74).
cost(15, 17, 78).
cost(15, 18, 79).
cost(15, 19, 21).
cost(15, 20, 70).
cost(15, 21, 72).
cost(15, 22, 35).
cost(16, 1, 42).
cost(16, 2, 58).
cost(16, 3, 5).
cost(16, 4, 75).
cost(16, 5, 12).
cost(16, 6, 77).
cost(16, 7, 55).
cost(16, 8, 17).
cost(16, 9, 37).
cost(16, 10, 9).
cost(16, 11, 11).
cost(16, 12, 38).
cost(16, 13, 78).
cost(16, 14, 31).
cost(16, 15, 74).
cost(16, 17, 46).
cost(16, 18, 71).
cost(16, 19, 53).
cost(16, 20, 66).
cost(16, 21, 17).
cost(16, 22, 40).
cost(17, 1, 9).
cost(17, 2, 13).
cost(17, 3, 45).
cost(17, 4, 36).
cost(17, 5, 45).
cost(17, 6, 48).
cost(17, 7, 54).
cost(17, 8, 35).
cost(17, 9, 73).
cost(17, 10, 39).
cost(17, 11, 35).
cost(17, 12, 11).
cost(17, 13, 73).
cost(17, 14, 41).
cost(17, 15, 78).
cost(17, 16, 46).
cost(17, 18, 28).
cost(17, 19, 61).
cost(17, 20, 26).
cost(17, 21, 62).
cost(17, 22, 60).
cost(18, 1, 36).
cost(18, 2, 15).
cost(18, 3, 71).
cost(18, 4, 13).
cost(18, 5, 72).
cost(18, 6, 32).
cost(18, 7, 57).
cost(18, 8, 58).
cost(18, 9, 91).
cost(18, 10, 63).
cost(18, 11, 60).
cost(18, 12, 39).
cost(18, 13, 68).
cost(18, 14, 56).
cost(18, 15, 79).
cost(18, 16, 71).
cost(18, 17, 28).
cost(18, 19, 67).
cost(18, 20, 8).
cost(18, 21, 86).
cost(18, 22, 73).
cost(19, 1, 65).
cost(19, 2, 63).
cost(19, 3, 58).
cost(19, 4, 61).
cost(19, 5, 64).
cost(19, 6, 49).
cost(19, 7, 11).
cost(19, 8, 40).
cost(19, 9, 38).
cost(19, 10, 46).
cost(19, 11, 50).
cost(19, 12, 64).
cost(19, 13, 27).
cost(19, 14, 24).
cost(19, 15, 21).
cost(19, 16, 53).
cost(19, 17, 61).
cost(19, 18, 67).
cost(19, 20, 59).
cost(19, 21, 52).
cost(19, 22, 17).
cost(20, 1, 35).
cost(20, 2, 15).
cost(20, 3, 66).
cost(20, 4, 10).
cost(20, 5, 68).
cost(20, 6, 26).
cost(20, 7, 49).
cost(20, 8, 51).
cost(20, 9, 84).
cost(20, 10, 58).
cost(20, 11, 55).
cost(20, 12, 37).
cost(20, 13, 60).
cost(20, 14, 48).
cost(20, 15, 70).
cost(20, 16, 66).
cost(20, 17, 26).
cost(20, 18, 8).
cost(20, 19, 59).
cost(20, 21, 79).
cost(20, 22, 65).
cost(21, 1, 59).
cost(21, 2, 73).
cost(21, 3, 21).
cost(21, 4, 88).
cost(21, 5, 27).
cost(21, 6, 87).
cost(21, 7, 58).
cost(21, 8, 28).
cost(21, 9, 25).
cost(21, 10, 23).
cost(21, 11, 27).
cost(21, 12, 55).
cost(21, 13, 79).
cost(21, 14, 37).
cost(21, 15, 72).
cost(21, 16, 17).
cost(21, 17, 62).
cost(21, 18, 86).
cost(21, 19, 52).
cost(21, 20, 79).
cost(21, 22, 36).
cost(22, 1, 62).
cost(22, 2, 66).
cost(22, 3, 45).
cost(22, 4, 70).
cost(22, 5, 52).
cost(22, 6, 62).
cost(22, 7, 25).
cost(22, 8, 31).
cost(22, 9, 22).
cost(22, 10, 35).
cost(22, 11, 40).
cost(22, 12, 60).
cost(22, 13, 44).
cost(22, 14, 19).
cost(22, 15, 35).
cost(22, 16, 40).
cost(22, 17, 60).
cost(22, 18, 73).
cost(22, 19, 17).
cost(22, 20, 65).
cost(22, 21, 36).
