dimension(22).
point(1, 78.9826362642, 70.2723591362).
point(2, 20.5972609082, 94.9039867726).
point(3, 69.6409999768, 14.9265451019).
point(4, 17.9456294738, 83.6444146688).
point(5, 94.4615787831, 63.399283946).
point(6, 91.9280011251, 75.613421486).
point(7, 10.5718356049, 79.6493570545).
point(8, 24.5856821681, 65.374688013).
point(9, 98.8836536044, 92.2412813822).
point(10, 74.4706337617, 41.8840762352).
point(11, 62.700348753, 54.0471145967).
point(12, 95.4322960971, 81.0082774538).
point(13, 6.4320142278, 87.6095223018).
point(14, 61.8169354108, 13.9821474786).
point(15, 36.4582288478, 14.6152468246).
point(16, 16.6381220893, 64.3241790652).
point(17, 53.5018671061, 31.8491232952).
point(18, 31.0875873286, 56.5012577271).
point(19, 52.1487921677, 50.0859086097).
point(20, 74.5460359839, 89.0439428091).
point(21, 16.4107458644, 57.2895740118).
point(22, 58.4107849289, 4.9836718189).
cost(1, 2, 63).
cost(1, 3, 56).
cost(1, 4, 62).
cost(1, 5, 17).
cost(1, 6, 14).
cost(1, 7, 69).
cost(1, 8, 55).
cost(1, 9, 30).
cost(1, 10, 29).
cost(1, 11, 23).
cost(1, 12, 20).
cost(1, 13, 75).
cost(1, 14, 59).
cost(1, 15, 70).
cost(1, 16, 63).
cost(1, 17, 46).
cost(1, 18, 50).
cost(1, 19, 34).
cost(1, 20, 19).
cost(1, 21, 64).
cost(1, 22, 68).
cost(2, 1, 63).
cost(2, 3, 94).
cost(2, 4, 12).
cost(2, 5, 80).
cost(2, 6, 74).
cost(2, 7, 18).
cost(2, 8, 30).
cost(2, 9, 78).
cost(2, 10, 76).
cost(2, 11, 59).
cost(2, 12, 76).
cost(2, 13, 16).
cost(2, 14, 91).
cost(2, 15, 82).
cost(2, 16, 31).
cost(2, 17, 71).
cost(2, 18, 40).
cost(2, 19, 55).
cost(2, 20, 54).
cost(2, 21, 38).
cost(2, 22, 98).
cost(3, 1, 56).
cost(3, 2, 94).
cost(3, 4, 86).
cost(3, 5, 54).
cost(3, 6, 65).
cost(3, 7, 88).
cost(3, 8, 68).
cost(3, 9, 83).
cost(3, 10, 27).
cost(3, 11, 40).
cost(3, 12, 71).
cost(3, 13, 96).
cost(3, 14, 8).
cost(3, 15, 33).
cost(3, 16, 72).
cost(3, 17, 23).
cost(3, 18, 57).
cost(3, 19, 39).
cost(3, 20, 74).
cost(3, 21, 68).
cost(3, 22, 15).
cost(4, 1, 62).
cost(4, 2, 12).
cost(4, 3, 86).
cost(4, 5, 79).
cost(4, 6, 74).
cost(4, 7, 8).
cost(4, 8, 19).
cost(4, 9, 81).
cost(4, 10, 70).
cost(4, 11, 54).
cost(4, 12, 78).
cost(4, 13, 12).
cost(4, 14, 82).
cost(4, 15, 71).
cost(4, 16, 19).
cost(4, 17, 63).
cost(4, 18, 30).
cost(4, 19, 48).
cost(4, 20, 57).
cost(4, 21, 26).
cost(4, 22, 88).
cost(5, 1, 17).
cost(5, 2, 80).
cost(5, 3, 54).
cost(5, 4, 79).
cost(5, 6, 12).
cost(5, 7, 85).
cost(5, 8, 70).
cost(5, 9, 29).
cost(5, 10, 29).
cost(5, 11, 33).
cost(5, 12, 18).
cost(5, 13, 91).
cost(5, 14, 59).
cost(5, 15, 76).
cost(5, 16, 78).
cost(5, 17, 52).
cost(5, 18, 64).
cost(5, 19, 44).
cost(5, 20, 32).
cost(5, 21, 78).
cost(5, 22, 69).
cost(6, 1, 14).
cost(6, 2, 74).
cost(6, 3, 65).
cost(6, 4, 74).
cost(6, 5, 12).
cost(6, 7, 81).
cost(6, 8, 68).
cost(6, 9, 18).
cost(6, 10, 38).
cost(6, 11, 36).
cost(6, 12, 6).
cost(6, 13, 86).
cost(6, 14, 69).
cost(6, 15, 82).
cost(6, 16, 76).
cost(6, 17, 58).
cost(6, 18, 64).
cost(6, 19, 47).
cost(6, 20, 22).
cost(6, 21, 78).
cost(6, 22, 78).
cost(7, 1, 69).
cost(7, 2, 18).
cost(7, 3, 88).
cost(7, 4, 8).
cost(7, 5, 85).
cost(7, 6, 81).
cost(7, 8, 20).
cost(7, 9, 89).
cost(7, 10, 74).
cost(7, 11, 58).
cost(7, 12, 85).
cost(7, 13, 9).
cost(7, 14, 83).
cost(7, 15, 70).
cost(7, 16, 16).
cost(7, 17, 64).
cost(7, 18, 31).
cost(7, 19, 51).
cost(7, 20, 65).
cost(7, 21, 23).
cost(7, 22, 89).
cost(8, 1, 55).
cost(8, 2, 30).
cost(8, 3, 68).
cost(8, 4, 19).
cost(8, 5, 70).
cost(8, 6, 68).
cost(8, 7, 20).
cost(8, 9, 79).
cost(8, 10, 55).
cost(8, 11, 40).
cost(8, 12, 73).
cost(8, 13, 29).
cost(8, 14, 63).
cost(8, 15, 52).
cost(8, 16, 8).
cost(8, 17, 44).
cost(8, 18, 11).
cost(8, 19, 32).
cost(8, 20, 55).
cost(8, 21, 11).
cost(8, 22, 69).
cost(9, 1, 30).
cost(9, 2, 78).
cost(9, 3, 83).
cost(9, 4, 81).
cost(9, 5, 29).
cost(9, 6, 18).
cost(9, 7, 89).
cost(9, 8, 79).
cost(9, 10, 56).
cost(9, 11, 53).
cost(9, 12, 12).
cost(9, 13, 93).
cost(9, 14, 87).
cost(9, 15, 100).
cost(9, 16, 87).
cost(9, 17, 76).
cost(9, 18, 77).
cost(9, 19, 63).
cost(9, 20, 25).
cost(9, 21, 90).
cost(9, 22, 96).
cost(10, 1, 29).
cost(10, 2, 76).
cost(10, 3, 27).
cost(10, 4, 70).
cost(10, 5, 29).
cost(10, 6, 38).
cost(10, 7, 74).
cost(10, 8, 55).
cost(10, 9, 56).
cost(10, 11, 17).
cost(10, 12, 44).
cost(10, 13, 82).
cost(10, 14, 31).
cost(10, 15, 47).
cost(10, 16, 62).
cost(10, 17, 23).
cost(10, 18, 46).
cost(10, 19, 24).
cost(10, 20, 47).
cost(10, 21, 60).
cost(10, 22, 40).
cost(11, 1, 23).
cost(11, 2, 59).
cost(11, 3, 40).
cost(11, 4, 54).
cost(11, 5, 33).
cost(11, 6, 36).
cost(11, 7, 58).
cost(11, 8, 40).
cost(11, 9, 53).
cost(11, 10, 17).
cost(11, 12, 42).
cost(11, 13, 66).
cost(11, 14, 40).
cost(11, 15, 47).
cost(11, 16, 47).
cost(11, 17, 24).
cost(11, 18, 32).
cost(11, 19, 11).
cost(11, 20, 37).
cost(11, 21, 46).
cost(11, 22, 49).
cost(12, 1, 20).
cost(12, 2, 76).
cost(12, 3, 71).
cost(12, 4, 78).
cost(12, 5, 18).
cost(12, 6, 6).
cost(12, 7, 85).
cost(12, 8, 73).
cost(12, 9, 12).
cost(12, 10, 44).
cost(12, 11, 42).
cost(12, 13, 89).
cost(12, 14, 75).
cost(12, 15, 89).
cost(12, 16, 81).
cost(12, 17, 65).
cost(12, 18, 69).
cost(12, 19, 53).
cost(12, 20, 22).
cost(12, 21, 83).
cost(12, 22, 85).
cost(13, 1, 75).
cost(13, 2, 16).
cost(13, 3, 96).
cost(13, 4, 12).
cost(13, 5, 91).
cost(13, 6, 86).
cost(13, 7, 9).
cost(13, 8, 29).
cost(13, 9, 93).
cost(13, 10, 82).
cost(13, 11, 66).
cost(13, 12, 89).
cost(13, 14, 92).
cost(13, 15, 79).
cost(13, 16, 25).
cost(13, 17, 73).
cost(13, 18, 40).
cost(13, 19, 59).
cost(13, 20, 68).
cost(13, 21, 32).
cost(13, 22, 98).
cost(14, 1, 59).
cost(14, 2, 91).
cost(14, 3, 8).
cost(14, 4, 82).
cost(14, 5, 59).
cost(14, 6, 69).
cost(14, 7, 83).
cost(14, 8, 63).
cost(14, 9, 87).
cost(14, 10, 31).
cost(14, 11, 40).
cost(14, 12, 75).
cost(14, 13, 92).
cost(14, 15, 25).
cost(14, 16, 68).
cost(14, 17, 20).
cost(14, 18, 52).
cost(14, 19, 37).
cost(14, 20, 76).
cost(14, 21, 63).
cost(14, 22, 10).
cost(15, 1, 70).
cost(15, 2, 82).
cost(15, 3, 33).
cost(15, 4, 71).
cost(15, 5, 76).
cost(15, 6, 82).
cost(15, 7, 70).
cost(15, 8, 52).
cost(15, 9, 100).
cost(15, 10, 47).
cost(15, 11, 47).
cost(15, 12, 89).
cost(15, 13, 79).
cost(15, 14, 25).
cost(15, 16, 54).
cost(15, 17, 24).
cost(15, 18, 42).
cost(15, 19, 39).
cost(15, 20, 84).
cost(15, 21, 47).
cost(15, 22, 24).
cost(16, 1, 63).
cost(16, 2, 31).
cost(16, 3, 72).
cost(16, 4, 19).
cost(16, 5, 78).
cost(16, 6, 76).
cost(16, 7, 16).
cost(16, 8, 8).
cost(16, 9, 87).
cost(16, 10, 62).
cost(16, 11, 47).
cost(16, 12, 81).
cost(16, 13, 25).
cost(16, 14, 68).
cost(16, 15, 54).
cost(16, 17, 49).
cost(16, 18, 16).
cost(16, 19, 38).
cost(16, 20, 63).
cost(16, 21, 7).
cost(16, 22, 73).
cost(17, 1, 46).
cost(17, 2, 71).
cost(17, 3, 23).
cost(17, 4, 63).
cost(17, 5, 52).
cost(17, 6, 58).
cost(17, 7, 64).
cost(17, 8, 44).
cost(17, 9, 76).
cost(17, 10, 23).
cost(17, 11, 24).
cost(17, 12, 65).
cost(17, 13, 73).
cost(17, 14, 20).
cost(17, 15, 24).
cost(17, 16, 49).
cost(17, 18, 33).
cost(17, 19, 18).
cost(17, 20, 61).
cost(17, 21, 45).
cost(17, 22, 27).
cost(18, 1, 50).
cost(18, 2, 40).
cost(18, 3, 57).
cost(18, 4, 30).
cost(18, 5, 64).
cost(18, 6, 64).
cost(18, 7, 31).
cost(18, 8, 11).
cost(18, 9, 77).
cost(18, 10, 46).
cost(18, 11, 32).
cost(18, 12, 69).
cost(18, 13, 40).
cost(18, 14, 52).
cost(18, 15, 42).
cost(18, 16, 16).
cost(18, 17, 33).
cost(18, 19, 22).
cost(18, 20, 54).
cost(18, 21, 15).
cost(18, 22, 58).
cost(19, 1, 34).
cost(19, 2, 55).
cost(19, 3, 39).
cost(19, 4, 48).
cost(19, 5, 44).
cost(19, 6, 47).
cost(19, 7, 51).
cost(19, 8, 32).
cost(19, 9, 63).
cost(19, 10, 24).
cost(19, 11, 11).
cost(19, 12, 53).
cost(19, 13, 59).
cost(19, 14, 37).
cost(19, 15, 39).
cost(19, 16, 38).
cost(19, 17, 18).
cost(19, 18, 22).
cost(19, 20, 45).
cost(19, 21, 36).
cost(19, 22, 46).
cost(20, 1, 19).
cost(20, 2, 54).
cost(20, 3, 74).
cost(20, 4, 57).
cost(20, 5, 32).
cost(20, 6, 22).
cost(20, 7, 65).
cost(20, 8, 55).
cost(20, 9, 25).
cost(20, 10, 47).
cost(20, 11, 37).
cost(20, 12, 22).
cost(20, 13, 68).
cost(20, 14, 76).
cost(20, 15, 84).
cost(20, 16, 63).
cost(20, 17, 61).
cost(20, 18, 54).
cost(20, 19, 45).
cost(20, 21, 66).
cost(20, 22, 86).
cost(21, 1, 64).
cost(21, 2, 38).
cost(21, 3, 68).
cost(21, 4, 26).
cost(21, 5, 78).
cost(21, 6, 78).
cost(21, 7, 23).
cost(21, 8, 11).
cost(21, 9, 90).
cost(21, 10, 60).
cost(21, 11, 46).
cost(21, 12, 83).
cost(21, 13, 32).
cost(21, 14, 63).
cost(21, 15, 47).
cost(21, 16, 7).
cost(21, 17, 45).
cost(21, 18, 15).
cost(21, 19, 36).
cost(21, 20, 66).
cost(21, 22, 67).
cost(22, 1, 68).
cost(22, 2, 98).
cost(22, 3, 15).
cost(22, 4, 88).
cost(22, 5, 69).
cost(22, 6, 78).
cost(22, 7, 89).
cost(22, 8, 69).
cost(22, 9, 96).
cost(22, 10, 40).
cost(22, 11, 49).
cost(22, 12, 85).
cost(22, 13, 98).
cost(22, 14, 10).
cost(22, 15, 24).
cost(22, 16, 73).
cost(22, 17, 27).
cost(22, 18, 58).
cost(22, 19, 46).
cost(22, 20, 86).
cost(22, 21, 67).
