dimension(22).
point(1, 8.7020181985, 79.1704326693).
point(2, 40.7032904032, 85.4720697787).
point(3, 60.7128474974, 68.2442583249).
point(4, 3.4347437986, 61.1199011859).
point(5, 38.4625843883, 44.8006313498).
point(6, 14.8214048063, 60.7350722441).
point(7, 29.8068278132, 75.023002919).
point(8, 53.9476851557, 44.3996474546).
point(9, 88.6605649499, 35.2660601707).
point(10, 69.0995027905, 62.6394266254).
point(11, 39.3673500889, 32.4439838735).
point(12, 41.5314232777, 79.5439414631).
point(13, 67.2906362385, 77.9494900001).
point(14, 76.8996026432, 72.1954878531).
point(15, 12.4997610671, 71.8218548216).
point(16, 70.7176793127, 52.5648526595).
point(17, 42.7853563276, 28.619952598).
point(18, 53.5686311021, 27.2741797468).
point(19, 35.5371165023, 89.2498805672).
point(20, 89.4507958098, 27.7027263043).
point(21, 80.3253867418, 14.4912202624).
point(22, 97.8527403534, 33.510229481).
cost(1, 2, 33).
cost(1, 3, 53).
cost(1, 4, 19).
cost(1, 5, 45).
cost(1, 6, 19).
cost(1, 7, 22).
cost(1, 8, 57).
cost(1, 9, 91).
cost(1, 10, 63).
cost(1, 11, 56).
cost(1, 12, 33).
cost(1, 13, 59).
cost(1, 14, 69).
cost(1, 15, 8).
cost(1, 16, 67).
cost(1, 17, 61).
cost(1, 18, 69).
cost(1, 19, 29).
cost(1, 20, 96).
cost(1, 21, 97).
cost(1, 22, 100).
cost(2, 1, 33).
cost(2, 3, 26).
cost(2, 4, 45).
cost(2, 5, 41).
cost(2, 6, 36).
cost(2, 7, 15).
cost(2, 8, 43).
cost(2, 9, 69).
cost(2, 10, 36).
cost(2, 11, 53).
cost(2, 12, 6).
cost(2, 13, 28).
cost(2, 14, 39).
cost(2, 15, 31).
cost(2, 16, 45).
cost(2, 17, 57).
cost(2, 18, 60).
cost(2, 19, 6).
cost(2, 20, 76).
cost(2, 21, 81).
cost(2, 22, 77).
cost(3, 1, 53).
cost(3, 2, 26).
cost(3, 4, 58).
cost(3, 5, 32).
cost(3, 6, 47).
cost(3, 7, 32).
cost(3, 8, 25).
cost(3, 9, 43).
cost(3, 10, 10).
cost(3, 11, 42).
cost(3, 12, 22).
cost(3, 13, 12).
cost(3, 14, 17).
cost(3, 15, 48).
cost(3, 16, 19).
cost(3, 17, 43).
cost(3, 18, 42).
cost(3, 19, 33).
cost(3, 20, 50).
cost(3, 21, 57).
cost(3, 22, 51).
cost(4, 1, 19).
cost(4, 2, 45).
cost(4, 3, 58).
cost(4, 5, 39).
cost(4, 6, 11).
cost(4, 7, 30).
cost(4, 8, 53).
cost(4, 9, 89).
cost(4, 10, 66).
cost(4, 11, 46).
cost(4, 12, 42).
cost(4, 13, 66).
cost(4, 14, 74).
cost(4, 15, 14).
cost(4, 16, 68).
cost(4, 17, 51).
cost(4, 18, 60).
cost(4, 19, 43).
cost(4, 20, 92).
cost(4, 21, 90).
cost(4, 22, 98).
cost(5, 1, 45).
cost(5, 2, 41).
cost(5, 3, 32).
cost(5, 4, 39).
cost(5, 6, 29).
cost(5, 7, 31).
cost(5, 8, 15).
cost(5, 9, 51).
cost(5, 10, 35).
cost(5, 11, 12).
cost(5, 12, 35).
cost(5, 13, 44).
cost(5, 14, 47).
cost(5, 15, 37).
cost(5, 16, 33).
cost(5, 17, 17).
cost(5, 18, 23).
cost(5, 19, 45).
cost(5, 20, 54).
cost(5, 21, 52).
cost(5, 22, 60).
cost(6, 1, 19).
cost(6, 2, 36).
cost(6, 3, 47).
cost(6, 4, 11).
cost(6, 5, 29).
cost(6, 7, 21).
cost(6, 8, 42).
cost(6, 9, 78).
cost(6, 10, 54).
cost(6, 11, 37).
cost(6, 12, 33).
cost(6, 13, 55).
cost(6, 14, 63).
cost(6, 15, 11).
cost(6, 16, 56).
cost(6, 17, 43).
cost(6, 18, 51).
cost(6, 19, 35).
cost(6, 20, 82).
cost(6, 21, 80).
cost(6, 22, 87).
cost(7, 1, 22).
cost(7, 2, 15).
cost(7, 3, 32).
cost(7, 4, 30).
cost(7, 5, 31).
cost(7, 6, 21).
cost(7, 8, 39).
cost(7, 9, 71).
cost(7, 10, 41).
cost(7, 11, 44).
cost(7, 12, 13).
cost(7, 13, 38).
cost(7, 14, 47).
cost(7, 15, 18).
cost(7, 16, 47).
cost(7, 17, 48).
cost(7, 18, 53).
cost(7, 19, 15).
cost(7, 20, 76).
cost(7, 21, 79).
cost(7, 22, 80).
cost(8, 1, 57).
cost(8, 2, 43).
cost(8, 3, 25).
cost(8, 4, 53).
cost(8, 5, 15).
cost(8, 6, 42).
cost(8, 7, 39).
cost(8, 9, 36).
cost(8, 10, 24).
cost(8, 11, 19).
cost(8, 12, 37).
cost(8, 13, 36).
cost(8, 14, 36).
cost(8, 15, 50).
cost(8, 16, 19).
cost(8, 17, 19).
cost(8, 18, 17).
cost(8, 19, 48).
cost(8, 20, 39).
cost(8, 21, 40).
cost(8, 22, 45).
cost(9, 1, 91).
cost(9, 2, 69).
cost(9, 3, 43).
cost(9, 4, 89).
cost(9, 5, 51).
cost(9, 6, 78).
cost(9, 7, 71).
cost(9, 8, 36).
cost(9, 10, 34).
cost(9, 11, 49).
cost(9, 12, 65).
cost(9, 13, 48).
cost(9, 14, 39).
cost(9, 15, 84).
cost(9, 16, 25).
cost(9, 17, 46).
cost(9, 18, 36).
cost(9, 19, 76).
cost(9, 20, 8).
cost(9, 21, 22).
cost(9, 22, 9).
cost(10, 1, 63).
cost(10, 2, 36).
cost(10, 3, 10).
cost(10, 4, 66).
cost(10, 5, 35).
cost(10, 6, 54).
cost(10, 7, 41).
cost(10, 8, 24).
cost(10, 9, 34).
cost(10, 11, 42).
cost(10, 12, 32).
cost(10, 13, 15).
cost(10, 14, 12).
cost(10, 15, 57).
cost(10, 16, 10).
cost(10, 17, 43).
cost(10, 18, 39).
cost(10, 19, 43).
cost(10, 20, 40).
cost(10, 21, 49).
cost(10, 22, 41).
cost(11, 1, 56).
cost(11, 2, 53).
cost(11, 3, 42).
cost(11, 4, 46).
cost(11, 5, 12).
cost(11, 6, 37).
cost(11, 7, 44).
cost(11, 8, 19).
cost(11, 9, 49).
cost(11, 10, 42).
cost(11, 12, 47).
cost(11, 13, 53).
cost(11, 14, 55).
cost(11, 15, 48).
cost(11, 16, 37).
cost(11, 17, 5).
cost(11, 18, 15).
cost(11, 19, 57).
cost(11, 20, 50).
cost(11, 21, 45).
cost(11, 22, 58).
cost(12, 1, 33).
cost(12, 2, 6).
cost(12, 3, 22).
cost(12, 4, 42).
cost(12, 5, 35).
cost(12, 6, 33).
cost(12, 7, 13).
cost(12, 8, 37).
cost(12, 9, 65).
cost(12, 10, 32).
cost(12, 11, 47).
cost(12, 13, 26).
cost(12, 14, 36).
cost(12, 15, 30).
cost(12, 16, 40).
cost(12, 17, 51).
cost(12, 18, 54).
cost(12, 19, 11).
cost(12, 20, 71).
cost(12, 21, 76).
cost(12, 22, 73).
cost(13, 1, 59).
cost(13, 2, 28).
cost(13, 3, 12).
cost(13, 4, 66).
cost(13, 5, 44).
cost(13, 6, 55).
cost(13, 7, 38).
cost(13, 8, 36).
cost(13, 9, 48).
cost(13, 10, 15).
cost(13, 11, 53).
cost(13, 12, 26).
cost(13, 14, 11).
cost(13, 15, 55).
cost(13, 16, 26).
cost(13, 17, 55).
cost(13, 18, 53).
cost(13, 19, 34).
cost(13, 20, 55).
cost(13, 21, 65).
cost(13, 22, 54).
cost(14, 1, 69).
cost(14, 2, 39).
cost(14, 3, 17).
cost(14, 4, 74).
cost(14, 5, 47).
cost(14, 6, 63).
cost(14, 7, 47).
cost(14, 8, 36).
cost(14, 9, 39).
cost(14, 10, 12).
cost(14, 11, 55).
cost(14, 12, 36).
cost(14, 13, 11).
cost(14, 15, 64).
cost(14, 16, 21).
cost(14, 17, 55).
cost(14, 18, 51).
cost(14, 19, 45).
cost(14, 20, 46).
cost(14, 21, 58).
cost(14, 22, 44).
cost(15, 1, 8).
cost(15, 2, 31).
cost(15, 3, 48).
cost(15, 4, 14).
cost(15, 5, 37).
cost(15, 6, 11).
cost(15, 7, 18).
cost(15, 8, 50).
cost(15, 9, 84).
cost(15, 10, 57).
cost(15, 11, 48).
cost(15, 12, 30).
cost(15, 13, 55).
cost(15, 14, 64).
cost(15, 16, 61).
cost(15, 17, 53).
cost(15, 18, 61).
cost(15, 19, 29).
cost(15, 20, 89).
cost(15, 21, 89).
cost(15, 22, 94).
cost(16, 1, 67).
cost(16, 2, 45).
cost(16, 3, 19).
cost(16, 4, 68).
cost(16, 5, 33).
cost(16, 6, 56).
cost(16, 7, 47).
cost(16, 8, 19).
cost(16, 9, 25).
cost(16, 10, 10).
cost(16, 11, 37).
cost(16, 12, 40).
cost(16, 13, 26).
cost(16, 14, 21).
cost(16, 15, 61).
cost(16, 17, 37).
cost(16, 18, 31).
cost(16, 19, 51).
cost(16, 20, 31).
cost(16, 21, 39).
cost(16, 22, 33).
cost(17, 1, 61).
cost(17, 2, 57).
cost(17, 3, 43).
cost(17, 4, 51).
cost(17, 5, 17).
cost(17, 6, 43).
cost(17, 7, 48).
cost(17, 8, 19).
cost(17, 9, 46).
cost(17, 10, 43).
cost(17, 11, 5).
cost(17, 12, 51).
cost(17, 13, 55).
cost(17, 14, 55).
cost(17, 15, 53).
cost(17, 16, 37).
cost(17, 18, 11).
cost(17, 19, 61).
cost(17, 20, 47).
cost(17, 21, 40).
cost(17, 22, 55).
cost(18, 1, 69).
cost(18, 2, 60).
cost(18, 3, 42).
cost(18, 4, 60).
cost(18, 5, 23).
cost(18, 6, 51).
cost(18, 7, 53).
cost(18, 8, 17).
cost(18, 9, 36).
cost(18, 10, 39).
cost(18, 11, 15).
cost(18, 12, 54).
cost(18, 13, 53).
cost(18, 14, 51).
cost(18, 15, 61).
cost(18, 16, 31).
cost(18, 17, 11).
cost(18, 19, 65).
cost(18, 20, 36).
cost(18, 21, 30).
cost(18, 22, 45).
cost(19, 1, 29).
cost(19, 2, 6).
cost(19, 3, 33).
cost(19, 4, 43).
cost(19, 5, 45).
cost(19, 6, 35).
cost(19, 7, 15).
cost(19, 8, 48).
cost(19, 9, 76).
cost(19, 10, 43).
cost(19, 11, 57).
cost(19, 12, 11).
cost(19, 13, 34).
cost(19, 14, 45).
cost(19, 15, 29).
cost(19, 16, 51).
cost(19, 17, 61).
cost(19, 18, 65).
cost(19, 20, 82).
cost(19, 21, 87).
cost(19, 22, 84).
cost(20, 1, 96).
cost(20, 2, 76).
cost(20, 3, 50).
cost(20, 4, 92).
cost(20, 5, 54).
cost(20, 6, 82).
cost(20, 7, 76).
cost(20, 8, 39).
cost(20, 9, 8).
cost(20, 10, 40).
cost(20, 11, 50).
cost(20, 12, 71).
cost(20, 13, 55).
cost(20, 14, 46).
cost(20, 15, 89).
cost(20, 16, 31).
cost(20, 17, 47).
cost(20, 18, 36).
cost(20, 19, 82).
cost(20, 21, 16).
cost(20, 22, 10).
cost(21, 1, 97).
cost(21, 2, 81).
cost(21, 3, 57).
cost(21, 4, 90).
cost(21, 5, 52).
cost(21, 6, 80).
cost(21, 7, 79).
cost(21, 8, 40).
cost(21, 9, 22).
cost(21, 10, 49).
cost(21, 11, 45).
cost(21, 12, 76).
cost(21, 13, 65).
cost(21, 14, 58).
cost(21, 15, 89).
cost(21, 16, 39).
cost(21, 17, 40).
cost(21, 18, 30).
cost(21, 19, 87).
cost(21, 20, 16).
cost(21, 22, 26).
cost(22, 1, 100).
cost(22, 2, 77).
cost(22, 3, 51).
cost(22, 4, 98).
cost(22, 5, 60).
cost(22, 6, 87).
cost(22, 7, 80).
cost(22, 8, 45).
cost(22, 9, 9).
cost(22, 10, 41).
cost(22, 11, 58).
cost(22, 12, 73).
cost(22, 13, 54).
cost(22, 14, 44).
cost(22, 15, 94).
cost(22, 16, 33).
cost(22, 17, 55).
cost(22, 18, 45).
cost(22, 19, 84).
cost(22, 20, 10).
cost(22, 21, 26).
