dimension(26).
point(1, 7.9396530451, 48.3401433429).
point(2, 12.8246055097, 51.0543350952).
point(3, 69.7276925863, 12.186021742).
point(4, 93.3846134664, 10.958252552).
point(5, 13.8919519834, 85.5881639157).
point(6, 74.2926093379, 46.4836801637).
point(7, 5.4002357507, 84.5000886357).
point(8, 65.4777618184, 87.9353934276).
point(9, 57.2795363043, 33.6282492396).
point(10, 88.5319915835, 68.7957758084).
point(11, 72.345926674, 56.9642794687).
point(12, 67.4827816003, 41.9700597472).
point(13, 52.9934976312, 72.1638985127).
point(14, 76.1559604099, 40.8068449084).
point(15, 57.4505983558, 43.2335104096).
point(16, 38.1020081679, 42.9455048954).
point(17, 42.5017888399, 28.1517683049).
point(18, 75.7453268355, 3.0964310716).
point(19, 96.7143011729, 29.4194753737).
point(20, 42.302603357, 78.3311422527).
point(21, 26.6561357066, 79.7892411982).
point(22, 35.8043872293, 30.0312557625).
point(23, 96.2671987853, 8.5339172971).
point(24, 28.9192119689, 73.175650818).
point(25, 52.8994199257, 36.0464664232).
point(26, 44.8775248139, 83.2645599921).
cost(1, 2, 6).
cost(1, 3, 72).
cost(1, 4, 93).
cost(1, 5, 38).
cost(1, 6, 66).
cost(1, 7, 36).
cost(1, 8, 70).
cost(1, 9, 51).
cost(1, 10, 83).
cost(1, 11, 65).
cost(1, 12, 60).
cost(1, 13, 51).
cost(1, 14, 69).
cost(1, 15, 50).
cost(1, 16, 31).
cost(1, 17, 40).
cost(1, 18, 82).
cost(1, 19, 91).
cost(1, 20, 46).
cost(1, 21, 37).
cost(1, 22, 33).
cost(1, 23, 97).
cost(1, 24, 33).
cost(1, 25, 47).
cost(1, 26, 51).
cost(2, 1, 6).
cost(2, 3, 69).
cost(2, 4, 90).
cost(2, 5, 35).
cost(2, 6, 62).
cost(2, 7, 34).
cost(2, 8, 64).
cost(2, 9, 48).
cost(2, 10, 78).
cost(2, 11, 60).
cost(2, 12, 55).
cost(2, 13, 45).
cost(2, 14, 64).
cost(2, 15, 45).
cost(2, 16, 27).
cost(2, 17, 37).
cost(2, 18, 79).
cost(2, 19, 87).
cost(2, 20, 40).
cost(2, 21, 32).
cost(2, 22, 31).
cost(2, 23, 94).
cost(2, 24, 27).
cost(2, 25, 43).
cost(2, 26, 45).
cost(3, 1, 72).
cost(3, 2, 69).
cost(3, 4, 24).
cost(3, 5, 92).
cost(3, 6, 35).
cost(3, 7, 97).
cost(3, 8, 76).
cost(3, 9, 25).
cost(3, 10, 60).
cost(3, 11, 45).
cost(3, 12, 30).
cost(3, 13, 62).
cost(3, 14, 29).
cost(3, 15, 33).
cost(3, 16, 44).
cost(3, 17, 32).
cost(3, 18, 11).
cost(3, 19, 32).
cost(3, 20, 72).
cost(3, 21, 80).
cost(3, 22, 38).
cost(3, 23, 27).
cost(3, 24, 73).
cost(3, 25, 29).
cost(3, 26, 75).
cost(4, 1, 93).
cost(4, 2, 90).
cost(4, 3, 24).
cost(4, 5, 109).
cost(4, 6, 40).
cost(4, 7, 115).
cost(4, 8, 82).
cost(4, 9, 43).
cost(4, 10, 58).
cost(4, 11, 51).
cost(4, 12, 40).
cost(4, 13, 73).
cost(4, 14, 34).
cost(4, 15, 48).
cost(4, 16, 64).
cost(4, 17, 54).
cost(4, 18, 19).
cost(4, 19, 19).
cost(4, 20, 85).
cost(4, 21, 96).
cost(4, 22, 61).
cost(4, 23, 4).
cost(4, 24, 90).
cost(4, 25, 48).
cost(4, 26, 87).
cost(5, 1, 38).
cost(5, 2, 35).
cost(5, 3, 92).
cost(5, 4, 109).
cost(5, 6, 72).
cost(5, 7, 9).
cost(5, 8, 52).
cost(5, 9, 68).
cost(5, 10, 77).
cost(5, 11, 65).
cost(5, 12, 69).
cost(5, 13, 41).
cost(5, 14, 77).
cost(5, 15, 61).
cost(5, 16, 49).
cost(5, 17, 64).
cost(5, 18, 103).
cost(5, 19, 100).
cost(5, 20, 29).
cost(5, 21, 14).
cost(5, 22, 60).
cost(5, 23, 113).
cost(5, 24, 19).
cost(5, 25, 63).
cost(5, 26, 31).
cost(6, 1, 66).
cost(6, 2, 62).
cost(6, 3, 35).
cost(6, 4, 40).
cost(6, 5, 72).
cost(6, 7, 79).
cost(6, 8, 42).
cost(6, 9, 21).
cost(6, 10, 26).
cost(6, 11, 11).
cost(6, 12, 8).
cost(6, 13, 33).
cost(6, 14, 6).
cost(6, 15, 17).
cost(6, 16, 36).
cost(6, 17, 37).
cost(6, 18, 43).
cost(6, 19, 28).
cost(6, 20, 45).
cost(6, 21, 58).
cost(6, 22, 42).
cost(6, 23, 44).
cost(6, 24, 53).
cost(6, 25, 24).
cost(6, 26, 47).
cost(7, 1, 36).
cost(7, 2, 34).
cost(7, 3, 97).
cost(7, 4, 115).
cost(7, 5, 9).
cost(7, 6, 79).
cost(7, 8, 60).
cost(7, 9, 73).
cost(7, 10, 85).
cost(7, 11, 72).
cost(7, 12, 75).
cost(7, 13, 49).
cost(7, 14, 83).
cost(7, 15, 66).
cost(7, 16, 53).
cost(7, 17, 67).
cost(7, 18, 108).
cost(7, 19, 107).
cost(7, 20, 37).
cost(7, 21, 22).
cost(7, 22, 62).
cost(7, 23, 118).
cost(7, 24, 26).
cost(7, 25, 68).
cost(7, 26, 39).
cost(8, 1, 70).
cost(8, 2, 64).
cost(8, 3, 76).
cost(8, 4, 82).
cost(8, 5, 52).
cost(8, 6, 42).
cost(8, 7, 60).
cost(8, 9, 55).
cost(8, 10, 30).
cost(8, 11, 32).
cost(8, 12, 46).
cost(8, 13, 20).
cost(8, 14, 48).
cost(8, 15, 45).
cost(8, 16, 53).
cost(8, 17, 64).
cost(8, 18, 85).
cost(8, 19, 66).
cost(8, 20, 25).
cost(8, 21, 40).
cost(8, 22, 65).
cost(8, 23, 85).
cost(8, 24, 39).
cost(8, 25, 53).
cost(8, 26, 21).
cost(9, 1, 51).
cost(9, 2, 48).
cost(9, 3, 25).
cost(9, 4, 43).
cost(9, 5, 68).
cost(9, 6, 21).
cost(9, 7, 73).
cost(9, 8, 55).
cost(9, 10, 47).
cost(9, 11, 28).
cost(9, 12, 13).
cost(9, 13, 39).
cost(9, 14, 20).
cost(9, 15, 10).
cost(9, 16, 21).
cost(9, 17, 16).
cost(9, 18, 36).
cost(9, 19, 40).
cost(9, 20, 47).
cost(9, 21, 55).
cost(9, 22, 22).
cost(9, 23, 46).
cost(9, 24, 49).
cost(9, 25, 5).
cost(9, 26, 51).
cost(10, 1, 83).
cost(10, 2, 78).
cost(10, 3, 60).
cost(10, 4, 58).
cost(10, 5, 77).
cost(10, 6, 26).
cost(10, 7, 85).
cost(10, 8, 30).
cost(10, 9, 47).
cost(10, 11, 20).
cost(10, 12, 34).
cost(10, 13, 36).
cost(10, 14, 31).
cost(10, 15, 40).
cost(10, 16, 57).
cost(10, 17, 61).
cost(10, 18, 67).
cost(10, 19, 40).
cost(10, 20, 47).
cost(10, 21, 63).
cost(10, 22, 65).
cost(10, 23, 61).
cost(10, 24, 60).
cost(10, 25, 48).
cost(10, 26, 46).
cost(11, 1, 65).
cost(11, 2, 60).
cost(11, 3, 45).
cost(11, 4, 51).
cost(11, 5, 65).
cost(11, 6, 11).
cost(11, 7, 72).
cost(11, 8, 32).
cost(11, 9, 28).
cost(11, 10, 20).
cost(11, 12, 16).
cost(11, 13, 25).
cost(11, 14, 17).
cost(11, 15, 20).
cost(11, 16, 37).
cost(11, 17, 41).
cost(11, 18, 54).
cost(11, 19, 37).
cost(11, 20, 37).
cost(11, 21, 51).
cost(11, 22, 45).
cost(11, 23, 54).
cost(11, 24, 46).
cost(11, 25, 29).
cost(11, 26, 38).
cost(12, 1, 60).
cost(12, 2, 55).
cost(12, 3, 30).
cost(12, 4, 40).
cost(12, 5, 69).
cost(12, 6, 8).
cost(12, 7, 75).
cost(12, 8, 46).
cost(12, 9, 13).
cost(12, 10, 34).
cost(12, 11, 16).
cost(12, 13, 33).
cost(12, 14, 9).
cost(12, 15, 10).
cost(12, 16, 29).
cost(12, 17, 29).
cost(12, 18, 40).
cost(12, 19, 32).
cost(12, 20, 44).
cost(12, 21, 56).
cost(12, 22, 34).
cost(12, 23, 44).
cost(12, 24, 50).
cost(12, 25, 16).
cost(12, 26, 47).
cost(13, 1, 51).
cost(13, 2, 45).
cost(13, 3, 62).
cost(13, 4, 73).
cost(13, 5, 41).
cost(13, 6, 33).
cost(13, 7, 49).
cost(13, 8, 20).
cost(13, 9, 39).
cost(13, 10, 36).
cost(13, 11, 25).
cost(13, 12, 33).
cost(13, 14, 39).
cost(13, 15, 29).
cost(13, 16, 33).
cost(13, 17, 45).
cost(13, 18, 73).
cost(13, 19, 61).
cost(13, 20, 12).
cost(13, 21, 27).
cost(13, 22, 46).
cost(13, 23, 77).
cost(13, 24, 24).
cost(13, 25, 36).
cost(13, 26, 14).
cost(14, 1, 69).
cost(14, 2, 64).
cost(14, 3, 29).
cost(14, 4, 34).
cost(14, 5, 77).
cost(14, 6, 6).
cost(14, 7, 83).
cost(14, 8, 48).
cost(14, 9, 20).
cost(14, 10, 31).
cost(14, 11, 17).
cost(14, 12, 9).
cost(14, 13, 39).
cost(14, 15, 19).
cost(14, 16, 38).
cost(14, 17, 36).
cost(14, 18, 38).
cost(14, 19, 24).
cost(14, 20, 51).
cost(14, 21, 63).
cost(14, 22, 42).
cost(14, 23, 38).
cost(14, 24, 57).
cost(14, 25, 24).
cost(14, 26, 53).
cost(15, 1, 50).
cost(15, 2, 45).
cost(15, 3, 33).
cost(15, 4, 48).
cost(15, 5, 61).
cost(15, 6, 17).
cost(15, 7, 66).
cost(15, 8, 45).
cost(15, 9, 10).
cost(15, 10, 40).
cost(15, 11, 20).
cost(15, 12, 10).
cost(15, 13, 29).
cost(15, 14, 19).
cost(15, 16, 19).
cost(15, 17, 21).
cost(15, 18, 44).
cost(15, 19, 42).
cost(15, 20, 38).
cost(15, 21, 48).
cost(15, 22, 25).
cost(15, 23, 52).
cost(15, 24, 41).
cost(15, 25, 9).
cost(15, 26, 42).
cost(16, 1, 31).
cost(16, 2, 27).
cost(16, 3, 44).
cost(16, 4, 64).
cost(16, 5, 49).
cost(16, 6, 36).
cost(16, 7, 53).
cost(16, 8, 53).
cost(16, 9, 21).
cost(16, 10, 57).
cost(16, 11, 37).
cost(16, 12, 29).
cost(16, 13, 33).
cost(16, 14, 38).
cost(16, 15, 19).
cost(16, 17, 15).
cost(16, 18, 55).
cost(16, 19, 60).
cost(16, 20, 36).
cost(16, 21, 39).
cost(16, 22, 13).
cost(16, 23, 68).
cost(16, 24, 32).
cost(16, 25, 16).
cost(16, 26, 41).
cost(17, 1, 40).
cost(17, 2, 37).
cost(17, 3, 32).
cost(17, 4, 54).
cost(17, 5, 64).
cost(17, 6, 37).
cost(17, 7, 67).
cost(17, 8, 64).
cost(17, 9, 16).
cost(17, 10, 61).
cost(17, 11, 41).
cost(17, 12, 29).
cost(17, 13, 45).
cost(17, 14, 36).
cost(17, 15, 21).
cost(17, 16, 15).
cost(17, 18, 42).
cost(17, 19, 54).
cost(17, 20, 50).
cost(17, 21, 54).
cost(17, 22, 7).
cost(17, 23, 57).
cost(17, 24, 47).
cost(17, 25, 13).
cost(17, 26, 55).
cost(18, 1, 82).
cost(18, 2, 79).
cost(18, 3, 11).
cost(18, 4, 19).
cost(18, 5, 103).
cost(18, 6, 43).
cost(18, 7, 108).
cost(18, 8, 85).
cost(18, 9, 36).
cost(18, 10, 67).
cost(18, 11, 54).
cost(18, 12, 40).
cost(18, 13, 73).
cost(18, 14, 38).
cost(18, 15, 44).
cost(18, 16, 55).
cost(18, 17, 42).
cost(18, 19, 34).
cost(18, 20, 82).
cost(18, 21, 91).
cost(18, 22, 48).
cost(18, 23, 21).
cost(18, 24, 84).
cost(18, 25, 40).
cost(18, 26, 86).
cost(19, 1, 91).
cost(19, 2, 87).
cost(19, 3, 32).
cost(19, 4, 19).
cost(19, 5, 100).
cost(19, 6, 28).
cost(19, 7, 107).
cost(19, 8, 66).
cost(19, 9, 40).
cost(19, 10, 40).
cost(19, 11, 37).
cost(19, 12, 32).
cost(19, 13, 61).
cost(19, 14, 24).
cost(19, 15, 42).
cost(19, 16, 60).
cost(19, 17, 54).
cost(19, 18, 34).
cost(19, 20, 73).
cost(19, 21, 86).
cost(19, 22, 61).
cost(19, 23, 21).
cost(19, 24, 81).
cost(19, 25, 44).
cost(19, 26, 75).
cost(20, 1, 46).
cost(20, 2, 40).
cost(20, 3, 72).
cost(20, 4, 85).
cost(20, 5, 29).
cost(20, 6, 45).
cost(20, 7, 37).
cost(20, 8, 25).
cost(20, 9, 47).
cost(20, 10, 47).
cost(20, 11, 37).
cost(20, 12, 44).
cost(20, 13, 12).
cost(20, 14, 51).
cost(20, 15, 38).
cost(20, 16, 36).
cost(20, 17, 50).
cost(20, 18, 82).
cost(20, 19, 73).
cost(20, 21, 16).
cost(20, 22, 49).
cost(20, 23, 88).
cost(20, 24, 14).
cost(20, 25, 44).
cost(20, 26, 6).
cost(21, 1, 37).
cost(21, 2, 32).
cost(21, 3, 80).
cost(21, 4, 96).
cost(21, 5, 14).
cost(21, 6, 58).
cost(21, 7, 22).
cost(21, 8, 40).
cost(21, 9, 55).
cost(21, 10, 63).
cost(21, 11, 51).
cost(21, 12, 56).
cost(21, 13, 27).
cost(21, 14, 63).
cost(21, 15, 48).
cost(21, 16, 39).
cost(21, 17, 54).
cost(21, 18, 91).
cost(21, 19, 86).
cost(21, 20, 16).
cost(21, 22, 51).
cost(21, 23, 100).
cost(21, 24, 7).
cost(21, 25, 51).
cost(21, 26, 19).
cost(22, 1, 33).
cost(22, 2, 31).
cost(22, 3, 38).
cost(22, 4, 61).
cost(22, 5, 60).
cost(22, 6, 42).
cost(22, 7, 62).
cost(22, 8, 65).
cost(22, 9, 22).
cost(22, 10, 65).
cost(22, 11, 45).
cost(22, 12, 34).
cost(22, 13, 46).
cost(22, 14, 42).
cost(22, 15, 25).
cost(22, 16, 13).
cost(22, 17, 7).
cost(22, 18, 48).
cost(22, 19, 61).
cost(22, 20, 49).
cost(22, 21, 51).
cost(22, 23, 64).
cost(22, 24, 44).
cost(22, 25, 18).
cost(22, 26, 54).
cost(23, 1, 97).
cost(23, 2, 94).
cost(23, 3, 27).
cost(23, 4, 4).
cost(23, 5, 113).
cost(23, 6, 44).
cost(23, 7, 118).
cost(23, 8, 85).
cost(23, 9, 46).
cost(23, 10, 61).
cost(23, 11, 54).
cost(23, 12, 44).
cost(23, 13, 77).
cost(23, 14, 38).
cost(23, 15, 52).
cost(23, 16, 68).
cost(23, 17, 57).
cost(23, 18, 21).
cost(23, 19, 21).
cost(23, 20, 88).
cost(23, 21, 100).
cost(23, 22, 64).
cost(23, 24, 93).
cost(23, 25, 51).
cost(23, 26, 91).
cost(24, 1, 33).
cost(24, 2, 27).
cost(24, 3, 73).
cost(24, 4, 90).
cost(24, 5, 19).
cost(24, 6, 53).
cost(24, 7, 26).
cost(24, 8, 39).
cost(24, 9, 49).
cost(24, 10, 60).
cost(24, 11, 46).
cost(24, 12, 50).
cost(24, 13, 24).
cost(24, 14, 57).
cost(24, 15, 41).
cost(24, 16, 32).
cost(24, 17, 47).
cost(24, 18, 84).
cost(24, 19, 81).
cost(24, 20, 14).
cost(24, 21, 7).
cost(24, 22, 44).
cost(24, 23, 93).
cost(24, 25, 44).
cost(24, 26, 19).
cost(25, 1, 47).
cost(25, 2, 43).
cost(25, 3, 29).
cost(25, 4, 48).
cost(25, 5, 63).
cost(25, 6, 24).
cost(25, 7, 68).
cost(25, 8, 53).
cost(25, 9, 5).
cost(25, 10, 48).
cost(25, 11, 29).
cost(25, 12, 16).
cost(25, 13, 36).
cost(25, 14, 24).
cost(25, 15, 9).
cost(25, 16, 16).
cost(25, 17, 13).
cost(25, 18, 40).
cost(25, 19, 44).
cost(25, 20, 44).
cost(25, 21, 51).
cost(25, 22, 18).
cost(25, 23, 51).
cost(25, 24, 44).
cost(25, 26, 48).
cost(26, 1, 51).
cost(26, 2, 45).
cost(26, 3, 75).
cost(26, 4, 87).
cost(26, 5, 31).
cost(26, 6, 47).
cost(26, 7, 39).
cost(26, 8, 21).
cost(26, 9, 51).
cost(26, 10, 46).
cost(26, 11, 38).
cost(26, 12, 47).
cost(26, 13, 14).
cost(26, 14, 53).
cost(26, 15, 42).
cost(26, 16, 41).
cost(26, 17, 55).
cost(26, 18, 86).
cost(26, 19, 75).
cost(26, 20, 6).
cost(26, 21, 19).
cost(26, 22, 54).
cost(26, 23, 91).
cost(26, 24, 19).
cost(26, 25, 48).
