dimension(26).
point(1, 81.2896899173, 47.0024269242).
point(2, 24.0678333294, 76.3774426533).
point(3, 57.0040877306, 53.569673895).
point(4, 18.2414775603, 67.758536928).
point(5, 72.0383561383, 94.5853586922).
point(6, 90.1122891232, 48.9901945531).
point(7, 8.873693862, 77.2258856298).
point(8, 23.6931081761, 89.7460928185).
point(9, 96.5207641104, 66.8561181922).
point(10, 77.4267150781, 15.738230216).
point(11, 65.8592507533, 16.7443391738).
point(12, 91.1497202532, 59.263139463).
point(13, 4.9701751161, 47.0443571076).
point(14, 57.9365545319, 41.6631774369).
point(15, 15.6937692939, 68.8029620196).
point(16, 18.1225299878, 97.6203131679).
point(17, 46.886716445, 45.1823073165).
point(18, 45.0958001981, 9.1388993602).
point(19, 55.3091771239, 16.9451008294).
point(20, 52.8438179274, 49.8880016861).
point(21, 21.4711824762, 22.8578695619).
point(22, 51.8814890705, 80.6106845347).
point(23, 73.165995904, 32.018177101).
point(24, 68.461114807, 88.8619474029).
point(25, 29.2888189691, 79.5149852111).
point(26, 81.2602941595, 54.2225909599).
cost(1, 2, 64).
cost(1, 3, 25).
cost(1, 4, 66).
cost(1, 5, 48).
cost(1, 6, 9).
cost(1, 7, 78).
cost(1, 8, 72).
cost(1, 9, 25).
cost(1, 10, 32).
cost(1, 11, 34).
cost(1, 12, 16).
cost(1, 13, 76).
cost(1, 14, 24).
cost(1, 15, 69).
cost(1, 16, 81).
cost(1, 17, 34).
cost(1, 18, 52).
cost(1, 19, 40).
cost(1, 20, 29).
cost(1, 21, 65).
cost(1, 22, 45).
cost(1, 23, 17).
cost(1, 24, 44).
cost(1, 25, 61).
cost(1, 26, 7).
cost(2, 1, 64).
cost(2, 3, 40).
cost(2, 4, 10).
cost(2, 5, 51).
cost(2, 6, 71).
cost(2, 7, 15).
cost(2, 8, 13).
cost(2, 9, 73).
cost(2, 10, 81).
cost(2, 11, 73).
cost(2, 12, 69).
cost(2, 13, 35).
cost(2, 14, 48).
cost(2, 15, 11).
cost(2, 16, 22).
cost(2, 17, 39).
cost(2, 18, 70).
cost(2, 19, 67).
cost(2, 20, 39).
cost(2, 21, 54).
cost(2, 22, 28).
cost(2, 23, 66).
cost(2, 24, 46).
cost(2, 25, 6).
cost(2, 26, 61).
cost(3, 1, 25).
cost(3, 2, 40).
cost(3, 4, 41).
cost(3, 5, 44).
cost(3, 6, 33).
cost(3, 7, 54).
cost(3, 8, 49).
cost(3, 9, 42).
cost(3, 10, 43).
cost(3, 11, 38).
cost(3, 12, 35).
cost(3, 13, 52).
cost(3, 14, 12).
cost(3, 15, 44).
cost(3, 16, 59).
cost(3, 17, 13).
cost(3, 18, 46).
cost(3, 19, 37).
cost(3, 20, 6).
cost(3, 21, 47).
cost(3, 22, 28).
cost(3, 23, 27).
cost(3, 24, 37).
cost(3, 25, 38).
cost(3, 26, 24).
cost(4, 1, 66).
cost(4, 2, 10).
cost(4, 3, 41).
cost(4, 5, 60).
cost(4, 6, 74).
cost(4, 7, 13).
cost(4, 8, 23).
cost(4, 9, 78).
cost(4, 10, 79).
cost(4, 11, 70).
cost(4, 12, 73).
cost(4, 13, 25).
cost(4, 14, 48).
cost(4, 15, 3).
cost(4, 16, 30).
cost(4, 17, 36).
cost(4, 18, 64).
cost(4, 19, 63).
cost(4, 20, 39).
cost(4, 21, 45).
cost(4, 22, 36).
cost(4, 23, 66).
cost(4, 24, 54).
cost(4, 25, 16).
cost(4, 26, 64).
cost(5, 1, 48).
cost(5, 2, 51).
cost(5, 3, 44).
cost(5, 4, 60).
cost(5, 6, 49).
cost(5, 7, 66).
cost(5, 8, 49).
cost(5, 9, 37).
cost(5, 10, 79).
cost(5, 11, 78).
cost(5, 12, 40).
cost(5, 13, 82).
cost(5, 14, 55).
cost(5, 15, 62).
cost(5, 16, 54).
cost(5, 17, 55).
cost(5, 18, 90).
cost(5, 19, 79).
cost(5, 20, 49).
cost(5, 21, 88).
cost(5, 22, 25).
cost(5, 23, 63).
cost(5, 24, 7).
cost(5, 25, 45).
cost(5, 26, 41).
cost(6, 1, 9).
cost(6, 2, 71).
cost(6, 3, 33).
cost(6, 4, 74).
cost(6, 5, 49).
cost(6, 7, 86).
cost(6, 8, 78).
cost(6, 9, 19).
cost(6, 10, 36).
cost(6, 11, 40).
cost(6, 12, 10).
cost(6, 13, 85).
cost(6, 14, 33).
cost(6, 15, 77).
cost(6, 16, 87).
cost(6, 17, 43).
cost(6, 18, 60).
cost(6, 19, 47).
cost(6, 20, 37).
cost(6, 21, 73).
cost(6, 22, 50).
cost(6, 23, 24).
cost(6, 24, 45).
cost(6, 25, 68).
cost(6, 26, 10).
cost(7, 1, 78).
cost(7, 2, 15).
cost(7, 3, 54).
cost(7, 4, 13).
cost(7, 5, 66).
cost(7, 6, 86).
cost(7, 8, 19).
cost(7, 9, 88).
cost(7, 10, 92).
cost(7, 11, 83).
cost(7, 12, 84).
cost(7, 13, 30).
cost(7, 14, 61).
cost(7, 15, 11).
cost(7, 16, 22).
cost(7, 17, 50).
cost(7, 18, 77).
cost(7, 19, 76).
cost(7, 20, 52).
cost(7, 21, 56).
cost(7, 22, 43).
cost(7, 23, 79).
cost(7, 24, 61).
cost(7, 25, 21).
cost(7, 26, 76).
cost(8, 1, 72).
cost(8, 2, 13).
cost(8, 3, 49).
cost(8, 4, 23).
cost(8, 5, 49).
cost(8, 6, 78).
cost(8, 7, 19).
cost(8, 9, 76).
cost(8, 10, 91).
cost(8, 11, 84).
cost(8, 12, 74).
cost(8, 13, 47).
cost(8, 14, 59).
cost(8, 15, 22).
cost(8, 16, 10).
cost(8, 17, 50).
cost(8, 18, 83).
cost(8, 19, 79).
cost(8, 20, 49).
cost(8, 21, 67).
cost(8, 22, 30).
cost(8, 23, 76).
cost(8, 24, 45).
cost(8, 25, 12).
cost(8, 26, 68).
cost(9, 1, 25).
cost(9, 2, 73).
cost(9, 3, 42).
cost(9, 4, 78).
cost(9, 5, 37).
cost(9, 6, 19).
cost(9, 7, 88).
cost(9, 8, 76).
cost(9, 10, 55).
cost(9, 11, 59).
cost(9, 12, 9).
cost(9, 13, 94).
cost(9, 14, 46).
cost(9, 15, 81).
cost(9, 16, 84).
cost(9, 17, 54).
cost(9, 18, 77).
cost(9, 19, 65).
cost(9, 20, 47).
cost(9, 21, 87).
cost(9, 22, 47).
cost(9, 23, 42).
cost(9, 24, 36).
cost(9, 25, 68).
cost(9, 26, 20).
cost(10, 1, 32).
cost(10, 2, 81).
cost(10, 3, 43).
cost(10, 4, 79).
cost(10, 5, 79).
cost(10, 6, 36).
cost(10, 7, 92).
cost(10, 8, 91).
cost(10, 9, 55).
cost(10, 11, 12).
cost(10, 12, 46).
cost(10, 13, 79).
cost(10, 14, 32).
cost(10, 15, 81).
cost(10, 16, 101).
cost(10, 17, 42).
cost(10, 18, 33).
cost(10, 19, 22).
cost(10, 20, 42).
cost(10, 21, 56).
cost(10, 22, 70).
cost(10, 23, 17).
cost(10, 24, 74).
cost(10, 25, 80).
cost(10, 26, 39).
cost(11, 1, 34).
cost(11, 2, 73).
cost(11, 3, 38).
cost(11, 4, 70).
cost(11, 5, 78).
cost(11, 6, 40).
cost(11, 7, 83).
cost(11, 8, 84).
cost(11, 9, 59).
cost(11, 10, 12).
cost(11, 12, 49).
cost(11, 13, 68).
cost(11, 14, 26).
cost(11, 15, 72).
cost(11, 16, 94).
cost(11, 17, 34).
cost(11, 18, 22).
cost(11, 19, 11).
cost(11, 20, 36).
cost(11, 21, 45).
cost(11, 22, 65).
cost(11, 23, 17).
cost(11, 24, 72).
cost(11, 25, 73).
cost(11, 26, 41).
cost(12, 1, 16).
cost(12, 2, 69).
cost(12, 3, 35).
cost(12, 4, 73).
cost(12, 5, 40).
cost(12, 6, 10).
cost(12, 7, 84).
cost(12, 8, 74).
cost(12, 9, 9).
cost(12, 10, 46).
cost(12, 11, 49).
cost(12, 13, 87).
cost(12, 14, 38).
cost(12, 15, 76).
cost(12, 16, 82).
cost(12, 17, 46).
cost(12, 18, 68).
cost(12, 19, 55).
cost(12, 20, 39).
cost(12, 21, 79).
cost(12, 22, 45).
cost(12, 23, 33).
cost(12, 24, 37).
cost(12, 25, 65).
cost(12, 26, 11).
cost(13, 1, 76).
cost(13, 2, 35).
cost(13, 3, 52).
cost(13, 4, 25).
cost(13, 5, 82).
cost(13, 6, 85).
cost(13, 7, 30).
cost(13, 8, 47).
cost(13, 9, 94).
cost(13, 10, 79).
cost(13, 11, 68).
cost(13, 12, 87).
cost(13, 14, 53).
cost(13, 15, 24).
cost(13, 16, 52).
cost(13, 17, 42).
cost(13, 18, 55).
cost(13, 19, 59).
cost(13, 20, 48).
cost(13, 21, 29).
cost(13, 22, 58).
cost(13, 23, 70).
cost(13, 24, 76).
cost(13, 25, 41).
cost(13, 26, 77).
cost(14, 1, 24).
cost(14, 2, 48).
cost(14, 3, 12).
cost(14, 4, 48).
cost(14, 5, 55).
cost(14, 6, 33).
cost(14, 7, 61).
cost(14, 8, 59).
cost(14, 9, 46).
cost(14, 10, 32).
cost(14, 11, 26).
cost(14, 12, 38).
cost(14, 13, 53).
cost(14, 15, 50).
cost(14, 16, 69).
cost(14, 17, 12).
cost(14, 18, 35).
cost(14, 19, 25).
cost(14, 20, 10).
cost(14, 21, 41).
cost(14, 22, 39).
cost(14, 23, 18).
cost(14, 24, 48).
cost(14, 25, 47).
cost(14, 26, 26).
cost(15, 1, 69).
cost(15, 2, 11).
cost(15, 3, 44).
cost(15, 4, 3).
cost(15, 5, 62).
cost(15, 6, 77).
cost(15, 7, 11).
cost(15, 8, 22).
cost(15, 9, 81).
cost(15, 10, 81).
cost(15, 11, 72).
cost(15, 12, 76).
cost(15, 13, 24).
cost(15, 14, 50).
cost(15, 16, 29).
cost(15, 17, 39).
cost(15, 18, 67).
cost(15, 19, 65).
cost(15, 20, 42).
cost(15, 21, 46).
cost(15, 22, 38).
cost(15, 23, 68).
cost(15, 24, 56).
cost(15, 25, 17).
cost(15, 26, 67).
cost(16, 1, 81).
cost(16, 2, 22).
cost(16, 3, 59).
cost(16, 4, 30).
cost(16, 5, 54).
cost(16, 6, 87).
cost(16, 7, 22).
cost(16, 8, 10).
cost(16, 9, 84).
cost(16, 10, 101).
cost(16, 11, 94).
cost(16, 12, 82).
cost(16, 13, 52).
cost(16, 14, 69).
cost(16, 15, 29).
cost(16, 17, 60).
cost(16, 18, 93).
cost(16, 19, 89).
cost(16, 20, 59).
cost(16, 21, 75).
cost(16, 22, 38).
cost(16, 23, 86).
cost(16, 24, 51).
cost(16, 25, 21).
cost(16, 26, 77).
cost(17, 1, 34).
cost(17, 2, 39).
cost(17, 3, 13).
cost(17, 4, 36).
cost(17, 5, 55).
cost(17, 6, 43).
cost(17, 7, 50).
cost(17, 8, 50).
cost(17, 9, 54).
cost(17, 10, 42).
cost(17, 11, 34).
cost(17, 12, 46).
cost(17, 13, 42).
cost(17, 14, 12).
cost(17, 15, 39).
cost(17, 16, 60).
cost(17, 18, 36).
cost(17, 19, 29).
cost(17, 20, 8).
cost(17, 21, 34).
cost(17, 22, 36).
cost(17, 23, 29).
cost(17, 24, 49).
cost(17, 25, 39).
cost(17, 26, 36).
cost(18, 1, 52).
cost(18, 2, 70).
cost(18, 3, 46).
cost(18, 4, 64).
cost(18, 5, 90).
cost(18, 6, 60).
cost(18, 7, 77).
cost(18, 8, 83).
cost(18, 9, 77).
cost(18, 10, 33).
cost(18, 11, 22).
cost(18, 12, 68).
cost(18, 13, 55).
cost(18, 14, 35).
cost(18, 15, 67).
cost(18, 16, 93).
cost(18, 17, 36).
cost(18, 19, 13).
cost(18, 20, 41).
cost(18, 21, 27).
cost(18, 22, 72).
cost(18, 23, 36).
cost(18, 24, 83).
cost(18, 25, 72).
cost(18, 26, 58).
cost(19, 1, 40).
cost(19, 2, 67).
cost(19, 3, 37).
cost(19, 4, 63).
cost(19, 5, 79).
cost(19, 6, 47).
cost(19, 7, 76).
cost(19, 8, 79).
cost(19, 9, 65).
cost(19, 10, 22).
cost(19, 11, 11).
cost(19, 12, 55).
cost(19, 13, 59).
cost(19, 14, 25).
cost(19, 15, 65).
cost(19, 16, 89).
cost(19, 17, 29).
cost(19, 18, 13).
cost(19, 20, 33).
cost(19, 21, 34).
cost(19, 22, 64).
cost(19, 23, 23).
cost(19, 24, 73).
cost(19, 25, 68).
cost(19, 26, 45).
cost(20, 1, 29).
cost(20, 2, 39).
cost(20, 3, 6).
cost(20, 4, 39).
cost(20, 5, 49).
cost(20, 6, 37).
cost(20, 7, 52).
cost(20, 8, 49).
cost(20, 9, 47).
cost(20, 10, 42).
cost(20, 11, 36).
cost(20, 12, 39).
cost(20, 13, 48).
cost(20, 14, 10).
cost(20, 15, 42).
cost(20, 16, 59).
cost(20, 17, 8).
cost(20, 18, 41).
cost(20, 19, 33).
cost(20, 21, 41).
cost(20, 22, 31).
cost(20, 23, 27).
cost(20, 24, 42).
cost(20, 25, 38).
cost(20, 26, 29).
cost(21, 1, 65).
cost(21, 2, 54).
cost(21, 3, 47).
cost(21, 4, 45).
cost(21, 5, 88).
cost(21, 6, 73).
cost(21, 7, 56).
cost(21, 8, 67).
cost(21, 9, 87).
cost(21, 10, 56).
cost(21, 11, 45).
cost(21, 12, 79).
cost(21, 13, 29).
cost(21, 14, 41).
cost(21, 15, 46).
cost(21, 16, 75).
cost(21, 17, 34).
cost(21, 18, 27).
cost(21, 19, 34).
cost(21, 20, 41).
cost(21, 22, 65).
cost(21, 23, 53).
cost(21, 24, 81).
cost(21, 25, 57).
cost(21, 26, 68).
cost(22, 1, 45).
cost(22, 2, 28).
cost(22, 3, 28).
cost(22, 4, 36).
cost(22, 5, 25).
cost(22, 6, 50).
cost(22, 7, 43).
cost(22, 8, 30).
cost(22, 9, 47).
cost(22, 10, 70).
cost(22, 11, 65).
cost(22, 12, 45).
cost(22, 13, 58).
cost(22, 14, 39).
cost(22, 15, 38).
cost(22, 16, 38).
cost(22, 17, 36).
cost(22, 18, 72).
cost(22, 19, 64).
cost(22, 20, 31).
cost(22, 21, 65).
cost(22, 23, 53).
cost(22, 24, 19).
cost(22, 25, 23).
cost(22, 26, 39).
cost(23, 1, 17).
cost(23, 2, 66).
cost(23, 3, 27).
cost(23, 4, 66).
cost(23, 5, 63).
cost(23, 6, 24).
cost(23, 7, 79).
cost(23, 8, 76).
cost(23, 9, 42).
cost(23, 10, 17).
cost(23, 11, 17).
cost(23, 12, 33).
cost(23, 13, 70).
cost(23, 14, 18).
cost(23, 15, 68).
cost(23, 16, 86).
cost(23, 17, 29).
cost(23, 18, 36).
cost(23, 19, 23).
cost(23, 20, 27).
cost(23, 21, 53).
cost(23, 22, 53).
cost(23, 24, 57).
cost(23, 25, 65).
cost(23, 26, 24).
cost(24, 1, 44).
cost(24, 2, 46).
cost(24, 3, 37).
cost(24, 4, 54).
cost(24, 5, 7).
cost(24, 6, 45).
cost(24, 7, 61).
cost(24, 8, 45).
cost(24, 9, 36).
cost(24, 10, 74).
cost(24, 11, 72).
cost(24, 12, 37).
cost(24, 13, 76).
cost(24, 14, 48).
cost(24, 15, 56).
cost(24, 16, 51).
cost(24, 17, 49).
cost(24, 18, 83).
cost(24, 19, 73).
cost(24, 20, 42).
cost(24, 21, 81).
cost(24, 22, 19).
cost(24, 23, 57).
cost(24, 25, 40).
cost(24, 26, 37).
cost(25, 1, 61).
cost(25, 2, 6).
cost(25, 3, 38).
cost(25, 4, 16).
cost(25, 5, 45).
cost(25, 6, 68).
cost(25, 7, 21).
cost(25, 8, 12).
cost(25, 9, 68).
cost(25, 10, 80).
cost(25, 11, 73).
cost(25, 12, 65).
cost(25, 13, 41).
cost(25, 14, 47).
cost(25, 15, 17).
cost(25, 16, 21).
cost(25, 17, 39).
cost(25, 18, 72).
cost(25, 19, 68).
cost(25, 20, 38).
cost(25, 21, 57).
cost(25, 22, 23).
cost(25, 23, 65).
cost(25, 24, 40).
cost(25, 26, 58).
cost(26, 1, 7).
cost(26, 2, 61).
cost(26, 3, 24).
cost(26, 4, 64).
cost(26, 5, 41).
cost(26, 6, 10).
cost(26, 7, 76).
cost(26, 8, 68).
cost(26, 9, 20).
cost(26, 10, 39).
cost(26, 11, 41).
cost(26, 12, 11).
cost(26, 13, 77).
cost(26, 14, 26).
cost(26, 15, 67).
cost(26, 16, 77).
cost(26, 17, 36).
cost(26, 18, 58).
cost(26, 19, 45).
cost(26, 20, 29).
cost(26, 21, 68).
cost(26, 22, 39).
cost(26, 23, 24).
cost(26, 24, 37).
cost(26, 25, 58).
