dimension(26).
point(1, 24.071417348, 57.5848788339).
point(2, 96.5275085512, 44.1591253044).
point(3, 43.6992306878, 93.753965686).
point(4, 81.5220152683, 19.5062848022).
point(5, 38.7957475056, 48.9023824422).
point(6, 37.1254210045, 4.2808011245).
point(7, 27.733246979, 85.6933605711).
point(8, 20.2819903298, 30.3275228131).
point(9, 59.6454015239, 56.8429022093).
point(10, 21.2054685523, 20.1154679742).
point(11, 46.3177639333, 76.9736056869).
point(12, 20.2387489022, 67.8794152517).
point(13, 72.6926149588, 76.1014246148).
point(14, 81.372319821, 80.3802376011).
point(15, 85.7383023226, 76.7019355021).
point(16, 92.7084950653, 45.1271708488).
point(17, 50.5357302846, 35.4214480149).
point(18, 31.5277644197, 56.4748937191).
point(19, 75.3825633987, 19.3540369091).
point(20, 41.7418989604, 16.9807771819).
point(21, 69.3690550247, 94.6802515658).
point(22, 53.7490207717, 86.9770984913).
point(23, 85.7874484821, 22.0334435302).
point(24, 73.2956305223, 65.308260854).
point(25, 82.0048644289, 84.2022686181).
point(26, 10.8328646934, 11.245502383).
cost(1, 2, 74).
cost(1, 3, 41).
cost(1, 4, 69).
cost(1, 5, 17).
cost(1, 6, 55).
cost(1, 7, 28).
cost(1, 8, 28).
cost(1, 9, 36).
cost(1, 10, 38).
cost(1, 11, 30).
cost(1, 12, 11).
cost(1, 13, 52).
cost(1, 14, 62).
cost(1, 15, 65).
cost(1, 16, 70).
cost(1, 17, 35).
cost(1, 18, 8).
cost(1, 19, 64).
cost(1, 20, 44).
cost(1, 21, 59).
cost(1, 22, 42).
cost(1, 23, 71).
cost(1, 24, 50).
cost(1, 25, 64).
cost(1, 26, 48).
cost(2, 1, 74).
cost(2, 3, 72).
cost(2, 4, 29).
cost(2, 5, 58).
cost(2, 6, 72).
cost(2, 7, 80).
cost(2, 8, 77).
cost(2, 9, 39).
cost(2, 10, 79).
cost(2, 11, 60).
cost(2, 12, 80).
cost(2, 13, 40).
cost(2, 14, 39).
cost(2, 15, 34).
cost(2, 16, 4).
cost(2, 17, 47).
cost(2, 18, 66).
cost(2, 19, 33).
cost(2, 20, 61).
cost(2, 21, 57).
cost(2, 22, 61).
cost(2, 23, 25).
cost(2, 24, 31).
cost(2, 25, 43).
cost(2, 26, 92).
cost(3, 1, 41).
cost(3, 2, 72).
cost(3, 4, 83).
cost(3, 5, 45).
cost(3, 6, 90).
cost(3, 7, 18).
cost(3, 8, 68).
cost(3, 9, 40).
cost(3, 10, 77).
cost(3, 11, 17).
cost(3, 12, 35).
cost(3, 13, 34).
cost(3, 14, 40).
cost(3, 15, 45).
cost(3, 16, 69).
cost(3, 17, 59).
cost(3, 18, 39).
cost(3, 19, 81).
cost(3, 20, 77).
cost(3, 21, 26).
cost(3, 22, 12).
cost(3, 23, 83).
cost(3, 24, 41).
cost(3, 25, 39).
cost(3, 26, 89).
cost(4, 1, 69).
cost(4, 2, 29).
cost(4, 3, 83).
cost(4, 5, 52).
cost(4, 6, 47).
cost(4, 7, 85).
cost(4, 8, 62).
cost(4, 9, 43).
cost(4, 10, 60).
cost(4, 11, 67).
cost(4, 12, 78).
cost(4, 13, 57).
cost(4, 14, 61).
cost(4, 15, 57).
cost(4, 16, 28).
cost(4, 17, 35).
cost(4, 18, 62).
cost(4, 19, 6).
cost(4, 20, 40).
cost(4, 21, 76).
cost(4, 22, 73).
cost(4, 23, 5).
cost(4, 24, 47).
cost(4, 25, 65).
cost(4, 26, 71).
cost(5, 1, 17).
cost(5, 2, 58).
cost(5, 3, 45).
cost(5, 4, 52).
cost(5, 6, 45).
cost(5, 7, 38).
cost(5, 8, 26).
cost(5, 9, 22).
cost(5, 10, 34).
cost(5, 11, 29).
cost(5, 12, 27).
cost(5, 13, 43).
cost(5, 14, 53).
cost(5, 15, 55).
cost(5, 16, 54).
cost(5, 17, 18).
cost(5, 18, 10).
cost(5, 19, 47).
cost(5, 20, 32).
cost(5, 21, 55).
cost(5, 22, 41).
cost(5, 23, 54).
cost(5, 24, 38).
cost(5, 25, 56).
cost(5, 26, 47).
cost(6, 1, 55).
cost(6, 2, 72).
cost(6, 3, 90).
cost(6, 4, 47).
cost(6, 5, 45).
cost(6, 7, 82).
cost(6, 8, 31).
cost(6, 9, 57).
cost(6, 10, 22).
cost(6, 11, 73).
cost(6, 12, 66).
cost(6, 13, 80).
cost(6, 14, 88).
cost(6, 15, 87).
cost(6, 16, 69).
cost(6, 17, 34).
cost(6, 18, 52).
cost(6, 19, 41).
cost(6, 20, 14).
cost(6, 21, 96).
cost(6, 22, 84).
cost(6, 23, 52).
cost(6, 24, 71).
cost(6, 25, 92).
cost(6, 26, 27).
cost(7, 1, 28).
cost(7, 2, 80).
cost(7, 3, 18).
cost(7, 4, 85).
cost(7, 5, 38).
cost(7, 6, 82).
cost(7, 8, 56).
cost(7, 9, 43).
cost(7, 10, 66).
cost(7, 11, 21).
cost(7, 12, 19).
cost(7, 13, 46).
cost(7, 14, 54).
cost(7, 15, 59).
cost(7, 16, 77).
cost(7, 17, 55).
cost(7, 18, 29).
cost(7, 19, 82).
cost(7, 20, 70).
cost(7, 21, 43).
cost(7, 22, 26).
cost(7, 23, 86).
cost(7, 24, 50).
cost(7, 25, 54).
cost(7, 26, 76).
cost(8, 1, 28).
cost(8, 2, 77).
cost(8, 3, 68).
cost(8, 4, 62).
cost(8, 5, 26).
cost(8, 6, 31).
cost(8, 7, 56).
cost(8, 9, 47).
cost(8, 10, 10).
cost(8, 11, 53).
cost(8, 12, 38).
cost(8, 13, 70).
cost(8, 14, 79).
cost(8, 15, 80).
cost(8, 16, 74).
cost(8, 17, 31).
cost(8, 18, 28).
cost(8, 19, 56).
cost(8, 20, 25).
cost(8, 21, 81).
cost(8, 22, 66).
cost(8, 23, 66).
cost(8, 24, 64).
cost(8, 25, 82).
cost(8, 26, 21).
cost(9, 1, 36).
cost(9, 2, 39).
cost(9, 3, 40).
cost(9, 4, 43).
cost(9, 5, 22).
cost(9, 6, 57).
cost(9, 7, 43).
cost(9, 8, 47).
cost(9, 10, 53).
cost(9, 11, 24).
cost(9, 12, 41).
cost(9, 13, 23).
cost(9, 14, 32).
cost(9, 15, 33).
cost(9, 16, 35).
cost(9, 17, 23).
cost(9, 18, 28).
cost(9, 19, 41).
cost(9, 20, 44).
cost(9, 21, 39).
cost(9, 22, 31).
cost(9, 23, 44).
cost(9, 24, 16).
cost(9, 25, 35).
cost(9, 26, 67).
cost(10, 1, 38).
cost(10, 2, 79).
cost(10, 3, 77).
cost(10, 4, 60).
cost(10, 5, 34).
cost(10, 6, 22).
cost(10, 7, 66).
cost(10, 8, 10).
cost(10, 9, 53).
cost(10, 11, 62).
cost(10, 12, 48).
cost(10, 13, 76).
cost(10, 14, 85).
cost(10, 15, 86).
cost(10, 16, 76).
cost(10, 17, 33).
cost(10, 18, 38).
cost(10, 19, 54).
cost(10, 20, 21).
cost(10, 21, 89).
cost(10, 22, 74).
cost(10, 23, 65).
cost(10, 24, 69).
cost(10, 25, 88).
cost(10, 26, 14).
cost(11, 1, 30).
cost(11, 2, 60).
cost(11, 3, 17).
cost(11, 4, 67).
cost(11, 5, 29).
cost(11, 6, 73).
cost(11, 7, 21).
cost(11, 8, 53).
cost(11, 9, 24).
cost(11, 10, 62).
cost(11, 12, 28).
cost(11, 13, 26).
cost(11, 14, 35).
cost(11, 15, 39).
cost(11, 16, 56).
cost(11, 17, 42).
cost(11, 18, 25).
cost(11, 19, 65).
cost(11, 20, 60).
cost(11, 21, 29).
cost(11, 22, 12).
cost(11, 23, 68).
cost(11, 24, 29).
cost(11, 25, 36).
cost(11, 26, 75).
cost(12, 1, 11).
cost(12, 2, 80).
cost(12, 3, 35).
cost(12, 4, 78).
cost(12, 5, 27).
cost(12, 6, 66).
cost(12, 7, 19).
cost(12, 8, 38).
cost(12, 9, 41).
cost(12, 10, 48).
cost(12, 11, 28).
cost(12, 13, 53).
cost(12, 14, 62).
cost(12, 15, 66).
cost(12, 16, 76).
cost(12, 17, 44).
cost(12, 18, 16).
cost(12, 19, 73).
cost(12, 20, 55).
cost(12, 21, 56).
cost(12, 22, 39).
cost(12, 23, 80).
cost(12, 24, 53).
cost(12, 25, 64).
cost(12, 26, 57).
cost(13, 1, 52).
cost(13, 2, 40).
cost(13, 3, 34).
cost(13, 4, 57).
cost(13, 5, 43).
cost(13, 6, 80).
cost(13, 7, 46).
cost(13, 8, 70).
cost(13, 9, 23).
cost(13, 10, 76).
cost(13, 11, 26).
cost(13, 12, 53).
cost(13, 14, 10).
cost(13, 15, 13).
cost(13, 16, 37).
cost(13, 17, 46).
cost(13, 18, 46).
cost(13, 19, 57).
cost(13, 20, 67).
cost(13, 21, 19).
cost(13, 22, 22).
cost(13, 23, 56).
cost(13, 24, 11).
cost(13, 25, 12).
cost(13, 26, 90).
cost(14, 1, 62).
cost(14, 2, 39).
cost(14, 3, 40).
cost(14, 4, 61).
cost(14, 5, 53).
cost(14, 6, 88).
cost(14, 7, 54).
cost(14, 8, 79).
cost(14, 9, 32).
cost(14, 10, 85).
cost(14, 11, 35).
cost(14, 12, 62).
cost(14, 13, 10).
cost(14, 15, 6).
cost(14, 16, 37).
cost(14, 17, 55).
cost(14, 18, 55).
cost(14, 19, 61).
cost(14, 20, 75).
cost(14, 21, 19).
cost(14, 22, 28).
cost(14, 23, 59).
cost(14, 24, 17).
cost(14, 25, 4).
cost(14, 26, 99).
cost(15, 1, 65).
cost(15, 2, 34).
cost(15, 3, 45).
cost(15, 4, 57).
cost(15, 5, 55).
cost(15, 6, 87).
cost(15, 7, 59).
cost(15, 8, 80).
cost(15, 9, 33).
cost(15, 10, 86).
cost(15, 11, 39).
cost(15, 12, 66).
cost(15, 13, 13).
cost(15, 14, 6).
cost(15, 16, 32).
cost(15, 17, 54).
cost(15, 18, 58).
cost(15, 19, 58).
cost(15, 20, 74).
cost(15, 21, 24).
cost(15, 22, 34).
cost(15, 23, 55).
cost(15, 24, 17).
cost(15, 25, 8).
cost(15, 26, 99).
cost(16, 1, 70).
cost(16, 2, 4).
cost(16, 3, 69).
cost(16, 4, 28).
cost(16, 5, 54).
cost(16, 6, 69).
cost(16, 7, 77).
cost(16, 8, 74).
cost(16, 9, 35).
cost(16, 10, 76).
cost(16, 11, 56).
cost(16, 12, 76).
cost(16, 13, 37).
cost(16, 14, 37).
cost(16, 15, 32).
cost(16, 17, 43).
cost(16, 18, 62).
cost(16, 19, 31).
cost(16, 20, 58).
cost(16, 21, 55).
cost(16, 22, 57).
cost(16, 23, 24).
cost(16, 24, 28).
cost(16, 25, 41).
cost(16, 26, 89).
cost(17, 1, 35).
cost(17, 2, 47).
cost(17, 3, 59).
cost(17, 4, 35).
cost(17, 5, 18).
cost(17, 6, 34).
cost(17, 7, 55).
cost(17, 8, 31).
cost(17, 9, 23).
cost(17, 10, 33).
cost(17, 11, 42).
cost(17, 12, 44).
cost(17, 13, 46).
cost(17, 14, 55).
cost(17, 15, 54).
cost(17, 16, 43).
cost(17, 18, 28).
cost(17, 19, 30).
cost(17, 20, 20).
cost(17, 21, 62).
cost(17, 22, 52).
cost(17, 23, 38).
cost(17, 24, 38).
cost(17, 25, 58).
cost(17, 26, 46).
cost(18, 1, 8).
cost(18, 2, 66).
cost(18, 3, 39).
cost(18, 4, 62).
cost(18, 5, 10).
cost(18, 6, 52).
cost(18, 7, 29).
cost(18, 8, 28).
cost(18, 9, 28).
cost(18, 10, 38).
cost(18, 11, 25).
cost(18, 12, 16).
cost(18, 13, 46).
cost(18, 14, 55).
cost(18, 15, 58).
cost(18, 16, 62).
cost(18, 17, 28).
cost(18, 19, 57).
cost(18, 20, 41).
cost(18, 21, 54).
cost(18, 22, 38).
cost(18, 23, 64).
cost(18, 24, 43).
cost(18, 25, 58).
cost(18, 26, 50).
cost(19, 1, 64).
cost(19, 2, 33).
cost(19, 3, 81).
cost(19, 4, 6).
cost(19, 5, 47).
cost(19, 6, 41).
cost(19, 7, 82).
cost(19, 8, 56).
cost(19, 9, 41).
cost(19, 10, 54).
cost(19, 11, 65).
cost(19, 12, 73).
cost(19, 13, 57).
cost(19, 14, 61).
cost(19, 15, 58).
cost(19, 16, 31).
cost(19, 17, 30).
cost(19, 18, 57).
cost(19, 20, 34).
cost(19, 21, 76).
cost(19, 22, 71).
cost(19, 23, 11).
cost(19, 24, 46).
cost(19, 25, 65).
cost(19, 26, 65).
cost(20, 1, 44).
cost(20, 2, 61).
cost(20, 3, 77).
cost(20, 4, 40).
cost(20, 5, 32).
cost(20, 6, 14).
cost(20, 7, 70).
cost(20, 8, 25).
cost(20, 9, 44).
cost(20, 10, 21).
cost(20, 11, 60).
cost(20, 12, 55).
cost(20, 13, 67).
cost(20, 14, 75).
cost(20, 15, 74).
cost(20, 16, 58).
cost(20, 17, 20).
cost(20, 18, 41).
cost(20, 19, 34).
cost(20, 21, 82).
cost(20, 22, 71).
cost(20, 23, 44).
cost(20, 24, 58).
cost(20, 25, 78).
cost(20, 26, 31).
cost(21, 1, 59).
cost(21, 2, 57).
cost(21, 3, 26).
cost(21, 4, 76).
cost(21, 5, 55).
cost(21, 6, 96).
cost(21, 7, 43).
cost(21, 8, 81).
cost(21, 9, 39).
cost(21, 10, 89).
cost(21, 11, 29).
cost(21, 12, 56).
cost(21, 13, 19).
cost(21, 14, 19).
cost(21, 15, 24).
cost(21, 16, 55).
cost(21, 17, 62).
cost(21, 18, 54).
cost(21, 19, 76).
cost(21, 20, 82).
cost(21, 22, 17).
cost(21, 23, 74).
cost(21, 24, 30).
cost(21, 25, 16).
cost(21, 26, 102).
cost(22, 1, 42).
cost(22, 2, 61).
cost(22, 3, 12).
cost(22, 4, 73).
cost(22, 5, 41).
cost(22, 6, 84).
cost(22, 7, 26).
cost(22, 8, 66).
cost(22, 9, 31).
cost(22, 10, 74).
cost(22, 11, 12).
cost(22, 12, 39).
cost(22, 13, 22).
cost(22, 14, 28).
cost(22, 15, 34).
cost(22, 16, 57).
cost(22, 17, 52).
cost(22, 18, 38).
cost(22, 19, 71).
cost(22, 20, 71).
cost(22, 21, 17).
cost(22, 23, 72).
cost(22, 24, 29).
cost(22, 25, 28).
cost(22, 26, 87).
cost(23, 1, 71).
cost(23, 2, 25).
cost(23, 3, 83).
cost(23, 4, 5).
cost(23, 5, 54).
cost(23, 6, 52).
cost(23, 7, 86).
cost(23, 8, 66).
cost(23, 9, 44).
cost(23, 10, 65).
cost(23, 11, 68).
cost(23, 12, 80).
cost(23, 13, 56).
cost(23, 14, 59).
cost(23, 15, 55).
cost(23, 16, 24).
cost(23, 17, 38).
cost(23, 18, 64).
cost(23, 19, 11).
cost(23, 20, 44).
cost(23, 21, 74).
cost(23, 22, 72).
cost(23, 24, 45).
cost(23, 25, 62).
cost(23, 26, 76).
cost(24, 1, 50).
cost(24, 2, 31).
cost(24, 3, 41).
cost(24, 4, 47).
cost(24, 5, 38).
cost(24, 6, 71).
cost(24, 7, 50).
cost(24, 8, 64).
cost(24, 9, 16).
cost(24, 10, 69).
cost(24, 11, 29).
cost(24, 12, 53).
cost(24, 13, 11).
cost(24, 14, 17).
cost(24, 15, 17).
cost(24, 16, 28).
cost(24, 17, 38).
cost(24, 18, 43).
cost(24, 19, 46).
cost(24, 20, 58).
cost(24, 21, 30).
cost(24, 22, 29).
cost(24, 23, 45).
cost(24, 25, 21).
cost(24, 26, 83).
cost(25, 1, 64).
cost(25, 2, 43).
cost(25, 3, 39).
cost(25, 4, 65).
cost(25, 5, 56).
cost(25, 6, 92).
cost(25, 7, 54).
cost(25, 8, 82).
cost(25, 9, 35).
cost(25, 10, 88).
cost(25, 11, 36).
cost(25, 12, 64).
cost(25, 13, 12).
cost(25, 14, 4).
cost(25, 15, 8).
cost(25, 16, 41).
cost(25, 17, 58).
cost(25, 18, 58).
cost(25, 19, 65).
cost(25, 20, 78).
cost(25, 21, 16).
cost(25, 22, 28).
cost(25, 23, 62).
cost(25, 24, 21).
cost(25, 26, 102).
cost(26, 1, 48).
cost(26, 2, 92).
cost(26, 3, 89).
cost(26, 4, 71).
cost(26, 5, 47).
cost(26, 6, 27).
cost(26, 7, 76).
cost(26, 8, 21).
cost(26, 9, 67).
cost(26, 10, 14).
cost(26, 11, 75).
cost(26, 12, 57).
cost(26, 13, 90).
cost(26, 14, 99).
cost(26, 15, 99).
cost(26, 16, 89).
cost(26, 17, 46).
cost(26, 18, 50).
cost(26, 19, 65).
cost(26, 20, 31).
cost(26, 21, 102).
cost(26, 22, 87).
cost(26, 23, 76).
cost(26, 24, 83).
cost(26, 25, 102).
