dimension(26).
point(1, 52.0073159617, 13.0232214035).
point(2, 78.0347105426, 69.9274893351).
point(3, 9.4403236956, 43.9398690481).
point(4, 80.5256406389, 22.2905659945).
point(5, 16.8925188538, 78.5508090086).
point(6, 94.4908809487, 53.3019389956).
point(7, 65.0103319165, 20.465377089).
point(8, 25.1844600623, 21.14329235).
point(9, 22.9995779861, 71.8738276992).
point(10, 21.2983561123, 40.0593084126).
point(11, 59.2751957445, 95.9240966553).
point(12, 43.5894275751, 41.4043478939).
point(13, 87.5670766409, 15.3494555275).
point(14, 61.2137823893, 13.7702703867).
point(15, 79.6057904796, 77.8449898673).
point(16, 12.3449061952, 27.4902806515).
point(17, 55.43573615, 55.92433624).
point(18, 77.7844739705, 79.5164668879).
point(19, 50.9715873266, 55.0060368428).
point(20, 66.5788121178, 39.8569448841).
point(21, 17.5631166793, 85.9648263285).
point(22, 43.8734393578, 63.2528113246).
point(23, 8.1026287652, 14.5982166642).
point(24, 23.4931847223, 68.2102372354).
point(25, 21.4609655098, 22.631050774).
point(26, 34.0811140737, 70.0184462753).
cost(1, 2, 63).
cost(1, 3, 53).
cost(1, 4, 30).
cost(1, 5, 74).
cost(1, 6, 59).
cost(1, 7, 15).
cost(1, 8, 28).
cost(1, 9, 66).
cost(1, 10, 41).
cost(1, 11, 83).
cost(1, 12, 30).
cost(1, 13, 36).
cost(1, 14, 9).
cost(1, 15, 70).
cost(1, 16, 42).
cost(1, 17, 43).
cost(1, 18, 71).
cost(1, 19, 42).
cost(1, 20, 31).
cost(1, 21, 81).
cost(1, 22, 51).
cost(1, 23, 44).
cost(1, 24, 62).
cost(1, 25, 32).
cost(1, 26, 60).
cost(2, 1, 63).
cost(2, 3, 73).
cost(2, 4, 48).
cost(2, 5, 62).
cost(2, 6, 23).
cost(2, 7, 51).
cost(2, 8, 72).
cost(2, 9, 55).
cost(2, 10, 64).
cost(2, 11, 32).
cost(2, 12, 45).
cost(2, 13, 55).
cost(2, 14, 59).
cost(2, 15, 8).
cost(2, 16, 78).
cost(2, 17, 27).
cost(2, 18, 10).
cost(2, 19, 31).
cost(2, 20, 32).
cost(2, 21, 63).
cost(2, 22, 35).
cost(2, 23, 89).
cost(2, 24, 55).
cost(2, 25, 74).
cost(2, 26, 44).
cost(3, 1, 53).
cost(3, 2, 73).
cost(3, 4, 74).
cost(3, 5, 35).
cost(3, 6, 86).
cost(3, 7, 60).
cost(3, 8, 28).
cost(3, 9, 31).
cost(3, 10, 12).
cost(3, 11, 72).
cost(3, 12, 34).
cost(3, 13, 83).
cost(3, 14, 60).
cost(3, 15, 78).
cost(3, 16, 17).
cost(3, 17, 48).
cost(3, 18, 77).
cost(3, 19, 43).
cost(3, 20, 57).
cost(3, 21, 43).
cost(3, 22, 39).
cost(3, 23, 29).
cost(3, 24, 28).
cost(3, 25, 24).
cost(3, 26, 36).
cost(4, 1, 30).
cost(4, 2, 48).
cost(4, 3, 74).
cost(4, 5, 85).
cost(4, 6, 34).
cost(4, 7, 16).
cost(4, 8, 55).
cost(4, 9, 76).
cost(4, 10, 62).
cost(4, 11, 77).
cost(4, 12, 42).
cost(4, 13, 10).
cost(4, 14, 21).
cost(4, 15, 56).
cost(4, 16, 68).
cost(4, 17, 42).
cost(4, 18, 57).
cost(4, 19, 44).
cost(4, 20, 22).
cost(4, 21, 90).
cost(4, 22, 55).
cost(4, 23, 73).
cost(4, 24, 73).
cost(4, 25, 59).
cost(4, 26, 67).
cost(5, 1, 74).
cost(5, 2, 62).
cost(5, 3, 35).
cost(5, 4, 85).
cost(5, 6, 82).
cost(5, 7, 75).
cost(5, 8, 58).
cost(5, 9, 9).
cost(5, 10, 39).
cost(5, 11, 46).
cost(5, 12, 46).
cost(5, 13, 95).
cost(5, 14, 78).
cost(5, 15, 63).
cost(5, 16, 51).
cost(5, 17, 45).
cost(5, 18, 61).
cost(5, 19, 41).
cost(5, 20, 63).
cost(5, 21, 7).
cost(5, 22, 31).
cost(5, 23, 65).
cost(5, 24, 12).
cost(5, 25, 56).
cost(5, 26, 19).
cost(6, 1, 59).
cost(6, 2, 23).
cost(6, 3, 86).
cost(6, 4, 34).
cost(6, 5, 82).
cost(6, 7, 44).
cost(6, 8, 76).
cost(6, 9, 74).
cost(6, 10, 74).
cost(6, 11, 55).
cost(6, 12, 52).
cost(6, 13, 39).
cost(6, 14, 52).
cost(6, 15, 29).
cost(6, 16, 86).
cost(6, 17, 39).
cost(6, 18, 31).
cost(6, 19, 44).
cost(6, 20, 31).
cost(6, 21, 84).
cost(6, 22, 52).
cost(6, 23, 95).
cost(6, 24, 73).
cost(6, 25, 79).
cost(6, 26, 63).
cost(7, 1, 15).
cost(7, 2, 51).
cost(7, 3, 60).
cost(7, 4, 16).
cost(7, 5, 75).
cost(7, 6, 44).
cost(7, 8, 40).
cost(7, 9, 66).
cost(7, 10, 48).
cost(7, 11, 76).
cost(7, 12, 30).
cost(7, 13, 23).
cost(7, 14, 8).
cost(7, 15, 59).
cost(7, 16, 53).
cost(7, 17, 37).
cost(7, 18, 60).
cost(7, 19, 37).
cost(7, 20, 19).
cost(7, 21, 81).
cost(7, 22, 48).
cost(7, 23, 57).
cost(7, 24, 63).
cost(7, 25, 44).
cost(7, 26, 58).
cost(8, 1, 28).
cost(8, 2, 72).
cost(8, 3, 28).
cost(8, 4, 55).
cost(8, 5, 58).
cost(8, 6, 76).
cost(8, 7, 40).
cost(8, 9, 51).
cost(8, 10, 19).
cost(8, 11, 82).
cost(8, 12, 27).
cost(8, 13, 63).
cost(8, 14, 37).
cost(8, 15, 79).
cost(8, 16, 14).
cost(8, 17, 46).
cost(8, 18, 79).
cost(8, 19, 43).
cost(8, 20, 45).
cost(8, 21, 65).
cost(8, 22, 46).
cost(8, 23, 18).
cost(8, 24, 47).
cost(8, 25, 4).
cost(8, 26, 50).
cost(9, 1, 66).
cost(9, 2, 55).
cost(9, 3, 31).
cost(9, 4, 76).
cost(9, 5, 9).
cost(9, 6, 74).
cost(9, 7, 66).
cost(9, 8, 51).
cost(9, 10, 32).
cost(9, 11, 44).
cost(9, 12, 37).
cost(9, 13, 86).
cost(9, 14, 70).
cost(9, 15, 57).
cost(9, 16, 46).
cost(9, 17, 36).
cost(9, 18, 55).
cost(9, 19, 33).
cost(9, 20, 54).
cost(9, 21, 15).
cost(9, 22, 23).
cost(9, 23, 59).
cost(9, 24, 4).
cost(9, 25, 49).
cost(9, 26, 11).
cost(10, 1, 41).
cost(10, 2, 64).
cost(10, 3, 12).
cost(10, 4, 62).
cost(10, 5, 39).
cost(10, 6, 74).
cost(10, 7, 48).
cost(10, 8, 19).
cost(10, 9, 32).
cost(10, 11, 68).
cost(10, 12, 22).
cost(10, 13, 71).
cost(10, 14, 48).
cost(10, 15, 69).
cost(10, 16, 15).
cost(10, 17, 38).
cost(10, 18, 69).
cost(10, 19, 33).
cost(10, 20, 45).
cost(10, 21, 46).
cost(10, 22, 32).
cost(10, 23, 29).
cost(10, 24, 28).
cost(10, 25, 17).
cost(10, 26, 33).
cost(11, 1, 83).
cost(11, 2, 32).
cost(11, 3, 72).
cost(11, 4, 77).
cost(11, 5, 46).
cost(11, 6, 55).
cost(11, 7, 76).
cost(11, 8, 82).
cost(11, 9, 44).
cost(11, 10, 68).
cost(11, 12, 57).
cost(11, 13, 85).
cost(11, 14, 82).
cost(11, 15, 27).
cost(11, 16, 83).
cost(11, 17, 40).
cost(11, 18, 25).
cost(11, 19, 42).
cost(11, 20, 57).
cost(11, 21, 43).
cost(11, 22, 36).
cost(11, 23, 96).
cost(11, 24, 45).
cost(11, 25, 82).
cost(11, 26, 36).
cost(12, 1, 30).
cost(12, 2, 45).
cost(12, 3, 34).
cost(12, 4, 42).
cost(12, 5, 46).
cost(12, 6, 52).
cost(12, 7, 30).
cost(12, 8, 27).
cost(12, 9, 37).
cost(12, 10, 22).
cost(12, 11, 57).
cost(12, 13, 51).
cost(12, 14, 33).
cost(12, 15, 51).
cost(12, 16, 34).
cost(12, 17, 19).
cost(12, 18, 51).
cost(12, 19, 15).
cost(12, 20, 23).
cost(12, 21, 52).
cost(12, 22, 22).
cost(12, 23, 44).
cost(12, 24, 34).
cost(12, 25, 29).
cost(12, 26, 30).
cost(13, 1, 36).
cost(13, 2, 55).
cost(13, 3, 83).
cost(13, 4, 10).
cost(13, 5, 95).
cost(13, 6, 39).
cost(13, 7, 23).
cost(13, 8, 63).
cost(13, 9, 86).
cost(13, 10, 71).
cost(13, 11, 85).
cost(13, 12, 51).
cost(13, 14, 26).
cost(13, 15, 63).
cost(13, 16, 76).
cost(13, 17, 52).
cost(13, 18, 65).
cost(13, 19, 54).
cost(13, 20, 32).
cost(13, 21, 99).
cost(13, 22, 65).
cost(13, 23, 79).
cost(13, 24, 83).
cost(13, 25, 67).
cost(13, 26, 76).
cost(14, 1, 9).
cost(14, 2, 59).
cost(14, 3, 60).
cost(14, 4, 21).
cost(14, 5, 78).
cost(14, 6, 52).
cost(14, 7, 8).
cost(14, 8, 37).
cost(14, 9, 70).
cost(14, 10, 48).
cost(14, 11, 82).
cost(14, 12, 33).
cost(14, 13, 26).
cost(14, 15, 67).
cost(14, 16, 51).
cost(14, 17, 43).
cost(14, 18, 68).
cost(14, 19, 42).
cost(14, 20, 27).
cost(14, 21, 84).
cost(14, 22, 52).
cost(14, 23, 53).
cost(14, 24, 66).
cost(14, 25, 41).
cost(14, 26, 62).
cost(15, 1, 70).
cost(15, 2, 8).
cost(15, 3, 78).
cost(15, 4, 56).
cost(15, 5, 63).
cost(15, 6, 29).
cost(15, 7, 59).
cost(15, 8, 79).
cost(15, 9, 57).
cost(15, 10, 69).
cost(15, 11, 27).
cost(15, 12, 51).
cost(15, 13, 63).
cost(15, 14, 67).
cost(15, 16, 84).
cost(15, 17, 33).
cost(15, 18, 2).
cost(15, 19, 37).
cost(15, 20, 40).
cost(15, 21, 63).
cost(15, 22, 39).
cost(15, 23, 95).
cost(15, 24, 57).
cost(15, 25, 80).
cost(15, 26, 46).
cost(16, 1, 42).
cost(16, 2, 78).
cost(16, 3, 17).
cost(16, 4, 68).
cost(16, 5, 51).
cost(16, 6, 86).
cost(16, 7, 53).
cost(16, 8, 14).
cost(16, 9, 46).
cost(16, 10, 15).
cost(16, 11, 83).
cost(16, 12, 34).
cost(16, 13, 76).
cost(16, 14, 51).
cost(16, 15, 84).
cost(16, 17, 52).
cost(16, 18, 84).
cost(16, 19, 47).
cost(16, 20, 56).
cost(16, 21, 59).
cost(16, 22, 48).
cost(16, 23, 14).
cost(16, 24, 42).
cost(16, 25, 10).
cost(16, 26, 48).
cost(17, 1, 43).
cost(17, 2, 27).
cost(17, 3, 48).
cost(17, 4, 42).
cost(17, 5, 45).
cost(17, 6, 39).
cost(17, 7, 37).
cost(17, 8, 46).
cost(17, 9, 36).
cost(17, 10, 38).
cost(17, 11, 40).
cost(17, 12, 19).
cost(17, 13, 52).
cost(17, 14, 43).
cost(17, 15, 33).
cost(17, 16, 52).
cost(17, 18, 32).
cost(17, 19, 5).
cost(17, 20, 20).
cost(17, 21, 48).
cost(17, 22, 14).
cost(17, 23, 63).
cost(17, 24, 34).
cost(17, 25, 48).
cost(17, 26, 26).
cost(18, 1, 71).
cost(18, 2, 10).
cost(18, 3, 77).
cost(18, 4, 57).
cost(18, 5, 61).
cost(18, 6, 31).
cost(18, 7, 60).
cost(18, 8, 79).
cost(18, 9, 55).
cost(18, 10, 69).
cost(18, 11, 25).
cost(18, 12, 51).
cost(18, 13, 65).
cost(18, 14, 68).
cost(18, 15, 2).
cost(18, 16, 84).
cost(18, 17, 32).
cost(18, 19, 36).
cost(18, 20, 41).
cost(18, 21, 61).
cost(18, 22, 38).
cost(18, 23, 95).
cost(18, 24, 55).
cost(18, 25, 80).
cost(18, 26, 45).
cost(19, 1, 42).
cost(19, 2, 31).
cost(19, 3, 43).
cost(19, 4, 44).
cost(19, 5, 41).
cost(19, 6, 44).
cost(19, 7, 37).
cost(19, 8, 43).
cost(19, 9, 33).
cost(19, 10, 33).
cost(19, 11, 42).
cost(19, 12, 15).
cost(19, 13, 54).
cost(19, 14, 42).
cost(19, 15, 37).
cost(19, 16, 47).
cost(19, 17, 5).
cost(19, 18, 36).
cost(19, 20, 22).
cost(19, 21, 46).
cost(19, 22, 11).
cost(19, 23, 59).
cost(19, 24, 30).
cost(19, 25, 44).
cost(19, 26, 23).
cost(20, 1, 31).
cost(20, 2, 32).
cost(20, 3, 57).
cost(20, 4, 22).
cost(20, 5, 63).
cost(20, 6, 31).
cost(20, 7, 19).
cost(20, 8, 45).
cost(20, 9, 54).
cost(20, 10, 45).
cost(20, 11, 57).
cost(20, 12, 23).
cost(20, 13, 32).
cost(20, 14, 27).
cost(20, 15, 40).
cost(20, 16, 56).
cost(20, 17, 20).
cost(20, 18, 41).
cost(20, 19, 22).
cost(20, 21, 67).
cost(20, 22, 33).
cost(20, 23, 64).
cost(20, 24, 52).
cost(20, 25, 48).
cost(20, 26, 44).
cost(21, 1, 81).
cost(21, 2, 63).
cost(21, 3, 43).
cost(21, 4, 90).
cost(21, 5, 7).
cost(21, 6, 84).
cost(21, 7, 81).
cost(21, 8, 65).
cost(21, 9, 15).
cost(21, 10, 46).
cost(21, 11, 43).
cost(21, 12, 52).
cost(21, 13, 99).
cost(21, 14, 84).
cost(21, 15, 63).
cost(21, 16, 59).
cost(21, 17, 48).
cost(21, 18, 61).
cost(21, 19, 46).
cost(21, 20, 67).
cost(21, 22, 35).
cost(21, 23, 72).
cost(21, 24, 19).
cost(21, 25, 63).
cost(21, 26, 23).
cost(22, 1, 51).
cost(22, 2, 35).
cost(22, 3, 39).
cost(22, 4, 55).
cost(22, 5, 31).
cost(22, 6, 52).
cost(22, 7, 48).
cost(22, 8, 46).
cost(22, 9, 23).
cost(22, 10, 32).
cost(22, 11, 36).
cost(22, 12, 22).
cost(22, 13, 65).
cost(22, 14, 52).
cost(22, 15, 39).
cost(22, 16, 48).
cost(22, 17, 14).
cost(22, 18, 38).
cost(22, 19, 11).
cost(22, 20, 33).
cost(22, 21, 35).
cost(22, 23, 60).
cost(22, 24, 21).
cost(22, 25, 46).
cost(22, 26, 12).
cost(23, 1, 44).
cost(23, 2, 89).
cost(23, 3, 29).
cost(23, 4, 73).
cost(23, 5, 65).
cost(23, 6, 95).
cost(23, 7, 57).
cost(23, 8, 18).
cost(23, 9, 59).
cost(23, 10, 29).
cost(23, 11, 96).
cost(23, 12, 44).
cost(23, 13, 79).
cost(23, 14, 53).
cost(23, 15, 95).
cost(23, 16, 14).
cost(23, 17, 63).
cost(23, 18, 95).
cost(23, 19, 59).
cost(23, 20, 64).
cost(23, 21, 72).
cost(23, 22, 60).
cost(23, 24, 56).
cost(23, 25, 16).
cost(23, 26, 61).
cost(24, 1, 62).
cost(24, 2, 55).
cost(24, 3, 28).
cost(24, 4, 73).
cost(24, 5, 12).
cost(24, 6, 73).
cost(24, 7, 63).
cost(24, 8, 47).
cost(24, 9, 4).
cost(24, 10, 28).
cost(24, 11, 45).
cost(24, 12, 34).
cost(24, 13, 83).
cost(24, 14, 66).
cost(24, 15, 57).
cost(24, 16, 42).
cost(24, 17, 34).
cost(24, 18, 55).
cost(24, 19, 30).
cost(24, 20, 52).
cost(24, 21, 19).
cost(24, 22, 21).
cost(24, 23, 56).
cost(24, 25, 46).
cost(24, 26, 11).
cost(25, 1, 32).
cost(25, 2, 74).
cost(25, 3, 24).
cost(25, 4, 59).
cost(25, 5, 56).
cost(25, 6, 79).
cost(25, 7, 44).
cost(25, 8, 4).
cost(25, 9, 49).
cost(25, 10, 17).
cost(25, 11, 82).
cost(25, 12, 29).
cost(25, 13, 67).
cost(25, 14, 41).
cost(25, 15, 80).
cost(25, 16, 10).
cost(25, 17, 48).
cost(25, 18, 80).
cost(25, 19, 44).
cost(25, 20, 48).
cost(25, 21, 63).
cost(25, 22, 46).
cost(25, 23, 16).
cost(25, 24, 46).
cost(25, 26, 49).
cost(26, 1, 60).
cost(26, 2, 44).
cost(26, 3, 36).
cost(26, 4, 67).
cost(26, 5, 19).
cost(26, 6, 63).
cost(26, 7, 58).
cost(26, 8, 50).
cost(26, 9, 11).
cost(26, 10, 33).
cost(26, 11, 36).
cost(26, 12, 30).
cost(26, 13, 76).
cost(26, 14, 62).
cost(26, 15, 46).
cost(26, 16, 48).
cost(26, 17, 26).
cost(26, 18, 45).
cost(26, 19, 23).
cost(26, 20, 44).
cost(26, 21, 23).
cost(26, 22, 12).
cost(26, 23, 61).
cost(26, 24, 11).
cost(26, 25, 49).
