dimension(26).
point(1, 28.5007401015, 4.7929189359).
point(2, 29.2123120567, 76.2727375246).
point(3, 83.7949872986, 77.7484600348).
point(4, 50.111996561, 3.508347911).
point(5, 65.2902199152, 43.2230335248).
point(6, 82.622868997, 35.208483123).
point(7, 18.6631038676, 37.9202212218).
point(8, 73.394538272, 32.5615284711).
point(9, 86.4548660554, 94.8865066667).
point(10, 25.8420217411, 16.8270749542).
point(11, 54.5439534884, 77.8187568778).
point(12, 42.5229017346, 70.4279024528).
point(13, 59.3536386528, 71.2536462487).
point(14, 76.6538830276, 97.6472641584).
point(15, 39.388943334, 58.7474703281).
point(16, 94.3884473406, 62.5829138057).
point(17, 14.235123292, 27.9965142657).
point(18, 3.8466389896, 19.7753257574).
point(19, 42.1788873102, 5.2269334415).
point(20, 18.0378767317, 3.8150545374).
point(21, 8.2280166718, 38.9581739903).
point(22, 57.6765440109, 40.8361771743).
point(23, 70.6644649919, 36.2448693582).
point(24, 8.0091350024, 32.3579864153).
point(25, 31.3912549503, 60.0242187077).
point(26, 81.5600476668, 90.477291511).
cost(1, 2, 71).
cost(1, 3, 92).
cost(1, 4, 22).
cost(1, 5, 53).
cost(1, 6, 62).
cost(1, 7, 35).
cost(1, 8, 53).
cost(1, 9, 107).
cost(1, 10, 12).
cost(1, 11, 78).
cost(1, 12, 67).
cost(1, 13, 73).
cost(1, 14, 105).
cost(1, 15, 55).
cost(1, 16, 88).
cost(1, 17, 27).
cost(1, 18, 29).
cost(1, 19, 14).
cost(1, 20, 11).
cost(1, 21, 40).
cost(1, 22, 46).
cost(1, 23, 53).
cost(1, 24, 34).
cost(1, 25, 55).
cost(1, 26, 101).
cost(2, 1, 71).
cost(2, 3, 55).
cost(2, 4, 76).
cost(2, 5, 49).
cost(2, 6, 67).
cost(2, 7, 40).
cost(2, 8, 62).
cost(2, 9, 60).
cost(2, 10, 60).
cost(2, 11, 25).
cost(2, 12, 15).
cost(2, 13, 31).
cost(2, 14, 52).
cost(2, 15, 20).
cost(2, 16, 67).
cost(2, 17, 51).
cost(2, 18, 62).
cost(2, 19, 72).
cost(2, 20, 73).
cost(2, 21, 43).
cost(2, 22, 45).
cost(2, 23, 58).
cost(2, 24, 49).
cost(2, 25, 16).
cost(2, 26, 54).
cost(3, 1, 92).
cost(3, 2, 55).
cost(3, 4, 82).
cost(3, 5, 39).
cost(3, 6, 43).
cost(3, 7, 76).
cost(3, 8, 46).
cost(3, 9, 17).
cost(3, 10, 84).
cost(3, 11, 29).
cost(3, 12, 42).
cost(3, 13, 25).
cost(3, 14, 21).
cost(3, 15, 48).
cost(3, 16, 18).
cost(3, 17, 86).
cost(3, 18, 99).
cost(3, 19, 84).
cost(3, 20, 99).
cost(3, 21, 85).
cost(3, 22, 45).
cost(3, 23, 44).
cost(3, 24, 88).
cost(3, 25, 55).
cost(3, 26, 13).
cost(4, 1, 22).
cost(4, 2, 76).
cost(4, 3, 82).
cost(4, 5, 43).
cost(4, 6, 45).
cost(4, 7, 47).
cost(4, 8, 37).
cost(4, 9, 98).
cost(4, 10, 28).
cost(4, 11, 74).
cost(4, 12, 67).
cost(4, 13, 68).
cost(4, 14, 98).
cost(4, 15, 56).
cost(4, 16, 74).
cost(4, 17, 43).
cost(4, 18, 49).
cost(4, 19, 8).
cost(4, 20, 32).
cost(4, 21, 55).
cost(4, 22, 38).
cost(4, 23, 39).
cost(4, 24, 51).
cost(4, 25, 60).
cost(4, 26, 92).
cost(5, 1, 53).
cost(5, 2, 49).
cost(5, 3, 39).
cost(5, 4, 43).
cost(5, 6, 19).
cost(5, 7, 47).
cost(5, 8, 13).
cost(5, 9, 56).
cost(5, 10, 47).
cost(5, 11, 36).
cost(5, 12, 35).
cost(5, 13, 29).
cost(5, 14, 56).
cost(5, 15, 30).
cost(5, 16, 35).
cost(5, 17, 53).
cost(5, 18, 66).
cost(5, 19, 44).
cost(5, 20, 62).
cost(5, 21, 57).
cost(5, 22, 8).
cost(5, 23, 9).
cost(5, 24, 58).
cost(5, 25, 38).
cost(5, 26, 50).
cost(6, 1, 62).
cost(6, 2, 67).
cost(6, 3, 43).
cost(6, 4, 45).
cost(6, 5, 19).
cost(6, 7, 64).
cost(6, 8, 10).
cost(6, 9, 60).
cost(6, 10, 60).
cost(6, 11, 51).
cost(6, 12, 53).
cost(6, 13, 43).
cost(6, 14, 63).
cost(6, 15, 49).
cost(6, 16, 30).
cost(6, 17, 69).
cost(6, 18, 80).
cost(6, 19, 50).
cost(6, 20, 72).
cost(6, 21, 74).
cost(6, 22, 26).
cost(6, 23, 12).
cost(6, 24, 75).
cost(6, 25, 57).
cost(6, 26, 55).
cost(7, 1, 35).
cost(7, 2, 40).
cost(7, 3, 76).
cost(7, 4, 47).
cost(7, 5, 47).
cost(7, 6, 64).
cost(7, 8, 55).
cost(7, 9, 89).
cost(7, 10, 22).
cost(7, 11, 54).
cost(7, 12, 40).
cost(7, 13, 53).
cost(7, 14, 83).
cost(7, 15, 29).
cost(7, 16, 80).
cost(7, 17, 11).
cost(7, 18, 23).
cost(7, 19, 40).
cost(7, 20, 34).
cost(7, 21, 10).
cost(7, 22, 39).
cost(7, 23, 52).
cost(7, 24, 12).
cost(7, 25, 26).
cost(7, 26, 82).
cost(8, 1, 53).
cost(8, 2, 62).
cost(8, 3, 46).
cost(8, 4, 37).
cost(8, 5, 13).
cost(8, 6, 10).
cost(8, 7, 55).
cost(8, 9, 64).
cost(8, 10, 50).
cost(8, 11, 49).
cost(8, 12, 49).
cost(8, 13, 41).
cost(8, 14, 65).
cost(8, 15, 43).
cost(8, 16, 37).
cost(8, 17, 59).
cost(8, 18, 71).
cost(8, 19, 41).
cost(8, 20, 62).
cost(8, 21, 65).
cost(8, 22, 18).
cost(8, 23, 5).
cost(8, 24, 65).
cost(8, 25, 50).
cost(8, 26, 58).
cost(9, 1, 107).
cost(9, 2, 60).
cost(9, 3, 17).
cost(9, 4, 98).
cost(9, 5, 56).
cost(9, 6, 60).
cost(9, 7, 89).
cost(9, 8, 64).
cost(9, 10, 99).
cost(9, 11, 36).
cost(9, 12, 50).
cost(9, 13, 36).
cost(9, 14, 10).
cost(9, 15, 59).
cost(9, 16, 33).
cost(9, 17, 98).
cost(9, 18, 112).
cost(9, 19, 100).
cost(9, 20, 114).
cost(9, 21, 96).
cost(9, 22, 61).
cost(9, 23, 61).
cost(9, 24, 100).
cost(9, 25, 65).
cost(9, 26, 7).
cost(10, 1, 12).
cost(10, 2, 60).
cost(10, 3, 84).
cost(10, 4, 28).
cost(10, 5, 47).
cost(10, 6, 60).
cost(10, 7, 22).
cost(10, 8, 50).
cost(10, 9, 99).
cost(10, 11, 67).
cost(10, 12, 56).
cost(10, 13, 64).
cost(10, 14, 95).
cost(10, 15, 44).
cost(10, 16, 82).
cost(10, 17, 16).
cost(10, 18, 22).
cost(10, 19, 20).
cost(10, 20, 15).
cost(10, 21, 28).
cost(10, 22, 40).
cost(10, 23, 49).
cost(10, 24, 24).
cost(10, 25, 44).
cost(10, 26, 92).
cost(11, 1, 78).
cost(11, 2, 25).
cost(11, 3, 29).
cost(11, 4, 74).
cost(11, 5, 36).
cost(11, 6, 51).
cost(11, 7, 54).
cost(11, 8, 49).
cost(11, 9, 36).
cost(11, 10, 67).
cost(11, 12, 14).
cost(11, 13, 8).
cost(11, 14, 30).
cost(11, 15, 24).
cost(11, 16, 43).
cost(11, 17, 64).
cost(11, 18, 77).
cost(11, 19, 74).
cost(11, 20, 83).
cost(11, 21, 60).
cost(11, 22, 37).
cost(11, 23, 45).
cost(11, 24, 65).
cost(11, 25, 29).
cost(11, 26, 30).
cost(12, 1, 67).
cost(12, 2, 15).
cost(12, 3, 42).
cost(12, 4, 67).
cost(12, 5, 35).
cost(12, 6, 53).
cost(12, 7, 40).
cost(12, 8, 49).
cost(12, 9, 50).
cost(12, 10, 56).
cost(12, 11, 14).
cost(12, 13, 17).
cost(12, 14, 44).
cost(12, 15, 12).
cost(12, 16, 52).
cost(12, 17, 51).
cost(12, 18, 64).
cost(12, 19, 65).
cost(12, 20, 71).
cost(12, 21, 47).
cost(12, 22, 33).
cost(12, 23, 44).
cost(12, 24, 51).
cost(12, 25, 15).
cost(12, 26, 44).
cost(13, 1, 73).
cost(13, 2, 31).
cost(13, 3, 25).
cost(13, 4, 68).
cost(13, 5, 29).
cost(13, 6, 43).
cost(13, 7, 53).
cost(13, 8, 41).
cost(13, 9, 36).
cost(13, 10, 64).
cost(13, 11, 8).
cost(13, 12, 17).
cost(13, 14, 32).
cost(13, 15, 24).
cost(13, 16, 36).
cost(13, 17, 63).
cost(13, 18, 76).
cost(13, 19, 68).
cost(13, 20, 79).
cost(13, 21, 60).
cost(13, 22, 30).
cost(13, 23, 37).
cost(13, 24, 64).
cost(13, 25, 30).
cost(13, 26, 29).
cost(14, 1, 105).
cost(14, 2, 52).
cost(14, 3, 21).
cost(14, 4, 98).
cost(14, 5, 56).
cost(14, 6, 63).
cost(14, 7, 83).
cost(14, 8, 65).
cost(14, 9, 10).
cost(14, 10, 95).
cost(14, 11, 30).
cost(14, 12, 44).
cost(14, 13, 32).
cost(14, 15, 54).
cost(14, 16, 39).
cost(14, 17, 94).
cost(14, 18, 107).
cost(14, 19, 99).
cost(14, 20, 111).
cost(14, 21, 90).
cost(14, 22, 60).
cost(14, 23, 62).
cost(14, 24, 95).
cost(14, 25, 59).
cost(14, 26, 9).
cost(15, 1, 55).
cost(15, 2, 20).
cost(15, 3, 48).
cost(15, 4, 56).
cost(15, 5, 30).
cost(15, 6, 49).
cost(15, 7, 29).
cost(15, 8, 43).
cost(15, 9, 59).
cost(15, 10, 44).
cost(15, 11, 24).
cost(15, 12, 12).
cost(15, 13, 24).
cost(15, 14, 54).
cost(15, 16, 55).
cost(15, 17, 40).
cost(15, 18, 53).
cost(15, 19, 54).
cost(15, 20, 59).
cost(15, 21, 37).
cost(15, 22, 26).
cost(15, 23, 39).
cost(15, 24, 41).
cost(15, 25, 8).
cost(15, 26, 53).
cost(16, 1, 88).
cost(16, 2, 67).
cost(16, 3, 18).
cost(16, 4, 74).
cost(16, 5, 35).
cost(16, 6, 30).
cost(16, 7, 80).
cost(16, 8, 37).
cost(16, 9, 33).
cost(16, 10, 82).
cost(16, 11, 43).
cost(16, 12, 52).
cost(16, 13, 36).
cost(16, 14, 39).
cost(16, 15, 55).
cost(16, 17, 87).
cost(16, 18, 100).
cost(16, 19, 78).
cost(16, 20, 96).
cost(16, 21, 89).
cost(16, 22, 43).
cost(16, 23, 35).
cost(16, 24, 92).
cost(16, 25, 63).
cost(16, 26, 31).
cost(17, 1, 27).
cost(17, 2, 51).
cost(17, 3, 86).
cost(17, 4, 43).
cost(17, 5, 53).
cost(17, 6, 69).
cost(17, 7, 11).
cost(17, 8, 59).
cost(17, 9, 98).
cost(17, 10, 16).
cost(17, 11, 64).
cost(17, 12, 51).
cost(17, 13, 63).
cost(17, 14, 94).
cost(17, 15, 40).
cost(17, 16, 87).
cost(17, 18, 13).
cost(17, 19, 36).
cost(17, 20, 24).
cost(17, 21, 12).
cost(17, 22, 45).
cost(17, 23, 57).
cost(17, 24, 8).
cost(17, 25, 36).
cost(17, 26, 92).
cost(18, 1, 29).
cost(18, 2, 62).
cost(18, 3, 99).
cost(18, 4, 49).
cost(18, 5, 66).
cost(18, 6, 80).
cost(18, 7, 23).
cost(18, 8, 71).
cost(18, 9, 112).
cost(18, 10, 22).
cost(18, 11, 77).
cost(18, 12, 64).
cost(18, 13, 76).
cost(18, 14, 107).
cost(18, 15, 53).
cost(18, 16, 100).
cost(18, 17, 13).
cost(18, 19, 41).
cost(18, 20, 21).
cost(18, 21, 20).
cost(18, 22, 58).
cost(18, 23, 69).
cost(18, 24, 13).
cost(18, 25, 49).
cost(18, 26, 105).
cost(19, 1, 14).
cost(19, 2, 72).
cost(19, 3, 84).
cost(19, 4, 8).
cost(19, 5, 44).
cost(19, 6, 50).
cost(19, 7, 40).
cost(19, 8, 41).
cost(19, 9, 100).
cost(19, 10, 20).
cost(19, 11, 74).
cost(19, 12, 65).
cost(19, 13, 68).
cost(19, 14, 99).
cost(19, 15, 54).
cost(19, 16, 78).
cost(19, 17, 36).
cost(19, 18, 41).
cost(19, 20, 24).
cost(19, 21, 48).
cost(19, 22, 39).
cost(19, 23, 42).
cost(19, 24, 44).
cost(19, 25, 56).
cost(19, 26, 94).
cost(20, 1, 11).
cost(20, 2, 73).
cost(20, 3, 99).
cost(20, 4, 32).
cost(20, 5, 62).
cost(20, 6, 72).
cost(20, 7, 34).
cost(20, 8, 62).
cost(20, 9, 114).
cost(20, 10, 15).
cost(20, 11, 83).
cost(20, 12, 71).
cost(20, 13, 79).
cost(20, 14, 111).
cost(20, 15, 59).
cost(20, 16, 96).
cost(20, 17, 24).
cost(20, 18, 21).
cost(20, 19, 24).
cost(20, 21, 36).
cost(20, 22, 54).
cost(20, 23, 62).
cost(20, 24, 30).
cost(20, 25, 58).
cost(20, 26, 107).
cost(21, 1, 40).
cost(21, 2, 43).
cost(21, 3, 85).
cost(21, 4, 55).
cost(21, 5, 57).
cost(21, 6, 74).
cost(21, 7, 10).
cost(21, 8, 65).
cost(21, 9, 96).
cost(21, 10, 28).
cost(21, 11, 60).
cost(21, 12, 47).
cost(21, 13, 60).
cost(21, 14, 90).
cost(21, 15, 37).
cost(21, 16, 89).
cost(21, 17, 12).
cost(21, 18, 20).
cost(21, 19, 48).
cost(21, 20, 36).
cost(21, 22, 49).
cost(21, 23, 62).
cost(21, 24, 7).
cost(21, 25, 31).
cost(21, 26, 90).
cost(22, 1, 46).
cost(22, 2, 45).
cost(22, 3, 45).
cost(22, 4, 38).
cost(22, 5, 8).
cost(22, 6, 26).
cost(22, 7, 39).
cost(22, 8, 18).
cost(22, 9, 61).
cost(22, 10, 40).
cost(22, 11, 37).
cost(22, 12, 33).
cost(22, 13, 30).
cost(22, 14, 60).
cost(22, 15, 26).
cost(22, 16, 43).
cost(22, 17, 45).
cost(22, 18, 58).
cost(22, 19, 39).
cost(22, 20, 54).
cost(22, 21, 49).
cost(22, 23, 14).
cost(22, 24, 50).
cost(22, 25, 33).
cost(22, 26, 55).
cost(23, 1, 53).
cost(23, 2, 58).
cost(23, 3, 44).
cost(23, 4, 39).
cost(23, 5, 9).
cost(23, 6, 12).
cost(23, 7, 52).
cost(23, 8, 5).
cost(23, 9, 61).
cost(23, 10, 49).
cost(23, 11, 45).
cost(23, 12, 44).
cost(23, 13, 37).
cost(23, 14, 62).
cost(23, 15, 39).
cost(23, 16, 35).
cost(23, 17, 57).
cost(23, 18, 69).
cost(23, 19, 42).
cost(23, 20, 62).
cost(23, 21, 62).
cost(23, 22, 14).
cost(23, 24, 63).
cost(23, 25, 46).
cost(23, 26, 55).
cost(24, 1, 34).
cost(24, 2, 49).
cost(24, 3, 88).
cost(24, 4, 51).
cost(24, 5, 58).
cost(24, 6, 75).
cost(24, 7, 12).
cost(24, 8, 65).
cost(24, 9, 100).
cost(24, 10, 24).
cost(24, 11, 65).
cost(24, 12, 51).
cost(24, 13, 64).
cost(24, 14, 95).
cost(24, 15, 41).
cost(24, 16, 92).
cost(24, 17, 8).
cost(24, 18, 13).
cost(24, 19, 44).
cost(24, 20, 30).
cost(24, 21, 7).
cost(24, 22, 50).
cost(24, 23, 63).
cost(24, 25, 36).
cost(24, 26, 94).
cost(25, 1, 55).
cost(25, 2, 16).
cost(25, 3, 55).
cost(25, 4, 60).
cost(25, 5, 38).
cost(25, 6, 57).
cost(25, 7, 26).
cost(25, 8, 50).
cost(25, 9, 65).
cost(25, 10, 44).
cost(25, 11, 29).
cost(25, 12, 15).
cost(25, 13, 30).
cost(25, 14, 59).
cost(25, 15, 8).
cost(25, 16, 63).
cost(25, 17, 36).
cost(25, 18, 49).
cost(25, 19, 56).
cost(25, 20, 58).
cost(25, 21, 31).
cost(25, 22, 33).
cost(25, 23, 46).
cost(25, 24, 36).
cost(25, 26, 59).
cost(26, 1, 101).
cost(26, 2, 54).
cost(26, 3, 13).
cost(26, 4, 92).
cost(26, 5, 50).
cost(26, 6, 55).
cost(26, 7, 82).
cost(26, 8, 58).
cost(26, 9, 7).
cost(26, 10, 92).
cost(26, 11, 30).
cost(26, 12, 44).
cost(26, 13, 29).
cost(26, 14, 9).
cost(26, 15, 53).
cost(26, 16, 31).
cost(26, 17, 92).
cost(26, 18, 105).
cost(26, 19, 94).
cost(26, 20, 107).
cost(26, 21, 90).
cost(26, 22, 55).
cost(26, 23, 55).
cost(26, 24, 94).
cost(26, 25, 59).
