dimension(26).
point(1, 18.3582314113, 33.3715877373).
point(2, 18.9956967136, 84.5741041042).
point(3, 9.7246925731, 71.8310676085).
point(4, 33.6709733697, 14.7431632846).
point(5, 61.7505020192, 40.5696448626).
point(6, 16.9745899806, 13.4431166628).
point(7, 64.2236635301, 14.1970475885).
point(8, 88.7303853437, 77.1623656743).
point(9, 20.4355670426, 33.1939869173).
point(10, 26.7783300006, 9.6522933615).
point(11, 98.4279545912, 90.796319298).
point(12, 42.1174540719, 30.553313342).
point(13, 35.5927993192, 31.6805748937).
point(14, 53.2168869519, 13.7822937495).
point(15, 17.8703187768, 61.9721694782).
point(16, 59.7736851296, 1.9304832195).
point(17, 81.6924088746, 94.1665643683).
point(18, 48.3295646524, 63.0500723569).
point(19, 66.4406441768, 18.508632679).
point(20, 27.2142091216, 82.7959621163).
point(21, 75.616733371, 91.6191240949).
point(22, 63.4078410323, 65.8902546132).
point(23, 84.3942662823, 51.6336071536).
point(24, 96.2104663777, 71.1594328569).
point(25, 61.6296688052, 48.6384506806).
point(26, 28.6184931713, 69.2259377379).
cost(1, 2, 51).
cost(1, 3, 39).
cost(1, 4, 24).
cost(1, 5, 44).
cost(1, 6, 20).
cost(1, 7, 50).
cost(1, 8, 83).
cost(1, 9, 2).
cost(1, 10, 25).
cost(1, 11, 99).
cost(1, 12, 24).
cost(1, 13, 17).
cost(1, 14, 40).
cost(1, 15, 29).
cost(1, 16, 52).
cost(1, 17, 88).
cost(1, 18, 42).
cost(1, 19, 50).
cost(1, 20, 50).
cost(1, 21, 82).
cost(1, 22, 56).
cost(1, 23, 69).
cost(1, 24, 87).
cost(1, 25, 46).
cost(1, 26, 37).
cost(2, 1, 51).
cost(2, 3, 16).
cost(2, 4, 71).
cost(2, 5, 61).
cost(2, 6, 71).
cost(2, 7, 84).
cost(2, 8, 70).
cost(2, 9, 51).
cost(2, 10, 75).
cost(2, 11, 80).
cost(2, 12, 59).
cost(2, 13, 55).
cost(2, 14, 79).
cost(2, 15, 23).
cost(2, 16, 92).
cost(2, 17, 63).
cost(2, 18, 36).
cost(2, 19, 81).
cost(2, 20, 8).
cost(2, 21, 57).
cost(2, 22, 48).
cost(2, 23, 73).
cost(2, 24, 78).
cost(2, 25, 56).
cost(2, 26, 18).
cost(3, 1, 39).
cost(3, 2, 16).
cost(3, 4, 62).
cost(3, 5, 61).
cost(3, 6, 59).
cost(3, 7, 79).
cost(3, 8, 79).
cost(3, 9, 40).
cost(3, 10, 64).
cost(3, 11, 91).
cost(3, 12, 52).
cost(3, 13, 48).
cost(3, 14, 73).
cost(3, 15, 13).
cost(3, 16, 86).
cost(3, 17, 75).
cost(3, 18, 40).
cost(3, 19, 78).
cost(3, 20, 21).
cost(3, 21, 69).
cost(3, 22, 54).
cost(3, 23, 77).
cost(3, 24, 86).
cost(3, 25, 57).
cost(3, 26, 19).
cost(4, 1, 24).
cost(4, 2, 71).
cost(4, 3, 62).
cost(4, 5, 38).
cost(4, 6, 17).
cost(4, 7, 31).
cost(4, 8, 83).
cost(4, 9, 23).
cost(4, 10, 9).
cost(4, 11, 100).
cost(4, 12, 18).
cost(4, 13, 17).
cost(4, 14, 20).
cost(4, 15, 50).
cost(4, 16, 29).
cost(4, 17, 93).
cost(4, 18, 50).
cost(4, 19, 33).
cost(4, 20, 68).
cost(4, 21, 88).
cost(4, 22, 59).
cost(4, 23, 63).
cost(4, 24, 84).
cost(4, 25, 44).
cost(4, 26, 55).
cost(5, 1, 44).
cost(5, 2, 61).
cost(5, 3, 61).
cost(5, 4, 38).
cost(5, 6, 52).
cost(5, 7, 26).
cost(5, 8, 45).
cost(5, 9, 42).
cost(5, 10, 47).
cost(5, 11, 62).
cost(5, 12, 22).
cost(5, 13, 28).
cost(5, 14, 28).
cost(5, 15, 49).
cost(5, 16, 39).
cost(5, 17, 57).
cost(5, 18, 26).
cost(5, 19, 23).
cost(5, 20, 55).
cost(5, 21, 53).
cost(5, 22, 25).
cost(5, 23, 25).
cost(5, 24, 46).
cost(5, 25, 8).
cost(5, 26, 44).
cost(6, 1, 20).
cost(6, 2, 71).
cost(6, 3, 59).
cost(6, 4, 17).
cost(6, 5, 52).
cost(6, 7, 47).
cost(6, 8, 96).
cost(6, 9, 20).
cost(6, 10, 11).
cost(6, 11, 112).
cost(6, 12, 30).
cost(6, 13, 26).
cost(6, 14, 36).
cost(6, 15, 49).
cost(6, 16, 44).
cost(6, 17, 103).
cost(6, 18, 59).
cost(6, 19, 50).
cost(6, 20, 70).
cost(6, 21, 98).
cost(6, 22, 70).
cost(6, 23, 77).
cost(6, 24, 98).
cost(6, 25, 57).
cost(6, 26, 57).
cost(7, 1, 50).
cost(7, 2, 84).
cost(7, 3, 79).
cost(7, 4, 31).
cost(7, 5, 26).
cost(7, 6, 47).
cost(7, 8, 68).
cost(7, 9, 48).
cost(7, 10, 38).
cost(7, 11, 84).
cost(7, 12, 27).
cost(7, 13, 34).
cost(7, 14, 11).
cost(7, 15, 67).
cost(7, 16, 13).
cost(7, 17, 82).
cost(7, 18, 51).
cost(7, 19, 5).
cost(7, 20, 78).
cost(7, 21, 78).
cost(7, 22, 52).
cost(7, 23, 43).
cost(7, 24, 65).
cost(7, 25, 35).
cost(7, 26, 66).
cost(8, 1, 83).
cost(8, 2, 70).
cost(8, 3, 79).
cost(8, 4, 83).
cost(8, 5, 45).
cost(8, 6, 96).
cost(8, 7, 68).
cost(8, 9, 81).
cost(8, 10, 92).
cost(8, 11, 17).
cost(8, 12, 66).
cost(8, 13, 70).
cost(8, 14, 73).
cost(8, 15, 72).
cost(8, 16, 81).
cost(8, 17, 18).
cost(8, 18, 43).
cost(8, 19, 63).
cost(8, 20, 62).
cost(8, 21, 20).
cost(8, 22, 28).
cost(8, 23, 26).
cost(8, 24, 10).
cost(8, 25, 39).
cost(8, 26, 61).
cost(9, 1, 2).
cost(9, 2, 51).
cost(9, 3, 40).
cost(9, 4, 23).
cost(9, 5, 42).
cost(9, 6, 20).
cost(9, 7, 48).
cost(9, 8, 81).
cost(9, 10, 24).
cost(9, 11, 97).
cost(9, 12, 22).
cost(9, 13, 15).
cost(9, 14, 38).
cost(9, 15, 29).
cost(9, 16, 50).
cost(9, 17, 86).
cost(9, 18, 41).
cost(9, 19, 48).
cost(9, 20, 50).
cost(9, 21, 80).
cost(9, 22, 54).
cost(9, 23, 67).
cost(9, 24, 85).
cost(9, 25, 44).
cost(9, 26, 37).
cost(10, 1, 25).
cost(10, 2, 75).
cost(10, 3, 64).
cost(10, 4, 9).
cost(10, 5, 47).
cost(10, 6, 11).
cost(10, 7, 38).
cost(10, 8, 92).
cost(10, 9, 24).
cost(10, 11, 108).
cost(10, 12, 26).
cost(10, 13, 24).
cost(10, 14, 27).
cost(10, 15, 53).
cost(10, 16, 34).
cost(10, 17, 101).
cost(10, 18, 58).
cost(10, 19, 41).
cost(10, 20, 73).
cost(10, 21, 95).
cost(10, 22, 67).
cost(10, 23, 71).
cost(10, 24, 93).
cost(10, 25, 52).
cost(10, 26, 60).
cost(11, 1, 99).
cost(11, 2, 80).
cost(11, 3, 91).
cost(11, 4, 100).
cost(11, 5, 62).
cost(11, 6, 112).
cost(11, 7, 84).
cost(11, 8, 17).
cost(11, 9, 97).
cost(11, 10, 108).
cost(11, 12, 82).
cost(11, 13, 86).
cost(11, 14, 89).
cost(11, 15, 86).
cost(11, 16, 97).
cost(11, 17, 17).
cost(11, 18, 57).
cost(11, 19, 79).
cost(11, 20, 72).
cost(11, 21, 23).
cost(11, 22, 43).
cost(11, 23, 42).
cost(11, 24, 20).
cost(11, 25, 56).
cost(11, 26, 73).
cost(12, 1, 24).
cost(12, 2, 59).
cost(12, 3, 52).
cost(12, 4, 18).
cost(12, 5, 22).
cost(12, 6, 30).
cost(12, 7, 27).
cost(12, 8, 66).
cost(12, 9, 22).
cost(12, 10, 26).
cost(12, 11, 82).
cost(12, 13, 7).
cost(12, 14, 20).
cost(12, 15, 40).
cost(12, 16, 34).
cost(12, 17, 75).
cost(12, 18, 33).
cost(12, 19, 27).
cost(12, 20, 54).
cost(12, 21, 70).
cost(12, 22, 41).
cost(12, 23, 47).
cost(12, 24, 68).
cost(12, 25, 27).
cost(12, 26, 41).
cost(13, 1, 17).
cost(13, 2, 55).
cost(13, 3, 48).
cost(13, 4, 17).
cost(13, 5, 28).
cost(13, 6, 26).
cost(13, 7, 34).
cost(13, 8, 70).
cost(13, 9, 15).
cost(13, 10, 24).
cost(13, 11, 86).
cost(13, 12, 7).
cost(13, 14, 25).
cost(13, 15, 35).
cost(13, 16, 38).
cost(13, 17, 78).
cost(13, 18, 34).
cost(13, 19, 34).
cost(13, 20, 52).
cost(13, 21, 72).
cost(13, 22, 44).
cost(13, 23, 53).
cost(13, 24, 72).
cost(13, 25, 31).
cost(13, 26, 38).
cost(14, 1, 40).
cost(14, 2, 79).
cost(14, 3, 73).
cost(14, 4, 20).
cost(14, 5, 28).
cost(14, 6, 36).
cost(14, 7, 11).
cost(14, 8, 73).
cost(14, 9, 38).
cost(14, 10, 27).
cost(14, 11, 89).
cost(14, 12, 20).
cost(14, 13, 25).
cost(14, 15, 60).
cost(14, 16, 14).
cost(14, 17, 85).
cost(14, 18, 50).
cost(14, 19, 14).
cost(14, 20, 74).
cost(14, 21, 81).
cost(14, 22, 53).
cost(14, 23, 49).
cost(14, 24, 72).
cost(14, 25, 36).
cost(14, 26, 61).
cost(15, 1, 29).
cost(15, 2, 23).
cost(15, 3, 13).
cost(15, 4, 50).
cost(15, 5, 49).
cost(15, 6, 49).
cost(15, 7, 67).
cost(15, 8, 72).
cost(15, 9, 29).
cost(15, 10, 53).
cost(15, 11, 86).
cost(15, 12, 40).
cost(15, 13, 35).
cost(15, 14, 60).
cost(15, 16, 73).
cost(15, 17, 71).
cost(15, 18, 30).
cost(15, 19, 65).
cost(15, 20, 23).
cost(15, 21, 65).
cost(15, 22, 46).
cost(15, 23, 67).
cost(15, 24, 79).
cost(15, 25, 46).
cost(15, 26, 13).
cost(16, 1, 52).
cost(16, 2, 92).
cost(16, 3, 86).
cost(16, 4, 29).
cost(16, 5, 39).
cost(16, 6, 44).
cost(16, 7, 13).
cost(16, 8, 81).
cost(16, 9, 50).
cost(16, 10, 34).
cost(16, 11, 97).
cost(16, 12, 34).
cost(16, 13, 38).
cost(16, 14, 14).
cost(16, 15, 73).
cost(16, 17, 95).
cost(16, 18, 62).
cost(16, 19, 18).
cost(16, 20, 87).
cost(16, 21, 91).
cost(16, 22, 64).
cost(16, 23, 55).
cost(16, 24, 78).
cost(16, 25, 47).
cost(16, 26, 74).
cost(17, 1, 88).
cost(17, 2, 63).
cost(17, 3, 75).
cost(17, 4, 93).
cost(17, 5, 57).
cost(17, 6, 103).
cost(17, 7, 82).
cost(17, 8, 18).
cost(17, 9, 86).
cost(17, 10, 101).
cost(17, 11, 17).
cost(17, 12, 75).
cost(17, 13, 78).
cost(17, 14, 85).
cost(17, 15, 71).
cost(17, 16, 95).
cost(17, 18, 46).
cost(17, 19, 77).
cost(17, 20, 56).
cost(17, 21, 7).
cost(17, 22, 34).
cost(17, 23, 43).
cost(17, 24, 27).
cost(17, 25, 50).
cost(17, 26, 59).
cost(18, 1, 42).
cost(18, 2, 36).
cost(18, 3, 40).
cost(18, 4, 50).
cost(18, 5, 26).
cost(18, 6, 59).
cost(18, 7, 51).
cost(18, 8, 43).
cost(18, 9, 41).
cost(18, 10, 58).
cost(18, 11, 57).
cost(18, 12, 33).
cost(18, 13, 34).
cost(18, 14, 50).
cost(18, 15, 30).
cost(18, 16, 62).
cost(18, 17, 46).
cost(18, 19, 48).
cost(18, 20, 29).
cost(18, 21, 40).
cost(18, 22, 15).
cost(18, 23, 38).
cost(18, 24, 49).
cost(18, 25, 20).
cost(18, 26, 21).
cost(19, 1, 50).
cost(19, 2, 81).
cost(19, 3, 78).
cost(19, 4, 33).
cost(19, 5, 23).
cost(19, 6, 50).
cost(19, 7, 5).
cost(19, 8, 63).
cost(19, 9, 48).
cost(19, 10, 41).
cost(19, 11, 79).
cost(19, 12, 27).
cost(19, 13, 34).
cost(19, 14, 14).
cost(19, 15, 65).
cost(19, 16, 18).
cost(19, 17, 77).
cost(19, 18, 48).
cost(19, 20, 75).
cost(19, 21, 74).
cost(19, 22, 47).
cost(19, 23, 38).
cost(19, 24, 60).
cost(19, 25, 31).
cost(19, 26, 63).
cost(20, 1, 50).
cost(20, 2, 8).
cost(20, 3, 21).
cost(20, 4, 68).
cost(20, 5, 55).
cost(20, 6, 70).
cost(20, 7, 78).
cost(20, 8, 62).
cost(20, 9, 50).
cost(20, 10, 73).
cost(20, 11, 72).
cost(20, 12, 54).
cost(20, 13, 52).
cost(20, 14, 74).
cost(20, 15, 23).
cost(20, 16, 87).
cost(20, 17, 56).
cost(20, 18, 29).
cost(20, 19, 75).
cost(20, 21, 49).
cost(20, 22, 40).
cost(20, 23, 65).
cost(20, 24, 70).
cost(20, 25, 48).
cost(20, 26, 14).
cost(21, 1, 82).
cost(21, 2, 57).
cost(21, 3, 69).
cost(21, 4, 88).
cost(21, 5, 53).
cost(21, 6, 98).
cost(21, 7, 78).
cost(21, 8, 20).
cost(21, 9, 80).
cost(21, 10, 95).
cost(21, 11, 23).
cost(21, 12, 70).
cost(21, 13, 72).
cost(21, 14, 81).
cost(21, 15, 65).
cost(21, 16, 91).
cost(21, 17, 7).
cost(21, 18, 40).
cost(21, 19, 74).
cost(21, 20, 49).
cost(21, 22, 28).
cost(21, 23, 41).
cost(21, 24, 29).
cost(21, 25, 45).
cost(21, 26, 52).
cost(22, 1, 56).
cost(22, 2, 48).
cost(22, 3, 54).
cost(22, 4, 59).
cost(22, 5, 25).
cost(22, 6, 70).
cost(22, 7, 52).
cost(22, 8, 28).
cost(22, 9, 54).
cost(22, 10, 67).
cost(22, 11, 43).
cost(22, 12, 41).
cost(22, 13, 44).
cost(22, 14, 53).
cost(22, 15, 46).
cost(22, 16, 64).
cost(22, 17, 34).
cost(22, 18, 15).
cost(22, 19, 47).
cost(22, 20, 40).
cost(22, 21, 28).
cost(22, 23, 25).
cost(22, 24, 33).
cost(22, 25, 17).
cost(22, 26, 35).
cost(23, 1, 69).
cost(23, 2, 73).
cost(23, 3, 77).
cost(23, 4, 63).
cost(23, 5, 25).
cost(23, 6, 77).
cost(23, 7, 43).
cost(23, 8, 26).
cost(23, 9, 67).
cost(23, 10, 71).
cost(23, 11, 42).
cost(23, 12, 47).
cost(23, 13, 53).
cost(23, 14, 49).
cost(23, 15, 67).
cost(23, 16, 55).
cost(23, 17, 43).
cost(23, 18, 38).
cost(23, 19, 38).
cost(23, 20, 65).
cost(23, 21, 41).
cost(23, 22, 25).
cost(23, 24, 23).
cost(23, 25, 23).
cost(23, 26, 58).
cost(24, 1, 87).
cost(24, 2, 78).
cost(24, 3, 86).
cost(24, 4, 84).
cost(24, 5, 46).
cost(24, 6, 98).
cost(24, 7, 65).
cost(24, 8, 10).
cost(24, 9, 85).
cost(24, 10, 93).
cost(24, 11, 20).
cost(24, 12, 68).
cost(24, 13, 72).
cost(24, 14, 72).
cost(24, 15, 79).
cost(24, 16, 78).
cost(24, 17, 27).
cost(24, 18, 49).
cost(24, 19, 60).
cost(24, 20, 70).
cost(24, 21, 29).
cost(24, 22, 33).
cost(24, 23, 23).
cost(24, 25, 41).
cost(24, 26, 68).
cost(25, 1, 46).
cost(25, 2, 56).
cost(25, 3, 57).
cost(25, 4, 44).
cost(25, 5, 8).
cost(25, 6, 57).
cost(25, 7, 35).
cost(25, 8, 39).
cost(25, 9, 44).
cost(25, 10, 52).
cost(25, 11, 56).
cost(25, 12, 27).
cost(25, 13, 31).
cost(25, 14, 36).
cost(25, 15, 46).
cost(25, 16, 47).
cost(25, 17, 50).
cost(25, 18, 20).
cost(25, 19, 31).
cost(25, 20, 48).
cost(25, 21, 45).
cost(25, 22, 17).
cost(25, 23, 23).
cost(25, 24, 41).
cost(25, 26, 39).
cost(26, 1, 37).
cost(26, 2, 18).
cost(26, 3, 19).
cost(26, 4, 55).
cost(26, 5, 44).
cost(26, 6, 57).
cost(26, 7, 66).
cost(26, 8, 61).
cost(26, 9, 37).
cost(26, 10, 60).
cost(26, 11, 73).
cost(26, 12, 41).
cost(26, 13, 38).
cost(26, 14, 61).
cost(26, 15, 13).
cost(26, 16, 74).
cost(26, 17, 59).
cost(26, 18, 21).
cost(26, 19, 63).
cost(26, 20, 14).
cost(26, 21, 52).
cost(26, 22, 35).
cost(26, 23, 58).
cost(26, 24, 68).
cost(26, 25, 39).
