dimension(26).
point(1, 14.858851995, 56.2342949099).
point(2, 61.2235172138, 19.4160709903).
point(3, 44.2230210126, 87.8463846492).
point(4, 51.8430737431, 65.443691355).
point(5, 28.8468670535, 64.6696490049).
point(6, 10.7582216442, 31.5203138971).
point(7, 79.8782077108, 57.196952782).
point(8, 21.7857658056, 63.5148104149).
point(9, 90.1100427826, 37.4250513451).
point(10, 16.2195506764, 66.7087188791).
point(11, 3.4966014235, 21.1240261782).
point(12, 31.1015383113, 52.6476256424).
point(13, 66.6070390153, 3.405218559).
point(14, 85.2230332837, 17.4764470875).
point(15, 19.2643299784, 43.0040342807).
point(16, 89.9176908263, 61.0879837366).
point(17, 35.590378954, 88.1483729959).
point(18, 76.9247006565, 50.527906006).
point(19, 68.910657587, 13.5032582953).
point(20, 45.5624435986, 77.3994376181).
point(21, 19.2016045212, 74.0143381812).
point(22, 65.539861652, 37.7062162269).
point(23, 18.0638104862, 95.3324333048).
point(24, 53.2345944777, 10.3506983553).
point(25, 16.3624829227, 19.13267564).
point(26, 20.9221673347, 25.7789174143).
cost(1, 2, 59).
cost(1, 3, 43).
cost(1, 4, 38).
cost(1, 5, 16).
cost(1, 6, 25).
cost(1, 7, 65).
cost(1, 8, 10).
cost(1, 9, 78).
cost(1, 10, 11).
cost(1, 11, 37).
cost(1, 12, 17).
cost(1, 13, 74).
cost(1, 14, 80).
cost(1, 15, 14).
cost(1, 16, 75).
cost(1, 17, 38).
cost(1, 18, 62).
cost(1, 19, 69).
cost(1, 20, 37).
cost(1, 21, 18).
cost(1, 22, 54).
cost(1, 23, 39).
cost(1, 24, 60).
cost(1, 25, 37).
cost(1, 26, 31).
cost(2, 1, 59).
cost(2, 3, 71).
cost(2, 4, 47).
cost(2, 5, 56).
cost(2, 6, 52).
cost(2, 7, 42).
cost(2, 8, 59).
cost(2, 9, 34).
cost(2, 10, 65).
cost(2, 11, 58).
cost(2, 12, 45).
cost(2, 13, 17).
cost(2, 14, 24).
cost(2, 15, 48).
cost(2, 16, 51).
cost(2, 17, 73).
cost(2, 18, 35).
cost(2, 19, 10).
cost(2, 20, 60).
cost(2, 21, 69).
cost(2, 22, 19).
cost(2, 23, 87).
cost(2, 24, 12).
cost(2, 25, 45).
cost(2, 26, 41).
cost(3, 1, 43).
cost(3, 2, 71).
cost(3, 4, 24).
cost(3, 5, 28).
cost(3, 6, 66).
cost(3, 7, 47).
cost(3, 8, 33).
cost(3, 9, 68).
cost(3, 10, 35).
cost(3, 11, 78).
cost(3, 12, 38).
cost(3, 13, 87).
cost(3, 14, 81).
cost(3, 15, 51).
cost(3, 16, 53).
cost(3, 17, 9).
cost(3, 18, 50).
cost(3, 19, 78).
cost(3, 20, 11).
cost(3, 21, 29).
cost(3, 22, 54).
cost(3, 23, 27).
cost(3, 24, 78).
cost(3, 25, 74).
cost(3, 26, 66).
cost(4, 1, 38).
cost(4, 2, 47).
cost(4, 3, 24).
cost(4, 5, 23).
cost(4, 6, 53).
cost(4, 7, 29).
cost(4, 8, 30).
cost(4, 9, 47).
cost(4, 10, 36).
cost(4, 11, 66).
cost(4, 12, 24).
cost(4, 13, 64).
cost(4, 14, 58).
cost(4, 15, 40).
cost(4, 16, 38).
cost(4, 17, 28).
cost(4, 18, 29).
cost(4, 19, 55).
cost(4, 20, 14).
cost(4, 21, 34).
cost(4, 22, 31).
cost(4, 23, 45).
cost(4, 24, 55).
cost(4, 25, 58).
cost(4, 26, 50).
cost(5, 1, 16).
cost(5, 2, 56).
cost(5, 3, 28).
cost(5, 4, 23).
cost(5, 6, 38).
cost(5, 7, 52).
cost(5, 8, 7).
cost(5, 9, 67).
cost(5, 10, 13).
cost(5, 11, 50).
cost(5, 12, 12).
cost(5, 13, 72).
cost(5, 14, 74).
cost(5, 15, 24).
cost(5, 16, 61).
cost(5, 17, 24).
cost(5, 18, 50).
cost(5, 19, 65).
cost(5, 20, 21).
cost(5, 21, 13).
cost(5, 22, 46).
cost(5, 23, 33).
cost(5, 24, 60).
cost(5, 25, 47).
cost(5, 26, 40).
cost(6, 1, 25).
cost(6, 2, 52).
cost(6, 3, 66).
cost(6, 4, 53).
cost(6, 5, 38).
cost(6, 7, 74).
cost(6, 8, 34).
cost(6, 9, 80).
cost(6, 10, 36).
cost(6, 11, 13).
cost(6, 12, 29).
cost(6, 13, 63).
cost(6, 14, 76).
cost(6, 15, 14).
cost(6, 16, 85).
cost(6, 17, 62).
cost(6, 18, 69).
cost(6, 19, 61).
cost(6, 20, 58).
cost(6, 21, 43).
cost(6, 22, 55).
cost(6, 23, 64).
cost(6, 24, 47).
cost(6, 25, 14).
cost(6, 26, 12).
cost(7, 1, 65).
cost(7, 2, 42).
cost(7, 3, 47).
cost(7, 4, 29).
cost(7, 5, 52).
cost(7, 6, 74).
cost(7, 8, 58).
cost(7, 9, 22).
cost(7, 10, 64).
cost(7, 11, 84).
cost(7, 12, 49).
cost(7, 13, 55).
cost(7, 14, 40).
cost(7, 15, 62).
cost(7, 16, 11).
cost(7, 17, 54).
cost(7, 18, 7).
cost(7, 19, 45).
cost(7, 20, 40).
cost(7, 21, 63).
cost(7, 22, 24).
cost(7, 23, 73).
cost(7, 24, 54).
cost(7, 25, 74).
cost(7, 26, 67).
cost(8, 1, 10).
cost(8, 2, 59).
cost(8, 3, 33).
cost(8, 4, 30).
cost(8, 5, 7).
cost(8, 6, 34).
cost(8, 7, 58).
cost(8, 9, 73).
cost(8, 10, 6).
cost(8, 11, 46).
cost(8, 12, 14).
cost(8, 13, 75).
cost(8, 14, 78).
cost(8, 15, 21).
cost(8, 16, 68).
cost(8, 17, 28).
cost(8, 18, 57).
cost(8, 19, 69).
cost(8, 20, 28).
cost(8, 21, 11).
cost(8, 22, 51).
cost(8, 23, 32).
cost(8, 24, 62).
cost(8, 25, 45).
cost(8, 26, 38).
cost(9, 1, 78).
cost(9, 2, 34).
cost(9, 3, 68).
cost(9, 4, 47).
cost(9, 5, 67).
cost(9, 6, 80).
cost(9, 7, 22).
cost(9, 8, 73).
cost(9, 10, 79).
cost(9, 11, 88).
cost(9, 12, 61).
cost(9, 13, 41).
cost(9, 14, 21).
cost(9, 15, 71).
cost(9, 16, 24).
cost(9, 17, 74).
cost(9, 18, 19).
cost(9, 19, 32).
cost(9, 20, 60).
cost(9, 21, 80).
cost(9, 22, 25).
cost(9, 23, 92).
cost(9, 24, 46).
cost(9, 25, 76).
cost(9, 26, 70).
cost(10, 1, 11).
cost(10, 2, 65).
cost(10, 3, 35).
cost(10, 4, 36).
cost(10, 5, 13).
cost(10, 6, 36).
cost(10, 7, 64).
cost(10, 8, 6).
cost(10, 9, 79).
cost(10, 11, 47).
cost(10, 12, 20).
cost(10, 13, 81).
cost(10, 14, 85).
cost(10, 15, 24).
cost(10, 16, 74).
cost(10, 17, 29).
cost(10, 18, 63).
cost(10, 19, 75).
cost(10, 20, 31).
cost(10, 21, 8).
cost(10, 22, 57).
cost(10, 23, 29).
cost(10, 24, 67).
cost(10, 25, 48).
cost(10, 26, 41).
cost(11, 1, 37).
cost(11, 2, 58).
cost(11, 3, 78).
cost(11, 4, 66).
cost(11, 5, 50).
cost(11, 6, 13).
cost(11, 7, 84).
cost(11, 8, 46).
cost(11, 9, 88).
cost(11, 10, 47).
cost(11, 12, 42).
cost(11, 13, 66).
cost(11, 14, 82).
cost(11, 15, 27).
cost(11, 16, 95).
cost(11, 17, 74).
cost(11, 18, 79).
cost(11, 19, 66).
cost(11, 20, 70).
cost(11, 21, 55).
cost(11, 22, 64).
cost(11, 23, 76).
cost(11, 24, 51).
cost(11, 25, 13).
cost(11, 26, 18).
cost(12, 1, 17).
cost(12, 2, 45).
cost(12, 3, 38).
cost(12, 4, 24).
cost(12, 5, 12).
cost(12, 6, 29).
cost(12, 7, 49).
cost(12, 8, 14).
cost(12, 9, 61).
cost(12, 10, 20).
cost(12, 11, 42).
cost(12, 13, 61).
cost(12, 14, 65).
cost(12, 15, 15).
cost(12, 16, 59).
cost(12, 17, 36).
cost(12, 18, 46).
cost(12, 19, 54).
cost(12, 20, 29).
cost(12, 21, 24).
cost(12, 22, 38).
cost(12, 23, 45).
cost(12, 24, 48).
cost(12, 25, 37).
cost(12, 26, 29).
cost(13, 1, 74).
cost(13, 2, 17).
cost(13, 3, 87).
cost(13, 4, 64).
cost(13, 5, 72).
cost(13, 6, 63).
cost(13, 7, 55).
cost(13, 8, 75).
cost(13, 9, 41).
cost(13, 10, 81).
cost(13, 11, 66).
cost(13, 12, 61).
cost(13, 14, 23).
cost(13, 15, 62).
cost(13, 16, 62).
cost(13, 17, 90).
cost(13, 18, 48).
cost(13, 19, 10).
cost(13, 20, 77).
cost(13, 21, 85).
cost(13, 22, 34).
cost(13, 23, 104).
cost(13, 24, 15).
cost(13, 25, 53).
cost(13, 26, 51).
cost(14, 1, 80).
cost(14, 2, 24).
cost(14, 3, 81).
cost(14, 4, 58).
cost(14, 5, 74).
cost(14, 6, 76).
cost(14, 7, 40).
cost(14, 8, 78).
cost(14, 9, 21).
cost(14, 10, 85).
cost(14, 11, 82).
cost(14, 12, 65).
cost(14, 13, 23).
cost(14, 15, 71).
cost(14, 16, 44).
cost(14, 17, 86).
cost(14, 18, 34).
cost(14, 19, 17).
cost(14, 20, 72).
cost(14, 21, 87).
cost(14, 22, 28).
cost(14, 23, 103).
cost(14, 24, 33).
cost(14, 25, 69).
cost(14, 26, 65).
cost(15, 1, 14).
cost(15, 2, 48).
cost(15, 3, 51).
cost(15, 4, 40).
cost(15, 5, 24).
cost(15, 6, 14).
cost(15, 7, 62).
cost(15, 8, 21).
cost(15, 9, 71).
cost(15, 10, 24).
cost(15, 11, 27).
cost(15, 12, 15).
cost(15, 13, 62).
cost(15, 14, 71).
cost(15, 16, 73).
cost(15, 17, 48).
cost(15, 18, 58).
cost(15, 19, 58).
cost(15, 20, 43).
cost(15, 21, 31).
cost(15, 22, 47).
cost(15, 23, 52).
cost(15, 24, 47).
cost(15, 25, 24).
cost(15, 26, 17).
cost(16, 1, 75).
cost(16, 2, 51).
cost(16, 3, 53).
cost(16, 4, 38).
cost(16, 5, 61).
cost(16, 6, 85).
cost(16, 7, 11).
cost(16, 8, 68).
cost(16, 9, 24).
cost(16, 10, 74).
cost(16, 11, 95).
cost(16, 12, 59).
cost(16, 13, 62).
cost(16, 14, 44).
cost(16, 15, 73).
cost(16, 17, 61).
cost(16, 18, 17).
cost(16, 19, 52).
cost(16, 20, 47).
cost(16, 21, 72).
cost(16, 22, 34).
cost(16, 23, 80).
cost(16, 24, 63).
cost(16, 25, 85).
cost(16, 26, 78).
cost(17, 1, 38).
cost(17, 2, 73).
cost(17, 3, 9).
cost(17, 4, 28).
cost(17, 5, 24).
cost(17, 6, 62).
cost(17, 7, 54).
cost(17, 8, 28).
cost(17, 9, 74).
cost(17, 10, 29).
cost(17, 11, 74).
cost(17, 12, 36).
cost(17, 13, 90).
cost(17, 14, 86).
cost(17, 15, 48).
cost(17, 16, 61).
cost(17, 18, 56).
cost(17, 19, 82).
cost(17, 20, 15).
cost(17, 21, 22).
cost(17, 22, 59).
cost(17, 23, 19).
cost(17, 24, 80).
cost(17, 25, 72).
cost(17, 26, 64).
cost(18, 1, 62).
cost(18, 2, 35).
cost(18, 3, 50).
cost(18, 4, 29).
cost(18, 5, 50).
cost(18, 6, 69).
cost(18, 7, 7).
cost(18, 8, 57).
cost(18, 9, 19).
cost(18, 10, 63).
cost(18, 11, 79).
cost(18, 12, 46).
cost(18, 13, 48).
cost(18, 14, 34).
cost(18, 15, 58).
cost(18, 16, 17).
cost(18, 17, 56).
cost(18, 19, 38).
cost(18, 20, 41).
cost(18, 21, 62).
cost(18, 22, 17).
cost(18, 23, 74).
cost(18, 24, 47).
cost(18, 25, 68).
cost(18, 26, 61).
cost(19, 1, 69).
cost(19, 2, 10).
cost(19, 3, 78).
cost(19, 4, 55).
cost(19, 5, 65).
cost(19, 6, 61).
cost(19, 7, 45).
cost(19, 8, 69).
cost(19, 9, 32).
cost(19, 10, 75).
cost(19, 11, 66).
cost(19, 12, 54).
cost(19, 13, 10).
cost(19, 14, 17).
cost(19, 15, 58).
cost(19, 16, 52).
cost(19, 17, 82).
cost(19, 18, 38).
cost(19, 20, 68).
cost(19, 21, 78).
cost(19, 22, 24).
cost(19, 23, 96).
cost(19, 24, 16).
cost(19, 25, 53).
cost(19, 26, 50).
cost(20, 1, 37).
cost(20, 2, 60).
cost(20, 3, 11).
cost(20, 4, 14).
cost(20, 5, 21).
cost(20, 6, 58).
cost(20, 7, 40).
cost(20, 8, 28).
cost(20, 9, 60).
cost(20, 10, 31).
cost(20, 11, 70).
cost(20, 12, 29).
cost(20, 13, 77).
cost(20, 14, 72).
cost(20, 15, 43).
cost(20, 16, 47).
cost(20, 17, 15).
cost(20, 18, 41).
cost(20, 19, 68).
cost(20, 21, 27).
cost(20, 22, 44).
cost(20, 23, 33).
cost(20, 24, 67).
cost(20, 25, 65).
cost(20, 26, 57).
cost(21, 1, 18).
cost(21, 2, 69).
cost(21, 3, 29).
cost(21, 4, 34).
cost(21, 5, 13).
cost(21, 6, 43).
cost(21, 7, 63).
cost(21, 8, 11).
cost(21, 9, 80).
cost(21, 10, 8).
cost(21, 11, 55).
cost(21, 12, 24).
cost(21, 13, 85).
cost(21, 14, 87).
cost(21, 15, 31).
cost(21, 16, 72).
cost(21, 17, 22).
cost(21, 18, 62).
cost(21, 19, 78).
cost(21, 20, 27).
cost(21, 22, 59).
cost(21, 23, 21).
cost(21, 24, 72).
cost(21, 25, 55).
cost(21, 26, 48).
cost(22, 1, 54).
cost(22, 2, 19).
cost(22, 3, 54).
cost(22, 4, 31).
cost(22, 5, 46).
cost(22, 6, 55).
cost(22, 7, 24).
cost(22, 8, 51).
cost(22, 9, 25).
cost(22, 10, 57).
cost(22, 11, 64).
cost(22, 12, 38).
cost(22, 13, 34).
cost(22, 14, 28).
cost(22, 15, 47).
cost(22, 16, 34).
cost(22, 17, 59).
cost(22, 18, 17).
cost(22, 19, 24).
cost(22, 20, 44).
cost(22, 21, 59).
cost(22, 23, 75).
cost(22, 24, 30).
cost(22, 25, 53).
cost(22, 26, 46).
cost(23, 1, 39).
cost(23, 2, 87).
cost(23, 3, 27).
cost(23, 4, 45).
cost(23, 5, 33).
cost(23, 6, 64).
cost(23, 7, 73).
cost(23, 8, 32).
cost(23, 9, 92).
cost(23, 10, 29).
cost(23, 11, 76).
cost(23, 12, 45).
cost(23, 13, 104).
cost(23, 14, 103).
cost(23, 15, 52).
cost(23, 16, 80).
cost(23, 17, 19).
cost(23, 18, 74).
cost(23, 19, 96).
cost(23, 20, 33).
cost(23, 21, 21).
cost(23, 22, 75).
cost(23, 24, 92).
cost(23, 25, 76).
cost(23, 26, 70).
cost(24, 1, 60).
cost(24, 2, 12).
cost(24, 3, 78).
cost(24, 4, 55).
cost(24, 5, 60).
cost(24, 6, 47).
cost(24, 7, 54).
cost(24, 8, 62).
cost(24, 9, 46).
cost(24, 10, 67).
cost(24, 11, 51).
cost(24, 12, 48).
cost(24, 13, 15).
cost(24, 14, 33).
cost(24, 15, 47).
cost(24, 16, 63).
cost(24, 17, 80).
cost(24, 18, 47).
cost(24, 19, 16).
cost(24, 20, 67).
cost(24, 21, 72).
cost(24, 22, 30).
cost(24, 23, 92).
cost(24, 25, 38).
cost(24, 26, 36).
cost(25, 1, 37).
cost(25, 2, 45).
cost(25, 3, 74).
cost(25, 4, 58).
cost(25, 5, 47).
cost(25, 6, 14).
cost(25, 7, 74).
cost(25, 8, 45).
cost(25, 9, 76).
cost(25, 10, 48).
cost(25, 11, 13).
cost(25, 12, 37).
cost(25, 13, 53).
cost(25, 14, 69).
cost(25, 15, 24).
cost(25, 16, 85).
cost(25, 17, 72).
cost(25, 18, 68).
cost(25, 19, 53).
cost(25, 20, 65).
cost(25, 21, 55).
cost(25, 22, 53).
cost(25, 23, 76).
cost(25, 24, 38).
cost(25, 26, 8).
cost(26, 1, 31).
cost(26, 2, 41).
cost(26, 3, 66).
cost(26, 4, 50).
cost(26, 5, 40).
cost(26, 6, 12).
cost(26, 7, 67).
cost(26, 8, 38).
cost(26, 9, 70).
cost(26, 10, 41).
cost(26, 11, 18).
cost(26, 12, 29).
cost(26, 13, 51).
cost(26, 14, 65).
cost(26, 15, 17).
cost(26, 16, 78).
cost(26, 17, 64).
cost(26, 18, 61).
cost(26, 19, 50).
cost(26, 20, 57).
cost(26, 21, 48).
cost(26, 22, 46).
cost(26, 23, 70).
cost(26, 24, 36).
cost(26, 25, 8).
