dimension(26).
point(1, 97.3772653894, 65.747559596).
point(2, 4.9166942594, 34.6202827157).
point(3, 87.6486885419, 24.1241556998).
point(4, 43.4402780904, 36.9375941614).
point(5, 36.6536114016, 21.0728615853).
point(6, 36.4170671387, 55.7067708675).
point(7, 31.7892784226, 15.7676599039).
point(8, 0.1652663757, 39.4602682569).
point(9, 26.343706003, 19.5002687061).
point(10, 12.9475480233, 53.0007345687).
point(11, 72.3691447388, 61.714813839).
point(12, 88.9327489697, 69.6724470148).
point(13, 48.5415901844, 68.4349386183).
point(14, 79.2891645773, 56.9063328054).
point(15, 92.7446392945, 56.5189570778).
point(16, 73.3670784316, 10.8799984444).
point(17, 91.4571049433, 11.7242965652).
point(18, 7.8310613513, 72.4867115012).
point(19, 68.6724531324, 75.164972957).
point(20, 21.8159946252, 84.6653816855).
point(21, 5.8657746039, 52.7564993486).
point(22, 90.5720572527, 15.7783826988).
point(23, 56.2052797044, 5.1885446347).
point(24, 39.7551319414, 67.1445977266).
point(25, 88.8291656659, 9.4770727801).
point(26, 23.2749422511, 82.696417617).
cost(1, 2, 98).
cost(1, 3, 43).
cost(1, 4, 61).
cost(1, 5, 75).
cost(1, 6, 62).
cost(1, 7, 82).
cost(1, 8, 101).
cost(1, 9, 85).
cost(1, 10, 85).
cost(1, 11, 25).
cost(1, 12, 9).
cost(1, 13, 49).
cost(1, 14, 20).
cost(1, 15, 10).
cost(1, 16, 60).
cost(1, 17, 54).
cost(1, 18, 90).
cost(1, 19, 30).
cost(1, 20, 78).
cost(1, 21, 92).
cost(1, 22, 50).
cost(1, 23, 73).
cost(1, 24, 58).
cost(1, 25, 57).
cost(1, 26, 76).
cost(2, 1, 98).
cost(2, 3, 83).
cost(2, 4, 39).
cost(2, 5, 35).
cost(2, 6, 38).
cost(2, 7, 33).
cost(2, 8, 7).
cost(2, 9, 26).
cost(2, 10, 20).
cost(2, 11, 73).
cost(2, 12, 91).
cost(2, 13, 55).
cost(2, 14, 78).
cost(2, 15, 91).
cost(2, 16, 72).
cost(2, 17, 90).
cost(2, 18, 38).
cost(2, 19, 76).
cost(2, 20, 53).
cost(2, 21, 18).
cost(2, 22, 88).
cost(2, 23, 59).
cost(2, 24, 48).
cost(2, 25, 88).
cost(2, 26, 51).
cost(3, 1, 43).
cost(3, 2, 83).
cost(3, 4, 46).
cost(3, 5, 51).
cost(3, 6, 60).
cost(3, 7, 56).
cost(3, 8, 89).
cost(3, 9, 61).
cost(3, 10, 80).
cost(3, 11, 41).
cost(3, 12, 46).
cost(3, 13, 59).
cost(3, 14, 34).
cost(3, 15, 33).
cost(3, 16, 19).
cost(3, 17, 13).
cost(3, 18, 93).
cost(3, 19, 54).
cost(3, 20, 89).
cost(3, 21, 87).
cost(3, 22, 9).
cost(3, 23, 37).
cost(3, 24, 64).
cost(3, 25, 15).
cost(3, 26, 87).
cost(4, 1, 61).
cost(4, 2, 39).
cost(4, 3, 46).
cost(4, 5, 17).
cost(4, 6, 20).
cost(4, 7, 24).
cost(4, 8, 43).
cost(4, 9, 24).
cost(4, 10, 34).
cost(4, 11, 38).
cost(4, 12, 56).
cost(4, 13, 32).
cost(4, 14, 41).
cost(4, 15, 53).
cost(4, 16, 40).
cost(4, 17, 54).
cost(4, 18, 50).
cost(4, 19, 46).
cost(4, 20, 52).
cost(4, 21, 41).
cost(4, 22, 52).
cost(4, 23, 34).
cost(4, 24, 30).
cost(4, 25, 53).
cost(4, 26, 50).
cost(5, 1, 75).
cost(5, 2, 35).
cost(5, 3, 51).
cost(5, 4, 17).
cost(5, 6, 35).
cost(5, 7, 7).
cost(5, 8, 41).
cost(5, 9, 10).
cost(5, 10, 40).
cost(5, 11, 54).
cost(5, 12, 71).
cost(5, 13, 49).
cost(5, 14, 56).
cost(5, 15, 66).
cost(5, 16, 38).
cost(5, 17, 56).
cost(5, 18, 59).
cost(5, 19, 63).
cost(5, 20, 65).
cost(5, 21, 44).
cost(5, 22, 54).
cost(5, 23, 25).
cost(5, 24, 46).
cost(5, 25, 53).
cost(5, 26, 63).
cost(6, 1, 62).
cost(6, 2, 38).
cost(6, 3, 60).
cost(6, 4, 20).
cost(6, 5, 35).
cost(6, 7, 40).
cost(6, 8, 40).
cost(6, 9, 38).
cost(6, 10, 24).
cost(6, 11, 36).
cost(6, 12, 54).
cost(6, 13, 18).
cost(6, 14, 43).
cost(6, 15, 56).
cost(6, 16, 58).
cost(6, 17, 70).
cost(6, 18, 33).
cost(6, 19, 38).
cost(6, 20, 32).
cost(6, 21, 31).
cost(6, 22, 67).
cost(6, 23, 54).
cost(6, 24, 12).
cost(6, 25, 70).
cost(6, 26, 30).
cost(7, 1, 82).
cost(7, 2, 33).
cost(7, 3, 56).
cost(7, 4, 24).
cost(7, 5, 7).
cost(7, 6, 40).
cost(7, 8, 40).
cost(7, 9, 7).
cost(7, 10, 42).
cost(7, 11, 61).
cost(7, 12, 79).
cost(7, 13, 55).
cost(7, 14, 63).
cost(7, 15, 73).
cost(7, 16, 42).
cost(7, 17, 60).
cost(7, 18, 62).
cost(7, 19, 70).
cost(7, 20, 70).
cost(7, 21, 45).
cost(7, 22, 59).
cost(7, 23, 27).
cost(7, 24, 52).
cost(7, 25, 57).
cost(7, 26, 67).
cost(8, 1, 101).
cost(8, 2, 7).
cost(8, 3, 89).
cost(8, 4, 43).
cost(8, 5, 41).
cost(8, 6, 40).
cost(8, 7, 40).
cost(8, 9, 33).
cost(8, 10, 19).
cost(8, 11, 76).
cost(8, 12, 94).
cost(8, 13, 56).
cost(8, 14, 81).
cost(8, 15, 94).
cost(8, 16, 79).
cost(8, 17, 95).
cost(8, 18, 34).
cost(8, 19, 77).
cost(8, 20, 50).
cost(8, 21, 14).
cost(8, 22, 93).
cost(8, 23, 66).
cost(8, 24, 48).
cost(8, 25, 94).
cost(8, 26, 49).
cost(9, 1, 85).
cost(9, 2, 26).
cost(9, 3, 61).
cost(9, 4, 24).
cost(9, 5, 10).
cost(9, 6, 38).
cost(9, 7, 7).
cost(9, 8, 33).
cost(9, 10, 36).
cost(9, 11, 62).
cost(9, 12, 80).
cost(9, 13, 54).
cost(9, 14, 65).
cost(9, 15, 76).
cost(9, 16, 48).
cost(9, 17, 66).
cost(9, 18, 56).
cost(9, 19, 70).
cost(9, 20, 65).
cost(9, 21, 39).
cost(9, 22, 64).
cost(9, 23, 33).
cost(9, 24, 49).
cost(9, 25, 63).
cost(9, 26, 63).
cost(10, 1, 85).
cost(10, 2, 20).
cost(10, 3, 80).
cost(10, 4, 34).
cost(10, 5, 40).
cost(10, 6, 24).
cost(10, 7, 42).
cost(10, 8, 19).
cost(10, 9, 36).
cost(10, 11, 60).
cost(10, 12, 78).
cost(10, 13, 39).
cost(10, 14, 66).
cost(10, 15, 80).
cost(10, 16, 74).
cost(10, 17, 89).
cost(10, 18, 20).
cost(10, 19, 60).
cost(10, 20, 33).
cost(10, 21, 7).
cost(10, 22, 86).
cost(10, 23, 64).
cost(10, 24, 30).
cost(10, 25, 87).
cost(10, 26, 31).
cost(11, 1, 25).
cost(11, 2, 73).
cost(11, 3, 41).
cost(11, 4, 38).
cost(11, 5, 54).
cost(11, 6, 36).
cost(11, 7, 61).
cost(11, 8, 76).
cost(11, 9, 62).
cost(11, 10, 60).
cost(11, 12, 18).
cost(11, 13, 25).
cost(11, 14, 8).
cost(11, 15, 21).
cost(11, 16, 51).
cost(11, 17, 54).
cost(11, 18, 65).
cost(11, 19, 14).
cost(11, 20, 56).
cost(11, 21, 67).
cost(11, 22, 49).
cost(11, 23, 59).
cost(11, 24, 33).
cost(11, 25, 55).
cost(11, 26, 53).
cost(12, 1, 9).
cost(12, 2, 91).
cost(12, 3, 46).
cost(12, 4, 56).
cost(12, 5, 71).
cost(12, 6, 54).
cost(12, 7, 79).
cost(12, 8, 94).
cost(12, 9, 80).
cost(12, 10, 78).
cost(12, 11, 18).
cost(12, 13, 40).
cost(12, 14, 16).
cost(12, 15, 14).
cost(12, 16, 61).
cost(12, 17, 58).
cost(12, 18, 81).
cost(12, 19, 21).
cost(12, 20, 69).
cost(12, 21, 85).
cost(12, 22, 54).
cost(12, 23, 72).
cost(12, 24, 49).
cost(12, 25, 60).
cost(12, 26, 67).
cost(13, 1, 49).
cost(13, 2, 55).
cost(13, 3, 59).
cost(13, 4, 32).
cost(13, 5, 49).
cost(13, 6, 18).
cost(13, 7, 55).
cost(13, 8, 56).
cost(13, 9, 54).
cost(13, 10, 39).
cost(13, 11, 25).
cost(13, 12, 40).
cost(13, 14, 33).
cost(13, 15, 46).
cost(13, 16, 63).
cost(13, 17, 71).
cost(13, 18, 41).
cost(13, 19, 21).
cost(13, 20, 31).
cost(13, 21, 45).
cost(13, 22, 67).
cost(13, 23, 64).
cost(13, 24, 9).
cost(13, 25, 71).
cost(13, 26, 29).
cost(14, 1, 20).
cost(14, 2, 78).
cost(14, 3, 34).
cost(14, 4, 41).
cost(14, 5, 56).
cost(14, 6, 43).
cost(14, 7, 63).
cost(14, 8, 81).
cost(14, 9, 65).
cost(14, 10, 66).
cost(14, 11, 8).
cost(14, 12, 16).
cost(14, 13, 33).
cost(14, 15, 13).
cost(14, 16, 46).
cost(14, 17, 47).
cost(14, 18, 73).
cost(14, 19, 21).
cost(14, 20, 64).
cost(14, 21, 74).
cost(14, 22, 43).
cost(14, 23, 57).
cost(14, 24, 41).
cost(14, 25, 48).
cost(14, 26, 62).
cost(15, 1, 10).
cost(15, 2, 91).
cost(15, 3, 33).
cost(15, 4, 53).
cost(15, 5, 66).
cost(15, 6, 56).
cost(15, 7, 73).
cost(15, 8, 94).
cost(15, 9, 76).
cost(15, 10, 80).
cost(15, 11, 21).
cost(15, 12, 14).
cost(15, 13, 46).
cost(15, 14, 13).
cost(15, 16, 50).
cost(15, 17, 45).
cost(15, 18, 86).
cost(15, 19, 30).
cost(15, 20, 76).
cost(15, 21, 87).
cost(15, 22, 41).
cost(15, 23, 63).
cost(15, 24, 54).
cost(15, 25, 47).
cost(15, 26, 74).
cost(16, 1, 60).
cost(16, 2, 72).
cost(16, 3, 19).
cost(16, 4, 40).
cost(16, 5, 38).
cost(16, 6, 58).
cost(16, 7, 42).
cost(16, 8, 79).
cost(16, 9, 48).
cost(16, 10, 74).
cost(16, 11, 51).
cost(16, 12, 61).
cost(16, 13, 63).
cost(16, 14, 46).
cost(16, 15, 50).
cost(16, 17, 18).
cost(16, 18, 90).
cost(16, 19, 64).
cost(16, 20, 90).
cost(16, 21, 79).
cost(16, 22, 18).
cost(16, 23, 18).
cost(16, 24, 66).
cost(16, 25, 16).
cost(16, 26, 88).
cost(17, 1, 54).
cost(17, 2, 90).
cost(17, 3, 13).
cost(17, 4, 54).
cost(17, 5, 56).
cost(17, 6, 70).
cost(17, 7, 60).
cost(17, 8, 95).
cost(17, 9, 66).
cost(17, 10, 89).
cost(17, 11, 54).
cost(17, 12, 58).
cost(17, 13, 71).
cost(17, 14, 47).
cost(17, 15, 45).
cost(17, 16, 18).
cost(17, 18, 103).
cost(17, 19, 67).
cost(17, 20, 101).
cost(17, 21, 95).
cost(17, 22, 4).
cost(17, 23, 36).
cost(17, 24, 76).
cost(17, 25, 3).
cost(17, 26, 98).
cost(18, 1, 90).
cost(18, 2, 38).
cost(18, 3, 93).
cost(18, 4, 50).
cost(18, 5, 59).
cost(18, 6, 33).
cost(18, 7, 62).
cost(18, 8, 34).
cost(18, 9, 56).
cost(18, 10, 20).
cost(18, 11, 65).
cost(18, 12, 81).
cost(18, 13, 41).
cost(18, 14, 73).
cost(18, 15, 86).
cost(18, 16, 90).
cost(18, 17, 103).
cost(18, 19, 61).
cost(18, 20, 19).
cost(18, 21, 20).
cost(18, 22, 100).
cost(18, 23, 83).
cost(18, 24, 32).
cost(18, 25, 103).
cost(18, 26, 19).
cost(19, 1, 30).
cost(19, 2, 76).
cost(19, 3, 54).
cost(19, 4, 46).
cost(19, 5, 63).
cost(19, 6, 38).
cost(19, 7, 70).
cost(19, 8, 77).
cost(19, 9, 70).
cost(19, 10, 60).
cost(19, 11, 14).
cost(19, 12, 21).
cost(19, 13, 21).
cost(19, 14, 21).
cost(19, 15, 30).
cost(19, 16, 64).
cost(19, 17, 67).
cost(19, 18, 61).
cost(19, 20, 48).
cost(19, 21, 67).
cost(19, 22, 63).
cost(19, 23, 71).
cost(19, 24, 30).
cost(19, 25, 69).
cost(19, 26, 46).
cost(20, 1, 78).
cost(20, 2, 53).
cost(20, 3, 89).
cost(20, 4, 52).
cost(20, 5, 65).
cost(20, 6, 32).
cost(20, 7, 70).
cost(20, 8, 50).
cost(20, 9, 65).
cost(20, 10, 33).
cost(20, 11, 56).
cost(20, 12, 69).
cost(20, 13, 31).
cost(20, 14, 64).
cost(20, 15, 76).
cost(20, 16, 90).
cost(20, 17, 101).
cost(20, 18, 19).
cost(20, 19, 48).
cost(20, 21, 36).
cost(20, 22, 97).
cost(20, 23, 87).
cost(20, 24, 25).
cost(20, 25, 101).
cost(20, 26, 2).
cost(21, 1, 92).
cost(21, 2, 18).
cost(21, 3, 87).
cost(21, 4, 41).
cost(21, 5, 44).
cost(21, 6, 31).
cost(21, 7, 45).
cost(21, 8, 14).
cost(21, 9, 39).
cost(21, 10, 7).
cost(21, 11, 67).
cost(21, 12, 85).
cost(21, 13, 45).
cost(21, 14, 74).
cost(21, 15, 87).
cost(21, 16, 79).
cost(21, 17, 95).
cost(21, 18, 20).
cost(21, 19, 67).
cost(21, 20, 36).
cost(21, 22, 92).
cost(21, 23, 69).
cost(21, 24, 37).
cost(21, 25, 94).
cost(21, 26, 35).
cost(22, 1, 50).
cost(22, 2, 88).
cost(22, 3, 9).
cost(22, 4, 52).
cost(22, 5, 54).
cost(22, 6, 67).
cost(22, 7, 59).
cost(22, 8, 93).
cost(22, 9, 64).
cost(22, 10, 86).
cost(22, 11, 49).
cost(22, 12, 54).
cost(22, 13, 67).
cost(22, 14, 43).
cost(22, 15, 41).
cost(22, 16, 18).
cost(22, 17, 4).
cost(22, 18, 100).
cost(22, 19, 63).
cost(22, 20, 97).
cost(22, 21, 92).
cost(22, 23, 36).
cost(22, 24, 72).
cost(22, 25, 7).
cost(22, 26, 95).
cost(23, 1, 73).
cost(23, 2, 59).
cost(23, 3, 37).
cost(23, 4, 34).
cost(23, 5, 25).
cost(23, 6, 54).
cost(23, 7, 27).
cost(23, 8, 66).
cost(23, 9, 33).
cost(23, 10, 64).
cost(23, 11, 59).
cost(23, 12, 72).
cost(23, 13, 64).
cost(23, 14, 57).
cost(23, 15, 63).
cost(23, 16, 18).
cost(23, 17, 36).
cost(23, 18, 83).
cost(23, 19, 71).
cost(23, 20, 87).
cost(23, 21, 69).
cost(23, 22, 36).
cost(23, 24, 64).
cost(23, 25, 33).
cost(23, 26, 84).
cost(24, 1, 58).
cost(24, 2, 48).
cost(24, 3, 64).
cost(24, 4, 30).
cost(24, 5, 46).
cost(24, 6, 12).
cost(24, 7, 52).
cost(24, 8, 48).
cost(24, 9, 49).
cost(24, 10, 30).
cost(24, 11, 33).
cost(24, 12, 49).
cost(24, 13, 9).
cost(24, 14, 41).
cost(24, 15, 54).
cost(24, 16, 66).
cost(24, 17, 76).
cost(24, 18, 32).
cost(24, 19, 30).
cost(24, 20, 25).
cost(24, 21, 37).
cost(24, 22, 72).
cost(24, 23, 64).
cost(24, 25, 76).
cost(24, 26, 23).
cost(25, 1, 57).
cost(25, 2, 88).
cost(25, 3, 15).
cost(25, 4, 53).
cost(25, 5, 53).
cost(25, 6, 70).
cost(25, 7, 57).
cost(25, 8, 94).
cost(25, 9, 63).
cost(25, 10, 87).
cost(25, 11, 55).
cost(25, 12, 60).
cost(25, 13, 71).
cost(25, 14, 48).
cost(25, 15, 47).
cost(25, 16, 16).
cost(25, 17, 3).
cost(25, 18, 103).
cost(25, 19, 69).
cost(25, 20, 101).
cost(25, 21, 94).
cost(25, 22, 7).
cost(25, 23, 33).
cost(25, 24, 76).
cost(25, 26, 98).
cost(26, 1, 76).
cost(26, 2, 51).
cost(26, 3, 87).
cost(26, 4, 50).
cost(26, 5, 63).
cost(26, 6, 30).
cost(26, 7, 67).
cost(26, 8, 49).
cost(26, 9, 63).
cost(26, 10, 31).
cost(26, 11, 53).
cost(26, 12, 67).
cost(26, 13, 29).
cost(26, 14, 62).
cost(26, 15, 74).
cost(26, 16, 88).
cost(26, 17, 98).
cost(26, 18, 19).
cost(26, 19, 46).
cost(26, 20, 2).
cost(26, 21, 35).
cost(26, 22, 95).
cost(26, 23, 84).
cost(26, 24, 23).
cost(26, 25, 98).
