dimension(26).
point(1, 61.662692226, 15.0302073421).
point(2, 76.4157281358, 82.6836608623).
point(3, 39.1877972437, 27.802720258).
point(4, 39.6110747674, 19.8957241805).
point(5, 89.2996076334, 15.792307085).
point(6, 48.665613274, 74.4340475758).
point(7, 76.9466003987, 49.9916402859).
point(8, 16.1005453052, 65.2206217116).
point(9, 81.0583900579, 68.6368440412).
point(10, 30.9246973293, 86.9137151311).
point(11, 41.2864344809, 55.0558304338).
point(12, 83.1837824437, 20.4699996432).
point(13, 73.3644666797, 16.7996963244).
point(14, 11.0716253323, 25.1599526316).
point(15, 82.9528884287, 9.0979167177).
point(16, 10.7220768005, 73.1305570601).
point(17, 12.5525369378, 49.1340622705).
point(18, 52.5813307493, 73.54938301).
point(19, 31.960822567, 77.7521583725).
point(20, 10.6127799253, 52.0351063897).
point(21, 9.38943304, 74.1694888604).
point(22, 68.5062623482, 4.8816486139).
point(23, 35.3256299745, 44.1843041925).
point(24, 55.4513244148, 41.6409524336).
point(25, 60.2610927074, 54.2517125802).
point(26, 15.8120822878, 36.4379364142).
cost(1, 2, 69).
cost(1, 3, 26).
cost(1, 4, 23).
cost(1, 5, 28).
cost(1, 6, 61).
cost(1, 7, 38).
cost(1, 8, 68).
cost(1, 9, 57).
cost(1, 10, 78).
cost(1, 11, 45).
cost(1, 12, 22).
cost(1, 13, 12).
cost(1, 14, 52).
cost(1, 15, 22).
cost(1, 16, 77).
cost(1, 17, 60).
cost(1, 18, 59).
cost(1, 19, 69).
cost(1, 20, 63).
cost(1, 21, 79).
cost(1, 22, 12).
cost(1, 23, 39).
cost(1, 24, 27).
cost(1, 25, 39).
cost(1, 26, 51).
cost(2, 1, 69).
cost(2, 3, 66).
cost(2, 4, 73).
cost(2, 5, 68).
cost(2, 6, 29).
cost(2, 7, 33).
cost(2, 8, 63).
cost(2, 9, 15).
cost(2, 10, 46).
cost(2, 11, 45).
cost(2, 12, 63).
cost(2, 13, 66).
cost(2, 14, 87).
cost(2, 15, 74).
cost(2, 16, 66).
cost(2, 17, 72).
cost(2, 18, 26).
cost(2, 19, 45).
cost(2, 20, 73).
cost(2, 21, 68).
cost(2, 22, 78).
cost(2, 23, 56).
cost(2, 24, 46).
cost(2, 25, 33).
cost(2, 26, 76).
cost(3, 1, 26).
cost(3, 2, 66).
cost(3, 4, 8).
cost(3, 5, 52).
cost(3, 6, 48).
cost(3, 7, 44).
cost(3, 8, 44).
cost(3, 9, 58).
cost(3, 10, 60).
cost(3, 11, 27).
cost(3, 12, 45).
cost(3, 13, 36).
cost(3, 14, 28).
cost(3, 15, 48).
cost(3, 16, 54).
cost(3, 17, 34).
cost(3, 18, 48).
cost(3, 19, 50).
cost(3, 20, 37).
cost(3, 21, 55).
cost(3, 22, 37).
cost(3, 23, 17).
cost(3, 24, 21).
cost(3, 25, 34).
cost(3, 26, 25).
cost(4, 1, 23).
cost(4, 2, 73).
cost(4, 3, 8).
cost(4, 5, 50).
cost(4, 6, 55).
cost(4, 7, 48).
cost(4, 8, 51).
cost(4, 9, 64).
cost(4, 10, 68).
cost(4, 11, 35).
cost(4, 12, 44).
cost(4, 13, 34).
cost(4, 14, 29).
cost(4, 15, 45).
cost(4, 16, 61).
cost(4, 17, 40).
cost(4, 18, 55).
cost(4, 19, 58).
cost(4, 20, 43).
cost(4, 21, 62).
cost(4, 22, 33).
cost(4, 23, 25).
cost(4, 24, 27).
cost(4, 25, 40).
cost(4, 26, 29).
cost(5, 1, 28).
cost(5, 2, 68).
cost(5, 3, 52).
cost(5, 4, 50).
cost(5, 6, 71).
cost(5, 7, 36).
cost(5, 8, 88).
cost(5, 9, 53).
cost(5, 10, 92).
cost(5, 11, 62).
cost(5, 12, 8).
cost(5, 13, 16).
cost(5, 14, 79).
cost(5, 15, 9).
cost(5, 16, 97).
cost(5, 17, 84).
cost(5, 18, 68).
cost(5, 19, 84).
cost(5, 20, 87).
cost(5, 21, 99).
cost(5, 22, 23).
cost(5, 23, 61).
cost(5, 24, 43).
cost(5, 25, 48).
cost(5, 26, 76).
cost(6, 1, 61).
cost(6, 2, 29).
cost(6, 3, 48).
cost(6, 4, 55).
cost(6, 5, 71).
cost(6, 7, 37).
cost(6, 8, 34).
cost(6, 9, 33).
cost(6, 10, 22).
cost(6, 11, 21).
cost(6, 12, 64).
cost(6, 13, 63).
cost(6, 14, 62).
cost(6, 15, 74).
cost(6, 16, 38).
cost(6, 17, 44).
cost(6, 18, 4).
cost(6, 19, 17).
cost(6, 20, 44).
cost(6, 21, 39).
cost(6, 22, 72).
cost(6, 23, 33).
cost(6, 24, 33).
cost(6, 25, 23).
cost(6, 26, 50).
cost(7, 1, 38).
cost(7, 2, 33).
cost(7, 3, 44).
cost(7, 4, 48).
cost(7, 5, 36).
cost(7, 6, 37).
cost(7, 8, 63).
cost(7, 9, 19).
cost(7, 10, 59).
cost(7, 11, 36).
cost(7, 12, 30).
cost(7, 13, 33).
cost(7, 14, 70).
cost(7, 15, 41).
cost(7, 16, 70).
cost(7, 17, 64).
cost(7, 18, 34).
cost(7, 19, 53).
cost(7, 20, 66).
cost(7, 21, 72).
cost(7, 22, 46).
cost(7, 23, 42).
cost(7, 24, 23).
cost(7, 25, 17).
cost(7, 26, 63).
cost(8, 1, 68).
cost(8, 2, 63).
cost(8, 3, 44).
cost(8, 4, 51).
cost(8, 5, 88).
cost(8, 6, 34).
cost(8, 7, 63).
cost(8, 9, 65).
cost(8, 10, 26).
cost(8, 11, 27).
cost(8, 12, 81).
cost(8, 13, 75).
cost(8, 14, 40).
cost(8, 15, 87).
cost(8, 16, 10).
cost(8, 17, 16).
cost(8, 18, 37).
cost(8, 19, 20).
cost(8, 20, 14).
cost(8, 21, 11).
cost(8, 22, 80).
cost(8, 23, 28).
cost(8, 24, 46).
cost(8, 25, 46).
cost(8, 26, 29).
cost(9, 1, 57).
cost(9, 2, 15).
cost(9, 3, 58).
cost(9, 4, 64).
cost(9, 5, 53).
cost(9, 6, 33).
cost(9, 7, 19).
cost(9, 8, 65).
cost(9, 10, 53).
cost(9, 11, 42).
cost(9, 12, 48).
cost(9, 13, 52).
cost(9, 14, 82).
cost(9, 15, 60).
cost(9, 16, 70).
cost(9, 17, 71).
cost(9, 18, 29).
cost(9, 19, 50).
cost(9, 20, 72).
cost(9, 21, 72).
cost(9, 22, 65).
cost(9, 23, 52).
cost(9, 24, 37).
cost(9, 25, 25).
cost(9, 26, 73).
cost(10, 1, 78).
cost(10, 2, 46).
cost(10, 3, 60).
cost(10, 4, 68).
cost(10, 5, 92).
cost(10, 6, 22).
cost(10, 7, 59).
cost(10, 8, 26).
cost(10, 9, 53).
cost(10, 11, 34).
cost(10, 12, 85).
cost(10, 13, 82).
cost(10, 14, 65).
cost(10, 15, 94).
cost(10, 16, 24).
cost(10, 17, 42).
cost(10, 18, 25).
cost(10, 19, 9).
cost(10, 20, 40).
cost(10, 21, 25).
cost(10, 22, 90).
cost(10, 23, 43).
cost(10, 24, 51).
cost(10, 25, 44).
cost(10, 26, 53).
cost(11, 1, 45).
cost(11, 2, 45).
cost(11, 3, 27).
cost(11, 4, 35).
cost(11, 5, 62).
cost(11, 6, 21).
cost(11, 7, 36).
cost(11, 8, 27).
cost(11, 9, 42).
cost(11, 10, 34).
cost(11, 12, 54).
cost(11, 13, 50).
cost(11, 14, 43).
cost(11, 15, 62).
cost(11, 16, 36).
cost(11, 17, 29).
cost(11, 18, 22).
cost(11, 19, 25).
cost(11, 20, 31).
cost(11, 21, 37).
cost(11, 22, 57).
cost(11, 23, 12).
cost(11, 24, 20).
cost(11, 25, 19).
cost(11, 26, 32).
cost(12, 1, 22).
cost(12, 2, 63).
cost(12, 3, 45).
cost(12, 4, 44).
cost(12, 5, 8).
cost(12, 6, 64).
cost(12, 7, 30).
cost(12, 8, 81).
cost(12, 9, 48).
cost(12, 10, 85).
cost(12, 11, 54).
cost(12, 13, 10).
cost(12, 14, 72).
cost(12, 15, 11).
cost(12, 16, 90).
cost(12, 17, 76).
cost(12, 18, 61).
cost(12, 19, 77).
cost(12, 20, 79).
cost(12, 21, 91).
cost(12, 22, 21).
cost(12, 23, 53).
cost(12, 24, 35).
cost(12, 25, 41).
cost(12, 26, 69).
cost(13, 1, 12).
cost(13, 2, 66).
cost(13, 3, 36).
cost(13, 4, 34).
cost(13, 5, 16).
cost(13, 6, 63).
cost(13, 7, 33).
cost(13, 8, 75).
cost(13, 9, 52).
cost(13, 10, 82).
cost(13, 11, 50).
cost(13, 12, 10).
cost(13, 14, 63).
cost(13, 15, 12).
cost(13, 16, 84).
cost(13, 17, 69).
cost(13, 18, 60).
cost(13, 19, 74).
cost(13, 20, 72).
cost(13, 21, 86).
cost(13, 22, 13).
cost(13, 23, 47).
cost(13, 24, 31).
cost(13, 25, 40).
cost(13, 26, 61).
cost(14, 1, 52).
cost(14, 2, 87).
cost(14, 3, 28).
cost(14, 4, 29).
cost(14, 5, 79).
cost(14, 6, 62).
cost(14, 7, 70).
cost(14, 8, 40).
cost(14, 9, 82).
cost(14, 10, 65).
cost(14, 11, 43).
cost(14, 12, 72).
cost(14, 13, 63).
cost(14, 15, 74).
cost(14, 16, 48).
cost(14, 17, 24).
cost(14, 18, 64).
cost(14, 19, 57).
cost(14, 20, 27).
cost(14, 21, 49).
cost(14, 22, 61).
cost(14, 23, 31).
cost(14, 24, 47).
cost(14, 25, 57).
cost(14, 26, 12).
cost(15, 1, 22).
cost(15, 2, 74).
cost(15, 3, 48).
cost(15, 4, 45).
cost(15, 5, 9).
cost(15, 6, 74).
cost(15, 7, 41).
cost(15, 8, 87).
cost(15, 9, 60).
cost(15, 10, 94).
cost(15, 11, 62).
cost(15, 12, 11).
cost(15, 13, 12).
cost(15, 14, 74).
cost(15, 16, 97).
cost(15, 17, 81).
cost(15, 18, 71).
cost(15, 19, 86).
cost(15, 20, 84).
cost(15, 21, 98).
cost(15, 22, 15).
cost(15, 23, 59).
cost(15, 24, 43).
cost(15, 25, 51).
cost(15, 26, 72).
cost(16, 1, 77).
cost(16, 2, 66).
cost(16, 3, 54).
cost(16, 4, 61).
cost(16, 5, 97).
cost(16, 6, 38).
cost(16, 7, 70).
cost(16, 8, 10).
cost(16, 9, 70).
cost(16, 10, 24).
cost(16, 11, 36).
cost(16, 12, 90).
cost(16, 13, 84).
cost(16, 14, 48).
cost(16, 15, 97).
cost(16, 17, 24).
cost(16, 18, 42).
cost(16, 19, 22).
cost(16, 20, 21).
cost(16, 21, 2).
cost(16, 22, 89).
cost(16, 23, 38).
cost(16, 24, 55).
cost(16, 25, 53).
cost(16, 26, 37).
cost(17, 1, 60).
cost(17, 2, 72).
cost(17, 3, 34).
cost(17, 4, 40).
cost(17, 5, 84).
cost(17, 6, 44).
cost(17, 7, 64).
cost(17, 8, 16).
cost(17, 9, 71).
cost(17, 10, 42).
cost(17, 11, 29).
cost(17, 12, 76).
cost(17, 13, 69).
cost(17, 14, 24).
cost(17, 15, 81).
cost(17, 16, 24).
cost(17, 18, 47).
cost(17, 19, 35).
cost(17, 20, 3).
cost(17, 21, 25).
cost(17, 22, 71).
cost(17, 23, 23).
cost(17, 24, 44).
cost(17, 25, 48).
cost(17, 26, 13).
cost(18, 1, 59).
cost(18, 2, 26).
cost(18, 3, 48).
cost(18, 4, 55).
cost(18, 5, 68).
cost(18, 6, 4).
cost(18, 7, 34).
cost(18, 8, 37).
cost(18, 9, 29).
cost(18, 10, 25).
cost(18, 11, 22).
cost(18, 12, 61).
cost(18, 13, 60).
cost(18, 14, 64).
cost(18, 15, 71).
cost(18, 16, 42).
cost(18, 17, 47).
cost(18, 19, 21).
cost(18, 20, 47).
cost(18, 21, 43).
cost(18, 22, 70).
cost(18, 23, 34).
cost(18, 24, 32).
cost(18, 25, 21).
cost(18, 26, 52).
cost(19, 1, 69).
cost(19, 2, 45).
cost(19, 3, 50).
cost(19, 4, 58).
cost(19, 5, 84).
cost(19, 6, 17).
cost(19, 7, 53).
cost(19, 8, 20).
cost(19, 9, 50).
cost(19, 10, 9).
cost(19, 11, 25).
cost(19, 12, 77).
cost(19, 13, 74).
cost(19, 14, 57).
cost(19, 15, 86).
cost(19, 16, 22).
cost(19, 17, 35).
cost(19, 18, 21).
cost(19, 20, 33).
cost(19, 21, 23).
cost(19, 22, 82).
cost(19, 23, 34).
cost(19, 24, 43).
cost(19, 25, 37).
cost(19, 26, 44).
cost(20, 1, 63).
cost(20, 2, 73).
cost(20, 3, 37).
cost(20, 4, 43).
cost(20, 5, 87).
cost(20, 6, 44).
cost(20, 7, 66).
cost(20, 8, 14).
cost(20, 9, 72).
cost(20, 10, 40).
cost(20, 11, 31).
cost(20, 12, 79).
cost(20, 13, 72).
cost(20, 14, 27).
cost(20, 15, 84).
cost(20, 16, 21).
cost(20, 17, 3).
cost(20, 18, 47).
cost(20, 19, 33).
cost(20, 21, 22).
cost(20, 22, 75).
cost(20, 23, 26).
cost(20, 24, 46).
cost(20, 25, 50).
cost(20, 26, 16).
cost(21, 1, 79).
cost(21, 2, 68).
cost(21, 3, 55).
cost(21, 4, 62).
cost(21, 5, 99).
cost(21, 6, 39).
cost(21, 7, 72).
cost(21, 8, 11).
cost(21, 9, 72).
cost(21, 10, 25).
cost(21, 11, 37).
cost(21, 12, 91).
cost(21, 13, 86).
cost(21, 14, 49).
cost(21, 15, 98).
cost(21, 16, 2).
cost(21, 17, 25).
cost(21, 18, 43).
cost(21, 19, 23).
cost(21, 20, 22).
cost(21, 22, 91).
cost(21, 23, 40).
cost(21, 24, 56).
cost(21, 25, 55).
cost(21, 26, 38).
cost(22, 1, 12).
cost(22, 2, 78).
cost(22, 3, 37).
cost(22, 4, 33).
cost(22, 5, 23).
cost(22, 6, 72).
cost(22, 7, 46).
cost(22, 8, 80).
cost(22, 9, 65).
cost(22, 10, 90).
cost(22, 11, 57).
cost(22, 12, 21).
cost(22, 13, 13).
cost(22, 14, 61).
cost(22, 15, 15).
cost(22, 16, 89).
cost(22, 17, 71).
cost(22, 18, 70).
cost(22, 19, 82).
cost(22, 20, 75).
cost(22, 21, 91).
cost(22, 23, 51).
cost(22, 24, 39).
cost(22, 25, 50).
cost(22, 26, 61).
cost(23, 1, 39).
cost(23, 2, 56).
cost(23, 3, 17).
cost(23, 4, 25).
cost(23, 5, 61).
cost(23, 6, 33).
cost(23, 7, 42).
cost(23, 8, 28).
cost(23, 9, 52).
cost(23, 10, 43).
cost(23, 11, 12).
cost(23, 12, 53).
cost(23, 13, 47).
cost(23, 14, 31).
cost(23, 15, 59).
cost(23, 16, 38).
cost(23, 17, 23).
cost(23, 18, 34).
cost(23, 19, 34).
cost(23, 20, 26).
cost(23, 21, 40).
cost(23, 22, 51).
cost(23, 24, 20).
cost(23, 25, 27).
cost(23, 26, 21).
cost(24, 1, 27).
cost(24, 2, 46).
cost(24, 3, 21).
cost(24, 4, 27).
cost(24, 5, 43).
cost(24, 6, 33).
cost(24, 7, 23).
cost(24, 8, 46).
cost(24, 9, 37).
cost(24, 10, 51).
cost(24, 11, 20).
cost(24, 12, 35).
cost(24, 13, 31).
cost(24, 14, 47).
cost(24, 15, 43).
cost(24, 16, 55).
cost(24, 17, 44).
cost(24, 18, 32).
cost(24, 19, 43).
cost(24, 20, 46).
cost(24, 21, 56).
cost(24, 22, 39).
cost(24, 23, 20).
cost(24, 25, 13).
cost(24, 26, 40).
cost(25, 1, 39).
cost(25, 2, 33).
cost(25, 3, 34).
cost(25, 4, 40).
cost(25, 5, 48).
cost(25, 6, 23).
cost(25, 7, 17).
cost(25, 8, 46).
cost(25, 9, 25).
cost(25, 10, 44).
cost(25, 11, 19).
cost(25, 12, 41).
cost(25, 13, 40).
cost(25, 14, 57).
cost(25, 15, 51).
cost(25, 16, 53).
cost(25, 17, 48).
cost(25, 18, 21).
cost(25, 19, 37).
cost(25, 20, 50).
cost(25, 21, 55).
cost(25, 22, 50).
cost(25, 23, 27).
cost(25, 24, 13).
cost(25, 26, 48).
cost(26, 1, 51).
cost(26, 2, 76).
cost(26, 3, 25).
cost(26, 4, 29).
cost(26, 5, 76).
cost(26, 6, 50).
cost(26, 7, 63).
cost(26, 8, 29).
cost(26, 9, 73).
cost(26, 10, 53).
cost(26, 11, 32).
cost(26, 12, 69).
cost(26, 13, 61).
cost(26, 14, 12).
cost(26, 15, 72).
cost(26, 16, 37).
cost(26, 17, 13).
cost(26, 18, 52).
cost(26, 19, 44).
cost(26, 20, 16).
cost(26, 21, 38).
cost(26, 22, 61).
cost(26, 23, 21).
cost(26, 24, 40).
cost(26, 25, 48).
