dimension(26).
point(1, 9.4126617387, 66.4489174167).
point(2, 28.7422347703, 70.0676545008).
point(3, 90.6678491927, 66.8235315198).
point(4, 87.2054808315, 61.566797753).
point(5, 34.1959130212, 73.1442927611).
point(6, 34.6847408494, 37.2498225847).
point(7, 85.3992450782, 66.6831269875).
point(8, 65.6089856661, 7.4209023243).
point(9, 35.3275935845, 8.0904806319).
point(10, 73.1547035976, 97.6258094541).
point(11, 55.678464493, 3.7723637006).
point(12, 18.2345313749, 23.5580502762).
point(13, 61.7041837702, 81.5117698446).
point(14, 6.5151297013, 59.5897711055).
point(15, 66.1839498912, 19.3174320695).
point(16, 33.5153255252, 67.6673066322).
point(17, 42.026648652, 58.3254680414).
point(18, 55.4739321498, 87.2158361897).
point(19, 72.5825290764, 95.1013631285).
point(20, 76.8620958434, 77.2655344698).
point(21, 96.631096164, 75.0014548561).
point(22, 61.2568260491, 24.3646871681).
point(23, 48.1765590544, 56.2530132136).
point(24, 42.8672050721, 70.0358046762).
point(25, 21.0242402105, 19.9098672956).
point(26, 86.4354759382, 72.8014004919).
cost(1, 2, 20).
cost(1, 3, 81).
cost(1, 4, 78).
cost(1, 5, 26).
cost(1, 6, 39).
cost(1, 7, 76).
cost(1, 8, 82).
cost(1, 9, 64).
cost(1, 10, 71).
cost(1, 11, 78).
cost(1, 12, 44).
cost(1, 13, 54).
cost(1, 14, 7).
cost(1, 15, 74).
cost(1, 16, 24).
cost(1, 17, 34).
cost(1, 18, 51).
cost(1, 19, 69).
cost(1, 20, 68).
cost(1, 21, 88).
cost(1, 22, 67).
cost(1, 23, 40).
cost(1, 24, 34).
cost(1, 25, 48).
cost(1, 26, 77).
cost(2, 1, 20).
cost(2, 3, 62).
cost(2, 4, 59).
cost(2, 5, 6).
cost(2, 6, 33).
cost(2, 7, 57).
cost(2, 8, 73).
cost(2, 9, 62).
cost(2, 10, 52).
cost(2, 11, 72).
cost(2, 12, 48).
cost(2, 13, 35).
cost(2, 14, 25).
cost(2, 15, 63).
cost(2, 16, 5).
cost(2, 17, 18).
cost(2, 18, 32).
cost(2, 19, 50).
cost(2, 20, 49).
cost(2, 21, 68).
cost(2, 22, 56).
cost(2, 23, 24).
cost(2, 24, 14).
cost(2, 25, 51).
cost(2, 26, 58).
cost(3, 1, 81).
cost(3, 2, 62).
cost(3, 4, 6).
cost(3, 5, 57).
cost(3, 6, 63).
cost(3, 7, 5).
cost(3, 8, 64).
cost(3, 9, 81).
cost(3, 10, 35).
cost(3, 11, 72).
cost(3, 12, 84).
cost(3, 13, 32).
cost(3, 14, 84).
cost(3, 15, 53).
cost(3, 16, 57).
cost(3, 17, 49).
cost(3, 18, 41).
cost(3, 19, 34).
cost(3, 20, 17).
cost(3, 21, 10).
cost(3, 22, 52).
cost(3, 23, 44).
cost(3, 24, 48).
cost(3, 25, 84).
cost(3, 26, 7).
cost(4, 1, 78).
cost(4, 2, 59).
cost(4, 3, 6).
cost(4, 5, 54).
cost(4, 6, 58).
cost(4, 7, 5).
cost(4, 8, 58).
cost(4, 9, 75).
cost(4, 10, 39).
cost(4, 11, 66).
cost(4, 12, 79).
cost(4, 13, 32).
cost(4, 14, 81).
cost(4, 15, 47).
cost(4, 16, 54).
cost(4, 17, 45).
cost(4, 18, 41).
cost(4, 19, 37).
cost(4, 20, 19).
cost(4, 21, 16).
cost(4, 22, 45).
cost(4, 23, 39).
cost(4, 24, 45).
cost(4, 25, 78).
cost(4, 26, 11).
cost(5, 1, 26).
cost(5, 2, 6).
cost(5, 3, 57).
cost(5, 4, 54).
cost(5, 6, 36).
cost(5, 7, 52).
cost(5, 8, 73).
cost(5, 9, 65).
cost(5, 10, 46).
cost(5, 11, 73).
cost(5, 12, 52).
cost(5, 13, 29).
cost(5, 14, 31).
cost(5, 15, 63).
cost(5, 16, 6).
cost(5, 17, 17).
cost(5, 18, 26).
cost(5, 19, 44).
cost(5, 20, 43).
cost(5, 21, 62).
cost(5, 22, 56).
cost(5, 23, 22).
cost(5, 24, 9).
cost(5, 25, 55).
cost(5, 26, 52).
cost(6, 1, 39).
cost(6, 2, 33).
cost(6, 3, 63).
cost(6, 4, 58).
cost(6, 5, 36).
cost(6, 7, 59).
cost(6, 8, 43).
cost(6, 9, 29).
cost(6, 10, 72).
cost(6, 11, 40).
cost(6, 12, 21).
cost(6, 13, 52).
cost(6, 14, 36).
cost(6, 15, 36).
cost(6, 16, 30).
cost(6, 17, 22).
cost(6, 18, 54).
cost(6, 19, 69).
cost(6, 20, 58).
cost(6, 21, 73).
cost(6, 22, 30).
cost(6, 23, 23).
cost(6, 24, 34).
cost(6, 25, 22).
cost(6, 26, 63).
cost(7, 1, 76).
cost(7, 2, 57).
cost(7, 3, 5).
cost(7, 4, 5).
cost(7, 5, 52).
cost(7, 6, 59).
cost(7, 8, 62).
cost(7, 9, 77).
cost(7, 10, 33).
cost(7, 11, 70).
cost(7, 12, 80).
cost(7, 13, 28).
cost(7, 14, 79).
cost(7, 15, 51).
cost(7, 16, 52).
cost(7, 17, 44).
cost(7, 18, 36).
cost(7, 19, 31).
cost(7, 20, 14).
cost(7, 21, 14).
cost(7, 22, 49).
cost(7, 23, 39).
cost(7, 24, 43).
cost(7, 25, 80).
cost(7, 26, 6).
cost(8, 1, 82).
cost(8, 2, 73).
cost(8, 3, 64).
cost(8, 4, 58).
cost(8, 5, 73).
cost(8, 6, 43).
cost(8, 7, 62).
cost(8, 9, 30).
cost(8, 10, 91).
cost(8, 11, 11).
cost(8, 12, 50).
cost(8, 13, 74).
cost(8, 14, 79).
cost(8, 15, 12).
cost(8, 16, 68).
cost(8, 17, 56).
cost(8, 18, 80).
cost(8, 19, 88).
cost(8, 20, 71).
cost(8, 21, 74).
cost(8, 22, 17).
cost(8, 23, 52).
cost(8, 24, 67).
cost(8, 25, 46).
cost(8, 26, 69).
cost(9, 1, 64).
cost(9, 2, 62).
cost(9, 3, 81).
cost(9, 4, 75).
cost(9, 5, 65).
cost(9, 6, 29).
cost(9, 7, 77).
cost(9, 8, 30).
cost(9, 10, 97).
cost(9, 11, 21).
cost(9, 12, 23).
cost(9, 13, 78).
cost(9, 14, 59).
cost(9, 15, 33).
cost(9, 16, 60).
cost(9, 17, 51).
cost(9, 18, 82).
cost(9, 19, 95).
cost(9, 20, 81).
cost(9, 21, 91).
cost(9, 22, 31).
cost(9, 23, 50).
cost(9, 24, 62).
cost(9, 25, 19).
cost(9, 26, 82).
cost(10, 1, 71).
cost(10, 2, 52).
cost(10, 3, 35).
cost(10, 4, 39).
cost(10, 5, 46).
cost(10, 6, 72).
cost(10, 7, 33).
cost(10, 8, 91).
cost(10, 9, 97).
cost(10, 11, 95).
cost(10, 12, 92).
cost(10, 13, 20).
cost(10, 14, 77).
cost(10, 15, 79).
cost(10, 16, 50).
cost(10, 17, 50).
cost(10, 18, 21).
cost(10, 19, 3).
cost(10, 20, 21).
cost(10, 21, 33).
cost(10, 22, 74).
cost(10, 23, 48).
cost(10, 24, 41).
cost(10, 25, 94).
cost(10, 26, 28).
cost(11, 1, 78).
cost(11, 2, 72).
cost(11, 3, 72).
cost(11, 4, 66).
cost(11, 5, 73).
cost(11, 6, 40).
cost(11, 7, 70).
cost(11, 8, 11).
cost(11, 9, 21).
cost(11, 10, 95).
cost(11, 12, 42).
cost(11, 13, 78).
cost(11, 14, 74).
cost(11, 15, 19).
cost(11, 16, 68).
cost(11, 17, 56).
cost(11, 18, 83).
cost(11, 19, 93).
cost(11, 20, 76).
cost(11, 21, 82).
cost(11, 22, 21).
cost(11, 23, 53).
cost(11, 24, 67).
cost(11, 25, 38).
cost(11, 26, 76).
cost(12, 1, 44).
cost(12, 2, 48).
cost(12, 3, 84).
cost(12, 4, 79).
cost(12, 5, 52).
cost(12, 6, 21).
cost(12, 7, 80).
cost(12, 8, 50).
cost(12, 9, 23).
cost(12, 10, 92).
cost(12, 11, 42).
cost(12, 13, 72).
cost(12, 14, 38).
cost(12, 15, 48).
cost(12, 16, 47).
cost(12, 17, 42).
cost(12, 18, 74).
cost(12, 19, 90).
cost(12, 20, 80).
cost(12, 21, 94).
cost(12, 22, 43).
cost(12, 23, 44).
cost(12, 24, 53).
cost(12, 25, 5).
cost(12, 26, 84).
cost(13, 1, 54).
cost(13, 2, 35).
cost(13, 3, 32).
cost(13, 4, 32).
cost(13, 5, 29).
cost(13, 6, 52).
cost(13, 7, 28).
cost(13, 8, 74).
cost(13, 9, 78).
cost(13, 10, 20).
cost(13, 11, 78).
cost(13, 12, 72).
cost(13, 14, 59).
cost(13, 15, 62).
cost(13, 16, 31).
cost(13, 17, 30).
cost(13, 18, 8).
cost(13, 19, 17).
cost(13, 20, 16).
cost(13, 21, 36).
cost(13, 22, 57).
cost(13, 23, 29).
cost(13, 24, 22).
cost(13, 25, 74).
cost(13, 26, 26).
cost(14, 1, 7).
cost(14, 2, 25).
cost(14, 3, 84).
cost(14, 4, 81).
cost(14, 5, 31).
cost(14, 6, 36).
cost(14, 7, 79).
cost(14, 8, 79).
cost(14, 9, 59).
cost(14, 10, 77).
cost(14, 11, 74).
cost(14, 12, 38).
cost(14, 13, 59).
cost(14, 15, 72).
cost(14, 16, 28).
cost(14, 17, 36).
cost(14, 18, 56).
cost(14, 19, 75).
cost(14, 20, 73).
cost(14, 21, 91).
cost(14, 22, 65).
cost(14, 23, 42).
cost(14, 24, 38).
cost(14, 25, 42).
cost(14, 26, 81).
cost(15, 1, 74).
cost(15, 2, 63).
cost(15, 3, 53).
cost(15, 4, 47).
cost(15, 5, 63).
cost(15, 6, 36).
cost(15, 7, 51).
cost(15, 8, 12).
cost(15, 9, 33).
cost(15, 10, 79).
cost(15, 11, 19).
cost(15, 12, 48).
cost(15, 13, 62).
cost(15, 14, 72).
cost(15, 16, 58).
cost(15, 17, 46).
cost(15, 18, 69).
cost(15, 19, 76).
cost(15, 20, 59).
cost(15, 21, 63).
cost(15, 22, 7).
cost(15, 23, 41).
cost(15, 24, 56).
cost(15, 25, 45).
cost(15, 26, 57).
cost(16, 1, 24).
cost(16, 2, 5).
cost(16, 3, 57).
cost(16, 4, 54).
cost(16, 5, 6).
cost(16, 6, 30).
cost(16, 7, 52).
cost(16, 8, 68).
cost(16, 9, 60).
cost(16, 10, 50).
cost(16, 11, 68).
cost(16, 12, 47).
cost(16, 13, 31).
cost(16, 14, 28).
cost(16, 15, 58).
cost(16, 17, 13).
cost(16, 18, 29).
cost(16, 19, 48).
cost(16, 20, 44).
cost(16, 21, 64).
cost(16, 22, 51).
cost(16, 23, 19).
cost(16, 24, 10).
cost(16, 25, 49).
cost(16, 26, 53).
cost(17, 1, 34).
cost(17, 2, 18).
cost(17, 3, 49).
cost(17, 4, 45).
cost(17, 5, 17).
cost(17, 6, 22).
cost(17, 7, 44).
cost(17, 8, 56).
cost(17, 9, 51).
cost(17, 10, 50).
cost(17, 11, 56).
cost(17, 12, 42).
cost(17, 13, 30).
cost(17, 14, 36).
cost(17, 15, 46).
cost(17, 16, 13).
cost(17, 18, 32).
cost(17, 19, 48).
cost(17, 20, 40).
cost(17, 21, 57).
cost(17, 22, 39).
cost(17, 23, 6).
cost(17, 24, 12).
cost(17, 25, 44).
cost(17, 26, 47).
cost(18, 1, 51).
cost(18, 2, 32).
cost(18, 3, 41).
cost(18, 4, 41).
cost(18, 5, 26).
cost(18, 6, 54).
cost(18, 7, 36).
cost(18, 8, 80).
cost(18, 9, 82).
cost(18, 10, 21).
cost(18, 11, 83).
cost(18, 12, 74).
cost(18, 13, 8).
cost(18, 14, 56).
cost(18, 15, 69).
cost(18, 16, 29).
cost(18, 17, 32).
cost(18, 19, 19).
cost(18, 20, 24).
cost(18, 21, 43).
cost(18, 22, 63).
cost(18, 23, 32).
cost(18, 24, 21).
cost(18, 25, 76).
cost(18, 26, 34).
cost(19, 1, 69).
cost(19, 2, 50).
cost(19, 3, 34).
cost(19, 4, 37).
cost(19, 5, 44).
cost(19, 6, 69).
cost(19, 7, 31).
cost(19, 8, 88).
cost(19, 9, 95).
cost(19, 10, 3).
cost(19, 11, 93).
cost(19, 12, 90).
cost(19, 13, 17).
cost(19, 14, 75).
cost(19, 15, 76).
cost(19, 16, 48).
cost(19, 17, 48).
cost(19, 18, 19).
cost(19, 20, 18).
cost(19, 21, 31).
cost(19, 22, 72).
cost(19, 23, 46).
cost(19, 24, 39).
cost(19, 25, 91).
cost(19, 26, 26).
cost(20, 1, 68).
cost(20, 2, 49).
cost(20, 3, 17).
cost(20, 4, 19).
cost(20, 5, 43).
cost(20, 6, 58).
cost(20, 7, 14).
cost(20, 8, 71).
cost(20, 9, 81).
cost(20, 10, 21).
cost(20, 11, 76).
cost(20, 12, 80).
cost(20, 13, 16).
cost(20, 14, 73).
cost(20, 15, 59).
cost(20, 16, 44).
cost(20, 17, 40).
cost(20, 18, 24).
cost(20, 19, 18).
cost(20, 21, 20).
cost(20, 22, 55).
cost(20, 23, 36).
cost(20, 24, 35).
cost(20, 25, 80).
cost(20, 26, 11).
cost(21, 1, 88).
cost(21, 2, 68).
cost(21, 3, 10).
cost(21, 4, 16).
cost(21, 5, 62).
cost(21, 6, 73).
cost(21, 7, 14).
cost(21, 8, 74).
cost(21, 9, 91).
cost(21, 10, 33).
cost(21, 11, 82).
cost(21, 12, 94).
cost(21, 13, 36).
cost(21, 14, 91).
cost(21, 15, 63).
cost(21, 16, 64).
cost(21, 17, 57).
cost(21, 18, 43).
cost(21, 19, 31).
cost(21, 20, 20).
cost(21, 22, 62).
cost(21, 23, 52).
cost(21, 24, 54).
cost(21, 25, 94).
cost(21, 26, 10).
cost(22, 1, 67).
cost(22, 2, 56).
cost(22, 3, 52).
cost(22, 4, 45).
cost(22, 5, 56).
cost(22, 6, 30).
cost(22, 7, 49).
cost(22, 8, 17).
cost(22, 9, 31).
cost(22, 10, 74).
cost(22, 11, 21).
cost(22, 12, 43).
cost(22, 13, 57).
cost(22, 14, 65).
cost(22, 15, 7).
cost(22, 16, 51).
cost(22, 17, 39).
cost(22, 18, 63).
cost(22, 19, 72).
cost(22, 20, 55).
cost(22, 21, 62).
cost(22, 23, 34).
cost(22, 24, 49).
cost(22, 25, 40).
cost(22, 26, 55).
cost(23, 1, 40).
cost(23, 2, 24).
cost(23, 3, 44).
cost(23, 4, 39).
cost(23, 5, 22).
cost(23, 6, 23).
cost(23, 7, 39).
cost(23, 8, 52).
cost(23, 9, 50).
cost(23, 10, 48).
cost(23, 11, 53).
cost(23, 12, 44).
cost(23, 13, 29).
cost(23, 14, 42).
cost(23, 15, 41).
cost(23, 16, 19).
cost(23, 17, 6).
cost(23, 18, 32).
cost(23, 19, 46).
cost(23, 20, 36).
cost(23, 21, 52).
cost(23, 22, 34).
cost(23, 24, 15).
cost(23, 25, 45).
cost(23, 26, 42).
cost(24, 1, 34).
cost(24, 2, 14).
cost(24, 3, 48).
cost(24, 4, 45).
cost(24, 5, 9).
cost(24, 6, 34).
cost(24, 7, 43).
cost(24, 8, 67).
cost(24, 9, 62).
cost(24, 10, 41).
cost(24, 11, 67).
cost(24, 12, 53).
cost(24, 13, 22).
cost(24, 14, 38).
cost(24, 15, 56).
cost(24, 16, 10).
cost(24, 17, 12).
cost(24, 18, 21).
cost(24, 19, 39).
cost(24, 20, 35).
cost(24, 21, 54).
cost(24, 22, 49).
cost(24, 23, 15).
cost(24, 25, 55).
cost(24, 26, 44).
cost(25, 1, 48).
cost(25, 2, 51).
cost(25, 3, 84).
cost(25, 4, 78).
cost(25, 5, 55).
cost(25, 6, 22).
cost(25, 7, 80).
cost(25, 8, 46).
cost(25, 9, 19).
cost(25, 10, 94).
cost(25, 11, 38).
cost(25, 12, 5).
cost(25, 13, 74).
cost(25, 14, 42).
cost(25, 15, 45).
cost(25, 16, 49).
cost(25, 17, 44).
cost(25, 18, 76).
cost(25, 19, 91).
cost(25, 20, 80).
cost(25, 21, 94).
cost(25, 22, 40).
cost(25, 23, 45).
cost(25, 24, 55).
cost(25, 26, 84).
cost(26, 1, 77).
cost(26, 2, 58).
cost(26, 3, 7).
cost(26, 4, 11).
cost(26, 5, 52).
cost(26, 6, 63).
cost(26, 7, 6).
cost(26, 8, 69).
cost(26, 9, 82).
cost(26, 10, 28).
cost(26, 11, 76).
cost(26, 12, 84).
cost(26, 13, 26).
cost(26, 14, 81).
cost(26, 15, 57).
cost(26, 16, 53).
cost(26, 17, 47).
cost(26, 18, 34).
cost(26, 19, 26).
cost(26, 20, 11).
cost(26, 21, 10).
cost(26, 22, 55).
cost(26, 23, 42).
cost(26, 24, 44).
cost(26, 25, 84).
