dimension(26).
point(1, 30.5561122064, 49.3150506711).
point(2, 67.7577903015, 95.4043625539).
point(3, 91.7359071449, 14.3093492011).
point(4, 49.3039042359, 32.453812406).
point(5, 83.5634639119, 15.1831203572).
point(6, 64.5459386438, 32.3831313962).
point(7, 75.2259670503, 82.9761365691).
point(8, 73.4618473047, 14.2644175516).
point(9, 29.7469248955, 81.8469524425).
point(10, 27.0857899601, 31.9670273826).
point(11, 97.4234112711, 87.0568249455).
point(12, 66.9196174978, 4.0286894413).
point(13, 59.0389669585, 5.5482844361).
point(14, 89.8911730527, 68.8696479357).
point(15, 41.3280527548, 33.0486800977).
point(16, 6.4992161469, 50.6082112315).
point(17, 46.482274221, 49.9036380425).
point(18, 16.7511847895, 28.2982259609).
point(19, 59.3051038967, 30.5470968522).
point(20, 38.2355783242, 27.571481197).
point(21, 19.2358538145, 35.7734765738).
point(22, 34.3243089389, 41.5350048055).
point(23, 52.7033198713, 31.181891671).
point(24, 70.1944826291, 32.6083715642).
point(25, 80.9762092235, 75.8482691565).
point(26, 94.1176702087, 77.1467308791).
cost(1, 2, 59).
cost(1, 3, 70).
cost(1, 4, 25).
cost(1, 5, 63).
cost(1, 6, 38).
cost(1, 7, 56).
cost(1, 8, 55).
cost(1, 9, 33).
cost(1, 10, 18).
cost(1, 11, 77).
cost(1, 12, 58).
cost(1, 13, 52).
cost(1, 14, 62).
cost(1, 15, 20).
cost(1, 16, 24).
cost(1, 17, 16).
cost(1, 18, 25).
cost(1, 19, 34).
cost(1, 20, 23).
cost(1, 21, 18).
cost(1, 22, 9).
cost(1, 23, 29).
cost(1, 24, 43).
cost(1, 25, 57).
cost(1, 26, 69).
cost(2, 1, 59).
cost(2, 3, 85).
cost(2, 4, 66).
cost(2, 5, 82).
cost(2, 6, 63).
cost(2, 7, 14).
cost(2, 8, 81).
cost(2, 9, 40).
cost(2, 10, 75).
cost(2, 11, 31).
cost(2, 12, 91).
cost(2, 13, 90).
cost(2, 14, 35).
cost(2, 15, 68).
cost(2, 16, 76).
cost(2, 17, 50).
cost(2, 18, 84).
cost(2, 19, 65).
cost(2, 20, 74).
cost(2, 21, 77).
cost(2, 22, 63).
cost(2, 23, 66).
cost(2, 24, 63).
cost(2, 25, 24).
cost(2, 26, 32).
cost(3, 1, 70).
cost(3, 2, 85).
cost(3, 4, 46).
cost(3, 5, 8).
cost(3, 6, 33).
cost(3, 7, 71).
cost(3, 8, 18).
cost(3, 9, 92).
cost(3, 10, 67).
cost(3, 11, 73).
cost(3, 12, 27).
cost(3, 13, 34).
cost(3, 14, 55).
cost(3, 15, 54).
cost(3, 16, 93).
cost(3, 17, 58).
cost(3, 18, 76).
cost(3, 19, 36).
cost(3, 20, 55).
cost(3, 21, 76).
cost(3, 22, 64).
cost(3, 23, 43).
cost(3, 24, 28).
cost(3, 25, 62).
cost(3, 26, 63).
cost(4, 1, 25).
cost(4, 2, 66).
cost(4, 3, 46).
cost(4, 5, 38).
cost(4, 6, 15).
cost(4, 7, 57).
cost(4, 8, 30).
cost(4, 9, 53).
cost(4, 10, 22).
cost(4, 11, 73).
cost(4, 12, 33).
cost(4, 13, 29).
cost(4, 14, 55).
cost(4, 15, 8).
cost(4, 16, 46).
cost(4, 17, 18).
cost(4, 18, 33).
cost(4, 19, 10).
cost(4, 20, 12).
cost(4, 21, 30).
cost(4, 22, 18).
cost(4, 23, 4).
cost(4, 24, 21).
cost(4, 25, 54).
cost(4, 26, 63).
cost(5, 1, 63).
cost(5, 2, 82).
cost(5, 3, 8).
cost(5, 4, 38).
cost(5, 6, 26).
cost(5, 7, 68).
cost(5, 8, 10).
cost(5, 9, 86).
cost(5, 10, 59).
cost(5, 11, 73).
cost(5, 12, 20).
cost(5, 13, 26).
cost(5, 14, 54).
cost(5, 15, 46).
cost(5, 16, 85).
cost(5, 17, 51).
cost(5, 18, 68).
cost(5, 19, 29).
cost(5, 20, 47).
cost(5, 21, 68).
cost(5, 22, 56).
cost(5, 23, 35).
cost(5, 24, 22).
cost(5, 25, 61).
cost(5, 26, 63).
cost(6, 1, 38).
cost(6, 2, 63).
cost(6, 3, 33).
cost(6, 4, 15).
cost(6, 5, 26).
cost(6, 7, 52).
cost(6, 8, 20).
cost(6, 9, 60).
cost(6, 10, 37).
cost(6, 11, 64).
cost(6, 12, 28).
cost(6, 13, 27).
cost(6, 14, 44).
cost(6, 15, 23).
cost(6, 16, 61).
cost(6, 17, 25).
cost(6, 18, 48).
cost(6, 19, 6).
cost(6, 20, 27).
cost(6, 21, 45).
cost(6, 22, 32).
cost(6, 23, 12).
cost(6, 24, 6).
cost(6, 25, 46).
cost(6, 26, 54).
cost(7, 1, 56).
cost(7, 2, 14).
cost(7, 3, 71).
cost(7, 4, 57).
cost(7, 5, 68).
cost(7, 6, 52).
cost(7, 8, 69).
cost(7, 9, 45).
cost(7, 10, 70).
cost(7, 11, 23).
cost(7, 12, 79).
cost(7, 13, 79).
cost(7, 14, 20).
cost(7, 15, 60).
cost(7, 16, 76).
cost(7, 17, 44).
cost(7, 18, 80).
cost(7, 19, 55).
cost(7, 20, 67).
cost(7, 21, 73).
cost(7, 22, 58).
cost(7, 23, 56).
cost(7, 24, 51).
cost(7, 25, 9).
cost(7, 26, 20).
cost(8, 1, 55).
cost(8, 2, 81).
cost(8, 3, 18).
cost(8, 4, 30).
cost(8, 5, 10).
cost(8, 6, 20).
cost(8, 7, 69).
cost(8, 9, 80).
cost(8, 10, 50).
cost(8, 11, 77).
cost(8, 12, 12).
cost(8, 13, 17).
cost(8, 14, 57).
cost(8, 15, 37).
cost(8, 16, 76).
cost(8, 17, 45).
cost(8, 18, 58).
cost(8, 19, 22).
cost(8, 20, 38).
cost(8, 21, 58).
cost(8, 22, 48).
cost(8, 23, 27).
cost(8, 24, 19).
cost(8, 25, 62).
cost(8, 26, 66).
cost(9, 1, 33).
cost(9, 2, 40).
cost(9, 3, 92).
cost(9, 4, 53).
cost(9, 5, 86).
cost(9, 6, 60).
cost(9, 7, 45).
cost(9, 8, 80).
cost(9, 10, 50).
cost(9, 11, 68).
cost(9, 12, 86).
cost(9, 13, 82).
cost(9, 14, 62).
cost(9, 15, 50).
cost(9, 16, 39).
cost(9, 17, 36).
cost(9, 18, 55).
cost(9, 19, 59).
cost(9, 20, 55).
cost(9, 21, 47).
cost(9, 22, 41).
cost(9, 23, 56).
cost(9, 24, 64).
cost(9, 25, 52).
cost(9, 26, 65).
cost(10, 1, 18).
cost(10, 2, 75).
cost(10, 3, 67).
cost(10, 4, 22).
cost(10, 5, 59).
cost(10, 6, 37).
cost(10, 7, 70).
cost(10, 8, 50).
cost(10, 9, 50).
cost(10, 11, 89).
cost(10, 12, 49).
cost(10, 13, 41).
cost(10, 14, 73).
cost(10, 15, 14).
cost(10, 16, 28).
cost(10, 17, 26).
cost(10, 18, 11).
cost(10, 19, 32).
cost(10, 20, 12).
cost(10, 21, 9).
cost(10, 22, 12).
cost(10, 23, 26).
cost(10, 24, 43).
cost(10, 25, 69).
cost(10, 26, 81).
cost(11, 1, 77).
cost(11, 2, 31).
cost(11, 3, 73).
cost(11, 4, 73).
cost(11, 5, 73).
cost(11, 6, 64).
cost(11, 7, 23).
cost(11, 8, 77).
cost(11, 9, 68).
cost(11, 10, 89).
cost(11, 12, 88).
cost(11, 13, 90).
cost(11, 14, 20).
cost(11, 15, 78).
cost(11, 16, 98).
cost(11, 17, 63).
cost(11, 18, 100).
cost(11, 19, 68).
cost(11, 20, 84).
cost(11, 21, 94).
cost(11, 22, 78).
cost(11, 23, 72).
cost(11, 24, 61).
cost(11, 25, 20).
cost(11, 26, 10).
cost(12, 1, 58).
cost(12, 2, 91).
cost(12, 3, 27).
cost(12, 4, 33).
cost(12, 5, 20).
cost(12, 6, 28).
cost(12, 7, 79).
cost(12, 8, 12).
cost(12, 9, 86).
cost(12, 10, 49).
cost(12, 11, 88).
cost(12, 13, 8).
cost(12, 14, 69).
cost(12, 15, 39).
cost(12, 16, 76).
cost(12, 17, 50).
cost(12, 18, 56).
cost(12, 19, 28).
cost(12, 20, 37).
cost(12, 21, 57).
cost(12, 22, 50).
cost(12, 23, 31).
cost(12, 24, 29).
cost(12, 25, 73).
cost(12, 26, 78).
cost(13, 1, 52).
cost(13, 2, 90).
cost(13, 3, 34).
cost(13, 4, 29).
cost(13, 5, 26).
cost(13, 6, 27).
cost(13, 7, 79).
cost(13, 8, 17).
cost(13, 9, 82).
cost(13, 10, 41).
cost(13, 11, 90).
cost(13, 12, 8).
cost(13, 14, 70).
cost(13, 15, 33).
cost(13, 16, 69).
cost(13, 17, 46).
cost(13, 18, 48).
cost(13, 19, 25).
cost(13, 20, 30).
cost(13, 21, 50).
cost(13, 22, 44).
cost(13, 23, 26).
cost(13, 24, 29).
cost(13, 25, 74).
cost(13, 26, 80).
cost(14, 1, 62).
cost(14, 2, 35).
cost(14, 3, 55).
cost(14, 4, 55).
cost(14, 5, 54).
cost(14, 6, 44).
cost(14, 7, 20).
cost(14, 8, 57).
cost(14, 9, 62).
cost(14, 10, 73).
cost(14, 11, 20).
cost(14, 12, 69).
cost(14, 13, 70).
cost(14, 15, 60).
cost(14, 16, 85).
cost(14, 17, 47).
cost(14, 18, 84).
cost(14, 19, 49).
cost(14, 20, 66).
cost(14, 21, 78).
cost(14, 22, 62).
cost(14, 23, 53).
cost(14, 24, 41).
cost(14, 25, 11).
cost(14, 26, 9).
cost(15, 1, 20).
cost(15, 2, 68).
cost(15, 3, 54).
cost(15, 4, 8).
cost(15, 5, 46).
cost(15, 6, 23).
cost(15, 7, 60).
cost(15, 8, 37).
cost(15, 9, 50).
cost(15, 10, 14).
cost(15, 11, 78).
cost(15, 12, 39).
cost(15, 13, 33).
cost(15, 14, 60).
cost(15, 16, 39).
cost(15, 17, 18).
cost(15, 18, 25).
cost(15, 19, 18).
cost(15, 20, 6).
cost(15, 21, 22).
cost(15, 22, 11).
cost(15, 23, 12).
cost(15, 24, 29).
cost(15, 25, 58).
cost(15, 26, 69).
cost(16, 1, 24).
cost(16, 2, 76).
cost(16, 3, 93).
cost(16, 4, 46).
cost(16, 5, 85).
cost(16, 6, 61).
cost(16, 7, 76).
cost(16, 8, 76).
cost(16, 9, 39).
cost(16, 10, 28).
cost(16, 11, 98).
cost(16, 12, 76).
cost(16, 13, 69).
cost(16, 14, 85).
cost(16, 15, 39).
cost(16, 17, 40).
cost(16, 18, 25).
cost(16, 19, 56).
cost(16, 20, 39).
cost(16, 21, 20).
cost(16, 22, 29).
cost(16, 23, 50).
cost(16, 24, 66).
cost(16, 25, 79).
cost(16, 26, 92).
cost(17, 1, 16).
cost(17, 2, 50).
cost(17, 3, 58).
cost(17, 4, 18).
cost(17, 5, 51).
cost(17, 6, 25).
cost(17, 7, 44).
cost(17, 8, 45).
cost(17, 9, 36).
cost(17, 10, 26).
cost(17, 11, 63).
cost(17, 12, 50).
cost(17, 13, 46).
cost(17, 14, 47).
cost(17, 15, 18).
cost(17, 16, 40).
cost(17, 18, 37).
cost(17, 19, 23).
cost(17, 20, 24).
cost(17, 21, 31).
cost(17, 22, 15).
cost(17, 23, 20).
cost(17, 24, 29).
cost(17, 25, 43).
cost(17, 26, 55).
cost(18, 1, 25).
cost(18, 2, 84).
cost(18, 3, 76).
cost(18, 4, 33).
cost(18, 5, 68).
cost(18, 6, 48).
cost(18, 7, 80).
cost(18, 8, 58).
cost(18, 9, 55).
cost(18, 10, 11).
cost(18, 11, 100).
cost(18, 12, 56).
cost(18, 13, 48).
cost(18, 14, 84).
cost(18, 15, 25).
cost(18, 16, 25).
cost(18, 17, 37).
cost(18, 19, 43).
cost(18, 20, 21).
cost(18, 21, 8).
cost(18, 22, 22).
cost(18, 23, 36).
cost(18, 24, 54).
cost(18, 25, 80).
cost(18, 26, 91).
cost(19, 1, 34).
cost(19, 2, 65).
cost(19, 3, 36).
cost(19, 4, 10).
cost(19, 5, 29).
cost(19, 6, 6).
cost(19, 7, 55).
cost(19, 8, 22).
cost(19, 9, 59).
cost(19, 10, 32).
cost(19, 11, 68).
cost(19, 12, 28).
cost(19, 13, 25).
cost(19, 14, 49).
cost(19, 15, 18).
cost(19, 16, 56).
cost(19, 17, 23).
cost(19, 18, 43).
cost(19, 20, 21).
cost(19, 21, 40).
cost(19, 22, 27).
cost(19, 23, 7).
cost(19, 24, 11).
cost(19, 25, 50).
cost(19, 26, 58).
cost(20, 1, 23).
cost(20, 2, 74).
cost(20, 3, 55).
cost(20, 4, 12).
cost(20, 5, 47).
cost(20, 6, 27).
cost(20, 7, 67).
cost(20, 8, 38).
cost(20, 9, 55).
cost(20, 10, 12).
cost(20, 11, 84).
cost(20, 12, 37).
cost(20, 13, 30).
cost(20, 14, 66).
cost(20, 15, 6).
cost(20, 16, 39).
cost(20, 17, 24).
cost(20, 18, 21).
cost(20, 19, 21).
cost(20, 21, 21).
cost(20, 22, 15).
cost(20, 23, 15).
cost(20, 24, 32).
cost(20, 25, 64).
cost(20, 26, 75).
cost(21, 1, 18).
cost(21, 2, 77).
cost(21, 3, 76).
cost(21, 4, 30).
cost(21, 5, 68).
cost(21, 6, 45).
cost(21, 7, 73).
cost(21, 8, 58).
cost(21, 9, 47).
cost(21, 10, 9).
cost(21, 11, 94).
cost(21, 12, 57).
cost(21, 13, 50).
cost(21, 14, 78).
cost(21, 15, 22).
cost(21, 16, 20).
cost(21, 17, 31).
cost(21, 18, 8).
cost(21, 19, 40).
cost(21, 20, 21).
cost(21, 22, 16).
cost(21, 23, 34).
cost(21, 24, 51).
cost(21, 25, 74).
cost(21, 26, 86).
cost(22, 1, 9).
cost(22, 2, 63).
cost(22, 3, 64).
cost(22, 4, 18).
cost(22, 5, 56).
cost(22, 6, 32).
cost(22, 7, 58).
cost(22, 8, 48).
cost(22, 9, 41).
cost(22, 10, 12).
cost(22, 11, 78).
cost(22, 12, 50).
cost(22, 13, 44).
cost(22, 14, 62).
cost(22, 15, 11).
cost(22, 16, 29).
cost(22, 17, 15).
cost(22, 18, 22).
cost(22, 19, 27).
cost(22, 20, 15).
cost(22, 21, 16).
cost(22, 23, 21).
cost(22, 24, 37).
cost(22, 25, 58).
cost(22, 26, 70).
cost(23, 1, 29).
cost(23, 2, 66).
cost(23, 3, 43).
cost(23, 4, 4).
cost(23, 5, 35).
cost(23, 6, 12).
cost(23, 7, 56).
cost(23, 8, 27).
cost(23, 9, 56).
cost(23, 10, 26).
cost(23, 11, 72).
cost(23, 12, 31).
cost(23, 13, 26).
cost(23, 14, 53).
cost(23, 15, 12).
cost(23, 16, 50).
cost(23, 17, 20).
cost(23, 18, 36).
cost(23, 19, 7).
cost(23, 20, 15).
cost(23, 21, 34).
cost(23, 22, 21).
cost(23, 24, 18).
cost(23, 25, 53).
cost(23, 26, 62).
cost(24, 1, 43).
cost(24, 2, 63).
cost(24, 3, 28).
cost(24, 4, 21).
cost(24, 5, 22).
cost(24, 6, 6).
cost(24, 7, 51).
cost(24, 8, 19).
cost(24, 9, 64).
cost(24, 10, 43).
cost(24, 11, 61).
cost(24, 12, 29).
cost(24, 13, 29).
cost(24, 14, 41).
cost(24, 15, 29).
cost(24, 16, 66).
cost(24, 17, 29).
cost(24, 18, 54).
cost(24, 19, 11).
cost(24, 20, 32).
cost(24, 21, 51).
cost(24, 22, 37).
cost(24, 23, 18).
cost(24, 25, 45).
cost(24, 26, 51).
cost(25, 1, 57).
cost(25, 2, 24).
cost(25, 3, 62).
cost(25, 4, 54).
cost(25, 5, 61).
cost(25, 6, 46).
cost(25, 7, 9).
cost(25, 8, 62).
cost(25, 9, 52).
cost(25, 10, 69).
cost(25, 11, 20).
cost(25, 12, 73).
cost(25, 13, 74).
cost(25, 14, 11).
cost(25, 15, 58).
cost(25, 16, 79).
cost(25, 17, 43).
cost(25, 18, 80).
cost(25, 19, 50).
cost(25, 20, 64).
cost(25, 21, 74).
cost(25, 22, 58).
cost(25, 23, 53).
cost(25, 24, 45).
cost(25, 26, 13).
cost(26, 1, 69).
cost(26, 2, 32).
cost(26, 3, 63).
cost(26, 4, 63).
cost(26, 5, 63).
cost(26, 6, 54).
cost(26, 7, 20).
cost(26, 8, 66).
cost(26, 9, 65).
cost(26, 10, 81).
cost(26, 11, 10).
cost(26, 12, 78).
cost(26, 13, 80).
cost(26, 14, 9).
cost(26, 15, 69).
cost(26, 16, 92).
cost(26, 17, 55).
cost(26, 18, 91).
cost(26, 19, 58).
cost(26, 20, 75).
cost(26, 21, 86).
cost(26, 22, 70).
cost(26, 23, 62).
cost(26, 24, 51).
cost(26, 25, 13).
