dimension(26).
point(1, 86.0458737672, 56.4632424099).
point(2, 71.725251601, 44.7751167446).
point(3, 96.0243993856, 41.7842533303).
point(4, 17.161583469, 32.2224455251).
point(5, 27.7948887362, 90.5314857719).
point(6, 65.591762769, 53.132945388).
point(7, 32.5239879101, 15.9613242893).
point(8, 61.4843544079, 35.53101182).
point(9, 34.0560559748, 30.2381368962).
point(10, 36.9252961254, 78.5574699669).
point(11, 61.2469746303, 90.5337018621).
point(12, 78.9020821404, 54.0620473657).
point(13, 31.3203720448, 73.2781189975).
point(14, 29.7198719869, 44.7467131365).
point(15, 98.8920586096, 38.0406522923).
point(16, 15.1656210564, 10.9995642067).
point(17, 54.0182952222, 88.2850494532).
point(18, 7.1595903439, 1.5929684396).
point(19, 92.7903662337, 42.762332293).
point(20, 17.8023441298, 49.874531076).
point(21, 14.0973608155, 26.8612674295).
point(22, 14.1806945582, 14.6082037873).
point(23, 88.4122279764, 67.522433245).
point(24, 93.5530224414, 75.547419403).
point(25, 10.5384496734, 2.8975258033).
point(26, 74.5132316268, 37.8797037216).
cost(1, 2, 18).
cost(1, 3, 18).
cost(1, 4, 73).
cost(1, 5, 67).
cost(1, 6, 21).
cost(1, 7, 67).
cost(1, 8, 32).
cost(1, 9, 58).
cost(1, 10, 54).
cost(1, 11, 42).
cost(1, 12, 8).
cost(1, 13, 57).
cost(1, 14, 58).
cost(1, 15, 22).
cost(1, 16, 84).
cost(1, 17, 45).
cost(1, 18, 96).
cost(1, 19, 15).
cost(1, 20, 69).
cost(1, 21, 78).
cost(1, 22, 83).
cost(1, 23, 11).
cost(1, 24, 21).
cost(1, 25, 93).
cost(1, 26, 22).
cost(2, 1, 18).
cost(2, 3, 24).
cost(2, 4, 56).
cost(2, 5, 63).
cost(2, 6, 10).
cost(2, 7, 49).
cost(2, 8, 14).
cost(2, 9, 40).
cost(2, 10, 49).
cost(2, 11, 47).
cost(2, 12, 12).
cost(2, 13, 49).
cost(2, 14, 42).
cost(2, 15, 28).
cost(2, 16, 66).
cost(2, 17, 47).
cost(2, 18, 78).
cost(2, 19, 21).
cost(2, 20, 54).
cost(2, 21, 60).
cost(2, 22, 65).
cost(2, 23, 28).
cost(2, 24, 38).
cost(2, 25, 74).
cost(2, 26, 7).
cost(3, 1, 18).
cost(3, 2, 24).
cost(3, 4, 79).
cost(3, 5, 84).
cost(3, 6, 32).
cost(3, 7, 69).
cost(3, 8, 35).
cost(3, 9, 63).
cost(3, 10, 70).
cost(3, 11, 60).
cost(3, 12, 21).
cost(3, 13, 72).
cost(3, 14, 66).
cost(3, 15, 5).
cost(3, 16, 87).
cost(3, 17, 63).
cost(3, 18, 98).
cost(3, 19, 3).
cost(3, 20, 79).
cost(3, 21, 83).
cost(3, 22, 86).
cost(3, 23, 27).
cost(3, 24, 34).
cost(3, 25, 94).
cost(3, 26, 22).
cost(4, 1, 73).
cost(4, 2, 56).
cost(4, 3, 79).
cost(4, 5, 59).
cost(4, 6, 53).
cost(4, 7, 22).
cost(4, 8, 44).
cost(4, 9, 17).
cost(4, 10, 50).
cost(4, 11, 73).
cost(4, 12, 65).
cost(4, 13, 43).
cost(4, 14, 18).
cost(4, 15, 82).
cost(4, 16, 21).
cost(4, 17, 67).
cost(4, 18, 32).
cost(4, 19, 76).
cost(4, 20, 18).
cost(4, 21, 6).
cost(4, 22, 18).
cost(4, 23, 80).
cost(4, 24, 88).
cost(4, 25, 30).
cost(4, 26, 58).
cost(5, 1, 67).
cost(5, 2, 63).
cost(5, 3, 84).
cost(5, 4, 59).
cost(5, 6, 53).
cost(5, 7, 75).
cost(5, 8, 64).
cost(5, 9, 61).
cost(5, 10, 15).
cost(5, 11, 33).
cost(5, 12, 63).
cost(5, 13, 18).
cost(5, 14, 46).
cost(5, 15, 88).
cost(5, 16, 81).
cost(5, 17, 26).
cost(5, 18, 91).
cost(5, 19, 81).
cost(5, 20, 42).
cost(5, 21, 65).
cost(5, 22, 77).
cost(5, 23, 65).
cost(5, 24, 67).
cost(5, 25, 89).
cost(5, 26, 70).
cost(6, 1, 21).
cost(6, 2, 10).
cost(6, 3, 32).
cost(6, 4, 53).
cost(6, 5, 53).
cost(6, 7, 50).
cost(6, 8, 18).
cost(6, 9, 39).
cost(6, 10, 38).
cost(6, 11, 38).
cost(6, 12, 13).
cost(6, 13, 40).
cost(6, 14, 37).
cost(6, 15, 37).
cost(6, 16, 66).
cost(6, 17, 37).
cost(6, 18, 78).
cost(6, 19, 29).
cost(6, 20, 48).
cost(6, 21, 58).
cost(6, 22, 64).
cost(6, 23, 27).
cost(6, 24, 36).
cost(6, 25, 75).
cost(6, 26, 18).
cost(7, 1, 67).
cost(7, 2, 49).
cost(7, 3, 69).
cost(7, 4, 22).
cost(7, 5, 75).
cost(7, 6, 50).
cost(7, 8, 35).
cost(7, 9, 14).
cost(7, 10, 63).
cost(7, 11, 80).
cost(7, 12, 60).
cost(7, 13, 57).
cost(7, 14, 29).
cost(7, 15, 70).
cost(7, 16, 18).
cost(7, 17, 75).
cost(7, 18, 29).
cost(7, 19, 66).
cost(7, 20, 37).
cost(7, 21, 21).
cost(7, 22, 18).
cost(7, 23, 76).
cost(7, 24, 85).
cost(7, 25, 26).
cost(7, 26, 47).
cost(8, 1, 32).
cost(8, 2, 14).
cost(8, 3, 35).
cost(8, 4, 44).
cost(8, 5, 64).
cost(8, 6, 18).
cost(8, 7, 35).
cost(8, 9, 28).
cost(8, 10, 50).
cost(8, 11, 55).
cost(8, 12, 25).
cost(8, 13, 48).
cost(8, 14, 33).
cost(8, 15, 37).
cost(8, 16, 52).
cost(8, 17, 53).
cost(8, 18, 64).
cost(8, 19, 32).
cost(8, 20, 46).
cost(8, 21, 48).
cost(8, 22, 52).
cost(8, 23, 42).
cost(8, 24, 51).
cost(8, 25, 61).
cost(8, 26, 13).
cost(9, 1, 58).
cost(9, 2, 40).
cost(9, 3, 63).
cost(9, 4, 17).
cost(9, 5, 61).
cost(9, 6, 39).
cost(9, 7, 14).
cost(9, 8, 28).
cost(9, 10, 48).
cost(9, 11, 66).
cost(9, 12, 51).
cost(9, 13, 43).
cost(9, 14, 15).
cost(9, 15, 65).
cost(9, 16, 27).
cost(9, 17, 61).
cost(9, 18, 39).
cost(9, 19, 60).
cost(9, 20, 25).
cost(9, 21, 20).
cost(9, 22, 25).
cost(9, 23, 66).
cost(9, 24, 75).
cost(9, 25, 36).
cost(9, 26, 41).
cost(10, 1, 54).
cost(10, 2, 49).
cost(10, 3, 70).
cost(10, 4, 50).
cost(10, 5, 15).
cost(10, 6, 38).
cost(10, 7, 63).
cost(10, 8, 50).
cost(10, 9, 48).
cost(10, 11, 27).
cost(10, 12, 49).
cost(10, 13, 8).
cost(10, 14, 35).
cost(10, 15, 74).
cost(10, 16, 71).
cost(10, 17, 20).
cost(10, 18, 83).
cost(10, 19, 66).
cost(10, 20, 34).
cost(10, 21, 57).
cost(10, 22, 68).
cost(10, 23, 53).
cost(10, 24, 57).
cost(10, 25, 80).
cost(10, 26, 55).
cost(11, 1, 42).
cost(11, 2, 47).
cost(11, 3, 60).
cost(11, 4, 73).
cost(11, 5, 33).
cost(11, 6, 38).
cost(11, 7, 80).
cost(11, 8, 55).
cost(11, 9, 66).
cost(11, 10, 27).
cost(11, 12, 41).
cost(11, 13, 35).
cost(11, 14, 56).
cost(11, 15, 65).
cost(11, 16, 92).
cost(11, 17, 8).
cost(11, 18, 104).
cost(11, 19, 57).
cost(11, 20, 60).
cost(11, 21, 79).
cost(11, 22, 89).
cost(11, 23, 36).
cost(11, 24, 36).
cost(11, 25, 101).
cost(11, 26, 54).
cost(12, 1, 8).
cost(12, 2, 12).
cost(12, 3, 21).
cost(12, 4, 65).
cost(12, 5, 63).
cost(12, 6, 13).
cost(12, 7, 60).
cost(12, 8, 25).
cost(12, 9, 51).
cost(12, 10, 49).
cost(12, 11, 41).
cost(12, 13, 51).
cost(12, 14, 50).
cost(12, 15, 26).
cost(12, 16, 77).
cost(12, 17, 42).
cost(12, 18, 89).
cost(12, 19, 18).
cost(12, 20, 61).
cost(12, 21, 70).
cost(12, 22, 76).
cost(12, 23, 16).
cost(12, 24, 26).
cost(12, 25, 85).
cost(12, 26, 17).
cost(13, 1, 57).
cost(13, 2, 49).
cost(13, 3, 72).
cost(13, 4, 43).
cost(13, 5, 18).
cost(13, 6, 40).
cost(13, 7, 57).
cost(13, 8, 48).
cost(13, 9, 43).
cost(13, 10, 8).
cost(13, 11, 35).
cost(13, 12, 51).
cost(13, 14, 29).
cost(13, 15, 76).
cost(13, 16, 64).
cost(13, 17, 27).
cost(13, 18, 76).
cost(13, 19, 69).
cost(13, 20, 27).
cost(13, 21, 50).
cost(13, 22, 61).
cost(13, 23, 57).
cost(13, 24, 62).
cost(13, 25, 73).
cost(13, 26, 56).
cost(14, 1, 58).
cost(14, 2, 42).
cost(14, 3, 66).
cost(14, 4, 18).
cost(14, 5, 46).
cost(14, 6, 37).
cost(14, 7, 29).
cost(14, 8, 33).
cost(14, 9, 15).
cost(14, 10, 35).
cost(14, 11, 56).
cost(14, 12, 50).
cost(14, 13, 29).
cost(14, 15, 69).
cost(14, 16, 37).
cost(14, 17, 50).
cost(14, 18, 49).
cost(14, 19, 63).
cost(14, 20, 13).
cost(14, 21, 24).
cost(14, 22, 34).
cost(14, 23, 63).
cost(14, 24, 71).
cost(14, 25, 46).
cost(14, 26, 45).
cost(15, 1, 22).
cost(15, 2, 28).
cost(15, 3, 5).
cost(15, 4, 82).
cost(15, 5, 88).
cost(15, 6, 37).
cost(15, 7, 70).
cost(15, 8, 37).
cost(15, 9, 65).
cost(15, 10, 74).
cost(15, 11, 65).
cost(15, 12, 26).
cost(15, 13, 76).
cost(15, 14, 69).
cost(15, 16, 88).
cost(15, 17, 67).
cost(15, 18, 99).
cost(15, 19, 8).
cost(15, 20, 82).
cost(15, 21, 86).
cost(15, 22, 88).
cost(15, 23, 31).
cost(15, 24, 38).
cost(15, 25, 95).
cost(15, 26, 24).
cost(16, 1, 84).
cost(16, 2, 66).
cost(16, 3, 87).
cost(16, 4, 21).
cost(16, 5, 81).
cost(16, 6, 66).
cost(16, 7, 18).
cost(16, 8, 52).
cost(16, 9, 27).
cost(16, 10, 71).
cost(16, 11, 92).
cost(16, 12, 77).
cost(16, 13, 64).
cost(16, 14, 37).
cost(16, 15, 88).
cost(16, 17, 87).
cost(16, 18, 12).
cost(16, 19, 84).
cost(16, 20, 39).
cost(16, 21, 16).
cost(16, 22, 4).
cost(16, 23, 93).
cost(16, 24, 102).
cost(16, 25, 9).
cost(16, 26, 65).
cost(17, 1, 45).
cost(17, 2, 47).
cost(17, 3, 63).
cost(17, 4, 67).
cost(17, 5, 26).
cost(17, 6, 37).
cost(17, 7, 75).
cost(17, 8, 53).
cost(17, 9, 61).
cost(17, 10, 20).
cost(17, 11, 8).
cost(17, 12, 42).
cost(17, 13, 27).
cost(17, 14, 50).
cost(17, 15, 67).
cost(17, 16, 87).
cost(17, 18, 99).
cost(17, 19, 60).
cost(17, 20, 53).
cost(17, 21, 73).
cost(17, 22, 84).
cost(17, 23, 40).
cost(17, 24, 42).
cost(17, 25, 96).
cost(17, 26, 54).
cost(18, 1, 96).
cost(18, 2, 78).
cost(18, 3, 98).
cost(18, 4, 32).
cost(18, 5, 91).
cost(18, 6, 78).
cost(18, 7, 29).
cost(18, 8, 64).
cost(18, 9, 39).
cost(18, 10, 83).
cost(18, 11, 104).
cost(18, 12, 89).
cost(18, 13, 76).
cost(18, 14, 49).
cost(18, 15, 99).
cost(18, 16, 12).
cost(18, 17, 99).
cost(18, 19, 95).
cost(18, 20, 49).
cost(18, 21, 26).
cost(18, 22, 15).
cost(18, 23, 105).
cost(18, 24, 114).
cost(18, 25, 4).
cost(18, 26, 77).
cost(19, 1, 15).
cost(19, 2, 21).
cost(19, 3, 3).
cost(19, 4, 76).
cost(19, 5, 81).
cost(19, 6, 29).
cost(19, 7, 66).
cost(19, 8, 32).
cost(19, 9, 60).
cost(19, 10, 66).
cost(19, 11, 57).
cost(19, 12, 18).
cost(19, 13, 69).
cost(19, 14, 63).
cost(19, 15, 8).
cost(19, 16, 84).
cost(19, 17, 60).
cost(19, 18, 95).
cost(19, 20, 75).
cost(19, 21, 80).
cost(19, 22, 83).
cost(19, 23, 25).
cost(19, 24, 33).
cost(19, 25, 91).
cost(19, 26, 19).
cost(20, 1, 69).
cost(20, 2, 54).
cost(20, 3, 79).
cost(20, 4, 18).
cost(20, 5, 42).
cost(20, 6, 48).
cost(20, 7, 37).
cost(20, 8, 46).
cost(20, 9, 25).
cost(20, 10, 34).
cost(20, 11, 60).
cost(20, 12, 61).
cost(20, 13, 27).
cost(20, 14, 13).
cost(20, 15, 82).
cost(20, 16, 39).
cost(20, 17, 53).
cost(20, 18, 49).
cost(20, 19, 75).
cost(20, 21, 23).
cost(20, 22, 35).
cost(20, 23, 73).
cost(20, 24, 80).
cost(20, 25, 48).
cost(20, 26, 58).
cost(21, 1, 78).
cost(21, 2, 60).
cost(21, 3, 83).
cost(21, 4, 6).
cost(21, 5, 65).
cost(21, 6, 58).
cost(21, 7, 21).
cost(21, 8, 48).
cost(21, 9, 20).
cost(21, 10, 57).
cost(21, 11, 79).
cost(21, 12, 70).
cost(21, 13, 50).
cost(21, 14, 24).
cost(21, 15, 86).
cost(21, 16, 16).
cost(21, 17, 73).
cost(21, 18, 26).
cost(21, 19, 80).
cost(21, 20, 23).
cost(21, 22, 12).
cost(21, 23, 85).
cost(21, 24, 93).
cost(21, 25, 24).
cost(21, 26, 61).
cost(22, 1, 83).
cost(22, 2, 65).
cost(22, 3, 86).
cost(22, 4, 18).
cost(22, 5, 77).
cost(22, 6, 64).
cost(22, 7, 18).
cost(22, 8, 52).
cost(22, 9, 25).
cost(22, 10, 68).
cost(22, 11, 89).
cost(22, 12, 76).
cost(22, 13, 61).
cost(22, 14, 34).
cost(22, 15, 88).
cost(22, 16, 4).
cost(22, 17, 84).
cost(22, 18, 15).
cost(22, 19, 83).
cost(22, 20, 35).
cost(22, 21, 12).
cost(22, 23, 91).
cost(22, 24, 100).
cost(22, 25, 12).
cost(22, 26, 65).
cost(23, 1, 11).
cost(23, 2, 28).
cost(23, 3, 27).
cost(23, 4, 80).
cost(23, 5, 65).
cost(23, 6, 27).
cost(23, 7, 76).
cost(23, 8, 42).
cost(23, 9, 66).
cost(23, 10, 53).
cost(23, 11, 36).
cost(23, 12, 16).
cost(23, 13, 57).
cost(23, 14, 63).
cost(23, 15, 31).
cost(23, 16, 93).
cost(23, 17, 40).
cost(23, 18, 105).
cost(23, 19, 25).
cost(23, 20, 73).
cost(23, 21, 85).
cost(23, 22, 91).
cost(23, 24, 10).
cost(23, 25, 101).
cost(23, 26, 33).
cost(24, 1, 21).
cost(24, 2, 38).
cost(24, 3, 34).
cost(24, 4, 88).
cost(24, 5, 67).
cost(24, 6, 36).
cost(24, 7, 85).
cost(24, 8, 51).
cost(24, 9, 75).
cost(24, 10, 57).
cost(24, 11, 36).
cost(24, 12, 26).
cost(24, 13, 62).
cost(24, 14, 71).
cost(24, 15, 38).
cost(24, 16, 102).
cost(24, 17, 42).
cost(24, 18, 114).
cost(24, 19, 33).
cost(24, 20, 80).
cost(24, 21, 93).
cost(24, 22, 100).
cost(24, 23, 10).
cost(24, 25, 110).
cost(24, 26, 42).
cost(25, 1, 93).
cost(25, 2, 74).
cost(25, 3, 94).
cost(25, 4, 30).
cost(25, 5, 89).
cost(25, 6, 75).
cost(25, 7, 26).
cost(25, 8, 61).
cost(25, 9, 36).
cost(25, 10, 80).
cost(25, 11, 101).
cost(25, 12, 85).
cost(25, 13, 73).
cost(25, 14, 46).
cost(25, 15, 95).
cost(25, 16, 9).
cost(25, 17, 96).
cost(25, 18, 4).
cost(25, 19, 91).
cost(25, 20, 48).
cost(25, 21, 24).
cost(25, 22, 12).
cost(25, 23, 101).
cost(25, 24, 110).
cost(25, 26, 73).
cost(26, 1, 22).
cost(26, 2, 7).
cost(26, 3, 22).
cost(26, 4, 58).
cost(26, 5, 70).
cost(26, 6, 18).
cost(26, 7, 47).
cost(26, 8, 13).
cost(26, 9, 41).
cost(26, 10, 55).
cost(26, 11, 54).
cost(26, 12, 17).
cost(26, 13, 56).
cost(26, 14, 45).
cost(26, 15, 24).
cost(26, 16, 65).
cost(26, 17, 54).
cost(26, 18, 77).
cost(26, 19, 19).
cost(26, 20, 58).
cost(26, 21, 61).
cost(26, 22, 65).
cost(26, 23, 33).
cost(26, 24, 42).
cost(26, 25, 73).
