dimension(26).
point(1, 77.7462093597, 86.9639748671).
point(2, 67.1671291365, 93.7859127028).
point(3, 21.7858263961, 12.7982521715).
point(4, 51.4790340897, 79.5912812295).
point(5, 96.2316166882, 26.7760696405).
point(6, 93.9235822851, 31.766034573).
point(7, 27.1675425342, 86.2909909821).
point(8, 6.506106759, 19.7436549744).
point(9, 47.9227193424, 51.5451133676).
point(10, 52.0661482701, 46.8495094153).
point(11, 74.9856037978, 43.3849792693).
point(12, 67.7985889199, 87.7419825575).
point(13, 14.2295591062, 70.4785409773).
point(14, 80.0080695804, 19.5588883562).
point(15, 26.8412928452, 64.9359528372).
point(16, 61.6729712061, 6.2624037375).
point(17, 55.2567780587, 31.2512206567).
point(18, 9.7141614317, 42.8259381739).
point(19, 31.6769104453, 76.9416250122).
point(20, 83.9212381553, 42.1449066624).
point(21, 54.8349711455, 58.7026333128).
point(22, 23.0656162796, 77.3632496611).
point(23, 58.7949068261, 35.5500491273).
point(24, 15.122203081, 68.5535678407).
point(25, 18.774033479, 11.5279261304).
point(26, 7.332018739, 37.317012192).
cost(1, 2, 13).
cost(1, 3, 93).
cost(1, 4, 27).
cost(1, 5, 63).
cost(1, 6, 58).
cost(1, 7, 51).
cost(1, 8, 98).
cost(1, 9, 46).
cost(1, 10, 48).
cost(1, 11, 44).
cost(1, 12, 10).
cost(1, 13, 66).
cost(1, 14, 67).
cost(1, 15, 55).
cost(1, 16, 82).
cost(1, 17, 60).
cost(1, 18, 81).
cost(1, 19, 47).
cost(1, 20, 45).
cost(1, 21, 36).
cost(1, 22, 56).
cost(1, 23, 55).
cost(1, 24, 65).
cost(1, 25, 96).
cost(1, 26, 86).
cost(2, 1, 13).
cost(2, 3, 93).
cost(2, 4, 21).
cost(2, 5, 73).
cost(2, 6, 68).
cost(2, 7, 41).
cost(2, 8, 96).
cost(2, 9, 46).
cost(2, 10, 49).
cost(2, 11, 51).
cost(2, 12, 6).
cost(2, 13, 58).
cost(2, 14, 75).
cost(2, 15, 50).
cost(2, 16, 88).
cost(2, 17, 64).
cost(2, 18, 77).
cost(2, 19, 39).
cost(2, 20, 54).
cost(2, 21, 37).
cost(2, 22, 47).
cost(2, 23, 59).
cost(2, 24, 58).
cost(2, 25, 95).
cost(2, 26, 82).
cost(3, 1, 93).
cost(3, 2, 93).
cost(3, 4, 73).
cost(3, 5, 76).
cost(3, 6, 75).
cost(3, 7, 74).
cost(3, 8, 17).
cost(3, 9, 47).
cost(3, 10, 46).
cost(3, 11, 61).
cost(3, 12, 88).
cost(3, 13, 58).
cost(3, 14, 59).
cost(3, 15, 52).
cost(3, 16, 40).
cost(3, 17, 38).
cost(3, 18, 32).
cost(3, 19, 65).
cost(3, 20, 69).
cost(3, 21, 57).
cost(3, 22, 65).
cost(3, 23, 43).
cost(3, 24, 56).
cost(3, 25, 3).
cost(3, 26, 28).
cost(4, 1, 27).
cost(4, 2, 21).
cost(4, 3, 73).
cost(4, 5, 69).
cost(4, 6, 64).
cost(4, 7, 25).
cost(4, 8, 75).
cost(4, 9, 28).
cost(4, 10, 33).
cost(4, 11, 43).
cost(4, 12, 18).
cost(4, 13, 38).
cost(4, 14, 66).
cost(4, 15, 29).
cost(4, 16, 74).
cost(4, 17, 48).
cost(4, 18, 56).
cost(4, 19, 20).
cost(4, 20, 50).
cost(4, 21, 21).
cost(4, 22, 29).
cost(4, 23, 45).
cost(4, 24, 38).
cost(4, 25, 76).
cost(4, 26, 61).
cost(5, 1, 63).
cost(5, 2, 73).
cost(5, 3, 76).
cost(5, 4, 69).
cost(5, 6, 5).
cost(5, 7, 91).
cost(5, 8, 90).
cost(5, 9, 54).
cost(5, 10, 49).
cost(5, 11, 27).
cost(5, 12, 67).
cost(5, 13, 93).
cost(5, 14, 18).
cost(5, 15, 79).
cost(5, 16, 40).
cost(5, 17, 41).
cost(5, 18, 88).
cost(5, 19, 82).
cost(5, 20, 20).
cost(5, 21, 52).
cost(5, 22, 89).
cost(5, 23, 38).
cost(5, 24, 91).
cost(5, 25, 79).
cost(5, 26, 90).
cost(6, 1, 58).
cost(6, 2, 68).
cost(6, 3, 75).
cost(6, 4, 64).
cost(6, 5, 5).
cost(6, 7, 86).
cost(6, 8, 88).
cost(6, 9, 50).
cost(6, 10, 44).
cost(6, 11, 22).
cost(6, 12, 62).
cost(6, 13, 89).
cost(6, 14, 19).
cost(6, 15, 75).
cost(6, 16, 41).
cost(6, 17, 39).
cost(6, 18, 85).
cost(6, 19, 77).
cost(6, 20, 14).
cost(6, 21, 47).
cost(6, 22, 84).
cost(6, 23, 35).
cost(6, 24, 87).
cost(6, 25, 78).
cost(6, 26, 87).
cost(7, 1, 51).
cost(7, 2, 41).
cost(7, 3, 74).
cost(7, 4, 25).
cost(7, 5, 91).
cost(7, 6, 86).
cost(7, 8, 70).
cost(7, 9, 40).
cost(7, 10, 47).
cost(7, 11, 64).
cost(7, 12, 41).
cost(7, 13, 20).
cost(7, 14, 85).
cost(7, 15, 21).
cost(7, 16, 87).
cost(7, 17, 62).
cost(7, 18, 47).
cost(7, 19, 10).
cost(7, 20, 72).
cost(7, 21, 39).
cost(7, 22, 10).
cost(7, 23, 60).
cost(7, 24, 21).
cost(7, 25, 75).
cost(7, 26, 53).
cost(8, 1, 98).
cost(8, 2, 96).
cost(8, 3, 17).
cost(8, 4, 75).
cost(8, 5, 90).
cost(8, 6, 88).
cost(8, 7, 70).
cost(8, 9, 52).
cost(8, 10, 53).
cost(8, 11, 72).
cost(8, 12, 92).
cost(8, 13, 51).
cost(8, 14, 74).
cost(8, 15, 50).
cost(8, 16, 57).
cost(8, 17, 50).
cost(8, 18, 23).
cost(8, 19, 62).
cost(8, 20, 81).
cost(8, 21, 62).
cost(8, 22, 60).
cost(8, 23, 55).
cost(8, 24, 50).
cost(8, 25, 15).
cost(8, 26, 18).
cost(9, 1, 46).
cost(9, 2, 46).
cost(9, 3, 47).
cost(9, 4, 28).
cost(9, 5, 54).
cost(9, 6, 50).
cost(9, 7, 40).
cost(9, 8, 52).
cost(9, 10, 6).
cost(9, 11, 28).
cost(9, 12, 41).
cost(9, 13, 39).
cost(9, 14, 45).
cost(9, 15, 25).
cost(9, 16, 47).
cost(9, 17, 22).
cost(9, 18, 39).
cost(9, 19, 30).
cost(9, 20, 37).
cost(9, 21, 10).
cost(9, 22, 36).
cost(9, 23, 19).
cost(9, 24, 37).
cost(9, 25, 50).
cost(9, 26, 43).
cost(10, 1, 48).
cost(10, 2, 49).
cost(10, 3, 46).
cost(10, 4, 33).
cost(10, 5, 49).
cost(10, 6, 44).
cost(10, 7, 47).
cost(10, 8, 53).
cost(10, 9, 6).
cost(10, 11, 23).
cost(10, 12, 44).
cost(10, 13, 45).
cost(10, 14, 39).
cost(10, 15, 31).
cost(10, 16, 42).
cost(10, 17, 16).
cost(10, 18, 43).
cost(10, 19, 36).
cost(10, 20, 32).
cost(10, 21, 12).
cost(10, 22, 42).
cost(10, 23, 13).
cost(10, 24, 43).
cost(10, 25, 49).
cost(10, 26, 46).
cost(11, 1, 44).
cost(11, 2, 51).
cost(11, 3, 61).
cost(11, 4, 43).
cost(11, 5, 27).
cost(11, 6, 22).
cost(11, 7, 64).
cost(11, 8, 72).
cost(11, 9, 28).
cost(11, 10, 23).
cost(11, 12, 45).
cost(11, 13, 67).
cost(11, 14, 24).
cost(11, 15, 53).
cost(11, 16, 39).
cost(11, 17, 23).
cost(11, 18, 65).
cost(11, 19, 55).
cost(11, 20, 9).
cost(11, 21, 25).
cost(11, 22, 62).
cost(11, 23, 18).
cost(11, 24, 65).
cost(11, 25, 65).
cost(11, 26, 68).
cost(12, 1, 10).
cost(12, 2, 6).
cost(12, 3, 88).
cost(12, 4, 18).
cost(12, 5, 67).
cost(12, 6, 62).
cost(12, 7, 41).
cost(12, 8, 92).
cost(12, 9, 41).
cost(12, 10, 44).
cost(12, 11, 45).
cost(12, 13, 56).
cost(12, 14, 69).
cost(12, 15, 47).
cost(12, 16, 82).
cost(12, 17, 58).
cost(12, 18, 73).
cost(12, 19, 38).
cost(12, 20, 48).
cost(12, 21, 32).
cost(12, 22, 46).
cost(12, 23, 53).
cost(12, 24, 56).
cost(12, 25, 91).
cost(12, 26, 79).
cost(13, 1, 66).
cost(13, 2, 58).
cost(13, 3, 58).
cost(13, 4, 38).
cost(13, 5, 93).
cost(13, 6, 89).
cost(13, 7, 20).
cost(13, 8, 51).
cost(13, 9, 39).
cost(13, 10, 45).
cost(13, 11, 67).
cost(13, 12, 56).
cost(13, 14, 83).
cost(13, 15, 14).
cost(13, 16, 80).
cost(13, 17, 57).
cost(13, 18, 28).
cost(13, 19, 19).
cost(13, 20, 75).
cost(13, 21, 42).
cost(13, 22, 11).
cost(13, 23, 57).
cost(13, 24, 2).
cost(13, 25, 59).
cost(13, 26, 34).
cost(14, 1, 67).
cost(14, 2, 75).
cost(14, 3, 59).
cost(14, 4, 66).
cost(14, 5, 18).
cost(14, 6, 19).
cost(14, 7, 85).
cost(14, 8, 74).
cost(14, 9, 45).
cost(14, 10, 39).
cost(14, 11, 24).
cost(14, 12, 69).
cost(14, 13, 83).
cost(14, 15, 70).
cost(14, 16, 23).
cost(14, 17, 27).
cost(14, 18, 74).
cost(14, 19, 75).
cost(14, 20, 23).
cost(14, 21, 47).
cost(14, 22, 81).
cost(14, 23, 27).
cost(14, 24, 81).
cost(14, 25, 62).
cost(14, 26, 75).
cost(15, 1, 55).
cost(15, 2, 50).
cost(15, 3, 52).
cost(15, 4, 29).
cost(15, 5, 79).
cost(15, 6, 75).
cost(15, 7, 21).
cost(15, 8, 50).
cost(15, 9, 25).
cost(15, 10, 31).
cost(15, 11, 53).
cost(15, 12, 47).
cost(15, 13, 14).
cost(15, 14, 70).
cost(15, 16, 68).
cost(15, 17, 44).
cost(15, 18, 28).
cost(15, 19, 13).
cost(15, 20, 61).
cost(15, 21, 29).
cost(15, 22, 13).
cost(15, 23, 43).
cost(15, 24, 12).
cost(15, 25, 54).
cost(15, 26, 34).
cost(16, 1, 82).
cost(16, 2, 88).
cost(16, 3, 40).
cost(16, 4, 74).
cost(16, 5, 40).
cost(16, 6, 41).
cost(16, 7, 87).
cost(16, 8, 57).
cost(16, 9, 47).
cost(16, 10, 42).
cost(16, 11, 39).
cost(16, 12, 82).
cost(16, 13, 80).
cost(16, 14, 23).
cost(16, 15, 68).
cost(16, 17, 26).
cost(16, 18, 64).
cost(16, 19, 77).
cost(16, 20, 42).
cost(16, 21, 53).
cost(16, 22, 81).
cost(16, 23, 29).
cost(16, 24, 78).
cost(16, 25, 43).
cost(16, 26, 63).
cost(17, 1, 60).
cost(17, 2, 64).
cost(17, 3, 38).
cost(17, 4, 48).
cost(17, 5, 41).
cost(17, 6, 39).
cost(17, 7, 62).
cost(17, 8, 50).
cost(17, 9, 22).
cost(17, 10, 16).
cost(17, 11, 23).
cost(17, 12, 58).
cost(17, 13, 57).
cost(17, 14, 27).
cost(17, 15, 44).
cost(17, 16, 26).
cost(17, 18, 47).
cost(17, 19, 51).
cost(17, 20, 31).
cost(17, 21, 27).
cost(17, 22, 56).
cost(17, 23, 6).
cost(17, 24, 55).
cost(17, 25, 41).
cost(17, 26, 48).
cost(18, 1, 81).
cost(18, 2, 77).
cost(18, 3, 32).
cost(18, 4, 56).
cost(18, 5, 88).
cost(18, 6, 85).
cost(18, 7, 47).
cost(18, 8, 23).
cost(18, 9, 39).
cost(18, 10, 43).
cost(18, 11, 65).
cost(18, 12, 73).
cost(18, 13, 28).
cost(18, 14, 74).
cost(18, 15, 28).
cost(18, 16, 64).
cost(18, 17, 47).
cost(18, 19, 41).
cost(18, 20, 74).
cost(18, 21, 48).
cost(18, 22, 37).
cost(18, 23, 50).
cost(18, 24, 26).
cost(18, 25, 33).
cost(18, 26, 6).
cost(19, 1, 47).
cost(19, 2, 39).
cost(19, 3, 65).
cost(19, 4, 20).
cost(19, 5, 82).
cost(19, 6, 77).
cost(19, 7, 10).
cost(19, 8, 62).
cost(19, 9, 30).
cost(19, 10, 36).
cost(19, 11, 55).
cost(19, 12, 38).
cost(19, 13, 19).
cost(19, 14, 75).
cost(19, 15, 13).
cost(19, 16, 77).
cost(19, 17, 51).
cost(19, 18, 41).
cost(19, 20, 63).
cost(19, 21, 29).
cost(19, 22, 9).
cost(19, 23, 49).
cost(19, 24, 19).
cost(19, 25, 67).
cost(19, 26, 47).
cost(20, 1, 45).
cost(20, 2, 54).
cost(20, 3, 69).
cost(20, 4, 50).
cost(20, 5, 20).
cost(20, 6, 14).
cost(20, 7, 72).
cost(20, 8, 81).
cost(20, 9, 37).
cost(20, 10, 32).
cost(20, 11, 9).
cost(20, 12, 48).
cost(20, 13, 75).
cost(20, 14, 23).
cost(20, 15, 61).
cost(20, 16, 42).
cost(20, 17, 31).
cost(20, 18, 74).
cost(20, 19, 63).
cost(20, 21, 33).
cost(20, 22, 70).
cost(20, 23, 26).
cost(20, 24, 74).
cost(20, 25, 72).
cost(20, 26, 77).
cost(21, 1, 36).
cost(21, 2, 37).
cost(21, 3, 57).
cost(21, 4, 21).
cost(21, 5, 52).
cost(21, 6, 47).
cost(21, 7, 39).
cost(21, 8, 62).
cost(21, 9, 10).
cost(21, 10, 12).
cost(21, 11, 25).
cost(21, 12, 32).
cost(21, 13, 42).
cost(21, 14, 47).
cost(21, 15, 29).
cost(21, 16, 53).
cost(21, 17, 27).
cost(21, 18, 48).
cost(21, 19, 29).
cost(21, 20, 33).
cost(21, 22, 37).
cost(21, 23, 23).
cost(21, 24, 41).
cost(21, 25, 59).
cost(21, 26, 52).
cost(22, 1, 56).
cost(22, 2, 47).
cost(22, 3, 65).
cost(22, 4, 29).
cost(22, 5, 89).
cost(22, 6, 84).
cost(22, 7, 10).
cost(22, 8, 60).
cost(22, 9, 36).
cost(22, 10, 42).
cost(22, 11, 62).
cost(22, 12, 46).
cost(22, 13, 11).
cost(22, 14, 81).
cost(22, 15, 13).
cost(22, 16, 81).
cost(22, 17, 56).
cost(22, 18, 37).
cost(22, 19, 9).
cost(22, 20, 70).
cost(22, 21, 37).
cost(22, 23, 55).
cost(22, 24, 12).
cost(22, 25, 66).
cost(22, 26, 43).
cost(23, 1, 55).
cost(23, 2, 59).
cost(23, 3, 43).
cost(23, 4, 45).
cost(23, 5, 38).
cost(23, 6, 35).
cost(23, 7, 60).
cost(23, 8, 55).
cost(23, 9, 19).
cost(23, 10, 13).
cost(23, 11, 18).
cost(23, 12, 53).
cost(23, 13, 57).
cost(23, 14, 27).
cost(23, 15, 43).
cost(23, 16, 29).
cost(23, 17, 6).
cost(23, 18, 50).
cost(23, 19, 49).
cost(23, 20, 26).
cost(23, 21, 23).
cost(23, 22, 55).
cost(23, 24, 55).
cost(23, 25, 47).
cost(23, 26, 51).
cost(24, 1, 65).
cost(24, 2, 58).
cost(24, 3, 56).
cost(24, 4, 38).
cost(24, 5, 91).
cost(24, 6, 87).
cost(24, 7, 21).
cost(24, 8, 50).
cost(24, 9, 37).
cost(24, 10, 43).
cost(24, 11, 65).
cost(24, 12, 56).
cost(24, 13, 2).
cost(24, 14, 81).
cost(24, 15, 12).
cost(24, 16, 78).
cost(24, 17, 55).
cost(24, 18, 26).
cost(24, 19, 19).
cost(24, 20, 74).
cost(24, 21, 41).
cost(24, 22, 12).
cost(24, 23, 55).
cost(24, 25, 57).
cost(24, 26, 32).
cost(25, 1, 96).
cost(25, 2, 95).
cost(25, 3, 3).
cost(25, 4, 76).
cost(25, 5, 79).
cost(25, 6, 78).
cost(25, 7, 75).
cost(25, 8, 15).
cost(25, 9, 50).
cost(25, 10, 49).
cost(25, 11, 65).
cost(25, 12, 91).
cost(25, 13, 59).
cost(25, 14, 62).
cost(25, 15, 54).
cost(25, 16, 43).
cost(25, 17, 41).
cost(25, 18, 33).
cost(25, 19, 67).
cost(25, 20, 72).
cost(25, 21, 59).
cost(25, 22, 66).
cost(25, 23, 47).
cost(25, 24, 57).
cost(25, 26, 28).
cost(26, 1, 86).
cost(26, 2, 82).
cost(26, 3, 28).
cost(26, 4, 61).
cost(26, 5, 90).
cost(26, 6, 87).
cost(26, 7, 53).
cost(26, 8, 18).
cost(26, 9, 43).
cost(26, 10, 46).
cost(26, 11, 68).
cost(26, 12, 79).
cost(26, 13, 34).
cost(26, 14, 75).
cost(26, 15, 34).
cost(26, 16, 63).
cost(26, 17, 48).
cost(26, 18, 6).
cost(26, 19, 47).
cost(26, 20, 77).
cost(26, 21, 52).
cost(26, 22, 43).
cost(26, 23, 51).
cost(26, 24, 32).
cost(26, 25, 28).
