dimension(26).
point(1, 30.7412177792, 67.5082187205).
point(2, 18.9743988982, 89.1395463206).
point(3, 36.3935810482, 18.5977450564).
point(4, 47.5029474148, 75.4166046536).
point(5, 77.9181555136, 53.898663583).
point(6, 44.3707131358, 33.4713654019).
point(7, 96.3629818805, 23.8764267755).
point(8, 98.7051849309, 24.7067626776).
point(9, 89.2606437513, 21.0496661355).
point(10, 90.3719659347, 61.702135566).
point(11, 90.733031863, 18.5023190303).
point(12, 48.1435449503, 90.6253640733).
point(13, 32.2223684837, 89.7949596215).
point(14, 33.792294267, 23.346393221).
point(15, 77.2196656407, 62.4599194686).
point(16, 7.0945051489, 30.4883107692).
point(17, 52.1415694843, 31.8908288317).
point(18, 56.2073180705, 54.950602463).
point(19, 85.8855193282, 62.0826795578).
point(20, 41.7386428165, 77.8641197285).
point(21, 73.0121619894, 9.5240881294).
point(22, 16.1271562965, 48.1503338051).
point(23, 7.8419270124, 46.3557484148).
point(24, 75.0869498855, 62.4758743416).
point(25, 19.8636134219, 56.9405071595).
point(26, 50.9179084178, 82.5058904242).
cost(1, 2, 25).
cost(1, 3, 49).
cost(1, 4, 19).
cost(1, 5, 49).
cost(1, 6, 37).
cost(1, 7, 79).
cost(1, 8, 80).
cost(1, 9, 75).
cost(1, 10, 60).
cost(1, 11, 77).
cost(1, 12, 29).
cost(1, 13, 22).
cost(1, 14, 44).
cost(1, 15, 47).
cost(1, 16, 44).
cost(1, 17, 42).
cost(1, 18, 28).
cost(1, 19, 55).
cost(1, 20, 15).
cost(1, 21, 72).
cost(1, 22, 24).
cost(1, 23, 31).
cost(1, 24, 45).
cost(1, 25, 15).
cost(1, 26, 25).
cost(2, 1, 25).
cost(2, 3, 73).
cost(2, 4, 32).
cost(2, 5, 69).
cost(2, 6, 61).
cost(2, 7, 101).
cost(2, 8, 103).
cost(2, 9, 98).
cost(2, 10, 76).
cost(2, 11, 101).
cost(2, 12, 29).
cost(2, 13, 13).
cost(2, 14, 67).
cost(2, 15, 64).
cost(2, 16, 60).
cost(2, 17, 66).
cost(2, 18, 51).
cost(2, 19, 72).
cost(2, 20, 25).
cost(2, 21, 96).
cost(2, 22, 41).
cost(2, 23, 44).
cost(2, 24, 62).
cost(2, 25, 32).
cost(2, 26, 33).
cost(3, 1, 49).
cost(3, 2, 73).
cost(3, 4, 58).
cost(3, 5, 55).
cost(3, 6, 17).
cost(3, 7, 60).
cost(3, 8, 63).
cost(3, 9, 53).
cost(3, 10, 69).
cost(3, 11, 54).
cost(3, 12, 73).
cost(3, 13, 71).
cost(3, 14, 5).
cost(3, 15, 60).
cost(3, 16, 32).
cost(3, 17, 21).
cost(3, 18, 41).
cost(3, 19, 66).
cost(3, 20, 60).
cost(3, 21, 38).
cost(3, 22, 36).
cost(3, 23, 40).
cost(3, 24, 59).
cost(3, 25, 42).
cost(3, 26, 66).
cost(4, 1, 19).
cost(4, 2, 32).
cost(4, 3, 58).
cost(4, 5, 37).
cost(4, 6, 42).
cost(4, 7, 71).
cost(4, 8, 72).
cost(4, 9, 69).
cost(4, 10, 45).
cost(4, 11, 71).
cost(4, 12, 15).
cost(4, 13, 21).
cost(4, 14, 54).
cost(4, 15, 32).
cost(4, 16, 60).
cost(4, 17, 44).
cost(4, 18, 22).
cost(4, 19, 41).
cost(4, 20, 6).
cost(4, 21, 71).
cost(4, 22, 42).
cost(4, 23, 49).
cost(4, 24, 30).
cost(4, 25, 33).
cost(4, 26, 8).
cost(5, 1, 49).
cost(5, 2, 69).
cost(5, 3, 55).
cost(5, 4, 37).
cost(5, 6, 39).
cost(5, 7, 35).
cost(5, 8, 36).
cost(5, 9, 35).
cost(5, 10, 15).
cost(5, 11, 38).
cost(5, 12, 47).
cost(5, 13, 58).
cost(5, 14, 54).
cost(5, 15, 9).
cost(5, 16, 75).
cost(5, 17, 34).
cost(5, 18, 22).
cost(5, 19, 11).
cost(5, 20, 43).
cost(5, 21, 45).
cost(5, 22, 62).
cost(5, 23, 70).
cost(5, 24, 9).
cost(5, 25, 58).
cost(5, 26, 39).
cost(6, 1, 37).
cost(6, 2, 61).
cost(6, 3, 17).
cost(6, 4, 42).
cost(6, 5, 39).
cost(6, 7, 53).
cost(6, 8, 55).
cost(6, 9, 47).
cost(6, 10, 54).
cost(6, 11, 49).
cost(6, 12, 57).
cost(6, 13, 58).
cost(6, 14, 15).
cost(6, 15, 44).
cost(6, 16, 37).
cost(6, 17, 8).
cost(6, 18, 25).
cost(6, 19, 50).
cost(6, 20, 44).
cost(6, 21, 37).
cost(6, 22, 32).
cost(6, 23, 39).
cost(6, 24, 42).
cost(6, 25, 34).
cost(6, 26, 49).
cost(7, 1, 79).
cost(7, 2, 101).
cost(7, 3, 60).
cost(7, 4, 71).
cost(7, 5, 35).
cost(7, 6, 53).
cost(7, 8, 2).
cost(7, 9, 8).
cost(7, 10, 38).
cost(7, 11, 8).
cost(7, 12, 82).
cost(7, 13, 92).
cost(7, 14, 63).
cost(7, 15, 43).
cost(7, 16, 90).
cost(7, 17, 45).
cost(7, 18, 51).
cost(7, 19, 40).
cost(7, 20, 77).
cost(7, 21, 27).
cost(7, 22, 84).
cost(7, 23, 91).
cost(7, 24, 44).
cost(7, 25, 83).
cost(7, 26, 74).
cost(8, 1, 80).
cost(8, 2, 103).
cost(8, 3, 63).
cost(8, 4, 72).
cost(8, 5, 36).
cost(8, 6, 55).
cost(8, 7, 2).
cost(8, 9, 10).
cost(8, 10, 38).
cost(8, 11, 10).
cost(8, 12, 83).
cost(8, 13, 93).
cost(8, 14, 65).
cost(8, 15, 43).
cost(8, 16, 92).
cost(8, 17, 47).
cost(8, 18, 52).
cost(8, 19, 40).
cost(8, 20, 78).
cost(8, 21, 30).
cost(8, 22, 86).
cost(8, 23, 93).
cost(8, 24, 45).
cost(8, 25, 85).
cost(8, 26, 75).
cost(9, 1, 75).
cost(9, 2, 98).
cost(9, 3, 53).
cost(9, 4, 69).
cost(9, 5, 35).
cost(9, 6, 47).
cost(9, 7, 8).
cost(9, 8, 10).
cost(9, 10, 41).
cost(9, 11, 3).
cost(9, 12, 81).
cost(9, 13, 89).
cost(9, 14, 56).
cost(9, 15, 43).
cost(9, 16, 83).
cost(9, 17, 39).
cost(9, 18, 47).
cost(9, 19, 41).
cost(9, 20, 74).
cost(9, 21, 20).
cost(9, 22, 78).
cost(9, 23, 85).
cost(9, 24, 44).
cost(9, 25, 78).
cost(9, 26, 72).
cost(10, 1, 60).
cost(10, 2, 76).
cost(10, 3, 69).
cost(10, 4, 45).
cost(10, 5, 15).
cost(10, 6, 54).
cost(10, 7, 38).
cost(10, 8, 38).
cost(10, 9, 41).
cost(10, 11, 43).
cost(10, 12, 51).
cost(10, 13, 65).
cost(10, 14, 68).
cost(10, 15, 13).
cost(10, 16, 89).
cost(10, 17, 48).
cost(10, 18, 35).
cost(10, 19, 5).
cost(10, 20, 51).
cost(10, 21, 55).
cost(10, 22, 75).
cost(10, 23, 84).
cost(10, 24, 15).
cost(10, 25, 71).
cost(10, 26, 45).
cost(11, 1, 77).
cost(11, 2, 101).
cost(11, 3, 54).
cost(11, 4, 71).
cost(11, 5, 38).
cost(11, 6, 49).
cost(11, 7, 8).
cost(11, 8, 10).
cost(11, 9, 3).
cost(11, 10, 43).
cost(11, 12, 84).
cost(11, 13, 92).
cost(11, 14, 57).
cost(11, 15, 46).
cost(11, 16, 84).
cost(11, 17, 41).
cost(11, 18, 50).
cost(11, 19, 44).
cost(11, 20, 77).
cost(11, 21, 20).
cost(11, 22, 80).
cost(11, 23, 87).
cost(11, 24, 47).
cost(11, 25, 81).
cost(11, 26, 75).
cost(12, 1, 29).
cost(12, 2, 29).
cost(12, 3, 73).
cost(12, 4, 15).
cost(12, 5, 47).
cost(12, 6, 57).
cost(12, 7, 82).
cost(12, 8, 83).
cost(12, 9, 81).
cost(12, 10, 51).
cost(12, 11, 84).
cost(12, 13, 16).
cost(12, 14, 69).
cost(12, 15, 40).
cost(12, 16, 73).
cost(12, 17, 59).
cost(12, 18, 37).
cost(12, 19, 47).
cost(12, 20, 14).
cost(12, 21, 85).
cost(12, 22, 53).
cost(12, 23, 60).
cost(12, 24, 39).
cost(12, 25, 44).
cost(12, 26, 9).
cost(13, 1, 22).
cost(13, 2, 13).
cost(13, 3, 71).
cost(13, 4, 21).
cost(13, 5, 58).
cost(13, 6, 58).
cost(13, 7, 92).
cost(13, 8, 93).
cost(13, 9, 89).
cost(13, 10, 65).
cost(13, 11, 92).
cost(13, 12, 16).
cost(13, 14, 66).
cost(13, 15, 53).
cost(13, 16, 64).
cost(13, 17, 61).
cost(13, 18, 42).
cost(13, 19, 60).
cost(13, 20, 15).
cost(13, 21, 90).
cost(13, 22, 45).
cost(13, 23, 50).
cost(13, 24, 51).
cost(13, 25, 35).
cost(13, 26, 20).
cost(14, 1, 44).
cost(14, 2, 67).
cost(14, 3, 5).
cost(14, 4, 54).
cost(14, 5, 54).
cost(14, 6, 15).
cost(14, 7, 63).
cost(14, 8, 65).
cost(14, 9, 56).
cost(14, 10, 68).
cost(14, 11, 57).
cost(14, 12, 69).
cost(14, 13, 66).
cost(14, 15, 58).
cost(14, 16, 28).
cost(14, 17, 20).
cost(14, 18, 39).
cost(14, 19, 65).
cost(14, 20, 55).
cost(14, 21, 42).
cost(14, 22, 30).
cost(14, 23, 35).
cost(14, 24, 57).
cost(14, 25, 36).
cost(14, 26, 62).
cost(15, 1, 47).
cost(15, 2, 64).
cost(15, 3, 60).
cost(15, 4, 32).
cost(15, 5, 9).
cost(15, 6, 44).
cost(15, 7, 43).
cost(15, 8, 43).
cost(15, 9, 43).
cost(15, 10, 13).
cost(15, 11, 46).
cost(15, 12, 40).
cost(15, 13, 53).
cost(15, 14, 58).
cost(15, 16, 77).
cost(15, 17, 40).
cost(15, 18, 22).
cost(15, 19, 9).
cost(15, 20, 39).
cost(15, 21, 53).
cost(15, 22, 63).
cost(15, 23, 71).
cost(15, 24, 2).
cost(15, 25, 58).
cost(15, 26, 33).
cost(16, 1, 44).
cost(16, 2, 60).
cost(16, 3, 32).
cost(16, 4, 60).
cost(16, 5, 75).
cost(16, 6, 37).
cost(16, 7, 90).
cost(16, 8, 92).
cost(16, 9, 83).
cost(16, 10, 89).
cost(16, 11, 84).
cost(16, 12, 73).
cost(16, 13, 64).
cost(16, 14, 28).
cost(16, 15, 77).
cost(16, 17, 45).
cost(16, 18, 55).
cost(16, 19, 85).
cost(16, 20, 59).
cost(16, 21, 69).
cost(16, 22, 20).
cost(16, 23, 16).
cost(16, 24, 75).
cost(16, 25, 29).
cost(16, 26, 68).
cost(17, 1, 42).
cost(17, 2, 66).
cost(17, 3, 21).
cost(17, 4, 44).
cost(17, 5, 34).
cost(17, 6, 8).
cost(17, 7, 45).
cost(17, 8, 47).
cost(17, 9, 39).
cost(17, 10, 48).
cost(17, 11, 41).
cost(17, 12, 59).
cost(17, 13, 61).
cost(17, 14, 20).
cost(17, 15, 40).
cost(17, 16, 45).
cost(17, 18, 23).
cost(17, 19, 45).
cost(17, 20, 47).
cost(17, 21, 31).
cost(17, 22, 40).
cost(17, 23, 47).
cost(17, 24, 38).
cost(17, 25, 41).
cost(17, 26, 51).
cost(18, 1, 28).
cost(18, 2, 51).
cost(18, 3, 41).
cost(18, 4, 22).
cost(18, 5, 22).
cost(18, 6, 25).
cost(18, 7, 51).
cost(18, 8, 52).
cost(18, 9, 47).
cost(18, 10, 35).
cost(18, 11, 50).
cost(18, 12, 37).
cost(18, 13, 42).
cost(18, 14, 39).
cost(18, 15, 22).
cost(18, 16, 55).
cost(18, 17, 23).
cost(18, 19, 31).
cost(18, 20, 27).
cost(18, 21, 48).
cost(18, 22, 41).
cost(18, 23, 49).
cost(18, 24, 20).
cost(18, 25, 36).
cost(18, 26, 28).
cost(19, 1, 55).
cost(19, 2, 72).
cost(19, 3, 66).
cost(19, 4, 41).
cost(19, 5, 11).
cost(19, 6, 50).
cost(19, 7, 40).
cost(19, 8, 40).
cost(19, 9, 41).
cost(19, 10, 5).
cost(19, 11, 44).
cost(19, 12, 47).
cost(19, 13, 60).
cost(19, 14, 65).
cost(19, 15, 9).
cost(19, 16, 85).
cost(19, 17, 45).
cost(19, 18, 31).
cost(19, 20, 47).
cost(19, 21, 54).
cost(19, 22, 71).
cost(19, 23, 80).
cost(19, 24, 11).
cost(19, 25, 66).
cost(19, 26, 40).
cost(20, 1, 15).
cost(20, 2, 25).
cost(20, 3, 60).
cost(20, 4, 6).
cost(20, 5, 43).
cost(20, 6, 44).
cost(20, 7, 77).
cost(20, 8, 78).
cost(20, 9, 74).
cost(20, 10, 51).
cost(20, 11, 77).
cost(20, 12, 14).
cost(20, 13, 15).
cost(20, 14, 55).
cost(20, 15, 39).
cost(20, 16, 59).
cost(20, 17, 47).
cost(20, 18, 27).
cost(20, 19, 47).
cost(20, 21, 75).
cost(20, 22, 39).
cost(20, 23, 46).
cost(20, 24, 37).
cost(20, 25, 30).
cost(20, 26, 10).
cost(21, 1, 72).
cost(21, 2, 96).
cost(21, 3, 38).
cost(21, 4, 71).
cost(21, 5, 45).
cost(21, 6, 37).
cost(21, 7, 27).
cost(21, 8, 30).
cost(21, 9, 20).
cost(21, 10, 55).
cost(21, 11, 20).
cost(21, 12, 85).
cost(21, 13, 90).
cost(21, 14, 42).
cost(21, 15, 53).
cost(21, 16, 69).
cost(21, 17, 31).
cost(21, 18, 48).
cost(21, 19, 54).
cost(21, 20, 75).
cost(21, 22, 69).
cost(21, 23, 75).
cost(21, 24, 53).
cost(21, 25, 71).
cost(21, 26, 76).
cost(22, 1, 24).
cost(22, 2, 41).
cost(22, 3, 36).
cost(22, 4, 42).
cost(22, 5, 62).
cost(22, 6, 32).
cost(22, 7, 84).
cost(22, 8, 86).
cost(22, 9, 78).
cost(22, 10, 75).
cost(22, 11, 80).
cost(22, 12, 53).
cost(22, 13, 45).
cost(22, 14, 30).
cost(22, 15, 63).
cost(22, 16, 20).
cost(22, 17, 40).
cost(22, 18, 41).
cost(22, 19, 71).
cost(22, 20, 39).
cost(22, 21, 69).
cost(22, 23, 8).
cost(22, 24, 61).
cost(22, 25, 10).
cost(22, 26, 49).
cost(23, 1, 31).
cost(23, 2, 44).
cost(23, 3, 40).
cost(23, 4, 49).
cost(23, 5, 70).
cost(23, 6, 39).
cost(23, 7, 91).
cost(23, 8, 93).
cost(23, 9, 85).
cost(23, 10, 84).
cost(23, 11, 87).
cost(23, 12, 60).
cost(23, 13, 50).
cost(23, 14, 35).
cost(23, 15, 71).
cost(23, 16, 16).
cost(23, 17, 47).
cost(23, 18, 49).
cost(23, 19, 80).
cost(23, 20, 46).
cost(23, 21, 75).
cost(23, 22, 8).
cost(23, 24, 69).
cost(23, 25, 16).
cost(23, 26, 56).
cost(24, 1, 45).
cost(24, 2, 62).
cost(24, 3, 59).
cost(24, 4, 30).
cost(24, 5, 9).
cost(24, 6, 42).
cost(24, 7, 44).
cost(24, 8, 45).
cost(24, 9, 44).
cost(24, 10, 15).
cost(24, 11, 47).
cost(24, 12, 39).
cost(24, 13, 51).
cost(24, 14, 57).
cost(24, 15, 2).
cost(24, 16, 75).
cost(24, 17, 38).
cost(24, 18, 20).
cost(24, 19, 11).
cost(24, 20, 37).
cost(24, 21, 53).
cost(24, 22, 61).
cost(24, 23, 69).
cost(24, 25, 56).
cost(24, 26, 31).
cost(25, 1, 15).
cost(25, 2, 32).
cost(25, 3, 42).
cost(25, 4, 33).
cost(25, 5, 58).
cost(25, 6, 34).
cost(25, 7, 83).
cost(25, 8, 85).
cost(25, 9, 78).
cost(25, 10, 71).
cost(25, 11, 81).
cost(25, 12, 44).
cost(25, 13, 35).
cost(25, 14, 36).
cost(25, 15, 58).
cost(25, 16, 29).
cost(25, 17, 41).
cost(25, 18, 36).
cost(25, 19, 66).
cost(25, 20, 30).
cost(25, 21, 71).
cost(25, 22, 10).
cost(25, 23, 16).
cost(25, 24, 56).
cost(25, 26, 40).
cost(26, 1, 25).
cost(26, 2, 33).
cost(26, 3, 66).
cost(26, 4, 8).
cost(26, 5, 39).
cost(26, 6, 49).
cost(26, 7, 74).
cost(26, 8, 75).
cost(26, 9, 72).
cost(26, 10, 45).
cost(26, 11, 75).
cost(26, 12, 9).
cost(26, 13, 20).
cost(26, 14, 62).
cost(26, 15, 33).
cost(26, 16, 68).
cost(26, 17, 51).
cost(26, 18, 28).
cost(26, 19, 40).
cost(26, 20, 10).
cost(26, 21, 76).
cost(26, 22, 49).
cost(26, 23, 56).
cost(26, 24, 31).
cost(26, 25, 40).
