dimension(26).
point(1, 9.5819707101, 38.1959685447).
point(2, 47.0379897361, 44.8255119905).
point(3, 47.6099430195, 85.078686677).
point(4, 4.1489074564, 42.947383369).
point(5, 36.2647640898, 41.0170832783).
point(6, 11.6808288277, 47.8258853921).
point(7, 19.5516826567, 29.1096926244).
point(8, 41.534100364, 89.2688435163).
point(9, 91.807335492, 83.9949912791).
point(10, 80.7360729906, 77.490589645).
point(11, 33.2857904228, 72.7755333412).
point(12, 41.9291735982, 62.8141116945).
point(13, 76.6688208088, 24.7002308763).
point(14, 86.0807787756, 20.2503022319).
point(15, 24.4945846253, 93.6769441162).
point(16, 84.4683837064, 30.6348961987).
point(17, 20.3639446529, 20.1975519988).
point(18, 54.1905500535, 49.0634090837).
point(19, 40.1216589013, 49.5742925969).
point(20, 90.7337259163, 70.2822697919).
point(21, 83.02092193, 82.1708684646).
point(22, 90.1500865751, 16.8295007382).
point(23, 79.3496451709, 14.9388497631).
point(24, 80.901533313, 12.1345722659).
point(25, 80.7870999422, 71.2479530675).
point(26, 37.3564601115, 79.1402468128).
cost(1, 2, 38).
cost(1, 3, 60).
cost(1, 4, 7).
cost(1, 5, 27).
cost(1, 6, 10).
cost(1, 7, 13).
cost(1, 8, 60).
cost(1, 9, 94).
cost(1, 10, 81).
cost(1, 11, 42).
cost(1, 12, 41).
cost(1, 13, 68).
cost(1, 14, 79).
cost(1, 15, 57).
cost(1, 16, 75).
cost(1, 17, 21).
cost(1, 18, 46).
cost(1, 19, 33).
cost(1, 20, 87).
cost(1, 21, 86).
cost(1, 22, 83).
cost(1, 23, 74).
cost(1, 24, 76).
cost(1, 25, 79).
cost(1, 26, 49).
cost(2, 1, 38).
cost(2, 3, 40).
cost(2, 4, 43).
cost(2, 5, 11).
cost(2, 6, 35).
cost(2, 7, 32).
cost(2, 8, 45).
cost(2, 9, 59).
cost(2, 10, 47).
cost(2, 11, 31).
cost(2, 12, 19).
cost(2, 13, 36).
cost(2, 14, 46).
cost(2, 15, 54).
cost(2, 16, 40).
cost(2, 17, 36).
cost(2, 18, 8).
cost(2, 19, 8).
cost(2, 20, 51).
cost(2, 21, 52).
cost(2, 22, 51).
cost(2, 23, 44).
cost(2, 24, 47).
cost(2, 25, 43).
cost(2, 26, 36).
cost(3, 1, 60).
cost(3, 2, 40).
cost(3, 4, 61).
cost(3, 5, 45).
cost(3, 6, 52).
cost(3, 7, 63).
cost(3, 8, 7).
cost(3, 9, 44).
cost(3, 10, 34).
cost(3, 11, 19).
cost(3, 12, 23).
cost(3, 13, 67).
cost(3, 14, 75).
cost(3, 15, 25).
cost(3, 16, 66).
cost(3, 17, 70).
cost(3, 18, 37).
cost(3, 19, 36).
cost(3, 20, 46).
cost(3, 21, 36).
cost(3, 22, 80).
cost(3, 23, 77).
cost(3, 24, 80).
cost(3, 25, 36).
cost(3, 26, 12).
cost(4, 1, 7).
cost(4, 2, 43).
cost(4, 3, 61).
cost(4, 5, 32).
cost(4, 6, 9).
cost(4, 7, 21).
cost(4, 8, 60).
cost(4, 9, 97).
cost(4, 10, 84).
cost(4, 11, 42).
cost(4, 12, 43).
cost(4, 13, 75).
cost(4, 14, 85).
cost(4, 15, 55).
cost(4, 16, 81).
cost(4, 17, 28).
cost(4, 18, 50).
cost(4, 19, 37).
cost(4, 20, 91).
cost(4, 21, 88).
cost(4, 22, 90).
cost(4, 23, 80).
cost(4, 24, 83).
cost(4, 25, 82).
cost(4, 26, 49).
cost(5, 1, 27).
cost(5, 2, 11).
cost(5, 3, 45).
cost(5, 4, 32).
cost(5, 6, 26).
cost(5, 7, 21).
cost(5, 8, 49).
cost(5, 9, 70).
cost(5, 10, 58).
cost(5, 11, 32).
cost(5, 12, 23).
cost(5, 13, 44).
cost(5, 14, 54).
cost(5, 15, 54).
cost(5, 16, 49).
cost(5, 17, 26).
cost(5, 18, 20).
cost(5, 19, 9).
cost(5, 20, 62).
cost(5, 21, 62).
cost(5, 22, 59).
cost(5, 23, 50).
cost(5, 24, 53).
cost(5, 25, 54).
cost(5, 26, 38).
cost(6, 1, 10).
cost(6, 2, 35).
cost(6, 3, 52).
cost(6, 4, 9).
cost(6, 5, 26).
cost(6, 7, 20).
cost(6, 8, 51).
cost(6, 9, 88).
cost(6, 10, 75).
cost(6, 11, 33).
cost(6, 12, 34).
cost(6, 13, 69).
cost(6, 14, 79).
cost(6, 15, 48).
cost(6, 16, 75).
cost(6, 17, 29).
cost(6, 18, 43).
cost(6, 19, 28).
cost(6, 20, 82).
cost(6, 21, 79).
cost(6, 22, 84).
cost(6, 23, 75).
cost(6, 24, 78).
cost(6, 25, 73).
cost(6, 26, 40).
cost(7, 1, 13).
cost(7, 2, 32).
cost(7, 3, 63).
cost(7, 4, 21).
cost(7, 5, 21).
cost(7, 6, 20).
cost(7, 8, 64).
cost(7, 9, 91).
cost(7, 10, 78).
cost(7, 11, 46).
cost(7, 12, 40).
cost(7, 13, 57).
cost(7, 14, 67).
cost(7, 15, 65).
cost(7, 16, 65).
cost(7, 17, 9).
cost(7, 18, 40).
cost(7, 19, 29).
cost(7, 20, 82).
cost(7, 21, 83).
cost(7, 22, 72).
cost(7, 23, 61).
cost(7, 24, 64).
cost(7, 25, 74).
cost(7, 26, 53).
cost(8, 1, 60).
cost(8, 2, 45).
cost(8, 3, 7).
cost(8, 4, 60).
cost(8, 5, 49).
cost(8, 6, 51).
cost(8, 7, 64).
cost(8, 9, 51).
cost(8, 10, 41).
cost(8, 11, 18).
cost(8, 12, 26).
cost(8, 13, 74).
cost(8, 14, 82).
cost(8, 15, 18).
cost(8, 16, 73).
cost(8, 17, 72).
cost(8, 18, 42).
cost(8, 19, 40).
cost(8, 20, 53).
cost(8, 21, 42).
cost(8, 22, 87).
cost(8, 23, 83).
cost(8, 24, 87).
cost(8, 25, 43).
cost(8, 26, 11).
cost(9, 1, 94).
cost(9, 2, 59).
cost(9, 3, 44).
cost(9, 4, 97).
cost(9, 5, 70).
cost(9, 6, 88).
cost(9, 7, 91).
cost(9, 8, 51).
cost(9, 10, 13).
cost(9, 11, 60).
cost(9, 12, 54).
cost(9, 13, 61).
cost(9, 14, 64).
cost(9, 15, 68).
cost(9, 16, 54).
cost(9, 17, 96).
cost(9, 18, 51).
cost(9, 19, 62).
cost(9, 20, 14).
cost(9, 21, 9).
cost(9, 22, 67).
cost(9, 23, 70).
cost(9, 24, 73).
cost(9, 25, 17).
cost(9, 26, 55).
cost(10, 1, 81).
cost(10, 2, 47).
cost(10, 3, 34).
cost(10, 4, 84).
cost(10, 5, 58).
cost(10, 6, 75).
cost(10, 7, 78).
cost(10, 8, 41).
cost(10, 9, 13).
cost(10, 11, 48).
cost(10, 12, 41).
cost(10, 13, 53).
cost(10, 14, 57).
cost(10, 15, 59).
cost(10, 16, 47).
cost(10, 17, 83).
cost(10, 18, 39).
cost(10, 19, 49).
cost(10, 20, 12).
cost(10, 21, 5).
cost(10, 22, 61).
cost(10, 23, 63).
cost(10, 24, 65).
cost(10, 25, 6).
cost(10, 26, 43).
cost(11, 1, 42).
cost(11, 2, 31).
cost(11, 3, 19).
cost(11, 4, 42).
cost(11, 5, 32).
cost(11, 6, 33).
cost(11, 7, 46).
cost(11, 8, 18).
cost(11, 9, 60).
cost(11, 10, 48).
cost(11, 12, 13).
cost(11, 13, 65).
cost(11, 14, 74).
cost(11, 15, 23).
cost(11, 16, 66).
cost(11, 17, 54).
cost(11, 18, 32).
cost(11, 19, 24).
cost(11, 20, 58).
cost(11, 21, 51).
cost(11, 22, 80).
cost(11, 23, 74).
cost(11, 24, 77).
cost(11, 25, 48).
cost(11, 26, 8).
cost(12, 1, 41).
cost(12, 2, 19).
cost(12, 3, 23).
cost(12, 4, 43).
cost(12, 5, 23).
cost(12, 6, 34).
cost(12, 7, 40).
cost(12, 8, 26).
cost(12, 9, 54).
cost(12, 10, 41).
cost(12, 11, 13).
cost(12, 13, 52).
cost(12, 14, 61).
cost(12, 15, 35).
cost(12, 16, 53).
cost(12, 17, 48).
cost(12, 18, 18).
cost(12, 19, 13).
cost(12, 20, 49).
cost(12, 21, 45).
cost(12, 22, 67).
cost(12, 23, 61).
cost(12, 24, 64).
cost(12, 25, 40).
cost(12, 26, 17).
cost(13, 1, 68).
cost(13, 2, 36).
cost(13, 3, 67).
cost(13, 4, 75).
cost(13, 5, 44).
cost(13, 6, 69).
cost(13, 7, 57).
cost(13, 8, 74).
cost(13, 9, 61).
cost(13, 10, 53).
cost(13, 11, 65).
cost(13, 12, 52).
cost(13, 14, 10).
cost(13, 15, 86).
cost(13, 16, 10).
cost(13, 17, 56).
cost(13, 18, 33).
cost(13, 19, 44).
cost(13, 20, 48).
cost(13, 21, 58).
cost(13, 22, 16).
cost(13, 23, 10).
cost(13, 24, 13).
cost(13, 25, 47).
cost(13, 26, 67).
cost(14, 1, 79).
cost(14, 2, 46).
cost(14, 3, 75).
cost(14, 4, 85).
cost(14, 5, 54).
cost(14, 6, 79).
cost(14, 7, 67).
cost(14, 8, 82).
cost(14, 9, 64).
cost(14, 10, 57).
cost(14, 11, 74).
cost(14, 12, 61).
cost(14, 13, 10).
cost(14, 15, 96).
cost(14, 16, 11).
cost(14, 17, 66).
cost(14, 18, 43).
cost(14, 19, 55).
cost(14, 20, 50).
cost(14, 21, 62).
cost(14, 22, 5).
cost(14, 23, 9).
cost(14, 24, 10).
cost(14, 25, 51).
cost(14, 26, 76).
cost(15, 1, 57).
cost(15, 2, 54).
cost(15, 3, 25).
cost(15, 4, 55).
cost(15, 5, 54).
cost(15, 6, 48).
cost(15, 7, 65).
cost(15, 8, 18).
cost(15, 9, 68).
cost(15, 10, 59).
cost(15, 11, 23).
cost(15, 12, 35).
cost(15, 13, 86).
cost(15, 14, 96).
cost(15, 16, 87).
cost(15, 17, 74).
cost(15, 18, 54).
cost(15, 19, 47).
cost(15, 20, 70).
cost(15, 21, 60).
cost(15, 22, 101).
cost(15, 23, 96).
cost(15, 24, 99).
cost(15, 25, 61).
cost(15, 26, 19).
cost(16, 1, 75).
cost(16, 2, 40).
cost(16, 3, 66).
cost(16, 4, 81).
cost(16, 5, 49).
cost(16, 6, 75).
cost(16, 7, 65).
cost(16, 8, 73).
cost(16, 9, 54).
cost(16, 10, 47).
cost(16, 11, 66).
cost(16, 12, 53).
cost(16, 13, 10).
cost(16, 14, 11).
cost(16, 15, 87).
cost(16, 17, 65).
cost(16, 18, 35).
cost(16, 19, 48).
cost(16, 20, 40).
cost(16, 21, 52).
cost(16, 22, 15).
cost(16, 23, 17).
cost(16, 24, 19).
cost(16, 25, 41).
cost(16, 26, 68).
cost(17, 1, 21).
cost(17, 2, 36).
cost(17, 3, 70).
cost(17, 4, 28).
cost(17, 5, 26).
cost(17, 6, 29).
cost(17, 7, 9).
cost(17, 8, 72).
cost(17, 9, 96).
cost(17, 10, 83).
cost(17, 11, 54).
cost(17, 12, 48).
cost(17, 13, 56).
cost(17, 14, 66).
cost(17, 15, 74).
cost(17, 16, 65).
cost(17, 18, 44).
cost(17, 19, 35).
cost(17, 20, 86).
cost(17, 21, 88).
cost(17, 22, 70).
cost(17, 23, 59).
cost(17, 24, 61).
cost(17, 25, 79).
cost(17, 26, 61).
cost(18, 1, 46).
cost(18, 2, 8).
cost(18, 3, 37).
cost(18, 4, 50).
cost(18, 5, 20).
cost(18, 6, 43).
cost(18, 7, 40).
cost(18, 8, 42).
cost(18, 9, 51).
cost(18, 10, 39).
cost(18, 11, 32).
cost(18, 12, 18).
cost(18, 13, 33).
cost(18, 14, 43).
cost(18, 15, 54).
cost(18, 16, 35).
cost(18, 17, 44).
cost(18, 19, 14).
cost(18, 20, 42).
cost(18, 21, 44).
cost(18, 22, 48).
cost(18, 23, 42).
cost(18, 24, 46).
cost(18, 25, 35).
cost(18, 26, 34).
cost(19, 1, 33).
cost(19, 2, 8).
cost(19, 3, 36).
cost(19, 4, 37).
cost(19, 5, 9).
cost(19, 6, 28).
cost(19, 7, 29).
cost(19, 8, 40).
cost(19, 9, 62).
cost(19, 10, 49).
cost(19, 11, 24).
cost(19, 12, 13).
cost(19, 13, 44).
cost(19, 14, 55).
cost(19, 15, 47).
cost(19, 16, 48).
cost(19, 17, 35).
cost(19, 18, 14).
cost(19, 20, 55).
cost(19, 21, 54).
cost(19, 22, 60).
cost(19, 23, 52).
cost(19, 24, 55).
cost(19, 25, 46).
cost(19, 26, 30).
cost(20, 1, 87).
cost(20, 2, 51).
cost(20, 3, 46).
cost(20, 4, 91).
cost(20, 5, 62).
cost(20, 6, 82).
cost(20, 7, 82).
cost(20, 8, 53).
cost(20, 9, 14).
cost(20, 10, 12).
cost(20, 11, 58).
cost(20, 12, 49).
cost(20, 13, 48).
cost(20, 14, 50).
cost(20, 15, 70).
cost(20, 16, 40).
cost(20, 17, 86).
cost(20, 18, 42).
cost(20, 19, 55).
cost(20, 21, 14).
cost(20, 22, 53).
cost(20, 23, 57).
cost(20, 24, 59).
cost(20, 25, 10).
cost(20, 26, 54).
cost(21, 1, 86).
cost(21, 2, 52).
cost(21, 3, 36).
cost(21, 4, 88).
cost(21, 5, 62).
cost(21, 6, 79).
cost(21, 7, 83).
cost(21, 8, 42).
cost(21, 9, 9).
cost(21, 10, 5).
cost(21, 11, 51).
cost(21, 12, 45).
cost(21, 13, 58).
cost(21, 14, 62).
cost(21, 15, 60).
cost(21, 16, 52).
cost(21, 17, 88).
cost(21, 18, 44).
cost(21, 19, 54).
cost(21, 20, 14).
cost(21, 22, 66).
cost(21, 23, 67).
cost(21, 24, 70).
cost(21, 25, 11).
cost(21, 26, 46).
cost(22, 1, 83).
cost(22, 2, 51).
cost(22, 3, 80).
cost(22, 4, 90).
cost(22, 5, 59).
cost(22, 6, 84).
cost(22, 7, 72).
cost(22, 8, 87).
cost(22, 9, 67).
cost(22, 10, 61).
cost(22, 11, 80).
cost(22, 12, 67).
cost(22, 13, 16).
cost(22, 14, 5).
cost(22, 15, 101).
cost(22, 16, 15).
cost(22, 17, 70).
cost(22, 18, 48).
cost(22, 19, 60).
cost(22, 20, 53).
cost(22, 21, 66).
cost(22, 23, 11).
cost(22, 24, 10).
cost(22, 25, 55).
cost(22, 26, 82).
cost(23, 1, 74).
cost(23, 2, 44).
cost(23, 3, 77).
cost(23, 4, 80).
cost(23, 5, 50).
cost(23, 6, 75).
cost(23, 7, 61).
cost(23, 8, 83).
cost(23, 9, 70).
cost(23, 10, 63).
cost(23, 11, 74).
cost(23, 12, 61).
cost(23, 13, 10).
cost(23, 14, 9).
cost(23, 15, 96).
cost(23, 16, 17).
cost(23, 17, 59).
cost(23, 18, 42).
cost(23, 19, 52).
cost(23, 20, 57).
cost(23, 21, 67).
cost(23, 22, 11).
cost(23, 24, 3).
cost(23, 25, 56).
cost(23, 26, 77).
cost(24, 1, 76).
cost(24, 2, 47).
cost(24, 3, 80).
cost(24, 4, 83).
cost(24, 5, 53).
cost(24, 6, 78).
cost(24, 7, 64).
cost(24, 8, 87).
cost(24, 9, 73).
cost(24, 10, 65).
cost(24, 11, 77).
cost(24, 12, 64).
cost(24, 13, 13).
cost(24, 14, 10).
cost(24, 15, 99).
cost(24, 16, 19).
cost(24, 17, 61).
cost(24, 18, 46).
cost(24, 19, 55).
cost(24, 20, 59).
cost(24, 21, 70).
cost(24, 22, 10).
cost(24, 23, 3).
cost(24, 25, 59).
cost(24, 26, 80).
cost(25, 1, 79).
cost(25, 2, 43).
cost(25, 3, 36).
cost(25, 4, 82).
cost(25, 5, 54).
cost(25, 6, 73).
cost(25, 7, 74).
cost(25, 8, 43).
cost(25, 9, 17).
cost(25, 10, 6).
cost(25, 11, 48).
cost(25, 12, 40).
cost(25, 13, 47).
cost(25, 14, 51).
cost(25, 15, 61).
cost(25, 16, 41).
cost(25, 17, 79).
cost(25, 18, 35).
cost(25, 19, 46).
cost(25, 20, 10).
cost(25, 21, 11).
cost(25, 22, 55).
cost(25, 23, 56).
cost(25, 24, 59).
cost(25, 26, 44).
cost(26, 1, 49).
cost(26, 2, 36).
cost(26, 3, 12).
cost(26, 4, 49).
cost(26, 5, 38).
cost(26, 6, 40).
cost(26, 7, 53).
cost(26, 8, 11).
cost(26, 9, 55).
cost(26, 10, 43).
cost(26, 11, 8).
cost(26, 12, 17).
cost(26, 13, 67).
cost(26, 14, 76).
cost(26, 15, 19).
cost(26, 16, 68).
cost(26, 17, 61).
cost(26, 18, 34).
cost(26, 19, 30).
cost(26, 20, 54).
cost(26, 21, 46).
cost(26, 22, 82).
cost(26, 23, 77).
cost(26, 24, 80).
cost(26, 25, 44).
