dimension(26).
point(1, 37.6675865296, 34.4685099585).
point(2, 44.4687549839, 53.9264668379).
point(3, 68.360252821, 29.3681645752).
point(4, 55.3754224291, 58.720176726).
point(5, 8.6425382768, 30.5862094901).
point(6, 95.7357202458, 83.479909871).
point(7, 56.9920726633, 76.0864174056).
point(8, 87.0766576567, 77.2176870382).
point(9, 61.4679480001, 25.8175231089).
point(10, 34.1405625635, 71.6614388193).
point(11, 58.5582502421, 26.6070868008).
point(12, 20.5789965332, 16.9145836273).
point(13, 48.9304748245, 69.984843697).
point(14, 79.9988510419, 92.5815518979).
point(15, 23.1036585624, 38.1743481196).
point(16, 55.6914677014, 67.1279095367).
point(17, 71.6396856417, 7.1696787055).
point(18, 40.6948511593, 53.5509025855).
point(19, 46.8426108795, 70.347309913).
point(20, 75.4689196028, 15.1704510074).
point(21, 57.045661448, 61.7562832916).
point(22, 88.6601033446, 91.5796945212).
point(23, 38.5614202462, 69.0705543451).
point(24, 7.5826893009, 11.1951288192).
point(25, 44.8314960276, 70.9558758889).
point(26, 98.7479591747, 89.3383111098).
cost(1, 2, 21).
cost(1, 3, 31).
cost(1, 4, 30).
cost(1, 5, 29).
cost(1, 6, 76).
cost(1, 7, 46).
cost(1, 8, 65).
cost(1, 9, 25).
cost(1, 10, 37).
cost(1, 11, 22).
cost(1, 12, 24).
cost(1, 13, 37).
cost(1, 14, 72).
cost(1, 15, 15).
cost(1, 16, 37).
cost(1, 17, 44).
cost(1, 18, 19).
cost(1, 19, 37).
cost(1, 20, 42).
cost(1, 21, 33).
cost(1, 22, 77).
cost(1, 23, 35).
cost(1, 24, 38).
cost(1, 25, 37).
cost(1, 26, 82).
cost(2, 1, 21).
cost(2, 3, 34).
cost(2, 4, 12).
cost(2, 5, 43).
cost(2, 6, 59).
cost(2, 7, 25).
cost(2, 8, 49).
cost(2, 9, 33).
cost(2, 10, 21).
cost(2, 11, 31).
cost(2, 12, 44).
cost(2, 13, 17).
cost(2, 14, 53).
cost(2, 15, 27).
cost(2, 16, 17).
cost(2, 17, 54).
cost(2, 18, 4).
cost(2, 19, 17).
cost(2, 20, 50).
cost(2, 21, 15).
cost(2, 22, 58).
cost(2, 23, 16).
cost(2, 24, 56).
cost(2, 25, 17).
cost(2, 26, 65).
cost(3, 1, 31).
cost(3, 2, 34).
cost(3, 4, 32).
cost(3, 5, 60).
cost(3, 6, 61).
cost(3, 7, 48).
cost(3, 8, 51).
cost(3, 9, 8).
cost(3, 10, 54).
cost(3, 11, 10).
cost(3, 12, 49).
cost(3, 13, 45).
cost(3, 14, 64).
cost(3, 15, 46).
cost(3, 16, 40).
cost(3, 17, 22).
cost(3, 18, 37).
cost(3, 19, 46).
cost(3, 20, 16).
cost(3, 21, 34).
cost(3, 22, 65).
cost(3, 23, 50).
cost(3, 24, 63).
cost(3, 25, 48).
cost(3, 26, 67).
cost(4, 1, 30).
cost(4, 2, 12).
cost(4, 3, 32).
cost(4, 5, 55).
cost(4, 6, 47).
cost(4, 7, 17).
cost(4, 8, 37).
cost(4, 9, 33).
cost(4, 10, 25).
cost(4, 11, 32).
cost(4, 12, 54).
cost(4, 13, 13).
cost(4, 14, 42).
cost(4, 15, 38).
cost(4, 16, 8).
cost(4, 17, 54).
cost(4, 18, 16).
cost(4, 19, 14).
cost(4, 20, 48).
cost(4, 21, 3).
cost(4, 22, 47).
cost(4, 23, 20).
cost(4, 24, 67).
cost(4, 25, 16).
cost(4, 26, 53).
cost(5, 1, 29).
cost(5, 2, 43).
cost(5, 3, 60).
cost(5, 4, 55).
cost(5, 6, 102).
cost(5, 7, 66).
cost(5, 8, 91).
cost(5, 9, 53).
cost(5, 10, 48).
cost(5, 11, 50).
cost(5, 12, 18).
cost(5, 13, 56).
cost(5, 14, 95).
cost(5, 15, 16).
cost(5, 16, 60).
cost(5, 17, 67).
cost(5, 18, 39).
cost(5, 19, 55).
cost(5, 20, 69).
cost(5, 21, 58).
cost(5, 22, 101).
cost(5, 23, 49).
cost(5, 24, 19).
cost(5, 25, 54).
cost(5, 26, 108).
cost(6, 1, 76).
cost(6, 2, 59).
cost(6, 3, 61).
cost(6, 4, 47).
cost(6, 5, 102).
cost(6, 7, 39).
cost(6, 8, 11).
cost(6, 9, 67).
cost(6, 10, 63).
cost(6, 11, 68).
cost(6, 12, 100).
cost(6, 13, 49).
cost(6, 14, 18).
cost(6, 15, 86).
cost(6, 16, 43).
cost(6, 17, 80).
cost(6, 18, 63).
cost(6, 19, 51).
cost(6, 20, 71).
cost(6, 21, 44).
cost(6, 22, 11).
cost(6, 23, 59).
cost(6, 24, 114).
cost(6, 25, 52).
cost(6, 26, 7).
cost(7, 1, 46).
cost(7, 2, 25).
cost(7, 3, 48).
cost(7, 4, 17).
cost(7, 5, 66).
cost(7, 6, 39).
cost(7, 8, 30).
cost(7, 9, 50).
cost(7, 10, 23).
cost(7, 11, 50).
cost(7, 12, 69).
cost(7, 13, 10).
cost(7, 14, 28).
cost(7, 15, 51).
cost(7, 16, 9).
cost(7, 17, 70).
cost(7, 18, 28).
cost(7, 19, 12).
cost(7, 20, 64).
cost(7, 21, 14).
cost(7, 22, 35).
cost(7, 23, 20).
cost(7, 24, 82).
cost(7, 25, 13).
cost(7, 26, 44).
cost(8, 1, 65).
cost(8, 2, 49).
cost(8, 3, 51).
cost(8, 4, 37).
cost(8, 5, 91).
cost(8, 6, 11).
cost(8, 7, 30).
cost(8, 9, 57).
cost(8, 10, 53).
cost(8, 11, 58).
cost(8, 12, 90).
cost(8, 13, 39).
cost(8, 14, 17).
cost(8, 15, 75).
cost(8, 16, 33).
cost(8, 17, 72).
cost(8, 18, 52).
cost(8, 19, 41).
cost(8, 20, 63).
cost(8, 21, 34).
cost(8, 22, 14).
cost(8, 23, 49).
cost(8, 24, 103).
cost(8, 25, 43).
cost(8, 26, 17).
cost(9, 1, 25).
cost(9, 2, 33).
cost(9, 3, 8).
cost(9, 4, 33).
cost(9, 5, 53).
cost(9, 6, 67).
cost(9, 7, 50).
cost(9, 8, 57).
cost(9, 10, 53).
cost(9, 11, 3).
cost(9, 12, 42).
cost(9, 13, 46).
cost(9, 14, 69).
cost(9, 15, 40).
cost(9, 16, 42).
cost(9, 17, 21).
cost(9, 18, 35).
cost(9, 19, 47).
cost(9, 20, 18).
cost(9, 21, 36).
cost(9, 22, 71).
cost(9, 23, 49).
cost(9, 24, 56).
cost(9, 25, 48).
cost(9, 26, 74).
cost(10, 1, 37).
cost(10, 2, 21).
cost(10, 3, 54).
cost(10, 4, 25).
cost(10, 5, 48).
cost(10, 6, 63).
cost(10, 7, 23).
cost(10, 8, 53).
cost(10, 9, 53).
cost(10, 11, 51).
cost(10, 12, 56).
cost(10, 13, 15).
cost(10, 14, 50).
cost(10, 15, 35).
cost(10, 16, 22).
cost(10, 17, 75).
cost(10, 18, 19).
cost(10, 19, 13).
cost(10, 20, 70).
cost(10, 21, 25).
cost(10, 22, 58).
cost(10, 23, 5).
cost(10, 24, 66).
cost(10, 25, 11).
cost(10, 26, 67).
cost(11, 1, 22).
cost(11, 2, 31).
cost(11, 3, 10).
cost(11, 4, 32).
cost(11, 5, 50).
cost(11, 6, 68).
cost(11, 7, 50).
cost(11, 8, 58).
cost(11, 9, 3).
cost(11, 10, 51).
cost(11, 12, 39).
cost(11, 13, 44).
cost(11, 14, 69).
cost(11, 15, 37).
cost(11, 16, 41).
cost(11, 17, 23).
cost(11, 18, 32).
cost(11, 19, 45).
cost(11, 20, 20).
cost(11, 21, 35).
cost(11, 22, 72).
cost(11, 23, 47).
cost(11, 24, 53).
cost(11, 25, 46).
cost(11, 26, 75).
cost(12, 1, 24).
cost(12, 2, 44).
cost(12, 3, 49).
cost(12, 4, 54).
cost(12, 5, 18).
cost(12, 6, 100).
cost(12, 7, 69).
cost(12, 8, 90).
cost(12, 9, 42).
cost(12, 10, 56).
cost(12, 11, 39).
cost(12, 13, 60).
cost(12, 14, 96).
cost(12, 15, 21).
cost(12, 16, 61).
cost(12, 17, 52).
cost(12, 18, 42).
cost(12, 19, 60).
cost(12, 20, 55).
cost(12, 21, 58).
cost(12, 22, 101).
cost(12, 23, 55).
cost(12, 24, 14).
cost(12, 25, 59).
cost(12, 26, 107).
cost(13, 1, 37).
cost(13, 2, 17).
cost(13, 3, 45).
cost(13, 4, 13).
cost(13, 5, 56).
cost(13, 6, 49).
cost(13, 7, 10).
cost(13, 8, 39).
cost(13, 9, 46).
cost(13, 10, 15).
cost(13, 11, 44).
cost(13, 12, 60).
cost(13, 14, 38).
cost(13, 15, 41).
cost(13, 16, 7).
cost(13, 17, 67).
cost(13, 18, 18).
cost(13, 19, 2).
cost(13, 20, 61).
cost(13, 21, 12).
cost(13, 22, 45).
cost(13, 23, 10).
cost(13, 24, 72).
cost(13, 25, 4).
cost(13, 26, 53).
cost(14, 1, 72).
cost(14, 2, 53).
cost(14, 3, 64).
cost(14, 4, 42).
cost(14, 5, 95).
cost(14, 6, 18).
cost(14, 7, 28).
cost(14, 8, 17).
cost(14, 9, 69).
cost(14, 10, 50).
cost(14, 11, 69).
cost(14, 12, 96).
cost(14, 13, 38).
cost(14, 15, 79).
cost(14, 16, 35).
cost(14, 17, 86).
cost(14, 18, 55).
cost(14, 19, 40).
cost(14, 20, 78).
cost(14, 21, 38).
cost(14, 22, 9).
cost(14, 23, 48).
cost(14, 24, 109).
cost(14, 25, 41).
cost(14, 26, 19).
cost(15, 1, 15).
cost(15, 2, 27).
cost(15, 3, 46).
cost(15, 4, 38).
cost(15, 5, 16).
cost(15, 6, 86).
cost(15, 7, 51).
cost(15, 8, 75).
cost(15, 9, 40).
cost(15, 10, 35).
cost(15, 11, 37).
cost(15, 12, 21).
cost(15, 13, 41).
cost(15, 14, 79).
cost(15, 16, 44).
cost(15, 17, 58).
cost(15, 18, 23).
cost(15, 19, 40).
cost(15, 20, 57).
cost(15, 21, 41).
cost(15, 22, 85).
cost(15, 23, 35).
cost(15, 24, 31).
cost(15, 25, 39).
cost(15, 26, 91).
cost(16, 1, 37).
cost(16, 2, 17).
cost(16, 3, 40).
cost(16, 4, 8).
cost(16, 5, 60).
cost(16, 6, 43).
cost(16, 7, 9).
cost(16, 8, 33).
cost(16, 9, 42).
cost(16, 10, 22).
cost(16, 11, 41).
cost(16, 12, 61).
cost(16, 13, 7).
cost(16, 14, 35).
cost(16, 15, 44).
cost(16, 17, 62).
cost(16, 18, 20).
cost(16, 19, 9).
cost(16, 20, 56).
cost(16, 21, 6).
cost(16, 22, 41).
cost(16, 23, 17).
cost(16, 24, 74).
cost(16, 25, 12).
cost(16, 26, 48).
cost(17, 1, 44).
cost(17, 2, 54).
cost(17, 3, 22).
cost(17, 4, 54).
cost(17, 5, 67).
cost(17, 6, 80).
cost(17, 7, 70).
cost(17, 8, 72).
cost(17, 9, 21).
cost(17, 10, 75).
cost(17, 11, 23).
cost(17, 12, 52).
cost(17, 13, 67).
cost(17, 14, 86).
cost(17, 15, 58).
cost(17, 16, 62).
cost(17, 18, 56).
cost(17, 19, 68).
cost(17, 20, 9).
cost(17, 21, 57).
cost(17, 22, 86).
cost(17, 23, 70).
cost(17, 24, 64).
cost(17, 25, 69).
cost(17, 26, 87).
cost(18, 1, 19).
cost(18, 2, 4).
cost(18, 3, 37).
cost(18, 4, 16).
cost(18, 5, 39).
cost(18, 6, 63).
cost(18, 7, 28).
cost(18, 8, 52).
cost(18, 9, 35).
cost(18, 10, 19).
cost(18, 11, 32).
cost(18, 12, 42).
cost(18, 13, 18).
cost(18, 14, 55).
cost(18, 15, 23).
cost(18, 16, 20).
cost(18, 17, 56).
cost(18, 19, 18).
cost(18, 20, 52).
cost(18, 21, 18).
cost(18, 22, 61).
cost(18, 23, 16).
cost(18, 24, 54).
cost(18, 25, 18).
cost(18, 26, 68).
cost(19, 1, 37).
cost(19, 2, 17).
cost(19, 3, 46).
cost(19, 4, 14).
cost(19, 5, 55).
cost(19, 6, 51).
cost(19, 7, 12).
cost(19, 8, 41).
cost(19, 9, 47).
cost(19, 10, 13).
cost(19, 11, 45).
cost(19, 12, 60).
cost(19, 13, 2).
cost(19, 14, 40).
cost(19, 15, 40).
cost(19, 16, 9).
cost(19, 17, 68).
cost(19, 18, 18).
cost(19, 20, 62).
cost(19, 21, 13).
cost(19, 22, 47).
cost(19, 23, 8).
cost(19, 24, 71).
cost(19, 25, 2).
cost(19, 26, 55).
cost(20, 1, 42).
cost(20, 2, 50).
cost(20, 3, 16).
cost(20, 4, 48).
cost(20, 5, 69).
cost(20, 6, 71).
cost(20, 7, 64).
cost(20, 8, 63).
cost(20, 9, 18).
cost(20, 10, 70).
cost(20, 11, 20).
cost(20, 12, 55).
cost(20, 13, 61).
cost(20, 14, 78).
cost(20, 15, 57).
cost(20, 16, 56).
cost(20, 17, 9).
cost(20, 18, 52).
cost(20, 19, 62).
cost(20, 21, 50).
cost(20, 22, 78).
cost(20, 23, 65).
cost(20, 24, 68).
cost(20, 25, 64).
cost(20, 26, 78).
cost(21, 1, 33).
cost(21, 2, 15).
cost(21, 3, 34).
cost(21, 4, 3).
cost(21, 5, 58).
cost(21, 6, 44).
cost(21, 7, 14).
cost(21, 8, 34).
cost(21, 9, 36).
cost(21, 10, 25).
cost(21, 11, 35).
cost(21, 12, 58).
cost(21, 13, 12).
cost(21, 14, 38).
cost(21, 15, 41).
cost(21, 16, 6).
cost(21, 17, 57).
cost(21, 18, 18).
cost(21, 19, 13).
cost(21, 20, 50).
cost(21, 22, 43).
cost(21, 23, 20).
cost(21, 24, 71).
cost(21, 25, 15).
cost(21, 26, 50).
cost(22, 1, 77).
cost(22, 2, 58).
cost(22, 3, 65).
cost(22, 4, 47).
cost(22, 5, 101).
cost(22, 6, 11).
cost(22, 7, 35).
cost(22, 8, 14).
cost(22, 9, 71).
cost(22, 10, 58).
cost(22, 11, 72).
cost(22, 12, 101).
cost(22, 13, 45).
cost(22, 14, 9).
cost(22, 15, 85).
cost(22, 16, 41).
cost(22, 17, 86).
cost(22, 18, 61).
cost(22, 19, 47).
cost(22, 20, 78).
cost(22, 21, 43).
cost(22, 23, 55).
cost(22, 24, 114).
cost(22, 25, 48).
cost(22, 26, 10).
cost(23, 1, 35).
cost(23, 2, 16).
cost(23, 3, 50).
cost(23, 4, 20).
cost(23, 5, 49).
cost(23, 6, 59).
cost(23, 7, 20).
cost(23, 8, 49).
cost(23, 9, 49).
cost(23, 10, 5).
cost(23, 11, 47).
cost(23, 12, 55).
cost(23, 13, 10).
cost(23, 14, 48).
cost(23, 15, 35).
cost(23, 16, 17).
cost(23, 17, 70).
cost(23, 18, 16).
cost(23, 19, 8).
cost(23, 20, 65).
cost(23, 21, 20).
cost(23, 22, 55).
cost(23, 24, 66).
cost(23, 25, 7).
cost(23, 26, 64).
cost(24, 1, 38).
cost(24, 2, 56).
cost(24, 3, 63).
cost(24, 4, 67).
cost(24, 5, 19).
cost(24, 6, 114).
cost(24, 7, 82).
cost(24, 8, 103).
cost(24, 9, 56).
cost(24, 10, 66).
cost(24, 11, 53).
cost(24, 12, 14).
cost(24, 13, 72).
cost(24, 14, 109).
cost(24, 15, 31).
cost(24, 16, 74).
cost(24, 17, 64).
cost(24, 18, 54).
cost(24, 19, 71).
cost(24, 20, 68).
cost(24, 21, 71).
cost(24, 22, 114).
cost(24, 23, 66).
cost(24, 25, 70).
cost(24, 26, 120).
cost(25, 1, 37).
cost(25, 2, 17).
cost(25, 3, 48).
cost(25, 4, 16).
cost(25, 5, 54).
cost(25, 6, 52).
cost(25, 7, 13).
cost(25, 8, 43).
cost(25, 9, 48).
cost(25, 10, 11).
cost(25, 11, 46).
cost(25, 12, 59).
cost(25, 13, 4).
cost(25, 14, 41).
cost(25, 15, 39).
cost(25, 16, 12).
cost(25, 17, 69).
cost(25, 18, 18).
cost(25, 19, 2).
cost(25, 20, 64).
cost(25, 21, 15).
cost(25, 22, 48).
cost(25, 23, 7).
cost(25, 24, 70).
cost(25, 26, 57).
cost(26, 1, 82).
cost(26, 2, 65).
cost(26, 3, 67).
cost(26, 4, 53).
cost(26, 5, 108).
cost(26, 6, 7).
cost(26, 7, 44).
cost(26, 8, 17).
cost(26, 9, 74).
cost(26, 10, 67).
cost(26, 11, 75).
cost(26, 12, 107).
cost(26, 13, 53).
cost(26, 14, 19).
cost(26, 15, 91).
cost(26, 16, 48).
cost(26, 17, 87).
cost(26, 18, 68).
cost(26, 19, 55).
cost(26, 20, 78).
cost(26, 21, 50).
cost(26, 22, 10).
cost(26, 23, 64).
cost(26, 24, 120).
cost(26, 25, 57).
