dimension(32).
point(1, 14.6917337913, 90.4893075515).
point(2, 20.0433265908, 85.3499219037).
point(3, 18.0916290934, 95.5516885355).
point(4, 18.6691284956, 94.93955076).
point(5, 25.0812151644, 95.2210369501).
point(6, 21.7519419909, 85.2553628827).
point(7, 3.933008533, 22.5678290341).
point(8, 2.137356724, 34.016088695).
point(9, 10.3104325291, 39.776538664).
point(10, 1.8935562142, 22.7293081355).
point(11, 8.6539755944, 30.0027369579).
point(12, 10.5534511912, 24.1115786669).
point(13, 0.186203912, 19.2627047666).
point(14, 8.3162700014, 28.7533568388).
point(15, 86.7020969746, 40.2141867493).
point(16, 87.6822826476, 43.1775337444).
point(17, 93.4887581765, 39.2064327427).
point(18, 84.5955184454, 42.5988551878).
point(19, 86.3761269275, 45.1728198257).
point(20, 86.6905678732, 36.5311755593).
point(21, 59.201256688, 5.6021074255).
point(22, 69.0585282647, 11.6886855147).
point(23, 61.5030217785, 2.9328469926).
point(24, 72.5350141236, 21.7509360405).
point(25, 67.6292174016, 18.1985086334).
point(26, 71.9341529237, 15.3574426903).
point(27, 45.7900635371, 66.6165114796).
point(28, 56.0153801732, 64.1377287332).
point(29, 41.6367026732, 69.8463311032).
point(30, 41.5844359758, 67.3089727344).
point(31, 38.2926547098, 70.5074594109).
point(32, 30.9648330277, 77.1510122897).
cost(1, 2, 7).
cost(1, 3, 6).
cost(1, 4, 6).
cost(1, 5, 11).
cost(1, 6, 9).
cost(1, 7, 69).
cost(1, 8, 58).
cost(1, 9, 51).
cost(1, 10, 69).
cost(1, 11, 61).
cost(1, 12, 67).
cost(1, 13, 73).
cost(1, 14, 62).
cost(1, 15, 88).
cost(1, 16, 87).
cost(1, 17, 94).
cost(1, 18, 85).
cost(1, 19, 85).
cost(1, 20, 90).
cost(1, 21, 96).
cost(1, 22, 96).
cost(1, 23, 99).
cost(1, 24, 90).
cost(1, 25, 90).
cost(1, 26, 94).
cost(1, 27, 39).
cost(1, 28, 49).
cost(1, 29, 34).
cost(1, 30, 36).
cost(1, 31, 31).
cost(1, 32, 21).
cost(2, 1, 7).
cost(2, 3, 10).
cost(2, 4, 10).
cost(2, 5, 11).
cost(2, 6, 2).
cost(2, 7, 65).
cost(2, 8, 54).
cost(2, 9, 47).
cost(2, 10, 65).
cost(2, 11, 57).
cost(2, 12, 62).
cost(2, 13, 69).
cost(2, 14, 58).
cost(2, 15, 81).
cost(2, 16, 80).
cost(2, 17, 87).
cost(2, 18, 77).
cost(2, 19, 78).
cost(2, 20, 83).
cost(2, 21, 89).
cost(2, 22, 88).
cost(2, 23, 92).
cost(2, 24, 82).
cost(2, 25, 82).
cost(2, 26, 87).
cost(2, 27, 32).
cost(2, 28, 42).
cost(2, 29, 27).
cost(2, 30, 28).
cost(2, 31, 24).
cost(2, 32, 14).
cost(3, 1, 6).
cost(3, 2, 10).
cost(3, 4, 1).
cost(3, 5, 7).
cost(3, 6, 11).
cost(3, 7, 74).
cost(3, 8, 64).
cost(3, 9, 56).
cost(3, 10, 75).
cost(3, 11, 66).
cost(3, 12, 72).
cost(3, 13, 78).
cost(3, 14, 68).
cost(3, 15, 88).
cost(3, 16, 87).
cost(3, 17, 94).
cost(3, 18, 85).
cost(3, 19, 85).
cost(3, 20, 90).
cost(3, 21, 99).
cost(3, 22, 98).
cost(3, 23, 102).
cost(3, 24, 92).
cost(3, 25, 92).
cost(3, 26, 97).
cost(3, 27, 40).
cost(3, 28, 49).
cost(3, 29, 35).
cost(3, 30, 37).
cost(3, 31, 32).
cost(3, 32, 22).
cost(4, 1, 6).
cost(4, 2, 10).
cost(4, 3, 1).
cost(4, 5, 6).
cost(4, 6, 10).
cost(4, 7, 74).
cost(4, 8, 63).
cost(4, 9, 56).
cost(4, 10, 74).
cost(4, 11, 66).
cost(4, 12, 71).
cost(4, 13, 78).
cost(4, 14, 67).
cost(4, 15, 87).
cost(4, 16, 86).
cost(4, 17, 93).
cost(4, 18, 84).
cost(4, 19, 84).
cost(4, 20, 90).
cost(4, 21, 98).
cost(4, 22, 97).
cost(4, 23, 101).
cost(4, 24, 91).
cost(4, 25, 91).
cost(4, 26, 96).
cost(4, 27, 39).
cost(4, 28, 48).
cost(4, 29, 34).
cost(4, 30, 36).
cost(4, 31, 31).
cost(4, 32, 22).
cost(5, 1, 11).
cost(5, 2, 11).
cost(5, 3, 7).
cost(5, 4, 6).
cost(5, 6, 11).
cost(5, 7, 76).
cost(5, 8, 65).
cost(5, 9, 57).
cost(5, 10, 76).
cost(5, 11, 67).
cost(5, 12, 73).
cost(5, 13, 80).
cost(5, 14, 69).
cost(5, 15, 83).
cost(5, 16, 81).
cost(5, 17, 88).
cost(5, 18, 79).
cost(5, 19, 79).
cost(5, 20, 85).
cost(5, 21, 96).
cost(5, 22, 94).
cost(5, 23, 99).
cost(5, 24, 87).
cost(5, 25, 88).
cost(5, 26, 93).
cost(5, 27, 35).
cost(5, 28, 44).
cost(5, 29, 30).
cost(5, 30, 32).
cost(5, 31, 28).
cost(5, 32, 19).
cost(6, 1, 9).
cost(6, 2, 2).
cost(6, 3, 11).
cost(6, 4, 10).
cost(6, 5, 11).
cost(6, 7, 65).
cost(6, 8, 55).
cost(6, 9, 47).
cost(6, 10, 66).
cost(6, 11, 57).
cost(6, 12, 62).
cost(6, 13, 69).
cost(6, 14, 58).
cost(6, 15, 79).
cost(6, 16, 78).
cost(6, 17, 85).
cost(6, 18, 76).
cost(6, 19, 76).
cost(6, 20, 81).
cost(6, 21, 88).
cost(6, 22, 87).
cost(6, 23, 91).
cost(6, 24, 81).
cost(6, 25, 81).
cost(6, 26, 86).
cost(6, 27, 30).
cost(6, 28, 40).
cost(6, 29, 25).
cost(6, 30, 27).
cost(6, 31, 22).
cost(6, 32, 12).
cost(7, 1, 69).
cost(7, 2, 65).
cost(7, 3, 74).
cost(7, 4, 74).
cost(7, 5, 76).
cost(7, 6, 65).
cost(7, 8, 12).
cost(7, 9, 18).
cost(7, 10, 2).
cost(7, 11, 9).
cost(7, 12, 7).
cost(7, 13, 5).
cost(7, 14, 8).
cost(7, 15, 85).
cost(7, 16, 86).
cost(7, 17, 91).
cost(7, 18, 83).
cost(7, 19, 85).
cost(7, 20, 84).
cost(7, 21, 58).
cost(7, 22, 66).
cost(7, 23, 61).
cost(7, 24, 69).
cost(7, 25, 64).
cost(7, 26, 68).
cost(7, 27, 61).
cost(7, 28, 67).
cost(7, 29, 60).
cost(7, 30, 58).
cost(7, 31, 59).
cost(7, 32, 61).
cost(8, 1, 58).
cost(8, 2, 54).
cost(8, 3, 64).
cost(8, 4, 63).
cost(8, 5, 65).
cost(8, 6, 55).
cost(8, 7, 12).
cost(8, 9, 10).
cost(8, 10, 11).
cost(8, 11, 8).
cost(8, 12, 13).
cost(8, 13, 15).
cost(8, 14, 8).
cost(8, 15, 85).
cost(8, 16, 86).
cost(8, 17, 91).
cost(8, 18, 83).
cost(8, 19, 85).
cost(8, 20, 85).
cost(8, 21, 64).
cost(8, 22, 71).
cost(8, 23, 67).
cost(8, 24, 71).
cost(8, 25, 67).
cost(8, 26, 72).
cost(8, 27, 54).
cost(8, 28, 62).
cost(8, 29, 53).
cost(8, 30, 52).
cost(8, 31, 51).
cost(8, 32, 52).
cost(9, 1, 51).
cost(9, 2, 47).
cost(9, 3, 56).
cost(9, 4, 56).
cost(9, 5, 57).
cost(9, 6, 47).
cost(9, 7, 18).
cost(9, 8, 10).
cost(9, 10, 19).
cost(9, 11, 10).
cost(9, 12, 16).
cost(9, 13, 23).
cost(9, 14, 11).
cost(9, 15, 76).
cost(9, 16, 77).
cost(9, 17, 83).
cost(9, 18, 74).
cost(9, 19, 76).
cost(9, 20, 76).
cost(9, 21, 60).
cost(9, 22, 65).
cost(9, 23, 63).
cost(9, 24, 65).
cost(9, 25, 61).
cost(9, 26, 66).
cost(9, 27, 44).
cost(9, 28, 52).
cost(9, 29, 43).
cost(9, 30, 42).
cost(9, 31, 42).
cost(9, 32, 43).
cost(10, 1, 69).
cost(10, 2, 65).
cost(10, 3, 75).
cost(10, 4, 74).
cost(10, 5, 76).
cost(10, 6, 66).
cost(10, 7, 2).
cost(10, 8, 11).
cost(10, 9, 19).
cost(10, 11, 10).
cost(10, 12, 9).
cost(10, 13, 4).
cost(10, 14, 9).
cost(10, 15, 87).
cost(10, 16, 88).
cost(10, 17, 93).
cost(10, 18, 85).
cost(10, 19, 87).
cost(10, 20, 86).
cost(10, 21, 60).
cost(10, 22, 68).
cost(10, 23, 63).
cost(10, 24, 71).
cost(10, 25, 66).
cost(10, 26, 70).
cost(10, 27, 62).
cost(10, 28, 68).
cost(10, 29, 62).
cost(10, 30, 60).
cost(10, 31, 60).
cost(10, 32, 62).
cost(11, 1, 61).
cost(11, 2, 57).
cost(11, 3, 66).
cost(11, 4, 66).
cost(11, 5, 67).
cost(11, 6, 57).
cost(11, 7, 9).
cost(11, 8, 8).
cost(11, 9, 10).
cost(11, 10, 10).
cost(11, 12, 6).
cost(11, 13, 14).
cost(11, 14, 1).
cost(11, 15, 79).
cost(11, 16, 80).
cost(11, 17, 85).
cost(11, 18, 77).
cost(11, 19, 79).
cost(11, 20, 78).
cost(11, 21, 56).
cost(11, 22, 63).
cost(11, 23, 59).
cost(11, 24, 64).
cost(11, 25, 60).
cost(11, 26, 65).
cost(11, 27, 52).
cost(11, 28, 58).
cost(11, 29, 52).
cost(11, 30, 50).
cost(11, 31, 50).
cost(11, 32, 52).
cost(12, 1, 67).
cost(12, 2, 62).
cost(12, 3, 72).
cost(12, 4, 71).
cost(12, 5, 73).
cost(12, 6, 62).
cost(12, 7, 7).
cost(12, 8, 13).
cost(12, 9, 16).
cost(12, 10, 9).
cost(12, 11, 6).
cost(12, 13, 11).
cost(12, 14, 5).
cost(12, 15, 78).
cost(12, 16, 79).
cost(12, 17, 84).
cost(12, 18, 76).
cost(12, 19, 79).
cost(12, 20, 77).
cost(12, 21, 52).
cost(12, 22, 60).
cost(12, 23, 55).
cost(12, 24, 62).
cost(12, 25, 57).
cost(12, 26, 62).
cost(12, 27, 55).
cost(12, 28, 61).
cost(12, 29, 55).
cost(12, 30, 53).
cost(12, 31, 54).
cost(12, 32, 57).
cost(13, 1, 73).
cost(13, 2, 69).
cost(13, 3, 78).
cost(13, 4, 78).
cost(13, 5, 80).
cost(13, 6, 69).
cost(13, 7, 5).
cost(13, 8, 15).
cost(13, 9, 23).
cost(13, 10, 4).
cost(13, 11, 14).
cost(13, 12, 11).
cost(13, 14, 12).
cost(13, 15, 89).
cost(13, 16, 91).
cost(13, 17, 95).
cost(13, 18, 88).
cost(13, 19, 90).
cost(13, 20, 88).
cost(13, 21, 61).
cost(13, 22, 69).
cost(13, 23, 63).
cost(13, 24, 72).
cost(13, 25, 67).
cost(13, 26, 72).
cost(13, 27, 66).
cost(13, 28, 72).
cost(13, 29, 65).
cost(13, 30, 63).
cost(13, 31, 64).
cost(13, 32, 66).
cost(14, 1, 62).
cost(14, 2, 58).
cost(14, 3, 68).
cost(14, 4, 67).
cost(14, 5, 69).
cost(14, 6, 58).
cost(14, 7, 8).
cost(14, 8, 8).
cost(14, 9, 11).
cost(14, 10, 9).
cost(14, 11, 1).
cost(14, 12, 5).
cost(14, 13, 12).
cost(14, 15, 79).
cost(14, 16, 81).
cost(14, 17, 86).
cost(14, 18, 78).
cost(14, 19, 80).
cost(14, 20, 79).
cost(14, 21, 56).
cost(14, 22, 63).
cost(14, 23, 59).
cost(14, 24, 65).
cost(14, 25, 60).
cost(14, 26, 65).
cost(14, 27, 53).
cost(14, 28, 59).
cost(14, 29, 53).
cost(14, 30, 51).
cost(14, 31, 51).
cost(14, 32, 53).
cost(15, 1, 88).
cost(15, 2, 81).
cost(15, 3, 88).
cost(15, 4, 87).
cost(15, 5, 83).
cost(15, 6, 79).
cost(15, 7, 85).
cost(15, 8, 85).
cost(15, 9, 76).
cost(15, 10, 87).
cost(15, 11, 79).
cost(15, 12, 78).
cost(15, 13, 89).
cost(15, 14, 79).
cost(15, 16, 3).
cost(15, 17, 7).
cost(15, 18, 3).
cost(15, 19, 5).
cost(15, 20, 4).
cost(15, 21, 44).
cost(15, 22, 34).
cost(15, 23, 45).
cost(15, 24, 23).
cost(15, 25, 29).
cost(15, 26, 29).
cost(15, 27, 49).
cost(15, 28, 39).
cost(15, 29, 54).
cost(15, 30, 53).
cost(15, 31, 57).
cost(15, 32, 67).
cost(16, 1, 87).
cost(16, 2, 80).
cost(16, 3, 87).
cost(16, 4, 86).
cost(16, 5, 81).
cost(16, 6, 78).
cost(16, 7, 86).
cost(16, 8, 86).
cost(16, 9, 77).
cost(16, 10, 88).
cost(16, 11, 80).
cost(16, 12, 79).
cost(16, 13, 91).
cost(16, 14, 81).
cost(16, 15, 3).
cost(16, 17, 7).
cost(16, 18, 3).
cost(16, 19, 2).
cost(16, 20, 7).
cost(16, 21, 47).
cost(16, 22, 37).
cost(16, 23, 48).
cost(16, 24, 26).
cost(16, 25, 32).
cost(16, 26, 32).
cost(16, 27, 48).
cost(16, 28, 38).
cost(16, 29, 53).
cost(16, 30, 52).
cost(16, 31, 56).
cost(16, 32, 66).
cost(17, 1, 94).
cost(17, 2, 87).
cost(17, 3, 94).
cost(17, 4, 93).
cost(17, 5, 88).
cost(17, 6, 85).
cost(17, 7, 91).
cost(17, 8, 91).
cost(17, 9, 83).
cost(17, 10, 93).
cost(17, 11, 85).
cost(17, 12, 84).
cost(17, 13, 95).
cost(17, 14, 86).
cost(17, 15, 7).
cost(17, 16, 7).
cost(17, 18, 10).
cost(17, 19, 9).
cost(17, 20, 7).
cost(17, 21, 48).
cost(17, 22, 37).
cost(17, 23, 48).
cost(17, 24, 27).
cost(17, 25, 33).
cost(17, 26, 32).
cost(17, 27, 55).
cost(17, 28, 45).
cost(17, 29, 60).
cost(17, 30, 59).
cost(17, 31, 63).
cost(17, 32, 73).
cost(18, 1, 85).
cost(18, 2, 77).
cost(18, 3, 85).
cost(18, 4, 84).
cost(18, 5, 79).
cost(18, 6, 76).
cost(18, 7, 83).
cost(18, 8, 83).
cost(18, 9, 74).
cost(18, 10, 85).
cost(18, 11, 77).
cost(18, 12, 76).
cost(18, 13, 88).
cost(18, 14, 78).
cost(18, 15, 3).
cost(18, 16, 3).
cost(18, 17, 10).
cost(18, 19, 3).
cost(18, 20, 6).
cost(18, 21, 45).
cost(18, 22, 35).
cost(18, 23, 46).
cost(18, 24, 24).
cost(18, 25, 30).
cost(18, 26, 30).
cost(18, 27, 46).
cost(18, 28, 36).
cost(18, 29, 51).
cost(18, 30, 50).
cost(18, 31, 54).
cost(18, 32, 64).
cost(19, 1, 85).
cost(19, 2, 78).
cost(19, 3, 85).
cost(19, 4, 84).
cost(19, 5, 79).
cost(19, 6, 76).
cost(19, 7, 85).
cost(19, 8, 85).
cost(19, 9, 76).
cost(19, 10, 87).
cost(19, 11, 79).
cost(19, 12, 79).
cost(19, 13, 90).
cost(19, 14, 80).
cost(19, 15, 5).
cost(19, 16, 2).
cost(19, 17, 9).
cost(19, 18, 3).
cost(19, 20, 9).
cost(19, 21, 48).
cost(19, 22, 38).
cost(19, 23, 49).
cost(19, 24, 27).
cost(19, 25, 33).
cost(19, 26, 33).
cost(19, 27, 46).
cost(19, 28, 36).
cost(19, 29, 51).
cost(19, 30, 50).
cost(19, 31, 54).
cost(19, 32, 64).
cost(20, 1, 90).
cost(20, 2, 83).
cost(20, 3, 90).
cost(20, 4, 90).
cost(20, 5, 85).
cost(20, 6, 81).
cost(20, 7, 84).
cost(20, 8, 85).
cost(20, 9, 76).
cost(20, 10, 86).
cost(20, 11, 78).
cost(20, 12, 77).
cost(20, 13, 88).
cost(20, 14, 79).
cost(20, 15, 4).
cost(20, 16, 7).
cost(20, 17, 7).
cost(20, 18, 6).
cost(20, 19, 9).
cost(20, 21, 41).
cost(20, 22, 30).
cost(20, 23, 42).
cost(20, 24, 20).
cost(20, 25, 26).
cost(20, 26, 26).
cost(20, 27, 51).
cost(20, 28, 41).
cost(20, 29, 56).
cost(20, 30, 55).
cost(20, 31, 59).
cost(20, 32, 69).
cost(21, 1, 96).
cost(21, 2, 89).
cost(21, 3, 99).
cost(21, 4, 98).
cost(21, 5, 96).
cost(21, 6, 88).
cost(21, 7, 58).
cost(21, 8, 64).
cost(21, 9, 60).
cost(21, 10, 60).
cost(21, 11, 56).
cost(21, 12, 52).
cost(21, 13, 61).
cost(21, 14, 56).
cost(21, 15, 44).
cost(21, 16, 47).
cost(21, 17, 48).
cost(21, 18, 45).
cost(21, 19, 48).
cost(21, 20, 41).
cost(21, 22, 12).
cost(21, 23, 4).
cost(21, 24, 21).
cost(21, 25, 15).
cost(21, 26, 16).
cost(21, 27, 62).
cost(21, 28, 59).
cost(21, 29, 67).
cost(21, 30, 64).
cost(21, 31, 68).
cost(21, 32, 77).
cost(22, 1, 96).
cost(22, 2, 88).
cost(22, 3, 98).
cost(22, 4, 97).
cost(22, 5, 94).
cost(22, 6, 87).
cost(22, 7, 66).
cost(22, 8, 71).
cost(22, 9, 65).
cost(22, 10, 68).
cost(22, 11, 63).
cost(22, 12, 60).
cost(22, 13, 69).
cost(22, 14, 63).
cost(22, 15, 34).
cost(22, 16, 37).
cost(22, 17, 37).
cost(22, 18, 35).
cost(22, 19, 38).
cost(22, 20, 30).
cost(22, 21, 12).
cost(22, 23, 12).
cost(22, 24, 11).
cost(22, 25, 7).
cost(22, 26, 5).
cost(22, 27, 60).
cost(22, 28, 54).
cost(22, 29, 64).
cost(22, 30, 62).
cost(22, 31, 66).
cost(22, 32, 76).
cost(23, 1, 99).
cost(23, 2, 92).
cost(23, 3, 102).
cost(23, 4, 101).
cost(23, 5, 99).
cost(23, 6, 91).
cost(23, 7, 61).
cost(23, 8, 67).
cost(23, 9, 63).
cost(23, 10, 63).
cost(23, 11, 59).
cost(23, 12, 55).
cost(23, 13, 63).
cost(23, 14, 59).
cost(23, 15, 45).
cost(23, 16, 48).
cost(23, 17, 48).
cost(23, 18, 46).
cost(23, 19, 49).
cost(23, 20, 42).
cost(23, 21, 4).
cost(23, 22, 12).
cost(23, 24, 22).
cost(23, 25, 16).
cost(23, 26, 16).
cost(23, 27, 66).
cost(23, 28, 61).
cost(23, 29, 70).
cost(23, 30, 67).
cost(23, 31, 71).
cost(23, 32, 80).
cost(24, 1, 90).
cost(24, 2, 82).
cost(24, 3, 92).
cost(24, 4, 91).
cost(24, 5, 87).
cost(24, 6, 81).
cost(24, 7, 69).
cost(24, 8, 71).
cost(24, 9, 65).
cost(24, 10, 71).
cost(24, 11, 64).
cost(24, 12, 62).
cost(24, 13, 72).
cost(24, 14, 65).
cost(24, 15, 23).
cost(24, 16, 26).
cost(24, 17, 27).
cost(24, 18, 24).
cost(24, 19, 27).
cost(24, 20, 20).
cost(24, 21, 21).
cost(24, 22, 11).
cost(24, 23, 22).
cost(24, 25, 6).
cost(24, 26, 6).
cost(24, 27, 52).
cost(24, 28, 45).
cost(24, 29, 57).
cost(24, 30, 55).
cost(24, 31, 60).
cost(24, 32, 69).
cost(25, 1, 90).
cost(25, 2, 82).
cost(25, 3, 92).
cost(25, 4, 91).
cost(25, 5, 88).
cost(25, 6, 81).
cost(25, 7, 64).
cost(25, 8, 67).
cost(25, 9, 61).
cost(25, 10, 66).
cost(25, 11, 60).
cost(25, 12, 57).
cost(25, 13, 67).
cost(25, 14, 60).
cost(25, 15, 29).
cost(25, 16, 32).
cost(25, 17, 33).
cost(25, 18, 30).
cost(25, 19, 33).
cost(25, 20, 26).
cost(25, 21, 15).
cost(25, 22, 7).
cost(25, 23, 16).
cost(25, 24, 6).
cost(25, 26, 5).
cost(25, 27, 53).
cost(25, 28, 47).
cost(25, 29, 58).
cost(25, 30, 56).
cost(25, 31, 60).
cost(25, 32, 69).
cost(26, 1, 94).
cost(26, 2, 87).
cost(26, 3, 97).
cost(26, 4, 96).
cost(26, 5, 93).
cost(26, 6, 86).
cost(26, 7, 68).
cost(26, 8, 72).
cost(26, 9, 66).
cost(26, 10, 70).
cost(26, 11, 65).
cost(26, 12, 62).
cost(26, 13, 72).
cost(26, 14, 65).
cost(26, 15, 29).
cost(26, 16, 32).
cost(26, 17, 32).
cost(26, 18, 30).
cost(26, 19, 33).
cost(26, 20, 26).
cost(26, 21, 16).
cost(26, 22, 5).
cost(26, 23, 16).
cost(26, 24, 6).
cost(26, 25, 5).
cost(26, 27, 58).
cost(26, 28, 51).
cost(26, 29, 62).
cost(26, 30, 60).
cost(26, 31, 65).
cost(26, 32, 74).
cost(27, 1, 39).
cost(27, 2, 32).
cost(27, 3, 40).
cost(27, 4, 39).
cost(27, 5, 35).
cost(27, 6, 30).
cost(27, 7, 61).
cost(27, 8, 54).
cost(27, 9, 44).
cost(27, 10, 62).
cost(27, 11, 52).
cost(27, 12, 55).
cost(27, 13, 66).
cost(27, 14, 53).
cost(27, 15, 49).
cost(27, 16, 48).
cost(27, 17, 55).
cost(27, 18, 46).
cost(27, 19, 46).
cost(27, 20, 51).
cost(27, 21, 62).
cost(27, 22, 60).
cost(27, 23, 66).
cost(27, 24, 52).
cost(27, 25, 53).
cost(27, 26, 58).
cost(27, 28, 11).
cost(27, 29, 5).
cost(27, 30, 4).
cost(27, 31, 8).
cost(27, 32, 18).
cost(28, 1, 49).
cost(28, 2, 42).
cost(28, 3, 49).
cost(28, 4, 48).
cost(28, 5, 44).
cost(28, 6, 40).
cost(28, 7, 67).
cost(28, 8, 62).
cost(28, 9, 52).
cost(28, 10, 68).
cost(28, 11, 58).
cost(28, 12, 61).
cost(28, 13, 72).
cost(28, 14, 59).
cost(28, 15, 39).
cost(28, 16, 38).
cost(28, 17, 45).
cost(28, 18, 36).
cost(28, 19, 36).
cost(28, 20, 41).
cost(28, 21, 59).
cost(28, 22, 54).
cost(28, 23, 61).
cost(28, 24, 45).
cost(28, 25, 47).
cost(28, 26, 51).
cost(28, 27, 11).
cost(28, 29, 15).
cost(28, 30, 15).
cost(28, 31, 19).
cost(28, 32, 28).
cost(29, 1, 34).
cost(29, 2, 27).
cost(29, 3, 35).
cost(29, 4, 34).
cost(29, 5, 30).
cost(29, 6, 25).
cost(29, 7, 60).
cost(29, 8, 53).
cost(29, 9, 43).
cost(29, 10, 62).
cost(29, 11, 52).
cost(29, 12, 55).
cost(29, 13, 65).
cost(29, 14, 53).
cost(29, 15, 54).
cost(29, 16, 53).
cost(29, 17, 60).
cost(29, 18, 51).
cost(29, 19, 51).
cost(29, 20, 56).
cost(29, 21, 67).
cost(29, 22, 64).
cost(29, 23, 70).
cost(29, 24, 57).
cost(29, 25, 58).
cost(29, 26, 62).
cost(29, 27, 5).
cost(29, 28, 15).
cost(29, 30, 3).
cost(29, 31, 3).
cost(29, 32, 13).
cost(30, 1, 36).
cost(30, 2, 28).
cost(30, 3, 37).
cost(30, 4, 36).
cost(30, 5, 32).
cost(30, 6, 27).
cost(30, 7, 58).
cost(30, 8, 52).
cost(30, 9, 42).
cost(30, 10, 60).
cost(30, 11, 50).
cost(30, 12, 53).
cost(30, 13, 63).
cost(30, 14, 51).
cost(30, 15, 53).
cost(30, 16, 52).
cost(30, 17, 59).
cost(30, 18, 50).
cost(30, 19, 50).
cost(30, 20, 55).
cost(30, 21, 64).
cost(30, 22, 62).
cost(30, 23, 67).
cost(30, 24, 55).
cost(30, 25, 56).
cost(30, 26, 60).
cost(30, 27, 4).
cost(30, 28, 15).
cost(30, 29, 3).
cost(30, 31, 5).
cost(30, 32, 14).
cost(31, 1, 31).
cost(31, 2, 24).
cost(31, 3, 32).
cost(31, 4, 31).
cost(31, 5, 28).
cost(31, 6, 22).
cost(31, 7, 59).
cost(31, 8, 51).
cost(31, 9, 42).
cost(31, 10, 60).
cost(31, 11, 50).
cost(31, 12, 54).
cost(31, 13, 64).
cost(31, 14, 51).
cost(31, 15, 57).
cost(31, 16, 56).
cost(31, 17, 63).
cost(31, 18, 54).
cost(31, 19, 54).
cost(31, 20, 59).
cost(31, 21, 68).
cost(31, 22, 66).
cost(31, 23, 71).
cost(31, 24, 60).
cost(31, 25, 60).
cost(31, 26, 65).
cost(31, 27, 8).
cost(31, 28, 19).
cost(31, 29, 3).
cost(31, 30, 5).
cost(31, 32, 10).
cost(32, 1, 21).
cost(32, 2, 14).
cost(32, 3, 22).
cost(32, 4, 22).
cost(32, 5, 19).
cost(32, 6, 12).
cost(32, 7, 61).
cost(32, 8, 52).
cost(32, 9, 43).
cost(32, 10, 62).
cost(32, 11, 52).
cost(32, 12, 57).
cost(32, 13, 66).
cost(32, 14, 53).
cost(32, 15, 67).
cost(32, 16, 66).
cost(32, 17, 73).
cost(32, 18, 64).
cost(32, 19, 64).
cost(32, 20, 69).
cost(32, 21, 77).
cost(32, 22, 76).
cost(32, 23, 80).
cost(32, 24, 69).
cost(32, 25, 69).
cost(32, 26, 74).
cost(32, 27, 18).
cost(32, 28, 28).
cost(32, 29, 13).
cost(32, 30, 14).
cost(32, 31, 10).
