dimension(32).
point(1, 10.3328282698, 81.2079015013).
point(2, 2.460040732, 72.0803504069).
point(3, 11.3667001462, 79.316539397).
point(4, 7.4214054521, 63.0503299138).
point(5, 4.3027917318, 74.4404668877).
point(6, 9.8704417818, 79.2232334866).
point(7, 33.8843227256, 21.812442311).
point(8, 41.698682492, 24.0755418031).
point(9, 35.4271471602, 17.3099985368).
point(10, 22.7981633137, 19.6616121371).
point(11, 24.4689813364, 27.7476912358).
point(12, 30.8441341207, 20.4506895297).
point(13, 89.4329438051, 38.5206231192).
point(14, 94.1536714102, 35.946322212).
point(15, 89.4625779611, 52.6400847732).
point(16, 92.1107829893, 31.5213491623).
point(17, 99.0210789992, 44.0912202809).
point(18, 96.9734451017, 44.56490914).
point(19, 96.8618917034, 44.8946137638).
point(20, 97.309018668, 42.2396976995).
point(21, 68.0973225777, 3.2466733914).
point(22, 46.7312097886, 8.1009685639).
point(23, 55.3641875602, 11.3037096993).
point(24, 66.5476382374, 8.3024428041).
point(25, 53.8455838599, 2.6337331179).
point(26, 53.7430674403, 8.0379624176).
point(27, 32.0205465773, 93.7454504331).
point(28, 47.487477114, 95.7796469529).
point(29, 43.5766785144, 86.0496227728).
point(30, 38.149390158, 79.5003964961).
point(31, 28.0423467806, 96.9716825692).
point(32, 36.2212958605, 99.3344046541).
cost(1, 2, 12).
cost(1, 3, 2).
cost(1, 4, 18).
cost(1, 5, 9).
cost(1, 6, 2).
cost(1, 7, 64).
cost(1, 8, 65).
cost(1, 9, 69).
cost(1, 10, 63).
cost(1, 11, 55).
cost(1, 12, 64).
cost(1, 13, 90).
cost(1, 14, 95).
cost(1, 15, 84).
cost(1, 16, 96).
cost(1, 17, 96).
cost(1, 18, 94).
cost(1, 19, 94).
cost(1, 20, 95).
cost(1, 21, 97).
cost(1, 22, 82).
cost(1, 23, 83).
cost(1, 24, 92).
cost(1, 25, 90).
cost(1, 26, 85).
cost(1, 27, 25).
cost(1, 28, 40).
cost(1, 29, 34).
cost(1, 30, 28).
cost(1, 31, 24).
cost(1, 32, 32).
cost(2, 1, 12).
cost(2, 3, 11).
cost(2, 4, 10).
cost(2, 5, 3).
cost(2, 6, 10).
cost(2, 7, 59).
cost(2, 8, 62).
cost(2, 9, 64).
cost(2, 10, 56).
cost(2, 11, 49).
cost(2, 12, 59).
cost(2, 13, 93).
cost(2, 14, 99).
cost(2, 15, 89).
cost(2, 16, 98).
cost(2, 17, 101).
cost(2, 18, 98).
cost(2, 19, 98).
cost(2, 20, 99).
cost(2, 21, 95).
cost(2, 22, 78).
cost(2, 23, 81).
cost(2, 24, 90).
cost(2, 25, 86).
cost(2, 26, 82).
cost(2, 27, 37).
cost(2, 28, 51).
cost(2, 29, 43).
cost(2, 30, 36).
cost(2, 31, 36).
cost(2, 32, 43).
cost(3, 1, 2).
cost(3, 2, 11).
cost(3, 4, 17).
cost(3, 5, 9).
cost(3, 6, 1).
cost(3, 7, 62).
cost(3, 8, 63).
cost(3, 9, 67).
cost(3, 10, 61).
cost(3, 11, 53).
cost(3, 12, 62).
cost(3, 13, 88).
cost(3, 14, 93).
cost(3, 15, 83).
cost(3, 16, 94).
cost(3, 17, 94).
cost(3, 18, 92).
cost(3, 19, 92).
cost(3, 20, 94).
cost(3, 21, 95).
cost(3, 22, 80).
cost(3, 23, 81).
cost(3, 24, 90).
cost(3, 25, 88).
cost(3, 26, 83).
cost(3, 27, 25).
cost(3, 28, 40).
cost(3, 29, 33).
cost(3, 30, 27).
cost(3, 31, 24).
cost(3, 32, 32).
cost(4, 1, 18).
cost(4, 2, 10).
cost(4, 3, 17).
cost(4, 5, 12).
cost(4, 6, 16).
cost(4, 7, 49).
cost(4, 8, 52).
cost(4, 9, 54).
cost(4, 10, 46).
cost(4, 11, 39).
cost(4, 12, 49).
cost(4, 13, 86).
cost(4, 14, 91).
cost(4, 15, 83).
cost(4, 16, 90).
cost(4, 17, 94).
cost(4, 18, 91).
cost(4, 19, 91).
cost(4, 20, 92).
cost(4, 21, 85).
cost(4, 22, 68).
cost(4, 23, 71).
cost(4, 24, 81).
cost(4, 25, 76).
cost(4, 26, 72).
cost(4, 27, 39).
cost(4, 28, 52).
cost(4, 29, 43).
cost(4, 30, 35).
cost(4, 31, 40).
cost(4, 32, 46).
cost(5, 1, 9).
cost(5, 2, 3).
cost(5, 3, 9).
cost(5, 4, 12).
cost(5, 6, 7).
cost(5, 7, 60).
cost(5, 8, 63).
cost(5, 9, 65).
cost(5, 10, 58).
cost(5, 11, 51).
cost(5, 12, 60).
cost(5, 13, 92).
cost(5, 14, 98).
cost(5, 15, 88).
cost(5, 16, 98).
cost(5, 17, 99).
cost(5, 18, 97).
cost(5, 19, 97).
cost(5, 20, 98).
cost(5, 21, 96).
cost(5, 22, 79).
cost(5, 23, 81).
cost(5, 24, 91).
cost(5, 25, 87).
cost(5, 26, 83).
cost(5, 27, 34).
cost(5, 28, 48).
cost(5, 29, 41).
cost(5, 30, 34).
cost(5, 31, 33).
cost(5, 32, 40).
cost(6, 1, 2).
cost(6, 2, 10).
cost(6, 3, 1).
cost(6, 4, 16).
cost(6, 5, 7).
cost(6, 7, 62).
cost(6, 8, 64).
cost(6, 9, 67).
cost(6, 10, 61).
cost(6, 11, 54).
cost(6, 12, 62).
cost(6, 13, 89).
cost(6, 14, 95).
cost(6, 15, 84).
cost(6, 16, 95).
cost(6, 17, 96).
cost(6, 18, 94).
cost(6, 19, 94).
cost(6, 20, 95).
cost(6, 21, 96).
cost(6, 22, 80).
cost(6, 23, 82).
cost(6, 24, 91).
cost(6, 25, 88).
cost(6, 26, 84).
cost(6, 27, 26).
cost(6, 28, 41).
cost(6, 29, 34).
cost(6, 30, 28).
cost(6, 31, 25).
cost(6, 32, 33).
cost(7, 1, 64).
cost(7, 2, 59).
cost(7, 3, 62).
cost(7, 4, 49).
cost(7, 5, 60).
cost(7, 6, 62).
cost(7, 8, 8).
cost(7, 9, 5).
cost(7, 10, 11).
cost(7, 11, 11).
cost(7, 12, 3).
cost(7, 13, 58).
cost(7, 14, 62).
cost(7, 15, 64).
cost(7, 16, 59).
cost(7, 17, 69).
cost(7, 18, 67).
cost(7, 19, 67).
cost(7, 20, 67).
cost(7, 21, 39).
cost(7, 22, 19).
cost(7, 23, 24).
cost(7, 24, 35).
cost(7, 25, 28).
cost(7, 26, 24).
cost(7, 27, 72).
cost(7, 28, 75).
cost(7, 29, 65).
cost(7, 30, 58).
cost(7, 31, 75).
cost(7, 32, 78).
cost(8, 1, 65).
cost(8, 2, 62).
cost(8, 3, 63).
cost(8, 4, 52).
cost(8, 5, 63).
cost(8, 6, 64).
cost(8, 7, 8).
cost(8, 9, 9).
cost(8, 10, 19).
cost(8, 11, 18).
cost(8, 12, 11).
cost(8, 13, 50).
cost(8, 14, 54).
cost(8, 15, 56).
cost(8, 16, 51).
cost(8, 17, 61).
cost(8, 18, 59).
cost(8, 19, 59).
cost(8, 20, 59).
cost(8, 21, 34).
cost(8, 22, 17).
cost(8, 23, 19).
cost(8, 24, 29).
cost(8, 25, 25).
cost(8, 26, 20).
cost(8, 27, 70).
cost(8, 28, 72).
cost(8, 29, 62).
cost(8, 30, 56).
cost(8, 31, 74).
cost(8, 32, 75).
cost(9, 1, 69).
cost(9, 2, 64).
cost(9, 3, 67).
cost(9, 4, 54).
cost(9, 5, 65).
cost(9, 6, 67).
cost(9, 7, 5).
cost(9, 8, 9).
cost(9, 10, 13).
cost(9, 11, 15).
cost(9, 12, 6).
cost(9, 13, 58).
cost(9, 14, 62).
cost(9, 15, 65).
cost(9, 16, 58).
cost(9, 17, 69).
cost(9, 18, 67).
cost(9, 19, 67).
cost(9, 20, 67).
cost(9, 21, 36).
cost(9, 22, 15).
cost(9, 23, 21).
cost(9, 24, 32).
cost(9, 25, 24).
cost(9, 26, 21).
cost(9, 27, 77).
cost(9, 28, 79).
cost(9, 29, 69).
cost(9, 30, 62).
cost(9, 31, 80).
cost(9, 32, 82).
cost(10, 1, 63).
cost(10, 2, 56).
cost(10, 3, 61).
cost(10, 4, 46).
cost(10, 5, 58).
cost(10, 6, 61).
cost(10, 7, 11).
cost(10, 8, 19).
cost(10, 9, 13).
cost(10, 11, 8).
cost(10, 12, 8).
cost(10, 13, 69).
cost(10, 14, 73).
cost(10, 15, 74).
cost(10, 16, 70).
cost(10, 17, 80).
cost(10, 18, 78).
cost(10, 19, 78).
cost(10, 20, 78).
cost(10, 21, 48).
cost(10, 22, 27).
cost(10, 23, 34).
cost(10, 24, 45).
cost(10, 25, 35).
cost(10, 26, 33).
cost(10, 27, 75).
cost(10, 28, 80).
cost(10, 29, 70).
cost(10, 30, 62).
cost(10, 31, 77).
cost(10, 32, 81).
cost(11, 1, 55).
cost(11, 2, 49).
cost(11, 3, 53).
cost(11, 4, 39).
cost(11, 5, 51).
cost(11, 6, 54).
cost(11, 7, 11).
cost(11, 8, 18).
cost(11, 9, 15).
cost(11, 10, 8).
cost(11, 12, 10).
cost(11, 13, 66).
cost(11, 14, 70).
cost(11, 15, 70).
cost(11, 16, 68).
cost(11, 17, 76).
cost(11, 18, 74).
cost(11, 19, 74).
cost(11, 20, 74).
cost(11, 21, 50).
cost(11, 22, 30).
cost(11, 23, 35).
cost(11, 24, 46).
cost(11, 25, 39).
cost(11, 26, 35).
cost(11, 27, 66).
cost(11, 28, 72).
cost(11, 29, 61).
cost(11, 30, 54).
cost(11, 31, 69).
cost(11, 32, 73).
cost(12, 1, 64).
cost(12, 2, 59).
cost(12, 3, 62).
cost(12, 4, 49).
cost(12, 5, 60).
cost(12, 6, 62).
cost(12, 7, 3).
cost(12, 8, 11).
cost(12, 9, 6).
cost(12, 10, 8).
cost(12, 11, 10).
cost(12, 13, 61).
cost(12, 14, 65).
cost(12, 15, 67).
cost(12, 16, 62).
cost(12, 17, 72).
cost(12, 18, 70).
cost(12, 19, 70).
cost(12, 20, 70).
cost(12, 21, 41).
cost(12, 22, 20).
cost(12, 23, 26).
cost(12, 24, 38).
cost(12, 25, 29).
cost(12, 26, 26).
cost(12, 27, 73).
cost(12, 28, 77).
cost(12, 29, 67).
cost(12, 30, 59).
cost(12, 31, 77).
cost(12, 32, 79).
cost(13, 1, 90).
cost(13, 2, 93).
cost(13, 3, 88).
cost(13, 4, 86).
cost(13, 5, 92).
cost(13, 6, 89).
cost(13, 7, 58).
cost(13, 8, 50).
cost(13, 9, 58).
cost(13, 10, 69).
cost(13, 11, 66).
cost(13, 12, 61).
cost(13, 14, 5).
cost(13, 15, 14).
cost(13, 16, 7).
cost(13, 17, 11).
cost(13, 18, 10).
cost(13, 19, 10).
cost(13, 20, 9).
cost(13, 21, 41).
cost(13, 22, 52).
cost(13, 23, 44).
cost(13, 24, 38).
cost(13, 25, 51).
cost(13, 26, 47).
cost(13, 27, 80).
cost(13, 28, 71).
cost(13, 29, 66).
cost(13, 30, 66).
cost(13, 31, 85).
cost(13, 32, 81).
cost(14, 1, 95).
cost(14, 2, 99).
cost(14, 3, 93).
cost(14, 4, 91).
cost(14, 5, 98).
cost(14, 6, 95).
cost(14, 7, 62).
cost(14, 8, 54).
cost(14, 9, 62).
cost(14, 10, 73).
cost(14, 11, 70).
cost(14, 12, 65).
cost(14, 13, 5).
cost(14, 15, 17).
cost(14, 16, 5).
cost(14, 17, 9).
cost(14, 18, 9).
cost(14, 19, 9).
cost(14, 20, 7).
cost(14, 21, 42).
cost(14, 22, 55).
cost(14, 23, 46).
cost(14, 24, 39).
cost(14, 25, 52).
cost(14, 26, 49).
cost(14, 27, 85).
cost(14, 28, 76).
cost(14, 29, 71).
cost(14, 30, 71).
cost(14, 31, 90).
cost(14, 32, 86).
cost(15, 1, 84).
cost(15, 2, 89).
cost(15, 3, 83).
cost(15, 4, 83).
cost(15, 5, 88).
cost(15, 6, 84).
cost(15, 7, 64).
cost(15, 8, 56).
cost(15, 9, 65).
cost(15, 10, 74).
cost(15, 11, 70).
cost(15, 12, 67).
cost(15, 13, 14).
cost(15, 14, 17).
cost(15, 16, 21).
cost(15, 17, 13).
cost(15, 18, 11).
cost(15, 19, 11).
cost(15, 20, 13).
cost(15, 21, 54).
cost(15, 22, 62).
cost(15, 23, 54).
cost(15, 24, 50).
cost(15, 25, 61).
cost(15, 26, 57).
cost(15, 27, 71).
cost(15, 28, 60).
cost(15, 29, 57).
cost(15, 30, 58).
cost(15, 31, 76).
cost(15, 32, 71).
cost(16, 1, 96).
cost(16, 2, 98).
cost(16, 3, 94).
cost(16, 4, 90).
cost(16, 5, 98).
cost(16, 6, 95).
cost(16, 7, 59).
cost(16, 8, 51).
cost(16, 9, 58).
cost(16, 10, 70).
cost(16, 11, 68).
cost(16, 12, 62).
cost(16, 13, 7).
cost(16, 14, 5).
cost(16, 15, 21).
cost(16, 17, 14).
cost(16, 18, 14).
cost(16, 19, 14).
cost(16, 20, 12).
cost(16, 21, 37).
cost(16, 22, 51).
cost(16, 23, 42).
cost(16, 24, 35).
cost(16, 25, 48).
cost(16, 26, 45).
cost(16, 27, 87).
cost(16, 28, 78).
cost(16, 29, 73).
cost(16, 30, 72).
cost(16, 31, 92).
cost(16, 32, 88).
cost(17, 1, 96).
cost(17, 2, 101).
cost(17, 3, 94).
cost(17, 4, 94).
cost(17, 5, 99).
cost(17, 6, 96).
cost(17, 7, 69).
cost(17, 8, 61).
cost(17, 9, 69).
cost(17, 10, 80).
cost(17, 11, 76).
cost(17, 12, 72).
cost(17, 13, 11).
cost(17, 14, 9).
cost(17, 15, 13).
cost(17, 16, 14).
cost(17, 18, 2).
cost(17, 19, 2).
cost(17, 20, 3).
cost(17, 21, 51).
cost(17, 22, 63).
cost(17, 23, 55).
cost(17, 24, 48).
cost(17, 25, 61).
cost(17, 26, 58).
cost(17, 27, 83).
cost(17, 28, 73).
cost(17, 29, 70).
cost(17, 30, 70).
cost(17, 31, 89).
cost(17, 32, 84).
cost(18, 1, 94).
cost(18, 2, 98).
cost(18, 3, 92).
cost(18, 4, 91).
cost(18, 5, 97).
cost(18, 6, 94).
cost(18, 7, 67).
cost(18, 8, 59).
cost(18, 9, 67).
cost(18, 10, 78).
cost(18, 11, 74).
cost(18, 12, 70).
cost(18, 13, 10).
cost(18, 14, 9).
cost(18, 15, 11).
cost(18, 16, 14).
cost(18, 17, 2).
cost(18, 19, 0).
cost(18, 20, 2).
cost(18, 21, 50).
cost(18, 22, 62).
cost(18, 23, 53).
cost(18, 24, 47).
cost(18, 25, 60).
cost(18, 26, 57).
cost(18, 27, 81).
cost(18, 28, 71).
cost(18, 29, 68).
cost(18, 30, 68).
cost(18, 31, 87).
cost(18, 32, 82).
cost(19, 1, 94).
cost(19, 2, 98).
cost(19, 3, 92).
cost(19, 4, 91).
cost(19, 5, 97).
cost(19, 6, 94).
cost(19, 7, 67).
cost(19, 8, 59).
cost(19, 9, 67).
cost(19, 10, 78).
cost(19, 11, 74).
cost(19, 12, 70).
cost(19, 13, 10).
cost(19, 14, 9).
cost(19, 15, 11).
cost(19, 16, 14).
cost(19, 17, 2).
cost(19, 18, 0).
cost(19, 20, 3).
cost(19, 21, 51).
cost(19, 22, 62).
cost(19, 23, 53).
cost(19, 24, 48).
cost(19, 25, 60).
cost(19, 26, 57).
cost(19, 27, 81).
cost(19, 28, 71).
cost(19, 29, 67).
cost(19, 30, 68).
cost(19, 31, 86).
cost(19, 32, 81).
cost(20, 1, 95).
cost(20, 2, 99).
cost(20, 3, 94).
cost(20, 4, 92).
cost(20, 5, 98).
cost(20, 6, 95).
cost(20, 7, 67).
cost(20, 8, 59).
cost(20, 9, 67).
cost(20, 10, 78).
cost(20, 11, 74).
cost(20, 12, 70).
cost(20, 13, 9).
cost(20, 14, 7).
cost(20, 15, 13).
cost(20, 16, 12).
cost(20, 17, 3).
cost(20, 18, 2).
cost(20, 19, 3).
cost(20, 21, 49).
cost(20, 22, 61).
cost(20, 23, 52).
cost(20, 24, 46).
cost(20, 25, 59).
cost(20, 26, 55).
cost(20, 27, 83).
cost(20, 28, 73).
cost(20, 29, 69).
cost(20, 30, 70).
cost(20, 31, 88).
cost(20, 32, 84).
cost(21, 1, 97).
cost(21, 2, 95).
cost(21, 3, 95).
cost(21, 4, 85).
cost(21, 5, 96).
cost(21, 6, 96).
cost(21, 7, 39).
cost(21, 8, 34).
cost(21, 9, 36).
cost(21, 10, 48).
cost(21, 11, 50).
cost(21, 12, 41).
cost(21, 13, 41).
cost(21, 14, 42).
cost(21, 15, 54).
cost(21, 16, 37).
cost(21, 17, 51).
cost(21, 18, 50).
cost(21, 19, 51).
cost(21, 20, 49).
cost(21, 22, 22).
cost(21, 23, 15).
cost(21, 24, 5).
cost(21, 25, 14).
cost(21, 26, 15).
cost(21, 27, 97).
cost(21, 28, 95).
cost(21, 29, 86).
cost(21, 30, 82).
cost(21, 31, 102).
cost(21, 32, 101).
cost(22, 1, 82).
cost(22, 2, 78).
cost(22, 3, 80).
cost(22, 4, 68).
cost(22, 5, 79).
cost(22, 6, 80).
cost(22, 7, 19).
cost(22, 8, 17).
cost(22, 9, 15).
cost(22, 10, 27).
cost(22, 11, 30).
cost(22, 12, 20).
cost(22, 13, 52).
cost(22, 14, 55).
cost(22, 15, 62).
cost(22, 16, 51).
cost(22, 17, 63).
cost(22, 18, 62).
cost(22, 19, 62).
cost(22, 20, 61).
cost(22, 21, 22).
cost(22, 23, 9).
cost(22, 24, 20).
cost(22, 25, 9).
cost(22, 26, 7).
cost(22, 27, 87).
cost(22, 28, 88).
cost(22, 29, 78).
cost(22, 30, 72).
cost(22, 31, 91).
cost(22, 32, 92).
cost(23, 1, 83).
cost(23, 2, 81).
cost(23, 3, 81).
cost(23, 4, 71).
cost(23, 5, 81).
cost(23, 6, 82).
cost(23, 7, 24).
cost(23, 8, 19).
cost(23, 9, 21).
cost(23, 10, 34).
cost(23, 11, 35).
cost(23, 12, 26).
cost(23, 13, 44).
cost(23, 14, 46).
cost(23, 15, 54).
cost(23, 16, 42).
cost(23, 17, 55).
cost(23, 18, 53).
cost(23, 19, 53).
cost(23, 20, 52).
cost(23, 21, 15).
cost(23, 22, 9).
cost(23, 24, 12).
cost(23, 25, 9).
cost(23, 26, 4).
cost(23, 27, 86).
cost(23, 28, 85).
cost(23, 29, 76).
cost(23, 30, 70).
cost(23, 31, 90).
cost(23, 32, 90).
cost(24, 1, 92).
cost(24, 2, 90).
cost(24, 3, 90).
cost(24, 4, 81).
cost(24, 5, 91).
cost(24, 6, 91).
cost(24, 7, 35).
cost(24, 8, 29).
cost(24, 9, 32).
cost(24, 10, 45).
cost(24, 11, 46).
cost(24, 12, 38).
cost(24, 13, 38).
cost(24, 14, 39).
cost(24, 15, 50).
cost(24, 16, 35).
cost(24, 17, 48).
cost(24, 18, 47).
cost(24, 19, 48).
cost(24, 20, 46).
cost(24, 21, 5).
cost(24, 22, 20).
cost(24, 23, 12).
cost(24, 25, 14).
cost(24, 26, 13).
cost(24, 27, 92).
cost(24, 28, 90).
cost(24, 29, 81).
cost(24, 30, 77).
cost(24, 31, 97).
cost(24, 32, 96).
cost(25, 1, 90).
cost(25, 2, 86).
cost(25, 3, 88).
cost(25, 4, 76).
cost(25, 5, 87).
cost(25, 6, 88).
cost(25, 7, 28).
cost(25, 8, 25).
cost(25, 9, 24).
cost(25, 10, 35).
cost(25, 11, 39).
cost(25, 12, 29).
cost(25, 13, 51).
cost(25, 14, 52).
cost(25, 15, 61).
cost(25, 16, 48).
cost(25, 17, 61).
cost(25, 18, 60).
cost(25, 19, 60).
cost(25, 20, 59).
cost(25, 21, 14).
cost(25, 22, 9).
cost(25, 23, 9).
cost(25, 24, 14).
cost(25, 26, 5).
cost(25, 27, 94).
cost(25, 28, 93).
cost(25, 29, 84).
cost(25, 30, 78).
cost(25, 31, 98).
cost(25, 32, 98).
cost(26, 1, 85).
cost(26, 2, 82).
cost(26, 3, 83).
cost(26, 4, 72).
cost(26, 5, 83).
cost(26, 6, 84).
cost(26, 7, 24).
cost(26, 8, 20).
cost(26, 9, 21).
cost(26, 10, 33).
cost(26, 11, 35).
cost(26, 12, 26).
cost(26, 13, 47).
cost(26, 14, 49).
cost(26, 15, 57).
cost(26, 16, 45).
cost(26, 17, 58).
cost(26, 18, 57).
cost(26, 19, 57).
cost(26, 20, 55).
cost(26, 21, 15).
cost(26, 22, 7).
cost(26, 23, 4).
cost(26, 24, 13).
cost(26, 25, 5).
cost(26, 27, 88).
cost(26, 28, 88).
cost(26, 29, 79).
cost(26, 30, 73).
cost(26, 31, 93).
cost(26, 32, 93).
cost(27, 1, 25).
cost(27, 2, 37).
cost(27, 3, 25).
cost(27, 4, 39).
cost(27, 5, 34).
cost(27, 6, 26).
cost(27, 7, 72).
cost(27, 8, 70).
cost(27, 9, 77).
cost(27, 10, 75).
cost(27, 11, 66).
cost(27, 12, 73).
cost(27, 13, 80).
cost(27, 14, 85).
cost(27, 15, 71).
cost(27, 16, 87).
cost(27, 17, 83).
cost(27, 18, 81).
cost(27, 19, 81).
cost(27, 20, 83).
cost(27, 21, 97).
cost(27, 22, 87).
cost(27, 23, 86).
cost(27, 24, 92).
cost(27, 25, 94).
cost(27, 26, 88).
cost(27, 28, 16).
cost(27, 29, 14).
cost(27, 30, 16).
cost(27, 31, 5).
cost(27, 32, 7).
cost(28, 1, 40).
cost(28, 2, 51).
cost(28, 3, 40).
cost(28, 4, 52).
cost(28, 5, 48).
cost(28, 6, 41).
cost(28, 7, 75).
cost(28, 8, 72).
cost(28, 9, 79).
cost(28, 10, 80).
cost(28, 11, 72).
cost(28, 12, 77).
cost(28, 13, 71).
cost(28, 14, 76).
cost(28, 15, 60).
cost(28, 16, 78).
cost(28, 17, 73).
cost(28, 18, 71).
cost(28, 19, 71).
cost(28, 20, 73).
cost(28, 21, 95).
cost(28, 22, 88).
cost(28, 23, 85).
cost(28, 24, 90).
cost(28, 25, 93).
cost(28, 26, 88).
cost(28, 27, 16).
cost(28, 29, 10).
cost(28, 30, 19).
cost(28, 31, 19).
cost(28, 32, 12).
cost(29, 1, 34).
cost(29, 2, 43).
cost(29, 3, 33).
cost(29, 4, 43).
cost(29, 5, 41).
cost(29, 6, 34).
cost(29, 7, 65).
cost(29, 8, 62).
cost(29, 9, 69).
cost(29, 10, 70).
cost(29, 11, 61).
cost(29, 12, 67).
cost(29, 13, 66).
cost(29, 14, 71).
cost(29, 15, 57).
cost(29, 16, 73).
cost(29, 17, 70).
cost(29, 18, 68).
cost(29, 19, 67).
cost(29, 20, 69).
cost(29, 21, 86).
cost(29, 22, 78).
cost(29, 23, 76).
cost(29, 24, 81).
cost(29, 25, 84).
cost(29, 26, 79).
cost(29, 27, 14).
cost(29, 28, 10).
cost(29, 30, 9).
cost(29, 31, 19).
cost(29, 32, 15).
cost(30, 1, 28).
cost(30, 2, 36).
cost(30, 3, 27).
cost(30, 4, 35).
cost(30, 5, 34).
cost(30, 6, 28).
cost(30, 7, 58).
cost(30, 8, 56).
cost(30, 9, 62).
cost(30, 10, 62).
cost(30, 11, 54).
cost(30, 12, 59).
cost(30, 13, 66).
cost(30, 14, 71).
cost(30, 15, 58).
cost(30, 16, 72).
cost(30, 17, 70).
cost(30, 18, 68).
cost(30, 19, 68).
cost(30, 20, 70).
cost(30, 21, 82).
cost(30, 22, 72).
cost(30, 23, 70).
cost(30, 24, 77).
cost(30, 25, 78).
cost(30, 26, 73).
cost(30, 27, 16).
cost(30, 28, 19).
cost(30, 29, 9).
cost(30, 31, 20).
cost(30, 32, 20).
cost(31, 1, 24).
cost(31, 2, 36).
cost(31, 3, 24).
cost(31, 4, 40).
cost(31, 5, 33).
cost(31, 6, 25).
cost(31, 7, 75).
cost(31, 8, 74).
cost(31, 9, 80).
cost(31, 10, 77).
cost(31, 11, 69).
cost(31, 12, 77).
cost(31, 13, 85).
cost(31, 14, 90).
cost(31, 15, 76).
cost(31, 16, 92).
cost(31, 17, 89).
cost(31, 18, 87).
cost(31, 19, 86).
cost(31, 20, 88).
cost(31, 21, 102).
cost(31, 22, 91).
cost(31, 23, 90).
cost(31, 24, 97).
cost(31, 25, 98).
cost(31, 26, 93).
cost(31, 27, 5).
cost(31, 28, 19).
cost(31, 29, 19).
cost(31, 30, 20).
cost(31, 32, 9).
cost(32, 1, 32).
cost(32, 2, 43).
cost(32, 3, 32).
cost(32, 4, 46).
cost(32, 5, 40).
cost(32, 6, 33).
cost(32, 7, 78).
cost(32, 8, 75).
cost(32, 9, 82).
cost(32, 10, 81).
cost(32, 11, 73).
cost(32, 12, 79).
cost(32, 13, 81).
cost(32, 14, 86).
cost(32, 15, 71).
cost(32, 16, 88).
cost(32, 17, 84).
cost(32, 18, 82).
cost(32, 19, 81).
cost(32, 20, 84).
cost(32, 21, 101).
cost(32, 22, 92).
cost(32, 23, 90).
cost(32, 24, 96).
cost(32, 25, 98).
cost(32, 26, 93).
cost(32, 27, 7).
cost(32, 28, 12).
cost(32, 29, 15).
cost(32, 30, 20).
cost(32, 31, 9).
