dimension(32).
point(1, 66.2947835005, 31.4529865959).
point(2, 57.1745621835, 23.1829663368).
point(3, 57.6641617361, 9.4555947492).
point(4, 62.4206718516, 20.8411054704).
point(5, 59.8665603296, 30.6169714526).
point(6, 59.9997017943, 24.0922351794).
point(7, 19.2360186099, 34.1544780704).
point(8, 24.1568112658, 34.6249467128).
point(9, 18.8048895038, 37.3663729555).
point(10, 21.3327794087, 41.3034910604).
point(11, 19.8807818307, 37.8483537125).
point(12, 25.8725997337, 43.7439061172).
point(13, 88.3061433806, 87.3135938786).
point(14, 98.3003868978, 87.4512415044).
point(15, 87.4266623293, 84.4611699214).
point(16, 93.4530930007, 73.5021325873).
point(17, 89.4176489705, 79.580745717).
point(18, 88.4339768472, 90.6072399625).
point(19, 75.6918405792, 77.6117561025).
point(20, 71.8933803597, 79.1052606282).
point(21, 81.2254935962, 73.9328307065).
point(22, 67.7245920478, 81.447773057).
point(23, 74.2323730686, 81.9226940853).
point(24, 71.9734422988, 76.0555191174).
point(25, 7.6638946536, 6.746999164).
point(26, 14.0247382988, 14.8519964542).
point(27, 1.5051243154, 19.2967362704).
point(28, 3.3312782755, 1.9852666493).
point(29, 13.7775425517, 6.0219749188).
point(30, 2.1755245529, 8.1638810938).
point(31, 4.3470643812, 13.8634508989).
point(32, 7.387840854, 21.4650341033).
cost(1, 2, 12).
cost(1, 3, 24).
cost(1, 4, 11).
cost(1, 5, 6).
cost(1, 6, 10).
cost(1, 7, 47).
cost(1, 8, 42).
cost(1, 9, 48).
cost(1, 10, 46).
cost(1, 11, 47).
cost(1, 12, 42).
cost(1, 13, 60).
cost(1, 14, 64).
cost(1, 15, 57).
cost(1, 16, 50).
cost(1, 17, 53).
cost(1, 18, 63).
cost(1, 19, 47).
cost(1, 20, 48).
cost(1, 21, 45).
cost(1, 22, 50).
cost(1, 23, 51).
cost(1, 24, 45).
cost(1, 25, 64).
cost(1, 26, 55).
cost(1, 27, 66).
cost(1, 28, 70).
cost(1, 29, 58).
cost(1, 30, 68).
cost(1, 31, 64).
cost(1, 32, 60).
cost(2, 1, 12).
cost(2, 3, 14).
cost(2, 4, 6).
cost(2, 5, 8).
cost(2, 6, 3).
cost(2, 7, 39).
cost(2, 8, 35).
cost(2, 9, 41).
cost(2, 10, 40).
cost(2, 11, 40).
cost(2, 12, 37).
cost(2, 13, 71).
cost(2, 14, 76).
cost(2, 15, 68).
cost(2, 16, 62).
cost(2, 17, 65).
cost(2, 18, 74).
cost(2, 19, 57).
cost(2, 20, 58).
cost(2, 21, 56).
cost(2, 22, 59).
cost(2, 23, 61).
cost(2, 24, 55).
cost(2, 25, 52).
cost(2, 26, 44).
cost(2, 27, 56).
cost(2, 28, 58).
cost(2, 29, 47).
cost(2, 30, 57).
cost(2, 31, 54).
cost(2, 32, 50).
cost(3, 1, 24).
cost(3, 2, 14).
cost(3, 4, 12).
cost(3, 5, 21).
cost(3, 6, 15).
cost(3, 7, 46).
cost(3, 8, 42).
cost(3, 9, 48).
cost(3, 10, 48).
cost(3, 11, 47).
cost(3, 12, 47).
cost(3, 13, 84).
cost(3, 14, 88).
cost(3, 15, 81).
cost(3, 16, 73).
cost(3, 17, 77).
cost(3, 18, 87).
cost(3, 19, 71).
cost(3, 20, 71).
cost(3, 21, 69).
cost(3, 22, 73).
cost(3, 23, 74).
cost(3, 24, 68).
cost(3, 25, 50).
cost(3, 26, 44).
cost(3, 27, 57).
cost(3, 28, 55).
cost(3, 29, 44).
cost(3, 30, 56).
cost(3, 31, 53).
cost(3, 32, 52).
cost(4, 1, 11).
cost(4, 2, 6).
cost(4, 3, 12).
cost(4, 5, 10).
cost(4, 6, 4).
cost(4, 7, 45).
cost(4, 8, 41).
cost(4, 9, 47).
cost(4, 10, 46).
cost(4, 11, 46).
cost(4, 12, 43).
cost(4, 13, 71).
cost(4, 14, 76).
cost(4, 15, 68).
cost(4, 16, 61).
cost(4, 17, 65).
cost(4, 18, 74).
cost(4, 19, 58).
cost(4, 20, 59).
cost(4, 21, 56).
cost(4, 22, 61).
cost(4, 23, 62).
cost(4, 24, 56).
cost(4, 25, 57).
cost(4, 26, 49).
cost(4, 27, 61).
cost(4, 28, 62).
cost(4, 29, 51).
cost(4, 30, 62).
cost(4, 31, 58).
cost(4, 32, 55).
cost(5, 1, 6).
cost(5, 2, 8).
cost(5, 3, 21).
cost(5, 4, 10).
cost(5, 6, 7).
cost(5, 7, 41).
cost(5, 8, 36).
cost(5, 9, 42).
cost(5, 10, 40).
cost(5, 11, 41).
cost(5, 12, 36).
cost(5, 13, 63).
cost(5, 14, 69).
cost(5, 15, 60).
cost(5, 16, 54).
cost(5, 17, 57).
cost(5, 18, 66).
cost(5, 19, 50).
cost(5, 20, 50).
cost(5, 21, 48).
cost(5, 22, 51).
cost(5, 23, 53).
cost(5, 24, 47).
cost(5, 25, 57).
cost(5, 26, 48).
cost(5, 27, 59).
cost(5, 28, 63).
cost(5, 29, 52).
cost(5, 30, 62).
cost(5, 31, 58).
cost(5, 32, 53).
cost(6, 1, 10).
cost(6, 2, 3).
cost(6, 3, 15).
cost(6, 4, 4).
cost(6, 5, 7).
cost(6, 7, 42).
cost(6, 8, 37).
cost(6, 9, 43).
cost(6, 10, 42).
cost(6, 11, 42).
cost(6, 12, 39).
cost(6, 13, 69).
cost(6, 14, 74).
cost(6, 15, 66).
cost(6, 16, 60).
cost(6, 17, 63).
cost(6, 18, 72).
cost(6, 19, 56).
cost(6, 20, 56).
cost(6, 21, 54).
cost(6, 22, 58).
cost(6, 23, 60).
cost(6, 24, 53).
cost(6, 25, 55).
cost(6, 26, 47).
cost(6, 27, 59).
cost(6, 28, 61).
cost(6, 29, 50).
cost(6, 30, 60).
cost(6, 31, 57).
cost(6, 32, 53).
cost(7, 1, 47).
cost(7, 2, 39).
cost(7, 3, 46).
cost(7, 4, 45).
cost(7, 5, 41).
cost(7, 6, 42).
cost(7, 8, 5).
cost(7, 9, 3).
cost(7, 10, 7).
cost(7, 11, 4).
cost(7, 12, 12).
cost(7, 13, 87).
cost(7, 14, 95).
cost(7, 15, 85).
cost(7, 16, 84).
cost(7, 17, 84).
cost(7, 18, 89).
cost(7, 19, 71).
cost(7, 20, 69).
cost(7, 21, 74).
cost(7, 22, 68).
cost(7, 23, 73).
cost(7, 24, 67).
cost(7, 25, 30).
cost(7, 26, 20).
cost(7, 27, 23).
cost(7, 28, 36).
cost(7, 29, 29).
cost(7, 30, 31).
cost(7, 31, 25).
cost(7, 32, 17).
cost(8, 1, 42).
cost(8, 2, 35).
cost(8, 3, 42).
cost(8, 4, 41).
cost(8, 5, 36).
cost(8, 6, 37).
cost(8, 7, 5).
cost(8, 9, 6).
cost(8, 10, 7).
cost(8, 11, 5).
cost(8, 12, 9).
cost(8, 13, 83).
cost(8, 14, 91).
cost(8, 15, 81).
cost(8, 16, 79).
cost(8, 17, 79).
cost(8, 18, 85).
cost(8, 19, 67).
cost(8, 20, 65).
cost(8, 21, 69).
cost(8, 22, 64).
cost(8, 23, 69).
cost(8, 24, 63).
cost(8, 25, 32).
cost(8, 26, 22).
cost(8, 27, 27).
cost(8, 28, 39).
cost(8, 29, 30).
cost(8, 30, 34).
cost(8, 31, 29).
cost(8, 32, 21).
cost(9, 1, 48).
cost(9, 2, 41).
cost(9, 3, 48).
cost(9, 4, 47).
cost(9, 5, 42).
cost(9, 6, 43).
cost(9, 7, 3).
cost(9, 8, 6).
cost(9, 10, 5).
cost(9, 11, 1).
cost(9, 12, 10).
cost(9, 13, 86).
cost(9, 14, 94).
cost(9, 15, 83).
cost(9, 16, 83).
cost(9, 17, 82).
cost(9, 18, 88).
cost(9, 19, 70).
cost(9, 20, 68).
cost(9, 21, 72).
cost(9, 22, 66).
cost(9, 23, 71).
cost(9, 24, 66).
cost(9, 25, 33).
cost(9, 26, 23).
cost(9, 27, 25).
cost(9, 28, 39).
cost(9, 29, 32).
cost(9, 30, 34).
cost(9, 31, 28).
cost(9, 32, 20).
cost(10, 1, 46).
cost(10, 2, 40).
cost(10, 3, 48).
cost(10, 4, 46).
cost(10, 5, 40).
cost(10, 6, 42).
cost(10, 7, 7).
cost(10, 8, 7).
cost(10, 9, 5).
cost(10, 11, 4).
cost(10, 12, 5).
cost(10, 13, 81).
cost(10, 14, 90).
cost(10, 15, 79).
cost(10, 16, 79).
cost(10, 17, 78).
cost(10, 18, 83).
cost(10, 19, 65).
cost(10, 20, 63).
cost(10, 21, 68).
cost(10, 22, 61).
cost(10, 23, 67).
cost(10, 24, 61).
cost(10, 25, 37).
cost(10, 26, 27).
cost(10, 27, 30).
cost(10, 28, 43).
cost(10, 29, 36).
cost(10, 30, 38).
cost(10, 31, 32).
cost(10, 32, 24).
cost(11, 1, 47).
cost(11, 2, 40).
cost(11, 3, 47).
cost(11, 4, 46).
cost(11, 5, 41).
cost(11, 6, 42).
cost(11, 7, 4).
cost(11, 8, 5).
cost(11, 9, 1).
cost(11, 10, 4).
cost(11, 12, 8).
cost(11, 13, 84).
cost(11, 14, 93).
cost(11, 15, 82).
cost(11, 16, 82).
cost(11, 17, 81).
cost(11, 18, 87).
cost(11, 19, 69).
cost(11, 20, 66).
cost(11, 21, 71).
cost(11, 22, 65).
cost(11, 23, 70).
cost(11, 24, 65).
cost(11, 25, 33).
cost(11, 26, 24).
cost(11, 27, 26).
cost(11, 28, 39).
cost(11, 29, 32).
cost(11, 30, 35).
cost(11, 31, 29).
cost(11, 32, 21).
cost(12, 1, 42).
cost(12, 2, 37).
cost(12, 3, 47).
cost(12, 4, 43).
cost(12, 5, 36).
cost(12, 6, 39).
cost(12, 7, 12).
cost(12, 8, 9).
cost(12, 9, 10).
cost(12, 10, 5).
cost(12, 11, 8).
cost(12, 13, 76).
cost(12, 14, 85).
cost(12, 15, 74).
cost(12, 16, 74).
cost(12, 17, 73).
cost(12, 18, 78).
cost(12, 19, 60).
cost(12, 20, 58).
cost(12, 21, 63).
cost(12, 22, 56).
cost(12, 23, 62).
cost(12, 24, 56).
cost(12, 25, 41).
cost(12, 26, 31).
cost(12, 27, 35).
cost(12, 28, 47).
cost(12, 29, 40).
cost(12, 30, 43).
cost(12, 31, 37).
cost(12, 32, 29).
cost(13, 1, 60).
cost(13, 2, 71).
cost(13, 3, 84).
cost(13, 4, 71).
cost(13, 5, 63).
cost(13, 6, 69).
cost(13, 7, 87).
cost(13, 8, 83).
cost(13, 9, 86).
cost(13, 10, 81).
cost(13, 11, 84).
cost(13, 12, 76).
cost(13, 14, 10).
cost(13, 15, 3).
cost(13, 16, 15).
cost(13, 17, 8).
cost(13, 18, 3).
cost(13, 19, 16).
cost(13, 20, 18).
cost(13, 21, 15).
cost(13, 22, 21).
cost(13, 23, 15).
cost(13, 24, 20).
cost(13, 25, 114).
cost(13, 26, 104).
cost(13, 27, 110).
cost(13, 28, 120).
cost(13, 29, 110).
cost(13, 30, 117).
cost(13, 31, 112).
cost(13, 32, 104).
cost(14, 1, 64).
cost(14, 2, 76).
cost(14, 3, 88).
cost(14, 4, 76).
cost(14, 5, 69).
cost(14, 6, 74).
cost(14, 7, 95).
cost(14, 8, 91).
cost(14, 9, 94).
cost(14, 10, 90).
cost(14, 11, 93).
cost(14, 12, 85).
cost(14, 13, 10).
cost(14, 15, 11).
cost(14, 16, 15).
cost(14, 17, 12).
cost(14, 18, 10).
cost(14, 19, 25).
cost(14, 20, 28).
cost(14, 21, 22).
cost(14, 22, 31).
cost(14, 23, 25).
cost(14, 24, 29).
cost(14, 25, 121).
cost(14, 26, 111).
cost(14, 27, 118).
cost(14, 28, 128).
cost(14, 29, 117).
cost(14, 30, 125).
cost(14, 31, 119).
cost(14, 32, 112).
cost(15, 1, 57).
cost(15, 2, 68).
cost(15, 3, 81).
cost(15, 4, 68).
cost(15, 5, 60).
cost(15, 6, 66).
cost(15, 7, 85).
cost(15, 8, 81).
cost(15, 9, 83).
cost(15, 10, 79).
cost(15, 11, 82).
cost(15, 12, 74).
cost(15, 13, 3).
cost(15, 14, 11).
cost(15, 16, 13).
cost(15, 17, 5).
cost(15, 18, 6).
cost(15, 19, 14).
cost(15, 20, 16).
cost(15, 21, 12).
cost(15, 22, 20).
cost(15, 23, 13).
cost(15, 24, 18).
cost(15, 25, 111).
cost(15, 26, 101).
cost(15, 27, 108).
cost(15, 28, 118).
cost(15, 29, 108).
cost(15, 30, 114).
cost(15, 31, 109).
cost(15, 32, 102).
cost(16, 1, 50).
cost(16, 2, 62).
cost(16, 3, 73).
cost(16, 4, 61).
cost(16, 5, 54).
cost(16, 6, 60).
cost(16, 7, 84).
cost(16, 8, 79).
cost(16, 9, 83).
cost(16, 10, 79).
cost(16, 11, 82).
cost(16, 12, 74).
cost(16, 13, 15).
cost(16, 14, 15).
cost(16, 15, 13).
cost(16, 17, 7).
cost(16, 18, 18).
cost(16, 19, 18).
cost(16, 20, 22).
cost(16, 21, 12).
cost(16, 22, 27).
cost(16, 23, 21).
cost(16, 24, 22).
cost(16, 25, 109).
cost(16, 26, 99).
cost(16, 27, 107).
cost(16, 28, 115).
cost(16, 29, 104).
cost(16, 30, 112).
cost(16, 31, 107).
cost(16, 32, 101).
cost(17, 1, 53).
cost(17, 2, 65).
cost(17, 3, 77).
cost(17, 4, 65).
cost(17, 5, 57).
cost(17, 6, 63).
cost(17, 7, 84).
cost(17, 8, 79).
cost(17, 9, 82).
cost(17, 10, 78).
cost(17, 11, 81).
cost(17, 12, 73).
cost(17, 13, 8).
cost(17, 14, 12).
cost(17, 15, 5).
cost(17, 16, 7).
cost(17, 18, 11).
cost(17, 19, 14).
cost(17, 20, 18).
cost(17, 21, 10).
cost(17, 22, 22).
cost(17, 23, 15).
cost(17, 24, 18).
cost(17, 25, 109).
cost(17, 26, 99).
cost(17, 27, 107).
cost(17, 28, 116).
cost(17, 29, 106).
cost(17, 30, 113).
cost(17, 31, 107).
cost(17, 32, 101).
cost(18, 1, 63).
cost(18, 2, 74).
cost(18, 3, 87).
cost(18, 4, 74).
cost(18, 5, 66).
cost(18, 6, 72).
cost(18, 7, 89).
cost(18, 8, 85).
cost(18, 9, 88).
cost(18, 10, 83).
cost(18, 11, 87).
cost(18, 12, 78).
cost(18, 13, 3).
cost(18, 14, 10).
cost(18, 15, 6).
cost(18, 16, 18).
cost(18, 17, 11).
cost(18, 19, 18).
cost(18, 20, 20).
cost(18, 21, 18).
cost(18, 22, 23).
cost(18, 23, 17).
cost(18, 24, 22).
cost(18, 25, 116).
cost(18, 26, 106).
cost(18, 27, 112).
cost(18, 28, 123).
cost(18, 29, 113).
cost(18, 30, 119).
cost(18, 31, 114).
cost(18, 32, 107).
cost(19, 1, 47).
cost(19, 2, 57).
cost(19, 3, 71).
cost(19, 4, 58).
cost(19, 5, 50).
cost(19, 6, 56).
cost(19, 7, 71).
cost(19, 8, 67).
cost(19, 9, 70).
cost(19, 10, 65).
cost(19, 11, 69).
cost(19, 12, 60).
cost(19, 13, 16).
cost(19, 14, 25).
cost(19, 15, 14).
cost(19, 16, 18).
cost(19, 17, 14).
cost(19, 18, 18).
cost(19, 20, 4).
cost(19, 21, 7).
cost(19, 22, 9).
cost(19, 23, 5).
cost(19, 24, 4).
cost(19, 25, 98).
cost(19, 26, 88).
cost(19, 27, 94).
cost(19, 28, 105).
cost(19, 29, 95).
cost(19, 30, 101).
cost(19, 31, 96).
cost(19, 32, 88).
cost(20, 1, 48).
cost(20, 2, 58).
cost(20, 3, 71).
cost(20, 4, 59).
cost(20, 5, 50).
cost(20, 6, 56).
cost(20, 7, 69).
cost(20, 8, 65).
cost(20, 9, 68).
cost(20, 10, 63).
cost(20, 11, 66).
cost(20, 12, 58).
cost(20, 13, 18).
cost(20, 14, 28).
cost(20, 15, 16).
cost(20, 16, 22).
cost(20, 17, 18).
cost(20, 18, 20).
cost(20, 19, 4).
cost(20, 21, 11).
cost(20, 22, 5).
cost(20, 23, 4).
cost(20, 24, 3).
cost(20, 25, 97).
cost(20, 26, 86).
cost(20, 27, 92).
cost(20, 28, 103).
cost(20, 29, 93).
cost(20, 30, 99).
cost(20, 31, 94).
cost(20, 32, 87).
cost(21, 1, 45).
cost(21, 2, 56).
cost(21, 3, 69).
cost(21, 4, 56).
cost(21, 5, 48).
cost(21, 6, 54).
cost(21, 7, 74).
cost(21, 8, 69).
cost(21, 9, 72).
cost(21, 10, 68).
cost(21, 11, 71).
cost(21, 12, 63).
cost(21, 13, 15).
cost(21, 14, 22).
cost(21, 15, 12).
cost(21, 16, 12).
cost(21, 17, 10).
cost(21, 18, 18).
cost(21, 19, 7).
cost(21, 20, 11).
cost(21, 22, 15).
cost(21, 23, 11).
cost(21, 24, 9).
cost(21, 25, 100).
cost(21, 26, 89).
cost(21, 27, 97).
cost(21, 28, 106).
cost(21, 29, 96).
cost(21, 30, 103).
cost(21, 31, 98).
cost(21, 32, 91).
cost(22, 1, 50).
cost(22, 2, 59).
cost(22, 3, 73).
cost(22, 4, 61).
cost(22, 5, 51).
cost(22, 6, 58).
cost(22, 7, 68).
cost(22, 8, 64).
cost(22, 9, 66).
cost(22, 10, 61).
cost(22, 11, 65).
cost(22, 12, 56).
cost(22, 13, 21).
cost(22, 14, 31).
cost(22, 15, 20).
cost(22, 16, 27).
cost(22, 17, 22).
cost(22, 18, 23).
cost(22, 19, 9).
cost(22, 20, 5).
cost(22, 21, 15).
cost(22, 23, 7).
cost(22, 24, 7).
cost(22, 25, 96).
cost(22, 26, 86).
cost(22, 27, 91).
cost(22, 28, 102).
cost(22, 29, 93).
cost(22, 30, 98).
cost(22, 31, 93).
cost(22, 32, 85).
cost(23, 1, 51).
cost(23, 2, 61).
cost(23, 3, 74).
cost(23, 4, 62).
cost(23, 5, 53).
cost(23, 6, 60).
cost(23, 7, 73).
cost(23, 8, 69).
cost(23, 9, 71).
cost(23, 10, 67).
cost(23, 11, 70).
cost(23, 12, 62).
cost(23, 13, 15).
cost(23, 14, 25).
cost(23, 15, 13).
cost(23, 16, 21).
cost(23, 17, 15).
cost(23, 18, 17).
cost(23, 19, 5).
cost(23, 20, 4).
cost(23, 21, 11).
cost(23, 22, 7).
cost(23, 24, 6).
cost(23, 25, 100).
cost(23, 26, 90).
cost(23, 27, 96).
cost(23, 28, 107).
cost(23, 29, 97).
cost(23, 30, 103).
cost(23, 31, 98).
cost(23, 32, 90).
cost(24, 1, 45).
cost(24, 2, 55).
cost(24, 3, 68).
cost(24, 4, 56).
cost(24, 5, 47).
cost(24, 6, 53).
cost(24, 7, 67).
cost(24, 8, 63).
cost(24, 9, 66).
cost(24, 10, 61).
cost(24, 11, 65).
cost(24, 12, 56).
cost(24, 13, 20).
cost(24, 14, 29).
cost(24, 15, 18).
cost(24, 16, 22).
cost(24, 17, 18).
cost(24, 18, 22).
cost(24, 19, 4).
cost(24, 20, 3).
cost(24, 21, 9).
cost(24, 22, 7).
cost(24, 23, 6).
cost(24, 25, 95).
cost(24, 26, 84).
cost(24, 27, 90).
cost(24, 28, 101).
cost(24, 29, 91).
cost(24, 30, 97).
cost(24, 31, 92).
cost(24, 32, 85).
cost(25, 1, 64).
cost(25, 2, 52).
cost(25, 3, 50).
cost(25, 4, 57).
cost(25, 5, 57).
cost(25, 6, 55).
cost(25, 7, 30).
cost(25, 8, 32).
cost(25, 9, 33).
cost(25, 10, 37).
cost(25, 11, 33).
cost(25, 12, 41).
cost(25, 13, 114).
cost(25, 14, 121).
cost(25, 15, 111).
cost(25, 16, 109).
cost(25, 17, 109).
cost(25, 18, 116).
cost(25, 19, 98).
cost(25, 20, 97).
cost(25, 21, 100).
cost(25, 22, 96).
cost(25, 23, 100).
cost(25, 24, 95).
cost(25, 26, 10).
cost(25, 27, 14).
cost(25, 28, 6).
cost(25, 29, 6).
cost(25, 30, 6).
cost(25, 31, 8).
cost(25, 32, 15).
cost(26, 1, 55).
cost(26, 2, 44).
cost(26, 3, 44).
cost(26, 4, 49).
cost(26, 5, 48).
cost(26, 6, 47).
cost(26, 7, 20).
cost(26, 8, 22).
cost(26, 9, 23).
cost(26, 10, 27).
cost(26, 11, 24).
cost(26, 12, 31).
cost(26, 13, 104).
cost(26, 14, 111).
cost(26, 15, 101).
cost(26, 16, 99).
cost(26, 17, 99).
cost(26, 18, 106).
cost(26, 19, 88).
cost(26, 20, 86).
cost(26, 21, 89).
cost(26, 22, 86).
cost(26, 23, 90).
cost(26, 24, 84).
cost(26, 25, 10).
cost(26, 27, 13).
cost(26, 28, 17).
cost(26, 29, 9).
cost(26, 30, 14).
cost(26, 31, 10).
cost(26, 32, 9).
cost(27, 1, 66).
cost(27, 2, 56).
cost(27, 3, 57).
cost(27, 4, 61).
cost(27, 5, 59).
cost(27, 6, 59).
cost(27, 7, 23).
cost(27, 8, 27).
cost(27, 9, 25).
cost(27, 10, 30).
cost(27, 11, 26).
cost(27, 12, 35).
cost(27, 13, 110).
cost(27, 14, 118).
cost(27, 15, 108).
cost(27, 16, 107).
cost(27, 17, 107).
cost(27, 18, 112).
cost(27, 19, 94).
cost(27, 20, 92).
cost(27, 21, 97).
cost(27, 22, 91).
cost(27, 23, 96).
cost(27, 24, 90).
cost(27, 25, 14).
cost(27, 26, 13).
cost(27, 28, 17).
cost(27, 29, 18).
cost(27, 30, 11).
cost(27, 31, 6).
cost(27, 32, 6).
cost(28, 1, 70).
cost(28, 2, 58).
cost(28, 3, 55).
cost(28, 4, 62).
cost(28, 5, 63).
cost(28, 6, 61).
cost(28, 7, 36).
cost(28, 8, 39).
cost(28, 9, 39).
cost(28, 10, 43).
cost(28, 11, 39).
cost(28, 12, 47).
cost(28, 13, 120).
cost(28, 14, 128).
cost(28, 15, 118).
cost(28, 16, 115).
cost(28, 17, 116).
cost(28, 18, 123).
cost(28, 19, 105).
cost(28, 20, 103).
cost(28, 21, 106).
cost(28, 22, 102).
cost(28, 23, 107).
cost(28, 24, 101).
cost(28, 25, 6).
cost(28, 26, 17).
cost(28, 27, 17).
cost(28, 29, 11).
cost(28, 30, 6).
cost(28, 31, 12).
cost(28, 32, 20).
cost(29, 1, 58).
cost(29, 2, 47).
cost(29, 3, 44).
cost(29, 4, 51).
cost(29, 5, 52).
cost(29, 6, 50).
cost(29, 7, 29).
cost(29, 8, 30).
cost(29, 9, 32).
cost(29, 10, 36).
cost(29, 11, 32).
cost(29, 12, 40).
cost(29, 13, 110).
cost(29, 14, 117).
cost(29, 15, 108).
cost(29, 16, 104).
cost(29, 17, 106).
cost(29, 18, 113).
cost(29, 19, 95).
cost(29, 20, 93).
cost(29, 21, 96).
cost(29, 22, 93).
cost(29, 23, 97).
cost(29, 24, 91).
cost(29, 25, 6).
cost(29, 26, 9).
cost(29, 27, 18).
cost(29, 28, 11).
cost(29, 30, 12).
cost(29, 31, 12).
cost(29, 32, 17).
cost(30, 1, 68).
cost(30, 2, 57).
cost(30, 3, 56).
cost(30, 4, 62).
cost(30, 5, 62).
cost(30, 6, 60).
cost(30, 7, 31).
cost(30, 8, 34).
cost(30, 9, 34).
cost(30, 10, 38).
cost(30, 11, 35).
cost(30, 12, 43).
cost(30, 13, 117).
cost(30, 14, 125).
cost(30, 15, 114).
cost(30, 16, 112).
cost(30, 17, 113).
cost(30, 18, 119).
cost(30, 19, 101).
cost(30, 20, 99).
cost(30, 21, 103).
cost(30, 22, 98).
cost(30, 23, 103).
cost(30, 24, 97).
cost(30, 25, 6).
cost(30, 26, 14).
cost(30, 27, 11).
cost(30, 28, 6).
cost(30, 29, 12).
cost(30, 31, 6).
cost(30, 32, 14).
cost(31, 1, 64).
cost(31, 2, 54).
cost(31, 3, 53).
cost(31, 4, 58).
cost(31, 5, 58).
cost(31, 6, 57).
cost(31, 7, 25).
cost(31, 8, 29).
cost(31, 9, 28).
cost(31, 10, 32).
cost(31, 11, 29).
cost(31, 12, 37).
cost(31, 13, 112).
cost(31, 14, 119).
cost(31, 15, 109).
cost(31, 16, 107).
cost(31, 17, 107).
cost(31, 18, 114).
cost(31, 19, 96).
cost(31, 20, 94).
cost(31, 21, 98).
cost(31, 22, 93).
cost(31, 23, 98).
cost(31, 24, 92).
cost(31, 25, 8).
cost(31, 26, 10).
cost(31, 27, 6).
cost(31, 28, 12).
cost(31, 29, 12).
cost(31, 30, 6).
cost(31, 32, 8).
cost(32, 1, 60).
cost(32, 2, 50).
cost(32, 3, 52).
cost(32, 4, 55).
cost(32, 5, 53).
cost(32, 6, 53).
cost(32, 7, 17).
cost(32, 8, 21).
cost(32, 9, 20).
cost(32, 10, 24).
cost(32, 11, 21).
cost(32, 12, 29).
cost(32, 13, 104).
cost(32, 14, 112).
cost(32, 15, 102).
cost(32, 16, 101).
cost(32, 17, 101).
cost(32, 18, 107).
cost(32, 19, 88).
cost(32, 20, 87).
cost(32, 21, 91).
cost(32, 22, 85).
cost(32, 23, 90).
cost(32, 24, 85).
cost(32, 25, 15).
cost(32, 26, 9).
cost(32, 27, 6).
cost(32, 28, 20).
cost(32, 29, 17).
cost(32, 30, 14).
cost(32, 31, 8).
