dimension(23).
point(1, 52.0679148814, 51.47893933).
point(2, 1.0394654376, 38.8367046461).
point(3, 31.6038776275, 84.998041978).
point(4, 17.1189557007, 35.9884419255).
point(5, 73.2517832695, 81.3268951794).
point(6, 33.6949712608, 53.1745562144).
point(7, 67.2602111677, 62.0668007845).
point(8, 80.2058113801, 66.8590196568).
point(9, 92.1964110833, 25.4811706477).
point(10, 23.834326244, 88.4211948127).
point(11, 74.1810824881, 68.9200411047).
point(12, 34.6671567271, 50.9894236631).
point(13, 23.7436250114, 93.8800422595).
point(14, 93.5633613524, 37.5404124497).
point(15, 38.4448126769, 66.2728435858).
point(16, 46.0519690441, 44.8777209369).
point(17, 95.0737860355, 3.641163013).
point(18, 61.4543670518, 87.4621815357).
point(19, 94.7052613264, 20.8578875716).
point(20, 71.1929084871, 65.3664996793).
point(21, 43.838850209, 19.9281654324).
point(22, 83.3119411308, 84.6068705695).
point(23, 31.0630275547, 4.4176881785).
cost(1, 2, 53).
cost(1, 3, 39).
cost(1, 4, 38).
cost(1, 5, 37).
cost(1, 6, 18).
cost(1, 7, 19).
cost(1, 8, 32).
cost(1, 9, 48).
cost(1, 10, 46).
cost(1, 11, 28).
cost(1, 12, 17).
cost(1, 13, 51).
cost(1, 14, 44).
cost(1, 15, 20).
cost(1, 16, 9).
cost(1, 17, 64).
cost(1, 18, 37).
cost(1, 19, 52).
cost(1, 20, 24).
cost(1, 21, 33).
cost(1, 22, 46).
cost(1, 23, 52).
cost(2, 1, 53).
cost(2, 3, 55).
cost(2, 4, 16).
cost(2, 5, 84).
cost(2, 6, 36).
cost(2, 7, 70).
cost(2, 8, 84).
cost(2, 9, 92).
cost(2, 10, 55).
cost(2, 11, 79).
cost(2, 12, 36).
cost(2, 13, 60).
cost(2, 14, 93).
cost(2, 15, 46).
cost(2, 16, 45).
cost(2, 17, 100).
cost(2, 18, 78).
cost(2, 19, 95).
cost(2, 20, 75).
cost(2, 21, 47).
cost(2, 22, 94).
cost(2, 23, 46).
cost(3, 1, 39).
cost(3, 2, 55).
cost(3, 4, 51).
cost(3, 5, 42).
cost(3, 6, 32).
cost(3, 7, 42).
cost(3, 8, 52).
cost(3, 9, 85).
cost(3, 10, 8).
cost(3, 11, 46).
cost(3, 12, 34).
cost(3, 13, 12).
cost(3, 14, 78).
cost(3, 15, 20).
cost(3, 16, 43).
cost(3, 17, 103).
cost(3, 18, 30).
cost(3, 19, 90).
cost(3, 20, 44).
cost(3, 21, 66).
cost(3, 22, 52).
cost(3, 23, 81).
cost(4, 1, 38).
cost(4, 2, 16).
cost(4, 3, 51).
cost(4, 5, 72).
cost(4, 6, 24).
cost(4, 7, 57).
cost(4, 8, 70).
cost(4, 9, 76).
cost(4, 10, 53).
cost(4, 11, 66).
cost(4, 12, 23).
cost(4, 13, 58).
cost(4, 14, 76).
cost(4, 15, 37).
cost(4, 16, 30).
cost(4, 17, 84).
cost(4, 18, 68).
cost(4, 19, 79).
cost(4, 20, 62).
cost(4, 21, 31).
cost(4, 22, 82).
cost(4, 23, 35).
cost(5, 1, 37).
cost(5, 2, 84).
cost(5, 3, 42).
cost(5, 4, 72).
cost(5, 6, 49).
cost(5, 7, 20).
cost(5, 8, 16).
cost(5, 9, 59).
cost(5, 10, 50).
cost(5, 11, 12).
cost(5, 12, 49).
cost(5, 13, 51).
cost(5, 14, 48).
cost(5, 15, 38).
cost(5, 16, 45).
cost(5, 17, 81).
cost(5, 18, 13).
cost(5, 19, 64).
cost(5, 20, 16).
cost(5, 21, 68).
cost(5, 22, 11).
cost(5, 23, 88).
cost(6, 1, 18).
cost(6, 2, 36).
cost(6, 3, 32).
cost(6, 4, 24).
cost(6, 5, 49).
cost(6, 7, 35).
cost(6, 8, 48).
cost(6, 9, 65).
cost(6, 10, 37).
cost(6, 11, 43).
cost(6, 12, 2).
cost(6, 13, 42).
cost(6, 14, 62).
cost(6, 15, 14).
cost(6, 16, 15).
cost(6, 17, 79).
cost(6, 18, 44).
cost(6, 19, 69).
cost(6, 20, 39).
cost(6, 21, 35).
cost(6, 22, 59).
cost(6, 23, 49).
cost(7, 1, 19).
cost(7, 2, 70).
cost(7, 3, 42).
cost(7, 4, 57).
cost(7, 5, 20).
cost(7, 6, 35).
cost(7, 8, 14).
cost(7, 9, 44).
cost(7, 10, 51).
cost(7, 11, 10).
cost(7, 12, 34).
cost(7, 13, 54).
cost(7, 14, 36).
cost(7, 15, 29).
cost(7, 16, 27).
cost(7, 17, 65).
cost(7, 18, 26).
cost(7, 19, 50).
cost(7, 20, 5).
cost(7, 21, 48).
cost(7, 22, 28).
cost(7, 23, 68).
cost(8, 1, 32).
cost(8, 2, 84).
cost(8, 3, 52).
cost(8, 4, 70).
cost(8, 5, 16).
cost(8, 6, 48).
cost(8, 7, 14).
cost(8, 9, 43).
cost(8, 10, 60).
cost(8, 11, 6).
cost(8, 12, 48).
cost(8, 13, 63).
cost(8, 14, 32).
cost(8, 15, 42).
cost(8, 16, 41).
cost(8, 17, 65).
cost(8, 18, 28).
cost(8, 19, 48).
cost(8, 20, 9).
cost(8, 21, 59).
cost(8, 22, 18).
cost(8, 23, 79).
cost(9, 1, 48).
cost(9, 2, 92).
cost(9, 3, 85).
cost(9, 4, 76).
cost(9, 5, 59).
cost(9, 6, 65).
cost(9, 7, 44).
cost(9, 8, 43).
cost(9, 10, 93).
cost(9, 11, 47).
cost(9, 12, 63).
cost(9, 13, 97).
cost(9, 14, 12).
cost(9, 15, 67).
cost(9, 16, 50).
cost(9, 17, 22).
cost(9, 18, 69).
cost(9, 19, 5).
cost(9, 20, 45).
cost(9, 21, 49).
cost(9, 22, 60).
cost(9, 23, 65).
cost(10, 1, 46).
cost(10, 2, 55).
cost(10, 3, 8).
cost(10, 4, 53).
cost(10, 5, 50).
cost(10, 6, 37).
cost(10, 7, 51).
cost(10, 8, 60).
cost(10, 9, 93).
cost(10, 11, 54).
cost(10, 12, 39).
cost(10, 13, 5).
cost(10, 14, 86).
cost(10, 15, 27).
cost(10, 16, 49).
cost(10, 17, 111).
cost(10, 18, 38).
cost(10, 19, 98).
cost(10, 20, 53).
cost(10, 21, 71).
cost(10, 22, 60).
cost(10, 23, 84).
cost(11, 1, 28).
cost(11, 2, 79).
cost(11, 3, 46).
cost(11, 4, 66).
cost(11, 5, 12).
cost(11, 6, 43).
cost(11, 7, 10).
cost(11, 8, 6).
cost(11, 9, 47).
cost(11, 10, 54).
cost(11, 12, 43).
cost(11, 13, 56).
cost(11, 14, 37).
cost(11, 15, 36).
cost(11, 16, 37).
cost(11, 17, 69).
cost(11, 18, 22).
cost(11, 19, 52).
cost(11, 20, 5).
cost(11, 21, 58).
cost(11, 22, 18).
cost(11, 23, 78).
cost(12, 1, 17).
cost(12, 2, 36).
cost(12, 3, 34).
cost(12, 4, 23).
cost(12, 5, 49).
cost(12, 6, 2).
cost(12, 7, 34).
cost(12, 8, 48).
cost(12, 9, 63).
cost(12, 10, 39).
cost(12, 11, 43).
cost(12, 13, 44).
cost(12, 14, 60).
cost(12, 15, 16).
cost(12, 16, 13).
cost(12, 17, 77).
cost(12, 18, 45).
cost(12, 19, 67).
cost(12, 20, 39).
cost(12, 21, 32).
cost(12, 22, 59).
cost(12, 23, 47).
cost(13, 1, 51).
cost(13, 2, 60).
cost(13, 3, 12).
cost(13, 4, 58).
cost(13, 5, 51).
cost(13, 6, 42).
cost(13, 7, 54).
cost(13, 8, 63).
cost(13, 9, 97).
cost(13, 10, 5).
cost(13, 11, 56).
cost(13, 12, 44).
cost(13, 14, 90).
cost(13, 15, 31).
cost(13, 16, 54).
cost(13, 17, 115).
cost(13, 18, 38).
cost(13, 19, 102).
cost(13, 20, 55).
cost(13, 21, 77).
cost(13, 22, 60).
cost(13, 23, 90).
cost(14, 1, 44).
cost(14, 2, 93).
cost(14, 3, 78).
cost(14, 4, 76).
cost(14, 5, 48).
cost(14, 6, 62).
cost(14, 7, 36).
cost(14, 8, 32).
cost(14, 9, 12).
cost(14, 10, 86).
cost(14, 11, 37).
cost(14, 12, 60).
cost(14, 13, 90).
cost(14, 15, 62).
cost(14, 16, 48).
cost(14, 17, 34).
cost(14, 18, 59).
cost(14, 19, 17).
cost(14, 20, 36).
cost(14, 21, 53).
cost(14, 22, 48).
cost(14, 23, 71).
cost(15, 1, 20).
cost(15, 2, 46).
cost(15, 3, 20).
cost(15, 4, 37).
cost(15, 5, 38).
cost(15, 6, 14).
cost(15, 7, 29).
cost(15, 8, 42).
cost(15, 9, 67).
cost(15, 10, 27).
cost(15, 11, 36).
cost(15, 12, 16).
cost(15, 13, 31).
cost(15, 14, 62).
cost(15, 16, 23).
cost(15, 17, 84).
cost(15, 18, 31).
cost(15, 19, 72).
cost(15, 20, 33).
cost(15, 21, 47).
cost(15, 22, 48).
cost(15, 23, 62).
cost(16, 1, 9).
cost(16, 2, 45).
cost(16, 3, 43).
cost(16, 4, 30).
cost(16, 5, 45).
cost(16, 6, 15).
cost(16, 7, 27).
cost(16, 8, 41).
cost(16, 9, 50).
cost(16, 10, 49).
cost(16, 11, 37).
cost(16, 12, 13).
cost(16, 13, 54).
cost(16, 14, 48).
cost(16, 15, 23).
cost(16, 17, 64).
cost(16, 18, 45).
cost(16, 19, 54).
cost(16, 20, 32).
cost(16, 21, 25).
cost(16, 22, 54).
cost(16, 23, 43).
cost(17, 1, 64).
cost(17, 2, 100).
cost(17, 3, 103).
cost(17, 4, 84).
cost(17, 5, 81).
cost(17, 6, 79).
cost(17, 7, 65).
cost(17, 8, 65).
cost(17, 9, 22).
cost(17, 10, 111).
cost(17, 11, 69).
cost(17, 12, 77).
cost(17, 13, 115).
cost(17, 14, 34).
cost(17, 15, 84).
cost(17, 16, 64).
cost(17, 18, 90).
cost(17, 19, 17).
cost(17, 20, 66).
cost(17, 21, 54).
cost(17, 22, 82).
cost(17, 23, 64).
cost(18, 1, 37).
cost(18, 2, 78).
cost(18, 3, 30).
cost(18, 4, 68).
cost(18, 5, 13).
cost(18, 6, 44).
cost(18, 7, 26).
cost(18, 8, 28).
cost(18, 9, 69).
cost(18, 10, 38).
cost(18, 11, 22).
cost(18, 12, 45).
cost(18, 13, 38).
cost(18, 14, 59).
cost(18, 15, 31).
cost(18, 16, 45).
cost(18, 17, 90).
cost(18, 19, 74).
cost(18, 20, 24).
cost(18, 21, 70).
cost(18, 22, 22).
cost(18, 23, 88).
cost(19, 1, 52).
cost(19, 2, 95).
cost(19, 3, 90).
cost(19, 4, 79).
cost(19, 5, 64).
cost(19, 6, 69).
cost(19, 7, 50).
cost(19, 8, 48).
cost(19, 9, 5).
cost(19, 10, 98).
cost(19, 11, 52).
cost(19, 12, 67).
cost(19, 13, 102).
cost(19, 14, 17).
cost(19, 15, 72).
cost(19, 16, 54).
cost(19, 17, 17).
cost(19, 18, 74).
cost(19, 20, 50).
cost(19, 21, 51).
cost(19, 22, 65).
cost(19, 23, 66).
cost(20, 1, 24).
cost(20, 2, 75).
cost(20, 3, 44).
cost(20, 4, 62).
cost(20, 5, 16).
cost(20, 6, 39).
cost(20, 7, 5).
cost(20, 8, 9).
cost(20, 9, 45).
cost(20, 10, 53).
cost(20, 11, 5).
cost(20, 12, 39).
cost(20, 13, 55).
cost(20, 14, 36).
cost(20, 15, 33).
cost(20, 16, 32).
cost(20, 17, 66).
cost(20, 18, 24).
cost(20, 19, 50).
cost(20, 21, 53).
cost(20, 22, 23).
cost(20, 23, 73).
cost(21, 1, 33).
cost(21, 2, 47).
cost(21, 3, 66).
cost(21, 4, 31).
cost(21, 5, 68).
cost(21, 6, 35).
cost(21, 7, 48).
cost(21, 8, 59).
cost(21, 9, 49).
cost(21, 10, 71).
cost(21, 11, 58).
cost(21, 12, 32).
cost(21, 13, 77).
cost(21, 14, 53).
cost(21, 15, 47).
cost(21, 16, 25).
cost(21, 17, 54).
cost(21, 18, 70).
cost(21, 19, 51).
cost(21, 20, 53).
cost(21, 22, 76).
cost(21, 23, 20).
cost(22, 1, 46).
cost(22, 2, 94).
cost(22, 3, 52).
cost(22, 4, 82).
cost(22, 5, 11).
cost(22, 6, 59).
cost(22, 7, 28).
cost(22, 8, 18).
cost(22, 9, 60).
cost(22, 10, 60).
cost(22, 11, 18).
cost(22, 12, 59).
cost(22, 13, 60).
cost(22, 14, 48).
cost(22, 15, 48).
cost(22, 16, 54).
cost(22, 17, 82).
cost(22, 18, 22).
cost(22, 19, 65).
cost(22, 20, 23).
cost(22, 21, 76).
cost(22, 23, 96).
cost(23, 1, 52).
cost(23, 2, 46).
cost(23, 3, 81).
cost(23, 4, 35).
cost(23, 5, 88).
cost(23, 6, 49).
cost(23, 7, 68).
cost(23, 8, 79).
cost(23, 9, 65).
cost(23, 10, 84).
cost(23, 11, 78).
cost(23, 12, 47).
cost(23, 13, 90).
cost(23, 14, 71).
cost(23, 15, 62).
cost(23, 16, 43).
cost(23, 17, 64).
cost(23, 18, 88).
cost(23, 19, 66).
cost(23, 20, 73).
cost(23, 21, 20).
cost(23, 22, 96).
nocross(1,4).
nocross(1,6).
nocross(1,7).
nocross(1,11).
nocross(1,12).
nocross(1,15).
nocross(1,16).
nocross(1,20).
nocross(1,21).
nocross(2,4).
nocross(2,6).
nocross(2,10).
nocross(2,12).
nocross(2,13).
nocross(2,16).
nocross(2,23).
nocross(3,1).
nocross(3,2).
nocross(3,6).
nocross(3,7).
nocross(3,10).
nocross(3,12).
nocross(3,13).
nocross(3,15).
nocross(3,16).
nocross(3,18).
nocross(4,1).
nocross(4,2).
nocross(4,6).
nocross(4,12).
nocross(4,15).
nocross(4,16).
nocross(4,21).
nocross(4,23).
nocross(5,1).
nocross(5,3).
nocross(5,6).
nocross(5,7).
nocross(5,8).
nocross(5,10).
nocross(5,11).
nocross(5,12).
nocross(5,13).
nocross(5,16).
nocross(5,18).
nocross(5,20).
nocross(5,22).
nocross(6,1).
nocross(6,2).
nocross(6,3).
nocross(6,4).
nocross(6,7).
nocross(6,10).
nocross(6,12).
nocross(6,13).
nocross(6,15).
nocross(6,16).
nocross(6,21).
nocross(7,1).
nocross(7,3).
nocross(7,5).
nocross(7,6).
nocross(7,8).
nocross(7,9).
nocross(7,11).
nocross(7,12).
nocross(7,14).
nocross(7,15).
nocross(7,16).
nocross(7,19).
nocross(7,20).
nocross(8,1).
nocross(8,5).
nocross(8,6).
nocross(8,7).
nocross(8,9).
nocross(8,11).
nocross(8,12).
nocross(8,14).
nocross(8,16).
nocross(8,19).
nocross(8,20).
nocross(8,22).
nocross(9,1).
nocross(9,7).
nocross(9,8).
nocross(9,12).
nocross(9,14).
nocross(9,16).
nocross(9,17).
nocross(9,19).
nocross(9,20).
nocross(10,2).
nocross(10,3).
nocross(10,6).
nocross(10,12).
nocross(10,13).
nocross(10,15).
nocross(10,18).
nocross(11,1).
nocross(11,3).
nocross(11,5).
nocross(11,6).
nocross(11,7).
nocross(11,8).
nocross(11,9).
nocross(11,12).
nocross(11,16).
nocross(11,18).
nocross(11,19).
nocross(11,20).
nocross(12,1).
nocross(12,2).
nocross(12,3).
nocross(12,4).
nocross(12,6).
nocross(12,7).
nocross(12,10).
nocross(12,13).
nocross(12,15).
nocross(12,16).
nocross(12,21).
nocross(13,3).
nocross(13,6).
nocross(13,10).
nocross(13,12).
nocross(13,18).
nocross(14,1).
nocross(14,6).
nocross(14,7).
nocross(14,8).
nocross(14,9).
nocross(14,11).
nocross(14,12).
nocross(14,16).
nocross(14,17).
nocross(14,19).
nocross(14,20).
nocross(15,1).
nocross(15,2).
nocross(15,3).
nocross(15,4).
nocross(15,6).
nocross(15,7).
nocross(15,10).
nocross(15,11).
nocross(15,12).
nocross(15,13).
nocross(15,16).
nocross(15,18).
nocross(15,20).
nocross(16,1).
nocross(16,2).
nocross(16,4).
nocross(16,6).
nocross(16,7).
nocross(16,8).
nocross(16,9).
nocross(16,11).
nocross(16,12).
nocross(16,15).
nocross(16,20).
nocross(16,21).
nocross(16,23).
nocross(17,9).
nocross(17,14).
nocross(17,19).
nocross(18,1).
nocross(18,3).
nocross(18,5).
nocross(18,6).
nocross(18,7).
nocross(18,8).
nocross(18,10).
nocross(18,11).
nocross(18,12).
nocross(18,13).
nocross(18,15).
nocross(18,16).
nocross(18,20).
nocross(18,22).
nocross(19,7).
nocross(19,9).
nocross(19,14).
nocross(19,17).
nocross(19,20).
nocross(20,1).
nocross(20,3).
nocross(20,5).
nocross(20,6).
nocross(20,7).
nocross(20,8).
nocross(20,9).
nocross(20,11).
nocross(20,12).
nocross(20,14).
nocross(20,16).
nocross(20,18).
nocross(20,19).
nocross(21,1).
nocross(21,2).
nocross(21,4).
nocross(21,6).
nocross(21,7).
nocross(21,9).
nocross(21,12).
nocross(21,16).
nocross(21,17).
nocross(21,19).
nocross(21,23).
nocross(22,5).
nocross(22,7).
nocross(22,8).
nocross(22,11).
nocross(22,12).
nocross(22,13).
nocross(22,14).
nocross(22,18).
nocross(22,19).
nocross(22,20).
nocross(23,2).
nocross(23,4).
nocross(23,6).
nocross(23,12).
nocross(23,16).
nocross(23,17).
nocross(23,19).
nocross(23,21).
