dimension(23).
point(1, 18.2863470392, 16.6292577992).
point(2, 32.0394590686, 33.4813048774).
point(3, 44.3120018302, 43.876798616).
point(4, 92.0606690781, 4.1026131699).
point(5, 15.3753684283, 31.7875976713).
point(6, 84.1726882791, 88.5718087829).
point(7, 95.051251487, 27.2424947596).
point(8, 57.5905351784, 52.6283340899).
point(9, 59.9853871355, 65.1015055515).
point(10, 7.1282742046, 38.4184542487).
point(11, 14.8138650372, 21.3872548481).
point(12, 22.1158603186, 65.8279977847).
point(13, 65.621951114, 69.1931372294).
point(14, 45.8391676887, 80.3486949668).
point(15, 79.8198359981, 9.2939552018).
point(16, 51.9706811518, 70.2439220296).
point(17, 63.1320840159, 47.0917187813).
point(18, 89.1678237828, 85.7515718946).
point(19, 44.3696996096, 65.4405706301).
point(20, 79.2167353822, 82.374543495).
point(21, 95.1702154132, 35.342817833).
point(22, 23.525472604, 50.2766198549).
point(23, 68.3390222876, 88.1319040241).
cost(1, 2, 22).
cost(1, 3, 38).
cost(1, 4, 75).
cost(1, 5, 15).
cost(1, 6, 98).
cost(1, 7, 77).
cost(1, 8, 53).
cost(1, 9, 64).
cost(1, 10, 24).
cost(1, 11, 6).
cost(1, 12, 49).
cost(1, 13, 71).
cost(1, 14, 69).
cost(1, 15, 62).
cost(1, 16, 63).
cost(1, 17, 54).
cost(1, 18, 99).
cost(1, 19, 55).
cost(1, 20, 90).
cost(1, 21, 79).
cost(1, 22, 34).
cost(1, 23, 87).
cost(2, 1, 22).
cost(2, 3, 16).
cost(2, 4, 67).
cost(2, 5, 17).
cost(2, 6, 76).
cost(2, 7, 63).
cost(2, 8, 32).
cost(2, 9, 42).
cost(2, 10, 25).
cost(2, 11, 21).
cost(2, 12, 34).
cost(2, 13, 49).
cost(2, 14, 49).
cost(2, 15, 54).
cost(2, 16, 42).
cost(2, 17, 34).
cost(2, 18, 77).
cost(2, 19, 34).
cost(2, 20, 68).
cost(2, 21, 63).
cost(2, 22, 19).
cost(2, 23, 66).
cost(3, 1, 38).
cost(3, 2, 16).
cost(3, 4, 62).
cost(3, 5, 31).
cost(3, 6, 60).
cost(3, 7, 53).
cost(3, 8, 16).
cost(3, 9, 26).
cost(3, 10, 38).
cost(3, 11, 37).
cost(3, 12, 31).
cost(3, 13, 33).
cost(3, 14, 37).
cost(3, 15, 50).
cost(3, 16, 27).
cost(3, 17, 19).
cost(3, 18, 61).
cost(3, 19, 22).
cost(3, 20, 52).
cost(3, 21, 52).
cost(3, 22, 22).
cost(3, 23, 50).
cost(4, 1, 75).
cost(4, 2, 67).
cost(4, 3, 62).
cost(4, 5, 82).
cost(4, 6, 85).
cost(4, 7, 23).
cost(4, 8, 60).
cost(4, 9, 69).
cost(4, 10, 92).
cost(4, 11, 79).
cost(4, 12, 93).
cost(4, 13, 70).
cost(4, 14, 89).
cost(4, 15, 13).
cost(4, 16, 77).
cost(4, 17, 52).
cost(4, 18, 82).
cost(4, 19, 78).
cost(4, 20, 79).
cost(4, 21, 31).
cost(4, 22, 83).
cost(4, 23, 87).
cost(5, 1, 15).
cost(5, 2, 17).
cost(5, 3, 31).
cost(5, 4, 82).
cost(5, 6, 89).
cost(5, 7, 80).
cost(5, 8, 47).
cost(5, 9, 56).
cost(5, 10, 11).
cost(5, 11, 10).
cost(5, 12, 35).
cost(5, 13, 63).
cost(5, 14, 57).
cost(5, 15, 68).
cost(5, 16, 53).
cost(5, 17, 50).
cost(5, 18, 91).
cost(5, 19, 44).
cost(5, 20, 81).
cost(5, 21, 80).
cost(5, 22, 20).
cost(5, 23, 77).
cost(6, 1, 98).
cost(6, 2, 76).
cost(6, 3, 60).
cost(6, 4, 85).
cost(6, 5, 89).
cost(6, 7, 62).
cost(6, 8, 45).
cost(6, 9, 34).
cost(6, 10, 92).
cost(6, 11, 97).
cost(6, 12, 66).
cost(6, 13, 27).
cost(6, 14, 39).
cost(6, 15, 79).
cost(6, 16, 37).
cost(6, 17, 47).
cost(6, 18, 6).
cost(6, 19, 46).
cost(6, 20, 8).
cost(6, 21, 54).
cost(6, 22, 72).
cost(6, 23, 16).
cost(7, 1, 77).
cost(7, 2, 63).
cost(7, 3, 53).
cost(7, 4, 23).
cost(7, 5, 80).
cost(7, 6, 62).
cost(7, 8, 45).
cost(7, 9, 52).
cost(7, 10, 89).
cost(7, 11, 80).
cost(7, 12, 83).
cost(7, 13, 51).
cost(7, 14, 72).
cost(7, 15, 24).
cost(7, 16, 61).
cost(7, 17, 38).
cost(7, 18, 59).
cost(7, 19, 63).
cost(7, 20, 57).
cost(7, 21, 8).
cost(7, 22, 75).
cost(7, 23, 66).
cost(8, 1, 53).
cost(8, 2, 32).
cost(8, 3, 16).
cost(8, 4, 60).
cost(8, 5, 47).
cost(8, 6, 45).
cost(8, 7, 45).
cost(8, 9, 13).
cost(8, 10, 52).
cost(8, 11, 53).
cost(8, 12, 38).
cost(8, 13, 18).
cost(8, 14, 30).
cost(8, 15, 49).
cost(8, 16, 18).
cost(8, 17, 8).
cost(8, 18, 46).
cost(8, 19, 18).
cost(8, 20, 37).
cost(8, 21, 41).
cost(8, 22, 34).
cost(8, 23, 37).
cost(9, 1, 64).
cost(9, 2, 42).
cost(9, 3, 26).
cost(9, 4, 69).
cost(9, 5, 56).
cost(9, 6, 34).
cost(9, 7, 52).
cost(9, 8, 13).
cost(9, 10, 59).
cost(9, 11, 63).
cost(9, 12, 38).
cost(9, 13, 7).
cost(9, 14, 21).
cost(9, 15, 59).
cost(9, 16, 10).
cost(9, 17, 18).
cost(9, 18, 36).
cost(9, 19, 16).
cost(9, 20, 26).
cost(9, 21, 46).
cost(9, 22, 39).
cost(9, 23, 24).
cost(10, 1, 24).
cost(10, 2, 25).
cost(10, 3, 38).
cost(10, 4, 92).
cost(10, 5, 11).
cost(10, 6, 92).
cost(10, 7, 89).
cost(10, 8, 52).
cost(10, 9, 59).
cost(10, 11, 19).
cost(10, 12, 31).
cost(10, 13, 66).
cost(10, 14, 57).
cost(10, 15, 78).
cost(10, 16, 55).
cost(10, 17, 57).
cost(10, 18, 95).
cost(10, 19, 46).
cost(10, 20, 84).
cost(10, 21, 88).
cost(10, 22, 20).
cost(10, 23, 79).
cost(11, 1, 6).
cost(11, 2, 21).
cost(11, 3, 37).
cost(11, 4, 79).
cost(11, 5, 10).
cost(11, 6, 97).
cost(11, 7, 80).
cost(11, 8, 53).
cost(11, 9, 63).
cost(11, 10, 19).
cost(11, 12, 45).
cost(11, 13, 70).
cost(11, 14, 67).
cost(11, 15, 66).
cost(11, 16, 61).
cost(11, 17, 55).
cost(11, 18, 98).
cost(11, 19, 53).
cost(11, 20, 89).
cost(11, 21, 82).
cost(11, 22, 30).
cost(11, 23, 86).
cost(12, 1, 49).
cost(12, 2, 34).
cost(12, 3, 31).
cost(12, 4, 93).
cost(12, 5, 35).
cost(12, 6, 66).
cost(12, 7, 83).
cost(12, 8, 38).
cost(12, 9, 38).
cost(12, 10, 31).
cost(12, 11, 45).
cost(12, 13, 44).
cost(12, 14, 28).
cost(12, 15, 81).
cost(12, 16, 30).
cost(12, 17, 45).
cost(12, 18, 70).
cost(12, 19, 22).
cost(12, 20, 59).
cost(12, 21, 79).
cost(12, 22, 16).
cost(12, 23, 51).
cost(13, 1, 71).
cost(13, 2, 49).
cost(13, 3, 33).
cost(13, 4, 70).
cost(13, 5, 63).
cost(13, 6, 27).
cost(13, 7, 51).
cost(13, 8, 18).
cost(13, 9, 7).
cost(13, 10, 66).
cost(13, 11, 70).
cost(13, 12, 44).
cost(13, 14, 23).
cost(13, 15, 62).
cost(13, 16, 14).
cost(13, 17, 22).
cost(13, 18, 29).
cost(13, 19, 22).
cost(13, 20, 19).
cost(13, 21, 45).
cost(13, 22, 46).
cost(13, 23, 19).
cost(14, 1, 69).
cost(14, 2, 49).
cost(14, 3, 37).
cost(14, 4, 89).
cost(14, 5, 57).
cost(14, 6, 39).
cost(14, 7, 72).
cost(14, 8, 30).
cost(14, 9, 21).
cost(14, 10, 57).
cost(14, 11, 67).
cost(14, 12, 28).
cost(14, 13, 23).
cost(14, 15, 79).
cost(14, 16, 12).
cost(14, 17, 37).
cost(14, 18, 44).
cost(14, 19, 15).
cost(14, 20, 33).
cost(14, 21, 67).
cost(14, 22, 37).
cost(14, 23, 24).
cost(15, 1, 62).
cost(15, 2, 54).
cost(15, 3, 50).
cost(15, 4, 13).
cost(15, 5, 68).
cost(15, 6, 79).
cost(15, 7, 24).
cost(15, 8, 49).
cost(15, 9, 59).
cost(15, 10, 78).
cost(15, 11, 66).
cost(15, 12, 81).
cost(15, 13, 62).
cost(15, 14, 79).
cost(15, 16, 67).
cost(15, 17, 41).
cost(15, 18, 77).
cost(15, 19, 66).
cost(15, 20, 73).
cost(15, 21, 30).
cost(15, 22, 70).
cost(15, 23, 80).
cost(16, 1, 63).
cost(16, 2, 42).
cost(16, 3, 27).
cost(16, 4, 77).
cost(16, 5, 53).
cost(16, 6, 37).
cost(16, 7, 61).
cost(16, 8, 18).
cost(16, 9, 10).
cost(16, 10, 55).
cost(16, 11, 61).
cost(16, 12, 30).
cost(16, 13, 14).
cost(16, 14, 12).
cost(16, 15, 67).
cost(16, 17, 26).
cost(16, 18, 40).
cost(16, 19, 9).
cost(16, 20, 30).
cost(16, 21, 56).
cost(16, 22, 35).
cost(16, 23, 24).
cost(17, 1, 54).
cost(17, 2, 34).
cost(17, 3, 19).
cost(17, 4, 52).
cost(17, 5, 50).
cost(17, 6, 47).
cost(17, 7, 38).
cost(17, 8, 8).
cost(17, 9, 18).
cost(17, 10, 57).
cost(17, 11, 55).
cost(17, 12, 45).
cost(17, 13, 22).
cost(17, 14, 37).
cost(17, 15, 41).
cost(17, 16, 26).
cost(17, 18, 47).
cost(17, 19, 26).
cost(17, 20, 39).
cost(17, 21, 34).
cost(17, 22, 40).
cost(17, 23, 41).
cost(18, 1, 99).
cost(18, 2, 77).
cost(18, 3, 61).
cost(18, 4, 82).
cost(18, 5, 91).
cost(18, 6, 6).
cost(18, 7, 59).
cost(18, 8, 46).
cost(18, 9, 36).
cost(18, 10, 95).
cost(18, 11, 98).
cost(18, 12, 70).
cost(18, 13, 29).
cost(18, 14, 44).
cost(18, 15, 77).
cost(18, 16, 40).
cost(18, 17, 47).
cost(18, 19, 49).
cost(18, 20, 11).
cost(18, 21, 51).
cost(18, 22, 75).
cost(18, 23, 21).
cost(19, 1, 55).
cost(19, 2, 34).
cost(19, 3, 22).
cost(19, 4, 78).
cost(19, 5, 44).
cost(19, 6, 46).
cost(19, 7, 63).
cost(19, 8, 18).
cost(19, 9, 16).
cost(19, 10, 46).
cost(19, 11, 53).
cost(19, 12, 22).
cost(19, 13, 22).
cost(19, 14, 15).
cost(19, 15, 66).
cost(19, 16, 9).
cost(19, 17, 26).
cost(19, 18, 49).
cost(19, 20, 39).
cost(19, 21, 59).
cost(19, 22, 26).
cost(19, 23, 33).
cost(20, 1, 90).
cost(20, 2, 68).
cost(20, 3, 52).
cost(20, 4, 79).
cost(20, 5, 81).
cost(20, 6, 8).
cost(20, 7, 57).
cost(20, 8, 37).
cost(20, 9, 26).
cost(20, 10, 84).
cost(20, 11, 89).
cost(20, 12, 59).
cost(20, 13, 19).
cost(20, 14, 33).
cost(20, 15, 73).
cost(20, 16, 30).
cost(20, 17, 39).
cost(20, 18, 11).
cost(20, 19, 39).
cost(20, 21, 50).
cost(20, 22, 64).
cost(20, 23, 12).
cost(21, 1, 79).
cost(21, 2, 63).
cost(21, 3, 52).
cost(21, 4, 31).
cost(21, 5, 80).
cost(21, 6, 54).
cost(21, 7, 8).
cost(21, 8, 41).
cost(21, 9, 46).
cost(21, 10, 88).
cost(21, 11, 82).
cost(21, 12, 79).
cost(21, 13, 45).
cost(21, 14, 67).
cost(21, 15, 30).
cost(21, 16, 56).
cost(21, 17, 34).
cost(21, 18, 51).
cost(21, 19, 59).
cost(21, 20, 50).
cost(21, 22, 73).
cost(21, 23, 59).
cost(22, 1, 34).
cost(22, 2, 19).
cost(22, 3, 22).
cost(22, 4, 83).
cost(22, 5, 20).
cost(22, 6, 72).
cost(22, 7, 75).
cost(22, 8, 34).
cost(22, 9, 39).
cost(22, 10, 20).
cost(22, 11, 30).
cost(22, 12, 16).
cost(22, 13, 46).
cost(22, 14, 37).
cost(22, 15, 70).
cost(22, 16, 35).
cost(22, 17, 40).
cost(22, 18, 75).
cost(22, 19, 26).
cost(22, 20, 64).
cost(22, 21, 73).
cost(22, 23, 59).
cost(23, 1, 87).
cost(23, 2, 66).
cost(23, 3, 50).
cost(23, 4, 87).
cost(23, 5, 77).
cost(23, 6, 16).
cost(23, 7, 66).
cost(23, 8, 37).
cost(23, 9, 24).
cost(23, 10, 79).
cost(23, 11, 86).
cost(23, 12, 51).
cost(23, 13, 19).
cost(23, 14, 24).
cost(23, 15, 80).
cost(23, 16, 24).
cost(23, 17, 41).
cost(23, 18, 21).
cost(23, 19, 33).
cost(23, 20, 12).
cost(23, 21, 59).
cost(23, 22, 59).
nocross(1,2).
nocross(1,5).
nocross(1,10).
nocross(1,11).
nocross(1,22).
nocross(2,1).
nocross(2,3).
nocross(2,5).
nocross(2,8).
nocross(2,10).
nocross(2,11).
nocross(2,12).
nocross(2,15).
nocross(2,17).
nocross(2,19).
nocross(2,22).
nocross(3,1).
nocross(3,2).
nocross(3,5).
nocross(3,8).
nocross(3,9).
nocross(3,10).
nocross(3,11).
nocross(3,12).
nocross(3,13).
nocross(3,15).
nocross(3,16).
nocross(3,17).
nocross(3,19).
nocross(3,22).
nocross(4,1).
nocross(4,7).
nocross(4,15).
nocross(4,17).
nocross(4,21).
nocross(5,1).
nocross(5,2).
nocross(5,3).
nocross(5,10).
nocross(5,11).
nocross(5,12).
nocross(5,19).
nocross(5,22).
nocross(6,8).
nocross(6,9).
nocross(6,13).
nocross(6,14).
nocross(6,16).
nocross(6,17).
nocross(6,18).
nocross(6,20).
nocross(6,21).
nocross(6,23).
nocross(7,4).
nocross(7,8).
nocross(7,15).
nocross(7,17).
nocross(7,18).
nocross(7,21).
nocross(8,1).
nocross(8,2).
nocross(8,3).
nocross(8,7).
nocross(8,9).
nocross(8,11).
nocross(8,13).
nocross(8,14).
nocross(8,15).
nocross(8,16).
nocross(8,17).
nocross(8,18).
nocross(8,19).
nocross(8,21).
nocross(9,3).
nocross(9,6).
nocross(9,8).
nocross(9,13).
nocross(9,14).
nocross(9,16).
nocross(9,17).
nocross(9,18).
nocross(9,19).
nocross(9,20).
nocross(9,21).
nocross(9,23).
nocross(10,1).
nocross(10,2).
nocross(10,5).
nocross(10,11).
nocross(10,12).
nocross(10,22).
nocross(11,1).
nocross(11,2).
nocross(11,5).
nocross(11,10).
nocross(11,22).
nocross(12,1).
nocross(12,2).
nocross(12,3).
nocross(12,5).
nocross(12,8).
nocross(12,9).
nocross(12,10).
nocross(12,11).
nocross(12,14).
nocross(12,16).
nocross(12,19).
nocross(12,22).
nocross(13,6).
nocross(13,8).
nocross(13,9).
nocross(13,14).
nocross(13,16).
nocross(13,17).
nocross(13,18).
nocross(13,19).
nocross(13,20).
nocross(13,21).
nocross(13,23).
nocross(14,6).
nocross(14,8).
nocross(14,9).
nocross(14,12).
nocross(14,13).
nocross(14,16).
nocross(14,18).
nocross(14,19).
nocross(14,20).
nocross(14,23).
nocross(15,1).
nocross(15,4).
nocross(15,7).
nocross(15,8).
nocross(15,17).
nocross(15,21).
nocross(16,3).
nocross(16,6).
nocross(16,8).
nocross(16,9).
nocross(16,12).
nocross(16,13).
nocross(16,14).
nocross(16,17).
nocross(16,18).
nocross(16,19).
nocross(16,20).
nocross(16,22).
nocross(16,23).
nocross(17,1).
nocross(17,2).
nocross(17,3).
nocross(17,7).
nocross(17,8).
nocross(17,9).
nocross(17,11).
nocross(17,13).
nocross(17,15).
nocross(17,16).
nocross(17,18).
nocross(17,19).
nocross(17,21).
nocross(18,6).
nocross(18,8).
nocross(18,9).
nocross(18,13).
nocross(18,16).
nocross(18,17).
nocross(18,20).
nocross(18,21).
nocross(18,23).
nocross(19,1).
nocross(19,2).
nocross(19,3).
nocross(19,8).
nocross(19,9).
nocross(19,12).
nocross(19,13).
nocross(19,14).
nocross(19,16).
nocross(19,17).
nocross(19,22).
nocross(19,23).
nocross(20,6).
nocross(20,8).
nocross(20,9).
nocross(20,13).
nocross(20,14).
nocross(20,16).
nocross(20,17).
nocross(20,18).
nocross(20,19).
nocross(20,21).
nocross(20,23).
nocross(21,4).
nocross(21,6).
nocross(21,7).
nocross(21,8).
nocross(21,9).
nocross(21,13).
nocross(21,15).
nocross(21,17).
nocross(21,18).
nocross(22,1).
nocross(22,2).
nocross(22,3).
nocross(22,5).
nocross(22,8).
nocross(22,9).
nocross(22,10).
nocross(22,11).
nocross(22,12).
nocross(22,14).
nocross(22,16).
nocross(22,19).
nocross(23,6).
nocross(23,8).
nocross(23,9).
nocross(23,13).
nocross(23,14).
nocross(23,16).
nocross(23,17).
nocross(23,18).
nocross(23,19).
nocross(23,20).
