dimension(23).
point(1, 17.5726408533, 74.8291328233).
point(2, 81.0901035829, 19.7822629205).
point(3, 93.4856112669, 23.3312863864).
point(4, 33.3061025178, 58.5004601278).
point(5, 19.2800400073, 20.7435162457).
point(6, 11.352241729, 36.1764527779).
point(7, 29.9936246746, 67.340507982).
point(8, 74.9202983959, 16.233294387).
point(9, 17.0789002861, 88.2057469348).
point(10, 13.956201338, 84.5278691499).
point(11, 38.7884313202, 84.292853009).
point(12, 82.0115175263, 60.6157678743).
point(13, 37.6458172337, 92.5146892062).
point(14, 39.9387950358, 70.1446319389).
point(15, 29.6122758355, 85.2194114316).
point(16, 61.1451143058, 28.2391303169).
point(17, 61.0004376133, 45.7848560047).
point(18, 50.8264675327, 61.9459087597).
point(19, 68.9319864533, 53.6942530179).
point(20, 23.9590423469, 92.358007688).
point(21, 23.8015224539, 19.7502862593).
point(22, 76.3724362049, 72.3124152444).
point(23, 16.6331789667, 10.2309818398).
cost(1, 2, 84).
cost(1, 3, 92).
cost(1, 4, 23).
cost(1, 5, 54).
cost(1, 6, 39).
cost(1, 7, 15).
cost(1, 8, 82).
cost(1, 9, 13).
cost(1, 10, 10).
cost(1, 11, 23).
cost(1, 12, 66).
cost(1, 13, 27).
cost(1, 14, 23).
cost(1, 15, 16).
cost(1, 16, 64).
cost(1, 17, 52).
cost(1, 18, 36).
cost(1, 19, 56).
cost(1, 20, 19).
cost(1, 21, 55).
cost(1, 22, 59).
cost(1, 23, 65).
cost(2, 1, 84).
cost(2, 3, 13).
cost(2, 4, 62).
cost(2, 5, 62).
cost(2, 6, 72).
cost(2, 7, 70).
cost(2, 8, 7).
cost(2, 9, 94).
cost(2, 10, 93).
cost(2, 11, 77).
cost(2, 12, 41).
cost(2, 13, 85).
cost(2, 14, 65).
cost(2, 15, 83).
cost(2, 16, 22).
cost(2, 17, 33).
cost(2, 18, 52).
cost(2, 19, 36).
cost(2, 20, 92).
cost(2, 21, 57).
cost(2, 22, 53).
cost(2, 23, 65).
cost(3, 1, 92).
cost(3, 2, 13).
cost(3, 4, 70).
cost(3, 5, 74).
cost(3, 6, 83).
cost(3, 7, 77).
cost(3, 8, 20).
cost(3, 9, 100).
cost(3, 10, 100).
cost(3, 11, 82).
cost(3, 12, 39).
cost(3, 13, 89).
cost(3, 14, 71).
cost(3, 15, 89).
cost(3, 16, 33).
cost(3, 17, 39).
cost(3, 18, 58).
cost(3, 19, 39).
cost(3, 20, 98).
cost(3, 21, 70).
cost(3, 22, 52).
cost(3, 23, 78).
cost(4, 1, 23).
cost(4, 2, 62).
cost(4, 3, 70).
cost(4, 5, 40).
cost(4, 6, 31).
cost(4, 7, 9).
cost(4, 8, 59).
cost(4, 9, 34).
cost(4, 10, 32).
cost(4, 11, 26).
cost(4, 12, 49).
cost(4, 13, 34).
cost(4, 14, 13).
cost(4, 15, 27).
cost(4, 16, 41).
cost(4, 17, 30).
cost(4, 18, 18).
cost(4, 19, 36).
cost(4, 20, 35).
cost(4, 21, 40).
cost(4, 22, 45).
cost(4, 23, 51).
cost(5, 1, 54).
cost(5, 2, 62).
cost(5, 3, 74).
cost(5, 4, 40).
cost(5, 6, 17).
cost(5, 7, 48).
cost(5, 8, 56).
cost(5, 9, 67).
cost(5, 10, 64).
cost(5, 11, 66).
cost(5, 12, 74).
cost(5, 13, 74).
cost(5, 14, 54).
cost(5, 15, 65).
cost(5, 16, 43).
cost(5, 17, 49).
cost(5, 18, 52).
cost(5, 19, 60).
cost(5, 20, 72).
cost(5, 21, 5).
cost(5, 22, 77).
cost(5, 23, 11).
cost(6, 1, 39).
cost(6, 2, 72).
cost(6, 3, 83).
cost(6, 4, 31).
cost(6, 5, 17).
cost(6, 7, 36).
cost(6, 8, 67).
cost(6, 9, 52).
cost(6, 10, 48).
cost(6, 11, 55).
cost(6, 12, 75).
cost(6, 13, 62).
cost(6, 14, 44).
cost(6, 15, 52).
cost(6, 16, 50).
cost(6, 17, 51).
cost(6, 18, 47).
cost(6, 19, 60).
cost(6, 20, 58).
cost(6, 21, 21).
cost(6, 22, 74).
cost(6, 23, 26).
cost(7, 1, 15).
cost(7, 2, 70).
cost(7, 3, 77).
cost(7, 4, 9).
cost(7, 5, 48).
cost(7, 6, 36).
cost(7, 8, 68).
cost(7, 9, 25).
cost(7, 10, 24).
cost(7, 11, 19).
cost(7, 12, 52).
cost(7, 13, 26).
cost(7, 14, 10).
cost(7, 15, 18).
cost(7, 16, 50).
cost(7, 17, 38).
cost(7, 18, 22).
cost(7, 19, 41).
cost(7, 20, 26).
cost(7, 21, 48).
cost(7, 22, 47).
cost(7, 23, 59).
cost(8, 1, 82).
cost(8, 2, 7).
cost(8, 3, 20).
cost(8, 4, 59).
cost(8, 5, 56).
cost(8, 6, 67).
cost(8, 7, 68).
cost(8, 9, 92).
cost(8, 10, 92).
cost(8, 11, 77).
cost(8, 12, 45).
cost(8, 13, 85).
cost(8, 14, 64).
cost(8, 15, 83).
cost(8, 16, 18).
cost(8, 17, 33).
cost(8, 18, 52).
cost(8, 19, 38).
cost(8, 20, 92).
cost(8, 21, 51).
cost(8, 22, 56).
cost(8, 23, 59).
cost(9, 1, 13).
cost(9, 2, 94).
cost(9, 3, 100).
cost(9, 4, 34).
cost(9, 5, 67).
cost(9, 6, 52).
cost(9, 7, 25).
cost(9, 8, 92).
cost(9, 10, 5).
cost(9, 11, 22).
cost(9, 12, 71).
cost(9, 13, 21).
cost(9, 14, 29).
cost(9, 15, 13).
cost(9, 16, 74).
cost(9, 17, 61).
cost(9, 18, 43).
cost(9, 19, 62).
cost(9, 20, 8).
cost(9, 21, 69).
cost(9, 22, 61).
cost(9, 23, 78).
cost(10, 1, 10).
cost(10, 2, 93).
cost(10, 3, 100).
cost(10, 4, 32).
cost(10, 5, 64).
cost(10, 6, 48).
cost(10, 7, 24).
cost(10, 8, 92).
cost(10, 9, 5).
cost(10, 11, 25).
cost(10, 12, 72).
cost(10, 13, 25).
cost(10, 14, 30).
cost(10, 15, 16).
cost(10, 16, 73).
cost(10, 17, 61).
cost(10, 18, 43).
cost(10, 19, 63).
cost(10, 20, 13).
cost(10, 21, 66).
cost(10, 22, 64).
cost(10, 23, 74).
cost(11, 1, 23).
cost(11, 2, 77).
cost(11, 3, 82).
cost(11, 4, 26).
cost(11, 5, 66).
cost(11, 6, 55).
cost(11, 7, 19).
cost(11, 8, 77).
cost(11, 9, 22).
cost(11, 10, 25).
cost(11, 12, 49).
cost(11, 13, 8).
cost(11, 14, 14).
cost(11, 15, 9).
cost(11, 16, 60).
cost(11, 17, 44).
cost(11, 18, 25).
cost(11, 19, 43).
cost(11, 20, 17).
cost(11, 21, 66).
cost(11, 22, 39).
cost(11, 23, 77).
cost(12, 1, 66).
cost(12, 2, 41).
cost(12, 3, 39).
cost(12, 4, 49).
cost(12, 5, 74).
cost(12, 6, 75).
cost(12, 7, 52).
cost(12, 8, 45).
cost(12, 9, 71).
cost(12, 10, 72).
cost(12, 11, 49).
cost(12, 13, 55).
cost(12, 14, 43).
cost(12, 15, 58).
cost(12, 16, 39).
cost(12, 17, 26).
cost(12, 18, 31).
cost(12, 19, 15).
cost(12, 20, 66).
cost(12, 21, 71).
cost(12, 22, 13).
cost(12, 23, 83).
cost(13, 1, 27).
cost(13, 2, 85).
cost(13, 3, 89).
cost(13, 4, 34).
cost(13, 5, 74).
cost(13, 6, 62).
cost(13, 7, 26).
cost(13, 8, 85).
cost(13, 9, 21).
cost(13, 10, 25).
cost(13, 11, 8).
cost(13, 12, 55).
cost(13, 14, 22).
cost(13, 15, 11).
cost(13, 16, 68).
cost(13, 17, 52).
cost(13, 18, 33).
cost(13, 19, 50).
cost(13, 20, 14).
cost(13, 21, 74).
cost(13, 22, 44).
cost(13, 23, 85).
cost(14, 1, 23).
cost(14, 2, 65).
cost(14, 3, 71).
cost(14, 4, 13).
cost(14, 5, 54).
cost(14, 6, 44).
cost(14, 7, 10).
cost(14, 8, 64).
cost(14, 9, 29).
cost(14, 10, 30).
cost(14, 11, 14).
cost(14, 12, 43).
cost(14, 13, 22).
cost(14, 15, 18).
cost(14, 16, 47).
cost(14, 17, 32).
cost(14, 18, 14).
cost(14, 19, 33).
cost(14, 20, 27).
cost(14, 21, 53).
cost(14, 22, 36).
cost(14, 23, 64).
cost(15, 1, 16).
cost(15, 2, 83).
cost(15, 3, 89).
cost(15, 4, 27).
cost(15, 5, 65).
cost(15, 6, 52).
cost(15, 7, 18).
cost(15, 8, 83).
cost(15, 9, 13).
cost(15, 10, 16).
cost(15, 11, 9).
cost(15, 12, 58).
cost(15, 13, 11).
cost(15, 14, 18).
cost(15, 16, 65).
cost(15, 17, 50).
cost(15, 18, 31).
cost(15, 19, 50).
cost(15, 20, 9).
cost(15, 21, 66).
cost(15, 22, 49).
cost(15, 23, 76).
cost(16, 1, 64).
cost(16, 2, 22).
cost(16, 3, 33).
cost(16, 4, 41).
cost(16, 5, 43).
cost(16, 6, 50).
cost(16, 7, 50).
cost(16, 8, 18).
cost(16, 9, 74).
cost(16, 10, 73).
cost(16, 11, 60).
cost(16, 12, 39).
cost(16, 13, 68).
cost(16, 14, 47).
cost(16, 15, 65).
cost(16, 17, 18).
cost(16, 18, 35).
cost(16, 19, 27).
cost(16, 20, 74).
cost(16, 21, 38).
cost(16, 22, 47).
cost(16, 23, 48).
cost(17, 1, 52).
cost(17, 2, 33).
cost(17, 3, 39).
cost(17, 4, 30).
cost(17, 5, 49).
cost(17, 6, 51).
cost(17, 7, 38).
cost(17, 8, 33).
cost(17, 9, 61).
cost(17, 10, 61).
cost(17, 11, 44).
cost(17, 12, 26).
cost(17, 13, 52).
cost(17, 14, 32).
cost(17, 15, 50).
cost(17, 16, 18).
cost(17, 18, 19).
cost(17, 19, 11).
cost(17, 20, 60).
cost(17, 21, 45).
cost(17, 22, 31).
cost(17, 23, 57).
cost(18, 1, 36).
cost(18, 2, 52).
cost(18, 3, 58).
cost(18, 4, 18).
cost(18, 5, 52).
cost(18, 6, 47).
cost(18, 7, 22).
cost(18, 8, 52).
cost(18, 9, 43).
cost(18, 10, 43).
cost(18, 11, 25).
cost(18, 12, 31).
cost(18, 13, 33).
cost(18, 14, 14).
cost(18, 15, 31).
cost(18, 16, 35).
cost(18, 17, 19).
cost(18, 19, 20).
cost(18, 20, 41).
cost(18, 21, 50).
cost(18, 22, 28).
cost(18, 23, 62).
cost(19, 1, 56).
cost(19, 2, 36).
cost(19, 3, 39).
cost(19, 4, 36).
cost(19, 5, 60).
cost(19, 6, 60).
cost(19, 7, 41).
cost(19, 8, 38).
cost(19, 9, 62).
cost(19, 10, 63).
cost(19, 11, 43).
cost(19, 12, 15).
cost(19, 13, 50).
cost(19, 14, 33).
cost(19, 15, 50).
cost(19, 16, 27).
cost(19, 17, 11).
cost(19, 18, 20).
cost(19, 20, 59).
cost(19, 21, 56).
cost(19, 22, 20).
cost(19, 23, 68).
cost(20, 1, 19).
cost(20, 2, 92).
cost(20, 3, 98).
cost(20, 4, 35).
cost(20, 5, 72).
cost(20, 6, 58).
cost(20, 7, 26).
cost(20, 8, 92).
cost(20, 9, 8).
cost(20, 10, 13).
cost(20, 11, 17).
cost(20, 12, 66).
cost(20, 13, 14).
cost(20, 14, 27).
cost(20, 15, 9).
cost(20, 16, 74).
cost(20, 17, 60).
cost(20, 18, 41).
cost(20, 19, 59).
cost(20, 21, 73).
cost(20, 22, 56).
cost(20, 23, 82).
cost(21, 1, 55).
cost(21, 2, 57).
cost(21, 3, 70).
cost(21, 4, 40).
cost(21, 5, 5).
cost(21, 6, 21).
cost(21, 7, 48).
cost(21, 8, 51).
cost(21, 9, 69).
cost(21, 10, 66).
cost(21, 11, 66).
cost(21, 12, 71).
cost(21, 13, 74).
cost(21, 14, 53).
cost(21, 15, 66).
cost(21, 16, 38).
cost(21, 17, 45).
cost(21, 18, 50).
cost(21, 19, 56).
cost(21, 20, 73).
cost(21, 22, 74).
cost(21, 23, 12).
cost(22, 1, 59).
cost(22, 2, 53).
cost(22, 3, 52).
cost(22, 4, 45).
cost(22, 5, 77).
cost(22, 6, 74).
cost(22, 7, 47).
cost(22, 8, 56).
cost(22, 9, 61).
cost(22, 10, 64).
cost(22, 11, 39).
cost(22, 12, 13).
cost(22, 13, 44).
cost(22, 14, 36).
cost(22, 15, 49).
cost(22, 16, 47).
cost(22, 17, 31).
cost(22, 18, 28).
cost(22, 19, 20).
cost(22, 20, 56).
cost(22, 21, 74).
cost(22, 23, 86).
cost(23, 1, 65).
cost(23, 2, 65).
cost(23, 3, 78).
cost(23, 4, 51).
cost(23, 5, 11).
cost(23, 6, 26).
cost(23, 7, 59).
cost(23, 8, 59).
cost(23, 9, 78).
cost(23, 10, 74).
cost(23, 11, 77).
cost(23, 12, 83).
cost(23, 13, 85).
cost(23, 14, 64).
cost(23, 15, 76).
cost(23, 16, 48).
cost(23, 17, 57).
cost(23, 18, 62).
cost(23, 19, 68).
cost(23, 20, 82).
cost(23, 21, 12).
cost(23, 22, 86).
nocross(1,4).
nocross(1,6).
nocross(1,7).
nocross(1,9).
nocross(1,10).
nocross(1,11).
nocross(1,14).
nocross(1,15).
nocross(1,20).
nocross(1,21).
nocross(2,3).
nocross(2,8).
nocross(2,12).
nocross(2,16).
nocross(2,17).
nocross(2,19).
nocross(2,21).
nocross(2,22).
nocross(3,2).
nocross(3,8).
nocross(3,12).
nocross(3,16).
nocross(3,17).
nocross(3,19).
nocross(3,22).
nocross(4,1).
nocross(4,5).
nocross(4,6).
nocross(4,7).
nocross(4,9).
nocross(4,10).
nocross(4,11).
nocross(4,14).
nocross(4,15).
nocross(4,17).
nocross(4,18).
nocross(4,21).
nocross(4,23).
nocross(5,6).
nocross(5,21).
nocross(5,23).
nocross(6,1).
nocross(6,4).
nocross(6,5).
nocross(6,7).
nocross(6,9).
nocross(6,10).
nocross(6,21).
nocross(6,23).
nocross(7,1).
nocross(7,4).
nocross(7,5).
nocross(7,6).
nocross(7,9).
nocross(7,10).
nocross(7,11).
nocross(7,13).
nocross(7,14).
nocross(7,15).
nocross(7,18).
nocross(7,20).
nocross(7,21).
nocross(8,2).
nocross(8,3).
nocross(8,16).
nocross(8,17).
nocross(8,19).
nocross(8,21).
nocross(8,23).
nocross(9,1).
nocross(9,4).
nocross(9,7).
nocross(9,10).
nocross(9,11).
nocross(9,13).
nocross(9,14).
nocross(9,15).
nocross(9,20).
nocross(10,1).
nocross(10,4).
nocross(10,7).
nocross(10,9).
nocross(10,11).
nocross(10,13).
nocross(10,14).
nocross(10,15).
nocross(10,20).
nocross(11,1).
nocross(11,4).
nocross(11,7).
nocross(11,9).
nocross(11,10).
nocross(11,13).
nocross(11,14).
nocross(11,15).
nocross(11,18).
nocross(11,20).
nocross(11,22).
nocross(12,2).
nocross(12,3).
nocross(12,13).
nocross(12,17).
nocross(12,18).
nocross(12,19).
nocross(12,22).
nocross(13,1).
nocross(13,4).
nocross(13,7).
nocross(13,9).
nocross(13,10).
nocross(13,11).
nocross(13,14).
nocross(13,15).
nocross(13,18).
nocross(13,20).
nocross(13,22).
nocross(14,1).
nocross(14,4).
nocross(14,7).
nocross(14,9).
nocross(14,10).
nocross(14,11).
nocross(14,13).
nocross(14,15).
nocross(14,17).
nocross(14,18).
nocross(14,19).
nocross(14,20).
nocross(14,21).
nocross(14,22).
nocross(15,1).
nocross(15,4).
nocross(15,7).
nocross(15,9).
nocross(15,10).
nocross(15,11).
nocross(15,13).
nocross(15,14).
nocross(15,18).
nocross(15,20).
nocross(15,22).
nocross(16,2).
nocross(16,3).
nocross(16,4).
nocross(16,5).
nocross(16,8).
nocross(16,17).
nocross(16,18).
nocross(16,19).
nocross(16,21).
nocross(16,23).
nocross(17,2).
nocross(17,3).
nocross(17,4).
nocross(17,7).
nocross(17,8).
nocross(17,12).
nocross(17,14).
nocross(17,16).
nocross(17,18).
nocross(17,19).
nocross(17,21).
nocross(17,22).
nocross(18,1).
nocross(18,3).
nocross(18,4).
nocross(18,7).
nocross(18,11).
nocross(18,12).
nocross(18,13).
nocross(18,14).
nocross(18,15).
nocross(18,16).
nocross(18,17).
nocross(18,19).
nocross(18,21).
nocross(18,22).
nocross(19,2).
nocross(19,3).
nocross(19,4).
nocross(19,7).
nocross(19,8).
nocross(19,12).
nocross(19,13).
nocross(19,14).
nocross(19,16).
nocross(19,17).
nocross(19,18).
nocross(19,21).
nocross(19,22).
nocross(20,1).
nocross(20,4).
nocross(20,7).
nocross(20,9).
nocross(20,10).
nocross(20,11).
nocross(20,13).
nocross(20,14).
nocross(20,15).
nocross(20,22).
nocross(21,4).
nocross(21,5).
nocross(21,6).
nocross(21,8).
nocross(21,23).
nocross(22,3).
nocross(22,4).
nocross(22,11).
nocross(22,12).
nocross(22,13).
nocross(22,14).
nocross(22,15).
nocross(22,17).
nocross(22,18).
nocross(22,19).
nocross(23,5).
nocross(23,6).
nocross(23,8).
nocross(23,21).
