dimension(23).
point(1, 74.4187053707, 66.3557380707).
point(2, 25.7532563308, 12.546582538).
point(3, 22.2401200876, 57.9325440081).
point(4, 11.3709894021, 14.6418728637).
point(5, 96.9312009336, 68.8228461392).
point(6, 7.9231695645, 35.6542763931).
point(7, 60.8804361202, 67.8507878209).
point(8, 59.7604432586, 31.5060215341).
point(9, 91.9117531287, 65.0466904679).
point(10, 5.3309508717, 74.5613019013).
point(11, 68.7263176676, 81.2380792251).
point(12, 92.0051209817, 73.2728424055).
point(13, 73.6320125733, 8.4234697684).
point(14, 44.8948082787, 39.6675012977).
point(15, 55.5657385609, 3.0180746377).
point(16, 29.0514182061, 69.2067525224).
point(17, 32.7130959239, 15.7655379146).
point(18, 33.5574289425, 56.9944407167).
point(19, 71.487253217, 14.9940590669).
point(20, 81.2526135268, 95.4147154731).
point(21, 12.0458939708, 59.8445444818).
point(22, 36.720474129, 59.8673228997).
point(23, 69.9678551767, 88.7561841358).
cost(1, 2, 73).
cost(1, 3, 53).
cost(1, 4, 82).
cost(1, 5, 23).
cost(1, 6, 73).
cost(1, 7, 14).
cost(1, 8, 38).
cost(1, 9, 18).
cost(1, 10, 70).
cost(1, 11, 16).
cost(1, 12, 19).
cost(1, 13, 58).
cost(1, 14, 40).
cost(1, 15, 66).
cost(1, 16, 45).
cost(1, 17, 66).
cost(1, 18, 42).
cost(1, 19, 51).
cost(1, 20, 30).
cost(1, 21, 63).
cost(1, 22, 38).
cost(1, 23, 23).
cost(2, 1, 73).
cost(2, 3, 46).
cost(2, 4, 15).
cost(2, 5, 91).
cost(2, 6, 29).
cost(2, 7, 66).
cost(2, 8, 39).
cost(2, 9, 84).
cost(2, 10, 65).
cost(2, 11, 81).
cost(2, 12, 90).
cost(2, 13, 48).
cost(2, 14, 33).
cost(2, 15, 31).
cost(2, 16, 57).
cost(2, 17, 8).
cost(2, 18, 45).
cost(2, 19, 46).
cost(2, 20, 100).
cost(2, 21, 49).
cost(2, 22, 49).
cost(2, 23, 88).
cost(3, 1, 53).
cost(3, 2, 46).
cost(3, 4, 45).
cost(3, 5, 75).
cost(3, 6, 26).
cost(3, 7, 40).
cost(3, 8, 46).
cost(3, 9, 70).
cost(3, 10, 24).
cost(3, 11, 52).
cost(3, 12, 71).
cost(3, 13, 71).
cost(3, 14, 29).
cost(3, 15, 64).
cost(3, 16, 13).
cost(3, 17, 43).
cost(3, 18, 11).
cost(3, 19, 65).
cost(3, 20, 70).
cost(3, 21, 10).
cost(3, 22, 15).
cost(3, 23, 57).
cost(4, 1, 82).
cost(4, 2, 15).
cost(4, 3, 45).
cost(4, 5, 101).
cost(4, 6, 21).
cost(4, 7, 73).
cost(4, 8, 51).
cost(4, 9, 95).
cost(4, 10, 60).
cost(4, 11, 88).
cost(4, 12, 100).
cost(4, 13, 63).
cost(4, 14, 42).
cost(4, 15, 46).
cost(4, 16, 57).
cost(4, 17, 21).
cost(4, 18, 48).
cost(4, 19, 60).
cost(4, 20, 107).
cost(4, 21, 45).
cost(4, 22, 52).
cost(4, 23, 94).
cost(5, 1, 23).
cost(5, 2, 91).
cost(5, 3, 75).
cost(5, 4, 101).
cost(5, 6, 95).
cost(5, 7, 36).
cost(5, 8, 53).
cost(5, 9, 6).
cost(5, 10, 92).
cost(5, 11, 31).
cost(5, 12, 7).
cost(5, 13, 65).
cost(5, 14, 60).
cost(5, 15, 78).
cost(5, 16, 68).
cost(5, 17, 83).
cost(5, 18, 64).
cost(5, 19, 60).
cost(5, 20, 31).
cost(5, 21, 85).
cost(5, 22, 61).
cost(5, 23, 34).
cost(6, 1, 73).
cost(6, 2, 29).
cost(6, 3, 26).
cost(6, 4, 21).
cost(6, 5, 95).
cost(6, 7, 62).
cost(6, 8, 52).
cost(6, 9, 89).
cost(6, 10, 39).
cost(6, 11, 76).
cost(6, 12, 92).
cost(6, 13, 71).
cost(6, 14, 37).
cost(6, 15, 58).
cost(6, 16, 40).
cost(6, 17, 32).
cost(6, 18, 33).
cost(6, 19, 67).
cost(6, 20, 95).
cost(6, 21, 25).
cost(6, 22, 38).
cost(6, 23, 82).
cost(7, 1, 14).
cost(7, 2, 66).
cost(7, 3, 40).
cost(7, 4, 73).
cost(7, 5, 36).
cost(7, 6, 62).
cost(7, 8, 36).
cost(7, 9, 31).
cost(7, 10, 56).
cost(7, 11, 16).
cost(7, 12, 32).
cost(7, 13, 61).
cost(7, 14, 32).
cost(7, 15, 65).
cost(7, 16, 32).
cost(7, 17, 59).
cost(7, 18, 29).
cost(7, 19, 54).
cost(7, 20, 34).
cost(7, 21, 49).
cost(7, 22, 25).
cost(7, 23, 23).
cost(8, 1, 38).
cost(8, 2, 39).
cost(8, 3, 46).
cost(8, 4, 51).
cost(8, 5, 53).
cost(8, 6, 52).
cost(8, 7, 36).
cost(8, 9, 46).
cost(8, 10, 69).
cost(8, 11, 51).
cost(8, 12, 53).
cost(8, 13, 27).
cost(8, 14, 17).
cost(8, 15, 29).
cost(8, 16, 49).
cost(8, 17, 31).
cost(8, 18, 37).
cost(8, 19, 20).
cost(8, 20, 67).
cost(8, 21, 55).
cost(8, 22, 37).
cost(8, 23, 58).
cost(9, 1, 18).
cost(9, 2, 84).
cost(9, 3, 70).
cost(9, 4, 95).
cost(9, 5, 6).
cost(9, 6, 89).
cost(9, 7, 31).
cost(9, 8, 46).
cost(9, 10, 87).
cost(9, 11, 28).
cost(9, 12, 8).
cost(9, 13, 60).
cost(9, 14, 53).
cost(9, 15, 72).
cost(9, 16, 63).
cost(9, 17, 77).
cost(9, 18, 59).
cost(9, 19, 54).
cost(9, 20, 32).
cost(9, 21, 80).
cost(9, 22, 55).
cost(9, 23, 32).
cost(10, 1, 70).
cost(10, 2, 65).
cost(10, 3, 24).
cost(10, 4, 60).
cost(10, 5, 92).
cost(10, 6, 39).
cost(10, 7, 56).
cost(10, 8, 69).
cost(10, 9, 87).
cost(10, 11, 64).
cost(10, 12, 87).
cost(10, 13, 95).
cost(10, 14, 53).
cost(10, 15, 87).
cost(10, 16, 24).
cost(10, 17, 65).
cost(10, 18, 33).
cost(10, 19, 89).
cost(10, 20, 79).
cost(10, 21, 16).
cost(10, 22, 35).
cost(10, 23, 66).
cost(11, 1, 16).
cost(11, 2, 81).
cost(11, 3, 52).
cost(11, 4, 88).
cost(11, 5, 31).
cost(11, 6, 76).
cost(11, 7, 16).
cost(11, 8, 51).
cost(11, 9, 28).
cost(11, 10, 64).
cost(11, 12, 25).
cost(11, 13, 73).
cost(11, 14, 48).
cost(11, 15, 79).
cost(11, 16, 41).
cost(11, 17, 75).
cost(11, 18, 43).
cost(11, 19, 66).
cost(11, 20, 19).
cost(11, 21, 61).
cost(11, 22, 38).
cost(11, 23, 8).
cost(12, 1, 19).
cost(12, 2, 90).
cost(12, 3, 71).
cost(12, 4, 100).
cost(12, 5, 7).
cost(12, 6, 92).
cost(12, 7, 32).
cost(12, 8, 53).
cost(12, 9, 8).
cost(12, 10, 87).
cost(12, 11, 25).
cost(12, 13, 67).
cost(12, 14, 58).
cost(12, 15, 79).
cost(12, 16, 63).
cost(12, 17, 83).
cost(12, 18, 61).
cost(12, 19, 62).
cost(12, 20, 25).
cost(12, 21, 81).
cost(12, 22, 57).
cost(12, 23, 27).
cost(13, 1, 58).
cost(13, 2, 48).
cost(13, 3, 71).
cost(13, 4, 63).
cost(13, 5, 65).
cost(13, 6, 71).
cost(13, 7, 61).
cost(13, 8, 27).
cost(13, 9, 60).
cost(13, 10, 95).
cost(13, 11, 73).
cost(13, 12, 67).
cost(13, 14, 42).
cost(13, 15, 19).
cost(13, 16, 75).
cost(13, 17, 42).
cost(13, 18, 63).
cost(13, 19, 7).
cost(13, 20, 87).
cost(13, 21, 80).
cost(13, 22, 63).
cost(13, 23, 80).
cost(14, 1, 40).
cost(14, 2, 33).
cost(14, 3, 29).
cost(14, 4, 42).
cost(14, 5, 60).
cost(14, 6, 37).
cost(14, 7, 32).
cost(14, 8, 17).
cost(14, 9, 53).
cost(14, 10, 53).
cost(14, 11, 48).
cost(14, 12, 58).
cost(14, 13, 42).
cost(14, 15, 38).
cost(14, 16, 34).
cost(14, 17, 27).
cost(14, 18, 21).
cost(14, 19, 36).
cost(14, 20, 67).
cost(14, 21, 39).
cost(14, 22, 22).
cost(14, 23, 55).
cost(15, 1, 66).
cost(15, 2, 31).
cost(15, 3, 64).
cost(15, 4, 46).
cost(15, 5, 78).
cost(15, 6, 58).
cost(15, 7, 65).
cost(15, 8, 29).
cost(15, 9, 72).
cost(15, 10, 87).
cost(15, 11, 79).
cost(15, 12, 79).
cost(15, 13, 19).
cost(15, 14, 38).
cost(15, 16, 71).
cost(15, 17, 26).
cost(15, 18, 58).
cost(15, 19, 20).
cost(15, 20, 96).
cost(15, 21, 72).
cost(15, 22, 60).
cost(15, 23, 87).
cost(16, 1, 45).
cost(16, 2, 57).
cost(16, 3, 13).
cost(16, 4, 57).
cost(16, 5, 68).
cost(16, 6, 40).
cost(16, 7, 32).
cost(16, 8, 49).
cost(16, 9, 63).
cost(16, 10, 24).
cost(16, 11, 41).
cost(16, 12, 63).
cost(16, 13, 75).
cost(16, 14, 34).
cost(16, 15, 71).
cost(16, 17, 54).
cost(16, 18, 13).
cost(16, 19, 69).
cost(16, 20, 58).
cost(16, 21, 19).
cost(16, 22, 12).
cost(16, 23, 45).
cost(17, 1, 66).
cost(17, 2, 8).
cost(17, 3, 43).
cost(17, 4, 21).
cost(17, 5, 83).
cost(17, 6, 32).
cost(17, 7, 59).
cost(17, 8, 31).
cost(17, 9, 77).
cost(17, 10, 65).
cost(17, 11, 75).
cost(17, 12, 83).
cost(17, 13, 42).
cost(17, 14, 27).
cost(17, 15, 26).
cost(17, 16, 54).
cost(17, 18, 41).
cost(17, 19, 39).
cost(17, 20, 93).
cost(17, 21, 49).
cost(17, 22, 44).
cost(17, 23, 82).
cost(18, 1, 42).
cost(18, 2, 45).
cost(18, 3, 11).
cost(18, 4, 48).
cost(18, 5, 64).
cost(18, 6, 33).
cost(18, 7, 29).
cost(18, 8, 37).
cost(18, 9, 59).
cost(18, 10, 33).
cost(18, 11, 43).
cost(18, 12, 61).
cost(18, 13, 63).
cost(18, 14, 21).
cost(18, 15, 58).
cost(18, 16, 13).
cost(18, 17, 41).
cost(18, 19, 57).
cost(18, 20, 61).
cost(18, 21, 22).
cost(18, 22, 4).
cost(18, 23, 48).
cost(19, 1, 51).
cost(19, 2, 46).
cost(19, 3, 65).
cost(19, 4, 60).
cost(19, 5, 60).
cost(19, 6, 67).
cost(19, 7, 54).
cost(19, 8, 20).
cost(19, 9, 54).
cost(19, 10, 89).
cost(19, 11, 66).
cost(19, 12, 62).
cost(19, 13, 7).
cost(19, 14, 36).
cost(19, 15, 20).
cost(19, 16, 69).
cost(19, 17, 39).
cost(19, 18, 57).
cost(19, 20, 81).
cost(19, 21, 74).
cost(19, 22, 57).
cost(19, 23, 74).
cost(20, 1, 30).
cost(20, 2, 100).
cost(20, 3, 70).
cost(20, 4, 107).
cost(20, 5, 31).
cost(20, 6, 95).
cost(20, 7, 34).
cost(20, 8, 67).
cost(20, 9, 32).
cost(20, 10, 79).
cost(20, 11, 19).
cost(20, 12, 25).
cost(20, 13, 87).
cost(20, 14, 67).
cost(20, 15, 96).
cost(20, 16, 58).
cost(20, 17, 93).
cost(20, 18, 61).
cost(20, 19, 81).
cost(20, 21, 78).
cost(20, 22, 57).
cost(20, 23, 13).
cost(21, 1, 63).
cost(21, 2, 49).
cost(21, 3, 10).
cost(21, 4, 45).
cost(21, 5, 85).
cost(21, 6, 25).
cost(21, 7, 49).
cost(21, 8, 55).
cost(21, 9, 80).
cost(21, 10, 16).
cost(21, 11, 61).
cost(21, 12, 81).
cost(21, 13, 80).
cost(21, 14, 39).
cost(21, 15, 72).
cost(21, 16, 19).
cost(21, 17, 49).
cost(21, 18, 22).
cost(21, 19, 74).
cost(21, 20, 78).
cost(21, 22, 25).
cost(21, 23, 65).
cost(22, 1, 38).
cost(22, 2, 49).
cost(22, 3, 15).
cost(22, 4, 52).
cost(22, 5, 61).
cost(22, 6, 38).
cost(22, 7, 25).
cost(22, 8, 37).
cost(22, 9, 55).
cost(22, 10, 35).
cost(22, 11, 38).
cost(22, 12, 57).
cost(22, 13, 63).
cost(22, 14, 22).
cost(22, 15, 60).
cost(22, 16, 12).
cost(22, 17, 44).
cost(22, 18, 4).
cost(22, 19, 57).
cost(22, 20, 57).
cost(22, 21, 25).
cost(22, 23, 44).
cost(23, 1, 23).
cost(23, 2, 88).
cost(23, 3, 57).
cost(23, 4, 94).
cost(23, 5, 34).
cost(23, 6, 82).
cost(23, 7, 23).
cost(23, 8, 58).
cost(23, 9, 32).
cost(23, 10, 66).
cost(23, 11, 8).
cost(23, 12, 27).
cost(23, 13, 80).
cost(23, 14, 55).
cost(23, 15, 87).
cost(23, 16, 45).
cost(23, 17, 82).
cost(23, 18, 48).
cost(23, 19, 74).
cost(23, 20, 13).
cost(23, 21, 65).
cost(23, 22, 44).
nocross(1,5).
nocross(1,7).
nocross(1,8).
nocross(1,9).
nocross(1,11).
nocross(1,12).
nocross(1,13).
nocross(1,18).
nocross(1,19).
nocross(1,20).
nocross(1,22).
nocross(1,23).
nocross(2,4).
nocross(2,6).
nocross(2,13).
nocross(2,14).
nocross(2,15).
nocross(2,17).
nocross(2,18).
nocross(2,19).
nocross(3,2).
nocross(3,4).
nocross(3,6).
nocross(3,10).
nocross(3,14).
nocross(3,16).
nocross(3,17).
nocross(3,18).
nocross(3,21).
nocross(3,22).
nocross(4,2).
nocross(4,3).
nocross(4,6).
nocross(4,10).
nocross(4,14).
nocross(4,15).
nocross(4,17).
nocross(4,18).
nocross(4,21).
nocross(5,1).
nocross(5,7).
nocross(5,9).
nocross(5,11).
nocross(5,12).
nocross(5,20).
nocross(6,2).
nocross(6,3).
nocross(6,4).
nocross(6,10).
nocross(6,14).
nocross(6,16).
nocross(6,17).
nocross(6,18).
nocross(6,21).
nocross(6,22).
nocross(7,1).
nocross(7,3).
nocross(7,5).
nocross(7,8).
nocross(7,9).
nocross(7,10).
nocross(7,11).
nocross(7,12).
nocross(7,14).
nocross(7,16).
nocross(7,18).
nocross(7,19).
nocross(7,21).
nocross(7,22).
nocross(7,23).
nocross(8,1).
nocross(8,2).
nocross(8,3).
nocross(8,5).
nocross(8,7).
nocross(8,9).
nocross(8,11).
nocross(8,12).
nocross(8,13).
nocross(8,14).
nocross(8,15).
nocross(8,17).
nocross(8,18).
nocross(8,19).
nocross(8,22).
nocross(9,1).
nocross(9,5).
nocross(9,7).
nocross(9,11).
nocross(9,12).
nocross(9,13).
nocross(9,19).
nocross(10,3).
nocross(10,6).
nocross(10,16).
nocross(10,18).
nocross(10,21).
nocross(10,22).
nocross(10,23).
nocross(11,1).
nocross(11,7).
nocross(11,9).
nocross(11,12).
nocross(11,16).
nocross(11,18).
nocross(11,20).
nocross(11,22).
nocross(11,23).
nocross(12,1).
nocross(12,5).
nocross(12,7).
nocross(12,9).
nocross(12,11).
nocross(12,20).
nocross(12,23).
nocross(13,5).
nocross(13,8).
nocross(13,9).
nocross(13,15).
nocross(13,17).
nocross(13,19).
nocross(14,2).
nocross(14,3).
nocross(14,4).
nocross(14,5).
nocross(14,6).
nocross(14,7).
nocross(14,8).
nocross(14,9).
nocross(14,12).
nocross(14,13).
nocross(14,15).
nocross(14,16).
nocross(14,17).
nocross(14,18).
nocross(14,19).
nocross(14,21).
nocross(14,22).
nocross(15,2).
nocross(15,4).
nocross(15,8).
nocross(15,13).
nocross(15,14).
nocross(15,17).
nocross(15,19).
nocross(16,3).
nocross(16,7).
nocross(16,10).
nocross(16,11).
nocross(16,14).
nocross(16,18).
nocross(16,20).
nocross(16,21).
nocross(16,22).
nocross(16,23).
nocross(17,2).
nocross(17,3).
nocross(17,4).
nocross(17,6).
nocross(17,8).
nocross(17,13).
nocross(17,14).
nocross(17,15).
nocross(17,18).
nocross(17,19).
nocross(17,22).
nocross(18,2).
nocross(18,3).
nocross(18,6).
nocross(18,7).
nocross(18,8).
nocross(18,14).
nocross(18,16).
nocross(18,17).
nocross(18,21).
nocross(18,22).
nocross(18,23).
nocross(19,2).
nocross(19,5).
nocross(19,8).
nocross(19,9).
nocross(19,13).
nocross(19,14).
nocross(19,15).
nocross(19,17).
nocross(20,1).
nocross(20,5).
nocross(20,7).
nocross(20,9).
nocross(20,11).
nocross(20,12).
nocross(20,23).
nocross(21,2).
nocross(21,3).
nocross(21,4).
nocross(21,6).
nocross(21,10).
nocross(21,16).
nocross(21,17).
nocross(21,18).
nocross(21,22).
nocross(22,2).
nocross(22,3).
nocross(22,7).
nocross(22,8).
nocross(22,11).
nocross(22,14).
nocross(22,16).
nocross(22,17).
nocross(22,18).
nocross(22,21).
nocross(22,23).
nocross(23,1).
nocross(23,7).
nocross(23,10).
nocross(23,11).
nocross(23,12).
nocross(23,16).
nocross(23,18).
nocross(23,20).
nocross(23,22).
