dimension(23).
point(1, 66.4202040307, 42.3218800507).
point(2, 20.0947153663, 17.6033655053).
point(3, 35.8390122589, 49.3965757716).
point(4, 19.0455971399, 95.9541760574).
point(5, 67.1008063922, 94.790108189).
point(6, 28.8250792537, 72.6241562622).
point(7, 13.0970733424, 38.149285692).
point(8, 84.1440306845, 8.7175969815).
point(9, 82.3696167186, 69.6496728866).
point(10, 16.0070703732, 71.8123707446).
point(11, 37.7277529985, 84.9419737426).
point(12, 43.4424907923, 49.7531189802).
point(13, 17.7305092969, 36.8760453786).
point(14, 43.1487881731, 18.1834411041).
point(15, 51.0018822873, 86.2827981772).
point(16, 24.8433141237, 86.0753059846).
point(17, 86.2567573058, 25.249916428).
point(18, 75.8650450739, 9.1116687576).
point(19, 73.6391887526, 43.0806154886).
point(20, 9.825261203, 29.3271428356).
point(21, 91.7309654373, 10.9113189321).
point(22, 79.1742501324, 46.417831929).
point(23, 51.0974134339, 80.5376246337).
cost(1, 2, 53).
cost(1, 3, 31).
cost(1, 4, 72).
cost(1, 5, 52).
cost(1, 6, 48).
cost(1, 7, 53).
cost(1, 8, 38).
cost(1, 9, 32).
cost(1, 10, 58).
cost(1, 11, 51).
cost(1, 12, 24).
cost(1, 13, 49).
cost(1, 14, 34).
cost(1, 15, 47).
cost(1, 16, 60).
cost(1, 17, 26).
cost(1, 18, 35).
cost(1, 19, 7).
cost(1, 20, 58).
cost(1, 21, 40).
cost(1, 22, 13).
cost(1, 23, 41).
cost(2, 1, 53).
cost(2, 3, 35).
cost(2, 4, 78).
cost(2, 5, 90).
cost(2, 6, 56).
cost(2, 7, 22).
cost(2, 8, 65).
cost(2, 9, 81).
cost(2, 10, 54).
cost(2, 11, 70).
cost(2, 12, 40).
cost(2, 13, 19).
cost(2, 14, 23).
cost(2, 15, 75).
cost(2, 16, 69).
cost(2, 17, 67).
cost(2, 18, 56).
cost(2, 19, 59).
cost(2, 20, 16).
cost(2, 21, 72).
cost(2, 22, 66).
cost(2, 23, 70).
cost(3, 1, 31).
cost(3, 2, 35).
cost(3, 4, 49).
cost(3, 5, 55).
cost(3, 6, 24).
cost(3, 7, 25).
cost(3, 8, 63).
cost(3, 9, 51).
cost(3, 10, 30).
cost(3, 11, 36).
cost(3, 12, 8).
cost(3, 13, 22).
cost(3, 14, 32).
cost(3, 15, 40).
cost(3, 16, 38).
cost(3, 17, 56).
cost(3, 18, 57).
cost(3, 19, 38).
cost(3, 20, 33).
cost(3, 21, 68).
cost(3, 22, 43).
cost(3, 23, 35).
cost(4, 1, 72).
cost(4, 2, 78).
cost(4, 3, 49).
cost(4, 5, 48).
cost(4, 6, 25).
cost(4, 7, 58).
cost(4, 8, 109).
cost(4, 9, 69).
cost(4, 10, 24).
cost(4, 11, 22).
cost(4, 12, 52).
cost(4, 13, 59).
cost(4, 14, 81).
cost(4, 15, 33).
cost(4, 16, 11).
cost(4, 17, 98).
cost(4, 18, 104).
cost(4, 19, 76).
cost(4, 20, 67).
cost(4, 21, 112).
cost(4, 22, 78).
cost(4, 23, 36).
cost(5, 1, 52).
cost(5, 2, 90).
cost(5, 3, 55).
cost(5, 4, 48).
cost(5, 6, 44).
cost(5, 7, 78).
cost(5, 8, 88).
cost(5, 9, 29).
cost(5, 10, 56).
cost(5, 11, 31).
cost(5, 12, 51).
cost(5, 13, 76).
cost(5, 14, 80).
cost(5, 15, 18).
cost(5, 16, 43).
cost(5, 17, 72).
cost(5, 18, 86).
cost(5, 19, 52).
cost(5, 20, 87).
cost(5, 21, 87).
cost(5, 22, 50).
cost(5, 23, 21).
cost(6, 1, 48).
cost(6, 2, 56).
cost(6, 3, 24).
cost(6, 4, 25).
cost(6, 5, 44).
cost(6, 7, 38).
cost(6, 8, 85).
cost(6, 9, 54).
cost(6, 10, 13).
cost(6, 11, 15).
cost(6, 12, 27).
cost(6, 13, 37).
cost(6, 14, 56).
cost(6, 15, 26).
cost(6, 16, 14).
cost(6, 17, 74).
cost(6, 18, 79).
cost(6, 19, 54).
cost(6, 20, 47).
cost(6, 21, 88).
cost(6, 22, 57).
cost(6, 23, 24).
cost(7, 1, 53).
cost(7, 2, 22).
cost(7, 3, 25).
cost(7, 4, 58).
cost(7, 5, 78).
cost(7, 6, 38).
cost(7, 8, 77).
cost(7, 9, 76).
cost(7, 10, 34).
cost(7, 11, 53).
cost(7, 12, 32).
cost(7, 13, 5).
cost(7, 14, 36).
cost(7, 15, 61).
cost(7, 16, 49).
cost(7, 17, 74).
cost(7, 18, 69).
cost(7, 19, 61).
cost(7, 20, 9).
cost(7, 21, 83).
cost(7, 22, 67).
cost(7, 23, 57).
cost(8, 1, 38).
cost(8, 2, 65).
cost(8, 3, 63).
cost(8, 4, 109).
cost(8, 5, 88).
cost(8, 6, 85).
cost(8, 7, 77).
cost(8, 9, 61).
cost(8, 10, 93).
cost(8, 11, 89).
cost(8, 12, 58).
cost(8, 13, 72).
cost(8, 14, 42).
cost(8, 15, 84).
cost(8, 16, 97).
cost(8, 17, 17).
cost(8, 18, 8).
cost(8, 19, 36).
cost(8, 20, 77).
cost(8, 21, 8).
cost(8, 22, 38).
cost(8, 23, 79).
cost(9, 1, 32).
cost(9, 2, 81).
cost(9, 3, 51).
cost(9, 4, 69).
cost(9, 5, 29).
cost(9, 6, 54).
cost(9, 7, 76).
cost(9, 8, 61).
cost(9, 10, 66).
cost(9, 11, 47).
cost(9, 12, 44).
cost(9, 13, 72).
cost(9, 14, 65).
cost(9, 15, 36).
cost(9, 16, 60).
cost(9, 17, 45).
cost(9, 18, 61).
cost(9, 19, 28).
cost(9, 20, 83).
cost(9, 21, 59).
cost(9, 22, 23).
cost(9, 23, 33).
cost(10, 1, 58).
cost(10, 2, 54).
cost(10, 3, 30).
cost(10, 4, 24).
cost(10, 5, 56).
cost(10, 6, 13).
cost(10, 7, 34).
cost(10, 8, 93).
cost(10, 9, 66).
cost(10, 11, 25).
cost(10, 12, 35).
cost(10, 13, 35).
cost(10, 14, 60).
cost(10, 15, 38).
cost(10, 16, 17).
cost(10, 17, 84).
cost(10, 18, 87).
cost(10, 19, 64).
cost(10, 20, 43).
cost(10, 21, 97).
cost(10, 22, 68).
cost(10, 23, 36).
cost(11, 1, 51).
cost(11, 2, 70).
cost(11, 3, 36).
cost(11, 4, 22).
cost(11, 5, 31).
cost(11, 6, 15).
cost(11, 7, 53).
cost(11, 8, 89).
cost(11, 9, 47).
cost(11, 10, 25).
cost(11, 12, 36).
cost(11, 13, 52).
cost(11, 14, 67).
cost(11, 15, 13).
cost(11, 16, 13).
cost(11, 17, 77).
cost(11, 18, 85).
cost(11, 19, 55).
cost(11, 20, 62).
cost(11, 21, 92).
cost(11, 22, 57).
cost(11, 23, 14).
cost(12, 1, 24).
cost(12, 2, 40).
cost(12, 3, 8).
cost(12, 4, 52).
cost(12, 5, 51).
cost(12, 6, 27).
cost(12, 7, 32).
cost(12, 8, 58).
cost(12, 9, 44).
cost(12, 10, 35).
cost(12, 11, 36).
cost(12, 13, 29).
cost(12, 14, 32).
cost(12, 15, 37).
cost(12, 16, 41).
cost(12, 17, 49).
cost(12, 18, 52).
cost(12, 19, 31).
cost(12, 20, 39).
cost(12, 21, 62).
cost(12, 22, 36).
cost(12, 23, 32).
cost(13, 1, 49).
cost(13, 2, 19).
cost(13, 3, 22).
cost(13, 4, 59).
cost(13, 5, 76).
cost(13, 6, 37).
cost(13, 7, 5).
cost(13, 8, 72).
cost(13, 9, 72).
cost(13, 10, 35).
cost(13, 11, 52).
cost(13, 12, 29).
cost(13, 14, 32).
cost(13, 15, 60).
cost(13, 16, 50).
cost(13, 17, 70).
cost(13, 18, 64).
cost(13, 19, 56).
cost(13, 20, 11).
cost(13, 21, 78).
cost(13, 22, 62).
cost(13, 23, 55).
cost(14, 1, 34).
cost(14, 2, 23).
cost(14, 3, 32).
cost(14, 4, 81).
cost(14, 5, 80).
cost(14, 6, 56).
cost(14, 7, 36).
cost(14, 8, 42).
cost(14, 9, 65).
cost(14, 10, 60).
cost(14, 11, 67).
cost(14, 12, 32).
cost(14, 13, 32).
cost(14, 15, 69).
cost(14, 16, 70).
cost(14, 17, 44).
cost(14, 18, 34).
cost(14, 19, 39).
cost(14, 20, 35).
cost(14, 21, 49).
cost(14, 22, 46).
cost(14, 23, 63).
cost(15, 1, 47).
cost(15, 2, 75).
cost(15, 3, 40).
cost(15, 4, 33).
cost(15, 5, 18).
cost(15, 6, 26).
cost(15, 7, 61).
cost(15, 8, 84).
cost(15, 9, 36).
cost(15, 10, 38).
cost(15, 11, 13).
cost(15, 12, 37).
cost(15, 13, 60).
cost(15, 14, 69).
cost(15, 16, 26).
cost(15, 17, 70).
cost(15, 18, 81).
cost(15, 19, 49).
cost(15, 20, 70).
cost(15, 21, 86).
cost(15, 22, 49).
cost(15, 23, 6).
cost(16, 1, 60).
cost(16, 2, 69).
cost(16, 3, 38).
cost(16, 4, 11).
cost(16, 5, 43).
cost(16, 6, 14).
cost(16, 7, 49).
cost(16, 8, 97).
cost(16, 9, 60).
cost(16, 10, 17).
cost(16, 11, 13).
cost(16, 12, 41).
cost(16, 13, 50).
cost(16, 14, 70).
cost(16, 15, 26).
cost(16, 17, 86).
cost(16, 18, 92).
cost(16, 19, 65).
cost(16, 20, 59).
cost(16, 21, 101).
cost(16, 22, 67).
cost(16, 23, 27).
cost(17, 1, 26).
cost(17, 2, 67).
cost(17, 3, 56).
cost(17, 4, 98).
cost(17, 5, 72).
cost(17, 6, 74).
cost(17, 7, 74).
cost(17, 8, 17).
cost(17, 9, 45).
cost(17, 10, 84).
cost(17, 11, 77).
cost(17, 12, 49).
cost(17, 13, 70).
cost(17, 14, 44).
cost(17, 15, 70).
cost(17, 16, 86).
cost(17, 18, 19).
cost(17, 19, 22).
cost(17, 20, 77).
cost(17, 21, 15).
cost(17, 22, 22).
cost(17, 23, 66).
cost(18, 1, 35).
cost(18, 2, 56).
cost(18, 3, 57).
cost(18, 4, 104).
cost(18, 5, 86).
cost(18, 6, 79).
cost(18, 7, 69).
cost(18, 8, 8).
cost(18, 9, 61).
cost(18, 10, 87).
cost(18, 11, 85).
cost(18, 12, 52).
cost(18, 13, 64).
cost(18, 14, 34).
cost(18, 15, 81).
cost(18, 16, 92).
cost(18, 17, 19).
cost(18, 19, 34).
cost(18, 20, 69).
cost(18, 21, 16).
cost(18, 22, 37).
cost(18, 23, 76).
cost(19, 1, 7).
cost(19, 2, 59).
cost(19, 3, 38).
cost(19, 4, 76).
cost(19, 5, 52).
cost(19, 6, 54).
cost(19, 7, 61).
cost(19, 8, 36).
cost(19, 9, 28).
cost(19, 10, 64).
cost(19, 11, 55).
cost(19, 12, 31).
cost(19, 13, 56).
cost(19, 14, 39).
cost(19, 15, 49).
cost(19, 16, 65).
cost(19, 17, 22).
cost(19, 18, 34).
cost(19, 20, 65).
cost(19, 21, 37).
cost(19, 22, 6).
cost(19, 23, 44).
cost(20, 1, 58).
cost(20, 2, 16).
cost(20, 3, 33).
cost(20, 4, 67).
cost(20, 5, 87).
cost(20, 6, 47).
cost(20, 7, 9).
cost(20, 8, 77).
cost(20, 9, 83).
cost(20, 10, 43).
cost(20, 11, 62).
cost(20, 12, 39).
cost(20, 13, 11).
cost(20, 14, 35).
cost(20, 15, 70).
cost(20, 16, 59).
cost(20, 17, 77).
cost(20, 18, 69).
cost(20, 19, 65).
cost(20, 21, 84).
cost(20, 22, 71).
cost(20, 23, 66).
cost(21, 1, 40).
cost(21, 2, 72).
cost(21, 3, 68).
cost(21, 4, 112).
cost(21, 5, 87).
cost(21, 6, 88).
cost(21, 7, 83).
cost(21, 8, 8).
cost(21, 9, 59).
cost(21, 10, 97).
cost(21, 11, 92).
cost(21, 12, 62).
cost(21, 13, 78).
cost(21, 14, 49).
cost(21, 15, 86).
cost(21, 16, 101).
cost(21, 17, 15).
cost(21, 18, 16).
cost(21, 19, 37).
cost(21, 20, 84).
cost(21, 22, 38).
cost(21, 23, 81).
cost(22, 1, 13).
cost(22, 2, 66).
cost(22, 3, 43).
cost(22, 4, 78).
cost(22, 5, 50).
cost(22, 6, 57).
cost(22, 7, 67).
cost(22, 8, 38).
cost(22, 9, 23).
cost(22, 10, 68).
cost(22, 11, 57).
cost(22, 12, 36).
cost(22, 13, 62).
cost(22, 14, 46).
cost(22, 15, 49).
cost(22, 16, 67).
cost(22, 17, 22).
cost(22, 18, 37).
cost(22, 19, 6).
cost(22, 20, 71).
cost(22, 21, 38).
cost(22, 23, 44).
cost(23, 1, 41).
cost(23, 2, 70).
cost(23, 3, 35).
cost(23, 4, 36).
cost(23, 5, 21).
cost(23, 6, 24).
cost(23, 7, 57).
cost(23, 8, 79).
cost(23, 9, 33).
cost(23, 10, 36).
cost(23, 11, 14).
cost(23, 12, 32).
cost(23, 13, 55).
cost(23, 14, 63).
cost(23, 15, 6).
cost(23, 16, 27).
cost(23, 17, 66).
cost(23, 18, 76).
cost(23, 19, 44).
cost(23, 20, 66).
cost(23, 21, 81).
cost(23, 22, 44).
nocross(1,3).
nocross(1,7).
nocross(1,8).
nocross(1,12).
nocross(1,13).
nocross(1,14).
nocross(1,15).
nocross(1,17).
nocross(1,18).
nocross(1,19).
nocross(1,21).
nocross(1,22).
nocross(1,23).
nocross(2,3).
nocross(2,7).
nocross(2,8).
nocross(2,12).
nocross(2,13).
nocross(2,14).
nocross(2,18).
nocross(2,20).
nocross(3,1).
nocross(3,2).
nocross(3,4).
nocross(3,6).
nocross(3,7).
nocross(3,10).
nocross(3,11).
nocross(3,12).
nocross(3,13).
nocross(3,14).
nocross(3,15).
nocross(3,16).
nocross(3,18).
nocross(3,19).
nocross(3,20).
nocross(3,22).
nocross(3,23).
nocross(4,5).
nocross(4,6).
nocross(4,10).
nocross(4,11).
nocross(4,15).
nocross(4,16).
nocross(4,23).
nocross(5,4).
nocross(5,9).
nocross(5,11).
nocross(5,15).
nocross(5,16).
nocross(5,19).
nocross(5,22).
nocross(5,23).
nocross(6,1).
nocross(6,3).
nocross(6,4).
nocross(6,7).
nocross(6,10).
nocross(6,11).
nocross(6,12).
nocross(6,13).
nocross(6,15).
nocross(6,16).
nocross(6,23).
nocross(7,2).
nocross(7,3).
nocross(7,4).
nocross(7,10).
nocross(7,12).
nocross(7,13).
nocross(7,20).
nocross(8,1).
nocross(8,17).
nocross(8,18).
nocross(8,19).
nocross(8,21).
nocross(8,22).
nocross(9,1).
nocross(9,5).
nocross(9,12).
nocross(9,15).
nocross(9,17).
nocross(9,19).
nocross(9,21).
nocross(9,22).
nocross(9,23).
nocross(10,3).
nocross(10,4).
nocross(10,6).
nocross(10,7).
nocross(10,11).
nocross(10,12).
nocross(10,13).
nocross(10,15).
nocross(10,16).
nocross(10,20).
nocross(11,1).
nocross(11,3).
nocross(11,4).
nocross(11,6).
nocross(11,7).
nocross(11,10).
nocross(11,12).
nocross(11,13).
nocross(11,15).
nocross(11,16).
nocross(11,23).
nocross(12,1).
nocross(12,3).
nocross(12,6).
nocross(12,7).
nocross(12,10).
nocross(12,11).
nocross(12,13).
nocross(12,14).
nocross(12,15).
nocross(12,18).
nocross(12,19).
nocross(12,20).
nocross(12,22).
nocross(12,23).
nocross(13,2).
nocross(13,3).
nocross(13,4).
nocross(13,7).
nocross(13,10).
nocross(13,12).
nocross(13,14).
nocross(13,20).
nocross(14,1).
nocross(14,2).
nocross(14,3).
nocross(14,7).
nocross(14,8).
nocross(14,12).
nocross(14,13).
nocross(14,18).
nocross(14,19).
nocross(14,20).
nocross(15,1).
nocross(15,3).
nocross(15,4).
nocross(15,5).
nocross(15,6).
nocross(15,11).
nocross(15,12).
nocross(15,16).
nocross(15,19).
nocross(15,22).
nocross(15,23).
nocross(16,3).
nocross(16,4).
nocross(16,5).
nocross(16,6).
nocross(16,7).
nocross(16,10).
nocross(16,11).
nocross(16,12).
nocross(16,13).
nocross(16,15).
nocross(16,23).
nocross(17,1).
nocross(17,8).
nocross(17,9).
nocross(17,12).
nocross(17,19).
nocross(17,21).
nocross(17,22).
nocross(17,23).
nocross(18,1).
nocross(18,8).
nocross(18,12).
nocross(18,14).
nocross(18,17).
nocross(18,19).
nocross(18,21).
nocross(19,1).
nocross(19,3).
nocross(19,8).
nocross(19,12).
nocross(19,15).
nocross(19,17).
nocross(19,21).
nocross(19,22).
nocross(19,23).
nocross(20,2).
nocross(20,3).
nocross(20,4).
nocross(20,7).
nocross(20,10).
nocross(20,12).
nocross(20,13).
nocross(21,1).
nocross(21,8).
nocross(21,17).
nocross(21,18).
nocross(21,19).
nocross(21,22).
nocross(22,1).
nocross(22,5).
nocross(22,8).
nocross(22,9).
nocross(22,12).
nocross(22,15).
nocross(22,17).
nocross(22,19).
nocross(22,21).
nocross(22,23).
nocross(23,1).
nocross(23,3).
nocross(23,5).
nocross(23,6).
nocross(23,11).
nocross(23,12).
nocross(23,15).
nocross(23,16).
nocross(23,19).
nocross(23,22).
