dimension(23).
point(1, 29.2629045567, 30.8882863907).
point(2, 13.4017343357, 13.0736617903).
point(3, 53.74091394, 64.5854685644).
point(4, 1.3794448922, 49.7120828755).
point(5, 18.4129444166, 11.4270230376).
point(6, 82.6882188747, 12.8573176951).
point(7, 5.3882927838, 54.7321036372).
point(8, 31.0977458796, 44.5117895982).
point(9, 84.7288609467, 40.4405970496).
point(10, 9.5982723218, 50.5262421188).
point(11, 21.0508230332, 22.5333201653).
point(12, 49.806725188, 88.3880441173).
point(13, 86.8724821914, 57.7141532629).
point(14, 81.3910867766, 35.172597578).
point(15, 68.5185578717, 11.2665162872).
point(16, 59.0125107345, 22.8522931879).
point(17, 53.1228146115, 7.0466394298).
point(18, 33.6466180417, 25.3731029304).
point(19, 21.3239374591, 24.8059259307).
point(20, 52.1373460803, 69.8760296786).
point(21, 15.3975354586, 64.2436309659).
point(22, 70.1343525513, 43.8420468471).
point(23, 40.0733502143, 93.0522109941).
cost(1, 2, 24).
cost(1, 3, 42).
cost(1, 4, 34).
cost(1, 5, 22).
cost(1, 6, 56).
cost(1, 7, 34).
cost(1, 8, 14).
cost(1, 9, 56).
cost(1, 10, 28).
cost(1, 11, 12).
cost(1, 12, 61).
cost(1, 13, 64).
cost(1, 14, 52).
cost(1, 15, 44).
cost(1, 16, 31).
cost(1, 17, 34).
cost(1, 18, 7).
cost(1, 19, 10).
cost(1, 20, 45).
cost(1, 21, 36).
cost(1, 22, 43).
cost(1, 23, 63).
cost(2, 1, 24).
cost(2, 3, 65).
cost(2, 4, 39).
cost(2, 5, 5).
cost(2, 6, 69).
cost(2, 7, 42).
cost(2, 8, 36).
cost(2, 9, 76).
cost(2, 10, 38).
cost(2, 11, 12).
cost(2, 12, 84).
cost(2, 13, 86).
cost(2, 14, 71).
cost(2, 15, 55).
cost(2, 16, 47).
cost(2, 17, 40).
cost(2, 18, 24).
cost(2, 19, 14).
cost(2, 20, 69).
cost(2, 21, 51).
cost(2, 22, 65).
cost(2, 23, 84).
cost(3, 1, 42).
cost(3, 2, 65).
cost(3, 4, 54).
cost(3, 5, 64).
cost(3, 6, 59).
cost(3, 7, 49).
cost(3, 8, 30).
cost(3, 9, 39).
cost(3, 10, 46).
cost(3, 11, 53).
cost(3, 12, 24).
cost(3, 13, 34).
cost(3, 14, 40).
cost(3, 15, 55).
cost(3, 16, 42).
cost(3, 17, 58).
cost(3, 18, 44).
cost(3, 19, 51).
cost(3, 20, 6).
cost(3, 21, 38).
cost(3, 22, 26).
cost(3, 23, 32).
cost(4, 1, 34).
cost(4, 2, 39).
cost(4, 3, 54).
cost(4, 5, 42).
cost(4, 6, 89).
cost(4, 7, 6).
cost(4, 8, 30).
cost(4, 9, 84).
cost(4, 10, 8).
cost(4, 11, 34).
cost(4, 12, 62).
cost(4, 13, 86).
cost(4, 14, 81).
cost(4, 15, 77).
cost(4, 16, 64).
cost(4, 17, 67).
cost(4, 18, 40).
cost(4, 19, 32).
cost(4, 20, 55).
cost(4, 21, 20).
cost(4, 22, 69).
cost(4, 23, 58).
cost(5, 1, 22).
cost(5, 2, 5).
cost(5, 3, 64).
cost(5, 4, 42).
cost(5, 6, 64).
cost(5, 7, 45).
cost(5, 8, 35).
cost(5, 9, 72).
cost(5, 10, 40).
cost(5, 11, 11).
cost(5, 12, 83).
cost(5, 13, 83).
cost(5, 14, 67).
cost(5, 15, 50).
cost(5, 16, 42).
cost(5, 17, 35).
cost(5, 18, 21).
cost(5, 19, 14).
cost(5, 20, 67).
cost(5, 21, 53).
cost(5, 22, 61).
cost(5, 23, 84).
cost(6, 1, 56).
cost(6, 2, 69).
cost(6, 3, 59).
cost(6, 4, 89).
cost(6, 5, 64).
cost(6, 7, 88).
cost(6, 8, 61).
cost(6, 9, 28).
cost(6, 10, 82).
cost(6, 11, 62).
cost(6, 12, 82).
cost(6, 13, 45).
cost(6, 14, 22).
cost(6, 15, 14).
cost(6, 16, 26).
cost(6, 17, 30).
cost(6, 18, 51).
cost(6, 19, 63).
cost(6, 20, 65).
cost(6, 21, 85).
cost(6, 22, 33).
cost(6, 23, 91).
cost(7, 1, 34).
cost(7, 2, 42).
cost(7, 3, 49).
cost(7, 4, 6).
cost(7, 5, 45).
cost(7, 6, 88).
cost(7, 8, 28).
cost(7, 9, 81).
cost(7, 10, 6).
cost(7, 11, 36).
cost(7, 12, 56).
cost(7, 13, 82).
cost(7, 14, 78).
cost(7, 15, 77).
cost(7, 16, 62).
cost(7, 17, 67).
cost(7, 18, 41).
cost(7, 19, 34).
cost(7, 20, 49).
cost(7, 21, 14).
cost(7, 22, 66).
cost(7, 23, 52).
cost(8, 1, 14).
cost(8, 2, 36).
cost(8, 3, 30).
cost(8, 4, 30).
cost(8, 5, 35).
cost(8, 6, 61).
cost(8, 7, 28).
cost(8, 9, 54).
cost(8, 10, 22).
cost(8, 11, 24).
cost(8, 12, 48).
cost(8, 13, 57).
cost(8, 14, 51).
cost(8, 15, 50).
cost(8, 16, 35).
cost(8, 17, 43).
cost(8, 18, 19).
cost(8, 19, 22).
cost(8, 20, 33).
cost(8, 21, 25).
cost(8, 22, 39).
cost(8, 23, 49).
cost(9, 1, 56).
cost(9, 2, 76).
cost(9, 3, 39).
cost(9, 4, 84).
cost(9, 5, 72).
cost(9, 6, 28).
cost(9, 7, 81).
cost(9, 8, 54).
cost(9, 10, 76).
cost(9, 11, 66).
cost(9, 12, 59).
cost(9, 13, 17).
cost(9, 14, 6).
cost(9, 15, 33).
cost(9, 16, 31).
cost(9, 17, 46).
cost(9, 18, 53).
cost(9, 19, 65).
cost(9, 20, 44).
cost(9, 21, 73).
cost(9, 22, 15).
cost(9, 23, 69).
cost(10, 1, 28).
cost(10, 2, 38).
cost(10, 3, 46).
cost(10, 4, 8).
cost(10, 5, 40).
cost(10, 6, 82).
cost(10, 7, 6).
cost(10, 8, 22).
cost(10, 9, 76).
cost(10, 11, 30).
cost(10, 12, 55).
cost(10, 13, 78).
cost(10, 14, 73).
cost(10, 15, 71).
cost(10, 16, 57).
cost(10, 17, 62).
cost(10, 18, 35).
cost(10, 19, 28).
cost(10, 20, 47).
cost(10, 21, 15).
cost(10, 22, 61).
cost(10, 23, 52).
cost(11, 1, 12).
cost(11, 2, 12).
cost(11, 3, 53).
cost(11, 4, 34).
cost(11, 5, 11).
cost(11, 6, 62).
cost(11, 7, 36).
cost(11, 8, 24).
cost(11, 9, 66).
cost(11, 10, 30).
cost(11, 12, 72).
cost(11, 13, 75).
cost(11, 14, 62).
cost(11, 15, 49).
cost(11, 16, 38).
cost(11, 17, 36).
cost(11, 18, 13).
cost(11, 19, 2).
cost(11, 20, 57).
cost(11, 21, 42).
cost(11, 22, 54).
cost(11, 23, 73).
cost(12, 1, 61).
cost(12, 2, 84).
cost(12, 3, 24).
cost(12, 4, 62).
cost(12, 5, 83).
cost(12, 6, 82).
cost(12, 7, 56).
cost(12, 8, 48).
cost(12, 9, 59).
cost(12, 10, 55).
cost(12, 11, 72).
cost(12, 13, 48).
cost(12, 14, 62).
cost(12, 15, 79).
cost(12, 16, 66).
cost(12, 17, 81).
cost(12, 18, 65).
cost(12, 19, 70).
cost(12, 20, 19).
cost(12, 21, 42).
cost(12, 22, 49).
cost(12, 23, 11).
cost(13, 1, 64).
cost(13, 2, 86).
cost(13, 3, 34).
cost(13, 4, 86).
cost(13, 5, 83).
cost(13, 6, 45).
cost(13, 7, 82).
cost(13, 8, 57).
cost(13, 9, 17).
cost(13, 10, 78).
cost(13, 11, 75).
cost(13, 12, 48).
cost(13, 14, 23).
cost(13, 15, 50).
cost(13, 16, 45).
cost(13, 17, 61).
cost(13, 18, 62).
cost(13, 19, 73).
cost(13, 20, 37).
cost(13, 21, 72).
cost(13, 22, 22).
cost(13, 23, 59).
cost(14, 1, 52).
cost(14, 2, 71).
cost(14, 3, 40).
cost(14, 4, 81).
cost(14, 5, 67).
cost(14, 6, 22).
cost(14, 7, 78).
cost(14, 8, 51).
cost(14, 9, 6).
cost(14, 10, 73).
cost(14, 11, 62).
cost(14, 12, 62).
cost(14, 13, 23).
cost(14, 15, 27).
cost(14, 16, 26).
cost(14, 17, 40).
cost(14, 18, 49).
cost(14, 19, 61).
cost(14, 20, 45).
cost(14, 21, 72).
cost(14, 22, 14).
cost(14, 23, 71).
cost(15, 1, 44).
cost(15, 2, 55).
cost(15, 3, 55).
cost(15, 4, 77).
cost(15, 5, 50).
cost(15, 6, 14).
cost(15, 7, 77).
cost(15, 8, 50).
cost(15, 9, 33).
cost(15, 10, 71).
cost(15, 11, 49).
cost(15, 12, 79).
cost(15, 13, 50).
cost(15, 14, 27).
cost(15, 16, 15).
cost(15, 17, 16).
cost(15, 18, 38).
cost(15, 19, 49).
cost(15, 20, 61).
cost(15, 21, 75).
cost(15, 22, 33).
cost(15, 23, 87).
cost(16, 1, 31).
cost(16, 2, 47).
cost(16, 3, 42).
cost(16, 4, 64).
cost(16, 5, 42).
cost(16, 6, 26).
cost(16, 7, 62).
cost(16, 8, 35).
cost(16, 9, 31).
cost(16, 10, 57).
cost(16, 11, 38).
cost(16, 12, 66).
cost(16, 13, 45).
cost(16, 14, 26).
cost(16, 15, 15).
cost(16, 17, 17).
cost(16, 18, 25).
cost(16, 19, 38).
cost(16, 20, 48).
cost(16, 21, 60).
cost(16, 22, 24).
cost(16, 23, 73).
cost(17, 1, 34).
cost(17, 2, 40).
cost(17, 3, 58).
cost(17, 4, 67).
cost(17, 5, 35).
cost(17, 6, 30).
cost(17, 7, 67).
cost(17, 8, 43).
cost(17, 9, 46).
cost(17, 10, 62).
cost(17, 11, 36).
cost(17, 12, 81).
cost(17, 13, 61).
cost(17, 14, 40).
cost(17, 15, 16).
cost(17, 16, 17).
cost(17, 18, 27).
cost(17, 19, 36).
cost(17, 20, 63).
cost(17, 21, 69).
cost(17, 22, 41).
cost(17, 23, 87).
cost(18, 1, 7).
cost(18, 2, 24).
cost(18, 3, 44).
cost(18, 4, 40).
cost(18, 5, 21).
cost(18, 6, 51).
cost(18, 7, 41).
cost(18, 8, 19).
cost(18, 9, 53).
cost(18, 10, 35).
cost(18, 11, 13).
cost(18, 12, 65).
cost(18, 13, 62).
cost(18, 14, 49).
cost(18, 15, 38).
cost(18, 16, 25).
cost(18, 17, 27).
cost(18, 19, 12).
cost(18, 20, 48).
cost(18, 21, 43).
cost(18, 22, 41).
cost(18, 23, 68).
cost(19, 1, 10).
cost(19, 2, 14).
cost(19, 3, 51).
cost(19, 4, 32).
cost(19, 5, 14).
cost(19, 6, 63).
cost(19, 7, 34).
cost(19, 8, 22).
cost(19, 9, 65).
cost(19, 10, 28).
cost(19, 11, 2).
cost(19, 12, 70).
cost(19, 13, 73).
cost(19, 14, 61).
cost(19, 15, 49).
cost(19, 16, 38).
cost(19, 17, 36).
cost(19, 18, 12).
cost(19, 20, 55).
cost(19, 21, 40).
cost(19, 22, 52).
cost(19, 23, 71).
cost(20, 1, 45).
cost(20, 2, 69).
cost(20, 3, 6).
cost(20, 4, 55).
cost(20, 5, 67).
cost(20, 6, 65).
cost(20, 7, 49).
cost(20, 8, 33).
cost(20, 9, 44).
cost(20, 10, 47).
cost(20, 11, 57).
cost(20, 12, 19).
cost(20, 13, 37).
cost(20, 14, 45).
cost(20, 15, 61).
cost(20, 16, 48).
cost(20, 17, 63).
cost(20, 18, 48).
cost(20, 19, 55).
cost(20, 21, 37).
cost(20, 22, 32).
cost(20, 23, 26).
cost(21, 1, 36).
cost(21, 2, 51).
cost(21, 3, 38).
cost(21, 4, 20).
cost(21, 5, 53).
cost(21, 6, 85).
cost(21, 7, 14).
cost(21, 8, 25).
cost(21, 9, 73).
cost(21, 10, 15).
cost(21, 11, 42).
cost(21, 12, 42).
cost(21, 13, 72).
cost(21, 14, 72).
cost(21, 15, 75).
cost(21, 16, 60).
cost(21, 17, 69).
cost(21, 18, 43).
cost(21, 19, 40).
cost(21, 20, 37).
cost(21, 22, 58).
cost(21, 23, 38).
cost(22, 1, 43).
cost(22, 2, 65).
cost(22, 3, 26).
cost(22, 4, 69).
cost(22, 5, 61).
cost(22, 6, 33).
cost(22, 7, 66).
cost(22, 8, 39).
cost(22, 9, 15).
cost(22, 10, 61).
cost(22, 11, 54).
cost(22, 12, 49).
cost(22, 13, 22).
cost(22, 14, 14).
cost(22, 15, 33).
cost(22, 16, 24).
cost(22, 17, 41).
cost(22, 18, 41).
cost(22, 19, 52).
cost(22, 20, 32).
cost(22, 21, 58).
cost(22, 23, 58).
cost(23, 1, 63).
cost(23, 2, 84).
cost(23, 3, 32).
cost(23, 4, 58).
cost(23, 5, 84).
cost(23, 6, 91).
cost(23, 7, 52).
cost(23, 8, 49).
cost(23, 9, 69).
cost(23, 10, 52).
cost(23, 11, 73).
cost(23, 12, 11).
cost(23, 13, 59).
cost(23, 14, 71).
cost(23, 15, 87).
cost(23, 16, 73).
cost(23, 17, 87).
cost(23, 18, 68).
cost(23, 19, 71).
cost(23, 20, 26).
cost(23, 21, 38).
cost(23, 22, 58).
nocross(1,3).
nocross(1,7).
nocross(1,8).
nocross(1,10).
nocross(1,11).
nocross(1,16).
nocross(1,17).
nocross(1,18).
nocross(1,19).
nocross(1,21).
nocross(2,1).
nocross(2,4).
nocross(2,5).
nocross(2,11).
nocross(2,18).
nocross(2,19).
nocross(3,8).
nocross(3,9).
nocross(3,12).
nocross(3,13).
nocross(3,14).
nocross(3,20).
nocross(3,21).
nocross(3,22).
nocross(4,1).
nocross(4,7).
nocross(4,8).
nocross(4,10).
nocross(4,11).
nocross(4,19).
nocross(4,21).
nocross(5,1).
nocross(5,2).
nocross(5,11).
nocross(5,17).
nocross(5,18).
nocross(5,19).
nocross(6,9).
nocross(6,13).
nocross(6,14).
nocross(6,15).
nocross(6,16).
nocross(6,17).
nocross(6,22).
nocross(7,1).
nocross(7,4).
nocross(7,8).
nocross(7,10).
nocross(7,18).
nocross(7,19).
nocross(7,21).
nocross(7,23).
nocross(8,1).
nocross(8,2).
nocross(8,3).
nocross(8,4).
nocross(8,7).
nocross(8,10).
nocross(8,11).
nocross(8,12).
nocross(8,16).
nocross(8,18).
nocross(8,19).
nocross(8,20).
nocross(8,21).
nocross(8,23).
nocross(9,3).
nocross(9,6).
nocross(9,12).
nocross(9,13).
nocross(9,14).
nocross(9,15).
nocross(9,16).
nocross(9,20).
nocross(9,22).
nocross(10,1).
nocross(10,4).
nocross(10,7).
nocross(10,8).
nocross(10,11).
nocross(10,18).
nocross(10,19).
nocross(10,21).
nocross(10,23).
nocross(11,1).
nocross(11,2).
nocross(11,4).
nocross(11,5).
nocross(11,8).
nocross(11,10).
nocross(11,17).
nocross(11,18).
nocross(11,19).
nocross(12,3).
nocross(12,13).
nocross(12,20).
nocross(12,21).
nocross(12,23).
nocross(13,3).
nocross(13,6).
nocross(13,9).
nocross(13,12).
nocross(13,14).
nocross(13,20).
nocross(13,22).
nocross(14,3).
nocross(14,6).
nocross(14,9).
nocross(14,13).
nocross(14,15).
nocross(14,16).
nocross(14,22).
nocross(15,6).
nocross(15,9).
nocross(15,14).
nocross(15,16).
nocross(15,17).
nocross(15,18).
nocross(15,22).
nocross(16,1).
nocross(16,3).
nocross(16,6).
nocross(16,8).
nocross(16,9).
nocross(16,14).
nocross(16,15).
nocross(16,17).
nocross(16,18).
nocross(16,19).
nocross(16,22).
nocross(17,1).
nocross(17,2).
nocross(17,5).
nocross(17,6).
nocross(17,11).
nocross(17,14).
nocross(17,15).
nocross(17,16).
nocross(17,18).
nocross(17,19).
nocross(17,22).
nocross(18,1).
nocross(18,5).
nocross(18,8).
nocross(18,10).
nocross(18,11).
nocross(18,15).
nocross(18,16).
nocross(18,17).
nocross(18,19).
nocross(19,1).
nocross(19,2).
nocross(19,4).
nocross(19,5).
nocross(19,7).
nocross(19,8).
nocross(19,10).
nocross(19,11).
nocross(19,18).
nocross(20,3).
nocross(20,8).
nocross(20,9).
nocross(20,12).
nocross(20,13).
nocross(20,21).
nocross(20,22).
nocross(20,23).
nocross(21,1).
nocross(21,3).
nocross(21,4).
nocross(21,7).
nocross(21,8).
nocross(21,10).
nocross(21,12).
nocross(21,18).
nocross(21,20).
nocross(21,23).
nocross(22,3).
nocross(22,8).
nocross(22,9).
nocross(22,12).
nocross(22,13).
nocross(22,14).
nocross(22,15).
nocross(22,16).
nocross(22,18).
nocross(22,20).
nocross(22,23).
nocross(23,3).
nocross(23,7).
nocross(23,12).
nocross(23,20).
nocross(23,21).
