dimension(23).
point(1, 53.5341471235, 6.2636036986).
point(2, 19.2621828187, 57.0902025305).
point(3, 96.2837451254, 66.10821347).
point(4, 60.302174815, 12.3963092201).
point(5, 42.3302840896, 14.5988713644).
point(6, 88.1519754569, 89.6335541283).
point(7, 76.9111317004, 63.7627536011).
point(8, 27.1095578413, 49.037800867).
point(9, 59.291957893, 27.032614883).
point(10, 88.3790229624, 59.7202536398).
point(11, 12.4456864828, 33.8279988148).
point(12, 51.5690328353, 48.3037897735).
point(13, 42.2423740823, 57.3199974676).
point(14, 63.4040094132, 13.3436767651).
point(15, 87.8075801888, 54.1357596212).
point(16, 89.3243774243, 43.0373923427).
point(17, 26.9140380642, 68.5078292308).
point(18, 85.2522312552, 88.0326984813).
point(19, 14.5675977798, 49.5920436634).
point(20, 76.2711287541, 91.4682725728).
point(21, 68.8278954518, 24.2834155147).
point(22, 67.3221071633, 32.1994662314).
point(23, 37.2049962676, 43.8948757072).
cost(1, 2, 61).
cost(1, 3, 74).
cost(1, 4, 9).
cost(1, 5, 14).
cost(1, 6, 90).
cost(1, 7, 62).
cost(1, 8, 50).
cost(1, 9, 22).
cost(1, 10, 64).
cost(1, 11, 49).
cost(1, 12, 42).
cost(1, 13, 52).
cost(1, 14, 12).
cost(1, 15, 59).
cost(1, 16, 51).
cost(1, 17, 68).
cost(1, 18, 88).
cost(1, 19, 58).
cost(1, 20, 88).
cost(1, 21, 24).
cost(1, 22, 29).
cost(1, 23, 41).
cost(2, 1, 61).
cost(2, 3, 78).
cost(2, 4, 61).
cost(2, 5, 48).
cost(2, 6, 76).
cost(2, 7, 58).
cost(2, 8, 11).
cost(2, 9, 50).
cost(2, 10, 69).
cost(2, 11, 24).
cost(2, 12, 33).
cost(2, 13, 23).
cost(2, 14, 62).
cost(2, 15, 69).
cost(2, 16, 71).
cost(2, 17, 14).
cost(2, 18, 73).
cost(2, 19, 9).
cost(2, 20, 67).
cost(2, 21, 59).
cost(2, 22, 54).
cost(2, 23, 22).
cost(3, 1, 74).
cost(3, 2, 78).
cost(3, 4, 65).
cost(3, 5, 75).
cost(3, 6, 25).
cost(3, 7, 20).
cost(3, 8, 71).
cost(3, 9, 54).
cost(3, 10, 10).
cost(3, 11, 90).
cost(3, 12, 48).
cost(3, 13, 55).
cost(3, 14, 62).
cost(3, 15, 15).
cost(3, 16, 24).
cost(3, 17, 69).
cost(3, 18, 25).
cost(3, 19, 83).
cost(3, 20, 32).
cost(3, 21, 50).
cost(3, 22, 45).
cost(3, 23, 63).
cost(4, 1, 9).
cost(4, 2, 61).
cost(4, 3, 65).
cost(4, 5, 18).
cost(4, 6, 82).
cost(4, 7, 54).
cost(4, 8, 49).
cost(4, 9, 15).
cost(4, 10, 55).
cost(4, 11, 52).
cost(4, 12, 37).
cost(4, 13, 48).
cost(4, 14, 3).
cost(4, 15, 50).
cost(4, 16, 42).
cost(4, 17, 65).
cost(4, 18, 80).
cost(4, 19, 59).
cost(4, 20, 81).
cost(4, 21, 15).
cost(4, 22, 21).
cost(4, 23, 39).
cost(5, 1, 14).
cost(5, 2, 48).
cost(5, 3, 75).
cost(5, 4, 18).
cost(5, 6, 88).
cost(5, 7, 60).
cost(5, 8, 38).
cost(5, 9, 21).
cost(5, 10, 64).
cost(5, 11, 36).
cost(5, 12, 35).
cost(5, 13, 43).
cost(5, 14, 21).
cost(5, 15, 60).
cost(5, 16, 55).
cost(5, 17, 56).
cost(5, 18, 85).
cost(5, 19, 45).
cost(5, 20, 84).
cost(5, 21, 28).
cost(5, 22, 31).
cost(5, 23, 30).
cost(6, 1, 90).
cost(6, 2, 76).
cost(6, 3, 25).
cost(6, 4, 82).
cost(6, 5, 88).
cost(6, 7, 28).
cost(6, 8, 73).
cost(6, 9, 69).
cost(6, 10, 30).
cost(6, 11, 94).
cost(6, 12, 55).
cost(6, 13, 56).
cost(6, 14, 80).
cost(6, 15, 35).
cost(6, 16, 47).
cost(6, 17, 65).
cost(6, 18, 3).
cost(6, 19, 84).
cost(6, 20, 12).
cost(6, 21, 68).
cost(6, 22, 61).
cost(6, 23, 68).
cost(7, 1, 62).
cost(7, 2, 58).
cost(7, 3, 20).
cost(7, 4, 54).
cost(7, 5, 60).
cost(7, 6, 28).
cost(7, 8, 52).
cost(7, 9, 41).
cost(7, 10, 12).
cost(7, 11, 71).
cost(7, 12, 30).
cost(7, 13, 35).
cost(7, 14, 52).
cost(7, 15, 15).
cost(7, 16, 24).
cost(7, 17, 50).
cost(7, 18, 26).
cost(7, 19, 64).
cost(7, 20, 28).
cost(7, 21, 40).
cost(7, 22, 33).
cost(7, 23, 44).
cost(8, 1, 50).
cost(8, 2, 11).
cost(8, 3, 71).
cost(8, 4, 49).
cost(8, 5, 38).
cost(8, 6, 73).
cost(8, 7, 52).
cost(8, 9, 39).
cost(8, 10, 62).
cost(8, 11, 21).
cost(8, 12, 24).
cost(8, 13, 17).
cost(8, 14, 51).
cost(8, 15, 61).
cost(8, 16, 63).
cost(8, 17, 19).
cost(8, 18, 70).
cost(8, 19, 13).
cost(8, 20, 65).
cost(8, 21, 49).
cost(8, 22, 44).
cost(8, 23, 11).
cost(9, 1, 22).
cost(9, 2, 50).
cost(9, 3, 54).
cost(9, 4, 15).
cost(9, 5, 21).
cost(9, 6, 69).
cost(9, 7, 41).
cost(9, 8, 39).
cost(9, 10, 44).
cost(9, 11, 47).
cost(9, 12, 23).
cost(9, 13, 35).
cost(9, 14, 14).
cost(9, 15, 39).
cost(9, 16, 34).
cost(9, 17, 53).
cost(9, 18, 66).
cost(9, 19, 50).
cost(9, 20, 67).
cost(9, 21, 10).
cost(9, 22, 10).
cost(9, 23, 28).
cost(10, 1, 64).
cost(10, 2, 69).
cost(10, 3, 10).
cost(10, 4, 55).
cost(10, 5, 64).
cost(10, 6, 30).
cost(10, 7, 12).
cost(10, 8, 62).
cost(10, 9, 44).
cost(10, 11, 80).
cost(10, 12, 39).
cost(10, 13, 46).
cost(10, 14, 53).
cost(10, 15, 6).
cost(10, 16, 17).
cost(10, 17, 62).
cost(10, 18, 28).
cost(10, 19, 75).
cost(10, 20, 34).
cost(10, 21, 40).
cost(10, 22, 35).
cost(10, 23, 54).
cost(11, 1, 49).
cost(11, 2, 24).
cost(11, 3, 90).
cost(11, 4, 52).
cost(11, 5, 36).
cost(11, 6, 94).
cost(11, 7, 71).
cost(11, 8, 21).
cost(11, 9, 47).
cost(11, 10, 80).
cost(11, 12, 42).
cost(11, 13, 38).
cost(11, 14, 55).
cost(11, 15, 78).
cost(11, 16, 77).
cost(11, 17, 38).
cost(11, 18, 91).
cost(11, 19, 16).
cost(11, 20, 86).
cost(11, 21, 57).
cost(11, 22, 55).
cost(11, 23, 27).
cost(12, 1, 42).
cost(12, 2, 33).
cost(12, 3, 48).
cost(12, 4, 37).
cost(12, 5, 35).
cost(12, 6, 55).
cost(12, 7, 30).
cost(12, 8, 24).
cost(12, 9, 23).
cost(12, 10, 39).
cost(12, 11, 42).
cost(12, 13, 13).
cost(12, 14, 37).
cost(12, 15, 37).
cost(12, 16, 38).
cost(12, 17, 32).
cost(12, 18, 52).
cost(12, 19, 37).
cost(12, 20, 50).
cost(12, 21, 30).
cost(12, 22, 23).
cost(12, 23, 15).
cost(13, 1, 52).
cost(13, 2, 23).
cost(13, 3, 55).
cost(13, 4, 48).
cost(13, 5, 43).
cost(13, 6, 56).
cost(13, 7, 35).
cost(13, 8, 17).
cost(13, 9, 35).
cost(13, 10, 46).
cost(13, 11, 38).
cost(13, 12, 13).
cost(13, 14, 49).
cost(13, 15, 46).
cost(13, 16, 49).
cost(13, 17, 19).
cost(13, 18, 53).
cost(13, 19, 29).
cost(13, 20, 48).
cost(13, 21, 42).
cost(13, 22, 35).
cost(13, 23, 14).
cost(14, 1, 12).
cost(14, 2, 62).
cost(14, 3, 62).
cost(14, 4, 3).
cost(14, 5, 21).
cost(14, 6, 80).
cost(14, 7, 52).
cost(14, 8, 51).
cost(14, 9, 14).
cost(14, 10, 53).
cost(14, 11, 55).
cost(14, 12, 37).
cost(14, 13, 49).
cost(14, 15, 48).
cost(14, 16, 39).
cost(14, 17, 66).
cost(14, 18, 78).
cost(14, 19, 61).
cost(14, 20, 79).
cost(14, 21, 12).
cost(14, 22, 19).
cost(14, 23, 40).
cost(15, 1, 59).
cost(15, 2, 69).
cost(15, 3, 15).
cost(15, 4, 50).
cost(15, 5, 60).
cost(15, 6, 35).
cost(15, 7, 15).
cost(15, 8, 61).
cost(15, 9, 39).
cost(15, 10, 6).
cost(15, 11, 78).
cost(15, 12, 37).
cost(15, 13, 46).
cost(15, 14, 48).
cost(15, 16, 11).
cost(15, 17, 63).
cost(15, 18, 34).
cost(15, 19, 73).
cost(15, 20, 39).
cost(15, 21, 35).
cost(15, 22, 30).
cost(15, 23, 52).
cost(16, 1, 51).
cost(16, 2, 71).
cost(16, 3, 24).
cost(16, 4, 42).
cost(16, 5, 55).
cost(16, 6, 47).
cost(16, 7, 24).
cost(16, 8, 63).
cost(16, 9, 34).
cost(16, 10, 17).
cost(16, 11, 77).
cost(16, 12, 38).
cost(16, 13, 49).
cost(16, 14, 39).
cost(16, 15, 11).
cost(16, 17, 67).
cost(16, 18, 45).
cost(16, 19, 75).
cost(16, 20, 50).
cost(16, 21, 28).
cost(16, 22, 25).
cost(16, 23, 52).
cost(17, 1, 68).
cost(17, 2, 14).
cost(17, 3, 69).
cost(17, 4, 65).
cost(17, 5, 56).
cost(17, 6, 65).
cost(17, 7, 50).
cost(17, 8, 19).
cost(17, 9, 53).
cost(17, 10, 62).
cost(17, 11, 38).
cost(17, 12, 32).
cost(17, 13, 19).
cost(17, 14, 66).
cost(17, 15, 63).
cost(17, 16, 67).
cost(17, 18, 62).
cost(17, 19, 23).
cost(17, 20, 54).
cost(17, 21, 61).
cost(17, 22, 54).
cost(17, 23, 27).
cost(18, 1, 88).
cost(18, 2, 73).
cost(18, 3, 25).
cost(18, 4, 80).
cost(18, 5, 85).
cost(18, 6, 3).
cost(18, 7, 26).
cost(18, 8, 70).
cost(18, 9, 66).
cost(18, 10, 28).
cost(18, 11, 91).
cost(18, 12, 52).
cost(18, 13, 53).
cost(18, 14, 78).
cost(18, 15, 34).
cost(18, 16, 45).
cost(18, 17, 62).
cost(18, 19, 80).
cost(18, 20, 10).
cost(18, 21, 66).
cost(18, 22, 59).
cost(18, 23, 65).
cost(19, 1, 58).
cost(19, 2, 9).
cost(19, 3, 83).
cost(19, 4, 59).
cost(19, 5, 45).
cost(19, 6, 84).
cost(19, 7, 64).
cost(19, 8, 13).
cost(19, 9, 50).
cost(19, 10, 75).
cost(19, 11, 16).
cost(19, 12, 37).
cost(19, 13, 29).
cost(19, 14, 61).
cost(19, 15, 73).
cost(19, 16, 75).
cost(19, 17, 23).
cost(19, 18, 80).
cost(19, 20, 75).
cost(19, 21, 60).
cost(19, 22, 56).
cost(19, 23, 23).
cost(20, 1, 88).
cost(20, 2, 67).
cost(20, 3, 32).
cost(20, 4, 81).
cost(20, 5, 84).
cost(20, 6, 12).
cost(20, 7, 28).
cost(20, 8, 65).
cost(20, 9, 67).
cost(20, 10, 34).
cost(20, 11, 86).
cost(20, 12, 50).
cost(20, 13, 48).
cost(20, 14, 79).
cost(20, 15, 39).
cost(20, 16, 50).
cost(20, 17, 54).
cost(20, 18, 10).
cost(20, 19, 75).
cost(20, 21, 68).
cost(20, 22, 60).
cost(20, 23, 62).
cost(21, 1, 24).
cost(21, 2, 59).
cost(21, 3, 50).
cost(21, 4, 15).
cost(21, 5, 28).
cost(21, 6, 68).
cost(21, 7, 40).
cost(21, 8, 49).
cost(21, 9, 10).
cost(21, 10, 40).
cost(21, 11, 57).
cost(21, 12, 30).
cost(21, 13, 42).
cost(21, 14, 12).
cost(21, 15, 35).
cost(21, 16, 28).
cost(21, 17, 61).
cost(21, 18, 66).
cost(21, 19, 60).
cost(21, 20, 68).
cost(21, 22, 8).
cost(21, 23, 37).
cost(22, 1, 29).
cost(22, 2, 54).
cost(22, 3, 45).
cost(22, 4, 21).
cost(22, 5, 31).
cost(22, 6, 61).
cost(22, 7, 33).
cost(22, 8, 44).
cost(22, 9, 10).
cost(22, 10, 35).
cost(22, 11, 55).
cost(22, 12, 23).
cost(22, 13, 35).
cost(22, 14, 19).
cost(22, 15, 30).
cost(22, 16, 25).
cost(22, 17, 54).
cost(22, 18, 59).
cost(22, 19, 56).
cost(22, 20, 60).
cost(22, 21, 8).
cost(22, 23, 32).
cost(23, 1, 41).
cost(23, 2, 22).
cost(23, 3, 63).
cost(23, 4, 39).
cost(23, 5, 30).
cost(23, 6, 68).
cost(23, 7, 44).
cost(23, 8, 11).
cost(23, 9, 28).
cost(23, 10, 54).
cost(23, 11, 27).
cost(23, 12, 15).
cost(23, 13, 14).
cost(23, 14, 40).
cost(23, 15, 52).
cost(23, 16, 52).
cost(23, 17, 27).
cost(23, 18, 65).
cost(23, 19, 23).
cost(23, 20, 62).
cost(23, 21, 37).
cost(23, 22, 32).
nocross(1,4).
nocross(1,5).
nocross(1,9).
nocross(1,11).
nocross(1,14).
nocross(1,21).
nocross(1,22).
nocross(2,8).
nocross(2,11).
nocross(2,12).
nocross(2,13).
nocross(2,17).
nocross(2,19).
nocross(2,23).
nocross(3,6).
nocross(3,7).
nocross(3,10).
nocross(3,15).
nocross(3,16).
nocross(3,18).
nocross(3,20).
nocross(3,22).
nocross(4,1).
nocross(4,5).
nocross(4,9).
nocross(4,14).
nocross(4,21).
nocross(4,22).
nocross(5,1).
nocross(5,4).
nocross(5,8).
nocross(5,9).
nocross(5,11).
nocross(5,12).
nocross(5,14).
nocross(5,19).
nocross(5,21).
nocross(5,22).
nocross(5,23).
nocross(6,3).
nocross(6,7).
nocross(6,10).
nocross(6,15).
nocross(6,18).
nocross(6,20).
nocross(7,3).
nocross(7,6).
nocross(7,9).
nocross(7,10).
nocross(7,12).
nocross(7,13).
nocross(7,14).
nocross(7,15).
nocross(7,17).
nocross(7,18).
nocross(7,20).
nocross(7,21).
nocross(7,22).
nocross(8,2).
nocross(8,5).
nocross(8,9).
nocross(8,11).
nocross(8,12).
nocross(8,13).
nocross(8,17).
nocross(8,19).
nocross(8,23).
nocross(9,1).
nocross(9,4).
nocross(9,5).
nocross(9,8).
nocross(9,11).
nocross(9,12).
nocross(9,14).
nocross(9,15).
nocross(9,16).
nocross(9,21).
nocross(9,22).
nocross(9,23).
nocross(10,3).
nocross(10,6).
nocross(10,7).
nocross(10,15).
nocross(10,16).
nocross(10,18).
nocross(10,21).
nocross(10,22).
nocross(11,1).
nocross(11,2).
nocross(11,5).
nocross(11,8).
nocross(11,13).
nocross(11,19).
nocross(11,23).
nocross(12,1).
nocross(12,2).
nocross(12,4).
nocross(12,5).
nocross(12,6).
nocross(12,7).
nocross(12,8).
nocross(12,9).
nocross(12,10).
nocross(12,11).
nocross(12,13).
nocross(12,14).
nocross(12,15).
nocross(12,16).
nocross(12,17).
nocross(12,18).
nocross(12,19).
nocross(12,20).
nocross(12,21).
nocross(12,22).
nocross(12,23).
nocross(13,2).
nocross(13,4).
nocross(13,6).
nocross(13,7).
nocross(13,8).
nocross(13,9).
nocross(13,10).
nocross(13,11).
nocross(13,12).
nocross(13,15).
nocross(13,17).
nocross(13,18).
nocross(13,19).
nocross(13,20).
nocross(13,22).
nocross(13,23).
nocross(14,1).
nocross(14,4).
nocross(14,5).
nocross(14,9).
nocross(14,16).
nocross(14,21).
nocross(14,22).
nocross(15,3).
nocross(15,6).
nocross(15,7).
nocross(15,10).
nocross(15,12).
nocross(15,14).
nocross(15,16).
nocross(15,18).
nocross(15,21).
nocross(15,22).
nocross(16,3).
nocross(16,4).
nocross(16,6).
nocross(16,7).
nocross(16,9).
nocross(16,10).
nocross(16,14).
nocross(16,15).
nocross(16,18).
nocross(16,21).
nocross(16,22).
nocross(17,2).
nocross(17,6).
nocross(17,8).
nocross(17,12).
nocross(17,13).
nocross(17,19).
nocross(17,20).
nocross(17,23).
nocross(18,3).
nocross(18,6).
nocross(18,7).
nocross(18,10).
nocross(18,15).
nocross(18,20).
nocross(19,2).
nocross(19,8).
nocross(19,11).
nocross(19,13).
nocross(19,17).
nocross(19,23).
nocross(20,6).
nocross(20,7).
nocross(20,10).
nocross(20,18).
nocross(21,1).
nocross(21,3).
nocross(21,4).
nocross(21,5).
nocross(21,9).
nocross(21,10).
nocross(21,12).
nocross(21,14).
nocross(21,15).
nocross(21,16).
nocross(21,22).
nocross(22,1).
nocross(22,3).
nocross(22,4).
nocross(22,5).
nocross(22,7).
nocross(22,9).
nocross(22,10).
nocross(22,12).
nocross(22,14).
nocross(22,15).
nocross(22,16).
nocross(22,21).
nocross(22,23).
nocross(23,1).
nocross(23,2).
nocross(23,4).
nocross(23,5).
nocross(23,8).
nocross(23,9).
nocross(23,11).
nocross(23,12).
nocross(23,13).
nocross(23,14).
nocross(23,17).
nocross(23,19).
nocross(23,22).
