dimension(28).
point(1, 44.1576512361, 22.4738578131).
point(2, 64.8194032667, 77.50270213).
point(3, 89.1965510952, 31.6551186641).
point(4, 52.7256043996, 12.5251266418).
point(5, 18.4909708237, 42.542234553).
point(6, 75.0182697473, 6.4619319738).
point(7, 67.4290917514, 7.5874721695).
point(8, 74.6144219721, 42.039057475).
point(9, 85.4620521537, 42.0710178997).
point(10, 8.0083553824, 70.3531425068).
point(11, 41.4441262195, 46.2230288484).
point(12, 52.4170245958, 44.2402162182).
point(13, 32.2268259494, 78.0526289461).
point(14, 58.6696512367, 24.6379755664).
point(15, 16.4771816575, 83.824147871).
point(16, 19.8016344032, 60.6236632897).
point(17, 22.7521211528, 89.090451474).
point(18, 73.912244231, 54.5205997416).
point(19, 55.8717047415, 67.5559694785).
point(20, 84.9115269095, 7.2770382247).
point(21, 75.214366635, 68.865665776).
point(22, 64.5432050447, 58.5361979088).
point(23, 27.8333856213, 46.9485148207).
point(24, 22.5964885563, 57.9557991021).
point(25, 9.9301945583, 91.6925850058).
point(26, 48.5967051872, 82.5465099256).
point(27, 29.0154568001, 89.9071067613).
point(28, 91.3157533167, 25.3985197037).
cost(1, 2, 59).
cost(1, 3, 46).
cost(1, 4, 13).
cost(1, 5, 33).
cost(1, 6, 35).
cost(1, 7, 28).
cost(1, 8, 36).
cost(1, 9, 46).
cost(1, 10, 60).
cost(1, 11, 24).
cost(1, 12, 23).
cost(1, 13, 57).
cost(1, 14, 15).
cost(1, 15, 67).
cost(1, 16, 45).
cost(1, 17, 70).
cost(1, 18, 44).
cost(1, 19, 47).
cost(1, 20, 43).
cost(1, 21, 56).
cost(1, 22, 41).
cost(1, 23, 29).
cost(1, 24, 42).
cost(1, 25, 77).
cost(1, 26, 60).
cost(1, 27, 69).
cost(1, 28, 47).
cost(2, 1, 59).
cost(2, 3, 52).
cost(2, 4, 66).
cost(2, 5, 58).
cost(2, 6, 72).
cost(2, 7, 70).
cost(2, 8, 37).
cost(2, 9, 41).
cost(2, 10, 57).
cost(2, 11, 39).
cost(2, 12, 35).
cost(2, 13, 33).
cost(2, 14, 53).
cost(2, 15, 49).
cost(2, 16, 48).
cost(2, 17, 44).
cost(2, 18, 25).
cost(2, 19, 13).
cost(2, 20, 73).
cost(2, 21, 14).
cost(2, 22, 19).
cost(2, 23, 48).
cost(2, 24, 47).
cost(2, 25, 57).
cost(2, 26, 17).
cost(2, 27, 38).
cost(2, 28, 58).
cost(3, 1, 46).
cost(3, 2, 52).
cost(3, 4, 41).
cost(3, 5, 72).
cost(3, 6, 29).
cost(3, 7, 32).
cost(3, 8, 18).
cost(3, 9, 11).
cost(3, 10, 90).
cost(3, 11, 50).
cost(3, 12, 39).
cost(3, 13, 73).
cost(3, 14, 31).
cost(3, 15, 89).
cost(3, 16, 75).
cost(3, 17, 88).
cost(3, 18, 28).
cost(3, 19, 49).
cost(3, 20, 25).
cost(3, 21, 40).
cost(3, 22, 36).
cost(3, 23, 63).
cost(3, 24, 72).
cost(3, 25, 99).
cost(3, 26, 65).
cost(3, 27, 84).
cost(3, 28, 7).
cost(4, 1, 13).
cost(4, 2, 66).
cost(4, 3, 41).
cost(4, 5, 46).
cost(4, 6, 23).
cost(4, 7, 16).
cost(4, 8, 37).
cost(4, 9, 44).
cost(4, 10, 73).
cost(4, 11, 36).
cost(4, 12, 32).
cost(4, 13, 69).
cost(4, 14, 13).
cost(4, 15, 80).
cost(4, 16, 58).
cost(4, 17, 82).
cost(4, 18, 47).
cost(4, 19, 55).
cost(4, 20, 33).
cost(4, 21, 61).
cost(4, 22, 48).
cost(4, 23, 42).
cost(4, 24, 55).
cost(4, 25, 90).
cost(4, 26, 70).
cost(4, 27, 81).
cost(4, 28, 41).
cost(5, 1, 33).
cost(5, 2, 58).
cost(5, 3, 72).
cost(5, 4, 46).
cost(5, 6, 67).
cost(5, 7, 60).
cost(5, 8, 56).
cost(5, 9, 67).
cost(5, 10, 30).
cost(5, 11, 23).
cost(5, 12, 34).
cost(5, 13, 38).
cost(5, 14, 44).
cost(5, 15, 41).
cost(5, 16, 18).
cost(5, 17, 47).
cost(5, 18, 57).
cost(5, 19, 45).
cost(5, 20, 75).
cost(5, 21, 63).
cost(5, 22, 49).
cost(5, 23, 10).
cost(5, 24, 16).
cost(5, 25, 50).
cost(5, 26, 50).
cost(5, 27, 49).
cost(5, 28, 75).
cost(6, 1, 35).
cost(6, 2, 72).
cost(6, 3, 29).
cost(6, 4, 23).
cost(6, 5, 67).
cost(6, 7, 8).
cost(6, 8, 36).
cost(6, 9, 37).
cost(6, 10, 93).
cost(6, 11, 52).
cost(6, 12, 44).
cost(6, 13, 83).
cost(6, 14, 24).
cost(6, 15, 97).
cost(6, 16, 77).
cost(6, 17, 98).
cost(6, 18, 48).
cost(6, 19, 64).
cost(6, 20, 10).
cost(6, 21, 62).
cost(6, 22, 53).
cost(6, 23, 62).
cost(6, 24, 73).
cost(6, 25, 107).
cost(6, 26, 81).
cost(6, 27, 95).
cost(6, 28, 25).
cost(7, 1, 28).
cost(7, 2, 70).
cost(7, 3, 32).
cost(7, 4, 16).
cost(7, 5, 60).
cost(7, 6, 8).
cost(7, 8, 35).
cost(7, 9, 39).
cost(7, 10, 86).
cost(7, 11, 47).
cost(7, 12, 40).
cost(7, 13, 79).
cost(7, 14, 19).
cost(7, 15, 92).
cost(7, 16, 71).
cost(7, 17, 93).
cost(7, 18, 47).
cost(7, 19, 61).
cost(7, 20, 17).
cost(7, 21, 62).
cost(7, 22, 51).
cost(7, 23, 56).
cost(7, 24, 67).
cost(7, 25, 102).
cost(7, 26, 77).
cost(7, 27, 91).
cost(7, 28, 30).
cost(8, 1, 36).
cost(8, 2, 37).
cost(8, 3, 18).
cost(8, 4, 37).
cost(8, 5, 56).
cost(8, 6, 36).
cost(8, 7, 35).
cost(8, 9, 11).
cost(8, 10, 72).
cost(8, 11, 33).
cost(8, 12, 22).
cost(8, 13, 56).
cost(8, 14, 24).
cost(8, 15, 72).
cost(8, 16, 58).
cost(8, 17, 70).
cost(8, 18, 13).
cost(8, 19, 32).
cost(8, 20, 36).
cost(8, 21, 27).
cost(8, 22, 19).
cost(8, 23, 47).
cost(8, 24, 54).
cost(8, 25, 82).
cost(8, 26, 48).
cost(8, 27, 66).
cost(8, 28, 24).
cost(9, 1, 46).
cost(9, 2, 41).
cost(9, 3, 11).
cost(9, 4, 44).
cost(9, 5, 67).
cost(9, 6, 37).
cost(9, 7, 39).
cost(9, 8, 11).
cost(9, 10, 82).
cost(9, 11, 44).
cost(9, 12, 33).
cost(9, 13, 64).
cost(9, 14, 32).
cost(9, 15, 81).
cost(9, 16, 68).
cost(9, 17, 78).
cost(9, 18, 17).
cost(9, 19, 39).
cost(9, 20, 35).
cost(9, 21, 29).
cost(9, 22, 27).
cost(9, 23, 58).
cost(9, 24, 65).
cost(9, 25, 90).
cost(9, 26, 55).
cost(9, 27, 74).
cost(9, 28, 18).
cost(10, 1, 60).
cost(10, 2, 57).
cost(10, 3, 90).
cost(10, 4, 73).
cost(10, 5, 30).
cost(10, 6, 93).
cost(10, 7, 86).
cost(10, 8, 72).
cost(10, 9, 82).
cost(10, 11, 41).
cost(10, 12, 52).
cost(10, 13, 25).
cost(10, 14, 68).
cost(10, 15, 16).
cost(10, 16, 15).
cost(10, 17, 24).
cost(10, 18, 68).
cost(10, 19, 48).
cost(10, 20, 99).
cost(10, 21, 67).
cost(10, 22, 58).
cost(10, 23, 31).
cost(10, 24, 19).
cost(10, 25, 21).
cost(10, 26, 42).
cost(10, 27, 29).
cost(10, 28, 95).
cost(11, 1, 24).
cost(11, 2, 39).
cost(11, 3, 50).
cost(11, 4, 36).
cost(11, 5, 23).
cost(11, 6, 52).
cost(11, 7, 47).
cost(11, 8, 33).
cost(11, 9, 44).
cost(11, 10, 41).
cost(11, 12, 11).
cost(11, 13, 33).
cost(11, 14, 28).
cost(11, 15, 45).
cost(11, 16, 26).
cost(11, 17, 47).
cost(11, 18, 34).
cost(11, 19, 26).
cost(11, 20, 58).
cost(11, 21, 41).
cost(11, 22, 26).
cost(11, 23, 14).
cost(11, 24, 22).
cost(11, 25, 55).
cost(11, 26, 37).
cost(11, 27, 45).
cost(11, 28, 54).
cost(12, 1, 23).
cost(12, 2, 35).
cost(12, 3, 39).
cost(12, 4, 32).
cost(12, 5, 34).
cost(12, 6, 44).
cost(12, 7, 40).
cost(12, 8, 22).
cost(12, 9, 33).
cost(12, 10, 52).
cost(12, 11, 11).
cost(12, 13, 39).
cost(12, 14, 21).
cost(12, 15, 53).
cost(12, 16, 36).
cost(12, 17, 54).
cost(12, 18, 24).
cost(12, 19, 24).
cost(12, 20, 49).
cost(12, 21, 34).
cost(12, 22, 19).
cost(12, 23, 25).
cost(12, 24, 33).
cost(12, 25, 64).
cost(12, 26, 38).
cost(12, 27, 51).
cost(12, 28, 43).
cost(13, 1, 57).
cost(13, 2, 33).
cost(13, 3, 73).
cost(13, 4, 69).
cost(13, 5, 38).
cost(13, 6, 83).
cost(13, 7, 79).
cost(13, 8, 56).
cost(13, 9, 64).
cost(13, 10, 25).
cost(13, 11, 33).
cost(13, 12, 39).
cost(13, 14, 60).
cost(13, 15, 17).
cost(13, 16, 21).
cost(13, 17, 15).
cost(13, 18, 48).
cost(13, 19, 26).
cost(13, 20, 88).
cost(13, 21, 44).
cost(13, 22, 38).
cost(13, 23, 31).
cost(13, 24, 22).
cost(13, 25, 26).
cost(13, 26, 17).
cost(13, 27, 12).
cost(13, 28, 79).
cost(14, 1, 15).
cost(14, 2, 53).
cost(14, 3, 31).
cost(14, 4, 13).
cost(14, 5, 44).
cost(14, 6, 24).
cost(14, 7, 19).
cost(14, 8, 24).
cost(14, 9, 32).
cost(14, 10, 68).
cost(14, 11, 28).
cost(14, 12, 21).
cost(14, 13, 60).
cost(14, 15, 73).
cost(14, 16, 53).
cost(14, 17, 74).
cost(14, 18, 34).
cost(14, 19, 43).
cost(14, 20, 31).
cost(14, 21, 47).
cost(14, 22, 34).
cost(14, 23, 38).
cost(14, 24, 49).
cost(14, 25, 83).
cost(14, 26, 59).
cost(14, 27, 72).
cost(14, 28, 33).
cost(15, 1, 67).
cost(15, 2, 49).
cost(15, 3, 89).
cost(15, 4, 80).
cost(15, 5, 41).
cost(15, 6, 97).
cost(15, 7, 92).
cost(15, 8, 72).
cost(15, 9, 81).
cost(15, 10, 16).
cost(15, 11, 45).
cost(15, 12, 53).
cost(15, 13, 17).
cost(15, 14, 73).
cost(15, 16, 23).
cost(15, 17, 8).
cost(15, 18, 64).
cost(15, 19, 43).
cost(15, 20, 103).
cost(15, 21, 61).
cost(15, 22, 54).
cost(15, 23, 39).
cost(15, 24, 27).
cost(15, 25, 10).
cost(15, 26, 32).
cost(15, 27, 14).
cost(15, 28, 95).
cost(16, 1, 45).
cost(16, 2, 48).
cost(16, 3, 75).
cost(16, 4, 58).
cost(16, 5, 18).
cost(16, 6, 77).
cost(16, 7, 71).
cost(16, 8, 58).
cost(16, 9, 68).
cost(16, 10, 15).
cost(16, 11, 26).
cost(16, 12, 36).
cost(16, 13, 21).
cost(16, 14, 53).
cost(16, 15, 23).
cost(16, 17, 29).
cost(16, 18, 54).
cost(16, 19, 37).
cost(16, 20, 84).
cost(16, 21, 56).
cost(16, 22, 45).
cost(16, 23, 16).
cost(16, 24, 4).
cost(16, 25, 33).
cost(16, 26, 36).
cost(16, 27, 31).
cost(16, 28, 80).
cost(17, 1, 70).
cost(17, 2, 44).
cost(17, 3, 88).
cost(17, 4, 82).
cost(17, 5, 47).
cost(17, 6, 98).
cost(17, 7, 93).
cost(17, 8, 70).
cost(17, 9, 78).
cost(17, 10, 24).
cost(17, 11, 47).
cost(17, 12, 54).
cost(17, 13, 15).
cost(17, 14, 74).
cost(17, 15, 8).
cost(17, 16, 29).
cost(17, 18, 62).
cost(17, 19, 40).
cost(17, 20, 103).
cost(17, 21, 56).
cost(17, 22, 52).
cost(17, 23, 42).
cost(17, 24, 31).
cost(17, 25, 13).
cost(17, 26, 27).
cost(17, 27, 6).
cost(17, 28, 94).
cost(18, 1, 44).
cost(18, 2, 25).
cost(18, 3, 28).
cost(18, 4, 47).
cost(18, 5, 57).
cost(18, 6, 48).
cost(18, 7, 47).
cost(18, 8, 13).
cost(18, 9, 17).
cost(18, 10, 68).
cost(18, 11, 34).
cost(18, 12, 24).
cost(18, 13, 48).
cost(18, 14, 34).
cost(18, 15, 64).
cost(18, 16, 54).
cost(18, 17, 62).
cost(18, 19, 22).
cost(18, 20, 49).
cost(18, 21, 14).
cost(18, 22, 10).
cost(18, 23, 47).
cost(18, 24, 51).
cost(18, 25, 74).
cost(18, 26, 38).
cost(18, 27, 57).
cost(18, 28, 34).
cost(19, 1, 47).
cost(19, 2, 13).
cost(19, 3, 49).
cost(19, 4, 55).
cost(19, 5, 45).
cost(19, 6, 64).
cost(19, 7, 61).
cost(19, 8, 32).
cost(19, 9, 39).
cost(19, 10, 48).
cost(19, 11, 26).
cost(19, 12, 24).
cost(19, 13, 26).
cost(19, 14, 43).
cost(19, 15, 43).
cost(19, 16, 37).
cost(19, 17, 40).
cost(19, 18, 22).
cost(19, 20, 67).
cost(19, 21, 19).
cost(19, 22, 13).
cost(19, 23, 35).
cost(19, 24, 35).
cost(19, 25, 52).
cost(19, 26, 17).
cost(19, 27, 35).
cost(19, 28, 55).
cost(20, 1, 43).
cost(20, 2, 73).
cost(20, 3, 25).
cost(20, 4, 33).
cost(20, 5, 75).
cost(20, 6, 10).
cost(20, 7, 17).
cost(20, 8, 36).
cost(20, 9, 35).
cost(20, 10, 99).
cost(20, 11, 58).
cost(20, 12, 49).
cost(20, 13, 88).
cost(20, 14, 31).
cost(20, 15, 103).
cost(20, 16, 84).
cost(20, 17, 103).
cost(20, 18, 49).
cost(20, 19, 67).
cost(20, 21, 62).
cost(20, 22, 55).
cost(20, 23, 70).
cost(20, 24, 80).
cost(20, 25, 113).
cost(20, 26, 84).
cost(20, 27, 100).
cost(20, 28, 19).
cost(21, 1, 56).
cost(21, 2, 14).
cost(21, 3, 40).
cost(21, 4, 61).
cost(21, 5, 63).
cost(21, 6, 62).
cost(21, 7, 62).
cost(21, 8, 27).
cost(21, 9, 29).
cost(21, 10, 67).
cost(21, 11, 41).
cost(21, 12, 34).
cost(21, 13, 44).
cost(21, 14, 47).
cost(21, 15, 61).
cost(21, 16, 56).
cost(21, 17, 56).
cost(21, 18, 14).
cost(21, 19, 19).
cost(21, 20, 62).
cost(21, 22, 15).
cost(21, 23, 52).
cost(21, 24, 54).
cost(21, 25, 69).
cost(21, 26, 30).
cost(21, 27, 51).
cost(21, 28, 46).
cost(22, 1, 41).
cost(22, 2, 19).
cost(22, 3, 36).
cost(22, 4, 48).
cost(22, 5, 49).
cost(22, 6, 53).
cost(22, 7, 51).
cost(22, 8, 19).
cost(22, 9, 27).
cost(22, 10, 58).
cost(22, 11, 26).
cost(22, 12, 19).
cost(22, 13, 38).
cost(22, 14, 34).
cost(22, 15, 54).
cost(22, 16, 45).
cost(22, 17, 52).
cost(22, 18, 10).
cost(22, 19, 13).
cost(22, 20, 55).
cost(22, 21, 15).
cost(22, 23, 38).
cost(22, 24, 42).
cost(22, 25, 64).
cost(22, 26, 29).
cost(22, 27, 47).
cost(22, 28, 43).
cost(23, 1, 29).
cost(23, 2, 48).
cost(23, 3, 63).
cost(23, 4, 42).
cost(23, 5, 10).
cost(23, 6, 62).
cost(23, 7, 56).
cost(23, 8, 47).
cost(23, 9, 58).
cost(23, 10, 31).
cost(23, 11, 14).
cost(23, 12, 25).
cost(23, 13, 31).
cost(23, 14, 38).
cost(23, 15, 39).
cost(23, 16, 16).
cost(23, 17, 42).
cost(23, 18, 47).
cost(23, 19, 35).
cost(23, 20, 70).
cost(23, 21, 52).
cost(23, 22, 38).
cost(23, 24, 12).
cost(23, 25, 48).
cost(23, 26, 41).
cost(23, 27, 43).
cost(23, 28, 67).
cost(24, 1, 42).
cost(24, 2, 47).
cost(24, 3, 72).
cost(24, 4, 55).
cost(24, 5, 16).
cost(24, 6, 73).
cost(24, 7, 67).
cost(24, 8, 54).
cost(24, 9, 65).
cost(24, 10, 19).
cost(24, 11, 22).
cost(24, 12, 33).
cost(24, 13, 22).
cost(24, 14, 49).
cost(24, 15, 27).
cost(24, 16, 4).
cost(24, 17, 31).
cost(24, 18, 51).
cost(24, 19, 35).
cost(24, 20, 80).
cost(24, 21, 54).
cost(24, 22, 42).
cost(24, 23, 12).
cost(24, 25, 36).
cost(24, 26, 36).
cost(24, 27, 33).
cost(24, 28, 76).
cost(25, 1, 77).
cost(25, 2, 57).
cost(25, 3, 99).
cost(25, 4, 90).
cost(25, 5, 50).
cost(25, 6, 107).
cost(25, 7, 102).
cost(25, 8, 82).
cost(25, 9, 90).
cost(25, 10, 21).
cost(25, 11, 55).
cost(25, 12, 64).
cost(25, 13, 26).
cost(25, 14, 83).
cost(25, 15, 10).
cost(25, 16, 33).
cost(25, 17, 13).
cost(25, 18, 74).
cost(25, 19, 52).
cost(25, 20, 113).
cost(25, 21, 69).
cost(25, 22, 64).
cost(25, 23, 48).
cost(25, 24, 36).
cost(25, 26, 40).
cost(25, 27, 19).
cost(25, 28, 105).
cost(26, 1, 60).
cost(26, 2, 17).
cost(26, 3, 65).
cost(26, 4, 70).
cost(26, 5, 50).
cost(26, 6, 81).
cost(26, 7, 77).
cost(26, 8, 48).
cost(26, 9, 55).
cost(26, 10, 42).
cost(26, 11, 37).
cost(26, 12, 38).
cost(26, 13, 17).
cost(26, 14, 59).
cost(26, 15, 32).
cost(26, 16, 36).
cost(26, 17, 27).
cost(26, 18, 38).
cost(26, 19, 17).
cost(26, 20, 84).
cost(26, 21, 30).
cost(26, 22, 29).
cost(26, 23, 41).
cost(26, 24, 36).
cost(26, 25, 40).
cost(26, 27, 21).
cost(26, 28, 71).
cost(27, 1, 69).
cost(27, 2, 38).
cost(27, 3, 84).
cost(27, 4, 81).
cost(27, 5, 49).
cost(27, 6, 95).
cost(27, 7, 91).
cost(27, 8, 66).
cost(27, 9, 74).
cost(27, 10, 29).
cost(27, 11, 45).
cost(27, 12, 51).
cost(27, 13, 12).
cost(27, 14, 72).
cost(27, 15, 14).
cost(27, 16, 31).
cost(27, 17, 6).
cost(27, 18, 57).
cost(27, 19, 35).
cost(27, 20, 100).
cost(27, 21, 51).
cost(27, 22, 47).
cost(27, 23, 43).
cost(27, 24, 33).
cost(27, 25, 19).
cost(27, 26, 21).
cost(27, 28, 90).
cost(28, 1, 47).
cost(28, 2, 58).
cost(28, 3, 7).
cost(28, 4, 41).
cost(28, 5, 75).
cost(28, 6, 25).
cost(28, 7, 30).
cost(28, 8, 24).
cost(28, 9, 18).
cost(28, 10, 95).
cost(28, 11, 54).
cost(28, 12, 43).
cost(28, 13, 79).
cost(28, 14, 33).
cost(28, 15, 95).
cost(28, 16, 80).
cost(28, 17, 94).
cost(28, 18, 34).
cost(28, 19, 55).
cost(28, 20, 19).
cost(28, 21, 46).
cost(28, 22, 43).
cost(28, 23, 67).
cost(28, 24, 76).
cost(28, 25, 105).
cost(28, 26, 71).
cost(28, 27, 90).
