dimension(28).
point(1, 82.8120821955, 78.1700252146).
point(2, 19.1163216768, 48.9090319391).
point(3, 45.4503019617, 5.2493451286).
point(4, 22.6888537747, 81.0334313634).
point(5, 86.628275635, 72.1813148641).
point(6, 27.4085494709, 83.2518622971).
point(7, 6.6424224865, 60.3248822487).
point(8, 81.7578259105, 40.7489907043).
point(9, 85.6620410346, 30.1456176314).
point(10, 11.2721036846, 68.3962179105).
point(11, 30.0585526752, 78.7686566236).
point(12, 52.4520526865, 24.9712244275).
point(13, 23.9213964735, 10.0808083776).
point(14, 72.9419893714, 35.5654945544).
point(15, 34.9657504954, 39.0246603202).
point(16, 34.9550501533, 4.4587053559).
point(17, 83.93941297, 40.8892536423).
point(18, 79.3774150564, 80.3389334697).
point(19, 81.9447371572, 92.1322882331).
point(20, 5.6442993448, 35.5721403628).
point(21, 89.8968454522, 19.1521572925).
point(22, 86.0121240304, 79.5216665813).
point(23, 73.4292316197, 88.4561162258).
point(24, 39.4801068922, 59.8015808776).
point(25, 22.3761471087, 83.2412344914).
point(26, 56.5672234359, 19.8412820797).
point(27, 96.4920432486, 87.1816695137).
point(28, 96.5881825868, 70.3752992708).
cost(1, 2, 70).
cost(1, 3, 82).
cost(1, 4, 60).
cost(1, 5, 7).
cost(1, 6, 56).
cost(1, 7, 78).
cost(1, 8, 37).
cost(1, 9, 48).
cost(1, 10, 72).
cost(1, 11, 53).
cost(1, 12, 61).
cost(1, 13, 90).
cost(1, 14, 44).
cost(1, 15, 62).
cost(1, 16, 88).
cost(1, 17, 37).
cost(1, 18, 4).
cost(1, 19, 14).
cost(1, 20, 88).
cost(1, 21, 59).
cost(1, 22, 3).
cost(1, 23, 14).
cost(1, 24, 47).
cost(1, 25, 61).
cost(1, 26, 64).
cost(1, 27, 16).
cost(1, 28, 16).
cost(2, 1, 70).
cost(2, 3, 51).
cost(2, 4, 32).
cost(2, 5, 71).
cost(2, 6, 35).
cost(2, 7, 17).
cost(2, 8, 63).
cost(2, 9, 69).
cost(2, 10, 21).
cost(2, 11, 32).
cost(2, 12, 41).
cost(2, 13, 39).
cost(2, 14, 55).
cost(2, 15, 19).
cost(2, 16, 47).
cost(2, 17, 65).
cost(2, 18, 68).
cost(2, 19, 76).
cost(2, 20, 19).
cost(2, 21, 77).
cost(2, 22, 74).
cost(2, 23, 67).
cost(2, 24, 23).
cost(2, 25, 34).
cost(2, 26, 47).
cost(2, 27, 86).
cost(2, 28, 80).
cost(3, 1, 82).
cost(3, 2, 51).
cost(3, 4, 79).
cost(3, 5, 79).
cost(3, 6, 80).
cost(3, 7, 67).
cost(3, 8, 51).
cost(3, 9, 47).
cost(3, 10, 72).
cost(3, 11, 75).
cost(3, 12, 21).
cost(3, 13, 22).
cost(3, 14, 41).
cost(3, 15, 35).
cost(3, 16, 11).
cost(3, 17, 52).
cost(3, 18, 82).
cost(3, 19, 94).
cost(3, 20, 50).
cost(3, 21, 47).
cost(3, 22, 85).
cost(3, 23, 88).
cost(3, 24, 55).
cost(3, 25, 81).
cost(3, 26, 18).
cost(3, 27, 97).
cost(3, 28, 83).
cost(4, 1, 60).
cost(4, 2, 32).
cost(4, 3, 79).
cost(4, 5, 65).
cost(4, 6, 5).
cost(4, 7, 26).
cost(4, 8, 71).
cost(4, 9, 81).
cost(4, 10, 17).
cost(4, 11, 8).
cost(4, 12, 63).
cost(4, 13, 71).
cost(4, 14, 68).
cost(4, 15, 44).
cost(4, 16, 78).
cost(4, 17, 73).
cost(4, 18, 57).
cost(4, 19, 60).
cost(4, 20, 49).
cost(4, 21, 91).
cost(4, 22, 63).
cost(4, 23, 51).
cost(4, 24, 27).
cost(4, 25, 2).
cost(4, 26, 70).
cost(4, 27, 74).
cost(4, 28, 75).
cost(5, 1, 7).
cost(5, 2, 71).
cost(5, 3, 79).
cost(5, 4, 65).
cost(5, 6, 60).
cost(5, 7, 81).
cost(5, 8, 32).
cost(5, 9, 42).
cost(5, 10, 75).
cost(5, 11, 57).
cost(5, 12, 58).
cost(5, 13, 88).
cost(5, 14, 39).
cost(5, 15, 61).
cost(5, 16, 85).
cost(5, 17, 31).
cost(5, 18, 11).
cost(5, 19, 20).
cost(5, 20, 89).
cost(5, 21, 53).
cost(5, 22, 7).
cost(5, 23, 21).
cost(5, 24, 49).
cost(5, 25, 65).
cost(5, 26, 60).
cost(5, 27, 18).
cost(5, 28, 10).
cost(6, 1, 56).
cost(6, 2, 35).
cost(6, 3, 80).
cost(6, 4, 5).
cost(6, 5, 60).
cost(6, 7, 31).
cost(6, 8, 69).
cost(6, 9, 79).
cost(6, 10, 22).
cost(6, 11, 5).
cost(6, 12, 63).
cost(6, 13, 73).
cost(6, 14, 66).
cost(6, 15, 45).
cost(6, 16, 79).
cost(6, 17, 71).
cost(6, 18, 52).
cost(6, 19, 55).
cost(6, 20, 52).
cost(6, 21, 90).
cost(6, 22, 59).
cost(6, 23, 46).
cost(6, 24, 26).
cost(6, 25, 5).
cost(6, 26, 70).
cost(6, 27, 69).
cost(6, 28, 70).
cost(7, 1, 78).
cost(7, 2, 17).
cost(7, 3, 67).
cost(7, 4, 26).
cost(7, 5, 81).
cost(7, 6, 31).
cost(7, 8, 78).
cost(7, 9, 85).
cost(7, 10, 9).
cost(7, 11, 30).
cost(7, 12, 58).
cost(7, 13, 53).
cost(7, 14, 71).
cost(7, 15, 35).
cost(7, 16, 63).
cost(7, 17, 80).
cost(7, 18, 75).
cost(7, 19, 82).
cost(7, 20, 25).
cost(7, 21, 93).
cost(7, 22, 82).
cost(7, 23, 72).
cost(7, 24, 33).
cost(7, 25, 28).
cost(7, 26, 64).
cost(7, 27, 94).
cost(7, 28, 91).
cost(8, 1, 37).
cost(8, 2, 63).
cost(8, 3, 51).
cost(8, 4, 71).
cost(8, 5, 32).
cost(8, 6, 69).
cost(8, 7, 78).
cost(8, 9, 11).
cost(8, 10, 76).
cost(8, 11, 64).
cost(8, 12, 33).
cost(8, 13, 65).
cost(8, 14, 10).
cost(8, 15, 47).
cost(8, 16, 59).
cost(8, 17, 2).
cost(8, 18, 40).
cost(8, 19, 51).
cost(8, 20, 76).
cost(8, 21, 23).
cost(8, 22, 39).
cost(8, 23, 48).
cost(8, 24, 46).
cost(8, 25, 73).
cost(8, 26, 33).
cost(8, 27, 49).
cost(8, 28, 33).
cost(9, 1, 48).
cost(9, 2, 69).
cost(9, 3, 47).
cost(9, 4, 81).
cost(9, 5, 42).
cost(9, 6, 79).
cost(9, 7, 85).
cost(9, 8, 11).
cost(9, 10, 84).
cost(9, 11, 74).
cost(9, 12, 34).
cost(9, 13, 65).
cost(9, 14, 14).
cost(9, 15, 51).
cost(9, 16, 57).
cost(9, 17, 11).
cost(9, 18, 51).
cost(9, 19, 62).
cost(9, 20, 80).
cost(9, 21, 12).
cost(9, 22, 49).
cost(9, 23, 60).
cost(9, 24, 55).
cost(9, 25, 83).
cost(9, 26, 31).
cost(9, 27, 58).
cost(9, 28, 42).
cost(10, 1, 72).
cost(10, 2, 21).
cost(10, 3, 72).
cost(10, 4, 17).
cost(10, 5, 75).
cost(10, 6, 22).
cost(10, 7, 9).
cost(10, 8, 76).
cost(10, 9, 84).
cost(10, 11, 21).
cost(10, 12, 60).
cost(10, 13, 60).
cost(10, 14, 70).
cost(10, 15, 38).
cost(10, 16, 68).
cost(10, 17, 78).
cost(10, 18, 69).
cost(10, 19, 75).
cost(10, 20, 33).
cost(10, 21, 93).
cost(10, 22, 76).
cost(10, 23, 65).
cost(10, 24, 29).
cost(10, 25, 19).
cost(10, 26, 66).
cost(10, 27, 87).
cost(10, 28, 85).
cost(11, 1, 53).
cost(11, 2, 32).
cost(11, 3, 75).
cost(11, 4, 8).
cost(11, 5, 57).
cost(11, 6, 5).
cost(11, 7, 30).
cost(11, 8, 64).
cost(11, 9, 74).
cost(11, 10, 21).
cost(11, 12, 58).
cost(11, 13, 69).
cost(11, 14, 61).
cost(11, 15, 40).
cost(11, 16, 74).
cost(11, 17, 66).
cost(11, 18, 49).
cost(11, 19, 54).
cost(11, 20, 50).
cost(11, 21, 84).
cost(11, 22, 56).
cost(11, 23, 44).
cost(11, 24, 21).
cost(11, 25, 9).
cost(11, 26, 65).
cost(11, 27, 67).
cost(11, 28, 67).
cost(12, 1, 61).
cost(12, 2, 41).
cost(12, 3, 21).
cost(12, 4, 63).
cost(12, 5, 58).
cost(12, 6, 63).
cost(12, 7, 58).
cost(12, 8, 33).
cost(12, 9, 34).
cost(12, 10, 60).
cost(12, 11, 58).
cost(12, 13, 32).
cost(12, 14, 23).
cost(12, 15, 22).
cost(12, 16, 27).
cost(12, 17, 35).
cost(12, 18, 62).
cost(12, 19, 73).
cost(12, 20, 48).
cost(12, 21, 38).
cost(12, 22, 64).
cost(12, 23, 67).
cost(12, 24, 37).
cost(12, 25, 66).
cost(12, 26, 7).
cost(12, 27, 76).
cost(12, 28, 63).
cost(13, 1, 90).
cost(13, 2, 39).
cost(13, 3, 22).
cost(13, 4, 71).
cost(13, 5, 88).
cost(13, 6, 73).
cost(13, 7, 53).
cost(13, 8, 65).
cost(13, 9, 65).
cost(13, 10, 60).
cost(13, 11, 69).
cost(13, 12, 32).
cost(13, 14, 55).
cost(13, 15, 31).
cost(13, 16, 12).
cost(13, 17, 67).
cost(13, 18, 90).
cost(13, 19, 100).
cost(13, 20, 31).
cost(13, 21, 67).
cost(13, 22, 93).
cost(13, 23, 93).
cost(13, 24, 52).
cost(13, 25, 73).
cost(13, 26, 34).
cost(13, 27, 106).
cost(13, 28, 94).
cost(14, 1, 44).
cost(14, 2, 55).
cost(14, 3, 41).
cost(14, 4, 68).
cost(14, 5, 39).
cost(14, 6, 66).
cost(14, 7, 71).
cost(14, 8, 10).
cost(14, 9, 14).
cost(14, 10, 70).
cost(14, 11, 61).
cost(14, 12, 23).
cost(14, 13, 55).
cost(14, 15, 38).
cost(14, 16, 49).
cost(14, 17, 12).
cost(14, 18, 45).
cost(14, 19, 57).
cost(14, 20, 67).
cost(14, 21, 24).
cost(14, 22, 46).
cost(14, 23, 53).
cost(14, 24, 41).
cost(14, 25, 69).
cost(14, 26, 23).
cost(14, 27, 57).
cost(14, 28, 42).
cost(15, 1, 62).
cost(15, 2, 19).
cost(15, 3, 35).
cost(15, 4, 44).
cost(15, 5, 61).
cost(15, 6, 45).
cost(15, 7, 35).
cost(15, 8, 47).
cost(15, 9, 51).
cost(15, 10, 38).
cost(15, 11, 40).
cost(15, 12, 22).
cost(15, 13, 31).
cost(15, 14, 38).
cost(15, 16, 35).
cost(15, 17, 49).
cost(15, 18, 61).
cost(15, 19, 71).
cost(15, 20, 30).
cost(15, 21, 58).
cost(15, 22, 65).
cost(15, 23, 63).
cost(15, 24, 21).
cost(15, 25, 46).
cost(15, 26, 29).
cost(15, 27, 78).
cost(15, 28, 69).
cost(16, 1, 88).
cost(16, 2, 47).
cost(16, 3, 11).
cost(16, 4, 78).
cost(16, 5, 85).
cost(16, 6, 79).
cost(16, 7, 63).
cost(16, 8, 59).
cost(16, 9, 57).
cost(16, 10, 68).
cost(16, 11, 74).
cost(16, 12, 27).
cost(16, 13, 12).
cost(16, 14, 49).
cost(16, 15, 35).
cost(16, 17, 61).
cost(16, 18, 88).
cost(16, 19, 99).
cost(16, 20, 43).
cost(16, 21, 57).
cost(16, 22, 91).
cost(16, 23, 92).
cost(16, 24, 56).
cost(16, 25, 80).
cost(16, 26, 27).
cost(16, 27, 103).
cost(16, 28, 90).
cost(17, 1, 37).
cost(17, 2, 65).
cost(17, 3, 52).
cost(17, 4, 73).
cost(17, 5, 31).
cost(17, 6, 71).
cost(17, 7, 80).
cost(17, 8, 2).
cost(17, 9, 11).
cost(17, 10, 78).
cost(17, 11, 66).
cost(17, 12, 35).
cost(17, 13, 67).
cost(17, 14, 12).
cost(17, 15, 49).
cost(17, 16, 61).
cost(17, 18, 40).
cost(17, 19, 51).
cost(17, 20, 78).
cost(17, 21, 23).
cost(17, 22, 39).
cost(17, 23, 49).
cost(17, 24, 48).
cost(17, 25, 75).
cost(17, 26, 35).
cost(17, 27, 48).
cost(17, 28, 32).
cost(18, 1, 4).
cost(18, 2, 68).
cost(18, 3, 82).
cost(18, 4, 57).
cost(18, 5, 11).
cost(18, 6, 52).
cost(18, 7, 75).
cost(18, 8, 40).
cost(18, 9, 51).
cost(18, 10, 69).
cost(18, 11, 49).
cost(18, 12, 62).
cost(18, 13, 90).
cost(18, 14, 45).
cost(18, 15, 61).
cost(18, 16, 88).
cost(18, 17, 40).
cost(18, 19, 12).
cost(18, 20, 86).
cost(18, 21, 62).
cost(18, 22, 7).
cost(18, 23, 10).
cost(18, 24, 45).
cost(18, 25, 57).
cost(18, 26, 65).
cost(18, 27, 18).
cost(18, 28, 20).
cost(19, 1, 14).
cost(19, 2, 76).
cost(19, 3, 94).
cost(19, 4, 60).
cost(19, 5, 20).
cost(19, 6, 55).
cost(19, 7, 82).
cost(19, 8, 51).
cost(19, 9, 62).
cost(19, 10, 75).
cost(19, 11, 54).
cost(19, 12, 73).
cost(19, 13, 100).
cost(19, 14, 57).
cost(19, 15, 71).
cost(19, 16, 99).
cost(19, 17, 51).
cost(19, 18, 12).
cost(19, 20, 95).
cost(19, 21, 73).
cost(19, 22, 13).
cost(19, 23, 9).
cost(19, 24, 53).
cost(19, 25, 60).
cost(19, 26, 77).
cost(19, 27, 15).
cost(19, 28, 26).
cost(20, 1, 88).
cost(20, 2, 19).
cost(20, 3, 50).
cost(20, 4, 49).
cost(20, 5, 89).
cost(20, 6, 52).
cost(20, 7, 25).
cost(20, 8, 76).
cost(20, 9, 80).
cost(20, 10, 33).
cost(20, 11, 50).
cost(20, 12, 48).
cost(20, 13, 31).
cost(20, 14, 67).
cost(20, 15, 30).
cost(20, 16, 43).
cost(20, 17, 78).
cost(20, 18, 86).
cost(20, 19, 95).
cost(20, 21, 86).
cost(20, 22, 92).
cost(20, 23, 86).
cost(20, 24, 42).
cost(20, 25, 51).
cost(20, 26, 53).
cost(20, 27, 104).
cost(20, 28, 97).
cost(21, 1, 59).
cost(21, 2, 77).
cost(21, 3, 47).
cost(21, 4, 91).
cost(21, 5, 53).
cost(21, 6, 90).
cost(21, 7, 93).
cost(21, 8, 23).
cost(21, 9, 12).
cost(21, 10, 93).
cost(21, 11, 84).
cost(21, 12, 38).
cost(21, 13, 67).
cost(21, 14, 24).
cost(21, 15, 58).
cost(21, 16, 57).
cost(21, 17, 23).
cost(21, 18, 62).
cost(21, 19, 73).
cost(21, 20, 86).
cost(21, 22, 60).
cost(21, 23, 71).
cost(21, 24, 65).
cost(21, 25, 93).
cost(21, 26, 33).
cost(21, 27, 68).
cost(21, 28, 52).
cost(22, 1, 3).
cost(22, 2, 74).
cost(22, 3, 85).
cost(22, 4, 63).
cost(22, 5, 7).
cost(22, 6, 59).
cost(22, 7, 82).
cost(22, 8, 39).
cost(22, 9, 49).
cost(22, 10, 76).
cost(22, 11, 56).
cost(22, 12, 64).
cost(22, 13, 93).
cost(22, 14, 46).
cost(22, 15, 65).
cost(22, 16, 91).
cost(22, 17, 39).
cost(22, 18, 7).
cost(22, 19, 13).
cost(22, 20, 92).
cost(22, 21, 60).
cost(22, 23, 15).
cost(22, 24, 51).
cost(22, 25, 64).
cost(22, 26, 67).
cost(22, 27, 13).
cost(22, 28, 14).
cost(23, 1, 14).
cost(23, 2, 67).
cost(23, 3, 88).
cost(23, 4, 51).
cost(23, 5, 21).
cost(23, 6, 46).
cost(23, 7, 72).
cost(23, 8, 48).
cost(23, 9, 60).
cost(23, 10, 65).
cost(23, 11, 44).
cost(23, 12, 67).
cost(23, 13, 93).
cost(23, 14, 53).
cost(23, 15, 63).
cost(23, 16, 92).
cost(23, 17, 49).
cost(23, 18, 10).
cost(23, 19, 9).
cost(23, 20, 86).
cost(23, 21, 71).
cost(23, 22, 15).
cost(23, 24, 44).
cost(23, 25, 51).
cost(23, 26, 71).
cost(23, 27, 23).
cost(23, 28, 29).
cost(24, 1, 47).
cost(24, 2, 23).
cost(24, 3, 55).
cost(24, 4, 27).
cost(24, 5, 49).
cost(24, 6, 26).
cost(24, 7, 33).
cost(24, 8, 46).
cost(24, 9, 55).
cost(24, 10, 29).
cost(24, 11, 21).
cost(24, 12, 37).
cost(24, 13, 52).
cost(24, 14, 41).
cost(24, 15, 21).
cost(24, 16, 56).
cost(24, 17, 48).
cost(24, 18, 45).
cost(24, 19, 53).
cost(24, 20, 42).
cost(24, 21, 65).
cost(24, 22, 51).
cost(24, 23, 44).
cost(24, 25, 29).
cost(24, 26, 43).
cost(24, 27, 63).
cost(24, 28, 58).
cost(25, 1, 61).
cost(25, 2, 34).
cost(25, 3, 81).
cost(25, 4, 2).
cost(25, 5, 65).
cost(25, 6, 5).
cost(25, 7, 28).
cost(25, 8, 73).
cost(25, 9, 83).
cost(25, 10, 19).
cost(25, 11, 9).
cost(25, 12, 66).
cost(25, 13, 73).
cost(25, 14, 69).
cost(25, 15, 46).
cost(25, 16, 80).
cost(25, 17, 75).
cost(25, 18, 57).
cost(25, 19, 60).
cost(25, 20, 51).
cost(25, 21, 93).
cost(25, 22, 64).
cost(25, 23, 51).
cost(25, 24, 29).
cost(25, 26, 72).
cost(25, 27, 74).
cost(25, 28, 75).
cost(26, 1, 64).
cost(26, 2, 47).
cost(26, 3, 18).
cost(26, 4, 70).
cost(26, 5, 60).
cost(26, 6, 70).
cost(26, 7, 64).
cost(26, 8, 33).
cost(26, 9, 31).
cost(26, 10, 66).
cost(26, 11, 65).
cost(26, 12, 7).
cost(26, 13, 34).
cost(26, 14, 23).
cost(26, 15, 29).
cost(26, 16, 27).
cost(26, 17, 35).
cost(26, 18, 65).
cost(26, 19, 77).
cost(26, 20, 53).
cost(26, 21, 33).
cost(26, 22, 67).
cost(26, 23, 71).
cost(26, 24, 43).
cost(26, 25, 72).
cost(26, 27, 78).
cost(26, 28, 64).
cost(27, 1, 16).
cost(27, 2, 86).
cost(27, 3, 97).
cost(27, 4, 74).
cost(27, 5, 18).
cost(27, 6, 69).
cost(27, 7, 94).
cost(27, 8, 49).
cost(27, 9, 58).
cost(27, 10, 87).
cost(27, 11, 67).
cost(27, 12, 76).
cost(27, 13, 106).
cost(27, 14, 57).
cost(27, 15, 78).
cost(27, 16, 103).
cost(27, 17, 48).
cost(27, 18, 18).
cost(27, 19, 15).
cost(27, 20, 104).
cost(27, 21, 68).
cost(27, 22, 13).
cost(27, 23, 23).
cost(27, 24, 63).
cost(27, 25, 74).
cost(27, 26, 78).
cost(27, 28, 17).
cost(28, 1, 16).
cost(28, 2, 80).
cost(28, 3, 83).
cost(28, 4, 75).
cost(28, 5, 10).
cost(28, 6, 70).
cost(28, 7, 91).
cost(28, 8, 33).
cost(28, 9, 42).
cost(28, 10, 85).
cost(28, 11, 67).
cost(28, 12, 63).
cost(28, 13, 94).
cost(28, 14, 42).
cost(28, 15, 69).
cost(28, 16, 90).
cost(28, 17, 32).
cost(28, 18, 20).
cost(28, 19, 26).
cost(28, 20, 97).
cost(28, 21, 52).
cost(28, 22, 14).
cost(28, 23, 29).
cost(28, 24, 58).
cost(28, 25, 75).
cost(28, 26, 64).
cost(28, 27, 17).
