dimension(28).
point(1, 37.7672396433, 48.4450619833).
point(2, 5.0197256537, 47.3721309157).
point(3, 21.3156137037, 52.6019092879).
point(4, 19.1879839101, 32.2714710769).
point(5, 79.4197621155, 89.2498839321).
point(6, 24.4903948632, 65.4089824932).
point(7, 60.5322703055, 39.82055598).
point(8, 88.8783167766, 97.3037518659).
point(9, 90.3724093451, 24.7164539846).
point(10, 6.0145485175, 57.4304595136).
point(11, 62.8198342973, 28.4546460923).
point(12, 34.9282289572, 6.6933902287).
point(13, 13.6772810754, 79.013882799).
point(14, 92.9887373212, 15.2050250859).
point(15, 30.9034472318, 60.0865658048).
point(16, 41.6340829356, 21.9754540271).
point(17, 90.9677889042, 92.9130206837).
point(18, 61.6433893948, 9.1059363965).
point(19, 94.4493844196, 89.9522264615).
point(20, 50.205189836, 79.170218598).
point(21, 47.9713641942, 69.3245238561).
point(22, 94.0956251035, 31.3164367692).
point(23, 41.7548653124, 35.6985123679).
point(24, 35.1024860832, 71.3931629572).
point(25, 62.5630399878, 89.5784021807).
point(26, 54.8159681895, 73.9399419602).
point(27, 34.3161024414, 75.6691663924).
point(28, 78.6623229868, 21.83017353).
cost(1, 2, 33).
cost(1, 3, 17).
cost(1, 4, 25).
cost(1, 5, 58).
cost(1, 6, 22).
cost(1, 7, 24).
cost(1, 8, 71).
cost(1, 9, 58).
cost(1, 10, 33).
cost(1, 11, 32).
cost(1, 12, 42).
cost(1, 13, 39).
cost(1, 14, 64).
cost(1, 15, 14).
cost(1, 16, 27).
cost(1, 17, 69).
cost(1, 18, 46).
cost(1, 19, 70).
cost(1, 20, 33).
cost(1, 21, 23).
cost(1, 22, 59).
cost(1, 23, 13).
cost(1, 24, 23).
cost(1, 25, 48).
cost(1, 26, 31).
cost(1, 27, 27).
cost(1, 28, 49).
cost(2, 1, 33).
cost(2, 3, 17).
cost(2, 4, 21).
cost(2, 5, 85).
cost(2, 6, 27).
cost(2, 7, 56).
cost(2, 8, 98).
cost(2, 9, 88).
cost(2, 10, 10).
cost(2, 11, 61).
cost(2, 12, 50).
cost(2, 13, 33).
cost(2, 14, 94).
cost(2, 15, 29).
cost(2, 16, 45).
cost(2, 17, 97).
cost(2, 18, 68).
cost(2, 19, 99).
cost(2, 20, 55).
cost(2, 21, 48).
cost(2, 22, 91).
cost(2, 23, 39).
cost(2, 24, 38).
cost(2, 25, 71).
cost(2, 26, 56).
cost(2, 27, 41).
cost(2, 28, 78).
cost(3, 1, 17).
cost(3, 2, 17).
cost(3, 4, 20).
cost(3, 5, 69).
cost(3, 6, 13).
cost(3, 7, 41).
cost(3, 8, 81).
cost(3, 9, 74).
cost(3, 10, 16).
cost(3, 11, 48).
cost(3, 12, 48).
cost(3, 13, 27).
cost(3, 14, 81).
cost(3, 15, 12).
cost(3, 16, 37).
cost(3, 17, 80).
cost(3, 18, 59).
cost(3, 19, 82).
cost(3, 20, 39).
cost(3, 21, 31).
cost(3, 22, 76).
cost(3, 23, 27).
cost(3, 24, 23).
cost(3, 25, 55).
cost(3, 26, 40).
cost(3, 27, 26).
cost(3, 28, 65).
cost(4, 1, 25).
cost(4, 2, 21).
cost(4, 3, 20).
cost(4, 5, 83).
cost(4, 6, 34).
cost(4, 7, 42).
cost(4, 8, 95).
cost(4, 9, 72).
cost(4, 10, 28).
cost(4, 11, 44).
cost(4, 12, 30).
cost(4, 13, 47).
cost(4, 14, 76).
cost(4, 15, 30).
cost(4, 16, 25).
cost(4, 17, 94).
cost(4, 18, 48).
cost(4, 19, 95).
cost(4, 20, 56).
cost(4, 21, 47).
cost(4, 22, 75).
cost(4, 23, 23).
cost(4, 24, 42).
cost(4, 25, 72).
cost(4, 26, 55).
cost(4, 27, 46).
cost(4, 28, 60).
cost(5, 1, 58).
cost(5, 2, 85).
cost(5, 3, 69).
cost(5, 4, 83).
cost(5, 6, 60).
cost(5, 7, 53).
cost(5, 8, 12).
cost(5, 9, 65).
cost(5, 10, 80).
cost(5, 11, 63).
cost(5, 12, 94).
cost(5, 13, 67).
cost(5, 14, 75).
cost(5, 15, 57).
cost(5, 16, 77).
cost(5, 17, 12).
cost(5, 18, 82).
cost(5, 19, 15).
cost(5, 20, 31).
cost(5, 21, 37).
cost(5, 22, 60).
cost(5, 23, 65).
cost(5, 24, 48).
cost(5, 25, 17).
cost(5, 26, 29).
cost(5, 27, 47).
cost(5, 28, 67).
cost(6, 1, 22).
cost(6, 2, 27).
cost(6, 3, 13).
cost(6, 4, 34).
cost(6, 5, 60).
cost(6, 7, 44).
cost(6, 8, 72).
cost(6, 9, 77).
cost(6, 10, 20).
cost(6, 11, 53).
cost(6, 12, 60).
cost(6, 13, 17).
cost(6, 14, 85).
cost(6, 15, 8).
cost(6, 16, 47).
cost(6, 17, 72).
cost(6, 18, 67).
cost(6, 19, 74).
cost(6, 20, 29).
cost(6, 21, 24).
cost(6, 22, 78).
cost(6, 23, 34).
cost(6, 24, 12).
cost(6, 25, 45).
cost(6, 26, 32).
cost(6, 27, 14).
cost(6, 28, 70).
cost(7, 1, 24).
cost(7, 2, 56).
cost(7, 3, 41).
cost(7, 4, 42).
cost(7, 5, 53).
cost(7, 6, 44).
cost(7, 8, 64).
cost(7, 9, 33).
cost(7, 10, 57).
cost(7, 11, 12).
cost(7, 12, 42).
cost(7, 13, 61).
cost(7, 14, 41).
cost(7, 15, 36).
cost(7, 16, 26).
cost(7, 17, 61).
cost(7, 18, 31).
cost(7, 19, 61).
cost(7, 20, 41).
cost(7, 21, 32).
cost(7, 22, 35).
cost(7, 23, 19).
cost(7, 24, 41).
cost(7, 25, 50).
cost(7, 26, 35).
cost(7, 27, 44).
cost(7, 28, 26).
cost(8, 1, 71).
cost(8, 2, 98).
cost(8, 3, 81).
cost(8, 4, 95).
cost(8, 5, 12).
cost(8, 6, 72).
cost(8, 7, 64).
cost(8, 9, 73).
cost(8, 10, 92).
cost(8, 11, 74).
cost(8, 12, 105).
cost(8, 13, 77).
cost(8, 14, 82).
cost(8, 15, 69).
cost(8, 16, 89).
cost(8, 17, 5).
cost(8, 18, 92).
cost(8, 19, 9).
cost(8, 20, 43).
cost(8, 21, 50).
cost(8, 22, 66).
cost(8, 23, 78).
cost(8, 24, 60).
cost(8, 25, 27).
cost(8, 26, 41).
cost(8, 27, 59).
cost(8, 28, 76).
cost(9, 1, 58).
cost(9, 2, 88).
cost(9, 3, 74).
cost(9, 4, 72).
cost(9, 5, 65).
cost(9, 6, 77).
cost(9, 7, 33).
cost(9, 8, 73).
cost(9, 10, 90).
cost(9, 11, 28).
cost(9, 12, 58).
cost(9, 13, 94).
cost(9, 14, 10).
cost(9, 15, 69).
cost(9, 16, 49).
cost(9, 17, 68).
cost(9, 18, 33).
cost(9, 19, 65).
cost(9, 20, 68).
cost(9, 21, 62).
cost(9, 22, 8).
cost(9, 23, 50).
cost(9, 24, 72).
cost(9, 25, 71).
cost(9, 26, 61).
cost(9, 27, 76).
cost(9, 28, 12).
cost(10, 1, 33).
cost(10, 2, 10).
cost(10, 3, 16).
cost(10, 4, 28).
cost(10, 5, 80).
cost(10, 6, 20).
cost(10, 7, 57).
cost(10, 8, 92).
cost(10, 9, 90).
cost(10, 11, 64).
cost(10, 12, 58).
cost(10, 13, 23).
cost(10, 14, 97).
cost(10, 15, 25).
cost(10, 16, 50).
cost(10, 17, 92).
cost(10, 18, 74).
cost(10, 19, 94).
cost(10, 20, 49).
cost(10, 21, 44).
cost(10, 22, 92).
cost(10, 23, 42).
cost(10, 24, 32).
cost(10, 25, 65).
cost(10, 26, 52).
cost(10, 27, 34).
cost(10, 28, 81).
cost(11, 1, 32).
cost(11, 2, 61).
cost(11, 3, 48).
cost(11, 4, 44).
cost(11, 5, 63).
cost(11, 6, 53).
cost(11, 7, 12).
cost(11, 8, 74).
cost(11, 9, 28).
cost(11, 10, 64).
cost(11, 12, 35).
cost(11, 13, 71).
cost(11, 14, 33).
cost(11, 15, 45).
cost(11, 16, 22).
cost(11, 17, 70).
cost(11, 18, 19).
cost(11, 19, 69).
cost(11, 20, 52).
cost(11, 21, 43).
cost(11, 22, 31).
cost(11, 23, 22).
cost(11, 24, 51).
cost(11, 25, 61).
cost(11, 26, 46).
cost(11, 27, 55).
cost(11, 28, 17).
cost(12, 1, 42).
cost(12, 2, 50).
cost(12, 3, 48).
cost(12, 4, 30).
cost(12, 5, 94).
cost(12, 6, 60).
cost(12, 7, 42).
cost(12, 8, 105).
cost(12, 9, 58).
cost(12, 10, 58).
cost(12, 11, 35).
cost(12, 13, 75).
cost(12, 14, 59).
cost(12, 15, 54).
cost(12, 16, 17).
cost(12, 17, 103).
cost(12, 18, 27).
cost(12, 19, 102).
cost(12, 20, 74).
cost(12, 21, 64).
cost(12, 22, 64).
cost(12, 23, 30).
cost(12, 24, 65).
cost(12, 25, 87).
cost(12, 26, 70).
cost(12, 27, 69).
cost(12, 28, 46).
cost(13, 1, 39).
cost(13, 2, 33).
cost(13, 3, 27).
cost(13, 4, 47).
cost(13, 5, 67).
cost(13, 6, 17).
cost(13, 7, 61).
cost(13, 8, 77).
cost(13, 9, 94).
cost(13, 10, 23).
cost(13, 11, 71).
cost(13, 12, 75).
cost(13, 14, 102).
cost(13, 15, 26).
cost(13, 16, 64).
cost(13, 17, 79).
cost(13, 18, 85).
cost(13, 19, 82).
cost(13, 20, 37).
cost(13, 21, 36).
cost(13, 22, 93).
cost(13, 23, 52).
cost(13, 24, 23).
cost(13, 25, 50).
cost(13, 26, 41).
cost(13, 27, 21).
cost(13, 28, 87).
cost(14, 1, 64).
cost(14, 2, 94).
cost(14, 3, 81).
cost(14, 4, 76).
cost(14, 5, 75).
cost(14, 6, 85).
cost(14, 7, 41).
cost(14, 8, 82).
cost(14, 9, 10).
cost(14, 10, 97).
cost(14, 11, 33).
cost(14, 12, 59).
cost(14, 13, 102).
cost(14, 15, 77).
cost(14, 16, 52).
cost(14, 17, 78).
cost(14, 18, 32).
cost(14, 19, 75).
cost(14, 20, 77).
cost(14, 21, 70).
cost(14, 22, 16).
cost(14, 23, 55).
cost(14, 24, 81).
cost(14, 25, 80).
cost(14, 26, 70).
cost(14, 27, 84).
cost(14, 28, 16).
cost(15, 1, 14).
cost(15, 2, 29).
cost(15, 3, 12).
cost(15, 4, 30).
cost(15, 5, 57).
cost(15, 6, 8).
cost(15, 7, 36).
cost(15, 8, 69).
cost(15, 9, 69).
cost(15, 10, 25).
cost(15, 11, 45).
cost(15, 12, 54).
cost(15, 13, 26).
cost(15, 14, 77).
cost(15, 16, 40).
cost(15, 17, 68).
cost(15, 18, 60).
cost(15, 19, 70).
cost(15, 20, 27).
cost(15, 21, 19).
cost(15, 22, 69).
cost(15, 23, 27).
cost(15, 24, 12).
cost(15, 25, 43).
cost(15, 26, 28).
cost(15, 27, 16).
cost(15, 28, 61).
cost(16, 1, 27).
cost(16, 2, 45).
cost(16, 3, 37).
cost(16, 4, 25).
cost(16, 5, 77).
cost(16, 6, 47).
cost(16, 7, 26).
cost(16, 8, 89).
cost(16, 9, 49).
cost(16, 10, 50).
cost(16, 11, 22).
cost(16, 12, 17).
cost(16, 13, 64).
cost(16, 14, 52).
cost(16, 15, 40).
cost(16, 17, 86).
cost(16, 18, 24).
cost(16, 19, 86).
cost(16, 20, 58).
cost(16, 21, 48).
cost(16, 22, 53).
cost(16, 23, 14).
cost(16, 24, 50).
cost(16, 25, 71).
cost(16, 26, 54).
cost(16, 27, 54).
cost(16, 28, 37).
cost(17, 1, 69).
cost(17, 2, 97).
cost(17, 3, 80).
cost(17, 4, 94).
cost(17, 5, 12).
cost(17, 6, 72).
cost(17, 7, 61).
cost(17, 8, 5).
cost(17, 9, 68).
cost(17, 10, 92).
cost(17, 11, 70).
cost(17, 12, 103).
cost(17, 13, 79).
cost(17, 14, 78).
cost(17, 15, 68).
cost(17, 16, 86).
cost(17, 18, 89).
cost(17, 19, 5).
cost(17, 20, 43).
cost(17, 21, 49).
cost(17, 22, 62).
cost(17, 23, 75).
cost(17, 24, 60).
cost(17, 25, 29).
cost(17, 26, 41).
cost(17, 27, 59).
cost(17, 28, 72).
cost(18, 1, 46).
cost(18, 2, 68).
cost(18, 3, 59).
cost(18, 4, 48).
cost(18, 5, 82).
cost(18, 6, 67).
cost(18, 7, 31).
cost(18, 8, 92).
cost(18, 9, 33).
cost(18, 10, 74).
cost(18, 11, 19).
cost(18, 12, 27).
cost(18, 13, 85).
cost(18, 14, 32).
cost(18, 15, 60).
cost(18, 16, 24).
cost(18, 17, 89).
cost(18, 19, 87).
cost(18, 20, 71).
cost(18, 21, 62).
cost(18, 22, 39).
cost(18, 23, 33).
cost(18, 24, 68).
cost(18, 25, 80).
cost(18, 26, 65).
cost(18, 27, 72).
cost(18, 28, 21).
cost(19, 1, 70).
cost(19, 2, 99).
cost(19, 3, 82).
cost(19, 4, 95).
cost(19, 5, 15).
cost(19, 6, 74).
cost(19, 7, 61).
cost(19, 8, 9).
cost(19, 9, 65).
cost(19, 10, 94).
cost(19, 11, 69).
cost(19, 12, 102).
cost(19, 13, 82).
cost(19, 14, 75).
cost(19, 15, 70).
cost(19, 16, 86).
cost(19, 17, 5).
cost(19, 18, 87).
cost(19, 20, 46).
cost(19, 21, 51).
cost(19, 22, 59).
cost(19, 23, 76).
cost(19, 24, 62).
cost(19, 25, 32).
cost(19, 26, 43).
cost(19, 27, 62).
cost(19, 28, 70).
cost(20, 1, 33).
cost(20, 2, 55).
cost(20, 3, 39).
cost(20, 4, 56).
cost(20, 5, 31).
cost(20, 6, 29).
cost(20, 7, 41).
cost(20, 8, 43).
cost(20, 9, 68).
cost(20, 10, 49).
cost(20, 11, 52).
cost(20, 12, 74).
cost(20, 13, 37).
cost(20, 14, 77).
cost(20, 15, 27).
cost(20, 16, 58).
cost(20, 17, 43).
cost(20, 18, 71).
cost(20, 19, 46).
cost(20, 21, 10).
cost(20, 22, 65).
cost(20, 23, 44).
cost(20, 24, 17).
cost(20, 25, 16).
cost(20, 26, 7).
cost(20, 27, 16).
cost(20, 28, 64).
cost(21, 1, 23).
cost(21, 2, 48).
cost(21, 3, 31).
cost(21, 4, 47).
cost(21, 5, 37).
cost(21, 6, 24).
cost(21, 7, 32).
cost(21, 8, 50).
cost(21, 9, 62).
cost(21, 10, 44).
cost(21, 11, 43).
cost(21, 12, 64).
cost(21, 13, 36).
cost(21, 14, 70).
cost(21, 15, 19).
cost(21, 16, 48).
cost(21, 17, 49).
cost(21, 18, 62).
cost(21, 19, 51).
cost(21, 20, 10).
cost(21, 22, 60).
cost(21, 23, 34).
cost(21, 24, 13).
cost(21, 25, 25).
cost(21, 26, 8).
cost(21, 27, 15).
cost(21, 28, 57).
cost(22, 1, 59).
cost(22, 2, 91).
cost(22, 3, 76).
cost(22, 4, 75).
cost(22, 5, 60).
cost(22, 6, 78).
cost(22, 7, 35).
cost(22, 8, 66).
cost(22, 9, 8).
cost(22, 10, 92).
cost(22, 11, 31).
cost(22, 12, 64).
cost(22, 13, 93).
cost(22, 14, 16).
cost(22, 15, 69).
cost(22, 16, 53).
cost(22, 17, 62).
cost(22, 18, 39).
cost(22, 19, 59).
cost(22, 20, 65).
cost(22, 21, 60).
cost(22, 23, 53).
cost(22, 24, 71).
cost(22, 25, 66).
cost(22, 26, 58).
cost(22, 27, 74).
cost(22, 28, 18).
cost(23, 1, 13).
cost(23, 2, 39).
cost(23, 3, 27).
cost(23, 4, 23).
cost(23, 5, 65).
cost(23, 6, 34).
cost(23, 7, 19).
cost(23, 8, 78).
cost(23, 9, 50).
cost(23, 10, 42).
cost(23, 11, 22).
cost(23, 12, 30).
cost(23, 13, 52).
cost(23, 14, 55).
cost(23, 15, 27).
cost(23, 16, 14).
cost(23, 17, 75).
cost(23, 18, 33).
cost(23, 19, 76).
cost(23, 20, 44).
cost(23, 21, 34).
cost(23, 22, 53).
cost(23, 24, 36).
cost(23, 25, 58).
cost(23, 26, 40).
cost(23, 27, 41).
cost(23, 28, 39).
cost(24, 1, 23).
cost(24, 2, 38).
cost(24, 3, 23).
cost(24, 4, 42).
cost(24, 5, 48).
cost(24, 6, 12).
cost(24, 7, 41).
cost(24, 8, 60).
cost(24, 9, 72).
cost(24, 10, 32).
cost(24, 11, 51).
cost(24, 12, 65).
cost(24, 13, 23).
cost(24, 14, 81).
cost(24, 15, 12).
cost(24, 16, 50).
cost(24, 17, 60).
cost(24, 18, 68).
cost(24, 19, 62).
cost(24, 20, 17).
cost(24, 21, 13).
cost(24, 22, 71).
cost(24, 23, 36).
cost(24, 25, 33).
cost(24, 26, 20).
cost(24, 27, 4).
cost(24, 28, 66).
cost(25, 1, 48).
cost(25, 2, 71).
cost(25, 3, 55).
cost(25, 4, 72).
cost(25, 5, 17).
cost(25, 6, 45).
cost(25, 7, 50).
cost(25, 8, 27).
cost(25, 9, 71).
cost(25, 10, 65).
cost(25, 11, 61).
cost(25, 12, 87).
cost(25, 13, 50).
cost(25, 14, 80).
cost(25, 15, 43).
cost(25, 16, 71).
cost(25, 17, 29).
cost(25, 18, 80).
cost(25, 19, 32).
cost(25, 20, 16).
cost(25, 21, 25).
cost(25, 22, 66).
cost(25, 23, 58).
cost(25, 24, 33).
cost(25, 26, 17).
cost(25, 27, 31).
cost(25, 28, 70).
cost(26, 1, 31).
cost(26, 2, 56).
cost(26, 3, 40).
cost(26, 4, 55).
cost(26, 5, 29).
cost(26, 6, 32).
cost(26, 7, 35).
cost(26, 8, 41).
cost(26, 9, 61).
cost(26, 10, 52).
cost(26, 11, 46).
cost(26, 12, 70).
cost(26, 13, 41).
cost(26, 14, 70).
cost(26, 15, 28).
cost(26, 16, 54).
cost(26, 17, 41).
cost(26, 18, 65).
cost(26, 19, 43).
cost(26, 20, 7).
cost(26, 21, 8).
cost(26, 22, 58).
cost(26, 23, 40).
cost(26, 24, 20).
cost(26, 25, 17).
cost(26, 27, 21).
cost(26, 28, 57).
cost(27, 1, 27).
cost(27, 2, 41).
cost(27, 3, 26).
cost(27, 4, 46).
cost(27, 5, 47).
cost(27, 6, 14).
cost(27, 7, 44).
cost(27, 8, 59).
cost(27, 9, 76).
cost(27, 10, 34).
cost(27, 11, 55).
cost(27, 12, 69).
cost(27, 13, 21).
cost(27, 14, 84).
cost(27, 15, 16).
cost(27, 16, 54).
cost(27, 17, 59).
cost(27, 18, 72).
cost(27, 19, 62).
cost(27, 20, 16).
cost(27, 21, 15).
cost(27, 22, 74).
cost(27, 23, 41).
cost(27, 24, 4).
cost(27, 25, 31).
cost(27, 26, 21).
cost(27, 28, 70).
cost(28, 1, 49).
cost(28, 2, 78).
cost(28, 3, 65).
cost(28, 4, 60).
cost(28, 5, 67).
cost(28, 6, 70).
cost(28, 7, 26).
cost(28, 8, 76).
cost(28, 9, 12).
cost(28, 10, 81).
cost(28, 11, 17).
cost(28, 12, 46).
cost(28, 13, 87).
cost(28, 14, 16).
cost(28, 15, 61).
cost(28, 16, 37).
cost(28, 17, 72).
cost(28, 18, 21).
cost(28, 19, 70).
cost(28, 20, 64).
cost(28, 21, 57).
cost(28, 22, 18).
cost(28, 23, 39).
cost(28, 24, 66).
cost(28, 25, 70).
cost(28, 26, 57).
cost(28, 27, 70).
