dimension(28).
point(1, 27.9999144452, 17.1108994395).
point(2, 1.9057577539, 42.3947661782).
point(3, 55.4875892701, 56.9907184573).
point(4, 12.4793843546, 31.2883526045).
point(5, 5.4174921348, 40.9994075531).
point(6, 94.0448325416, 19.4973358016).
point(7, 42.9705717821, 90.5705698607).
point(8, 38.8360720387, 69.4784392942).
point(9, 86.1199627999, 24.0437625507).
point(10, 14.9567118843, 15.0049912924).
point(11, 21.154153523, 23.7198982937).
point(12, 36.7437842414, 12.7036066073).
point(13, 89.4122557524, 20.7129712211).
point(14, 82.1846798114, 16.7444492581).
point(15, 77.0064145758, 74.4610409721).
point(16, 65.306161826, 76.7832519974).
point(17, 39.815856006, 30.9286448258).
point(18, 52.5460208591, 92.2789718197).
point(19, 10.118055502, 61.0092899299).
point(20, 62.6414190504, 3.2385579951).
point(21, 36.1621849618, 62.5232348607).
point(22, 70.9424740703, 87.7906485145).
point(23, 45.6698488425, 58.1202127388).
point(24, 44.1885030954, 64.2859878597).
point(25, 5.6245025907, 44.6165091564).
point(26, 44.9223514867, 28.4268086374).
point(27, 35.0221398377, 23.6980775425).
point(28, 3.0686285811, 48.0158112408).
cost(1, 2, 36).
cost(1, 3, 48).
cost(1, 4, 21).
cost(1, 5, 33).
cost(1, 6, 66).
cost(1, 7, 75).
cost(1, 8, 53).
cost(1, 9, 59).
cost(1, 10, 13).
cost(1, 11, 10).
cost(1, 12, 10).
cost(1, 13, 62).
cost(1, 14, 54).
cost(1, 15, 75).
cost(1, 16, 70).
cost(1, 17, 18).
cost(1, 18, 79).
cost(1, 19, 47).
cost(1, 20, 37).
cost(1, 21, 46).
cost(1, 22, 83).
cost(1, 23, 45).
cost(1, 24, 50).
cost(1, 25, 35).
cost(1, 26, 20).
cost(1, 27, 10).
cost(1, 28, 40).
cost(2, 1, 36).
cost(2, 3, 56).
cost(2, 4, 15).
cost(2, 5, 4).
cost(2, 6, 95).
cost(2, 7, 63).
cost(2, 8, 46).
cost(2, 9, 86).
cost(2, 10, 30).
cost(2, 11, 27).
cost(2, 12, 46).
cost(2, 13, 90).
cost(2, 14, 84).
cost(2, 15, 82).
cost(2, 16, 72).
cost(2, 17, 40).
cost(2, 18, 71).
cost(2, 19, 20).
cost(2, 20, 72).
cost(2, 21, 40).
cost(2, 22, 83).
cost(2, 23, 47).
cost(2, 24, 48).
cost(2, 25, 4).
cost(2, 26, 45).
cost(2, 27, 38).
cost(2, 28, 6).
cost(3, 1, 48).
cost(3, 2, 56).
cost(3, 4, 50).
cost(3, 5, 53).
cost(3, 6, 54).
cost(3, 7, 36).
cost(3, 8, 21).
cost(3, 9, 45).
cost(3, 10, 58).
cost(3, 11, 48).
cost(3, 12, 48).
cost(3, 13, 50).
cost(3, 14, 48).
cost(3, 15, 28).
cost(3, 16, 22).
cost(3, 17, 30).
cost(3, 18, 35).
cost(3, 19, 46).
cost(3, 20, 54).
cost(3, 21, 20).
cost(3, 22, 34).
cost(3, 23, 10).
cost(3, 24, 13).
cost(3, 25, 51).
cost(3, 26, 30).
cost(3, 27, 39).
cost(3, 28, 53).
cost(4, 1, 21).
cost(4, 2, 15).
cost(4, 3, 50).
cost(4, 5, 12).
cost(4, 6, 82).
cost(4, 7, 67).
cost(4, 8, 46).
cost(4, 9, 74).
cost(4, 10, 16).
cost(4, 11, 12).
cost(4, 12, 31).
cost(4, 13, 78).
cost(4, 14, 71).
cost(4, 15, 78).
cost(4, 16, 70).
cost(4, 17, 27).
cost(4, 18, 73).
cost(4, 19, 30).
cost(4, 20, 57).
cost(4, 21, 39).
cost(4, 22, 81).
cost(4, 23, 43).
cost(4, 24, 46).
cost(4, 25, 15).
cost(4, 26, 33).
cost(4, 27, 24).
cost(4, 28, 19).
cost(5, 1, 33).
cost(5, 2, 4).
cost(5, 3, 53).
cost(5, 4, 12).
cost(5, 6, 91).
cost(5, 7, 62).
cost(5, 8, 44).
cost(5, 9, 82).
cost(5, 10, 28).
cost(5, 11, 23).
cost(5, 12, 42).
cost(5, 13, 86).
cost(5, 14, 81).
cost(5, 15, 79).
cost(5, 16, 70).
cost(5, 17, 36).
cost(5, 18, 70).
cost(5, 19, 21).
cost(5, 20, 69).
cost(5, 21, 38).
cost(5, 22, 81).
cost(5, 23, 44).
cost(5, 24, 45).
cost(5, 25, 4).
cost(5, 26, 41).
cost(5, 27, 34).
cost(5, 28, 7).
cost(6, 1, 66).
cost(6, 2, 95).
cost(6, 3, 54).
cost(6, 4, 82).
cost(6, 5, 91).
cost(6, 7, 88).
cost(6, 8, 74).
cost(6, 9, 9).
cost(6, 10, 79).
cost(6, 11, 73).
cost(6, 12, 58).
cost(6, 13, 5).
cost(6, 14, 12).
cost(6, 15, 58).
cost(6, 16, 64).
cost(6, 17, 55).
cost(6, 18, 84).
cost(6, 19, 94).
cost(6, 20, 35).
cost(6, 21, 72).
cost(6, 22, 72).
cost(6, 23, 62).
cost(6, 24, 67).
cost(6, 25, 92).
cost(6, 26, 50).
cost(6, 27, 59).
cost(6, 28, 95).
cost(7, 1, 75).
cost(7, 2, 63).
cost(7, 3, 36).
cost(7, 4, 67).
cost(7, 5, 62).
cost(7, 6, 88).
cost(7, 8, 21).
cost(7, 9, 79).
cost(7, 10, 81).
cost(7, 11, 70).
cost(7, 12, 78).
cost(7, 13, 84).
cost(7, 14, 84).
cost(7, 15, 38).
cost(7, 16, 26).
cost(7, 17, 60).
cost(7, 18, 10).
cost(7, 19, 44).
cost(7, 20, 90).
cost(7, 21, 29).
cost(7, 22, 28).
cost(7, 23, 33).
cost(7, 24, 26).
cost(7, 25, 59).
cost(7, 26, 62).
cost(7, 27, 67).
cost(7, 28, 58).
cost(8, 1, 53).
cost(8, 2, 46).
cost(8, 3, 21).
cost(8, 4, 46).
cost(8, 5, 44).
cost(8, 6, 74).
cost(8, 7, 21).
cost(8, 9, 66).
cost(8, 10, 59).
cost(8, 11, 49).
cost(8, 12, 57).
cost(8, 13, 70).
cost(8, 14, 68).
cost(8, 15, 38).
cost(8, 16, 27).
cost(8, 17, 39).
cost(8, 18, 27).
cost(8, 19, 30).
cost(8, 20, 70).
cost(8, 21, 7).
cost(8, 22, 37).
cost(8, 23, 13).
cost(8, 24, 7).
cost(8, 25, 41).
cost(8, 26, 42).
cost(8, 27, 46).
cost(8, 28, 42).
cost(9, 1, 59).
cost(9, 2, 86).
cost(9, 3, 45).
cost(9, 4, 74).
cost(9, 5, 82).
cost(9, 6, 9).
cost(9, 7, 79).
cost(9, 8, 66).
cost(9, 10, 72).
cost(9, 11, 65).
cost(9, 12, 51).
cost(9, 13, 5).
cost(9, 14, 8).
cost(9, 15, 51).
cost(9, 16, 57).
cost(9, 17, 47).
cost(9, 18, 76).
cost(9, 19, 85).
cost(9, 20, 31).
cost(9, 21, 63).
cost(9, 22, 66).
cost(9, 23, 53).
cost(9, 24, 58).
cost(9, 25, 83).
cost(9, 26, 41).
cost(9, 27, 51).
cost(9, 28, 86).
cost(10, 1, 13).
cost(10, 2, 30).
cost(10, 3, 58).
cost(10, 4, 16).
cost(10, 5, 28).
cost(10, 6, 79).
cost(10, 7, 81).
cost(10, 8, 59).
cost(10, 9, 72).
cost(10, 11, 11).
cost(10, 12, 22).
cost(10, 13, 75).
cost(10, 14, 67).
cost(10, 15, 86).
cost(10, 16, 80).
cost(10, 17, 30).
cost(10, 18, 86).
cost(10, 19, 46).
cost(10, 20, 49).
cost(10, 21, 52).
cost(10, 22, 92).
cost(10, 23, 53).
cost(10, 24, 57).
cost(10, 25, 31).
cost(10, 26, 33).
cost(10, 27, 22).
cost(10, 28, 35).
cost(11, 1, 10).
cost(11, 2, 27).
cost(11, 3, 48).
cost(11, 4, 12).
cost(11, 5, 23).
cost(11, 6, 73).
cost(11, 7, 70).
cost(11, 8, 49).
cost(11, 9, 65).
cost(11, 10, 11).
cost(11, 12, 19).
cost(11, 13, 68).
cost(11, 14, 61).
cost(11, 15, 75).
cost(11, 16, 69).
cost(11, 17, 20).
cost(11, 18, 75).
cost(11, 19, 39).
cost(11, 20, 46).
cost(11, 21, 42).
cost(11, 22, 81).
cost(11, 23, 42).
cost(11, 24, 47).
cost(11, 25, 26).
cost(11, 26, 24).
cost(11, 27, 14).
cost(11, 28, 30).
cost(12, 1, 10).
cost(12, 2, 46).
cost(12, 3, 48).
cost(12, 4, 31).
cost(12, 5, 42).
cost(12, 6, 58).
cost(12, 7, 78).
cost(12, 8, 57).
cost(12, 9, 51).
cost(12, 10, 22).
cost(12, 11, 19).
cost(12, 13, 53).
cost(12, 14, 46).
cost(12, 15, 74).
cost(12, 16, 70).
cost(12, 17, 18).
cost(12, 18, 81).
cost(12, 19, 55).
cost(12, 20, 28).
cost(12, 21, 50).
cost(12, 22, 83).
cost(12, 23, 46).
cost(12, 24, 52).
cost(12, 25, 45).
cost(12, 26, 18).
cost(12, 27, 11).
cost(12, 28, 49).
cost(13, 1, 62).
cost(13, 2, 90).
cost(13, 3, 50).
cost(13, 4, 78).
cost(13, 5, 86).
cost(13, 6, 5).
cost(13, 7, 84).
cost(13, 8, 70).
cost(13, 9, 5).
cost(13, 10, 75).
cost(13, 11, 68).
cost(13, 12, 53).
cost(13, 14, 8).
cost(13, 15, 55).
cost(13, 16, 61).
cost(13, 17, 51).
cost(13, 18, 81).
cost(13, 19, 89).
cost(13, 20, 32).
cost(13, 21, 68).
cost(13, 22, 70).
cost(13, 23, 58).
cost(13, 24, 63).
cost(13, 25, 87).
cost(13, 26, 45).
cost(13, 27, 54).
cost(13, 28, 91).
cost(14, 1, 54).
cost(14, 2, 84).
cost(14, 3, 48).
cost(14, 4, 71).
cost(14, 5, 81).
cost(14, 6, 12).
cost(14, 7, 84).
cost(14, 8, 68).
cost(14, 9, 8).
cost(14, 10, 67).
cost(14, 11, 61).
cost(14, 12, 46).
cost(14, 13, 8).
cost(14, 15, 58).
cost(14, 16, 62).
cost(14, 17, 45).
cost(14, 18, 81).
cost(14, 19, 85).
cost(14, 20, 24).
cost(14, 21, 65).
cost(14, 22, 72).
cost(14, 23, 55).
cost(14, 24, 61).
cost(14, 25, 81).
cost(14, 26, 39).
cost(14, 27, 48).
cost(14, 28, 85).
cost(15, 1, 75).
cost(15, 2, 82).
cost(15, 3, 28).
cost(15, 4, 78).
cost(15, 5, 79).
cost(15, 6, 58).
cost(15, 7, 38).
cost(15, 8, 38).
cost(15, 9, 51).
cost(15, 10, 86).
cost(15, 11, 75).
cost(15, 12, 74).
cost(15, 13, 55).
cost(15, 14, 58).
cost(15, 16, 12).
cost(15, 17, 57).
cost(15, 18, 30).
cost(15, 19, 68).
cost(15, 20, 73).
cost(15, 21, 43).
cost(15, 22, 15).
cost(15, 23, 35).
cost(15, 24, 34).
cost(15, 25, 77).
cost(15, 26, 56).
cost(15, 27, 66).
cost(15, 28, 79).
cost(16, 1, 70).
cost(16, 2, 72).
cost(16, 3, 22).
cost(16, 4, 70).
cost(16, 5, 70).
cost(16, 6, 64).
cost(16, 7, 26).
cost(16, 8, 27).
cost(16, 9, 57).
cost(16, 10, 80).
cost(16, 11, 69).
cost(16, 12, 70).
cost(16, 13, 61).
cost(16, 14, 62).
cost(16, 15, 12).
cost(16, 17, 52).
cost(16, 18, 20).
cost(16, 19, 57).
cost(16, 20, 74).
cost(16, 21, 32).
cost(16, 22, 12).
cost(16, 23, 27).
cost(16, 24, 25).
cost(16, 25, 68).
cost(16, 26, 52).
cost(16, 27, 61).
cost(16, 28, 69).
cost(17, 1, 18).
cost(17, 2, 40).
cost(17, 3, 30).
cost(17, 4, 27).
cost(17, 5, 36).
cost(17, 6, 55).
cost(17, 7, 60).
cost(17, 8, 39).
cost(17, 9, 47).
cost(17, 10, 30).
cost(17, 11, 20).
cost(17, 12, 18).
cost(17, 13, 51).
cost(17, 14, 45).
cost(17, 15, 57).
cost(17, 16, 52).
cost(17, 18, 63).
cost(17, 19, 42).
cost(17, 20, 36).
cost(17, 21, 32).
cost(17, 22, 65).
cost(17, 23, 28).
cost(17, 24, 34).
cost(17, 25, 37).
cost(17, 26, 6).
cost(17, 27, 9).
cost(17, 28, 41).
cost(18, 1, 79).
cost(18, 2, 71).
cost(18, 3, 35).
cost(18, 4, 73).
cost(18, 5, 70).
cost(18, 6, 84).
cost(18, 7, 10).
cost(18, 8, 27).
cost(18, 9, 76).
cost(18, 10, 86).
cost(18, 11, 75).
cost(18, 12, 81).
cost(18, 13, 81).
cost(18, 14, 81).
cost(18, 15, 30).
cost(18, 16, 20).
cost(18, 17, 63).
cost(18, 19, 53).
cost(18, 20, 90).
cost(18, 21, 34).
cost(18, 22, 19).
cost(18, 23, 35).
cost(18, 24, 29).
cost(18, 25, 67).
cost(18, 26, 64).
cost(18, 27, 71).
cost(18, 28, 66).
cost(19, 1, 47).
cost(19, 2, 20).
cost(19, 3, 46).
cost(19, 4, 30).
cost(19, 5, 21).
cost(19, 6, 94).
cost(19, 7, 44).
cost(19, 8, 30).
cost(19, 9, 85).
cost(19, 10, 46).
cost(19, 11, 39).
cost(19, 12, 55).
cost(19, 13, 89).
cost(19, 14, 85).
cost(19, 15, 68).
cost(19, 16, 57).
cost(19, 17, 42).
cost(19, 18, 53).
cost(19, 20, 78).
cost(19, 21, 26).
cost(19, 22, 66).
cost(19, 23, 36).
cost(19, 24, 34).
cost(19, 25, 17).
cost(19, 26, 48).
cost(19, 27, 45).
cost(19, 28, 15).
cost(20, 1, 37).
cost(20, 2, 72).
cost(20, 3, 54).
cost(20, 4, 57).
cost(20, 5, 69).
cost(20, 6, 35).
cost(20, 7, 90).
cost(20, 8, 70).
cost(20, 9, 31).
cost(20, 10, 49).
cost(20, 11, 46).
cost(20, 12, 28).
cost(20, 13, 32).
cost(20, 14, 24).
cost(20, 15, 73).
cost(20, 16, 74).
cost(20, 17, 36).
cost(20, 18, 90).
cost(20, 19, 78).
cost(20, 21, 65).
cost(20, 22, 85).
cost(20, 23, 57).
cost(20, 24, 64).
cost(20, 25, 70).
cost(20, 26, 31).
cost(20, 27, 34).
cost(20, 28, 75).
cost(21, 1, 46).
cost(21, 2, 40).
cost(21, 3, 20).
cost(21, 4, 39).
cost(21, 5, 38).
cost(21, 6, 72).
cost(21, 7, 29).
cost(21, 8, 7).
cost(21, 9, 63).
cost(21, 10, 52).
cost(21, 11, 42).
cost(21, 12, 50).
cost(21, 13, 68).
cost(21, 14, 65).
cost(21, 15, 43).
cost(21, 16, 32).
cost(21, 17, 32).
cost(21, 18, 34).
cost(21, 19, 26).
cost(21, 20, 65).
cost(21, 22, 43).
cost(21, 23, 10).
cost(21, 24, 8).
cost(21, 25, 35).
cost(21, 26, 35).
cost(21, 27, 39).
cost(21, 28, 36).
cost(22, 1, 83).
cost(22, 2, 83).
cost(22, 3, 34).
cost(22, 4, 81).
cost(22, 5, 81).
cost(22, 6, 72).
cost(22, 7, 28).
cost(22, 8, 37).
cost(22, 9, 66).
cost(22, 10, 92).
cost(22, 11, 81).
cost(22, 12, 83).
cost(22, 13, 70).
cost(22, 14, 72).
cost(22, 15, 15).
cost(22, 16, 12).
cost(22, 17, 65).
cost(22, 18, 19).
cost(22, 19, 66).
cost(22, 20, 85).
cost(22, 21, 43).
cost(22, 23, 39).
cost(22, 24, 36).
cost(22, 25, 78).
cost(22, 26, 65).
cost(22, 27, 73).
cost(22, 28, 79).
cost(23, 1, 45).
cost(23, 2, 47).
cost(23, 3, 10).
cost(23, 4, 43).
cost(23, 5, 44).
cost(23, 6, 62).
cost(23, 7, 33).
cost(23, 8, 13).
cost(23, 9, 53).
cost(23, 10, 53).
cost(23, 11, 42).
cost(23, 12, 46).
cost(23, 13, 58).
cost(23, 14, 55).
cost(23, 15, 35).
cost(23, 16, 27).
cost(23, 17, 28).
cost(23, 18, 35).
cost(23, 19, 36).
cost(23, 20, 57).
cost(23, 21, 10).
cost(23, 22, 39).
cost(23, 24, 6).
cost(23, 25, 42).
cost(23, 26, 30).
cost(23, 27, 36).
cost(23, 28, 44).
cost(24, 1, 50).
cost(24, 2, 48).
cost(24, 3, 13).
cost(24, 4, 46).
cost(24, 5, 45).
cost(24, 6, 67).
cost(24, 7, 26).
cost(24, 8, 7).
cost(24, 9, 58).
cost(24, 10, 57).
cost(24, 11, 47).
cost(24, 12, 52).
cost(24, 13, 63).
cost(24, 14, 61).
cost(24, 15, 34).
cost(24, 16, 25).
cost(24, 17, 34).
cost(24, 18, 29).
cost(24, 19, 34).
cost(24, 20, 64).
cost(24, 21, 8).
cost(24, 22, 36).
cost(24, 23, 6).
cost(24, 25, 43).
cost(24, 26, 36).
cost(24, 27, 42).
cost(24, 28, 44).
cost(25, 1, 35).
cost(25, 2, 4).
cost(25, 3, 51).
cost(25, 4, 15).
cost(25, 5, 4).
cost(25, 6, 92).
cost(25, 7, 59).
cost(25, 8, 41).
cost(25, 9, 83).
cost(25, 10, 31).
cost(25, 11, 26).
cost(25, 12, 45).
cost(25, 13, 87).
cost(25, 14, 81).
cost(25, 15, 77).
cost(25, 16, 68).
cost(25, 17, 37).
cost(25, 18, 67).
cost(25, 19, 17).
cost(25, 20, 70).
cost(25, 21, 35).
cost(25, 22, 78).
cost(25, 23, 42).
cost(25, 24, 43).
cost(25, 26, 43).
cost(25, 27, 36).
cost(25, 28, 4).
cost(26, 1, 20).
cost(26, 2, 45).
cost(26, 3, 30).
cost(26, 4, 33).
cost(26, 5, 41).
cost(26, 6, 50).
cost(26, 7, 62).
cost(26, 8, 42).
cost(26, 9, 41).
cost(26, 10, 33).
cost(26, 11, 24).
cost(26, 12, 18).
cost(26, 13, 45).
cost(26, 14, 39).
cost(26, 15, 56).
cost(26, 16, 52).
cost(26, 17, 6).
cost(26, 18, 64).
cost(26, 19, 48).
cost(26, 20, 31).
cost(26, 21, 35).
cost(26, 22, 65).
cost(26, 23, 30).
cost(26, 24, 36).
cost(26, 25, 43).
cost(26, 27, 11).
cost(26, 28, 46).
cost(27, 1, 10).
cost(27, 2, 38).
cost(27, 3, 39).
cost(27, 4, 24).
cost(27, 5, 34).
cost(27, 6, 59).
cost(27, 7, 67).
cost(27, 8, 46).
cost(27, 9, 51).
cost(27, 10, 22).
cost(27, 11, 14).
cost(27, 12, 11).
cost(27, 13, 54).
cost(27, 14, 48).
cost(27, 15, 66).
cost(27, 16, 61).
cost(27, 17, 9).
cost(27, 18, 71).
cost(27, 19, 45).
cost(27, 20, 34).
cost(27, 21, 39).
cost(27, 22, 73).
cost(27, 23, 36).
cost(27, 24, 42).
cost(27, 25, 36).
cost(27, 26, 11).
cost(27, 28, 40).
cost(28, 1, 40).
cost(28, 2, 6).
cost(28, 3, 53).
cost(28, 4, 19).
cost(28, 5, 7).
cost(28, 6, 95).
cost(28, 7, 58).
cost(28, 8, 42).
cost(28, 9, 86).
cost(28, 10, 35).
cost(28, 11, 30).
cost(28, 12, 49).
cost(28, 13, 91).
cost(28, 14, 85).
cost(28, 15, 79).
cost(28, 16, 69).
cost(28, 17, 41).
cost(28, 18, 66).
cost(28, 19, 15).
cost(28, 20, 75).
cost(28, 21, 36).
cost(28, 22, 79).
cost(28, 23, 44).
cost(28, 24, 44).
cost(28, 25, 4).
cost(28, 26, 46).
cost(28, 27, 40).
