dimension(28).
point(1, 33.9446763599, 72.5679439863).
point(2, 37.1499361112, 8.0500771387).
point(3, 89.88633701, 73.1424681035).
point(4, 40.1331819624, 22.1044355206).
point(5, 81.1154934303, 89.7543900642).
point(6, 51.0788237722, 69.5956148467).
point(7, 79.4107381631, 88.954737948).
point(8, 24.7029411122, 18.5354720941).
point(9, 56.7023147844, 65.2130950754).
point(10, 30.9979086381, 39.2276430933).
point(11, 84.5225805735, 74.4935078972).
point(12, 16.3796616524, 47.8173136733).
point(13, 26.1130331193, 10.2440650404).
point(14, 74.3330907503, 90.7528027974).
point(15, 86.3024231159, 46.7707566823).
point(16, 76.7147332141, 53.5304530711).
point(17, 28.9050586924, 43.8447524125).
point(18, 72.8424318624, 39.0103689577).
point(19, 83.7731870313, 42.6574397241).
point(20, 42.1609822416, 26.3813792745).
point(21, 35.9797688297, 76.8080829464).
point(22, 44.6177508844, 73.4611832804).
point(23, 67.2430792296, 41.9703868663).
point(24, 74.2866904513, 35.0066065845).
point(25, 67.2000291248, 88.6741584543).
point(26, 35.7546549594, 1.8805507087).
point(27, 41.2226211892, 80.5030539649).
point(28, 29.0985561895, 13.9434260604).
cost(1, 2, 65).
cost(1, 3, 56).
cost(1, 4, 51).
cost(1, 5, 50).
cost(1, 6, 17).
cost(1, 7, 48).
cost(1, 8, 55).
cost(1, 9, 24).
cost(1, 10, 33).
cost(1, 11, 51).
cost(1, 12, 30).
cost(1, 13, 63).
cost(1, 14, 44).
cost(1, 15, 58).
cost(1, 16, 47).
cost(1, 17, 29).
cost(1, 18, 51).
cost(1, 19, 58).
cost(1, 20, 47).
cost(1, 21, 5).
cost(1, 22, 11).
cost(1, 23, 45).
cost(1, 24, 55).
cost(1, 25, 37).
cost(1, 26, 71).
cost(1, 27, 11).
cost(1, 28, 59).
cost(2, 1, 65).
cost(2, 3, 84).
cost(2, 4, 14).
cost(2, 5, 93).
cost(2, 6, 63).
cost(2, 7, 91).
cost(2, 8, 16).
cost(2, 9, 60).
cost(2, 10, 32).
cost(2, 11, 82).
cost(2, 12, 45).
cost(2, 13, 11).
cost(2, 14, 91).
cost(2, 15, 63).
cost(2, 16, 60).
cost(2, 17, 37).
cost(2, 18, 47).
cost(2, 19, 58).
cost(2, 20, 19).
cost(2, 21, 69).
cost(2, 22, 66).
cost(2, 23, 45).
cost(2, 24, 46).
cost(2, 25, 86).
cost(2, 26, 6).
cost(2, 27, 73).
cost(2, 28, 10).
cost(3, 1, 56).
cost(3, 2, 84).
cost(3, 4, 71).
cost(3, 5, 19).
cost(3, 6, 39).
cost(3, 7, 19).
cost(3, 8, 85).
cost(3, 9, 34).
cost(3, 10, 68).
cost(3, 11, 6).
cost(3, 12, 78).
cost(3, 13, 90).
cost(3, 14, 23).
cost(3, 15, 27).
cost(3, 16, 24).
cost(3, 17, 68).
cost(3, 18, 38).
cost(3, 19, 31).
cost(3, 20, 67).
cost(3, 21, 54).
cost(3, 22, 45).
cost(3, 23, 39).
cost(3, 24, 41).
cost(3, 25, 27).
cost(3, 26, 89).
cost(3, 27, 49).
cost(3, 28, 85).
cost(4, 1, 51).
cost(4, 2, 14).
cost(4, 3, 71).
cost(4, 5, 79).
cost(4, 6, 49).
cost(4, 7, 78).
cost(4, 8, 16).
cost(4, 9, 46).
cost(4, 10, 19).
cost(4, 11, 69).
cost(4, 12, 35).
cost(4, 13, 18).
cost(4, 14, 77).
cost(4, 15, 52).
cost(4, 16, 48).
cost(4, 17, 24).
cost(4, 18, 37).
cost(4, 19, 48).
cost(4, 20, 5).
cost(4, 21, 55).
cost(4, 22, 52).
cost(4, 23, 34).
cost(4, 24, 37).
cost(4, 25, 72).
cost(4, 26, 21).
cost(4, 27, 58).
cost(4, 28, 14).
cost(5, 1, 50).
cost(5, 2, 93).
cost(5, 3, 19).
cost(5, 4, 79).
cost(5, 6, 36).
cost(5, 7, 2).
cost(5, 8, 91).
cost(5, 9, 35).
cost(5, 10, 71).
cost(5, 11, 16).
cost(5, 12, 77).
cost(5, 13, 97).
cost(5, 14, 7).
cost(5, 15, 43).
cost(5, 16, 36).
cost(5, 17, 70).
cost(5, 18, 51).
cost(5, 19, 47).
cost(5, 20, 74).
cost(5, 21, 47).
cost(5, 22, 40).
cost(5, 23, 50).
cost(5, 24, 55).
cost(5, 25, 14).
cost(5, 26, 99).
cost(5, 27, 41).
cost(5, 28, 92).
cost(6, 1, 17).
cost(6, 2, 63).
cost(6, 3, 39).
cost(6, 4, 49).
cost(6, 5, 36).
cost(6, 7, 34).
cost(6, 8, 57).
cost(6, 9, 7).
cost(6, 10, 36).
cost(6, 11, 34).
cost(6, 12, 41).
cost(6, 13, 64).
cost(6, 14, 31).
cost(6, 15, 42).
cost(6, 16, 30).
cost(6, 17, 34).
cost(6, 18, 38).
cost(6, 19, 42).
cost(6, 20, 44).
cost(6, 21, 17).
cost(6, 22, 8).
cost(6, 23, 32).
cost(6, 24, 42).
cost(6, 25, 25).
cost(6, 26, 69).
cost(6, 27, 15).
cost(6, 28, 60).
cost(7, 1, 48).
cost(7, 2, 91).
cost(7, 3, 19).
cost(7, 4, 78).
cost(7, 5, 2).
cost(7, 6, 34).
cost(7, 8, 89).
cost(7, 9, 33).
cost(7, 10, 69).
cost(7, 11, 15).
cost(7, 12, 75).
cost(7, 13, 95).
cost(7, 14, 5).
cost(7, 15, 43).
cost(7, 16, 36).
cost(7, 17, 68).
cost(7, 18, 50).
cost(7, 19, 47).
cost(7, 20, 73).
cost(7, 21, 45).
cost(7, 22, 38).
cost(7, 23, 49).
cost(7, 24, 54).
cost(7, 25, 12).
cost(7, 26, 97).
cost(7, 27, 39).
cost(7, 28, 90).
cost(8, 1, 55).
cost(8, 2, 16).
cost(8, 3, 85).
cost(8, 4, 16).
cost(8, 5, 91).
cost(8, 6, 57).
cost(8, 7, 89).
cost(8, 9, 57).
cost(8, 10, 22).
cost(8, 11, 82).
cost(8, 12, 30).
cost(8, 13, 8).
cost(8, 14, 88).
cost(8, 15, 68).
cost(8, 16, 63).
cost(8, 17, 26).
cost(8, 18, 52).
cost(8, 19, 64).
cost(8, 20, 19).
cost(8, 21, 59).
cost(8, 22, 58).
cost(8, 23, 49).
cost(8, 24, 52).
cost(8, 25, 82).
cost(8, 26, 20).
cost(8, 27, 64).
cost(8, 28, 6).
cost(9, 1, 24).
cost(9, 2, 60).
cost(9, 3, 34).
cost(9, 4, 46).
cost(9, 5, 35).
cost(9, 6, 7).
cost(9, 7, 33).
cost(9, 8, 57).
cost(9, 10, 37).
cost(9, 11, 29).
cost(9, 12, 44).
cost(9, 13, 63).
cost(9, 14, 31).
cost(9, 15, 35).
cost(9, 16, 23).
cost(9, 17, 35).
cost(9, 18, 31).
cost(9, 19, 35).
cost(9, 20, 41).
cost(9, 21, 24).
cost(9, 22, 15).
cost(9, 23, 26).
cost(9, 24, 35).
cost(9, 25, 26).
cost(9, 26, 67).
cost(9, 27, 22).
cost(9, 28, 58).
cost(10, 1, 33).
cost(10, 2, 32).
cost(10, 3, 68).
cost(10, 4, 19).
cost(10, 5, 71).
cost(10, 6, 36).
cost(10, 7, 69).
cost(10, 8, 22).
cost(10, 9, 37).
cost(10, 11, 64).
cost(10, 12, 17).
cost(10, 13, 29).
cost(10, 14, 67).
cost(10, 15, 56).
cost(10, 16, 48).
cost(10, 17, 5).
cost(10, 18, 42).
cost(10, 19, 53).
cost(10, 20, 17).
cost(10, 21, 38).
cost(10, 22, 37).
cost(10, 23, 36).
cost(10, 24, 43).
cost(10, 25, 61).
cost(10, 26, 38).
cost(10, 27, 43).
cost(10, 28, 25).
cost(11, 1, 51).
cost(11, 2, 82).
cost(11, 3, 6).
cost(11, 4, 69).
cost(11, 5, 16).
cost(11, 6, 34).
cost(11, 7, 15).
cost(11, 8, 82).
cost(11, 9, 29).
cost(11, 10, 64).
cost(11, 12, 73).
cost(11, 13, 87).
cost(11, 14, 19).
cost(11, 15, 28).
cost(11, 16, 22).
cost(11, 17, 64).
cost(11, 18, 37).
cost(11, 19, 32).
cost(11, 20, 64).
cost(11, 21, 49).
cost(11, 22, 40).
cost(11, 23, 37).
cost(11, 24, 41).
cost(11, 25, 22).
cost(11, 26, 87).
cost(11, 27, 44).
cost(11, 28, 82).
cost(12, 1, 30).
cost(12, 2, 45).
cost(12, 3, 78).
cost(12, 4, 35).
cost(12, 5, 77).
cost(12, 6, 41).
cost(12, 7, 75).
cost(12, 8, 30).
cost(12, 9, 44).
cost(12, 10, 17).
cost(12, 11, 73).
cost(12, 13, 39).
cost(12, 14, 72).
cost(12, 15, 70).
cost(12, 16, 61).
cost(12, 17, 13).
cost(12, 18, 57).
cost(12, 19, 68).
cost(12, 20, 34).
cost(12, 21, 35).
cost(12, 22, 38).
cost(12, 23, 51).
cost(12, 24, 59).
cost(12, 25, 65).
cost(12, 26, 50).
cost(12, 27, 41).
cost(12, 28, 36).
cost(13, 1, 63).
cost(13, 2, 11).
cost(13, 3, 90).
cost(13, 4, 18).
cost(13, 5, 97).
cost(13, 6, 64).
cost(13, 7, 95).
cost(13, 8, 8).
cost(13, 9, 63).
cost(13, 10, 29).
cost(13, 11, 87).
cost(13, 12, 39).
cost(13, 14, 94).
cost(13, 15, 70).
cost(13, 16, 67).
cost(13, 17, 34).
cost(13, 18, 55).
cost(13, 19, 66).
cost(13, 20, 23).
cost(13, 21, 67).
cost(13, 22, 66).
cost(13, 23, 52).
cost(13, 24, 54).
cost(13, 25, 89).
cost(13, 26, 13).
cost(13, 27, 72).
cost(13, 28, 5).
cost(14, 1, 44).
cost(14, 2, 91).
cost(14, 3, 23).
cost(14, 4, 77).
cost(14, 5, 7).
cost(14, 6, 31).
cost(14, 7, 5).
cost(14, 8, 88).
cost(14, 9, 31).
cost(14, 10, 67).
cost(14, 11, 19).
cost(14, 12, 72).
cost(14, 13, 94).
cost(14, 15, 46).
cost(14, 16, 37).
cost(14, 17, 65).
cost(14, 18, 52).
cost(14, 19, 49).
cost(14, 20, 72).
cost(14, 21, 41).
cost(14, 22, 34).
cost(14, 23, 49).
cost(14, 24, 56).
cost(14, 25, 7).
cost(14, 26, 97).
cost(14, 27, 35).
cost(14, 28, 89).
cost(15, 1, 58).
cost(15, 2, 63).
cost(15, 3, 27).
cost(15, 4, 52).
cost(15, 5, 43).
cost(15, 6, 42).
cost(15, 7, 43).
cost(15, 8, 68).
cost(15, 9, 35).
cost(15, 10, 56).
cost(15, 11, 28).
cost(15, 12, 70).
cost(15, 13, 70).
cost(15, 14, 46).
cost(15, 16, 12).
cost(15, 17, 57).
cost(15, 18, 16).
cost(15, 19, 5).
cost(15, 20, 49).
cost(15, 21, 59).
cost(15, 22, 49).
cost(15, 23, 20).
cost(15, 24, 17).
cost(15, 25, 46).
cost(15, 26, 68).
cost(15, 27, 56).
cost(15, 28, 66).
cost(16, 1, 47).
cost(16, 2, 60).
cost(16, 3, 24).
cost(16, 4, 48).
cost(16, 5, 36).
cost(16, 6, 30).
cost(16, 7, 36).
cost(16, 8, 63).
cost(16, 9, 23).
cost(16, 10, 48).
cost(16, 11, 22).
cost(16, 12, 61).
cost(16, 13, 67).
cost(16, 14, 37).
cost(16, 15, 12).
cost(16, 17, 49).
cost(16, 18, 15).
cost(16, 19, 13).
cost(16, 20, 44).
cost(16, 21, 47).
cost(16, 22, 38).
cost(16, 23, 15).
cost(16, 24, 19).
cost(16, 25, 36).
cost(16, 26, 66).
cost(16, 27, 45).
cost(16, 28, 62).
cost(17, 1, 29).
cost(17, 2, 37).
cost(17, 3, 68).
cost(17, 4, 24).
cost(17, 5, 70).
cost(17, 6, 34).
cost(17, 7, 68).
cost(17, 8, 26).
cost(17, 9, 35).
cost(17, 10, 5).
cost(17, 11, 64).
cost(17, 12, 13).
cost(17, 13, 34).
cost(17, 14, 65).
cost(17, 15, 57).
cost(17, 16, 49).
cost(17, 18, 44).
cost(17, 19, 55).
cost(17, 20, 22).
cost(17, 21, 34).
cost(17, 22, 34).
cost(17, 23, 38).
cost(17, 24, 46).
cost(17, 25, 59).
cost(17, 26, 43).
cost(17, 27, 39).
cost(17, 28, 30).
cost(18, 1, 51).
cost(18, 2, 47).
cost(18, 3, 38).
cost(18, 4, 37).
cost(18, 5, 51).
cost(18, 6, 38).
cost(18, 7, 50).
cost(18, 8, 52).
cost(18, 9, 31).
cost(18, 10, 42).
cost(18, 11, 37).
cost(18, 12, 57).
cost(18, 13, 55).
cost(18, 14, 52).
cost(18, 15, 16).
cost(18, 16, 15).
cost(18, 17, 44).
cost(18, 19, 12).
cost(18, 20, 33).
cost(18, 21, 53).
cost(18, 22, 45).
cost(18, 23, 6).
cost(18, 24, 4).
cost(18, 25, 50).
cost(18, 26, 52).
cost(18, 27, 52).
cost(18, 28, 50).
cost(19, 1, 58).
cost(19, 2, 58).
cost(19, 3, 31).
cost(19, 4, 48).
cost(19, 5, 47).
cost(19, 6, 42).
cost(19, 7, 47).
cost(19, 8, 64).
cost(19, 9, 35).
cost(19, 10, 53).
cost(19, 11, 32).
cost(19, 12, 68).
cost(19, 13, 66).
cost(19, 14, 49).
cost(19, 15, 5).
cost(19, 16, 13).
cost(19, 17, 55).
cost(19, 18, 12).
cost(19, 20, 45).
cost(19, 21, 59).
cost(19, 22, 50).
cost(19, 23, 17).
cost(19, 24, 12).
cost(19, 25, 49).
cost(19, 26, 63).
cost(19, 27, 57).
cost(19, 28, 62).
cost(20, 1, 47).
cost(20, 2, 19).
cost(20, 3, 67).
cost(20, 4, 5).
cost(20, 5, 74).
cost(20, 6, 44).
cost(20, 7, 73).
cost(20, 8, 19).
cost(20, 9, 41).
cost(20, 10, 17).
cost(20, 11, 64).
cost(20, 12, 34).
cost(20, 13, 23).
cost(20, 14, 72).
cost(20, 15, 49).
cost(20, 16, 44).
cost(20, 17, 22).
cost(20, 18, 33).
cost(20, 19, 45).
cost(20, 21, 51).
cost(20, 22, 47).
cost(20, 23, 30).
cost(20, 24, 33).
cost(20, 25, 67).
cost(20, 26, 25).
cost(20, 27, 54).
cost(20, 28, 18).
cost(21, 1, 5).
cost(21, 2, 69).
cost(21, 3, 54).
cost(21, 4, 55).
cost(21, 5, 47).
cost(21, 6, 17).
cost(21, 7, 45).
cost(21, 8, 59).
cost(21, 9, 24).
cost(21, 10, 38).
cost(21, 11, 49).
cost(21, 12, 35).
cost(21, 13, 67).
cost(21, 14, 41).
cost(21, 15, 59).
cost(21, 16, 47).
cost(21, 17, 34).
cost(21, 18, 53).
cost(21, 19, 59).
cost(21, 20, 51).
cost(21, 22, 9).
cost(21, 23, 47).
cost(21, 24, 57).
cost(21, 25, 33).
cost(21, 26, 75).
cost(21, 27, 6).
cost(21, 28, 63).
cost(22, 1, 11).
cost(22, 2, 66).
cost(22, 3, 45).
cost(22, 4, 52).
cost(22, 5, 40).
cost(22, 6, 8).
cost(22, 7, 38).
cost(22, 8, 58).
cost(22, 9, 15).
cost(22, 10, 37).
cost(22, 11, 40).
cost(22, 12, 38).
cost(22, 13, 66).
cost(22, 14, 34).
cost(22, 15, 49).
cost(22, 16, 38).
cost(22, 17, 34).
cost(22, 18, 45).
cost(22, 19, 50).
cost(22, 20, 47).
cost(22, 21, 9).
cost(22, 23, 39).
cost(22, 24, 49).
cost(22, 25, 27).
cost(22, 26, 72).
cost(22, 27, 8).
cost(22, 28, 62).
cost(23, 1, 45).
cost(23, 2, 45).
cost(23, 3, 39).
cost(23, 4, 34).
cost(23, 5, 50).
cost(23, 6, 32).
cost(23, 7, 49).
cost(23, 8, 49).
cost(23, 9, 26).
cost(23, 10, 36).
cost(23, 11, 37).
cost(23, 12, 51).
cost(23, 13, 52).
cost(23, 14, 49).
cost(23, 15, 20).
cost(23, 16, 15).
cost(23, 17, 38).
cost(23, 18, 6).
cost(23, 19, 17).
cost(23, 20, 30).
cost(23, 21, 47).
cost(23, 22, 39).
cost(23, 24, 10).
cost(23, 25, 47).
cost(23, 26, 51).
cost(23, 27, 46).
cost(23, 28, 47).
cost(24, 1, 55).
cost(24, 2, 46).
cost(24, 3, 41).
cost(24, 4, 37).
cost(24, 5, 55).
cost(24, 6, 42).
cost(24, 7, 54).
cost(24, 8, 52).
cost(24, 9, 35).
cost(24, 10, 43).
cost(24, 11, 41).
cost(24, 12, 59).
cost(24, 13, 54).
cost(24, 14, 56).
cost(24, 15, 17).
cost(24, 16, 19).
cost(24, 17, 46).
cost(24, 18, 4).
cost(24, 19, 12).
cost(24, 20, 33).
cost(24, 21, 57).
cost(24, 22, 49).
cost(24, 23, 10).
cost(24, 25, 54).
cost(24, 26, 51).
cost(24, 27, 56).
cost(24, 28, 50).
cost(25, 1, 37).
cost(25, 2, 86).
cost(25, 3, 27).
cost(25, 4, 72).
cost(25, 5, 14).
cost(25, 6, 25).
cost(25, 7, 12).
cost(25, 8, 82).
cost(25, 9, 26).
cost(25, 10, 61).
cost(25, 11, 22).
cost(25, 12, 65).
cost(25, 13, 89).
cost(25, 14, 7).
cost(25, 15, 46).
cost(25, 16, 36).
cost(25, 17, 59).
cost(25, 18, 50).
cost(25, 19, 49).
cost(25, 20, 67).
cost(25, 21, 33).
cost(25, 22, 27).
cost(25, 23, 47).
cost(25, 24, 54).
cost(25, 26, 92).
cost(25, 27, 27).
cost(25, 28, 84).
cost(26, 1, 71).
cost(26, 2, 6).
cost(26, 3, 89).
cost(26, 4, 21).
cost(26, 5, 99).
cost(26, 6, 69).
cost(26, 7, 97).
cost(26, 8, 20).
cost(26, 9, 67).
cost(26, 10, 38).
cost(26, 11, 87).
cost(26, 12, 50).
cost(26, 13, 13).
cost(26, 14, 97).
cost(26, 15, 68).
cost(26, 16, 66).
cost(26, 17, 43).
cost(26, 18, 52).
cost(26, 19, 63).
cost(26, 20, 25).
cost(26, 21, 75).
cost(26, 22, 72).
cost(26, 23, 51).
cost(26, 24, 51).
cost(26, 25, 92).
cost(26, 27, 79).
cost(26, 28, 14).
cost(27, 1, 11).
cost(27, 2, 73).
cost(27, 3, 49).
cost(27, 4, 58).
cost(27, 5, 41).
cost(27, 6, 15).
cost(27, 7, 39).
cost(27, 8, 64).
cost(27, 9, 22).
cost(27, 10, 43).
cost(27, 11, 44).
cost(27, 12, 41).
cost(27, 13, 72).
cost(27, 14, 35).
cost(27, 15, 56).
cost(27, 16, 45).
cost(27, 17, 39).
cost(27, 18, 52).
cost(27, 19, 57).
cost(27, 20, 54).
cost(27, 21, 6).
cost(27, 22, 8).
cost(27, 23, 46).
cost(27, 24, 56).
cost(27, 25, 27).
cost(27, 26, 79).
cost(27, 28, 68).
cost(28, 1, 59).
cost(28, 2, 10).
cost(28, 3, 85).
cost(28, 4, 14).
cost(28, 5, 92).
cost(28, 6, 60).
cost(28, 7, 90).
cost(28, 8, 6).
cost(28, 9, 58).
cost(28, 10, 25).
cost(28, 11, 82).
cost(28, 12, 36).
cost(28, 13, 5).
cost(28, 14, 89).
cost(28, 15, 66).
cost(28, 16, 62).
cost(28, 17, 30).
cost(28, 18, 50).
cost(28, 19, 62).
cost(28, 20, 18).
cost(28, 21, 63).
cost(28, 22, 62).
cost(28, 23, 47).
cost(28, 24, 50).
cost(28, 25, 84).
cost(28, 26, 14).
cost(28, 27, 68).
