dimension(28).
point(1, 19.8039921501, 70.136142663).
point(2, 79.4632548848, 21.5005283313).
point(3, 38.5696299084, 2.5957479965).
point(4, 17.5572630053, 14.3768277681).
point(5, 80.0777384818, 74.0014121656).
point(6, 81.4396772953, 79.9155075837).
point(7, 17.8466458944, 43.9838308097).
point(8, 88.2611542638, 48.9578069158).
point(9, 52.4476293284, 83.6456112108).
point(10, 40.6183207584, 32.3624668541).
point(11, 60.0410353315, 66.8884868245).
point(12, 22.0162387879, 13.8275857711).
point(13, 71.7739534131, 91.2515252389).
point(14, 19.8457754953, 22.4656268678).
point(15, 28.0973670398, 9.3698732792).
point(16, 89.4298559611, 18.7509377336).
point(17, 85.0524983636, 85.4726921668).
point(18, 22.7304025285, 58.6417096232).
point(19, 50.9009941392, 93.9393314274).
point(20, 9.6106646096, 21.8367525863).
point(21, 72.7447336391, 43.6168808209).
point(22, 47.9911525787, 80.5757155592).
point(23, 88.0844241883, 9.8123914725).
point(24, 14.5191682462, 3.0719193553).
point(25, 36.674229467, 57.7306503802).
point(26, 55.6241823548, 89.2388359948).
point(27, 14.3590883766, 18.8479224888).
point(28, 50.1938150251, 76.4716869232).
cost(1, 2, 77).
cost(1, 3, 70).
cost(1, 4, 56).
cost(1, 5, 60).
cost(1, 6, 62).
cost(1, 7, 26).
cost(1, 8, 72).
cost(1, 9, 35).
cost(1, 10, 43).
cost(1, 11, 40).
cost(1, 12, 56).
cost(1, 13, 56).
cost(1, 14, 48).
cost(1, 15, 61).
cost(1, 16, 87).
cost(1, 17, 67).
cost(1, 18, 12).
cost(1, 19, 39).
cost(1, 20, 49).
cost(1, 21, 59).
cost(1, 22, 30).
cost(1, 23, 91).
cost(1, 24, 67).
cost(1, 25, 21).
cost(1, 26, 41).
cost(1, 27, 52).
cost(1, 28, 31).
cost(2, 1, 77).
cost(2, 3, 45).
cost(2, 4, 62).
cost(2, 5, 53).
cost(2, 6, 58).
cost(2, 7, 66).
cost(2, 8, 29).
cost(2, 9, 68).
cost(2, 10, 40).
cost(2, 11, 49).
cost(2, 12, 58).
cost(2, 13, 70).
cost(2, 14, 60).
cost(2, 15, 53).
cost(2, 16, 10).
cost(2, 17, 64).
cost(2, 18, 68).
cost(2, 19, 78).
cost(2, 20, 70).
cost(2, 21, 23).
cost(2, 22, 67).
cost(2, 23, 15).
cost(2, 24, 68).
cost(2, 25, 56).
cost(2, 26, 72).
cost(2, 27, 65).
cost(2, 28, 62).
cost(3, 1, 70).
cost(3, 2, 45).
cost(3, 4, 24).
cost(3, 5, 83).
cost(3, 6, 88).
cost(3, 7, 46).
cost(3, 8, 68).
cost(3, 9, 82).
cost(3, 10, 30).
cost(3, 11, 68).
cost(3, 12, 20).
cost(3, 13, 95).
cost(3, 14, 27).
cost(3, 15, 12).
cost(3, 16, 53).
cost(3, 17, 95).
cost(3, 18, 58).
cost(3, 19, 92).
cost(3, 20, 35).
cost(3, 21, 53).
cost(3, 22, 79).
cost(3, 23, 50).
cost(3, 24, 24).
cost(3, 25, 55).
cost(3, 26, 88).
cost(3, 27, 29).
cost(3, 28, 75).
cost(4, 1, 56).
cost(4, 2, 62).
cost(4, 3, 24).
cost(4, 5, 86).
cost(4, 6, 92).
cost(4, 7, 30).
cost(4, 8, 79).
cost(4, 9, 78).
cost(4, 10, 29).
cost(4, 11, 68).
cost(4, 12, 4).
cost(4, 13, 94).
cost(4, 14, 8).
cost(4, 15, 12).
cost(4, 16, 72).
cost(4, 17, 98).
cost(4, 18, 45).
cost(4, 19, 86).
cost(4, 20, 11).
cost(4, 21, 62).
cost(4, 22, 73).
cost(4, 23, 71).
cost(4, 24, 12).
cost(4, 25, 47).
cost(4, 26, 84).
cost(4, 27, 5).
cost(4, 28, 70).
cost(5, 1, 60).
cost(5, 2, 53).
cost(5, 3, 83).
cost(5, 4, 86).
cost(5, 6, 6).
cost(5, 7, 69).
cost(5, 8, 26).
cost(5, 9, 29).
cost(5, 10, 57).
cost(5, 11, 21).
cost(5, 12, 84).
cost(5, 13, 19).
cost(5, 14, 79).
cost(5, 15, 83).
cost(5, 16, 56).
cost(5, 17, 13).
cost(5, 18, 59).
cost(5, 19, 35).
cost(5, 20, 88).
cost(5, 21, 31).
cost(5, 22, 33).
cost(5, 23, 65).
cost(5, 24, 97).
cost(5, 25, 46).
cost(5, 26, 29).
cost(5, 27, 86).
cost(5, 28, 30).
cost(6, 1, 62).
cost(6, 2, 58).
cost(6, 3, 88).
cost(6, 4, 92).
cost(6, 5, 6).
cost(6, 7, 73).
cost(6, 8, 32).
cost(6, 9, 29).
cost(6, 10, 63).
cost(6, 11, 25).
cost(6, 12, 89).
cost(6, 13, 15).
cost(6, 14, 84).
cost(6, 15, 88).
cost(6, 16, 62).
cost(6, 17, 7).
cost(6, 18, 62).
cost(6, 19, 34).
cost(6, 20, 92).
cost(6, 21, 37).
cost(6, 22, 33).
cost(6, 23, 70).
cost(6, 24, 102).
cost(6, 25, 50).
cost(6, 26, 27).
cost(6, 27, 91).
cost(6, 28, 31).
cost(7, 1, 26).
cost(7, 2, 66).
cost(7, 3, 46).
cost(7, 4, 30).
cost(7, 5, 69).
cost(7, 6, 73).
cost(7, 8, 71).
cost(7, 9, 53).
cost(7, 10, 26).
cost(7, 11, 48).
cost(7, 12, 30).
cost(7, 13, 72).
cost(7, 14, 22).
cost(7, 15, 36).
cost(7, 16, 76).
cost(7, 17, 79).
cost(7, 18, 15).
cost(7, 19, 60).
cost(7, 20, 24).
cost(7, 21, 55).
cost(7, 22, 47).
cost(7, 23, 78).
cost(7, 24, 41).
cost(7, 25, 23).
cost(7, 26, 59).
cost(7, 27, 25).
cost(7, 28, 46).
cost(8, 1, 72).
cost(8, 2, 29).
cost(8, 3, 68).
cost(8, 4, 79).
cost(8, 5, 26).
cost(8, 6, 32).
cost(8, 7, 71).
cost(8, 9, 50).
cost(8, 10, 50).
cost(8, 11, 33).
cost(8, 12, 75).
cost(8, 13, 45).
cost(8, 14, 73).
cost(8, 15, 72).
cost(8, 16, 30).
cost(8, 17, 37).
cost(8, 18, 66).
cost(8, 19, 58).
cost(8, 20, 83).
cost(8, 21, 16).
cost(8, 22, 51).
cost(8, 23, 39).
cost(8, 24, 87).
cost(8, 25, 52).
cost(8, 26, 52).
cost(8, 27, 80).
cost(8, 28, 47).
cost(9, 1, 35).
cost(9, 2, 68).
cost(9, 3, 82).
cost(9, 4, 78).
cost(9, 5, 29).
cost(9, 6, 29).
cost(9, 7, 53).
cost(9, 8, 50).
cost(9, 10, 53).
cost(9, 11, 18).
cost(9, 12, 76).
cost(9, 13, 21).
cost(9, 14, 69).
cost(9, 15, 78).
cost(9, 16, 75).
cost(9, 17, 33).
cost(9, 18, 39).
cost(9, 19, 10).
cost(9, 20, 75).
cost(9, 21, 45).
cost(9, 22, 5).
cost(9, 23, 82).
cost(9, 24, 89).
cost(9, 25, 30).
cost(9, 26, 6).
cost(9, 27, 75).
cost(9, 28, 8).
cost(10, 1, 43).
cost(10, 2, 40).
cost(10, 3, 30).
cost(10, 4, 29).
cost(10, 5, 57).
cost(10, 6, 63).
cost(10, 7, 26).
cost(10, 8, 50).
cost(10, 9, 53).
cost(10, 11, 40).
cost(10, 12, 26).
cost(10, 13, 67).
cost(10, 14, 23).
cost(10, 15, 26).
cost(10, 16, 51).
cost(10, 17, 69).
cost(10, 18, 32).
cost(10, 19, 62).
cost(10, 20, 33).
cost(10, 21, 34).
cost(10, 22, 49).
cost(10, 23, 53).
cost(10, 24, 39).
cost(10, 25, 26).
cost(10, 26, 59).
cost(10, 27, 30).
cost(10, 28, 45).
cost(11, 1, 40).
cost(11, 2, 49).
cost(11, 3, 68).
cost(11, 4, 68).
cost(11, 5, 21).
cost(11, 6, 25).
cost(11, 7, 48).
cost(11, 8, 33).
cost(11, 9, 18).
cost(11, 10, 40).
cost(11, 12, 65).
cost(11, 13, 27).
cost(11, 14, 60).
cost(11, 15, 66).
cost(11, 16, 56).
cost(11, 17, 31).
cost(11, 18, 38).
cost(11, 19, 29).
cost(11, 20, 68).
cost(11, 21, 27).
cost(11, 22, 18).
cost(11, 23, 64).
cost(11, 24, 78).
cost(11, 25, 25).
cost(11, 26, 23).
cost(11, 27, 66).
cost(11, 28, 14).
cost(12, 1, 56).
cost(12, 2, 58).
cost(12, 3, 20).
cost(12, 4, 4).
cost(12, 5, 84).
cost(12, 6, 89).
cost(12, 7, 30).
cost(12, 8, 75).
cost(12, 9, 76).
cost(12, 10, 26).
cost(12, 11, 65).
cost(12, 13, 92).
cost(12, 14, 9).
cost(12, 15, 8).
cost(12, 16, 68).
cost(12, 17, 95).
cost(12, 18, 45).
cost(12, 19, 85).
cost(12, 20, 15).
cost(12, 21, 59).
cost(12, 22, 72).
cost(12, 23, 66).
cost(12, 24, 13).
cost(12, 25, 46).
cost(12, 26, 83).
cost(12, 27, 9).
cost(12, 28, 69).
cost(13, 1, 56).
cost(13, 2, 70).
cost(13, 3, 95).
cost(13, 4, 94).
cost(13, 5, 19).
cost(13, 6, 15).
cost(13, 7, 72).
cost(13, 8, 45).
cost(13, 9, 21).
cost(13, 10, 67).
cost(13, 11, 27).
cost(13, 12, 92).
cost(13, 14, 86).
cost(13, 15, 93).
cost(13, 16, 75).
cost(13, 17, 14).
cost(13, 18, 59).
cost(13, 19, 21).
cost(13, 20, 93).
cost(13, 21, 48).
cost(13, 22, 26).
cost(13, 23, 83).
cost(13, 24, 105).
cost(13, 25, 49).
cost(13, 26, 16).
cost(13, 27, 92).
cost(13, 28, 26).
cost(14, 1, 48).
cost(14, 2, 60).
cost(14, 3, 27).
cost(14, 4, 8).
cost(14, 5, 79).
cost(14, 6, 84).
cost(14, 7, 22).
cost(14, 8, 73).
cost(14, 9, 69).
cost(14, 10, 23).
cost(14, 11, 60).
cost(14, 12, 9).
cost(14, 13, 86).
cost(14, 15, 15).
cost(14, 16, 70).
cost(14, 17, 91).
cost(14, 18, 36).
cost(14, 19, 78).
cost(14, 20, 10).
cost(14, 21, 57).
cost(14, 22, 65).
cost(14, 23, 69).
cost(14, 24, 20).
cost(14, 25, 39).
cost(14, 26, 76).
cost(14, 27, 7).
cost(14, 28, 62).
cost(15, 1, 61).
cost(15, 2, 53).
cost(15, 3, 12).
cost(15, 4, 12).
cost(15, 5, 83).
cost(15, 6, 88).
cost(15, 7, 36).
cost(15, 8, 72).
cost(15, 9, 78).
cost(15, 10, 26).
cost(15, 11, 66).
cost(15, 12, 8).
cost(15, 13, 93).
cost(15, 14, 15).
cost(15, 16, 62).
cost(15, 17, 95).
cost(15, 18, 50).
cost(15, 19, 88).
cost(15, 20, 22).
cost(15, 21, 56).
cost(15, 22, 74).
cost(15, 23, 60).
cost(15, 24, 15).
cost(15, 25, 49).
cost(15, 26, 84).
cost(15, 27, 17).
cost(15, 28, 71).
cost(16, 1, 87).
cost(16, 2, 10).
cost(16, 3, 53).
cost(16, 4, 72).
cost(16, 5, 56).
cost(16, 6, 62).
cost(16, 7, 76).
cost(16, 8, 30).
cost(16, 9, 75).
cost(16, 10, 51).
cost(16, 11, 56).
cost(16, 12, 68).
cost(16, 13, 75).
cost(16, 14, 70).
cost(16, 15, 62).
cost(16, 17, 67).
cost(16, 18, 78).
cost(16, 19, 84).
cost(16, 20, 80).
cost(16, 21, 30).
cost(16, 22, 74).
cost(16, 23, 9).
cost(16, 24, 77).
cost(16, 25, 66).
cost(16, 26, 78).
cost(16, 27, 75).
cost(16, 28, 70).
cost(17, 1, 67).
cost(17, 2, 64).
cost(17, 3, 95).
cost(17, 4, 98).
cost(17, 5, 13).
cost(17, 6, 7).
cost(17, 7, 79).
cost(17, 8, 37).
cost(17, 9, 33).
cost(17, 10, 69).
cost(17, 11, 31).
cost(17, 12, 95).
cost(17, 13, 14).
cost(17, 14, 91).
cost(17, 15, 95).
cost(17, 16, 67).
cost(17, 18, 68).
cost(17, 19, 35).
cost(17, 20, 99).
cost(17, 21, 44).
cost(17, 22, 37).
cost(17, 23, 76).
cost(17, 24, 108).
cost(17, 25, 56).
cost(17, 26, 30).
cost(17, 27, 97).
cost(17, 28, 36).
cost(18, 1, 12).
cost(18, 2, 68).
cost(18, 3, 58).
cost(18, 4, 45).
cost(18, 5, 59).
cost(18, 6, 62).
cost(18, 7, 15).
cost(18, 8, 66).
cost(18, 9, 39).
cost(18, 10, 32).
cost(18, 11, 38).
cost(18, 12, 45).
cost(18, 13, 59).
cost(18, 14, 36).
cost(18, 15, 50).
cost(18, 16, 78).
cost(18, 17, 68).
cost(18, 19, 45).
cost(18, 20, 39).
cost(18, 21, 52).
cost(18, 22, 33).
cost(18, 23, 82).
cost(18, 24, 56).
cost(18, 25, 14).
cost(18, 26, 45).
cost(18, 27, 41).
cost(18, 28, 33).
cost(19, 1, 39).
cost(19, 2, 78).
cost(19, 3, 92).
cost(19, 4, 86).
cost(19, 5, 35).
cost(19, 6, 34).
cost(19, 7, 60).
cost(19, 8, 58).
cost(19, 9, 10).
cost(19, 10, 62).
cost(19, 11, 29).
cost(19, 12, 85).
cost(19, 13, 21).
cost(19, 14, 78).
cost(19, 15, 88).
cost(19, 16, 84).
cost(19, 17, 35).
cost(19, 18, 45).
cost(19, 20, 83).
cost(19, 21, 55).
cost(19, 22, 14).
cost(19, 23, 92).
cost(19, 24, 98).
cost(19, 25, 39).
cost(19, 26, 7).
cost(19, 27, 84).
cost(19, 28, 17).
cost(20, 1, 49).
cost(20, 2, 70).
cost(20, 3, 35).
cost(20, 4, 11).
cost(20, 5, 88).
cost(20, 6, 92).
cost(20, 7, 24).
cost(20, 8, 83).
cost(20, 9, 75).
cost(20, 10, 33).
cost(20, 11, 68).
cost(20, 12, 15).
cost(20, 13, 93).
cost(20, 14, 10).
cost(20, 15, 22).
cost(20, 16, 80).
cost(20, 17, 99).
cost(20, 18, 39).
cost(20, 19, 83).
cost(20, 21, 67).
cost(20, 22, 70).
cost(20, 23, 79).
cost(20, 24, 19).
cost(20, 25, 45).
cost(20, 26, 82).
cost(20, 27, 6).
cost(20, 28, 68).
cost(21, 1, 59).
cost(21, 2, 23).
cost(21, 3, 53).
cost(21, 4, 62).
cost(21, 5, 31).
cost(21, 6, 37).
cost(21, 7, 55).
cost(21, 8, 16).
cost(21, 9, 45).
cost(21, 10, 34).
cost(21, 11, 27).
cost(21, 12, 59).
cost(21, 13, 48).
cost(21, 14, 57).
cost(21, 15, 56).
cost(21, 16, 30).
cost(21, 17, 44).
cost(21, 18, 52).
cost(21, 19, 55).
cost(21, 20, 67).
cost(21, 22, 44).
cost(21, 23, 37).
cost(21, 24, 71).
cost(21, 25, 39).
cost(21, 26, 49).
cost(21, 27, 63).
cost(21, 28, 40).
cost(22, 1, 30).
cost(22, 2, 67).
cost(22, 3, 79).
cost(22, 4, 73).
cost(22, 5, 33).
cost(22, 6, 33).
cost(22, 7, 47).
cost(22, 8, 51).
cost(22, 9, 5).
cost(22, 10, 49).
cost(22, 11, 18).
cost(22, 12, 72).
cost(22, 13, 26).
cost(22, 14, 65).
cost(22, 15, 74).
cost(22, 16, 74).
cost(22, 17, 37).
cost(22, 18, 33).
cost(22, 19, 14).
cost(22, 20, 70).
cost(22, 21, 44).
cost(22, 23, 81).
cost(22, 24, 84).
cost(22, 25, 25).
cost(22, 26, 12).
cost(22, 27, 70).
cost(22, 28, 5).
cost(23, 1, 91).
cost(23, 2, 15).
cost(23, 3, 50).
cost(23, 4, 71).
cost(23, 5, 65).
cost(23, 6, 70).
cost(23, 7, 78).
cost(23, 8, 39).
cost(23, 9, 82).
cost(23, 10, 53).
cost(23, 11, 64).
cost(23, 12, 66).
cost(23, 13, 83).
cost(23, 14, 69).
cost(23, 15, 60).
cost(23, 16, 9).
cost(23, 17, 76).
cost(23, 18, 82).
cost(23, 19, 92).
cost(23, 20, 79).
cost(23, 21, 37).
cost(23, 22, 81).
cost(23, 24, 74).
cost(23, 25, 70).
cost(23, 26, 86).
cost(23, 27, 74).
cost(23, 28, 77).
cost(24, 1, 67).
cost(24, 2, 68).
cost(24, 3, 24).
cost(24, 4, 12).
cost(24, 5, 97).
cost(24, 6, 102).
cost(24, 7, 41).
cost(24, 8, 87).
cost(24, 9, 89).
cost(24, 10, 39).
cost(24, 11, 78).
cost(24, 12, 13).
cost(24, 13, 105).
cost(24, 14, 20).
cost(24, 15, 15).
cost(24, 16, 77).
cost(24, 17, 108).
cost(24, 18, 56).
cost(24, 19, 98).
cost(24, 20, 19).
cost(24, 21, 71).
cost(24, 22, 84).
cost(24, 23, 74).
cost(24, 25, 59).
cost(24, 26, 95).
cost(24, 27, 16).
cost(24, 28, 82).
cost(25, 1, 21).
cost(25, 2, 56).
cost(25, 3, 55).
cost(25, 4, 47).
cost(25, 5, 46).
cost(25, 6, 50).
cost(25, 7, 23).
cost(25, 8, 52).
cost(25, 9, 30).
cost(25, 10, 26).
cost(25, 11, 25).
cost(25, 12, 46).
cost(25, 13, 49).
cost(25, 14, 39).
cost(25, 15, 49).
cost(25, 16, 66).
cost(25, 17, 56).
cost(25, 18, 14).
cost(25, 19, 39).
cost(25, 20, 45).
cost(25, 21, 39).
cost(25, 22, 25).
cost(25, 23, 70).
cost(25, 24, 59).
cost(25, 26, 37).
cost(25, 27, 45).
cost(25, 28, 23).
cost(26, 1, 41).
cost(26, 2, 72).
cost(26, 3, 88).
cost(26, 4, 84).
cost(26, 5, 29).
cost(26, 6, 27).
cost(26, 7, 59).
cost(26, 8, 52).
cost(26, 9, 6).
cost(26, 10, 59).
cost(26, 11, 23).
cost(26, 12, 83).
cost(26, 13, 16).
cost(26, 14, 76).
cost(26, 15, 84).
cost(26, 16, 78).
cost(26, 17, 30).
cost(26, 18, 45).
cost(26, 19, 7).
cost(26, 20, 82).
cost(26, 21, 49).
cost(26, 22, 12).
cost(26, 23, 86).
cost(26, 24, 95).
cost(26, 25, 37).
cost(26, 27, 82).
cost(26, 28, 14).
cost(27, 1, 52).
cost(27, 2, 65).
cost(27, 3, 29).
cost(27, 4, 5).
cost(27, 5, 86).
cost(27, 6, 91).
cost(27, 7, 25).
cost(27, 8, 80).
cost(27, 9, 75).
cost(27, 10, 30).
cost(27, 11, 66).
cost(27, 12, 9).
cost(27, 13, 92).
cost(27, 14, 7).
cost(27, 15, 17).
cost(27, 16, 75).
cost(27, 17, 97).
cost(27, 18, 41).
cost(27, 19, 84).
cost(27, 20, 6).
cost(27, 21, 63).
cost(27, 22, 70).
cost(27, 23, 74).
cost(27, 24, 16).
cost(27, 25, 45).
cost(27, 26, 82).
cost(27, 28, 68).
cost(28, 1, 31).
cost(28, 2, 62).
cost(28, 3, 75).
cost(28, 4, 70).
cost(28, 5, 30).
cost(28, 6, 31).
cost(28, 7, 46).
cost(28, 8, 47).
cost(28, 9, 8).
cost(28, 10, 45).
cost(28, 11, 14).
cost(28, 12, 69).
cost(28, 13, 26).
cost(28, 14, 62).
cost(28, 15, 71).
cost(28, 16, 70).
cost(28, 17, 36).
cost(28, 18, 33).
cost(28, 19, 17).
cost(28, 20, 68).
cost(28, 21, 40).
cost(28, 22, 5).
cost(28, 23, 77).
cost(28, 24, 82).
cost(28, 25, 23).
cost(28, 26, 14).
cost(28, 27, 68).
