dimension(28).
point(1, 61.0879966657, 92.1446776946).
point(2, 19.4735656103, 44.9059438715).
point(3, 96.4491262801, 62.7111756483).
point(4, 63.6691387775, 27.2515356686).
point(5, 36.2139884818, 44.0506972646).
point(6, 79.481420683, 17.6924907713).
point(7, 72.2306050865, 42.6182302012).
point(8, 23.311699548, 57.0170223828).
point(9, 63.2636500403, 14.9378559498).
point(10, 85.9862437253, 61.1323358049).
point(11, 7.7607648272, 24.3193722347).
point(12, 64.7197918141, 80.5864106145).
point(13, 54.4177457515, 86.5314880408).
point(14, 65.5077596471, 39.4177171082).
point(15, 91.1172434647, 87.7916654958).
point(16, 77.740316545, 26.1419754899).
point(17, 39.6606769022, 34.7589819118).
point(18, 81.6992792388, 36.0982632734).
point(19, 10.2533461381, 26.9610363087).
point(20, 81.9090544172, 77.5168438059).
point(21, 86.1726645015, 82.3172335859).
point(22, 66.0253357111, 10.2238338776).
point(23, 33.1380586287, 54.7516990749).
point(24, 3.6383092353, 44.9055579692).
point(25, 58.2706665954, 78.570211714).
point(26, 64.1037419863, 92.5604743439).
point(27, 10.3238992131, 22.2147261518).
point(28, 8.6936370106, 56.305924378).
cost(1, 2, 63).
cost(1, 3, 46).
cost(1, 4, 65).
cost(1, 5, 54).
cost(1, 6, 77).
cost(1, 7, 51).
cost(1, 8, 52).
cost(1, 9, 77).
cost(1, 10, 40).
cost(1, 11, 86).
cost(1, 12, 12).
cost(1, 13, 9).
cost(1, 14, 53).
cost(1, 15, 30).
cost(1, 16, 68).
cost(1, 17, 61).
cost(1, 18, 60).
cost(1, 19, 83).
cost(1, 20, 25).
cost(1, 21, 27).
cost(1, 22, 82).
cost(1, 23, 47).
cost(1, 24, 74).
cost(1, 25, 14).
cost(1, 26, 3).
cost(1, 27, 86).
cost(1, 28, 63).
cost(2, 1, 63).
cost(2, 3, 79).
cost(2, 4, 48).
cost(2, 5, 17).
cost(2, 6, 66).
cost(2, 7, 53).
cost(2, 8, 13).
cost(2, 9, 53).
cost(2, 10, 68).
cost(2, 11, 24).
cost(2, 12, 58).
cost(2, 13, 54).
cost(2, 14, 46).
cost(2, 15, 83).
cost(2, 16, 61).
cost(2, 17, 23).
cost(2, 18, 63).
cost(2, 19, 20).
cost(2, 20, 70).
cost(2, 21, 76).
cost(2, 22, 58).
cost(2, 23, 17).
cost(2, 24, 16).
cost(2, 25, 51).
cost(2, 26, 65).
cost(2, 27, 24).
cost(2, 28, 16).
cost(3, 1, 46).
cost(3, 2, 79).
cost(3, 4, 48).
cost(3, 5, 63).
cost(3, 6, 48).
cost(3, 7, 31).
cost(3, 8, 73).
cost(3, 9, 58).
cost(3, 10, 11).
cost(3, 11, 97).
cost(3, 12, 36).
cost(3, 13, 48).
cost(3, 14, 39).
cost(3, 15, 26).
cost(3, 16, 41).
cost(3, 17, 63).
cost(3, 18, 30).
cost(3, 19, 93).
cost(3, 20, 21).
cost(3, 21, 22).
cost(3, 22, 61).
cost(3, 23, 64).
cost(3, 24, 95).
cost(3, 25, 41).
cost(3, 26, 44).
cost(3, 27, 95).
cost(3, 28, 88).
cost(4, 1, 65).
cost(4, 2, 48).
cost(4, 3, 48).
cost(4, 5, 32).
cost(4, 6, 18).
cost(4, 7, 18).
cost(4, 8, 50).
cost(4, 9, 12).
cost(4, 10, 41).
cost(4, 11, 56).
cost(4, 12, 53).
cost(4, 13, 60).
cost(4, 14, 12).
cost(4, 15, 66).
cost(4, 16, 14).
cost(4, 17, 25).
cost(4, 18, 20).
cost(4, 19, 53).
cost(4, 20, 53).
cost(4, 21, 59).
cost(4, 22, 17).
cost(4, 23, 41).
cost(4, 24, 63).
cost(4, 25, 52).
cost(4, 26, 65).
cost(4, 27, 54).
cost(4, 28, 62).
cost(5, 1, 54).
cost(5, 2, 17).
cost(5, 3, 63).
cost(5, 4, 32).
cost(5, 6, 51).
cost(5, 7, 36).
cost(5, 8, 18).
cost(5, 9, 40).
cost(5, 10, 53).
cost(5, 11, 35).
cost(5, 12, 46).
cost(5, 13, 46).
cost(5, 14, 30).
cost(5, 15, 70).
cost(5, 16, 45).
cost(5, 17, 10).
cost(5, 18, 46).
cost(5, 19, 31).
cost(5, 20, 57).
cost(5, 21, 63).
cost(5, 22, 45).
cost(5, 23, 11).
cost(5, 24, 33).
cost(5, 25, 41).
cost(5, 26, 56).
cost(5, 27, 34).
cost(5, 28, 30).
cost(6, 1, 77).
cost(6, 2, 66).
cost(6, 3, 48).
cost(6, 4, 18).
cost(6, 5, 51).
cost(6, 7, 26).
cost(6, 8, 69).
cost(6, 9, 16).
cost(6, 10, 44).
cost(6, 11, 72).
cost(6, 12, 65).
cost(6, 13, 73).
cost(6, 14, 26).
cost(6, 15, 71).
cost(6, 16, 9).
cost(6, 17, 43).
cost(6, 18, 19).
cost(6, 19, 70).
cost(6, 20, 60).
cost(6, 21, 65).
cost(6, 22, 15).
cost(6, 23, 59).
cost(6, 24, 81).
cost(6, 25, 64).
cost(6, 26, 76).
cost(6, 27, 69).
cost(6, 28, 81).
cost(7, 1, 51).
cost(7, 2, 53).
cost(7, 3, 31).
cost(7, 4, 18).
cost(7, 5, 36).
cost(7, 6, 26).
cost(7, 8, 51).
cost(7, 9, 29).
cost(7, 10, 23).
cost(7, 11, 67).
cost(7, 12, 39).
cost(7, 13, 47).
cost(7, 14, 7).
cost(7, 15, 49).
cost(7, 16, 17).
cost(7, 17, 34).
cost(7, 18, 11).
cost(7, 19, 64).
cost(7, 20, 36).
cost(7, 21, 42).
cost(7, 22, 33).
cost(7, 23, 41).
cost(7, 24, 69).
cost(7, 25, 39).
cost(7, 26, 51).
cost(7, 27, 65).
cost(7, 28, 65).
cost(8, 1, 52).
cost(8, 2, 13).
cost(8, 3, 73).
cost(8, 4, 50).
cost(8, 5, 18).
cost(8, 6, 69).
cost(8, 7, 51).
cost(8, 9, 58).
cost(8, 10, 63).
cost(8, 11, 36).
cost(8, 12, 48).
cost(8, 13, 43).
cost(8, 14, 46).
cost(8, 15, 74).
cost(8, 16, 63).
cost(8, 17, 28).
cost(8, 18, 62).
cost(8, 19, 33).
cost(8, 20, 62).
cost(8, 21, 68).
cost(8, 22, 63).
cost(8, 23, 10).
cost(8, 24, 23).
cost(8, 25, 41).
cost(8, 26, 54).
cost(8, 27, 37).
cost(8, 28, 15).
cost(9, 1, 77).
cost(9, 2, 53).
cost(9, 3, 58).
cost(9, 4, 12).
cost(9, 5, 40).
cost(9, 6, 16).
cost(9, 7, 29).
cost(9, 8, 58).
cost(9, 10, 51).
cost(9, 11, 56).
cost(9, 12, 66).
cost(9, 13, 72).
cost(9, 14, 25).
cost(9, 15, 78).
cost(9, 16, 18).
cost(9, 17, 31).
cost(9, 18, 28).
cost(9, 19, 54).
cost(9, 20, 65).
cost(9, 21, 71).
cost(9, 22, 5).
cost(9, 23, 50).
cost(9, 24, 67).
cost(9, 25, 64).
cost(9, 26, 78).
cost(9, 27, 53).
cost(9, 28, 68).
cost(10, 1, 40).
cost(10, 2, 68).
cost(10, 3, 11).
cost(10, 4, 41).
cost(10, 5, 53).
cost(10, 6, 44).
cost(10, 7, 23).
cost(10, 8, 63).
cost(10, 9, 51).
cost(10, 11, 86).
cost(10, 12, 29).
cost(10, 13, 41).
cost(10, 14, 30).
cost(10, 15, 27).
cost(10, 16, 36).
cost(10, 17, 53).
cost(10, 18, 25).
cost(10, 19, 83).
cost(10, 20, 17).
cost(10, 21, 21).
cost(10, 22, 55).
cost(10, 23, 53).
cost(10, 24, 84).
cost(10, 25, 33).
cost(10, 26, 38).
cost(10, 27, 85).
cost(10, 28, 77).
cost(11, 1, 86).
cost(11, 2, 24).
cost(11, 3, 97).
cost(11, 4, 56).
cost(11, 5, 35).
cost(11, 6, 72).
cost(11, 7, 67).
cost(11, 8, 36).
cost(11, 9, 56).
cost(11, 10, 86).
cost(11, 12, 80).
cost(11, 13, 78).
cost(11, 14, 60).
cost(11, 15, 105).
cost(11, 16, 70).
cost(11, 17, 34).
cost(11, 18, 75).
cost(11, 19, 4).
cost(11, 20, 91).
cost(11, 21, 98).
cost(11, 22, 60).
cost(11, 23, 40).
cost(11, 24, 21).
cost(11, 25, 74).
cost(11, 26, 88).
cost(11, 27, 3).
cost(11, 28, 32).
cost(12, 1, 12).
cost(12, 2, 58).
cost(12, 3, 36).
cost(12, 4, 53).
cost(12, 5, 46).
cost(12, 6, 65).
cost(12, 7, 39).
cost(12, 8, 48).
cost(12, 9, 66).
cost(12, 10, 29).
cost(12, 11, 80).
cost(12, 13, 12).
cost(12, 14, 41).
cost(12, 15, 27).
cost(12, 16, 56).
cost(12, 17, 52).
cost(12, 18, 48).
cost(12, 19, 76).
cost(12, 20, 17).
cost(12, 21, 22).
cost(12, 22, 70).
cost(12, 23, 41).
cost(12, 24, 71).
cost(12, 25, 7).
cost(12, 26, 12).
cost(12, 27, 80).
cost(12, 28, 61).
cost(13, 1, 9).
cost(13, 2, 54).
cost(13, 3, 48).
cost(13, 4, 60).
cost(13, 5, 46).
cost(13, 6, 73).
cost(13, 7, 47).
cost(13, 8, 43).
cost(13, 9, 72).
cost(13, 10, 41).
cost(13, 11, 78).
cost(13, 12, 12).
cost(13, 14, 48).
cost(13, 15, 37).
cost(13, 16, 65).
cost(13, 17, 54).
cost(13, 18, 57).
cost(13, 19, 74).
cost(13, 20, 29).
cost(13, 21, 32).
cost(13, 22, 77).
cost(13, 23, 38).
cost(13, 24, 66).
cost(13, 25, 9).
cost(13, 26, 11).
cost(13, 27, 78).
cost(13, 28, 55).
cost(14, 1, 53).
cost(14, 2, 46).
cost(14, 3, 39).
cost(14, 4, 12).
cost(14, 5, 30).
cost(14, 6, 26).
cost(14, 7, 7).
cost(14, 8, 46).
cost(14, 9, 25).
cost(14, 10, 30).
cost(14, 11, 60).
cost(14, 12, 41).
cost(14, 13, 48).
cost(14, 15, 55).
cost(14, 16, 18).
cost(14, 17, 26).
cost(14, 18, 17).
cost(14, 19, 57).
cost(14, 20, 41).
cost(14, 21, 48).
cost(14, 22, 29).
cost(14, 23, 36).
cost(14, 24, 62).
cost(14, 25, 40).
cost(14, 26, 53).
cost(14, 27, 58).
cost(14, 28, 59).
cost(15, 1, 30).
cost(15, 2, 83).
cost(15, 3, 26).
cost(15, 4, 66).
cost(15, 5, 70).
cost(15, 6, 71).
cost(15, 7, 49).
cost(15, 8, 74).
cost(15, 9, 78).
cost(15, 10, 27).
cost(15, 11, 105).
cost(15, 12, 27).
cost(15, 13, 37).
cost(15, 14, 55).
cost(15, 16, 63).
cost(15, 17, 74).
cost(15, 18, 53).
cost(15, 19, 101).
cost(15, 20, 14).
cost(15, 21, 7).
cost(15, 22, 82).
cost(15, 23, 67).
cost(15, 24, 97).
cost(15, 25, 34).
cost(15, 26, 27).
cost(15, 27, 104).
cost(15, 28, 88).
cost(16, 1, 68).
cost(16, 2, 61).
cost(16, 3, 41).
cost(16, 4, 14).
cost(16, 5, 45).
cost(16, 6, 9).
cost(16, 7, 17).
cost(16, 8, 63).
cost(16, 9, 18).
cost(16, 10, 36).
cost(16, 11, 70).
cost(16, 12, 56).
cost(16, 13, 65).
cost(16, 14, 18).
cost(16, 15, 63).
cost(16, 17, 39).
cost(16, 18, 11).
cost(16, 19, 67).
cost(16, 20, 52).
cost(16, 21, 57).
cost(16, 22, 20).
cost(16, 23, 53).
cost(16, 24, 76).
cost(16, 25, 56).
cost(16, 26, 68).
cost(16, 27, 68).
cost(16, 28, 75).
cost(17, 1, 61).
cost(17, 2, 23).
cost(17, 3, 63).
cost(17, 4, 25).
cost(17, 5, 10).
cost(17, 6, 43).
cost(17, 7, 34).
cost(17, 8, 28).
cost(17, 9, 31).
cost(17, 10, 53).
cost(17, 11, 34).
cost(17, 12, 52).
cost(17, 13, 54).
cost(17, 14, 26).
cost(17, 15, 74).
cost(17, 16, 39).
cost(17, 18, 42).
cost(17, 19, 30).
cost(17, 20, 60).
cost(17, 21, 67).
cost(17, 22, 36).
cost(17, 23, 21).
cost(17, 24, 37).
cost(17, 25, 48).
cost(17, 26, 63).
cost(17, 27, 32).
cost(17, 28, 38).
cost(18, 1, 60).
cost(18, 2, 63).
cost(18, 3, 30).
cost(18, 4, 20).
cost(18, 5, 46).
cost(18, 6, 19).
cost(18, 7, 11).
cost(18, 8, 62).
cost(18, 9, 28).
cost(18, 10, 25).
cost(18, 11, 75).
cost(18, 12, 48).
cost(18, 13, 57).
cost(18, 14, 17).
cost(18, 15, 53).
cost(18, 16, 11).
cost(18, 17, 42).
cost(18, 19, 72).
cost(18, 20, 41).
cost(18, 21, 46).
cost(18, 22, 30).
cost(18, 23, 52).
cost(18, 24, 79).
cost(18, 25, 49).
cost(18, 26, 59).
cost(18, 27, 73).
cost(18, 28, 76).
cost(19, 1, 83).
cost(19, 2, 20).
cost(19, 3, 93).
cost(19, 4, 53).
cost(19, 5, 31).
cost(19, 6, 70).
cost(19, 7, 64).
cost(19, 8, 33).
cost(19, 9, 54).
cost(19, 10, 83).
cost(19, 11, 4).
cost(19, 12, 76).
cost(19, 13, 74).
cost(19, 14, 57).
cost(19, 15, 101).
cost(19, 16, 67).
cost(19, 17, 30).
cost(19, 18, 72).
cost(19, 20, 88).
cost(19, 21, 94).
cost(19, 22, 58).
cost(19, 23, 36).
cost(19, 24, 19).
cost(19, 25, 70).
cost(19, 26, 85).
cost(19, 27, 5).
cost(19, 28, 29).
cost(20, 1, 25).
cost(20, 2, 70).
cost(20, 3, 21).
cost(20, 4, 53).
cost(20, 5, 57).
cost(20, 6, 60).
cost(20, 7, 36).
cost(20, 8, 62).
cost(20, 9, 65).
cost(20, 10, 17).
cost(20, 11, 91).
cost(20, 12, 17).
cost(20, 13, 29).
cost(20, 14, 41).
cost(20, 15, 14).
cost(20, 16, 52).
cost(20, 17, 60).
cost(20, 18, 41).
cost(20, 19, 88).
cost(20, 21, 6).
cost(20, 22, 69).
cost(20, 23, 54).
cost(20, 24, 85).
cost(20, 25, 24).
cost(20, 26, 23).
cost(20, 27, 90).
cost(20, 28, 76).
cost(21, 1, 27).
cost(21, 2, 76).
cost(21, 3, 22).
cost(21, 4, 59).
cost(21, 5, 63).
cost(21, 6, 65).
cost(21, 7, 42).
cost(21, 8, 68).
cost(21, 9, 71).
cost(21, 10, 21).
cost(21, 11, 98).
cost(21, 12, 22).
cost(21, 13, 32).
cost(21, 14, 48).
cost(21, 15, 7).
cost(21, 16, 57).
cost(21, 17, 67).
cost(21, 18, 46).
cost(21, 19, 94).
cost(21, 20, 6).
cost(21, 22, 75).
cost(21, 23, 60).
cost(21, 24, 91).
cost(21, 25, 28).
cost(21, 26, 24).
cost(21, 27, 97).
cost(21, 28, 82).
cost(22, 1, 82).
cost(22, 2, 58).
cost(22, 3, 61).
cost(22, 4, 17).
cost(22, 5, 45).
cost(22, 6, 15).
cost(22, 7, 33).
cost(22, 8, 63).
cost(22, 9, 5).
cost(22, 10, 55).
cost(22, 11, 60).
cost(22, 12, 70).
cost(22, 13, 77).
cost(22, 14, 29).
cost(22, 15, 82).
cost(22, 16, 20).
cost(22, 17, 36).
cost(22, 18, 30).
cost(22, 19, 58).
cost(22, 20, 69).
cost(22, 21, 75).
cost(22, 23, 55).
cost(22, 24, 71).
cost(22, 25, 69).
cost(22, 26, 82).
cost(22, 27, 57).
cost(22, 28, 74).
cost(23, 1, 47).
cost(23, 2, 17).
cost(23, 3, 64).
cost(23, 4, 41).
cost(23, 5, 11).
cost(23, 6, 59).
cost(23, 7, 41).
cost(23, 8, 10).
cost(23, 9, 50).
cost(23, 10, 53).
cost(23, 11, 40).
cost(23, 12, 41).
cost(23, 13, 38).
cost(23, 14, 36).
cost(23, 15, 67).
cost(23, 16, 53).
cost(23, 17, 21).
cost(23, 18, 52).
cost(23, 19, 36).
cost(23, 20, 54).
cost(23, 21, 60).
cost(23, 22, 55).
cost(23, 24, 31).
cost(23, 25, 35).
cost(23, 26, 49).
cost(23, 27, 40).
cost(23, 28, 24).
cost(24, 1, 74).
cost(24, 2, 16).
cost(24, 3, 95).
cost(24, 4, 63).
cost(24, 5, 33).
cost(24, 6, 81).
cost(24, 7, 69).
cost(24, 8, 23).
cost(24, 9, 67).
cost(24, 10, 84).
cost(24, 11, 21).
cost(24, 12, 71).
cost(24, 13, 66).
cost(24, 14, 62).
cost(24, 15, 97).
cost(24, 16, 76).
cost(24, 17, 37).
cost(24, 18, 79).
cost(24, 19, 19).
cost(24, 20, 85).
cost(24, 21, 91).
cost(24, 22, 71).
cost(24, 23, 31).
cost(24, 25, 64).
cost(24, 26, 77).
cost(24, 27, 24).
cost(24, 28, 12).
cost(25, 1, 14).
cost(25, 2, 51).
cost(25, 3, 41).
cost(25, 4, 52).
cost(25, 5, 41).
cost(25, 6, 64).
cost(25, 7, 39).
cost(25, 8, 41).
cost(25, 9, 64).
cost(25, 10, 33).
cost(25, 11, 74).
cost(25, 12, 7).
cost(25, 13, 9).
cost(25, 14, 40).
cost(25, 15, 34).
cost(25, 16, 56).
cost(25, 17, 48).
cost(25, 18, 49).
cost(25, 19, 70).
cost(25, 20, 24).
cost(25, 21, 28).
cost(25, 22, 69).
cost(25, 23, 35).
cost(25, 24, 64).
cost(25, 26, 15).
cost(25, 27, 74).
cost(25, 28, 54).
cost(26, 1, 3).
cost(26, 2, 65).
cost(26, 3, 44).
cost(26, 4, 65).
cost(26, 5, 56).
cost(26, 6, 76).
cost(26, 7, 51).
cost(26, 8, 54).
cost(26, 9, 78).
cost(26, 10, 38).
cost(26, 11, 88).
cost(26, 12, 12).
cost(26, 13, 11).
cost(26, 14, 53).
cost(26, 15, 27).
cost(26, 16, 68).
cost(26, 17, 63).
cost(26, 18, 59).
cost(26, 19, 85).
cost(26, 20, 23).
cost(26, 21, 24).
cost(26, 22, 82).
cost(26, 23, 49).
cost(26, 24, 77).
cost(26, 25, 15).
cost(26, 27, 89).
cost(26, 28, 66).
cost(27, 1, 86).
cost(27, 2, 24).
cost(27, 3, 95).
cost(27, 4, 54).
cost(27, 5, 34).
cost(27, 6, 69).
cost(27, 7, 65).
cost(27, 8, 37).
cost(27, 9, 53).
cost(27, 10, 85).
cost(27, 11, 3).
cost(27, 12, 80).
cost(27, 13, 78).
cost(27, 14, 58).
cost(27, 15, 104).
cost(27, 16, 68).
cost(27, 17, 32).
cost(27, 18, 73).
cost(27, 19, 5).
cost(27, 20, 90).
cost(27, 21, 97).
cost(27, 22, 57).
cost(27, 23, 40).
cost(27, 24, 24).
cost(27, 25, 74).
cost(27, 26, 89).
cost(27, 28, 34).
cost(28, 1, 63).
cost(28, 2, 16).
cost(28, 3, 88).
cost(28, 4, 62).
cost(28, 5, 30).
cost(28, 6, 81).
cost(28, 7, 65).
cost(28, 8, 15).
cost(28, 9, 68).
cost(28, 10, 77).
cost(28, 11, 32).
cost(28, 12, 61).
cost(28, 13, 55).
cost(28, 14, 59).
cost(28, 15, 88).
cost(28, 16, 75).
cost(28, 17, 38).
cost(28, 18, 76).
cost(28, 19, 29).
cost(28, 20, 76).
cost(28, 21, 82).
cost(28, 22, 74).
cost(28, 23, 24).
cost(28, 24, 12).
cost(28, 25, 54).
cost(28, 26, 66).
cost(28, 27, 34).
