dimension(28).
point(1, 56.9038660903, 73.2645334121).
point(2, 40.9529482713, 41.8127532775).
point(3, 43.7905045275, 52.2889535981).
point(4, 76.7611775062, 7.3069521614).
point(5, 16.4572238877, 19.9648528583).
point(6, 16.6455300254, 90.5457243767).
point(7, 24.281698915, 39.9508338308).
point(8, 14.9650871456, 83.6038246142).
point(9, 65.6974944392, 78.2454232758).
point(10, 31.8781795646, 95.8134247265).
point(11, 66.6424329091, 69.6142169992).
point(12, 56.7535725279, 51.4789193002).
point(13, 15.6358189064, 30.8914103878).
point(14, 75.4128516569, 13.4558185064).
point(15, 64.1507992054, 0.7832611232).
point(16, 48.6302566586, 67.9452805313).
point(17, 9.2206732186, 24.0749834959).
point(18, 26.5039314393, 20.5754358612).
point(19, 66.5734621871, 1.1697497966).
point(20, 91.7340071368, 28.9562744714).
point(21, 87.8013426338, 8.5332985463).
point(22, 61.877357988, 78.1520164283).
point(23, 87.7079754107, 18.8148465283).
point(24, 23.7679299284, 93.4307307381).
point(25, 47.5698991129, 37.9137818239).
point(26, 68.3840218335, 51.9224952944).
point(27, 88.7639813268, 13.347315364).
point(28, 13.5733026074, 73.6247325397).
cost(1, 2, 35).
cost(1, 3, 25).
cost(1, 4, 69).
cost(1, 5, 67).
cost(1, 6, 44).
cost(1, 7, 47).
cost(1, 8, 43).
cost(1, 9, 10).
cost(1, 10, 34).
cost(1, 11, 10).
cost(1, 12, 22).
cost(1, 13, 59).
cost(1, 14, 63).
cost(1, 15, 73).
cost(1, 16, 10).
cost(1, 17, 69).
cost(1, 18, 61).
cost(1, 19, 73).
cost(1, 20, 56).
cost(1, 21, 72).
cost(1, 22, 7).
cost(1, 23, 63).
cost(1, 24, 39).
cost(1, 25, 37).
cost(1, 26, 24).
cost(1, 27, 68).
cost(1, 28, 43).
cost(2, 1, 35).
cost(2, 3, 11).
cost(2, 4, 50).
cost(2, 5, 33).
cost(2, 6, 54).
cost(2, 7, 17).
cost(2, 8, 49).
cost(2, 9, 44).
cost(2, 10, 55).
cost(2, 11, 38).
cost(2, 12, 19).
cost(2, 13, 28).
cost(2, 14, 45).
cost(2, 15, 47).
cost(2, 16, 27).
cost(2, 17, 36).
cost(2, 18, 26).
cost(2, 19, 48).
cost(2, 20, 52).
cost(2, 21, 57).
cost(2, 22, 42).
cost(2, 23, 52).
cost(2, 24, 54).
cost(2, 25, 8).
cost(2, 26, 29).
cost(2, 27, 56).
cost(2, 28, 42).
cost(3, 1, 25).
cost(3, 2, 11).
cost(3, 4, 56).
cost(3, 5, 42).
cost(3, 6, 47).
cost(3, 7, 23).
cost(3, 8, 43).
cost(3, 9, 34).
cost(3, 10, 45).
cost(3, 11, 29).
cost(3, 12, 13).
cost(3, 13, 35).
cost(3, 14, 50).
cost(3, 15, 55).
cost(3, 16, 16).
cost(3, 17, 45).
cost(3, 18, 36).
cost(3, 19, 56).
cost(3, 20, 53).
cost(3, 21, 62).
cost(3, 22, 32).
cost(3, 23, 55).
cost(3, 24, 46).
cost(3, 25, 15).
cost(3, 26, 25).
cost(3, 27, 59).
cost(3, 28, 37).
cost(4, 1, 69).
cost(4, 2, 50).
cost(4, 3, 56).
cost(4, 5, 62).
cost(4, 6, 103).
cost(4, 7, 62).
cost(4, 8, 98).
cost(4, 9, 72).
cost(4, 10, 99).
cost(4, 11, 63).
cost(4, 12, 48).
cost(4, 13, 66).
cost(4, 14, 6).
cost(4, 15, 14).
cost(4, 16, 67).
cost(4, 17, 70).
cost(4, 18, 52).
cost(4, 19, 12).
cost(4, 20, 26).
cost(4, 21, 11).
cost(4, 22, 72).
cost(4, 23, 16).
cost(4, 24, 101).
cost(4, 25, 42).
cost(4, 26, 45).
cost(4, 27, 13).
cost(4, 28, 92).
cost(5, 1, 67).
cost(5, 2, 33).
cost(5, 3, 42).
cost(5, 4, 62).
cost(5, 6, 71).
cost(5, 7, 21).
cost(5, 8, 64).
cost(5, 9, 76).
cost(5, 10, 77).
cost(5, 11, 71).
cost(5, 12, 51).
cost(5, 13, 11).
cost(5, 14, 59).
cost(5, 15, 51).
cost(5, 16, 58).
cost(5, 17, 8).
cost(5, 18, 10).
cost(5, 19, 54).
cost(5, 20, 76).
cost(5, 21, 72).
cost(5, 22, 74).
cost(5, 23, 71).
cost(5, 24, 74).
cost(5, 25, 36).
cost(5, 26, 61).
cost(5, 27, 73).
cost(5, 28, 54).
cost(6, 1, 44).
cost(6, 2, 54).
cost(6, 3, 47).
cost(6, 4, 103).
cost(6, 5, 71).
cost(6, 7, 51).
cost(6, 8, 7).
cost(6, 9, 51).
cost(6, 10, 16).
cost(6, 11, 54).
cost(6, 12, 56).
cost(6, 13, 60).
cost(6, 14, 97).
cost(6, 15, 102).
cost(6, 16, 39).
cost(6, 17, 67).
cost(6, 18, 71).
cost(6, 19, 102).
cost(6, 20, 97).
cost(6, 21, 109).
cost(6, 22, 47).
cost(6, 23, 101).
cost(6, 24, 8).
cost(6, 25, 61).
cost(6, 26, 65).
cost(6, 27, 106).
cost(6, 28, 17).
cost(7, 1, 47).
cost(7, 2, 17).
cost(7, 3, 23).
cost(7, 4, 62).
cost(7, 5, 21).
cost(7, 6, 51).
cost(7, 8, 45).
cost(7, 9, 56).
cost(7, 10, 56).
cost(7, 11, 52).
cost(7, 12, 34).
cost(7, 13, 13).
cost(7, 14, 58).
cost(7, 15, 56).
cost(7, 16, 37).
cost(7, 17, 22).
cost(7, 18, 20).
cost(7, 19, 57).
cost(7, 20, 68).
cost(7, 21, 71).
cost(7, 22, 54).
cost(7, 23, 67).
cost(7, 24, 53).
cost(7, 25, 23).
cost(7, 26, 46).
cost(7, 27, 70).
cost(7, 28, 35).
cost(8, 1, 43).
cost(8, 2, 49).
cost(8, 3, 43).
cost(8, 4, 98).
cost(8, 5, 64).
cost(8, 6, 7).
cost(8, 7, 45).
cost(8, 9, 51).
cost(8, 10, 21).
cost(8, 11, 54).
cost(8, 12, 53).
cost(8, 13, 53).
cost(8, 14, 93).
cost(8, 15, 96).
cost(8, 16, 37).
cost(8, 17, 60).
cost(8, 18, 64).
cost(8, 19, 97).
cost(8, 20, 94).
cost(8, 21, 105).
cost(8, 22, 47).
cost(8, 23, 97).
cost(8, 24, 13).
cost(8, 25, 56).
cost(8, 26, 62).
cost(8, 27, 102).
cost(8, 28, 10).
cost(9, 1, 10).
cost(9, 2, 44).
cost(9, 3, 34).
cost(9, 4, 72).
cost(9, 5, 76).
cost(9, 6, 51).
cost(9, 7, 56).
cost(9, 8, 51).
cost(9, 10, 38).
cost(9, 11, 9).
cost(9, 12, 28).
cost(9, 13, 69).
cost(9, 14, 66).
cost(9, 15, 77).
cost(9, 16, 20).
cost(9, 17, 78).
cost(9, 18, 70).
cost(9, 19, 77).
cost(9, 20, 56).
cost(9, 21, 73).
cost(9, 22, 4).
cost(9, 23, 63).
cost(9, 24, 45).
cost(9, 25, 44).
cost(9, 26, 26).
cost(9, 27, 69).
cost(9, 28, 52).
cost(10, 1, 34).
cost(10, 2, 55).
cost(10, 3, 45).
cost(10, 4, 99).
cost(10, 5, 77).
cost(10, 6, 16).
cost(10, 7, 56).
cost(10, 8, 21).
cost(10, 9, 38).
cost(10, 11, 44).
cost(10, 12, 51).
cost(10, 13, 67).
cost(10, 14, 93).
cost(10, 15, 100).
cost(10, 16, 33).
cost(10, 17, 75).
cost(10, 18, 75).
cost(10, 19, 101).
cost(10, 20, 90).
cost(10, 21, 104).
cost(10, 22, 35).
cost(10, 23, 95).
cost(10, 24, 8).
cost(10, 25, 60).
cost(10, 26, 57).
cost(10, 27, 100).
cost(10, 28, 29).
cost(11, 1, 10).
cost(11, 2, 38).
cost(11, 3, 29).
cost(11, 4, 63).
cost(11, 5, 71).
cost(11, 6, 54).
cost(11, 7, 52).
cost(11, 8, 54).
cost(11, 9, 9).
cost(11, 10, 44).
cost(11, 12, 21).
cost(11, 13, 64).
cost(11, 14, 57).
cost(11, 15, 69).
cost(11, 16, 18).
cost(11, 17, 73).
cost(11, 18, 63).
cost(11, 19, 68).
cost(11, 20, 48).
cost(11, 21, 65).
cost(11, 22, 10).
cost(11, 23, 55).
cost(11, 24, 49).
cost(11, 25, 37).
cost(11, 26, 18).
cost(11, 27, 60).
cost(11, 28, 53).
cost(12, 1, 22).
cost(12, 2, 19).
cost(12, 3, 13).
cost(12, 4, 48).
cost(12, 5, 51).
cost(12, 6, 56).
cost(12, 7, 34).
cost(12, 8, 53).
cost(12, 9, 28).
cost(12, 10, 51).
cost(12, 11, 21).
cost(12, 13, 46).
cost(12, 14, 42).
cost(12, 15, 51).
cost(12, 16, 18).
cost(12, 17, 55).
cost(12, 18, 43).
cost(12, 19, 51).
cost(12, 20, 42).
cost(12, 21, 53).
cost(12, 22, 27).
cost(12, 23, 45).
cost(12, 24, 53).
cost(12, 25, 16).
cost(12, 26, 12).
cost(12, 27, 50).
cost(12, 28, 49).
cost(13, 1, 59).
cost(13, 2, 28).
cost(13, 3, 35).
cost(13, 4, 66).
cost(13, 5, 11).
cost(13, 6, 60).
cost(13, 7, 13).
cost(13, 8, 53).
cost(13, 9, 69).
cost(13, 10, 67).
cost(13, 11, 64).
cost(13, 12, 46).
cost(13, 14, 62).
cost(13, 15, 57).
cost(13, 16, 50).
cost(13, 17, 9).
cost(13, 18, 15).
cost(13, 19, 59).
cost(13, 20, 76).
cost(13, 21, 76).
cost(13, 22, 66).
cost(13, 23, 73).
cost(13, 24, 63).
cost(13, 25, 33).
cost(13, 26, 57).
cost(13, 27, 75).
cost(13, 28, 43).
cost(14, 1, 63).
cost(14, 2, 45).
cost(14, 3, 50).
cost(14, 4, 6).
cost(14, 5, 59).
cost(14, 6, 97).
cost(14, 7, 58).
cost(14, 8, 93).
cost(14, 9, 66).
cost(14, 10, 93).
cost(14, 11, 57).
cost(14, 12, 42).
cost(14, 13, 62).
cost(14, 15, 17).
cost(14, 16, 61).
cost(14, 17, 67).
cost(14, 18, 49).
cost(14, 19, 15).
cost(14, 20, 23).
cost(14, 21, 13).
cost(14, 22, 66).
cost(14, 23, 13).
cost(14, 24, 95).
cost(14, 25, 37).
cost(14, 26, 39).
cost(14, 27, 13).
cost(14, 28, 86).
cost(15, 1, 73).
cost(15, 2, 47).
cost(15, 3, 55).
cost(15, 4, 14).
cost(15, 5, 51).
cost(15, 6, 102).
cost(15, 7, 56).
cost(15, 8, 96).
cost(15, 9, 77).
cost(15, 10, 100).
cost(15, 11, 69).
cost(15, 12, 51).
cost(15, 13, 57).
cost(15, 14, 17).
cost(15, 16, 69).
cost(15, 17, 60).
cost(15, 18, 43).
cost(15, 19, 2).
cost(15, 20, 39).
cost(15, 21, 25).
cost(15, 22, 77).
cost(15, 23, 30).
cost(15, 24, 101).
cost(15, 25, 41).
cost(15, 26, 51).
cost(15, 27, 28).
cost(15, 28, 89).
cost(16, 1, 10).
cost(16, 2, 27).
cost(16, 3, 16).
cost(16, 4, 67).
cost(16, 5, 58).
cost(16, 6, 39).
cost(16, 7, 37).
cost(16, 8, 37).
cost(16, 9, 20).
cost(16, 10, 33).
cost(16, 11, 18).
cost(16, 12, 18).
cost(16, 13, 50).
cost(16, 14, 61).
cost(16, 15, 69).
cost(16, 17, 59).
cost(16, 18, 52).
cost(16, 19, 69).
cost(16, 20, 58).
cost(16, 21, 71).
cost(16, 22, 17).
cost(16, 23, 63).
cost(16, 24, 36).
cost(16, 25, 30).
cost(16, 26, 25).
cost(16, 27, 68).
cost(16, 28, 36).
cost(17, 1, 69).
cost(17, 2, 36).
cost(17, 3, 45).
cost(17, 4, 70).
cost(17, 5, 8).
cost(17, 6, 67).
cost(17, 7, 22).
cost(17, 8, 60).
cost(17, 9, 78).
cost(17, 10, 75).
cost(17, 11, 73).
cost(17, 12, 55).
cost(17, 13, 9).
cost(17, 14, 67).
cost(17, 15, 60).
cost(17, 16, 59).
cost(17, 18, 18).
cost(17, 19, 62).
cost(17, 20, 83).
cost(17, 21, 80).
cost(17, 22, 75).
cost(17, 23, 79).
cost(17, 24, 71).
cost(17, 25, 41).
cost(17, 26, 65).
cost(17, 27, 80).
cost(17, 28, 50).
cost(18, 1, 61).
cost(18, 2, 26).
cost(18, 3, 36).
cost(18, 4, 52).
cost(18, 5, 10).
cost(18, 6, 71).
cost(18, 7, 20).
cost(18, 8, 64).
cost(18, 9, 70).
cost(18, 10, 75).
cost(18, 11, 63).
cost(18, 12, 43).
cost(18, 13, 15).
cost(18, 14, 49).
cost(18, 15, 43).
cost(18, 16, 52).
cost(18, 17, 18).
cost(18, 19, 45).
cost(18, 20, 66).
cost(18, 21, 62).
cost(18, 22, 68).
cost(18, 23, 61).
cost(18, 24, 73).
cost(18, 25, 27).
cost(18, 26, 52).
cost(18, 27, 63).
cost(18, 28, 55).
cost(19, 1, 73).
cost(19, 2, 48).
cost(19, 3, 56).
cost(19, 4, 12).
cost(19, 5, 54).
cost(19, 6, 102).
cost(19, 7, 57).
cost(19, 8, 97).
cost(19, 9, 77).
cost(19, 10, 101).
cost(19, 11, 68).
cost(19, 12, 51).
cost(19, 13, 59).
cost(19, 14, 15).
cost(19, 15, 2).
cost(19, 16, 69).
cost(19, 17, 62).
cost(19, 18, 45).
cost(19, 20, 37).
cost(19, 21, 22).
cost(19, 22, 77).
cost(19, 23, 28).
cost(19, 24, 102).
cost(19, 25, 41).
cost(19, 26, 51).
cost(19, 27, 25).
cost(19, 28, 90).
cost(20, 1, 56).
cost(20, 2, 52).
cost(20, 3, 53).
cost(20, 4, 26).
cost(20, 5, 76).
cost(20, 6, 97).
cost(20, 7, 68).
cost(20, 8, 94).
cost(20, 9, 56).
cost(20, 10, 90).
cost(20, 11, 48).
cost(20, 12, 42).
cost(20, 13, 76).
cost(20, 14, 23).
cost(20, 15, 39).
cost(20, 16, 58).
cost(20, 17, 83).
cost(20, 18, 66).
cost(20, 19, 37).
cost(20, 21, 21).
cost(20, 22, 58).
cost(20, 23, 11).
cost(20, 24, 94).
cost(20, 25, 45).
cost(20, 26, 33).
cost(20, 27, 16).
cost(20, 28, 90).
cost(21, 1, 72).
cost(21, 2, 57).
cost(21, 3, 62).
cost(21, 4, 11).
cost(21, 5, 72).
cost(21, 6, 109).
cost(21, 7, 71).
cost(21, 8, 105).
cost(21, 9, 73).
cost(21, 10, 104).
cost(21, 11, 65).
cost(21, 12, 53).
cost(21, 13, 76).
cost(21, 14, 13).
cost(21, 15, 25).
cost(21, 16, 71).
cost(21, 17, 80).
cost(21, 18, 62).
cost(21, 19, 22).
cost(21, 20, 21).
cost(21, 22, 74).
cost(21, 23, 10).
cost(21, 24, 106).
cost(21, 25, 50).
cost(21, 26, 48).
cost(21, 27, 5).
cost(21, 28, 99).
cost(22, 1, 7).
cost(22, 2, 42).
cost(22, 3, 32).
cost(22, 4, 72).
cost(22, 5, 74).
cost(22, 6, 47).
cost(22, 7, 54).
cost(22, 8, 47).
cost(22, 9, 4).
cost(22, 10, 35).
cost(22, 11, 10).
cost(22, 12, 27).
cost(22, 13, 66).
cost(22, 14, 66).
cost(22, 15, 77).
cost(22, 16, 17).
cost(22, 17, 75).
cost(22, 18, 68).
cost(22, 19, 77).
cost(22, 20, 58).
cost(22, 21, 74).
cost(22, 23, 65).
cost(22, 24, 41).
cost(22, 25, 43).
cost(22, 26, 27).
cost(22, 27, 70).
cost(22, 28, 49).
cost(23, 1, 63).
cost(23, 2, 52).
cost(23, 3, 55).
cost(23, 4, 16).
cost(23, 5, 71).
cost(23, 6, 101).
cost(23, 7, 67).
cost(23, 8, 97).
cost(23, 9, 63).
cost(23, 10, 95).
cost(23, 11, 55).
cost(23, 12, 45).
cost(23, 13, 73).
cost(23, 14, 13).
cost(23, 15, 30).
cost(23, 16, 63).
cost(23, 17, 79).
cost(23, 18, 61).
cost(23, 19, 28).
cost(23, 20, 11).
cost(23, 21, 10).
cost(23, 22, 65).
cost(23, 24, 98).
cost(23, 25, 44).
cost(23, 26, 38).
cost(23, 27, 6).
cost(23, 28, 92).
cost(24, 1, 39).
cost(24, 2, 54).
cost(24, 3, 46).
cost(24, 4, 101).
cost(24, 5, 74).
cost(24, 6, 8).
cost(24, 7, 53).
cost(24, 8, 13).
cost(24, 9, 45).
cost(24, 10, 8).
cost(24, 11, 49).
cost(24, 12, 53).
cost(24, 13, 63).
cost(24, 14, 95).
cost(24, 15, 101).
cost(24, 16, 36).
cost(24, 17, 71).
cost(24, 18, 73).
cost(24, 19, 102).
cost(24, 20, 94).
cost(24, 21, 106).
cost(24, 22, 41).
cost(24, 23, 98).
cost(24, 25, 60).
cost(24, 26, 61).
cost(24, 27, 103).
cost(24, 28, 22).
cost(25, 1, 37).
cost(25, 2, 8).
cost(25, 3, 15).
cost(25, 4, 42).
cost(25, 5, 36).
cost(25, 6, 61).
cost(25, 7, 23).
cost(25, 8, 56).
cost(25, 9, 44).
cost(25, 10, 60).
cost(25, 11, 37).
cost(25, 12, 16).
cost(25, 13, 33).
cost(25, 14, 37).
cost(25, 15, 41).
cost(25, 16, 30).
cost(25, 17, 41).
cost(25, 18, 27).
cost(25, 19, 41).
cost(25, 20, 45).
cost(25, 21, 50).
cost(25, 22, 43).
cost(25, 23, 44).
cost(25, 24, 60).
cost(25, 26, 25).
cost(25, 27, 48).
cost(25, 28, 49).
cost(26, 1, 24).
cost(26, 2, 29).
cost(26, 3, 25).
cost(26, 4, 45).
cost(26, 5, 61).
cost(26, 6, 65).
cost(26, 7, 46).
cost(26, 8, 62).
cost(26, 9, 26).
cost(26, 10, 57).
cost(26, 11, 18).
cost(26, 12, 12).
cost(26, 13, 57).
cost(26, 14, 39).
cost(26, 15, 51).
cost(26, 16, 25).
cost(26, 17, 65).
cost(26, 18, 52).
cost(26, 19, 51).
cost(26, 20, 33).
cost(26, 21, 48).
cost(26, 22, 27).
cost(26, 23, 38).
cost(26, 24, 61).
cost(26, 25, 25).
cost(26, 27, 44).
cost(26, 28, 59).
cost(27, 1, 68).
cost(27, 2, 56).
cost(27, 3, 59).
cost(27, 4, 13).
cost(27, 5, 73).
cost(27, 6, 106).
cost(27, 7, 70).
cost(27, 8, 102).
cost(27, 9, 69).
cost(27, 10, 100).
cost(27, 11, 60).
cost(27, 12, 50).
cost(27, 13, 75).
cost(27, 14, 13).
cost(27, 15, 28).
cost(27, 16, 68).
cost(27, 17, 80).
cost(27, 18, 63).
cost(27, 19, 25).
cost(27, 20, 16).
cost(27, 21, 5).
cost(27, 22, 70).
cost(27, 23, 6).
cost(27, 24, 103).
cost(27, 25, 48).
cost(27, 26, 44).
cost(27, 28, 96).
cost(28, 1, 43).
cost(28, 2, 42).
cost(28, 3, 37).
cost(28, 4, 92).
cost(28, 5, 54).
cost(28, 6, 17).
cost(28, 7, 35).
cost(28, 8, 10).
cost(28, 9, 52).
cost(28, 10, 29).
cost(28, 11, 53).
cost(28, 12, 49).
cost(28, 13, 43).
cost(28, 14, 86).
cost(28, 15, 89).
cost(28, 16, 36).
cost(28, 17, 50).
cost(28, 18, 55).
cost(28, 19, 90).
cost(28, 20, 90).
cost(28, 21, 99).
cost(28, 22, 49).
cost(28, 23, 92).
cost(28, 24, 22).
cost(28, 25, 49).
cost(28, 26, 59).
cost(28, 27, 96).
