dimension(28).
point(1, 56.8090043578, 54.9690115434).
point(2, 14.8642379288, 74.2157322004).
point(3, 74.7947550957, 36.7999618342).
point(4, 68.378867117, 60.64226479).
point(5, 61.5071950767, 96.3781607971).
point(6, 67.3855730871, 30.7826971316).
point(7, 29.2556393102, 23.7539459676).
point(8, 82.9304860022, 42.2596899116).
point(9, 81.0393385259, 94.4627694501).
point(10, 79.9745086375, 96.5742577894).
point(11, 50.4808795309, 39.2152873199).
point(12, 6.5718478651, 68.8612792824).
point(13, 67.8565464042, 86.4461270727).
point(14, 54.0899937232, 31.9198789745).
point(15, 9.613613498, 55.6221119091).
point(16, 95.428331108, 88.9162430779).
point(17, 0.1349779473, 43.0653580173).
point(18, 27.0294411438, 16.8664458643).
point(19, 43.3893659351, 47.4922063353).
point(20, 44.2404207269, 14.7827024077).
point(21, 40.9418261765, 78.6878136189).
point(22, 34.8856535322, 8.7950237051).
point(23, 57.2758166021, 19.9390070154).
point(24, 18.733466057, 6.7851745179).
point(25, 61.4015958092, 25.1777725711).
point(26, 86.3656512073, 42.0666452366).
point(27, 6.8141135961, 82.5140844782).
point(28, 60.6681962357, 28.9773375169).
cost(1, 2, 46).
cost(1, 3, 26).
cost(1, 4, 13).
cost(1, 5, 42).
cost(1, 6, 26).
cost(1, 7, 42).
cost(1, 8, 29).
cost(1, 9, 46).
cost(1, 10, 48).
cost(1, 11, 17).
cost(1, 12, 52).
cost(1, 13, 33).
cost(1, 14, 23).
cost(1, 15, 47).
cost(1, 16, 51).
cost(1, 17, 58).
cost(1, 18, 48).
cost(1, 19, 15).
cost(1, 20, 42).
cost(1, 21, 29).
cost(1, 22, 51).
cost(1, 23, 35).
cost(1, 24, 61).
cost(1, 25, 30).
cost(1, 26, 32).
cost(1, 27, 57).
cost(1, 28, 26).
cost(2, 1, 46).
cost(2, 3, 71).
cost(2, 4, 55).
cost(2, 5, 52).
cost(2, 6, 68).
cost(2, 7, 52).
cost(2, 8, 75).
cost(2, 9, 69).
cost(2, 10, 69).
cost(2, 11, 50).
cost(2, 12, 10).
cost(2, 13, 54).
cost(2, 14, 58).
cost(2, 15, 19).
cost(2, 16, 82).
cost(2, 17, 34).
cost(2, 18, 59).
cost(2, 19, 39).
cost(2, 20, 66).
cost(2, 21, 26).
cost(2, 22, 68).
cost(2, 23, 69).
cost(2, 24, 68).
cost(2, 25, 68).
cost(2, 26, 78).
cost(2, 27, 12).
cost(2, 28, 64).
cost(3, 1, 26).
cost(3, 2, 71).
cost(3, 4, 25).
cost(3, 5, 61).
cost(3, 6, 10).
cost(3, 7, 47).
cost(3, 8, 10).
cost(3, 9, 58).
cost(3, 10, 60).
cost(3, 11, 24).
cost(3, 12, 75).
cost(3, 13, 50).
cost(3, 14, 21).
cost(3, 15, 68).
cost(3, 16, 56).
cost(3, 17, 75).
cost(3, 18, 52).
cost(3, 19, 33).
cost(3, 20, 38).
cost(3, 21, 54).
cost(3, 22, 49).
cost(3, 23, 24).
cost(3, 24, 64).
cost(3, 25, 18).
cost(3, 26, 13).
cost(3, 27, 82).
cost(3, 28, 16).
cost(4, 1, 13).
cost(4, 2, 55).
cost(4, 3, 25).
cost(4, 5, 36).
cost(4, 6, 30).
cost(4, 7, 54).
cost(4, 8, 23).
cost(4, 9, 36).
cost(4, 10, 38).
cost(4, 11, 28).
cost(4, 12, 62).
cost(4, 13, 26).
cost(4, 14, 32).
cost(4, 15, 59).
cost(4, 16, 39).
cost(4, 17, 70).
cost(4, 18, 60).
cost(4, 19, 28).
cost(4, 20, 52).
cost(4, 21, 33).
cost(4, 22, 62).
cost(4, 23, 42).
cost(4, 24, 73).
cost(4, 25, 36).
cost(4, 26, 26).
cost(4, 27, 65).
cost(4, 28, 33).
cost(5, 1, 42).
cost(5, 2, 52).
cost(5, 3, 61).
cost(5, 4, 36).
cost(5, 6, 66).
cost(5, 7, 79).
cost(5, 8, 58).
cost(5, 9, 20).
cost(5, 10, 18).
cost(5, 11, 58).
cost(5, 12, 61).
cost(5, 13, 12).
cost(5, 14, 65).
cost(5, 15, 66).
cost(5, 16, 35).
cost(5, 17, 81).
cost(5, 18, 87).
cost(5, 19, 52).
cost(5, 20, 83).
cost(5, 21, 27).
cost(5, 22, 92).
cost(5, 23, 77).
cost(5, 24, 99).
cost(5, 25, 71).
cost(5, 26, 60).
cost(5, 27, 56).
cost(5, 28, 67).
cost(6, 1, 26).
cost(6, 2, 68).
cost(6, 3, 10).
cost(6, 4, 30).
cost(6, 5, 66).
cost(6, 7, 39).
cost(6, 8, 19).
cost(6, 9, 65).
cost(6, 10, 67).
cost(6, 11, 19).
cost(6, 12, 72).
cost(6, 13, 56).
cost(6, 14, 13).
cost(6, 15, 63).
cost(6, 16, 65).
cost(6, 17, 68).
cost(6, 18, 43).
cost(6, 19, 29).
cost(6, 20, 28).
cost(6, 21, 55).
cost(6, 22, 39).
cost(6, 23, 15).
cost(6, 24, 54).
cost(6, 25, 8).
cost(6, 26, 22).
cost(6, 27, 80).
cost(6, 28, 7).
cost(7, 1, 42).
cost(7, 2, 52).
cost(7, 3, 47).
cost(7, 4, 54).
cost(7, 5, 79).
cost(7, 6, 39).
cost(7, 8, 57).
cost(7, 9, 88).
cost(7, 10, 89).
cost(7, 11, 26).
cost(7, 12, 50).
cost(7, 13, 74).
cost(7, 14, 26).
cost(7, 15, 37).
cost(7, 16, 93).
cost(7, 17, 35).
cost(7, 18, 7).
cost(7, 19, 28).
cost(7, 20, 17).
cost(7, 21, 56).
cost(7, 22, 16).
cost(7, 23, 28).
cost(7, 24, 20).
cost(7, 25, 32).
cost(7, 26, 60).
cost(7, 27, 63).
cost(7, 28, 32).
cost(8, 1, 29).
cost(8, 2, 75).
cost(8, 3, 10).
cost(8, 4, 23).
cost(8, 5, 58).
cost(8, 6, 19).
cost(8, 7, 57).
cost(8, 9, 52).
cost(8, 10, 54).
cost(8, 11, 33).
cost(8, 12, 81).
cost(8, 13, 47).
cost(8, 14, 31).
cost(8, 15, 75).
cost(8, 16, 48).
cost(8, 17, 83).
cost(8, 18, 61).
cost(8, 19, 40).
cost(8, 20, 47).
cost(8, 21, 56).
cost(8, 22, 59).
cost(8, 23, 34).
cost(8, 24, 73).
cost(8, 25, 27).
cost(8, 26, 3).
cost(8, 27, 86).
cost(8, 28, 26).
cost(9, 1, 46).
cost(9, 2, 69).
cost(9, 3, 58).
cost(9, 4, 36).
cost(9, 5, 20).
cost(9, 6, 65).
cost(9, 7, 88).
cost(9, 8, 52).
cost(9, 10, 2).
cost(9, 11, 63).
cost(9, 12, 79).
cost(9, 13, 15).
cost(9, 14, 68).
cost(9, 15, 81).
cost(9, 16, 15).
cost(9, 17, 96).
cost(9, 18, 95).
cost(9, 19, 60).
cost(9, 20, 88).
cost(9, 21, 43).
cost(9, 22, 97).
cost(9, 23, 78).
cost(9, 24, 108).
cost(9, 25, 72).
cost(9, 26, 53).
cost(9, 27, 75).
cost(9, 28, 69).
cost(10, 1, 48).
cost(10, 2, 69).
cost(10, 3, 60).
cost(10, 4, 38).
cost(10, 5, 18).
cost(10, 6, 67).
cost(10, 7, 89).
cost(10, 8, 54).
cost(10, 9, 2).
cost(10, 11, 64).
cost(10, 12, 78).
cost(10, 13, 16).
cost(10, 14, 70).
cost(10, 15, 81).
cost(10, 16, 17).
cost(10, 17, 96).
cost(10, 18, 96).
cost(10, 19, 61).
cost(10, 20, 89).
cost(10, 21, 43).
cost(10, 22, 99).
cost(10, 23, 80).
cost(10, 24, 109).
cost(10, 25, 74).
cost(10, 26, 55).
cost(10, 27, 74).
cost(10, 28, 70).
cost(11, 1, 17).
cost(11, 2, 50).
cost(11, 3, 24).
cost(11, 4, 28).
cost(11, 5, 58).
cost(11, 6, 19).
cost(11, 7, 26).
cost(11, 8, 33).
cost(11, 9, 63).
cost(11, 10, 64).
cost(11, 12, 53).
cost(11, 13, 50).
cost(11, 14, 8).
cost(11, 15, 44).
cost(11, 16, 67).
cost(11, 17, 50).
cost(11, 18, 32).
cost(11, 19, 11).
cost(11, 20, 25).
cost(11, 21, 41).
cost(11, 22, 34).
cost(11, 23, 20).
cost(11, 24, 45).
cost(11, 25, 18).
cost(11, 26, 36).
cost(11, 27, 61).
cost(11, 28, 14).
cost(12, 1, 52).
cost(12, 2, 10).
cost(12, 3, 75).
cost(12, 4, 62).
cost(12, 5, 61).
cost(12, 6, 72).
cost(12, 7, 50).
cost(12, 8, 81).
cost(12, 9, 79).
cost(12, 10, 78).
cost(12, 11, 53).
cost(12, 13, 64).
cost(12, 14, 60).
cost(12, 15, 14).
cost(12, 16, 91).
cost(12, 17, 27).
cost(12, 18, 56).
cost(12, 19, 43).
cost(12, 20, 66).
cost(12, 21, 36).
cost(12, 22, 66).
cost(12, 23, 70).
cost(12, 24, 63).
cost(12, 25, 70).
cost(12, 26, 84).
cost(12, 27, 14).
cost(12, 28, 67).
cost(13, 1, 33).
cost(13, 2, 54).
cost(13, 3, 50).
cost(13, 4, 26).
cost(13, 5, 12).
cost(13, 6, 56).
cost(13, 7, 74).
cost(13, 8, 47).
cost(13, 9, 15).
cost(13, 10, 16).
cost(13, 11, 50).
cost(13, 12, 64).
cost(13, 14, 56).
cost(13, 15, 66).
cost(13, 16, 28).
cost(13, 17, 80).
cost(13, 18, 81).
cost(13, 19, 46).
cost(13, 20, 75).
cost(13, 21, 28).
cost(13, 22, 84).
cost(13, 23, 67).
cost(13, 24, 94).
cost(13, 25, 62).
cost(13, 26, 48).
cost(13, 27, 61).
cost(13, 28, 58).
cost(14, 1, 23).
cost(14, 2, 58).
cost(14, 3, 21).
cost(14, 4, 32).
cost(14, 5, 65).
cost(14, 6, 13).
cost(14, 7, 26).
cost(14, 8, 31).
cost(14, 9, 68).
cost(14, 10, 70).
cost(14, 11, 8).
cost(14, 12, 60).
cost(14, 13, 56).
cost(14, 15, 50).
cost(14, 16, 70).
cost(14, 17, 55).
cost(14, 18, 31).
cost(14, 19, 19).
cost(14, 20, 20).
cost(14, 21, 49).
cost(14, 22, 30).
cost(14, 23, 12).
cost(14, 24, 43).
cost(14, 25, 10).
cost(14, 26, 34).
cost(14, 27, 69).
cost(14, 28, 7).
cost(15, 1, 47).
cost(15, 2, 19).
cost(15, 3, 68).
cost(15, 4, 59).
cost(15, 5, 66).
cost(15, 6, 63).
cost(15, 7, 37).
cost(15, 8, 75).
cost(15, 9, 81).
cost(15, 10, 81).
cost(15, 11, 44).
cost(15, 12, 14).
cost(15, 13, 66).
cost(15, 14, 50).
cost(15, 16, 92).
cost(15, 17, 16).
cost(15, 18, 42).
cost(15, 19, 35).
cost(15, 20, 54).
cost(15, 21, 39).
cost(15, 22, 53).
cost(15, 23, 60).
cost(15, 24, 50).
cost(15, 25, 60).
cost(15, 26, 78).
cost(15, 27, 27).
cost(15, 28, 58).
cost(16, 1, 51).
cost(16, 2, 82).
cost(16, 3, 56).
cost(16, 4, 39).
cost(16, 5, 35).
cost(16, 6, 65).
cost(16, 7, 93).
cost(16, 8, 48).
cost(16, 9, 15).
cost(16, 10, 17).
cost(16, 11, 67).
cost(16, 12, 91).
cost(16, 13, 28).
cost(16, 14, 70).
cost(16, 15, 92).
cost(16, 17, 106).
cost(16, 18, 99).
cost(16, 19, 67).
cost(16, 20, 90).
cost(16, 21, 55).
cost(16, 22, 100).
cost(16, 23, 79).
cost(16, 24, 112).
cost(16, 25, 72).
cost(16, 26, 48).
cost(16, 27, 89).
cost(16, 28, 69).
cost(17, 1, 58).
cost(17, 2, 34).
cost(17, 3, 75).
cost(17, 4, 70).
cost(17, 5, 81).
cost(17, 6, 68).
cost(17, 7, 35).
cost(17, 8, 83).
cost(17, 9, 96).
cost(17, 10, 96).
cost(17, 11, 50).
cost(17, 12, 27).
cost(17, 13, 80).
cost(17, 14, 55).
cost(17, 15, 16).
cost(17, 16, 106).
cost(17, 18, 38).
cost(17, 19, 43).
cost(17, 20, 52).
cost(17, 21, 54).
cost(17, 22, 49).
cost(17, 23, 62).
cost(17, 24, 41).
cost(17, 25, 64).
cost(17, 26, 86).
cost(17, 27, 40).
cost(17, 28, 62).
cost(18, 1, 48).
cost(18, 2, 59).
cost(18, 3, 52).
cost(18, 4, 60).
cost(18, 5, 87).
cost(18, 6, 43).
cost(18, 7, 7).
cost(18, 8, 61).
cost(18, 9, 95).
cost(18, 10, 96).
cost(18, 11, 32).
cost(18, 12, 56).
cost(18, 13, 81).
cost(18, 14, 31).
cost(18, 15, 42).
cost(18, 16, 99).
cost(18, 17, 38).
cost(18, 19, 35).
cost(18, 20, 17).
cost(18, 21, 63).
cost(18, 22, 11).
cost(18, 23, 30).
cost(18, 24, 13).
cost(18, 25, 35).
cost(18, 26, 64).
cost(18, 27, 69).
cost(18, 28, 36).
cost(19, 1, 15).
cost(19, 2, 39).
cost(19, 3, 33).
cost(19, 4, 28).
cost(19, 5, 52).
cost(19, 6, 29).
cost(19, 7, 28).
cost(19, 8, 40).
cost(19, 9, 60).
cost(19, 10, 61).
cost(19, 11, 11).
cost(19, 12, 43).
cost(19, 13, 46).
cost(19, 14, 19).
cost(19, 15, 35).
cost(19, 16, 67).
cost(19, 17, 43).
cost(19, 18, 35).
cost(19, 20, 33).
cost(19, 21, 31).
cost(19, 22, 40).
cost(19, 23, 31).
cost(19, 24, 48).
cost(19, 25, 29).
cost(19, 26, 43).
cost(19, 27, 51).
cost(19, 28, 25).
cost(20, 1, 42).
cost(20, 2, 66).
cost(20, 3, 38).
cost(20, 4, 52).
cost(20, 5, 83).
cost(20, 6, 28).
cost(20, 7, 17).
cost(20, 8, 47).
cost(20, 9, 88).
cost(20, 10, 89).
cost(20, 11, 25).
cost(20, 12, 66).
cost(20, 13, 75).
cost(20, 14, 20).
cost(20, 15, 54).
cost(20, 16, 90).
cost(20, 17, 52).
cost(20, 18, 17).
cost(20, 19, 33).
cost(20, 21, 64).
cost(20, 22, 11).
cost(20, 23, 14).
cost(20, 24, 27).
cost(20, 25, 20).
cost(20, 26, 50).
cost(20, 27, 77).
cost(20, 28, 22).
cost(21, 1, 29).
cost(21, 2, 26).
cost(21, 3, 54).
cost(21, 4, 33).
cost(21, 5, 27).
cost(21, 6, 55).
cost(21, 7, 56).
cost(21, 8, 56).
cost(21, 9, 43).
cost(21, 10, 43).
cost(21, 11, 41).
cost(21, 12, 36).
cost(21, 13, 28).
cost(21, 14, 49).
cost(21, 15, 39).
cost(21, 16, 55).
cost(21, 17, 54).
cost(21, 18, 63).
cost(21, 19, 31).
cost(21, 20, 64).
cost(21, 22, 70).
cost(21, 23, 61).
cost(21, 24, 75).
cost(21, 25, 57).
cost(21, 26, 58).
cost(21, 27, 34).
cost(21, 28, 53).
cost(22, 1, 51).
cost(22, 2, 68).
cost(22, 3, 49).
cost(22, 4, 62).
cost(22, 5, 92).
cost(22, 6, 39).
cost(22, 7, 16).
cost(22, 8, 59).
cost(22, 9, 97).
cost(22, 10, 99).
cost(22, 11, 34).
cost(22, 12, 66).
cost(22, 13, 84).
cost(22, 14, 30).
cost(22, 15, 53).
cost(22, 16, 100).
cost(22, 17, 49).
cost(22, 18, 11).
cost(22, 19, 40).
cost(22, 20, 11).
cost(22, 21, 70).
cost(22, 23, 25).
cost(22, 24, 16).
cost(22, 25, 31).
cost(22, 26, 61).
cost(22, 27, 79).
cost(22, 28, 33).
cost(23, 1, 35).
cost(23, 2, 69).
cost(23, 3, 24).
cost(23, 4, 42).
cost(23, 5, 77).
cost(23, 6, 15).
cost(23, 7, 28).
cost(23, 8, 34).
cost(23, 9, 78).
cost(23, 10, 80).
cost(23, 11, 20).
cost(23, 12, 70).
cost(23, 13, 67).
cost(23, 14, 12).
cost(23, 15, 60).
cost(23, 16, 79).
cost(23, 17, 62).
cost(23, 18, 30).
cost(23, 19, 31).
cost(23, 20, 14).
cost(23, 21, 61).
cost(23, 22, 25).
cost(23, 24, 41).
cost(23, 25, 7).
cost(23, 26, 37).
cost(23, 27, 80).
cost(23, 28, 10).
cost(24, 1, 61).
cost(24, 2, 68).
cost(24, 3, 64).
cost(24, 4, 73).
cost(24, 5, 99).
cost(24, 6, 54).
cost(24, 7, 20).
cost(24, 8, 73).
cost(24, 9, 108).
cost(24, 10, 109).
cost(24, 11, 45).
cost(24, 12, 63).
cost(24, 13, 94).
cost(24, 14, 43).
cost(24, 15, 50).
cost(24, 16, 112).
cost(24, 17, 41).
cost(24, 18, 13).
cost(24, 19, 48).
cost(24, 20, 27).
cost(24, 21, 75).
cost(24, 22, 16).
cost(24, 23, 41).
cost(24, 25, 46).
cost(24, 26, 76).
cost(24, 27, 77).
cost(24, 28, 47).
cost(25, 1, 30).
cost(25, 2, 68).
cost(25, 3, 18).
cost(25, 4, 36).
cost(25, 5, 71).
cost(25, 6, 8).
cost(25, 7, 32).
cost(25, 8, 27).
cost(25, 9, 72).
cost(25, 10, 74).
cost(25, 11, 18).
cost(25, 12, 70).
cost(25, 13, 62).
cost(25, 14, 10).
cost(25, 15, 60).
cost(25, 16, 72).
cost(25, 17, 64).
cost(25, 18, 35).
cost(25, 19, 29).
cost(25, 20, 20).
cost(25, 21, 57).
cost(25, 22, 31).
cost(25, 23, 7).
cost(25, 24, 46).
cost(25, 26, 30).
cost(25, 27, 79).
cost(25, 28, 4).
cost(26, 1, 32).
cost(26, 2, 78).
cost(26, 3, 13).
cost(26, 4, 26).
cost(26, 5, 60).
cost(26, 6, 22).
cost(26, 7, 60).
cost(26, 8, 3).
cost(26, 9, 53).
cost(26, 10, 55).
cost(26, 11, 36).
cost(26, 12, 84).
cost(26, 13, 48).
cost(26, 14, 34).
cost(26, 15, 78).
cost(26, 16, 48).
cost(26, 17, 86).
cost(26, 18, 64).
cost(26, 19, 43).
cost(26, 20, 50).
cost(26, 21, 58).
cost(26, 22, 61).
cost(26, 23, 37).
cost(26, 24, 76).
cost(26, 25, 30).
cost(26, 27, 89).
cost(26, 28, 29).
cost(27, 1, 57).
cost(27, 2, 12).
cost(27, 3, 82).
cost(27, 4, 65).
cost(27, 5, 56).
cost(27, 6, 80).
cost(27, 7, 63).
cost(27, 8, 86).
cost(27, 9, 75).
cost(27, 10, 74).
cost(27, 11, 61).
cost(27, 12, 14).
cost(27, 13, 61).
cost(27, 14, 69).
cost(27, 15, 27).
cost(27, 16, 89).
cost(27, 17, 40).
cost(27, 18, 69).
cost(27, 19, 51).
cost(27, 20, 77).
cost(27, 21, 34).
cost(27, 22, 79).
cost(27, 23, 80).
cost(27, 24, 77).
cost(27, 25, 79).
cost(27, 26, 89).
cost(27, 28, 76).
cost(28, 1, 26).
cost(28, 2, 64).
cost(28, 3, 16).
cost(28, 4, 33).
cost(28, 5, 67).
cost(28, 6, 7).
cost(28, 7, 32).
cost(28, 8, 26).
cost(28, 9, 69).
cost(28, 10, 70).
cost(28, 11, 14).
cost(28, 12, 67).
cost(28, 13, 58).
cost(28, 14, 7).
cost(28, 15, 58).
cost(28, 16, 69).
cost(28, 17, 62).
cost(28, 18, 36).
cost(28, 19, 25).
cost(28, 20, 22).
cost(28, 21, 53).
cost(28, 22, 33).
cost(28, 23, 10).
cost(28, 24, 47).
cost(28, 25, 4).
cost(28, 26, 29).
cost(28, 27, 76).
