dimension(28).
point(1, 23.0507773408, 96.2764065033).
point(2, 8.9620844894, 69.2752775691).
point(3, 31.292333001, 25.0821129251).
point(4, 19.7636109868, 94.9976573509).
point(5, 47.1016689358, 39.6937860076).
point(6, 17.1614194167, 86.7673282475).
point(7, 67.9609695075, 3.3015146421).
point(8, 60.1529739566, 69.8954440929).
point(9, 68.4816666895, 75.1345110858).
point(10, 92.7442619253, 78.6557888817).
point(11, 25.9690163746, 27.7183248984).
point(12, 2.3245513808, 69.1433932597).
point(13, 85.4732116867, 81.3154307195).
point(14, 25.1391193772, 69.6761429579).
point(15, 71.4260255908, 40.3827928883).
point(16, 72.6191620978, 18.9909003563).
point(17, 40.8325530461, 36.6008359488).
point(18, 97.8799669383, 17.4885407465).
point(19, 29.9595208591, 80.2019109197).
point(20, 61.6433214791, 60.1648128437).
point(21, 92.0873238612, 23.4397822868).
point(22, 9.2741131492, 77.8837995244).
point(23, 26.9702757903, 91.2257972871).
point(24, 11.8527400391, 52.8850646427).
point(25, 62.6963952169, 55.0131948102).
point(26, 90.0039121921, 82.9211442624).
point(27, 43.5511060368, 25.275175565).
point(28, 56.5120548191, 75.7670438408).
cost(1, 2, 30).
cost(1, 3, 72).
cost(1, 4, 4).
cost(1, 5, 61).
cost(1, 6, 11).
cost(1, 7, 103).
cost(1, 8, 46).
cost(1, 9, 50).
cost(1, 10, 72).
cost(1, 11, 69).
cost(1, 12, 34).
cost(1, 13, 64).
cost(1, 14, 27).
cost(1, 15, 74).
cost(1, 16, 92).
cost(1, 17, 62).
cost(1, 18, 109).
cost(1, 19, 17).
cost(1, 20, 53).
cost(1, 21, 100).
cost(1, 22, 23).
cost(1, 23, 6).
cost(1, 24, 45).
cost(1, 25, 57).
cost(1, 26, 68).
cost(1, 27, 74).
cost(1, 28, 39).
cost(2, 1, 30).
cost(2, 3, 50).
cost(2, 4, 28).
cost(2, 5, 48).
cost(2, 6, 19).
cost(2, 7, 89).
cost(2, 8, 51).
cost(2, 9, 60).
cost(2, 10, 84).
cost(2, 11, 45).
cost(2, 12, 7).
cost(2, 13, 77).
cost(2, 14, 16).
cost(2, 15, 69).
cost(2, 16, 81).
cost(2, 17, 46).
cost(2, 18, 103).
cost(2, 19, 24).
cost(2, 20, 53).
cost(2, 21, 95).
cost(2, 22, 9).
cost(2, 23, 28).
cost(2, 24, 17).
cost(2, 25, 56).
cost(2, 26, 82).
cost(2, 27, 56).
cost(2, 28, 48).
cost(3, 1, 72).
cost(3, 2, 50).
cost(3, 4, 71).
cost(3, 5, 22).
cost(3, 6, 63).
cost(3, 7, 43).
cost(3, 8, 53).
cost(3, 9, 62).
cost(3, 10, 82).
cost(3, 11, 6).
cost(3, 12, 53).
cost(3, 13, 78).
cost(3, 14, 45).
cost(3, 15, 43).
cost(3, 16, 42).
cost(3, 17, 15).
cost(3, 18, 67).
cost(3, 19, 55).
cost(3, 20, 46).
cost(3, 21, 61).
cost(3, 22, 57).
cost(3, 23, 66).
cost(3, 24, 34).
cost(3, 25, 43).
cost(3, 26, 82).
cost(3, 27, 12).
cost(3, 28, 57).
cost(4, 1, 4).
cost(4, 2, 28).
cost(4, 3, 71).
cost(4, 5, 62).
cost(4, 6, 9).
cost(4, 7, 104).
cost(4, 8, 48).
cost(4, 9, 53).
cost(4, 10, 75).
cost(4, 11, 68).
cost(4, 12, 31).
cost(4, 13, 67).
cost(4, 14, 26).
cost(4, 15, 75).
cost(4, 16, 93).
cost(4, 17, 62).
cost(4, 18, 110).
cost(4, 19, 18).
cost(4, 20, 54).
cost(4, 21, 102).
cost(4, 22, 20).
cost(4, 23, 8).
cost(4, 24, 43).
cost(4, 25, 59).
cost(4, 26, 71).
cost(4, 27, 74).
cost(4, 28, 41).
cost(5, 1, 61).
cost(5, 2, 48).
cost(5, 3, 22).
cost(5, 4, 62).
cost(5, 6, 56).
cost(5, 7, 42).
cost(5, 8, 33).
cost(5, 9, 41).
cost(5, 10, 60).
cost(5, 11, 24).
cost(5, 12, 54).
cost(5, 13, 57).
cost(5, 14, 37).
cost(5, 15, 24).
cost(5, 16, 33).
cost(5, 17, 7).
cost(5, 18, 55).
cost(5, 19, 44).
cost(5, 20, 25).
cost(5, 21, 48).
cost(5, 22, 54).
cost(5, 23, 55).
cost(5, 24, 38).
cost(5, 25, 22).
cost(5, 26, 61).
cost(5, 27, 15).
cost(5, 28, 37).
cost(6, 1, 11).
cost(6, 2, 19).
cost(6, 3, 63).
cost(6, 4, 9).
cost(6, 5, 56).
cost(6, 7, 98).
cost(6, 8, 46).
cost(6, 9, 53).
cost(6, 10, 76).
cost(6, 11, 60).
cost(6, 12, 23).
cost(6, 13, 69).
cost(6, 14, 19).
cost(6, 15, 71).
cost(6, 16, 88).
cost(6, 17, 55).
cost(6, 18, 106).
cost(6, 19, 14).
cost(6, 20, 52).
cost(6, 21, 98).
cost(6, 22, 12).
cost(6, 23, 11).
cost(6, 24, 34).
cost(6, 25, 56).
cost(6, 26, 73).
cost(6, 27, 67).
cost(6, 28, 41).
cost(7, 1, 103).
cost(7, 2, 89).
cost(7, 3, 43).
cost(7, 4, 104).
cost(7, 5, 42).
cost(7, 6, 98).
cost(7, 8, 67).
cost(7, 9, 72).
cost(7, 10, 79).
cost(7, 11, 49).
cost(7, 12, 93).
cost(7, 13, 80).
cost(7, 14, 79).
cost(7, 15, 37).
cost(7, 16, 16).
cost(7, 17, 43).
cost(7, 18, 33).
cost(7, 19, 86).
cost(7, 20, 57).
cost(7, 21, 31).
cost(7, 22, 95).
cost(7, 23, 97).
cost(7, 24, 75).
cost(7, 25, 52).
cost(7, 26, 83).
cost(7, 27, 33).
cost(7, 28, 73).
cost(8, 1, 46).
cost(8, 2, 51).
cost(8, 3, 53).
cost(8, 4, 48).
cost(8, 5, 33).
cost(8, 6, 46).
cost(8, 7, 67).
cost(8, 9, 10).
cost(8, 10, 34).
cost(8, 11, 54).
cost(8, 12, 58).
cost(8, 13, 28).
cost(8, 14, 35).
cost(8, 15, 32).
cost(8, 16, 52).
cost(8, 17, 38).
cost(8, 18, 65).
cost(8, 19, 32).
cost(8, 20, 10).
cost(8, 21, 56).
cost(8, 22, 52).
cost(8, 23, 39).
cost(8, 24, 51).
cost(8, 25, 15).
cost(8, 26, 33).
cost(8, 27, 48).
cost(8, 28, 7).
cost(9, 1, 50).
cost(9, 2, 60).
cost(9, 3, 62).
cost(9, 4, 53).
cost(9, 5, 41).
cost(9, 6, 53).
cost(9, 7, 72).
cost(9, 8, 10).
cost(9, 10, 25).
cost(9, 11, 64).
cost(9, 12, 66).
cost(9, 13, 18).
cost(9, 14, 44).
cost(9, 15, 35).
cost(9, 16, 56).
cost(9, 17, 47).
cost(9, 18, 65).
cost(9, 19, 39).
cost(9, 20, 16).
cost(9, 21, 57).
cost(9, 22, 59).
cost(9, 23, 45).
cost(9, 24, 61).
cost(9, 25, 21).
cost(9, 26, 23).
cost(9, 27, 56).
cost(9, 28, 12).
cost(10, 1, 72).
cost(10, 2, 84).
cost(10, 3, 82).
cost(10, 4, 75).
cost(10, 5, 60).
cost(10, 6, 76).
cost(10, 7, 79).
cost(10, 8, 34).
cost(10, 9, 25).
cost(10, 11, 84).
cost(10, 12, 91).
cost(10, 13, 8).
cost(10, 14, 68).
cost(10, 15, 44).
cost(10, 16, 63).
cost(10, 17, 67).
cost(10, 18, 61).
cost(10, 19, 63).
cost(10, 20, 36).
cost(10, 21, 55).
cost(10, 22, 83).
cost(10, 23, 67).
cost(10, 24, 85).
cost(10, 25, 38).
cost(10, 26, 5).
cost(10, 27, 73).
cost(10, 28, 36).
cost(11, 1, 69).
cost(11, 2, 45).
cost(11, 3, 6).
cost(11, 4, 68).
cost(11, 5, 24).
cost(11, 6, 60).
cost(11, 7, 49).
cost(11, 8, 54).
cost(11, 9, 64).
cost(11, 10, 84).
cost(11, 12, 48).
cost(11, 13, 80).
cost(11, 14, 42).
cost(11, 15, 47).
cost(11, 16, 47).
cost(11, 17, 17).
cost(11, 18, 73).
cost(11, 19, 53).
cost(11, 20, 48).
cost(11, 21, 66).
cost(11, 22, 53).
cost(11, 23, 64).
cost(11, 24, 29).
cost(11, 25, 46).
cost(11, 26, 85).
cost(11, 27, 18).
cost(11, 28, 57).
cost(12, 1, 34).
cost(12, 2, 7).
cost(12, 3, 53).
cost(12, 4, 31).
cost(12, 5, 54).
cost(12, 6, 23).
cost(12, 7, 93).
cost(12, 8, 58).
cost(12, 9, 66).
cost(12, 10, 91).
cost(12, 11, 48).
cost(12, 13, 84).
cost(12, 14, 23).
cost(12, 15, 75).
cost(12, 16, 86).
cost(12, 17, 50).
cost(12, 18, 109).
cost(12, 19, 30).
cost(12, 20, 60).
cost(12, 21, 101).
cost(12, 22, 11).
cost(12, 23, 33).
cost(12, 24, 19).
cost(12, 25, 62).
cost(12, 26, 89).
cost(12, 27, 60).
cost(12, 28, 55).
cost(13, 1, 64).
cost(13, 2, 77).
cost(13, 3, 78).
cost(13, 4, 67).
cost(13, 5, 57).
cost(13, 6, 69).
cost(13, 7, 80).
cost(13, 8, 28).
cost(13, 9, 18).
cost(13, 10, 8).
cost(13, 11, 80).
cost(13, 12, 84).
cost(13, 14, 61).
cost(13, 15, 43).
cost(13, 16, 64).
cost(13, 17, 63).
cost(13, 18, 65).
cost(13, 19, 56).
cost(13, 20, 32).
cost(13, 21, 58).
cost(13, 22, 76).
cost(13, 23, 59).
cost(13, 24, 79).
cost(13, 25, 35).
cost(13, 26, 5).
cost(13, 27, 70).
cost(13, 28, 29).
cost(14, 1, 27).
cost(14, 2, 16).
cost(14, 3, 45).
cost(14, 4, 26).
cost(14, 5, 37).
cost(14, 6, 19).
cost(14, 7, 79).
cost(14, 8, 35).
cost(14, 9, 44).
cost(14, 10, 68).
cost(14, 11, 42).
cost(14, 12, 23).
cost(14, 13, 61).
cost(14, 15, 55).
cost(14, 16, 69).
cost(14, 17, 37).
cost(14, 18, 90).
cost(14, 19, 12).
cost(14, 20, 38).
cost(14, 21, 81).
cost(14, 22, 18).
cost(14, 23, 22).
cost(14, 24, 21).
cost(14, 25, 40).
cost(14, 26, 66).
cost(14, 27, 48).
cost(14, 28, 32).
cost(15, 1, 74).
cost(15, 2, 69).
cost(15, 3, 43).
cost(15, 4, 75).
cost(15, 5, 24).
cost(15, 6, 71).
cost(15, 7, 37).
cost(15, 8, 32).
cost(15, 9, 35).
cost(15, 10, 44).
cost(15, 11, 47).
cost(15, 12, 75).
cost(15, 13, 43).
cost(15, 14, 55).
cost(15, 16, 21).
cost(15, 17, 31).
cost(15, 18, 35).
cost(15, 19, 57).
cost(15, 20, 22).
cost(15, 21, 27).
cost(15, 22, 73).
cost(15, 23, 68).
cost(15, 24, 61).
cost(15, 25, 17).
cost(15, 26, 46).
cost(15, 27, 32).
cost(15, 28, 38).
cost(16, 1, 92).
cost(16, 2, 81).
cost(16, 3, 42).
cost(16, 4, 93).
cost(16, 5, 33).
cost(16, 6, 88).
cost(16, 7, 16).
cost(16, 8, 52).
cost(16, 9, 56).
cost(16, 10, 63).
cost(16, 11, 47).
cost(16, 12, 86).
cost(16, 13, 64).
cost(16, 14, 69).
cost(16, 15, 21).
cost(16, 17, 36).
cost(16, 18, 25).
cost(16, 19, 75).
cost(16, 20, 43).
cost(16, 21, 20).
cost(16, 22, 86).
cost(16, 23, 85).
cost(16, 24, 70).
cost(16, 25, 37).
cost(16, 26, 66).
cost(16, 27, 30).
cost(16, 28, 59).
cost(17, 1, 62).
cost(17, 2, 46).
cost(17, 3, 15).
cost(17, 4, 62).
cost(17, 5, 7).
cost(17, 6, 55).
cost(17, 7, 43).
cost(17, 8, 38).
cost(17, 9, 47).
cost(17, 10, 67).
cost(17, 11, 17).
cost(17, 12, 50).
cost(17, 13, 63).
cost(17, 14, 37).
cost(17, 15, 31).
cost(17, 16, 36).
cost(17, 18, 60).
cost(17, 19, 45).
cost(17, 20, 31).
cost(17, 21, 53).
cost(17, 22, 52).
cost(17, 23, 56).
cost(17, 24, 33).
cost(17, 25, 29).
cost(17, 26, 68).
cost(17, 27, 12).
cost(17, 28, 42).
cost(18, 1, 109).
cost(18, 2, 103).
cost(18, 3, 67).
cost(18, 4, 110).
cost(18, 5, 55).
cost(18, 6, 106).
cost(18, 7, 33).
cost(18, 8, 65).
cost(18, 9, 65).
cost(18, 10, 61).
cost(18, 11, 73).
cost(18, 12, 109).
cost(18, 13, 65).
cost(18, 14, 90).
cost(18, 15, 35).
cost(18, 16, 25).
cost(18, 17, 60).
cost(18, 19, 92).
cost(18, 20, 56).
cost(18, 21, 8).
cost(18, 22, 107).
cost(18, 23, 102).
cost(18, 24, 93).
cost(18, 25, 51).
cost(18, 26, 66).
cost(18, 27, 55).
cost(18, 28, 71).
cost(19, 1, 17).
cost(19, 2, 24).
cost(19, 3, 55).
cost(19, 4, 18).
cost(19, 5, 44).
cost(19, 6, 14).
cost(19, 7, 86).
cost(19, 8, 32).
cost(19, 9, 39).
cost(19, 10, 63).
cost(19, 11, 53).
cost(19, 12, 30).
cost(19, 13, 56).
cost(19, 14, 12).
cost(19, 15, 57).
cost(19, 16, 75).
cost(19, 17, 45).
cost(19, 18, 92).
cost(19, 20, 37).
cost(19, 21, 84).
cost(19, 22, 21).
cost(19, 23, 11).
cost(19, 24, 33).
cost(19, 25, 41).
cost(19, 26, 60).
cost(19, 27, 57).
cost(19, 28, 27).
cost(20, 1, 53).
cost(20, 2, 53).
cost(20, 3, 46).
cost(20, 4, 54).
cost(20, 5, 25).
cost(20, 6, 52).
cost(20, 7, 57).
cost(20, 8, 10).
cost(20, 9, 16).
cost(20, 10, 36).
cost(20, 11, 48).
cost(20, 12, 60).
cost(20, 13, 32).
cost(20, 14, 38).
cost(20, 15, 22).
cost(20, 16, 43).
cost(20, 17, 31).
cost(20, 18, 56).
cost(20, 19, 37).
cost(20, 21, 48).
cost(20, 22, 55).
cost(20, 23, 47).
cost(20, 24, 50).
cost(20, 25, 5).
cost(20, 26, 36).
cost(20, 27, 39).
cost(20, 28, 16).
cost(21, 1, 100).
cost(21, 2, 95).
cost(21, 3, 61).
cost(21, 4, 102).
cost(21, 5, 48).
cost(21, 6, 98).
cost(21, 7, 31).
cost(21, 8, 56).
cost(21, 9, 57).
cost(21, 10, 55).
cost(21, 11, 66).
cost(21, 12, 101).
cost(21, 13, 58).
cost(21, 14, 81).
cost(21, 15, 27).
cost(21, 16, 20).
cost(21, 17, 53).
cost(21, 18, 8).
cost(21, 19, 84).
cost(21, 20, 48).
cost(21, 22, 99).
cost(21, 23, 94).
cost(21, 24, 85).
cost(21, 25, 43).
cost(21, 26, 60).
cost(21, 27, 49).
cost(21, 28, 63).
cost(22, 1, 23).
cost(22, 2, 9).
cost(22, 3, 57).
cost(22, 4, 20).
cost(22, 5, 54).
cost(22, 6, 12).
cost(22, 7, 95).
cost(22, 8, 52).
cost(22, 9, 59).
cost(22, 10, 83).
cost(22, 11, 53).
cost(22, 12, 11).
cost(22, 13, 76).
cost(22, 14, 18).
cost(22, 15, 73).
cost(22, 16, 86).
cost(22, 17, 52).
cost(22, 18, 107).
cost(22, 19, 21).
cost(22, 20, 55).
cost(22, 21, 99).
cost(22, 23, 22).
cost(22, 24, 25).
cost(22, 25, 58).
cost(22, 26, 81).
cost(22, 27, 63).
cost(22, 28, 47).
cost(23, 1, 6).
cost(23, 2, 28).
cost(23, 3, 66).
cost(23, 4, 8).
cost(23, 5, 55).
cost(23, 6, 11).
cost(23, 7, 97).
cost(23, 8, 39).
cost(23, 9, 45).
cost(23, 10, 67).
cost(23, 11, 64).
cost(23, 12, 33).
cost(23, 13, 59).
cost(23, 14, 22).
cost(23, 15, 68).
cost(23, 16, 85).
cost(23, 17, 56).
cost(23, 18, 102).
cost(23, 19, 11).
cost(23, 20, 47).
cost(23, 21, 94).
cost(23, 22, 22).
cost(23, 24, 41).
cost(23, 25, 51).
cost(23, 26, 64).
cost(23, 27, 68).
cost(23, 28, 33).
cost(24, 1, 45).
cost(24, 2, 17).
cost(24, 3, 34).
cost(24, 4, 43).
cost(24, 5, 38).
cost(24, 6, 34).
cost(24, 7, 75).
cost(24, 8, 51).
cost(24, 9, 61).
cost(24, 10, 85).
cost(24, 11, 29).
cost(24, 12, 19).
cost(24, 13, 79).
cost(24, 14, 21).
cost(24, 15, 61).
cost(24, 16, 70).
cost(24, 17, 33).
cost(24, 18, 93).
cost(24, 19, 33).
cost(24, 20, 50).
cost(24, 21, 85).
cost(24, 22, 25).
cost(24, 23, 41).
cost(24, 25, 51).
cost(24, 26, 84).
cost(24, 27, 42).
cost(24, 28, 50).
cost(25, 1, 57).
cost(25, 2, 56).
cost(25, 3, 43).
cost(25, 4, 59).
cost(25, 5, 22).
cost(25, 6, 56).
cost(25, 7, 52).
cost(25, 8, 15).
cost(25, 9, 21).
cost(25, 10, 38).
cost(25, 11, 46).
cost(25, 12, 62).
cost(25, 13, 35).
cost(25, 14, 40).
cost(25, 15, 17).
cost(25, 16, 37).
cost(25, 17, 29).
cost(25, 18, 51).
cost(25, 19, 41).
cost(25, 20, 5).
cost(25, 21, 43).
cost(25, 22, 58).
cost(25, 23, 51).
cost(25, 24, 51).
cost(25, 26, 39).
cost(25, 27, 35).
cost(25, 28, 22).
cost(26, 1, 68).
cost(26, 2, 82).
cost(26, 3, 82).
cost(26, 4, 71).
cost(26, 5, 61).
cost(26, 6, 73).
cost(26, 7, 83).
cost(26, 8, 33).
cost(26, 9, 23).
cost(26, 10, 5).
cost(26, 11, 85).
cost(26, 12, 89).
cost(26, 13, 5).
cost(26, 14, 66).
cost(26, 15, 46).
cost(26, 16, 66).
cost(26, 17, 68).
cost(26, 18, 66).
cost(26, 19, 60).
cost(26, 20, 36).
cost(26, 21, 60).
cost(26, 22, 81).
cost(26, 23, 64).
cost(26, 24, 84).
cost(26, 25, 39).
cost(26, 27, 74).
cost(26, 28, 34).
cost(27, 1, 74).
cost(27, 2, 56).
cost(27, 3, 12).
cost(27, 4, 74).
cost(27, 5, 15).
cost(27, 6, 67).
cost(27, 7, 33).
cost(27, 8, 48).
cost(27, 9, 56).
cost(27, 10, 73).
cost(27, 11, 18).
cost(27, 12, 60).
cost(27, 13, 70).
cost(27, 14, 48).
cost(27, 15, 32).
cost(27, 16, 30).
cost(27, 17, 12).
cost(27, 18, 55).
cost(27, 19, 57).
cost(27, 20, 39).
cost(27, 21, 49).
cost(27, 22, 63).
cost(27, 23, 68).
cost(27, 24, 42).
cost(27, 25, 35).
cost(27, 26, 74).
cost(27, 28, 52).
cost(28, 1, 39).
cost(28, 2, 48).
cost(28, 3, 57).
cost(28, 4, 41).
cost(28, 5, 37).
cost(28, 6, 41).
cost(28, 7, 73).
cost(28, 8, 7).
cost(28, 9, 12).
cost(28, 10, 36).
cost(28, 11, 57).
cost(28, 12, 55).
cost(28, 13, 29).
cost(28, 14, 32).
cost(28, 15, 38).
cost(28, 16, 59).
cost(28, 17, 42).
cost(28, 18, 71).
cost(28, 19, 27).
cost(28, 20, 16).
cost(28, 21, 63).
cost(28, 22, 47).
cost(28, 23, 33).
cost(28, 24, 50).
cost(28, 25, 22).
cost(28, 26, 34).
cost(28, 27, 52).
