dimension(28).
point(1, 15.4763116309, 48.156220802).
point(2, 80.8562485758, 72.9060342958).
point(3, 90.4325760067, 18.0888182387).
point(4, 28.0540621198, 73.3818531327).
point(5, 12.3704512537, 73.7378755194).
point(6, 4.1167786224, 72.9154908861).
point(7, 20.551269635, 59.8841428942).
point(8, 75.5268115111, 93.5212988174).
point(9, 1.2402106031, 66.4751241927).
point(10, 0.695405108, 83.4087819659).
point(11, 42.2303199765, 35.8583097089).
point(12, 80.2663730703, 29.37456369).
point(13, 32.8654526766, 56.070403688).
point(14, 33.9599870204, 53.2887091192).
point(15, 47.2790242021, 94.132829947).
point(16, 44.1149709999, 19.4461882695).
point(17, 58.2549055654, 87.3104845594).
point(18, 65.2397952017, 11.7502775633).
point(19, 72.8453640727, 25.6580121865).
point(20, 30.0690106491, 17.1089443566).
point(21, 32.1607754614, 21.2816339904).
point(22, 78.2226819658, 77.6691394811).
point(23, 13.9488816491, 43.1522844338).
point(24, 75.265205832, 25.8318374228).
point(25, 23.283635461, 47.3223068482).
point(26, 27.1885648542, 41.3911816148).
point(27, 52.2371802425, 43.0679507014).
point(28, 13.4183309088, 83.11596619).
cost(1, 2, 70).
cost(1, 3, 81).
cost(1, 4, 28).
cost(1, 5, 26).
cost(1, 6, 27).
cost(1, 7, 13).
cost(1, 8, 75).
cost(1, 9, 23).
cost(1, 10, 38).
cost(1, 11, 29).
cost(1, 12, 67).
cost(1, 13, 19).
cost(1, 14, 19).
cost(1, 15, 56).
cost(1, 16, 41).
cost(1, 17, 58).
cost(1, 18, 62).
cost(1, 19, 62).
cost(1, 20, 34).
cost(1, 21, 32).
cost(1, 22, 69).
cost(1, 23, 5).
cost(1, 24, 64).
cost(1, 25, 8).
cost(1, 26, 14).
cost(1, 27, 37).
cost(1, 28, 35).
cost(2, 1, 70).
cost(2, 3, 56).
cost(2, 4, 53).
cost(2, 5, 68).
cost(2, 6, 77).
cost(2, 7, 62).
cost(2, 8, 21).
cost(2, 9, 80).
cost(2, 10, 81).
cost(2, 11, 54).
cost(2, 12, 44).
cost(2, 13, 51).
cost(2, 14, 51).
cost(2, 15, 40).
cost(2, 16, 65).
cost(2, 17, 27).
cost(2, 18, 63).
cost(2, 19, 48).
cost(2, 20, 75).
cost(2, 21, 71).
cost(2, 22, 5).
cost(2, 23, 73).
cost(2, 24, 47).
cost(2, 25, 63).
cost(2, 26, 62).
cost(2, 27, 41).
cost(2, 28, 68).
cost(3, 1, 81).
cost(3, 2, 56).
cost(3, 4, 83).
cost(3, 5, 96).
cost(3, 6, 102).
cost(3, 7, 81).
cost(3, 8, 77).
cost(3, 9, 101).
cost(3, 10, 111).
cost(3, 11, 51).
cost(3, 12, 15).
cost(3, 13, 69).
cost(3, 14, 67).
cost(3, 15, 87).
cost(3, 16, 46).
cost(3, 17, 76).
cost(3, 18, 26).
cost(3, 19, 19).
cost(3, 20, 60).
cost(3, 21, 58).
cost(3, 22, 61).
cost(3, 23, 80).
cost(3, 24, 17).
cost(3, 25, 73).
cost(3, 26, 67).
cost(3, 27, 46).
cost(3, 28, 101).
cost(4, 1, 28).
cost(4, 2, 53).
cost(4, 3, 83).
cost(4, 5, 16).
cost(4, 6, 24).
cost(4, 7, 15).
cost(4, 8, 52).
cost(4, 9, 28).
cost(4, 10, 29).
cost(4, 11, 40).
cost(4, 12, 68).
cost(4, 13, 18).
cost(4, 14, 21).
cost(4, 15, 28).
cost(4, 16, 56).
cost(4, 17, 33).
cost(4, 18, 72).
cost(4, 19, 65).
cost(4, 20, 56).
cost(4, 21, 52).
cost(4, 22, 50).
cost(4, 23, 33).
cost(4, 24, 67).
cost(4, 25, 26).
cost(4, 26, 32).
cost(4, 27, 39).
cost(4, 28, 18).
cost(5, 1, 26).
cost(5, 2, 68).
cost(5, 3, 96).
cost(5, 4, 16).
cost(5, 6, 8).
cost(5, 7, 16).
cost(5, 8, 66).
cost(5, 9, 13).
cost(5, 10, 15).
cost(5, 11, 48).
cost(5, 12, 81).
cost(5, 13, 27).
cost(5, 14, 30).
cost(5, 15, 40).
cost(5, 16, 63).
cost(5, 17, 48).
cost(5, 18, 81).
cost(5, 19, 77).
cost(5, 20, 59).
cost(5, 21, 56).
cost(5, 22, 66).
cost(5, 23, 31).
cost(5, 24, 79).
cost(5, 25, 29).
cost(5, 26, 36).
cost(5, 27, 50).
cost(5, 28, 9).
cost(6, 1, 27).
cost(6, 2, 77).
cost(6, 3, 102).
cost(6, 4, 24).
cost(6, 5, 8).
cost(6, 7, 21).
cost(6, 8, 74).
cost(6, 9, 7).
cost(6, 10, 11).
cost(6, 11, 53).
cost(6, 12, 88).
cost(6, 13, 33).
cost(6, 14, 36).
cost(6, 15, 48).
cost(6, 16, 67).
cost(6, 17, 56).
cost(6, 18, 86).
cost(6, 19, 83).
cost(6, 20, 62).
cost(6, 21, 59).
cost(6, 22, 74).
cost(6, 23, 31).
cost(6, 24, 85).
cost(6, 25, 32).
cost(6, 26, 39).
cost(6, 27, 57).
cost(6, 28, 14).
cost(7, 1, 13).
cost(7, 2, 62).
cost(7, 3, 81).
cost(7, 4, 15).
cost(7, 5, 16).
cost(7, 6, 21).
cost(7, 8, 64).
cost(7, 9, 20).
cost(7, 10, 31).
cost(7, 11, 32).
cost(7, 12, 67).
cost(7, 13, 13).
cost(7, 14, 15).
cost(7, 15, 43).
cost(7, 16, 47).
cost(7, 17, 47).
cost(7, 18, 66).
cost(7, 19, 62).
cost(7, 20, 44).
cost(7, 21, 40).
cost(7, 22, 60).
cost(7, 23, 18).
cost(7, 24, 64).
cost(7, 25, 13).
cost(7, 26, 20).
cost(7, 27, 36).
cost(7, 28, 24).
cost(8, 1, 75).
cost(8, 2, 21).
cost(8, 3, 77).
cost(8, 4, 52).
cost(8, 5, 66).
cost(8, 6, 74).
cost(8, 7, 64).
cost(8, 9, 79).
cost(8, 10, 76).
cost(8, 11, 67).
cost(8, 12, 64).
cost(8, 13, 57).
cost(8, 14, 58).
cost(8, 15, 28).
cost(8, 16, 80).
cost(8, 17, 18).
cost(8, 18, 82).
cost(8, 19, 68).
cost(8, 20, 89).
cost(8, 21, 84).
cost(8, 22, 16).
cost(8, 23, 80).
cost(8, 24, 68).
cost(8, 25, 70).
cost(8, 26, 71).
cost(8, 27, 56).
cost(8, 28, 63).
cost(9, 1, 23).
cost(9, 2, 80).
cost(9, 3, 101).
cost(9, 4, 28).
cost(9, 5, 13).
cost(9, 6, 7).
cost(9, 7, 20).
cost(9, 8, 79).
cost(9, 10, 17).
cost(9, 11, 51).
cost(9, 12, 87).
cost(9, 13, 33).
cost(9, 14, 35).
cost(9, 15, 54).
cost(9, 16, 64).
cost(9, 17, 61).
cost(9, 18, 84).
cost(9, 19, 82).
cost(9, 20, 57).
cost(9, 21, 55).
cost(9, 22, 78).
cost(9, 23, 27).
cost(9, 24, 84).
cost(9, 25, 29).
cost(9, 26, 36).
cost(9, 27, 56).
cost(9, 28, 21).
cost(10, 1, 38).
cost(10, 2, 81).
cost(10, 3, 111).
cost(10, 4, 29).
cost(10, 5, 15).
cost(10, 6, 11).
cost(10, 7, 31).
cost(10, 8, 76).
cost(10, 9, 17).
cost(10, 11, 63).
cost(10, 12, 96).
cost(10, 13, 42).
cost(10, 14, 45).
cost(10, 15, 48).
cost(10, 16, 77).
cost(10, 17, 58).
cost(10, 18, 96).
cost(10, 19, 92).
cost(10, 20, 73).
cost(10, 21, 70).
cost(10, 22, 78).
cost(10, 23, 42).
cost(10, 24, 94).
cost(10, 25, 43).
cost(10, 26, 50).
cost(10, 27, 65).
cost(10, 28, 13).
cost(11, 1, 29).
cost(11, 2, 54).
cost(11, 3, 51).
cost(11, 4, 40).
cost(11, 5, 48).
cost(11, 6, 53).
cost(11, 7, 32).
cost(11, 8, 67).
cost(11, 9, 51).
cost(11, 10, 63).
cost(11, 12, 39).
cost(11, 13, 22).
cost(11, 14, 19).
cost(11, 15, 58).
cost(11, 16, 17).
cost(11, 17, 54).
cost(11, 18, 33).
cost(11, 19, 32).
cost(11, 20, 22).
cost(11, 21, 18).
cost(11, 22, 55).
cost(11, 23, 29).
cost(11, 24, 35).
cost(11, 25, 22).
cost(11, 26, 16).
cost(11, 27, 12).
cost(11, 28, 55).
cost(12, 1, 67).
cost(12, 2, 44).
cost(12, 3, 15).
cost(12, 4, 68).
cost(12, 5, 81).
cost(12, 6, 88).
cost(12, 7, 67).
cost(12, 8, 64).
cost(12, 9, 87).
cost(12, 10, 96).
cost(12, 11, 39).
cost(12, 13, 54).
cost(12, 14, 52).
cost(12, 15, 73).
cost(12, 16, 37).
cost(12, 17, 62).
cost(12, 18, 23).
cost(12, 19, 8).
cost(12, 20, 52).
cost(12, 21, 49).
cost(12, 22, 48).
cost(12, 23, 68).
cost(12, 24, 6).
cost(12, 25, 60).
cost(12, 26, 54).
cost(12, 27, 31).
cost(12, 28, 86).
cost(13, 1, 19).
cost(13, 2, 51).
cost(13, 3, 69).
cost(13, 4, 18).
cost(13, 5, 27).
cost(13, 6, 33).
cost(13, 7, 13).
cost(13, 8, 57).
cost(13, 9, 33).
cost(13, 10, 42).
cost(13, 11, 22).
cost(13, 12, 54).
cost(13, 14, 3).
cost(13, 15, 41).
cost(13, 16, 38).
cost(13, 17, 40).
cost(13, 18, 55).
cost(13, 19, 50).
cost(13, 20, 39).
cost(13, 21, 35).
cost(13, 22, 50).
cost(13, 23, 23).
cost(13, 24, 52).
cost(13, 25, 13).
cost(13, 26, 16).
cost(13, 27, 23).
cost(13, 28, 33).
cost(14, 1, 19).
cost(14, 2, 51).
cost(14, 3, 67).
cost(14, 4, 21).
cost(14, 5, 30).
cost(14, 6, 36).
cost(14, 7, 15).
cost(14, 8, 58).
cost(14, 9, 35).
cost(14, 10, 45).
cost(14, 11, 19).
cost(14, 12, 52).
cost(14, 13, 3).
cost(14, 15, 43).
cost(14, 16, 35).
cost(14, 17, 42).
cost(14, 18, 52).
cost(14, 19, 48).
cost(14, 20, 36).
cost(14, 21, 32).
cost(14, 22, 51).
cost(14, 23, 22).
cost(14, 24, 50).
cost(14, 25, 12).
cost(14, 26, 14).
cost(14, 27, 21).
cost(14, 28, 36).
cost(15, 1, 56).
cost(15, 2, 40).
cost(15, 3, 87).
cost(15, 4, 28).
cost(15, 5, 40).
cost(15, 6, 48).
cost(15, 7, 43).
cost(15, 8, 28).
cost(15, 9, 54).
cost(15, 10, 48).
cost(15, 11, 58).
cost(15, 12, 73).
cost(15, 13, 41).
cost(15, 14, 43).
cost(15, 16, 75).
cost(15, 17, 13).
cost(15, 18, 84).
cost(15, 19, 73).
cost(15, 20, 79).
cost(15, 21, 74).
cost(15, 22, 35).
cost(15, 23, 61).
cost(15, 24, 74).
cost(15, 25, 53).
cost(15, 26, 56).
cost(15, 27, 51).
cost(15, 28, 36).
cost(16, 1, 41).
cost(16, 2, 65).
cost(16, 3, 46).
cost(16, 4, 56).
cost(16, 5, 63).
cost(16, 6, 67).
cost(16, 7, 47).
cost(16, 8, 80).
cost(16, 9, 64).
cost(16, 10, 77).
cost(16, 11, 17).
cost(16, 12, 37).
cost(16, 13, 38).
cost(16, 14, 35).
cost(16, 15, 75).
cost(16, 17, 69).
cost(16, 18, 22).
cost(16, 19, 29).
cost(16, 20, 14).
cost(16, 21, 12).
cost(16, 22, 67).
cost(16, 23, 38).
cost(16, 24, 32).
cost(16, 25, 35).
cost(16, 26, 28).
cost(16, 27, 25).
cost(16, 28, 71).
cost(17, 1, 58).
cost(17, 2, 27).
cost(17, 3, 76).
cost(17, 4, 33).
cost(17, 5, 48).
cost(17, 6, 56).
cost(17, 7, 47).
cost(17, 8, 18).
cost(17, 9, 61).
cost(17, 10, 58).
cost(17, 11, 54).
cost(17, 12, 62).
cost(17, 13, 40).
cost(17, 14, 42).
cost(17, 15, 13).
cost(17, 16, 69).
cost(17, 18, 76).
cost(17, 19, 63).
cost(17, 20, 76).
cost(17, 21, 71).
cost(17, 22, 22).
cost(17, 23, 63).
cost(17, 24, 64).
cost(17, 25, 53).
cost(17, 26, 55).
cost(17, 27, 45).
cost(17, 28, 45).
cost(18, 1, 62).
cost(18, 2, 63).
cost(18, 3, 26).
cost(18, 4, 72).
cost(18, 5, 81).
cost(18, 6, 86).
cost(18, 7, 66).
cost(18, 8, 82).
cost(18, 9, 84).
cost(18, 10, 96).
cost(18, 11, 33).
cost(18, 12, 23).
cost(18, 13, 55).
cost(18, 14, 52).
cost(18, 15, 84).
cost(18, 16, 22).
cost(18, 17, 76).
cost(18, 19, 16).
cost(18, 20, 36).
cost(18, 21, 34).
cost(18, 22, 67).
cost(18, 23, 60).
cost(18, 24, 17).
cost(18, 25, 55).
cost(18, 26, 48).
cost(18, 27, 34).
cost(18, 28, 88).
cost(19, 1, 62).
cost(19, 2, 48).
cost(19, 3, 19).
cost(19, 4, 65).
cost(19, 5, 77).
cost(19, 6, 83).
cost(19, 7, 62).
cost(19, 8, 68).
cost(19, 9, 82).
cost(19, 10, 92).
cost(19, 11, 32).
cost(19, 12, 8).
cost(19, 13, 50).
cost(19, 14, 48).
cost(19, 15, 73).
cost(19, 16, 29).
cost(19, 17, 63).
cost(19, 18, 16).
cost(19, 20, 44).
cost(19, 21, 41).
cost(19, 22, 52).
cost(19, 23, 61).
cost(19, 24, 2).
cost(19, 25, 54).
cost(19, 26, 48).
cost(19, 27, 27).
cost(19, 28, 83).
cost(20, 1, 34).
cost(20, 2, 75).
cost(20, 3, 60).
cost(20, 4, 56).
cost(20, 5, 59).
cost(20, 6, 62).
cost(20, 7, 44).
cost(20, 8, 89).
cost(20, 9, 57).
cost(20, 10, 73).
cost(20, 11, 22).
cost(20, 12, 52).
cost(20, 13, 39).
cost(20, 14, 36).
cost(20, 15, 79).
cost(20, 16, 14).
cost(20, 17, 76).
cost(20, 18, 36).
cost(20, 19, 44).
cost(20, 21, 5).
cost(20, 22, 77).
cost(20, 23, 31).
cost(20, 24, 46).
cost(20, 25, 31).
cost(20, 26, 24).
cost(20, 27, 34).
cost(20, 28, 68).
cost(21, 1, 32).
cost(21, 2, 71).
cost(21, 3, 58).
cost(21, 4, 52).
cost(21, 5, 56).
cost(21, 6, 59).
cost(21, 7, 40).
cost(21, 8, 84).
cost(21, 9, 55).
cost(21, 10, 70).
cost(21, 11, 18).
cost(21, 12, 49).
cost(21, 13, 35).
cost(21, 14, 32).
cost(21, 15, 74).
cost(21, 16, 12).
cost(21, 17, 71).
cost(21, 18, 34).
cost(21, 19, 41).
cost(21, 20, 5).
cost(21, 22, 73).
cost(21, 23, 28).
cost(21, 24, 43).
cost(21, 25, 28).
cost(21, 26, 21).
cost(21, 27, 30).
cost(21, 28, 65).
cost(22, 1, 69).
cost(22, 2, 5).
cost(22, 3, 61).
cost(22, 4, 50).
cost(22, 5, 66).
cost(22, 6, 74).
cost(22, 7, 60).
cost(22, 8, 16).
cost(22, 9, 78).
cost(22, 10, 78).
cost(22, 11, 55).
cost(22, 12, 48).
cost(22, 13, 50).
cost(22, 14, 51).
cost(22, 15, 35).
cost(22, 16, 67).
cost(22, 17, 22).
cost(22, 18, 67).
cost(22, 19, 52).
cost(22, 20, 77).
cost(22, 21, 73).
cost(22, 23, 73).
cost(22, 24, 52).
cost(22, 25, 63).
cost(22, 26, 63).
cost(22, 27, 43).
cost(22, 28, 65).
cost(23, 1, 5).
cost(23, 2, 73).
cost(23, 3, 80).
cost(23, 4, 33).
cost(23, 5, 31).
cost(23, 6, 31).
cost(23, 7, 18).
cost(23, 8, 80).
cost(23, 9, 27).
cost(23, 10, 42).
cost(23, 11, 29).
cost(23, 12, 68).
cost(23, 13, 23).
cost(23, 14, 22).
cost(23, 15, 61).
cost(23, 16, 38).
cost(23, 17, 63).
cost(23, 18, 60).
cost(23, 19, 61).
cost(23, 20, 31).
cost(23, 21, 28).
cost(23, 22, 73).
cost(23, 24, 64).
cost(23, 25, 10).
cost(23, 26, 13).
cost(23, 27, 38).
cost(23, 28, 40).
cost(24, 1, 64).
cost(24, 2, 47).
cost(24, 3, 17).
cost(24, 4, 67).
cost(24, 5, 79).
cost(24, 6, 85).
cost(24, 7, 64).
cost(24, 8, 68).
cost(24, 9, 84).
cost(24, 10, 94).
cost(24, 11, 35).
cost(24, 12, 6).
cost(24, 13, 52).
cost(24, 14, 50).
cost(24, 15, 74).
cost(24, 16, 32).
cost(24, 17, 64).
cost(24, 18, 17).
cost(24, 19, 2).
cost(24, 20, 46).
cost(24, 21, 43).
cost(24, 22, 52).
cost(24, 23, 64).
cost(24, 25, 56).
cost(24, 26, 51).
cost(24, 27, 29).
cost(24, 28, 84).
cost(25, 1, 8).
cost(25, 2, 63).
cost(25, 3, 73).
cost(25, 4, 26).
cost(25, 5, 29).
cost(25, 6, 32).
cost(25, 7, 13).
cost(25, 8, 70).
cost(25, 9, 29).
cost(25, 10, 43).
cost(25, 11, 22).
cost(25, 12, 60).
cost(25, 13, 13).
cost(25, 14, 12).
cost(25, 15, 53).
cost(25, 16, 35).
cost(25, 17, 53).
cost(25, 18, 55).
cost(25, 19, 54).
cost(25, 20, 31).
cost(25, 21, 28).
cost(25, 22, 63).
cost(25, 23, 10).
cost(25, 24, 56).
cost(25, 26, 7).
cost(25, 27, 29).
cost(25, 28, 37).
cost(26, 1, 14).
cost(26, 2, 62).
cost(26, 3, 67).
cost(26, 4, 32).
cost(26, 5, 36).
cost(26, 6, 39).
cost(26, 7, 20).
cost(26, 8, 71).
cost(26, 9, 36).
cost(26, 10, 50).
cost(26, 11, 16).
cost(26, 12, 54).
cost(26, 13, 16).
cost(26, 14, 14).
cost(26, 15, 56).
cost(26, 16, 28).
cost(26, 17, 55).
cost(26, 18, 48).
cost(26, 19, 48).
cost(26, 20, 24).
cost(26, 21, 21).
cost(26, 22, 63).
cost(26, 23, 13).
cost(26, 24, 51).
cost(26, 25, 7).
cost(26, 27, 25).
cost(26, 28, 44).
cost(27, 1, 37).
cost(27, 2, 41).
cost(27, 3, 46).
cost(27, 4, 39).
cost(27, 5, 50).
cost(27, 6, 57).
cost(27, 7, 36).
cost(27, 8, 56).
cost(27, 9, 56).
cost(27, 10, 65).
cost(27, 11, 12).
cost(27, 12, 31).
cost(27, 13, 23).
cost(27, 14, 21).
cost(27, 15, 51).
cost(27, 16, 25).
cost(27, 17, 45).
cost(27, 18, 34).
cost(27, 19, 27).
cost(27, 20, 34).
cost(27, 21, 30).
cost(27, 22, 43).
cost(27, 23, 38).
cost(27, 24, 29).
cost(27, 25, 29).
cost(27, 26, 25).
cost(27, 28, 56).
cost(28, 1, 35).
cost(28, 2, 68).
cost(28, 3, 101).
cost(28, 4, 18).
cost(28, 5, 9).
cost(28, 6, 14).
cost(28, 7, 24).
cost(28, 8, 63).
cost(28, 9, 21).
cost(28, 10, 13).
cost(28, 11, 55).
cost(28, 12, 86).
cost(28, 13, 33).
cost(28, 14, 36).
cost(28, 15, 36).
cost(28, 16, 71).
cost(28, 17, 45).
cost(28, 18, 88).
cost(28, 19, 83).
cost(28, 20, 68).
cost(28, 21, 65).
cost(28, 22, 65).
cost(28, 23, 40).
cost(28, 24, 84).
cost(28, 25, 37).
cost(28, 26, 44).
cost(28, 27, 56).
