dimension(28).
point(1, 92.6132198479, 97.5160363911).
point(2, 53.8059159007, 25.5871085195).
point(3, 10.2552448767, 68.2399219763).
point(4, 14.8253414198, 26.894387148).
point(5, 48.2367051516, 15.1062736105).
point(6, 75.5749743978, 17.2222894322).
point(7, 33.9193007843, 36.0008594249).
point(8, 91.4423640012, 89.9113629237).
point(9, 10.9084501158, 55.5167662284).
point(10, 51.6221638767, 66.7987973301).
point(11, 11.2745431311, 75.6454777825).
point(12, 26.8977207531, 42.5690225968).
point(13, 80.7090893931, 85.3615269666).
point(14, 21.1695295458, 36.3615031327).
point(15, 51.3728932003, 64.6942725359).
point(16, 5.9290729982, 51.1699657194).
point(17, 58.7601638633, 70.2650519936).
point(18, 12.41486586, 31.8819563174).
point(19, 86.6727290959, 7.3276717687).
point(20, 38.8558467009, 64.0093358313).
point(21, 73.5294153007, 90.5402443122).
point(22, 43.0438119554, 75.1369382893).
point(23, 87.6204114054, 39.9457210421).
point(24, 80.1826835848, 58.0274946831).
point(25, 92.5806877334, 83.4243374369).
point(26, 4.0779038177, 63.1061532714).
point(27, 64.5478894593, 61.5291873467).
point(28, 49.6419276136, 41.0685287131).
cost(1, 2, 82).
cost(1, 3, 87).
cost(1, 4, 105).
cost(1, 5, 94).
cost(1, 6, 82).
cost(1, 7, 85).
cost(1, 8, 8).
cost(1, 9, 92).
cost(1, 10, 51).
cost(1, 11, 84).
cost(1, 12, 86).
cost(1, 13, 17).
cost(1, 14, 94).
cost(1, 15, 53).
cost(1, 16, 98).
cost(1, 17, 43).
cost(1, 18, 104).
cost(1, 19, 90).
cost(1, 20, 63).
cost(1, 21, 20).
cost(1, 22, 54).
cost(1, 23, 58).
cost(1, 24, 41).
cost(1, 25, 14).
cost(1, 26, 95).
cost(1, 27, 46).
cost(1, 28, 71).
cost(2, 1, 82).
cost(2, 3, 61).
cost(2, 4, 39).
cost(2, 5, 12).
cost(2, 6, 23).
cost(2, 7, 22).
cost(2, 8, 75).
cost(2, 9, 52).
cost(2, 10, 41).
cost(2, 11, 66).
cost(2, 12, 32).
cost(2, 13, 66).
cost(2, 14, 34).
cost(2, 15, 39).
cost(2, 16, 54).
cost(2, 17, 45).
cost(2, 18, 42).
cost(2, 19, 38).
cost(2, 20, 41).
cost(2, 21, 68).
cost(2, 22, 51).
cost(2, 23, 37).
cost(2, 24, 42).
cost(2, 25, 70).
cost(2, 26, 62).
cost(2, 27, 38).
cost(2, 28, 16).
cost(3, 1, 87).
cost(3, 2, 61).
cost(3, 4, 42).
cost(3, 5, 65).
cost(3, 6, 83).
cost(3, 7, 40).
cost(3, 8, 84).
cost(3, 9, 13).
cost(3, 10, 41).
cost(3, 11, 7).
cost(3, 12, 31).
cost(3, 13, 73).
cost(3, 14, 34).
cost(3, 15, 41).
cost(3, 16, 18).
cost(3, 17, 49).
cost(3, 18, 36).
cost(3, 19, 98).
cost(3, 20, 29).
cost(3, 21, 67).
cost(3, 22, 34).
cost(3, 23, 82).
cost(3, 24, 71).
cost(3, 25, 84).
cost(3, 26, 8).
cost(3, 27, 55).
cost(3, 28, 48).
cost(4, 1, 105).
cost(4, 2, 39).
cost(4, 3, 42).
cost(4, 5, 35).
cost(4, 6, 62).
cost(4, 7, 21).
cost(4, 8, 99).
cost(4, 9, 29).
cost(4, 10, 54).
cost(4, 11, 49).
cost(4, 12, 20).
cost(4, 13, 88).
cost(4, 14, 11).
cost(4, 15, 53).
cost(4, 16, 26).
cost(4, 17, 62).
cost(4, 18, 6).
cost(4, 19, 74).
cost(4, 20, 44).
cost(4, 21, 87).
cost(4, 22, 56).
cost(4, 23, 74).
cost(4, 24, 72).
cost(4, 25, 96).
cost(4, 26, 38).
cost(4, 27, 61).
cost(4, 28, 38).
cost(5, 1, 94).
cost(5, 2, 12).
cost(5, 3, 65).
cost(5, 4, 35).
cost(5, 6, 27).
cost(5, 7, 25).
cost(5, 8, 86).
cost(5, 9, 55).
cost(5, 10, 52).
cost(5, 11, 71).
cost(5, 12, 35).
cost(5, 13, 77).
cost(5, 14, 34).
cost(5, 15, 50).
cost(5, 16, 56).
cost(5, 17, 56).
cost(5, 18, 40).
cost(5, 19, 39).
cost(5, 20, 50).
cost(5, 21, 80).
cost(5, 22, 60).
cost(5, 23, 47).
cost(5, 24, 54).
cost(5, 25, 81).
cost(5, 26, 65).
cost(5, 27, 49).
cost(5, 28, 26).
cost(6, 1, 82).
cost(6, 2, 23).
cost(6, 3, 83).
cost(6, 4, 62).
cost(6, 5, 27).
cost(6, 7, 46).
cost(6, 8, 74).
cost(6, 9, 75).
cost(6, 10, 55).
cost(6, 11, 87).
cost(6, 12, 55).
cost(6, 13, 68).
cost(6, 14, 58).
cost(6, 15, 53).
cost(6, 16, 77).
cost(6, 17, 56).
cost(6, 18, 65).
cost(6, 19, 15).
cost(6, 20, 59).
cost(6, 21, 73).
cost(6, 22, 66).
cost(6, 23, 26).
cost(6, 24, 41).
cost(6, 25, 68).
cost(6, 26, 85).
cost(6, 27, 46).
cost(6, 28, 35).
cost(7, 1, 85).
cost(7, 2, 22).
cost(7, 3, 40).
cost(7, 4, 21).
cost(7, 5, 25).
cost(7, 6, 46).
cost(7, 8, 79).
cost(7, 9, 30).
cost(7, 10, 36).
cost(7, 11, 46).
cost(7, 12, 10).
cost(7, 13, 68).
cost(7, 14, 13).
cost(7, 15, 34).
cost(7, 16, 32).
cost(7, 17, 42).
cost(7, 18, 22).
cost(7, 19, 60).
cost(7, 20, 28).
cost(7, 21, 67).
cost(7, 22, 40).
cost(7, 23, 54).
cost(7, 24, 51).
cost(7, 25, 75).
cost(7, 26, 40).
cost(7, 27, 40).
cost(7, 28, 17).
cost(8, 1, 8).
cost(8, 2, 75).
cost(8, 3, 84).
cost(8, 4, 99).
cost(8, 5, 86).
cost(8, 6, 74).
cost(8, 7, 79).
cost(8, 9, 88).
cost(8, 10, 46).
cost(8, 11, 81).
cost(8, 12, 80).
cost(8, 13, 12).
cost(8, 14, 88).
cost(8, 15, 47).
cost(8, 16, 94).
cost(8, 17, 38).
cost(8, 18, 98).
cost(8, 19, 83).
cost(8, 20, 59).
cost(8, 21, 18).
cost(8, 22, 51).
cost(8, 23, 50).
cost(8, 24, 34).
cost(8, 25, 7).
cost(8, 26, 91).
cost(8, 27, 39).
cost(8, 28, 64).
cost(9, 1, 92).
cost(9, 2, 52).
cost(9, 3, 13).
cost(9, 4, 29).
cost(9, 5, 55).
cost(9, 6, 75).
cost(9, 7, 30).
cost(9, 8, 88).
cost(9, 10, 42).
cost(9, 11, 20).
cost(9, 12, 21).
cost(9, 13, 76).
cost(9, 14, 22).
cost(9, 15, 41).
cost(9, 16, 7).
cost(9, 17, 50).
cost(9, 18, 24).
cost(9, 19, 90).
cost(9, 20, 29).
cost(9, 21, 72).
cost(9, 22, 38).
cost(9, 23, 78).
cost(9, 24, 69).
cost(9, 25, 86).
cost(9, 26, 10).
cost(9, 27, 54).
cost(9, 28, 41).
cost(10, 1, 51).
cost(10, 2, 41).
cost(10, 3, 41).
cost(10, 4, 54).
cost(10, 5, 52).
cost(10, 6, 55).
cost(10, 7, 36).
cost(10, 8, 46).
cost(10, 9, 42).
cost(10, 11, 41).
cost(10, 12, 35).
cost(10, 13, 35).
cost(10, 14, 43).
cost(10, 15, 2).
cost(10, 16, 48).
cost(10, 17, 8).
cost(10, 18, 53).
cost(10, 19, 69).
cost(10, 20, 13).
cost(10, 21, 32).
cost(10, 22, 12).
cost(10, 23, 45).
cost(10, 24, 30).
cost(10, 25, 44).
cost(10, 26, 48).
cost(10, 27, 14).
cost(10, 28, 26).
cost(11, 1, 84).
cost(11, 2, 66).
cost(11, 3, 7).
cost(11, 4, 49).
cost(11, 5, 71).
cost(11, 6, 87).
cost(11, 7, 46).
cost(11, 8, 81).
cost(11, 9, 20).
cost(11, 10, 41).
cost(11, 12, 37).
cost(11, 13, 70).
cost(11, 14, 41).
cost(11, 15, 42).
cost(11, 16, 25).
cost(11, 17, 48).
cost(11, 18, 44).
cost(11, 19, 102).
cost(11, 20, 30).
cost(11, 21, 64).
cost(11, 22, 32).
cost(11, 23, 84).
cost(11, 24, 71).
cost(11, 25, 82).
cost(11, 26, 14).
cost(11, 27, 55).
cost(11, 28, 52).
cost(12, 1, 86).
cost(12, 2, 32).
cost(12, 3, 31).
cost(12, 4, 20).
cost(12, 5, 35).
cost(12, 6, 55).
cost(12, 7, 10).
cost(12, 8, 80).
cost(12, 9, 21).
cost(12, 10, 35).
cost(12, 11, 37).
cost(12, 13, 69).
cost(12, 14, 8).
cost(12, 15, 33).
cost(12, 16, 23).
cost(12, 17, 42).
cost(12, 18, 18).
cost(12, 19, 69).
cost(12, 20, 25).
cost(12, 21, 67).
cost(12, 22, 36).
cost(12, 23, 61).
cost(12, 24, 55).
cost(12, 25, 77).
cost(12, 26, 31).
cost(12, 27, 42).
cost(12, 28, 23).
cost(13, 1, 17).
cost(13, 2, 66).
cost(13, 3, 73).
cost(13, 4, 88).
cost(13, 5, 77).
cost(13, 6, 68).
cost(13, 7, 68).
cost(13, 8, 12).
cost(13, 9, 76).
cost(13, 10, 35).
cost(13, 11, 70).
cost(13, 12, 69).
cost(13, 14, 77).
cost(13, 15, 36).
cost(13, 16, 82).
cost(13, 17, 27).
cost(13, 18, 87).
cost(13, 19, 78).
cost(13, 20, 47).
cost(13, 21, 9).
cost(13, 22, 39).
cost(13, 23, 46).
cost(13, 24, 27).
cost(13, 25, 12).
cost(13, 26, 80).
cost(13, 27, 29).
cost(13, 28, 54).
cost(14, 1, 94).
cost(14, 2, 34).
cost(14, 3, 34).
cost(14, 4, 11).
cost(14, 5, 34).
cost(14, 6, 58).
cost(14, 7, 13).
cost(14, 8, 88).
cost(14, 9, 22).
cost(14, 10, 43).
cost(14, 11, 41).
cost(14, 12, 8).
cost(14, 13, 77).
cost(14, 15, 41).
cost(14, 16, 21).
cost(14, 17, 51).
cost(14, 18, 10).
cost(14, 19, 72).
cost(14, 20, 33).
cost(14, 21, 75).
cost(14, 22, 45).
cost(14, 23, 67).
cost(14, 24, 63).
cost(14, 25, 86).
cost(14, 26, 32).
cost(14, 27, 50).
cost(14, 28, 29).
cost(15, 1, 53).
cost(15, 2, 39).
cost(15, 3, 41).
cost(15, 4, 53).
cost(15, 5, 50).
cost(15, 6, 53).
cost(15, 7, 34).
cost(15, 8, 47).
cost(15, 9, 41).
cost(15, 10, 2).
cost(15, 11, 42).
cost(15, 12, 33).
cost(15, 13, 36).
cost(15, 14, 41).
cost(15, 16, 47).
cost(15, 17, 9).
cost(15, 18, 51).
cost(15, 19, 67).
cost(15, 20, 13).
cost(15, 21, 34).
cost(15, 22, 13).
cost(15, 23, 44).
cost(15, 24, 30).
cost(15, 25, 45).
cost(15, 26, 47).
cost(15, 27, 14).
cost(15, 28, 24).
cost(16, 1, 98).
cost(16, 2, 54).
cost(16, 3, 18).
cost(16, 4, 26).
cost(16, 5, 56).
cost(16, 6, 77).
cost(16, 7, 32).
cost(16, 8, 94).
cost(16, 9, 7).
cost(16, 10, 48).
cost(16, 11, 25).
cost(16, 12, 23).
cost(16, 13, 82).
cost(16, 14, 21).
cost(16, 15, 47).
cost(16, 17, 56).
cost(16, 18, 20).
cost(16, 19, 92).
cost(16, 20, 35).
cost(16, 21, 78).
cost(16, 22, 44).
cost(16, 23, 82).
cost(16, 24, 75).
cost(16, 25, 92).
cost(16, 26, 12).
cost(16, 27, 60).
cost(16, 28, 45).
cost(17, 1, 43).
cost(17, 2, 45).
cost(17, 3, 49).
cost(17, 4, 62).
cost(17, 5, 56).
cost(17, 6, 56).
cost(17, 7, 42).
cost(17, 8, 38).
cost(17, 9, 50).
cost(17, 10, 8).
cost(17, 11, 48).
cost(17, 12, 42).
cost(17, 13, 27).
cost(17, 14, 51).
cost(17, 15, 9).
cost(17, 16, 56).
cost(17, 18, 60).
cost(17, 19, 69).
cost(17, 20, 21).
cost(17, 21, 25).
cost(17, 22, 16).
cost(17, 23, 42).
cost(17, 24, 25).
cost(17, 25, 36).
cost(17, 26, 55).
cost(17, 27, 10).
cost(17, 28, 31).
cost(18, 1, 104).
cost(18, 2, 42).
cost(18, 3, 36).
cost(18, 4, 6).
cost(18, 5, 40).
cost(18, 6, 65).
cost(18, 7, 22).
cost(18, 8, 98).
cost(18, 9, 24).
cost(18, 10, 53).
cost(18, 11, 44).
cost(18, 12, 18).
cost(18, 13, 87).
cost(18, 14, 10).
cost(18, 15, 51).
cost(18, 16, 20).
cost(18, 17, 60).
cost(18, 19, 78).
cost(18, 20, 42).
cost(18, 21, 85).
cost(18, 22, 53).
cost(18, 23, 76).
cost(18, 24, 73).
cost(18, 25, 95).
cost(18, 26, 32).
cost(18, 27, 60).
cost(18, 28, 38).
cost(19, 1, 90).
cost(19, 2, 38).
cost(19, 3, 98).
cost(19, 4, 74).
cost(19, 5, 39).
cost(19, 6, 15).
cost(19, 7, 60).
cost(19, 8, 83).
cost(19, 9, 90).
cost(19, 10, 69).
cost(19, 11, 102).
cost(19, 12, 69).
cost(19, 13, 78).
cost(19, 14, 72).
cost(19, 15, 67).
cost(19, 16, 92).
cost(19, 17, 69).
cost(19, 18, 78).
cost(19, 20, 74).
cost(19, 21, 84).
cost(19, 22, 81).
cost(19, 23, 33).
cost(19, 24, 51).
cost(19, 25, 76).
cost(19, 26, 100).
cost(19, 27, 59).
cost(19, 28, 50).
cost(20, 1, 63).
cost(20, 2, 41).
cost(20, 3, 29).
cost(20, 4, 44).
cost(20, 5, 50).
cost(20, 6, 59).
cost(20, 7, 28).
cost(20, 8, 59).
cost(20, 9, 29).
cost(20, 10, 13).
cost(20, 11, 30).
cost(20, 12, 25).
cost(20, 13, 47).
cost(20, 14, 33).
cost(20, 15, 13).
cost(20, 16, 35).
cost(20, 17, 21).
cost(20, 18, 42).
cost(20, 19, 74).
cost(20, 21, 44).
cost(20, 22, 12).
cost(20, 23, 54).
cost(20, 24, 42).
cost(20, 25, 57).
cost(20, 26, 35).
cost(20, 27, 26).
cost(20, 28, 25).
cost(21, 1, 20).
cost(21, 2, 68).
cost(21, 3, 67).
cost(21, 4, 87).
cost(21, 5, 80).
cost(21, 6, 73).
cost(21, 7, 67).
cost(21, 8, 18).
cost(21, 9, 72).
cost(21, 10, 32).
cost(21, 11, 64).
cost(21, 12, 67).
cost(21, 13, 9).
cost(21, 14, 75).
cost(21, 15, 34).
cost(21, 16, 78).
cost(21, 17, 25).
cost(21, 18, 85).
cost(21, 19, 84).
cost(21, 20, 44).
cost(21, 22, 34).
cost(21, 23, 53).
cost(21, 24, 33).
cost(21, 25, 20).
cost(21, 26, 75).
cost(21, 27, 30).
cost(21, 28, 55).
cost(22, 1, 54).
cost(22, 2, 51).
cost(22, 3, 34).
cost(22, 4, 56).
cost(22, 5, 60).
cost(22, 6, 66).
cost(22, 7, 40).
cost(22, 8, 51).
cost(22, 9, 38).
cost(22, 10, 12).
cost(22, 11, 32).
cost(22, 12, 36).
cost(22, 13, 39).
cost(22, 14, 45).
cost(22, 15, 13).
cost(22, 16, 44).
cost(22, 17, 16).
cost(22, 18, 53).
cost(22, 19, 81).
cost(22, 20, 12).
cost(22, 21, 34).
cost(22, 23, 57).
cost(22, 24, 41).
cost(22, 25, 50).
cost(22, 26, 41).
cost(22, 27, 25).
cost(22, 28, 35).
cost(23, 1, 58).
cost(23, 2, 37).
cost(23, 3, 82).
cost(23, 4, 74).
cost(23, 5, 47).
cost(23, 6, 26).
cost(23, 7, 54).
cost(23, 8, 50).
cost(23, 9, 78).
cost(23, 10, 45).
cost(23, 11, 84).
cost(23, 12, 61).
cost(23, 13, 46).
cost(23, 14, 67).
cost(23, 15, 44).
cost(23, 16, 82).
cost(23, 17, 42).
cost(23, 18, 76).
cost(23, 19, 33).
cost(23, 20, 54).
cost(23, 21, 53).
cost(23, 22, 57).
cost(23, 24, 20).
cost(23, 25, 44).
cost(23, 26, 87).
cost(23, 27, 32).
cost(23, 28, 38).
cost(24, 1, 41).
cost(24, 2, 42).
cost(24, 3, 71).
cost(24, 4, 72).
cost(24, 5, 54).
cost(24, 6, 41).
cost(24, 7, 51).
cost(24, 8, 34).
cost(24, 9, 69).
cost(24, 10, 30).
cost(24, 11, 71).
cost(24, 12, 55).
cost(24, 13, 27).
cost(24, 14, 63).
cost(24, 15, 30).
cost(24, 16, 75).
cost(24, 17, 25).
cost(24, 18, 73).
cost(24, 19, 51).
cost(24, 20, 42).
cost(24, 21, 33).
cost(24, 22, 41).
cost(24, 23, 20).
cost(24, 25, 28).
cost(24, 26, 76).
cost(24, 27, 16).
cost(24, 28, 35).
cost(25, 1, 14).
cost(25, 2, 70).
cost(25, 3, 84).
cost(25, 4, 96).
cost(25, 5, 81).
cost(25, 6, 68).
cost(25, 7, 75).
cost(25, 8, 7).
cost(25, 9, 86).
cost(25, 10, 44).
cost(25, 11, 82).
cost(25, 12, 77).
cost(25, 13, 12).
cost(25, 14, 86).
cost(25, 15, 45).
cost(25, 16, 92).
cost(25, 17, 36).
cost(25, 18, 95).
cost(25, 19, 76).
cost(25, 20, 57).
cost(25, 21, 20).
cost(25, 22, 50).
cost(25, 23, 44).
cost(25, 24, 28).
cost(25, 26, 91).
cost(25, 27, 36).
cost(25, 28, 60).
cost(26, 1, 95).
cost(26, 2, 62).
cost(26, 3, 8).
cost(26, 4, 38).
cost(26, 5, 65).
cost(26, 6, 85).
cost(26, 7, 40).
cost(26, 8, 91).
cost(26, 9, 10).
cost(26, 10, 48).
cost(26, 11, 14).
cost(26, 12, 31).
cost(26, 13, 80).
cost(26, 14, 32).
cost(26, 15, 47).
cost(26, 16, 12).
cost(26, 17, 55).
cost(26, 18, 32).
cost(26, 19, 100).
cost(26, 20, 35).
cost(26, 21, 75).
cost(26, 22, 41).
cost(26, 23, 87).
cost(26, 24, 76).
cost(26, 25, 91).
cost(26, 27, 60).
cost(26, 28, 51).
cost(27, 1, 46).
cost(27, 2, 38).
cost(27, 3, 55).
cost(27, 4, 61).
cost(27, 5, 49).
cost(27, 6, 46).
cost(27, 7, 40).
cost(27, 8, 39).
cost(27, 9, 54).
cost(27, 10, 14).
cost(27, 11, 55).
cost(27, 12, 42).
cost(27, 13, 29).
cost(27, 14, 50).
cost(27, 15, 14).
cost(27, 16, 60).
cost(27, 17, 10).
cost(27, 18, 60).
cost(27, 19, 59).
cost(27, 20, 26).
cost(27, 21, 30).
cost(27, 22, 25).
cost(27, 23, 32).
cost(27, 24, 16).
cost(27, 25, 36).
cost(27, 26, 60).
cost(27, 28, 25).
cost(28, 1, 71).
cost(28, 2, 16).
cost(28, 3, 48).
cost(28, 4, 38).
cost(28, 5, 26).
cost(28, 6, 35).
cost(28, 7, 17).
cost(28, 8, 64).
cost(28, 9, 41).
cost(28, 10, 26).
cost(28, 11, 52).
cost(28, 12, 23).
cost(28, 13, 54).
cost(28, 14, 29).
cost(28, 15, 24).
cost(28, 16, 45).
cost(28, 17, 31).
cost(28, 18, 38).
cost(28, 19, 50).
cost(28, 20, 25).
cost(28, 21, 55).
cost(28, 22, 35).
cost(28, 23, 38).
cost(28, 24, 35).
cost(28, 25, 60).
cost(28, 26, 51).
cost(28, 27, 25).
