dimension(28).
point(1, 38.7990174716, 82.2256703785).
point(2, 31.0543730873, 35.6875238769).
point(3, 55.0922293028, 55.3974768082).
point(4, 75.9742270099, 61.2960144108).
point(5, 19.1512734836, 51.2856284915).
point(6, 78.8607920723, 12.9364328093).
point(7, 89.458507249, 89.3658884822).
point(8, 61.3630710881, 67.9057221481).
point(9, 58.6084784325, 76.988855111).
point(10, 13.0153244134, 19.4766521935).
point(11, 13.4744311977, 63.927962382).
point(12, 12.3962549277, 45.9039887377).
point(13, 71.2423464136, 90.0027289686).
point(14, 42.0254884669, 68.2918739608).
point(15, 76.9272321644, 86.5666454316).
point(16, 49.3446627533, 61.9011094988).
point(17, 64.7956212713, 58.1112048677).
point(18, 92.1716303977, 87.2217560228).
point(19, 48.1628504231, 4.310653961).
point(20, 73.6844588083, 30.5884282058).
point(21, 85.570970835, 85.1769361134).
point(22, 14.736486621, 62.9317293976).
point(23, 65.7690470805, 27.6956933595).
point(24, 8.5840075438, 72.500658956).
point(25, 27.5560998745, 42.8598533568).
point(26, 32.0913953357, 29.8940234501).
point(27, 11.3080053754, 21.184279067).
point(28, 47.0288513103, 13.7423984716).
cost(1, 2, 47).
cost(1, 3, 31).
cost(1, 4, 43).
cost(1, 5, 37).
cost(1, 6, 80).
cost(1, 7, 51).
cost(1, 8, 27).
cost(1, 9, 20).
cost(1, 10, 68).
cost(1, 11, 31).
cost(1, 12, 45).
cost(1, 13, 33).
cost(1, 14, 14).
cost(1, 15, 38).
cost(1, 16, 23).
cost(1, 17, 35).
cost(1, 18, 54).
cost(1, 19, 78).
cost(1, 20, 62).
cost(1, 21, 47).
cost(1, 22, 31).
cost(1, 23, 61).
cost(1, 24, 32).
cost(1, 25, 41).
cost(1, 26, 53).
cost(1, 27, 67).
cost(1, 28, 69).
cost(2, 1, 47).
cost(2, 3, 31).
cost(2, 4, 52).
cost(2, 5, 20).
cost(2, 6, 53).
cost(2, 7, 79).
cost(2, 8, 44).
cost(2, 9, 50).
cost(2, 10, 24).
cost(2, 11, 33).
cost(2, 12, 21).
cost(2, 13, 68).
cost(2, 14, 34).
cost(2, 15, 69).
cost(2, 16, 32).
cost(2, 17, 41).
cost(2, 18, 80).
cost(2, 19, 36).
cost(2, 20, 43).
cost(2, 21, 74).
cost(2, 22, 32).
cost(2, 23, 36).
cost(2, 24, 43).
cost(2, 25, 8).
cost(2, 26, 6).
cost(2, 27, 25).
cost(2, 28, 27).
cost(3, 1, 31).
cost(3, 2, 31).
cost(3, 4, 22).
cost(3, 5, 36).
cost(3, 6, 49).
cost(3, 7, 48).
cost(3, 8, 14).
cost(3, 9, 22).
cost(3, 10, 55).
cost(3, 11, 42).
cost(3, 12, 44).
cost(3, 13, 38).
cost(3, 14, 18).
cost(3, 15, 38).
cost(3, 16, 9).
cost(3, 17, 10).
cost(3, 18, 49).
cost(3, 19, 52).
cost(3, 20, 31).
cost(3, 21, 43).
cost(3, 22, 41).
cost(3, 23, 30).
cost(3, 24, 50).
cost(3, 25, 30).
cost(3, 26, 34).
cost(3, 27, 56).
cost(3, 28, 42).
cost(4, 1, 43).
cost(4, 2, 52).
cost(4, 3, 22).
cost(4, 5, 58).
cost(4, 6, 48).
cost(4, 7, 31).
cost(4, 8, 16).
cost(4, 9, 23).
cost(4, 10, 76).
cost(4, 11, 63).
cost(4, 12, 65).
cost(4, 13, 29).
cost(4, 14, 35).
cost(4, 15, 25).
cost(4, 16, 27).
cost(4, 17, 12).
cost(4, 18, 31).
cost(4, 19, 63).
cost(4, 20, 31).
cost(4, 21, 26).
cost(4, 22, 61).
cost(4, 23, 35).
cost(4, 24, 68).
cost(4, 25, 52).
cost(4, 26, 54).
cost(4, 27, 76).
cost(4, 28, 56).
cost(5, 1, 37).
cost(5, 2, 20).
cost(5, 3, 36).
cost(5, 4, 58).
cost(5, 6, 71).
cost(5, 7, 80).
cost(5, 8, 45).
cost(5, 9, 47).
cost(5, 10, 32).
cost(5, 11, 14).
cost(5, 12, 9).
cost(5, 13, 65).
cost(5, 14, 29).
cost(5, 15, 68).
cost(5, 16, 32).
cost(5, 17, 46).
cost(5, 18, 81).
cost(5, 19, 55).
cost(5, 20, 58).
cost(5, 21, 75).
cost(5, 22, 12).
cost(5, 23, 52).
cost(5, 24, 24).
cost(5, 25, 12).
cost(5, 26, 25).
cost(5, 27, 31).
cost(5, 28, 47).
cost(6, 1, 80).
cost(6, 2, 53).
cost(6, 3, 49).
cost(6, 4, 48).
cost(6, 5, 71).
cost(6, 7, 77).
cost(6, 8, 58).
cost(6, 9, 67).
cost(6, 10, 66).
cost(6, 11, 83).
cost(6, 12, 74).
cost(6, 13, 77).
cost(6, 14, 66).
cost(6, 15, 74).
cost(6, 16, 57).
cost(6, 17, 47).
cost(6, 18, 75).
cost(6, 19, 32).
cost(6, 20, 18).
cost(6, 21, 73).
cost(6, 22, 81).
cost(6, 23, 20).
cost(6, 24, 92).
cost(6, 25, 59).
cost(6, 26, 50).
cost(6, 27, 68).
cost(6, 28, 32).
cost(7, 1, 51).
cost(7, 2, 79).
cost(7, 3, 48).
cost(7, 4, 31).
cost(7, 5, 80).
cost(7, 6, 77).
cost(7, 8, 35).
cost(7, 9, 33).
cost(7, 10, 104).
cost(7, 11, 80).
cost(7, 12, 88).
cost(7, 13, 18).
cost(7, 14, 52).
cost(7, 15, 13).
cost(7, 16, 49).
cost(7, 17, 40).
cost(7, 18, 3).
cost(7, 19, 95).
cost(7, 20, 61).
cost(7, 21, 6).
cost(7, 22, 79).
cost(7, 23, 66).
cost(7, 24, 83).
cost(7, 25, 77).
cost(7, 26, 83).
cost(7, 27, 104).
cost(7, 28, 87).
cost(8, 1, 27).
cost(8, 2, 44).
cost(8, 3, 14).
cost(8, 4, 16).
cost(8, 5, 45).
cost(8, 6, 58).
cost(8, 7, 35).
cost(8, 9, 9).
cost(8, 10, 68).
cost(8, 11, 48).
cost(8, 12, 54).
cost(8, 13, 24).
cost(8, 14, 19).
cost(8, 15, 24).
cost(8, 16, 13).
cost(8, 17, 10).
cost(8, 18, 36).
cost(8, 19, 65).
cost(8, 20, 39).
cost(8, 21, 30).
cost(8, 22, 47).
cost(8, 23, 40).
cost(8, 24, 53).
cost(8, 25, 42).
cost(8, 26, 48).
cost(8, 27, 68).
cost(8, 28, 56).
cost(9, 1, 20).
cost(9, 2, 50).
cost(9, 3, 22).
cost(9, 4, 23).
cost(9, 5, 47).
cost(9, 6, 67).
cost(9, 7, 33).
cost(9, 8, 9).
cost(9, 10, 73).
cost(9, 11, 47).
cost(9, 12, 56).
cost(9, 13, 18).
cost(9, 14, 19).
cost(9, 15, 21).
cost(9, 16, 18).
cost(9, 17, 20).
cost(9, 18, 35).
cost(9, 19, 73).
cost(9, 20, 49).
cost(9, 21, 28).
cost(9, 22, 46).
cost(9, 23, 50).
cost(9, 24, 50).
cost(9, 25, 46).
cost(9, 26, 54).
cost(9, 27, 73).
cost(9, 28, 64).
cost(10, 1, 68).
cost(10, 2, 24).
cost(10, 3, 55).
cost(10, 4, 76).
cost(10, 5, 32).
cost(10, 6, 66).
cost(10, 7, 104).
cost(10, 8, 68).
cost(10, 9, 73).
cost(10, 11, 44).
cost(10, 12, 26).
cost(10, 13, 91).
cost(10, 14, 57).
cost(10, 15, 93).
cost(10, 16, 56).
cost(10, 17, 65).
cost(10, 18, 104).
cost(10, 19, 38).
cost(10, 20, 62).
cost(10, 21, 98).
cost(10, 22, 43).
cost(10, 23, 53).
cost(10, 24, 53).
cost(10, 25, 28).
cost(10, 26, 22).
cost(10, 27, 2).
cost(10, 28, 34).
cost(11, 1, 31).
cost(11, 2, 33).
cost(11, 3, 42).
cost(11, 4, 63).
cost(11, 5, 14).
cost(11, 6, 83).
cost(11, 7, 80).
cost(11, 8, 48).
cost(11, 9, 47).
cost(11, 10, 44).
cost(11, 12, 18).
cost(11, 13, 63).
cost(11, 14, 29).
cost(11, 15, 67).
cost(11, 16, 36).
cost(11, 17, 52).
cost(11, 18, 82).
cost(11, 19, 69).
cost(11, 20, 69).
cost(11, 21, 75).
cost(11, 22, 2).
cost(11, 23, 64).
cost(11, 24, 10).
cost(11, 25, 25).
cost(11, 26, 39).
cost(11, 27, 43).
cost(11, 28, 60).
cost(12, 1, 45).
cost(12, 2, 21).
cost(12, 3, 44).
cost(12, 4, 65).
cost(12, 5, 9).
cost(12, 6, 74).
cost(12, 7, 88).
cost(12, 8, 54).
cost(12, 9, 56).
cost(12, 10, 26).
cost(12, 11, 18).
cost(12, 13, 74).
cost(12, 14, 37).
cost(12, 15, 76).
cost(12, 16, 40).
cost(12, 17, 54).
cost(12, 18, 90).
cost(12, 19, 55).
cost(12, 20, 63).
cost(12, 21, 83).
cost(12, 22, 17).
cost(12, 23, 56).
cost(12, 24, 27).
cost(12, 25, 15).
cost(12, 26, 25).
cost(12, 27, 25).
cost(12, 28, 47).
cost(13, 1, 33).
cost(13, 2, 68).
cost(13, 3, 38).
cost(13, 4, 29).
cost(13, 5, 65).
cost(13, 6, 77).
cost(13, 7, 18).
cost(13, 8, 24).
cost(13, 9, 18).
cost(13, 10, 91).
cost(13, 11, 63).
cost(13, 12, 74).
cost(13, 14, 36).
cost(13, 15, 7).
cost(13, 16, 36).
cost(13, 17, 33).
cost(13, 18, 21).
cost(13, 19, 89).
cost(13, 20, 59).
cost(13, 21, 15).
cost(13, 22, 63).
cost(13, 23, 63).
cost(13, 24, 65).
cost(13, 25, 64).
cost(13, 26, 72).
cost(13, 27, 91).
cost(13, 28, 80).
cost(14, 1, 14).
cost(14, 2, 34).
cost(14, 3, 18).
cost(14, 4, 35).
cost(14, 5, 29).
cost(14, 6, 66).
cost(14, 7, 52).
cost(14, 8, 19).
cost(14, 9, 19).
cost(14, 10, 57).
cost(14, 11, 29).
cost(14, 12, 37).
cost(14, 13, 36).
cost(14, 15, 39).
cost(14, 16, 10).
cost(14, 17, 25).
cost(14, 18, 54).
cost(14, 19, 64).
cost(14, 20, 49).
cost(14, 21, 47).
cost(14, 22, 28).
cost(14, 23, 47).
cost(14, 24, 34).
cost(14, 25, 29).
cost(14, 26, 40).
cost(14, 27, 56).
cost(14, 28, 55).
cost(15, 1, 38).
cost(15, 2, 69).
cost(15, 3, 38).
cost(15, 4, 25).
cost(15, 5, 68).
cost(15, 6, 74).
cost(15, 7, 13).
cost(15, 8, 24).
cost(15, 9, 21).
cost(15, 10, 93).
cost(15, 11, 67).
cost(15, 12, 76).
cost(15, 13, 7).
cost(15, 14, 39).
cost(15, 16, 37).
cost(15, 17, 31).
cost(15, 18, 15).
cost(15, 19, 87).
cost(15, 20, 56).
cost(15, 21, 9).
cost(15, 22, 67).
cost(15, 23, 60).
cost(15, 24, 70).
cost(15, 25, 66).
cost(15, 26, 72).
cost(15, 27, 93).
cost(15, 28, 79).
cost(16, 1, 23).
cost(16, 2, 32).
cost(16, 3, 9).
cost(16, 4, 27).
cost(16, 5, 32).
cost(16, 6, 57).
cost(16, 7, 49).
cost(16, 8, 13).
cost(16, 9, 18).
cost(16, 10, 56).
cost(16, 11, 36).
cost(16, 12, 40).
cost(16, 13, 36).
cost(16, 14, 10).
cost(16, 15, 37).
cost(16, 17, 16).
cost(16, 18, 50).
cost(16, 19, 58).
cost(16, 20, 40).
cost(16, 21, 43).
cost(16, 22, 35).
cost(16, 23, 38).
cost(16, 24, 42).
cost(16, 25, 29).
cost(16, 26, 36).
cost(16, 27, 56).
cost(16, 28, 48).
cost(17, 1, 35).
cost(17, 2, 41).
cost(17, 3, 10).
cost(17, 4, 12).
cost(17, 5, 46).
cost(17, 6, 47).
cost(17, 7, 40).
cost(17, 8, 10).
cost(17, 9, 20).
cost(17, 10, 65).
cost(17, 11, 52).
cost(17, 12, 54).
cost(17, 13, 33).
cost(17, 14, 25).
cost(17, 15, 31).
cost(17, 16, 16).
cost(17, 18, 40).
cost(17, 19, 56).
cost(17, 20, 29).
cost(17, 21, 34).
cost(17, 22, 50).
cost(17, 23, 30).
cost(17, 24, 58).
cost(17, 25, 40).
cost(17, 26, 43).
cost(17, 27, 65).
cost(17, 28, 48).
cost(18, 1, 54).
cost(18, 2, 80).
cost(18, 3, 49).
cost(18, 4, 31).
cost(18, 5, 81).
cost(18, 6, 75).
cost(18, 7, 3).
cost(18, 8, 36).
cost(18, 9, 35).
cost(18, 10, 104).
cost(18, 11, 82).
cost(18, 12, 90).
cost(18, 13, 21).
cost(18, 14, 54).
cost(18, 15, 15).
cost(18, 16, 50).
cost(18, 17, 40).
cost(18, 19, 94).
cost(18, 20, 60).
cost(18, 21, 7).
cost(18, 22, 81).
cost(18, 23, 65).
cost(18, 24, 85).
cost(18, 25, 78).
cost(18, 26, 83).
cost(18, 27, 104).
cost(18, 28, 86).
cost(19, 1, 78).
cost(19, 2, 36).
cost(19, 3, 52).
cost(19, 4, 63).
cost(19, 5, 55).
cost(19, 6, 32).
cost(19, 7, 95).
cost(19, 8, 65).
cost(19, 9, 73).
cost(19, 10, 38).
cost(19, 11, 69).
cost(19, 12, 55).
cost(19, 13, 89).
cost(19, 14, 64).
cost(19, 15, 87).
cost(19, 16, 58).
cost(19, 17, 56).
cost(19, 18, 94).
cost(19, 20, 37).
cost(19, 21, 89).
cost(19, 22, 67).
cost(19, 23, 29).
cost(19, 24, 79).
cost(19, 25, 44).
cost(19, 26, 30).
cost(19, 27, 41).
cost(19, 28, 9).
cost(20, 1, 62).
cost(20, 2, 43).
cost(20, 3, 31).
cost(20, 4, 31).
cost(20, 5, 58).
cost(20, 6, 18).
cost(20, 7, 61).
cost(20, 8, 39).
cost(20, 9, 49).
cost(20, 10, 62).
cost(20, 11, 69).
cost(20, 12, 63).
cost(20, 13, 59).
cost(20, 14, 49).
cost(20, 15, 56).
cost(20, 16, 40).
cost(20, 17, 29).
cost(20, 18, 60).
cost(20, 19, 37).
cost(20, 21, 56).
cost(20, 22, 67).
cost(20, 23, 8).
cost(20, 24, 77).
cost(20, 25, 48).
cost(20, 26, 42).
cost(20, 27, 63).
cost(20, 28, 32).
cost(21, 1, 47).
cost(21, 2, 74).
cost(21, 3, 43).
cost(21, 4, 26).
cost(21, 5, 75).
cost(21, 6, 73).
cost(21, 7, 6).
cost(21, 8, 30).
cost(21, 9, 28).
cost(21, 10, 98).
cost(21, 11, 75).
cost(21, 12, 83).
cost(21, 13, 15).
cost(21, 14, 47).
cost(21, 15, 9).
cost(21, 16, 43).
cost(21, 17, 34).
cost(21, 18, 7).
cost(21, 19, 89).
cost(21, 20, 56).
cost(21, 22, 74).
cost(21, 23, 61).
cost(21, 24, 78).
cost(21, 25, 72).
cost(21, 26, 77).
cost(21, 27, 98).
cost(21, 28, 81).
cost(22, 1, 31).
cost(22, 2, 32).
cost(22, 3, 41).
cost(22, 4, 61).
cost(22, 5, 12).
cost(22, 6, 81).
cost(22, 7, 79).
cost(22, 8, 47).
cost(22, 9, 46).
cost(22, 10, 43).
cost(22, 11, 2).
cost(22, 12, 17).
cost(22, 13, 63).
cost(22, 14, 28).
cost(22, 15, 67).
cost(22, 16, 35).
cost(22, 17, 50).
cost(22, 18, 81).
cost(22, 19, 67).
cost(22, 20, 67).
cost(22, 21, 74).
cost(22, 23, 62).
cost(22, 24, 11).
cost(22, 25, 24).
cost(22, 26, 37).
cost(22, 27, 42).
cost(22, 28, 59).
cost(23, 1, 61).
cost(23, 2, 36).
cost(23, 3, 30).
cost(23, 4, 35).
cost(23, 5, 52).
cost(23, 6, 20).
cost(23, 7, 66).
cost(23, 8, 40).
cost(23, 9, 50).
cost(23, 10, 53).
cost(23, 11, 64).
cost(23, 12, 56).
cost(23, 13, 63).
cost(23, 14, 47).
cost(23, 15, 60).
cost(23, 16, 38).
cost(23, 17, 30).
cost(23, 18, 65).
cost(23, 19, 29).
cost(23, 20, 8).
cost(23, 21, 61).
cost(23, 22, 62).
cost(23, 24, 73).
cost(23, 25, 41).
cost(23, 26, 34).
cost(23, 27, 55).
cost(23, 28, 23).
cost(24, 1, 32).
cost(24, 2, 43).
cost(24, 3, 50).
cost(24, 4, 68).
cost(24, 5, 24).
cost(24, 6, 92).
cost(24, 7, 83).
cost(24, 8, 53).
cost(24, 9, 50).
cost(24, 10, 53).
cost(24, 11, 10).
cost(24, 12, 27).
cost(24, 13, 65).
cost(24, 14, 34).
cost(24, 15, 70).
cost(24, 16, 42).
cost(24, 17, 58).
cost(24, 18, 85).
cost(24, 19, 79).
cost(24, 20, 77).
cost(24, 21, 78).
cost(24, 22, 11).
cost(24, 23, 73).
cost(24, 25, 35).
cost(24, 26, 49).
cost(24, 27, 51).
cost(24, 28, 70).
cost(25, 1, 41).
cost(25, 2, 8).
cost(25, 3, 30).
cost(25, 4, 52).
cost(25, 5, 12).
cost(25, 6, 59).
cost(25, 7, 77).
cost(25, 8, 42).
cost(25, 9, 46).
cost(25, 10, 28).
cost(25, 11, 25).
cost(25, 12, 15).
cost(25, 13, 64).
cost(25, 14, 29).
cost(25, 15, 66).
cost(25, 16, 29).
cost(25, 17, 40).
cost(25, 18, 78).
cost(25, 19, 44).
cost(25, 20, 48).
cost(25, 21, 72).
cost(25, 22, 24).
cost(25, 23, 41).
cost(25, 24, 35).
cost(25, 26, 14).
cost(25, 27, 27).
cost(25, 28, 35).
cost(26, 1, 53).
cost(26, 2, 6).
cost(26, 3, 34).
cost(26, 4, 54).
cost(26, 5, 25).
cost(26, 6, 50).
cost(26, 7, 83).
cost(26, 8, 48).
cost(26, 9, 54).
cost(26, 10, 22).
cost(26, 11, 39).
cost(26, 12, 25).
cost(26, 13, 72).
cost(26, 14, 40).
cost(26, 15, 72).
cost(26, 16, 36).
cost(26, 17, 43).
cost(26, 18, 83).
cost(26, 19, 30).
cost(26, 20, 42).
cost(26, 21, 77).
cost(26, 22, 37).
cost(26, 23, 34).
cost(26, 24, 49).
cost(26, 25, 14).
cost(26, 27, 23).
cost(26, 28, 22).
cost(27, 1, 67).
cost(27, 2, 25).
cost(27, 3, 56).
cost(27, 4, 76).
cost(27, 5, 31).
cost(27, 6, 68).
cost(27, 7, 104).
cost(27, 8, 68).
cost(27, 9, 73).
cost(27, 10, 2).
cost(27, 11, 43).
cost(27, 12, 25).
cost(27, 13, 91).
cost(27, 14, 56).
cost(27, 15, 93).
cost(27, 16, 56).
cost(27, 17, 65).
cost(27, 18, 104).
cost(27, 19, 41).
cost(27, 20, 63).
cost(27, 21, 98).
cost(27, 22, 42).
cost(27, 23, 55).
cost(27, 24, 51).
cost(27, 25, 27).
cost(27, 26, 23).
cost(27, 28, 36).
cost(28, 1, 69).
cost(28, 2, 27).
cost(28, 3, 42).
cost(28, 4, 56).
cost(28, 5, 47).
cost(28, 6, 32).
cost(28, 7, 87).
cost(28, 8, 56).
cost(28, 9, 64).
cost(28, 10, 34).
cost(28, 11, 60).
cost(28, 12, 47).
cost(28, 13, 80).
cost(28, 14, 55).
cost(28, 15, 79).
cost(28, 16, 48).
cost(28, 17, 48).
cost(28, 18, 86).
cost(28, 19, 9).
cost(28, 20, 32).
cost(28, 21, 81).
cost(28, 22, 59).
cost(28, 23, 23).
cost(28, 24, 70).
cost(28, 25, 35).
cost(28, 26, 22).
cost(28, 27, 36).
