dimension(28).
point(1, 74.4011474594, 35.5364193915).
point(2, 25.2075801094, 59.4424094866).
point(3, 31.8710307061, 37.2290858894).
point(4, 14.8187031541, 34.5301277268).
point(5, 91.8615418087, 95.9047791263).
point(6, 6.5551283859, 75.2824282114).
point(7, 50.4695181577, 51.7766988937).
point(8, 53.7926362175, 14.2241875995).
point(9, 90.184264571, 42.8581633014).
point(10, 13.1236193366, 4.9101607703).
point(11, 73.2907992563, 81.716408182).
point(12, 88.1306535393, 14.2518210551).
point(13, 84.0120989769, 51.165593347).
point(14, 45.1118769102, 22.1159141215).
point(15, 72.3901944615, 96.9060408196).
point(16, 32.0448875103, 57.5424553345).
point(17, 32.0565659852, 62.7045399193).
point(18, 58.3450911162, 91.8406020231).
point(19, 83.5720218525, 26.2974019673).
point(20, 48.5255264685, 31.9455554445).
point(21, 17.3517078072, 61.2106169142).
point(22, 51.1810494308, 60.4349270341).
point(23, 57.3461592916, 52.4597725394).
point(24, 46.5145079668, 39.9746424602).
point(25, 16.5541623748, 13.2705694358).
point(26, 73.6261788266, 98.802685406).
point(27, 12.181478364, 3.2677642904).
point(28, 44.2675322891, 46.5534125646).
cost(1, 2, 55).
cost(1, 3, 43).
cost(1, 4, 60).
cost(1, 5, 63).
cost(1, 6, 79).
cost(1, 7, 29).
cost(1, 8, 30).
cost(1, 9, 17).
cost(1, 10, 69).
cost(1, 11, 46).
cost(1, 12, 25).
cost(1, 13, 18).
cost(1, 14, 32).
cost(1, 15, 61).
cost(1, 16, 48).
cost(1, 17, 50).
cost(1, 18, 59).
cost(1, 19, 13).
cost(1, 20, 26).
cost(1, 21, 63).
cost(1, 22, 34).
cost(1, 23, 24).
cost(1, 24, 28).
cost(1, 25, 62).
cost(1, 26, 63).
cost(1, 27, 70).
cost(1, 28, 32).
cost(2, 1, 55).
cost(2, 3, 23).
cost(2, 4, 27).
cost(2, 5, 76).
cost(2, 6, 24).
cost(2, 7, 26).
cost(2, 8, 53).
cost(2, 9, 67).
cost(2, 10, 56).
cost(2, 11, 53).
cost(2, 12, 77).
cost(2, 13, 59).
cost(2, 14, 42).
cost(2, 15, 60).
cost(2, 16, 7).
cost(2, 17, 8).
cost(2, 18, 46).
cost(2, 19, 67).
cost(2, 20, 36).
cost(2, 21, 8).
cost(2, 22, 26).
cost(2, 23, 33).
cost(2, 24, 29).
cost(2, 25, 47).
cost(2, 26, 62).
cost(2, 27, 58).
cost(2, 28, 23).
cost(3, 1, 43).
cost(3, 2, 23).
cost(3, 4, 17).
cost(3, 5, 84).
cost(3, 6, 46).
cost(3, 7, 24).
cost(3, 8, 32).
cost(3, 9, 59).
cost(3, 10, 37).
cost(3, 11, 61).
cost(3, 12, 61).
cost(3, 13, 54).
cost(3, 14, 20).
cost(3, 15, 72).
cost(3, 16, 20).
cost(3, 17, 25).
cost(3, 18, 61).
cost(3, 19, 53).
cost(3, 20, 17).
cost(3, 21, 28).
cost(3, 22, 30).
cost(3, 23, 30).
cost(3, 24, 15).
cost(3, 25, 28).
cost(3, 26, 74).
cost(3, 27, 39).
cost(3, 28, 16).
cost(4, 1, 60).
cost(4, 2, 27).
cost(4, 3, 17).
cost(4, 5, 99).
cost(4, 6, 42).
cost(4, 7, 40).
cost(4, 8, 44).
cost(4, 9, 76).
cost(4, 10, 30).
cost(4, 11, 75).
cost(4, 12, 76).
cost(4, 13, 71).
cost(4, 14, 33).
cost(4, 15, 85).
cost(4, 16, 29).
cost(4, 17, 33).
cost(4, 18, 72).
cost(4, 19, 69).
cost(4, 20, 34).
cost(4, 21, 27).
cost(4, 22, 45).
cost(4, 23, 46).
cost(4, 24, 32).
cost(4, 25, 21).
cost(4, 26, 87).
cost(4, 27, 31).
cost(4, 28, 32).
cost(5, 1, 63).
cost(5, 2, 76).
cost(5, 3, 84).
cost(5, 4, 99).
cost(5, 6, 88).
cost(5, 7, 61).
cost(5, 8, 90).
cost(5, 9, 53).
cost(5, 10, 120).
cost(5, 11, 23).
cost(5, 12, 82).
cost(5, 13, 45).
cost(5, 14, 87).
cost(5, 15, 19).
cost(5, 16, 71).
cost(5, 17, 68).
cost(5, 18, 34).
cost(5, 19, 70).
cost(5, 20, 77).
cost(5, 21, 82).
cost(5, 22, 54).
cost(5, 23, 55).
cost(5, 24, 72).
cost(5, 25, 112).
cost(5, 26, 18).
cost(5, 27, 122).
cost(5, 28, 69).
cost(6, 1, 79).
cost(6, 2, 24).
cost(6, 3, 46).
cost(6, 4, 42).
cost(6, 5, 88).
cost(6, 7, 50).
cost(6, 8, 77).
cost(6, 9, 90).
cost(6, 10, 71).
cost(6, 11, 67).
cost(6, 12, 102).
cost(6, 13, 81).
cost(6, 14, 66).
cost(6, 15, 69).
cost(6, 16, 31).
cost(6, 17, 28).
cost(6, 18, 54).
cost(6, 19, 91).
cost(6, 20, 60).
cost(6, 21, 18).
cost(6, 22, 47).
cost(6, 23, 56).
cost(6, 24, 53).
cost(6, 25, 63).
cost(6, 26, 71).
cost(6, 27, 72).
cost(6, 28, 47).
cost(7, 1, 29).
cost(7, 2, 26).
cost(7, 3, 24).
cost(7, 4, 40).
cost(7, 5, 61).
cost(7, 6, 50).
cost(7, 8, 38).
cost(7, 9, 41).
cost(7, 10, 60).
cost(7, 11, 38).
cost(7, 12, 53).
cost(7, 13, 34).
cost(7, 14, 30).
cost(7, 15, 50).
cost(7, 16, 19).
cost(7, 17, 21).
cost(7, 18, 41).
cost(7, 19, 42).
cost(7, 20, 20).
cost(7, 21, 34).
cost(7, 22, 9).
cost(7, 23, 7).
cost(7, 24, 12).
cost(7, 25, 51).
cost(7, 26, 52).
cost(7, 27, 62).
cost(7, 28, 8).
cost(8, 1, 30).
cost(8, 2, 53).
cost(8, 3, 32).
cost(8, 4, 44).
cost(8, 5, 90).
cost(8, 6, 77).
cost(8, 7, 38).
cost(8, 9, 46).
cost(8, 10, 42).
cost(8, 11, 70).
cost(8, 12, 34).
cost(8, 13, 48).
cost(8, 14, 12).
cost(8, 15, 85).
cost(8, 16, 48).
cost(8, 17, 53).
cost(8, 18, 78).
cost(8, 19, 32).
cost(8, 20, 18).
cost(8, 21, 59).
cost(8, 22, 46).
cost(8, 23, 38).
cost(8, 24, 27).
cost(8, 25, 37).
cost(8, 26, 87).
cost(8, 27, 43).
cost(8, 28, 34).
cost(9, 1, 17).
cost(9, 2, 67).
cost(9, 3, 59).
cost(9, 4, 76).
cost(9, 5, 53).
cost(9, 6, 90).
cost(9, 7, 41).
cost(9, 8, 46).
cost(9, 10, 86).
cost(9, 11, 42).
cost(9, 12, 29).
cost(9, 13, 10).
cost(9, 14, 50).
cost(9, 15, 57).
cost(9, 16, 60).
cost(9, 17, 61).
cost(9, 18, 58).
cost(9, 19, 18).
cost(9, 20, 43).
cost(9, 21, 75).
cost(9, 22, 43).
cost(9, 23, 34).
cost(9, 24, 44).
cost(9, 25, 79).
cost(9, 26, 58).
cost(9, 27, 87).
cost(9, 28, 46).
cost(10, 1, 69).
cost(10, 2, 56).
cost(10, 3, 37).
cost(10, 4, 30).
cost(10, 5, 120).
cost(10, 6, 71).
cost(10, 7, 60).
cost(10, 8, 42).
cost(10, 9, 86).
cost(10, 11, 98).
cost(10, 12, 76).
cost(10, 13, 85).
cost(10, 14, 36).
cost(10, 15, 109).
cost(10, 16, 56).
cost(10, 17, 61).
cost(10, 18, 98).
cost(10, 19, 74).
cost(10, 20, 45).
cost(10, 21, 56).
cost(10, 22, 67).
cost(10, 23, 65).
cost(10, 24, 48).
cost(10, 25, 9).
cost(10, 26, 112).
cost(10, 27, 2).
cost(10, 28, 52).
cost(11, 1, 46).
cost(11, 2, 53).
cost(11, 3, 61).
cost(11, 4, 75).
cost(11, 5, 23).
cost(11, 6, 67).
cost(11, 7, 38).
cost(11, 8, 70).
cost(11, 9, 42).
cost(11, 10, 98).
cost(11, 12, 69).
cost(11, 13, 32).
cost(11, 14, 66).
cost(11, 15, 15).
cost(11, 16, 48).
cost(11, 17, 45).
cost(11, 18, 18).
cost(11, 19, 56).
cost(11, 20, 56).
cost(11, 21, 60).
cost(11, 22, 31).
cost(11, 23, 33).
cost(11, 24, 50).
cost(11, 25, 89).
cost(11, 26, 17).
cost(11, 27, 99).
cost(11, 28, 46).
cost(12, 1, 25).
cost(12, 2, 77).
cost(12, 3, 61).
cost(12, 4, 76).
cost(12, 5, 82).
cost(12, 6, 102).
cost(12, 7, 53).
cost(12, 8, 34).
cost(12, 9, 29).
cost(12, 10, 76).
cost(12, 11, 69).
cost(12, 13, 37).
cost(12, 14, 44).
cost(12, 15, 84).
cost(12, 16, 71).
cost(12, 17, 74).
cost(12, 18, 83).
cost(12, 19, 13).
cost(12, 20, 43).
cost(12, 21, 85).
cost(12, 22, 59).
cost(12, 23, 49).
cost(12, 24, 49).
cost(12, 25, 72).
cost(12, 26, 86).
cost(12, 27, 77).
cost(12, 28, 54).
cost(13, 1, 18).
cost(13, 2, 59).
cost(13, 3, 54).
cost(13, 4, 71).
cost(13, 5, 45).
cost(13, 6, 81).
cost(13, 7, 34).
cost(13, 8, 48).
cost(13, 9, 10).
cost(13, 10, 85).
cost(13, 11, 32).
cost(13, 12, 37).
cost(13, 14, 49).
cost(13, 15, 47).
cost(13, 16, 52).
cost(13, 17, 53).
cost(13, 18, 48).
cost(13, 19, 25).
cost(13, 20, 40).
cost(13, 21, 67).
cost(13, 22, 34).
cost(13, 23, 27).
cost(13, 24, 39).
cost(13, 25, 77).
cost(13, 26, 49).
cost(13, 27, 86).
cost(13, 28, 40).
cost(14, 1, 32).
cost(14, 2, 42).
cost(14, 3, 20).
cost(14, 4, 33).
cost(14, 5, 87).
cost(14, 6, 66).
cost(14, 7, 30).
cost(14, 8, 12).
cost(14, 9, 50).
cost(14, 10, 36).
cost(14, 11, 66).
cost(14, 12, 44).
cost(14, 13, 49).
cost(14, 15, 80).
cost(14, 16, 38).
cost(14, 17, 43).
cost(14, 18, 71).
cost(14, 19, 39).
cost(14, 20, 10).
cost(14, 21, 48).
cost(14, 22, 39).
cost(14, 23, 33).
cost(14, 24, 18).
cost(14, 25, 30).
cost(14, 26, 82).
cost(14, 27, 38).
cost(14, 28, 24).
cost(15, 1, 61).
cost(15, 2, 60).
cost(15, 3, 72).
cost(15, 4, 85).
cost(15, 5, 19).
cost(15, 6, 69).
cost(15, 7, 50).
cost(15, 8, 85).
cost(15, 9, 57).
cost(15, 10, 109).
cost(15, 11, 15).
cost(15, 12, 84).
cost(15, 13, 47).
cost(15, 14, 80).
cost(15, 16, 56).
cost(15, 17, 53).
cost(15, 18, 15).
cost(15, 19, 71).
cost(15, 20, 69).
cost(15, 21, 66).
cost(15, 22, 42).
cost(15, 23, 47).
cost(15, 24, 63).
cost(15, 25, 101).
cost(15, 26, 2).
cost(15, 27, 111).
cost(15, 28, 58).
cost(16, 1, 48).
cost(16, 2, 7).
cost(16, 3, 20).
cost(16, 4, 29).
cost(16, 5, 71).
cost(16, 6, 31).
cost(16, 7, 19).
cost(16, 8, 48).
cost(16, 9, 60).
cost(16, 10, 56).
cost(16, 11, 48).
cost(16, 12, 71).
cost(16, 13, 52).
cost(16, 14, 38).
cost(16, 15, 56).
cost(16, 17, 5).
cost(16, 18, 43).
cost(16, 19, 60).
cost(16, 20, 30).
cost(16, 21, 15).
cost(16, 22, 19).
cost(16, 23, 26).
cost(16, 24, 23).
cost(16, 25, 47).
cost(16, 26, 59).
cost(16, 27, 58).
cost(16, 28, 16).
cost(17, 1, 50).
cost(17, 2, 8).
cost(17, 3, 25).
cost(17, 4, 33).
cost(17, 5, 68).
cost(17, 6, 28).
cost(17, 7, 21).
cost(17, 8, 53).
cost(17, 9, 61).
cost(17, 10, 61).
cost(17, 11, 45).
cost(17, 12, 74).
cost(17, 13, 53).
cost(17, 14, 43).
cost(17, 15, 53).
cost(17, 16, 5).
cost(17, 18, 39).
cost(17, 19, 63).
cost(17, 20, 35).
cost(17, 21, 15).
cost(17, 22, 19).
cost(17, 23, 27).
cost(17, 24, 27).
cost(17, 25, 52).
cost(17, 26, 55).
cost(17, 27, 63).
cost(17, 28, 20).
cost(18, 1, 59).
cost(18, 2, 46).
cost(18, 3, 61).
cost(18, 4, 72).
cost(18, 5, 34).
cost(18, 6, 54).
cost(18, 7, 41).
cost(18, 8, 78).
cost(18, 9, 58).
cost(18, 10, 98).
cost(18, 11, 18).
cost(18, 12, 83).
cost(18, 13, 48).
cost(18, 14, 71).
cost(18, 15, 15).
cost(18, 16, 43).
cost(18, 17, 39).
cost(18, 19, 70).
cost(18, 20, 61).
cost(18, 21, 51).
cost(18, 22, 32).
cost(18, 23, 39).
cost(18, 24, 53).
cost(18, 25, 89).
cost(18, 26, 17).
cost(18, 27, 100).
cost(18, 28, 47).
cost(19, 1, 13).
cost(19, 2, 67).
cost(19, 3, 53).
cost(19, 4, 69).
cost(19, 5, 70).
cost(19, 6, 91).
cost(19, 7, 42).
cost(19, 8, 32).
cost(19, 9, 18).
cost(19, 10, 74).
cost(19, 11, 56).
cost(19, 12, 13).
cost(19, 13, 25).
cost(19, 14, 39).
cost(19, 15, 71).
cost(19, 16, 60).
cost(19, 17, 63).
cost(19, 18, 70).
cost(19, 20, 35).
cost(19, 21, 75).
cost(19, 22, 47).
cost(19, 23, 37).
cost(19, 24, 40).
cost(19, 25, 68).
cost(19, 26, 73).
cost(19, 27, 75).
cost(19, 28, 44).
cost(20, 1, 26).
cost(20, 2, 36).
cost(20, 3, 17).
cost(20, 4, 34).
cost(20, 5, 77).
cost(20, 6, 60).
cost(20, 7, 20).
cost(20, 8, 18).
cost(20, 9, 43).
cost(20, 10, 45).
cost(20, 11, 56).
cost(20, 12, 43).
cost(20, 13, 40).
cost(20, 14, 10).
cost(20, 15, 69).
cost(20, 16, 30).
cost(20, 17, 35).
cost(20, 18, 61).
cost(20, 19, 35).
cost(20, 21, 43).
cost(20, 22, 29).
cost(20, 23, 22).
cost(20, 24, 8).
cost(20, 25, 37).
cost(20, 26, 71).
cost(20, 27, 46).
cost(20, 28, 15).
cost(21, 1, 63).
cost(21, 2, 8).
cost(21, 3, 28).
cost(21, 4, 27).
cost(21, 5, 82).
cost(21, 6, 18).
cost(21, 7, 34).
cost(21, 8, 59).
cost(21, 9, 75).
cost(21, 10, 56).
cost(21, 11, 60).
cost(21, 12, 85).
cost(21, 13, 67).
cost(21, 14, 48).
cost(21, 15, 66).
cost(21, 16, 15).
cost(21, 17, 15).
cost(21, 18, 51).
cost(21, 19, 75).
cost(21, 20, 43).
cost(21, 22, 34).
cost(21, 23, 41).
cost(21, 24, 36).
cost(21, 25, 48).
cost(21, 26, 68).
cost(21, 27, 58).
cost(21, 28, 31).
cost(22, 1, 34).
cost(22, 2, 26).
cost(22, 3, 30).
cost(22, 4, 45).
cost(22, 5, 54).
cost(22, 6, 47).
cost(22, 7, 9).
cost(22, 8, 46).
cost(22, 9, 43).
cost(22, 10, 67).
cost(22, 11, 31).
cost(22, 12, 59).
cost(22, 13, 34).
cost(22, 14, 39).
cost(22, 15, 42).
cost(22, 16, 19).
cost(22, 17, 19).
cost(22, 18, 32).
cost(22, 19, 47).
cost(22, 20, 29).
cost(22, 21, 34).
cost(22, 23, 10).
cost(22, 24, 21).
cost(22, 25, 59).
cost(22, 26, 44).
cost(22, 27, 69).
cost(22, 28, 16).
cost(23, 1, 24).
cost(23, 2, 33).
cost(23, 3, 30).
cost(23, 4, 46).
cost(23, 5, 55).
cost(23, 6, 56).
cost(23, 7, 7).
cost(23, 8, 38).
cost(23, 9, 34).
cost(23, 10, 65).
cost(23, 11, 33).
cost(23, 12, 49).
cost(23, 13, 27).
cost(23, 14, 33).
cost(23, 15, 47).
cost(23, 16, 26).
cost(23, 17, 27).
cost(23, 18, 39).
cost(23, 19, 37).
cost(23, 20, 22).
cost(23, 21, 41).
cost(23, 22, 10).
cost(23, 24, 17).
cost(23, 25, 57).
cost(23, 26, 49).
cost(23, 27, 67).
cost(23, 28, 14).
cost(24, 1, 28).
cost(24, 2, 29).
cost(24, 3, 15).
cost(24, 4, 32).
cost(24, 5, 72).
cost(24, 6, 53).
cost(24, 7, 12).
cost(24, 8, 27).
cost(24, 9, 44).
cost(24, 10, 48).
cost(24, 11, 50).
cost(24, 12, 49).
cost(24, 13, 39).
cost(24, 14, 18).
cost(24, 15, 63).
cost(24, 16, 23).
cost(24, 17, 27).
cost(24, 18, 53).
cost(24, 19, 40).
cost(24, 20, 8).
cost(24, 21, 36).
cost(24, 22, 21).
cost(24, 23, 17).
cost(24, 25, 40).
cost(24, 26, 65).
cost(24, 27, 50).
cost(24, 28, 7).
cost(25, 1, 62).
cost(25, 2, 47).
cost(25, 3, 28).
cost(25, 4, 21).
cost(25, 5, 112).
cost(25, 6, 63).
cost(25, 7, 51).
cost(25, 8, 37).
cost(25, 9, 79).
cost(25, 10, 9).
cost(25, 11, 89).
cost(25, 12, 72).
cost(25, 13, 77).
cost(25, 14, 30).
cost(25, 15, 101).
cost(25, 16, 47).
cost(25, 17, 52).
cost(25, 18, 89).
cost(25, 19, 68).
cost(25, 20, 37).
cost(25, 21, 48).
cost(25, 22, 59).
cost(25, 23, 57).
cost(25, 24, 40).
cost(25, 26, 103).
cost(25, 27, 11).
cost(25, 28, 43).
cost(26, 1, 63).
cost(26, 2, 62).
cost(26, 3, 74).
cost(26, 4, 87).
cost(26, 5, 18).
cost(26, 6, 71).
cost(26, 7, 52).
cost(26, 8, 87).
cost(26, 9, 58).
cost(26, 10, 112).
cost(26, 11, 17).
cost(26, 12, 86).
cost(26, 13, 49).
cost(26, 14, 82).
cost(26, 15, 2).
cost(26, 16, 59).
cost(26, 17, 55).
cost(26, 18, 17).
cost(26, 19, 73).
cost(26, 20, 71).
cost(26, 21, 68).
cost(26, 22, 44).
cost(26, 23, 49).
cost(26, 24, 65).
cost(26, 25, 103).
cost(26, 27, 114).
cost(26, 28, 60).
cost(27, 1, 70).
cost(27, 2, 58).
cost(27, 3, 39).
cost(27, 4, 31).
cost(27, 5, 122).
cost(27, 6, 72).
cost(27, 7, 62).
cost(27, 8, 43).
cost(27, 9, 87).
cost(27, 10, 2).
cost(27, 11, 99).
cost(27, 12, 77).
cost(27, 13, 86).
cost(27, 14, 38).
cost(27, 15, 111).
cost(27, 16, 58).
cost(27, 17, 63).
cost(27, 18, 100).
cost(27, 19, 75).
cost(27, 20, 46).
cost(27, 21, 58).
cost(27, 22, 69).
cost(27, 23, 67).
cost(27, 24, 50).
cost(27, 25, 11).
cost(27, 26, 114).
cost(27, 28, 54).
cost(28, 1, 32).
cost(28, 2, 23).
cost(28, 3, 16).
cost(28, 4, 32).
cost(28, 5, 69).
cost(28, 6, 47).
cost(28, 7, 8).
cost(28, 8, 34).
cost(28, 9, 46).
cost(28, 10, 52).
cost(28, 11, 46).
cost(28, 12, 54).
cost(28, 13, 40).
cost(28, 14, 24).
cost(28, 15, 58).
cost(28, 16, 16).
cost(28, 17, 20).
cost(28, 18, 47).
cost(28, 19, 44).
cost(28, 20, 15).
cost(28, 21, 31).
cost(28, 22, 16).
cost(28, 23, 14).
cost(28, 24, 7).
cost(28, 25, 43).
cost(28, 26, 60).
cost(28, 27, 54).
