dimension(28).
point(1, 11.6896104297, 69.4186023367).
point(2, 72.3358089511, 74.0675036493).
point(3, 53.5577458617, 41.2928620388).
point(4, 49.2545731835, 44.4776869707).
point(5, 75.8351108377, 25.5673442774).
point(6, 67.2226236371, 46.0995667516).
point(7, 11.7661001017, 13.4474818006).
point(8, 17.6799811372, 62.9263682365).
point(9, 58.3650684403, 81.8402223762).
point(10, 74.3122391048, 25.7841592815).
point(11, 59.2515032691, 55.3757140709).
point(12, 69.4741346879, 28.2269521593).
point(13, 62.275528846, 32.4565450131).
point(14, 57.0271448024, 75.8343876497).
point(15, 89.2454559994, 25.7621425084).
point(16, 87.6122233237, 49.1797430718).
point(17, 7.6356460858, 62.7105767178).
point(18, 82.8961329128, 32.7627738933).
point(19, 92.6577508566, 19.6407358264).
point(20, 28.7773325879, 10.4944638939).
point(21, 18.9924342382, 18.1766582102).
point(22, 2.3320922828, 81.6028009054).
point(23, 12.9230747139, 14.451397835).
point(24, 7.7386045906, 13.2379738151).
point(25, 13.6940938906, 91.7450595616).
point(26, 71.888943786, 86.5881820569).
point(27, 59.4748480398, 77.3956725594).
point(28, 93.0583350096, 65.0203407861).
cost(1, 2, 61).
cost(1, 3, 50).
cost(1, 4, 45).
cost(1, 5, 78).
cost(1, 6, 60).
cost(1, 7, 56).
cost(1, 8, 9).
cost(1, 9, 48).
cost(1, 10, 76).
cost(1, 11, 50).
cost(1, 12, 71).
cost(1, 13, 63).
cost(1, 14, 46).
cost(1, 15, 89).
cost(1, 16, 79).
cost(1, 17, 8).
cost(1, 18, 80).
cost(1, 19, 95).
cost(1, 20, 61).
cost(1, 21, 52).
cost(1, 22, 15).
cost(1, 23, 55).
cost(1, 24, 56).
cost(1, 25, 22).
cost(1, 26, 63).
cost(1, 27, 48).
cost(1, 28, 81).
cost(2, 1, 61).
cost(2, 3, 38).
cost(2, 4, 38).
cost(2, 5, 49).
cost(2, 6, 28).
cost(2, 7, 86).
cost(2, 8, 56).
cost(2, 9, 16).
cost(2, 10, 48).
cost(2, 11, 23).
cost(2, 12, 46).
cost(2, 13, 43).
cost(2, 14, 15).
cost(2, 15, 51).
cost(2, 16, 29).
cost(2, 17, 66).
cost(2, 18, 43).
cost(2, 19, 58).
cost(2, 20, 77).
cost(2, 21, 77).
cost(2, 22, 70).
cost(2, 23, 84).
cost(2, 24, 89).
cost(2, 25, 61).
cost(2, 26, 13).
cost(2, 27, 13).
cost(2, 28, 23).
cost(3, 1, 50).
cost(3, 2, 38).
cost(3, 4, 5).
cost(3, 5, 27).
cost(3, 6, 14).
cost(3, 7, 50).
cost(3, 8, 42).
cost(3, 9, 41).
cost(3, 10, 26).
cost(3, 11, 15).
cost(3, 12, 21).
cost(3, 13, 12).
cost(3, 14, 35).
cost(3, 15, 39).
cost(3, 16, 35).
cost(3, 17, 51).
cost(3, 18, 31).
cost(3, 19, 45).
cost(3, 20, 40).
cost(3, 21, 42).
cost(3, 22, 65).
cost(3, 23, 49).
cost(3, 24, 54).
cost(3, 25, 64).
cost(3, 26, 49).
cost(3, 27, 37).
cost(3, 28, 46).
cost(4, 1, 45).
cost(4, 2, 38).
cost(4, 3, 5).
cost(4, 5, 33).
cost(4, 6, 18).
cost(4, 7, 49).
cost(4, 8, 37).
cost(4, 9, 38).
cost(4, 10, 31).
cost(4, 11, 15).
cost(4, 12, 26).
cost(4, 13, 18).
cost(4, 14, 32).
cost(4, 15, 44).
cost(4, 16, 39).
cost(4, 17, 45).
cost(4, 18, 36).
cost(4, 19, 50).
cost(4, 20, 40).
cost(4, 21, 40).
cost(4, 22, 60).
cost(4, 23, 47).
cost(4, 24, 52).
cost(4, 25, 59).
cost(4, 26, 48).
cost(4, 27, 34).
cost(4, 28, 48).
cost(5, 1, 78).
cost(5, 2, 49).
cost(5, 3, 27).
cost(5, 4, 33).
cost(5, 6, 22).
cost(5, 7, 65).
cost(5, 8, 69).
cost(5, 9, 59).
cost(5, 10, 2).
cost(5, 11, 34).
cost(5, 12, 7).
cost(5, 13, 15).
cost(5, 14, 54).
cost(5, 15, 13).
cost(5, 16, 26).
cost(5, 17, 78).
cost(5, 18, 10).
cost(5, 19, 18).
cost(5, 20, 49).
cost(5, 21, 57).
cost(5, 22, 92).
cost(5, 23, 64).
cost(5, 24, 69).
cost(5, 25, 91).
cost(5, 26, 61).
cost(5, 27, 54).
cost(5, 28, 43).
cost(6, 1, 60).
cost(6, 2, 28).
cost(6, 3, 14).
cost(6, 4, 18).
cost(6, 5, 22).
cost(6, 7, 64).
cost(6, 8, 52).
cost(6, 9, 37).
cost(6, 10, 22).
cost(6, 11, 12).
cost(6, 12, 18).
cost(6, 13, 15).
cost(6, 14, 31).
cost(6, 15, 30).
cost(6, 16, 21).
cost(6, 17, 62).
cost(6, 18, 21).
cost(6, 19, 37).
cost(6, 20, 52).
cost(6, 21, 56).
cost(6, 22, 74).
cost(6, 23, 63).
cost(6, 24, 68).
cost(6, 25, 70).
cost(6, 26, 41).
cost(6, 27, 32).
cost(6, 28, 32).
cost(7, 1, 56).
cost(7, 2, 86).
cost(7, 3, 50).
cost(7, 4, 49).
cost(7, 5, 65).
cost(7, 6, 64).
cost(7, 8, 50).
cost(7, 9, 83).
cost(7, 10, 64).
cost(7, 11, 63).
cost(7, 12, 60).
cost(7, 13, 54).
cost(7, 14, 77).
cost(7, 15, 78).
cost(7, 16, 84).
cost(7, 17, 49).
cost(7, 18, 74).
cost(7, 19, 81).
cost(7, 20, 17).
cost(7, 21, 9).
cost(7, 22, 69).
cost(7, 23, 2).
cost(7, 24, 4).
cost(7, 25, 78).
cost(7, 26, 95).
cost(7, 27, 80).
cost(7, 28, 96).
cost(8, 1, 9).
cost(8, 2, 56).
cost(8, 3, 42).
cost(8, 4, 37).
cost(8, 5, 69).
cost(8, 6, 52).
cost(8, 7, 50).
cost(8, 9, 45).
cost(8, 10, 68).
cost(8, 11, 42).
cost(8, 12, 62).
cost(8, 13, 54).
cost(8, 14, 41).
cost(8, 15, 81).
cost(8, 16, 71).
cost(8, 17, 10).
cost(8, 18, 72).
cost(8, 19, 87).
cost(8, 20, 54).
cost(8, 21, 45).
cost(8, 22, 24).
cost(8, 23, 49).
cost(8, 24, 51).
cost(8, 25, 29).
cost(8, 26, 59).
cost(8, 27, 44).
cost(8, 28, 75).
cost(9, 1, 48).
cost(9, 2, 16).
cost(9, 3, 41).
cost(9, 4, 38).
cost(9, 5, 59).
cost(9, 6, 37).
cost(9, 7, 83).
cost(9, 8, 45).
cost(9, 10, 58).
cost(9, 11, 26).
cost(9, 12, 55).
cost(9, 13, 50).
cost(9, 14, 6).
cost(9, 15, 64).
cost(9, 16, 44).
cost(9, 17, 54).
cost(9, 18, 55).
cost(9, 19, 71).
cost(9, 20, 77).
cost(9, 21, 75).
cost(9, 22, 56).
cost(9, 23, 81).
cost(9, 24, 85).
cost(9, 25, 46).
cost(9, 26, 14).
cost(9, 27, 5).
cost(9, 28, 39).
cost(10, 1, 76).
cost(10, 2, 48).
cost(10, 3, 26).
cost(10, 4, 31).
cost(10, 5, 2).
cost(10, 6, 22).
cost(10, 7, 64).
cost(10, 8, 68).
cost(10, 9, 58).
cost(10, 11, 33).
cost(10, 12, 5).
cost(10, 13, 14).
cost(10, 14, 53).
cost(10, 15, 15).
cost(10, 16, 27).
cost(10, 17, 76).
cost(10, 18, 11).
cost(10, 19, 19).
cost(10, 20, 48).
cost(10, 21, 56).
cost(10, 22, 91).
cost(10, 23, 62).
cost(10, 24, 68).
cost(10, 25, 90).
cost(10, 26, 61).
cost(10, 27, 54).
cost(10, 28, 43).
cost(11, 1, 50).
cost(11, 2, 23).
cost(11, 3, 15).
cost(11, 4, 15).
cost(11, 5, 34).
cost(11, 6, 12).
cost(11, 7, 63).
cost(11, 8, 42).
cost(11, 9, 26).
cost(11, 10, 33).
cost(11, 12, 29).
cost(11, 13, 23).
cost(11, 14, 21).
cost(11, 15, 42).
cost(11, 16, 29).
cost(11, 17, 52).
cost(11, 18, 33).
cost(11, 19, 49).
cost(11, 20, 54).
cost(11, 21, 55).
cost(11, 22, 63).
cost(11, 23, 62).
cost(11, 24, 67).
cost(11, 25, 58).
cost(11, 26, 34).
cost(11, 27, 22).
cost(11, 28, 35).
cost(12, 1, 71).
cost(12, 2, 46).
cost(12, 3, 21).
cost(12, 4, 26).
cost(12, 5, 7).
cost(12, 6, 18).
cost(12, 7, 60).
cost(12, 8, 62).
cost(12, 9, 55).
cost(12, 10, 5).
cost(12, 11, 29).
cost(12, 13, 8).
cost(12, 14, 49).
cost(12, 15, 20).
cost(12, 16, 28).
cost(12, 17, 71).
cost(12, 18, 14).
cost(12, 19, 25).
cost(12, 20, 44).
cost(12, 21, 51).
cost(12, 22, 86).
cost(12, 23, 58).
cost(12, 24, 64).
cost(12, 25, 85).
cost(12, 26, 58).
cost(12, 27, 50).
cost(12, 28, 44).
cost(13, 1, 63).
cost(13, 2, 43).
cost(13, 3, 12).
cost(13, 4, 18).
cost(13, 5, 15).
cost(13, 6, 15).
cost(13, 7, 54).
cost(13, 8, 54).
cost(13, 9, 50).
cost(13, 10, 14).
cost(13, 11, 23).
cost(13, 12, 8).
cost(13, 14, 44).
cost(13, 15, 28).
cost(13, 16, 30).
cost(13, 17, 62).
cost(13, 18, 21).
cost(13, 19, 33).
cost(13, 20, 40).
cost(13, 21, 46).
cost(13, 22, 78).
cost(13, 23, 53).
cost(13, 24, 58).
cost(13, 25, 77).
cost(13, 26, 55).
cost(13, 27, 45).
cost(13, 28, 45).
cost(14, 1, 46).
cost(14, 2, 15).
cost(14, 3, 35).
cost(14, 4, 32).
cost(14, 5, 54).
cost(14, 6, 31).
cost(14, 7, 77).
cost(14, 8, 41).
cost(14, 9, 6).
cost(14, 10, 53).
cost(14, 11, 21).
cost(14, 12, 49).
cost(14, 13, 44).
cost(14, 15, 60).
cost(14, 16, 41).
cost(14, 17, 51).
cost(14, 18, 50).
cost(14, 19, 67).
cost(14, 20, 71).
cost(14, 21, 69).
cost(14, 22, 55).
cost(14, 23, 76).
cost(14, 24, 80).
cost(14, 25, 46).
cost(14, 26, 18).
cost(14, 27, 3).
cost(14, 28, 38).
cost(15, 1, 89).
cost(15, 2, 51).
cost(15, 3, 39).
cost(15, 4, 44).
cost(15, 5, 13).
cost(15, 6, 30).
cost(15, 7, 78).
cost(15, 8, 81).
cost(15, 9, 64).
cost(15, 10, 15).
cost(15, 11, 42).
cost(15, 12, 20).
cost(15, 13, 28).
cost(15, 14, 60).
cost(15, 16, 23).
cost(15, 17, 90).
cost(15, 18, 9).
cost(15, 19, 7).
cost(15, 20, 62).
cost(15, 21, 71).
cost(15, 22, 103).
cost(15, 23, 77).
cost(15, 24, 82).
cost(15, 25, 100).
cost(15, 26, 63).
cost(15, 27, 60).
cost(15, 28, 39).
cost(16, 1, 79).
cost(16, 2, 29).
cost(16, 3, 35).
cost(16, 4, 39).
cost(16, 5, 26).
cost(16, 6, 21).
cost(16, 7, 84).
cost(16, 8, 71).
cost(16, 9, 44).
cost(16, 10, 27).
cost(16, 11, 29).
cost(16, 12, 28).
cost(16, 13, 30).
cost(16, 14, 41).
cost(16, 15, 23).
cost(16, 17, 81).
cost(16, 18, 17).
cost(16, 19, 30).
cost(16, 20, 70).
cost(16, 21, 75).
cost(16, 22, 91).
cost(16, 23, 82).
cost(16, 24, 88).
cost(16, 25, 85).
cost(16, 26, 41).
cost(16, 27, 40).
cost(16, 28, 17).
cost(17, 1, 8).
cost(17, 2, 66).
cost(17, 3, 51).
cost(17, 4, 45).
cost(17, 5, 78).
cost(17, 6, 62).
cost(17, 7, 49).
cost(17, 8, 10).
cost(17, 9, 54).
cost(17, 10, 76).
cost(17, 11, 52).
cost(17, 12, 71).
cost(17, 13, 62).
cost(17, 14, 51).
cost(17, 15, 90).
cost(17, 16, 81).
cost(17, 18, 81).
cost(17, 19, 95).
cost(17, 20, 56).
cost(17, 21, 46).
cost(17, 22, 20).
cost(17, 23, 49).
cost(17, 24, 49).
cost(17, 25, 30).
cost(17, 26, 69).
cost(17, 27, 54).
cost(17, 28, 85).
cost(18, 1, 80).
cost(18, 2, 43).
cost(18, 3, 31).
cost(18, 4, 36).
cost(18, 5, 10).
cost(18, 6, 21).
cost(18, 7, 74).
cost(18, 8, 72).
cost(18, 9, 55).
cost(18, 10, 11).
cost(18, 11, 33).
cost(18, 12, 14).
cost(18, 13, 21).
cost(18, 14, 50).
cost(18, 15, 9).
cost(18, 16, 17).
cost(18, 17, 81).
cost(18, 19, 16).
cost(18, 20, 59).
cost(18, 21, 66).
cost(18, 22, 94).
cost(18, 23, 72).
cost(18, 24, 78).
cost(18, 25, 91).
cost(18, 26, 55).
cost(18, 27, 50).
cost(18, 28, 34).
cost(19, 1, 95).
cost(19, 2, 58).
cost(19, 3, 45).
cost(19, 4, 50).
cost(19, 5, 18).
cost(19, 6, 37).
cost(19, 7, 81).
cost(19, 8, 87).
cost(19, 9, 71).
cost(19, 10, 19).
cost(19, 11, 49).
cost(19, 12, 25).
cost(19, 13, 33).
cost(19, 14, 67).
cost(19, 15, 7).
cost(19, 16, 30).
cost(19, 17, 95).
cost(19, 18, 16).
cost(19, 20, 65).
cost(19, 21, 74).
cost(19, 22, 110).
cost(19, 23, 80).
cost(19, 24, 85).
cost(19, 25, 107).
cost(19, 26, 70).
cost(19, 27, 67).
cost(19, 28, 45).
cost(20, 1, 61).
cost(20, 2, 77).
cost(20, 3, 40).
cost(20, 4, 40).
cost(20, 5, 49).
cost(20, 6, 52).
cost(20, 7, 17).
cost(20, 8, 54).
cost(20, 9, 77).
cost(20, 10, 48).
cost(20, 11, 54).
cost(20, 12, 44).
cost(20, 13, 40).
cost(20, 14, 71).
cost(20, 15, 62).
cost(20, 16, 70).
cost(20, 17, 56).
cost(20, 18, 59).
cost(20, 19, 65).
cost(20, 21, 12).
cost(20, 22, 76).
cost(20, 23, 16).
cost(20, 24, 21).
cost(20, 25, 83).
cost(20, 26, 87).
cost(20, 27, 74).
cost(20, 28, 84).
cost(21, 1, 52).
cost(21, 2, 77).
cost(21, 3, 42).
cost(21, 4, 40).
cost(21, 5, 57).
cost(21, 6, 56).
cost(21, 7, 9).
cost(21, 8, 45).
cost(21, 9, 75).
cost(21, 10, 56).
cost(21, 11, 55).
cost(21, 12, 51).
cost(21, 13, 46).
cost(21, 14, 69).
cost(21, 15, 71).
cost(21, 16, 75).
cost(21, 17, 46).
cost(21, 18, 66).
cost(21, 19, 74).
cost(21, 20, 12).
cost(21, 22, 66).
cost(21, 23, 7).
cost(21, 24, 12).
cost(21, 25, 74).
cost(21, 26, 86).
cost(21, 27, 72).
cost(21, 28, 88).
cost(22, 1, 15).
cost(22, 2, 70).
cost(22, 3, 65).
cost(22, 4, 60).
cost(22, 5, 92).
cost(22, 6, 74).
cost(22, 7, 69).
cost(22, 8, 24).
cost(22, 9, 56).
cost(22, 10, 91).
cost(22, 11, 63).
cost(22, 12, 86).
cost(22, 13, 78).
cost(22, 14, 55).
cost(22, 15, 103).
cost(22, 16, 91).
cost(22, 17, 20).
cost(22, 18, 94).
cost(22, 19, 110).
cost(22, 20, 76).
cost(22, 21, 66).
cost(22, 23, 68).
cost(22, 24, 69).
cost(22, 25, 15).
cost(22, 26, 70).
cost(22, 27, 57).
cost(22, 28, 92).
cost(23, 1, 55).
cost(23, 2, 84).
cost(23, 3, 49).
cost(23, 4, 47).
cost(23, 5, 64).
cost(23, 6, 63).
cost(23, 7, 2).
cost(23, 8, 49).
cost(23, 9, 81).
cost(23, 10, 62).
cost(23, 11, 62).
cost(23, 12, 58).
cost(23, 13, 53).
cost(23, 14, 76).
cost(23, 15, 77).
cost(23, 16, 82).
cost(23, 17, 49).
cost(23, 18, 72).
cost(23, 19, 80).
cost(23, 20, 16).
cost(23, 21, 7).
cost(23, 22, 68).
cost(23, 24, 5).
cost(23, 25, 77).
cost(23, 26, 93).
cost(23, 27, 78).
cost(23, 28, 95).
cost(24, 1, 56).
cost(24, 2, 89).
cost(24, 3, 54).
cost(24, 4, 52).
cost(24, 5, 69).
cost(24, 6, 68).
cost(24, 7, 4).
cost(24, 8, 51).
cost(24, 9, 85).
cost(24, 10, 68).
cost(24, 11, 67).
cost(24, 12, 64).
cost(24, 13, 58).
cost(24, 14, 80).
cost(24, 15, 82).
cost(24, 16, 88).
cost(24, 17, 49).
cost(24, 18, 78).
cost(24, 19, 85).
cost(24, 20, 21).
cost(24, 21, 12).
cost(24, 22, 69).
cost(24, 23, 5).
cost(24, 25, 79).
cost(24, 26, 97).
cost(24, 27, 82).
cost(24, 28, 100).
cost(25, 1, 22).
cost(25, 2, 61).
cost(25, 3, 64).
cost(25, 4, 59).
cost(25, 5, 91).
cost(25, 6, 70).
cost(25, 7, 78).
cost(25, 8, 29).
cost(25, 9, 46).
cost(25, 10, 90).
cost(25, 11, 58).
cost(25, 12, 85).
cost(25, 13, 77).
cost(25, 14, 46).
cost(25, 15, 100).
cost(25, 16, 85).
cost(25, 17, 30).
cost(25, 18, 91).
cost(25, 19, 107).
cost(25, 20, 83).
cost(25, 21, 74).
cost(25, 22, 15).
cost(25, 23, 77).
cost(25, 24, 79).
cost(25, 26, 58).
cost(25, 27, 48).
cost(25, 28, 84).
cost(26, 1, 63).
cost(26, 2, 13).
cost(26, 3, 49).
cost(26, 4, 48).
cost(26, 5, 61).
cost(26, 6, 41).
cost(26, 7, 95).
cost(26, 8, 59).
cost(26, 9, 14).
cost(26, 10, 61).
cost(26, 11, 34).
cost(26, 12, 58).
cost(26, 13, 55).
cost(26, 14, 18).
cost(26, 15, 63).
cost(26, 16, 41).
cost(26, 17, 69).
cost(26, 18, 55).
cost(26, 19, 70).
cost(26, 20, 87).
cost(26, 21, 86).
cost(26, 22, 70).
cost(26, 23, 93).
cost(26, 24, 97).
cost(26, 25, 58).
cost(26, 27, 15).
cost(26, 28, 30).
cost(27, 1, 48).
cost(27, 2, 13).
cost(27, 3, 37).
cost(27, 4, 34).
cost(27, 5, 54).
cost(27, 6, 32).
cost(27, 7, 80).
cost(27, 8, 44).
cost(27, 9, 5).
cost(27, 10, 54).
cost(27, 11, 22).
cost(27, 12, 50).
cost(27, 13, 45).
cost(27, 14, 3).
cost(27, 15, 60).
cost(27, 16, 40).
cost(27, 17, 54).
cost(27, 18, 50).
cost(27, 19, 67).
cost(27, 20, 74).
cost(27, 21, 72).
cost(27, 22, 57).
cost(27, 23, 78).
cost(27, 24, 82).
cost(27, 25, 48).
cost(27, 26, 15).
cost(27, 28, 36).
cost(28, 1, 81).
cost(28, 2, 23).
cost(28, 3, 46).
cost(28, 4, 48).
cost(28, 5, 43).
cost(28, 6, 32).
cost(28, 7, 96).
cost(28, 8, 75).
cost(28, 9, 39).
cost(28, 10, 43).
cost(28, 11, 35).
cost(28, 12, 44).
cost(28, 13, 45).
cost(28, 14, 38).
cost(28, 15, 39).
cost(28, 16, 17).
cost(28, 17, 85).
cost(28, 18, 34).
cost(28, 19, 45).
cost(28, 20, 84).
cost(28, 21, 88).
cost(28, 22, 92).
cost(28, 23, 95).
cost(28, 24, 100).
cost(28, 25, 84).
cost(28, 26, 30).
cost(28, 27, 36).
