dimension(28).
point(1, 54.210833672, 56.3492392634).
point(2, 65.0984782782, 49.1180837578).
point(3, 58.0152380888, 48.7928556209).
point(4, 56.9381062005, 55.5670842673).
point(5, 71.634488614, 53.5341979036).
point(6, 62.0161038085, 47.9723938095).
point(7, 54.2605349532, 45.9699558868).
point(8, 60.0043983981, 53.0435949587).
point(9, 21.0679651574, 19.0924807338).
point(10, 16.7520510724, 21.2641317658).
point(11, 20.3325180277, 20.646877831).
point(12, 16.9981013097, 30.1750168774).
point(13, 26.5158664479, 24.0781464743).
point(14, 70.5829740967, 91.8867511898).
point(15, 78.4067622745, 71.6840166131).
point(16, 73.8711227106, 88.4249953797).
point(17, 77.3534329603, 81.43689256).
point(18, 79.5498232105, 85.3760514537).
point(19, 18.6052210813, 62.0153012456).
point(20, 15.7347664748, 71.826679232).
point(21, 25.5683640189, 75.8200841974).
point(22, 26.7283144676, 80.0981114938).
point(23, 20.8589450718, 68.4267660912).
point(24, 89.5744058374, 18.9287978623).
point(25, 84.6481419429, 30.1781603482).
point(26, 92.6222111229, 27.8671186788).
point(27, 98.1374759329, 30.777228217).
point(28, 92.7536420797, 26.283568802).
cost(1, 2, 13).
cost(1, 3, 8).
cost(1, 4, 3).
cost(1, 5, 18).
cost(1, 6, 11).
cost(1, 7, 10).
cost(1, 8, 7).
cost(1, 9, 50).
cost(1, 10, 51).
cost(1, 11, 49).
cost(1, 12, 45).
cost(1, 13, 43).
cost(1, 14, 39).
cost(1, 15, 29).
cost(1, 16, 38).
cost(1, 17, 34).
cost(1, 18, 39).
cost(1, 19, 36).
cost(1, 20, 41).
cost(1, 21, 35).
cost(1, 22, 36).
cost(1, 23, 35).
cost(1, 24, 51).
cost(1, 25, 40).
cost(1, 26, 48).
cost(1, 27, 51).
cost(1, 28, 49).
cost(2, 1, 13).
cost(2, 3, 7).
cost(2, 4, 10).
cost(2, 5, 8).
cost(2, 6, 3).
cost(2, 7, 11).
cost(2, 8, 6).
cost(2, 9, 53).
cost(2, 10, 56).
cost(2, 11, 53).
cost(2, 12, 52).
cost(2, 13, 46).
cost(2, 14, 43).
cost(2, 15, 26).
cost(2, 16, 40).
cost(2, 17, 35).
cost(2, 18, 39).
cost(2, 19, 48).
cost(2, 20, 54).
cost(2, 21, 48).
cost(2, 22, 49).
cost(2, 23, 48).
cost(2, 24, 39).
cost(2, 25, 27).
cost(2, 26, 35).
cost(2, 27, 38).
cost(2, 28, 36).
cost(3, 1, 8).
cost(3, 2, 7).
cost(3, 4, 7).
cost(3, 5, 14).
cost(3, 6, 4).
cost(3, 7, 5).
cost(3, 8, 5).
cost(3, 9, 47).
cost(3, 10, 50).
cost(3, 11, 47).
cost(3, 12, 45).
cost(3, 13, 40).
cost(3, 14, 45).
cost(3, 15, 31).
cost(3, 16, 43).
cost(3, 17, 38).
cost(3, 18, 42).
cost(3, 19, 42).
cost(3, 20, 48).
cost(3, 21, 42).
cost(3, 22, 44).
cost(3, 23, 42).
cost(3, 24, 43).
cost(3, 25, 32).
cost(3, 26, 40).
cost(3, 27, 44).
cost(3, 28, 41).
cost(4, 1, 3).
cost(4, 2, 10).
cost(4, 3, 7).
cost(4, 5, 15).
cost(4, 6, 9).
cost(4, 7, 10).
cost(4, 8, 4).
cost(4, 9, 51).
cost(4, 10, 53).
cost(4, 11, 51).
cost(4, 12, 47).
cost(4, 13, 44).
cost(4, 14, 39).
cost(4, 15, 27).
cost(4, 16, 37).
cost(4, 17, 33).
cost(4, 18, 37).
cost(4, 19, 39).
cost(4, 20, 44).
cost(4, 21, 37).
cost(4, 22, 39).
cost(4, 23, 38).
cost(4, 24, 49).
cost(4, 25, 38).
cost(4, 26, 45).
cost(4, 27, 48).
cost(4, 28, 46).
cost(5, 1, 18).
cost(5, 2, 8).
cost(5, 3, 14).
cost(5, 4, 15).
cost(5, 6, 11).
cost(5, 7, 19).
cost(5, 8, 12).
cost(5, 9, 61).
cost(5, 10, 64).
cost(5, 11, 61).
cost(5, 12, 59).
cost(5, 13, 54).
cost(5, 14, 38).
cost(5, 15, 19).
cost(5, 16, 35).
cost(5, 17, 28).
cost(5, 18, 33).
cost(5, 19, 54).
cost(5, 20, 59).
cost(5, 21, 51).
cost(5, 22, 52).
cost(5, 23, 53).
cost(5, 24, 39).
cost(5, 25, 27).
cost(5, 26, 33).
cost(5, 27, 35).
cost(5, 28, 34).
cost(6, 1, 11).
cost(6, 2, 3).
cost(6, 3, 4).
cost(6, 4, 9).
cost(6, 5, 11).
cost(6, 7, 8).
cost(6, 8, 5).
cost(6, 9, 50).
cost(6, 10, 53).
cost(6, 11, 50).
cost(6, 12, 48).
cost(6, 13, 43).
cost(6, 14, 45).
cost(6, 15, 29).
cost(6, 16, 42).
cost(6, 17, 37).
cost(6, 18, 41).
cost(6, 19, 46).
cost(6, 20, 52).
cost(6, 21, 46).
cost(6, 22, 48).
cost(6, 23, 46).
cost(6, 24, 40).
cost(6, 25, 29).
cost(6, 26, 37).
cost(6, 27, 40).
cost(6, 28, 38).
cost(7, 1, 10).
cost(7, 2, 11).
cost(7, 3, 5).
cost(7, 4, 10).
cost(7, 5, 19).
cost(7, 6, 8).
cost(7, 8, 9).
cost(7, 9, 43).
cost(7, 10, 45).
cost(7, 11, 42).
cost(7, 12, 40).
cost(7, 13, 35).
cost(7, 14, 49).
cost(7, 15, 35).
cost(7, 16, 47).
cost(7, 17, 42).
cost(7, 18, 47).
cost(7, 19, 39).
cost(7, 20, 46).
cost(7, 21, 41).
cost(7, 22, 44).
cost(7, 23, 40).
cost(7, 24, 44).
cost(7, 25, 34).
cost(7, 26, 42).
cost(7, 27, 46).
cost(7, 28, 43).
cost(8, 1, 7).
cost(8, 2, 6).
cost(8, 3, 5).
cost(8, 4, 4).
cost(8, 5, 12).
cost(8, 6, 5).
cost(8, 7, 9).
cost(8, 9, 52).
cost(8, 10, 54).
cost(8, 11, 51).
cost(8, 12, 49).
cost(8, 13, 44).
cost(8, 14, 40).
cost(8, 15, 26).
cost(8, 16, 38).
cost(8, 17, 33).
cost(8, 18, 38).
cost(8, 19, 42).
cost(8, 20, 48).
cost(8, 21, 41).
cost(8, 22, 43).
cost(8, 23, 42).
cost(8, 24, 45).
cost(8, 25, 34).
cost(8, 26, 41).
cost(8, 27, 44).
cost(8, 28, 42).
cost(9, 1, 50).
cost(9, 2, 53).
cost(9, 3, 47).
cost(9, 4, 51).
cost(9, 5, 61).
cost(9, 6, 50).
cost(9, 7, 43).
cost(9, 8, 52).
cost(9, 10, 5).
cost(9, 11, 2).
cost(9, 12, 12).
cost(9, 13, 7).
cost(9, 14, 88).
cost(9, 15, 78).
cost(9, 16, 87).
cost(9, 17, 84).
cost(9, 18, 88).
cost(9, 19, 43).
cost(9, 20, 53).
cost(9, 21, 57).
cost(9, 22, 61).
cost(9, 23, 49).
cost(9, 24, 69).
cost(9, 25, 65).
cost(9, 26, 72).
cost(9, 27, 78).
cost(9, 28, 72).
cost(10, 1, 51).
cost(10, 2, 56).
cost(10, 3, 50).
cost(10, 4, 53).
cost(10, 5, 64).
cost(10, 6, 53).
cost(10, 7, 45).
cost(10, 8, 54).
cost(10, 9, 5).
cost(10, 11, 4).
cost(10, 12, 9).
cost(10, 13, 10).
cost(10, 14, 89).
cost(10, 15, 80).
cost(10, 16, 88).
cost(10, 17, 85).
cost(10, 18, 90).
cost(10, 19, 41).
cost(10, 20, 51).
cost(10, 21, 55).
cost(10, 22, 60).
cost(10, 23, 47).
cost(10, 24, 73).
cost(10, 25, 68).
cost(10, 26, 76).
cost(10, 27, 82).
cost(10, 28, 76).
cost(11, 1, 49).
cost(11, 2, 53).
cost(11, 3, 47).
cost(11, 4, 51).
cost(11, 5, 61).
cost(11, 6, 50).
cost(11, 7, 42).
cost(11, 8, 51).
cost(11, 9, 2).
cost(11, 10, 4).
cost(11, 12, 10).
cost(11, 13, 7).
cost(11, 14, 87).
cost(11, 15, 77).
cost(11, 16, 86).
cost(11, 17, 83).
cost(11, 18, 88).
cost(11, 19, 41).
cost(11, 20, 51).
cost(11, 21, 55).
cost(11, 22, 60).
cost(11, 23, 48).
cost(11, 24, 69).
cost(11, 25, 65).
cost(11, 26, 73).
cost(11, 27, 78).
cost(11, 28, 73).
cost(12, 1, 45).
cost(12, 2, 52).
cost(12, 3, 45).
cost(12, 4, 47).
cost(12, 5, 59).
cost(12, 6, 48).
cost(12, 7, 40).
cost(12, 8, 49).
cost(12, 9, 12).
cost(12, 10, 9).
cost(12, 11, 10).
cost(12, 13, 11).
cost(12, 14, 82).
cost(12, 15, 74).
cost(12, 16, 81).
cost(12, 17, 79).
cost(12, 18, 83).
cost(12, 19, 32).
cost(12, 20, 42).
cost(12, 21, 46).
cost(12, 22, 51).
cost(12, 23, 38).
cost(12, 24, 73).
cost(12, 25, 68).
cost(12, 26, 76).
cost(12, 27, 81).
cost(12, 28, 76).
cost(13, 1, 43).
cost(13, 2, 46).
cost(13, 3, 40).
cost(13, 4, 44).
cost(13, 5, 54).
cost(13, 6, 43).
cost(13, 7, 35).
cost(13, 8, 44).
cost(13, 9, 7).
cost(13, 10, 10).
cost(13, 11, 7).
cost(13, 12, 11).
cost(13, 14, 81).
cost(13, 15, 70).
cost(13, 16, 80).
cost(13, 17, 77).
cost(13, 18, 81).
cost(13, 19, 39).
cost(13, 20, 49).
cost(13, 21, 52).
cost(13, 22, 56).
cost(13, 23, 45).
cost(13, 24, 63).
cost(13, 25, 58).
cost(13, 26, 66).
cost(13, 27, 72).
cost(13, 28, 66).
cost(14, 1, 39).
cost(14, 2, 43).
cost(14, 3, 45).
cost(14, 4, 39).
cost(14, 5, 38).
cost(14, 6, 45).
cost(14, 7, 49).
cost(14, 8, 40).
cost(14, 9, 88).
cost(14, 10, 89).
cost(14, 11, 87).
cost(14, 12, 82).
cost(14, 13, 81).
cost(14, 15, 22).
cost(14, 16, 5).
cost(14, 17, 12).
cost(14, 18, 11).
cost(14, 19, 60).
cost(14, 20, 58).
cost(14, 21, 48).
cost(14, 22, 45).
cost(14, 23, 55).
cost(14, 24, 75).
cost(14, 25, 63).
cost(14, 26, 68).
cost(14, 27, 67).
cost(14, 28, 69).
cost(15, 1, 29).
cost(15, 2, 26).
cost(15, 3, 31).
cost(15, 4, 27).
cost(15, 5, 19).
cost(15, 6, 29).
cost(15, 7, 35).
cost(15, 8, 26).
cost(15, 9, 78).
cost(15, 10, 80).
cost(15, 11, 77).
cost(15, 12, 74).
cost(15, 13, 70).
cost(15, 14, 22).
cost(15, 16, 17).
cost(15, 17, 10).
cost(15, 18, 14).
cost(15, 19, 61).
cost(15, 20, 63).
cost(15, 21, 53).
cost(15, 22, 52).
cost(15, 23, 58).
cost(15, 24, 54).
cost(15, 25, 42).
cost(15, 26, 46).
cost(15, 27, 45).
cost(15, 28, 48).
cost(16, 1, 38).
cost(16, 2, 40).
cost(16, 3, 43).
cost(16, 4, 37).
cost(16, 5, 35).
cost(16, 6, 42).
cost(16, 7, 47).
cost(16, 8, 38).
cost(16, 9, 87).
cost(16, 10, 88).
cost(16, 11, 86).
cost(16, 12, 81).
cost(16, 13, 80).
cost(16, 14, 5).
cost(16, 15, 17).
cost(16, 17, 8).
cost(16, 18, 6).
cost(16, 19, 61).
cost(16, 20, 60).
cost(16, 21, 50).
cost(16, 22, 48).
cost(16, 23, 57).
cost(16, 24, 71).
cost(16, 25, 59).
cost(16, 26, 63).
cost(16, 27, 63).
cost(16, 28, 65).
cost(17, 1, 34).
cost(17, 2, 35).
cost(17, 3, 38).
cost(17, 4, 33).
cost(17, 5, 28).
cost(17, 6, 37).
cost(17, 7, 42).
cost(17, 8, 33).
cost(17, 9, 84).
cost(17, 10, 85).
cost(17, 11, 83).
cost(17, 12, 79).
cost(17, 13, 77).
cost(17, 14, 12).
cost(17, 15, 10).
cost(17, 16, 8).
cost(17, 18, 5).
cost(17, 19, 62).
cost(17, 20, 62).
cost(17, 21, 52).
cost(17, 22, 51).
cost(17, 23, 58).
cost(17, 24, 64).
cost(17, 25, 52).
cost(17, 26, 56).
cost(17, 27, 55).
cost(17, 28, 57).
cost(18, 1, 39).
cost(18, 2, 39).
cost(18, 3, 42).
cost(18, 4, 37).
cost(18, 5, 33).
cost(18, 6, 41).
cost(18, 7, 47).
cost(18, 8, 38).
cost(18, 9, 88).
cost(18, 10, 90).
cost(18, 11, 88).
cost(18, 12, 83).
cost(18, 13, 81).
cost(18, 14, 11).
cost(18, 15, 14).
cost(18, 16, 6).
cost(18, 17, 5).
cost(18, 19, 65).
cost(18, 20, 65).
cost(18, 21, 55).
cost(18, 22, 53).
cost(18, 23, 61).
cost(18, 24, 67).
cost(18, 25, 55).
cost(18, 26, 59).
cost(18, 27, 58).
cost(18, 28, 61).
cost(19, 1, 36).
cost(19, 2, 48).
cost(19, 3, 42).
cost(19, 4, 39).
cost(19, 5, 54).
cost(19, 6, 46).
cost(19, 7, 39).
cost(19, 8, 42).
cost(19, 9, 43).
cost(19, 10, 41).
cost(19, 11, 41).
cost(19, 12, 32).
cost(19, 13, 39).
cost(19, 14, 60).
cost(19, 15, 61).
cost(19, 16, 61).
cost(19, 17, 62).
cost(19, 18, 65).
cost(19, 20, 10).
cost(19, 21, 15).
cost(19, 22, 20).
cost(19, 23, 7).
cost(19, 24, 83).
cost(19, 25, 73).
cost(19, 26, 82).
cost(19, 27, 85).
cost(19, 28, 82).
cost(20, 1, 41).
cost(20, 2, 54).
cost(20, 3, 48).
cost(20, 4, 44).
cost(20, 5, 59).
cost(20, 6, 52).
cost(20, 7, 46).
cost(20, 8, 48).
cost(20, 9, 53).
cost(20, 10, 51).
cost(20, 11, 51).
cost(20, 12, 42).
cost(20, 13, 49).
cost(20, 14, 58).
cost(20, 15, 63).
cost(20, 16, 60).
cost(20, 17, 62).
cost(20, 18, 65).
cost(20, 19, 10).
cost(20, 21, 11).
cost(20, 22, 14).
cost(20, 23, 6).
cost(20, 24, 91).
cost(20, 25, 81).
cost(20, 26, 89).
cost(20, 27, 92).
cost(20, 28, 89).
cost(21, 1, 35).
cost(21, 2, 48).
cost(21, 3, 42).
cost(21, 4, 37).
cost(21, 5, 51).
cost(21, 6, 46).
cost(21, 7, 41).
cost(21, 8, 41).
cost(21, 9, 57).
cost(21, 10, 55).
cost(21, 11, 55).
cost(21, 12, 46).
cost(21, 13, 52).
cost(21, 14, 48).
cost(21, 15, 53).
cost(21, 16, 50).
cost(21, 17, 52).
cost(21, 18, 55).
cost(21, 19, 15).
cost(21, 20, 11).
cost(21, 22, 4).
cost(21, 23, 9).
cost(21, 24, 86).
cost(21, 25, 75).
cost(21, 26, 82).
cost(21, 27, 85).
cost(21, 28, 83).
cost(22, 1, 36).
cost(22, 2, 49).
cost(22, 3, 44).
cost(22, 4, 39).
cost(22, 5, 52).
cost(22, 6, 48).
cost(22, 7, 44).
cost(22, 8, 43).
cost(22, 9, 61).
cost(22, 10, 60).
cost(22, 11, 60).
cost(22, 12, 51).
cost(22, 13, 56).
cost(22, 14, 45).
cost(22, 15, 52).
cost(22, 16, 48).
cost(22, 17, 51).
cost(22, 18, 53).
cost(22, 19, 20).
cost(22, 20, 14).
cost(22, 21, 4).
cost(22, 23, 13).
cost(22, 24, 88).
cost(22, 25, 76).
cost(22, 26, 84).
cost(22, 27, 87).
cost(22, 28, 85).
cost(23, 1, 35).
cost(23, 2, 48).
cost(23, 3, 42).
cost(23, 4, 38).
cost(23, 5, 53).
cost(23, 6, 46).
cost(23, 7, 40).
cost(23, 8, 42).
cost(23, 9, 49).
cost(23, 10, 47).
cost(23, 11, 48).
cost(23, 12, 38).
cost(23, 13, 45).
cost(23, 14, 55).
cost(23, 15, 58).
cost(23, 16, 57).
cost(23, 17, 58).
cost(23, 18, 61).
cost(23, 19, 7).
cost(23, 20, 6).
cost(23, 21, 9).
cost(23, 22, 13).
cost(23, 24, 85).
cost(23, 25, 74).
cost(23, 26, 82).
cost(23, 27, 86).
cost(23, 28, 83).
cost(24, 1, 51).
cost(24, 2, 39).
cost(24, 3, 43).
cost(24, 4, 49).
cost(24, 5, 39).
cost(24, 6, 40).
cost(24, 7, 44).
cost(24, 8, 45).
cost(24, 9, 69).
cost(24, 10, 73).
cost(24, 11, 69).
cost(24, 12, 73).
cost(24, 13, 63).
cost(24, 14, 75).
cost(24, 15, 54).
cost(24, 16, 71).
cost(24, 17, 64).
cost(24, 18, 67).
cost(24, 19, 83).
cost(24, 20, 91).
cost(24, 21, 86).
cost(24, 22, 88).
cost(24, 23, 85).
cost(24, 25, 12).
cost(24, 26, 9).
cost(24, 27, 15).
cost(24, 28, 8).
cost(25, 1, 40).
cost(25, 2, 27).
cost(25, 3, 32).
cost(25, 4, 38).
cost(25, 5, 27).
cost(25, 6, 29).
cost(25, 7, 34).
cost(25, 8, 34).
cost(25, 9, 65).
cost(25, 10, 68).
cost(25, 11, 65).
cost(25, 12, 68).
cost(25, 13, 58).
cost(25, 14, 63).
cost(25, 15, 42).
cost(25, 16, 59).
cost(25, 17, 52).
cost(25, 18, 55).
cost(25, 19, 73).
cost(25, 20, 81).
cost(25, 21, 75).
cost(25, 22, 76).
cost(25, 23, 74).
cost(25, 24, 12).
cost(25, 26, 8).
cost(25, 27, 14).
cost(25, 28, 9).
cost(26, 1, 48).
cost(26, 2, 35).
cost(26, 3, 40).
cost(26, 4, 45).
cost(26, 5, 33).
cost(26, 6, 37).
cost(26, 7, 42).
cost(26, 8, 41).
cost(26, 9, 72).
cost(26, 10, 76).
cost(26, 11, 73).
cost(26, 12, 76).
cost(26, 13, 66).
cost(26, 14, 68).
cost(26, 15, 46).
cost(26, 16, 63).
cost(26, 17, 56).
cost(26, 18, 59).
cost(26, 19, 82).
cost(26, 20, 89).
cost(26, 21, 82).
cost(26, 22, 84).
cost(26, 23, 82).
cost(26, 24, 9).
cost(26, 25, 8).
cost(26, 27, 6).
cost(26, 28, 2).
cost(27, 1, 51).
cost(27, 2, 38).
cost(27, 3, 44).
cost(27, 4, 48).
cost(27, 5, 35).
cost(27, 6, 40).
cost(27, 7, 46).
cost(27, 8, 44).
cost(27, 9, 78).
cost(27, 10, 82).
cost(27, 11, 78).
cost(27, 12, 81).
cost(27, 13, 72).
cost(27, 14, 67).
cost(27, 15, 45).
cost(27, 16, 63).
cost(27, 17, 55).
cost(27, 18, 58).
cost(27, 19, 85).
cost(27, 20, 92).
cost(27, 21, 85).
cost(27, 22, 87).
cost(27, 23, 86).
cost(27, 24, 15).
cost(27, 25, 14).
cost(27, 26, 6).
cost(27, 28, 7).
cost(28, 1, 49).
cost(28, 2, 36).
cost(28, 3, 41).
cost(28, 4, 46).
cost(28, 5, 34).
cost(28, 6, 38).
cost(28, 7, 43).
cost(28, 8, 42).
cost(28, 9, 72).
cost(28, 10, 76).
cost(28, 11, 73).
cost(28, 12, 76).
cost(28, 13, 66).
cost(28, 14, 69).
cost(28, 15, 48).
cost(28, 16, 65).
cost(28, 17, 57).
cost(28, 18, 61).
cost(28, 19, 82).
cost(28, 20, 89).
cost(28, 21, 83).
cost(28, 22, 85).
cost(28, 23, 83).
cost(28, 24, 8).
cost(28, 25, 9).
cost(28, 26, 2).
cost(28, 27, 7).
