dimension(28).
point(1, 59.4879820538, 80.8015736857).
point(2, 42.5176294455, 79.8592548506).
point(3, 48.5405825808, 91.0285805444).
point(4, 63.0527645539, 86.2249889627).
point(5, 56.7456790864, 87.4698433514).
point(6, 45.7771913144, 45.984860973).
point(7, 28.3772866884, 39.6803015183).
point(8, 31.5436970742, 48.3245383791).
point(9, 29.9368303152, 39.3008668718).
point(10, 29.6199882005, 43.7247611526).
point(11, 76.6635962402, 20.4317761942).
point(12, 81.2722862288, 14.6352357515).
point(13, 81.0976787585, 11.6883194761).
point(14, 82.9175416994, 11.5407425433).
point(15, 98.2163349258, 20.5085729285).
point(16, 20.1873090937, 66.0014796333).
point(17, 17.0662520632, 73.8927167129).
point(18, 13.8011507512, 70.1239794356).
point(19, 2.6852813345, 62.3870460073).
point(20, 15.1957995946, 61.4066302533).
point(21, 60.2512457655, 23.5572874874).
point(22, 60.0412417079, 35.4417113848).
point(23, 54.9790928279, 29.072269646).
point(24, 49.7510730528, 20.4603585515).
point(25, 69.4214625342, 33.680080071).
point(26, 55.8453863442, 36.1451806179).
point(27, 61.5188652872, 23.8299126476).
point(28, 54.6145494516, 30.9711597358).
cost(1, 2, 17).
cost(1, 3, 15).
cost(1, 4, 6).
cost(1, 5, 7).
cost(1, 6, 37).
cost(1, 7, 52).
cost(1, 8, 43).
cost(1, 9, 51).
cost(1, 10, 48).
cost(1, 11, 63).
cost(1, 12, 70).
cost(1, 13, 72).
cost(1, 14, 73).
cost(1, 15, 72).
cost(1, 16, 42).
cost(1, 17, 43).
cost(1, 18, 47).
cost(1, 19, 60).
cost(1, 20, 48).
cost(1, 21, 57).
cost(1, 22, 45).
cost(1, 23, 52).
cost(1, 24, 61).
cost(1, 25, 48).
cost(1, 26, 45).
cost(1, 27, 57).
cost(1, 28, 50).
cost(2, 1, 17).
cost(2, 3, 13).
cost(2, 4, 21).
cost(2, 5, 16).
cost(2, 6, 34).
cost(2, 7, 43).
cost(2, 8, 33).
cost(2, 9, 42).
cost(2, 10, 38).
cost(2, 11, 69).
cost(2, 12, 76).
cost(2, 13, 78).
cost(2, 14, 79).
cost(2, 15, 81).
cost(2, 16, 26).
cost(2, 17, 26).
cost(2, 18, 30).
cost(2, 19, 43).
cost(2, 20, 33).
cost(2, 21, 59).
cost(2, 22, 48).
cost(2, 23, 52).
cost(2, 24, 60).
cost(2, 25, 53).
cost(2, 26, 46).
cost(2, 27, 59).
cost(2, 28, 50).
cost(3, 1, 15).
cost(3, 2, 13).
cost(3, 4, 15).
cost(3, 5, 9).
cost(3, 6, 45).
cost(3, 7, 55).
cost(3, 8, 46).
cost(3, 9, 55).
cost(3, 10, 51).
cost(3, 11, 76).
cost(3, 12, 83).
cost(3, 13, 86).
cost(3, 14, 87).
cost(3, 15, 86).
cost(3, 16, 38).
cost(3, 17, 36).
cost(3, 18, 41).
cost(3, 19, 54).
cost(3, 20, 45).
cost(3, 21, 68).
cost(3, 22, 57).
cost(3, 23, 62).
cost(3, 24, 71).
cost(3, 25, 61).
cost(3, 26, 55).
cost(3, 27, 68).
cost(3, 28, 60).
cost(4, 1, 6).
cost(4, 2, 21).
cost(4, 3, 15).
cost(4, 5, 6).
cost(4, 6, 44).
cost(4, 7, 58).
cost(4, 8, 49).
cost(4, 9, 57).
cost(4, 10, 54).
cost(4, 11, 67).
cost(4, 12, 74).
cost(4, 13, 77).
cost(4, 14, 77).
cost(4, 15, 75).
cost(4, 16, 47).
cost(4, 17, 48).
cost(4, 18, 52).
cost(4, 19, 65).
cost(4, 20, 54).
cost(4, 21, 63).
cost(4, 22, 51).
cost(4, 23, 58).
cost(4, 24, 67).
cost(4, 25, 53).
cost(4, 26, 51).
cost(4, 27, 62).
cost(4, 28, 56).
cost(5, 1, 7).
cost(5, 2, 16).
cost(5, 3, 9).
cost(5, 4, 6).
cost(5, 6, 43).
cost(5, 7, 56).
cost(5, 8, 47).
cost(5, 9, 55).
cost(5, 10, 51).
cost(5, 11, 70).
cost(5, 12, 77).
cost(5, 13, 80).
cost(5, 14, 80).
cost(5, 15, 79).
cost(5, 16, 42).
cost(5, 17, 42).
cost(5, 18, 46).
cost(5, 19, 60).
cost(5, 20, 49).
cost(5, 21, 64).
cost(5, 22, 52).
cost(5, 23, 58).
cost(5, 24, 67).
cost(5, 25, 55).
cost(5, 26, 51).
cost(5, 27, 64).
cost(5, 28, 57).
cost(6, 1, 37).
cost(6, 2, 34).
cost(6, 3, 45).
cost(6, 4, 44).
cost(6, 5, 43).
cost(6, 7, 19).
cost(6, 8, 14).
cost(6, 9, 17).
cost(6, 10, 16).
cost(6, 11, 40).
cost(6, 12, 47).
cost(6, 13, 49).
cost(6, 14, 51).
cost(6, 15, 58).
cost(6, 16, 32).
cost(6, 17, 40).
cost(6, 18, 40).
cost(6, 19, 46).
cost(6, 20, 34).
cost(6, 21, 27).
cost(6, 22, 18).
cost(6, 23, 19).
cost(6, 24, 26).
cost(6, 25, 27).
cost(6, 26, 14).
cost(6, 27, 27).
cost(6, 28, 17).
cost(7, 1, 52).
cost(7, 2, 43).
cost(7, 3, 55).
cost(7, 4, 58).
cost(7, 5, 56).
cost(7, 6, 19).
cost(7, 8, 9).
cost(7, 9, 2).
cost(7, 10, 4).
cost(7, 11, 52).
cost(7, 12, 59).
cost(7, 13, 60).
cost(7, 14, 61).
cost(7, 15, 72).
cost(7, 16, 28).
cost(7, 17, 36).
cost(7, 18, 34).
cost(7, 19, 34).
cost(7, 20, 25).
cost(7, 21, 36).
cost(7, 22, 32).
cost(7, 23, 29).
cost(7, 24, 29).
cost(7, 25, 41).
cost(7, 26, 28).
cost(7, 27, 37).
cost(7, 28, 28).
cost(8, 1, 43).
cost(8, 2, 33).
cost(8, 3, 46).
cost(8, 4, 49).
cost(8, 5, 47).
cost(8, 6, 14).
cost(8, 7, 9).
cost(8, 9, 9).
cost(8, 10, 5).
cost(8, 11, 53).
cost(8, 12, 60).
cost(8, 13, 62).
cost(8, 14, 63).
cost(8, 15, 72).
cost(8, 16, 21).
cost(8, 17, 29).
cost(8, 18, 28).
cost(8, 19, 32).
cost(8, 20, 21).
cost(8, 21, 38).
cost(8, 22, 31).
cost(8, 23, 30).
cost(8, 24, 33).
cost(8, 25, 41).
cost(8, 26, 27).
cost(8, 27, 39).
cost(8, 28, 29).
cost(9, 1, 51).
cost(9, 2, 42).
cost(9, 3, 55).
cost(9, 4, 57).
cost(9, 5, 55).
cost(9, 6, 17).
cost(9, 7, 2).
cost(9, 8, 9).
cost(9, 10, 4).
cost(9, 11, 50).
cost(9, 12, 57).
cost(9, 13, 58).
cost(9, 14, 60).
cost(9, 15, 71).
cost(9, 16, 28).
cost(9, 17, 37).
cost(9, 18, 35).
cost(9, 19, 36).
cost(9, 20, 27).
cost(9, 21, 34).
cost(9, 22, 30).
cost(9, 23, 27).
cost(9, 24, 27).
cost(9, 25, 40).
cost(9, 26, 26).
cost(9, 27, 35).
cost(9, 28, 26).
cost(10, 1, 48).
cost(10, 2, 38).
cost(10, 3, 51).
cost(10, 4, 54).
cost(10, 5, 51).
cost(10, 6, 16).
cost(10, 7, 4).
cost(10, 8, 5).
cost(10, 9, 4).
cost(10, 11, 52).
cost(10, 12, 59).
cost(10, 13, 61).
cost(10, 14, 62).
cost(10, 15, 72).
cost(10, 16, 24).
cost(10, 17, 33).
cost(10, 18, 31).
cost(10, 19, 33).
cost(10, 20, 23).
cost(10, 21, 37).
cost(10, 22, 32).
cost(10, 23, 29).
cost(10, 24, 31).
cost(10, 25, 41).
cost(10, 26, 27).
cost(10, 27, 38).
cost(10, 28, 28).
cost(11, 1, 63).
cost(11, 2, 69).
cost(11, 3, 76).
cost(11, 4, 67).
cost(11, 5, 70).
cost(11, 6, 40).
cost(11, 7, 52).
cost(11, 8, 53).
cost(11, 9, 50).
cost(11, 10, 52).
cost(11, 12, 7).
cost(11, 13, 10).
cost(11, 14, 11).
cost(11, 15, 22).
cost(11, 16, 73).
cost(11, 17, 80).
cost(11, 18, 80).
cost(11, 19, 85).
cost(11, 20, 74).
cost(11, 21, 17).
cost(11, 22, 22).
cost(11, 23, 23).
cost(11, 24, 27).
cost(11, 25, 15).
cost(11, 26, 26).
cost(11, 27, 16).
cost(11, 28, 24).
cost(12, 1, 70).
cost(12, 2, 76).
cost(12, 3, 83).
cost(12, 4, 74).
cost(12, 5, 77).
cost(12, 6, 47).
cost(12, 7, 59).
cost(12, 8, 60).
cost(12, 9, 57).
cost(12, 10, 59).
cost(12, 11, 7).
cost(12, 13, 3).
cost(12, 14, 4).
cost(12, 15, 18).
cost(12, 16, 80).
cost(12, 17, 87).
cost(12, 18, 87).
cost(12, 19, 92).
cost(12, 20, 81).
cost(12, 21, 23).
cost(12, 22, 30).
cost(12, 23, 30).
cost(12, 24, 32).
cost(12, 25, 22).
cost(12, 26, 33).
cost(12, 27, 22).
cost(12, 28, 31).
cost(13, 1, 72).
cost(13, 2, 78).
cost(13, 3, 86).
cost(13, 4, 77).
cost(13, 5, 80).
cost(13, 6, 49).
cost(13, 7, 60).
cost(13, 8, 62).
cost(13, 9, 58).
cost(13, 10, 61).
cost(13, 11, 10).
cost(13, 12, 3).
cost(13, 14, 2).
cost(13, 15, 19).
cost(13, 16, 82).
cost(13, 17, 89).
cost(13, 18, 89).
cost(13, 19, 93).
cost(13, 20, 83).
cost(13, 21, 24).
cost(13, 22, 32).
cost(13, 23, 31).
cost(13, 24, 33).
cost(13, 25, 25).
cost(13, 26, 35).
cost(13, 27, 23).
cost(13, 28, 33).
cost(14, 1, 73).
cost(14, 2, 79).
cost(14, 3, 87).
cost(14, 4, 77).
cost(14, 5, 80).
cost(14, 6, 51).
cost(14, 7, 61).
cost(14, 8, 63).
cost(14, 9, 60).
cost(14, 10, 62).
cost(14, 11, 11).
cost(14, 12, 4).
cost(14, 13, 2).
cost(14, 15, 18).
cost(14, 16, 83).
cost(14, 17, 91).
cost(14, 18, 91).
cost(14, 19, 95).
cost(14, 20, 84).
cost(14, 21, 26).
cost(14, 22, 33).
cost(14, 23, 33).
cost(14, 24, 34).
cost(14, 25, 26).
cost(14, 26, 37).
cost(14, 27, 25).
cost(14, 28, 34).
cost(15, 1, 72).
cost(15, 2, 81).
cost(15, 3, 86).
cost(15, 4, 75).
cost(15, 5, 79).
cost(15, 6, 58).
cost(15, 7, 72).
cost(15, 8, 72).
cost(15, 9, 71).
cost(15, 10, 72).
cost(15, 11, 22).
cost(15, 12, 18).
cost(15, 13, 19).
cost(15, 14, 18).
cost(15, 16, 90).
cost(15, 17, 97).
cost(15, 18, 98).
cost(15, 19, 104).
cost(15, 20, 93).
cost(15, 21, 38).
cost(15, 22, 41).
cost(15, 23, 44).
cost(15, 24, 48).
cost(15, 25, 32).
cost(15, 26, 45).
cost(15, 27, 37).
cost(15, 28, 45).
cost(16, 1, 42).
cost(16, 2, 26).
cost(16, 3, 38).
cost(16, 4, 47).
cost(16, 5, 42).
cost(16, 6, 32).
cost(16, 7, 28).
cost(16, 8, 21).
cost(16, 9, 28).
cost(16, 10, 24).
cost(16, 11, 73).
cost(16, 12, 80).
cost(16, 13, 82).
cost(16, 14, 83).
cost(16, 15, 90).
cost(16, 17, 8).
cost(16, 18, 8).
cost(16, 19, 18).
cost(16, 20, 7).
cost(16, 21, 58).
cost(16, 22, 50).
cost(16, 23, 51).
cost(16, 24, 54).
cost(16, 25, 59).
cost(16, 26, 47).
cost(16, 27, 59).
cost(16, 28, 49).
cost(17, 1, 43).
cost(17, 2, 26).
cost(17, 3, 36).
cost(17, 4, 48).
cost(17, 5, 42).
cost(17, 6, 40).
cost(17, 7, 36).
cost(17, 8, 29).
cost(17, 9, 37).
cost(17, 10, 33).
cost(17, 11, 80).
cost(17, 12, 87).
cost(17, 13, 89).
cost(17, 14, 91).
cost(17, 15, 97).
cost(17, 16, 8).
cost(17, 18, 5).
cost(17, 19, 18).
cost(17, 20, 13).
cost(17, 21, 66).
cost(17, 22, 58).
cost(17, 23, 59).
cost(17, 24, 63).
cost(17, 25, 66).
cost(17, 26, 54).
cost(17, 27, 67).
cost(17, 28, 57).
cost(18, 1, 47).
cost(18, 2, 30).
cost(18, 3, 41).
cost(18, 4, 52).
cost(18, 5, 46).
cost(18, 6, 40).
cost(18, 7, 34).
cost(18, 8, 28).
cost(18, 9, 35).
cost(18, 10, 31).
cost(18, 11, 80).
cost(18, 12, 87).
cost(18, 13, 89).
cost(18, 14, 91).
cost(18, 15, 98).
cost(18, 16, 8).
cost(18, 17, 5).
cost(18, 19, 14).
cost(18, 20, 9).
cost(18, 21, 66).
cost(18, 22, 58).
cost(18, 23, 58).
cost(18, 24, 61).
cost(18, 25, 66).
cost(18, 26, 54).
cost(18, 27, 66).
cost(18, 28, 57).
cost(19, 1, 60).
cost(19, 2, 43).
cost(19, 3, 54).
cost(19, 4, 65).
cost(19, 5, 60).
cost(19, 6, 46).
cost(19, 7, 34).
cost(19, 8, 32).
cost(19, 9, 36).
cost(19, 10, 33).
cost(19, 11, 85).
cost(19, 12, 92).
cost(19, 13, 93).
cost(19, 14, 95).
cost(19, 15, 104).
cost(19, 16, 18).
cost(19, 17, 18).
cost(19, 18, 14).
cost(19, 20, 13).
cost(19, 21, 69).
cost(19, 22, 63).
cost(19, 23, 62).
cost(19, 24, 63).
cost(19, 25, 73).
cost(19, 26, 59).
cost(19, 27, 70).
cost(19, 28, 61).
cost(20, 1, 48).
cost(20, 2, 33).
cost(20, 3, 45).
cost(20, 4, 54).
cost(20, 5, 49).
cost(20, 6, 34).
cost(20, 7, 25).
cost(20, 8, 21).
cost(20, 9, 27).
cost(20, 10, 23).
cost(20, 11, 74).
cost(20, 12, 81).
cost(20, 13, 83).
cost(20, 14, 84).
cost(20, 15, 93).
cost(20, 16, 7).
cost(20, 17, 13).
cost(20, 18, 9).
cost(20, 19, 13).
cost(20, 21, 59).
cost(20, 22, 52).
cost(20, 23, 51).
cost(20, 24, 54).
cost(20, 25, 61).
cost(20, 26, 48).
cost(20, 27, 60).
cost(20, 28, 50).
cost(21, 1, 57).
cost(21, 2, 59).
cost(21, 3, 68).
cost(21, 4, 63).
cost(21, 5, 64).
cost(21, 6, 27).
cost(21, 7, 36).
cost(21, 8, 38).
cost(21, 9, 34).
cost(21, 10, 37).
cost(21, 11, 17).
cost(21, 12, 23).
cost(21, 13, 24).
cost(21, 14, 26).
cost(21, 15, 38).
cost(21, 16, 58).
cost(21, 17, 66).
cost(21, 18, 66).
cost(21, 19, 69).
cost(21, 20, 59).
cost(21, 22, 12).
cost(21, 23, 8).
cost(21, 24, 11).
cost(21, 25, 14).
cost(21, 26, 13).
cost(21, 27, 1).
cost(21, 28, 9).
cost(22, 1, 45).
cost(22, 2, 48).
cost(22, 3, 57).
cost(22, 4, 51).
cost(22, 5, 52).
cost(22, 6, 18).
cost(22, 7, 32).
cost(22, 8, 31).
cost(22, 9, 30).
cost(22, 10, 32).
cost(22, 11, 22).
cost(22, 12, 30).
cost(22, 13, 32).
cost(22, 14, 33).
cost(22, 15, 41).
cost(22, 16, 50).
cost(22, 17, 58).
cost(22, 18, 58).
cost(22, 19, 63).
cost(22, 20, 52).
cost(22, 21, 12).
cost(22, 23, 8).
cost(22, 24, 18).
cost(22, 25, 10).
cost(22, 26, 4).
cost(22, 27, 12).
cost(22, 28, 7).
cost(23, 1, 52).
cost(23, 2, 52).
cost(23, 3, 62).
cost(23, 4, 58).
cost(23, 5, 58).
cost(23, 6, 19).
cost(23, 7, 29).
cost(23, 8, 30).
cost(23, 9, 27).
cost(23, 10, 29).
cost(23, 11, 23).
cost(23, 12, 30).
cost(23, 13, 31).
cost(23, 14, 33).
cost(23, 15, 44).
cost(23, 16, 51).
cost(23, 17, 59).
cost(23, 18, 58).
cost(23, 19, 62).
cost(23, 20, 51).
cost(23, 21, 8).
cost(23, 22, 8).
cost(23, 24, 10).
cost(23, 25, 15).
cost(23, 26, 7).
cost(23, 27, 8).
cost(23, 28, 2).
cost(24, 1, 61).
cost(24, 2, 60).
cost(24, 3, 71).
cost(24, 4, 67).
cost(24, 5, 67).
cost(24, 6, 26).
cost(24, 7, 29).
cost(24, 8, 33).
cost(24, 9, 27).
cost(24, 10, 31).
cost(24, 11, 27).
cost(24, 12, 32).
cost(24, 13, 33).
cost(24, 14, 34).
cost(24, 15, 48).
cost(24, 16, 54).
cost(24, 17, 63).
cost(24, 18, 61).
cost(24, 19, 63).
cost(24, 20, 54).
cost(24, 21, 11).
cost(24, 22, 18).
cost(24, 23, 10).
cost(24, 25, 24).
cost(24, 26, 17).
cost(24, 27, 12).
cost(24, 28, 12).
cost(25, 1, 48).
cost(25, 2, 53).
cost(25, 3, 61).
cost(25, 4, 53).
cost(25, 5, 55).
cost(25, 6, 27).
cost(25, 7, 41).
cost(25, 8, 41).
cost(25, 9, 40).
cost(25, 10, 41).
cost(25, 11, 15).
cost(25, 12, 22).
cost(25, 13, 25).
cost(25, 14, 26).
cost(25, 15, 32).
cost(25, 16, 59).
cost(25, 17, 66).
cost(25, 18, 66).
cost(25, 19, 73).
cost(25, 20, 61).
cost(25, 21, 14).
cost(25, 22, 10).
cost(25, 23, 15).
cost(25, 24, 24).
cost(25, 26, 14).
cost(25, 27, 13).
cost(25, 28, 15).
cost(26, 1, 45).
cost(26, 2, 46).
cost(26, 3, 55).
cost(26, 4, 51).
cost(26, 5, 51).
cost(26, 6, 14).
cost(26, 7, 28).
cost(26, 8, 27).
cost(26, 9, 26).
cost(26, 10, 27).
cost(26, 11, 26).
cost(26, 12, 33).
cost(26, 13, 35).
cost(26, 14, 37).
cost(26, 15, 45).
cost(26, 16, 47).
cost(26, 17, 54).
cost(26, 18, 54).
cost(26, 19, 59).
cost(26, 20, 48).
cost(26, 21, 13).
cost(26, 22, 4).
cost(26, 23, 7).
cost(26, 24, 17).
cost(26, 25, 14).
cost(26, 27, 14).
cost(26, 28, 5).
cost(27, 1, 57).
cost(27, 2, 59).
cost(27, 3, 68).
cost(27, 4, 62).
cost(27, 5, 64).
cost(27, 6, 27).
cost(27, 7, 37).
cost(27, 8, 39).
cost(27, 9, 35).
cost(27, 10, 38).
cost(27, 11, 16).
cost(27, 12, 22).
cost(27, 13, 23).
cost(27, 14, 25).
cost(27, 15, 37).
cost(27, 16, 59).
cost(27, 17, 67).
cost(27, 18, 66).
cost(27, 19, 70).
cost(27, 20, 60).
cost(27, 21, 1).
cost(27, 22, 12).
cost(27, 23, 8).
cost(27, 24, 12).
cost(27, 25, 13).
cost(27, 26, 14).
cost(27, 28, 10).
cost(28, 1, 50).
cost(28, 2, 50).
cost(28, 3, 60).
cost(28, 4, 56).
cost(28, 5, 57).
cost(28, 6, 17).
cost(28, 7, 28).
cost(28, 8, 29).
cost(28, 9, 26).
cost(28, 10, 28).
cost(28, 11, 24).
cost(28, 12, 31).
cost(28, 13, 33).
cost(28, 14, 34).
cost(28, 15, 45).
cost(28, 16, 49).
cost(28, 17, 57).
cost(28, 18, 57).
cost(28, 19, 61).
cost(28, 20, 50).
cost(28, 21, 9).
cost(28, 22, 7).
cost(28, 23, 2).
cost(28, 24, 12).
cost(28, 25, 15).
cost(28, 26, 5).
cost(28, 27, 10).
