dimension(28).
point(1, 41.567876844, 8.539134933).
point(2, 34.2886077529, 2.6842985463).
point(3, 34.4411995938, 2.9128005887).
point(4, 40.2855853298, 5.4704330893).
point(5, 40.5266399336, 2.244034365).
point(6, 74.8757196801, 93.6233254369).
point(7, 81.4240003811, 96.2871307995).
point(8, 72.7576242623, 94.0803824676).
point(9, 61.7431847768, 98.4746744434).
point(10, 50.8782004565, 95.2691996144).
point(11, 43.0775844292, 25.6280778138).
point(12, 51.7550164703, 23.4368450892).
point(13, 48.8646864509, 21.5681317796).
point(14, 51.533448365, 20.6770327237).
point(15, 45.1690896166, 21.5225498359).
point(16, 90.8093008013, 34.4034386959).
point(17, 80.7785672015, 39.1816873083).
point(18, 88.5345507178, 46.6712223879).
point(19, 91.4273512386, 39.4113470489).
point(20, 82.0691364326, 44.5083286014).
point(21, 4.4359698675, 70.1917205598).
point(22, 6.4827224593, 64.6379133125).
point(23, 2.3492767052, 72.6102647963).
point(24, 8.3808773683, 59.3483491258).
point(25, 0.2923769562, 74.1272644513).
point(26, 16.8824491236, 66.6031583445).
point(27, 10.0029946836, 61.3228681084).
point(28, 1.4005571811, 59.2374454612).
cost(1, 2, 9).
cost(1, 3, 9).
cost(1, 4, 3).
cost(1, 5, 6).
cost(1, 6, 91).
cost(1, 7, 96).
cost(1, 8, 91).
cost(1, 9, 92).
cost(1, 10, 87).
cost(1, 11, 17).
cost(1, 12, 18).
cost(1, 13, 15).
cost(1, 14, 16).
cost(1, 15, 13).
cost(1, 16, 56).
cost(1, 17, 50).
cost(1, 18, 60).
cost(1, 19, 59).
cost(1, 20, 54).
cost(1, 21, 72).
cost(1, 22, 66).
cost(1, 23, 75).
cost(1, 24, 61).
cost(1, 25, 77).
cost(1, 26, 63).
cost(1, 27, 62).
cost(1, 28, 65).
cost(2, 1, 9).
cost(2, 3, 0).
cost(2, 4, 7).
cost(2, 5, 6).
cost(2, 6, 100).
cost(2, 7, 105).
cost(2, 8, 99).
cost(2, 9, 100).
cost(2, 10, 94).
cost(2, 11, 25).
cost(2, 12, 27).
cost(2, 13, 24).
cost(2, 14, 25).
cost(2, 15, 22).
cost(2, 16, 65).
cost(2, 17, 59).
cost(2, 18, 70).
cost(2, 19, 68).
cost(2, 20, 63).
cost(2, 21, 74).
cost(2, 22, 68).
cost(2, 23, 77).
cost(2, 24, 62).
cost(2, 25, 79).
cost(2, 26, 66).
cost(2, 27, 63).
cost(2, 28, 65).
cost(3, 1, 9).
cost(3, 2, 0).
cost(3, 4, 6).
cost(3, 5, 6).
cost(3, 6, 99).
cost(3, 7, 105).
cost(3, 8, 99).
cost(3, 9, 99).
cost(3, 10, 94).
cost(3, 11, 24).
cost(3, 12, 27).
cost(3, 13, 24).
cost(3, 14, 25).
cost(3, 15, 21).
cost(3, 16, 65).
cost(3, 17, 59).
cost(3, 18, 70).
cost(3, 19, 68).
cost(3, 20, 63).
cost(3, 21, 74).
cost(3, 22, 68).
cost(3, 23, 77).
cost(3, 24, 62).
cost(3, 25, 79).
cost(3, 26, 66).
cost(3, 27, 63).
cost(3, 28, 65).
cost(4, 1, 3).
cost(4, 2, 7).
cost(4, 3, 6).
cost(4, 5, 3).
cost(4, 6, 95).
cost(4, 7, 100).
cost(4, 8, 94).
cost(4, 9, 95).
cost(4, 10, 90).
cost(4, 11, 20).
cost(4, 12, 21).
cost(4, 13, 18).
cost(4, 14, 19).
cost(4, 15, 17).
cost(4, 16, 58).
cost(4, 17, 53).
cost(4, 18, 63).
cost(4, 19, 61).
cost(4, 20, 57).
cost(4, 21, 74).
cost(4, 22, 68).
cost(4, 23, 77).
cost(4, 24, 63).
cost(4, 25, 79).
cost(4, 26, 65).
cost(4, 27, 64).
cost(4, 28, 66).
cost(5, 1, 6).
cost(5, 2, 6).
cost(5, 3, 6).
cost(5, 4, 3).
cost(5, 6, 98).
cost(5, 7, 103).
cost(5, 8, 97).
cost(5, 9, 99).
cost(5, 10, 94).
cost(5, 11, 24).
cost(5, 12, 24).
cost(5, 13, 21).
cost(5, 14, 21).
cost(5, 15, 20).
cost(5, 16, 60).
cost(5, 17, 55).
cost(5, 18, 65).
cost(5, 19, 63).
cost(5, 20, 59).
cost(5, 21, 77).
cost(5, 22, 71).
cost(5, 23, 80).
cost(5, 24, 66).
cost(5, 25, 82).
cost(5, 26, 69).
cost(5, 27, 66).
cost(5, 28, 69).
cost(6, 1, 91).
cost(6, 2, 100).
cost(6, 3, 99).
cost(6, 4, 95).
cost(6, 5, 98).
cost(6, 7, 7).
cost(6, 8, 2).
cost(6, 9, 14).
cost(6, 10, 24).
cost(6, 11, 75).
cost(6, 12, 74).
cost(6, 13, 77).
cost(6, 14, 77).
cost(6, 15, 78).
cost(6, 16, 61).
cost(6, 17, 55).
cost(6, 18, 49).
cost(6, 19, 57).
cost(6, 20, 50).
cost(6, 21, 74).
cost(6, 22, 74).
cost(6, 23, 76).
cost(6, 24, 75).
cost(6, 25, 77).
cost(6, 26, 64).
cost(6, 27, 72).
cost(6, 28, 81).
cost(7, 1, 96).
cost(7, 2, 105).
cost(7, 3, 105).
cost(7, 4, 100).
cost(7, 5, 103).
cost(7, 6, 7).
cost(7, 8, 9).
cost(7, 9, 20).
cost(7, 10, 31).
cost(7, 11, 80).
cost(7, 12, 79).
cost(7, 13, 82).
cost(7, 14, 81).
cost(7, 15, 83).
cost(7, 16, 63).
cost(7, 17, 57).
cost(7, 18, 50).
cost(7, 19, 58).
cost(7, 20, 52).
cost(7, 21, 81).
cost(7, 22, 81).
cost(7, 23, 83).
cost(7, 24, 82).
cost(7, 25, 84).
cost(7, 26, 71).
cost(7, 27, 80).
cost(7, 28, 88).
cost(8, 1, 91).
cost(8, 2, 99).
cost(8, 3, 99).
cost(8, 4, 94).
cost(8, 5, 97).
cost(8, 6, 2).
cost(8, 7, 9).
cost(8, 9, 12).
cost(8, 10, 22).
cost(8, 11, 75).
cost(8, 12, 74).
cost(8, 13, 76).
cost(8, 14, 76).
cost(8, 15, 78).
cost(8, 16, 62).
cost(8, 17, 55).
cost(8, 18, 50).
cost(8, 19, 58).
cost(8, 20, 50).
cost(8, 21, 72).
cost(8, 22, 73).
cost(8, 23, 74).
cost(8, 24, 73).
cost(8, 25, 75).
cost(8, 26, 62).
cost(8, 27, 71).
cost(8, 28, 79).
cost(9, 1, 92).
cost(9, 2, 100).
cost(9, 3, 99).
cost(9, 4, 95).
cost(9, 5, 99).
cost(9, 6, 14).
cost(9, 7, 20).
cost(9, 8, 12).
cost(9, 10, 11).
cost(9, 11, 75).
cost(9, 12, 76).
cost(9, 13, 78).
cost(9, 14, 78).
cost(9, 15, 79).
cost(9, 16, 70).
cost(9, 17, 62).
cost(9, 18, 58).
cost(9, 19, 66).
cost(9, 20, 58).
cost(9, 21, 64).
cost(9, 22, 65).
cost(9, 23, 65).
cost(9, 24, 66).
cost(9, 25, 66).
cost(9, 26, 55).
cost(9, 27, 64).
cost(9, 28, 72).
cost(10, 1, 87).
cost(10, 2, 94).
cost(10, 3, 94).
cost(10, 4, 90).
cost(10, 5, 94).
cost(10, 6, 24).
cost(10, 7, 31).
cost(10, 8, 22).
cost(10, 9, 11).
cost(10, 11, 70).
cost(10, 12, 72).
cost(10, 13, 74).
cost(10, 14, 75).
cost(10, 15, 74).
cost(10, 16, 73).
cost(10, 17, 64).
cost(10, 18, 61).
cost(10, 19, 69).
cost(10, 20, 60).
cost(10, 21, 53).
cost(10, 22, 54).
cost(10, 23, 54).
cost(10, 24, 56).
cost(10, 25, 55).
cost(10, 26, 44).
cost(10, 27, 53).
cost(10, 28, 61).
cost(11, 1, 17).
cost(11, 2, 25).
cost(11, 3, 24).
cost(11, 4, 20).
cost(11, 5, 24).
cost(11, 6, 75).
cost(11, 7, 80).
cost(11, 8, 75).
cost(11, 9, 75).
cost(11, 10, 70).
cost(11, 12, 9).
cost(11, 13, 7).
cost(11, 14, 10).
cost(11, 15, 5).
cost(11, 16, 49).
cost(11, 17, 40).
cost(11, 18, 50).
cost(11, 19, 50).
cost(11, 20, 43).
cost(11, 21, 59).
cost(11, 22, 53).
cost(11, 23, 62).
cost(11, 24, 48).
cost(11, 25, 65).
cost(11, 26, 49).
cost(11, 27, 49).
cost(11, 28, 54).
cost(12, 1, 18).
cost(12, 2, 27).
cost(12, 3, 27).
cost(12, 4, 21).
cost(12, 5, 24).
cost(12, 6, 74).
cost(12, 7, 79).
cost(12, 8, 74).
cost(12, 9, 76).
cost(12, 10, 72).
cost(12, 11, 9).
cost(12, 13, 3).
cost(12, 14, 3).
cost(12, 15, 7).
cost(12, 16, 41).
cost(12, 17, 33).
cost(12, 18, 44).
cost(12, 19, 43).
cost(12, 20, 37).
cost(12, 21, 67).
cost(12, 22, 61).
cost(12, 23, 70).
cost(12, 24, 56).
cost(12, 25, 72).
cost(12, 26, 55).
cost(12, 27, 56).
cost(12, 28, 62).
cost(13, 1, 15).
cost(13, 2, 24).
cost(13, 3, 24).
cost(13, 4, 18).
cost(13, 5, 21).
cost(13, 6, 77).
cost(13, 7, 82).
cost(13, 8, 76).
cost(13, 9, 78).
cost(13, 10, 74).
cost(13, 11, 7).
cost(13, 12, 3).
cost(13, 14, 3).
cost(13, 15, 4).
cost(13, 16, 44).
cost(13, 17, 36).
cost(13, 18, 47).
cost(13, 19, 46).
cost(13, 20, 40).
cost(13, 21, 66).
cost(13, 22, 60).
cost(13, 23, 69).
cost(13, 24, 55).
cost(13, 25, 72).
cost(13, 26, 55).
cost(13, 27, 56).
cost(13, 28, 61).
cost(14, 1, 16).
cost(14, 2, 25).
cost(14, 3, 25).
cost(14, 4, 19).
cost(14, 5, 21).
cost(14, 6, 77).
cost(14, 7, 81).
cost(14, 8, 76).
cost(14, 9, 78).
cost(14, 10, 75).
cost(14, 11, 10).
cost(14, 12, 3).
cost(14, 13, 3).
cost(14, 15, 6).
cost(14, 16, 42).
cost(14, 17, 35).
cost(14, 18, 45).
cost(14, 19, 44).
cost(14, 20, 39).
cost(14, 21, 68).
cost(14, 22, 63).
cost(14, 23, 72).
cost(14, 24, 58).
cost(14, 25, 74).
cost(14, 26, 58).
cost(14, 27, 58).
cost(14, 28, 63).
cost(15, 1, 13).
cost(15, 2, 22).
cost(15, 3, 21).
cost(15, 4, 17).
cost(15, 5, 20).
cost(15, 6, 78).
cost(15, 7, 83).
cost(15, 8, 78).
cost(15, 9, 79).
cost(15, 10, 74).
cost(15, 11, 5).
cost(15, 12, 7).
cost(15, 13, 4).
cost(15, 14, 6).
cost(15, 16, 47).
cost(15, 17, 40).
cost(15, 18, 50).
cost(15, 19, 50).
cost(15, 20, 43).
cost(15, 21, 63).
cost(15, 22, 58).
cost(15, 23, 67).
cost(15, 24, 53).
cost(15, 25, 69).
cost(15, 26, 53).
cost(15, 27, 53).
cost(15, 28, 58).
cost(16, 1, 56).
cost(16, 2, 65).
cost(16, 3, 65).
cost(16, 4, 58).
cost(16, 5, 60).
cost(16, 6, 61).
cost(16, 7, 63).
cost(16, 8, 62).
cost(16, 9, 70).
cost(16, 10, 73).
cost(16, 11, 49).
cost(16, 12, 41).
cost(16, 13, 44).
cost(16, 14, 42).
cost(16, 15, 47).
cost(16, 17, 11).
cost(16, 18, 12).
cost(16, 19, 5).
cost(16, 20, 13).
cost(16, 21, 93).
cost(16, 22, 90).
cost(16, 23, 96).
cost(16, 24, 86).
cost(16, 25, 99).
cost(16, 26, 81).
cost(16, 27, 85).
cost(16, 28, 93).
cost(17, 1, 50).
cost(17, 2, 59).
cost(17, 3, 59).
cost(17, 4, 53).
cost(17, 5, 55).
cost(17, 6, 55).
cost(17, 7, 57).
cost(17, 8, 55).
cost(17, 9, 62).
cost(17, 10, 64).
cost(17, 11, 40).
cost(17, 12, 33).
cost(17, 13, 36).
cost(17, 14, 35).
cost(17, 15, 40).
cost(17, 16, 11).
cost(17, 18, 11).
cost(17, 19, 11).
cost(17, 20, 5).
cost(17, 21, 82).
cost(17, 22, 79).
cost(17, 23, 85).
cost(17, 24, 75).
cost(17, 25, 88).
cost(17, 26, 70).
cost(17, 27, 74).
cost(17, 28, 82).
cost(18, 1, 60).
cost(18, 2, 70).
cost(18, 3, 70).
cost(18, 4, 63).
cost(18, 5, 65).
cost(18, 6, 49).
cost(18, 7, 50).
cost(18, 8, 50).
cost(18, 9, 58).
cost(18, 10, 61).
cost(18, 11, 50).
cost(18, 12, 44).
cost(18, 13, 47).
cost(18, 14, 45).
cost(18, 15, 50).
cost(18, 16, 12).
cost(18, 17, 11).
cost(18, 19, 8).
cost(18, 20, 7).
cost(18, 21, 87).
cost(18, 22, 84).
cost(18, 23, 90).
cost(18, 24, 81).
cost(18, 25, 92).
cost(18, 26, 74).
cost(18, 27, 80).
cost(18, 28, 88).
cost(19, 1, 59).
cost(19, 2, 68).
cost(19, 3, 68).
cost(19, 4, 61).
cost(19, 5, 63).
cost(19, 6, 57).
cost(19, 7, 58).
cost(19, 8, 58).
cost(19, 9, 66).
cost(19, 10, 69).
cost(19, 11, 50).
cost(19, 12, 43).
cost(19, 13, 46).
cost(19, 14, 44).
cost(19, 15, 50).
cost(19, 16, 5).
cost(19, 17, 11).
cost(19, 18, 8).
cost(19, 20, 11).
cost(19, 21, 92).
cost(19, 22, 89).
cost(19, 23, 95).
cost(19, 24, 85).
cost(19, 25, 98).
cost(19, 26, 79).
cost(19, 27, 84).
cost(19, 28, 92).
cost(20, 1, 54).
cost(20, 2, 63).
cost(20, 3, 63).
cost(20, 4, 57).
cost(20, 5, 59).
cost(20, 6, 50).
cost(20, 7, 52).
cost(20, 8, 50).
cost(20, 9, 58).
cost(20, 10, 60).
cost(20, 11, 43).
cost(20, 12, 37).
cost(20, 13, 40).
cost(20, 14, 39).
cost(20, 15, 43).
cost(20, 16, 13).
cost(20, 17, 5).
cost(20, 18, 7).
cost(20, 19, 11).
cost(20, 21, 82).
cost(20, 22, 78).
cost(20, 23, 85).
cost(20, 24, 75).
cost(20, 25, 87).
cost(20, 26, 69).
cost(20, 27, 74).
cost(20, 28, 82).
cost(21, 1, 72).
cost(21, 2, 74).
cost(21, 3, 74).
cost(21, 4, 74).
cost(21, 5, 77).
cost(21, 6, 74).
cost(21, 7, 81).
cost(21, 8, 72).
cost(21, 9, 64).
cost(21, 10, 53).
cost(21, 11, 59).
cost(21, 12, 67).
cost(21, 13, 66).
cost(21, 14, 68).
cost(21, 15, 63).
cost(21, 16, 93).
cost(21, 17, 82).
cost(21, 18, 87).
cost(21, 19, 92).
cost(21, 20, 82).
cost(21, 22, 6).
cost(21, 23, 3).
cost(21, 24, 12).
cost(21, 25, 6).
cost(21, 26, 13).
cost(21, 27, 10).
cost(21, 28, 11).
cost(22, 1, 66).
cost(22, 2, 68).
cost(22, 3, 68).
cost(22, 4, 68).
cost(22, 5, 71).
cost(22, 6, 74).
cost(22, 7, 81).
cost(22, 8, 73).
cost(22, 9, 65).
cost(22, 10, 54).
cost(22, 11, 53).
cost(22, 12, 61).
cost(22, 13, 60).
cost(22, 14, 63).
cost(22, 15, 58).
cost(22, 16, 90).
cost(22, 17, 79).
cost(22, 18, 84).
cost(22, 19, 89).
cost(22, 20, 78).
cost(22, 21, 6).
cost(22, 23, 9).
cost(22, 24, 6).
cost(22, 25, 11).
cost(22, 26, 11).
cost(22, 27, 5).
cost(22, 28, 7).
cost(23, 1, 75).
cost(23, 2, 77).
cost(23, 3, 77).
cost(23, 4, 77).
cost(23, 5, 80).
cost(23, 6, 76).
cost(23, 7, 83).
cost(23, 8, 74).
cost(23, 9, 65).
cost(23, 10, 54).
cost(23, 11, 62).
cost(23, 12, 70).
cost(23, 13, 69).
cost(23, 14, 72).
cost(23, 15, 67).
cost(23, 16, 96).
cost(23, 17, 85).
cost(23, 18, 90).
cost(23, 19, 95).
cost(23, 20, 85).
cost(23, 21, 3).
cost(23, 22, 9).
cost(23, 24, 15).
cost(23, 25, 3).
cost(23, 26, 16).
cost(23, 27, 14).
cost(23, 28, 13).
cost(24, 1, 61).
cost(24, 2, 62).
cost(24, 3, 62).
cost(24, 4, 63).
cost(24, 5, 66).
cost(24, 6, 75).
cost(24, 7, 82).
cost(24, 8, 73).
cost(24, 9, 66).
cost(24, 10, 56).
cost(24, 11, 48).
cost(24, 12, 56).
cost(24, 13, 55).
cost(24, 14, 58).
cost(24, 15, 53).
cost(24, 16, 86).
cost(24, 17, 75).
cost(24, 18, 81).
cost(24, 19, 85).
cost(24, 20, 75).
cost(24, 21, 12).
cost(24, 22, 6).
cost(24, 23, 15).
cost(24, 25, 17).
cost(24, 26, 11).
cost(24, 27, 3).
cost(24, 28, 7).
cost(25, 1, 77).
cost(25, 2, 79).
cost(25, 3, 79).
cost(25, 4, 79).
cost(25, 5, 82).
cost(25, 6, 77).
cost(25, 7, 84).
cost(25, 8, 75).
cost(25, 9, 66).
cost(25, 10, 55).
cost(25, 11, 65).
cost(25, 12, 72).
cost(25, 13, 72).
cost(25, 14, 74).
cost(25, 15, 69).
cost(25, 16, 99).
cost(25, 17, 88).
cost(25, 18, 92).
cost(25, 19, 98).
cost(25, 20, 87).
cost(25, 21, 6).
cost(25, 22, 11).
cost(25, 23, 3).
cost(25, 24, 17).
cost(25, 26, 18).
cost(25, 27, 16).
cost(25, 28, 15).
cost(26, 1, 63).
cost(26, 2, 66).
cost(26, 3, 66).
cost(26, 4, 65).
cost(26, 5, 69).
cost(26, 6, 64).
cost(26, 7, 71).
cost(26, 8, 62).
cost(26, 9, 55).
cost(26, 10, 44).
cost(26, 11, 49).
cost(26, 12, 55).
cost(26, 13, 55).
cost(26, 14, 58).
cost(26, 15, 53).
cost(26, 16, 81).
cost(26, 17, 70).
cost(26, 18, 74).
cost(26, 19, 79).
cost(26, 20, 69).
cost(26, 21, 13).
cost(26, 22, 11).
cost(26, 23, 16).
cost(26, 24, 11).
cost(26, 25, 18).
cost(26, 27, 9).
cost(26, 28, 17).
cost(27, 1, 62).
cost(27, 2, 63).
cost(27, 3, 63).
cost(27, 4, 64).
cost(27, 5, 66).
cost(27, 6, 72).
cost(27, 7, 80).
cost(27, 8, 71).
cost(27, 9, 64).
cost(27, 10, 53).
cost(27, 11, 49).
cost(27, 12, 56).
cost(27, 13, 56).
cost(27, 14, 58).
cost(27, 15, 53).
cost(27, 16, 85).
cost(27, 17, 74).
cost(27, 18, 80).
cost(27, 19, 84).
cost(27, 20, 74).
cost(27, 21, 10).
cost(27, 22, 5).
cost(27, 23, 14).
cost(27, 24, 3).
cost(27, 25, 16).
cost(27, 26, 9).
cost(27, 28, 9).
cost(28, 1, 65).
cost(28, 2, 65).
cost(28, 3, 65).
cost(28, 4, 66).
cost(28, 5, 69).
cost(28, 6, 81).
cost(28, 7, 88).
cost(28, 8, 79).
cost(28, 9, 72).
cost(28, 10, 61).
cost(28, 11, 54).
cost(28, 12, 62).
cost(28, 13, 61).
cost(28, 14, 63).
cost(28, 15, 58).
cost(28, 16, 93).
cost(28, 17, 82).
cost(28, 18, 88).
cost(28, 19, 92).
cost(28, 20, 82).
cost(28, 21, 11).
cost(28, 22, 7).
cost(28, 23, 13).
cost(28, 24, 7).
cost(28, 25, 15).
cost(28, 26, 17).
cost(28, 27, 9).
