dimension(20).
point(1, 38.2327250887, 73.2527738405).
point(2, 59.5031052278, 46.4674377972).
point(3, 58.9988512248, 85.0918308736).
point(4, 29.2892217561, 29.9073007858).
point(5, 78.7488795579, 56.8954092428).
point(6, 78.1724702987, 69.6014824531).
point(7, 28.9000097203, 32.8215209316).
point(8, 71.8778202642, 59.4525923531).
point(9, 54.4355624215, 96.3940899599).
point(10, 51.0204562633, 32.1653876516).
point(11, 50.9569982594, 21.0894531454).
point(12, 31.8435834678, 29.1094779591).
point(13, 71.7911726761, 89.2664854134).
point(14, 38.7451402881, 87.5558817394).
point(15, 42.012963496, 53.515734168).
point(16, 75.1844294507, 77.5189687395).
point(17, 83.0534163663, 90.6579125075).
point(18, 31.0755263783, 38.3469099948).
point(19, 47.2904310692, 64.1812100645).
point(20, 22.3148614098, 30.808157502).
cost(1, 2, 34).
cost(1, 3, 24).
cost(1, 4, 44).
cost(1, 5, 44).
cost(1, 6, 40).
cost(1, 7, 41).
cost(1, 8, 36).
cost(1, 9, 28).
cost(1, 10, 43).
cost(1, 11, 54).
cost(1, 12, 45).
cost(1, 13, 37).
cost(1, 14, 14).
cost(1, 15, 20).
cost(1, 16, 37).
cost(1, 17, 48).
cost(1, 18, 36).
cost(1, 19, 13).
cost(1, 20, 45).
cost(2, 1, 34).
cost(2, 3, 39).
cost(2, 4, 34).
cost(2, 5, 22).
cost(2, 6, 30).
cost(2, 7, 34).
cost(2, 8, 18).
cost(2, 9, 50).
cost(2, 10, 17).
cost(2, 11, 27).
cost(2, 12, 33).
cost(2, 13, 45).
cost(2, 14, 46).
cost(2, 15, 19).
cost(2, 16, 35).
cost(2, 17, 50).
cost(2, 18, 30).
cost(2, 19, 22).
cost(2, 20, 40).
cost(3, 1, 24).
cost(3, 2, 39).
cost(3, 4, 63).
cost(3, 5, 34).
cost(3, 6, 25).
cost(3, 7, 60).
cost(3, 8, 29).
cost(3, 9, 12).
cost(3, 10, 54).
cost(3, 11, 65).
cost(3, 12, 62).
cost(3, 13, 13).
cost(3, 14, 20).
cost(3, 15, 36).
cost(3, 16, 18).
cost(3, 17, 25).
cost(3, 18, 54).
cost(3, 19, 24).
cost(3, 20, 66).
cost(4, 1, 44).
cost(4, 2, 34).
cost(4, 3, 63).
cost(4, 5, 56).
cost(4, 6, 63).
cost(4, 7, 3).
cost(4, 8, 52).
cost(4, 9, 71).
cost(4, 10, 22).
cost(4, 11, 23).
cost(4, 12, 3).
cost(4, 13, 73).
cost(4, 14, 58).
cost(4, 15, 27).
cost(4, 16, 66).
cost(4, 17, 81).
cost(4, 18, 9).
cost(4, 19, 39).
cost(4, 20, 7).
cost(5, 1, 44).
cost(5, 2, 22).
cost(5, 3, 34).
cost(5, 4, 56).
cost(5, 6, 13).
cost(5, 7, 55).
cost(5, 8, 7).
cost(5, 9, 46).
cost(5, 10, 37).
cost(5, 11, 45).
cost(5, 12, 55).
cost(5, 13, 33).
cost(5, 14, 50).
cost(5, 15, 37).
cost(5, 16, 21).
cost(5, 17, 34).
cost(5, 18, 51).
cost(5, 19, 32).
cost(5, 20, 62).
cost(6, 1, 40).
cost(6, 2, 30).
cost(6, 3, 25).
cost(6, 4, 63).
cost(6, 5, 13).
cost(6, 7, 61).
cost(6, 8, 12).
cost(6, 9, 36).
cost(6, 10, 46).
cost(6, 11, 56).
cost(6, 12, 62).
cost(6, 13, 21).
cost(6, 14, 43).
cost(6, 15, 40).
cost(6, 16, 8).
cost(6, 17, 22).
cost(6, 18, 57).
cost(6, 19, 31).
cost(6, 20, 68).
cost(7, 1, 41).
cost(7, 2, 34).
cost(7, 3, 60).
cost(7, 4, 3).
cost(7, 5, 55).
cost(7, 6, 61).
cost(7, 8, 51).
cost(7, 9, 69).
cost(7, 10, 22).
cost(7, 11, 25).
cost(7, 12, 5).
cost(7, 13, 71).
cost(7, 14, 56).
cost(7, 15, 24).
cost(7, 16, 64).
cost(7, 17, 79).
cost(7, 18, 6).
cost(7, 19, 36).
cost(7, 20, 7).
cost(8, 1, 36).
cost(8, 2, 18).
cost(8, 3, 29).
cost(8, 4, 52).
cost(8, 5, 7).
cost(8, 6, 12).
cost(8, 7, 51).
cost(8, 9, 41).
cost(8, 10, 34).
cost(8, 11, 44).
cost(8, 12, 50).
cost(8, 13, 30).
cost(8, 14, 43).
cost(8, 15, 30).
cost(8, 16, 18).
cost(8, 17, 33).
cost(8, 18, 46).
cost(8, 19, 25).
cost(8, 20, 57).
cost(9, 1, 28).
cost(9, 2, 50).
cost(9, 3, 12).
cost(9, 4, 71).
cost(9, 5, 46).
cost(9, 6, 36).
cost(9, 7, 69).
cost(9, 8, 41).
cost(9, 10, 64).
cost(9, 11, 75).
cost(9, 12, 71).
cost(9, 13, 19).
cost(9, 14, 18).
cost(9, 15, 45).
cost(9, 16, 28).
cost(9, 17, 29).
cost(9, 18, 63).
cost(9, 19, 33).
cost(9, 20, 73).
cost(10, 1, 43).
cost(10, 2, 17).
cost(10, 3, 54).
cost(10, 4, 22).
cost(10, 5, 37).
cost(10, 6, 46).
cost(10, 7, 22).
cost(10, 8, 34).
cost(10, 9, 64).
cost(10, 11, 11).
cost(10, 12, 19).
cost(10, 13, 61).
cost(10, 14, 57).
cost(10, 15, 23).
cost(10, 16, 51).
cost(10, 17, 67).
cost(10, 18, 21).
cost(10, 19, 32).
cost(10, 20, 29).
cost(11, 1, 54).
cost(11, 2, 27).
cost(11, 3, 65).
cost(11, 4, 23).
cost(11, 5, 45).
cost(11, 6, 56).
cost(11, 7, 25).
cost(11, 8, 44).
cost(11, 9, 75).
cost(11, 10, 11).
cost(11, 12, 21).
cost(11, 13, 71).
cost(11, 14, 68).
cost(11, 15, 34).
cost(11, 16, 61).
cost(11, 17, 77).
cost(11, 18, 26).
cost(11, 19, 43).
cost(11, 20, 30).
cost(12, 1, 45).
cost(12, 2, 33).
cost(12, 3, 62).
cost(12, 4, 3).
cost(12, 5, 55).
cost(12, 6, 62).
cost(12, 7, 5).
cost(12, 8, 50).
cost(12, 9, 71).
cost(12, 10, 19).
cost(12, 11, 21).
cost(12, 13, 72).
cost(12, 14, 59).
cost(12, 15, 26).
cost(12, 16, 65).
cost(12, 17, 80).
cost(12, 18, 9).
cost(12, 19, 38).
cost(12, 20, 10).
cost(13, 1, 37).
cost(13, 2, 45).
cost(13, 3, 13).
cost(13, 4, 73).
cost(13, 5, 33).
cost(13, 6, 21).
cost(13, 7, 71).
cost(13, 8, 30).
cost(13, 9, 19).
cost(13, 10, 61).
cost(13, 11, 71).
cost(13, 12, 72).
cost(13, 14, 33).
cost(13, 15, 47).
cost(13, 16, 12).
cost(13, 17, 11).
cost(13, 18, 65).
cost(13, 19, 35).
cost(13, 20, 77).
cost(14, 1, 14).
cost(14, 2, 46).
cost(14, 3, 20).
cost(14, 4, 58).
cost(14, 5, 50).
cost(14, 6, 43).
cost(14, 7, 56).
cost(14, 8, 43).
cost(14, 9, 18).
cost(14, 10, 57).
cost(14, 11, 68).
cost(14, 12, 59).
cost(14, 13, 33).
cost(14, 15, 34).
cost(14, 16, 38).
cost(14, 17, 44).
cost(14, 18, 50).
cost(14, 19, 25).
cost(14, 20, 59).
cost(15, 1, 20).
cost(15, 2, 19).
cost(15, 3, 36).
cost(15, 4, 27).
cost(15, 5, 37).
cost(15, 6, 40).
cost(15, 7, 24).
cost(15, 8, 30).
cost(15, 9, 45).
cost(15, 10, 23).
cost(15, 11, 34).
cost(15, 12, 26).
cost(15, 13, 47).
cost(15, 14, 34).
cost(15, 16, 41).
cost(15, 17, 55).
cost(15, 18, 19).
cost(15, 19, 12).
cost(15, 20, 30).
cost(16, 1, 37).
cost(16, 2, 35).
cost(16, 3, 18).
cost(16, 4, 66).
cost(16, 5, 21).
cost(16, 6, 8).
cost(16, 7, 64).
cost(16, 8, 18).
cost(16, 9, 28).
cost(16, 10, 51).
cost(16, 11, 61).
cost(16, 12, 65).
cost(16, 13, 12).
cost(16, 14, 38).
cost(16, 15, 41).
cost(16, 17, 15).
cost(16, 18, 59).
cost(16, 19, 31).
cost(16, 20, 71).
cost(17, 1, 48).
cost(17, 2, 50).
cost(17, 3, 25).
cost(17, 4, 81).
cost(17, 5, 34).
cost(17, 6, 22).
cost(17, 7, 79).
cost(17, 8, 33).
cost(17, 9, 29).
cost(17, 10, 67).
cost(17, 11, 77).
cost(17, 12, 80).
cost(17, 13, 11).
cost(17, 14, 44).
cost(17, 15, 55).
cost(17, 16, 15).
cost(17, 18, 74).
cost(17, 19, 44).
cost(17, 20, 85).
cost(18, 1, 36).
cost(18, 2, 30).
cost(18, 3, 54).
cost(18, 4, 9).
cost(18, 5, 51).
cost(18, 6, 57).
cost(18, 7, 6).
cost(18, 8, 46).
cost(18, 9, 63).
cost(18, 10, 21).
cost(18, 11, 26).
cost(18, 12, 9).
cost(18, 13, 65).
cost(18, 14, 50).
cost(18, 15, 19).
cost(18, 16, 59).
cost(18, 17, 74).
cost(18, 19, 31).
cost(18, 20, 12).
cost(19, 1, 13).
cost(19, 2, 22).
cost(19, 3, 24).
cost(19, 4, 39).
cost(19, 5, 32).
cost(19, 6, 31).
cost(19, 7, 36).
cost(19, 8, 25).
cost(19, 9, 33).
cost(19, 10, 32).
cost(19, 11, 43).
cost(19, 12, 38).
cost(19, 13, 35).
cost(19, 14, 25).
cost(19, 15, 12).
cost(19, 16, 31).
cost(19, 17, 44).
cost(19, 18, 31).
cost(19, 20, 42).
cost(20, 1, 45).
cost(20, 2, 40).
cost(20, 3, 66).
cost(20, 4, 7).
cost(20, 5, 62).
cost(20, 6, 68).
cost(20, 7, 7).
cost(20, 8, 57).
cost(20, 9, 73).
cost(20, 10, 29).
cost(20, 11, 30).
cost(20, 12, 10).
cost(20, 13, 77).
cost(20, 14, 59).
cost(20, 15, 30).
cost(20, 16, 71).
cost(20, 17, 85).
cost(20, 18, 12).
cost(20, 19, 42).
nocross(1,3).
nocross(1,6).
nocross(1,8).
nocross(1,14).
nocross(1,15).
nocross(1,18).
nocross(1,19).
nocross(2,3).
nocross(2,5).
nocross(2,6).
nocross(2,8).
nocross(2,10).
nocross(2,11).
nocross(2,12).
nocross(2,15).
nocross(2,16).
nocross(2,18).
nocross(2,19).
nocross(3,1).
nocross(3,2).
nocross(3,8).
nocross(3,9).
nocross(3,13).
nocross(3,14).
nocross(3,15).
nocross(3,16).
nocross(3,19).
nocross(4,2).
nocross(4,7).
nocross(4,10).
nocross(4,15).
nocross(4,18).
nocross(4,19).
nocross(4,20).
nocross(5,2).
nocross(5,3).
nocross(5,6).
nocross(5,8).
nocross(5,11).
nocross(6,2).
nocross(6,5).
nocross(6,13).
nocross(6,16).
nocross(7,2).
nocross(7,4).
nocross(7,10).
nocross(7,11).
nocross(7,19).
nocross(7,20).
nocross(8,3).
nocross(8,6).
nocross(8,10).
nocross(8,13).
nocross(8,16).
nocross(8,19).
nocross(9,1).
nocross(9,8).
nocross(9,13).
nocross(9,14).
nocross(9,16).
nocross(9,19).
nocross(10,2).
nocross(10,3).
nocross(10,8).
nocross(10,11).
nocross(10,12).
nocross(10,15).
nocross(10,16).
nocross(10,18).
nocross(11,2).
nocross(11,4).
nocross(11,5).
nocross(11,12).
nocross(11,15).
nocross(12,2).
nocross(12,7).
nocross(12,10).
nocross(12,15).
nocross(12,18).
nocross(13,2).
nocross(13,3).
nocross(13,6).
nocross(13,8).
nocross(13,9).
nocross(13,15).
nocross(13,16).
nocross(13,17).
nocross(14,1).
nocross(14,3).
nocross(14,8).
nocross(14,9).
nocross(14,15).
nocross(14,19).
nocross(15,1).
nocross(15,2).
nocross(15,3).
nocross(15,10).
nocross(15,18).
nocross(15,19).
nocross(15,20).
nocross(16,2).
nocross(16,3).
nocross(16,6).
nocross(16,8).
nocross(16,13).
nocross(16,17).
nocross(17,3).
nocross(17,5).
nocross(17,6).
nocross(17,8).
nocross(17,16).
nocross(18,1).
nocross(18,2).
nocross(18,10).
nocross(18,11).
nocross(18,15).
nocross(18,19).
nocross(19,1).
nocross(19,2).
nocross(19,3).
nocross(19,7).
nocross(19,8).
nocross(19,9).
nocross(19,14).
nocross(19,16).
nocross(19,18).
nocross(20,2).
nocross(20,15).
nocross(20,18).
nocross(20,19).
