dimension(20).
point(1, 43.8490521099, 12.1291062108).
point(2, 27.4209138375, 24.4297118024).
point(3, 75.5925296576, 61.6634116798).
point(4, 53.2641341584, 10.8818540942).
point(5, 41.4933516912, 63.7664880305).
point(6, 74.3694067768, 86.8606873595).
point(7, 29.4074611964, 6.8990441988).
point(8, 83.9916399309, 66.3077474617).
point(9, 73.0810345732, 51.9530271334).
point(10, 65.2181998248, 73.6452288009).
point(11, 42.7044549826, 16.6540235485).
point(12, 16.2602580637, 34.9035900954).
point(13, 53.364730486, 82.6211794243).
point(14, 49.542495581, 12.1460262087).
point(15, 17.5076156219, 23.8181119405).
point(16, 69.1458068767, 18.1600780875).
point(17, 33.2277164127, 78.1911983384).
point(18, 42.4243070651, 82.5155849005).
point(19, 29.9057845915, 27.8165122533).
point(20, 59.6207384034, 68.4660386327).
cost(1, 2, 21).
cost(1, 3, 59).
cost(1, 4, 9).
cost(1, 5, 52).
cost(1, 6, 81).
cost(1, 7, 15).
cost(1, 8, 67).
cost(1, 9, 49).
cost(1, 10, 65).
cost(1, 11, 5).
cost(1, 12, 36).
cost(1, 13, 71).
cost(1, 14, 6).
cost(1, 15, 29).
cost(1, 16, 26).
cost(1, 17, 67).
cost(1, 18, 70).
cost(1, 19, 21).
cost(1, 20, 59).
cost(2, 1, 21).
cost(2, 3, 61).
cost(2, 4, 29).
cost(2, 5, 42).
cost(2, 6, 78).
cost(2, 7, 18).
cost(2, 8, 70).
cost(2, 9, 53).
cost(2, 10, 62).
cost(2, 11, 17).
cost(2, 12, 15).
cost(2, 13, 64).
cost(2, 14, 25).
cost(2, 15, 10).
cost(2, 16, 42).
cost(2, 17, 54).
cost(2, 18, 60).
cost(2, 19, 4).
cost(2, 20, 55).
cost(3, 1, 59).
cost(3, 2, 61).
cost(3, 4, 55).
cost(3, 5, 34).
cost(3, 6, 25).
cost(3, 7, 72).
cost(3, 8, 10).
cost(3, 9, 10).
cost(3, 10, 16).
cost(3, 11, 56).
cost(3, 12, 65).
cost(3, 13, 31).
cost(3, 14, 56).
cost(3, 15, 69).
cost(3, 16, 44).
cost(3, 17, 45).
cost(3, 18, 39).
cost(3, 19, 57).
cost(3, 20, 17).
cost(4, 1, 9).
cost(4, 2, 29).
cost(4, 3, 55).
cost(4, 5, 54).
cost(4, 6, 79).
cost(4, 7, 24).
cost(4, 8, 63).
cost(4, 9, 46).
cost(4, 10, 64).
cost(4, 11, 12).
cost(4, 12, 44).
cost(4, 13, 72).
cost(4, 14, 4).
cost(4, 15, 38).
cost(4, 16, 17).
cost(4, 17, 70).
cost(4, 18, 72).
cost(4, 19, 29).
cost(4, 20, 58).
cost(5, 1, 52).
cost(5, 2, 42).
cost(5, 3, 34).
cost(5, 4, 54).
cost(5, 6, 40).
cost(5, 7, 58).
cost(5, 8, 43).
cost(5, 9, 34).
cost(5, 10, 26).
cost(5, 11, 47).
cost(5, 12, 38).
cost(5, 13, 22).
cost(5, 14, 52).
cost(5, 15, 47).
cost(5, 16, 53).
cost(5, 17, 17).
cost(5, 18, 19).
cost(5, 19, 38).
cost(5, 20, 19).
cost(6, 1, 81).
cost(6, 2, 78).
cost(6, 3, 25).
cost(6, 4, 79).
cost(6, 5, 40).
cost(6, 7, 92).
cost(6, 8, 23).
cost(6, 9, 35).
cost(6, 10, 16).
cost(6, 11, 77).
cost(6, 12, 78).
cost(6, 13, 21).
cost(6, 14, 79).
cost(6, 15, 85).
cost(6, 16, 69).
cost(6, 17, 42).
cost(6, 18, 32).
cost(6, 19, 74).
cost(6, 20, 24).
cost(7, 1, 15).
cost(7, 2, 18).
cost(7, 3, 72).
cost(7, 4, 24).
cost(7, 5, 58).
cost(7, 6, 92).
cost(7, 8, 81).
cost(7, 9, 63).
cost(7, 10, 76).
cost(7, 11, 16).
cost(7, 12, 31).
cost(7, 13, 79).
cost(7, 14, 21).
cost(7, 15, 21).
cost(7, 16, 41).
cost(7, 17, 71).
cost(7, 18, 77).
cost(7, 19, 21).
cost(7, 20, 69).
cost(8, 1, 67).
cost(8, 2, 70).
cost(8, 3, 10).
cost(8, 4, 63).
cost(8, 5, 43).
cost(8, 6, 23).
cost(8, 7, 81).
cost(8, 9, 18).
cost(8, 10, 20).
cost(8, 11, 65).
cost(8, 12, 75).
cost(8, 13, 35).
cost(8, 14, 64).
cost(8, 15, 79).
cost(8, 16, 50).
cost(8, 17, 52).
cost(8, 18, 45).
cost(8, 19, 66).
cost(8, 20, 24).
cost(9, 1, 49).
cost(9, 2, 53).
cost(9, 3, 10).
cost(9, 4, 46).
cost(9, 5, 34).
cost(9, 6, 35).
cost(9, 7, 63).
cost(9, 8, 18).
cost(9, 10, 23).
cost(9, 11, 47).
cost(9, 12, 59).
cost(9, 13, 36).
cost(9, 14, 46).
cost(9, 15, 62).
cost(9, 16, 34).
cost(9, 17, 48).
cost(9, 18, 43).
cost(9, 19, 49).
cost(9, 20, 21).
cost(10, 1, 65).
cost(10, 2, 62).
cost(10, 3, 16).
cost(10, 4, 64).
cost(10, 5, 26).
cost(10, 6, 16).
cost(10, 7, 76).
cost(10, 8, 20).
cost(10, 9, 23).
cost(10, 11, 61).
cost(10, 12, 62).
cost(10, 13, 15).
cost(10, 14, 63).
cost(10, 15, 69).
cost(10, 16, 56).
cost(10, 17, 32).
cost(10, 18, 24).
cost(10, 19, 58).
cost(10, 20, 8).
cost(11, 1, 5).
cost(11, 2, 17).
cost(11, 3, 56).
cost(11, 4, 12).
cost(11, 5, 47).
cost(11, 6, 77).
cost(11, 7, 16).
cost(11, 8, 65).
cost(11, 9, 47).
cost(11, 10, 61).
cost(11, 12, 32).
cost(11, 13, 67).
cost(11, 14, 8).
cost(11, 15, 26).
cost(11, 16, 26).
cost(11, 17, 62).
cost(11, 18, 66).
cost(11, 19, 17).
cost(11, 20, 55).
cost(12, 1, 36).
cost(12, 2, 15).
cost(12, 3, 65).
cost(12, 4, 44).
cost(12, 5, 38).
cost(12, 6, 78).
cost(12, 7, 31).
cost(12, 8, 75).
cost(12, 9, 59).
cost(12, 10, 62).
cost(12, 11, 32).
cost(12, 13, 60).
cost(12, 14, 40).
cost(12, 15, 11).
cost(12, 16, 55).
cost(12, 17, 46).
cost(12, 18, 54).
cost(12, 19, 15).
cost(12, 20, 55).
cost(13, 1, 71).
cost(13, 2, 64).
cost(13, 3, 31).
cost(13, 4, 72).
cost(13, 5, 22).
cost(13, 6, 21).
cost(13, 7, 79).
cost(13, 8, 35).
cost(13, 9, 36).
cost(13, 10, 15).
cost(13, 11, 67).
cost(13, 12, 60).
cost(13, 14, 71).
cost(13, 15, 69).
cost(13, 16, 66).
cost(13, 17, 21).
cost(13, 18, 11).
cost(13, 19, 60).
cost(13, 20, 15).
cost(14, 1, 6).
cost(14, 2, 25).
cost(14, 3, 56).
cost(14, 4, 4).
cost(14, 5, 52).
cost(14, 6, 79).
cost(14, 7, 21).
cost(14, 8, 64).
cost(14, 9, 46).
cost(14, 10, 63).
cost(14, 11, 8).
cost(14, 12, 40).
cost(14, 13, 71).
cost(14, 15, 34).
cost(14, 16, 21).
cost(14, 17, 68).
cost(14, 18, 71).
cost(14, 19, 25).
cost(14, 20, 57).
cost(15, 1, 29).
cost(15, 2, 10).
cost(15, 3, 69).
cost(15, 4, 38).
cost(15, 5, 47).
cost(15, 6, 85).
cost(15, 7, 21).
cost(15, 8, 79).
cost(15, 9, 62).
cost(15, 10, 69).
cost(15, 11, 26).
cost(15, 12, 11).
cost(15, 13, 69).
cost(15, 14, 34).
cost(15, 16, 52).
cost(15, 17, 57).
cost(15, 18, 64).
cost(15, 19, 13).
cost(15, 20, 61).
cost(16, 1, 26).
cost(16, 2, 42).
cost(16, 3, 44).
cost(16, 4, 17).
cost(16, 5, 53).
cost(16, 6, 69).
cost(16, 7, 41).
cost(16, 8, 50).
cost(16, 9, 34).
cost(16, 10, 56).
cost(16, 11, 26).
cost(16, 12, 55).
cost(16, 13, 66).
cost(16, 14, 21).
cost(16, 15, 52).
cost(16, 17, 70).
cost(16, 18, 70).
cost(16, 19, 40).
cost(16, 20, 51).
cost(17, 1, 67).
cost(17, 2, 54).
cost(17, 3, 45).
cost(17, 4, 70).
cost(17, 5, 17).
cost(17, 6, 42).
cost(17, 7, 71).
cost(17, 8, 52).
cost(17, 9, 48).
cost(17, 10, 32).
cost(17, 11, 62).
cost(17, 12, 46).
cost(17, 13, 21).
cost(17, 14, 68).
cost(17, 15, 57).
cost(17, 16, 70).
cost(17, 18, 10).
cost(17, 19, 50).
cost(17, 20, 28).
cost(18, 1, 70).
cost(18, 2, 60).
cost(18, 3, 39).
cost(18, 4, 72).
cost(18, 5, 19).
cost(18, 6, 32).
cost(18, 7, 77).
cost(18, 8, 45).
cost(18, 9, 43).
cost(18, 10, 24).
cost(18, 11, 66).
cost(18, 12, 54).
cost(18, 13, 11).
cost(18, 14, 71).
cost(18, 15, 64).
cost(18, 16, 70).
cost(18, 17, 10).
cost(18, 19, 56).
cost(18, 20, 22).
cost(19, 1, 21).
cost(19, 2, 4).
cost(19, 3, 57).
cost(19, 4, 29).
cost(19, 5, 38).
cost(19, 6, 74).
cost(19, 7, 21).
cost(19, 8, 66).
cost(19, 9, 49).
cost(19, 10, 58).
cost(19, 11, 17).
cost(19, 12, 15).
cost(19, 13, 60).
cost(19, 14, 25).
cost(19, 15, 13).
cost(19, 16, 40).
cost(19, 17, 50).
cost(19, 18, 56).
cost(19, 20, 50).
cost(20, 1, 59).
cost(20, 2, 55).
cost(20, 3, 17).
cost(20, 4, 58).
cost(20, 5, 19).
cost(20, 6, 24).
cost(20, 7, 69).
cost(20, 8, 24).
cost(20, 9, 21).
cost(20, 10, 8).
cost(20, 11, 55).
cost(20, 12, 55).
cost(20, 13, 15).
cost(20, 14, 57).
cost(20, 15, 61).
cost(20, 16, 51).
cost(20, 17, 28).
cost(20, 18, 22).
cost(20, 19, 50).
nocross(1,2).
nocross(1,4).
nocross(1,7).
nocross(1,11).
nocross(1,14).
nocross(1,16).
nocross(1,19).
nocross(2,1).
nocross(2,4).
nocross(2,7).
nocross(2,11).
nocross(2,12).
nocross(2,14).
nocross(2,15).
nocross(2,19).
nocross(3,6).
nocross(3,8).
nocross(3,9).
nocross(3,10).
nocross(3,13).
nocross(3,20).
nocross(4,1).
nocross(4,2).
nocross(4,7).
nocross(4,9).
nocross(4,11).
nocross(4,14).
nocross(4,16).
nocross(4,19).
nocross(5,2).
nocross(5,3).
nocross(5,9).
nocross(5,10).
nocross(5,12).
nocross(5,13).
nocross(5,17).
nocross(5,18).
nocross(5,19).
nocross(5,20).
nocross(6,3).
nocross(6,8).
nocross(6,9).
nocross(6,10).
nocross(6,13).
nocross(6,18).
nocross(6,20).
nocross(7,1).
nocross(7,2).
nocross(7,4).
nocross(7,11).
nocross(7,12).
nocross(7,14).
nocross(7,15).
nocross(7,19).
nocross(8,3).
nocross(8,6).
nocross(8,9).
nocross(8,10).
nocross(8,13).
nocross(8,20).
nocross(9,3).
nocross(9,8).
nocross(9,10).
nocross(9,16).
nocross(9,20).
nocross(10,3).
nocross(10,5).
nocross(10,6).
nocross(10,8).
nocross(10,9).
nocross(10,13).
nocross(10,18).
nocross(10,20).
nocross(11,1).
nocross(11,2).
nocross(11,4).
nocross(11,7).
nocross(11,12).
nocross(11,14).
nocross(11,15).
nocross(11,19).
nocross(12,1).
nocross(12,2).
nocross(12,5).
nocross(12,7).
nocross(12,11).
nocross(12,15).
nocross(12,17).
nocross(12,19).
nocross(13,3).
nocross(13,5).
nocross(13,6).
nocross(13,8).
nocross(13,9).
nocross(13,10).
nocross(13,17).
nocross(13,18).
nocross(13,20).
nocross(14,1).
nocross(14,2).
nocross(14,4).
nocross(14,7).
nocross(14,11).
nocross(14,16).
nocross(14,19).
nocross(15,1).
nocross(15,2).
nocross(15,4).
nocross(15,7).
nocross(15,11).
nocross(15,12).
nocross(15,14).
nocross(15,19).
nocross(16,1).
nocross(16,3).
nocross(16,4).
nocross(16,8).
nocross(16,9).
nocross(16,11).
nocross(16,14).
nocross(17,5).
nocross(17,10).
nocross(17,12).
nocross(17,13).
nocross(17,18).
nocross(17,20).
nocross(18,5).
nocross(18,6).
nocross(18,10).
nocross(18,13).
nocross(18,17).
nocross(18,20).
nocross(19,1).
nocross(19,2).
nocross(19,4).
nocross(19,5).
nocross(19,7).
nocross(19,11).
nocross(19,12).
nocross(19,14).
nocross(19,15).
nocross(20,3).
nocross(20,5).
nocross(20,6).
nocross(20,8).
nocross(20,9).
nocross(20,10).
nocross(20,13).
nocross(20,17).
nocross(20,18).
