dimension(20).
point(1, 16.9212171599, 33.3342269608).
point(2, 40.1267829076, 39.8113208011).
point(3, 97.7849946089, 63.5091650988).
point(4, 67.3726886981, 72.1154540969).
point(5, 97.4187564236, 72.371503095).
point(6, 26.642662553, 52.662630772).
point(7, 94.9185577805, 41.6126934313).
point(8, 23.7429395946, 44.1568834983).
point(9, 28.4360720615, 57.9625875657).
point(10, 24.3391038588, 18.807633214).
point(11, 89.8830905861, 75.8224595813).
point(12, 11.2409414436, 23.2340078965).
point(13, 24.2489785102, 75.0681379673).
point(14, 89.3420119136, 61.1767521162).
point(15, 90.6016071667, 82.5402628198).
point(16, 42.0427217424, 21.7179439194).
point(17, 24.8572175762, 50.6352950252).
point(18, 78.1122897488, 51.7321380622).
point(19, 86.9137548021, 82.3535626141).
point(20, 70.4053313097, 61.8263956002).
cost(1, 2, 24).
cost(1, 3, 86).
cost(1, 4, 64).
cost(1, 5, 89).
cost(1, 6, 22).
cost(1, 7, 78).
cost(1, 8, 13).
cost(1, 9, 27).
cost(1, 10, 16).
cost(1, 11, 84).
cost(1, 12, 12).
cost(1, 13, 42).
cost(1, 14, 78).
cost(1, 15, 89).
cost(1, 16, 28).
cost(1, 17, 19).
cost(1, 18, 64).
cost(1, 19, 85).
cost(1, 20, 61).
cost(2, 1, 24).
cost(2, 3, 62).
cost(2, 4, 42).
cost(2, 5, 66).
cost(2, 6, 19).
cost(2, 7, 55).
cost(2, 8, 17).
cost(2, 9, 22).
cost(2, 10, 26).
cost(2, 11, 61).
cost(2, 12, 33).
cost(2, 13, 39).
cost(2, 14, 54).
cost(2, 15, 66).
cost(2, 16, 18).
cost(2, 17, 19).
cost(2, 18, 40).
cost(2, 19, 63).
cost(2, 20, 37).
cost(3, 1, 86).
cost(3, 2, 62).
cost(3, 4, 32).
cost(3, 5, 9).
cost(3, 6, 72).
cost(3, 7, 22).
cost(3, 8, 77).
cost(3, 9, 70).
cost(3, 10, 86).
cost(3, 11, 15).
cost(3, 12, 95).
cost(3, 13, 74).
cost(3, 14, 9).
cost(3, 15, 20).
cost(3, 16, 70).
cost(3, 17, 74).
cost(3, 18, 23).
cost(3, 19, 22).
cost(3, 20, 27).
cost(4, 1, 64).
cost(4, 2, 42).
cost(4, 3, 32).
cost(4, 5, 30).
cost(4, 6, 45).
cost(4, 7, 41).
cost(4, 8, 52).
cost(4, 9, 41).
cost(4, 10, 69).
cost(4, 11, 23).
cost(4, 12, 74).
cost(4, 13, 43).
cost(4, 14, 25).
cost(4, 15, 25).
cost(4, 16, 56).
cost(4, 17, 48).
cost(4, 18, 23).
cost(4, 19, 22).
cost(4, 20, 11).
cost(5, 1, 89).
cost(5, 2, 66).
cost(5, 3, 9).
cost(5, 4, 30).
cost(5, 6, 73).
cost(5, 7, 31).
cost(5, 8, 79).
cost(5, 9, 70).
cost(5, 10, 91).
cost(5, 11, 8).
cost(5, 12, 99).
cost(5, 13, 73).
cost(5, 14, 14).
cost(5, 15, 12).
cost(5, 16, 75).
cost(5, 17, 76).
cost(5, 18, 28).
cost(5, 19, 14).
cost(5, 20, 29).
cost(6, 1, 22).
cost(6, 2, 19).
cost(6, 3, 72).
cost(6, 4, 45).
cost(6, 5, 73).
cost(6, 7, 69).
cost(6, 8, 9).
cost(6, 9, 6).
cost(6, 10, 34).
cost(6, 11, 67).
cost(6, 12, 33).
cost(6, 13, 23).
cost(6, 14, 63).
cost(6, 15, 71).
cost(6, 16, 35).
cost(6, 17, 3).
cost(6, 18, 51).
cost(6, 19, 67).
cost(6, 20, 45).
cost(7, 1, 78).
cost(7, 2, 55).
cost(7, 3, 22).
cost(7, 4, 41).
cost(7, 5, 31).
cost(7, 6, 69).
cost(7, 8, 71).
cost(7, 9, 68).
cost(7, 10, 74).
cost(7, 11, 35).
cost(7, 12, 86).
cost(7, 13, 78).
cost(7, 14, 20).
cost(7, 15, 41).
cost(7, 16, 56).
cost(7, 17, 71).
cost(7, 18, 20).
cost(7, 19, 42).
cost(7, 20, 32).
cost(8, 1, 13).
cost(8, 2, 17).
cost(8, 3, 77).
cost(8, 4, 52).
cost(8, 5, 79).
cost(8, 6, 9).
cost(8, 7, 71).
cost(8, 9, 15).
cost(8, 10, 25).
cost(8, 11, 73).
cost(8, 12, 24).
cost(8, 13, 31).
cost(8, 14, 68).
cost(8, 15, 77).
cost(8, 16, 29).
cost(8, 17, 7).
cost(8, 18, 55).
cost(8, 19, 74).
cost(8, 20, 50).
cost(9, 1, 27).
cost(9, 2, 22).
cost(9, 3, 70).
cost(9, 4, 41).
cost(9, 5, 70).
cost(9, 6, 6).
cost(9, 7, 68).
cost(9, 8, 15).
cost(9, 10, 39).
cost(9, 11, 64).
cost(9, 12, 39).
cost(9, 13, 18).
cost(9, 14, 61).
cost(9, 15, 67).
cost(9, 16, 39).
cost(9, 17, 8).
cost(9, 18, 50).
cost(9, 19, 63).
cost(9, 20, 42).
cost(10, 1, 16).
cost(10, 2, 26).
cost(10, 3, 86).
cost(10, 4, 69).
cost(10, 5, 91).
cost(10, 6, 34).
cost(10, 7, 74).
cost(10, 8, 25).
cost(10, 9, 39).
cost(10, 11, 87).
cost(10, 12, 14).
cost(10, 13, 56).
cost(10, 14, 78).
cost(10, 15, 92).
cost(10, 16, 18).
cost(10, 17, 32).
cost(10, 18, 63).
cost(10, 19, 89).
cost(10, 20, 63).
cost(11, 1, 84).
cost(11, 2, 61).
cost(11, 3, 15).
cost(11, 4, 23).
cost(11, 5, 8).
cost(11, 6, 67).
cost(11, 7, 35).
cost(11, 8, 73).
cost(11, 9, 64).
cost(11, 10, 87).
cost(11, 12, 95).
cost(11, 13, 66).
cost(11, 14, 15).
cost(11, 15, 7).
cost(11, 16, 72).
cost(11, 17, 70).
cost(11, 18, 27).
cost(11, 19, 7).
cost(11, 20, 24).
cost(12, 1, 12).
cost(12, 2, 33).
cost(12, 3, 95).
cost(12, 4, 74).
cost(12, 5, 99).
cost(12, 6, 33).
cost(12, 7, 86).
cost(12, 8, 24).
cost(12, 9, 39).
cost(12, 10, 14).
cost(12, 11, 95).
cost(12, 13, 53).
cost(12, 14, 87).
cost(12, 15, 99).
cost(12, 16, 31).
cost(12, 17, 31).
cost(12, 18, 73).
cost(12, 19, 96).
cost(12, 20, 71).
cost(13, 1, 42).
cost(13, 2, 39).
cost(13, 3, 74).
cost(13, 4, 43).
cost(13, 5, 73).
cost(13, 6, 23).
cost(13, 7, 78).
cost(13, 8, 31).
cost(13, 9, 18).
cost(13, 10, 56).
cost(13, 11, 66).
cost(13, 12, 53).
cost(13, 14, 67).
cost(13, 15, 67).
cost(13, 16, 56).
cost(13, 17, 24).
cost(13, 18, 59).
cost(13, 19, 63).
cost(13, 20, 48).
cost(14, 1, 78).
cost(14, 2, 54).
cost(14, 3, 9).
cost(14, 4, 25).
cost(14, 5, 14).
cost(14, 6, 63).
cost(14, 7, 20).
cost(14, 8, 68).
cost(14, 9, 61).
cost(14, 10, 78).
cost(14, 11, 15).
cost(14, 12, 87).
cost(14, 13, 67).
cost(14, 15, 21).
cost(14, 16, 62).
cost(14, 17, 65).
cost(14, 18, 15).
cost(14, 19, 21).
cost(14, 20, 19).
cost(15, 1, 89).
cost(15, 2, 66).
cost(15, 3, 20).
cost(15, 4, 25).
cost(15, 5, 12).
cost(15, 6, 71).
cost(15, 7, 41).
cost(15, 8, 77).
cost(15, 9, 67).
cost(15, 10, 92).
cost(15, 11, 7).
cost(15, 12, 99).
cost(15, 13, 67).
cost(15, 14, 21).
cost(15, 16, 78).
cost(15, 17, 73).
cost(15, 18, 33).
cost(15, 19, 4).
cost(15, 20, 29).
cost(16, 1, 28).
cost(16, 2, 18).
cost(16, 3, 70).
cost(16, 4, 56).
cost(16, 5, 75).
cost(16, 6, 35).
cost(16, 7, 56).
cost(16, 8, 29).
cost(16, 9, 39).
cost(16, 10, 18).
cost(16, 11, 72).
cost(16, 12, 31).
cost(16, 13, 56).
cost(16, 14, 62).
cost(16, 15, 78).
cost(16, 17, 34).
cost(16, 18, 47).
cost(16, 19, 75).
cost(16, 20, 49).
cost(17, 1, 19).
cost(17, 2, 19).
cost(17, 3, 74).
cost(17, 4, 48).
cost(17, 5, 76).
cost(17, 6, 3).
cost(17, 7, 71).
cost(17, 8, 7).
cost(17, 9, 8).
cost(17, 10, 32).
cost(17, 11, 70).
cost(17, 12, 31).
cost(17, 13, 24).
cost(17, 14, 65).
cost(17, 15, 73).
cost(17, 16, 34).
cost(17, 18, 53).
cost(17, 19, 70).
cost(17, 20, 47).
cost(18, 1, 64).
cost(18, 2, 40).
cost(18, 3, 23).
cost(18, 4, 23).
cost(18, 5, 28).
cost(18, 6, 51).
cost(18, 7, 20).
cost(18, 8, 55).
cost(18, 9, 50).
cost(18, 10, 63).
cost(18, 11, 27).
cost(18, 12, 73).
cost(18, 13, 59).
cost(18, 14, 15).
cost(18, 15, 33).
cost(18, 16, 47).
cost(18, 17, 53).
cost(18, 19, 32).
cost(18, 20, 13).
cost(19, 1, 85).
cost(19, 2, 63).
cost(19, 3, 22).
cost(19, 4, 22).
cost(19, 5, 14).
cost(19, 6, 67).
cost(19, 7, 42).
cost(19, 8, 74).
cost(19, 9, 63).
cost(19, 10, 89).
cost(19, 11, 7).
cost(19, 12, 96).
cost(19, 13, 63).
cost(19, 14, 21).
cost(19, 15, 4).
cost(19, 16, 75).
cost(19, 17, 70).
cost(19, 18, 32).
cost(19, 20, 26).
cost(20, 1, 61).
cost(20, 2, 37).
cost(20, 3, 27).
cost(20, 4, 11).
cost(20, 5, 29).
cost(20, 6, 45).
cost(20, 7, 32).
cost(20, 8, 50).
cost(20, 9, 42).
cost(20, 10, 63).
cost(20, 11, 24).
cost(20, 12, 71).
cost(20, 13, 48).
cost(20, 14, 19).
cost(20, 15, 29).
cost(20, 16, 49).
cost(20, 17, 47).
cost(20, 18, 13).
cost(20, 19, 26).
nocross(1,2).
nocross(1,6).
nocross(1,8).
nocross(1,9).
nocross(1,10).
nocross(1,12).
nocross(1,13).
nocross(1,16).
nocross(1,17).
nocross(2,1).
nocross(2,6).
nocross(2,8).
nocross(2,9).
nocross(2,12).
nocross(2,16).
nocross(2,18).
nocross(2,20).
nocross(3,4).
nocross(3,5).
nocross(3,7).
nocross(3,11).
nocross(3,14).
nocross(3,15).
nocross(3,18).
nocross(3,19).
nocross(3,20).
nocross(4,3).
nocross(4,5).
nocross(4,6).
nocross(4,7).
nocross(4,11).
nocross(4,13).
nocross(4,14).
nocross(4,15).
nocross(4,17).
nocross(4,19).
nocross(4,20).
nocross(5,3).
nocross(5,4).
nocross(5,7).
nocross(5,11).
nocross(5,14).
nocross(5,15).
nocross(5,19).
nocross(5,20).
nocross(6,2).
nocross(6,8).
nocross(6,9).
nocross(6,13).
nocross(6,16).
nocross(6,17).
nocross(7,3).
nocross(7,4).
nocross(7,5).
nocross(7,6).
nocross(7,11).
nocross(7,14).
nocross(7,15).
nocross(7,18).
nocross(7,20).
nocross(8,1).
nocross(8,2).
nocross(8,6).
nocross(8,9).
nocross(8,10).
nocross(8,12).
nocross(8,13).
nocross(8,17).
nocross(9,1).
nocross(9,2).
nocross(9,4).
nocross(9,6).
nocross(9,8).
nocross(9,13).
nocross(9,17).
nocross(9,20).
nocross(10,1).
nocross(10,2).
nocross(10,6).
nocross(10,8).
nocross(10,12).
nocross(10,17).
nocross(11,3).
nocross(11,4).
nocross(11,14).
nocross(11,15).
nocross(11,19).
nocross(11,20).
nocross(12,1).
nocross(12,2).
nocross(12,8).
nocross(12,9).
nocross(12,10).
nocross(12,13).
nocross(12,16).
nocross(12,17).
nocross(13,4).
nocross(13,6).
nocross(13,8).
nocross(13,9).
nocross(13,17).
nocross(13,19).
nocross(14,3).
nocross(14,4).
nocross(14,5).
nocross(14,7).
nocross(14,11).
nocross(14,15).
nocross(14,18).
nocross(14,19).
nocross(14,20).
nocross(15,3).
nocross(15,4).
nocross(15,5).
nocross(15,11).
nocross(15,14).
nocross(15,19).
nocross(15,20).
nocross(16,1).
nocross(16,2).
nocross(16,6).
nocross(16,7).
nocross(16,8).
nocross(16,10).
nocross(16,17).
nocross(17,1).
nocross(17,2).
nocross(17,6).
nocross(17,8).
nocross(17,9).
nocross(17,10).
nocross(17,12).
nocross(17,13).
nocross(17,16).
nocross(18,3).
nocross(18,5).
nocross(18,6).
nocross(18,7).
nocross(18,11).
nocross(18,14).
nocross(18,15).
nocross(18,19).
nocross(18,20).
nocross(19,3).
nocross(19,4).
nocross(19,5).
nocross(19,11).
nocross(19,14).
nocross(19,15).
nocross(19,20).
nocross(20,3).
nocross(20,4).
nocross(20,6).
nocross(20,7).
nocross(20,9).
nocross(20,11).
nocross(20,14).
nocross(20,15).
nocross(20,17).
nocross(20,18).
nocross(20,19).
