dimension(20).
point(1, 57.9533257936, 81.8771512137).
point(2, 27.1881242172, 99.1454432369).
point(3, 24.1153320322, 34.1833646229).
point(4, 20.7450298033, 27.3328473491).
point(5, 69.7103501112, 81.8820621794).
point(6, 36.0794229815, 84.2292692168).
point(7, 47.2291343777, 26.6247820902).
point(8, 84.2698958195, 86.5100040207).
point(9, 61.4889074, 30.0476995699).
point(10, 10.209983428, 26.6569410963).
point(11, 67.7876385419, 74.5468576475).
point(12, 22.5730340571, 13.2035782129).
point(13, 29.2437119898, 91.4295045965).
point(14, 79.6698360241, 79.2100246223).
point(15, 32.0538003697, 33.5592139134).
point(16, 50.2475755489, 96.9290619955).
point(17, 65.5922734905, 28.2253934891).
point(18, 55.4013596423, 75.3948737111).
point(19, 64.9017054867, 23.2538572265).
point(20, 52.7868054639, 2.7146355911).
cost(1, 2, 35).
cost(1, 3, 58).
cost(1, 4, 66).
cost(1, 5, 12).
cost(1, 6, 22).
cost(1, 7, 56).
cost(1, 8, 27).
cost(1, 9, 52).
cost(1, 10, 73).
cost(1, 11, 12).
cost(1, 12, 77).
cost(1, 13, 30).
cost(1, 14, 22).
cost(1, 15, 55).
cost(1, 16, 17).
cost(1, 17, 54).
cost(1, 18, 7).
cost(1, 19, 59).
cost(1, 20, 79).
cost(2, 1, 35).
cost(2, 3, 65).
cost(2, 4, 72).
cost(2, 5, 46).
cost(2, 6, 17).
cost(2, 7, 75).
cost(2, 8, 58).
cost(2, 9, 77).
cost(2, 10, 74).
cost(2, 11, 47).
cost(2, 12, 86).
cost(2, 13, 8).
cost(2, 14, 56).
cost(2, 15, 66).
cost(2, 16, 23).
cost(2, 17, 81).
cost(2, 18, 37).
cost(2, 19, 85).
cost(2, 20, 100).
cost(3, 1, 58).
cost(3, 2, 65).
cost(3, 4, 8).
cost(3, 5, 66).
cost(3, 6, 51).
cost(3, 7, 24).
cost(3, 8, 80).
cost(3, 9, 38).
cost(3, 10, 16).
cost(3, 11, 59).
cost(3, 12, 21).
cost(3, 13, 57).
cost(3, 14, 72).
cost(3, 15, 8).
cost(3, 16, 68).
cost(3, 17, 42).
cost(3, 18, 52).
cost(3, 19, 42).
cost(3, 20, 43).
cost(4, 1, 66).
cost(4, 2, 72).
cost(4, 3, 8).
cost(4, 5, 73).
cost(4, 6, 59).
cost(4, 7, 26).
cost(4, 8, 87).
cost(4, 9, 41).
cost(4, 10, 11).
cost(4, 11, 67).
cost(4, 12, 14).
cost(4, 13, 65).
cost(4, 14, 79).
cost(4, 15, 13).
cost(4, 16, 76).
cost(4, 17, 45).
cost(4, 18, 59).
cost(4, 19, 44).
cost(4, 20, 40).
cost(5, 1, 12).
cost(5, 2, 46).
cost(5, 3, 66).
cost(5, 4, 73).
cost(5, 6, 34).
cost(5, 7, 60).
cost(5, 8, 15).
cost(5, 9, 52).
cost(5, 10, 81).
cost(5, 11, 8).
cost(5, 12, 83).
cost(5, 13, 42).
cost(5, 14, 10).
cost(5, 15, 61).
cost(5, 16, 25).
cost(5, 17, 54).
cost(5, 18, 16).
cost(5, 19, 59).
cost(5, 20, 81).
cost(6, 1, 22).
cost(6, 2, 17).
cost(6, 3, 51).
cost(6, 4, 59).
cost(6, 5, 34).
cost(6, 7, 59).
cost(6, 8, 48).
cost(6, 9, 60).
cost(6, 10, 63).
cost(6, 11, 33).
cost(6, 12, 72).
cost(6, 13, 10).
cost(6, 14, 44).
cost(6, 15, 51).
cost(6, 16, 19).
cost(6, 17, 63).
cost(6, 18, 21).
cost(6, 19, 67).
cost(6, 20, 83).
cost(7, 1, 56).
cost(7, 2, 75).
cost(7, 3, 24).
cost(7, 4, 26).
cost(7, 5, 60).
cost(7, 6, 59).
cost(7, 8, 70).
cost(7, 9, 15).
cost(7, 10, 37).
cost(7, 11, 52).
cost(7, 12, 28).
cost(7, 13, 67).
cost(7, 14, 62).
cost(7, 15, 17).
cost(7, 16, 70).
cost(7, 17, 18).
cost(7, 18, 49).
cost(7, 19, 18).
cost(7, 20, 25).
cost(8, 1, 27).
cost(8, 2, 58).
cost(8, 3, 80).
cost(8, 4, 87).
cost(8, 5, 15).
cost(8, 6, 48).
cost(8, 7, 70).
cost(8, 9, 61).
cost(8, 10, 95).
cost(8, 11, 20).
cost(8, 12, 96).
cost(8, 13, 55).
cost(8, 14, 9).
cost(8, 15, 74).
cost(8, 16, 36).
cost(8, 17, 61).
cost(8, 18, 31).
cost(8, 19, 66).
cost(8, 20, 90).
cost(9, 1, 52).
cost(9, 2, 77).
cost(9, 3, 38).
cost(9, 4, 41).
cost(9, 5, 52).
cost(9, 6, 60).
cost(9, 7, 15).
cost(9, 8, 61).
cost(9, 10, 51).
cost(9, 11, 45).
cost(9, 12, 42).
cost(9, 13, 69).
cost(9, 14, 52).
cost(9, 15, 30).
cost(9, 16, 68).
cost(9, 17, 4).
cost(9, 18, 46).
cost(9, 19, 8).
cost(9, 20, 29).
cost(10, 1, 73).
cost(10, 2, 74).
cost(10, 3, 16).
cost(10, 4, 11).
cost(10, 5, 81).
cost(10, 6, 63).
cost(10, 7, 37).
cost(10, 8, 95).
cost(10, 9, 51).
cost(10, 11, 75).
cost(10, 12, 18).
cost(10, 13, 68).
cost(10, 14, 87).
cost(10, 15, 23).
cost(10, 16, 81).
cost(10, 17, 55).
cost(10, 18, 66).
cost(10, 19, 55).
cost(10, 20, 49).
cost(11, 1, 12).
cost(11, 2, 47).
cost(11, 3, 59).
cost(11, 4, 67).
cost(11, 5, 8).
cost(11, 6, 33).
cost(11, 7, 52).
cost(11, 8, 20).
cost(11, 9, 45).
cost(11, 10, 75).
cost(11, 12, 76).
cost(11, 13, 42).
cost(11, 14, 13).
cost(11, 15, 54).
cost(11, 16, 28).
cost(11, 17, 46).
cost(11, 18, 12).
cost(11, 19, 51).
cost(11, 20, 73).
cost(12, 1, 77).
cost(12, 2, 86).
cost(12, 3, 21).
cost(12, 4, 14).
cost(12, 5, 83).
cost(12, 6, 72).
cost(12, 7, 28).
cost(12, 8, 96).
cost(12, 9, 42).
cost(12, 10, 18).
cost(12, 11, 76).
cost(12, 13, 79).
cost(12, 14, 87).
cost(12, 15, 22).
cost(12, 16, 88).
cost(12, 17, 46).
cost(12, 18, 70).
cost(12, 19, 44).
cost(12, 20, 32).
cost(13, 1, 30).
cost(13, 2, 8).
cost(13, 3, 57).
cost(13, 4, 65).
cost(13, 5, 42).
cost(13, 6, 10).
cost(13, 7, 67).
cost(13, 8, 55).
cost(13, 9, 69).
cost(13, 10, 68).
cost(13, 11, 42).
cost(13, 12, 79).
cost(13, 14, 52).
cost(13, 15, 58).
cost(13, 16, 22).
cost(13, 17, 73).
cost(13, 18, 31).
cost(13, 19, 77).
cost(13, 20, 92).
cost(14, 1, 22).
cost(14, 2, 56).
cost(14, 3, 72).
cost(14, 4, 79).
cost(14, 5, 10).
cost(14, 6, 44).
cost(14, 7, 62).
cost(14, 8, 9).
cost(14, 9, 52).
cost(14, 10, 87).
cost(14, 11, 13).
cost(14, 12, 87).
cost(14, 13, 52).
cost(14, 15, 66).
cost(14, 16, 34).
cost(14, 17, 53).
cost(14, 18, 25).
cost(14, 19, 58).
cost(14, 20, 81).
cost(15, 1, 55).
cost(15, 2, 66).
cost(15, 3, 8).
cost(15, 4, 13).
cost(15, 5, 61).
cost(15, 6, 51).
cost(15, 7, 17).
cost(15, 8, 74).
cost(15, 9, 30).
cost(15, 10, 23).
cost(15, 11, 54).
cost(15, 12, 22).
cost(15, 13, 58).
cost(15, 14, 66).
cost(15, 16, 66).
cost(15, 17, 34).
cost(15, 18, 48).
cost(15, 19, 34).
cost(15, 20, 37).
cost(16, 1, 17).
cost(16, 2, 23).
cost(16, 3, 68).
cost(16, 4, 76).
cost(16, 5, 25).
cost(16, 6, 19).
cost(16, 7, 70).
cost(16, 8, 36).
cost(16, 9, 68).
cost(16, 10, 81).
cost(16, 11, 28).
cost(16, 12, 88).
cost(16, 13, 22).
cost(16, 14, 34).
cost(16, 15, 66).
cost(16, 17, 70).
cost(16, 18, 22).
cost(16, 19, 75).
cost(16, 20, 94).
cost(17, 1, 54).
cost(17, 2, 81).
cost(17, 3, 42).
cost(17, 4, 45).
cost(17, 5, 54).
cost(17, 6, 63).
cost(17, 7, 18).
cost(17, 8, 61).
cost(17, 9, 4).
cost(17, 10, 55).
cost(17, 11, 46).
cost(17, 12, 46).
cost(17, 13, 73).
cost(17, 14, 53).
cost(17, 15, 34).
cost(17, 16, 70).
cost(17, 18, 48).
cost(17, 19, 5).
cost(17, 20, 29).
cost(18, 1, 7).
cost(18, 2, 37).
cost(18, 3, 52).
cost(18, 4, 59).
cost(18, 5, 16).
cost(18, 6, 21).
cost(18, 7, 49).
cost(18, 8, 31).
cost(18, 9, 46).
cost(18, 10, 66).
cost(18, 11, 12).
cost(18, 12, 70).
cost(18, 13, 31).
cost(18, 14, 25).
cost(18, 15, 48).
cost(18, 16, 22).
cost(18, 17, 48).
cost(18, 19, 53).
cost(18, 20, 73).
cost(19, 1, 59).
cost(19, 2, 85).
cost(19, 3, 42).
cost(19, 4, 44).
cost(19, 5, 59).
cost(19, 6, 67).
cost(19, 7, 18).
cost(19, 8, 66).
cost(19, 9, 8).
cost(19, 10, 55).
cost(19, 11, 51).
cost(19, 12, 44).
cost(19, 13, 77).
cost(19, 14, 58).
cost(19, 15, 34).
cost(19, 16, 75).
cost(19, 17, 5).
cost(19, 18, 53).
cost(19, 20, 24).
cost(20, 1, 79).
cost(20, 2, 100).
cost(20, 3, 43).
cost(20, 4, 40).
cost(20, 5, 81).
cost(20, 6, 83).
cost(20, 7, 25).
cost(20, 8, 90).
cost(20, 9, 29).
cost(20, 10, 49).
cost(20, 11, 73).
cost(20, 12, 32).
cost(20, 13, 92).
cost(20, 14, 81).
cost(20, 15, 37).
cost(20, 16, 94).
cost(20, 17, 29).
cost(20, 18, 73).
cost(20, 19, 24).
nocross(1,2).
nocross(1,5).
nocross(1,6).
nocross(1,8).
nocross(1,11).
nocross(1,13).
nocross(1,14).
nocross(1,16).
nocross(1,18).
nocross(2,1).
nocross(2,6).
nocross(2,13).
nocross(2,16).
nocross(2,18).
nocross(3,4).
nocross(3,7).
nocross(3,9).
nocross(3,10).
nocross(3,12).
nocross(3,15).
nocross(4,3).
nocross(4,7).
nocross(4,9).
nocross(4,10).
nocross(4,12).
nocross(4,15).
nocross(4,20).
nocross(5,1).
nocross(5,6).
nocross(5,8).
nocross(5,9).
nocross(5,11).
nocross(5,13).
nocross(5,14).
nocross(5,16).
nocross(5,17).
nocross(5,18).
nocross(6,1).
nocross(6,2).
nocross(6,3).
nocross(6,5).
nocross(6,11).
nocross(6,13).
nocross(6,15).
nocross(6,16).
nocross(6,18).
nocross(7,3).
nocross(7,4).
nocross(7,9).
nocross(7,10).
nocross(7,12).
nocross(7,15).
nocross(7,17).
nocross(7,18).
nocross(7,19).
nocross(7,20).
nocross(8,1).
nocross(8,5).
nocross(8,11).
nocross(8,14).
nocross(8,16).
nocross(8,18).
nocross(9,1).
nocross(9,3).
nocross(9,7).
nocross(9,11).
nocross(9,14).
nocross(9,15).
nocross(9,17).
nocross(9,18).
nocross(9,19).
nocross(9,20).
nocross(10,3).
nocross(10,4).
nocross(10,7).
nocross(10,12).
nocross(10,15).
nocross(11,1).
nocross(11,5).
nocross(11,6).
nocross(11,8).
nocross(11,9).
nocross(11,14).
nocross(11,16).
nocross(11,17).
nocross(11,18).
nocross(11,19).
nocross(12,3).
nocross(12,4).
nocross(12,7).
nocross(12,9).
nocross(12,10).
nocross(12,15).
nocross(12,17).
nocross(12,19).
nocross(12,20).
nocross(13,1).
nocross(13,2).
nocross(13,3).
nocross(13,5).
nocross(13,6).
nocross(13,16).
nocross(13,18).
nocross(14,1).
nocross(14,5).
nocross(14,8).
nocross(14,9).
nocross(14,11).
nocross(14,16).
nocross(14,17).
nocross(14,18).
nocross(14,19).
nocross(15,3).
nocross(15,4).
nocross(15,7).
nocross(15,9).
nocross(15,10).
nocross(15,12).
nocross(15,17).
nocross(15,18).
nocross(15,19).
nocross(15,20).
nocross(16,1).
nocross(16,2).
nocross(16,5).
nocross(16,6).
nocross(16,8).
nocross(16,11).
nocross(16,13).
nocross(16,14).
nocross(16,18).
nocross(17,5).
nocross(17,7).
nocross(17,8).
nocross(17,9).
nocross(17,11).
nocross(17,14).
nocross(17,15).
nocross(17,18).
nocross(17,19).
nocross(17,20).
nocross(18,1).
nocross(18,2).
nocross(18,5).
nocross(18,6).
nocross(18,8).
nocross(18,9).
nocross(18,11).
nocross(18,13).
nocross(18,14).
nocross(18,15).
nocross(18,16).
nocross(18,17).
nocross(19,7).
nocross(19,9).
nocross(19,11).
nocross(19,15).
nocross(19,17).
nocross(19,20).
nocross(20,3).
nocross(20,4).
nocross(20,7).
nocross(20,9).
nocross(20,10).
nocross(20,12).
nocross(20,15).
nocross(20,17).
nocross(20,19).
