dimension(20).
point(1, 39.0577887532, 84.6008089316).
point(2, 30.5509499217, 64.4873587901).
point(3, 41.1477119949, 78.5700019975).
point(4, 66.5828268368, 29.4302942749).
point(5, 11.6229260437, 51.0561642869).
point(6, 25.6329723211, 71.300007945).
point(7, 26.1015351295, 82.7815904234).
point(8, 41.1033156336, 19.8082222085).
point(9, 61.0224471529, 56.8001414618).
point(10, 50.7663746059, 26.3082599643).
point(11, 62.7032620509, 38.5143606055).
point(12, 59.3836076247, 8.2365992199).
point(13, 35.5152981604, 15.3616319336).
point(14, 58.5834481313, 59.2018264072).
point(15, 44.5705883954, 32.2758505298).
point(16, 39.8786972533, 74.3478434473).
point(17, 10.7458492062, 74.9869671426).
point(18, 26.3373391334, 90.7555069708).
point(19, 36.5386377936, 69.3113389856).
point(20, 75.3291949656, 36.9030836161).
cost(1, 2, 22).
cost(1, 3, 6).
cost(1, 4, 62).
cost(1, 5, 43).
cost(1, 6, 19).
cost(1, 7, 13).
cost(1, 8, 65).
cost(1, 9, 35).
cost(1, 10, 59).
cost(1, 11, 52).
cost(1, 12, 79).
cost(1, 13, 69).
cost(1, 14, 32).
cost(1, 15, 53).
cost(1, 16, 10).
cost(1, 17, 30).
cost(1, 18, 14).
cost(1, 19, 15).
cost(1, 20, 60).
cost(2, 1, 22).
cost(2, 3, 18).
cost(2, 4, 50).
cost(2, 5, 23).
cost(2, 6, 8).
cost(2, 7, 19).
cost(2, 8, 46).
cost(2, 9, 31).
cost(2, 10, 43).
cost(2, 11, 41).
cost(2, 12, 63).
cost(2, 13, 49).
cost(2, 14, 29).
cost(2, 15, 35).
cost(2, 16, 14).
cost(2, 17, 22).
cost(2, 18, 27).
cost(2, 19, 8).
cost(2, 20, 53).
cost(3, 1, 6).
cost(3, 2, 18).
cost(3, 4, 55).
cost(3, 5, 40).
cost(3, 6, 17).
cost(3, 7, 16).
cost(3, 8, 59).
cost(3, 9, 29).
cost(3, 10, 53).
cost(3, 11, 45).
cost(3, 12, 73).
cost(3, 13, 63).
cost(3, 14, 26).
cost(3, 15, 46).
cost(3, 16, 4).
cost(3, 17, 31).
cost(3, 18, 19).
cost(3, 19, 10).
cost(3, 20, 54).
cost(4, 1, 62).
cost(4, 2, 50).
cost(4, 3, 55).
cost(4, 5, 59).
cost(4, 6, 59).
cost(4, 7, 67).
cost(4, 8, 27).
cost(4, 9, 28).
cost(4, 10, 16).
cost(4, 11, 10).
cost(4, 12, 22).
cost(4, 13, 34).
cost(4, 14, 31).
cost(4, 15, 22).
cost(4, 16, 52).
cost(4, 17, 72).
cost(4, 18, 73).
cost(4, 19, 50).
cost(4, 20, 12).
cost(5, 1, 43).
cost(5, 2, 23).
cost(5, 3, 40).
cost(5, 4, 59).
cost(5, 6, 25).
cost(5, 7, 35).
cost(5, 8, 43).
cost(5, 9, 50).
cost(5, 10, 46).
cost(5, 11, 53).
cost(5, 12, 64).
cost(5, 13, 43).
cost(5, 14, 48).
cost(5, 15, 38).
cost(5, 16, 37).
cost(5, 17, 24).
cost(5, 18, 42).
cost(5, 19, 31).
cost(5, 20, 65).
cost(6, 1, 19).
cost(6, 2, 8).
cost(6, 3, 17).
cost(6, 4, 59).
cost(6, 5, 25).
cost(6, 7, 11).
cost(6, 8, 54).
cost(6, 9, 38).
cost(6, 10, 52).
cost(6, 11, 49).
cost(6, 12, 72).
cost(6, 13, 57).
cost(6, 14, 35).
cost(6, 15, 43).
cost(6, 16, 15).
cost(6, 17, 15).
cost(6, 18, 19).
cost(6, 19, 11).
cost(6, 20, 60).
cost(7, 1, 13).
cost(7, 2, 19).
cost(7, 3, 16).
cost(7, 4, 67).
cost(7, 5, 35).
cost(7, 6, 11).
cost(7, 8, 65).
cost(7, 9, 44).
cost(7, 10, 62).
cost(7, 11, 57).
cost(7, 12, 82).
cost(7, 13, 68).
cost(7, 14, 40).
cost(7, 15, 54).
cost(7, 16, 16).
cost(7, 17, 17).
cost(7, 18, 8).
cost(7, 19, 17).
cost(7, 20, 67).
cost(8, 1, 65).
cost(8, 2, 46).
cost(8, 3, 59).
cost(8, 4, 27).
cost(8, 5, 43).
cost(8, 6, 54).
cost(8, 7, 65).
cost(8, 9, 42).
cost(8, 10, 12).
cost(8, 11, 29).
cost(8, 12, 22).
cost(8, 13, 7).
cost(8, 14, 43).
cost(8, 15, 13).
cost(8, 16, 55).
cost(8, 17, 63).
cost(8, 18, 72).
cost(8, 19, 50).
cost(8, 20, 38).
cost(9, 1, 35).
cost(9, 2, 31).
cost(9, 3, 29).
cost(9, 4, 28).
cost(9, 5, 50).
cost(9, 6, 38).
cost(9, 7, 44).
cost(9, 8, 42).
cost(9, 10, 32).
cost(9, 11, 18).
cost(9, 12, 49).
cost(9, 13, 49).
cost(9, 14, 3).
cost(9, 15, 30).
cost(9, 16, 27).
cost(9, 17, 53).
cost(9, 18, 49).
cost(9, 19, 27).
cost(9, 20, 25).
cost(10, 1, 59).
cost(10, 2, 43).
cost(10, 3, 53).
cost(10, 4, 16).
cost(10, 5, 46).
cost(10, 6, 52).
cost(10, 7, 62).
cost(10, 8, 12).
cost(10, 9, 32).
cost(10, 11, 17).
cost(10, 12, 20).
cost(10, 13, 19).
cost(10, 14, 34).
cost(10, 15, 9).
cost(10, 16, 49).
cost(10, 17, 63).
cost(10, 18, 69).
cost(10, 19, 45).
cost(10, 20, 27).
cost(11, 1, 52).
cost(11, 2, 41).
cost(11, 3, 45).
cost(11, 4, 10).
cost(11, 5, 53).
cost(11, 6, 49).
cost(11, 7, 57).
cost(11, 8, 29).
cost(11, 9, 18).
cost(11, 10, 17).
cost(11, 12, 30).
cost(11, 13, 36).
cost(11, 14, 21).
cost(11, 15, 19).
cost(11, 16, 42).
cost(11, 17, 63).
cost(11, 18, 64).
cost(11, 19, 40).
cost(11, 20, 13).
cost(12, 1, 79).
cost(12, 2, 63).
cost(12, 3, 73).
cost(12, 4, 22).
cost(12, 5, 64).
cost(12, 6, 72).
cost(12, 7, 82).
cost(12, 8, 22).
cost(12, 9, 49).
cost(12, 10, 20).
cost(12, 11, 30).
cost(12, 13, 25).
cost(12, 14, 51).
cost(12, 15, 28).
cost(12, 16, 69).
cost(12, 17, 83).
cost(12, 18, 89).
cost(12, 19, 65).
cost(12, 20, 33).
cost(13, 1, 69).
cost(13, 2, 49).
cost(13, 3, 63).
cost(13, 4, 34).
cost(13, 5, 43).
cost(13, 6, 57).
cost(13, 7, 68).
cost(13, 8, 7).
cost(13, 9, 49).
cost(13, 10, 19).
cost(13, 11, 36).
cost(13, 12, 25).
cost(13, 14, 50).
cost(13, 15, 19).
cost(13, 16, 59).
cost(13, 17, 65).
cost(13, 18, 76).
cost(13, 19, 54).
cost(13, 20, 45).
cost(14, 1, 32).
cost(14, 2, 29).
cost(14, 3, 26).
cost(14, 4, 31).
cost(14, 5, 48).
cost(14, 6, 35).
cost(14, 7, 40).
cost(14, 8, 43).
cost(14, 9, 3).
cost(14, 10, 34).
cost(14, 11, 21).
cost(14, 12, 51).
cost(14, 13, 50).
cost(14, 15, 30).
cost(14, 16, 24).
cost(14, 17, 50).
cost(14, 18, 45).
cost(14, 19, 24).
cost(14, 20, 28).
cost(15, 1, 53).
cost(15, 2, 35).
cost(15, 3, 46).
cost(15, 4, 22).
cost(15, 5, 38).
cost(15, 6, 43).
cost(15, 7, 54).
cost(15, 8, 13).
cost(15, 9, 30).
cost(15, 10, 9).
cost(15, 11, 19).
cost(15, 12, 28).
cost(15, 13, 19).
cost(15, 14, 30).
cost(15, 16, 42).
cost(15, 17, 54).
cost(15, 18, 61).
cost(15, 19, 38).
cost(15, 20, 31).
cost(16, 1, 10).
cost(16, 2, 14).
cost(16, 3, 4).
cost(16, 4, 52).
cost(16, 5, 37).
cost(16, 6, 15).
cost(16, 7, 16).
cost(16, 8, 55).
cost(16, 9, 27).
cost(16, 10, 49).
cost(16, 11, 42).
cost(16, 12, 69).
cost(16, 13, 59).
cost(16, 14, 24).
cost(16, 15, 42).
cost(16, 17, 29).
cost(16, 18, 21).
cost(16, 19, 6).
cost(16, 20, 52).
cost(17, 1, 30).
cost(17, 2, 22).
cost(17, 3, 31).
cost(17, 4, 72).
cost(17, 5, 24).
cost(17, 6, 15).
cost(17, 7, 17).
cost(17, 8, 63).
cost(17, 9, 53).
cost(17, 10, 63).
cost(17, 11, 63).
cost(17, 12, 83).
cost(17, 13, 65).
cost(17, 14, 50).
cost(17, 15, 54).
cost(17, 16, 29).
cost(17, 18, 22).
cost(17, 19, 26).
cost(17, 20, 75).
cost(18, 1, 14).
cost(18, 2, 27).
cost(18, 3, 19).
cost(18, 4, 73).
cost(18, 5, 42).
cost(18, 6, 19).
cost(18, 7, 8).
cost(18, 8, 72).
cost(18, 9, 49).
cost(18, 10, 69).
cost(18, 11, 64).
cost(18, 12, 89).
cost(18, 13, 76).
cost(18, 14, 45).
cost(18, 15, 61).
cost(18, 16, 21).
cost(18, 17, 22).
cost(18, 19, 24).
cost(18, 20, 73).
cost(19, 1, 15).
cost(19, 2, 8).
cost(19, 3, 10).
cost(19, 4, 50).
cost(19, 5, 31).
cost(19, 6, 11).
cost(19, 7, 17).
cost(19, 8, 50).
cost(19, 9, 27).
cost(19, 10, 45).
cost(19, 11, 40).
cost(19, 12, 65).
cost(19, 13, 54).
cost(19, 14, 24).
cost(19, 15, 38).
cost(19, 16, 6).
cost(19, 17, 26).
cost(19, 18, 24).
cost(19, 20, 51).
cost(20, 1, 60).
cost(20, 2, 53).
cost(20, 3, 54).
cost(20, 4, 12).
cost(20, 5, 65).
cost(20, 6, 60).
cost(20, 7, 67).
cost(20, 8, 38).
cost(20, 9, 25).
cost(20, 10, 27).
cost(20, 11, 13).
cost(20, 12, 33).
cost(20, 13, 45).
cost(20, 14, 28).
cost(20, 15, 31).
cost(20, 16, 52).
cost(20, 17, 75).
cost(20, 18, 73).
cost(20, 19, 51).
nocross(1,2).
nocross(1,3).
nocross(1,6).
nocross(1,7).
nocross(1,14).
nocross(1,16).
nocross(1,18).
nocross(1,19).
nocross(2,1).
nocross(2,3).
nocross(2,6).
nocross(2,7).
nocross(2,9).
nocross(2,14).
nocross(2,16).
nocross(2,19).
nocross(3,1).
nocross(3,2).
nocross(3,6).
nocross(3,7).
nocross(3,9).
nocross(3,14).
nocross(3,16).
nocross(3,19).
nocross(4,8).
nocross(4,9).
nocross(4,10).
nocross(4,11).
nocross(4,12).
nocross(4,13).
nocross(4,14).
nocross(4,20).
nocross(5,1).
nocross(5,2).
nocross(5,3).
nocross(5,6).
nocross(5,7).
nocross(5,13).
nocross(5,14).
nocross(5,16).
nocross(5,17).
nocross(5,19).
nocross(6,1).
nocross(6,2).
nocross(6,3).
nocross(6,7).
nocross(6,16).
nocross(6,17).
nocross(6,18).
nocross(6,19).
nocross(7,1).
nocross(7,2).
nocross(7,3).
nocross(7,6).
nocross(7,16).
nocross(7,17).
nocross(7,19).
nocross(8,10).
nocross(8,11).
nocross(8,13).
nocross(8,15).
nocross(9,2).
nocross(9,3).
nocross(9,10).
nocross(9,11).
nocross(9,14).
nocross(9,15).
nocross(9,16).
nocross(9,19).
nocross(10,4).
nocross(10,8).
nocross(10,9).
nocross(10,12).
nocross(10,13).
nocross(10,14).
nocross(10,15).
nocross(11,4).
nocross(11,8).
nocross(11,9).
nocross(11,10).
nocross(11,14).
nocross(11,15).
nocross(11,20).
nocross(12,4).
nocross(12,8).
nocross(12,9).
nocross(12,10).
nocross(12,11).
nocross(12,13).
nocross(12,14).
nocross(12,15).
nocross(13,8).
nocross(13,9).
nocross(13,10).
nocross(13,12).
nocross(13,14).
nocross(13,15).
nocross(14,1).
nocross(14,2).
nocross(14,3).
nocross(14,4).
nocross(14,9).
nocross(14,10).
nocross(14,15).
nocross(14,16).
nocross(14,19).
nocross(15,2).
nocross(15,8).
nocross(15,9).
nocross(15,10).
nocross(15,11).
nocross(15,14).
nocross(15,16).
nocross(15,19).
nocross(16,1).
nocross(16,2).
nocross(16,3).
nocross(16,6).
nocross(16,7).
nocross(16,9).
nocross(16,14).
nocross(16,18).
nocross(16,19).
nocross(17,1).
nocross(17,2).
nocross(17,3).
nocross(17,5).
nocross(17,6).
nocross(17,7).
nocross(17,16).
nocross(17,18).
nocross(17,19).
nocross(18,1).
nocross(18,2).
nocross(18,3).
nocross(18,6).
nocross(18,16).
nocross(18,17).
nocross(18,19).
nocross(19,1).
nocross(19,2).
nocross(19,3).
nocross(19,6).
nocross(19,7).
nocross(19,9).
nocross(19,14).
nocross(19,16).
nocross(19,18).
nocross(20,4).
nocross(20,8).
nocross(20,9).
nocross(20,10).
nocross(20,11).
nocross(20,12).
nocross(20,14).
nocross(20,15).
