dimension(20).
point(1, 17.2206694451, 26.4336887664).
point(2, 90.3428991431, 76.5393035698).
point(3, 96.8957334983, 38.9277941579).
point(4, 60.5155422524, 70.2238769879).
point(5, 24.89738904, 20.8781629151).
point(6, 14.4934134164, 30.8764731217).
point(7, 26.7268125854, 45.168005432).
point(8, 55.0227044246, 15.5747562025).
point(9, 16.9633311668, 42.5802908005).
point(10, 18.8331698602, 54.7928568457).
point(11, 37.5210787901, 28.9848143999).
point(12, 88.5563038445, 86.0847660241).
point(13, 63.5988421255, 84.3655824774).
point(14, 66.393709342, 77.7904404554).
point(15, 29.2966931514, 56.9920710781).
point(16, 69.5842334772, 95.9410018027).
point(17, 69.6728347498, 69.1240843187).
point(18, 74.6034185596, 79.3067012491).
point(19, 81.342478952, 51.244707094).
point(20, 14.7490302264, 38.9701815417).
cost(1, 2, 89).
cost(1, 3, 81).
cost(1, 4, 62).
cost(1, 5, 9).
cost(1, 6, 5).
cost(1, 7, 21).
cost(1, 8, 39).
cost(1, 9, 16).
cost(1, 10, 28).
cost(1, 11, 20).
cost(1, 12, 93).
cost(1, 13, 74).
cost(1, 14, 71).
cost(1, 15, 33).
cost(1, 16, 87).
cost(1, 17, 68).
cost(1, 18, 78).
cost(1, 19, 69).
cost(1, 20, 13).
cost(2, 1, 89).
cost(2, 3, 38).
cost(2, 4, 30).
cost(2, 5, 86).
cost(2, 6, 89).
cost(2, 7, 71).
cost(2, 8, 70).
cost(2, 9, 81).
cost(2, 10, 75).
cost(2, 11, 71).
cost(2, 12, 10).
cost(2, 13, 28).
cost(2, 14, 24).
cost(2, 15, 64).
cost(2, 16, 28).
cost(2, 17, 22).
cost(2, 18, 16).
cost(2, 19, 27).
cost(2, 20, 84).
cost(3, 1, 81).
cost(3, 2, 38).
cost(3, 4, 48).
cost(3, 5, 74).
cost(3, 6, 83).
cost(3, 7, 70).
cost(3, 8, 48).
cost(3, 9, 80).
cost(3, 10, 80).
cost(3, 11, 60).
cost(3, 12, 48).
cost(3, 13, 56).
cost(3, 14, 49).
cost(3, 15, 70).
cost(3, 16, 63).
cost(3, 17, 41).
cost(3, 18, 46).
cost(3, 19, 20).
cost(3, 20, 82).
cost(4, 1, 62).
cost(4, 2, 30).
cost(4, 3, 48).
cost(4, 5, 61).
cost(4, 6, 61).
cost(4, 7, 42).
cost(4, 8, 55).
cost(4, 9, 52).
cost(4, 10, 44).
cost(4, 11, 47).
cost(4, 12, 32).
cost(4, 13, 14).
cost(4, 14, 10).
cost(4, 15, 34).
cost(4, 16, 27).
cost(4, 17, 9).
cost(4, 18, 17).
cost(4, 19, 28).
cost(4, 20, 55).
cost(5, 1, 9).
cost(5, 2, 86).
cost(5, 3, 74).
cost(5, 4, 61).
cost(5, 6, 14).
cost(5, 7, 24).
cost(5, 8, 31).
cost(5, 9, 23).
cost(5, 10, 34).
cost(5, 11, 15).
cost(5, 12, 91).
cost(5, 13, 74).
cost(5, 14, 70).
cost(5, 15, 36).
cost(5, 16, 87).
cost(5, 17, 66).
cost(5, 18, 77).
cost(5, 19, 64).
cost(5, 20, 21).
cost(6, 1, 5).
cost(6, 2, 89).
cost(6, 3, 83).
cost(6, 4, 61).
cost(6, 5, 14).
cost(6, 7, 19).
cost(6, 8, 43).
cost(6, 9, 12).
cost(6, 10, 24).
cost(6, 11, 23).
cost(6, 12, 92).
cost(6, 13, 73).
cost(6, 14, 70).
cost(6, 15, 30).
cost(6, 16, 85).
cost(6, 17, 67).
cost(6, 18, 77).
cost(6, 19, 70).
cost(6, 20, 8).
cost(7, 1, 21).
cost(7, 2, 71).
cost(7, 3, 70).
cost(7, 4, 42).
cost(7, 5, 24).
cost(7, 6, 19).
cost(7, 8, 41).
cost(7, 9, 10).
cost(7, 10, 12).
cost(7, 11, 19).
cost(7, 12, 74).
cost(7, 13, 54).
cost(7, 14, 51).
cost(7, 15, 12).
cost(7, 16, 66).
cost(7, 17, 49).
cost(7, 18, 59).
cost(7, 19, 55).
cost(7, 20, 13).
cost(8, 1, 39).
cost(8, 2, 70).
cost(8, 3, 48).
cost(8, 4, 55).
cost(8, 5, 31).
cost(8, 6, 43).
cost(8, 7, 41).
cost(8, 9, 47).
cost(8, 10, 53).
cost(8, 11, 22).
cost(8, 12, 78).
cost(8, 13, 69).
cost(8, 14, 63).
cost(8, 15, 49).
cost(8, 16, 82).
cost(8, 17, 56).
cost(8, 18, 67).
cost(8, 19, 44).
cost(8, 20, 47).
cost(9, 1, 16).
cost(9, 2, 81).
cost(9, 3, 80).
cost(9, 4, 52).
cost(9, 5, 23).
cost(9, 6, 12).
cost(9, 7, 10).
cost(9, 8, 47).
cost(9, 10, 12).
cost(9, 11, 25).
cost(9, 12, 84).
cost(9, 13, 63).
cost(9, 14, 61).
cost(9, 15, 19).
cost(9, 16, 75).
cost(9, 17, 59).
cost(9, 18, 68).
cost(9, 19, 65).
cost(9, 20, 4).
cost(10, 1, 28).
cost(10, 2, 75).
cost(10, 3, 80).
cost(10, 4, 44).
cost(10, 5, 34).
cost(10, 6, 24).
cost(10, 7, 12).
cost(10, 8, 53).
cost(10, 9, 12).
cost(10, 11, 32).
cost(10, 12, 76).
cost(10, 13, 54).
cost(10, 14, 53).
cost(10, 15, 11).
cost(10, 16, 65).
cost(10, 17, 53).
cost(10, 18, 61).
cost(10, 19, 63).
cost(10, 20, 16).
cost(11, 1, 20).
cost(11, 2, 71).
cost(11, 3, 60).
cost(11, 4, 47).
cost(11, 5, 15).
cost(11, 6, 23).
cost(11, 7, 19).
cost(11, 8, 22).
cost(11, 9, 25).
cost(11, 10, 32).
cost(11, 12, 77).
cost(11, 13, 61).
cost(11, 14, 57).
cost(11, 15, 29).
cost(11, 16, 74).
cost(11, 17, 51).
cost(11, 18, 63).
cost(11, 19, 49).
cost(11, 20, 25).
cost(12, 1, 93).
cost(12, 2, 10).
cost(12, 3, 48).
cost(12, 4, 32).
cost(12, 5, 91).
cost(12, 6, 92).
cost(12, 7, 74).
cost(12, 8, 78).
cost(12, 9, 84).
cost(12, 10, 76).
cost(12, 11, 77).
cost(12, 13, 25).
cost(12, 14, 24).
cost(12, 15, 66).
cost(12, 16, 21).
cost(12, 17, 25).
cost(12, 18, 16).
cost(12, 19, 36).
cost(12, 20, 88).
cost(13, 1, 74).
cost(13, 2, 28).
cost(13, 3, 56).
cost(13, 4, 14).
cost(13, 5, 74).
cost(13, 6, 73).
cost(13, 7, 54).
cost(13, 8, 69).
cost(13, 9, 63).
cost(13, 10, 54).
cost(13, 11, 61).
cost(13, 12, 25).
cost(13, 14, 7).
cost(13, 15, 44).
cost(13, 16, 13).
cost(13, 17, 16).
cost(13, 18, 12).
cost(13, 19, 38).
cost(13, 20, 67).
cost(14, 1, 71).
cost(14, 2, 24).
cost(14, 3, 49).
cost(14, 4, 10).
cost(14, 5, 70).
cost(14, 6, 70).
cost(14, 7, 51).
cost(14, 8, 63).
cost(14, 9, 61).
cost(14, 10, 53).
cost(14, 11, 57).
cost(14, 12, 24).
cost(14, 13, 7).
cost(14, 15, 43).
cost(14, 16, 18).
cost(14, 17, 9).
cost(14, 18, 8).
cost(14, 19, 30).
cost(14, 20, 65).
cost(15, 1, 33).
cost(15, 2, 64).
cost(15, 3, 70).
cost(15, 4, 34).
cost(15, 5, 36).
cost(15, 6, 30).
cost(15, 7, 12).
cost(15, 8, 49).
cost(15, 9, 19).
cost(15, 10, 11).
cost(15, 11, 29).
cost(15, 12, 66).
cost(15, 13, 44).
cost(15, 14, 43).
cost(15, 16, 56).
cost(15, 17, 42).
cost(15, 18, 51).
cost(15, 19, 52).
cost(15, 20, 23).
cost(16, 1, 87).
cost(16, 2, 28).
cost(16, 3, 63).
cost(16, 4, 27).
cost(16, 5, 87).
cost(16, 6, 85).
cost(16, 7, 66).
cost(16, 8, 82).
cost(16, 9, 75).
cost(16, 10, 65).
cost(16, 11, 74).
cost(16, 12, 21).
cost(16, 13, 13).
cost(16, 14, 18).
cost(16, 15, 56).
cost(16, 17, 27).
cost(16, 18, 17).
cost(16, 19, 46).
cost(16, 20, 79).
cost(17, 1, 68).
cost(17, 2, 22).
cost(17, 3, 41).
cost(17, 4, 9).
cost(17, 5, 66).
cost(17, 6, 67).
cost(17, 7, 49).
cost(17, 8, 56).
cost(17, 9, 59).
cost(17, 10, 53).
cost(17, 11, 51).
cost(17, 12, 25).
cost(17, 13, 16).
cost(17, 14, 9).
cost(17, 15, 42).
cost(17, 16, 27).
cost(17, 18, 11).
cost(17, 19, 21).
cost(17, 20, 63).
cost(18, 1, 78).
cost(18, 2, 16).
cost(18, 3, 46).
cost(18, 4, 17).
cost(18, 5, 77).
cost(18, 6, 77).
cost(18, 7, 59).
cost(18, 8, 67).
cost(18, 9, 68).
cost(18, 10, 61).
cost(18, 11, 63).
cost(18, 12, 16).
cost(18, 13, 12).
cost(18, 14, 8).
cost(18, 15, 51).
cost(18, 16, 17).
cost(18, 17, 11).
cost(18, 19, 29).
cost(18, 20, 72).
cost(19, 1, 69).
cost(19, 2, 27).
cost(19, 3, 20).
cost(19, 4, 28).
cost(19, 5, 64).
cost(19, 6, 70).
cost(19, 7, 55).
cost(19, 8, 44).
cost(19, 9, 65).
cost(19, 10, 63).
cost(19, 11, 49).
cost(19, 12, 36).
cost(19, 13, 38).
cost(19, 14, 30).
cost(19, 15, 52).
cost(19, 16, 46).
cost(19, 17, 21).
cost(19, 18, 29).
cost(19, 20, 68).
cost(20, 1, 13).
cost(20, 2, 84).
cost(20, 3, 82).
cost(20, 4, 55).
cost(20, 5, 21).
cost(20, 6, 8).
cost(20, 7, 13).
cost(20, 8, 47).
cost(20, 9, 4).
cost(20, 10, 16).
cost(20, 11, 25).
cost(20, 12, 88).
cost(20, 13, 67).
cost(20, 14, 65).
cost(20, 15, 23).
cost(20, 16, 79).
cost(20, 17, 63).
cost(20, 18, 72).
cost(20, 19, 68).
nocross(1,5).
nocross(1,6).
nocross(1,7).
nocross(1,8).
nocross(1,9).
nocross(1,10).
nocross(1,11).
nocross(1,15).
nocross(1,20).
nocross(2,3).
nocross(2,4).
nocross(2,12).
nocross(2,13).
nocross(2,14).
nocross(2,16).
nocross(2,17).
nocross(2,18).
nocross(2,19).
nocross(3,2).
nocross(3,8).
nocross(3,12).
nocross(3,17).
nocross(3,19).
nocross(4,2).
nocross(4,12).
nocross(4,13).
nocross(4,14).
nocross(4,15).
nocross(4,16).
nocross(4,17).
nocross(4,18).
nocross(4,19).
nocross(5,1).
nocross(5,6).
nocross(5,7).
nocross(5,8).
nocross(5,9).
nocross(5,11).
nocross(5,15).
nocross(5,20).
nocross(6,1).
nocross(6,5).
nocross(6,7).
nocross(6,9).
nocross(6,10).
nocross(6,11).
nocross(6,15).
nocross(6,20).
nocross(7,1).
nocross(7,5).
nocross(7,6).
nocross(7,9).
nocross(7,10).
nocross(7,11).
nocross(7,15).
nocross(7,20).
nocross(8,1).
nocross(8,3).
nocross(8,5).
nocross(8,6).
nocross(8,7).
nocross(8,11).
nocross(8,19).
nocross(9,1).
nocross(9,5).
nocross(9,6).
nocross(9,7).
nocross(9,10).
nocross(9,11).
nocross(9,15).
nocross(9,20).
nocross(10,1).
nocross(10,6).
nocross(10,7).
nocross(10,9).
nocross(10,11).
nocross(10,15).
nocross(10,20).
nocross(11,1).
nocross(11,5).
nocross(11,6).
nocross(11,7).
nocross(11,8).
nocross(11,9).
nocross(11,10).
nocross(11,15).
nocross(11,20).
nocross(12,2).
nocross(12,4).
nocross(12,13).
nocross(12,14).
nocross(12,16).
nocross(12,17).
nocross(12,18).
nocross(12,19).
nocross(13,2).
nocross(13,4).
nocross(13,12).
nocross(13,14).
nocross(13,16).
nocross(13,17).
nocross(13,18).
nocross(14,2).
nocross(14,4).
nocross(14,12).
nocross(14,13).
nocross(14,16).
nocross(14,17).
nocross(14,18).
nocross(15,1).
nocross(15,4).
nocross(15,6).
nocross(15,7).
nocross(15,9).
nocross(15,10).
nocross(15,11).
nocross(15,14).
nocross(15,20).
nocross(16,2).
nocross(16,4).
nocross(16,12).
nocross(16,13).
nocross(16,14).
nocross(16,17).
nocross(16,18).
nocross(17,2).
nocross(17,3).
nocross(17,4).
nocross(17,12).
nocross(17,13).
nocross(17,14).
nocross(17,16).
nocross(17,18).
nocross(17,19).
nocross(18,2).
nocross(18,4).
nocross(18,12).
nocross(18,13).
nocross(18,14).
nocross(18,16).
nocross(18,17).
nocross(18,19).
nocross(19,2).
nocross(19,3).
nocross(19,4).
nocross(19,8).
nocross(19,11).
nocross(19,12).
nocross(19,13).
nocross(19,14).
nocross(19,17).
nocross(19,18).
nocross(20,1).
nocross(20,5).
nocross(20,6).
nocross(20,7).
nocross(20,9).
nocross(20,10).
nocross(20,11).
nocross(20,15).
