dimension(20).
point(1, 34.2974742569, 75.8863197169).
point(2, 65.0186542667, 65.4486147024).
point(3, 81.4729577201, 28.447729242).
point(4, 24.5127141965, 18.5903841495).
point(5, 12.9463441131, 11.4602836922).
point(6, 64.2683764071, 51.2799858371).
point(7, 52.5982063704, 46.5839528162).
point(8, 74.257906334, 82.536825982).
point(9, 55.3875376749, 10.2634264758).
point(10, 8.0190351017, 62.2100024301).
point(11, 18.9703407017, 30.8881251916).
point(12, 33.0890587845, 5.8810227294).
point(13, 26.3532859356, 24.4773516132).
point(14, 39.47455962, 2.3135144748).
point(15, 23.371141987, 1.3161223742).
point(16, 10.5177002545, 32.5245623216).
point(17, 48.8346095582, 58.328239174).
point(18, 84.5089251437, 62.961038301).
point(19, 57.403737755, 44.4595630606).
point(20, 72.4809189263, 48.4544323946).
cost(1, 2, 32).
cost(1, 3, 67).
cost(1, 4, 58).
cost(1, 5, 68).
cost(1, 6, 39).
cost(1, 7, 35).
cost(1, 8, 41).
cost(1, 9, 69).
cost(1, 10, 30).
cost(1, 11, 48).
cost(1, 12, 70).
cost(1, 13, 52).
cost(1, 14, 74).
cost(1, 15, 75).
cost(1, 16, 49).
cost(1, 17, 23).
cost(1, 18, 52).
cost(1, 19, 39).
cost(1, 20, 47).
cost(2, 1, 32).
cost(2, 3, 40).
cost(2, 4, 62).
cost(2, 5, 75).
cost(2, 6, 14).
cost(2, 7, 23).
cost(2, 8, 19).
cost(2, 9, 56).
cost(2, 10, 57).
cost(2, 11, 58).
cost(2, 12, 68).
cost(2, 13, 56).
cost(2, 14, 68).
cost(2, 15, 76).
cost(2, 16, 64).
cost(2, 17, 18).
cost(2, 18, 20).
cost(2, 19, 22).
cost(2, 20, 19).
cost(3, 1, 67).
cost(3, 2, 40).
cost(3, 4, 58).
cost(3, 5, 71).
cost(3, 6, 29).
cost(3, 7, 34).
cost(3, 8, 55).
cost(3, 9, 32).
cost(3, 10, 81).
cost(3, 11, 63).
cost(3, 12, 53).
cost(3, 13, 55).
cost(3, 14, 49).
cost(3, 15, 64).
cost(3, 16, 71).
cost(3, 17, 44).
cost(3, 18, 35).
cost(3, 19, 29).
cost(3, 20, 22).
cost(4, 1, 58).
cost(4, 2, 62).
cost(4, 3, 58).
cost(4, 5, 14).
cost(4, 6, 51).
cost(4, 7, 40).
cost(4, 8, 81).
cost(4, 9, 32).
cost(4, 10, 47).
cost(4, 11, 13).
cost(4, 12, 15).
cost(4, 13, 6).
cost(4, 14, 22).
cost(4, 15, 17).
cost(4, 16, 20).
cost(4, 17, 47).
cost(4, 18, 75).
cost(4, 19, 42).
cost(4, 20, 57).
cost(5, 1, 68).
cost(5, 2, 75).
cost(5, 3, 71).
cost(5, 4, 14).
cost(5, 6, 65).
cost(5, 7, 53).
cost(5, 8, 94).
cost(5, 9, 42).
cost(5, 10, 51).
cost(5, 11, 20).
cost(5, 12, 21).
cost(5, 13, 19).
cost(5, 14, 28).
cost(5, 15, 15).
cost(5, 16, 21).
cost(5, 17, 59).
cost(5, 18, 88).
cost(5, 19, 55).
cost(5, 20, 70).
cost(6, 1, 39).
cost(6, 2, 14).
cost(6, 3, 29).
cost(6, 4, 51).
cost(6, 5, 65).
cost(6, 7, 13).
cost(6, 8, 33).
cost(6, 9, 42).
cost(6, 10, 57).
cost(6, 11, 50).
cost(6, 12, 55).
cost(6, 13, 46).
cost(6, 14, 55).
cost(6, 15, 65).
cost(6, 16, 57).
cost(6, 17, 17).
cost(6, 18, 23).
cost(6, 19, 10).
cost(6, 20, 9).
cost(7, 1, 35).
cost(7, 2, 23).
cost(7, 3, 34).
cost(7, 4, 40).
cost(7, 5, 53).
cost(7, 6, 13).
cost(7, 8, 42).
cost(7, 9, 36).
cost(7, 10, 47).
cost(7, 11, 37).
cost(7, 12, 45).
cost(7, 13, 34).
cost(7, 14, 46).
cost(7, 15, 54).
cost(7, 16, 44).
cost(7, 17, 12).
cost(7, 18, 36).
cost(7, 19, 5).
cost(7, 20, 20).
cost(8, 1, 41).
cost(8, 2, 19).
cost(8, 3, 55).
cost(8, 4, 81).
cost(8, 5, 94).
cost(8, 6, 33).
cost(8, 7, 42).
cost(8, 9, 75).
cost(8, 10, 69).
cost(8, 11, 76).
cost(8, 12, 87).
cost(8, 13, 75).
cost(8, 14, 87).
cost(8, 15, 96).
cost(8, 16, 81).
cost(8, 17, 35).
cost(8, 18, 22).
cost(8, 19, 42).
cost(8, 20, 34).
cost(9, 1, 69).
cost(9, 2, 56).
cost(9, 3, 32).
cost(9, 4, 32).
cost(9, 5, 42).
cost(9, 6, 42).
cost(9, 7, 36).
cost(9, 8, 75).
cost(9, 10, 70).
cost(9, 11, 42).
cost(9, 12, 23).
cost(9, 13, 32).
cost(9, 14, 18).
cost(9, 15, 33).
cost(9, 16, 50).
cost(9, 17, 49).
cost(9, 18, 60).
cost(9, 19, 34).
cost(9, 20, 42).
cost(10, 1, 30).
cost(10, 2, 57).
cost(10, 3, 81).
cost(10, 4, 47).
cost(10, 5, 51).
cost(10, 6, 57).
cost(10, 7, 47).
cost(10, 8, 69).
cost(10, 9, 70).
cost(10, 11, 33).
cost(10, 12, 62).
cost(10, 13, 42).
cost(10, 14, 68).
cost(10, 15, 63).
cost(10, 16, 30).
cost(10, 17, 41).
cost(10, 18, 76).
cost(10, 19, 52).
cost(10, 20, 66).
cost(11, 1, 48).
cost(11, 2, 58).
cost(11, 3, 63).
cost(11, 4, 13).
cost(11, 5, 20).
cost(11, 6, 50).
cost(11, 7, 37).
cost(11, 8, 76).
cost(11, 9, 42).
cost(11, 10, 33).
cost(11, 12, 29).
cost(11, 13, 10).
cost(11, 14, 35).
cost(11, 15, 30).
cost(11, 16, 9).
cost(11, 17, 41).
cost(11, 18, 73).
cost(11, 19, 41).
cost(11, 20, 56).
cost(12, 1, 70).
cost(12, 2, 68).
cost(12, 3, 53).
cost(12, 4, 15).
cost(12, 5, 21).
cost(12, 6, 55).
cost(12, 7, 45).
cost(12, 8, 87).
cost(12, 9, 23).
cost(12, 10, 62).
cost(12, 11, 29).
cost(12, 13, 20).
cost(12, 14, 7).
cost(12, 15, 11).
cost(12, 16, 35).
cost(12, 17, 55).
cost(12, 18, 77).
cost(12, 19, 46).
cost(12, 20, 58).
cost(13, 1, 52).
cost(13, 2, 56).
cost(13, 3, 55).
cost(13, 4, 6).
cost(13, 5, 19).
cost(13, 6, 46).
cost(13, 7, 34).
cost(13, 8, 75).
cost(13, 9, 32).
cost(13, 10, 42).
cost(13, 11, 10).
cost(13, 12, 20).
cost(13, 14, 26).
cost(13, 15, 23).
cost(13, 16, 18).
cost(13, 17, 41).
cost(13, 18, 70).
cost(13, 19, 37).
cost(13, 20, 52).
cost(14, 1, 74).
cost(14, 2, 68).
cost(14, 3, 49).
cost(14, 4, 22).
cost(14, 5, 28).
cost(14, 6, 55).
cost(14, 7, 46).
cost(14, 8, 87).
cost(14, 9, 18).
cost(14, 10, 68).
cost(14, 11, 35).
cost(14, 12, 7).
cost(14, 13, 26).
cost(14, 15, 16).
cost(14, 16, 42).
cost(14, 17, 57).
cost(14, 18, 76).
cost(14, 19, 46).
cost(14, 20, 57).
cost(15, 1, 75).
cost(15, 2, 76).
cost(15, 3, 64).
cost(15, 4, 17).
cost(15, 5, 15).
cost(15, 6, 65).
cost(15, 7, 54).
cost(15, 8, 96).
cost(15, 9, 33).
cost(15, 10, 63).
cost(15, 11, 30).
cost(15, 12, 11).
cost(15, 13, 23).
cost(15, 14, 16).
cost(15, 16, 34).
cost(15, 17, 62).
cost(15, 18, 87).
cost(15, 19, 55).
cost(15, 20, 68).
cost(16, 1, 49).
cost(16, 2, 64).
cost(16, 3, 71).
cost(16, 4, 20).
cost(16, 5, 21).
cost(16, 6, 57).
cost(16, 7, 44).
cost(16, 8, 81).
cost(16, 9, 50).
cost(16, 10, 30).
cost(16, 11, 9).
cost(16, 12, 35).
cost(16, 13, 18).
cost(16, 14, 42).
cost(16, 15, 34).
cost(16, 17, 46).
cost(16, 18, 80).
cost(16, 19, 48).
cost(16, 20, 64).
cost(17, 1, 23).
cost(17, 2, 18).
cost(17, 3, 44).
cost(17, 4, 47).
cost(17, 5, 59).
cost(17, 6, 17).
cost(17, 7, 12).
cost(17, 8, 35).
cost(17, 9, 49).
cost(17, 10, 41).
cost(17, 11, 41).
cost(17, 12, 55).
cost(17, 13, 41).
cost(17, 14, 57).
cost(17, 15, 62).
cost(17, 16, 46).
cost(17, 18, 36).
cost(17, 19, 16).
cost(17, 20, 26).
cost(18, 1, 52).
cost(18, 2, 20).
cost(18, 3, 35).
cost(18, 4, 75).
cost(18, 5, 88).
cost(18, 6, 23).
cost(18, 7, 36).
cost(18, 8, 22).
cost(18, 9, 60).
cost(18, 10, 76).
cost(18, 11, 73).
cost(18, 12, 77).
cost(18, 13, 70).
cost(18, 14, 76).
cost(18, 15, 87).
cost(18, 16, 80).
cost(18, 17, 36).
cost(18, 19, 33).
cost(18, 20, 19).
cost(19, 1, 39).
cost(19, 2, 22).
cost(19, 3, 29).
cost(19, 4, 42).
cost(19, 5, 55).
cost(19, 6, 10).
cost(19, 7, 5).
cost(19, 8, 42).
cost(19, 9, 34).
cost(19, 10, 52).
cost(19, 11, 41).
cost(19, 12, 46).
cost(19, 13, 37).
cost(19, 14, 46).
cost(19, 15, 55).
cost(19, 16, 48).
cost(19, 17, 16).
cost(19, 18, 33).
cost(19, 20, 16).
cost(20, 1, 47).
cost(20, 2, 19).
cost(20, 3, 22).
cost(20, 4, 57).
cost(20, 5, 70).
cost(20, 6, 9).
cost(20, 7, 20).
cost(20, 8, 34).
cost(20, 9, 42).
cost(20, 10, 66).
cost(20, 11, 56).
cost(20, 12, 58).
cost(20, 13, 52).
cost(20, 14, 57).
cost(20, 15, 68).
cost(20, 16, 64).
cost(20, 17, 26).
cost(20, 18, 19).
cost(20, 19, 16).
nocross(1,2).
nocross(1,6).
nocross(1,7).
nocross(1,8).
nocross(1,10).
nocross(1,11).
nocross(1,13).
nocross(1,17).
nocross(1,19).
nocross(2,1).
nocross(2,6).
nocross(2,7).
nocross(2,8).
nocross(2,17).
nocross(2,18).
nocross(2,19).
nocross(2,20).
nocross(3,6).
nocross(3,7).
nocross(3,9).
nocross(3,14).
nocross(3,18).
nocross(3,19).
nocross(3,20).
nocross(4,5).
nocross(4,7).
nocross(4,11).
nocross(4,12).
nocross(4,13).
nocross(4,14).
nocross(4,15).
nocross(4,16).
nocross(5,4).
nocross(5,11).
nocross(5,12).
nocross(5,13).
nocross(5,14).
nocross(5,15).
nocross(5,16).
nocross(6,2).
nocross(6,3).
nocross(6,7).
nocross(6,8).
nocross(6,17).
nocross(6,18).
nocross(6,19).
nocross(6,20).
nocross(7,2).
nocross(7,4).
nocross(7,6).
nocross(7,11).
nocross(7,13).
nocross(7,17).
nocross(7,19).
nocross(7,20).
nocross(8,1).
nocross(8,2).
nocross(8,6).
nocross(8,7).
nocross(8,17).
nocross(8,18).
nocross(8,19).
nocross(8,20).
nocross(9,3).
nocross(9,4).
nocross(9,7).
nocross(9,12).
nocross(9,13).
nocross(9,14).
nocross(9,15).
nocross(9,19).
nocross(9,20).
nocross(10,1).
nocross(10,7).
nocross(10,11).
nocross(10,13).
nocross(10,16).
nocross(10,17).
nocross(11,4).
nocross(11,5).
nocross(11,7).
nocross(11,10).
nocross(11,12).
nocross(11,13).
nocross(11,14).
nocross(11,15).
nocross(11,16).
nocross(12,4).
nocross(12,5).
nocross(12,9).
nocross(12,11).
nocross(12,13).
nocross(12,14).
nocross(12,15).
nocross(13,4).
nocross(13,5).
nocross(13,7).
nocross(13,11).
nocross(13,12).
nocross(13,14).
nocross(13,15).
nocross(13,16).
nocross(13,19).
nocross(14,4).
nocross(14,9).
nocross(14,12).
nocross(14,13).
nocross(14,15).
nocross(15,4).
nocross(15,5).
nocross(15,9).
nocross(15,11).
nocross(15,12).
nocross(15,13).
nocross(15,14).
nocross(16,4).
nocross(16,5).
nocross(16,10).
nocross(16,11).
nocross(16,12).
nocross(16,13).
nocross(17,1).
nocross(17,2).
nocross(17,6).
nocross(17,7).
nocross(17,8).
nocross(17,11).
nocross(17,13).
nocross(17,19).
nocross(17,20).
nocross(18,2).
nocross(18,3).
nocross(18,6).
nocross(18,7).
nocross(18,8).
nocross(18,17).
nocross(18,19).
nocross(18,20).
nocross(19,2).
nocross(19,3).
nocross(19,6).
nocross(19,7).
nocross(19,9).
nocross(19,14).
nocross(19,17).
nocross(19,20).
nocross(20,2).
nocross(20,3).
nocross(20,6).
nocross(20,7).
nocross(20,8).
nocross(20,17).
nocross(20,18).
nocross(20,19).
