dimension(21).
point(1, 72.3452837884, 63.3926691753).
point(2, 28.0418378366, 64.2982269536).
point(3, 42.7378932081, 21.279170089).
point(4, 69.5482964631, 41.9433422766).
point(5, 4.9718792788, 71.4670531024).
point(6, 17.3925758758, 82.097869321).
point(7, 35.225002236, 14.8870287987).
point(8, 24.1469640002, 71.4318400001).
point(9, 61.587726544, 35.7027930064).
point(10, 43.9147861187, 31.9213046442).
point(11, 61.2993001469, 5.0725037623).
point(12, 54.5776041046, 14.7232099253).
point(13, 8.2969439254, 88.8334663576).
point(14, 65.471101204, 43.856635859).
point(15, 65.3923724089, 70.5118921587).
point(16, 68.7873214821, 77.8305254209).
point(17, 3.1239675532, 92.8886403454).
point(18, 22.6039728825, 57.614913011).
point(19, 30.7689642528, 47.2534822651).
point(20, 80.9488431903, 32.2152851892).
point(21, 89.5321737262, 41.0041109813).
cost(1, 2, 44).
cost(1, 3, 51).
cost(1, 4, 22).
cost(1, 5, 68).
cost(1, 6, 58).
cost(1, 7, 61).
cost(1, 8, 49).
cost(1, 9, 30).
cost(1, 10, 42).
cost(1, 11, 59).
cost(1, 12, 52).
cost(1, 13, 69).
cost(1, 14, 21).
cost(1, 15, 10).
cost(1, 16, 15).
cost(1, 17, 75).
cost(1, 18, 50).
cost(1, 19, 45).
cost(1, 20, 32).
cost(1, 21, 28).
cost(2, 1, 44).
cost(2, 3, 45).
cost(2, 4, 47).
cost(2, 5, 24).
cost(2, 6, 21).
cost(2, 7, 50).
cost(2, 8, 8).
cost(2, 9, 44).
cost(2, 10, 36).
cost(2, 11, 68).
cost(2, 12, 56).
cost(2, 13, 31).
cost(2, 14, 43).
cost(2, 15, 38).
cost(2, 16, 43).
cost(2, 17, 38).
cost(2, 18, 9).
cost(2, 19, 17).
cost(2, 20, 62).
cost(2, 21, 66).
cost(3, 1, 51).
cost(3, 2, 45).
cost(3, 4, 34).
cost(3, 5, 63).
cost(3, 6, 66).
cost(3, 7, 10).
cost(3, 8, 53).
cost(3, 9, 24).
cost(3, 10, 11).
cost(3, 11, 25).
cost(3, 12, 14).
cost(3, 13, 76).
cost(3, 14, 32).
cost(3, 15, 54).
cost(3, 16, 62).
cost(3, 17, 82).
cost(3, 18, 42).
cost(3, 19, 29).
cost(3, 20, 40).
cost(3, 21, 51).
cost(4, 1, 22).
cost(4, 2, 47).
cost(4, 3, 34).
cost(4, 5, 71).
cost(4, 6, 66).
cost(4, 7, 44).
cost(4, 8, 54).
cost(4, 9, 10).
cost(4, 10, 28).
cost(4, 11, 38).
cost(4, 12, 31).
cost(4, 13, 77).
cost(4, 14, 5).
cost(4, 15, 29).
cost(4, 16, 36).
cost(4, 17, 84).
cost(4, 18, 49).
cost(4, 19, 39).
cost(4, 20, 15).
cost(4, 21, 20).
cost(5, 1, 68).
cost(5, 2, 24).
cost(5, 3, 63).
cost(5, 4, 71).
cost(5, 6, 16).
cost(5, 7, 64).
cost(5, 8, 19).
cost(5, 9, 67).
cost(5, 10, 56).
cost(5, 11, 87).
cost(5, 12, 75).
cost(5, 13, 18).
cost(5, 14, 67).
cost(5, 15, 60).
cost(5, 16, 64).
cost(5, 17, 22).
cost(5, 18, 22).
cost(5, 19, 35).
cost(5, 20, 86).
cost(5, 21, 90).
cost(6, 1, 58).
cost(6, 2, 21).
cost(6, 3, 66).
cost(6, 4, 66).
cost(6, 5, 16).
cost(6, 7, 70).
cost(6, 8, 13).
cost(6, 9, 64).
cost(6, 10, 57).
cost(6, 11, 89).
cost(6, 12, 77).
cost(6, 13, 11).
cost(6, 14, 61).
cost(6, 15, 49).
cost(6, 16, 52).
cost(6, 17, 18).
cost(6, 18, 25).
cost(6, 19, 37).
cost(6, 20, 81).
cost(6, 21, 83).
cost(7, 1, 61).
cost(7, 2, 50).
cost(7, 3, 10).
cost(7, 4, 44).
cost(7, 5, 64).
cost(7, 6, 70).
cost(7, 8, 58).
cost(7, 9, 34).
cost(7, 10, 19).
cost(7, 11, 28).
cost(7, 12, 19).
cost(7, 13, 79).
cost(7, 14, 42).
cost(7, 15, 63).
cost(7, 16, 71).
cost(7, 17, 84).
cost(7, 18, 45).
cost(7, 19, 33).
cost(7, 20, 49).
cost(7, 21, 60).
cost(8, 1, 49).
cost(8, 2, 8).
cost(8, 3, 53).
cost(8, 4, 54).
cost(8, 5, 19).
cost(8, 6, 13).
cost(8, 7, 58).
cost(8, 9, 52).
cost(8, 10, 44).
cost(8, 11, 76).
cost(8, 12, 64).
cost(8, 13, 24).
cost(8, 14, 50).
cost(8, 15, 41).
cost(8, 16, 45).
cost(8, 17, 30).
cost(8, 18, 14).
cost(8, 19, 25).
cost(8, 20, 69).
cost(8, 21, 72).
cost(9, 1, 30).
cost(9, 2, 44).
cost(9, 3, 24).
cost(9, 4, 10).
cost(9, 5, 67).
cost(9, 6, 64).
cost(9, 7, 34).
cost(9, 8, 52).
cost(9, 10, 18).
cost(9, 11, 31).
cost(9, 12, 22).
cost(9, 13, 75).
cost(9, 14, 9).
cost(9, 15, 35).
cost(9, 16, 43).
cost(9, 17, 82).
cost(9, 18, 45).
cost(9, 19, 33).
cost(9, 20, 20).
cost(9, 21, 28).
cost(10, 1, 42).
cost(10, 2, 36).
cost(10, 3, 11).
cost(10, 4, 28).
cost(10, 5, 56).
cost(10, 6, 57).
cost(10, 7, 19).
cost(10, 8, 44).
cost(10, 9, 18).
cost(10, 11, 32).
cost(10, 12, 20).
cost(10, 13, 67).
cost(10, 14, 25).
cost(10, 15, 44).
cost(10, 16, 52).
cost(10, 17, 73).
cost(10, 18, 33).
cost(10, 19, 20).
cost(10, 20, 37).
cost(10, 21, 47).
cost(11, 1, 59).
cost(11, 2, 68).
cost(11, 3, 25).
cost(11, 4, 38).
cost(11, 5, 87).
cost(11, 6, 89).
cost(11, 7, 28).
cost(11, 8, 76).
cost(11, 9, 31).
cost(11, 10, 32).
cost(11, 12, 12).
cost(11, 13, 99).
cost(11, 14, 39).
cost(11, 15, 66).
cost(11, 16, 73).
cost(11, 17, 105).
cost(11, 18, 65).
cost(11, 19, 52).
cost(11, 20, 34).
cost(11, 21, 46).
cost(12, 1, 52).
cost(12, 2, 56).
cost(12, 3, 14).
cost(12, 4, 31).
cost(12, 5, 75).
cost(12, 6, 77).
cost(12, 7, 19).
cost(12, 8, 64).
cost(12, 9, 22).
cost(12, 10, 20).
cost(12, 11, 12).
cost(12, 13, 87).
cost(12, 14, 31).
cost(12, 15, 57).
cost(12, 16, 65).
cost(12, 17, 94).
cost(12, 18, 53).
cost(12, 19, 40).
cost(12, 20, 32).
cost(12, 21, 44).
cost(13, 1, 69).
cost(13, 2, 31).
cost(13, 3, 76).
cost(13, 4, 77).
cost(13, 5, 18).
cost(13, 6, 11).
cost(13, 7, 79).
cost(13, 8, 24).
cost(13, 9, 75).
cost(13, 10, 67).
cost(13, 11, 99).
cost(13, 12, 87).
cost(13, 14, 73).
cost(13, 15, 60).
cost(13, 16, 61).
cost(13, 17, 7).
cost(13, 18, 34).
cost(13, 19, 47).
cost(13, 20, 92).
cost(13, 21, 94).
cost(14, 1, 21).
cost(14, 2, 43).
cost(14, 3, 32).
cost(14, 4, 5).
cost(14, 5, 67).
cost(14, 6, 61).
cost(14, 7, 42).
cost(14, 8, 50).
cost(14, 9, 9).
cost(14, 10, 25).
cost(14, 11, 39).
cost(14, 12, 31).
cost(14, 13, 73).
cost(14, 15, 27).
cost(14, 16, 34).
cost(14, 17, 79).
cost(14, 18, 45).
cost(14, 19, 35).
cost(14, 20, 19).
cost(14, 21, 24).
cost(15, 1, 10).
cost(15, 2, 38).
cost(15, 3, 54).
cost(15, 4, 29).
cost(15, 5, 60).
cost(15, 6, 49).
cost(15, 7, 63).
cost(15, 8, 41).
cost(15, 9, 35).
cost(15, 10, 44).
cost(15, 11, 66).
cost(15, 12, 57).
cost(15, 13, 60).
cost(15, 14, 27).
cost(15, 16, 8).
cost(15, 17, 66).
cost(15, 18, 45).
cost(15, 19, 42).
cost(15, 20, 41).
cost(15, 21, 38).
cost(16, 1, 15).
cost(16, 2, 43).
cost(16, 3, 62).
cost(16, 4, 36).
cost(16, 5, 64).
cost(16, 6, 52).
cost(16, 7, 71).
cost(16, 8, 45).
cost(16, 9, 43).
cost(16, 10, 52).
cost(16, 11, 73).
cost(16, 12, 65).
cost(16, 13, 61).
cost(16, 14, 34).
cost(16, 15, 8).
cost(16, 17, 67).
cost(16, 18, 50).
cost(16, 19, 49).
cost(16, 20, 47).
cost(16, 21, 42).
cost(17, 1, 75).
cost(17, 2, 38).
cost(17, 3, 82).
cost(17, 4, 84).
cost(17, 5, 22).
cost(17, 6, 18).
cost(17, 7, 84).
cost(17, 8, 30).
cost(17, 9, 82).
cost(17, 10, 73).
cost(17, 11, 105).
cost(17, 12, 94).
cost(17, 13, 7).
cost(17, 14, 79).
cost(17, 15, 66).
cost(17, 16, 67).
cost(17, 18, 40).
cost(17, 19, 53).
cost(17, 20, 99).
cost(17, 21, 101).
cost(18, 1, 50).
cost(18, 2, 9).
cost(18, 3, 42).
cost(18, 4, 49).
cost(18, 5, 22).
cost(18, 6, 25).
cost(18, 7, 45).
cost(18, 8, 14).
cost(18, 9, 45).
cost(18, 10, 33).
cost(18, 11, 65).
cost(18, 12, 53).
cost(18, 13, 34).
cost(18, 14, 45).
cost(18, 15, 45).
cost(18, 16, 50).
cost(18, 17, 40).
cost(18, 19, 13).
cost(18, 20, 64).
cost(18, 21, 69).
cost(19, 1, 45).
cost(19, 2, 17).
cost(19, 3, 29).
cost(19, 4, 39).
cost(19, 5, 35).
cost(19, 6, 37).
cost(19, 7, 33).
cost(19, 8, 25).
cost(19, 9, 33).
cost(19, 10, 20).
cost(19, 11, 52).
cost(19, 12, 40).
cost(19, 13, 47).
cost(19, 14, 35).
cost(19, 15, 42).
cost(19, 16, 49).
cost(19, 17, 53).
cost(19, 18, 13).
cost(19, 20, 52).
cost(19, 21, 59).
cost(20, 1, 32).
cost(20, 2, 62).
cost(20, 3, 40).
cost(20, 4, 15).
cost(20, 5, 86).
cost(20, 6, 81).
cost(20, 7, 49).
cost(20, 8, 69).
cost(20, 9, 20).
cost(20, 10, 37).
cost(20, 11, 34).
cost(20, 12, 32).
cost(20, 13, 92).
cost(20, 14, 19).
cost(20, 15, 41).
cost(20, 16, 47).
cost(20, 17, 99).
cost(20, 18, 64).
cost(20, 19, 52).
cost(20, 21, 12).
cost(21, 1, 28).
cost(21, 2, 66).
cost(21, 3, 51).
cost(21, 4, 20).
cost(21, 5, 90).
cost(21, 6, 83).
cost(21, 7, 60).
cost(21, 8, 72).
cost(21, 9, 28).
cost(21, 10, 47).
cost(21, 11, 46).
cost(21, 12, 44).
cost(21, 13, 94).
cost(21, 14, 24).
cost(21, 15, 38).
cost(21, 16, 42).
cost(21, 17, 101).
cost(21, 18, 69).
cost(21, 19, 59).
cost(21, 20, 12).
nocross(1,2).
nocross(1,4).
nocross(1,9).
nocross(1,14).
nocross(1,15).
nocross(1,16).
nocross(1,20).
nocross(1,21).
nocross(2,1).
nocross(2,5).
nocross(2,6).
nocross(2,7).
nocross(2,8).
nocross(2,9).
nocross(2,10).
nocross(2,13).
nocross(2,15).
nocross(2,16).
nocross(2,18).
nocross(2,19).
nocross(3,4).
nocross(3,5).
nocross(3,7).
nocross(3,9).
nocross(3,10).
nocross(3,11).
nocross(3,12).
nocross(3,14).
nocross(3,18).
nocross(3,19).
nocross(3,20).
nocross(4,1).
nocross(4,3).
nocross(4,9).
nocross(4,10).
nocross(4,11).
nocross(4,12).
nocross(4,14).
nocross(4,15).
nocross(4,16).
nocross(4,20).
nocross(4,21).
nocross(5,2).
nocross(5,6).
nocross(5,7).
nocross(5,8).
nocross(5,13).
nocross(5,17).
nocross(5,18).
nocross(5,19).
nocross(6,2).
nocross(6,5).
nocross(6,8).
nocross(6,13).
nocross(6,15).
nocross(6,16).
nocross(6,17).
nocross(6,18).
nocross(6,19).
nocross(7,3).
nocross(7,4).
nocross(7,5).
nocross(7,9).
nocross(7,10).
nocross(7,11).
nocross(7,12).
nocross(7,14).
nocross(7,18).
nocross(7,19).
nocross(8,2).
nocross(8,5).
nocross(8,6).
nocross(8,7).
nocross(8,13).
nocross(8,15).
nocross(8,16).
nocross(8,18).
nocross(8,19).
nocross(9,1).
nocross(9,3).
nocross(9,4).
nocross(9,7).
nocross(9,10).
nocross(9,11).
nocross(9,12).
nocross(9,14).
nocross(9,15).
nocross(9,18).
nocross(9,19).
nocross(9,20).
nocross(9,21).
nocross(10,1).
nocross(10,2).
nocross(10,3).
nocross(10,4).
nocross(10,5).
nocross(10,7).
nocross(10,9).
nocross(10,11).
nocross(10,12).
nocross(10,14).
nocross(10,15).
nocross(10,18).
nocross(10,19).
nocross(10,20).
nocross(11,3).
nocross(11,4).
nocross(11,7).
nocross(11,9).
nocross(11,10).
nocross(11,12).
nocross(11,14).
nocross(11,20).
nocross(11,21).
nocross(12,3).
nocross(12,4).
nocross(12,7).
nocross(12,9).
nocross(12,10).
nocross(12,11).
nocross(12,14).
nocross(12,20).
nocross(13,2).
nocross(13,5).
nocross(13,6).
nocross(13,8).
nocross(13,16).
nocross(13,17).
nocross(13,18).
nocross(14,1).
nocross(14,3).
nocross(14,4).
nocross(14,9).
nocross(14,10).
nocross(14,12).
nocross(14,15).
nocross(14,16).
nocross(14,18).
nocross(14,19).
nocross(14,20).
nocross(14,21).
nocross(15,1).
nocross(15,2).
nocross(15,4).
nocross(15,8).
nocross(15,9).
nocross(15,14).
nocross(15,16).
nocross(15,17).
nocross(15,20).
nocross(16,1).
nocross(16,2).
nocross(16,4).
nocross(16,14).
nocross(16,15).
nocross(16,17).
nocross(16,21).
nocross(17,2).
nocross(17,5).
nocross(17,6).
nocross(17,8).
nocross(17,13).
nocross(17,16).
nocross(17,18).
nocross(18,2).
nocross(18,3).
nocross(18,5).
nocross(18,6).
nocross(18,7).
nocross(18,8).
nocross(18,9).
nocross(18,10).
nocross(18,13).
nocross(18,15).
nocross(18,17).
nocross(18,19).
nocross(19,1).
nocross(19,2).
nocross(19,3).
nocross(19,4).
nocross(19,5).
nocross(19,6).
nocross(19,7).
nocross(19,8).
nocross(19,9).
nocross(19,10).
nocross(19,11).
nocross(19,12).
nocross(19,13).
nocross(19,14).
nocross(19,15).
nocross(19,18).
nocross(20,1).
nocross(20,3).
nocross(20,4).
nocross(20,9).
nocross(20,10).
nocross(20,11).
nocross(20,12).
nocross(20,14).
nocross(20,15).
nocross(20,16).
nocross(20,21).
nocross(21,1).
nocross(21,4).
nocross(21,9).
nocross(21,11).
nocross(21,14).
nocross(21,15).
nocross(21,16).
nocross(21,20).
