dimension(21).
point(1, 36.8111261401, 21.5110994792).
point(2, 35.5349217984, 66.7927507698).
point(3, 56.0687777038, 16.8428097963).
point(4, 89.5038144897, 23.751695595).
point(5, 19.3346451849, 42.8593098712).
point(6, 87.230416798, 6.8370444706).
point(7, 95.4063525569, 31.1781690236).
point(8, 66.5840784697, 89.4668632348).
point(9, 62.9255185251, 32.546983208).
point(10, 11.4424300627, 49.186700888).
point(11, 19.8592348087, 57.7260028571).
point(12, 17.4435504651, 49.444783646).
point(13, 61.4772921108, 21.3122057389).
point(14, 34.9603344126, 76.6142970548).
point(15, 73.1600952177, 75.4860517768).
point(16, 44.4338426156, 75.6080118501).
point(17, 77.503440211, 10.3938650467).
point(18, 86.7814805438, 80.6146341828).
point(19, 37.4911181596, 49.336839968).
point(20, 72.9670350575, 85.1044382681).
point(21, 90.3883828514, 49.1555000572).
cost(1, 2, 45).
cost(1, 3, 20).
cost(1, 4, 53).
cost(1, 5, 28).
cost(1, 6, 53).
cost(1, 7, 59).
cost(1, 8, 74).
cost(1, 9, 28).
cost(1, 10, 38).
cost(1, 11, 40).
cost(1, 12, 34).
cost(1, 13, 25).
cost(1, 14, 55).
cost(1, 15, 65).
cost(1, 16, 55).
cost(1, 17, 42).
cost(1, 18, 77).
cost(1, 19, 28).
cost(1, 20, 73).
cost(1, 21, 60).
cost(2, 1, 45).
cost(2, 3, 54).
cost(2, 4, 69).
cost(2, 5, 29).
cost(2, 6, 79).
cost(2, 7, 70).
cost(2, 8, 38).
cost(2, 9, 44).
cost(2, 10, 30).
cost(2, 11, 18).
cost(2, 12, 25).
cost(2, 13, 52).
cost(2, 14, 10).
cost(2, 15, 39).
cost(2, 16, 13).
cost(2, 17, 70).
cost(2, 18, 53).
cost(2, 19, 18).
cost(2, 20, 42).
cost(2, 21, 58).
cost(3, 1, 20).
cost(3, 2, 54).
cost(3, 4, 34).
cost(3, 5, 45).
cost(3, 6, 33).
cost(3, 7, 42).
cost(3, 8, 73).
cost(3, 9, 17).
cost(3, 10, 55).
cost(3, 11, 55).
cost(3, 12, 51).
cost(3, 13, 7).
cost(3, 14, 63).
cost(3, 15, 61).
cost(3, 16, 60).
cost(3, 17, 22).
cost(3, 18, 71).
cost(3, 19, 37).
cost(3, 20, 70).
cost(3, 21, 47).
cost(4, 1, 53).
cost(4, 2, 69).
cost(4, 3, 34).
cost(4, 5, 73).
cost(4, 6, 17).
cost(4, 7, 9).
cost(4, 8, 70).
cost(4, 9, 28).
cost(4, 10, 82).
cost(4, 11, 77).
cost(4, 12, 77).
cost(4, 13, 28).
cost(4, 14, 76).
cost(4, 15, 54).
cost(4, 16, 69).
cost(4, 17, 18).
cost(4, 18, 57).
cost(4, 19, 58).
cost(4, 20, 64).
cost(4, 21, 25).
cost(5, 1, 28).
cost(5, 2, 29).
cost(5, 3, 45).
cost(5, 4, 73).
cost(5, 6, 77).
cost(5, 7, 77).
cost(5, 8, 66).
cost(5, 9, 45).
cost(5, 10, 10).
cost(5, 11, 15).
cost(5, 12, 7).
cost(5, 13, 47).
cost(5, 14, 37).
cost(5, 15, 63).
cost(5, 16, 41).
cost(5, 17, 67).
cost(5, 18, 77).
cost(5, 19, 19).
cost(5, 20, 68).
cost(5, 21, 71).
cost(6, 1, 53).
cost(6, 2, 79).
cost(6, 3, 33).
cost(6, 4, 17).
cost(6, 5, 77).
cost(6, 7, 26).
cost(6, 8, 85).
cost(6, 9, 35).
cost(6, 10, 87).
cost(6, 11, 84).
cost(6, 12, 82).
cost(6, 13, 30).
cost(6, 14, 87).
cost(6, 15, 70).
cost(6, 16, 81).
cost(6, 17, 10).
cost(6, 18, 74).
cost(6, 19, 65).
cost(6, 20, 80).
cost(6, 21, 42).
cost(7, 1, 59).
cost(7, 2, 70).
cost(7, 3, 42).
cost(7, 4, 9).
cost(7, 5, 77).
cost(7, 6, 26).
cost(7, 8, 65).
cost(7, 9, 33).
cost(7, 10, 86).
cost(7, 11, 80).
cost(7, 12, 80).
cost(7, 13, 35).
cost(7, 14, 76).
cost(7, 15, 50).
cost(7, 16, 68).
cost(7, 17, 27).
cost(7, 18, 50).
cost(7, 19, 61).
cost(7, 20, 58).
cost(7, 21, 19).
cost(8, 1, 74).
cost(8, 2, 38).
cost(8, 3, 73).
cost(8, 4, 70).
cost(8, 5, 66).
cost(8, 6, 85).
cost(8, 7, 65).
cost(8, 9, 57).
cost(8, 10, 68).
cost(8, 11, 56).
cost(8, 12, 63).
cost(8, 13, 68).
cost(8, 14, 34).
cost(8, 15, 15).
cost(8, 16, 26).
cost(8, 17, 80).
cost(8, 18, 22).
cost(8, 19, 50).
cost(8, 20, 8).
cost(8, 21, 47).
cost(9, 1, 28).
cost(9, 2, 44).
cost(9, 3, 17).
cost(9, 4, 28).
cost(9, 5, 45).
cost(9, 6, 35).
cost(9, 7, 33).
cost(9, 8, 57).
cost(9, 10, 54).
cost(9, 11, 50).
cost(9, 12, 49).
cost(9, 13, 11).
cost(9, 14, 52).
cost(9, 15, 44).
cost(9, 16, 47).
cost(9, 17, 27).
cost(9, 18, 54).
cost(9, 19, 30).
cost(9, 20, 54).
cost(9, 21, 32).
cost(10, 1, 38).
cost(10, 2, 30).
cost(10, 3, 55).
cost(10, 4, 82).
cost(10, 5, 10).
cost(10, 6, 87).
cost(10, 7, 86).
cost(10, 8, 68).
cost(10, 9, 54).
cost(10, 11, 12).
cost(10, 12, 6).
cost(10, 13, 57).
cost(10, 14, 36).
cost(10, 15, 67).
cost(10, 16, 42).
cost(10, 17, 77).
cost(10, 18, 82).
cost(10, 19, 26).
cost(10, 20, 71).
cost(10, 21, 79).
cost(11, 1, 40).
cost(11, 2, 18).
cost(11, 3, 55).
cost(11, 4, 77).
cost(11, 5, 15).
cost(11, 6, 84).
cost(11, 7, 80).
cost(11, 8, 56).
cost(11, 9, 50).
cost(11, 10, 12).
cost(11, 12, 9).
cost(11, 13, 55).
cost(11, 14, 24).
cost(11, 15, 56).
cost(11, 16, 30).
cost(11, 17, 75).
cost(11, 18, 71).
cost(11, 19, 20).
cost(11, 20, 60).
cost(11, 21, 71).
cost(12, 1, 34).
cost(12, 2, 25).
cost(12, 3, 51).
cost(12, 4, 77).
cost(12, 5, 7).
cost(12, 6, 82).
cost(12, 7, 80).
cost(12, 8, 63).
cost(12, 9, 49).
cost(12, 10, 6).
cost(12, 11, 9).
cost(12, 13, 52).
cost(12, 14, 32).
cost(12, 15, 62).
cost(12, 16, 38).
cost(12, 17, 72).
cost(12, 18, 76).
cost(12, 19, 20).
cost(12, 20, 66).
cost(12, 21, 73).
cost(13, 1, 25).
cost(13, 2, 52).
cost(13, 3, 7).
cost(13, 4, 28).
cost(13, 5, 47).
cost(13, 6, 30).
cost(13, 7, 35).
cost(13, 8, 68).
cost(13, 9, 11).
cost(13, 10, 57).
cost(13, 11, 55).
cost(13, 12, 52).
cost(13, 14, 61).
cost(13, 15, 55).
cost(13, 16, 57).
cost(13, 17, 19).
cost(13, 18, 64).
cost(13, 19, 37).
cost(13, 20, 65).
cost(13, 21, 40).
cost(14, 1, 55).
cost(14, 2, 10).
cost(14, 3, 63).
cost(14, 4, 76).
cost(14, 5, 37).
cost(14, 6, 87).
cost(14, 7, 76).
cost(14, 8, 34).
cost(14, 9, 52).
cost(14, 10, 36).
cost(14, 11, 24).
cost(14, 12, 32).
cost(14, 13, 61).
cost(14, 15, 38).
cost(14, 16, 10).
cost(14, 17, 79).
cost(14, 18, 52).
cost(14, 19, 27).
cost(14, 20, 39).
cost(14, 21, 62).
cost(15, 1, 65).
cost(15, 2, 39).
cost(15, 3, 61).
cost(15, 4, 54).
cost(15, 5, 63).
cost(15, 6, 70).
cost(15, 7, 50).
cost(15, 8, 15).
cost(15, 9, 44).
cost(15, 10, 67).
cost(15, 11, 56).
cost(15, 12, 62).
cost(15, 13, 55).
cost(15, 14, 38).
cost(15, 16, 29).
cost(15, 17, 65).
cost(15, 18, 15).
cost(15, 19, 44).
cost(15, 20, 10).
cost(15, 21, 31).
cost(16, 1, 55).
cost(16, 2, 13).
cost(16, 3, 60).
cost(16, 4, 69).
cost(16, 5, 41).
cost(16, 6, 81).
cost(16, 7, 68).
cost(16, 8, 26).
cost(16, 9, 47).
cost(16, 10, 42).
cost(16, 11, 30).
cost(16, 12, 38).
cost(16, 13, 57).
cost(16, 14, 10).
cost(16, 15, 29).
cost(16, 17, 73).
cost(16, 18, 43).
cost(16, 19, 27).
cost(16, 20, 30).
cost(16, 21, 53).
cost(17, 1, 42).
cost(17, 2, 70).
cost(17, 3, 22).
cost(17, 4, 18).
cost(17, 5, 67).
cost(17, 6, 10).
cost(17, 7, 27).
cost(17, 8, 80).
cost(17, 9, 27).
cost(17, 10, 77).
cost(17, 11, 75).
cost(17, 12, 72).
cost(17, 13, 19).
cost(17, 14, 79).
cost(17, 15, 65).
cost(17, 16, 73).
cost(17, 18, 71).
cost(17, 19, 56).
cost(17, 20, 75).
cost(17, 21, 41).
cost(18, 1, 77).
cost(18, 2, 53).
cost(18, 3, 71).
cost(18, 4, 57).
cost(18, 5, 77).
cost(18, 6, 74).
cost(18, 7, 50).
cost(18, 8, 22).
cost(18, 9, 54).
cost(18, 10, 82).
cost(18, 11, 71).
cost(18, 12, 76).
cost(18, 13, 64).
cost(18, 14, 52).
cost(18, 15, 15).
cost(18, 16, 43).
cost(18, 17, 71).
cost(18, 19, 58).
cost(18, 20, 15).
cost(18, 21, 32).
cost(19, 1, 28).
cost(19, 2, 18).
cost(19, 3, 37).
cost(19, 4, 58).
cost(19, 5, 19).
cost(19, 6, 65).
cost(19, 7, 61).
cost(19, 8, 50).
cost(19, 9, 30).
cost(19, 10, 26).
cost(19, 11, 20).
cost(19, 12, 20).
cost(19, 13, 37).
cost(19, 14, 27).
cost(19, 15, 44).
cost(19, 16, 27).
cost(19, 17, 56).
cost(19, 18, 58).
cost(19, 20, 50).
cost(19, 21, 53).
cost(20, 1, 73).
cost(20, 2, 42).
cost(20, 3, 70).
cost(20, 4, 64).
cost(20, 5, 68).
cost(20, 6, 80).
cost(20, 7, 58).
cost(20, 8, 8).
cost(20, 9, 54).
cost(20, 10, 71).
cost(20, 11, 60).
cost(20, 12, 66).
cost(20, 13, 65).
cost(20, 14, 39).
cost(20, 15, 10).
cost(20, 16, 30).
cost(20, 17, 75).
cost(20, 18, 15).
cost(20, 19, 50).
cost(20, 21, 40).
cost(21, 1, 60).
cost(21, 2, 58).
cost(21, 3, 47).
cost(21, 4, 25).
cost(21, 5, 71).
cost(21, 6, 42).
cost(21, 7, 19).
cost(21, 8, 47).
cost(21, 9, 32).
cost(21, 10, 79).
cost(21, 11, 71).
cost(21, 12, 73).
cost(21, 13, 40).
cost(21, 14, 62).
cost(21, 15, 31).
cost(21, 16, 53).
cost(21, 17, 41).
cost(21, 18, 32).
cost(21, 19, 53).
cost(21, 20, 40).
nocross(1,3).
nocross(1,5).
nocross(1,9).
nocross(1,10).
nocross(1,13).
nocross(1,19).
nocross(2,5).
nocross(2,8).
nocross(2,11).
nocross(2,12).
nocross(2,14).
nocross(2,15).
nocross(2,16).
nocross(2,19).
nocross(2,20).
nocross(3,1).
nocross(3,6).
nocross(3,9).
nocross(3,13).
nocross(3,17).
nocross(4,6).
nocross(4,7).
nocross(4,9).
nocross(4,13).
nocross(4,17).
nocross(4,21).
nocross(5,1).
nocross(5,10).
nocross(5,11).
nocross(5,12).
nocross(5,19).
nocross(6,3).
nocross(6,4).
nocross(6,7).
nocross(6,9).
nocross(6,13).
nocross(6,17).
nocross(7,4).
nocross(7,6).
nocross(7,9).
nocross(7,13).
nocross(7,17).
nocross(7,18).
nocross(7,21).
nocross(8,2).
nocross(8,14).
nocross(8,15).
nocross(8,16).
nocross(8,18).
nocross(8,20).
nocross(9,3).
nocross(9,4).
nocross(9,7).
nocross(9,13).
nocross(9,15).
nocross(9,17).
nocross(9,19).
nocross(9,20).
nocross(9,21).
nocross(10,2).
nocross(10,5).
nocross(10,11).
nocross(10,12).
nocross(10,14).
nocross(10,19).
nocross(11,2).
nocross(11,5).
nocross(11,10).
nocross(11,12).
nocross(11,14).
nocross(11,16).
nocross(11,19).
nocross(12,2).
nocross(12,5).
nocross(12,10).
nocross(12,11).
nocross(12,19).
nocross(13,1).
nocross(13,3).
nocross(13,4).
nocross(13,9).
nocross(13,17).
nocross(14,2).
nocross(14,8).
nocross(14,10).
nocross(14,11).
nocross(14,12).
nocross(14,16).
nocross(14,19).
nocross(14,20).
nocross(15,2).
nocross(15,8).
nocross(15,9).
nocross(15,16).
nocross(15,18).
nocross(15,19).
nocross(15,20).
nocross(15,21).
nocross(16,2).
nocross(16,8).
nocross(16,11).
nocross(16,14).
nocross(16,15).
nocross(16,19).
nocross(16,20).
nocross(17,3).
nocross(17,4).
nocross(17,6).
nocross(17,9).
nocross(17,13).
nocross(18,7).
nocross(18,8).
nocross(18,15).
nocross(18,20).
nocross(18,21).
nocross(19,1).
nocross(19,2).
nocross(19,3).
nocross(19,5).
nocross(19,8).
nocross(19,9).
nocross(19,11).
nocross(19,12).
nocross(19,13).
nocross(19,15).
nocross(19,16).
nocross(19,20).
nocross(20,8).
nocross(20,15).
nocross(20,16).
nocross(20,18).
nocross(20,21).
nocross(21,4).
nocross(21,7).
nocross(21,9).
nocross(21,13).
nocross(21,15).
nocross(21,18).
nocross(21,20).
