dimension(21).
point(1, 27.717969804, 26.7519421175).
point(2, 67.0531129474, 52.2217727237).
point(3, 93.7707052884, 70.4080696663).
point(4, 56.4337061034, 52.3892501739).
point(5, 93.5036008307, 67.3125768037).
point(6, 47.0148422841, 30.1796846777).
point(7, 90.5896662675, 44.8889380257).
point(8, 25.3832848385, 76.5443655386).
point(9, 42.4593586696, 6.7925438424).
point(10, 23.3080431801, 82.9783726638).
point(11, 85.0349754225, 26.0707698235).
point(12, 17.0486615968, 93.5471010546).
point(13, 39.7444896164, 37.4415381318).
point(14, 86.6885650242, 88.8760464616).
point(15, 69.8796899135, 16.1131116841).
point(16, 75.178391296, 52.0482614311).
point(17, 33.1855572023, 30.1587656349).
point(18, 77.3298414935, 79.8335980506).
point(19, 85.5364399345, 65.0613469123).
point(20, 56.917282982, 13.465557695).
point(21, 29.0928023068, 94.9224745554).
cost(1, 2, 47).
cost(1, 3, 79).
cost(1, 4, 38).
cost(1, 5, 77).
cost(1, 6, 20).
cost(1, 7, 65).
cost(1, 8, 50).
cost(1, 9, 25).
cost(1, 10, 56).
cost(1, 11, 57).
cost(1, 12, 68).
cost(1, 13, 16).
cost(1, 14, 86).
cost(1, 15, 43).
cost(1, 16, 54).
cost(1, 17, 6).
cost(1, 18, 73).
cost(1, 19, 69).
cost(1, 20, 32).
cost(1, 21, 68).
cost(2, 1, 47).
cost(2, 3, 32).
cost(2, 4, 11).
cost(2, 5, 30).
cost(2, 6, 30).
cost(2, 7, 25).
cost(2, 8, 48).
cost(2, 9, 52).
cost(2, 10, 53).
cost(2, 11, 32).
cost(2, 12, 65).
cost(2, 13, 31).
cost(2, 14, 42).
cost(2, 15, 36).
cost(2, 16, 8).
cost(2, 17, 40).
cost(2, 18, 29).
cost(2, 19, 23).
cost(2, 20, 40).
cost(2, 21, 57).
cost(3, 1, 79).
cost(3, 2, 32).
cost(3, 4, 41).
cost(3, 5, 3).
cost(3, 6, 62).
cost(3, 7, 26).
cost(3, 8, 69).
cost(3, 9, 82).
cost(3, 10, 72).
cost(3, 11, 45).
cost(3, 12, 80).
cost(3, 13, 63).
cost(3, 14, 20).
cost(3, 15, 59).
cost(3, 16, 26).
cost(3, 17, 73).
cost(3, 18, 19).
cost(3, 19, 10).
cost(3, 20, 68).
cost(3, 21, 69).
cost(4, 1, 38).
cost(4, 2, 11).
cost(4, 3, 41).
cost(4, 5, 40).
cost(4, 6, 24).
cost(4, 7, 35).
cost(4, 8, 39).
cost(4, 9, 48).
cost(4, 10, 45).
cost(4, 11, 39).
cost(4, 12, 57).
cost(4, 13, 22).
cost(4, 14, 47).
cost(4, 15, 39).
cost(4, 16, 19).
cost(4, 17, 32).
cost(4, 18, 34).
cost(4, 19, 32).
cost(4, 20, 39).
cost(4, 21, 51).
cost(5, 1, 77).
cost(5, 2, 30).
cost(5, 3, 3).
cost(5, 4, 40).
cost(5, 6, 59).
cost(5, 7, 23).
cost(5, 8, 69).
cost(5, 9, 79).
cost(5, 10, 72).
cost(5, 11, 42).
cost(5, 12, 81).
cost(5, 13, 62).
cost(5, 14, 23).
cost(5, 15, 56).
cost(5, 16, 24).
cost(5, 17, 71).
cost(5, 18, 20).
cost(5, 19, 8).
cost(5, 20, 65).
cost(5, 21, 70).
cost(6, 1, 20).
cost(6, 2, 30).
cost(6, 3, 62).
cost(6, 4, 24).
cost(6, 5, 59).
cost(6, 7, 46).
cost(6, 8, 51).
cost(6, 9, 24).
cost(6, 10, 58).
cost(6, 11, 38).
cost(6, 12, 70).
cost(6, 13, 10).
cost(6, 14, 71).
cost(6, 15, 27).
cost(6, 16, 36).
cost(6, 17, 14).
cost(6, 18, 58).
cost(6, 19, 52).
cost(6, 20, 19).
cost(6, 21, 67).
cost(7, 1, 65).
cost(7, 2, 25).
cost(7, 3, 26).
cost(7, 4, 35).
cost(7, 5, 23).
cost(7, 6, 46).
cost(7, 8, 72).
cost(7, 9, 61).
cost(7, 10, 77).
cost(7, 11, 20).
cost(7, 12, 88).
cost(7, 13, 51).
cost(7, 14, 44).
cost(7, 15, 35).
cost(7, 16, 17).
cost(7, 17, 59).
cost(7, 18, 37).
cost(7, 19, 21).
cost(7, 20, 46).
cost(7, 21, 79).
cost(8, 1, 50).
cost(8, 2, 48).
cost(8, 3, 69).
cost(8, 4, 39).
cost(8, 5, 69).
cost(8, 6, 51).
cost(8, 7, 72).
cost(8, 9, 72).
cost(8, 10, 7).
cost(8, 11, 78).
cost(8, 12, 19).
cost(8, 13, 42).
cost(8, 14, 63).
cost(8, 15, 75).
cost(8, 16, 55).
cost(8, 17, 47).
cost(8, 18, 52).
cost(8, 19, 61).
cost(8, 20, 71).
cost(8, 21, 19).
cost(9, 1, 25).
cost(9, 2, 52).
cost(9, 3, 82).
cost(9, 4, 48).
cost(9, 5, 79).
cost(9, 6, 24).
cost(9, 7, 61).
cost(9, 8, 72).
cost(9, 10, 79).
cost(9, 11, 47).
cost(9, 12, 90).
cost(9, 13, 31).
cost(9, 14, 93).
cost(9, 15, 29).
cost(9, 16, 56).
cost(9, 17, 25).
cost(9, 18, 81).
cost(9, 19, 72).
cost(9, 20, 16).
cost(9, 21, 89).
cost(10, 1, 56).
cost(10, 2, 53).
cost(10, 3, 72).
cost(10, 4, 45).
cost(10, 5, 72).
cost(10, 6, 58).
cost(10, 7, 77).
cost(10, 8, 7).
cost(10, 9, 79).
cost(10, 11, 84).
cost(10, 12, 12).
cost(10, 13, 48).
cost(10, 14, 64).
cost(10, 15, 81).
cost(10, 16, 60).
cost(10, 17, 54).
cost(10, 18, 54).
cost(10, 19, 65).
cost(10, 20, 77).
cost(10, 21, 13).
cost(11, 1, 57).
cost(11, 2, 32).
cost(11, 3, 45).
cost(11, 4, 39).
cost(11, 5, 42).
cost(11, 6, 38).
cost(11, 7, 20).
cost(11, 8, 78).
cost(11, 9, 47).
cost(11, 10, 84).
cost(11, 12, 96).
cost(11, 13, 47).
cost(11, 14, 63).
cost(11, 15, 18).
cost(11, 16, 28).
cost(11, 17, 52).
cost(11, 18, 54).
cost(11, 19, 39).
cost(11, 20, 31).
cost(11, 21, 89).
cost(12, 1, 68).
cost(12, 2, 65).
cost(12, 3, 80).
cost(12, 4, 57).
cost(12, 5, 81).
cost(12, 6, 70).
cost(12, 7, 88).
cost(12, 8, 19).
cost(12, 9, 90).
cost(12, 10, 12).
cost(12, 11, 96).
cost(12, 13, 61).
cost(12, 14, 70).
cost(12, 15, 94).
cost(12, 16, 71).
cost(12, 17, 65).
cost(12, 18, 62).
cost(12, 19, 74).
cost(12, 20, 89).
cost(12, 21, 12).
cost(13, 1, 16).
cost(13, 2, 31).
cost(13, 3, 63).
cost(13, 4, 22).
cost(13, 5, 62).
cost(13, 6, 10).
cost(13, 7, 51).
cost(13, 8, 42).
cost(13, 9, 31).
cost(13, 10, 48).
cost(13, 11, 47).
cost(13, 12, 61).
cost(13, 14, 70).
cost(13, 15, 37).
cost(13, 16, 38).
cost(13, 17, 10).
cost(13, 18, 57).
cost(13, 19, 53).
cost(13, 20, 29).
cost(13, 21, 58).
cost(14, 1, 86).
cost(14, 2, 42).
cost(14, 3, 20).
cost(14, 4, 47).
cost(14, 5, 23).
cost(14, 6, 71).
cost(14, 7, 44).
cost(14, 8, 63).
cost(14, 9, 93).
cost(14, 10, 64).
cost(14, 11, 63).
cost(14, 12, 70).
cost(14, 13, 70).
cost(14, 15, 75).
cost(14, 16, 39).
cost(14, 17, 79).
cost(14, 18, 13).
cost(14, 19, 24).
cost(14, 20, 81).
cost(14, 21, 58).
cost(15, 1, 43).
cost(15, 2, 36).
cost(15, 3, 59).
cost(15, 4, 39).
cost(15, 5, 56).
cost(15, 6, 27).
cost(15, 7, 35).
cost(15, 8, 75).
cost(15, 9, 29).
cost(15, 10, 81).
cost(15, 11, 18).
cost(15, 12, 94).
cost(15, 13, 37).
cost(15, 14, 75).
cost(15, 16, 36).
cost(15, 17, 39).
cost(15, 18, 64).
cost(15, 19, 51).
cost(15, 20, 13).
cost(15, 21, 89).
cost(16, 1, 54).
cost(16, 2, 8).
cost(16, 3, 26).
cost(16, 4, 19).
cost(16, 5, 24).
cost(16, 6, 36).
cost(16, 7, 17).
cost(16, 8, 55).
cost(16, 9, 56).
cost(16, 10, 60).
cost(16, 11, 28).
cost(16, 12, 71).
cost(16, 13, 38).
cost(16, 14, 39).
cost(16, 15, 36).
cost(16, 17, 47).
cost(16, 18, 28).
cost(16, 19, 17).
cost(16, 20, 43).
cost(16, 21, 63).
cost(17, 1, 6).
cost(17, 2, 40).
cost(17, 3, 73).
cost(17, 4, 32).
cost(17, 5, 71).
cost(17, 6, 14).
cost(17, 7, 59).
cost(17, 8, 47).
cost(17, 9, 25).
cost(17, 10, 54).
cost(17, 11, 52).
cost(17, 12, 65).
cost(17, 13, 10).
cost(17, 14, 79).
cost(17, 15, 39).
cost(17, 16, 47).
cost(17, 18, 66).
cost(17, 19, 63).
cost(17, 20, 29).
cost(17, 21, 65).
cost(18, 1, 73).
cost(18, 2, 29).
cost(18, 3, 19).
cost(18, 4, 34).
cost(18, 5, 20).
cost(18, 6, 58).
cost(18, 7, 37).
cost(18, 8, 52).
cost(18, 9, 81).
cost(18, 10, 54).
cost(18, 11, 54).
cost(18, 12, 62).
cost(18, 13, 57).
cost(18, 14, 13).
cost(18, 15, 64).
cost(18, 16, 28).
cost(18, 17, 66).
cost(18, 19, 17).
cost(18, 20, 69).
cost(18, 21, 51).
cost(19, 1, 69).
cost(19, 2, 23).
cost(19, 3, 10).
cost(19, 4, 32).
cost(19, 5, 8).
cost(19, 6, 52).
cost(19, 7, 21).
cost(19, 8, 61).
cost(19, 9, 72).
cost(19, 10, 65).
cost(19, 11, 39).
cost(19, 12, 74).
cost(19, 13, 53).
cost(19, 14, 24).
cost(19, 15, 51).
cost(19, 16, 17).
cost(19, 17, 63).
cost(19, 18, 17).
cost(19, 20, 59).
cost(19, 21, 64).
cost(20, 1, 32).
cost(20, 2, 40).
cost(20, 3, 68).
cost(20, 4, 39).
cost(20, 5, 65).
cost(20, 6, 19).
cost(20, 7, 46).
cost(20, 8, 71).
cost(20, 9, 16).
cost(20, 10, 77).
cost(20, 11, 31).
cost(20, 12, 89).
cost(20, 13, 29).
cost(20, 14, 81).
cost(20, 15, 13).
cost(20, 16, 43).
cost(20, 17, 29).
cost(20, 18, 69).
cost(20, 19, 59).
cost(20, 21, 86).
cost(21, 1, 68).
cost(21, 2, 57).
cost(21, 3, 69).
cost(21, 4, 51).
cost(21, 5, 70).
cost(21, 6, 67).
cost(21, 7, 79).
cost(21, 8, 19).
cost(21, 9, 89).
cost(21, 10, 13).
cost(21, 11, 89).
cost(21, 12, 12).
cost(21, 13, 58).
cost(21, 14, 58).
cost(21, 15, 89).
cost(21, 16, 63).
cost(21, 17, 65).
cost(21, 18, 51).
cost(21, 19, 64).
cost(21, 20, 86).
nocross(1,4).
nocross(1,6).
nocross(1,8).
nocross(1,9).
nocross(1,10).
nocross(1,12).
nocross(1,13).
nocross(1,17).
nocross(1,20).
nocross(2,1).
nocross(2,3).
nocross(2,4).
nocross(2,5).
nocross(2,6).
nocross(2,7).
nocross(2,11).
nocross(2,13).
nocross(2,15).
nocross(2,16).
nocross(2,17).
nocross(2,18).
nocross(2,19).
nocross(2,20).
nocross(3,2).
nocross(3,5).
nocross(3,7).
nocross(3,14).
nocross(3,16).
nocross(3,18).
nocross(3,19).
nocross(4,1).
nocross(4,2).
nocross(4,3).
nocross(4,6).
nocross(4,8).
nocross(4,10).
nocross(4,13).
nocross(4,15).
nocross(4,16).
nocross(4,17).
nocross(4,18).
nocross(4,19).
nocross(4,20).
nocross(4,21).
nocross(5,2).
nocross(5,3).
nocross(5,7).
nocross(5,14).
nocross(5,16).
nocross(5,18).
nocross(5,19).
nocross(6,1).
nocross(6,2).
nocross(6,4).
nocross(6,5).
nocross(6,9).
nocross(6,11).
nocross(6,13).
nocross(6,15).
nocross(6,16).
nocross(6,17).
nocross(6,20).
nocross(7,2).
nocross(7,3).
nocross(7,4).
nocross(7,5).
nocross(7,6).
nocross(7,11).
nocross(7,15).
nocross(7,16).
nocross(7,19).
nocross(8,1).
nocross(8,4).
nocross(8,10).
nocross(8,12).
nocross(8,13).
nocross(8,17).
nocross(8,21).
nocross(9,1).
nocross(9,6).
nocross(9,11).
nocross(9,13).
nocross(9,15).
nocross(9,17).
nocross(9,20).
nocross(10,1).
nocross(10,8).
nocross(10,12).
nocross(10,17).
nocross(10,21).
nocross(11,2).
nocross(11,4).
nocross(11,5).
nocross(11,6).
nocross(11,7).
nocross(11,9).
nocross(11,15).
nocross(11,16).
nocross(11,19).
nocross(11,20).
nocross(12,1).
nocross(12,8).
nocross(12,10).
nocross(12,21).
nocross(13,1).
nocross(13,2).
nocross(13,4).
nocross(13,6).
nocross(13,8).
nocross(13,9).
nocross(13,10).
nocross(13,12).
nocross(13,15).
nocross(13,17).
nocross(13,20).
nocross(13,21).
nocross(14,2).
nocross(14,3).
nocross(14,5).
nocross(14,16).
nocross(14,18).
nocross(14,19).
nocross(14,21).
nocross(15,2).
nocross(15,3).
nocross(15,4).
nocross(15,5).
nocross(15,6).
nocross(15,7).
nocross(15,9).
nocross(15,11).
nocross(15,13).
nocross(15,16).
nocross(15,17).
nocross(15,20).
nocross(16,2).
nocross(16,3).
nocross(16,4).
nocross(16,5).
nocross(16,6).
nocross(16,7).
nocross(16,11).
nocross(16,15).
nocross(16,18).
nocross(16,19).
nocross(17,1).
nocross(17,2).
nocross(17,4).
nocross(17,6).
nocross(17,8).
nocross(17,9).
nocross(17,10).
nocross(17,12).
nocross(17,13).
nocross(17,15).
nocross(17,20).
nocross(18,2).
nocross(18,3).
nocross(18,4).
nocross(18,5).
nocross(18,14).
nocross(18,16).
nocross(18,19).
nocross(18,21).
nocross(19,2).
nocross(19,3).
nocross(19,4).
nocross(19,5).
nocross(19,7).
nocross(19,11).
nocross(19,14).
nocross(19,16).
nocross(19,18).
nocross(20,2).
nocross(20,3).
nocross(20,4).
nocross(20,5).
nocross(20,6).
nocross(20,9).
nocross(20,11).
nocross(20,13).
nocross(20,15).
nocross(20,16).
nocross(20,17).
nocross(21,3).
nocross(21,8).
nocross(21,10).
nocross(21,12).
nocross(21,14).
nocross(21,18).
