dimension(21).
point(1, 22.7713320768, 78.7796932419).
point(2, 75.3611305674, 31.9294848982).
point(3, 94.9525654062, 20.4139319041).
point(4, 22.9081863458, 14.2825260562).
point(5, 18.0532263537, 68.6969975082).
point(6, 72.1967527175, 42.5905487064).
point(7, 46.5870997078, 87.5928990632).
point(8, 88.4077497196, 16.3702327089).
point(9, 69.8417688578, 86.5641752916).
point(10, 10.2726274161, 29.1881647297).
point(11, 21.5600794168, 6.9589074898).
point(12, 60.7351780998, 32.186120676).
point(13, 20.1105802885, 3.3131399462).
point(14, 32.3294876224, 2.109250475).
point(15, 29.5943742339, 62.1561653499).
point(16, 25.8203374218, 69.8977644082).
point(17, 39.0012927877, 67.6577586473).
point(18, 91.0404850456, 36.4602386419).
point(19, 64.8602916371, 40.3907114262).
point(20, 63.9139896831, 79.5530429597).
point(21, 91.2338340924, 23.3746721872).
cost(1, 2, 70).
cost(1, 3, 93).
cost(1, 4, 64).
cost(1, 5, 11).
cost(1, 6, 61).
cost(1, 7, 25).
cost(1, 8, 91).
cost(1, 9, 48).
cost(1, 10, 51).
cost(1, 11, 72).
cost(1, 12, 60).
cost(1, 13, 76).
cost(1, 14, 77).
cost(1, 15, 18).
cost(1, 16, 9).
cost(1, 17, 20).
cost(1, 18, 80).
cost(1, 19, 57).
cost(1, 20, 41).
cost(1, 21, 88).
cost(2, 1, 70).
cost(2, 3, 23).
cost(2, 4, 55).
cost(2, 5, 68).
cost(2, 6, 11).
cost(2, 7, 63).
cost(2, 8, 20).
cost(2, 9, 55).
cost(2, 10, 65).
cost(2, 11, 59).
cost(2, 12, 15).
cost(2, 13, 62).
cost(2, 14, 52).
cost(2, 15, 55).
cost(2, 16, 62).
cost(2, 17, 51).
cost(2, 18, 16).
cost(2, 19, 13).
cost(2, 20, 49).
cost(2, 21, 18).
cost(3, 1, 93).
cost(3, 2, 23).
cost(3, 4, 72).
cost(3, 5, 91).
cost(3, 6, 32).
cost(3, 7, 83).
cost(3, 8, 8).
cost(3, 9, 71).
cost(3, 10, 85).
cost(3, 11, 75).
cost(3, 12, 36).
cost(3, 13, 77).
cost(3, 14, 65).
cost(3, 15, 78).
cost(3, 16, 85).
cost(3, 17, 73).
cost(3, 18, 17).
cost(3, 19, 36).
cost(3, 20, 67).
cost(3, 21, 5).
cost(4, 1, 64).
cost(4, 2, 55).
cost(4, 3, 72).
cost(4, 5, 55).
cost(4, 6, 57).
cost(4, 7, 77).
cost(4, 8, 66).
cost(4, 9, 86).
cost(4, 10, 20).
cost(4, 11, 7).
cost(4, 12, 42).
cost(4, 13, 11).
cost(4, 14, 15).
cost(4, 15, 48).
cost(4, 16, 56).
cost(4, 17, 56).
cost(4, 18, 72).
cost(4, 19, 49).
cost(4, 20, 77).
cost(4, 21, 69).
cost(5, 1, 11).
cost(5, 2, 68).
cost(5, 3, 91).
cost(5, 4, 55).
cost(5, 6, 60).
cost(5, 7, 34).
cost(5, 8, 88).
cost(5, 9, 55).
cost(5, 10, 40).
cost(5, 11, 62).
cost(5, 12, 56).
cost(5, 13, 65).
cost(5, 14, 68).
cost(5, 15, 13).
cost(5, 16, 8).
cost(5, 17, 21).
cost(5, 18, 80).
cost(5, 19, 55).
cost(5, 20, 47).
cost(5, 21, 86).
cost(6, 1, 61).
cost(6, 2, 11).
cost(6, 3, 32).
cost(6, 4, 57).
cost(6, 5, 60).
cost(6, 7, 52).
cost(6, 8, 31).
cost(6, 9, 44).
cost(6, 10, 63).
cost(6, 11, 62).
cost(6, 12, 15).
cost(6, 13, 65).
cost(6, 14, 57).
cost(6, 15, 47).
cost(6, 16, 54).
cost(6, 17, 42).
cost(6, 18, 20).
cost(6, 19, 8).
cost(6, 20, 38).
cost(6, 21, 27).
cost(7, 1, 25).
cost(7, 2, 63).
cost(7, 3, 83).
cost(7, 4, 77).
cost(7, 5, 34).
cost(7, 6, 52).
cost(7, 8, 83).
cost(7, 9, 23).
cost(7, 10, 69).
cost(7, 11, 84).
cost(7, 12, 57).
cost(7, 13, 88).
cost(7, 14, 87).
cost(7, 15, 31).
cost(7, 16, 27).
cost(7, 17, 21).
cost(7, 18, 68).
cost(7, 19, 51).
cost(7, 20, 19).
cost(7, 21, 78).
cost(8, 1, 91).
cost(8, 2, 20).
cost(8, 3, 8).
cost(8, 4, 66).
cost(8, 5, 88).
cost(8, 6, 31).
cost(8, 7, 83).
cost(8, 9, 73).
cost(8, 10, 79).
cost(8, 11, 68).
cost(8, 12, 32).
cost(8, 13, 70).
cost(8, 14, 58).
cost(8, 15, 75).
cost(8, 16, 82).
cost(8, 17, 71).
cost(8, 18, 20).
cost(8, 19, 34).
cost(8, 20, 68).
cost(8, 21, 8).
cost(9, 1, 48).
cost(9, 2, 55).
cost(9, 3, 71).
cost(9, 4, 86).
cost(9, 5, 55).
cost(9, 6, 44).
cost(9, 7, 23).
cost(9, 8, 73).
cost(9, 10, 83).
cost(9, 11, 93).
cost(9, 12, 55).
cost(9, 13, 97).
cost(9, 14, 92).
cost(9, 15, 47).
cost(9, 16, 47).
cost(9, 17, 36).
cost(9, 18, 54).
cost(9, 19, 46).
cost(9, 20, 9).
cost(9, 21, 67).
cost(10, 1, 51).
cost(10, 2, 65).
cost(10, 3, 85).
cost(10, 4, 20).
cost(10, 5, 40).
cost(10, 6, 63).
cost(10, 7, 69).
cost(10, 8, 79).
cost(10, 9, 83).
cost(10, 11, 25).
cost(10, 12, 51).
cost(10, 13, 28).
cost(10, 14, 35).
cost(10, 15, 38).
cost(10, 16, 44).
cost(10, 17, 48).
cost(10, 18, 81).
cost(10, 19, 56).
cost(10, 20, 74).
cost(10, 21, 81).
cost(11, 1, 72).
cost(11, 2, 59).
cost(11, 3, 75).
cost(11, 4, 7).
cost(11, 5, 62).
cost(11, 6, 62).
cost(11, 7, 84).
cost(11, 8, 68).
cost(11, 9, 93).
cost(11, 10, 25).
cost(11, 12, 47).
cost(11, 13, 4).
cost(11, 14, 12).
cost(11, 15, 56).
cost(11, 16, 63).
cost(11, 17, 63).
cost(11, 18, 75).
cost(11, 19, 55).
cost(11, 20, 84).
cost(11, 21, 72).
cost(12, 1, 60).
cost(12, 2, 15).
cost(12, 3, 36).
cost(12, 4, 42).
cost(12, 5, 56).
cost(12, 6, 15).
cost(12, 7, 57).
cost(12, 8, 32).
cost(12, 9, 55).
cost(12, 10, 51).
cost(12, 11, 47).
cost(12, 13, 50).
cost(12, 14, 41).
cost(12, 15, 43).
cost(12, 16, 51).
cost(12, 17, 42).
cost(12, 18, 31).
cost(12, 19, 9).
cost(12, 20, 47).
cost(12, 21, 32).
cost(13, 1, 76).
cost(13, 2, 62).
cost(13, 3, 77).
cost(13, 4, 11).
cost(13, 5, 65).
cost(13, 6, 65).
cost(13, 7, 88).
cost(13, 8, 70).
cost(13, 9, 97).
cost(13, 10, 28).
cost(13, 11, 4).
cost(13, 12, 50).
cost(13, 14, 12).
cost(13, 15, 60).
cost(13, 16, 67).
cost(13, 17, 67).
cost(13, 18, 78).
cost(13, 19, 58).
cost(13, 20, 88).
cost(13, 21, 74).
cost(14, 1, 77).
cost(14, 2, 52).
cost(14, 3, 65).
cost(14, 4, 15).
cost(14, 5, 68).
cost(14, 6, 57).
cost(14, 7, 87).
cost(14, 8, 58).
cost(14, 9, 92).
cost(14, 10, 35).
cost(14, 11, 12).
cost(14, 12, 41).
cost(14, 13, 12).
cost(14, 15, 60).
cost(14, 16, 68).
cost(14, 17, 66).
cost(14, 18, 68).
cost(14, 19, 50).
cost(14, 20, 84).
cost(14, 21, 63).
cost(15, 1, 18).
cost(15, 2, 55).
cost(15, 3, 78).
cost(15, 4, 48).
cost(15, 5, 13).
cost(15, 6, 47).
cost(15, 7, 31).
cost(15, 8, 75).
cost(15, 9, 47).
cost(15, 10, 38).
cost(15, 11, 56).
cost(15, 12, 43).
cost(15, 13, 60).
cost(15, 14, 60).
cost(15, 16, 9).
cost(15, 17, 11).
cost(15, 18, 67).
cost(15, 19, 41).
cost(15, 20, 38).
cost(15, 21, 73).
cost(16, 1, 9).
cost(16, 2, 62).
cost(16, 3, 85).
cost(16, 4, 56).
cost(16, 5, 8).
cost(16, 6, 54).
cost(16, 7, 27).
cost(16, 8, 82).
cost(16, 9, 47).
cost(16, 10, 44).
cost(16, 11, 63).
cost(16, 12, 51).
cost(16, 13, 67).
cost(16, 14, 68).
cost(16, 15, 9).
cost(16, 17, 13).
cost(16, 18, 73).
cost(16, 19, 49).
cost(16, 20, 39).
cost(16, 21, 80).
cost(17, 1, 20).
cost(17, 2, 51).
cost(17, 3, 73).
cost(17, 4, 56).
cost(17, 5, 21).
cost(17, 6, 42).
cost(17, 7, 21).
cost(17, 8, 71).
cost(17, 9, 36).
cost(17, 10, 48).
cost(17, 11, 63).
cost(17, 12, 42).
cost(17, 13, 67).
cost(17, 14, 66).
cost(17, 15, 11).
cost(17, 16, 13).
cost(17, 18, 61).
cost(17, 19, 38).
cost(17, 20, 28).
cost(17, 21, 68).
cost(18, 1, 80).
cost(18, 2, 16).
cost(18, 3, 17).
cost(18, 4, 72).
cost(18, 5, 80).
cost(18, 6, 20).
cost(18, 7, 68).
cost(18, 8, 20).
cost(18, 9, 54).
cost(18, 10, 81).
cost(18, 11, 75).
cost(18, 12, 31).
cost(18, 13, 78).
cost(18, 14, 68).
cost(18, 15, 67).
cost(18, 16, 73).
cost(18, 17, 61).
cost(18, 19, 26).
cost(18, 20, 51).
cost(18, 21, 13).
cost(19, 1, 57).
cost(19, 2, 13).
cost(19, 3, 36).
cost(19, 4, 49).
cost(19, 5, 55).
cost(19, 6, 8).
cost(19, 7, 51).
cost(19, 8, 34).
cost(19, 9, 46).
cost(19, 10, 56).
cost(19, 11, 55).
cost(19, 12, 9).
cost(19, 13, 58).
cost(19, 14, 50).
cost(19, 15, 41).
cost(19, 16, 49).
cost(19, 17, 38).
cost(19, 18, 26).
cost(19, 20, 39).
cost(19, 21, 31).
cost(20, 1, 41).
cost(20, 2, 49).
cost(20, 3, 67).
cost(20, 4, 77).
cost(20, 5, 47).
cost(20, 6, 38).
cost(20, 7, 19).
cost(20, 8, 68).
cost(20, 9, 9).
cost(20, 10, 74).
cost(20, 11, 84).
cost(20, 12, 47).
cost(20, 13, 88).
cost(20, 14, 84).
cost(20, 15, 38).
cost(20, 16, 39).
cost(20, 17, 28).
cost(20, 18, 51).
cost(20, 19, 39).
cost(20, 21, 62).
cost(21, 1, 88).
cost(21, 2, 18).
cost(21, 3, 5).
cost(21, 4, 69).
cost(21, 5, 86).
cost(21, 6, 27).
cost(21, 7, 78).
cost(21, 8, 8).
cost(21, 9, 67).
cost(21, 10, 81).
cost(21, 11, 72).
cost(21, 12, 32).
cost(21, 13, 74).
cost(21, 14, 63).
cost(21, 15, 73).
cost(21, 16, 80).
cost(21, 17, 68).
cost(21, 18, 13).
cost(21, 19, 31).
cost(21, 20, 62).
nocross(1,5).
nocross(1,7).
nocross(1,15).
nocross(1,16).
nocross(1,17).
nocross(1,20).
nocross(2,3).
nocross(2,6).
nocross(2,8).
nocross(2,12).
nocross(2,18).
nocross(2,19).
nocross(2,20).
nocross(2,21).
nocross(3,2).
nocross(3,6).
nocross(3,8).
nocross(3,12).
nocross(3,18).
nocross(3,19).
nocross(3,21).
nocross(4,5).
nocross(4,10).
nocross(4,11).
nocross(4,12).
nocross(4,13).
nocross(4,14).
nocross(4,15).
nocross(5,1).
nocross(5,7).
nocross(5,10).
nocross(5,15).
nocross(5,16).
nocross(5,17).
nocross(5,20).
nocross(6,2).
nocross(6,3).
nocross(6,9).
nocross(6,12).
nocross(6,17).
nocross(6,18).
nocross(6,19).
nocross(6,20).
nocross(6,21).
nocross(7,1).
nocross(7,5).
nocross(7,6).
nocross(7,9).
nocross(7,15).
nocross(7,16).
nocross(7,17).
nocross(7,19).
nocross(7,20).
nocross(8,2).
nocross(8,3).
nocross(8,6).
nocross(8,12).
nocross(8,18).
nocross(8,19).
nocross(8,21).
nocross(9,6).
nocross(9,7).
nocross(9,15).
nocross(9,16).
nocross(9,17).
nocross(9,18).
nocross(9,19).
nocross(9,20).
nocross(10,1).
nocross(10,4).
nocross(10,5).
nocross(10,11).
nocross(10,12).
nocross(10,13).
nocross(10,14).
nocross(10,15).
nocross(10,16).
nocross(10,17).
nocross(10,19).
nocross(11,4).
nocross(11,5).
nocross(11,10).
nocross(11,13).
nocross(11,14).
nocross(12,2).
nocross(12,4).
nocross(12,6).
nocross(12,8).
nocross(12,11).
nocross(12,13).
nocross(12,14).
nocross(12,15).
nocross(12,17).
nocross(12,19).
nocross(12,20).
nocross(12,21).
nocross(13,4).
nocross(13,10).
nocross(13,11).
nocross(13,14).
nocross(14,4).
nocross(14,8).
nocross(14,10).
nocross(14,11).
nocross(14,12).
nocross(14,13).
nocross(14,19).
nocross(15,1).
nocross(15,4).
nocross(15,5).
nocross(15,7).
nocross(15,10).
nocross(15,11).
nocross(15,12).
nocross(15,13).
nocross(15,16).
nocross(15,17).
nocross(15,19).
nocross(15,20).
nocross(16,1).
nocross(16,5).
nocross(16,7).
nocross(16,10).
nocross(16,15).
nocross(16,17).
nocross(16,20).
nocross(17,1).
nocross(17,6).
nocross(17,7).
nocross(17,12).
nocross(17,15).
nocross(17,16).
nocross(17,19).
nocross(17,20).
nocross(18,2).
nocross(18,3).
nocross(18,6).
nocross(18,9).
nocross(18,12).
nocross(18,19).
nocross(18,20).
nocross(18,21).
nocross(19,2).
nocross(19,4).
nocross(19,6).
nocross(19,11).
nocross(19,12).
nocross(19,15).
nocross(19,17).
nocross(19,18).
nocross(19,20).
nocross(19,21).
nocross(20,1).
nocross(20,2).
nocross(20,6).
nocross(20,7).
nocross(20,9).
nocross(20,12).
nocross(20,15).
nocross(20,16).
nocross(20,17).
nocross(20,18).
nocross(20,19).
nocross(20,21).
nocross(21,2).
nocross(21,3).
nocross(21,6).
nocross(21,8).
nocross(21,12).
nocross(21,18).
nocross(21,19).
nocross(21,20).
