dimension(21).
point(1, 23.775708375, 34.570716444).
point(2, 68.5038820308, 84.49433951).
point(3, 46.8689409192, 20.7188738034).
point(4, 22.6915440875, 31.3339921288).
point(5, 91.5661072281, 59.0744839483).
point(6, 88.0239004302, 42.5663339726).
point(7, 13.5356633737, 19.0828713249).
point(8, 76.6249325966, 96.8389479154).
point(9, 33.8118516121, 7.755272733).
point(10, 38.7392672643, 0.9892761682).
point(11, 45.6888316136, 24.1181643046).
point(12, 33.6948926077, 70.9667085482).
point(13, 75.8707047334, 89.1267194126).
point(14, 26.1088450433, 41.7557847338).
point(15, 41.3047780853, 61.2936575662).
point(16, 81.3563808386, 77.5883204066).
point(17, 91.0161727878, 47.9348997118).
point(18, 36.0330898499, 58.7206983331).
point(19, 29.3676100462, 8.2796212999).
point(20, 35.5200743113, 91.7915472687).
point(21, 60.7691984797, 42.7123511587).
cost(1, 2, 67).
cost(1, 3, 27).
cost(1, 4, 3).
cost(1, 5, 72).
cost(1, 6, 65).
cost(1, 7, 19).
cost(1, 8, 82).
cost(1, 9, 29).
cost(1, 10, 37).
cost(1, 11, 24).
cost(1, 12, 38).
cost(1, 13, 75).
cost(1, 14, 8).
cost(1, 15, 32).
cost(1, 16, 72).
cost(1, 17, 69).
cost(1, 18, 27).
cost(1, 19, 27).
cost(1, 20, 58).
cost(1, 21, 38).
cost(2, 1, 67).
cost(2, 3, 67).
cost(2, 4, 70).
cost(2, 5, 34).
cost(2, 6, 46).
cost(2, 7, 85).
cost(2, 8, 15).
cost(2, 9, 84).
cost(2, 10, 89).
cost(2, 11, 65).
cost(2, 12, 37).
cost(2, 13, 9).
cost(2, 14, 60).
cost(2, 15, 36).
cost(2, 16, 15).
cost(2, 17, 43).
cost(2, 18, 41).
cost(2, 19, 86).
cost(2, 20, 34).
cost(2, 21, 42).
cost(3, 1, 27).
cost(3, 2, 67).
cost(3, 4, 26).
cost(3, 5, 59).
cost(3, 6, 47).
cost(3, 7, 33).
cost(3, 8, 82).
cost(3, 9, 18).
cost(3, 10, 21).
cost(3, 11, 4).
cost(3, 12, 52).
cost(3, 13, 74).
cost(3, 14, 30).
cost(3, 15, 41).
cost(3, 16, 67).
cost(3, 17, 52).
cost(3, 18, 40).
cost(3, 19, 21).
cost(3, 20, 72).
cost(3, 21, 26).
cost(4, 1, 3).
cost(4, 2, 70).
cost(4, 3, 26).
cost(4, 5, 74).
cost(4, 6, 66).
cost(4, 7, 15).
cost(4, 8, 85).
cost(4, 9, 26).
cost(4, 10, 34).
cost(4, 11, 24).
cost(4, 12, 41).
cost(4, 13, 79).
cost(4, 14, 11).
cost(4, 15, 35).
cost(4, 16, 75).
cost(4, 17, 70).
cost(4, 18, 30).
cost(4, 19, 24).
cost(4, 20, 62).
cost(4, 21, 40).
cost(5, 1, 72).
cost(5, 2, 34).
cost(5, 3, 59).
cost(5, 4, 74).
cost(5, 6, 17).
cost(5, 7, 88).
cost(5, 8, 41).
cost(5, 9, 77).
cost(5, 10, 79).
cost(5, 11, 58).
cost(5, 12, 59).
cost(5, 13, 34).
cost(5, 14, 68).
cost(5, 15, 50).
cost(5, 16, 21).
cost(5, 17, 11).
cost(5, 18, 56).
cost(5, 19, 80).
cost(5, 20, 65).
cost(5, 21, 35).
cost(6, 1, 65).
cost(6, 2, 46).
cost(6, 3, 47).
cost(6, 4, 66).
cost(6, 5, 17).
cost(6, 7, 78).
cost(6, 8, 55).
cost(6, 9, 64).
cost(6, 10, 64).
cost(6, 11, 46).
cost(6, 12, 61).
cost(6, 13, 48).
cost(6, 14, 62).
cost(6, 15, 50).
cost(6, 16, 36).
cost(6, 17, 6).
cost(6, 18, 54).
cost(6, 19, 68).
cost(6, 20, 72).
cost(6, 21, 27).
cost(7, 1, 19).
cost(7, 2, 85).
cost(7, 3, 33).
cost(7, 4, 15).
cost(7, 5, 88).
cost(7, 6, 78).
cost(7, 8, 100).
cost(7, 9, 23).
cost(7, 10, 31).
cost(7, 11, 33).
cost(7, 12, 56).
cost(7, 13, 94).
cost(7, 14, 26).
cost(7, 15, 51).
cost(7, 16, 90).
cost(7, 17, 83).
cost(7, 18, 46).
cost(7, 19, 19).
cost(7, 20, 76).
cost(7, 21, 53).
cost(8, 1, 82).
cost(8, 2, 15).
cost(8, 3, 82).
cost(8, 4, 85).
cost(8, 5, 41).
cost(8, 6, 55).
cost(8, 7, 100).
cost(8, 9, 99).
cost(8, 10, 103).
cost(8, 11, 79).
cost(8, 12, 50).
cost(8, 13, 8).
cost(8, 14, 75).
cost(8, 15, 50).
cost(8, 16, 20).
cost(8, 17, 51).
cost(8, 18, 56).
cost(8, 19, 100).
cost(8, 20, 41).
cost(8, 21, 56).
cost(9, 1, 29).
cost(9, 2, 84).
cost(9, 3, 18).
cost(9, 4, 26).
cost(9, 5, 77).
cost(9, 6, 64).
cost(9, 7, 23).
cost(9, 8, 99).
cost(9, 10, 8).
cost(9, 11, 20).
cost(9, 12, 63).
cost(9, 13, 92).
cost(9, 14, 35).
cost(9, 15, 54).
cost(9, 16, 84).
cost(9, 17, 70).
cost(9, 18, 51).
cost(9, 19, 4).
cost(9, 20, 84).
cost(9, 21, 44).
cost(10, 1, 37).
cost(10, 2, 89).
cost(10, 3, 21).
cost(10, 4, 34).
cost(10, 5, 79).
cost(10, 6, 64).
cost(10, 7, 31).
cost(10, 8, 103).
cost(10, 9, 8).
cost(10, 11, 24).
cost(10, 12, 70).
cost(10, 13, 96).
cost(10, 14, 43).
cost(10, 15, 60).
cost(10, 16, 88).
cost(10, 17, 70).
cost(10, 18, 58).
cost(10, 19, 12).
cost(10, 20, 91).
cost(10, 21, 47).
cost(11, 1, 24).
cost(11, 2, 65).
cost(11, 3, 4).
cost(11, 4, 24).
cost(11, 5, 58).
cost(11, 6, 46).
cost(11, 7, 33).
cost(11, 8, 79).
cost(11, 9, 20).
cost(11, 10, 24).
cost(11, 12, 48).
cost(11, 13, 72).
cost(11, 14, 26).
cost(11, 15, 37).
cost(11, 16, 64).
cost(11, 17, 51).
cost(11, 18, 36).
cost(11, 19, 23).
cost(11, 20, 68).
cost(11, 21, 24).
cost(12, 1, 38).
cost(12, 2, 37).
cost(12, 3, 52).
cost(12, 4, 41).
cost(12, 5, 59).
cost(12, 6, 61).
cost(12, 7, 56).
cost(12, 8, 50).
cost(12, 9, 63).
cost(12, 10, 70).
cost(12, 11, 48).
cost(12, 13, 46).
cost(12, 14, 30).
cost(12, 15, 12).
cost(12, 16, 48).
cost(12, 17, 62).
cost(12, 18, 12).
cost(12, 19, 63).
cost(12, 20, 21).
cost(12, 21, 39).
cost(13, 1, 75).
cost(13, 2, 9).
cost(13, 3, 74).
cost(13, 4, 79).
cost(13, 5, 34).
cost(13, 6, 48).
cost(13, 7, 94).
cost(13, 8, 8).
cost(13, 9, 92).
cost(13, 10, 96).
cost(13, 11, 72).
cost(13, 12, 46).
cost(13, 14, 69).
cost(13, 15, 44).
cost(13, 16, 13).
cost(13, 17, 44).
cost(13, 18, 50).
cost(13, 19, 93).
cost(13, 20, 40).
cost(13, 21, 49).
cost(14, 1, 8).
cost(14, 2, 60).
cost(14, 3, 30).
cost(14, 4, 11).
cost(14, 5, 68).
cost(14, 6, 62).
cost(14, 7, 26).
cost(14, 8, 75).
cost(14, 9, 35).
cost(14, 10, 43).
cost(14, 11, 26).
cost(14, 12, 30).
cost(14, 13, 69).
cost(14, 15, 25).
cost(14, 16, 66).
cost(14, 17, 65).
cost(14, 18, 20).
cost(14, 19, 34).
cost(14, 20, 51).
cost(14, 21, 35).
cost(15, 1, 32).
cost(15, 2, 36).
cost(15, 3, 41).
cost(15, 4, 35).
cost(15, 5, 50).
cost(15, 6, 50).
cost(15, 7, 51).
cost(15, 8, 50).
cost(15, 9, 54).
cost(15, 10, 60).
cost(15, 11, 37).
cost(15, 12, 12).
cost(15, 13, 44).
cost(15, 14, 25).
cost(15, 16, 43).
cost(15, 17, 51).
cost(15, 18, 6).
cost(15, 19, 54).
cost(15, 20, 31).
cost(15, 21, 27).
cost(16, 1, 72).
cost(16, 2, 15).
cost(16, 3, 67).
cost(16, 4, 75).
cost(16, 5, 21).
cost(16, 6, 36).
cost(16, 7, 90).
cost(16, 8, 20).
cost(16, 9, 84).
cost(16, 10, 88).
cost(16, 11, 64).
cost(16, 12, 48).
cost(16, 13, 13).
cost(16, 14, 66).
cost(16, 15, 43).
cost(16, 17, 31).
cost(16, 18, 49).
cost(16, 19, 87).
cost(16, 20, 48).
cost(16, 21, 40).
cost(17, 1, 69).
cost(17, 2, 43).
cost(17, 3, 52).
cost(17, 4, 70).
cost(17, 5, 11).
cost(17, 6, 6).
cost(17, 7, 83).
cost(17, 8, 51).
cost(17, 9, 70).
cost(17, 10, 70).
cost(17, 11, 51).
cost(17, 12, 62).
cost(17, 13, 44).
cost(17, 14, 65).
cost(17, 15, 51).
cost(17, 16, 31).
cost(17, 18, 56).
cost(17, 19, 73).
cost(17, 20, 71).
cost(17, 21, 31).
cost(18, 1, 27).
cost(18, 2, 41).
cost(18, 3, 40).
cost(18, 4, 30).
cost(18, 5, 56).
cost(18, 6, 54).
cost(18, 7, 46).
cost(18, 8, 56).
cost(18, 9, 51).
cost(18, 10, 58).
cost(18, 11, 36).
cost(18, 12, 12).
cost(18, 13, 50).
cost(18, 14, 20).
cost(18, 15, 6).
cost(18, 16, 49).
cost(18, 17, 56).
cost(18, 19, 51).
cost(18, 20, 33).
cost(18, 21, 29).
cost(19, 1, 27).
cost(19, 2, 86).
cost(19, 3, 21).
cost(19, 4, 24).
cost(19, 5, 80).
cost(19, 6, 68).
cost(19, 7, 19).
cost(19, 8, 100).
cost(19, 9, 4).
cost(19, 10, 12).
cost(19, 11, 23).
cost(19, 12, 63).
cost(19, 13, 93).
cost(19, 14, 34).
cost(19, 15, 54).
cost(19, 16, 87).
cost(19, 17, 73).
cost(19, 18, 51).
cost(19, 20, 84).
cost(19, 21, 47).
cost(20, 1, 58).
cost(20, 2, 34).
cost(20, 3, 72).
cost(20, 4, 62).
cost(20, 5, 65).
cost(20, 6, 72).
cost(20, 7, 76).
cost(20, 8, 41).
cost(20, 9, 84).
cost(20, 10, 91).
cost(20, 11, 68).
cost(20, 12, 21).
cost(20, 13, 40).
cost(20, 14, 51).
cost(20, 15, 31).
cost(20, 16, 48).
cost(20, 17, 71).
cost(20, 18, 33).
cost(20, 19, 84).
cost(20, 21, 55).
cost(21, 1, 38).
cost(21, 2, 42).
cost(21, 3, 26).
cost(21, 4, 40).
cost(21, 5, 35).
cost(21, 6, 27).
cost(21, 7, 53).
cost(21, 8, 56).
cost(21, 9, 44).
cost(21, 10, 47).
cost(21, 11, 24).
cost(21, 12, 39).
cost(21, 13, 49).
cost(21, 14, 35).
cost(21, 15, 27).
cost(21, 16, 40).
cost(21, 17, 31).
cost(21, 18, 29).
cost(21, 19, 47).
cost(21, 20, 55).
nocross(1,3).
nocross(1,4).
nocross(1,7).
nocross(1,9).
nocross(1,10).
nocross(1,11).
nocross(1,12).
nocross(1,14).
nocross(1,15).
nocross(1,18).
nocross(1,19).
nocross(1,20).
nocross(2,5).
nocross(2,8).
nocross(2,12).
nocross(2,13).
nocross(2,15).
nocross(2,16).
nocross(2,18).
nocross(2,20).
nocross(3,1).
nocross(3,4).
nocross(3,6).
nocross(3,9).
nocross(3,10).
nocross(3,11).
nocross(3,14).
nocross(3,15).
nocross(3,17).
nocross(3,18).
nocross(3,19).
nocross(3,21).
nocross(4,1).
nocross(4,3).
nocross(4,7).
nocross(4,9).
nocross(4,10).
nocross(4,11).
nocross(4,12).
nocross(4,14).
nocross(4,15).
nocross(4,18).
nocross(4,19).
nocross(4,20).
nocross(5,2).
nocross(5,6).
nocross(5,8).
nocross(5,13).
nocross(5,16).
nocross(5,17).
nocross(5,21).
nocross(6,2).
nocross(6,3).
nocross(6,5).
nocross(6,8).
nocross(6,11).
nocross(6,13).
nocross(6,16).
nocross(6,17).
nocross(6,21).
nocross(7,1).
nocross(7,3).
nocross(7,4).
nocross(7,9).
nocross(7,10).
nocross(7,11).
nocross(7,12).
nocross(7,14).
nocross(7,15).
nocross(7,18).
nocross(7,19).
nocross(7,20).
nocross(8,2).
nocross(8,5).
nocross(8,13).
nocross(8,15).
nocross(8,16).
nocross(8,17).
nocross(8,20).
nocross(9,1).
nocross(9,3).
nocross(9,4).
nocross(9,7).
nocross(9,10).
nocross(9,11).
nocross(9,14).
nocross(9,19).
nocross(9,21).
nocross(10,1).
nocross(10,3).
nocross(10,4).
nocross(10,6).
nocross(10,7).
nocross(10,9).
nocross(10,11).
nocross(10,14).
nocross(10,19).
nocross(11,1).
nocross(11,3).
nocross(11,4).
nocross(11,6).
nocross(11,7).
nocross(11,9).
nocross(11,10).
nocross(11,14).
nocross(11,15).
nocross(11,17).
nocross(11,18).
nocross(11,19).
nocross(11,21).
nocross(12,1).
nocross(12,2).
nocross(12,4).
nocross(12,8).
nocross(12,13).
nocross(12,14).
nocross(12,15).
nocross(12,16).
nocross(12,18).
nocross(12,20).
nocross(13,2).
nocross(13,5).
nocross(13,6).
nocross(13,8).
nocross(13,12).
nocross(13,15).
nocross(13,16).
nocross(13,17).
nocross(13,20).
nocross(14,1).
nocross(14,3).
nocross(14,4).
nocross(14,7).
nocross(14,9).
nocross(14,11).
nocross(14,12).
nocross(14,15).
nocross(14,18).
nocross(14,19).
nocross(14,20).
nocross(15,1).
nocross(15,2).
nocross(15,3).
nocross(15,4).
nocross(15,8).
nocross(15,9).
nocross(15,11).
nocross(15,12).
nocross(15,13).
nocross(15,14).
nocross(15,16).
nocross(15,18).
nocross(15,19).
nocross(15,20).
nocross(15,21).
nocross(16,2).
nocross(16,5).
nocross(16,6).
nocross(16,8).
nocross(16,13).
nocross(16,15).
nocross(16,17).
nocross(16,21).
nocross(17,2).
nocross(17,5).
nocross(17,6).
nocross(17,8).
nocross(17,13).
nocross(17,16).
nocross(17,21).
nocross(18,1).
nocross(18,2).
nocross(18,3).
nocross(18,4).
nocross(18,7).
nocross(18,8).
nocross(18,9).
nocross(18,11).
nocross(18,12).
nocross(18,13).
nocross(18,14).
nocross(18,15).
nocross(18,20).
nocross(18,21).
nocross(19,1).
nocross(19,3).
nocross(19,4).
nocross(19,7).
nocross(19,9).
nocross(19,10).
nocross(19,11).
nocross(19,14).
nocross(20,2).
nocross(20,8).
nocross(20,12).
nocross(20,13).
nocross(20,14).
nocross(20,15).
nocross(20,16).
nocross(20,18).
nocross(21,1).
nocross(21,2).
nocross(21,3).
nocross(21,4).
nocross(21,5).
nocross(21,6).
nocross(21,8).
nocross(21,9).
nocross(21,10).
nocross(21,11).
nocross(21,12).
nocross(21,13).
nocross(21,14).
nocross(21,15).
nocross(21,16).
nocross(21,17).
nocross(21,18).
nocross(21,19).
