dimension(21).
point(1, 27.4330513948, 77.6113617305).
point(2, 7.196722715, 42.5147691095).
point(3, 51.2627556143, 30.9322795399).
point(4, 7.5405203858, 23.0604265682).
point(5, 14.8123087319, 71.688086266).
point(6, 90.6841379565, 54.748240113).
point(7, 13.1128468379, 24.1389180017).
point(8, 36.5965604111, 16.7284881668).
point(9, 84.6041158163, 51.2096897084).
point(10, 19.9859327339, 71.998042762).
point(11, 17.9701274187, 36.5019461215).
point(12, 37.2372662246, 67.0759049152).
point(13, 83.3816703797, 11.1028188559).
point(14, 86.5418627717, 77.4145901944).
point(15, 73.7856680153, 71.1571878866).
point(16, 63.6686097611, 15.325730256).
point(17, 56.3666663859, 8.5401934426).
point(18, 37.578263515, 25.6439668699).
point(19, 41.4185212793, 5.2622907312).
point(20, 50.167710251, 19.854578883).
point(21, 20.9276760174, 32.2752594238).
cost(1, 2, 41).
cost(1, 3, 52).
cost(1, 4, 58).
cost(1, 5, 14).
cost(1, 6, 67).
cost(1, 7, 55).
cost(1, 8, 62).
cost(1, 9, 63).
cost(1, 10, 9).
cost(1, 11, 42).
cost(1, 12, 14).
cost(1, 13, 87).
cost(1, 14, 59).
cost(1, 15, 47).
cost(1, 16, 72).
cost(1, 17, 75).
cost(1, 18, 53).
cost(1, 19, 74).
cost(1, 20, 62).
cost(1, 21, 46).
cost(2, 1, 41).
cost(2, 3, 46).
cost(2, 4, 19).
cost(2, 5, 30).
cost(2, 6, 84).
cost(2, 7, 19).
cost(2, 8, 39).
cost(2, 9, 78).
cost(2, 10, 32).
cost(2, 11, 12).
cost(2, 12, 39).
cost(2, 13, 82).
cost(2, 14, 87).
cost(2, 15, 72).
cost(2, 16, 63).
cost(2, 17, 60).
cost(2, 18, 35).
cost(2, 19, 51).
cost(2, 20, 49).
cost(2, 21, 17).
cost(3, 1, 52).
cost(3, 2, 46).
cost(3, 4, 44).
cost(3, 5, 55).
cost(3, 6, 46).
cost(3, 7, 39).
cost(3, 8, 20).
cost(3, 9, 39).
cost(3, 10, 52).
cost(3, 11, 34).
cost(3, 12, 39).
cost(3, 13, 38).
cost(3, 14, 58).
cost(3, 15, 46).
cost(3, 16, 20).
cost(3, 17, 23).
cost(3, 18, 15).
cost(3, 19, 27).
cost(3, 20, 11).
cost(3, 21, 30).
cost(4, 1, 58).
cost(4, 2, 19).
cost(4, 3, 44).
cost(4, 5, 49).
cost(4, 6, 89).
cost(4, 7, 6).
cost(4, 8, 30).
cost(4, 9, 82).
cost(4, 10, 50).
cost(4, 11, 17).
cost(4, 12, 53).
cost(4, 13, 77).
cost(4, 14, 96).
cost(4, 15, 82).
cost(4, 16, 57).
cost(4, 17, 51).
cost(4, 18, 30).
cost(4, 19, 38).
cost(4, 20, 43).
cost(4, 21, 16).
cost(5, 1, 14).
cost(5, 2, 30).
cost(5, 3, 55).
cost(5, 4, 49).
cost(5, 6, 78).
cost(5, 7, 48).
cost(5, 8, 59).
cost(5, 9, 73).
cost(5, 10, 5).
cost(5, 11, 35).
cost(5, 12, 23).
cost(5, 13, 92).
cost(5, 14, 72).
cost(5, 15, 59).
cost(5, 16, 75).
cost(5, 17, 76).
cost(5, 18, 51).
cost(5, 19, 72).
cost(5, 20, 63).
cost(5, 21, 40).
cost(6, 1, 67).
cost(6, 2, 84).
cost(6, 3, 46).
cost(6, 4, 89).
cost(6, 5, 78).
cost(6, 7, 83).
cost(6, 8, 66).
cost(6, 9, 7).
cost(6, 10, 73).
cost(6, 11, 75).
cost(6, 12, 55).
cost(6, 13, 44).
cost(6, 14, 23).
cost(6, 15, 24).
cost(6, 16, 48).
cost(6, 17, 58).
cost(6, 18, 61).
cost(6, 19, 70).
cost(6, 20, 53).
cost(6, 21, 73).
cost(7, 1, 55).
cost(7, 2, 19).
cost(7, 3, 39).
cost(7, 4, 6).
cost(7, 5, 48).
cost(7, 6, 83).
cost(7, 8, 25).
cost(7, 9, 76).
cost(7, 10, 48).
cost(7, 11, 13).
cost(7, 12, 49).
cost(7, 13, 71).
cost(7, 14, 91).
cost(7, 15, 77).
cost(7, 16, 51).
cost(7, 17, 46).
cost(7, 18, 25).
cost(7, 19, 34).
cost(7, 20, 37).
cost(7, 21, 11).
cost(8, 1, 62).
cost(8, 2, 39).
cost(8, 3, 20).
cost(8, 4, 30).
cost(8, 5, 59).
cost(8, 6, 66).
cost(8, 7, 25).
cost(8, 9, 59).
cost(8, 10, 58).
cost(8, 11, 27).
cost(8, 12, 50).
cost(8, 13, 47).
cost(8, 14, 79).
cost(8, 15, 66).
cost(8, 16, 27).
cost(8, 17, 21).
cost(8, 18, 9).
cost(8, 19, 12).
cost(8, 20, 14).
cost(8, 21, 22).
cost(9, 1, 63).
cost(9, 2, 78).
cost(9, 3, 39).
cost(9, 4, 82).
cost(9, 5, 73).
cost(9, 6, 7).
cost(9, 7, 76).
cost(9, 8, 59).
cost(9, 10, 68).
cost(9, 11, 68).
cost(9, 12, 50).
cost(9, 13, 40).
cost(9, 14, 26).
cost(9, 15, 23).
cost(9, 16, 42).
cost(9, 17, 51).
cost(9, 18, 54).
cost(9, 19, 63).
cost(9, 20, 47).
cost(9, 21, 66).
cost(10, 1, 9).
cost(10, 2, 32).
cost(10, 3, 52).
cost(10, 4, 50).
cost(10, 5, 5).
cost(10, 6, 73).
cost(10, 7, 48).
cost(10, 8, 58).
cost(10, 9, 68).
cost(10, 11, 36).
cost(10, 12, 18).
cost(10, 13, 88).
cost(10, 14, 67).
cost(10, 15, 54).
cost(10, 16, 72).
cost(10, 17, 73).
cost(10, 18, 50).
cost(10, 19, 70).
cost(10, 20, 60).
cost(10, 21, 40).
cost(11, 1, 42).
cost(11, 2, 12).
cost(11, 3, 34).
cost(11, 4, 17).
cost(11, 5, 35).
cost(11, 6, 75).
cost(11, 7, 13).
cost(11, 8, 27).
cost(11, 9, 68).
cost(11, 10, 36).
cost(11, 12, 36).
cost(11, 13, 70).
cost(11, 14, 80).
cost(11, 15, 66).
cost(11, 16, 50).
cost(11, 17, 47).
cost(11, 18, 22).
cost(11, 19, 39).
cost(11, 20, 36).
cost(11, 21, 5).
cost(12, 1, 14).
cost(12, 2, 39).
cost(12, 3, 39).
cost(12, 4, 53).
cost(12, 5, 23).
cost(12, 6, 55).
cost(12, 7, 49).
cost(12, 8, 50).
cost(12, 9, 50).
cost(12, 10, 18).
cost(12, 11, 36).
cost(12, 13, 73).
cost(12, 14, 50).
cost(12, 15, 37).
cost(12, 16, 58).
cost(12, 17, 62).
cost(12, 18, 41).
cost(12, 19, 62).
cost(12, 20, 49).
cost(12, 21, 38).
cost(13, 1, 87).
cost(13, 2, 82).
cost(13, 3, 38).
cost(13, 4, 77).
cost(13, 5, 92).
cost(13, 6, 44).
cost(13, 7, 71).
cost(13, 8, 47).
cost(13, 9, 40).
cost(13, 10, 88).
cost(13, 11, 70).
cost(13, 12, 73).
cost(13, 14, 66).
cost(13, 15, 61).
cost(13, 16, 20).
cost(13, 17, 27).
cost(13, 18, 48).
cost(13, 19, 42).
cost(13, 20, 34).
cost(13, 21, 66).
cost(14, 1, 59).
cost(14, 2, 87).
cost(14, 3, 58).
cost(14, 4, 96).
cost(14, 5, 72).
cost(14, 6, 23).
cost(14, 7, 91).
cost(14, 8, 79).
cost(14, 9, 26).
cost(14, 10, 67).
cost(14, 11, 80).
cost(14, 12, 50).
cost(14, 13, 66).
cost(14, 15, 14).
cost(14, 16, 66).
cost(14, 17, 75).
cost(14, 18, 71).
cost(14, 19, 85).
cost(14, 20, 68).
cost(14, 21, 80).
cost(15, 1, 47).
cost(15, 2, 72).
cost(15, 3, 46).
cost(15, 4, 82).
cost(15, 5, 59).
cost(15, 6, 24).
cost(15, 7, 77).
cost(15, 8, 66).
cost(15, 9, 23).
cost(15, 10, 54).
cost(15, 11, 66).
cost(15, 12, 37).
cost(15, 13, 61).
cost(15, 14, 14).
cost(15, 16, 57).
cost(15, 17, 65).
cost(15, 18, 58).
cost(15, 19, 73).
cost(15, 20, 56).
cost(15, 21, 66).
cost(16, 1, 72).
cost(16, 2, 63).
cost(16, 3, 20).
cost(16, 4, 57).
cost(16, 5, 75).
cost(16, 6, 48).
cost(16, 7, 51).
cost(16, 8, 27).
cost(16, 9, 42).
cost(16, 10, 72).
cost(16, 11, 50).
cost(16, 12, 58).
cost(16, 13, 20).
cost(16, 14, 66).
cost(16, 15, 57).
cost(16, 17, 10).
cost(16, 18, 28).
cost(16, 19, 24).
cost(16, 20, 14).
cost(16, 21, 46).
cost(17, 1, 75).
cost(17, 2, 60).
cost(17, 3, 23).
cost(17, 4, 51).
cost(17, 5, 76).
cost(17, 6, 58).
cost(17, 7, 46).
cost(17, 8, 21).
cost(17, 9, 51).
cost(17, 10, 73).
cost(17, 11, 47).
cost(17, 12, 62).
cost(17, 13, 27).
cost(17, 14, 75).
cost(17, 15, 65).
cost(17, 16, 10).
cost(17, 18, 25).
cost(17, 19, 15).
cost(17, 20, 13).
cost(17, 21, 43).
cost(18, 1, 53).
cost(18, 2, 35).
cost(18, 3, 15).
cost(18, 4, 30).
cost(18, 5, 51).
cost(18, 6, 61).
cost(18, 7, 25).
cost(18, 8, 9).
cost(18, 9, 54).
cost(18, 10, 50).
cost(18, 11, 22).
cost(18, 12, 41).
cost(18, 13, 48).
cost(18, 14, 71).
cost(18, 15, 58).
cost(18, 16, 28).
cost(18, 17, 25).
cost(18, 19, 21).
cost(18, 20, 14).
cost(18, 21, 18).
cost(19, 1, 74).
cost(19, 2, 51).
cost(19, 3, 27).
cost(19, 4, 38).
cost(19, 5, 72).
cost(19, 6, 70).
cost(19, 7, 34).
cost(19, 8, 12).
cost(19, 9, 63).
cost(19, 10, 70).
cost(19, 11, 39).
cost(19, 12, 62).
cost(19, 13, 42).
cost(19, 14, 85).
cost(19, 15, 73).
cost(19, 16, 24).
cost(19, 17, 15).
cost(19, 18, 21).
cost(19, 20, 17).
cost(19, 21, 34).
cost(20, 1, 62).
cost(20, 2, 49).
cost(20, 3, 11).
cost(20, 4, 43).
cost(20, 5, 63).
cost(20, 6, 53).
cost(20, 7, 37).
cost(20, 8, 14).
cost(20, 9, 47).
cost(20, 10, 60).
cost(20, 11, 36).
cost(20, 12, 49).
cost(20, 13, 34).
cost(20, 14, 68).
cost(20, 15, 56).
cost(20, 16, 14).
cost(20, 17, 13).
cost(20, 18, 14).
cost(20, 19, 17).
cost(20, 21, 32).
cost(21, 1, 46).
cost(21, 2, 17).
cost(21, 3, 30).
cost(21, 4, 16).
cost(21, 5, 40).
cost(21, 6, 73).
cost(21, 7, 11).
cost(21, 8, 22).
cost(21, 9, 66).
cost(21, 10, 40).
cost(21, 11, 5).
cost(21, 12, 38).
cost(21, 13, 66).
cost(21, 14, 80).
cost(21, 15, 66).
cost(21, 16, 46).
cost(21, 17, 43).
cost(21, 18, 18).
cost(21, 19, 34).
cost(21, 20, 32).
nocross(1,5).
nocross(1,10).
nocross(1,11).
nocross(1,12).
nocross(1,14).
nocross(1,15).
nocross(2,4).
nocross(2,5).
nocross(2,7).
nocross(2,10).
nocross(2,11).
nocross(2,18).
nocross(2,21).
nocross(3,6).
nocross(3,8).
nocross(3,9).
nocross(3,11).
nocross(3,13).
nocross(3,16).
nocross(3,17).
nocross(3,18).
nocross(3,20).
nocross(3,21).
nocross(4,2).
nocross(4,7).
nocross(4,8).
nocross(4,11).
nocross(4,18).
nocross(4,19).
nocross(4,21).
nocross(5,1).
nocross(5,2).
nocross(5,10).
nocross(5,11).
nocross(5,12).
nocross(5,21).
nocross(6,3).
nocross(6,9).
nocross(6,13).
nocross(6,14).
nocross(6,15).
nocross(7,2).
nocross(7,4).
nocross(7,5).
nocross(7,8).
nocross(7,11).
nocross(7,17).
nocross(7,18).
nocross(7,19).
nocross(7,20).
nocross(7,21).
nocross(8,3).
nocross(8,4).
nocross(8,7).
nocross(8,11).
nocross(8,13).
nocross(8,16).
nocross(8,17).
nocross(8,18).
nocross(8,19).
nocross(8,20).
nocross(8,21).
nocross(9,3).
nocross(9,6).
nocross(9,13).
nocross(9,14).
nocross(9,15).
nocross(9,16).
nocross(10,1).
nocross(10,2).
nocross(10,5).
nocross(10,11).
nocross(10,12).
nocross(10,21).
nocross(11,1).
nocross(11,2).
nocross(11,3).
nocross(11,4).
nocross(11,5).
nocross(11,7).
nocross(11,8).
nocross(11,10).
nocross(11,12).
nocross(11,18).
nocross(11,21).
nocross(12,1).
nocross(12,3).
nocross(12,6).
nocross(12,9).
nocross(12,10).
nocross(12,11).
nocross(12,14).
nocross(12,15).
nocross(12,21).
nocross(13,3).
nocross(13,6).
nocross(13,9).
nocross(13,16).
nocross(13,17).
nocross(13,19).
nocross(13,20).
nocross(14,1).
nocross(14,6).
nocross(14,9).
nocross(14,15).
nocross(15,1).
nocross(15,5).
nocross(15,6).
nocross(15,9).
nocross(15,10).
nocross(15,12).
nocross(15,14).
nocross(16,3).
nocross(16,6).
nocross(16,8).
nocross(16,9).
nocross(16,13).
nocross(16,17).
nocross(16,18).
nocross(16,19).
nocross(16,20).
nocross(17,3).
nocross(17,8).
nocross(17,13).
nocross(17,16).
nocross(17,18).
nocross(17,19).
nocross(17,20).
nocross(17,21).
nocross(18,2).
nocross(18,3).
nocross(18,7).
nocross(18,8).
nocross(18,9).
nocross(18,10).
nocross(18,11).
nocross(18,16).
nocross(18,17).
nocross(18,19).
nocross(18,20).
nocross(18,21).
nocross(19,3).
nocross(19,4).
nocross(19,7).
nocross(19,8).
nocross(19,13).
nocross(19,16).
nocross(19,17).
nocross(19,18).
nocross(19,20).
nocross(19,21).
nocross(20,3).
nocross(20,6).
nocross(20,7).
nocross(20,8).
nocross(20,9).
nocross(20,11).
nocross(20,13).
nocross(20,16).
nocross(20,17).
nocross(20,18).
nocross(20,19).
nocross(20,21).
nocross(21,2).
nocross(21,3).
nocross(21,4).
nocross(21,5).
nocross(21,7).
nocross(21,8).
nocross(21,10).
nocross(21,11).
nocross(21,18).
nocross(21,19).
nocross(21,20).
