dimension(21).
point(1, 55.523293638, 3.77536574).
point(2, 1.6298176647, 26.72071711).
point(3, 17.3277150992, 18.2649275589).
point(4, 22.306371543, 56.4259652367).
point(5, 51.7053719093, 93.4997914526).
point(6, 16.4177062898, 38.0386699472).
point(7, 48.6556351943, 39.2543009137).
point(8, 34.2473802144, 79.7458580093).
point(9, 66.2329299781, 63.987764666).
point(10, 98.7537456704, 16.2983775663).
point(11, 18.3311658961, 79.9360506924).
point(12, 2.4411628961, 40.0309681938).
point(13, 77.4802675427, 64.7441260519).
point(14, 59.0813404048, 1.6860448391).
point(15, 49.5557477407, 87.2615390848).
point(16, 56.6770623284, 61.6104966054).
point(17, 49.7824923103, 97.0730024683).
point(18, 96.2700190743, 15.2729398446).
point(19, 35.226809148, 73.2789964162).
point(20, 56.5823020671, 97.4969920693).
point(21, 87.0497837195, 44.0980519455).
cost(1, 2, 59).
cost(1, 3, 41).
cost(1, 4, 62).
cost(1, 5, 90).
cost(1, 6, 52).
cost(1, 7, 36).
cost(1, 8, 79).
cost(1, 9, 61).
cost(1, 10, 45).
cost(1, 11, 85).
cost(1, 12, 64).
cost(1, 13, 65).
cost(1, 14, 4).
cost(1, 15, 84).
cost(1, 16, 58).
cost(1, 17, 93).
cost(1, 18, 42).
cost(1, 19, 72).
cost(1, 20, 94).
cost(1, 21, 51).
cost(2, 1, 59).
cost(2, 3, 18).
cost(2, 4, 36).
cost(2, 5, 83).
cost(2, 6, 19).
cost(2, 7, 49).
cost(2, 8, 62).
cost(2, 9, 75).
cost(2, 10, 98).
cost(2, 11, 56).
cost(2, 12, 13).
cost(2, 13, 85).
cost(2, 14, 63).
cost(2, 15, 77).
cost(2, 16, 65).
cost(2, 17, 85).
cost(2, 18, 95).
cost(2, 19, 57).
cost(2, 20, 90).
cost(2, 21, 87).
cost(3, 1, 41).
cost(3, 2, 18).
cost(3, 4, 38).
cost(3, 5, 83).
cost(3, 6, 20).
cost(3, 7, 38).
cost(3, 8, 64).
cost(3, 9, 67).
cost(3, 10, 81).
cost(3, 11, 62).
cost(3, 12, 26).
cost(3, 13, 76).
cost(3, 14, 45).
cost(3, 15, 76).
cost(3, 16, 59).
cost(3, 17, 85).
cost(3, 18, 79).
cost(3, 19, 58).
cost(3, 20, 88).
cost(3, 21, 74).
cost(4, 1, 62).
cost(4, 2, 36).
cost(4, 3, 38).
cost(4, 5, 47).
cost(4, 6, 19).
cost(4, 7, 31).
cost(4, 8, 26).
cost(4, 9, 45).
cost(4, 10, 86).
cost(4, 11, 24).
cost(4, 12, 26).
cost(4, 13, 56).
cost(4, 14, 66).
cost(4, 15, 41).
cost(4, 16, 35).
cost(4, 17, 49).
cost(4, 18, 85).
cost(4, 19, 21).
cost(4, 20, 53).
cost(4, 21, 66).
cost(5, 1, 90).
cost(5, 2, 83).
cost(5, 3, 83).
cost(5, 4, 47).
cost(5, 6, 66).
cost(5, 7, 54).
cost(5, 8, 22).
cost(5, 9, 33).
cost(5, 10, 90).
cost(5, 11, 36).
cost(5, 12, 73).
cost(5, 13, 39).
cost(5, 14, 92).
cost(5, 15, 7).
cost(5, 16, 32).
cost(5, 17, 4).
cost(5, 18, 90).
cost(5, 19, 26).
cost(5, 20, 6).
cost(5, 21, 61).
cost(6, 1, 52).
cost(6, 2, 19).
cost(6, 3, 20).
cost(6, 4, 19).
cost(6, 5, 66).
cost(6, 7, 32).
cost(6, 8, 45).
cost(6, 9, 56).
cost(6, 10, 85).
cost(6, 11, 42).
cost(6, 12, 14).
cost(6, 13, 67).
cost(6, 14, 56).
cost(6, 15, 59).
cost(6, 16, 47).
cost(6, 17, 68).
cost(6, 18, 83).
cost(6, 19, 40).
cost(6, 20, 72).
cost(6, 21, 71).
cost(7, 1, 36).
cost(7, 2, 49).
cost(7, 3, 38).
cost(7, 4, 31).
cost(7, 5, 54).
cost(7, 6, 32).
cost(7, 8, 43).
cost(7, 9, 30).
cost(7, 10, 55).
cost(7, 11, 51).
cost(7, 12, 46).
cost(7, 13, 38).
cost(7, 14, 39).
cost(7, 15, 48).
cost(7, 16, 24).
cost(7, 17, 58).
cost(7, 18, 53).
cost(7, 19, 37).
cost(7, 20, 59).
cost(7, 21, 39).
cost(8, 1, 79).
cost(8, 2, 62).
cost(8, 3, 64).
cost(8, 4, 26).
cost(8, 5, 22).
cost(8, 6, 45).
cost(8, 7, 43).
cost(8, 9, 36).
cost(8, 10, 90).
cost(8, 11, 16).
cost(8, 12, 51).
cost(8, 13, 46).
cost(8, 14, 82).
cost(8, 15, 17).
cost(8, 16, 29).
cost(8, 17, 23).
cost(8, 18, 89).
cost(8, 19, 7).
cost(8, 20, 29).
cost(8, 21, 64).
cost(9, 1, 61).
cost(9, 2, 75).
cost(9, 3, 67).
cost(9, 4, 45).
cost(9, 5, 33).
cost(9, 6, 56).
cost(9, 7, 30).
cost(9, 8, 36).
cost(9, 10, 58).
cost(9, 11, 50).
cost(9, 12, 68).
cost(9, 13, 11).
cost(9, 14, 63).
cost(9, 15, 29).
cost(9, 16, 10).
cost(9, 17, 37).
cost(9, 18, 57).
cost(9, 19, 32).
cost(9, 20, 35).
cost(9, 21, 29).
cost(10, 1, 45).
cost(10, 2, 98).
cost(10, 3, 81).
cost(10, 4, 86).
cost(10, 5, 90).
cost(10, 6, 85).
cost(10, 7, 55).
cost(10, 8, 90).
cost(10, 9, 58).
cost(10, 11, 103).
cost(10, 12, 99).
cost(10, 13, 53).
cost(10, 14, 42).
cost(10, 15, 86).
cost(10, 16, 62).
cost(10, 17, 94).
cost(10, 18, 3).
cost(10, 19, 85).
cost(10, 20, 91).
cost(10, 21, 30).
cost(11, 1, 85).
cost(11, 2, 56).
cost(11, 3, 62).
cost(11, 4, 24).
cost(11, 5, 36).
cost(11, 6, 42).
cost(11, 7, 51).
cost(11, 8, 16).
cost(11, 9, 50).
cost(11, 10, 103).
cost(11, 12, 43).
cost(11, 13, 61).
cost(11, 14, 88).
cost(11, 15, 32).
cost(11, 16, 42).
cost(11, 17, 36).
cost(11, 18, 101).
cost(11, 19, 18).
cost(11, 20, 42).
cost(11, 21, 78).
cost(12, 1, 64).
cost(12, 2, 13).
cost(12, 3, 26).
cost(12, 4, 26).
cost(12, 5, 73).
cost(12, 6, 14).
cost(12, 7, 46).
cost(12, 8, 51).
cost(12, 9, 68).
cost(12, 10, 99).
cost(12, 11, 43).
cost(12, 13, 79).
cost(12, 14, 68).
cost(12, 15, 67).
cost(12, 16, 58).
cost(12, 17, 74).
cost(12, 18, 97).
cost(12, 19, 47).
cost(12, 20, 79).
cost(12, 21, 85).
cost(13, 1, 65).
cost(13, 2, 85).
cost(13, 3, 76).
cost(13, 4, 56).
cost(13, 5, 39).
cost(13, 6, 67).
cost(13, 7, 38).
cost(13, 8, 46).
cost(13, 9, 11).
cost(13, 10, 53).
cost(13, 11, 61).
cost(13, 12, 79).
cost(13, 14, 66).
cost(13, 15, 36).
cost(13, 16, 21).
cost(13, 17, 43).
cost(13, 18, 53).
cost(13, 19, 43).
cost(13, 20, 39).
cost(13, 21, 23).
cost(14, 1, 4).
cost(14, 2, 63).
cost(14, 3, 45).
cost(14, 4, 66).
cost(14, 5, 92).
cost(14, 6, 56).
cost(14, 7, 39).
cost(14, 8, 82).
cost(14, 9, 63).
cost(14, 10, 42).
cost(14, 11, 88).
cost(14, 12, 68).
cost(14, 13, 66).
cost(14, 15, 86).
cost(14, 16, 60).
cost(14, 17, 96).
cost(14, 18, 40).
cost(14, 19, 75).
cost(14, 20, 96).
cost(14, 21, 51).
cost(15, 1, 84).
cost(15, 2, 77).
cost(15, 3, 76).
cost(15, 4, 41).
cost(15, 5, 7).
cost(15, 6, 59).
cost(15, 7, 48).
cost(15, 8, 17).
cost(15, 9, 29).
cost(15, 10, 86).
cost(15, 11, 32).
cost(15, 12, 67).
cost(15, 13, 36).
cost(15, 14, 86).
cost(15, 16, 27).
cost(15, 17, 10).
cost(15, 18, 86).
cost(15, 19, 20).
cost(15, 20, 12).
cost(15, 21, 57).
cost(16, 1, 58).
cost(16, 2, 65).
cost(16, 3, 59).
cost(16, 4, 35).
cost(16, 5, 32).
cost(16, 6, 47).
cost(16, 7, 24).
cost(16, 8, 29).
cost(16, 9, 10).
cost(16, 10, 62).
cost(16, 11, 42).
cost(16, 12, 58).
cost(16, 13, 21).
cost(16, 14, 60).
cost(16, 15, 27).
cost(16, 17, 36).
cost(16, 18, 61).
cost(16, 19, 24).
cost(16, 20, 36).
cost(16, 21, 35).
cost(17, 1, 93).
cost(17, 2, 85).
cost(17, 3, 85).
cost(17, 4, 49).
cost(17, 5, 4).
cost(17, 6, 68).
cost(17, 7, 58).
cost(17, 8, 23).
cost(17, 9, 37).
cost(17, 10, 94).
cost(17, 11, 36).
cost(17, 12, 74).
cost(17, 13, 43).
cost(17, 14, 96).
cost(17, 15, 10).
cost(17, 16, 36).
cost(17, 18, 94).
cost(17, 19, 28).
cost(17, 20, 7).
cost(17, 21, 65).
cost(18, 1, 42).
cost(18, 2, 95).
cost(18, 3, 79).
cost(18, 4, 85).
cost(18, 5, 90).
cost(18, 6, 83).
cost(18, 7, 53).
cost(18, 8, 89).
cost(18, 9, 57).
cost(18, 10, 3).
cost(18, 11, 101).
cost(18, 12, 97).
cost(18, 13, 53).
cost(18, 14, 40).
cost(18, 15, 86).
cost(18, 16, 61).
cost(18, 17, 94).
cost(18, 19, 84).
cost(18, 20, 91).
cost(18, 21, 30).
cost(19, 1, 72).
cost(19, 2, 57).
cost(19, 3, 58).
cost(19, 4, 21).
cost(19, 5, 26).
cost(19, 6, 40).
cost(19, 7, 37).
cost(19, 8, 7).
cost(19, 9, 32).
cost(19, 10, 85).
cost(19, 11, 18).
cost(19, 12, 47).
cost(19, 13, 43).
cost(19, 14, 75).
cost(19, 15, 20).
cost(19, 16, 24).
cost(19, 17, 28).
cost(19, 18, 84).
cost(19, 20, 32).
cost(19, 21, 59).
cost(20, 1, 94).
cost(20, 2, 90).
cost(20, 3, 88).
cost(20, 4, 53).
cost(20, 5, 6).
cost(20, 6, 72).
cost(20, 7, 59).
cost(20, 8, 29).
cost(20, 9, 35).
cost(20, 10, 91).
cost(20, 11, 42).
cost(20, 12, 79).
cost(20, 13, 39).
cost(20, 14, 96).
cost(20, 15, 12).
cost(20, 16, 36).
cost(20, 17, 7).
cost(20, 18, 91).
cost(20, 19, 32).
cost(20, 21, 61).
cost(21, 1, 51).
cost(21, 2, 87).
cost(21, 3, 74).
cost(21, 4, 66).
cost(21, 5, 61).
cost(21, 6, 71).
cost(21, 7, 39).
cost(21, 8, 64).
cost(21, 9, 29).
cost(21, 10, 30).
cost(21, 11, 78).
cost(21, 12, 85).
cost(21, 13, 23).
cost(21, 14, 51).
cost(21, 15, 57).
cost(21, 16, 35).
cost(21, 17, 65).
cost(21, 18, 30).
cost(21, 19, 59).
cost(21, 20, 61).
nocross(1,3).
nocross(1,6).
nocross(1,7).
nocross(1,10).
nocross(1,14).
nocross(1,18).
nocross(2,1).
nocross(2,3).
nocross(2,4).
nocross(2,6).
nocross(2,11).
nocross(2,12).
nocross(2,14).
nocross(3,1).
nocross(3,2).
nocross(3,4).
nocross(3,6).
nocross(3,7).
nocross(3,12).
nocross(3,14).
nocross(4,1).
nocross(4,2).
nocross(4,5).
nocross(4,6).
nocross(4,7).
nocross(4,8).
nocross(4,11).
nocross(4,12).
nocross(4,14).
nocross(4,15).
nocross(4,16).
nocross(4,19).
nocross(5,8).
nocross(5,9).
nocross(5,13).
nocross(5,15).
nocross(5,16).
nocross(5,17).
nocross(5,19).
nocross(5,20).
nocross(6,1).
nocross(6,2).
nocross(6,3).
nocross(6,4).
nocross(6,7).
nocross(6,8).
nocross(6,11).
nocross(6,12).
nocross(6,14).
nocross(6,16).
nocross(6,19).
nocross(7,1).
nocross(7,2).
nocross(7,3).
nocross(7,4).
nocross(7,5).
nocross(7,6).
nocross(7,8).
nocross(7,9).
nocross(7,10).
nocross(7,14).
nocross(7,15).
nocross(7,16).
nocross(7,18).
nocross(7,19).
nocross(7,21).
nocross(8,4).
nocross(8,5).
nocross(8,11).
nocross(8,15).
nocross(8,16).
nocross(8,19).
nocross(9,1).
nocross(9,5).
nocross(9,7).
nocross(9,8).
nocross(9,10).
nocross(9,13).
nocross(9,14).
nocross(9,15).
nocross(9,16).
nocross(9,18).
nocross(9,19).
nocross(9,20).
nocross(10,1).
nocross(10,13).
nocross(10,14).
nocross(10,18).
nocross(10,21).
nocross(11,4).
nocross(11,5).
nocross(11,6).
nocross(11,8).
nocross(11,12).
nocross(11,15).
nocross(11,16).
nocross(11,17).
nocross(11,19).
nocross(12,2).
nocross(12,4).
nocross(12,6).
nocross(12,8).
nocross(12,11).
nocross(12,19).
nocross(13,5).
nocross(13,8).
nocross(13,9).
nocross(13,10).
nocross(13,15).
nocross(13,16).
nocross(13,19).
nocross(13,20).
nocross(13,21).
nocross(14,1).
nocross(14,3).
nocross(14,7).
nocross(14,10).
nocross(14,18).
nocross(15,5).
nocross(15,8).
nocross(15,9).
nocross(15,13).
nocross(15,16).
nocross(15,19).
nocross(16,1).
nocross(16,5).
nocross(16,6).
nocross(16,7).
nocross(16,8).
nocross(16,9).
nocross(16,10).
nocross(16,13).
nocross(16,14).
nocross(16,15).
nocross(16,18).
nocross(16,19).
nocross(16,20).
nocross(17,5).
nocross(17,8).
nocross(17,9).
nocross(17,11).
nocross(17,15).
nocross(17,16).
nocross(17,19).
nocross(17,20).
nocross(18,1).
nocross(18,14).
nocross(18,21).
nocross(19,4).
nocross(19,5).
nocross(19,6).
nocross(19,8).
nocross(19,9).
nocross(19,11).
nocross(19,12).
nocross(19,15).
nocross(19,16).
nocross(20,5).
nocross(20,8).
nocross(20,9).
nocross(20,13).
nocross(20,15).
nocross(20,16).
nocross(20,17).
nocross(20,19).
nocross(21,1).
nocross(21,5).
nocross(21,7).
nocross(21,9).
nocross(21,10).
nocross(21,13).
nocross(21,16).
nocross(21,18).
