dimension(20).
point(1, 55.6635862638, 67.6143330305).
point(2, 13.309104547, 25.9542798995).
point(3, 16.9312627595, 15.5710306359).
point(4, 66.2087403424, 80.587787331).
point(5, 82.8950159534, 37.3927460247).
point(6, 33.1304014226, 73.4858884282).
point(7, 91.3471686886, 64.7941420926).
point(8, 85.6106861431, 76.8614831474).
point(9, 89.3052152753, 20.1648292102).
point(10, 87.7133651505, 71.3750189169).
point(11, 84.9562532667, 59.8945880062).
point(12, 76.9023899607, 29.5565300643).
point(13, 20.1758614783, 24.7290748504).
point(14, 25.3235446292, 41.926859934).
point(15, 87.8517443011, 32.5930793228).
point(16, 16.0722460431, 71.4365683802).
point(17, 38.4040249312, 41.8804871161).
point(18, 58.7556158614, 90.6171936826).
point(19, 76.5564810495, 87.8146490766).
point(20, 34.2253806238, 10.8660327922).
cost(1, 2, 59).
cost(1, 3, 65).
cost(1, 4, 17).
cost(1, 5, 41).
cost(1, 6, 23).
cost(1, 7, 36).
cost(1, 8, 31).
cost(1, 9, 58).
cost(1, 10, 32).
cost(1, 11, 30).
cost(1, 12, 44).
cost(1, 13, 56).
cost(1, 14, 40).
cost(1, 15, 48).
cost(1, 16, 40).
cost(1, 17, 31).
cost(1, 18, 23).
cost(1, 19, 29).
cost(1, 20, 61).
cost(2, 1, 59).
cost(2, 3, 11).
cost(2, 4, 76).
cost(2, 5, 71).
cost(2, 6, 51).
cost(2, 7, 87).
cost(2, 8, 88).
cost(2, 9, 76).
cost(2, 10, 87).
cost(2, 11, 79).
cost(2, 12, 64).
cost(2, 13, 7).
cost(2, 14, 20).
cost(2, 15, 75).
cost(2, 16, 46).
cost(2, 17, 30).
cost(2, 18, 79).
cost(2, 19, 88).
cost(2, 20, 26).
cost(3, 1, 65).
cost(3, 2, 11).
cost(3, 4, 82).
cost(3, 5, 69).
cost(3, 6, 60).
cost(3, 7, 89).
cost(3, 8, 92).
cost(3, 9, 73).
cost(3, 10, 90).
cost(3, 11, 81).
cost(3, 12, 62).
cost(3, 13, 10).
cost(3, 14, 28).
cost(3, 15, 73).
cost(3, 16, 56).
cost(3, 17, 34).
cost(3, 18, 86).
cost(3, 19, 94).
cost(3, 20, 18).
cost(4, 1, 17).
cost(4, 2, 76).
cost(4, 3, 82).
cost(4, 5, 46).
cost(4, 6, 34).
cost(4, 7, 30).
cost(4, 8, 20).
cost(4, 9, 65).
cost(4, 10, 23).
cost(4, 11, 28).
cost(4, 12, 52).
cost(4, 13, 72).
cost(4, 14, 56).
cost(4, 15, 53).
cost(4, 16, 51).
cost(4, 17, 48).
cost(4, 18, 12).
cost(4, 19, 13).
cost(4, 20, 77).
cost(5, 1, 41).
cost(5, 2, 71).
cost(5, 3, 69).
cost(5, 4, 46).
cost(5, 6, 61).
cost(5, 7, 29).
cost(5, 8, 40).
cost(5, 9, 18).
cost(5, 10, 34).
cost(5, 11, 23).
cost(5, 12, 10).
cost(5, 13, 64).
cost(5, 14, 58).
cost(5, 15, 7).
cost(5, 16, 75).
cost(5, 17, 45).
cost(5, 18, 58).
cost(5, 19, 51).
cost(5, 20, 55).
cost(6, 1, 23).
cost(6, 2, 51).
cost(6, 3, 60).
cost(6, 4, 34).
cost(6, 5, 61).
cost(6, 7, 59).
cost(6, 8, 53).
cost(6, 9, 77).
cost(6, 10, 55).
cost(6, 11, 54).
cost(6, 12, 62).
cost(6, 13, 50).
cost(6, 14, 33).
cost(6, 15, 68).
cost(6, 16, 17).
cost(6, 17, 32).
cost(6, 18, 31).
cost(6, 19, 46).
cost(6, 20, 63).
cost(7, 1, 36).
cost(7, 2, 87).
cost(7, 3, 89).
cost(7, 4, 30).
cost(7, 5, 29).
cost(7, 6, 59).
cost(7, 8, 13).
cost(7, 9, 45).
cost(7, 10, 8).
cost(7, 11, 8).
cost(7, 12, 38).
cost(7, 13, 82).
cost(7, 14, 70).
cost(7, 15, 32).
cost(7, 16, 76).
cost(7, 17, 58).
cost(7, 18, 42).
cost(7, 19, 27).
cost(7, 20, 79).
cost(8, 1, 31).
cost(8, 2, 88).
cost(8, 3, 92).
cost(8, 4, 20).
cost(8, 5, 40).
cost(8, 6, 53).
cost(8, 7, 13).
cost(8, 9, 57).
cost(8, 10, 6).
cost(8, 11, 17).
cost(8, 12, 48).
cost(8, 13, 84).
cost(8, 14, 70).
cost(8, 15, 44).
cost(8, 16, 70).
cost(8, 17, 59).
cost(8, 18, 30).
cost(8, 19, 14).
cost(8, 20, 84).
cost(9, 1, 58).
cost(9, 2, 76).
cost(9, 3, 73).
cost(9, 4, 65).
cost(9, 5, 18).
cost(9, 6, 77).
cost(9, 7, 45).
cost(9, 8, 57).
cost(9, 10, 51).
cost(9, 11, 40).
cost(9, 12, 16).
cost(9, 13, 69).
cost(9, 14, 68).
cost(9, 15, 13).
cost(9, 16, 89).
cost(9, 17, 55).
cost(9, 18, 77).
cost(9, 19, 69).
cost(9, 20, 56).
cost(10, 1, 32).
cost(10, 2, 87).
cost(10, 3, 90).
cost(10, 4, 23).
cost(10, 5, 34).
cost(10, 6, 55).
cost(10, 7, 8).
cost(10, 8, 6).
cost(10, 9, 51).
cost(10, 11, 12).
cost(10, 12, 43).
cost(10, 13, 82).
cost(10, 14, 69).
cost(10, 15, 39).
cost(10, 16, 72).
cost(10, 17, 57).
cost(10, 18, 35).
cost(10, 19, 20).
cost(10, 20, 81).
cost(11, 1, 30).
cost(11, 2, 79).
cost(11, 3, 81).
cost(11, 4, 28).
cost(11, 5, 23).
cost(11, 6, 54).
cost(11, 7, 8).
cost(11, 8, 17).
cost(11, 9, 40).
cost(11, 10, 12).
cost(11, 12, 31).
cost(11, 13, 74).
cost(11, 14, 62).
cost(11, 15, 27).
cost(11, 16, 70).
cost(11, 17, 50).
cost(11, 18, 40).
cost(11, 19, 29).
cost(11, 20, 71).
cost(12, 1, 44).
cost(12, 2, 64).
cost(12, 3, 62).
cost(12, 4, 52).
cost(12, 5, 10).
cost(12, 6, 62).
cost(12, 7, 38).
cost(12, 8, 48).
cost(12, 9, 16).
cost(12, 10, 43).
cost(12, 11, 31).
cost(12, 13, 57).
cost(12, 14, 53).
cost(12, 15, 11).
cost(12, 16, 74).
cost(12, 17, 40).
cost(12, 18, 64).
cost(12, 19, 58).
cost(12, 20, 47).
cost(13, 1, 56).
cost(13, 2, 7).
cost(13, 3, 10).
cost(13, 4, 72).
cost(13, 5, 64).
cost(13, 6, 50).
cost(13, 7, 82).
cost(13, 8, 84).
cost(13, 9, 69).
cost(13, 10, 82).
cost(13, 11, 74).
cost(13, 12, 57).
cost(13, 14, 18).
cost(13, 15, 68).
cost(13, 16, 47).
cost(13, 17, 25).
cost(13, 18, 76).
cost(13, 19, 85).
cost(13, 20, 20).
cost(14, 1, 40).
cost(14, 2, 20).
cost(14, 3, 28).
cost(14, 4, 56).
cost(14, 5, 58).
cost(14, 6, 33).
cost(14, 7, 70).
cost(14, 8, 70).
cost(14, 9, 68).
cost(14, 10, 69).
cost(14, 11, 62).
cost(14, 12, 53).
cost(14, 13, 18).
cost(14, 15, 63).
cost(14, 16, 31).
cost(14, 17, 13).
cost(14, 18, 59).
cost(14, 19, 69).
cost(14, 20, 32).
cost(15, 1, 48).
cost(15, 2, 75).
cost(15, 3, 73).
cost(15, 4, 53).
cost(15, 5, 7).
cost(15, 6, 68).
cost(15, 7, 32).
cost(15, 8, 44).
cost(15, 9, 13).
cost(15, 10, 39).
cost(15, 11, 27).
cost(15, 12, 11).
cost(15, 13, 68).
cost(15, 14, 63).
cost(15, 16, 82).
cost(15, 17, 50).
cost(15, 18, 65).
cost(15, 19, 56).
cost(15, 20, 58).
cost(16, 1, 40).
cost(16, 2, 46).
cost(16, 3, 56).
cost(16, 4, 51).
cost(16, 5, 75).
cost(16, 6, 17).
cost(16, 7, 76).
cost(16, 8, 70).
cost(16, 9, 89).
cost(16, 10, 72).
cost(16, 11, 70).
cost(16, 12, 74).
cost(16, 13, 47).
cost(16, 14, 31).
cost(16, 15, 82).
cost(16, 17, 37).
cost(16, 18, 47).
cost(16, 19, 63).
cost(16, 20, 63).
cost(17, 1, 31).
cost(17, 2, 30).
cost(17, 3, 34).
cost(17, 4, 48).
cost(17, 5, 45).
cost(17, 6, 32).
cost(17, 7, 58).
cost(17, 8, 59).
cost(17, 9, 55).
cost(17, 10, 57).
cost(17, 11, 50).
cost(17, 12, 40).
cost(17, 13, 25).
cost(17, 14, 13).
cost(17, 15, 50).
cost(17, 16, 37).
cost(17, 18, 53).
cost(17, 19, 60).
cost(17, 20, 31).
cost(18, 1, 23).
cost(18, 2, 79).
cost(18, 3, 86).
cost(18, 4, 12).
cost(18, 5, 58).
cost(18, 6, 31).
cost(18, 7, 42).
cost(18, 8, 30).
cost(18, 9, 77).
cost(18, 10, 35).
cost(18, 11, 40).
cost(18, 12, 64).
cost(18, 13, 76).
cost(18, 14, 59).
cost(18, 15, 65).
cost(18, 16, 47).
cost(18, 17, 53).
cost(18, 19, 18).
cost(18, 20, 83).
cost(19, 1, 29).
cost(19, 2, 88).
cost(19, 3, 94).
cost(19, 4, 13).
cost(19, 5, 51).
cost(19, 6, 46).
cost(19, 7, 27).
cost(19, 8, 14).
cost(19, 9, 69).
cost(19, 10, 20).
cost(19, 11, 29).
cost(19, 12, 58).
cost(19, 13, 85).
cost(19, 14, 69).
cost(19, 15, 56).
cost(19, 16, 63).
cost(19, 17, 60).
cost(19, 18, 18).
cost(19, 20, 88).
cost(20, 1, 61).
cost(20, 2, 26).
cost(20, 3, 18).
cost(20, 4, 77).
cost(20, 5, 55).
cost(20, 6, 63).
cost(20, 7, 79).
cost(20, 8, 84).
cost(20, 9, 56).
cost(20, 10, 81).
cost(20, 11, 71).
cost(20, 12, 47).
cost(20, 13, 20).
cost(20, 14, 32).
cost(20, 15, 58).
cost(20, 16, 63).
cost(20, 17, 31).
cost(20, 18, 83).
cost(20, 19, 88).
