dimension(20).
point(1, 11.2752597346, 13.2123149603).
point(2, 44.404660667, 70.883811338).
point(3, 64.6625870595, 16.3019193711).
point(4, 47.1641448787, 39.3729167185).
point(5, 35.2171176147, 34.8785693821).
point(6, 8.3680545613, 25.3537317809).
point(7, 87.5350601039, 43.8124103708).
point(8, 17.5815083214, 22.6046166363).
point(9, 82.8241847328, 73.9053136326).
point(10, 22.9586404043, 63.0080094261).
point(11, 18.378956874, 70.7377601874).
point(12, 46.8694743622, 28.7204313993).
point(13, 60.3647524002, 56.4984334835).
point(14, 77.6052845076, 61.4217975545).
point(15, 28.46487109, 54.2298286699).
point(16, 80.510152924, 65.7930080603).
point(17, 20.5671969734, 4.5837565225).
point(18, 82.4614332254, 40.2493177161).
point(19, 78.7232736778, 16.6705552546).
point(20, 50.3848887835, 34.7396901115).
cost(1, 2, 67).
cost(1, 3, 53).
cost(1, 4, 44).
cost(1, 5, 32).
cost(1, 6, 12).
cost(1, 7, 82).
cost(1, 8, 11).
cost(1, 9, 94).
cost(1, 10, 51).
cost(1, 11, 58).
cost(1, 12, 39).
cost(1, 13, 65).
cost(1, 14, 82).
cost(1, 15, 44).
cost(1, 16, 87).
cost(1, 17, 13).
cost(1, 18, 76).
cost(1, 19, 68).
cost(1, 20, 45).
cost(2, 1, 67).
cost(2, 3, 58).
cost(2, 4, 32).
cost(2, 5, 37).
cost(2, 6, 58).
cost(2, 7, 51).
cost(2, 8, 55).
cost(2, 9, 39).
cost(2, 10, 23).
cost(2, 11, 26).
cost(2, 12, 42).
cost(2, 13, 21).
cost(2, 14, 35).
cost(2, 15, 23).
cost(2, 16, 36).
cost(2, 17, 70).
cost(2, 18, 49).
cost(2, 19, 64).
cost(2, 20, 37).
cost(3, 1, 53).
cost(3, 2, 58).
cost(3, 4, 29).
cost(3, 5, 35).
cost(3, 6, 57).
cost(3, 7, 36).
cost(3, 8, 48).
cost(3, 9, 60).
cost(3, 10, 63).
cost(3, 11, 71).
cost(3, 12, 22).
cost(3, 13, 40).
cost(3, 14, 47).
cost(3, 15, 52).
cost(3, 16, 52).
cost(3, 17, 46).
cost(3, 18, 30).
cost(3, 19, 14).
cost(3, 20, 23).
cost(4, 1, 44).
cost(4, 2, 32).
cost(4, 3, 29).
cost(4, 5, 13).
cost(4, 6, 41).
cost(4, 7, 41).
cost(4, 8, 34).
cost(4, 9, 50).
cost(4, 10, 34).
cost(4, 11, 43).
cost(4, 12, 11).
cost(4, 13, 22).
cost(4, 14, 38).
cost(4, 15, 24).
cost(4, 16, 43).
cost(4, 17, 44).
cost(4, 18, 35).
cost(4, 19, 39).
cost(4, 20, 6).
cost(5, 1, 32).
cost(5, 2, 37).
cost(5, 3, 35).
cost(5, 4, 13).
cost(5, 6, 28).
cost(5, 7, 53).
cost(5, 8, 21).
cost(5, 9, 62).
cost(5, 10, 31).
cost(5, 11, 40).
cost(5, 12, 13).
cost(5, 13, 33).
cost(5, 14, 50).
cost(5, 15, 20).
cost(5, 16, 55).
cost(5, 17, 34).
cost(5, 18, 48).
cost(5, 19, 47).
cost(5, 20, 15).
cost(6, 1, 12).
cost(6, 2, 58).
cost(6, 3, 57).
cost(6, 4, 41).
cost(6, 5, 28).
cost(6, 7, 81).
cost(6, 8, 10).
cost(6, 9, 89).
cost(6, 10, 40).
cost(6, 11, 46).
cost(6, 12, 39).
cost(6, 13, 61).
cost(6, 14, 78).
cost(6, 15, 35).
cost(6, 16, 83).
cost(6, 17, 24).
cost(6, 18, 76).
cost(6, 19, 71).
cost(6, 20, 43).
cost(7, 1, 82).
cost(7, 2, 51).
cost(7, 3, 36).
cost(7, 4, 41).
cost(7, 5, 53).
cost(7, 6, 81).
cost(7, 8, 73).
cost(7, 9, 30).
cost(7, 10, 67).
cost(7, 11, 74).
cost(7, 12, 43).
cost(7, 13, 30).
cost(7, 14, 20).
cost(7, 15, 60).
cost(7, 16, 23).
cost(7, 17, 78).
cost(7, 18, 6).
cost(7, 19, 29).
cost(7, 20, 38).
cost(8, 1, 11).
cost(8, 2, 55).
cost(8, 3, 48).
cost(8, 4, 34).
cost(8, 5, 21).
cost(8, 6, 10).
cost(8, 7, 73).
cost(8, 9, 83).
cost(8, 10, 41).
cost(8, 11, 48).
cost(8, 12, 30).
cost(8, 13, 55).
cost(8, 14, 71).
cost(8, 15, 33).
cost(8, 16, 76).
cost(8, 17, 18).
cost(8, 18, 67).
cost(8, 19, 61).
cost(8, 20, 35).
cost(9, 1, 94).
cost(9, 2, 39).
cost(9, 3, 60).
cost(9, 4, 50).
cost(9, 5, 62).
cost(9, 6, 89).
cost(9, 7, 30).
cost(9, 8, 83).
cost(9, 10, 61).
cost(9, 11, 65).
cost(9, 12, 58).
cost(9, 13, 28).
cost(9, 14, 14).
cost(9, 15, 58).
cost(9, 16, 8).
cost(9, 17, 93).
cost(9, 18, 34).
cost(9, 19, 57).
cost(9, 20, 51).
cost(10, 1, 51).
cost(10, 2, 23).
cost(10, 3, 63).
cost(10, 4, 34).
cost(10, 5, 31).
cost(10, 6, 40).
cost(10, 7, 67).
cost(10, 8, 41).
cost(10, 9, 61).
cost(10, 11, 9).
cost(10, 12, 42).
cost(10, 13, 38).
cost(10, 14, 55).
cost(10, 15, 10).
cost(10, 16, 58).
cost(10, 17, 58).
cost(10, 18, 64).
cost(10, 19, 73).
cost(10, 20, 39).
cost(11, 1, 58).
cost(11, 2, 26).
cost(11, 3, 71).
cost(11, 4, 43).
cost(11, 5, 40).
cost(11, 6, 46).
cost(11, 7, 74).
cost(11, 8, 48).
cost(11, 9, 65).
cost(11, 10, 9).
cost(11, 12, 51).
cost(11, 13, 44).
cost(11, 14, 60).
cost(11, 15, 19).
cost(11, 16, 62).
cost(11, 17, 66).
cost(11, 18, 71).
cost(11, 19, 81).
cost(11, 20, 48).
cost(12, 1, 39).
cost(12, 2, 42).
cost(12, 3, 22).
cost(12, 4, 11).
cost(12, 5, 13).
cost(12, 6, 39).
cost(12, 7, 43).
cost(12, 8, 30).
cost(12, 9, 58).
cost(12, 10, 42).
cost(12, 11, 51).
cost(12, 13, 31).
cost(12, 14, 45).
cost(12, 15, 31).
cost(12, 16, 50).
cost(12, 17, 36).
cost(12, 18, 37).
cost(12, 19, 34).
cost(12, 20, 7).
cost(13, 1, 65).
cost(13, 2, 21).
cost(13, 3, 40).
cost(13, 4, 22).
cost(13, 5, 33).
cost(13, 6, 61).
cost(13, 7, 30).
cost(13, 8, 55).
cost(13, 9, 28).
cost(13, 10, 38).
cost(13, 11, 44).
cost(13, 12, 31).
cost(13, 14, 18).
cost(13, 15, 32).
cost(13, 16, 22).
cost(13, 17, 65).
cost(13, 18, 27).
cost(13, 19, 44).
cost(13, 20, 24).
cost(14, 1, 82).
cost(14, 2, 35).
cost(14, 3, 47).
cost(14, 4, 38).
cost(14, 5, 50).
cost(14, 6, 78).
cost(14, 7, 20).
cost(14, 8, 71).
cost(14, 9, 14).
cost(14, 10, 55).
cost(14, 11, 60).
cost(14, 12, 45).
cost(14, 13, 18).
cost(14, 15, 50).
cost(14, 16, 5).
cost(14, 17, 81).
cost(14, 18, 22).
cost(14, 19, 45).
cost(14, 20, 38).
cost(15, 1, 44).
cost(15, 2, 23).
cost(15, 3, 52).
cost(15, 4, 24).
cost(15, 5, 20).
cost(15, 6, 35).
cost(15, 7, 60).
cost(15, 8, 33).
cost(15, 9, 58).
cost(15, 10, 10).
cost(15, 11, 19).
cost(15, 12, 31).
cost(15, 13, 32).
cost(15, 14, 50).
cost(15, 16, 53).
cost(15, 17, 50).
cost(15, 18, 56).
cost(15, 19, 63).
cost(15, 20, 29).
cost(16, 1, 87).
cost(16, 2, 36).
cost(16, 3, 52).
cost(16, 4, 43).
cost(16, 5, 55).
cost(16, 6, 83).
cost(16, 7, 23).
cost(16, 8, 76).
cost(16, 9, 8).
cost(16, 10, 58).
cost(16, 11, 62).
cost(16, 12, 50).
cost(16, 13, 22).
cost(16, 14, 5).
cost(16, 15, 53).
cost(16, 17, 86).
cost(16, 18, 26).
cost(16, 19, 49).
cost(16, 20, 43).
cost(17, 1, 13).
cost(17, 2, 70).
cost(17, 3, 46).
cost(17, 4, 44).
cost(17, 5, 34).
cost(17, 6, 24).
cost(17, 7, 78).
cost(17, 8, 18).
cost(17, 9, 93).
cost(17, 10, 58).
cost(17, 11, 66).
cost(17, 12, 36).
cost(17, 13, 65).
cost(17, 14, 81).
cost(17, 15, 50).
cost(17, 16, 86).
cost(17, 18, 71).
cost(17, 19, 59).
cost(17, 20, 42).
cost(18, 1, 76).
cost(18, 2, 49).
cost(18, 3, 30).
cost(18, 4, 35).
cost(18, 5, 48).
cost(18, 6, 76).
cost(18, 7, 6).
cost(18, 8, 67).
cost(18, 9, 34).
cost(18, 10, 64).
cost(18, 11, 71).
cost(18, 12, 37).
cost(18, 13, 27).
cost(18, 14, 22).
cost(18, 15, 56).
cost(18, 16, 26).
cost(18, 17, 71).
cost(18, 19, 24).
cost(18, 20, 33).
cost(19, 1, 68).
cost(19, 2, 64).
cost(19, 3, 14).
cost(19, 4, 39).
cost(19, 5, 47).
cost(19, 6, 71).
cost(19, 7, 29).
cost(19, 8, 61).
cost(19, 9, 57).
cost(19, 10, 73).
cost(19, 11, 81).
cost(19, 12, 34).
cost(19, 13, 44).
cost(19, 14, 45).
cost(19, 15, 63).
cost(19, 16, 49).
cost(19, 17, 59).
cost(19, 18, 24).
cost(19, 20, 34).
cost(20, 1, 45).
cost(20, 2, 37).
cost(20, 3, 23).
cost(20, 4, 6).
cost(20, 5, 15).
cost(20, 6, 43).
cost(20, 7, 38).
cost(20, 8, 35).
cost(20, 9, 51).
cost(20, 10, 39).
cost(20, 11, 48).
cost(20, 12, 7).
cost(20, 13, 24).
cost(20, 14, 38).
cost(20, 15, 29).
cost(20, 16, 43).
cost(20, 17, 42).
cost(20, 18, 33).
cost(20, 19, 34).
