dimension(20).
point(1, 8.3715781626, 61.9919341261).
point(2, 51.3972798356, 92.5758079038).
point(3, 62.8244969137, 83.2642088204).
point(4, 4.8263208044, 69.268706705).
point(5, 45.1279993489, 79.1178122544).
point(6, 14.516141374, 50.8869690679).
point(7, 34.7399387586, 29.2132781453).
point(8, 65.4033870065, 34.8394478781).
point(9, 76.2973965775, 74.3191332715).
point(10, 76.170962746, 33.7457299252).
point(11, 41.1868444334, 33.9057386868).
point(12, 45.7867730008, 40.7480003161).
point(13, 80.9899969769, 23.0744351781).
point(14, 79.2490053723, 78.5979112563).
point(15, 12.5582671072, 69.7862643905).
point(16, 77.8816384088, 77.5820174988).
point(17, 46.3754905935, 76.0120060981).
point(18, 60.7030690108, 70.8804616097).
point(19, 44.3175879596, 19.9933929668).
point(20, 84.3742539381, 19.0768864562).
cost(1, 2, 53).
cost(1, 3, 58).
cost(1, 4, 8).
cost(1, 5, 41).
cost(1, 6, 13).
cost(1, 7, 42).
cost(1, 8, 63).
cost(1, 9, 69).
cost(1, 10, 73).
cost(1, 11, 43).
cost(1, 12, 43).
cost(1, 13, 82).
cost(1, 14, 73).
cost(1, 15, 9).
cost(1, 16, 71).
cost(1, 17, 41).
cost(1, 18, 53).
cost(1, 19, 55).
cost(1, 20, 87).
cost(2, 1, 53).
cost(2, 3, 15).
cost(2, 4, 52).
cost(2, 5, 15).
cost(2, 6, 56).
cost(2, 7, 66).
cost(2, 8, 59).
cost(2, 9, 31).
cost(2, 10, 64).
cost(2, 11, 60).
cost(2, 12, 52).
cost(2, 13, 76).
cost(2, 14, 31).
cost(2, 15, 45).
cost(2, 16, 30).
cost(2, 17, 17).
cost(2, 18, 24).
cost(2, 19, 73).
cost(2, 20, 81).
cost(3, 1, 58).
cost(3, 2, 15).
cost(3, 4, 60).
cost(3, 5, 18).
cost(3, 6, 58).
cost(3, 7, 61).
cost(3, 8, 48).
cost(3, 9, 16).
cost(3, 10, 51).
cost(3, 11, 54).
cost(3, 12, 46).
cost(3, 13, 63).
cost(3, 14, 17).
cost(3, 15, 52).
cost(3, 16, 16).
cost(3, 17, 18).
cost(3, 18, 13).
cost(3, 19, 66).
cost(3, 20, 68).
cost(4, 1, 8).
cost(4, 2, 52).
cost(4, 3, 60).
cost(4, 5, 41).
cost(4, 6, 21).
cost(4, 7, 50).
cost(4, 8, 70).
cost(4, 9, 72).
cost(4, 10, 80).
cost(4, 11, 51).
cost(4, 12, 50).
cost(4, 13, 89).
cost(4, 14, 75).
cost(4, 15, 8).
cost(4, 16, 74).
cost(4, 17, 42).
cost(4, 18, 56).
cost(4, 19, 63).
cost(4, 20, 94).
cost(5, 1, 41).
cost(5, 2, 15).
cost(5, 3, 18).
cost(5, 4, 41).
cost(5, 6, 42).
cost(5, 7, 51).
cost(5, 8, 49).
cost(5, 9, 32).
cost(5, 10, 55).
cost(5, 11, 45).
cost(5, 12, 38).
cost(5, 13, 67).
cost(5, 14, 34).
cost(5, 15, 34).
cost(5, 16, 33).
cost(5, 17, 3).
cost(5, 18, 18).
cost(5, 19, 59).
cost(5, 20, 72).
cost(6, 1, 13).
cost(6, 2, 56).
cost(6, 3, 58).
cost(6, 4, 21).
cost(6, 5, 42).
cost(6, 7, 30).
cost(6, 8, 53).
cost(6, 9, 66).
cost(6, 10, 64).
cost(6, 11, 32).
cost(6, 12, 33).
cost(6, 13, 72).
cost(6, 14, 70).
cost(6, 15, 19).
cost(6, 16, 69).
cost(6, 17, 41).
cost(6, 18, 50).
cost(6, 19, 43).
cost(6, 20, 77).
cost(7, 1, 42).
cost(7, 2, 66).
cost(7, 3, 61).
cost(7, 4, 50).
cost(7, 5, 51).
cost(7, 6, 30).
cost(7, 8, 31).
cost(7, 9, 61).
cost(7, 10, 42).
cost(7, 11, 8).
cost(7, 12, 16).
cost(7, 13, 47).
cost(7, 14, 66).
cost(7, 15, 46).
cost(7, 16, 65).
cost(7, 17, 48).
cost(7, 18, 49).
cost(7, 19, 13).
cost(7, 20, 51).
cost(8, 1, 63).
cost(8, 2, 59).
cost(8, 3, 48).
cost(8, 4, 70).
cost(8, 5, 49).
cost(8, 6, 53).
cost(8, 7, 31).
cost(8, 9, 41).
cost(8, 10, 11).
cost(8, 11, 24).
cost(8, 12, 20).
cost(8, 13, 20).
cost(8, 14, 46).
cost(8, 15, 63).
cost(8, 16, 45).
cost(8, 17, 45).
cost(8, 18, 36).
cost(8, 19, 26).
cost(8, 20, 25).
cost(9, 1, 69).
cost(9, 2, 31).
cost(9, 3, 16).
cost(9, 4, 72).
cost(9, 5, 32).
cost(9, 6, 66).
cost(9, 7, 61).
cost(9, 8, 41).
cost(9, 10, 41).
cost(9, 11, 54).
cost(9, 12, 45).
cost(9, 13, 51).
cost(9, 14, 5).
cost(9, 15, 64).
cost(9, 16, 4).
cost(9, 17, 30).
cost(9, 18, 16).
cost(9, 19, 63).
cost(9, 20, 56).
cost(10, 1, 73).
cost(10, 2, 64).
cost(10, 3, 51).
cost(10, 4, 80).
cost(10, 5, 55).
cost(10, 6, 64).
cost(10, 7, 42).
cost(10, 8, 11).
cost(10, 9, 41).
cost(10, 11, 35).
cost(10, 12, 31).
cost(10, 13, 12).
cost(10, 14, 45).
cost(10, 15, 73).
cost(10, 16, 44).
cost(10, 17, 52).
cost(10, 18, 40).
cost(10, 19, 35).
cost(10, 20, 17).
cost(11, 1, 43).
cost(11, 2, 60).
cost(11, 3, 54).
cost(11, 4, 51).
cost(11, 5, 45).
cost(11, 6, 32).
cost(11, 7, 8).
cost(11, 8, 24).
cost(11, 9, 54).
cost(11, 10, 35).
cost(11, 12, 8).
cost(11, 13, 41).
cost(11, 14, 59).
cost(11, 15, 46).
cost(11, 16, 57).
cost(11, 17, 42).
cost(11, 18, 42).
cost(11, 19, 14).
cost(11, 20, 46).
cost(12, 1, 43).
cost(12, 2, 52).
cost(12, 3, 46).
cost(12, 4, 50).
cost(12, 5, 38).
cost(12, 6, 33).
cost(12, 7, 16).
cost(12, 8, 20).
cost(12, 9, 45).
cost(12, 10, 31).
cost(12, 11, 8).
cost(12, 13, 39).
cost(12, 14, 51).
cost(12, 15, 44).
cost(12, 16, 49).
cost(12, 17, 35).
cost(12, 18, 34).
cost(12, 19, 21).
cost(12, 20, 44).
cost(13, 1, 82).
cost(13, 2, 76).
cost(13, 3, 63).
cost(13, 4, 89).
cost(13, 5, 67).
cost(13, 6, 72).
cost(13, 7, 47).
cost(13, 8, 20).
cost(13, 9, 51).
cost(13, 10, 12).
cost(13, 11, 41).
cost(13, 12, 39).
cost(13, 14, 56).
cost(13, 15, 83).
cost(13, 16, 55).
cost(13, 17, 63).
cost(13, 18, 52).
cost(13, 19, 37).
cost(13, 20, 5).
cost(14, 1, 73).
cost(14, 2, 31).
cost(14, 3, 17).
cost(14, 4, 75).
cost(14, 5, 34).
cost(14, 6, 70).
cost(14, 7, 66).
cost(14, 8, 46).
cost(14, 9, 5).
cost(14, 10, 45).
cost(14, 11, 59).
cost(14, 12, 51).
cost(14, 13, 56).
cost(14, 15, 67).
cost(14, 16, 2).
cost(14, 17, 33).
cost(14, 18, 20).
cost(14, 19, 68).
cost(14, 20, 60).
cost(15, 1, 9).
cost(15, 2, 45).
cost(15, 3, 52).
cost(15, 4, 8).
cost(15, 5, 34).
cost(15, 6, 19).
cost(15, 7, 46).
cost(15, 8, 63).
cost(15, 9, 64).
cost(15, 10, 73).
cost(15, 11, 46).
cost(15, 12, 44).
cost(15, 13, 83).
cost(15, 14, 67).
cost(15, 16, 66).
cost(15, 17, 34).
cost(15, 18, 48).
cost(15, 19, 59).
cost(15, 20, 88).
cost(16, 1, 71).
cost(16, 2, 30).
cost(16, 3, 16).
cost(16, 4, 74).
cost(16, 5, 33).
cost(16, 6, 69).
cost(16, 7, 65).
cost(16, 8, 45).
cost(16, 9, 4).
cost(16, 10, 44).
cost(16, 11, 57).
cost(16, 12, 49).
cost(16, 13, 55).
cost(16, 14, 2).
cost(16, 15, 66).
cost(16, 17, 32).
cost(16, 18, 18).
cost(16, 19, 67).
cost(16, 20, 59).
cost(17, 1, 41).
cost(17, 2, 17).
cost(17, 3, 18).
cost(17, 4, 42).
cost(17, 5, 3).
cost(17, 6, 41).
cost(17, 7, 48).
cost(17, 8, 45).
cost(17, 9, 30).
cost(17, 10, 52).
cost(17, 11, 42).
cost(17, 12, 35).
cost(17, 13, 63).
cost(17, 14, 33).
cost(17, 15, 34).
cost(17, 16, 32).
cost(17, 18, 15).
cost(17, 19, 56).
cost(17, 20, 68).
cost(18, 1, 53).
cost(18, 2, 24).
cost(18, 3, 13).
cost(18, 4, 56).
cost(18, 5, 18).
cost(18, 6, 50).
cost(18, 7, 49).
cost(18, 8, 36).
cost(18, 9, 16).
cost(18, 10, 40).
cost(18, 11, 42).
cost(18, 12, 34).
cost(18, 13, 52).
cost(18, 14, 20).
cost(18, 15, 48).
cost(18, 16, 18).
cost(18, 17, 15).
cost(18, 19, 53).
cost(18, 20, 57).
cost(19, 1, 55).
cost(19, 2, 73).
cost(19, 3, 66).
cost(19, 4, 63).
cost(19, 5, 59).
cost(19, 6, 43).
cost(19, 7, 13).
cost(19, 8, 26).
cost(19, 9, 63).
cost(19, 10, 35).
cost(19, 11, 14).
cost(19, 12, 21).
cost(19, 13, 37).
cost(19, 14, 68).
cost(19, 15, 59).
cost(19, 16, 67).
cost(19, 17, 56).
cost(19, 18, 53).
cost(19, 20, 40).
cost(20, 1, 87).
cost(20, 2, 81).
cost(20, 3, 68).
cost(20, 4, 94).
cost(20, 5, 72).
cost(20, 6, 77).
cost(20, 7, 51).
cost(20, 8, 25).
cost(20, 9, 56).
cost(20, 10, 17).
cost(20, 11, 46).
cost(20, 12, 44).
cost(20, 13, 5).
cost(20, 14, 60).
cost(20, 15, 88).
cost(20, 16, 59).
cost(20, 17, 68).
cost(20, 18, 57).
cost(20, 19, 40).
