dimension(20).
point(1, 69.8260960131, 5.3698673567).
point(2, 64.0498312112, 14.5033068241).
point(3, 95.4817399536, 87.9077497834).
point(4, 16.6234470726, 93.0232317535).
point(5, 6.669406571, 16.4946364789).
point(6, 58.3425407758, 64.9609435055).
point(7, 50.4174285666, 54.6552811489).
point(8, 58.8351149027, 47.2393460911).
point(9, 46.5594985586, 19.4364992888).
point(10, 22.5595626889, 37.5843167464).
point(11, 75.6404175167, 81.8856135605).
point(12, 75.0612295826, 52.375244933).
point(13, 10.9642113629, 23.8929148048).
point(14, 41.9198079611, 13.0970634045).
point(15, 91.8855719837, 48.5087224474).
point(16, 13.4759579992, 74.4162997941).
point(17, 41.4902444634, 93.2106222025).
point(18, 8.6248174038, 60.1670178514).
point(19, 92.8663104923, 70.4278689022).
point(20, 6.9651973487, 38.6714114492).
cost(1, 2, 11).
cost(1, 3, 86).
cost(1, 4, 103).
cost(1, 5, 64).
cost(1, 6, 61).
cost(1, 7, 53).
cost(1, 8, 43).
cost(1, 9, 27).
cost(1, 10, 57).
cost(1, 11, 77).
cost(1, 12, 47).
cost(1, 13, 62).
cost(1, 14, 29).
cost(1, 15, 48).
cost(1, 16, 89).
cost(1, 17, 92).
cost(1, 18, 82).
cost(1, 19, 69).
cost(1, 20, 71).
cost(2, 1, 11).
cost(2, 3, 80).
cost(2, 4, 92).
cost(2, 5, 57).
cost(2, 6, 51).
cost(2, 7, 42).
cost(2, 8, 33).
cost(2, 9, 18).
cost(2, 10, 47).
cost(2, 11, 68).
cost(2, 12, 39).
cost(2, 13, 54).
cost(2, 14, 22).
cost(2, 15, 44).
cost(2, 16, 78).
cost(2, 17, 82).
cost(2, 18, 72).
cost(2, 19, 63).
cost(2, 20, 62).
cost(3, 1, 86).
cost(3, 2, 80).
cost(3, 4, 79).
cost(3, 5, 114).
cost(3, 6, 44).
cost(3, 7, 56).
cost(3, 8, 55).
cost(3, 9, 84).
cost(3, 10, 89).
cost(3, 11, 21).
cost(3, 12, 41).
cost(3, 13, 106).
cost(3, 14, 92).
cost(3, 15, 40).
cost(3, 16, 83).
cost(3, 17, 54).
cost(3, 18, 91).
cost(3, 19, 18).
cost(3, 20, 101).
cost(4, 1, 103).
cost(4, 2, 92).
cost(4, 3, 79).
cost(4, 5, 77).
cost(4, 6, 50).
cost(4, 7, 51).
cost(4, 8, 62).
cost(4, 9, 79).
cost(4, 10, 56).
cost(4, 11, 60).
cost(4, 12, 71).
cost(4, 13, 69).
cost(4, 14, 84).
cost(4, 15, 87).
cost(4, 16, 19).
cost(4, 17, 25).
cost(4, 18, 34).
cost(4, 19, 80).
cost(4, 20, 55).
cost(5, 1, 64).
cost(5, 2, 57).
cost(5, 3, 114).
cost(5, 4, 77).
cost(5, 6, 71).
cost(5, 7, 58).
cost(5, 8, 61).
cost(5, 9, 40).
cost(5, 10, 26).
cost(5, 11, 95).
cost(5, 12, 77).
cost(5, 13, 9).
cost(5, 14, 35).
cost(5, 15, 91).
cost(5, 16, 58).
cost(5, 17, 84).
cost(5, 18, 44).
cost(5, 19, 102).
cost(5, 20, 22).
cost(6, 1, 61).
cost(6, 2, 51).
cost(6, 3, 44).
cost(6, 4, 50).
cost(6, 5, 71).
cost(6, 7, 13).
cost(6, 8, 18).
cost(6, 9, 47).
cost(6, 10, 45).
cost(6, 11, 24).
cost(6, 12, 21).
cost(6, 13, 63).
cost(6, 14, 54).
cost(6, 15, 37).
cost(6, 16, 46).
cost(6, 17, 33).
cost(6, 18, 50).
cost(6, 19, 35).
cost(6, 20, 58).
cost(7, 1, 53).
cost(7, 2, 42).
cost(7, 3, 56).
cost(7, 4, 51).
cost(7, 5, 58).
cost(7, 6, 13).
cost(7, 8, 11).
cost(7, 9, 35).
cost(7, 10, 33).
cost(7, 11, 37).
cost(7, 12, 25).
cost(7, 13, 50).
cost(7, 14, 42).
cost(7, 15, 42).
cost(7, 16, 42).
cost(7, 17, 40).
cost(7, 18, 42).
cost(7, 19, 45).
cost(7, 20, 46).
cost(8, 1, 43).
cost(8, 2, 33).
cost(8, 3, 55).
cost(8, 4, 62).
cost(8, 5, 61).
cost(8, 6, 18).
cost(8, 7, 11).
cost(8, 9, 30).
cost(8, 10, 38).
cost(8, 11, 39).
cost(8, 12, 17).
cost(8, 13, 53).
cost(8, 14, 38).
cost(8, 15, 33).
cost(8, 16, 53).
cost(8, 17, 49).
cost(8, 18, 52).
cost(8, 19, 41).
cost(8, 20, 53).
cost(9, 1, 27).
cost(9, 2, 18).
cost(9, 3, 84).
cost(9, 4, 79).
cost(9, 5, 40).
cost(9, 6, 47).
cost(9, 7, 35).
cost(9, 8, 30).
cost(9, 10, 30).
cost(9, 11, 69).
cost(9, 12, 44).
cost(9, 13, 36).
cost(9, 14, 8).
cost(9, 15, 54).
cost(9, 16, 64).
cost(9, 17, 74).
cost(9, 18, 56).
cost(9, 19, 69).
cost(9, 20, 44).
cost(10, 1, 57).
cost(10, 2, 47).
cost(10, 3, 89).
cost(10, 4, 56).
cost(10, 5, 26).
cost(10, 6, 45).
cost(10, 7, 33).
cost(10, 8, 38).
cost(10, 9, 30).
cost(10, 11, 69).
cost(10, 12, 55).
cost(10, 13, 18).
cost(10, 14, 31).
cost(10, 15, 70).
cost(10, 16, 38).
cost(10, 17, 59).
cost(10, 18, 27).
cost(10, 19, 78).
cost(10, 20, 16).
cost(11, 1, 77).
cost(11, 2, 68).
cost(11, 3, 21).
cost(11, 4, 60).
cost(11, 5, 95).
cost(11, 6, 24).
cost(11, 7, 37).
cost(11, 8, 39).
cost(11, 9, 69).
cost(11, 10, 69).
cost(11, 12, 30).
cost(11, 13, 87).
cost(11, 14, 77).
cost(11, 15, 37).
cost(11, 16, 63).
cost(11, 17, 36).
cost(11, 18, 70).
cost(11, 19, 21).
cost(11, 20, 81).
cost(12, 1, 47).
cost(12, 2, 39).
cost(12, 3, 41).
cost(12, 4, 71).
cost(12, 5, 77).
cost(12, 6, 21).
cost(12, 7, 25).
cost(12, 8, 17).
cost(12, 9, 44).
cost(12, 10, 55).
cost(12, 11, 30).
cost(12, 13, 70).
cost(12, 14, 51).
cost(12, 15, 17).
cost(12, 16, 65).
cost(12, 17, 53).
cost(12, 18, 67).
cost(12, 19, 25).
cost(12, 20, 69).
cost(13, 1, 62).
cost(13, 2, 54).
cost(13, 3, 106).
cost(13, 4, 69).
cost(13, 5, 9).
cost(13, 6, 63).
cost(13, 7, 50).
cost(13, 8, 53).
cost(13, 9, 36).
cost(13, 10, 18).
cost(13, 11, 87).
cost(13, 12, 70).
cost(13, 14, 33).
cost(13, 15, 85).
cost(13, 16, 51).
cost(13, 17, 76).
cost(13, 18, 36).
cost(13, 19, 94).
cost(13, 20, 15).
cost(14, 1, 29).
cost(14, 2, 22).
cost(14, 3, 92).
cost(14, 4, 84).
cost(14, 5, 35).
cost(14, 6, 54).
cost(14, 7, 42).
cost(14, 8, 38).
cost(14, 9, 8).
cost(14, 10, 31).
cost(14, 11, 77).
cost(14, 12, 51).
cost(14, 13, 33).
cost(14, 15, 61).
cost(14, 16, 68).
cost(14, 17, 80).
cost(14, 18, 58).
cost(14, 19, 77).
cost(14, 20, 43).
cost(15, 1, 48).
cost(15, 2, 44).
cost(15, 3, 40).
cost(15, 4, 87).
cost(15, 5, 91).
cost(15, 6, 37).
cost(15, 7, 42).
cost(15, 8, 33).
cost(15, 9, 54).
cost(15, 10, 70).
cost(15, 11, 37).
cost(15, 12, 17).
cost(15, 13, 85).
cost(15, 14, 61).
cost(15, 16, 83).
cost(15, 17, 67).
cost(15, 18, 84).
cost(15, 19, 22).
cost(15, 20, 85).
cost(16, 1, 89).
cost(16, 2, 78).
cost(16, 3, 83).
cost(16, 4, 19).
cost(16, 5, 58).
cost(16, 6, 46).
cost(16, 7, 42).
cost(16, 8, 53).
cost(16, 9, 64).
cost(16, 10, 38).
cost(16, 11, 63).
cost(16, 12, 65).
cost(16, 13, 51).
cost(16, 14, 68).
cost(16, 15, 83).
cost(16, 17, 34).
cost(16, 18, 15).
cost(16, 19, 79).
cost(16, 20, 36).
cost(17, 1, 92).
cost(17, 2, 82).
cost(17, 3, 54).
cost(17, 4, 25).
cost(17, 5, 84).
cost(17, 6, 33).
cost(17, 7, 40).
cost(17, 8, 49).
cost(17, 9, 74).
cost(17, 10, 59).
cost(17, 11, 36).
cost(17, 12, 53).
cost(17, 13, 76).
cost(17, 14, 80).
cost(17, 15, 67).
cost(17, 16, 34).
cost(17, 18, 47).
cost(17, 19, 56).
cost(17, 20, 65).
cost(18, 1, 82).
cost(18, 2, 72).
cost(18, 3, 91).
cost(18, 4, 34).
cost(18, 5, 44).
cost(18, 6, 50).
cost(18, 7, 42).
cost(18, 8, 52).
cost(18, 9, 56).
cost(18, 10, 27).
cost(18, 11, 70).
cost(18, 12, 67).
cost(18, 13, 36).
cost(18, 14, 58).
cost(18, 15, 84).
cost(18, 16, 15).
cost(18, 17, 47).
cost(18, 19, 85).
cost(18, 20, 22).
cost(19, 1, 69).
cost(19, 2, 63).
cost(19, 3, 18).
cost(19, 4, 80).
cost(19, 5, 102).
cost(19, 6, 35).
cost(19, 7, 45).
cost(19, 8, 41).
cost(19, 9, 69).
cost(19, 10, 78).
cost(19, 11, 21).
cost(19, 12, 25).
cost(19, 13, 94).
cost(19, 14, 77).
cost(19, 15, 22).
cost(19, 16, 79).
cost(19, 17, 56).
cost(19, 18, 85).
cost(19, 20, 92).
cost(20, 1, 71).
cost(20, 2, 62).
cost(20, 3, 101).
cost(20, 4, 55).
cost(20, 5, 22).
cost(20, 6, 58).
cost(20, 7, 46).
cost(20, 8, 53).
cost(20, 9, 44).
cost(20, 10, 16).
cost(20, 11, 81).
cost(20, 12, 69).
cost(20, 13, 15).
cost(20, 14, 43).
cost(20, 15, 85).
cost(20, 16, 36).
cost(20, 17, 65).
cost(20, 18, 22).
cost(20, 19, 92).
