dimension(20).
point(1, 21.7995375155, 21.9582350053).
point(2, 21.7542256681, 52.6993770797).
point(3, 64.129236695, 76.4352714398).
point(4, 37.5070946259, 32.1032453103).
point(5, 78.2079519243, 18.4852864477).
point(6, 78.1027208273, 65.70196892).
point(7, 19.3548183757, 24.229447856).
point(8, 75.7251325529, 57.5777771705).
point(9, 79.8938037571, 62.6135671204).
point(10, 16.4229405201, 19.0379667534).
point(11, 68.1746352826, 31.7710270717).
point(12, 26.347540674, 30.667739941).
point(13, 71.6118484998, 39.6845807961).
point(14, 74.2810793163, 12.04900045).
point(15, 43.4708765135, 92.0331554004).
point(16, 92.2330738545, 15.9459744262).
point(17, 22.7505564845, 67.0538421486).
point(18, 10.3288977025, 58.5024300875).
point(19, 51.0048290643, 71.731292034).
point(20, 33.4569508191, 87.4683505077).
cost(1, 2, 31).
cost(1, 3, 69).
cost(1, 4, 19).
cost(1, 5, 57).
cost(1, 6, 71).
cost(1, 7, 3).
cost(1, 8, 65).
cost(1, 9, 71).
cost(1, 10, 6).
cost(1, 11, 47).
cost(1, 12, 10).
cost(1, 13, 53).
cost(1, 14, 53).
cost(1, 15, 73).
cost(1, 16, 71).
cost(1, 17, 45).
cost(1, 18, 38).
cost(1, 19, 58).
cost(1, 20, 67).
cost(2, 1, 31).
cost(2, 3, 49).
cost(2, 4, 26).
cost(2, 5, 66).
cost(2, 6, 58).
cost(2, 7, 29).
cost(2, 8, 54).
cost(2, 9, 59).
cost(2, 10, 34).
cost(2, 11, 51).
cost(2, 12, 23).
cost(2, 13, 52).
cost(2, 14, 66).
cost(2, 15, 45).
cost(2, 16, 79).
cost(2, 17, 14).
cost(2, 18, 13).
cost(2, 19, 35).
cost(2, 20, 37).
cost(3, 1, 69).
cost(3, 2, 49).
cost(3, 4, 52).
cost(3, 5, 60).
cost(3, 6, 18).
cost(3, 7, 69).
cost(3, 8, 22).
cost(3, 9, 21).
cost(3, 10, 75).
cost(3, 11, 45).
cost(3, 12, 59).
cost(3, 13, 38).
cost(3, 14, 65).
cost(3, 15, 26).
cost(3, 16, 67).
cost(3, 17, 42).
cost(3, 18, 57).
cost(3, 19, 14).
cost(3, 20, 33).
cost(4, 1, 19).
cost(4, 2, 26).
cost(4, 3, 52).
cost(4, 5, 43).
cost(4, 6, 53).
cost(4, 7, 20).
cost(4, 8, 46).
cost(4, 9, 52).
cost(4, 10, 25).
cost(4, 11, 31).
cost(4, 12, 11).
cost(4, 13, 35).
cost(4, 14, 42).
cost(4, 15, 60).
cost(4, 16, 57).
cost(4, 17, 38).
cost(4, 18, 38).
cost(4, 19, 42).
cost(4, 20, 56).
cost(5, 1, 57).
cost(5, 2, 66).
cost(5, 3, 60).
cost(5, 4, 43).
cost(5, 6, 47).
cost(5, 7, 59).
cost(5, 8, 39).
cost(5, 9, 44).
cost(5, 10, 62).
cost(5, 11, 17).
cost(5, 12, 53).
cost(5, 13, 22).
cost(5, 14, 8).
cost(5, 15, 81).
cost(5, 16, 14).
cost(5, 17, 74).
cost(5, 18, 79).
cost(5, 19, 60).
cost(5, 20, 82).
cost(6, 1, 71).
cost(6, 2, 58).
cost(6, 3, 18).
cost(6, 4, 53).
cost(6, 5, 47).
cost(6, 7, 72).
cost(6, 8, 8).
cost(6, 9, 4).
cost(6, 10, 77).
cost(6, 11, 35).
cost(6, 12, 62).
cost(6, 13, 27).
cost(6, 14, 54).
cost(6, 15, 44).
cost(6, 16, 52).
cost(6, 17, 55).
cost(6, 18, 68).
cost(6, 19, 28).
cost(6, 20, 50).
cost(7, 1, 3).
cost(7, 2, 29).
cost(7, 3, 69).
cost(7, 4, 20).
cost(7, 5, 59).
cost(7, 6, 72).
cost(7, 8, 65).
cost(7, 9, 72).
cost(7, 10, 6).
cost(7, 11, 49).
cost(7, 12, 10).
cost(7, 13, 54).
cost(7, 14, 56).
cost(7, 15, 72).
cost(7, 16, 73).
cost(7, 17, 43).
cost(7, 18, 35).
cost(7, 19, 57).
cost(7, 20, 65).
cost(8, 1, 65).
cost(8, 2, 54).
cost(8, 3, 22).
cost(8, 4, 46).
cost(8, 5, 39).
cost(8, 6, 8).
cost(8, 7, 65).
cost(8, 9, 7).
cost(8, 10, 71).
cost(8, 11, 27).
cost(8, 12, 56).
cost(8, 13, 18).
cost(8, 14, 46).
cost(8, 15, 47).
cost(8, 16, 45).
cost(8, 17, 54).
cost(8, 18, 65).
cost(8, 19, 28).
cost(8, 20, 52).
cost(9, 1, 71).
cost(9, 2, 59).
cost(9, 3, 21).
cost(9, 4, 52).
cost(9, 5, 44).
cost(9, 6, 4).
cost(9, 7, 72).
cost(9, 8, 7).
cost(9, 10, 77).
cost(9, 11, 33).
cost(9, 12, 62).
cost(9, 13, 24).
cost(9, 14, 51).
cost(9, 15, 47).
cost(9, 16, 48).
cost(9, 17, 57).
cost(9, 18, 70).
cost(9, 19, 30).
cost(9, 20, 53).
cost(10, 1, 6).
cost(10, 2, 34).
cost(10, 3, 75).
cost(10, 4, 25).
cost(10, 5, 62).
cost(10, 6, 77).
cost(10, 7, 6).
cost(10, 8, 71).
cost(10, 9, 77).
cost(10, 11, 53).
cost(10, 12, 15).
cost(10, 13, 59).
cost(10, 14, 58).
cost(10, 15, 78).
cost(10, 16, 76).
cost(10, 17, 48).
cost(10, 18, 40).
cost(10, 19, 63).
cost(10, 20, 71).
cost(11, 1, 47).
cost(11, 2, 51).
cost(11, 3, 45).
cost(11, 4, 31).
cost(11, 5, 17).
cost(11, 6, 35).
cost(11, 7, 49).
cost(11, 8, 27).
cost(11, 9, 33).
cost(11, 10, 53).
cost(11, 12, 42).
cost(11, 13, 9).
cost(11, 14, 21).
cost(11, 15, 65).
cost(11, 16, 29).
cost(11, 17, 58).
cost(11, 18, 64).
cost(11, 19, 43).
cost(11, 20, 66).
cost(12, 1, 10).
cost(12, 2, 23).
cost(12, 3, 59).
cost(12, 4, 11).
cost(12, 5, 53).
cost(12, 6, 62).
cost(12, 7, 10).
cost(12, 8, 56).
cost(12, 9, 62).
cost(12, 10, 15).
cost(12, 11, 42).
cost(12, 13, 46).
cost(12, 14, 51).
cost(12, 15, 64).
cost(12, 16, 68).
cost(12, 17, 37).
cost(12, 18, 32).
cost(12, 19, 48).
cost(12, 20, 57).
cost(13, 1, 53).
cost(13, 2, 52).
cost(13, 3, 38).
cost(13, 4, 35).
cost(13, 5, 22).
cost(13, 6, 27).
cost(13, 7, 54).
cost(13, 8, 18).
cost(13, 9, 24).
cost(13, 10, 59).
cost(13, 11, 9).
cost(13, 12, 46).
cost(13, 14, 28).
cost(13, 15, 59).
cost(13, 16, 31).
cost(13, 17, 56).
cost(13, 18, 64).
cost(13, 19, 38).
cost(13, 20, 61).
cost(14, 1, 53).
cost(14, 2, 66).
cost(14, 3, 65).
cost(14, 4, 42).
cost(14, 5, 8).
cost(14, 6, 54).
cost(14, 7, 56).
cost(14, 8, 46).
cost(14, 9, 51).
cost(14, 10, 58).
cost(14, 11, 21).
cost(14, 12, 51).
cost(14, 13, 28).
cost(14, 15, 86).
cost(14, 16, 18).
cost(14, 17, 75).
cost(14, 18, 79).
cost(14, 19, 64).
cost(14, 20, 86).
cost(15, 1, 73).
cost(15, 2, 45).
cost(15, 3, 26).
cost(15, 4, 60).
cost(15, 5, 81).
cost(15, 6, 44).
cost(15, 7, 72).
cost(15, 8, 47).
cost(15, 9, 47).
cost(15, 10, 78).
cost(15, 11, 65).
cost(15, 12, 64).
cost(15, 13, 59).
cost(15, 14, 86).
cost(15, 16, 90).
cost(15, 17, 32).
cost(15, 18, 47).
cost(15, 19, 22).
cost(15, 20, 11).
cost(16, 1, 71).
cost(16, 2, 79).
cost(16, 3, 67).
cost(16, 4, 57).
cost(16, 5, 14).
cost(16, 6, 52).
cost(16, 7, 73).
cost(16, 8, 45).
cost(16, 9, 48).
cost(16, 10, 76).
cost(16, 11, 29).
cost(16, 12, 68).
cost(16, 13, 31).
cost(16, 14, 18).
cost(16, 15, 90).
cost(16, 17, 86).
cost(16, 18, 92).
cost(16, 19, 69).
cost(16, 20, 93).
cost(17, 1, 45).
cost(17, 2, 14).
cost(17, 3, 42).
cost(17, 4, 38).
cost(17, 5, 74).
cost(17, 6, 55).
cost(17, 7, 43).
cost(17, 8, 54).
cost(17, 9, 57).
cost(17, 10, 48).
cost(17, 11, 58).
cost(17, 12, 37).
cost(17, 13, 56).
cost(17, 14, 75).
cost(17, 15, 32).
cost(17, 16, 86).
cost(17, 18, 15).
cost(17, 19, 29).
cost(17, 20, 23).
cost(18, 1, 38).
cost(18, 2, 13).
cost(18, 3, 57).
cost(18, 4, 38).
cost(18, 5, 79).
cost(18, 6, 68).
cost(18, 7, 35).
cost(18, 8, 65).
cost(18, 9, 70).
cost(18, 10, 40).
cost(18, 11, 64).
cost(18, 12, 32).
cost(18, 13, 64).
cost(18, 14, 79).
cost(18, 15, 47).
cost(18, 16, 92).
cost(18, 17, 15).
cost(18, 19, 43).
cost(18, 20, 37).
cost(19, 1, 58).
cost(19, 2, 35).
cost(19, 3, 14).
cost(19, 4, 42).
cost(19, 5, 60).
cost(19, 6, 28).
cost(19, 7, 57).
cost(19, 8, 28).
cost(19, 9, 30).
cost(19, 10, 63).
cost(19, 11, 43).
cost(19, 12, 48).
cost(19, 13, 38).
cost(19, 14, 64).
cost(19, 15, 22).
cost(19, 16, 69).
cost(19, 17, 29).
cost(19, 18, 43).
cost(19, 20, 24).
cost(20, 1, 67).
cost(20, 2, 37).
cost(20, 3, 33).
cost(20, 4, 56).
cost(20, 5, 82).
cost(20, 6, 50).
cost(20, 7, 65).
cost(20, 8, 52).
cost(20, 9, 53).
cost(20, 10, 71).
cost(20, 11, 66).
cost(20, 12, 57).
cost(20, 13, 61).
cost(20, 14, 86).
cost(20, 15, 11).
cost(20, 16, 93).
cost(20, 17, 23).
cost(20, 18, 37).
cost(20, 19, 24).
