dimension(20).
point(1, 5.0802121166, 48.4152457439).
point(2, 23.9863335078, 50.8338380093).
point(3, 30.7581995243, 76.2810736822).
point(4, 57.076566727, 88.4224400293).
point(5, 57.3817898104, 61.7853739541).
point(6, 6.9654044491, 31.7677903475).
point(7, 76.87107617, 54.0709982503).
point(8, 83.2065878336, 89.4325112397).
point(9, 17.4586574583, 54.4753588071).
point(10, 11.7448363376, 15.7508777528).
point(11, 94.267861736, 53.8335624108).
point(12, 48.7237197414, 13.2270743747).
point(13, 18.136846142, 10.8458707252).
point(14, 61.7128691914, 69.656878094).
point(15, 18.5037117703, 46.01898935).
point(16, 78.5247136976, 11.3862916275).
point(17, 71.6134277226, 91.1131816155).
point(18, 32.5969388467, 36.1674373133).
point(19, 77.2844773323, 23.4540663662).
point(20, 48.5811821604, 4.5880738976).
cost(1, 2, 19).
cost(1, 3, 38).
cost(1, 4, 66).
cost(1, 5, 54).
cost(1, 6, 17).
cost(1, 7, 72).
cost(1, 8, 88).
cost(1, 9, 14).
cost(1, 10, 33).
cost(1, 11, 89).
cost(1, 12, 56).
cost(1, 13, 40).
cost(1, 14, 60).
cost(1, 15, 14).
cost(1, 16, 82).
cost(1, 17, 79).
cost(1, 18, 30).
cost(1, 19, 76).
cost(1, 20, 62).
cost(2, 1, 19).
cost(2, 3, 26).
cost(2, 4, 50).
cost(2, 5, 35).
cost(2, 6, 26).
cost(2, 7, 53).
cost(2, 8, 71).
cost(2, 9, 7).
cost(2, 10, 37).
cost(2, 11, 70).
cost(2, 12, 45).
cost(2, 13, 40).
cost(2, 14, 42).
cost(2, 15, 7).
cost(2, 16, 67).
cost(2, 17, 62).
cost(2, 18, 17).
cost(2, 19, 60).
cost(2, 20, 52).
cost(3, 1, 38).
cost(3, 2, 26).
cost(3, 4, 29).
cost(3, 5, 30).
cost(3, 6, 50).
cost(3, 7, 51).
cost(3, 8, 54).
cost(3, 9, 26).
cost(3, 10, 63).
cost(3, 11, 67).
cost(3, 12, 66).
cost(3, 13, 67).
cost(3, 14, 32).
cost(3, 15, 33).
cost(3, 16, 81).
cost(3, 17, 43).
cost(3, 18, 40).
cost(3, 19, 70).
cost(3, 20, 74).
cost(4, 1, 66).
cost(4, 2, 50).
cost(4, 3, 29).
cost(4, 5, 27).
cost(4, 6, 76).
cost(4, 7, 40).
cost(4, 8, 26).
cost(4, 9, 52).
cost(4, 10, 86).
cost(4, 11, 51).
cost(4, 12, 76).
cost(4, 13, 87).
cost(4, 14, 19).
cost(4, 15, 57).
cost(4, 16, 80).
cost(4, 17, 15).
cost(4, 18, 58).
cost(4, 19, 68).
cost(4, 20, 84).
cost(5, 1, 54).
cost(5, 2, 35).
cost(5, 3, 30).
cost(5, 4, 27).
cost(5, 6, 59).
cost(5, 7, 21).
cost(5, 8, 38).
cost(5, 9, 41).
cost(5, 10, 65).
cost(5, 11, 38).
cost(5, 12, 49).
cost(5, 13, 64).
cost(5, 14, 9).
cost(5, 15, 42).
cost(5, 16, 55).
cost(5, 17, 33).
cost(5, 18, 36).
cost(5, 19, 43).
cost(5, 20, 58).
cost(6, 1, 17).
cost(6, 2, 26).
cost(6, 3, 50).
cost(6, 4, 76).
cost(6, 5, 59).
cost(6, 7, 73).
cost(6, 8, 96).
cost(6, 9, 25).
cost(6, 10, 17).
cost(6, 11, 90).
cost(6, 12, 46).
cost(6, 13, 24).
cost(6, 14, 67).
cost(6, 15, 18).
cost(6, 16, 74).
cost(6, 17, 88).
cost(6, 18, 26).
cost(6, 19, 71).
cost(6, 20, 50).
cost(7, 1, 72).
cost(7, 2, 53).
cost(7, 3, 51).
cost(7, 4, 40).
cost(7, 5, 21).
cost(7, 6, 73).
cost(7, 8, 36).
cost(7, 9, 59).
cost(7, 10, 76).
cost(7, 11, 17).
cost(7, 12, 50).
cost(7, 13, 73).
cost(7, 14, 22).
cost(7, 15, 59).
cost(7, 16, 43).
cost(7, 17, 37).
cost(7, 18, 48).
cost(7, 19, 31).
cost(7, 20, 57).
cost(8, 1, 88).
cost(8, 2, 71).
cost(8, 3, 54).
cost(8, 4, 26).
cost(8, 5, 38).
cost(8, 6, 96).
cost(8, 7, 36).
cost(8, 9, 74).
cost(8, 10, 103).
cost(8, 11, 37).
cost(8, 12, 84).
cost(8, 13, 102).
cost(8, 14, 29).
cost(8, 15, 78).
cost(8, 16, 78).
cost(8, 17, 12).
cost(8, 18, 73).
cost(8, 19, 66).
cost(8, 20, 92).
cost(9, 1, 14).
cost(9, 2, 7).
cost(9, 3, 26).
cost(9, 4, 52).
cost(9, 5, 41).
cost(9, 6, 25).
cost(9, 7, 59).
cost(9, 8, 74).
cost(9, 10, 39).
cost(9, 11, 77).
cost(9, 12, 52).
cost(9, 13, 44).
cost(9, 14, 47).
cost(9, 15, 9).
cost(9, 16, 75).
cost(9, 17, 65).
cost(9, 18, 24).
cost(9, 19, 67).
cost(9, 20, 59).
cost(10, 1, 33).
cost(10, 2, 37).
cost(10, 3, 63).
cost(10, 4, 86).
cost(10, 5, 65).
cost(10, 6, 17).
cost(10, 7, 76).
cost(10, 8, 103).
cost(10, 9, 39).
cost(10, 11, 91).
cost(10, 12, 37).
cost(10, 13, 8).
cost(10, 14, 74).
cost(10, 15, 31).
cost(10, 16, 67).
cost(10, 17, 96).
cost(10, 18, 29).
cost(10, 19, 66).
cost(10, 20, 38).
cost(11, 1, 89).
cost(11, 2, 70).
cost(11, 3, 67).
cost(11, 4, 51).
cost(11, 5, 38).
cost(11, 6, 90).
cost(11, 7, 17).
cost(11, 8, 37).
cost(11, 9, 77).
cost(11, 10, 91).
cost(11, 12, 61).
cost(11, 13, 87).
cost(11, 14, 36).
cost(11, 15, 76).
cost(11, 16, 45).
cost(11, 17, 44).
cost(11, 18, 64).
cost(11, 19, 35).
cost(11, 20, 67).
cost(12, 1, 56).
cost(12, 2, 45).
cost(12, 3, 66).
cost(12, 4, 76).
cost(12, 5, 49).
cost(12, 6, 46).
cost(12, 7, 50).
cost(12, 8, 84).
cost(12, 9, 52).
cost(12, 10, 37).
cost(12, 11, 61).
cost(12, 13, 31).
cost(12, 14, 58).
cost(12, 15, 45).
cost(12, 16, 30).
cost(12, 17, 81).
cost(12, 18, 28).
cost(12, 19, 30).
cost(12, 20, 9).
cost(13, 1, 40).
cost(13, 2, 40).
cost(13, 3, 67).
cost(13, 4, 87).
cost(13, 5, 64).
cost(13, 6, 24).
cost(13, 7, 73).
cost(13, 8, 102).
cost(13, 9, 44).
cost(13, 10, 8).
cost(13, 11, 87).
cost(13, 12, 31).
cost(13, 14, 73).
cost(13, 15, 35).
cost(13, 16, 60).
cost(13, 17, 96).
cost(13, 18, 29).
cost(13, 19, 60).
cost(13, 20, 31).
cost(14, 1, 60).
cost(14, 2, 42).
cost(14, 3, 32).
cost(14, 4, 19).
cost(14, 5, 9).
cost(14, 6, 67).
cost(14, 7, 22).
cost(14, 8, 29).
cost(14, 9, 47).
cost(14, 10, 74).
cost(14, 11, 36).
cost(14, 12, 58).
cost(14, 13, 73).
cost(14, 15, 49).
cost(14, 16, 61).
cost(14, 17, 24).
cost(14, 18, 44).
cost(14, 19, 49).
cost(14, 20, 66).
cost(15, 1, 14).
cost(15, 2, 7).
cost(15, 3, 33).
cost(15, 4, 57).
cost(15, 5, 42).
cost(15, 6, 18).
cost(15, 7, 59).
cost(15, 8, 78).
cost(15, 9, 9).
cost(15, 10, 31).
cost(15, 11, 76).
cost(15, 12, 45).
cost(15, 13, 35).
cost(15, 14, 49).
cost(15, 16, 69).
cost(15, 17, 70).
cost(15, 18, 17).
cost(15, 19, 63).
cost(15, 20, 51).
cost(16, 1, 82).
cost(16, 2, 67).
cost(16, 3, 81).
cost(16, 4, 80).
cost(16, 5, 55).
cost(16, 6, 74).
cost(16, 7, 43).
cost(16, 8, 78).
cost(16, 9, 75).
cost(16, 10, 67).
cost(16, 11, 45).
cost(16, 12, 30).
cost(16, 13, 60).
cost(16, 14, 61).
cost(16, 15, 69).
cost(16, 17, 80).
cost(16, 18, 52).
cost(16, 19, 12).
cost(16, 20, 31).
cost(17, 1, 79).
cost(17, 2, 62).
cost(17, 3, 43).
cost(17, 4, 15).
cost(17, 5, 33).
cost(17, 6, 88).
cost(17, 7, 37).
cost(17, 8, 12).
cost(17, 9, 65).
cost(17, 10, 96).
cost(17, 11, 44).
cost(17, 12, 81).
cost(17, 13, 96).
cost(17, 14, 24).
cost(17, 15, 70).
cost(17, 16, 80).
cost(17, 18, 67).
cost(17, 19, 68).
cost(17, 20, 90).
cost(18, 1, 30).
cost(18, 2, 17).
cost(18, 3, 40).
cost(18, 4, 58).
cost(18, 5, 36).
cost(18, 6, 26).
cost(18, 7, 48).
cost(18, 8, 73).
cost(18, 9, 24).
cost(18, 10, 29).
cost(18, 11, 64).
cost(18, 12, 28).
cost(18, 13, 29).
cost(18, 14, 44).
cost(18, 15, 17).
cost(18, 16, 52).
cost(18, 17, 67).
cost(18, 19, 46).
cost(18, 20, 35).
cost(19, 1, 76).
cost(19, 2, 60).
cost(19, 3, 70).
cost(19, 4, 68).
cost(19, 5, 43).
cost(19, 6, 71).
cost(19, 7, 31).
cost(19, 8, 66).
cost(19, 9, 67).
cost(19, 10, 66).
cost(19, 11, 35).
cost(19, 12, 30).
cost(19, 13, 60).
cost(19, 14, 49).
cost(19, 15, 63).
cost(19, 16, 12).
cost(19, 17, 68).
cost(19, 18, 46).
cost(19, 20, 34).
cost(20, 1, 62).
cost(20, 2, 52).
cost(20, 3, 74).
cost(20, 4, 84).
cost(20, 5, 58).
cost(20, 6, 50).
cost(20, 7, 57).
cost(20, 8, 92).
cost(20, 9, 59).
cost(20, 10, 38).
cost(20, 11, 67).
cost(20, 12, 9).
cost(20, 13, 31).
cost(20, 14, 66).
cost(20, 15, 51).
cost(20, 16, 31).
cost(20, 17, 90).
cost(20, 18, 35).
cost(20, 19, 34).
