dimension(20).
point(1, 66.7677253091, 8.9934604093).
point(2, 30.3760643887, 43.8650801633).
point(3, 72.8799576999, 77.7647636368).
point(4, 15.4631929781, 94.4432527461).
point(5, 76.8647890333, 24.8542512706).
point(6, 87.6381766001, 80.9763835713).
point(7, 22.7637858548, 41.6803179014).
point(8, 15.1321417624, 86.5635209337).
point(9, 90.9172023506, 66.4935522614).
point(10, 83.5534883517, 65.6285382261).
point(11, 70.6625097269, 89.0700440828).
point(12, 94.2508848479, 54.3193116214).
point(13, 6.2139347991, 78.6886512551).
point(14, 68.2527857054, 82.0880208146).
point(15, 17.0780419351, 89.1585150063).
point(16, 22.853996162, 15.7235950632).
point(17, 50.6603091516, 22.5604071512).
point(18, 32.4571447561, 45.5169391467).
point(19, 46.5794943867, 29.1990233328).
point(20, 73.0560455058, 55.8134808928).
cost(1, 2, 50).
cost(1, 3, 69).
cost(1, 4, 100).
cost(1, 5, 19).
cost(1, 6, 75).
cost(1, 7, 55).
cost(1, 8, 93).
cost(1, 9, 62).
cost(1, 10, 59).
cost(1, 11, 80).
cost(1, 12, 53).
cost(1, 13, 92).
cost(1, 14, 73).
cost(1, 15, 94).
cost(1, 16, 44).
cost(1, 17, 21).
cost(1, 18, 50).
cost(1, 19, 29).
cost(1, 20, 47).
cost(2, 1, 50).
cost(2, 3, 54).
cost(2, 4, 53).
cost(2, 5, 50).
cost(2, 6, 68).
cost(2, 7, 8).
cost(2, 8, 45).
cost(2, 9, 65).
cost(2, 10, 57).
cost(2, 11, 61).
cost(2, 12, 65).
cost(2, 13, 42).
cost(2, 14, 54).
cost(2, 15, 47).
cost(2, 16, 29).
cost(2, 17, 29).
cost(2, 18, 3).
cost(2, 19, 22).
cost(2, 20, 44).
cost(3, 1, 69).
cost(3, 2, 54).
cost(3, 4, 60).
cost(3, 5, 53).
cost(3, 6, 15).
cost(3, 7, 62).
cost(3, 8, 58).
cost(3, 9, 21).
cost(3, 10, 16).
cost(3, 11, 12).
cost(3, 12, 32).
cost(3, 13, 67).
cost(3, 14, 6).
cost(3, 15, 57).
cost(3, 16, 80).
cost(3, 17, 60).
cost(3, 18, 52).
cost(3, 19, 55).
cost(3, 20, 22).
cost(4, 1, 100).
cost(4, 2, 53).
cost(4, 3, 60).
cost(4, 5, 93).
cost(4, 6, 73).
cost(4, 7, 53).
cost(4, 8, 8).
cost(4, 9, 80).
cost(4, 10, 74).
cost(4, 11, 55).
cost(4, 12, 88).
cost(4, 13, 18).
cost(4, 14, 54).
cost(4, 15, 6).
cost(4, 16, 79).
cost(4, 17, 80).
cost(4, 18, 52).
cost(4, 19, 72).
cost(4, 20, 69).
cost(5, 1, 19).
cost(5, 2, 50).
cost(5, 3, 53).
cost(5, 4, 93).
cost(5, 6, 57).
cost(5, 7, 57).
cost(5, 8, 87).
cost(5, 9, 44).
cost(5, 10, 41).
cost(5, 11, 65).
cost(5, 12, 34).
cost(5, 13, 89).
cost(5, 14, 58).
cost(5, 15, 88).
cost(5, 16, 55).
cost(5, 17, 26).
cost(5, 18, 49).
cost(5, 19, 31).
cost(5, 20, 31).
cost(6, 1, 75).
cost(6, 2, 68).
cost(6, 3, 15).
cost(6, 4, 73).
cost(6, 5, 57).
cost(6, 7, 76).
cost(6, 8, 73).
cost(6, 9, 15).
cost(6, 10, 16).
cost(6, 11, 19).
cost(6, 12, 27).
cost(6, 13, 81).
cost(6, 14, 19).
cost(6, 15, 71).
cost(6, 16, 92).
cost(6, 17, 69).
cost(6, 18, 66).
cost(6, 19, 66).
cost(6, 20, 29).
cost(7, 1, 55).
cost(7, 2, 8).
cost(7, 3, 62).
cost(7, 4, 53).
cost(7, 5, 57).
cost(7, 6, 76).
cost(7, 8, 46).
cost(7, 9, 73).
cost(7, 10, 65).
cost(7, 11, 67).
cost(7, 12, 73).
cost(7, 13, 41).
cost(7, 14, 61).
cost(7, 15, 48).
cost(7, 16, 26).
cost(7, 17, 34).
cost(7, 18, 10).
cost(7, 19, 27).
cost(7, 20, 52).
cost(8, 1, 93).
cost(8, 2, 45).
cost(8, 3, 58).
cost(8, 4, 8).
cost(8, 5, 87).
cost(8, 6, 73).
cost(8, 7, 46).
cost(8, 9, 78).
cost(8, 10, 72).
cost(8, 11, 56).
cost(8, 12, 85).
cost(8, 13, 12).
cost(8, 14, 53).
cost(8, 15, 3).
cost(8, 16, 71).
cost(8, 17, 73).
cost(8, 18, 45).
cost(8, 19, 65).
cost(8, 20, 66).
cost(9, 1, 62).
cost(9, 2, 65).
cost(9, 3, 21).
cost(9, 4, 80).
cost(9, 5, 44).
cost(9, 6, 15).
cost(9, 7, 73).
cost(9, 8, 78).
cost(9, 10, 7).
cost(9, 11, 30).
cost(9, 12, 13).
cost(9, 13, 86).
cost(9, 14, 28).
cost(9, 15, 77).
cost(9, 16, 85).
cost(9, 17, 60).
cost(9, 18, 62).
cost(9, 19, 58).
cost(9, 20, 21).
cost(10, 1, 59).
cost(10, 2, 57).
cost(10, 3, 16).
cost(10, 4, 74).
cost(10, 5, 41).
cost(10, 6, 16).
cost(10, 7, 65).
cost(10, 8, 72).
cost(10, 9, 7).
cost(10, 11, 27).
cost(10, 12, 16).
cost(10, 13, 78).
cost(10, 14, 22).
cost(10, 15, 71).
cost(10, 16, 79).
cost(10, 17, 54).
cost(10, 18, 55).
cost(10, 19, 52).
cost(10, 20, 14).
cost(11, 1, 80).
cost(11, 2, 61).
cost(11, 3, 12).
cost(11, 4, 55).
cost(11, 5, 65).
cost(11, 6, 19).
cost(11, 7, 67).
cost(11, 8, 56).
cost(11, 9, 30).
cost(11, 10, 27).
cost(11, 12, 42).
cost(11, 13, 65).
cost(11, 14, 7).
cost(11, 15, 54).
cost(11, 16, 88).
cost(11, 17, 69).
cost(11, 18, 58).
cost(11, 19, 65).
cost(11, 20, 33).
cost(12, 1, 53).
cost(12, 2, 65).
cost(12, 3, 32).
cost(12, 4, 88).
cost(12, 5, 34).
cost(12, 6, 27).
cost(12, 7, 73).
cost(12, 8, 85).
cost(12, 9, 13).
cost(12, 10, 16).
cost(12, 11, 42).
cost(12, 13, 91).
cost(12, 14, 38).
cost(12, 15, 85).
cost(12, 16, 81).
cost(12, 17, 54).
cost(12, 18, 62).
cost(12, 19, 54).
cost(12, 20, 21).
cost(13, 1, 92).
cost(13, 2, 42).
cost(13, 3, 67).
cost(13, 4, 18).
cost(13, 5, 89).
cost(13, 6, 81).
cost(13, 7, 41).
cost(13, 8, 12).
cost(13, 9, 86).
cost(13, 10, 78).
cost(13, 11, 65).
cost(13, 12, 91).
cost(13, 14, 62).
cost(13, 15, 15).
cost(13, 16, 65).
cost(13, 17, 72).
cost(13, 18, 42).
cost(13, 19, 64).
cost(13, 20, 71).
cost(14, 1, 73).
cost(14, 2, 54).
cost(14, 3, 6).
cost(14, 4, 54).
cost(14, 5, 58).
cost(14, 6, 19).
cost(14, 7, 61).
cost(14, 8, 53).
cost(14, 9, 28).
cost(14, 10, 22).
cost(14, 11, 7).
cost(14, 12, 38).
cost(14, 13, 62).
cost(14, 15, 52).
cost(14, 16, 80).
cost(14, 17, 62).
cost(14, 18, 51).
cost(14, 19, 57).
cost(14, 20, 27).
cost(15, 1, 94).
cost(15, 2, 47).
cost(15, 3, 57).
cost(15, 4, 6).
cost(15, 5, 88).
cost(15, 6, 71).
cost(15, 7, 48).
cost(15, 8, 3).
cost(15, 9, 77).
cost(15, 10, 71).
cost(15, 11, 54).
cost(15, 12, 85).
cost(15, 13, 15).
cost(15, 14, 52).
cost(15, 16, 74).
cost(15, 17, 75).
cost(15, 18, 46).
cost(15, 19, 67).
cost(15, 20, 65).
cost(16, 1, 44).
cost(16, 2, 29).
cost(16, 3, 80).
cost(16, 4, 79).
cost(16, 5, 55).
cost(16, 6, 92).
cost(16, 7, 26).
cost(16, 8, 71).
cost(16, 9, 85).
cost(16, 10, 79).
cost(16, 11, 88).
cost(16, 12, 81).
cost(16, 13, 65).
cost(16, 14, 80).
cost(16, 15, 74).
cost(16, 17, 29).
cost(16, 18, 31).
cost(16, 19, 27).
cost(16, 20, 64).
cost(17, 1, 21).
cost(17, 2, 29).
cost(17, 3, 60).
cost(17, 4, 80).
cost(17, 5, 26).
cost(17, 6, 69).
cost(17, 7, 34).
cost(17, 8, 73).
cost(17, 9, 60).
cost(17, 10, 54).
cost(17, 11, 69).
cost(17, 12, 54).
cost(17, 13, 72).
cost(17, 14, 62).
cost(17, 15, 75).
cost(17, 16, 29).
cost(17, 18, 29).
cost(17, 19, 8).
cost(17, 20, 40).
cost(18, 1, 50).
cost(18, 2, 3).
cost(18, 3, 52).
cost(18, 4, 52).
cost(18, 5, 49).
cost(18, 6, 66).
cost(18, 7, 10).
cost(18, 8, 45).
cost(18, 9, 62).
cost(18, 10, 55).
cost(18, 11, 58).
cost(18, 12, 62).
cost(18, 13, 42).
cost(18, 14, 51).
cost(18, 15, 46).
cost(18, 16, 31).
cost(18, 17, 29).
cost(18, 19, 22).
cost(18, 20, 42).
cost(19, 1, 29).
cost(19, 2, 22).
cost(19, 3, 55).
cost(19, 4, 72).
cost(19, 5, 31).
cost(19, 6, 66).
cost(19, 7, 27).
cost(19, 8, 65).
cost(19, 9, 58).
cost(19, 10, 52).
cost(19, 11, 65).
cost(19, 12, 54).
cost(19, 13, 64).
cost(19, 14, 57).
cost(19, 15, 67).
cost(19, 16, 27).
cost(19, 17, 8).
cost(19, 18, 22).
cost(19, 20, 38).
cost(20, 1, 47).
cost(20, 2, 44).
cost(20, 3, 22).
cost(20, 4, 69).
cost(20, 5, 31).
cost(20, 6, 29).
cost(20, 7, 52).
cost(20, 8, 66).
cost(20, 9, 21).
cost(20, 10, 14).
cost(20, 11, 33).
cost(20, 12, 21).
cost(20, 13, 71).
cost(20, 14, 27).
cost(20, 15, 65).
cost(20, 16, 64).
cost(20, 17, 40).
cost(20, 18, 42).
cost(20, 19, 38).
