dimension(20).
point(1, 42.5414017014, 55.5366766862).
point(2, 39.8815991113, 74.2515479609).
point(3, 66.6790620161, 29.9980523355).
point(4, 68.6097615383, 12.5591116471).
point(5, 10.2403574456, 44.354788708).
point(6, 95.2526963277, 89.7874362984).
point(7, 60.776089713, 42.9435258297).
point(8, 69.5141041054, 26.6601258114).
point(9, 61.4734555255, 51.4272734129).
point(10, 26.8741114591, 51.6282145688).
point(11, 57.5124360441, 25.9660565272).
point(12, 26.302246932, 79.5121811236).
point(13, 42.4063567829, 76.854439068).
point(14, 81.1418170432, 84.4727075334).
point(15, 16.379783825, 37.1568731607).
point(16, 80.454305287, 80.860342583).
point(17, 59.8288729689, 46.3707566966).
point(18, 22.6187889941, 17.6019372998).
point(19, 47.0814830593, 71.4078471749).
point(20, 85.1613051667, 96.8496369852).
cost(1, 2, 19).
cost(1, 3, 35).
cost(1, 4, 50).
cost(1, 5, 34).
cost(1, 6, 63).
cost(1, 7, 22).
cost(1, 8, 40).
cost(1, 9, 19).
cost(1, 10, 16).
cost(1, 11, 33).
cost(1, 12, 29).
cost(1, 13, 21).
cost(1, 14, 48).
cost(1, 15, 32).
cost(1, 16, 46).
cost(1, 17, 20).
cost(1, 18, 43).
cost(1, 19, 17).
cost(1, 20, 59).
cost(2, 1, 19).
cost(2, 3, 52).
cost(2, 4, 68).
cost(2, 5, 42).
cost(2, 6, 58).
cost(2, 7, 38).
cost(2, 8, 56).
cost(2, 9, 31).
cost(2, 10, 26).
cost(2, 11, 51).
cost(2, 12, 15).
cost(2, 13, 4).
cost(2, 14, 43).
cost(2, 15, 44).
cost(2, 16, 41).
cost(2, 17, 34).
cost(2, 18, 59).
cost(2, 19, 8).
cost(2, 20, 51).
cost(3, 1, 35).
cost(3, 2, 52).
cost(3, 4, 18).
cost(3, 5, 58).
cost(3, 6, 66).
cost(3, 7, 14).
cost(3, 8, 4).
cost(3, 9, 22).
cost(3, 10, 45).
cost(3, 11, 10).
cost(3, 12, 64).
cost(3, 13, 53).
cost(3, 14, 56).
cost(3, 15, 51).
cost(3, 16, 53).
cost(3, 17, 18).
cost(3, 18, 46).
cost(3, 19, 46).
cost(3, 20, 69).
cost(4, 1, 50).
cost(4, 2, 68).
cost(4, 3, 18).
cost(4, 5, 66).
cost(4, 6, 82).
cost(4, 7, 31).
cost(4, 8, 14).
cost(4, 9, 40).
cost(4, 10, 57).
cost(4, 11, 17).
cost(4, 12, 79).
cost(4, 13, 69).
cost(4, 14, 73).
cost(4, 15, 58).
cost(4, 16, 69).
cost(4, 17, 35).
cost(4, 18, 46).
cost(4, 19, 63).
cost(4, 20, 86).
cost(5, 1, 34).
cost(5, 2, 42).
cost(5, 3, 58).
cost(5, 4, 66).
cost(5, 6, 96).
cost(5, 7, 51).
cost(5, 8, 62).
cost(5, 9, 52).
cost(5, 10, 18).
cost(5, 11, 51).
cost(5, 12, 39).
cost(5, 13, 46).
cost(5, 14, 81).
cost(5, 15, 9).
cost(5, 16, 79).
cost(5, 17, 50).
cost(5, 18, 29).
cost(5, 19, 46).
cost(5, 20, 91).
cost(6, 1, 63).
cost(6, 2, 58).
cost(6, 3, 66).
cost(6, 4, 82).
cost(6, 5, 96).
cost(6, 7, 58).
cost(6, 8, 68).
cost(6, 9, 51).
cost(6, 10, 78).
cost(6, 11, 74).
cost(6, 12, 70).
cost(6, 13, 54).
cost(6, 14, 15).
cost(6, 15, 95).
cost(6, 16, 17).
cost(6, 17, 56).
cost(6, 18, 102).
cost(6, 19, 52).
cost(6, 20, 12).
cost(7, 1, 22).
cost(7, 2, 38).
cost(7, 3, 14).
cost(7, 4, 31).
cost(7, 5, 51).
cost(7, 6, 58).
cost(7, 8, 18).
cost(7, 9, 9).
cost(7, 10, 35).
cost(7, 11, 17).
cost(7, 12, 50).
cost(7, 13, 39).
cost(7, 14, 46).
cost(7, 15, 45).
cost(7, 16, 43).
cost(7, 17, 4).
cost(7, 18, 46).
cost(7, 19, 32).
cost(7, 20, 59).
cost(8, 1, 40).
cost(8, 2, 56).
cost(8, 3, 4).
cost(8, 4, 14).
cost(8, 5, 62).
cost(8, 6, 68).
cost(8, 7, 18).
cost(8, 9, 26).
cost(8, 10, 49).
cost(8, 11, 12).
cost(8, 12, 68).
cost(8, 13, 57).
cost(8, 14, 59).
cost(8, 15, 54).
cost(8, 16, 55).
cost(8, 17, 22).
cost(8, 18, 48).
cost(8, 19, 50).
cost(8, 20, 72).
cost(9, 1, 19).
cost(9, 2, 31).
cost(9, 3, 22).
cost(9, 4, 40).
cost(9, 5, 52).
cost(9, 6, 51).
cost(9, 7, 9).
cost(9, 8, 26).
cost(9, 10, 35).
cost(9, 11, 26).
cost(9, 12, 45).
cost(9, 13, 32).
cost(9, 14, 38).
cost(9, 15, 47).
cost(9, 16, 35).
cost(9, 17, 5).
cost(9, 18, 52).
cost(9, 19, 25).
cost(9, 20, 51).
cost(10, 1, 16).
cost(10, 2, 26).
cost(10, 3, 45).
cost(10, 4, 57).
cost(10, 5, 18).
cost(10, 6, 78).
cost(10, 7, 35).
cost(10, 8, 49).
cost(10, 9, 35).
cost(10, 11, 40).
cost(10, 12, 28).
cost(10, 13, 30).
cost(10, 14, 63).
cost(10, 15, 18).
cost(10, 16, 61).
cost(10, 17, 33).
cost(10, 18, 34).
cost(10, 19, 28).
cost(10, 20, 74).
cost(11, 1, 33).
cost(11, 2, 51).
cost(11, 3, 10).
cost(11, 4, 17).
cost(11, 5, 51).
cost(11, 6, 74).
cost(11, 7, 17).
cost(11, 8, 12).
cost(11, 9, 26).
cost(11, 10, 40).
cost(11, 12, 62).
cost(11, 13, 53).
cost(11, 14, 63).
cost(11, 15, 43).
cost(11, 16, 59).
cost(11, 17, 21).
cost(11, 18, 36).
cost(11, 19, 47).
cost(11, 20, 76).
cost(12, 1, 29).
cost(12, 2, 15).
cost(12, 3, 64).
cost(12, 4, 79).
cost(12, 5, 39).
cost(12, 6, 70).
cost(12, 7, 50).
cost(12, 8, 68).
cost(12, 9, 45).
cost(12, 10, 28).
cost(12, 11, 62).
cost(12, 13, 16).
cost(12, 14, 55).
cost(12, 15, 44).
cost(12, 16, 54).
cost(12, 17, 47).
cost(12, 18, 62).
cost(12, 19, 22).
cost(12, 20, 61).
cost(13, 1, 21).
cost(13, 2, 4).
cost(13, 3, 53).
cost(13, 4, 69).
cost(13, 5, 46).
cost(13, 6, 54).
cost(13, 7, 39).
cost(13, 8, 57).
cost(13, 9, 32).
cost(13, 10, 30).
cost(13, 11, 53).
cost(13, 12, 16).
cost(13, 14, 39).
cost(13, 15, 47).
cost(13, 16, 38).
cost(13, 17, 35).
cost(13, 18, 62).
cost(13, 19, 7).
cost(13, 20, 47).
cost(14, 1, 48).
cost(14, 2, 43).
cost(14, 3, 56).
cost(14, 4, 73).
cost(14, 5, 81).
cost(14, 6, 15).
cost(14, 7, 46).
cost(14, 8, 59).
cost(14, 9, 38).
cost(14, 10, 63).
cost(14, 11, 63).
cost(14, 12, 55).
cost(14, 13, 39).
cost(14, 15, 80).
cost(14, 16, 4).
cost(14, 17, 44).
cost(14, 18, 89).
cost(14, 19, 36).
cost(14, 20, 13).
cost(15, 1, 32).
cost(15, 2, 44).
cost(15, 3, 51).
cost(15, 4, 58).
cost(15, 5, 9).
cost(15, 6, 95).
cost(15, 7, 45).
cost(15, 8, 54).
cost(15, 9, 47).
cost(15, 10, 18).
cost(15, 11, 43).
cost(15, 12, 44).
cost(15, 13, 47).
cost(15, 14, 80).
cost(15, 16, 78).
cost(15, 17, 44).
cost(15, 18, 21).
cost(15, 19, 46).
cost(15, 20, 91).
cost(16, 1, 46).
cost(16, 2, 41).
cost(16, 3, 53).
cost(16, 4, 69).
cost(16, 5, 79).
cost(16, 6, 17).
cost(16, 7, 43).
cost(16, 8, 55).
cost(16, 9, 35).
cost(16, 10, 61).
cost(16, 11, 59).
cost(16, 12, 54).
cost(16, 13, 38).
cost(16, 14, 4).
cost(16, 15, 78).
cost(16, 17, 40).
cost(16, 18, 86).
cost(16, 19, 35).
cost(16, 20, 17).
cost(17, 1, 20).
cost(17, 2, 34).
cost(17, 3, 18).
cost(17, 4, 35).
cost(17, 5, 50).
cost(17, 6, 56).
cost(17, 7, 4).
cost(17, 8, 22).
cost(17, 9, 5).
cost(17, 10, 33).
cost(17, 11, 21).
cost(17, 12, 47).
cost(17, 13, 35).
cost(17, 14, 44).
cost(17, 15, 44).
cost(17, 16, 40).
cost(17, 18, 47).
cost(17, 19, 28).
cost(17, 20, 56).
cost(18, 1, 43).
cost(18, 2, 59).
cost(18, 3, 46).
cost(18, 4, 46).
cost(18, 5, 29).
cost(18, 6, 102).
cost(18, 7, 46).
cost(18, 8, 48).
cost(18, 9, 52).
cost(18, 10, 34).
cost(18, 11, 36).
cost(18, 12, 62).
cost(18, 13, 62).
cost(18, 14, 89).
cost(18, 15, 21).
cost(18, 16, 86).
cost(18, 17, 47).
cost(18, 19, 59).
cost(18, 20, 101).
cost(19, 1, 17).
cost(19, 2, 8).
cost(19, 3, 46).
cost(19, 4, 63).
cost(19, 5, 46).
cost(19, 6, 52).
cost(19, 7, 32).
cost(19, 8, 50).
cost(19, 9, 25).
cost(19, 10, 28).
cost(19, 11, 47).
cost(19, 12, 22).
cost(19, 13, 7).
cost(19, 14, 36).
cost(19, 15, 46).
cost(19, 16, 35).
cost(19, 17, 28).
cost(19, 18, 59).
cost(19, 20, 46).
cost(20, 1, 59).
cost(20, 2, 51).
cost(20, 3, 69).
cost(20, 4, 86).
cost(20, 5, 91).
cost(20, 6, 12).
cost(20, 7, 59).
cost(20, 8, 72).
cost(20, 9, 51).
cost(20, 10, 74).
cost(20, 11, 76).
cost(20, 12, 61).
cost(20, 13, 47).
cost(20, 14, 13).
cost(20, 15, 91).
cost(20, 16, 17).
cost(20, 17, 56).
cost(20, 18, 101).
cost(20, 19, 46).
