dimension(20).
point(1, 4.2696927228, 27.609694899).
point(2, 13.8976856789, 28.9619328928).
point(3, 42.5043996879, 91.4299540646).
point(4, 93.9838709942, 16.1572593208).
point(5, 8.532085273, 47.8456070019).
point(6, 65.7471926253, 58.2683699698).
point(7, 2.9824090748, 22.4255573762).
point(8, 85.2978814222, 25.4554731662).
point(9, 67.1215889302, 14.4267108236).
point(10, 94.2749642922, 8.380083205).
point(11, 70.7746613082, 85.5765379108).
point(12, 57.4792832552, 52.2319212227).
point(13, 53.256612518, 91.0642943673).
point(14, 74.911500834, 82.4543097909).
point(15, 46.829365437, 44.9000948526).
point(16, 32.1849521164, 85.8113899205).
point(17, 33.8999155881, 67.8777073719).
point(18, 58.1918536138, 48.6777825414).
point(19, 84.0919600428, 67.0320875926).
point(20, 43.1747469895, 45.4893751601).
cost(1, 2, 10).
cost(1, 3, 74).
cost(1, 4, 90).
cost(1, 5, 21).
cost(1, 6, 69).
cost(1, 7, 5).
cost(1, 8, 81).
cost(1, 9, 64).
cost(1, 10, 92).
cost(1, 11, 88).
cost(1, 12, 59).
cost(1, 13, 80).
cost(1, 14, 89).
cost(1, 15, 46).
cost(1, 16, 65).
cost(1, 17, 50).
cost(1, 18, 58).
cost(1, 19, 89).
cost(1, 20, 43).
cost(2, 1, 10).
cost(2, 3, 69).
cost(2, 4, 81).
cost(2, 5, 20).
cost(2, 6, 60).
cost(2, 7, 13).
cost(2, 8, 71).
cost(2, 9, 55).
cost(2, 10, 83).
cost(2, 11, 80).
cost(2, 12, 49).
cost(2, 13, 74).
cost(2, 14, 81).
cost(2, 15, 37).
cost(2, 16, 60).
cost(2, 17, 44).
cost(2, 18, 48).
cost(2, 19, 80).
cost(2, 20, 34).
cost(3, 1, 74).
cost(3, 2, 69).
cost(3, 4, 91).
cost(3, 5, 55).
cost(3, 6, 40).
cost(3, 7, 80).
cost(3, 8, 79).
cost(3, 9, 81).
cost(3, 10, 98).
cost(3, 11, 29).
cost(3, 12, 42).
cost(3, 13, 11).
cost(3, 14, 34).
cost(3, 15, 47).
cost(3, 16, 12).
cost(3, 17, 25).
cost(3, 18, 46).
cost(3, 19, 48).
cost(3, 20, 46).
cost(4, 1, 90).
cost(4, 2, 81).
cost(4, 3, 91).
cost(4, 5, 91).
cost(4, 6, 51).
cost(4, 7, 91).
cost(4, 8, 13).
cost(4, 9, 27).
cost(4, 10, 8).
cost(4, 11, 73).
cost(4, 12, 51).
cost(4, 13, 85).
cost(4, 14, 69).
cost(4, 15, 55).
cost(4, 16, 93).
cost(4, 17, 79).
cost(4, 18, 48).
cost(4, 19, 52).
cost(4, 20, 59).
cost(5, 1, 21).
cost(5, 2, 20).
cost(5, 3, 55).
cost(5, 4, 91).
cost(5, 6, 58).
cost(5, 7, 26).
cost(5, 8, 80).
cost(5, 9, 67).
cost(5, 10, 94).
cost(5, 11, 73).
cost(5, 12, 49).
cost(5, 13, 62).
cost(5, 14, 75).
cost(5, 15, 38).
cost(5, 16, 45).
cost(5, 17, 32).
cost(5, 18, 50).
cost(5, 19, 78).
cost(5, 20, 35).
cost(6, 1, 69).
cost(6, 2, 60).
cost(6, 3, 40).
cost(6, 4, 51).
cost(6, 5, 58).
cost(6, 7, 72).
cost(6, 8, 38).
cost(6, 9, 44).
cost(6, 10, 57).
cost(6, 11, 28).
cost(6, 12, 10).
cost(6, 13, 35).
cost(6, 14, 26).
cost(6, 15, 23).
cost(6, 16, 43).
cost(6, 17, 33).
cost(6, 18, 12).
cost(6, 19, 20).
cost(6, 20, 26).
cost(7, 1, 5).
cost(7, 2, 13).
cost(7, 3, 80).
cost(7, 4, 91).
cost(7, 5, 26).
cost(7, 6, 72).
cost(7, 8, 82).
cost(7, 9, 65).
cost(7, 10, 92).
cost(7, 11, 93).
cost(7, 12, 62).
cost(7, 13, 85).
cost(7, 14, 94).
cost(7, 15, 49).
cost(7, 16, 70).
cost(7, 17, 55).
cost(7, 18, 61).
cost(7, 19, 93).
cost(7, 20, 46).
cost(8, 1, 81).
cost(8, 2, 71).
cost(8, 3, 79).
cost(8, 4, 13).
cost(8, 5, 80).
cost(8, 6, 38).
cost(8, 7, 82).
cost(8, 9, 21).
cost(8, 10, 19).
cost(8, 11, 62).
cost(8, 12, 39).
cost(8, 13, 73).
cost(8, 14, 58).
cost(8, 15, 43).
cost(8, 16, 80).
cost(8, 17, 67).
cost(8, 18, 36).
cost(8, 19, 42).
cost(8, 20, 47).
cost(9, 1, 64).
cost(9, 2, 55).
cost(9, 3, 81).
cost(9, 4, 27).
cost(9, 5, 67).
cost(9, 6, 44).
cost(9, 7, 65).
cost(9, 8, 21).
cost(9, 10, 28).
cost(9, 11, 71).
cost(9, 12, 39).
cost(9, 13, 78).
cost(9, 14, 68).
cost(9, 15, 37).
cost(9, 16, 79).
cost(9, 17, 63).
cost(9, 18, 35).
cost(9, 19, 55).
cost(9, 20, 39).
cost(10, 1, 92).
cost(10, 2, 83).
cost(10, 3, 98).
cost(10, 4, 8).
cost(10, 5, 94).
cost(10, 6, 57).
cost(10, 7, 92).
cost(10, 8, 19).
cost(10, 9, 28).
cost(10, 11, 81).
cost(10, 12, 57).
cost(10, 13, 92).
cost(10, 14, 77).
cost(10, 15, 60).
cost(10, 16, 99).
cost(10, 17, 85).
cost(10, 18, 54).
cost(10, 19, 60).
cost(10, 20, 63).
cost(11, 1, 88).
cost(11, 2, 80).
cost(11, 3, 29).
cost(11, 4, 73).
cost(11, 5, 73).
cost(11, 6, 28).
cost(11, 7, 93).
cost(11, 8, 62).
cost(11, 9, 71).
cost(11, 10, 81).
cost(11, 12, 36).
cost(11, 13, 18).
cost(11, 14, 5).
cost(11, 15, 47).
cost(11, 16, 39).
cost(11, 17, 41).
cost(11, 18, 39).
cost(11, 19, 23).
cost(11, 20, 49).
cost(12, 1, 59).
cost(12, 2, 49).
cost(12, 3, 42).
cost(12, 4, 51).
cost(12, 5, 49).
cost(12, 6, 10).
cost(12, 7, 62).
cost(12, 8, 39).
cost(12, 9, 39).
cost(12, 10, 57).
cost(12, 11, 36).
cost(12, 13, 39).
cost(12, 14, 35).
cost(12, 15, 13).
cost(12, 16, 42).
cost(12, 17, 28).
cost(12, 18, 4).
cost(12, 19, 30).
cost(12, 20, 16).
cost(13, 1, 80).
cost(13, 2, 74).
cost(13, 3, 11).
cost(13, 4, 85).
cost(13, 5, 62).
cost(13, 6, 35).
cost(13, 7, 85).
cost(13, 8, 73).
cost(13, 9, 78).
cost(13, 10, 92).
cost(13, 11, 18).
cost(13, 12, 39).
cost(13, 14, 23).
cost(13, 15, 47).
cost(13, 16, 22).
cost(13, 17, 30).
cost(13, 18, 43).
cost(13, 19, 39).
cost(13, 20, 47).
cost(14, 1, 89).
cost(14, 2, 81).
cost(14, 3, 34).
cost(14, 4, 69).
cost(14, 5, 75).
cost(14, 6, 26).
cost(14, 7, 94).
cost(14, 8, 58).
cost(14, 9, 68).
cost(14, 10, 77).
cost(14, 11, 5).
cost(14, 12, 35).
cost(14, 13, 23).
cost(14, 15, 47).
cost(14, 16, 43).
cost(14, 17, 44).
cost(14, 18, 38).
cost(14, 19, 18).
cost(14, 20, 49).
cost(15, 1, 46).
cost(15, 2, 37).
cost(15, 3, 47).
cost(15, 4, 55).
cost(15, 5, 38).
cost(15, 6, 23).
cost(15, 7, 49).
cost(15, 8, 43).
cost(15, 9, 37).
cost(15, 10, 60).
cost(15, 11, 47).
cost(15, 12, 13).
cost(15, 13, 47).
cost(15, 14, 47).
cost(15, 16, 43).
cost(15, 17, 26).
cost(15, 18, 12).
cost(15, 19, 43).
cost(15, 20, 4).
cost(16, 1, 65).
cost(16, 2, 60).
cost(16, 3, 12).
cost(16, 4, 93).
cost(16, 5, 45).
cost(16, 6, 43).
cost(16, 7, 70).
cost(16, 8, 80).
cost(16, 9, 79).
cost(16, 10, 99).
cost(16, 11, 39).
cost(16, 12, 42).
cost(16, 13, 22).
cost(16, 14, 43).
cost(16, 15, 43).
cost(16, 17, 18).
cost(16, 18, 45).
cost(16, 19, 55).
cost(16, 20, 42).
cost(17, 1, 50).
cost(17, 2, 44).
cost(17, 3, 25).
cost(17, 4, 79).
cost(17, 5, 32).
cost(17, 6, 33).
cost(17, 7, 55).
cost(17, 8, 67).
cost(17, 9, 63).
cost(17, 10, 85).
cost(17, 11, 41).
cost(17, 12, 28).
cost(17, 13, 30).
cost(17, 14, 44).
cost(17, 15, 26).
cost(17, 16, 18).
cost(17, 18, 31).
cost(17, 19, 50).
cost(17, 20, 24).
cost(18, 1, 58).
cost(18, 2, 48).
cost(18, 3, 46).
cost(18, 4, 48).
cost(18, 5, 50).
cost(18, 6, 12).
cost(18, 7, 61).
cost(18, 8, 36).
cost(18, 9, 35).
cost(18, 10, 54).
cost(18, 11, 39).
cost(18, 12, 4).
cost(18, 13, 43).
cost(18, 14, 38).
cost(18, 15, 12).
cost(18, 16, 45).
cost(18, 17, 31).
cost(18, 19, 32).
cost(18, 20, 15).
cost(19, 1, 89).
cost(19, 2, 80).
cost(19, 3, 48).
cost(19, 4, 52).
cost(19, 5, 78).
cost(19, 6, 20).
cost(19, 7, 93).
cost(19, 8, 42).
cost(19, 9, 55).
cost(19, 10, 60).
cost(19, 11, 23).
cost(19, 12, 30).
cost(19, 13, 39).
cost(19, 14, 18).
cost(19, 15, 43).
cost(19, 16, 55).
cost(19, 17, 50).
cost(19, 18, 32).
cost(19, 20, 46).
cost(20, 1, 43).
cost(20, 2, 34).
cost(20, 3, 46).
cost(20, 4, 59).
cost(20, 5, 35).
cost(20, 6, 26).
cost(20, 7, 46).
cost(20, 8, 47).
cost(20, 9, 39).
cost(20, 10, 63).
cost(20, 11, 49).
cost(20, 12, 16).
cost(20, 13, 47).
cost(20, 14, 49).
cost(20, 15, 4).
cost(20, 16, 42).
cost(20, 17, 24).
cost(20, 18, 15).
cost(20, 19, 46).
