dimension(20).
point(1, 12.2352453682, 87.1623456755).
point(2, 81.1672464649, 58.3892148187).
point(3, 43.2928446376, 61.3979084172).
point(4, 72.8626759369, 70.266731914).
point(5, 24.9204819374, 92.9510942605).
point(6, 65.2980655718, 5.0354636557).
point(7, 27.764342965, 50.0319423478).
point(8, 27.0243122637, 49.6521041957).
point(9, 72.0084969042, 79.4196299568).
point(10, 28.5177927305, 29.3802497373).
point(11, 41.9000414501, 45.0662582803).
point(12, 20.7949296003, 21.1816416659).
point(13, 75.6214999308, 68.7684600567).
point(14, 83.4612009712, 20.349000652).
point(15, 94.6370317756, 34.9727711721).
point(16, 94.8759958277, 14.0550132776).
point(17, 52.7013105012, 54.1170691248).
point(18, 21.1634387358, 74.3609212867).
point(19, 56.0600914815, 56.1058815038).
point(20, 33.3333451995, 80.8236225029).
cost(1, 2, 75).
cost(1, 3, 40).
cost(1, 4, 63).
cost(1, 5, 14).
cost(1, 6, 98).
cost(1, 7, 40).
cost(1, 8, 40).
cost(1, 9, 60).
cost(1, 10, 60).
cost(1, 11, 51).
cost(1, 12, 67).
cost(1, 13, 66).
cost(1, 14, 98).
cost(1, 15, 98).
cost(1, 16, 110).
cost(1, 17, 52).
cost(1, 18, 16).
cost(1, 19, 54).
cost(1, 20, 22).
cost(2, 1, 75).
cost(2, 3, 38).
cost(2, 4, 14).
cost(2, 5, 66).
cost(2, 6, 56).
cost(2, 7, 54).
cost(2, 8, 55).
cost(2, 9, 23).
cost(2, 10, 60).
cost(2, 11, 41).
cost(2, 12, 71).
cost(2, 13, 12).
cost(2, 14, 38).
cost(2, 15, 27).
cost(2, 16, 46).
cost(2, 17, 29).
cost(2, 18, 62).
cost(2, 19, 25).
cost(2, 20, 53).
cost(3, 1, 40).
cost(3, 2, 38).
cost(3, 4, 31).
cost(3, 5, 37).
cost(3, 6, 61).
cost(3, 7, 19).
cost(3, 8, 20).
cost(3, 9, 34).
cost(3, 10, 35).
cost(3, 11, 16).
cost(3, 12, 46).
cost(3, 13, 33).
cost(3, 14, 57).
cost(3, 15, 58).
cost(3, 16, 70).
cost(3, 17, 12).
cost(3, 18, 26).
cost(3, 19, 14).
cost(3, 20, 22).
cost(4, 1, 63).
cost(4, 2, 14).
cost(4, 3, 31).
cost(4, 5, 53).
cost(4, 6, 66).
cost(4, 7, 49).
cost(4, 8, 50).
cost(4, 9, 9).
cost(4, 10, 60).
cost(4, 11, 40).
cost(4, 12, 72).
cost(4, 13, 3).
cost(4, 14, 51).
cost(4, 15, 41).
cost(4, 16, 60).
cost(4, 17, 26).
cost(4, 18, 52).
cost(4, 19, 22).
cost(4, 20, 41).
cost(5, 1, 14).
cost(5, 2, 66).
cost(5, 3, 37).
cost(5, 4, 53).
cost(5, 6, 97).
cost(5, 7, 43).
cost(5, 8, 43).
cost(5, 9, 49).
cost(5, 10, 64).
cost(5, 11, 51).
cost(5, 12, 72).
cost(5, 13, 56).
cost(5, 14, 93).
cost(5, 15, 91).
cost(5, 16, 105).
cost(5, 17, 48).
cost(5, 18, 19).
cost(5, 19, 48).
cost(5, 20, 15).
cost(6, 1, 98).
cost(6, 2, 56).
cost(6, 3, 61).
cost(6, 4, 66).
cost(6, 5, 97).
cost(6, 7, 59).
cost(6, 8, 59).
cost(6, 9, 75).
cost(6, 10, 44).
cost(6, 11, 46).
cost(6, 12, 47).
cost(6, 13, 65).
cost(6, 14, 24).
cost(6, 15, 42).
cost(6, 16, 31).
cost(6, 17, 51).
cost(6, 18, 82).
cost(6, 19, 52).
cost(6, 20, 82).
cost(7, 1, 40).
cost(7, 2, 54).
cost(7, 3, 19).
cost(7, 4, 49).
cost(7, 5, 43).
cost(7, 6, 59).
cost(7, 8, 1).
cost(7, 9, 53).
cost(7, 10, 21).
cost(7, 11, 15).
cost(7, 12, 30).
cost(7, 13, 51).
cost(7, 14, 63).
cost(7, 15, 69).
cost(7, 16, 76).
cost(7, 17, 25).
cost(7, 18, 25).
cost(7, 19, 29).
cost(7, 20, 31).
cost(8, 1, 40).
cost(8, 2, 55).
cost(8, 3, 20).
cost(8, 4, 50).
cost(8, 5, 43).
cost(8, 6, 59).
cost(8, 7, 1).
cost(8, 9, 54).
cost(8, 10, 20).
cost(8, 11, 16).
cost(8, 12, 29).
cost(8, 13, 52).
cost(8, 14, 64).
cost(8, 15, 69).
cost(8, 16, 77).
cost(8, 17, 26).
cost(8, 18, 25).
cost(8, 19, 30).
cost(8, 20, 32).
cost(9, 1, 60).
cost(9, 2, 23).
cost(9, 3, 34).
cost(9, 4, 9).
cost(9, 5, 49).
cost(9, 6, 75).
cost(9, 7, 53).
cost(9, 8, 54).
cost(9, 10, 66).
cost(9, 11, 46).
cost(9, 12, 78).
cost(9, 13, 11).
cost(9, 14, 60).
cost(9, 15, 50).
cost(9, 16, 69).
cost(9, 17, 32).
cost(9, 18, 51).
cost(9, 19, 28).
cost(9, 20, 39).
cost(10, 1, 60).
cost(10, 2, 60).
cost(10, 3, 35).
cost(10, 4, 60).
cost(10, 5, 64).
cost(10, 6, 44).
cost(10, 7, 21).
cost(10, 8, 20).
cost(10, 9, 66).
cost(10, 11, 21).
cost(10, 12, 11).
cost(10, 13, 61).
cost(10, 14, 56).
cost(10, 15, 66).
cost(10, 16, 68).
cost(10, 17, 35).
cost(10, 18, 46).
cost(10, 19, 38).
cost(10, 20, 52).
cost(11, 1, 51).
cost(11, 2, 41).
cost(11, 3, 16).
cost(11, 4, 40).
cost(11, 5, 51).
cost(11, 6, 46).
cost(11, 7, 15).
cost(11, 8, 16).
cost(11, 9, 46).
cost(11, 10, 21).
cost(11, 12, 32).
cost(11, 13, 41).
cost(11, 14, 48).
cost(11, 15, 54).
cost(11, 16, 61).
cost(11, 17, 14).
cost(11, 18, 36).
cost(11, 19, 18).
cost(11, 20, 37).
cost(12, 1, 67).
cost(12, 2, 71).
cost(12, 3, 46).
cost(12, 4, 72).
cost(12, 5, 72).
cost(12, 6, 47).
cost(12, 7, 30).
cost(12, 8, 29).
cost(12, 9, 78).
cost(12, 10, 11).
cost(12, 11, 32).
cost(12, 13, 73).
cost(12, 14, 63).
cost(12, 15, 75).
cost(12, 16, 74).
cost(12, 17, 46).
cost(12, 18, 53).
cost(12, 19, 50).
cost(12, 20, 61).
cost(13, 1, 66).
cost(13, 2, 12).
cost(13, 3, 33).
cost(13, 4, 3).
cost(13, 5, 56).
cost(13, 6, 65).
cost(13, 7, 51).
cost(13, 8, 52).
cost(13, 9, 11).
cost(13, 10, 61).
cost(13, 11, 41).
cost(13, 12, 73).
cost(13, 14, 49).
cost(13, 15, 39).
cost(13, 16, 58).
cost(13, 17, 27).
cost(13, 18, 55).
cost(13, 19, 23).
cost(13, 20, 44).
cost(14, 1, 98).
cost(14, 2, 38).
cost(14, 3, 57).
cost(14, 4, 51).
cost(14, 5, 93).
cost(14, 6, 24).
cost(14, 7, 63).
cost(14, 8, 64).
cost(14, 9, 60).
cost(14, 10, 56).
cost(14, 11, 48).
cost(14, 12, 63).
cost(14, 13, 49).
cost(14, 15, 18).
cost(14, 16, 13).
cost(14, 17, 46).
cost(14, 18, 82).
cost(14, 19, 45).
cost(14, 20, 79).
cost(15, 1, 98).
cost(15, 2, 27).
cost(15, 3, 58).
cost(15, 4, 41).
cost(15, 5, 91).
cost(15, 6, 42).
cost(15, 7, 69).
cost(15, 8, 69).
cost(15, 9, 50).
cost(15, 10, 66).
cost(15, 11, 54).
cost(15, 12, 75).
cost(15, 13, 39).
cost(15, 14, 18).
cost(15, 16, 21).
cost(15, 17, 46).
cost(15, 18, 83).
cost(15, 19, 44).
cost(15, 20, 77).
cost(16, 1, 110).
cost(16, 2, 46).
cost(16, 3, 70).
cost(16, 4, 60).
cost(16, 5, 105).
cost(16, 6, 31).
cost(16, 7, 76).
cost(16, 8, 77).
cost(16, 9, 69).
cost(16, 10, 68).
cost(16, 11, 61).
cost(16, 12, 74).
cost(16, 13, 58).
cost(16, 14, 13).
cost(16, 15, 21).
cost(16, 17, 58).
cost(16, 18, 95).
cost(16, 19, 57).
cost(16, 20, 91).
cost(17, 1, 52).
cost(17, 2, 29).
cost(17, 3, 12).
cost(17, 4, 26).
cost(17, 5, 48).
cost(17, 6, 51).
cost(17, 7, 25).
cost(17, 8, 26).
cost(17, 9, 32).
cost(17, 10, 35).
cost(17, 11, 14).
cost(17, 12, 46).
cost(17, 13, 27).
cost(17, 14, 46).
cost(17, 15, 46).
cost(17, 16, 58).
cost(17, 18, 37).
cost(17, 19, 4).
cost(17, 20, 33).
cost(18, 1, 16).
cost(18, 2, 62).
cost(18, 3, 26).
cost(18, 4, 52).
cost(18, 5, 19).
cost(18, 6, 82).
cost(18, 7, 25).
cost(18, 8, 25).
cost(18, 9, 51).
cost(18, 10, 46).
cost(18, 11, 36).
cost(18, 12, 53).
cost(18, 13, 55).
cost(18, 14, 82).
cost(18, 15, 83).
cost(18, 16, 95).
cost(18, 17, 37).
cost(18, 19, 39).
cost(18, 20, 14).
cost(19, 1, 54).
cost(19, 2, 25).
cost(19, 3, 14).
cost(19, 4, 22).
cost(19, 5, 48).
cost(19, 6, 52).
cost(19, 7, 29).
cost(19, 8, 30).
cost(19, 9, 28).
cost(19, 10, 38).
cost(19, 11, 18).
cost(19, 12, 50).
cost(19, 13, 23).
cost(19, 14, 45).
cost(19, 15, 44).
cost(19, 16, 57).
cost(19, 17, 4).
cost(19, 18, 39).
cost(19, 20, 34).
cost(20, 1, 22).
cost(20, 2, 53).
cost(20, 3, 22).
cost(20, 4, 41).
cost(20, 5, 15).
cost(20, 6, 82).
cost(20, 7, 31).
cost(20, 8, 32).
cost(20, 9, 39).
cost(20, 10, 52).
cost(20, 11, 37).
cost(20, 12, 61).
cost(20, 13, 44).
cost(20, 14, 79).
cost(20, 15, 77).
cost(20, 16, 91).
cost(20, 17, 33).
cost(20, 18, 14).
cost(20, 19, 34).
