dimension(20).
point(1, 20.8625454155, 16.5994212555).
point(2, 45.5129475792, 30.8316409922).
point(3, 98.4222811887, 46.4580304032).
point(4, 54.5225471162, 75.5213404534).
point(5, 76.8621820529, 69.5615026679).
point(6, 68.9277819068, 82.0458776126).
point(7, 62.77798841, 54.4064753879).
point(8, 53.5355480679, 93.7332786844).
point(9, 42.6643008125, 21.5381741949).
point(10, 37.1429500104, 19.3696174353).
point(11, 92.5115685288, 24.8849535561).
point(12, 72.7118335732, 36.1174505579).
point(13, 44.5607780714, 80.5852277974).
point(14, 85.7975457996, 24.6074611645).
point(15, 37.1071421319, 98.4817657335).
point(16, 4.4694392948, 1.8984342888).
point(17, 41.7917058571, 82.5900964223).
point(18, 9.5366685789, 6.8431746216).
point(19, 42.2674569422, 9.182652975).
point(20, 36.2024392579, 46.2815599292).
cost(1, 2, 28).
cost(1, 3, 83).
cost(1, 4, 68).
cost(1, 5, 77).
cost(1, 6, 81).
cost(1, 7, 56).
cost(1, 8, 84).
cost(1, 9, 22).
cost(1, 10, 17).
cost(1, 11, 72).
cost(1, 12, 55).
cost(1, 13, 68).
cost(1, 14, 65).
cost(1, 15, 83).
cost(1, 16, 22).
cost(1, 17, 69).
cost(1, 18, 15).
cost(1, 19, 23).
cost(1, 20, 33).
cost(2, 1, 28).
cost(2, 3, 55).
cost(2, 4, 46).
cost(2, 5, 50).
cost(2, 6, 56).
cost(2, 7, 29).
cost(2, 8, 63).
cost(2, 9, 10).
cost(2, 10, 14).
cost(2, 11, 47).
cost(2, 12, 28).
cost(2, 13, 50).
cost(2, 14, 41).
cost(2, 15, 68).
cost(2, 16, 50).
cost(2, 17, 52).
cost(2, 18, 43).
cost(2, 19, 22).
cost(2, 20, 18).
cost(3, 1, 83).
cost(3, 2, 55).
cost(3, 4, 53).
cost(3, 5, 32).
cost(3, 6, 46).
cost(3, 7, 37).
cost(3, 8, 65).
cost(3, 9, 61).
cost(3, 10, 67).
cost(3, 11, 22).
cost(3, 12, 28).
cost(3, 13, 64).
cost(3, 14, 25).
cost(3, 15, 80).
cost(3, 16, 104).
cost(3, 17, 67).
cost(3, 18, 97).
cost(3, 19, 67).
cost(3, 20, 62).
cost(4, 1, 68).
cost(4, 2, 46).
cost(4, 3, 53).
cost(4, 5, 23).
cost(4, 6, 16).
cost(4, 7, 23).
cost(4, 8, 18).
cost(4, 9, 55).
cost(4, 10, 59).
cost(4, 11, 63).
cost(4, 12, 43).
cost(4, 13, 11).
cost(4, 14, 60).
cost(4, 15, 29).
cost(4, 16, 89).
cost(4, 17, 15).
cost(4, 18, 82).
cost(4, 19, 67).
cost(4, 20, 35).
cost(5, 1, 77).
cost(5, 2, 50).
cost(5, 3, 32).
cost(5, 4, 23).
cost(5, 6, 15).
cost(5, 7, 21).
cost(5, 8, 34).
cost(5, 9, 59).
cost(5, 10, 64).
cost(5, 11, 47).
cost(5, 12, 34).
cost(5, 13, 34).
cost(5, 14, 46).
cost(5, 15, 49).
cost(5, 16, 99).
cost(5, 17, 37).
cost(5, 18, 92).
cost(5, 19, 70).
cost(5, 20, 47).
cost(6, 1, 81).
cost(6, 2, 56).
cost(6, 3, 46).
cost(6, 4, 16).
cost(6, 5, 15).
cost(6, 7, 28).
cost(6, 8, 19).
cost(6, 9, 66).
cost(6, 10, 70).
cost(6, 11, 62).
cost(6, 12, 46).
cost(6, 13, 24).
cost(6, 14, 60).
cost(6, 15, 36).
cost(6, 16, 103).
cost(6, 17, 27).
cost(6, 18, 96).
cost(6, 19, 78).
cost(6, 20, 48).
cost(7, 1, 56).
cost(7, 2, 29).
cost(7, 3, 37).
cost(7, 4, 23).
cost(7, 5, 21).
cost(7, 6, 28).
cost(7, 8, 40).
cost(7, 9, 39).
cost(7, 10, 43).
cost(7, 11, 42).
cost(7, 12, 21).
cost(7, 13, 32).
cost(7, 14, 38).
cost(7, 15, 51).
cost(7, 16, 78).
cost(7, 17, 35).
cost(7, 18, 71).
cost(7, 19, 50).
cost(7, 20, 28).
cost(8, 1, 84).
cost(8, 2, 63).
cost(8, 3, 65).
cost(8, 4, 18).
cost(8, 5, 34).
cost(8, 6, 19).
cost(8, 7, 40).
cost(8, 9, 73).
cost(8, 10, 76).
cost(8, 11, 79).
cost(8, 12, 61).
cost(8, 13, 16).
cost(8, 14, 76).
cost(8, 15, 17).
cost(8, 16, 104).
cost(8, 17, 16).
cost(8, 18, 97).
cost(8, 19, 85).
cost(8, 20, 51).
cost(9, 1, 22).
cost(9, 2, 10).
cost(9, 3, 61).
cost(9, 4, 55).
cost(9, 5, 59).
cost(9, 6, 66).
cost(9, 7, 39).
cost(9, 8, 73).
cost(9, 10, 6).
cost(9, 11, 50).
cost(9, 12, 33).
cost(9, 13, 59).
cost(9, 14, 43).
cost(9, 15, 77).
cost(9, 16, 43).
cost(9, 17, 61).
cost(9, 18, 36).
cost(9, 19, 12).
cost(9, 20, 26).
cost(10, 1, 17).
cost(10, 2, 14).
cost(10, 3, 67).
cost(10, 4, 59).
cost(10, 5, 64).
cost(10, 6, 70).
cost(10, 7, 43).
cost(10, 8, 76).
cost(10, 9, 6).
cost(10, 11, 56).
cost(10, 12, 39).
cost(10, 13, 62).
cost(10, 14, 49).
cost(10, 15, 79).
cost(10, 16, 37).
cost(10, 17, 63).
cost(10, 18, 30).
cost(10, 19, 11).
cost(10, 20, 27).
cost(11, 1, 72).
cost(11, 2, 47).
cost(11, 3, 22).
cost(11, 4, 63).
cost(11, 5, 47).
cost(11, 6, 62).
cost(11, 7, 42).
cost(11, 8, 79).
cost(11, 9, 50).
cost(11, 10, 56).
cost(11, 12, 23).
cost(11, 13, 73).
cost(11, 14, 7).
cost(11, 15, 92).
cost(11, 16, 91).
cost(11, 17, 77).
cost(11, 18, 85).
cost(11, 19, 53).
cost(11, 20, 60).
cost(12, 1, 55).
cost(12, 2, 28).
cost(12, 3, 28).
cost(12, 4, 43).
cost(12, 5, 34).
cost(12, 6, 46).
cost(12, 7, 21).
cost(12, 8, 61).
cost(12, 9, 33).
cost(12, 10, 39).
cost(12, 11, 23).
cost(12, 13, 53).
cost(12, 14, 17).
cost(12, 15, 72).
cost(12, 16, 76).
cost(12, 17, 56).
cost(12, 18, 70).
cost(12, 19, 41).
cost(12, 20, 38).
cost(13, 1, 68).
cost(13, 2, 50).
cost(13, 3, 64).
cost(13, 4, 11).
cost(13, 5, 34).
cost(13, 6, 24).
cost(13, 7, 32).
cost(13, 8, 16).
cost(13, 9, 59).
cost(13, 10, 62).
cost(13, 11, 73).
cost(13, 12, 53).
cost(13, 14, 70).
cost(13, 15, 19).
cost(13, 16, 88).
cost(13, 17, 3).
cost(13, 18, 82).
cost(13, 19, 71).
cost(13, 20, 35).
cost(14, 1, 65).
cost(14, 2, 41).
cost(14, 3, 25).
cost(14, 4, 60).
cost(14, 5, 46).
cost(14, 6, 60).
cost(14, 7, 38).
cost(14, 8, 76).
cost(14, 9, 43).
cost(14, 10, 49).
cost(14, 11, 7).
cost(14, 12, 17).
cost(14, 13, 70).
cost(14, 15, 88).
cost(14, 16, 84).
cost(14, 17, 73).
cost(14, 18, 78).
cost(14, 19, 46).
cost(14, 20, 54).
cost(15, 1, 83).
cost(15, 2, 68).
cost(15, 3, 80).
cost(15, 4, 29).
cost(15, 5, 49).
cost(15, 6, 36).
cost(15, 7, 51).
cost(15, 8, 17).
cost(15, 9, 77).
cost(15, 10, 79).
cost(15, 11, 92).
cost(15, 12, 72).
cost(15, 13, 19).
cost(15, 14, 88).
cost(15, 16, 102).
cost(15, 17, 17).
cost(15, 18, 96).
cost(15, 19, 89).
cost(15, 20, 52).
cost(16, 1, 22).
cost(16, 2, 50).
cost(16, 3, 104).
cost(16, 4, 89).
cost(16, 5, 99).
cost(16, 6, 103).
cost(16, 7, 78).
cost(16, 8, 104).
cost(16, 9, 43).
cost(16, 10, 37).
cost(16, 11, 91).
cost(16, 12, 76).
cost(16, 13, 88).
cost(16, 14, 84).
cost(16, 15, 102).
cost(16, 17, 89).
cost(16, 18, 7).
cost(16, 19, 38).
cost(16, 20, 55).
cost(17, 1, 69).
cost(17, 2, 52).
cost(17, 3, 67).
cost(17, 4, 15).
cost(17, 5, 37).
cost(17, 6, 27).
cost(17, 7, 35).
cost(17, 8, 16).
cost(17, 9, 61).
cost(17, 10, 63).
cost(17, 11, 77).
cost(17, 12, 56).
cost(17, 13, 3).
cost(17, 14, 73).
cost(17, 15, 17).
cost(17, 16, 89).
cost(17, 18, 82).
cost(17, 19, 73).
cost(17, 20, 37).
cost(18, 1, 15).
cost(18, 2, 43).
cost(18, 3, 97).
cost(18, 4, 82).
cost(18, 5, 92).
cost(18, 6, 96).
cost(18, 7, 71).
cost(18, 8, 97).
cost(18, 9, 36).
cost(18, 10, 30).
cost(18, 11, 85).
cost(18, 12, 70).
cost(18, 13, 82).
cost(18, 14, 78).
cost(18, 15, 96).
cost(18, 16, 7).
cost(18, 17, 82).
cost(18, 19, 33).
cost(18, 20, 48).
cost(19, 1, 23).
cost(19, 2, 22).
cost(19, 3, 67).
cost(19, 4, 67).
cost(19, 5, 70).
cost(19, 6, 78).
cost(19, 7, 50).
cost(19, 8, 85).
cost(19, 9, 12).
cost(19, 10, 11).
cost(19, 11, 53).
cost(19, 12, 41).
cost(19, 13, 71).
cost(19, 14, 46).
cost(19, 15, 89).
cost(19, 16, 38).
cost(19, 17, 73).
cost(19, 18, 33).
cost(19, 20, 38).
cost(20, 1, 33).
cost(20, 2, 18).
cost(20, 3, 62).
cost(20, 4, 35).
cost(20, 5, 47).
cost(20, 6, 48).
cost(20, 7, 28).
cost(20, 8, 51).
cost(20, 9, 26).
cost(20, 10, 27).
cost(20, 11, 60).
cost(20, 12, 38).
cost(20, 13, 35).
cost(20, 14, 54).
cost(20, 15, 52).
cost(20, 16, 55).
cost(20, 17, 37).
cost(20, 18, 48).
cost(20, 19, 38).
