dimension(20).
point(1, 6.8064416932, 87.2611229882).
point(2, 23.5854515128, 67.0062693913).
point(3, 90.8096607149, 34.4486703963).
point(4, 80.4992465205, 31.397913149).
point(5, 31.0518212717, 33.1526330522).
point(6, 31.0944028021, 76.8964041507).
point(7, 62.5021157568, 95.6589486712).
point(8, 75.1180549844, 58.9736312497).
point(9, 35.7882784476, 50.2057884613).
point(10, 67.6187976717, 40.5084466061).
point(11, 48.1623259523, 88.0001026625).
point(12, 19.1949020499, 52.2983738726).
point(13, 53.4730685804, 45.2107882592).
point(14, 12.4842162471, 19.7438012225).
point(15, 85.1322215819, 14.0877400497).
point(16, 32.2814572675, 99.1273774354).
point(17, 68.3175012924, 3.897434478).
point(18, 38.0358785382, 31.5279583217).
point(19, 66.88602394, 62.3996123179).
point(20, 62.634521847, 92.2864855801).
cost(1, 2, 26).
cost(1, 3, 99).
cost(1, 4, 92).
cost(1, 5, 59).
cost(1, 6, 26).
cost(1, 7, 56).
cost(1, 8, 74).
cost(1, 9, 47).
cost(1, 10, 77).
cost(1, 11, 41).
cost(1, 12, 37).
cost(1, 13, 63).
cost(1, 14, 68).
cost(1, 15, 107).
cost(1, 16, 28).
cost(1, 17, 104).
cost(1, 18, 64).
cost(1, 19, 65).
cost(1, 20, 56).
cost(2, 1, 26).
cost(2, 3, 75).
cost(2, 4, 67).
cost(2, 5, 35).
cost(2, 6, 12).
cost(2, 7, 48).
cost(2, 8, 52).
cost(2, 9, 21).
cost(2, 10, 51).
cost(2, 11, 32).
cost(2, 12, 15).
cost(2, 13, 37).
cost(2, 14, 49).
cost(2, 15, 81).
cost(2, 16, 33).
cost(2, 17, 77).
cost(2, 18, 38).
cost(2, 19, 44).
cost(2, 20, 47).
cost(3, 1, 99).
cost(3, 2, 75).
cost(3, 4, 11).
cost(3, 5, 60).
cost(3, 6, 73).
cost(3, 7, 67).
cost(3, 8, 29).
cost(3, 9, 57).
cost(3, 10, 24).
cost(3, 11, 68).
cost(3, 12, 74).
cost(3, 13, 39).
cost(3, 14, 80).
cost(3, 15, 21).
cost(3, 16, 87).
cost(3, 17, 38).
cost(3, 18, 53).
cost(3, 19, 37).
cost(3, 20, 64).
cost(4, 1, 92).
cost(4, 2, 67).
cost(4, 3, 11).
cost(4, 5, 49).
cost(4, 6, 67).
cost(4, 7, 67).
cost(4, 8, 28).
cost(4, 9, 49).
cost(4, 10, 16).
cost(4, 11, 65).
cost(4, 12, 65).
cost(4, 13, 30).
cost(4, 14, 69).
cost(4, 15, 18).
cost(4, 16, 83).
cost(4, 17, 30).
cost(4, 18, 42).
cost(4, 19, 34).
cost(4, 20, 63).
cost(5, 1, 59).
cost(5, 2, 35).
cost(5, 3, 60).
cost(5, 4, 49).
cost(5, 6, 44).
cost(5, 7, 70).
cost(5, 8, 51).
cost(5, 9, 18).
cost(5, 10, 37).
cost(5, 11, 57).
cost(5, 12, 23).
cost(5, 13, 25).
cost(5, 14, 23).
cost(5, 15, 57).
cost(5, 16, 66).
cost(5, 17, 47).
cost(5, 18, 7).
cost(5, 19, 46).
cost(5, 20, 67).
cost(6, 1, 26).
cost(6, 2, 12).
cost(6, 3, 73).
cost(6, 4, 67).
cost(6, 5, 44).
cost(6, 7, 37).
cost(6, 8, 48).
cost(6, 9, 27).
cost(6, 10, 52).
cost(6, 11, 20).
cost(6, 12, 27).
cost(6, 13, 39).
cost(6, 14, 60).
cost(6, 15, 83).
cost(6, 16, 22).
cost(6, 17, 82).
cost(6, 18, 46).
cost(6, 19, 39).
cost(6, 20, 35).
cost(7, 1, 56).
cost(7, 2, 48).
cost(7, 3, 67).
cost(7, 4, 67).
cost(7, 5, 70).
cost(7, 6, 37).
cost(7, 8, 39).
cost(7, 9, 53).
cost(7, 10, 55).
cost(7, 11, 16).
cost(7, 12, 61).
cost(7, 13, 51).
cost(7, 14, 91).
cost(7, 15, 85).
cost(7, 16, 30).
cost(7, 17, 92).
cost(7, 18, 69).
cost(7, 19, 34).
cost(7, 20, 3).
cost(8, 1, 74).
cost(8, 2, 52).
cost(8, 3, 29).
cost(8, 4, 28).
cost(8, 5, 51).
cost(8, 6, 48).
cost(8, 7, 39).
cost(8, 9, 40).
cost(8, 10, 20).
cost(8, 11, 40).
cost(8, 12, 56).
cost(8, 13, 26).
cost(8, 14, 74).
cost(8, 15, 46).
cost(8, 16, 59).
cost(8, 17, 55).
cost(8, 18, 46).
cost(8, 19, 9).
cost(8, 20, 36).
cost(9, 1, 47).
cost(9, 2, 21).
cost(9, 3, 57).
cost(9, 4, 49).
cost(9, 5, 18).
cost(9, 6, 27).
cost(9, 7, 53).
cost(9, 8, 40).
cost(9, 10, 33).
cost(9, 11, 40).
cost(9, 12, 17).
cost(9, 13, 18).
cost(9, 14, 38).
cost(9, 15, 61).
cost(9, 16, 49).
cost(9, 17, 57).
cost(9, 18, 19).
cost(9, 19, 33).
cost(9, 20, 50).
cost(10, 1, 77).
cost(10, 2, 51).
cost(10, 3, 24).
cost(10, 4, 16).
cost(10, 5, 37).
cost(10, 6, 52).
cost(10, 7, 55).
cost(10, 8, 20).
cost(10, 9, 33).
cost(10, 11, 51).
cost(10, 12, 50).
cost(10, 13, 15).
cost(10, 14, 59).
cost(10, 15, 32).
cost(10, 16, 68).
cost(10, 17, 37).
cost(10, 18, 31).
cost(10, 19, 22).
cost(10, 20, 52).
cost(11, 1, 41).
cost(11, 2, 32).
cost(11, 3, 68).
cost(11, 4, 65).
cost(11, 5, 57).
cost(11, 6, 20).
cost(11, 7, 16).
cost(11, 8, 40).
cost(11, 9, 40).
cost(11, 10, 51).
cost(11, 12, 46).
cost(11, 13, 43).
cost(11, 14, 77).
cost(11, 15, 83).
cost(11, 16, 19).
cost(11, 17, 86).
cost(11, 18, 57).
cost(11, 19, 32).
cost(11, 20, 15).
cost(12, 1, 37).
cost(12, 2, 15).
cost(12, 3, 74).
cost(12, 4, 65).
cost(12, 5, 23).
cost(12, 6, 27).
cost(12, 7, 61).
cost(12, 8, 56).
cost(12, 9, 17).
cost(12, 10, 50).
cost(12, 11, 46).
cost(12, 13, 35).
cost(12, 14, 33).
cost(12, 15, 76).
cost(12, 16, 49).
cost(12, 17, 69).
cost(12, 18, 28).
cost(12, 19, 49).
cost(12, 20, 59).
cost(13, 1, 63).
cost(13, 2, 37).
cost(13, 3, 39).
cost(13, 4, 30).
cost(13, 5, 25).
cost(13, 6, 39).
cost(13, 7, 51).
cost(13, 8, 26).
cost(13, 9, 18).
cost(13, 10, 15).
cost(13, 11, 43).
cost(13, 12, 35).
cost(13, 14, 48).
cost(13, 15, 44).
cost(13, 16, 58).
cost(13, 17, 44).
cost(13, 18, 21).
cost(13, 19, 22).
cost(13, 20, 48).
cost(14, 1, 68).
cost(14, 2, 49).
cost(14, 3, 80).
cost(14, 4, 69).
cost(14, 5, 23).
cost(14, 6, 60).
cost(14, 7, 91).
cost(14, 8, 74).
cost(14, 9, 38).
cost(14, 10, 59).
cost(14, 11, 77).
cost(14, 12, 33).
cost(14, 13, 48).
cost(14, 15, 73).
cost(14, 16, 82).
cost(14, 17, 58).
cost(14, 18, 28).
cost(14, 19, 69).
cost(14, 20, 88).
cost(15, 1, 107).
cost(15, 2, 81).
cost(15, 3, 21).
cost(15, 4, 18).
cost(15, 5, 57).
cost(15, 6, 83).
cost(15, 7, 85).
cost(15, 8, 46).
cost(15, 9, 61).
cost(15, 10, 32).
cost(15, 11, 83).
cost(15, 12, 76).
cost(15, 13, 44).
cost(15, 14, 73).
cost(15, 16, 100).
cost(15, 17, 20).
cost(15, 18, 50).
cost(15, 19, 52).
cost(15, 20, 81).
cost(16, 1, 28).
cost(16, 2, 33).
cost(16, 3, 87).
cost(16, 4, 83).
cost(16, 5, 66).
cost(16, 6, 22).
cost(16, 7, 30).
cost(16, 8, 59).
cost(16, 9, 49).
cost(16, 10, 68).
cost(16, 11, 19).
cost(16, 12, 49).
cost(16, 13, 58).
cost(16, 14, 82).
cost(16, 15, 100).
cost(16, 17, 102).
cost(16, 18, 68).
cost(16, 19, 50).
cost(16, 20, 31).
cost(17, 1, 104).
cost(17, 2, 77).
cost(17, 3, 38).
cost(17, 4, 30).
cost(17, 5, 47).
cost(17, 6, 82).
cost(17, 7, 92).
cost(17, 8, 55).
cost(17, 9, 57).
cost(17, 10, 37).
cost(17, 11, 86).
cost(17, 12, 69).
cost(17, 13, 44).
cost(17, 14, 58).
cost(17, 15, 20).
cost(17, 16, 102).
cost(17, 18, 41).
cost(17, 19, 59).
cost(17, 20, 89).
cost(18, 1, 64).
cost(18, 2, 38).
cost(18, 3, 53).
cost(18, 4, 42).
cost(18, 5, 7).
cost(18, 6, 46).
cost(18, 7, 69).
cost(18, 8, 46).
cost(18, 9, 19).
cost(18, 10, 31).
cost(18, 11, 57).
cost(18, 12, 28).
cost(18, 13, 21).
cost(18, 14, 28).
cost(18, 15, 50).
cost(18, 16, 68).
cost(18, 17, 41).
cost(18, 19, 42).
cost(18, 20, 66).
cost(19, 1, 65).
cost(19, 2, 44).
cost(19, 3, 37).
cost(19, 4, 34).
cost(19, 5, 46).
cost(19, 6, 39).
cost(19, 7, 34).
cost(19, 8, 9).
cost(19, 9, 33).
cost(19, 10, 22).
cost(19, 11, 32).
cost(19, 12, 49).
cost(19, 13, 22).
cost(19, 14, 69).
cost(19, 15, 52).
cost(19, 16, 50).
cost(19, 17, 59).
cost(19, 18, 42).
cost(19, 20, 30).
cost(20, 1, 56).
cost(20, 2, 47).
cost(20, 3, 64).
cost(20, 4, 63).
cost(20, 5, 67).
cost(20, 6, 35).
cost(20, 7, 3).
cost(20, 8, 36).
cost(20, 9, 50).
cost(20, 10, 52).
cost(20, 11, 15).
cost(20, 12, 59).
cost(20, 13, 48).
cost(20, 14, 88).
cost(20, 15, 81).
cost(20, 16, 31).
cost(20, 17, 89).
cost(20, 18, 66).
cost(20, 19, 30).
