dimension(20).
point(1, 87.5878342002, 60.3247624305).
point(2, 54.2137702984, 8.9046115546).
point(3, 23.390640728, 41.2917551868).
point(4, 43.7883229106, 8.3067453868).
point(5, 98.0195362728, 42.2728115957).
point(6, 92.7872106368, 21.4245402613).
point(7, 9.9190693846, 74.5006514511).
point(8, 31.9662064817, 90.6365396799).
point(9, 28.2241327608, 4.0315431867).
point(10, 50.3210609653, 71.8011398829).
point(11, 69.0068501314, 39.5251083455).
point(12, 78.2227022864, 58.2161389306).
point(13, 0.1321502269, 67.1757981131).
point(14, 74.8004348904, 30.2974733867).
point(15, 18.0554361189, 55.3527416654).
point(16, 52.9534450386, 45.2397380181).
point(17, 26.015079678, 34.9050482865).
point(18, 33.1307636387, 84.2689180977).
point(19, 44.3148489823, 69.2648134434).
point(20, 82.6949426201, 48.178319731).
cost(1, 2, 61).
cost(1, 3, 67).
cost(1, 4, 68).
cost(1, 5, 21).
cost(1, 6, 39).
cost(1, 7, 79).
cost(1, 8, 63).
cost(1, 9, 82).
cost(1, 10, 39).
cost(1, 11, 28).
cost(1, 12, 10).
cost(1, 13, 88).
cost(1, 14, 33).
cost(1, 15, 70).
cost(1, 16, 38).
cost(1, 17, 67).
cost(1, 18, 59).
cost(1, 19, 44).
cost(1, 20, 13).
cost(2, 1, 61).
cost(2, 3, 45).
cost(2, 4, 10).
cost(2, 5, 55).
cost(2, 6, 41).
cost(2, 7, 79).
cost(2, 8, 85).
cost(2, 9, 26).
cost(2, 10, 63).
cost(2, 11, 34).
cost(2, 12, 55).
cost(2, 13, 80).
cost(2, 14, 30).
cost(2, 15, 59).
cost(2, 16, 36).
cost(2, 17, 38).
cost(2, 18, 78).
cost(2, 19, 61).
cost(2, 20, 49).
cost(3, 1, 67).
cost(3, 2, 45).
cost(3, 4, 39).
cost(3, 5, 75).
cost(3, 6, 72).
cost(3, 7, 36).
cost(3, 8, 50).
cost(3, 9, 38).
cost(3, 10, 41).
cost(3, 11, 46).
cost(3, 12, 57).
cost(3, 13, 35).
cost(3, 14, 53).
cost(3, 15, 15).
cost(3, 16, 30).
cost(3, 17, 7).
cost(3, 18, 44).
cost(3, 19, 35).
cost(3, 20, 60).
cost(4, 1, 68).
cost(4, 2, 10).
cost(4, 3, 39).
cost(4, 5, 64).
cost(4, 6, 51).
cost(4, 7, 74).
cost(4, 8, 83).
cost(4, 9, 16).
cost(4, 10, 64).
cost(4, 11, 40).
cost(4, 12, 61).
cost(4, 13, 73).
cost(4, 14, 38).
cost(4, 15, 54).
cost(4, 16, 38).
cost(4, 17, 32).
cost(4, 18, 77).
cost(4, 19, 61).
cost(4, 20, 56).
cost(5, 1, 21).
cost(5, 2, 55).
cost(5, 3, 75).
cost(5, 4, 64).
cost(5, 6, 21).
cost(5, 7, 94).
cost(5, 8, 82).
cost(5, 9, 80).
cost(5, 10, 56).
cost(5, 11, 29).
cost(5, 12, 25).
cost(5, 13, 101).
cost(5, 14, 26).
cost(5, 15, 81).
cost(5, 16, 45).
cost(5, 17, 72).
cost(5, 18, 77).
cost(5, 19, 60).
cost(5, 20, 16).
cost(6, 1, 39).
cost(6, 2, 41).
cost(6, 3, 72).
cost(6, 4, 51).
cost(6, 5, 21).
cost(6, 7, 98).
cost(6, 8, 92).
cost(6, 9, 67).
cost(6, 10, 66).
cost(6, 11, 30).
cost(6, 12, 40).
cost(6, 13, 103).
cost(6, 14, 20).
cost(6, 15, 82).
cost(6, 16, 46).
cost(6, 17, 68).
cost(6, 18, 87).
cost(6, 19, 68).
cost(6, 20, 29).
cost(7, 1, 79).
cost(7, 2, 79).
cost(7, 3, 36).
cost(7, 4, 74).
cost(7, 5, 94).
cost(7, 6, 98).
cost(7, 8, 27).
cost(7, 9, 73).
cost(7, 10, 40).
cost(7, 11, 69).
cost(7, 12, 70).
cost(7, 13, 12).
cost(7, 14, 79).
cost(7, 15, 21).
cost(7, 16, 52).
cost(7, 17, 43).
cost(7, 18, 25).
cost(7, 19, 35).
cost(7, 20, 77).
cost(8, 1, 63).
cost(8, 2, 85).
cost(8, 3, 50).
cost(8, 4, 83).
cost(8, 5, 82).
cost(8, 6, 92).
cost(8, 7, 27).
cost(8, 9, 87).
cost(8, 10, 26).
cost(8, 11, 63).
cost(8, 12, 56).
cost(8, 13, 40).
cost(8, 14, 74).
cost(8, 15, 38).
cost(8, 16, 50).
cost(8, 17, 56).
cost(8, 18, 6).
cost(8, 19, 25).
cost(8, 20, 66).
cost(9, 1, 82).
cost(9, 2, 26).
cost(9, 3, 38).
cost(9, 4, 16).
cost(9, 5, 80).
cost(9, 6, 67).
cost(9, 7, 73).
cost(9, 8, 87).
cost(9, 10, 71).
cost(9, 11, 54).
cost(9, 12, 74).
cost(9, 13, 69).
cost(9, 14, 53).
cost(9, 15, 52).
cost(9, 16, 48).
cost(9, 17, 31).
cost(9, 18, 80).
cost(9, 19, 67).
cost(9, 20, 70).
cost(10, 1, 39).
cost(10, 2, 63).
cost(10, 3, 41).
cost(10, 4, 64).
cost(10, 5, 56).
cost(10, 6, 66).
cost(10, 7, 40).
cost(10, 8, 26).
cost(10, 9, 71).
cost(10, 11, 37).
cost(10, 12, 31).
cost(10, 13, 50).
cost(10, 14, 48).
cost(10, 15, 36).
cost(10, 16, 27).
cost(10, 17, 44).
cost(10, 18, 21).
cost(10, 19, 7).
cost(10, 20, 40).
cost(11, 1, 28).
cost(11, 2, 34).
cost(11, 3, 46).
cost(11, 4, 40).
cost(11, 5, 29).
cost(11, 6, 30).
cost(11, 7, 69).
cost(11, 8, 63).
cost(11, 9, 54).
cost(11, 10, 37).
cost(11, 12, 21).
cost(11, 13, 74).
cost(11, 14, 11).
cost(11, 15, 53).
cost(11, 16, 17).
cost(11, 17, 43).
cost(11, 18, 57).
cost(11, 19, 39).
cost(11, 20, 16).
cost(12, 1, 10).
cost(12, 2, 55).
cost(12, 3, 57).
cost(12, 4, 61).
cost(12, 5, 25).
cost(12, 6, 40).
cost(12, 7, 70).
cost(12, 8, 56).
cost(12, 9, 74).
cost(12, 10, 31).
cost(12, 11, 21).
cost(12, 13, 79).
cost(12, 14, 28).
cost(12, 15, 60).
cost(12, 16, 28).
cost(12, 17, 57).
cost(12, 18, 52).
cost(12, 19, 36).
cost(12, 20, 11).
cost(13, 1, 88).
cost(13, 2, 80).
cost(13, 3, 35).
cost(13, 4, 73).
cost(13, 5, 101).
cost(13, 6, 103).
cost(13, 7, 12).
cost(13, 8, 40).
cost(13, 9, 69).
cost(13, 10, 50).
cost(13, 11, 74).
cost(13, 12, 79).
cost(13, 14, 83).
cost(13, 15, 21).
cost(13, 16, 57).
cost(13, 17, 41).
cost(13, 18, 37).
cost(13, 19, 44).
cost(13, 20, 85).
cost(14, 1, 33).
cost(14, 2, 30).
cost(14, 3, 53).
cost(14, 4, 38).
cost(14, 5, 26).
cost(14, 6, 20).
cost(14, 7, 79).
cost(14, 8, 74).
cost(14, 9, 53).
cost(14, 10, 48).
cost(14, 11, 11).
cost(14, 12, 28).
cost(14, 13, 83).
cost(14, 15, 62).
cost(14, 16, 26).
cost(14, 17, 49).
cost(14, 18, 68).
cost(14, 19, 49).
cost(14, 20, 20).
cost(15, 1, 70).
cost(15, 2, 59).
cost(15, 3, 15).
cost(15, 4, 54).
cost(15, 5, 81).
cost(15, 6, 82).
cost(15, 7, 21).
cost(15, 8, 38).
cost(15, 9, 52).
cost(15, 10, 36).
cost(15, 11, 53).
cost(15, 12, 60).
cost(15, 13, 21).
cost(15, 14, 62).
cost(15, 16, 36).
cost(15, 17, 22).
cost(15, 18, 33).
cost(15, 19, 30).
cost(15, 20, 65).
cost(16, 1, 38).
cost(16, 2, 36).
cost(16, 3, 30).
cost(16, 4, 38).
cost(16, 5, 45).
cost(16, 6, 46).
cost(16, 7, 52).
cost(16, 8, 50).
cost(16, 9, 48).
cost(16, 10, 27).
cost(16, 11, 17).
cost(16, 12, 28).
cost(16, 13, 57).
cost(16, 14, 26).
cost(16, 15, 36).
cost(16, 17, 29).
cost(16, 18, 44).
cost(16, 19, 26).
cost(16, 20, 30).
cost(17, 1, 67).
cost(17, 2, 38).
cost(17, 3, 7).
cost(17, 4, 32).
cost(17, 5, 72).
cost(17, 6, 68).
cost(17, 7, 43).
cost(17, 8, 56).
cost(17, 9, 31).
cost(17, 10, 44).
cost(17, 11, 43).
cost(17, 12, 57).
cost(17, 13, 41).
cost(17, 14, 49).
cost(17, 15, 22).
cost(17, 16, 29).
cost(17, 18, 50).
cost(17, 19, 39).
cost(17, 20, 58).
cost(18, 1, 59).
cost(18, 2, 78).
cost(18, 3, 44).
cost(18, 4, 77).
cost(18, 5, 77).
cost(18, 6, 87).
cost(18, 7, 25).
cost(18, 8, 6).
cost(18, 9, 80).
cost(18, 10, 21).
cost(18, 11, 57).
cost(18, 12, 52).
cost(18, 13, 37).
cost(18, 14, 68).
cost(18, 15, 33).
cost(18, 16, 44).
cost(18, 17, 50).
cost(18, 19, 19).
cost(18, 20, 61).
cost(19, 1, 44).
cost(19, 2, 61).
cost(19, 3, 35).
cost(19, 4, 61).
cost(19, 5, 60).
cost(19, 6, 68).
cost(19, 7, 35).
cost(19, 8, 25).
cost(19, 9, 67).
cost(19, 10, 7).
cost(19, 11, 39).
cost(19, 12, 36).
cost(19, 13, 44).
cost(19, 14, 49).
cost(19, 15, 30).
cost(19, 16, 26).
cost(19, 17, 39).
cost(19, 18, 19).
cost(19, 20, 44).
cost(20, 1, 13).
cost(20, 2, 49).
cost(20, 3, 60).
cost(20, 4, 56).
cost(20, 5, 16).
cost(20, 6, 29).
cost(20, 7, 77).
cost(20, 8, 66).
cost(20, 9, 70).
cost(20, 10, 40).
cost(20, 11, 16).
cost(20, 12, 11).
cost(20, 13, 85).
cost(20, 14, 20).
cost(20, 15, 65).
cost(20, 16, 30).
cost(20, 17, 58).
cost(20, 18, 61).
cost(20, 19, 44).
