dimension(20).
point(1, 94.9856864843, 27.9907878724).
point(2, 7.5919828498, 94.328750147).
point(3, 92.0146653502, 58.0897270971).
point(4, 43.3624101186, 53.2506530713).
point(5, 19.3412075269, 93.1961679825).
point(6, 39.4459724257, 11.6704330944).
point(7, 4.6738008998, 70.13184299).
point(8, 7.0718868922, 7.682195299).
point(9, 23.2758623636, 16.7404707992).
point(10, 39.659706445, 58.8657429839).
point(11, 62.8373027641, 22.1111880861).
point(12, 92.3305858759, 58.3116636811).
point(13, 42.273816021, 5.8972621595).
point(14, 71.5378048699, 30.6385918106).
point(15, 82.3993486495, 27.1058184157).
point(16, 74.2892392984, 47.1635762625).
point(17, 98.0709950534, 56.064631982).
point(18, 6.9786695205, 73.8685014261).
point(19, 58.544593003, 63.828588533).
point(20, 28.5711501847, 57.0657976389).
cost(1, 2, 110).
cost(1, 3, 30).
cost(1, 4, 57).
cost(1, 5, 100).
cost(1, 6, 58).
cost(1, 7, 100).
cost(1, 8, 90).
cost(1, 9, 73).
cost(1, 10, 63).
cost(1, 11, 33).
cost(1, 12, 30).
cost(1, 13, 57).
cost(1, 14, 24).
cost(1, 15, 13).
cost(1, 16, 28).
cost(1, 17, 28).
cost(1, 18, 99).
cost(1, 19, 51).
cost(1, 20, 72).
cost(2, 1, 110).
cost(2, 3, 92).
cost(2, 4, 54).
cost(2, 5, 12).
cost(2, 6, 89).
cost(2, 7, 24).
cost(2, 8, 87).
cost(2, 9, 79).
cost(2, 10, 48).
cost(2, 11, 91).
cost(2, 12, 92).
cost(2, 13, 95).
cost(2, 14, 90).
cost(2, 15, 101).
cost(2, 16, 82).
cost(2, 17, 98).
cost(2, 18, 20).
cost(2, 19, 59).
cost(2, 20, 43).
cost(3, 1, 30).
cost(3, 2, 92).
cost(3, 4, 49).
cost(3, 5, 81).
cost(3, 6, 70).
cost(3, 7, 88).
cost(3, 8, 99).
cost(3, 9, 80).
cost(3, 10, 52).
cost(3, 11, 46).
cost(3, 12, 0).
cost(3, 13, 72).
cost(3, 14, 34).
cost(3, 15, 32).
cost(3, 16, 21).
cost(3, 17, 6).
cost(3, 18, 86).
cost(3, 19, 34).
cost(3, 20, 63).
cost(4, 1, 57).
cost(4, 2, 54).
cost(4, 3, 49).
cost(4, 5, 47).
cost(4, 6, 42).
cost(4, 7, 42).
cost(4, 8, 58).
cost(4, 9, 42).
cost(4, 10, 7).
cost(4, 11, 37).
cost(4, 12, 49).
cost(4, 13, 47).
cost(4, 14, 36).
cost(4, 15, 47).
cost(4, 16, 32).
cost(4, 17, 55).
cost(4, 18, 42).
cost(4, 19, 19).
cost(4, 20, 15).
cost(5, 1, 100).
cost(5, 2, 12).
cost(5, 3, 81).
cost(5, 4, 47).
cost(5, 6, 84).
cost(5, 7, 27).
cost(5, 8, 86).
cost(5, 9, 77).
cost(5, 10, 40).
cost(5, 11, 83).
cost(5, 12, 81).
cost(5, 13, 90).
cost(5, 14, 81).
cost(5, 15, 91).
cost(5, 16, 72).
cost(5, 17, 87).
cost(5, 18, 23).
cost(5, 19, 49).
cost(5, 20, 37).
cost(6, 1, 58).
cost(6, 2, 89).
cost(6, 3, 70).
cost(6, 4, 42).
cost(6, 5, 84).
cost(6, 7, 68).
cost(6, 8, 33).
cost(6, 9, 17).
cost(6, 10, 47).
cost(6, 11, 26).
cost(6, 12, 71).
cost(6, 13, 6).
cost(6, 14, 37).
cost(6, 15, 46).
cost(6, 16, 50).
cost(6, 17, 74).
cost(6, 18, 70).
cost(6, 19, 56).
cost(6, 20, 47).
cost(7, 1, 100).
cost(7, 2, 24).
cost(7, 3, 88).
cost(7, 4, 42).
cost(7, 5, 27).
cost(7, 6, 68).
cost(7, 8, 62).
cost(7, 9, 57).
cost(7, 10, 37).
cost(7, 11, 75).
cost(7, 12, 88).
cost(7, 13, 74).
cost(7, 14, 78).
cost(7, 15, 89).
cost(7, 16, 73).
cost(7, 17, 94).
cost(7, 18, 4).
cost(7, 19, 54).
cost(7, 20, 27).
cost(8, 1, 90).
cost(8, 2, 87).
cost(8, 3, 99).
cost(8, 4, 58).
cost(8, 5, 86).
cost(8, 6, 33).
cost(8, 7, 62).
cost(8, 9, 19).
cost(8, 10, 61).
cost(8, 11, 58).
cost(8, 12, 99).
cost(8, 13, 35).
cost(8, 14, 68).
cost(8, 15, 78).
cost(8, 16, 78).
cost(8, 17, 103).
cost(8, 18, 66).
cost(8, 19, 76).
cost(8, 20, 54).
cost(9, 1, 73).
cost(9, 2, 79).
cost(9, 3, 80).
cost(9, 4, 42).
cost(9, 5, 77).
cost(9, 6, 17).
cost(9, 7, 57).
cost(9, 8, 19).
cost(9, 10, 45).
cost(9, 11, 40).
cost(9, 12, 81).
cost(9, 13, 22).
cost(9, 14, 50).
cost(9, 15, 60).
cost(9, 16, 59).
cost(9, 17, 85).
cost(9, 18, 59).
cost(9, 19, 59).
cost(9, 20, 41).
cost(10, 1, 63).
cost(10, 2, 48).
cost(10, 3, 52).
cost(10, 4, 7).
cost(10, 5, 40).
cost(10, 6, 47).
cost(10, 7, 37).
cost(10, 8, 61).
cost(10, 9, 45).
cost(10, 11, 43).
cost(10, 12, 53).
cost(10, 13, 53).
cost(10, 14, 43).
cost(10, 15, 53).
cost(10, 16, 37).
cost(10, 17, 58).
cost(10, 18, 36).
cost(10, 19, 20).
cost(10, 20, 11).
cost(11, 1, 33).
cost(11, 2, 91).
cost(11, 3, 46).
cost(11, 4, 37).
cost(11, 5, 83).
cost(11, 6, 26).
cost(11, 7, 75).
cost(11, 8, 58).
cost(11, 9, 40).
cost(11, 10, 43).
cost(11, 12, 47).
cost(11, 13, 26).
cost(11, 14, 12).
cost(11, 15, 20).
cost(11, 16, 28).
cost(11, 17, 49).
cost(11, 18, 76).
cost(11, 19, 42).
cost(11, 20, 49).
cost(12, 1, 30).
cost(12, 2, 92).
cost(12, 3, 0).
cost(12, 4, 49).
cost(12, 5, 81).
cost(12, 6, 71).
cost(12, 7, 88).
cost(12, 8, 99).
cost(12, 9, 81).
cost(12, 10, 53).
cost(12, 11, 47).
cost(12, 13, 72).
cost(12, 14, 35).
cost(12, 15, 33).
cost(12, 16, 21).
cost(12, 17, 6).
cost(12, 18, 87).
cost(12, 19, 34).
cost(12, 20, 64).
cost(13, 1, 57).
cost(13, 2, 95).
cost(13, 3, 72).
cost(13, 4, 47).
cost(13, 5, 90).
cost(13, 6, 6).
cost(13, 7, 74).
cost(13, 8, 35).
cost(13, 9, 22).
cost(13, 10, 53).
cost(13, 11, 26).
cost(13, 12, 72).
cost(13, 14, 38).
cost(13, 15, 45).
cost(13, 16, 52).
cost(13, 17, 75).
cost(13, 18, 77).
cost(13, 19, 60).
cost(13, 20, 53).
cost(14, 1, 24).
cost(14, 2, 90).
cost(14, 3, 34).
cost(14, 4, 36).
cost(14, 5, 81).
cost(14, 6, 37).
cost(14, 7, 78).
cost(14, 8, 68).
cost(14, 9, 50).
cost(14, 10, 43).
cost(14, 11, 12).
cost(14, 12, 35).
cost(14, 13, 38).
cost(14, 15, 11).
cost(14, 16, 17).
cost(14, 17, 37).
cost(14, 18, 78).
cost(14, 19, 36).
cost(14, 20, 50).
cost(15, 1, 13).
cost(15, 2, 101).
cost(15, 3, 32).
cost(15, 4, 47).
cost(15, 5, 91).
cost(15, 6, 46).
cost(15, 7, 89).
cost(15, 8, 78).
cost(15, 9, 60).
cost(15, 10, 53).
cost(15, 11, 20).
cost(15, 12, 33).
cost(15, 13, 45).
cost(15, 14, 11).
cost(15, 16, 22).
cost(15, 17, 33).
cost(15, 18, 89).
cost(15, 19, 44).
cost(15, 20, 62).
cost(16, 1, 28).
cost(16, 2, 82).
cost(16, 3, 21).
cost(16, 4, 32).
cost(16, 5, 72).
cost(16, 6, 50).
cost(16, 7, 73).
cost(16, 8, 78).
cost(16, 9, 59).
cost(16, 10, 37).
cost(16, 11, 28).
cost(16, 12, 21).
cost(16, 13, 52).
cost(16, 14, 17).
cost(16, 15, 22).
cost(16, 17, 25).
cost(16, 18, 72).
cost(16, 19, 23).
cost(16, 20, 47).
cost(17, 1, 28).
cost(17, 2, 98).
cost(17, 3, 6).
cost(17, 4, 55).
cost(17, 5, 87).
cost(17, 6, 74).
cost(17, 7, 94).
cost(17, 8, 103).
cost(17, 9, 85).
cost(17, 10, 58).
cost(17, 11, 49).
cost(17, 12, 6).
cost(17, 13, 75).
cost(17, 14, 37).
cost(17, 15, 33).
cost(17, 16, 25).
cost(17, 18, 93).
cost(17, 19, 40).
cost(17, 20, 70).
cost(18, 1, 99).
cost(18, 2, 20).
cost(18, 3, 86).
cost(18, 4, 42).
cost(18, 5, 23).
cost(18, 6, 70).
cost(18, 7, 4).
cost(18, 8, 66).
cost(18, 9, 59).
cost(18, 10, 36).
cost(18, 11, 76).
cost(18, 12, 87).
cost(18, 13, 77).
cost(18, 14, 78).
cost(18, 15, 89).
cost(18, 16, 72).
cost(18, 17, 93).
cost(18, 19, 53).
cost(18, 20, 27).
cost(19, 1, 51).
cost(19, 2, 59).
cost(19, 3, 34).
cost(19, 4, 19).
cost(19, 5, 49).
cost(19, 6, 56).
cost(19, 7, 54).
cost(19, 8, 76).
cost(19, 9, 59).
cost(19, 10, 20).
cost(19, 11, 42).
cost(19, 12, 34).
cost(19, 13, 60).
cost(19, 14, 36).
cost(19, 15, 44).
cost(19, 16, 23).
cost(19, 17, 40).
cost(19, 18, 53).
cost(19, 20, 31).
cost(20, 1, 72).
cost(20, 2, 43).
cost(20, 3, 63).
cost(20, 4, 15).
cost(20, 5, 37).
cost(20, 6, 47).
cost(20, 7, 27).
cost(20, 8, 54).
cost(20, 9, 41).
cost(20, 10, 11).
cost(20, 11, 49).
cost(20, 12, 64).
cost(20, 13, 53).
cost(20, 14, 50).
cost(20, 15, 62).
cost(20, 16, 47).
cost(20, 17, 70).
cost(20, 18, 27).
cost(20, 19, 31).
