dimension(20).
point(1, 51.1157661602, 15.3979184799).
point(2, 76.6545323138, 75.5804299744).
point(3, 34.6045179614, 41.2737643798).
point(4, 34.1908210325, 48.8793736683).
point(5, 72.8082880251, 78.1452131516).
point(6, 57.4881274276, 3.0355526217).
point(7, 82.7394568742, 11.807688345).
point(8, 17.4032768213, 75.7740770805).
point(9, 90.4213401936, 8.2704974399).
point(10, 29.23699103, 11.4716324644).
point(11, 36.1114500416, 20.9623829958).
point(12, 69.3497792513, 78.1980417436).
point(13, 65.8567212123, 30.3199742867).
point(14, 7.996413735, 65.6113917023).
point(15, 77.4383650689, 86.4090328669).
point(16, 13.6477348874, 75.8416898322).
point(17, 14.7595411009, 55.7018678054).
point(18, 47.7600303129, 22.0869408081).
point(19, 24.762417344, 31.6009999133).
point(20, 17.685483868, 36.1910641471).
cost(1, 2, 65).
cost(1, 3, 31).
cost(1, 4, 38).
cost(1, 5, 66).
cost(1, 6, 14).
cost(1, 7, 32).
cost(1, 8, 69).
cost(1, 9, 40).
cost(1, 10, 22).
cost(1, 11, 16).
cost(1, 12, 65).
cost(1, 13, 21).
cost(1, 14, 66).
cost(1, 15, 76).
cost(1, 16, 71).
cost(1, 17, 54).
cost(1, 18, 7).
cost(1, 19, 31).
cost(1, 20, 39).
cost(2, 1, 65).
cost(2, 3, 54).
cost(2, 4, 50).
cost(2, 5, 5).
cost(2, 6, 75).
cost(2, 7, 64).
cost(2, 8, 59).
cost(2, 9, 69).
cost(2, 10, 80).
cost(2, 11, 68).
cost(2, 12, 8).
cost(2, 13, 47).
cost(2, 14, 69).
cost(2, 15, 11).
cost(2, 16, 63).
cost(2, 17, 65).
cost(2, 18, 61).
cost(2, 19, 68).
cost(2, 20, 71).
cost(3, 1, 31).
cost(3, 2, 54).
cost(3, 4, 8).
cost(3, 5, 53).
cost(3, 6, 45).
cost(3, 7, 56).
cost(3, 8, 39).
cost(3, 9, 65).
cost(3, 10, 30).
cost(3, 11, 20).
cost(3, 12, 51).
cost(3, 13, 33).
cost(3, 14, 36).
cost(3, 15, 62).
cost(3, 16, 40).
cost(3, 17, 25).
cost(3, 18, 23).
cost(3, 19, 14).
cost(3, 20, 18).
cost(4, 1, 38).
cost(4, 2, 50).
cost(4, 3, 8).
cost(4, 5, 48).
cost(4, 6, 51).
cost(4, 7, 61).
cost(4, 8, 32).
cost(4, 9, 69).
cost(4, 10, 38).
cost(4, 11, 28).
cost(4, 12, 46).
cost(4, 13, 37).
cost(4, 14, 31).
cost(4, 15, 57).
cost(4, 16, 34).
cost(4, 17, 21).
cost(4, 18, 30).
cost(4, 19, 20).
cost(4, 20, 21).
cost(5, 1, 66).
cost(5, 2, 5).
cost(5, 3, 53).
cost(5, 4, 48).
cost(5, 6, 77).
cost(5, 7, 67).
cost(5, 8, 55).
cost(5, 9, 72).
cost(5, 10, 80).
cost(5, 11, 68).
cost(5, 12, 3).
cost(5, 13, 48).
cost(5, 14, 66).
cost(5, 15, 9).
cost(5, 16, 59).
cost(5, 17, 62).
cost(5, 18, 61).
cost(5, 19, 67).
cost(5, 20, 69).
cost(6, 1, 14).
cost(6, 2, 75).
cost(6, 3, 45).
cost(6, 4, 51).
cost(6, 5, 77).
cost(6, 7, 27).
cost(6, 8, 83).
cost(6, 9, 33).
cost(6, 10, 29).
cost(6, 11, 28).
cost(6, 12, 76).
cost(6, 13, 29).
cost(6, 14, 80).
cost(6, 15, 86).
cost(6, 16, 85).
cost(6, 17, 68).
cost(6, 18, 21).
cost(6, 19, 43).
cost(6, 20, 52).
cost(7, 1, 32).
cost(7, 2, 64).
cost(7, 3, 56).
cost(7, 4, 61).
cost(7, 5, 67).
cost(7, 6, 27).
cost(7, 8, 91).
cost(7, 9, 8).
cost(7, 10, 54).
cost(7, 11, 48).
cost(7, 12, 68).
cost(7, 13, 25).
cost(7, 14, 92).
cost(7, 15, 75).
cost(7, 16, 94).
cost(7, 17, 81).
cost(7, 18, 36).
cost(7, 19, 61).
cost(7, 20, 69).
cost(8, 1, 69).
cost(8, 2, 59).
cost(8, 3, 39).
cost(8, 4, 32).
cost(8, 5, 55).
cost(8, 6, 83).
cost(8, 7, 91).
cost(8, 9, 99).
cost(8, 10, 65).
cost(8, 11, 58).
cost(8, 12, 52).
cost(8, 13, 66).
cost(8, 14, 14).
cost(8, 15, 61).
cost(8, 16, 4).
cost(8, 17, 20).
cost(8, 18, 62).
cost(8, 19, 45).
cost(8, 20, 40).
cost(9, 1, 40).
cost(9, 2, 69).
cost(9, 3, 65).
cost(9, 4, 69).
cost(9, 5, 72).
cost(9, 6, 33).
cost(9, 7, 8).
cost(9, 8, 99).
cost(9, 10, 61).
cost(9, 11, 56).
cost(9, 12, 73).
cost(9, 13, 33).
cost(9, 14, 100).
cost(9, 15, 79).
cost(9, 16, 102).
cost(9, 17, 89).
cost(9, 18, 45).
cost(9, 19, 70).
cost(9, 20, 78).
cost(10, 1, 22).
cost(10, 2, 80).
cost(10, 3, 30).
cost(10, 4, 38).
cost(10, 5, 80).
cost(10, 6, 29).
cost(10, 7, 54).
cost(10, 8, 65).
cost(10, 9, 61).
cost(10, 11, 12).
cost(10, 12, 78).
cost(10, 13, 41).
cost(10, 14, 58).
cost(10, 15, 89).
cost(10, 16, 66).
cost(10, 17, 47).
cost(10, 18, 21).
cost(10, 19, 21).
cost(10, 20, 27).
cost(11, 1, 16).
cost(11, 2, 68).
cost(11, 3, 20).
cost(11, 4, 28).
cost(11, 5, 68).
cost(11, 6, 28).
cost(11, 7, 48).
cost(11, 8, 58).
cost(11, 9, 56).
cost(11, 10, 12).
cost(11, 12, 66).
cost(11, 13, 31).
cost(11, 14, 53).
cost(11, 15, 77).
cost(11, 16, 59).
cost(11, 17, 41).
cost(11, 18, 12).
cost(11, 19, 16).
cost(11, 20, 24).
cost(12, 1, 65).
cost(12, 2, 8).
cost(12, 3, 51).
cost(12, 4, 46).
cost(12, 5, 3).
cost(12, 6, 76).
cost(12, 7, 68).
cost(12, 8, 52).
cost(12, 9, 73).
cost(12, 10, 78).
cost(12, 11, 66).
cost(12, 13, 48).
cost(12, 14, 63).
cost(12, 15, 12).
cost(12, 16, 56).
cost(12, 17, 59).
cost(12, 18, 60).
cost(12, 19, 64).
cost(12, 20, 67).
cost(13, 1, 21).
cost(13, 2, 47).
cost(13, 3, 33).
cost(13, 4, 37).
cost(13, 5, 48).
cost(13, 6, 29).
cost(13, 7, 25).
cost(13, 8, 66).
cost(13, 9, 33).
cost(13, 10, 41).
cost(13, 11, 31).
cost(13, 12, 48).
cost(13, 14, 68).
cost(13, 15, 57).
cost(13, 16, 69).
cost(13, 17, 57).
cost(13, 18, 20).
cost(13, 19, 41).
cost(13, 20, 49).
cost(14, 1, 66).
cost(14, 2, 69).
cost(14, 3, 36).
cost(14, 4, 31).
cost(14, 5, 66).
cost(14, 6, 80).
cost(14, 7, 92).
cost(14, 8, 14).
cost(14, 9, 100).
cost(14, 10, 58).
cost(14, 11, 53).
cost(14, 12, 63).
cost(14, 13, 68).
cost(14, 15, 72).
cost(14, 16, 12).
cost(14, 17, 12).
cost(14, 18, 59).
cost(14, 19, 38).
cost(14, 20, 31).
cost(15, 1, 76).
cost(15, 2, 11).
cost(15, 3, 62).
cost(15, 4, 57).
cost(15, 5, 9).
cost(15, 6, 86).
cost(15, 7, 75).
cost(15, 8, 61).
cost(15, 9, 79).
cost(15, 10, 89).
cost(15, 11, 77).
cost(15, 12, 12).
cost(15, 13, 57).
cost(15, 14, 72).
cost(15, 16, 65).
cost(15, 17, 70).
cost(15, 18, 71).
cost(15, 19, 76).
cost(15, 20, 78).
cost(16, 1, 71).
cost(16, 2, 63).
cost(16, 3, 40).
cost(16, 4, 34).
cost(16, 5, 59).
cost(16, 6, 85).
cost(16, 7, 94).
cost(16, 8, 4).
cost(16, 9, 102).
cost(16, 10, 66).
cost(16, 11, 59).
cost(16, 12, 56).
cost(16, 13, 69).
cost(16, 14, 12).
cost(16, 15, 65).
cost(16, 17, 20).
cost(16, 18, 64).
cost(16, 19, 46).
cost(16, 20, 40).
cost(17, 1, 54).
cost(17, 2, 65).
cost(17, 3, 25).
cost(17, 4, 21).
cost(17, 5, 62).
cost(17, 6, 68).
cost(17, 7, 81).
cost(17, 8, 20).
cost(17, 9, 89).
cost(17, 10, 47).
cost(17, 11, 41).
cost(17, 12, 59).
cost(17, 13, 57).
cost(17, 14, 12).
cost(17, 15, 70).
cost(17, 16, 20).
cost(17, 18, 47).
cost(17, 19, 26).
cost(17, 20, 20).
cost(18, 1, 7).
cost(18, 2, 61).
cost(18, 3, 23).
cost(18, 4, 30).
cost(18, 5, 61).
cost(18, 6, 21).
cost(18, 7, 36).
cost(18, 8, 62).
cost(18, 9, 45).
cost(18, 10, 21).
cost(18, 11, 12).
cost(18, 12, 60).
cost(18, 13, 20).
cost(18, 14, 59).
cost(18, 15, 71).
cost(18, 16, 64).
cost(18, 17, 47).
cost(18, 19, 25).
cost(18, 20, 33).
cost(19, 1, 31).
cost(19, 2, 68).
cost(19, 3, 14).
cost(19, 4, 20).
cost(19, 5, 67).
cost(19, 6, 43).
cost(19, 7, 61).
cost(19, 8, 45).
cost(19, 9, 70).
cost(19, 10, 21).
cost(19, 11, 16).
cost(19, 12, 64).
cost(19, 13, 41).
cost(19, 14, 38).
cost(19, 15, 76).
cost(19, 16, 46).
cost(19, 17, 26).
cost(19, 18, 25).
cost(19, 20, 8).
cost(20, 1, 39).
cost(20, 2, 71).
cost(20, 3, 18).
cost(20, 4, 21).
cost(20, 5, 69).
cost(20, 6, 52).
cost(20, 7, 69).
cost(20, 8, 40).
cost(20, 9, 78).
cost(20, 10, 27).
cost(20, 11, 24).
cost(20, 12, 67).
cost(20, 13, 49).
cost(20, 14, 31).
cost(20, 15, 78).
cost(20, 16, 40).
cost(20, 17, 20).
cost(20, 18, 33).
cost(20, 19, 8).
