dimension(20).
point(1, 30.2220719855, 2.8965525693).
point(2, 64.7312429386, 44.6828709394).
point(3, 13.2055829348, 8.2990156597).
point(4, 88.0876321641, 33.8054859858).
point(5, 9.9396937553, 41.1104699897).
point(6, 94.725520176, 43.8541111033).
point(7, 59.8810444908, 22.9936121309).
point(8, 39.9008550267, 67.5208081545).
point(9, 4.9450290949, 58.0090835818).
point(10, 18.271666183, 17.6556328842).
point(11, 40.9692712588, 82.2505866173).
point(12, 26.2878910665, 52.5887566523).
point(13, 92.0386237035, 40.0083599574).
point(14, 55.787267041, 25.5837262532).
point(15, 62.7923859592, 83.9064825426).
point(16, 10.6582745998, 53.7318293609).
point(17, 53.5169330872, 89.0675672608).
point(18, 80.8663421501, 51.9753355348).
point(19, 39.2971575557, 10.6272908631).
point(20, 66.4828826858, 25.0788763841).
cost(1, 2, 54).
cost(1, 3, 18).
cost(1, 4, 66).
cost(1, 5, 43).
cost(1, 6, 76).
cost(1, 7, 36).
cost(1, 8, 65).
cost(1, 9, 61).
cost(1, 10, 19).
cost(1, 11, 80).
cost(1, 12, 50).
cost(1, 13, 72).
cost(1, 14, 34).
cost(1, 15, 87).
cost(1, 16, 54).
cost(1, 17, 89).
cost(1, 18, 71).
cost(1, 19, 12).
cost(1, 20, 43).
cost(2, 1, 54).
cost(2, 3, 63).
cost(2, 4, 26).
cost(2, 5, 55).
cost(2, 6, 30).
cost(2, 7, 22).
cost(2, 8, 34).
cost(2, 9, 61).
cost(2, 10, 54).
cost(2, 11, 44).
cost(2, 12, 39).
cost(2, 13, 28).
cost(2, 14, 21).
cost(2, 15, 39).
cost(2, 16, 55).
cost(2, 17, 46).
cost(2, 18, 18).
cost(2, 19, 43).
cost(2, 20, 20).
cost(3, 1, 18).
cost(3, 2, 63).
cost(3, 4, 79).
cost(3, 5, 33).
cost(3, 6, 89).
cost(3, 7, 49).
cost(3, 8, 65).
cost(3, 9, 50).
cost(3, 10, 11).
cost(3, 11, 79).
cost(3, 12, 46).
cost(3, 13, 85).
cost(3, 14, 46).
cost(3, 15, 90).
cost(3, 16, 46).
cost(3, 17, 90).
cost(3, 18, 81).
cost(3, 19, 26).
cost(3, 20, 56).
cost(4, 1, 66).
cost(4, 2, 26).
cost(4, 3, 79).
cost(4, 5, 78).
cost(4, 6, 12).
cost(4, 7, 30).
cost(4, 8, 59).
cost(4, 9, 87).
cost(4, 10, 72).
cost(4, 11, 68).
cost(4, 12, 65).
cost(4, 13, 7).
cost(4, 14, 33).
cost(4, 15, 56).
cost(4, 16, 80).
cost(4, 17, 65).
cost(4, 18, 20).
cost(4, 19, 54).
cost(4, 20, 23).
cost(5, 1, 43).
cost(5, 2, 55).
cost(5, 3, 33).
cost(5, 4, 78).
cost(5, 6, 85).
cost(5, 7, 53).
cost(5, 8, 40).
cost(5, 9, 18).
cost(5, 10, 25).
cost(5, 11, 52).
cost(5, 12, 20).
cost(5, 13, 82).
cost(5, 14, 48).
cost(5, 15, 68).
cost(5, 16, 13).
cost(5, 17, 65).
cost(5, 18, 72).
cost(5, 19, 42).
cost(5, 20, 59).
cost(6, 1, 76).
cost(6, 2, 30).
cost(6, 3, 89).
cost(6, 4, 12).
cost(6, 5, 85).
cost(6, 7, 41).
cost(6, 8, 60).
cost(6, 9, 91).
cost(6, 10, 81).
cost(6, 11, 66).
cost(6, 12, 69).
cost(6, 13, 5).
cost(6, 14, 43).
cost(6, 15, 51).
cost(6, 16, 85).
cost(6, 17, 61).
cost(6, 18, 16).
cost(6, 19, 65).
cost(6, 20, 34).
cost(7, 1, 36).
cost(7, 2, 22).
cost(7, 3, 49).
cost(7, 4, 30).
cost(7, 5, 53).
cost(7, 6, 41).
cost(7, 8, 49).
cost(7, 9, 65).
cost(7, 10, 42).
cost(7, 11, 62).
cost(7, 12, 45).
cost(7, 13, 36).
cost(7, 14, 5).
cost(7, 15, 61).
cost(7, 16, 58).
cost(7, 17, 66).
cost(7, 18, 36).
cost(7, 19, 24).
cost(7, 20, 7).
cost(8, 1, 65).
cost(8, 2, 34).
cost(8, 3, 65).
cost(8, 4, 59).
cost(8, 5, 40).
cost(8, 6, 60).
cost(8, 7, 49).
cost(8, 9, 36).
cost(8, 10, 54).
cost(8, 11, 15).
cost(8, 12, 20).
cost(8, 13, 59).
cost(8, 14, 45).
cost(8, 15, 28).
cost(8, 16, 32).
cost(8, 17, 25).
cost(8, 18, 44).
cost(8, 19, 57).
cost(8, 20, 50).
cost(9, 1, 61).
cost(9, 2, 61).
cost(9, 3, 50).
cost(9, 4, 87).
cost(9, 5, 18).
cost(9, 6, 91).
cost(9, 7, 65).
cost(9, 8, 36).
cost(9, 10, 42).
cost(9, 11, 43).
cost(9, 12, 22).
cost(9, 13, 89).
cost(9, 14, 60).
cost(9, 15, 63).
cost(9, 16, 7).
cost(9, 17, 58).
cost(9, 18, 76).
cost(9, 19, 59).
cost(9, 20, 70).
cost(10, 1, 19).
cost(10, 2, 54).
cost(10, 3, 11).
cost(10, 4, 72).
cost(10, 5, 25).
cost(10, 6, 81).
cost(10, 7, 42).
cost(10, 8, 54).
cost(10, 9, 42).
cost(10, 11, 68).
cost(10, 12, 36).
cost(10, 13, 77).
cost(10, 14, 38).
cost(10, 15, 80).
cost(10, 16, 37).
cost(10, 17, 80).
cost(10, 18, 71).
cost(10, 19, 22).
cost(10, 20, 49).
cost(11, 1, 80).
cost(11, 2, 44).
cost(11, 3, 79).
cost(11, 4, 68).
cost(11, 5, 52).
cost(11, 6, 66).
cost(11, 7, 62).
cost(11, 8, 15).
cost(11, 9, 43).
cost(11, 10, 68).
cost(11, 12, 33).
cost(11, 13, 66).
cost(11, 14, 59).
cost(11, 15, 22).
cost(11, 16, 42).
cost(11, 17, 14).
cost(11, 18, 50).
cost(11, 19, 72).
cost(11, 20, 63).
cost(12, 1, 50).
cost(12, 2, 39).
cost(12, 3, 46).
cost(12, 4, 65).
cost(12, 5, 20).
cost(12, 6, 69).
cost(12, 7, 45).
cost(12, 8, 20).
cost(12, 9, 22).
cost(12, 10, 36).
cost(12, 11, 33).
cost(12, 13, 67).
cost(12, 14, 40).
cost(12, 15, 48).
cost(12, 16, 16).
cost(12, 17, 46).
cost(12, 18, 55).
cost(12, 19, 44).
cost(12, 20, 49).
cost(13, 1, 72).
cost(13, 2, 28).
cost(13, 3, 85).
cost(13, 4, 7).
cost(13, 5, 82).
cost(13, 6, 5).
cost(13, 7, 36).
cost(13, 8, 59).
cost(13, 9, 89).
cost(13, 10, 77).
cost(13, 11, 66).
cost(13, 12, 67).
cost(13, 14, 39).
cost(13, 15, 53).
cost(13, 16, 83).
cost(13, 17, 62).
cost(13, 18, 16).
cost(13, 19, 60).
cost(13, 20, 30).
cost(14, 1, 34).
cost(14, 2, 21).
cost(14, 3, 46).
cost(14, 4, 33).
cost(14, 5, 48).
cost(14, 6, 43).
cost(14, 7, 5).
cost(14, 8, 45).
cost(14, 9, 60).
cost(14, 10, 38).
cost(14, 11, 59).
cost(14, 12, 40).
cost(14, 13, 39).
cost(14, 15, 59).
cost(14, 16, 53).
cost(14, 17, 64).
cost(14, 18, 36).
cost(14, 19, 22).
cost(14, 20, 11).
cost(15, 1, 87).
cost(15, 2, 39).
cost(15, 3, 90).
cost(15, 4, 56).
cost(15, 5, 68).
cost(15, 6, 51).
cost(15, 7, 61).
cost(15, 8, 28).
cost(15, 9, 63).
cost(15, 10, 80).
cost(15, 11, 22).
cost(15, 12, 48).
cost(15, 13, 53).
cost(15, 14, 59).
cost(15, 16, 60).
cost(15, 17, 11).
cost(15, 18, 37).
cost(15, 19, 77).
cost(15, 20, 59).
cost(16, 1, 54).
cost(16, 2, 55).
cost(16, 3, 46).
cost(16, 4, 80).
cost(16, 5, 13).
cost(16, 6, 85).
cost(16, 7, 58).
cost(16, 8, 32).
cost(16, 9, 7).
cost(16, 10, 37).
cost(16, 11, 42).
cost(16, 12, 16).
cost(16, 13, 83).
cost(16, 14, 53).
cost(16, 15, 60).
cost(16, 17, 56).
cost(16, 18, 70).
cost(16, 19, 52).
cost(16, 20, 63).
cost(17, 1, 89).
cost(17, 2, 46).
cost(17, 3, 90).
cost(17, 4, 65).
cost(17, 5, 65).
cost(17, 6, 61).
cost(17, 7, 66).
cost(17, 8, 25).
cost(17, 9, 58).
cost(17, 10, 80).
cost(17, 11, 14).
cost(17, 12, 46).
cost(17, 13, 62).
cost(17, 14, 64).
cost(17, 15, 11).
cost(17, 16, 56).
cost(17, 18, 46).
cost(17, 19, 80).
cost(17, 20, 65).
cost(18, 1, 71).
cost(18, 2, 18).
cost(18, 3, 81).
cost(18, 4, 20).
cost(18, 5, 72).
cost(18, 6, 16).
cost(18, 7, 36).
cost(18, 8, 44).
cost(18, 9, 76).
cost(18, 10, 71).
cost(18, 11, 50).
cost(18, 12, 55).
cost(18, 13, 16).
cost(18, 14, 36).
cost(18, 15, 37).
cost(18, 16, 70).
cost(18, 17, 46).
cost(18, 19, 59).
cost(18, 20, 31).
cost(19, 1, 12).
cost(19, 2, 43).
cost(19, 3, 26).
cost(19, 4, 54).
cost(19, 5, 42).
cost(19, 6, 65).
cost(19, 7, 24).
cost(19, 8, 57).
cost(19, 9, 59).
cost(19, 10, 22).
cost(19, 11, 72).
cost(19, 12, 44).
cost(19, 13, 60).
cost(19, 14, 22).
cost(19, 15, 77).
cost(19, 16, 52).
cost(19, 17, 80).
cost(19, 18, 59).
cost(19, 20, 31).
cost(20, 1, 43).
cost(20, 2, 20).
cost(20, 3, 56).
cost(20, 4, 23).
cost(20, 5, 59).
cost(20, 6, 34).
cost(20, 7, 7).
cost(20, 8, 50).
cost(20, 9, 70).
cost(20, 10, 49).
cost(20, 11, 63).
cost(20, 12, 49).
cost(20, 13, 30).
cost(20, 14, 11).
cost(20, 15, 59).
cost(20, 16, 63).
cost(20, 17, 65).
cost(20, 18, 31).
cost(20, 19, 31).
