dimension(26).
point(1, 58.7142487681, 78.8076596851).
point(2, 58.4587806227, 76.7991924545).
point(3, 49.5572861314, 69.9647766041).
point(4, 55.6898380238, 76.0640850108).
point(5, 56.0694781203, 80.1645011237).
point(6, 48.1475602018, 81.6828846324).
point(7, 13.5417547104, 20.9257143136).
point(8, 18.8547581124, 21.5265628092).
point(9, 1.3218165479, 14.5790710768).
point(10, 0.7398999682, 14.4877831536).
point(11, 8.2972916681, 7.2954174369).
point(12, 22.3549398028, 43.6413110754).
point(13, 25.9526784856, 57.3838805778).
point(14, 33.6917460416, 41.885756158).
point(15, 18.7240732746, 55.3396651438).
point(16, 26.7087932994, 45.4448415225).
point(17, 92.1656084835, 94.0485232049).
point(18, 83.7885232693, 79.0097640558).
point(19, 98.5749649977, 77.453091859).
point(20, 96.2122277551, 84.4895266688).
point(21, 90.2266773311, 76.8809639478).
point(22, 89.7393650866, 39.9158752288).
point(23, 81.2970132406, 40.0211848175).
point(24, 69.6710651913, 40.0216577997).
point(25, 66.0096621905, 25.0497579584).
point(26, 80.0096890651, 42.5985782387).
cost(1, 2, 2).
cost(1, 3, 13).
cost(1, 4, 4).
cost(1, 5, 3).
cost(1, 6, 11).
cost(1, 7, 73).
cost(1, 8, 70).
cost(1, 9, 86).
cost(1, 10, 87).
cost(1, 11, 87).
cost(1, 12, 51).
cost(1, 13, 39).
cost(1, 14, 45).
cost(1, 15, 46).
cost(1, 16, 46).
cost(1, 17, 37).
cost(1, 18, 25).
cost(1, 19, 40).
cost(1, 20, 38).
cost(1, 21, 32).
cost(1, 22, 50).
cost(1, 23, 45).
cost(1, 24, 40).
cost(1, 25, 54).
cost(1, 26, 42).
cost(2, 1, 2).
cost(2, 3, 11).
cost(2, 4, 3).
cost(2, 5, 4).
cost(2, 6, 11).
cost(2, 7, 72).
cost(2, 8, 68).
cost(2, 9, 84).
cost(2, 10, 85).
cost(2, 11, 86).
cost(2, 12, 49).
cost(2, 13, 38).
cost(2, 14, 43).
cost(2, 15, 45).
cost(2, 16, 45).
cost(2, 17, 38).
cost(2, 18, 25).
cost(2, 19, 40).
cost(2, 20, 39).
cost(2, 21, 32).
cost(2, 22, 48).
cost(2, 23, 43).
cost(2, 24, 38).
cost(2, 25, 52).
cost(2, 26, 40).
cost(3, 1, 13).
cost(3, 2, 11).
cost(3, 4, 9).
cost(3, 5, 12).
cost(3, 6, 12).
cost(3, 7, 61).
cost(3, 8, 57).
cost(3, 9, 73).
cost(3, 10, 74).
cost(3, 11, 75).
cost(3, 12, 38).
cost(3, 13, 27).
cost(3, 14, 32).
cost(3, 15, 34).
cost(3, 16, 34).
cost(3, 17, 49).
cost(3, 18, 35).
cost(3, 19, 50).
cost(3, 20, 49).
cost(3, 21, 41).
cost(3, 22, 50).
cost(3, 23, 44).
cost(3, 24, 36).
cost(3, 25, 48).
cost(3, 26, 41).
cost(4, 1, 4).
cost(4, 2, 3).
cost(4, 3, 9).
cost(4, 5, 4).
cost(4, 6, 9).
cost(4, 7, 69).
cost(4, 8, 66).
cost(4, 9, 82).
cost(4, 10, 83).
cost(4, 11, 84).
cost(4, 12, 47).
cost(4, 13, 35).
cost(4, 14, 41).
cost(4, 15, 42).
cost(4, 16, 42).
cost(4, 17, 41).
cost(4, 18, 28).
cost(4, 19, 43).
cost(4, 20, 41).
cost(4, 21, 35).
cost(4, 22, 50).
cost(4, 23, 44).
cost(4, 24, 39).
cost(4, 25, 52).
cost(4, 26, 41).
cost(5, 1, 3).
cost(5, 2, 4).
cost(5, 3, 12).
cost(5, 4, 4).
cost(5, 6, 8).
cost(5, 7, 73).
cost(5, 8, 69).
cost(5, 9, 85).
cost(5, 10, 86).
cost(5, 11, 87).
cost(5, 12, 50).
cost(5, 13, 38).
cost(5, 14, 44).
cost(5, 15, 45).
cost(5, 16, 45).
cost(5, 17, 39).
cost(5, 18, 28).
cost(5, 19, 43).
cost(5, 20, 40).
cost(5, 21, 34).
cost(5, 22, 52).
cost(5, 23, 47).
cost(5, 24, 42).
cost(5, 25, 56).
cost(5, 26, 45).
cost(6, 1, 11).
cost(6, 2, 11).
cost(6, 3, 12).
cost(6, 4, 9).
cost(6, 5, 8).
cost(6, 7, 70).
cost(6, 8, 67).
cost(6, 9, 82).
cost(6, 10, 82).
cost(6, 11, 84).
cost(6, 12, 46).
cost(6, 13, 33).
cost(6, 14, 42).
cost(6, 15, 39).
cost(6, 16, 42).
cost(6, 17, 46).
cost(6, 18, 36).
cost(6, 19, 51).
cost(6, 20, 48).
cost(6, 21, 42).
cost(6, 22, 59).
cost(6, 23, 53).
cost(6, 24, 47).
cost(6, 25, 59).
cost(6, 26, 50).
cost(7, 1, 73).
cost(7, 2, 72).
cost(7, 3, 61).
cost(7, 4, 69).
cost(7, 5, 73).
cost(7, 6, 70).
cost(7, 8, 5).
cost(7, 9, 14).
cost(7, 10, 14).
cost(7, 11, 15).
cost(7, 12, 24).
cost(7, 13, 39).
cost(7, 14, 29).
cost(7, 15, 35).
cost(7, 16, 28).
cost(7, 17, 107).
cost(7, 18, 91).
cost(7, 19, 102).
cost(7, 20, 104).
cost(7, 21, 95).
cost(7, 22, 79).
cost(7, 23, 70).
cost(7, 24, 59).
cost(7, 25, 53).
cost(7, 26, 70).
cost(8, 1, 70).
cost(8, 2, 68).
cost(8, 3, 57).
cost(8, 4, 66).
cost(8, 5, 69).
cost(8, 6, 67).
cost(8, 7, 5).
cost(8, 9, 19).
cost(8, 10, 19).
cost(8, 11, 18).
cost(8, 12, 22).
cost(8, 13, 37).
cost(8, 14, 25).
cost(8, 15, 34).
cost(8, 16, 25).
cost(8, 17, 103).
cost(8, 18, 87).
cost(8, 19, 97).
cost(8, 20, 100).
cost(8, 21, 90).
cost(8, 22, 73).
cost(8, 23, 65).
cost(8, 24, 54).
cost(8, 25, 47).
cost(8, 26, 65).
cost(9, 1, 86).
cost(9, 2, 84).
cost(9, 3, 73).
cost(9, 4, 82).
cost(9, 5, 85).
cost(9, 6, 82).
cost(9, 7, 14).
cost(9, 8, 19).
cost(9, 10, 1).
cost(9, 11, 10).
cost(9, 12, 36).
cost(9, 13, 49).
cost(9, 14, 42).
cost(9, 15, 44).
cost(9, 16, 40).
cost(9, 17, 121).
cost(9, 18, 105).
cost(9, 19, 116).
cost(9, 20, 118).
cost(9, 21, 109).
cost(9, 22, 92).
cost(9, 23, 84).
cost(9, 24, 73).
cost(9, 25, 66).
cost(9, 26, 84).
cost(10, 1, 87).
cost(10, 2, 85).
cost(10, 3, 74).
cost(10, 4, 83).
cost(10, 5, 86).
cost(10, 6, 82).
cost(10, 7, 14).
cost(10, 8, 19).
cost(10, 9, 1).
cost(10, 11, 10).
cost(10, 12, 36).
cost(10, 13, 50).
cost(10, 14, 43).
cost(10, 15, 45).
cost(10, 16, 40).
cost(10, 17, 121).
cost(10, 18, 105).
cost(10, 19, 116).
cost(10, 20, 118).
cost(10, 21, 109).
cost(10, 22, 93).
cost(10, 23, 85).
cost(10, 24, 74).
cost(10, 25, 66).
cost(10, 26, 84).
cost(11, 1, 87).
cost(11, 2, 86).
cost(11, 3, 75).
cost(11, 4, 84).
cost(11, 5, 87).
cost(11, 6, 84).
cost(11, 7, 15).
cost(11, 8, 18).
cost(11, 9, 10).
cost(11, 10, 10).
cost(11, 12, 39).
cost(11, 13, 53).
cost(11, 14, 43).
cost(11, 15, 49).
cost(11, 16, 42).
cost(11, 17, 121).
cost(11, 18, 104).
cost(11, 19, 114).
cost(11, 20, 117).
cost(11, 21, 107).
cost(11, 22, 88).
cost(11, 23, 80).
cost(11, 24, 70).
cost(11, 25, 60).
cost(11, 26, 80).
cost(12, 1, 51).
cost(12, 2, 49).
cost(12, 3, 38).
cost(12, 4, 47).
cost(12, 5, 50).
cost(12, 6, 46).
cost(12, 7, 24).
cost(12, 8, 22).
cost(12, 9, 36).
cost(12, 10, 36).
cost(12, 11, 39).
cost(12, 13, 14).
cost(12, 14, 11).
cost(12, 15, 12).
cost(12, 16, 5).
cost(12, 17, 86).
cost(12, 18, 71).
cost(12, 19, 83).
cost(12, 20, 84).
cost(12, 21, 76).
cost(12, 22, 67).
cost(12, 23, 59).
cost(12, 24, 47).
cost(12, 25, 47).
cost(12, 26, 58).
cost(13, 1, 39).
cost(13, 2, 38).
cost(13, 3, 27).
cost(13, 4, 35).
cost(13, 5, 38).
cost(13, 6, 33).
cost(13, 7, 39).
cost(13, 8, 37).
cost(13, 9, 49).
cost(13, 10, 50).
cost(13, 11, 53).
cost(13, 12, 14).
cost(13, 14, 17).
cost(13, 15, 8).
cost(13, 16, 12).
cost(13, 17, 76).
cost(13, 18, 62).
cost(13, 19, 75).
cost(13, 20, 75).
cost(13, 21, 67).
cost(13, 22, 66).
cost(13, 23, 58).
cost(13, 24, 47).
cost(13, 25, 51).
cost(13, 26, 56).
cost(14, 1, 45).
cost(14, 2, 43).
cost(14, 3, 32).
cost(14, 4, 41).
cost(14, 5, 44).
cost(14, 6, 42).
cost(14, 7, 29).
cost(14, 8, 25).
cost(14, 9, 42).
cost(14, 10, 43).
cost(14, 11, 43).
cost(14, 12, 11).
cost(14, 13, 17).
cost(14, 15, 20).
cost(14, 16, 8).
cost(14, 17, 78).
cost(14, 18, 62).
cost(14, 19, 74).
cost(14, 20, 76).
cost(14, 21, 66).
cost(14, 22, 56).
cost(14, 23, 48).
cost(14, 24, 36).
cost(14, 25, 36).
cost(14, 26, 46).
cost(15, 1, 46).
cost(15, 2, 45).
cost(15, 3, 34).
cost(15, 4, 42).
cost(15, 5, 45).
cost(15, 6, 39).
cost(15, 7, 35).
cost(15, 8, 34).
cost(15, 9, 44).
cost(15, 10, 45).
cost(15, 11, 49).
cost(15, 12, 12).
cost(15, 13, 8).
cost(15, 14, 20).
cost(15, 16, 13).
cost(15, 17, 83).
cost(15, 18, 69).
cost(15, 19, 83).
cost(15, 20, 83).
cost(15, 21, 75).
cost(15, 22, 73).
cost(15, 23, 64).
cost(15, 24, 53).
cost(15, 25, 56).
cost(15, 26, 63).
cost(16, 1, 46).
cost(16, 2, 45).
cost(16, 3, 34).
cost(16, 4, 42).
cost(16, 5, 45).
cost(16, 6, 42).
cost(16, 7, 28).
cost(16, 8, 25).
cost(16, 9, 40).
cost(16, 10, 40).
cost(16, 11, 42).
cost(16, 12, 5).
cost(16, 13, 12).
cost(16, 14, 8).
cost(16, 15, 13).
cost(16, 17, 82).
cost(16, 18, 66).
cost(16, 19, 79).
cost(16, 20, 80).
cost(16, 21, 71).
cost(16, 22, 63).
cost(16, 23, 55).
cost(16, 24, 43).
cost(16, 25, 44).
cost(16, 26, 53).
cost(17, 1, 37).
cost(17, 2, 38).
cost(17, 3, 49).
cost(17, 4, 41).
cost(17, 5, 39).
cost(17, 6, 46).
cost(17, 7, 107).
cost(17, 8, 103).
cost(17, 9, 121).
cost(17, 10, 121).
cost(17, 11, 121).
cost(17, 12, 86).
cost(17, 13, 76).
cost(17, 14, 78).
cost(17, 15, 83).
cost(17, 16, 82).
cost(17, 18, 17).
cost(17, 19, 18).
cost(17, 20, 10).
cost(17, 21, 17).
cost(17, 22, 54).
cost(17, 23, 55).
cost(17, 24, 59).
cost(17, 25, 74).
cost(17, 26, 53).
cost(18, 1, 25).
cost(18, 2, 25).
cost(18, 3, 35).
cost(18, 4, 28).
cost(18, 5, 28).
cost(18, 6, 36).
cost(18, 7, 91).
cost(18, 8, 87).
cost(18, 9, 105).
cost(18, 10, 105).
cost(18, 11, 104).
cost(18, 12, 71).
cost(18, 13, 62).
cost(18, 14, 62).
cost(18, 15, 69).
cost(18, 16, 66).
cost(18, 17, 17).
cost(18, 19, 15).
cost(18, 20, 14).
cost(18, 21, 7).
cost(18, 22, 40).
cost(18, 23, 39).
cost(18, 24, 41).
cost(18, 25, 57).
cost(18, 26, 37).
cost(19, 1, 40).
cost(19, 2, 40).
cost(19, 3, 50).
cost(19, 4, 43).
cost(19, 5, 43).
cost(19, 6, 51).
cost(19, 7, 102).
cost(19, 8, 97).
cost(19, 9, 116).
cost(19, 10, 116).
cost(19, 11, 114).
cost(19, 12, 83).
cost(19, 13, 75).
cost(19, 14, 74).
cost(19, 15, 83).
cost(19, 16, 79).
cost(19, 17, 18).
cost(19, 18, 15).
cost(19, 20, 7).
cost(19, 21, 8).
cost(19, 22, 39).
cost(19, 23, 41).
cost(19, 24, 47).
cost(19, 25, 62).
cost(19, 26, 39).
cost(20, 1, 38).
cost(20, 2, 39).
cost(20, 3, 49).
cost(20, 4, 41).
cost(20, 5, 40).
cost(20, 6, 48).
cost(20, 7, 104).
cost(20, 8, 100).
cost(20, 9, 118).
cost(20, 10, 118).
cost(20, 11, 117).
cost(20, 12, 84).
cost(20, 13, 75).
cost(20, 14, 76).
cost(20, 15, 83).
cost(20, 16, 80).
cost(20, 17, 10).
cost(20, 18, 14).
cost(20, 19, 7).
cost(20, 21, 10).
cost(20, 22, 45).
cost(20, 23, 47).
cost(20, 24, 52).
cost(20, 25, 67).
cost(20, 26, 45).
cost(21, 1, 32).
cost(21, 2, 32).
cost(21, 3, 41).
cost(21, 4, 35).
cost(21, 5, 34).
cost(21, 6, 42).
cost(21, 7, 95).
cost(21, 8, 90).
cost(21, 9, 109).
cost(21, 10, 109).
cost(21, 11, 107).
cost(21, 12, 76).
cost(21, 13, 67).
cost(21, 14, 66).
cost(21, 15, 75).
cost(21, 16, 71).
cost(21, 17, 17).
cost(21, 18, 7).
cost(21, 19, 8).
cost(21, 20, 10).
cost(21, 22, 37).
cost(21, 23, 38).
cost(21, 24, 42).
cost(21, 25, 57).
cost(21, 26, 36).
cost(22, 1, 50).
cost(22, 2, 48).
cost(22, 3, 50).
cost(22, 4, 50).
cost(22, 5, 52).
cost(22, 6, 59).
cost(22, 7, 79).
cost(22, 8, 73).
cost(22, 9, 92).
cost(22, 10, 93).
cost(22, 11, 88).
cost(22, 12, 67).
cost(22, 13, 66).
cost(22, 14, 56).
cost(22, 15, 73).
cost(22, 16, 63).
cost(22, 17, 54).
cost(22, 18, 40).
cost(22, 19, 39).
cost(22, 20, 45).
cost(22, 21, 37).
cost(22, 23, 8).
cost(22, 24, 20).
cost(22, 25, 28).
cost(22, 26, 10).
cost(23, 1, 45).
cost(23, 2, 43).
cost(23, 3, 44).
cost(23, 4, 44).
cost(23, 5, 47).
cost(23, 6, 53).
cost(23, 7, 70).
cost(23, 8, 65).
cost(23, 9, 84).
cost(23, 10, 85).
cost(23, 11, 80).
cost(23, 12, 59).
cost(23, 13, 58).
cost(23, 14, 48).
cost(23, 15, 64).
cost(23, 16, 55).
cost(23, 17, 55).
cost(23, 18, 39).
cost(23, 19, 41).
cost(23, 20, 47).
cost(23, 21, 38).
cost(23, 22, 8).
cost(23, 24, 12).
cost(23, 25, 21).
cost(23, 26, 3).
cost(24, 1, 40).
cost(24, 2, 38).
cost(24, 3, 36).
cost(24, 4, 39).
cost(24, 5, 42).
cost(24, 6, 47).
cost(24, 7, 59).
cost(24, 8, 54).
cost(24, 9, 73).
cost(24, 10, 74).
cost(24, 11, 70).
cost(24, 12, 47).
cost(24, 13, 47).
cost(24, 14, 36).
cost(24, 15, 53).
cost(24, 16, 43).
cost(24, 17, 59).
cost(24, 18, 41).
cost(24, 19, 47).
cost(24, 20, 52).
cost(24, 21, 42).
cost(24, 22, 20).
cost(24, 23, 12).
cost(24, 25, 15).
cost(24, 26, 11).
cost(25, 1, 54).
cost(25, 2, 52).
cost(25, 3, 48).
cost(25, 4, 52).
cost(25, 5, 56).
cost(25, 6, 59).
cost(25, 7, 53).
cost(25, 8, 47).
cost(25, 9, 66).
cost(25, 10, 66).
cost(25, 11, 60).
cost(25, 12, 47).
cost(25, 13, 51).
cost(25, 14, 36).
cost(25, 15, 56).
cost(25, 16, 44).
cost(25, 17, 74).
cost(25, 18, 57).
cost(25, 19, 62).
cost(25, 20, 67).
cost(25, 21, 57).
cost(25, 22, 28).
cost(25, 23, 21).
cost(25, 24, 15).
cost(25, 26, 22).
cost(26, 1, 42).
cost(26, 2, 40).
cost(26, 3, 41).
cost(26, 4, 41).
cost(26, 5, 45).
cost(26, 6, 50).
cost(26, 7, 70).
cost(26, 8, 65).
cost(26, 9, 84).
cost(26, 10, 84).
cost(26, 11, 80).
cost(26, 12, 58).
cost(26, 13, 56).
cost(26, 14, 46).
cost(26, 15, 63).
cost(26, 16, 53).
cost(26, 17, 53).
cost(26, 18, 37).
cost(26, 19, 39).
cost(26, 20, 45).
cost(26, 21, 36).
cost(26, 22, 10).
cost(26, 23, 3).
cost(26, 24, 11).
cost(26, 25, 22).
nocross(1,2).
nocross(1,3).
nocross(1,4).
nocross(1,5).
nocross(1,12).
nocross(1,13).
nocross(1,15).
nocross(1,17).
nocross(1,18).
nocross(1,19).
nocross(1,20).
nocross(1,21).
nocross(2,1).
nocross(2,3).
nocross(2,4).
nocross(2,5).
nocross(2,12).
nocross(2,13).
nocross(2,14).
nocross(2,15).
nocross(2,18).
nocross(2,21).
nocross(2,26).
nocross(3,1).
nocross(3,2).
nocross(3,4).
nocross(3,5).
nocross(3,12).
nocross(3,13).
nocross(3,14).
nocross(3,15).
nocross(3,16).
nocross(3,18).
nocross(3,21).
nocross(3,24).
nocross(4,1).
nocross(4,2).
nocross(4,3).
nocross(4,5).
nocross(4,12).
nocross(4,13).
nocross(4,15).
nocross(4,16).
nocross(4,17).
nocross(4,18).
nocross(5,1).
nocross(5,2).
nocross(5,3).
nocross(5,4).
nocross(5,6).
nocross(5,12).
nocross(5,13).
nocross(5,15).
nocross(5,17).
nocross(5,18).
nocross(5,19).
nocross(5,20).
nocross(5,21).
nocross(6,1).
nocross(6,2).
nocross(6,3).
nocross(6,4).
nocross(6,5).
nocross(6,12).
nocross(6,13).
nocross(6,15).
nocross(6,17).
nocross(6,18).
nocross(6,19).
nocross(6,20).
nocross(6,21).
nocross(7,8).
nocross(7,9).
nocross(7,10).
nocross(7,11).
nocross(7,12).
nocross(7,13).
nocross(7,14).
nocross(7,15).
nocross(7,16).
nocross(7,25).
nocross(8,7).
nocross(8,9).
nocross(8,10).
nocross(8,11).
nocross(8,12).
nocross(8,13).
nocross(8,14).
nocross(8,15).
nocross(8,16).
nocross(8,25).
nocross(9,7).
nocross(9,8).
nocross(9,10).
nocross(9,11).
nocross(9,12).
nocross(9,13).
nocross(9,14).
nocross(9,15).
nocross(9,16).
nocross(10,7).
nocross(10,8).
nocross(10,9).
nocross(10,11).
nocross(10,12).
nocross(11,7).
nocross(11,8).
nocross(11,9).
nocross(11,10).
nocross(11,12).
nocross(11,14).
nocross(12,3).
nocross(12,4).
nocross(12,7).
nocross(12,8).
nocross(12,9).
nocross(12,10).
nocross(12,13).
nocross(12,14).
nocross(12,15).
nocross(12,16).
nocross(12,25).
nocross(13,1).
nocross(13,2).
nocross(13,3).
nocross(13,4).
nocross(13,5).
nocross(13,6).
nocross(13,7).
nocross(13,9).
nocross(13,12).
nocross(13,14).
nocross(13,15).
nocross(13,16).
nocross(13,25).
nocross(14,2).
nocross(14,3).
nocross(14,4).
nocross(14,7).
nocross(14,8).
nocross(14,9).
nocross(14,12).
nocross(14,13).
nocross(14,15).
nocross(14,16).
nocross(14,24).
nocross(14,25).
nocross(14,26).
nocross(15,1).
nocross(15,2).
nocross(15,3).
nocross(15,4).
nocross(15,6).
nocross(15,7).
nocross(15,8).
nocross(15,9).
nocross(15,12).
nocross(15,13).
nocross(15,14).
nocross(15,16).
nocross(16,3).
nocross(16,4).
nocross(16,7).
nocross(16,8).
nocross(16,9).
nocross(16,12).
nocross(16,13).
nocross(16,14).
nocross(16,15).
nocross(16,24).
nocross(16,25).
nocross(17,1).
nocross(17,2).
nocross(17,4).
nocross(17,5).
nocross(17,6).
nocross(17,18).
nocross(17,19).
nocross(17,20).
nocross(17,21).
nocross(17,26).
nocross(18,1).
nocross(18,2).
nocross(18,3).
nocross(18,4).
nocross(18,5).
nocross(18,17).
nocross(18,19).
nocross(18,20).
nocross(18,21).
nocross(18,23).
nocross(18,26).
nocross(19,1).
nocross(19,2).
nocross(19,4).
nocross(19,5).
nocross(19,17).
nocross(19,18).
nocross(19,20).
nocross(19,21).
nocross(19,22).
nocross(19,23).
nocross(19,24).
nocross(19,26).
nocross(20,1).
nocross(20,2).
nocross(20,4).
nocross(20,5).
nocross(20,17).
nocross(20,18).
nocross(20,19).
nocross(20,21).
nocross(20,22).
nocross(20,23).
nocross(20,26).
nocross(21,1).
nocross(21,2).
nocross(21,4).
nocross(21,17).
nocross(21,18).
nocross(21,19).
nocross(21,20).
nocross(21,23).
nocross(21,26).
nocross(22,2).
nocross(22,18).
nocross(22,19).
nocross(22,20).
nocross(22,21).
nocross(22,23).
nocross(22,24).
nocross(22,25).
nocross(22,26).
nocross(23,2).
nocross(23,18).
nocross(23,19).
nocross(23,21).
nocross(23,22).
nocross(23,24).
nocross(23,25).
nocross(23,26).
nocross(24,2).
nocross(24,3).
nocross(24,4).
nocross(24,12).
nocross(24,14).
nocross(24,16).
nocross(24,21).
nocross(24,22).
nocross(24,23).
nocross(24,25).
nocross(24,26).
nocross(25,2).
nocross(25,3).
nocross(25,8).
nocross(25,12).
nocross(25,14).
nocross(25,16).
nocross(25,22).
nocross(25,23).
nocross(25,24).
nocross(25,26).
nocross(26,2).
nocross(26,18).
nocross(26,19).
nocross(26,21).
nocross(26,23).
nocross(26,24).
nocross(26,25).
