dimension(26).
point(1, 47.6586538571, 50.2732378721).
point(2, 45.5759234486, 46.2962945256).
point(3, 55.3077058076, 48.4512597113).
point(4, 57.8796157554, 47.3036270121).
point(5, 56.0682761086, 54.1907328358).
point(6, 48.8697063347, 39.9066125653).
point(7, 2.8373539551, 75.7480637893).
point(8, 1.2794589195, 74.3683524561).
point(9, 2.0236467469, 82.4681446369).
point(10, 10.5539938854, 84.3212908325).
point(11, 0.4878496285, 86.039918553).
point(12, 83.3285367271, 19.4927252522).
point(13, 89.3909857588, 3.539506207).
point(14, 79.3400497611, 1.6114686953).
point(15, 77.6546773505, 4.4779088343).
point(16, 93.690455817, 12.8113712038).
point(17, 66.2060029881, 91.4167344037).
point(18, 65.2096805327, 94.0745333008).
point(19, 62.4173822157, 89.2755704069).
point(20, 69.3907206131, 93.7652755343).
point(21, 66.5708857528, 74.80822181).
point(22, 12.6531179743, 34.1530589665).
point(23, 20.2012453127, 26.3228541801).
point(24, 19.5698296688, 27.0802193549).
point(25, 21.7277148515, 23.4035062113).
point(26, 22.4730108486, 33.4882803054).
cost(1, 2, 4).
cost(1, 3, 8).
cost(1, 4, 11).
cost(1, 5, 9).
cost(1, 6, 10).
cost(1, 7, 52).
cost(1, 8, 52).
cost(1, 9, 56).
cost(1, 10, 50).
cost(1, 11, 59).
cost(1, 12, 47).
cost(1, 13, 63).
cost(1, 14, 58).
cost(1, 15, 55).
cost(1, 16, 59).
cost(1, 17, 45).
cost(1, 18, 47).
cost(1, 19, 42).
cost(1, 20, 49).
cost(1, 21, 31).
cost(1, 22, 39).
cost(1, 23, 36).
cost(1, 24, 36).
cost(1, 25, 37).
cost(1, 26, 30).
cost(2, 1, 4).
cost(2, 3, 10).
cost(2, 4, 12).
cost(2, 5, 13).
cost(2, 6, 7).
cost(2, 7, 52).
cost(2, 8, 52).
cost(2, 9, 57).
cost(2, 10, 52).
cost(2, 11, 60).
cost(2, 12, 46).
cost(2, 13, 61).
cost(2, 14, 56).
cost(2, 15, 53).
cost(2, 16, 59).
cost(2, 17, 50).
cost(2, 18, 52).
cost(2, 19, 46).
cost(2, 20, 53).
cost(2, 21, 35).
cost(2, 22, 35).
cost(2, 23, 32).
cost(2, 24, 32).
cost(2, 25, 33).
cost(2, 26, 26).
cost(3, 1, 8).
cost(3, 2, 10).
cost(3, 4, 3).
cost(3, 5, 6).
cost(3, 6, 11).
cost(3, 7, 59).
cost(3, 8, 60).
cost(3, 9, 63).
cost(3, 10, 57).
cost(3, 11, 66).
cost(3, 12, 40).
cost(3, 13, 56).
cost(3, 14, 53).
cost(3, 15, 49).
cost(3, 16, 52).
cost(3, 17, 44).
cost(3, 18, 47).
cost(3, 19, 41).
cost(3, 20, 47).
cost(3, 21, 29).
cost(3, 22, 45).
cost(3, 23, 41).
cost(3, 24, 42).
cost(3, 25, 42).
cost(3, 26, 36).
cost(4, 1, 11).
cost(4, 2, 12).
cost(4, 3, 3).
cost(4, 5, 7).
cost(4, 6, 12).
cost(4, 7, 62).
cost(4, 8, 63).
cost(4, 9, 66).
cost(4, 10, 60).
cost(4, 11, 69).
cost(4, 12, 38).
cost(4, 13, 54).
cost(4, 14, 50).
cost(4, 15, 47).
cost(4, 16, 50).
cost(4, 17, 45).
cost(4, 18, 47).
cost(4, 19, 42).
cost(4, 20, 48).
cost(4, 21, 29).
cost(4, 22, 47).
cost(4, 23, 43).
cost(4, 24, 43).
cost(4, 25, 43).
cost(4, 26, 38).
cost(5, 1, 9).
cost(5, 2, 13).
cost(5, 3, 6).
cost(5, 4, 7).
cost(5, 6, 16).
cost(5, 7, 57).
cost(5, 8, 58).
cost(5, 9, 61).
cost(5, 10, 55).
cost(5, 11, 64).
cost(5, 12, 44).
cost(5, 13, 61).
cost(5, 14, 57).
cost(5, 15, 54).
cost(5, 16, 56).
cost(5, 17, 39).
cost(5, 18, 41).
cost(5, 19, 36).
cost(5, 20, 42).
cost(5, 21, 23).
cost(5, 22, 48).
cost(5, 23, 45).
cost(5, 24, 45).
cost(5, 25, 46).
cost(5, 26, 39).
cost(6, 1, 10).
cost(6, 2, 7).
cost(6, 3, 11).
cost(6, 4, 12).
cost(6, 5, 16).
cost(6, 7, 58).
cost(6, 8, 59).
cost(6, 9, 63).
cost(6, 10, 59).
cost(6, 11, 67).
cost(6, 12, 40).
cost(6, 13, 54).
cost(6, 14, 49).
cost(6, 15, 46).
cost(6, 16, 52).
cost(6, 17, 54).
cost(6, 18, 57).
cost(6, 19, 51).
cost(6, 20, 58).
cost(6, 21, 39).
cost(6, 22, 37).
cost(6, 23, 32).
cost(6, 24, 32).
cost(6, 25, 32).
cost(6, 26, 27).
cost(7, 1, 52).
cost(7, 2, 52).
cost(7, 3, 59).
cost(7, 4, 62).
cost(7, 5, 57).
cost(7, 6, 58).
cost(7, 8, 2).
cost(7, 9, 7).
cost(7, 10, 12).
cost(7, 11, 11).
cost(7, 12, 98).
cost(7, 13, 113).
cost(7, 14, 107).
cost(7, 15, 103).
cost(7, 16, 111).
cost(7, 17, 65).
cost(7, 18, 65).
cost(7, 19, 61).
cost(7, 20, 69).
cost(7, 21, 64).
cost(7, 22, 43).
cost(7, 23, 52).
cost(7, 24, 51).
cost(7, 25, 56).
cost(7, 26, 47).
cost(8, 1, 52).
cost(8, 2, 52).
cost(8, 3, 60).
cost(8, 4, 63).
cost(8, 5, 58).
cost(8, 6, 59).
cost(8, 7, 2).
cost(8, 9, 8).
cost(8, 10, 14).
cost(8, 11, 12).
cost(8, 12, 99).
cost(8, 13, 113).
cost(8, 14, 107).
cost(8, 15, 104).
cost(8, 16, 111).
cost(8, 17, 67).
cost(8, 18, 67).
cost(8, 19, 63).
cost(8, 20, 71).
cost(8, 21, 65).
cost(8, 22, 42).
cost(8, 23, 52).
cost(8, 24, 51).
cost(8, 25, 55).
cost(8, 26, 46).
cost(9, 1, 56).
cost(9, 2, 57).
cost(9, 3, 63).
cost(9, 4, 66).
cost(9, 5, 61).
cost(9, 6, 63).
cost(9, 7, 7).
cost(9, 8, 8).
cost(9, 10, 9).
cost(9, 11, 4).
cost(9, 12, 103).
cost(9, 13, 118).
cost(9, 14, 112).
cost(9, 15, 109).
cost(9, 16, 115).
cost(9, 17, 65).
cost(9, 18, 64).
cost(9, 19, 61).
cost(9, 20, 68).
cost(9, 21, 65).
cost(9, 22, 49).
cost(9, 23, 59).
cost(9, 24, 58).
cost(9, 25, 62).
cost(9, 26, 53).
cost(10, 1, 50).
cost(10, 2, 52).
cost(10, 3, 57).
cost(10, 4, 60).
cost(10, 5, 55).
cost(10, 6, 59).
cost(10, 7, 12).
cost(10, 8, 14).
cost(10, 9, 9).
cost(10, 11, 10).
cost(10, 12, 97).
cost(10, 13, 113).
cost(10, 14, 108).
cost(10, 15, 104).
cost(10, 16, 110).
cost(10, 17, 56).
cost(10, 18, 56).
cost(10, 19, 52).
cost(10, 20, 60).
cost(10, 21, 57).
cost(10, 22, 50).
cost(10, 23, 59).
cost(10, 24, 58).
cost(10, 25, 62).
cost(10, 26, 52).
cost(11, 1, 59).
cost(11, 2, 60).
cost(11, 3, 66).
cost(11, 4, 69).
cost(11, 5, 64).
cost(11, 6, 67).
cost(11, 7, 11).
cost(11, 8, 12).
cost(11, 9, 4).
cost(11, 10, 10).
cost(11, 12, 106).
cost(11, 13, 121).
cost(11, 14, 116).
cost(11, 15, 112).
cost(11, 16, 119).
cost(11, 17, 66).
cost(11, 18, 65).
cost(11, 19, 62).
cost(11, 20, 69).
cost(11, 21, 67).
cost(11, 22, 53).
cost(11, 23, 63).
cost(11, 24, 62).
cost(11, 25, 66).
cost(11, 26, 57).
cost(12, 1, 47).
cost(12, 2, 46).
cost(12, 3, 40).
cost(12, 4, 38).
cost(12, 5, 44).
cost(12, 6, 40).
cost(12, 7, 98).
cost(12, 8, 99).
cost(12, 9, 103).
cost(12, 10, 97).
cost(12, 11, 106).
cost(12, 13, 17).
cost(12, 14, 18).
cost(12, 15, 16).
cost(12, 16, 12).
cost(12, 17, 74).
cost(12, 18, 77).
cost(12, 19, 73).
cost(12, 20, 76).
cost(12, 21, 58).
cost(12, 22, 72).
cost(12, 23, 63).
cost(12, 24, 64).
cost(12, 25, 62).
cost(12, 26, 62).
cost(13, 1, 63).
cost(13, 2, 61).
cost(13, 3, 56).
cost(13, 4, 54).
cost(13, 5, 61).
cost(13, 6, 54).
cost(13, 7, 113).
cost(13, 8, 113).
cost(13, 9, 118).
cost(13, 10, 113).
cost(13, 11, 121).
cost(13, 12, 17).
cost(13, 14, 10).
cost(13, 15, 12).
cost(13, 16, 10).
cost(13, 17, 91).
cost(13, 18, 94).
cost(13, 19, 90).
cost(13, 20, 92).
cost(13, 21, 75).
cost(13, 22, 83).
cost(13, 23, 73).
cost(13, 24, 74).
cost(13, 25, 71).
cost(13, 26, 73).
cost(14, 1, 58).
cost(14, 2, 56).
cost(14, 3, 53).
cost(14, 4, 50).
cost(14, 5, 57).
cost(14, 6, 49).
cost(14, 7, 107).
cost(14, 8, 107).
cost(14, 9, 112).
cost(14, 10, 108).
cost(14, 11, 116).
cost(14, 12, 18).
cost(14, 13, 10).
cost(14, 15, 3).
cost(14, 16, 18).
cost(14, 17, 91).
cost(14, 18, 94).
cost(14, 19, 89).
cost(14, 20, 93).
cost(14, 21, 74).
cost(14, 22, 74).
cost(14, 23, 64).
cost(14, 24, 65).
cost(14, 25, 62).
cost(14, 26, 65).
cost(15, 1, 55).
cost(15, 2, 53).
cost(15, 3, 49).
cost(15, 4, 47).
cost(15, 5, 54).
cost(15, 6, 46).
cost(15, 7, 103).
cost(15, 8, 104).
cost(15, 9, 109).
cost(15, 10, 104).
cost(15, 11, 112).
cost(15, 12, 16).
cost(15, 13, 12).
cost(15, 14, 3).
cost(15, 16, 18).
cost(15, 17, 88).
cost(15, 18, 90).
cost(15, 19, 86).
cost(15, 20, 90).
cost(15, 21, 71).
cost(15, 22, 71).
cost(15, 23, 61).
cost(15, 24, 62).
cost(15, 25, 59).
cost(15, 26, 62).
cost(16, 1, 59).
cost(16, 2, 59).
cost(16, 3, 52).
cost(16, 4, 50).
cost(16, 5, 56).
cost(16, 6, 52).
cost(16, 7, 111).
cost(16, 8, 111).
cost(16, 9, 115).
cost(16, 10, 110).
cost(16, 11, 119).
cost(16, 12, 12).
cost(16, 13, 10).
cost(16, 14, 18).
cost(16, 15, 18).
cost(16, 17, 83).
cost(16, 18, 86).
cost(16, 19, 83).
cost(16, 20, 85).
cost(16, 21, 68).
cost(16, 22, 84).
cost(16, 23, 75).
cost(16, 24, 75).
cost(16, 25, 73).
cost(16, 26, 74).
cost(17, 1, 45).
cost(17, 2, 50).
cost(17, 3, 44).
cost(17, 4, 45).
cost(17, 5, 39).
cost(17, 6, 54).
cost(17, 7, 65).
cost(17, 8, 67).
cost(17, 9, 65).
cost(17, 10, 56).
cost(17, 11, 66).
cost(17, 12, 74).
cost(17, 13, 91).
cost(17, 14, 91).
cost(17, 15, 88).
cost(17, 16, 83).
cost(17, 18, 3).
cost(17, 19, 4).
cost(17, 20, 4).
cost(17, 21, 17).
cost(17, 22, 78).
cost(17, 23, 80).
cost(17, 24, 79).
cost(17, 25, 81).
cost(17, 26, 73).
cost(18, 1, 47).
cost(18, 2, 52).
cost(18, 3, 47).
cost(18, 4, 47).
cost(18, 5, 41).
cost(18, 6, 57).
cost(18, 7, 65).
cost(18, 8, 67).
cost(18, 9, 64).
cost(18, 10, 56).
cost(18, 11, 65).
cost(18, 12, 77).
cost(18, 13, 94).
cost(18, 14, 94).
cost(18, 15, 90).
cost(18, 16, 86).
cost(18, 17, 3).
cost(18, 19, 6).
cost(18, 20, 4).
cost(18, 21, 19).
cost(18, 22, 80).
cost(18, 23, 81).
cost(18, 24, 81).
cost(18, 25, 83).
cost(18, 26, 74).
cost(19, 1, 42).
cost(19, 2, 46).
cost(19, 3, 41).
cost(19, 4, 42).
cost(19, 5, 36).
cost(19, 6, 51).
cost(19, 7, 61).
cost(19, 8, 63).
cost(19, 9, 61).
cost(19, 10, 52).
cost(19, 11, 62).
cost(19, 12, 73).
cost(19, 13, 90).
cost(19, 14, 89).
cost(19, 15, 86).
cost(19, 16, 83).
cost(19, 17, 4).
cost(19, 18, 6).
cost(19, 20, 8).
cost(19, 21, 15).
cost(19, 22, 74).
cost(19, 23, 76).
cost(19, 24, 76).
cost(19, 25, 77).
cost(19, 26, 69).
cost(20, 1, 49).
cost(20, 2, 53).
cost(20, 3, 47).
cost(20, 4, 48).
cost(20, 5, 42).
cost(20, 6, 58).
cost(20, 7, 69).
cost(20, 8, 71).
cost(20, 9, 68).
cost(20, 10, 60).
cost(20, 11, 69).
cost(20, 12, 76).
cost(20, 13, 92).
cost(20, 14, 93).
cost(20, 15, 90).
cost(20, 16, 85).
cost(20, 17, 4).
cost(20, 18, 4).
cost(20, 19, 8).
cost(20, 21, 19).
cost(20, 22, 82).
cost(20, 23, 83).
cost(20, 24, 83).
cost(20, 25, 85).
cost(20, 26, 76).
cost(21, 1, 31).
cost(21, 2, 35).
cost(21, 3, 29).
cost(21, 4, 29).
cost(21, 5, 23).
cost(21, 6, 39).
cost(21, 7, 64).
cost(21, 8, 65).
cost(21, 9, 65).
cost(21, 10, 57).
cost(21, 11, 67).
cost(21, 12, 58).
cost(21, 13, 75).
cost(21, 14, 74).
cost(21, 15, 71).
cost(21, 16, 68).
cost(21, 17, 17).
cost(21, 18, 19).
cost(21, 19, 15).
cost(21, 20, 19).
cost(21, 22, 68).
cost(21, 23, 67).
cost(21, 24, 67).
cost(21, 25, 68).
cost(21, 26, 60).
cost(22, 1, 39).
cost(22, 2, 35).
cost(22, 3, 45).
cost(22, 4, 47).
cost(22, 5, 48).
cost(22, 6, 37).
cost(22, 7, 43).
cost(22, 8, 42).
cost(22, 9, 49).
cost(22, 10, 50).
cost(22, 11, 53).
cost(22, 12, 72).
cost(22, 13, 83).
cost(22, 14, 74).
cost(22, 15, 71).
cost(22, 16, 84).
cost(22, 17, 78).
cost(22, 18, 80).
cost(22, 19, 74).
cost(22, 20, 82).
cost(22, 21, 68).
cost(22, 23, 11).
cost(22, 24, 10).
cost(22, 25, 14).
cost(22, 26, 10).
cost(23, 1, 36).
cost(23, 2, 32).
cost(23, 3, 41).
cost(23, 4, 43).
cost(23, 5, 45).
cost(23, 6, 32).
cost(23, 7, 52).
cost(23, 8, 52).
cost(23, 9, 59).
cost(23, 10, 59).
cost(23, 11, 63).
cost(23, 12, 63).
cost(23, 13, 73).
cost(23, 14, 64).
cost(23, 15, 61).
cost(23, 16, 75).
cost(23, 17, 80).
cost(23, 18, 81).
cost(23, 19, 76).
cost(23, 20, 83).
cost(23, 21, 67).
cost(23, 22, 11).
cost(23, 24, 1).
cost(23, 25, 3).
cost(23, 26, 8).
cost(24, 1, 36).
cost(24, 2, 32).
cost(24, 3, 42).
cost(24, 4, 43).
cost(24, 5, 45).
cost(24, 6, 32).
cost(24, 7, 51).
cost(24, 8, 51).
cost(24, 9, 58).
cost(24, 10, 58).
cost(24, 11, 62).
cost(24, 12, 64).
cost(24, 13, 74).
cost(24, 14, 65).
cost(24, 15, 62).
cost(24, 16, 75).
cost(24, 17, 79).
cost(24, 18, 81).
cost(24, 19, 76).
cost(24, 20, 83).
cost(24, 21, 67).
cost(24, 22, 10).
cost(24, 23, 1).
cost(24, 25, 4).
cost(24, 26, 7).
cost(25, 1, 37).
cost(25, 2, 33).
cost(25, 3, 42).
cost(25, 4, 43).
cost(25, 5, 46).
cost(25, 6, 32).
cost(25, 7, 56).
cost(25, 8, 55).
cost(25, 9, 62).
cost(25, 10, 62).
cost(25, 11, 66).
cost(25, 12, 62).
cost(25, 13, 71).
cost(25, 14, 62).
cost(25, 15, 59).
cost(25, 16, 73).
cost(25, 17, 81).
cost(25, 18, 83).
cost(25, 19, 77).
cost(25, 20, 85).
cost(25, 21, 68).
cost(25, 22, 14).
cost(25, 23, 3).
cost(25, 24, 4).
cost(25, 26, 10).
cost(26, 1, 30).
cost(26, 2, 26).
cost(26, 3, 36).
cost(26, 4, 38).
cost(26, 5, 39).
cost(26, 6, 27).
cost(26, 7, 47).
cost(26, 8, 46).
cost(26, 9, 53).
cost(26, 10, 52).
cost(26, 11, 57).
cost(26, 12, 62).
cost(26, 13, 73).
cost(26, 14, 65).
cost(26, 15, 62).
cost(26, 16, 74).
cost(26, 17, 73).
cost(26, 18, 74).
cost(26, 19, 69).
cost(26, 20, 76).
cost(26, 21, 60).
cost(26, 22, 10).
cost(26, 23, 8).
cost(26, 24, 7).
cost(26, 25, 10).
nocross(1,2).
nocross(1,3).
nocross(1,4).
nocross(1,5).
nocross(1,6).
nocross(1,7).
nocross(1,8).
nocross(1,9).
nocross(1,10).
nocross(1,12).
nocross(1,21).
nocross(1,23).
nocross(1,24).
nocross(1,26).
nocross(2,1).
nocross(2,3).
nocross(2,4).
nocross(2,5).
nocross(2,6).
nocross(2,7).
nocross(2,8).
nocross(2,9).
nocross(2,10).
nocross(2,12).
nocross(2,14).
nocross(2,21).
nocross(2,23).
nocross(2,24).
nocross(2,26).
nocross(3,1).
nocross(3,2).
nocross(3,4).
nocross(3,5).
nocross(3,6).
nocross(3,9).
nocross(3,12).
nocross(3,21).
nocross(3,23).
nocross(3,24).
nocross(3,26).
nocross(4,1).
nocross(4,2).
nocross(4,3).
nocross(4,5).
nocross(4,6).
nocross(4,9).
nocross(4,10).
nocross(4,12).
nocross(4,13).
nocross(4,21).
nocross(4,23).
nocross(4,24).
nocross(4,26).
nocross(5,1).
nocross(5,2).
nocross(5,3).
nocross(5,4).
nocross(5,6).
nocross(5,9).
nocross(5,10).
nocross(5,12).
nocross(5,21).
nocross(5,23).
nocross(5,24).
nocross(5,26).
nocross(6,1).
nocross(6,2).
nocross(6,3).
nocross(6,4).
nocross(6,5).
nocross(6,8).
nocross(6,9).
nocross(6,10).
nocross(6,12).
nocross(6,13).
nocross(6,15).
nocross(6,16).
nocross(6,21).
nocross(6,23).
nocross(6,24).
nocross(6,25).
nocross(6,26).
nocross(7,1).
nocross(7,2).
nocross(7,3).
nocross(7,8).
nocross(7,9).
nocross(7,10).
nocross(7,22).
nocross(7,23).
nocross(7,24).
nocross(7,26).
nocross(8,1).
nocross(8,2).
nocross(8,3).
nocross(8,5).
nocross(8,7).
nocross(8,9).
nocross(8,10).
nocross(8,22).
nocross(8,23).
nocross(8,24).
nocross(8,26).
nocross(9,2).
nocross(9,7).
nocross(9,8).
nocross(9,10).
nocross(9,11).
nocross(9,23).
nocross(9,24).
nocross(9,26).
nocross(10,1).
nocross(10,2).
nocross(10,3).
nocross(10,5).
nocross(10,7).
nocross(10,9).
nocross(10,19).
nocross(10,21).
nocross(10,24).
nocross(10,26).
nocross(11,2).
nocross(11,7).
nocross(11,8).
nocross(11,9).
nocross(11,10).
nocross(12,1).
nocross(12,2).
nocross(12,3).
nocross(12,4).
nocross(12,5).
nocross(12,6).
nocross(12,13).
nocross(12,14).
nocross(12,15).
nocross(12,16).
nocross(12,21).
nocross(13,2).
nocross(13,3).
nocross(13,4).
nocross(13,6).
nocross(13,12).
nocross(13,14).
nocross(13,15).
nocross(13,16).
nocross(14,2).
nocross(14,3).
nocross(14,4).
nocross(14,6).
nocross(14,12).
nocross(14,13).
nocross(14,15).
nocross(14,16).
nocross(14,23).
nocross(14,24).
nocross(14,25).
nocross(15,2).
nocross(15,3).
nocross(15,6).
nocross(15,12).
nocross(15,13).
nocross(15,14).
nocross(15,16).
nocross(15,23).
nocross(15,24).
nocross(15,25).
nocross(16,1).
nocross(16,2).
nocross(16,3).
nocross(16,4).
nocross(16,5).
nocross(16,6).
nocross(16,12).
nocross(16,13).
nocross(16,14).
nocross(16,15).
nocross(17,2).
nocross(17,3).
nocross(17,5).
nocross(17,10).
nocross(17,19).
nocross(17,20).
nocross(17,21).
nocross(18,3).
nocross(18,5).
nocross(18,10).
nocross(18,17).
nocross(18,19).
nocross(18,20).
nocross(18,21).
nocross(19,1).
nocross(19,2).
nocross(19,3).
nocross(19,5).
nocross(19,10).
nocross(19,17).
nocross(19,21).
nocross(20,3).
nocross(20,5).
nocross(20,17).
nocross(20,18).
nocross(20,19).
nocross(20,21).
nocross(21,1).
nocross(21,2).
nocross(21,3).
nocross(21,4).
nocross(21,5).
nocross(21,6).
nocross(21,10).
nocross(21,17).
nocross(21,19).
nocross(22,1).
nocross(22,2).
nocross(22,3).
nocross(22,4).
nocross(22,5).
nocross(22,6).
nocross(22,7).
nocross(22,8).
nocross(22,9).
nocross(22,10).
nocross(22,23).
nocross(22,24).
nocross(22,25).
nocross(22,26).
nocross(23,1).
nocross(23,2).
nocross(23,3).
nocross(23,4).
nocross(23,5).
nocross(23,6).
nocross(23,7).
nocross(23,8).
nocross(23,9).
nocross(23,10).
nocross(23,12).
nocross(23,14).
nocross(23,15).
nocross(23,22).
nocross(23,24).
nocross(23,25).
nocross(23,26).
nocross(24,1).
nocross(24,2).
nocross(24,3).
nocross(24,4).
nocross(24,5).
nocross(24,6).
nocross(24,7).
nocross(24,8).
nocross(24,9).
nocross(24,10).
nocross(24,12).
nocross(24,14).
nocross(24,15).
nocross(24,22).
nocross(24,23).
nocross(24,25).
nocross(24,26).
nocross(25,1).
nocross(25,2).
nocross(25,3).
nocross(25,4).
nocross(25,5).
nocross(25,6).
nocross(25,7).
nocross(25,8).
nocross(25,9).
nocross(25,10).
nocross(25,12).
nocross(25,13).
nocross(25,22).
nocross(25,23).
nocross(25,24).
nocross(25,26).
nocross(26,1).
nocross(26,2).
nocross(26,3).
nocross(26,4).
nocross(26,5).
nocross(26,6).
nocross(26,7).
nocross(26,8).
nocross(26,9).
nocross(26,10).
nocross(26,12).
nocross(26,14).
nocross(26,22).
nocross(26,23).
nocross(26,24).
