dimension(26).
point(1, 66.972482044, 72.5558705091).
point(2, 67.6286162974, 62.2194592234).
point(3, 62.3865610067, 58.9973968749).
point(4, 54.5970359377, 54.3014064572).
point(5, 66.1946224346, 61.7811308489).
point(6, 31.6013000265, 59.4585211154).
point(7, 35.2465520447, 54.0149111215).
point(8, 33.2726137922, 49.5776080475).
point(9, 28.6017101917, 52.6128007624).
point(10, 38.2349957685, 51.9753051642).
point(11, 42.5614411257, 23.5782573259).
point(12, 47.5696476786, 18.8491147691).
point(13, 51.4199756048, 9.1643583103).
point(14, 40.4924409114, 20.4612591081).
point(15, 36.641098708, 7.2205656451).
point(16, 83.132244462, 24.7382048553).
point(17, 83.223759528, 22.1927550754).
point(18, 91.8751368317, 31.8809186152).
point(19, 89.309320092, 19.2157979981).
point(20, 85.328141496, 21.2088174792).
point(21, 0.1304256011, 99.4751302626).
point(22, 12.9638976166, 91.4991119949).
point(23, 18.9360885704, 90.5020589286).
point(24, 13.1108447029, 99.1816355162).
point(25, 11.3813197667, 92.0167711038).
point(26, 3.1469454414, 93.085103894).
cost(1, 2, 10).
cost(1, 3, 14).
cost(1, 4, 22).
cost(1, 5, 11).
cost(1, 6, 38).
cost(1, 7, 37).
cost(1, 8, 41).
cost(1, 9, 43).
cost(1, 10, 35).
cost(1, 11, 55).
cost(1, 12, 57).
cost(1, 13, 65).
cost(1, 14, 58).
cost(1, 15, 72).
cost(1, 16, 50).
cost(1, 17, 53).
cost(1, 18, 48).
cost(1, 19, 58).
cost(1, 20, 55).
cost(1, 21, 72).
cost(1, 22, 57).
cost(1, 23, 51).
cost(1, 24, 60).
cost(1, 25, 59).
cost(1, 26, 67).
cost(2, 1, 10).
cost(2, 3, 6).
cost(2, 4, 15).
cost(2, 5, 1).
cost(2, 6, 36).
cost(2, 7, 33).
cost(2, 8, 37).
cost(2, 9, 40).
cost(2, 10, 31).
cost(2, 11, 46).
cost(2, 12, 48).
cost(2, 13, 55).
cost(2, 14, 50).
cost(2, 15, 63).
cost(2, 16, 41).
cost(2, 17, 43).
cost(2, 18, 39).
cost(2, 19, 48).
cost(2, 20, 45).
cost(2, 21, 77).
cost(2, 22, 62).
cost(2, 23, 56).
cost(2, 24, 66).
cost(2, 25, 64).
cost(2, 26, 71).
cost(3, 1, 14).
cost(3, 2, 6).
cost(3, 4, 9).
cost(3, 5, 5).
cost(3, 6, 31).
cost(3, 7, 28).
cost(3, 8, 31).
cost(3, 9, 34).
cost(3, 10, 25).
cost(3, 11, 41).
cost(3, 12, 43).
cost(3, 13, 51).
cost(3, 14, 44).
cost(3, 15, 58).
cost(3, 16, 40).
cost(3, 17, 42).
cost(3, 18, 40).
cost(3, 19, 48).
cost(3, 20, 44).
cost(3, 21, 74).
cost(3, 22, 59).
cost(3, 23, 54).
cost(3, 24, 64).
cost(3, 25, 61).
cost(3, 26, 68).
cost(4, 1, 22).
cost(4, 2, 15).
cost(4, 3, 9).
cost(4, 5, 14).
cost(4, 6, 24).
cost(4, 7, 19).
cost(4, 8, 22).
cost(4, 9, 26).
cost(4, 10, 17).
cost(4, 11, 33).
cost(4, 12, 36).
cost(4, 13, 45).
cost(4, 14, 37).
cost(4, 15, 50).
cost(4, 16, 41).
cost(4, 17, 43).
cost(4, 18, 44).
cost(4, 19, 49).
cost(4, 20, 45).
cost(4, 21, 71).
cost(4, 22, 56).
cost(4, 23, 51).
cost(4, 24, 61).
cost(4, 25, 57).
cost(4, 26, 64).
cost(5, 1, 11).
cost(5, 2, 1).
cost(5, 3, 5).
cost(5, 4, 14).
cost(5, 6, 35).
cost(5, 7, 32).
cost(5, 8, 35).
cost(5, 9, 39).
cost(5, 10, 30).
cost(5, 11, 45).
cost(5, 12, 47).
cost(5, 13, 55).
cost(5, 14, 49).
cost(5, 15, 62).
cost(5, 16, 41).
cost(5, 17, 43).
cost(5, 18, 39).
cost(5, 19, 48).
cost(5, 20, 45).
cost(5, 21, 76).
cost(5, 22, 61).
cost(5, 23, 55).
cost(5, 24, 65).
cost(5, 25, 63).
cost(5, 26, 70).
cost(6, 1, 38).
cost(6, 2, 36).
cost(6, 3, 31).
cost(6, 4, 24).
cost(6, 5, 35).
cost(6, 7, 7).
cost(6, 8, 10).
cost(6, 9, 7).
cost(6, 10, 10).
cost(6, 11, 38).
cost(6, 12, 44).
cost(6, 13, 54).
cost(6, 14, 40).
cost(6, 15, 52).
cost(6, 16, 62).
cost(6, 17, 64).
cost(6, 18, 66).
cost(6, 19, 70).
cost(6, 20, 66).
cost(6, 21, 51).
cost(6, 22, 37).
cost(6, 23, 34).
cost(6, 24, 44).
cost(6, 25, 38).
cost(6, 26, 44).
cost(7, 1, 37).
cost(7, 2, 33).
cost(7, 3, 28).
cost(7, 4, 19).
cost(7, 5, 32).
cost(7, 6, 7).
cost(7, 8, 5).
cost(7, 9, 7).
cost(7, 10, 4).
cost(7, 11, 31).
cost(7, 12, 37).
cost(7, 13, 48).
cost(7, 14, 34).
cost(7, 15, 47).
cost(7, 16, 56).
cost(7, 17, 58).
cost(7, 18, 61).
cost(7, 19, 64).
cost(7, 20, 60).
cost(7, 21, 57).
cost(7, 22, 44).
cost(7, 23, 40).
cost(7, 24, 50).
cost(7, 25, 45).
cost(7, 26, 51).
cost(8, 1, 41).
cost(8, 2, 37).
cost(8, 3, 31).
cost(8, 4, 22).
cost(8, 5, 35).
cost(8, 6, 10).
cost(8, 7, 5).
cost(8, 9, 6).
cost(8, 10, 6).
cost(8, 11, 28).
cost(8, 12, 34).
cost(8, 13, 44).
cost(8, 14, 30).
cost(8, 15, 42).
cost(8, 16, 56).
cost(8, 17, 57).
cost(8, 18, 61).
cost(8, 19, 64).
cost(8, 20, 59).
cost(8, 21, 60).
cost(8, 22, 47).
cost(8, 23, 43).
cost(8, 24, 54).
cost(8, 25, 48).
cost(8, 26, 53).
cost(9, 1, 43).
cost(9, 2, 40).
cost(9, 3, 34).
cost(9, 4, 26).
cost(9, 5, 39).
cost(9, 6, 7).
cost(9, 7, 7).
cost(9, 8, 6).
cost(9, 10, 10).
cost(9, 11, 32).
cost(9, 12, 39).
cost(9, 13, 49).
cost(9, 14, 34).
cost(9, 15, 46).
cost(9, 16, 61).
cost(9, 17, 63).
cost(9, 18, 67).
cost(9, 19, 69).
cost(9, 20, 65).
cost(9, 21, 55).
cost(9, 22, 42).
cost(9, 23, 39).
cost(9, 24, 49).
cost(9, 25, 43).
cost(9, 26, 48).
cost(10, 1, 35).
cost(10, 2, 31).
cost(10, 3, 25).
cost(10, 4, 17).
cost(10, 5, 30).
cost(10, 6, 10).
cost(10, 7, 4).
cost(10, 8, 6).
cost(10, 9, 10).
cost(10, 11, 29).
cost(10, 12, 34).
cost(10, 13, 45).
cost(10, 14, 32).
cost(10, 15, 45).
cost(10, 16, 53).
cost(10, 17, 54).
cost(10, 18, 57).
cost(10, 19, 61).
cost(10, 20, 56).
cost(10, 21, 61).
cost(10, 22, 47).
cost(10, 23, 43).
cost(10, 24, 53).
cost(10, 25, 48).
cost(10, 26, 54).
cost(11, 1, 55).
cost(11, 2, 46).
cost(11, 3, 41).
cost(11, 4, 33).
cost(11, 5, 45).
cost(11, 6, 38).
cost(11, 7, 31).
cost(11, 8, 28).
cost(11, 9, 32).
cost(11, 10, 29).
cost(11, 12, 7).
cost(11, 13, 17).
cost(11, 14, 4).
cost(11, 15, 17).
cost(11, 16, 41).
cost(11, 17, 41).
cost(11, 18, 50).
cost(11, 19, 47).
cost(11, 20, 43).
cost(11, 21, 87).
cost(11, 22, 74).
cost(11, 23, 71).
cost(11, 24, 81).
cost(11, 25, 75).
cost(11, 26, 80).
cost(12, 1, 57).
cost(12, 2, 48).
cost(12, 3, 43).
cost(12, 4, 36).
cost(12, 5, 47).
cost(12, 6, 44).
cost(12, 7, 37).
cost(12, 8, 34).
cost(12, 9, 39).
cost(12, 10, 34).
cost(12, 11, 7).
cost(12, 13, 10).
cost(12, 14, 7).
cost(12, 15, 16).
cost(12, 16, 36).
cost(12, 17, 36).
cost(12, 18, 46).
cost(12, 19, 42).
cost(12, 20, 38).
cost(12, 21, 94).
cost(12, 22, 80).
cost(12, 23, 77).
cost(12, 24, 87).
cost(12, 25, 82).
cost(12, 26, 87).
cost(13, 1, 65).
cost(13, 2, 55).
cost(13, 3, 51).
cost(13, 4, 45).
cost(13, 5, 55).
cost(13, 6, 54).
cost(13, 7, 48).
cost(13, 8, 44).
cost(13, 9, 49).
cost(13, 10, 45).
cost(13, 11, 17).
cost(13, 12, 10).
cost(13, 14, 16).
cost(13, 15, 15).
cost(13, 16, 35).
cost(13, 17, 34).
cost(13, 18, 46).
cost(13, 19, 39).
cost(13, 20, 36).
cost(13, 21, 104).
cost(13, 22, 91).
cost(13, 23, 88).
cost(13, 24, 98).
cost(13, 25, 92).
cost(13, 26, 97).
cost(14, 1, 58).
cost(14, 2, 50).
cost(14, 3, 44).
cost(14, 4, 37).
cost(14, 5, 49).
cost(14, 6, 40).
cost(14, 7, 34).
cost(14, 8, 30).
cost(14, 9, 34).
cost(14, 10, 32).
cost(14, 11, 4).
cost(14, 12, 7).
cost(14, 13, 16).
cost(14, 15, 14).
cost(14, 16, 43).
cost(14, 17, 43).
cost(14, 18, 53).
cost(14, 19, 49).
cost(14, 20, 45).
cost(14, 21, 89).
cost(14, 22, 76).
cost(14, 23, 73).
cost(14, 24, 83).
cost(14, 25, 77).
cost(14, 26, 82).
cost(15, 1, 72).
cost(15, 2, 63).
cost(15, 3, 58).
cost(15, 4, 50).
cost(15, 5, 62).
cost(15, 6, 52).
cost(15, 7, 47).
cost(15, 8, 42).
cost(15, 9, 46).
cost(15, 10, 45).
cost(15, 11, 17).
cost(15, 12, 16).
cost(15, 13, 15).
cost(15, 14, 14).
cost(15, 16, 50).
cost(15, 17, 49).
cost(15, 18, 60).
cost(15, 19, 54).
cost(15, 20, 51).
cost(15, 21, 99).
cost(15, 22, 88).
cost(15, 23, 85).
cost(15, 24, 95).
cost(15, 25, 88).
cost(15, 26, 92).
cost(16, 1, 50).
cost(16, 2, 41).
cost(16, 3, 40).
cost(16, 4, 41).
cost(16, 5, 41).
cost(16, 6, 62).
cost(16, 7, 56).
cost(16, 8, 56).
cost(16, 9, 61).
cost(16, 10, 53).
cost(16, 11, 41).
cost(16, 12, 36).
cost(16, 13, 35).
cost(16, 14, 43).
cost(16, 15, 50).
cost(16, 17, 3).
cost(16, 18, 11).
cost(16, 19, 8).
cost(16, 20, 4).
cost(16, 21, 112).
cost(16, 22, 97).
cost(16, 23, 92).
cost(16, 24, 102).
cost(16, 25, 98).
cost(16, 26, 105).
cost(17, 1, 53).
cost(17, 2, 43).
cost(17, 3, 42).
cost(17, 4, 43).
cost(17, 5, 43).
cost(17, 6, 64).
cost(17, 7, 58).
cost(17, 8, 57).
cost(17, 9, 63).
cost(17, 10, 54).
cost(17, 11, 41).
cost(17, 12, 36).
cost(17, 13, 34).
cost(17, 14, 43).
cost(17, 15, 49).
cost(17, 16, 3).
cost(17, 18, 13).
cost(17, 19, 7).
cost(17, 20, 2).
cost(17, 21, 113).
cost(17, 22, 99).
cost(17, 23, 94).
cost(17, 24, 104).
cost(17, 25, 100).
cost(17, 26, 107).
cost(18, 1, 48).
cost(18, 2, 39).
cost(18, 3, 40).
cost(18, 4, 44).
cost(18, 5, 39).
cost(18, 6, 66).
cost(18, 7, 61).
cost(18, 8, 61).
cost(18, 9, 67).
cost(18, 10, 57).
cost(18, 11, 50).
cost(18, 12, 46).
cost(18, 13, 46).
cost(18, 14, 53).
cost(18, 15, 60).
cost(18, 16, 11).
cost(18, 17, 13).
cost(18, 19, 13).
cost(18, 20, 13).
cost(18, 21, 114).
cost(18, 22, 99).
cost(18, 23, 94).
cost(18, 24, 104).
cost(18, 25, 100).
cost(18, 26, 108).
cost(19, 1, 58).
cost(19, 2, 48).
cost(19, 3, 48).
cost(19, 4, 49).
cost(19, 5, 48).
cost(19, 6, 70).
cost(19, 7, 64).
cost(19, 8, 64).
cost(19, 9, 69).
cost(19, 10, 61).
cost(19, 11, 47).
cost(19, 12, 42).
cost(19, 13, 39).
cost(19, 14, 49).
cost(19, 15, 54).
cost(19, 16, 8).
cost(19, 17, 7).
cost(19, 18, 13).
cost(19, 20, 4).
cost(19, 21, 120).
cost(19, 22, 105).
cost(19, 23, 100).
cost(19, 24, 110).
cost(19, 25, 107).
cost(19, 26, 113).
cost(20, 1, 55).
cost(20, 2, 45).
cost(20, 3, 44).
cost(20, 4, 45).
cost(20, 5, 45).
cost(20, 6, 66).
cost(20, 7, 60).
cost(20, 8, 59).
cost(20, 9, 65).
cost(20, 10, 56).
cost(20, 11, 43).
cost(20, 12, 38).
cost(20, 13, 36).
cost(20, 14, 45).
cost(20, 15, 51).
cost(20, 16, 4).
cost(20, 17, 2).
cost(20, 18, 13).
cost(20, 19, 4).
cost(20, 21, 116).
cost(20, 22, 101).
cost(20, 23, 96).
cost(20, 24, 106).
cost(20, 25, 102).
cost(20, 26, 109).
cost(21, 1, 72).
cost(21, 2, 77).
cost(21, 3, 74).
cost(21, 4, 71).
cost(21, 5, 76).
cost(21, 6, 51).
cost(21, 7, 57).
cost(21, 8, 60).
cost(21, 9, 55).
cost(21, 10, 61).
cost(21, 11, 87).
cost(21, 12, 94).
cost(21, 13, 104).
cost(21, 14, 89).
cost(21, 15, 99).
cost(21, 16, 112).
cost(21, 17, 113).
cost(21, 18, 114).
cost(21, 19, 120).
cost(21, 20, 116).
cost(21, 22, 15).
cost(21, 23, 21).
cost(21, 24, 13).
cost(21, 25, 13).
cost(21, 26, 7).
cost(22, 1, 57).
cost(22, 2, 62).
cost(22, 3, 59).
cost(22, 4, 56).
cost(22, 5, 61).
cost(22, 6, 37).
cost(22, 7, 44).
cost(22, 8, 47).
cost(22, 9, 42).
cost(22, 10, 47).
cost(22, 11, 74).
cost(22, 12, 80).
cost(22, 13, 91).
cost(22, 14, 76).
cost(22, 15, 88).
cost(22, 16, 97).
cost(22, 17, 99).
cost(22, 18, 99).
cost(22, 19, 105).
cost(22, 20, 101).
cost(22, 21, 15).
cost(22, 23, 6).
cost(22, 24, 8).
cost(22, 25, 2).
cost(22, 26, 10).
cost(23, 1, 51).
cost(23, 2, 56).
cost(23, 3, 54).
cost(23, 4, 51).
cost(23, 5, 55).
cost(23, 6, 34).
cost(23, 7, 40).
cost(23, 8, 43).
cost(23, 9, 39).
cost(23, 10, 43).
cost(23, 11, 71).
cost(23, 12, 77).
cost(23, 13, 88).
cost(23, 14, 73).
cost(23, 15, 85).
cost(23, 16, 92).
cost(23, 17, 94).
cost(23, 18, 94).
cost(23, 19, 100).
cost(23, 20, 96).
cost(23, 21, 21).
cost(23, 22, 6).
cost(23, 24, 10).
cost(23, 25, 8).
cost(23, 26, 16).
cost(24, 1, 60).
cost(24, 2, 66).
cost(24, 3, 64).
cost(24, 4, 61).
cost(24, 5, 65).
cost(24, 6, 44).
cost(24, 7, 50).
cost(24, 8, 54).
cost(24, 9, 49).
cost(24, 10, 53).
cost(24, 11, 81).
cost(24, 12, 87).
cost(24, 13, 98).
cost(24, 14, 83).
cost(24, 15, 95).
cost(24, 16, 102).
cost(24, 17, 104).
cost(24, 18, 104).
cost(24, 19, 110).
cost(24, 20, 106).
cost(24, 21, 13).
cost(24, 22, 8).
cost(24, 23, 10).
cost(24, 25, 7).
cost(24, 26, 12).
cost(25, 1, 59).
cost(25, 2, 64).
cost(25, 3, 61).
cost(25, 4, 57).
cost(25, 5, 63).
cost(25, 6, 38).
cost(25, 7, 45).
cost(25, 8, 48).
cost(25, 9, 43).
cost(25, 10, 48).
cost(25, 11, 75).
cost(25, 12, 82).
cost(25, 13, 92).
cost(25, 14, 77).
cost(25, 15, 88).
cost(25, 16, 98).
cost(25, 17, 100).
cost(25, 18, 100).
cost(25, 19, 107).
cost(25, 20, 102).
cost(25, 21, 13).
cost(25, 22, 2).
cost(25, 23, 8).
cost(25, 24, 7).
cost(25, 26, 8).
cost(26, 1, 67).
cost(26, 2, 71).
cost(26, 3, 68).
cost(26, 4, 64).
cost(26, 5, 70).
cost(26, 6, 44).
cost(26, 7, 51).
cost(26, 8, 53).
cost(26, 9, 48).
cost(26, 10, 54).
cost(26, 11, 80).
cost(26, 12, 87).
cost(26, 13, 97).
cost(26, 14, 82).
cost(26, 15, 92).
cost(26, 16, 105).
cost(26, 17, 107).
cost(26, 18, 108).
cost(26, 19, 113).
cost(26, 20, 109).
cost(26, 21, 7).
cost(26, 22, 10).
cost(26, 23, 16).
cost(26, 24, 12).
cost(26, 25, 8).
nocross(1,2).
nocross(1,3).
nocross(1,4).
nocross(1,5).
nocross(1,6).
nocross(1,7).
nocross(1,10).
nocross(1,18).
nocross(2,1).
nocross(2,3).
nocross(2,4).
nocross(2,5).
nocross(2,7).
nocross(2,10).
nocross(2,18).
nocross(3,2).
nocross(3,4).
nocross(3,5).
nocross(3,7).
nocross(3,10).
nocross(4,2).
nocross(4,3).
nocross(4,5).
nocross(4,6).
nocross(4,7).
nocross(4,8).
nocross(4,10).
nocross(4,11).
nocross(4,18).
nocross(5,1).
nocross(5,2).
nocross(5,3).
nocross(5,4).
nocross(5,6).
nocross(5,7).
nocross(5,10).
nocross(6,3).
nocross(6,4).
nocross(6,7).
nocross(6,8).
nocross(6,9).
nocross(6,10).
nocross(6,11).
nocross(6,22).
nocross(6,23).
nocross(7,3).
nocross(7,4).
nocross(7,6).
nocross(7,8).
nocross(7,9).
nocross(7,10).
nocross(7,11).
nocross(7,14).
nocross(8,4).
nocross(8,6).
nocross(8,7).
nocross(8,9).
nocross(8,10).
nocross(8,11).
nocross(8,12).
nocross(8,14).
nocross(8,25).
nocross(9,4).
nocross(9,6).
nocross(9,7).
nocross(9,8).
nocross(9,10).
nocross(9,11).
nocross(9,14).
nocross(9,23).
nocross(10,3).
nocross(10,4).
nocross(10,6).
nocross(10,7).
nocross(10,8).
nocross(10,9).
nocross(10,11).
nocross(10,14).
nocross(11,4).
nocross(11,6).
nocross(11,7).
nocross(11,8).
nocross(11,9).
nocross(11,10).
nocross(11,12).
nocross(11,13).
nocross(11,14).
nocross(11,15).
nocross(11,17).
nocross(11,18).
nocross(12,4).
nocross(12,7).
nocross(12,8).
nocross(12,9).
nocross(12,10).
nocross(12,11).
nocross(12,13).
nocross(12,14).
nocross(12,15).
nocross(12,16).
nocross(12,17).
nocross(12,18).
nocross(13,4).
nocross(13,7).
nocross(13,8).
nocross(13,10).
nocross(13,11).
nocross(13,12).
nocross(13,14).
nocross(13,15).
nocross(13,16).
nocross(13,17).
nocross(13,18).
nocross(14,4).
nocross(14,7).
nocross(14,8).
nocross(14,9).
nocross(14,10).
nocross(14,11).
nocross(14,12).
nocross(14,13).
nocross(14,15).
nocross(14,17).
nocross(15,7).
nocross(15,8).
nocross(15,9).
nocross(15,10).
nocross(15,11).
nocross(15,12).
nocross(15,13).
nocross(15,14).
nocross(16,3).
nocross(16,4).
nocross(16,11).
nocross(16,17).
nocross(16,18).
nocross(16,20).
nocross(17,11).
nocross(17,12).
nocross(17,13).
nocross(17,16).
nocross(17,18).
nocross(17,20).
nocross(18,3).
nocross(18,4).
nocross(18,5).
nocross(18,16).
nocross(18,17).
nocross(18,19).
nocross(18,20).
nocross(19,13).
nocross(19,16).
nocross(19,17).
nocross(19,18).
nocross(19,20).
nocross(20,11).
nocross(20,12).
nocross(20,13).
nocross(20,16).
nocross(20,17).
nocross(20,18).
nocross(20,19).
nocross(21,22).
nocross(21,23).
nocross(21,24).
nocross(21,25).
nocross(21,26).
nocross(22,6).
nocross(22,9).
nocross(22,10).
nocross(22,23).
nocross(22,25).
nocross(22,26).
nocross(23,6).
nocross(23,7).
nocross(23,9).
nocross(23,10).
nocross(23,22).
nocross(23,24).
nocross(23,25).
nocross(23,26).
nocross(24,6).
nocross(24,9).
nocross(24,21).
nocross(24,22).
nocross(24,23).
nocross(24,25).
nocross(24,26).
nocross(25,6).
nocross(25,9).
nocross(25,10).
nocross(25,21).
nocross(25,22).
nocross(25,23).
nocross(25,24).
nocross(25,26).
nocross(26,6).
nocross(26,7).
nocross(26,9).
nocross(26,21).
nocross(26,22).
nocross(26,23).
nocross(26,25).
