dimension(26).
point(1, 29.8190228086, 29.4810071058).
point(2, 5.36123023, 36.5352295188).
point(3, 43.953094426, 87.5804107561).
point(4, 41.8500416755, 81.6381669719).
point(5, 41.4002213776, 19.3729561919).
point(6, 37.4786419096, 88.5860896425).
point(7, 41.7494462687, 39.5369693041).
point(8, 49.0338327606, 85.3051863497).
point(9, 52.9376073422, 8.2178170471).
point(10, 93.7068082722, 88.4735086343).
point(11, 17.1737480702, 69.0952374664).
point(12, 10.6556722194, 68.8115497982).
point(13, 70.6901624654, 26.4963565434).
point(14, 47.0078579177, 75.3407385814).
point(15, 64.0005837602, 92.7035394058).
point(16, 56.6159760082, 70.9523053316).
point(17, 45.6478109916, 44.0512524068).
point(18, 74.6036412324, 20.4923766736).
point(19, 37.3733401639, 33.3358712056).
point(20, 47.8707601545, 21.7315765028).
point(21, 87.5500224475, 81.8374375051).
point(22, 6.198012611, 55.4276389543).
point(23, 34.477427372, 21.8937529394).
point(24, 18.3368640763, 75.4789180532).
point(25, 65.10777932, 94.9761812175).
point(26, 85.8449249221, 68.2735350266).
cost(1, 2, 25).
cost(1, 3, 60).
cost(1, 4, 54).
cost(1, 5, 15).
cost(1, 6, 60).
cost(1, 7, 16).
cost(1, 8, 59).
cost(1, 9, 31).
cost(1, 10, 87).
cost(1, 11, 42).
cost(1, 12, 44).
cost(1, 13, 41).
cost(1, 14, 49).
cost(1, 15, 72).
cost(1, 16, 49).
cost(1, 17, 22).
cost(1, 18, 46).
cost(1, 19, 8).
cost(1, 20, 20).
cost(1, 21, 78).
cost(1, 22, 35).
cost(1, 23, 9).
cost(1, 24, 47).
cost(1, 25, 74).
cost(1, 26, 68).
cost(2, 1, 25).
cost(2, 3, 64).
cost(2, 4, 58).
cost(2, 5, 40).
cost(2, 6, 61).
cost(2, 7, 37).
cost(2, 8, 65).
cost(2, 9, 55).
cost(2, 10, 102).
cost(2, 11, 35).
cost(2, 12, 33).
cost(2, 13, 66).
cost(2, 14, 57).
cost(2, 15, 81).
cost(2, 16, 62).
cost(2, 17, 41).
cost(2, 18, 71).
cost(2, 19, 32).
cost(2, 20, 45).
cost(2, 21, 94).
cost(2, 22, 19).
cost(2, 23, 33).
cost(2, 24, 41).
cost(2, 25, 84).
cost(2, 26, 87).
cost(3, 1, 60).
cost(3, 2, 64).
cost(3, 4, 6).
cost(3, 5, 68).
cost(3, 6, 7).
cost(3, 7, 48).
cost(3, 8, 6).
cost(3, 9, 80).
cost(3, 10, 50).
cost(3, 11, 33).
cost(3, 12, 38).
cost(3, 13, 67).
cost(3, 14, 13).
cost(3, 15, 21).
cost(3, 16, 21).
cost(3, 17, 44).
cost(3, 18, 74).
cost(3, 19, 55).
cost(3, 20, 66).
cost(3, 21, 44).
cost(3, 22, 50).
cost(3, 23, 66).
cost(3, 24, 28).
cost(3, 25, 22).
cost(3, 26, 46).
cost(4, 1, 54).
cost(4, 2, 58).
cost(4, 3, 6).
cost(4, 5, 62).
cost(4, 6, 8).
cost(4, 7, 42).
cost(4, 8, 8).
cost(4, 9, 74).
cost(4, 10, 52).
cost(4, 11, 28).
cost(4, 12, 34).
cost(4, 13, 62).
cost(4, 14, 8).
cost(4, 15, 25).
cost(4, 16, 18).
cost(4, 17, 38).
cost(4, 18, 69).
cost(4, 19, 49).
cost(4, 20, 60).
cost(4, 21, 46).
cost(4, 22, 44).
cost(4, 23, 60).
cost(4, 24, 24).
cost(4, 25, 27).
cost(4, 26, 46).
cost(5, 1, 15).
cost(5, 2, 40).
cost(5, 3, 68).
cost(5, 4, 62).
cost(5, 6, 69).
cost(5, 7, 20).
cost(5, 8, 66).
cost(5, 9, 16).
cost(5, 10, 87).
cost(5, 11, 55).
cost(5, 12, 58).
cost(5, 13, 30).
cost(5, 14, 56).
cost(5, 15, 77).
cost(5, 16, 54).
cost(5, 17, 25).
cost(5, 18, 33).
cost(5, 19, 15).
cost(5, 20, 7).
cost(5, 21, 78).
cost(5, 22, 50).
cost(5, 23, 7).
cost(5, 24, 61).
cost(5, 25, 79).
cost(5, 26, 66).
cost(6, 1, 60).
cost(6, 2, 61).
cost(6, 3, 7).
cost(6, 4, 8).
cost(6, 5, 69).
cost(6, 7, 49).
cost(6, 8, 12).
cost(6, 9, 82).
cost(6, 10, 56).
cost(6, 11, 28).
cost(6, 12, 33).
cost(6, 13, 70).
cost(6, 14, 16).
cost(6, 15, 27).
cost(6, 16, 26).
cost(6, 17, 45).
cost(6, 18, 78).
cost(6, 19, 55).
cost(6, 20, 68).
cost(6, 21, 51).
cost(6, 22, 46).
cost(6, 23, 67).
cost(6, 24, 23).
cost(6, 25, 28).
cost(6, 26, 52).
cost(7, 1, 16).
cost(7, 2, 37).
cost(7, 3, 48).
cost(7, 4, 42).
cost(7, 5, 20).
cost(7, 6, 49).
cost(7, 8, 46).
cost(7, 9, 33).
cost(7, 10, 71).
cost(7, 11, 38).
cost(7, 12, 43).
cost(7, 13, 32).
cost(7, 14, 36).
cost(7, 15, 58).
cost(7, 16, 35).
cost(7, 17, 6).
cost(7, 18, 38).
cost(7, 19, 8).
cost(7, 20, 19).
cost(7, 21, 62).
cost(7, 22, 39).
cost(7, 23, 19).
cost(7, 24, 43).
cost(7, 25, 60).
cost(7, 26, 53).
cost(8, 1, 59).
cost(8, 2, 65).
cost(8, 3, 6).
cost(8, 4, 8).
cost(8, 5, 66).
cost(8, 6, 12).
cost(8, 7, 46).
cost(8, 9, 77).
cost(8, 10, 45).
cost(8, 11, 36).
cost(8, 12, 42).
cost(8, 13, 63).
cost(8, 14, 10).
cost(8, 15, 17).
cost(8, 16, 16).
cost(8, 17, 41).
cost(8, 18, 70).
cost(8, 19, 53).
cost(8, 20, 64).
cost(8, 21, 39).
cost(8, 22, 52).
cost(8, 23, 65).
cost(8, 24, 32).
cost(8, 25, 19).
cost(8, 26, 41).
cost(9, 1, 31).
cost(9, 2, 55).
cost(9, 3, 80).
cost(9, 4, 74).
cost(9, 5, 16).
cost(9, 6, 82).
cost(9, 7, 33).
cost(9, 8, 77).
cost(9, 10, 90).
cost(9, 11, 71).
cost(9, 12, 74).
cost(9, 13, 25).
cost(9, 14, 67).
cost(9, 15, 85).
cost(9, 16, 63).
cost(9, 17, 37).
cost(9, 18, 25).
cost(9, 19, 30).
cost(9, 20, 14).
cost(9, 21, 81).
cost(9, 22, 66).
cost(9, 23, 23).
cost(9, 24, 76).
cost(9, 25, 88).
cost(9, 26, 68).
cost(10, 1, 87).
cost(10, 2, 102).
cost(10, 3, 50).
cost(10, 4, 52).
cost(10, 5, 87).
cost(10, 6, 56).
cost(10, 7, 71).
cost(10, 8, 45).
cost(10, 9, 90).
cost(10, 11, 79).
cost(10, 12, 85).
cost(10, 13, 66).
cost(10, 14, 49).
cost(10, 15, 30).
cost(10, 16, 41).
cost(10, 17, 65).
cost(10, 18, 71).
cost(10, 19, 79).
cost(10, 20, 81).
cost(10, 21, 9).
cost(10, 22, 94).
cost(10, 23, 89).
cost(10, 24, 76).
cost(10, 25, 29).
cost(10, 26, 22).
cost(11, 1, 42).
cost(11, 2, 35).
cost(11, 3, 33).
cost(11, 4, 28).
cost(11, 5, 55).
cost(11, 6, 28).
cost(11, 7, 38).
cost(11, 8, 36).
cost(11, 9, 71).
cost(11, 10, 79).
cost(11, 12, 7).
cost(11, 13, 68).
cost(11, 14, 30).
cost(11, 15, 52).
cost(11, 16, 39).
cost(11, 17, 38).
cost(11, 18, 75).
cost(11, 19, 41).
cost(11, 20, 56).
cost(11, 21, 72).
cost(11, 22, 18).
cost(11, 23, 50).
cost(11, 24, 6).
cost(11, 25, 54).
cost(11, 26, 69).
cost(12, 1, 44).
cost(12, 2, 33).
cost(12, 3, 38).
cost(12, 4, 34).
cost(12, 5, 58).
cost(12, 6, 33).
cost(12, 7, 43).
cost(12, 8, 42).
cost(12, 9, 74).
cost(12, 10, 85).
cost(12, 11, 7).
cost(12, 13, 73).
cost(12, 14, 37).
cost(12, 15, 58).
cost(12, 16, 46).
cost(12, 17, 43).
cost(12, 18, 80).
cost(12, 19, 44).
cost(12, 20, 60).
cost(12, 21, 78).
cost(12, 22, 14).
cost(12, 23, 53).
cost(12, 24, 10).
cost(12, 25, 60).
cost(12, 26, 75).
cost(13, 1, 41).
cost(13, 2, 66).
cost(13, 3, 67).
cost(13, 4, 62).
cost(13, 5, 30).
cost(13, 6, 70).
cost(13, 7, 32).
cost(13, 8, 63).
cost(13, 9, 25).
cost(13, 10, 66).
cost(13, 11, 68).
cost(13, 12, 73).
cost(13, 14, 54).
cost(13, 15, 67).
cost(13, 16, 47).
cost(13, 17, 31).
cost(13, 18, 7).
cost(13, 19, 34).
cost(13, 20, 23).
cost(13, 21, 58).
cost(13, 22, 71).
cost(13, 23, 37).
cost(13, 24, 72).
cost(13, 25, 69).
cost(13, 26, 44).
cost(14, 1, 49).
cost(14, 2, 57).
cost(14, 3, 13).
cost(14, 4, 8).
cost(14, 5, 56).
cost(14, 6, 16).
cost(14, 7, 36).
cost(14, 8, 10).
cost(14, 9, 67).
cost(14, 10, 49).
cost(14, 11, 30).
cost(14, 12, 37).
cost(14, 13, 54).
cost(14, 15, 24).
cost(14, 16, 11).
cost(14, 17, 31).
cost(14, 18, 61).
cost(14, 19, 43).
cost(14, 20, 54).
cost(14, 21, 41).
cost(14, 22, 45).
cost(14, 23, 55).
cost(14, 24, 29).
cost(14, 25, 27).
cost(14, 26, 39).
cost(15, 1, 72).
cost(15, 2, 81).
cost(15, 3, 21).
cost(15, 4, 25).
cost(15, 5, 77).
cost(15, 6, 27).
cost(15, 7, 58).
cost(15, 8, 17).
cost(15, 9, 85).
cost(15, 10, 30).
cost(15, 11, 52).
cost(15, 12, 58).
cost(15, 13, 67).
cost(15, 14, 24).
cost(15, 16, 23).
cost(15, 17, 52).
cost(15, 18, 73).
cost(15, 19, 65).
cost(15, 20, 73).
cost(15, 21, 26).
cost(15, 22, 69).
cost(15, 23, 77).
cost(15, 24, 49).
cost(15, 25, 3).
cost(15, 26, 33).
cost(16, 1, 49).
cost(16, 2, 62).
cost(16, 3, 21).
cost(16, 4, 18).
cost(16, 5, 54).
cost(16, 6, 26).
cost(16, 7, 35).
cost(16, 8, 16).
cost(16, 9, 63).
cost(16, 10, 41).
cost(16, 11, 39).
cost(16, 12, 46).
cost(16, 13, 47).
cost(16, 14, 11).
cost(16, 15, 23).
cost(16, 17, 29).
cost(16, 18, 54).
cost(16, 19, 42).
cost(16, 20, 50).
cost(16, 21, 33).
cost(16, 22, 53).
cost(16, 23, 54).
cost(16, 24, 39).
cost(16, 25, 25).
cost(16, 26, 29).
cost(17, 1, 22).
cost(17, 2, 41).
cost(17, 3, 44).
cost(17, 4, 38).
cost(17, 5, 25).
cost(17, 6, 45).
cost(17, 7, 6).
cost(17, 8, 41).
cost(17, 9, 37).
cost(17, 10, 65).
cost(17, 11, 38).
cost(17, 12, 43).
cost(17, 13, 31).
cost(17, 14, 31).
cost(17, 15, 52).
cost(17, 16, 29).
cost(17, 18, 37).
cost(17, 19, 14).
cost(17, 20, 22).
cost(17, 21, 56).
cost(17, 22, 41).
cost(17, 23, 25).
cost(17, 24, 42).
cost(17, 25, 55).
cost(17, 26, 47).
cost(18, 1, 46).
cost(18, 2, 71).
cost(18, 3, 74).
cost(18, 4, 69).
cost(18, 5, 33).
cost(18, 6, 78).
cost(18, 7, 38).
cost(18, 8, 70).
cost(18, 9, 25).
cost(18, 10, 71).
cost(18, 11, 75).
cost(18, 12, 80).
cost(18, 13, 7).
cost(18, 14, 61).
cost(18, 15, 73).
cost(18, 16, 54).
cost(18, 17, 37).
cost(18, 19, 39).
cost(18, 20, 27).
cost(18, 21, 63).
cost(18, 22, 77).
cost(18, 23, 40).
cost(18, 24, 79).
cost(18, 25, 75).
cost(18, 26, 49).
cost(19, 1, 8).
cost(19, 2, 32).
cost(19, 3, 55).
cost(19, 4, 49).
cost(19, 5, 15).
cost(19, 6, 55).
cost(19, 7, 8).
cost(19, 8, 53).
cost(19, 9, 30).
cost(19, 10, 79).
cost(19, 11, 41).
cost(19, 12, 44).
cost(19, 13, 34).
cost(19, 14, 43).
cost(19, 15, 65).
cost(19, 16, 42).
cost(19, 17, 14).
cost(19, 18, 39).
cost(19, 20, 16).
cost(19, 21, 70).
cost(19, 22, 38).
cost(19, 23, 12).
cost(19, 24, 46).
cost(19, 25, 68).
cost(19, 26, 60).
cost(20, 1, 20).
cost(20, 2, 45).
cost(20, 3, 66).
cost(20, 4, 60).
cost(20, 5, 7).
cost(20, 6, 68).
cost(20, 7, 19).
cost(20, 8, 64).
cost(20, 9, 14).
cost(20, 10, 81).
cost(20, 11, 56).
cost(20, 12, 60).
cost(20, 13, 23).
cost(20, 14, 54).
cost(20, 15, 73).
cost(20, 16, 50).
cost(20, 17, 22).
cost(20, 18, 27).
cost(20, 19, 16).
cost(20, 21, 72).
cost(20, 22, 54).
cost(20, 23, 13).
cost(20, 24, 61).
cost(20, 25, 75).
cost(20, 26, 60).
cost(21, 1, 78).
cost(21, 2, 94).
cost(21, 3, 44).
cost(21, 4, 46).
cost(21, 5, 78).
cost(21, 6, 51).
cost(21, 7, 62).
cost(21, 8, 39).
cost(21, 9, 81).
cost(21, 10, 9).
cost(21, 11, 72).
cost(21, 12, 78).
cost(21, 13, 58).
cost(21, 14, 41).
cost(21, 15, 26).
cost(21, 16, 33).
cost(21, 17, 56).
cost(21, 18, 63).
cost(21, 19, 70).
cost(21, 20, 72).
cost(21, 22, 86).
cost(21, 23, 80).
cost(21, 24, 70).
cost(21, 25, 26).
cost(21, 26, 14).
cost(22, 1, 35).
cost(22, 2, 19).
cost(22, 3, 50).
cost(22, 4, 44).
cost(22, 5, 50).
cost(22, 6, 46).
cost(22, 7, 39).
cost(22, 8, 52).
cost(22, 9, 66).
cost(22, 10, 94).
cost(22, 11, 18).
cost(22, 12, 14).
cost(22, 13, 71).
cost(22, 14, 45).
cost(22, 15, 69).
cost(22, 16, 53).
cost(22, 17, 41).
cost(22, 18, 77).
cost(22, 19, 38).
cost(22, 20, 54).
cost(22, 21, 86).
cost(22, 23, 44).
cost(22, 24, 23).
cost(22, 25, 71).
cost(22, 26, 81).
cost(23, 1, 9).
cost(23, 2, 33).
cost(23, 3, 66).
cost(23, 4, 60).
cost(23, 5, 7).
cost(23, 6, 67).
cost(23, 7, 19).
cost(23, 8, 65).
cost(23, 9, 23).
cost(23, 10, 89).
cost(23, 11, 50).
cost(23, 12, 53).
cost(23, 13, 37).
cost(23, 14, 55).
cost(23, 15, 77).
cost(23, 16, 54).
cost(23, 17, 25).
cost(23, 18, 40).
cost(23, 19, 12).
cost(23, 20, 13).
cost(23, 21, 80).
cost(23, 22, 44).
cost(23, 24, 56).
cost(23, 25, 79).
cost(23, 26, 69).
cost(24, 1, 47).
cost(24, 2, 41).
cost(24, 3, 28).
cost(24, 4, 24).
cost(24, 5, 61).
cost(24, 6, 23).
cost(24, 7, 43).
cost(24, 8, 32).
cost(24, 9, 76).
cost(24, 10, 76).
cost(24, 11, 6).
cost(24, 12, 10).
cost(24, 13, 72).
cost(24, 14, 29).
cost(24, 15, 49).
cost(24, 16, 39).
cost(24, 17, 42).
cost(24, 18, 79).
cost(24, 19, 46).
cost(24, 20, 61).
cost(24, 21, 70).
cost(24, 22, 23).
cost(24, 23, 56).
cost(24, 25, 51).
cost(24, 26, 68).
cost(25, 1, 74).
cost(25, 2, 84).
cost(25, 3, 22).
cost(25, 4, 27).
cost(25, 5, 79).
cost(25, 6, 28).
cost(25, 7, 60).
cost(25, 8, 19).
cost(25, 9, 88).
cost(25, 10, 29).
cost(25, 11, 54).
cost(25, 12, 60).
cost(25, 13, 69).
cost(25, 14, 27).
cost(25, 15, 3).
cost(25, 16, 25).
cost(25, 17, 55).
cost(25, 18, 75).
cost(25, 19, 68).
cost(25, 20, 75).
cost(25, 21, 26).
cost(25, 22, 71).
cost(25, 23, 79).
cost(25, 24, 51).
cost(25, 26, 34).
cost(26, 1, 68).
cost(26, 2, 87).
cost(26, 3, 46).
cost(26, 4, 46).
cost(26, 5, 66).
cost(26, 6, 52).
cost(26, 7, 53).
cost(26, 8, 41).
cost(26, 9, 68).
cost(26, 10, 22).
cost(26, 11, 69).
cost(26, 12, 75).
cost(26, 13, 44).
cost(26, 14, 39).
cost(26, 15, 33).
cost(26, 16, 29).
cost(26, 17, 47).
cost(26, 18, 49).
cost(26, 19, 60).
cost(26, 20, 60).
cost(26, 21, 14).
cost(26, 22, 81).
cost(26, 23, 69).
cost(26, 24, 68).
cost(26, 25, 34).
