dimension(26).
point(1, 55.9357162456, 45.9911648691).
point(2, 3.5923772004, 71.8096313227).
point(3, 25.3435631346, 49.7522875613).
point(4, 22.8012703118, 49.9950380375).
point(5, 69.9396331798, 48.2032928925).
point(6, 21.2851476538, 31.5251336569).
point(7, 80.2402130196, 86.3077593667).
point(8, 70.2310291802, 51.6020250901).
point(9, 89.6335535614, 34.2183082194).
point(10, 7.9055322336, 84.4608869744).
point(11, 68.3213758302, 43.2745789656).
point(12, 19.8840153967, 61.9950421338).
point(13, 11.7376835151, 40.6520685758).
point(14, 88.4326760003, 5.7480230727).
point(15, 26.1788456728, 79.3432533018).
point(16, 36.4457447307, 32.4944373498).
point(17, 85.4744265411, 35.6962877138).
point(18, 60.9010498904, 12.3507729191).
point(19, 92.2531387939, 88.9409684394).
point(20, 76.7002629803, 5.2736209874).
point(21, 75.4989717274, 94.106846944).
point(22, 96.7869866143, 84.6275609279).
point(23, 30.0249078958, 67.0434078114).
point(24, 32.8808142672, 49.1403481086).
point(25, 60.7179750675, 38.6688927351).
point(26, 88.1835557389, 77.5237418422).
cost(1, 2, 58).
cost(1, 3, 31).
cost(1, 4, 33).
cost(1, 5, 14).
cost(1, 6, 38).
cost(1, 7, 47).
cost(1, 8, 15).
cost(1, 9, 36).
cost(1, 10, 62).
cost(1, 11, 13).
cost(1, 12, 39).
cost(1, 13, 45).
cost(1, 14, 52).
cost(1, 15, 45).
cost(1, 16, 24).
cost(1, 17, 31).
cost(1, 18, 34).
cost(1, 19, 56).
cost(1, 20, 46).
cost(1, 21, 52).
cost(1, 22, 56).
cost(1, 23, 33).
cost(1, 24, 23).
cost(1, 25, 9).
cost(1, 26, 45).
cost(2, 1, 58).
cost(2, 3, 31).
cost(2, 4, 29).
cost(2, 5, 70).
cost(2, 6, 44).
cost(2, 7, 78).
cost(2, 8, 70).
cost(2, 9, 94).
cost(2, 10, 13).
cost(2, 11, 71).
cost(2, 12, 19).
cost(2, 13, 32).
cost(2, 14, 108).
cost(2, 15, 24).
cost(2, 16, 51).
cost(2, 17, 89).
cost(2, 18, 83).
cost(2, 19, 90).
cost(2, 20, 99).
cost(2, 21, 75).
cost(2, 22, 94).
cost(2, 23, 27).
cost(2, 24, 37).
cost(2, 25, 66).
cost(2, 26, 85).
cost(3, 1, 31).
cost(3, 2, 31).
cost(3, 4, 3).
cost(3, 5, 45).
cost(3, 6, 19).
cost(3, 7, 66).
cost(3, 8, 45).
cost(3, 9, 66).
cost(3, 10, 39).
cost(3, 11, 43).
cost(3, 12, 13).
cost(3, 13, 16).
cost(3, 14, 77).
cost(3, 15, 30).
cost(3, 16, 21).
cost(3, 17, 62).
cost(3, 18, 52).
cost(3, 19, 78).
cost(3, 20, 68).
cost(3, 21, 67).
cost(3, 22, 80).
cost(3, 23, 18).
cost(3, 24, 8).
cost(3, 25, 37).
cost(3, 26, 69).
cost(4, 1, 33).
cost(4, 2, 29).
cost(4, 3, 3).
cost(4, 5, 47).
cost(4, 6, 19).
cost(4, 7, 68).
cost(4, 8, 47).
cost(4, 9, 69).
cost(4, 10, 38).
cost(4, 11, 46).
cost(4, 12, 12).
cost(4, 13, 14).
cost(4, 14, 79).
cost(4, 15, 30).
cost(4, 16, 22).
cost(4, 17, 64).
cost(4, 18, 54).
cost(4, 19, 80).
cost(4, 20, 70).
cost(4, 21, 69).
cost(4, 22, 82).
cost(4, 23, 19).
cost(4, 24, 10).
cost(4, 25, 40).
cost(4, 26, 71).
cost(5, 1, 14).
cost(5, 2, 70).
cost(5, 3, 45).
cost(5, 4, 47).
cost(5, 6, 51).
cost(5, 7, 39).
cost(5, 8, 3).
cost(5, 9, 24).
cost(5, 10, 72).
cost(5, 11, 5).
cost(5, 12, 52).
cost(5, 13, 59).
cost(5, 14, 46).
cost(5, 15, 54).
cost(5, 16, 37).
cost(5, 17, 20).
cost(5, 18, 37).
cost(5, 19, 46).
cost(5, 20, 43).
cost(5, 21, 46).
cost(5, 22, 45).
cost(5, 23, 44).
cost(5, 24, 37).
cost(5, 25, 13).
cost(5, 26, 35).
cost(6, 1, 38).
cost(6, 2, 44).
cost(6, 3, 19).
cost(6, 4, 19).
cost(6, 5, 51).
cost(6, 7, 80).
cost(6, 8, 53).
cost(6, 9, 68).
cost(6, 10, 55).
cost(6, 11, 48).
cost(6, 12, 31).
cost(6, 13, 13).
cost(6, 14, 72).
cost(6, 15, 48).
cost(6, 16, 15).
cost(6, 17, 64).
cost(6, 18, 44).
cost(6, 19, 91).
cost(6, 20, 61).
cost(6, 21, 83).
cost(6, 22, 92).
cost(6, 23, 37).
cost(6, 24, 21).
cost(6, 25, 40).
cost(6, 26, 81).
cost(7, 1, 47).
cost(7, 2, 78).
cost(7, 3, 66).
cost(7, 4, 68).
cost(7, 5, 39).
cost(7, 6, 80).
cost(7, 8, 36).
cost(7, 9, 53).
cost(7, 10, 72).
cost(7, 11, 45).
cost(7, 12, 65).
cost(7, 13, 82).
cost(7, 14, 81).
cost(7, 15, 55).
cost(7, 16, 69).
cost(7, 17, 51).
cost(7, 18, 76).
cost(7, 19, 12).
cost(7, 20, 81).
cost(7, 21, 9).
cost(7, 22, 17).
cost(7, 23, 54).
cost(7, 24, 60).
cost(7, 25, 51).
cost(7, 26, 12).
cost(8, 1, 15).
cost(8, 2, 70).
cost(8, 3, 45).
cost(8, 4, 47).
cost(8, 5, 3).
cost(8, 6, 53).
cost(8, 7, 36).
cost(8, 9, 26).
cost(8, 10, 70).
cost(8, 11, 9).
cost(8, 12, 51).
cost(8, 13, 60).
cost(8, 14, 49).
cost(8, 15, 52).
cost(8, 16, 39).
cost(8, 17, 22).
cost(8, 18, 40).
cost(8, 19, 43).
cost(8, 20, 47).
cost(8, 21, 43).
cost(8, 22, 42).
cost(8, 23, 43).
cost(8, 24, 37).
cost(8, 25, 16).
cost(8, 26, 32).
cost(9, 1, 36).
cost(9, 2, 94).
cost(9, 3, 66).
cost(9, 4, 69).
cost(9, 5, 24).
cost(9, 6, 68).
cost(9, 7, 53).
cost(9, 8, 26).
cost(9, 10, 96).
cost(9, 11, 23).
cost(9, 12, 75).
cost(9, 13, 78).
cost(9, 14, 28).
cost(9, 15, 78).
cost(9, 16, 53).
cost(9, 17, 4).
cost(9, 18, 36).
cost(9, 19, 55).
cost(9, 20, 32).
cost(9, 21, 62).
cost(9, 22, 51).
cost(9, 23, 68).
cost(9, 24, 59).
cost(9, 25, 29).
cost(9, 26, 43).
cost(10, 1, 62).
cost(10, 2, 13).
cost(10, 3, 39).
cost(10, 4, 38).
cost(10, 5, 72).
cost(10, 6, 55).
cost(10, 7, 72).
cost(10, 8, 70).
cost(10, 9, 96).
cost(10, 11, 73).
cost(10, 12, 25).
cost(10, 13, 44).
cost(10, 14, 113).
cost(10, 15, 19).
cost(10, 16, 59).
cost(10, 17, 92).
cost(10, 18, 89).
cost(10, 19, 84).
cost(10, 20, 105).
cost(10, 21, 68).
cost(10, 22, 89).
cost(10, 23, 28).
cost(10, 24, 43).
cost(10, 25, 70).
cost(10, 26, 81).
cost(11, 1, 13).
cost(11, 2, 71).
cost(11, 3, 43).
cost(11, 4, 46).
cost(11, 5, 5).
cost(11, 6, 48).
cost(11, 7, 45).
cost(11, 8, 9).
cost(11, 9, 23).
cost(11, 10, 73).
cost(11, 12, 52).
cost(11, 13, 57).
cost(11, 14, 43).
cost(11, 15, 55).
cost(11, 16, 34).
cost(11, 17, 19).
cost(11, 18, 32).
cost(11, 19, 52).
cost(11, 20, 39).
cost(11, 21, 51).
cost(11, 22, 50).
cost(11, 23, 45).
cost(11, 24, 36).
cost(11, 25, 9).
cost(11, 26, 40).
cost(12, 1, 39).
cost(12, 2, 19).
cost(12, 3, 13).
cost(12, 4, 12).
cost(12, 5, 52).
cost(12, 6, 31).
cost(12, 7, 65).
cost(12, 8, 51).
cost(12, 9, 75).
cost(12, 10, 25).
cost(12, 11, 52).
cost(12, 13, 23).
cost(12, 14, 89).
cost(12, 15, 18).
cost(12, 16, 34).
cost(12, 17, 71).
cost(12, 18, 64).
cost(12, 19, 77).
cost(12, 20, 80).
cost(12, 21, 64).
cost(12, 22, 80).
cost(12, 23, 11).
cost(12, 24, 18).
cost(12, 25, 47).
cost(12, 26, 70).
cost(13, 1, 45).
cost(13, 2, 32).
cost(13, 3, 16).
cost(13, 4, 14).
cost(13, 5, 59).
cost(13, 6, 13).
cost(13, 7, 82).
cost(13, 8, 60).
cost(13, 9, 78).
cost(13, 10, 44).
cost(13, 11, 57).
cost(13, 12, 23).
cost(13, 14, 84).
cost(13, 15, 41).
cost(13, 16, 26).
cost(13, 17, 74).
cost(13, 18, 57).
cost(13, 19, 94).
cost(13, 20, 74).
cost(13, 21, 83).
cost(13, 22, 96).
cost(13, 23, 32).
cost(13, 24, 23).
cost(13, 25, 49).
cost(13, 26, 85).
cost(14, 1, 52).
cost(14, 2, 108).
cost(14, 3, 77).
cost(14, 4, 79).
cost(14, 5, 46).
cost(14, 6, 72).
cost(14, 7, 81).
cost(14, 8, 49).
cost(14, 9, 28).
cost(14, 10, 113).
cost(14, 11, 43).
cost(14, 12, 89).
cost(14, 13, 84).
cost(14, 15, 96).
cost(14, 16, 58).
cost(14, 17, 30).
cost(14, 18, 28).
cost(14, 19, 83).
cost(14, 20, 12).
cost(14, 21, 89).
cost(14, 22, 79).
cost(14, 23, 85).
cost(14, 24, 70).
cost(14, 25, 43).
cost(14, 26, 72).
cost(15, 1, 45).
cost(15, 2, 24).
cost(15, 3, 30).
cost(15, 4, 30).
cost(15, 5, 54).
cost(15, 6, 48).
cost(15, 7, 55).
cost(15, 8, 52).
cost(15, 9, 78).
cost(15, 10, 19).
cost(15, 11, 55).
cost(15, 12, 18).
cost(15, 13, 41).
cost(15, 14, 96).
cost(15, 16, 48).
cost(15, 17, 74).
cost(15, 18, 75).
cost(15, 19, 67).
cost(15, 20, 90).
cost(15, 21, 51).
cost(15, 22, 71).
cost(15, 23, 13).
cost(15, 24, 31).
cost(15, 25, 53).
cost(15, 26, 62).
cost(16, 1, 24).
cost(16, 2, 51).
cost(16, 3, 21).
cost(16, 4, 22).
cost(16, 5, 37).
cost(16, 6, 15).
cost(16, 7, 69).
cost(16, 8, 39).
cost(16, 9, 53).
cost(16, 10, 59).
cost(16, 11, 34).
cost(16, 12, 34).
cost(16, 13, 26).
cost(16, 14, 58).
cost(16, 15, 48).
cost(16, 17, 49).
cost(16, 18, 32).
cost(16, 19, 79).
cost(16, 20, 49).
cost(16, 21, 73).
cost(16, 22, 80).
cost(16, 23, 35).
cost(16, 24, 17).
cost(16, 25, 25).
cost(16, 26, 69).
cost(17, 1, 31).
cost(17, 2, 89).
cost(17, 3, 62).
cost(17, 4, 64).
cost(17, 5, 20).
cost(17, 6, 64).
cost(17, 7, 51).
cost(17, 8, 22).
cost(17, 9, 4).
cost(17, 10, 92).
cost(17, 11, 19).
cost(17, 12, 71).
cost(17, 13, 74).
cost(17, 14, 30).
cost(17, 15, 74).
cost(17, 16, 49).
cost(17, 18, 34).
cost(17, 19, 54).
cost(17, 20, 32).
cost(17, 21, 59).
cost(17, 22, 50).
cost(17, 23, 64).
cost(17, 24, 54).
cost(17, 25, 25).
cost(17, 26, 42).
cost(18, 1, 34).
cost(18, 2, 83).
cost(18, 3, 52).
cost(18, 4, 54).
cost(18, 5, 37).
cost(18, 6, 44).
cost(18, 7, 76).
cost(18, 8, 40).
cost(18, 9, 36).
cost(18, 10, 89).
cost(18, 11, 32).
cost(18, 12, 64).
cost(18, 13, 57).
cost(18, 14, 28).
cost(18, 15, 75).
cost(18, 16, 32).
cost(18, 17, 34).
cost(18, 19, 83).
cost(18, 20, 17).
cost(18, 21, 83).
cost(18, 22, 81).
cost(18, 23, 63).
cost(18, 24, 46).
cost(18, 25, 26).
cost(18, 26, 71).
cost(19, 1, 56).
cost(19, 2, 90).
cost(19, 3, 78).
cost(19, 4, 80).
cost(19, 5, 46).
cost(19, 6, 91).
cost(19, 7, 12).
cost(19, 8, 43).
cost(19, 9, 55).
cost(19, 10, 84).
cost(19, 11, 52).
cost(19, 12, 77).
cost(19, 13, 94).
cost(19, 14, 83).
cost(19, 15, 67).
cost(19, 16, 79).
cost(19, 17, 54).
cost(19, 18, 83).
cost(19, 20, 85).
cost(19, 21, 18).
cost(19, 22, 6).
cost(19, 23, 66).
cost(19, 24, 71).
cost(19, 25, 59).
cost(19, 26, 12).
cost(20, 1, 46).
cost(20, 2, 99).
cost(20, 3, 68).
cost(20, 4, 70).
cost(20, 5, 43).
cost(20, 6, 61).
cost(20, 7, 81).
cost(20, 8, 47).
cost(20, 9, 32).
cost(20, 10, 105).
cost(20, 11, 39).
cost(20, 12, 80).
cost(20, 13, 74).
cost(20, 14, 12).
cost(20, 15, 90).
cost(20, 16, 49).
cost(20, 17, 32).
cost(20, 18, 17).
cost(20, 19, 85).
cost(20, 21, 89).
cost(20, 22, 82).
cost(20, 23, 77).
cost(20, 24, 62).
cost(20, 25, 37).
cost(20, 26, 73).
cost(21, 1, 52).
cost(21, 2, 75).
cost(21, 3, 67).
cost(21, 4, 69).
cost(21, 5, 46).
cost(21, 6, 83).
cost(21, 7, 9).
cost(21, 8, 43).
cost(21, 9, 62).
cost(21, 10, 68).
cost(21, 11, 51).
cost(21, 12, 64).
cost(21, 13, 83).
cost(21, 14, 89).
cost(21, 15, 51).
cost(21, 16, 73).
cost(21, 17, 59).
cost(21, 18, 83).
cost(21, 19, 18).
cost(21, 20, 89).
cost(21, 22, 23).
cost(21, 23, 53).
cost(21, 24, 62).
cost(21, 25, 57).
cost(21, 26, 21).
cost(22, 1, 56).
cost(22, 2, 94).
cost(22, 3, 80).
cost(22, 4, 82).
cost(22, 5, 45).
cost(22, 6, 92).
cost(22, 7, 17).
cost(22, 8, 42).
cost(22, 9, 51).
cost(22, 10, 89).
cost(22, 11, 50).
cost(22, 12, 80).
cost(22, 13, 96).
cost(22, 14, 79).
cost(22, 15, 71).
cost(22, 16, 80).
cost(22, 17, 50).
cost(22, 18, 81).
cost(22, 19, 6).
cost(22, 20, 82).
cost(22, 21, 23).
cost(22, 23, 69).
cost(22, 24, 73).
cost(22, 25, 58).
cost(22, 26, 11).
cost(23, 1, 33).
cost(23, 2, 27).
cost(23, 3, 18).
cost(23, 4, 19).
cost(23, 5, 44).
cost(23, 6, 37).
cost(23, 7, 54).
cost(23, 8, 43).
cost(23, 9, 68).
cost(23, 10, 28).
cost(23, 11, 45).
cost(23, 12, 11).
cost(23, 13, 32).
cost(23, 14, 85).
cost(23, 15, 13).
cost(23, 16, 35).
cost(23, 17, 64).
cost(23, 18, 63).
cost(23, 19, 66).
cost(23, 20, 77).
cost(23, 21, 53).
cost(23, 22, 69).
cost(23, 24, 18).
cost(23, 25, 42).
cost(23, 26, 59).
cost(24, 1, 23).
cost(24, 2, 37).
cost(24, 3, 8).
cost(24, 4, 10).
cost(24, 5, 37).
cost(24, 6, 21).
cost(24, 7, 60).
cost(24, 8, 37).
cost(24, 9, 59).
cost(24, 10, 43).
cost(24, 11, 36).
cost(24, 12, 18).
cost(24, 13, 23).
cost(24, 14, 70).
cost(24, 15, 31).
cost(24, 16, 17).
cost(24, 17, 54).
cost(24, 18, 46).
cost(24, 19, 71).
cost(24, 20, 62).
cost(24, 21, 62).
cost(24, 22, 73).
cost(24, 23, 18).
cost(24, 25, 30).
cost(24, 26, 62).
cost(25, 1, 9).
cost(25, 2, 66).
cost(25, 3, 37).
cost(25, 4, 40).
cost(25, 5, 13).
cost(25, 6, 40).
cost(25, 7, 51).
cost(25, 8, 16).
cost(25, 9, 29).
cost(25, 10, 70).
cost(25, 11, 9).
cost(25, 12, 47).
cost(25, 13, 49).
cost(25, 14, 43).
cost(25, 15, 53).
cost(25, 16, 25).
cost(25, 17, 25).
cost(25, 18, 26).
cost(25, 19, 59).
cost(25, 20, 37).
cost(25, 21, 57).
cost(25, 22, 58).
cost(25, 23, 42).
cost(25, 24, 30).
cost(25, 26, 48).
cost(26, 1, 45).
cost(26, 2, 85).
cost(26, 3, 69).
cost(26, 4, 71).
cost(26, 5, 35).
cost(26, 6, 81).
cost(26, 7, 12).
cost(26, 8, 32).
cost(26, 9, 43).
cost(26, 10, 81).
cost(26, 11, 40).
cost(26, 12, 70).
cost(26, 13, 85).
cost(26, 14, 72).
cost(26, 15, 62).
cost(26, 16, 69).
cost(26, 17, 42).
cost(26, 18, 71).
cost(26, 19, 12).
cost(26, 20, 73).
cost(26, 21, 21).
cost(26, 22, 11).
cost(26, 23, 59).
cost(26, 24, 62).
cost(26, 25, 48).
