dimension(26).
point(1, 10.830372001, 9.6196136181).
point(2, 72.7829108187, 34.000634401).
point(3, 53.5055254699, 92.8191277416).
point(4, 13.0587669605, 10.8074798772).
point(5, 86.5384782663, 11.8531990945).
point(6, 95.9279498916, 34.3210186639).
point(7, 25.3587075027, 73.8656180818).
point(8, 88.8974929393, 78.6104615198).
point(9, 42.5343471847, 58.3892185515).
point(10, 48.1918748423, 67.4024063399).
point(11, 52.747722297, 83.5400601747).
point(12, 30.3562727699, 46.0536601307).
point(13, 85.8401458025, 65.2254188398).
point(14, 10.4065725732, 10.1575789542).
point(15, 40.5870057921, 95.7525357303).
point(16, 82.3334707456, 33.4087264064).
point(17, 97.9077988608, 33.4491546107).
point(18, 17.2836003599, 12.5812008844).
point(19, 44.2270044186, 94.6593475756).
point(20, 22.3418640999, 72.4583150092).
point(21, 60.8294940031, 92.7573602185).
point(22, 54.1957466605, 30.2848559154).
point(23, 88.8770808332, 53.5926502644).
point(24, 26.0426694661, 75.8916478081).
point(25, 18.8710553398, 1.7154560954).
point(26, 61.0608202526, 13.4079251543).
cost(1, 2, 67).
cost(1, 3, 94).
cost(1, 4, 3).
cost(1, 5, 76).
cost(1, 6, 89).
cost(1, 7, 66).
cost(1, 8, 104).
cost(1, 9, 58).
cost(1, 10, 69).
cost(1, 11, 85).
cost(1, 12, 41).
cost(1, 13, 93).
cost(1, 14, 1).
cost(1, 15, 91).
cost(1, 16, 75).
cost(1, 17, 90).
cost(1, 18, 7).
cost(1, 19, 91).
cost(1, 20, 64).
cost(1, 21, 97).
cost(1, 22, 48).
cost(1, 23, 90).
cost(1, 24, 68).
cost(1, 25, 11).
cost(1, 26, 50).
cost(2, 1, 67).
cost(2, 3, 62).
cost(2, 4, 64).
cost(2, 5, 26).
cost(2, 6, 23).
cost(2, 7, 62).
cost(2, 8, 47).
cost(2, 9, 39).
cost(2, 10, 41).
cost(2, 11, 53).
cost(2, 12, 44).
cost(2, 13, 34).
cost(2, 14, 67).
cost(2, 15, 70).
cost(2, 16, 10).
cost(2, 17, 25).
cost(2, 18, 59).
cost(2, 19, 67).
cost(2, 20, 63).
cost(2, 21, 60).
cost(2, 22, 19).
cost(2, 23, 25).
cost(2, 24, 63).
cost(2, 25, 63).
cost(2, 26, 24).
cost(3, 1, 94).
cost(3, 2, 62).
cost(3, 4, 91).
cost(3, 5, 87).
cost(3, 6, 72).
cost(3, 7, 34).
cost(3, 8, 38).
cost(3, 9, 36).
cost(3, 10, 26).
cost(3, 11, 9).
cost(3, 12, 52).
cost(3, 13, 43).
cost(3, 14, 93).
cost(3, 15, 13).
cost(3, 16, 66).
cost(3, 17, 74).
cost(3, 18, 88).
cost(3, 19, 9).
cost(3, 20, 37).
cost(3, 21, 7).
cost(3, 22, 63).
cost(3, 23, 53).
cost(3, 24, 32).
cost(3, 25, 97).
cost(3, 26, 80).
cost(4, 1, 3).
cost(4, 2, 64).
cost(4, 3, 91).
cost(4, 5, 73).
cost(4, 6, 86).
cost(4, 7, 64).
cost(4, 8, 102).
cost(4, 9, 56).
cost(4, 10, 67).
cost(4, 11, 83).
cost(4, 12, 39).
cost(4, 13, 91).
cost(4, 14, 3).
cost(4, 15, 89).
cost(4, 16, 73).
cost(4, 17, 88).
cost(4, 18, 5).
cost(4, 19, 89).
cost(4, 20, 62).
cost(4, 21, 95).
cost(4, 22, 46).
cost(4, 23, 87).
cost(4, 24, 66).
cost(4, 25, 11).
cost(4, 26, 48).
cost(5, 1, 76).
cost(5, 2, 26).
cost(5, 3, 87).
cost(5, 4, 73).
cost(5, 6, 24).
cost(5, 7, 87).
cost(5, 8, 67).
cost(5, 9, 64).
cost(5, 10, 67).
cost(5, 11, 79).
cost(5, 12, 66).
cost(5, 13, 53).
cost(5, 14, 76).
cost(5, 15, 96).
cost(5, 16, 22).
cost(5, 17, 24).
cost(5, 18, 69).
cost(5, 19, 93).
cost(5, 20, 88).
cost(5, 21, 85).
cost(5, 22, 37).
cost(5, 23, 42).
cost(5, 24, 88).
cost(5, 25, 68).
cost(5, 26, 26).
cost(6, 1, 89).
cost(6, 2, 23).
cost(6, 3, 72).
cost(6, 4, 86).
cost(6, 5, 24).
cost(6, 7, 81).
cost(6, 8, 45).
cost(6, 9, 59).
cost(6, 10, 58).
cost(6, 11, 65).
cost(6, 12, 67).
cost(6, 13, 33).
cost(6, 14, 89).
cost(6, 15, 83).
cost(6, 16, 14).
cost(6, 17, 2).
cost(6, 18, 82).
cost(6, 19, 79).
cost(6, 20, 83).
cost(6, 21, 68).
cost(6, 22, 42).
cost(6, 23, 21).
cost(6, 24, 81).
cost(6, 25, 84).
cost(6, 26, 41).
cost(7, 1, 66).
cost(7, 2, 62).
cost(7, 3, 34).
cost(7, 4, 64).
cost(7, 5, 87).
cost(7, 6, 81).
cost(7, 8, 64).
cost(7, 9, 23).
cost(7, 10, 24).
cost(7, 11, 29).
cost(7, 12, 28).
cost(7, 13, 61).
cost(7, 14, 65).
cost(7, 15, 27).
cost(7, 16, 70).
cost(7, 17, 83).
cost(7, 18, 62).
cost(7, 19, 28).
cost(7, 20, 3).
cost(7, 21, 40).
cost(7, 22, 52).
cost(7, 23, 67).
cost(7, 24, 2).
cost(7, 25, 72).
cost(7, 26, 70).
cost(8, 1, 104).
cost(8, 2, 47).
cost(8, 3, 38).
cost(8, 4, 102).
cost(8, 5, 67).
cost(8, 6, 45).
cost(8, 7, 64).
cost(8, 9, 51).
cost(8, 10, 42).
cost(8, 11, 36).
cost(8, 12, 67).
cost(8, 13, 14).
cost(8, 14, 104).
cost(8, 15, 51).
cost(8, 16, 46).
cost(8, 17, 46).
cost(8, 18, 97).
cost(8, 19, 47).
cost(8, 20, 67).
cost(8, 21, 31).
cost(8, 22, 59).
cost(8, 23, 25).
cost(8, 24, 63).
cost(8, 25, 104).
cost(8, 26, 71).
cost(9, 1, 58).
cost(9, 2, 39).
cost(9, 3, 36).
cost(9, 4, 56).
cost(9, 5, 64).
cost(9, 6, 59).
cost(9, 7, 23).
cost(9, 8, 51).
cost(9, 10, 11).
cost(9, 11, 27).
cost(9, 12, 17).
cost(9, 13, 44).
cost(9, 14, 58).
cost(9, 15, 37).
cost(9, 16, 47).
cost(9, 17, 61).
cost(9, 18, 52).
cost(9, 19, 36).
cost(9, 20, 25).
cost(9, 21, 39).
cost(9, 22, 30).
cost(9, 23, 47).
cost(9, 24, 24).
cost(9, 25, 61).
cost(9, 26, 49).
cost(10, 1, 69).
cost(10, 2, 41).
cost(10, 3, 26).
cost(10, 4, 67).
cost(10, 5, 67).
cost(10, 6, 58).
cost(10, 7, 24).
cost(10, 8, 42).
cost(10, 9, 11).
cost(10, 11, 17).
cost(10, 12, 28).
cost(10, 13, 38).
cost(10, 14, 69).
cost(10, 15, 29).
cost(10, 16, 48).
cost(10, 17, 60).
cost(10, 18, 63).
cost(10, 19, 28).
cost(10, 20, 26).
cost(10, 21, 28).
cost(10, 22, 38).
cost(10, 23, 43).
cost(10, 24, 24).
cost(10, 25, 72).
cost(10, 26, 56).
cost(11, 1, 85).
cost(11, 2, 53).
cost(11, 3, 9).
cost(11, 4, 83).
cost(11, 5, 79).
cost(11, 6, 65).
cost(11, 7, 29).
cost(11, 8, 36).
cost(11, 9, 27).
cost(11, 10, 17).
cost(11, 12, 44).
cost(11, 13, 38).
cost(11, 14, 85).
cost(11, 15, 17).
cost(11, 16, 58).
cost(11, 17, 67).
cost(11, 18, 79).
cost(11, 19, 14).
cost(11, 20, 32).
cost(11, 21, 12).
cost(11, 22, 53).
cost(11, 23, 47).
cost(11, 24, 28).
cost(11, 25, 89).
cost(11, 26, 71).
cost(12, 1, 41).
cost(12, 2, 44).
cost(12, 3, 52).
cost(12, 4, 39).
cost(12, 5, 66).
cost(12, 6, 67).
cost(12, 7, 28).
cost(12, 8, 67).
cost(12, 9, 17).
cost(12, 10, 28).
cost(12, 11, 44).
cost(12, 13, 59).
cost(12, 14, 41).
cost(12, 15, 51).
cost(12, 16, 53).
cost(12, 17, 69).
cost(12, 18, 36).
cost(12, 19, 51).
cost(12, 20, 28).
cost(12, 21, 56).
cost(12, 22, 29).
cost(12, 23, 59).
cost(12, 24, 30).
cost(12, 25, 46).
cost(12, 26, 45).
cost(13, 1, 93).
cost(13, 2, 34).
cost(13, 3, 43).
cost(13, 4, 91).
cost(13, 5, 53).
cost(13, 6, 33).
cost(13, 7, 61).
cost(13, 8, 14).
cost(13, 9, 44).
cost(13, 10, 38).
cost(13, 11, 38).
cost(13, 12, 59).
cost(13, 14, 93).
cost(13, 15, 55).
cost(13, 16, 32).
cost(13, 17, 34).
cost(13, 18, 86).
cost(13, 19, 51).
cost(13, 20, 64).
cost(13, 21, 37).
cost(13, 22, 47).
cost(13, 23, 12).
cost(13, 24, 61).
cost(13, 25, 92).
cost(13, 26, 57).
cost(14, 1, 1).
cost(14, 2, 67).
cost(14, 3, 93).
cost(14, 4, 3).
cost(14, 5, 76).
cost(14, 6, 89).
cost(14, 7, 65).
cost(14, 8, 104).
cost(14, 9, 58).
cost(14, 10, 69).
cost(14, 11, 85).
cost(14, 12, 41).
cost(14, 13, 93).
cost(14, 15, 91).
cost(14, 16, 76).
cost(14, 17, 91).
cost(14, 18, 7).
cost(14, 19, 91).
cost(14, 20, 63).
cost(14, 21, 97).
cost(14, 22, 48).
cost(14, 23, 90).
cost(14, 24, 68).
cost(14, 25, 12).
cost(14, 26, 51).
cost(15, 1, 91).
cost(15, 2, 70).
cost(15, 3, 13).
cost(15, 4, 89).
cost(15, 5, 96).
cost(15, 6, 83).
cost(15, 7, 27).
cost(15, 8, 51).
cost(15, 9, 37).
cost(15, 10, 29).
cost(15, 11, 17).
cost(15, 12, 51).
cost(15, 13, 55).
cost(15, 14, 91).
cost(15, 16, 75).
cost(15, 17, 85).
cost(15, 18, 86).
cost(15, 19, 4).
cost(15, 20, 30).
cost(15, 21, 20).
cost(15, 22, 67).
cost(15, 23, 64).
cost(15, 24, 25).
cost(15, 25, 97).
cost(15, 26, 85).
cost(16, 1, 75).
cost(16, 2, 10).
cost(16, 3, 66).
cost(16, 4, 73).
cost(16, 5, 22).
cost(16, 6, 14).
cost(16, 7, 70).
cost(16, 8, 46).
cost(16, 9, 47).
cost(16, 10, 48).
cost(16, 11, 58).
cost(16, 12, 53).
cost(16, 13, 32).
cost(16, 14, 76).
cost(16, 15, 75).
cost(16, 17, 16).
cost(16, 18, 68).
cost(16, 19, 72).
cost(16, 20, 72).
cost(16, 21, 63).
cost(16, 22, 28).
cost(16, 23, 21).
cost(16, 24, 71).
cost(16, 25, 71).
cost(16, 26, 29).
cost(17, 1, 90).
cost(17, 2, 25).
cost(17, 3, 74).
cost(17, 4, 88).
cost(17, 5, 24).
cost(17, 6, 2).
cost(17, 7, 83).
cost(17, 8, 46).
cost(17, 9, 61).
cost(17, 10, 60).
cost(17, 11, 67).
cost(17, 12, 69).
cost(17, 13, 34).
cost(17, 14, 91).
cost(17, 15, 85).
cost(17, 16, 16).
cost(17, 18, 83).
cost(17, 19, 81).
cost(17, 20, 85).
cost(17, 21, 70).
cost(17, 22, 44).
cost(17, 23, 22).
cost(17, 24, 83).
cost(17, 25, 85).
cost(17, 26, 42).
cost(18, 1, 7).
cost(18, 2, 59).
cost(18, 3, 88).
cost(18, 4, 5).
cost(18, 5, 69).
cost(18, 6, 82).
cost(18, 7, 62).
cost(18, 8, 97).
cost(18, 9, 52).
cost(18, 10, 63).
cost(18, 11, 79).
cost(18, 12, 36).
cost(18, 13, 86).
cost(18, 14, 7).
cost(18, 15, 86).
cost(18, 16, 68).
cost(18, 17, 83).
cost(18, 19, 86).
cost(18, 20, 60).
cost(18, 21, 91).
cost(18, 22, 41).
cost(18, 23, 83).
cost(18, 24, 64).
cost(18, 25, 11).
cost(18, 26, 44).
cost(19, 1, 91).
cost(19, 2, 67).
cost(19, 3, 9).
cost(19, 4, 89).
cost(19, 5, 93).
cost(19, 6, 79).
cost(19, 7, 28).
cost(19, 8, 47).
cost(19, 9, 36).
cost(19, 10, 28).
cost(19, 11, 14).
cost(19, 12, 51).
cost(19, 13, 51).
cost(19, 14, 91).
cost(19, 15, 4).
cost(19, 16, 72).
cost(19, 17, 81).
cost(19, 18, 86).
cost(19, 20, 31).
cost(19, 21, 17).
cost(19, 22, 65).
cost(19, 23, 61).
cost(19, 24, 26).
cost(19, 25, 96).
cost(19, 26, 83).
cost(20, 1, 64).
cost(20, 2, 63).
cost(20, 3, 37).
cost(20, 4, 62).
cost(20, 5, 88).
cost(20, 6, 83).
cost(20, 7, 3).
cost(20, 8, 67).
cost(20, 9, 25).
cost(20, 10, 26).
cost(20, 11, 32).
cost(20, 12, 28).
cost(20, 13, 64).
cost(20, 14, 63).
cost(20, 15, 30).
cost(20, 16, 72).
cost(20, 17, 85).
cost(20, 18, 60).
cost(20, 19, 31).
cost(20, 21, 44).
cost(20, 22, 53).
cost(20, 23, 69).
cost(20, 24, 5).
cost(20, 25, 71).
cost(20, 26, 71).
cost(21, 1, 97).
cost(21, 2, 60).
cost(21, 3, 7).
cost(21, 4, 95).
cost(21, 5, 85).
cost(21, 6, 68).
cost(21, 7, 40).
cost(21, 8, 31).
cost(21, 9, 39).
cost(21, 10, 28).
cost(21, 11, 12).
cost(21, 12, 56).
cost(21, 13, 37).
cost(21, 14, 97).
cost(21, 15, 20).
cost(21, 16, 63).
cost(21, 17, 70).
cost(21, 18, 91).
cost(21, 19, 17).
cost(21, 20, 44).
cost(21, 22, 63).
cost(21, 23, 48).
cost(21, 24, 39).
cost(21, 25, 100).
cost(21, 26, 79).
cost(22, 1, 48).
cost(22, 2, 19).
cost(22, 3, 63).
cost(22, 4, 46).
cost(22, 5, 37).
cost(22, 6, 42).
cost(22, 7, 52).
cost(22, 8, 59).
cost(22, 9, 30).
cost(22, 10, 38).
cost(22, 11, 53).
cost(22, 12, 29).
cost(22, 13, 47).
cost(22, 14, 48).
cost(22, 15, 67).
cost(22, 16, 28).
cost(22, 17, 44).
cost(22, 18, 41).
cost(22, 19, 65).
cost(22, 20, 53).
cost(22, 21, 63).
cost(22, 23, 42).
cost(22, 24, 54).
cost(22, 25, 45).
cost(22, 26, 18).
cost(23, 1, 90).
cost(23, 2, 25).
cost(23, 3, 53).
cost(23, 4, 87).
cost(23, 5, 42).
cost(23, 6, 21).
cost(23, 7, 67).
cost(23, 8, 25).
cost(23, 9, 47).
cost(23, 10, 43).
cost(23, 11, 47).
cost(23, 12, 59).
cost(23, 13, 12).
cost(23, 14, 90).
cost(23, 15, 64).
cost(23, 16, 21).
cost(23, 17, 22).
cost(23, 18, 83).
cost(23, 19, 61).
cost(23, 20, 69).
cost(23, 21, 48).
cost(23, 22, 42).
cost(23, 24, 67).
cost(23, 25, 87).
cost(23, 26, 49).
cost(24, 1, 68).
cost(24, 2, 63).
cost(24, 3, 32).
cost(24, 4, 66).
cost(24, 5, 88).
cost(24, 6, 81).
cost(24, 7, 2).
cost(24, 8, 63).
cost(24, 9, 24).
cost(24, 10, 24).
cost(24, 11, 28).
cost(24, 12, 30).
cost(24, 13, 61).
cost(24, 14, 68).
cost(24, 15, 25).
cost(24, 16, 71).
cost(24, 17, 83).
cost(24, 18, 64).
cost(24, 19, 26).
cost(24, 20, 5).
cost(24, 21, 39).
cost(24, 22, 54).
cost(24, 23, 67).
cost(24, 25, 75).
cost(24, 26, 72).
cost(25, 1, 11).
cost(25, 2, 63).
cost(25, 3, 97).
cost(25, 4, 11).
cost(25, 5, 68).
cost(25, 6, 84).
cost(25, 7, 72).
cost(25, 8, 104).
cost(25, 9, 61).
cost(25, 10, 72).
cost(25, 11, 89).
cost(25, 12, 46).
cost(25, 13, 92).
cost(25, 14, 12).
cost(25, 15, 97).
cost(25, 16, 71).
cost(25, 17, 85).
cost(25, 18, 11).
cost(25, 19, 96).
cost(25, 20, 71).
cost(25, 21, 100).
cost(25, 22, 45).
cost(25, 23, 87).
cost(25, 24, 75).
cost(25, 26, 44).
cost(26, 1, 50).
cost(26, 2, 24).
cost(26, 3, 80).
cost(26, 4, 48).
cost(26, 5, 26).
cost(26, 6, 41).
cost(26, 7, 70).
cost(26, 8, 71).
cost(26, 9, 49).
cost(26, 10, 56).
cost(26, 11, 71).
cost(26, 12, 45).
cost(26, 13, 57).
cost(26, 14, 51).
cost(26, 15, 85).
cost(26, 16, 29).
cost(26, 17, 42).
cost(26, 18, 44).
cost(26, 19, 83).
cost(26, 20, 71).
cost(26, 21, 79).
cost(26, 22, 18).
cost(26, 23, 49).
cost(26, 24, 72).
cost(26, 25, 44).
