dimension(26).
point(1, 56.680279273, 77.4256595873).
point(2, 26.9776150162, 35.6877585538).
point(3, 23.6825800702, 82.0839436842).
point(4, 81.3847673645, 28.3384000123).
point(5, 12.877455345, 54.6529047347).
point(6, 21.9201740315, 27.4198837888).
point(7, 34.3534947981, 20.5386715538).
point(8, 23.3937515833, 91.6704314193).
point(9, 79.831903464, 33.0884986309).
point(10, 35.4117896282, 64.508117708).
point(11, 67.6592092961, 73.1525904568).
point(12, 33.5087188198, 95.4793631713).
point(13, 7.6865896308, 78.0340907249).
point(14, 55.9584492265, 51.9045799769).
point(15, 35.5672756943, 29.0644936508).
point(16, 44.3822256875, 24.1266795226).
point(17, 8.1971232592, 23.583357798).
point(18, 22.3679527149, 65.8616834359).
point(19, 41.2545551859, 26.0668483964).
point(20, 90.2558418421, 12.4906893922).
point(21, 88.05568317, 4.2365626785).
point(22, 62.6254466043, 55.4217540439).
point(23, 83.3408098612, 10.2125871802).
point(24, 19.2696557049, 86.134068018).
point(25, 41.7750574263, 33.7756063618).
point(26, 70.5099096505, 78.7467913663).
cost(1, 2, 51).
cost(1, 3, 33).
cost(1, 4, 55).
cost(1, 5, 49).
cost(1, 6, 61).
cost(1, 7, 61).
cost(1, 8, 36).
cost(1, 9, 50).
cost(1, 10, 25).
cost(1, 11, 12).
cost(1, 12, 29).
cost(1, 13, 49).
cost(1, 14, 26).
cost(1, 15, 53).
cost(1, 16, 55).
cost(1, 17, 72).
cost(1, 18, 36).
cost(1, 19, 54).
cost(1, 20, 73).
cost(1, 21, 80).
cost(1, 22, 23).
cost(1, 23, 72).
cost(1, 24, 38).
cost(1, 25, 46).
cost(1, 26, 14).
cost(2, 1, 51).
cost(2, 3, 47).
cost(2, 4, 55).
cost(2, 5, 24).
cost(2, 6, 10).
cost(2, 7, 17).
cost(2, 8, 56).
cost(2, 9, 53).
cost(2, 10, 30).
cost(2, 11, 55).
cost(2, 12, 60).
cost(2, 13, 47).
cost(2, 14, 33).
cost(2, 15, 11).
cost(2, 16, 21).
cost(2, 17, 22).
cost(2, 18, 31).
cost(2, 19, 17).
cost(2, 20, 67).
cost(2, 21, 69).
cost(2, 22, 41).
cost(2, 23, 62).
cost(2, 24, 51).
cost(2, 25, 15).
cost(2, 26, 61).
cost(3, 1, 33).
cost(3, 2, 47).
cost(3, 4, 79).
cost(3, 5, 29).
cost(3, 6, 55).
cost(3, 7, 62).
cost(3, 8, 10).
cost(3, 9, 75).
cost(3, 10, 21).
cost(3, 11, 45).
cost(3, 12, 17).
cost(3, 13, 17).
cost(3, 14, 44).
cost(3, 15, 54).
cost(3, 16, 62).
cost(3, 17, 61).
cost(3, 18, 16).
cost(3, 19, 59).
cost(3, 20, 96).
cost(3, 21, 101).
cost(3, 22, 47).
cost(3, 23, 93).
cost(3, 24, 6).
cost(3, 25, 52).
cost(3, 26, 47).
cost(4, 1, 55).
cost(4, 2, 55).
cost(4, 3, 79).
cost(4, 5, 73).
cost(4, 6, 59).
cost(4, 7, 48).
cost(4, 8, 86).
cost(4, 9, 5).
cost(4, 10, 58).
cost(4, 11, 47).
cost(4, 12, 82).
cost(4, 13, 89).
cost(4, 14, 35).
cost(4, 15, 46).
cost(4, 16, 37).
cost(4, 17, 73).
cost(4, 18, 70).
cost(4, 19, 40).
cost(4, 20, 18).
cost(4, 21, 25).
cost(4, 22, 33).
cost(4, 23, 18).
cost(4, 24, 85).
cost(4, 25, 40).
cost(4, 26, 52).
cost(5, 1, 49).
cost(5, 2, 24).
cost(5, 3, 29).
cost(5, 4, 73).
cost(5, 6, 29).
cost(5, 7, 40).
cost(5, 8, 38).
cost(5, 9, 70).
cost(5, 10, 25).
cost(5, 11, 58).
cost(5, 12, 46).
cost(5, 13, 24).
cost(5, 14, 43).
cost(5, 15, 34).
cost(5, 16, 44).
cost(5, 17, 31).
cost(5, 18, 15).
cost(5, 19, 40).
cost(5, 20, 88).
cost(5, 21, 91).
cost(5, 22, 50).
cost(5, 23, 83).
cost(5, 24, 32).
cost(5, 25, 36).
cost(5, 26, 62).
cost(6, 1, 61).
cost(6, 2, 10).
cost(6, 3, 55).
cost(6, 4, 59).
cost(6, 5, 29).
cost(6, 7, 14).
cost(6, 8, 64).
cost(6, 9, 58).
cost(6, 10, 39).
cost(6, 11, 65).
cost(6, 12, 69).
cost(6, 13, 53).
cost(6, 14, 42).
cost(6, 15, 14).
cost(6, 16, 23).
cost(6, 17, 14).
cost(6, 18, 38).
cost(6, 19, 19).
cost(6, 20, 70).
cost(6, 21, 70).
cost(6, 22, 49).
cost(6, 23, 64).
cost(6, 24, 59).
cost(6, 25, 21).
cost(6, 26, 71).
cost(7, 1, 61).
cost(7, 2, 17).
cost(7, 3, 62).
cost(7, 4, 48).
cost(7, 5, 40).
cost(7, 6, 14).
cost(7, 8, 72).
cost(7, 9, 47).
cost(7, 10, 44).
cost(7, 11, 62).
cost(7, 12, 75).
cost(7, 13, 63).
cost(7, 14, 38).
cost(7, 15, 9).
cost(7, 16, 11).
cost(7, 17, 26).
cost(7, 18, 47).
cost(7, 19, 9).
cost(7, 20, 56).
cost(7, 21, 56).
cost(7, 22, 45).
cost(7, 23, 50).
cost(7, 24, 67).
cost(7, 25, 15).
cost(7, 26, 69).
cost(8, 1, 36).
cost(8, 2, 56).
cost(8, 3, 10).
cost(8, 4, 86).
cost(8, 5, 38).
cost(8, 6, 64).
cost(8, 7, 72).
cost(8, 9, 81).
cost(8, 10, 30).
cost(8, 11, 48).
cost(8, 12, 11).
cost(8, 13, 21).
cost(8, 14, 51).
cost(8, 15, 64).
cost(8, 16, 71).
cost(8, 17, 70).
cost(8, 18, 26).
cost(8, 19, 68).
cost(8, 20, 104).
cost(8, 21, 109).
cost(8, 22, 53).
cost(8, 23, 101).
cost(8, 24, 7).
cost(8, 25, 61).
cost(8, 26, 49).
cost(9, 1, 50).
cost(9, 2, 53).
cost(9, 3, 75).
cost(9, 4, 5).
cost(9, 5, 70).
cost(9, 6, 58).
cost(9, 7, 47).
cost(9, 8, 81).
cost(9, 10, 54).
cost(9, 11, 42).
cost(9, 12, 78).
cost(9, 13, 85).
cost(9, 14, 30).
cost(9, 15, 44).
cost(9, 16, 37).
cost(9, 17, 72).
cost(9, 18, 66).
cost(9, 19, 39).
cost(9, 20, 23).
cost(9, 21, 30).
cost(9, 22, 28).
cost(9, 23, 23).
cost(9, 24, 81).
cost(9, 25, 38).
cost(9, 26, 47).
cost(10, 1, 25).
cost(10, 2, 30).
cost(10, 3, 21).
cost(10, 4, 58).
cost(10, 5, 25).
cost(10, 6, 39).
cost(10, 7, 44).
cost(10, 8, 30).
cost(10, 9, 54).
cost(10, 11, 33).
cost(10, 12, 31).
cost(10, 13, 31).
cost(10, 14, 24).
cost(10, 15, 35).
cost(10, 16, 41).
cost(10, 17, 49).
cost(10, 18, 13).
cost(10, 19, 39).
cost(10, 20, 76).
cost(10, 21, 80).
cost(10, 22, 29).
cost(10, 23, 72).
cost(10, 24, 27).
cost(10, 25, 31).
cost(10, 26, 38).
cost(11, 1, 12).
cost(11, 2, 55).
cost(11, 3, 45).
cost(11, 4, 47).
cost(11, 5, 58).
cost(11, 6, 65).
cost(11, 7, 62).
cost(11, 8, 48).
cost(11, 9, 42).
cost(11, 10, 33).
cost(11, 12, 41).
cost(11, 13, 60).
cost(11, 14, 24).
cost(11, 15, 55).
cost(11, 16, 54).
cost(11, 17, 77).
cost(11, 18, 46).
cost(11, 19, 54).
cost(11, 20, 65).
cost(11, 21, 72).
cost(11, 22, 18).
cost(11, 23, 65).
cost(11, 24, 50).
cost(11, 25, 47).
cost(11, 26, 6).
cost(12, 1, 29).
cost(12, 2, 60).
cost(12, 3, 17).
cost(12, 4, 82).
cost(12, 5, 46).
cost(12, 6, 69).
cost(12, 7, 75).
cost(12, 8, 11).
cost(12, 9, 78).
cost(12, 10, 31).
cost(12, 11, 41).
cost(12, 13, 31).
cost(12, 14, 49).
cost(12, 15, 66).
cost(12, 16, 72).
cost(12, 17, 76).
cost(12, 18, 32).
cost(12, 19, 70).
cost(12, 20, 101).
cost(12, 21, 106).
cost(12, 22, 50).
cost(12, 23, 99).
cost(12, 24, 17).
cost(12, 25, 62).
cost(12, 26, 41).
cost(13, 1, 49).
cost(13, 2, 47).
cost(13, 3, 17).
cost(13, 4, 89).
cost(13, 5, 24).
cost(13, 6, 53).
cost(13, 7, 63).
cost(13, 8, 21).
cost(13, 9, 85).
cost(13, 10, 31).
cost(13, 11, 60).
cost(13, 12, 31).
cost(13, 14, 55).
cost(13, 15, 56).
cost(13, 16, 65).
cost(13, 17, 54).
cost(13, 18, 19).
cost(13, 19, 62).
cost(13, 20, 105).
cost(13, 21, 109).
cost(13, 22, 59).
cost(13, 23, 102).
cost(13, 24, 14).
cost(13, 25, 56).
cost(13, 26, 63).
cost(14, 1, 26).
cost(14, 2, 33).
cost(14, 3, 44).
cost(14, 4, 35).
cost(14, 5, 43).
cost(14, 6, 42).
cost(14, 7, 38).
cost(14, 8, 51).
cost(14, 9, 30).
cost(14, 10, 24).
cost(14, 11, 24).
cost(14, 12, 49).
cost(14, 13, 55).
cost(14, 15, 31).
cost(14, 16, 30).
cost(14, 17, 56).
cost(14, 18, 36).
cost(14, 19, 30).
cost(14, 20, 52).
cost(14, 21, 57).
cost(14, 22, 8).
cost(14, 23, 50).
cost(14, 24, 50).
cost(14, 25, 23).
cost(14, 26, 31).
cost(15, 1, 53).
cost(15, 2, 11).
cost(15, 3, 54).
cost(15, 4, 46).
cost(15, 5, 34).
cost(15, 6, 14).
cost(15, 7, 9).
cost(15, 8, 64).
cost(15, 9, 44).
cost(15, 10, 35).
cost(15, 11, 55).
cost(15, 12, 66).
cost(15, 13, 56).
cost(15, 14, 31).
cost(15, 16, 10).
cost(15, 17, 28).
cost(15, 18, 39).
cost(15, 19, 6).
cost(15, 20, 57).
cost(15, 21, 58).
cost(15, 22, 38).
cost(15, 23, 51).
cost(15, 24, 59).
cost(15, 25, 8).
cost(15, 26, 61).
cost(16, 1, 55).
cost(16, 2, 21).
cost(16, 3, 62).
cost(16, 4, 37).
cost(16, 5, 44).
cost(16, 6, 23).
cost(16, 7, 11).
cost(16, 8, 71).
cost(16, 9, 37).
cost(16, 10, 41).
cost(16, 11, 54).
cost(16, 12, 72).
cost(16, 13, 65).
cost(16, 14, 30).
cost(16, 15, 10).
cost(16, 17, 36).
cost(16, 18, 47).
cost(16, 19, 4).
cost(16, 20, 47).
cost(16, 21, 48).
cost(16, 22, 36).
cost(16, 23, 41).
cost(16, 24, 67).
cost(16, 25, 10).
cost(16, 26, 61).
cost(17, 1, 72).
cost(17, 2, 22).
cost(17, 3, 61).
cost(17, 4, 73).
cost(17, 5, 31).
cost(17, 6, 14).
cost(17, 7, 26).
cost(17, 8, 70).
cost(17, 9, 72).
cost(17, 10, 49).
cost(17, 11, 77).
cost(17, 12, 76).
cost(17, 13, 54).
cost(17, 14, 56).
cost(17, 15, 28).
cost(17, 16, 36).
cost(17, 18, 45).
cost(17, 19, 33).
cost(17, 20, 83).
cost(17, 21, 82).
cost(17, 22, 63).
cost(17, 23, 76).
cost(17, 24, 64).
cost(17, 25, 35).
cost(17, 26, 83).
cost(18, 1, 36).
cost(18, 2, 31).
cost(18, 3, 16).
cost(18, 4, 70).
cost(18, 5, 15).
cost(18, 6, 38).
cost(18, 7, 47).
cost(18, 8, 26).
cost(18, 9, 66).
cost(18, 10, 13).
cost(18, 11, 46).
cost(18, 12, 32).
cost(18, 13, 19).
cost(18, 14, 36).
cost(18, 15, 39).
cost(18, 16, 47).
cost(18, 17, 45).
cost(18, 19, 44).
cost(18, 20, 86).
cost(18, 21, 90).
cost(18, 22, 42).
cost(18, 23, 83).
cost(18, 24, 21).
cost(18, 25, 37).
cost(18, 26, 50).
cost(19, 1, 54).
cost(19, 2, 17).
cost(19, 3, 59).
cost(19, 4, 40).
cost(19, 5, 40).
cost(19, 6, 19).
cost(19, 7, 9).
cost(19, 8, 68).
cost(19, 9, 39).
cost(19, 10, 39).
cost(19, 11, 54).
cost(19, 12, 70).
cost(19, 13, 62).
cost(19, 14, 30).
cost(19, 15, 6).
cost(19, 16, 4).
cost(19, 17, 33).
cost(19, 18, 44).
cost(19, 20, 51).
cost(19, 21, 52).
cost(19, 22, 36).
cost(19, 23, 45).
cost(19, 24, 64).
cost(19, 25, 8).
cost(19, 26, 60).
cost(20, 1, 73).
cost(20, 2, 67).
cost(20, 3, 96).
cost(20, 4, 18).
cost(20, 5, 88).
cost(20, 6, 70).
cost(20, 7, 56).
cost(20, 8, 104).
cost(20, 9, 23).
cost(20, 10, 76).
cost(20, 11, 65).
cost(20, 12, 101).
cost(20, 13, 105).
cost(20, 14, 52).
cost(20, 15, 57).
cost(20, 16, 47).
cost(20, 17, 83).
cost(20, 18, 86).
cost(20, 19, 51).
cost(20, 21, 9).
cost(20, 22, 51).
cost(20, 23, 7).
cost(20, 24, 102).
cost(20, 25, 53).
cost(20, 26, 69).
cost(21, 1, 80).
cost(21, 2, 69).
cost(21, 3, 101).
cost(21, 4, 25).
cost(21, 5, 91).
cost(21, 6, 70).
cost(21, 7, 56).
cost(21, 8, 109).
cost(21, 9, 30).
cost(21, 10, 80).
cost(21, 11, 72).
cost(21, 12, 106).
cost(21, 13, 109).
cost(21, 14, 57).
cost(21, 15, 58).
cost(21, 16, 48).
cost(21, 17, 82).
cost(21, 18, 90).
cost(21, 19, 52).
cost(21, 20, 9).
cost(21, 22, 57).
cost(21, 23, 8).
cost(21, 24, 107).
cost(21, 25, 55).
cost(21, 26, 77).
cost(22, 1, 23).
cost(22, 2, 41).
cost(22, 3, 47).
cost(22, 4, 33).
cost(22, 5, 50).
cost(22, 6, 49).
cost(22, 7, 45).
cost(22, 8, 53).
cost(22, 9, 28).
cost(22, 10, 29).
cost(22, 11, 18).
cost(22, 12, 50).
cost(22, 13, 59).
cost(22, 14, 8).
cost(22, 15, 38).
cost(22, 16, 36).
cost(22, 17, 63).
cost(22, 18, 42).
cost(22, 19, 36).
cost(22, 20, 51).
cost(22, 21, 57).
cost(22, 23, 50).
cost(22, 24, 53).
cost(22, 25, 30).
cost(22, 26, 25).
cost(23, 1, 72).
cost(23, 2, 62).
cost(23, 3, 93).
cost(23, 4, 18).
cost(23, 5, 83).
cost(23, 6, 64).
cost(23, 7, 50).
cost(23, 8, 101).
cost(23, 9, 23).
cost(23, 10, 72).
cost(23, 11, 65).
cost(23, 12, 99).
cost(23, 13, 102).
cost(23, 14, 50).
cost(23, 15, 51).
cost(23, 16, 41).
cost(23, 17, 76).
cost(23, 18, 83).
cost(23, 19, 45).
cost(23, 20, 7).
cost(23, 21, 8).
cost(23, 22, 50).
cost(23, 24, 99).
cost(23, 25, 48).
cost(23, 26, 70).
cost(24, 1, 38).
cost(24, 2, 51).
cost(24, 3, 6).
cost(24, 4, 85).
cost(24, 5, 32).
cost(24, 6, 59).
cost(24, 7, 67).
cost(24, 8, 7).
cost(24, 9, 81).
cost(24, 10, 27).
cost(24, 11, 50).
cost(24, 12, 17).
cost(24, 13, 14).
cost(24, 14, 50).
cost(24, 15, 59).
cost(24, 16, 67).
cost(24, 17, 64).
cost(24, 18, 21).
cost(24, 19, 64).
cost(24, 20, 102).
cost(24, 21, 107).
cost(24, 22, 53).
cost(24, 23, 99).
cost(24, 25, 57).
cost(24, 26, 52).
cost(25, 1, 46).
cost(25, 2, 15).
cost(25, 3, 52).
cost(25, 4, 40).
cost(25, 5, 36).
cost(25, 6, 21).
cost(25, 7, 15).
cost(25, 8, 61).
cost(25, 9, 38).
cost(25, 10, 31).
cost(25, 11, 47).
cost(25, 12, 62).
cost(25, 13, 56).
cost(25, 14, 23).
cost(25, 15, 8).
cost(25, 16, 10).
cost(25, 17, 35).
cost(25, 18, 37).
cost(25, 19, 8).
cost(25, 20, 53).
cost(25, 21, 55).
cost(25, 22, 30).
cost(25, 23, 48).
cost(25, 24, 57).
cost(25, 26, 53).
cost(26, 1, 14).
cost(26, 2, 61).
cost(26, 3, 47).
cost(26, 4, 52).
cost(26, 5, 62).
cost(26, 6, 71).
cost(26, 7, 69).
cost(26, 8, 49).
cost(26, 9, 47).
cost(26, 10, 38).
cost(26, 11, 6).
cost(26, 12, 41).
cost(26, 13, 63).
cost(26, 14, 31).
cost(26, 15, 61).
cost(26, 16, 61).
cost(26, 17, 83).
cost(26, 18, 50).
cost(26, 19, 60).
cost(26, 20, 69).
cost(26, 21, 77).
cost(26, 22, 25).
cost(26, 23, 70).
cost(26, 24, 52).
cost(26, 25, 53).
