dimension(26).
point(1, 92.0452500968, 54.8221630464).
point(2, 42.995753641, 40.5347267543).
point(3, 18.1391649371, 91.6701798003).
point(4, 12.7646272665, 27.2162555798).
point(5, 27.6484612642, 71.2012301285).
point(6, 78.0475030081, 33.7125221761).
point(7, 35.8616623965, 21.0371268448).
point(8, 87.581343261, 31.6022614307).
point(9, 18.3552873991, 30.2434985321).
point(10, 38.8729065006, 88.8086555554).
point(11, 18.7818204015, 36.9937295178).
point(12, 23.0694401506, 81.6221868099).
point(13, 73.4532577228, 74.9908639194).
point(14, 14.7353804108, 33.763059577).
point(15, 52.8420510187, 70.2871325754).
point(16, 14.4094062654, 27.6463815364).
point(17, 61.140732746, 72.8866483546).
point(18, 9.2856085719, 31.134817776).
point(19, 87.5389036643, 75.7697225398).
point(20, 37.102860273, 30.0435854467).
point(21, 56.3781476433, 17.2108682587).
point(22, 28.6934649127, 81.013991759).
point(23, 91.4020833586, 70.2601096897).
point(24, 82.157684657, 81.6619910503).
point(25, 92.5017551074, 51.9346544821).
point(26, 26.3214452689, 48.9987663431).
cost(1, 2, 51).
cost(1, 3, 83).
cost(1, 4, 84).
cost(1, 5, 66).
cost(1, 6, 25).
cost(1, 7, 66).
cost(1, 8, 24).
cost(1, 9, 78).
cost(1, 10, 63).
cost(1, 11, 75).
cost(1, 12, 74).
cost(1, 13, 27).
cost(1, 14, 80).
cost(1, 15, 42).
cost(1, 16, 82).
cost(1, 17, 36).
cost(1, 18, 86).
cost(1, 19, 21).
cost(1, 20, 60).
cost(1, 21, 52).
cost(1, 22, 69).
cost(1, 23, 15).
cost(1, 24, 29).
cost(1, 25, 3).
cost(1, 26, 66).
cost(2, 1, 51).
cost(2, 3, 57).
cost(2, 4, 33).
cost(2, 5, 34).
cost(2, 6, 36).
cost(2, 7, 21).
cost(2, 8, 45).
cost(2, 9, 27).
cost(2, 10, 48).
cost(2, 11, 24).
cost(2, 12, 46).
cost(2, 13, 46).
cost(2, 14, 29).
cost(2, 15, 31).
cost(2, 16, 31).
cost(2, 17, 37).
cost(2, 18, 35).
cost(2, 19, 57).
cost(2, 20, 12).
cost(2, 21, 27).
cost(2, 22, 43).
cost(2, 23, 57).
cost(2, 24, 57).
cost(2, 25, 51).
cost(2, 26, 19).
cost(3, 1, 83).
cost(3, 2, 57).
cost(3, 4, 65).
cost(3, 5, 23).
cost(3, 6, 83).
cost(3, 7, 73).
cost(3, 8, 92).
cost(3, 9, 61).
cost(3, 10, 21).
cost(3, 11, 55).
cost(3, 12, 11).
cost(3, 13, 58).
cost(3, 14, 58).
cost(3, 15, 41).
cost(3, 16, 64).
cost(3, 17, 47).
cost(3, 18, 61).
cost(3, 19, 71).
cost(3, 20, 64).
cost(3, 21, 84).
cost(3, 22, 15).
cost(3, 23, 76).
cost(3, 24, 65).
cost(3, 25, 84).
cost(3, 26, 43).
cost(4, 1, 84).
cost(4, 2, 33).
cost(4, 3, 65).
cost(4, 5, 46).
cost(4, 6, 66).
cost(4, 7, 24).
cost(4, 8, 75).
cost(4, 9, 6).
cost(4, 10, 67).
cost(4, 11, 11).
cost(4, 12, 55).
cost(4, 13, 77).
cost(4, 14, 7).
cost(4, 15, 59).
cost(4, 16, 2).
cost(4, 17, 67).
cost(4, 18, 5).
cost(4, 19, 89).
cost(4, 20, 25).
cost(4, 21, 45).
cost(4, 22, 56).
cost(4, 23, 90).
cost(4, 24, 88).
cost(4, 25, 83).
cost(4, 26, 26).
cost(5, 1, 66).
cost(5, 2, 34).
cost(5, 3, 23).
cost(5, 4, 46).
cost(5, 6, 63).
cost(5, 7, 51).
cost(5, 8, 72).
cost(5, 9, 42).
cost(5, 10, 21).
cost(5, 11, 35).
cost(5, 12, 11).
cost(5, 13, 46).
cost(5, 14, 40).
cost(5, 15, 25).
cost(5, 16, 46).
cost(5, 17, 34).
cost(5, 18, 44).
cost(5, 19, 60).
cost(5, 20, 42).
cost(5, 21, 61).
cost(5, 22, 10).
cost(5, 23, 64).
cost(5, 24, 56).
cost(5, 25, 68).
cost(5, 26, 22).
cost(6, 1, 25).
cost(6, 2, 36).
cost(6, 3, 83).
cost(6, 4, 66).
cost(6, 5, 63).
cost(6, 7, 44).
cost(6, 8, 10).
cost(6, 9, 60).
cost(6, 10, 68).
cost(6, 11, 59).
cost(6, 12, 73).
cost(6, 13, 42).
cost(6, 14, 63).
cost(6, 15, 44).
cost(6, 16, 64).
cost(6, 17, 43).
cost(6, 18, 69).
cost(6, 19, 43).
cost(6, 20, 41).
cost(6, 21, 27).
cost(6, 22, 68).
cost(6, 23, 39).
cost(6, 24, 48).
cost(6, 25, 23).
cost(6, 26, 54).
cost(7, 1, 66).
cost(7, 2, 21).
cost(7, 3, 73).
cost(7, 4, 24).
cost(7, 5, 51).
cost(7, 6, 44).
cost(7, 8, 53).
cost(7, 9, 20).
cost(7, 10, 68).
cost(7, 11, 23).
cost(7, 12, 62).
cost(7, 13, 66).
cost(7, 14, 25).
cost(7, 15, 52).
cost(7, 16, 22).
cost(7, 17, 58).
cost(7, 18, 28).
cost(7, 19, 75).
cost(7, 20, 9).
cost(7, 21, 21).
cost(7, 22, 60).
cost(7, 23, 74).
cost(7, 24, 76).
cost(7, 25, 65).
cost(7, 26, 30).
cost(8, 1, 24).
cost(8, 2, 45).
cost(8, 3, 92).
cost(8, 4, 75).
cost(8, 5, 72).
cost(8, 6, 10).
cost(8, 7, 53).
cost(8, 9, 69).
cost(8, 10, 75).
cost(8, 11, 69).
cost(8, 12, 82).
cost(8, 13, 46).
cost(8, 14, 73).
cost(8, 15, 52).
cost(8, 16, 73).
cost(8, 17, 49).
cost(8, 18, 78).
cost(8, 19, 44).
cost(8, 20, 51).
cost(8, 21, 34).
cost(8, 22, 77).
cost(8, 23, 39).
cost(8, 24, 50).
cost(8, 25, 21).
cost(8, 26, 64).
cost(9, 1, 78).
cost(9, 2, 27).
cost(9, 3, 61).
cost(9, 4, 6).
cost(9, 5, 42).
cost(9, 6, 60).
cost(9, 7, 20).
cost(9, 8, 69).
cost(9, 10, 62).
cost(9, 11, 7).
cost(9, 12, 52).
cost(9, 13, 71).
cost(9, 14, 5).
cost(9, 15, 53).
cost(9, 16, 5).
cost(9, 17, 60).
cost(9, 18, 9).
cost(9, 19, 83).
cost(9, 20, 19).
cost(9, 21, 40).
cost(9, 22, 52).
cost(9, 23, 83).
cost(9, 24, 82).
cost(9, 25, 77).
cost(9, 26, 20).
cost(10, 1, 63).
cost(10, 2, 48).
cost(10, 3, 21).
cost(10, 4, 67).
cost(10, 5, 21).
cost(10, 6, 68).
cost(10, 7, 68).
cost(10, 8, 75).
cost(10, 9, 62).
cost(10, 11, 56).
cost(10, 12, 17).
cost(10, 13, 37).
cost(10, 14, 60).
cost(10, 15, 23).
cost(10, 16, 66).
cost(10, 17, 27).
cost(10, 18, 65).
cost(10, 19, 50).
cost(10, 20, 59).
cost(10, 21, 74).
cost(10, 22, 13).
cost(10, 23, 56).
cost(10, 24, 44).
cost(10, 25, 65).
cost(10, 26, 42).
cost(11, 1, 75).
cost(11, 2, 24).
cost(11, 3, 55).
cost(11, 4, 11).
cost(11, 5, 35).
cost(11, 6, 59).
cost(11, 7, 23).
cost(11, 8, 69).
cost(11, 9, 7).
cost(11, 10, 56).
cost(11, 12, 45).
cost(11, 13, 67).
cost(11, 14, 5).
cost(11, 15, 48).
cost(11, 16, 10).
cost(11, 17, 56).
cost(11, 18, 11).
cost(11, 19, 79).
cost(11, 20, 20).
cost(11, 21, 42).
cost(11, 22, 45).
cost(11, 23, 80).
cost(11, 24, 78).
cost(11, 25, 75).
cost(11, 26, 14).
cost(12, 1, 74).
cost(12, 2, 46).
cost(12, 3, 11).
cost(12, 4, 55).
cost(12, 5, 11).
cost(12, 6, 73).
cost(12, 7, 62).
cost(12, 8, 82).
cost(12, 9, 52).
cost(12, 10, 17).
cost(12, 11, 45).
cost(12, 13, 51).
cost(12, 14, 49).
cost(12, 15, 32).
cost(12, 16, 55).
cost(12, 17, 39).
cost(12, 18, 52).
cost(12, 19, 65).
cost(12, 20, 53).
cost(12, 21, 73).
cost(12, 22, 6).
cost(12, 23, 69).
cost(12, 24, 59).
cost(12, 25, 76).
cost(12, 26, 33).
cost(13, 1, 27).
cost(13, 2, 46).
cost(13, 3, 58).
cost(13, 4, 77).
cost(13, 5, 46).
cost(13, 6, 42).
cost(13, 7, 66).
cost(13, 8, 46).
cost(13, 9, 71).
cost(13, 10, 37).
cost(13, 11, 67).
cost(13, 12, 51).
cost(13, 14, 72).
cost(13, 15, 21).
cost(13, 16, 76).
cost(13, 17, 12).
cost(13, 18, 78).
cost(13, 19, 14).
cost(13, 20, 58).
cost(13, 21, 60).
cost(13, 22, 45).
cost(13, 23, 19).
cost(13, 24, 11).
cost(13, 25, 30).
cost(13, 26, 54).
cost(14, 1, 80).
cost(14, 2, 29).
cost(14, 3, 58).
cost(14, 4, 7).
cost(14, 5, 40).
cost(14, 6, 63).
cost(14, 7, 25).
cost(14, 8, 73).
cost(14, 9, 5).
cost(14, 10, 60).
cost(14, 11, 5).
cost(14, 12, 49).
cost(14, 13, 72).
cost(14, 15, 53).
cost(14, 16, 6).
cost(14, 17, 61).
cost(14, 18, 6).
cost(14, 19, 84).
cost(14, 20, 23).
cost(14, 21, 45).
cost(14, 22, 49).
cost(14, 23, 85).
cost(14, 24, 83).
cost(14, 25, 80).
cost(14, 26, 19).
cost(15, 1, 42).
cost(15, 2, 31).
cost(15, 3, 41).
cost(15, 4, 59).
cost(15, 5, 25).
cost(15, 6, 44).
cost(15, 7, 52).
cost(15, 8, 52).
cost(15, 9, 53).
cost(15, 10, 23).
cost(15, 11, 48).
cost(15, 12, 32).
cost(15, 13, 21).
cost(15, 14, 53).
cost(15, 16, 57).
cost(15, 17, 9).
cost(15, 18, 59).
cost(15, 19, 35).
cost(15, 20, 43).
cost(15, 21, 53).
cost(15, 22, 26).
cost(15, 23, 39).
cost(15, 24, 31).
cost(15, 25, 44).
cost(15, 26, 34).
cost(16, 1, 82).
cost(16, 2, 31).
cost(16, 3, 64).
cost(16, 4, 2).
cost(16, 5, 46).
cost(16, 6, 64).
cost(16, 7, 22).
cost(16, 8, 73).
cost(16, 9, 5).
cost(16, 10, 66).
cost(16, 11, 10).
cost(16, 12, 55).
cost(16, 13, 76).
cost(16, 14, 6).
cost(16, 15, 57).
cost(16, 17, 65).
cost(16, 18, 6).
cost(16, 19, 88).
cost(16, 20, 23).
cost(16, 21, 43).
cost(16, 22, 55).
cost(16, 23, 88).
cost(16, 24, 87).
cost(16, 25, 82).
cost(16, 26, 24).
cost(17, 1, 36).
cost(17, 2, 37).
cost(17, 3, 47).
cost(17, 4, 67).
cost(17, 5, 34).
cost(17, 6, 43).
cost(17, 7, 58).
cost(17, 8, 49).
cost(17, 9, 60).
cost(17, 10, 27).
cost(17, 11, 56).
cost(17, 12, 39).
cost(17, 13, 12).
cost(17, 14, 61).
cost(17, 15, 9).
cost(17, 16, 65).
cost(17, 18, 67).
cost(17, 19, 27).
cost(17, 20, 49).
cost(17, 21, 56).
cost(17, 22, 33).
cost(17, 23, 30).
cost(17, 24, 23).
cost(17, 25, 38).
cost(17, 26, 42).
cost(18, 1, 86).
cost(18, 2, 35).
cost(18, 3, 61).
cost(18, 4, 5).
cost(18, 5, 44).
cost(18, 6, 69).
cost(18, 7, 28).
cost(18, 8, 78).
cost(18, 9, 9).
cost(18, 10, 65).
cost(18, 11, 11).
cost(18, 12, 52).
cost(18, 13, 78).
cost(18, 14, 6).
cost(18, 15, 59).
cost(18, 16, 6).
cost(18, 17, 67).
cost(18, 19, 90).
cost(18, 20, 28).
cost(18, 21, 49).
cost(18, 22, 54).
cost(18, 23, 91).
cost(18, 24, 89).
cost(18, 25, 86).
cost(18, 26, 25).
cost(19, 1, 21).
cost(19, 2, 57).
cost(19, 3, 71).
cost(19, 4, 89).
cost(19, 5, 60).
cost(19, 6, 43).
cost(19, 7, 75).
cost(19, 8, 44).
cost(19, 9, 83).
cost(19, 10, 50).
cost(19, 11, 79).
cost(19, 12, 65).
cost(19, 13, 14).
cost(19, 14, 84).
cost(19, 15, 35).
cost(19, 16, 88).
cost(19, 17, 27).
cost(19, 18, 90).
cost(19, 20, 68).
cost(19, 21, 66).
cost(19, 22, 59).
cost(19, 23, 7).
cost(19, 24, 8).
cost(19, 25, 24).
cost(19, 26, 67).
cost(20, 1, 60).
cost(20, 2, 12).
cost(20, 3, 64).
cost(20, 4, 25).
cost(20, 5, 42).
cost(20, 6, 41).
cost(20, 7, 9).
cost(20, 8, 51).
cost(20, 9, 19).
cost(20, 10, 59).
cost(20, 11, 20).
cost(20, 12, 53).
cost(20, 13, 58).
cost(20, 14, 23).
cost(20, 15, 43).
cost(20, 16, 23).
cost(20, 17, 49).
cost(20, 18, 28).
cost(20, 19, 68).
cost(20, 21, 23).
cost(20, 22, 52).
cost(20, 23, 68).
cost(20, 24, 69).
cost(20, 25, 60).
cost(20, 26, 22).
cost(21, 1, 52).
cost(21, 2, 27).
cost(21, 3, 84).
cost(21, 4, 45).
cost(21, 5, 61).
cost(21, 6, 27).
cost(21, 7, 21).
cost(21, 8, 34).
cost(21, 9, 40).
cost(21, 10, 74).
cost(21, 11, 42).
cost(21, 12, 73).
cost(21, 13, 60).
cost(21, 14, 45).
cost(21, 15, 53).
cost(21, 16, 43).
cost(21, 17, 56).
cost(21, 18, 49).
cost(21, 19, 66).
cost(21, 20, 23).
cost(21, 22, 70).
cost(21, 23, 64).
cost(21, 24, 69).
cost(21, 25, 50).
cost(21, 26, 44).
cost(22, 1, 69).
cost(22, 2, 43).
cost(22, 3, 15).
cost(22, 4, 56).
cost(22, 5, 10).
cost(22, 6, 68).
cost(22, 7, 60).
cost(22, 8, 77).
cost(22, 9, 52).
cost(22, 10, 13).
cost(22, 11, 45).
cost(22, 12, 6).
cost(22, 13, 45).
cost(22, 14, 49).
cost(22, 15, 26).
cost(22, 16, 55).
cost(22, 17, 33).
cost(22, 18, 54).
cost(22, 19, 59).
cost(22, 20, 52).
cost(22, 21, 70).
cost(22, 23, 64).
cost(22, 24, 53).
cost(22, 25, 70).
cost(22, 26, 32).
cost(23, 1, 15).
cost(23, 2, 57).
cost(23, 3, 76).
cost(23, 4, 90).
cost(23, 5, 64).
cost(23, 6, 39).
cost(23, 7, 74).
cost(23, 8, 39).
cost(23, 9, 83).
cost(23, 10, 56).
cost(23, 11, 80).
cost(23, 12, 69).
cost(23, 13, 19).
cost(23, 14, 85).
cost(23, 15, 39).
cost(23, 16, 88).
cost(23, 17, 30).
cost(23, 18, 91).
cost(23, 19, 7).
cost(23, 20, 68).
cost(23, 21, 64).
cost(23, 22, 64).
cost(23, 24, 15).
cost(23, 25, 18).
cost(23, 26, 68).
cost(24, 1, 29).
cost(24, 2, 57).
cost(24, 3, 65).
cost(24, 4, 88).
cost(24, 5, 56).
cost(24, 6, 48).
cost(24, 7, 76).
cost(24, 8, 50).
cost(24, 9, 82).
cost(24, 10, 44).
cost(24, 11, 78).
cost(24, 12, 59).
cost(24, 13, 11).
cost(24, 14, 83).
cost(24, 15, 31).
cost(24, 16, 87).
cost(24, 17, 23).
cost(24, 18, 89).
cost(24, 19, 8).
cost(24, 20, 69).
cost(24, 21, 69).
cost(24, 22, 53).
cost(24, 23, 15).
cost(24, 25, 31).
cost(24, 26, 65).
cost(25, 1, 3).
cost(25, 2, 51).
cost(25, 3, 84).
cost(25, 4, 83).
cost(25, 5, 68).
cost(25, 6, 23).
cost(25, 7, 65).
cost(25, 8, 21).
cost(25, 9, 77).
cost(25, 10, 65).
cost(25, 11, 75).
cost(25, 12, 76).
cost(25, 13, 30).
cost(25, 14, 80).
cost(25, 15, 44).
cost(25, 16, 82).
cost(25, 17, 38).
cost(25, 18, 86).
cost(25, 19, 24).
cost(25, 20, 60).
cost(25, 21, 50).
cost(25, 22, 70).
cost(25, 23, 18).
cost(25, 24, 31).
cost(25, 26, 66).
cost(26, 1, 66).
cost(26, 2, 19).
cost(26, 3, 43).
cost(26, 4, 26).
cost(26, 5, 22).
cost(26, 6, 54).
cost(26, 7, 30).
cost(26, 8, 64).
cost(26, 9, 20).
cost(26, 10, 42).
cost(26, 11, 14).
cost(26, 12, 33).
cost(26, 13, 54).
cost(26, 14, 19).
cost(26, 15, 34).
cost(26, 16, 24).
cost(26, 17, 42).
cost(26, 18, 25).
cost(26, 19, 67).
cost(26, 20, 22).
cost(26, 21, 44).
cost(26, 22, 32).
cost(26, 23, 68).
cost(26, 24, 65).
cost(26, 25, 66).
