dimension(26).
point(1, 25.8453695228, 50.2228538711).
point(2, 36.4651701251, 0.9882986546).
point(3, 61.8418298182, 9.6111812481).
point(4, 9.6544399231, 46.6449200593).
point(5, 10.0310439103, 52.6820028327).
point(6, 96.4847866591, 28.3256401194).
point(7, 11.8659588054, 44.056411884).
point(8, 49.4220430107, 14.5885535362).
point(9, 72.9449377738, 88.6957365008).
point(10, 19.153988617, 65.456630458).
point(11, 18.2887025961, 39.0565740189).
point(12, 59.6224349655, 5.9202286906).
point(13, 90.2831276523, 25.0369745279).
point(14, 89.9175373611, 10.8843227364).
point(15, 83.5907033027, 21.2360411763).
point(16, 71.1236218185, 18.7557154498).
point(17, 45.8758924684, 73.8865679401).
point(18, 33.1902178157, 67.102127556).
point(19, 15.1765054081, 38.3112696327).
point(20, 47.9583968493, 92.8893108928).
point(21, 22.777147674, 64.2560279482).
point(22, 73.7006034618, 0.9903614084).
point(23, 33.4771594914, 60.2558633209).
point(24, 38.1965392254, 87.9158535163).
point(25, 9.3135266145, 55.7052956262).
point(26, 47.4512231049, 77.7391510739).
cost(1, 2, 50).
cost(1, 3, 54).
cost(1, 4, 17).
cost(1, 5, 16).
cost(1, 6, 74).
cost(1, 7, 15).
cost(1, 8, 43).
cost(1, 9, 61).
cost(1, 10, 17).
cost(1, 11, 13).
cost(1, 12, 56).
cost(1, 13, 69).
cost(1, 14, 75).
cost(1, 15, 65).
cost(1, 16, 55).
cost(1, 17, 31).
cost(1, 18, 18).
cost(1, 19, 16).
cost(1, 20, 48).
cost(1, 21, 14).
cost(1, 22, 69).
cost(1, 23, 13).
cost(1, 24, 40).
cost(1, 25, 17).
cost(1, 26, 35).
cost(2, 1, 50).
cost(2, 3, 27).
cost(2, 4, 53).
cost(2, 5, 58).
cost(2, 6, 66).
cost(2, 7, 50).
cost(2, 8, 19).
cost(2, 9, 95).
cost(2, 10, 67).
cost(2, 11, 42).
cost(2, 12, 24).
cost(2, 13, 59).
cost(2, 14, 54).
cost(2, 15, 51).
cost(2, 16, 39).
cost(2, 17, 74).
cost(2, 18, 66).
cost(2, 19, 43).
cost(2, 20, 93).
cost(2, 21, 65).
cost(2, 22, 37).
cost(2, 23, 59).
cost(2, 24, 87).
cost(2, 25, 61).
cost(2, 26, 78).
cost(3, 1, 54).
cost(3, 2, 27).
cost(3, 4, 64).
cost(3, 5, 67).
cost(3, 6, 39).
cost(3, 7, 61).
cost(3, 8, 13).
cost(3, 9, 80).
cost(3, 10, 70).
cost(3, 11, 53).
cost(3, 12, 4).
cost(3, 13, 32).
cost(3, 14, 28).
cost(3, 15, 25).
cost(3, 16, 13).
cost(3, 17, 66).
cost(3, 18, 64).
cost(3, 19, 55).
cost(3, 20, 84).
cost(3, 21, 67).
cost(3, 22, 15).
cost(3, 23, 58).
cost(3, 24, 82).
cost(3, 25, 70).
cost(3, 26, 70).
cost(4, 1, 17).
cost(4, 2, 53).
cost(4, 3, 64).
cost(4, 5, 6).
cost(4, 6, 89).
cost(4, 7, 3).
cost(4, 8, 51).
cost(4, 9, 76).
cost(4, 10, 21).
cost(4, 11, 11).
cost(4, 12, 64).
cost(4, 13, 83).
cost(4, 14, 88).
cost(4, 15, 78).
cost(4, 16, 68).
cost(4, 17, 45).
cost(4, 18, 31).
cost(4, 19, 10).
cost(4, 20, 60).
cost(4, 21, 22).
cost(4, 22, 79).
cost(4, 23, 27).
cost(4, 24, 50).
cost(4, 25, 9).
cost(4, 26, 49).
cost(5, 1, 16).
cost(5, 2, 58).
cost(5, 3, 67).
cost(5, 4, 6).
cost(5, 6, 90).
cost(5, 7, 9).
cost(5, 8, 55).
cost(5, 9, 72).
cost(5, 10, 16).
cost(5, 11, 16).
cost(5, 12, 68).
cost(5, 13, 85).
cost(5, 14, 90).
cost(5, 15, 80).
cost(5, 16, 70).
cost(5, 17, 42).
cost(5, 18, 27).
cost(5, 19, 15).
cost(5, 20, 55).
cost(5, 21, 17).
cost(5, 22, 82).
cost(5, 23, 25).
cost(5, 24, 45).
cost(5, 25, 3).
cost(5, 26, 45).
cost(6, 1, 74).
cost(6, 2, 66).
cost(6, 3, 39).
cost(6, 4, 89).
cost(6, 5, 90).
cost(6, 7, 86).
cost(6, 8, 49).
cost(6, 9, 65).
cost(6, 10, 86).
cost(6, 11, 79).
cost(6, 12, 43).
cost(6, 13, 7).
cost(6, 14, 19).
cost(6, 15, 15).
cost(6, 16, 27).
cost(6, 17, 68).
cost(6, 18, 74).
cost(6, 19, 82).
cost(6, 20, 81).
cost(6, 21, 82).
cost(6, 22, 36).
cost(6, 23, 71).
cost(6, 24, 83).
cost(6, 25, 91).
cost(6, 26, 70).
cost(7, 1, 15).
cost(7, 2, 50).
cost(7, 3, 61).
cost(7, 4, 3).
cost(7, 5, 9).
cost(7, 6, 86).
cost(7, 8, 48).
cost(7, 9, 76).
cost(7, 10, 23).
cost(7, 11, 8).
cost(7, 12, 61).
cost(7, 13, 81).
cost(7, 14, 85).
cost(7, 15, 75).
cost(7, 16, 64).
cost(7, 17, 45).
cost(7, 18, 31).
cost(7, 19, 7).
cost(7, 20, 61).
cost(7, 21, 23).
cost(7, 22, 75).
cost(7, 23, 27).
cost(7, 24, 51).
cost(7, 25, 12).
cost(7, 26, 49).
cost(8, 1, 43).
cost(8, 2, 19).
cost(8, 3, 13).
cost(8, 4, 51).
cost(8, 5, 55).
cost(8, 6, 49).
cost(8, 7, 48).
cost(8, 9, 78).
cost(8, 10, 59).
cost(8, 11, 40).
cost(8, 12, 13).
cost(8, 13, 42).
cost(8, 14, 41).
cost(8, 15, 35).
cost(8, 16, 22).
cost(8, 17, 59).
cost(8, 18, 55).
cost(8, 19, 42).
cost(8, 20, 78).
cost(8, 21, 56).
cost(8, 22, 28).
cost(8, 23, 48).
cost(8, 24, 74).
cost(8, 25, 57).
cost(8, 26, 63).
cost(9, 1, 61).
cost(9, 2, 95).
cost(9, 3, 80).
cost(9, 4, 76).
cost(9, 5, 72).
cost(9, 6, 65).
cost(9, 7, 76).
cost(9, 8, 78).
cost(9, 10, 59).
cost(9, 11, 74).
cost(9, 12, 84).
cost(9, 13, 66).
cost(9, 14, 80).
cost(9, 15, 68).
cost(9, 16, 70).
cost(9, 17, 31).
cost(9, 18, 45).
cost(9, 19, 77).
cost(9, 20, 25).
cost(9, 21, 56).
cost(9, 22, 88).
cost(9, 23, 49).
cost(9, 24, 35).
cost(9, 25, 72).
cost(9, 26, 28).
cost(10, 1, 17).
cost(10, 2, 67).
cost(10, 3, 70).
cost(10, 4, 21).
cost(10, 5, 16).
cost(10, 6, 86).
cost(10, 7, 23).
cost(10, 8, 59).
cost(10, 9, 59).
cost(10, 11, 26).
cost(10, 12, 72).
cost(10, 13, 82).
cost(10, 14, 89).
cost(10, 15, 78).
cost(10, 16, 70).
cost(10, 17, 28).
cost(10, 18, 14).
cost(10, 19, 27).
cost(10, 20, 40).
cost(10, 21, 4).
cost(10, 22, 84).
cost(10, 23, 15).
cost(10, 24, 29).
cost(10, 25, 14).
cost(10, 26, 31).
cost(11, 1, 13).
cost(11, 2, 42).
cost(11, 3, 53).
cost(11, 4, 11).
cost(11, 5, 16).
cost(11, 6, 79).
cost(11, 7, 8).
cost(11, 8, 40).
cost(11, 9, 74).
cost(11, 10, 26).
cost(11, 12, 53).
cost(11, 13, 73).
cost(11, 14, 77).
cost(11, 15, 68).
cost(11, 16, 57).
cost(11, 17, 44).
cost(11, 18, 32).
cost(11, 19, 3).
cost(11, 20, 61).
cost(11, 21, 26).
cost(11, 22, 67).
cost(11, 23, 26).
cost(11, 24, 53).
cost(11, 25, 19).
cost(11, 26, 48).
cost(12, 1, 56).
cost(12, 2, 24).
cost(12, 3, 4).
cost(12, 4, 64).
cost(12, 5, 68).
cost(12, 6, 43).
cost(12, 7, 61).
cost(12, 8, 13).
cost(12, 9, 84).
cost(12, 10, 72).
cost(12, 11, 53).
cost(12, 13, 36).
cost(12, 14, 31).
cost(12, 15, 28).
cost(12, 16, 17).
cost(12, 17, 69).
cost(12, 18, 67).
cost(12, 19, 55).
cost(12, 20, 88).
cost(12, 21, 69).
cost(12, 22, 15).
cost(12, 23, 60).
cost(12, 24, 85).
cost(12, 25, 71).
cost(12, 26, 73).
cost(13, 1, 69).
cost(13, 2, 59).
cost(13, 3, 32).
cost(13, 4, 83).
cost(13, 5, 85).
cost(13, 6, 7).
cost(13, 7, 81).
cost(13, 8, 42).
cost(13, 9, 66).
cost(13, 10, 82).
cost(13, 11, 73).
cost(13, 12, 36).
cost(13, 14, 14).
cost(13, 15, 8).
cost(13, 16, 20).
cost(13, 17, 66).
cost(13, 18, 71).
cost(13, 19, 76).
cost(13, 20, 80).
cost(13, 21, 78).
cost(13, 22, 29).
cost(13, 23, 67).
cost(13, 24, 82).
cost(13, 25, 87).
cost(13, 26, 68).
cost(14, 1, 75).
cost(14, 2, 54).
cost(14, 3, 28).
cost(14, 4, 88).
cost(14, 5, 90).
cost(14, 6, 19).
cost(14, 7, 85).
cost(14, 8, 41).
cost(14, 9, 80).
cost(14, 10, 89).
cost(14, 11, 77).
cost(14, 12, 31).
cost(14, 13, 14).
cost(14, 15, 12).
cost(14, 16, 20).
cost(14, 17, 77).
cost(14, 18, 80).
cost(14, 19, 80).
cost(14, 20, 92).
cost(14, 21, 86).
cost(14, 22, 19).
cost(14, 23, 75).
cost(14, 24, 93).
cost(14, 25, 92).
cost(14, 26, 79).
cost(15, 1, 65).
cost(15, 2, 51).
cost(15, 3, 25).
cost(15, 4, 78).
cost(15, 5, 80).
cost(15, 6, 15).
cost(15, 7, 75).
cost(15, 8, 35).
cost(15, 9, 68).
cost(15, 10, 78).
cost(15, 11, 68).
cost(15, 12, 28).
cost(15, 13, 8).
cost(15, 14, 12).
cost(15, 16, 13).
cost(15, 17, 65).
cost(15, 18, 68).
cost(15, 19, 71).
cost(15, 20, 80).
cost(15, 21, 74).
cost(15, 22, 23).
cost(15, 23, 64).
cost(15, 24, 81).
cost(15, 25, 82).
cost(15, 26, 67).
cost(16, 1, 55).
cost(16, 2, 39).
cost(16, 3, 13).
cost(16, 4, 68).
cost(16, 5, 70).
cost(16, 6, 27).
cost(16, 7, 64).
cost(16, 8, 22).
cost(16, 9, 70).
cost(16, 10, 70).
cost(16, 11, 57).
cost(16, 12, 17).
cost(16, 13, 20).
cost(16, 14, 20).
cost(16, 15, 13).
cost(16, 17, 61).
cost(16, 18, 61).
cost(16, 19, 59).
cost(16, 20, 78).
cost(16, 21, 66).
cost(16, 22, 18).
cost(16, 23, 56).
cost(16, 24, 77).
cost(16, 25, 72).
cost(16, 26, 64).
cost(17, 1, 31).
cost(17, 2, 74).
cost(17, 3, 66).
cost(17, 4, 45).
cost(17, 5, 42).
cost(17, 6, 68).
cost(17, 7, 45).
cost(17, 8, 59).
cost(17, 9, 31).
cost(17, 10, 28).
cost(17, 11, 44).
cost(17, 12, 69).
cost(17, 13, 66).
cost(17, 14, 77).
cost(17, 15, 65).
cost(17, 16, 61).
cost(17, 18, 14).
cost(17, 19, 47).
cost(17, 20, 19).
cost(17, 21, 25).
cost(17, 22, 78).
cost(17, 23, 18).
cost(17, 24, 16).
cost(17, 25, 41).
cost(17, 26, 4).
cost(18, 1, 18).
cost(18, 2, 66).
cost(18, 3, 64).
cost(18, 4, 31).
cost(18, 5, 27).
cost(18, 6, 74).
cost(18, 7, 31).
cost(18, 8, 55).
cost(18, 9, 45).
cost(18, 10, 14).
cost(18, 11, 32).
cost(18, 12, 67).
cost(18, 13, 71).
cost(18, 14, 80).
cost(18, 15, 68).
cost(18, 16, 61).
cost(18, 17, 14).
cost(18, 19, 34).
cost(18, 20, 30).
cost(18, 21, 11).
cost(18, 22, 78).
cost(18, 23, 7).
cost(18, 24, 21).
cost(18, 25, 26).
cost(18, 26, 18).
cost(19, 1, 16).
cost(19, 2, 43).
cost(19, 3, 55).
cost(19, 4, 10).
cost(19, 5, 15).
cost(19, 6, 82).
cost(19, 7, 7).
cost(19, 8, 42).
cost(19, 9, 77).
cost(19, 10, 27).
cost(19, 11, 3).
cost(19, 12, 55).
cost(19, 13, 76).
cost(19, 14, 80).
cost(19, 15, 71).
cost(19, 16, 59).
cost(19, 17, 47).
cost(19, 18, 34).
cost(19, 20, 64).
cost(19, 21, 27).
cost(19, 22, 69).
cost(19, 23, 29).
cost(19, 24, 55).
cost(19, 25, 18).
cost(19, 26, 51).
cost(20, 1, 48).
cost(20, 2, 93).
cost(20, 3, 84).
cost(20, 4, 60).
cost(20, 5, 55).
cost(20, 6, 81).
cost(20, 7, 61).
cost(20, 8, 78).
cost(20, 9, 25).
cost(20, 10, 40).
cost(20, 11, 61).
cost(20, 12, 88).
cost(20, 13, 80).
cost(20, 14, 92).
cost(20, 15, 80).
cost(20, 16, 78).
cost(20, 17, 19).
cost(20, 18, 30).
cost(20, 19, 64).
cost(20, 21, 38).
cost(20, 22, 95).
cost(20, 23, 36).
cost(20, 24, 11).
cost(20, 25, 54).
cost(20, 26, 15).
cost(21, 1, 14).
cost(21, 2, 65).
cost(21, 3, 67).
cost(21, 4, 22).
cost(21, 5, 17).
cost(21, 6, 82).
cost(21, 7, 23).
cost(21, 8, 56).
cost(21, 9, 56).
cost(21, 10, 4).
cost(21, 11, 26).
cost(21, 12, 69).
cost(21, 13, 78).
cost(21, 14, 86).
cost(21, 15, 74).
cost(21, 16, 66).
cost(21, 17, 25).
cost(21, 18, 11).
cost(21, 19, 27).
cost(21, 20, 38).
cost(21, 22, 81).
cost(21, 23, 11).
cost(21, 24, 28).
cost(21, 25, 16).
cost(21, 26, 28).
cost(22, 1, 69).
cost(22, 2, 37).
cost(22, 3, 15).
cost(22, 4, 79).
cost(22, 5, 82).
cost(22, 6, 36).
cost(22, 7, 75).
cost(22, 8, 28).
cost(22, 9, 88).
cost(22, 10, 84).
cost(22, 11, 67).
cost(22, 12, 15).
cost(22, 13, 29).
cost(22, 14, 19).
cost(22, 15, 23).
cost(22, 16, 18).
cost(22, 17, 78).
cost(22, 18, 78).
cost(22, 19, 69).
cost(22, 20, 95).
cost(22, 21, 81).
cost(22, 23, 72).
cost(22, 24, 94).
cost(22, 25, 84).
cost(22, 26, 81).
cost(23, 1, 13).
cost(23, 2, 59).
cost(23, 3, 58).
cost(23, 4, 27).
cost(23, 5, 25).
cost(23, 6, 71).
cost(23, 7, 27).
cost(23, 8, 48).
cost(23, 9, 49).
cost(23, 10, 15).
cost(23, 11, 26).
cost(23, 12, 60).
cost(23, 13, 67).
cost(23, 14, 75).
cost(23, 15, 64).
cost(23, 16, 56).
cost(23, 17, 18).
cost(23, 18, 7).
cost(23, 19, 29).
cost(23, 20, 36).
cost(23, 21, 11).
cost(23, 22, 72).
cost(23, 24, 28).
cost(23, 25, 25).
cost(23, 26, 22).
cost(24, 1, 40).
cost(24, 2, 87).
cost(24, 3, 82).
cost(24, 4, 50).
cost(24, 5, 45).
cost(24, 6, 83).
cost(24, 7, 51).
cost(24, 8, 74).
cost(24, 9, 35).
cost(24, 10, 29).
cost(24, 11, 53).
cost(24, 12, 85).
cost(24, 13, 82).
cost(24, 14, 93).
cost(24, 15, 81).
cost(24, 16, 77).
cost(24, 17, 16).
cost(24, 18, 21).
cost(24, 19, 55).
cost(24, 20, 11).
cost(24, 21, 28).
cost(24, 22, 94).
cost(24, 23, 28).
cost(24, 25, 43).
cost(24, 26, 14).
cost(25, 1, 17).
cost(25, 2, 61).
cost(25, 3, 70).
cost(25, 4, 9).
cost(25, 5, 3).
cost(25, 6, 91).
cost(25, 7, 12).
cost(25, 8, 57).
cost(25, 9, 72).
cost(25, 10, 14).
cost(25, 11, 19).
cost(25, 12, 71).
cost(25, 13, 87).
cost(25, 14, 92).
cost(25, 15, 82).
cost(25, 16, 72).
cost(25, 17, 41).
cost(25, 18, 26).
cost(25, 19, 18).
cost(25, 20, 54).
cost(25, 21, 16).
cost(25, 22, 84).
cost(25, 23, 25).
cost(25, 24, 43).
cost(25, 26, 44).
cost(26, 1, 35).
cost(26, 2, 78).
cost(26, 3, 70).
cost(26, 4, 49).
cost(26, 5, 45).
cost(26, 6, 70).
cost(26, 7, 49).
cost(26, 8, 63).
cost(26, 9, 28).
cost(26, 10, 31).
cost(26, 11, 48).
cost(26, 12, 73).
cost(26, 13, 68).
cost(26, 14, 79).
cost(26, 15, 67).
cost(26, 16, 64).
cost(26, 17, 4).
cost(26, 18, 18).
cost(26, 19, 51).
cost(26, 20, 15).
cost(26, 21, 28).
cost(26, 22, 81).
cost(26, 23, 22).
cost(26, 24, 14).
cost(26, 25, 44).
