dimension(26).
point(1, 58.1894176931, 0.8554138381).
point(2, 41.084270886, 35.4417380048).
point(3, 43.4965216204, 91.7799384055).
point(4, 93.3626043052, 17.8278271557).
point(5, 14.4967105322, 52.841371919).
point(6, 84.7954448812, 50.7815475419).
point(7, 91.5681497766, 43.9067152417).
point(8, 80.2159559332, 10.7714445332).
point(9, 40.3645650702, 91.3144541563).
point(10, 3.4222183591, 66.521130383).
point(11, 18.8746583223, 81.9721938577).
point(12, 34.8823153751, 21.7406029834).
point(13, 71.7699821974, 58.3115783443).
point(14, 43.311936845, 39.6580773176).
point(15, 76.800244881, 61.4367477231).
point(16, 47.974319206, 53.8765100952).
point(17, 49.9847246637, 84.7709764873).
point(18, 98.9549525437, 31.9684971556).
point(19, 40.6749144215, 49.2823165329).
point(20, 78.1559032063, 60.4226221756).
point(21, 94.3332130298, 1.3572483443).
point(22, 11.3039518377, 55.9224130324).
point(23, 42.5705247762, 81.8253686897).
point(24, 8.3773541422, 68.0924928843).
point(25, 16.426693137, 56.2452919162).
point(26, 32.7584425346, 88.8477259024).
cost(1, 2, 39).
cost(1, 3, 92).
cost(1, 4, 39).
cost(1, 5, 68).
cost(1, 6, 57).
cost(1, 7, 54).
cost(1, 8, 24).
cost(1, 9, 92).
cost(1, 10, 86).
cost(1, 11, 90).
cost(1, 12, 31).
cost(1, 13, 59).
cost(1, 14, 42).
cost(1, 15, 63).
cost(1, 16, 54).
cost(1, 17, 84).
cost(1, 18, 51).
cost(1, 19, 51).
cost(1, 20, 63).
cost(1, 21, 36).
cost(1, 22, 72).
cost(1, 23, 82).
cost(1, 24, 84).
cost(1, 25, 69).
cost(1, 26, 92).
cost(2, 1, 39).
cost(2, 3, 56).
cost(2, 4, 55).
cost(2, 5, 32).
cost(2, 6, 46).
cost(2, 7, 51).
cost(2, 8, 46).
cost(2, 9, 56).
cost(2, 10, 49).
cost(2, 11, 52).
cost(2, 12, 15).
cost(2, 13, 38).
cost(2, 14, 5).
cost(2, 15, 44).
cost(2, 16, 20).
cost(2, 17, 50).
cost(2, 18, 58).
cost(2, 19, 14).
cost(2, 20, 45).
cost(2, 21, 63).
cost(2, 22, 36).
cost(2, 23, 46).
cost(2, 24, 46).
cost(2, 25, 32).
cost(2, 26, 54).
cost(3, 1, 92).
cost(3, 2, 56).
cost(3, 4, 89).
cost(3, 5, 49).
cost(3, 6, 58).
cost(3, 7, 68).
cost(3, 8, 89).
cost(3, 9, 3).
cost(3, 10, 47).
cost(3, 11, 27).
cost(3, 12, 71).
cost(3, 13, 44).
cost(3, 14, 52).
cost(3, 15, 45).
cost(3, 16, 38).
cost(3, 17, 10).
cost(3, 18, 82).
cost(3, 19, 43).
cost(3, 20, 47).
cost(3, 21, 104).
cost(3, 22, 48).
cost(3, 23, 10).
cost(3, 24, 42).
cost(3, 25, 45).
cost(3, 26, 11).
cost(4, 1, 39).
cost(4, 2, 55).
cost(4, 3, 89).
cost(4, 5, 86).
cost(4, 6, 34).
cost(4, 7, 26).
cost(4, 8, 15).
cost(4, 9, 91).
cost(4, 10, 102).
cost(4, 11, 98).
cost(4, 12, 59).
cost(4, 13, 46).
cost(4, 14, 55).
cost(4, 15, 47).
cost(4, 16, 58).
cost(4, 17, 80).
cost(4, 18, 15).
cost(4, 19, 61).
cost(4, 20, 45).
cost(4, 21, 16).
cost(4, 22, 90).
cost(4, 23, 82).
cost(4, 24, 99).
cost(4, 25, 86).
cost(4, 26, 93).
cost(5, 1, 68).
cost(5, 2, 32).
cost(5, 3, 49).
cost(5, 4, 86).
cost(5, 6, 70).
cost(5, 7, 78).
cost(5, 8, 78).
cost(5, 9, 46).
cost(5, 10, 18).
cost(5, 11, 29).
cost(5, 12, 37).
cost(5, 13, 58).
cost(5, 14, 32).
cost(5, 15, 63).
cost(5, 16, 33).
cost(5, 17, 48).
cost(5, 18, 87).
cost(5, 19, 26).
cost(5, 20, 64).
cost(5, 21, 95).
cost(5, 22, 4).
cost(5, 23, 40).
cost(5, 24, 16).
cost(5, 25, 4).
cost(5, 26, 40).
cost(6, 1, 57).
cost(6, 2, 46).
cost(6, 3, 58).
cost(6, 4, 34).
cost(6, 5, 70).
cost(6, 7, 10).
cost(6, 8, 40).
cost(6, 9, 60).
cost(6, 10, 83).
cost(6, 11, 73).
cost(6, 12, 58).
cost(6, 13, 15).
cost(6, 14, 43).
cost(6, 15, 13).
cost(6, 16, 37).
cost(6, 17, 49).
cost(6, 18, 24).
cost(6, 19, 44).
cost(6, 20, 12).
cost(6, 21, 50).
cost(6, 22, 74).
cost(6, 23, 52).
cost(6, 24, 78).
cost(6, 25, 69).
cost(6, 26, 64).
cost(7, 1, 54).
cost(7, 2, 51).
cost(7, 3, 68).
cost(7, 4, 26).
cost(7, 5, 78).
cost(7, 6, 10).
cost(7, 8, 35).
cost(7, 9, 70).
cost(7, 10, 91).
cost(7, 11, 82).
cost(7, 12, 61).
cost(7, 13, 24).
cost(7, 14, 48).
cost(7, 15, 23).
cost(7, 16, 45).
cost(7, 17, 58).
cost(7, 18, 14).
cost(7, 19, 51).
cost(7, 20, 21).
cost(7, 21, 43).
cost(7, 22, 81).
cost(7, 23, 62).
cost(7, 24, 87).
cost(7, 25, 76).
cost(7, 26, 74).
cost(8, 1, 24).
cost(8, 2, 46).
cost(8, 3, 89).
cost(8, 4, 15).
cost(8, 5, 78).
cost(8, 6, 40).
cost(8, 7, 35).
cost(8, 9, 90).
cost(8, 10, 95).
cost(8, 11, 94).
cost(8, 12, 47).
cost(8, 13, 48).
cost(8, 14, 47).
cost(8, 15, 51).
cost(8, 16, 54).
cost(8, 17, 80).
cost(8, 18, 28).
cost(8, 19, 55).
cost(8, 20, 50).
cost(8, 21, 17).
cost(8, 22, 82).
cost(8, 23, 80).
cost(8, 24, 92).
cost(8, 25, 78).
cost(8, 26, 91).
cost(9, 1, 92).
cost(9, 2, 56).
cost(9, 3, 3).
cost(9, 4, 91).
cost(9, 5, 46).
cost(9, 6, 60).
cost(9, 7, 70).
cost(9, 8, 90).
cost(9, 10, 44).
cost(9, 11, 23).
cost(9, 12, 70).
cost(9, 13, 46).
cost(9, 14, 52).
cost(9, 15, 47).
cost(9, 16, 38).
cost(9, 17, 12).
cost(9, 18, 83).
cost(9, 19, 42).
cost(9, 20, 49).
cost(9, 21, 105).
cost(9, 22, 46).
cost(9, 23, 10).
cost(9, 24, 40).
cost(9, 25, 42).
cost(9, 26, 8).
cost(10, 1, 86).
cost(10, 2, 49).
cost(10, 3, 47).
cost(10, 4, 102).
cost(10, 5, 18).
cost(10, 6, 83).
cost(10, 7, 91).
cost(10, 8, 95).
cost(10, 9, 44).
cost(10, 11, 22).
cost(10, 12, 55).
cost(10, 13, 69).
cost(10, 14, 48).
cost(10, 15, 74).
cost(10, 16, 46).
cost(10, 17, 50).
cost(10, 18, 102).
cost(10, 19, 41).
cost(10, 20, 75).
cost(10, 21, 112).
cost(10, 22, 13).
cost(10, 23, 42).
cost(10, 24, 5).
cost(10, 25, 17).
cost(10, 26, 37).
cost(11, 1, 90).
cost(11, 2, 52).
cost(11, 3, 27).
cost(11, 4, 98).
cost(11, 5, 29).
cost(11, 6, 73).
cost(11, 7, 82).
cost(11, 8, 94).
cost(11, 9, 23).
cost(11, 10, 22).
cost(11, 12, 62).
cost(11, 13, 58).
cost(11, 14, 49).
cost(11, 15, 61).
cost(11, 16, 40).
cost(11, 17, 31).
cost(11, 18, 94).
cost(11, 19, 39).
cost(11, 20, 63).
cost(11, 21, 110).
cost(11, 22, 27).
cost(11, 23, 24).
cost(11, 24, 17).
cost(11, 25, 26).
cost(11, 26, 15).
cost(12, 1, 31).
cost(12, 2, 15).
cost(12, 3, 71).
cost(12, 4, 59).
cost(12, 5, 37).
cost(12, 6, 58).
cost(12, 7, 61).
cost(12, 8, 47).
cost(12, 9, 70).
cost(12, 10, 55).
cost(12, 11, 62).
cost(12, 13, 52).
cost(12, 14, 20).
cost(12, 15, 58).
cost(12, 16, 35).
cost(12, 17, 65).
cost(12, 18, 65).
cost(12, 19, 28).
cost(12, 20, 58).
cost(12, 21, 63).
cost(12, 22, 42).
cost(12, 23, 61).
cost(12, 24, 53).
cost(12, 25, 39).
cost(12, 26, 67).
cost(13, 1, 59).
cost(13, 2, 38).
cost(13, 3, 44).
cost(13, 4, 46).
cost(13, 5, 58).
cost(13, 6, 15).
cost(13, 7, 24).
cost(13, 8, 48).
cost(13, 9, 46).
cost(13, 10, 69).
cost(13, 11, 58).
cost(13, 12, 52).
cost(13, 14, 34).
cost(13, 15, 6).
cost(13, 16, 24).
cost(13, 17, 34).
cost(13, 18, 38).
cost(13, 19, 32).
cost(13, 20, 7).
cost(13, 21, 61).
cost(13, 22, 61).
cost(13, 23, 37).
cost(13, 24, 64).
cost(13, 25, 55).
cost(13, 26, 50).
cost(14, 1, 42).
cost(14, 2, 5).
cost(14, 3, 52).
cost(14, 4, 55).
cost(14, 5, 32).
cost(14, 6, 43).
cost(14, 7, 48).
cost(14, 8, 47).
cost(14, 9, 52).
cost(14, 10, 48).
cost(14, 11, 49).
cost(14, 12, 20).
cost(14, 13, 34).
cost(14, 15, 40).
cost(14, 16, 15).
cost(14, 17, 46).
cost(14, 18, 56).
cost(14, 19, 10).
cost(14, 20, 41).
cost(14, 21, 64).
cost(14, 22, 36).
cost(14, 23, 42).
cost(14, 24, 45).
cost(14, 25, 32).
cost(14, 26, 50).
cost(15, 1, 63).
cost(15, 2, 44).
cost(15, 3, 45).
cost(15, 4, 47).
cost(15, 5, 63).
cost(15, 6, 13).
cost(15, 7, 23).
cost(15, 8, 51).
cost(15, 9, 47).
cost(15, 10, 74).
cost(15, 11, 61).
cost(15, 12, 58).
cost(15, 13, 6).
cost(15, 14, 40).
cost(15, 16, 30).
cost(15, 17, 36).
cost(15, 18, 37).
cost(15, 19, 38).
cost(15, 20, 2).
cost(15, 21, 63).
cost(15, 22, 66).
cost(15, 23, 40).
cost(15, 24, 69).
cost(15, 25, 61).
cost(15, 26, 52).
cost(16, 1, 54).
cost(16, 2, 20).
cost(16, 3, 38).
cost(16, 4, 58).
cost(16, 5, 33).
cost(16, 6, 37).
cost(16, 7, 45).
cost(16, 8, 54).
cost(16, 9, 38).
cost(16, 10, 46).
cost(16, 11, 40).
cost(16, 12, 35).
cost(16, 13, 24).
cost(16, 14, 15).
cost(16, 15, 30).
cost(16, 17, 31).
cost(16, 18, 55).
cost(16, 19, 9).
cost(16, 20, 31).
cost(16, 21, 70).
cost(16, 22, 37).
cost(16, 23, 28).
cost(16, 24, 42).
cost(16, 25, 32).
cost(16, 26, 38).
cost(17, 1, 84).
cost(17, 2, 50).
cost(17, 3, 10).
cost(17, 4, 80).
cost(17, 5, 48).
cost(17, 6, 49).
cost(17, 7, 58).
cost(17, 8, 80).
cost(17, 9, 12).
cost(17, 10, 50).
cost(17, 11, 31).
cost(17, 12, 65).
cost(17, 13, 34).
cost(17, 14, 46).
cost(17, 15, 36).
cost(17, 16, 31).
cost(17, 18, 72).
cost(17, 19, 37).
cost(17, 20, 37).
cost(17, 21, 94).
cost(17, 22, 48).
cost(17, 23, 8).
cost(17, 24, 45).
cost(17, 25, 44).
cost(17, 26, 18).
cost(18, 1, 51).
cost(18, 2, 58).
cost(18, 3, 82).
cost(18, 4, 15).
cost(18, 5, 87).
cost(18, 6, 24).
cost(18, 7, 14).
cost(18, 8, 28).
cost(18, 9, 83).
cost(18, 10, 102).
cost(18, 11, 94).
cost(18, 12, 65).
cost(18, 13, 38).
cost(18, 14, 56).
cost(18, 15, 37).
cost(18, 16, 55).
cost(18, 17, 72).
cost(18, 19, 61).
cost(18, 20, 35).
cost(18, 21, 31).
cost(18, 22, 91).
cost(18, 23, 75).
cost(18, 24, 98).
cost(18, 25, 86).
cost(18, 26, 87).
cost(19, 1, 51).
cost(19, 2, 14).
cost(19, 3, 43).
cost(19, 4, 61).
cost(19, 5, 26).
cost(19, 6, 44).
cost(19, 7, 51).
cost(19, 8, 55).
cost(19, 9, 42).
cost(19, 10, 41).
cost(19, 11, 39).
cost(19, 12, 28).
cost(19, 13, 32).
cost(19, 14, 10).
cost(19, 15, 38).
cost(19, 16, 9).
cost(19, 17, 37).
cost(19, 18, 61).
cost(19, 20, 39).
cost(19, 21, 72).
cost(19, 22, 30).
cost(19, 23, 33).
cost(19, 24, 37).
cost(19, 25, 25).
cost(19, 26, 40).
cost(20, 1, 63).
cost(20, 2, 45).
cost(20, 3, 47).
cost(20, 4, 45).
cost(20, 5, 64).
cost(20, 6, 12).
cost(20, 7, 21).
cost(20, 8, 50).
cost(20, 9, 49).
cost(20, 10, 75).
cost(20, 11, 63).
cost(20, 12, 58).
cost(20, 13, 7).
cost(20, 14, 41).
cost(20, 15, 2).
cost(20, 16, 31).
cost(20, 17, 37).
cost(20, 18, 35).
cost(20, 19, 39).
cost(20, 21, 61).
cost(20, 22, 67).
cost(20, 23, 42).
cost(20, 24, 70).
cost(20, 25, 62).
cost(20, 26, 54).
cost(21, 1, 36).
cost(21, 2, 63).
cost(21, 3, 104).
cost(21, 4, 16).
cost(21, 5, 95).
cost(21, 6, 50).
cost(21, 7, 43).
cost(21, 8, 17).
cost(21, 9, 105).
cost(21, 10, 112).
cost(21, 11, 110).
cost(21, 12, 63).
cost(21, 13, 61).
cost(21, 14, 64).
cost(21, 15, 63).
cost(21, 16, 70).
cost(21, 17, 94).
cost(21, 18, 31).
cost(21, 19, 72).
cost(21, 20, 61).
cost(21, 22, 99).
cost(21, 23, 96).
cost(21, 24, 109).
cost(21, 25, 95).
cost(21, 26, 107).
cost(22, 1, 72).
cost(22, 2, 36).
cost(22, 3, 48).
cost(22, 4, 90).
cost(22, 5, 4).
cost(22, 6, 74).
cost(22, 7, 81).
cost(22, 8, 82).
cost(22, 9, 46).
cost(22, 10, 13).
cost(22, 11, 27).
cost(22, 12, 42).
cost(22, 13, 61).
cost(22, 14, 36).
cost(22, 15, 66).
cost(22, 16, 37).
cost(22, 17, 48).
cost(22, 18, 91).
cost(22, 19, 30).
cost(22, 20, 67).
cost(22, 21, 99).
cost(22, 23, 41).
cost(22, 24, 13).
cost(22, 25, 5).
cost(22, 26, 39).
cost(23, 1, 82).
cost(23, 2, 46).
cost(23, 3, 10).
cost(23, 4, 82).
cost(23, 5, 40).
cost(23, 6, 52).
cost(23, 7, 62).
cost(23, 8, 80).
cost(23, 9, 10).
cost(23, 10, 42).
cost(23, 11, 24).
cost(23, 12, 61).
cost(23, 13, 37).
cost(23, 14, 42).
cost(23, 15, 40).
cost(23, 16, 28).
cost(23, 17, 8).
cost(23, 18, 75).
cost(23, 19, 33).
cost(23, 20, 42).
cost(23, 21, 96).
cost(23, 22, 41).
cost(23, 24, 37).
cost(23, 25, 37).
cost(23, 26, 12).
cost(24, 1, 84).
cost(24, 2, 46).
cost(24, 3, 42).
cost(24, 4, 99).
cost(24, 5, 16).
cost(24, 6, 78).
cost(24, 7, 87).
cost(24, 8, 92).
cost(24, 9, 40).
cost(24, 10, 5).
cost(24, 11, 17).
cost(24, 12, 53).
cost(24, 13, 64).
cost(24, 14, 45).
cost(24, 15, 69).
cost(24, 16, 42).
cost(24, 17, 45).
cost(24, 18, 98).
cost(24, 19, 37).
cost(24, 20, 70).
cost(24, 21, 109).
cost(24, 22, 13).
cost(24, 23, 37).
cost(24, 25, 14).
cost(24, 26, 32).
cost(25, 1, 69).
cost(25, 2, 32).
cost(25, 3, 45).
cost(25, 4, 86).
cost(25, 5, 4).
cost(25, 6, 69).
cost(25, 7, 76).
cost(25, 8, 78).
cost(25, 9, 42).
cost(25, 10, 17).
cost(25, 11, 26).
cost(25, 12, 39).
cost(25, 13, 55).
cost(25, 14, 32).
cost(25, 15, 61).
cost(25, 16, 32).
cost(25, 17, 44).
cost(25, 18, 86).
cost(25, 19, 25).
cost(25, 20, 62).
cost(25, 21, 95).
cost(25, 22, 5).
cost(25, 23, 37).
cost(25, 24, 14).
cost(25, 26, 36).
cost(26, 1, 92).
cost(26, 2, 54).
cost(26, 3, 11).
cost(26, 4, 93).
cost(26, 5, 40).
cost(26, 6, 64).
cost(26, 7, 74).
cost(26, 8, 91).
cost(26, 9, 8).
cost(26, 10, 37).
cost(26, 11, 15).
cost(26, 12, 67).
cost(26, 13, 50).
cost(26, 14, 50).
cost(26, 15, 52).
cost(26, 16, 38).
cost(26, 17, 18).
cost(26, 18, 87).
cost(26, 19, 40).
cost(26, 20, 54).
cost(26, 21, 107).
cost(26, 22, 39).
cost(26, 23, 12).
cost(26, 24, 32).
cost(26, 25, 36).
