dimension(26).
point(1, 44.7181866532, 9.4000626144).
point(2, 20.8316973614, 14.2096220442).
point(3, 93.4993639991, 87.7733589782).
point(4, 52.4557783199, 53.0269906571).
point(5, 36.4308555278, 54.2448633697).
point(6, 93.7549616262, 29.3131978121).
point(7, 63.7976728612, 55.0077368386).
point(8, 24.2552630353, 9.2043404194).
point(9, 55.5352340352, 54.9813337789).
point(10, 84.2541127592, 71.7896499609).
point(11, 15.2264310226, 11.3225118866).
point(12, 54.7699306535, 54.7224915606).
point(13, 44.623340973, 43.2078119447).
point(14, 71.9072510933, 78.6199212576).
point(15, 86.9996342741, 90.121391909).
point(16, 77.8902647964, 41.0418761546).
point(17, 45.4800265319, 78.8726625999).
point(18, 91.9473088653, 27.4481526106).
point(19, 24.3349914123, 44.0641163842).
point(20, 75.5693071169, 42.8033528292).
point(21, 76.5501137525, 32.6118182608).
point(22, 81.3025769524, 77.1773839983).
point(23, 36.9834040008, 72.3359687001).
point(24, 12.22371563, 3.8295311351).
point(25, 53.5353551007, 65.7043472417).
point(26, 56.7139653318, 68.7436568545).
cost(1, 2, 24).
cost(1, 3, 92).
cost(1, 4, 44).
cost(1, 5, 46).
cost(1, 6, 53).
cost(1, 7, 49).
cost(1, 8, 20).
cost(1, 9, 47).
cost(1, 10, 74).
cost(1, 11, 30).
cost(1, 12, 46).
cost(1, 13, 34).
cost(1, 14, 74).
cost(1, 15, 91).
cost(1, 16, 46).
cost(1, 17, 69).
cost(1, 18, 51).
cost(1, 19, 40).
cost(1, 20, 45).
cost(1, 21, 39).
cost(1, 22, 77).
cost(1, 23, 63).
cost(1, 24, 33).
cost(1, 25, 57).
cost(1, 26, 61).
cost(2, 1, 24).
cost(2, 3, 103).
cost(2, 4, 50).
cost(2, 5, 43).
cost(2, 6, 74).
cost(2, 7, 59).
cost(2, 8, 6).
cost(2, 9, 54).
cost(2, 10, 86).
cost(2, 11, 6).
cost(2, 12, 53).
cost(2, 13, 38).
cost(2, 14, 82).
cost(2, 15, 101).
cost(2, 16, 63).
cost(2, 17, 69).
cost(2, 18, 72).
cost(2, 19, 30).
cost(2, 20, 62).
cost(2, 21, 59).
cost(2, 22, 87).
cost(2, 23, 60).
cost(2, 24, 13).
cost(2, 25, 61).
cost(2, 26, 65).
cost(3, 1, 92).
cost(3, 2, 103).
cost(3, 4, 54).
cost(3, 5, 66).
cost(3, 6, 58).
cost(3, 7, 44).
cost(3, 8, 105).
cost(3, 9, 50).
cost(3, 10, 18).
cost(3, 11, 109).
cost(3, 12, 51).
cost(3, 13, 66).
cost(3, 14, 23).
cost(3, 15, 7).
cost(3, 16, 49).
cost(3, 17, 49).
cost(3, 18, 60).
cost(3, 19, 82).
cost(3, 20, 48).
cost(3, 21, 58).
cost(3, 22, 16).
cost(3, 23, 59).
cost(3, 24, 117).
cost(3, 25, 46).
cost(3, 26, 41).
cost(4, 1, 44).
cost(4, 2, 50).
cost(4, 3, 54).
cost(4, 5, 16).
cost(4, 6, 48).
cost(4, 7, 12).
cost(4, 8, 52).
cost(4, 9, 4).
cost(4, 10, 37).
cost(4, 11, 56).
cost(4, 12, 3).
cost(4, 13, 13).
cost(4, 14, 32).
cost(4, 15, 51).
cost(4, 16, 28).
cost(4, 17, 27).
cost(4, 18, 47).
cost(4, 19, 30).
cost(4, 20, 25).
cost(4, 21, 32).
cost(4, 22, 38).
cost(4, 23, 25).
cost(4, 24, 64).
cost(4, 25, 13).
cost(4, 26, 16).
cost(5, 1, 46).
cost(5, 2, 43).
cost(5, 3, 66).
cost(5, 4, 16).
cost(5, 6, 63).
cost(5, 7, 27).
cost(5, 8, 47).
cost(5, 9, 19).
cost(5, 10, 51).
cost(5, 11, 48).
cost(5, 12, 18).
cost(5, 13, 14).
cost(5, 14, 43).
cost(5, 15, 62).
cost(5, 16, 44).
cost(5, 17, 26).
cost(5, 18, 62).
cost(5, 19, 16).
cost(5, 20, 41).
cost(5, 21, 46).
cost(5, 22, 50).
cost(5, 23, 18).
cost(5, 24, 56).
cost(5, 25, 21).
cost(5, 26, 25).
cost(6, 1, 53).
cost(6, 2, 74).
cost(6, 3, 58).
cost(6, 4, 48).
cost(6, 5, 63).
cost(6, 7, 39).
cost(6, 8, 72).
cost(6, 9, 46).
cost(6, 10, 44).
cost(6, 11, 81).
cost(6, 12, 47).
cost(6, 13, 51).
cost(6, 14, 54).
cost(6, 15, 61).
cost(6, 16, 20).
cost(6, 17, 69).
cost(6, 18, 3).
cost(6, 19, 71).
cost(6, 20, 23).
cost(6, 21, 18).
cost(6, 22, 49).
cost(6, 23, 71).
cost(6, 24, 85).
cost(6, 25, 54).
cost(6, 26, 54).
cost(7, 1, 49).
cost(7, 2, 59).
cost(7, 3, 44).
cost(7, 4, 12).
cost(7, 5, 27).
cost(7, 6, 39).
cost(7, 8, 61).
cost(7, 9, 8).
cost(7, 10, 26).
cost(7, 11, 65).
cost(7, 12, 9).
cost(7, 13, 23).
cost(7, 14, 25).
cost(7, 15, 42).
cost(7, 16, 20).
cost(7, 17, 30).
cost(7, 18, 39).
cost(7, 19, 41).
cost(7, 20, 17).
cost(7, 21, 26).
cost(7, 22, 28).
cost(7, 23, 32).
cost(7, 24, 73).
cost(7, 25, 15).
cost(7, 26, 15).
cost(8, 1, 20).
cost(8, 2, 6).
cost(8, 3, 105).
cost(8, 4, 52).
cost(8, 5, 47).
cost(8, 6, 72).
cost(8, 7, 61).
cost(8, 9, 55).
cost(8, 10, 87).
cost(8, 11, 9).
cost(8, 12, 55).
cost(8, 13, 40).
cost(8, 14, 84).
cost(8, 15, 102).
cost(8, 16, 62).
cost(8, 17, 73).
cost(8, 18, 70).
cost(8, 19, 35).
cost(8, 20, 61).
cost(8, 21, 57).
cost(8, 22, 89).
cost(8, 23, 64).
cost(8, 24, 13).
cost(8, 25, 64).
cost(8, 26, 68).
cost(9, 1, 47).
cost(9, 2, 54).
cost(9, 3, 50).
cost(9, 4, 4).
cost(9, 5, 19).
cost(9, 6, 46).
cost(9, 7, 8).
cost(9, 8, 55).
cost(9, 10, 33).
cost(9, 11, 59).
cost(9, 12, 1).
cost(9, 13, 16).
cost(9, 14, 29).
cost(9, 15, 47).
cost(9, 16, 26).
cost(9, 17, 26).
cost(9, 18, 46).
cost(9, 19, 33).
cost(9, 20, 23).
cost(9, 21, 31).
cost(9, 22, 34).
cost(9, 23, 25).
cost(9, 24, 67).
cost(9, 25, 11).
cost(9, 26, 14).
cost(10, 1, 74).
cost(10, 2, 86).
cost(10, 3, 18).
cost(10, 4, 37).
cost(10, 5, 51).
cost(10, 6, 44).
cost(10, 7, 26).
cost(10, 8, 87).
cost(10, 9, 33).
cost(10, 11, 92).
cost(10, 12, 34).
cost(10, 13, 49).
cost(10, 14, 14).
cost(10, 15, 19).
cost(10, 16, 31).
cost(10, 17, 39).
cost(10, 18, 45).
cost(10, 19, 66).
cost(10, 20, 30).
cost(10, 21, 40).
cost(10, 22, 6).
cost(10, 23, 47).
cost(10, 24, 99).
cost(10, 25, 31).
cost(10, 26, 28).
cost(11, 1, 30).
cost(11, 2, 6).
cost(11, 3, 109).
cost(11, 4, 56).
cost(11, 5, 48).
cost(11, 6, 81).
cost(11, 7, 65).
cost(11, 8, 9).
cost(11, 9, 59).
cost(11, 10, 92).
cost(11, 12, 59).
cost(11, 13, 43).
cost(11, 14, 88).
cost(11, 15, 107).
cost(11, 16, 69).
cost(11, 17, 74).
cost(11, 18, 78).
cost(11, 19, 34).
cost(11, 20, 68).
cost(11, 21, 65).
cost(11, 22, 93).
cost(11, 23, 65).
cost(11, 24, 8).
cost(11, 25, 67).
cost(11, 26, 71).
cost(12, 1, 46).
cost(12, 2, 53).
cost(12, 3, 51).
cost(12, 4, 3).
cost(12, 5, 18).
cost(12, 6, 47).
cost(12, 7, 9).
cost(12, 8, 55).
cost(12, 9, 1).
cost(12, 10, 34).
cost(12, 11, 59).
cost(12, 13, 15).
cost(12, 14, 29).
cost(12, 15, 48).
cost(12, 16, 27).
cost(12, 17, 26).
cost(12, 18, 46).
cost(12, 19, 32).
cost(12, 20, 24).
cost(12, 21, 31).
cost(12, 22, 35).
cost(12, 23, 25).
cost(12, 24, 66).
cost(12, 25, 11).
cost(12, 26, 14).
cost(13, 1, 34).
cost(13, 2, 38).
cost(13, 3, 66).
cost(13, 4, 13).
cost(13, 5, 14).
cost(13, 6, 51).
cost(13, 7, 23).
cost(13, 8, 40).
cost(13, 9, 16).
cost(13, 10, 49).
cost(13, 11, 43).
cost(13, 12, 15).
cost(13, 14, 45).
cost(13, 15, 63).
cost(13, 16, 33).
cost(13, 17, 36).
cost(13, 18, 50).
cost(13, 19, 20).
cost(13, 20, 31).
cost(13, 21, 34).
cost(13, 22, 50).
cost(13, 23, 30).
cost(13, 24, 51).
cost(13, 25, 24).
cost(13, 26, 28).
cost(14, 1, 74).
cost(14, 2, 82).
cost(14, 3, 23).
cost(14, 4, 32).
cost(14, 5, 43).
cost(14, 6, 54).
cost(14, 7, 25).
cost(14, 8, 84).
cost(14, 9, 29).
cost(14, 10, 14).
cost(14, 11, 88).
cost(14, 12, 29).
cost(14, 13, 45).
cost(14, 15, 19).
cost(14, 16, 38).
cost(14, 17, 26).
cost(14, 18, 55).
cost(14, 19, 59).
cost(14, 20, 36).
cost(14, 21, 46).
cost(14, 22, 10).
cost(14, 23, 35).
cost(14, 24, 96).
cost(14, 25, 22).
cost(14, 26, 18).
cost(15, 1, 91).
cost(15, 2, 101).
cost(15, 3, 7).
cost(15, 4, 51).
cost(15, 5, 62).
cost(15, 6, 61).
cost(15, 7, 42).
cost(15, 8, 102).
cost(15, 9, 47).
cost(15, 10, 19).
cost(15, 11, 107).
cost(15, 12, 48).
cost(15, 13, 63).
cost(15, 14, 19).
cost(15, 16, 50).
cost(15, 17, 43).
cost(15, 18, 63).
cost(15, 19, 78).
cost(15, 20, 49).
cost(15, 21, 58).
cost(15, 22, 14).
cost(15, 23, 53).
cost(15, 24, 114).
cost(15, 25, 41).
cost(15, 26, 37).
cost(16, 1, 46).
cost(16, 2, 63).
cost(16, 3, 49).
cost(16, 4, 28).
cost(16, 5, 44).
cost(16, 6, 20).
cost(16, 7, 20).
cost(16, 8, 62).
cost(16, 9, 26).
cost(16, 10, 31).
cost(16, 11, 69).
cost(16, 12, 27).
cost(16, 13, 33).
cost(16, 14, 38).
cost(16, 15, 50).
cost(16, 17, 50).
cost(16, 18, 20).
cost(16, 19, 54).
cost(16, 20, 3).
cost(16, 21, 9).
cost(16, 22, 36).
cost(16, 23, 52).
cost(16, 24, 75).
cost(16, 25, 35).
cost(16, 26, 35).
cost(17, 1, 69).
cost(17, 2, 69).
cost(17, 3, 49).
cost(17, 4, 27).
cost(17, 5, 26).
cost(17, 6, 69).
cost(17, 7, 30).
cost(17, 8, 73).
cost(17, 9, 26).
cost(17, 10, 39).
cost(17, 11, 74).
cost(17, 12, 26).
cost(17, 13, 36).
cost(17, 14, 26).
cost(17, 15, 43).
cost(17, 16, 50).
cost(17, 18, 69).
cost(17, 19, 41).
cost(17, 20, 47).
cost(17, 21, 56).
cost(17, 22, 36).
cost(17, 23, 11).
cost(17, 24, 82).
cost(17, 25, 15).
cost(17, 26, 15).
cost(18, 1, 51).
cost(18, 2, 72).
cost(18, 3, 60).
cost(18, 4, 47).
cost(18, 5, 62).
cost(18, 6, 3).
cost(18, 7, 39).
cost(18, 8, 70).
cost(18, 9, 46).
cost(18, 10, 45).
cost(18, 11, 78).
cost(18, 12, 46).
cost(18, 13, 50).
cost(18, 14, 55).
cost(18, 15, 63).
cost(18, 16, 20).
cost(18, 17, 69).
cost(18, 19, 70).
cost(18, 20, 22).
cost(18, 21, 16).
cost(18, 22, 51).
cost(18, 23, 71).
cost(18, 24, 83).
cost(18, 25, 54).
cost(18, 26, 54).
cost(19, 1, 40).
cost(19, 2, 30).
cost(19, 3, 82).
cost(19, 4, 30).
cost(19, 5, 16).
cost(19, 6, 71).
cost(19, 7, 41).
cost(19, 8, 35).
cost(19, 9, 33).
cost(19, 10, 66).
cost(19, 11, 34).
cost(19, 12, 32).
cost(19, 13, 20).
cost(19, 14, 59).
cost(19, 15, 78).
cost(19, 16, 54).
cost(19, 17, 41).
cost(19, 18, 70).
cost(19, 20, 51).
cost(19, 21, 53).
cost(19, 22, 66).
cost(19, 23, 31).
cost(19, 24, 42).
cost(19, 25, 36).
cost(19, 26, 41).
cost(20, 1, 45).
cost(20, 2, 62).
cost(20, 3, 48).
cost(20, 4, 25).
cost(20, 5, 41).
cost(20, 6, 23).
cost(20, 7, 17).
cost(20, 8, 61).
cost(20, 9, 23).
cost(20, 10, 30).
cost(20, 11, 68).
cost(20, 12, 24).
cost(20, 13, 31).
cost(20, 14, 36).
cost(20, 15, 49).
cost(20, 16, 3).
cost(20, 17, 47).
cost(20, 18, 22).
cost(20, 19, 51).
cost(20, 21, 10).
cost(20, 22, 35).
cost(20, 23, 49).
cost(20, 24, 74).
cost(20, 25, 32).
cost(20, 26, 32).
cost(21, 1, 39).
cost(21, 2, 59).
cost(21, 3, 58).
cost(21, 4, 32).
cost(21, 5, 46).
cost(21, 6, 18).
cost(21, 7, 26).
cost(21, 8, 57).
cost(21, 9, 31).
cost(21, 10, 40).
cost(21, 11, 65).
cost(21, 12, 31).
cost(21, 13, 34).
cost(21, 14, 46).
cost(21, 15, 58).
cost(21, 16, 9).
cost(21, 17, 56).
cost(21, 18, 16).
cost(21, 19, 53).
cost(21, 20, 10).
cost(21, 22, 45).
cost(21, 23, 56).
cost(21, 24, 70).
cost(21, 25, 40).
cost(21, 26, 41).
cost(22, 1, 77).
cost(22, 2, 87).
cost(22, 3, 16).
cost(22, 4, 38).
cost(22, 5, 50).
cost(22, 6, 49).
cost(22, 7, 28).
cost(22, 8, 89).
cost(22, 9, 34).
cost(22, 10, 6).
cost(22, 11, 93).
cost(22, 12, 35).
cost(22, 13, 50).
cost(22, 14, 10).
cost(22, 15, 14).
cost(22, 16, 36).
cost(22, 17, 36).
cost(22, 18, 51).
cost(22, 19, 66).
cost(22, 20, 35).
cost(22, 21, 45).
cost(22, 23, 45).
cost(22, 24, 101).
cost(22, 25, 30).
cost(22, 26, 26).
cost(23, 1, 63).
cost(23, 2, 60).
cost(23, 3, 59).
cost(23, 4, 25).
cost(23, 5, 18).
cost(23, 6, 71).
cost(23, 7, 32).
cost(23, 8, 64).
cost(23, 9, 25).
cost(23, 10, 47).
cost(23, 11, 65).
cost(23, 12, 25).
cost(23, 13, 30).
cost(23, 14, 35).
cost(23, 15, 53).
cost(23, 16, 52).
cost(23, 17, 11).
cost(23, 18, 71).
cost(23, 19, 31).
cost(23, 20, 49).
cost(23, 21, 56).
cost(23, 22, 45).
cost(23, 24, 73).
cost(23, 25, 18).
cost(23, 26, 20).
cost(24, 1, 33).
cost(24, 2, 13).
cost(24, 3, 117).
cost(24, 4, 64).
cost(24, 5, 56).
cost(24, 6, 85).
cost(24, 7, 73).
cost(24, 8, 13).
cost(24, 9, 67).
cost(24, 10, 99).
cost(24, 11, 8).
cost(24, 12, 66).
cost(24, 13, 51).
cost(24, 14, 96).
cost(24, 15, 114).
cost(24, 16, 75).
cost(24, 17, 82).
cost(24, 18, 83).
cost(24, 19, 42).
cost(24, 20, 74).
cost(24, 21, 70).
cost(24, 22, 101).
cost(24, 23, 73).
cost(24, 25, 74).
cost(24, 26, 79).
cost(25, 1, 57).
cost(25, 2, 61).
cost(25, 3, 46).
cost(25, 4, 13).
cost(25, 5, 21).
cost(25, 6, 54).
cost(25, 7, 15).
cost(25, 8, 64).
cost(25, 9, 11).
cost(25, 10, 31).
cost(25, 11, 67).
cost(25, 12, 11).
cost(25, 13, 24).
cost(25, 14, 22).
cost(25, 15, 41).
cost(25, 16, 35).
cost(25, 17, 15).
cost(25, 18, 54).
cost(25, 19, 36).
cost(25, 20, 32).
cost(25, 21, 40).
cost(25, 22, 30).
cost(25, 23, 18).
cost(25, 24, 74).
cost(25, 26, 4).
cost(26, 1, 61).
cost(26, 2, 65).
cost(26, 3, 41).
cost(26, 4, 16).
cost(26, 5, 25).
cost(26, 6, 54).
cost(26, 7, 15).
cost(26, 8, 68).
cost(26, 9, 14).
cost(26, 10, 28).
cost(26, 11, 71).
cost(26, 12, 14).
cost(26, 13, 28).
cost(26, 14, 18).
cost(26, 15, 37).
cost(26, 16, 35).
cost(26, 17, 15).
cost(26, 18, 54).
cost(26, 19, 41).
cost(26, 20, 32).
cost(26, 21, 41).
cost(26, 22, 26).
cost(26, 23, 20).
cost(26, 24, 79).
cost(26, 25, 4).
