dimension(26).
point(1, 19.8090007729, 48.0419988733).
point(2, 42.9560814229, 55.2356676656).
point(3, 85.168542871, 73.3990917313).
point(4, 65.3621974416, 7.5514728088).
point(5, 86.3045450108, 80.0669130085).
point(6, 54.6973440171, 15.0531787134).
point(7, 83.1232364756, 88.1964044638).
point(8, 32.3217656166, 62.8960733475).
point(9, 28.7328151938, 79.8290298362).
point(10, 45.7895882309, 17.5769662699).
point(11, 89.9084374328, 31.7621750236).
point(12, 12.6737066508, 53.5783666303).
point(13, 29.1018189832, 75.9405292636).
point(14, 83.0681227284, 64.7462601859).
point(15, 85.7339571905, 9.6967441339).
point(16, 68.2493782304, 89.6636762125).
point(17, 31.3745027346, 46.9233425366).
point(18, 61.3206345468, 36.8678165671).
point(19, 86.3211537332, 33.1772974807).
point(20, 61.9320189001, 20.2511109507).
point(21, 29.277346685, 46.0473306534).
point(22, 44.0906816313, 22.8545347824).
point(23, 34.9386659491, 68.7670953559).
point(24, 46.6108803494, 63.516098705).
point(25, 79.0605913553, 15.2604200207).
point(26, 67.9752636929, 14.573877183).
cost(1, 2, 24).
cost(1, 3, 70).
cost(1, 4, 61).
cost(1, 5, 74).
cost(1, 6, 48).
cost(1, 7, 75).
cost(1, 8, 19).
cost(1, 9, 33).
cost(1, 10, 40).
cost(1, 11, 72).
cost(1, 12, 9).
cost(1, 13, 29).
cost(1, 14, 65).
cost(1, 15, 76).
cost(1, 16, 64).
cost(1, 17, 12).
cost(1, 18, 43).
cost(1, 19, 68).
cost(1, 20, 50).
cost(1, 21, 10).
cost(1, 22, 35).
cost(1, 23, 26).
cost(1, 24, 31).
cost(1, 25, 68).
cost(1, 26, 59).
cost(2, 1, 24).
cost(2, 3, 46).
cost(2, 4, 53).
cost(2, 5, 50).
cost(2, 6, 42).
cost(2, 7, 52).
cost(2, 8, 13).
cost(2, 9, 28).
cost(2, 10, 38).
cost(2, 11, 52).
cost(2, 12, 30).
cost(2, 13, 25).
cost(2, 14, 41).
cost(2, 15, 62).
cost(2, 16, 43).
cost(2, 17, 14).
cost(2, 18, 26).
cost(2, 19, 49).
cost(2, 20, 40).
cost(2, 21, 16).
cost(2, 22, 32).
cost(2, 23, 16).
cost(2, 24, 9).
cost(2, 25, 54).
cost(2, 26, 48).
cost(3, 1, 70).
cost(3, 2, 46).
cost(3, 4, 69).
cost(3, 5, 7).
cost(3, 6, 66).
cost(3, 7, 15).
cost(3, 8, 54).
cost(3, 9, 57).
cost(3, 10, 68).
cost(3, 11, 42).
cost(3, 12, 75).
cost(3, 13, 56).
cost(3, 14, 9).
cost(3, 15, 64).
cost(3, 16, 23).
cost(3, 17, 60).
cost(3, 18, 44).
cost(3, 19, 40).
cost(3, 20, 58).
cost(3, 21, 62).
cost(3, 22, 65).
cost(3, 23, 50).
cost(3, 24, 40).
cost(3, 25, 58).
cost(3, 26, 61).
cost(4, 1, 61).
cost(4, 2, 53).
cost(4, 3, 69).
cost(4, 5, 75).
cost(4, 6, 13).
cost(4, 7, 83).
cost(4, 8, 64).
cost(4, 9, 81).
cost(4, 10, 22).
cost(4, 11, 34).
cost(4, 12, 70).
cost(4, 13, 77).
cost(4, 14, 60).
cost(4, 15, 20).
cost(4, 16, 82).
cost(4, 17, 52).
cost(4, 18, 30).
cost(4, 19, 33).
cost(4, 20, 13).
cost(4, 21, 53).
cost(4, 22, 26).
cost(4, 23, 68).
cost(4, 24, 59).
cost(4, 25, 16).
cost(4, 26, 7).
cost(5, 1, 74).
cost(5, 2, 50).
cost(5, 3, 7).
cost(5, 4, 75).
cost(5, 6, 72).
cost(5, 7, 9).
cost(5, 8, 57).
cost(5, 9, 58).
cost(5, 10, 74).
cost(5, 11, 48).
cost(5, 12, 78).
cost(5, 13, 57).
cost(5, 14, 16).
cost(5, 15, 70).
cost(5, 16, 20).
cost(5, 17, 64).
cost(5, 18, 50).
cost(5, 19, 47).
cost(5, 20, 65).
cost(5, 21, 66).
cost(5, 22, 71).
cost(5, 23, 53).
cost(5, 24, 43).
cost(5, 25, 65).
cost(5, 26, 68).
cost(6, 1, 48).
cost(6, 2, 42).
cost(6, 3, 66).
cost(6, 4, 13).
cost(6, 5, 72).
cost(6, 7, 78).
cost(6, 8, 53).
cost(6, 9, 70).
cost(6, 10, 9).
cost(6, 11, 39).
cost(6, 12, 57).
cost(6, 13, 66).
cost(6, 14, 57).
cost(6, 15, 31).
cost(6, 16, 76).
cost(6, 17, 39).
cost(6, 18, 23).
cost(6, 19, 36).
cost(6, 20, 9).
cost(6, 21, 40).
cost(6, 22, 13).
cost(6, 23, 57).
cost(6, 24, 49).
cost(6, 25, 24).
cost(6, 26, 13).
cost(7, 1, 75).
cost(7, 2, 52).
cost(7, 3, 15).
cost(7, 4, 83).
cost(7, 5, 9).
cost(7, 6, 78).
cost(7, 8, 57).
cost(7, 9, 55).
cost(7, 10, 80).
cost(7, 11, 57).
cost(7, 12, 78).
cost(7, 13, 55).
cost(7, 14, 23).
cost(7, 15, 79).
cost(7, 16, 15).
cost(7, 17, 66).
cost(7, 18, 56).
cost(7, 19, 55).
cost(7, 20, 71).
cost(7, 21, 68).
cost(7, 22, 76).
cost(7, 23, 52).
cost(7, 24, 44).
cost(7, 25, 73).
cost(7, 26, 75).
cost(8, 1, 19).
cost(8, 2, 13).
cost(8, 3, 54).
cost(8, 4, 64).
cost(8, 5, 57).
cost(8, 6, 53).
cost(8, 7, 57).
cost(8, 9, 17).
cost(8, 10, 47).
cost(8, 11, 65).
cost(8, 12, 22).
cost(8, 13, 13).
cost(8, 14, 51).
cost(8, 15, 75).
cost(8, 16, 45).
cost(8, 17, 16).
cost(8, 18, 39).
cost(8, 19, 62).
cost(8, 20, 52).
cost(8, 21, 17).
cost(8, 22, 42).
cost(8, 23, 6).
cost(8, 24, 14).
cost(8, 25, 67).
cost(8, 26, 60).
cost(9, 1, 33).
cost(9, 2, 28).
cost(9, 3, 57).
cost(9, 4, 81).
cost(9, 5, 58).
cost(9, 6, 70).
cost(9, 7, 55).
cost(9, 8, 17).
cost(9, 10, 65).
cost(9, 11, 78).
cost(9, 12, 31).
cost(9, 13, 4).
cost(9, 14, 56).
cost(9, 15, 90).
cost(9, 16, 41).
cost(9, 17, 33).
cost(9, 18, 54).
cost(9, 19, 74).
cost(9, 20, 68).
cost(9, 21, 34).
cost(9, 22, 59).
cost(9, 23, 13).
cost(9, 24, 24).
cost(9, 25, 82).
cost(9, 26, 76).
cost(10, 1, 40).
cost(10, 2, 38).
cost(10, 3, 68).
cost(10, 4, 22).
cost(10, 5, 74).
cost(10, 6, 9).
cost(10, 7, 80).
cost(10, 8, 47).
cost(10, 9, 65).
cost(10, 11, 46).
cost(10, 12, 49).
cost(10, 13, 61).
cost(10, 14, 60).
cost(10, 15, 41).
cost(10, 16, 76).
cost(10, 17, 33).
cost(10, 18, 25).
cost(10, 19, 43).
cost(10, 20, 16).
cost(10, 21, 33).
cost(10, 22, 6).
cost(10, 23, 52).
cost(10, 24, 46).
cost(10, 25, 33).
cost(10, 26, 22).
cost(11, 1, 72).
cost(11, 2, 52).
cost(11, 3, 42).
cost(11, 4, 34).
cost(11, 5, 48).
cost(11, 6, 39).
cost(11, 7, 57).
cost(11, 8, 65).
cost(11, 9, 78).
cost(11, 10, 46).
cost(11, 12, 80).
cost(11, 13, 75).
cost(11, 14, 34).
cost(11, 15, 22).
cost(11, 16, 62).
cost(11, 17, 60).
cost(11, 18, 29).
cost(11, 19, 4).
cost(11, 20, 30).
cost(11, 21, 62).
cost(11, 22, 47).
cost(11, 23, 66).
cost(11, 24, 54).
cost(11, 25, 20).
cost(11, 26, 28).
cost(12, 1, 9).
cost(12, 2, 30).
cost(12, 3, 75).
cost(12, 4, 70).
cost(12, 5, 78).
cost(12, 6, 57).
cost(12, 7, 78).
cost(12, 8, 22).
cost(12, 9, 31).
cost(12, 10, 49).
cost(12, 11, 80).
cost(12, 13, 28).
cost(12, 14, 71).
cost(12, 15, 85).
cost(12, 16, 66).
cost(12, 17, 20).
cost(12, 18, 51).
cost(12, 19, 76).
cost(12, 20, 59).
cost(12, 21, 18).
cost(12, 22, 44).
cost(12, 23, 27).
cost(12, 24, 35).
cost(12, 25, 77).
cost(12, 26, 68).
cost(13, 1, 29).
cost(13, 2, 25).
cost(13, 3, 56).
cost(13, 4, 77).
cost(13, 5, 57).
cost(13, 6, 66).
cost(13, 7, 55).
cost(13, 8, 13).
cost(13, 9, 4).
cost(13, 10, 61).
cost(13, 11, 75).
cost(13, 12, 28).
cost(13, 14, 55).
cost(13, 15, 87).
cost(13, 16, 41).
cost(13, 17, 29).
cost(13, 18, 51).
cost(13, 19, 71).
cost(13, 20, 65).
cost(13, 21, 30).
cost(13, 22, 55).
cost(13, 23, 9).
cost(13, 24, 21).
cost(13, 25, 79).
cost(13, 26, 73).
cost(14, 1, 65).
cost(14, 2, 41).
cost(14, 3, 9).
cost(14, 4, 60).
cost(14, 5, 16).
cost(14, 6, 57).
cost(14, 7, 23).
cost(14, 8, 51).
cost(14, 9, 56).
cost(14, 10, 60).
cost(14, 11, 34).
cost(14, 12, 71).
cost(14, 13, 55).
cost(14, 15, 55).
cost(14, 16, 29).
cost(14, 17, 55).
cost(14, 18, 35).
cost(14, 19, 32).
cost(14, 20, 49).
cost(14, 21, 57).
cost(14, 22, 57).
cost(14, 23, 48).
cost(14, 24, 36).
cost(14, 25, 50).
cost(14, 26, 52).
cost(15, 1, 76).
cost(15, 2, 62).
cost(15, 3, 64).
cost(15, 4, 20).
cost(15, 5, 70).
cost(15, 6, 31).
cost(15, 7, 79).
cost(15, 8, 75).
cost(15, 9, 90).
cost(15, 10, 41).
cost(15, 11, 22).
cost(15, 12, 85).
cost(15, 13, 87).
cost(15, 14, 55).
cost(15, 16, 82).
cost(15, 17, 66).
cost(15, 18, 37).
cost(15, 19, 23).
cost(15, 20, 26).
cost(15, 21, 67).
cost(15, 22, 44).
cost(15, 23, 78).
cost(15, 24, 67).
cost(15, 25, 9).
cost(15, 26, 18).
cost(16, 1, 64).
cost(16, 2, 43).
cost(16, 3, 23).
cost(16, 4, 82).
cost(16, 5, 20).
cost(16, 6, 76).
cost(16, 7, 15).
cost(16, 8, 45).
cost(16, 9, 41).
cost(16, 10, 76).
cost(16, 11, 62).
cost(16, 12, 66).
cost(16, 13, 41).
cost(16, 14, 29).
cost(16, 15, 82).
cost(16, 17, 56).
cost(16, 18, 53).
cost(16, 19, 59).
cost(16, 20, 70).
cost(16, 21, 58).
cost(16, 22, 71).
cost(16, 23, 39).
cost(16, 24, 34).
cost(16, 25, 75).
cost(16, 26, 75).
cost(17, 1, 12).
cost(17, 2, 14).
cost(17, 3, 60).
cost(17, 4, 52).
cost(17, 5, 64).
cost(17, 6, 39).
cost(17, 7, 66).
cost(17, 8, 16).
cost(17, 9, 33).
cost(17, 10, 33).
cost(17, 11, 60).
cost(17, 12, 20).
cost(17, 13, 29).
cost(17, 14, 55).
cost(17, 15, 66).
cost(17, 16, 56).
cost(17, 18, 32).
cost(17, 19, 57).
cost(17, 20, 41).
cost(17, 21, 2).
cost(17, 22, 27).
cost(17, 23, 22).
cost(17, 24, 23).
cost(17, 25, 57).
cost(17, 26, 49).
cost(18, 1, 43).
cost(18, 2, 26).
cost(18, 3, 44).
cost(18, 4, 30).
cost(18, 5, 50).
cost(18, 6, 23).
cost(18, 7, 56).
cost(18, 8, 39).
cost(18, 9, 54).
cost(18, 10, 25).
cost(18, 11, 29).
cost(18, 12, 51).
cost(18, 13, 51).
cost(18, 14, 35).
cost(18, 15, 37).
cost(18, 16, 53).
cost(18, 17, 32).
cost(18, 19, 25).
cost(18, 20, 17).
cost(18, 21, 33).
cost(18, 22, 22).
cost(18, 23, 41).
cost(18, 24, 30).
cost(18, 25, 28).
cost(18, 26, 23).
cost(19, 1, 68).
cost(19, 2, 49).
cost(19, 3, 40).
cost(19, 4, 33).
cost(19, 5, 47).
cost(19, 6, 36).
cost(19, 7, 55).
cost(19, 8, 62).
cost(19, 9, 74).
cost(19, 10, 43).
cost(19, 11, 4).
cost(19, 12, 76).
cost(19, 13, 71).
cost(19, 14, 32).
cost(19, 15, 23).
cost(19, 16, 59).
cost(19, 17, 57).
cost(19, 18, 25).
cost(19, 20, 28).
cost(19, 21, 58).
cost(19, 22, 43).
cost(19, 23, 63).
cost(19, 24, 50).
cost(19, 25, 19).
cost(19, 26, 26).
cost(20, 1, 50).
cost(20, 2, 40).
cost(20, 3, 58).
cost(20, 4, 13).
cost(20, 5, 65).
cost(20, 6, 9).
cost(20, 7, 71).
cost(20, 8, 52).
cost(20, 9, 68).
cost(20, 10, 16).
cost(20, 11, 30).
cost(20, 12, 59).
cost(20, 13, 65).
cost(20, 14, 49).
cost(20, 15, 26).
cost(20, 16, 70).
cost(20, 17, 41).
cost(20, 18, 17).
cost(20, 19, 28).
cost(20, 21, 42).
cost(20, 22, 18).
cost(20, 23, 56).
cost(20, 24, 46).
cost(20, 25, 18).
cost(20, 26, 8).
cost(21, 1, 10).
cost(21, 2, 16).
cost(21, 3, 62).
cost(21, 4, 53).
cost(21, 5, 66).
cost(21, 6, 40).
cost(21, 7, 68).
cost(21, 8, 17).
cost(21, 9, 34).
cost(21, 10, 33).
cost(21, 11, 62).
cost(21, 12, 18).
cost(21, 13, 30).
cost(21, 14, 57).
cost(21, 15, 67).
cost(21, 16, 58).
cost(21, 17, 2).
cost(21, 18, 33).
cost(21, 19, 58).
cost(21, 20, 42).
cost(21, 22, 28).
cost(21, 23, 23).
cost(21, 24, 25).
cost(21, 25, 59).
cost(21, 26, 50).
cost(22, 1, 35).
cost(22, 2, 32).
cost(22, 3, 65).
cost(22, 4, 26).
cost(22, 5, 71).
cost(22, 6, 13).
cost(22, 7, 76).
cost(22, 8, 42).
cost(22, 9, 59).
cost(22, 10, 6).
cost(22, 11, 47).
cost(22, 12, 44).
cost(22, 13, 55).
cost(22, 14, 57).
cost(22, 15, 44).
cost(22, 16, 71).
cost(22, 17, 27).
cost(22, 18, 22).
cost(22, 19, 43).
cost(22, 20, 18).
cost(22, 21, 28).
cost(22, 23, 47).
cost(22, 24, 41).
cost(22, 25, 36).
cost(22, 26, 25).
cost(23, 1, 26).
cost(23, 2, 16).
cost(23, 3, 50).
cost(23, 4, 68).
cost(23, 5, 53).
cost(23, 6, 57).
cost(23, 7, 52).
cost(23, 8, 6).
cost(23, 9, 13).
cost(23, 10, 52).
cost(23, 11, 66).
cost(23, 12, 27).
cost(23, 13, 9).
cost(23, 14, 48).
cost(23, 15, 78).
cost(23, 16, 39).
cost(23, 17, 22).
cost(23, 18, 41).
cost(23, 19, 63).
cost(23, 20, 56).
cost(23, 21, 23).
cost(23, 22, 47).
cost(23, 24, 13).
cost(23, 25, 69).
cost(23, 26, 63).
cost(24, 1, 31).
cost(24, 2, 9).
cost(24, 3, 40).
cost(24, 4, 59).
cost(24, 5, 43).
cost(24, 6, 49).
cost(24, 7, 44).
cost(24, 8, 14).
cost(24, 9, 24).
cost(24, 10, 46).
cost(24, 11, 54).
cost(24, 12, 35).
cost(24, 13, 21).
cost(24, 14, 36).
cost(24, 15, 67).
cost(24, 16, 34).
cost(24, 17, 23).
cost(24, 18, 30).
cost(24, 19, 50).
cost(24, 20, 46).
cost(24, 21, 25).
cost(24, 22, 41).
cost(24, 23, 13).
cost(24, 25, 58).
cost(24, 26, 53).
cost(25, 1, 68).
cost(25, 2, 54).
cost(25, 3, 58).
cost(25, 4, 16).
cost(25, 5, 65).
cost(25, 6, 24).
cost(25, 7, 73).
cost(25, 8, 67).
cost(25, 9, 82).
cost(25, 10, 33).
cost(25, 11, 20).
cost(25, 12, 77).
cost(25, 13, 79).
cost(25, 14, 50).
cost(25, 15, 9).
cost(25, 16, 75).
cost(25, 17, 57).
cost(25, 18, 28).
cost(25, 19, 19).
cost(25, 20, 18).
cost(25, 21, 59).
cost(25, 22, 36).
cost(25, 23, 69).
cost(25, 24, 58).
cost(25, 26, 11).
cost(26, 1, 59).
cost(26, 2, 48).
cost(26, 3, 61).
cost(26, 4, 7).
cost(26, 5, 68).
cost(26, 6, 13).
cost(26, 7, 75).
cost(26, 8, 60).
cost(26, 9, 76).
cost(26, 10, 22).
cost(26, 11, 28).
cost(26, 12, 68).
cost(26, 13, 73).
cost(26, 14, 52).
cost(26, 15, 18).
cost(26, 16, 75).
cost(26, 17, 49).
cost(26, 18, 23).
cost(26, 19, 26).
cost(26, 20, 8).
cost(26, 21, 50).
cost(26, 22, 25).
cost(26, 23, 63).
cost(26, 24, 53).
cost(26, 25, 11).
