dimension(26).
point(1, 54.5363494401, 8.3121064439).
point(2, 19.6738562899, 58.4121753178).
point(3, 86.2467228484, 56.9984983342).
point(4, 77.9077147141, 78.3701634318).
point(5, 40.2679928489, 22.7915297404).
point(6, 84.3367955889, 65.9462293914).
point(7, 18.5825869136, 90.2708803955).
point(8, 82.6501456992, 16.5535453939).
point(9, 66.9059749177, 31.3625737549).
point(10, 58.9914144657, 31.6337972973).
point(11, 24.1547984827, 81.3055801229).
point(12, 5.4018958201, 93.8023472074).
point(13, 38.758108399, 45.3601673048).
point(14, 77.1028841468, 72.2682290501).
point(15, 10.1381869619, 89.3311823468).
point(16, 83.3202198774, 24.6771575584).
point(17, 9.5832708119, 48.2023003412).
point(18, 21.0204551766, 82.7067653337).
point(19, 28.6271829772, 38.7520044361).
point(20, 51.5413581596, 27.2306869462).
point(21, 22.5772012113, 49.1559179635).
point(22, 45.5980063031, 18.9783400466).
point(23, 76.0966394624, 87.8785171948).
point(24, 23.611280085, 23.0860619796).
point(25, 68.1831466666, 13.5682997328).
point(26, 87.3689570453, 9.3061919823).
cost(1, 2, 61).
cost(1, 3, 58).
cost(1, 4, 74).
cost(1, 5, 20).
cost(1, 6, 65).
cost(1, 7, 89).
cost(1, 8, 29).
cost(1, 9, 26).
cost(1, 10, 24).
cost(1, 11, 79).
cost(1, 12, 99).
cost(1, 13, 40).
cost(1, 14, 68).
cost(1, 15, 92).
cost(1, 16, 33).
cost(1, 17, 60).
cost(1, 18, 82).
cost(1, 19, 40).
cost(1, 20, 19).
cost(1, 21, 52).
cost(1, 22, 14).
cost(1, 23, 82).
cost(1, 24, 34).
cost(1, 25, 15).
cost(1, 26, 33).
cost(2, 1, 61).
cost(2, 3, 67).
cost(2, 4, 62).
cost(2, 5, 41).
cost(2, 6, 65).
cost(2, 7, 32).
cost(2, 8, 76).
cost(2, 9, 54).
cost(2, 10, 48).
cost(2, 11, 23).
cost(2, 12, 38).
cost(2, 13, 23).
cost(2, 14, 59).
cost(2, 15, 32).
cost(2, 16, 72).
cost(2, 17, 14).
cost(2, 18, 24).
cost(2, 19, 22).
cost(2, 20, 45).
cost(2, 21, 10).
cost(2, 22, 47).
cost(2, 23, 64).
cost(2, 24, 36).
cost(2, 25, 66).
cost(2, 26, 84).
cost(3, 1, 58).
cost(3, 2, 67).
cost(3, 4, 23).
cost(3, 5, 57).
cost(3, 6, 9).
cost(3, 7, 75).
cost(3, 8, 41).
cost(3, 9, 32).
cost(3, 10, 37).
cost(3, 11, 67).
cost(3, 12, 89).
cost(3, 13, 49).
cost(3, 14, 18).
cost(3, 15, 83).
cost(3, 16, 32).
cost(3, 17, 77).
cost(3, 18, 70).
cost(3, 19, 60).
cost(3, 20, 46).
cost(3, 21, 64).
cost(3, 22, 56).
cost(3, 23, 33).
cost(3, 24, 71).
cost(3, 25, 47).
cost(3, 26, 48).
cost(4, 1, 74).
cost(4, 2, 62).
cost(4, 3, 23).
cost(4, 5, 67).
cost(4, 6, 14).
cost(4, 7, 61).
cost(4, 8, 62).
cost(4, 9, 48).
cost(4, 10, 50).
cost(4, 11, 54).
cost(4, 12, 74).
cost(4, 13, 51).
cost(4, 14, 6).
cost(4, 15, 69).
cost(4, 16, 54).
cost(4, 17, 75).
cost(4, 18, 57).
cost(4, 19, 63).
cost(4, 20, 58).
cost(4, 21, 63).
cost(4, 22, 68).
cost(4, 23, 10).
cost(4, 24, 77).
cost(4, 25, 66).
cost(4, 26, 70).
cost(5, 1, 20).
cost(5, 2, 41).
cost(5, 3, 57).
cost(5, 4, 67).
cost(5, 6, 62).
cost(5, 7, 71).
cost(5, 8, 43).
cost(5, 9, 28).
cost(5, 10, 21).
cost(5, 11, 61).
cost(5, 12, 79).
cost(5, 13, 23).
cost(5, 14, 62).
cost(5, 15, 73).
cost(5, 16, 43).
cost(5, 17, 40).
cost(5, 18, 63).
cost(5, 19, 20).
cost(5, 20, 12).
cost(5, 21, 32).
cost(5, 22, 7).
cost(5, 23, 74).
cost(5, 24, 17).
cost(5, 25, 29).
cost(5, 26, 49).
cost(6, 1, 65).
cost(6, 2, 65).
cost(6, 3, 9).
cost(6, 4, 14).
cost(6, 5, 62).
cost(6, 7, 70).
cost(6, 8, 49).
cost(6, 9, 39).
cost(6, 10, 43).
cost(6, 11, 62).
cost(6, 12, 84).
cost(6, 13, 50).
cost(6, 14, 10).
cost(6, 15, 78).
cost(6, 16, 41).
cost(6, 17, 77).
cost(6, 18, 65).
cost(6, 19, 62).
cost(6, 20, 51).
cost(6, 21, 64).
cost(6, 22, 61).
cost(6, 23, 23).
cost(6, 24, 74).
cost(6, 25, 55).
cost(6, 26, 57).
cost(7, 1, 89).
cost(7, 2, 32).
cost(7, 3, 75).
cost(7, 4, 61).
cost(7, 5, 71).
cost(7, 6, 70).
cost(7, 8, 98).
cost(7, 9, 76).
cost(7, 10, 71).
cost(7, 11, 11).
cost(7, 12, 14).
cost(7, 13, 49).
cost(7, 14, 61).
cost(7, 15, 8).
cost(7, 16, 92).
cost(7, 17, 43).
cost(7, 18, 8).
cost(7, 19, 52).
cost(7, 20, 71).
cost(7, 21, 41).
cost(7, 22, 76).
cost(7, 23, 58).
cost(7, 24, 67).
cost(7, 25, 91).
cost(7, 26, 106).
cost(8, 1, 29).
cost(8, 2, 76).
cost(8, 3, 41).
cost(8, 4, 62).
cost(8, 5, 43).
cost(8, 6, 49).
cost(8, 7, 98).
cost(8, 9, 22).
cost(8, 10, 28).
cost(8, 11, 87).
cost(8, 12, 109).
cost(8, 13, 53).
cost(8, 14, 56).
cost(8, 15, 103).
cost(8, 16, 8).
cost(8, 17, 80).
cost(8, 18, 90).
cost(8, 19, 58).
cost(8, 20, 33).
cost(8, 21, 68).
cost(8, 22, 37).
cost(8, 23, 72).
cost(8, 24, 59).
cost(8, 25, 15).
cost(8, 26, 9).
cost(9, 1, 26).
cost(9, 2, 54).
cost(9, 3, 32).
cost(9, 4, 48).
cost(9, 5, 28).
cost(9, 6, 39).
cost(9, 7, 76).
cost(9, 8, 22).
cost(9, 10, 8).
cost(9, 11, 66).
cost(9, 12, 88).
cost(9, 13, 31).
cost(9, 14, 42).
cost(9, 15, 81).
cost(9, 16, 18).
cost(9, 17, 60).
cost(9, 18, 69).
cost(9, 19, 39).
cost(9, 20, 16).
cost(9, 21, 48).
cost(9, 22, 25).
cost(9, 23, 57).
cost(9, 24, 44).
cost(9, 25, 18).
cost(9, 26, 30).
cost(10, 1, 24).
cost(10, 2, 48).
cost(10, 3, 37).
cost(10, 4, 50).
cost(10, 5, 21).
cost(10, 6, 43).
cost(10, 7, 71).
cost(10, 8, 28).
cost(10, 9, 8).
cost(10, 11, 61).
cost(10, 12, 82).
cost(10, 13, 24).
cost(10, 14, 44).
cost(10, 15, 76).
cost(10, 16, 25).
cost(10, 17, 52).
cost(10, 18, 64).
cost(10, 19, 31).
cost(10, 20, 9).
cost(10, 21, 40).
cost(10, 22, 18).
cost(10, 23, 59).
cost(10, 24, 36).
cost(10, 25, 20).
cost(10, 26, 36).
cost(11, 1, 79).
cost(11, 2, 23).
cost(11, 3, 67).
cost(11, 4, 54).
cost(11, 5, 61).
cost(11, 6, 62).
cost(11, 7, 11).
cost(11, 8, 87).
cost(11, 9, 66).
cost(11, 10, 61).
cost(11, 12, 23).
cost(11, 13, 39).
cost(11, 14, 54).
cost(11, 15, 16).
cost(11, 16, 82).
cost(11, 17, 36).
cost(11, 18, 3).
cost(11, 19, 43).
cost(11, 20, 61).
cost(11, 21, 32).
cost(11, 22, 66).
cost(11, 23, 52).
cost(11, 24, 58).
cost(11, 25, 81).
cost(11, 26, 96).
cost(12, 1, 99).
cost(12, 2, 38).
cost(12, 3, 89).
cost(12, 4, 74).
cost(12, 5, 79).
cost(12, 6, 84).
cost(12, 7, 14).
cost(12, 8, 109).
cost(12, 9, 88).
cost(12, 10, 82).
cost(12, 11, 23).
cost(12, 13, 59).
cost(12, 14, 75).
cost(12, 15, 7).
cost(12, 16, 104).
cost(12, 17, 46).
cost(12, 18, 19).
cost(12, 19, 60).
cost(12, 20, 81).
cost(12, 21, 48).
cost(12, 22, 85).
cost(12, 23, 71).
cost(12, 24, 73).
cost(12, 25, 102).
cost(12, 26, 118).
cost(13, 1, 40).
cost(13, 2, 23).
cost(13, 3, 49).
cost(13, 4, 51).
cost(13, 5, 23).
cost(13, 6, 50).
cost(13, 7, 49).
cost(13, 8, 53).
cost(13, 9, 31).
cost(13, 10, 24).
cost(13, 11, 39).
cost(13, 12, 59).
cost(13, 14, 47).
cost(13, 15, 52).
cost(13, 16, 49).
cost(13, 17, 29).
cost(13, 18, 41).
cost(13, 19, 12).
cost(13, 20, 22).
cost(13, 21, 17).
cost(13, 22, 27).
cost(13, 23, 57).
cost(13, 24, 27).
cost(13, 25, 43).
cost(13, 26, 61).
cost(14, 1, 68).
cost(14, 2, 59).
cost(14, 3, 18).
cost(14, 4, 6).
cost(14, 5, 62).
cost(14, 6, 10).
cost(14, 7, 61).
cost(14, 8, 56).
cost(14, 9, 42).
cost(14, 10, 44).
cost(14, 11, 54).
cost(14, 12, 75).
cost(14, 13, 47).
cost(14, 15, 69).
cost(14, 16, 48).
cost(14, 17, 72).
cost(14, 18, 57).
cost(14, 19, 59).
cost(14, 20, 52).
cost(14, 21, 59).
cost(14, 22, 62).
cost(14, 23, 16).
cost(14, 24, 73).
cost(14, 25, 59).
cost(14, 26, 64).
cost(15, 1, 92).
cost(15, 2, 32).
cost(15, 3, 83).
cost(15, 4, 69).
cost(15, 5, 73).
cost(15, 6, 78).
cost(15, 7, 8).
cost(15, 8, 103).
cost(15, 9, 81).
cost(15, 10, 76).
cost(15, 11, 16).
cost(15, 12, 7).
cost(15, 13, 52).
cost(15, 14, 69).
cost(15, 16, 98).
cost(15, 17, 41).
cost(15, 18, 13).
cost(15, 19, 54).
cost(15, 20, 75).
cost(15, 21, 42).
cost(15, 22, 79).
cost(15, 23, 66).
cost(15, 24, 68).
cost(15, 25, 95).
cost(15, 26, 111).
cost(16, 1, 33).
cost(16, 2, 72).
cost(16, 3, 32).
cost(16, 4, 54).
cost(16, 5, 43).
cost(16, 6, 41).
cost(16, 7, 92).
cost(16, 8, 8).
cost(16, 9, 18).
cost(16, 10, 25).
cost(16, 11, 82).
cost(16, 12, 104).
cost(16, 13, 49).
cost(16, 14, 48).
cost(16, 15, 98).
cost(16, 17, 77).
cost(16, 18, 85).
cost(16, 19, 56).
cost(16, 20, 32).
cost(16, 21, 65).
cost(16, 22, 38).
cost(16, 23, 64).
cost(16, 24, 60).
cost(16, 25, 19).
cost(16, 26, 16).
cost(17, 1, 60).
cost(17, 2, 14).
cost(17, 3, 77).
cost(17, 4, 75).
cost(17, 5, 40).
cost(17, 6, 77).
cost(17, 7, 43).
cost(17, 8, 80).
cost(17, 9, 60).
cost(17, 10, 52).
cost(17, 11, 36).
cost(17, 12, 46).
cost(17, 13, 29).
cost(17, 14, 72).
cost(17, 15, 41).
cost(17, 16, 77).
cost(17, 18, 36).
cost(17, 19, 21).
cost(17, 20, 47).
cost(17, 21, 13).
cost(17, 22, 46).
cost(17, 23, 77).
cost(17, 24, 29).
cost(17, 25, 68).
cost(17, 26, 87).
cost(18, 1, 82).
cost(18, 2, 24).
cost(18, 3, 70).
cost(18, 4, 57).
cost(18, 5, 63).
cost(18, 6, 65).
cost(18, 7, 8).
cost(18, 8, 90).
cost(18, 9, 69).
cost(18, 10, 64).
cost(18, 11, 3).
cost(18, 12, 19).
cost(18, 13, 41).
cost(18, 14, 57).
cost(18, 15, 13).
cost(18, 16, 85).
cost(18, 17, 36).
cost(18, 19, 45).
cost(18, 20, 63).
cost(18, 21, 34).
cost(18, 22, 68).
cost(18, 23, 55).
cost(18, 24, 60).
cost(18, 25, 84).
cost(18, 26, 99).
cost(19, 1, 40).
cost(19, 2, 22).
cost(19, 3, 60).
cost(19, 4, 63).
cost(19, 5, 20).
cost(19, 6, 62).
cost(19, 7, 52).
cost(19, 8, 58).
cost(19, 9, 39).
cost(19, 10, 31).
cost(19, 11, 43).
cost(19, 12, 60).
cost(19, 13, 12).
cost(19, 14, 59).
cost(19, 15, 54).
cost(19, 16, 56).
cost(19, 17, 21).
cost(19, 18, 45).
cost(19, 20, 26).
cost(19, 21, 12).
cost(19, 22, 26).
cost(19, 23, 68).
cost(19, 24, 16).
cost(19, 25, 47).
cost(19, 26, 66).
cost(20, 1, 19).
cost(20, 2, 45).
cost(20, 3, 46).
cost(20, 4, 58).
cost(20, 5, 12).
cost(20, 6, 51).
cost(20, 7, 71).
cost(20, 8, 33).
cost(20, 9, 16).
cost(20, 10, 9).
cost(20, 11, 61).
cost(20, 12, 81).
cost(20, 13, 22).
cost(20, 14, 52).
cost(20, 15, 75).
cost(20, 16, 32).
cost(20, 17, 47).
cost(20, 18, 63).
cost(20, 19, 26).
cost(20, 21, 36).
cost(20, 22, 10).
cost(20, 23, 65).
cost(20, 24, 28).
cost(20, 25, 22).
cost(20, 26, 40).
cost(21, 1, 52).
cost(21, 2, 10).
cost(21, 3, 64).
cost(21, 4, 63).
cost(21, 5, 32).
cost(21, 6, 64).
cost(21, 7, 41).
cost(21, 8, 68).
cost(21, 9, 48).
cost(21, 10, 40).
cost(21, 11, 32).
cost(21, 12, 48).
cost(21, 13, 17).
cost(21, 14, 59).
cost(21, 15, 42).
cost(21, 16, 65).
cost(21, 17, 13).
cost(21, 18, 34).
cost(21, 19, 12).
cost(21, 20, 36).
cost(21, 22, 38).
cost(21, 23, 66).
cost(21, 24, 26).
cost(21, 25, 58).
cost(21, 26, 76).
cost(22, 1, 14).
cost(22, 2, 47).
cost(22, 3, 56).
cost(22, 4, 68).
cost(22, 5, 7).
cost(22, 6, 61).
cost(22, 7, 76).
cost(22, 8, 37).
cost(22, 9, 25).
cost(22, 10, 18).
cost(22, 11, 66).
cost(22, 12, 85).
cost(22, 13, 27).
cost(22, 14, 62).
cost(22, 15, 79).
cost(22, 16, 38).
cost(22, 17, 46).
cost(22, 18, 68).
cost(22, 19, 26).
cost(22, 20, 10).
cost(22, 21, 38).
cost(22, 23, 75).
cost(22, 24, 22).
cost(22, 25, 23).
cost(22, 26, 43).
cost(23, 1, 82).
cost(23, 2, 64).
cost(23, 3, 33).
cost(23, 4, 10).
cost(23, 5, 74).
cost(23, 6, 23).
cost(23, 7, 58).
cost(23, 8, 72).
cost(23, 9, 57).
cost(23, 10, 59).
cost(23, 11, 52).
cost(23, 12, 71).
cost(23, 13, 57).
cost(23, 14, 16).
cost(23, 15, 66).
cost(23, 16, 64).
cost(23, 17, 77).
cost(23, 18, 55).
cost(23, 19, 68).
cost(23, 20, 65).
cost(23, 21, 66).
cost(23, 22, 75).
cost(23, 24, 83).
cost(23, 25, 75).
cost(23, 26, 79).
cost(24, 1, 34).
cost(24, 2, 36).
cost(24, 3, 71).
cost(24, 4, 77).
cost(24, 5, 17).
cost(24, 6, 74).
cost(24, 7, 67).
cost(24, 8, 59).
cost(24, 9, 44).
cost(24, 10, 36).
cost(24, 11, 58).
cost(24, 12, 73).
cost(24, 13, 27).
cost(24, 14, 73).
cost(24, 15, 68).
cost(24, 16, 60).
cost(24, 17, 29).
cost(24, 18, 60).
cost(24, 19, 16).
cost(24, 20, 28).
cost(24, 21, 26).
cost(24, 22, 22).
cost(24, 23, 83).
cost(24, 25, 46).
cost(24, 26, 65).
cost(25, 1, 15).
cost(25, 2, 66).
cost(25, 3, 47).
cost(25, 4, 66).
cost(25, 5, 29).
cost(25, 6, 55).
cost(25, 7, 91).
cost(25, 8, 15).
cost(25, 9, 18).
cost(25, 10, 20).
cost(25, 11, 81).
cost(25, 12, 102).
cost(25, 13, 43).
cost(25, 14, 59).
cost(25, 15, 95).
cost(25, 16, 19).
cost(25, 17, 68).
cost(25, 18, 84).
cost(25, 19, 47).
cost(25, 20, 22).
cost(25, 21, 58).
cost(25, 22, 23).
cost(25, 23, 75).
cost(25, 24, 46).
cost(25, 26, 20).
cost(26, 1, 33).
cost(26, 2, 84).
cost(26, 3, 48).
cost(26, 4, 70).
cost(26, 5, 49).
cost(26, 6, 57).
cost(26, 7, 106).
cost(26, 8, 9).
cost(26, 9, 30).
cost(26, 10, 36).
cost(26, 11, 96).
cost(26, 12, 118).
cost(26, 13, 61).
cost(26, 14, 64).
cost(26, 15, 111).
cost(26, 16, 16).
cost(26, 17, 87).
cost(26, 18, 99).
cost(26, 19, 66).
cost(26, 20, 40).
cost(26, 21, 76).
cost(26, 22, 43).
cost(26, 23, 79).
cost(26, 24, 65).
cost(26, 25, 20).
