dimension(26).
point(1, 10.002313344, 74.4141670533).
point(2, 68.5727089281, 77.5104486074).
point(3, 45.9148725525, 57.7777830378).
point(4, 16.7678882307, 86.8306220619).
point(5, 59.8923154101, 40.6166625322).
point(6, 62.5486085154, 40.37896732).
point(7, 24.0707015671, 26.4315839682).
point(8, 43.0833160048, 51.2256657172).
point(9, 61.2120316711, 33.0865588717).
point(10, 65.6386613815, 37.7608495335).
point(11, 34.8892894071, 91.4444843573).
point(12, 67.5072505615, 17.0941999245).
point(13, 54.6759291774, 58.1261823003).
point(14, 74.7567221234, 17.0759142028).
point(15, 88.8762035763, 26.5651608894).
point(16, 70.9553047598, 70.3045530095).
point(17, 21.5084934901, 25.2409455907).
point(18, 69.5384277452, 49.9435946863).
point(19, 94.5494137017, 29.7240969303).
point(20, 32.9043789437, 31.3439207139).
point(21, 54.0974781822, 9.2350707795).
point(22, 21.51427153, 25.5954605619).
point(23, 9.041161655, 55.4256194896).
point(24, 6.2315537458, 84.8285494471).
point(25, 32.825583638, 29.6274913935).
point(26, 86.1589778994, 21.4319667629).
cost(1, 2, 59).
cost(1, 3, 40).
cost(1, 4, 14).
cost(1, 5, 60).
cost(1, 6, 63).
cost(1, 7, 50).
cost(1, 8, 40).
cost(1, 9, 66).
cost(1, 10, 67).
cost(1, 11, 30).
cost(1, 12, 81).
cost(1, 13, 48).
cost(1, 14, 86).
cost(1, 15, 92).
cost(1, 16, 61).
cost(1, 17, 51).
cost(1, 18, 64).
cost(1, 19, 96).
cost(1, 20, 49).
cost(1, 21, 79).
cost(1, 22, 50).
cost(1, 23, 19).
cost(1, 24, 11).
cost(1, 25, 50).
cost(1, 26, 93).
cost(2, 1, 59).
cost(2, 3, 30).
cost(2, 4, 53).
cost(2, 5, 38).
cost(2, 6, 38).
cost(2, 7, 68).
cost(2, 8, 37).
cost(2, 9, 45).
cost(2, 10, 40).
cost(2, 11, 36).
cost(2, 12, 60).
cost(2, 13, 24).
cost(2, 14, 61).
cost(2, 15, 55).
cost(2, 16, 8).
cost(2, 17, 70).
cost(2, 18, 28).
cost(2, 19, 54).
cost(2, 20, 58).
cost(2, 21, 70).
cost(2, 22, 70).
cost(2, 23, 63).
cost(2, 24, 63).
cost(2, 25, 60).
cost(2, 26, 59).
cost(3, 1, 40).
cost(3, 2, 30).
cost(3, 4, 41).
cost(3, 5, 22).
cost(3, 6, 24).
cost(3, 7, 38).
cost(3, 8, 7).
cost(3, 9, 29).
cost(3, 10, 28).
cost(3, 11, 35).
cost(3, 12, 46).
cost(3, 13, 9).
cost(3, 14, 50).
cost(3, 15, 53).
cost(3, 16, 28).
cost(3, 17, 41).
cost(3, 18, 25).
cost(3, 19, 56).
cost(3, 20, 29).
cost(3, 21, 49).
cost(3, 22, 40).
cost(3, 23, 37).
cost(3, 24, 48).
cost(3, 25, 31).
cost(3, 26, 54).
cost(4, 1, 14).
cost(4, 2, 53).
cost(4, 3, 41).
cost(4, 5, 63).
cost(4, 6, 65).
cost(4, 7, 61).
cost(4, 8, 44).
cost(4, 9, 70).
cost(4, 10, 69).
cost(4, 11, 19).
cost(4, 12, 86).
cost(4, 13, 48).
cost(4, 14, 91).
cost(4, 15, 94).
cost(4, 16, 57).
cost(4, 17, 62).
cost(4, 18, 64).
cost(4, 19, 96).
cost(4, 20, 58).
cost(4, 21, 86).
cost(4, 22, 61).
cost(4, 23, 32).
cost(4, 24, 11).
cost(4, 25, 59).
cost(4, 26, 95).
cost(5, 1, 60).
cost(5, 2, 38).
cost(5, 3, 22).
cost(5, 4, 63).
cost(5, 6, 3).
cost(5, 7, 39).
cost(5, 8, 20).
cost(5, 9, 8).
cost(5, 10, 6).
cost(5, 11, 57).
cost(5, 12, 25).
cost(5, 13, 18).
cost(5, 14, 28).
cost(5, 15, 32).
cost(5, 16, 32).
cost(5, 17, 41).
cost(5, 18, 13).
cost(5, 19, 36).
cost(5, 20, 29).
cost(5, 21, 32).
cost(5, 22, 41).
cost(5, 23, 53).
cost(5, 24, 70).
cost(5, 25, 29).
cost(5, 26, 33).
cost(6, 1, 63).
cost(6, 2, 38).
cost(6, 3, 24).
cost(6, 4, 65).
cost(6, 5, 3).
cost(6, 7, 41).
cost(6, 8, 22).
cost(6, 9, 7).
cost(6, 10, 4).
cost(6, 11, 58).
cost(6, 12, 24).
cost(6, 13, 19).
cost(6, 14, 26).
cost(6, 15, 30).
cost(6, 16, 31).
cost(6, 17, 44).
cost(6, 18, 12).
cost(6, 19, 34).
cost(6, 20, 31).
cost(6, 21, 32).
cost(6, 22, 44).
cost(6, 23, 56).
cost(6, 24, 72).
cost(6, 25, 32).
cost(6, 26, 30).
cost(7, 1, 50).
cost(7, 2, 68).
cost(7, 3, 38).
cost(7, 4, 61).
cost(7, 5, 39).
cost(7, 6, 41).
cost(7, 8, 31).
cost(7, 9, 38).
cost(7, 10, 43).
cost(7, 11, 66).
cost(7, 12, 44).
cost(7, 13, 44).
cost(7, 14, 52).
cost(7, 15, 65).
cost(7, 16, 64).
cost(7, 17, 3).
cost(7, 18, 51).
cost(7, 19, 71).
cost(7, 20, 10).
cost(7, 21, 35).
cost(7, 22, 3).
cost(7, 23, 33).
cost(7, 24, 61).
cost(7, 25, 9).
cost(7, 26, 62).
cost(8, 1, 40).
cost(8, 2, 37).
cost(8, 3, 7).
cost(8, 4, 44).
cost(8, 5, 20).
cost(8, 6, 22).
cost(8, 7, 31).
cost(8, 9, 26).
cost(8, 10, 26).
cost(8, 11, 41).
cost(8, 12, 42).
cost(8, 13, 13).
cost(8, 14, 47).
cost(8, 15, 52).
cost(8, 16, 34).
cost(8, 17, 34).
cost(8, 18, 26).
cost(8, 19, 56).
cost(8, 20, 22).
cost(8, 21, 43).
cost(8, 22, 33).
cost(8, 23, 34).
cost(8, 24, 50).
cost(8, 25, 24).
cost(8, 26, 52).
cost(9, 1, 66).
cost(9, 2, 45).
cost(9, 3, 29).
cost(9, 4, 70).
cost(9, 5, 8).
cost(9, 6, 7).
cost(9, 7, 38).
cost(9, 8, 26).
cost(9, 10, 6).
cost(9, 11, 64).
cost(9, 12, 17).
cost(9, 13, 26).
cost(9, 14, 21).
cost(9, 15, 28).
cost(9, 16, 38).
cost(9, 17, 40).
cost(9, 18, 19).
cost(9, 19, 34).
cost(9, 20, 28).
cost(9, 21, 25).
cost(9, 22, 40).
cost(9, 23, 57).
cost(9, 24, 75).
cost(9, 25, 29).
cost(9, 26, 28).
cost(10, 1, 67).
cost(10, 2, 40).
cost(10, 3, 28).
cost(10, 4, 69).
cost(10, 5, 6).
cost(10, 6, 4).
cost(10, 7, 43).
cost(10, 8, 26).
cost(10, 9, 6).
cost(10, 11, 62).
cost(10, 12, 21).
cost(10, 13, 23).
cost(10, 14, 23).
cost(10, 15, 26).
cost(10, 16, 33).
cost(10, 17, 46).
cost(10, 18, 13).
cost(10, 19, 30).
cost(10, 20, 33).
cost(10, 21, 31).
cost(10, 22, 46).
cost(10, 23, 59).
cost(10, 24, 76).
cost(10, 25, 34).
cost(10, 26, 26).
cost(11, 1, 30).
cost(11, 2, 36).
cost(11, 3, 35).
cost(11, 4, 19).
cost(11, 5, 57).
cost(11, 6, 58).
cost(11, 7, 66).
cost(11, 8, 41).
cost(11, 9, 64).
cost(11, 10, 62).
cost(11, 12, 81).
cost(11, 13, 39).
cost(11, 14, 84).
cost(11, 15, 84).
cost(11, 16, 42).
cost(11, 17, 68).
cost(11, 18, 54).
cost(11, 19, 86).
cost(11, 20, 60).
cost(11, 21, 84).
cost(11, 22, 67).
cost(11, 23, 44).
cost(11, 24, 29).
cost(11, 25, 62).
cost(11, 26, 87).
cost(12, 1, 81).
cost(12, 2, 60).
cost(12, 3, 46).
cost(12, 4, 86).
cost(12, 5, 25).
cost(12, 6, 24).
cost(12, 7, 44).
cost(12, 8, 42).
cost(12, 9, 17).
cost(12, 10, 21).
cost(12, 11, 81).
cost(12, 13, 43).
cost(12, 14, 7).
cost(12, 15, 23).
cost(12, 16, 53).
cost(12, 17, 47).
cost(12, 18, 33).
cost(12, 19, 30).
cost(12, 20, 37).
cost(12, 21, 16).
cost(12, 22, 47).
cost(12, 23, 70).
cost(12, 24, 91).
cost(12, 25, 37).
cost(12, 26, 19).
cost(13, 1, 48).
cost(13, 2, 24).
cost(13, 3, 9).
cost(13, 4, 48).
cost(13, 5, 18).
cost(13, 6, 19).
cost(13, 7, 44).
cost(13, 8, 13).
cost(13, 9, 26).
cost(13, 10, 23).
cost(13, 11, 39).
cost(13, 12, 43).
cost(13, 14, 46).
cost(13, 15, 47).
cost(13, 16, 20).
cost(13, 17, 47).
cost(13, 18, 17).
cost(13, 19, 49).
cost(13, 20, 35).
cost(13, 21, 49).
cost(13, 22, 46).
cost(13, 23, 46).
cost(13, 24, 55).
cost(13, 25, 36).
cost(13, 26, 48).
cost(14, 1, 86).
cost(14, 2, 61).
cost(14, 3, 50).
cost(14, 4, 91).
cost(14, 5, 28).
cost(14, 6, 26).
cost(14, 7, 52).
cost(14, 8, 47).
cost(14, 9, 21).
cost(14, 10, 23).
cost(14, 11, 84).
cost(14, 12, 7).
cost(14, 13, 46).
cost(14, 15, 17).
cost(14, 16, 53).
cost(14, 17, 54).
cost(14, 18, 33).
cost(14, 19, 23).
cost(14, 20, 44).
cost(14, 21, 22).
cost(14, 22, 54).
cost(14, 23, 76).
cost(14, 24, 96).
cost(14, 25, 44).
cost(14, 26, 12).
cost(15, 1, 92).
cost(15, 2, 55).
cost(15, 3, 53).
cost(15, 4, 94).
cost(15, 5, 32).
cost(15, 6, 30).
cost(15, 7, 65).
cost(15, 8, 52).
cost(15, 9, 28).
cost(15, 10, 26).
cost(15, 11, 84).
cost(15, 12, 23).
cost(15, 13, 47).
cost(15, 14, 17).
cost(15, 16, 47).
cost(15, 17, 67).
cost(15, 18, 30).
cost(15, 19, 6).
cost(15, 20, 56).
cost(15, 21, 39).
cost(15, 22, 67).
cost(15, 23, 85).
cost(15, 24, 101).
cost(15, 25, 56).
cost(15, 26, 6).
cost(16, 1, 61).
cost(16, 2, 8).
cost(16, 3, 28).
cost(16, 4, 57).
cost(16, 5, 32).
cost(16, 6, 31).
cost(16, 7, 64).
cost(16, 8, 34).
cost(16, 9, 38).
cost(16, 10, 33).
cost(16, 11, 42).
cost(16, 12, 53).
cost(16, 13, 20).
cost(16, 14, 53).
cost(16, 15, 47).
cost(16, 17, 67).
cost(16, 18, 20).
cost(16, 19, 47).
cost(16, 20, 54).
cost(16, 21, 63).
cost(16, 22, 67).
cost(16, 23, 64).
cost(16, 24, 66).
cost(16, 25, 56).
cost(16, 26, 51).
cost(17, 1, 51).
cost(17, 2, 70).
cost(17, 3, 41).
cost(17, 4, 62).
cost(17, 5, 41).
cost(17, 6, 44).
cost(17, 7, 3).
cost(17, 8, 34).
cost(17, 9, 40).
cost(17, 10, 46).
cost(17, 11, 68).
cost(17, 12, 47).
cost(17, 13, 47).
cost(17, 14, 54).
cost(17, 15, 67).
cost(17, 16, 67).
cost(17, 18, 54).
cost(17, 19, 73).
cost(17, 20, 13).
cost(17, 21, 36).
cost(17, 22, 0).
cost(17, 23, 33).
cost(17, 24, 62).
cost(17, 25, 12).
cost(17, 26, 65).
cost(18, 1, 64).
cost(18, 2, 28).
cost(18, 3, 25).
cost(18, 4, 64).
cost(18, 5, 13).
cost(18, 6, 12).
cost(18, 7, 51).
cost(18, 8, 26).
cost(18, 9, 19).
cost(18, 10, 13).
cost(18, 11, 54).
cost(18, 12, 33).
cost(18, 13, 17).
cost(18, 14, 33).
cost(18, 15, 30).
cost(18, 16, 20).
cost(18, 17, 54).
cost(18, 19, 32).
cost(18, 20, 41).
cost(18, 21, 44).
cost(18, 22, 54).
cost(18, 23, 61).
cost(18, 24, 72).
cost(18, 25, 42).
cost(18, 26, 33).
cost(19, 1, 96).
cost(19, 2, 54).
cost(19, 3, 56).
cost(19, 4, 96).
cost(19, 5, 36).
cost(19, 6, 34).
cost(19, 7, 71).
cost(19, 8, 56).
cost(19, 9, 34).
cost(19, 10, 30).
cost(19, 11, 86).
cost(19, 12, 30).
cost(19, 13, 49).
cost(19, 14, 23).
cost(19, 15, 6).
cost(19, 16, 47).
cost(19, 17, 73).
cost(19, 18, 32).
cost(19, 20, 62).
cost(19, 21, 45).
cost(19, 22, 73).
cost(19, 23, 89).
cost(19, 24, 104).
cost(19, 25, 62).
cost(19, 26, 12).
cost(20, 1, 49).
cost(20, 2, 58).
cost(20, 3, 29).
cost(20, 4, 58).
cost(20, 5, 29).
cost(20, 6, 31).
cost(20, 7, 10).
cost(20, 8, 22).
cost(20, 9, 28).
cost(20, 10, 33).
cost(20, 11, 60).
cost(20, 12, 37).
cost(20, 13, 35).
cost(20, 14, 44).
cost(20, 15, 56).
cost(20, 16, 54).
cost(20, 17, 13).
cost(20, 18, 41).
cost(20, 19, 62).
cost(20, 21, 31).
cost(20, 22, 13).
cost(20, 23, 34).
cost(20, 24, 60).
cost(20, 25, 2).
cost(20, 26, 54).
cost(21, 1, 79).
cost(21, 2, 70).
cost(21, 3, 49).
cost(21, 4, 86).
cost(21, 5, 32).
cost(21, 6, 32).
cost(21, 7, 35).
cost(21, 8, 43).
cost(21, 9, 25).
cost(21, 10, 31).
cost(21, 11, 84).
cost(21, 12, 16).
cost(21, 13, 49).
cost(21, 14, 22).
cost(21, 15, 39).
cost(21, 16, 63).
cost(21, 17, 36).
cost(21, 18, 44).
cost(21, 19, 45).
cost(21, 20, 31).
cost(21, 22, 36).
cost(21, 23, 65).
cost(21, 24, 89).
cost(21, 25, 29).
cost(21, 26, 34).
cost(22, 1, 50).
cost(22, 2, 70).
cost(22, 3, 40).
cost(22, 4, 61).
cost(22, 5, 41).
cost(22, 6, 44).
cost(22, 7, 3).
cost(22, 8, 33).
cost(22, 9, 40).
cost(22, 10, 46).
cost(22, 11, 67).
cost(22, 12, 47).
cost(22, 13, 46).
cost(22, 14, 54).
cost(22, 15, 67).
cost(22, 16, 67).
cost(22, 17, 0).
cost(22, 18, 54).
cost(22, 19, 73).
cost(22, 20, 13).
cost(22, 21, 36).
cost(22, 23, 32).
cost(22, 24, 61).
cost(22, 25, 12).
cost(22, 26, 65).
cost(23, 1, 19).
cost(23, 2, 63).
cost(23, 3, 37).
cost(23, 4, 32).
cost(23, 5, 53).
cost(23, 6, 56).
cost(23, 7, 33).
cost(23, 8, 34).
cost(23, 9, 57).
cost(23, 10, 59).
cost(23, 11, 44).
cost(23, 12, 70).
cost(23, 13, 46).
cost(23, 14, 76).
cost(23, 15, 85).
cost(23, 16, 64).
cost(23, 17, 33).
cost(23, 18, 61).
cost(23, 19, 89).
cost(23, 20, 34).
cost(23, 21, 65).
cost(23, 22, 32).
cost(23, 24, 30).
cost(23, 25, 35).
cost(23, 26, 84).
cost(24, 1, 11).
cost(24, 2, 63).
cost(24, 3, 48).
cost(24, 4, 11).
cost(24, 5, 70).
cost(24, 6, 72).
cost(24, 7, 61).
cost(24, 8, 50).
cost(24, 9, 75).
cost(24, 10, 76).
cost(24, 11, 29).
cost(24, 12, 91).
cost(24, 13, 55).
cost(24, 14, 96).
cost(24, 15, 101).
cost(24, 16, 66).
cost(24, 17, 62).
cost(24, 18, 72).
cost(24, 19, 104).
cost(24, 20, 60).
cost(24, 21, 89).
cost(24, 22, 61).
cost(24, 23, 30).
cost(24, 25, 61).
cost(24, 26, 102).
cost(25, 1, 50).
cost(25, 2, 60).
cost(25, 3, 31).
cost(25, 4, 59).
cost(25, 5, 29).
cost(25, 6, 32).
cost(25, 7, 9).
cost(25, 8, 24).
cost(25, 9, 29).
cost(25, 10, 34).
cost(25, 11, 62).
cost(25, 12, 37).
cost(25, 13, 36).
cost(25, 14, 44).
cost(25, 15, 56).
cost(25, 16, 56).
cost(25, 17, 12).
cost(25, 18, 42).
cost(25, 19, 62).
cost(25, 20, 2).
cost(25, 21, 29).
cost(25, 22, 12).
cost(25, 23, 35).
cost(25, 24, 61).
cost(25, 26, 54).
cost(26, 1, 93).
cost(26, 2, 59).
cost(26, 3, 54).
cost(26, 4, 95).
cost(26, 5, 33).
cost(26, 6, 30).
cost(26, 7, 62).
cost(26, 8, 52).
cost(26, 9, 28).
cost(26, 10, 26).
cost(26, 11, 87).
cost(26, 12, 19).
cost(26, 13, 48).
cost(26, 14, 12).
cost(26, 15, 6).
cost(26, 16, 51).
cost(26, 17, 65).
cost(26, 18, 33).
cost(26, 19, 12).
cost(26, 20, 54).
cost(26, 21, 34).
cost(26, 22, 65).
cost(26, 23, 84).
cost(26, 24, 102).
cost(26, 25, 54).
