dimension(26).
point(1, 14.6930025181, 60.3139206343).
point(2, 80.9645159969, 22.0644319026).
point(3, 93.3538638908, 41.2017459393).
point(4, 26.7955137204, 70.5325221317).
point(5, 30.6392322173, 15.1479133607).
point(6, 9.2826124256, 86.438011312).
point(7, 17.1182938127, 85.845661122).
point(8, 74.1417601069, 63.4277651307).
point(9, 7.9961077934, 72.9145343908).
point(10, 8.0574610692, 89.9317430267).
point(11, 34.7955544862, 73.5409006416).
point(12, 82.4127421942, 73.9335348392).
point(13, 53.7032111092, 30.2374557551).
point(14, 55.150132572, 33.2420013777).
point(15, 26.2516289848, 66.8435041782).
point(16, 37.3654662434, 63.97837317).
point(17, 34.615639015, 91.1924370188).
point(18, 64.1869812245, 20.0262005778).
point(19, 75.5277436748, 65.9443766817).
point(20, 29.6475464047, 5.7180229841).
point(21, 32.2124295091, 23.6794254827).
point(22, 75.098527014, 9.6183693496).
point(23, 27.1602692816, 9.8167717025).
point(24, 80.8136180463, 60.9755194266).
point(25, 33.9407706199, 22.4609586994).
point(26, 37.7361532805, 20.7333824668).
cost(1, 2, 77).
cost(1, 3, 81).
cost(1, 4, 16).
cost(1, 5, 48).
cost(1, 6, 27).
cost(1, 7, 26).
cost(1, 8, 60).
cost(1, 9, 14).
cost(1, 10, 30).
cost(1, 11, 24).
cost(1, 12, 69).
cost(1, 13, 49).
cost(1, 14, 49).
cost(1, 15, 13).
cost(1, 16, 23).
cost(1, 17, 37).
cost(1, 18, 64).
cost(1, 19, 61).
cost(1, 20, 57).
cost(1, 21, 41).
cost(1, 22, 79).
cost(1, 23, 52).
cost(1, 24, 66).
cost(1, 25, 42).
cost(1, 26, 46).
cost(2, 1, 77).
cost(2, 3, 23).
cost(2, 4, 73).
cost(2, 5, 51).
cost(2, 6, 96).
cost(2, 7, 90).
cost(2, 8, 42).
cost(2, 9, 89).
cost(2, 10, 100).
cost(2, 11, 69).
cost(2, 12, 52).
cost(2, 13, 28).
cost(2, 14, 28).
cost(2, 15, 71).
cost(2, 16, 60).
cost(2, 17, 83).
cost(2, 18, 17).
cost(2, 19, 44).
cost(2, 20, 54).
cost(2, 21, 49).
cost(2, 22, 14).
cost(2, 23, 55).
cost(2, 24, 39).
cost(2, 25, 47).
cost(2, 26, 43).
cost(3, 1, 81).
cost(3, 2, 23).
cost(3, 4, 73).
cost(3, 5, 68).
cost(3, 6, 95).
cost(3, 7, 88).
cost(3, 8, 29).
cost(3, 9, 91).
cost(3, 10, 98).
cost(3, 11, 67).
cost(3, 12, 35).
cost(3, 13, 41).
cost(3, 14, 39).
cost(3, 15, 72).
cost(3, 16, 60).
cost(3, 17, 77).
cost(3, 18, 36).
cost(3, 19, 30).
cost(3, 20, 73).
cost(3, 21, 64).
cost(3, 22, 36).
cost(3, 23, 73).
cost(3, 24, 23).
cost(3, 25, 62).
cost(3, 26, 59).
cost(4, 1, 16).
cost(4, 2, 73).
cost(4, 3, 73).
cost(4, 5, 56).
cost(4, 6, 24).
cost(4, 7, 18).
cost(4, 8, 48).
cost(4, 9, 19).
cost(4, 10, 27).
cost(4, 11, 9).
cost(4, 12, 56).
cost(4, 13, 48).
cost(4, 14, 47).
cost(4, 15, 4).
cost(4, 16, 12).
cost(4, 17, 22).
cost(4, 18, 63).
cost(4, 19, 49).
cost(4, 20, 65).
cost(4, 21, 47).
cost(4, 22, 78).
cost(4, 23, 61).
cost(4, 24, 55).
cost(4, 25, 49).
cost(4, 26, 51).
cost(5, 1, 48).
cost(5, 2, 51).
cost(5, 3, 68).
cost(5, 4, 56).
cost(5, 6, 74).
cost(5, 7, 72).
cost(5, 8, 65).
cost(5, 9, 62).
cost(5, 10, 78).
cost(5, 11, 59).
cost(5, 12, 78).
cost(5, 13, 28).
cost(5, 14, 30).
cost(5, 15, 52).
cost(5, 16, 49).
cost(5, 17, 76).
cost(5, 18, 34).
cost(5, 19, 68).
cost(5, 20, 9).
cost(5, 21, 9).
cost(5, 22, 45).
cost(5, 23, 6).
cost(5, 24, 68).
cost(5, 25, 8).
cost(5, 26, 9).
cost(6, 1, 27).
cost(6, 2, 96).
cost(6, 3, 95).
cost(6, 4, 24).
cost(6, 5, 74).
cost(6, 7, 8).
cost(6, 8, 69).
cost(6, 9, 14).
cost(6, 10, 4).
cost(6, 11, 29).
cost(6, 12, 74).
cost(6, 13, 72).
cost(6, 14, 70).
cost(6, 15, 26).
cost(6, 16, 36).
cost(6, 17, 26).
cost(6, 18, 86).
cost(6, 19, 69).
cost(6, 20, 83).
cost(6, 21, 67).
cost(6, 22, 101).
cost(6, 23, 79).
cost(6, 24, 76).
cost(6, 25, 69).
cost(6, 26, 72).
cost(7, 1, 26).
cost(7, 2, 90).
cost(7, 3, 88).
cost(7, 4, 18).
cost(7, 5, 72).
cost(7, 6, 8).
cost(7, 8, 61).
cost(7, 9, 16).
cost(7, 10, 10).
cost(7, 11, 22).
cost(7, 12, 66).
cost(7, 13, 67).
cost(7, 14, 65).
cost(7, 15, 21).
cost(7, 16, 30).
cost(7, 17, 18).
cost(7, 18, 81).
cost(7, 19, 62).
cost(7, 20, 81).
cost(7, 21, 64).
cost(7, 22, 96).
cost(7, 23, 77).
cost(7, 24, 68).
cost(7, 25, 66).
cost(7, 26, 68).
cost(8, 1, 60).
cost(8, 2, 42).
cost(8, 3, 29).
cost(8, 4, 48).
cost(8, 5, 65).
cost(8, 6, 69).
cost(8, 7, 61).
cost(8, 9, 67).
cost(8, 10, 71).
cost(8, 11, 41).
cost(8, 12, 13).
cost(8, 13, 39).
cost(8, 14, 36).
cost(8, 15, 48).
cost(8, 16, 37).
cost(8, 17, 48).
cost(8, 18, 45).
cost(8, 19, 3).
cost(8, 20, 73).
cost(8, 21, 58).
cost(8, 22, 54).
cost(8, 23, 71).
cost(8, 24, 7).
cost(8, 25, 57).
cost(8, 26, 56).
cost(9, 1, 14).
cost(9, 2, 89).
cost(9, 3, 91).
cost(9, 4, 19).
cost(9, 5, 62).
cost(9, 6, 14).
cost(9, 7, 16).
cost(9, 8, 67).
cost(9, 10, 17).
cost(9, 11, 27).
cost(9, 12, 74).
cost(9, 13, 63).
cost(9, 14, 62).
cost(9, 15, 19).
cost(9, 16, 31).
cost(9, 17, 32).
cost(9, 18, 77).
cost(9, 19, 68).
cost(9, 20, 71).
cost(9, 21, 55).
cost(9, 22, 92).
cost(9, 23, 66).
cost(9, 24, 74).
cost(9, 25, 57).
cost(9, 26, 60).
cost(10, 1, 30).
cost(10, 2, 100).
cost(10, 3, 98).
cost(10, 4, 27).
cost(10, 5, 78).
cost(10, 6, 4).
cost(10, 7, 10).
cost(10, 8, 71).
cost(10, 9, 17).
cost(10, 11, 31).
cost(10, 12, 76).
cost(10, 13, 75).
cost(10, 14, 74).
cost(10, 15, 29).
cost(10, 16, 39).
cost(10, 17, 27).
cost(10, 18, 90).
cost(10, 19, 72).
cost(10, 20, 87).
cost(10, 21, 71).
cost(10, 22, 105).
cost(10, 23, 82).
cost(10, 24, 78).
cost(10, 25, 72).
cost(10, 26, 75).
cost(11, 1, 24).
cost(11, 2, 69).
cost(11, 3, 67).
cost(11, 4, 9).
cost(11, 5, 59).
cost(11, 6, 29).
cost(11, 7, 22).
cost(11, 8, 41).
cost(11, 9, 27).
cost(11, 10, 31).
cost(11, 12, 48).
cost(11, 13, 47).
cost(11, 14, 45).
cost(11, 15, 11).
cost(11, 16, 10).
cost(11, 17, 18).
cost(11, 18, 61).
cost(11, 19, 41).
cost(11, 20, 68).
cost(11, 21, 50).
cost(11, 22, 76).
cost(11, 23, 64).
cost(11, 24, 48).
cost(11, 25, 51).
cost(11, 26, 53).
cost(12, 1, 69).
cost(12, 2, 52).
cost(12, 3, 35).
cost(12, 4, 56).
cost(12, 5, 78).
cost(12, 6, 74).
cost(12, 7, 66).
cost(12, 8, 13).
cost(12, 9, 74).
cost(12, 10, 76).
cost(12, 11, 48).
cost(12, 13, 52).
cost(12, 14, 49).
cost(12, 15, 57).
cost(12, 16, 46).
cost(12, 17, 51).
cost(12, 18, 57).
cost(12, 19, 11).
cost(12, 20, 86).
cost(12, 21, 71).
cost(12, 22, 65).
cost(12, 23, 85).
cost(12, 24, 13).
cost(12, 25, 71).
cost(12, 26, 69).
cost(13, 1, 49).
cost(13, 2, 28).
cost(13, 3, 41).
cost(13, 4, 48).
cost(13, 5, 28).
cost(13, 6, 72).
cost(13, 7, 67).
cost(13, 8, 39).
cost(13, 9, 63).
cost(13, 10, 75).
cost(13, 11, 47).
cost(13, 12, 52).
cost(13, 14, 3).
cost(13, 15, 46).
cost(13, 16, 37).
cost(13, 17, 64).
cost(13, 18, 15).
cost(13, 19, 42).
cost(13, 20, 34).
cost(13, 21, 22).
cost(13, 22, 30).
cost(13, 23, 33).
cost(13, 24, 41).
cost(13, 25, 21).
cost(13, 26, 19).
cost(14, 1, 49).
cost(14, 2, 28).
cost(14, 3, 39).
cost(14, 4, 47).
cost(14, 5, 30).
cost(14, 6, 70).
cost(14, 7, 65).
cost(14, 8, 36).
cost(14, 9, 62).
cost(14, 10, 74).
cost(14, 11, 45).
cost(14, 12, 49).
cost(14, 13, 3).
cost(14, 15, 44).
cost(14, 16, 36).
cost(14, 17, 61).
cost(14, 18, 16).
cost(14, 19, 39).
cost(14, 20, 38).
cost(14, 21, 25).
cost(14, 22, 31).
cost(14, 23, 36).
cost(14, 24, 38).
cost(14, 25, 24).
cost(14, 26, 21).
cost(15, 1, 13).
cost(15, 2, 71).
cost(15, 3, 72).
cost(15, 4, 4).
cost(15, 5, 52).
cost(15, 6, 26).
cost(15, 7, 21).
cost(15, 8, 48).
cost(15, 9, 19).
cost(15, 10, 29).
cost(15, 11, 11).
cost(15, 12, 57).
cost(15, 13, 46).
cost(15, 14, 44).
cost(15, 16, 11).
cost(15, 17, 26).
cost(15, 18, 60).
cost(15, 19, 49).
cost(15, 20, 61).
cost(15, 21, 44).
cost(15, 22, 75).
cost(15, 23, 57).
cost(15, 24, 55).
cost(15, 25, 45).
cost(15, 26, 48).
cost(16, 1, 23).
cost(16, 2, 60).
cost(16, 3, 60).
cost(16, 4, 12).
cost(16, 5, 49).
cost(16, 6, 36).
cost(16, 7, 30).
cost(16, 8, 37).
cost(16, 9, 31).
cost(16, 10, 39).
cost(16, 11, 10).
cost(16, 12, 46).
cost(16, 13, 37).
cost(16, 14, 36).
cost(16, 15, 11).
cost(16, 17, 27).
cost(16, 18, 51).
cost(16, 19, 38).
cost(16, 20, 59).
cost(16, 21, 41).
cost(16, 22, 66).
cost(16, 23, 55).
cost(16, 24, 44).
cost(16, 25, 42).
cost(16, 26, 43).
cost(17, 1, 37).
cost(17, 2, 83).
cost(17, 3, 77).
cost(17, 4, 22).
cost(17, 5, 76).
cost(17, 6, 26).
cost(17, 7, 18).
cost(17, 8, 48).
cost(17, 9, 32).
cost(17, 10, 27).
cost(17, 11, 18).
cost(17, 12, 51).
cost(17, 13, 64).
cost(17, 14, 61).
cost(17, 15, 26).
cost(17, 16, 27).
cost(17, 18, 77).
cost(17, 19, 48).
cost(17, 20, 86).
cost(17, 21, 68).
cost(17, 22, 91).
cost(17, 23, 82).
cost(17, 24, 55).
cost(17, 25, 69).
cost(17, 26, 71).
cost(18, 1, 64).
cost(18, 2, 17).
cost(18, 3, 36).
cost(18, 4, 63).
cost(18, 5, 34).
cost(18, 6, 86).
cost(18, 7, 81).
cost(18, 8, 45).
cost(18, 9, 77).
cost(18, 10, 90).
cost(18, 11, 61).
cost(18, 12, 57).
cost(18, 13, 15).
cost(18, 14, 16).
cost(18, 15, 60).
cost(18, 16, 51).
cost(18, 17, 77).
cost(18, 19, 47).
cost(18, 20, 37).
cost(18, 21, 32).
cost(18, 22, 15).
cost(18, 23, 38).
cost(18, 24, 44).
cost(18, 25, 30).
cost(18, 26, 26).
cost(19, 1, 61).
cost(19, 2, 44).
cost(19, 3, 30).
cost(19, 4, 49).
cost(19, 5, 68).
cost(19, 6, 69).
cost(19, 7, 62).
cost(19, 8, 3).
cost(19, 9, 68).
cost(19, 10, 72).
cost(19, 11, 41).
cost(19, 12, 11).
cost(19, 13, 42).
cost(19, 14, 39).
cost(19, 15, 49).
cost(19, 16, 38).
cost(19, 17, 48).
cost(19, 18, 47).
cost(19, 20, 76).
cost(19, 21, 61).
cost(19, 22, 56).
cost(19, 23, 74).
cost(19, 24, 7).
cost(19, 25, 60).
cost(19, 26, 59).
cost(20, 1, 57).
cost(20, 2, 54).
cost(20, 3, 73).
cost(20, 4, 65).
cost(20, 5, 9).
cost(20, 6, 83).
cost(20, 7, 81).
cost(20, 8, 73).
cost(20, 9, 71).
cost(20, 10, 87).
cost(20, 11, 68).
cost(20, 12, 86).
cost(20, 13, 34).
cost(20, 14, 38).
cost(20, 15, 61).
cost(20, 16, 59).
cost(20, 17, 86).
cost(20, 18, 37).
cost(20, 19, 76).
cost(20, 21, 18).
cost(20, 22, 46).
cost(20, 23, 5).
cost(20, 24, 75).
cost(20, 25, 17).
cost(20, 26, 17).
cost(21, 1, 41).
cost(21, 2, 49).
cost(21, 3, 64).
cost(21, 4, 47).
cost(21, 5, 9).
cost(21, 6, 67).
cost(21, 7, 64).
cost(21, 8, 58).
cost(21, 9, 55).
cost(21, 10, 71).
cost(21, 11, 50).
cost(21, 12, 71).
cost(21, 13, 22).
cost(21, 14, 25).
cost(21, 15, 44).
cost(21, 16, 41).
cost(21, 17, 68).
cost(21, 18, 32).
cost(21, 19, 61).
cost(21, 20, 18).
cost(21, 22, 45).
cost(21, 23, 15).
cost(21, 24, 61).
cost(21, 25, 2).
cost(21, 26, 6).
cost(22, 1, 79).
cost(22, 2, 14).
cost(22, 3, 36).
cost(22, 4, 78).
cost(22, 5, 45).
cost(22, 6, 101).
cost(22, 7, 96).
cost(22, 8, 54).
cost(22, 9, 92).
cost(22, 10, 105).
cost(22, 11, 76).
cost(22, 12, 65).
cost(22, 13, 30).
cost(22, 14, 31).
cost(22, 15, 75).
cost(22, 16, 66).
cost(22, 17, 91).
cost(22, 18, 15).
cost(22, 19, 56).
cost(22, 20, 46).
cost(22, 21, 45).
cost(22, 23, 48).
cost(22, 24, 52).
cost(22, 25, 43).
cost(22, 26, 39).
cost(23, 1, 52).
cost(23, 2, 55).
cost(23, 3, 73).
cost(23, 4, 61).
cost(23, 5, 6).
cost(23, 6, 79).
cost(23, 7, 77).
cost(23, 8, 71).
cost(23, 9, 66).
cost(23, 10, 82).
cost(23, 11, 64).
cost(23, 12, 85).
cost(23, 13, 33).
cost(23, 14, 36).
cost(23, 15, 57).
cost(23, 16, 55).
cost(23, 17, 82).
cost(23, 18, 38).
cost(23, 19, 74).
cost(23, 20, 5).
cost(23, 21, 15).
cost(23, 22, 48).
cost(23, 24, 74).
cost(23, 25, 14).
cost(23, 26, 15).
cost(24, 1, 66).
cost(24, 2, 39).
cost(24, 3, 23).
cost(24, 4, 55).
cost(24, 5, 68).
cost(24, 6, 76).
cost(24, 7, 68).
cost(24, 8, 7).
cost(24, 9, 74).
cost(24, 10, 78).
cost(24, 11, 48).
cost(24, 12, 13).
cost(24, 13, 41).
cost(24, 14, 38).
cost(24, 15, 55).
cost(24, 16, 44).
cost(24, 17, 55).
cost(24, 18, 44).
cost(24, 19, 7).
cost(24, 20, 75).
cost(24, 21, 61).
cost(24, 22, 52).
cost(24, 23, 74).
cost(24, 25, 61).
cost(24, 26, 59).
cost(25, 1, 42).
cost(25, 2, 47).
cost(25, 3, 62).
cost(25, 4, 49).
cost(25, 5, 8).
cost(25, 6, 69).
cost(25, 7, 66).
cost(25, 8, 57).
cost(25, 9, 57).
cost(25, 10, 72).
cost(25, 11, 51).
cost(25, 12, 71).
cost(25, 13, 21).
cost(25, 14, 24).
cost(25, 15, 45).
cost(25, 16, 42).
cost(25, 17, 69).
cost(25, 18, 30).
cost(25, 19, 60).
cost(25, 20, 17).
cost(25, 21, 2).
cost(25, 22, 43).
cost(25, 23, 14).
cost(25, 24, 61).
cost(25, 26, 4).
cost(26, 1, 46).
cost(26, 2, 43).
cost(26, 3, 59).
cost(26, 4, 51).
cost(26, 5, 9).
cost(26, 6, 72).
cost(26, 7, 68).
cost(26, 8, 56).
cost(26, 9, 60).
cost(26, 10, 75).
cost(26, 11, 53).
cost(26, 12, 69).
cost(26, 13, 19).
cost(26, 14, 21).
cost(26, 15, 48).
cost(26, 16, 43).
cost(26, 17, 71).
cost(26, 18, 26).
cost(26, 19, 59).
cost(26, 20, 17).
cost(26, 21, 6).
cost(26, 22, 39).
cost(26, 23, 15).
cost(26, 24, 59).
cost(26, 25, 4).
