dimension(26).
point(1, 54.9482503101, 37.994871175).
point(2, 89.8352015694, 86.8747654747).
point(3, 26.0974444232, 22.9491003788).
point(4, 41.6637795078, 43.7620901937).
point(5, 70.2605061678, 49.596420395).
point(6, 92.1289731213, 19.9297973781).
point(7, 92.9990738424, 84.6199629891).
point(8, 75.4444538507, 71.7264390993).
point(9, 46.2479420146, 12.6771547776).
point(10, 3.3180851888, 94.5728210766).
point(11, 57.8820565114, 42.6506858344).
point(12, 88.9573566211, 11.5286625991).
point(13, 5.8095731717, 98.6923940925).
point(14, 39.7794374203, 62.8219907596).
point(15, 75.6302608623, 65.9262009517).
point(16, 12.8351419709, 82.0932296309).
point(17, 44.4774757418, 8.9384661391).
point(18, 65.0719785142, 81.9070380291).
point(19, 10.0415425186, 98.0415329216).
point(20, 66.7410515769, 74.2757868962).
point(21, 94.4577570843, 13.6584607408).
point(22, 81.8519425381, 38.6349346898).
point(23, 15.6638536247, 36.375543926).
point(24, 19.4455603117, 99.238374854).
point(25, 75.1439012208, 21.8259913095).
point(26, 33.947250974, 23.6040257042).
cost(1, 2, 60).
cost(1, 3, 33).
cost(1, 4, 14).
cost(1, 5, 19).
cost(1, 6, 41).
cost(1, 7, 60).
cost(1, 8, 39).
cost(1, 9, 27).
cost(1, 10, 77).
cost(1, 11, 6).
cost(1, 12, 43).
cost(1, 13, 78).
cost(1, 14, 29).
cost(1, 15, 35).
cost(1, 16, 61).
cost(1, 17, 31).
cost(1, 18, 45).
cost(1, 19, 75).
cost(1, 20, 38).
cost(1, 21, 46).
cost(1, 22, 27).
cost(1, 23, 39).
cost(1, 24, 71).
cost(1, 25, 26).
cost(1, 26, 25).
cost(2, 1, 60).
cost(2, 3, 90).
cost(2, 4, 65).
cost(2, 5, 42).
cost(2, 6, 67).
cost(2, 7, 4).
cost(2, 8, 21).
cost(2, 9, 86).
cost(2, 10, 87).
cost(2, 11, 55).
cost(2, 12, 75).
cost(2, 13, 85).
cost(2, 14, 56).
cost(2, 15, 25).
cost(2, 16, 77).
cost(2, 17, 90).
cost(2, 18, 25).
cost(2, 19, 81).
cost(2, 20, 26).
cost(2, 21, 73).
cost(2, 22, 49).
cost(2, 23, 90).
cost(2, 24, 71).
cost(2, 25, 67).
cost(2, 26, 84).
cost(3, 1, 33).
cost(3, 2, 90).
cost(3, 4, 26).
cost(3, 5, 52).
cost(3, 6, 66).
cost(3, 7, 91).
cost(3, 8, 69).
cost(3, 9, 23).
cost(3, 10, 75).
cost(3, 11, 37).
cost(3, 12, 64).
cost(3, 13, 78).
cost(3, 14, 42).
cost(3, 15, 66).
cost(3, 16, 61).
cost(3, 17, 23).
cost(3, 18, 71).
cost(3, 19, 77).
cost(3, 20, 65).
cost(3, 21, 69).
cost(3, 22, 58).
cost(3, 23, 17).
cost(3, 24, 77).
cost(3, 25, 49).
cost(3, 26, 8).
cost(4, 1, 14).
cost(4, 2, 65).
cost(4, 3, 26).
cost(4, 5, 29).
cost(4, 6, 56).
cost(4, 7, 66).
cost(4, 8, 44).
cost(4, 9, 31).
cost(4, 10, 64).
cost(4, 11, 16).
cost(4, 12, 57).
cost(4, 13, 66).
cost(4, 14, 19).
cost(4, 15, 41).
cost(4, 16, 48).
cost(4, 17, 35).
cost(4, 18, 45).
cost(4, 19, 63).
cost(4, 20, 39).
cost(4, 21, 61).
cost(4, 22, 41).
cost(4, 23, 27).
cost(4, 24, 60).
cost(4, 25, 40).
cost(4, 26, 22).
cost(5, 1, 19).
cost(5, 2, 42).
cost(5, 3, 52).
cost(5, 4, 29).
cost(5, 6, 37).
cost(5, 7, 42).
cost(5, 8, 23).
cost(5, 9, 44).
cost(5, 10, 81).
cost(5, 11, 14).
cost(5, 12, 42).
cost(5, 13, 81).
cost(5, 14, 33).
cost(5, 15, 17).
cost(5, 16, 66).
cost(5, 17, 48).
cost(5, 18, 33).
cost(5, 19, 77).
cost(5, 20, 25).
cost(5, 21, 43).
cost(5, 22, 16).
cost(5, 23, 56).
cost(5, 24, 71).
cost(5, 25, 28).
cost(5, 26, 45).
cost(6, 1, 41).
cost(6, 2, 67).
cost(6, 3, 66).
cost(6, 4, 56).
cost(6, 5, 37).
cost(6, 7, 65).
cost(6, 8, 54).
cost(6, 9, 46).
cost(6, 10, 116).
cost(6, 11, 41).
cost(6, 12, 9).
cost(6, 13, 117).
cost(6, 14, 68).
cost(6, 15, 49).
cost(6, 16, 101).
cost(6, 17, 49).
cost(6, 18, 68).
cost(6, 19, 113).
cost(6, 20, 60).
cost(6, 21, 7).
cost(6, 22, 21).
cost(6, 23, 78).
cost(6, 24, 108).
cost(6, 25, 17).
cost(6, 26, 58).
cost(7, 1, 60).
cost(7, 2, 4).
cost(7, 3, 91).
cost(7, 4, 66).
cost(7, 5, 42).
cost(7, 6, 65).
cost(7, 8, 22).
cost(7, 9, 86).
cost(7, 10, 90).
cost(7, 11, 55).
cost(7, 12, 73).
cost(7, 13, 88).
cost(7, 14, 58).
cost(7, 15, 26).
cost(7, 16, 80).
cost(7, 17, 90).
cost(7, 18, 28).
cost(7, 19, 84).
cost(7, 20, 28).
cost(7, 21, 71).
cost(7, 22, 47).
cost(7, 23, 91).
cost(7, 24, 75).
cost(7, 25, 65).
cost(7, 26, 85).
cost(8, 1, 39).
cost(8, 2, 21).
cost(8, 3, 69).
cost(8, 4, 44).
cost(8, 5, 23).
cost(8, 6, 54).
cost(8, 7, 22).
cost(8, 9, 66).
cost(8, 10, 76).
cost(8, 11, 34).
cost(8, 12, 62).
cost(8, 13, 75).
cost(8, 14, 37).
cost(8, 15, 6).
cost(8, 16, 63).
cost(8, 17, 70).
cost(8, 18, 15).
cost(8, 19, 70).
cost(8, 20, 9).
cost(8, 21, 61).
cost(8, 22, 34).
cost(8, 23, 69).
cost(8, 24, 62).
cost(8, 25, 50).
cost(8, 26, 64).
cost(9, 1, 27).
cost(9, 2, 86).
cost(9, 3, 23).
cost(9, 4, 31).
cost(9, 5, 44).
cost(9, 6, 46).
cost(9, 7, 86).
cost(9, 8, 66).
cost(9, 10, 92).
cost(9, 11, 32).
cost(9, 12, 43).
cost(9, 13, 95).
cost(9, 14, 51).
cost(9, 15, 61).
cost(9, 16, 77).
cost(9, 17, 4).
cost(9, 18, 72).
cost(9, 19, 93).
cost(9, 20, 65).
cost(9, 21, 48).
cost(9, 22, 44).
cost(9, 23, 39).
cost(9, 24, 91).
cost(9, 25, 30).
cost(9, 26, 16).
cost(10, 1, 77).
cost(10, 2, 87).
cost(10, 3, 75).
cost(10, 4, 64).
cost(10, 5, 81).
cost(10, 6, 116).
cost(10, 7, 90).
cost(10, 8, 76).
cost(10, 9, 92).
cost(10, 11, 75).
cost(10, 12, 119).
cost(10, 13, 5).
cost(10, 14, 48).
cost(10, 15, 78).
cost(10, 16, 16).
cost(10, 17, 95).
cost(10, 18, 63).
cost(10, 19, 8).
cost(10, 20, 67).
cost(10, 21, 122).
cost(10, 22, 96).
cost(10, 23, 59).
cost(10, 24, 17).
cost(10, 25, 102).
cost(10, 26, 77).
cost(11, 1, 6).
cost(11, 2, 55).
cost(11, 3, 37).
cost(11, 4, 16).
cost(11, 5, 14).
cost(11, 6, 41).
cost(11, 7, 55).
cost(11, 8, 34).
cost(11, 9, 32).
cost(11, 10, 75).
cost(11, 12, 44).
cost(11, 13, 76).
cost(11, 14, 27).
cost(11, 15, 29).
cost(11, 16, 60).
cost(11, 17, 36).
cost(11, 18, 40).
cost(11, 19, 73).
cost(11, 20, 33).
cost(11, 21, 47).
cost(11, 22, 24).
cost(11, 23, 43).
cost(11, 24, 68).
cost(11, 25, 27).
cost(11, 26, 31).
cost(12, 1, 43).
cost(12, 2, 75).
cost(12, 3, 64).
cost(12, 4, 57).
cost(12, 5, 42).
cost(12, 6, 9).
cost(12, 7, 73).
cost(12, 8, 62).
cost(12, 9, 43).
cost(12, 10, 119).
cost(12, 11, 44).
cost(12, 13, 120).
cost(12, 14, 71).
cost(12, 15, 56).
cost(12, 16, 104).
cost(12, 17, 45).
cost(12, 18, 74).
cost(12, 19, 117).
cost(12, 20, 67).
cost(12, 21, 6).
cost(12, 22, 28).
cost(12, 23, 77).
cost(12, 24, 112).
cost(12, 25, 17).
cost(12, 26, 56).
cost(13, 1, 78).
cost(13, 2, 85).
cost(13, 3, 78).
cost(13, 4, 66).
cost(13, 5, 81).
cost(13, 6, 117).
cost(13, 7, 88).
cost(13, 8, 75).
cost(13, 9, 95).
cost(13, 10, 5).
cost(13, 11, 76).
cost(13, 12, 120).
cost(13, 14, 49).
cost(13, 15, 77).
cost(13, 16, 18).
cost(13, 17, 98).
cost(13, 18, 62).
cost(13, 19, 4).
cost(13, 20, 66).
cost(13, 21, 123).
cost(13, 22, 97).
cost(13, 23, 63).
cost(13, 24, 14).
cost(13, 25, 104).
cost(13, 26, 80).
cost(14, 1, 29).
cost(14, 2, 56).
cost(14, 3, 42).
cost(14, 4, 19).
cost(14, 5, 33).
cost(14, 6, 68).
cost(14, 7, 58).
cost(14, 8, 37).
cost(14, 9, 51).
cost(14, 10, 48).
cost(14, 11, 27).
cost(14, 12, 71).
cost(14, 13, 49).
cost(14, 15, 36).
cost(14, 16, 33).
cost(14, 17, 54).
cost(14, 18, 32).
cost(14, 19, 46).
cost(14, 20, 29).
cost(14, 21, 74).
cost(14, 22, 49).
cost(14, 23, 36).
cost(14, 24, 42).
cost(14, 25, 54).
cost(14, 26, 40).
cost(15, 1, 35).
cost(15, 2, 25).
cost(15, 3, 66).
cost(15, 4, 41).
cost(15, 5, 17).
cost(15, 6, 49).
cost(15, 7, 26).
cost(15, 8, 6).
cost(15, 9, 61).
cost(15, 10, 78).
cost(15, 11, 29).
cost(15, 12, 56).
cost(15, 13, 77).
cost(15, 14, 36).
cost(15, 16, 65).
cost(15, 17, 65).
cost(15, 18, 19).
cost(15, 19, 73).
cost(15, 20, 12).
cost(15, 21, 56).
cost(15, 22, 28).
cost(15, 23, 67).
cost(15, 24, 65).
cost(15, 25, 44).
cost(15, 26, 59).
cost(16, 1, 61).
cost(16, 2, 77).
cost(16, 3, 61).
cost(16, 4, 48).
cost(16, 5, 66).
cost(16, 6, 101).
cost(16, 7, 80).
cost(16, 8, 63).
cost(16, 9, 77).
cost(16, 10, 16).
cost(16, 11, 60).
cost(16, 12, 104).
cost(16, 13, 18).
cost(16, 14, 33).
cost(16, 15, 65).
cost(16, 17, 80).
cost(16, 18, 52).
cost(16, 19, 16).
cost(16, 20, 54).
cost(16, 21, 107).
cost(16, 22, 82).
cost(16, 23, 46).
cost(16, 24, 18).
cost(16, 25, 87).
cost(16, 26, 62).
cost(17, 1, 31).
cost(17, 2, 90).
cost(17, 3, 23).
cost(17, 4, 35).
cost(17, 5, 48).
cost(17, 6, 49).
cost(17, 7, 90).
cost(17, 8, 70).
cost(17, 9, 4).
cost(17, 10, 95).
cost(17, 11, 36).
cost(17, 12, 45).
cost(17, 13, 98).
cost(17, 14, 54).
cost(17, 15, 65).
cost(17, 16, 80).
cost(17, 18, 76).
cost(17, 19, 96).
cost(17, 20, 69).
cost(17, 21, 50).
cost(17, 22, 48).
cost(17, 23, 40).
cost(17, 24, 94).
cost(17, 25, 33).
cost(17, 26, 18).
cost(18, 1, 45).
cost(18, 2, 25).
cost(18, 3, 71).
cost(18, 4, 45).
cost(18, 5, 33).
cost(18, 6, 68).
cost(18, 7, 28).
cost(18, 8, 15).
cost(18, 9, 72).
cost(18, 10, 63).
cost(18, 11, 40).
cost(18, 12, 74).
cost(18, 13, 62).
cost(18, 14, 32).
cost(18, 15, 19).
cost(18, 16, 52).
cost(18, 17, 76).
cost(18, 19, 57).
cost(18, 20, 8).
cost(18, 21, 74).
cost(18, 22, 46).
cost(18, 23, 67).
cost(18, 24, 49).
cost(18, 25, 61).
cost(18, 26, 66).
cost(19, 1, 75).
cost(19, 2, 81).
cost(19, 3, 77).
cost(19, 4, 63).
cost(19, 5, 77).
cost(19, 6, 113).
cost(19, 7, 84).
cost(19, 8, 70).
cost(19, 9, 93).
cost(19, 10, 8).
cost(19, 11, 73).
cost(19, 12, 117).
cost(19, 13, 4).
cost(19, 14, 46).
cost(19, 15, 73).
cost(19, 16, 16).
cost(19, 17, 96).
cost(19, 18, 57).
cost(19, 20, 61).
cost(19, 21, 119).
cost(19, 22, 93).
cost(19, 23, 62).
cost(19, 24, 9).
cost(19, 25, 100).
cost(19, 26, 78).
cost(20, 1, 38).
cost(20, 2, 26).
cost(20, 3, 65).
cost(20, 4, 39).
cost(20, 5, 25).
cost(20, 6, 60).
cost(20, 7, 28).
cost(20, 8, 9).
cost(20, 9, 65).
cost(20, 10, 67).
cost(20, 11, 33).
cost(20, 12, 67).
cost(20, 13, 66).
cost(20, 14, 29).
cost(20, 15, 12).
cost(20, 16, 54).
cost(20, 17, 69).
cost(20, 18, 8).
cost(20, 19, 61).
cost(20, 21, 67).
cost(20, 22, 39).
cost(20, 23, 64).
cost(20, 24, 53).
cost(20, 25, 53).
cost(20, 26, 60).
cost(21, 1, 46).
cost(21, 2, 73).
cost(21, 3, 69).
cost(21, 4, 61).
cost(21, 5, 43).
cost(21, 6, 7).
cost(21, 7, 71).
cost(21, 8, 61).
cost(21, 9, 48).
cost(21, 10, 122).
cost(21, 11, 47).
cost(21, 12, 6).
cost(21, 13, 123).
cost(21, 14, 74).
cost(21, 15, 56).
cost(21, 16, 107).
cost(21, 17, 50).
cost(21, 18, 74).
cost(21, 19, 119).
cost(21, 20, 67).
cost(21, 22, 28).
cost(21, 23, 82).
cost(21, 24, 114).
cost(21, 25, 21).
cost(21, 26, 61).
cost(22, 1, 27).
cost(22, 2, 49).
cost(22, 3, 58).
cost(22, 4, 41).
cost(22, 5, 16).
cost(22, 6, 21).
cost(22, 7, 47).
cost(22, 8, 34).
cost(22, 9, 44).
cost(22, 10, 96).
cost(22, 11, 24).
cost(22, 12, 28).
cost(22, 13, 97).
cost(22, 14, 49).
cost(22, 15, 28).
cost(22, 16, 82).
cost(22, 17, 48).
cost(22, 18, 46).
cost(22, 19, 93).
cost(22, 20, 39).
cost(22, 21, 28).
cost(22, 23, 66).
cost(22, 24, 87).
cost(22, 25, 18).
cost(22, 26, 50).
cost(23, 1, 39).
cost(23, 2, 90).
cost(23, 3, 17).
cost(23, 4, 27).
cost(23, 5, 56).
cost(23, 6, 78).
cost(23, 7, 91).
cost(23, 8, 69).
cost(23, 9, 39).
cost(23, 10, 59).
cost(23, 11, 43).
cost(23, 12, 77).
cost(23, 13, 63).
cost(23, 14, 36).
cost(23, 15, 67).
cost(23, 16, 46).
cost(23, 17, 40).
cost(23, 18, 67).
cost(23, 19, 62).
cost(23, 20, 64).
cost(23, 21, 82).
cost(23, 22, 66).
cost(23, 24, 63).
cost(23, 25, 61).
cost(23, 26, 22).
cost(24, 1, 71).
cost(24, 2, 71).
cost(24, 3, 77).
cost(24, 4, 60).
cost(24, 5, 71).
cost(24, 6, 108).
cost(24, 7, 75).
cost(24, 8, 62).
cost(24, 9, 91).
cost(24, 10, 17).
cost(24, 11, 68).
cost(24, 12, 112).
cost(24, 13, 14).
cost(24, 14, 42).
cost(24, 15, 65).
cost(24, 16, 18).
cost(24, 17, 94).
cost(24, 18, 49).
cost(24, 19, 9).
cost(24, 20, 53).
cost(24, 21, 114).
cost(24, 22, 87).
cost(24, 23, 63).
cost(24, 25, 95).
cost(24, 26, 77).
cost(25, 1, 26).
cost(25, 2, 67).
cost(25, 3, 49).
cost(25, 4, 40).
cost(25, 5, 28).
cost(25, 6, 17).
cost(25, 7, 65).
cost(25, 8, 50).
cost(25, 9, 30).
cost(25, 10, 102).
cost(25, 11, 27).
cost(25, 12, 17).
cost(25, 13, 104).
cost(25, 14, 54).
cost(25, 15, 44).
cost(25, 16, 87).
cost(25, 17, 33).
cost(25, 18, 61).
cost(25, 19, 100).
cost(25, 20, 53).
cost(25, 21, 21).
cost(25, 22, 18).
cost(25, 23, 61).
cost(25, 24, 95).
cost(25, 26, 41).
cost(26, 1, 25).
cost(26, 2, 84).
cost(26, 3, 8).
cost(26, 4, 22).
cost(26, 5, 45).
cost(26, 6, 58).
cost(26, 7, 85).
cost(26, 8, 64).
cost(26, 9, 16).
cost(26, 10, 77).
cost(26, 11, 31).
cost(26, 12, 56).
cost(26, 13, 80).
cost(26, 14, 40).
cost(26, 15, 59).
cost(26, 16, 62).
cost(26, 17, 18).
cost(26, 18, 66).
cost(26, 19, 78).
cost(26, 20, 60).
cost(26, 21, 61).
cost(26, 22, 50).
cost(26, 23, 22).
cost(26, 24, 77).
cost(26, 25, 41).
