dimension(26).
point(1, 67.7890564527, 84.1398849351).
point(2, 31.8061772767, 97.1259648477).
point(3, 38.6097870651, 62.5440462061).
point(4, 22.7837438672, 46.5847561249).
point(5, 87.5842197519, 9.9654560358).
point(6, 40.0597559176, 90.4377347424).
point(7, 16.3355076786, 63.2849974744).
point(8, 78.9632835648, 85.6800886907).
point(9, 84.2784790321, 65.8828583236).
point(10, 10.9131278804, 26.4494380778).
point(11, 19.4910063915, 15.9309335053).
point(12, 55.4951654813, 92.9684365706).
point(13, 23.7095530324, 69.5256128415).
point(14, 73.5188504902, 29.8689497847).
point(15, 34.2451044574, 2.6216006187).
point(16, 16.8473665932, 25.7406755292).
point(17, 87.8198398084, 36.2680170405).
point(18, 77.066388941, 15.2611331915).
point(19, 76.9051143274, 39.6146055232).
point(20, 17.5156969676, 66.2985985043).
point(21, 88.8877543262, 83.6310351103).
point(22, 83.3158870098, 27.7131433786).
point(23, 40.6850231615, 13.217008453).
point(24, 47.8369241854, 84.3606423876).
point(25, 35.7274792167, 93.99374443).
point(26, 72.9919986294, 57.2580400373).
cost(1, 2, 38).
cost(1, 3, 36).
cost(1, 4, 59).
cost(1, 5, 77).
cost(1, 6, 28).
cost(1, 7, 56).
cost(1, 8, 11).
cost(1, 9, 25).
cost(1, 10, 81).
cost(1, 11, 84).
cost(1, 12, 15).
cost(1, 13, 46).
cost(1, 14, 55).
cost(1, 15, 88).
cost(1, 16, 77).
cost(1, 17, 52).
cost(1, 18, 70).
cost(1, 19, 45).
cost(1, 20, 53).
cost(1, 21, 21).
cost(1, 22, 59).
cost(1, 23, 76).
cost(1, 24, 20).
cost(1, 25, 34).
cost(1, 26, 27).
cost(2, 1, 38).
cost(2, 3, 35).
cost(2, 4, 51).
cost(2, 5, 103).
cost(2, 6, 11).
cost(2, 7, 37).
cost(2, 8, 49).
cost(2, 9, 61).
cost(2, 10, 74).
cost(2, 11, 82).
cost(2, 12, 24).
cost(2, 13, 29).
cost(2, 14, 79).
cost(2, 15, 95).
cost(2, 16, 73).
cost(2, 17, 83).
cost(2, 18, 94).
cost(2, 19, 73).
cost(2, 20, 34).
cost(2, 21, 59).
cost(2, 22, 86).
cost(2, 23, 84).
cost(2, 24, 20).
cost(2, 25, 5).
cost(2, 26, 57).
cost(3, 1, 36).
cost(3, 2, 35).
cost(3, 4, 22).
cost(3, 5, 72).
cost(3, 6, 28).
cost(3, 7, 22).
cost(3, 8, 47).
cost(3, 9, 46).
cost(3, 10, 45).
cost(3, 11, 50).
cost(3, 12, 35).
cost(3, 13, 16).
cost(3, 14, 48).
cost(3, 15, 60).
cost(3, 16, 43).
cost(3, 17, 56).
cost(3, 18, 61).
cost(3, 19, 45).
cost(3, 20, 21).
cost(3, 21, 55).
cost(3, 22, 57).
cost(3, 23, 49).
cost(3, 24, 24).
cost(3, 25, 32).
cost(3, 26, 35).
cost(4, 1, 59).
cost(4, 2, 51).
cost(4, 3, 22).
cost(4, 5, 74).
cost(4, 6, 47).
cost(4, 7, 18).
cost(4, 8, 68).
cost(4, 9, 64).
cost(4, 10, 23).
cost(4, 11, 31).
cost(4, 12, 57).
cost(4, 13, 23).
cost(4, 14, 53).
cost(4, 15, 45).
cost(4, 16, 22).
cost(4, 17, 66).
cost(4, 18, 63).
cost(4, 19, 55).
cost(4, 20, 20).
cost(4, 21, 76).
cost(4, 22, 63).
cost(4, 23, 38).
cost(4, 24, 45).
cost(4, 25, 49).
cost(4, 26, 51).
cost(5, 1, 77).
cost(5, 2, 103).
cost(5, 3, 72).
cost(5, 4, 74).
cost(5, 6, 93).
cost(5, 7, 89).
cost(5, 8, 76).
cost(5, 9, 56).
cost(5, 10, 78).
cost(5, 11, 68).
cost(5, 12, 89).
cost(5, 13, 87).
cost(5, 14, 24).
cost(5, 15, 54).
cost(5, 16, 72).
cost(5, 17, 26).
cost(5, 18, 12).
cost(5, 19, 32).
cost(5, 20, 90).
cost(5, 21, 74).
cost(5, 22, 18).
cost(5, 23, 47).
cost(5, 24, 84).
cost(5, 25, 99).
cost(5, 26, 49).
cost(6, 1, 28).
cost(6, 2, 11).
cost(6, 3, 28).
cost(6, 4, 47).
cost(6, 5, 93).
cost(6, 7, 36).
cost(6, 8, 39).
cost(6, 9, 51).
cost(6, 10, 70).
cost(6, 11, 77).
cost(6, 12, 16).
cost(6, 13, 27).
cost(6, 14, 69).
cost(6, 15, 88).
cost(6, 16, 69).
cost(6, 17, 72).
cost(6, 18, 84).
cost(6, 19, 63).
cost(6, 20, 33).
cost(6, 21, 49).
cost(6, 22, 76).
cost(6, 23, 77).
cost(6, 24, 10).
cost(6, 25, 6).
cost(6, 26, 47).
cost(7, 1, 56).
cost(7, 2, 37).
cost(7, 3, 22).
cost(7, 4, 18).
cost(7, 5, 89).
cost(7, 6, 36).
cost(7, 8, 67).
cost(7, 9, 68).
cost(7, 10, 37).
cost(7, 11, 47).
cost(7, 12, 49).
cost(7, 13, 10).
cost(7, 14, 66).
cost(7, 15, 63).
cost(7, 16, 38).
cost(7, 17, 76).
cost(7, 18, 77).
cost(7, 19, 65).
cost(7, 20, 3).
cost(7, 21, 75).
cost(7, 22, 76).
cost(7, 23, 56).
cost(7, 24, 38).
cost(7, 25, 36).
cost(7, 26, 57).
cost(8, 1, 11).
cost(8, 2, 49).
cost(8, 3, 47).
cost(8, 4, 68).
cost(8, 5, 76).
cost(8, 6, 39).
cost(8, 7, 67).
cost(8, 9, 20).
cost(8, 10, 90).
cost(8, 11, 92).
cost(8, 12, 25).
cost(8, 13, 58).
cost(8, 14, 56).
cost(8, 15, 94).
cost(8, 16, 86).
cost(8, 17, 50).
cost(8, 18, 70).
cost(8, 19, 46).
cost(8, 20, 64).
cost(8, 21, 10).
cost(8, 22, 58).
cost(8, 23, 82).
cost(8, 24, 31).
cost(8, 25, 44).
cost(8, 26, 29).
cost(9, 1, 25).
cost(9, 2, 61).
cost(9, 3, 46).
cost(9, 4, 64).
cost(9, 5, 56).
cost(9, 6, 51).
cost(9, 7, 68).
cost(9, 8, 20).
cost(9, 10, 83).
cost(9, 11, 82).
cost(9, 12, 40).
cost(9, 13, 61).
cost(9, 14, 38).
cost(9, 15, 81).
cost(9, 16, 78).
cost(9, 17, 30).
cost(9, 18, 51).
cost(9, 19, 27).
cost(9, 20, 67).
cost(9, 21, 18).
cost(9, 22, 38).
cost(9, 23, 68).
cost(9, 24, 41).
cost(9, 25, 56).
cost(9, 26, 14).
cost(10, 1, 81).
cost(10, 2, 74).
cost(10, 3, 45).
cost(10, 4, 23).
cost(10, 5, 78).
cost(10, 6, 70).
cost(10, 7, 37).
cost(10, 8, 90).
cost(10, 9, 83).
cost(10, 11, 14).
cost(10, 12, 80).
cost(10, 13, 45).
cost(10, 14, 63).
cost(10, 15, 33).
cost(10, 16, 6).
cost(10, 17, 78).
cost(10, 18, 67).
cost(10, 19, 67).
cost(10, 20, 40).
cost(10, 21, 97).
cost(10, 22, 72).
cost(10, 23, 33).
cost(10, 24, 69).
cost(10, 25, 72).
cost(10, 26, 69).
cost(11, 1, 84).
cost(11, 2, 82).
cost(11, 3, 50).
cost(11, 4, 31).
cost(11, 5, 68).
cost(11, 6, 77).
cost(11, 7, 47).
cost(11, 8, 92).
cost(11, 9, 82).
cost(11, 10, 14).
cost(11, 12, 85).
cost(11, 13, 54).
cost(11, 14, 56).
cost(11, 15, 20).
cost(11, 16, 10).
cost(11, 17, 71).
cost(11, 18, 58).
cost(11, 19, 62).
cost(11, 20, 50).
cost(11, 21, 97).
cost(11, 22, 65).
cost(11, 23, 21).
cost(11, 24, 74).
cost(11, 25, 80).
cost(11, 26, 68).
cost(12, 1, 15).
cost(12, 2, 24).
cost(12, 3, 35).
cost(12, 4, 57).
cost(12, 5, 89).
cost(12, 6, 16).
cost(12, 7, 49).
cost(12, 8, 25).
cost(12, 9, 40).
cost(12, 10, 80).
cost(12, 11, 85).
cost(12, 13, 39).
cost(12, 14, 66).
cost(12, 15, 93).
cost(12, 16, 78).
cost(12, 17, 65).
cost(12, 18, 81).
cost(12, 19, 57).
cost(12, 20, 46).
cost(12, 21, 35).
cost(12, 22, 71).
cost(12, 23, 81).
cost(12, 24, 12).
cost(12, 25, 20).
cost(12, 26, 40).
cost(13, 1, 46).
cost(13, 2, 29).
cost(13, 3, 16).
cost(13, 4, 23).
cost(13, 5, 87).
cost(13, 6, 27).
cost(13, 7, 10).
cost(13, 8, 58).
cost(13, 9, 61).
cost(13, 10, 45).
cost(13, 11, 54).
cost(13, 12, 39).
cost(13, 14, 64).
cost(13, 15, 68).
cost(13, 16, 44).
cost(13, 17, 72).
cost(13, 18, 76).
cost(13, 19, 61).
cost(13, 20, 7).
cost(13, 21, 67).
cost(13, 22, 73).
cost(13, 23, 59).
cost(13, 24, 28).
cost(13, 25, 27).
cost(13, 26, 51).
cost(14, 1, 55).
cost(14, 2, 79).
cost(14, 3, 48).
cost(14, 4, 53).
cost(14, 5, 24).
cost(14, 6, 69).
cost(14, 7, 66).
cost(14, 8, 56).
cost(14, 9, 38).
cost(14, 10, 63).
cost(14, 11, 56).
cost(14, 12, 66).
cost(14, 13, 64).
cost(14, 15, 48).
cost(14, 16, 57).
cost(14, 17, 16).
cost(14, 18, 15).
cost(14, 19, 10).
cost(14, 20, 67).
cost(14, 21, 56).
cost(14, 22, 10).
cost(14, 23, 37).
cost(14, 24, 60).
cost(14, 25, 74).
cost(14, 26, 27).
cost(15, 1, 88).
cost(15, 2, 95).
cost(15, 3, 60).
cost(15, 4, 45).
cost(15, 5, 54).
cost(15, 6, 88).
cost(15, 7, 63).
cost(15, 8, 94).
cost(15, 9, 81).
cost(15, 10, 33).
cost(15, 11, 20).
cost(15, 12, 93).
cost(15, 13, 68).
cost(15, 14, 48).
cost(15, 16, 29).
cost(15, 17, 63).
cost(15, 18, 45).
cost(15, 19, 56).
cost(15, 20, 66).
cost(15, 21, 98).
cost(15, 22, 55).
cost(15, 23, 12).
cost(15, 24, 83).
cost(15, 25, 91).
cost(15, 26, 67).
cost(16, 1, 77).
cost(16, 2, 73).
cost(16, 3, 43).
cost(16, 4, 22).
cost(16, 5, 72).
cost(16, 6, 69).
cost(16, 7, 38).
cost(16, 8, 86).
cost(16, 9, 78).
cost(16, 10, 6).
cost(16, 11, 10).
cost(16, 12, 78).
cost(16, 13, 44).
cost(16, 14, 57).
cost(16, 15, 29).
cost(16, 17, 72).
cost(16, 18, 61).
cost(16, 19, 62).
cost(16, 20, 41).
cost(16, 21, 92).
cost(16, 22, 66).
cost(16, 23, 27).
cost(16, 24, 66).
cost(16, 25, 71).
cost(16, 26, 64).
cost(17, 1, 52).
cost(17, 2, 83).
cost(17, 3, 56).
cost(17, 4, 66).
cost(17, 5, 26).
cost(17, 6, 72).
cost(17, 7, 76).
cost(17, 8, 50).
cost(17, 9, 30).
cost(17, 10, 78).
cost(17, 11, 71).
cost(17, 12, 65).
cost(17, 13, 72).
cost(17, 14, 16).
cost(17, 15, 63).
cost(17, 16, 72).
cost(17, 18, 24).
cost(17, 19, 11).
cost(17, 20, 76).
cost(17, 21, 47).
cost(17, 22, 10).
cost(17, 23, 52).
cost(17, 24, 63).
cost(17, 25, 78).
cost(17, 26, 26).
cost(18, 1, 70).
cost(18, 2, 94).
cost(18, 3, 61).
cost(18, 4, 63).
cost(18, 5, 12).
cost(18, 6, 84).
cost(18, 7, 77).
cost(18, 8, 70).
cost(18, 9, 51).
cost(18, 10, 67).
cost(18, 11, 58).
cost(18, 12, 81).
cost(18, 13, 76).
cost(18, 14, 15).
cost(18, 15, 45).
cost(18, 16, 61).
cost(18, 17, 24).
cost(18, 19, 24).
cost(18, 20, 78).
cost(18, 21, 69).
cost(18, 22, 14).
cost(18, 23, 36).
cost(18, 24, 75).
cost(18, 25, 89).
cost(18, 26, 42).
cost(19, 1, 45).
cost(19, 2, 73).
cost(19, 3, 45).
cost(19, 4, 55).
cost(19, 5, 32).
cost(19, 6, 63).
cost(19, 7, 65).
cost(19, 8, 46).
cost(19, 9, 27).
cost(19, 10, 67).
cost(19, 11, 62).
cost(19, 12, 57).
cost(19, 13, 61).
cost(19, 14, 10).
cost(19, 15, 56).
cost(19, 16, 62).
cost(19, 17, 11).
cost(19, 18, 24).
cost(19, 20, 65).
cost(19, 21, 46).
cost(19, 22, 14).
cost(19, 23, 45).
cost(19, 24, 53).
cost(19, 25, 68).
cost(19, 26, 18).
cost(20, 1, 53).
cost(20, 2, 34).
cost(20, 3, 21).
cost(20, 4, 20).
cost(20, 5, 90).
cost(20, 6, 33).
cost(20, 7, 3).
cost(20, 8, 64).
cost(20, 9, 67).
cost(20, 10, 40).
cost(20, 11, 50).
cost(20, 12, 46).
cost(20, 13, 7).
cost(20, 14, 67).
cost(20, 15, 66).
cost(20, 16, 41).
cost(20, 17, 76).
cost(20, 18, 78).
cost(20, 19, 65).
cost(20, 21, 73).
cost(20, 22, 76).
cost(20, 23, 58).
cost(20, 24, 35).
cost(20, 25, 33).
cost(20, 26, 56).
cost(21, 1, 21).
cost(21, 2, 59).
cost(21, 3, 55).
cost(21, 4, 76).
cost(21, 5, 74).
cost(21, 6, 49).
cost(21, 7, 75).
cost(21, 8, 10).
cost(21, 9, 18).
cost(21, 10, 97).
cost(21, 11, 97).
cost(21, 12, 35).
cost(21, 13, 67).
cost(21, 14, 56).
cost(21, 15, 98).
cost(21, 16, 92).
cost(21, 17, 47).
cost(21, 18, 69).
cost(21, 19, 46).
cost(21, 20, 73).
cost(21, 22, 56).
cost(21, 23, 85).
cost(21, 24, 41).
cost(21, 25, 54).
cost(21, 26, 31).
cost(22, 1, 59).
cost(22, 2, 86).
cost(22, 3, 57).
cost(22, 4, 63).
cost(22, 5, 18).
cost(22, 6, 76).
cost(22, 7, 76).
cost(22, 8, 58).
cost(22, 9, 38).
cost(22, 10, 72).
cost(22, 11, 65).
cost(22, 12, 71).
cost(22, 13, 73).
cost(22, 14, 10).
cost(22, 15, 55).
cost(22, 16, 66).
cost(22, 17, 10).
cost(22, 18, 14).
cost(22, 19, 14).
cost(22, 20, 76).
cost(22, 21, 56).
cost(22, 23, 45).
cost(22, 24, 67).
cost(22, 25, 82).
cost(22, 26, 31).
cost(23, 1, 76).
cost(23, 2, 84).
cost(23, 3, 49).
cost(23, 4, 38).
cost(23, 5, 47).
cost(23, 6, 77).
cost(23, 7, 56).
cost(23, 8, 82).
cost(23, 9, 68).
cost(23, 10, 33).
cost(23, 11, 21).
cost(23, 12, 81).
cost(23, 13, 59).
cost(23, 14, 37).
cost(23, 15, 12).
cost(23, 16, 27).
cost(23, 17, 52).
cost(23, 18, 36).
cost(23, 19, 45).
cost(23, 20, 58).
cost(23, 21, 85).
cost(23, 22, 45).
cost(23, 24, 72).
cost(23, 25, 81).
cost(23, 26, 55).
cost(24, 1, 20).
cost(24, 2, 20).
cost(24, 3, 24).
cost(24, 4, 45).
cost(24, 5, 84).
cost(24, 6, 10).
cost(24, 7, 38).
cost(24, 8, 31).
cost(24, 9, 41).
cost(24, 10, 69).
cost(24, 11, 74).
cost(24, 12, 12).
cost(24, 13, 28).
cost(24, 14, 60).
cost(24, 15, 83).
cost(24, 16, 66).
cost(24, 17, 63).
cost(24, 18, 75).
cost(24, 19, 53).
cost(24, 20, 35).
cost(24, 21, 41).
cost(24, 22, 67).
cost(24, 23, 72).
cost(24, 25, 15).
cost(24, 26, 37).
cost(25, 1, 34).
cost(25, 2, 5).
cost(25, 3, 32).
cost(25, 4, 49).
cost(25, 5, 99).
cost(25, 6, 6).
cost(25, 7, 36).
cost(25, 8, 44).
cost(25, 9, 56).
cost(25, 10, 72).
cost(25, 11, 80).
cost(25, 12, 20).
cost(25, 13, 27).
cost(25, 14, 74).
cost(25, 15, 91).
cost(25, 16, 71).
cost(25, 17, 78).
cost(25, 18, 89).
cost(25, 19, 68).
cost(25, 20, 33).
cost(25, 21, 54).
cost(25, 22, 82).
cost(25, 23, 81).
cost(25, 24, 15).
cost(25, 26, 52).
cost(26, 1, 27).
cost(26, 2, 57).
cost(26, 3, 35).
cost(26, 4, 51).
cost(26, 5, 49).
cost(26, 6, 47).
cost(26, 7, 57).
cost(26, 8, 29).
cost(26, 9, 14).
cost(26, 10, 69).
cost(26, 11, 68).
cost(26, 12, 40).
cost(26, 13, 51).
cost(26, 14, 27).
cost(26, 15, 67).
cost(26, 16, 64).
cost(26, 17, 26).
cost(26, 18, 42).
cost(26, 19, 18).
cost(26, 20, 56).
cost(26, 21, 31).
cost(26, 22, 31).
cost(26, 23, 55).
cost(26, 24, 37).
cost(26, 25, 52).
