dimension(26).
point(1, 23.3156991375, 26.4750094465).
point(2, 79.9966254761, 97.6131391648).
point(3, 84.7634186751, 22.4399489586).
point(4, 34.5874688386, 82.026610306).
point(5, 9.5203415398, 31.9485704496).
point(6, 46.2311574473, 3.2620277466).
point(7, 60.7671791384, 31.6260815666).
point(8, 75.2462959001, 16.2406738786).
point(9, 85.2259340161, 17.7974034959).
point(10, 21.5204381997, 51.1981024847).
point(11, 32.5250553962, 58.6804909719).
point(12, 44.7384453784, 60.7683532272).
point(13, 35.9394002354, 44.774668029).
point(14, 50.4513909727, 43.9138785521).
point(15, 33.7498683915, 73.3291332833).
point(16, 22.9327542348, 15.0723684054).
point(17, 41.35084963, 75.7565359072).
point(18, 87.4974609736, 65.8759215244).
point(19, 66.0951929885, 92.5662873075).
point(20, 82.6044178135, 67.8400673841).
point(21, 86.323999606, 83.0054380605).
point(22, 70.8540140137, 17.9330741738).
point(23, 30.7061562933, 71.8378511552).
point(24, 30.2056118474, 62.4816202181).
point(25, 18.9594210439, 27.9761192678).
point(26, 45.7646828982, 54.6828241213).
cost(1, 2, 91).
cost(1, 3, 62).
cost(1, 4, 57).
cost(1, 5, 15).
cost(1, 6, 33).
cost(1, 7, 38).
cost(1, 8, 53).
cost(1, 9, 63).
cost(1, 10, 25).
cost(1, 11, 33).
cost(1, 12, 40).
cost(1, 13, 22).
cost(1, 14, 32).
cost(1, 15, 48).
cost(1, 16, 11).
cost(1, 17, 52).
cost(1, 18, 75).
cost(1, 19, 79).
cost(1, 20, 72).
cost(1, 21, 85).
cost(1, 22, 48).
cost(1, 23, 46).
cost(1, 24, 37).
cost(1, 25, 5).
cost(1, 26, 36).
cost(2, 1, 91).
cost(2, 3, 75).
cost(2, 4, 48).
cost(2, 5, 96).
cost(2, 6, 100).
cost(2, 7, 69).
cost(2, 8, 82).
cost(2, 9, 80).
cost(2, 10, 75).
cost(2, 11, 61).
cost(2, 12, 51).
cost(2, 13, 69).
cost(2, 14, 61).
cost(2, 15, 52).
cost(2, 16, 100).
cost(2, 17, 44).
cost(2, 18, 33).
cost(2, 19, 15).
cost(2, 20, 30).
cost(2, 21, 16).
cost(2, 22, 80).
cost(2, 23, 56).
cost(2, 24, 61).
cost(2, 25, 93).
cost(2, 26, 55).
cost(3, 1, 62).
cost(3, 2, 75).
cost(3, 4, 78).
cost(3, 5, 76).
cost(3, 6, 43).
cost(3, 7, 26).
cost(3, 8, 11).
cost(3, 9, 5).
cost(3, 10, 69).
cost(3, 11, 64).
cost(3, 12, 55).
cost(3, 13, 54).
cost(3, 14, 40).
cost(3, 15, 72).
cost(3, 16, 62).
cost(3, 17, 69).
cost(3, 18, 44).
cost(3, 19, 73).
cost(3, 20, 45).
cost(3, 21, 61).
cost(3, 22, 15).
cost(3, 23, 73).
cost(3, 24, 68).
cost(3, 25, 66).
cost(3, 26, 51).
cost(4, 1, 57).
cost(4, 2, 48).
cost(4, 3, 78).
cost(4, 5, 56).
cost(4, 6, 80).
cost(4, 7, 57).
cost(4, 8, 77).
cost(4, 9, 82).
cost(4, 10, 33).
cost(4, 11, 23).
cost(4, 12, 24).
cost(4, 13, 37).
cost(4, 14, 41).
cost(4, 15, 9).
cost(4, 16, 68).
cost(4, 17, 9).
cost(4, 18, 55).
cost(4, 19, 33).
cost(4, 20, 50).
cost(4, 21, 52).
cost(4, 22, 74).
cost(4, 23, 11).
cost(4, 24, 20).
cost(4, 25, 56).
cost(4, 26, 30).
cost(5, 1, 15).
cost(5, 2, 96).
cost(5, 3, 76).
cost(5, 4, 56).
cost(5, 6, 47).
cost(5, 7, 51).
cost(5, 8, 68).
cost(5, 9, 77).
cost(5, 10, 23).
cost(5, 11, 35).
cost(5, 12, 46).
cost(5, 13, 29).
cost(5, 14, 43).
cost(5, 15, 48).
cost(5, 16, 22).
cost(5, 17, 54).
cost(5, 18, 85).
cost(5, 19, 83).
cost(5, 20, 81).
cost(5, 21, 92).
cost(5, 22, 63).
cost(5, 23, 45).
cost(5, 24, 37).
cost(5, 25, 10).
cost(5, 26, 43).
cost(6, 1, 33).
cost(6, 2, 100).
cost(6, 3, 43).
cost(6, 4, 80).
cost(6, 5, 47).
cost(6, 7, 32).
cost(6, 8, 32).
cost(6, 9, 42).
cost(6, 10, 54).
cost(6, 11, 57).
cost(6, 12, 58).
cost(6, 13, 43).
cost(6, 14, 41).
cost(6, 15, 71).
cost(6, 16, 26).
cost(6, 17, 73).
cost(6, 18, 75).
cost(6, 19, 91).
cost(6, 20, 74).
cost(6, 21, 89).
cost(6, 22, 29).
cost(6, 23, 70).
cost(6, 24, 61).
cost(6, 25, 37).
cost(6, 26, 51).
cost(7, 1, 38).
cost(7, 2, 69).
cost(7, 3, 26).
cost(7, 4, 57).
cost(7, 5, 51).
cost(7, 6, 32).
cost(7, 8, 21).
cost(7, 9, 28).
cost(7, 10, 44).
cost(7, 11, 39).
cost(7, 12, 33).
cost(7, 13, 28).
cost(7, 14, 16).
cost(7, 15, 50).
cost(7, 16, 41).
cost(7, 17, 48).
cost(7, 18, 43).
cost(7, 19, 61).
cost(7, 20, 42).
cost(7, 21, 57).
cost(7, 22, 17).
cost(7, 23, 50).
cost(7, 24, 43).
cost(7, 25, 42).
cost(7, 26, 28).
cost(8, 1, 53).
cost(8, 2, 82).
cost(8, 3, 11).
cost(8, 4, 77).
cost(8, 5, 68).
cost(8, 6, 32).
cost(8, 7, 21).
cost(8, 9, 10).
cost(8, 10, 64).
cost(8, 11, 60).
cost(8, 12, 54).
cost(8, 13, 49).
cost(8, 14, 37).
cost(8, 15, 71).
cost(8, 16, 52).
cost(8, 17, 68).
cost(8, 18, 51).
cost(8, 19, 77).
cost(8, 20, 52).
cost(8, 21, 68).
cost(8, 22, 5).
cost(8, 23, 71).
cost(8, 24, 65).
cost(8, 25, 57).
cost(8, 26, 48).
cost(9, 1, 63).
cost(9, 2, 80).
cost(9, 3, 5).
cost(9, 4, 82).
cost(9, 5, 77).
cost(9, 6, 42).
cost(9, 7, 28).
cost(9, 8, 10).
cost(9, 10, 72).
cost(9, 11, 67).
cost(9, 12, 59).
cost(9, 13, 56).
cost(9, 14, 43).
cost(9, 15, 76).
cost(9, 16, 62).
cost(9, 17, 73).
cost(9, 18, 48).
cost(9, 19, 77).
cost(9, 20, 50).
cost(9, 21, 65).
cost(9, 22, 14).
cost(9, 23, 77).
cost(9, 24, 71).
cost(9, 25, 67).
cost(9, 26, 54).
cost(10, 1, 25).
cost(10, 2, 75).
cost(10, 3, 69).
cost(10, 4, 33).
cost(10, 5, 23).
cost(10, 6, 54).
cost(10, 7, 44).
cost(10, 8, 64).
cost(10, 9, 72).
cost(10, 11, 13).
cost(10, 12, 25).
cost(10, 13, 16).
cost(10, 14, 30).
cost(10, 15, 25).
cost(10, 16, 36).
cost(10, 17, 32).
cost(10, 18, 68).
cost(10, 19, 61).
cost(10, 20, 63).
cost(10, 21, 72).
cost(10, 22, 60).
cost(10, 23, 23).
cost(10, 24, 14).
cost(10, 25, 23).
cost(10, 26, 24).
cost(11, 1, 33).
cost(11, 2, 61).
cost(11, 3, 64).
cost(11, 4, 23).
cost(11, 5, 35).
cost(11, 6, 57).
cost(11, 7, 39).
cost(11, 8, 60).
cost(11, 9, 67).
cost(11, 10, 13).
cost(11, 12, 12).
cost(11, 13, 14).
cost(11, 14, 23).
cost(11, 15, 15).
cost(11, 16, 45).
cost(11, 17, 19).
cost(11, 18, 55).
cost(11, 19, 48).
cost(11, 20, 51).
cost(11, 21, 59).
cost(11, 22, 56).
cost(11, 23, 13).
cost(11, 24, 4).
cost(11, 25, 34).
cost(11, 26, 14).
cost(12, 1, 40).
cost(12, 2, 51).
cost(12, 3, 55).
cost(12, 4, 24).
cost(12, 5, 46).
cost(12, 6, 58).
cost(12, 7, 33).
cost(12, 8, 54).
cost(12, 9, 59).
cost(12, 10, 25).
cost(12, 11, 12).
cost(12, 13, 18).
cost(12, 14, 18).
cost(12, 15, 17).
cost(12, 16, 51).
cost(12, 17, 15).
cost(12, 18, 43).
cost(12, 19, 38).
cost(12, 20, 39).
cost(12, 21, 47).
cost(12, 22, 50).
cost(12, 23, 18).
cost(12, 24, 15).
cost(12, 25, 42).
cost(12, 26, 6).
cost(13, 1, 22).
cost(13, 2, 69).
cost(13, 3, 54).
cost(13, 4, 37).
cost(13, 5, 29).
cost(13, 6, 43).
cost(13, 7, 28).
cost(13, 8, 49).
cost(13, 9, 56).
cost(13, 10, 16).
cost(13, 11, 14).
cost(13, 12, 18).
cost(13, 14, 15).
cost(13, 15, 29).
cost(13, 16, 32).
cost(13, 17, 31).
cost(13, 18, 56).
cost(13, 19, 57).
cost(13, 20, 52).
cost(13, 21, 63).
cost(13, 22, 44).
cost(13, 23, 28).
cost(13, 24, 19).
cost(13, 25, 24).
cost(13, 26, 14).
cost(14, 1, 32).
cost(14, 2, 61).
cost(14, 3, 40).
cost(14, 4, 41).
cost(14, 5, 43).
cost(14, 6, 41).
cost(14, 7, 16).
cost(14, 8, 37).
cost(14, 9, 43).
cost(14, 10, 30).
cost(14, 11, 23).
cost(14, 12, 18).
cost(14, 13, 15).
cost(14, 15, 34).
cost(14, 16, 40).
cost(14, 17, 33).
cost(14, 18, 43).
cost(14, 19, 51).
cost(14, 20, 40).
cost(14, 21, 53).
cost(14, 22, 33).
cost(14, 23, 34).
cost(14, 24, 27).
cost(14, 25, 35).
cost(14, 26, 12).
cost(15, 1, 48).
cost(15, 2, 52).
cost(15, 3, 72).
cost(15, 4, 9).
cost(15, 5, 48).
cost(15, 6, 71).
cost(15, 7, 50).
cost(15, 8, 71).
cost(15, 9, 76).
cost(15, 10, 25).
cost(15, 11, 15).
cost(15, 12, 17).
cost(15, 13, 29).
cost(15, 14, 34).
cost(15, 16, 59).
cost(15, 17, 8).
cost(15, 18, 54).
cost(15, 19, 38).
cost(15, 20, 49).
cost(15, 21, 53).
cost(15, 22, 67).
cost(15, 23, 3).
cost(15, 24, 11).
cost(15, 25, 48).
cost(15, 26, 22).
cost(16, 1, 11).
cost(16, 2, 100).
cost(16, 3, 62).
cost(16, 4, 68).
cost(16, 5, 22).
cost(16, 6, 26).
cost(16, 7, 41).
cost(16, 8, 52).
cost(16, 9, 62).
cost(16, 10, 36).
cost(16, 11, 45).
cost(16, 12, 51).
cost(16, 13, 32).
cost(16, 14, 40).
cost(16, 15, 59).
cost(16, 17, 63).
cost(16, 18, 82).
cost(16, 19, 89).
cost(16, 20, 80).
cost(16, 21, 93).
cost(16, 22, 48).
cost(16, 23, 57).
cost(16, 24, 48).
cost(16, 25, 14).
cost(16, 26, 46).
cost(17, 1, 52).
cost(17, 2, 44).
cost(17, 3, 69).
cost(17, 4, 9).
cost(17, 5, 54).
cost(17, 6, 73).
cost(17, 7, 48).
cost(17, 8, 68).
cost(17, 9, 73).
cost(17, 10, 32).
cost(17, 11, 19).
cost(17, 12, 15).
cost(17, 13, 31).
cost(17, 14, 33).
cost(17, 15, 8).
cost(17, 16, 63).
cost(17, 18, 47).
cost(17, 19, 30).
cost(17, 20, 42).
cost(17, 21, 46).
cost(17, 22, 65).
cost(17, 23, 11).
cost(17, 24, 17).
cost(17, 25, 53).
cost(17, 26, 22).
cost(18, 1, 75).
cost(18, 2, 33).
cost(18, 3, 44).
cost(18, 4, 55).
cost(18, 5, 85).
cost(18, 6, 75).
cost(18, 7, 43).
cost(18, 8, 51).
cost(18, 9, 48).
cost(18, 10, 68).
cost(18, 11, 55).
cost(18, 12, 43).
cost(18, 13, 56).
cost(18, 14, 43).
cost(18, 15, 54).
cost(18, 16, 82).
cost(18, 17, 47).
cost(18, 19, 34).
cost(18, 20, 5).
cost(18, 21, 17).
cost(18, 22, 51).
cost(18, 23, 57).
cost(18, 24, 57).
cost(18, 25, 78).
cost(18, 26, 43).
cost(19, 1, 79).
cost(19, 2, 15).
cost(19, 3, 73).
cost(19, 4, 33).
cost(19, 5, 83).
cost(19, 6, 91).
cost(19, 7, 61).
cost(19, 8, 77).
cost(19, 9, 77).
cost(19, 10, 61).
cost(19, 11, 48).
cost(19, 12, 38).
cost(19, 13, 57).
cost(19, 14, 51).
cost(19, 15, 38).
cost(19, 16, 89).
cost(19, 17, 30).
cost(19, 18, 34).
cost(19, 20, 30).
cost(19, 21, 22).
cost(19, 22, 75).
cost(19, 23, 41).
cost(19, 24, 47).
cost(19, 25, 80).
cost(19, 26, 43).
cost(20, 1, 72).
cost(20, 2, 30).
cost(20, 3, 45).
cost(20, 4, 50).
cost(20, 5, 81).
cost(20, 6, 74).
cost(20, 7, 42).
cost(20, 8, 52).
cost(20, 9, 50).
cost(20, 10, 63).
cost(20, 11, 51).
cost(20, 12, 39).
cost(20, 13, 52).
cost(20, 14, 40).
cost(20, 15, 49).
cost(20, 16, 80).
cost(20, 17, 42).
cost(20, 18, 5).
cost(20, 19, 30).
cost(20, 21, 16).
cost(20, 22, 51).
cost(20, 23, 52).
cost(20, 24, 53).
cost(20, 25, 75).
cost(20, 26, 39).
cost(21, 1, 85).
cost(21, 2, 16).
cost(21, 3, 61).
cost(21, 4, 52).
cost(21, 5, 92).
cost(21, 6, 89).
cost(21, 7, 57).
cost(21, 8, 68).
cost(21, 9, 65).
cost(21, 10, 72).
cost(21, 11, 59).
cost(21, 12, 47).
cost(21, 13, 63).
cost(21, 14, 53).
cost(21, 15, 53).
cost(21, 16, 93).
cost(21, 17, 46).
cost(21, 18, 17).
cost(21, 19, 22).
cost(21, 20, 16).
cost(21, 22, 67).
cost(21, 23, 57).
cost(21, 24, 60).
cost(21, 25, 87).
cost(21, 26, 49).
cost(22, 1, 48).
cost(22, 2, 80).
cost(22, 3, 15).
cost(22, 4, 74).
cost(22, 5, 63).
cost(22, 6, 29).
cost(22, 7, 17).
cost(22, 8, 5).
cost(22, 9, 14).
cost(22, 10, 60).
cost(22, 11, 56).
cost(22, 12, 50).
cost(22, 13, 44).
cost(22, 14, 33).
cost(22, 15, 67).
cost(22, 16, 48).
cost(22, 17, 65).
cost(22, 18, 51).
cost(22, 19, 75).
cost(22, 20, 51).
cost(22, 21, 67).
cost(22, 23, 67).
cost(22, 24, 60).
cost(22, 25, 53).
cost(22, 26, 44).
cost(23, 1, 46).
cost(23, 2, 56).
cost(23, 3, 73).
cost(23, 4, 11).
cost(23, 5, 45).
cost(23, 6, 70).
cost(23, 7, 50).
cost(23, 8, 71).
cost(23, 9, 77).
cost(23, 10, 23).
cost(23, 11, 13).
cost(23, 12, 18).
cost(23, 13, 28).
cost(23, 14, 34).
cost(23, 15, 3).
cost(23, 16, 57).
cost(23, 17, 11).
cost(23, 18, 57).
cost(23, 19, 41).
cost(23, 20, 52).
cost(23, 21, 57).
cost(23, 22, 67).
cost(23, 24, 9).
cost(23, 25, 45).
cost(23, 26, 23).
cost(24, 1, 37).
cost(24, 2, 61).
cost(24, 3, 68).
cost(24, 4, 20).
cost(24, 5, 37).
cost(24, 6, 61).
cost(24, 7, 43).
cost(24, 8, 65).
cost(24, 9, 71).
cost(24, 10, 14).
cost(24, 11, 4).
cost(24, 12, 15).
cost(24, 13, 19).
cost(24, 14, 27).
cost(24, 15, 11).
cost(24, 16, 48).
cost(24, 17, 17).
cost(24, 18, 57).
cost(24, 19, 47).
cost(24, 20, 53).
cost(24, 21, 60).
cost(24, 22, 60).
cost(24, 23, 9).
cost(24, 25, 36).
cost(24, 26, 17).
cost(25, 1, 5).
cost(25, 2, 93).
cost(25, 3, 66).
cost(25, 4, 56).
cost(25, 5, 10).
cost(25, 6, 37).
cost(25, 7, 42).
cost(25, 8, 57).
cost(25, 9, 67).
cost(25, 10, 23).
cost(25, 11, 34).
cost(25, 12, 42).
cost(25, 13, 24).
cost(25, 14, 35).
cost(25, 15, 48).
cost(25, 16, 14).
cost(25, 17, 53).
cost(25, 18, 78).
cost(25, 19, 80).
cost(25, 20, 75).
cost(25, 21, 87).
cost(25, 22, 53).
cost(25, 23, 45).
cost(25, 24, 36).
cost(25, 26, 38).
cost(26, 1, 36).
cost(26, 2, 55).
cost(26, 3, 51).
cost(26, 4, 30).
cost(26, 5, 43).
cost(26, 6, 51).
cost(26, 7, 28).
cost(26, 8, 48).
cost(26, 9, 54).
cost(26, 10, 24).
cost(26, 11, 14).
cost(26, 12, 6).
cost(26, 13, 14).
cost(26, 14, 12).
cost(26, 15, 22).
cost(26, 16, 46).
cost(26, 17, 22).
cost(26, 18, 43).
cost(26, 19, 43).
cost(26, 20, 39).
cost(26, 21, 49).
cost(26, 22, 44).
cost(26, 23, 23).
cost(26, 24, 17).
cost(26, 25, 38).
