dimension(26).
point(1, 64.4231112981, 22.448378166).
point(2, 33.2500121516, 61.5335846318).
point(3, 47.8530338625, 36.4791185207).
point(4, 24.3049956654, 70.732701795).
point(5, 90.9444407068, 55.9714169095).
point(6, 8.2445057955, 27.5079625199).
point(7, 50.1400289896, 88.880370542).
point(8, 85.4832152356, 81.6674512883).
point(9, 83.2118360216, 57.6170222296).
point(10, 7.1000377321, 6.3066007404).
point(11, 63.9592416154, 45.1510368673).
point(12, 81.7970718228, 25.9307457756).
point(13, 90.845359792, 77.8082420847).
point(14, 35.5292032783, 5.5063631945).
point(15, 64.7285797667, 59.8979407443).
point(16, 27.0419807822, 17.176479761).
point(17, 28.5463108904, 96.7026973098).
point(18, 63.6019928964, 60.0449446942).
point(19, 85.746874649, 66.7108831728).
point(20, 77.8856801348, 91.3913124413).
point(21, 14.4589804785, 11.9421397436).
point(22, 54.6755014071, 32.816209475).
point(23, 69.953776714, 68.6758492457).
point(24, 60.8661434199, 65.2595599807).
point(25, 20.9158107996, 62.8480749349).
point(26, 61.5348250552, 40.484015232).
cost(1, 2, 50).
cost(1, 3, 22).
cost(1, 4, 63).
cost(1, 5, 43).
cost(1, 6, 56).
cost(1, 7, 68).
cost(1, 8, 63).
cost(1, 9, 40).
cost(1, 10, 60).
cost(1, 11, 23).
cost(1, 12, 18).
cost(1, 13, 61).
cost(1, 14, 33).
cost(1, 15, 37).
cost(1, 16, 38).
cost(1, 17, 82).
cost(1, 18, 38).
cost(1, 19, 49).
cost(1, 20, 70).
cost(1, 21, 51).
cost(1, 22, 14).
cost(1, 23, 47).
cost(1, 24, 43).
cost(1, 25, 59).
cost(1, 26, 18).
cost(2, 1, 50).
cost(2, 3, 29).
cost(2, 4, 13).
cost(2, 5, 58).
cost(2, 6, 42).
cost(2, 7, 32).
cost(2, 8, 56).
cost(2, 9, 50).
cost(2, 10, 61).
cost(2, 11, 35).
cost(2, 12, 60).
cost(2, 13, 60).
cost(2, 14, 56).
cost(2, 15, 32).
cost(2, 16, 45).
cost(2, 17, 35).
cost(2, 18, 30).
cost(2, 19, 53).
cost(2, 20, 54).
cost(2, 21, 53).
cost(2, 22, 36).
cost(2, 23, 37).
cost(2, 24, 28).
cost(2, 25, 12).
cost(2, 26, 35).
cost(3, 1, 22).
cost(3, 2, 29).
cost(3, 4, 42).
cost(3, 5, 47).
cost(3, 6, 41).
cost(3, 7, 52).
cost(3, 8, 59).
cost(3, 9, 41).
cost(3, 10, 51).
cost(3, 11, 18).
cost(3, 12, 36).
cost(3, 13, 60).
cost(3, 14, 33).
cost(3, 15, 29).
cost(3, 16, 28).
cost(3, 17, 63).
cost(3, 18, 28).
cost(3, 19, 48).
cost(3, 20, 63).
cost(3, 21, 41).
cost(3, 22, 8).
cost(3, 23, 39).
cost(3, 24, 32).
cost(3, 25, 38).
cost(3, 26, 14).
cost(4, 1, 63).
cost(4, 2, 13).
cost(4, 3, 42).
cost(4, 5, 68).
cost(4, 6, 46).
cost(4, 7, 32).
cost(4, 8, 62).
cost(4, 9, 60).
cost(4, 10, 67).
cost(4, 11, 47).
cost(4, 12, 73).
cost(4, 13, 67).
cost(4, 14, 66).
cost(4, 15, 42).
cost(4, 16, 54).
cost(4, 17, 26).
cost(4, 18, 41).
cost(4, 19, 62).
cost(4, 20, 57).
cost(4, 21, 60).
cost(4, 22, 49).
cost(4, 23, 46).
cost(4, 24, 37).
cost(4, 25, 9).
cost(4, 26, 48).
cost(5, 1, 43).
cost(5, 2, 58).
cost(5, 3, 47).
cost(5, 4, 68).
cost(5, 6, 87).
cost(5, 7, 52).
cost(5, 8, 26).
cost(5, 9, 8).
cost(5, 10, 97).
cost(5, 11, 29).
cost(5, 12, 31).
cost(5, 13, 22).
cost(5, 14, 75).
cost(5, 15, 27).
cost(5, 16, 75).
cost(5, 17, 75).
cost(5, 18, 28).
cost(5, 19, 12).
cost(5, 20, 38).
cost(5, 21, 88).
cost(5, 22, 43).
cost(5, 23, 25).
cost(5, 24, 31).
cost(5, 25, 70).
cost(5, 26, 33).
cost(6, 1, 56).
cost(6, 2, 42).
cost(6, 3, 41).
cost(6, 4, 46).
cost(6, 5, 87).
cost(6, 7, 74).
cost(6, 8, 94).
cost(6, 9, 81).
cost(6, 10, 21).
cost(6, 11, 58).
cost(6, 12, 74).
cost(6, 13, 97).
cost(6, 14, 35).
cost(6, 15, 65).
cost(6, 16, 21).
cost(6, 17, 72).
cost(6, 18, 64).
cost(6, 19, 87).
cost(6, 20, 95).
cost(6, 21, 17).
cost(6, 22, 47).
cost(6, 23, 74).
cost(6, 24, 65).
cost(6, 25, 38).
cost(6, 26, 55).
cost(7, 1, 68).
cost(7, 2, 32).
cost(7, 3, 52).
cost(7, 4, 32).
cost(7, 5, 52).
cost(7, 6, 74).
cost(7, 8, 36).
cost(7, 9, 46).
cost(7, 10, 93).
cost(7, 11, 46).
cost(7, 12, 70).
cost(7, 13, 42).
cost(7, 14, 85).
cost(7, 15, 32).
cost(7, 16, 75).
cost(7, 17, 23).
cost(7, 18, 32).
cost(7, 19, 42).
cost(7, 20, 28).
cost(7, 21, 85).
cost(7, 22, 56).
cost(7, 23, 28).
cost(7, 24, 26).
cost(7, 25, 39).
cost(7, 26, 50).
cost(8, 1, 63).
cost(8, 2, 56).
cost(8, 3, 59).
cost(8, 4, 62).
cost(8, 5, 26).
cost(8, 6, 94).
cost(8, 7, 36).
cost(8, 9, 24).
cost(8, 10, 109).
cost(8, 11, 42).
cost(8, 12, 56).
cost(8, 13, 7).
cost(8, 14, 91).
cost(8, 15, 30).
cost(8, 16, 87).
cost(8, 17, 59).
cost(8, 18, 31).
cost(8, 19, 15).
cost(8, 20, 12).
cost(8, 21, 100).
cost(8, 22, 58).
cost(8, 23, 20).
cost(8, 24, 30).
cost(8, 25, 67).
cost(8, 26, 48).
cost(9, 1, 40).
cost(9, 2, 50).
cost(9, 3, 41).
cost(9, 4, 60).
cost(9, 5, 8).
cost(9, 6, 81).
cost(9, 7, 46).
cost(9, 8, 24).
cost(9, 10, 92).
cost(9, 11, 23).
cost(9, 12, 32).
cost(9, 13, 22).
cost(9, 14, 71).
cost(9, 15, 19).
cost(9, 16, 69).
cost(9, 17, 67).
cost(9, 18, 20).
cost(9, 19, 9).
cost(9, 20, 34).
cost(9, 21, 83).
cost(9, 22, 38).
cost(9, 23, 17).
cost(9, 24, 24).
cost(9, 25, 63).
cost(9, 26, 28).
cost(10, 1, 60).
cost(10, 2, 61).
cost(10, 3, 51).
cost(10, 4, 67).
cost(10, 5, 97).
cost(10, 6, 21).
cost(10, 7, 93).
cost(10, 8, 109).
cost(10, 9, 92).
cost(10, 11, 69).
cost(10, 12, 77).
cost(10, 13, 110).
cost(10, 14, 28).
cost(10, 15, 79).
cost(10, 16, 23).
cost(10, 17, 93).
cost(10, 18, 78).
cost(10, 19, 99).
cost(10, 20, 111).
cost(10, 21, 9).
cost(10, 22, 54).
cost(10, 23, 89).
cost(10, 24, 80).
cost(10, 25, 58).
cost(10, 26, 64).
cost(11, 1, 23).
cost(11, 2, 35).
cost(11, 3, 18).
cost(11, 4, 47).
cost(11, 5, 29).
cost(11, 6, 58).
cost(11, 7, 46).
cost(11, 8, 42).
cost(11, 9, 23).
cost(11, 10, 69).
cost(11, 12, 26).
cost(11, 13, 42).
cost(11, 14, 49).
cost(11, 15, 15).
cost(11, 16, 46).
cost(11, 17, 63).
cost(11, 18, 15).
cost(11, 19, 31).
cost(11, 20, 48).
cost(11, 21, 60).
cost(11, 22, 15).
cost(11, 23, 24).
cost(11, 24, 20).
cost(11, 25, 47).
cost(11, 26, 5).
cost(12, 1, 18).
cost(12, 2, 60).
cost(12, 3, 36).
cost(12, 4, 73).
cost(12, 5, 31).
cost(12, 6, 74).
cost(12, 7, 70).
cost(12, 8, 56).
cost(12, 9, 32).
cost(12, 10, 77).
cost(12, 11, 26).
cost(12, 13, 53).
cost(12, 14, 51).
cost(12, 15, 38).
cost(12, 16, 55).
cost(12, 17, 89).
cost(12, 18, 39).
cost(12, 19, 41).
cost(12, 20, 66).
cost(12, 21, 69).
cost(12, 22, 28).
cost(12, 23, 44).
cost(12, 24, 45).
cost(12, 25, 71).
cost(12, 26, 25).
cost(13, 1, 61).
cost(13, 2, 60).
cost(13, 3, 60).
cost(13, 4, 67).
cost(13, 5, 22).
cost(13, 6, 97).
cost(13, 7, 42).
cost(13, 8, 7).
cost(13, 9, 22).
cost(13, 10, 110).
cost(13, 11, 42).
cost(13, 12, 53).
cost(13, 14, 91).
cost(13, 15, 32).
cost(13, 16, 88).
cost(13, 17, 65).
cost(13, 18, 33).
cost(13, 19, 12).
cost(13, 20, 19).
cost(13, 21, 101).
cost(13, 22, 58).
cost(13, 23, 23).
cost(13, 24, 32).
cost(13, 25, 72).
cost(13, 26, 47).
cost(14, 1, 33).
cost(14, 2, 56).
cost(14, 3, 33).
cost(14, 4, 66).
cost(14, 5, 75).
cost(14, 6, 35).
cost(14, 7, 85).
cost(14, 8, 91).
cost(14, 9, 71).
cost(14, 10, 28).
cost(14, 11, 49).
cost(14, 12, 51).
cost(14, 13, 91).
cost(14, 15, 62).
cost(14, 16, 14).
cost(14, 17, 91).
cost(14, 18, 61).
cost(14, 19, 79).
cost(14, 20, 96).
cost(14, 21, 22).
cost(14, 22, 33).
cost(14, 23, 72).
cost(14, 24, 65).
cost(14, 25, 59).
cost(14, 26, 44).
cost(15, 1, 37).
cost(15, 2, 32).
cost(15, 3, 29).
cost(15, 4, 42).
cost(15, 5, 27).
cost(15, 6, 65).
cost(15, 7, 32).
cost(15, 8, 30).
cost(15, 9, 19).
cost(15, 10, 79).
cost(15, 11, 15).
cost(15, 12, 38).
cost(15, 13, 32).
cost(15, 14, 62).
cost(15, 16, 57).
cost(15, 17, 52).
cost(15, 18, 1).
cost(15, 19, 22).
cost(15, 20, 34).
cost(15, 21, 69).
cost(15, 22, 29).
cost(15, 23, 10).
cost(15, 24, 7).
cost(15, 25, 44).
cost(15, 26, 20).
cost(16, 1, 38).
cost(16, 2, 45).
cost(16, 3, 28).
cost(16, 4, 54).
cost(16, 5, 75).
cost(16, 6, 21).
cost(16, 7, 75).
cost(16, 8, 87).
cost(16, 9, 69).
cost(16, 10, 23).
cost(16, 11, 46).
cost(16, 12, 55).
cost(16, 13, 88).
cost(16, 14, 14).
cost(16, 15, 57).
cost(16, 17, 80).
cost(16, 18, 56).
cost(16, 19, 77).
cost(16, 20, 90).
cost(16, 21, 14).
cost(16, 22, 32).
cost(16, 23, 67).
cost(16, 24, 59).
cost(16, 25, 46).
cost(16, 26, 42).
cost(17, 1, 82).
cost(17, 2, 35).
cost(17, 3, 63).
cost(17, 4, 26).
cost(17, 5, 75).
cost(17, 6, 72).
cost(17, 7, 23).
cost(17, 8, 59).
cost(17, 9, 67).
cost(17, 10, 93).
cost(17, 11, 63).
cost(17, 12, 89).
cost(17, 13, 65).
cost(17, 14, 91).
cost(17, 15, 52).
cost(17, 16, 80).
cost(17, 18, 51).
cost(17, 19, 65).
cost(17, 20, 50).
cost(17, 21, 86).
cost(17, 22, 69).
cost(17, 23, 50).
cost(17, 24, 45).
cost(17, 25, 35).
cost(17, 26, 65).
cost(18, 1, 38).
cost(18, 2, 30).
cost(18, 3, 28).
cost(18, 4, 41).
cost(18, 5, 28).
cost(18, 6, 64).
cost(18, 7, 32).
cost(18, 8, 31).
cost(18, 9, 20).
cost(18, 10, 78).
cost(18, 11, 15).
cost(18, 12, 39).
cost(18, 13, 33).
cost(18, 14, 61).
cost(18, 15, 1).
cost(18, 16, 56).
cost(18, 17, 51).
cost(18, 19, 23).
cost(18, 20, 34).
cost(18, 21, 69).
cost(18, 22, 29).
cost(18, 23, 11).
cost(18, 24, 6).
cost(18, 25, 43).
cost(18, 26, 20).
cost(19, 1, 49).
cost(19, 2, 53).
cost(19, 3, 48).
cost(19, 4, 62).
cost(19, 5, 12).
cost(19, 6, 87).
cost(19, 7, 42).
cost(19, 8, 15).
cost(19, 9, 9).
cost(19, 10, 99).
cost(19, 11, 31).
cost(19, 12, 41).
cost(19, 13, 12).
cost(19, 14, 79).
cost(19, 15, 22).
cost(19, 16, 77).
cost(19, 17, 65).
cost(19, 18, 23).
cost(19, 20, 26).
cost(19, 21, 90).
cost(19, 22, 46).
cost(19, 23, 16).
cost(19, 24, 25).
cost(19, 25, 65).
cost(19, 26, 36).
cost(20, 1, 70).
cost(20, 2, 54).
cost(20, 3, 63).
cost(20, 4, 57).
cost(20, 5, 38).
cost(20, 6, 95).
cost(20, 7, 28).
cost(20, 8, 12).
cost(20, 9, 34).
cost(20, 10, 111).
cost(20, 11, 48).
cost(20, 12, 66).
cost(20, 13, 19).
cost(20, 14, 96).
cost(20, 15, 34).
cost(20, 16, 90).
cost(20, 17, 50).
cost(20, 18, 34).
cost(20, 19, 26).
cost(20, 21, 102).
cost(20, 22, 63).
cost(20, 23, 24).
cost(20, 24, 31).
cost(20, 25, 64).
cost(20, 26, 53).
cost(21, 1, 51).
cost(21, 2, 53).
cost(21, 3, 41).
cost(21, 4, 60).
cost(21, 5, 88).
cost(21, 6, 17).
cost(21, 7, 85).
cost(21, 8, 100).
cost(21, 9, 83).
cost(21, 10, 9).
cost(21, 11, 60).
cost(21, 12, 69).
cost(21, 13, 101).
cost(21, 14, 22).
cost(21, 15, 69).
cost(21, 16, 14).
cost(21, 17, 86).
cost(21, 18, 69).
cost(21, 19, 90).
cost(21, 20, 102).
cost(21, 22, 45).
cost(21, 23, 79).
cost(21, 24, 71).
cost(21, 25, 51).
cost(21, 26, 55).
cost(22, 1, 14).
cost(22, 2, 36).
cost(22, 3, 8).
cost(22, 4, 49).
cost(22, 5, 43).
cost(22, 6, 47).
cost(22, 7, 56).
cost(22, 8, 58).
cost(22, 9, 38).
cost(22, 10, 54).
cost(22, 11, 15).
cost(22, 12, 28).
cost(22, 13, 58).
cost(22, 14, 33).
cost(22, 15, 29).
cost(22, 16, 32).
cost(22, 17, 69).
cost(22, 18, 29).
cost(22, 19, 46).
cost(22, 20, 63).
cost(22, 21, 45).
cost(22, 23, 39).
cost(22, 24, 33).
cost(22, 25, 45).
cost(22, 26, 10).
cost(23, 1, 47).
cost(23, 2, 37).
cost(23, 3, 39).
cost(23, 4, 46).
cost(23, 5, 25).
cost(23, 6, 74).
cost(23, 7, 28).
cost(23, 8, 20).
cost(23, 9, 17).
cost(23, 10, 89).
cost(23, 11, 24).
cost(23, 12, 44).
cost(23, 13, 23).
cost(23, 14, 72).
cost(23, 15, 10).
cost(23, 16, 67).
cost(23, 17, 50).
cost(23, 18, 11).
cost(23, 19, 16).
cost(23, 20, 24).
cost(23, 21, 79).
cost(23, 22, 39).
cost(23, 24, 10).
cost(23, 25, 49).
cost(23, 26, 29).
cost(24, 1, 43).
cost(24, 2, 28).
cost(24, 3, 32).
cost(24, 4, 37).
cost(24, 5, 31).
cost(24, 6, 65).
cost(24, 7, 26).
cost(24, 8, 30).
cost(24, 9, 24).
cost(24, 10, 80).
cost(24, 11, 20).
cost(24, 12, 45).
cost(24, 13, 32).
cost(24, 14, 65).
cost(24, 15, 7).
cost(24, 16, 59).
cost(24, 17, 45).
cost(24, 18, 6).
cost(24, 19, 25).
cost(24, 20, 31).
cost(24, 21, 71).
cost(24, 22, 33).
cost(24, 23, 10).
cost(24, 25, 40).
cost(24, 26, 25).
cost(25, 1, 59).
cost(25, 2, 12).
cost(25, 3, 38).
cost(25, 4, 9).
cost(25, 5, 70).
cost(25, 6, 38).
cost(25, 7, 39).
cost(25, 8, 67).
cost(25, 9, 63).
cost(25, 10, 58).
cost(25, 11, 47).
cost(25, 12, 71).
cost(25, 13, 72).
cost(25, 14, 59).
cost(25, 15, 44).
cost(25, 16, 46).
cost(25, 17, 35).
cost(25, 18, 43).
cost(25, 19, 65).
cost(25, 20, 64).
cost(25, 21, 51).
cost(25, 22, 45).
cost(25, 23, 49).
cost(25, 24, 40).
cost(25, 26, 46).
cost(26, 1, 18).
cost(26, 2, 35).
cost(26, 3, 14).
cost(26, 4, 48).
cost(26, 5, 33).
cost(26, 6, 55).
cost(26, 7, 50).
cost(26, 8, 48).
cost(26, 9, 28).
cost(26, 10, 64).
cost(26, 11, 5).
cost(26, 12, 25).
cost(26, 13, 47).
cost(26, 14, 44).
cost(26, 15, 20).
cost(26, 16, 42).
cost(26, 17, 65).
cost(26, 18, 20).
cost(26, 19, 36).
cost(26, 20, 53).
cost(26, 21, 55).
cost(26, 22, 10).
cost(26, 23, 29).
cost(26, 24, 25).
cost(26, 25, 46).
