dimension(32).
point(1, 8941.0, 894855.0).
point(2, 723130.0, 232988.0).
point(3, 867133.0, 633262.0).
point(4, 993587.0, 324791.0).
point(5, 422332.0, 45202.0).
point(6, 56954.0, 26181.0).
point(7, 72125.0, 283815.0).
point(8, 767794.0, 552620.0).
point(9, 823575.0, 763568.0).
point(10, 645719.0, 326202.0).
point(11, 7346.0, 963337.0).
point(12, 611731.0, 84747.0).
point(13, 55073.0, 276740.0).
point(14, 620642.0, 642528.0).
point(15, 704283.0, 955643.0).
point(16, 987359.0, 303967.0).
point(17, 164261.0, 867877.0).
point(18, 592694.0, 747184.0).
point(19, 826236.0, 318923.0).
point(20, 704644.0, 304415.0).
point(21, 591842.0, 649893.0).
point(22, 857769.0, 644699.0).
point(23, 927408.0, 742191.0).
point(24, 485407.0, 841830.0).
point(25, 413812.0, 797798.0).
point(26, 52555.0, 962942.0).
point(27, 208962.0, 741092.0).
point(28, 459510.0, 704974.0).
point(29, 730593.0, 855252.0).
point(30, 640293.0, 119948.0).
point(31, 807026.0, 674664.0).
point(32, 620146.0, 117917.0).
cost(1, 2, 973722).
cost(1, 3, 897176).
cost(1, 4, 1137761).
cost(1, 5, 944882).
cost(1, 6, 870000).
cost(1, 7, 614298).
cost(1, 8, 832456).
cost(1, 9, 825145).
cost(1, 10, 853729).
cost(1, 11, 68501).
cost(1, 12, 1009768).
cost(1, 13, 619834).
cost(1, 14, 661700).
cost(1, 15, 697994).
cost(1, 16, 1143001).
cost(1, 17, 157646).
cost(1, 18, 602141).
cost(1, 19, 999834).
cost(1, 20, 912481).
cost(1, 21, 632282).
cost(1, 22, 884922).
cost(1, 23, 931068).
cost(1, 24, 479407).
cost(1, 25, 416342).
cost(1, 26, 80858).
cost(1, 27, 252292).
cost(1, 28, 488945).
cost(1, 29, 722738).
cost(1, 30, 999543).
cost(1, 31, 827903).
cost(1, 32, 988536).
cost(2, 1, 973722).
cost(2, 3, 425389).
cost(2, 4, 285613).
cost(2, 5, 354603).
cost(2, 6, 697538).
cost(2, 7, 652986).
cost(2, 8, 322737).
cost(2, 9, 540004).
cost(2, 10, 121166).
cost(2, 11, 1022622).
cost(2, 12, 185432).
cost(2, 13, 669488).
cost(2, 14, 422169).
cost(2, 15, 722901).
cost(2, 16, 273596).
cost(2, 17, 845824).
cost(2, 18, 530482).
cost(2, 19, 134222).
cost(2, 20, 73780).
cost(2, 21, 437088).
cost(2, 22, 433167).
cost(2, 23, 548650).
cost(2, 24, 653606).
cost(2, 25, 643963).
cost(2, 26, 991213).
cost(2, 27, 722868).
cost(2, 28, 540617).
cost(2, 29, 622309).
cost(2, 30, 140143).
cost(2, 31, 449573).
cost(2, 32, 154425).
cost(3, 1, 897176).
cost(3, 2, 425389).
cost(3, 4, 333384).
cost(3, 5, 737335).
cost(3, 6, 1012392).
cost(3, 7, 868419).
cost(3, 8, 127951).
cost(3, 9, 137393).
cost(3, 10, 378563).
cost(3, 11, 920969).
cost(3, 12, 605061).
cost(3, 13, 886876).
cost(3, 14, 246665).
cost(3, 15, 361178).
cost(3, 16, 350556).
cost(3, 17, 740995).
cost(3, 18, 297145).
cost(3, 19, 316988).
cost(3, 20, 366801).
cost(3, 21, 275793).
cost(3, 22, 14781).
cost(3, 23, 124493).
cost(3, 24, 434989).
cost(3, 25, 482257).
cost(3, 26, 878764).
cost(3, 27, 666946).
cost(3, 28, 413883).
cost(3, 29, 260620).
cost(3, 30, 561202).
cost(3, 31, 72986).
cost(3, 32, 571474).
cost(4, 1, 1137761).
cost(4, 2, 285613).
cost(4, 3, 333384).
cost(4, 5, 636005).
cost(4, 6, 983082).
cost(4, 7, 922373).
cost(4, 8, 320762).
cost(4, 9, 470563).
cost(4, 10, 347871).
cost(4, 11, 1174909).
cost(4, 12, 451038).
cost(4, 13, 939743).
cost(4, 14, 489944).
cost(4, 15, 694025).
cost(4, 16, 21735).
cost(4, 17, 991324).
cost(4, 18, 582350).
cost(4, 19, 167454).
cost(4, 20, 289661).
cost(4, 21, 516808).
cost(4, 22, 347545).
cost(4, 23, 422614).
cost(4, 24, 724966).
cost(4, 25, 748248).
cost(4, 26, 1137004).
cost(4, 27, 888225).
cost(4, 28, 655574).
cost(4, 29, 592077).
cost(4, 30, 408384).
cost(4, 31, 396505).
cost(4, 32, 426913).
cost(5, 1, 944882).
cost(5, 2, 354603).
cost(5, 3, 737335).
cost(5, 4, 636005).
cost(5, 6, 365873).
cost(5, 7, 423770).
cost(5, 8, 613854).
cost(5, 9, 822828).
cost(5, 10, 358975).
cost(5, 11, 1007564).
cost(5, 12, 193483).
cost(5, 13, 434153).
cost(5, 14, 629385).
cost(5, 15, 953100).
cost(5, 16, 621462).
cost(5, 17, 862203).
cost(5, 18, 722359).
cost(5, 19, 487916).
cost(5, 20, 383264).
cost(5, 21, 628001).
cost(5, 22, 740947).
cost(5, 23, 860753).
cost(5, 24, 799121).
cost(5, 25, 752644).
cost(5, 26, 989435).
cost(5, 27, 727867).
cost(5, 28, 660819).
cost(5, 29, 866721).
cost(5, 30, 230421).
cost(5, 31, 737707).
cost(5, 32, 210755).
cost(6, 1, 870000).
cost(6, 2, 697538).
cost(6, 3, 1012392).
cost(6, 4, 983082).
cost(6, 5, 365873).
cost(6, 7, 258080).
cost(6, 8, 884552).
cost(6, 9, 1063695).
cost(6, 10, 660800).
cost(6, 11, 938468).
cost(6, 12, 557860).
cost(6, 13, 250566).
cost(6, 14, 835241).
cost(6, 15, 1132667).
cost(6, 16, 970988).
cost(6, 17, 848509).
cost(6, 18, 898255).
cost(6, 19, 823099).
cost(6, 20, 704923).
cost(6, 21, 821658).
cost(6, 22, 1011864).
cost(6, 23, 1127103).
cost(6, 24, 921333).
cost(6, 25, 850141).
cost(6, 26, 936771).
cost(6, 27, 730893).
cost(6, 28, 789184).
cost(6, 29, 1068245).
cost(6, 30, 590827).
cost(6, 31, 991533).
cost(6, 32, 570614).
cost(7, 1, 614298).
cost(7, 2, 652986).
cost(7, 3, 868419).
cost(7, 4, 922373).
cost(7, 5, 423770).
cost(7, 6, 258080).
cost(7, 8, 745796).
cost(7, 9, 891538).
cost(7, 10, 575158).
cost(7, 11, 682603).
cost(7, 12, 575155).
cost(7, 13, 18461).
cost(7, 14, 655398).
cost(7, 15, 922484).
cost(7, 16, 915456).
cost(7, 17, 591285).
cost(7, 18, 696924).
cost(7, 19, 754928).
cost(7, 20, 632854).
cost(7, 21, 635703).
cost(7, 22, 864566).
cost(7, 23, 970370).
cost(7, 24, 694394).
cost(7, 25, 617194).
cost(7, 26, 679409).
cost(7, 27, 477312).
cost(7, 28, 572226).
cost(7, 29, 871849).
cost(7, 30, 591327).
cost(7, 31, 832372).
cost(7, 32, 572581).
cost(8, 1, 832456).
cost(8, 2, 322737).
cost(8, 3, 127951).
cost(8, 4, 320762).
cost(8, 5, 613854).
cost(8, 6, 884552).
cost(8, 7, 745796).
cost(8, 9, 218198).
cost(8, 10, 257230).
cost(8, 11, 864274).
cost(8, 12, 493215).
cost(8, 13, 764252).
cost(8, 14, 172445).
cost(8, 15, 407997).
cost(8, 16, 331718).
cost(8, 17, 680910).
cost(8, 18, 261754).
cost(8, 19, 240894).
cost(8, 20, 256113).
cost(8, 21, 201050).
cost(8, 22, 128740).
cost(8, 23, 247818).
cost(8, 24, 404209).
cost(8, 25, 430599).
cost(8, 26, 824579).
cost(8, 27, 589758).
cost(8, 28, 343876).
cost(8, 29, 304910).
cost(8, 30, 451067).
cost(8, 31, 128195).
cost(8, 32, 459093).
cost(9, 1, 825145).
cost(9, 2, 540004).
cost(9, 3, 137393).
cost(9, 4, 470563).
cost(9, 5, 822828).
cost(9, 6, 1063695).
cost(9, 7, 891538).
cost(9, 8, 218198).
cost(9, 10, 472146).
cost(9, 11, 840320).
cost(9, 12, 711109).
cost(9, 13, 909723).
cost(9, 14, 236289).
cost(9, 15, 226105).
cost(9, 16, 487912).
cost(9, 17, 667514).
cost(9, 18, 231462).
cost(9, 19, 444653).
cost(9, 20, 474306).
cost(9, 21, 258113).
cost(9, 22, 123689).
cost(9, 23, 106011).
cost(9, 24, 347106).
cost(9, 25, 411190).
cost(9, 26, 796380).
cost(9, 27, 615024).
cost(9, 28, 368750).
cost(9, 29, 130582).
cost(9, 30, 669208).
cost(9, 31, 90431).
cost(9, 32, 676941).
cost(10, 1, 853729).
cost(10, 2, 121166).
cost(10, 3, 378563).
cost(10, 4, 347871).
cost(10, 5, 358975).
cost(10, 6, 660800).
cost(10, 7, 575158).
cost(10, 8, 257230).
cost(10, 9, 472146).
cost(10, 11, 901921).
cost(10, 12, 243835).
cost(10, 13, 592713).
cost(10, 14, 317318).
cost(10, 15, 632160).
cost(10, 16, 342363).
cost(10, 17, 724716).
cost(10, 18, 424308).
cost(10, 19, 180664).
cost(10, 20, 62824).
cost(10, 21, 328144).
cost(10, 22, 382630).
cost(10, 23, 502390).
cost(10, 24, 539974).
cost(10, 25, 525532).
cost(10, 26, 870219).
cost(10, 27, 602404).
cost(10, 28, 422069).
cost(10, 29, 535815).
cost(10, 30, 206325).
cost(10, 31, 383987).
cost(10, 32, 209849).
cost(11, 1, 68501).
cost(11, 2, 1022622).
cost(11, 3, 920969).
cost(11, 4, 1174909).
cost(11, 5, 1007564).
cost(11, 6, 938468).
cost(11, 7, 682603).
cost(11, 8, 864274).
cost(11, 9, 840320).
cost(11, 10, 901921).
cost(11, 12, 1066397).
cost(11, 13, 688254).
cost(11, 14, 692135).
cost(11, 15, 696979).
cost(11, 16, 1181183).
cost(11, 17, 183671).
cost(11, 18, 623983).
cost(11, 19, 1042041).
cost(11, 20, 959376).
cost(11, 21, 663237).
cost(11, 22, 908157).
cost(11, 23, 946266).
cost(11, 24, 493261).
cost(11, 25, 438882).
cost(11, 26, 45211).
cost(11, 27, 300070).
cost(11, 28, 520772).
cost(11, 29, 731279).
cost(11, 30, 1054479).
cost(11, 31, 850188).
cost(11, 32, 1044155).
cost(12, 1, 1009768).
cost(12, 2, 185432).
cost(12, 3, 605061).
cost(12, 4, 451038).
cost(12, 5, 193483).
cost(12, 6, 557860).
cost(12, 7, 575155).
cost(12, 8, 493215).
cost(12, 9, 711109).
cost(12, 10, 243835).
cost(12, 11, 1066397).
cost(12, 13, 588837).
cost(12, 14, 557852).
cost(12, 15, 875800).
cost(12, 16, 434918).
cost(12, 17, 901955).
cost(12, 18, 662710).
cost(12, 19, 317570).
cost(12, 20, 238510).
cost(12, 21, 565496).
cost(12, 22, 611622).
cost(12, 23, 729304).
cost(12, 24, 767550).
cost(12, 25, 740009).
cost(12, 26, 1041107).
cost(12, 27, 770072).
cost(12, 28, 638634).
cost(12, 29, 779619).
cost(12, 30, 45331).
cost(12, 31, 621403).
cost(12, 32, 34221).
cost(13, 1, 619834).
cost(13, 2, 669488).
cost(13, 3, 886876).
cost(13, 4, 939743).
cost(13, 5, 434153).
cost(13, 6, 250566).
cost(13, 7, 18461).
cost(13, 8, 764252).
cost(13, 9, 909723).
cost(13, 10, 592713).
cost(13, 11, 688254).
cost(13, 12, 588837).
cost(13, 14, 673550).
cost(13, 15, 939352).
cost(13, 16, 932683).
cost(13, 17, 601136).
cost(13, 18, 714391).
cost(13, 19, 772316).
cost(13, 20, 650160).
cost(13, 21, 653731).
cost(13, 22, 883015).
cost(13, 23, 988743).
cost(13, 24, 710292).
cost(13, 25, 632610).
cost(13, 26, 686207).
cost(13, 27, 489188).
cost(13, 28, 589028).
cost(13, 29, 889384).
cost(13, 30, 605860).
cost(13, 31, 850751).
cost(13, 32, 586969).
cost(14, 1, 661700).
cost(14, 2, 422169).
cost(14, 3, 246665).
cost(14, 4, 489944).
cost(14, 5, 629385).
cost(14, 6, 835241).
cost(14, 7, 655398).
cost(14, 8, 172445).
cost(14, 9, 236289).
cost(14, 10, 317318).
cost(14, 11, 692135).
cost(14, 12, 557852).
cost(14, 13, 673550).
cost(14, 15, 324094).
cost(14, 16, 499104).
cost(14, 17, 508985).
cost(14, 18, 108323).
cost(14, 19, 383392).
cost(14, 20, 348392).
cost(14, 21, 29727).
cost(14, 22, 237137).
cost(14, 23, 322549).
cost(14, 24, 240852).
cost(14, 25, 258626).
cost(14, 26, 652218).
cost(14, 27, 423315).
cost(14, 28, 172809).
cost(14, 29, 239459).
cost(14, 30, 522949).
cost(14, 31, 189134).
cost(14, 32, 524611).
cost(15, 1, 697994).
cost(15, 2, 722901).
cost(15, 3, 361178).
cost(15, 4, 694025).
cost(15, 5, 953100).
cost(15, 6, 1132667).
cost(15, 7, 922484).
cost(15, 8, 407997).
cost(15, 9, 226105).
cost(15, 10, 632160).
cost(15, 11, 696979).
cost(15, 12, 875800).
cost(15, 13, 939352).
cost(15, 14, 324094).
cost(15, 16, 710502).
cost(15, 17, 547108).
cost(15, 18, 236447).
cost(15, 19, 648294).
cost(15, 20, 651228).
cost(15, 21, 325770).
cost(15, 22, 346762).
cost(15, 23, 308782).
cost(15, 24, 246698).
cost(15, 25, 330588).
cost(15, 26, 651769).
cost(15, 27, 539792).
cost(15, 28, 350355).
cost(15, 29, 103781).
cost(15, 30, 838141).
cost(15, 31, 299174).
cost(15, 32, 841941).
cost(16, 1, 1143001).
cost(16, 2, 273596).
cost(16, 3, 350556).
cost(16, 4, 21735).
cost(16, 5, 621462).
cost(16, 6, 970988).
cost(16, 7, 915456).
cost(16, 8, 331718).
cost(16, 9, 487912).
cost(16, 10, 342363).
cost(16, 11, 1181183).
cost(16, 12, 434918).
cost(16, 13, 932683).
cost(16, 14, 499104).
cost(16, 15, 710502).
cost(16, 17, 997740).
cost(16, 18, 593466).
cost(16, 19, 161816).
cost(16, 20, 282715).
cost(16, 21, 525451).
cost(16, 22, 364543).
cost(16, 23, 442306).
cost(16, 24, 735699).
cost(16, 25, 756852).
cost(16, 26, 1143725).
cost(16, 27, 892737).
cost(16, 28, 662896).
cost(16, 29, 608148).
cost(16, 30, 392833).
cost(16, 31, 412233).
cost(16, 32, 411655).
cost(17, 1, 157646).
cost(17, 2, 845824).
cost(17, 3, 740995).
cost(17, 4, 991324).
cost(17, 5, 862203).
cost(17, 6, 848509).
cost(17, 7, 591285).
cost(17, 8, 680910).
cost(17, 9, 667514).
cost(17, 10, 724716).
cost(17, 11, 183671).
cost(17, 12, 901955).
cost(17, 13, 601136).
cost(17, 14, 508985).
cost(17, 15, 547108).
cost(17, 16, 997740).
cost(17, 18, 445109).
cost(17, 19, 859978).
cost(17, 20, 780707).
cost(17, 21, 479940).
cost(17, 22, 728534).
cost(17, 23, 773428).
cost(17, 24, 322201).
cost(17, 25, 259204).
cost(17, 26, 146682).
cost(17, 27, 134434).
cost(17, 28, 337208).
cost(17, 29, 566473).
cost(17, 30, 886569).
cost(17, 31, 671177).
cost(17, 32, 877651).
cost(18, 1, 602141).
cost(18, 2, 530482).
cost(18, 3, 297145).
cost(18, 4, 582350).
cost(18, 5, 722359).
cost(18, 6, 898255).
cost(18, 7, 696924).
cost(18, 8, 261754).
cost(18, 9, 231462).
cost(18, 10, 424308).
cost(18, 11, 623983).
cost(18, 12, 662710).
cost(18, 13, 714391).
cost(18, 14, 108323).
cost(18, 15, 236447).
cost(18, 16, 593466).
cost(18, 17, 445109).
cost(18, 19, 487801).
cost(18, 20, 456703).
cost(18, 21, 97295).
cost(18, 22, 284197).
cost(18, 23, 334751).
cost(18, 24, 143068).
cost(18, 25, 185905).
cost(18, 26, 581637).
cost(18, 27, 383780).
cost(18, 28, 139713).
cost(18, 29, 175199).
cost(18, 30, 629039).
cost(18, 31, 226268).
cost(18, 32, 629866).
cost(19, 1, 999834).
cost(19, 2, 134222).
cost(19, 3, 316988).
cost(19, 4, 167454).
cost(19, 5, 487916).
cost(19, 6, 823099).
cost(19, 7, 754928).
cost(19, 8, 240894).
cost(19, 9, 444653).
cost(19, 10, 180664).
cost(19, 11, 1042041).
cost(19, 12, 317570).
cost(19, 13, 772316).
cost(19, 14, 383392).
cost(19, 15, 648294).
cost(19, 16, 161816).
cost(19, 17, 859978).
cost(19, 18, 487801).
cost(19, 20, 122454).
cost(19, 21, 405563).
cost(19, 22, 327299).
cost(19, 23, 435191).
cost(19, 24, 624176).
cost(19, 25, 631993).
cost(19, 26, 1006649).
cost(19, 27, 747833).
cost(19, 28, 532469).
cost(19, 29, 544790).
cost(19, 30, 272334).
cost(19, 31, 356259).
cost(19, 32, 287883).
cost(20, 1, 912481).
cost(20, 2, 73780).
cost(20, 3, 366801).
cost(20, 4, 289661).
cost(20, 5, 383264).
cost(20, 6, 704923).
cost(20, 7, 632854).
cost(20, 8, 256113).
cost(20, 9, 474306).
cost(20, 10, 62824).
cost(20, 11, 959376).
cost(20, 12, 238510).
cost(20, 13, 650160).
cost(20, 14, 348392).
cost(20, 15, 651228).
cost(20, 16, 282715).
cost(20, 17, 780707).
cost(20, 18, 456703).
cost(20, 19, 122454).
cost(20, 21, 363427).
cost(20, 22, 373149).
cost(20, 23, 491194).
cost(20, 24, 580413).
cost(20, 25, 572722).
cost(20, 26, 926757).
cost(20, 27, 660596).
cost(20, 28, 469615).
cost(20, 29, 551448).
cost(20, 30, 195369).
cost(20, 31, 384144).
cost(20, 32, 204747).
cost(21, 1, 632282).
cost(21, 2, 437088).
cost(21, 3, 275793).
cost(21, 4, 516808).
cost(21, 5, 628001).
cost(21, 6, 821658).
cost(21, 7, 635703).
cost(21, 8, 201050).
cost(21, 9, 258113).
cost(21, 10, 328144).
cost(21, 11, 663237).
cost(21, 12, 565496).
cost(21, 13, 653731).
cost(21, 14, 29727).
cost(21, 15, 325770).
cost(21, 16, 525451).
cost(21, 17, 479940).
cost(21, 18, 97295).
cost(21, 19, 405563).
cost(21, 20, 363427).
cost(21, 22, 265978).
cost(21, 23, 348028).
cost(21, 24, 219473).
cost(21, 25, 231453).
cost(21, 26, 623562).
cost(21, 27, 393592).
cost(21, 28, 143338).
cost(21, 29, 247839).
cost(21, 30, 532155).
cost(21, 31, 216605).
cost(21, 32, 532728).
cost(22, 1, 884922).
cost(22, 2, 433167).
cost(22, 3, 14781).
cost(22, 4, 347545).
cost(22, 5, 740947).
cost(22, 6, 1011864).
cost(22, 7, 864566).
cost(22, 8, 128740).
cost(22, 9, 123689).
cost(22, 10, 382630).
cost(22, 11, 908157).
cost(22, 12, 611622).
cost(22, 13, 883015).
cost(22, 14, 237137).
cost(22, 15, 346762).
cost(22, 16, 364543).
cost(22, 17, 728534).
cost(22, 18, 284197).
cost(22, 19, 327299).
cost(22, 20, 373149).
cost(22, 21, 265978).
cost(22, 23, 119809).
cost(22, 24, 421324).
cost(22, 25, 469614).
cost(22, 26, 865822).
cost(22, 27, 655928).
cost(22, 28, 402794).
cost(22, 29, 245980).
cost(22, 30, 568031).
cost(22, 31, 58930).
cost(22, 32, 577896).
cost(23, 1, 931068).
cost(23, 2, 548650).
cost(23, 3, 124493).
cost(23, 4, 422614).
cost(23, 5, 860753).
cost(23, 6, 1127103).
cost(23, 7, 970370).
cost(23, 8, 247818).
cost(23, 9, 106011).
cost(23, 10, 502390).
cost(23, 11, 946266).
cost(23, 12, 729304).
cost(23, 13, 988743).
cost(23, 14, 322549).
cost(23, 15, 308782).
cost(23, 16, 442306).
cost(23, 17, 773428).
cost(23, 18, 334751).
cost(23, 19, 435191).
cost(23, 20, 491194).
cost(23, 21, 348028).
cost(23, 22, 119809).
cost(23, 24, 453093).
cost(23, 25, 516598).
cost(23, 26, 902274).
cost(23, 27, 718447).
cost(23, 28, 469376).
cost(23, 29, 226978).
cost(23, 30, 685289).
cost(23, 31, 138028).
cost(23, 32, 695793).
cost(24, 1, 479407).
cost(24, 2, 653606).
cost(24, 3, 434989).
cost(24, 4, 724966).
cost(24, 5, 799121).
cost(24, 6, 921333).
cost(24, 7, 694394).
cost(24, 8, 404209).
cost(24, 9, 347106).
cost(24, 10, 539974).
cost(24, 11, 493261).
cost(24, 12, 767550).
cost(24, 13, 710292).
cost(24, 14, 240852).
cost(24, 15, 246698).
cost(24, 16, 735699).
cost(24, 17, 322201).
cost(24, 18, 143068).
cost(24, 19, 624176).
cost(24, 20, 580413).
cost(24, 21, 219473).
cost(24, 22, 421324).
cost(24, 23, 453093).
cost(24, 25, 84052).
cost(24, 26, 449476).
cost(24, 27, 294228).
cost(24, 28, 139285).
cost(24, 29, 245553).
cost(24, 30, 738311).
cost(24, 31, 362468).
cost(24, 32, 736345).
cost(25, 1, 416342).
cost(25, 2, 643963).
cost(25, 3, 482257).
cost(25, 4, 748248).
cost(25, 5, 752644).
cost(25, 6, 850141).
cost(25, 7, 617194).
cost(25, 8, 430599).
cost(25, 9, 411190).
cost(25, 10, 525532).
cost(25, 11, 438882).
cost(25, 12, 740009).
cost(25, 13, 632610).
cost(25, 14, 258626).
cost(25, 15, 330588).
cost(25, 16, 756852).
cost(25, 17, 259204).
cost(25, 18, 185905).
cost(25, 19, 631993).
cost(25, 20, 572722).
cost(25, 21, 231453).
cost(25, 22, 469614).
cost(25, 23, 516598).
cost(25, 24, 84052).
cost(25, 26, 397214).
cost(25, 27, 212554).
cost(25, 28, 103463).
cost(25, 29, 321949).
cost(25, 30, 714685).
cost(25, 31, 412043).
cost(25, 32, 710501).
cost(26, 1, 80858).
cost(26, 2, 991213).
cost(26, 3, 878764).
cost(26, 4, 1137004).
cost(26, 5, 989435).
cost(26, 6, 936771).
cost(26, 7, 679409).
cost(26, 8, 824579).
cost(26, 9, 796380).
cost(26, 10, 870219).
cost(26, 11, 45211).
cost(26, 12, 1041107).
cost(26, 13, 686207).
cost(26, 14, 652218).
cost(26, 15, 651769).
cost(26, 16, 1143725).
cost(26, 17, 146682).
cost(26, 18, 581637).
cost(26, 19, 1006649).
cost(26, 20, 926757).
cost(26, 21, 623562).
cost(26, 22, 865822).
cost(26, 23, 902274).
cost(26, 24, 449476).
cost(26, 25, 397214).
cost(26, 27, 271442).
cost(26, 28, 481830).
cost(26, 29, 686537).
cost(26, 30, 1027655).
cost(26, 31, 807670).
cost(26, 32, 1017952).
cost(27, 1, 252292).
cost(27, 2, 722868).
cost(27, 3, 666946).
cost(27, 4, 888225).
cost(27, 5, 727867).
cost(27, 6, 730893).
cost(27, 7, 477312).
cost(27, 8, 589758).
cost(27, 9, 615024).
cost(27, 10, 602404).
cost(27, 11, 300070).
cost(27, 12, 770072).
cost(27, 13, 489188).
cost(27, 14, 423315).
cost(27, 15, 539792).
cost(27, 16, 892737).
cost(27, 17, 134434).
cost(27, 18, 383780).
cost(27, 19, 747833).
cost(27, 20, 660596).
cost(27, 21, 393592).
cost(27, 22, 655928).
cost(27, 23, 718447).
cost(27, 24, 294228).
cost(27, 25, 212554).
cost(27, 26, 271442).
cost(27, 28, 253138).
cost(27, 29, 533977).
cost(27, 30, 756218).
cost(27, 31, 601742).
cost(27, 32, 746605).
cost(28, 1, 488945).
cost(28, 2, 540617).
cost(28, 3, 413883).
cost(28, 4, 655574).
cost(28, 5, 660819).
cost(28, 6, 789184).
cost(28, 7, 572226).
cost(28, 8, 343876).
cost(28, 9, 368750).
cost(28, 10, 422069).
cost(28, 11, 520772).
cost(28, 12, 638634).
cost(28, 13, 589028).
cost(28, 14, 172809).
cost(28, 15, 350355).
cost(28, 16, 662896).
cost(28, 17, 337208).
cost(28, 18, 139713).
cost(28, 19, 532469).
cost(28, 20, 469615).
cost(28, 21, 143338).
cost(28, 22, 402794).
cost(28, 23, 469376).
cost(28, 24, 139285).
cost(28, 25, 103463).
cost(28, 26, 481830).
cost(28, 27, 253138).
cost(28, 29, 309951).
cost(28, 30, 612322).
cost(28, 31, 348835).
cost(28, 32, 608638).
cost(29, 1, 722738).
cost(29, 2, 622309).
cost(29, 3, 260620).
cost(29, 4, 592077).
cost(29, 5, 866721).
cost(29, 6, 1068245).
cost(29, 7, 871849).
cost(29, 8, 304910).
cost(29, 9, 130582).
cost(29, 10, 535815).
cost(29, 11, 731279).
cost(29, 12, 779619).
cost(29, 13, 889384).
cost(29, 14, 239459).
cost(29, 15, 103781).
cost(29, 16, 608148).
cost(29, 17, 566473).
cost(29, 18, 175199).
cost(29, 19, 544790).
cost(29, 20, 551448).
cost(29, 21, 247839).
cost(29, 22, 245980).
cost(29, 23, 226978).
cost(29, 24, 245553).
cost(29, 25, 321949).
cost(29, 26, 686537).
cost(29, 27, 533977).
cost(29, 28, 309951).
cost(29, 30, 740828).
cost(29, 31, 196097).
cost(29, 32, 745561).
cost(30, 1, 999543).
cost(30, 2, 140143).
cost(30, 3, 561202).
cost(30, 4, 408384).
cost(30, 5, 230421).
cost(30, 6, 590827).
cost(30, 7, 591327).
cost(30, 8, 451067).
cost(30, 9, 669208).
cost(30, 10, 206325).
cost(30, 11, 1054479).
cost(30, 12, 45331).
cost(30, 13, 605860).
cost(30, 14, 522949).
cost(30, 15, 838141).
cost(30, 16, 392833).
cost(30, 17, 886569).
cost(30, 18, 629039).
cost(30, 19, 272334).
cost(30, 20, 195369).
cost(30, 21, 532155).
cost(30, 22, 568031).
cost(30, 23, 685289).
cost(30, 24, 738311).
cost(30, 25, 714685).
cost(30, 26, 1027655).
cost(30, 27, 756218).
cost(30, 28, 612322).
cost(30, 29, 740828).
cost(30, 31, 579232).
cost(30, 32, 20249).
cost(31, 1, 827903).
cost(31, 2, 449573).
cost(31, 3, 72986).
cost(31, 4, 396505).
cost(31, 5, 737707).
cost(31, 6, 991533).
cost(31, 7, 832372).
cost(31, 8, 128195).
cost(31, 9, 90431).
cost(31, 10, 383987).
cost(31, 11, 850188).
cost(31, 12, 621403).
cost(31, 13, 850751).
cost(31, 14, 189134).
cost(31, 15, 299174).
cost(31, 16, 412233).
cost(31, 17, 671177).
cost(31, 18, 226268).
cost(31, 19, 356259).
cost(31, 20, 384144).
cost(31, 21, 216605).
cost(31, 22, 58930).
cost(31, 23, 138028).
cost(31, 24, 362468).
cost(31, 25, 412043).
cost(31, 26, 807670).
cost(31, 27, 601742).
cost(31, 28, 348835).
cost(31, 29, 196097).
cost(31, 30, 579232).
cost(31, 32, 587275).
cost(32, 1, 988536).
cost(32, 2, 154425).
cost(32, 3, 571474).
cost(32, 4, 426913).
cost(32, 5, 210755).
cost(32, 6, 570614).
cost(32, 7, 572581).
cost(32, 8, 459093).
cost(32, 9, 676941).
cost(32, 10, 209849).
cost(32, 11, 1044155).
cost(32, 12, 34221).
cost(32, 13, 586969).
cost(32, 14, 524611).
cost(32, 15, 841941).
cost(32, 16, 411655).
cost(32, 17, 877651).
cost(32, 18, 629866).
cost(32, 19, 287883).
cost(32, 20, 204747).
cost(32, 21, 532728).
cost(32, 22, 577896).
cost(32, 23, 695793).
cost(32, 24, 736345).
cost(32, 25, 710501).
cost(32, 26, 1017952).
cost(32, 27, 746605).
cost(32, 28, 608638).
cost(32, 29, 745561).
cost(32, 30, 20249).
cost(32, 31, 587275).
