dimension(32).
point(1, 230414.0, 295847.0).
point(2, 609677.0, 311666.0).
point(3, 448588.0, 125666.0).
point(4, 828658.0, 132143.0).
point(5, 127287.0, 446120.0).
point(6, 242408.0, 767563.0).
point(7, 937235.0, 984139.0).
point(8, 559520.0, 727445.0).
point(9, 560845.0, 717794.0).
point(10, 340883.0, 372632.0).
point(11, 246827.0, 295363.0).
point(12, 916548.0, 272354.0).
point(13, 458569.0, 858538.0).
point(14, 590464.0, 762418.0).
point(15, 709942.0, 905265.0).
point(16, 40111.0, 56969.0).
point(17, 562634.0, 149809.0).
point(18, 346268.0, 516469.0).
point(19, 88013.0, 583734.0).
point(20, 528472.0, 329788.0).
point(21, 891880.0, 383437.0).
point(22, 829352.0, 839130.0).
point(23, 535218.0, 660125.0).
point(24, 379222.0, 320361.0).
point(25, 806664.0, 516251.0).
point(26, 686895.0, 381979.0).
point(27, 922163.0, 374725.0).
point(28, 829922.0, 173444.0).
point(29, 733212.0, 459868.0).
point(30, 965397.0, 932118.0).
point(31, 37652.0, 244923.0).
point(32, 603670.0, 797499.0).
cost(1, 2, 379593).
cost(1, 3, 276697).
cost(1, 4, 620238).
cost(1, 5, 182256).
cost(1, 6, 471868).
cost(1, 7, 986581).
cost(1, 8, 542759).
cost(1, 9, 535933).
cost(1, 10, 134534).
cost(1, 11, 16420).
cost(1, 12, 686536).
cost(1, 13, 607187).
cost(1, 14, 589342).
cost(1, 15, 775459).
cost(1, 16, 305414).
cost(1, 17, 362901).
cost(1, 18, 249191).
cost(1, 19, 321181).
cost(1, 20, 299984).
cost(1, 21, 667240).
cost(1, 22, 808630).
cost(1, 23, 474978).
cost(1, 24, 150814).
cost(1, 25, 616962).
cost(1, 26, 464536).
cost(1, 27, 696232).
cost(1, 28, 611876).
cost(1, 29, 528875).
cost(1, 30, 972132).
cost(1, 31, 199375).
cost(1, 32, 625280).
cost(2, 1, 379593).
cost(2, 3, 246060).
cost(2, 4, 283163).
cost(2, 5, 500777).
cost(2, 6, 585430).
cost(2, 7, 748007).
cost(2, 8, 418793).
cost(2, 9, 409053).
cost(2, 10, 275621).
cost(2, 11, 363216).
cost(2, 12, 309379).
cost(2, 13, 567365).
cost(2, 14, 451161).
cost(2, 15, 602007).
cost(2, 16, 623920).
cost(2, 17, 168555).
cost(2, 18, 333659).
cost(2, 19, 588349).
cost(2, 20, 83203).
cost(2, 21, 291187).
cost(2, 22, 571380).
cost(2, 23, 356325).
cost(2, 24, 230619).
cost(2, 25, 284005).
cost(2, 26, 104434).
cost(2, 27, 318785).
cost(2, 28, 260025).
cost(2, 29, 192937).
cost(2, 30, 715190).
cost(2, 31, 575906).
cost(2, 32, 485870).
cost(3, 1, 276697).
cost(3, 2, 246060).
cost(3, 4, 380125).
cost(3, 5, 453790).
cost(3, 6, 674197).
cost(3, 7, 987801).
cost(3, 8, 611918).
cost(3, 9, 602675).
cost(3, 10, 269430).
cost(3, 11, 263637).
cost(3, 12, 490412).
cost(3, 13, 732940).
cost(3, 14, 652366).
cost(3, 15, 822241).
cost(3, 16, 414213).
cost(3, 17, 116573).
cost(3, 18, 403976).
cost(3, 19, 582959).
cost(3, 20, 219197).
cost(3, 21, 512790).
cost(3, 22, 808710).
cost(3, 23, 541434).
cost(3, 24, 206683).
cost(3, 25, 529882).
cost(3, 26, 349981).
cost(3, 27, 535074).
cost(3, 28, 384315).
cost(3, 29, 438978).
cost(3, 30, 957839).
cost(3, 31, 427891).
cost(3, 32, 689500).
cost(4, 1, 620238).
cost(4, 2, 283163).
cost(4, 3, 380125).
cost(4, 5, 768442).
cost(4, 6, 864551).
cost(4, 7, 858887).
cost(4, 8, 653314).
cost(4, 9, 643981).
cost(4, 10, 543838).
cost(4, 11, 604291).
cost(4, 12, 165480).
cost(4, 13, 815240).
cost(4, 14, 673783).
cost(4, 15, 782184).
cost(4, 16, 792122).
cost(4, 17, 266610).
cost(4, 18, 616771).
cost(4, 19, 867461).
cost(4, 20, 359409).
cost(4, 21, 259125).
cost(4, 22, 706987).
cost(4, 23, 604046).
cost(4, 24, 487256).
cost(4, 25, 384737).
cost(4, 26, 287254).
cost(4, 27, 259979).
cost(4, 28, 41320).
cost(4, 29, 341341).
cost(4, 30, 811577).
cost(4, 31, 799006).
cost(4, 32, 702366).
cost(5, 1, 182256).
cost(5, 2, 500777).
cost(5, 3, 453790).
cost(5, 4, 768442).
cost(5, 6, 341436).
cost(5, 7, 972358).
cost(5, 8, 515722).
cost(5, 9, 511644).
cost(5, 10, 225884).
cost(5, 11, 192399).
cost(5, 12, 808163).
cost(5, 13, 528996).
cost(5, 14, 560872).
cost(5, 15, 741823).
cost(5, 16, 398796).
cost(5, 17, 526619).
cost(5, 18, 230004).
cost(5, 19, 143109).
cost(5, 20, 417711).
cost(5, 21, 767158).
cost(5, 22, 804582).
cost(5, 23, 460658).
cost(5, 24, 281579).
cost(5, 25, 682987).
cost(5, 26, 563272).
cost(5, 27, 798076).
cost(5, 28, 753690).
cost(5, 29, 606081).
cost(5, 30, 968825).
cost(5, 31, 220260).
cost(5, 32, 591953).
cost(6, 1, 471868).
cost(6, 2, 585430).
cost(6, 3, 674197).
cost(6, 4, 864551).
cost(6, 5, 341436).
cost(6, 7, 727798).
cost(6, 8, 319640).
cost(6, 9, 322303).
cost(6, 10, 407023).
cost(6, 11, 472221).
cost(6, 12, 836479).
cost(6, 13, 234525).
cost(6, 14, 348094).
cost(6, 15, 487391).
cost(6, 16, 738829).
cost(6, 17, 695819).
cost(6, 18, 271726).
cost(6, 19, 240064).
cost(6, 20, 522953).
cost(6, 21, 754564).
cost(6, 22, 591291).
cost(6, 23, 311898).
cost(6, 24, 467662).
cost(6, 25, 617691).
cost(6, 26, 588425).
cost(6, 27, 785104).
cost(6, 28, 835554).
cost(6, 29, 579280).
cost(6, 30, 741479).
cost(6, 31, 561318).
cost(6, 32, 362500).
cost(7, 1, 986581).
cost(7, 2, 748007).
cost(7, 3, 987801).
cost(7, 4, 858887).
cost(7, 5, 972358).
cost(7, 6, 727798).
cost(7, 8, 456684).
cost(7, 9, 461096).
cost(7, 10, 854153).
cost(7, 11, 975231).
cost(7, 12, 712086).
cost(7, 13, 494870).
cost(7, 14, 411595).
cost(7, 15, 240589).
cost(7, 16, 1290146).
cost(7, 17, 914567).
cost(7, 18, 753629).
cost(7, 19, 938883).
cost(7, 20, 771533).
cost(7, 21, 602412).
cost(7, 22, 180738).
cost(7, 23, 516336).
cost(7, 24, 867168).
cost(7, 25, 485765).
cost(7, 26, 652125).
cost(7, 27, 609600).
cost(7, 28, 817767).
cost(7, 29, 562570).
cost(7, 30, 59155).
cost(7, 31, 1164341).
cost(7, 32, 382230).
cost(8, 1, 542759).
cost(8, 2, 418793).
cost(8, 3, 611918).
cost(8, 4, 653314).
cost(8, 5, 515722).
cost(8, 6, 319640).
cost(8, 7, 456684).
cost(8, 9, 9742).
cost(8, 10, 416767).
cost(8, 11, 533359).
cost(8, 12, 578426).
cost(8, 13, 165458).
cost(8, 14, 46697).
cost(8, 15, 232909).
cost(8, 16, 848130).
cost(8, 17, 577644).
cost(8, 18, 299979).
cost(8, 19, 492922).
cost(8, 20, 398867).
cost(8, 21, 478335).
cost(8, 22, 292032).
cost(8, 23, 71572).
cost(8, 24, 445224).
cost(8, 25, 325089).
cost(8, 26, 368200).
cost(8, 27, 505887).
cost(8, 28, 616469).
cost(8, 29, 319008).
cost(8, 30, 454563).
cost(8, 31, 710756).
cost(8, 32, 82806).
cost(9, 1, 535933).
cost(9, 2, 409053).
cost(9, 3, 602675).
cost(9, 4, 643981).
cost(9, 5, 511644).
cost(9, 6, 322303).
cost(9, 7, 461096).
cost(9, 8, 9742).
cost(9, 10, 409292).
cost(9, 11, 526360).
cost(9, 12, 570036).
cost(9, 13, 173981).
cost(9, 14, 53559).
cost(9, 15, 239531).
cost(9, 16, 841340).
cost(9, 17, 567988).
cost(9, 18, 294236).
cost(9, 19, 491469).
cost(9, 20, 389354).
cost(9, 21, 470509).
cost(9, 22, 294650).
cost(9, 23, 63107).
cost(9, 24, 436967).
cost(9, 25, 317878).
cost(9, 26, 358693).
cost(9, 27, 498244).
cost(9, 28, 607223).
cost(9, 29, 310220).
cost(9, 30, 457818).
cost(9, 31, 705222).
cost(9, 32, 90481).
cost(10, 1, 134534).
cost(10, 2, 275621).
cost(10, 3, 269430).
cost(10, 4, 543838).
cost(10, 5, 225884).
cost(10, 6, 407023).
cost(10, 7, 854153).
cost(10, 8, 416767).
cost(10, 9, 409292).
cost(10, 11, 121725).
cost(10, 12, 584334).
cost(10, 13, 499955).
cost(10, 14, 462843).
cost(10, 15, 647999).
cost(10, 16, 436013).
cost(10, 17, 314362).
cost(10, 18, 143938).
cost(10, 19, 329404).
cost(10, 20, 192419).
cost(10, 21, 551103).
cost(10, 22, 675442).
cost(10, 23, 347013).
cost(10, 24, 64824).
cost(10, 25, 487420).
cost(10, 26, 346138).
cost(10, 27, 581284).
cost(10, 28, 528048).
cost(10, 29, 401911).
cost(10, 30, 838476).
cost(10, 31, 329027).
cost(10, 32, 499569).
cost(11, 1, 16420).
cost(11, 2, 363216).
cost(11, 3, 263637).
cost(11, 4, 604291).
cost(11, 5, 192399).
cost(11, 6, 472221).
cost(11, 7, 975231).
cost(11, 8, 533359).
cost(11, 9, 526360).
cost(11, 10, 121725).
cost(11, 12, 670116).
cost(11, 13, 601665).
cost(11, 14, 579851).
cost(11, 15, 765804).
cost(11, 16, 315536).
cost(11, 17, 347736).
cost(11, 18, 242438).
cost(11, 19, 329211).
cost(11, 20, 283741).
cost(11, 21, 651038).
cost(11, 22, 796880).
cost(11, 23, 464995).
cost(11, 24, 134734).
cost(11, 25, 601838).
cost(11, 26, 448511).
cost(11, 27, 679983).
cost(11, 28, 595705).
cost(11, 29, 513451).
cost(11, 30, 960104).
cost(11, 31, 215171).
cost(11, 32, 616017).
cost(12, 1, 686536).
cost(12, 2, 309379).
cost(12, 3, 490412).
cost(12, 4, 165480).
cost(12, 5, 808163).
cost(12, 6, 836479).
cost(12, 7, 712086).
cost(12, 8, 578426).
cost(12, 9, 570036).
cost(12, 10, 584334).
cost(12, 11, 670116).
cost(12, 13, 743879).
cost(12, 14, 588637).
cost(12, 15, 665780).
cost(12, 16, 902515).
cost(12, 17, 374530).
cost(12, 18, 620332).
cost(12, 19, 885115).
cost(12, 20, 392303).
cost(12, 21, 113789).
cost(12, 22, 573444).
cost(12, 23, 543856).
cost(12, 24, 539466).
cost(12, 25, 267507).
cost(12, 26, 254476).
cost(12, 27, 102525).
cost(12, 28, 131481).
cost(12, 29, 262247).
cost(12, 30, 661570).
cost(12, 31, 879324).
cost(12, 32, 611285).
cost(13, 1, 607187).
cost(13, 2, 567365).
cost(13, 3, 732940).
cost(13, 4, 815240).
cost(13, 5, 528996).
cost(13, 6, 234525).
cost(13, 7, 494870).
cost(13, 8, 165458).
cost(13, 9, 173981).
cost(13, 10, 499955).
cost(13, 11, 601665).
cost(13, 12, 743879).
cost(13, 14, 163203).
cost(13, 15, 255679).
cost(13, 16, 904223).
cost(13, 17, 716328).
cost(13, 18, 360032).
cost(13, 19, 461334).
cost(13, 20, 533351).
cost(13, 21, 643024).
cost(13, 22, 371291).
cost(13, 23, 212704).
cost(13, 24, 543995).
cost(13, 25, 488191).
cost(13, 26, 528433).
cost(13, 27, 670070).
cost(13, 28, 779267).
cost(13, 29, 484114).
cost(13, 30, 512141).
cost(13, 31, 744107).
cost(13, 32, 157417).
cost(14, 1, 589342).
cost(14, 2, 451161).
cost(14, 3, 652366).
cost(14, 4, 673783).
cost(14, 5, 560872).
cost(14, 6, 348094).
cost(14, 7, 411595).
cost(14, 8, 46697).
cost(14, 9, 53559).
cost(14, 10, 462843).
cost(14, 11, 579851).
cost(14, 12, 588637).
cost(14, 13, 163203).
cost(14, 15, 186226).
cost(14, 16, 894733).
cost(14, 17, 613241).
cost(14, 18, 346587).
cost(14, 19, 533278).
cost(14, 20, 437049).
cost(14, 21, 484229).
cost(14, 22, 250903).
cost(14, 23, 116258).
cost(14, 24, 489936).
cost(14, 25, 327629).
cost(14, 26, 392470).
cost(14, 27, 510226).
cost(14, 28, 635791).
cost(14, 29, 334535).
cost(14, 30, 411549).
cost(14, 31, 757233).
cost(14, 32, 37484).
cost(15, 1, 775459).
cost(15, 2, 602007).
cost(15, 3, 822241).
cost(15, 4, 782184).
cost(15, 5, 741823).
cost(15, 6, 487391).
cost(15, 7, 240589).
cost(15, 8, 232909).
cost(15, 9, 239531).
cost(15, 10, 647999).
cost(15, 11, 765804).
cost(15, 12, 665780).
cost(15, 13, 255679).
cost(15, 14, 186226).
cost(15, 16, 1080870).
cost(15, 17, 769684).
cost(15, 18, 532373).
cost(15, 19, 700127).
cost(15, 20, 603411).
cost(15, 21, 552635).
cost(15, 22, 136501).
cost(15, 23, 301035).
cost(15, 24, 671929).
cost(15, 25, 400858).
cost(15, 26, 523793).
cost(15, 27, 571411).
cost(15, 28, 741591).
cost(15, 29, 446004).
cost(15, 30, 256862).
cost(15, 31, 942351).
cost(15, 32, 151351).
cost(16, 1, 305414).
cost(16, 2, 623920).
cost(16, 3, 414213).
cost(16, 4, 792122).
cost(16, 5, 398796).
cost(16, 6, 738829).
cost(16, 7, 1290146).
cost(16, 8, 848130).
cost(16, 9, 841340).
cost(16, 10, 436013).
cost(16, 11, 315536).
cost(16, 12, 902515).
cost(16, 13, 904223).
cost(16, 14, 894733).
cost(16, 15, 1080870).
cost(16, 17, 530707).
cost(16, 18, 552152).
cost(16, 19, 528939).
cost(16, 20, 559398).
cost(16, 21, 912191).
cost(16, 22, 1111160).
cost(16, 23, 780338).
cost(16, 24, 429385).
cost(16, 25, 893613).
cost(16, 26, 723852).
cost(16, 27, 937542).
cost(16, 28, 798353).
cost(16, 29, 801696).
cost(16, 30, 1273593).
cost(16, 31, 187970).
cost(16, 32, 930582).
cost(17, 1, 362901).
cost(17, 2, 168555).
cost(17, 3, 116573).
cost(17, 4, 266610).
cost(17, 5, 526619).
cost(17, 6, 695819).
cost(17, 7, 914567).
cost(17, 8, 577644).
cost(17, 9, 567988).
cost(17, 10, 314362).
cost(17, 11, 347736).
cost(17, 12, 374530).
cost(17, 13, 716328).
cost(17, 14, 613241).
cost(17, 15, 769684).
cost(17, 16, 530707).
cost(17, 18, 425739).
cost(17, 19, 643083).
cost(17, 20, 183192).
cost(17, 21, 403714).
cost(17, 22, 739122).
cost(17, 23, 511052).
cost(17, 24, 250455).
cost(17, 25, 440262).
cost(17, 26, 263332).
cost(17, 27, 424085).
cost(17, 28, 268331).
cost(17, 29, 353883).
cost(17, 30, 879901).
cost(17, 31, 533529).
cost(17, 32, 648989).
cost(18, 1, 249191).
cost(18, 2, 333659).
cost(18, 3, 403976).
cost(18, 4, 616771).
cost(18, 5, 230004).
cost(18, 6, 271726).
cost(18, 7, 753629).
cost(18, 8, 299979).
cost(18, 9, 294236).
cost(18, 10, 143938).
cost(18, 11, 242438).
cost(18, 12, 620332).
cost(18, 13, 360032).
cost(18, 14, 346587).
cost(18, 15, 532373).
cost(18, 16, 552152).
cost(18, 17, 425739).
cost(18, 19, 266871).
cost(18, 20, 260860).
cost(18, 21, 561596).
cost(18, 22, 580931).
cost(18, 23, 237359).
cost(18, 24, 198858).
cost(18, 25, 460396).
cost(18, 26, 366216).
cost(18, 27, 593082).
cost(18, 28, 592948).
cost(18, 29, 391062).
cost(18, 30, 745711).
cost(18, 31, 411073).
cost(18, 32, 381095).
cost(19, 1, 321181).
cost(19, 2, 588349).
cost(19, 3, 582959).
cost(19, 4, 867461).
cost(19, 5, 143109).
cost(19, 6, 240064).
cost(19, 7, 938883).
cost(19, 8, 492922).
cost(19, 9, 491469).
cost(19, 10, 329404).
cost(19, 11, 329211).
cost(19, 12, 885115).
cost(19, 13, 461334).
cost(19, 14, 533278).
cost(19, 15, 700127).
cost(19, 16, 528939).
cost(19, 17, 643083).
cost(19, 18, 266871).
cost(19, 20, 508422).
cost(19, 21, 828445).
cost(19, 22, 784099).
cost(19, 23, 453683).
cost(19, 24, 392642).
cost(19, 25, 721812).
cost(19, 26, 631953).
cost(19, 27, 859937).
cost(19, 28, 847801).
cost(19, 29, 656981).
cost(19, 30, 944020).
cost(19, 31, 342533).
cost(19, 32, 558209).
cost(20, 1, 299984).
cost(20, 2, 83203).
cost(20, 3, 219197).
cost(20, 4, 359409).
cost(20, 5, 417711).
cost(20, 6, 522953).
cost(20, 7, 771533).
cost(20, 8, 398867).
cost(20, 9, 389354).
cost(20, 10, 192419).
cost(20, 11, 283741).
cost(20, 12, 392303).
cost(20, 13, 533351).
cost(20, 14, 437049).
cost(20, 15, 603411).
cost(20, 16, 559398).
cost(20, 17, 183192).
cost(20, 18, 260860).
cost(20, 19, 508422).
cost(20, 21, 367347).
cost(20, 22, 591573).
cost(20, 23, 330406).
cost(20, 24, 149547).
cost(20, 25, 334902).
cost(20, 26, 166799).
cost(20, 27, 396247).
cost(20, 28, 339581).
cost(20, 29, 242568).
cost(20, 30, 744113).
cost(20, 31, 498103).
cost(20, 32, 473718).
cost(21, 1, 667240).
cost(21, 2, 291187).
cost(21, 3, 512790).
cost(21, 4, 259125).
cost(21, 5, 767158).
cost(21, 6, 754564).
cost(21, 7, 602412).
cost(21, 8, 478335).
cost(21, 9, 470509).
cost(21, 10, 551103).
cost(21, 11, 651038).
cost(21, 12, 113789).
cost(21, 13, 643024).
cost(21, 14, 484229).
cost(21, 15, 552635).
cost(21, 16, 912191).
cost(21, 17, 403714).
cost(21, 18, 561596).
cost(21, 19, 828445).
cost(21, 20, 367347).
cost(21, 22, 459963).
cost(21, 23, 451402).
cost(21, 24, 516524).
cost(21, 25, 157802).
cost(21, 26, 204990).
cost(21, 27, 31511).
cost(21, 28, 218943).
cost(21, 29, 176117).
cost(21, 30, 553584).
cost(21, 31, 865385).
cost(21, 32, 504492).
cost(22, 1, 808630).
cost(22, 2, 571380).
cost(22, 3, 808710).
cost(22, 4, 706987).
cost(22, 5, 804582).
cost(22, 6, 591291).
cost(22, 7, 180738).
cost(22, 8, 292032).
cost(22, 9, 294650).
cost(22, 10, 675442).
cost(22, 11, 796880).
cost(22, 12, 573444).
cost(22, 13, 371291).
cost(22, 14, 250903).
cost(22, 15, 136501).
cost(22, 16, 1111160).
cost(22, 17, 739122).
cost(22, 18, 580931).
cost(22, 19, 784099).
cost(22, 20, 591573).
cost(22, 21, 459963).
cost(22, 23, 344322).
cost(22, 24, 686832).
cost(22, 25, 323675).
cost(22, 26, 478833).
cost(22, 27, 473588).
cost(22, 28, 665686).
cost(22, 29, 391258).
cost(22, 30, 164788).
cost(22, 31, 989884).
cost(22, 32, 229490).
cost(23, 1, 474978).
cost(23, 2, 356325).
cost(23, 3, 541434).
cost(23, 4, 604046).
cost(23, 5, 460658).
cost(23, 6, 311898).
cost(23, 7, 516336).
cost(23, 8, 71572).
cost(23, 9, 63107).
cost(23, 10, 347013).
cost(23, 11, 464995).
cost(23, 12, 543856).
cost(23, 13, 212704).
cost(23, 14, 116258).
cost(23, 15, 301035).
cost(23, 16, 780338).
cost(23, 17, 511052).
cost(23, 18, 237359).
cost(23, 19, 453683).
cost(23, 20, 330406).
cost(23, 21, 451402).
cost(23, 22, 344322).
cost(23, 24, 373864).
cost(23, 25, 307218).
cost(23, 26, 316814).
cost(23, 27, 480811).
cost(23, 28, 568954).
cost(23, 29, 281611).
cost(23, 30, 508954).
cost(23, 31, 648047).
cost(23, 32, 153484).
cost(24, 1, 150814).
cost(24, 2, 230619).
cost(24, 3, 206683).
cost(24, 4, 487256).
cost(24, 5, 281579).
cost(24, 6, 467662).
cost(24, 7, 867168).
cost(24, 8, 445224).
cost(24, 9, 436967).
cost(24, 10, 64824).
cost(24, 11, 134734).
cost(24, 12, 539466).
cost(24, 13, 543995).
cost(24, 14, 489936).
cost(24, 15, 671929).
cost(24, 16, 429385).
cost(24, 17, 250455).
cost(24, 18, 198858).
cost(24, 19, 392642).
cost(24, 20, 149547).
cost(24, 21, 516524).
cost(24, 22, 686832).
cost(24, 23, 373864).
cost(24, 25, 470191).
cost(24, 26, 313782).
cost(24, 27, 545656).
cost(24, 28, 474041).
cost(24, 29, 380488).
cost(24, 30, 847259).
cost(24, 31, 349801).
cost(24, 32, 527293).
cost(25, 1, 616962).
cost(25, 2, 284005).
cost(25, 3, 529882).
cost(25, 4, 384737).
cost(25, 5, 682987).
cost(25, 6, 617691).
cost(25, 7, 485765).
cost(25, 8, 325089).
cost(25, 9, 317878).
cost(25, 10, 487420).
cost(25, 11, 601838).
cost(25, 12, 267507).
cost(25, 13, 488191).
cost(25, 14, 327629).
cost(25, 15, 400858).
cost(25, 16, 893613).
cost(25, 17, 440262).
cost(25, 18, 460396).
cost(25, 19, 721812).
cost(25, 20, 334902).
cost(25, 21, 157802).
cost(25, 22, 323675).
cost(25, 23, 307218).
cost(25, 24, 470191).
cost(25, 26, 179927).
cost(25, 27, 182674).
cost(25, 28, 343595).
cost(25, 29, 92597).
cost(25, 30, 445131).
cost(25, 31, 815474).
cost(25, 32, 346853).
cost(26, 1, 464536).
cost(26, 2, 104434).
cost(26, 3, 349981).
cost(26, 4, 287254).
cost(26, 5, 563272).
cost(26, 6, 588425).
cost(26, 7, 652125).
cost(26, 8, 368200).
cost(26, 9, 358693).
cost(26, 10, 346138).
cost(26, 11, 448511).
cost(26, 12, 254476).
cost(26, 13, 528433).
cost(26, 14, 392470).
cost(26, 15, 523793).
cost(26, 16, 723852).
cost(26, 17, 263332).
cost(26, 18, 366216).
cost(26, 19, 631953).
cost(26, 20, 166799).
cost(26, 21, 204990).
cost(26, 22, 478833).
cost(26, 23, 316814).
cost(26, 24, 313782).
cost(26, 25, 179927).
cost(26, 27, 235380).
cost(26, 28, 252871).
cost(26, 29, 90620).
cost(26, 30, 616617).
cost(26, 31, 663552).
cost(26, 32, 423773).
cost(27, 1, 696232).
cost(27, 2, 318785).
cost(27, 3, 535074).
cost(27, 4, 259979).
cost(27, 5, 798076).
cost(27, 6, 785104).
cost(27, 7, 609600).
cost(27, 8, 505887).
cost(27, 9, 498244).
cost(27, 10, 581284).
cost(27, 11, 679983).
cost(27, 12, 102525).
cost(27, 13, 670070).
cost(27, 14, 510226).
cost(27, 15, 571411).
cost(27, 16, 937542).
cost(27, 17, 424085).
cost(27, 18, 593082).
cost(27, 19, 859937).
cost(27, 20, 396247).
cost(27, 21, 31511).
cost(27, 22, 473588).
cost(27, 23, 480811).
cost(27, 24, 545656).
cost(27, 25, 182674).
cost(27, 26, 235380).
cost(27, 28, 221410).
cost(27, 29, 207248).
cost(27, 30, 559067).
cost(27, 31, 893984).
cost(27, 32, 529316).
cost(28, 1, 611876).
cost(28, 2, 260025).
cost(28, 3, 384315).
cost(28, 4, 41320).
cost(28, 5, 753690).
cost(28, 6, 835554).
cost(28, 7, 817767).
cost(28, 8, 616469).
cost(28, 9, 607223).
cost(28, 10, 528048).
cost(28, 11, 595705).
cost(28, 12, 131481).
cost(28, 13, 779267).
cost(28, 14, 635791).
cost(28, 15, 741591).
cost(28, 16, 798353).
cost(28, 17, 268331).
cost(28, 18, 592948).
cost(28, 19, 847801).
cost(28, 20, 339581).
cost(28, 21, 218943).
cost(28, 22, 665686).
cost(28, 23, 568954).
cost(28, 24, 474041).
cost(28, 25, 343595).
cost(28, 26, 252871).
cost(28, 27, 221410).
cost(28, 29, 302310).
cost(28, 30, 770675).
cost(28, 31, 795488).
cost(28, 32, 663803).
cost(29, 1, 528875).
cost(29, 2, 192937).
cost(29, 3, 438978).
cost(29, 4, 341341).
cost(29, 5, 606081).
cost(29, 6, 579280).
cost(29, 7, 562570).
cost(29, 8, 319008).
cost(29, 9, 310220).
cost(29, 10, 401911).
cost(29, 11, 513451).
cost(29, 12, 262247).
cost(29, 13, 484114).
cost(29, 14, 334535).
cost(29, 15, 446004).
cost(29, 16, 801696).
cost(29, 17, 353883).
cost(29, 18, 391062).
cost(29, 19, 656981).
cost(29, 20, 242568).
cost(29, 21, 176117).
cost(29, 22, 391258).
cost(29, 23, 281611).
cost(29, 24, 380488).
cost(29, 25, 92597).
cost(29, 26, 90620).
cost(29, 27, 207248).
cost(29, 28, 302310).
cost(29, 30, 526241).
cost(29, 31, 728014).
cost(29, 32, 361629).
cost(30, 1, 972132).
cost(30, 2, 715190).
cost(30, 3, 957839).
cost(30, 4, 811577).
cost(30, 5, 968825).
cost(30, 6, 741479).
cost(30, 7, 59155).
cost(30, 8, 454563).
cost(30, 9, 457818).
cost(30, 10, 838476).
cost(30, 11, 960104).
cost(30, 12, 661570).
cost(30, 13, 512141).
cost(30, 14, 411549).
cost(30, 15, 256862).
cost(30, 16, 1273593).
cost(30, 17, 879901).
cost(30, 18, 745711).
cost(30, 19, 944020).
cost(30, 20, 744113).
cost(30, 21, 553584).
cost(30, 22, 164788).
cost(30, 23, 508954).
cost(30, 24, 847259).
cost(30, 25, 445131).
cost(30, 26, 616617).
cost(30, 27, 559067).
cost(30, 28, 770675).
cost(30, 29, 526241).
cost(30, 31, 1154534).
cost(30, 32, 385965).
cost(31, 1, 199375).
cost(31, 2, 575906).
cost(31, 3, 427891).
cost(31, 4, 799006).
cost(31, 5, 220260).
cost(31, 6, 561318).
cost(31, 7, 1164341).
cost(31, 8, 710756).
cost(31, 9, 705222).
cost(31, 10, 329027).
cost(31, 11, 215171).
cost(31, 12, 879324).
cost(31, 13, 744107).
cost(31, 14, 757233).
cost(31, 15, 942351).
cost(31, 16, 187970).
cost(31, 17, 533529).
cost(31, 18, 411073).
cost(31, 19, 342533).
cost(31, 20, 498103).
cost(31, 21, 865385).
cost(31, 22, 989884).
cost(31, 23, 648047).
cost(31, 24, 349801).
cost(31, 25, 815474).
cost(31, 26, 663552).
cost(31, 27, 893984).
cost(31, 28, 795488).
cost(31, 29, 728014).
cost(31, 30, 1154534).
cost(31, 32, 791023).
cost(32, 1, 625280).
cost(32, 2, 485870).
cost(32, 3, 689500).
cost(32, 4, 702366).
cost(32, 5, 591953).
cost(32, 6, 362500).
cost(32, 7, 382230).
cost(32, 8, 82806).
cost(32, 9, 90481).
cost(32, 10, 499569).
cost(32, 11, 616017).
cost(32, 12, 611285).
cost(32, 13, 157417).
cost(32, 14, 37484).
cost(32, 15, 151351).
cost(32, 16, 930582).
cost(32, 17, 648989).
cost(32, 18, 381095).
cost(32, 19, 558209).
cost(32, 20, 473718).
cost(32, 21, 504492).
cost(32, 22, 229490).
cost(32, 23, 153484).
cost(32, 24, 527293).
cost(32, 25, 346853).
cost(32, 26, 423773).
cost(32, 27, 529316).
cost(32, 28, 663803).
cost(32, 29, 361629).
cost(32, 30, 385965).
cost(32, 31, 791023).
