dimension(32).
point(1, 398205.0, 194359.0).
point(2, 279856.0, 693649.0).
point(3, 76405.0, 387061.0).
point(4, 576052.0, 421115.0).
point(5, 69855.0, 344743.0).
point(6, 964227.0, 655490.0).
point(7, 639570.0, 433653.0).
point(8, 371931.0, 465207.0).
point(9, 454940.0, 786455.0).
point(10, 798136.0, 302987.0).
point(11, 887606.0, 797325.0).
point(12, 459323.0, 490943.0).
point(13, 353325.0, 485841.0).
point(14, 135731.0, 82583.0).
point(15, 701454.0, 980832.0).
point(16, 960983.0, 427466.0).
point(17, 965075.0, 726912.0).
point(18, 715908.0, 362542.0).
point(19, 695348.0, 186517.0).
point(20, 792731.0, 291729.0).
point(21, 441823.0, 783121.0).
point(22, 371978.0, 547483.0).
point(23, 123503.0, 283225.0).
point(24, 538499.0, 602565.0).
point(25, 217385.0, 938572.0).
point(26, 235385.0, 253424.0).
point(27, 352361.0, 924275.0).
point(28, 774304.0, 970738.0).
point(29, 229283.0, 552943.0).
point(30, 977741.0, 713863.0).
point(31, 691712.0, 389534.0).
point(32, 628384.0, 778126.0).
cost(1, 2, 513125).
cost(1, 3, 375086).
cost(1, 4, 288180).
cost(1, 5, 361150).
cost(1, 6, 730084).
cost(1, 7, 339880).
cost(1, 8, 272119).
cost(1, 9, 594808).
cost(1, 10, 414421).
cost(1, 11, 776583).
cost(1, 12, 302816).
cost(1, 13, 294917).
cost(1, 14, 285283).
cost(1, 15, 842911).
cost(1, 16, 609145).
cost(1, 17, 777788).
cost(1, 18, 359473).
cost(1, 19, 297246).
cost(1, 20, 406364).
cost(1, 21, 590375).
cost(1, 22, 354097).
cost(1, 23, 288718).
cost(1, 24, 431642).
cost(1, 25, 765865).
cost(1, 26, 173202).
cost(1, 27, 731354).
cost(1, 28, 862679).
cost(1, 29, 396380).
cost(1, 30, 778297).
cost(1, 31, 352476).
cost(1, 32, 627508).
cost(2, 1, 513125).
cost(2, 3, 367952).
cost(2, 4, 402501).
cost(2, 5, 407229).
cost(2, 6, 685434).
cost(2, 7, 443838).
cost(2, 8, 246300).
cost(2, 9, 198160).
cost(2, 10, 649023).
cost(2, 11, 616530).
cost(2, 12, 270736).
cost(2, 13, 220413).
cost(2, 14, 627833).
cost(2, 15, 510117).
cost(2, 16, 731292).
cost(2, 17, 686026).
cost(2, 18, 547515).
cost(2, 19, 655604).
cost(2, 20, 651598).
cost(2, 21, 185037).
cost(2, 22, 172774).
cost(2, 23, 439197).
cost(2, 24, 274213).
cost(2, 25, 252765).
cost(2, 26, 442466).
cost(2, 27, 241755).
cost(2, 28, 566795).
cost(2, 29, 149519).
cost(2, 30, 698178).
cost(2, 31, 511968).
cost(2, 32, 358620).
cost(3, 1, 375086).
cost(3, 2, 367952).
cost(3, 4, 500806).
cost(3, 5, 42822).
cost(3, 6, 927514).
cost(3, 7, 565089).
cost(3, 8, 305684).
cost(3, 9, 550277).
cost(3, 10, 726611).
cost(3, 11, 909045).
cost(3, 12, 396759).
cost(3, 13, 294011).
cost(3, 14, 310204).
cost(3, 15, 862120).
cost(3, 16, 885500).
cost(3, 17, 951437).
cost(3, 18, 639973).
cost(3, 19, 650621).
cost(3, 20, 722642).
cost(3, 21, 538882).
cost(3, 22, 336301).
cost(3, 23, 114018).
cost(3, 24, 509875).
cost(3, 25, 569245).
cost(3, 26, 207686).
cost(3, 27, 603946).
cost(3, 28, 909803).
cost(3, 29, 225585).
cost(3, 30, 958752).
cost(3, 31, 615312).
cost(3, 32, 676471).
cost(4, 1, 288180).
cost(4, 2, 402501).
cost(4, 3, 500806).
cost(4, 5, 511926).
cost(4, 6, 453444).
cost(4, 7, 64744).
cost(4, 8, 208829).
cost(4, 9, 384891).
cost(4, 10, 251546).
cost(4, 11, 488467).
cost(4, 12, 136021).
cost(4, 13, 231941).
cost(4, 14, 555416).
cost(4, 15, 573593).
cost(4, 16, 384983).
cost(4, 17, 494824).
cost(4, 18, 151626).
cost(4, 19, 263188).
cost(4, 20, 252370).
cost(4, 21, 386090).
cost(4, 22, 240031).
cost(4, 23, 473090).
cost(4, 24, 185295).
cost(4, 25, 629606).
cost(4, 26, 379703).
cost(4, 27, 550643).
cost(4, 28, 584285).
cost(4, 29, 370982).
cost(4, 30, 497047).
cost(4, 31, 119894).
cost(4, 32, 360826).
cost(5, 1, 361150).
cost(5, 2, 407229).
cost(5, 3, 42822).
cost(5, 4, 511926).
cost(5, 6, 946818).
cost(5, 7, 576611).
cost(5, 8, 325210).
cost(5, 9, 586003).
cost(5, 10, 729477).
cost(5, 11, 934637).
cost(5, 12, 416005).
cost(5, 13, 316645).
cost(5, 14, 270310).
cost(5, 15, 896396).
cost(5, 16, 894959).
cost(5, 17, 973382).
cost(5, 18, 646298).
cost(5, 19, 645195).
cost(5, 20, 724817).
cost(5, 21, 574922).
cost(5, 22, 363843).
cost(5, 23, 81625).
cost(5, 24, 534883).
cost(5, 25, 611881).
cost(5, 26, 189049).
cost(5, 27, 644722).
cost(5, 28, 942400).
cost(5, 29, 262230).
cost(5, 30, 980054).
cost(5, 31, 623468).
cost(5, 32, 706948).
cost(6, 1, 730084).
cost(6, 2, 685434).
cost(6, 3, 927514).
cost(6, 4, 453444).
cost(6, 5, 946818).
cost(6, 7, 393210).
cost(6, 8, 622111).
cost(6, 9, 525857).
cost(6, 10, 389672).
cost(6, 11, 161208).
cost(6, 12, 531040).
cost(6, 13, 634021).
cost(6, 14, 1007287).
cost(6, 15, 418207).
cost(6, 16, 228047).
cost(6, 17, 71427).
cost(6, 18, 384032).
cost(6, 19, 540584).
cost(6, 20, 402160).
cost(6, 21, 537769).
cost(6, 22, 602017).
cost(6, 23, 919455).
cost(6, 24, 429005).
cost(6, 25, 798692).
cost(6, 26, 832387).
cost(6, 27, 668300).
cost(6, 28, 368038).
cost(6, 29, 742064).
cost(6, 30, 59917).
cost(6, 31, 380785).
cost(6, 32, 357533).
cost(7, 1, 339880).
cost(7, 2, 443838).
cost(7, 3, 565089).
cost(7, 4, 64744).
cost(7, 5, 576611).
cost(7, 6, 393210).
cost(7, 8, 269493).
cost(7, 9, 398193).
cost(7, 10, 205467).
cost(7, 11, 440204).
cost(7, 12, 189133).
cost(7, 13, 290964).
cost(7, 14, 614088).
cost(7, 15, 550667).
cost(7, 16, 321473).
cost(7, 17, 438126).
cost(7, 18, 104328).
cost(7, 19, 253352).
cost(7, 20, 208808).
cost(7, 21, 401537).
cost(7, 22, 290797).
cost(7, 23, 537544).
cost(7, 24, 196842).
cost(7, 25, 658167).
cost(7, 26, 442547).
cost(7, 27, 568506).
cost(7, 28, 553727).
cost(7, 29, 427277).
cost(7, 30, 439178).
cost(7, 31, 68303).
cost(7, 32, 344655).
cost(8, 1, 272119).
cost(8, 2, 246300).
cost(8, 3, 305684).
cost(8, 4, 208829).
cost(8, 5, 325210).
cost(8, 6, 622111).
cost(8, 7, 269493).
cost(8, 9, 331799).
cost(8, 10, 456033).
cost(8, 11, 613370).
cost(8, 12, 91103).
cost(8, 13, 27784).
cost(8, 14, 449657).
cost(8, 15, 611927).
cost(8, 16, 590260).
cost(8, 17, 648313).
cost(8, 18, 358971).
cost(8, 19, 426927).
cost(8, 20, 455156).
cost(8, 21, 325506).
cost(8, 22, 82276).
cost(8, 23, 307951).
cost(8, 24, 215898).
cost(8, 25, 497955).
cost(8, 26, 251986).
cost(8, 27, 459485).
cost(8, 28, 646116).
cost(8, 29, 167470).
cost(8, 30, 654855).
cost(8, 31, 328613).
cost(8, 32, 404582).
cost(9, 1, 594808).
cost(9, 2, 198160).
cost(9, 3, 550277).
cost(9, 4, 384891).
cost(9, 5, 586003).
cost(9, 6, 525857).
cost(9, 7, 398193).
cost(9, 8, 331799).
cost(9, 10, 592895).
cost(9, 11, 432803).
cost(9, 12, 295545).
cost(9, 13, 317324).
cost(9, 14, 772871).
cost(9, 15, 313929).
cost(9, 16, 620446).
cost(9, 17, 513598).
cost(9, 18, 497802).
cost(9, 19, 646314).
cost(9, 20, 599046).
cost(9, 21, 13534).
cost(9, 22, 252963).
cost(9, 23, 602570).
cost(9, 24, 201984).
cost(9, 25, 282085).
cost(9, 26, 576478).
cost(9, 27, 171805).
cost(9, 28, 368719).
cost(9, 29, 324729).
cost(9, 30, 527817).
cost(9, 31, 462177).
cost(9, 32, 173644).
cost(10, 1, 414421).
cost(10, 2, 649023).
cost(10, 3, 726611).
cost(10, 4, 251546).
cost(10, 5, 729477).
cost(10, 6, 389672).
cost(10, 7, 205467).
cost(10, 8, 456033).
cost(10, 9, 592895).
cost(10, 11, 502369).
cost(10, 12, 387455).
cost(10, 13, 480929).
cost(10, 14, 698111).
cost(10, 15, 684705).
cost(10, 16, 204974).
cost(10, 17, 455611).
cost(10, 18, 101530).
cost(10, 19, 155340).
cost(10, 20, 12488).
cost(10, 21, 597903).
cost(10, 22, 491313).
cost(10, 23, 674922).
cost(10, 24, 396432).
cost(10, 25, 860953).
cost(10, 26, 564929).
cost(10, 27, 764666).
cost(10, 28, 668176).
cost(10, 29, 621347).
cost(10, 30, 448416).
cost(10, 31, 137173).
cost(10, 32, 504552).
cost(11, 1, 776583).
cost(11, 2, 616530).
cost(11, 3, 909045).
cost(11, 4, 488467).
cost(11, 5, 934637).
cost(11, 6, 161208).
cost(11, 7, 440204).
cost(11, 8, 613370).
cost(11, 9, 432803).
cost(11, 10, 502369).
cost(11, 12, 526589).
cost(11, 13, 618448).
cost(11, 14, 1037387).
cost(11, 15, 261395).
cost(11, 16, 377067).
cost(11, 17, 104687).
cost(11, 18, 467457).
cost(11, 19, 640351).
cost(11, 20, 514421).
cost(11, 21, 446009).
cost(11, 22, 572969).
cost(11, 23, 920952).
cost(11, 24, 399759).
cost(11, 25, 684943).
cost(11, 26, 849247).
cost(11, 27, 550094).
cost(11, 28, 207146).
cost(11, 29, 702219).
cost(11, 30, 122842).
cost(11, 31, 452402).
cost(11, 32, 259932).
cost(12, 1, 302816).
cost(12, 2, 270736).
cost(12, 3, 396759).
cost(12, 4, 136021).
cost(12, 5, 416005).
cost(12, 6, 531040).
cost(12, 7, 189133).
cost(12, 8, 91103).
cost(12, 9, 295545).
cost(12, 10, 387455).
cost(12, 11, 526589).
cost(12, 13, 106121).
cost(12, 14, 521028).
cost(12, 15, 546460).
cost(12, 16, 505660).
cost(12, 17, 558092).
cost(12, 18, 286919).
cost(12, 19, 385205).
cost(12, 20, 388390).
cost(12, 21, 292702).
cost(12, 22, 104048).
cost(12, 23, 394869).
cost(12, 24, 136851).
cost(12, 25, 508828).
cost(12, 26, 326441).
cost(12, 27, 446338).
cost(12, 28, 573948).
cost(12, 29, 238249).
cost(12, 30, 564314).
cost(12, 31, 253552).
cost(12, 32, 333250).
cost(13, 1, 294917).
cost(13, 2, 220413).
cost(13, 3, 294011).
cost(13, 4, 231941).
cost(13, 5, 316645).
cost(13, 6, 634021).
cost(13, 7, 290964).
cost(13, 8, 27784).
cost(13, 9, 317324).
cost(13, 10, 480929).
cost(13, 11, 618448).
cost(13, 12, 106121).
cost(13, 14, 458218).
cost(13, 15, 605153).
cost(13, 16, 610455).
cost(13, 17, 657536).
cost(13, 18, 382974).
cost(13, 19, 454505).
cost(13, 20, 480372).
cost(13, 21, 310173).
cost(13, 22, 64402).
cost(13, 23, 306384).
cost(13, 24, 218892).
cost(13, 25, 472700).
cost(13, 26, 260629).
cost(13, 27, 438435).
cost(13, 28, 642144).
cost(13, 29, 141029).
cost(13, 30, 664748).
cost(13, 31, 351825).
cost(13, 32, 401358).
cost(14, 1, 285283).
cost(14, 2, 627833).
cost(14, 3, 310204).
cost(14, 4, 555416).
cost(14, 5, 270310).
cost(14, 6, 1007287).
cost(14, 7, 614088).
cost(14, 8, 449657).
cost(14, 9, 772871).
cost(14, 10, 698111).
cost(14, 11, 1037387).
cost(14, 12, 521028).
cost(14, 13, 458218).
cost(14, 15, 1061553).
cost(14, 16, 894419).
cost(14, 17, 1050224).
cost(14, 18, 644191).
cost(14, 19, 569187).
cost(14, 20, 689486).
cost(14, 21, 764491).
cost(14, 22, 521483).
cost(14, 23, 201014).
cost(14, 24, 657726).
cost(14, 25, 859875).
cost(14, 26, 197782).
cost(14, 27, 869123).
cost(14, 28, 1093890).
cost(14, 29, 479573).
cost(14, 30, 1052376).
cost(14, 31, 635086).
cost(14, 32, 852342).
cost(15, 1, 842911).
cost(15, 2, 510117).
cost(15, 3, 862120).
cost(15, 4, 573593).
cost(15, 5, 896396).
cost(15, 6, 418207).
cost(15, 7, 550667).
cost(15, 8, 611927).
cost(15, 9, 313929).
cost(15, 10, 684705).
cost(15, 11, 261395).
cost(15, 12, 546460).
cost(15, 13, 605153).
cost(15, 14, 1061553).
cost(15, 16, 611203).
cost(15, 17, 366021).
cost(15, 18, 618459).
cost(15, 19, 794338).
cost(15, 20, 695122).
cost(15, 21, 326340).
cost(15, 22, 544377).
cost(15, 23, 905915).
cost(15, 24, 411874).
cost(15, 25, 485910).
cost(15, 26, 863911).
cost(15, 27, 353645).
cost(15, 28, 73546).
cost(15, 29, 637208).
cost(15, 30, 384197).
cost(15, 31, 591378).
cost(15, 32, 215474).
cost(16, 1, 609145).
cost(16, 2, 731292).
cost(16, 3, 885500).
cost(16, 4, 384983).
cost(16, 5, 894959).
cost(16, 6, 228047).
cost(16, 7, 321473).
cost(16, 8, 590260).
cost(16, 9, 620446).
cost(16, 10, 204974).
cost(16, 11, 377067).
cost(16, 12, 505660).
cost(16, 13, 610455).
cost(16, 14, 894419).
cost(16, 15, 611203).
cost(16, 17, 299474).
cost(16, 18, 253529).
cost(16, 19, 358634).
cost(16, 20, 216179).
cost(16, 21, 629299).
cost(16, 22, 601108).
cost(16, 23, 849811).
cost(16, 24, 457332).
cost(16, 25, 902312).
cost(16, 26, 746179).
cost(16, 27, 785646).
cost(16, 28, 574451).
cost(16, 29, 742381).
cost(16, 30, 286887).
cost(16, 31, 271930).
cost(16, 32, 483306).
cost(17, 1, 777788).
cost(17, 2, 686026).
cost(17, 3, 951437).
cost(17, 4, 494824).
cost(17, 5, 973382).
cost(17, 6, 71427).
cost(17, 7, 438126).
cost(17, 8, 648313).
cost(17, 9, 513598).
cost(17, 10, 455611).
cost(17, 11, 104687).
cost(17, 12, 558092).
cost(17, 13, 657536).
cost(17, 14, 1050224).
cost(17, 15, 366021).
cost(17, 16, 299474).
cost(17, 18, 441418).
cost(17, 19, 603970).
cost(17, 20, 468067).
cost(17, 21, 526262).
cost(17, 22, 619644).
cost(17, 23, 951368).
cost(17, 24, 444330).
cost(17, 25, 777072).
cost(17, 26, 869850).
cost(17, 27, 643716).
cost(17, 28, 309588).
cost(17, 29, 756079).
cost(17, 30, 18185).
cost(17, 31, 434225).
cost(17, 32, 340564).
cost(18, 1, 359473).
cost(18, 2, 547515).
cost(18, 3, 639973).
cost(18, 4, 151626).
cost(18, 5, 646298).
cost(18, 6, 384032).
cost(18, 7, 104328).
cost(18, 8, 358971).
cost(18, 9, 497802).
cost(18, 10, 101530).
cost(18, 11, 467457).
cost(18, 12, 286919).
cost(18, 13, 382974).
cost(18, 14, 644191).
cost(18, 15, 618459).
cost(18, 16, 253529).
cost(18, 17, 441418).
cost(18, 19, 177222).
cost(18, 20, 104481).
cost(18, 21, 502005).
cost(18, 22, 390501).
cost(18, 23, 597691).
cost(18, 24, 298471).
cost(18, 25, 761798).
cost(18, 26, 492757).
cost(18, 27, 669112).
cost(18, 28, 610993).
cost(18, 29, 522548).
cost(18, 30, 438159).
cost(18, 31, 36249).
cost(18, 32, 424700).
cost(19, 1, 297246).
cost(19, 2, 655604).
cost(19, 3, 650621).
cost(19, 4, 263188).
cost(19, 5, 645195).
cost(19, 6, 540584).
cost(19, 7, 253352).
cost(19, 8, 426927).
cost(19, 9, 646314).
cost(19, 10, 155340).
cost(19, 11, 640351).
cost(19, 12, 385205).
cost(19, 13, 454505).
cost(19, 14, 569187).
cost(19, 15, 794338).
cost(19, 16, 358634).
cost(19, 17, 603970).
cost(19, 18, 177222).
cost(19, 20, 143363).
cost(19, 21, 648237).
cost(19, 22, 484628).
cost(19, 23, 579965).
cost(19, 24, 444632).
cost(19, 25, 891087).
cost(19, 26, 464804).
cost(19, 27, 813589).
cost(19, 28, 788186).
cost(19, 29, 592861).
cost(19, 30, 598197).
cost(19, 31, 203050).
cost(19, 32, 595387).
cost(20, 1, 406364).
cost(20, 2, 651598).
cost(20, 3, 722642).
cost(20, 4, 252370).
cost(20, 5, 724817).
cost(20, 6, 402160).
cost(20, 7, 208808).
cost(20, 8, 455156).
cost(20, 9, 599046).
cost(20, 10, 12488).
cost(20, 11, 514421).
cost(20, 12, 388390).
cost(20, 13, 480372).
cost(20, 14, 689486).
cost(20, 15, 695122).
cost(20, 16, 216179).
cost(20, 17, 468067).
cost(20, 18, 104481).
cost(20, 19, 143363).
cost(20, 21, 603823).
cost(20, 22, 492385).
cost(20, 23, 669282).
cost(20, 24, 401563).
cost(20, 25, 865696).
cost(20, 26, 558661).
cost(20, 27, 770740).
cost(20, 28, 679259).
cost(20, 29, 621053).
cost(20, 30, 460897).
cost(20, 31, 140608).
cost(20, 32, 513412).
cost(21, 1, 590375).
cost(21, 2, 185037).
cost(21, 3, 538882).
cost(21, 4, 386090).
cost(21, 5, 574922).
cost(21, 6, 537769).
cost(21, 7, 401537).
cost(21, 8, 325506).
cost(21, 9, 13534).
cost(21, 10, 597903).
cost(21, 11, 446009).
cost(21, 12, 292702).
cost(21, 13, 310173).
cost(21, 14, 764491).
cost(21, 15, 326340).
cost(21, 16, 629299).
cost(21, 17, 526262).
cost(21, 18, 502005).
cost(21, 19, 648237).
cost(21, 20, 603823).
cost(21, 22, 245771).
cost(21, 23, 592641).
cost(21, 24, 204809).
cost(21, 25, 273015).
cost(21, 26, 568503).
cost(21, 27, 167116).
cost(21, 28, 381764).
cost(21, 29, 313297).
cost(21, 30, 540375).
cost(21, 31, 466214).
cost(21, 32, 186628).
cost(22, 1, 354097).
cost(22, 2, 172774).
cost(22, 3, 336301).
cost(22, 4, 240031).
cost(22, 5, 363843).
cost(22, 6, 602017).
cost(22, 7, 290797).
cost(22, 8, 82276).
cost(22, 9, 252963).
cost(22, 10, 491313).
cost(22, 11, 572969).
cost(22, 12, 104048).
cost(22, 13, 64402).
cost(22, 14, 521483).
cost(22, 15, 544377).
cost(22, 16, 601108).
cost(22, 17, 619644).
cost(22, 18, 390501).
cost(22, 19, 484628).
cost(22, 20, 492385).
cost(22, 21, 245771).
cost(22, 23, 362729).
cost(22, 24, 175395).
cost(22, 25, 420535).
cost(22, 26, 324235).
cost(22, 27, 377302).
cost(22, 28, 583961).
cost(22, 29, 142799).
cost(22, 30, 628197).
cost(22, 31, 356620).
cost(22, 32, 344877).
cost(23, 1, 288718).
cost(23, 2, 439197).
cost(23, 3, 114018).
cost(23, 4, 473090).
cost(23, 5, 81625).
cost(23, 6, 919455).
cost(23, 7, 537544).
cost(23, 8, 307951).
cost(23, 9, 602570).
cost(23, 10, 674922).
cost(23, 11, 920952).
cost(23, 12, 394869).
cost(23, 13, 306384).
cost(23, 14, 201014).
cost(23, 15, 905915).
cost(23, 16, 849811).
cost(23, 17, 951368).
cost(23, 18, 597691).
cost(23, 19, 579965).
cost(23, 20, 669282).
cost(23, 21, 592641).
cost(23, 22, 362729).
cost(23, 24, 523641).
cost(23, 25, 662037).
cost(23, 26, 115783).
cost(23, 27, 680677).
cost(23, 28, 946687).
cost(23, 29, 289719).
cost(23, 30, 956646).
cost(23, 31, 578068).
cost(23, 32, 706988).
cost(24, 1, 431642).
cost(24, 2, 274213).
cost(24, 3, 509875).
cost(24, 4, 185295).
cost(24, 5, 534883).
cost(24, 6, 429005).
cost(24, 7, 196842).
cost(24, 8, 215898).
cost(24, 9, 201984).
cost(24, 10, 396432).
cost(24, 11, 399759).
cost(24, 12, 136851).
cost(24, 13, 218892).
cost(24, 14, 657726).
cost(24, 15, 411874).
cost(24, 16, 457332).
cost(24, 17, 444330).
cost(24, 18, 298471).
cost(24, 19, 444632).
cost(24, 20, 401563).
cost(24, 21, 204809).
cost(24, 22, 175395).
cost(24, 23, 523641).
cost(24, 25, 464774).
cost(24, 26, 462361).
cost(24, 27, 371678).
cost(24, 28, 437213).
cost(24, 29, 313172).
cost(24, 30, 453123).
cost(24, 31, 262405).
cost(24, 32, 197233).
cost(25, 1, 765865).
cost(25, 2, 252765).
cost(25, 3, 569245).
cost(25, 4, 629606).
cost(25, 5, 611881).
cost(25, 6, 798692).
cost(25, 7, 658167).
cost(25, 8, 497955).
cost(25, 9, 282085).
cost(25, 10, 860953).
cost(25, 11, 684943).
cost(25, 12, 508828).
cost(25, 13, 472700).
cost(25, 14, 859875).
cost(25, 15, 485910).
cost(25, 16, 902312).
cost(25, 17, 777072).
cost(25, 18, 761798).
cost(25, 19, 891087).
cost(25, 20, 865696).
cost(25, 21, 273015).
cost(25, 22, 420535).
cost(25, 23, 662037).
cost(25, 24, 464774).
cost(25, 26, 685384).
cost(25, 27, 135731).
cost(25, 28, 557847).
cost(25, 29, 385813).
cost(25, 30, 792865).
cost(25, 31, 725554).
cost(25, 32, 441206).
cost(26, 1, 173202).
cost(26, 2, 442466).
cost(26, 3, 207686).
cost(26, 4, 379703).
cost(26, 5, 189049).
cost(26, 6, 832387).
cost(26, 7, 442547).
cost(26, 8, 251986).
cost(26, 9, 576478).
cost(26, 10, 564929).
cost(26, 11, 849247).
cost(26, 12, 326441).
cost(26, 13, 260629).
cost(26, 14, 197782).
cost(26, 15, 863911).
cost(26, 16, 746179).
cost(26, 17, 869850).
cost(26, 18, 492757).
cost(26, 19, 464804).
cost(26, 20, 558661).
cost(26, 21, 568503).
cost(26, 22, 324235).
cost(26, 23, 115783).
cost(26, 24, 462361).
cost(26, 25, 685384).
cost(26, 27, 680973).
cost(26, 28, 897203).
cost(26, 29, 299581).
cost(26, 30, 873554).
cost(26, 31, 476194).
cost(26, 32, 655561).
cost(27, 1, 731354).
cost(27, 2, 241755).
cost(27, 3, 603946).
cost(27, 4, 550643).
cost(27, 5, 644722).
cost(27, 6, 668300).
cost(27, 7, 568506).
cost(27, 8, 459485).
cost(27, 9, 171805).
cost(27, 10, 764666).
cost(27, 11, 550094).
cost(27, 12, 446338).
cost(27, 13, 438435).
cost(27, 14, 869123).
cost(27, 15, 353645).
cost(27, 16, 785646).
cost(27, 17, 643716).
cost(27, 18, 669112).
cost(27, 19, 813589).
cost(27, 20, 770740).
cost(27, 21, 167116).
cost(27, 22, 377302).
cost(27, 23, 680677).
cost(27, 24, 371678).
cost(27, 25, 135731).
cost(27, 26, 680973).
cost(27, 28, 424493).
cost(27, 29, 391198).
cost(27, 30, 659828).
cost(27, 31, 633330).
cost(27, 32, 312327).
cost(28, 1, 862679).
cost(28, 2, 566795).
cost(28, 3, 909803).
cost(28, 4, 584285).
cost(28, 5, 942400).
cost(28, 6, 368038).
cost(28, 7, 553727).
cost(28, 8, 646116).
cost(28, 9, 368719).
cost(28, 10, 668176).
cost(28, 11, 207146).
cost(28, 12, 573948).
cost(28, 13, 642144).
cost(28, 14, 1093890).
cost(28, 15, 73546).
cost(28, 16, 574451).
cost(28, 17, 309588).
cost(28, 18, 610993).
cost(28, 19, 788186).
cost(28, 20, 679259).
cost(28, 21, 381764).
cost(28, 22, 583961).
cost(28, 23, 946687).
cost(28, 24, 437213).
cost(28, 25, 557847).
cost(28, 26, 897203).
cost(28, 27, 424493).
cost(28, 29, 686732).
cost(28, 30, 327676).
cost(28, 31, 587043).
cost(28, 32, 241644).
cost(29, 1, 396380).
cost(29, 2, 149519).
cost(29, 3, 225585).
cost(29, 4, 370982).
cost(29, 5, 262230).
cost(29, 6, 742064).
cost(29, 7, 427277).
cost(29, 8, 167470).
cost(29, 9, 324729).
cost(29, 10, 621347).
cost(29, 11, 702219).
cost(29, 12, 238249).
cost(29, 13, 141029).
cost(29, 14, 479573).
cost(29, 15, 637208).
cost(29, 16, 742381).
cost(29, 17, 756079).
cost(29, 18, 522548).
cost(29, 19, 592861).
cost(29, 20, 621053).
cost(29, 21, 313297).
cost(29, 22, 142799).
cost(29, 23, 289719).
cost(29, 24, 313172).
cost(29, 25, 385813).
cost(29, 26, 299581).
cost(29, 27, 391198).
cost(29, 28, 686732).
cost(29, 30, 765562).
cost(29, 31, 490452).
cost(29, 32, 458246).
cost(30, 1, 778297).
cost(30, 2, 698178).
cost(30, 3, 958752).
cost(30, 4, 497047).
cost(30, 5, 980054).
cost(30, 6, 59917).
cost(30, 7, 439178).
cost(30, 8, 654855).
cost(30, 9, 527817).
cost(30, 10, 448416).
cost(30, 11, 122842).
cost(30, 12, 564314).
cost(30, 13, 664748).
cost(30, 14, 1052376).
cost(30, 15, 384197).
cost(30, 16, 286887).
cost(30, 17, 18185).
cost(30, 18, 438159).
cost(30, 19, 598197).
cost(30, 20, 460897).
cost(30, 21, 540375).
cost(30, 22, 628197).
cost(30, 23, 956646).
cost(30, 24, 453123).
cost(30, 25, 792865).
cost(30, 26, 873554).
cost(30, 27, 659828).
cost(30, 28, 327676).
cost(30, 29, 765562).
cost(30, 31, 432437).
cost(30, 32, 355218).
cost(31, 1, 352476).
cost(31, 2, 511968).
cost(31, 3, 615312).
cost(31, 4, 119894).
cost(31, 5, 623468).
cost(31, 6, 380785).
cost(31, 7, 68303).
cost(31, 8, 328613).
cost(31, 9, 462177).
cost(31, 10, 137173).
cost(31, 11, 452402).
cost(31, 12, 253552).
cost(31, 13, 351825).
cost(31, 14, 635086).
cost(31, 15, 591378).
cost(31, 16, 271930).
cost(31, 17, 434225).
cost(31, 18, 36249).
cost(31, 19, 203050).
cost(31, 20, 140608).
cost(31, 21, 466214).
cost(31, 22, 356620).
cost(31, 23, 578068).
cost(31, 24, 262405).
cost(31, 25, 725554).
cost(31, 26, 476194).
cost(31, 27, 633330).
cost(31, 28, 587043).
cost(31, 29, 490452).
cost(31, 30, 432437).
cost(31, 32, 393718).
cost(32, 1, 627508).
cost(32, 2, 358620).
cost(32, 3, 676471).
cost(32, 4, 360826).
cost(32, 5, 706948).
cost(32, 6, 357533).
cost(32, 7, 344655).
cost(32, 8, 404582).
cost(32, 9, 173644).
cost(32, 10, 504552).
cost(32, 11, 259932).
cost(32, 12, 333250).
cost(32, 13, 401358).
cost(32, 14, 852342).
cost(32, 15, 215474).
cost(32, 16, 483306).
cost(32, 17, 340564).
cost(32, 18, 424700).
cost(32, 19, 595387).
cost(32, 20, 513412).
cost(32, 21, 186628).
cost(32, 22, 344877).
cost(32, 23, 706988).
cost(32, 24, 197233).
cost(32, 25, 441206).
cost(32, 26, 655561).
cost(32, 27, 312327).
cost(32, 28, 241644).
cost(32, 29, 458246).
cost(32, 30, 355218).
cost(32, 31, 393718).
