dimension(32).
point(1, 203573.0, 544607.0).
point(2, 501493.0, 963318.0).
point(3, 471769.0, 510161.0).
point(4, 284820.0, 872953.0).
point(5, 246094.0, 694973.0).
point(6, 10590.0, 340836.0).
point(7, 355848.0, 858734.0).
point(8, 569862.0, 8914.0).
point(9, 139257.0, 275011.0).
point(10, 721927.0, 314595.0).
point(11, 947476.0, 380331.0).
point(12, 535527.0, 787845.0).
point(13, 704199.0, 881290.0).
point(14, 878186.0, 862556.0).
point(15, 702868.0, 968238.0).
point(16, 974171.0, 365716.0).
point(17, 564668.0, 797395.0).
point(18, 154301.0, 54863.0).
point(19, 760792.0, 752720.0).
point(20, 748688.0, 798072.0).
point(21, 16832.0, 216507.0).
point(22, 614874.0, 96091.0).
point(23, 525456.0, 12708.0).
point(24, 511953.0, 722197.0).
point(25, 815598.0, 368185.0).
point(26, 643970.0, 608183.0).
point(27, 280661.0, 832683.0).
point(28, 616907.0, 837856.0).
point(29, 979938.0, 704098.0).
point(30, 809017.0, 416905.0).
point(31, 749369.0, 532099.0).
point(32, 124265.0, 448021.0).
cost(1, 2, 513883).
cost(1, 3, 270399).
cost(1, 4, 338249).
cost(1, 5, 156263).
cost(1, 6, 280651).
cost(1, 7, 349089).
cost(1, 8, 648949).
cost(1, 9, 277162).
cost(1, 10, 567095).
cost(1, 11, 761826).
cost(1, 12, 411532).
cost(1, 13, 603309).
cost(1, 14, 745784).
cost(1, 15, 654797).
cost(1, 16, 791090).
cost(1, 17, 440785).
cost(1, 18, 492216).
cost(1, 19, 594814).
cost(1, 20, 601161).
cost(1, 21, 377521).
cost(1, 22, 608552).
cost(1, 23, 621712).
cost(1, 24, 355860).
cost(1, 25, 636945).
cost(1, 26, 444962).
cost(1, 27, 298212).
cost(1, 28, 506794).
cost(1, 29, 792578).
cost(1, 30, 618765).
cost(1, 31, 545939).
cost(1, 32, 124974).
cost(2, 1, 513883).
cost(2, 3, 454131).
cost(2, 4, 234762).
cost(2, 5, 370456).
cost(2, 6, 792761).
cost(2, 7, 179305).
cost(2, 8, 956850).
cost(2, 9, 777806).
cost(2, 10, 685152).
cost(2, 11, 734013).
cost(2, 12, 178743).
cost(2, 13, 218674).
cost(2, 14, 389937).
cost(2, 15, 201435).
cost(2, 16, 761940).
cost(2, 17, 177543).
cost(2, 18, 972539).
cost(2, 19, 334047).
cost(2, 20, 297341).
cost(2, 21, 890294).
cost(2, 22, 874607).
cost(2, 23, 950912).
cost(2, 24, 241348).
cost(2, 25, 672938).
cost(2, 26, 382649).
cost(2, 27, 256578).
cost(2, 28, 170473).
cost(2, 29, 544155).
cost(2, 30, 627007).
cost(2, 31, 497386).
cost(2, 32, 638617).
cost(3, 1, 270399).
cost(3, 2, 454131).
cost(3, 4, 408127).
cost(3, 5, 291693).
cost(3, 6, 491281).
cost(3, 7, 367343).
cost(3, 8, 510755).
cost(3, 9, 407259).
cost(3, 10, 317530).
cost(3, 11, 493105).
cost(3, 12, 284910).
cost(3, 13, 437905).
cost(3, 14, 537919).
cost(3, 15, 513070).
cost(3, 16, 522754).
cost(3, 17, 301883).
cost(3, 18, 555052).
cost(3, 19, 377318).
cost(3, 20, 399471).
cost(3, 21, 541480).
cost(3, 22, 438102).
cost(3, 23, 500342).
cost(3, 24, 215810).
cost(3, 25, 371989).
cost(3, 26, 198145).
cost(3, 27, 374890).
cost(3, 28, 358398).
cost(3, 29, 543918).
cost(3, 30, 349904).
cost(3, 31, 278466).
cost(3, 32, 353016).
cost(4, 1, 338249).
cost(4, 2, 234762).
cost(4, 3, 408127).
cost(4, 5, 182144).
cost(4, 6, 598624).
cost(4, 7, 72437).
cost(4, 8, 909842).
cost(4, 9, 615405).
cost(4, 10, 709102).
cost(4, 11, 825705).
cost(4, 12, 264759).
cost(4, 13, 419462).
cost(4, 14, 593457).
cost(4, 15, 428770).
cost(4, 16, 855859).
cost(4, 17, 289869).
cost(4, 18, 828436).
cost(4, 19, 490923).
cost(4, 20, 469873).
cost(4, 21, 709041).
cost(4, 22, 844068).
cost(4, 23, 893268).
cost(4, 24, 272611).
cost(4, 25, 732473).
cost(4, 26, 446197).
cost(4, 27, 40484).
cost(4, 28, 333936).
cost(4, 29, 715333).
cost(4, 30, 694811).
cost(4, 31, 576183).
cost(4, 32, 454252).
cost(5, 1, 156263).
cost(5, 2, 370456).
cost(5, 3, 291693).
cost(5, 4, 182144).
cost(5, 6, 425294).
cost(5, 7, 197139).
cost(5, 8, 758619).
cost(5, 9, 433338).
cost(5, 10, 609183).
cost(5, 11, 768724).
cost(5, 12, 303968).
cost(5, 13, 494544).
cost(5, 14, 653930).
cost(5, 15, 532275).
cost(5, 16, 799066).
cost(5, 17, 334634).
cost(5, 18, 646658).
cost(5, 19, 517927).
cost(5, 20, 513060).
cost(5, 21, 530557).
cost(5, 22, 703320).
cost(5, 23, 737244).
cost(5, 24, 267249).
cost(5, 25, 656601).
cost(5, 26, 407232).
cost(5, 27, 141982).
cost(5, 28, 397389).
cost(5, 29, 733901).
cost(5, 30, 627857).
cost(5, 31, 528974).
cost(5, 32, 275368).
cost(6, 1, 280651).
cost(6, 2, 792761).
cost(6, 3, 491281).
cost(6, 4, 598624).
cost(6, 5, 425294).
cost(6, 7, 622432).
cost(6, 8, 650352).
cost(6, 9, 144527).
cost(6, 10, 711821).
cost(6, 11, 937718).
cost(6, 12, 689475).
cost(6, 13, 879309).
cost(6, 14, 1012381).
cost(6, 15, 934282).
cost(6, 16, 963902).
cost(6, 17, 717947).
cost(6, 18, 320052).
cost(6, 19, 855834).
cost(6, 20, 868247).
cost(6, 21, 124486).
cost(6, 22, 651966).
cost(6, 23, 610537).
cost(6, 24, 629921).
cost(6, 25, 805472).
cost(6, 26, 687492).
cost(6, 27, 561117).
cost(6, 28, 783996).
cost(6, 29, 1035179).
cost(6, 30, 802042).
cost(6, 31, 763136).
cost(6, 32, 156239).
cost(7, 1, 349089).
cost(7, 2, 179305).
cost(7, 3, 367343).
cost(7, 4, 72437).
cost(7, 5, 197139).
cost(7, 6, 622432).
cost(7, 8, 876354).
cost(7, 9, 622611).
cost(7, 10, 655821).
cost(7, 11, 760850).
cost(7, 12, 193157).
cost(7, 13, 349080).
cost(7, 14, 522352).
cost(7, 15, 363887).
cost(7, 16, 790816).
cost(7, 17, 217643).
cost(7, 18, 828752).
cost(7, 19, 418591).
cost(7, 20, 397496).
cost(7, 21, 726214).
cost(7, 22, 805431).
cost(7, 23, 862860).
cost(7, 24, 207391).
cost(7, 25, 672316).
cost(7, 26, 381825).
cost(7, 27, 79572).
cost(7, 28, 261893).
cost(7, 29, 642962).
cost(7, 30, 632910).
cost(7, 31, 511419).
cost(7, 32, 471504).
cost(8, 1, 648949).
cost(8, 2, 956850).
cost(8, 3, 510755).
cost(8, 4, 909842).
cost(8, 5, 758619).
cost(8, 6, 650352).
cost(8, 7, 876354).
cost(8, 9, 506190).
cost(8, 10, 341416).
cost(8, 11, 529663).
cost(8, 12, 779687).
cost(8, 13, 882659).
cost(8, 14, 907617).
cost(8, 15, 968500).
cost(8, 16, 539234).
cost(8, 17, 788498).
cost(8, 18, 418094).
cost(8, 19, 767920).
cost(8, 20, 809166).
cost(8, 21, 590709).
cost(8, 22, 98112).
cost(8, 23, 44568).
cost(8, 24, 715630).
cost(8, 25, 435272).
cost(8, 26, 603834).
cost(8, 27, 873059).
cost(8, 28, 830276).
cost(8, 29, 807120).
cost(8, 30, 472918).
cost(8, 31, 553123).
cost(8, 32, 625597).
cost(9, 1, 277162).
cost(9, 2, 777806).
cost(9, 3, 407259).
cost(9, 4, 615405).
cost(9, 5, 433338).
cost(9, 6, 144527).
cost(9, 7, 622611).
cost(9, 8, 506190).
cost(9, 10, 584013).
cost(9, 11, 815052).
cost(9, 12, 648096).
cost(9, 13, 828694).
cost(9, 14, 944047).
cost(9, 15, 893432).
cost(9, 16, 839827).
cost(9, 17, 673691).
cost(9, 18, 220661).
cost(9, 19, 783908).
cost(9, 20, 803118).
cost(9, 21, 135686).
cost(9, 22, 508157).
cost(9, 23, 466854).
cost(9, 24, 582132).
cost(9, 25, 682729).
cost(9, 26, 604763).
cost(9, 27, 575320).
cost(9, 28, 738203).
cost(9, 29, 943854).
cost(9, 30, 684626).
cost(9, 31, 662066).
cost(9, 32, 173658).
cost(10, 1, 567095).
cost(10, 2, 685152).
cost(10, 3, 317530).
cost(10, 4, 709102).
cost(10, 5, 609183).
cost(10, 6, 711821).
cost(10, 7, 655821).
cost(10, 8, 341416).
cost(10, 9, 584013).
cost(10, 11, 234933).
cost(10, 12, 508636).
cost(10, 13, 566972).
cost(10, 14, 569805).
cost(10, 15, 653921).
cost(10, 16, 257372).
cost(10, 17, 507766).
cost(10, 18, 624228).
cost(10, 19, 439845).
cost(10, 20, 484217).
cost(10, 21, 711885).
cost(10, 22, 243319).
cost(10, 23, 360190).
cost(10, 24, 458507).
cost(10, 25, 107917).
cost(10, 26, 303762).
cost(10, 27, 680537).
cost(10, 28, 533696).
cost(10, 29, 467207).
cost(10, 30, 134358).
cost(10, 31, 219228).
cost(10, 32, 612374).
cost(11, 1, 761826).
cost(11, 2, 734013).
cost(11, 3, 493105).
cost(11, 4, 825705).
cost(11, 5, 768724).
cost(11, 6, 937718).
cost(11, 7, 760850).
cost(11, 8, 529663).
cost(11, 9, 815052).
cost(11, 10, 234933).
cost(11, 12, 579456).
cost(11, 13, 556905).
cost(11, 14, 487178).
cost(11, 15, 636763).
cost(11, 16, 30434).
cost(11, 17, 566113).
cost(11, 18, 857354).
cost(11, 19, 416563).
cost(11, 20, 462628).
cost(11, 21, 944953).
cost(11, 22, 437512).
cost(11, 23, 559685).
cost(11, 24, 553672).
cost(11, 25, 132436).
cost(11, 26, 379516).
cost(11, 27, 805770).
cost(11, 28, 564451).
cost(11, 29, 325390).
cost(11, 30, 143208).
cost(11, 31, 249559).
cost(11, 32, 825989).
cost(12, 1, 411532).
cost(12, 2, 178743).
cost(12, 3, 284910).
cost(12, 4, 264759).
cost(12, 5, 303968).
cost(12, 6, 689475).
cost(12, 7, 193157).
cost(12, 8, 779687).
cost(12, 9, 648096).
cost(12, 10, 508636).
cost(12, 11, 579456).
cost(12, 13, 192827).
cost(12, 14, 350709).
cost(12, 15, 246058).
cost(12, 16, 608770).
cost(12, 17, 30666).
cost(12, 18, 826194).
cost(12, 19, 227987).
cost(12, 20, 213406).
cost(12, 21, 771668).
cost(12, 22, 696290).
cost(12, 23, 775202).
cost(12, 24, 69752).
cost(12, 25, 504534).
cost(12, 26, 209853).
cost(12, 27, 258780).
cost(12, 28, 95519).
cost(12, 29, 452233).
cost(12, 30, 460861).
cost(12, 31, 333368).
cost(12, 32, 533495).
cost(13, 1, 603309).
cost(13, 2, 218674).
cost(13, 3, 437905).
cost(13, 4, 419462).
cost(13, 5, 494544).
cost(13, 6, 879309).
cost(13, 7, 349080).
cost(13, 8, 882659).
cost(13, 9, 828694).
cost(13, 10, 566972).
cost(13, 11, 556905).
cost(13, 12, 192827).
cost(13, 14, 174993).
cost(13, 15, 86958).
cost(13, 16, 581981).
cost(13, 17, 162811).
cost(13, 18, 992658).
cost(13, 19, 140474).
cost(13, 20, 94364).
cost(13, 21, 956248).
cost(13, 22, 790264).
cost(13, 23, 886783).
cost(13, 24, 249538).
cost(13, 25, 525059).
cost(13, 26, 279669).
cost(13, 27, 426318).
cost(13, 28, 97501).
cost(13, 29, 327764).
cost(13, 30, 476067).
cost(13, 31, 352100).
cost(13, 32, 723910).
cost(14, 1, 745784).
cost(14, 2, 389937).
cost(14, 3, 537919).
cost(14, 4, 593457).
cost(14, 5, 653930).
cost(14, 6, 1012381).
cost(14, 7, 522352).
cost(14, 8, 907617).
cost(14, 9, 944047).
cost(14, 10, 569805).
cost(14, 11, 487178).
cost(14, 12, 350709).
cost(14, 13, 174993).
cost(14, 15, 204707).
cost(14, 16, 506027).
cost(14, 17, 320218).
cost(14, 18, 1084609).
cost(14, 19, 160765).
cost(14, 20, 144665).
cost(14, 21, 1076713).
cost(14, 22, 810433).
cost(14, 23, 920141).
cost(14, 24, 392208).
cost(14, 25, 498317).
cost(14, 26, 345778).
cost(14, 27, 598271).
cost(14, 28, 262444).
cost(14, 29, 188315).
cost(14, 30, 450987).
cost(14, 31, 354677).
cost(14, 32, 860370).
cost(15, 1, 654797).
cost(15, 2, 201435).
cost(15, 3, 513070).
cost(15, 4, 428770).
cost(15, 5, 532275).
cost(15, 6, 934282).
cost(15, 7, 363887).
cost(15, 8, 968500).
cost(15, 9, 893432).
cost(15, 10, 653921).
cost(15, 11, 636763).
cost(15, 12, 246058).
cost(15, 13, 86958).
cost(15, 14, 204707).
cost(15, 16, 660786).
cost(15, 17, 219742).
cost(15, 18, 1065448).
cost(15, 19, 223166).
cost(15, 20, 176227).
cost(15, 21, 1017716).
cost(15, 22, 876575).
cost(15, 23, 971860).
cost(15, 24, 311424).
cost(15, 25, 610550).
cost(15, 26, 364840).
cost(15, 27, 443434).
cost(15, 28, 156169).
cost(15, 29, 382802).
cost(15, 30, 561459).
cost(15, 31, 438611).
cost(15, 32, 778079).
cost(16, 1, 791090).
cost(16, 2, 761940).
cost(16, 3, 522754).
cost(16, 4, 855859).
cost(16, 5, 799066).
cost(16, 6, 963902).
cost(16, 7, 790816).
cost(16, 8, 539234).
cost(16, 9, 839827).
cost(16, 10, 257372).
cost(16, 11, 30434).
cost(16, 12, 608770).
cost(16, 13, 581981).
cost(16, 14, 506027).
cost(16, 15, 660786).
cost(16, 17, 595012).
cost(16, 18, 876822).
cost(16, 19, 441931).
cost(16, 20, 487621).
cost(16, 21, 968897).
cost(16, 22, 449213).
cost(16, 23, 570929).
cost(16, 24, 583716).
cost(16, 25, 158592).
cost(16, 26, 409662).
cost(16, 27, 836071).
cost(16, 28, 592076).
cost(16, 29, 338431).
cost(16, 30, 172905).
cost(16, 31, 279677).
cost(16, 32, 853882).
cost(17, 1, 440785).
cost(17, 2, 177543).
cost(17, 3, 301883).
cost(17, 4, 289869).
cost(17, 5, 334634).
cost(17, 6, 717947).
cost(17, 7, 217643).
cost(17, 8, 788498).
cost(17, 9, 673691).
cost(17, 10, 507766).
cost(17, 11, 566113).
cost(17, 12, 30666).
cost(17, 13, 162811).
cost(17, 14, 320218).
cost(17, 15, 219742).
cost(17, 16, 595012).
cost(17, 18, 848384).
cost(17, 19, 201148).
cost(17, 20, 184021).
cost(17, 21, 798471).
cost(17, 22, 703099).
cost(17, 23, 785666).
cost(17, 24, 91835).
cost(17, 25, 497179).
cost(17, 26, 205158).
cost(17, 27, 286191).
cost(17, 28, 66076).
cost(17, 29, 425621).
cost(17, 30, 452194).
cost(17, 31, 323259).
cost(17, 32, 562154).
cost(18, 1, 492216).
cost(18, 2, 972539).
cost(18, 3, 555052).
cost(18, 4, 828436).
cost(18, 5, 646658).
cost(18, 6, 320052).
cost(18, 7, 828752).
cost(18, 8, 418094).
cost(18, 9, 220661).
cost(18, 10, 624228).
cost(18, 11, 857354).
cost(18, 12, 826194).
cost(18, 13, 992658).
cost(18, 14, 1084609).
cost(18, 15, 1065448).
cost(18, 16, 876822).
cost(18, 17, 848384).
cost(18, 19, 924573).
cost(18, 20, 951659).
cost(18, 21, 212195).
cost(18, 22, 462415).
cost(18, 23, 373541).
cost(18, 24, 757132).
cost(18, 25, 731768).
cost(18, 26, 738877).
cost(18, 27, 788017).
cost(18, 28, 909441).
cost(18, 29, 1050325).
cost(18, 30, 748149).
cost(18, 31, 762798).
cost(18, 32, 394304).
cost(19, 1, 594814).
cost(19, 2, 334047).
cost(19, 3, 377318).
cost(19, 4, 490923).
cost(19, 5, 517927).
cost(19, 6, 855834).
cost(19, 7, 418591).
cost(19, 8, 767920).
cost(19, 9, 783908).
cost(19, 10, 439845).
cost(19, 11, 416563).
cost(19, 12, 227987).
cost(19, 13, 140474).
cost(19, 14, 160765).
cost(19, 15, 223166).
cost(19, 16, 441931).
cost(19, 17, 201148).
cost(19, 18, 924573).
cost(19, 20, 46939).
cost(19, 21, 917061).
cost(19, 22, 672647).
cost(19, 23, 776531).
cost(19, 24, 250704).
cost(19, 25, 388421).
cost(19, 26, 185845).
cost(19, 27, 486744).
cost(19, 28, 167186).
cost(19, 29, 224475).
cost(19, 30, 339260).
cost(19, 31, 220917).
cost(19, 32, 705697).
cost(20, 1, 601161).
cost(20, 2, 297341).
cost(20, 3, 399471).
cost(20, 4, 469873).
cost(20, 5, 513060).
cost(20, 6, 868247).
cost(20, 7, 397496).
cost(20, 8, 809166).
cost(20, 9, 803118).
cost(20, 10, 484217).
cost(20, 11, 462628).
cost(20, 12, 213406).
cost(20, 13, 94364).
cost(20, 14, 144665).
cost(20, 15, 176227).
cost(20, 16, 487621).
cost(20, 17, 184021).
cost(20, 18, 951659).
cost(20, 19, 46939).
cost(20, 21, 934789).
cost(20, 22, 714621).
cost(20, 23, 816474).
cost(20, 24, 248597).
cost(20, 25, 435063).
cost(20, 26, 216849).
cost(20, 27, 469305).
cost(20, 28, 137655).
cost(20, 29, 249615).
cost(20, 30, 385912).
cost(20, 31, 265974).
cost(20, 32, 715849).
cost(21, 1, 377521).
cost(21, 2, 890294).
cost(21, 3, 541480).
cost(21, 4, 709041).
cost(21, 5, 530557).
cost(21, 6, 124486).
cost(21, 7, 726214).
cost(21, 8, 590709).
cost(21, 9, 135686).
cost(21, 10, 711885).
cost(21, 11, 944953).
cost(21, 12, 771668).
cost(21, 13, 956248).
cost(21, 14, 1076713).
cost(21, 15, 1017716).
cost(21, 16, 968897).
cost(21, 17, 798471).
cost(21, 18, 212195).
cost(21, 19, 917061).
cost(21, 20, 934789).
cost(21, 22, 610044).
cost(21, 23, 547935).
cost(21, 24, 707720).
cost(21, 25, 813040).
cost(21, 26, 739400).
cost(21, 27, 670282).
cost(21, 28, 863808).
cost(21, 29, 1079499).
cost(21, 30, 817139).
cost(21, 31, 797627).
cost(21, 32, 255227).
cost(22, 1, 608552).
cost(22, 2, 874607).
cost(22, 3, 438102).
cost(22, 4, 844068).
cost(22, 5, 703320).
cost(22, 6, 651966).
cost(22, 7, 805431).
cost(22, 8, 98112).
cost(22, 9, 508157).
cost(22, 10, 243319).
cost(22, 11, 437512).
cost(22, 12, 696290).
cost(22, 13, 790264).
cost(22, 14, 810433).
cost(22, 15, 876575).
cost(22, 16, 449213).
cost(22, 17, 703099).
cost(22, 18, 462415).
cost(22, 19, 672647).
cost(22, 20, 714621).
cost(22, 21, 610044).
cost(22, 23, 122263).
cost(22, 24, 634509).
cost(22, 25, 338120).
cost(22, 26, 512918).
cost(22, 27, 808867).
cost(22, 28, 741768).
cost(22, 29, 709186).
cost(22, 30, 374984).
cost(22, 31, 456280).
cost(22, 32, 603781).
cost(23, 1, 621712).
cost(23, 2, 950912).
cost(23, 3, 500342).
cost(23, 4, 893268).
cost(23, 5, 737244).
cost(23, 6, 610537).
cost(23, 7, 862860).
cost(23, 8, 44568).
cost(23, 9, 466854).
cost(23, 10, 360190).
cost(23, 11, 559685).
cost(23, 12, 775202).
cost(23, 13, 886783).
cost(23, 14, 920141).
cost(23, 15, 971860).
cost(23, 16, 570929).
cost(23, 17, 785666).
cost(23, 18, 373541).
cost(23, 19, 776531).
cost(23, 20, 816474).
cost(23, 21, 547935).
cost(23, 22, 122263).
cost(23, 24, 709617).
cost(23, 25, 458853).
cost(23, 26, 607154).
cost(23, 27, 855736).
cost(23, 28, 830200).
cost(23, 29, 827390).
cost(23, 30, 493743).
cost(23, 31, 565601).
cost(23, 32, 591990).
cost(24, 1, 355860).
cost(24, 2, 241348).
cost(24, 3, 215810).
cost(24, 4, 272611).
cost(24, 5, 267249).
cost(24, 6, 629921).
cost(24, 7, 207391).
cost(24, 8, 715630).
cost(24, 9, 582132).
cost(24, 10, 458507).
cost(24, 11, 553672).
cost(24, 12, 69752).
cost(24, 13, 249538).
cost(24, 14, 392208).
cost(24, 15, 311424).
cost(24, 16, 583716).
cost(24, 17, 91835).
cost(24, 18, 757132).
cost(24, 19, 250704).
cost(24, 20, 248597).
cost(24, 21, 707720).
cost(24, 22, 634509).
cost(24, 23, 709617).
cost(24, 25, 466396).
cost(24, 26, 174435).
cost(24, 27, 256326).
cost(24, 28, 156180).
cost(24, 29, 468335).
cost(24, 30, 425970).
cost(24, 31, 304144).
cost(24, 32, 474842).
cost(25, 1, 636945).
cost(25, 2, 672938).
cost(25, 3, 371989).
cost(25, 4, 732473).
cost(25, 5, 656601).
cost(25, 6, 805472).
cost(25, 7, 672316).
cost(25, 8, 435272).
cost(25, 9, 682729).
cost(25, 10, 107917).
cost(25, 11, 132436).
cost(25, 12, 504534).
cost(25, 13, 525059).
cost(25, 14, 498317).
cost(25, 15, 610550).
cost(25, 16, 158592).
cost(25, 17, 497179).
cost(25, 18, 731768).
cost(25, 19, 388421).
cost(25, 20, 435063).
cost(25, 21, 813040).
cost(25, 22, 338120).
cost(25, 23, 458853).
cost(25, 24, 466396).
cost(25, 26, 295051).
cost(25, 27, 708460).
cost(25, 28, 509970).
cost(25, 29, 373959).
cost(25, 30, 49162).
cost(25, 31, 176788).
cost(25, 32, 695928).
cost(26, 1, 444962).
cost(26, 2, 382649).
cost(26, 3, 198145).
cost(26, 4, 446197).
cost(26, 5, 407232).
cost(26, 6, 687492).
cost(26, 7, 381825).
cost(26, 8, 603834).
cost(26, 9, 604763).
cost(26, 10, 303762).
cost(26, 11, 379516).
cost(26, 12, 209853).
cost(26, 13, 279669).
cost(26, 14, 345778).
cost(26, 15, 364840).
cost(26, 16, 409662).
cost(26, 17, 205158).
cost(26, 18, 738877).
cost(26, 19, 185845).
cost(26, 20, 216849).
cost(26, 21, 739400).
cost(26, 22, 512918).
cost(26, 23, 607154).
cost(26, 24, 174435).
cost(26, 25, 295051).
cost(26, 27, 427076).
cost(26, 28, 231262).
cost(26, 29, 349391).
cost(26, 30, 252642).
cost(26, 31, 129991).
cost(26, 32, 543825).
cost(27, 1, 298212).
cost(27, 2, 256578).
cost(27, 3, 374890).
cost(27, 4, 40484).
cost(27, 5, 141982).
cost(27, 6, 561117).
cost(27, 7, 79572).
cost(27, 8, 873059).
cost(27, 9, 575320).
cost(27, 10, 680537).
cost(27, 11, 805770).
cost(27, 12, 258780).
cost(27, 13, 426318).
cost(27, 14, 598271).
cost(27, 15, 443434).
cost(27, 16, 836071).
cost(27, 17, 286191).
cost(27, 18, 788017).
cost(27, 19, 486744).
cost(27, 20, 469305).
cost(27, 21, 670282).
cost(27, 22, 808867).
cost(27, 23, 855736).
cost(27, 24, 256326).
cost(27, 25, 708460).
cost(27, 26, 427076).
cost(27, 28, 336286).
cost(27, 29, 711001).
cost(27, 30, 672333).
cost(27, 31, 556810).
cost(27, 32, 415240).
cost(28, 1, 506794).
cost(28, 2, 170473).
cost(28, 3, 358398).
cost(28, 4, 333936).
cost(28, 5, 397389).
cost(28, 6, 783996).
cost(28, 7, 261893).
cost(28, 8, 830276).
cost(28, 9, 738203).
cost(28, 10, 533696).
cost(28, 11, 564451).
cost(28, 12, 95519).
cost(28, 13, 97501).
cost(28, 14, 262444).
cost(28, 15, 156169).
cost(28, 16, 592076).
cost(28, 17, 66076).
cost(28, 18, 909441).
cost(28, 19, 167186).
cost(28, 20, 137655).
cost(28, 21, 863808).
cost(28, 22, 741768).
cost(28, 23, 830200).
cost(28, 24, 156180).
cost(28, 25, 509970).
cost(28, 26, 231262).
cost(28, 27, 336286).
cost(28, 29, 386888).
cost(28, 30, 462716).
cost(28, 31, 333217).
cost(28, 32, 628226).
cost(29, 1, 792578).
cost(29, 2, 544155).
cost(29, 3, 543918).
cost(29, 4, 715333).
cost(29, 5, 733901).
cost(29, 6, 1035179).
cost(29, 7, 642962).
cost(29, 8, 807120).
cost(29, 9, 943854).
cost(29, 10, 467207).
cost(29, 11, 325390).
cost(29, 12, 452233).
cost(29, 13, 327764).
cost(29, 14, 188315).
cost(29, 15, 382802).
cost(29, 16, 338431).
cost(29, 17, 425621).
cost(29, 18, 1050325).
cost(29, 19, 224475).
cost(29, 20, 249615).
cost(29, 21, 1079499).
cost(29, 22, 709186).
cost(29, 23, 827390).
cost(29, 24, 468335).
cost(29, 25, 373959).
cost(29, 26, 349391).
cost(29, 27, 711001).
cost(29, 28, 386888).
cost(29, 30, 334206).
cost(29, 31, 287656).
cost(29, 32, 893169).
cost(30, 1, 618765).
cost(30, 2, 627007).
cost(30, 3, 349904).
cost(30, 4, 694811).
cost(30, 5, 627857).
cost(30, 6, 802042).
cost(30, 7, 632910).
cost(30, 8, 472918).
cost(30, 9, 684626).
cost(30, 10, 134358).
cost(30, 11, 143208).
cost(30, 12, 460861).
cost(30, 13, 476067).
cost(30, 14, 450987).
cost(30, 15, 561459).
cost(30, 16, 172905).
cost(30, 17, 452194).
cost(30, 18, 748149).
cost(30, 19, 339260).
cost(30, 20, 385912).
cost(30, 21, 817139).
cost(30, 22, 374984).
cost(30, 23, 493743).
cost(30, 24, 425970).
cost(30, 25, 49162).
cost(30, 26, 252642).
cost(30, 27, 672333).
cost(30, 28, 462716).
cost(30, 29, 334206).
cost(30, 31, 129721).
cost(30, 32, 685459).
cost(31, 1, 545939).
cost(31, 2, 497386).
cost(31, 3, 278466).
cost(31, 4, 576183).
cost(31, 5, 528974).
cost(31, 6, 763136).
cost(31, 7, 511419).
cost(31, 8, 553123).
cost(31, 9, 662066).
cost(31, 10, 219228).
cost(31, 11, 249559).
cost(31, 12, 333368).
cost(31, 13, 352100).
cost(31, 14, 354677).
cost(31, 15, 438611).
cost(31, 16, 279677).
cost(31, 17, 323259).
cost(31, 18, 762798).
cost(31, 19, 220917).
cost(31, 20, 265974).
cost(31, 21, 797627).
cost(31, 22, 456280).
cost(31, 23, 565601).
cost(31, 24, 304144).
cost(31, 25, 176788).
cost(31, 26, 129991).
cost(31, 27, 556810).
cost(31, 28, 333217).
cost(31, 29, 287656).
cost(31, 30, 129721).
cost(31, 32, 630733).
cost(32, 1, 124974).
cost(32, 2, 638617).
cost(32, 3, 353016).
cost(32, 4, 454252).
cost(32, 5, 275368).
cost(32, 6, 156239).
cost(32, 7, 471504).
cost(32, 8, 625597).
cost(32, 9, 173658).
cost(32, 10, 612374).
cost(32, 11, 825989).
cost(32, 12, 533495).
cost(32, 13, 723910).
cost(32, 14, 860370).
cost(32, 15, 778079).
cost(32, 16, 853882).
cost(32, 17, 562154).
cost(32, 18, 394304).
cost(32, 19, 705697).
cost(32, 20, 715849).
cost(32, 21, 255227).
cost(32, 22, 603781).
cost(32, 23, 591990).
cost(32, 24, 474842).
cost(32, 25, 695928).
cost(32, 26, 543825).
cost(32, 27, 415240).
cost(32, 28, 628226).
cost(32, 29, 893169).
cost(32, 30, 685459).
cost(32, 31, 630733).
