dimension(32).
point(1, 300889.0, 869483.0).
point(2, 890674.0, 828484.0).
point(3, 274087.0, 448611.0).
point(4, 930436.0, 647034.0).
point(5, 157974.0, 519858.0).
point(6, 987408.0, 998163.0).
point(7, 497709.0, 146193.0).
point(8, 970897.0, 237060.0).
point(9, 297098.0, 30733.0).
point(10, 760032.0, 808791.0).
point(11, 917541.0, 88828.0).
point(12, 497425.0, 639394.0).
point(13, 528762.0, 683566.0).
point(14, 6958.0, 472569.0).
point(15, 202161.0, 974535.0).
point(16, 467577.0, 396591.0).
point(17, 264871.0, 762153.0).
point(18, 435104.0, 708703.0).
point(19, 728070.0, 969619.0).
point(20, 770709.0, 44900.0).
point(21, 229328.0, 499814.0).
point(22, 493426.0, 321787.0).
point(23, 324480.0, 647966.0).
point(24, 525226.0, 162381.0).
point(25, 516492.0, 153378.0).
point(26, 439678.0, 930803.0).
point(27, 816511.0, 878479.0).
point(28, 695606.0, 904297.0).
point(29, 604611.0, 128520.0).
point(30, 393379.0, 565384.0).
point(31, 720541.0, 960817.0).
point(32, 876324.0, 113073.0).
cost(1, 2, 591208).
cost(1, 3, 421725).
cost(1, 4, 667692).
cost(1, 5, 377707).
cost(1, 6, 698475).
cost(1, 7, 749591).
cost(1, 8, 921341).
cost(1, 9, 838759).
cost(1, 10, 463137).
cost(1, 11, 994828).
cost(1, 12, 302601).
cost(1, 13, 294094).
cost(1, 14, 493899).
cost(1, 15, 144164).
cost(1, 16, 501410).
cost(1, 17, 113212).
cost(1, 18, 209437).
cost(1, 19, 438761).
cost(1, 20, 949035).
cost(1, 21, 376532).
cost(1, 22, 580553).
cost(1, 23, 222770).
cost(1, 24, 741836).
cost(1, 25, 747858).
cost(1, 26, 151732).
cost(1, 27, 515700).
cost(1, 28, 396249).
cost(1, 29, 800795).
cost(1, 30, 317853).
cost(1, 31, 429476).
cost(1, 32, 950411).
cost(2, 1, 591208).
cost(2, 3, 724212).
cost(2, 4, 185756).
cost(2, 5, 795047).
cost(2, 6, 195316).
cost(2, 7, 787364).
cost(2, 8, 596840).
cost(2, 9, 994354).
cost(2, 10, 132118).
cost(2, 11, 740144).
cost(2, 12, 436348).
cost(2, 13, 389848).
cost(2, 14, 952696).
cost(2, 15, 703833).
cost(2, 16, 604601).
cost(2, 17, 629309).
cost(2, 18, 471054).
cost(2, 19, 215312).
cost(2, 20, 792714).
cost(2, 21, 738514).
cost(2, 22, 643854).
cost(2, 23, 594275).
cost(2, 24, 759767).
cost(2, 25, 771868).
cost(2, 26, 462457).
cost(2, 27, 89441).
cost(2, 28, 209282).
cost(2, 29, 756162).
cost(2, 30, 562605).
cost(2, 31, 215539).
cost(2, 32, 715555).
cost(3, 1, 421725).
cost(3, 2, 724212).
cost(3, 4, 685686).
cost(3, 5, 136229).
cost(3, 6, 900463).
cost(3, 7, 376116).
cost(3, 8, 728216).
cost(3, 9, 418511).
cost(3, 10, 604874).
cost(3, 11, 737209).
cost(3, 12, 293731).
cost(3, 13, 346501).
cost(3, 14, 268201).
cost(3, 15, 530820).
cost(3, 16, 200361).
cost(3, 17, 313677).
cost(3, 18, 305899).
cost(3, 19, 691050).
cost(3, 20, 640012).
cost(3, 21, 68008).
cost(3, 22, 253365).
cost(3, 23, 205626).
cost(3, 24, 380787).
cost(3, 25, 381998).
cost(3, 26, 509833).
cost(3, 27, 692106).
cost(3, 28, 620748).
cost(3, 29, 460113).
cost(3, 30, 166933).
cost(3, 31, 679468).
cost(3, 32, 689402).
cost(4, 1, 667692).
cost(4, 2, 185756).
cost(4, 3, 685686).
cost(4, 5, 782861).
cost(4, 6, 355721).
cost(4, 7, 661887).
cost(4, 8, 411966).
cost(4, 9, 883710).
cost(4, 10, 234953).
cost(4, 11, 558355).
cost(4, 12, 433078).
cost(4, 13, 403332).
cost(4, 14, 939814).
cost(4, 15, 798525).
cost(4, 16, 526270).
cost(4, 17, 675447).
cost(4, 18, 499156).
cost(4, 19, 380806).
cost(4, 20, 622959).
cost(4, 21, 716398).
cost(4, 22, 544760).
cost(4, 23, 605957).
cost(4, 24, 631731).
cost(4, 25, 644241).
cost(4, 26, 566894).
cost(4, 27, 257965).
cost(4, 28, 348324).
cost(4, 29, 612388).
cost(4, 30, 543228).
cost(4, 31, 377512).
cost(4, 32, 536696).
cost(5, 1, 377707).
cost(5, 2, 795047).
cost(5, 3, 136229).
cost(5, 4, 782861).
cost(5, 6, 957464).
cost(5, 7, 505020).
cost(5, 8, 860708).
cost(5, 9, 508526).
cost(5, 10, 667799).
cost(5, 11, 873344).
cost(5, 12, 359883).
cost(5, 13, 405320).
cost(5, 14, 158247).
cost(5, 15, 456819).
cost(5, 16, 333240).
cost(5, 17, 264828).
cost(5, 18, 335356).
cost(5, 19, 726150).
cost(5, 20, 775261).
cost(5, 21, 74116).
cost(5, 22, 389564).
cost(5, 23, 210085).
cost(5, 24, 512507).
cost(5, 25, 512682).
cost(5, 26, 498230).
cost(5, 27, 749853).
cost(5, 28, 660940).
cost(5, 29, 593827).
cost(5, 30, 239767).
cost(5, 31, 714791).
cost(5, 32, 825531).
cost(6, 1, 698475).
cost(6, 2, 195316).
cost(6, 3, 900463).
cost(6, 4, 355721).
cost(6, 5, 957464).
cost(6, 7, 982679).
cost(6, 8, 761282).
cost(6, 9, 1188465).
cost(6, 10, 295908).
cost(6, 11, 912015).
cost(6, 12, 607288).
cost(6, 13, 556172).
cost(6, 14, 1112444).
cost(6, 15, 785602).
cost(6, 16, 795055).
cost(6, 17, 760106).
cost(6, 18, 623560).
cost(6, 19, 260904).
cost(6, 20, 977583).
cost(6, 21, 907214).
cost(6, 22, 837558).
cost(6, 23, 749741).
cost(6, 24, 955062).
cost(6, 25, 967173).
cost(6, 26, 551856).
cost(6, 27, 208639).
cost(6, 28, 306528).
cost(6, 29, 950164).
cost(6, 30, 734961).
cost(6, 31, 269467).
cost(6, 32, 892034).
cost(7, 1, 749591).
cost(7, 2, 787364).
cost(7, 3, 376116).
cost(7, 4, 661887).
cost(7, 5, 505020).
cost(7, 6, 982679).
cost(7, 8, 481834).
cost(7, 9, 231464).
cost(7, 10, 712636).
cost(7, 11, 423733).
cost(7, 12, 493201).
cost(7, 13, 538269).
cost(7, 14, 589371).
cost(7, 15, 879488).
cost(7, 16, 252204).
cost(7, 17, 658498).
cost(7, 18, 565983).
cost(7, 19, 855042).
cost(7, 20, 291186).
cost(7, 21, 443933).
cost(7, 22, 175646).
cost(7, 23, 530834).
cost(7, 24, 31925).
cost(7, 25, 20110).
cost(7, 26, 786753).
cost(7, 27, 798672).
cost(7, 28, 783508).
cost(7, 29, 108353).
cost(7, 30, 431979).
cost(7, 31, 844551).
cost(7, 32, 380061).
cost(8, 1, 921341).
cost(8, 2, 596840).
cost(8, 3, 728216).
cost(8, 4, 411966).
cost(8, 5, 860708).
cost(8, 6, 761282).
cost(8, 7, 481834).
cost(8, 9, 704681).
cost(8, 10, 609377).
cost(8, 11, 157542).
cost(8, 12, 621328).
cost(8, 13, 628372).
cost(8, 14, 992292).
cost(8, 15, 1065281).
cost(8, 16, 527997).
cost(8, 17, 879884).
cost(8, 18, 713808).
cost(8, 19, 771756).
cost(8, 20, 277490).
cost(8, 21, 786743).
cost(8, 22, 484930).
cost(8, 23, 765963).
cost(8, 24, 451884).
cost(8, 25, 462046).
cost(8, 26, 873769).
cost(8, 27, 659737).
cost(8, 28, 721797).
cost(8, 29, 382029).
cost(8, 30, 664322).
cost(8, 31, 765834).
cost(8, 32, 155939).
cost(9, 1, 838759).
cost(9, 2, 994354).
cost(9, 3, 418511).
cost(9, 4, 883710).
cost(9, 5, 508526).
cost(9, 6, 1188465).
cost(9, 7, 231464).
cost(9, 8, 704681).
cost(9, 10, 905363).
cost(9, 11, 623157).
cost(9, 12, 640780).
cost(9, 13, 692719).
cost(9, 14, 528583).
cost(9, 15, 948565).
cost(9, 16, 403628).
cost(9, 17, 732130).
cost(9, 18, 691874).
cost(9, 19, 1033075).
cost(9, 20, 473823).
cost(9, 21, 473951).
cost(9, 22, 351080).
cost(9, 23, 617840).
cost(9, 24, 263389).
cost(9, 25, 251347).
cost(9, 26, 911293).
cost(9, 27, 994215).
cost(9, 28, 960168).
cost(9, 29, 322686).
cost(9, 30, 543251).
cost(9, 31, 1021939).
cost(9, 32, 585049).
cost(10, 1, 463137).
cost(10, 2, 132118).
cost(10, 3, 604874).
cost(10, 4, 234953).
cost(10, 5, 667799).
cost(10, 6, 295908).
cost(10, 7, 712636).
cost(10, 8, 609377).
cost(10, 9, 905363).
cost(10, 11, 736991).
cost(10, 12, 312502).
cost(10, 13, 262996).
cost(10, 14, 824722).
cost(10, 15, 581972).
cost(10, 16, 505410).
cost(10, 17, 497353).
cost(10, 18, 339994).
cost(10, 19, 163973).
cost(10, 20, 763966).
cost(10, 21, 614096).
cost(10, 22, 555204).
cost(10, 23, 464295).
cost(10, 24, 687735).
cost(10, 25, 699198).
cost(10, 26, 342803).
cost(10, 27, 89701).
cost(10, 28, 115205).
cost(10, 29, 697800).
cost(10, 30, 440092).
cost(10, 31, 157071).
cost(10, 32, 705370).
cost(11, 1, 994828).
cost(11, 2, 740144).
cost(11, 3, 737209).
cost(11, 4, 558355).
cost(11, 5, 873344).
cost(11, 6, 912015).
cost(11, 7, 423733).
cost(11, 8, 157542).
cost(11, 9, 623157).
cost(11, 10, 736991).
cost(11, 12, 692546).
cost(11, 13, 710537).
cost(11, 14, 988139).
cost(11, 15, 1138528).
cost(11, 16, 545147).
cost(11, 17, 937734).
cost(11, 18, 785487).
cost(11, 19, 900940).
cost(11, 20, 153262).
cost(11, 21, 801590).
cost(11, 22, 483884).
cost(11, 23, 815081).
cost(11, 24, 399150).
cost(11, 25, 406211).
cost(11, 26, 968130).
cost(11, 27, 796088).
cost(11, 28, 845130).
cost(11, 29, 315437).
cost(11, 30, 708415).
cost(11, 31, 893965).
cost(11, 32, 47819).
cost(12, 1, 302601).
cost(12, 2, 436348).
cost(12, 3, 293731).
cost(12, 4, 433078).
cost(12, 5, 359883).
cost(12, 6, 607288).
cost(12, 7, 493201).
cost(12, 8, 621328).
cost(12, 9, 640780).
cost(12, 10, 312502).
cost(12, 11, 692546).
cost(12, 13, 54159).
cost(12, 14, 518062).
cost(12, 15, 446655).
cost(12, 16, 244631).
cost(12, 17, 262966).
cost(12, 18, 93208).
cost(12, 19, 402797).
cost(12, 20, 654299).
cost(12, 21, 302256).
cost(12, 22, 317632).
cost(12, 23, 173157).
cost(12, 24, 477822).
cost(12, 25, 486390).
cost(12, 26, 297076).
cost(12, 27, 398720).
cost(12, 28, 330831).
cost(12, 29, 521997).
cost(12, 30, 127683).
cost(12, 31, 391272).
cost(12, 32, 648520).
cost(13, 1, 294094).
cost(13, 2, 389848).
cost(13, 3, 346501).
cost(13, 4, 403332).
cost(13, 5, 405320).
cost(13, 6, 556172).
cost(13, 7, 538269).
cost(13, 8, 628372).
cost(13, 9, 692719).
cost(13, 10, 262996).
cost(13, 11, 710537).
cost(13, 12, 54159).
cost(13, 14, 562849).
cost(13, 15, 437414).
cost(13, 16, 293425).
cost(13, 17, 275344).
cost(13, 18, 96973).
cost(13, 19, 348640).
cost(13, 20, 682959).
cost(13, 21, 351320).
cost(13, 22, 363501).
cost(13, 23, 207361).
cost(13, 24, 521197).
cost(13, 25, 530330).
cost(13, 26, 262797).
cost(13, 27, 347549).
cost(13, 28, 276693).
cost(13, 29, 560205).
cost(13, 30, 179710).
cost(13, 31, 337116).
cost(13, 32, 668028).
cost(14, 1, 493899).
cost(14, 2, 952696).
cost(14, 3, 268201).
cost(14, 4, 939814).
cost(14, 5, 158247).
cost(14, 6, 1112444).
cost(14, 7, 589371).
cost(14, 8, 992292).
cost(14, 9, 528583).
cost(14, 10, 824722).
cost(14, 11, 988139).
cost(14, 12, 518062).
cost(14, 13, 562849).
cost(14, 15, 538585).
cost(14, 16, 466843).
cost(14, 17, 387786).
cost(14, 18, 488946).
cost(14, 19, 875820).
cost(14, 20, 875338).
cost(14, 21, 224033).
cost(14, 22, 509300).
cost(14, 23, 362746).
cost(14, 24, 604002).
cost(14, 25, 601255).
cost(14, 26, 630258).
cost(14, 27, 905615).
cost(14, 28, 812788).
cost(14, 29, 689608).
cost(14, 30, 397411).
cost(14, 31, 864631).
cost(14, 32, 940763).
cost(15, 1, 144164).
cost(15, 2, 703833).
cost(15, 3, 530820).
cost(15, 4, 798525).
cost(15, 5, 456819).
cost(15, 6, 785602).
cost(15, 7, 879488).
cost(15, 8, 1065281).
cost(15, 9, 948565).
cost(15, 10, 581972).
cost(15, 11, 1138528).
cost(15, 12, 446655).
cost(15, 13, 437414).
cost(15, 14, 538585).
cost(15, 16, 635976).
cost(15, 17, 221447).
cost(15, 18, 353453).
cost(15, 19, 525932).
cost(15, 20, 1089710).
cost(15, 21, 475498).
cost(15, 22, 714783).
cost(15, 23, 348725).
cost(15, 24, 874051).
cost(15, 25, 879263).
cost(15, 26, 241509).
cost(15, 27, 621814).
cost(15, 28, 498419).
cost(15, 29, 936860).
cost(15, 30, 451629).
cost(15, 31, 518561).
cost(15, 32, 1093898).
cost(16, 1, 501410).
cost(16, 2, 604601).
cost(16, 3, 200361).
cost(16, 4, 526270).
cost(16, 5, 333240).
cost(16, 6, 795055).
cost(16, 7, 252204).
cost(16, 8, 527997).
cost(16, 9, 403628).
cost(16, 10, 505410).
cost(16, 11, 545147).
cost(16, 12, 244631).
cost(16, 13, 293425).
cost(16, 14, 466843).
cost(16, 15, 635976).
cost(16, 17, 418002).
cost(16, 18, 313797).
cost(16, 19, 629458).
cost(16, 20, 464301).
cost(16, 21, 259649).
cost(16, 22, 79144).
cost(16, 23, 289251).
cost(16, 24, 241201).
cost(16, 25, 248083).
cost(16, 26, 534940).
cost(16, 27, 594955).
cost(16, 28, 556563).
cost(16, 29, 301065).
cost(16, 30, 184381).
cost(16, 31, 618338).
cost(16, 32, 497450).
cost(17, 1, 113212).
cost(17, 2, 629309).
cost(17, 3, 313677).
cost(17, 4, 675447).
cost(17, 5, 264828).
cost(17, 6, 760106).
cost(17, 7, 658498).
cost(17, 8, 879884).
cost(17, 9, 732130).
cost(17, 10, 497353).
cost(17, 11, 937734).
cost(17, 12, 262966).
cost(17, 13, 275344).
cost(17, 14, 387786).
cost(17, 15, 221447).
cost(17, 16, 418002).
cost(17, 18, 178427).
cost(17, 19, 507539).
cost(17, 20, 877681).
cost(17, 21, 264736).
cost(17, 22, 496145).
cost(17, 23, 128810).
cost(17, 24, 653843).
cost(17, 25, 658726).
cost(17, 26, 242900).
cost(17, 27, 563772).
cost(17, 28, 453583).
cost(17, 29, 718967).
cost(17, 30, 235016).
cost(17, 31, 497094).
cost(17, 32, 891728).
cost(18, 1, 209437).
cost(18, 2, 471054).
cost(18, 3, 305899).
cost(18, 4, 499156).
cost(18, 5, 335356).
cost(18, 6, 623560).
cost(18, 7, 565983).
cost(18, 8, 713808).
cost(18, 9, 691874).
cost(18, 10, 339994).
cost(18, 11, 785487).
cost(18, 12, 93208).
cost(18, 13, 96973).
cost(18, 14, 488946).
cost(18, 15, 353453).
cost(18, 16, 313797).
cost(18, 17, 178427).
cost(18, 19, 392309).
cost(18, 20, 743818).
cost(18, 21, 293221).
cost(18, 22, 391287).
cost(18, 23, 126201).
cost(18, 24, 553705).
cost(18, 25, 561257).
cost(18, 26, 222147).
cost(18, 27, 417487).
cost(18, 28, 325758).
cost(18, 29, 604438).
cost(18, 30, 149269).
cost(18, 31, 380836).
cost(18, 32, 741249).
cost(19, 1, 438761).
cost(19, 2, 215312).
cost(19, 3, 691050).
cost(19, 4, 380806).
cost(19, 5, 726150).
cost(19, 6, 260904).
cost(19, 7, 855042).
cost(19, 8, 771756).
cost(19, 9, 1033075).
cost(19, 10, 163973).
cost(19, 11, 900940).
cost(19, 12, 402797).
cost(19, 13, 348640).
cost(19, 14, 875820).
cost(19, 15, 525932).
cost(19, 16, 629458).
cost(19, 17, 507539).
cost(19, 18, 392309).
cost(19, 20, 925702).
cost(19, 21, 685172).
cost(19, 22, 689017).
cost(19, 23, 516087).
cost(19, 24, 832333).
cost(19, 25, 843217).
cost(19, 26, 290992).
cost(19, 27, 126997).
cost(19, 28, 72944).
cost(19, 29, 850112).
cost(19, 30, 524809).
cost(19, 31, 11583).
cost(19, 32, 869281).
cost(20, 1, 949035).
cost(20, 2, 792714).
cost(20, 3, 640012).
cost(20, 4, 622959).
cost(20, 5, 775261).
cost(20, 6, 977583).
cost(20, 7, 291186).
cost(20, 8, 277490).
cost(20, 9, 473823).
cost(20, 10, 763966).
cost(20, 11, 153262).
cost(20, 12, 654299).
cost(20, 13, 682959).
cost(20, 14, 875338).
cost(20, 15, 1089710).
cost(20, 16, 464301).
cost(20, 17, 877681).
cost(20, 18, 743818).
cost(20, 19, 925702).
cost(20, 21, 707135).
cost(20, 22, 391857).
cost(20, 23, 750206).
cost(20, 24, 272146).
cost(20, 25, 276394).
cost(20, 26, 945730).
cost(20, 27, 834836).
cost(20, 28, 862672).
cost(20, 29, 185959).
cost(20, 30, 642870).
cost(20, 31, 917290).
cost(20, 32, 125706).
cost(21, 1, 376532).
cost(21, 2, 738514).
cost(21, 3, 68008).
cost(21, 4, 716398).
cost(21, 5, 74116).
cost(21, 6, 907214).
cost(21, 7, 443933).
cost(21, 8, 786743).
cost(21, 9, 473951).
cost(21, 10, 614096).
cost(21, 11, 801590).
cost(21, 12, 302256).
cost(21, 13, 351320).
cost(21, 14, 224033).
cost(21, 15, 475498).
cost(21, 16, 259649).
cost(21, 17, 264736).
cost(21, 18, 293221).
cost(21, 19, 685172).
cost(21, 20, 707135).
cost(21, 22, 318499).
cost(21, 23, 176076).
cost(21, 24, 448795).
cost(21, 25, 449979).
cost(21, 26, 479582).
cost(21, 27, 698692).
cost(21, 28, 617270).
cost(21, 29, 527917).
cost(21, 30, 176670).
cost(21, 31, 673657).
cost(21, 32, 753772).
cost(22, 1, 580553).
cost(22, 2, 643854).
cost(22, 3, 253365).
cost(22, 4, 544760).
cost(22, 5, 389564).
cost(22, 6, 837558).
cost(22, 7, 175646).
cost(22, 8, 484930).
cost(22, 9, 351080).
cost(22, 10, 555204).
cost(22, 11, 483884).
cost(22, 12, 317632).
cost(22, 13, 363501).
cost(22, 14, 509300).
cost(22, 15, 714783).
cost(22, 16, 79144).
cost(22, 17, 496145).
cost(22, 18, 391287).
cost(22, 19, 689017).
cost(22, 20, 391857).
cost(22, 21, 318499).
cost(22, 23, 367336).
cost(22, 24, 162547).
cost(22, 25, 169981).
cost(22, 26, 611383).
cost(22, 27, 643654).
cost(22, 28, 616599).
cost(22, 29, 222967).
cost(22, 30, 263342).
cost(22, 31, 678189).
cost(22, 32, 436088).
cost(23, 1, 222770).
cost(23, 2, 594275).
cost(23, 3, 205626).
cost(23, 4, 605957).
cost(23, 5, 210085).
cost(23, 6, 749741).
cost(23, 7, 530834).
cost(23, 8, 765963).
cost(23, 9, 617840).
cost(23, 10, 464295).
cost(23, 11, 815081).
cost(23, 12, 173157).
cost(23, 13, 207361).
cost(23, 14, 362746).
cost(23, 15, 348725).
cost(23, 16, 289251).
cost(23, 17, 128810).
cost(23, 18, 126201).
cost(23, 19, 516087).
cost(23, 20, 750206).
cost(23, 21, 176076).
cost(23, 22, 367336).
cost(23, 24, 525444).
cost(23, 25, 530552).
cost(23, 26, 305397).
cost(23, 27, 543351).
cost(23, 28, 451043).
cost(23, 29, 590167).
cost(23, 30, 107549).
cost(23, 31, 504718).
cost(23, 32, 768533).
cost(24, 1, 741836).
cost(24, 2, 759767).
cost(24, 3, 380787).
cost(24, 4, 631731).
cost(24, 5, 512507).
cost(24, 6, 955062).
cost(24, 7, 31925).
cost(24, 8, 451884).
cost(24, 9, 263389).
cost(24, 10, 687735).
cost(24, 11, 399150).
cost(24, 12, 477822).
cost(24, 13, 521197).
cost(24, 14, 604002).
cost(24, 15, 874051).
cost(24, 16, 241201).
cost(24, 17, 653843).
cost(24, 18, 553705).
cost(24, 19, 832333).
cost(24, 20, 272146).
cost(24, 21, 448795).
cost(24, 22, 162547).
cost(24, 23, 525444).
cost(24, 25, 12543).
cost(24, 26, 773169).
cost(24, 27, 773074).
cost(24, 28, 761228).
cost(24, 29, 86305).
cost(24, 30, 424022).
cost(24, 31, 821978).
cost(24, 32, 354543).
cost(25, 1, 747858).
cost(25, 2, 771868).
cost(25, 3, 381998).
cost(25, 4, 644241).
cost(25, 5, 512682).
cost(25, 6, 967173).
cost(25, 7, 20110).
cost(25, 8, 462046).
cost(25, 9, 251347).
cost(25, 10, 699198).
cost(25, 11, 406211).
cost(25, 12, 486390).
cost(25, 13, 530330).
cost(25, 14, 601255).
cost(25, 15, 879263).
cost(25, 16, 248083).
cost(25, 17, 658726).
cost(25, 18, 561257).
cost(25, 19, 843217).
cost(25, 20, 276394).
cost(25, 21, 449979).
cost(25, 22, 169981).
cost(25, 23, 530552).
cost(25, 24, 12543).
cost(25, 26, 781211).
cost(25, 27, 784718).
cost(25, 28, 771985).
cost(25, 29, 91558).
cost(25, 30, 430007).
cost(25, 31, 832823).
cost(25, 32, 362082).
cost(26, 1, 151732).
cost(26, 2, 462457).
cost(26, 3, 509833).
cost(26, 4, 566894).
cost(26, 5, 498230).
cost(26, 6, 551856).
cost(26, 7, 786753).
cost(26, 8, 873769).
cost(26, 9, 911293).
cost(26, 10, 342803).
cost(26, 11, 968130).
cost(26, 12, 297076).
cost(26, 13, 262797).
cost(26, 14, 630258).
cost(26, 15, 241509).
cost(26, 16, 534940).
cost(26, 17, 242900).
cost(26, 18, 222147).
cost(26, 19, 290992).
cost(26, 20, 945730).
cost(26, 21, 479582).
cost(26, 22, 611383).
cost(26, 23, 305397).
cost(26, 24, 773169).
cost(26, 25, 781211).
cost(26, 27, 380448).
cost(26, 28, 257297).
cost(26, 29, 819061).
cost(26, 30, 368340).
cost(26, 31, 282462).
cost(26, 32, 927007).
cost(27, 1, 515700).
cost(27, 2, 89441).
cost(27, 3, 692106).
cost(27, 4, 257965).
cost(27, 5, 749853).
cost(27, 6, 208639).
cost(27, 7, 798672).
cost(27, 8, 659737).
cost(27, 9, 994215).
cost(27, 10, 89701).
cost(27, 11, 796088).
cost(27, 12, 398720).
cost(27, 13, 347549).
cost(27, 14, 905615).
cost(27, 15, 621814).
cost(27, 16, 594955).
cost(27, 17, 563772).
cost(27, 18, 417487).
cost(27, 19, 126997).
cost(27, 20, 834836).
cost(27, 21, 698692).
cost(27, 22, 643654).
cost(27, 23, 543351).
cost(27, 24, 773074).
cost(27, 25, 784718).
cost(27, 26, 380448).
cost(27, 28, 123631).
cost(27, 29, 779320).
cost(27, 30, 526374).
cost(27, 31, 126451).
cost(27, 32, 767739).
cost(28, 1, 396249).
cost(28, 2, 209282).
cost(28, 3, 620748).
cost(28, 4, 348324).
cost(28, 5, 660940).
cost(28, 6, 306528).
cost(28, 7, 783508).
cost(28, 8, 721797).
cost(28, 9, 960168).
cost(28, 10, 115205).
cost(28, 11, 845130).
cost(28, 12, 330831).
cost(28, 13, 276693).
cost(28, 14, 812788).
cost(28, 15, 498419).
cost(28, 16, 556563).
cost(28, 17, 453583).
cost(28, 18, 325758).
cost(28, 19, 72944).
cost(28, 20, 862672).
cost(28, 21, 617270).
cost(28, 22, 616599).
cost(28, 23, 451043).
cost(28, 24, 761228).
cost(28, 25, 771985).
cost(28, 26, 257297).
cost(28, 27, 123631).
cost(28, 29, 781095).
cost(28, 30, 454096).
cost(28, 31, 61776).
cost(28, 32, 811600).
cost(29, 1, 800795).
cost(29, 2, 756162).
cost(29, 3, 460113).
cost(29, 4, 612388).
cost(29, 5, 593827).
cost(29, 6, 950164).
cost(29, 7, 108353).
cost(29, 8, 382029).
cost(29, 9, 322686).
cost(29, 10, 697800).
cost(29, 11, 315437).
cost(29, 12, 521997).
cost(29, 13, 560205).
cost(29, 14, 689608).
cost(29, 15, 936860).
cost(29, 16, 301065).
cost(29, 17, 718967).
cost(29, 18, 604438).
cost(29, 19, 850112).
cost(29, 20, 185959).
cost(29, 21, 527917).
cost(29, 22, 222967).
cost(29, 23, 590167).
cost(29, 24, 86305).
cost(29, 25, 91558).
cost(29, 26, 819061).
cost(29, 27, 779320).
cost(29, 28, 781095).
cost(29, 30, 485252).
cost(29, 31, 840332).
cost(29, 32, 272152).
cost(30, 1, 317853).
cost(30, 2, 562605).
cost(30, 3, 166933).
cost(30, 4, 543228).
cost(30, 5, 239767).
cost(30, 6, 734961).
cost(30, 7, 431979).
cost(30, 8, 664322).
cost(30, 9, 543251).
cost(30, 10, 440092).
cost(30, 11, 708415).
cost(30, 12, 127683).
cost(30, 13, 179710).
cost(30, 14, 397411).
cost(30, 15, 451629).
cost(30, 16, 184381).
cost(30, 17, 235016).
cost(30, 18, 149269).
cost(30, 19, 524809).
cost(30, 20, 642870).
cost(30, 21, 176670).
cost(30, 22, 263342).
cost(30, 23, 107549).
cost(30, 24, 424022).
cost(30, 25, 430007).
cost(30, 26, 368340).
cost(30, 27, 526374).
cost(30, 28, 454096).
cost(30, 29, 485252).
cost(30, 31, 513227).
cost(30, 32, 661681).
cost(31, 1, 429476).
cost(31, 2, 215539).
cost(31, 3, 679468).
cost(31, 4, 377512).
cost(31, 5, 714791).
cost(31, 6, 269467).
cost(31, 7, 844551).
cost(31, 8, 765834).
cost(31, 9, 1021939).
cost(31, 10, 157071).
cost(31, 11, 893965).
cost(31, 12, 391272).
cost(31, 13, 337116).
cost(31, 14, 864631).
cost(31, 15, 518561).
cost(31, 16, 618338).
cost(31, 17, 497094).
cost(31, 18, 380836).
cost(31, 19, 11583).
cost(31, 20, 917290).
cost(31, 21, 673657).
cost(31, 22, 678189).
cost(31, 23, 504718).
cost(31, 24, 821978).
cost(31, 25, 832823).
cost(31, 26, 282462).
cost(31, 27, 126451).
cost(31, 28, 61776).
cost(31, 29, 840332).
cost(31, 30, 513227).
cost(31, 32, 861939).
cost(32, 1, 950411).
cost(32, 2, 715555).
cost(32, 3, 689402).
cost(32, 4, 536696).
cost(32, 5, 825531).
cost(32, 6, 892034).
cost(32, 7, 380061).
cost(32, 8, 155939).
cost(32, 9, 585049).
cost(32, 10, 705370).
cost(32, 11, 47819).
cost(32, 12, 648520).
cost(32, 13, 668028).
cost(32, 14, 940763).
cost(32, 15, 1093898).
cost(32, 16, 497450).
cost(32, 17, 891728).
cost(32, 18, 741249).
cost(32, 19, 869281).
cost(32, 20, 125706).
cost(32, 21, 753772).
cost(32, 22, 436088).
cost(32, 23, 768533).
cost(32, 24, 354543).
cost(32, 25, 362082).
cost(32, 26, 927007).
cost(32, 27, 767739).
cost(32, 28, 811600).
cost(32, 29, 272152).
cost(32, 30, 661681).
cost(32, 31, 861939).
