dimension(26).
point(1, 70.8251946903, 2.8947476895).
point(2, 15.538329214, 57.4268415904).
point(3, 49.2132514888, 23.0225774404).
point(4, 5.1508525398, 66.2952042585).
point(5, 91.0654323746, 26.1015074226).
point(6, 0.5993032518, 52.616038355).
point(7, 33.4977721272, 89.2248807063).
point(8, 40.0095104705, 80.0465350361).
point(9, 84.9640078371, 33.4278154085).
point(10, 2.5593871955, 38.5602771249).
point(11, 69.6981940311, 24.4727011998).
point(12, 83.4595442442, 5.1066971319).
point(13, 84.6797886938, 43.6265619135).
point(14, 60.7087805912, 6.293665232).
point(15, 64.1305390228, 38.3758267796).
point(16, 47.4548264221, 14.0172868803).
point(17, 20.4760284526, 91.5169592981).
point(18, 33.3296108827, 67.3686055794).
point(19, 80.1479099096, 40.8922825815).
point(20, 37.457517393, 88.2764810321).
point(21, 9.4971770756, 34.0908888145).
point(22, 61.4654611693, 19.1123586691).
point(23, 42.9633217986, 75.6376017758).
point(24, 29.8166372179, 73.3081620447).
point(25, 6.2317456488, 59.7590548456).
point(26, 63.1270891592, 32.0737250862).
cost(1, 2, 78).
cost(1, 3, 30).
cost(1, 4, 91).
cost(1, 5, 31).
cost(1, 6, 86).
cost(1, 7, 94).
cost(1, 8, 83).
cost(1, 9, 34).
cost(1, 10, 77).
cost(1, 11, 22).
cost(1, 12, 13).
cost(1, 13, 43).
cost(1, 14, 11).
cost(1, 15, 36).
cost(1, 16, 26).
cost(1, 17, 102).
cost(1, 18, 75).
cost(1, 19, 39).
cost(1, 20, 92).
cost(1, 21, 69).
cost(1, 22, 19).
cost(1, 23, 78).
cost(1, 24, 81).
cost(1, 25, 86).
cost(1, 26, 30).
cost(2, 1, 78).
cost(2, 3, 48).
cost(2, 4, 14).
cost(2, 5, 82).
cost(2, 6, 16).
cost(2, 7, 37).
cost(2, 8, 33).
cost(2, 9, 73).
cost(2, 10, 23).
cost(2, 11, 63).
cost(2, 12, 86).
cost(2, 13, 71).
cost(2, 14, 68).
cost(2, 15, 52).
cost(2, 16, 54).
cost(2, 17, 34).
cost(2, 18, 20).
cost(2, 19, 67).
cost(2, 20, 38).
cost(2, 21, 24).
cost(2, 22, 60).
cost(2, 23, 33).
cost(2, 24, 21).
cost(2, 25, 10).
cost(2, 26, 54).
cost(3, 1, 30).
cost(3, 2, 48).
cost(3, 4, 62).
cost(3, 5, 42).
cost(3, 6, 57).
cost(3, 7, 68).
cost(3, 8, 58).
cost(3, 9, 37).
cost(3, 10, 49).
cost(3, 11, 21).
cost(3, 12, 39).
cost(3, 13, 41).
cost(3, 14, 20).
cost(3, 15, 21).
cost(3, 16, 9).
cost(3, 17, 74).
cost(3, 18, 47).
cost(3, 19, 36).
cost(3, 20, 66).
cost(3, 21, 41).
cost(3, 22, 13).
cost(3, 23, 53).
cost(3, 24, 54).
cost(3, 25, 57).
cost(3, 26, 17).
cost(4, 1, 91).
cost(4, 2, 14).
cost(4, 3, 62).
cost(4, 5, 95).
cost(4, 6, 14).
cost(4, 7, 36).
cost(4, 8, 37).
cost(4, 9, 86).
cost(4, 10, 28).
cost(4, 11, 77).
cost(4, 12, 99).
cost(4, 13, 83).
cost(4, 14, 82).
cost(4, 15, 65).
cost(4, 16, 67).
cost(4, 17, 30).
cost(4, 18, 28).
cost(4, 19, 79).
cost(4, 20, 39).
cost(4, 21, 32).
cost(4, 22, 73).
cost(4, 23, 39).
cost(4, 24, 26).
cost(4, 25, 7).
cost(4, 26, 67).
cost(5, 1, 31).
cost(5, 2, 82).
cost(5, 3, 42).
cost(5, 4, 95).
cost(5, 6, 94).
cost(5, 7, 85).
cost(5, 8, 74).
cost(5, 9, 10).
cost(5, 10, 89).
cost(5, 11, 21).
cost(5, 12, 22).
cost(5, 13, 19).
cost(5, 14, 36).
cost(5, 15, 30).
cost(5, 16, 45).
cost(5, 17, 96).
cost(5, 18, 71).
cost(5, 19, 18).
cost(5, 20, 82).
cost(5, 21, 82).
cost(5, 22, 30).
cost(5, 23, 69).
cost(5, 24, 77).
cost(5, 25, 91).
cost(5, 26, 29).
cost(6, 1, 86).
cost(6, 2, 16).
cost(6, 3, 57).
cost(6, 4, 14).
cost(6, 5, 94).
cost(6, 7, 49).
cost(6, 8, 48).
cost(6, 9, 87).
cost(6, 10, 14).
cost(6, 11, 75).
cost(6, 12, 96).
cost(6, 13, 85).
cost(6, 14, 76).
cost(6, 15, 65).
cost(6, 16, 61).
cost(6, 17, 44).
cost(6, 18, 36).
cost(6, 19, 80).
cost(6, 20, 51).
cost(6, 21, 21).
cost(6, 22, 69).
cost(6, 23, 48).
cost(6, 24, 36).
cost(6, 25, 9).
cost(6, 26, 66).
cost(7, 1, 94).
cost(7, 2, 37).
cost(7, 3, 68).
cost(7, 4, 36).
cost(7, 5, 85).
cost(7, 6, 49).
cost(7, 8, 11).
cost(7, 9, 76).
cost(7, 10, 59).
cost(7, 11, 74).
cost(7, 12, 98).
cost(7, 13, 69).
cost(7, 14, 87).
cost(7, 15, 59).
cost(7, 16, 76).
cost(7, 17, 13).
cost(7, 18, 22).
cost(7, 19, 67).
cost(7, 20, 4).
cost(7, 21, 60).
cost(7, 22, 75).
cost(7, 23, 17).
cost(7, 24, 16).
cost(7, 25, 40).
cost(7, 26, 64).
cost(8, 1, 83).
cost(8, 2, 33).
cost(8, 3, 58).
cost(8, 4, 37).
cost(8, 5, 74).
cost(8, 6, 48).
cost(8, 7, 11).
cost(8, 9, 65).
cost(8, 10, 56).
cost(8, 11, 63).
cost(8, 12, 87).
cost(8, 13, 58).
cost(8, 14, 77).
cost(8, 15, 48).
cost(8, 16, 66).
cost(8, 17, 23).
cost(8, 18, 14).
cost(8, 19, 56).
cost(8, 20, 9).
cost(8, 21, 55).
cost(8, 22, 65).
cost(8, 23, 5).
cost(8, 24, 12).
cost(8, 25, 39).
cost(8, 26, 53).
cost(9, 1, 34).
cost(9, 2, 73).
cost(9, 3, 37).
cost(9, 4, 86).
cost(9, 5, 10).
cost(9, 6, 87).
cost(9, 7, 76).
cost(9, 8, 65).
cost(9, 10, 83).
cost(9, 11, 18).
cost(9, 12, 28).
cost(9, 13, 10).
cost(9, 14, 36).
cost(9, 15, 21).
cost(9, 16, 42).
cost(9, 17, 87).
cost(9, 18, 62).
cost(9, 19, 9).
cost(9, 20, 73).
cost(9, 21, 75).
cost(9, 22, 28).
cost(9, 23, 60).
cost(9, 24, 68).
cost(9, 25, 83).
cost(9, 26, 22).
cost(10, 1, 77).
cost(10, 2, 23).
cost(10, 3, 49).
cost(10, 4, 28).
cost(10, 5, 89).
cost(10, 6, 14).
cost(10, 7, 59).
cost(10, 8, 56).
cost(10, 9, 83).
cost(10, 11, 69).
cost(10, 12, 88).
cost(10, 13, 82).
cost(10, 14, 67).
cost(10, 15, 62).
cost(10, 16, 51).
cost(10, 17, 56).
cost(10, 18, 42).
cost(10, 19, 78).
cost(10, 20, 61).
cost(10, 21, 8).
cost(10, 22, 62).
cost(10, 23, 55).
cost(10, 24, 44).
cost(10, 25, 22).
cost(10, 26, 61).
cost(11, 1, 22).
cost(11, 2, 63).
cost(11, 3, 21).
cost(11, 4, 77).
cost(11, 5, 21).
cost(11, 6, 75).
cost(11, 7, 74).
cost(11, 8, 63).
cost(11, 9, 18).
cost(11, 10, 69).
cost(11, 12, 24).
cost(11, 13, 24).
cost(11, 14, 20).
cost(11, 15, 15).
cost(11, 16, 25).
cost(11, 17, 83).
cost(11, 18, 56).
cost(11, 19, 19).
cost(11, 20, 71).
cost(11, 21, 61).
cost(11, 22, 10).
cost(11, 23, 58).
cost(11, 24, 63).
cost(11, 25, 73).
cost(11, 26, 10).
cost(12, 1, 13).
cost(12, 2, 86).
cost(12, 3, 39).
cost(12, 4, 99).
cost(12, 5, 22).
cost(12, 6, 96).
cost(12, 7, 98).
cost(12, 8, 87).
cost(12, 9, 28).
cost(12, 10, 88).
cost(12, 11, 24).
cost(12, 13, 39).
cost(12, 14, 23).
cost(12, 15, 38).
cost(12, 16, 37).
cost(12, 17, 107).
cost(12, 18, 80).
cost(12, 19, 36).
cost(12, 20, 95).
cost(12, 21, 79).
cost(12, 22, 26).
cost(12, 23, 81).
cost(12, 24, 87).
cost(12, 25, 95).
cost(12, 26, 34).
cost(13, 1, 43).
cost(13, 2, 71).
cost(13, 3, 41).
cost(13, 4, 83).
cost(13, 5, 19).
cost(13, 6, 85).
cost(13, 7, 69).
cost(13, 8, 58).
cost(13, 9, 10).
cost(13, 10, 82).
cost(13, 11, 24).
cost(13, 12, 39).
cost(13, 14, 44).
cost(13, 15, 21).
cost(13, 16, 48).
cost(13, 17, 80).
cost(13, 18, 57).
cost(13, 19, 5).
cost(13, 20, 65).
cost(13, 21, 76).
cost(13, 22, 34).
cost(13, 23, 53).
cost(13, 24, 62).
cost(13, 25, 80).
cost(13, 26, 24).
cost(14, 1, 11).
cost(14, 2, 68).
cost(14, 3, 20).
cost(14, 4, 82).
cost(14, 5, 36).
cost(14, 6, 76).
cost(14, 7, 87).
cost(14, 8, 77).
cost(14, 9, 36).
cost(14, 10, 67).
cost(14, 11, 20).
cost(14, 12, 23).
cost(14, 13, 44).
cost(14, 15, 32).
cost(14, 16, 15).
cost(14, 17, 94).
cost(14, 18, 67).
cost(14, 19, 40).
cost(14, 20, 85).
cost(14, 21, 58).
cost(14, 22, 13).
cost(14, 23, 72).
cost(14, 24, 74).
cost(14, 25, 76).
cost(14, 26, 26).
cost(15, 1, 36).
cost(15, 2, 52).
cost(15, 3, 21).
cost(15, 4, 65).
cost(15, 5, 30).
cost(15, 6, 65).
cost(15, 7, 59).
cost(15, 8, 48).
cost(15, 9, 21).
cost(15, 10, 62).
cost(15, 11, 15).
cost(15, 12, 38).
cost(15, 13, 21).
cost(15, 14, 32).
cost(15, 16, 30).
cost(15, 17, 69).
cost(15, 18, 42).
cost(15, 19, 16).
cost(15, 20, 57).
cost(15, 21, 55).
cost(15, 22, 19).
cost(15, 23, 43).
cost(15, 24, 49).
cost(15, 25, 62).
cost(15, 26, 6).
cost(16, 1, 26).
cost(16, 2, 54).
cost(16, 3, 9).
cost(16, 4, 67).
cost(16, 5, 45).
cost(16, 6, 61).
cost(16, 7, 76).
cost(16, 8, 66).
cost(16, 9, 42).
cost(16, 10, 51).
cost(16, 11, 25).
cost(16, 12, 37).
cost(16, 13, 48).
cost(16, 14, 15).
cost(16, 15, 30).
cost(16, 17, 82).
cost(16, 18, 55).
cost(16, 19, 42).
cost(16, 20, 75).
cost(16, 21, 43).
cost(16, 22, 15).
cost(16, 23, 62).
cost(16, 24, 62).
cost(16, 25, 62).
cost(16, 26, 24).
cost(17, 1, 102).
cost(17, 2, 34).
cost(17, 3, 74).
cost(17, 4, 30).
cost(17, 5, 96).
cost(17, 6, 44).
cost(17, 7, 13).
cost(17, 8, 23).
cost(17, 9, 87).
cost(17, 10, 56).
cost(17, 11, 83).
cost(17, 12, 107).
cost(17, 13, 80).
cost(17, 14, 94).
cost(17, 15, 69).
cost(17, 16, 82).
cost(17, 18, 27).
cost(17, 19, 78).
cost(17, 20, 17).
cost(17, 21, 58).
cost(17, 22, 83).
cost(17, 23, 28).
cost(17, 24, 20).
cost(17, 25, 35).
cost(17, 26, 73).
cost(18, 1, 75).
cost(18, 2, 20).
cost(18, 3, 47).
cost(18, 4, 28).
cost(18, 5, 71).
cost(18, 6, 36).
cost(18, 7, 22).
cost(18, 8, 14).
cost(18, 9, 62).
cost(18, 10, 42).
cost(18, 11, 56).
cost(18, 12, 80).
cost(18, 13, 57).
cost(18, 14, 67).
cost(18, 15, 42).
cost(18, 16, 55).
cost(18, 17, 27).
cost(18, 19, 54).
cost(18, 20, 21).
cost(18, 21, 41).
cost(18, 22, 56).
cost(18, 23, 13).
cost(18, 24, 7).
cost(18, 25, 28).
cost(18, 26, 46).
cost(19, 1, 39).
cost(19, 2, 67).
cost(19, 3, 36).
cost(19, 4, 79).
cost(19, 5, 18).
cost(19, 6, 80).
cost(19, 7, 67).
cost(19, 8, 56).
cost(19, 9, 9).
cost(19, 10, 78).
cost(19, 11, 19).
cost(19, 12, 36).
cost(19, 13, 5).
cost(19, 14, 40).
cost(19, 15, 16).
cost(19, 16, 42).
cost(19, 17, 78).
cost(19, 18, 54).
cost(19, 20, 64).
cost(19, 21, 71).
cost(19, 22, 29).
cost(19, 23, 51).
cost(19, 24, 60).
cost(19, 25, 76).
cost(19, 26, 19).
cost(20, 1, 92).
cost(20, 2, 38).
cost(20, 3, 66).
cost(20, 4, 39).
cost(20, 5, 82).
cost(20, 6, 51).
cost(20, 7, 4).
cost(20, 8, 9).
cost(20, 9, 73).
cost(20, 10, 61).
cost(20, 11, 71).
cost(20, 12, 95).
cost(20, 13, 65).
cost(20, 14, 85).
cost(20, 15, 57).
cost(20, 16, 75).
cost(20, 17, 17).
cost(20, 18, 21).
cost(20, 19, 64).
cost(20, 21, 61).
cost(20, 22, 73).
cost(20, 23, 14).
cost(20, 24, 17).
cost(20, 25, 42).
cost(20, 26, 62).
cost(21, 1, 69).
cost(21, 2, 24).
cost(21, 3, 41).
cost(21, 4, 32).
cost(21, 5, 82).
cost(21, 6, 21).
cost(21, 7, 60).
cost(21, 8, 55).
cost(21, 9, 75).
cost(21, 10, 8).
cost(21, 11, 61).
cost(21, 12, 79).
cost(21, 13, 76).
cost(21, 14, 58).
cost(21, 15, 55).
cost(21, 16, 43).
cost(21, 17, 58).
cost(21, 18, 41).
cost(21, 19, 71).
cost(21, 20, 61).
cost(21, 22, 54).
cost(21, 23, 53).
cost(21, 24, 44).
cost(21, 25, 26).
cost(21, 26, 54).
cost(22, 1, 19).
cost(22, 2, 60).
cost(22, 3, 13).
cost(22, 4, 73).
cost(22, 5, 30).
cost(22, 6, 69).
cost(22, 7, 75).
cost(22, 8, 65).
cost(22, 9, 28).
cost(22, 10, 62).
cost(22, 11, 10).
cost(22, 12, 26).
cost(22, 13, 34).
cost(22, 14, 13).
cost(22, 15, 19).
cost(22, 16, 15).
cost(22, 17, 83).
cost(22, 18, 56).
cost(22, 19, 29).
cost(22, 20, 73).
cost(22, 21, 54).
cost(22, 23, 59).
cost(22, 24, 63).
cost(22, 25, 69).
cost(22, 26, 13).
cost(23, 1, 78).
cost(23, 2, 33).
cost(23, 3, 53).
cost(23, 4, 39).
cost(23, 5, 69).
cost(23, 6, 48).
cost(23, 7, 17).
cost(23, 8, 5).
cost(23, 9, 60).
cost(23, 10, 55).
cost(23, 11, 58).
cost(23, 12, 81).
cost(23, 13, 53).
cost(23, 14, 72).
cost(23, 15, 43).
cost(23, 16, 62).
cost(23, 17, 28).
cost(23, 18, 13).
cost(23, 19, 51).
cost(23, 20, 14).
cost(23, 21, 53).
cost(23, 22, 59).
cost(23, 24, 13).
cost(23, 25, 40).
cost(23, 26, 48).
cost(24, 1, 81).
cost(24, 2, 21).
cost(24, 3, 54).
cost(24, 4, 26).
cost(24, 5, 77).
cost(24, 6, 36).
cost(24, 7, 16).
cost(24, 8, 12).
cost(24, 9, 68).
cost(24, 10, 44).
cost(24, 11, 63).
cost(24, 12, 87).
cost(24, 13, 62).
cost(24, 14, 74).
cost(24, 15, 49).
cost(24, 16, 62).
cost(24, 17, 20).
cost(24, 18, 7).
cost(24, 19, 60).
cost(24, 20, 17).
cost(24, 21, 44).
cost(24, 22, 63).
cost(24, 23, 13).
cost(24, 25, 27).
cost(24, 26, 53).
cost(25, 1, 86).
cost(25, 2, 10).
cost(25, 3, 57).
cost(25, 4, 7).
cost(25, 5, 91).
cost(25, 6, 9).
cost(25, 7, 40).
cost(25, 8, 39).
cost(25, 9, 83).
cost(25, 10, 22).
cost(25, 11, 73).
cost(25, 12, 95).
cost(25, 13, 80).
cost(25, 14, 76).
cost(25, 15, 62).
cost(25, 16, 62).
cost(25, 17, 35).
cost(25, 18, 28).
cost(25, 19, 76).
cost(25, 20, 42).
cost(25, 21, 26).
cost(25, 22, 69).
cost(25, 23, 40).
cost(25, 24, 27).
cost(25, 26, 63).
cost(26, 1, 30).
cost(26, 2, 54).
cost(26, 3, 17).
cost(26, 4, 67).
cost(26, 5, 29).
cost(26, 6, 66).
cost(26, 7, 64).
cost(26, 8, 53).
cost(26, 9, 22).
cost(26, 10, 61).
cost(26, 11, 10).
cost(26, 12, 34).
cost(26, 13, 24).
cost(26, 14, 26).
cost(26, 15, 6).
cost(26, 16, 24).
cost(26, 17, 73).
cost(26, 18, 46).
cost(26, 19, 19).
cost(26, 20, 62).
cost(26, 21, 54).
cost(26, 22, 13).
cost(26, 23, 48).
cost(26, 24, 53).
cost(26, 25, 63).
nocross(1,3).
nocross(1,5).
nocross(1,9).
nocross(1,11).
nocross(1,12).
nocross(1,14).
nocross(1,15).
nocross(1,16).
nocross(1,19).
nocross(1,22).
nocross(1,26).
nocross(2,4).
nocross(2,6).
nocross(2,7).
nocross(2,8).
nocross(2,10).
nocross(2,17).
nocross(2,18).
nocross(2,21).
nocross(2,23).
nocross(2,24).
nocross(2,25).
nocross(3,1).
nocross(3,11).
nocross(3,12).
nocross(3,14).
nocross(3,15).
nocross(3,16).
nocross(3,18).
nocross(3,19).
nocross(3,21).
nocross(3,22).
nocross(3,26).
nocross(4,2).
nocross(4,6).
nocross(4,7).
nocross(4,8).
nocross(4,10).
nocross(4,17).
nocross(4,18).
nocross(4,20).
nocross(4,21).
nocross(4,24).
nocross(4,25).
nocross(5,1).
nocross(5,9).
nocross(5,11).
nocross(5,12).
nocross(5,13).
nocross(5,14).
nocross(5,15).
nocross(5,19).
nocross(5,22).
nocross(5,26).
nocross(6,2).
nocross(6,4).
nocross(6,10).
nocross(6,18).
nocross(6,21).
nocross(6,24).
nocross(6,25).
nocross(7,2).
nocross(7,4).
nocross(7,8).
nocross(7,17).
nocross(7,18).
nocross(7,20).
nocross(7,23).
nocross(7,24).
nocross(7,25).
nocross(8,2).
nocross(8,7).
nocross(8,17).
nocross(8,18).
nocross(8,20).
nocross(8,23).
nocross(8,24).
nocross(8,25).
nocross(9,1).
nocross(9,5).
nocross(9,11).
nocross(9,12).
nocross(9,13).
nocross(9,14).
nocross(9,15).
nocross(9,19).
nocross(9,22).
nocross(9,26).
nocross(10,2).
nocross(10,4).
nocross(10,6).
nocross(10,18).
nocross(10,21).
nocross(10,24).
nocross(10,25).
nocross(11,1).
nocross(11,3).
nocross(11,5).
nocross(11,9).
nocross(11,12).
nocross(11,13).
nocross(11,14).
nocross(11,15).
nocross(11,16).
nocross(11,19).
nocross(11,22).
nocross(11,26).
nocross(12,1).
nocross(12,3).
nocross(12,5).
nocross(12,9).
nocross(12,11).
nocross(12,14).
nocross(12,15).
nocross(12,16).
nocross(12,19).
nocross(12,22).
nocross(12,26).
nocross(13,5).
nocross(13,9).
nocross(13,11).
nocross(13,15).
nocross(13,19).
nocross(13,22).
nocross(13,26).
nocross(14,1).
nocross(14,3).
nocross(14,5).
nocross(14,11).
nocross(14,12).
nocross(14,15).
nocross(14,16).
nocross(14,19).
nocross(14,22).
nocross(14,26).
nocross(15,1).
nocross(15,3).
nocross(15,5).
nocross(15,9).
nocross(15,11).
nocross(15,13).
nocross(15,14).
nocross(15,16).
nocross(15,18).
nocross(15,19).
nocross(15,22).
nocross(15,23).
nocross(15,26).
nocross(16,1).
nocross(16,3).
nocross(16,11).
nocross(16,12).
nocross(16,14).
nocross(16,15).
nocross(16,21).
nocross(16,22).
nocross(16,26).
nocross(17,2).
nocross(17,4).
nocross(17,6).
nocross(17,7).
nocross(17,8).
nocross(17,18).
nocross(17,20).
nocross(17,23).
nocross(17,24).
nocross(17,25).
nocross(18,2).
nocross(18,4).
nocross(18,6).
nocross(18,7).
nocross(18,8).
nocross(18,15).
nocross(18,17).
nocross(18,20).
nocross(18,23).
nocross(18,24).
nocross(18,25).
nocross(18,26).
nocross(19,5).
nocross(19,9).
nocross(19,11).
nocross(19,12).
nocross(19,13).
nocross(19,14).
nocross(19,15).
nocross(19,22).
nocross(19,26).
nocross(20,2).
nocross(20,4).
nocross(20,7).
nocross(20,8).
nocross(20,17).
nocross(20,18).
nocross(20,23).
nocross(20,24).
nocross(21,2).
nocross(21,3).
nocross(21,6).
nocross(21,10).
nocross(21,16).
nocross(21,18).
nocross(21,25).
nocross(22,1).
nocross(22,3).
nocross(22,5).
nocross(22,9).
nocross(22,11).
nocross(22,12).
nocross(22,14).
nocross(22,15).
nocross(22,16).
nocross(22,19).
nocross(22,26).
nocross(23,2).
nocross(23,7).
nocross(23,8).
nocross(23,15).
nocross(23,17).
nocross(23,18).
nocross(23,20).
nocross(23,24).
nocross(23,25).
nocross(24,2).
nocross(24,4).
nocross(24,6).
nocross(24,7).
nocross(24,8).
nocross(24,10).
nocross(24,17).
nocross(24,18).
nocross(24,20).
nocross(24,23).
nocross(24,25).
nocross(25,2).
nocross(25,4).
nocross(25,6).
nocross(25,8).
nocross(25,10).
nocross(25,17).
nocross(25,18).
nocross(25,21).
nocross(25,23).
nocross(25,24).
nocross(26,1).
nocross(26,3).
nocross(26,5).
nocross(26,9).
nocross(26,11).
nocross(26,12).
nocross(26,13).
nocross(26,14).
nocross(26,15).
nocross(26,16).
nocross(26,18).
nocross(26,19).
nocross(26,22).
