dimension(26).
point(1, 73.8608956504, 28.5309803863).
point(2, 94.6005905004, 55.6839591441).
point(3, 37.2617050979, 34.8386643751).
point(4, 44.6729118919, 45.9724331002).
point(5, 85.9345242137, 37.7547225986).
point(6, 95.6361224243, 15.0008359915).
point(7, 97.760857265, 63.3405930046).
point(8, 62.9486771747, 65.757854699).
point(9, 70.8541372252, 16.0997376456).
point(10, 23.7490672323, 77.6155921922).
point(11, 77.1343054056, 30.1662596731).
point(12, 91.7765352591, 10.5067631959).
point(13, 29.3209617569, 78.0869581973).
point(14, 39.1063070805, 65.8190111263).
point(15, 84.5600786947, 49.9387725405).
point(16, 35.9954126586, 62.5986725075).
point(17, 68.7882709353, 8.9572556145).
point(18, 60.982867009, 79.9744822307).
point(19, 29.9146180095, 80.6347724599).
point(20, 60.5774231948, 70.4450579001).
point(21, 93.560852581, 14.257709579).
point(22, 85.2541888759, 34.0735737959).
point(23, 27.4509868116, 54.2389377837).
point(24, 35.7637519219, 83.1076945476).
point(25, 78.2492356574, 11.8596886073).
point(26, 34.8967097792, 37.8927472097).
cost(1, 2, 34).
cost(1, 3, 37).
cost(1, 4, 34).
cost(1, 5, 15).
cost(1, 6, 26).
cost(1, 7, 42).
cost(1, 8, 39).
cost(1, 9, 13).
cost(1, 10, 70).
cost(1, 11, 4).
cost(1, 12, 25).
cost(1, 13, 67).
cost(1, 14, 51).
cost(1, 15, 24).
cost(1, 16, 51).
cost(1, 17, 20).
cost(1, 18, 53).
cost(1, 19, 68).
cost(1, 20, 44).
cost(1, 21, 24).
cost(1, 22, 13).
cost(1, 23, 53).
cost(1, 24, 67).
cost(1, 25, 17).
cost(1, 26, 40).
cost(2, 1, 34).
cost(2, 3, 61).
cost(2, 4, 51).
cost(2, 5, 20).
cost(2, 6, 41).
cost(2, 7, 8).
cost(2, 8, 33).
cost(2, 9, 46).
cost(2, 10, 74).
cost(2, 11, 31).
cost(2, 12, 45).
cost(2, 13, 69).
cost(2, 14, 56).
cost(2, 15, 12).
cost(2, 16, 59).
cost(2, 17, 53).
cost(2, 18, 41).
cost(2, 19, 69).
cost(2, 20, 37).
cost(2, 21, 41).
cost(2, 22, 24).
cost(2, 23, 67).
cost(2, 24, 65).
cost(2, 25, 47).
cost(2, 26, 62).
cost(3, 1, 37).
cost(3, 2, 61).
cost(3, 4, 13).
cost(3, 5, 49).
cost(3, 6, 62).
cost(3, 7, 67).
cost(3, 8, 40).
cost(3, 9, 38).
cost(3, 10, 45).
cost(3, 11, 40).
cost(3, 12, 60).
cost(3, 13, 44).
cost(3, 14, 31).
cost(3, 15, 50).
cost(3, 16, 28).
cost(3, 17, 41).
cost(3, 18, 51).
cost(3, 19, 46).
cost(3, 20, 43).
cost(3, 21, 60).
cost(3, 22, 48).
cost(3, 23, 22).
cost(3, 24, 48).
cost(3, 25, 47).
cost(3, 26, 4).
cost(4, 1, 34).
cost(4, 2, 51).
cost(4, 3, 13).
cost(4, 5, 42).
cost(4, 6, 60).
cost(4, 7, 56).
cost(4, 8, 27).
cost(4, 9, 40).
cost(4, 10, 38).
cost(4, 11, 36).
cost(4, 12, 59).
cost(4, 13, 36).
cost(4, 14, 21).
cost(4, 15, 40).
cost(4, 16, 19).
cost(4, 17, 44).
cost(4, 18, 38).
cost(4, 19, 38).
cost(4, 20, 29).
cost(4, 21, 58).
cost(4, 22, 42).
cost(4, 23, 19).
cost(4, 24, 38).
cost(4, 25, 48).
cost(4, 26, 13).
cost(5, 1, 15).
cost(5, 2, 20).
cost(5, 3, 49).
cost(5, 4, 42).
cost(5, 6, 25).
cost(5, 7, 28).
cost(5, 8, 36).
cost(5, 9, 26).
cost(5, 10, 74).
cost(5, 11, 12).
cost(5, 12, 28).
cost(5, 13, 70).
cost(5, 14, 55).
cost(5, 15, 12).
cost(5, 16, 56).
cost(5, 17, 34).
cost(5, 18, 49).
cost(5, 19, 71).
cost(5, 20, 41).
cost(5, 21, 25).
cost(5, 22, 4).
cost(5, 23, 61).
cost(5, 24, 68).
cost(5, 25, 27).
cost(5, 26, 51).
cost(6, 1, 26).
cost(6, 2, 41).
cost(6, 3, 62).
cost(6, 4, 60).
cost(6, 5, 25).
cost(6, 7, 48).
cost(6, 8, 60).
cost(6, 9, 25).
cost(6, 10, 95).
cost(6, 11, 24).
cost(6, 12, 6).
cost(6, 13, 92).
cost(6, 14, 76).
cost(6, 15, 37).
cost(6, 16, 76).
cost(6, 17, 28).
cost(6, 18, 74).
cost(6, 19, 93).
cost(6, 20, 66).
cost(6, 21, 2).
cost(6, 22, 22).
cost(6, 23, 79).
cost(6, 24, 91).
cost(6, 25, 18).
cost(6, 26, 65).
cost(7, 1, 42).
cost(7, 2, 8).
cost(7, 3, 67).
cost(7, 4, 56).
cost(7, 5, 28).
cost(7, 6, 48).
cost(7, 8, 35).
cost(7, 9, 54).
cost(7, 10, 75).
cost(7, 11, 39).
cost(7, 12, 53).
cost(7, 13, 70).
cost(7, 14, 59).
cost(7, 15, 19).
cost(7, 16, 62).
cost(7, 17, 62).
cost(7, 18, 40).
cost(7, 19, 70).
cost(7, 20, 38).
cost(7, 21, 49).
cost(7, 22, 32).
cost(7, 23, 71).
cost(7, 24, 65).
cost(7, 25, 55).
cost(7, 26, 68).
cost(8, 1, 39).
cost(8, 2, 33).
cost(8, 3, 40).
cost(8, 4, 27).
cost(8, 5, 36).
cost(8, 6, 60).
cost(8, 7, 35).
cost(8, 9, 50).
cost(8, 10, 41).
cost(8, 11, 38).
cost(8, 12, 62).
cost(8, 13, 36).
cost(8, 14, 24).
cost(8, 15, 27).
cost(8, 16, 27).
cost(8, 17, 57).
cost(8, 18, 14).
cost(8, 19, 36).
cost(8, 20, 5).
cost(8, 21, 60).
cost(8, 22, 39).
cost(8, 23, 37).
cost(8, 24, 32).
cost(8, 25, 56).
cost(8, 26, 40).
cost(9, 1, 13).
cost(9, 2, 46).
cost(9, 3, 38).
cost(9, 4, 40).
cost(9, 5, 26).
cost(9, 6, 25).
cost(9, 7, 54).
cost(9, 8, 50).
cost(9, 10, 77).
cost(9, 11, 15).
cost(9, 12, 22).
cost(9, 13, 75).
cost(9, 14, 59).
cost(9, 15, 37).
cost(9, 16, 58).
cost(9, 17, 7).
cost(9, 18, 65).
cost(9, 19, 76).
cost(9, 20, 55).
cost(9, 21, 23).
cost(9, 22, 23).
cost(9, 23, 58).
cost(9, 24, 76).
cost(9, 25, 9).
cost(9, 26, 42).
cost(10, 1, 70).
cost(10, 2, 74).
cost(10, 3, 45).
cost(10, 4, 38).
cost(10, 5, 74).
cost(10, 6, 95).
cost(10, 7, 75).
cost(10, 8, 41).
cost(10, 9, 77).
cost(10, 11, 71).
cost(10, 12, 96).
cost(10, 13, 6).
cost(10, 14, 19).
cost(10, 15, 67).
cost(10, 16, 19).
cost(10, 17, 82).
cost(10, 18, 37).
cost(10, 19, 7).
cost(10, 20, 38).
cost(10, 21, 94).
cost(10, 22, 75).
cost(10, 23, 24).
cost(10, 24, 13).
cost(10, 25, 85).
cost(10, 26, 41).
cost(11, 1, 4).
cost(11, 2, 31).
cost(11, 3, 40).
cost(11, 4, 36).
cost(11, 5, 12).
cost(11, 6, 24).
cost(11, 7, 39).
cost(11, 8, 38).
cost(11, 9, 15).
cost(11, 10, 71).
cost(11, 12, 25).
cost(11, 13, 68).
cost(11, 14, 52).
cost(11, 15, 21).
cost(11, 16, 52).
cost(11, 17, 23).
cost(11, 18, 52).
cost(11, 19, 69).
cost(11, 20, 44).
cost(11, 21, 23).
cost(11, 22, 9).
cost(11, 23, 55).
cost(11, 24, 67).
cost(11, 25, 18).
cost(11, 26, 43).
cost(12, 1, 25).
cost(12, 2, 45).
cost(12, 3, 60).
cost(12, 4, 59).
cost(12, 5, 28).
cost(12, 6, 6).
cost(12, 7, 53).
cost(12, 8, 62).
cost(12, 9, 22).
cost(12, 10, 96).
cost(12, 11, 25).
cost(12, 13, 92).
cost(12, 14, 76).
cost(12, 15, 40).
cost(12, 16, 76).
cost(12, 17, 23).
cost(12, 18, 76).
cost(12, 19, 94).
cost(12, 20, 68).
cost(12, 21, 4).
cost(12, 22, 24).
cost(12, 23, 78).
cost(12, 24, 92).
cost(12, 25, 14).
cost(12, 26, 63).
cost(13, 1, 67).
cost(13, 2, 69).
cost(13, 3, 44).
cost(13, 4, 36).
cost(13, 5, 70).
cost(13, 6, 92).
cost(13, 7, 70).
cost(13, 8, 36).
cost(13, 9, 75).
cost(13, 10, 6).
cost(13, 11, 68).
cost(13, 12, 92).
cost(13, 14, 16).
cost(13, 15, 62).
cost(13, 16, 17).
cost(13, 17, 80).
cost(13, 18, 32).
cost(13, 19, 3).
cost(13, 20, 32).
cost(13, 21, 91).
cost(13, 22, 71).
cost(13, 23, 24).
cost(13, 24, 8).
cost(13, 25, 82).
cost(13, 26, 41).
cost(14, 1, 51).
cost(14, 2, 56).
cost(14, 3, 31).
cost(14, 4, 21).
cost(14, 5, 55).
cost(14, 6, 76).
cost(14, 7, 59).
cost(14, 8, 24).
cost(14, 9, 59).
cost(14, 10, 19).
cost(14, 11, 52).
cost(14, 12, 76).
cost(14, 13, 16).
cost(14, 15, 48).
cost(14, 16, 4).
cost(14, 17, 64).
cost(14, 18, 26).
cost(14, 19, 17).
cost(14, 20, 22).
cost(14, 21, 75).
cost(14, 22, 56).
cost(14, 23, 16).
cost(14, 24, 18).
cost(14, 25, 67).
cost(14, 26, 28).
cost(15, 1, 24).
cost(15, 2, 12).
cost(15, 3, 50).
cost(15, 4, 40).
cost(15, 5, 12).
cost(15, 6, 37).
cost(15, 7, 19).
cost(15, 8, 27).
cost(15, 9, 37).
cost(15, 10, 67).
cost(15, 11, 21).
cost(15, 12, 40).
cost(15, 13, 62).
cost(15, 14, 48).
cost(15, 16, 50).
cost(15, 17, 44).
cost(15, 18, 38).
cost(15, 19, 63).
cost(15, 20, 32).
cost(15, 21, 37).
cost(15, 22, 16).
cost(15, 23, 57).
cost(15, 24, 59).
cost(15, 25, 39).
cost(15, 26, 51).
cost(16, 1, 51).
cost(16, 2, 59).
cost(16, 3, 28).
cost(16, 4, 19).
cost(16, 5, 56).
cost(16, 6, 76).
cost(16, 7, 62).
cost(16, 8, 27).
cost(16, 9, 58).
cost(16, 10, 19).
cost(16, 11, 52).
cost(16, 12, 76).
cost(16, 13, 17).
cost(16, 14, 4).
cost(16, 15, 50).
cost(16, 17, 63).
cost(16, 18, 30).
cost(16, 19, 19).
cost(16, 20, 26).
cost(16, 21, 75).
cost(16, 22, 57).
cost(16, 23, 12).
cost(16, 24, 21).
cost(16, 25, 66).
cost(16, 26, 25).
cost(17, 1, 20).
cost(17, 2, 53).
cost(17, 3, 41).
cost(17, 4, 44).
cost(17, 5, 34).
cost(17, 6, 28).
cost(17, 7, 62).
cost(17, 8, 57).
cost(17, 9, 7).
cost(17, 10, 82).
cost(17, 11, 23).
cost(17, 12, 23).
cost(17, 13, 80).
cost(17, 14, 64).
cost(17, 15, 44).
cost(17, 16, 63).
cost(17, 18, 71).
cost(17, 19, 82).
cost(17, 20, 62).
cost(17, 21, 25).
cost(17, 22, 30).
cost(17, 23, 61).
cost(17, 24, 81).
cost(17, 25, 10).
cost(17, 26, 45).
cost(18, 1, 53).
cost(18, 2, 41).
cost(18, 3, 51).
cost(18, 4, 38).
cost(18, 5, 49).
cost(18, 6, 74).
cost(18, 7, 40).
cost(18, 8, 14).
cost(18, 9, 65).
cost(18, 10, 37).
cost(18, 11, 52).
cost(18, 12, 76).
cost(18, 13, 32).
cost(18, 14, 26).
cost(18, 15, 38).
cost(18, 16, 30).
cost(18, 17, 71).
cost(18, 19, 31).
cost(18, 20, 10).
cost(18, 21, 73).
cost(18, 22, 52).
cost(18, 23, 42).
cost(18, 24, 25).
cost(18, 25, 70).
cost(18, 26, 50).
cost(19, 1, 68).
cost(19, 2, 69).
cost(19, 3, 46).
cost(19, 4, 38).
cost(19, 5, 71).
cost(19, 6, 93).
cost(19, 7, 70).
cost(19, 8, 36).
cost(19, 9, 76).
cost(19, 10, 7).
cost(19, 11, 69).
cost(19, 12, 94).
cost(19, 13, 3).
cost(19, 14, 17).
cost(19, 15, 63).
cost(19, 16, 19).
cost(19, 17, 82).
cost(19, 18, 31).
cost(19, 20, 32).
cost(19, 21, 92).
cost(19, 22, 72).
cost(19, 23, 27).
cost(19, 24, 6).
cost(19, 25, 84).
cost(19, 26, 43).
cost(20, 1, 44).
cost(20, 2, 37).
cost(20, 3, 43).
cost(20, 4, 29).
cost(20, 5, 41).
cost(20, 6, 66).
cost(20, 7, 38).
cost(20, 8, 5).
cost(20, 9, 55).
cost(20, 10, 38).
cost(20, 11, 44).
cost(20, 12, 68).
cost(20, 13, 32).
cost(20, 14, 22).
cost(20, 15, 32).
cost(20, 16, 26).
cost(20, 17, 62).
cost(20, 18, 10).
cost(20, 19, 32).
cost(20, 21, 65).
cost(20, 22, 44).
cost(20, 23, 37).
cost(20, 24, 28).
cost(20, 25, 61).
cost(20, 26, 41).
cost(21, 1, 24).
cost(21, 2, 41).
cost(21, 3, 60).
cost(21, 4, 58).
cost(21, 5, 25).
cost(21, 6, 2).
cost(21, 7, 49).
cost(21, 8, 60).
cost(21, 9, 23).
cost(21, 10, 94).
cost(21, 11, 23).
cost(21, 12, 4).
cost(21, 13, 91).
cost(21, 14, 75).
cost(21, 15, 37).
cost(21, 16, 75).
cost(21, 17, 25).
cost(21, 18, 73).
cost(21, 19, 92).
cost(21, 20, 65).
cost(21, 22, 21).
cost(21, 23, 77).
cost(21, 24, 90).
cost(21, 25, 15).
cost(21, 26, 63).
cost(22, 1, 13).
cost(22, 2, 24).
cost(22, 3, 48).
cost(22, 4, 42).
cost(22, 5, 4).
cost(22, 6, 22).
cost(22, 7, 32).
cost(22, 8, 39).
cost(22, 9, 23).
cost(22, 10, 75).
cost(22, 11, 9).
cost(22, 12, 24).
cost(22, 13, 71).
cost(22, 14, 56).
cost(22, 15, 16).
cost(22, 16, 57).
cost(22, 17, 30).
cost(22, 18, 52).
cost(22, 19, 72).
cost(22, 20, 44).
cost(22, 21, 21).
cost(22, 23, 61).
cost(22, 24, 70).
cost(22, 25, 23).
cost(22, 26, 51).
cost(23, 1, 53).
cost(23, 2, 67).
cost(23, 3, 22).
cost(23, 4, 19).
cost(23, 5, 61).
cost(23, 6, 79).
cost(23, 7, 71).
cost(23, 8, 37).
cost(23, 9, 58).
cost(23, 10, 24).
cost(23, 11, 55).
cost(23, 12, 78).
cost(23, 13, 24).
cost(23, 14, 16).
cost(23, 15, 57).
cost(23, 16, 12).
cost(23, 17, 61).
cost(23, 18, 42).
cost(23, 19, 27).
cost(23, 20, 37).
cost(23, 21, 77).
cost(23, 22, 61).
cost(23, 24, 30).
cost(23, 25, 66).
cost(23, 26, 18).
cost(24, 1, 67).
cost(24, 2, 65).
cost(24, 3, 48).
cost(24, 4, 38).
cost(24, 5, 68).
cost(24, 6, 91).
cost(24, 7, 65).
cost(24, 8, 32).
cost(24, 9, 76).
cost(24, 10, 13).
cost(24, 11, 67).
cost(24, 12, 92).
cost(24, 13, 8).
cost(24, 14, 18).
cost(24, 15, 59).
cost(24, 16, 21).
cost(24, 17, 81).
cost(24, 18, 25).
cost(24, 19, 6).
cost(24, 20, 28).
cost(24, 21, 90).
cost(24, 22, 70).
cost(24, 23, 30).
cost(24, 25, 83).
cost(24, 26, 45).
cost(25, 1, 17).
cost(25, 2, 47).
cost(25, 3, 47).
cost(25, 4, 48).
cost(25, 5, 27).
cost(25, 6, 18).
cost(25, 7, 55).
cost(25, 8, 56).
cost(25, 9, 9).
cost(25, 10, 85).
cost(25, 11, 18).
cost(25, 12, 14).
cost(25, 13, 82).
cost(25, 14, 67).
cost(25, 15, 39).
cost(25, 16, 66).
cost(25, 17, 10).
cost(25, 18, 70).
cost(25, 19, 84).
cost(25, 20, 61).
cost(25, 21, 15).
cost(25, 22, 23).
cost(25, 23, 66).
cost(25, 24, 83).
cost(25, 26, 51).
cost(26, 1, 40).
cost(26, 2, 62).
cost(26, 3, 4).
cost(26, 4, 13).
cost(26, 5, 51).
cost(26, 6, 65).
cost(26, 7, 68).
cost(26, 8, 40).
cost(26, 9, 42).
cost(26, 10, 41).
cost(26, 11, 43).
cost(26, 12, 63).
cost(26, 13, 41).
cost(26, 14, 28).
cost(26, 15, 51).
cost(26, 16, 25).
cost(26, 17, 45).
cost(26, 18, 50).
cost(26, 19, 43).
cost(26, 20, 41).
cost(26, 21, 63).
cost(26, 22, 51).
cost(26, 23, 18).
cost(26, 24, 45).
cost(26, 25, 51).
nocross(1,3).
nocross(1,4).
nocross(1,5).
nocross(1,6).
nocross(1,8).
nocross(1,9).
nocross(1,11).
nocross(1,12).
nocross(1,15).
nocross(1,17).
nocross(1,21).
nocross(1,22).
nocross(1,25).
nocross(1,26).
nocross(2,1).
nocross(2,5).
nocross(2,6).
nocross(2,7).
nocross(2,8).
nocross(2,11).
nocross(2,15).
nocross(2,22).
nocross(3,1).
nocross(3,4).
nocross(3,9).
nocross(3,11).
nocross(3,14).
nocross(3,16).
nocross(3,17).
nocross(3,23).
nocross(3,26).
nocross(4,1).
nocross(4,3).
nocross(4,8).
nocross(4,9).
nocross(4,10).
nocross(4,11).
nocross(4,13).
nocross(4,14).
nocross(4,16).
nocross(4,17).
nocross(4,20).
nocross(4,23).
nocross(4,26).
nocross(5,1).
nocross(5,2).
nocross(5,6).
nocross(5,7).
nocross(5,9).
nocross(5,11).
nocross(5,12).
nocross(5,15).
nocross(5,17).
nocross(5,21).
nocross(5,22).
nocross(5,25).
nocross(6,1).
nocross(6,2).
nocross(6,5).
nocross(6,9).
nocross(6,11).
nocross(6,12).
nocross(6,17).
nocross(6,21).
nocross(6,22).
nocross(6,25).
nocross(7,2).
nocross(7,5).
nocross(7,6).
nocross(7,8).
nocross(7,11).
nocross(7,15).
nocross(7,18).
nocross(7,20).
nocross(7,22).
nocross(8,1).
nocross(8,2).
nocross(8,4).
nocross(8,5).
nocross(8,7).
nocross(8,11).
nocross(8,14).
nocross(8,15).
nocross(8,16).
nocross(8,18).
nocross(8,20).
nocross(8,22).
nocross(8,24).
nocross(9,1).
nocross(9,3).
nocross(9,4).
nocross(9,5).
nocross(9,6).
nocross(9,11).
nocross(9,12).
nocross(9,17).
nocross(9,21).
nocross(9,22).
nocross(9,25).
nocross(10,13).
nocross(10,14).
nocross(10,16).
nocross(10,19).
nocross(10,20).
nocross(10,23).
nocross(10,24).
nocross(11,1).
nocross(11,2).
nocross(11,4).
nocross(11,5).
nocross(11,6).
nocross(11,7).
nocross(11,8).
nocross(11,9).
nocross(11,12).
nocross(11,15).
nocross(11,17).
nocross(11,21).
nocross(11,22).
nocross(11,25).
nocross(12,1).
nocross(12,5).
nocross(12,6).
nocross(12,9).
nocross(12,11).
nocross(12,17).
nocross(12,21).
nocross(12,22).
nocross(12,25).
nocross(13,4).
nocross(13,10).
nocross(13,14).
nocross(13,16).
nocross(13,18).
nocross(13,19).
nocross(13,20).
nocross(13,23).
nocross(13,24).
nocross(14,3).
nocross(14,4).
nocross(14,8).
nocross(14,10).
nocross(14,13).
nocross(14,16).
nocross(14,18).
nocross(14,19).
nocross(14,20).
nocross(14,23).
nocross(14,24).
nocross(14,26).
nocross(15,1).
nocross(15,2).
nocross(15,5).
nocross(15,6).
nocross(15,7).
nocross(15,8).
nocross(15,9).
nocross(15,11).
nocross(15,18).
nocross(15,20).
nocross(15,21).
nocross(15,22).
nocross(16,3).
nocross(16,4).
nocross(16,8).
nocross(16,10).
nocross(16,13).
nocross(16,14).
nocross(16,18).
nocross(16,19).
nocross(16,20).
nocross(16,23).
nocross(16,24).
nocross(16,26).
nocross(17,1).
nocross(17,3).
nocross(17,5).
nocross(17,6).
nocross(17,9).
nocross(17,11).
nocross(17,12).
nocross(17,21).
nocross(17,22).
nocross(17,25).
nocross(18,2).
nocross(18,7).
nocross(18,8).
nocross(18,13).
nocross(18,14).
nocross(18,16).
nocross(18,19).
nocross(18,20).
nocross(18,24).
nocross(19,10).
nocross(19,13).
nocross(19,14).
nocross(19,16).
nocross(19,18).
nocross(19,20).
nocross(19,23).
nocross(19,24).
nocross(20,2).
nocross(20,4).
nocross(20,5).
nocross(20,7).
nocross(20,8).
nocross(20,10).
nocross(20,13).
nocross(20,14).
nocross(20,15).
nocross(20,16).
nocross(20,18).
nocross(20,24).
nocross(21,1).
nocross(21,5).
nocross(21,6).
nocross(21,9).
nocross(21,11).
nocross(21,12).
nocross(21,17).
nocross(21,22).
nocross(21,25).
nocross(22,1).
nocross(22,2).
nocross(22,5).
nocross(22,6).
nocross(22,9).
nocross(22,11).
nocross(22,12).
nocross(22,15).
nocross(22,17).
nocross(22,21).
nocross(22,25).
nocross(23,3).
nocross(23,4).
nocross(23,10).
nocross(23,13).
nocross(23,14).
nocross(23,16).
nocross(23,19).
nocross(23,24).
nocross(23,26).
nocross(24,8).
nocross(24,10).
nocross(24,13).
nocross(24,14).
nocross(24,16).
nocross(24,18).
nocross(24,19).
nocross(24,20).
nocross(25,1).
nocross(25,5).
nocross(25,6).
nocross(25,9).
nocross(25,11).
nocross(25,12).
nocross(25,17).
nocross(25,21).
nocross(25,22).
nocross(26,1).
nocross(26,3).
nocross(26,4).
nocross(26,14).
nocross(26,16).
nocross(26,23).
