dimension(26).
point(1, 4.9423506692, 39.273008432).
point(2, 87.3957778228, 45.7582979096).
point(3, 96.7152432575, 65.1046882286).
point(4, 61.0071699439, 79.5458105274).
point(5, 14.9565107164, 19.3838074285).
point(6, 2.5801993029, 53.5082961398).
point(7, 57.0029883797, 90.345121578).
point(8, 74.1282280099, 84.9922792039).
point(9, 1.1955624209, 37.2396184251).
point(10, 40.8858025253, 94.769274058).
point(11, 65.5008323481, 79.6932848652).
point(12, 87.3611757956, 87.3560027064).
point(13, 31.0446615106, 30.8399977499).
point(14, 28.1943606619, 31.5572807421).
point(15, 14.9541467302, 36.5285370129).
point(16, 61.6770633306, 65.762663668).
point(17, 67.9200717725, 98.1253317233).
point(18, 36.6112260468, 12.1766499491).
point(19, 73.5971667957, 86.6964524159).
point(20, 6.3293210501, 6.4691356553).
point(21, 19.12029412, 33.9466783436).
point(22, 87.3662015934, 39.245205756).
point(23, 8.3846401466, 14.8081780496).
point(24, 85.3617816665, 84.6960691005).
point(25, 15.5720035656, 30.6049197568).
point(26, 24.3904312545, 33.1280605816).
cost(1, 2, 83).
cost(1, 3, 95).
cost(1, 4, 69).
cost(1, 5, 22).
cost(1, 6, 14).
cost(1, 7, 73).
cost(1, 8, 83).
cost(1, 9, 4).
cost(1, 10, 66).
cost(1, 11, 73).
cost(1, 12, 95).
cost(1, 13, 27).
cost(1, 14, 24).
cost(1, 15, 10).
cost(1, 16, 63).
cost(1, 17, 86).
cost(1, 18, 42).
cost(1, 19, 83).
cost(1, 20, 33).
cost(1, 21, 15).
cost(1, 22, 82).
cost(1, 23, 25).
cost(1, 24, 92).
cost(1, 25, 14).
cost(1, 26, 20).
cost(2, 1, 83).
cost(2, 3, 21).
cost(2, 4, 43).
cost(2, 5, 77).
cost(2, 6, 85).
cost(2, 7, 54).
cost(2, 8, 41).
cost(2, 9, 87).
cost(2, 10, 68).
cost(2, 11, 40).
cost(2, 12, 42).
cost(2, 13, 58).
cost(2, 14, 61).
cost(2, 15, 73).
cost(2, 16, 33).
cost(2, 17, 56).
cost(2, 18, 61).
cost(2, 19, 43).
cost(2, 20, 90).
cost(2, 21, 69).
cost(2, 22, 7).
cost(2, 23, 85).
cost(2, 24, 39).
cost(2, 25, 73).
cost(2, 26, 64).
cost(3, 1, 95).
cost(3, 2, 21).
cost(3, 4, 39).
cost(3, 5, 94).
cost(3, 6, 95).
cost(3, 7, 47).
cost(3, 8, 30).
cost(3, 9, 100).
cost(3, 10, 63).
cost(3, 11, 34).
cost(3, 12, 24).
cost(3, 13, 74).
cost(3, 14, 76).
cost(3, 15, 87).
cost(3, 16, 35).
cost(3, 17, 44).
cost(3, 18, 80).
cost(3, 19, 32).
cost(3, 20, 108).
cost(3, 21, 84).
cost(3, 22, 27).
cost(3, 23, 102).
cost(3, 24, 23).
cost(3, 25, 88).
cost(3, 26, 79).
cost(4, 1, 69).
cost(4, 2, 43).
cost(4, 3, 39).
cost(4, 5, 76).
cost(4, 6, 64).
cost(4, 7, 12).
cost(4, 8, 14).
cost(4, 9, 73).
cost(4, 10, 25).
cost(4, 11, 4).
cost(4, 12, 27).
cost(4, 13, 57).
cost(4, 14, 58).
cost(4, 15, 63).
cost(4, 16, 14).
cost(4, 17, 20).
cost(4, 18, 72).
cost(4, 19, 14).
cost(4, 20, 91).
cost(4, 21, 62).
cost(4, 22, 48).
cost(4, 23, 83).
cost(4, 24, 25).
cost(4, 25, 67).
cost(4, 26, 59).
cost(5, 1, 22).
cost(5, 2, 77).
cost(5, 3, 94).
cost(5, 4, 76).
cost(5, 6, 36).
cost(5, 7, 82).
cost(5, 8, 88).
cost(5, 9, 23).
cost(5, 10, 80).
cost(5, 11, 79).
cost(5, 12, 99).
cost(5, 13, 20).
cost(5, 14, 18).
cost(5, 15, 17).
cost(5, 16, 66).
cost(5, 17, 95).
cost(5, 18, 23).
cost(5, 19, 89).
cost(5, 20, 16).
cost(5, 21, 15).
cost(5, 22, 75).
cost(5, 23, 8).
cost(5, 24, 96).
cost(5, 25, 11).
cost(5, 26, 17).
cost(6, 1, 14).
cost(6, 2, 85).
cost(6, 3, 95).
cost(6, 4, 64).
cost(6, 5, 36).
cost(6, 7, 66).
cost(6, 8, 78).
cost(6, 9, 16).
cost(6, 10, 56).
cost(6, 11, 68).
cost(6, 12, 91).
cost(6, 13, 36).
cost(6, 14, 34).
cost(6, 15, 21).
cost(6, 16, 60).
cost(6, 17, 79).
cost(6, 18, 54).
cost(6, 19, 78).
cost(6, 20, 47).
cost(6, 21, 26).
cost(6, 22, 86).
cost(6, 23, 39).
cost(6, 24, 88).
cost(6, 25, 26).
cost(6, 26, 30).
cost(7, 1, 73).
cost(7, 2, 54).
cost(7, 3, 47).
cost(7, 4, 12).
cost(7, 5, 82).
cost(7, 6, 66).
cost(7, 8, 18).
cost(7, 9, 77).
cost(7, 10, 17).
cost(7, 11, 14).
cost(7, 12, 31).
cost(7, 13, 65).
cost(7, 14, 65).
cost(7, 15, 68).
cost(7, 16, 25).
cost(7, 17, 13).
cost(7, 18, 81).
cost(7, 19, 17).
cost(7, 20, 98).
cost(7, 21, 68).
cost(7, 22, 59).
cost(7, 23, 90).
cost(7, 24, 29).
cost(7, 25, 73).
cost(7, 26, 66).
cost(8, 1, 83).
cost(8, 2, 41).
cost(8, 3, 30).
cost(8, 4, 14).
cost(8, 5, 88).
cost(8, 6, 78).
cost(8, 7, 18).
cost(8, 9, 87).
cost(8, 10, 35).
cost(8, 11, 10).
cost(8, 12, 13).
cost(8, 13, 69).
cost(8, 14, 70).
cost(8, 15, 76).
cost(8, 16, 23).
cost(8, 17, 15).
cost(8, 18, 82).
cost(8, 19, 2).
cost(8, 20, 104).
cost(8, 21, 75).
cost(8, 22, 48).
cost(8, 23, 96).
cost(8, 24, 11).
cost(8, 25, 80).
cost(8, 26, 72).
cost(9, 1, 4).
cost(9, 2, 87).
cost(9, 3, 100).
cost(9, 4, 73).
cost(9, 5, 23).
cost(9, 6, 16).
cost(9, 7, 77).
cost(9, 8, 87).
cost(9, 10, 70).
cost(9, 11, 77).
cost(9, 12, 100).
cost(9, 13, 31).
cost(9, 14, 28).
cost(9, 15, 14).
cost(9, 16, 67).
cost(9, 17, 90).
cost(9, 18, 43).
cost(9, 19, 88).
cost(9, 20, 31).
cost(9, 21, 18).
cost(9, 22, 86).
cost(9, 23, 24).
cost(9, 24, 97).
cost(9, 25, 16).
cost(9, 26, 24).
cost(10, 1, 66).
cost(10, 2, 68).
cost(10, 3, 63).
cost(10, 4, 25).
cost(10, 5, 80).
cost(10, 6, 56).
cost(10, 7, 17).
cost(10, 8, 35).
cost(10, 9, 70).
cost(10, 11, 29).
cost(10, 12, 47).
cost(10, 13, 65).
cost(10, 14, 64).
cost(10, 15, 64).
cost(10, 16, 36).
cost(10, 17, 27).
cost(10, 18, 83).
cost(10, 19, 34).
cost(10, 20, 95).
cost(10, 21, 65).
cost(10, 22, 72).
cost(10, 23, 86).
cost(10, 24, 46).
cost(10, 25, 69).
cost(10, 26, 64).
cost(11, 1, 73).
cost(11, 2, 40).
cost(11, 3, 34).
cost(11, 4, 4).
cost(11, 5, 79).
cost(11, 6, 68).
cost(11, 7, 14).
cost(11, 8, 10).
cost(11, 9, 77).
cost(11, 10, 29).
cost(11, 12, 23).
cost(11, 13, 60).
cost(11, 14, 61).
cost(11, 15, 66).
cost(11, 16, 14).
cost(11, 17, 19).
cost(11, 18, 73).
cost(11, 19, 11).
cost(11, 20, 94).
cost(11, 21, 65).
cost(11, 22, 46).
cost(11, 23, 86).
cost(11, 24, 20).
cost(11, 25, 70).
cost(11, 26, 62).
cost(12, 1, 95).
cost(12, 2, 42).
cost(12, 3, 24).
cost(12, 4, 27).
cost(12, 5, 99).
cost(12, 6, 91).
cost(12, 7, 31).
cost(12, 8, 13).
cost(12, 9, 100).
cost(12, 10, 47).
cost(12, 11, 23).
cost(12, 13, 80).
cost(12, 14, 81).
cost(12, 15, 88).
cost(12, 16, 34).
cost(12, 17, 22).
cost(12, 18, 91).
cost(12, 19, 14).
cost(12, 20, 114).
cost(12, 21, 87).
cost(12, 22, 48).
cost(12, 23, 107).
cost(12, 24, 3).
cost(12, 25, 92).
cost(12, 26, 83).
cost(13, 1, 27).
cost(13, 2, 58).
cost(13, 3, 74).
cost(13, 4, 57).
cost(13, 5, 20).
cost(13, 6, 36).
cost(13, 7, 65).
cost(13, 8, 69).
cost(13, 9, 31).
cost(13, 10, 65).
cost(13, 11, 60).
cost(13, 12, 80).
cost(13, 14, 3).
cost(13, 15, 17).
cost(13, 16, 46).
cost(13, 17, 77).
cost(13, 18, 19).
cost(13, 19, 70).
cost(13, 20, 35).
cost(13, 21, 12).
cost(13, 22, 57).
cost(13, 23, 28).
cost(13, 24, 76).
cost(13, 25, 15).
cost(13, 26, 7).
cost(14, 1, 24).
cost(14, 2, 61).
cost(14, 3, 76).
cost(14, 4, 58).
cost(14, 5, 18).
cost(14, 6, 34).
cost(14, 7, 65).
cost(14, 8, 70).
cost(14, 9, 28).
cost(14, 10, 64).
cost(14, 11, 61).
cost(14, 12, 81).
cost(14, 13, 3).
cost(14, 15, 14).
cost(14, 16, 48).
cost(14, 17, 78).
cost(14, 18, 21).
cost(14, 19, 71).
cost(14, 20, 33).
cost(14, 21, 9).
cost(14, 22, 60).
cost(14, 23, 26).
cost(14, 24, 78).
cost(14, 25, 13).
cost(14, 26, 4).
cost(15, 1, 10).
cost(15, 2, 73).
cost(15, 3, 87).
cost(15, 4, 63).
cost(15, 5, 17).
cost(15, 6, 21).
cost(15, 7, 68).
cost(15, 8, 76).
cost(15, 9, 14).
cost(15, 10, 64).
cost(15, 11, 66).
cost(15, 12, 88).
cost(15, 13, 17).
cost(15, 14, 14).
cost(15, 16, 55).
cost(15, 17, 81).
cost(15, 18, 33).
cost(15, 19, 77).
cost(15, 20, 31).
cost(15, 21, 5).
cost(15, 22, 72).
cost(15, 23, 23).
cost(15, 24, 85).
cost(15, 25, 6).
cost(15, 26, 10).
cost(16, 1, 63).
cost(16, 2, 33).
cost(16, 3, 35).
cost(16, 4, 14).
cost(16, 5, 66).
cost(16, 6, 60).
cost(16, 7, 25).
cost(16, 8, 23).
cost(16, 9, 67).
cost(16, 10, 36).
cost(16, 11, 14).
cost(16, 12, 34).
cost(16, 13, 46).
cost(16, 14, 48).
cost(16, 15, 55).
cost(16, 17, 33).
cost(16, 18, 59).
cost(16, 19, 24).
cost(16, 20, 81).
cost(16, 21, 53).
cost(16, 22, 37).
cost(16, 23, 74).
cost(16, 24, 30).
cost(16, 25, 58).
cost(16, 26, 50).
cost(17, 1, 86).
cost(17, 2, 56).
cost(17, 3, 44).
cost(17, 4, 20).
cost(17, 5, 95).
cost(17, 6, 79).
cost(17, 7, 13).
cost(17, 8, 15).
cost(17, 9, 90).
cost(17, 10, 27).
cost(17, 11, 19).
cost(17, 12, 22).
cost(17, 13, 77).
cost(17, 14, 78).
cost(17, 15, 81).
cost(17, 16, 33).
cost(17, 18, 91).
cost(17, 19, 13).
cost(17, 20, 110).
cost(17, 21, 81).
cost(17, 22, 62).
cost(17, 23, 102).
cost(17, 24, 22).
cost(17, 25, 85).
cost(17, 26, 78).
cost(18, 1, 42).
cost(18, 2, 61).
cost(18, 3, 80).
cost(18, 4, 72).
cost(18, 5, 23).
cost(18, 6, 54).
cost(18, 7, 81).
cost(18, 8, 82).
cost(18, 9, 43).
cost(18, 10, 83).
cost(18, 11, 73).
cost(18, 12, 91).
cost(18, 13, 19).
cost(18, 14, 21).
cost(18, 15, 33).
cost(18, 16, 59).
cost(18, 17, 91).
cost(18, 19, 83).
cost(18, 20, 31).
cost(18, 21, 28).
cost(18, 22, 58).
cost(18, 23, 28).
cost(18, 24, 87).
cost(18, 25, 28).
cost(18, 26, 24).
cost(19, 1, 83).
cost(19, 2, 43).
cost(19, 3, 32).
cost(19, 4, 14).
cost(19, 5, 89).
cost(19, 6, 78).
cost(19, 7, 17).
cost(19, 8, 2).
cost(19, 9, 88).
cost(19, 10, 34).
cost(19, 11, 11).
cost(19, 12, 14).
cost(19, 13, 70).
cost(19, 14, 71).
cost(19, 15, 77).
cost(19, 16, 24).
cost(19, 17, 13).
cost(19, 18, 83).
cost(19, 20, 105).
cost(19, 21, 76).
cost(19, 22, 49).
cost(19, 23, 97).
cost(19, 24, 12).
cost(19, 25, 81).
cost(19, 26, 73).
cost(20, 1, 33).
cost(20, 2, 90).
cost(20, 3, 108).
cost(20, 4, 91).
cost(20, 5, 16).
cost(20, 6, 47).
cost(20, 7, 98).
cost(20, 8, 104).
cost(20, 9, 31).
cost(20, 10, 95).
cost(20, 11, 94).
cost(20, 12, 114).
cost(20, 13, 35).
cost(20, 14, 33).
cost(20, 15, 31).
cost(20, 16, 81).
cost(20, 17, 110).
cost(20, 18, 31).
cost(20, 19, 105).
cost(20, 21, 30).
cost(20, 22, 87).
cost(20, 23, 9).
cost(20, 24, 111).
cost(20, 25, 26).
cost(20, 26, 32).
cost(21, 1, 15).
cost(21, 2, 69).
cost(21, 3, 84).
cost(21, 4, 62).
cost(21, 5, 15).
cost(21, 6, 26).
cost(21, 7, 68).
cost(21, 8, 75).
cost(21, 9, 18).
cost(21, 10, 65).
cost(21, 11, 65).
cost(21, 12, 87).
cost(21, 13, 12).
cost(21, 14, 9).
cost(21, 15, 5).
cost(21, 16, 53).
cost(21, 17, 81).
cost(21, 18, 28).
cost(21, 19, 76).
cost(21, 20, 30).
cost(21, 22, 68).
cost(21, 23, 22).
cost(21, 24, 83).
cost(21, 25, 5).
cost(21, 26, 5).
cost(22, 1, 82).
cost(22, 2, 7).
cost(22, 3, 27).
cost(22, 4, 48).
cost(22, 5, 75).
cost(22, 6, 86).
cost(22, 7, 59).
cost(22, 8, 48).
cost(22, 9, 86).
cost(22, 10, 72).
cost(22, 11, 46).
cost(22, 12, 48).
cost(22, 13, 57).
cost(22, 14, 60).
cost(22, 15, 72).
cost(22, 16, 37).
cost(22, 17, 62).
cost(22, 18, 58).
cost(22, 19, 49).
cost(22, 20, 87).
cost(22, 21, 68).
cost(22, 23, 83).
cost(22, 24, 45).
cost(22, 25, 72).
cost(22, 26, 63).
cost(23, 1, 25).
cost(23, 2, 85).
cost(23, 3, 102).
cost(23, 4, 83).
cost(23, 5, 8).
cost(23, 6, 39).
cost(23, 7, 90).
cost(23, 8, 96).
cost(23, 9, 24).
cost(23, 10, 86).
cost(23, 11, 86).
cost(23, 12, 107).
cost(23, 13, 28).
cost(23, 14, 26).
cost(23, 15, 23).
cost(23, 16, 74).
cost(23, 17, 102).
cost(23, 18, 28).
cost(23, 19, 97).
cost(23, 20, 9).
cost(23, 21, 22).
cost(23, 22, 83).
cost(23, 24, 104).
cost(23, 25, 17).
cost(23, 26, 24).
cost(24, 1, 92).
cost(24, 2, 39).
cost(24, 3, 23).
cost(24, 4, 25).
cost(24, 5, 96).
cost(24, 6, 88).
cost(24, 7, 29).
cost(24, 8, 11).
cost(24, 9, 97).
cost(24, 10, 46).
cost(24, 11, 20).
cost(24, 12, 3).
cost(24, 13, 76).
cost(24, 14, 78).
cost(24, 15, 85).
cost(24, 16, 30).
cost(24, 17, 22).
cost(24, 18, 87).
cost(24, 19, 12).
cost(24, 20, 111).
cost(24, 21, 83).
cost(24, 22, 45).
cost(24, 23, 104).
cost(24, 25, 88).
cost(24, 26, 80).
cost(25, 1, 14).
cost(25, 2, 73).
cost(25, 3, 88).
cost(25, 4, 67).
cost(25, 5, 11).
cost(25, 6, 26).
cost(25, 7, 73).
cost(25, 8, 80).
cost(25, 9, 16).
cost(25, 10, 69).
cost(25, 11, 70).
cost(25, 12, 92).
cost(25, 13, 15).
cost(25, 14, 13).
cost(25, 15, 6).
cost(25, 16, 58).
cost(25, 17, 85).
cost(25, 18, 28).
cost(25, 19, 81).
cost(25, 20, 26).
cost(25, 21, 5).
cost(25, 22, 72).
cost(25, 23, 17).
cost(25, 24, 88).
cost(25, 26, 9).
cost(26, 1, 20).
cost(26, 2, 64).
cost(26, 3, 79).
cost(26, 4, 59).
cost(26, 5, 17).
cost(26, 6, 30).
cost(26, 7, 66).
cost(26, 8, 72).
cost(26, 9, 24).
cost(26, 10, 64).
cost(26, 11, 62).
cost(26, 12, 83).
cost(26, 13, 7).
cost(26, 14, 4).
cost(26, 15, 10).
cost(26, 16, 50).
cost(26, 17, 78).
cost(26, 18, 24).
cost(26, 19, 73).
cost(26, 20, 32).
cost(26, 21, 5).
cost(26, 22, 63).
cost(26, 23, 24).
cost(26, 24, 80).
cost(26, 25, 9).
nocross(1,3).
nocross(1,6).
nocross(1,9).
nocross(1,10).
nocross(1,14).
nocross(1,15).
nocross(1,20).
nocross(1,21).
nocross(1,23).
nocross(1,25).
nocross(1,26).
nocross(2,3).
nocross(2,8).
nocross(2,11).
nocross(2,12).
nocross(2,16).
nocross(2,22).
nocross(2,24).
nocross(3,2).
nocross(3,4).
nocross(3,6).
nocross(3,8).
nocross(3,11).
nocross(3,13).
nocross(3,16).
nocross(3,17).
nocross(3,19).
nocross(3,22).
nocross(3,24).
nocross(4,1).
nocross(4,3).
nocross(4,6).
nocross(4,7).
nocross(4,8).
nocross(4,9).
nocross(4,10).
nocross(4,11).
nocross(4,12).
nocross(4,13).
nocross(4,15).
nocross(4,16).
nocross(4,17).
nocross(4,24).
nocross(5,1).
nocross(5,9).
nocross(5,13).
nocross(5,14).
nocross(5,15).
nocross(5,18).
nocross(5,20).
nocross(5,21).
nocross(5,23).
nocross(5,25).
nocross(5,26).
nocross(6,1).
nocross(6,9).
nocross(6,10).
nocross(6,11).
nocross(6,13).
nocross(6,14).
nocross(6,15).
nocross(6,20).
nocross(6,21).
nocross(6,23).
nocross(6,25).
nocross(6,26).
nocross(7,1).
nocross(7,4).
nocross(7,6).
nocross(7,8).
nocross(7,9).
nocross(7,10).
nocross(7,11).
nocross(7,13).
nocross(7,17).
nocross(7,24).
nocross(8,1).
nocross(8,3).
nocross(8,4).
nocross(8,7).
nocross(8,11).
nocross(8,16).
nocross(8,17).
nocross(8,19).
nocross(8,24).
nocross(9,1).
nocross(9,5).
nocross(9,6).
nocross(9,13).
nocross(9,14).
nocross(9,15).
nocross(9,20).
nocross(9,26).
nocross(10,4).
nocross(10,6).
nocross(10,7).
nocross(10,8).
nocross(10,11).
nocross(10,13).
nocross(10,15).
nocross(10,17).
nocross(10,19).
nocross(11,1).
nocross(11,2).
nocross(11,3).
nocross(11,4).
nocross(11,6).
nocross(11,7).
nocross(11,8).
nocross(11,10).
nocross(11,16).
nocross(11,17).
nocross(12,3).
nocross(12,4).
nocross(12,7).
nocross(12,8).
nocross(12,17).
nocross(13,5).
nocross(13,6).
nocross(13,14).
nocross(13,15).
nocross(13,18).
nocross(13,20).
nocross(13,25).
nocross(14,1).
nocross(14,5).
nocross(14,6).
nocross(14,13).
nocross(14,15).
nocross(14,18).
nocross(14,20).
nocross(14,21).
nocross(14,25).
nocross(14,26).
nocross(15,1).
nocross(15,5).
nocross(15,6).
nocross(15,9).
nocross(15,13).
nocross(15,14).
nocross(15,20).
nocross(15,21).
nocross(15,23).
nocross(15,25).
nocross(15,26).
nocross(16,3).
nocross(16,4).
nocross(16,6).
nocross(16,7).
nocross(16,8).
nocross(16,13).
nocross(16,14).
nocross(16,24).
nocross(16,26).
nocross(17,4).
nocross(17,6).
nocross(17,7).
nocross(17,8).
nocross(17,10).
nocross(17,11).
nocross(17,12).
nocross(17,19).
nocross(17,24).
nocross(18,5).
nocross(18,13).
nocross(18,14).
nocross(18,20).
nocross(18,21).
nocross(18,25).
nocross(18,26).
nocross(19,1).
nocross(19,3).
nocross(19,4).
nocross(19,7).
nocross(19,8).
nocross(19,10).
nocross(19,11).
nocross(19,16).
nocross(19,17).
nocross(19,24).
nocross(20,5).
nocross(20,6).
nocross(20,9).
nocross(20,13).
nocross(20,14).
nocross(20,18).
nocross(20,21).
nocross(20,23).
nocross(20,25).
nocross(20,26).
nocross(21,1).
nocross(21,5).
nocross(21,6).
nocross(21,9).
nocross(21,13).
nocross(21,14).
nocross(21,15).
nocross(21,18).
nocross(21,20).
nocross(21,25).
nocross(21,26).
nocross(22,2).
nocross(22,3).
nocross(23,1).
nocross(23,5).
nocross(23,9).
nocross(23,13).
nocross(23,14).
nocross(23,15).
nocross(23,18).
nocross(23,20).
nocross(23,21).
nocross(23,25).
nocross(23,26).
nocross(24,1).
nocross(24,3).
nocross(24,4).
nocross(24,7).
nocross(24,8).
nocross(24,11).
nocross(24,12).
nocross(24,13).
nocross(24,16).
nocross(24,17).
nocross(24,19).
nocross(25,1).
nocross(25,5).
nocross(25,9).
nocross(25,13).
nocross(25,14).
nocross(25,15).
nocross(25,18).
nocross(25,20).
nocross(25,21).
nocross(25,23).
nocross(25,26).
nocross(26,1).
nocross(26,5).
nocross(26,6).
nocross(26,13).
nocross(26,14).
nocross(26,15).
nocross(26,18).
nocross(26,21).
nocross(26,25).
