dimension(26).
point(1, 36.9609310803, 26.7741499185).
point(2, 23.357862954, 1.8204481332).
point(3, 49.70308646, 10.4927329591).
point(4, 5.7678791865, 56.4946252978).
point(5, 11.5289892619, 59.3428034769).
point(6, 77.3330981832, 20.9286288453).
point(7, 14.8746390227, 58.8393868458).
point(8, 37.7827197329, 14.0309794566).
point(9, 67.331220385, 81.7713993486).
point(10, 18.4272855123, 75.0058647837).
point(11, 32.1702160655, 16.2165348743).
point(12, 45.0951179469, 9.9413612895).
point(13, 70.970905137, 13.9901242719).
point(14, 70.6593802244, 4.3975469367).
point(15, 63.5254658529, 15.2795121166).
point(16, 54.1087951631, 12.7919954533).
point(17, 38.6973703007, 65.4945892296).
point(18, 31.0627073739, 73.4354261774).
point(19, 28.4460537169, 25.2973054702).
point(20, 40.5846035805, 86.9715990474).
point(21, 23.3826832096, 70.0439584595).
point(22, 63.2736223083, 0.8240351224).
point(23, 32.2524270541, 63.0202268983).
point(24, 34.6389321916, 83.6745033235).
point(25, 12.7031094057, 69.4591223861).
point(26, 39.7686835844, 73.5542829999).
cost(1, 2, 28).
cost(1, 3, 21).
cost(1, 4, 43).
cost(1, 5, 41).
cost(1, 6, 41).
cost(1, 7, 39).
cost(1, 8, 13).
cost(1, 9, 63).
cost(1, 10, 52).
cost(1, 11, 12).
cost(1, 12, 19).
cost(1, 13, 36).
cost(1, 14, 40).
cost(1, 15, 29).
cost(1, 16, 22).
cost(1, 17, 39).
cost(1, 18, 47).
cost(1, 19, 9).
cost(1, 20, 60).
cost(1, 21, 45).
cost(1, 22, 37).
cost(1, 23, 37).
cost(1, 24, 57).
cost(1, 25, 49).
cost(1, 26, 47).
cost(2, 1, 28).
cost(2, 3, 28).
cost(2, 4, 57).
cost(2, 5, 59).
cost(2, 6, 57).
cost(2, 7, 58).
cost(2, 8, 19).
cost(2, 9, 91).
cost(2, 10, 73).
cost(2, 11, 17).
cost(2, 12, 23).
cost(2, 13, 49).
cost(2, 14, 47).
cost(2, 15, 42).
cost(2, 16, 33).
cost(2, 17, 65).
cost(2, 18, 72).
cost(2, 19, 24).
cost(2, 20, 87).
cost(2, 21, 68).
cost(2, 22, 40).
cost(2, 23, 62).
cost(2, 24, 83).
cost(2, 25, 68).
cost(2, 26, 74).
cost(3, 1, 21).
cost(3, 2, 28).
cost(3, 4, 64).
cost(3, 5, 62).
cost(3, 6, 30).
cost(3, 7, 60).
cost(3, 8, 12).
cost(3, 9, 73).
cost(3, 10, 72).
cost(3, 11, 18).
cost(3, 12, 5).
cost(3, 13, 22).
cost(3, 14, 22).
cost(3, 15, 15).
cost(3, 16, 5).
cost(3, 17, 56).
cost(3, 18, 66).
cost(3, 19, 26).
cost(3, 20, 77).
cost(3, 21, 65).
cost(3, 22, 17).
cost(3, 23, 55).
cost(3, 24, 75).
cost(3, 25, 70).
cost(3, 26, 64).
cost(4, 1, 43).
cost(4, 2, 57).
cost(4, 3, 64).
cost(4, 5, 6).
cost(4, 6, 80).
cost(4, 7, 9).
cost(4, 8, 53).
cost(4, 9, 67).
cost(4, 10, 22).
cost(4, 11, 48).
cost(4, 12, 61).
cost(4, 13, 78).
cost(4, 14, 83).
cost(4, 15, 71).
cost(4, 16, 65).
cost(4, 17, 34).
cost(4, 18, 30).
cost(4, 19, 39).
cost(4, 20, 46).
cost(4, 21, 22).
cost(4, 22, 80).
cost(4, 23, 27).
cost(4, 24, 40).
cost(4, 25, 15).
cost(4, 26, 38).
cost(5, 1, 41).
cost(5, 2, 59).
cost(5, 3, 62).
cost(5, 4, 6).
cost(5, 6, 76).
cost(5, 7, 3).
cost(5, 8, 52).
cost(5, 9, 60).
cost(5, 10, 17).
cost(5, 11, 48).
cost(5, 12, 60).
cost(5, 13, 75).
cost(5, 14, 81).
cost(5, 15, 68).
cost(5, 16, 63).
cost(5, 17, 28).
cost(5, 18, 24).
cost(5, 19, 38).
cost(5, 20, 40).
cost(5, 21, 16).
cost(5, 22, 78).
cost(5, 23, 21).
cost(5, 24, 34).
cost(5, 25, 10).
cost(5, 26, 32).
cost(6, 1, 41).
cost(6, 2, 57).
cost(6, 3, 30).
cost(6, 4, 80).
cost(6, 5, 76).
cost(6, 7, 73).
cost(6, 8, 40).
cost(6, 9, 62).
cost(6, 10, 80).
cost(6, 11, 45).
cost(6, 12, 34).
cost(6, 13, 9).
cost(6, 14, 18).
cost(6, 15, 15).
cost(6, 16, 25).
cost(6, 17, 59).
cost(6, 18, 70).
cost(6, 19, 49).
cost(6, 20, 76).
cost(6, 21, 73).
cost(6, 22, 25).
cost(6, 23, 62).
cost(6, 24, 76).
cost(6, 25, 81).
cost(6, 26, 65).
cost(7, 1, 39).
cost(7, 2, 58).
cost(7, 3, 60).
cost(7, 4, 9).
cost(7, 5, 3).
cost(7, 6, 73).
cost(7, 8, 50).
cost(7, 9, 57).
cost(7, 10, 17).
cost(7, 11, 46).
cost(7, 12, 57).
cost(7, 13, 72).
cost(7, 14, 78).
cost(7, 15, 65).
cost(7, 16, 60).
cost(7, 17, 25).
cost(7, 18, 22).
cost(7, 19, 36).
cost(7, 20, 38).
cost(7, 21, 14).
cost(7, 22, 76).
cost(7, 23, 18).
cost(7, 24, 32).
cost(7, 25, 11).
cost(7, 26, 29).
cost(8, 1, 13).
cost(8, 2, 19).
cost(8, 3, 12).
cost(8, 4, 53).
cost(8, 5, 52).
cost(8, 6, 40).
cost(8, 7, 50).
cost(8, 9, 74).
cost(8, 10, 64).
cost(8, 11, 6).
cost(8, 12, 8).
cost(8, 13, 33).
cost(8, 14, 34).
cost(8, 15, 26).
cost(8, 16, 16).
cost(8, 17, 51).
cost(8, 18, 60).
cost(8, 19, 15).
cost(8, 20, 73).
cost(8, 21, 58).
cost(8, 22, 29).
cost(8, 23, 49).
cost(8, 24, 70).
cost(8, 25, 61).
cost(8, 26, 60).
cost(9, 1, 63).
cost(9, 2, 91).
cost(9, 3, 73).
cost(9, 4, 67).
cost(9, 5, 60).
cost(9, 6, 62).
cost(9, 7, 57).
cost(9, 8, 74).
cost(9, 10, 49).
cost(9, 11, 74).
cost(9, 12, 75).
cost(9, 13, 68).
cost(9, 14, 77).
cost(9, 15, 67).
cost(9, 16, 70).
cost(9, 17, 33).
cost(9, 18, 37).
cost(9, 19, 69).
cost(9, 20, 27).
cost(9, 21, 45).
cost(9, 22, 81).
cost(9, 23, 40).
cost(9, 24, 33).
cost(9, 25, 56).
cost(9, 26, 29).
cost(10, 1, 52).
cost(10, 2, 73).
cost(10, 3, 72).
cost(10, 4, 22).
cost(10, 5, 17).
cost(10, 6, 80).
cost(10, 7, 17).
cost(10, 8, 64).
cost(10, 9, 49).
cost(10, 11, 60).
cost(10, 12, 70).
cost(10, 13, 81).
cost(10, 14, 88).
cost(10, 15, 75).
cost(10, 16, 72).
cost(10, 17, 22).
cost(10, 18, 13).
cost(10, 19, 51).
cost(10, 20, 25).
cost(10, 21, 7).
cost(10, 22, 87).
cost(10, 23, 18).
cost(10, 24, 18).
cost(10, 25, 8).
cost(10, 26, 21).
cost(11, 1, 12).
cost(11, 2, 17).
cost(11, 3, 18).
cost(11, 4, 48).
cost(11, 5, 48).
cost(11, 6, 45).
cost(11, 7, 46).
cost(11, 8, 6).
cost(11, 9, 74).
cost(11, 10, 60).
cost(11, 12, 14).
cost(11, 13, 39).
cost(11, 14, 40).
cost(11, 15, 31).
cost(11, 16, 22).
cost(11, 17, 50).
cost(11, 18, 57).
cost(11, 19, 10).
cost(11, 20, 71).
cost(11, 21, 55).
cost(11, 22, 35).
cost(11, 23, 47).
cost(11, 24, 68).
cost(11, 25, 57).
cost(11, 26, 58).
cost(12, 1, 19).
cost(12, 2, 23).
cost(12, 3, 5).
cost(12, 4, 61).
cost(12, 5, 60).
cost(12, 6, 34).
cost(12, 7, 57).
cost(12, 8, 8).
cost(12, 9, 75).
cost(12, 10, 70).
cost(12, 11, 14).
cost(12, 13, 26).
cost(12, 14, 26).
cost(12, 15, 19).
cost(12, 16, 9).
cost(12, 17, 56).
cost(12, 18, 65).
cost(12, 19, 23).
cost(12, 20, 77).
cost(12, 21, 64).
cost(12, 22, 20).
cost(12, 23, 55).
cost(12, 24, 74).
cost(12, 25, 68).
cost(12, 26, 64).
cost(13, 1, 36).
cost(13, 2, 49).
cost(13, 3, 22).
cost(13, 4, 78).
cost(13, 5, 75).
cost(13, 6, 9).
cost(13, 7, 72).
cost(13, 8, 33).
cost(13, 9, 68).
cost(13, 10, 81).
cost(13, 11, 39).
cost(13, 12, 26).
cost(13, 14, 10).
cost(13, 15, 8).
cost(13, 16, 17).
cost(13, 17, 61).
cost(13, 18, 72).
cost(13, 19, 44).
cost(13, 20, 79).
cost(13, 21, 74).
cost(13, 22, 15).
cost(13, 23, 62).
cost(13, 24, 79).
cost(13, 25, 80).
cost(13, 26, 67).
cost(14, 1, 40).
cost(14, 2, 47).
cost(14, 3, 22).
cost(14, 4, 83).
cost(14, 5, 81).
cost(14, 6, 18).
cost(14, 7, 78).
cost(14, 8, 34).
cost(14, 9, 77).
cost(14, 10, 88).
cost(14, 11, 40).
cost(14, 12, 26).
cost(14, 13, 10).
cost(14, 15, 13).
cost(14, 16, 19).
cost(14, 17, 69).
cost(14, 18, 80).
cost(14, 19, 47).
cost(14, 20, 88).
cost(14, 21, 81).
cost(14, 22, 8).
cost(14, 23, 70).
cost(14, 24, 87).
cost(14, 25, 87).
cost(14, 26, 76).
cost(15, 1, 29).
cost(15, 2, 42).
cost(15, 3, 15).
cost(15, 4, 71).
cost(15, 5, 68).
cost(15, 6, 15).
cost(15, 7, 65).
cost(15, 8, 26).
cost(15, 9, 67).
cost(15, 10, 75).
cost(15, 11, 31).
cost(15, 12, 19).
cost(15, 13, 8).
cost(15, 14, 13).
cost(15, 16, 10).
cost(15, 17, 56).
cost(15, 18, 67).
cost(15, 19, 36).
cost(15, 20, 75).
cost(15, 21, 68).
cost(15, 22, 14).
cost(15, 23, 57).
cost(15, 24, 74).
cost(15, 25, 74).
cost(15, 26, 63).
cost(16, 1, 22).
cost(16, 2, 33).
cost(16, 3, 5).
cost(16, 4, 65).
cost(16, 5, 63).
cost(16, 6, 25).
cost(16, 7, 60).
cost(16, 8, 16).
cost(16, 9, 70).
cost(16, 10, 72).
cost(16, 11, 22).
cost(16, 12, 9).
cost(16, 13, 17).
cost(16, 14, 19).
cost(16, 15, 10).
cost(16, 17, 55).
cost(16, 18, 65).
cost(16, 19, 29).
cost(16, 20, 75).
cost(16, 21, 65).
cost(16, 22, 15).
cost(16, 23, 55).
cost(16, 24, 74).
cost(16, 25, 70).
cost(16, 26, 62).
cost(17, 1, 39).
cost(17, 2, 65).
cost(17, 3, 56).
cost(17, 4, 34).
cost(17, 5, 28).
cost(17, 6, 59).
cost(17, 7, 25).
cost(17, 8, 51).
cost(17, 9, 33).
cost(17, 10, 22).
cost(17, 11, 50).
cost(17, 12, 56).
cost(17, 13, 61).
cost(17, 14, 69).
cost(17, 15, 56).
cost(17, 16, 55).
cost(17, 18, 11).
cost(17, 19, 41).
cost(17, 20, 22).
cost(17, 21, 16).
cost(17, 22, 69).
cost(17, 23, 7).
cost(17, 24, 19).
cost(17, 25, 26).
cost(17, 26, 8).
cost(18, 1, 47).
cost(18, 2, 72).
cost(18, 3, 66).
cost(18, 4, 30).
cost(18, 5, 24).
cost(18, 6, 70).
cost(18, 7, 22).
cost(18, 8, 60).
cost(18, 9, 37).
cost(18, 10, 13).
cost(18, 11, 57).
cost(18, 12, 65).
cost(18, 13, 72).
cost(18, 14, 80).
cost(18, 15, 67).
cost(18, 16, 65).
cost(18, 17, 11).
cost(18, 19, 48).
cost(18, 20, 17).
cost(18, 21, 8).
cost(18, 22, 79).
cost(18, 23, 10).
cost(18, 24, 11).
cost(18, 25, 19).
cost(18, 26, 9).
cost(19, 1, 9).
cost(19, 2, 24).
cost(19, 3, 26).
cost(19, 4, 39).
cost(19, 5, 38).
cost(19, 6, 49).
cost(19, 7, 36).
cost(19, 8, 15).
cost(19, 9, 69).
cost(19, 10, 51).
cost(19, 11, 10).
cost(19, 12, 23).
cost(19, 13, 44).
cost(19, 14, 47).
cost(19, 15, 36).
cost(19, 16, 29).
cost(19, 17, 41).
cost(19, 18, 48).
cost(19, 20, 63).
cost(19, 21, 45).
cost(19, 22, 43).
cost(19, 23, 38).
cost(19, 24, 59).
cost(19, 25, 47).
cost(19, 26, 50).
cost(20, 1, 60).
cost(20, 2, 87).
cost(20, 3, 77).
cost(20, 4, 46).
cost(20, 5, 40).
cost(20, 6, 76).
cost(20, 7, 38).
cost(20, 8, 73).
cost(20, 9, 27).
cost(20, 10, 25).
cost(20, 11, 71).
cost(20, 12, 77).
cost(20, 13, 79).
cost(20, 14, 88).
cost(20, 15, 75).
cost(20, 16, 75).
cost(20, 17, 22).
cost(20, 18, 17).
cost(20, 19, 63).
cost(20, 21, 24).
cost(20, 22, 89).
cost(20, 23, 25).
cost(20, 24, 7).
cost(20, 25, 33).
cost(20, 26, 13).
cost(21, 1, 45).
cost(21, 2, 68).
cost(21, 3, 65).
cost(21, 4, 22).
cost(21, 5, 16).
cost(21, 6, 73).
cost(21, 7, 14).
cost(21, 8, 58).
cost(21, 9, 45).
cost(21, 10, 7).
cost(21, 11, 55).
cost(21, 12, 64).
cost(21, 13, 74).
cost(21, 14, 81).
cost(21, 15, 68).
cost(21, 16, 65).
cost(21, 17, 16).
cost(21, 18, 8).
cost(21, 19, 45).
cost(21, 20, 24).
cost(21, 22, 80).
cost(21, 23, 11).
cost(21, 24, 18).
cost(21, 25, 11).
cost(21, 26, 17).
cost(22, 1, 37).
cost(22, 2, 40).
cost(22, 3, 17).
cost(22, 4, 80).
cost(22, 5, 78).
cost(22, 6, 25).
cost(22, 7, 76).
cost(22, 8, 29).
cost(22, 9, 81).
cost(22, 10, 87).
cost(22, 11, 35).
cost(22, 12, 20).
cost(22, 13, 15).
cost(22, 14, 8).
cost(22, 15, 14).
cost(22, 16, 15).
cost(22, 17, 69).
cost(22, 18, 79).
cost(22, 19, 43).
cost(22, 20, 89).
cost(22, 21, 80).
cost(22, 23, 70).
cost(22, 24, 88).
cost(22, 25, 85).
cost(22, 26, 76).
cost(23, 1, 37).
cost(23, 2, 62).
cost(23, 3, 55).
cost(23, 4, 27).
cost(23, 5, 21).
cost(23, 6, 62).
cost(23, 7, 18).
cost(23, 8, 49).
cost(23, 9, 40).
cost(23, 10, 18).
cost(23, 11, 47).
cost(23, 12, 55).
cost(23, 13, 62).
cost(23, 14, 70).
cost(23, 15, 57).
cost(23, 16, 55).
cost(23, 17, 7).
cost(23, 18, 10).
cost(23, 19, 38).
cost(23, 20, 25).
cost(23, 21, 11).
cost(23, 22, 70).
cost(23, 24, 21).
cost(23, 25, 21).
cost(23, 26, 13).
cost(24, 1, 57).
cost(24, 2, 83).
cost(24, 3, 75).
cost(24, 4, 40).
cost(24, 5, 34).
cost(24, 6, 76).
cost(24, 7, 32).
cost(24, 8, 70).
cost(24, 9, 33).
cost(24, 10, 18).
cost(24, 11, 68).
cost(24, 12, 74).
cost(24, 13, 79).
cost(24, 14, 87).
cost(24, 15, 74).
cost(24, 16, 74).
cost(24, 17, 19).
cost(24, 18, 11).
cost(24, 19, 59).
cost(24, 20, 7).
cost(24, 21, 18).
cost(24, 22, 88).
cost(24, 23, 21).
cost(24, 25, 26).
cost(24, 26, 11).
cost(25, 1, 49).
cost(25, 2, 68).
cost(25, 3, 70).
cost(25, 4, 15).
cost(25, 5, 10).
cost(25, 6, 81).
cost(25, 7, 11).
cost(25, 8, 61).
cost(25, 9, 56).
cost(25, 10, 8).
cost(25, 11, 57).
cost(25, 12, 68).
cost(25, 13, 80).
cost(25, 14, 87).
cost(25, 15, 74).
cost(25, 16, 70).
cost(25, 17, 26).
cost(25, 18, 19).
cost(25, 19, 47).
cost(25, 20, 33).
cost(25, 21, 11).
cost(25, 22, 85).
cost(25, 23, 21).
cost(25, 24, 26).
cost(25, 26, 27).
cost(26, 1, 47).
cost(26, 2, 74).
cost(26, 3, 64).
cost(26, 4, 38).
cost(26, 5, 32).
cost(26, 6, 65).
cost(26, 7, 29).
cost(26, 8, 60).
cost(26, 9, 29).
cost(26, 10, 21).
cost(26, 11, 58).
cost(26, 12, 64).
cost(26, 13, 67).
cost(26, 14, 76).
cost(26, 15, 63).
cost(26, 16, 62).
cost(26, 17, 8).
cost(26, 18, 9).
cost(26, 19, 50).
cost(26, 20, 13).
cost(26, 21, 17).
cost(26, 22, 76).
cost(26, 23, 13).
cost(26, 24, 11).
cost(26, 25, 27).
nocross(1,4).
nocross(1,7).
nocross(1,8).
nocross(1,11).
nocross(1,12).
nocross(1,15).
nocross(1,16).
nocross(1,17).
nocross(1,19).
nocross(1,23).
nocross(2,1).
nocross(2,4).
nocross(2,8).
nocross(2,11).
nocross(2,12).
nocross(2,16).
nocross(2,22).
nocross(3,1).
nocross(3,8).
nocross(3,11).
nocross(3,12).
nocross(3,13).
nocross(3,15).
nocross(3,16).
nocross(3,19).
nocross(3,22).
nocross(4,5).
nocross(4,7).
nocross(4,10).
nocross(4,18).
nocross(4,19).
nocross(4,21).
nocross(4,23).
nocross(4,24).
nocross(4,25).
nocross(5,4).
nocross(5,7).
nocross(5,10).
nocross(5,17).
nocross(5,18).
nocross(5,21).
nocross(5,23).
nocross(5,24).
nocross(5,25).
nocross(5,26).
nocross(6,3).
nocross(6,14).
nocross(6,15).
nocross(6,22).
nocross(7,1).
nocross(7,4).
nocross(7,5).
nocross(7,10).
nocross(7,17).
nocross(7,20).
nocross(7,21).
nocross(7,23).
nocross(7,24).
nocross(7,25).
nocross(7,26).
nocross(8,1).
nocross(8,2).
nocross(8,3).
nocross(8,4).
nocross(8,11).
nocross(8,12).
nocross(8,15).
nocross(8,16).
nocross(8,19).
nocross(9,7).
nocross(9,12).
nocross(9,17).
nocross(9,20).
nocross(9,24).
nocross(9,26).
nocross(10,4).
nocross(10,5).
nocross(10,7).
nocross(10,9).
nocross(10,17).
nocross(10,18).
nocross(10,20).
nocross(10,21).
nocross(10,23).
nocross(10,24).
nocross(10,25).
nocross(10,26).
nocross(11,1).
nocross(11,2).
nocross(11,3).
nocross(11,8).
nocross(11,12).
nocross(11,16).
nocross(11,19).
nocross(11,22).
nocross(12,1).
nocross(12,2).
nocross(12,3).
nocross(12,8).
nocross(12,11).
nocross(12,13).
nocross(12,15).
nocross(12,16).
nocross(12,19).
nocross(12,22).
nocross(13,1).
nocross(13,3).
nocross(13,6).
nocross(13,12).
nocross(13,14).
nocross(13,15).
nocross(13,16).
nocross(13,22).
nocross(14,3).
nocross(14,6).
nocross(14,13).
nocross(14,15).
nocross(14,16).
nocross(14,22).
nocross(15,1).
nocross(15,6).
nocross(15,8).
nocross(15,11).
nocross(15,12).
nocross(15,13).
nocross(15,16).
nocross(15,22).
nocross(16,1).
nocross(16,3).
nocross(16,6).
nocross(16,8).
nocross(16,13).
nocross(16,15).
nocross(16,22).
nocross(17,4).
nocross(17,5).
nocross(17,7).
nocross(17,9).
nocross(17,10).
nocross(17,18).
nocross(17,20).
nocross(17,21).
nocross(17,23).
nocross(17,26).
nocross(18,4).
nocross(18,5).
nocross(18,7).
nocross(18,9).
nocross(18,10).
nocross(18,17).
nocross(18,20).
nocross(18,21).
nocross(18,23).
nocross(18,24).
nocross(18,25).
nocross(18,26).
nocross(19,1).
nocross(19,2).
nocross(19,3).
nocross(19,4).
nocross(19,5).
nocross(19,7).
nocross(19,8).
nocross(19,11).
nocross(19,12).
nocross(19,16).
nocross(19,23).
nocross(20,5).
nocross(20,7).
nocross(20,10).
nocross(20,17).
nocross(20,18).
nocross(20,21).
nocross(20,23).
nocross(20,24).
nocross(20,26).
nocross(21,4).
nocross(21,5).
nocross(21,7).
nocross(21,10).
nocross(21,17).
nocross(21,18).
nocross(21,20).
nocross(21,23).
nocross(21,24).
nocross(21,25).
nocross(21,26).
nocross(22,2).
nocross(22,3).
nocross(22,6).
nocross(22,8).
nocross(22,11).
nocross(22,12).
nocross(22,13).
nocross(22,14).
nocross(22,15).
nocross(22,16).
nocross(23,1).
nocross(23,5).
nocross(23,7).
nocross(23,9).
nocross(23,10).
nocross(23,17).
nocross(23,18).
nocross(23,20).
nocross(23,21).
nocross(23,25).
nocross(23,26).
nocross(24,5).
nocross(24,9).
nocross(24,10).
nocross(24,17).
nocross(24,18).
nocross(24,20).
nocross(24,21).
nocross(24,23).
nocross(24,25).
nocross(24,26).
nocross(25,4).
nocross(25,5).
nocross(25,7).
nocross(25,10).
nocross(25,17).
nocross(25,18).
nocross(25,20).
nocross(25,21).
nocross(25,23).
nocross(25,24).
nocross(25,26).
nocross(26,4).
nocross(26,5).
nocross(26,7).
nocross(26,9).
nocross(26,10).
nocross(26,17).
nocross(26,20).
nocross(26,21).
nocross(26,23).
nocross(26,24).
