dimension(26).
point(1, 27.7453698998, 32.4601614743).
point(2, 77.5287980325, 64.1768024213).
point(3, 94.4610476798, 71.530590582).
point(4, 50.797266333, 4.1552553087).
point(5, 98.5248213983, 81.4053865791).
point(6, 46.3550018753, 14.4320600392).
point(7, 93.7570355919, 91.2866953089).
point(8, 61.4446550876, 71.972463155).
point(9, 63.4730588169, 92.7087354045).
point(10, 38.8566932806, 15.2767343011).
point(11, 94.2203277503, 58.9165917255).
point(12, 20.5422378062, 36.8675444882).
point(13, 70.3232990663, 86.2516509027).
point(14, 88.2966315079, 67.69871055).
point(15, 70.00153277, 6.1507247517).
point(16, 80.4458789558, 95.0813289718).
point(17, 37.208663195, 37.8886743144).
point(18, 58.2367979268, 38.7174251277).
point(19, 88.9959182113, 65.469965272).
point(20, 50.8829202069, 24.7120286895).
point(21, 35.6018339603, 31.75296502).
point(22, 41.690469479, 23.9993494875).
point(23, 70.4399771549, 78.0983389112).
point(24, 79.064802398, 72.9407808631).
point(25, 60.4105768076, 25.0892706674).
point(26, 57.8721832566, 11.9955065431).
cost(1, 2, 59).
cost(1, 3, 77).
cost(1, 4, 37).
cost(1, 5, 86).
cost(1, 6, 26).
cost(1, 7, 88).
cost(1, 8, 52).
cost(1, 9, 70).
cost(1, 10, 20).
cost(1, 11, 72).
cost(1, 12, 8).
cost(1, 13, 69).
cost(1, 14, 70).
cost(1, 15, 50).
cost(1, 16, 82).
cost(1, 17, 11).
cost(1, 18, 31).
cost(1, 19, 70).
cost(1, 20, 24).
cost(1, 21, 8).
cost(1, 22, 16).
cost(1, 23, 62).
cost(1, 24, 65).
cost(1, 25, 33).
cost(1, 26, 36).
cost(2, 1, 59).
cost(2, 3, 18).
cost(2, 4, 66).
cost(2, 5, 27).
cost(2, 6, 59).
cost(2, 7, 32).
cost(2, 8, 18).
cost(2, 9, 32).
cost(2, 10, 62).
cost(2, 11, 18).
cost(2, 12, 63).
cost(2, 13, 23).
cost(2, 14, 11).
cost(2, 15, 59).
cost(2, 16, 31).
cost(2, 17, 48).
cost(2, 18, 32).
cost(2, 19, 12).
cost(2, 20, 48).
cost(2, 21, 53).
cost(2, 22, 54).
cost(2, 23, 16).
cost(2, 24, 9).
cost(2, 25, 43).
cost(2, 26, 56).
cost(3, 1, 77).
cost(3, 2, 18).
cost(3, 4, 80).
cost(3, 5, 11).
cost(3, 6, 75).
cost(3, 7, 20).
cost(3, 8, 33).
cost(3, 9, 38).
cost(3, 10, 79).
cost(3, 11, 13).
cost(3, 12, 82).
cost(3, 13, 28).
cost(3, 14, 7).
cost(3, 15, 70).
cost(3, 16, 27).
cost(3, 17, 66).
cost(3, 18, 49).
cost(3, 19, 8).
cost(3, 20, 64).
cost(3, 21, 71).
cost(3, 22, 71).
cost(3, 23, 25).
cost(3, 24, 15).
cost(3, 25, 58).
cost(3, 26, 70).
cost(4, 1, 37).
cost(4, 2, 66).
cost(4, 3, 80).
cost(4, 5, 91).
cost(4, 6, 11).
cost(4, 7, 97).
cost(4, 8, 69).
cost(4, 9, 89).
cost(4, 10, 16).
cost(4, 11, 70).
cost(4, 12, 45).
cost(4, 13, 84).
cost(4, 14, 74).
cost(4, 15, 19).
cost(4, 16, 96).
cost(4, 17, 36).
cost(4, 18, 35).
cost(4, 19, 72).
cost(4, 20, 21).
cost(4, 21, 32).
cost(4, 22, 22).
cost(4, 23, 77).
cost(4, 24, 74).
cost(4, 25, 23).
cost(4, 26, 11).
cost(5, 1, 86).
cost(5, 2, 27).
cost(5, 3, 11).
cost(5, 4, 91).
cost(5, 6, 85).
cost(5, 7, 11).
cost(5, 8, 38).
cost(5, 9, 37).
cost(5, 10, 89).
cost(5, 11, 23).
cost(5, 12, 90).
cost(5, 13, 29).
cost(5, 14, 17).
cost(5, 15, 80).
cost(5, 16, 23).
cost(5, 17, 75).
cost(5, 18, 59).
cost(5, 19, 19).
cost(5, 20, 74).
cost(5, 21, 80).
cost(5, 22, 81).
cost(5, 23, 28).
cost(5, 24, 21).
cost(5, 25, 68).
cost(5, 26, 80).
cost(6, 1, 26).
cost(6, 2, 59).
cost(6, 3, 75).
cost(6, 4, 11).
cost(6, 5, 85).
cost(6, 7, 90).
cost(6, 8, 59).
cost(6, 9, 80).
cost(6, 10, 8).
cost(6, 11, 65).
cost(6, 12, 34).
cost(6, 13, 76).
cost(6, 14, 68).
cost(6, 15, 25).
cost(6, 16, 88).
cost(6, 17, 25).
cost(6, 18, 27).
cost(6, 19, 67).
cost(6, 20, 11).
cost(6, 21, 20).
cost(6, 22, 11).
cost(6, 23, 68).
cost(6, 24, 67).
cost(6, 25, 18).
cost(6, 26, 12).
cost(7, 1, 88).
cost(7, 2, 32).
cost(7, 3, 20).
cost(7, 4, 97).
cost(7, 5, 11).
cost(7, 6, 90).
cost(7, 8, 38).
cost(7, 9, 30).
cost(7, 10, 94).
cost(7, 11, 32).
cost(7, 12, 91).
cost(7, 13, 24).
cost(7, 14, 24).
cost(7, 15, 88).
cost(7, 16, 14).
cost(7, 17, 78).
cost(7, 18, 63).
cost(7, 19, 26).
cost(7, 20, 79).
cost(7, 21, 83).
cost(7, 22, 85).
cost(7, 23, 27).
cost(7, 24, 24).
cost(7, 25, 74).
cost(7, 26, 87).
cost(8, 1, 52).
cost(8, 2, 18).
cost(8, 3, 33).
cost(8, 4, 69).
cost(8, 5, 38).
cost(8, 6, 59).
cost(8, 7, 38).
cost(8, 9, 21).
cost(8, 10, 61).
cost(8, 11, 35).
cost(8, 12, 54).
cost(8, 13, 17).
cost(8, 14, 27).
cost(8, 15, 66).
cost(8, 16, 30).
cost(8, 17, 42).
cost(8, 18, 33).
cost(8, 19, 28).
cost(8, 20, 48).
cost(8, 21, 48).
cost(8, 22, 52).
cost(8, 23, 11).
cost(8, 24, 18).
cost(8, 25, 47).
cost(8, 26, 60).
cost(9, 1, 70).
cost(9, 2, 32).
cost(9, 3, 38).
cost(9, 4, 89).
cost(9, 5, 37).
cost(9, 6, 80).
cost(9, 7, 30).
cost(9, 8, 21).
cost(9, 10, 81).
cost(9, 11, 46).
cost(9, 12, 70).
cost(9, 13, 9).
cost(9, 14, 35).
cost(9, 15, 87).
cost(9, 16, 17).
cost(9, 17, 61).
cost(9, 18, 54).
cost(9, 19, 37).
cost(9, 20, 69).
cost(9, 21, 67).
cost(9, 22, 72).
cost(9, 23, 16).
cost(9, 24, 25).
cost(9, 25, 68).
cost(9, 26, 81).
cost(10, 1, 20).
cost(10, 2, 62).
cost(10, 3, 79).
cost(10, 4, 16).
cost(10, 5, 89).
cost(10, 6, 8).
cost(10, 7, 94).
cost(10, 8, 61).
cost(10, 9, 81).
cost(10, 11, 70).
cost(10, 12, 28).
cost(10, 13, 78).
cost(10, 14, 72).
cost(10, 15, 32).
cost(10, 16, 90).
cost(10, 17, 23).
cost(10, 18, 30).
cost(10, 19, 71).
cost(10, 20, 15).
cost(10, 21, 17).
cost(10, 22, 9).
cost(10, 23, 70).
cost(10, 24, 70).
cost(10, 25, 24).
cost(10, 26, 19).
cost(11, 1, 72).
cost(11, 2, 18).
cost(11, 3, 13).
cost(11, 4, 70).
cost(11, 5, 23).
cost(11, 6, 65).
cost(11, 7, 32).
cost(11, 8, 35).
cost(11, 9, 46).
cost(11, 10, 70).
cost(11, 12, 77).
cost(11, 13, 36).
cost(11, 14, 11).
cost(11, 15, 58).
cost(11, 16, 39).
cost(11, 17, 61).
cost(11, 18, 41).
cost(11, 19, 8).
cost(11, 20, 55).
cost(11, 21, 65).
cost(11, 22, 63).
cost(11, 23, 31).
cost(11, 24, 21).
cost(11, 25, 48).
cost(11, 26, 59).
cost(12, 1, 8).
cost(12, 2, 63).
cost(12, 3, 82).
cost(12, 4, 45).
cost(12, 5, 90).
cost(12, 6, 34).
cost(12, 7, 91).
cost(12, 8, 54).
cost(12, 9, 70).
cost(12, 10, 28).
cost(12, 11, 77).
cost(12, 13, 70).
cost(12, 14, 74).
cost(12, 15, 58).
cost(12, 16, 84).
cost(12, 17, 17).
cost(12, 18, 38).
cost(12, 19, 74).
cost(12, 20, 33).
cost(12, 21, 16).
cost(12, 22, 25).
cost(12, 23, 65).
cost(12, 24, 69).
cost(12, 25, 42).
cost(12, 26, 45).
cost(13, 1, 69).
cost(13, 2, 23).
cost(13, 3, 28).
cost(13, 4, 84).
cost(13, 5, 29).
cost(13, 6, 76).
cost(13, 7, 24).
cost(13, 8, 17).
cost(13, 9, 9).
cost(13, 10, 78).
cost(13, 11, 36).
cost(13, 12, 70).
cost(13, 14, 26).
cost(13, 15, 80).
cost(13, 16, 13).
cost(13, 17, 59).
cost(13, 18, 49).
cost(13, 19, 28).
cost(13, 20, 65).
cost(13, 21, 65).
cost(13, 22, 69).
cost(13, 23, 8).
cost(13, 24, 16).
cost(13, 25, 62).
cost(13, 26, 75).
cost(14, 1, 70).
cost(14, 2, 11).
cost(14, 3, 7).
cost(14, 4, 74).
cost(14, 5, 17).
cost(14, 6, 68).
cost(14, 7, 24).
cost(14, 8, 27).
cost(14, 9, 35).
cost(14, 10, 72).
cost(14, 11, 11).
cost(14, 12, 74).
cost(14, 13, 26).
cost(14, 15, 64).
cost(14, 16, 28).
cost(14, 17, 59).
cost(14, 18, 42).
cost(14, 19, 2).
cost(14, 20, 57).
cost(14, 21, 64).
cost(14, 22, 64).
cost(14, 23, 21).
cost(14, 24, 11).
cost(14, 25, 51).
cost(14, 26, 63).
cost(15, 1, 50).
cost(15, 2, 59).
cost(15, 3, 70).
cost(15, 4, 19).
cost(15, 5, 80).
cost(15, 6, 25).
cost(15, 7, 88).
cost(15, 8, 66).
cost(15, 9, 87).
cost(15, 10, 32).
cost(15, 11, 58).
cost(15, 12, 58).
cost(15, 13, 80).
cost(15, 14, 64).
cost(15, 16, 90).
cost(15, 17, 46).
cost(15, 18, 35).
cost(15, 19, 62).
cost(15, 20, 27).
cost(15, 21, 43).
cost(15, 22, 33).
cost(15, 23, 72).
cost(15, 24, 67).
cost(15, 25, 21).
cost(15, 26, 13).
cost(16, 1, 82).
cost(16, 2, 31).
cost(16, 3, 27).
cost(16, 4, 96).
cost(16, 5, 23).
cost(16, 6, 88).
cost(16, 7, 14).
cost(16, 8, 30).
cost(16, 9, 17).
cost(16, 10, 90).
cost(16, 11, 39).
cost(16, 12, 84).
cost(16, 13, 13).
cost(16, 14, 28).
cost(16, 15, 90).
cost(16, 17, 72).
cost(16, 18, 61).
cost(16, 19, 31).
cost(16, 20, 76).
cost(16, 21, 78).
cost(16, 22, 81).
cost(16, 23, 20).
cost(16, 24, 22).
cost(16, 25, 73).
cost(16, 26, 86).
cost(17, 1, 11).
cost(17, 2, 48).
cost(17, 3, 66).
cost(17, 4, 36).
cost(17, 5, 75).
cost(17, 6, 25).
cost(17, 7, 78).
cost(17, 8, 42).
cost(17, 9, 61).
cost(17, 10, 23).
cost(17, 11, 61).
cost(17, 12, 17).
cost(17, 13, 59).
cost(17, 14, 59).
cost(17, 15, 46).
cost(17, 16, 72).
cost(17, 18, 21).
cost(17, 19, 59).
cost(17, 20, 19).
cost(17, 21, 6).
cost(17, 22, 15).
cost(17, 23, 52).
cost(17, 24, 55).
cost(17, 25, 26).
cost(17, 26, 33).
cost(18, 1, 31).
cost(18, 2, 32).
cost(18, 3, 49).
cost(18, 4, 35).
cost(18, 5, 59).
cost(18, 6, 27).
cost(18, 7, 63).
cost(18, 8, 33).
cost(18, 9, 54).
cost(18, 10, 30).
cost(18, 11, 41).
cost(18, 12, 38).
cost(18, 13, 49).
cost(18, 14, 42).
cost(18, 15, 35).
cost(18, 16, 61).
cost(18, 17, 21).
cost(18, 19, 41).
cost(18, 20, 16).
cost(18, 21, 24).
cost(18, 22, 22).
cost(18, 23, 41).
cost(18, 24, 40).
cost(18, 25, 14).
cost(18, 26, 27).
cost(19, 1, 70).
cost(19, 2, 12).
cost(19, 3, 8).
cost(19, 4, 72).
cost(19, 5, 19).
cost(19, 6, 67).
cost(19, 7, 26).
cost(19, 8, 28).
cost(19, 9, 37).
cost(19, 10, 71).
cost(19, 11, 8).
cost(19, 12, 74).
cost(19, 13, 28).
cost(19, 14, 2).
cost(19, 15, 62).
cost(19, 16, 31).
cost(19, 17, 59).
cost(19, 18, 41).
cost(19, 20, 56).
cost(19, 21, 63).
cost(19, 22, 63).
cost(19, 23, 22).
cost(19, 24, 12).
cost(19, 25, 49).
cost(19, 26, 62).
cost(20, 1, 24).
cost(20, 2, 48).
cost(20, 3, 64).
cost(20, 4, 21).
cost(20, 5, 74).
cost(20, 6, 11).
cost(20, 7, 79).
cost(20, 8, 48).
cost(20, 9, 69).
cost(20, 10, 15).
cost(20, 11, 55).
cost(20, 12, 33).
cost(20, 13, 65).
cost(20, 14, 57).
cost(20, 15, 27).
cost(20, 16, 76).
cost(20, 17, 19).
cost(20, 18, 16).
cost(20, 19, 56).
cost(20, 21, 17).
cost(20, 22, 9).
cost(20, 23, 57).
cost(20, 24, 56).
cost(20, 25, 10).
cost(20, 26, 15).
cost(21, 1, 8).
cost(21, 2, 53).
cost(21, 3, 71).
cost(21, 4, 32).
cost(21, 5, 80).
cost(21, 6, 20).
cost(21, 7, 83).
cost(21, 8, 48).
cost(21, 9, 67).
cost(21, 10, 17).
cost(21, 11, 65).
cost(21, 12, 16).
cost(21, 13, 65).
cost(21, 14, 64).
cost(21, 15, 43).
cost(21, 16, 78).
cost(21, 17, 6).
cost(21, 18, 24).
cost(21, 19, 63).
cost(21, 20, 17).
cost(21, 22, 10).
cost(21, 23, 58).
cost(21, 24, 60).
cost(21, 25, 26).
cost(21, 26, 30).
cost(22, 1, 16).
cost(22, 2, 54).
cost(22, 3, 71).
cost(22, 4, 22).
cost(22, 5, 81).
cost(22, 6, 11).
cost(22, 7, 85).
cost(22, 8, 52).
cost(22, 9, 72).
cost(22, 10, 9).
cost(22, 11, 63).
cost(22, 12, 25).
cost(22, 13, 69).
cost(22, 14, 64).
cost(22, 15, 33).
cost(22, 16, 81).
cost(22, 17, 15).
cost(22, 18, 22).
cost(22, 19, 63).
cost(22, 20, 9).
cost(22, 21, 10).
cost(22, 23, 61).
cost(22, 24, 62).
cost(22, 25, 19).
cost(22, 26, 20).
cost(23, 1, 62).
cost(23, 2, 16).
cost(23, 3, 25).
cost(23, 4, 77).
cost(23, 5, 28).
cost(23, 6, 68).
cost(23, 7, 27).
cost(23, 8, 11).
cost(23, 9, 16).
cost(23, 10, 70).
cost(23, 11, 31).
cost(23, 12, 65).
cost(23, 13, 8).
cost(23, 14, 21).
cost(23, 15, 72).
cost(23, 16, 20).
cost(23, 17, 52).
cost(23, 18, 41).
cost(23, 19, 22).
cost(23, 20, 57).
cost(23, 21, 58).
cost(23, 22, 61).
cost(23, 24, 10).
cost(23, 25, 54).
cost(23, 26, 67).
cost(24, 1, 65).
cost(24, 2, 9).
cost(24, 3, 15).
cost(24, 4, 74).
cost(24, 5, 21).
cost(24, 6, 67).
cost(24, 7, 24).
cost(24, 8, 18).
cost(24, 9, 25).
cost(24, 10, 70).
cost(24, 11, 21).
cost(24, 12, 69).
cost(24, 13, 16).
cost(24, 14, 11).
cost(24, 15, 67).
cost(24, 16, 22).
cost(24, 17, 55).
cost(24, 18, 40).
cost(24, 19, 12).
cost(24, 20, 56).
cost(24, 21, 60).
cost(24, 22, 62).
cost(24, 23, 10).
cost(24, 25, 51).
cost(24, 26, 65).
cost(25, 1, 33).
cost(25, 2, 43).
cost(25, 3, 58).
cost(25, 4, 23).
cost(25, 5, 68).
cost(25, 6, 18).
cost(25, 7, 74).
cost(25, 8, 47).
cost(25, 9, 68).
cost(25, 10, 24).
cost(25, 11, 48).
cost(25, 12, 42).
cost(25, 13, 62).
cost(25, 14, 51).
cost(25, 15, 21).
cost(25, 16, 73).
cost(25, 17, 26).
cost(25, 18, 14).
cost(25, 19, 49).
cost(25, 20, 10).
cost(25, 21, 26).
cost(25, 22, 19).
cost(25, 23, 54).
cost(25, 24, 51).
cost(25, 26, 13).
cost(26, 1, 36).
cost(26, 2, 56).
cost(26, 3, 70).
cost(26, 4, 11).
cost(26, 5, 80).
cost(26, 6, 12).
cost(26, 7, 87).
cost(26, 8, 60).
cost(26, 9, 81).
cost(26, 10, 19).
cost(26, 11, 59).
cost(26, 12, 45).
cost(26, 13, 75).
cost(26, 14, 63).
cost(26, 15, 13).
cost(26, 16, 86).
cost(26, 17, 33).
cost(26, 18, 27).
cost(26, 19, 62).
cost(26, 20, 15).
cost(26, 21, 30).
cost(26, 22, 20).
cost(26, 23, 67).
cost(26, 24, 65).
cost(26, 25, 13).
nocross(1,4).
nocross(1,10).
nocross(1,14).
nocross(1,17).
nocross(1,18).
nocross(1,20).
nocross(1,21).
nocross(1,22).
nocross(1,26).
nocross(2,1).
nocross(2,3).
nocross(2,5).
nocross(2,7).
nocross(2,8).
nocross(2,9).
nocross(2,11).
nocross(2,13).
nocross(2,14).
nocross(2,19).
nocross(2,23).
nocross(2,24).
nocross(3,2).
nocross(3,5).
nocross(3,7).
nocross(3,11).
nocross(3,14).
nocross(3,19).
nocross(3,23).
nocross(3,24).
nocross(4,1).
nocross(4,6).
nocross(4,10).
nocross(4,15).
nocross(4,20).
nocross(4,22).
nocross(4,25).
nocross(5,2).
nocross(5,3).
nocross(5,7).
nocross(5,11).
nocross(5,13).
nocross(5,14).
nocross(5,16).
nocross(5,19).
nocross(5,23).
nocross(5,24).
nocross(6,1).
nocross(6,4).
nocross(6,10).
nocross(6,12).
nocross(6,15).
nocross(6,17).
nocross(6,18).
nocross(6,20).
nocross(6,21).
nocross(6,22).
nocross(6,25).
nocross(6,26).
nocross(7,2).
nocross(7,3).
nocross(7,9).
nocross(7,11).
nocross(7,13).
nocross(7,14).
nocross(7,16).
nocross(7,19).
nocross(7,23).
nocross(7,24).
nocross(8,2).
nocross(8,9).
nocross(8,13).
nocross(8,14).
nocross(8,18).
nocross(8,19).
nocross(8,23).
nocross(8,24).
nocross(9,2).
nocross(9,7).
nocross(9,8).
nocross(9,13).
nocross(9,14).
nocross(9,16).
nocross(9,23).
nocross(9,24).
nocross(10,1).
nocross(10,4).
nocross(10,6).
nocross(10,17).
nocross(10,18).
nocross(10,20).
nocross(10,21).
nocross(10,22).
nocross(10,25).
nocross(10,26).
nocross(11,2).
nocross(11,3).
nocross(11,5).
nocross(11,7).
nocross(11,14).
nocross(11,19).
nocross(11,24).
nocross(12,21).
nocross(12,22).
nocross(13,1).
nocross(13,2).
nocross(13,3).
nocross(13,5).
nocross(13,7).
nocross(13,8).
nocross(13,9).
nocross(13,14).
nocross(13,16).
nocross(13,19).
nocross(13,23).
nocross(13,24).
nocross(14,2).
nocross(14,3).
nocross(14,5).
nocross(14,7).
nocross(14,11).
nocross(14,16).
nocross(14,23).
nocross(15,1).
nocross(15,4).
nocross(15,6).
nocross(15,18).
nocross(15,20).
nocross(15,25).
nocross(15,26).
nocross(16,2).
nocross(16,3).
nocross(16,5).
nocross(16,8).
nocross(16,9).
nocross(16,13).
nocross(16,14).
nocross(16,19).
nocross(16,23).
nocross(16,24).
nocross(17,6).
nocross(17,12).
nocross(17,18).
nocross(17,20).
nocross(17,25).
nocross(18,8).
nocross(18,14).
nocross(18,17).
nocross(18,19).
nocross(18,20).
nocross(18,22).
nocross(18,25).
nocross(18,26).
nocross(19,2).
nocross(19,3).
nocross(19,5).
nocross(19,7).
nocross(19,11).
nocross(19,13).
nocross(19,14).
nocross(19,23).
nocross(19,24).
nocross(20,1).
nocross(20,6).
nocross(20,10).
nocross(20,15).
nocross(20,17).
nocross(20,18).
nocross(20,21).
nocross(20,22).
nocross(20,25).
nocross(21,1).
nocross(21,4).
nocross(21,6).
nocross(21,10).
nocross(21,12).
nocross(21,18).
nocross(21,20).
nocross(21,22).
nocross(22,1).
nocross(22,4).
nocross(22,6).
nocross(22,10).
nocross(22,12).
nocross(22,17).
nocross(22,18).
nocross(22,20).
nocross(22,21).
nocross(22,26).
nocross(23,2).
nocross(23,3).
nocross(23,5).
nocross(23,7).
nocross(23,8).
nocross(23,9).
nocross(23,13).
nocross(23,14).
nocross(23,16).
nocross(23,19).
nocross(23,24).
nocross(24,1).
nocross(24,2).
nocross(24,3).
nocross(24,5).
nocross(24,7).
nocross(24,8).
nocross(24,9).
nocross(24,11).
nocross(24,13).
nocross(24,14).
nocross(24,19).
nocross(24,23).
nocross(25,4).
nocross(25,6).
nocross(25,15).
nocross(25,17).
nocross(25,18).
nocross(26,1).
nocross(26,4).
nocross(26,6).
nocross(26,15).
nocross(26,18).
nocross(26,20).
nocross(26,22).
nocross(26,25).
