dimension(26).
point(1, 34.7851386173, 21.8839071304).
point(2, 36.469993148, 39.7262211965).
point(3, 60.8430322164, 74.1135172466).
point(4, 85.3961329512, 42.8153293243).
point(5, 27.264984004, 45.6240519625).
point(6, 87.2376736874, 58.7924920727).
point(7, 91.633771049, 49.3606418567).
point(8, 63.2295390408, 32.5680939931).
point(9, 68.252177072, 69.2367671844).
point(10, 19.7646923614, 56.044302714).
point(11, 29.5148457212, 62.3788768498).
point(12, 25.2074517112, 22.9013387786).
point(13, 72.1254257362, 62.1442868046).
point(14, 38.8008794148, 42.0880782497).
point(15, 77.3388661515, 67.6276778076).
point(16, 47.0795425801, 53.3960253525).
point(17, 73.9372418621, 66.2191665379).
point(18, 90.3307999696, 53.9071019835).
point(19, 38.9161886061, 48.5678795207).
point(20, 78.3703009258, 65.881543135).
point(21, 82.319716537, 25.7383359966).
point(22, 26.8996832823, 45.3917335321).
point(23, 65.9939552999, 60.4760797225).
point(24, 23.0075934816, 60.3395378164).
point(25, 28.1779623114, 46.8786679835).
point(26, 40.4864232271, 68.2970498468).
cost(1, 2, 18).
cost(1, 3, 58).
cost(1, 4, 55).
cost(1, 5, 25).
cost(1, 6, 64).
cost(1, 7, 63).
cost(1, 8, 30).
cost(1, 9, 58).
cost(1, 10, 37).
cost(1, 11, 41).
cost(1, 12, 10).
cost(1, 13, 55).
cost(1, 14, 21).
cost(1, 15, 62).
cost(1, 16, 34).
cost(1, 17, 59).
cost(1, 18, 64).
cost(1, 19, 27).
cost(1, 20, 62).
cost(1, 21, 48).
cost(1, 22, 25).
cost(1, 23, 50).
cost(1, 24, 40).
cost(1, 25, 26).
cost(1, 26, 47).
cost(2, 1, 18).
cost(2, 3, 42).
cost(2, 4, 49).
cost(2, 5, 11).
cost(2, 6, 54).
cost(2, 7, 56).
cost(2, 8, 28).
cost(2, 9, 43).
cost(2, 10, 23).
cost(2, 11, 24).
cost(2, 12, 20).
cost(2, 13, 42).
cost(2, 14, 3).
cost(2, 15, 49).
cost(2, 16, 17).
cost(2, 17, 46).
cost(2, 18, 56).
cost(2, 19, 9).
cost(2, 20, 49).
cost(2, 21, 48).
cost(2, 22, 11).
cost(2, 23, 36).
cost(2, 24, 25).
cost(2, 25, 11).
cost(2, 26, 29).
cost(3, 1, 58).
cost(3, 2, 42).
cost(3, 4, 40).
cost(3, 5, 44).
cost(3, 6, 31).
cost(3, 7, 40).
cost(3, 8, 42).
cost(3, 9, 9).
cost(3, 10, 45).
cost(3, 11, 33).
cost(3, 12, 62).
cost(3, 13, 16).
cost(3, 14, 39).
cost(3, 15, 18).
cost(3, 16, 25).
cost(3, 17, 15).
cost(3, 18, 36).
cost(3, 19, 34).
cost(3, 20, 19).
cost(3, 21, 53).
cost(3, 22, 44).
cost(3, 23, 15).
cost(3, 24, 40).
cost(3, 25, 43).
cost(3, 26, 21).
cost(4, 1, 55).
cost(4, 2, 49).
cost(4, 3, 40).
cost(4, 5, 58).
cost(4, 6, 16).
cost(4, 7, 9).
cost(4, 8, 24).
cost(4, 9, 31).
cost(4, 10, 67).
cost(4, 11, 59).
cost(4, 12, 63).
cost(4, 13, 23).
cost(4, 14, 47).
cost(4, 15, 26).
cost(4, 16, 40).
cost(4, 17, 26).
cost(4, 18, 12).
cost(4, 19, 47).
cost(4, 20, 24).
cost(4, 21, 17).
cost(4, 22, 59).
cost(4, 23, 26).
cost(4, 24, 65).
cost(4, 25, 57).
cost(4, 26, 52).
cost(5, 1, 25).
cost(5, 2, 11).
cost(5, 3, 44).
cost(5, 4, 58).
cost(5, 6, 61).
cost(5, 7, 64).
cost(5, 8, 38).
cost(5, 9, 47).
cost(5, 10, 13).
cost(5, 11, 17).
cost(5, 12, 23).
cost(5, 13, 48).
cost(5, 14, 12).
cost(5, 15, 55).
cost(5, 16, 21).
cost(5, 17, 51).
cost(5, 18, 64).
cost(5, 19, 12).
cost(5, 20, 55).
cost(5, 21, 59).
cost(5, 22, 0).
cost(5, 23, 41).
cost(5, 24, 15).
cost(5, 25, 2).
cost(5, 26, 26).
cost(6, 1, 64).
cost(6, 2, 54).
cost(6, 3, 31).
cost(6, 4, 16).
cost(6, 5, 61).
cost(6, 7, 10).
cost(6, 8, 36).
cost(6, 9, 22).
cost(6, 10, 68).
cost(6, 11, 58).
cost(6, 12, 72).
cost(6, 13, 15).
cost(6, 14, 51).
cost(6, 15, 13).
cost(6, 16, 41).
cost(6, 17, 15).
cost(6, 18, 6).
cost(6, 19, 49).
cost(6, 20, 11).
cost(6, 21, 33).
cost(6, 22, 62).
cost(6, 23, 21).
cost(6, 24, 64).
cost(6, 25, 60).
cost(6, 26, 48).
cost(7, 1, 63).
cost(7, 2, 56).
cost(7, 3, 40).
cost(7, 4, 9).
cost(7, 5, 64).
cost(7, 6, 10).
cost(7, 8, 33).
cost(7, 9, 31).
cost(7, 10, 72).
cost(7, 11, 63).
cost(7, 12, 72).
cost(7, 13, 23).
cost(7, 14, 53).
cost(7, 15, 23).
cost(7, 16, 45).
cost(7, 17, 24).
cost(7, 18, 5).
cost(7, 19, 53).
cost(7, 20, 21).
cost(7, 21, 25).
cost(7, 22, 65).
cost(7, 23, 28).
cost(7, 24, 69).
cost(7, 25, 64).
cost(7, 26, 55).
cost(8, 1, 30).
cost(8, 2, 28).
cost(8, 3, 42).
cost(8, 4, 24).
cost(8, 5, 38).
cost(8, 6, 36).
cost(8, 7, 33).
cost(8, 9, 37).
cost(8, 10, 49).
cost(8, 11, 45).
cost(8, 12, 39).
cost(8, 13, 31).
cost(8, 14, 26).
cost(8, 15, 38).
cost(8, 16, 26).
cost(8, 17, 35).
cost(8, 18, 34).
cost(8, 19, 29).
cost(8, 20, 37).
cost(8, 21, 20).
cost(8, 22, 39).
cost(8, 23, 28).
cost(8, 24, 49).
cost(8, 25, 38).
cost(8, 26, 42).
cost(9, 1, 58).
cost(9, 2, 43).
cost(9, 3, 9).
cost(9, 4, 31).
cost(9, 5, 47).
cost(9, 6, 22).
cost(9, 7, 31).
cost(9, 8, 37).
cost(9, 10, 50).
cost(9, 11, 39).
cost(9, 12, 63).
cost(9, 13, 8).
cost(9, 14, 40).
cost(9, 15, 9).
cost(9, 16, 26).
cost(9, 17, 6).
cost(9, 18, 27).
cost(9, 19, 36).
cost(9, 20, 11).
cost(9, 21, 46).
cost(9, 22, 48).
cost(9, 23, 9).
cost(9, 24, 46).
cost(9, 25, 46).
cost(9, 26, 28).
cost(10, 1, 37).
cost(10, 2, 23).
cost(10, 3, 45).
cost(10, 4, 67).
cost(10, 5, 13).
cost(10, 6, 68).
cost(10, 7, 72).
cost(10, 8, 49).
cost(10, 9, 50).
cost(10, 11, 12).
cost(10, 12, 34).
cost(10, 13, 53).
cost(10, 14, 24).
cost(10, 15, 59).
cost(10, 16, 27).
cost(10, 17, 55).
cost(10, 18, 71).
cost(10, 19, 21).
cost(10, 20, 59).
cost(10, 21, 70).
cost(10, 22, 13).
cost(10, 23, 46).
cost(10, 24, 5).
cost(10, 25, 12).
cost(10, 26, 24).
cost(11, 1, 41).
cost(11, 2, 24).
cost(11, 3, 33).
cost(11, 4, 59).
cost(11, 5, 17).
cost(11, 6, 58).
cost(11, 7, 63).
cost(11, 8, 45).
cost(11, 9, 39).
cost(11, 10, 12).
cost(11, 12, 40).
cost(11, 13, 43).
cost(11, 14, 22).
cost(11, 15, 48).
cost(11, 16, 20).
cost(11, 17, 45).
cost(11, 18, 61).
cost(11, 19, 17).
cost(11, 20, 49).
cost(11, 21, 64).
cost(11, 22, 17).
cost(11, 23, 37).
cost(11, 24, 7).
cost(11, 25, 16).
cost(11, 26, 12).
cost(12, 1, 10).
cost(12, 2, 20).
cost(12, 3, 62).
cost(12, 4, 63).
cost(12, 5, 23).
cost(12, 6, 72).
cost(12, 7, 72).
cost(12, 8, 39).
cost(12, 9, 63).
cost(12, 10, 34).
cost(12, 11, 40).
cost(12, 13, 61).
cost(12, 14, 24).
cost(12, 15, 69).
cost(12, 16, 38).
cost(12, 17, 65).
cost(12, 18, 72).
cost(12, 19, 29).
cost(12, 20, 68).
cost(12, 21, 57).
cost(12, 22, 23).
cost(12, 23, 55).
cost(12, 24, 38).
cost(12, 25, 24).
cost(12, 26, 48).
cost(13, 1, 55).
cost(13, 2, 42).
cost(13, 3, 16).
cost(13, 4, 23).
cost(13, 5, 48).
cost(13, 6, 15).
cost(13, 7, 23).
cost(13, 8, 31).
cost(13, 9, 8).
cost(13, 10, 53).
cost(13, 11, 43).
cost(13, 12, 61).
cost(13, 14, 39).
cost(13, 15, 8).
cost(13, 16, 27).
cost(13, 17, 4).
cost(13, 18, 20).
cost(13, 19, 36).
cost(13, 20, 7).
cost(13, 21, 38).
cost(13, 22, 48).
cost(13, 23, 6).
cost(13, 24, 49).
cost(13, 25, 47).
cost(13, 26, 32).
cost(14, 1, 21).
cost(14, 2, 3).
cost(14, 3, 39).
cost(14, 4, 47).
cost(14, 5, 12).
cost(14, 6, 51).
cost(14, 7, 53).
cost(14, 8, 26).
cost(14, 9, 40).
cost(14, 10, 24).
cost(14, 11, 22).
cost(14, 12, 24).
cost(14, 13, 39).
cost(14, 15, 46).
cost(14, 16, 14).
cost(14, 17, 43).
cost(14, 18, 53).
cost(14, 19, 6).
cost(14, 20, 46).
cost(14, 21, 46).
cost(14, 22, 12).
cost(14, 23, 33).
cost(14, 24, 24).
cost(14, 25, 12).
cost(14, 26, 26).
cost(15, 1, 62).
cost(15, 2, 49).
cost(15, 3, 18).
cost(15, 4, 26).
cost(15, 5, 55).
cost(15, 6, 13).
cost(15, 7, 23).
cost(15, 8, 38).
cost(15, 9, 9).
cost(15, 10, 59).
cost(15, 11, 48).
cost(15, 12, 69).
cost(15, 13, 8).
cost(15, 14, 46).
cost(15, 16, 33).
cost(15, 17, 4).
cost(15, 18, 19).
cost(15, 19, 43).
cost(15, 20, 2).
cost(15, 21, 42).
cost(15, 22, 55).
cost(15, 23, 13).
cost(15, 24, 55).
cost(15, 25, 53).
cost(15, 26, 37).
cost(16, 1, 34).
cost(16, 2, 17).
cost(16, 3, 25).
cost(16, 4, 40).
cost(16, 5, 21).
cost(16, 6, 41).
cost(16, 7, 45).
cost(16, 8, 26).
cost(16, 9, 26).
cost(16, 10, 27).
cost(16, 11, 20).
cost(16, 12, 38).
cost(16, 13, 27).
cost(16, 14, 14).
cost(16, 15, 33).
cost(16, 17, 30).
cost(16, 18, 43).
cost(16, 19, 9).
cost(16, 20, 34).
cost(16, 21, 45).
cost(16, 22, 22).
cost(16, 23, 20).
cost(16, 24, 25).
cost(16, 25, 20).
cost(16, 26, 16).
cost(17, 1, 59).
cost(17, 2, 46).
cost(17, 3, 15).
cost(17, 4, 26).
cost(17, 5, 51).
cost(17, 6, 15).
cost(17, 7, 24).
cost(17, 8, 35).
cost(17, 9, 6).
cost(17, 10, 55).
cost(17, 11, 45).
cost(17, 12, 65).
cost(17, 13, 4).
cost(17, 14, 43).
cost(17, 15, 4).
cost(17, 16, 30).
cost(17, 18, 21).
cost(17, 19, 39).
cost(17, 20, 4).
cost(17, 21, 41).
cost(17, 22, 51).
cost(17, 23, 10).
cost(17, 24, 51).
cost(17, 25, 50).
cost(17, 26, 34).
cost(18, 1, 64).
cost(18, 2, 56).
cost(18, 3, 36).
cost(18, 4, 12).
cost(18, 5, 64).
cost(18, 6, 6).
cost(18, 7, 5).
cost(18, 8, 34).
cost(18, 9, 27).
cost(18, 10, 71).
cost(18, 11, 61).
cost(18, 12, 72).
cost(18, 13, 20).
cost(18, 14, 53).
cost(18, 15, 19).
cost(18, 16, 43).
cost(18, 17, 21).
cost(18, 19, 52).
cost(18, 20, 17).
cost(18, 21, 29).
cost(18, 22, 64).
cost(18, 23, 25).
cost(18, 24, 68).
cost(18, 25, 63).
cost(18, 26, 52).
cost(19, 1, 27).
cost(19, 2, 9).
cost(19, 3, 34).
cost(19, 4, 47).
cost(19, 5, 12).
cost(19, 6, 49).
cost(19, 7, 53).
cost(19, 8, 29).
cost(19, 9, 36).
cost(19, 10, 21).
cost(19, 11, 17).
cost(19, 12, 29).
cost(19, 13, 36).
cost(19, 14, 6).
cost(19, 15, 43).
cost(19, 16, 9).
cost(19, 17, 39).
cost(19, 18, 52).
cost(19, 20, 43).
cost(19, 21, 49).
cost(19, 22, 12).
cost(19, 23, 30).
cost(19, 24, 20).
cost(19, 25, 11).
cost(19, 26, 20).
cost(20, 1, 62).
cost(20, 2, 49).
cost(20, 3, 19).
cost(20, 4, 24).
cost(20, 5, 55).
cost(20, 6, 11).
cost(20, 7, 21).
cost(20, 8, 37).
cost(20, 9, 11).
cost(20, 10, 59).
cost(20, 11, 49).
cost(20, 12, 68).
cost(20, 13, 7).
cost(20, 14, 46).
cost(20, 15, 2).
cost(20, 16, 34).
cost(20, 17, 4).
cost(20, 18, 17).
cost(20, 19, 43).
cost(20, 21, 40).
cost(20, 22, 55).
cost(20, 23, 14).
cost(20, 24, 56).
cost(20, 25, 54).
cost(20, 26, 38).
cost(21, 1, 48).
cost(21, 2, 48).
cost(21, 3, 53).
cost(21, 4, 17).
cost(21, 5, 59).
cost(21, 6, 33).
cost(21, 7, 25).
cost(21, 8, 20).
cost(21, 9, 46).
cost(21, 10, 70).
cost(21, 11, 64).
cost(21, 12, 57).
cost(21, 13, 38).
cost(21, 14, 46).
cost(21, 15, 42).
cost(21, 16, 45).
cost(21, 17, 41).
cost(21, 18, 29).
cost(21, 19, 49).
cost(21, 20, 40).
cost(21, 22, 59).
cost(21, 23, 38).
cost(21, 24, 69).
cost(21, 25, 58).
cost(21, 26, 60).
cost(22, 1, 25).
cost(22, 2, 11).
cost(22, 3, 44).
cost(22, 4, 59).
cost(22, 5, 0).
cost(22, 6, 62).
cost(22, 7, 65).
cost(22, 8, 39).
cost(22, 9, 48).
cost(22, 10, 13).
cost(22, 11, 17).
cost(22, 12, 23).
cost(22, 13, 48).
cost(22, 14, 12).
cost(22, 15, 55).
cost(22, 16, 22).
cost(22, 17, 51).
cost(22, 18, 64).
cost(22, 19, 12).
cost(22, 20, 55).
cost(22, 21, 59).
cost(22, 23, 42).
cost(22, 24, 15).
cost(22, 25, 2).
cost(22, 26, 27).
cost(23, 1, 50).
cost(23, 2, 36).
cost(23, 3, 15).
cost(23, 4, 26).
cost(23, 5, 41).
cost(23, 6, 21).
cost(23, 7, 28).
cost(23, 8, 28).
cost(23, 9, 9).
cost(23, 10, 46).
cost(23, 11, 37).
cost(23, 12, 55).
cost(23, 13, 6).
cost(23, 14, 33).
cost(23, 15, 13).
cost(23, 16, 20).
cost(23, 17, 10).
cost(23, 18, 25).
cost(23, 19, 30).
cost(23, 20, 14).
cost(23, 21, 38).
cost(23, 22, 42).
cost(23, 24, 43).
cost(23, 25, 40).
cost(23, 26, 27).
cost(24, 1, 40).
cost(24, 2, 25).
cost(24, 3, 40).
cost(24, 4, 65).
cost(24, 5, 15).
cost(24, 6, 64).
cost(24, 7, 69).
cost(24, 8, 49).
cost(24, 9, 46).
cost(24, 10, 5).
cost(24, 11, 7).
cost(24, 12, 38).
cost(24, 13, 49).
cost(24, 14, 24).
cost(24, 15, 55).
cost(24, 16, 25).
cost(24, 17, 51).
cost(24, 18, 68).
cost(24, 19, 20).
cost(24, 20, 56).
cost(24, 21, 69).
cost(24, 22, 15).
cost(24, 23, 43).
cost(24, 25, 14).
cost(24, 26, 19).
cost(25, 1, 26).
cost(25, 2, 11).
cost(25, 3, 43).
cost(25, 4, 57).
cost(25, 5, 2).
cost(25, 6, 60).
cost(25, 7, 64).
cost(25, 8, 38).
cost(25, 9, 46).
cost(25, 10, 12).
cost(25, 11, 16).
cost(25, 12, 24).
cost(25, 13, 47).
cost(25, 14, 12).
cost(25, 15, 53).
cost(25, 16, 20).
cost(25, 17, 50).
cost(25, 18, 63).
cost(25, 19, 11).
cost(25, 20, 54).
cost(25, 21, 58).
cost(25, 22, 2).
cost(25, 23, 40).
cost(25, 24, 14).
cost(25, 26, 25).
cost(26, 1, 47).
cost(26, 2, 29).
cost(26, 3, 21).
cost(26, 4, 52).
cost(26, 5, 26).
cost(26, 6, 48).
cost(26, 7, 55).
cost(26, 8, 42).
cost(26, 9, 28).
cost(26, 10, 24).
cost(26, 11, 12).
cost(26, 12, 48).
cost(26, 13, 32).
cost(26, 14, 26).
cost(26, 15, 37).
cost(26, 16, 16).
cost(26, 17, 34).
cost(26, 18, 52).
cost(26, 19, 20).
cost(26, 20, 38).
cost(26, 21, 60).
cost(26, 22, 27).
cost(26, 23, 27).
cost(26, 24, 19).
cost(26, 25, 25).
nocross(1,2).
nocross(1,5).
nocross(1,12).
nocross(1,14).
nocross(1,22).
nocross(1,25).
nocross(2,1).
nocross(2,5).
nocross(2,8).
nocross(2,10).
nocross(2,14).
nocross(2,16).
nocross(2,19).
nocross(2,22).
nocross(2,24).
nocross(2,25).
nocross(3,6).
nocross(3,9).
nocross(3,11).
nocross(3,13).
nocross(3,15).
nocross(3,16).
nocross(3,17).
nocross(3,20).
nocross(3,23).
nocross(3,26).
nocross(4,6).
nocross(4,7).
nocross(4,8).
nocross(4,13).
nocross(4,15).
nocross(4,17).
nocross(4,20).
nocross(4,21).
nocross(4,23).
nocross(5,1).
nocross(5,2).
nocross(5,10).
nocross(5,11).
nocross(5,12).
nocross(5,14).
nocross(5,16).
nocross(5,19).
nocross(5,22).
nocross(5,24).
nocross(5,25).
nocross(6,4).
nocross(6,9).
nocross(6,13).
nocross(6,15).
nocross(6,17).
nocross(6,18).
nocross(6,20).
nocross(7,4).
nocross(7,9).
nocross(7,13).
nocross(7,15).
nocross(7,18).
nocross(7,20).
nocross(7,21).
nocross(7,23).
nocross(8,1).
nocross(8,2).
nocross(8,4).
nocross(8,6).
nocross(8,7).
nocross(8,14).
nocross(8,15).
nocross(8,16).
nocross(8,17).
nocross(8,18).
nocross(8,21).
nocross(8,23).
nocross(9,3).
nocross(9,6).
nocross(9,7).
nocross(9,13).
nocross(9,15).
nocross(9,16).
nocross(9,17).
nocross(9,18).
nocross(9,20).
nocross(9,23).
nocross(9,26).
nocross(10,2).
nocross(10,5).
nocross(10,14).
nocross(10,16).
nocross(10,19).
nocross(10,22).
nocross(10,25).
nocross(10,26).
nocross(11,2).
nocross(11,5).
nocross(11,10).
nocross(11,16).
nocross(11,17).
nocross(11,24).
nocross(11,25).
nocross(11,26).
nocross(12,1).
nocross(12,2).
nocross(12,5).
nocross(12,22).
nocross(12,25).
nocross(13,6).
nocross(13,7).
nocross(13,15).
nocross(13,16).
nocross(13,17).
nocross(13,18).
nocross(13,20).
nocross(13,23).
nocross(14,1).
nocross(14,2).
nocross(14,5).
nocross(14,8).
nocross(14,10).
nocross(14,16).
nocross(14,19).
nocross(14,22).
nocross(14,24).
nocross(14,25).
nocross(15,3).
nocross(15,7).
nocross(15,13).
nocross(15,17).
nocross(15,18).
nocross(15,20).
nocross(16,1).
nocross(16,2).
nocross(16,3).
nocross(16,5).
nocross(16,10).
nocross(16,11).
nocross(16,13).
nocross(16,14).
nocross(16,15).
nocross(16,17).
nocross(16,19).
nocross(16,20).
nocross(16,23).
nocross(16,24).
nocross(16,25).
nocross(16,26).
nocross(17,3).
nocross(17,7).
nocross(17,18).
nocross(17,23).
nocross(18,4).
nocross(18,6).
nocross(18,7).
nocross(18,13).
nocross(18,17).
nocross(18,23).
nocross(19,2).
nocross(19,5).
nocross(19,10).
nocross(19,11).
nocross(19,13).
nocross(19,14).
nocross(19,16).
nocross(19,17).
nocross(19,22).
nocross(19,23).
nocross(19,24).
nocross(19,25).
nocross(19,26).
nocross(20,7).
nocross(20,13).
nocross(20,15).
nocross(20,17).
nocross(20,18).
nocross(21,4).
nocross(21,6).
nocross(21,7).
nocross(21,8).
nocross(21,17).
nocross(22,1).
nocross(22,2).
nocross(22,5).
nocross(22,10).
nocross(22,11).
nocross(22,12).
nocross(22,14).
nocross(22,16).
nocross(22,19).
nocross(22,24).
nocross(22,25).
nocross(23,6).
nocross(23,7).
nocross(23,9).
nocross(23,13).
nocross(23,15).
nocross(23,16).
nocross(23,17).
nocross(23,18).
nocross(23,19).
nocross(23,20).
nocross(24,2).
nocross(24,5).
nocross(24,11).
nocross(24,14).
nocross(24,16).
nocross(24,19).
nocross(24,26).
nocross(25,1).
nocross(25,2).
nocross(25,5).
nocross(25,10).
nocross(25,11).
nocross(25,12).
nocross(25,14).
nocross(25,16).
nocross(25,17).
nocross(25,22).
nocross(25,24).
nocross(26,2).
nocross(26,3).
nocross(26,5).
nocross(26,10).
nocross(26,11).
nocross(26,16).
nocross(26,17).
nocross(26,22).
nocross(26,23).
nocross(26,24).
nocross(26,25).
