dimension(26).
point(1, 62.348583083, 71.523285669).
point(2, 2.305140156, 66.1239087985).
point(3, 18.9603920318, 47.4148989024).
point(4, 15.989705789, 47.5281896848).
point(5, 76.4848269767, 70.6178000338).
point(6, 21.4236708137, 24.534713851).
point(7, 70.0464879202, 91.2786630974).
point(8, 88.1127840311, 79.1820803619).
point(9, 89.0442867642, 67.1886283483).
point(10, 5.7792247641, 72.9062485629).
point(11, 71.3397529744, 67.9519233344).
point(12, 17.9267123866, 53.8931189904).
point(13, 9.1192721037, 38.8451063299).
point(14, 51.4759996476, 17.5461224217).
point(15, 47.8977064439, 95.4921082717).
point(16, 28.099494023, 30.9365944555).
point(17, 92.125568693, 74.7146524405).
point(18, 29.6962996917, 29.0957513104).
point(19, 93.7949733169, 93.7972920007).
point(20, 41.430241544, 22.4371280761).
point(21, 70.559655026, 92.893068724).
point(22, 97.1180095458, 93.1851446433).
point(23, 54.5432761824, 78.3498045182).
point(24, 37.2306464643, 55.4535430514).
point(25, 37.369444319, 38.8932236993).
point(26, 80.7763629827, 86.6312504328).
cost(1, 2, 60).
cost(1, 3, 50).
cost(1, 4, 52).
cost(1, 5, 14).
cost(1, 6, 62).
cost(1, 7, 21).
cost(1, 8, 27).
cost(1, 9, 27).
cost(1, 10, 57).
cost(1, 11, 10).
cost(1, 12, 48).
cost(1, 13, 62).
cost(1, 14, 55).
cost(1, 15, 28).
cost(1, 16, 53).
cost(1, 17, 30).
cost(1, 18, 54).
cost(1, 19, 39).
cost(1, 20, 53).
cost(1, 21, 23).
cost(1, 22, 41).
cost(1, 23, 10).
cost(1, 24, 30).
cost(1, 25, 41).
cost(1, 26, 24).
cost(2, 1, 60).
cost(2, 3, 25).
cost(2, 4, 23).
cost(2, 5, 74).
cost(2, 6, 46).
cost(2, 7, 72).
cost(2, 8, 87).
cost(2, 9, 87).
cost(2, 10, 8).
cost(2, 11, 69).
cost(2, 12, 20).
cost(2, 13, 28).
cost(2, 14, 69).
cost(2, 15, 54).
cost(2, 16, 44).
cost(2, 17, 90).
cost(2, 18, 46).
cost(2, 19, 96).
cost(2, 20, 59).
cost(2, 21, 73).
cost(2, 22, 99).
cost(2, 23, 54).
cost(2, 24, 37).
cost(2, 25, 44).
cost(2, 26, 81).
cost(3, 1, 50).
cost(3, 2, 25).
cost(3, 4, 3).
cost(3, 5, 62).
cost(3, 6, 23).
cost(3, 7, 67).
cost(3, 8, 76).
cost(3, 9, 73).
cost(3, 10, 29).
cost(3, 11, 56).
cost(3, 12, 7).
cost(3, 13, 13).
cost(3, 14, 44).
cost(3, 15, 56).
cost(3, 16, 19).
cost(3, 17, 78).
cost(3, 18, 21).
cost(3, 19, 88).
cost(3, 20, 34).
cost(3, 21, 69).
cost(3, 22, 91).
cost(3, 23, 47).
cost(3, 24, 20).
cost(3, 25, 20).
cost(3, 26, 73).
cost(4, 1, 52).
cost(4, 2, 23).
cost(4, 3, 3).
cost(4, 5, 65).
cost(4, 6, 24).
cost(4, 7, 70).
cost(4, 8, 79).
cost(4, 9, 76).
cost(4, 10, 27).
cost(4, 11, 59).
cost(4, 12, 7).
cost(4, 13, 11).
cost(4, 14, 46).
cost(4, 15, 58).
cost(4, 16, 21).
cost(4, 17, 81).
cost(4, 18, 23).
cost(4, 19, 91).
cost(4, 20, 36).
cost(4, 21, 71).
cost(4, 22, 93).
cost(4, 23, 49).
cost(4, 24, 23).
cost(4, 25, 23).
cost(4, 26, 76).
cost(5, 1, 14).
cost(5, 2, 74).
cost(5, 3, 62).
cost(5, 4, 65).
cost(5, 6, 72).
cost(5, 7, 22).
cost(5, 8, 14).
cost(5, 9, 13).
cost(5, 10, 71).
cost(5, 11, 6).
cost(5, 12, 61).
cost(5, 13, 74).
cost(5, 14, 59).
cost(5, 15, 38).
cost(5, 16, 63).
cost(5, 17, 16).
cost(5, 18, 63).
cost(5, 19, 29).
cost(5, 20, 60).
cost(5, 21, 23).
cost(5, 22, 31).
cost(5, 23, 23).
cost(5, 24, 42).
cost(5, 25, 50).
cost(5, 26, 17).
cost(6, 1, 62).
cost(6, 2, 46).
cost(6, 3, 23).
cost(6, 4, 24).
cost(6, 5, 72).
cost(6, 7, 83).
cost(6, 8, 86).
cost(6, 9, 80).
cost(6, 10, 51).
cost(6, 11, 66).
cost(6, 12, 30).
cost(6, 13, 19).
cost(6, 14, 31).
cost(6, 15, 76).
cost(6, 16, 9).
cost(6, 17, 87).
cost(6, 18, 9).
cost(6, 19, 100).
cost(6, 20, 20).
cost(6, 21, 84).
cost(6, 22, 102).
cost(6, 23, 63).
cost(6, 24, 35).
cost(6, 25, 21).
cost(6, 26, 86).
cost(7, 1, 21).
cost(7, 2, 72).
cost(7, 3, 67).
cost(7, 4, 70).
cost(7, 5, 22).
cost(7, 6, 83).
cost(7, 8, 22).
cost(7, 9, 31).
cost(7, 10, 67).
cost(7, 11, 23).
cost(7, 12, 64).
cost(7, 13, 80).
cost(7, 14, 76).
cost(7, 15, 23).
cost(7, 16, 73).
cost(7, 17, 28).
cost(7, 18, 74).
cost(7, 19, 24).
cost(7, 20, 75).
cost(7, 21, 2).
cost(7, 22, 27).
cost(7, 23, 20).
cost(7, 24, 49).
cost(7, 25, 62).
cost(7, 26, 12).
cost(8, 1, 27).
cost(8, 2, 87).
cost(8, 3, 76).
cost(8, 4, 79).
cost(8, 5, 14).
cost(8, 6, 86).
cost(8, 7, 22).
cost(8, 9, 12).
cost(8, 10, 83).
cost(8, 11, 20).
cost(8, 12, 75).
cost(8, 13, 89).
cost(8, 14, 72).
cost(8, 15, 43).
cost(8, 16, 77).
cost(8, 17, 6).
cost(8, 18, 77).
cost(8, 19, 16).
cost(8, 20, 73).
cost(8, 21, 22).
cost(8, 22, 17).
cost(8, 23, 34).
cost(8, 24, 56).
cost(8, 25, 65).
cost(8, 26, 10).
cost(9, 1, 27).
cost(9, 2, 87).
cost(9, 3, 73).
cost(9, 4, 76).
cost(9, 5, 13).
cost(9, 6, 80).
cost(9, 7, 31).
cost(9, 8, 12).
cost(9, 10, 83).
cost(9, 11, 18).
cost(9, 12, 72).
cost(9, 13, 85).
cost(9, 14, 62).
cost(9, 15, 50).
cost(9, 16, 71).
cost(9, 17, 8).
cost(9, 18, 71).
cost(9, 19, 27).
cost(9, 20, 65).
cost(9, 21, 32).
cost(9, 22, 27).
cost(9, 23, 36).
cost(9, 24, 53).
cost(9, 25, 59).
cost(9, 26, 21).
cost(10, 1, 57).
cost(10, 2, 8).
cost(10, 3, 29).
cost(10, 4, 27).
cost(10, 5, 71).
cost(10, 6, 51).
cost(10, 7, 67).
cost(10, 8, 83).
cost(10, 9, 83).
cost(10, 11, 66).
cost(10, 12, 23).
cost(10, 13, 34).
cost(10, 14, 72).
cost(10, 15, 48).
cost(10, 16, 48).
cost(10, 17, 86).
cost(10, 18, 50).
cost(10, 19, 90).
cost(10, 20, 62).
cost(10, 21, 68).
cost(10, 22, 94).
cost(10, 23, 49).
cost(10, 24, 36).
cost(10, 25, 46).
cost(10, 26, 76).
cost(11, 1, 10).
cost(11, 2, 69).
cost(11, 3, 56).
cost(11, 4, 59).
cost(11, 5, 6).
cost(11, 6, 66).
cost(11, 7, 23).
cost(11, 8, 20).
cost(11, 9, 18).
cost(11, 10, 66).
cost(11, 12, 55).
cost(11, 13, 69).
cost(11, 14, 54).
cost(11, 15, 36).
cost(11, 16, 57).
cost(11, 17, 22).
cost(11, 18, 57).
cost(11, 19, 34).
cost(11, 20, 54).
cost(11, 21, 25).
cost(11, 22, 36).
cost(11, 23, 20).
cost(11, 24, 36).
cost(11, 25, 45).
cost(11, 26, 21).
cost(12, 1, 48).
cost(12, 2, 20).
cost(12, 3, 7).
cost(12, 4, 7).
cost(12, 5, 61).
cost(12, 6, 30).
cost(12, 7, 64).
cost(12, 8, 75).
cost(12, 9, 72).
cost(12, 10, 23).
cost(12, 11, 55).
cost(12, 13, 17).
cost(12, 14, 49).
cost(12, 15, 51).
cost(12, 16, 25).
cost(12, 17, 77).
cost(12, 18, 27).
cost(12, 19, 86).
cost(12, 20, 39).
cost(12, 21, 66).
cost(12, 22, 88).
cost(12, 23, 44).
cost(12, 24, 19).
cost(12, 25, 25).
cost(12, 26, 71).
cost(13, 1, 62).
cost(13, 2, 28).
cost(13, 3, 13).
cost(13, 4, 11).
cost(13, 5, 74).
cost(13, 6, 19).
cost(13, 7, 80).
cost(13, 8, 89).
cost(13, 9, 85).
cost(13, 10, 34).
cost(13, 11, 69).
cost(13, 12, 17).
cost(13, 14, 47).
cost(13, 15, 69).
cost(13, 16, 21).
cost(13, 17, 90).
cost(13, 18, 23).
cost(13, 19, 101).
cost(13, 20, 36).
cost(13, 21, 82).
cost(13, 22, 103).
cost(13, 23, 60).
cost(13, 24, 33).
cost(13, 25, 28).
cost(13, 26, 86).
cost(14, 1, 55).
cost(14, 2, 69).
cost(14, 3, 44).
cost(14, 4, 46).
cost(14, 5, 59).
cost(14, 6, 31).
cost(14, 7, 76).
cost(14, 8, 72).
cost(14, 9, 62).
cost(14, 10, 72).
cost(14, 11, 54).
cost(14, 12, 49).
cost(14, 13, 47).
cost(14, 15, 78).
cost(14, 16, 27).
cost(14, 17, 70).
cost(14, 18, 25).
cost(14, 19, 87).
cost(14, 20, 11).
cost(14, 21, 78).
cost(14, 22, 88).
cost(14, 23, 61).
cost(14, 24, 40).
cost(14, 25, 26).
cost(14, 26, 75).
cost(15, 1, 28).
cost(15, 2, 54).
cost(15, 3, 56).
cost(15, 4, 58).
cost(15, 5, 38).
cost(15, 6, 76).
cost(15, 7, 23).
cost(15, 8, 43).
cost(15, 9, 50).
cost(15, 10, 48).
cost(15, 11, 36).
cost(15, 12, 51).
cost(15, 13, 69).
cost(15, 14, 78).
cost(15, 16, 68).
cost(15, 17, 49).
cost(15, 18, 69).
cost(15, 19, 46).
cost(15, 20, 73).
cost(15, 21, 23).
cost(15, 22, 49).
cost(15, 23, 18).
cost(15, 24, 41).
cost(15, 25, 58).
cost(15, 26, 34).
cost(16, 1, 53).
cost(16, 2, 44).
cost(16, 3, 19).
cost(16, 4, 21).
cost(16, 5, 63).
cost(16, 6, 9).
cost(16, 7, 73).
cost(16, 8, 77).
cost(16, 9, 71).
cost(16, 10, 48).
cost(16, 11, 57).
cost(16, 12, 25).
cost(16, 13, 21).
cost(16, 14, 27).
cost(16, 15, 68).
cost(16, 17, 78).
cost(16, 18, 2).
cost(16, 19, 91).
cost(16, 20, 16).
cost(16, 21, 75).
cost(16, 22, 93).
cost(16, 23, 54).
cost(16, 24, 26).
cost(16, 25, 12).
cost(16, 26, 77).
cost(17, 1, 30).
cost(17, 2, 90).
cost(17, 3, 78).
cost(17, 4, 81).
cost(17, 5, 16).
cost(17, 6, 87).
cost(17, 7, 28).
cost(17, 8, 6).
cost(17, 9, 8).
cost(17, 10, 86).
cost(17, 11, 22).
cost(17, 12, 77).
cost(17, 13, 90).
cost(17, 14, 70).
cost(17, 15, 49).
cost(17, 16, 78).
cost(17, 18, 77).
cost(17, 19, 19).
cost(17, 20, 73).
cost(17, 21, 28).
cost(17, 22, 19).
cost(17, 23, 38).
cost(17, 24, 58).
cost(17, 25, 65).
cost(17, 26, 16).
cost(18, 1, 54).
cost(18, 2, 46).
cost(18, 3, 21).
cost(18, 4, 23).
cost(18, 5, 63).
cost(18, 6, 9).
cost(18, 7, 74).
cost(18, 8, 77).
cost(18, 9, 71).
cost(18, 10, 50).
cost(18, 11, 57).
cost(18, 12, 27).
cost(18, 13, 23).
cost(18, 14, 25).
cost(18, 15, 69).
cost(18, 16, 2).
cost(18, 17, 77).
cost(18, 19, 91).
cost(18, 20, 13).
cost(18, 21, 76).
cost(18, 22, 93).
cost(18, 23, 55).
cost(18, 24, 27).
cost(18, 25, 12).
cost(18, 26, 77).
cost(19, 1, 39).
cost(19, 2, 96).
cost(19, 3, 88).
cost(19, 4, 91).
cost(19, 5, 29).
cost(19, 6, 100).
cost(19, 7, 24).
cost(19, 8, 16).
cost(19, 9, 27).
cost(19, 10, 90).
cost(19, 11, 34).
cost(19, 12, 86).
cost(19, 13, 101).
cost(19, 14, 87).
cost(19, 15, 46).
cost(19, 16, 91).
cost(19, 17, 19).
cost(19, 18, 91).
cost(19, 20, 89).
cost(19, 21, 23).
cost(19, 22, 3).
cost(19, 23, 42).
cost(19, 24, 68).
cost(19, 25, 79).
cost(19, 26, 15).
cost(20, 1, 53).
cost(20, 2, 59).
cost(20, 3, 34).
cost(20, 4, 36).
cost(20, 5, 60).
cost(20, 6, 20).
cost(20, 7, 75).
cost(20, 8, 73).
cost(20, 9, 65).
cost(20, 10, 62).
cost(20, 11, 54).
cost(20, 12, 39).
cost(20, 13, 36).
cost(20, 14, 11).
cost(20, 15, 73).
cost(20, 16, 16).
cost(20, 17, 73).
cost(20, 18, 13).
cost(20, 19, 89).
cost(20, 21, 76).
cost(20, 22, 90).
cost(20, 23, 57).
cost(20, 24, 33).
cost(20, 25, 17).
cost(20, 26, 75).
cost(21, 1, 23).
cost(21, 2, 73).
cost(21, 3, 69).
cost(21, 4, 71).
cost(21, 5, 23).
cost(21, 6, 84).
cost(21, 7, 2).
cost(21, 8, 22).
cost(21, 9, 32).
cost(21, 10, 68).
cost(21, 11, 25).
cost(21, 12, 66).
cost(21, 13, 82).
cost(21, 14, 78).
cost(21, 15, 23).
cost(21, 16, 75).
cost(21, 17, 28).
cost(21, 18, 76).
cost(21, 19, 23).
cost(21, 20, 76).
cost(21, 22, 27).
cost(21, 23, 22).
cost(21, 24, 50).
cost(21, 25, 63).
cost(21, 26, 12).
cost(22, 1, 41).
cost(22, 2, 99).
cost(22, 3, 91).
cost(22, 4, 93).
cost(22, 5, 31).
cost(22, 6, 102).
cost(22, 7, 27).
cost(22, 8, 17).
cost(22, 9, 27).
cost(22, 10, 94).
cost(22, 11, 36).
cost(22, 12, 88).
cost(22, 13, 103).
cost(22, 14, 88).
cost(22, 15, 49).
cost(22, 16, 93).
cost(22, 17, 19).
cost(22, 18, 93).
cost(22, 19, 3).
cost(22, 20, 90).
cost(22, 21, 27).
cost(22, 23, 45).
cost(22, 24, 71).
cost(22, 25, 81).
cost(22, 26, 18).
cost(23, 1, 10).
cost(23, 2, 54).
cost(23, 3, 47).
cost(23, 4, 49).
cost(23, 5, 23).
cost(23, 6, 63).
cost(23, 7, 20).
cost(23, 8, 34).
cost(23, 9, 36).
cost(23, 10, 49).
cost(23, 11, 20).
cost(23, 12, 44).
cost(23, 13, 60).
cost(23, 14, 61).
cost(23, 15, 18).
cost(23, 16, 54).
cost(23, 17, 38).
cost(23, 18, 55).
cost(23, 19, 42).
cost(23, 20, 57).
cost(23, 21, 22).
cost(23, 22, 45).
cost(23, 24, 29).
cost(23, 25, 43).
cost(23, 26, 28).
cost(24, 1, 30).
cost(24, 2, 37).
cost(24, 3, 20).
cost(24, 4, 23).
cost(24, 5, 42).
cost(24, 6, 35).
cost(24, 7, 49).
cost(24, 8, 56).
cost(24, 9, 53).
cost(24, 10, 36).
cost(24, 11, 36).
cost(24, 12, 19).
cost(24, 13, 33).
cost(24, 14, 40).
cost(24, 15, 41).
cost(24, 16, 26).
cost(24, 17, 58).
cost(24, 18, 27).
cost(24, 19, 68).
cost(24, 20, 33).
cost(24, 21, 50).
cost(24, 22, 71).
cost(24, 23, 29).
cost(24, 25, 17).
cost(24, 26, 54).
cost(25, 1, 41).
cost(25, 2, 44).
cost(25, 3, 20).
cost(25, 4, 23).
cost(25, 5, 50).
cost(25, 6, 21).
cost(25, 7, 62).
cost(25, 8, 65).
cost(25, 9, 59).
cost(25, 10, 46).
cost(25, 11, 45).
cost(25, 12, 25).
cost(25, 13, 28).
cost(25, 14, 26).
cost(25, 15, 58).
cost(25, 16, 12).
cost(25, 17, 65).
cost(25, 18, 12).
cost(25, 19, 79).
cost(25, 20, 17).
cost(25, 21, 63).
cost(25, 22, 81).
cost(25, 23, 43).
cost(25, 24, 17).
cost(25, 26, 65).
cost(26, 1, 24).
cost(26, 2, 81).
cost(26, 3, 73).
cost(26, 4, 76).
cost(26, 5, 17).
cost(26, 6, 86).
cost(26, 7, 12).
cost(26, 8, 10).
cost(26, 9, 21).
cost(26, 10, 76).
cost(26, 11, 21).
cost(26, 12, 71).
cost(26, 13, 86).
cost(26, 14, 75).
cost(26, 15, 34).
cost(26, 16, 77).
cost(26, 17, 16).
cost(26, 18, 77).
cost(26, 19, 15).
cost(26, 20, 75).
cost(26, 21, 12).
cost(26, 22, 18).
cost(26, 23, 28).
cost(26, 24, 54).
cost(26, 25, 65).
nocross(1,3).
nocross(1,5).
nocross(1,7).
nocross(1,8).
nocross(1,9).
nocross(1,11).
nocross(1,12).
nocross(1,15).
nocross(1,17).
nocross(1,23).
nocross(1,24).
nocross(1,25).
nocross(1,26).
nocross(2,3).
nocross(2,4).
nocross(2,10).
nocross(2,12).
nocross(2,13).
nocross(2,24).
nocross(3,2).
nocross(3,4).
nocross(3,10).
nocross(3,12).
nocross(3,13).
nocross(3,16).
nocross(3,18).
nocross(3,24).
nocross(3,25).
nocross(4,2).
nocross(4,3).
nocross(4,10).
nocross(4,12).
nocross(4,13).
nocross(4,16).
nocross(4,18).
nocross(4,24).
nocross(4,25).
nocross(5,1).
nocross(5,7).
nocross(5,8).
nocross(5,9).
nocross(5,11).
nocross(5,15).
nocross(5,17).
nocross(5,19).
nocross(5,21).
nocross(5,22).
nocross(5,23).
nocross(5,26).
nocross(6,2).
nocross(6,3).
nocross(6,4).
nocross(6,13).
nocross(6,14).
nocross(6,16).
nocross(6,18).
nocross(6,25).
nocross(7,1).
nocross(7,5).
nocross(7,8).
nocross(7,11).
nocross(7,15).
nocross(7,17).
nocross(7,21).
nocross(7,22).
nocross(7,23).
nocross(7,26).
nocross(8,1).
nocross(8,5).
nocross(8,7).
nocross(8,9).
nocross(8,11).
nocross(8,15).
nocross(8,17).
nocross(8,19).
nocross(8,21).
nocross(8,22).
nocross(8,23).
nocross(8,26).
nocross(9,1).
nocross(9,5).
nocross(9,7).
nocross(9,8).
nocross(9,15).
nocross(9,17).
nocross(9,19).
nocross(9,22).
nocross(9,23).
nocross(9,26).
nocross(10,2).
nocross(10,3).
nocross(10,12).
nocross(10,13).
nocross(10,15).
nocross(11,1).
nocross(11,5).
nocross(11,7).
nocross(11,9).
nocross(11,15).
nocross(11,21).
nocross(11,23).
nocross(11,24).
nocross(11,26).
nocross(12,1).
nocross(12,2).
nocross(12,3).
nocross(12,4).
nocross(12,13).
nocross(12,15).
nocross(12,16).
nocross(12,25).
nocross(13,2).
nocross(13,4).
nocross(13,6).
nocross(13,10).
nocross(13,12).
nocross(13,16).
nocross(13,18).
nocross(13,20).
nocross(13,24).
nocross(14,3).
nocross(14,4).
nocross(14,7).
nocross(14,16).
nocross(14,20).
nocross(14,25).
nocross(15,1).
nocross(15,3).
nocross(15,7).
nocross(15,10).
nocross(15,19).
nocross(15,21).
nocross(15,22).
nocross(15,23).
nocross(15,26).
nocross(16,3).
nocross(16,4).
nocross(16,6).
nocross(16,12).
nocross(16,13).
nocross(16,18).
nocross(16,20).
nocross(16,24).
nocross(16,25).
nocross(17,1).
nocross(17,5).
nocross(17,7).
nocross(17,8).
nocross(17,9).
nocross(17,11).
nocross(17,15).
nocross(17,21).
nocross(17,22).
nocross(17,23).
nocross(18,3).
nocross(18,4).
nocross(18,6).
nocross(18,14).
nocross(18,16).
nocross(18,20).
nocross(18,24).
nocross(18,25).
nocross(19,1).
nocross(19,7).
nocross(19,8).
nocross(19,17).
nocross(19,21).
nocross(19,23).
nocross(19,26).
nocross(20,3).
nocross(20,4).
nocross(20,13).
nocross(20,14).
nocross(20,16).
nocross(20,18).
nocross(20,25).
nocross(21,1).
nocross(21,5).
nocross(21,7).
nocross(21,8).
nocross(21,11).
nocross(21,15).
nocross(21,19).
nocross(21,22).
nocross(21,23).
nocross(21,26).
nocross(22,1).
nocross(22,7).
nocross(22,8).
nocross(22,17).
nocross(22,21).
nocross(22,26).
nocross(23,1).
nocross(23,3).
nocross(23,5).
nocross(23,7).
nocross(23,8).
nocross(23,10).
nocross(23,11).
nocross(23,12).
nocross(23,15).
nocross(23,21).
nocross(23,24).
nocross(24,1).
nocross(24,2).
nocross(24,3).
nocross(24,4).
nocross(24,5).
nocross(24,6).
nocross(24,10).
nocross(24,11).
nocross(24,12).
nocross(24,13).
nocross(24,14).
nocross(24,15).
nocross(24,16).
nocross(24,18).
nocross(24,23).
nocross(25,1).
nocross(25,2).
nocross(25,3).
nocross(25,4).
nocross(25,6).
nocross(25,10).
nocross(25,12).
nocross(25,13).
nocross(25,14).
nocross(25,16).
nocross(25,18).
nocross(25,20).
nocross(25,24).
nocross(26,1).
nocross(26,5).
nocross(26,7).
nocross(26,8).
nocross(26,9).
nocross(26,11).
nocross(26,15).
nocross(26,17).
nocross(26,19).
nocross(26,21).
nocross(26,22).
nocross(26,23).
