dimension(26).
point(1, 14.5870275656, 83.9938098821).
point(2, 11.9228124327, 92.1299738102).
point(3, 22.408051963, 89.8053427402).
point(4, 7.8613395629, 86.0484974186).
point(5, 15.1103443859, 84.6248096739).
point(6, 41.3026502252, 47.0894890911).
point(7, 58.0338492973, 54.0891072677).
point(8, 55.6243856379, 53.1008806127).
point(9, 47.8426058124, 59.3623249114).
point(10, 52.6982516789, 57.3506767899).
point(11, 76.6522323758, 5.1347932452).
point(12, 77.1006357245, 3.8871117236).
point(13, 68.2068076928, 0.6642347582).
point(14, 82.438944722, 4.2079610029).
point(15, 71.5681846428, 5.3833207358).
point(16, 97.6252255821, 45.0539576285).
point(17, 77.5577749177, 39.5093168355).
point(18, 86.7491270546, 39.7702013062).
point(19, 85.9832654238, 29.7857247624).
point(20, 90.07743409, 38.4039491209).
point(21, 23.305204152, 63.2853354827).
point(22, 23.9497964655, 69.0499087277).
point(23, 26.6884029169, 58.7034424869).
point(24, 29.8959900999, 60.4951220138).
point(25, 35.3622127454, 51.8832614091).
point(26, 31.2595333368, 64.5145079013).
cost(1, 2, 9).
cost(1, 3, 10).
cost(1, 4, 7).
cost(1, 5, 1).
cost(1, 6, 46).
cost(1, 7, 53).
cost(1, 8, 51).
cost(1, 9, 41).
cost(1, 10, 47).
cost(1, 11, 100).
cost(1, 12, 102).
cost(1, 13, 99).
cost(1, 14, 105).
cost(1, 15, 97).
cost(1, 16, 92).
cost(1, 17, 77).
cost(1, 18, 85).
cost(1, 19, 90).
cost(1, 20, 88).
cost(1, 21, 22).
cost(1, 22, 18).
cost(1, 23, 28).
cost(1, 24, 28).
cost(1, 25, 38).
cost(1, 26, 26).
cost(2, 1, 9).
cost(2, 3, 11).
cost(2, 4, 7).
cost(2, 5, 8).
cost(2, 6, 54).
cost(2, 7, 60).
cost(2, 8, 59).
cost(2, 9, 49).
cost(2, 10, 54).
cost(2, 11, 108).
cost(2, 12, 110).
cost(2, 13, 107).
cost(2, 14, 113).
cost(2, 15, 105).
cost(2, 16, 98).
cost(2, 17, 84).
cost(2, 18, 91).
cost(2, 19, 97).
cost(2, 20, 95).
cost(2, 21, 31).
cost(2, 22, 26).
cost(2, 23, 37).
cost(2, 24, 36).
cost(2, 25, 47).
cost(2, 26, 34).
cost(3, 1, 10).
cost(3, 2, 11).
cost(3, 4, 15).
cost(3, 5, 9).
cost(3, 6, 47).
cost(3, 7, 50).
cost(3, 8, 50).
cost(3, 9, 40).
cost(3, 10, 44).
cost(3, 11, 101).
cost(3, 12, 102).
cost(3, 13, 100).
cost(3, 14, 105).
cost(3, 15, 98).
cost(3, 16, 88).
cost(3, 17, 75).
cost(3, 18, 82).
cost(3, 19, 87).
cost(3, 20, 85).
cost(3, 21, 27).
cost(3, 22, 21).
cost(3, 23, 31).
cost(3, 24, 30).
cost(3, 25, 40).
cost(3, 26, 27).
cost(4, 1, 7).
cost(4, 2, 7).
cost(4, 3, 15).
cost(4, 5, 7).
cost(4, 6, 51).
cost(4, 7, 59).
cost(4, 8, 58).
cost(4, 9, 48).
cost(4, 10, 53).
cost(4, 11, 106).
cost(4, 12, 107).
cost(4, 13, 105).
cost(4, 14, 111).
cost(4, 15, 103).
cost(4, 16, 99).
cost(4, 17, 84).
cost(4, 18, 91).
cost(4, 19, 96).
cost(4, 20, 95).
cost(4, 21, 28).
cost(4, 22, 23).
cost(4, 23, 33).
cost(4, 24, 34).
cost(4, 25, 44).
cost(4, 26, 32).
cost(5, 1, 1).
cost(5, 2, 8).
cost(5, 3, 9).
cost(5, 4, 7).
cost(5, 6, 46).
cost(5, 7, 53).
cost(5, 8, 51).
cost(5, 9, 41).
cost(5, 10, 46).
cost(5, 11, 101).
cost(5, 12, 102).
cost(5, 13, 99).
cost(5, 14, 105).
cost(5, 15, 97).
cost(5, 16, 92).
cost(5, 17, 77).
cost(5, 18, 85).
cost(5, 19, 90).
cost(5, 20, 88).
cost(5, 21, 23).
cost(5, 22, 18).
cost(5, 23, 28).
cost(5, 24, 28).
cost(5, 25, 38).
cost(5, 26, 26).
cost(6, 1, 46).
cost(6, 2, 54).
cost(6, 3, 47).
cost(6, 4, 51).
cost(6, 5, 46).
cost(6, 7, 18).
cost(6, 8, 16).
cost(6, 9, 14).
cost(6, 10, 15).
cost(6, 11, 55).
cost(6, 12, 56).
cost(6, 13, 54).
cost(6, 14, 59).
cost(6, 15, 52).
cost(6, 16, 56).
cost(6, 17, 37).
cost(6, 18, 46).
cost(6, 19, 48).
cost(6, 20, 50).
cost(6, 21, 24).
cost(6, 22, 28).
cost(6, 23, 19).
cost(6, 24, 18).
cost(6, 25, 8).
cost(6, 26, 20).
cost(7, 1, 53).
cost(7, 2, 60).
cost(7, 3, 50).
cost(7, 4, 59).
cost(7, 5, 53).
cost(7, 6, 18).
cost(7, 8, 3).
cost(7, 9, 11).
cost(7, 10, 6).
cost(7, 11, 52).
cost(7, 12, 54).
cost(7, 13, 54).
cost(7, 14, 56).
cost(7, 15, 51).
cost(7, 16, 41).
cost(7, 17, 24).
cost(7, 18, 32).
cost(7, 19, 37).
cost(7, 20, 36).
cost(7, 21, 36).
cost(7, 22, 37).
cost(7, 23, 32).
cost(7, 24, 29).
cost(7, 25, 23).
cost(7, 26, 29).
cost(8, 1, 51).
cost(8, 2, 59).
cost(8, 3, 50).
cost(8, 4, 58).
cost(8, 5, 51).
cost(8, 6, 16).
cost(8, 7, 3).
cost(8, 9, 10).
cost(8, 10, 5).
cost(8, 11, 52).
cost(8, 12, 54).
cost(8, 13, 54).
cost(8, 14, 56).
cost(8, 15, 50).
cost(8, 16, 43).
cost(8, 17, 26).
cost(8, 18, 34).
cost(8, 19, 38).
cost(8, 20, 37).
cost(8, 21, 34).
cost(8, 22, 35).
cost(8, 23, 29).
cost(8, 24, 27).
cost(8, 25, 20).
cost(8, 26, 27).
cost(9, 1, 41).
cost(9, 2, 49).
cost(9, 3, 40).
cost(9, 4, 48).
cost(9, 5, 41).
cost(9, 6, 14).
cost(9, 7, 11).
cost(9, 8, 10).
cost(9, 10, 5).
cost(9, 11, 61).
cost(9, 12, 63).
cost(9, 13, 62).
cost(9, 14, 65).
cost(9, 15, 59).
cost(9, 16, 52).
cost(9, 17, 36).
cost(9, 18, 44).
cost(9, 19, 48).
cost(9, 20, 47).
cost(9, 21, 25).
cost(9, 22, 26).
cost(9, 23, 21).
cost(9, 24, 18).
cost(9, 25, 15).
cost(9, 26, 17).
cost(10, 1, 47).
cost(10, 2, 54).
cost(10, 3, 44).
cost(10, 4, 53).
cost(10, 5, 46).
cost(10, 6, 15).
cost(10, 7, 6).
cost(10, 8, 5).
cost(10, 9, 5).
cost(10, 11, 57).
cost(10, 12, 59).
cost(10, 13, 59).
cost(10, 14, 61).
cost(10, 15, 55).
cost(10, 16, 47).
cost(10, 17, 31).
cost(10, 18, 38).
cost(10, 19, 43).
cost(10, 20, 42).
cost(10, 21, 30).
cost(10, 22, 31).
cost(10, 23, 26).
cost(10, 24, 23).
cost(10, 25, 18).
cost(10, 26, 23).
cost(11, 1, 100).
cost(11, 2, 108).
cost(11, 3, 101).
cost(11, 4, 106).
cost(11, 5, 101).
cost(11, 6, 55).
cost(11, 7, 52).
cost(11, 8, 52).
cost(11, 9, 61).
cost(11, 10, 57).
cost(11, 12, 1).
cost(11, 13, 10).
cost(11, 14, 6).
cost(11, 15, 5).
cost(11, 16, 45).
cost(11, 17, 34).
cost(11, 18, 36).
cost(11, 19, 26).
cost(11, 20, 36).
cost(11, 21, 79).
cost(11, 22, 83).
cost(11, 23, 73).
cost(11, 24, 72).
cost(11, 25, 62).
cost(11, 26, 75).
cost(12, 1, 102).
cost(12, 2, 110).
cost(12, 3, 102).
cost(12, 4, 107).
cost(12, 5, 102).
cost(12, 6, 56).
cost(12, 7, 54).
cost(12, 8, 54).
cost(12, 9, 63).
cost(12, 10, 59).
cost(12, 11, 1).
cost(12, 13, 9).
cost(12, 14, 5).
cost(12, 15, 6).
cost(12, 16, 46).
cost(12, 17, 36).
cost(12, 18, 37).
cost(12, 19, 27).
cost(12, 20, 37).
cost(12, 21, 80).
cost(12, 22, 84).
cost(12, 23, 74).
cost(12, 24, 74).
cost(12, 25, 64).
cost(12, 26, 76).
cost(13, 1, 99).
cost(13, 2, 107).
cost(13, 3, 100).
cost(13, 4, 105).
cost(13, 5, 99).
cost(13, 6, 54).
cost(13, 7, 54).
cost(13, 8, 54).
cost(13, 9, 62).
cost(13, 10, 59).
cost(13, 11, 10).
cost(13, 12, 9).
cost(13, 14, 15).
cost(13, 15, 6).
cost(13, 16, 53).
cost(13, 17, 40).
cost(13, 18, 43).
cost(13, 19, 34).
cost(13, 20, 44).
cost(13, 21, 77).
cost(13, 22, 81).
cost(13, 23, 71).
cost(13, 24, 71).
cost(13, 25, 61).
cost(13, 26, 74).
cost(14, 1, 105).
cost(14, 2, 113).
cost(14, 3, 105).
cost(14, 4, 111).
cost(14, 5, 105).
cost(14, 6, 59).
cost(14, 7, 56).
cost(14, 8, 56).
cost(14, 9, 65).
cost(14, 10, 61).
cost(14, 11, 6).
cost(14, 12, 5).
cost(14, 13, 15).
cost(14, 15, 11).
cost(14, 16, 44).
cost(14, 17, 36).
cost(14, 18, 36).
cost(14, 19, 26).
cost(14, 20, 35).
cost(14, 21, 84).
cost(14, 22, 87).
cost(14, 23, 78).
cost(14, 24, 77).
cost(14, 25, 67).
cost(14, 26, 79).
cost(15, 1, 97).
cost(15, 2, 105).
cost(15, 3, 98).
cost(15, 4, 103).
cost(15, 5, 97).
cost(15, 6, 52).
cost(15, 7, 51).
cost(15, 8, 50).
cost(15, 9, 59).
cost(15, 10, 55).
cost(15, 11, 5).
cost(15, 12, 6).
cost(15, 13, 6).
cost(15, 14, 11).
cost(15, 16, 47).
cost(15, 17, 35).
cost(15, 18, 38).
cost(15, 19, 28).
cost(15, 20, 38).
cost(15, 21, 75).
cost(15, 22, 80).
cost(15, 23, 70).
cost(15, 24, 69).
cost(15, 25, 59).
cost(15, 26, 72).
cost(16, 1, 92).
cost(16, 2, 98).
cost(16, 3, 88).
cost(16, 4, 99).
cost(16, 5, 92).
cost(16, 6, 56).
cost(16, 7, 41).
cost(16, 8, 43).
cost(16, 9, 52).
cost(16, 10, 47).
cost(16, 11, 45).
cost(16, 12, 46).
cost(16, 13, 53).
cost(16, 14, 44).
cost(16, 15, 47).
cost(16, 17, 21).
cost(16, 18, 12).
cost(16, 19, 19).
cost(16, 20, 10).
cost(16, 21, 77).
cost(16, 22, 77).
cost(16, 23, 72).
cost(16, 24, 69).
cost(16, 25, 63).
cost(16, 26, 69).
cost(17, 1, 77).
cost(17, 2, 84).
cost(17, 3, 75).
cost(17, 4, 84).
cost(17, 5, 77).
cost(17, 6, 37).
cost(17, 7, 24).
cost(17, 8, 26).
cost(17, 9, 36).
cost(17, 10, 31).
cost(17, 11, 34).
cost(17, 12, 36).
cost(17, 13, 40).
cost(17, 14, 36).
cost(17, 15, 35).
cost(17, 16, 21).
cost(17, 18, 9).
cost(17, 19, 13).
cost(17, 20, 13).
cost(17, 21, 59).
cost(17, 22, 61).
cost(17, 23, 54).
cost(17, 24, 52).
cost(17, 25, 44).
cost(17, 26, 53).
cost(18, 1, 85).
cost(18, 2, 91).
cost(18, 3, 82).
cost(18, 4, 91).
cost(18, 5, 85).
cost(18, 6, 46).
cost(18, 7, 32).
cost(18, 8, 34).
cost(18, 9, 44).
cost(18, 10, 38).
cost(18, 11, 36).
cost(18, 12, 37).
cost(18, 13, 43).
cost(18, 14, 36).
cost(18, 15, 38).
cost(18, 16, 12).
cost(18, 17, 9).
cost(18, 19, 10).
cost(18, 20, 4).
cost(18, 21, 68).
cost(18, 22, 69).
cost(18, 23, 63).
cost(18, 24, 61).
cost(18, 25, 53).
cost(18, 26, 61).
cost(19, 1, 90).
cost(19, 2, 97).
cost(19, 3, 87).
cost(19, 4, 96).
cost(19, 5, 90).
cost(19, 6, 48).
cost(19, 7, 37).
cost(19, 8, 38).
cost(19, 9, 48).
cost(19, 10, 43).
cost(19, 11, 26).
cost(19, 12, 27).
cost(19, 13, 34).
cost(19, 14, 26).
cost(19, 15, 28).
cost(19, 16, 19).
cost(19, 17, 13).
cost(19, 18, 10).
cost(19, 20, 10).
cost(19, 21, 71).
cost(19, 22, 73).
cost(19, 23, 66).
cost(19, 24, 64).
cost(19, 25, 55).
cost(19, 26, 65).
cost(20, 1, 88).
cost(20, 2, 95).
cost(20, 3, 85).
cost(20, 4, 95).
cost(20, 5, 88).
cost(20, 6, 50).
cost(20, 7, 36).
cost(20, 8, 37).
cost(20, 9, 47).
cost(20, 10, 42).
cost(20, 11, 36).
cost(20, 12, 37).
cost(20, 13, 44).
cost(20, 14, 35).
cost(20, 15, 38).
cost(20, 16, 10).
cost(20, 17, 13).
cost(20, 18, 4).
cost(20, 19, 10).
cost(20, 21, 71).
cost(20, 22, 73).
cost(20, 23, 67).
cost(20, 24, 64).
cost(20, 25, 56).
cost(20, 26, 64).
cost(21, 1, 22).
cost(21, 2, 31).
cost(21, 3, 27).
cost(21, 4, 28).
cost(21, 5, 23).
cost(21, 6, 24).
cost(21, 7, 36).
cost(21, 8, 34).
cost(21, 9, 25).
cost(21, 10, 30).
cost(21, 11, 79).
cost(21, 12, 80).
cost(21, 13, 77).
cost(21, 14, 84).
cost(21, 15, 75).
cost(21, 16, 77).
cost(21, 17, 59).
cost(21, 18, 68).
cost(21, 19, 71).
cost(21, 20, 71).
cost(21, 22, 6).
cost(21, 23, 6).
cost(21, 24, 7).
cost(21, 25, 17).
cost(21, 26, 8).
cost(22, 1, 18).
cost(22, 2, 26).
cost(22, 3, 21).
cost(22, 4, 23).
cost(22, 5, 18).
cost(22, 6, 28).
cost(22, 7, 37).
cost(22, 8, 35).
cost(22, 9, 26).
cost(22, 10, 31).
cost(22, 11, 83).
cost(22, 12, 84).
cost(22, 13, 81).
cost(22, 14, 87).
cost(22, 15, 80).
cost(22, 16, 77).
cost(22, 17, 61).
cost(22, 18, 69).
cost(22, 19, 73).
cost(22, 20, 73).
cost(22, 21, 6).
cost(22, 23, 11).
cost(22, 24, 10).
cost(22, 25, 21).
cost(22, 26, 9).
cost(23, 1, 28).
cost(23, 2, 37).
cost(23, 3, 31).
cost(23, 4, 33).
cost(23, 5, 28).
cost(23, 6, 19).
cost(23, 7, 32).
cost(23, 8, 29).
cost(23, 9, 21).
cost(23, 10, 26).
cost(23, 11, 73).
cost(23, 12, 74).
cost(23, 13, 71).
cost(23, 14, 78).
cost(23, 15, 70).
cost(23, 16, 72).
cost(23, 17, 54).
cost(23, 18, 63).
cost(23, 19, 66).
cost(23, 20, 67).
cost(23, 21, 6).
cost(23, 22, 11).
cost(23, 24, 4).
cost(23, 25, 11).
cost(23, 26, 7).
cost(24, 1, 28).
cost(24, 2, 36).
cost(24, 3, 30).
cost(24, 4, 34).
cost(24, 5, 28).
cost(24, 6, 18).
cost(24, 7, 29).
cost(24, 8, 27).
cost(24, 9, 18).
cost(24, 10, 23).
cost(24, 11, 72).
cost(24, 12, 74).
cost(24, 13, 71).
cost(24, 14, 77).
cost(24, 15, 69).
cost(24, 16, 69).
cost(24, 17, 52).
cost(24, 18, 61).
cost(24, 19, 64).
cost(24, 20, 64).
cost(24, 21, 7).
cost(24, 22, 10).
cost(24, 23, 4).
cost(24, 25, 10).
cost(24, 26, 4).
cost(25, 1, 38).
cost(25, 2, 47).
cost(25, 3, 40).
cost(25, 4, 44).
cost(25, 5, 38).
cost(25, 6, 8).
cost(25, 7, 23).
cost(25, 8, 20).
cost(25, 9, 15).
cost(25, 10, 18).
cost(25, 11, 62).
cost(25, 12, 64).
cost(25, 13, 61).
cost(25, 14, 67).
cost(25, 15, 59).
cost(25, 16, 63).
cost(25, 17, 44).
cost(25, 18, 53).
cost(25, 19, 55).
cost(25, 20, 56).
cost(25, 21, 17).
cost(25, 22, 21).
cost(25, 23, 11).
cost(25, 24, 10).
cost(25, 26, 13).
cost(26, 1, 26).
cost(26, 2, 34).
cost(26, 3, 27).
cost(26, 4, 32).
cost(26, 5, 26).
cost(26, 6, 20).
cost(26, 7, 29).
cost(26, 8, 27).
cost(26, 9, 17).
cost(26, 10, 23).
cost(26, 11, 75).
cost(26, 12, 76).
cost(26, 13, 74).
cost(26, 14, 79).
cost(26, 15, 72).
cost(26, 16, 69).
cost(26, 17, 53).
cost(26, 18, 61).
cost(26, 19, 65).
cost(26, 20, 64).
cost(26, 21, 8).
cost(26, 22, 9).
cost(26, 23, 7).
cost(26, 24, 4).
cost(26, 25, 13).
