dimension(26).
point(1, 27.1204474723, 88.2237949623).
point(2, 11.9189579039, 83.1721433321).
point(3, 26.3592358268, 88.6363482995).
point(4, 28.6952173678, 76.97505873).
point(5, 37.1145725046, 75.3929668941).
point(6, 50.7831055487, 33.6795823069).
point(7, 43.8865080472, 20.4060029504).
point(8, 53.2123167937, 27.4147133629).
point(9, 46.6117159141, 40.5365063661).
point(10, 35.8807984088, 26.1929861516).
point(11, 93.5188903445, 39.2422807811).
point(12, 95.2993156395, 45.2069424502).
point(13, 86.298026622, 53.8759710792).
point(14, 94.8067709653, 49.6701942764).
point(15, 99.1010350575, 40.9070377149).
point(16, 5.4040999988, 9.3512298456).
point(17, 9.0786202479, 3.4618559881).
point(18, 11.4260490317, 4.9684396986).
point(19, 7.3252229927, 16.8523416453).
point(20, 10.534957326, 5.0533970279).
point(21, 64.7446672247, 93.8924889354).
point(22, 69.9632501589, 77.1941964247).
point(23, 66.6995861472, 84.2280155391).
point(24, 69.579244616, 82.6277412049).
point(25, 72.2018537492, 81.7590957221).
point(26, 62.2829370354, 74.7918819284).
cost(1, 2, 16).
cost(1, 3, 1).
cost(1, 4, 11).
cost(1, 5, 16).
cost(1, 6, 59).
cost(1, 7, 70).
cost(1, 8, 66).
cost(1, 9, 52).
cost(1, 10, 63).
cost(1, 11, 83).
cost(1, 12, 81).
cost(1, 13, 68).
cost(1, 14, 78).
cost(1, 15, 86).
cost(1, 16, 82).
cost(1, 17, 87).
cost(1, 18, 85).
cost(1, 19, 74).
cost(1, 20, 85).
cost(1, 21, 38).
cost(1, 22, 44).
cost(1, 23, 40).
cost(1, 24, 43).
cost(1, 25, 46).
cost(1, 26, 38).
cost(2, 1, 16).
cost(2, 3, 15).
cost(2, 4, 18).
cost(2, 5, 26).
cost(2, 6, 63).
cost(2, 7, 70).
cost(2, 8, 69).
cost(2, 9, 55).
cost(2, 10, 62).
cost(2, 11, 93).
cost(2, 12, 92).
cost(2, 13, 80).
cost(2, 14, 89).
cost(2, 15, 97).
cost(2, 16, 74).
cost(2, 17, 80).
cost(2, 18, 78).
cost(2, 19, 66).
cost(2, 20, 78).
cost(2, 21, 54).
cost(2, 22, 58).
cost(2, 23, 55).
cost(2, 24, 58).
cost(2, 25, 60).
cost(2, 26, 51).
cost(3, 1, 1).
cost(3, 2, 15).
cost(3, 4, 12).
cost(3, 5, 17).
cost(3, 6, 60).
cost(3, 7, 70).
cost(3, 8, 67).
cost(3, 9, 52).
cost(3, 10, 63).
cost(3, 11, 83).
cost(3, 12, 81).
cost(3, 13, 69).
cost(3, 14, 79).
cost(3, 15, 87).
cost(3, 16, 82).
cost(3, 17, 87).
cost(3, 18, 85).
cost(3, 19, 74).
cost(3, 20, 85).
cost(3, 21, 39).
cost(3, 22, 45).
cost(3, 23, 41).
cost(3, 24, 44).
cost(3, 25, 46).
cost(3, 26, 38).
cost(4, 1, 11).
cost(4, 2, 18).
cost(4, 3, 12).
cost(4, 5, 9).
cost(4, 6, 49).
cost(4, 7, 59).
cost(4, 8, 55).
cost(4, 9, 41).
cost(4, 10, 51).
cost(4, 11, 75).
cost(4, 12, 74).
cost(4, 13, 62).
cost(4, 14, 72).
cost(4, 15, 79).
cost(4, 16, 72).
cost(4, 17, 76).
cost(4, 18, 74).
cost(4, 19, 64).
cost(4, 20, 74).
cost(4, 21, 40).
cost(4, 22, 41).
cost(4, 23, 39).
cost(4, 24, 41).
cost(4, 25, 44).
cost(4, 26, 34).
cost(5, 1, 16).
cost(5, 2, 26).
cost(5, 3, 17).
cost(5, 4, 9).
cost(5, 6, 44).
cost(5, 7, 55).
cost(5, 8, 51).
cost(5, 9, 36).
cost(5, 10, 49).
cost(5, 11, 67).
cost(5, 12, 66).
cost(5, 13, 54).
cost(5, 14, 63).
cost(5, 15, 71).
cost(5, 16, 73).
cost(5, 17, 77).
cost(5, 18, 75).
cost(5, 19, 66).
cost(5, 20, 75).
cost(5, 21, 33).
cost(5, 22, 33).
cost(5, 23, 31).
cost(5, 24, 33).
cost(5, 25, 36).
cost(5, 26, 25).
cost(6, 1, 59).
cost(6, 2, 63).
cost(6, 3, 60).
cost(6, 4, 49).
cost(6, 5, 44).
cost(6, 7, 15).
cost(6, 8, 7).
cost(6, 9, 8).
cost(6, 10, 17).
cost(6, 11, 43).
cost(6, 12, 46).
cost(6, 13, 41).
cost(6, 14, 47).
cost(6, 15, 49).
cost(6, 16, 51).
cost(6, 17, 52).
cost(6, 18, 49).
cost(6, 19, 47).
cost(6, 20, 49).
cost(6, 21, 62).
cost(6, 22, 48).
cost(6, 23, 53).
cost(6, 24, 52).
cost(6, 25, 53).
cost(6, 26, 43).
cost(7, 1, 70).
cost(7, 2, 70).
cost(7, 3, 70).
cost(7, 4, 59).
cost(7, 5, 55).
cost(7, 6, 15).
cost(7, 8, 12).
cost(7, 9, 20).
cost(7, 10, 10).
cost(7, 11, 53).
cost(7, 12, 57).
cost(7, 13, 54).
cost(7, 14, 59).
cost(7, 15, 59).
cost(7, 16, 40).
cost(7, 17, 39).
cost(7, 18, 36).
cost(7, 19, 37).
cost(7, 20, 37).
cost(7, 21, 76).
cost(7, 22, 62).
cost(7, 23, 68).
cost(7, 24, 67).
cost(7, 25, 68).
cost(7, 26, 57).
cost(8, 1, 66).
cost(8, 2, 69).
cost(8, 3, 67).
cost(8, 4, 55).
cost(8, 5, 51).
cost(8, 6, 7).
cost(8, 7, 12).
cost(8, 9, 15).
cost(8, 10, 17).
cost(8, 11, 42).
cost(8, 12, 46).
cost(8, 13, 42).
cost(8, 14, 47).
cost(8, 15, 48).
cost(8, 16, 51).
cost(8, 17, 50).
cost(8, 18, 47).
cost(8, 19, 47).
cost(8, 20, 48).
cost(8, 21, 67).
cost(8, 22, 53).
cost(8, 23, 58).
cost(8, 24, 58).
cost(8, 25, 58).
cost(8, 26, 48).
cost(9, 1, 52).
cost(9, 2, 55).
cost(9, 3, 52).
cost(9, 4, 41).
cost(9, 5, 36).
cost(9, 6, 8).
cost(9, 7, 20).
cost(9, 8, 15).
cost(9, 10, 18).
cost(9, 11, 47).
cost(9, 12, 49).
cost(9, 13, 42).
cost(9, 14, 49).
cost(9, 15, 52).
cost(9, 16, 52).
cost(9, 17, 53).
cost(9, 18, 50).
cost(9, 19, 46).
cost(9, 20, 51).
cost(9, 21, 56).
cost(9, 22, 43).
cost(9, 23, 48).
cost(9, 24, 48).
cost(9, 25, 49).
cost(9, 26, 38).
cost(10, 1, 63).
cost(10, 2, 62).
cost(10, 3, 63).
cost(10, 4, 51).
cost(10, 5, 49).
cost(10, 6, 17).
cost(10, 7, 10).
cost(10, 8, 17).
cost(10, 9, 18).
cost(10, 11, 59).
cost(10, 12, 62).
cost(10, 13, 58).
cost(10, 14, 63).
cost(10, 15, 65).
cost(10, 16, 35).
cost(10, 17, 35).
cost(10, 18, 32).
cost(10, 19, 30).
cost(10, 20, 33).
cost(10, 21, 74).
cost(10, 22, 61).
cost(10, 23, 66).
cost(10, 24, 66).
cost(10, 25, 66).
cost(10, 26, 55).
cost(11, 1, 83).
cost(11, 2, 93).
cost(11, 3, 83).
cost(11, 4, 75).
cost(11, 5, 67).
cost(11, 6, 43).
cost(11, 7, 53).
cost(11, 8, 42).
cost(11, 9, 47).
cost(11, 10, 59).
cost(11, 12, 6).
cost(11, 13, 16).
cost(11, 14, 11).
cost(11, 15, 6).
cost(11, 16, 93).
cost(11, 17, 92).
cost(11, 18, 89).
cost(11, 19, 89).
cost(11, 20, 90).
cost(11, 21, 62).
cost(11, 22, 45).
cost(11, 23, 52).
cost(11, 24, 50).
cost(11, 25, 48).
cost(11, 26, 47).
cost(12, 1, 81).
cost(12, 2, 92).
cost(12, 3, 81).
cost(12, 4, 74).
cost(12, 5, 66).
cost(12, 6, 46).
cost(12, 7, 57).
cost(12, 8, 46).
cost(12, 9, 49).
cost(12, 10, 62).
cost(12, 11, 6).
cost(12, 13, 12).
cost(12, 14, 4).
cost(12, 15, 6).
cost(12, 16, 97).
cost(12, 17, 96).
cost(12, 18, 93).
cost(12, 19, 92).
cost(12, 20, 94).
cost(12, 21, 57).
cost(12, 22, 41).
cost(12, 23, 48).
cost(12, 24, 45).
cost(12, 25, 43).
cost(12, 26, 44).
cost(13, 1, 68).
cost(13, 2, 80).
cost(13, 3, 69).
cost(13, 4, 62).
cost(13, 5, 54).
cost(13, 6, 41).
cost(13, 7, 54).
cost(13, 8, 42).
cost(13, 9, 42).
cost(13, 10, 58).
cost(13, 11, 16).
cost(13, 12, 12).
cost(13, 14, 9).
cost(13, 15, 18).
cost(13, 16, 92).
cost(13, 17, 92).
cost(13, 18, 89).
cost(13, 19, 87).
cost(13, 20, 90).
cost(13, 21, 45).
cost(13, 22, 28).
cost(13, 23, 36).
cost(13, 24, 33).
cost(13, 25, 31).
cost(13, 26, 32).
cost(14, 1, 78).
cost(14, 2, 89).
cost(14, 3, 79).
cost(14, 4, 72).
cost(14, 5, 63).
cost(14, 6, 47).
cost(14, 7, 59).
cost(14, 8, 47).
cost(14, 9, 49).
cost(14, 10, 63).
cost(14, 11, 11).
cost(14, 12, 4).
cost(14, 13, 9).
cost(14, 15, 10).
cost(14, 16, 98).
cost(14, 17, 97).
cost(14, 18, 95).
cost(14, 19, 93).
cost(14, 20, 95).
cost(14, 21, 53).
cost(14, 22, 37).
cost(14, 23, 45).
cost(14, 24, 42).
cost(14, 25, 39).
cost(14, 26, 41).
cost(15, 1, 86).
cost(15, 2, 97).
cost(15, 3, 87).
cost(15, 4, 79).
cost(15, 5, 71).
cost(15, 6, 49).
cost(15, 7, 59).
cost(15, 8, 48).
cost(15, 9, 52).
cost(15, 10, 65).
cost(15, 11, 6).
cost(15, 12, 6).
cost(15, 13, 18).
cost(15, 14, 10).
cost(15, 16, 99).
cost(15, 17, 97).
cost(15, 18, 95).
cost(15, 19, 95).
cost(15, 20, 96).
cost(15, 21, 63).
cost(15, 22, 47).
cost(15, 23, 54).
cost(15, 24, 51).
cost(15, 25, 49).
cost(15, 26, 50).
cost(16, 1, 82).
cost(16, 2, 74).
cost(16, 3, 82).
cost(16, 4, 72).
cost(16, 5, 73).
cost(16, 6, 51).
cost(16, 7, 40).
cost(16, 8, 51).
cost(16, 9, 52).
cost(16, 10, 35).
cost(16, 11, 93).
cost(16, 12, 97).
cost(16, 13, 92).
cost(16, 14, 98).
cost(16, 15, 99).
cost(16, 17, 7).
cost(16, 18, 7).
cost(16, 19, 8).
cost(16, 20, 7).
cost(16, 21, 103).
cost(16, 22, 94).
cost(16, 23, 97).
cost(16, 24, 97).
cost(16, 25, 99).
cost(16, 26, 87).
cost(17, 1, 87).
cost(17, 2, 80).
cost(17, 3, 87).
cost(17, 4, 76).
cost(17, 5, 77).
cost(17, 6, 52).
cost(17, 7, 39).
cost(17, 8, 50).
cost(17, 9, 53).
cost(17, 10, 35).
cost(17, 11, 92).
cost(17, 12, 96).
cost(17, 13, 92).
cost(17, 14, 97).
cost(17, 15, 97).
cost(17, 16, 7).
cost(17, 18, 3).
cost(17, 19, 14).
cost(17, 20, 2).
cost(17, 21, 106).
cost(17, 22, 96).
cost(17, 23, 99).
cost(17, 24, 100).
cost(17, 25, 101).
cost(17, 26, 89).
cost(18, 1, 85).
cost(18, 2, 78).
cost(18, 3, 85).
cost(18, 4, 74).
cost(18, 5, 75).
cost(18, 6, 49).
cost(18, 7, 36).
cost(18, 8, 47).
cost(18, 9, 50).
cost(18, 10, 32).
cost(18, 11, 89).
cost(18, 12, 93).
cost(18, 13, 89).
cost(18, 14, 95).
cost(18, 15, 95).
cost(18, 16, 7).
cost(18, 17, 3).
cost(18, 19, 13).
cost(18, 20, 1).
cost(18, 21, 104).
cost(18, 22, 93).
cost(18, 23, 97).
cost(18, 24, 97).
cost(18, 25, 98).
cost(18, 26, 86).
cost(19, 1, 74).
cost(19, 2, 66).
cost(19, 3, 74).
cost(19, 4, 64).
cost(19, 5, 66).
cost(19, 6, 47).
cost(19, 7, 37).
cost(19, 8, 47).
cost(19, 9, 46).
cost(19, 10, 30).
cost(19, 11, 89).
cost(19, 12, 92).
cost(19, 13, 87).
cost(19, 14, 93).
cost(19, 15, 95).
cost(19, 16, 8).
cost(19, 17, 14).
cost(19, 18, 13).
cost(19, 20, 12).
cost(19, 21, 96).
cost(19, 22, 87).
cost(19, 23, 90).
cost(19, 24, 91).
cost(19, 25, 92).
cost(19, 26, 80).
cost(20, 1, 85).
cost(20, 2, 78).
cost(20, 3, 85).
cost(20, 4, 74).
cost(20, 5, 75).
cost(20, 6, 49).
cost(20, 7, 37).
cost(20, 8, 48).
cost(20, 9, 51).
cost(20, 10, 33).
cost(20, 11, 90).
cost(20, 12, 94).
cost(20, 13, 90).
cost(20, 14, 95).
cost(20, 15, 96).
cost(20, 16, 7).
cost(20, 17, 2).
cost(20, 18, 1).
cost(20, 19, 12).
cost(20, 21, 104).
cost(20, 22, 93).
cost(20, 23, 97).
cost(20, 24, 97).
cost(20, 25, 98).
cost(20, 26, 87).
cost(21, 1, 38).
cost(21, 2, 54).
cost(21, 3, 39).
cost(21, 4, 40).
cost(21, 5, 33).
cost(21, 6, 62).
cost(21, 7, 76).
cost(21, 8, 67).
cost(21, 9, 56).
cost(21, 10, 74).
cost(21, 11, 62).
cost(21, 12, 57).
cost(21, 13, 45).
cost(21, 14, 53).
cost(21, 15, 63).
cost(21, 16, 103).
cost(21, 17, 106).
cost(21, 18, 104).
cost(21, 19, 96).
cost(21, 20, 104).
cost(21, 22, 17).
cost(21, 23, 10).
cost(21, 24, 12).
cost(21, 25, 14).
cost(21, 26, 19).
cost(22, 1, 44).
cost(22, 2, 58).
cost(22, 3, 45).
cost(22, 4, 41).
cost(22, 5, 33).
cost(22, 6, 48).
cost(22, 7, 62).
cost(22, 8, 53).
cost(22, 9, 43).
cost(22, 10, 61).
cost(22, 11, 45).
cost(22, 12, 41).
cost(22, 13, 28).
cost(22, 14, 37).
cost(22, 15, 47).
cost(22, 16, 94).
cost(22, 17, 96).
cost(22, 18, 93).
cost(22, 19, 87).
cost(22, 20, 93).
cost(22, 21, 17).
cost(22, 23, 8).
cost(22, 24, 5).
cost(22, 25, 5).
cost(22, 26, 8).
cost(23, 1, 40).
cost(23, 2, 55).
cost(23, 3, 41).
cost(23, 4, 39).
cost(23, 5, 31).
cost(23, 6, 53).
cost(23, 7, 68).
cost(23, 8, 58).
cost(23, 9, 48).
cost(23, 10, 66).
cost(23, 11, 52).
cost(23, 12, 48).
cost(23, 13, 36).
cost(23, 14, 45).
cost(23, 15, 54).
cost(23, 16, 97).
cost(23, 17, 99).
cost(23, 18, 97).
cost(23, 19, 90).
cost(23, 20, 97).
cost(23, 21, 10).
cost(23, 22, 8).
cost(23, 24, 3).
cost(23, 25, 6).
cost(23, 26, 10).
cost(24, 1, 43).
cost(24, 2, 58).
cost(24, 3, 44).
cost(24, 4, 41).
cost(24, 5, 33).
cost(24, 6, 52).
cost(24, 7, 67).
cost(24, 8, 58).
cost(24, 9, 48).
cost(24, 10, 66).
cost(24, 11, 50).
cost(24, 12, 45).
cost(24, 13, 33).
cost(24, 14, 42).
cost(24, 15, 51).
cost(24, 16, 97).
cost(24, 17, 100).
cost(24, 18, 97).
cost(24, 19, 91).
cost(24, 20, 97).
cost(24, 21, 12).
cost(24, 22, 5).
cost(24, 23, 3).
cost(24, 25, 3).
cost(24, 26, 11).
cost(25, 1, 46).
cost(25, 2, 60).
cost(25, 3, 46).
cost(25, 4, 44).
cost(25, 5, 36).
cost(25, 6, 53).
cost(25, 7, 68).
cost(25, 8, 58).
cost(25, 9, 49).
cost(25, 10, 66).
cost(25, 11, 48).
cost(25, 12, 43).
cost(25, 13, 31).
cost(25, 14, 39).
cost(25, 15, 49).
cost(25, 16, 99).
cost(25, 17, 101).
cost(25, 18, 98).
cost(25, 19, 92).
cost(25, 20, 98).
cost(25, 21, 14).
cost(25, 22, 5).
cost(25, 23, 6).
cost(25, 24, 3).
cost(25, 26, 12).
cost(26, 1, 38).
cost(26, 2, 51).
cost(26, 3, 38).
cost(26, 4, 34).
cost(26, 5, 25).
cost(26, 6, 43).
cost(26, 7, 57).
cost(26, 8, 48).
cost(26, 9, 38).
cost(26, 10, 55).
cost(26, 11, 47).
cost(26, 12, 44).
cost(26, 13, 32).
cost(26, 14, 41).
cost(26, 15, 50).
cost(26, 16, 87).
cost(26, 17, 89).
cost(26, 18, 86).
cost(26, 19, 80).
cost(26, 20, 87).
cost(26, 21, 19).
cost(26, 22, 8).
cost(26, 23, 10).
cost(26, 24, 11).
cost(26, 25, 12).
