dimension(26).
point(1, 54.210833672, 56.3492392634).
point(2, 65.0984782782, 49.1180837578).
point(3, 58.0152380888, 48.7928556209).
point(4, 56.9381062005, 55.5670842673).
point(5, 71.634488614, 53.5341979036).
point(6, 62.0161038085, 47.9723938095).
point(7, 11.734947538, 15.0991407991).
point(8, 18.1995755476, 23.0604103719).
point(9, 21.0679651574, 19.0924807338).
point(10, 16.7520510724, 21.2641317658).
point(11, 20.3325180277, 20.646877831).
point(12, 78.7586922662, 96.9809680098).
point(13, 87.3755465719, 91.4612012136).
point(14, 70.5829740967, 91.8867511898).
point(15, 78.4067622745, 71.6840166131).
point(16, 73.8711227106, 88.4249953797).
point(17, 18.8075049588, 67.5907300352).
point(18, 21.0801453879, 71.6666412982).
point(19, 18.6052210813, 62.0153012456).
point(20, 15.7347664748, 71.826679232).
point(21, 25.5683640189, 75.8200841974).
point(22, 97.6771427311, 31.4378145662).
point(23, 92.1101965482, 20.3678430995).
point(24, 89.5744058374, 18.9287978623).
point(25, 84.6481419429, 30.1781603482).
point(26, 92.6222111229, 27.8671186788).
cost(1, 2, 13).
cost(1, 3, 8).
cost(1, 4, 3).
cost(1, 5, 18).
cost(1, 6, 11).
cost(1, 7, 59).
cost(1, 8, 49).
cost(1, 9, 50).
cost(1, 10, 51).
cost(1, 11, 49).
cost(1, 12, 47).
cost(1, 13, 48).
cost(1, 14, 39).
cost(1, 15, 29).
cost(1, 16, 38).
cost(1, 17, 37).
cost(1, 18, 37).
cost(1, 19, 36).
cost(1, 20, 41).
cost(1, 21, 35).
cost(1, 22, 50).
cost(1, 23, 52).
cost(1, 24, 51).
cost(1, 25, 40).
cost(1, 26, 48).
cost(2, 1, 13).
cost(2, 3, 7).
cost(2, 4, 10).
cost(2, 5, 8).
cost(2, 6, 3).
cost(2, 7, 63).
cost(2, 8, 54).
cost(2, 9, 53).
cost(2, 10, 56).
cost(2, 11, 53).
cost(2, 12, 50).
cost(2, 13, 48).
cost(2, 14, 43).
cost(2, 15, 26).
cost(2, 16, 40).
cost(2, 17, 50).
cost(2, 18, 49).
cost(2, 19, 48).
cost(2, 20, 54).
cost(2, 21, 48).
cost(2, 22, 37).
cost(2, 23, 39).
cost(2, 24, 39).
cost(2, 25, 27).
cost(2, 26, 35).
cost(3, 1, 8).
cost(3, 2, 7).
cost(3, 4, 7).
cost(3, 5, 14).
cost(3, 6, 4).
cost(3, 7, 57).
cost(3, 8, 47).
cost(3, 9, 47).
cost(3, 10, 50).
cost(3, 11, 47).
cost(3, 12, 52).
cost(3, 13, 52).
cost(3, 14, 45).
cost(3, 15, 31).
cost(3, 16, 43).
cost(3, 17, 43).
cost(3, 18, 43).
cost(3, 19, 42).
cost(3, 20, 48).
cost(3, 21, 42).
cost(3, 22, 43).
cost(3, 23, 44).
cost(3, 24, 43).
cost(3, 25, 32).
cost(3, 26, 40).
cost(4, 1, 3).
cost(4, 2, 10).
cost(4, 3, 7).
cost(4, 5, 15).
cost(4, 6, 9).
cost(4, 7, 61).
cost(4, 8, 51).
cost(4, 9, 51).
cost(4, 10, 53).
cost(4, 11, 51).
cost(4, 12, 47).
cost(4, 13, 47).
cost(4, 14, 39).
cost(4, 15, 27).
cost(4, 16, 37).
cost(4, 17, 40).
cost(4, 18, 39).
cost(4, 19, 39).
cost(4, 20, 44).
cost(4, 21, 37).
cost(4, 22, 47).
cost(4, 23, 50).
cost(4, 24, 49).
cost(4, 25, 38).
cost(4, 26, 45).
cost(5, 1, 18).
cost(5, 2, 8).
cost(5, 3, 14).
cost(5, 4, 15).
cost(5, 6, 11).
cost(5, 7, 71).
cost(5, 8, 62).
cost(5, 9, 61).
cost(5, 10, 64).
cost(5, 11, 61).
cost(5, 12, 44).
cost(5, 13, 41).
cost(5, 14, 38).
cost(5, 15, 19).
cost(5, 16, 35).
cost(5, 17, 55).
cost(5, 18, 54).
cost(5, 19, 54).
cost(5, 20, 59).
cost(5, 21, 51).
cost(5, 22, 34).
cost(5, 23, 39).
cost(5, 24, 39).
cost(5, 25, 27).
cost(5, 26, 33).
cost(6, 1, 11).
cost(6, 2, 3).
cost(6, 3, 4).
cost(6, 4, 9).
cost(6, 5, 11).
cost(6, 7, 60).
cost(6, 8, 50).
cost(6, 9, 50).
cost(6, 10, 53).
cost(6, 11, 50).
cost(6, 12, 52).
cost(6, 13, 50).
cost(6, 14, 45).
cost(6, 15, 29).
cost(6, 16, 42).
cost(6, 17, 47).
cost(6, 18, 47).
cost(6, 19, 46).
cost(6, 20, 52).
cost(6, 21, 46).
cost(6, 22, 39).
cost(6, 23, 41).
cost(6, 24, 40).
cost(6, 25, 29).
cost(6, 26, 37).
cost(7, 1, 59).
cost(7, 2, 63).
cost(7, 3, 57).
cost(7, 4, 61).
cost(7, 5, 71).
cost(7, 6, 60).
cost(7, 8, 10).
cost(7, 9, 10).
cost(7, 10, 8).
cost(7, 11, 10).
cost(7, 12, 106).
cost(7, 13, 107).
cost(7, 14, 97).
cost(7, 15, 87).
cost(7, 16, 96).
cost(7, 17, 53).
cost(7, 18, 57).
cost(7, 19, 47).
cost(7, 20, 57).
cost(7, 21, 62).
cost(7, 22, 87).
cost(7, 23, 81).
cost(7, 24, 78).
cost(7, 25, 74).
cost(7, 26, 82).
cost(8, 1, 49).
cost(8, 2, 54).
cost(8, 3, 47).
cost(8, 4, 51).
cost(8, 5, 62).
cost(8, 6, 50).
cost(8, 7, 10).
cost(8, 9, 5).
cost(8, 10, 2).
cost(8, 11, 3).
cost(8, 12, 96).
cost(8, 13, 97).
cost(8, 14, 86).
cost(8, 15, 77).
cost(8, 16, 86).
cost(8, 17, 45).
cost(8, 18, 49).
cost(8, 19, 39).
cost(8, 20, 49).
cost(8, 21, 53).
cost(8, 22, 80).
cost(8, 23, 74).
cost(8, 24, 71).
cost(8, 25, 67).
cost(8, 26, 75).
cost(9, 1, 50).
cost(9, 2, 53).
cost(9, 3, 47).
cost(9, 4, 51).
cost(9, 5, 61).
cost(9, 6, 50).
cost(9, 7, 10).
cost(9, 8, 5).
cost(9, 10, 5).
cost(9, 11, 2).
cost(9, 12, 97).
cost(9, 13, 98).
cost(9, 14, 88).
cost(9, 15, 78).
cost(9, 16, 87).
cost(9, 17, 49).
cost(9, 18, 53).
cost(9, 19, 43).
cost(9, 20, 53).
cost(9, 21, 57).
cost(9, 22, 78).
cost(9, 23, 71).
cost(9, 24, 69).
cost(9, 25, 65).
cost(9, 26, 72).
cost(10, 1, 51).
cost(10, 2, 56).
cost(10, 3, 50).
cost(10, 4, 53).
cost(10, 5, 64).
cost(10, 6, 53).
cost(10, 7, 8).
cost(10, 8, 2).
cost(10, 9, 5).
cost(10, 11, 4).
cost(10, 12, 98).
cost(10, 13, 100).
cost(10, 14, 89).
cost(10, 15, 80).
cost(10, 16, 88).
cost(10, 17, 46).
cost(10, 18, 51).
cost(10, 19, 41).
cost(10, 20, 51).
cost(10, 21, 55).
cost(10, 22, 82).
cost(10, 23, 75).
cost(10, 24, 73).
cost(10, 25, 68).
cost(10, 26, 76).
cost(11, 1, 49).
cost(11, 2, 53).
cost(11, 3, 47).
cost(11, 4, 51).
cost(11, 5, 61).
cost(11, 6, 50).
cost(11, 7, 10).
cost(11, 8, 3).
cost(11, 9, 2).
cost(11, 10, 4).
cost(11, 12, 96).
cost(11, 13, 98).
cost(11, 14, 87).
cost(11, 15, 77).
cost(11, 16, 86).
cost(11, 17, 47).
cost(11, 18, 51).
cost(11, 19, 41).
cost(11, 20, 51).
cost(11, 21, 55).
cost(11, 22, 78).
cost(11, 23, 72).
cost(11, 24, 69).
cost(11, 25, 65).
cost(11, 26, 73).
cost(12, 1, 47).
cost(12, 2, 50).
cost(12, 3, 52).
cost(12, 4, 47).
cost(12, 5, 44).
cost(12, 6, 52).
cost(12, 7, 106).
cost(12, 8, 96).
cost(12, 9, 97).
cost(12, 10, 98).
cost(12, 11, 96).
cost(12, 13, 10).
cost(12, 14, 10).
cost(12, 15, 25).
cost(12, 16, 10).
cost(12, 17, 67).
cost(12, 18, 63).
cost(12, 19, 70).
cost(12, 20, 68).
cost(12, 21, 57).
cost(12, 22, 68).
cost(12, 23, 78).
cost(12, 24, 79).
cost(12, 25, 67).
cost(12, 26, 70).
cost(13, 1, 48).
cost(13, 2, 48).
cost(13, 3, 52).
cost(13, 4, 47).
cost(13, 5, 41).
cost(13, 6, 50).
cost(13, 7, 107).
cost(13, 8, 97).
cost(13, 9, 98).
cost(13, 10, 100).
cost(13, 11, 98).
cost(13, 12, 10).
cost(13, 14, 17).
cost(13, 15, 22).
cost(13, 16, 14).
cost(13, 17, 73).
cost(13, 18, 69).
cost(13, 19, 75).
cost(13, 20, 74).
cost(13, 21, 64).
cost(13, 22, 61).
cost(13, 23, 71).
cost(13, 24, 73).
cost(13, 25, 61).
cost(13, 26, 64).
cost(14, 1, 39).
cost(14, 2, 43).
cost(14, 3, 45).
cost(14, 4, 39).
cost(14, 5, 38).
cost(14, 6, 45).
cost(14, 7, 97).
cost(14, 8, 86).
cost(14, 9, 88).
cost(14, 10, 89).
cost(14, 11, 87).
cost(14, 12, 10).
cost(14, 13, 17).
cost(14, 15, 22).
cost(14, 16, 5).
cost(14, 17, 57).
cost(14, 18, 53).
cost(14, 19, 60).
cost(14, 20, 58).
cost(14, 21, 48).
cost(14, 22, 66).
cost(14, 23, 75).
cost(14, 24, 75).
cost(14, 25, 63).
cost(14, 26, 68).
cost(15, 1, 29).
cost(15, 2, 26).
cost(15, 3, 31).
cost(15, 4, 27).
cost(15, 5, 19).
cost(15, 6, 29).
cost(15, 7, 87).
cost(15, 8, 77).
cost(15, 9, 78).
cost(15, 10, 80).
cost(15, 11, 77).
cost(15, 12, 25).
cost(15, 13, 22).
cost(15, 14, 22).
cost(15, 16, 17).
cost(15, 17, 60).
cost(15, 18, 57).
cost(15, 19, 61).
cost(15, 20, 63).
cost(15, 21, 53).
cost(15, 22, 45).
cost(15, 23, 53).
cost(15, 24, 54).
cost(15, 25, 42).
cost(15, 26, 46).
cost(16, 1, 38).
cost(16, 2, 40).
cost(16, 3, 43).
cost(16, 4, 37).
cost(16, 5, 35).
cost(16, 6, 42).
cost(16, 7, 96).
cost(16, 8, 86).
cost(16, 9, 87).
cost(16, 10, 88).
cost(16, 11, 86).
cost(16, 12, 10).
cost(16, 13, 14).
cost(16, 14, 5).
cost(16, 15, 17).
cost(16, 17, 59).
cost(16, 18, 55).
cost(16, 19, 61).
cost(16, 20, 60).
cost(16, 21, 50).
cost(16, 22, 62).
cost(16, 23, 70).
cost(16, 24, 71).
cost(16, 25, 59).
cost(16, 26, 63).
cost(17, 1, 37).
cost(17, 2, 50).
cost(17, 3, 43).
cost(17, 4, 40).
cost(17, 5, 55).
cost(17, 6, 47).
cost(17, 7, 53).
cost(17, 8, 45).
cost(17, 9, 49).
cost(17, 10, 46).
cost(17, 11, 47).
cost(17, 12, 67).
cost(17, 13, 73).
cost(17, 14, 57).
cost(17, 15, 60).
cost(17, 16, 59).
cost(17, 18, 5).
cost(17, 19, 6).
cost(17, 20, 5).
cost(17, 21, 11).
cost(17, 22, 87).
cost(17, 23, 87).
cost(17, 24, 86).
cost(17, 25, 76).
cost(17, 26, 84).
cost(18, 1, 37).
cost(18, 2, 49).
cost(18, 3, 43).
cost(18, 4, 39).
cost(18, 5, 54).
cost(18, 6, 47).
cost(18, 7, 57).
cost(18, 8, 49).
cost(18, 9, 53).
cost(18, 10, 51).
cost(18, 11, 51).
cost(18, 12, 63).
cost(18, 13, 69).
cost(18, 14, 53).
cost(18, 15, 57).
cost(18, 16, 55).
cost(18, 17, 5).
cost(18, 19, 10).
cost(18, 20, 5).
cost(18, 21, 6).
cost(18, 22, 87).
cost(18, 23, 88).
cost(18, 24, 86).
cost(18, 25, 76).
cost(18, 26, 84).
cost(19, 1, 36).
cost(19, 2, 48).
cost(19, 3, 42).
cost(19, 4, 39).
cost(19, 5, 54).
cost(19, 6, 46).
cost(19, 7, 47).
cost(19, 8, 39).
cost(19, 9, 43).
cost(19, 10, 41).
cost(19, 11, 41).
cost(19, 12, 70).
cost(19, 13, 75).
cost(19, 14, 60).
cost(19, 15, 61).
cost(19, 16, 61).
cost(19, 17, 6).
cost(19, 18, 10).
cost(19, 20, 10).
cost(19, 21, 15).
cost(19, 22, 85).
cost(19, 23, 84).
cost(19, 24, 83).
cost(19, 25, 73).
cost(19, 26, 82).
cost(20, 1, 41).
cost(20, 2, 54).
cost(20, 3, 48).
cost(20, 4, 44).
cost(20, 5, 59).
cost(20, 6, 52).
cost(20, 7, 57).
cost(20, 8, 49).
cost(20, 9, 53).
cost(20, 10, 51).
cost(20, 11, 51).
cost(20, 12, 68).
cost(20, 13, 74).
cost(20, 14, 58).
cost(20, 15, 63).
cost(20, 16, 60).
cost(20, 17, 5).
cost(20, 18, 5).
cost(20, 19, 10).
cost(20, 21, 11).
cost(20, 22, 91).
cost(20, 23, 92).
cost(20, 24, 91).
cost(20, 25, 81).
cost(20, 26, 89).
cost(21, 1, 35).
cost(21, 2, 48).
cost(21, 3, 42).
cost(21, 4, 37).
cost(21, 5, 51).
cost(21, 6, 46).
cost(21, 7, 62).
cost(21, 8, 53).
cost(21, 9, 57).
cost(21, 10, 55).
cost(21, 11, 55).
cost(21, 12, 57).
cost(21, 13, 64).
cost(21, 14, 48).
cost(21, 15, 53).
cost(21, 16, 50).
cost(21, 17, 11).
cost(21, 18, 6).
cost(21, 19, 15).
cost(21, 20, 11).
cost(21, 22, 85).
cost(21, 23, 87).
cost(21, 24, 86).
cost(21, 25, 75).
cost(21, 26, 82).
cost(22, 1, 50).
cost(22, 2, 37).
cost(22, 3, 43).
cost(22, 4, 47).
cost(22, 5, 34).
cost(22, 6, 39).
cost(22, 7, 87).
cost(22, 8, 80).
cost(22, 9, 78).
cost(22, 10, 82).
cost(22, 11, 78).
cost(22, 12, 68).
cost(22, 13, 61).
cost(22, 14, 66).
cost(22, 15, 45).
cost(22, 16, 62).
cost(22, 17, 87).
cost(22, 18, 87).
cost(22, 19, 85).
cost(22, 20, 91).
cost(22, 21, 85).
cost(22, 23, 12).
cost(22, 24, 15).
cost(22, 25, 13).
cost(22, 26, 6).
cost(23, 1, 52).
cost(23, 2, 39).
cost(23, 3, 44).
cost(23, 4, 50).
cost(23, 5, 39).
cost(23, 6, 41).
cost(23, 7, 81).
cost(23, 8, 74).
cost(23, 9, 71).
cost(23, 10, 75).
cost(23, 11, 72).
cost(23, 12, 78).
cost(23, 13, 71).
cost(23, 14, 75).
cost(23, 15, 53).
cost(23, 16, 70).
cost(23, 17, 87).
cost(23, 18, 88).
cost(23, 19, 84).
cost(23, 20, 92).
cost(23, 21, 87).
cost(23, 22, 12).
cost(23, 24, 3).
cost(23, 25, 12).
cost(23, 26, 8).
cost(24, 1, 51).
cost(24, 2, 39).
cost(24, 3, 43).
cost(24, 4, 49).
cost(24, 5, 39).
cost(24, 6, 40).
cost(24, 7, 78).
cost(24, 8, 71).
cost(24, 9, 69).
cost(24, 10, 73).
cost(24, 11, 69).
cost(24, 12, 79).
cost(24, 13, 73).
cost(24, 14, 75).
cost(24, 15, 54).
cost(24, 16, 71).
cost(24, 17, 86).
cost(24, 18, 86).
cost(24, 19, 83).
cost(24, 20, 91).
cost(24, 21, 86).
cost(24, 22, 15).
cost(24, 23, 3).
cost(24, 25, 12).
cost(24, 26, 9).
cost(25, 1, 40).
cost(25, 2, 27).
cost(25, 3, 32).
cost(25, 4, 38).
cost(25, 5, 27).
cost(25, 6, 29).
cost(25, 7, 74).
cost(25, 8, 67).
cost(25, 9, 65).
cost(25, 10, 68).
cost(25, 11, 65).
cost(25, 12, 67).
cost(25, 13, 61).
cost(25, 14, 63).
cost(25, 15, 42).
cost(25, 16, 59).
cost(25, 17, 76).
cost(25, 18, 76).
cost(25, 19, 73).
cost(25, 20, 81).
cost(25, 21, 75).
cost(25, 22, 13).
cost(25, 23, 12).
cost(25, 24, 12).
cost(25, 26, 8).
cost(26, 1, 48).
cost(26, 2, 35).
cost(26, 3, 40).
cost(26, 4, 45).
cost(26, 5, 33).
cost(26, 6, 37).
cost(26, 7, 82).
cost(26, 8, 75).
cost(26, 9, 72).
cost(26, 10, 76).
cost(26, 11, 73).
cost(26, 12, 70).
cost(26, 13, 64).
cost(26, 14, 68).
cost(26, 15, 46).
cost(26, 16, 63).
cost(26, 17, 84).
cost(26, 18, 84).
cost(26, 19, 82).
cost(26, 20, 89).
cost(26, 21, 82).
cost(26, 22, 6).
cost(26, 23, 8).
cost(26, 24, 9).
cost(26, 25, 8).
