dimension(29).
point(1, 27.2101503801, 40.6617550263).
point(2, 9.2941034692, 60.9622112916).
point(3, 59.3428896192, 36.8306819327).
point(4, 9.268579897, 54.5049447321).
point(5, 15.38941677, 34.0455955281).
point(6, 69.9718366484, 83.5457137558).
point(7, 12.9711702523, 70.2215223092).
point(8, 29.2461243204, 35.6890596084).
point(9, 91.0313429191, 10.0984507222).
point(10, 17.2808181441, 32.00644577).
point(11, 52.0530341832, 7.2514686993).
point(12, 58.2264286781, 27.5291901089).
point(13, 94.0359202153, 18.204574371).
point(14, 81.6430926283, 48.8311305916).
point(15, 57.2525638153, 75.9660914652).
point(16, 66.4920299107, 33.9882217772).
point(17, 46.2471787743, 86.1413699074).
point(18, 34.1774874921, 74.2864887782).
point(19, 55.6697263842, 4.3886910863).
point(20, 46.5784759531, 63.6908173495).
point(21, 28.9048950114, 85.6525761394).
point(22, 72.541252819, 44.037624991).
point(23, 36.8477324283, 70.0028598384).
point(24, 33.366267763, 42.4455758756).
point(25, 14.4400343632, 45.635390424).
point(26, 65.6299483235, 16.2971738626).
point(27, 40.3026175528, 62.8870441018).
point(28, 7.660570337, 50.8721633123).
point(29, 23.9170841693, 85.3293214898).
cost(1, 2, 27).
cost(1, 3, 32).
cost(1, 4, 23).
cost(1, 5, 14).
cost(1, 6, 61).
cost(1, 7, 33).
cost(1, 8, 5).
cost(1, 9, 71).
cost(1, 10, 13).
cost(1, 11, 42).
cost(1, 12, 34).
cost(1, 13, 70).
cost(1, 14, 55).
cost(1, 15, 46).
cost(1, 16, 40).
cost(1, 17, 49).
cost(1, 18, 34).
cost(1, 19, 46).
cost(1, 20, 30).
cost(1, 21, 45).
cost(1, 22, 45).
cost(1, 23, 31).
cost(1, 24, 6).
cost(1, 25, 14).
cost(1, 26, 45).
cost(1, 27, 26).
cost(1, 28, 22).
cost(1, 29, 45).
cost(2, 1, 27).
cost(2, 3, 56).
cost(2, 4, 6).
cost(2, 5, 28).
cost(2, 6, 65).
cost(2, 7, 10).
cost(2, 8, 32).
cost(2, 9, 96).
cost(2, 10, 30).
cost(2, 11, 69).
cost(2, 12, 59).
cost(2, 13, 95).
cost(2, 14, 73).
cost(2, 15, 50).
cost(2, 16, 63).
cost(2, 17, 45).
cost(2, 18, 28).
cost(2, 19, 73).
cost(2, 20, 37).
cost(2, 21, 32).
cost(2, 22, 65).
cost(2, 23, 29).
cost(2, 24, 30).
cost(2, 25, 16).
cost(2, 26, 72).
cost(2, 27, 31).
cost(2, 28, 10).
cost(2, 29, 28).
cost(3, 1, 32).
cost(3, 2, 56).
cost(3, 4, 53).
cost(3, 5, 44).
cost(3, 6, 48).
cost(3, 7, 57).
cost(3, 8, 30).
cost(3, 9, 41).
cost(3, 10, 42).
cost(3, 11, 30).
cost(3, 12, 9).
cost(3, 13, 39).
cost(3, 14, 25).
cost(3, 15, 39).
cost(3, 16, 8).
cost(3, 17, 51).
cost(3, 18, 45).
cost(3, 19, 33).
cost(3, 20, 30).
cost(3, 21, 58).
cost(3, 22, 15).
cost(3, 23, 40).
cost(3, 24, 27).
cost(3, 25, 46).
cost(3, 26, 21).
cost(3, 27, 32).
cost(3, 28, 54).
cost(3, 29, 60).
cost(4, 1, 23).
cost(4, 2, 6).
cost(4, 3, 53).
cost(4, 5, 21).
cost(4, 6, 67).
cost(4, 7, 16).
cost(4, 8, 27).
cost(4, 9, 93).
cost(4, 10, 24).
cost(4, 11, 64).
cost(4, 12, 56).
cost(4, 13, 92).
cost(4, 14, 73).
cost(4, 15, 53).
cost(4, 16, 61).
cost(4, 17, 49).
cost(4, 18, 32).
cost(4, 19, 68).
cost(4, 20, 38).
cost(4, 21, 37).
cost(4, 22, 64).
cost(4, 23, 32).
cost(4, 24, 27).
cost(4, 25, 10).
cost(4, 26, 68).
cost(4, 27, 32).
cost(4, 28, 4).
cost(4, 29, 34).
cost(5, 1, 14).
cost(5, 2, 28).
cost(5, 3, 44).
cost(5, 4, 21).
cost(5, 6, 74).
cost(5, 7, 36).
cost(5, 8, 14).
cost(5, 9, 79).
cost(5, 10, 3).
cost(5, 11, 45).
cost(5, 12, 43).
cost(5, 13, 80).
cost(5, 14, 68).
cost(5, 15, 59).
cost(5, 16, 51).
cost(5, 17, 61).
cost(5, 18, 44).
cost(5, 19, 50).
cost(5, 20, 43).
cost(5, 21, 53).
cost(5, 22, 58).
cost(5, 23, 42).
cost(5, 24, 20).
cost(5, 25, 12).
cost(5, 26, 53).
cost(5, 27, 38).
cost(5, 28, 19).
cost(5, 29, 52).
cost(6, 1, 61).
cost(6, 2, 65).
cost(6, 3, 48).
cost(6, 4, 67).
cost(6, 5, 74).
cost(6, 7, 59).
cost(6, 8, 63).
cost(6, 9, 76).
cost(6, 10, 74).
cost(6, 11, 78).
cost(6, 12, 57).
cost(6, 13, 70).
cost(6, 14, 37).
cost(6, 15, 15).
cost(6, 16, 50).
cost(6, 17, 24).
cost(6, 18, 37).
cost(6, 19, 80).
cost(6, 20, 31).
cost(6, 21, 41).
cost(6, 22, 40).
cost(6, 23, 36).
cost(6, 24, 55).
cost(6, 25, 67).
cost(6, 26, 67).
cost(6, 27, 36).
cost(6, 28, 70).
cost(6, 29, 46).
cost(7, 1, 33).
cost(7, 2, 10).
cost(7, 3, 57).
cost(7, 4, 16).
cost(7, 5, 36).
cost(7, 6, 59).
cost(7, 8, 38).
cost(7, 9, 99).
cost(7, 10, 38).
cost(7, 11, 74).
cost(7, 12, 62).
cost(7, 13, 96).
cost(7, 14, 72).
cost(7, 15, 45).
cost(7, 16, 65).
cost(7, 17, 37).
cost(7, 18, 22).
cost(7, 19, 78).
cost(7, 20, 34).
cost(7, 21, 22).
cost(7, 22, 65).
cost(7, 23, 24).
cost(7, 24, 34).
cost(7, 25, 25).
cost(7, 26, 75).
cost(7, 27, 28).
cost(7, 28, 20).
cost(7, 29, 19).
cost(8, 1, 5).
cost(8, 2, 32).
cost(8, 3, 30).
cost(8, 4, 27).
cost(8, 5, 14).
cost(8, 6, 63).
cost(8, 7, 38).
cost(8, 9, 67).
cost(8, 10, 13).
cost(8, 11, 36).
cost(8, 12, 30).
cost(8, 13, 67).
cost(8, 14, 54).
cost(8, 15, 49).
cost(8, 16, 37).
cost(8, 17, 53).
cost(8, 18, 39).
cost(8, 19, 41).
cost(8, 20, 33).
cost(8, 21, 50).
cost(8, 22, 44).
cost(8, 23, 35).
cost(8, 24, 8).
cost(8, 25, 18).
cost(8, 26, 41).
cost(8, 27, 29).
cost(8, 28, 26).
cost(8, 29, 50).
cost(9, 1, 71).
cost(9, 2, 96).
cost(9, 3, 41).
cost(9, 4, 93).
cost(9, 5, 79).
cost(9, 6, 76).
cost(9, 7, 99).
cost(9, 8, 67).
cost(9, 10, 77).
cost(9, 11, 39).
cost(9, 12, 37).
cost(9, 13, 9).
cost(9, 14, 40).
cost(9, 15, 74).
cost(9, 16, 34).
cost(9, 17, 88).
cost(9, 18, 86).
cost(9, 19, 36).
cost(9, 20, 70).
cost(9, 21, 98).
cost(9, 22, 39).
cost(9, 23, 81).
cost(9, 24, 66).
cost(9, 25, 84).
cost(9, 26, 26).
cost(9, 27, 73).
cost(9, 28, 93).
cost(9, 29, 101).
cost(10, 1, 13).
cost(10, 2, 30).
cost(10, 3, 42).
cost(10, 4, 24).
cost(10, 5, 3).
cost(10, 6, 74).
cost(10, 7, 38).
cost(10, 8, 13).
cost(10, 9, 77).
cost(10, 11, 43).
cost(10, 12, 41).
cost(10, 13, 78).
cost(10, 14, 67).
cost(10, 15, 59).
cost(10, 16, 49).
cost(10, 17, 61).
cost(10, 18, 46).
cost(10, 19, 47).
cost(10, 20, 43).
cost(10, 21, 55).
cost(10, 22, 57).
cost(10, 23, 43).
cost(10, 24, 19).
cost(10, 25, 14).
cost(10, 26, 51).
cost(10, 27, 39).
cost(10, 28, 21).
cost(10, 29, 54).
cost(11, 1, 42).
cost(11, 2, 69).
cost(11, 3, 30).
cost(11, 4, 64).
cost(11, 5, 45).
cost(11, 6, 78).
cost(11, 7, 74).
cost(11, 8, 36).
cost(11, 9, 39).
cost(11, 10, 43).
cost(11, 12, 21).
cost(11, 13, 43).
cost(11, 14, 51).
cost(11, 15, 69).
cost(11, 16, 30).
cost(11, 17, 79).
cost(11, 18, 69).
cost(11, 19, 5).
cost(11, 20, 57).
cost(11, 21, 82).
cost(11, 22, 42).
cost(11, 23, 65).
cost(11, 24, 40).
cost(11, 25, 54).
cost(11, 26, 16).
cost(11, 27, 57).
cost(11, 28, 62).
cost(11, 29, 83).
cost(12, 1, 34).
cost(12, 2, 59).
cost(12, 3, 9).
cost(12, 4, 56).
cost(12, 5, 43).
cost(12, 6, 57).
cost(12, 7, 62).
cost(12, 8, 30).
cost(12, 9, 37).
cost(12, 10, 41).
cost(12, 11, 21).
cost(12, 13, 37).
cost(12, 14, 32).
cost(12, 15, 48).
cost(12, 16, 10).
cost(12, 17, 60).
cost(12, 18, 53).
cost(12, 19, 23).
cost(12, 20, 38).
cost(12, 21, 65).
cost(12, 22, 22).
cost(12, 23, 48).
cost(12, 24, 29).
cost(12, 25, 47).
cost(12, 26, 13).
cost(12, 27, 40).
cost(12, 28, 56).
cost(12, 29, 67).
cost(13, 1, 70).
cost(13, 2, 95).
cost(13, 3, 39).
cost(13, 4, 92).
cost(13, 5, 80).
cost(13, 6, 70).
cost(13, 7, 96).
cost(13, 8, 67).
cost(13, 9, 9).
cost(13, 10, 78).
cost(13, 11, 43).
cost(13, 12, 37).
cost(13, 14, 33).
cost(13, 15, 68).
cost(13, 16, 32).
cost(13, 17, 83).
cost(13, 18, 82).
cost(13, 19, 41).
cost(13, 20, 66).
cost(13, 21, 94).
cost(13, 22, 34).
cost(13, 23, 77).
cost(13, 24, 65).
cost(13, 25, 84).
cost(13, 26, 28).
cost(13, 27, 70).
cost(13, 28, 92).
cost(13, 29, 97).
cost(14, 1, 55).
cost(14, 2, 73).
cost(14, 3, 25).
cost(14, 4, 73).
cost(14, 5, 68).
cost(14, 6, 37).
cost(14, 7, 72).
cost(14, 8, 54).
cost(14, 9, 40).
cost(14, 10, 67).
cost(14, 11, 51).
cost(14, 12, 32).
cost(14, 13, 33).
cost(14, 15, 36).
cost(14, 16, 21).
cost(14, 17, 51).
cost(14, 18, 54).
cost(14, 19, 51).
cost(14, 20, 38).
cost(14, 21, 64).
cost(14, 22, 10).
cost(14, 23, 50).
cost(14, 24, 49).
cost(14, 25, 67).
cost(14, 26, 36).
cost(14, 27, 44).
cost(14, 28, 74).
cost(14, 29, 68).
cost(15, 1, 46).
cost(15, 2, 50).
cost(15, 3, 39).
cost(15, 4, 53).
cost(15, 5, 59).
cost(15, 6, 15).
cost(15, 7, 45).
cost(15, 8, 49).
cost(15, 9, 74).
cost(15, 10, 59).
cost(15, 11, 69).
cost(15, 12, 48).
cost(15, 13, 68).
cost(15, 14, 36).
cost(15, 16, 43).
cost(15, 17, 15).
cost(15, 18, 23).
cost(15, 19, 72).
cost(15, 20, 16).
cost(15, 21, 30).
cost(15, 22, 35).
cost(15, 23, 21).
cost(15, 24, 41).
cost(15, 25, 52).
cost(15, 26, 60).
cost(15, 27, 21).
cost(15, 28, 56).
cost(15, 29, 35).
cost(16, 1, 40).
cost(16, 2, 63).
cost(16, 3, 8).
cost(16, 4, 61).
cost(16, 5, 51).
cost(16, 6, 50).
cost(16, 7, 65).
cost(16, 8, 37).
cost(16, 9, 34).
cost(16, 10, 49).
cost(16, 11, 30).
cost(16, 12, 10).
cost(16, 13, 32).
cost(16, 14, 21).
cost(16, 15, 43).
cost(16, 17, 56).
cost(16, 18, 52).
cost(16, 19, 32).
cost(16, 20, 36).
cost(16, 21, 64).
cost(16, 22, 12).
cost(16, 23, 47).
cost(16, 24, 34).
cost(16, 25, 53).
cost(16, 26, 18).
cost(16, 27, 39).
cost(16, 28, 61).
cost(16, 29, 67).
cost(17, 1, 49).
cost(17, 2, 45).
cost(17, 3, 51).
cost(17, 4, 49).
cost(17, 5, 61).
cost(17, 6, 24).
cost(17, 7, 37).
cost(17, 8, 53).
cost(17, 9, 88).
cost(17, 10, 61).
cost(17, 11, 79).
cost(17, 12, 60).
cost(17, 13, 83).
cost(17, 14, 51).
cost(17, 15, 15).
cost(17, 16, 56).
cost(17, 18, 17).
cost(17, 19, 82).
cost(17, 20, 22).
cost(17, 21, 17).
cost(17, 22, 50).
cost(17, 23, 19).
cost(17, 24, 46).
cost(17, 25, 52).
cost(17, 26, 72).
cost(17, 27, 24).
cost(17, 28, 52).
cost(17, 29, 22).
cost(18, 1, 34).
cost(18, 2, 28).
cost(18, 3, 45).
cost(18, 4, 32).
cost(18, 5, 44).
cost(18, 6, 37).
cost(18, 7, 22).
cost(18, 8, 39).
cost(18, 9, 86).
cost(18, 10, 46).
cost(18, 11, 69).
cost(18, 12, 53).
cost(18, 13, 82).
cost(18, 14, 54).
cost(18, 15, 23).
cost(18, 16, 52).
cost(18, 17, 17).
cost(18, 19, 73).
cost(18, 20, 16).
cost(18, 21, 13).
cost(18, 22, 49).
cost(18, 23, 5).
cost(18, 24, 32).
cost(18, 25, 35).
cost(18, 26, 66).
cost(18, 27, 13).
cost(18, 28, 35).
cost(18, 29, 15).
cost(19, 1, 46).
cost(19, 2, 73).
cost(19, 3, 33).
cost(19, 4, 68).
cost(19, 5, 50).
cost(19, 6, 80).
cost(19, 7, 78).
cost(19, 8, 41).
cost(19, 9, 36).
cost(19, 10, 47).
cost(19, 11, 5).
cost(19, 12, 23).
cost(19, 13, 41).
cost(19, 14, 51).
cost(19, 15, 72).
cost(19, 16, 32).
cost(19, 17, 82).
cost(19, 18, 73).
cost(19, 20, 60).
cost(19, 21, 86).
cost(19, 22, 43).
cost(19, 23, 68).
cost(19, 24, 44).
cost(19, 25, 58).
cost(19, 26, 16).
cost(19, 27, 60).
cost(19, 28, 67).
cost(19, 29, 87).
cost(20, 1, 30).
cost(20, 2, 37).
cost(20, 3, 30).
cost(20, 4, 38).
cost(20, 5, 43).
cost(20, 6, 31).
cost(20, 7, 34).
cost(20, 8, 33).
cost(20, 9, 70).
cost(20, 10, 43).
cost(20, 11, 57).
cost(20, 12, 38).
cost(20, 13, 66).
cost(20, 14, 38).
cost(20, 15, 16).
cost(20, 16, 36).
cost(20, 17, 22).
cost(20, 18, 16).
cost(20, 19, 60).
cost(20, 21, 28).
cost(20, 22, 33).
cost(20, 23, 12).
cost(20, 24, 25).
cost(20, 25, 37).
cost(20, 26, 51).
cost(20, 27, 6).
cost(20, 28, 41).
cost(20, 29, 31).
cost(21, 1, 45).
cost(21, 2, 32).
cost(21, 3, 58).
cost(21, 4, 37).
cost(21, 5, 53).
cost(21, 6, 41).
cost(21, 7, 22).
cost(21, 8, 50).
cost(21, 9, 98).
cost(21, 10, 55).
cost(21, 11, 82).
cost(21, 12, 65).
cost(21, 13, 94).
cost(21, 14, 64).
cost(21, 15, 30).
cost(21, 16, 64).
cost(21, 17, 17).
cost(21, 18, 13).
cost(21, 19, 86).
cost(21, 20, 28).
cost(21, 22, 60).
cost(21, 23, 18).
cost(21, 24, 43).
cost(21, 25, 43).
cost(21, 26, 78).
cost(21, 27, 25).
cost(21, 28, 41).
cost(21, 29, 5).
cost(22, 1, 45).
cost(22, 2, 65).
cost(22, 3, 15).
cost(22, 4, 64).
cost(22, 5, 58).
cost(22, 6, 40).
cost(22, 7, 65).
cost(22, 8, 44).
cost(22, 9, 39).
cost(22, 10, 57).
cost(22, 11, 42).
cost(22, 12, 22).
cost(22, 13, 34).
cost(22, 14, 10).
cost(22, 15, 35).
cost(22, 16, 12).
cost(22, 17, 50).
cost(22, 18, 49).
cost(22, 19, 43).
cost(22, 20, 33).
cost(22, 21, 60).
cost(22, 23, 44).
cost(22, 24, 39).
cost(22, 25, 58).
cost(22, 26, 29).
cost(22, 27, 37).
cost(22, 28, 65).
cost(22, 29, 64).
cost(23, 1, 31).
cost(23, 2, 29).
cost(23, 3, 40).
cost(23, 4, 32).
cost(23, 5, 42).
cost(23, 6, 36).
cost(23, 7, 24).
cost(23, 8, 35).
cost(23, 9, 81).
cost(23, 10, 43).
cost(23, 11, 65).
cost(23, 12, 48).
cost(23, 13, 77).
cost(23, 14, 50).
cost(23, 15, 21).
cost(23, 16, 47).
cost(23, 17, 19).
cost(23, 18, 5).
cost(23, 19, 68).
cost(23, 20, 12).
cost(23, 21, 18).
cost(23, 22, 44).
cost(23, 24, 28).
cost(23, 25, 33).
cost(23, 26, 61).
cost(23, 27, 8).
cost(23, 28, 35).
cost(23, 29, 20).
cost(24, 1, 6).
cost(24, 2, 30).
cost(24, 3, 27).
cost(24, 4, 27).
cost(24, 5, 20).
cost(24, 6, 55).
cost(24, 7, 34).
cost(24, 8, 8).
cost(24, 9, 66).
cost(24, 10, 19).
cost(24, 11, 40).
cost(24, 12, 29).
cost(24, 13, 65).
cost(24, 14, 49).
cost(24, 15, 41).
cost(24, 16, 34).
cost(24, 17, 46).
cost(24, 18, 32).
cost(24, 19, 44).
cost(24, 20, 25).
cost(24, 21, 43).
cost(24, 22, 39).
cost(24, 23, 28).
cost(24, 25, 19).
cost(24, 26, 42).
cost(24, 27, 22).
cost(24, 28, 27).
cost(24, 29, 44).
cost(25, 1, 14).
cost(25, 2, 16).
cost(25, 3, 46).
cost(25, 4, 10).
cost(25, 5, 12).
cost(25, 6, 67).
cost(25, 7, 25).
cost(25, 8, 18).
cost(25, 9, 84).
cost(25, 10, 14).
cost(25, 11, 54).
cost(25, 12, 47).
cost(25, 13, 84).
cost(25, 14, 67).
cost(25, 15, 52).
cost(25, 16, 53).
cost(25, 17, 52).
cost(25, 18, 35).
cost(25, 19, 58).
cost(25, 20, 37).
cost(25, 21, 43).
cost(25, 22, 58).
cost(25, 23, 33).
cost(25, 24, 19).
cost(25, 26, 59).
cost(25, 27, 31).
cost(25, 28, 9).
cost(25, 29, 41).
cost(26, 1, 45).
cost(26, 2, 72).
cost(26, 3, 21).
cost(26, 4, 68).
cost(26, 5, 53).
cost(26, 6, 67).
cost(26, 7, 75).
cost(26, 8, 41).
cost(26, 9, 26).
cost(26, 10, 51).
cost(26, 11, 16).
cost(26, 12, 13).
cost(26, 13, 28).
cost(26, 14, 36).
cost(26, 15, 60).
cost(26, 16, 18).
cost(26, 17, 72).
cost(26, 18, 66).
cost(26, 19, 16).
cost(26, 20, 51).
cost(26, 21, 78).
cost(26, 22, 29).
cost(26, 23, 61).
cost(26, 24, 42).
cost(26, 25, 59).
cost(26, 27, 53).
cost(26, 28, 67).
cost(26, 29, 81).
cost(27, 1, 26).
cost(27, 2, 31).
cost(27, 3, 32).
cost(27, 4, 32).
cost(27, 5, 38).
cost(27, 6, 36).
cost(27, 7, 28).
cost(27, 8, 29).
cost(27, 9, 73).
cost(27, 10, 39).
cost(27, 11, 57).
cost(27, 12, 40).
cost(27, 13, 70).
cost(27, 14, 44).
cost(27, 15, 21).
cost(27, 16, 39).
cost(27, 17, 24).
cost(27, 18, 13).
cost(27, 19, 60).
cost(27, 20, 6).
cost(27, 21, 25).
cost(27, 22, 37).
cost(27, 23, 8).
cost(27, 24, 22).
cost(27, 25, 31).
cost(27, 26, 53).
cost(27, 28, 35).
cost(27, 29, 28).
cost(28, 1, 22).
cost(28, 2, 10).
cost(28, 3, 54).
cost(28, 4, 4).
cost(28, 5, 19).
cost(28, 6, 70).
cost(28, 7, 20).
cost(28, 8, 26).
cost(28, 9, 93).
cost(28, 10, 21).
cost(28, 11, 62).
cost(28, 12, 56).
cost(28, 13, 92).
cost(28, 14, 74).
cost(28, 15, 56).
cost(28, 16, 61).
cost(28, 17, 52).
cost(28, 18, 35).
cost(28, 19, 67).
cost(28, 20, 41).
cost(28, 21, 41).
cost(28, 22, 65).
cost(28, 23, 35).
cost(28, 24, 27).
cost(28, 25, 9).
cost(28, 26, 67).
cost(28, 27, 35).
cost(28, 29, 38).
cost(29, 1, 45).
cost(29, 2, 28).
cost(29, 3, 60).
cost(29, 4, 34).
cost(29, 5, 52).
cost(29, 6, 46).
cost(29, 7, 19).
cost(29, 8, 50).
cost(29, 9, 101).
cost(29, 10, 54).
cost(29, 11, 83).
cost(29, 12, 67).
cost(29, 13, 97).
cost(29, 14, 68).
cost(29, 15, 35).
cost(29, 16, 67).
cost(29, 17, 22).
cost(29, 18, 15).
cost(29, 19, 87).
cost(29, 20, 31).
cost(29, 21, 5).
cost(29, 22, 64).
cost(29, 23, 20).
cost(29, 24, 44).
cost(29, 25, 41).
cost(29, 26, 81).
cost(29, 27, 28).
cost(29, 28, 38).
nocross(1,2).
nocross(1,3).
nocross(1,4).
nocross(1,5).
nocross(1,7).
nocross(1,8).
nocross(1,10).
nocross(1,11).
nocross(1,12).
nocross(1,18).
nocross(1,20).
nocross(1,23).
nocross(1,24).
nocross(1,25).
nocross(1,27).
nocross(1,28).
nocross(2,1).
nocross(2,4).
nocross(2,5).
nocross(2,7).
nocross(2,8).
nocross(2,10).
nocross(2,18).
nocross(2,20).
nocross(2,21).
nocross(2,23).
nocross(2,24).
nocross(2,25).
nocross(2,27).
nocross(2,28).
nocross(2,29).
nocross(3,1).
nocross(3,5).
nocross(3,8).
nocross(3,9).
nocross(3,10).
nocross(3,11).
nocross(3,12).
nocross(3,13).
nocross(3,14).
nocross(3,16).
nocross(3,19).
nocross(3,20).
nocross(3,22).
nocross(3,24).
nocross(3,26).
nocross(3,27).
nocross(4,1).
nocross(4,2).
nocross(4,5).
nocross(4,7).
nocross(4,8).
nocross(4,10).
nocross(4,18).
nocross(4,21).
nocross(4,23).
nocross(4,24).
nocross(4,25).
nocross(4,27).
nocross(4,28).
nocross(4,29).
nocross(5,1).
nocross(5,2).
nocross(5,4).
nocross(5,7).
nocross(5,8).
nocross(5,10).
nocross(5,11).
nocross(5,24).
nocross(5,25).
nocross(5,28).
nocross(6,14).
nocross(6,15).
nocross(6,17).
nocross(6,20).
nocross(6,21).
nocross(7,1).
nocross(7,2).
nocross(7,4).
nocross(7,5).
nocross(7,8).
nocross(7,10).
nocross(7,18).
nocross(7,20).
nocross(7,21).
nocross(7,23).
nocross(7,24).
nocross(7,25).
nocross(7,27).
nocross(7,28).
nocross(7,29).
nocross(8,1).
nocross(8,2).
nocross(8,3).
nocross(8,4).
nocross(8,5).
nocross(8,7).
nocross(8,10).
nocross(8,11).
nocross(8,12).
nocross(8,20).
nocross(8,23).
nocross(8,24).
nocross(8,25).
nocross(8,27).
nocross(8,28).
nocross(9,3).
nocross(9,12).
nocross(9,13).
nocross(9,16).
nocross(9,19).
nocross(9,26).
nocross(10,1).
nocross(10,2).
nocross(10,3).
nocross(10,4).
nocross(10,5).
nocross(10,7).
nocross(10,8).
nocross(10,11).
nocross(10,24).
nocross(10,25).
nocross(10,28).
nocross(11,1).
nocross(11,3).
nocross(11,5).
nocross(11,8).
nocross(11,9).
nocross(11,10).
nocross(11,12).
nocross(11,16).
nocross(11,19).
nocross(11,24).
nocross(11,26).
nocross(12,1).
nocross(12,3).
nocross(12,5).
nocross(12,8).
nocross(12,9).
nocross(12,10).
nocross(12,11).
nocross(12,13).
nocross(12,14).
nocross(12,16).
nocross(12,19).
nocross(12,20).
nocross(12,22).
nocross(12,24).
nocross(12,26).
nocross(12,27).
nocross(13,3).
nocross(13,9).
nocross(13,14).
nocross(13,16).
nocross(13,22).
nocross(13,26).
nocross(14,3).
nocross(14,6).
nocross(14,9).
nocross(14,12).
nocross(14,13).
nocross(14,15).
nocross(14,16).
nocross(14,20).
nocross(14,22).
nocross(14,26).
nocross(15,2).
nocross(15,3).
nocross(15,6).
nocross(15,7).
nocross(15,14).
nocross(15,17).
nocross(15,18).
nocross(15,20).
nocross(15,21).
nocross(15,22).
nocross(15,23).
nocross(15,27).
nocross(15,29).
nocross(16,3).
nocross(16,8).
nocross(16,9).
nocross(16,11).
nocross(16,12).
nocross(16,13).
nocross(16,14).
nocross(16,19).
nocross(16,20).
nocross(16,22).
nocross(16,24).
nocross(16,26).
nocross(17,6).
nocross(17,7).
nocross(17,15).
nocross(17,18).
nocross(17,20).
nocross(17,21).
nocross(17,23).
nocross(17,27).
nocross(17,29).
nocross(18,1).
nocross(18,2).
nocross(18,4).
nocross(18,7).
nocross(18,15).
nocross(18,17).
nocross(18,20).
nocross(18,21).
nocross(18,23).
nocross(18,24).
nocross(18,25).
nocross(18,27).
nocross(18,28).
nocross(18,29).
nocross(19,3).
nocross(19,9).
nocross(19,11).
nocross(19,12).
nocross(19,16).
nocross(19,26).
nocross(20,1).
nocross(20,2).
nocross(20,3).
nocross(20,4).
nocross(20,6).
nocross(20,7).
nocross(20,8).
nocross(20,14).
nocross(20,15).
nocross(20,16).
nocross(20,17).
nocross(20,18).
nocross(20,21).
nocross(20,22).
nocross(20,23).
nocross(20,24).
nocross(20,25).
nocross(20,27).
nocross(20,28).
nocross(20,29).
nocross(21,2).
nocross(21,4).
nocross(21,7).
nocross(21,15).
nocross(21,17).
nocross(21,18).
nocross(21,20).
nocross(21,23).
nocross(21,27).
nocross(21,28).
nocross(21,29).
nocross(22,3).
nocross(22,9).
nocross(22,12).
nocross(22,13).
nocross(22,14).
nocross(22,15).
nocross(22,16).
nocross(22,20).
nocross(22,23).
nocross(22,24).
nocross(22,26).
nocross(22,27).
nocross(23,1).
nocross(23,2).
nocross(23,4).
nocross(23,7).
nocross(23,15).
nocross(23,17).
nocross(23,18).
nocross(23,20).
nocross(23,21).
nocross(23,24).
nocross(23,25).
nocross(23,27).
nocross(23,28).
nocross(23,29).
nocross(24,1).
nocross(24,2).
nocross(24,3).
nocross(24,4).
nocross(24,5).
nocross(24,7).
nocross(24,8).
nocross(24,10).
nocross(24,11).
nocross(24,12).
nocross(24,16).
nocross(24,18).
nocross(24,20).
nocross(24,23).
nocross(24,25).
nocross(24,27).
nocross(24,28).
nocross(25,1).
nocross(25,2).
nocross(25,4).
nocross(25,5).
nocross(25,7).
nocross(25,8).
nocross(25,10).
nocross(25,18).
nocross(25,20).
nocross(25,23).
nocross(25,24).
nocross(25,27).
nocross(25,28).
nocross(25,29).
nocross(26,3).
nocross(26,9).
nocross(26,11).
nocross(26,12).
nocross(26,13).
nocross(26,16).
nocross(26,19).
nocross(26,22).
nocross(26,24).
nocross(27,1).
nocross(27,2).
nocross(27,3).
nocross(27,4).
nocross(27,5).
nocross(27,7).
nocross(27,8).
nocross(27,10).
nocross(27,15).
nocross(27,18).
nocross(27,20).
nocross(27,21).
nocross(27,23).
nocross(27,24).
nocross(27,25).
nocross(27,28).
nocross(27,29).
nocross(28,1).
nocross(28,2).
nocross(28,4).
nocross(28,5).
nocross(28,7).
nocross(28,8).
nocross(28,10).
nocross(28,18).
nocross(28,23).
nocross(28,24).
nocross(28,25).
nocross(28,27).
nocross(28,29).
nocross(29,2).
nocross(29,4).
nocross(29,7).
nocross(29,15).
nocross(29,17).
nocross(29,18).
nocross(29,20).
nocross(29,21).
nocross(29,23).
nocross(29,27).
nocross(29,28).
