dimension(29).
point(1, 61.1730127191, 41.2287507811).
point(2, 95.4613191228, 27.1047202058).
point(3, 43.0518034873, 18.7654786729).
point(4, 32.3781583261, 92.3322613922).
point(5, 65.6080226373, 63.2190529504).
point(6, 97.8943687214, 11.9331698592).
point(7, 96.5269494044, 47.4102640005).
point(8, 71.7523032895, 36.2694144194).
point(9, 67.1862001968, 4.182308535).
point(10, 10.7805469512, 86.6083228649).
point(11, 56.8538319004, 67.6428596066).
point(12, 93.4005237856, 40.434115113).
point(13, 5.7617927982, 72.1053522475).
point(14, 60.2084661045, 4.5471559179).
point(15, 61.0390458639, 75.0516763729).
point(16, 25.0243261453, 96.1579003261).
point(17, 37.4380108658, 82.6850986402).
point(18, 76.857608805, 7.213511171).
point(19, 11.9523924827, 51.3055736734).
point(20, 67.3519942473, 48.8140027096).
point(21, 97.4893038374, 49.8945313578).
point(22, 85.9668151476, 9.2319242296).
point(23, 8.6724045023, 48.522196511).
point(24, 19.0512978144, 57.0921117984).
point(25, 62.0234702176, 68.4555767472).
point(26, 29.3026624195, 95.8412667329).
point(27, 31.634778377, 88.1974201535).
point(28, 80.2109422358, 64.055814922).
point(29, 37.7758075002, 47.5668673869).
cost(1, 2, 37).
cost(1, 3, 29).
cost(1, 4, 59).
cost(1, 5, 22).
cost(1, 6, 47).
cost(1, 7, 36).
cost(1, 8, 12).
cost(1, 9, 38).
cost(1, 10, 68).
cost(1, 11, 27).
cost(1, 12, 32).
cost(1, 13, 63).
cost(1, 14, 37).
cost(1, 15, 34).
cost(1, 16, 66).
cost(1, 17, 48).
cost(1, 18, 37).
cost(1, 19, 50).
cost(1, 20, 10).
cost(1, 21, 37).
cost(1, 22, 40).
cost(1, 23, 53).
cost(1, 24, 45).
cost(1, 25, 27).
cost(1, 26, 63).
cost(1, 27, 55).
cost(1, 28, 30).
cost(1, 29, 24).
cost(2, 1, 37).
cost(2, 3, 53).
cost(2, 4, 91).
cost(2, 5, 47).
cost(2, 6, 15).
cost(2, 7, 20).
cost(2, 8, 25).
cost(2, 9, 36).
cost(2, 10, 103).
cost(2, 11, 56).
cost(2, 12, 13).
cost(2, 13, 100).
cost(2, 14, 42).
cost(2, 15, 59).
cost(2, 16, 99).
cost(2, 17, 80).
cost(2, 18, 27).
cost(2, 19, 87).
cost(2, 20, 36).
cost(2, 21, 23).
cost(2, 22, 20).
cost(2, 23, 89).
cost(2, 24, 82).
cost(2, 25, 53).
cost(2, 26, 95).
cost(2, 27, 88).
cost(2, 28, 40).
cost(2, 29, 61).
cost(3, 1, 29).
cost(3, 2, 53).
cost(3, 4, 74).
cost(3, 5, 50).
cost(3, 6, 55).
cost(3, 7, 61).
cost(3, 8, 34).
cost(3, 9, 28).
cost(3, 10, 75).
cost(3, 11, 51).
cost(3, 12, 55).
cost(3, 13, 65).
cost(3, 14, 22).
cost(3, 15, 59).
cost(3, 16, 79).
cost(3, 17, 64).
cost(3, 18, 36).
cost(3, 19, 45).
cost(3, 20, 39).
cost(3, 21, 63).
cost(3, 22, 44).
cost(3, 23, 45).
cost(3, 24, 45).
cost(3, 25, 53).
cost(3, 26, 78).
cost(3, 27, 70).
cost(3, 28, 59).
cost(3, 29, 29).
cost(4, 1, 59).
cost(4, 2, 91).
cost(4, 3, 74).
cost(4, 5, 44).
cost(4, 6, 104).
cost(4, 7, 78).
cost(4, 8, 69).
cost(4, 9, 95).
cost(4, 10, 22).
cost(4, 11, 35).
cost(4, 12, 80).
cost(4, 13, 33).
cost(4, 14, 92).
cost(4, 15, 33).
cost(4, 16, 8).
cost(4, 17, 11).
cost(4, 18, 96).
cost(4, 19, 46).
cost(4, 20, 56).
cost(4, 21, 78).
cost(4, 22, 99).
cost(4, 23, 50).
cost(4, 24, 38).
cost(4, 25, 38).
cost(4, 26, 5).
cost(4, 27, 4).
cost(4, 28, 56).
cost(4, 29, 45).
cost(5, 1, 22).
cost(5, 2, 47).
cost(5, 3, 50).
cost(5, 4, 44).
cost(5, 6, 61).
cost(5, 7, 35).
cost(5, 8, 28).
cost(5, 9, 59).
cost(5, 10, 60).
cost(5, 11, 10).
cost(5, 12, 36).
cost(5, 13, 61).
cost(5, 14, 59).
cost(5, 15, 13).
cost(5, 16, 52).
cost(5, 17, 34).
cost(5, 18, 57).
cost(5, 19, 55).
cost(5, 20, 15).
cost(5, 21, 35).
cost(5, 22, 58).
cost(5, 23, 59).
cost(5, 24, 47).
cost(5, 25, 6).
cost(5, 26, 49).
cost(5, 27, 42).
cost(5, 28, 15).
cost(5, 29, 32).
cost(6, 1, 47).
cost(6, 2, 15).
cost(6, 3, 55).
cost(6, 4, 104).
cost(6, 5, 61).
cost(6, 7, 36).
cost(6, 8, 36).
cost(6, 9, 32).
cost(6, 10, 115).
cost(6, 11, 69).
cost(6, 12, 29).
cost(6, 13, 110).
cost(6, 14, 38).
cost(6, 15, 73).
cost(6, 16, 111).
cost(6, 17, 93).
cost(6, 18, 22).
cost(6, 19, 95).
cost(6, 20, 48).
cost(6, 21, 38).
cost(6, 22, 12).
cost(6, 23, 96).
cost(6, 24, 91).
cost(6, 25, 67).
cost(6, 26, 108).
cost(6, 27, 101).
cost(6, 28, 55).
cost(6, 29, 70).
cost(7, 1, 36).
cost(7, 2, 20).
cost(7, 3, 61).
cost(7, 4, 78).
cost(7, 5, 35).
cost(7, 6, 36).
cost(7, 8, 27).
cost(7, 9, 52).
cost(7, 10, 94).
cost(7, 11, 45).
cost(7, 12, 8).
cost(7, 13, 94).
cost(7, 14, 56).
cost(7, 15, 45).
cost(7, 16, 87).
cost(7, 17, 69).
cost(7, 18, 45).
cost(7, 19, 85).
cost(7, 20, 29).
cost(7, 21, 3).
cost(7, 22, 40).
cost(7, 23, 88).
cost(7, 24, 78).
cost(7, 25, 40).
cost(7, 26, 83).
cost(7, 27, 77).
cost(7, 28, 23).
cost(7, 29, 59).
cost(8, 1, 12).
cost(8, 2, 25).
cost(8, 3, 34).
cost(8, 4, 69).
cost(8, 5, 28).
cost(8, 6, 36).
cost(8, 7, 27).
cost(8, 9, 32).
cost(8, 10, 79).
cost(8, 11, 35).
cost(8, 12, 22).
cost(8, 13, 75).
cost(8, 14, 34).
cost(8, 15, 40).
cost(8, 16, 76).
cost(8, 17, 58).
cost(8, 18, 30).
cost(8, 19, 62).
cost(8, 20, 13).
cost(8, 21, 29).
cost(8, 22, 31).
cost(8, 23, 64).
cost(8, 24, 57).
cost(8, 25, 34).
cost(8, 26, 73).
cost(8, 27, 66).
cost(8, 28, 29).
cost(8, 29, 36).
cost(9, 1, 38).
cost(9, 2, 36).
cost(9, 3, 28).
cost(9, 4, 95).
cost(9, 5, 59).
cost(9, 6, 32).
cost(9, 7, 52).
cost(9, 8, 32).
cost(9, 10, 100).
cost(9, 11, 64).
cost(9, 12, 45).
cost(9, 13, 92).
cost(9, 14, 7).
cost(9, 15, 71).
cost(9, 16, 101).
cost(9, 17, 84).
cost(9, 18, 10).
cost(9, 19, 73).
cost(9, 20, 45).
cost(9, 21, 55).
cost(9, 22, 19).
cost(9, 23, 73).
cost(9, 24, 72).
cost(9, 25, 64).
cost(9, 26, 99).
cost(9, 27, 91).
cost(9, 28, 61).
cost(9, 29, 52).
cost(10, 1, 68).
cost(10, 2, 103).
cost(10, 3, 75).
cost(10, 4, 22).
cost(10, 5, 60).
cost(10, 6, 115).
cost(10, 7, 94).
cost(10, 8, 79).
cost(10, 9, 100).
cost(10, 11, 50).
cost(10, 12, 95).
cost(10, 13, 15).
cost(10, 14, 96).
cost(10, 15, 52).
cost(10, 16, 17).
cost(10, 17, 27).
cost(10, 18, 103).
cost(10, 19, 35).
cost(10, 20, 68).
cost(10, 21, 94).
cost(10, 22, 108).
cost(10, 23, 38).
cost(10, 24, 31).
cost(10, 25, 54).
cost(10, 26, 21).
cost(10, 27, 21).
cost(10, 28, 73).
cost(10, 29, 47).
cost(11, 1, 27).
cost(11, 2, 56).
cost(11, 3, 51).
cost(11, 4, 35).
cost(11, 5, 10).
cost(11, 6, 69).
cost(11, 7, 45).
cost(11, 8, 35).
cost(11, 9, 64).
cost(11, 10, 50).
cost(11, 12, 46).
cost(11, 13, 51).
cost(11, 14, 63).
cost(11, 15, 9).
cost(11, 16, 43).
cost(11, 17, 25).
cost(11, 18, 64).
cost(11, 19, 48).
cost(11, 20, 22).
cost(11, 21, 44).
cost(11, 22, 65).
cost(11, 23, 52).
cost(11, 24, 39).
cost(11, 25, 5).
cost(11, 26, 39).
cost(11, 27, 33).
cost(11, 28, 24).
cost(11, 29, 28).
cost(12, 1, 32).
cost(12, 2, 13).
cost(12, 3, 55).
cost(12, 4, 80).
cost(12, 5, 36).
cost(12, 6, 29).
cost(12, 7, 8).
cost(12, 8, 22).
cost(12, 9, 45).
cost(12, 10, 95).
cost(12, 11, 46).
cost(12, 13, 93).
cost(12, 14, 49).
cost(12, 15, 47).
cost(12, 16, 88).
cost(12, 17, 70).
cost(12, 18, 37).
cost(12, 19, 82).
cost(12, 20, 27).
cost(12, 21, 10).
cost(12, 22, 32).
cost(12, 23, 85).
cost(12, 24, 76).
cost(12, 25, 42).
cost(12, 26, 85).
cost(12, 27, 78).
cost(12, 28, 27).
cost(12, 29, 56).
cost(13, 1, 63).
cost(13, 2, 100).
cost(13, 3, 65).
cost(13, 4, 33).
cost(13, 5, 61).
cost(13, 6, 110).
cost(13, 7, 94).
cost(13, 8, 75).
cost(13, 9, 92).
cost(13, 10, 15).
cost(13, 11, 51).
cost(13, 12, 93).
cost(13, 14, 87).
cost(13, 15, 55).
cost(13, 16, 31).
cost(13, 17, 33).
cost(13, 18, 96).
cost(13, 19, 22).
cost(13, 20, 66).
cost(13, 21, 94).
cost(13, 22, 102).
cost(13, 23, 24).
cost(13, 24, 20).
cost(13, 25, 56).
cost(13, 26, 33).
cost(13, 27, 30).
cost(13, 28, 75).
cost(13, 29, 40).
cost(14, 1, 37).
cost(14, 2, 42).
cost(14, 3, 22).
cost(14, 4, 92).
cost(14, 5, 59).
cost(14, 6, 38).
cost(14, 7, 56).
cost(14, 8, 34).
cost(14, 9, 7).
cost(14, 10, 96).
cost(14, 11, 63).
cost(14, 12, 49).
cost(14, 13, 87).
cost(14, 15, 71).
cost(14, 16, 98).
cost(14, 17, 81).
cost(14, 18, 17).
cost(14, 19, 67).
cost(14, 20, 45).
cost(14, 21, 59).
cost(14, 22, 26).
cost(14, 23, 68).
cost(14, 24, 67).
cost(14, 25, 64).
cost(14, 26, 96).
cost(14, 27, 88).
cost(14, 28, 63).
cost(14, 29, 49).
cost(15, 1, 34).
cost(15, 2, 59).
cost(15, 3, 59).
cost(15, 4, 33).
cost(15, 5, 13).
cost(15, 6, 73).
cost(15, 7, 45).
cost(15, 8, 40).
cost(15, 9, 71).
cost(15, 10, 52).
cost(15, 11, 9).
cost(15, 12, 47).
cost(15, 13, 55).
cost(15, 14, 71).
cost(15, 16, 42).
cost(15, 17, 25).
cost(15, 18, 70).
cost(15, 19, 55).
cost(15, 20, 27).
cost(15, 21, 44).
cost(15, 22, 70).
cost(15, 23, 59).
cost(15, 24, 46).
cost(15, 25, 7).
cost(15, 26, 38).
cost(15, 27, 32).
cost(15, 28, 22).
cost(15, 29, 36).
cost(16, 1, 66).
cost(16, 2, 99).
cost(16, 3, 79).
cost(16, 4, 8).
cost(16, 5, 52).
cost(16, 6, 111).
cost(16, 7, 87).
cost(16, 8, 76).
cost(16, 9, 101).
cost(16, 10, 17).
cost(16, 11, 43).
cost(16, 12, 88).
cost(16, 13, 31).
cost(16, 14, 98).
cost(16, 15, 42).
cost(16, 17, 18).
cost(16, 18, 103).
cost(16, 19, 47).
cost(16, 20, 64).
cost(16, 21, 86).
cost(16, 22, 106).
cost(16, 23, 50).
cost(16, 24, 40).
cost(16, 25, 46).
cost(16, 26, 4).
cost(16, 27, 10).
cost(16, 28, 64).
cost(16, 29, 50).
cost(17, 1, 48).
cost(17, 2, 80).
cost(17, 3, 64).
cost(17, 4, 11).
cost(17, 5, 34).
cost(17, 6, 93).
cost(17, 7, 69).
cost(17, 8, 58).
cost(17, 9, 84).
cost(17, 10, 27).
cost(17, 11, 25).
cost(17, 12, 70).
cost(17, 13, 33).
cost(17, 14, 81).
cost(17, 15, 25).
cost(17, 16, 18).
cost(17, 18, 85).
cost(17, 19, 40).
cost(17, 20, 45).
cost(17, 21, 68).
cost(17, 22, 88).
cost(17, 23, 45).
cost(17, 24, 32).
cost(17, 25, 28).
cost(17, 26, 15).
cost(17, 27, 8).
cost(17, 28, 47).
cost(17, 29, 35).
cost(18, 1, 37).
cost(18, 2, 27).
cost(18, 3, 36).
cost(18, 4, 96).
cost(18, 5, 57).
cost(18, 6, 22).
cost(18, 7, 45).
cost(18, 8, 30).
cost(18, 9, 10).
cost(18, 10, 103).
cost(18, 11, 64).
cost(18, 12, 37).
cost(18, 13, 96).
cost(18, 14, 17).
cost(18, 15, 70).
cost(18, 16, 103).
cost(18, 17, 85).
cost(18, 19, 78).
cost(18, 20, 43).
cost(18, 21, 47).
cost(18, 22, 9).
cost(18, 23, 80).
cost(18, 24, 76).
cost(18, 25, 63).
cost(18, 26, 101).
cost(18, 27, 93).
cost(18, 28, 57).
cost(18, 29, 56).
cost(19, 1, 50).
cost(19, 2, 87).
cost(19, 3, 45).
cost(19, 4, 46).
cost(19, 5, 55).
cost(19, 6, 95).
cost(19, 7, 85).
cost(19, 8, 62).
cost(19, 9, 73).
cost(19, 10, 35).
cost(19, 11, 48).
cost(19, 12, 82).
cost(19, 13, 22).
cost(19, 14, 67).
cost(19, 15, 55).
cost(19, 16, 47).
cost(19, 17, 40).
cost(19, 18, 78).
cost(19, 20, 55).
cost(19, 21, 86).
cost(19, 22, 85).
cost(19, 23, 4).
cost(19, 24, 9).
cost(19, 25, 53).
cost(19, 26, 48).
cost(19, 27, 42).
cost(19, 28, 69).
cost(19, 29, 26).
cost(20, 1, 10).
cost(20, 2, 36).
cost(20, 3, 39).
cost(20, 4, 56).
cost(20, 5, 15).
cost(20, 6, 48).
cost(20, 7, 29).
cost(20, 8, 13).
cost(20, 9, 45).
cost(20, 10, 68).
cost(20, 11, 22).
cost(20, 12, 27).
cost(20, 13, 66).
cost(20, 14, 45).
cost(20, 15, 27).
cost(20, 16, 64).
cost(20, 17, 45).
cost(20, 18, 43).
cost(20, 19, 55).
cost(20, 21, 30).
cost(20, 22, 44).
cost(20, 23, 59).
cost(20, 24, 49).
cost(20, 25, 20).
cost(20, 26, 60).
cost(20, 27, 53).
cost(20, 28, 20).
cost(20, 29, 30).
cost(21, 1, 37).
cost(21, 2, 23).
cost(21, 3, 63).
cost(21, 4, 78).
cost(21, 5, 35).
cost(21, 6, 38).
cost(21, 7, 3).
cost(21, 8, 29).
cost(21, 9, 55).
cost(21, 10, 94).
cost(21, 11, 44).
cost(21, 12, 10).
cost(21, 13, 94).
cost(21, 14, 59).
cost(21, 15, 44).
cost(21, 16, 86).
cost(21, 17, 68).
cost(21, 18, 47).
cost(21, 19, 86).
cost(21, 20, 30).
cost(21, 22, 42).
cost(21, 23, 89).
cost(21, 24, 79).
cost(21, 25, 40).
cost(21, 26, 82).
cost(21, 27, 76).
cost(21, 28, 22).
cost(21, 29, 60).
cost(22, 1, 40).
cost(22, 2, 20).
cost(22, 3, 44).
cost(22, 4, 99).
cost(22, 5, 58).
cost(22, 6, 12).
cost(22, 7, 40).
cost(22, 8, 31).
cost(22, 9, 19).
cost(22, 10, 108).
cost(22, 11, 65).
cost(22, 12, 32).
cost(22, 13, 102).
cost(22, 14, 26).
cost(22, 15, 70).
cost(22, 16, 106).
cost(22, 17, 88).
cost(22, 18, 9).
cost(22, 19, 85).
cost(22, 20, 44).
cost(22, 21, 42).
cost(22, 23, 87).
cost(22, 24, 82).
cost(22, 25, 64).
cost(22, 26, 103).
cost(22, 27, 96).
cost(22, 28, 55).
cost(22, 29, 62).
cost(23, 1, 53).
cost(23, 2, 89).
cost(23, 3, 45).
cost(23, 4, 50).
cost(23, 5, 59).
cost(23, 6, 96).
cost(23, 7, 88).
cost(23, 8, 64).
cost(23, 9, 73).
cost(23, 10, 38).
cost(23, 11, 52).
cost(23, 12, 85).
cost(23, 13, 24).
cost(23, 14, 68).
cost(23, 15, 59).
cost(23, 16, 50).
cost(23, 17, 45).
cost(23, 18, 80).
cost(23, 19, 4).
cost(23, 20, 59).
cost(23, 21, 89).
cost(23, 22, 87).
cost(23, 24, 13).
cost(23, 25, 57).
cost(23, 26, 52).
cost(23, 27, 46).
cost(23, 28, 73).
cost(23, 29, 29).
cost(24, 1, 45).
cost(24, 2, 82).
cost(24, 3, 45).
cost(24, 4, 38).
cost(24, 5, 47).
cost(24, 6, 91).
cost(24, 7, 78).
cost(24, 8, 57).
cost(24, 9, 72).
cost(24, 10, 31).
cost(24, 11, 39).
cost(24, 12, 76).
cost(24, 13, 20).
cost(24, 14, 67).
cost(24, 15, 46).
cost(24, 16, 40).
cost(24, 17, 32).
cost(24, 18, 76).
cost(24, 19, 9).
cost(24, 20, 49).
cost(24, 21, 79).
cost(24, 22, 82).
cost(24, 23, 13).
cost(24, 25, 44).
cost(24, 26, 40).
cost(24, 27, 34).
cost(24, 28, 62).
cost(24, 29, 21).
cost(25, 1, 27).
cost(25, 2, 53).
cost(25, 3, 53).
cost(25, 4, 38).
cost(25, 5, 6).
cost(25, 6, 67).
cost(25, 7, 40).
cost(25, 8, 34).
cost(25, 9, 64).
cost(25, 10, 54).
cost(25, 11, 5).
cost(25, 12, 42).
cost(25, 13, 56).
cost(25, 14, 64).
cost(25, 15, 7).
cost(25, 16, 46).
cost(25, 17, 28).
cost(25, 18, 63).
cost(25, 19, 53).
cost(25, 20, 20).
cost(25, 21, 40).
cost(25, 22, 64).
cost(25, 23, 57).
cost(25, 24, 44).
cost(25, 26, 43).
cost(25, 27, 36).
cost(25, 28, 19).
cost(25, 29, 32).
cost(26, 1, 63).
cost(26, 2, 95).
cost(26, 3, 78).
cost(26, 4, 5).
cost(26, 5, 49).
cost(26, 6, 108).
cost(26, 7, 83).
cost(26, 8, 73).
cost(26, 9, 99).
cost(26, 10, 21).
cost(26, 11, 39).
cost(26, 12, 85).
cost(26, 13, 33).
cost(26, 14, 96).
cost(26, 15, 38).
cost(26, 16, 4).
cost(26, 17, 15).
cost(26, 18, 101).
cost(26, 19, 48).
cost(26, 20, 60).
cost(26, 21, 82).
cost(26, 22, 103).
cost(26, 23, 52).
cost(26, 24, 40).
cost(26, 25, 43).
cost(26, 27, 8).
cost(26, 28, 60).
cost(26, 29, 49).
cost(27, 1, 55).
cost(27, 2, 88).
cost(27, 3, 70).
cost(27, 4, 4).
cost(27, 5, 42).
cost(27, 6, 101).
cost(27, 7, 77).
cost(27, 8, 66).
cost(27, 9, 91).
cost(27, 10, 21).
cost(27, 11, 33).
cost(27, 12, 78).
cost(27, 13, 30).
cost(27, 14, 88).
cost(27, 15, 32).
cost(27, 16, 10).
cost(27, 17, 8).
cost(27, 18, 93).
cost(27, 19, 42).
cost(27, 20, 53).
cost(27, 21, 76).
cost(27, 22, 96).
cost(27, 23, 46).
cost(27, 24, 34).
cost(27, 25, 36).
cost(27, 26, 8).
cost(27, 28, 54).
cost(27, 29, 41).
cost(28, 1, 30).
cost(28, 2, 40).
cost(28, 3, 59).
cost(28, 4, 56).
cost(28, 5, 15).
cost(28, 6, 55).
cost(28, 7, 23).
cost(28, 8, 29).
cost(28, 9, 61).
cost(28, 10, 73).
cost(28, 11, 24).
cost(28, 12, 27).
cost(28, 13, 75).
cost(28, 14, 63).
cost(28, 15, 22).
cost(28, 16, 64).
cost(28, 17, 47).
cost(28, 18, 57).
cost(28, 19, 69).
cost(28, 20, 20).
cost(28, 21, 22).
cost(28, 22, 55).
cost(28, 23, 73).
cost(28, 24, 62).
cost(28, 25, 19).
cost(28, 26, 60).
cost(28, 27, 54).
cost(28, 29, 46).
cost(29, 1, 24).
cost(29, 2, 61).
cost(29, 3, 29).
cost(29, 4, 45).
cost(29, 5, 32).
cost(29, 6, 70).
cost(29, 7, 59).
cost(29, 8, 36).
cost(29, 9, 52).
cost(29, 10, 47).
cost(29, 11, 28).
cost(29, 12, 56).
cost(29, 13, 40).
cost(29, 14, 49).
cost(29, 15, 36).
cost(29, 16, 50).
cost(29, 17, 35).
cost(29, 18, 56).
cost(29, 19, 26).
cost(29, 20, 30).
cost(29, 21, 60).
cost(29, 22, 62).
cost(29, 23, 29).
cost(29, 24, 21).
cost(29, 25, 32).
cost(29, 26, 49).
cost(29, 27, 41).
cost(29, 28, 46).
nocross(1,3).
nocross(1,5).
nocross(1,7).
nocross(1,8).
nocross(1,9).
nocross(1,11).
nocross(1,12).
nocross(1,14).
nocross(1,15).
nocross(1,18).
nocross(1,20).
nocross(1,21).
nocross(1,25).
nocross(1,29).
nocross(2,1).
nocross(2,6).
nocross(2,7).
nocross(2,8).
nocross(2,9).
nocross(2,12).
nocross(2,18).
nocross(2,20).
nocross(2,21).
nocross(2,22).
nocross(3,1).
nocross(3,5).
nocross(3,8).
nocross(3,9).
nocross(3,11).
nocross(3,14).
nocross(3,18).
nocross(3,19).
nocross(3,20).
nocross(3,23).
nocross(3,24).
nocross(3,25).
nocross(3,29).
nocross(4,10).
nocross(4,11).
nocross(4,13).
nocross(4,15).
nocross(4,16).
nocross(4,17).
nocross(4,26).
nocross(4,27).
nocross(5,1).
nocross(5,7).
nocross(5,8).
nocross(5,11).
nocross(5,12).
nocross(5,15).
nocross(5,16).
nocross(5,17).
nocross(5,20).
nocross(5,21).
nocross(5,25).
nocross(5,26).
nocross(5,28).
nocross(6,2).
nocross(6,7).
nocross(6,8).
nocross(6,9).
nocross(6,12).
nocross(6,14).
nocross(6,18).
nocross(6,21).
nocross(6,22).
nocross(7,2).
nocross(7,6).
nocross(7,8).
nocross(7,12).
nocross(7,20).
nocross(7,21).
nocross(7,28).
nocross(8,1).
nocross(8,2).
nocross(8,3).
nocross(8,5).
nocross(8,6).
nocross(8,7).
nocross(8,9).
nocross(8,11).
nocross(8,12).
nocross(8,14).
nocross(8,18).
nocross(8,20).
nocross(8,21).
nocross(8,22).
nocross(8,25).
nocross(8,28).
nocross(8,29).
nocross(9,1).
nocross(9,2).
nocross(9,3).
nocross(9,6).
nocross(9,8).
nocross(9,14).
nocross(9,18).
nocross(9,22).
nocross(10,4).
nocross(10,11).
nocross(10,13).
nocross(10,16).
nocross(10,17).
nocross(10,19).
nocross(10,23).
nocross(10,24).
nocross(10,26).
nocross(10,27).
nocross(11,1).
nocross(11,4).
nocross(11,5).
nocross(11,7).
nocross(11,15).
nocross(11,16).
nocross(11,17).
nocross(11,20).
nocross(11,25).
nocross(11,26).
nocross(11,28).
nocross(11,29).
nocross(12,1).
nocross(12,2).
nocross(12,5).
nocross(12,6).
nocross(12,7).
nocross(12,8).
nocross(12,20).
nocross(12,21).
nocross(12,22).
nocross(12,28).
nocross(13,4).
nocross(13,10).
nocross(13,11).
nocross(13,16).
nocross(13,17).
nocross(13,19).
nocross(13,23).
nocross(13,24).
nocross(13,26).
nocross(13,27).
nocross(13,29).
nocross(14,1).
nocross(14,3).
nocross(14,8).
nocross(14,9).
nocross(14,18).
nocross(14,22).
nocross(15,4).
nocross(15,5).
nocross(15,11).
nocross(15,16).
nocross(15,17).
nocross(15,20).
nocross(15,25).
nocross(15,26).
nocross(15,27).
nocross(15,28).
nocross(16,4).
nocross(16,10).
nocross(16,13).
nocross(16,17).
nocross(16,26).
nocross(16,27).
nocross(17,4).
nocross(17,10).
nocross(17,11).
nocross(17,13).
nocross(17,15).
nocross(17,16).
nocross(17,19).
nocross(17,24).
nocross(17,25).
nocross(17,26).
nocross(17,27).
nocross(17,29).
nocross(18,1).
nocross(18,2).
nocross(18,6).
nocross(18,8).
nocross(18,9).
nocross(18,12).
nocross(18,14).
nocross(18,22).
nocross(19,3).
nocross(19,10).
nocross(19,11).
nocross(19,13).
nocross(19,23).
nocross(19,24).
nocross(19,29).
nocross(20,1).
nocross(20,2).
nocross(20,5).
nocross(20,6).
nocross(20,7).
nocross(20,8).
nocross(20,11).
nocross(20,12).
nocross(20,15).
nocross(20,21).
nocross(20,25).
nocross(20,28).
nocross(20,29).
nocross(21,2).
nocross(21,6).
nocross(21,7).
nocross(21,8).
nocross(21,12).
nocross(21,20).
nocross(21,28).
nocross(22,2).
nocross(22,6).
nocross(22,7).
nocross(22,8).
nocross(22,9).
nocross(22,12).
nocross(22,14).
nocross(22,18).
nocross(23,3).
nocross(23,10).
nocross(23,13).
nocross(23,19).
nocross(23,24).
nocross(23,29).
nocross(24,4).
nocross(24,10).
nocross(24,11).
nocross(24,13).
nocross(24,16).
nocross(24,17).
nocross(24,19).
nocross(24,23).
nocross(24,26).
nocross(24,27).
nocross(24,29).
nocross(25,1).
nocross(25,4).
nocross(25,5).
nocross(25,11).
nocross(25,15).
nocross(25,16).
nocross(25,17).
nocross(25,20).
nocross(25,26).
nocross(25,28).
nocross(25,29).
nocross(26,4).
nocross(26,10).
nocross(26,13).
nocross(26,15).
nocross(26,16).
nocross(26,17).
nocross(26,27).
nocross(27,4).
nocross(27,10).
nocross(27,11).
nocross(27,13).
nocross(27,15).
nocross(27,16).
nocross(27,17).
nocross(27,26).
nocross(28,1).
nocross(28,5).
nocross(28,7).
nocross(28,8).
nocross(28,11).
nocross(28,12).
nocross(28,15).
nocross(28,20).
nocross(28,21).
nocross(28,25).
nocross(29,1).
nocross(29,3).
nocross(29,4).
nocross(29,5).
nocross(29,8).
nocross(29,10).
nocross(29,11).
nocross(29,13).
nocross(29,15).
nocross(29,17).
nocross(29,19).
nocross(29,20).
nocross(29,23).
nocross(29,24).
nocross(29,25).
nocross(29,27).
