dimension(29).
point(1, 30.2536854199, 85.4484537044).
point(2, 67.0940186448, 27.882515646).
point(3, 82.1029944425, 3.3508464187).
point(4, 26.7058919622, 27.980355463).
point(5, 37.6439602996, 3.2095181537).
point(6, 70.0962977051, 0.9576047579).
point(7, 58.6001233799, 29.1443781427).
point(8, 73.8665064765, 33.5044319271).
point(9, 94.8941059568, 76.736842064).
point(10, 13.2932955827, 44.923069264).
point(11, 26.2005448059, 37.1081160955).
point(12, 46.33118958, 79.0174041213).
point(13, 30.942431647, 25.5324898431).
point(14, 64.5327052457, 83.3503011325).
point(15, 18.6349384869, 54.5253101385).
point(16, 17.7393486075, 77.4126918646).
point(17, 39.8786707067, 63.5240552968).
point(18, 90.6452457358, 81.7895465065).
point(19, 60.0828438494, 5.3965759006).
point(20, 86.0412723307, 84.0416936815).
point(21, 87.5363627841, 69.4438998676).
point(22, 68.6298246129, 22.7501469651).
point(23, 17.3880230697, 56.2972339268).
point(24, 28.1084285266, 85.182700866).
point(25, 11.589880857, 79.0216638457).
point(26, 43.8111133068, 89.8289104181).
point(27, 38.3125980815, 36.5001645358).
point(28, 82.0688634402, 15.7641243956).
point(29, 18.1478396549, 29.1276449495).
cost(1, 2, 68).
cost(1, 3, 97).
cost(1, 4, 58).
cost(1, 5, 83).
cost(1, 6, 93).
cost(1, 7, 63).
cost(1, 8, 68).
cost(1, 9, 65).
cost(1, 10, 44).
cost(1, 11, 49).
cost(1, 12, 17).
cost(1, 13, 60).
cost(1, 14, 34).
cost(1, 15, 33).
cost(1, 16, 15).
cost(1, 17, 24).
cost(1, 18, 61).
cost(1, 19, 85).
cost(1, 20, 56).
cost(1, 21, 59).
cost(1, 22, 74).
cost(1, 23, 32).
cost(1, 24, 2).
cost(1, 25, 20).
cost(1, 26, 14).
cost(1, 27, 50).
cost(1, 28, 87).
cost(1, 29, 58).
cost(2, 1, 68).
cost(2, 3, 29).
cost(2, 4, 40).
cost(2, 5, 38).
cost(2, 6, 27).
cost(2, 7, 9).
cost(2, 8, 9).
cost(2, 9, 56).
cost(2, 10, 56).
cost(2, 11, 42).
cost(2, 12, 55).
cost(2, 13, 36).
cost(2, 14, 56).
cost(2, 15, 55).
cost(2, 16, 70).
cost(2, 17, 45).
cost(2, 18, 59).
cost(2, 19, 24).
cost(2, 20, 59).
cost(2, 21, 46).
cost(2, 22, 5).
cost(2, 23, 57).
cost(2, 24, 69).
cost(2, 25, 75).
cost(2, 26, 66).
cost(2, 27, 30).
cost(2, 28, 19).
cost(2, 29, 49).
cost(3, 1, 97).
cost(3, 2, 29).
cost(3, 4, 61).
cost(3, 5, 44).
cost(3, 6, 12).
cost(3, 7, 35).
cost(3, 8, 31).
cost(3, 9, 74).
cost(3, 10, 80).
cost(3, 11, 65).
cost(3, 12, 84).
cost(3, 13, 56).
cost(3, 14, 82).
cost(3, 15, 82).
cost(3, 16, 98).
cost(3, 17, 74).
cost(3, 18, 79).
cost(3, 19, 22).
cost(3, 20, 81).
cost(3, 21, 66).
cost(3, 22, 24).
cost(3, 23, 84).
cost(3, 24, 98).
cost(3, 25, 103).
cost(3, 26, 95).
cost(3, 27, 55).
cost(3, 28, 12).
cost(3, 29, 69).
cost(4, 1, 58).
cost(4, 2, 40).
cost(4, 3, 61).
cost(4, 5, 27).
cost(4, 6, 51).
cost(4, 7, 32).
cost(4, 8, 47).
cost(4, 9, 84).
cost(4, 10, 22).
cost(4, 11, 9).
cost(4, 12, 55).
cost(4, 13, 5).
cost(4, 14, 67).
cost(4, 15, 28).
cost(4, 16, 50).
cost(4, 17, 38).
cost(4, 18, 84).
cost(4, 19, 40).
cost(4, 20, 82).
cost(4, 21, 74).
cost(4, 22, 42).
cost(4, 23, 30).
cost(4, 24, 57).
cost(4, 25, 53).
cost(4, 26, 64).
cost(4, 27, 14).
cost(4, 28, 57).
cost(4, 29, 9).
cost(5, 1, 83).
cost(5, 2, 38).
cost(5, 3, 44).
cost(5, 4, 27).
cost(5, 6, 33).
cost(5, 7, 33).
cost(5, 8, 47).
cost(5, 9, 93).
cost(5, 10, 48).
cost(5, 11, 36).
cost(5, 12, 76).
cost(5, 13, 23).
cost(5, 14, 85).
cost(5, 15, 55).
cost(5, 16, 77).
cost(5, 17, 60).
cost(5, 18, 95).
cost(5, 19, 23).
cost(5, 20, 94).
cost(5, 21, 83).
cost(5, 22, 37).
cost(5, 23, 57).
cost(5, 24, 83).
cost(5, 25, 80).
cost(5, 26, 87).
cost(5, 27, 33).
cost(5, 28, 46).
cost(5, 29, 32).
cost(6, 1, 93).
cost(6, 2, 27).
cost(6, 3, 12).
cost(6, 4, 51).
cost(6, 5, 33).
cost(6, 7, 30).
cost(6, 8, 33).
cost(6, 9, 80).
cost(6, 10, 72).
cost(6, 11, 57).
cost(6, 12, 82).
cost(6, 13, 46).
cost(6, 14, 83).
cost(6, 15, 74).
cost(6, 16, 93).
cost(6, 17, 69).
cost(6, 18, 83).
cost(6, 19, 11).
cost(6, 20, 85).
cost(6, 21, 71).
cost(6, 22, 22).
cost(6, 23, 76).
cost(6, 24, 94).
cost(6, 25, 98).
cost(6, 26, 93).
cost(6, 27, 48).
cost(6, 28, 19).
cost(6, 29, 59).
cost(7, 1, 63).
cost(7, 2, 9).
cost(7, 3, 35).
cost(7, 4, 32).
cost(7, 5, 33).
cost(7, 6, 30).
cost(7, 8, 16).
cost(7, 9, 60).
cost(7, 10, 48).
cost(7, 11, 33).
cost(7, 12, 51).
cost(7, 13, 28).
cost(7, 14, 55).
cost(7, 15, 47).
cost(7, 16, 63).
cost(7, 17, 39).
cost(7, 18, 62).
cost(7, 19, 24).
cost(7, 20, 61).
cost(7, 21, 50).
cost(7, 22, 12).
cost(7, 23, 49).
cost(7, 24, 64).
cost(7, 25, 69).
cost(7, 26, 62).
cost(7, 27, 22).
cost(7, 28, 27).
cost(7, 29, 40).
cost(8, 1, 68).
cost(8, 2, 9).
cost(8, 3, 31).
cost(8, 4, 47).
cost(8, 5, 47).
cost(8, 6, 33).
cost(8, 7, 16).
cost(8, 9, 48).
cost(8, 10, 62).
cost(8, 11, 48).
cost(8, 12, 53).
cost(8, 13, 44).
cost(8, 14, 51).
cost(8, 15, 59).
cost(8, 16, 71).
cost(8, 17, 45).
cost(8, 18, 51).
cost(8, 19, 31).
cost(8, 20, 52).
cost(8, 21, 38).
cost(8, 22, 12).
cost(8, 23, 61).
cost(8, 24, 69).
cost(8, 25, 77).
cost(8, 26, 64).
cost(8, 27, 36).
cost(8, 28, 20).
cost(8, 29, 56).
cost(9, 1, 65).
cost(9, 2, 56).
cost(9, 3, 74).
cost(9, 4, 84).
cost(9, 5, 93).
cost(9, 6, 80).
cost(9, 7, 60).
cost(9, 8, 48).
cost(9, 10, 88).
cost(9, 11, 79).
cost(9, 12, 49).
cost(9, 13, 82).
cost(9, 14, 31).
cost(9, 15, 79).
cost(9, 16, 77).
cost(9, 17, 57).
cost(9, 18, 7).
cost(9, 19, 79).
cost(9, 20, 11).
cost(9, 21, 10).
cost(9, 22, 60).
cost(9, 23, 80).
cost(9, 24, 67).
cost(9, 25, 83).
cost(9, 26, 53).
cost(9, 27, 69).
cost(9, 28, 62).
cost(9, 29, 90).
cost(10, 1, 44).
cost(10, 2, 56).
cost(10, 3, 80).
cost(10, 4, 22).
cost(10, 5, 48).
cost(10, 6, 72).
cost(10, 7, 48).
cost(10, 8, 62).
cost(10, 9, 88).
cost(10, 11, 15).
cost(10, 12, 47).
cost(10, 13, 26).
cost(10, 14, 64).
cost(10, 15, 11).
cost(10, 16, 33).
cost(10, 17, 32).
cost(10, 18, 86).
cost(10, 19, 61).
cost(10, 20, 83).
cost(10, 21, 78).
cost(10, 22, 60).
cost(10, 23, 12).
cost(10, 24, 43).
cost(10, 25, 34).
cost(10, 26, 54).
cost(10, 27, 26).
cost(10, 28, 75).
cost(10, 29, 17).
cost(11, 1, 49).
cost(11, 2, 42).
cost(11, 3, 65).
cost(11, 4, 9).
cost(11, 5, 36).
cost(11, 6, 57).
cost(11, 7, 33).
cost(11, 8, 48).
cost(11, 9, 79).
cost(11, 10, 15).
cost(11, 12, 46).
cost(11, 13, 13).
cost(11, 14, 60).
cost(11, 15, 19).
cost(11, 16, 41).
cost(11, 17, 30).
cost(11, 18, 78).
cost(11, 19, 46).
cost(11, 20, 76).
cost(11, 21, 69).
cost(11, 22, 45).
cost(11, 23, 21).
cost(11, 24, 48).
cost(11, 25, 44).
cost(11, 26, 56).
cost(11, 27, 12).
cost(11, 28, 60).
cost(11, 29, 11).
cost(12, 1, 17).
cost(12, 2, 55).
cost(12, 3, 84).
cost(12, 4, 55).
cost(12, 5, 76).
cost(12, 6, 82).
cost(12, 7, 51).
cost(12, 8, 53).
cost(12, 9, 49).
cost(12, 10, 47).
cost(12, 11, 46).
cost(12, 13, 56).
cost(12, 14, 19).
cost(12, 15, 37).
cost(12, 16, 29).
cost(12, 17, 17).
cost(12, 18, 44).
cost(12, 19, 75).
cost(12, 20, 40).
cost(12, 21, 42).
cost(12, 22, 61).
cost(12, 23, 37).
cost(12, 24, 19).
cost(12, 25, 35).
cost(12, 26, 11).
cost(12, 27, 43).
cost(12, 28, 73).
cost(12, 29, 57).
cost(13, 1, 60).
cost(13, 2, 36).
cost(13, 3, 56).
cost(13, 4, 5).
cost(13, 5, 23).
cost(13, 6, 46).
cost(13, 7, 28).
cost(13, 8, 44).
cost(13, 9, 82).
cost(13, 10, 26).
cost(13, 11, 13).
cost(13, 12, 56).
cost(13, 14, 67).
cost(13, 15, 31).
cost(13, 16, 54).
cost(13, 17, 39).
cost(13, 18, 82).
cost(13, 19, 35).
cost(13, 20, 80).
cost(13, 21, 72).
cost(13, 22, 38).
cost(13, 23, 34).
cost(13, 24, 60).
cost(13, 25, 57).
cost(13, 26, 66).
cost(13, 27, 13).
cost(13, 28, 52).
cost(13, 29, 13).
cost(14, 1, 34).
cost(14, 2, 56).
cost(14, 3, 82).
cost(14, 4, 67).
cost(14, 5, 85).
cost(14, 6, 83).
cost(14, 7, 55).
cost(14, 8, 51).
cost(14, 9, 31).
cost(14, 10, 64).
cost(14, 11, 60).
cost(14, 12, 19).
cost(14, 13, 67).
cost(14, 15, 54).
cost(14, 16, 47).
cost(14, 17, 32).
cost(14, 18, 26).
cost(14, 19, 78).
cost(14, 20, 22).
cost(14, 21, 27).
cost(14, 22, 61).
cost(14, 23, 54).
cost(14, 24, 36).
cost(14, 25, 53).
cost(14, 26, 22).
cost(14, 27, 54).
cost(14, 28, 70).
cost(14, 29, 71).
cost(15, 1, 33).
cost(15, 2, 55).
cost(15, 3, 82).
cost(15, 4, 28).
cost(15, 5, 55).
cost(15, 6, 74).
cost(15, 7, 47).
cost(15, 8, 59).
cost(15, 9, 79).
cost(15, 10, 11).
cost(15, 11, 19).
cost(15, 12, 37).
cost(15, 13, 31).
cost(15, 14, 54).
cost(15, 16, 23).
cost(15, 17, 23).
cost(15, 18, 77).
cost(15, 19, 64).
cost(15, 20, 74).
cost(15, 21, 70).
cost(15, 22, 59).
cost(15, 23, 2).
cost(15, 24, 32).
cost(15, 25, 25).
cost(15, 26, 43).
cost(15, 27, 27).
cost(15, 28, 74).
cost(15, 29, 25).
cost(16, 1, 15).
cost(16, 2, 70).
cost(16, 3, 98).
cost(16, 4, 50).
cost(16, 5, 77).
cost(16, 6, 93).
cost(16, 7, 63).
cost(16, 8, 71).
cost(16, 9, 77).
cost(16, 10, 33).
cost(16, 11, 41).
cost(16, 12, 29).
cost(16, 13, 54).
cost(16, 14, 47).
cost(16, 15, 23).
cost(16, 17, 26).
cost(16, 18, 73).
cost(16, 19, 84).
cost(16, 20, 69).
cost(16, 21, 70).
cost(16, 22, 75).
cost(16, 23, 21).
cost(16, 24, 13).
cost(16, 25, 6).
cost(16, 26, 29).
cost(16, 27, 46).
cost(16, 28, 89).
cost(16, 29, 48).
cost(17, 1, 24).
cost(17, 2, 45).
cost(17, 3, 74).
cost(17, 4, 38).
cost(17, 5, 60).
cost(17, 6, 69).
cost(17, 7, 39).
cost(17, 8, 45).
cost(17, 9, 57).
cost(17, 10, 32).
cost(17, 11, 30).
cost(17, 12, 17).
cost(17, 13, 39).
cost(17, 14, 32).
cost(17, 15, 23).
cost(17, 16, 26).
cost(17, 18, 54).
cost(17, 19, 62).
cost(17, 20, 51).
cost(17, 21, 48).
cost(17, 22, 50).
cost(17, 23, 24).
cost(17, 24, 25).
cost(17, 25, 32).
cost(17, 26, 27).
cost(17, 27, 27).
cost(17, 28, 64).
cost(17, 29, 41).
cost(18, 1, 61).
cost(18, 2, 59).
cost(18, 3, 79).
cost(18, 4, 84).
cost(18, 5, 95).
cost(18, 6, 83).
cost(18, 7, 62).
cost(18, 8, 51).
cost(18, 9, 7).
cost(18, 10, 86).
cost(18, 11, 78).
cost(18, 12, 44).
cost(18, 13, 82).
cost(18, 14, 26).
cost(18, 15, 77).
cost(18, 16, 73).
cost(18, 17, 54).
cost(18, 19, 82).
cost(18, 20, 5).
cost(18, 21, 13).
cost(18, 22, 63).
cost(18, 23, 78).
cost(18, 24, 63).
cost(18, 25, 79).
cost(18, 26, 48).
cost(18, 27, 69).
cost(18, 28, 67).
cost(18, 29, 90).
cost(19, 1, 85).
cost(19, 2, 24).
cost(19, 3, 22).
cost(19, 4, 40).
cost(19, 5, 23).
cost(19, 6, 11).
cost(19, 7, 24).
cost(19, 8, 31).
cost(19, 9, 79).
cost(19, 10, 61).
cost(19, 11, 46).
cost(19, 12, 75).
cost(19, 13, 35).
cost(19, 14, 78).
cost(19, 15, 64).
cost(19, 16, 84).
cost(19, 17, 62).
cost(19, 18, 82).
cost(19, 20, 83).
cost(19, 21, 70).
cost(19, 22, 19).
cost(19, 23, 66).
cost(19, 24, 86).
cost(19, 25, 88).
cost(19, 26, 86).
cost(19, 27, 38).
cost(19, 28, 24).
cost(19, 29, 48).
cost(20, 1, 56).
cost(20, 2, 59).
cost(20, 3, 81).
cost(20, 4, 82).
cost(20, 5, 94).
cost(20, 6, 85).
cost(20, 7, 61).
cost(20, 8, 52).
cost(20, 9, 11).
cost(20, 10, 83).
cost(20, 11, 76).
cost(20, 12, 40).
cost(20, 13, 80).
cost(20, 14, 22).
cost(20, 15, 74).
cost(20, 16, 69).
cost(20, 17, 51).
cost(20, 18, 5).
cost(20, 19, 83).
cost(20, 21, 15).
cost(20, 22, 64).
cost(20, 23, 74).
cost(20, 24, 58).
cost(20, 25, 75).
cost(20, 26, 43).
cost(20, 27, 67).
cost(20, 28, 68).
cost(20, 29, 87).
cost(21, 1, 59).
cost(21, 2, 46).
cost(21, 3, 66).
cost(21, 4, 74).
cost(21, 5, 83).
cost(21, 6, 71).
cost(21, 7, 50).
cost(21, 8, 38).
cost(21, 9, 10).
cost(21, 10, 78).
cost(21, 11, 69).
cost(21, 12, 42).
cost(21, 13, 72).
cost(21, 14, 27).
cost(21, 15, 70).
cost(21, 16, 70).
cost(21, 17, 48).
cost(21, 18, 13).
cost(21, 19, 70).
cost(21, 20, 15).
cost(21, 22, 50).
cost(21, 23, 71).
cost(21, 24, 61).
cost(21, 25, 77).
cost(21, 26, 48).
cost(21, 27, 59).
cost(21, 28, 54).
cost(21, 29, 80).
cost(22, 1, 74).
cost(22, 2, 5).
cost(22, 3, 24).
cost(22, 4, 42).
cost(22, 5, 37).
cost(22, 6, 22).
cost(22, 7, 12).
cost(22, 8, 12).
cost(22, 9, 60).
cost(22, 10, 60).
cost(22, 11, 45).
cost(22, 12, 61).
cost(22, 13, 38).
cost(22, 14, 61).
cost(22, 15, 59).
cost(22, 16, 75).
cost(22, 17, 50).
cost(22, 18, 63).
cost(22, 19, 19).
cost(22, 20, 64).
cost(22, 21, 50).
cost(22, 23, 61).
cost(22, 24, 74).
cost(22, 25, 80).
cost(22, 26, 72).
cost(22, 27, 33).
cost(22, 28, 15).
cost(22, 29, 51).
cost(23, 1, 32).
cost(23, 2, 57).
cost(23, 3, 84).
cost(23, 4, 30).
cost(23, 5, 57).
cost(23, 6, 76).
cost(23, 7, 49).
cost(23, 8, 61).
cost(23, 9, 80).
cost(23, 10, 12).
cost(23, 11, 21).
cost(23, 12, 37).
cost(23, 13, 34).
cost(23, 14, 54).
cost(23, 15, 2).
cost(23, 16, 21).
cost(23, 17, 24).
cost(23, 18, 78).
cost(23, 19, 66).
cost(23, 20, 74).
cost(23, 21, 71).
cost(23, 22, 61).
cost(23, 24, 31).
cost(23, 25, 23).
cost(23, 26, 43).
cost(23, 27, 29).
cost(23, 28, 76).
cost(23, 29, 27).
cost(24, 1, 2).
cost(24, 2, 69).
cost(24, 3, 98).
cost(24, 4, 57).
cost(24, 5, 83).
cost(24, 6, 94).
cost(24, 7, 64).
cost(24, 8, 69).
cost(24, 9, 67).
cost(24, 10, 43).
cost(24, 11, 48).
cost(24, 12, 19).
cost(24, 13, 60).
cost(24, 14, 36).
cost(24, 15, 32).
cost(24, 16, 13).
cost(24, 17, 25).
cost(24, 18, 63).
cost(24, 19, 86).
cost(24, 20, 58).
cost(24, 21, 61).
cost(24, 22, 74).
cost(24, 23, 31).
cost(24, 25, 18).
cost(24, 26, 16).
cost(24, 27, 50).
cost(24, 28, 88).
cost(24, 29, 57).
cost(25, 1, 20).
cost(25, 2, 75).
cost(25, 3, 103).
cost(25, 4, 53).
cost(25, 5, 80).
cost(25, 6, 98).
cost(25, 7, 69).
cost(25, 8, 77).
cost(25, 9, 83).
cost(25, 10, 34).
cost(25, 11, 44).
cost(25, 12, 35).
cost(25, 13, 57).
cost(25, 14, 53).
cost(25, 15, 25).
cost(25, 16, 6).
cost(25, 17, 32).
cost(25, 18, 79).
cost(25, 19, 88).
cost(25, 20, 75).
cost(25, 21, 77).
cost(25, 22, 80).
cost(25, 23, 23).
cost(25, 24, 18).
cost(25, 26, 34).
cost(25, 27, 50).
cost(25, 28, 95).
cost(25, 29, 50).
cost(26, 1, 14).
cost(26, 2, 66).
cost(26, 3, 95).
cost(26, 4, 64).
cost(26, 5, 87).
cost(26, 6, 93).
cost(26, 7, 62).
cost(26, 8, 64).
cost(26, 9, 53).
cost(26, 10, 54).
cost(26, 11, 56).
cost(26, 12, 11).
cost(26, 13, 66).
cost(26, 14, 22).
cost(26, 15, 43).
cost(26, 16, 29).
cost(26, 17, 27).
cost(26, 18, 48).
cost(26, 19, 86).
cost(26, 20, 43).
cost(26, 21, 48).
cost(26, 22, 72).
cost(26, 23, 43).
cost(26, 24, 16).
cost(26, 25, 34).
cost(26, 27, 54).
cost(26, 28, 83).
cost(26, 29, 66).
cost(27, 1, 50).
cost(27, 2, 30).
cost(27, 3, 55).
cost(27, 4, 14).
cost(27, 5, 33).
cost(27, 6, 48).
cost(27, 7, 22).
cost(27, 8, 36).
cost(27, 9, 69).
cost(27, 10, 26).
cost(27, 11, 12).
cost(27, 12, 43).
cost(27, 13, 13).
cost(27, 14, 54).
cost(27, 15, 27).
cost(27, 16, 46).
cost(27, 17, 27).
cost(27, 18, 69).
cost(27, 19, 38).
cost(27, 20, 67).
cost(27, 21, 59).
cost(27, 22, 33).
cost(27, 23, 29).
cost(27, 24, 50).
cost(27, 25, 50).
cost(27, 26, 54).
cost(27, 28, 48).
cost(27, 29, 21).
cost(28, 1, 87).
cost(28, 2, 19).
cost(28, 3, 12).
cost(28, 4, 57).
cost(28, 5, 46).
cost(28, 6, 19).
cost(28, 7, 27).
cost(28, 8, 20).
cost(28, 9, 62).
cost(28, 10, 75).
cost(28, 11, 60).
cost(28, 12, 73).
cost(28, 13, 52).
cost(28, 14, 70).
cost(28, 15, 74).
cost(28, 16, 89).
cost(28, 17, 64).
cost(28, 18, 67).
cost(28, 19, 24).
cost(28, 20, 68).
cost(28, 21, 54).
cost(28, 22, 15).
cost(28, 23, 76).
cost(28, 24, 88).
cost(28, 25, 95).
cost(28, 26, 83).
cost(28, 27, 48).
cost(28, 29, 65).
cost(29, 1, 58).
cost(29, 2, 49).
cost(29, 3, 69).
cost(29, 4, 9).
cost(29, 5, 32).
cost(29, 6, 59).
cost(29, 7, 40).
cost(29, 8, 56).
cost(29, 9, 90).
cost(29, 10, 17).
cost(29, 11, 11).
cost(29, 12, 57).
cost(29, 13, 13).
cost(29, 14, 71).
cost(29, 15, 25).
cost(29, 16, 48).
cost(29, 17, 41).
cost(29, 18, 90).
cost(29, 19, 48).
cost(29, 20, 87).
cost(29, 21, 80).
cost(29, 22, 51).
cost(29, 23, 27).
cost(29, 24, 57).
cost(29, 25, 50).
cost(29, 26, 66).
cost(29, 27, 21).
cost(29, 28, 65).
nocross(1,12).
nocross(1,14).
nocross(1,15).
nocross(1,16).
nocross(1,17).
nocross(1,23).
nocross(1,24).
nocross(1,25).
nocross(1,26).
nocross(2,3).
nocross(2,6).
nocross(2,7).
nocross(2,8).
nocross(2,9).
nocross(2,19).
nocross(2,21).
nocross(2,22).
nocross(2,27).
nocross(2,28).
nocross(3,2).
nocross(3,6).
nocross(3,7).
nocross(3,8).
nocross(3,19).
nocross(3,22).
nocross(3,28).
nocross(4,5).
nocross(4,7).
nocross(4,10).
nocross(4,11).
nocross(4,13).
nocross(4,15).
nocross(4,23).
nocross(4,27).
nocross(4,29).
nocross(5,2).
nocross(5,4).
nocross(5,6).
nocross(5,7).
nocross(5,11).
nocross(5,13).
nocross(5,19).
nocross(5,22).
nocross(5,27).
nocross(5,29).
nocross(6,2).
nocross(6,3).
nocross(6,5).
nocross(6,7).
nocross(6,8).
nocross(6,19).
nocross(6,22).
nocross(6,28).
nocross(7,2).
nocross(7,3).
nocross(7,5).
nocross(7,6).
nocross(7,8).
nocross(7,13).
nocross(7,19).
nocross(7,21).
nocross(7,22).
nocross(7,27).
nocross(7,28).
nocross(8,2).
nocross(8,3).
nocross(8,6).
nocross(8,7).
nocross(8,9).
nocross(8,18).
nocross(8,19).
nocross(8,21).
nocross(8,22).
nocross(8,28).
nocross(9,2).
nocross(9,8).
nocross(9,14).
nocross(9,18).
nocross(9,20).
nocross(9,21).
nocross(10,1).
nocross(10,4).
nocross(10,11).
nocross(10,13).
nocross(10,15).
nocross(10,16).
nocross(10,23).
nocross(10,24).
nocross(10,25).
nocross(10,27).
nocross(10,29).
nocross(11,4).
nocross(11,10).
nocross(11,13).
nocross(11,15).
nocross(11,23).
nocross(11,27).
nocross(11,29).
nocross(12,1).
nocross(12,9).
nocross(12,14).
nocross(12,15).
nocross(12,16).
nocross(12,17).
nocross(12,18).
nocross(12,20).
nocross(12,21).
nocross(12,23).
nocross(12,24).
nocross(12,25).
nocross(12,26).
nocross(13,4).
nocross(13,5).
nocross(13,7).
nocross(13,10).
nocross(13,11).
nocross(13,15).
nocross(13,19).
nocross(13,22).
nocross(13,23).
nocross(13,27).
nocross(13,29).
nocross(14,1).
nocross(14,9).
nocross(14,12).
nocross(14,16).
nocross(14,17).
nocross(14,18).
nocross(14,20).
nocross(14,21).
nocross(14,24).
nocross(14,26).
nocross(15,4).
nocross(15,10).
nocross(15,11).
nocross(15,12).
nocross(15,13).
nocross(15,16).
nocross(15,17).
nocross(15,23).
nocross(15,24).
nocross(15,25).
nocross(15,27).
nocross(15,29).
nocross(16,1).
nocross(16,10).
nocross(16,12).
nocross(16,15).
nocross(16,17).
nocross(16,23).
nocross(16,24).
nocross(16,25).
nocross(16,26).
nocross(17,1).
nocross(17,4).
nocross(17,7).
nocross(17,10).
nocross(17,11).
nocross(17,12).
nocross(17,14).
nocross(17,15).
nocross(17,16).
nocross(17,18).
nocross(17,20).
nocross(17,21).
nocross(17,23).
nocross(17,24).
nocross(17,26).
nocross(17,27).
nocross(18,9).
nocross(18,12).
nocross(18,14).
nocross(18,20).
nocross(18,21).
nocross(19,2).
nocross(19,3).
nocross(19,4).
nocross(19,5).
nocross(19,6).
nocross(19,7).
nocross(19,8).
nocross(19,13).
nocross(19,22).
nocross(19,27).
nocross(19,28).
nocross(20,9).
nocross(20,12).
nocross(20,14).
nocross(20,18).
nocross(20,21).
nocross(20,26).
nocross(21,2).
nocross(21,8).
nocross(21,9).
nocross(21,14).
nocross(21,18).
nocross(21,20).
nocross(22,2).
nocross(22,3).
nocross(22,6).
nocross(22,7).
nocross(22,8).
nocross(22,19).
nocross(22,27).
nocross(22,28).
nocross(23,1).
nocross(23,4).
nocross(23,10).
nocross(23,11).
nocross(23,12).
nocross(23,13).
nocross(23,15).
nocross(23,16).
nocross(23,17).
nocross(23,24).
nocross(23,25).
nocross(23,27).
nocross(23,29).
nocross(24,1).
nocross(24,12).
nocross(24,15).
nocross(24,16).
nocross(24,17).
nocross(24,23).
nocross(24,25).
nocross(24,26).
nocross(25,1).
nocross(25,10).
nocross(25,12).
nocross(25,15).
nocross(25,16).
nocross(25,17).
nocross(25,23).
nocross(25,24).
nocross(25,26).
nocross(26,1).
nocross(26,12).
nocross(26,14).
nocross(26,16).
nocross(26,17).
nocross(26,18).
nocross(26,20).
nocross(26,24).
nocross(26,25).
nocross(27,2).
nocross(27,4).
nocross(27,5).
nocross(27,7).
nocross(27,10).
nocross(27,11).
nocross(27,13).
nocross(27,15).
nocross(27,17).
nocross(27,19).
nocross(27,22).
nocross(27,23).
nocross(27,29).
nocross(28,2).
nocross(28,3).
nocross(28,6).
nocross(28,7).
nocross(28,8).
nocross(28,9).
nocross(28,19).
nocross(28,22).
nocross(29,4).
nocross(29,5).
nocross(29,10).
nocross(29,11).
nocross(29,13).
nocross(29,15).
nocross(29,23).
nocross(29,27).
