dimension(29).
point(1, 72.7503754137, 66.4909218079).
point(2, 24.3869704543, 44.7742046361).
point(3, 37.1583816367, 34.06703713).
point(4, 11.2077323045, 90.3218989101).
point(5, 91.0143065985, 81.0168868737).
point(6, 12.0936054431, 55.4424402955).
point(7, 51.7194640002, 13.2082756066).
point(8, 83.264322629, 40.8010020638).
point(9, 88.2983515497, 11.6905886172).
point(10, 10.7153431789, 80.7990987052).
point(11, 53.2816983586, 13.7318769675).
point(12, 82.2737387721, 64.9501784433).
point(13, 89.3400078602, 23.5769905784).
point(14, 41.1055868285, 97.831850425).
point(15, 64.0225392784, 64.3107439783).
point(16, 31.0341824719, 59.3414723811).
point(17, 28.1304714438, 91.602397811).
point(18, 50.8335848047, 16.7736841241).
point(19, 84.6365303226, 26.9270620349).
point(20, 74.0791466043, 76.0695877153).
point(21, 15.626292639, 66.124340115).
point(22, 45.333789484, 41.3055845946).
point(23, 74.4466074172, 33.8803831869).
point(24, 47.7336675712, 10.0135363658).
point(25, 11.0704108096, 98.9937692034).
point(26, 53.5041592081, 5.2497596668).
point(27, 12.2724429998, 50.3736128467).
point(28, 38.3566999748, 15.7070145381).
point(29, 31.4951121335, 29.6883230104).
cost(1, 2, 53).
cost(1, 3, 48).
cost(1, 4, 66).
cost(1, 5, 23).
cost(1, 6, 62).
cost(1, 7, 57).
cost(1, 8, 28).
cost(1, 9, 57).
cost(1, 10, 64).
cost(1, 11, 56).
cost(1, 12, 10).
cost(1, 13, 46).
cost(1, 14, 45).
cost(1, 15, 9).
cost(1, 16, 42).
cost(1, 17, 51).
cost(1, 18, 54).
cost(1, 19, 41).
cost(1, 20, 10).
cost(1, 21, 57).
cost(1, 22, 37).
cost(1, 23, 33).
cost(1, 24, 62).
cost(1, 25, 70).
cost(1, 26, 64).
cost(1, 27, 63).
cost(1, 28, 61).
cost(1, 29, 55).
cost(2, 1, 53).
cost(2, 3, 17).
cost(2, 4, 47).
cost(2, 5, 76).
cost(2, 6, 16).
cost(2, 7, 42).
cost(2, 8, 59).
cost(2, 9, 72).
cost(2, 10, 39).
cost(2, 11, 42).
cost(2, 12, 61).
cost(2, 13, 68).
cost(2, 14, 56).
cost(2, 15, 44).
cost(2, 16, 16).
cost(2, 17, 47).
cost(2, 18, 39).
cost(2, 19, 63).
cost(2, 20, 59).
cost(2, 21, 23).
cost(2, 22, 21).
cost(2, 23, 51).
cost(2, 24, 42).
cost(2, 25, 56).
cost(2, 26, 49).
cost(2, 27, 13).
cost(2, 28, 32).
cost(2, 29, 17).
cost(3, 1, 48).
cost(3, 2, 17).
cost(3, 4, 62).
cost(3, 5, 71).
cost(3, 6, 33).
cost(3, 7, 25).
cost(3, 8, 47).
cost(3, 9, 56).
cost(3, 10, 54).
cost(3, 11, 26).
cost(3, 12, 55).
cost(3, 13, 53).
cost(3, 14, 64).
cost(3, 15, 40).
cost(3, 16, 26).
cost(3, 17, 58).
cost(3, 18, 22).
cost(3, 19, 48).
cost(3, 20, 56).
cost(3, 21, 39).
cost(3, 22, 11).
cost(3, 23, 37).
cost(3, 24, 26).
cost(3, 25, 70).
cost(3, 26, 33).
cost(3, 27, 30).
cost(3, 28, 18).
cost(3, 29, 7).
cost(4, 1, 66).
cost(4, 2, 47).
cost(4, 3, 62).
cost(4, 5, 80).
cost(4, 6, 35).
cost(4, 7, 87).
cost(4, 8, 87).
cost(4, 9, 110).
cost(4, 10, 10).
cost(4, 11, 87).
cost(4, 12, 75).
cost(4, 13, 103).
cost(4, 14, 31).
cost(4, 15, 59).
cost(4, 16, 37).
cost(4, 17, 17).
cost(4, 18, 84).
cost(4, 19, 97).
cost(4, 20, 64).
cost(4, 21, 25).
cost(4, 22, 60).
cost(4, 23, 85).
cost(4, 24, 88).
cost(4, 25, 9).
cost(4, 26, 95).
cost(4, 27, 40).
cost(4, 28, 79).
cost(4, 29, 64).
cost(5, 1, 23).
cost(5, 2, 76).
cost(5, 3, 71).
cost(5, 4, 80).
cost(5, 6, 83).
cost(5, 7, 78).
cost(5, 8, 41).
cost(5, 9, 69).
cost(5, 10, 80).
cost(5, 11, 77).
cost(5, 12, 18).
cost(5, 13, 57).
cost(5, 14, 53).
cost(5, 15, 32).
cost(5, 16, 64).
cost(5, 17, 64).
cost(5, 18, 76).
cost(5, 19, 54).
cost(5, 20, 18).
cost(5, 21, 77).
cost(5, 22, 61).
cost(5, 23, 50).
cost(5, 24, 83).
cost(5, 25, 82).
cost(5, 26, 85).
cost(5, 27, 84).
cost(5, 28, 84).
cost(5, 29, 79).
cost(6, 1, 62).
cost(6, 2, 16).
cost(6, 3, 33).
cost(6, 4, 35).
cost(6, 5, 83).
cost(6, 7, 58).
cost(6, 8, 73).
cost(6, 9, 88).
cost(6, 10, 25).
cost(6, 11, 59).
cost(6, 12, 71).
cost(6, 13, 84).
cost(6, 14, 51).
cost(6, 15, 53).
cost(6, 16, 19).
cost(6, 17, 40).
cost(6, 18, 55).
cost(6, 19, 78).
cost(6, 20, 65).
cost(6, 21, 11).
cost(6, 22, 36).
cost(6, 23, 66).
cost(6, 24, 58).
cost(6, 25, 44).
cost(6, 26, 65).
cost(6, 27, 5).
cost(6, 28, 48).
cost(6, 29, 32).
cost(7, 1, 57).
cost(7, 2, 42).
cost(7, 3, 25).
cost(7, 4, 87).
cost(7, 5, 78).
cost(7, 6, 58).
cost(7, 8, 42).
cost(7, 9, 37).
cost(7, 10, 79).
cost(7, 11, 2).
cost(7, 12, 60).
cost(7, 13, 39).
cost(7, 14, 85).
cost(7, 15, 53).
cost(7, 16, 51).
cost(7, 17, 82).
cost(7, 18, 4).
cost(7, 19, 36).
cost(7, 20, 67).
cost(7, 21, 64).
cost(7, 22, 29).
cost(7, 23, 31).
cost(7, 24, 5).
cost(7, 25, 95).
cost(7, 26, 8).
cost(7, 27, 54).
cost(7, 28, 14).
cost(7, 29, 26).
cost(8, 1, 28).
cost(8, 2, 59).
cost(8, 3, 47).
cost(8, 4, 87).
cost(8, 5, 41).
cost(8, 6, 73).
cost(8, 7, 42).
cost(8, 9, 30).
cost(8, 10, 83).
cost(8, 11, 40).
cost(8, 12, 24).
cost(8, 13, 18).
cost(8, 14, 71).
cost(8, 15, 30).
cost(8, 16, 55).
cost(8, 17, 75).
cost(8, 18, 40).
cost(8, 19, 14).
cost(8, 20, 36).
cost(8, 21, 72).
cost(8, 22, 38).
cost(8, 23, 11).
cost(8, 24, 47).
cost(8, 25, 93).
cost(8, 26, 46).
cost(8, 27, 72).
cost(8, 28, 51).
cost(8, 29, 53).
cost(9, 1, 57).
cost(9, 2, 72).
cost(9, 3, 56).
cost(9, 4, 110).
cost(9, 5, 69).
cost(9, 6, 88).
cost(9, 7, 37).
cost(9, 8, 30).
cost(9, 10, 104).
cost(9, 11, 35).
cost(9, 12, 54).
cost(9, 13, 12).
cost(9, 14, 98).
cost(9, 15, 58).
cost(9, 16, 74).
cost(9, 17, 100).
cost(9, 18, 38).
cost(9, 19, 16).
cost(9, 20, 66).
cost(9, 21, 91).
cost(9, 22, 52).
cost(9, 23, 26).
cost(9, 24, 41).
cost(9, 25, 117).
cost(9, 26, 35).
cost(9, 27, 85).
cost(9, 28, 50).
cost(9, 29, 60).
cost(10, 1, 64).
cost(10, 2, 39).
cost(10, 3, 54).
cost(10, 4, 10).
cost(10, 5, 80).
cost(10, 6, 25).
cost(10, 7, 79).
cost(10, 8, 83).
cost(10, 9, 104).
cost(10, 11, 79).
cost(10, 12, 73).
cost(10, 13, 97).
cost(10, 14, 35).
cost(10, 15, 56).
cost(10, 16, 30).
cost(10, 17, 20).
cost(10, 18, 76).
cost(10, 19, 91).
cost(10, 20, 64).
cost(10, 21, 15).
cost(10, 22, 53).
cost(10, 23, 79).
cost(10, 24, 80).
cost(10, 25, 18).
cost(10, 26, 87).
cost(10, 27, 30).
cost(10, 28, 71).
cost(10, 29, 55).
cost(11, 1, 56).
cost(11, 2, 42).
cost(11, 3, 26).
cost(11, 4, 87).
cost(11, 5, 77).
cost(11, 6, 59).
cost(11, 7, 2).
cost(11, 8, 40).
cost(11, 9, 35).
cost(11, 10, 79).
cost(11, 12, 59).
cost(11, 13, 37).
cost(11, 14, 85).
cost(11, 15, 52).
cost(11, 16, 51).
cost(11, 17, 82).
cost(11, 18, 4).
cost(11, 19, 34).
cost(11, 20, 66).
cost(11, 21, 65).
cost(11, 22, 29).
cost(11, 23, 29).
cost(11, 24, 7).
cost(11, 25, 95).
cost(11, 26, 8).
cost(11, 27, 55).
cost(11, 28, 15).
cost(11, 29, 27).
cost(12, 1, 10).
cost(12, 2, 61).
cost(12, 3, 55).
cost(12, 4, 75).
cost(12, 5, 18).
cost(12, 6, 71).
cost(12, 7, 60).
cost(12, 8, 24).
cost(12, 9, 54).
cost(12, 10, 73).
cost(12, 11, 59).
cost(12, 13, 42).
cost(12, 14, 53).
cost(12, 15, 18).
cost(12, 16, 52).
cost(12, 17, 60).
cost(12, 18, 58).
cost(12, 19, 38).
cost(12, 20, 14).
cost(12, 21, 67).
cost(12, 22, 44).
cost(12, 23, 32).
cost(12, 24, 65).
cost(12, 25, 79).
cost(12, 26, 66).
cost(12, 27, 72).
cost(12, 28, 66).
cost(12, 29, 62).
cost(13, 1, 46).
cost(13, 2, 68).
cost(13, 3, 53).
cost(13, 4, 103).
cost(13, 5, 57).
cost(13, 6, 84).
cost(13, 7, 39).
cost(13, 8, 18).
cost(13, 9, 12).
cost(13, 10, 97).
cost(13, 11, 37).
cost(13, 12, 42).
cost(13, 14, 89).
cost(13, 15, 48).
cost(13, 16, 68).
cost(13, 17, 92).
cost(13, 18, 39).
cost(13, 19, 6).
cost(13, 20, 55).
cost(13, 21, 85).
cost(13, 22, 47).
cost(13, 23, 18).
cost(13, 24, 44).
cost(13, 25, 109).
cost(13, 26, 40).
cost(13, 27, 82).
cost(13, 28, 52).
cost(13, 29, 58).
cost(14, 1, 45).
cost(14, 2, 56).
cost(14, 3, 64).
cost(14, 4, 31).
cost(14, 5, 53).
cost(14, 6, 51).
cost(14, 7, 85).
cost(14, 8, 71).
cost(14, 9, 98).
cost(14, 10, 35).
cost(14, 11, 85).
cost(14, 12, 53).
cost(14, 13, 89).
cost(14, 15, 41).
cost(14, 16, 40).
cost(14, 17, 14).
cost(14, 18, 82).
cost(14, 19, 83).
cost(14, 20, 40).
cost(14, 21, 41).
cost(14, 22, 57).
cost(14, 23, 72).
cost(14, 24, 88).
cost(14, 25, 30).
cost(14, 26, 93).
cost(14, 27, 56).
cost(14, 28, 82).
cost(14, 29, 69).
cost(15, 1, 9).
cost(15, 2, 44).
cost(15, 3, 40).
cost(15, 4, 59).
cost(15, 5, 32).
cost(15, 6, 53).
cost(15, 7, 53).
cost(15, 8, 30).
cost(15, 9, 58).
cost(15, 10, 56).
cost(15, 11, 52).
cost(15, 12, 18).
cost(15, 13, 48).
cost(15, 14, 41).
cost(15, 16, 33).
cost(15, 17, 45).
cost(15, 18, 49).
cost(15, 19, 43).
cost(15, 20, 15).
cost(15, 21, 48).
cost(15, 22, 30).
cost(15, 23, 32).
cost(15, 24, 57).
cost(15, 25, 63).
cost(15, 26, 60).
cost(15, 27, 54).
cost(15, 28, 55).
cost(15, 29, 48).
cost(16, 1, 42).
cost(16, 2, 16).
cost(16, 3, 26).
cost(16, 4, 37).
cost(16, 5, 64).
cost(16, 6, 19).
cost(16, 7, 51).
cost(16, 8, 55).
cost(16, 9, 74).
cost(16, 10, 30).
cost(16, 11, 51).
cost(16, 12, 52).
cost(16, 13, 68).
cost(16, 14, 40).
cost(16, 15, 33).
cost(16, 17, 32).
cost(16, 18, 47).
cost(16, 19, 63).
cost(16, 20, 46).
cost(16, 21, 17).
cost(16, 22, 23).
cost(16, 23, 50).
cost(16, 24, 52).
cost(16, 25, 44).
cost(16, 26, 59).
cost(16, 27, 21).
cost(16, 28, 44).
cost(16, 29, 30).
cost(17, 1, 51).
cost(17, 2, 47).
cost(17, 3, 58).
cost(17, 4, 17).
cost(17, 5, 64).
cost(17, 6, 40).
cost(17, 7, 82).
cost(17, 8, 75).
cost(17, 9, 100).
cost(17, 10, 20).
cost(17, 11, 82).
cost(17, 12, 60).
cost(17, 13, 92).
cost(17, 14, 14).
cost(17, 15, 45).
cost(17, 16, 32).
cost(17, 18, 78).
cost(17, 19, 86).
cost(17, 20, 49).
cost(17, 21, 28).
cost(17, 22, 53).
cost(17, 23, 74).
cost(17, 24, 84).
cost(17, 25, 19).
cost(17, 26, 90).
cost(17, 27, 44).
cost(17, 28, 77).
cost(17, 29, 62).
cost(18, 1, 54).
cost(18, 2, 39).
cost(18, 3, 22).
cost(18, 4, 84).
cost(18, 5, 76).
cost(18, 6, 55).
cost(18, 7, 4).
cost(18, 8, 40).
cost(18, 9, 38).
cost(18, 10, 76).
cost(18, 11, 4).
cost(18, 12, 58).
cost(18, 13, 39).
cost(18, 14, 82).
cost(18, 15, 49).
cost(18, 16, 47).
cost(18, 17, 78).
cost(18, 19, 35).
cost(18, 20, 64).
cost(18, 21, 61).
cost(18, 22, 25).
cost(18, 23, 29).
cost(18, 24, 7).
cost(18, 25, 91).
cost(18, 26, 12).
cost(18, 27, 51).
cost(18, 28, 13).
cost(18, 29, 23).
cost(19, 1, 41).
cost(19, 2, 63).
cost(19, 3, 48).
cost(19, 4, 97).
cost(19, 5, 54).
cost(19, 6, 78).
cost(19, 7, 36).
cost(19, 8, 14).
cost(19, 9, 16).
cost(19, 10, 91).
cost(19, 11, 34).
cost(19, 12, 38).
cost(19, 13, 6).
cost(19, 14, 83).
cost(19, 15, 43).
cost(19, 16, 63).
cost(19, 17, 86).
cost(19, 18, 35).
cost(19, 20, 50).
cost(19, 21, 79).
cost(19, 22, 42).
cost(19, 23, 12).
cost(19, 24, 41).
cost(19, 25, 103).
cost(19, 26, 38).
cost(19, 27, 76).
cost(19, 28, 48).
cost(19, 29, 53).
cost(20, 1, 10).
cost(20, 2, 59).
cost(20, 3, 56).
cost(20, 4, 64).
cost(20, 5, 18).
cost(20, 6, 65).
cost(20, 7, 67).
cost(20, 8, 36).
cost(20, 9, 66).
cost(20, 10, 64).
cost(20, 11, 66).
cost(20, 12, 14).
cost(20, 13, 55).
cost(20, 14, 40).
cost(20, 15, 15).
cost(20, 16, 46).
cost(20, 17, 49).
cost(20, 18, 64).
cost(20, 19, 50).
cost(20, 21, 59).
cost(20, 22, 45).
cost(20, 23, 42).
cost(20, 24, 71).
cost(20, 25, 67).
cost(20, 26, 74).
cost(20, 27, 67).
cost(20, 28, 70).
cost(20, 29, 63).
cost(21, 1, 57).
cost(21, 2, 23).
cost(21, 3, 39).
cost(21, 4, 25).
cost(21, 5, 77).
cost(21, 6, 11).
cost(21, 7, 64).
cost(21, 8, 72).
cost(21, 9, 91).
cost(21, 10, 15).
cost(21, 11, 65).
cost(21, 12, 67).
cost(21, 13, 85).
cost(21, 14, 41).
cost(21, 15, 48).
cost(21, 16, 17).
cost(21, 17, 28).
cost(21, 18, 61).
cost(21, 19, 79).
cost(21, 20, 59).
cost(21, 22, 39).
cost(21, 23, 67).
cost(21, 24, 65).
cost(21, 25, 33).
cost(21, 26, 72).
cost(21, 27, 16).
cost(21, 28, 55).
cost(21, 29, 40).
cost(22, 1, 37).
cost(22, 2, 21).
cost(22, 3, 11).
cost(22, 4, 60).
cost(22, 5, 61).
cost(22, 6, 36).
cost(22, 7, 29).
cost(22, 8, 38).
cost(22, 9, 52).
cost(22, 10, 53).
cost(22, 11, 29).
cost(22, 12, 44).
cost(22, 13, 47).
cost(22, 14, 57).
cost(22, 15, 30).
cost(22, 16, 23).
cost(22, 17, 53).
cost(22, 18, 25).
cost(22, 19, 42).
cost(22, 20, 45).
cost(22, 21, 39).
cost(22, 23, 30).
cost(22, 24, 31).
cost(22, 25, 67).
cost(22, 26, 37).
cost(22, 27, 34).
cost(22, 28, 27).
cost(22, 29, 18).
cost(23, 1, 33).
cost(23, 2, 51).
cost(23, 3, 37).
cost(23, 4, 85).
cost(23, 5, 50).
cost(23, 6, 66).
cost(23, 7, 31).
cost(23, 8, 11).
cost(23, 9, 26).
cost(23, 10, 79).
cost(23, 11, 29).
cost(23, 12, 32).
cost(23, 13, 18).
cost(23, 14, 72).
cost(23, 15, 32).
cost(23, 16, 50).
cost(23, 17, 74).
cost(23, 18, 29).
cost(23, 19, 12).
cost(23, 20, 42).
cost(23, 21, 67).
cost(23, 22, 30).
cost(23, 24, 36).
cost(23, 25, 91).
cost(23, 26, 35).
cost(23, 27, 64).
cost(23, 28, 40).
cost(23, 29, 43).
cost(24, 1, 62).
cost(24, 2, 42).
cost(24, 3, 26).
cost(24, 4, 88).
cost(24, 5, 83).
cost(24, 6, 58).
cost(24, 7, 5).
cost(24, 8, 47).
cost(24, 9, 41).
cost(24, 10, 80).
cost(24, 11, 7).
cost(24, 12, 65).
cost(24, 13, 44).
cost(24, 14, 88).
cost(24, 15, 57).
cost(24, 16, 52).
cost(24, 17, 84).
cost(24, 18, 7).
cost(24, 19, 41).
cost(24, 20, 71).
cost(24, 21, 65).
cost(24, 22, 31).
cost(24, 23, 36).
cost(24, 25, 96).
cost(24, 26, 7).
cost(24, 27, 54).
cost(24, 28, 11).
cost(24, 29, 26).
cost(25, 1, 70).
cost(25, 2, 56).
cost(25, 3, 70).
cost(25, 4, 9).
cost(25, 5, 82).
cost(25, 6, 44).
cost(25, 7, 95).
cost(25, 8, 93).
cost(25, 9, 117).
cost(25, 10, 18).
cost(25, 11, 95).
cost(25, 12, 79).
cost(25, 13, 109).
cost(25, 14, 30).
cost(25, 15, 63).
cost(25, 16, 44).
cost(25, 17, 19).
cost(25, 18, 91).
cost(25, 19, 103).
cost(25, 20, 67).
cost(25, 21, 33).
cost(25, 22, 67).
cost(25, 23, 91).
cost(25, 24, 96).
cost(25, 26, 103).
cost(25, 27, 49).
cost(25, 28, 88).
cost(25, 29, 72).
cost(26, 1, 64).
cost(26, 2, 49).
cost(26, 3, 33).
cost(26, 4, 95).
cost(26, 5, 85).
cost(26, 6, 65).
cost(26, 7, 8).
cost(26, 8, 46).
cost(26, 9, 35).
cost(26, 10, 87).
cost(26, 11, 8).
cost(26, 12, 66).
cost(26, 13, 40).
cost(26, 14, 93).
cost(26, 15, 60).
cost(26, 16, 59).
cost(26, 17, 90).
cost(26, 18, 12).
cost(26, 19, 38).
cost(26, 20, 74).
cost(26, 21, 72).
cost(26, 22, 37).
cost(26, 23, 35).
cost(26, 24, 7).
cost(26, 25, 103).
cost(26, 27, 61).
cost(26, 28, 18).
cost(26, 29, 33).
cost(27, 1, 63).
cost(27, 2, 13).
cost(27, 3, 30).
cost(27, 4, 40).
cost(27, 5, 84).
cost(27, 6, 5).
cost(27, 7, 54).
cost(27, 8, 72).
cost(27, 9, 85).
cost(27, 10, 30).
cost(27, 11, 55).
cost(27, 12, 72).
cost(27, 13, 82).
cost(27, 14, 56).
cost(27, 15, 54).
cost(27, 16, 21).
cost(27, 17, 44).
cost(27, 18, 51).
cost(27, 19, 76).
cost(27, 20, 67).
cost(27, 21, 16).
cost(27, 22, 34).
cost(27, 23, 64).
cost(27, 24, 54).
cost(27, 25, 49).
cost(27, 26, 61).
cost(27, 28, 43).
cost(27, 29, 28).
cost(28, 1, 61).
cost(28, 2, 32).
cost(28, 3, 18).
cost(28, 4, 79).
cost(28, 5, 84).
cost(28, 6, 48).
cost(28, 7, 14).
cost(28, 8, 51).
cost(28, 9, 50).
cost(28, 10, 71).
cost(28, 11, 15).
cost(28, 12, 66).
cost(28, 13, 52).
cost(28, 14, 82).
cost(28, 15, 55).
cost(28, 16, 44).
cost(28, 17, 77).
cost(28, 18, 13).
cost(28, 19, 48).
cost(28, 20, 70).
cost(28, 21, 55).
cost(28, 22, 27).
cost(28, 23, 40).
cost(28, 24, 11).
cost(28, 25, 88).
cost(28, 26, 18).
cost(28, 27, 43).
cost(28, 29, 16).
cost(29, 1, 55).
cost(29, 2, 17).
cost(29, 3, 7).
cost(29, 4, 64).
cost(29, 5, 79).
cost(29, 6, 32).
cost(29, 7, 26).
cost(29, 8, 53).
cost(29, 9, 60).
cost(29, 10, 55).
cost(29, 11, 27).
cost(29, 12, 62).
cost(29, 13, 58).
cost(29, 14, 69).
cost(29, 15, 48).
cost(29, 16, 30).
cost(29, 17, 62).
cost(29, 18, 23).
cost(29, 19, 53).
cost(29, 20, 63).
cost(29, 21, 40).
cost(29, 22, 18).
cost(29, 23, 43).
cost(29, 24, 26).
cost(29, 25, 72).
cost(29, 26, 33).
cost(29, 27, 28).
cost(29, 28, 16).
nocross(1,5).
nocross(1,8).
nocross(1,12).
nocross(1,13).
nocross(1,14).
nocross(1,15).
nocross(1,18).
nocross(1,19).
nocross(1,20).
nocross(1,22).
nocross(1,23).
nocross(2,3).
nocross(2,6).
nocross(2,7).
nocross(2,10).
nocross(2,16).
nocross(2,18).
nocross(2,21).
nocross(2,22).
nocross(2,27).
nocross(2,28).
nocross(2,29).
nocross(3,2).
nocross(3,6).
nocross(3,7).
nocross(3,11).
nocross(3,16).
nocross(3,18).
nocross(3,22).
nocross(3,24).
nocross(3,26).
nocross(3,27).
nocross(3,28).
nocross(3,29).
nocross(4,6).
nocross(4,10).
nocross(4,14).
nocross(4,16).
nocross(4,17).
nocross(4,21).
nocross(4,25).
nocross(5,1).
nocross(5,8).
nocross(5,12).
nocross(5,15).
nocross(5,20).
nocross(6,2).
nocross(6,3).
nocross(6,4).
nocross(6,10).
nocross(6,16).
nocross(6,17).
nocross(6,21).
nocross(6,22).
nocross(6,27).
nocross(6,29).
nocross(7,3).
nocross(7,9).
nocross(7,11).
nocross(7,13).
nocross(7,18).
nocross(7,19).
nocross(7,22).
nocross(7,23).
nocross(7,24).
nocross(7,26).
nocross(7,28).
nocross(7,29).
nocross(8,1).
nocross(8,5).
nocross(8,9).
nocross(8,11).
nocross(8,12).
nocross(8,13).
nocross(8,15).
nocross(8,18).
nocross(8,19).
nocross(8,20).
nocross(8,22).
nocross(8,23).
nocross(9,7).
nocross(9,8).
nocross(9,11).
nocross(9,13).
nocross(9,18).
nocross(9,19).
nocross(9,23).
nocross(9,26).
nocross(10,4).
nocross(10,6).
nocross(10,16).
nocross(10,17).
nocross(10,21).
nocross(10,25).
nocross(10,27).
nocross(11,3).
nocross(11,7).
nocross(11,9).
nocross(11,13).
nocross(11,18).
nocross(11,19).
nocross(11,22).
nocross(11,23).
nocross(11,24).
nocross(11,26).
nocross(11,28).
nocross(11,29).
nocross(12,1).
nocross(12,5).
nocross(12,8).
nocross(12,13).
nocross(12,15).
nocross(12,19).
nocross(12,20).
nocross(12,22).
nocross(12,23).
nocross(13,1).
nocross(13,7).
nocross(13,8).
nocross(13,9).
nocross(13,11).
nocross(13,12).
nocross(13,18).
nocross(13,19).
nocross(13,23).
nocross(14,1).
nocross(14,4).
nocross(14,15).
nocross(14,16).
nocross(14,17).
nocross(14,20).
nocross(14,22).
nocross(14,25).
nocross(15,1).
nocross(15,5).
nocross(15,8).
nocross(15,12).
nocross(15,13).
nocross(15,14).
nocross(15,16).
nocross(15,18).
nocross(15,19).
nocross(15,20).
nocross(15,22).
nocross(15,23).
nocross(16,2).
nocross(16,3).
nocross(16,4).
nocross(16,6).
nocross(16,10).
nocross(16,14).
nocross(16,15).
nocross(16,17).
nocross(16,18).
nocross(16,21).
nocross(16,22).
nocross(16,25).
nocross(16,27).
nocross(16,29).
nocross(17,4).
nocross(17,10).
nocross(17,14).
nocross(17,15).
nocross(17,16).
nocross(17,21).
nocross(17,22).
nocross(17,25).
nocross(18,3).
nocross(18,7).
nocross(18,9).
nocross(18,11).
nocross(18,13).
nocross(18,19).
nocross(18,22).
nocross(18,23).
nocross(18,24).
nocross(18,26).
nocross(18,28).
nocross(18,29).
nocross(19,1).
nocross(19,7).
nocross(19,8).
nocross(19,9).
nocross(19,11).
nocross(19,12).
nocross(19,13).
nocross(19,18).
nocross(19,22).
nocross(19,23).
nocross(19,26).
nocross(20,1).
nocross(20,5).
nocross(20,8).
nocross(20,12).
nocross(20,14).
nocross(20,15).
nocross(20,22).
nocross(20,23).
nocross(21,2).
nocross(21,3).
nocross(21,4).
nocross(21,6).
nocross(21,10).
nocross(21,14).
nocross(21,16).
nocross(21,17).
nocross(21,22).
nocross(21,25).
nocross(21,27).
nocross(22,1).
nocross(22,2).
nocross(22,3).
nocross(22,7).
nocross(22,8).
nocross(22,11).
nocross(22,12).
nocross(22,13).
nocross(22,15).
nocross(22,16).
nocross(22,18).
nocross(22,19).
nocross(22,23).
nocross(22,24).
nocross(22,28).
nocross(22,29).
nocross(23,1).
nocross(23,7).
nocross(23,8).
nocross(23,9).
nocross(23,11).
nocross(23,12).
nocross(23,13).
nocross(23,15).
nocross(23,18).
nocross(23,19).
nocross(23,22).
nocross(23,24).
nocross(23,26).
nocross(24,3).
nocross(24,7).
nocross(24,11).
nocross(24,13).
nocross(24,18).
nocross(24,22).
nocross(24,26).
nocross(24,28).
nocross(24,29).
nocross(25,4).
nocross(25,10).
nocross(25,14).
nocross(25,17).
nocross(25,21).
nocross(26,3).
nocross(26,7).
nocross(26,9).
nocross(26,11).
nocross(26,13).
nocross(26,18).
nocross(26,22).
nocross(26,24).
nocross(26,28).
nocross(27,2).
nocross(27,3).
nocross(27,4).
nocross(27,6).
nocross(27,10).
nocross(27,16).
nocross(27,21).
nocross(27,22).
nocross(27,29).
nocross(28,2).
nocross(28,3).
nocross(28,7).
nocross(28,11).
nocross(28,16).
nocross(28,18).
nocross(28,22).
nocross(28,24).
nocross(28,26).
nocross(28,27).
nocross(28,29).
nocross(29,2).
nocross(29,3).
nocross(29,6).
nocross(29,7).
nocross(29,11).
nocross(29,16).
nocross(29,18).
nocross(29,21).
nocross(29,22).
nocross(29,24).
nocross(29,26).
nocross(29,27).
nocross(29,28).
