dimension(29).
point(1, 17.8162752491, 65.4046113956).
point(2, 73.1844875844, 30.2219466777).
point(3, 92.2179843791, 90.2993902512).
point(4, 37.1954462498, 75.7278491564).
point(5, 22.1626316093, 76.6324275486).
point(6, 13.0750406443, 63.059055223).
point(7, 25.8981741196, 81.8447114765).
point(8, 68.5251648071, 76.0783784774).
point(9, 16.9650575374, 73.9160444326).
point(10, 3.2014097961, 24.6208393844).
point(11, 46.3595464867, 43.3528695697).
point(12, 69.5141316905, 56.6361532445).
point(13, 42.6592754128, 51.9298896727).
point(14, 60.0372725376, 95.3930017837).
point(15, 19.6837789059, 11.0979109526).
point(16, 58.8250102878, 87.7402541215).
point(17, 52.4621598849, 24.9844095539).
point(18, 55.0342713581, 42.2160409346).
point(19, 65.1911069603, 18.3201233541).
point(20, 9.5959914365, 9.3962594565).
point(21, 25.7449143836, 74.5738930186).
point(22, 71.7873351036, 38.2407299508).
point(23, 8.703360649, 27.8292498299).
point(24, 69.53203744, 42.0169444677).
point(25, 16.0559575725, 16.6575071876).
point(26, 30.0379131191, 56.727842335).
point(27, 67.599072893, 96.1520590189).
point(28, 23.5842466114, 54.0538082381).
point(29, 49.5160378334, 56.6620525869).
cost(1, 2, 66).
cost(1, 3, 78).
cost(1, 4, 22).
cost(1, 5, 12).
cost(1, 6, 5).
cost(1, 7, 18).
cost(1, 8, 52).
cost(1, 9, 9).
cost(1, 10, 43).
cost(1, 11, 36).
cost(1, 12, 52).
cost(1, 13, 28).
cost(1, 14, 52).
cost(1, 15, 54).
cost(1, 16, 47).
cost(1, 17, 53).
cost(1, 18, 44).
cost(1, 19, 67).
cost(1, 20, 57).
cost(1, 21, 12).
cost(1, 22, 60).
cost(1, 23, 39).
cost(1, 24, 57).
cost(1, 25, 49).
cost(1, 26, 15).
cost(1, 27, 59).
cost(1, 28, 13).
cost(1, 29, 33).
cost(2, 1, 66).
cost(2, 3, 63).
cost(2, 4, 58).
cost(2, 5, 69).
cost(2, 6, 68).
cost(2, 7, 70).
cost(2, 8, 46).
cost(2, 9, 71).
cost(2, 10, 70).
cost(2, 11, 30).
cost(2, 12, 27).
cost(2, 13, 37).
cost(2, 14, 66).
cost(2, 15, 57).
cost(2, 16, 59).
cost(2, 17, 21).
cost(2, 18, 22).
cost(2, 19, 14).
cost(2, 20, 67).
cost(2, 21, 65).
cost(2, 22, 8).
cost(2, 23, 65).
cost(2, 24, 12).
cost(2, 25, 59).
cost(2, 26, 51).
cost(2, 27, 66).
cost(2, 28, 55).
cost(2, 29, 35).
cost(3, 1, 78).
cost(3, 2, 63).
cost(3, 4, 57).
cost(3, 5, 71).
cost(3, 6, 84).
cost(3, 7, 67).
cost(3, 8, 28).
cost(3, 9, 77).
cost(3, 10, 111).
cost(3, 11, 66).
cost(3, 12, 41).
cost(3, 13, 63).
cost(3, 14, 33).
cost(3, 15, 107).
cost(3, 16, 33).
cost(3, 17, 76).
cost(3, 18, 61).
cost(3, 19, 77).
cost(3, 20, 116).
cost(3, 21, 68).
cost(3, 22, 56).
cost(3, 23, 104).
cost(3, 24, 53).
cost(3, 25, 106).
cost(3, 26, 71).
cost(3, 27, 25).
cost(3, 28, 78).
cost(3, 29, 54).
cost(4, 1, 22).
cost(4, 2, 58).
cost(4, 3, 57).
cost(4, 5, 15).
cost(4, 6, 27).
cost(4, 7, 13).
cost(4, 8, 31).
cost(4, 9, 20).
cost(4, 10, 61).
cost(4, 11, 34).
cost(4, 12, 38).
cost(4, 13, 24).
cost(4, 14, 30).
cost(4, 15, 67).
cost(4, 16, 25).
cost(4, 17, 53).
cost(4, 18, 38).
cost(4, 19, 64).
cost(4, 20, 72).
cost(4, 21, 12).
cost(4, 22, 51).
cost(4, 23, 56).
cost(4, 24, 47).
cost(4, 25, 63).
cost(4, 26, 20).
cost(4, 27, 37).
cost(4, 28, 26).
cost(4, 29, 23).
cost(5, 1, 12).
cost(5, 2, 69).
cost(5, 3, 71).
cost(5, 4, 15).
cost(5, 6, 16).
cost(5, 7, 6).
cost(5, 8, 46).
cost(5, 9, 6).
cost(5, 10, 55).
cost(5, 11, 41).
cost(5, 12, 51).
cost(5, 13, 32).
cost(5, 14, 42).
cost(5, 15, 66).
cost(5, 16, 38).
cost(5, 17, 60).
cost(5, 18, 48).
cost(5, 19, 72).
cost(5, 20, 68).
cost(5, 21, 4).
cost(5, 22, 63).
cost(5, 23, 51).
cost(5, 24, 59).
cost(5, 25, 60).
cost(5, 26, 21).
cost(5, 27, 49).
cost(5, 28, 23).
cost(5, 29, 34).
cost(6, 1, 5).
cost(6, 2, 68).
cost(6, 3, 84).
cost(6, 4, 27).
cost(6, 5, 16).
cost(6, 7, 23).
cost(6, 8, 57).
cost(6, 9, 12).
cost(6, 10, 40).
cost(6, 11, 39).
cost(6, 12, 57).
cost(6, 13, 32).
cost(6, 14, 57).
cost(6, 15, 52).
cost(6, 16, 52).
cost(6, 17, 55).
cost(6, 18, 47).
cost(6, 19, 69).
cost(6, 20, 54).
cost(6, 21, 17).
cost(6, 22, 64).
cost(6, 23, 36).
cost(6, 24, 60).
cost(6, 25, 46).
cost(6, 26, 18).
cost(6, 27, 64).
cost(6, 28, 14).
cost(6, 29, 37).
cost(7, 1, 18).
cost(7, 2, 70).
cost(7, 3, 67).
cost(7, 4, 13).
cost(7, 5, 6).
cost(7, 6, 23).
cost(7, 8, 43).
cost(7, 9, 12).
cost(7, 10, 62).
cost(7, 11, 44).
cost(7, 12, 50).
cost(7, 13, 34).
cost(7, 14, 37).
cost(7, 15, 71).
cost(7, 16, 33).
cost(7, 17, 63).
cost(7, 18, 49).
cost(7, 19, 75).
cost(7, 20, 74).
cost(7, 21, 7).
cost(7, 22, 63).
cost(7, 23, 57).
cost(7, 24, 59).
cost(7, 25, 66).
cost(7, 26, 25).
cost(7, 27, 44).
cost(7, 28, 28).
cost(7, 29, 35).
cost(8, 1, 52).
cost(8, 2, 46).
cost(8, 3, 28).
cost(8, 4, 31).
cost(8, 5, 46).
cost(8, 6, 57).
cost(8, 7, 43).
cost(8, 9, 52).
cost(8, 10, 83).
cost(8, 11, 40).
cost(8, 12, 19).
cost(8, 13, 35).
cost(8, 14, 21).
cost(8, 15, 81).
cost(8, 16, 15).
cost(8, 17, 54).
cost(8, 18, 36).
cost(8, 19, 58).
cost(8, 20, 89).
cost(8, 21, 43).
cost(8, 22, 38).
cost(8, 23, 77).
cost(8, 24, 34).
cost(8, 25, 79).
cost(8, 26, 43).
cost(8, 27, 20).
cost(8, 28, 50).
cost(8, 29, 27).
cost(9, 1, 9).
cost(9, 2, 71).
cost(9, 3, 77).
cost(9, 4, 20).
cost(9, 5, 6).
cost(9, 6, 12).
cost(9, 7, 12).
cost(9, 8, 52).
cost(9, 10, 51).
cost(9, 11, 42).
cost(9, 12, 55).
cost(9, 13, 34).
cost(9, 14, 48).
cost(9, 15, 63).
cost(9, 16, 44).
cost(9, 17, 60).
cost(9, 18, 50).
cost(9, 19, 74).
cost(9, 20, 65).
cost(9, 21, 9).
cost(9, 22, 65).
cost(9, 23, 47).
cost(9, 24, 61).
cost(9, 25, 57).
cost(9, 26, 22).
cost(9, 27, 55).
cost(9, 28, 21).
cost(9, 29, 37).
cost(10, 1, 43).
cost(10, 2, 70).
cost(10, 3, 111).
cost(10, 4, 61).
cost(10, 5, 55).
cost(10, 6, 40).
cost(10, 7, 62).
cost(10, 8, 83).
cost(10, 9, 51).
cost(10, 11, 47).
cost(10, 12, 74).
cost(10, 13, 48).
cost(10, 14, 91).
cost(10, 15, 21).
cost(10, 16, 84).
cost(10, 17, 49).
cost(10, 18, 55).
cost(10, 19, 62).
cost(10, 20, 17).
cost(10, 21, 55).
cost(10, 22, 70).
cost(10, 23, 6).
cost(10, 24, 69).
cost(10, 25, 15).
cost(10, 26, 42).
cost(10, 27, 96).
cost(10, 28, 36).
cost(10, 29, 56).
cost(11, 1, 36).
cost(11, 2, 30).
cost(11, 3, 66).
cost(11, 4, 34).
cost(11, 5, 41).
cost(11, 6, 39).
cost(11, 7, 44).
cost(11, 8, 40).
cost(11, 9, 42).
cost(11, 10, 47).
cost(11, 12, 27).
cost(11, 13, 9).
cost(11, 14, 54).
cost(11, 15, 42).
cost(11, 16, 46).
cost(11, 17, 19).
cost(11, 18, 9).
cost(11, 19, 31).
cost(11, 20, 50).
cost(11, 21, 37).
cost(11, 22, 26).
cost(11, 23, 41).
cost(11, 24, 23).
cost(11, 25, 40).
cost(11, 26, 21).
cost(11, 27, 57).
cost(11, 28, 25).
cost(11, 29, 14).
cost(12, 1, 52).
cost(12, 2, 27).
cost(12, 3, 41).
cost(12, 4, 38).
cost(12, 5, 51).
cost(12, 6, 57).
cost(12, 7, 50).
cost(12, 8, 19).
cost(12, 9, 55).
cost(12, 10, 74).
cost(12, 11, 27).
cost(12, 13, 27).
cost(12, 14, 40).
cost(12, 15, 68).
cost(12, 16, 33).
cost(12, 17, 36).
cost(12, 18, 20).
cost(12, 19, 39).
cost(12, 20, 76).
cost(12, 21, 47).
cost(12, 22, 19).
cost(12, 23, 67).
cost(12, 24, 15).
cost(12, 25, 67).
cost(12, 26, 39).
cost(12, 27, 40).
cost(12, 28, 46).
cost(12, 29, 20).
cost(13, 1, 28).
cost(13, 2, 37).
cost(13, 3, 63).
cost(13, 4, 24).
cost(13, 5, 32).
cost(13, 6, 32).
cost(13, 7, 34).
cost(13, 8, 35).
cost(13, 9, 34).
cost(13, 10, 48).
cost(13, 11, 9).
cost(13, 12, 27).
cost(13, 14, 47).
cost(13, 15, 47).
cost(13, 16, 39).
cost(13, 17, 29).
cost(13, 18, 16).
cost(13, 19, 40).
cost(13, 20, 54).
cost(13, 21, 28).
cost(13, 22, 32).
cost(13, 23, 42).
cost(13, 24, 29).
cost(13, 25, 44).
cost(13, 26, 14).
cost(13, 27, 51).
cost(13, 28, 19).
cost(13, 29, 8).
cost(14, 1, 52).
cost(14, 2, 66).
cost(14, 3, 33).
cost(14, 4, 30).
cost(14, 5, 42).
cost(14, 6, 57).
cost(14, 7, 37).
cost(14, 8, 21).
cost(14, 9, 48).
cost(14, 10, 91).
cost(14, 11, 54).
cost(14, 12, 40).
cost(14, 13, 47).
cost(14, 15, 93).
cost(14, 16, 8).
cost(14, 17, 71).
cost(14, 18, 53).
cost(14, 19, 77).
cost(14, 20, 100).
cost(14, 21, 40).
cost(14, 22, 58).
cost(14, 23, 85).
cost(14, 24, 54).
cost(14, 25, 90).
cost(14, 26, 49).
cost(14, 27, 8).
cost(14, 28, 55).
cost(14, 29, 40).
cost(15, 1, 54).
cost(15, 2, 57).
cost(15, 3, 107).
cost(15, 4, 67).
cost(15, 5, 66).
cost(15, 6, 52).
cost(15, 7, 71).
cost(15, 8, 81).
cost(15, 9, 63).
cost(15, 10, 21).
cost(15, 11, 42).
cost(15, 12, 68).
cost(15, 13, 47).
cost(15, 14, 93).
cost(15, 16, 86).
cost(15, 17, 36).
cost(15, 18, 47).
cost(15, 19, 46).
cost(15, 20, 10).
cost(15, 21, 64).
cost(15, 22, 59).
cost(15, 23, 20).
cost(15, 24, 59).
cost(15, 25, 7).
cost(15, 26, 47).
cost(15, 27, 98).
cost(15, 28, 43).
cost(15, 29, 54).
cost(16, 1, 47).
cost(16, 2, 59).
cost(16, 3, 33).
cost(16, 4, 25).
cost(16, 5, 38).
cost(16, 6, 52).
cost(16, 7, 33).
cost(16, 8, 15).
cost(16, 9, 44).
cost(16, 10, 84).
cost(16, 11, 46).
cost(16, 12, 33).
cost(16, 13, 39).
cost(16, 14, 8).
cost(16, 15, 86).
cost(16, 17, 63).
cost(16, 18, 46).
cost(16, 19, 70).
cost(16, 20, 93).
cost(16, 21, 36).
cost(16, 22, 51).
cost(16, 23, 78).
cost(16, 24, 47).
cost(16, 25, 83).
cost(16, 26, 42).
cost(16, 27, 12).
cost(16, 28, 49).
cost(16, 29, 32).
cost(17, 1, 53).
cost(17, 2, 21).
cost(17, 3, 76).
cost(17, 4, 53).
cost(17, 5, 60).
cost(17, 6, 55).
cost(17, 7, 63).
cost(17, 8, 54).
cost(17, 9, 60).
cost(17, 10, 49).
cost(17, 11, 19).
cost(17, 12, 36).
cost(17, 13, 29).
cost(17, 14, 71).
cost(17, 15, 36).
cost(17, 16, 63).
cost(17, 18, 17).
cost(17, 19, 14).
cost(17, 20, 46).
cost(17, 21, 56).
cost(17, 22, 23).
cost(17, 23, 44).
cost(17, 24, 24).
cost(17, 25, 37).
cost(17, 26, 39).
cost(17, 27, 73).
cost(17, 28, 41).
cost(17, 29, 32).
cost(18, 1, 44).
cost(18, 2, 22).
cost(18, 3, 61).
cost(18, 4, 38).
cost(18, 5, 48).
cost(18, 6, 47).
cost(18, 7, 49).
cost(18, 8, 36).
cost(18, 9, 50).
cost(18, 10, 55).
cost(18, 11, 9).
cost(18, 12, 20).
cost(18, 13, 16).
cost(18, 14, 53).
cost(18, 15, 47).
cost(18, 16, 46).
cost(18, 17, 17).
cost(18, 19, 26).
cost(18, 20, 56).
cost(18, 21, 44).
cost(18, 22, 17).
cost(18, 23, 49).
cost(18, 24, 14).
cost(18, 25, 47).
cost(18, 26, 29).
cost(18, 27, 55).
cost(18, 28, 34).
cost(18, 29, 15).
cost(19, 1, 67).
cost(19, 2, 14).
cost(19, 3, 77).
cost(19, 4, 64).
cost(19, 5, 72).
cost(19, 6, 69).
cost(19, 7, 75).
cost(19, 8, 58).
cost(19, 9, 74).
cost(19, 10, 62).
cost(19, 11, 31).
cost(19, 12, 39).
cost(19, 13, 40).
cost(19, 14, 77).
cost(19, 15, 46).
cost(19, 16, 70).
cost(19, 17, 14).
cost(19, 18, 26).
cost(19, 20, 56).
cost(19, 21, 69).
cost(19, 22, 21).
cost(19, 23, 57).
cost(19, 24, 24).
cost(19, 25, 49).
cost(19, 26, 52).
cost(19, 27, 78).
cost(19, 28, 55).
cost(19, 29, 41).
cost(20, 1, 57).
cost(20, 2, 67).
cost(20, 3, 116).
cost(20, 4, 72).
cost(20, 5, 68).
cost(20, 6, 54).
cost(20, 7, 74).
cost(20, 8, 89).
cost(20, 9, 65).
cost(20, 10, 17).
cost(20, 11, 50).
cost(20, 12, 76).
cost(20, 13, 54).
cost(20, 14, 100).
cost(20, 15, 10).
cost(20, 16, 93).
cost(20, 17, 46).
cost(20, 18, 56).
cost(20, 19, 56).
cost(20, 21, 67).
cost(20, 22, 69).
cost(20, 23, 18).
cost(20, 24, 68).
cost(20, 25, 10).
cost(20, 26, 52).
cost(20, 27, 104).
cost(20, 28, 47).
cost(20, 29, 62).
cost(21, 1, 12).
cost(21, 2, 65).
cost(21, 3, 68).
cost(21, 4, 12).
cost(21, 5, 4).
cost(21, 6, 17).
cost(21, 7, 7).
cost(21, 8, 43).
cost(21, 9, 9).
cost(21, 10, 55).
cost(21, 11, 37).
cost(21, 12, 47).
cost(21, 13, 28).
cost(21, 14, 40).
cost(21, 15, 64).
cost(21, 16, 36).
cost(21, 17, 56).
cost(21, 18, 44).
cost(21, 19, 69).
cost(21, 20, 67).
cost(21, 22, 59).
cost(21, 23, 50).
cost(21, 24, 55).
cost(21, 25, 59).
cost(21, 26, 18).
cost(21, 27, 47).
cost(21, 28, 21).
cost(21, 29, 30).
cost(22, 1, 60).
cost(22, 2, 8).
cost(22, 3, 56).
cost(22, 4, 51).
cost(22, 5, 63).
cost(22, 6, 64).
cost(22, 7, 63).
cost(22, 8, 38).
cost(22, 9, 65).
cost(22, 10, 70).
cost(22, 11, 26).
cost(22, 12, 19).
cost(22, 13, 32).
cost(22, 14, 58).
cost(22, 15, 59).
cost(22, 16, 51).
cost(22, 17, 23).
cost(22, 18, 17).
cost(22, 19, 21).
cost(22, 20, 69).
cost(22, 21, 59).
cost(22, 23, 64).
cost(22, 24, 4).
cost(22, 25, 60).
cost(22, 26, 46).
cost(22, 27, 58).
cost(22, 28, 51).
cost(22, 29, 29).
cost(23, 1, 39).
cost(23, 2, 65).
cost(23, 3, 104).
cost(23, 4, 56).
cost(23, 5, 51).
cost(23, 6, 36).
cost(23, 7, 57).
cost(23, 8, 77).
cost(23, 9, 47).
cost(23, 10, 6).
cost(23, 11, 41).
cost(23, 12, 67).
cost(23, 13, 42).
cost(23, 14, 85).
cost(23, 15, 20).
cost(23, 16, 78).
cost(23, 17, 44).
cost(23, 18, 49).
cost(23, 19, 57).
cost(23, 20, 18).
cost(23, 21, 50).
cost(23, 22, 64).
cost(23, 24, 62).
cost(23, 25, 13).
cost(23, 26, 36).
cost(23, 27, 90).
cost(23, 28, 30).
cost(23, 29, 50).
cost(24, 1, 57).
cost(24, 2, 12).
cost(24, 3, 53).
cost(24, 4, 47).
cost(24, 5, 59).
cost(24, 6, 60).
cost(24, 7, 59).
cost(24, 8, 34).
cost(24, 9, 61).
cost(24, 10, 69).
cost(24, 11, 23).
cost(24, 12, 15).
cost(24, 13, 29).
cost(24, 14, 54).
cost(24, 15, 59).
cost(24, 16, 47).
cost(24, 17, 24).
cost(24, 18, 14).
cost(24, 19, 24).
cost(24, 20, 68).
cost(24, 21, 55).
cost(24, 22, 4).
cost(24, 23, 62).
cost(24, 25, 59).
cost(24, 26, 42).
cost(24, 27, 54).
cost(24, 28, 47).
cost(24, 29, 25).
cost(25, 1, 49).
cost(25, 2, 59).
cost(25, 3, 106).
cost(25, 4, 63).
cost(25, 5, 60).
cost(25, 6, 46).
cost(25, 7, 66).
cost(25, 8, 79).
cost(25, 9, 57).
cost(25, 10, 15).
cost(25, 11, 40).
cost(25, 12, 67).
cost(25, 13, 44).
cost(25, 14, 90).
cost(25, 15, 7).
cost(25, 16, 83).
cost(25, 17, 37).
cost(25, 18, 47).
cost(25, 19, 49).
cost(25, 20, 10).
cost(25, 21, 59).
cost(25, 22, 60).
cost(25, 23, 13).
cost(25, 24, 59).
cost(25, 26, 42).
cost(25, 27, 95).
cost(25, 28, 38).
cost(25, 29, 52).
cost(26, 1, 15).
cost(26, 2, 51).
cost(26, 3, 71).
cost(26, 4, 20).
cost(26, 5, 21).
cost(26, 6, 18).
cost(26, 7, 25).
cost(26, 8, 43).
cost(26, 9, 22).
cost(26, 10, 42).
cost(26, 11, 21).
cost(26, 12, 39).
cost(26, 13, 14).
cost(26, 14, 49).
cost(26, 15, 47).
cost(26, 16, 42).
cost(26, 17, 39).
cost(26, 18, 29).
cost(26, 19, 52).
cost(26, 20, 52).
cost(26, 21, 18).
cost(26, 22, 46).
cost(26, 23, 36).
cost(26, 24, 42).
cost(26, 25, 42).
cost(26, 27, 54).
cost(26, 28, 7).
cost(26, 29, 19).
cost(27, 1, 59).
cost(27, 2, 66).
cost(27, 3, 25).
cost(27, 4, 37).
cost(27, 5, 49).
cost(27, 6, 64).
cost(27, 7, 44).
cost(27, 8, 20).
cost(27, 9, 55).
cost(27, 10, 96).
cost(27, 11, 57).
cost(27, 12, 40).
cost(27, 13, 51).
cost(27, 14, 8).
cost(27, 15, 98).
cost(27, 16, 12).
cost(27, 17, 73).
cost(27, 18, 55).
cost(27, 19, 78).
cost(27, 20, 104).
cost(27, 21, 47).
cost(27, 22, 58).
cost(27, 23, 90).
cost(27, 24, 54).
cost(27, 25, 95).
cost(27, 26, 54).
cost(27, 28, 61).
cost(27, 29, 43).
cost(28, 1, 13).
cost(28, 2, 55).
cost(28, 3, 78).
cost(28, 4, 26).
cost(28, 5, 23).
cost(28, 6, 14).
cost(28, 7, 28).
cost(28, 8, 50).
cost(28, 9, 21).
cost(28, 10, 36).
cost(28, 11, 25).
cost(28, 12, 46).
cost(28, 13, 19).
cost(28, 14, 55).
cost(28, 15, 43).
cost(28, 16, 49).
cost(28, 17, 41).
cost(28, 18, 34).
cost(28, 19, 55).
cost(28, 20, 47).
cost(28, 21, 21).
cost(28, 22, 51).
cost(28, 23, 30).
cost(28, 24, 47).
cost(28, 25, 38).
cost(28, 26, 7).
cost(28, 27, 61).
cost(28, 29, 26).
cost(29, 1, 33).
cost(29, 2, 35).
cost(29, 3, 54).
cost(29, 4, 23).
cost(29, 5, 34).
cost(29, 6, 37).
cost(29, 7, 35).
cost(29, 8, 27).
cost(29, 9, 37).
cost(29, 10, 56).
cost(29, 11, 14).
cost(29, 12, 20).
cost(29, 13, 8).
cost(29, 14, 40).
cost(29, 15, 54).
cost(29, 16, 32).
cost(29, 17, 32).
cost(29, 18, 15).
cost(29, 19, 41).
cost(29, 20, 62).
cost(29, 21, 30).
cost(29, 22, 29).
cost(29, 23, 50).
cost(29, 24, 25).
cost(29, 25, 52).
cost(29, 26, 19).
cost(29, 27, 43).
cost(29, 28, 26).
nocross(1,4).
nocross(1,5).
nocross(1,6).
nocross(1,7).
nocross(1,9).
nocross(1,13).
nocross(1,14).
nocross(1,16).
nocross(1,21).
nocross(1,26).
nocross(1,27).
nocross(1,28).
nocross(2,8).
nocross(2,11).
nocross(2,12).
nocross(2,17).
nocross(2,18).
nocross(2,19).
nocross(2,22).
nocross(2,24).
nocross(3,8).
nocross(3,12).
nocross(3,14).
nocross(3,16).
nocross(3,27).
nocross(4,1).
nocross(4,5).
nocross(4,6).
nocross(4,7).
nocross(4,8).
nocross(4,9).
nocross(4,11).
nocross(4,12).
nocross(4,13).
nocross(4,14).
nocross(4,16).
nocross(4,21).
nocross(4,26).
nocross(4,27).
nocross(4,28).
nocross(4,29).
nocross(5,1).
nocross(5,4).
nocross(5,6).
nocross(5,7).
nocross(5,9).
nocross(5,14).
nocross(5,16).
nocross(5,21).
nocross(5,26).
nocross(5,27).
nocross(5,28).
nocross(5,29).
nocross(6,1).
nocross(6,5).
nocross(6,9).
nocross(6,10).
nocross(6,13).
nocross(6,21).
nocross(6,23).
nocross(6,26).
nocross(6,28).
nocross(7,1).
nocross(7,4).
nocross(7,5).
nocross(7,8).
nocross(7,9).
nocross(7,14).
nocross(7,16).
nocross(7,21).
nocross(7,26).
nocross(7,27).
nocross(7,28).
nocross(8,2).
nocross(8,3).
nocross(8,4).
nocross(8,5).
nocross(8,7).
nocross(8,12).
nocross(8,13).
nocross(8,14).
nocross(8,16).
nocross(8,18).
nocross(8,21).
nocross(8,22).
nocross(8,24).
nocross(8,27).
nocross(8,29).
nocross(9,1).
nocross(9,4).
nocross(9,5).
nocross(9,6).
nocross(9,7).
nocross(9,14).
nocross(9,16).
nocross(9,21).
nocross(9,26).
nocross(9,27).
nocross(9,28).
nocross(10,1).
nocross(10,6).
nocross(10,15).
nocross(10,20).
nocross(10,23).
nocross(10,25).
nocross(10,28).
nocross(11,1).
nocross(11,2).
nocross(11,4).
nocross(11,5).
nocross(11,6).
nocross(11,7).
nocross(11,8).
nocross(11,9).
nocross(11,12).
nocross(11,13).
nocross(11,14).
nocross(11,15).
nocross(11,16).
nocross(11,17).
nocross(11,18).
nocross(11,19).
nocross(11,21).
nocross(11,22).
nocross(11,24).
nocross(11,25).
nocross(11,26).
nocross(11,28).
nocross(11,29).
nocross(12,2).
nocross(12,3).
nocross(12,4).
nocross(12,8).
nocross(12,11).
nocross(12,13).
nocross(12,14).
nocross(12,16).
nocross(12,18).
nocross(12,22).
nocross(12,24).
nocross(12,27).
nocross(12,29).
nocross(13,1).
nocross(13,2).
nocross(13,4).
nocross(13,5).
nocross(13,6).
nocross(13,7).
nocross(13,8).
nocross(13,9).
nocross(13,11).
nocross(13,12).
nocross(13,14).
nocross(13,16).
nocross(13,17).
nocross(13,18).
nocross(13,21).
nocross(13,22).
nocross(13,24).
nocross(13,26).
nocross(13,27).
nocross(13,28).
nocross(13,29).
nocross(14,4).
nocross(14,7).
nocross(14,8).
nocross(14,16).
nocross(14,21).
nocross(14,27).
nocross(15,10).
nocross(15,11).
nocross(15,17).
nocross(15,19).
nocross(15,20).
nocross(15,23).
nocross(15,25).
nocross(15,28).
nocross(16,4).
nocross(16,5).
nocross(16,7).
nocross(16,8).
nocross(16,9).
nocross(16,12).
nocross(16,13).
nocross(16,14).
nocross(16,21).
nocross(16,27).
nocross(16,29).
nocross(17,2).
nocross(17,11).
nocross(17,12).
nocross(17,13).
nocross(17,15).
nocross(17,18).
nocross(17,19).
nocross(17,22).
nocross(17,24).
nocross(17,25).
nocross(17,28).
nocross(17,29).
nocross(18,2).
nocross(18,8).
nocross(18,11).
nocross(18,12).
nocross(18,13).
nocross(18,14).
nocross(18,16).
nocross(18,17).
nocross(18,19).
nocross(18,22).
nocross(18,24).
nocross(18,26).
nocross(18,27).
nocross(18,28).
nocross(18,29).
nocross(19,2).
nocross(19,11).
nocross(19,12).
nocross(19,15).
nocross(19,17).
nocross(19,18).
nocross(19,22).
nocross(19,24).
nocross(20,10).
nocross(20,15).
nocross(20,23).
nocross(20,25).
nocross(21,1).
nocross(21,4).
nocross(21,5).
nocross(21,6).
nocross(21,7).
nocross(21,8).
nocross(21,9).
nocross(21,13).
nocross(21,14).
nocross(21,16).
nocross(21,26).
nocross(21,27).
nocross(21,28).
nocross(21,29).
nocross(22,2).
nocross(22,8).
nocross(22,11).
nocross(22,12).
nocross(22,13).
nocross(22,14).
nocross(22,16).
nocross(22,17).
nocross(22,18).
nocross(22,19).
nocross(22,24).
nocross(22,27).
nocross(22,29).
nocross(23,1).
nocross(23,6).
nocross(23,9).
nocross(23,10).
nocross(23,11).
nocross(23,13).
nocross(23,15).
nocross(23,20).
nocross(23,25).
nocross(23,26).
nocross(23,28).
nocross(24,2).
nocross(24,8).
nocross(24,11).
nocross(24,12).
nocross(24,13).
nocross(24,14).
nocross(24,16).
nocross(24,17).
nocross(24,18).
nocross(24,19).
nocross(24,22).
nocross(24,27).
nocross(24,29).
nocross(25,6).
nocross(25,10).
nocross(25,11).
nocross(25,13).
nocross(25,15).
nocross(25,20).
nocross(25,23).
nocross(25,28).
nocross(26,1).
nocross(26,4).
nocross(26,5).
nocross(26,6).
nocross(26,7).
nocross(26,8).
nocross(26,9).
nocross(26,10).
nocross(26,11).
nocross(26,13).
nocross(26,14).
nocross(26,16).
nocross(26,18).
nocross(26,21).
nocross(26,22).
nocross(26,23).
nocross(26,24).
nocross(26,28).
nocross(26,29).
nocross(27,3).
nocross(27,8).
nocross(27,14).
nocross(27,16).
nocross(28,1).
nocross(28,4).
nocross(28,5).
nocross(28,6).
nocross(28,7).
nocross(28,9).
nocross(28,10).
nocross(28,11).
nocross(28,13).
nocross(28,14).
nocross(28,16).
nocross(28,18).
nocross(28,21).
nocross(28,23).
nocross(28,25).
nocross(28,26).
nocross(28,29).
nocross(29,1).
nocross(29,2).
nocross(29,4).
nocross(29,5).
nocross(29,6).
nocross(29,7).
nocross(29,8).
nocross(29,9).
nocross(29,11).
nocross(29,12).
nocross(29,13).
nocross(29,14).
nocross(29,16).
nocross(29,18).
nocross(29,21).
nocross(29,22).
nocross(29,24).
nocross(29,26).
nocross(29,27).
nocross(29,28).
