dimension(29).
point(1, 22.4128999985, 8.7832340341).
point(2, 72.9157602141, 80.2607041008).
point(3, 73.5654551168, 17.8520413099).
point(4, 34.6138653956, 89.6554974582).
point(5, 92.6714161137, 71.8023401859).
point(6, 34.4380796717, 87.7715432871).
point(7, 51.2084661425, 12.4432676884).
point(8, 22.456271349, 34.8135062489).
point(9, 48.0575796037, 44.4294865781).
point(10, 26.3099342615, 82.6648323454).
point(11, 84.6590888808, 58.9278570366).
point(12, 13.8608438251, 10.2521930917).
point(13, 31.3649577471, 91.5808265037).
point(14, 82.920809605, 45.4567159252).
point(15, 82.5131803125, 48.6290040432).
point(16, 76.1604690906, 55.4581376419).
point(17, 27.4550280086, 19.9953771364).
point(18, 67.8474712145, 42.6574150081).
point(19, 63.3222226208, 25.6997171577).
point(20, 53.1268167876, 56.2525008357).
point(21, 24.100718903, 69.9763527452).
point(22, 31.4998466878, 19.9538041474).
point(23, 44.5630049222, 14.2596803993).
point(24, 78.0504340946, 87.4017069876).
point(25, 39.0713024986, 0.5982146058).
point(26, 71.0995402615, 76.3039761622).
point(27, 31.1039380909, 9.8906184211).
point(28, 48.7455891341, 33.1529139311).
point(29, 72.6855027907, 79.1254154686).
cost(1, 2, 88).
cost(1, 3, 52).
cost(1, 4, 82).
cost(1, 5, 94).
cost(1, 6, 80).
cost(1, 7, 29).
cost(1, 8, 26).
cost(1, 9, 44).
cost(1, 10, 74).
cost(1, 11, 80).
cost(1, 12, 9).
cost(1, 13, 83).
cost(1, 14, 71).
cost(1, 15, 72).
cost(1, 16, 71).
cost(1, 17, 12).
cost(1, 18, 57).
cost(1, 19, 44).
cost(1, 20, 57).
cost(1, 21, 61).
cost(1, 22, 14).
cost(1, 23, 23).
cost(1, 24, 96).
cost(1, 25, 19).
cost(1, 26, 83).
cost(1, 27, 9).
cost(1, 28, 36).
cost(1, 29, 86).
cost(2, 1, 88).
cost(2, 3, 62).
cost(2, 4, 39).
cost(2, 5, 21).
cost(2, 6, 39).
cost(2, 7, 71).
cost(2, 8, 68).
cost(2, 9, 44).
cost(2, 10, 47).
cost(2, 11, 24).
cost(2, 12, 92).
cost(2, 13, 43).
cost(2, 14, 36).
cost(2, 15, 33).
cost(2, 16, 25).
cost(2, 17, 75).
cost(2, 18, 38).
cost(2, 19, 55).
cost(2, 20, 31).
cost(2, 21, 50).
cost(2, 22, 73).
cost(2, 23, 72).
cost(2, 24, 9).
cost(2, 25, 87).
cost(2, 26, 4).
cost(2, 27, 82).
cost(2, 28, 53).
cost(2, 29, 1).
cost(3, 1, 52).
cost(3, 2, 62).
cost(3, 4, 82).
cost(3, 5, 57).
cost(3, 6, 80).
cost(3, 7, 23).
cost(3, 8, 54).
cost(3, 9, 37).
cost(3, 10, 80).
cost(3, 11, 43).
cost(3, 12, 60).
cost(3, 13, 85).
cost(3, 14, 29).
cost(3, 15, 32).
cost(3, 16, 38).
cost(3, 17, 46).
cost(3, 18, 25).
cost(3, 19, 13).
cost(3, 20, 44).
cost(3, 21, 72).
cost(3, 22, 42).
cost(3, 23, 29).
cost(3, 24, 70).
cost(3, 25, 39).
cost(3, 26, 59).
cost(3, 27, 43).
cost(3, 28, 29).
cost(3, 29, 61).
cost(4, 1, 82).
cost(4, 2, 39).
cost(4, 3, 82).
cost(4, 5, 61).
cost(4, 6, 2).
cost(4, 7, 79).
cost(4, 8, 56).
cost(4, 9, 47).
cost(4, 10, 11).
cost(4, 11, 59).
cost(4, 12, 82).
cost(4, 13, 4).
cost(4, 14, 65).
cost(4, 15, 63).
cost(4, 16, 54).
cost(4, 17, 70).
cost(4, 18, 58).
cost(4, 19, 70).
cost(4, 20, 38).
cost(4, 21, 22).
cost(4, 22, 70).
cost(4, 23, 76).
cost(4, 24, 43).
cost(4, 25, 89).
cost(4, 26, 39).
cost(4, 27, 80).
cost(4, 28, 58).
cost(4, 29, 40).
cost(5, 1, 94).
cost(5, 2, 21).
cost(5, 3, 57).
cost(5, 4, 61).
cost(5, 6, 60).
cost(5, 7, 72).
cost(5, 8, 79).
cost(5, 9, 52).
cost(5, 10, 67).
cost(5, 11, 15).
cost(5, 12, 100).
cost(5, 13, 64).
cost(5, 14, 28).
cost(5, 15, 25).
cost(5, 16, 23).
cost(5, 17, 83).
cost(5, 18, 38).
cost(5, 19, 55).
cost(5, 20, 42).
cost(5, 21, 69).
cost(5, 22, 80).
cost(5, 23, 75).
cost(5, 24, 21).
cost(5, 25, 89).
cost(5, 26, 22).
cost(5, 27, 87).
cost(5, 28, 59).
cost(5, 29, 21).
cost(6, 1, 80).
cost(6, 2, 39).
cost(6, 3, 80).
cost(6, 4, 2).
cost(6, 5, 60).
cost(6, 7, 77).
cost(6, 8, 54).
cost(6, 9, 45).
cost(6, 10, 10).
cost(6, 11, 58).
cost(6, 12, 80).
cost(6, 13, 5).
cost(6, 14, 64).
cost(6, 15, 62).
cost(6, 16, 53).
cost(6, 17, 68).
cost(6, 18, 56).
cost(6, 19, 68).
cost(6, 20, 37).
cost(6, 21, 21).
cost(6, 22, 68).
cost(6, 23, 74).
cost(6, 24, 44).
cost(6, 25, 87).
cost(6, 26, 38).
cost(6, 27, 78).
cost(6, 28, 56).
cost(6, 29, 39).
cost(7, 1, 29).
cost(7, 2, 71).
cost(7, 3, 23).
cost(7, 4, 79).
cost(7, 5, 72).
cost(7, 6, 77).
cost(7, 8, 36).
cost(7, 9, 32).
cost(7, 10, 75).
cost(7, 11, 57).
cost(7, 12, 37).
cost(7, 13, 82).
cost(7, 14, 46).
cost(7, 15, 48).
cost(7, 16, 50).
cost(7, 17, 25).
cost(7, 18, 34).
cost(7, 19, 18).
cost(7, 20, 44).
cost(7, 21, 64).
cost(7, 22, 21).
cost(7, 23, 7).
cost(7, 24, 80).
cost(7, 25, 17).
cost(7, 26, 67).
cost(7, 27, 20).
cost(7, 28, 21).
cost(7, 29, 70).
cost(8, 1, 26).
cost(8, 2, 68).
cost(8, 3, 54).
cost(8, 4, 56).
cost(8, 5, 79).
cost(8, 6, 54).
cost(8, 7, 36).
cost(8, 9, 27).
cost(8, 10, 48).
cost(8, 11, 67).
cost(8, 12, 26).
cost(8, 13, 57).
cost(8, 14, 61).
cost(8, 15, 62).
cost(8, 16, 58).
cost(8, 17, 16).
cost(8, 18, 46).
cost(8, 19, 42).
cost(8, 20, 37).
cost(8, 21, 35).
cost(8, 22, 17).
cost(8, 23, 30).
cost(8, 24, 77).
cost(8, 25, 38).
cost(8, 26, 64).
cost(8, 27, 26).
cost(8, 28, 26).
cost(8, 29, 67).
cost(9, 1, 44).
cost(9, 2, 44).
cost(9, 3, 37).
cost(9, 4, 47).
cost(9, 5, 52).
cost(9, 6, 45).
cost(9, 7, 32).
cost(9, 8, 27).
cost(9, 10, 44).
cost(9, 11, 39).
cost(9, 12, 48).
cost(9, 13, 50).
cost(9, 14, 35).
cost(9, 15, 35).
cost(9, 16, 30).
cost(9, 17, 32).
cost(9, 18, 20).
cost(9, 19, 24).
cost(9, 20, 13).
cost(9, 21, 35).
cost(9, 22, 30).
cost(9, 23, 30).
cost(9, 24, 52).
cost(9, 25, 45).
cost(9, 26, 39).
cost(9, 27, 38).
cost(9, 28, 11).
cost(9, 29, 43).
cost(10, 1, 74).
cost(10, 2, 47).
cost(10, 3, 80).
cost(10, 4, 11).
cost(10, 5, 67).
cost(10, 6, 10).
cost(10, 7, 75).
cost(10, 8, 48).
cost(10, 9, 44).
cost(10, 11, 63).
cost(10, 12, 73).
cost(10, 13, 10).
cost(10, 14, 68).
cost(10, 15, 66).
cost(10, 16, 57).
cost(10, 17, 63).
cost(10, 18, 58).
cost(10, 19, 68).
cost(10, 20, 38).
cost(10, 21, 13).
cost(10, 22, 63).
cost(10, 23, 71).
cost(10, 24, 52).
cost(10, 25, 83).
cost(10, 26, 45).
cost(10, 27, 73).
cost(10, 28, 54).
cost(10, 29, 47).
cost(11, 1, 80).
cost(11, 2, 24).
cost(11, 3, 43).
cost(11, 4, 59).
cost(11, 5, 15).
cost(11, 6, 58).
cost(11, 7, 57).
cost(11, 8, 67).
cost(11, 9, 39).
cost(11, 10, 63).
cost(11, 12, 86).
cost(11, 13, 63).
cost(11, 14, 14).
cost(11, 15, 11).
cost(11, 16, 9).
cost(11, 17, 69).
cost(11, 18, 23).
cost(11, 19, 39).
cost(11, 20, 32).
cost(11, 21, 62).
cost(11, 22, 66).
cost(11, 23, 60).
cost(11, 24, 29).
cost(11, 25, 74).
cost(11, 26, 22).
cost(11, 27, 73).
cost(11, 28, 44).
cost(11, 29, 23).
cost(12, 1, 9).
cost(12, 2, 92).
cost(12, 3, 60).
cost(12, 4, 82).
cost(12, 5, 100).
cost(12, 6, 80).
cost(12, 7, 37).
cost(12, 8, 26).
cost(12, 9, 48).
cost(12, 10, 73).
cost(12, 11, 86).
cost(12, 13, 83).
cost(12, 14, 78).
cost(12, 15, 79).
cost(12, 16, 77).
cost(12, 17, 17).
cost(12, 18, 63).
cost(12, 19, 52).
cost(12, 20, 60).
cost(12, 21, 61).
cost(12, 22, 20).
cost(12, 23, 31).
cost(12, 24, 100).
cost(12, 25, 27).
cost(12, 26, 87).
cost(12, 27, 17).
cost(12, 28, 42).
cost(12, 29, 91).
cost(13, 1, 83).
cost(13, 2, 43).
cost(13, 3, 85).
cost(13, 4, 4).
cost(13, 5, 64).
cost(13, 6, 5).
cost(13, 7, 82).
cost(13, 8, 57).
cost(13, 9, 50).
cost(13, 10, 10).
cost(13, 11, 63).
cost(13, 12, 83).
cost(13, 14, 69).
cost(13, 15, 67).
cost(13, 16, 58).
cost(13, 17, 72).
cost(13, 18, 61).
cost(13, 19, 73).
cost(13, 20, 41).
cost(13, 21, 23).
cost(13, 22, 72).
cost(13, 23, 78).
cost(13, 24, 47).
cost(13, 25, 91).
cost(13, 26, 43).
cost(13, 27, 82).
cost(13, 28, 61).
cost(13, 29, 43).
cost(14, 1, 71).
cost(14, 2, 36).
cost(14, 3, 29).
cost(14, 4, 65).
cost(14, 5, 28).
cost(14, 6, 64).
cost(14, 7, 46).
cost(14, 8, 61).
cost(14, 9, 35).
cost(14, 10, 68).
cost(14, 11, 14).
cost(14, 12, 78).
cost(14, 13, 69).
cost(14, 15, 3).
cost(14, 16, 12).
cost(14, 17, 61).
cost(14, 18, 15).
cost(14, 19, 28).
cost(14, 20, 32).
cost(14, 21, 64).
cost(14, 22, 57).
cost(14, 23, 49).
cost(14, 24, 42).
cost(14, 25, 63).
cost(14, 26, 33).
cost(14, 27, 63).
cost(14, 28, 36).
cost(14, 29, 35).
cost(15, 1, 72).
cost(15, 2, 33).
cost(15, 3, 32).
cost(15, 4, 63).
cost(15, 5, 25).
cost(15, 6, 62).
cost(15, 7, 48).
cost(15, 8, 62).
cost(15, 9, 35).
cost(15, 10, 66).
cost(15, 11, 11).
cost(15, 12, 79).
cost(15, 13, 67).
cost(15, 14, 3).
cost(15, 16, 9).
cost(15, 17, 62).
cost(15, 18, 16).
cost(15, 19, 30).
cost(15, 20, 30).
cost(15, 21, 62).
cost(15, 22, 59).
cost(15, 23, 51).
cost(15, 24, 39).
cost(15, 25, 65).
cost(15, 26, 30).
cost(15, 27, 64).
cost(15, 28, 37).
cost(15, 29, 32).
cost(16, 1, 71).
cost(16, 2, 25).
cost(16, 3, 38).
cost(16, 4, 54).
cost(16, 5, 23).
cost(16, 6, 53).
cost(16, 7, 50).
cost(16, 8, 58).
cost(16, 9, 30).
cost(16, 10, 57).
cost(16, 11, 9).
cost(16, 12, 77).
cost(16, 13, 58).
cost(16, 14, 12).
cost(16, 15, 9).
cost(16, 17, 60).
cost(16, 18, 15).
cost(16, 19, 32).
cost(16, 20, 23).
cost(16, 21, 54).
cost(16, 22, 57).
cost(16, 23, 52).
cost(16, 24, 32).
cost(16, 25, 66).
cost(16, 26, 21).
cost(16, 27, 64).
cost(16, 28, 35).
cost(16, 29, 24).
cost(17, 1, 12).
cost(17, 2, 75).
cost(17, 3, 46).
cost(17, 4, 70).
cost(17, 5, 83).
cost(17, 6, 68).
cost(17, 7, 25).
cost(17, 8, 16).
cost(17, 9, 32).
cost(17, 10, 63).
cost(17, 11, 69).
cost(17, 12, 17).
cost(17, 13, 72).
cost(17, 14, 61).
cost(17, 15, 62).
cost(17, 16, 60).
cost(17, 18, 46).
cost(17, 19, 36).
cost(17, 20, 44).
cost(17, 21, 50).
cost(17, 22, 4).
cost(17, 23, 18).
cost(17, 24, 84).
cost(17, 25, 23).
cost(17, 26, 71).
cost(17, 27, 11).
cost(17, 28, 25).
cost(17, 29, 74).
cost(18, 1, 57).
cost(18, 2, 38).
cost(18, 3, 25).
cost(18, 4, 58).
cost(18, 5, 38).
cost(18, 6, 56).
cost(18, 7, 34).
cost(18, 8, 46).
cost(18, 9, 20).
cost(18, 10, 58).
cost(18, 11, 23).
cost(18, 12, 63).
cost(18, 13, 61).
cost(18, 14, 15).
cost(18, 15, 16).
cost(18, 16, 15).
cost(18, 17, 46).
cost(18, 19, 18).
cost(18, 20, 20).
cost(18, 21, 52).
cost(18, 22, 43).
cost(18, 23, 37).
cost(18, 24, 46).
cost(18, 25, 51).
cost(18, 26, 34).
cost(18, 27, 49).
cost(18, 28, 21).
cost(18, 29, 37).
cost(19, 1, 44).
cost(19, 2, 55).
cost(19, 3, 13).
cost(19, 4, 70).
cost(19, 5, 55).
cost(19, 6, 68).
cost(19, 7, 18).
cost(19, 8, 42).
cost(19, 9, 24).
cost(19, 10, 68).
cost(19, 11, 39).
cost(19, 12, 52).
cost(19, 13, 73).
cost(19, 14, 28).
cost(19, 15, 30).
cost(19, 16, 32).
cost(19, 17, 36).
cost(19, 18, 18).
cost(19, 20, 32).
cost(19, 21, 59).
cost(19, 22, 32).
cost(19, 23, 22).
cost(19, 24, 63).
cost(19, 25, 35).
cost(19, 26, 51).
cost(19, 27, 36).
cost(19, 28, 16).
cost(19, 29, 54).
cost(20, 1, 57).
cost(20, 2, 31).
cost(20, 3, 44).
cost(20, 4, 38).
cost(20, 5, 42).
cost(20, 6, 37).
cost(20, 7, 44).
cost(20, 8, 37).
cost(20, 9, 13).
cost(20, 10, 38).
cost(20, 11, 32).
cost(20, 12, 60).
cost(20, 13, 41).
cost(20, 14, 32).
cost(20, 15, 30).
cost(20, 16, 23).
cost(20, 17, 44).
cost(20, 18, 20).
cost(20, 19, 32).
cost(20, 21, 32).
cost(20, 22, 42).
cost(20, 23, 43).
cost(20, 24, 40).
cost(20, 25, 57).
cost(20, 26, 27).
cost(20, 27, 51).
cost(20, 28, 24).
cost(20, 29, 30).
cost(21, 1, 61).
cost(21, 2, 50).
cost(21, 3, 72).
cost(21, 4, 22).
cost(21, 5, 69).
cost(21, 6, 21).
cost(21, 7, 64).
cost(21, 8, 35).
cost(21, 9, 35).
cost(21, 10, 13).
cost(21, 11, 62).
cost(21, 12, 61).
cost(21, 13, 23).
cost(21, 14, 64).
cost(21, 15, 62).
cost(21, 16, 54).
cost(21, 17, 50).
cost(21, 18, 52).
cost(21, 19, 59).
cost(21, 20, 32).
cost(21, 22, 51).
cost(21, 23, 59).
cost(21, 24, 57).
cost(21, 25, 71).
cost(21, 26, 47).
cost(21, 27, 60).
cost(21, 28, 44).
cost(21, 29, 49).
cost(22, 1, 14).
cost(22, 2, 73).
cost(22, 3, 42).
cost(22, 4, 70).
cost(22, 5, 80).
cost(22, 6, 68).
cost(22, 7, 21).
cost(22, 8, 17).
cost(22, 9, 30).
cost(22, 10, 63).
cost(22, 11, 66).
cost(22, 12, 20).
cost(22, 13, 72).
cost(22, 14, 57).
cost(22, 15, 59).
cost(22, 16, 57).
cost(22, 17, 4).
cost(22, 18, 43).
cost(22, 19, 32).
cost(22, 20, 42).
cost(22, 21, 51).
cost(22, 23, 14).
cost(22, 24, 82).
cost(22, 25, 21).
cost(22, 26, 69).
cost(22, 27, 10).
cost(22, 28, 22).
cost(22, 29, 72).
cost(23, 1, 23).
cost(23, 2, 72).
cost(23, 3, 29).
cost(23, 4, 76).
cost(23, 5, 75).
cost(23, 6, 74).
cost(23, 7, 7).
cost(23, 8, 30).
cost(23, 9, 30).
cost(23, 10, 71).
cost(23, 11, 60).
cost(23, 12, 31).
cost(23, 13, 78).
cost(23, 14, 49).
cost(23, 15, 51).
cost(23, 16, 52).
cost(23, 17, 18).
cost(23, 18, 37).
cost(23, 19, 22).
cost(23, 20, 43).
cost(23, 21, 59).
cost(23, 22, 14).
cost(23, 24, 80).
cost(23, 25, 15).
cost(23, 26, 67).
cost(23, 27, 14).
cost(23, 28, 19).
cost(23, 29, 71).
cost(24, 1, 96).
cost(24, 2, 9).
cost(24, 3, 70).
cost(24, 4, 43).
cost(24, 5, 21).
cost(24, 6, 44).
cost(24, 7, 80).
cost(24, 8, 77).
cost(24, 9, 52).
cost(24, 10, 52).
cost(24, 11, 29).
cost(24, 12, 100).
cost(24, 13, 47).
cost(24, 14, 42).
cost(24, 15, 39).
cost(24, 16, 32).
cost(24, 17, 84).
cost(24, 18, 46).
cost(24, 19, 63).
cost(24, 20, 40).
cost(24, 21, 57).
cost(24, 22, 82).
cost(24, 23, 80).
cost(24, 25, 95).
cost(24, 26, 13).
cost(24, 27, 91).
cost(24, 28, 62).
cost(24, 29, 10).
cost(25, 1, 19).
cost(25, 2, 87).
cost(25, 3, 39).
cost(25, 4, 89).
cost(25, 5, 89).
cost(25, 6, 87).
cost(25, 7, 17).
cost(25, 8, 38).
cost(25, 9, 45).
cost(25, 10, 83).
cost(25, 11, 74).
cost(25, 12, 27).
cost(25, 13, 91).
cost(25, 14, 63).
cost(25, 15, 65).
cost(25, 16, 66).
cost(25, 17, 23).
cost(25, 18, 51).
cost(25, 19, 35).
cost(25, 20, 57).
cost(25, 21, 71).
cost(25, 22, 21).
cost(25, 23, 15).
cost(25, 24, 95).
cost(25, 26, 82).
cost(25, 27, 12).
cost(25, 28, 34).
cost(25, 29, 85).
cost(26, 1, 83).
cost(26, 2, 4).
cost(26, 3, 59).
cost(26, 4, 39).
cost(26, 5, 22).
cost(26, 6, 38).
cost(26, 7, 67).
cost(26, 8, 64).
cost(26, 9, 39).
cost(26, 10, 45).
cost(26, 11, 22).
cost(26, 12, 87).
cost(26, 13, 43).
cost(26, 14, 33).
cost(26, 15, 30).
cost(26, 16, 21).
cost(26, 17, 71).
cost(26, 18, 34).
cost(26, 19, 51).
cost(26, 20, 27).
cost(26, 21, 47).
cost(26, 22, 69).
cost(26, 23, 67).
cost(26, 24, 13).
cost(26, 25, 82).
cost(26, 27, 78).
cost(26, 28, 49).
cost(26, 29, 3).
cost(27, 1, 9).
cost(27, 2, 82).
cost(27, 3, 43).
cost(27, 4, 80).
cost(27, 5, 87).
cost(27, 6, 78).
cost(27, 7, 20).
cost(27, 8, 26).
cost(27, 9, 38).
cost(27, 10, 73).
cost(27, 11, 73).
cost(27, 12, 17).
cost(27, 13, 82).
cost(27, 14, 63).
cost(27, 15, 64).
cost(27, 16, 64).
cost(27, 17, 11).
cost(27, 18, 49).
cost(27, 19, 36).
cost(27, 20, 51).
cost(27, 21, 60).
cost(27, 22, 10).
cost(27, 23, 14).
cost(27, 24, 91).
cost(27, 25, 12).
cost(27, 26, 78).
cost(27, 28, 29).
cost(27, 29, 81).
cost(28, 1, 36).
cost(28, 2, 53).
cost(28, 3, 29).
cost(28, 4, 58).
cost(28, 5, 59).
cost(28, 6, 56).
cost(28, 7, 21).
cost(28, 8, 26).
cost(28, 9, 11).
cost(28, 10, 54).
cost(28, 11, 44).
cost(28, 12, 42).
cost(28, 13, 61).
cost(28, 14, 36).
cost(28, 15, 37).
cost(28, 16, 35).
cost(28, 17, 25).
cost(28, 18, 21).
cost(28, 19, 16).
cost(28, 20, 24).
cost(28, 21, 44).
cost(28, 22, 22).
cost(28, 23, 19).
cost(28, 24, 62).
cost(28, 25, 34).
cost(28, 26, 49).
cost(28, 27, 29).
cost(28, 29, 52).
cost(29, 1, 86).
cost(29, 2, 1).
cost(29, 3, 61).
cost(29, 4, 40).
cost(29, 5, 21).
cost(29, 6, 39).
cost(29, 7, 70).
cost(29, 8, 67).
cost(29, 9, 43).
cost(29, 10, 47).
cost(29, 11, 23).
cost(29, 12, 91).
cost(29, 13, 43).
cost(29, 14, 35).
cost(29, 15, 32).
cost(29, 16, 24).
cost(29, 17, 74).
cost(29, 18, 37).
cost(29, 19, 54).
cost(29, 20, 30).
cost(29, 21, 49).
cost(29, 22, 72).
cost(29, 23, 71).
cost(29, 24, 10).
cost(29, 25, 85).
cost(29, 26, 3).
cost(29, 27, 81).
cost(29, 28, 52).
nocross(1,7).
nocross(1,8).
nocross(1,12).
nocross(1,17).
nocross(1,22).
nocross(1,23).
nocross(1,25).
nocross(1,27).
nocross(1,28).
nocross(2,4).
nocross(2,5).
nocross(2,6).
nocross(2,10).
nocross(2,11).
nocross(2,13).
nocross(2,14).
nocross(2,15).
nocross(2,16).
nocross(2,20).
nocross(2,24).
nocross(2,26).
nocross(2,29).
nocross(3,7).
nocross(3,9).
nocross(3,14).
nocross(3,15).
nocross(3,16).
nocross(3,18).
nocross(3,19).
nocross(3,23).
nocross(3,28).
nocross(4,6).
nocross(4,10).
nocross(4,13).
nocross(4,20).
nocross(4,21).
nocross(4,24).
nocross(4,26).
nocross(5,2).
nocross(5,11).
nocross(5,14).
nocross(5,15).
nocross(5,16).
nocross(5,24).
nocross(5,26).
nocross(5,29).
nocross(6,4).
nocross(6,10).
nocross(6,13).
nocross(6,20).
nocross(6,21).
nocross(6,24).
nocross(6,26).
nocross(6,29).
nocross(7,3).
nocross(7,9).
nocross(7,14).
nocross(7,17).
nocross(7,18).
nocross(7,19).
nocross(7,22).
nocross(7,23).
nocross(7,25).
nocross(7,27).
nocross(7,28).
nocross(8,1).
nocross(8,7).
nocross(8,9).
nocross(8,10).
nocross(8,12).
nocross(8,17).
nocross(8,20).
nocross(8,21).
nocross(8,22).
nocross(8,23).
nocross(8,27).
nocross(8,28).
nocross(9,2).
nocross(9,4).
nocross(9,6).
nocross(9,7).
nocross(9,8).
nocross(9,10).
nocross(9,11).
nocross(9,14).
nocross(9,15).
nocross(9,16).
nocross(9,17).
nocross(9,18).
nocross(9,19).
nocross(9,20).
nocross(9,21).
nocross(9,22).
nocross(9,23).
nocross(9,26).
nocross(9,28).
nocross(9,29).
nocross(10,4).
nocross(10,6).
nocross(10,9).
nocross(10,13).
nocross(10,20).
nocross(10,21).
nocross(10,26).
nocross(11,2).
nocross(11,3).
nocross(11,5).
nocross(11,14).
nocross(11,15).
nocross(11,16).
nocross(11,18).
nocross(11,20).
nocross(11,24).
nocross(11,26).
nocross(11,29).
nocross(12,1).
nocross(12,8).
nocross(12,17).
nocross(12,22).
nocross(12,23).
nocross(12,25).
nocross(12,27).
nocross(13,4).
nocross(13,6).
nocross(13,10).
nocross(13,21).
nocross(13,26).
nocross(14,3).
nocross(14,5).
nocross(14,7).
nocross(14,11).
nocross(14,15).
nocross(14,16).
nocross(14,18).
nocross(14,19).
nocross(14,24).
nocross(14,26).
nocross(14,28).
nocross(15,3).
nocross(15,5).
nocross(15,11).
nocross(15,14).
nocross(15,16).
nocross(15,18).
nocross(15,19).
nocross(15,20).
nocross(15,24).
nocross(15,26).
nocross(15,29).
nocross(16,2).
nocross(16,3).
nocross(16,4).
nocross(16,5).
nocross(16,6).
nocross(16,9).
nocross(16,11).
nocross(16,14).
nocross(16,15).
nocross(16,18).
nocross(16,19).
nocross(16,20).
nocross(16,24).
nocross(16,26).
nocross(16,28).
nocross(16,29).
nocross(17,1).
nocross(17,7).
nocross(17,8).
nocross(17,9).
nocross(17,12).
nocross(17,22).
nocross(17,23).
nocross(17,25).
nocross(17,27).
nocross(17,28).
nocross(18,2).
nocross(18,3).
nocross(18,5).
nocross(18,6).
nocross(18,7).
nocross(18,9).
nocross(18,11).
nocross(18,14).
nocross(18,15).
nocross(18,16).
nocross(18,19).
nocross(18,20).
nocross(18,23).
nocross(18,26).
nocross(18,28).
nocross(18,29).
nocross(19,3).
nocross(19,7).
nocross(19,9).
nocross(19,11).
nocross(19,14).
nocross(19,15).
nocross(19,16).
nocross(19,18).
nocross(19,20).
nocross(19,22).
nocross(19,23).
nocross(19,26).
nocross(19,28).
nocross(20,2).
nocross(20,4).
nocross(20,6).
nocross(20,8).
nocross(20,9).
nocross(20,10).
nocross(20,11).
nocross(20,14).
nocross(20,15).
nocross(20,16).
nocross(20,18).
nocross(20,19).
nocross(20,21).
nocross(20,24).
nocross(20,26).
nocross(20,28).
nocross(20,29).
nocross(21,4).
nocross(21,6).
nocross(21,8).
nocross(21,9).
nocross(21,10).
nocross(21,13).
nocross(21,20).
nocross(21,26).
nocross(21,28).
nocross(22,1).
nocross(22,7).
nocross(22,8).
nocross(22,9).
nocross(22,12).
nocross(22,17).
nocross(22,23).
nocross(22,25).
nocross(22,27).
nocross(22,28).
nocross(23,1).
nocross(23,3).
nocross(23,7).
nocross(23,8).
nocross(23,9).
nocross(23,17).
nocross(23,19).
nocross(23,22).
nocross(23,25).
nocross(23,27).
nocross(23,28).
nocross(24,2).
nocross(24,5).
nocross(24,11).
nocross(24,16).
nocross(24,26).
nocross(24,29).
nocross(25,1).
nocross(25,3).
nocross(25,7).
nocross(25,9).
nocross(25,17).
nocross(25,19).
nocross(25,22).
nocross(25,23).
nocross(25,27).
nocross(25,28).
nocross(26,2).
nocross(26,4).
nocross(26,5).
nocross(26,6).
nocross(26,9).
nocross(26,10).
nocross(26,11).
nocross(26,14).
nocross(26,15).
nocross(26,16).
nocross(26,18).
nocross(26,20).
nocross(26,24).
nocross(26,29).
nocross(27,1).
nocross(27,7).
nocross(27,8).
nocross(27,9).
nocross(27,12).
nocross(27,17).
nocross(27,22).
nocross(27,23).
nocross(27,25).
nocross(27,28).
nocross(28,2).
nocross(28,3).
nocross(28,7).
nocross(28,8).
nocross(28,9).
nocross(28,11).
nocross(28,14).
nocross(28,15).
nocross(28,16).
nocross(28,17).
nocross(28,18).
nocross(28,19).
nocross(28,20).
nocross(28,22).
nocross(28,23).
nocross(28,25).
nocross(28,26).
nocross(28,27).
nocross(29,2).
nocross(29,5).
nocross(29,6).
nocross(29,10).
nocross(29,11).
nocross(29,14).
nocross(29,15).
nocross(29,16).
nocross(29,20).
nocross(29,24).
nocross(29,26).
