dimension(29).
point(1, 25.2760466369, 39.8930030563).
point(2, 38.9300485953, 56.7887117129).
point(3, 49.3816628925, 64.5749453203).
point(4, 91.573606805, 36.7666513863).
point(5, 46.9211078133, 17.438041787).
point(6, 91.079580893, 56.9340308521).
point(7, 96.0844567554, 47.8412165501).
point(8, 45.5964947573, 84.2927762257).
point(9, 69.7343276981, 12.5691099595).
point(10, 8.6001642311, 80.428173689).
point(11, 23.2683868063, 49.953922229).
point(12, 16.7536050428, 83.7812112285).
point(13, 72.5057003537, 43.2314319664).
point(14, 28.6858564715, 81.4395160582).
point(15, 78.6807822833, 38.6257068296).
point(16, 46.0296125138, 57.7721701475).
point(17, 57.3090647552, 74.5899576339).
point(18, 91.5686812284, 9.7802869096).
point(19, 39.5657847416, 56.2581294944).
point(20, 80.4004044925, 46.4270848207).
point(21, 93.7256159022, 47.306248929).
point(22, 21.180375781, 51.7282814208).
point(23, 43.2957115519, 91.4030100348).
point(24, 15.7776427226, 50.7002076116).
point(25, 50.1812643027, 21.6634115745).
point(26, 58.3323930594, 11.0204168234).
point(27, 12.2023479419, 38.5423943791).
point(28, 56.9581726942, 26.1208012633).
point(29, 86.7373201809, 38.2748456977).
cost(1, 2, 22).
cost(1, 3, 35).
cost(1, 4, 66).
cost(1, 5, 31).
cost(1, 6, 68).
cost(1, 7, 71).
cost(1, 8, 49).
cost(1, 9, 52).
cost(1, 10, 44).
cost(1, 11, 10).
cost(1, 12, 45).
cost(1, 13, 47).
cost(1, 14, 42).
cost(1, 15, 53).
cost(1, 16, 27).
cost(1, 17, 47).
cost(1, 18, 73).
cost(1, 19, 22).
cost(1, 20, 56).
cost(1, 21, 69).
cost(1, 22, 13).
cost(1, 23, 55).
cost(1, 24, 14).
cost(1, 25, 31).
cost(1, 26, 44).
cost(1, 27, 13).
cost(1, 28, 35).
cost(1, 29, 61).
cost(2, 1, 22).
cost(2, 3, 13).
cost(2, 4, 56).
cost(2, 5, 40).
cost(2, 6, 52).
cost(2, 7, 58).
cost(2, 8, 28).
cost(2, 9, 54).
cost(2, 10, 38).
cost(2, 11, 17).
cost(2, 12, 35).
cost(2, 13, 36).
cost(2, 14, 27).
cost(2, 15, 44).
cost(2, 16, 7).
cost(2, 17, 26).
cost(2, 18, 71).
cost(2, 19, 1).
cost(2, 20, 43).
cost(2, 21, 56).
cost(2, 22, 18).
cost(2, 23, 35).
cost(2, 24, 24).
cost(2, 25, 37).
cost(2, 26, 50).
cost(2, 27, 32).
cost(2, 28, 36).
cost(2, 29, 51).
cost(3, 1, 35).
cost(3, 2, 13).
cost(3, 4, 51).
cost(3, 5, 47).
cost(3, 6, 42).
cost(3, 7, 50).
cost(3, 8, 20).
cost(3, 9, 56).
cost(3, 10, 44).
cost(3, 11, 30).
cost(3, 12, 38).
cost(3, 13, 31).
cost(3, 14, 27).
cost(3, 15, 39).
cost(3, 16, 8).
cost(3, 17, 13).
cost(3, 18, 69).
cost(3, 19, 13).
cost(3, 20, 36).
cost(3, 21, 48).
cost(3, 22, 31).
cost(3, 23, 28).
cost(3, 24, 36).
cost(3, 25, 43).
cost(3, 26, 54).
cost(3, 27, 45).
cost(3, 28, 39).
cost(3, 29, 46).
cost(4, 1, 66).
cost(4, 2, 56).
cost(4, 3, 51).
cost(4, 5, 49).
cost(4, 6, 20).
cost(4, 7, 12).
cost(4, 8, 66).
cost(4, 9, 33).
cost(4, 10, 94).
cost(4, 11, 70).
cost(4, 12, 88).
cost(4, 13, 20).
cost(4, 14, 77).
cost(4, 15, 13).
cost(4, 16, 50).
cost(4, 17, 51).
cost(4, 18, 27).
cost(4, 19, 56).
cost(4, 20, 15).
cost(4, 21, 11).
cost(4, 22, 72).
cost(4, 23, 73).
cost(4, 24, 77).
cost(4, 25, 44).
cost(4, 26, 42).
cost(4, 27, 79).
cost(4, 28, 36).
cost(4, 29, 5).
cost(5, 1, 31).
cost(5, 2, 40).
cost(5, 3, 47).
cost(5, 4, 49).
cost(5, 6, 59).
cost(5, 7, 58).
cost(5, 8, 67).
cost(5, 9, 23).
cost(5, 10, 74).
cost(5, 11, 40).
cost(5, 12, 73).
cost(5, 13, 36).
cost(5, 14, 67).
cost(5, 15, 38).
cost(5, 16, 40).
cost(5, 17, 58).
cost(5, 18, 45).
cost(5, 19, 40).
cost(5, 20, 44).
cost(5, 21, 56).
cost(5, 22, 43).
cost(5, 23, 74).
cost(5, 24, 46).
cost(5, 25, 5).
cost(5, 26, 13).
cost(5, 27, 41).
cost(5, 28, 13).
cost(5, 29, 45).
cost(6, 1, 68).
cost(6, 2, 52).
cost(6, 3, 42).
cost(6, 4, 20).
cost(6, 5, 59).
cost(6, 7, 10).
cost(6, 8, 53).
cost(6, 9, 49).
cost(6, 10, 86).
cost(6, 11, 68).
cost(6, 12, 79).
cost(6, 13, 23).
cost(6, 14, 67).
cost(6, 15, 22).
cost(6, 16, 45).
cost(6, 17, 38).
cost(6, 18, 47).
cost(6, 19, 52).
cost(6, 20, 15).
cost(6, 21, 10).
cost(6, 22, 70).
cost(6, 23, 59).
cost(6, 24, 76).
cost(6, 25, 54).
cost(6, 26, 56).
cost(6, 27, 81).
cost(6, 28, 46).
cost(6, 29, 19).
cost(7, 1, 71).
cost(7, 2, 58).
cost(7, 3, 50).
cost(7, 4, 12).
cost(7, 5, 58).
cost(7, 6, 10).
cost(7, 8, 62).
cost(7, 9, 44).
cost(7, 10, 93).
cost(7, 11, 73).
cost(7, 12, 87).
cost(7, 13, 24).
cost(7, 14, 75).
cost(7, 15, 20).
cost(7, 16, 51).
cost(7, 17, 47).
cost(7, 18, 38).
cost(7, 19, 57).
cost(7, 20, 16).
cost(7, 21, 2).
cost(7, 22, 75).
cost(7, 23, 68).
cost(7, 24, 80).
cost(7, 25, 53).
cost(7, 26, 53).
cost(7, 27, 84).
cost(7, 28, 45).
cost(7, 29, 13).
cost(8, 1, 49).
cost(8, 2, 28).
cost(8, 3, 20).
cost(8, 4, 66).
cost(8, 5, 67).
cost(8, 6, 53).
cost(8, 7, 62).
cost(8, 9, 76).
cost(8, 10, 37).
cost(8, 11, 41).
cost(8, 12, 29).
cost(8, 13, 49).
cost(8, 14, 17).
cost(8, 15, 56).
cost(8, 16, 27).
cost(8, 17, 15).
cost(8, 18, 88).
cost(8, 19, 29).
cost(8, 20, 51).
cost(8, 21, 61).
cost(8, 22, 41).
cost(8, 23, 7).
cost(8, 24, 45).
cost(8, 25, 63).
cost(8, 26, 74).
cost(8, 27, 57).
cost(8, 28, 59).
cost(8, 29, 62).
cost(9, 1, 52).
cost(9, 2, 54).
cost(9, 3, 56).
cost(9, 4, 33).
cost(9, 5, 23).
cost(9, 6, 49).
cost(9, 7, 44).
cost(9, 8, 76).
cost(9, 10, 91).
cost(9, 11, 60).
cost(9, 12, 89).
cost(9, 13, 31).
cost(9, 14, 80).
cost(9, 15, 28).
cost(9, 16, 51).
cost(9, 17, 63).
cost(9, 18, 22).
cost(9, 19, 53).
cost(9, 20, 35).
cost(9, 21, 42).
cost(9, 22, 62).
cost(9, 23, 83).
cost(9, 24, 66).
cost(9, 25, 22).
cost(9, 26, 12).
cost(9, 27, 63).
cost(9, 28, 19).
cost(9, 29, 31).
cost(10, 1, 44).
cost(10, 2, 38).
cost(10, 3, 44).
cost(10, 4, 94).
cost(10, 5, 74).
cost(10, 6, 86).
cost(10, 7, 93).
cost(10, 8, 37).
cost(10, 9, 91).
cost(10, 11, 34).
cost(10, 12, 9).
cost(10, 13, 74).
cost(10, 14, 20).
cost(10, 15, 82).
cost(10, 16, 44).
cost(10, 17, 49).
cost(10, 18, 109).
cost(10, 19, 39).
cost(10, 20, 79).
cost(10, 21, 91).
cost(10, 22, 31).
cost(10, 23, 36).
cost(10, 24, 31).
cost(10, 25, 72).
cost(10, 26, 85).
cost(10, 27, 42).
cost(10, 28, 73).
cost(10, 29, 89).
cost(11, 1, 10).
cost(11, 2, 17).
cost(11, 3, 30).
cost(11, 4, 70).
cost(11, 5, 40).
cost(11, 6, 68).
cost(11, 7, 73).
cost(11, 8, 41).
cost(11, 9, 60).
cost(11, 10, 34).
cost(11, 12, 34).
cost(11, 13, 50).
cost(11, 14, 32).
cost(11, 15, 57).
cost(11, 16, 24).
cost(11, 17, 42).
cost(11, 18, 79).
cost(11, 19, 17).
cost(11, 20, 57).
cost(11, 21, 71).
cost(11, 22, 3).
cost(11, 23, 46).
cost(11, 24, 8).
cost(11, 25, 39).
cost(11, 26, 52).
cost(11, 27, 16).
cost(11, 28, 41).
cost(11, 29, 65).
cost(12, 1, 45).
cost(12, 2, 35).
cost(12, 3, 38).
cost(12, 4, 88).
cost(12, 5, 73).
cost(12, 6, 79).
cost(12, 7, 87).
cost(12, 8, 29).
cost(12, 9, 89).
cost(12, 10, 9).
cost(12, 11, 34).
cost(12, 13, 69).
cost(12, 14, 12).
cost(12, 15, 77).
cost(12, 16, 39).
cost(12, 17, 42).
cost(12, 18, 105).
cost(12, 19, 36).
cost(12, 20, 74).
cost(12, 21, 85).
cost(12, 22, 32).
cost(12, 23, 28).
cost(12, 24, 33).
cost(12, 25, 71).
cost(12, 26, 84).
cost(12, 27, 45).
cost(12, 28, 70).
cost(12, 29, 83).
cost(13, 1, 47).
cost(13, 2, 36).
cost(13, 3, 31).
cost(13, 4, 20).
cost(13, 5, 36).
cost(13, 6, 23).
cost(13, 7, 24).
cost(13, 8, 49).
cost(13, 9, 31).
cost(13, 10, 74).
cost(13, 11, 50).
cost(13, 12, 69).
cost(13, 14, 58).
cost(13, 15, 8).
cost(13, 16, 30).
cost(13, 17, 35).
cost(13, 18, 39).
cost(13, 19, 35).
cost(13, 20, 9).
cost(13, 21, 22).
cost(13, 22, 52).
cost(13, 23, 56).
cost(13, 24, 57).
cost(13, 25, 31).
cost(13, 26, 35).
cost(13, 27, 60).
cost(13, 28, 23).
cost(13, 29, 15).
cost(14, 1, 42).
cost(14, 2, 27).
cost(14, 3, 27).
cost(14, 4, 77).
cost(14, 5, 67).
cost(14, 6, 67).
cost(14, 7, 75).
cost(14, 8, 17).
cost(14, 9, 80).
cost(14, 10, 20).
cost(14, 11, 32).
cost(14, 12, 12).
cost(14, 13, 58).
cost(14, 15, 66).
cost(14, 16, 29).
cost(14, 17, 29).
cost(14, 18, 95).
cost(14, 19, 27).
cost(14, 20, 62).
cost(14, 21, 73).
cost(14, 22, 31).
cost(14, 23, 18).
cost(14, 24, 33).
cost(14, 25, 64).
cost(14, 26, 76).
cost(14, 27, 46).
cost(14, 28, 62).
cost(14, 29, 72).
cost(15, 1, 53).
cost(15, 2, 44).
cost(15, 3, 39).
cost(15, 4, 13).
cost(15, 5, 38).
cost(15, 6, 22).
cost(15, 7, 20).
cost(15, 8, 56).
cost(15, 9, 28).
cost(15, 10, 82).
cost(15, 11, 57).
cost(15, 12, 77).
cost(15, 13, 8).
cost(15, 14, 66).
cost(15, 16, 38).
cost(15, 17, 42).
cost(15, 18, 32).
cost(15, 19, 43).
cost(15, 20, 8).
cost(15, 21, 17).
cost(15, 22, 59).
cost(15, 23, 64).
cost(15, 24, 64).
cost(15, 25, 33).
cost(15, 26, 34).
cost(15, 27, 66).
cost(15, 28, 25).
cost(15, 29, 8).
cost(16, 1, 27).
cost(16, 2, 7).
cost(16, 3, 8).
cost(16, 4, 50).
cost(16, 5, 40).
cost(16, 6, 45).
cost(16, 7, 51).
cost(16, 8, 27).
cost(16, 9, 51).
cost(16, 10, 44).
cost(16, 11, 24).
cost(16, 12, 39).
cost(16, 13, 30).
cost(16, 14, 29).
cost(16, 15, 38).
cost(16, 17, 20).
cost(16, 18, 66).
cost(16, 19, 7).
cost(16, 20, 36).
cost(16, 21, 49).
cost(16, 22, 26).
cost(16, 23, 34).
cost(16, 24, 31).
cost(16, 25, 36).
cost(16, 26, 48).
cost(16, 27, 39).
cost(16, 28, 33).
cost(16, 29, 45).
cost(17, 1, 47).
cost(17, 2, 26).
cost(17, 3, 13).
cost(17, 4, 51).
cost(17, 5, 58).
cost(17, 6, 38).
cost(17, 7, 47).
cost(17, 8, 15).
cost(17, 9, 63).
cost(17, 10, 49).
cost(17, 11, 42).
cost(17, 12, 42).
cost(17, 13, 35).
cost(17, 14, 29).
cost(17, 15, 42).
cost(17, 16, 20).
cost(17, 18, 73).
cost(17, 19, 26).
cost(17, 20, 36).
cost(17, 21, 46).
cost(17, 22, 43).
cost(17, 23, 22).
cost(17, 24, 48).
cost(17, 25, 53).
cost(17, 26, 64).
cost(17, 27, 58).
cost(17, 28, 48).
cost(17, 29, 47).
cost(18, 1, 73).
cost(18, 2, 71).
cost(18, 3, 69).
cost(18, 4, 27).
cost(18, 5, 45).
cost(18, 6, 47).
cost(18, 7, 38).
cost(18, 8, 88).
cost(18, 9, 22).
cost(18, 10, 109).
cost(18, 11, 79).
cost(18, 12, 105).
cost(18, 13, 39).
cost(18, 14, 95).
cost(18, 15, 32).
cost(18, 16, 66).
cost(18, 17, 73).
cost(18, 19, 70).
cost(18, 20, 38).
cost(18, 21, 38).
cost(18, 22, 82).
cost(18, 23, 95).
cost(18, 24, 86).
cost(18, 25, 43).
cost(18, 26, 33).
cost(18, 27, 84).
cost(18, 28, 38).
cost(18, 29, 29).
cost(19, 1, 22).
cost(19, 2, 1).
cost(19, 3, 13).
cost(19, 4, 56).
cost(19, 5, 40).
cost(19, 6, 52).
cost(19, 7, 57).
cost(19, 8, 29).
cost(19, 9, 53).
cost(19, 10, 39).
cost(19, 11, 17).
cost(19, 12, 36).
cost(19, 13, 35).
cost(19, 14, 27).
cost(19, 15, 43).
cost(19, 16, 7).
cost(19, 17, 26).
cost(19, 18, 70).
cost(19, 20, 42).
cost(19, 21, 55).
cost(19, 22, 19).
cost(19, 23, 35).
cost(19, 24, 24).
cost(19, 25, 36).
cost(19, 26, 49).
cost(19, 27, 33).
cost(19, 28, 35).
cost(19, 29, 50).
cost(20, 1, 56).
cost(20, 2, 43).
cost(20, 3, 36).
cost(20, 4, 15).
cost(20, 5, 44).
cost(20, 6, 15).
cost(20, 7, 16).
cost(20, 8, 51).
cost(20, 9, 35).
cost(20, 10, 79).
cost(20, 11, 57).
cost(20, 12, 74).
cost(20, 13, 9).
cost(20, 14, 62).
cost(20, 15, 8).
cost(20, 16, 36).
cost(20, 17, 36).
cost(20, 18, 38).
cost(20, 19, 42).
cost(20, 21, 13).
cost(20, 22, 59).
cost(20, 23, 58).
cost(20, 24, 65).
cost(20, 25, 39).
cost(20, 26, 42).
cost(20, 27, 69).
cost(20, 28, 31).
cost(20, 29, 10).
cost(21, 1, 69).
cost(21, 2, 56).
cost(21, 3, 48).
cost(21, 4, 11).
cost(21, 5, 56).
cost(21, 6, 10).
cost(21, 7, 2).
cost(21, 8, 61).
cost(21, 9, 42).
cost(21, 10, 91).
cost(21, 11, 71).
cost(21, 12, 85).
cost(21, 13, 22).
cost(21, 14, 73).
cost(21, 15, 17).
cost(21, 16, 49).
cost(21, 17, 46).
cost(21, 18, 38).
cost(21, 19, 55).
cost(21, 20, 13).
cost(21, 22, 73).
cost(21, 23, 67).
cost(21, 24, 78).
cost(21, 25, 51).
cost(21, 26, 51).
cost(21, 27, 82).
cost(21, 28, 42).
cost(21, 29, 11).
cost(22, 1, 13).
cost(22, 2, 18).
cost(22, 3, 31).
cost(22, 4, 72).
cost(22, 5, 43).
cost(22, 6, 70).
cost(22, 7, 75).
cost(22, 8, 41).
cost(22, 9, 62).
cost(22, 10, 31).
cost(22, 11, 3).
cost(22, 12, 32).
cost(22, 13, 52).
cost(22, 14, 31).
cost(22, 15, 59).
cost(22, 16, 26).
cost(22, 17, 43).
cost(22, 18, 82).
cost(22, 19, 19).
cost(22, 20, 59).
cost(22, 21, 73).
cost(22, 23, 45).
cost(22, 24, 5).
cost(22, 25, 42).
cost(22, 26, 55).
cost(22, 27, 16).
cost(22, 28, 44).
cost(22, 29, 67).
cost(23, 1, 55).
cost(23, 2, 35).
cost(23, 3, 28).
cost(23, 4, 73).
cost(23, 5, 74).
cost(23, 6, 59).
cost(23, 7, 68).
cost(23, 8, 7).
cost(23, 9, 83).
cost(23, 10, 36).
cost(23, 11, 46).
cost(23, 12, 28).
cost(23, 13, 56).
cost(23, 14, 18).
cost(23, 15, 64).
cost(23, 16, 34).
cost(23, 17, 22).
cost(23, 18, 95).
cost(23, 19, 35).
cost(23, 20, 58).
cost(23, 21, 67).
cost(23, 22, 45).
cost(23, 24, 49).
cost(23, 25, 70).
cost(23, 26, 82).
cost(23, 27, 61).
cost(23, 28, 67).
cost(23, 29, 69).
cost(24, 1, 14).
cost(24, 2, 24).
cost(24, 3, 36).
cost(24, 4, 77).
cost(24, 5, 46).
cost(24, 6, 76).
cost(24, 7, 80).
cost(24, 8, 45).
cost(24, 9, 66).
cost(24, 10, 31).
cost(24, 11, 8).
cost(24, 12, 33).
cost(24, 13, 57).
cost(24, 14, 33).
cost(24, 15, 64).
cost(24, 16, 31).
cost(24, 17, 48).
cost(24, 18, 86).
cost(24, 19, 24).
cost(24, 20, 65).
cost(24, 21, 78).
cost(24, 22, 5).
cost(24, 23, 49).
cost(24, 25, 45).
cost(24, 26, 58).
cost(24, 27, 13).
cost(24, 28, 48).
cost(24, 29, 72).
cost(25, 1, 31).
cost(25, 2, 37).
cost(25, 3, 43).
cost(25, 4, 44).
cost(25, 5, 5).
cost(25, 6, 54).
cost(25, 7, 53).
cost(25, 8, 63).
cost(25, 9, 22).
cost(25, 10, 72).
cost(25, 11, 39).
cost(25, 12, 71).
cost(25, 13, 31).
cost(25, 14, 64).
cost(25, 15, 33).
cost(25, 16, 36).
cost(25, 17, 53).
cost(25, 18, 43).
cost(25, 19, 36).
cost(25, 20, 39).
cost(25, 21, 51).
cost(25, 22, 42).
cost(25, 23, 70).
cost(25, 24, 45).
cost(25, 26, 13).
cost(25, 27, 42).
cost(25, 28, 8).
cost(25, 29, 40).
cost(26, 1, 44).
cost(26, 2, 50).
cost(26, 3, 54).
cost(26, 4, 42).
cost(26, 5, 13).
cost(26, 6, 56).
cost(26, 7, 53).
cost(26, 8, 74).
cost(26, 9, 12).
cost(26, 10, 85).
cost(26, 11, 52).
cost(26, 12, 84).
cost(26, 13, 35).
cost(26, 14, 76).
cost(26, 15, 34).
cost(26, 16, 48).
cost(26, 17, 64).
cost(26, 18, 33).
cost(26, 19, 49).
cost(26, 20, 42).
cost(26, 21, 51).
cost(26, 22, 55).
cost(26, 23, 82).
cost(26, 24, 58).
cost(26, 25, 13).
cost(26, 27, 54).
cost(26, 28, 15).
cost(26, 29, 39).
cost(27, 1, 13).
cost(27, 2, 32).
cost(27, 3, 45).
cost(27, 4, 79).
cost(27, 5, 41).
cost(27, 6, 81).
cost(27, 7, 84).
cost(27, 8, 57).
cost(27, 9, 63).
cost(27, 10, 42).
cost(27, 11, 16).
cost(27, 12, 45).
cost(27, 13, 60).
cost(27, 14, 46).
cost(27, 15, 66).
cost(27, 16, 39).
cost(27, 17, 58).
cost(27, 18, 84).
cost(27, 19, 33).
cost(27, 20, 69).
cost(27, 21, 82).
cost(27, 22, 16).
cost(27, 23, 61).
cost(27, 24, 13).
cost(27, 25, 42).
cost(27, 26, 54).
cost(27, 28, 46).
cost(27, 29, 75).
cost(28, 1, 35).
cost(28, 2, 36).
cost(28, 3, 39).
cost(28, 4, 36).
cost(28, 5, 13).
cost(28, 6, 46).
cost(28, 7, 45).
cost(28, 8, 59).
cost(28, 9, 19).
cost(28, 10, 73).
cost(28, 11, 41).
cost(28, 12, 70).
cost(28, 13, 23).
cost(28, 14, 62).
cost(28, 15, 25).
cost(28, 16, 33).
cost(28, 17, 48).
cost(28, 18, 38).
cost(28, 19, 35).
cost(28, 20, 31).
cost(28, 21, 42).
cost(28, 22, 44).
cost(28, 23, 67).
cost(28, 24, 48).
cost(28, 25, 8).
cost(28, 26, 15).
cost(28, 27, 46).
cost(28, 29, 32).
cost(29, 1, 61).
cost(29, 2, 51).
cost(29, 3, 46).
cost(29, 4, 5).
cost(29, 5, 45).
cost(29, 6, 19).
cost(29, 7, 13).
cost(29, 8, 62).
cost(29, 9, 31).
cost(29, 10, 89).
cost(29, 11, 65).
cost(29, 12, 83).
cost(29, 13, 15).
cost(29, 14, 72).
cost(29, 15, 8).
cost(29, 16, 45).
cost(29, 17, 47).
cost(29, 18, 29).
cost(29, 19, 50).
cost(29, 20, 10).
cost(29, 21, 11).
cost(29, 22, 67).
cost(29, 23, 69).
cost(29, 24, 72).
cost(29, 25, 40).
cost(29, 26, 39).
cost(29, 27, 75).
cost(29, 28, 32).
nocross(1,2).
nocross(1,3).
nocross(1,5).
nocross(1,11).
nocross(1,12).
nocross(1,16).
nocross(1,19).
nocross(1,22).
nocross(1,24).
nocross(1,25).
nocross(1,26).
nocross(1,27).
nocross(1,28).
nocross(2,1).
nocross(2,3).
nocross(2,5).
nocross(2,8).
nocross(2,10).
nocross(2,11).
nocross(2,12).
nocross(2,13).
nocross(2,14).
nocross(2,16).
nocross(2,17).
nocross(2,19).
nocross(2,22).
nocross(2,24).
nocross(2,25).
nocross(2,27).
nocross(2,28).
nocross(3,1).
nocross(3,2).
nocross(3,6).
nocross(3,8).
nocross(3,10).
nocross(3,11).
nocross(3,12).
nocross(3,13).
nocross(3,14).
nocross(3,15).
nocross(3,16).
nocross(3,17).
nocross(3,19).
nocross(3,20).
nocross(3,22).
nocross(3,23).
nocross(4,5).
nocross(4,6).
nocross(4,7).
nocross(4,9).
nocross(4,13).
nocross(4,15).
nocross(4,18).
nocross(4,20).
nocross(4,21).
nocross(4,25).
nocross(4,26).
nocross(4,28).
nocross(4,29).
nocross(5,1).
nocross(5,2).
nocross(5,9).
nocross(5,11).
nocross(5,15).
nocross(5,22).
nocross(5,25).
nocross(5,26).
nocross(5,27).
nocross(5,28).
nocross(6,3).
nocross(6,4).
nocross(6,7).
nocross(6,13).
nocross(6,15).
nocross(6,16).
nocross(6,17).
nocross(6,20).
nocross(6,21).
nocross(6,29).
nocross(7,4).
nocross(7,6).
nocross(7,9).
nocross(7,13).
nocross(7,15).
nocross(7,20).
nocross(7,21).
nocross(7,28).
nocross(7,29).
nocross(8,2).
nocross(8,3).
nocross(8,10).
nocross(8,11).
nocross(8,12).
nocross(8,14).
nocross(8,16).
nocross(8,17).
nocross(8,19).
nocross(8,23).
nocross(9,4).
nocross(9,5).
nocross(9,13).
nocross(9,15).
nocross(9,18).
nocross(9,25).
nocross(9,26).
nocross(9,28).
nocross(9,29).
nocross(10,2).
nocross(10,8).
nocross(10,11).
nocross(10,12).
nocross(10,14).
nocross(10,16).
nocross(10,19).
nocross(10,22).
nocross(10,24).
nocross(11,1).
nocross(11,2).
nocross(11,3).
nocross(11,5).
nocross(11,10).
nocross(11,12).
nocross(11,14).
nocross(11,16).
nocross(11,19).
nocross(11,22).
nocross(11,24).
nocross(11,25).
nocross(11,27).
nocross(11,28).
nocross(12,2).
nocross(12,3).
nocross(12,8).
nocross(12,10).
nocross(12,11).
nocross(12,14).
nocross(12,16).
nocross(12,19).
nocross(12,22).
nocross(12,23).
nocross(12,24).
nocross(13,2).
nocross(13,3).
nocross(13,4).
nocross(13,5).
nocross(13,6).
nocross(13,7).
nocross(13,9).
nocross(13,15).
nocross(13,16).
nocross(13,17).
nocross(13,19).
nocross(13,20).
nocross(13,21).
nocross(13,25).
nocross(13,26).
nocross(13,28).
nocross(13,29).
nocross(14,1).
nocross(14,2).
nocross(14,3).
nocross(14,8).
nocross(14,10).
nocross(14,11).
nocross(14,12).
nocross(14,16).
nocross(14,17).
nocross(14,19).
nocross(14,22).
nocross(14,23).
nocross(14,24).
nocross(15,3).
nocross(15,4).
nocross(15,5).
nocross(15,6).
nocross(15,9).
nocross(15,13).
nocross(15,16).
nocross(15,18).
nocross(15,20).
nocross(15,21).
nocross(15,25).
nocross(15,26).
nocross(15,28).
nocross(15,29).
nocross(16,1).
nocross(16,2).
nocross(16,3).
nocross(16,8).
nocross(16,10).
nocross(16,11).
nocross(16,12).
nocross(16,13).
nocross(16,14).
nocross(16,15).
nocross(16,17).
nocross(16,19).
nocross(16,20).
nocross(16,22).
nocross(16,24).
nocross(16,25).
nocross(16,28).
nocross(17,2).
nocross(17,3).
nocross(17,6).
nocross(17,8).
nocross(17,11).
nocross(17,12).
nocross(17,13).
nocross(17,14).
nocross(17,15).
nocross(17,16).
nocross(17,19).
nocross(17,20).
nocross(17,23).
nocross(18,4).
nocross(18,7).
nocross(18,9).
nocross(18,13).
nocross(18,15).
nocross(18,20).
nocross(18,21).
nocross(18,26).
nocross(18,28).
nocross(18,29).
nocross(19,1).
nocross(19,2).
nocross(19,3).
nocross(19,5).
nocross(19,8).
nocross(19,10).
nocross(19,11).
nocross(19,12).
nocross(19,14).
nocross(19,16).
nocross(19,17).
nocross(19,22).
nocross(19,24).
nocross(19,25).
nocross(19,27).
nocross(19,28).
nocross(20,3).
nocross(20,4).
nocross(20,6).
nocross(20,7).
nocross(20,9).
nocross(20,13).
nocross(20,15).
nocross(20,16).
nocross(20,17).
nocross(20,21).
nocross(20,25).
nocross(20,26).
nocross(20,28).
nocross(20,29).
nocross(21,4).
nocross(21,6).
nocross(21,7).
nocross(21,9).
nocross(21,13).
nocross(21,15).
nocross(21,18).
nocross(21,20).
nocross(21,28).
nocross(21,29).
nocross(22,1).
nocross(22,2).
nocross(22,3).
nocross(22,5).
nocross(22,8).
nocross(22,10).
nocross(22,11).
nocross(22,12).
nocross(22,14).
nocross(22,16).
nocross(22,19).
nocross(22,24).
nocross(22,25).
nocross(22,26).
nocross(22,27).
nocross(23,2).
nocross(23,3).
nocross(23,8).
nocross(23,10).
nocross(23,12).
nocross(23,14).
nocross(23,16).
nocross(23,17).
nocross(24,1).
nocross(24,2).
nocross(24,10).
nocross(24,11).
nocross(24,12).
nocross(24,14).
nocross(24,16).
nocross(24,19).
nocross(24,22).
nocross(24,27).
nocross(25,1).
nocross(25,2).
nocross(25,5).
nocross(25,9).
nocross(25,11).
nocross(25,13).
nocross(25,15).
nocross(25,16).
nocross(25,19).
nocross(25,22).
nocross(25,26).
nocross(25,28).
nocross(26,1).
nocross(26,5).
nocross(26,9).
nocross(26,13).
nocross(26,15).
nocross(26,18).
nocross(26,25).
nocross(26,28).
nocross(27,1).
nocross(27,2).
nocross(27,5).
nocross(27,10).
nocross(27,11).
nocross(27,22).
nocross(27,24).
nocross(27,25).
nocross(28,1).
nocross(28,2).
nocross(28,4).
nocross(28,5).
nocross(28,9).
nocross(28,11).
nocross(28,13).
nocross(28,15).
nocross(28,16).
nocross(28,18).
nocross(28,19).
nocross(28,20).
nocross(28,25).
nocross(28,26).
nocross(28,29).
nocross(29,4).
nocross(29,5).
nocross(29,6).
nocross(29,9).
nocross(29,13).
nocross(29,15).
nocross(29,18).
nocross(29,20).
nocross(29,21).
nocross(29,25).
nocross(29,26).
nocross(29,28).
