dimension(29).
point(1, 50.630794294, 45.9308611082).
point(2, 0.4629187833, 30.7245495239).
point(3, 18.4262081801, 17.0010746574).
point(4, 25.2525158286, 75.600434756).
point(5, 64.5653989906, 52.9997498732).
point(6, 28.4379250995, 50.9902255003).
point(7, 72.7385856931, 96.4777871526).
point(8, 77.5534012758, 44.2549489266).
point(9, 92.2737274808, 80.7536900916).
point(10, 3.7462839383, 21.9157072695).
point(11, 61.4738771813, 17.9124749191).
point(12, 28.0750752757, 83.482466228).
point(13, 5.1715773273, 14.0853372782).
point(14, 78.6386669308, 50.2716365192).
point(15, 29.9765941995, 14.4190200315).
point(16, 40.0201463786, 80.4479649319).
point(17, 78.5034068307, 16.9150618712).
point(18, 66.6700260792, 91.9446889459).
point(19, 94.8523712891, 90.1949125588).
point(20, 60.7626143507, 57.1905252951).
point(21, 58.990900869, 47.2181227202).
point(22, 85.0253678054, 39.3590497401).
point(23, 45.2554459494, 60.7638847832).
point(24, 44.2443879809, 78.0383244202).
point(25, 54.3621159575, 61.3544144174).
point(26, 84.7380470365, 82.7694308512).
point(27, 46.4593625696, 40.1272378463).
point(28, 73.0373926455, 22.5083998131).
point(29, 46.7455675805, 27.5655238696).
cost(1, 2, 52).
cost(1, 3, 43).
cost(1, 4, 39).
cost(1, 5, 16).
cost(1, 6, 23).
cost(1, 7, 55).
cost(1, 8, 27).
cost(1, 9, 54).
cost(1, 10, 53).
cost(1, 11, 30).
cost(1, 12, 44).
cost(1, 13, 56).
cost(1, 14, 28).
cost(1, 15, 38).
cost(1, 16, 36).
cost(1, 17, 40).
cost(1, 18, 49).
cost(1, 19, 63).
cost(1, 20, 15).
cost(1, 21, 8).
cost(1, 22, 35).
cost(1, 23, 16).
cost(1, 24, 33).
cost(1, 25, 16).
cost(1, 26, 50).
cost(1, 27, 7).
cost(1, 28, 32).
cost(1, 29, 19).
cost(2, 1, 52).
cost(2, 3, 23).
cost(2, 4, 51).
cost(2, 5, 68).
cost(2, 6, 35).
cost(2, 7, 98).
cost(2, 8, 78).
cost(2, 9, 105).
cost(2, 10, 9).
cost(2, 11, 62).
cost(2, 12, 60).
cost(2, 13, 17).
cost(2, 14, 81).
cost(2, 15, 34).
cost(2, 16, 64).
cost(2, 17, 79).
cost(2, 18, 90).
cost(2, 19, 112).
cost(2, 20, 66).
cost(2, 21, 61).
cost(2, 22, 85).
cost(2, 23, 54).
cost(2, 24, 64).
cost(2, 25, 62).
cost(2, 26, 99).
cost(2, 27, 47).
cost(2, 28, 73).
cost(2, 29, 46).
cost(3, 1, 43).
cost(3, 2, 23).
cost(3, 4, 59).
cost(3, 5, 59).
cost(3, 6, 35).
cost(3, 7, 96).
cost(3, 8, 65).
cost(3, 9, 98).
cost(3, 10, 15).
cost(3, 11, 43).
cost(3, 12, 67).
cost(3, 13, 14).
cost(3, 14, 69).
cost(3, 15, 12).
cost(3, 16, 67).
cost(3, 17, 60).
cost(3, 18, 89).
cost(3, 19, 106).
cost(3, 20, 58).
cost(3, 21, 51).
cost(3, 22, 70).
cost(3, 23, 51).
cost(3, 24, 66).
cost(3, 25, 57).
cost(3, 26, 93).
cost(3, 27, 36).
cost(3, 28, 55).
cost(3, 29, 30).
cost(4, 1, 39).
cost(4, 2, 51).
cost(4, 3, 59).
cost(4, 5, 45).
cost(4, 6, 25).
cost(4, 7, 52).
cost(4, 8, 61).
cost(4, 9, 67).
cost(4, 10, 58).
cost(4, 11, 68).
cost(4, 12, 8).
cost(4, 13, 65).
cost(4, 14, 59).
cost(4, 15, 61).
cost(4, 16, 16).
cost(4, 17, 79).
cost(4, 18, 45).
cost(4, 19, 71).
cost(4, 20, 40).
cost(4, 21, 44).
cost(4, 22, 70).
cost(4, 23, 25).
cost(4, 24, 19).
cost(4, 25, 32).
cost(4, 26, 60).
cost(4, 27, 41).
cost(4, 28, 71).
cost(4, 29, 53).
cost(5, 1, 16).
cost(5, 2, 68).
cost(5, 3, 59).
cost(5, 4, 45).
cost(5, 6, 36).
cost(5, 7, 44).
cost(5, 8, 16).
cost(5, 9, 39).
cost(5, 10, 68).
cost(5, 11, 35).
cost(5, 12, 48).
cost(5, 13, 71).
cost(5, 14, 14).
cost(5, 15, 52).
cost(5, 16, 37).
cost(5, 17, 39).
cost(5, 18, 39).
cost(5, 19, 48).
cost(5, 20, 6).
cost(5, 21, 8).
cost(5, 22, 25).
cost(5, 23, 21).
cost(5, 24, 32).
cost(5, 25, 13).
cost(5, 26, 36).
cost(5, 27, 22).
cost(5, 28, 32).
cost(5, 29, 31).
cost(6, 1, 23).
cost(6, 2, 35).
cost(6, 3, 35).
cost(6, 4, 25).
cost(6, 5, 36).
cost(6, 7, 63).
cost(6, 8, 50).
cost(6, 9, 70).
cost(6, 10, 38).
cost(6, 11, 47).
cost(6, 12, 32).
cost(6, 13, 44).
cost(6, 14, 50).
cost(6, 15, 37).
cost(6, 16, 32).
cost(6, 17, 61).
cost(6, 18, 56).
cost(6, 19, 77).
cost(6, 20, 33).
cost(6, 21, 31).
cost(6, 22, 58).
cost(6, 23, 19).
cost(6, 24, 31).
cost(6, 25, 28).
cost(6, 26, 65).
cost(6, 27, 21).
cost(6, 28, 53).
cost(6, 29, 30).
cost(7, 1, 55).
cost(7, 2, 98).
cost(7, 3, 96).
cost(7, 4, 52).
cost(7, 5, 44).
cost(7, 6, 63).
cost(7, 8, 52).
cost(7, 9, 25).
cost(7, 10, 102).
cost(7, 11, 79).
cost(7, 12, 47).
cost(7, 13, 107).
cost(7, 14, 47).
cost(7, 15, 93).
cost(7, 16, 36).
cost(7, 17, 80).
cost(7, 18, 8).
cost(7, 19, 23).
cost(7, 20, 41).
cost(7, 21, 51).
cost(7, 22, 58).
cost(7, 23, 45).
cost(7, 24, 34).
cost(7, 25, 40).
cost(7, 26, 18).
cost(7, 27, 62).
cost(7, 28, 74).
cost(7, 29, 74).
cost(8, 1, 27).
cost(8, 2, 78).
cost(8, 3, 65).
cost(8, 4, 61).
cost(8, 5, 16).
cost(8, 6, 50).
cost(8, 7, 52).
cost(8, 9, 39).
cost(8, 10, 77).
cost(8, 11, 31).
cost(8, 12, 63).
cost(8, 13, 78).
cost(8, 14, 6).
cost(8, 15, 56).
cost(8, 16, 52).
cost(8, 17, 27).
cost(8, 18, 49).
cost(8, 19, 49).
cost(8, 20, 21).
cost(8, 21, 19).
cost(8, 22, 9).
cost(8, 23, 36).
cost(8, 24, 47).
cost(8, 25, 29).
cost(8, 26, 39).
cost(8, 27, 31).
cost(8, 28, 22).
cost(8, 29, 35).
cost(9, 1, 54).
cost(9, 2, 105).
cost(9, 3, 98).
cost(9, 4, 67).
cost(9, 5, 39).
cost(9, 6, 70).
cost(9, 7, 25).
cost(9, 8, 39).
cost(9, 10, 106).
cost(9, 11, 70).
cost(9, 12, 64).
cost(9, 13, 110).
cost(9, 14, 33).
cost(9, 15, 91).
cost(9, 16, 52).
cost(9, 17, 65).
cost(9, 18, 28).
cost(9, 19, 10).
cost(9, 20, 39).
cost(9, 21, 47).
cost(9, 22, 42).
cost(9, 23, 51).
cost(9, 24, 48).
cost(9, 25, 43).
cost(9, 26, 8).
cost(9, 27, 61).
cost(9, 28, 61).
cost(9, 29, 70).
cost(10, 1, 53).
cost(10, 2, 9).
cost(10, 3, 15).
cost(10, 4, 58).
cost(10, 5, 68).
cost(10, 6, 38).
cost(10, 7, 102).
cost(10, 8, 77).
cost(10, 9, 106).
cost(10, 11, 58).
cost(10, 12, 66).
cost(10, 13, 8).
cost(10, 14, 80).
cost(10, 15, 27).
cost(10, 16, 69).
cost(10, 17, 75).
cost(10, 18, 94).
cost(10, 19, 114).
cost(10, 20, 67).
cost(10, 21, 61).
cost(10, 22, 83).
cost(10, 23, 57).
cost(10, 24, 69).
cost(10, 25, 64).
cost(10, 26, 101).
cost(10, 27, 46).
cost(10, 28, 69).
cost(10, 29, 43).
cost(11, 1, 30).
cost(11, 2, 62).
cost(11, 3, 43).
cost(11, 4, 68).
cost(11, 5, 35).
cost(11, 6, 47).
cost(11, 7, 79).
cost(11, 8, 31).
cost(11, 9, 70).
cost(11, 10, 58).
cost(11, 12, 74).
cost(11, 13, 56).
cost(11, 14, 37).
cost(11, 15, 32).
cost(11, 16, 66).
cost(11, 17, 17).
cost(11, 18, 74).
cost(11, 19, 80).
cost(11, 20, 39).
cost(11, 21, 29).
cost(11, 22, 32).
cost(11, 23, 46).
cost(11, 24, 63).
cost(11, 25, 44).
cost(11, 26, 69).
cost(11, 27, 27).
cost(11, 28, 12).
cost(11, 29, 18).
cost(12, 1, 44).
cost(12, 2, 60).
cost(12, 3, 67).
cost(12, 4, 8).
cost(12, 5, 48).
cost(12, 6, 32).
cost(12, 7, 47).
cost(12, 8, 63).
cost(12, 9, 64).
cost(12, 10, 66).
cost(12, 11, 74).
cost(12, 13, 73).
cost(12, 14, 60).
cost(12, 15, 69).
cost(12, 16, 12).
cost(12, 17, 84).
cost(12, 18, 40).
cost(12, 19, 67).
cost(12, 20, 42).
cost(12, 21, 48).
cost(12, 22, 72).
cost(12, 23, 28).
cost(12, 24, 17).
cost(12, 25, 34).
cost(12, 26, 57).
cost(12, 27, 47).
cost(12, 28, 76).
cost(12, 29, 59).
cost(13, 1, 56).
cost(13, 2, 17).
cost(13, 3, 14).
cost(13, 4, 65).
cost(13, 5, 71).
cost(13, 6, 44).
cost(13, 7, 107).
cost(13, 8, 78).
cost(13, 9, 110).
cost(13, 10, 8).
cost(13, 11, 56).
cost(13, 12, 73).
cost(13, 14, 82).
cost(13, 15, 25).
cost(13, 16, 75).
cost(13, 17, 73).
cost(13, 18, 99).
cost(13, 19, 118).
cost(13, 20, 70).
cost(13, 21, 63).
cost(13, 22, 84).
cost(13, 23, 62).
cost(13, 24, 75).
cost(13, 25, 68).
cost(13, 26, 105).
cost(13, 27, 49).
cost(13, 28, 68).
cost(13, 29, 44).
cost(14, 1, 28).
cost(14, 2, 81).
cost(14, 3, 69).
cost(14, 4, 59).
cost(14, 5, 14).
cost(14, 6, 50).
cost(14, 7, 47).
cost(14, 8, 6).
cost(14, 9, 33).
cost(14, 10, 80).
cost(14, 11, 37).
cost(14, 12, 60).
cost(14, 13, 82).
cost(14, 15, 60).
cost(14, 16, 49).
cost(14, 17, 33).
cost(14, 18, 43).
cost(14, 19, 43).
cost(14, 20, 19).
cost(14, 21, 20).
cost(14, 22, 13).
cost(14, 23, 35).
cost(14, 24, 44).
cost(14, 25, 27).
cost(14, 26, 33).
cost(14, 27, 34).
cost(14, 28, 28).
cost(14, 29, 39).
cost(15, 1, 38).
cost(15, 2, 34).
cost(15, 3, 12).
cost(15, 4, 61).
cost(15, 5, 52).
cost(15, 6, 37).
cost(15, 7, 93).
cost(15, 8, 56).
cost(15, 9, 91).
cost(15, 10, 27).
cost(15, 11, 32).
cost(15, 12, 69).
cost(15, 13, 25).
cost(15, 14, 60).
cost(15, 16, 67).
cost(15, 17, 49).
cost(15, 18, 86).
cost(15, 19, 100).
cost(15, 20, 53).
cost(15, 21, 44).
cost(15, 22, 60).
cost(15, 23, 49).
cost(15, 24, 65).
cost(15, 25, 53).
cost(15, 26, 88).
cost(15, 27, 31).
cost(15, 28, 44).
cost(15, 29, 21).
cost(16, 1, 36).
cost(16, 2, 64).
cost(16, 3, 67).
cost(16, 4, 16).
cost(16, 5, 37).
cost(16, 6, 32).
cost(16, 7, 36).
cost(16, 8, 52).
cost(16, 9, 52).
cost(16, 10, 69).
cost(16, 11, 66).
cost(16, 12, 12).
cost(16, 13, 75).
cost(16, 14, 49).
cost(16, 15, 67).
cost(16, 17, 74).
cost(16, 18, 29).
cost(16, 19, 56).
cost(16, 20, 31).
cost(16, 21, 38).
cost(16, 22, 61).
cost(16, 23, 20).
cost(16, 24, 5).
cost(16, 25, 24).
cost(16, 26, 45).
cost(16, 27, 41).
cost(16, 28, 67).
cost(16, 29, 53).
cost(17, 1, 40).
cost(17, 2, 79).
cost(17, 3, 60).
cost(17, 4, 79).
cost(17, 5, 39).
cost(17, 6, 61).
cost(17, 7, 80).
cost(17, 8, 27).
cost(17, 9, 65).
cost(17, 10, 75).
cost(17, 11, 17).
cost(17, 12, 84).
cost(17, 13, 73).
cost(17, 14, 33).
cost(17, 15, 49).
cost(17, 16, 74).
cost(17, 18, 76).
cost(17, 19, 75).
cost(17, 20, 44).
cost(17, 21, 36).
cost(17, 22, 23).
cost(17, 23, 55).
cost(17, 24, 70).
cost(17, 25, 51).
cost(17, 26, 66).
cost(17, 27, 40).
cost(17, 28, 8).
cost(17, 29, 33).
cost(18, 1, 49).
cost(18, 2, 90).
cost(18, 3, 89).
cost(18, 4, 45).
cost(18, 5, 39).
cost(18, 6, 56).
cost(18, 7, 8).
cost(18, 8, 49).
cost(18, 9, 28).
cost(18, 10, 94).
cost(18, 11, 74).
cost(18, 12, 40).
cost(18, 13, 99).
cost(18, 14, 43).
cost(18, 15, 86).
cost(18, 16, 29).
cost(18, 17, 76).
cost(18, 19, 28).
cost(18, 20, 35).
cost(18, 21, 45).
cost(18, 22, 56).
cost(18, 23, 38).
cost(18, 24, 26).
cost(18, 25, 33).
cost(18, 26, 20).
cost(18, 27, 56).
cost(18, 28, 70).
cost(18, 29, 67).
cost(19, 1, 63).
cost(19, 2, 112).
cost(19, 3, 106).
cost(19, 4, 71).
cost(19, 5, 48).
cost(19, 6, 77).
cost(19, 7, 23).
cost(19, 8, 49).
cost(19, 9, 10).
cost(19, 10, 114).
cost(19, 11, 80).
cost(19, 12, 67).
cost(19, 13, 118).
cost(19, 14, 43).
cost(19, 15, 100).
cost(19, 16, 56).
cost(19, 17, 75).
cost(19, 18, 28).
cost(19, 20, 47).
cost(19, 21, 56).
cost(19, 22, 52).
cost(19, 23, 58).
cost(19, 24, 52).
cost(19, 25, 50).
cost(19, 26, 13).
cost(19, 27, 70).
cost(19, 28, 71).
cost(19, 29, 79).
cost(20, 1, 15).
cost(20, 2, 66).
cost(20, 3, 58).
cost(20, 4, 40).
cost(20, 5, 6).
cost(20, 6, 33).
cost(20, 7, 41).
cost(20, 8, 21).
cost(20, 9, 39).
cost(20, 10, 67).
cost(20, 11, 39).
cost(20, 12, 42).
cost(20, 13, 70).
cost(20, 14, 19).
cost(20, 15, 53).
cost(20, 16, 31).
cost(20, 17, 44).
cost(20, 18, 35).
cost(20, 19, 47).
cost(20, 21, 10).
cost(20, 22, 30).
cost(20, 23, 16).
cost(20, 24, 27).
cost(20, 25, 8).
cost(20, 26, 35).
cost(20, 27, 22).
cost(20, 28, 37).
cost(20, 29, 33).
cost(21, 1, 8).
cost(21, 2, 61).
cost(21, 3, 51).
cost(21, 4, 44).
cost(21, 5, 8).
cost(21, 6, 31).
cost(21, 7, 51).
cost(21, 8, 19).
cost(21, 9, 47).
cost(21, 10, 61).
cost(21, 11, 29).
cost(21, 12, 48).
cost(21, 13, 63).
cost(21, 14, 20).
cost(21, 15, 44).
cost(21, 16, 38).
cost(21, 17, 36).
cost(21, 18, 45).
cost(21, 19, 56).
cost(21, 20, 10).
cost(21, 22, 27).
cost(21, 23, 19).
cost(21, 24, 34).
cost(21, 25, 15).
cost(21, 26, 44).
cost(21, 27, 14).
cost(21, 28, 28).
cost(21, 29, 23).
cost(22, 1, 35).
cost(22, 2, 85).
cost(22, 3, 70).
cost(22, 4, 70).
cost(22, 5, 25).
cost(22, 6, 58).
cost(22, 7, 58).
cost(22, 8, 9).
cost(22, 9, 42).
cost(22, 10, 83).
cost(22, 11, 32).
cost(22, 12, 72).
cost(22, 13, 84).
cost(22, 14, 13).
cost(22, 15, 60).
cost(22, 16, 61).
cost(22, 17, 23).
cost(22, 18, 56).
cost(22, 19, 52).
cost(22, 20, 30).
cost(22, 21, 27).
cost(22, 23, 45).
cost(22, 24, 56).
cost(22, 25, 38).
cost(22, 26, 43).
cost(22, 27, 39).
cost(22, 28, 21).
cost(22, 29, 40).
cost(23, 1, 16).
cost(23, 2, 54).
cost(23, 3, 51).
cost(23, 4, 25).
cost(23, 5, 21).
cost(23, 6, 19).
cost(23, 7, 45).
cost(23, 8, 36).
cost(23, 9, 51).
cost(23, 10, 57).
cost(23, 11, 46).
cost(23, 12, 28).
cost(23, 13, 62).
cost(23, 14, 35).
cost(23, 15, 49).
cost(23, 16, 20).
cost(23, 17, 55).
cost(23, 18, 38).
cost(23, 19, 58).
cost(23, 20, 16).
cost(23, 21, 19).
cost(23, 22, 45).
cost(23, 24, 17).
cost(23, 25, 9).
cost(23, 26, 45).
cost(23, 27, 21).
cost(23, 28, 47).
cost(23, 29, 33).
cost(24, 1, 33).
cost(24, 2, 64).
cost(24, 3, 66).
cost(24, 4, 19).
cost(24, 5, 32).
cost(24, 6, 31).
cost(24, 7, 34).
cost(24, 8, 47).
cost(24, 9, 48).
cost(24, 10, 69).
cost(24, 11, 63).
cost(24, 12, 17).
cost(24, 13, 75).
cost(24, 14, 44).
cost(24, 15, 65).
cost(24, 16, 5).
cost(24, 17, 70).
cost(24, 18, 26).
cost(24, 19, 52).
cost(24, 20, 27).
cost(24, 21, 34).
cost(24, 22, 56).
cost(24, 23, 17).
cost(24, 25, 20).
cost(24, 26, 41).
cost(24, 27, 38).
cost(24, 28, 63).
cost(24, 29, 51).
cost(25, 1, 16).
cost(25, 2, 62).
cost(25, 3, 57).
cost(25, 4, 32).
cost(25, 5, 13).
cost(25, 6, 28).
cost(25, 7, 40).
cost(25, 8, 29).
cost(25, 9, 43).
cost(25, 10, 64).
cost(25, 11, 44).
cost(25, 12, 34).
cost(25, 13, 68).
cost(25, 14, 27).
cost(25, 15, 53).
cost(25, 16, 24).
cost(25, 17, 51).
cost(25, 18, 33).
cost(25, 19, 50).
cost(25, 20, 8).
cost(25, 21, 15).
cost(25, 22, 38).
cost(25, 23, 9).
cost(25, 24, 20).
cost(25, 26, 37).
cost(25, 27, 23).
cost(25, 28, 43).
cost(25, 29, 35).
cost(26, 1, 50).
cost(26, 2, 99).
cost(26, 3, 93).
cost(26, 4, 60).
cost(26, 5, 36).
cost(26, 6, 65).
cost(26, 7, 18).
cost(26, 8, 39).
cost(26, 9, 8).
cost(26, 10, 101).
cost(26, 11, 69).
cost(26, 12, 57).
cost(26, 13, 105).
cost(26, 14, 33).
cost(26, 15, 88).
cost(26, 16, 45).
cost(26, 17, 66).
cost(26, 18, 20).
cost(26, 19, 13).
cost(26, 20, 35).
cost(26, 21, 44).
cost(26, 22, 43).
cost(26, 23, 45).
cost(26, 24, 41).
cost(26, 25, 37).
cost(26, 27, 57).
cost(26, 28, 61).
cost(26, 29, 67).
cost(27, 1, 7).
cost(27, 2, 47).
cost(27, 3, 36).
cost(27, 4, 41).
cost(27, 5, 22).
cost(27, 6, 21).
cost(27, 7, 62).
cost(27, 8, 31).
cost(27, 9, 61).
cost(27, 10, 46).
cost(27, 11, 27).
cost(27, 12, 47).
cost(27, 13, 49).
cost(27, 14, 34).
cost(27, 15, 31).
cost(27, 16, 41).
cost(27, 17, 40).
cost(27, 18, 56).
cost(27, 19, 70).
cost(27, 20, 22).
cost(27, 21, 14).
cost(27, 22, 39).
cost(27, 23, 21).
cost(27, 24, 38).
cost(27, 25, 23).
cost(27, 26, 57).
cost(27, 28, 32).
cost(27, 29, 13).
cost(28, 1, 32).
cost(28, 2, 73).
cost(28, 3, 55).
cost(28, 4, 71).
cost(28, 5, 32).
cost(28, 6, 53).
cost(28, 7, 74).
cost(28, 8, 22).
cost(28, 9, 61).
cost(28, 10, 69).
cost(28, 11, 12).
cost(28, 12, 76).
cost(28, 13, 68).
cost(28, 14, 28).
cost(28, 15, 44).
cost(28, 16, 67).
cost(28, 17, 8).
cost(28, 18, 70).
cost(28, 19, 71).
cost(28, 20, 37).
cost(28, 21, 28).
cost(28, 22, 21).
cost(28, 23, 47).
cost(28, 24, 63).
cost(28, 25, 43).
cost(28, 26, 61).
cost(28, 27, 32).
cost(28, 29, 27).
cost(29, 1, 19).
cost(29, 2, 46).
cost(29, 3, 30).
cost(29, 4, 53).
cost(29, 5, 31).
cost(29, 6, 30).
cost(29, 7, 74).
cost(29, 8, 35).
cost(29, 9, 70).
cost(29, 10, 43).
cost(29, 11, 18).
cost(29, 12, 59).
cost(29, 13, 44).
cost(29, 14, 39).
cost(29, 15, 21).
cost(29, 16, 53).
cost(29, 17, 33).
cost(29, 18, 67).
cost(29, 19, 79).
cost(29, 20, 33).
cost(29, 21, 23).
cost(29, 22, 40).
cost(29, 23, 33).
cost(29, 24, 51).
cost(29, 25, 35).
cost(29, 26, 67).
cost(29, 27, 13).
cost(29, 28, 27).
nocross(1,5).
nocross(1,6).
nocross(1,8).
nocross(1,14).
nocross(1,16).
nocross(1,20).
nocross(1,21).
nocross(1,23).
nocross(1,25).
nocross(1,27).
nocross(1,29).
nocross(2,3).
nocross(2,4).
nocross(2,6).
nocross(2,10).
nocross(2,13).
nocross(2,15).
nocross(3,2).
nocross(3,10).
nocross(3,11).
nocross(3,13).
nocross(3,15).
nocross(3,27).
nocross(3,29).
nocross(4,2).
nocross(4,6).
nocross(4,7).
nocross(4,12).
nocross(4,16).
nocross(4,18).
nocross(4,23).
nocross(4,24).
nocross(4,25).
nocross(5,1).
nocross(5,8).
nocross(5,14).
nocross(5,20).
nocross(5,21).
nocross(5,23).
nocross(5,25).
nocross(5,27).
nocross(6,1).
nocross(6,2).
nocross(6,4).
nocross(6,5).
nocross(6,10).
nocross(6,12).
nocross(6,16).
nocross(6,20).
nocross(6,21).
nocross(6,23).
nocross(6,24).
nocross(6,25).
nocross(6,27).
nocross(7,9).
nocross(7,12).
nocross(7,16).
nocross(7,18).
nocross(7,19).
nocross(7,24).
nocross(7,26).
nocross(8,1).
nocross(8,5).
nocross(8,9).
nocross(8,14).
nocross(8,17).
nocross(8,20).
nocross(8,21).
nocross(8,22).
nocross(8,27).
nocross(8,28).
nocross(9,5).
nocross(9,7).
nocross(9,8).
nocross(9,14).
nocross(9,18).
nocross(9,19).
nocross(9,20).
nocross(9,22).
nocross(9,26).
nocross(10,2).
nocross(10,3).
nocross(10,13).
nocross(10,15).
nocross(11,1).
nocross(11,5).
nocross(11,8).
nocross(11,14).
nocross(11,15).
nocross(11,17).
nocross(11,21).
nocross(11,27).
nocross(11,28).
nocross(11,29).
nocross(12,4).
nocross(12,7).
nocross(12,16).
nocross(12,18).
nocross(12,23).
nocross(12,24).
nocross(13,2).
nocross(13,3).
nocross(13,10).
nocross(13,15).
nocross(14,1).
nocross(14,5).
nocross(14,8).
nocross(14,9).
nocross(14,20).
nocross(14,21).
nocross(14,22).
nocross(14,25).
nocross(14,26).
nocross(14,28).
nocross(15,1).
nocross(15,2).
nocross(15,3).
nocross(15,10).
nocross(15,11).
nocross(15,13).
nocross(15,17).
nocross(15,27).
nocross(15,28).
nocross(15,29).
nocross(16,4).
nocross(16,7).
nocross(16,12).
nocross(16,18).
nocross(16,20).
nocross(16,23).
nocross(16,24).
nocross(16,25).
nocross(17,8).
nocross(17,11).
nocross(17,14).
nocross(17,15).
nocross(17,22).
nocross(17,28).
nocross(18,7).
nocross(18,9).
nocross(18,12).
nocross(18,16).
nocross(18,19).
nocross(18,20).
nocross(18,24).
nocross(18,25).
nocross(18,26).
nocross(19,7).
nocross(19,9).
nocross(19,18).
nocross(19,26).
nocross(20,1).
nocross(20,5).
nocross(20,7).
nocross(20,8).
nocross(20,9).
nocross(20,14).
nocross(20,16).
nocross(20,18).
nocross(20,21).
nocross(20,23).
nocross(20,24).
nocross(20,25).
nocross(20,26).
nocross(20,27).
nocross(21,1).
nocross(21,5).
nocross(21,8).
nocross(21,11).
nocross(21,14).
nocross(21,20).
nocross(21,23).
nocross(21,25).
nocross(21,27).
nocross(21,28).
nocross(21,29).
nocross(22,5).
nocross(22,8).
nocross(22,9).
nocross(22,14).
nocross(22,17).
nocross(22,20).
nocross(22,21).
nocross(22,28).
nocross(23,1).
nocross(23,4).
nocross(23,5).
nocross(23,6).
nocross(23,12).
nocross(23,16).
nocross(23,20).
nocross(23,21).
nocross(23,24).
nocross(23,25).
nocross(23,27).
nocross(24,4).
nocross(24,7).
nocross(24,12).
nocross(24,16).
nocross(24,18).
nocross(24,20).
nocross(24,23).
nocross(24,25).
nocross(25,1).
nocross(25,4).
nocross(25,5).
nocross(25,6).
nocross(25,7).
nocross(25,8).
nocross(25,9).
nocross(25,14).
nocross(25,16).
nocross(25,18).
nocross(25,20).
nocross(25,21).
nocross(25,23).
nocross(25,24).
nocross(25,26).
nocross(25,27).
nocross(26,5).
nocross(26,7).
nocross(26,9).
nocross(26,14).
nocross(26,18).
nocross(26,19).
nocross(26,20).
nocross(26,24).
nocross(26,25).
nocross(27,1).
nocross(27,5).
nocross(27,6).
nocross(27,8).
nocross(27,11).
nocross(27,14).
nocross(27,15).
nocross(27,20).
nocross(27,21).
nocross(27,23).
nocross(27,25).
nocross(27,28).
nocross(27,29).
nocross(28,1).
nocross(28,5).
nocross(28,8).
nocross(28,11).
nocross(28,14).
nocross(28,17).
nocross(28,21).
nocross(28,22).
nocross(28,27).
nocross(28,29).
nocross(29,1).
nocross(29,3).
nocross(29,5).
nocross(29,8).
nocross(29,11).
nocross(29,14).
nocross(29,15).
nocross(29,17).
nocross(29,20).
nocross(29,21).
nocross(29,23).
nocross(29,27).
nocross(29,28).
