dimension(22).
point(1, 7.381744365, 34.5880425091).
point(2, 3.4213708394, 52.8305247848).
point(3, 17.2900884762, 40.0805593331).
point(4, 3.9987441619, 50.2226154463).
point(5, 83.8315804948, 43.1063147421).
point(6, 76.9390780106, 40.5779215462).
point(7, 86.7846163493, 35.6859990694).
point(8, 81.1891666593, 47.5492208051).
point(9, 55.2496410137, 74.5781075318).
point(10, 53.7639403555, 68.268019753).
point(11, 56.7128389669, 66.1806775278).
point(12, 44.4342056407, 71.4193152449).
point(13, 55.0849784526, 82.5189558858).
point(14, 46.1656113534, 67.7578469141).
point(15, 39.737134638, 84.0725778739).
point(16, 41.3326529742, 93.6723586197).
point(17, 38.0642795209, 93.5447319165).
point(18, 38.5080304586, 88.714020426).
point(19, 72.5426946133, 7.672275507).
point(20, 56.6295191688, 0.8004769719).
point(21, 65.3650668078, 12.3094137792).
point(22, 61.4534675378, 6.9865164705).
cost(1, 2, 19).
cost(1, 3, 11).
cost(1, 4, 16).
cost(1, 5, 77).
cost(1, 6, 70).
cost(1, 7, 79).
cost(1, 8, 75).
cost(1, 9, 62).
cost(1, 10, 57).
cost(1, 11, 59).
cost(1, 12, 52).
cost(1, 13, 68).
cost(1, 14, 51).
cost(1, 15, 59).
cost(1, 16, 68).
cost(1, 17, 66).
cost(1, 18, 62).
cost(1, 19, 71).
cost(1, 20, 60).
cost(1, 21, 62).
cost(1, 22, 61).
cost(2, 1, 19).
cost(2, 3, 19).
cost(2, 4, 3).
cost(2, 5, 81).
cost(2, 6, 75).
cost(2, 7, 85).
cost(2, 8, 78).
cost(2, 9, 56).
cost(2, 10, 53).
cost(2, 11, 55).
cost(2, 12, 45).
cost(2, 13, 60).
cost(2, 14, 45).
cost(2, 15, 48).
cost(2, 16, 56).
cost(2, 17, 53).
cost(2, 18, 50).
cost(2, 19, 83).
cost(2, 20, 74).
cost(2, 21, 74).
cost(2, 22, 74).
cost(3, 1, 11).
cost(3, 2, 19).
cost(3, 4, 17).
cost(3, 5, 67).
cost(3, 6, 60).
cost(3, 7, 70).
cost(3, 8, 64).
cost(3, 9, 51).
cost(3, 10, 46).
cost(3, 11, 47).
cost(3, 12, 41).
cost(3, 13, 57).
cost(3, 14, 40).
cost(3, 15, 49).
cost(3, 16, 59).
cost(3, 17, 57).
cost(3, 18, 53).
cost(3, 19, 64).
cost(3, 20, 56).
cost(3, 21, 56).
cost(3, 22, 55).
cost(4, 1, 16).
cost(4, 2, 3).
cost(4, 3, 17).
cost(4, 5, 80).
cost(4, 6, 74).
cost(4, 7, 84).
cost(4, 8, 77).
cost(4, 9, 57).
cost(4, 10, 53).
cost(4, 11, 55).
cost(4, 12, 46).
cost(4, 13, 60).
cost(4, 14, 46).
cost(4, 15, 49).
cost(4, 16, 57).
cost(4, 17, 55).
cost(4, 18, 52).
cost(4, 19, 81).
cost(4, 20, 72).
cost(4, 21, 72).
cost(4, 22, 72).
cost(5, 1, 77).
cost(5, 2, 81).
cost(5, 3, 67).
cost(5, 4, 80).
cost(5, 6, 7).
cost(5, 7, 8).
cost(5, 8, 5).
cost(5, 9, 43).
cost(5, 10, 39).
cost(5, 11, 36).
cost(5, 12, 49).
cost(5, 13, 49).
cost(5, 14, 45).
cost(5, 15, 60).
cost(5, 16, 66).
cost(5, 17, 68).
cost(5, 18, 64).
cost(5, 19, 37).
cost(5, 20, 50).
cost(5, 21, 36).
cost(5, 22, 42).
cost(6, 1, 70).
cost(6, 2, 75).
cost(6, 3, 60).
cost(6, 4, 74).
cost(6, 5, 7).
cost(6, 7, 11).
cost(6, 8, 8).
cost(6, 9, 40).
cost(6, 10, 36).
cost(6, 11, 33).
cost(6, 12, 45).
cost(6, 13, 47).
cost(6, 14, 41).
cost(6, 15, 57).
cost(6, 16, 64).
cost(6, 17, 66).
cost(6, 18, 62).
cost(6, 19, 33).
cost(6, 20, 45).
cost(6, 21, 31).
cost(6, 22, 37).
cost(7, 1, 79).
cost(7, 2, 85).
cost(7, 3, 70).
cost(7, 4, 84).
cost(7, 5, 8).
cost(7, 6, 11).
cost(7, 8, 13).
cost(7, 9, 50).
cost(7, 10, 46).
cost(7, 11, 43).
cost(7, 12, 55).
cost(7, 13, 57).
cost(7, 14, 52).
cost(7, 15, 67).
cost(7, 16, 74).
cost(7, 17, 76).
cost(7, 18, 72).
cost(7, 19, 31).
cost(7, 20, 46).
cost(7, 21, 32).
cost(7, 22, 38).
cost(8, 1, 75).
cost(8, 2, 78).
cost(8, 3, 64).
cost(8, 4, 77).
cost(8, 5, 5).
cost(8, 6, 8).
cost(8, 7, 13).
cost(8, 9, 37).
cost(8, 10, 34).
cost(8, 11, 31).
cost(8, 12, 44).
cost(8, 13, 44).
cost(8, 14, 40).
cost(8, 15, 55).
cost(8, 16, 61).
cost(8, 17, 63).
cost(8, 18, 59).
cost(8, 19, 41).
cost(8, 20, 53).
cost(8, 21, 39).
cost(8, 22, 45).
cost(9, 1, 62).
cost(9, 2, 56).
cost(9, 3, 51).
cost(9, 4, 57).
cost(9, 5, 43).
cost(9, 6, 40).
cost(9, 7, 50).
cost(9, 8, 37).
cost(9, 10, 6).
cost(9, 11, 9).
cost(9, 12, 11).
cost(9, 13, 8).
cost(9, 14, 11).
cost(9, 15, 18).
cost(9, 16, 24).
cost(9, 17, 26).
cost(9, 18, 22).
cost(9, 19, 69).
cost(9, 20, 74).
cost(9, 21, 63).
cost(9, 22, 68).
cost(10, 1, 57).
cost(10, 2, 53).
cost(10, 3, 46).
cost(10, 4, 53).
cost(10, 5, 39).
cost(10, 6, 36).
cost(10, 7, 46).
cost(10, 8, 34).
cost(10, 9, 6).
cost(10, 11, 4).
cost(10, 12, 10).
cost(10, 13, 14).
cost(10, 14, 8).
cost(10, 15, 21).
cost(10, 16, 28).
cost(10, 17, 30).
cost(10, 18, 26).
cost(10, 19, 63).
cost(10, 20, 68).
cost(10, 21, 57).
cost(10, 22, 62).
cost(11, 1, 59).
cost(11, 2, 55).
cost(11, 3, 47).
cost(11, 4, 55).
cost(11, 5, 36).
cost(11, 6, 33).
cost(11, 7, 43).
cost(11, 8, 31).
cost(11, 9, 9).
cost(11, 10, 4).
cost(11, 12, 13).
cost(11, 13, 16).
cost(11, 14, 11).
cost(11, 15, 25).
cost(11, 16, 32).
cost(11, 17, 33).
cost(11, 18, 29).
cost(11, 19, 61).
cost(11, 20, 65).
cost(11, 21, 55).
cost(11, 22, 59).
cost(12, 1, 52).
cost(12, 2, 45).
cost(12, 3, 41).
cost(12, 4, 46).
cost(12, 5, 49).
cost(12, 6, 45).
cost(12, 7, 55).
cost(12, 8, 44).
cost(12, 9, 11).
cost(12, 10, 10).
cost(12, 11, 13).
cost(12, 13, 15).
cost(12, 14, 4).
cost(12, 15, 13).
cost(12, 16, 22).
cost(12, 17, 23).
cost(12, 18, 18).
cost(12, 19, 70).
cost(12, 20, 72).
cost(12, 21, 63).
cost(12, 22, 67).
cost(13, 1, 68).
cost(13, 2, 60).
cost(13, 3, 57).
cost(13, 4, 60).
cost(13, 5, 49).
cost(13, 6, 47).
cost(13, 7, 57).
cost(13, 8, 44).
cost(13, 9, 8).
cost(13, 10, 14).
cost(13, 11, 16).
cost(13, 12, 15).
cost(13, 14, 17).
cost(13, 15, 15).
cost(13, 16, 18).
cost(13, 17, 20).
cost(13, 18, 18).
cost(13, 19, 77).
cost(13, 20, 82).
cost(13, 21, 71).
cost(13, 22, 76).
cost(14, 1, 51).
cost(14, 2, 45).
cost(14, 3, 40).
cost(14, 4, 46).
cost(14, 5, 45).
cost(14, 6, 41).
cost(14, 7, 52).
cost(14, 8, 40).
cost(14, 9, 11).
cost(14, 10, 8).
cost(14, 11, 11).
cost(14, 12, 4).
cost(14, 13, 17).
cost(14, 15, 18).
cost(14, 16, 26).
cost(14, 17, 27).
cost(14, 18, 22).
cost(14, 19, 66).
cost(14, 20, 68).
cost(14, 21, 59).
cost(14, 22, 63).
cost(15, 1, 59).
cost(15, 2, 48).
cost(15, 3, 49).
cost(15, 4, 49).
cost(15, 5, 60).
cost(15, 6, 57).
cost(15, 7, 67).
cost(15, 8, 55).
cost(15, 9, 18).
cost(15, 10, 21).
cost(15, 11, 25).
cost(15, 12, 13).
cost(15, 13, 15).
cost(15, 14, 18).
cost(15, 16, 10).
cost(15, 17, 10).
cost(15, 18, 5).
cost(15, 19, 83).
cost(15, 20, 85).
cost(15, 21, 76).
cost(15, 22, 80).
cost(16, 1, 68).
cost(16, 2, 56).
cost(16, 3, 59).
cost(16, 4, 57).
cost(16, 5, 66).
cost(16, 6, 64).
cost(16, 7, 74).
cost(16, 8, 61).
cost(16, 9, 24).
cost(16, 10, 28).
cost(16, 11, 32).
cost(16, 12, 22).
cost(16, 13, 18).
cost(16, 14, 26).
cost(16, 15, 10).
cost(16, 17, 3).
cost(16, 18, 6).
cost(16, 19, 91).
cost(16, 20, 94).
cost(16, 21, 85).
cost(16, 22, 89).
cost(17, 1, 66).
cost(17, 2, 53).
cost(17, 3, 57).
cost(17, 4, 55).
cost(17, 5, 68).
cost(17, 6, 66).
cost(17, 7, 76).
cost(17, 8, 63).
cost(17, 9, 26).
cost(17, 10, 30).
cost(17, 11, 33).
cost(17, 12, 23).
cost(17, 13, 20).
cost(17, 14, 27).
cost(17, 15, 10).
cost(17, 16, 3).
cost(17, 18, 5).
cost(17, 19, 93).
cost(17, 20, 95).
cost(17, 21, 86).
cost(17, 22, 90).
cost(18, 1, 62).
cost(18, 2, 50).
cost(18, 3, 53).
cost(18, 4, 52).
cost(18, 5, 64).
cost(18, 6, 62).
cost(18, 7, 72).
cost(18, 8, 59).
cost(18, 9, 22).
cost(18, 10, 26).
cost(18, 11, 29).
cost(18, 12, 18).
cost(18, 13, 18).
cost(18, 14, 22).
cost(18, 15, 5).
cost(18, 16, 6).
cost(18, 17, 5).
cost(18, 19, 88).
cost(18, 20, 90).
cost(18, 21, 81).
cost(18, 22, 85).
cost(19, 1, 71).
cost(19, 2, 83).
cost(19, 3, 64).
cost(19, 4, 81).
cost(19, 5, 37).
cost(19, 6, 33).
cost(19, 7, 31).
cost(19, 8, 41).
cost(19, 9, 69).
cost(19, 10, 63).
cost(19, 11, 61).
cost(19, 12, 70).
cost(19, 13, 77).
cost(19, 14, 66).
cost(19, 15, 83).
cost(19, 16, 91).
cost(19, 17, 93).
cost(19, 18, 88).
cost(19, 20, 17).
cost(19, 21, 9).
cost(19, 22, 11).
cost(20, 1, 60).
cost(20, 2, 74).
cost(20, 3, 56).
cost(20, 4, 72).
cost(20, 5, 50).
cost(20, 6, 45).
cost(20, 7, 46).
cost(20, 8, 53).
cost(20, 9, 74).
cost(20, 10, 68).
cost(20, 11, 65).
cost(20, 12, 72).
cost(20, 13, 82).
cost(20, 14, 68).
cost(20, 15, 85).
cost(20, 16, 94).
cost(20, 17, 95).
cost(20, 18, 90).
cost(20, 19, 17).
cost(20, 21, 14).
cost(20, 22, 8).
cost(21, 1, 62).
cost(21, 2, 74).
cost(21, 3, 56).
cost(21, 4, 72).
cost(21, 5, 36).
cost(21, 6, 31).
cost(21, 7, 32).
cost(21, 8, 39).
cost(21, 9, 63).
cost(21, 10, 57).
cost(21, 11, 55).
cost(21, 12, 63).
cost(21, 13, 71).
cost(21, 14, 59).
cost(21, 15, 76).
cost(21, 16, 85).
cost(21, 17, 86).
cost(21, 18, 81).
cost(21, 19, 9).
cost(21, 20, 14).
cost(21, 22, 7).
cost(22, 1, 61).
cost(22, 2, 74).
cost(22, 3, 55).
cost(22, 4, 72).
cost(22, 5, 42).
cost(22, 6, 37).
cost(22, 7, 38).
cost(22, 8, 45).
cost(22, 9, 68).
cost(22, 10, 62).
cost(22, 11, 59).
cost(22, 12, 67).
cost(22, 13, 76).
cost(22, 14, 63).
cost(22, 15, 80).
cost(22, 16, 89).
cost(22, 17, 90).
cost(22, 18, 85).
cost(22, 19, 11).
cost(22, 20, 8).
cost(22, 21, 7).
nocross(1,2).
nocross(1,3).
nocross(1,4).
nocross(1,12).
nocross(1,14).
nocross(2,1).
nocross(2,3).
nocross(2,4).
nocross(2,12).
nocross(2,14).
nocross(2,15).
nocross(2,17).
nocross(2,18).
nocross(3,1).
nocross(3,2).
nocross(3,4).
nocross(3,10).
nocross(3,11).
nocross(3,12).
nocross(3,14).
nocross(3,15).
nocross(3,18).
nocross(4,1).
nocross(4,2).
nocross(4,3).
nocross(4,12).
nocross(4,14).
nocross(4,15).
nocross(4,18).
nocross(5,6).
nocross(5,7).
nocross(5,8).
nocross(5,9).
nocross(5,10).
nocross(5,11).
nocross(5,13).
nocross(5,14).
nocross(5,19).
nocross(5,21).
nocross(5,22).
nocross(6,5).
nocross(6,7).
nocross(6,8).
nocross(6,9).
nocross(6,10).
nocross(6,11).
nocross(6,12).
nocross(6,14).
nocross(6,19).
nocross(6,20).
nocross(6,21).
nocross(6,22).
nocross(7,5).
nocross(7,6).
nocross(7,8).
nocross(7,10).
nocross(7,11).
nocross(7,19).
nocross(7,20).
nocross(7,21).
nocross(7,22).
nocross(8,5).
nocross(8,6).
nocross(8,7).
nocross(8,9).
nocross(8,10).
nocross(8,11).
nocross(8,12).
nocross(8,13).
nocross(8,14).
nocross(8,19).
nocross(8,21).
nocross(8,22).
nocross(9,5).
nocross(9,6).
nocross(9,8).
nocross(9,10).
nocross(9,11).
nocross(9,12).
nocross(9,13).
nocross(9,14).
nocross(9,15).
nocross(9,16).
nocross(9,17).
nocross(9,18).
nocross(10,3).
nocross(10,5).
nocross(10,6).
nocross(10,8).
nocross(10,9).
nocross(10,11).
nocross(10,12).
nocross(10,13).
nocross(10,14).
nocross(10,15).
nocross(10,16).
nocross(10,17).
nocross(10,18).
nocross(11,5).
nocross(11,6).
nocross(11,7).
nocross(11,8).
nocross(11,9).
nocross(11,10).
nocross(11,12).
nocross(11,13).
nocross(11,14).
nocross(11,15).
nocross(11,17).
nocross(11,18).
nocross(11,21).
nocross(12,2).
nocross(12,3).
nocross(12,4).
nocross(12,6).
nocross(12,8).
nocross(12,9).
nocross(12,10).
nocross(12,11).
nocross(12,13).
nocross(12,14).
nocross(12,15).
nocross(12,16).
nocross(12,17).
nocross(12,18).
nocross(13,5).
nocross(13,6).
nocross(13,8).
nocross(13,9).
nocross(13,10).
nocross(13,11).
nocross(13,12).
nocross(13,14).
nocross(13,15).
nocross(13,16).
nocross(13,17).
nocross(13,18).
nocross(14,2).
nocross(14,3).
nocross(14,4).
nocross(14,5).
nocross(14,6).
nocross(14,8).
nocross(14,9).
nocross(14,10).
nocross(14,11).
nocross(14,12).
nocross(14,13).
nocross(14,15).
nocross(14,16).
nocross(14,17).
nocross(14,18).
nocross(15,2).
nocross(15,9).
nocross(15,10).
nocross(15,11).
nocross(15,12).
nocross(15,13).
nocross(15,14).
nocross(15,16).
nocross(15,17).
nocross(15,18).
nocross(16,9).
nocross(16,10).
nocross(16,11).
nocross(16,12).
nocross(16,13).
nocross(16,14).
nocross(16,15).
nocross(16,17).
nocross(16,18).
nocross(17,2).
nocross(17,9).
nocross(17,10).
nocross(17,11).
nocross(17,12).
nocross(17,13).
nocross(17,14).
nocross(17,15).
nocross(17,16).
nocross(17,18).
nocross(18,2).
nocross(18,4).
nocross(18,9).
nocross(18,10).
nocross(18,11).
nocross(18,12).
nocross(18,13).
nocross(18,14).
nocross(18,15).
nocross(18,16).
nocross(18,17).
nocross(19,5).
nocross(19,6).
nocross(19,7).
nocross(19,8).
nocross(19,20).
nocross(19,21).
nocross(19,22).
nocross(20,5).
nocross(20,6).
nocross(20,7).
nocross(20,19).
nocross(20,21).
nocross(20,22).
nocross(21,5).
nocross(21,6).
nocross(21,7).
nocross(21,8).
nocross(21,10).
nocross(21,11).
nocross(21,19).
nocross(21,20).
nocross(21,22).
nocross(22,6).
nocross(22,7).
nocross(22,8).
nocross(22,19).
nocross(22,20).
nocross(22,21).
