dimension(22).
point(1, 47.6586538571, 50.2732378721).
point(2, 45.5759234486, 46.2962945256).
point(3, 55.3077058076, 48.4512597113).
point(4, 57.8796157554, 47.3036270121).
point(5, 56.0682761086, 54.1907328358).
point(6, 48.8697063347, 39.9066125653).
point(7, 2.8373539551, 75.7480637893).
point(8, 1.2794589195, 74.3683524561).
point(9, 2.0236467469, 82.4681446369).
point(10, 10.5539938854, 84.3212908325).
point(11, 82.2448716822, 15.7430871295).
point(12, 83.3285367271, 19.4927252522).
point(13, 89.3909857588, 3.539506207).
point(14, 79.3400497611, 1.6114686953).
point(15, 60.6148091282, 79.2112001674).
point(16, 75.4363657695, 95.1913438135).
point(17, 66.2060029881, 91.4167344037).
point(18, 65.2096805327, 94.0745333008).
point(19, 15.4749997341, 31.6606184068).
point(20, 21.7751876525, 35.7169232051).
point(21, 19.2275571625, 18.5898322715).
point(22, 12.6531179743, 34.1530589665).
cost(1, 2, 4).
cost(1, 3, 8).
cost(1, 4, 11).
cost(1, 5, 9).
cost(1, 6, 10).
cost(1, 7, 52).
cost(1, 8, 52).
cost(1, 9, 56).
cost(1, 10, 50).
cost(1, 11, 49).
cost(1, 12, 47).
cost(1, 13, 63).
cost(1, 14, 58).
cost(1, 15, 32).
cost(1, 16, 53).
cost(1, 17, 45).
cost(1, 18, 47).
cost(1, 19, 37).
cost(1, 20, 30).
cost(1, 21, 43).
cost(1, 22, 39).
cost(2, 1, 4).
cost(2, 3, 10).
cost(2, 4, 12).
cost(2, 5, 13).
cost(2, 6, 7).
cost(2, 7, 52).
cost(2, 8, 52).
cost(2, 9, 57).
cost(2, 10, 52).
cost(2, 11, 48).
cost(2, 12, 46).
cost(2, 13, 61).
cost(2, 14, 56).
cost(2, 15, 36).
cost(2, 16, 57).
cost(2, 17, 50).
cost(2, 18, 52).
cost(2, 19, 33).
cost(2, 20, 26).
cost(2, 21, 38).
cost(2, 22, 35).
cost(3, 1, 8).
cost(3, 2, 10).
cost(3, 4, 3).
cost(3, 5, 6).
cost(3, 6, 11).
cost(3, 7, 59).
cost(3, 8, 60).
cost(3, 9, 63).
cost(3, 10, 57).
cost(3, 11, 42).
cost(3, 12, 40).
cost(3, 13, 56).
cost(3, 14, 53).
cost(3, 15, 31).
cost(3, 16, 51).
cost(3, 17, 44).
cost(3, 18, 47).
cost(3, 19, 43).
cost(3, 20, 36).
cost(3, 21, 47).
cost(3, 22, 45).
cost(4, 1, 11).
cost(4, 2, 12).
cost(4, 3, 3).
cost(4, 5, 7).
cost(4, 6, 12).
cost(4, 7, 62).
cost(4, 8, 63).
cost(4, 9, 66).
cost(4, 10, 60).
cost(4, 11, 40).
cost(4, 12, 38).
cost(4, 13, 54).
cost(4, 14, 50).
cost(4, 15, 32).
cost(4, 16, 51).
cost(4, 17, 45).
cost(4, 18, 47).
cost(4, 19, 45).
cost(4, 20, 38).
cost(4, 21, 48).
cost(4, 22, 47).
cost(5, 1, 9).
cost(5, 2, 13).
cost(5, 3, 6).
cost(5, 4, 7).
cost(5, 6, 16).
cost(5, 7, 57).
cost(5, 8, 58).
cost(5, 9, 61).
cost(5, 10, 55).
cost(5, 11, 47).
cost(5, 12, 44).
cost(5, 13, 61).
cost(5, 14, 57).
cost(5, 15, 25).
cost(5, 16, 45).
cost(5, 17, 39).
cost(5, 18, 41).
cost(5, 19, 46).
cost(5, 20, 39).
cost(5, 21, 51).
cost(5, 22, 48).
cost(6, 1, 10).
cost(6, 2, 7).
cost(6, 3, 11).
cost(6, 4, 12).
cost(6, 5, 16).
cost(6, 7, 58).
cost(6, 8, 59).
cost(6, 9, 63).
cost(6, 10, 59).
cost(6, 11, 41).
cost(6, 12, 40).
cost(6, 13, 54).
cost(6, 14, 49).
cost(6, 15, 41).
cost(6, 16, 61).
cost(6, 17, 54).
cost(6, 18, 57).
cost(6, 19, 34).
cost(6, 20, 27).
cost(6, 21, 37).
cost(6, 22, 37).
cost(7, 1, 52).
cost(7, 2, 52).
cost(7, 3, 59).
cost(7, 4, 62).
cost(7, 5, 57).
cost(7, 6, 58).
cost(7, 8, 2).
cost(7, 9, 7).
cost(7, 10, 12).
cost(7, 11, 100).
cost(7, 12, 98).
cost(7, 13, 113).
cost(7, 14, 107).
cost(7, 15, 58).
cost(7, 16, 75).
cost(7, 17, 65).
cost(7, 18, 65).
cost(7, 19, 46).
cost(7, 20, 44).
cost(7, 21, 59).
cost(7, 22, 43).
cost(8, 1, 52).
cost(8, 2, 52).
cost(8, 3, 60).
cost(8, 4, 63).
cost(8, 5, 58).
cost(8, 6, 59).
cost(8, 7, 2).
cost(8, 9, 8).
cost(8, 10, 14).
cost(8, 11, 100).
cost(8, 12, 99).
cost(8, 13, 113).
cost(8, 14, 107).
cost(8, 15, 60).
cost(8, 16, 77).
cost(8, 17, 67).
cost(8, 18, 67).
cost(8, 19, 45).
cost(8, 20, 44).
cost(8, 21, 59).
cost(8, 22, 42).
cost(9, 1, 56).
cost(9, 2, 57).
cost(9, 3, 63).
cost(9, 4, 66).
cost(9, 5, 61).
cost(9, 6, 63).
cost(9, 7, 7).
cost(9, 8, 8).
cost(9, 10, 9).
cost(9, 11, 104).
cost(9, 12, 103).
cost(9, 13, 118).
cost(9, 14, 112).
cost(9, 15, 59).
cost(9, 16, 75).
cost(9, 17, 65).
cost(9, 18, 64).
cost(9, 19, 53).
cost(9, 20, 51).
cost(9, 21, 66).
cost(9, 22, 49).
cost(10, 1, 50).
cost(10, 2, 52).
cost(10, 3, 57).
cost(10, 4, 60).
cost(10, 5, 55).
cost(10, 6, 59).
cost(10, 7, 12).
cost(10, 8, 14).
cost(10, 9, 9).
cost(10, 11, 99).
cost(10, 12, 97).
cost(10, 13, 113).
cost(10, 14, 108).
cost(10, 15, 50).
cost(10, 16, 66).
cost(10, 17, 56).
cost(10, 18, 56).
cost(10, 19, 53).
cost(10, 20, 50).
cost(10, 21, 66).
cost(10, 22, 50).
cost(11, 1, 49).
cost(11, 2, 48).
cost(11, 3, 42).
cost(11, 4, 40).
cost(11, 5, 47).
cost(11, 6, 41).
cost(11, 7, 100).
cost(11, 8, 100).
cost(11, 9, 104).
cost(11, 10, 99).
cost(11, 12, 4).
cost(11, 13, 14).
cost(11, 14, 14).
cost(11, 15, 67).
cost(11, 16, 80).
cost(11, 17, 77).
cost(11, 18, 80).
cost(11, 19, 69).
cost(11, 20, 64).
cost(11, 21, 63).
cost(11, 22, 72).
cost(12, 1, 47).
cost(12, 2, 46).
cost(12, 3, 40).
cost(12, 4, 38).
cost(12, 5, 44).
cost(12, 6, 40).
cost(12, 7, 98).
cost(12, 8, 99).
cost(12, 9, 103).
cost(12, 10, 97).
cost(12, 11, 4).
cost(12, 13, 17).
cost(12, 14, 18).
cost(12, 15, 64).
cost(12, 16, 76).
cost(12, 17, 74).
cost(12, 18, 77).
cost(12, 19, 69).
cost(12, 20, 64).
cost(12, 21, 64).
cost(12, 22, 72).
cost(13, 1, 63).
cost(13, 2, 61).
cost(13, 3, 56).
cost(13, 4, 54).
cost(13, 5, 61).
cost(13, 6, 54).
cost(13, 7, 113).
cost(13, 8, 113).
cost(13, 9, 118).
cost(13, 10, 113).
cost(13, 11, 14).
cost(13, 12, 17).
cost(13, 14, 10).
cost(13, 15, 81).
cost(13, 16, 93).
cost(13, 17, 91).
cost(13, 18, 94).
cost(13, 19, 79).
cost(13, 20, 75).
cost(13, 21, 72).
cost(13, 22, 83).
cost(14, 1, 58).
cost(14, 2, 56).
cost(14, 3, 53).
cost(14, 4, 50).
cost(14, 5, 57).
cost(14, 6, 49).
cost(14, 7, 107).
cost(14, 8, 107).
cost(14, 9, 112).
cost(14, 10, 108).
cost(14, 11, 14).
cost(14, 12, 18).
cost(14, 13, 10).
cost(14, 15, 80).
cost(14, 16, 94).
cost(14, 17, 91).
cost(14, 18, 94).
cost(14, 19, 71).
cost(14, 20, 67).
cost(14, 21, 62).
cost(14, 22, 74).
cost(15, 1, 32).
cost(15, 2, 36).
cost(15, 3, 31).
cost(15, 4, 32).
cost(15, 5, 25).
cost(15, 6, 41).
cost(15, 7, 58).
cost(15, 8, 60).
cost(15, 9, 59).
cost(15, 10, 50).
cost(15, 11, 67).
cost(15, 12, 64).
cost(15, 13, 81).
cost(15, 14, 80).
cost(15, 16, 22).
cost(15, 17, 13).
cost(15, 18, 16).
cost(15, 19, 66).
cost(15, 20, 58).
cost(15, 21, 73).
cost(15, 22, 66).
cost(16, 1, 53).
cost(16, 2, 57).
cost(16, 3, 51).
cost(16, 4, 51).
cost(16, 5, 45).
cost(16, 6, 61).
cost(16, 7, 75).
cost(16, 8, 77).
cost(16, 9, 75).
cost(16, 10, 66).
cost(16, 11, 80).
cost(16, 12, 76).
cost(16, 13, 93).
cost(16, 14, 94).
cost(16, 15, 22).
cost(16, 17, 10).
cost(16, 18, 10).
cost(16, 19, 87).
cost(16, 20, 80).
cost(16, 21, 95).
cost(16, 22, 88).
cost(17, 1, 45).
cost(17, 2, 50).
cost(17, 3, 44).
cost(17, 4, 45).
cost(17, 5, 39).
cost(17, 6, 54).
cost(17, 7, 65).
cost(17, 8, 67).
cost(17, 9, 65).
cost(17, 10, 56).
cost(17, 11, 77).
cost(17, 12, 74).
cost(17, 13, 91).
cost(17, 14, 91).
cost(17, 15, 13).
cost(17, 16, 10).
cost(17, 18, 3).
cost(17, 19, 78).
cost(17, 20, 71).
cost(17, 21, 87).
cost(17, 22, 78).
cost(18, 1, 47).
cost(18, 2, 52).
cost(18, 3, 47).
cost(18, 4, 47).
cost(18, 5, 41).
cost(18, 6, 57).
cost(18, 7, 65).
cost(18, 8, 67).
cost(18, 9, 64).
cost(18, 10, 56).
cost(18, 11, 80).
cost(18, 12, 77).
cost(18, 13, 94).
cost(18, 14, 94).
cost(18, 15, 16).
cost(18, 16, 10).
cost(18, 17, 3).
cost(18, 19, 80).
cost(18, 20, 73).
cost(18, 21, 88).
cost(18, 22, 80).
cost(19, 1, 37).
cost(19, 2, 33).
cost(19, 3, 43).
cost(19, 4, 45).
cost(19, 5, 46).
cost(19, 6, 34).
cost(19, 7, 46).
cost(19, 8, 45).
cost(19, 9, 53).
cost(19, 10, 53).
cost(19, 11, 69).
cost(19, 12, 69).
cost(19, 13, 79).
cost(19, 14, 71).
cost(19, 15, 66).
cost(19, 16, 87).
cost(19, 17, 78).
cost(19, 18, 80).
cost(19, 20, 7).
cost(19, 21, 14).
cost(19, 22, 4).
cost(20, 1, 30).
cost(20, 2, 26).
cost(20, 3, 36).
cost(20, 4, 38).
cost(20, 5, 39).
cost(20, 6, 27).
cost(20, 7, 44).
cost(20, 8, 44).
cost(20, 9, 51).
cost(20, 10, 50).
cost(20, 11, 64).
cost(20, 12, 64).
cost(20, 13, 75).
cost(20, 14, 67).
cost(20, 15, 58).
cost(20, 16, 80).
cost(20, 17, 71).
cost(20, 18, 73).
cost(20, 19, 7).
cost(20, 21, 17).
cost(20, 22, 9).
cost(21, 1, 43).
cost(21, 2, 38).
cost(21, 3, 47).
cost(21, 4, 48).
cost(21, 5, 51).
cost(21, 6, 37).
cost(21, 7, 59).
cost(21, 8, 59).
cost(21, 9, 66).
cost(21, 10, 66).
cost(21, 11, 63).
cost(21, 12, 64).
cost(21, 13, 72).
cost(21, 14, 62).
cost(21, 15, 73).
cost(21, 16, 95).
cost(21, 17, 87).
cost(21, 18, 88).
cost(21, 19, 14).
cost(21, 20, 17).
cost(21, 22, 17).
cost(22, 1, 39).
cost(22, 2, 35).
cost(22, 3, 45).
cost(22, 4, 47).
cost(22, 5, 48).
cost(22, 6, 37).
cost(22, 7, 43).
cost(22, 8, 42).
cost(22, 9, 49).
cost(22, 10, 50).
cost(22, 11, 72).
cost(22, 12, 72).
cost(22, 13, 83).
cost(22, 14, 74).
cost(22, 15, 66).
cost(22, 16, 88).
cost(22, 17, 78).
cost(22, 18, 80).
cost(22, 19, 4).
cost(22, 20, 9).
cost(22, 21, 17).
nocross(1,2).
nocross(1,3).
nocross(1,4).
nocross(1,5).
nocross(1,6).
nocross(1,7).
nocross(1,8).
nocross(1,9).
nocross(1,12).
nocross(1,15).
nocross(1,17).
nocross(1,18).
nocross(1,19).
nocross(1,20).
nocross(1,21).
nocross(1,22).
nocross(2,1).
nocross(2,3).
nocross(2,4).
nocross(2,5).
nocross(2,6).
nocross(2,7).
nocross(2,8).
nocross(2,9).
nocross(2,10).
nocross(2,12).
nocross(2,15).
nocross(2,18).
nocross(2,19).
nocross(2,20).
nocross(2,21).
nocross(2,22).
nocross(3,1).
nocross(3,2).
nocross(3,4).
nocross(3,5).
nocross(3,6).
nocross(3,11).
nocross(3,12).
nocross(3,15).
nocross(3,16).
nocross(3,17).
nocross(3,18).
nocross(3,19).
nocross(3,20).
nocross(3,21).
nocross(3,22).
nocross(4,1).
nocross(4,2).
nocross(4,3).
nocross(4,5).
nocross(4,6).
nocross(4,11).
nocross(4,12).
nocross(4,14).
nocross(4,15).
nocross(4,16).
nocross(4,17).
nocross(4,18).
nocross(4,19).
nocross(4,20).
nocross(4,22).
nocross(5,1).
nocross(5,2).
nocross(5,3).
nocross(5,4).
nocross(5,6).
nocross(5,7).
nocross(5,11).
nocross(5,12).
nocross(5,15).
nocross(5,16).
nocross(5,17).
nocross(5,18).
nocross(5,19).
nocross(5,20).
nocross(6,1).
nocross(6,2).
nocross(6,3).
nocross(6,4).
nocross(6,5).
nocross(6,11).
nocross(6,12).
nocross(6,14).
nocross(6,15).
nocross(6,19).
nocross(6,20).
nocross(6,21).
nocross(6,22).
nocross(7,1).
nocross(7,2).
nocross(7,5).
nocross(7,8).
nocross(7,9).
nocross(7,10).
nocross(7,18).
nocross(7,19).
nocross(7,20).
nocross(7,22).
nocross(8,1).
nocross(8,2).
nocross(8,7).
nocross(8,9).
nocross(8,10).
nocross(8,19).
nocross(8,20).
nocross(8,22).
nocross(9,1).
nocross(9,2).
nocross(9,5).
nocross(9,7).
nocross(9,8).
nocross(9,10).
nocross(9,18).
nocross(9,20).
nocross(9,22).
nocross(10,1).
nocross(10,2).
nocross(10,3).
nocross(10,5).
nocross(10,6).
nocross(10,7).
nocross(10,8).
nocross(10,9).
nocross(10,15).
nocross(10,17).
nocross(10,18).
nocross(10,20).
nocross(10,22).
nocross(11,2).
nocross(11,3).
nocross(11,4).
nocross(11,5).
nocross(11,6).
nocross(11,12).
nocross(11,13).
nocross(11,14).
nocross(12,1).
nocross(12,2).
nocross(12,3).
nocross(12,4).
nocross(12,5).
nocross(12,6).
nocross(12,11).
nocross(12,13).
nocross(12,14).
nocross(13,1).
nocross(13,2).
nocross(13,4).
nocross(13,5).
nocross(13,6).
nocross(13,11).
nocross(13,12).
nocross(13,14).
nocross(14,1).
nocross(14,2).
nocross(14,3).
nocross(14,4).
nocross(14,5).
nocross(14,6).
nocross(14,11).
nocross(14,12).
nocross(14,13).
nocross(14,21).
nocross(15,1).
nocross(15,2).
nocross(15,3).
nocross(15,4).
nocross(15,5).
nocross(15,6).
nocross(15,10).
nocross(15,16).
nocross(15,17).
nocross(15,18).
nocross(16,1).
nocross(16,2).
nocross(16,3).
nocross(16,4).
nocross(16,5).
nocross(16,15).
nocross(16,17).
nocross(16,18).
nocross(17,1).
nocross(17,2).
nocross(17,3).
nocross(17,4).
nocross(17,5).
nocross(17,6).
nocross(17,10).
nocross(17,15).
nocross(17,16).
nocross(17,18).
nocross(18,1).
nocross(18,2).
nocross(18,3).
nocross(18,4).
nocross(18,5).
nocross(18,10).
nocross(18,15).
nocross(18,16).
nocross(18,17).
nocross(19,1).
nocross(19,2).
nocross(19,3).
nocross(19,4).
nocross(19,5).
nocross(19,6).
nocross(19,7).
nocross(19,8).
nocross(19,9).
nocross(19,10).
nocross(19,20).
nocross(19,21).
nocross(19,22).
nocross(20,1).
nocross(20,2).
nocross(20,3).
nocross(20,4).
nocross(20,5).
nocross(20,6).
nocross(20,7).
nocross(20,8).
nocross(20,9).
nocross(20,10).
nocross(20,19).
nocross(20,21).
nocross(20,22).
nocross(21,1).
nocross(21,2).
nocross(21,3).
nocross(21,4).
nocross(21,5).
nocross(21,6).
nocross(21,8).
nocross(21,14).
nocross(21,19).
nocross(21,20).
nocross(21,22).
nocross(22,1).
nocross(22,2).
nocross(22,3).
nocross(22,4).
nocross(22,5).
nocross(22,6).
nocross(22,7).
nocross(22,8).
nocross(22,9).
nocross(22,10).
nocross(22,19).
nocross(22,20).
nocross(22,21).
