dimension(22).
point(1, 32.3221734288, 67.8205794375).
point(2, 27.2705217985, 82.2608573603).
point(3, 32.7347267659, 84.5968389013).
point(4, 21.0734371964, 93.0161940381).
point(5, 42.0312557747, 31.4643165472).
point(6, 52.9983713085, 24.5677190456).
point(7, 39.724791952, 33.8935277922).
point(8, 46.7335023645, 27.2929269126).
point(9, 89.649972022, 39.48106871).
point(10, 95.5892332919, 47.3218820355).
point(11, 85.4392890901, 58.5036760516).
point(12, 91.4039507591, 40.101018313).
point(13, 11.3779023639, 10.3800823765).
point(14, 7.2910191119, 14.5529514614).
point(15, 1.2244108467, 9.5236174294).
point(16, 5.231712415, 13.1981376786).
point(17, 0.6576614425, 15.5455664623).
point(18, 0.848922268, 11.4447404233).
point(19, 73.7280568853, 86.8651248047).
point(20, 61.585863309, 80.14354127).
point(21, 78.49361489, 85.3621242043).
point(22, 61.7953223794, 82.0984601925).
cost(1, 2, 15).
cost(1, 3, 17).
cost(1, 4, 28).
cost(1, 5, 38).
cost(1, 6, 48).
cost(1, 7, 35).
cost(1, 8, 43).
cost(1, 9, 64).
cost(1, 10, 67).
cost(1, 11, 54).
cost(1, 12, 65).
cost(1, 13, 61).
cost(1, 14, 59).
cost(1, 15, 66).
cost(1, 16, 61).
cost(1, 17, 61).
cost(1, 18, 65).
cost(1, 19, 46).
cost(1, 20, 32).
cost(1, 21, 49).
cost(1, 22, 33).
cost(2, 1, 15).
cost(2, 3, 6).
cost(2, 4, 12).
cost(2, 5, 53).
cost(2, 6, 63).
cost(2, 7, 50).
cost(2, 8, 58).
cost(2, 9, 76).
cost(2, 10, 77).
cost(2, 11, 63).
cost(2, 12, 77).
cost(2, 13, 74).
cost(2, 14, 71).
cost(2, 15, 77).
cost(2, 16, 72).
cost(2, 17, 72).
cost(2, 18, 76).
cost(2, 19, 47).
cost(2, 20, 34).
cost(2, 21, 51).
cost(2, 22, 35).
cost(3, 1, 17).
cost(3, 2, 6).
cost(3, 4, 14).
cost(3, 5, 54).
cost(3, 6, 63).
cost(3, 7, 51).
cost(3, 8, 59).
cost(3, 9, 73).
cost(3, 10, 73).
cost(3, 11, 59).
cost(3, 12, 74).
cost(3, 13, 77).
cost(3, 14, 75).
cost(3, 15, 81).
cost(3, 16, 77).
cost(3, 17, 76).
cost(3, 18, 80).
cost(3, 19, 41).
cost(3, 20, 29).
cost(3, 21, 46).
cost(3, 22, 29).
cost(4, 1, 28).
cost(4, 2, 12).
cost(4, 3, 14).
cost(4, 5, 65).
cost(4, 6, 76).
cost(4, 7, 62).
cost(4, 8, 71).
cost(4, 9, 87).
cost(4, 10, 87).
cost(4, 11, 73).
cost(4, 12, 88).
cost(4, 13, 83).
cost(4, 14, 80).
cost(4, 15, 86).
cost(4, 16, 81).
cost(4, 17, 80).
cost(4, 18, 84).
cost(4, 19, 53).
cost(4, 20, 43).
cost(4, 21, 58).
cost(4, 22, 42).
cost(5, 1, 38).
cost(5, 2, 53).
cost(5, 3, 54).
cost(5, 4, 65).
cost(5, 6, 13).
cost(5, 7, 3).
cost(5, 8, 6).
cost(5, 9, 48).
cost(5, 10, 56).
cost(5, 11, 51).
cost(5, 12, 50).
cost(5, 13, 37).
cost(5, 14, 39).
cost(5, 15, 46).
cost(5, 16, 41).
cost(5, 17, 44).
cost(5, 18, 46).
cost(5, 19, 64).
cost(5, 20, 52).
cost(5, 21, 65).
cost(5, 22, 54).
cost(6, 1, 48).
cost(6, 2, 63).
cost(6, 3, 63).
cost(6, 4, 76).
cost(6, 5, 13).
cost(6, 7, 16).
cost(6, 8, 7).
cost(6, 9, 40).
cost(6, 10, 48).
cost(6, 11, 47).
cost(6, 12, 41).
cost(6, 13, 44).
cost(6, 14, 47).
cost(6, 15, 54).
cost(6, 16, 49).
cost(6, 17, 53).
cost(6, 18, 54).
cost(6, 19, 66).
cost(6, 20, 56).
cost(6, 21, 66).
cost(6, 22, 58).
cost(7, 1, 35).
cost(7, 2, 50).
cost(7, 3, 51).
cost(7, 4, 62).
cost(7, 5, 3).
cost(7, 6, 16).
cost(7, 8, 10).
cost(7, 9, 50).
cost(7, 10, 57).
cost(7, 11, 52).
cost(7, 12, 52).
cost(7, 13, 37).
cost(7, 14, 38).
cost(7, 15, 46).
cost(7, 16, 40).
cost(7, 17, 43).
cost(7, 18, 45).
cost(7, 19, 63).
cost(7, 20, 51).
cost(7, 21, 64).
cost(7, 22, 53).
cost(8, 1, 43).
cost(8, 2, 58).
cost(8, 3, 59).
cost(8, 4, 71).
cost(8, 5, 6).
cost(8, 6, 7).
cost(8, 7, 10).
cost(8, 9, 45).
cost(8, 10, 53).
cost(8, 11, 50).
cost(8, 12, 46).
cost(8, 13, 39).
cost(8, 14, 41).
cost(8, 15, 49).
cost(8, 16, 44).
cost(8, 17, 48).
cost(8, 18, 49).
cost(8, 19, 65).
cost(8, 20, 55).
cost(8, 21, 66).
cost(8, 22, 57).
cost(9, 1, 64).
cost(9, 2, 76).
cost(9, 3, 73).
cost(9, 4, 87).
cost(9, 5, 48).
cost(9, 6, 40).
cost(9, 7, 50).
cost(9, 8, 45).
cost(9, 10, 10).
cost(9, 11, 19).
cost(9, 12, 2).
cost(9, 13, 84).
cost(9, 14, 86).
cost(9, 15, 93).
cost(9, 16, 88).
cost(9, 17, 92).
cost(9, 18, 93).
cost(9, 19, 50).
cost(9, 20, 49).
cost(9, 21, 47).
cost(9, 22, 51).
cost(10, 1, 67).
cost(10, 2, 77).
cost(10, 3, 73).
cost(10, 4, 87).
cost(10, 5, 56).
cost(10, 6, 48).
cost(10, 7, 57).
cost(10, 8, 53).
cost(10, 9, 10).
cost(10, 11, 15).
cost(10, 12, 8).
cost(10, 13, 92).
cost(10, 14, 94).
cost(10, 15, 102).
cost(10, 16, 97).
cost(10, 17, 100).
cost(10, 18, 101).
cost(10, 19, 45).
cost(10, 20, 47).
cost(10, 21, 42).
cost(10, 22, 48).
cost(11, 1, 54).
cost(11, 2, 63).
cost(11, 3, 59).
cost(11, 4, 73).
cost(11, 5, 51).
cost(11, 6, 47).
cost(11, 7, 52).
cost(11, 8, 50).
cost(11, 9, 19).
cost(11, 10, 15).
cost(11, 12, 19).
cost(11, 13, 88).
cost(11, 14, 90).
cost(11, 15, 97).
cost(11, 16, 92).
cost(11, 17, 95).
cost(11, 18, 97).
cost(11, 19, 31).
cost(11, 20, 32).
cost(11, 21, 28).
cost(11, 22, 33).
cost(12, 1, 65).
cost(12, 2, 77).
cost(12, 3, 74).
cost(12, 4, 88).
cost(12, 5, 50).
cost(12, 6, 41).
cost(12, 7, 52).
cost(12, 8, 46).
cost(12, 9, 2).
cost(12, 10, 8).
cost(12, 11, 19).
cost(12, 13, 85).
cost(12, 14, 88).
cost(12, 15, 95).
cost(12, 16, 90).
cost(12, 17, 94).
cost(12, 18, 95).
cost(12, 19, 50).
cost(12, 20, 50).
cost(12, 21, 47).
cost(12, 22, 51).
cost(13, 1, 61).
cost(13, 2, 74).
cost(13, 3, 77).
cost(13, 4, 83).
cost(13, 5, 37).
cost(13, 6, 44).
cost(13, 7, 37).
cost(13, 8, 39).
cost(13, 9, 84).
cost(13, 10, 92).
cost(13, 11, 88).
cost(13, 12, 85).
cost(13, 14, 6).
cost(13, 15, 10).
cost(13, 16, 7).
cost(13, 17, 12).
cost(13, 18, 11).
cost(13, 19, 99).
cost(13, 20, 86).
cost(13, 21, 101).
cost(13, 22, 88).
cost(14, 1, 59).
cost(14, 2, 71).
cost(14, 3, 75).
cost(14, 4, 80).
cost(14, 5, 39).
cost(14, 6, 47).
cost(14, 7, 38).
cost(14, 8, 41).
cost(14, 9, 86).
cost(14, 10, 94).
cost(14, 11, 90).
cost(14, 12, 88).
cost(14, 13, 6).
cost(14, 15, 8).
cost(14, 16, 2).
cost(14, 17, 7).
cost(14, 18, 7).
cost(14, 19, 98).
cost(14, 20, 85).
cost(14, 21, 100).
cost(14, 22, 87).
cost(15, 1, 66).
cost(15, 2, 77).
cost(15, 3, 81).
cost(15, 4, 86).
cost(15, 5, 46).
cost(15, 6, 54).
cost(15, 7, 46).
cost(15, 8, 49).
cost(15, 9, 93).
cost(15, 10, 102).
cost(15, 11, 97).
cost(15, 12, 95).
cost(15, 13, 10).
cost(15, 14, 8).
cost(15, 16, 5).
cost(15, 17, 6).
cost(15, 18, 2).
cost(15, 19, 106).
cost(15, 20, 93).
cost(15, 21, 108).
cost(15, 22, 95).
cost(16, 1, 61).
cost(16, 2, 72).
cost(16, 3, 77).
cost(16, 4, 81).
cost(16, 5, 41).
cost(16, 6, 49).
cost(16, 7, 40).
cost(16, 8, 44).
cost(16, 9, 88).
cost(16, 10, 97).
cost(16, 11, 92).
cost(16, 12, 90).
cost(16, 13, 7).
cost(16, 14, 2).
cost(16, 15, 5).
cost(16, 17, 5).
cost(16, 18, 5).
cost(16, 19, 101).
cost(16, 20, 88).
cost(16, 21, 103).
cost(16, 22, 89).
cost(17, 1, 61).
cost(17, 2, 72).
cost(17, 3, 76).
cost(17, 4, 80).
cost(17, 5, 44).
cost(17, 6, 53).
cost(17, 7, 43).
cost(17, 8, 48).
cost(17, 9, 92).
cost(17, 10, 100).
cost(17, 11, 95).
cost(17, 12, 94).
cost(17, 13, 12).
cost(17, 14, 7).
cost(17, 15, 6).
cost(17, 16, 5).
cost(17, 18, 4).
cost(17, 19, 102).
cost(17, 20, 89).
cost(17, 21, 105).
cost(17, 22, 90).
cost(18, 1, 65).
cost(18, 2, 76).
cost(18, 3, 80).
cost(18, 4, 84).
cost(18, 5, 46).
cost(18, 6, 54).
cost(18, 7, 45).
cost(18, 8, 49).
cost(18, 9, 93).
cost(18, 10, 101).
cost(18, 11, 97).
cost(18, 12, 95).
cost(18, 13, 11).
cost(18, 14, 7).
cost(18, 15, 2).
cost(18, 16, 5).
cost(18, 17, 4).
cost(18, 19, 105).
cost(18, 20, 92).
cost(18, 21, 107).
cost(18, 22, 93).
cost(19, 1, 46).
cost(19, 2, 47).
cost(19, 3, 41).
cost(19, 4, 53).
cost(19, 5, 64).
cost(19, 6, 66).
cost(19, 7, 63).
cost(19, 8, 65).
cost(19, 9, 50).
cost(19, 10, 45).
cost(19, 11, 31).
cost(19, 12, 50).
cost(19, 13, 99).
cost(19, 14, 98).
cost(19, 15, 106).
cost(19, 16, 101).
cost(19, 17, 102).
cost(19, 18, 105).
cost(19, 20, 14).
cost(19, 21, 5).
cost(19, 22, 13).
cost(20, 1, 32).
cost(20, 2, 34).
cost(20, 3, 29).
cost(20, 4, 43).
cost(20, 5, 52).
cost(20, 6, 56).
cost(20, 7, 51).
cost(20, 8, 55).
cost(20, 9, 49).
cost(20, 10, 47).
cost(20, 11, 32).
cost(20, 12, 50).
cost(20, 13, 86).
cost(20, 14, 85).
cost(20, 15, 93).
cost(20, 16, 88).
cost(20, 17, 89).
cost(20, 18, 92).
cost(20, 19, 14).
cost(20, 21, 18).
cost(20, 22, 2).
cost(21, 1, 49).
cost(21, 2, 51).
cost(21, 3, 46).
cost(21, 4, 58).
cost(21, 5, 65).
cost(21, 6, 66).
cost(21, 7, 64).
cost(21, 8, 66).
cost(21, 9, 47).
cost(21, 10, 42).
cost(21, 11, 28).
cost(21, 12, 47).
cost(21, 13, 101).
cost(21, 14, 100).
cost(21, 15, 108).
cost(21, 16, 103).
cost(21, 17, 105).
cost(21, 18, 107).
cost(21, 19, 5).
cost(21, 20, 18).
cost(21, 22, 17).
cost(22, 1, 33).
cost(22, 2, 35).
cost(22, 3, 29).
cost(22, 4, 42).
cost(22, 5, 54).
cost(22, 6, 58).
cost(22, 7, 53).
cost(22, 8, 57).
cost(22, 9, 51).
cost(22, 10, 48).
cost(22, 11, 33).
cost(22, 12, 51).
cost(22, 13, 88).
cost(22, 14, 87).
cost(22, 15, 95).
cost(22, 16, 89).
cost(22, 17, 90).
cost(22, 18, 93).
cost(22, 19, 13).
cost(22, 20, 2).
cost(22, 21, 17).
nocross(1,2).
nocross(1,3).
nocross(1,4).
nocross(1,5).
nocross(1,6).
nocross(1,7).
nocross(1,8).
nocross(1,9).
nocross(1,11).
nocross(1,19).
nocross(1,20).
nocross(1,21).
nocross(1,22).
nocross(2,1).
nocross(2,3).
nocross(2,4).
nocross(2,7).
nocross(2,19).
nocross(2,20).
nocross(2,22).
nocross(3,1).
nocross(3,2).
nocross(3,4).
nocross(3,7).
nocross(3,19).
nocross(3,20).
nocross(3,21).
nocross(3,22).
nocross(4,1).
nocross(4,2).
nocross(4,3).
nocross(4,19).
nocross(4,20).
nocross(4,21).
nocross(4,22).
nocross(5,1).
nocross(5,6).
nocross(5,7).
nocross(5,8).
nocross(5,9).
nocross(5,12).
nocross(5,13).
nocross(5,14).
nocross(5,17).
nocross(6,5).
nocross(6,7).
nocross(6,8).
nocross(6,9).
nocross(6,10).
nocross(6,11).
nocross(6,12).
nocross(6,13).
nocross(6,14).
nocross(7,1).
nocross(7,2).
nocross(7,5).
nocross(7,6).
nocross(7,8).
nocross(7,9).
nocross(7,11).
nocross(7,13).
nocross(7,14).
nocross(7,16).
nocross(7,17).
nocross(7,20).
nocross(7,22).
nocross(8,1).
nocross(8,5).
nocross(8,6).
nocross(8,7).
nocross(8,9).
nocross(8,10).
nocross(8,12).
nocross(8,13).
nocross(8,14).
nocross(8,17).
nocross(9,5).
nocross(9,6).
nocross(9,7).
nocross(9,8).
nocross(9,10).
nocross(9,11).
nocross(9,12).
nocross(9,22).
nocross(10,5).
nocross(10,6).
nocross(10,8).
nocross(10,9).
nocross(10,11).
nocross(10,12).
nocross(10,20).
nocross(10,21).
nocross(10,22).
nocross(11,1).
nocross(11,2).
nocross(11,5).
nocross(11,6).
nocross(11,7).
nocross(11,8).
nocross(11,9).
nocross(11,10).
nocross(11,12).
nocross(11,19).
nocross(11,20).
nocross(11,21).
nocross(11,22).
nocross(12,5).
nocross(12,6).
nocross(12,7).
nocross(12,8).
nocross(12,9).
nocross(12,10).
nocross(12,11).
nocross(12,20).
nocross(12,21).
nocross(13,5).
nocross(13,6).
nocross(13,7).
nocross(13,8).
nocross(13,14).
nocross(13,15).
nocross(13,16).
nocross(13,17).
nocross(13,18).
nocross(14,5).
nocross(14,6).
nocross(14,7).
nocross(14,8).
nocross(14,13).
nocross(14,15).
nocross(14,16).
nocross(14,17).
nocross(14,18).
nocross(15,5).
nocross(15,6).
nocross(15,7).
nocross(15,8).
nocross(15,13).
nocross(15,14).
nocross(15,16).
nocross(15,17).
nocross(15,18).
nocross(16,5).
nocross(16,6).
nocross(16,7).
nocross(16,8).
nocross(16,13).
nocross(16,14).
nocross(16,15).
nocross(16,17).
nocross(16,18).
nocross(17,5).
nocross(17,6).
nocross(17,7).
nocross(17,8).
nocross(17,13).
nocross(17,14).
nocross(17,15).
nocross(17,16).
nocross(17,18).
nocross(18,5).
nocross(18,6).
nocross(18,7).
nocross(18,8).
nocross(18,13).
nocross(18,14).
nocross(18,15).
nocross(18,16).
nocross(18,17).
nocross(19,1).
nocross(19,2).
nocross(19,3).
nocross(19,4).
nocross(19,10).
nocross(19,11).
nocross(19,12).
nocross(19,20).
nocross(19,21).
nocross(19,22).
nocross(20,1).
nocross(20,2).
nocross(20,3).
nocross(20,4).
nocross(20,7).
nocross(20,9).
nocross(20,10).
nocross(20,11).
nocross(20,12).
nocross(20,19).
nocross(20,21).
nocross(20,22).
nocross(21,2).
nocross(21,3).
nocross(21,9).
nocross(21,10).
nocross(21,11).
nocross(21,12).
nocross(21,19).
nocross(21,20).
nocross(21,22).
nocross(22,1).
nocross(22,2).
nocross(22,3).
nocross(22,4).
nocross(22,7).
nocross(22,9).
nocross(22,10).
nocross(22,11).
nocross(22,19).
nocross(22,20).
nocross(22,21).
