dimension(22).
point(1, 59.4879820538, 80.8015736857).
point(2, 42.5176294455, 79.8592548506).
point(3, 48.5405825808, 91.0285805444).
point(4, 63.0527645539, 86.2249889627).
point(5, 56.7456790864, 87.4698433514).
point(6, 72.9365777796, 88.4442896034).
point(7, 28.3772866884, 39.6803015183).
point(8, 31.5436970742, 48.3245383791).
point(9, 29.9368303152, 39.3008668718).
point(10, 29.6199882005, 43.7247611526).
point(11, 76.6635962402, 20.4317761942).
point(12, 81.2722862288, 14.6352357515).
point(13, 81.0976787585, 11.6883194761).
point(14, 82.9175416994, 11.5407425433).
point(15, 29.5842999035, 76.6348288602).
point(16, 20.1873090937, 66.0014796333).
point(17, 17.0662520632, 73.8927167129).
point(18, 13.8011507512, 70.1239794356).
point(19, 46.166819131, 22.2777183322).
point(20, 63.3160494176, 21.3374297887).
point(21, 60.2512457655, 23.5572874874).
point(22, 60.0412417079, 35.4417113848).
cost(1, 2, 17).
cost(1, 3, 15).
cost(1, 4, 6).
cost(1, 5, 7).
cost(1, 6, 15).
cost(1, 7, 52).
cost(1, 8, 43).
cost(1, 9, 51).
cost(1, 10, 48).
cost(1, 11, 63).
cost(1, 12, 70).
cost(1, 13, 72).
cost(1, 14, 73).
cost(1, 15, 30).
cost(1, 16, 42).
cost(1, 17, 43).
cost(1, 18, 47).
cost(1, 19, 60).
cost(1, 20, 60).
cost(1, 21, 57).
cost(1, 22, 45).
cost(2, 1, 17).
cost(2, 3, 13).
cost(2, 4, 21).
cost(2, 5, 16).
cost(2, 6, 32).
cost(2, 7, 43).
cost(2, 8, 33).
cost(2, 9, 42).
cost(2, 10, 38).
cost(2, 11, 69).
cost(2, 12, 76).
cost(2, 13, 78).
cost(2, 14, 79).
cost(2, 15, 13).
cost(2, 16, 26).
cost(2, 17, 26).
cost(2, 18, 30).
cost(2, 19, 58).
cost(2, 20, 62).
cost(2, 21, 59).
cost(2, 22, 48).
cost(3, 1, 15).
cost(3, 2, 13).
cost(3, 4, 15).
cost(3, 5, 9).
cost(3, 6, 25).
cost(3, 7, 55).
cost(3, 8, 46).
cost(3, 9, 55).
cost(3, 10, 51).
cost(3, 11, 76).
cost(3, 12, 83).
cost(3, 13, 86).
cost(3, 14, 87).
cost(3, 15, 24).
cost(3, 16, 38).
cost(3, 17, 36).
cost(3, 18, 41).
cost(3, 19, 69).
cost(3, 20, 71).
cost(3, 21, 68).
cost(3, 22, 57).
cost(4, 1, 6).
cost(4, 2, 21).
cost(4, 3, 15).
cost(4, 5, 6).
cost(4, 6, 10).
cost(4, 7, 58).
cost(4, 8, 49).
cost(4, 9, 57).
cost(4, 10, 54).
cost(4, 11, 67).
cost(4, 12, 74).
cost(4, 13, 77).
cost(4, 14, 77).
cost(4, 15, 35).
cost(4, 16, 47).
cost(4, 17, 48).
cost(4, 18, 52).
cost(4, 19, 66).
cost(4, 20, 65).
cost(4, 21, 63).
cost(4, 22, 51).
cost(5, 1, 7).
cost(5, 2, 16).
cost(5, 3, 9).
cost(5, 4, 6).
cost(5, 6, 16).
cost(5, 7, 56).
cost(5, 8, 47).
cost(5, 9, 55).
cost(5, 10, 51).
cost(5, 11, 70).
cost(5, 12, 77).
cost(5, 13, 80).
cost(5, 14, 80).
cost(5, 15, 29).
cost(5, 16, 42).
cost(5, 17, 42).
cost(5, 18, 46).
cost(5, 19, 66).
cost(5, 20, 66).
cost(5, 21, 64).
cost(5, 22, 52).
cost(6, 1, 15).
cost(6, 2, 32).
cost(6, 3, 25).
cost(6, 4, 10).
cost(6, 5, 16).
cost(6, 7, 66).
cost(6, 8, 58).
cost(6, 9, 65).
cost(6, 10, 62).
cost(6, 11, 68).
cost(6, 12, 74).
cost(6, 13, 77).
cost(6, 14, 78).
cost(6, 15, 45).
cost(6, 16, 57).
cost(6, 17, 58).
cost(6, 18, 62).
cost(6, 19, 71).
cost(6, 20, 68).
cost(6, 21, 66).
cost(6, 22, 55).
cost(7, 1, 52).
cost(7, 2, 43).
cost(7, 3, 55).
cost(7, 4, 58).
cost(7, 5, 56).
cost(7, 6, 66).
cost(7, 8, 9).
cost(7, 9, 2).
cost(7, 10, 4).
cost(7, 11, 52).
cost(7, 12, 59).
cost(7, 13, 60).
cost(7, 14, 61).
cost(7, 15, 37).
cost(7, 16, 28).
cost(7, 17, 36).
cost(7, 18, 34).
cost(7, 19, 25).
cost(7, 20, 39).
cost(7, 21, 36).
cost(7, 22, 32).
cost(8, 1, 43).
cost(8, 2, 33).
cost(8, 3, 46).
cost(8, 4, 49).
cost(8, 5, 47).
cost(8, 6, 58).
cost(8, 7, 9).
cost(8, 9, 9).
cost(8, 10, 5).
cost(8, 11, 53).
cost(8, 12, 60).
cost(8, 13, 62).
cost(8, 14, 63).
cost(8, 15, 28).
cost(8, 16, 21).
cost(8, 17, 29).
cost(8, 18, 28).
cost(8, 19, 30).
cost(8, 20, 42).
cost(8, 21, 38).
cost(8, 22, 31).
cost(9, 1, 51).
cost(9, 2, 42).
cost(9, 3, 55).
cost(9, 4, 57).
cost(9, 5, 55).
cost(9, 6, 65).
cost(9, 7, 2).
cost(9, 8, 9).
cost(9, 10, 4).
cost(9, 11, 50).
cost(9, 12, 57).
cost(9, 13, 58).
cost(9, 14, 60).
cost(9, 15, 37).
cost(9, 16, 28).
cost(9, 17, 37).
cost(9, 18, 35).
cost(9, 19, 24).
cost(9, 20, 38).
cost(9, 21, 34).
cost(9, 22, 30).
cost(10, 1, 48).
cost(10, 2, 38).
cost(10, 3, 51).
cost(10, 4, 54).
cost(10, 5, 51).
cost(10, 6, 62).
cost(10, 7, 4).
cost(10, 8, 5).
cost(10, 9, 4).
cost(10, 11, 52).
cost(10, 12, 59).
cost(10, 13, 61).
cost(10, 14, 62).
cost(10, 15, 33).
cost(10, 16, 24).
cost(10, 17, 33).
cost(10, 18, 31).
cost(10, 19, 27).
cost(10, 20, 40).
cost(10, 21, 37).
cost(10, 22, 32).
cost(11, 1, 63).
cost(11, 2, 69).
cost(11, 3, 76).
cost(11, 4, 67).
cost(11, 5, 70).
cost(11, 6, 68).
cost(11, 7, 52).
cost(11, 8, 53).
cost(11, 9, 50).
cost(11, 10, 52).
cost(11, 12, 7).
cost(11, 13, 10).
cost(11, 14, 11).
cost(11, 15, 73).
cost(11, 16, 73).
cost(11, 17, 80).
cost(11, 18, 80).
cost(11, 19, 31).
cost(11, 20, 13).
cost(11, 21, 17).
cost(11, 22, 22).
cost(12, 1, 70).
cost(12, 2, 76).
cost(12, 3, 83).
cost(12, 4, 74).
cost(12, 5, 77).
cost(12, 6, 74).
cost(12, 7, 59).
cost(12, 8, 60).
cost(12, 9, 57).
cost(12, 10, 59).
cost(12, 11, 7).
cost(12, 13, 3).
cost(12, 14, 4).
cost(12, 15, 81).
cost(12, 16, 80).
cost(12, 17, 87).
cost(12, 18, 87).
cost(12, 19, 36).
cost(12, 20, 19).
cost(12, 21, 23).
cost(12, 22, 30).
cost(13, 1, 72).
cost(13, 2, 78).
cost(13, 3, 86).
cost(13, 4, 77).
cost(13, 5, 80).
cost(13, 6, 77).
cost(13, 7, 60).
cost(13, 8, 62).
cost(13, 9, 58).
cost(13, 10, 61).
cost(13, 11, 10).
cost(13, 12, 3).
cost(13, 14, 2).
cost(13, 15, 83).
cost(13, 16, 82).
cost(13, 17, 89).
cost(13, 18, 89).
cost(13, 19, 37).
cost(13, 20, 20).
cost(13, 21, 24).
cost(13, 22, 32).
cost(14, 1, 73).
cost(14, 2, 79).
cost(14, 3, 87).
cost(14, 4, 77).
cost(14, 5, 80).
cost(14, 6, 78).
cost(14, 7, 61).
cost(14, 8, 63).
cost(14, 9, 60).
cost(14, 10, 62).
cost(14, 11, 11).
cost(14, 12, 4).
cost(14, 13, 2).
cost(14, 15, 84).
cost(14, 16, 83).
cost(14, 17, 91).
cost(14, 18, 91).
cost(14, 19, 38).
cost(14, 20, 22).
cost(14, 21, 26).
cost(14, 22, 33).
cost(15, 1, 30).
cost(15, 2, 13).
cost(15, 3, 24).
cost(15, 4, 35).
cost(15, 5, 29).
cost(15, 6, 45).
cost(15, 7, 37).
cost(15, 8, 28).
cost(15, 9, 37).
cost(15, 10, 33).
cost(15, 11, 73).
cost(15, 12, 81).
cost(15, 13, 83).
cost(15, 14, 84).
cost(15, 16, 14).
cost(15, 17, 13).
cost(15, 18, 17).
cost(15, 19, 57).
cost(15, 20, 65).
cost(15, 21, 61).
cost(15, 22, 51).
cost(16, 1, 42).
cost(16, 2, 26).
cost(16, 3, 38).
cost(16, 4, 47).
cost(16, 5, 42).
cost(16, 6, 57).
cost(16, 7, 28).
cost(16, 8, 21).
cost(16, 9, 28).
cost(16, 10, 24).
cost(16, 11, 73).
cost(16, 12, 80).
cost(16, 13, 82).
cost(16, 14, 83).
cost(16, 15, 14).
cost(16, 17, 8).
cost(16, 18, 8).
cost(16, 19, 51).
cost(16, 20, 62).
cost(16, 21, 58).
cost(16, 22, 50).
cost(17, 1, 43).
cost(17, 2, 26).
cost(17, 3, 36).
cost(17, 4, 48).
cost(17, 5, 42).
cost(17, 6, 58).
cost(17, 7, 36).
cost(17, 8, 29).
cost(17, 9, 37).
cost(17, 10, 33).
cost(17, 11, 80).
cost(17, 12, 87).
cost(17, 13, 89).
cost(17, 14, 91).
cost(17, 15, 13).
cost(17, 16, 8).
cost(17, 18, 5).
cost(17, 19, 59).
cost(17, 20, 70).
cost(17, 21, 66).
cost(17, 22, 58).
cost(18, 1, 47).
cost(18, 2, 30).
cost(18, 3, 41).
cost(18, 4, 52).
cost(18, 5, 46).
cost(18, 6, 62).
cost(18, 7, 34).
cost(18, 8, 28).
cost(18, 9, 35).
cost(18, 10, 31).
cost(18, 11, 80).
cost(18, 12, 87).
cost(18, 13, 89).
cost(18, 14, 91).
cost(18, 15, 17).
cost(18, 16, 8).
cost(18, 17, 5).
cost(18, 19, 58).
cost(18, 20, 70).
cost(18, 21, 66).
cost(18, 22, 58).
cost(19, 1, 60).
cost(19, 2, 58).
cost(19, 3, 69).
cost(19, 4, 66).
cost(19, 5, 66).
cost(19, 6, 71).
cost(19, 7, 25).
cost(19, 8, 30).
cost(19, 9, 24).
cost(19, 10, 27).
cost(19, 11, 31).
cost(19, 12, 36).
cost(19, 13, 37).
cost(19, 14, 38).
cost(19, 15, 57).
cost(19, 16, 51).
cost(19, 17, 59).
cost(19, 18, 58).
cost(19, 20, 17).
cost(19, 21, 14).
cost(19, 22, 19).
cost(20, 1, 60).
cost(20, 2, 62).
cost(20, 3, 71).
cost(20, 4, 65).
cost(20, 5, 66).
cost(20, 6, 68).
cost(20, 7, 39).
cost(20, 8, 42).
cost(20, 9, 38).
cost(20, 10, 40).
cost(20, 11, 13).
cost(20, 12, 19).
cost(20, 13, 20).
cost(20, 14, 22).
cost(20, 15, 65).
cost(20, 16, 62).
cost(20, 17, 70).
cost(20, 18, 70).
cost(20, 19, 17).
cost(20, 21, 4).
cost(20, 22, 14).
cost(21, 1, 57).
cost(21, 2, 59).
cost(21, 3, 68).
cost(21, 4, 63).
cost(21, 5, 64).
cost(21, 6, 66).
cost(21, 7, 36).
cost(21, 8, 38).
cost(21, 9, 34).
cost(21, 10, 37).
cost(21, 11, 17).
cost(21, 12, 23).
cost(21, 13, 24).
cost(21, 14, 26).
cost(21, 15, 61).
cost(21, 16, 58).
cost(21, 17, 66).
cost(21, 18, 66).
cost(21, 19, 14).
cost(21, 20, 4).
cost(21, 22, 12).
cost(22, 1, 45).
cost(22, 2, 48).
cost(22, 3, 57).
cost(22, 4, 51).
cost(22, 5, 52).
cost(22, 6, 55).
cost(22, 7, 32).
cost(22, 8, 31).
cost(22, 9, 30).
cost(22, 10, 32).
cost(22, 11, 22).
cost(22, 12, 30).
cost(22, 13, 32).
cost(22, 14, 33).
cost(22, 15, 51).
cost(22, 16, 50).
cost(22, 17, 58).
cost(22, 18, 58).
cost(22, 19, 19).
cost(22, 20, 14).
cost(22, 21, 12).
nocross(1,2).
nocross(1,3).
nocross(1,4).
nocross(1,5).
nocross(1,6).
nocross(1,8).
nocross(1,15).
nocross(2,1).
nocross(2,3).
nocross(2,4).
nocross(2,5).
nocross(2,6).
nocross(2,8).
nocross(2,10).
nocross(2,15).
nocross(2,16).
nocross(2,17).
nocross(2,18).
nocross(3,1).
nocross(3,2).
nocross(3,4).
nocross(3,5).
nocross(3,6).
nocross(3,15).
nocross(3,17).
nocross(3,18).
nocross(4,1).
nocross(4,2).
nocross(4,3).
nocross(4,5).
nocross(4,6).
nocross(5,1).
nocross(5,2).
nocross(5,3).
nocross(5,4).
nocross(5,6).
nocross(5,15).
nocross(5,17).
nocross(6,1).
nocross(6,3).
nocross(6,4).
nocross(6,5).
nocross(7,8).
nocross(7,9).
nocross(7,10).
nocross(7,15).
nocross(7,16).
nocross(7,17).
nocross(7,18).
nocross(7,19).
nocross(7,20).
nocross(7,21).
nocross(8,1).
nocross(8,2).
nocross(8,7).
nocross(8,9).
nocross(8,10).
nocross(8,15).
nocross(8,16).
nocross(8,17).
nocross(8,18).
nocross(8,21).
nocross(8,22).
nocross(9,7).
nocross(9,8).
nocross(9,10).
nocross(9,15).
nocross(9,16).
nocross(9,18).
nocross(9,19).
nocross(9,20).
nocross(9,21).
nocross(9,22).
nocross(10,7).
nocross(10,8).
nocross(10,9).
nocross(10,15).
nocross(10,16).
nocross(10,17).
nocross(10,18).
nocross(10,19).
nocross(10,20).
nocross(10,21).
nocross(11,12).
nocross(11,13).
nocross(11,14).
nocross(11,19).
nocross(11,20).
nocross(11,21).
nocross(11,22).
nocross(12,11).
nocross(12,13).
nocross(12,14).
nocross(12,20).
nocross(12,21).
nocross(12,22).
nocross(13,11).
nocross(13,12).
nocross(13,14).
nocross(13,20).
nocross(13,21).
nocross(13,22).
nocross(14,11).
nocross(14,12).
nocross(14,13).
nocross(14,20).
nocross(14,21).
nocross(14,22).
nocross(15,1).
nocross(15,2).
nocross(15,3).
nocross(15,4).
nocross(15,5).
nocross(15,7).
nocross(15,8).
nocross(15,9).
nocross(15,10).
nocross(15,16).
nocross(15,17).
nocross(15,18).
nocross(16,2).
nocross(16,7).
nocross(16,8).
nocross(16,9).
nocross(16,10).
nocross(16,15).
nocross(16,17).
nocross(16,18).
nocross(17,2).
nocross(17,3).
nocross(17,7).
nocross(17,8).
nocross(17,9).
nocross(17,10).
nocross(17,15).
nocross(17,16).
nocross(17,18).
nocross(18,2).
nocross(18,7).
nocross(18,8).
nocross(18,9).
nocross(18,10).
nocross(18,15).
nocross(18,16).
nocross(18,17).
nocross(19,7).
nocross(19,8).
nocross(19,9).
nocross(19,10).
nocross(19,11).
nocross(19,12).
nocross(19,13).
nocross(19,14).
nocross(19,20).
nocross(19,21).
nocross(19,22).
nocross(20,7).
nocross(20,9).
nocross(20,10).
nocross(20,11).
nocross(20,12).
nocross(20,13).
nocross(20,14).
nocross(20,19).
nocross(20,21).
nocross(20,22).
nocross(21,7).
nocross(21,8).
nocross(21,9).
nocross(21,11).
nocross(21,12).
nocross(21,13).
nocross(21,14).
nocross(21,19).
nocross(21,20).
nocross(21,22).
nocross(22,1).
nocross(22,7).
nocross(22,8).
nocross(22,9).
nocross(22,10).
nocross(22,11).
nocross(22,12).
nocross(22,14).
nocross(22,19).
nocross(22,20).
nocross(22,21).
