dimension(22).
point(1, 82.470753134, 48.4236176149).
point(2, 84.70812584, 44.7986467614).
point(3, 71.4619879358, 48.1094680699).
point(4, 70.1171125132, 44.6021503985).
point(5, 80.1121403766, 53.0929993904).
point(6, 75.1355654013, 45.935305987).
point(7, 26.6796760635, 95.4854211585).
point(8, 20.7559156603, 94.0358721373).
point(9, 30.8615316087, 94.7183476641).
point(10, 23.0168453396, 95.8718555617).
point(11, 88.4970218477, 7.7960693683).
point(12, 98.5117096486, 2.3294008159).
point(13, 87.5909381549, 8.9709680141).
point(14, 75.988641604, 3.5875132427).
point(15, 9.0956878167, 73.6569882942).
point(16, 14.3601888699, 75.8530216377).
point(17, 14.6714827765, 60.7774924284).
point(18, 5.9779330885, 69.4772016873).
point(19, 63.4027702507, 21.5505325889).
point(20, 55.7470019224, 27.3338794719).
point(21, 57.1553712171, 29.2688593156).
point(22, 61.2037533744, 24.7250796174).
cost(1, 2, 4).
cost(1, 3, 11).
cost(1, 4, 13).
cost(1, 5, 5).
cost(1, 6, 8).
cost(1, 7, 73).
cost(1, 8, 77).
cost(1, 9, 69).
cost(1, 10, 76).
cost(1, 11, 41).
cost(1, 12, 49).
cost(1, 13, 40).
cost(1, 14, 45).
cost(1, 15, 78).
cost(1, 16, 73).
cost(1, 17, 69).
cost(1, 18, 79).
cost(1, 19, 33).
cost(1, 20, 34).
cost(1, 21, 32).
cost(1, 22, 32).
cost(2, 1, 4).
cost(2, 3, 14).
cost(2, 4, 15).
cost(2, 5, 9).
cost(2, 6, 10).
cost(2, 7, 77).
cost(2, 8, 81).
cost(2, 9, 73).
cost(2, 10, 80).
cost(2, 11, 37).
cost(2, 12, 45).
cost(2, 13, 36).
cost(2, 14, 42).
cost(2, 15, 81).
cost(2, 16, 77).
cost(2, 17, 72).
cost(2, 18, 83).
cost(2, 19, 32).
cost(2, 20, 34).
cost(2, 21, 32).
cost(2, 22, 31).
cost(3, 1, 11).
cost(3, 2, 14).
cost(3, 4, 4).
cost(3, 5, 10).
cost(3, 6, 4).
cost(3, 7, 65).
cost(3, 8, 68).
cost(3, 9, 62).
cost(3, 10, 68).
cost(3, 11, 44).
cost(3, 12, 53).
cost(3, 13, 42).
cost(3, 14, 45).
cost(3, 15, 67).
cost(3, 16, 63).
cost(3, 17, 58).
cost(3, 18, 69).
cost(3, 19, 28).
cost(3, 20, 26).
cost(3, 21, 24).
cost(3, 22, 26).
cost(4, 1, 13).
cost(4, 2, 15).
cost(4, 3, 4).
cost(4, 5, 13).
cost(4, 6, 5).
cost(4, 7, 67).
cost(4, 8, 70).
cost(4, 9, 64).
cost(4, 10, 70).
cost(4, 11, 41).
cost(4, 12, 51).
cost(4, 13, 40).
cost(4, 14, 41).
cost(4, 15, 68).
cost(4, 16, 64).
cost(4, 17, 58).
cost(4, 18, 69).
cost(4, 19, 24).
cost(4, 20, 22).
cost(4, 21, 20).
cost(4, 22, 22).
cost(5, 1, 5).
cost(5, 2, 9).
cost(5, 3, 10).
cost(5, 4, 13).
cost(5, 6, 9).
cost(5, 7, 68).
cost(5, 8, 72).
cost(5, 9, 64).
cost(5, 10, 71).
cost(5, 11, 46).
cost(5, 12, 54).
cost(5, 13, 45).
cost(5, 14, 50).
cost(5, 15, 74).
cost(5, 16, 70).
cost(5, 17, 66).
cost(5, 18, 76).
cost(5, 19, 36).
cost(5, 20, 35).
cost(5, 21, 33).
cost(5, 22, 34).
cost(6, 1, 8).
cost(6, 2, 10).
cost(6, 3, 4).
cost(6, 4, 5).
cost(6, 5, 9).
cost(6, 7, 69).
cost(6, 8, 73).
cost(6, 9, 66).
cost(6, 10, 72).
cost(6, 11, 40).
cost(6, 12, 49).
cost(6, 13, 39).
cost(6, 14, 42).
cost(6, 15, 72).
cost(6, 16, 68).
cost(6, 17, 62).
cost(6, 18, 73).
cost(6, 19, 27).
cost(6, 20, 27).
cost(6, 21, 25).
cost(6, 22, 25).
cost(7, 1, 73).
cost(7, 2, 77).
cost(7, 3, 65).
cost(7, 4, 67).
cost(7, 5, 68).
cost(7, 6, 69).
cost(7, 8, 6).
cost(7, 9, 4).
cost(7, 10, 4).
cost(7, 11, 107).
cost(7, 12, 118).
cost(7, 13, 106).
cost(7, 14, 104).
cost(7, 15, 28).
cost(7, 16, 23).
cost(7, 17, 37).
cost(7, 18, 33).
cost(7, 19, 83).
cost(7, 20, 74).
cost(7, 21, 73).
cost(7, 22, 79).
cost(8, 1, 77).
cost(8, 2, 81).
cost(8, 3, 68).
cost(8, 4, 70).
cost(8, 5, 72).
cost(8, 6, 73).
cost(8, 7, 6).
cost(8, 9, 10).
cost(8, 10, 3).
cost(8, 11, 110).
cost(8, 12, 120).
cost(8, 13, 108).
cost(8, 14, 106).
cost(8, 15, 23).
cost(8, 16, 19).
cost(8, 17, 34).
cost(8, 18, 29).
cost(8, 19, 84).
cost(8, 20, 75).
cost(8, 21, 74).
cost(8, 22, 80).
cost(9, 1, 69).
cost(9, 2, 73).
cost(9, 3, 62).
cost(9, 4, 64).
cost(9, 5, 64).
cost(9, 6, 66).
cost(9, 7, 4).
cost(9, 8, 10).
cost(9, 10, 8).
cost(9, 11, 104).
cost(9, 12, 115).
cost(9, 13, 103).
cost(9, 14, 102).
cost(9, 15, 30).
cost(9, 16, 25).
cost(9, 17, 38).
cost(9, 18, 35).
cost(9, 19, 80).
cost(9, 20, 72).
cost(9, 21, 71).
cost(9, 22, 76).
cost(10, 1, 76).
cost(10, 2, 80).
cost(10, 3, 68).
cost(10, 4, 70).
cost(10, 5, 71).
cost(10, 6, 72).
cost(10, 7, 4).
cost(10, 8, 3).
cost(10, 9, 8).
cost(10, 11, 110).
cost(10, 12, 120).
cost(10, 13, 108).
cost(10, 14, 106).
cost(10, 15, 26).
cost(10, 16, 22).
cost(10, 17, 36).
cost(10, 18, 31).
cost(10, 19, 85).
cost(10, 20, 76).
cost(10, 21, 75).
cost(10, 22, 81).
cost(11, 1, 41).
cost(11, 2, 37).
cost(11, 3, 44).
cost(11, 4, 41).
cost(11, 5, 46).
cost(11, 6, 40).
cost(11, 7, 107).
cost(11, 8, 110).
cost(11, 9, 104).
cost(11, 10, 110).
cost(11, 12, 11).
cost(11, 13, 1).
cost(11, 14, 13).
cost(11, 15, 103).
cost(11, 16, 101).
cost(11, 17, 91).
cost(11, 18, 103).
cost(11, 19, 29).
cost(11, 20, 38).
cost(11, 21, 38).
cost(11, 22, 32).
cost(12, 1, 49).
cost(12, 2, 45).
cost(12, 3, 53).
cost(12, 4, 51).
cost(12, 5, 54).
cost(12, 6, 49).
cost(12, 7, 118).
cost(12, 8, 120).
cost(12, 9, 115).
cost(12, 10, 120).
cost(12, 11, 11).
cost(12, 13, 13).
cost(12, 14, 23).
cost(12, 15, 114).
cost(12, 16, 112).
cost(12, 17, 102).
cost(12, 18, 114).
cost(12, 19, 40).
cost(12, 20, 50).
cost(12, 21, 49).
cost(12, 22, 44).
cost(13, 1, 40).
cost(13, 2, 36).
cost(13, 3, 42).
cost(13, 4, 40).
cost(13, 5, 45).
cost(13, 6, 39).
cost(13, 7, 106).
cost(13, 8, 108).
cost(13, 9, 103).
cost(13, 10, 108).
cost(13, 11, 1).
cost(13, 12, 13).
cost(13, 14, 13).
cost(13, 15, 102).
cost(13, 16, 99).
cost(13, 17, 89).
cost(13, 18, 102).
cost(13, 19, 27).
cost(13, 20, 37).
cost(13, 21, 37).
cost(13, 22, 31).
cost(14, 1, 45).
cost(14, 2, 42).
cost(14, 3, 45).
cost(14, 4, 41).
cost(14, 5, 50).
cost(14, 6, 42).
cost(14, 7, 104).
cost(14, 8, 106).
cost(14, 9, 102).
cost(14, 10, 106).
cost(14, 11, 13).
cost(14, 12, 23).
cost(14, 13, 13).
cost(14, 15, 97).
cost(14, 16, 95).
cost(14, 17, 84).
cost(14, 18, 96).
cost(14, 19, 22).
cost(14, 20, 31).
cost(14, 21, 32).
cost(14, 22, 26).
cost(15, 1, 78).
cost(15, 2, 81).
cost(15, 3, 67).
cost(15, 4, 68).
cost(15, 5, 74).
cost(15, 6, 72).
cost(15, 7, 28).
cost(15, 8, 23).
cost(15, 9, 30).
cost(15, 10, 26).
cost(15, 11, 103).
cost(15, 12, 114).
cost(15, 13, 102).
cost(15, 14, 97).
cost(15, 16, 6).
cost(15, 17, 14).
cost(15, 18, 5).
cost(15, 19, 75).
cost(15, 20, 66).
cost(15, 21, 65).
cost(15, 22, 71).
cost(16, 1, 73).
cost(16, 2, 77).
cost(16, 3, 63).
cost(16, 4, 64).
cost(16, 5, 70).
cost(16, 6, 68).
cost(16, 7, 23).
cost(16, 8, 19).
cost(16, 9, 25).
cost(16, 10, 22).
cost(16, 11, 101).
cost(16, 12, 112).
cost(16, 13, 99).
cost(16, 14, 95).
cost(16, 15, 6).
cost(16, 17, 15).
cost(16, 18, 11).
cost(16, 19, 73).
cost(16, 20, 64).
cost(16, 21, 63).
cost(16, 22, 69).
cost(17, 1, 69).
cost(17, 2, 72).
cost(17, 3, 58).
cost(17, 4, 58).
cost(17, 5, 66).
cost(17, 6, 62).
cost(17, 7, 37).
cost(17, 8, 34).
cost(17, 9, 38).
cost(17, 10, 36).
cost(17, 11, 91).
cost(17, 12, 102).
cost(17, 13, 89).
cost(17, 14, 84).
cost(17, 15, 14).
cost(17, 16, 15).
cost(17, 18, 12).
cost(17, 19, 63).
cost(17, 20, 53).
cost(17, 21, 53).
cost(17, 22, 59).
cost(18, 1, 79).
cost(18, 2, 83).
cost(18, 3, 69).
cost(18, 4, 69).
cost(18, 5, 76).
cost(18, 6, 73).
cost(18, 7, 33).
cost(18, 8, 29).
cost(18, 9, 35).
cost(18, 10, 31).
cost(18, 11, 103).
cost(18, 12, 114).
cost(18, 13, 102).
cost(18, 14, 96).
cost(18, 15, 5).
cost(18, 16, 11).
cost(18, 17, 12).
cost(18, 19, 75).
cost(18, 20, 65).
cost(18, 21, 65).
cost(18, 22, 71).
cost(19, 1, 33).
cost(19, 2, 32).
cost(19, 3, 28).
cost(19, 4, 24).
cost(19, 5, 36).
cost(19, 6, 27).
cost(19, 7, 83).
cost(19, 8, 84).
cost(19, 9, 80).
cost(19, 10, 85).
cost(19, 11, 29).
cost(19, 12, 40).
cost(19, 13, 27).
cost(19, 14, 22).
cost(19, 15, 75).
cost(19, 16, 73).
cost(19, 17, 63).
cost(19, 18, 75).
cost(19, 20, 10).
cost(19, 21, 10).
cost(19, 22, 4).
cost(20, 1, 34).
cost(20, 2, 34).
cost(20, 3, 26).
cost(20, 4, 22).
cost(20, 5, 35).
cost(20, 6, 27).
cost(20, 7, 74).
cost(20, 8, 75).
cost(20, 9, 72).
cost(20, 10, 76).
cost(20, 11, 38).
cost(20, 12, 50).
cost(20, 13, 37).
cost(20, 14, 31).
cost(20, 15, 66).
cost(20, 16, 64).
cost(20, 17, 53).
cost(20, 18, 65).
cost(20, 19, 10).
cost(20, 21, 2).
cost(20, 22, 6).
cost(21, 1, 32).
cost(21, 2, 32).
cost(21, 3, 24).
cost(21, 4, 20).
cost(21, 5, 33).
cost(21, 6, 25).
cost(21, 7, 73).
cost(21, 8, 74).
cost(21, 9, 71).
cost(21, 10, 75).
cost(21, 11, 38).
cost(21, 12, 49).
cost(21, 13, 37).
cost(21, 14, 32).
cost(21, 15, 65).
cost(21, 16, 63).
cost(21, 17, 53).
cost(21, 18, 65).
cost(21, 19, 10).
cost(21, 20, 2).
cost(21, 22, 6).
cost(22, 1, 32).
cost(22, 2, 31).
cost(22, 3, 26).
cost(22, 4, 22).
cost(22, 5, 34).
cost(22, 6, 25).
cost(22, 7, 79).
cost(22, 8, 80).
cost(22, 9, 76).
cost(22, 10, 81).
cost(22, 11, 32).
cost(22, 12, 44).
cost(22, 13, 31).
cost(22, 14, 26).
cost(22, 15, 71).
cost(22, 16, 69).
cost(22, 17, 59).
cost(22, 18, 71).
cost(22, 19, 4).
cost(22, 20, 6).
cost(22, 21, 6).
nocross(1,2).
nocross(1,4).
nocross(1,5).
nocross(1,6).
nocross(1,8).
nocross(1,12).
nocross(1,14).
nocross(1,19).
nocross(1,20).
nocross(1,21).
nocross(1,22).
nocross(2,1).
nocross(2,3).
nocross(2,4).
nocross(2,5).
nocross(2,6).
nocross(2,8).
nocross(2,11).
nocross(2,12).
nocross(2,13).
nocross(2,14).
nocross(2,19).
nocross(2,20).
nocross(2,21).
nocross(2,22).
nocross(3,1).
nocross(3,4).
nocross(3,6).
nocross(3,8).
nocross(3,9).
nocross(3,12).
nocross(3,14).
nocross(3,16).
nocross(3,19).
nocross(3,20).
nocross(3,21).
nocross(3,22).
nocross(4,1).
nocross(4,2).
nocross(4,3).
nocross(4,6).
nocross(4,8).
nocross(4,10).
nocross(4,12).
nocross(4,14).
nocross(4,19).
nocross(4,20).
nocross(4,21).
nocross(4,22).
nocross(5,1).
nocross(5,3).
nocross(5,4).
nocross(5,6).
nocross(5,8).
nocross(5,12).
nocross(5,14).
nocross(5,19).
nocross(5,20).
nocross(5,21).
nocross(6,3).
nocross(6,5).
nocross(6,8).
nocross(6,10).
nocross(6,12).
nocross(6,14).
nocross(6,19).
nocross(6,20).
nocross(6,21).
nocross(7,8).
nocross(7,10).
nocross(7,15).
nocross(7,16).
nocross(7,18).
nocross(8,7).
nocross(8,10).
nocross(8,15).
nocross(8,16).
nocross(8,18).
nocross(9,3).
nocross(9,4).
nocross(9,8).
nocross(9,10).
nocross(9,15).
nocross(9,16).
nocross(10,7).
nocross(10,8).
nocross(10,15).
nocross(10,16).
nocross(10,18).
nocross(11,2).
nocross(11,3).
nocross(11,4).
nocross(11,6).
nocross(11,12).
nocross(11,14).
nocross(11,19).
nocross(11,20).
nocross(11,21).
nocross(11,22).
nocross(12,2).
nocross(12,3).
nocross(12,4).
nocross(12,5).
nocross(12,11).
nocross(12,13).
nocross(12,14).
nocross(12,19).
nocross(12,20).
nocross(12,22).
nocross(13,2).
nocross(13,3).
nocross(13,4).
nocross(13,6).
nocross(13,19).
nocross(13,20).
nocross(13,21).
nocross(14,2).
nocross(14,3).
nocross(14,4).
nocross(14,6).
nocross(14,8).
nocross(14,11).
nocross(14,12).
nocross(14,13).
nocross(14,19).
nocross(14,20).
nocross(14,22).
nocross(15,7).
nocross(15,8).
nocross(15,9).
nocross(15,10).
nocross(15,16).
nocross(15,18).
nocross(15,20).
nocross(16,3).
nocross(16,4).
nocross(16,7).
nocross(16,8).
nocross(16,9).
nocross(16,10).
nocross(16,17).
nocross(16,18).
nocross(16,20).
nocross(17,3).
nocross(17,4).
nocross(17,6).
nocross(17,7).
nocross(17,8).
nocross(17,9).
nocross(17,10).
nocross(17,15).
nocross(17,16).
nocross(17,18).
nocross(17,20).
nocross(17,21).
nocross(17,22).
nocross(18,7).
nocross(18,8).
nocross(18,9).
nocross(18,10).
nocross(18,15).
nocross(18,16).
nocross(18,17).
nocross(18,20).
nocross(19,1).
nocross(19,2).
nocross(19,4).
nocross(19,5).
nocross(19,6).
nocross(19,8).
nocross(19,11).
nocross(19,12).
nocross(19,13).
nocross(19,14).
nocross(19,20).
nocross(19,21).
nocross(20,3).
nocross(20,4).
nocross(20,6).
nocross(20,8).
nocross(20,12).
nocross(20,13).
nocross(20,14).
nocross(20,16).
nocross(20,17).
nocross(20,19).
nocross(20,21).
nocross(20,22).
nocross(21,2).
nocross(21,3).
nocross(21,4).
nocross(21,6).
nocross(21,8).
nocross(21,12).
nocross(21,14).
nocross(21,16).
nocross(21,17).
nocross(21,19).
nocross(21,20).
nocross(21,22).
nocross(22,1).
nocross(22,2).
nocross(22,3).
nocross(22,4).
nocross(22,5).
nocross(22,6).
nocross(22,8).
nocross(22,11).
nocross(22,12).
nocross(22,13).
nocross(22,14).
nocross(22,19).
nocross(22,20).
nocross(22,21).
