dimension(28).
point(1, 68.1593760851, 41.3577421823).
point(2, 22.1488870478, 40.9533824839).
point(3, 30.8521610712, 31.5729581113).
point(4, 10.9733024599, 26.8396803586).
point(5, 86.6698994738, 86.6154173527).
point(6, 6.0282164343, 45.4946207493).
point(7, 59.6765710997, 62.2644186239).
point(8, 46.6216129477, 6.610376532).
point(9, 81.804128956, 52.0865663057).
point(10, 7.3832841055, 6.3731438048).
point(11, 69.3552578013, 73.335752595).
point(12, 56.0962071098, 4.3042287634).
point(13, 83.0284092462, 64.0187397594).
point(14, 43.2996259077, 19.1644803343).
point(15, 54.8953946207, 90.1582521783).
point(16, 44.1999677811, 64.1377262694).
point(17, 44.6556052977, 68.5327123575).
point(18, 59.3466458756, 84.0490787147).
point(19, 57.5756577747, 12.1739076696).
point(20, 67.208934291, 38.2226915242).
point(21, 16.0617979231, 42.736850525).
point(22, 55.2356565034, 67.7601707024).
point(23, 67.3983083517, 61.6589221765).
point(24, 39.0269856699, 28.5522560367).
point(25, 10.3554808127, 8.1148628134).
point(26, 61.8340974805, 98.3426380459).
point(27, 5.2710506099, 2.2413076243).
point(28, 34.3378387218, 30.0945355726).
cost(1, 2, 46).
cost(1, 3, 39).
cost(1, 4, 59).
cost(1, 5, 49).
cost(1, 6, 62).
cost(1, 7, 23).
cost(1, 8, 41).
cost(1, 9, 17).
cost(1, 10, 70).
cost(1, 11, 32).
cost(1, 12, 39).
cost(1, 13, 27).
cost(1, 14, 33).
cost(1, 15, 51).
cost(1, 16, 33).
cost(1, 17, 36).
cost(1, 18, 44).
cost(1, 19, 31).
cost(1, 20, 3).
cost(1, 21, 52).
cost(1, 22, 29).
cost(1, 23, 20).
cost(1, 24, 32).
cost(1, 25, 67).
cost(1, 26, 57).
cost(1, 27, 74).
cost(1, 28, 36).
cost(2, 1, 46).
cost(2, 3, 13).
cost(2, 4, 18).
cost(2, 5, 79).
cost(2, 6, 17).
cost(2, 7, 43).
cost(2, 8, 42).
cost(2, 9, 61).
cost(2, 10, 38).
cost(2, 11, 57).
cost(2, 12, 50).
cost(2, 13, 65).
cost(2, 14, 30).
cost(2, 15, 59).
cost(2, 16, 32).
cost(2, 17, 36).
cost(2, 18, 57).
cost(2, 19, 46).
cost(2, 20, 45).
cost(2, 21, 6).
cost(2, 22, 43).
cost(2, 23, 50).
cost(2, 24, 21).
cost(2, 25, 35).
cost(2, 26, 70).
cost(2, 27, 42).
cost(2, 28, 16).
cost(3, 1, 39).
cost(3, 2, 13).
cost(3, 4, 20).
cost(3, 5, 78).
cost(3, 6, 28).
cost(3, 7, 42).
cost(3, 8, 30).
cost(3, 9, 55).
cost(3, 10, 34).
cost(3, 11, 57).
cost(3, 12, 37).
cost(3, 13, 61).
cost(3, 14, 18).
cost(3, 15, 63).
cost(3, 16, 35).
cost(3, 17, 39).
cost(3, 18, 60).
cost(3, 19, 33).
cost(3, 20, 37).
cost(3, 21, 19).
cost(3, 22, 44).
cost(3, 23, 47).
cost(3, 24, 9).
cost(3, 25, 31).
cost(3, 26, 74).
cost(3, 27, 39).
cost(3, 28, 4).
cost(4, 1, 59).
cost(4, 2, 18).
cost(4, 3, 20).
cost(4, 5, 96).
cost(4, 6, 19).
cost(4, 7, 60).
cost(4, 8, 41).
cost(4, 9, 75).
cost(4, 10, 21).
cost(4, 11, 75).
cost(4, 12, 50).
cost(4, 13, 81).
cost(4, 14, 33).
cost(4, 15, 77).
cost(4, 16, 50).
cost(4, 17, 54).
cost(4, 18, 75).
cost(4, 19, 49).
cost(4, 20, 57).
cost(4, 21, 17).
cost(4, 22, 60).
cost(4, 23, 66).
cost(4, 24, 28).
cost(4, 25, 19).
cost(4, 26, 88).
cost(4, 27, 25).
cost(4, 28, 24).
cost(5, 1, 49).
cost(5, 2, 79).
cost(5, 3, 78).
cost(5, 4, 96).
cost(5, 6, 91).
cost(5, 7, 36).
cost(5, 8, 89).
cost(5, 9, 35).
cost(5, 10, 113).
cost(5, 11, 22).
cost(5, 12, 88).
cost(5, 13, 23).
cost(5, 14, 80).
cost(5, 15, 32).
cost(5, 16, 48).
cost(5, 17, 46).
cost(5, 18, 27).
cost(5, 19, 80).
cost(5, 20, 52).
cost(5, 21, 83).
cost(5, 22, 37).
cost(5, 23, 32).
cost(5, 24, 75).
cost(5, 25, 109).
cost(5, 26, 27).
cost(5, 27, 117).
cost(5, 28, 77).
cost(6, 1, 62).
cost(6, 2, 17).
cost(6, 3, 28).
cost(6, 4, 19).
cost(6, 5, 91).
cost(6, 7, 56).
cost(6, 8, 56).
cost(6, 9, 76).
cost(6, 10, 39).
cost(6, 11, 69).
cost(6, 12, 65).
cost(6, 13, 79).
cost(6, 14, 46).
cost(6, 15, 66).
cost(6, 16, 42).
cost(6, 17, 45).
cost(6, 18, 66).
cost(6, 19, 61).
cost(6, 20, 62).
cost(6, 21, 10).
cost(6, 22, 54).
cost(6, 23, 63).
cost(6, 24, 37).
cost(6, 25, 38).
cost(6, 26, 77).
cost(6, 27, 43).
cost(6, 28, 32).
cost(7, 1, 23).
cost(7, 2, 43).
cost(7, 3, 42).
cost(7, 4, 60).
cost(7, 5, 36).
cost(7, 6, 56).
cost(7, 8, 57).
cost(7, 9, 24).
cost(7, 10, 77).
cost(7, 11, 15).
cost(7, 12, 58).
cost(7, 13, 23).
cost(7, 14, 46).
cost(7, 15, 28).
cost(7, 16, 16).
cost(7, 17, 16).
cost(7, 18, 22).
cost(7, 19, 50).
cost(7, 20, 25).
cost(7, 21, 48).
cost(7, 22, 7).
cost(7, 23, 8).
cost(7, 24, 40).
cost(7, 25, 73).
cost(7, 26, 36).
cost(7, 27, 81).
cost(7, 28, 41).
cost(8, 1, 41).
cost(8, 2, 42).
cost(8, 3, 30).
cost(8, 4, 41).
cost(8, 5, 89).
cost(8, 6, 56).
cost(8, 7, 57).
cost(8, 9, 57).
cost(8, 10, 39).
cost(8, 11, 70).
cost(8, 12, 10).
cost(8, 13, 68).
cost(8, 14, 13).
cost(8, 15, 84).
cost(8, 16, 58).
cost(8, 17, 62).
cost(8, 18, 78).
cost(8, 19, 12).
cost(8, 20, 38).
cost(8, 21, 47).
cost(8, 22, 62).
cost(8, 23, 59).
cost(8, 24, 23).
cost(8, 25, 36).
cost(8, 26, 93).
cost(8, 27, 42).
cost(8, 28, 27).
cost(9, 1, 17).
cost(9, 2, 61).
cost(9, 3, 55).
cost(9, 4, 75).
cost(9, 5, 35).
cost(9, 6, 76).
cost(9, 7, 24).
cost(9, 8, 57).
cost(9, 10, 87).
cost(9, 11, 25).
cost(9, 12, 54).
cost(9, 13, 12).
cost(9, 14, 51).
cost(9, 15, 47).
cost(9, 16, 39).
cost(9, 17, 41).
cost(9, 18, 39).
cost(9, 19, 47).
cost(9, 20, 20).
cost(9, 21, 66).
cost(9, 22, 31).
cost(9, 23, 17).
cost(9, 24, 49).
cost(9, 25, 84).
cost(9, 26, 50).
cost(9, 27, 91).
cost(9, 28, 52).
cost(10, 1, 70).
cost(10, 2, 38).
cost(10, 3, 34).
cost(10, 4, 21).
cost(10, 5, 113).
cost(10, 6, 39).
cost(10, 7, 77).
cost(10, 8, 39).
cost(10, 9, 87).
cost(10, 11, 91).
cost(10, 12, 49).
cost(10, 13, 95).
cost(10, 14, 38).
cost(10, 15, 96).
cost(10, 16, 68).
cost(10, 17, 72).
cost(10, 18, 93).
cost(10, 19, 51).
cost(10, 20, 68).
cost(10, 21, 37).
cost(10, 22, 78).
cost(10, 23, 82).
cost(10, 24, 39).
cost(10, 25, 3).
cost(10, 26, 107).
cost(10, 27, 5).
cost(10, 28, 36).
cost(11, 1, 32).
cost(11, 2, 57).
cost(11, 3, 57).
cost(11, 4, 75).
cost(11, 5, 22).
cost(11, 6, 69).
cost(11, 7, 15).
cost(11, 8, 70).
cost(11, 9, 25).
cost(11, 10, 91).
cost(11, 12, 70).
cost(11, 13, 17).
cost(11, 14, 60).
cost(11, 15, 22).
cost(11, 16, 27).
cost(11, 17, 25).
cost(11, 18, 15).
cost(11, 19, 62).
cost(11, 20, 35).
cost(11, 21, 61).
cost(11, 22, 15).
cost(11, 23, 12).
cost(11, 24, 54).
cost(11, 25, 88).
cost(11, 26, 26).
cost(11, 27, 96).
cost(11, 28, 56).
cost(12, 1, 39).
cost(12, 2, 50).
cost(12, 3, 37).
cost(12, 4, 50).
cost(12, 5, 88).
cost(12, 6, 65).
cost(12, 7, 58).
cost(12, 8, 10).
cost(12, 9, 54).
cost(12, 10, 49).
cost(12, 11, 70).
cost(12, 13, 66).
cost(12, 14, 20).
cost(12, 15, 86).
cost(12, 16, 61).
cost(12, 17, 65).
cost(12, 18, 80).
cost(12, 19, 8).
cost(12, 20, 36).
cost(12, 21, 55).
cost(12, 22, 63).
cost(12, 23, 58).
cost(12, 24, 30).
cost(12, 25, 46).
cost(12, 26, 94).
cost(12, 27, 51).
cost(12, 28, 34).
cost(13, 1, 27).
cost(13, 2, 65).
cost(13, 3, 61).
cost(13, 4, 81).
cost(13, 5, 23).
cost(13, 6, 79).
cost(13, 7, 23).
cost(13, 8, 68).
cost(13, 9, 12).
cost(13, 10, 95).
cost(13, 11, 17).
cost(13, 12, 66).
cost(13, 14, 60).
cost(13, 15, 38).
cost(13, 16, 39).
cost(13, 17, 39).
cost(13, 18, 31).
cost(13, 19, 58).
cost(13, 20, 30).
cost(13, 21, 70).
cost(13, 22, 28).
cost(13, 23, 16).
cost(13, 24, 57).
cost(13, 25, 92).
cost(13, 26, 40).
cost(13, 27, 99).
cost(13, 28, 59).
cost(14, 1, 33).
cost(14, 2, 30).
cost(14, 3, 18).
cost(14, 4, 33).
cost(14, 5, 80).
cost(14, 6, 46).
cost(14, 7, 46).
cost(14, 8, 13).
cost(14, 9, 51).
cost(14, 10, 38).
cost(14, 11, 60).
cost(14, 12, 20).
cost(14, 13, 60).
cost(14, 15, 72).
cost(14, 16, 45).
cost(14, 17, 49).
cost(14, 18, 67).
cost(14, 19, 16).
cost(14, 20, 31).
cost(14, 21, 36).
cost(14, 22, 50).
cost(14, 23, 49).
cost(14, 24, 10).
cost(14, 25, 35).
cost(14, 26, 81).
cost(14, 27, 42).
cost(14, 28, 14).
cost(15, 1, 51).
cost(15, 2, 59).
cost(15, 3, 63).
cost(15, 4, 77).
cost(15, 5, 32).
cost(15, 6, 66).
cost(15, 7, 28).
cost(15, 8, 84).
cost(15, 9, 47).
cost(15, 10, 96).
cost(15, 11, 22).
cost(15, 12, 86).
cost(15, 13, 38).
cost(15, 14, 72).
cost(15, 16, 28).
cost(15, 17, 24).
cost(15, 18, 8).
cost(15, 19, 78).
cost(15, 20, 53).
cost(15, 21, 61).
cost(15, 22, 22).
cost(15, 23, 31).
cost(15, 24, 64).
cost(15, 25, 93).
cost(15, 26, 11).
cost(15, 27, 101).
cost(15, 28, 63).
cost(16, 1, 33).
cost(16, 2, 32).
cost(16, 3, 35).
cost(16, 4, 50).
cost(16, 5, 48).
cost(16, 6, 42).
cost(16, 7, 16).
cost(16, 8, 58).
cost(16, 9, 39).
cost(16, 10, 68).
cost(16, 11, 27).
cost(16, 12, 61).
cost(16, 13, 39).
cost(16, 14, 45).
cost(16, 15, 28).
cost(16, 17, 4).
cost(16, 18, 25).
cost(16, 19, 54).
cost(16, 20, 35).
cost(16, 21, 35).
cost(16, 22, 12).
cost(16, 23, 23).
cost(16, 24, 36).
cost(16, 25, 65).
cost(16, 26, 38).
cost(16, 27, 73).
cost(16, 28, 35).
cost(17, 1, 36).
cost(17, 2, 36).
cost(17, 3, 39).
cost(17, 4, 54).
cost(17, 5, 46).
cost(17, 6, 45).
cost(17, 7, 16).
cost(17, 8, 62).
cost(17, 9, 41).
cost(17, 10, 72).
cost(17, 11, 25).
cost(17, 12, 65).
cost(17, 13, 39).
cost(17, 14, 49).
cost(17, 15, 24).
cost(17, 16, 4).
cost(17, 18, 21).
cost(17, 19, 58).
cost(17, 20, 38).
cost(17, 21, 39).
cost(17, 22, 11).
cost(17, 23, 24).
cost(17, 24, 40).
cost(17, 25, 69).
cost(17, 26, 34).
cost(17, 27, 77).
cost(17, 28, 40).
cost(18, 1, 44).
cost(18, 2, 57).
cost(18, 3, 60).
cost(18, 4, 75).
cost(18, 5, 27).
cost(18, 6, 66).
cost(18, 7, 22).
cost(18, 8, 78).
cost(18, 9, 39).
cost(18, 10, 93).
cost(18, 11, 15).
cost(18, 12, 80).
cost(18, 13, 31).
cost(18, 14, 67).
cost(18, 15, 8).
cost(18, 16, 25).
cost(18, 17, 21).
cost(18, 19, 72).
cost(18, 20, 46).
cost(18, 21, 60).
cost(18, 22, 17).
cost(18, 23, 24).
cost(18, 24, 59).
cost(18, 25, 90).
cost(18, 26, 15).
cost(18, 27, 98).
cost(18, 28, 59).
cost(19, 1, 31).
cost(19, 2, 46).
cost(19, 3, 33).
cost(19, 4, 49).
cost(19, 5, 80).
cost(19, 6, 61).
cost(19, 7, 50).
cost(19, 8, 12).
cost(19, 9, 47).
cost(19, 10, 51).
cost(19, 11, 62).
cost(19, 12, 8).
cost(19, 13, 58).
cost(19, 14, 16).
cost(19, 15, 78).
cost(19, 16, 54).
cost(19, 17, 58).
cost(19, 18, 72).
cost(19, 20, 28).
cost(19, 21, 52).
cost(19, 22, 56).
cost(19, 23, 50).
cost(19, 24, 25).
cost(19, 25, 47).
cost(19, 26, 86).
cost(19, 27, 53).
cost(19, 28, 29).
cost(20, 1, 3).
cost(20, 2, 45).
cost(20, 3, 37).
cost(20, 4, 57).
cost(20, 5, 52).
cost(20, 6, 62).
cost(20, 7, 25).
cost(20, 8, 38).
cost(20, 9, 20).
cost(20, 10, 68).
cost(20, 11, 35).
cost(20, 12, 36).
cost(20, 13, 30).
cost(20, 14, 31).
cost(20, 15, 53).
cost(20, 16, 35).
cost(20, 17, 38).
cost(20, 18, 46).
cost(20, 19, 28).
cost(20, 21, 51).
cost(20, 22, 32).
cost(20, 23, 23).
cost(20, 24, 30).
cost(20, 25, 64).
cost(20, 26, 60).
cost(20, 27, 72).
cost(20, 28, 34).
cost(21, 1, 52).
cost(21, 2, 6).
cost(21, 3, 19).
cost(21, 4, 17).
cost(21, 5, 83).
cost(21, 6, 10).
cost(21, 7, 48).
cost(21, 8, 47).
cost(21, 9, 66).
cost(21, 10, 37).
cost(21, 11, 61).
cost(21, 12, 55).
cost(21, 13, 70).
cost(21, 14, 36).
cost(21, 15, 61).
cost(21, 16, 35).
cost(21, 17, 39).
cost(21, 18, 60).
cost(21, 19, 52).
cost(21, 20, 51).
cost(21, 22, 46).
cost(21, 23, 55).
cost(21, 24, 27).
cost(21, 25, 35).
cost(21, 26, 72).
cost(21, 27, 42).
cost(21, 28, 22).
cost(22, 1, 29).
cost(22, 2, 43).
cost(22, 3, 44).
cost(22, 4, 60).
cost(22, 5, 37).
cost(22, 6, 54).
cost(22, 7, 7).
cost(22, 8, 62).
cost(22, 9, 31).
cost(22, 10, 78).
cost(22, 11, 15).
cost(22, 12, 63).
cost(22, 13, 28).
cost(22, 14, 50).
cost(22, 15, 22).
cost(22, 16, 12).
cost(22, 17, 11).
cost(22, 18, 17).
cost(22, 19, 56).
cost(22, 20, 32).
cost(22, 21, 46).
cost(22, 23, 14).
cost(22, 24, 42).
cost(22, 25, 75).
cost(22, 26, 31).
cost(22, 27, 82).
cost(22, 28, 43).
cost(23, 1, 20).
cost(23, 2, 50).
cost(23, 3, 47).
cost(23, 4, 66).
cost(23, 5, 32).
cost(23, 6, 63).
cost(23, 7, 8).
cost(23, 8, 59).
cost(23, 9, 17).
cost(23, 10, 82).
cost(23, 11, 12).
cost(23, 12, 58).
cost(23, 13, 16).
cost(23, 14, 49).
cost(23, 15, 31).
cost(23, 16, 23).
cost(23, 17, 24).
cost(23, 18, 24).
cost(23, 19, 50).
cost(23, 20, 23).
cost(23, 21, 55).
cost(23, 22, 14).
cost(23, 24, 44).
cost(23, 25, 78).
cost(23, 26, 37).
cost(23, 27, 86).
cost(23, 28, 46).
cost(24, 1, 32).
cost(24, 2, 21).
cost(24, 3, 9).
cost(24, 4, 28).
cost(24, 5, 75).
cost(24, 6, 37).
cost(24, 7, 40).
cost(24, 8, 23).
cost(24, 9, 49).
cost(24, 10, 39).
cost(24, 11, 54).
cost(24, 12, 30).
cost(24, 13, 57).
cost(24, 14, 10).
cost(24, 15, 64).
cost(24, 16, 36).
cost(24, 17, 40).
cost(24, 18, 59).
cost(24, 19, 25).
cost(24, 20, 30).
cost(24, 21, 27).
cost(24, 22, 42).
cost(24, 23, 44).
cost(24, 25, 35).
cost(24, 26, 73).
cost(24, 27, 43).
cost(24, 28, 5).
cost(25, 1, 67).
cost(25, 2, 35).
cost(25, 3, 31).
cost(25, 4, 19).
cost(25, 5, 109).
cost(25, 6, 38).
cost(25, 7, 73).
cost(25, 8, 36).
cost(25, 9, 84).
cost(25, 10, 3).
cost(25, 11, 88).
cost(25, 12, 46).
cost(25, 13, 92).
cost(25, 14, 35).
cost(25, 15, 93).
cost(25, 16, 65).
cost(25, 17, 69).
cost(25, 18, 90).
cost(25, 19, 47).
cost(25, 20, 64).
cost(25, 21, 35).
cost(25, 22, 75).
cost(25, 23, 78).
cost(25, 24, 35).
cost(25, 26, 104).
cost(25, 27, 8).
cost(25, 28, 33).
cost(26, 1, 57).
cost(26, 2, 70).
cost(26, 3, 74).
cost(26, 4, 88).
cost(26, 5, 27).
cost(26, 6, 77).
cost(26, 7, 36).
cost(26, 8, 93).
cost(26, 9, 50).
cost(26, 10, 107).
cost(26, 11, 26).
cost(26, 12, 94).
cost(26, 13, 40).
cost(26, 14, 81).
cost(26, 15, 11).
cost(26, 16, 38).
cost(26, 17, 34).
cost(26, 18, 15).
cost(26, 19, 86).
cost(26, 20, 60).
cost(26, 21, 72).
cost(26, 22, 31).
cost(26, 23, 37).
cost(26, 24, 73).
cost(26, 25, 104).
cost(26, 27, 112).
cost(26, 28, 74).
cost(27, 1, 74).
cost(27, 2, 42).
cost(27, 3, 39).
cost(27, 4, 25).
cost(27, 5, 117).
cost(27, 6, 43).
cost(27, 7, 81).
cost(27, 8, 42).
cost(27, 9, 91).
cost(27, 10, 5).
cost(27, 11, 96).
cost(27, 12, 51).
cost(27, 13, 99).
cost(27, 14, 42).
cost(27, 15, 101).
cost(27, 16, 73).
cost(27, 17, 77).
cost(27, 18, 98).
cost(27, 19, 53).
cost(27, 20, 72).
cost(27, 21, 42).
cost(27, 22, 82).
cost(27, 23, 86).
cost(27, 24, 43).
cost(27, 25, 8).
cost(27, 26, 112).
cost(27, 28, 40).
cost(28, 1, 36).
cost(28, 2, 16).
cost(28, 3, 4).
cost(28, 4, 24).
cost(28, 5, 77).
cost(28, 6, 32).
cost(28, 7, 41).
cost(28, 8, 27).
cost(28, 9, 52).
cost(28, 10, 36).
cost(28, 11, 56).
cost(28, 12, 34).
cost(28, 13, 59).
cost(28, 14, 14).
cost(28, 15, 63).
cost(28, 16, 35).
cost(28, 17, 40).
cost(28, 18, 59).
cost(28, 19, 29).
cost(28, 20, 34).
cost(28, 21, 22).
cost(28, 22, 43).
cost(28, 23, 46).
cost(28, 24, 5).
cost(28, 25, 33).
cost(28, 26, 74).
cost(28, 27, 40).
nocross(1,7).
nocross(1,8).
nocross(1,9).
nocross(1,11).
nocross(1,12).
nocross(1,13).
nocross(1,14).
nocross(1,16).
nocross(1,17).
nocross(1,18).
nocross(1,19).
nocross(1,20).
nocross(1,22).
nocross(1,23).
nocross(1,24).
nocross(1,28).
nocross(2,3).
nocross(2,4).
nocross(2,6).
nocross(2,10).
nocross(2,16).
nocross(2,17).
nocross(2,21).
nocross(2,24).
nocross(2,25).
nocross(2,28).
nocross(3,1).
nocross(3,2).
nocross(3,4).
nocross(3,6).
nocross(3,8).
nocross(3,10).
nocross(3,14).
nocross(3,16).
nocross(3,17).
nocross(3,19).
nocross(3,20).
nocross(3,21).
nocross(3,24).
nocross(3,25).
nocross(3,27).
nocross(3,28).
nocross(4,2).
nocross(4,3).
nocross(4,6).
nocross(4,10).
nocross(4,21).
nocross(4,24).
nocross(4,25).
nocross(4,27).
nocross(4,28).
nocross(5,7).
nocross(5,9).
nocross(5,11).
nocross(5,13).
nocross(5,15).
nocross(5,18).
nocross(5,22).
nocross(5,23).
nocross(5,26).
nocross(6,2).
nocross(6,3).
nocross(6,4).
nocross(6,10).
nocross(6,21).
nocross(6,25).
nocross(7,1).
nocross(7,9).
nocross(7,11).
nocross(7,13).
nocross(7,15).
nocross(7,16).
nocross(7,17).
nocross(7,18).
nocross(7,20).
nocross(7,22).
nocross(7,23).
nocross(7,24).
nocross(7,26).
nocross(7,28).
nocross(8,1).
nocross(8,3).
nocross(8,10).
nocross(8,12).
nocross(8,14).
nocross(8,19).
nocross(8,20).
nocross(8,24).
nocross(8,25).
nocross(8,27).
nocross(8,28).
nocross(9,1).
nocross(9,5).
nocross(9,7).
nocross(9,11).
nocross(9,13).
nocross(9,15).
nocross(9,16).
nocross(9,17).
nocross(9,18).
nocross(9,20).
nocross(9,22).
nocross(9,23).
nocross(10,2).
nocross(10,3).
nocross(10,4).
nocross(10,21).
nocross(10,25).
nocross(10,27).
nocross(10,28).
nocross(11,1).
nocross(11,5).
nocross(11,7).
nocross(11,9).
nocross(11,13).
nocross(11,15).
nocross(11,16).
nocross(11,17).
nocross(11,18).
nocross(11,20).
nocross(11,22).
nocross(11,23).
nocross(11,26).
nocross(12,1).
nocross(12,8).
nocross(12,14).
nocross(12,19).
nocross(12,20).
nocross(12,24).
nocross(12,28).
nocross(13,1).
nocross(13,5).
nocross(13,7).
nocross(13,9).
nocross(13,11).
nocross(13,15).
nocross(13,16).
nocross(13,17).
nocross(13,18).
nocross(13,20).
nocross(13,22).
nocross(13,23).
nocross(13,26).
nocross(14,1).
nocross(14,2).
nocross(14,3).
nocross(14,7).
nocross(14,8).
nocross(14,12).
nocross(14,16).
nocross(14,19).
nocross(14,20).
nocross(14,21).
nocross(14,24).
nocross(14,25).
nocross(14,28).
nocross(15,5).
nocross(15,7).
nocross(15,11).
nocross(15,13).
nocross(15,16).
nocross(15,17).
nocross(15,18).
nocross(15,22).
nocross(15,23).
nocross(15,26).
nocross(16,1).
nocross(16,2).
nocross(16,3).
nocross(16,7).
nocross(16,11).
nocross(16,15).
nocross(16,17).
nocross(16,18).
nocross(16,20).
nocross(16,21).
nocross(16,22).
nocross(16,23).
nocross(16,24).
nocross(16,28).
nocross(17,1).
nocross(17,2).
nocross(17,3).
nocross(17,7).
nocross(17,11).
nocross(17,15).
nocross(17,16).
nocross(17,18).
nocross(17,20).
nocross(17,21).
nocross(17,22).
nocross(17,23).
nocross(17,24).
nocross(17,26).
nocross(17,28).
nocross(18,1).
nocross(18,5).
nocross(18,7).
nocross(18,9).
nocross(18,11).
nocross(18,13).
nocross(18,15).
nocross(18,16).
nocross(18,17).
nocross(18,20).
nocross(18,22).
nocross(18,23).
nocross(18,26).
nocross(19,1).
nocross(19,3).
nocross(19,8).
nocross(19,12).
nocross(19,14).
nocross(19,20).
nocross(19,24).
nocross(19,28).
nocross(20,1).
nocross(20,3).
nocross(20,7).
nocross(20,8).
nocross(20,9).
nocross(20,11).
nocross(20,12).
nocross(20,13).
nocross(20,14).
nocross(20,16).
nocross(20,17).
nocross(20,19).
nocross(20,22).
nocross(20,23).
nocross(20,24).
nocross(20,28).
nocross(21,2).
nocross(21,3).
nocross(21,4).
nocross(21,6).
nocross(21,10).
nocross(21,16).
nocross(21,17).
nocross(21,24).
nocross(21,25).
nocross(21,28).
nocross(22,1).
nocross(22,2).
nocross(22,7).
nocross(22,9).
nocross(22,11).
nocross(22,13).
nocross(22,15).
nocross(22,16).
nocross(22,17).
nocross(22,18).
nocross(22,20).
nocross(22,23).
nocross(22,26).
nocross(23,1).
nocross(23,5).
nocross(23,7).
nocross(23,9).
nocross(23,11).
nocross(23,13).
nocross(23,15).
nocross(23,16).
nocross(23,17).
nocross(23,18).
nocross(23,19).
nocross(23,20).
nocross(23,22).
nocross(23,26).
nocross(24,1).
nocross(24,2).
nocross(24,3).
nocross(24,7).
nocross(24,8).
nocross(24,10).
nocross(24,12).
nocross(24,14).
nocross(24,16).
nocross(24,17).
nocross(24,19).
nocross(24,20).
nocross(24,21).
nocross(24,25).
nocross(24,28).
nocross(25,2).
nocross(25,3).
nocross(25,4).
nocross(25,10).
nocross(25,14).
nocross(25,21).
nocross(25,24).
nocross(25,27).
nocross(25,28).
nocross(26,5).
nocross(26,11).
nocross(26,13).
nocross(26,15).
nocross(26,16).
nocross(26,17).
nocross(26,18).
nocross(26,22).
nocross(27,3).
nocross(27,4).
nocross(27,10).
nocross(27,25).
nocross(28,1).
nocross(28,2).
nocross(28,3).
nocross(28,4).
nocross(28,7).
nocross(28,8).
nocross(28,10).
nocross(28,12).
nocross(28,14).
nocross(28,16).
nocross(28,17).
nocross(28,19).
nocross(28,20).
nocross(28,21).
nocross(28,24).
nocross(28,25).
