dimension(28).
point(1, 18.5692079011, 53.2749182855).
point(2, 78.7673177903, 52.8817832586).
point(3, 85.4815527046, 28.6778744789).
point(4, 32.1769061985, 82.7374132533).
point(5, 24.0823663281, 81.1774800621).
point(6, 17.2039070955, 75.5570935217).
point(7, 22.9901435106, 65.4794789092).
point(8, 55.8140629371, 82.9705979527).
point(9, 16.989053425, 69.377706265).
point(10, 17.0973528568, 76.9063749458).
point(11, 53.8772560889, 35.0473465448).
point(12, 79.4110706783, 36.6161606724).
point(13, 38.5132332866, 58.7583108676).
point(14, 39.7344602434, 56.279066088).
point(15, 35.0291838332, 82.8208056452).
point(16, 52.3706166159, 22.8604006193).
point(17, 45.0328473043, 78.0634413288).
point(18, 63.9547074283, 15.5080750464).
point(19, 66.8906309057, 35.6217125852).
point(20, 36.5437368074, 12.6607856907).
point(21, 43.7204342875, 21.6923179641).
point(22, 75.3813515081, 58.0162294702).
point(23, 24.771458006, 52.4545244363).
point(24, 72.1251989826, 35.4012866216).
point(25, 40.7308172157, 36.2444918254).
point(26, 42.6800080493, 30.1126103724).
point(27, 56.6750058237, 46.3100668396).
point(28, 29.238524838, 83.8812768777).
cost(1, 2, 60).
cost(1, 3, 71).
cost(1, 4, 32).
cost(1, 5, 28).
cost(1, 6, 22).
cost(1, 7, 13).
cost(1, 8, 48).
cost(1, 9, 16).
cost(1, 10, 24).
cost(1, 11, 40).
cost(1, 12, 63).
cost(1, 13, 21).
cost(1, 14, 21).
cost(1, 15, 34).
cost(1, 16, 45).
cost(1, 17, 36).
cost(1, 18, 59).
cost(1, 19, 51).
cost(1, 20, 44).
cost(1, 21, 40).
cost(1, 22, 57).
cost(1, 23, 6).
cost(1, 24, 56).
cost(1, 25, 28).
cost(1, 26, 33).
cost(1, 27, 39).
cost(1, 28, 32).
cost(2, 1, 60).
cost(2, 3, 25).
cost(2, 4, 55).
cost(2, 5, 62).
cost(2, 6, 66).
cost(2, 7, 57).
cost(2, 8, 38).
cost(2, 9, 64).
cost(2, 10, 66).
cost(2, 11, 31).
cost(2, 12, 16).
cost(2, 13, 41).
cost(2, 14, 39).
cost(2, 15, 53).
cost(2, 16, 40).
cost(2, 17, 42).
cost(2, 18, 40).
cost(2, 19, 21).
cost(2, 20, 58).
cost(2, 21, 47).
cost(2, 22, 6).
cost(2, 23, 54).
cost(2, 24, 19).
cost(2, 25, 42).
cost(2, 26, 43).
cost(2, 27, 23).
cost(2, 28, 58).
cost(3, 1, 71).
cost(3, 2, 25).
cost(3, 4, 76).
cost(3, 5, 81).
cost(3, 6, 83).
cost(3, 7, 73).
cost(3, 8, 62).
cost(3, 9, 80).
cost(3, 10, 84).
cost(3, 11, 32).
cost(3, 12, 10).
cost(3, 13, 56).
cost(3, 14, 53).
cost(3, 15, 74).
cost(3, 16, 34).
cost(3, 17, 64).
cost(3, 18, 25).
cost(3, 19, 20).
cost(3, 20, 51).
cost(3, 21, 42).
cost(3, 22, 31).
cost(3, 23, 65).
cost(3, 24, 15).
cost(3, 25, 45).
cost(3, 26, 43).
cost(3, 27, 34).
cost(3, 28, 79).
cost(4, 1, 32).
cost(4, 2, 55).
cost(4, 3, 76).
cost(4, 5, 8).
cost(4, 6, 17).
cost(4, 7, 20).
cost(4, 8, 24).
cost(4, 9, 20).
cost(4, 10, 16).
cost(4, 11, 52).
cost(4, 12, 66).
cost(4, 13, 25).
cost(4, 14, 28).
cost(4, 15, 3).
cost(4, 16, 63).
cost(4, 17, 14).
cost(4, 18, 74).
cost(4, 19, 59).
cost(4, 20, 70).
cost(4, 21, 62).
cost(4, 22, 50).
cost(4, 23, 31).
cost(4, 24, 62).
cost(4, 25, 47).
cost(4, 26, 54).
cost(4, 27, 44).
cost(4, 28, 3).
cost(5, 1, 28).
cost(5, 2, 62).
cost(5, 3, 81).
cost(5, 4, 8).
cost(5, 6, 9).
cost(5, 7, 16).
cost(5, 8, 32).
cost(5, 9, 14).
cost(5, 10, 8).
cost(5, 11, 55).
cost(5, 12, 71).
cost(5, 13, 27).
cost(5, 14, 29).
cost(5, 15, 11).
cost(5, 16, 65).
cost(5, 17, 21).
cost(5, 18, 77).
cost(5, 19, 63).
cost(5, 20, 70).
cost(5, 21, 63).
cost(5, 22, 56).
cost(5, 23, 29).
cost(5, 24, 66).
cost(5, 25, 48).
cost(5, 26, 54).
cost(5, 27, 48).
cost(5, 28, 6).
cost(6, 1, 22).
cost(6, 2, 66).
cost(6, 3, 83).
cost(6, 4, 17).
cost(6, 5, 9).
cost(6, 7, 12).
cost(6, 8, 39).
cost(6, 9, 6).
cost(6, 10, 1).
cost(6, 11, 55).
cost(6, 12, 73).
cost(6, 13, 27).
cost(6, 14, 30).
cost(6, 15, 19).
cost(6, 16, 63).
cost(6, 17, 28).
cost(6, 18, 76).
cost(6, 19, 64).
cost(6, 20, 66).
cost(6, 21, 60).
cost(6, 22, 61).
cost(6, 23, 24).
cost(6, 24, 68).
cost(6, 25, 46).
cost(6, 26, 52).
cost(6, 27, 49).
cost(6, 28, 15).
cost(7, 1, 13).
cost(7, 2, 57).
cost(7, 3, 73).
cost(7, 4, 20).
cost(7, 5, 16).
cost(7, 6, 12).
cost(7, 8, 37).
cost(7, 9, 7).
cost(7, 10, 13).
cost(7, 11, 43).
cost(7, 12, 63).
cost(7, 13, 17).
cost(7, 14, 19).
cost(7, 15, 21).
cost(7, 16, 52).
cost(7, 17, 25).
cost(7, 18, 65).
cost(7, 19, 53).
cost(7, 20, 55).
cost(7, 21, 48).
cost(7, 22, 53).
cost(7, 23, 13).
cost(7, 24, 58).
cost(7, 25, 34).
cost(7, 26, 40).
cost(7, 27, 39).
cost(7, 28, 19).
cost(8, 1, 48).
cost(8, 2, 38).
cost(8, 3, 62).
cost(8, 4, 24).
cost(8, 5, 32).
cost(8, 6, 39).
cost(8, 7, 37).
cost(8, 9, 41).
cost(8, 10, 39).
cost(8, 11, 48).
cost(8, 12, 52).
cost(8, 13, 30).
cost(8, 14, 31).
cost(8, 15, 21).
cost(8, 16, 60).
cost(8, 17, 12).
cost(8, 18, 68).
cost(8, 19, 49).
cost(8, 20, 73).
cost(8, 21, 62).
cost(8, 22, 32).
cost(8, 23, 44).
cost(8, 24, 50).
cost(8, 25, 49).
cost(8, 26, 54).
cost(8, 27, 37).
cost(8, 28, 27).
cost(9, 1, 16).
cost(9, 2, 64).
cost(9, 3, 80).
cost(9, 4, 20).
cost(9, 5, 14).
cost(9, 6, 6).
cost(9, 7, 7).
cost(9, 8, 41).
cost(9, 10, 8).
cost(9, 11, 50).
cost(9, 12, 70).
cost(9, 13, 24).
cost(9, 14, 26).
cost(9, 15, 22).
cost(9, 16, 58).
cost(9, 17, 29).
cost(9, 18, 71).
cost(9, 19, 60).
cost(9, 20, 60).
cost(9, 21, 55).
cost(9, 22, 59).
cost(9, 23, 19).
cost(9, 24, 65).
cost(9, 25, 41).
cost(9, 26, 47).
cost(9, 27, 46).
cost(9, 28, 19).
cost(10, 1, 24).
cost(10, 2, 66).
cost(10, 3, 84).
cost(10, 4, 16).
cost(10, 5, 8).
cost(10, 6, 1).
cost(10, 7, 13).
cost(10, 8, 39).
cost(10, 9, 8).
cost(10, 11, 56).
cost(10, 12, 74).
cost(10, 13, 28).
cost(10, 14, 31).
cost(10, 15, 19).
cost(10, 16, 65).
cost(10, 17, 28).
cost(10, 18, 77).
cost(10, 19, 65).
cost(10, 20, 67).
cost(10, 21, 61).
cost(10, 22, 61).
cost(10, 23, 26).
cost(10, 24, 69).
cost(10, 25, 47).
cost(10, 26, 53).
cost(10, 27, 50).
cost(10, 28, 14).
cost(11, 1, 40).
cost(11, 2, 31).
cost(11, 3, 32).
cost(11, 4, 52).
cost(11, 5, 55).
cost(11, 6, 55).
cost(11, 7, 43).
cost(11, 8, 48).
cost(11, 9, 50).
cost(11, 10, 56).
cost(11, 12, 26).
cost(11, 13, 28).
cost(11, 14, 26).
cost(11, 15, 51).
cost(11, 16, 12).
cost(11, 17, 44).
cost(11, 18, 22).
cost(11, 19, 13).
cost(11, 20, 28).
cost(11, 21, 17).
cost(11, 22, 31).
cost(11, 23, 34).
cost(11, 24, 18).
cost(11, 25, 13).
cost(11, 26, 12).
cost(11, 27, 12).
cost(11, 28, 55).
cost(12, 1, 63).
cost(12, 2, 16).
cost(12, 3, 10).
cost(12, 4, 66).
cost(12, 5, 71).
cost(12, 6, 73).
cost(12, 7, 63).
cost(12, 8, 52).
cost(12, 9, 70).
cost(12, 10, 74).
cost(12, 11, 26).
cost(12, 13, 47).
cost(12, 14, 44).
cost(12, 15, 64).
cost(12, 16, 30).
cost(12, 17, 54).
cost(12, 18, 26).
cost(12, 19, 13).
cost(12, 20, 49).
cost(12, 21, 39).
cost(12, 22, 22).
cost(12, 23, 57).
cost(12, 24, 7).
cost(12, 25, 39).
cost(12, 26, 37).
cost(12, 27, 25).
cost(12, 28, 69).
cost(13, 1, 21).
cost(13, 2, 41).
cost(13, 3, 56).
cost(13, 4, 25).
cost(13, 5, 27).
cost(13, 6, 27).
cost(13, 7, 17).
cost(13, 8, 30).
cost(13, 9, 24).
cost(13, 10, 28).
cost(13, 11, 28).
cost(13, 12, 47).
cost(13, 14, 3).
cost(13, 15, 24).
cost(13, 16, 38).
cost(13, 17, 20).
cost(13, 18, 50).
cost(13, 19, 37).
cost(13, 20, 46).
cost(13, 21, 37).
cost(13, 22, 37).
cost(13, 23, 15).
cost(13, 24, 41).
cost(13, 25, 23).
cost(13, 26, 29).
cost(13, 27, 22).
cost(13, 28, 27).
cost(14, 1, 21).
cost(14, 2, 39).
cost(14, 3, 53).
cost(14, 4, 28).
cost(14, 5, 29).
cost(14, 6, 30).
cost(14, 7, 19).
cost(14, 8, 31).
cost(14, 9, 26).
cost(14, 10, 31).
cost(14, 11, 26).
cost(14, 12, 44).
cost(14, 13, 3).
cost(14, 15, 27).
cost(14, 16, 36).
cost(14, 17, 22).
cost(14, 18, 47).
cost(14, 19, 34).
cost(14, 20, 44).
cost(14, 21, 35).
cost(14, 22, 36).
cost(14, 23, 15).
cost(14, 24, 39).
cost(14, 25, 20).
cost(14, 26, 26).
cost(14, 27, 20).
cost(14, 28, 30).
cost(15, 1, 34).
cost(15, 2, 53).
cost(15, 3, 74).
cost(15, 4, 3).
cost(15, 5, 11).
cost(15, 6, 19).
cost(15, 7, 21).
cost(15, 8, 21).
cost(15, 9, 22).
cost(15, 10, 19).
cost(15, 11, 51).
cost(15, 12, 64).
cost(15, 13, 24).
cost(15, 14, 27).
cost(15, 16, 62).
cost(15, 17, 11).
cost(15, 18, 73).
cost(15, 19, 57).
cost(15, 20, 70).
cost(15, 21, 62).
cost(15, 22, 47).
cost(15, 23, 32).
cost(15, 24, 60).
cost(15, 25, 47).
cost(15, 26, 53).
cost(15, 27, 42).
cost(15, 28, 6).
cost(16, 1, 45).
cost(16, 2, 40).
cost(16, 3, 34).
cost(16, 4, 63).
cost(16, 5, 65).
cost(16, 6, 63).
cost(16, 7, 52).
cost(16, 8, 60).
cost(16, 9, 58).
cost(16, 10, 65).
cost(16, 11, 12).
cost(16, 12, 30).
cost(16, 13, 38).
cost(16, 14, 36).
cost(16, 15, 62).
cost(16, 17, 56).
cost(16, 18, 14).
cost(16, 19, 19).
cost(16, 20, 19).
cost(16, 21, 9).
cost(16, 22, 42).
cost(16, 23, 40).
cost(16, 24, 23).
cost(16, 25, 18).
cost(16, 26, 12).
cost(16, 27, 24).
cost(16, 28, 65).
cost(17, 1, 36).
cost(17, 2, 42).
cost(17, 3, 64).
cost(17, 4, 14).
cost(17, 5, 21).
cost(17, 6, 28).
cost(17, 7, 25).
cost(17, 8, 12).
cost(17, 9, 29).
cost(17, 10, 28).
cost(17, 11, 44).
cost(17, 12, 54).
cost(17, 13, 20).
cost(17, 14, 22).
cost(17, 15, 11).
cost(17, 16, 56).
cost(17, 18, 65).
cost(17, 19, 48).
cost(17, 20, 66).
cost(17, 21, 56).
cost(17, 22, 36).
cost(17, 23, 33).
cost(17, 24, 51).
cost(17, 25, 42).
cost(17, 26, 48).
cost(17, 27, 34).
cost(17, 28, 17).
cost(18, 1, 59).
cost(18, 2, 40).
cost(18, 3, 25).
cost(18, 4, 74).
cost(18, 5, 77).
cost(18, 6, 76).
cost(18, 7, 65).
cost(18, 8, 68).
cost(18, 9, 71).
cost(18, 10, 77).
cost(18, 11, 22).
cost(18, 12, 26).
cost(18, 13, 50).
cost(18, 14, 47).
cost(18, 15, 73).
cost(18, 16, 14).
cost(18, 17, 65).
cost(18, 19, 20).
cost(18, 20, 28).
cost(18, 21, 21).
cost(18, 22, 44).
cost(18, 23, 54).
cost(18, 24, 22).
cost(18, 25, 31).
cost(18, 26, 26).
cost(18, 27, 32).
cost(18, 28, 77).
cost(19, 1, 51).
cost(19, 2, 21).
cost(19, 3, 20).
cost(19, 4, 59).
cost(19, 5, 63).
cost(19, 6, 64).
cost(19, 7, 53).
cost(19, 8, 49).
cost(19, 9, 60).
cost(19, 10, 65).
cost(19, 11, 13).
cost(19, 12, 13).
cost(19, 13, 37).
cost(19, 14, 34).
cost(19, 15, 57).
cost(19, 16, 19).
cost(19, 17, 48).
cost(19, 18, 20).
cost(19, 20, 38).
cost(19, 21, 27).
cost(19, 22, 24).
cost(19, 23, 45).
cost(19, 24, 5).
cost(19, 25, 26).
cost(19, 26, 25).
cost(19, 27, 15).
cost(19, 28, 61).
cost(20, 1, 44).
cost(20, 2, 58).
cost(20, 3, 51).
cost(20, 4, 70).
cost(20, 5, 70).
cost(20, 6, 66).
cost(20, 7, 55).
cost(20, 8, 73).
cost(20, 9, 60).
cost(20, 10, 67).
cost(20, 11, 28).
cost(20, 12, 49).
cost(20, 13, 46).
cost(20, 14, 44).
cost(20, 15, 70).
cost(20, 16, 19).
cost(20, 17, 66).
cost(20, 18, 28).
cost(20, 19, 38).
cost(20, 21, 12).
cost(20, 22, 60).
cost(20, 23, 41).
cost(20, 24, 42).
cost(20, 25, 24).
cost(20, 26, 18).
cost(20, 27, 39).
cost(20, 28, 72).
cost(21, 1, 40).
cost(21, 2, 47).
cost(21, 3, 42).
cost(21, 4, 62).
cost(21, 5, 63).
cost(21, 6, 60).
cost(21, 7, 48).
cost(21, 8, 62).
cost(21, 9, 55).
cost(21, 10, 61).
cost(21, 11, 17).
cost(21, 12, 39).
cost(21, 13, 37).
cost(21, 14, 35).
cost(21, 15, 62).
cost(21, 16, 9).
cost(21, 17, 56).
cost(21, 18, 21).
cost(21, 19, 27).
cost(21, 20, 12).
cost(21, 22, 48).
cost(21, 23, 36).
cost(21, 24, 32).
cost(21, 25, 15).
cost(21, 26, 8).
cost(21, 27, 28).
cost(21, 28, 64).
cost(22, 1, 57).
cost(22, 2, 6).
cost(22, 3, 31).
cost(22, 4, 50).
cost(22, 5, 56).
cost(22, 6, 61).
cost(22, 7, 53).
cost(22, 8, 32).
cost(22, 9, 59).
cost(22, 10, 61).
cost(22, 11, 31).
cost(22, 12, 22).
cost(22, 13, 37).
cost(22, 14, 36).
cost(22, 15, 47).
cost(22, 16, 42).
cost(22, 17, 36).
cost(22, 18, 44).
cost(22, 19, 24).
cost(22, 20, 60).
cost(22, 21, 48).
cost(22, 23, 51).
cost(22, 24, 23).
cost(22, 25, 41).
cost(22, 26, 43).
cost(22, 27, 22).
cost(22, 28, 53).
cost(23, 1, 6).
cost(23, 2, 54).
cost(23, 3, 65).
cost(23, 4, 31).
cost(23, 5, 29).
cost(23, 6, 24).
cost(23, 7, 13).
cost(23, 8, 44).
cost(23, 9, 19).
cost(23, 10, 26).
cost(23, 11, 34).
cost(23, 12, 57).
cost(23, 13, 15).
cost(23, 14, 15).
cost(23, 15, 32).
cost(23, 16, 40).
cost(23, 17, 33).
cost(23, 18, 54).
cost(23, 19, 45).
cost(23, 20, 41).
cost(23, 21, 36).
cost(23, 22, 51).
cost(23, 24, 50).
cost(23, 25, 23).
cost(23, 26, 29).
cost(23, 27, 32).
cost(23, 28, 32).
cost(24, 1, 56).
cost(24, 2, 19).
cost(24, 3, 15).
cost(24, 4, 62).
cost(24, 5, 66).
cost(24, 6, 68).
cost(24, 7, 58).
cost(24, 8, 50).
cost(24, 9, 65).
cost(24, 10, 69).
cost(24, 11, 18).
cost(24, 12, 7).
cost(24, 13, 41).
cost(24, 14, 39).
cost(24, 15, 60).
cost(24, 16, 23).
cost(24, 17, 51).
cost(24, 18, 22).
cost(24, 19, 5).
cost(24, 20, 42).
cost(24, 21, 32).
cost(24, 22, 23).
cost(24, 23, 50).
cost(24, 25, 31).
cost(24, 26, 30).
cost(24, 27, 19).
cost(24, 28, 65).
cost(25, 1, 28).
cost(25, 2, 42).
cost(25, 3, 45).
cost(25, 4, 47).
cost(25, 5, 48).
cost(25, 6, 46).
cost(25, 7, 34).
cost(25, 8, 49).
cost(25, 9, 41).
cost(25, 10, 47).
cost(25, 11, 13).
cost(25, 12, 39).
cost(25, 13, 23).
cost(25, 14, 20).
cost(25, 15, 47).
cost(25, 16, 18).
cost(25, 17, 42).
cost(25, 18, 31).
cost(25, 19, 26).
cost(25, 20, 24).
cost(25, 21, 15).
cost(25, 22, 41).
cost(25, 23, 23).
cost(25, 24, 31).
cost(25, 26, 6).
cost(25, 27, 19).
cost(25, 28, 49).
cost(26, 1, 33).
cost(26, 2, 43).
cost(26, 3, 43).
cost(26, 4, 54).
cost(26, 5, 54).
cost(26, 6, 52).
cost(26, 7, 40).
cost(26, 8, 54).
cost(26, 9, 47).
cost(26, 10, 53).
cost(26, 11, 12).
cost(26, 12, 37).
cost(26, 13, 29).
cost(26, 14, 26).
cost(26, 15, 53).
cost(26, 16, 12).
cost(26, 17, 48).
cost(26, 18, 26).
cost(26, 19, 25).
cost(26, 20, 18).
cost(26, 21, 8).
cost(26, 22, 43).
cost(26, 23, 29).
cost(26, 24, 30).
cost(26, 25, 6).
cost(26, 27, 21).
cost(26, 28, 55).
cost(27, 1, 39).
cost(27, 2, 23).
cost(27, 3, 34).
cost(27, 4, 44).
cost(27, 5, 48).
cost(27, 6, 49).
cost(27, 7, 39).
cost(27, 8, 37).
cost(27, 9, 46).
cost(27, 10, 50).
cost(27, 11, 12).
cost(27, 12, 25).
cost(27, 13, 22).
cost(27, 14, 20).
cost(27, 15, 42).
cost(27, 16, 24).
cost(27, 17, 34).
cost(27, 18, 32).
cost(27, 19, 15).
cost(27, 20, 39).
cost(27, 21, 28).
cost(27, 22, 22).
cost(27, 23, 32).
cost(27, 24, 19).
cost(27, 25, 19).
cost(27, 26, 21).
cost(27, 28, 47).
cost(28, 1, 32).
cost(28, 2, 58).
cost(28, 3, 79).
cost(28, 4, 3).
cost(28, 5, 6).
cost(28, 6, 15).
cost(28, 7, 19).
cost(28, 8, 27).
cost(28, 9, 19).
cost(28, 10, 14).
cost(28, 11, 55).
cost(28, 12, 69).
cost(28, 13, 27).
cost(28, 14, 30).
cost(28, 15, 6).
cost(28, 16, 65).
cost(28, 17, 17).
cost(28, 18, 77).
cost(28, 19, 61).
cost(28, 20, 72).
cost(28, 21, 64).
cost(28, 22, 53).
cost(28, 23, 32).
cost(28, 24, 65).
cost(28, 25, 49).
cost(28, 26, 55).
cost(28, 27, 47).
nocross(1,5).
nocross(1,6).
nocross(1,7).
nocross(1,9).
nocross(1,10).
nocross(1,13).
nocross(1,14).
nocross(1,23).
nocross(1,25).
nocross(1,26).
nocross(2,3).
nocross(2,11).
nocross(2,12).
nocross(2,13).
nocross(2,14).
nocross(2,19).
nocross(2,22).
nocross(2,24).
nocross(2,27).
nocross(3,2).
nocross(3,12).
nocross(3,18).
nocross(3,19).
nocross(3,22).
nocross(3,24).
nocross(4,5).
nocross(4,6).
nocross(4,7).
nocross(4,8).
nocross(4,10).
nocross(4,13).
nocross(4,14).
nocross(4,15).
nocross(4,17).
nocross(4,23).
nocross(4,28).
nocross(5,1).
nocross(5,4).
nocross(5,6).
nocross(5,7).
nocross(5,9).
nocross(5,10).
nocross(5,13).
nocross(5,14).
nocross(5,15).
nocross(5,17).
nocross(5,23).
nocross(5,28).
nocross(6,1).
nocross(6,4).
nocross(6,5).
nocross(6,7).
nocross(6,9).
nocross(6,10).
nocross(6,13).
nocross(6,14).
nocross(6,15).
nocross(6,23).
nocross(6,28).
nocross(7,1).
nocross(7,4).
nocross(7,5).
nocross(7,6).
nocross(7,9).
nocross(7,10).
nocross(7,13).
nocross(7,14).
nocross(7,15).
nocross(7,23).
nocross(7,28).
nocross(8,2).
nocross(8,4).
nocross(8,5).
nocross(8,13).
nocross(8,14).
nocross(8,15).
nocross(8,17).
nocross(8,22).
nocross(8,28).
nocross(9,1).
nocross(9,4).
nocross(9,5).
nocross(9,6).
nocross(9,7).
nocross(9,10).
nocross(9,13).
nocross(9,14).
nocross(9,15).
nocross(9,23).
nocross(9,28).
nocross(10,1).
nocross(10,4).
nocross(10,5).
nocross(10,6).
nocross(10,7).
nocross(10,9).
nocross(10,13).
nocross(10,14).
nocross(10,15).
nocross(10,23).
nocross(10,28).
nocross(11,2).
nocross(11,3).
nocross(11,13).
nocross(11,14).
nocross(11,16).
nocross(11,18).
nocross(11,19).
nocross(11,21).
nocross(11,24).
nocross(11,25).
nocross(11,26).
nocross(11,27).
nocross(12,2).
nocross(12,3).
nocross(12,16).
nocross(12,18).
nocross(12,19).
nocross(12,22).
nocross(12,24).
nocross(12,27).
nocross(13,1).
nocross(13,4).
nocross(13,5).
nocross(13,6).
nocross(13,7).
nocross(13,8).
nocross(13,9).
nocross(13,10).
nocross(13,14).
nocross(13,15).
nocross(13,17).
nocross(13,22).
nocross(13,23).
nocross(13,25).
nocross(13,26).
nocross(13,27).
nocross(13,28).
nocross(14,1).
nocross(14,4).
nocross(14,5).
nocross(14,6).
nocross(14,7).
nocross(14,8).
nocross(14,9).
nocross(14,10).
nocross(14,13).
nocross(14,15).
nocross(14,17).
nocross(14,22).
nocross(14,23).
nocross(14,25).
nocross(14,26).
nocross(14,27).
nocross(14,28).
nocross(15,4).
nocross(15,5).
nocross(15,6).
nocross(15,7).
nocross(15,8).
nocross(15,13).
nocross(15,14).
nocross(15,17).
nocross(15,23).
nocross(15,28).
nocross(16,11).
nocross(16,14).
nocross(16,18).
nocross(16,19).
nocross(16,20).
nocross(16,21).
nocross(16,24).
nocross(16,25).
nocross(16,26).
nocross(17,1).
nocross(17,4).
nocross(17,5).
nocross(17,6).
nocross(17,7).
nocross(17,8).
nocross(17,9).
nocross(17,10).
nocross(17,13).
nocross(17,14).
nocross(17,15).
nocross(17,22).
nocross(17,23).
nocross(17,28).
nocross(18,3).
nocross(18,11).
nocross(18,12).
nocross(18,16).
nocross(18,19).
nocross(18,20).
nocross(18,21).
nocross(18,24).
nocross(18,25).
nocross(18,26).
nocross(19,2).
nocross(19,3).
nocross(19,11).
nocross(19,12).
nocross(19,14).
nocross(19,16).
nocross(19,18).
nocross(19,21).
nocross(19,22).
nocross(19,24).
nocross(19,25).
nocross(19,26).
nocross(19,27).
nocross(20,16).
nocross(20,18).
nocross(20,21).
nocross(20,25).
nocross(20,26).
nocross(21,11).
nocross(21,16).
nocross(21,18).
nocross(21,20).
nocross(21,25).
nocross(21,26).
nocross(22,2).
nocross(22,8).
nocross(22,11).
nocross(22,12).
nocross(22,13).
nocross(22,14).
nocross(22,19).
nocross(22,24).
nocross(22,27).
nocross(23,1).
nocross(23,6).
nocross(23,7).
nocross(23,9).
nocross(23,10).
nocross(23,13).
nocross(23,14).
nocross(23,25).
nocross(23,26).
nocross(24,2).
nocross(24,3).
nocross(24,11).
nocross(24,12).
nocross(24,16).
nocross(24,18).
nocross(24,19).
nocross(24,22).
nocross(24,27).
nocross(25,1).
nocross(25,11).
nocross(25,13).
nocross(25,14).
nocross(25,16).
nocross(25,18).
nocross(25,19).
nocross(25,20).
nocross(25,21).
nocross(25,23).
nocross(25,26).
nocross(25,27).
nocross(26,11).
nocross(26,13).
nocross(26,14).
nocross(26,16).
nocross(26,18).
nocross(26,19).
nocross(26,20).
nocross(26,21).
nocross(26,23).
nocross(26,25).
nocross(27,2).
nocross(27,8).
nocross(27,11).
nocross(27,12).
nocross(27,13).
nocross(27,14).
nocross(27,16).
nocross(27,18).
nocross(27,19).
nocross(27,21).
nocross(27,22).
nocross(27,24).
nocross(27,25).
nocross(27,26).
nocross(28,4).
nocross(28,5).
nocross(28,6).
nocross(28,7).
nocross(28,8).
nocross(28,9).
nocross(28,10).
nocross(28,13).
nocross(28,14).
nocross(28,15).
nocross(28,17).
nocross(28,23).
