dimension(28).
point(1, 69.4109449141, 19.618850339).
point(2, 90.6183495765, 28.2266706722).
point(3, 33.756758549, 69.3536266156).
point(4, 50.5521163882, 11.5760839876).
point(5, 66.1870875012, 93.8751159139).
point(6, 90.1096171573, 47.9522598327).
point(7, 92.8103397883, 7.0386731492).
point(8, 58.6725081984, 91.2011704018).
point(9, 55.025397007, 37.1468635438).
point(10, 35.0594625332, 6.8624818528).
point(11, 50.5310081964, 98.7509250639).
point(12, 67.3859225293, 81.170505848).
point(13, 22.4493899841, 82.7366577797).
point(14, 33.9471750288, 82.5106063988).
point(15, 76.954058705, 6.3042339327).
point(16, 24.7309908256, 94.3296785508).
point(17, 46.1411406402, 97.6571333522).
point(18, 55.5617559923, 85.8352152737).
point(19, 29.081565783, 10.1272647741).
point(20, 74.652809663, 27.5394022419).
point(21, 90.2120653524, 29.0631470935).
point(22, 63.6551970282, 97.3998695263).
point(23, 40.2138566555, 10.0072027871).
point(24, 42.4016997225, 24.1891591945).
point(25, 77.362751904, 31.4856184716).
point(26, 32.3907014655, 83.9363528525).
point(27, 35.8862071844, 99.4977380615).
point(28, 68.0787324946, 89.3691960245).
cost(1, 2, 23).
cost(1, 3, 61).
cost(1, 4, 21).
cost(1, 5, 74).
cost(1, 6, 35).
cost(1, 7, 27).
cost(1, 8, 72).
cost(1, 9, 23).
cost(1, 10, 37).
cost(1, 11, 81).
cost(1, 12, 62).
cost(1, 13, 79).
cost(1, 14, 72).
cost(1, 15, 15).
cost(1, 16, 87).
cost(1, 17, 81).
cost(1, 18, 68).
cost(1, 19, 41).
cost(1, 20, 9).
cost(1, 21, 23).
cost(1, 22, 78).
cost(1, 23, 31).
cost(1, 24, 27).
cost(1, 25, 14).
cost(1, 26, 74).
cost(1, 27, 87).
cost(1, 28, 70).
cost(2, 1, 23).
cost(2, 3, 70).
cost(2, 4, 43).
cost(2, 5, 70).
cost(2, 6, 20).
cost(2, 7, 21).
cost(2, 8, 71).
cost(2, 9, 37).
cost(2, 10, 60).
cost(2, 11, 81).
cost(2, 12, 58).
cost(2, 13, 87).
cost(2, 14, 78).
cost(2, 15, 26).
cost(2, 16, 93).
cost(2, 17, 82).
cost(2, 18, 67).
cost(2, 19, 64).
cost(2, 20, 16).
cost(2, 21, 1).
cost(2, 22, 74).
cost(2, 23, 54).
cost(2, 24, 48).
cost(2, 25, 14).
cost(2, 26, 81).
cost(2, 27, 90).
cost(2, 28, 65).
cost(3, 1, 61).
cost(3, 2, 70).
cost(3, 4, 60).
cost(3, 5, 41).
cost(3, 6, 60).
cost(3, 7, 86).
cost(3, 8, 33).
cost(3, 9, 39).
cost(3, 10, 63).
cost(3, 11, 34).
cost(3, 12, 36).
cost(3, 13, 18).
cost(3, 14, 13).
cost(3, 15, 76).
cost(3, 16, 27).
cost(3, 17, 31).
cost(3, 18, 27).
cost(3, 19, 59).
cost(3, 20, 58).
cost(3, 21, 69).
cost(3, 22, 41).
cost(3, 23, 60).
cost(3, 24, 46).
cost(3, 25, 58).
cost(3, 26, 15).
cost(3, 27, 30).
cost(3, 28, 40).
cost(4, 1, 21).
cost(4, 2, 43).
cost(4, 3, 60).
cost(4, 5, 84).
cost(4, 6, 54).
cost(4, 7, 43).
cost(4, 8, 80).
cost(4, 9, 26).
cost(4, 10, 16).
cost(4, 11, 87).
cost(4, 12, 72).
cost(4, 13, 77).
cost(4, 14, 73).
cost(4, 15, 27).
cost(4, 16, 87).
cost(4, 17, 86).
cost(4, 18, 74).
cost(4, 19, 22).
cost(4, 20, 29).
cost(4, 21, 43).
cost(4, 22, 87).
cost(4, 23, 10).
cost(4, 24, 15).
cost(4, 25, 33).
cost(4, 26, 75).
cost(4, 27, 89).
cost(4, 28, 80).
cost(5, 1, 74).
cost(5, 2, 70).
cost(5, 3, 41).
cost(5, 4, 84).
cost(5, 6, 52).
cost(5, 7, 91).
cost(5, 8, 8).
cost(5, 9, 58).
cost(5, 10, 92).
cost(5, 11, 16).
cost(5, 12, 13).
cost(5, 13, 45).
cost(5, 14, 34).
cost(5, 15, 88).
cost(5, 16, 41).
cost(5, 17, 20).
cost(5, 18, 13).
cost(5, 19, 92).
cost(5, 20, 67).
cost(5, 21, 69).
cost(5, 22, 4).
cost(5, 23, 88).
cost(5, 24, 74).
cost(5, 25, 63).
cost(5, 26, 35).
cost(5, 27, 31).
cost(5, 28, 5).
cost(6, 1, 35).
cost(6, 2, 20).
cost(6, 3, 60).
cost(6, 4, 54).
cost(6, 5, 52).
cost(6, 7, 41).
cost(6, 8, 53).
cost(6, 9, 37).
cost(6, 10, 69).
cost(6, 11, 64).
cost(6, 12, 40).
cost(6, 13, 76).
cost(6, 14, 66).
cost(6, 15, 44).
cost(6, 16, 80).
cost(6, 17, 66).
cost(6, 18, 51).
cost(6, 19, 72).
cost(6, 20, 26).
cost(6, 21, 19).
cost(6, 22, 56).
cost(6, 23, 63).
cost(6, 24, 53).
cost(6, 25, 21).
cost(6, 26, 68).
cost(6, 27, 75).
cost(6, 28, 47).
cost(7, 1, 27).
cost(7, 2, 21).
cost(7, 3, 86).
cost(7, 4, 43).
cost(7, 5, 91).
cost(7, 6, 41).
cost(7, 8, 91).
cost(7, 9, 48).
cost(7, 10, 58).
cost(7, 11, 101).
cost(7, 12, 78).
cost(7, 13, 103).
cost(7, 14, 96).
cost(7, 15, 16).
cost(7, 16, 111).
cost(7, 17, 102).
cost(7, 18, 87).
cost(7, 19, 64).
cost(7, 20, 27).
cost(7, 21, 22).
cost(7, 22, 95).
cost(7, 23, 53).
cost(7, 24, 53).
cost(7, 25, 29).
cost(7, 26, 98).
cost(7, 27, 109).
cost(7, 28, 86).
cost(8, 1, 72).
cost(8, 2, 71).
cost(8, 3, 33).
cost(8, 4, 80).
cost(8, 5, 8).
cost(8, 6, 53).
cost(8, 7, 91).
cost(8, 9, 54).
cost(8, 10, 88).
cost(8, 11, 11).
cost(8, 12, 13).
cost(8, 13, 37).
cost(8, 14, 26).
cost(8, 15, 87).
cost(8, 16, 34).
cost(8, 17, 14).
cost(8, 18, 6).
cost(8, 19, 86).
cost(8, 20, 66).
cost(8, 21, 70).
cost(8, 22, 8).
cost(8, 23, 83).
cost(8, 24, 69).
cost(8, 25, 63).
cost(8, 26, 27).
cost(8, 27, 24).
cost(8, 28, 10).
cost(9, 1, 23).
cost(9, 2, 37).
cost(9, 3, 39).
cost(9, 4, 26).
cost(9, 5, 58).
cost(9, 6, 37).
cost(9, 7, 48).
cost(9, 8, 54).
cost(9, 10, 36).
cost(9, 11, 62).
cost(9, 12, 46).
cost(9, 13, 56).
cost(9, 14, 50).
cost(9, 15, 38).
cost(9, 16, 65).
cost(9, 17, 61).
cost(9, 18, 49).
cost(9, 19, 37).
cost(9, 20, 22).
cost(9, 21, 36).
cost(9, 22, 61).
cost(9, 23, 31).
cost(9, 24, 18).
cost(9, 25, 23).
cost(9, 26, 52).
cost(9, 27, 65).
cost(9, 28, 54).
cost(10, 1, 37).
cost(10, 2, 60).
cost(10, 3, 63).
cost(10, 4, 16).
cost(10, 5, 92).
cost(10, 6, 69).
cost(10, 7, 58).
cost(10, 8, 88).
cost(10, 9, 36).
cost(10, 11, 93).
cost(10, 12, 81).
cost(10, 13, 77).
cost(10, 14, 76).
cost(10, 15, 42).
cost(10, 16, 88).
cost(10, 17, 91).
cost(10, 18, 82).
cost(10, 19, 7).
cost(10, 20, 45).
cost(10, 21, 59).
cost(10, 22, 95).
cost(10, 23, 6).
cost(10, 24, 19).
cost(10, 25, 49).
cost(10, 26, 77).
cost(10, 27, 93).
cost(10, 28, 89).
cost(11, 1, 81).
cost(11, 2, 81).
cost(11, 3, 34).
cost(11, 4, 87).
cost(11, 5, 16).
cost(11, 6, 64).
cost(11, 7, 101).
cost(11, 8, 11).
cost(11, 9, 62).
cost(11, 10, 93).
cost(11, 12, 24).
cost(11, 13, 32).
cost(11, 14, 23).
cost(11, 15, 96).
cost(11, 16, 26).
cost(11, 17, 5).
cost(11, 18, 14).
cost(11, 19, 91).
cost(11, 20, 75).
cost(11, 21, 80).
cost(11, 22, 13).
cost(11, 23, 89).
cost(11, 24, 75).
cost(11, 25, 72).
cost(11, 26, 23).
cost(11, 27, 15).
cost(11, 28, 20).
cost(12, 1, 62).
cost(12, 2, 58).
cost(12, 3, 36).
cost(12, 4, 72).
cost(12, 5, 13).
cost(12, 6, 40).
cost(12, 7, 78).
cost(12, 8, 13).
cost(12, 9, 46).
cost(12, 10, 81).
cost(12, 11, 24).
cost(12, 13, 45).
cost(12, 14, 33).
cost(12, 15, 75).
cost(12, 16, 45).
cost(12, 17, 27).
cost(12, 18, 13).
cost(12, 19, 81).
cost(12, 20, 54).
cost(12, 21, 57).
cost(12, 22, 17).
cost(12, 23, 76).
cost(12, 24, 62).
cost(12, 25, 51).
cost(12, 26, 35).
cost(12, 27, 36).
cost(12, 28, 8).
cost(13, 1, 79).
cost(13, 2, 87).
cost(13, 3, 18).
cost(13, 4, 77).
cost(13, 5, 45).
cost(13, 6, 76).
cost(13, 7, 103).
cost(13, 8, 37).
cost(13, 9, 56).
cost(13, 10, 77).
cost(13, 11, 32).
cost(13, 12, 45).
cost(13, 14, 12).
cost(13, 15, 94).
cost(13, 16, 12).
cost(13, 17, 28).
cost(13, 18, 33).
cost(13, 19, 73).
cost(13, 20, 76).
cost(13, 21, 86).
cost(13, 22, 44).
cost(13, 23, 75).
cost(13, 24, 62).
cost(13, 25, 75).
cost(13, 26, 10).
cost(13, 27, 21).
cost(13, 28, 46).
cost(14, 1, 72).
cost(14, 2, 78).
cost(14, 3, 13).
cost(14, 4, 73).
cost(14, 5, 34).
cost(14, 6, 66).
cost(14, 7, 96).
cost(14, 8, 26).
cost(14, 9, 50).
cost(14, 10, 76).
cost(14, 11, 23).
cost(14, 12, 33).
cost(14, 13, 12).
cost(14, 15, 88).
cost(14, 16, 15).
cost(14, 17, 19).
cost(14, 18, 22).
cost(14, 19, 73).
cost(14, 20, 68).
cost(14, 21, 78).
cost(14, 22, 33).
cost(14, 23, 73).
cost(14, 24, 59).
cost(14, 25, 67).
cost(14, 26, 2).
cost(14, 27, 17).
cost(14, 28, 35).
cost(15, 1, 15).
cost(15, 2, 26).
cost(15, 3, 76).
cost(15, 4, 27).
cost(15, 5, 88).
cost(15, 6, 44).
cost(15, 7, 16).
cost(15, 8, 87).
cost(15, 9, 38).
cost(15, 10, 42).
cost(15, 11, 96).
cost(15, 12, 75).
cost(15, 13, 94).
cost(15, 14, 88).
cost(15, 16, 102).
cost(15, 17, 96).
cost(15, 18, 82).
cost(15, 19, 48).
cost(15, 20, 21).
cost(15, 21, 26).
cost(15, 22, 92).
cost(15, 23, 37).
cost(15, 24, 39).
cost(15, 25, 25).
cost(15, 26, 90).
cost(15, 27, 102).
cost(15, 28, 84).
cost(16, 1, 87).
cost(16, 2, 93).
cost(16, 3, 27).
cost(16, 4, 87).
cost(16, 5, 41).
cost(16, 6, 80).
cost(16, 7, 111).
cost(16, 8, 34).
cost(16, 9, 65).
cost(16, 10, 88).
cost(16, 11, 26).
cost(16, 12, 45).
cost(16, 13, 12).
cost(16, 14, 15).
cost(16, 15, 102).
cost(16, 17, 22).
cost(16, 18, 32).
cost(16, 19, 84).
cost(16, 20, 83).
cost(16, 21, 92).
cost(16, 22, 39).
cost(16, 23, 86).
cost(16, 24, 72).
cost(16, 25, 82).
cost(16, 26, 13).
cost(16, 27, 12).
cost(16, 28, 44).
cost(17, 1, 81).
cost(17, 2, 82).
cost(17, 3, 31).
cost(17, 4, 86).
cost(17, 5, 20).
cost(17, 6, 66).
cost(17, 7, 102).
cost(17, 8, 14).
cost(17, 9, 61).
cost(17, 10, 91).
cost(17, 11, 5).
cost(17, 12, 27).
cost(17, 13, 28).
cost(17, 14, 19).
cost(17, 15, 96).
cost(17, 16, 22).
cost(17, 18, 15).
cost(17, 19, 89).
cost(17, 20, 76).
cost(17, 21, 82).
cost(17, 22, 18).
cost(17, 23, 88).
cost(17, 24, 74).
cost(17, 25, 73).
cost(17, 26, 19).
cost(17, 27, 10).
cost(17, 28, 23).
cost(18, 1, 68).
cost(18, 2, 67).
cost(18, 3, 27).
cost(18, 4, 74).
cost(18, 5, 13).
cost(18, 6, 51).
cost(18, 7, 87).
cost(18, 8, 6).
cost(18, 9, 49).
cost(18, 10, 82).
cost(18, 11, 14).
cost(18, 12, 13).
cost(18, 13, 33).
cost(18, 14, 22).
cost(18, 15, 82).
cost(18, 16, 32).
cost(18, 17, 15).
cost(18, 19, 80).
cost(18, 20, 61).
cost(18, 21, 67).
cost(18, 22, 14).
cost(18, 23, 77).
cost(18, 24, 63).
cost(18, 25, 59).
cost(18, 26, 23).
cost(18, 27, 24).
cost(18, 28, 13).
cost(19, 1, 41).
cost(19, 2, 64).
cost(19, 3, 59).
cost(19, 4, 22).
cost(19, 5, 92).
cost(19, 6, 72).
cost(19, 7, 64).
cost(19, 8, 86).
cost(19, 9, 37).
cost(19, 10, 7).
cost(19, 11, 91).
cost(19, 12, 81).
cost(19, 13, 73).
cost(19, 14, 73).
cost(19, 15, 48).
cost(19, 16, 84).
cost(19, 17, 89).
cost(19, 18, 80).
cost(19, 20, 49).
cost(19, 21, 64).
cost(19, 22, 94).
cost(19, 23, 11).
cost(19, 24, 19).
cost(19, 25, 53).
cost(19, 26, 74).
cost(19, 27, 90).
cost(19, 28, 88).
cost(20, 1, 9).
cost(20, 2, 16).
cost(20, 3, 58).
cost(20, 4, 29).
cost(20, 5, 67).
cost(20, 6, 26).
cost(20, 7, 27).
cost(20, 8, 66).
cost(20, 9, 22).
cost(20, 10, 45).
cost(20, 11, 75).
cost(20, 12, 54).
cost(20, 13, 76).
cost(20, 14, 68).
cost(20, 15, 21).
cost(20, 16, 83).
cost(20, 17, 76).
cost(20, 18, 61).
cost(20, 19, 49).
cost(20, 21, 16).
cost(20, 22, 71).
cost(20, 23, 39).
cost(20, 24, 32).
cost(20, 25, 5).
cost(20, 26, 70).
cost(20, 27, 82).
cost(20, 28, 62).
cost(21, 1, 23).
cost(21, 2, 1).
cost(21, 3, 69).
cost(21, 4, 43).
cost(21, 5, 69).
cost(21, 6, 19).
cost(21, 7, 22).
cost(21, 8, 70).
cost(21, 9, 36).
cost(21, 10, 59).
cost(21, 11, 80).
cost(21, 12, 57).
cost(21, 13, 86).
cost(21, 14, 78).
cost(21, 15, 26).
cost(21, 16, 92).
cost(21, 17, 82).
cost(21, 18, 67).
cost(21, 19, 64).
cost(21, 20, 16).
cost(21, 22, 73).
cost(21, 23, 54).
cost(21, 24, 48).
cost(21, 25, 13).
cost(21, 26, 80).
cost(21, 27, 89).
cost(21, 28, 64).
cost(22, 1, 78).
cost(22, 2, 74).
cost(22, 3, 41).
cost(22, 4, 87).
cost(22, 5, 4).
cost(22, 6, 56).
cost(22, 7, 95).
cost(22, 8, 8).
cost(22, 9, 61).
cost(22, 10, 95).
cost(22, 11, 13).
cost(22, 12, 17).
cost(22, 13, 44).
cost(22, 14, 33).
cost(22, 15, 92).
cost(22, 16, 39).
cost(22, 17, 18).
cost(22, 18, 14).
cost(22, 19, 94).
cost(22, 20, 71).
cost(22, 21, 73).
cost(22, 23, 90).
cost(22, 24, 76).
cost(22, 25, 67).
cost(22, 26, 34).
cost(22, 27, 28).
cost(22, 28, 9).
cost(23, 1, 31).
cost(23, 2, 54).
cost(23, 3, 60).
cost(23, 4, 10).
cost(23, 5, 88).
cost(23, 6, 63).
cost(23, 7, 53).
cost(23, 8, 83).
cost(23, 9, 31).
cost(23, 10, 6).
cost(23, 11, 89).
cost(23, 12, 76).
cost(23, 13, 75).
cost(23, 14, 73).
cost(23, 15, 37).
cost(23, 16, 86).
cost(23, 17, 88).
cost(23, 18, 77).
cost(23, 19, 11).
cost(23, 20, 39).
cost(23, 21, 54).
cost(23, 22, 90).
cost(23, 24, 14).
cost(23, 25, 43).
cost(23, 26, 74).
cost(23, 27, 90).
cost(23, 28, 84).
cost(24, 1, 27).
cost(24, 2, 48).
cost(24, 3, 46).
cost(24, 4, 15).
cost(24, 5, 74).
cost(24, 6, 53).
cost(24, 7, 53).
cost(24, 8, 69).
cost(24, 9, 18).
cost(24, 10, 19).
cost(24, 11, 75).
cost(24, 12, 62).
cost(24, 13, 62).
cost(24, 14, 59).
cost(24, 15, 39).
cost(24, 16, 72).
cost(24, 17, 74).
cost(24, 18, 63).
cost(24, 19, 19).
cost(24, 20, 32).
cost(24, 21, 48).
cost(24, 22, 76).
cost(24, 23, 14).
cost(24, 25, 36).
cost(24, 26, 61).
cost(24, 27, 76).
cost(24, 28, 70).
cost(25, 1, 14).
cost(25, 2, 14).
cost(25, 3, 58).
cost(25, 4, 33).
cost(25, 5, 63).
cost(25, 6, 21).
cost(25, 7, 29).
cost(25, 8, 63).
cost(25, 9, 23).
cost(25, 10, 49).
cost(25, 11, 72).
cost(25, 12, 51).
cost(25, 13, 75).
cost(25, 14, 67).
cost(25, 15, 25).
cost(25, 16, 82).
cost(25, 17, 73).
cost(25, 18, 59).
cost(25, 19, 53).
cost(25, 20, 5).
cost(25, 21, 13).
cost(25, 22, 67).
cost(25, 23, 43).
cost(25, 24, 36).
cost(25, 26, 69).
cost(25, 27, 80).
cost(25, 28, 59).
cost(26, 1, 74).
cost(26, 2, 81).
cost(26, 3, 15).
cost(26, 4, 75).
cost(26, 5, 35).
cost(26, 6, 68).
cost(26, 7, 98).
cost(26, 8, 27).
cost(26, 9, 52).
cost(26, 10, 77).
cost(26, 11, 23).
cost(26, 12, 35).
cost(26, 13, 10).
cost(26, 14, 2).
cost(26, 15, 90).
cost(26, 16, 13).
cost(26, 17, 19).
cost(26, 18, 23).
cost(26, 19, 74).
cost(26, 20, 70).
cost(26, 21, 80).
cost(26, 22, 34).
cost(26, 23, 74).
cost(26, 24, 61).
cost(26, 25, 69).
cost(26, 27, 16).
cost(26, 28, 36).
cost(27, 1, 87).
cost(27, 2, 90).
cost(27, 3, 30).
cost(27, 4, 89).
cost(27, 5, 31).
cost(27, 6, 75).
cost(27, 7, 109).
cost(27, 8, 24).
cost(27, 9, 65).
cost(27, 10, 93).
cost(27, 11, 15).
cost(27, 12, 36).
cost(27, 13, 21).
cost(27, 14, 17).
cost(27, 15, 102).
cost(27, 16, 12).
cost(27, 17, 10).
cost(27, 18, 24).
cost(27, 19, 90).
cost(27, 20, 82).
cost(27, 21, 89).
cost(27, 22, 28).
cost(27, 23, 90).
cost(27, 24, 76).
cost(27, 25, 80).
cost(27, 26, 16).
cost(27, 28, 34).
cost(28, 1, 70).
cost(28, 2, 65).
cost(28, 3, 40).
cost(28, 4, 80).
cost(28, 5, 5).
cost(28, 6, 47).
cost(28, 7, 86).
cost(28, 8, 10).
cost(28, 9, 54).
cost(28, 10, 89).
cost(28, 11, 20).
cost(28, 12, 8).
cost(28, 13, 46).
cost(28, 14, 35).
cost(28, 15, 84).
cost(28, 16, 44).
cost(28, 17, 23).
cost(28, 18, 13).
cost(28, 19, 88).
cost(28, 20, 62).
cost(28, 21, 64).
cost(28, 22, 9).
cost(28, 23, 84).
cost(28, 24, 70).
cost(28, 25, 59).
cost(28, 26, 36).
cost(28, 27, 34).
nocross(1,2).
nocross(1,4).
nocross(1,7).
nocross(1,9).
nocross(1,10).
nocross(1,15).
nocross(1,20).
nocross(1,21).
nocross(1,23).
nocross(1,24).
nocross(1,25).
nocross(2,1).
nocross(2,6).
nocross(2,7).
nocross(2,12).
nocross(2,15).
nocross(2,20).
nocross(2,21).
nocross(2,25).
nocross(3,5).
nocross(3,8).
nocross(3,11).
nocross(3,12).
nocross(3,13).
nocross(3,14).
nocross(3,16).
nocross(3,17).
nocross(3,18).
nocross(3,24).
nocross(3,26).
nocross(3,27).
nocross(3,28).
nocross(4,1).
nocross(4,2).
nocross(4,9).
nocross(4,10).
nocross(4,15).
nocross(4,19).
nocross(4,20).
nocross(4,21).
nocross(4,23).
nocross(4,24).
nocross(4,25).
nocross(5,2).
nocross(5,3).
nocross(5,8).
nocross(5,11).
nocross(5,12).
nocross(5,14).
nocross(5,16).
nocross(5,17).
nocross(5,18).
nocross(5,21).
nocross(5,22).
nocross(5,25).
nocross(5,26).
nocross(5,27).
nocross(5,28).
nocross(6,1).
nocross(6,2).
nocross(6,5).
nocross(6,7).
nocross(6,9).
nocross(6,12).
nocross(6,15).
nocross(6,20).
nocross(6,21).
nocross(6,22).
nocross(6,25).
nocross(6,28).
nocross(7,1).
nocross(7,2).
nocross(7,4).
nocross(7,6).
nocross(7,15).
nocross(7,20).
nocross(7,21).
nocross(7,25).
nocross(8,3).
nocross(8,5).
nocross(8,11).
nocross(8,12).
nocross(8,13).
nocross(8,14).
nocross(8,16).
nocross(8,17).
nocross(8,18).
nocross(8,22).
nocross(8,26).
nocross(8,27).
nocross(8,28).
nocross(9,1).
nocross(9,2).
nocross(9,3).
nocross(9,4).
nocross(9,5).
nocross(9,6).
nocross(9,8).
nocross(9,10).
nocross(9,11).
nocross(9,12).
nocross(9,14).
nocross(9,15).
nocross(9,17).
nocross(9,18).
nocross(9,20).
nocross(9,21).
nocross(9,23).
nocross(9,24).
nocross(9,25).
nocross(9,26).
nocross(9,28).
nocross(10,4).
nocross(10,19).
nocross(10,23).
nocross(10,24).
nocross(11,3).
nocross(11,5).
nocross(11,8).
nocross(11,12).
nocross(11,13).
nocross(11,14).
nocross(11,16).
nocross(11,17).
nocross(11,18).
nocross(11,22).
nocross(11,26).
nocross(11,27).
nocross(11,28).
nocross(12,2).
nocross(12,3).
nocross(12,5).
nocross(12,6).
nocross(12,8).
nocross(12,9).
nocross(12,11).
nocross(12,14).
nocross(12,17).
nocross(12,18).
nocross(12,20).
nocross(12,21).
nocross(12,22).
nocross(12,25).
nocross(12,27).
nocross(12,28).
nocross(13,3).
nocross(13,5).
nocross(13,8).
nocross(13,11).
nocross(13,14).
nocross(13,16).
nocross(13,17).
nocross(13,18).
nocross(13,26).
nocross(13,27).
nocross(14,3).
nocross(14,5).
nocross(14,8).
nocross(14,11).
nocross(14,12).
nocross(14,13).
nocross(14,16).
nocross(14,17).
nocross(14,18).
nocross(14,22).
nocross(14,26).
nocross(14,27).
nocross(14,28).
nocross(15,1).
nocross(15,2).
nocross(15,4).
nocross(15,7).
nocross(15,9).
nocross(15,10).
nocross(15,20).
nocross(15,21).
nocross(15,23).
nocross(15,24).
nocross(15,25).
nocross(16,3).
nocross(16,5).
nocross(16,8).
nocross(16,11).
nocross(16,13).
nocross(16,14).
nocross(16,17).
nocross(16,18).
nocross(16,22).
nocross(16,26).
nocross(16,27).
nocross(17,3).
nocross(17,5).
nocross(17,8).
nocross(17,11).
nocross(17,12).
nocross(17,13).
nocross(17,14).
nocross(17,16).
nocross(17,18).
nocross(17,22).
nocross(17,26).
nocross(17,27).
nocross(17,28).
nocross(18,3).
nocross(18,5).
nocross(18,8).
nocross(18,9).
nocross(18,11).
nocross(18,12).
nocross(18,13).
nocross(18,14).
nocross(18,16).
nocross(18,17).
nocross(18,22).
nocross(18,26).
nocross(18,27).
nocross(18,28).
nocross(19,4).
nocross(19,10).
nocross(19,23).
nocross(19,24).
nocross(20,1).
nocross(20,2).
nocross(20,4).
nocross(20,6).
nocross(20,7).
nocross(20,9).
nocross(20,12).
nocross(20,15).
nocross(20,21).
nocross(20,23).
nocross(20,24).
nocross(20,25).
nocross(20,28).
nocross(21,1).
nocross(21,2).
nocross(21,6).
nocross(21,7).
nocross(21,9).
nocross(21,12).
nocross(21,15).
nocross(21,20).
nocross(21,25).
nocross(21,28).
nocross(22,3).
nocross(22,5).
nocross(22,8).
nocross(22,11).
nocross(22,12).
nocross(22,14).
nocross(22,16).
nocross(22,17).
nocross(22,18).
nocross(22,27).
nocross(22,28).
nocross(23,1).
nocross(23,4).
nocross(23,9).
nocross(23,10).
nocross(23,15).
nocross(23,19).
nocross(23,20).
nocross(23,24).
nocross(24,1).
nocross(24,3).
nocross(24,4).
nocross(24,9).
nocross(24,10).
nocross(24,15).
nocross(24,19).
nocross(24,20).
nocross(24,23).
nocross(24,25).
nocross(25,1).
nocross(25,2).
nocross(25,4).
nocross(25,6).
nocross(25,7).
nocross(25,9).
nocross(25,12).
nocross(25,15).
nocross(25,20).
nocross(25,21).
nocross(25,24).
nocross(25,28).
nocross(26,3).
nocross(26,5).
nocross(26,8).
nocross(26,11).
nocross(26,12).
nocross(26,13).
nocross(26,14).
nocross(26,16).
nocross(26,17).
nocross(26,18).
nocross(26,22).
nocross(26,27).
nocross(26,28).
nocross(27,3).
nocross(27,5).
nocross(27,8).
nocross(27,11).
nocross(27,12).
nocross(27,13).
nocross(27,14).
nocross(27,16).
nocross(27,17).
nocross(27,18).
nocross(27,22).
nocross(27,26).
nocross(27,28).
nocross(28,2).
nocross(28,3).
nocross(28,5).
nocross(28,6).
nocross(28,8).
nocross(28,11).
nocross(28,12).
nocross(28,14).
nocross(28,17).
nocross(28,18).
nocross(28,20).
nocross(28,21).
nocross(28,22).
nocross(28,25).
nocross(28,27).
