dimension(28).
point(1, 50.936718014, 86.7739960601).
point(2, 22.4045968851, 56.6326385397).
point(3, 94.2660439297, 45.5739331151).
point(4, 72.9847905398, 28.6393770444).
point(5, 39.9677204809, 55.4399131734).
point(6, 95.8649367888, 24.460580891).
point(7, 82.800802325, 45.6258320302).
point(8, 27.1609080723, 68.9246717277).
point(9, 73.3676189934, 18.1479945392).
point(10, 85.0671951999, 46.8532336073).
point(11, 13.3890042004, 44.9708280385).
point(12, 54.6508292472, 71.2916343762).
point(13, 45.0277392828, 85.7083916736).
point(14, 78.1435500062, 41.9269509971).
point(15, 87.9385631336, 68.318521641).
point(16, 84.1300027116, 29.2541504999).
point(17, 58.153196817, 34.8082019663).
point(18, 96.4474661338, 41.2959003156).
point(19, 19.5255916334, 46.4641776437).
point(20, 83.928716935, 56.7426353404).
point(21, 84.791903039, 64.8298334162).
point(22, 83.003900777, 16.0499712278).
point(23, 35.0589174018, 66.3944531397).
point(24, 14.8663395269, 71.0469875778).
point(25, 47.3150475223, 74.1859463047).
point(26, 54.1212393287, 85.5073757773).
point(27, 23.912829499, 44.6519705527).
point(28, 20.5226386192, 84.7482006245).
cost(1, 2, 42).
cost(1, 3, 60).
cost(1, 4, 62).
cost(1, 5, 33).
cost(1, 6, 77).
cost(1, 7, 52).
cost(1, 8, 30).
cost(1, 9, 72).
cost(1, 10, 53).
cost(1, 11, 56).
cost(1, 12, 16).
cost(1, 13, 6).
cost(1, 14, 52).
cost(1, 15, 41).
cost(1, 16, 66).
cost(1, 17, 52).
cost(1, 18, 64).
cost(1, 19, 51).
cost(1, 20, 45).
cost(1, 21, 40).
cost(1, 22, 78).
cost(1, 23, 26).
cost(1, 24, 39).
cost(1, 25, 13).
cost(1, 26, 3).
cost(1, 27, 50).
cost(1, 28, 30).
cost(2, 1, 42).
cost(2, 3, 73).
cost(2, 4, 58).
cost(2, 5, 18).
cost(2, 6, 80).
cost(2, 7, 61).
cost(2, 8, 13).
cost(2, 9, 64).
cost(2, 10, 63).
cost(2, 11, 15).
cost(2, 12, 35).
cost(2, 13, 37).
cost(2, 14, 58).
cost(2, 15, 67).
cost(2, 16, 68).
cost(2, 17, 42).
cost(2, 18, 76).
cost(2, 19, 11).
cost(2, 20, 62).
cost(2, 21, 63).
cost(2, 22, 73).
cost(2, 23, 16).
cost(2, 24, 16).
cost(2, 25, 30).
cost(2, 26, 43).
cost(2, 27, 12).
cost(2, 28, 28).
cost(3, 1, 60).
cost(3, 2, 73).
cost(3, 4, 27).
cost(3, 5, 55).
cost(3, 6, 21).
cost(3, 7, 11).
cost(3, 8, 71).
cost(3, 9, 34).
cost(3, 10, 9).
cost(3, 11, 81).
cost(3, 12, 47).
cost(3, 13, 64).
cost(3, 14, 17).
cost(3, 15, 24).
cost(3, 16, 19).
cost(3, 17, 38).
cost(3, 18, 5).
cost(3, 19, 75).
cost(3, 20, 15).
cost(3, 21, 21).
cost(3, 22, 32).
cost(3, 23, 63).
cost(3, 24, 83).
cost(3, 25, 55).
cost(3, 26, 57).
cost(3, 27, 70).
cost(3, 28, 84).
cost(4, 1, 62).
cost(4, 2, 58).
cost(4, 3, 27).
cost(4, 5, 43).
cost(4, 6, 23).
cost(4, 7, 20).
cost(4, 8, 61).
cost(4, 9, 10).
cost(4, 10, 22).
cost(4, 11, 62).
cost(4, 12, 46).
cost(4, 13, 64).
cost(4, 14, 14).
cost(4, 15, 42).
cost(4, 16, 11).
cost(4, 17, 16).
cost(4, 18, 27).
cost(4, 19, 56).
cost(4, 20, 30).
cost(4, 21, 38).
cost(4, 22, 16).
cost(4, 23, 54).
cost(4, 24, 72).
cost(4, 25, 52).
cost(4, 26, 60).
cost(4, 27, 52).
cost(4, 28, 77).
cost(5, 1, 33).
cost(5, 2, 18).
cost(5, 3, 55).
cost(5, 4, 43).
cost(5, 6, 64).
cost(5, 7, 44).
cost(5, 8, 19).
cost(5, 9, 50).
cost(5, 10, 46).
cost(5, 11, 29).
cost(5, 12, 22).
cost(5, 13, 31).
cost(5, 14, 40).
cost(5, 15, 50).
cost(5, 16, 51).
cost(5, 17, 28).
cost(5, 18, 58).
cost(5, 19, 22).
cost(5, 20, 44).
cost(5, 21, 46).
cost(5, 22, 58).
cost(5, 23, 12).
cost(5, 24, 30).
cost(5, 25, 20).
cost(5, 26, 33).
cost(5, 27, 19).
cost(5, 28, 35).
cost(6, 1, 77).
cost(6, 2, 80).
cost(6, 3, 21).
cost(6, 4, 23).
cost(6, 5, 64).
cost(6, 7, 25).
cost(6, 8, 82).
cost(6, 9, 23).
cost(6, 10, 25).
cost(6, 11, 85).
cost(6, 12, 62).
cost(6, 13, 80).
cost(6, 14, 25).
cost(6, 15, 45).
cost(6, 16, 13).
cost(6, 17, 39).
cost(6, 18, 17).
cost(6, 19, 79).
cost(6, 20, 34).
cost(6, 21, 42).
cost(6, 22, 15).
cost(6, 23, 74).
cost(6, 24, 93).
cost(6, 25, 69).
cost(6, 26, 74).
cost(6, 27, 75).
cost(6, 28, 96).
cost(7, 1, 52).
cost(7, 2, 61).
cost(7, 3, 11).
cost(7, 4, 20).
cost(7, 5, 44).
cost(7, 6, 25).
cost(7, 8, 60).
cost(7, 9, 29).
cost(7, 10, 3).
cost(7, 11, 69).
cost(7, 12, 38).
cost(7, 13, 55).
cost(7, 14, 6).
cost(7, 15, 23).
cost(7, 16, 16).
cost(7, 17, 27).
cost(7, 18, 14).
cost(7, 19, 63).
cost(7, 20, 11).
cost(7, 21, 19).
cost(7, 22, 30).
cost(7, 23, 52).
cost(7, 24, 73).
cost(7, 25, 46).
cost(7, 26, 49).
cost(7, 27, 59).
cost(7, 28, 74).
cost(8, 1, 30).
cost(8, 2, 13).
cost(8, 3, 71).
cost(8, 4, 61).
cost(8, 5, 19).
cost(8, 6, 82).
cost(8, 7, 60).
cost(8, 9, 69).
cost(8, 10, 62).
cost(8, 11, 28).
cost(8, 12, 28).
cost(8, 13, 25).
cost(8, 14, 58).
cost(8, 15, 61).
cost(8, 16, 69).
cost(8, 17, 46).
cost(8, 18, 75).
cost(8, 19, 24).
cost(8, 20, 58).
cost(8, 21, 58).
cost(8, 22, 77).
cost(8, 23, 8).
cost(8, 24, 12).
cost(8, 25, 21).
cost(8, 26, 32).
cost(8, 27, 24).
cost(8, 28, 17).
cost(9, 1, 72).
cost(9, 2, 64).
cost(9, 3, 34).
cost(9, 4, 10).
cost(9, 5, 50).
cost(9, 6, 23).
cost(9, 7, 29).
cost(9, 8, 69).
cost(9, 10, 31).
cost(9, 11, 66).
cost(9, 12, 56).
cost(9, 13, 73).
cost(9, 14, 24).
cost(9, 15, 52).
cost(9, 16, 15).
cost(9, 17, 23).
cost(9, 18, 33).
cost(9, 19, 61).
cost(9, 20, 40).
cost(9, 21, 48).
cost(9, 22, 10).
cost(9, 23, 62).
cost(9, 24, 79).
cost(9, 25, 62).
cost(9, 26, 70).
cost(9, 27, 56).
cost(9, 28, 85).
cost(10, 1, 53).
cost(10, 2, 63).
cost(10, 3, 9).
cost(10, 4, 22).
cost(10, 5, 46).
cost(10, 6, 25).
cost(10, 7, 3).
cost(10, 8, 62).
cost(10, 9, 31).
cost(10, 11, 72).
cost(10, 12, 39).
cost(10, 13, 56).
cost(10, 14, 8).
cost(10, 15, 22).
cost(10, 16, 18).
cost(10, 17, 29).
cost(10, 18, 13).
cost(10, 19, 66).
cost(10, 20, 10).
cost(10, 21, 18).
cost(10, 22, 31).
cost(10, 23, 54).
cost(10, 24, 74).
cost(10, 25, 47).
cost(10, 26, 50).
cost(10, 27, 61).
cost(10, 28, 75).
cost(11, 1, 56).
cost(11, 2, 15).
cost(11, 3, 81).
cost(11, 4, 62).
cost(11, 5, 29).
cost(11, 6, 85).
cost(11, 7, 69).
cost(11, 8, 28).
cost(11, 9, 66).
cost(11, 10, 72).
cost(11, 12, 49).
cost(11, 13, 52).
cost(11, 14, 65).
cost(11, 15, 78).
cost(11, 16, 72).
cost(11, 17, 46).
cost(11, 18, 83).
cost(11, 19, 6).
cost(11, 20, 72).
cost(11, 21, 74).
cost(11, 22, 75).
cost(11, 23, 30).
cost(11, 24, 26).
cost(11, 25, 45).
cost(11, 26, 57).
cost(11, 27, 11).
cost(11, 28, 40).
cost(12, 1, 16).
cost(12, 2, 35).
cost(12, 3, 47).
cost(12, 4, 46).
cost(12, 5, 22).
cost(12, 6, 62).
cost(12, 7, 38).
cost(12, 8, 28).
cost(12, 9, 56).
cost(12, 10, 39).
cost(12, 11, 49).
cost(12, 13, 17).
cost(12, 14, 38).
cost(12, 15, 33).
cost(12, 16, 51).
cost(12, 17, 37).
cost(12, 18, 51).
cost(12, 19, 43).
cost(12, 20, 33).
cost(12, 21, 31).
cost(12, 22, 62).
cost(12, 23, 20).
cost(12, 24, 40).
cost(12, 25, 8).
cost(12, 26, 14).
cost(12, 27, 41).
cost(12, 28, 37).
cost(13, 1, 6).
cost(13, 2, 37).
cost(13, 3, 64).
cost(13, 4, 64).
cost(13, 5, 31).
cost(13, 6, 80).
cost(13, 7, 55).
cost(13, 8, 25).
cost(13, 9, 73).
cost(13, 10, 56).
cost(13, 11, 52).
cost(13, 12, 17).
cost(13, 14, 55).
cost(13, 15, 46).
cost(13, 16, 69).
cost(13, 17, 53).
cost(13, 18, 68).
cost(13, 19, 47).
cost(13, 20, 49).
cost(13, 21, 45).
cost(13, 22, 79).
cost(13, 23, 22).
cost(13, 24, 34).
cost(13, 25, 12).
cost(13, 26, 9).
cost(13, 27, 46).
cost(13, 28, 25).
cost(14, 1, 52).
cost(14, 2, 58).
cost(14, 3, 17).
cost(14, 4, 14).
cost(14, 5, 40).
cost(14, 6, 25).
cost(14, 7, 6).
cost(14, 8, 58).
cost(14, 9, 24).
cost(14, 10, 8).
cost(14, 11, 65).
cost(14, 12, 38).
cost(14, 13, 55).
cost(14, 15, 28).
cost(14, 16, 14).
cost(14, 17, 21).
cost(14, 18, 18).
cost(14, 19, 59).
cost(14, 20, 16).
cost(14, 21, 24).
cost(14, 22, 26).
cost(14, 23, 50).
cost(14, 24, 70).
cost(14, 25, 45).
cost(14, 26, 50).
cost(14, 27, 54).
cost(14, 28, 72).
cost(15, 1, 41).
cost(15, 2, 67).
cost(15, 3, 24).
cost(15, 4, 42).
cost(15, 5, 50).
cost(15, 6, 45).
cost(15, 7, 23).
cost(15, 8, 61).
cost(15, 9, 52).
cost(15, 10, 22).
cost(15, 11, 78).
cost(15, 12, 33).
cost(15, 13, 46).
cost(15, 14, 28).
cost(15, 16, 39).
cost(15, 17, 45).
cost(15, 18, 28).
cost(15, 19, 72).
cost(15, 20, 12).
cost(15, 21, 5).
cost(15, 22, 53).
cost(15, 23, 53).
cost(15, 24, 73).
cost(15, 25, 41).
cost(15, 26, 38).
cost(15, 27, 68).
cost(15, 28, 69).
cost(16, 1, 66).
cost(16, 2, 68).
cost(16, 3, 19).
cost(16, 4, 11).
cost(16, 5, 51).
cost(16, 6, 13).
cost(16, 7, 16).
cost(16, 8, 69).
cost(16, 9, 15).
cost(16, 10, 18).
cost(16, 11, 72).
cost(16, 12, 51).
cost(16, 13, 69).
cost(16, 14, 14).
cost(16, 15, 39).
cost(16, 17, 27).
cost(16, 18, 17).
cost(16, 19, 67).
cost(16, 20, 27).
cost(16, 21, 36).
cost(16, 22, 13).
cost(16, 23, 62).
cost(16, 24, 81).
cost(16, 25, 58).
cost(16, 26, 64).
cost(16, 27, 62).
cost(16, 28, 84).
cost(17, 1, 52).
cost(17, 2, 42).
cost(17, 3, 38).
cost(17, 4, 16).
cost(17, 5, 28).
cost(17, 6, 39).
cost(17, 7, 27).
cost(17, 8, 46).
cost(17, 9, 23).
cost(17, 10, 29).
cost(17, 11, 46).
cost(17, 12, 37).
cost(17, 13, 53).
cost(17, 14, 21).
cost(17, 15, 45).
cost(17, 16, 27).
cost(17, 18, 39).
cost(17, 19, 40).
cost(17, 20, 34).
cost(17, 21, 40).
cost(17, 22, 31).
cost(17, 23, 39).
cost(17, 24, 56).
cost(17, 25, 41).
cost(17, 26, 51).
cost(17, 27, 36).
cost(17, 28, 63).
cost(18, 1, 64).
cost(18, 2, 76).
cost(18, 3, 5).
cost(18, 4, 27).
cost(18, 5, 58).
cost(18, 6, 17).
cost(18, 7, 14).
cost(18, 8, 75).
cost(18, 9, 33).
cost(18, 10, 13).
cost(18, 11, 83).
cost(18, 12, 51).
cost(18, 13, 68).
cost(18, 14, 18).
cost(18, 15, 28).
cost(18, 16, 17).
cost(18, 17, 39).
cost(18, 19, 77).
cost(18, 20, 20).
cost(18, 21, 26).
cost(18, 22, 29).
cost(18, 23, 66).
cost(18, 24, 87).
cost(18, 25, 59).
cost(18, 26, 61).
cost(18, 27, 73).
cost(18, 28, 87).
cost(19, 1, 51).
cost(19, 2, 11).
cost(19, 3, 75).
cost(19, 4, 56).
cost(19, 5, 22).
cost(19, 6, 79).
cost(19, 7, 63).
cost(19, 8, 24).
cost(19, 9, 61).
cost(19, 10, 66).
cost(19, 11, 6).
cost(19, 12, 43).
cost(19, 13, 47).
cost(19, 14, 59).
cost(19, 15, 72).
cost(19, 16, 67).
cost(19, 17, 40).
cost(19, 18, 77).
cost(19, 20, 65).
cost(19, 21, 68).
cost(19, 22, 70).
cost(19, 23, 25).
cost(19, 24, 25).
cost(19, 25, 39).
cost(19, 26, 52).
cost(19, 27, 5).
cost(19, 28, 38).
cost(20, 1, 45).
cost(20, 2, 62).
cost(20, 3, 15).
cost(20, 4, 30).
cost(20, 5, 44).
cost(20, 6, 34).
cost(20, 7, 11).
cost(20, 8, 58).
cost(20, 9, 40).
cost(20, 10, 10).
cost(20, 11, 72).
cost(20, 12, 33).
cost(20, 13, 49).
cost(20, 14, 16).
cost(20, 15, 12).
cost(20, 16, 27).
cost(20, 17, 34).
cost(20, 18, 20).
cost(20, 19, 65).
cost(20, 21, 8).
cost(20, 22, 41).
cost(20, 23, 50).
cost(20, 24, 71).
cost(20, 25, 41).
cost(20, 26, 41).
cost(20, 27, 61).
cost(20, 28, 69).
cost(21, 1, 40).
cost(21, 2, 63).
cost(21, 3, 21).
cost(21, 4, 38).
cost(21, 5, 46).
cost(21, 6, 42).
cost(21, 7, 19).
cost(21, 8, 58).
cost(21, 9, 48).
cost(21, 10, 18).
cost(21, 11, 74).
cost(21, 12, 31).
cost(21, 13, 45).
cost(21, 14, 24).
cost(21, 15, 5).
cost(21, 16, 36).
cost(21, 17, 40).
cost(21, 18, 26).
cost(21, 19, 68).
cost(21, 20, 8).
cost(21, 22, 49).
cost(21, 23, 50).
cost(21, 24, 70).
cost(21, 25, 39).
cost(21, 26, 37).
cost(21, 27, 64).
cost(21, 28, 67).
cost(22, 1, 78).
cost(22, 2, 73).
cost(22, 3, 32).
cost(22, 4, 16).
cost(22, 5, 58).
cost(22, 6, 15).
cost(22, 7, 30).
cost(22, 8, 77).
cost(22, 9, 10).
cost(22, 10, 31).
cost(22, 11, 75).
cost(22, 12, 62).
cost(22, 13, 79).
cost(22, 14, 26).
cost(22, 15, 53).
cost(22, 16, 13).
cost(22, 17, 31).
cost(22, 18, 29).
cost(22, 19, 70).
cost(22, 20, 41).
cost(22, 21, 49).
cost(22, 23, 70).
cost(22, 24, 88).
cost(22, 25, 68).
cost(22, 26, 75).
cost(22, 27, 66).
cost(22, 28, 93).
cost(23, 1, 26).
cost(23, 2, 16).
cost(23, 3, 63).
cost(23, 4, 54).
cost(23, 5, 12).
cost(23, 6, 74).
cost(23, 7, 52).
cost(23, 8, 8).
cost(23, 9, 62).
cost(23, 10, 54).
cost(23, 11, 30).
cost(23, 12, 20).
cost(23, 13, 22).
cost(23, 14, 50).
cost(23, 15, 53).
cost(23, 16, 62).
cost(23, 17, 39).
cost(23, 18, 66).
cost(23, 19, 25).
cost(23, 20, 50).
cost(23, 21, 50).
cost(23, 22, 70).
cost(23, 24, 21).
cost(23, 25, 15).
cost(23, 26, 27).
cost(23, 27, 24).
cost(23, 28, 23).
cost(24, 1, 39).
cost(24, 2, 16).
cost(24, 3, 83).
cost(24, 4, 72).
cost(24, 5, 30).
cost(24, 6, 93).
cost(24, 7, 73).
cost(24, 8, 12).
cost(24, 9, 79).
cost(24, 10, 74).
cost(24, 11, 26).
cost(24, 12, 40).
cost(24, 13, 34).
cost(24, 14, 70).
cost(24, 15, 73).
cost(24, 16, 81).
cost(24, 17, 56).
cost(24, 18, 87).
cost(24, 19, 25).
cost(24, 20, 71).
cost(24, 21, 70).
cost(24, 22, 88).
cost(24, 23, 21).
cost(24, 25, 33).
cost(24, 26, 42).
cost(24, 27, 28).
cost(24, 28, 15).
cost(25, 1, 13).
cost(25, 2, 30).
cost(25, 3, 55).
cost(25, 4, 52).
cost(25, 5, 20).
cost(25, 6, 69).
cost(25, 7, 46).
cost(25, 8, 21).
cost(25, 9, 62).
cost(25, 10, 47).
cost(25, 11, 45).
cost(25, 12, 8).
cost(25, 13, 12).
cost(25, 14, 45).
cost(25, 15, 41).
cost(25, 16, 58).
cost(25, 17, 41).
cost(25, 18, 59).
cost(25, 19, 39).
cost(25, 20, 41).
cost(25, 21, 39).
cost(25, 22, 68).
cost(25, 23, 15).
cost(25, 24, 33).
cost(25, 26, 13).
cost(25, 27, 38).
cost(25, 28, 29).
cost(26, 1, 3).
cost(26, 2, 43).
cost(26, 3, 57).
cost(26, 4, 60).
cost(26, 5, 33).
cost(26, 6, 74).
cost(26, 7, 49).
cost(26, 8, 32).
cost(26, 9, 70).
cost(26, 10, 50).
cost(26, 11, 57).
cost(26, 12, 14).
cost(26, 13, 9).
cost(26, 14, 50).
cost(26, 15, 38).
cost(26, 16, 64).
cost(26, 17, 51).
cost(26, 18, 61).
cost(26, 19, 52).
cost(26, 20, 41).
cost(26, 21, 37).
cost(26, 22, 75).
cost(26, 23, 27).
cost(26, 24, 42).
cost(26, 25, 13).
cost(26, 27, 51).
cost(26, 28, 34).
cost(27, 1, 50).
cost(27, 2, 12).
cost(27, 3, 70).
cost(27, 4, 52).
cost(27, 5, 19).
cost(27, 6, 75).
cost(27, 7, 59).
cost(27, 8, 24).
cost(27, 9, 56).
cost(27, 10, 61).
cost(27, 11, 11).
cost(27, 12, 41).
cost(27, 13, 46).
cost(27, 14, 54).
cost(27, 15, 68).
cost(27, 16, 62).
cost(27, 17, 36).
cost(27, 18, 73).
cost(27, 19, 5).
cost(27, 20, 61).
cost(27, 21, 64).
cost(27, 22, 66).
cost(27, 23, 24).
cost(27, 24, 28).
cost(27, 25, 38).
cost(27, 26, 51).
cost(27, 28, 40).
cost(28, 1, 30).
cost(28, 2, 28).
cost(28, 3, 84).
cost(28, 4, 77).
cost(28, 5, 35).
cost(28, 6, 96).
cost(28, 7, 74).
cost(28, 8, 17).
cost(28, 9, 85).
cost(28, 10, 75).
cost(28, 11, 40).
cost(28, 12, 37).
cost(28, 13, 25).
cost(28, 14, 72).
cost(28, 15, 69).
cost(28, 16, 84).
cost(28, 17, 63).
cost(28, 18, 87).
cost(28, 19, 38).
cost(28, 20, 69).
cost(28, 21, 67).
cost(28, 22, 93).
cost(28, 23, 23).
cost(28, 24, 15).
cost(28, 25, 29).
cost(28, 26, 34).
cost(28, 27, 40).
nocross(1,8).
nocross(1,12).
nocross(1,13).
nocross(1,21).
nocross(1,23).
nocross(1,25).
nocross(1,26).
nocross(1,28).
nocross(2,5).
nocross(2,8).
nocross(2,11).
nocross(2,13).
nocross(2,19).
nocross(2,23).
nocross(2,24).
nocross(2,25).
nocross(2,27).
nocross(3,4).
nocross(3,6).
nocross(3,7).
nocross(3,10).
nocross(3,14).
nocross(3,15).
nocross(3,16).
nocross(3,18).
nocross(3,20).
nocross(3,21).
nocross(4,3).
nocross(4,6).
nocross(4,7).
nocross(4,9).
nocross(4,10).
nocross(4,14).
nocross(4,16).
nocross(4,17).
nocross(4,18).
nocross(4,20).
nocross(4,22).
nocross(5,1).
nocross(5,2).
nocross(5,7).
nocross(5,8).
nocross(5,10).
nocross(5,11).
nocross(5,12).
nocross(5,13).
nocross(5,14).
nocross(5,17).
nocross(5,19).
nocross(5,23).
nocross(5,24).
nocross(5,25).
nocross(5,26).
nocross(5,27).
nocross(6,3).
nocross(6,4).
nocross(6,7).
nocross(6,9).
nocross(6,10).
nocross(6,14).
nocross(6,16).
nocross(6,18).
nocross(6,22).
nocross(7,3).
nocross(7,4).
nocross(7,6).
nocross(7,9).
nocross(7,10).
nocross(7,12).
nocross(7,14).
nocross(7,15).
nocross(7,16).
nocross(7,17).
nocross(7,18).
nocross(7,20).
nocross(7,21).
nocross(7,22).
nocross(8,1).
nocross(8,2).
nocross(8,5).
nocross(8,11).
nocross(8,12).
nocross(8,13).
nocross(8,19).
nocross(8,23).
nocross(8,24).
nocross(8,25).
nocross(8,26).
nocross(8,27).
nocross(8,28).
nocross(9,4).
nocross(9,6).
nocross(9,7).
nocross(9,10).
nocross(9,14).
nocross(9,16).
nocross(9,17).
nocross(9,22).
nocross(10,3).
nocross(10,4).
nocross(10,6).
nocross(10,7).
nocross(10,14).
nocross(10,15).
nocross(10,16).
nocross(10,17).
nocross(10,18).
nocross(10,20).
nocross(10,21).
nocross(11,2).
nocross(11,8).
nocross(11,19).
nocross(11,23).
nocross(11,24).
nocross(11,27).
nocross(12,1).
nocross(12,5).
nocross(12,7).
nocross(12,8).
nocross(12,10).
nocross(12,13).
nocross(12,14).
nocross(12,15).
nocross(12,20).
nocross(12,21).
nocross(12,23).
nocross(12,25).
nocross(12,26).
nocross(13,1).
nocross(13,2).
nocross(13,5).
nocross(13,8).
nocross(13,12).
nocross(13,23).
nocross(13,24).
nocross(13,25).
nocross(13,26).
nocross(13,28).
nocross(14,3).
nocross(14,4).
nocross(14,6).
nocross(14,7).
nocross(14,9).
nocross(14,10).
nocross(14,15).
nocross(14,16).
nocross(14,17).
nocross(14,18).
nocross(14,20).
nocross(14,21).
nocross(14,22).
nocross(15,1).
nocross(15,3).
nocross(15,7).
nocross(15,10).
nocross(15,12).
nocross(15,18).
nocross(15,20).
nocross(15,21).
nocross(15,25).
nocross(15,26).
nocross(16,3).
nocross(16,4).
nocross(16,6).
nocross(16,7).
nocross(16,9).
nocross(16,10).
nocross(16,14).
nocross(16,17).
nocross(16,18).
nocross(16,20).
nocross(16,22).
nocross(17,3).
nocross(17,4).
nocross(17,5).
nocross(17,7).
nocross(17,9).
nocross(17,10).
nocross(17,14).
nocross(17,16).
nocross(17,19).
nocross(17,20).
nocross(17,22).
nocross(17,23).
nocross(17,25).
nocross(17,27).
nocross(18,3).
nocross(18,4).
nocross(18,6).
nocross(18,7).
nocross(18,10).
nocross(18,14).
nocross(18,15).
nocross(18,16).
nocross(18,20).
nocross(18,21).
nocross(18,22).
nocross(19,2).
nocross(19,5).
nocross(19,8).
nocross(19,11).
nocross(19,23).
nocross(19,24).
nocross(19,27).
nocross(20,1).
nocross(20,3).
nocross(20,4).
nocross(20,7).
nocross(20,10).
nocross(20,12).
nocross(20,14).
nocross(20,15).
nocross(20,16).
nocross(20,17).
nocross(20,18).
nocross(20,21).
nocross(20,25).
nocross(20,26).
nocross(21,1).
nocross(21,3).
nocross(21,7).
nocross(21,10).
nocross(21,12).
nocross(21,13).
nocross(21,14).
nocross(21,15).
nocross(21,18).
nocross(21,20).
nocross(21,25).
nocross(21,26).
nocross(22,4).
nocross(22,6).
nocross(22,7).
nocross(22,9).
nocross(22,10).
nocross(22,14).
nocross(22,16).
nocross(22,18).
nocross(23,1).
nocross(23,2).
nocross(23,5).
nocross(23,8).
nocross(23,11).
nocross(23,12).
nocross(23,13).
nocross(23,19).
nocross(23,24).
nocross(23,25).
nocross(23,26).
nocross(23,27).
nocross(23,28).
nocross(24,1).
nocross(24,2).
nocross(24,5).
nocross(24,8).
nocross(24,11).
nocross(24,13).
nocross(24,19).
nocross(24,23).
nocross(24,25).
nocross(24,27).
nocross(24,28).
nocross(25,1).
nocross(25,2).
nocross(25,5).
nocross(25,8).
nocross(25,12).
nocross(25,13).
nocross(25,15).
nocross(25,19).
nocross(25,21).
nocross(25,23).
nocross(25,24).
nocross(25,26).
nocross(25,28).
nocross(26,1).
nocross(26,8).
nocross(26,12).
nocross(26,13).
nocross(26,15).
nocross(26,21).
nocross(26,23).
nocross(26,25).
nocross(27,2).
nocross(27,5).
nocross(27,8).
nocross(27,11).
nocross(27,19).
nocross(27,23).
nocross(27,24).
nocross(28,1).
nocross(28,2).
nocross(28,5).
nocross(28,8).
nocross(28,13).
nocross(28,19).
nocross(28,23).
nocross(28,24).
nocross(28,25).
nocross(28,26).
