dimension(28).
point(1, 59.7997586963, 39.2928786239).
point(2, 5.6658692741, 57.4365986809).
point(3, 28.8281926522, 56.4036354908).
point(4, 42.1595695042, 21.6636670028).
point(5, 63.9531519625, 76.9931280826).
point(6, 25.412429687, 62.9127537433).
point(7, 67.3771738048, 36.6535805819).
point(8, 67.3041756444, 81.6191715393).
point(9, 89.7791568705, 38.8828307087).
point(10, 10.8866023067, 66.4388628515).
point(11, 71.6187298072, 30.3912869628).
point(12, 43.4967695029, 8.2589979843).
point(13, 13.9124345326, 87.3392329511).
point(14, 86.5851529664, 16.3554173918).
point(15, 40.4916425016, 59.6638728295).
point(16, 50.701497156, 18.2562929923).
point(17, 81.1458387014, 55.4089937413).
point(18, 59.5543956065, 12.9418645312).
point(19, 81.7859100654, 58.4132834224).
point(20, 56.0514873587, 79.2620425106).
point(21, 56.3092102205, 67.1981375038).
point(22, 85.3031330823, 37.926075885).
point(23, 54.6263290176, 31.7937750002).
point(24, 41.3668486637, 70.9706703625).
point(25, 51.2021171383, 84.4871159992).
point(26, 61.8598469578, 71.8212358913).
point(27, 36.0555126908, 77.1804112102).
point(28, 77.684546635, 32.5796694513).
cost(1, 2, 57).
cost(1, 3, 35).
cost(1, 4, 25).
cost(1, 5, 38).
cost(1, 6, 42).
cost(1, 7, 8).
cost(1, 8, 43).
cost(1, 9, 30).
cost(1, 10, 56).
cost(1, 11, 15).
cost(1, 12, 35).
cost(1, 13, 66).
cost(1, 14, 35).
cost(1, 15, 28).
cost(1, 16, 23).
cost(1, 17, 27).
cost(1, 18, 26).
cost(1, 19, 29).
cost(1, 20, 40).
cost(1, 21, 28).
cost(1, 22, 26).
cost(1, 23, 9).
cost(1, 24, 37).
cost(1, 25, 46).
cost(1, 26, 33).
cost(1, 27, 45).
cost(1, 28, 19).
cost(2, 1, 57).
cost(2, 3, 23).
cost(2, 4, 51).
cost(2, 5, 61).
cost(2, 6, 20).
cost(2, 7, 65).
cost(2, 8, 66).
cost(2, 9, 86).
cost(2, 10, 10).
cost(2, 11, 71).
cost(2, 12, 62).
cost(2, 13, 31).
cost(2, 14, 91).
cost(2, 15, 35).
cost(2, 16, 60).
cost(2, 17, 76).
cost(2, 18, 70).
cost(2, 19, 76).
cost(2, 20, 55).
cost(2, 21, 52).
cost(2, 22, 82).
cost(2, 23, 55).
cost(2, 24, 38).
cost(2, 25, 53).
cost(2, 26, 58).
cost(2, 27, 36).
cost(2, 28, 76).
cost(3, 1, 35).
cost(3, 2, 23).
cost(3, 4, 37).
cost(3, 5, 41).
cost(3, 6, 7).
cost(3, 7, 43).
cost(3, 8, 46).
cost(3, 9, 63).
cost(3, 10, 21).
cost(3, 11, 50).
cost(3, 12, 50).
cost(3, 13, 34).
cost(3, 14, 70).
cost(3, 15, 12).
cost(3, 16, 44).
cost(3, 17, 52).
cost(3, 18, 53).
cost(3, 19, 53).
cost(3, 20, 36).
cost(3, 21, 30).
cost(3, 22, 59).
cost(3, 23, 36).
cost(3, 24, 19).
cost(3, 25, 36).
cost(3, 26, 36).
cost(3, 27, 22).
cost(3, 28, 54).
cost(4, 1, 25).
cost(4, 2, 51).
cost(4, 3, 37).
cost(4, 5, 59).
cost(4, 6, 45).
cost(4, 7, 29).
cost(4, 8, 65).
cost(4, 9, 51).
cost(4, 10, 55).
cost(4, 11, 31).
cost(4, 12, 13).
cost(4, 13, 71).
cost(4, 14, 45).
cost(4, 15, 38).
cost(4, 16, 9).
cost(4, 17, 52).
cost(4, 18, 19).
cost(4, 19, 54).
cost(4, 20, 59).
cost(4, 21, 48).
cost(4, 22, 46).
cost(4, 23, 16).
cost(4, 24, 49).
cost(4, 25, 63).
cost(4, 26, 54).
cost(4, 27, 56).
cost(4, 28, 37).
cost(5, 1, 38).
cost(5, 2, 61).
cost(5, 3, 41).
cost(5, 4, 59).
cost(5, 6, 41).
cost(5, 7, 40).
cost(5, 8, 6).
cost(5, 9, 46).
cost(5, 10, 54).
cost(5, 11, 47).
cost(5, 12, 72).
cost(5, 13, 51).
cost(5, 14, 65).
cost(5, 15, 29).
cost(5, 16, 60).
cost(5, 17, 28).
cost(5, 18, 64).
cost(5, 19, 26).
cost(5, 20, 8).
cost(5, 21, 12).
cost(5, 22, 45).
cost(5, 23, 46).
cost(5, 24, 23).
cost(5, 25, 15).
cost(5, 26, 6).
cost(5, 27, 28).
cost(5, 28, 46).
cost(6, 1, 42).
cost(6, 2, 20).
cost(6, 3, 7).
cost(6, 4, 45).
cost(6, 5, 41).
cost(6, 7, 50).
cost(6, 8, 46).
cost(6, 9, 69).
cost(6, 10, 15).
cost(6, 11, 57).
cost(6, 12, 58).
cost(6, 13, 27).
cost(6, 14, 77).
cost(6, 15, 15).
cost(6, 16, 51).
cost(6, 17, 56).
cost(6, 18, 61).
cost(6, 19, 57).
cost(6, 20, 35).
cost(6, 21, 31).
cost(6, 22, 65).
cost(6, 23, 43).
cost(6, 24, 18).
cost(6, 25, 34).
cost(6, 26, 38).
cost(6, 27, 18).
cost(6, 28, 60).
cost(7, 1, 8).
cost(7, 2, 65).
cost(7, 3, 43).
cost(7, 4, 29).
cost(7, 5, 40).
cost(7, 6, 50).
cost(7, 8, 45).
cost(7, 9, 23).
cost(7, 10, 64).
cost(7, 11, 8).
cost(7, 12, 37).
cost(7, 13, 74).
cost(7, 14, 28).
cost(7, 15, 35).
cost(7, 16, 25).
cost(7, 17, 23).
cost(7, 18, 25).
cost(7, 19, 26).
cost(7, 20, 44).
cost(7, 21, 32).
cost(7, 22, 18).
cost(7, 23, 14).
cost(7, 24, 43).
cost(7, 25, 50).
cost(7, 26, 36).
cost(7, 27, 51).
cost(7, 28, 11).
cost(8, 1, 43).
cost(8, 2, 66).
cost(8, 3, 46).
cost(8, 4, 65).
cost(8, 5, 6).
cost(8, 6, 46).
cost(8, 7, 45).
cost(8, 9, 48).
cost(8, 10, 58).
cost(8, 11, 51).
cost(8, 12, 77).
cost(8, 13, 54).
cost(8, 14, 68).
cost(8, 15, 35).
cost(8, 16, 66).
cost(8, 17, 30).
cost(8, 18, 69).
cost(8, 19, 27).
cost(8, 20, 11).
cost(8, 21, 18).
cost(8, 22, 47).
cost(8, 23, 51).
cost(8, 24, 28).
cost(8, 25, 16).
cost(8, 26, 11).
cost(8, 27, 32).
cost(8, 28, 50).
cost(9, 1, 30).
cost(9, 2, 86).
cost(9, 3, 63).
cost(9, 4, 51).
cost(9, 5, 46).
cost(9, 6, 69).
cost(9, 7, 23).
cost(9, 8, 48).
cost(9, 10, 84).
cost(9, 11, 20).
cost(9, 12, 55).
cost(9, 13, 90).
cost(9, 14, 23).
cost(9, 15, 53).
cost(9, 16, 44).
cost(9, 17, 19).
cost(9, 18, 40).
cost(9, 19, 21).
cost(9, 20, 53).
cost(9, 21, 44).
cost(9, 22, 5).
cost(9, 23, 36).
cost(9, 24, 58).
cost(9, 25, 60).
cost(9, 26, 43).
cost(9, 27, 66).
cost(9, 28, 14).
cost(10, 1, 56).
cost(10, 2, 10).
cost(10, 3, 21).
cost(10, 4, 55).
cost(10, 5, 54).
cost(10, 6, 15).
cost(10, 7, 64).
cost(10, 8, 58).
cost(10, 9, 84).
cost(10, 11, 71).
cost(10, 12, 67).
cost(10, 13, 21).
cost(10, 14, 91).
cost(10, 15, 30).
cost(10, 16, 63).
cost(10, 17, 71).
cost(10, 18, 72).
cost(10, 19, 71).
cost(10, 20, 47).
cost(10, 21, 45).
cost(10, 22, 80).
cost(10, 23, 56).
cost(10, 24, 31).
cost(10, 25, 44).
cost(10, 26, 51).
cost(10, 27, 27).
cost(10, 28, 75).
cost(11, 1, 15).
cost(11, 2, 71).
cost(11, 3, 50).
cost(11, 4, 31).
cost(11, 5, 47).
cost(11, 6, 57).
cost(11, 7, 8).
cost(11, 8, 51).
cost(11, 9, 20).
cost(11, 10, 71).
cost(11, 12, 36).
cost(11, 13, 81).
cost(11, 14, 21).
cost(11, 15, 43).
cost(11, 16, 24).
cost(11, 17, 27).
cost(11, 18, 21).
cost(11, 19, 30).
cost(11, 20, 51).
cost(11, 21, 40).
cost(11, 22, 16).
cost(11, 23, 17).
cost(11, 24, 51).
cost(11, 25, 58).
cost(11, 26, 43).
cost(11, 27, 59).
cost(11, 28, 6).
cost(12, 1, 35).
cost(12, 2, 62).
cost(12, 3, 50).
cost(12, 4, 13).
cost(12, 5, 72).
cost(12, 6, 58).
cost(12, 7, 37).
cost(12, 8, 77).
cost(12, 9, 55).
cost(12, 10, 67).
cost(12, 11, 36).
cost(12, 13, 84).
cost(12, 14, 44).
cost(12, 15, 51).
cost(12, 16, 12).
cost(12, 17, 60).
cost(12, 18, 17).
cost(12, 19, 63).
cost(12, 20, 72).
cost(12, 21, 60).
cost(12, 22, 51).
cost(12, 23, 26).
cost(12, 24, 63).
cost(12, 25, 77).
cost(12, 26, 66).
cost(12, 27, 69).
cost(12, 28, 42).
cost(13, 1, 66).
cost(13, 2, 31).
cost(13, 3, 34).
cost(13, 4, 71).
cost(13, 5, 51).
cost(13, 6, 27).
cost(13, 7, 74).
cost(13, 8, 54).
cost(13, 9, 90).
cost(13, 10, 21).
cost(13, 11, 81).
cost(13, 12, 84).
cost(13, 14, 102).
cost(13, 15, 38).
cost(13, 16, 78).
cost(13, 17, 74).
cost(13, 18, 87).
cost(13, 19, 74).
cost(13, 20, 43).
cost(13, 21, 47).
cost(13, 22, 87).
cost(13, 23, 69).
cost(13, 24, 32).
cost(13, 25, 37).
cost(13, 26, 50).
cost(13, 27, 24).
cost(13, 28, 84).
cost(14, 1, 35).
cost(14, 2, 91).
cost(14, 3, 70).
cost(14, 4, 45).
cost(14, 5, 65).
cost(14, 6, 77).
cost(14, 7, 28).
cost(14, 8, 68).
cost(14, 9, 23).
cost(14, 10, 91).
cost(14, 11, 21).
cost(14, 12, 44).
cost(14, 13, 102).
cost(14, 15, 63).
cost(14, 16, 36).
cost(14, 17, 39).
cost(14, 18, 27).
cost(14, 19, 42).
cost(14, 20, 70).
cost(14, 21, 59).
cost(14, 22, 22).
cost(14, 23, 35).
cost(14, 24, 71).
cost(14, 25, 77).
cost(14, 26, 61).
cost(14, 27, 79).
cost(14, 28, 19).
cost(15, 1, 28).
cost(15, 2, 35).
cost(15, 3, 12).
cost(15, 4, 38).
cost(15, 5, 29).
cost(15, 6, 15).
cost(15, 7, 35).
cost(15, 8, 35).
cost(15, 9, 53).
cost(15, 10, 30).
cost(15, 11, 43).
cost(15, 12, 51).
cost(15, 13, 38).
cost(15, 14, 63).
cost(15, 16, 43).
cost(15, 17, 41).
cost(15, 18, 50).
cost(15, 19, 41).
cost(15, 20, 25).
cost(15, 21, 18).
cost(15, 22, 50).
cost(15, 23, 31).
cost(15, 24, 11).
cost(15, 25, 27).
cost(15, 26, 25).
cost(15, 27, 18).
cost(15, 28, 46).
cost(16, 1, 23).
cost(16, 2, 60).
cost(16, 3, 44).
cost(16, 4, 9).
cost(16, 5, 60).
cost(16, 6, 51).
cost(16, 7, 25).
cost(16, 8, 66).
cost(16, 9, 44).
cost(16, 10, 63).
cost(16, 11, 24).
cost(16, 12, 12).
cost(16, 13, 78).
cost(16, 14, 36).
cost(16, 15, 43).
cost(16, 17, 48).
cost(16, 18, 10).
cost(16, 19, 51).
cost(16, 20, 61).
cost(16, 21, 49).
cost(16, 22, 40).
cost(16, 23, 14).
cost(16, 24, 54).
cost(16, 25, 66).
cost(16, 26, 55).
cost(16, 27, 61).
cost(16, 28, 31).
cost(17, 1, 27).
cost(17, 2, 76).
cost(17, 3, 52).
cost(17, 4, 52).
cost(17, 5, 28).
cost(17, 6, 56).
cost(17, 7, 23).
cost(17, 8, 30).
cost(17, 9, 19).
cost(17, 10, 71).
cost(17, 11, 27).
cost(17, 12, 60).
cost(17, 13, 74).
cost(17, 14, 39).
cost(17, 15, 41).
cost(17, 16, 48).
cost(17, 18, 48).
cost(17, 19, 3).
cost(17, 20, 35).
cost(17, 21, 27).
cost(17, 22, 18).
cost(17, 23, 36).
cost(17, 24, 43).
cost(17, 25, 42).
cost(17, 26, 25).
cost(17, 27, 50).
cost(17, 28, 23).
cost(18, 1, 26).
cost(18, 2, 70).
cost(18, 3, 53).
cost(18, 4, 19).
cost(18, 5, 64).
cost(18, 6, 61).
cost(18, 7, 25).
cost(18, 8, 69).
cost(18, 9, 40).
cost(18, 10, 72).
cost(18, 11, 21).
cost(18, 12, 17).
cost(18, 13, 87).
cost(18, 14, 27).
cost(18, 15, 50).
cost(18, 16, 10).
cost(18, 17, 48).
cost(18, 19, 51).
cost(18, 20, 66).
cost(18, 21, 54).
cost(18, 22, 36).
cost(18, 23, 19).
cost(18, 24, 61).
cost(18, 25, 72).
cost(18, 26, 59).
cost(18, 27, 68).
cost(18, 28, 27).
cost(19, 1, 29).
cost(19, 2, 76).
cost(19, 3, 53).
cost(19, 4, 54).
cost(19, 5, 26).
cost(19, 6, 57).
cost(19, 7, 26).
cost(19, 8, 27).
cost(19, 9, 21).
cost(19, 10, 71).
cost(19, 11, 30).
cost(19, 12, 63).
cost(19, 13, 74).
cost(19, 14, 42).
cost(19, 15, 41).
cost(19, 16, 51).
cost(19, 17, 3).
cost(19, 18, 51).
cost(19, 20, 33).
cost(19, 21, 27).
cost(19, 22, 21).
cost(19, 23, 38).
cost(19, 24, 42).
cost(19, 25, 40).
cost(19, 26, 24).
cost(19, 27, 49).
cost(19, 28, 26).
cost(20, 1, 40).
cost(20, 2, 55).
cost(20, 3, 36).
cost(20, 4, 59).
cost(20, 5, 8).
cost(20, 6, 35).
cost(20, 7, 44).
cost(20, 8, 11).
cost(20, 9, 53).
cost(20, 10, 47).
cost(20, 11, 51).
cost(20, 12, 72).
cost(20, 13, 43).
cost(20, 14, 70).
cost(20, 15, 25).
cost(20, 16, 61).
cost(20, 17, 35).
cost(20, 18, 66).
cost(20, 19, 33).
cost(20, 21, 12).
cost(20, 22, 51).
cost(20, 23, 47).
cost(20, 24, 17).
cost(20, 25, 7).
cost(20, 26, 9).
cost(20, 27, 20).
cost(20, 28, 51).
cost(21, 1, 28).
cost(21, 2, 52).
cost(21, 3, 30).
cost(21, 4, 48).
cost(21, 5, 12).
cost(21, 6, 31).
cost(21, 7, 32).
cost(21, 8, 18).
cost(21, 9, 44).
cost(21, 10, 45).
cost(21, 11, 40).
cost(21, 12, 60).
cost(21, 13, 47).
cost(21, 14, 59).
cost(21, 15, 18).
cost(21, 16, 49).
cost(21, 17, 27).
cost(21, 18, 54).
cost(21, 19, 27).
cost(21, 20, 12).
cost(21, 22, 41).
cost(21, 23, 35).
cost(21, 24, 15).
cost(21, 25, 18).
cost(21, 26, 7).
cost(21, 27, 23).
cost(21, 28, 41).
cost(22, 1, 26).
cost(22, 2, 82).
cost(22, 3, 59).
cost(22, 4, 46).
cost(22, 5, 45).
cost(22, 6, 65).
cost(22, 7, 18).
cost(22, 8, 47).
cost(22, 9, 5).
cost(22, 10, 80).
cost(22, 11, 16).
cost(22, 12, 51).
cost(22, 13, 87).
cost(22, 14, 22).
cost(22, 15, 50).
cost(22, 16, 40).
cost(22, 17, 18).
cost(22, 18, 36).
cost(22, 19, 21).
cost(22, 20, 51).
cost(22, 21, 41).
cost(22, 23, 31).
cost(22, 24, 55).
cost(22, 25, 58).
cost(22, 26, 41).
cost(22, 27, 63).
cost(22, 28, 9).
cost(23, 1, 9).
cost(23, 2, 55).
cost(23, 3, 36).
cost(23, 4, 16).
cost(23, 5, 46).
cost(23, 6, 43).
cost(23, 7, 14).
cost(23, 8, 51).
cost(23, 9, 36).
cost(23, 10, 56).
cost(23, 11, 17).
cost(23, 12, 26).
cost(23, 13, 69).
cost(23, 14, 35).
cost(23, 15, 31).
cost(23, 16, 14).
cost(23, 17, 36).
cost(23, 18, 19).
cost(23, 19, 38).
cost(23, 20, 47).
cost(23, 21, 35).
cost(23, 22, 31).
cost(23, 24, 41).
cost(23, 25, 53).
cost(23, 26, 41).
cost(23, 27, 49).
cost(23, 28, 23).
cost(24, 1, 37).
cost(24, 2, 38).
cost(24, 3, 19).
cost(24, 4, 49).
cost(24, 5, 23).
cost(24, 6, 18).
cost(24, 7, 43).
cost(24, 8, 28).
cost(24, 9, 58).
cost(24, 10, 31).
cost(24, 11, 51).
cost(24, 12, 63).
cost(24, 13, 32).
cost(24, 14, 71).
cost(24, 15, 11).
cost(24, 16, 54).
cost(24, 17, 43).
cost(24, 18, 61).
cost(24, 19, 42).
cost(24, 20, 17).
cost(24, 21, 15).
cost(24, 22, 55).
cost(24, 23, 41).
cost(24, 25, 17).
cost(24, 26, 21).
cost(24, 27, 8).
cost(24, 28, 53).
cost(25, 1, 46).
cost(25, 2, 53).
cost(25, 3, 36).
cost(25, 4, 63).
cost(25, 5, 15).
cost(25, 6, 34).
cost(25, 7, 50).
cost(25, 8, 16).
cost(25, 9, 60).
cost(25, 10, 44).
cost(25, 11, 58).
cost(25, 12, 77).
cost(25, 13, 37).
cost(25, 14, 77).
cost(25, 15, 27).
cost(25, 16, 66).
cost(25, 17, 42).
cost(25, 18, 72).
cost(25, 19, 40).
cost(25, 20, 7).
cost(25, 21, 18).
cost(25, 22, 58).
cost(25, 23, 53).
cost(25, 24, 17).
cost(25, 26, 17).
cost(25, 27, 17).
cost(25, 28, 58).
cost(26, 1, 33).
cost(26, 2, 58).
cost(26, 3, 36).
cost(26, 4, 54).
cost(26, 5, 6).
cost(26, 6, 38).
cost(26, 7, 36).
cost(26, 8, 11).
cost(26, 9, 43).
cost(26, 10, 51).
cost(26, 11, 43).
cost(26, 12, 66).
cost(26, 13, 50).
cost(26, 14, 61).
cost(26, 15, 25).
cost(26, 16, 55).
cost(26, 17, 25).
cost(26, 18, 59).
cost(26, 19, 24).
cost(26, 20, 9).
cost(26, 21, 7).
cost(26, 22, 41).
cost(26, 23, 41).
cost(26, 24, 21).
cost(26, 25, 17).
cost(26, 27, 26).
cost(26, 28, 42).
cost(27, 1, 45).
cost(27, 2, 36).
cost(27, 3, 22).
cost(27, 4, 56).
cost(27, 5, 28).
cost(27, 6, 18).
cost(27, 7, 51).
cost(27, 8, 32).
cost(27, 9, 66).
cost(27, 10, 27).
cost(27, 11, 59).
cost(27, 12, 69).
cost(27, 13, 24).
cost(27, 14, 79).
cost(27, 15, 18).
cost(27, 16, 61).
cost(27, 17, 50).
cost(27, 18, 68).
cost(27, 19, 49).
cost(27, 20, 20).
cost(27, 21, 23).
cost(27, 22, 63).
cost(27, 23, 49).
cost(27, 24, 8).
cost(27, 25, 17).
cost(27, 26, 26).
cost(27, 28, 61).
cost(28, 1, 19).
cost(28, 2, 76).
cost(28, 3, 54).
cost(28, 4, 37).
cost(28, 5, 46).
cost(28, 6, 60).
cost(28, 7, 11).
cost(28, 8, 50).
cost(28, 9, 14).
cost(28, 10, 75).
cost(28, 11, 6).
cost(28, 12, 42).
cost(28, 13, 84).
cost(28, 14, 19).
cost(28, 15, 46).
cost(28, 16, 31).
cost(28, 17, 23).
cost(28, 18, 27).
cost(28, 19, 26).
cost(28, 20, 51).
cost(28, 21, 41).
cost(28, 22, 9).
cost(28, 23, 23).
cost(28, 24, 53).
cost(28, 25, 58).
cost(28, 26, 42).
cost(28, 27, 61).
nocross(1,3).
nocross(1,4).
nocross(1,7).
nocross(1,9).
nocross(1,11).
nocross(1,15).
nocross(1,16).
nocross(1,17).
nocross(1,19).
nocross(1,21).
nocross(1,22).
nocross(1,23).
nocross(1,26).
nocross(1,28).
nocross(2,3).
nocross(2,6).
nocross(2,10).
nocross(2,13).
nocross(3,1).
nocross(3,2).
nocross(3,4).
nocross(3,6).
nocross(3,10).
nocross(3,15).
nocross(3,21).
nocross(3,23).
nocross(3,24).
nocross(4,1).
nocross(4,7).
nocross(4,12).
nocross(4,16).
nocross(4,18).
nocross(4,23).
nocross(5,8).
nocross(5,17).
nocross(5,19).
nocross(5,20).
nocross(5,21).
nocross(5,24).
nocross(5,25).
nocross(5,26).
nocross(5,27).
nocross(6,2).
nocross(6,3).
nocross(6,10).
nocross(6,13).
nocross(6,15).
nocross(6,21).
nocross(6,24).
nocross(6,27).
nocross(7,1).
nocross(7,4).
nocross(7,9).
nocross(7,11).
nocross(7,14).
nocross(7,16).
nocross(7,17).
nocross(7,18).
nocross(7,19).
nocross(7,21).
nocross(7,22).
nocross(7,23).
nocross(7,28).
nocross(8,5).
nocross(8,17).
nocross(8,19).
nocross(8,20).
nocross(8,21).
nocross(8,25).
nocross(8,26).
nocross(9,1).
nocross(9,7).
nocross(9,11).
nocross(9,14).
nocross(9,17).
nocross(9,19).
nocross(9,22).
nocross(9,28).
nocross(10,2).
nocross(10,3).
nocross(10,6).
nocross(10,13).
nocross(10,15).
nocross(10,24).
nocross(10,27).
nocross(11,1).
nocross(11,7).
nocross(11,9).
nocross(11,14).
nocross(11,16).
nocross(11,17).
nocross(11,18).
nocross(11,19).
nocross(11,22).
nocross(11,23).
nocross(11,28).
nocross(12,4).
nocross(12,16).
nocross(12,18).
nocross(12,23).
nocross(13,2).
nocross(13,3).
nocross(13,6).
nocross(13,10).
nocross(13,15).
nocross(13,20).
nocross(13,24).
nocross(13,25).
nocross(13,27).
nocross(14,1).
nocross(14,7).
nocross(14,9).
nocross(14,11).
nocross(14,16).
nocross(14,17).
nocross(14,18).
nocross(14,19).
nocross(14,22).
nocross(14,23).
nocross(14,28).
nocross(15,1).
nocross(15,3).
nocross(15,5).
nocross(15,6).
nocross(15,7).
nocross(15,10).
nocross(15,17).
nocross(15,19).
nocross(15,20).
nocross(15,21).
nocross(15,23).
nocross(15,24).
nocross(15,26).
nocross(15,27).
nocross(16,1).
nocross(16,4).
nocross(16,7).
nocross(16,11).
nocross(16,12).
nocross(16,18).
nocross(16,23).
nocross(16,28).
nocross(17,1).
nocross(17,5).
nocross(17,7).
nocross(17,8).
nocross(17,9).
nocross(17,11).
nocross(17,19).
nocross(17,21).
nocross(17,22).
nocross(17,26).
nocross(17,28).
nocross(18,1).
nocross(18,4).
nocross(18,7).
nocross(18,11).
nocross(18,12).
nocross(18,14).
nocross(18,16).
nocross(18,23).
nocross(18,28).
nocross(19,1).
nocross(19,5).
nocross(19,7).
nocross(19,8).
nocross(19,9).
nocross(19,11).
nocross(19,17).
nocross(19,21).
nocross(19,22).
nocross(19,26).
nocross(19,28).
nocross(20,5).
nocross(20,8).
nocross(20,15).
nocross(20,17).
nocross(20,19).
nocross(20,21).
nocross(20,24).
nocross(20,25).
nocross(20,26).
nocross(20,27).
nocross(21,1).
nocross(21,3).
nocross(21,5).
nocross(21,6).
nocross(21,7).
nocross(21,8).
nocross(21,15).
nocross(21,17).
nocross(21,19).
nocross(21,20).
nocross(21,24).
nocross(21,25).
nocross(21,26).
nocross(21,27).
nocross(22,1).
nocross(22,7).
nocross(22,9).
nocross(22,11).
nocross(22,14).
nocross(22,17).
nocross(22,19).
nocross(22,23).
nocross(22,28).
nocross(23,1).
nocross(23,3).
nocross(23,4).
nocross(23,7).
nocross(23,11).
nocross(23,12).
nocross(23,15).
nocross(23,16).
nocross(23,17).
nocross(23,18).
nocross(23,22).
nocross(23,28).
nocross(24,3).
nocross(24,5).
nocross(24,6).
nocross(24,8).
nocross(24,10).
nocross(24,13).
nocross(24,15).
nocross(24,20).
nocross(24,21).
nocross(24,25).
nocross(24,26).
nocross(24,27).
nocross(25,5).
nocross(25,8).
nocross(25,13).
nocross(25,15).
nocross(25,20).
nocross(25,21).
nocross(25,24).
nocross(25,26).
nocross(25,27).
nocross(26,1).
nocross(26,5).
nocross(26,8).
nocross(26,15).
nocross(26,17).
nocross(26,19).
nocross(26,20).
nocross(26,21).
nocross(26,24).
nocross(26,25).
nocross(26,27).
nocross(27,3).
nocross(27,5).
nocross(27,6).
nocross(27,10).
nocross(27,13).
nocross(27,15).
nocross(27,20).
nocross(27,21).
nocross(27,24).
nocross(27,25).
nocross(27,26).
nocross(28,1).
nocross(28,7).
nocross(28,9).
nocross(28,11).
nocross(28,14).
nocross(28,16).
nocross(28,17).
nocross(28,18).
nocross(28,19).
nocross(28,22).
nocross(28,23).
