dimension(28).
point(1, 87.8772443369, 97.6486510375).
point(2, 38.520014886, 33.771342258).
point(3, 26.8149175306, 57.2160434194).
point(4, 20.8910258269, 28.6918166706).
point(5, 30.877307569, 23.9944408011).
point(6, 63.0959635704, 22.5376263745).
point(7, 35.3287098635, 37.069383664).
point(8, 82.1572778286, 91.732792239).
point(9, 25.0201347987, 44.0891485147).
point(10, 51.9180155383, 83.6056193275).
point(11, 33.5686557143, 84.4776688385).
point(12, 30.1033277119, 41.4669963324).
point(13, 71.5745780924, 84.4364656662).
point(14, 21.6067622281, 34.8765503961).
point(15, 50.6930121007, 78.8359522188).
point(16, 19.9255737759, 39.7852213427).
point(17, 56.4769392957, 91.0848921932).
point(18, 18.6757351183, 31.5509917246).
point(19, 69.7654047969, 16.1688564285).
point(20, 38.0059951191, 83.0395059699).
point(21, 64.8612722754, 90.2894613529).
point(22, 45.8353722706, 96.9860523095).
point(23, 84.7201357765, 68.7656353763).
point(24, 80.4594621126, 81.143486012).
point(25, 85.6478054553, 84.4395698745).
point(26, 22.0008640545, 51.1729155402).
point(27, 62.3267633531, 80.4865218028).
point(28, 45.5442389095, 37.5497232199).
cost(1, 2, 81).
cost(1, 3, 73).
cost(1, 4, 96).
cost(1, 5, 93).
cost(1, 6, 79).
cost(1, 7, 80).
cost(1, 8, 8).
cost(1, 9, 83).
cost(1, 10, 39).
cost(1, 11, 56).
cost(1, 12, 81).
cost(1, 13, 21).
cost(1, 14, 91).
cost(1, 15, 42).
cost(1, 16, 89).
cost(1, 17, 32).
cost(1, 18, 96).
cost(1, 19, 83).
cost(1, 20, 52).
cost(1, 21, 24).
cost(1, 22, 42).
cost(1, 23, 29).
cost(1, 24, 18).
cost(1, 25, 13).
cost(1, 26, 81).
cost(1, 27, 31).
cost(1, 28, 74).
cost(2, 1, 81).
cost(2, 3, 26).
cost(2, 4, 18).
cost(2, 5, 12).
cost(2, 6, 27).
cost(2, 7, 5).
cost(2, 8, 73).
cost(2, 9, 17).
cost(2, 10, 52).
cost(2, 11, 51).
cost(2, 12, 11).
cost(2, 13, 60).
cost(2, 14, 17).
cost(2, 15, 47).
cost(2, 16, 20).
cost(2, 17, 60).
cost(2, 18, 20).
cost(2, 19, 36).
cost(2, 20, 49).
cost(2, 21, 62).
cost(2, 22, 64).
cost(2, 23, 58).
cost(2, 24, 63).
cost(2, 25, 69).
cost(2, 26, 24).
cost(2, 27, 52).
cost(2, 28, 8).
cost(3, 1, 73).
cost(3, 2, 26).
cost(3, 4, 29).
cost(3, 5, 33).
cost(3, 6, 50).
cost(3, 7, 22).
cost(3, 8, 65).
cost(3, 9, 13).
cost(3, 10, 36).
cost(3, 11, 28).
cost(3, 12, 16).
cost(3, 13, 52).
cost(3, 14, 23).
cost(3, 15, 32).
cost(3, 16, 19).
cost(3, 17, 45).
cost(3, 18, 27).
cost(3, 19, 59).
cost(3, 20, 28).
cost(3, 21, 50).
cost(3, 22, 44).
cost(3, 23, 59).
cost(3, 24, 59).
cost(3, 25, 65).
cost(3, 26, 8).
cost(3, 27, 42).
cost(3, 28, 27).
cost(4, 1, 96).
cost(4, 2, 18).
cost(4, 3, 29).
cost(4, 5, 11).
cost(4, 6, 43).
cost(4, 7, 17).
cost(4, 8, 88).
cost(4, 9, 16).
cost(4, 10, 63).
cost(4, 11, 57).
cost(4, 12, 16).
cost(4, 13, 75).
cost(4, 14, 6).
cost(4, 15, 58).
cost(4, 16, 11).
cost(4, 17, 72).
cost(4, 18, 4).
cost(4, 19, 50).
cost(4, 20, 57).
cost(4, 21, 76).
cost(4, 22, 73).
cost(4, 23, 75).
cost(4, 24, 79).
cost(4, 25, 85).
cost(4, 26, 23).
cost(4, 27, 66).
cost(4, 28, 26).
cost(5, 1, 93).
cost(5, 2, 12).
cost(5, 3, 33).
cost(5, 4, 11).
cost(5, 6, 32).
cost(5, 7, 14).
cost(5, 8, 85).
cost(5, 9, 21).
cost(5, 10, 63).
cost(5, 11, 61).
cost(5, 12, 17).
cost(5, 13, 73).
cost(5, 14, 14).
cost(5, 15, 58).
cost(5, 16, 19).
cost(5, 17, 72).
cost(5, 18, 14).
cost(5, 19, 40).
cost(5, 20, 59).
cost(5, 21, 74).
cost(5, 22, 75).
cost(5, 23, 70).
cost(5, 24, 76).
cost(5, 25, 82).
cost(5, 26, 29).
cost(5, 27, 65).
cost(5, 28, 20).
cost(6, 1, 79).
cost(6, 2, 27).
cost(6, 3, 50).
cost(6, 4, 43).
cost(6, 5, 32).
cost(6, 7, 31).
cost(6, 8, 72).
cost(6, 9, 44).
cost(6, 10, 62).
cost(6, 11, 69).
cost(6, 12, 38).
cost(6, 13, 62).
cost(6, 14, 43).
cost(6, 15, 58).
cost(6, 16, 46).
cost(6, 17, 69).
cost(6, 18, 45).
cost(6, 19, 9).
cost(6, 20, 65).
cost(6, 21, 68).
cost(6, 22, 76).
cost(6, 23, 51).
cost(6, 24, 61).
cost(6, 25, 66).
cost(6, 26, 50).
cost(6, 27, 58).
cost(6, 28, 23).
cost(7, 1, 80).
cost(7, 2, 5).
cost(7, 3, 22).
cost(7, 4, 17).
cost(7, 5, 14).
cost(7, 6, 31).
cost(7, 8, 72).
cost(7, 9, 12).
cost(7, 10, 49).
cost(7, 11, 47).
cost(7, 12, 7).
cost(7, 13, 60).
cost(7, 14, 14).
cost(7, 15, 45).
cost(7, 16, 16).
cost(7, 17, 58).
cost(7, 18, 18).
cost(7, 19, 40).
cost(7, 20, 46).
cost(7, 21, 61).
cost(7, 22, 61).
cost(7, 23, 59).
cost(7, 24, 63).
cost(7, 25, 69).
cost(7, 26, 19).
cost(7, 27, 51).
cost(7, 28, 10).
cost(8, 1, 8).
cost(8, 2, 73).
cost(8, 3, 65).
cost(8, 4, 88).
cost(8, 5, 85).
cost(8, 6, 72).
cost(8, 7, 72).
cost(8, 9, 74).
cost(8, 10, 31).
cost(8, 11, 49).
cost(8, 12, 72).
cost(8, 13, 13).
cost(8, 14, 83).
cost(8, 15, 34).
cost(8, 16, 81).
cost(8, 17, 26).
cost(8, 18, 87).
cost(8, 19, 77).
cost(8, 20, 45).
cost(8, 21, 17).
cost(8, 22, 37).
cost(8, 23, 23).
cost(8, 24, 11).
cost(8, 25, 8).
cost(8, 26, 73).
cost(8, 27, 23).
cost(8, 28, 65).
cost(9, 1, 83).
cost(9, 2, 17).
cost(9, 3, 13).
cost(9, 4, 16).
cost(9, 5, 21).
cost(9, 6, 44).
cost(9, 7, 12).
cost(9, 8, 74).
cost(9, 10, 48).
cost(9, 11, 41).
cost(9, 12, 6).
cost(9, 13, 62).
cost(9, 14, 10).
cost(9, 15, 43).
cost(9, 16, 7).
cost(9, 17, 57).
cost(9, 18, 14).
cost(9, 19, 53).
cost(9, 20, 41).
cost(9, 21, 61).
cost(9, 22, 57).
cost(9, 23, 65).
cost(9, 24, 67).
cost(9, 25, 73).
cost(9, 26, 8).
cost(9, 27, 52).
cost(9, 28, 22).
cost(10, 1, 39).
cost(10, 2, 52).
cost(10, 3, 36).
cost(10, 4, 63).
cost(10, 5, 63).
cost(10, 6, 62).
cost(10, 7, 49).
cost(10, 8, 31).
cost(10, 9, 48).
cost(10, 11, 18).
cost(10, 12, 47).
cost(10, 13, 20).
cost(10, 14, 57).
cost(10, 15, 5).
cost(10, 16, 54).
cost(10, 17, 9).
cost(10, 18, 62).
cost(10, 19, 70).
cost(10, 20, 14).
cost(10, 21, 15).
cost(10, 22, 15).
cost(10, 23, 36).
cost(10, 24, 29).
cost(10, 25, 34).
cost(10, 26, 44).
cost(10, 27, 11).
cost(10, 28, 46).
cost(11, 1, 56).
cost(11, 2, 51).
cost(11, 3, 28).
cost(11, 4, 57).
cost(11, 5, 61).
cost(11, 6, 69).
cost(11, 7, 47).
cost(11, 8, 49).
cost(11, 9, 41).
cost(11, 10, 18).
cost(11, 12, 43).
cost(11, 13, 38).
cost(11, 14, 51).
cost(11, 15, 18).
cost(11, 16, 47).
cost(11, 17, 24).
cost(11, 18, 55).
cost(11, 19, 77).
cost(11, 20, 5).
cost(11, 21, 32).
cost(11, 22, 18).
cost(11, 23, 54).
cost(11, 24, 47).
cost(11, 25, 52).
cost(11, 26, 35).
cost(11, 27, 29).
cost(11, 28, 48).
cost(12, 1, 81).
cost(12, 2, 11).
cost(12, 3, 16).
cost(12, 4, 16).
cost(12, 5, 17).
cost(12, 6, 38).
cost(12, 7, 7).
cost(12, 8, 72).
cost(12, 9, 6).
cost(12, 10, 47).
cost(12, 11, 43).
cost(12, 13, 60).
cost(12, 14, 11).
cost(12, 15, 43).
cost(12, 16, 10).
cost(12, 17, 56).
cost(12, 18, 15).
cost(12, 19, 47).
cost(12, 20, 42).
cost(12, 21, 60).
cost(12, 22, 58).
cost(12, 23, 61).
cost(12, 24, 64).
cost(12, 25, 70).
cost(12, 26, 13).
cost(12, 27, 51).
cost(12, 28, 16).
cost(13, 1, 21).
cost(13, 2, 60).
cost(13, 3, 52).
cost(13, 4, 75).
cost(13, 5, 73).
cost(13, 6, 62).
cost(13, 7, 60).
cost(13, 8, 13).
cost(13, 9, 62).
cost(13, 10, 20).
cost(13, 11, 38).
cost(13, 12, 60).
cost(13, 14, 70).
cost(13, 15, 22).
cost(13, 16, 68).
cost(13, 17, 16).
cost(13, 18, 75).
cost(13, 19, 68).
cost(13, 20, 34).
cost(13, 21, 9).
cost(13, 22, 29).
cost(13, 23, 20).
cost(13, 24, 9).
cost(13, 25, 14).
cost(13, 26, 60).
cost(13, 27, 10).
cost(13, 28, 54).
cost(14, 1, 91).
cost(14, 2, 17).
cost(14, 3, 23).
cost(14, 4, 6).
cost(14, 5, 14).
cost(14, 6, 43).
cost(14, 7, 14).
cost(14, 8, 83).
cost(14, 9, 10).
cost(14, 10, 57).
cost(14, 11, 51).
cost(14, 12, 11).
cost(14, 13, 70).
cost(14, 15, 53).
cost(14, 16, 5).
cost(14, 17, 66).
cost(14, 18, 4).
cost(14, 19, 52).
cost(14, 20, 51).
cost(14, 21, 70).
cost(14, 22, 67).
cost(14, 23, 72).
cost(14, 24, 75).
cost(14, 25, 81).
cost(14, 26, 16).
cost(14, 27, 61).
cost(14, 28, 24).
cost(15, 1, 42).
cost(15, 2, 47).
cost(15, 3, 32).
cost(15, 4, 58).
cost(15, 5, 58).
cost(15, 6, 58).
cost(15, 7, 45).
cost(15, 8, 34).
cost(15, 9, 43).
cost(15, 10, 5).
cost(15, 11, 18).
cost(15, 12, 43).
cost(15, 13, 22).
cost(15, 14, 53).
cost(15, 16, 50).
cost(15, 17, 14).
cost(15, 18, 57).
cost(15, 19, 66).
cost(15, 20, 13).
cost(15, 21, 18).
cost(15, 22, 19).
cost(15, 23, 35).
cost(15, 24, 30).
cost(15, 25, 35).
cost(15, 26, 40).
cost(15, 27, 12).
cost(15, 28, 42).
cost(16, 1, 89).
cost(16, 2, 20).
cost(16, 3, 19).
cost(16, 4, 11).
cost(16, 5, 19).
cost(16, 6, 46).
cost(16, 7, 16).
cost(16, 8, 81).
cost(16, 9, 7).
cost(16, 10, 54).
cost(16, 11, 47).
cost(16, 12, 10).
cost(16, 13, 68).
cost(16, 14, 5).
cost(16, 15, 50).
cost(16, 17, 63).
cost(16, 18, 8).
cost(16, 19, 55).
cost(16, 20, 47).
cost(16, 21, 68).
cost(16, 22, 63).
cost(16, 23, 71).
cost(16, 24, 73).
cost(16, 25, 79).
cost(16, 26, 12).
cost(16, 27, 59).
cost(16, 28, 26).
cost(17, 1, 32).
cost(17, 2, 60).
cost(17, 3, 45).
cost(17, 4, 72).
cost(17, 5, 72).
cost(17, 6, 69).
cost(17, 7, 58).
cost(17, 8, 26).
cost(17, 9, 57).
cost(17, 10, 9).
cost(17, 11, 24).
cost(17, 12, 56).
cost(17, 13, 16).
cost(17, 14, 66).
cost(17, 15, 14).
cost(17, 16, 63).
cost(17, 18, 71).
cost(17, 19, 76).
cost(17, 20, 20).
cost(17, 21, 8).
cost(17, 22, 12).
cost(17, 23, 36).
cost(17, 24, 26).
cost(17, 25, 30).
cost(17, 26, 53).
cost(17, 27, 12).
cost(17, 28, 55).
cost(18, 1, 96).
cost(18, 2, 20).
cost(18, 3, 27).
cost(18, 4, 4).
cost(18, 5, 14).
cost(18, 6, 45).
cost(18, 7, 18).
cost(18, 8, 87).
cost(18, 9, 14).
cost(18, 10, 62).
cost(18, 11, 55).
cost(18, 12, 15).
cost(18, 13, 75).
cost(18, 14, 4).
cost(18, 15, 57).
cost(18, 16, 8).
cost(18, 17, 71).
cost(18, 19, 53).
cost(18, 20, 55).
cost(18, 21, 75).
cost(18, 22, 71).
cost(18, 23, 76).
cost(18, 24, 79).
cost(18, 25, 85).
cost(18, 26, 20).
cost(18, 27, 66).
cost(18, 28, 28).
cost(19, 1, 83).
cost(19, 2, 36).
cost(19, 3, 59).
cost(19, 4, 50).
cost(19, 5, 40).
cost(19, 6, 9).
cost(19, 7, 40).
cost(19, 8, 77).
cost(19, 9, 53).
cost(19, 10, 70).
cost(19, 11, 77).
cost(19, 12, 47).
cost(19, 13, 68).
cost(19, 14, 52).
cost(19, 15, 66).
cost(19, 16, 55).
cost(19, 17, 76).
cost(19, 18, 53).
cost(19, 20, 74).
cost(19, 21, 74).
cost(19, 22, 84).
cost(19, 23, 55).
cost(19, 24, 66).
cost(19, 25, 70).
cost(19, 26, 59).
cost(19, 27, 65).
cost(19, 28, 32).
cost(20, 1, 52).
cost(20, 2, 49).
cost(20, 3, 28).
cost(20, 4, 57).
cost(20, 5, 59).
cost(20, 6, 65).
cost(20, 7, 46).
cost(20, 8, 45).
cost(20, 9, 41).
cost(20, 10, 14).
cost(20, 11, 5).
cost(20, 12, 42).
cost(20, 13, 34).
cost(20, 14, 51).
cost(20, 15, 13).
cost(20, 16, 47).
cost(20, 17, 20).
cost(20, 18, 55).
cost(20, 19, 74).
cost(20, 21, 28).
cost(20, 22, 16).
cost(20, 23, 49).
cost(20, 24, 42).
cost(20, 25, 48).
cost(20, 26, 36).
cost(20, 27, 24).
cost(20, 28, 46).
cost(21, 1, 24).
cost(21, 2, 62).
cost(21, 3, 50).
cost(21, 4, 76).
cost(21, 5, 74).
cost(21, 6, 68).
cost(21, 7, 61).
cost(21, 8, 17).
cost(21, 9, 61).
cost(21, 10, 15).
cost(21, 11, 32).
cost(21, 12, 60).
cost(21, 13, 9).
cost(21, 14, 70).
cost(21, 15, 18).
cost(21, 16, 68).
cost(21, 17, 8).
cost(21, 18, 75).
cost(21, 19, 74).
cost(21, 20, 28).
cost(21, 22, 20).
cost(21, 23, 29).
cost(21, 24, 18).
cost(21, 25, 22).
cost(21, 26, 58).
cost(21, 27, 10).
cost(21, 28, 56).
cost(22, 1, 42).
cost(22, 2, 64).
cost(22, 3, 44).
cost(22, 4, 73).
cost(22, 5, 75).
cost(22, 6, 76).
cost(22, 7, 61).
cost(22, 8, 37).
cost(22, 9, 57).
cost(22, 10, 15).
cost(22, 11, 18).
cost(22, 12, 58).
cost(22, 13, 29).
cost(22, 14, 67).
cost(22, 15, 19).
cost(22, 16, 63).
cost(22, 17, 12).
cost(22, 18, 71).
cost(22, 19, 84).
cost(22, 20, 16).
cost(22, 21, 20).
cost(22, 23, 48).
cost(22, 24, 38).
cost(22, 25, 42).
cost(22, 26, 52).
cost(22, 27, 23).
cost(22, 28, 59).
cost(23, 1, 29).
cost(23, 2, 58).
cost(23, 3, 59).
cost(23, 4, 75).
cost(23, 5, 70).
cost(23, 6, 51).
cost(23, 7, 59).
cost(23, 8, 23).
cost(23, 9, 65).
cost(23, 10, 36).
cost(23, 11, 54).
cost(23, 12, 61).
cost(23, 13, 20).
cost(23, 14, 72).
cost(23, 15, 35).
cost(23, 16, 71).
cost(23, 17, 36).
cost(23, 18, 76).
cost(23, 19, 55).
cost(23, 20, 49).
cost(23, 21, 29).
cost(23, 22, 48).
cost(23, 24, 13).
cost(23, 25, 16).
cost(23, 26, 65).
cost(23, 27, 25).
cost(23, 28, 50).
cost(24, 1, 18).
cost(24, 2, 63).
cost(24, 3, 59).
cost(24, 4, 79).
cost(24, 5, 76).
cost(24, 6, 61).
cost(24, 7, 63).
cost(24, 8, 11).
cost(24, 9, 67).
cost(24, 10, 29).
cost(24, 11, 47).
cost(24, 12, 64).
cost(24, 13, 9).
cost(24, 14, 75).
cost(24, 15, 30).
cost(24, 16, 73).
cost(24, 17, 26).
cost(24, 18, 79).
cost(24, 19, 66).
cost(24, 20, 42).
cost(24, 21, 18).
cost(24, 22, 38).
cost(24, 23, 13).
cost(24, 25, 6).
cost(24, 26, 66).
cost(24, 27, 18).
cost(24, 28, 56).
cost(25, 1, 13).
cost(25, 2, 69).
cost(25, 3, 65).
cost(25, 4, 85).
cost(25, 5, 82).
cost(25, 6, 66).
cost(25, 7, 69).
cost(25, 8, 8).
cost(25, 9, 73).
cost(25, 10, 34).
cost(25, 11, 52).
cost(25, 12, 70).
cost(25, 13, 14).
cost(25, 14, 81).
cost(25, 15, 35).
cost(25, 16, 79).
cost(25, 17, 30).
cost(25, 18, 85).
cost(25, 19, 70).
cost(25, 20, 48).
cost(25, 21, 22).
cost(25, 22, 42).
cost(25, 23, 16).
cost(25, 24, 6).
cost(25, 26, 72).
cost(25, 27, 24).
cost(25, 28, 62).
cost(26, 1, 81).
cost(26, 2, 24).
cost(26, 3, 8).
cost(26, 4, 23).
cost(26, 5, 29).
cost(26, 6, 50).
cost(26, 7, 19).
cost(26, 8, 73).
cost(26, 9, 8).
cost(26, 10, 44).
cost(26, 11, 35).
cost(26, 12, 13).
cost(26, 13, 60).
cost(26, 14, 16).
cost(26, 15, 40).
cost(26, 16, 12).
cost(26, 17, 53).
cost(26, 18, 20).
cost(26, 19, 59).
cost(26, 20, 36).
cost(26, 21, 58).
cost(26, 22, 52).
cost(26, 23, 65).
cost(26, 24, 66).
cost(26, 25, 72).
cost(26, 27, 50).
cost(26, 28, 27).
cost(27, 1, 31).
cost(27, 2, 52).
cost(27, 3, 42).
cost(27, 4, 66).
cost(27, 5, 65).
cost(27, 6, 58).
cost(27, 7, 51).
cost(27, 8, 23).
cost(27, 9, 52).
cost(27, 10, 11).
cost(27, 11, 29).
cost(27, 12, 51).
cost(27, 13, 10).
cost(27, 14, 61).
cost(27, 15, 12).
cost(27, 16, 59).
cost(27, 17, 12).
cost(27, 18, 66).
cost(27, 19, 65).
cost(27, 20, 24).
cost(27, 21, 10).
cost(27, 22, 23).
cost(27, 23, 25).
cost(27, 24, 18).
cost(27, 25, 24).
cost(27, 26, 50).
cost(27, 28, 46).
cost(28, 1, 74).
cost(28, 2, 8).
cost(28, 3, 27).
cost(28, 4, 26).
cost(28, 5, 20).
cost(28, 6, 23).
cost(28, 7, 10).
cost(28, 8, 65).
cost(28, 9, 22).
cost(28, 10, 46).
cost(28, 11, 48).
cost(28, 12, 16).
cost(28, 13, 54).
cost(28, 14, 24).
cost(28, 15, 42).
cost(28, 16, 26).
cost(28, 17, 55).
cost(28, 18, 28).
cost(28, 19, 32).
cost(28, 20, 46).
cost(28, 21, 56).
cost(28, 22, 59).
cost(28, 23, 50).
cost(28, 24, 56).
cost(28, 25, 62).
cost(28, 26, 27).
cost(28, 27, 46).
nocross(1,8).
nocross(1,13).
nocross(1,17).
nocross(1,21).
nocross(1,22).
nocross(1,23).
nocross(1,24).
nocross(1,25).
nocross(2,3).
nocross(2,4).
nocross(2,5).
nocross(2,7).
nocross(2,9).
nocross(2,12).
nocross(2,14).
nocross(2,16).
nocross(2,18).
nocross(2,26).
nocross(2,28).
nocross(3,2).
nocross(3,4).
nocross(3,5).
nocross(3,7).
nocross(3,9).
nocross(3,11).
nocross(3,12).
nocross(3,14).
nocross(3,15).
nocross(3,16).
nocross(3,18).
nocross(3,20).
nocross(3,26).
nocross(3,28).
nocross(4,2).
nocross(4,3).
nocross(4,5).
nocross(4,7).
nocross(4,9).
nocross(4,12).
nocross(4,14).
nocross(4,16).
nocross(4,18).
nocross(4,26).
nocross(4,28).
nocross(5,2).
nocross(5,3).
nocross(5,4).
nocross(5,6).
nocross(5,7).
nocross(5,9).
nocross(5,12).
nocross(5,14).
nocross(5,16).
nocross(5,18).
nocross(5,26).
nocross(5,28).
nocross(6,2).
nocross(6,5).
nocross(6,19).
nocross(6,28).
nocross(7,2).
nocross(7,3).
nocross(7,4).
nocross(7,5).
nocross(7,9).
nocross(7,12).
nocross(7,14).
nocross(7,16).
nocross(7,18).
nocross(7,26).
nocross(7,28).
nocross(8,1).
nocross(8,10).
nocross(8,13).
nocross(8,15).
nocross(8,17).
nocross(8,21).
nocross(8,22).
nocross(8,23).
nocross(8,24).
nocross(8,25).
nocross(8,27).
nocross(9,2).
nocross(9,3).
nocross(9,4).
nocross(9,5).
nocross(9,7).
nocross(9,12).
nocross(9,14).
nocross(9,16).
nocross(9,18).
nocross(9,26).
nocross(9,28).
nocross(10,11).
nocross(10,13).
nocross(10,15).
nocross(10,17).
nocross(10,20).
nocross(10,21).
nocross(10,22).
nocross(10,27).
nocross(11,3).
nocross(11,10).
nocross(11,15).
nocross(11,17).
nocross(11,20).
nocross(11,22).
nocross(11,26).
nocross(12,2).
nocross(12,3).
nocross(12,4).
nocross(12,5).
nocross(12,7).
nocross(12,9).
nocross(12,14).
nocross(12,16).
nocross(12,18).
nocross(12,26).
nocross(12,28).
nocross(13,1).
nocross(13,8).
nocross(13,10).
nocross(13,15).
nocross(13,17).
nocross(13,20).
nocross(13,21).
nocross(13,22).
nocross(13,23).
nocross(13,24).
nocross(13,25).
nocross(13,27).
nocross(14,2).
nocross(14,3).
nocross(14,4).
nocross(14,5).
nocross(14,7).
nocross(14,9).
nocross(14,12).
nocross(14,16).
nocross(14,18).
nocross(14,26).
nocross(14,28).
nocross(15,3).
nocross(15,10).
nocross(15,11).
nocross(15,13).
nocross(15,17).
nocross(15,20).
nocross(15,21).
nocross(15,22).
nocross(15,26).
nocross(15,27).
nocross(16,2).
nocross(16,3).
nocross(16,4).
nocross(16,5).
nocross(16,7).
nocross(16,9).
nocross(16,12).
nocross(16,14).
nocross(16,18).
nocross(16,26).
nocross(16,28).
nocross(17,1).
nocross(17,8).
nocross(17,10).
nocross(17,11).
nocross(17,13).
nocross(17,15).
nocross(17,20).
nocross(17,21).
nocross(17,22).
nocross(17,24).
nocross(17,25).
nocross(17,27).
nocross(18,2).
nocross(18,3).
nocross(18,4).
nocross(18,5).
nocross(18,7).
nocross(18,9).
nocross(18,12).
nocross(18,14).
nocross(18,16).
nocross(18,26).
nocross(19,6).
nocross(20,3).
nocross(20,10).
nocross(20,11).
nocross(20,15).
nocross(20,17).
nocross(20,22).
nocross(20,26).
nocross(20,27).
nocross(21,1).
nocross(21,8).
nocross(21,10).
nocross(21,11).
nocross(21,13).
nocross(21,15).
nocross(21,17).
nocross(21,20).
nocross(21,22).
nocross(21,24).
nocross(21,25).
nocross(21,27).
nocross(22,10).
nocross(22,11).
nocross(22,13).
nocross(22,15).
nocross(22,17).
nocross(22,20).
nocross(22,21).
nocross(22,27).
nocross(23,1).
nocross(23,8).
nocross(23,10).
nocross(23,13).
nocross(23,15).
nocross(23,17).
nocross(23,21).
nocross(23,24).
nocross(23,25).
nocross(23,27).
nocross(24,1).
nocross(24,8).
nocross(24,10).
nocross(24,13).
nocross(24,15).
nocross(24,17).
nocross(24,21).
nocross(24,23).
nocross(24,25).
nocross(24,27).
nocross(25,1).
nocross(25,8).
nocross(25,13).
nocross(25,15).
nocross(25,17).
nocross(25,21).
nocross(25,23).
nocross(25,24).
nocross(25,27).
nocross(26,2).
nocross(26,3).
nocross(26,4).
nocross(26,5).
nocross(26,7).
nocross(26,9).
nocross(26,11).
nocross(26,12).
nocross(26,14).
nocross(26,16).
nocross(26,18).
nocross(26,28).
nocross(27,1).
nocross(27,8).
nocross(27,10).
nocross(27,13).
nocross(27,15).
nocross(27,17).
nocross(27,20).
nocross(27,21).
nocross(27,22).
nocross(27,23).
nocross(27,24).
nocross(27,25).
nocross(28,2).
nocross(28,3).
nocross(28,4).
nocross(28,5).
nocross(28,6).
nocross(28,7).
nocross(28,9).
nocross(28,12).
nocross(28,14).
nocross(28,16).
nocross(28,18).
nocross(28,26).
