dimension(22).
point(1, 133098.0, 970971.0).
point(2, 220496.0, 446501.0).
point(3, 646269.0, 187216.0).
point(4, 183042.0, 358062.0).
point(5, 215406.0, 621235.0).
point(6, 265590.0, 110235.0).
point(7, 795373.0, 696680.0).
point(8, 158486.0, 499298.0).
point(9, 403004.0, 962072.0).
point(10, 302779.0, 878435.0).
point(11, 276762.0, 586866.0).
point(12, 954650.0, 420805.0).
point(13, 634006.0, 56263.0).
point(14, 461692.0, 152404.0).
point(15, 210649.0, 898967.0).
point(16, 546705.0, 26095.0).
point(17, 862431.0, 185050.0).
point(18, 65465.0, 862629.0).
point(19, 120735.0, 366835.0).
point(20, 506450.0, 82959.0).
point(21, 679385.0, 100130.0).
point(22, 950799.0, 613434.0).
cost(1, 2, 531702).
cost(1, 3, 936812).
cost(1, 4, 614941).
cost(1, 5, 359291).
cost(1, 6, 870873).
cost(1, 7, 716829).
cost(1, 8, 472356).
cost(1, 9, 270053).
cost(1, 10, 193273).
cost(1, 11, 410093).
cost(1, 12, 988752).
cost(1, 13, 1042880).
cost(1, 14, 882058).
cost(1, 15, 105824).
cost(1, 16, 1031437).
cost(1, 17, 1072193).
cost(1, 18, 127719).
cost(1, 19, 604262).
cost(1, 20, 963305).
cost(1, 21, 1028005).
cost(1, 22, 892450).
cost(2, 1, 531702).
cost(2, 3, 498509).
cost(2, 4, 96043).
cost(2, 5, 174808).
cost(2, 6, 339276).
cost(2, 7, 626955).
cost(2, 8, 81442).
cost(2, 9, 546921).
cost(2, 10, 439702).
cost(2, 11, 151222).
cost(2, 12, 734604).
cost(2, 13, 568574).
cost(2, 14, 380353).
cost(2, 15, 452573).
cost(2, 16, 532122).
cost(2, 17, 693136).
cost(2, 18, 444069).
cost(2, 19, 127667).
cost(2, 20, 462528).
cost(2, 21, 574937).
cost(2, 22, 749139).
cost(3, 1, 936812).
cost(3, 2, 498509).
cost(3, 4, 493728).
cost(3, 5, 611568).
cost(3, 6, 388385).
cost(3, 7, 530835).
cost(3, 8, 579075).
cost(3, 9, 812145).
cost(3, 10, 771861).
cost(3, 11, 544294).
cost(3, 12, 386863).
cost(3, 13, 131526).
cost(3, 14, 187831).
cost(3, 15, 834478).
cost(3, 16, 189402).
cost(3, 17, 216173).
cost(3, 18, 890795).
cost(3, 19, 555382).
cost(3, 20, 174410).
cost(3, 21, 93170).
cost(3, 22, 523832).
cost(4, 1, 614941).
cost(4, 2, 96043).
cost(4, 3, 493728).
cost(4, 5, 265156).
cost(4, 6, 261213).
cost(4, 7, 699722).
cost(4, 8, 143355).
cost(4, 9, 642815).
cost(4, 10, 533971).
cost(4, 11, 247254).
cost(4, 12, 774155).
cost(4, 13, 542634).
cost(4, 14, 346325).
cost(4, 15, 541609).
cost(4, 16, 492395).
cost(4, 17, 701072).
cost(4, 18, 518085).
cost(4, 19, 62922).
cost(4, 20, 424587).
cost(4, 21, 559362).
cost(4, 22, 809114).
cost(5, 1, 359291).
cost(5, 2, 174808).
cost(5, 3, 611568).
cost(5, 4, 265156).
cost(5, 6, 513458).
cost(5, 7, 584854).
cost(5, 8, 134568).
cost(5, 9, 389054).
cost(5, 10, 271636).
cost(5, 11, 70326).
cost(5, 12, 765933).
cost(5, 13, 703150).
cost(5, 14, 529584).
cost(5, 15, 277773).
cost(5, 16, 681139).
cost(5, 17, 780320).
cost(5, 18, 284171).
cost(5, 19, 271444).
cost(5, 20, 611921).
cost(5, 21, 697730).
cost(5, 22, 735434).
cost(6, 1, 870873).
cost(6, 2, 339276).
cost(6, 3, 388385).
cost(6, 4, 261213).
cost(6, 5, 513458).
cost(6, 7, 790309).
cost(6, 8, 403536).
cost(6, 9, 862849).
cost(6, 10, 769100).
cost(6, 11, 476762).
cost(6, 12, 755816).
cost(6, 13, 372348).
cost(6, 14, 200585).
cost(6, 15, 790643).
cost(6, 16, 293437).
cost(6, 17, 601512).
cost(6, 18, 778554).
cost(6, 19, 294663).
cost(6, 20, 242400).
cost(6, 21, 413918).
cost(6, 22, 850130).
cost(7, 1, 716829).
cost(7, 2, 626955).
cost(7, 3, 530835).
cost(7, 4, 699722).
cost(7, 5, 584854).
cost(7, 6, 790309).
cost(7, 8, 666772).
cost(7, 9, 473694).
cost(7, 10, 525056).
cost(7, 11, 530110).
cost(7, 12, 318553).
cost(7, 13, 660434).
cost(7, 14, 638419).
cost(7, 15, 618726).
cost(7, 16, 715206).
cost(7, 17, 516006).
cost(7, 18, 748535).
cost(7, 19, 750955).
cost(7, 20, 678329).
cost(7, 21, 607721).
cost(7, 22, 176315).
cost(8, 1, 472356).
cost(8, 2, 81442).
cost(8, 3, 579075).
cost(8, 4, 143355).
cost(8, 5, 134568).
cost(8, 6, 403536).
cost(8, 7, 666772).
cost(8, 9, 523401).
cost(8, 10, 405667).
cost(8, 11, 147164).
cost(8, 12, 800024).
cost(8, 13, 649923).
cost(8, 14, 460727).
cost(8, 15, 403059).
cost(8, 16, 612074).
cost(8, 17, 770902).
cost(8, 18, 375050).
cost(8, 19, 137737).
cost(8, 20, 542602).
cost(8, 21, 656255).
cost(8, 22, 800492).
cost(9, 1, 270053).
cost(9, 2, 546921).
cost(9, 3, 812145).
cost(9, 4, 642815).
cost(9, 5, 389054).
cost(9, 6, 862849).
cost(9, 7, 473694).
cost(9, 8, 523401).
cost(9, 10, 130538).
cost(9, 11, 395874).
cost(9, 12, 772841).
cost(9, 13, 934800).
cost(9, 14, 811792).
cost(9, 15, 202442).
cost(9, 16, 946944).
cost(9, 17, 902683).
cost(9, 18, 351883).
cost(9, 19, 658774).
cost(9, 20, 885178).
cost(9, 21, 905169).
cost(9, 22, 649329).
cost(10, 1, 193273).
cost(10, 2, 439702).
cost(10, 3, 771861).
cost(10, 4, 533971).
cost(10, 5, 271636).
cost(10, 6, 769100).
cost(10, 7, 525056).
cost(10, 8, 405667).
cost(10, 9, 130538).
cost(10, 11, 292727).
cost(10, 12, 796468).
cost(10, 13, 886385).
cost(10, 14, 743219).
cost(10, 15, 94390).
cost(10, 16, 886557).
cost(10, 17, 891063).
cost(10, 18, 237840).
cost(10, 19, 543024).
cost(10, 20, 821136).
cost(10, 21, 864633).
cost(10, 22, 700111).
cost(11, 1, 410093).
cost(11, 2, 151222).
cost(11, 3, 544294).
cost(11, 4, 247254).
cost(11, 5, 70326).
cost(11, 6, 476762).
cost(11, 7, 530110).
cost(11, 8, 147164).
cost(11, 9, 395874).
cost(11, 10, 292727).
cost(11, 12, 697932).
cost(11, 13, 639658).
cost(11, 14, 472183).
cost(11, 15, 319027).
cost(11, 16, 622361).
cost(11, 17, 710256).
cost(11, 18, 347407).
cost(11, 19, 269737).
cost(11, 20, 553786).
cost(11, 21, 631678).
cost(11, 22, 674560).
cost(12, 1, 988752).
cost(12, 2, 734604).
cost(12, 3, 386863).
cost(12, 4, 774155).
cost(12, 5, 765933).
cost(12, 6, 755816).
cost(12, 7, 318553).
cost(12, 8, 800024).
cost(12, 9, 772841).
cost(12, 10, 796468).
cost(12, 11, 697932).
cost(12, 13, 485493).
cost(12, 14, 561290).
cost(12, 15, 884407).
cost(12, 16, 567640).
cost(12, 17, 253150).
cost(12, 18, 992904).
cost(12, 19, 835660).
cost(12, 20, 561269).
cost(12, 21, 422615).
cost(12, 22, 192667).
cost(13, 1, 1042880).
cost(13, 2, 568574).
cost(13, 3, 131526).
cost(13, 4, 542634).
cost(13, 5, 703150).
cost(13, 6, 372348).
cost(13, 7, 660434).
cost(13, 8, 649923).
cost(13, 9, 934800).
cost(13, 10, 886385).
cost(13, 11, 639658).
cost(13, 12, 485493).
cost(13, 14, 197320).
cost(13, 15, 943070).
cost(13, 16, 92367).
cost(13, 17, 262229).
cost(13, 18, 986643).
cost(13, 19, 599918).
cost(13, 20, 130320).
cost(13, 21, 63116).
cost(13, 22, 640935).
cost(14, 1, 882058).
cost(14, 2, 380353).
cost(14, 3, 187831).
cost(14, 4, 346325).
cost(14, 5, 529584).
cost(14, 6, 200585).
cost(14, 7, 638419).
cost(14, 8, 460727).
cost(14, 9, 811792).
cost(14, 10, 743219).
cost(14, 11, 472183).
cost(14, 12, 561290).
cost(14, 13, 197320).
cost(14, 15, 787641).
cost(14, 16, 152254).
cost(14, 17, 402067).
cost(14, 18, 813274).
cost(14, 19, 402781).
cost(14, 20, 82619).
cost(14, 21, 223881).
cost(14, 22, 672142).
cost(15, 1, 105824).
cost(15, 2, 452573).
cost(15, 3, 834478).
cost(15, 4, 541609).
cost(15, 5, 277773).
cost(15, 6, 790643).
cost(15, 7, 618726).
cost(15, 8, 403059).
cost(15, 9, 202442).
cost(15, 10, 94390).
cost(15, 11, 319027).
cost(15, 12, 884407).
cost(15, 13, 943070).
cost(15, 14, 787641).
cost(15, 16, 935328).
cost(15, 17, 966694).
cost(15, 18, 149662).
cost(15, 19, 539675).
cost(15, 20, 867967).
cost(15, 21, 926204).
cost(15, 22, 793317).
cost(16, 1, 1031437).
cost(16, 2, 532122).
cost(16, 3, 189402).
cost(16, 4, 492395).
cost(16, 5, 681139).
cost(16, 6, 293437).
cost(16, 7, 715206).
cost(16, 8, 612074).
cost(16, 9, 946944).
cost(16, 10, 886557).
cost(16, 11, 622361).
cost(16, 12, 567640).
cost(16, 13, 92367).
cost(16, 14, 152254).
cost(16, 15, 935328).
cost(16, 17, 353482).
cost(16, 18, 965081).
cost(16, 19, 545485).
cost(16, 20, 69671).
cost(16, 21, 151938).
cost(16, 22, 712923).
cost(17, 1, 1072193).
cost(17, 2, 693136).
cost(17, 3, 216173).
cost(17, 4, 701072).
cost(17, 5, 780320).
cost(17, 6, 601512).
cost(17, 7, 516006).
cost(17, 8, 770902).
cost(17, 9, 902683).
cost(17, 10, 891063).
cost(17, 11, 710256).
cost(17, 12, 253150).
cost(17, 13, 262229).
cost(17, 14, 402067).
cost(17, 15, 966694).
cost(17, 16, 353482).
cost(17, 18, 1046073).
cost(17, 19, 763648).
cost(17, 20, 370331).
cost(17, 21, 201785).
cost(17, 22, 437403).
cost(18, 1, 127719).
cost(18, 2, 444069).
cost(18, 3, 890795).
cost(18, 4, 518085).
cost(18, 5, 284171).
cost(18, 6, 778554).
cost(18, 7, 748535).
cost(18, 8, 375050).
cost(18, 9, 351883).
cost(18, 10, 237840).
cost(18, 11, 347407).
cost(18, 12, 992904).
cost(18, 13, 986643).
cost(18, 14, 813274).
cost(18, 15, 149662).
cost(18, 16, 965081).
cost(18, 17, 1046073).
cost(18, 19, 498865).
cost(18, 20, 895742).
cost(18, 21, 978929).
cost(18, 22, 919736).
cost(19, 1, 604262).
cost(19, 2, 127667).
cost(19, 3, 555382).
cost(19, 4, 62922).
cost(19, 5, 271444).
cost(19, 6, 294663).
cost(19, 7, 750955).
cost(19, 8, 137737).
cost(19, 9, 658774).
cost(19, 10, 543024).
cost(19, 11, 269737).
cost(19, 12, 835660).
cost(19, 13, 599918).
cost(19, 14, 402781).
cost(19, 15, 539675).
cost(19, 16, 545485).
cost(19, 17, 763648).
cost(19, 18, 498865).
cost(19, 20, 478917).
cost(19, 21, 619049).
cost(19, 22, 865920).
cost(20, 1, 963305).
cost(20, 2, 462528).
cost(20, 3, 174410).
cost(20, 4, 424587).
cost(20, 5, 611921).
cost(20, 6, 242400).
cost(20, 7, 678329).
cost(20, 8, 542602).
cost(20, 9, 885178).
cost(20, 10, 821136).
cost(20, 11, 553786).
cost(20, 12, 561269).
cost(20, 13, 130320).
cost(20, 14, 82619).
cost(20, 15, 867967).
cost(20, 16, 69671).
cost(20, 17, 370331).
cost(20, 18, 895742).
cost(20, 19, 478917).
cost(20, 21, 173785).
cost(20, 22, 691990).
cost(21, 1, 1028005).
cost(21, 2, 574937).
cost(21, 3, 93170).
cost(21, 4, 559362).
cost(21, 5, 697730).
cost(21, 6, 413918).
cost(21, 7, 607721).
cost(21, 8, 656255).
cost(21, 9, 905169).
cost(21, 10, 864633).
cost(21, 11, 631678).
cost(21, 12, 422615).
cost(21, 13, 63116).
cost(21, 14, 223881).
cost(21, 15, 926204).
cost(21, 16, 151938).
cost(21, 17, 201785).
cost(21, 18, 978929).
cost(21, 19, 619049).
cost(21, 20, 173785).
cost(21, 22, 580643).
cost(22, 1, 892450).
cost(22, 2, 749139).
cost(22, 3, 523832).
cost(22, 4, 809114).
cost(22, 5, 735434).
cost(22, 6, 850130).
cost(22, 7, 176315).
cost(22, 8, 800492).
cost(22, 9, 649329).
cost(22, 10, 700111).
cost(22, 11, 674560).
cost(22, 12, 192667).
cost(22, 13, 640935).
cost(22, 14, 672142).
cost(22, 15, 793317).
cost(22, 16, 712923).
cost(22, 17, 437403).
cost(22, 18, 919736).
cost(22, 19, 865920).
cost(22, 20, 691990).
cost(22, 21, 580643).
