dimension(22).
point(1, 716994.0, 920227.0).
point(2, 555585.0, 637492.0).
point(3, 460178.0, 817913.0).
point(4, 56739.0, 2548.0).
point(5, 686690.0, 570546.0).
point(6, 126499.0, 54199.0).
point(7, 646541.0, 421437.0).
point(8, 564691.0, 868179.0).
point(9, 350051.0, 496403.0).
point(10, 531405.0, 843613.0).
point(11, 97151.0, 837847.0).
point(12, 726037.0, 530099.0).
point(13, 581384.0, 869914.0).
point(14, 234325.0, 812487.0).
point(15, 206405.0, 936751.0).
point(16, 507141.0, 211343.0).
point(17, 63651.0, 973602.0).
point(18, 750285.0, 785666.0).
point(19, 924402.0, 668227.0).
point(20, 638580.0, 563930.0).
point(21, 954356.0, 799972.0).
point(22, 222113.0, 967610.0).
cost(1, 2, 325564).
cost(1, 3, 276446).
cost(1, 4, 1130518).
cost(1, 5, 350992).
cost(1, 6, 1048184).
cost(1, 7, 503741).
cost(1, 8, 160951).
cost(1, 9, 560601).
cost(1, 10, 200781).
cost(1, 11, 625293).
cost(1, 12, 390233).
cost(1, 13, 144643).
cost(1, 14, 494548).
cost(1, 15, 510856).
cost(1, 16, 739293).
cost(1, 17, 655520).
cost(1, 18, 138618).
cost(1, 19, 326377).
cost(1, 20, 364824).
cost(1, 21, 266086).
cost(1, 22, 497144).
cost(2, 1, 325564).
cost(2, 3, 204094).
cost(2, 4, 807466).
cost(2, 5, 147208).
cost(2, 6, 724117).
cost(2, 7, 234420).
cost(2, 8, 230867).
cost(2, 9, 249300).
cost(2, 10, 207534).
cost(2, 11, 500304).
cost(2, 12, 201463).
cost(2, 13, 233849).
cost(2, 14, 365830).
cost(2, 15, 459872).
cost(2, 16, 428894).
cost(2, 17, 595793).
cost(2, 18, 244670).
cost(2, 19, 370095).
cost(2, 20, 110903).
cost(2, 21, 430602).
cost(2, 22, 469235).
cost(3, 1, 276446).
cost(3, 2, 204094).
cost(3, 4, 909716).
cost(3, 5, 335407).
cost(3, 6, 833427).
cost(3, 7, 438092).
cost(3, 8, 115973).
cost(3, 9, 339848).
cost(3, 10, 75722).
cost(3, 11, 363574).
cost(3, 12, 391814).
cost(3, 13, 131890).
cost(3, 14, 225918).
cost(3, 15, 280220).
cost(3, 16, 608385).
cost(3, 17, 425996).
cost(3, 18, 291894).
cost(3, 19, 487760).
cost(3, 20, 310378).
cost(3, 21, 494504).
cost(3, 22, 281219).
cost(4, 1, 1130518).
cost(4, 2, 807466).
cost(4, 3, 909716).
cost(4, 5, 848210).
cost(4, 6, 86800).
cost(4, 7, 723419).
cost(4, 8, 1003659).
cost(4, 9, 574391).
cost(4, 10, 965763).
cost(4, 11, 836276).
cost(4, 12, 852215).
cost(4, 13, 1013694).
cost(4, 14, 829179).
cost(4, 15, 946116).
cost(4, 16, 496445).
cost(4, 17, 971079).
cost(4, 18, 1046078).
cost(4, 19, 1093603).
cost(4, 20, 808510).
cost(4, 21, 1200667).
cost(4, 22, 979129).
cost(5, 1, 350992).
cost(5, 2, 147208).
cost(5, 3, 335407).
cost(5, 4, 848210).
cost(5, 6, 761858).
cost(5, 7, 154420).
cost(5, 8, 321666).
cost(5, 9, 344707).
cost(5, 10, 314132).
cost(5, 11, 647307).
cost(5, 12, 56428).
cost(5, 13, 317349).
cost(5, 14, 513001).
cost(5, 15, 603970).
cost(5, 16, 401578).
cost(5, 17, 742046).
cost(5, 18, 224323).
cost(5, 19, 256999).
cost(5, 20, 48563).
cost(5, 21, 352536).
cost(5, 22, 611140).
cost(6, 1, 1048184).
cost(6, 2, 724117).
cost(6, 3, 833427).
cost(6, 4, 86800).
cost(6, 5, 761858).
cost(6, 7, 636638).
cost(6, 8, 924433).
cost(6, 9, 495500).
cost(6, 10, 887200).
cost(6, 11, 784197).
cost(6, 12, 765458).
cost(6, 13, 933976).
cost(6, 14, 765916).
cost(6, 15, 886162).
cost(6, 16, 411804).
cost(6, 17, 921549).
cost(6, 18, 961329).
cost(6, 19, 1006817).
cost(6, 20, 722532).
cost(6, 21, 1114237).
cost(6, 22, 918402).
cost(7, 1, 503741).
cost(7, 2, 234420).
cost(7, 3, 438092).
cost(7, 4, 723419).
cost(7, 5, 154420).
cost(7, 6, 636638).
cost(7, 8, 454178).
cost(7, 9, 305821).
cost(7, 10, 437594).
cost(7, 11, 689367).
cost(7, 12, 134637).
cost(7, 13, 453185).
cost(7, 14, 568192).
cost(7, 15, 677693).
cost(7, 16, 252135).
cost(7, 17, 802899).
cost(7, 18, 378716).
cost(7, 19, 371634).
cost(7, 20, 142715).
cost(7, 21, 487892).
cost(7, 22, 691697).
cost(8, 1, 160951).
cost(8, 2, 230867).
cost(8, 3, 115973).
cost(8, 4, 1003659).
cost(8, 5, 321666).
cost(8, 6, 924433).
cost(8, 7, 454178).
cost(8, 9, 429287).
cost(8, 10, 41370).
cost(8, 11, 468523).
cost(8, 12, 374607).
cost(8, 13, 16783).
cost(8, 14, 335027).
cost(8, 15, 364789).
cost(8, 16, 659352).
cost(8, 17, 512011).
cost(8, 18, 203110).
cost(8, 19, 411549).
cost(8, 20, 313093).
cost(8, 21, 395589).
cost(8, 22, 356716).
cost(9, 1, 560601).
cost(9, 2, 249300).
cost(9, 3, 339848).
cost(9, 4, 574391).
cost(9, 5, 344707).
cost(9, 6, 495500).
cost(9, 7, 305821).
cost(9, 8, 429287).
cost(9, 10, 391719).
cost(9, 11, 424903).
cost(9, 12, 377493).
cost(9, 13, 439347).
cost(9, 14, 336603).
cost(9, 15, 463185).
cost(9, 16, 325479).
cost(9, 17, 556546).
cost(9, 18, 493822).
cost(9, 19, 599502).
cost(9, 20, 296326).
cost(9, 21, 676268).
cost(9, 22, 488266).
cost(10, 1, 200781).
cost(10, 2, 207534).
cost(10, 3, 75722).
cost(10, 4, 965763).
cost(10, 5, 314132).
cost(10, 6, 887200).
cost(10, 7, 437594).
cost(10, 8, 41370).
cost(10, 9, 391719).
cost(10, 11, 434292).
cost(10, 12, 369016).
cost(10, 13, 56477).
cost(10, 14, 298706).
cost(10, 15, 338082).
cost(10, 16, 632735).
cost(10, 17, 485480).
cost(10, 18, 226421).
cost(10, 19, 430357).
cost(10, 20, 299515).
cost(10, 21, 425197).
cost(10, 22, 333222).
cost(11, 1, 625293).
cost(11, 2, 500304).
cost(11, 3, 363574).
cost(11, 4, 836276).
cost(11, 5, 647307).
cost(11, 6, 784197).
cost(11, 7, 689367).
cost(11, 8, 468523).
cost(11, 9, 424903).
cost(11, 10, 434292).
cost(11, 12, 700147).
cost(11, 13, 485294).
cost(11, 14, 139499).
cost(11, 15, 147372).
cost(11, 16, 748732).
cost(11, 17, 139827).
cost(11, 18, 655215).
cost(11, 19, 844461).
cost(11, 20, 606775).
cost(11, 21, 858041).
cost(11, 22, 180150).
cost(12, 1, 390233).
cost(12, 2, 201463).
cost(12, 3, 391814).
cost(12, 4, 852215).
cost(12, 5, 56428).
cost(12, 6, 765458).
cost(12, 7, 134637).
cost(12, 8, 374607).
cost(12, 9, 377493).
cost(12, 10, 369016).
cost(12, 11, 700147).
cost(12, 13, 369322).
cost(12, 14, 567031).
cost(12, 15, 659836).
cost(12, 16, 386679).
cost(12, 17, 797151).
cost(12, 18, 256715).
cost(12, 19, 241719).
cost(12, 20, 93772).
cost(12, 21, 353498).
cost(12, 22, 667349).
cost(13, 1, 144643).
cost(13, 2, 233849).
cost(13, 3, 131890).
cost(13, 4, 1013694).
cost(13, 5, 317349).
cost(13, 6, 933976).
cost(13, 7, 453185).
cost(13, 8, 16783).
cost(13, 9, 439347).
cost(13, 10, 56477).
cost(13, 11, 485294).
cost(13, 12, 369322).
cost(13, 14, 351778).
cost(13, 15, 380889).
cost(13, 16, 662743).
cost(13, 17, 528014).
cost(13, 18, 188747).
cost(13, 19, 397918).
cost(13, 20, 311284).
cost(13, 21, 379473).
cost(13, 22, 372317).
cost(14, 1, 494548).
cost(14, 2, 365830).
cost(14, 3, 225918).
cost(14, 4, 829179).
cost(14, 5, 513001).
cost(14, 6, 765916).
cost(14, 7, 568192).
cost(14, 8, 335027).
cost(14, 9, 336603).
cost(14, 10, 298706).
cost(14, 11, 139499).
cost(14, 12, 567031).
cost(14, 13, 351778).
cost(14, 15, 127362).
cost(14, 16, 660154).
cost(14, 17, 234708).
cost(14, 18, 516657).
cost(14, 19, 704994).
cost(14, 20, 474555).
cost(14, 21, 720140).
cost(14, 22, 155603).
cost(15, 1, 510856).
cost(15, 2, 459872).
cost(15, 3, 280220).
cost(15, 4, 946116).
cost(15, 5, 603970).
cost(15, 6, 886162).
cost(15, 7, 677693).
cost(15, 8, 364789).
cost(15, 9, 463185).
cost(15, 10, 338082).
cost(15, 11, 147372).
cost(15, 12, 659836).
cost(15, 13, 380889).
cost(15, 14, 127362).
cost(15, 16, 785276).
cost(15, 17, 147434).
cost(15, 18, 564475).
cost(15, 19, 766567).
cost(15, 20, 570763).
cost(15, 21, 760355).
cost(15, 22, 34627).
cost(16, 1, 739293).
cost(16, 2, 428894).
cost(16, 3, 608385).
cost(16, 4, 496445).
cost(16, 5, 401578).
cost(16, 6, 411804).
cost(16, 7, 252135).
cost(16, 8, 659352).
cost(16, 9, 325479).
cost(16, 10, 632735).
cost(16, 11, 748732).
cost(16, 12, 386679).
cost(16, 13, 662743).
cost(16, 14, 660154).
cost(16, 15, 785276).
cost(16, 17, 881886).
cost(16, 18, 623671).
cost(16, 19, 618749).
cost(16, 20, 376290).
cost(16, 21, 739246).
cost(16, 22, 808196).
cost(17, 1, 655520).
cost(17, 2, 595793).
cost(17, 3, 425996).
cost(17, 4, 971079).
cost(17, 5, 742046).
cost(17, 6, 921549).
cost(17, 7, 802899).
cost(17, 8, 512011).
cost(17, 9, 556546).
cost(17, 10, 485480).
cost(17, 11, 139827).
cost(17, 12, 797151).
cost(17, 13, 528014).
cost(17, 14, 234708).
cost(17, 15, 147434).
cost(17, 16, 881886).
cost(17, 18, 711889).
cost(17, 19, 913316).
cost(17, 20, 705956).
cost(17, 21, 907471).
cost(17, 22, 158575).
cost(18, 1, 138618).
cost(18, 2, 244670).
cost(18, 3, 291894).
cost(18, 4, 1046078).
cost(18, 5, 224323).
cost(18, 6, 961329).
cost(18, 7, 378716).
cost(18, 8, 203110).
cost(18, 9, 493822).
cost(18, 10, 226421).
cost(18, 11, 655215).
cost(18, 12, 256715).
cost(18, 13, 188747).
cost(18, 14, 516657).
cost(18, 15, 564475).
cost(18, 16, 623671).
cost(18, 17, 711889).
cost(18, 19, 210021).
cost(18, 20, 248284).
cost(18, 21, 204572).
cost(18, 22, 558632).
cost(19, 1, 326377).
cost(19, 2, 370095).
cost(19, 3, 487760).
cost(19, 4, 1093603).
cost(19, 5, 256999).
cost(19, 6, 1006817).
cost(19, 7, 371634).
cost(19, 8, 411549).
cost(19, 9, 599502).
cost(19, 10, 430357).
cost(19, 11, 844461).
cost(19, 12, 241719).
cost(19, 13, 397918).
cost(19, 14, 704994).
cost(19, 15, 766567).
cost(19, 16, 618749).
cost(19, 17, 913316).
cost(19, 18, 210021).
cost(19, 20, 304257).
cost(19, 21, 135107).
cost(19, 22, 763440).
cost(20, 1, 364824).
cost(20, 2, 110903).
cost(20, 3, 310378).
cost(20, 4, 808510).
cost(20, 5, 48563).
cost(20, 6, 722532).
cost(20, 7, 142715).
cost(20, 8, 313093).
cost(20, 9, 296326).
cost(20, 10, 299515).
cost(20, 11, 606775).
cost(20, 12, 93772).
cost(20, 13, 311284).
cost(20, 14, 474555).
cost(20, 15, 570763).
cost(20, 16, 376290).
cost(20, 17, 705956).
cost(20, 18, 248284).
cost(20, 19, 304257).
cost(20, 21, 394247).
cost(20, 22, 580002).
cost(21, 1, 266086).
cost(21, 2, 430602).
cost(21, 3, 494504).
cost(21, 4, 1200667).
cost(21, 5, 352536).
cost(21, 6, 1114237).
cost(21, 7, 487892).
cost(21, 8, 395589).
cost(21, 9, 676268).
cost(21, 10, 425197).
cost(21, 11, 858041).
cost(21, 12, 353498).
cost(21, 13, 379473).
cost(21, 14, 720140).
cost(21, 15, 760355).
cost(21, 16, 739246).
cost(21, 17, 907471).
cost(21, 18, 204572).
cost(21, 19, 135107).
cost(21, 20, 394247).
cost(21, 22, 751187).
cost(22, 1, 497144).
cost(22, 2, 469235).
cost(22, 3, 281219).
cost(22, 4, 979129).
cost(22, 5, 611140).
cost(22, 6, 918402).
cost(22, 7, 691697).
cost(22, 8, 356716).
cost(22, 9, 488266).
cost(22, 10, 333222).
cost(22, 11, 180150).
cost(22, 12, 667349).
cost(22, 13, 372317).
cost(22, 14, 155603).
cost(22, 15, 34627).
cost(22, 16, 808196).
cost(22, 17, 158575).
cost(22, 18, 558632).
cost(22, 19, 763440).
cost(22, 20, 580002).
cost(22, 21, 751187).
