dimension(22).
point(1, 35782.0, 646095.0).
point(2, 831314.0, 581335.0).
point(3, 843951.0, 248766.0).
point(4, 537425.0, 583981.0).
point(5, 303526.0, 796350.0).
point(6, 288771.0, 452908.0).
point(7, 653512.0, 409220.0).
point(8, 757452.0, 271152.0).
point(9, 245163.0, 206350.0).
point(10, 264674.0, 384239.0).
point(11, 306697.0, 878369.0).
point(12, 992752.0, 569256.0).
point(13, 809443.0, 253988.0).
point(14, 332920.0, 542391.0).
point(15, 711357.0, 892670.0).
point(16, 53299.0, 995220.0).
point(17, 162228.0, 220292.0).
point(18, 784662.0, 208790.0).
point(19, 153457.0, 149937.0).
point(20, 484429.0, 836131.0).
point(21, 466890.0, 816823.0).
point(22, 72247.0, 387738.0).
cost(1, 2, 798164).
cost(1, 3, 900560).
cost(1, 4, 505474).
cost(1, 5, 307023).
cost(1, 6, 318315).
cost(1, 7, 661589).
cost(1, 8, 813259).
cost(1, 9, 487048).
cost(1, 10, 347793).
cost(1, 11, 356856).
cost(1, 12, 960050).
cost(1, 13, 867352).
cost(1, 14, 314715).
cost(1, 15, 719167).
cost(1, 16, 349564).
cost(1, 17, 444181).
cost(1, 18, 867212).
cost(1, 19, 509922).
cost(1, 20, 487235).
cost(1, 21, 463683).
cost(1, 22, 260918).
cost(2, 1, 798164).
cost(2, 3, 332809).
cost(2, 4, 293901).
cost(2, 5, 569905).
cost(2, 6, 557536).
cost(2, 7, 247461).
cost(2, 8, 318856).
cost(2, 9, 695835).
cost(2, 10, 599940).
cost(2, 11, 602870).
cost(2, 12, 161889).
cost(2, 13, 328077).
cost(2, 14, 499913).
cost(2, 15, 333645).
cost(2, 16, 881254).
cost(2, 17, 760282).
cost(2, 18, 375455).
cost(2, 19, 803489).
cost(2, 20, 430407).
cost(2, 21, 433889).
cost(2, 22, 783366).
cost(3, 1, 900560).
cost(3, 2, 332809).
cost(3, 4, 454233).
cost(3, 5, 769355).
cost(3, 6, 591522).
cost(3, 7, 249023).
cost(3, 8, 89349).
cost(3, 9, 600288).
cost(3, 10, 594907).
cost(3, 11, 827673).
cost(3, 12, 353349).
cost(3, 13, 34901).
cost(3, 14, 589380).
cost(3, 15, 657414).
cost(3, 16, 1087347).
cost(3, 17, 682317).
cost(3, 18, 71507).
cost(3, 19, 697531).
cost(3, 20, 688661).
cost(3, 21, 681809).
cost(3, 22, 784118).
cost(4, 1, 505474).
cost(4, 2, 293901).
cost(4, 3, 454233).
cost(4, 5, 315926).
cost(4, 6, 281085).
cost(4, 7, 209804).
cost(4, 8, 382458).
cost(4, 9, 477517).
cost(4, 10, 338068).
cost(4, 11, 374032).
cost(4, 12, 455565).
cost(4, 13, 427655).
cost(4, 14, 208691).
cost(4, 15, 354318).
cost(4, 16, 635213).
cost(4, 17, 522535).
cost(4, 18, 449327).
cost(4, 19, 579505).
cost(4, 20, 257659).
cost(4, 21, 243291).
cost(4, 22, 504878).
cost(5, 1, 307023).
cost(5, 2, 569905).
cost(5, 3, 769355).
cost(5, 4, 315926).
cost(5, 6, 343759).
cost(5, 7, 521881).
cost(5, 8, 694177).
cost(5, 9, 592880).
cost(5, 10, 413938).
cost(5, 11, 82080).
cost(5, 12, 725675).
cost(5, 13, 741693).
cost(5, 14, 255654).
cost(5, 15, 419051).
cost(5, 16, 319629).
cost(5, 17, 593134).
cost(5, 18, 759420).
cost(5, 19, 663604).
cost(5, 20, 185225).
cost(5, 21, 164642).
cost(5, 22, 469525).
cost(6, 1, 318315).
cost(6, 2, 557536).
cost(6, 3, 591522).
cost(6, 4, 281085).
cost(6, 5, 343759).
cost(6, 7, 367348).
cost(6, 8, 502690).
cost(6, 9, 250385).
cost(6, 10, 72774).
cost(6, 11, 425838).
cost(6, 12, 713531).
cost(6, 13, 557376).
cost(6, 14, 99781).
cost(6, 15, 609893).
cost(6, 16, 591227).
cost(6, 17, 264808).
cost(6, 18, 552722).
cost(6, 19, 331815).
cost(6, 20, 430281).
cost(6, 21, 405167).
cost(6, 22, 226119).
cost(7, 1, 661589).
cost(7, 2, 247461).
cost(7, 3, 249023).
cost(7, 4, 209804).
cost(7, 5, 521881).
cost(7, 6, 367348).
cost(7, 8, 172819).
cost(7, 9, 455966).
cost(7, 10, 389640).
cost(7, 11, 583422).
cost(7, 12, 375094).
cost(7, 13, 220026).
cost(7, 14, 347151).
cost(7, 15, 486898).
cost(7, 16, 838839).
cost(7, 17, 526359).
cost(7, 18, 239526).
cost(7, 19, 563279).
cost(7, 20, 459175).
cost(7, 21, 448295).
cost(7, 22, 581662).
cost(8, 1, 813259).
cost(8, 2, 318856).
cost(8, 3, 89349).
cost(8, 4, 382458).
cost(8, 5, 694177).
cost(8, 6, 502690).
cost(8, 7, 172819).
cost(8, 9, 516371).
cost(8, 10, 505588).
cost(8, 11, 756236).
cost(8, 12, 379779).
cost(8, 13, 54751).
cost(8, 14, 503784).
cost(8, 15, 623225).
cost(8, 16, 1010003).
cost(8, 17, 597393).
cost(8, 18, 68040).
cost(8, 19, 616038).
cost(8, 20, 627489).
cost(8, 21, 618210).
cost(8, 22, 695053).
cost(9, 1, 487048).
cost(9, 2, 695835).
cost(9, 3, 600288).
cost(9, 4, 477517).
cost(9, 5, 592880).
cost(9, 6, 250385).
cost(9, 7, 455966).
cost(9, 8, 516371).
cost(9, 10, 178956).
cost(9, 11, 674830).
cost(9, 12, 831017).
cost(9, 13, 566287).
cost(9, 14, 347311).
cost(9, 15, 829682).
cost(9, 16, 811867).
cost(9, 17, 84099).
cost(9, 18, 539505).
cost(9, 19, 107668).
cost(9, 20, 673700).
cost(9, 21, 649492).
cost(9, 22, 250602).
cost(10, 1, 347793).
cost(10, 2, 599940).
cost(10, 3, 594907).
cost(10, 4, 338068).
cost(10, 5, 413938).
cost(10, 6, 72774).
cost(10, 7, 389640).
cost(10, 8, 505588).
cost(10, 9, 178956).
cost(10, 11, 495914).
cost(10, 12, 751218).
cost(10, 13, 560124).
cost(10, 14, 172249).
cost(10, 15, 676777).
cost(10, 16, 646512).
cost(10, 17, 193323).
cost(10, 18, 548789).
cost(10, 19, 259358).
cost(10, 20, 502492).
cost(10, 21, 477515).
cost(10, 22, 192459).
cost(11, 1, 356856).
cost(11, 2, 602870).
cost(11, 3, 827673).
cost(11, 4, 374032).
cost(11, 5, 82080).
cost(11, 6, 425838).
cost(11, 7, 583422).
cost(11, 8, 756236).
cost(11, 9, 674830).
cost(11, 10, 495914).
cost(11, 12, 752477).
cost(11, 13, 801627).
cost(11, 14, 337000).
cost(11, 15, 404913).
cost(11, 16, 279042).
cost(11, 17, 673748).
cost(11, 18, 822670).
cost(11, 19, 744376).
cost(11, 20, 182682).
cost(11, 21, 171609).
cost(11, 22, 543770).
cost(12, 1, 960050).
cost(12, 2, 161889).
cost(12, 3, 353349).
cost(12, 4, 455565).
cost(12, 5, 725675).
cost(12, 6, 713531).
cost(12, 7, 375094).
cost(12, 8, 379779).
cost(12, 9, 831017).
cost(12, 10, 751218).
cost(12, 11, 752477).
cost(12, 13, 364686).
cost(12, 14, 660379).
cost(12, 15, 428695).
cost(12, 16, 1031512).
cost(12, 17, 900858).
cost(12, 18, 416218).
cost(12, 19, 938213).
cost(12, 20, 574121).
cost(12, 21, 581223).
cost(12, 22, 938231).
cost(13, 1, 867352).
cost(13, 2, 328077).
cost(13, 3, 34901).
cost(13, 4, 427655).
cost(13, 5, 741693).
cost(13, 6, 557376).
cost(13, 7, 220026).
cost(13, 8, 54751).
cost(13, 9, 566287).
cost(13, 10, 560124).
cost(13, 11, 801627).
cost(13, 12, 364686).
cost(13, 14, 557001).
cost(13, 15, 646170).
cost(13, 16, 1058857).
cost(13, 17, 648092).
cost(13, 18, 51546).
cost(13, 19, 664187).
cost(13, 20, 666727).
cost(13, 21, 658882).
cost(13, 22, 749231).
cost(14, 1, 314715).
cost(14, 2, 499913).
cost(14, 3, 589380).
cost(14, 4, 208691).
cost(14, 5, 255654).
cost(14, 6, 99781).
cost(14, 7, 347151).
cost(14, 8, 503784).
cost(14, 9, 347311).
cost(14, 10, 172249).
cost(14, 11, 337000).
cost(14, 12, 660379).
cost(14, 13, 557001).
cost(14, 15, 515665).
cost(14, 16, 532205).
cost(14, 17, 364532).
cost(14, 18, 561570).
cost(14, 19, 431540).
cost(14, 20, 330512).
cost(14, 21, 305386).
cost(14, 22, 303097).
cost(15, 1, 719167).
cost(15, 2, 333645).
cost(15, 3, 657414).
cost(15, 4, 354318).
cost(15, 5, 419051).
cost(15, 6, 609893).
cost(15, 7, 486898).
cost(15, 8, 623225).
cost(15, 9, 829682).
cost(15, 10, 676777).
cost(15, 11, 404913).
cost(15, 12, 428695).
cost(15, 13, 646170).
cost(15, 14, 515665).
cost(15, 16, 666001).
cost(15, 17, 868121).
cost(15, 18, 687798).
cost(15, 19, 928927).
cost(15, 20, 233865).
cost(15, 21, 255963).
cost(15, 22, 814505).
cost(16, 1, 349564).
cost(16, 2, 881254).
cost(16, 3, 1087347).
cost(16, 4, 635213).
cost(16, 5, 319629).
cost(16, 6, 591227).
cost(16, 7, 838839).
cost(16, 8, 1010003).
cost(16, 9, 811867).
cost(16, 10, 646512).
cost(16, 11, 279042).
cost(16, 12, 1031512).
cost(16, 13, 1058857).
cost(16, 14, 532205).
cost(16, 15, 666001).
cost(16, 17, 782546).
cost(16, 18, 1073948).
cost(16, 19, 851196).
cost(16, 20, 459546).
cost(16, 21, 450425).
cost(16, 22, 607777).
cost(17, 1, 444181).
cost(17, 2, 760282).
cost(17, 3, 682317).
cost(17, 4, 522535).
cost(17, 5, 593134).
cost(17, 6, 264808).
cost(17, 7, 526359).
cost(17, 8, 597393).
cost(17, 9, 84099).
cost(17, 10, 193323).
cost(17, 11, 673748).
cost(17, 12, 900858).
cost(17, 13, 648092).
cost(17, 14, 364532).
cost(17, 15, 868121).
cost(17, 16, 782546).
cost(17, 18, 622540).
cost(17, 19, 70900).
cost(17, 20, 695033).
cost(17, 21, 669827).
cost(17, 22, 190091).
cost(18, 1, 867212).
cost(18, 2, 375455).
cost(18, 3, 71507).
cost(18, 4, 449327).
cost(18, 5, 759420).
cost(18, 6, 552722).
cost(18, 7, 239526).
cost(18, 8, 68040).
cost(18, 9, 539505).
cost(18, 10, 548789).
cost(18, 11, 822670).
cost(18, 12, 416218).
cost(18, 13, 51546).
cost(18, 14, 561570).
cost(18, 15, 687798).
cost(18, 16, 1073948).
cost(18, 17, 622540).
cost(18, 19, 633943).
cost(18, 20, 695483).
cost(18, 21, 686064).
cost(18, 22, 734546).
cost(19, 1, 509922).
cost(19, 2, 803489).
cost(19, 3, 697531).
cost(19, 4, 579505).
cost(19, 5, 663604).
cost(19, 6, 331815).
cost(19, 7, 563279).
cost(19, 8, 616038).
cost(19, 9, 107668).
cost(19, 10, 259358).
cost(19, 11, 744376).
cost(19, 12, 938213).
cost(19, 13, 664187).
cost(19, 14, 431540).
cost(19, 15, 928927).
cost(19, 16, 851196).
cost(19, 17, 70900).
cost(19, 18, 633943).
cost(19, 20, 761843).
cost(19, 21, 736870).
cost(19, 22, 251285).
cost(20, 1, 487235).
cost(20, 2, 430407).
cost(20, 3, 688661).
cost(20, 4, 257659).
cost(20, 5, 185225).
cost(20, 6, 430281).
cost(20, 7, 459175).
cost(20, 8, 627489).
cost(20, 9, 673700).
cost(20, 10, 502492).
cost(20, 11, 182682).
cost(20, 12, 574121).
cost(20, 13, 666727).
cost(20, 14, 330512).
cost(20, 15, 233865).
cost(20, 16, 459546).
cost(20, 17, 695033).
cost(20, 18, 695483).
cost(20, 19, 761843).
cost(20, 21, 26085).
cost(20, 22, 609057).
cost(21, 1, 463683).
cost(21, 2, 433889).
cost(21, 3, 681809).
cost(21, 4, 243291).
cost(21, 5, 164642).
cost(21, 6, 405167).
cost(21, 7, 448295).
cost(21, 8, 618210).
cost(21, 9, 649492).
cost(21, 10, 477515).
cost(21, 11, 171609).
cost(21, 12, 581223).
cost(21, 13, 658882).
cost(21, 14, 305386).
cost(21, 15, 255963).
cost(21, 16, 450425).
cost(21, 17, 669827).
cost(21, 18, 686064).
cost(21, 19, 736870).
cost(21, 20, 26085).
cost(21, 22, 582973).
cost(22, 1, 260918).
cost(22, 2, 783366).
cost(22, 3, 784118).
cost(22, 4, 504878).
cost(22, 5, 469525).
cost(22, 6, 226119).
cost(22, 7, 581662).
cost(22, 8, 695053).
cost(22, 9, 250602).
cost(22, 10, 192459).
cost(22, 11, 543770).
cost(22, 12, 938231).
cost(22, 13, 749231).
cost(22, 14, 303097).
cost(22, 15, 814505).
cost(22, 16, 607777).
cost(22, 17, 190091).
cost(22, 18, 734546).
cost(22, 19, 251285).
cost(22, 20, 609057).
cost(22, 21, 582973).
