dimension(26).
point(1, 43.691954013, 27.6384278231).
point(2, 19.3964314527, 28.2529411535).
point(3, 95.8017086865, 93.0014772918).
point(4, 44.0696623347, 50.9069390619).
point(5, 28.2885626595, 51.0376779422).
point(6, 95.976847371, 52.7059597613).
point(7, 85.0567964076, 69.0808296445).
point(8, 22.8505110758, 24.5910392431).
point(9, 73.3544466133, 62.3184753179).
point(10, 85.9165802889, 77.7236612394).
point(11, 10.5663499422, 22.8306069191).
point(12, 43.7198127036, 53.2750277808).
point(13, 45.1404011776, 33.35822937).
point(14, 77.757282038, 85.7247874281).
point(15, 88.9557477072, 93.0327109357).
point(16, 85.7583686221, 62.59816369).
point(17, 29.5407256444, 76.555876864).
point(18, 94.2429585133, 52.4617353692).
point(19, 14.225942814, 44.7287034537).
point(20, 77.6566753418, 54.8460137447).
point(21, 83.3059746561, 52.5662838361).
point(22, 79.3988547611, 77.366720657).
point(23, 20.9692388009, 72.1545883451).
point(24, 7.9630479846, 25.7302121799).
point(25, 35.0057150366, 61.8930426053).
point(26, 74.2658219913, 84.3292773535).
cost(1, 2, 24).
cost(1, 3, 84).
cost(1, 4, 23).
cost(1, 5, 28).
cost(1, 6, 58).
cost(1, 7, 59).
cost(1, 8, 21).
cost(1, 9, 46).
cost(1, 10, 66).
cost(1, 11, 33).
cost(1, 12, 26).
cost(1, 13, 6).
cost(1, 14, 67).
cost(1, 15, 80).
cost(1, 16, 55).
cost(1, 17, 51).
cost(1, 18, 56).
cost(1, 19, 34).
cost(1, 20, 44).
cost(1, 21, 47).
cost(1, 22, 61).
cost(1, 23, 50).
cost(1, 24, 36).
cost(1, 25, 35).
cost(1, 26, 64).
cost(2, 1, 24).
cost(2, 3, 100).
cost(2, 4, 33).
cost(2, 5, 24).
cost(2, 6, 80).
cost(2, 7, 77).
cost(2, 8, 5).
cost(2, 9, 64).
cost(2, 10, 83).
cost(2, 11, 10).
cost(2, 12, 35).
cost(2, 13, 26).
cost(2, 14, 82).
cost(2, 15, 95).
cost(2, 16, 75).
cost(2, 17, 49).
cost(2, 18, 79).
cost(2, 19, 17).
cost(2, 20, 64).
cost(2, 21, 68).
cost(2, 22, 78).
cost(2, 23, 44).
cost(2, 24, 12).
cost(2, 25, 37).
cost(2, 26, 78).
cost(3, 1, 84).
cost(3, 2, 100).
cost(3, 4, 67).
cost(3, 5, 79).
cost(3, 6, 40).
cost(3, 7, 26).
cost(3, 8, 100).
cost(3, 9, 38).
cost(3, 10, 18).
cost(3, 11, 110).
cost(3, 12, 66).
cost(3, 13, 78).
cost(3, 14, 19).
cost(3, 15, 7).
cost(3, 16, 32).
cost(3, 17, 68).
cost(3, 18, 41).
cost(3, 19, 95).
cost(3, 20, 42).
cost(3, 21, 42).
cost(3, 22, 23).
cost(3, 23, 78).
cost(3, 24, 111).
cost(3, 25, 68).
cost(3, 26, 23).
cost(4, 1, 23).
cost(4, 2, 33).
cost(4, 3, 67).
cost(4, 5, 16).
cost(4, 6, 52).
cost(4, 7, 45).
cost(4, 8, 34).
cost(4, 9, 31).
cost(4, 10, 50).
cost(4, 11, 44).
cost(4, 12, 2).
cost(4, 13, 18).
cost(4, 14, 48).
cost(4, 15, 62).
cost(4, 16, 43).
cost(4, 17, 29).
cost(4, 18, 50).
cost(4, 19, 30).
cost(4, 20, 34).
cost(4, 21, 39).
cost(4, 22, 44).
cost(4, 23, 31).
cost(4, 24, 44).
cost(4, 25, 14).
cost(4, 26, 45).
cost(5, 1, 28).
cost(5, 2, 24).
cost(5, 3, 79).
cost(5, 4, 16).
cost(5, 6, 68).
cost(5, 7, 60).
cost(5, 8, 27).
cost(5, 9, 46).
cost(5, 10, 64).
cost(5, 11, 33).
cost(5, 12, 16).
cost(5, 13, 24).
cost(5, 14, 60).
cost(5, 15, 74).
cost(5, 16, 59).
cost(5, 17, 26).
cost(5, 18, 66).
cost(5, 19, 15).
cost(5, 20, 50).
cost(5, 21, 55).
cost(5, 22, 57).
cost(5, 23, 22).
cost(5, 24, 32).
cost(5, 25, 13).
cost(5, 26, 57).
cost(6, 1, 58).
cost(6, 2, 80).
cost(6, 3, 40).
cost(6, 4, 52).
cost(6, 5, 68).
cost(6, 7, 20).
cost(6, 8, 78).
cost(6, 9, 25).
cost(6, 10, 27).
cost(6, 11, 90).
cost(6, 12, 52).
cost(6, 13, 54).
cost(6, 14, 38).
cost(6, 15, 41).
cost(6, 16, 14).
cost(6, 17, 71).
cost(6, 18, 2).
cost(6, 19, 82).
cost(6, 20, 18).
cost(6, 21, 13).
cost(6, 22, 30).
cost(6, 23, 77).
cost(6, 24, 92).
cost(6, 25, 62).
cost(6, 26, 38).
cost(7, 1, 59).
cost(7, 2, 77).
cost(7, 3, 26).
cost(7, 4, 45).
cost(7, 5, 60).
cost(7, 6, 20).
cost(7, 8, 76).
cost(7, 9, 14).
cost(7, 10, 9).
cost(7, 11, 88).
cost(7, 12, 44).
cost(7, 13, 54).
cost(7, 14, 18).
cost(7, 15, 24).
cost(7, 16, 7).
cost(7, 17, 56).
cost(7, 18, 19).
cost(7, 19, 75).
cost(7, 20, 16).
cost(7, 21, 17).
cost(7, 22, 10).
cost(7, 23, 64).
cost(7, 24, 88).
cost(7, 25, 51).
cost(7, 26, 19).
cost(8, 1, 21).
cost(8, 2, 5).
cost(8, 3, 100).
cost(8, 4, 34).
cost(8, 5, 27).
cost(8, 6, 78).
cost(8, 7, 76).
cost(8, 9, 63).
cost(8, 10, 82).
cost(8, 11, 12).
cost(8, 12, 35).
cost(8, 13, 24).
cost(8, 14, 82).
cost(8, 15, 95).
cost(8, 16, 73).
cost(8, 17, 52).
cost(8, 18, 77).
cost(8, 19, 22).
cost(8, 20, 63).
cost(8, 21, 67).
cost(8, 22, 77).
cost(8, 23, 48).
cost(8, 24, 15).
cost(8, 25, 39).
cost(8, 26, 79).
cost(9, 1, 46).
cost(9, 2, 64).
cost(9, 3, 38).
cost(9, 4, 31).
cost(9, 5, 46).
cost(9, 6, 25).
cost(9, 7, 14).
cost(9, 8, 63).
cost(9, 10, 20).
cost(9, 11, 74).
cost(9, 12, 31).
cost(9, 13, 40).
cost(9, 14, 24).
cost(9, 15, 34).
cost(9, 16, 12).
cost(9, 17, 46).
cost(9, 18, 23).
cost(9, 19, 62).
cost(9, 20, 9).
cost(9, 21, 14).
cost(9, 22, 16).
cost(9, 23, 53).
cost(9, 24, 75).
cost(9, 25, 38).
cost(9, 26, 22).
cost(10, 1, 66).
cost(10, 2, 83).
cost(10, 3, 18).
cost(10, 4, 50).
cost(10, 5, 64).
cost(10, 6, 27).
cost(10, 7, 9).
cost(10, 8, 82).
cost(10, 9, 20).
cost(10, 11, 93).
cost(10, 12, 49).
cost(10, 13, 60).
cost(10, 14, 11).
cost(10, 15, 16).
cost(10, 16, 15).
cost(10, 17, 56).
cost(10, 18, 27).
cost(10, 19, 79).
cost(10, 20, 24).
cost(10, 21, 25).
cost(10, 22, 7).
cost(10, 23, 65).
cost(10, 24, 94).
cost(10, 25, 53).
cost(10, 26, 13).
cost(11, 1, 33).
cost(11, 2, 10).
cost(11, 3, 110).
cost(11, 4, 44).
cost(11, 5, 33).
cost(11, 6, 90).
cost(11, 7, 88).
cost(11, 8, 12).
cost(11, 9, 74).
cost(11, 10, 93).
cost(11, 12, 45).
cost(11, 13, 36).
cost(11, 14, 92).
cost(11, 15, 105).
cost(11, 16, 85).
cost(11, 17, 57).
cost(11, 18, 89).
cost(11, 19, 22).
cost(11, 20, 74).
cost(11, 21, 79).
cost(11, 22, 88).
cost(11, 23, 50).
cost(11, 24, 4).
cost(11, 25, 46).
cost(11, 26, 89).
cost(12, 1, 26).
cost(12, 2, 35).
cost(12, 3, 66).
cost(12, 4, 2).
cost(12, 5, 16).
cost(12, 6, 52).
cost(12, 7, 44).
cost(12, 8, 35).
cost(12, 9, 31).
cost(12, 10, 49).
cost(12, 11, 45).
cost(12, 13, 20).
cost(12, 14, 47).
cost(12, 15, 60).
cost(12, 16, 43).
cost(12, 17, 27).
cost(12, 18, 51).
cost(12, 19, 31).
cost(12, 20, 34).
cost(12, 21, 40).
cost(12, 22, 43).
cost(12, 23, 30).
cost(12, 24, 45).
cost(12, 25, 12).
cost(12, 26, 44).
cost(13, 1, 6).
cost(13, 2, 26).
cost(13, 3, 78).
cost(13, 4, 18).
cost(13, 5, 24).
cost(13, 6, 54).
cost(13, 7, 54).
cost(13, 8, 24).
cost(13, 9, 40).
cost(13, 10, 60).
cost(13, 11, 36).
cost(13, 12, 20).
cost(13, 14, 62).
cost(13, 15, 74).
cost(13, 16, 50).
cost(13, 17, 46).
cost(13, 18, 53).
cost(13, 19, 33).
cost(13, 20, 39).
cost(13, 21, 43).
cost(13, 22, 56).
cost(13, 23, 46).
cost(13, 24, 38).
cost(13, 25, 30).
cost(13, 26, 59).
cost(14, 1, 67).
cost(14, 2, 82).
cost(14, 3, 19).
cost(14, 4, 48).
cost(14, 5, 60).
cost(14, 6, 38).
cost(14, 7, 18).
cost(14, 8, 82).
cost(14, 9, 24).
cost(14, 10, 11).
cost(14, 11, 92).
cost(14, 12, 47).
cost(14, 13, 62).
cost(14, 15, 13).
cost(14, 16, 24).
cost(14, 17, 49).
cost(14, 18, 37).
cost(14, 19, 76).
cost(14, 20, 31).
cost(14, 21, 34).
cost(14, 22, 9).
cost(14, 23, 58).
cost(14, 24, 92).
cost(14, 25, 49).
cost(14, 26, 4).
cost(15, 1, 80).
cost(15, 2, 95).
cost(15, 3, 7).
cost(15, 4, 62).
cost(15, 5, 74).
cost(15, 6, 41).
cost(15, 7, 24).
cost(15, 8, 95).
cost(15, 9, 34).
cost(15, 10, 16).
cost(15, 11, 105).
cost(15, 12, 60).
cost(15, 13, 74).
cost(15, 14, 13).
cost(15, 16, 31).
cost(15, 17, 62).
cost(15, 18, 41).
cost(15, 19, 89).
cost(15, 20, 40).
cost(15, 21, 41).
cost(15, 22, 18).
cost(15, 23, 71).
cost(15, 24, 105).
cost(15, 25, 62).
cost(15, 26, 17).
cost(16, 1, 55).
cost(16, 2, 75).
cost(16, 3, 32).
cost(16, 4, 43).
cost(16, 5, 59).
cost(16, 6, 14).
cost(16, 7, 7).
cost(16, 8, 73).
cost(16, 9, 12).
cost(16, 10, 15).
cost(16, 11, 85).
cost(16, 12, 43).
cost(16, 13, 50).
cost(16, 14, 24).
cost(16, 15, 31).
cost(16, 17, 58).
cost(16, 18, 13).
cost(16, 19, 74).
cost(16, 20, 11).
cost(16, 21, 10).
cost(16, 22, 16).
cost(16, 23, 65).
cost(16, 24, 86).
cost(16, 25, 51).
cost(16, 26, 25).
cost(17, 1, 51).
cost(17, 2, 49).
cost(17, 3, 68).
cost(17, 4, 29).
cost(17, 5, 26).
cost(17, 6, 71).
cost(17, 7, 56).
cost(17, 8, 52).
cost(17, 9, 46).
cost(17, 10, 56).
cost(17, 11, 57).
cost(17, 12, 27).
cost(17, 13, 46).
cost(17, 14, 49).
cost(17, 15, 62).
cost(17, 16, 58).
cost(17, 18, 69).
cost(17, 19, 35).
cost(17, 20, 53).
cost(17, 21, 59).
cost(17, 22, 50).
cost(17, 23, 10).
cost(17, 24, 55).
cost(17, 25, 16).
cost(17, 26, 45).
cost(18, 1, 56).
cost(18, 2, 79).
cost(18, 3, 41).
cost(18, 4, 50).
cost(18, 5, 66).
cost(18, 6, 2).
cost(18, 7, 19).
cost(18, 8, 77).
cost(18, 9, 23).
cost(18, 10, 27).
cost(18, 11, 89).
cost(18, 12, 51).
cost(18, 13, 53).
cost(18, 14, 37).
cost(18, 15, 41).
cost(18, 16, 13).
cost(18, 17, 69).
cost(18, 19, 80).
cost(18, 20, 17).
cost(18, 21, 11).
cost(18, 22, 29).
cost(18, 23, 76).
cost(18, 24, 90).
cost(18, 25, 60).
cost(18, 26, 38).
cost(19, 1, 34).
cost(19, 2, 17).
cost(19, 3, 95).
cost(19, 4, 30).
cost(19, 5, 15).
cost(19, 6, 82).
cost(19, 7, 75).
cost(19, 8, 22).
cost(19, 9, 62).
cost(19, 10, 79).
cost(19, 11, 22).
cost(19, 12, 31).
cost(19, 13, 33).
cost(19, 14, 76).
cost(19, 15, 89).
cost(19, 16, 74).
cost(19, 17, 35).
cost(19, 18, 80).
cost(19, 20, 64).
cost(19, 21, 70).
cost(19, 22, 73).
cost(19, 23, 28).
cost(19, 24, 20).
cost(19, 25, 27).
cost(19, 26, 72).
cost(20, 1, 44).
cost(20, 2, 64).
cost(20, 3, 42).
cost(20, 4, 34).
cost(20, 5, 50).
cost(20, 6, 18).
cost(20, 7, 16).
cost(20, 8, 63).
cost(20, 9, 9).
cost(20, 10, 24).
cost(20, 11, 74).
cost(20, 12, 34).
cost(20, 13, 39).
cost(20, 14, 31).
cost(20, 15, 40).
cost(20, 16, 11).
cost(20, 17, 53).
cost(20, 18, 17).
cost(20, 19, 64).
cost(20, 21, 6).
cost(20, 22, 23).
cost(20, 23, 59).
cost(20, 24, 76).
cost(20, 25, 43).
cost(20, 26, 30).
cost(21, 1, 47).
cost(21, 2, 68).
cost(21, 3, 42).
cost(21, 4, 39).
cost(21, 5, 55).
cost(21, 6, 13).
cost(21, 7, 17).
cost(21, 8, 67).
cost(21, 9, 14).
cost(21, 10, 25).
cost(21, 11, 79).
cost(21, 12, 40).
cost(21, 13, 43).
cost(21, 14, 34).
cost(21, 15, 41).
cost(21, 16, 10).
cost(21, 17, 59).
cost(21, 18, 11).
cost(21, 19, 70).
cost(21, 20, 6).
cost(21, 22, 25).
cost(21, 23, 65).
cost(21, 24, 80).
cost(21, 25, 49).
cost(21, 26, 33).
cost(22, 1, 61).
cost(22, 2, 78).
cost(22, 3, 23).
cost(22, 4, 44).
cost(22, 5, 57).
cost(22, 6, 30).
cost(22, 7, 10).
cost(22, 8, 77).
cost(22, 9, 16).
cost(22, 10, 7).
cost(22, 11, 88).
cost(22, 12, 43).
cost(22, 13, 56).
cost(22, 14, 9).
cost(22, 15, 18).
cost(22, 16, 16).
cost(22, 17, 50).
cost(22, 18, 29).
cost(22, 19, 73).
cost(22, 20, 23).
cost(22, 21, 25).
cost(22, 23, 59).
cost(22, 24, 88).
cost(22, 25, 47).
cost(22, 26, 9).
cost(23, 1, 50).
cost(23, 2, 44).
cost(23, 3, 78).
cost(23, 4, 31).
cost(23, 5, 22).
cost(23, 6, 77).
cost(23, 7, 64).
cost(23, 8, 48).
cost(23, 9, 53).
cost(23, 10, 65).
cost(23, 11, 50).
cost(23, 12, 30).
cost(23, 13, 46).
cost(23, 14, 58).
cost(23, 15, 71).
cost(23, 16, 65).
cost(23, 17, 10).
cost(23, 18, 76).
cost(23, 19, 28).
cost(23, 20, 59).
cost(23, 21, 65).
cost(23, 22, 59).
cost(23, 24, 48).
cost(23, 25, 17).
cost(23, 26, 55).
cost(24, 1, 36).
cost(24, 2, 12).
cost(24, 3, 111).
cost(24, 4, 44).
cost(24, 5, 32).
cost(24, 6, 92).
cost(24, 7, 88).
cost(24, 8, 15).
cost(24, 9, 75).
cost(24, 10, 94).
cost(24, 11, 4).
cost(24, 12, 45).
cost(24, 13, 38).
cost(24, 14, 92).
cost(24, 15, 105).
cost(24, 16, 86).
cost(24, 17, 55).
cost(24, 18, 90).
cost(24, 19, 20).
cost(24, 20, 76).
cost(24, 21, 80).
cost(24, 22, 88).
cost(24, 23, 48).
cost(24, 25, 45).
cost(24, 26, 88).
cost(25, 1, 35).
cost(25, 2, 37).
cost(25, 3, 68).
cost(25, 4, 14).
cost(25, 5, 13).
cost(25, 6, 62).
cost(25, 7, 51).
cost(25, 8, 39).
cost(25, 9, 38).
cost(25, 10, 53).
cost(25, 11, 46).
cost(25, 12, 12).
cost(25, 13, 30).
cost(25, 14, 49).
cost(25, 15, 62).
cost(25, 16, 51).
cost(25, 17, 16).
cost(25, 18, 60).
cost(25, 19, 27).
cost(25, 20, 43).
cost(25, 21, 49).
cost(25, 22, 47).
cost(25, 23, 17).
cost(25, 24, 45).
cost(25, 26, 45).
cost(26, 1, 64).
cost(26, 2, 78).
cost(26, 3, 23).
cost(26, 4, 45).
cost(26, 5, 57).
cost(26, 6, 38).
cost(26, 7, 19).
cost(26, 8, 79).
cost(26, 9, 22).
cost(26, 10, 13).
cost(26, 11, 89).
cost(26, 12, 44).
cost(26, 13, 59).
cost(26, 14, 4).
cost(26, 15, 17).
cost(26, 16, 25).
cost(26, 17, 45).
cost(26, 18, 38).
cost(26, 19, 72).
cost(26, 20, 30).
cost(26, 21, 33).
cost(26, 22, 9).
cost(26, 23, 55).
cost(26, 24, 88).
cost(26, 25, 45).
nocross(1,2).
nocross(1,4).
nocross(1,5).
nocross(1,8).
nocross(1,11).
nocross(1,12).
nocross(1,13).
nocross(1,24).
nocross(1,25).
nocross(2,1).
nocross(2,4).
nocross(2,5).
nocross(2,8).
nocross(2,11).
nocross(2,12).
nocross(2,13).
nocross(2,19).
nocross(2,24).
nocross(3,7).
nocross(3,10).
nocross(3,14).
nocross(3,15).
nocross(3,22).
nocross(3,26).
nocross(4,1).
nocross(4,2).
nocross(4,5).
nocross(4,9).
nocross(4,12).
nocross(4,13).
nocross(4,17).
nocross(4,19).
nocross(4,20).
nocross(4,23).
nocross(4,25).
nocross(5,1).
nocross(5,2).
nocross(5,4).
nocross(5,8).
nocross(5,11).
nocross(5,12).
nocross(5,13).
nocross(5,17).
nocross(5,19).
nocross(5,23).
nocross(5,24).
nocross(5,25).
nocross(6,7).
nocross(6,10).
nocross(6,16).
nocross(6,18).
nocross(6,20).
nocross(6,21).
nocross(6,22).
nocross(7,3).
nocross(7,9).
nocross(7,10).
nocross(7,14).
nocross(7,15).
nocross(7,16).
nocross(7,18).
nocross(7,20).
nocross(7,21).
nocross(7,22).
nocross(7,26).
nocross(8,1).
nocross(8,2).
nocross(8,4).
nocross(8,5).
nocross(8,11).
nocross(8,12).
nocross(8,13).
nocross(8,19).
nocross(8,24).
nocross(9,3).
nocross(9,4).
nocross(9,7).
nocross(9,10).
nocross(9,12).
nocross(9,13).
nocross(9,14).
nocross(9,15).
nocross(9,16).
nocross(9,18).
nocross(9,20).
nocross(9,21).
nocross(9,22).
nocross(9,25).
nocross(9,26).
nocross(10,3).
nocross(10,7).
nocross(10,9).
nocross(10,14).
nocross(10,15).
nocross(10,16).
nocross(10,18).
nocross(10,20).
nocross(10,21).
nocross(10,22).
nocross(10,26).
nocross(11,1).
nocross(11,2).
nocross(11,4).
nocross(11,8).
nocross(11,13).
nocross(11,19).
nocross(11,24).
nocross(12,1).
nocross(12,2).
nocross(12,4).
nocross(12,5).
nocross(12,8).
nocross(12,9).
nocross(12,11).
nocross(12,13).
nocross(12,17).
nocross(12,19).
nocross(12,20).
nocross(12,21).
nocross(12,23).
nocross(12,25).
nocross(12,26).
nocross(13,1).
nocross(13,2).
nocross(13,4).
nocross(13,5).
nocross(13,8).
nocross(13,11).
nocross(13,12).
nocross(13,20).
nocross(13,25).
nocross(14,3).
nocross(14,7).
nocross(14,10).
nocross(14,15).
nocross(14,16).
nocross(14,22).
nocross(14,26).
nocross(15,3).
nocross(15,7).
nocross(15,10).
nocross(15,14).
nocross(15,22).
nocross(15,26).
nocross(16,3).
nocross(16,6).
nocross(16,7).
nocross(16,9).
nocross(16,10).
nocross(16,14).
nocross(16,15).
nocross(16,18).
nocross(16,20).
nocross(16,21).
nocross(16,22).
nocross(16,26).
nocross(17,4).
nocross(17,5).
nocross(17,12).
nocross(17,23).
nocross(17,25).
nocross(17,26).
nocross(18,3).
nocross(18,6).
nocross(18,7).
nocross(18,9).
nocross(18,10).
nocross(18,15).
nocross(18,16).
nocross(18,20).
nocross(18,21).
nocross(18,22).
nocross(19,1).
nocross(19,2).
nocross(19,4).
nocross(19,5).
nocross(19,8).
nocross(19,11).
nocross(19,12).
nocross(19,13).
nocross(19,17).
nocross(19,23).
nocross(19,24).
nocross(19,25).
nocross(20,1).
nocross(20,4).
nocross(20,7).
nocross(20,9).
nocross(20,10).
nocross(20,12).
nocross(20,13).
nocross(20,14).
nocross(20,16).
nocross(20,18).
nocross(20,21).
nocross(20,22).
nocross(20,26).
nocross(21,1).
nocross(21,3).
nocross(21,4).
nocross(21,6).
nocross(21,7).
nocross(21,9).
nocross(21,10).
nocross(21,12).
nocross(21,13).
nocross(21,16).
nocross(21,18).
nocross(21,20).
nocross(21,22).
nocross(22,3).
nocross(22,7).
nocross(22,9).
nocross(22,10).
nocross(22,14).
nocross(22,15).
nocross(22,16).
nocross(22,20).
nocross(22,21).
nocross(22,26).
nocross(23,4).
nocross(23,5).
nocross(23,12).
nocross(23,17).
nocross(23,19).
nocross(23,25).
nocross(23,26).
nocross(24,1).
nocross(24,2).
nocross(24,4).
nocross(24,5).
nocross(24,8).
nocross(24,11).
nocross(24,13).
nocross(24,19).
nocross(25,4).
nocross(25,5).
nocross(25,9).
nocross(25,12).
nocross(25,13).
nocross(25,17).
nocross(25,19).
nocross(25,23).
nocross(25,26).
nocross(26,3).
nocross(26,7).
nocross(26,9).
nocross(26,10).
nocross(26,14).
nocross(26,15).
nocross(26,16).
nocross(26,17).
nocross(26,22).
