dimension(26).
point(1, 18.6324472995, 77.7570459211).
point(2, 52.9138616719, 95.3282154516).
point(3, 32.3188992527, 71.9827663078).
point(4, 31.3783374135, 79.3500453103).
point(5, 69.970651275, 25.4207449351).
point(6, 73.3707794197, 20.3164006639).
point(7, 16.3980109853, 48.0302961292).
point(8, 25.0839868176, 68.4372644902).
point(9, 62.1659346712, 22.1157097225).
point(10, 69.2459502408, 24.8399709671).
point(11, 40.8082798803, 90.4096308276).
point(12, 58.8205758837, 16.4210532173).
point(13, 44.5283724883, 71.1734907015).
point(14, 70.0506111651, 12.1567023981).
point(15, 88.4813397316, 16.5805988611).
point(16, 55.7186009263, 84.6585467657).
point(17, 12.5159337685, 57.4697582163).
point(18, 76.5980324549, 35.4897179325).
point(19, 91.9730025125, 22.6642460284).
point(20, 56.4761896311, 14.1266756081).
point(21, 42.796441076, 2.4132063977).
point(22, 3.3141290921, 50.1091410249).
point(23, 15.3500953125, 62.055073026).
point(24, 8.7370484431, 83.2335662236).
point(25, 48.0593781298, 13.6945983546).
point(26, 79.833954047, 19.7800451422).
cost(1, 2, 39).
cost(1, 3, 15).
cost(1, 4, 13).
cost(1, 5, 73).
cost(1, 6, 79).
cost(1, 7, 30).
cost(1, 8, 11).
cost(1, 9, 71).
cost(1, 10, 73).
cost(1, 11, 26).
cost(1, 12, 73).
cost(1, 13, 27).
cost(1, 14, 83).
cost(1, 15, 93).
cost(1, 16, 38).
cost(1, 17, 21).
cost(1, 18, 72).
cost(1, 19, 92).
cost(1, 20, 74).
cost(1, 21, 79).
cost(1, 22, 32).
cost(1, 23, 16).
cost(1, 24, 11).
cost(1, 25, 70).
cost(1, 26, 84).
cost(2, 1, 39).
cost(2, 3, 31).
cost(2, 4, 27).
cost(2, 5, 72).
cost(2, 6, 78).
cost(2, 7, 60).
cost(2, 8, 39).
cost(2, 9, 74).
cost(2, 10, 72).
cost(2, 11, 13).
cost(2, 12, 79).
cost(2, 13, 26).
cost(2, 14, 85).
cost(2, 15, 86).
cost(2, 16, 11).
cost(2, 17, 55).
cost(2, 18, 64).
cost(2, 19, 82).
cost(2, 20, 81).
cost(2, 21, 93).
cost(2, 22, 67).
cost(2, 23, 50).
cost(2, 24, 46).
cost(2, 25, 82).
cost(2, 26, 80).
cost(3, 1, 15).
cost(3, 2, 31).
cost(3, 4, 7).
cost(3, 5, 60).
cost(3, 6, 66).
cost(3, 7, 29).
cost(3, 8, 8).
cost(3, 9, 58).
cost(3, 10, 60).
cost(3, 11, 20).
cost(3, 12, 62).
cost(3, 13, 12).
cost(3, 14, 71).
cost(3, 15, 79).
cost(3, 16, 27).
cost(3, 17, 25).
cost(3, 18, 57).
cost(3, 19, 77).
cost(3, 20, 63).
cost(3, 21, 70).
cost(3, 22, 36).
cost(3, 23, 20).
cost(3, 24, 26).
cost(3, 25, 60).
cost(3, 26, 71).
cost(4, 1, 13).
cost(4, 2, 27).
cost(4, 3, 7).
cost(4, 5, 66).
cost(4, 6, 72).
cost(4, 7, 35).
cost(4, 8, 13).
cost(4, 9, 65).
cost(4, 10, 66).
cost(4, 11, 15).
cost(4, 12, 69).
cost(4, 13, 15).
cost(4, 14, 78).
cost(4, 15, 85).
cost(4, 16, 25).
cost(4, 17, 29).
cost(4, 18, 63).
cost(4, 19, 83).
cost(4, 20, 70).
cost(4, 21, 78).
cost(4, 22, 41).
cost(4, 23, 24).
cost(4, 24, 23).
cost(4, 25, 68).
cost(4, 26, 77).
cost(5, 1, 73).
cost(5, 2, 72).
cost(5, 3, 60).
cost(5, 4, 66).
cost(5, 6, 6).
cost(5, 7, 58).
cost(5, 8, 62).
cost(5, 9, 8).
cost(5, 10, 1).
cost(5, 11, 71).
cost(5, 12, 14).
cost(5, 13, 52).
cost(5, 14, 13).
cost(5, 15, 21).
cost(5, 16, 61).
cost(5, 17, 66).
cost(5, 18, 12).
cost(5, 19, 22).
cost(5, 20, 18).
cost(5, 21, 36).
cost(5, 22, 71).
cost(5, 23, 66).
cost(5, 24, 84).
cost(5, 25, 25).
cost(5, 26, 11).
cost(6, 1, 79).
cost(6, 2, 78).
cost(6, 3, 66).
cost(6, 4, 72).
cost(6, 5, 6).
cost(6, 7, 63).
cost(6, 8, 68).
cost(6, 9, 11).
cost(6, 10, 6).
cost(6, 11, 77).
cost(6, 12, 15).
cost(6, 13, 58).
cost(6, 14, 9).
cost(6, 15, 16).
cost(6, 16, 67).
cost(6, 17, 71).
cost(6, 18, 16).
cost(6, 19, 19).
cost(6, 20, 18).
cost(6, 21, 35).
cost(6, 22, 76).
cost(6, 23, 71).
cost(6, 24, 90).
cost(6, 25, 26).
cost(6, 26, 6).
cost(7, 1, 30).
cost(7, 2, 60).
cost(7, 3, 29).
cost(7, 4, 35).
cost(7, 5, 58).
cost(7, 6, 63).
cost(7, 8, 22).
cost(7, 9, 53).
cost(7, 10, 58).
cost(7, 11, 49).
cost(7, 12, 53).
cost(7, 13, 36).
cost(7, 14, 65).
cost(7, 15, 79).
cost(7, 16, 54).
cost(7, 17, 10).
cost(7, 18, 61).
cost(7, 19, 80).
cost(7, 20, 52).
cost(7, 21, 53).
cost(7, 22, 13).
cost(7, 23, 14).
cost(7, 24, 36).
cost(7, 25, 47).
cost(7, 26, 69).
cost(8, 1, 11).
cost(8, 2, 39).
cost(8, 3, 8).
cost(8, 4, 13).
cost(8, 5, 62).
cost(8, 6, 68).
cost(8, 7, 22).
cost(8, 9, 59).
cost(8, 10, 62).
cost(8, 11, 27).
cost(8, 12, 62).
cost(8, 13, 20).
cost(8, 14, 72).
cost(8, 15, 82).
cost(8, 16, 35).
cost(8, 17, 17).
cost(8, 18, 61).
cost(8, 19, 81).
cost(8, 20, 63).
cost(8, 21, 68).
cost(8, 22, 28).
cost(8, 23, 12).
cost(8, 24, 22).
cost(8, 25, 59).
cost(8, 26, 73).
cost(9, 1, 71).
cost(9, 2, 74).
cost(9, 3, 58).
cost(9, 4, 65).
cost(9, 5, 8).
cost(9, 6, 11).
cost(9, 7, 53).
cost(9, 8, 59).
cost(9, 10, 8).
cost(9, 11, 72).
cost(9, 12, 7).
cost(9, 13, 52).
cost(9, 14, 13).
cost(9, 15, 27).
cost(9, 16, 63).
cost(9, 17, 61).
cost(9, 18, 20).
cost(9, 19, 30).
cost(9, 20, 10).
cost(9, 21, 28).
cost(9, 22, 65).
cost(9, 23, 62).
cost(9, 24, 81).
cost(9, 25, 16).
cost(9, 26, 18).
cost(10, 1, 73).
cost(10, 2, 72).
cost(10, 3, 60).
cost(10, 4, 66).
cost(10, 5, 1).
cost(10, 6, 6).
cost(10, 7, 58).
cost(10, 8, 62).
cost(10, 9, 8).
cost(10, 11, 71).
cost(10, 12, 13).
cost(10, 13, 53).
cost(10, 14, 13).
cost(10, 15, 21).
cost(10, 16, 61).
cost(10, 17, 65).
cost(10, 18, 13).
cost(10, 19, 23).
cost(10, 20, 17).
cost(10, 21, 35).
cost(10, 22, 71).
cost(10, 23, 65).
cost(10, 24, 84).
cost(10, 25, 24).
cost(10, 26, 12).
cost(11, 1, 26).
cost(11, 2, 13).
cost(11, 3, 20).
cost(11, 4, 15).
cost(11, 5, 71).
cost(11, 6, 77).
cost(11, 7, 49).
cost(11, 8, 27).
cost(11, 9, 72).
cost(11, 10, 71).
cost(11, 12, 76).
cost(11, 13, 20).
cost(11, 14, 84).
cost(11, 15, 88).
cost(11, 16, 16).
cost(11, 17, 43).
cost(11, 18, 66).
cost(11, 19, 85).
cost(11, 20, 78).
cost(11, 21, 88).
cost(11, 22, 55).
cost(11, 23, 38).
cost(11, 24, 33).
cost(11, 25, 77).
cost(11, 26, 81).
cost(12, 1, 73).
cost(12, 2, 79).
cost(12, 3, 62).
cost(12, 4, 69).
cost(12, 5, 14).
cost(12, 6, 15).
cost(12, 7, 53).
cost(12, 8, 62).
cost(12, 9, 7).
cost(12, 10, 13).
cost(12, 11, 76).
cost(12, 13, 57).
cost(12, 14, 12).
cost(12, 15, 30).
cost(12, 16, 68).
cost(12, 17, 62).
cost(12, 18, 26).
cost(12, 19, 34).
cost(12, 20, 3).
cost(12, 21, 21).
cost(12, 22, 65).
cost(12, 23, 63).
cost(12, 24, 84).
cost(12, 25, 11).
cost(12, 26, 21).
cost(13, 1, 27).
cost(13, 2, 26).
cost(13, 3, 12).
cost(13, 4, 15).
cost(13, 5, 52).
cost(13, 6, 58).
cost(13, 7, 36).
cost(13, 8, 20).
cost(13, 9, 52).
cost(13, 10, 53).
cost(13, 11, 20).
cost(13, 12, 57).
cost(13, 14, 64).
cost(13, 15, 70).
cost(13, 16, 18).
cost(13, 17, 35).
cost(13, 18, 48).
cost(13, 19, 68).
cost(13, 20, 58).
cost(13, 21, 69).
cost(13, 22, 46).
cost(13, 23, 31).
cost(13, 24, 38).
cost(13, 25, 58).
cost(13, 26, 62).
cost(14, 1, 83).
cost(14, 2, 85).
cost(14, 3, 71).
cost(14, 4, 78).
cost(14, 5, 13).
cost(14, 6, 9).
cost(14, 7, 65).
cost(14, 8, 72).
cost(14, 9, 13).
cost(14, 10, 13).
cost(14, 11, 84).
cost(14, 12, 12).
cost(14, 13, 64).
cost(14, 15, 19).
cost(14, 16, 74).
cost(14, 17, 73).
cost(14, 18, 24).
cost(14, 19, 24).
cost(14, 20, 14).
cost(14, 21, 29).
cost(14, 22, 77).
cost(14, 23, 74).
cost(14, 24, 94).
cost(14, 25, 22).
cost(14, 26, 12).
cost(15, 1, 93).
cost(15, 2, 86).
cost(15, 3, 79).
cost(15, 4, 85).
cost(15, 5, 21).
cost(15, 6, 16).
cost(15, 7, 79).
cost(15, 8, 82).
cost(15, 9, 27).
cost(15, 10, 21).
cost(15, 11, 88).
cost(15, 12, 30).
cost(15, 13, 70).
cost(15, 14, 19).
cost(15, 16, 76).
cost(15, 17, 86).
cost(15, 18, 22).
cost(15, 19, 7).
cost(15, 20, 32).
cost(15, 21, 48).
cost(15, 22, 92).
cost(15, 23, 86).
cost(15, 24, 104).
cost(15, 25, 41).
cost(15, 26, 9).
cost(16, 1, 38).
cost(16, 2, 11).
cost(16, 3, 27).
cost(16, 4, 25).
cost(16, 5, 61).
cost(16, 6, 67).
cost(16, 7, 54).
cost(16, 8, 35).
cost(16, 9, 63).
cost(16, 10, 61).
cost(16, 11, 16).
cost(16, 12, 68).
cost(16, 13, 18).
cost(16, 14, 74).
cost(16, 15, 76).
cost(16, 17, 51).
cost(16, 18, 53).
cost(16, 19, 72).
cost(16, 20, 71).
cost(16, 21, 83).
cost(16, 22, 63).
cost(16, 23, 46).
cost(16, 24, 47).
cost(16, 25, 71).
cost(16, 26, 69).
cost(17, 1, 21).
cost(17, 2, 55).
cost(17, 3, 25).
cost(17, 4, 29).
cost(17, 5, 66).
cost(17, 6, 71).
cost(17, 7, 10).
cost(17, 8, 17).
cost(17, 9, 61).
cost(17, 10, 65).
cost(17, 11, 43).
cost(17, 12, 62).
cost(17, 13, 35).
cost(17, 14, 73).
cost(17, 15, 86).
cost(17, 16, 51).
cost(17, 18, 68).
cost(17, 19, 87).
cost(17, 20, 62).
cost(17, 21, 63).
cost(17, 22, 12).
cost(17, 23, 5).
cost(17, 24, 26).
cost(17, 25, 56).
cost(17, 26, 77).
cost(18, 1, 72).
cost(18, 2, 64).
cost(18, 3, 57).
cost(18, 4, 63).
cost(18, 5, 12).
cost(18, 6, 16).
cost(18, 7, 61).
cost(18, 8, 61).
cost(18, 9, 20).
cost(18, 10, 13).
cost(18, 11, 66).
cost(18, 12, 26).
cost(18, 13, 48).
cost(18, 14, 24).
cost(18, 15, 22).
cost(18, 16, 53).
cost(18, 17, 68).
cost(18, 19, 20).
cost(18, 20, 29).
cost(18, 21, 47).
cost(18, 22, 75).
cost(18, 23, 67).
cost(18, 24, 83).
cost(18, 25, 36).
cost(18, 26, 16).
cost(19, 1, 92).
cost(19, 2, 82).
cost(19, 3, 77).
cost(19, 4, 83).
cost(19, 5, 22).
cost(19, 6, 19).
cost(19, 7, 80).
cost(19, 8, 81).
cost(19, 9, 30).
cost(19, 10, 23).
cost(19, 11, 85).
cost(19, 12, 34).
cost(19, 13, 68).
cost(19, 14, 24).
cost(19, 15, 7).
cost(19, 16, 72).
cost(19, 17, 87).
cost(19, 18, 20).
cost(19, 20, 37).
cost(19, 21, 53).
cost(19, 22, 93).
cost(19, 23, 86).
cost(19, 24, 103).
cost(19, 25, 45).
cost(19, 26, 12).
cost(20, 1, 74).
cost(20, 2, 81).
cost(20, 3, 63).
cost(20, 4, 70).
cost(20, 5, 18).
cost(20, 6, 18).
cost(20, 7, 52).
cost(20, 8, 63).
cost(20, 9, 10).
cost(20, 10, 17).
cost(20, 11, 78).
cost(20, 12, 3).
cost(20, 13, 58).
cost(20, 14, 14).
cost(20, 15, 32).
cost(20, 16, 71).
cost(20, 17, 62).
cost(20, 18, 29).
cost(20, 19, 37).
cost(20, 21, 18).
cost(20, 22, 64).
cost(20, 23, 63).
cost(20, 24, 84).
cost(20, 25, 8).
cost(20, 26, 24).
cost(21, 1, 79).
cost(21, 2, 93).
cost(21, 3, 70).
cost(21, 4, 78).
cost(21, 5, 36).
cost(21, 6, 35).
cost(21, 7, 53).
cost(21, 8, 68).
cost(21, 9, 28).
cost(21, 10, 35).
cost(21, 11, 88).
cost(21, 12, 21).
cost(21, 13, 69).
cost(21, 14, 29).
cost(21, 15, 48).
cost(21, 16, 83).
cost(21, 17, 63).
cost(21, 18, 47).
cost(21, 19, 53).
cost(21, 20, 18).
cost(21, 22, 62).
cost(21, 23, 66).
cost(21, 24, 88).
cost(21, 25, 12).
cost(21, 26, 41).
cost(22, 1, 32).
cost(22, 2, 67).
cost(22, 3, 36).
cost(22, 4, 41).
cost(22, 5, 71).
cost(22, 6, 76).
cost(22, 7, 13).
cost(22, 8, 28).
cost(22, 9, 65).
cost(22, 10, 71).
cost(22, 11, 55).
cost(22, 12, 65).
cost(22, 13, 46).
cost(22, 14, 77).
cost(22, 15, 92).
cost(22, 16, 63).
cost(22, 17, 12).
cost(22, 18, 75).
cost(22, 19, 93).
cost(22, 20, 64).
cost(22, 21, 62).
cost(22, 23, 17).
cost(22, 24, 34).
cost(22, 25, 58).
cost(22, 26, 82).
cost(23, 1, 16).
cost(23, 2, 50).
cost(23, 3, 20).
cost(23, 4, 24).
cost(23, 5, 66).
cost(23, 6, 71).
cost(23, 7, 14).
cost(23, 8, 12).
cost(23, 9, 62).
cost(23, 10, 65).
cost(23, 11, 38).
cost(23, 12, 63).
cost(23, 13, 31).
cost(23, 14, 74).
cost(23, 15, 86).
cost(23, 16, 46).
cost(23, 17, 5).
cost(23, 18, 67).
cost(23, 19, 86).
cost(23, 20, 63).
cost(23, 21, 66).
cost(23, 22, 17).
cost(23, 24, 22).
cost(23, 25, 58).
cost(23, 26, 77).
cost(24, 1, 11).
cost(24, 2, 46).
cost(24, 3, 26).
cost(24, 4, 23).
cost(24, 5, 84).
cost(24, 6, 90).
cost(24, 7, 36).
cost(24, 8, 22).
cost(24, 9, 81).
cost(24, 10, 84).
cost(24, 11, 33).
cost(24, 12, 84).
cost(24, 13, 38).
cost(24, 14, 94).
cost(24, 15, 104).
cost(24, 16, 47).
cost(24, 17, 26).
cost(24, 18, 83).
cost(24, 19, 103).
cost(24, 20, 84).
cost(24, 21, 88).
cost(24, 22, 34).
cost(24, 23, 22).
cost(24, 25, 80).
cost(24, 26, 95).
cost(25, 1, 70).
cost(25, 2, 82).
cost(25, 3, 60).
cost(25, 4, 68).
cost(25, 5, 25).
cost(25, 6, 26).
cost(25, 7, 47).
cost(25, 8, 59).
cost(25, 9, 16).
cost(25, 10, 24).
cost(25, 11, 77).
cost(25, 12, 11).
cost(25, 13, 58).
cost(25, 14, 22).
cost(25, 15, 41).
cost(25, 16, 71).
cost(25, 17, 56).
cost(25, 18, 36).
cost(25, 19, 45).
cost(25, 20, 8).
cost(25, 21, 12).
cost(25, 22, 58).
cost(25, 23, 58).
cost(25, 24, 80).
cost(25, 26, 32).
cost(26, 1, 84).
cost(26, 2, 80).
cost(26, 3, 71).
cost(26, 4, 77).
cost(26, 5, 11).
cost(26, 6, 6).
cost(26, 7, 69).
cost(26, 8, 73).
cost(26, 9, 18).
cost(26, 10, 12).
cost(26, 11, 81).
cost(26, 12, 21).
cost(26, 13, 62).
cost(26, 14, 12).
cost(26, 15, 9).
cost(26, 16, 69).
cost(26, 17, 77).
cost(26, 18, 16).
cost(26, 19, 12).
cost(26, 20, 24).
cost(26, 21, 41).
cost(26, 22, 82).
cost(26, 23, 77).
cost(26, 24, 95).
cost(26, 25, 32).
nocross(1,3).
nocross(1,4).
nocross(1,7).
nocross(1,8).
nocross(1,11).
nocross(1,17).
nocross(1,22).
nocross(1,23).
nocross(1,24).
nocross(2,3).
nocross(2,4).
nocross(2,11).
nocross(2,13).
nocross(2,16).
nocross(3,1).
nocross(3,2).
nocross(3,4).
nocross(3,5).
nocross(3,7).
nocross(3,8).
nocross(3,9).
nocross(3,11).
nocross(3,12).
nocross(3,13).
nocross(3,16).
nocross(3,17).
nocross(3,23).
nocross(3,24).
nocross(4,1).
nocross(4,2).
nocross(4,3).
nocross(4,7).
nocross(4,8).
nocross(4,11).
nocross(4,13).
nocross(4,16).
nocross(4,17).
nocross(4,23).
nocross(4,24).
nocross(5,3).
nocross(5,6).
nocross(5,9).
nocross(5,10).
nocross(5,12).
nocross(5,14).
nocross(5,15).
nocross(5,18).
nocross(5,19).
nocross(5,20).
nocross(5,25).
nocross(5,26).
nocross(6,5).
nocross(6,9).
nocross(6,10).
nocross(6,12).
nocross(6,14).
nocross(6,15).
nocross(6,18).
nocross(6,19).
nocross(6,20).
nocross(6,25).
nocross(6,26).
nocross(7,1).
nocross(7,3).
nocross(7,4).
nocross(7,8).
nocross(7,9).
nocross(7,12).
nocross(7,17).
nocross(7,20).
nocross(7,22).
nocross(7,23).
nocross(8,1).
nocross(8,3).
nocross(8,4).
nocross(8,5).
nocross(8,7).
nocross(8,9).
nocross(8,11).
nocross(8,12).
nocross(8,13).
nocross(8,17).
nocross(8,22).
nocross(8,23).
nocross(8,24).
nocross(9,3).
nocross(9,5).
nocross(9,6).
nocross(9,7).
nocross(9,10).
nocross(9,12).
nocross(9,13).
nocross(9,14).
nocross(9,15).
nocross(9,18).
nocross(9,20).
nocross(9,25).
nocross(9,26).
nocross(10,5).
nocross(10,6).
nocross(10,9).
nocross(10,12).
nocross(10,14).
nocross(10,15).
nocross(10,18).
nocross(10,20).
nocross(10,25).
nocross(10,26).
nocross(11,1).
nocross(11,2).
nocross(11,3).
nocross(11,4).
nocross(11,8).
nocross(11,13).
nocross(11,16).
nocross(11,17).
nocross(11,23).
nocross(11,24).
nocross(12,5).
nocross(12,6).
nocross(12,9).
nocross(12,10).
nocross(12,14).
nocross(12,15).
nocross(12,20).
nocross(12,21).
nocross(12,25).
nocross(12,26).
nocross(13,1).
nocross(13,2).
nocross(13,3).
nocross(13,4).
nocross(13,5).
nocross(13,7).
nocross(13,8).
nocross(13,9).
nocross(13,11).
nocross(13,12).
nocross(13,16).
nocross(13,17).
nocross(13,23).
nocross(14,5).
nocross(14,6).
nocross(14,9).
nocross(14,10).
nocross(14,12).
nocross(14,15).
nocross(14,19).
nocross(14,20).
nocross(14,21).
nocross(14,25).
nocross(14,26).
nocross(15,5).
nocross(15,6).
nocross(15,9).
nocross(15,10).
nocross(15,12).
nocross(15,14).
nocross(15,19).
nocross(15,20).
nocross(15,25).
nocross(15,26).
nocross(16,2).
nocross(16,3).
nocross(16,4).
nocross(16,8).
nocross(16,11).
nocross(16,13).
nocross(16,17).
nocross(16,23).
nocross(17,1).
nocross(17,3).
nocross(17,4).
nocross(17,7).
nocross(17,8).
nocross(17,22).
nocross(17,23).
nocross(17,24).
nocross(18,5).
nocross(18,6).
nocross(18,9).
nocross(18,10).
nocross(18,12).
nocross(18,14).
nocross(18,15).
nocross(18,19).
nocross(18,20).
nocross(18,25).
nocross(18,26).
nocross(19,5).
nocross(19,6).
nocross(19,9).
nocross(19,10).
nocross(19,12).
nocross(19,14).
nocross(19,15).
nocross(19,18).
nocross(19,20).
nocross(19,25).
nocross(19,26).
nocross(20,5).
nocross(20,6).
nocross(20,9).
nocross(20,10).
nocross(20,12).
nocross(20,14).
nocross(20,15).
nocross(20,21).
nocross(20,25).
nocross(20,26).
nocross(21,5).
nocross(21,6).
nocross(21,9).
nocross(21,10).
nocross(21,12).
nocross(21,20).
nocross(21,25).
nocross(22,1).
nocross(22,3).
nocross(22,7).
nocross(22,8).
nocross(22,17).
nocross(22,20).
nocross(22,23).
nocross(22,24).
nocross(23,1).
nocross(23,3).
nocross(23,4).
nocross(23,7).
nocross(23,8).
nocross(23,17).
nocross(23,22).
nocross(23,24).
nocross(24,1).
nocross(24,2).
nocross(24,3).
nocross(24,4).
nocross(24,7).
nocross(24,8).
nocross(24,11).
nocross(24,17).
nocross(24,22).
nocross(24,23).
nocross(25,5).
nocross(25,6).
nocross(25,7).
nocross(25,9).
nocross(25,10).
nocross(25,12).
nocross(25,14).
nocross(25,17).
nocross(25,20).
nocross(25,21).
nocross(25,23).
nocross(25,26).
nocross(26,5).
nocross(26,6).
nocross(26,9).
nocross(26,10).
nocross(26,12).
nocross(26,14).
nocross(26,15).
nocross(26,18).
nocross(26,19).
nocross(26,20).
nocross(26,25).
