dimension(26).
point(1, 22.260536714, 37.8375647066).
point(2, 7.5464100879, 38.0235861273).
point(3, 44.2918026707, 91.4414814424).
point(4, 46.9427601287, 82.2498345322).
point(5, 28.0753973097, 24.0398504106).
point(6, 41.0533772145, 90.8554433299).
point(7, 33.7077691658, 49.1774897718).
point(8, 53.9326473792, 86.9666061965).
point(9, 38.355374307, 13.4476601484).
point(10, 91.3352480473, 82.2729707391).
point(11, 17.0412558789, 63.3937884361).
point(12, 5.2417426566, 73.0474808548).
point(13, 81.9233588024, 41.8095938396).
point(14, 30.0031737272, 66.448994593).
point(15, 60.4951016088, 93.2526797965).
point(16, 61.7573857445, 74.4271911807).
point(17, 37.0161732186, 57.8386177358).
point(18, 87.3411282923, 44.1145750657).
point(19, 31.3525801568, 40.3483886053).
point(20, 38.0453734793, 29.2687544324).
point(21, 84.9336454893, 78.1920666198).
point(22, 7.5105016489, 53.5167796869).
point(23, 27.6125710709, 25.8908510575).
point(24, 41.3941709778, 87.1110648654).
point(25, 60.6427855169, 99.365039987).
point(26, 83.4278182475, 63.946716874).
cost(1, 2, 15).
cost(1, 3, 58).
cost(1, 4, 51).
cost(1, 5, 15).
cost(1, 6, 56).
cost(1, 7, 16).
cost(1, 8, 58).
cost(1, 9, 29).
cost(1, 10, 82).
cost(1, 11, 26).
cost(1, 12, 39).
cost(1, 13, 60).
cost(1, 14, 30).
cost(1, 15, 67).
cost(1, 16, 54).
cost(1, 17, 25).
cost(1, 18, 65).
cost(1, 19, 9).
cost(1, 20, 18).
cost(1, 21, 75).
cost(1, 22, 22).
cost(1, 23, 13).
cost(1, 24, 53).
cost(1, 25, 73).
cost(1, 26, 67).
cost(2, 1, 15).
cost(2, 3, 65).
cost(2, 4, 59).
cost(2, 5, 25).
cost(2, 6, 63).
cost(2, 7, 28).
cost(2, 8, 67).
cost(2, 9, 39).
cost(2, 10, 95).
cost(2, 11, 27).
cost(2, 12, 35).
cost(2, 13, 74).
cost(2, 14, 36).
cost(2, 15, 77).
cost(2, 16, 65).
cost(2, 17, 36).
cost(2, 18, 80).
cost(2, 19, 24).
cost(2, 20, 32).
cost(2, 21, 87).
cost(2, 22, 15).
cost(2, 23, 23).
cost(2, 24, 60).
cost(2, 25, 81).
cost(2, 26, 80).
cost(3, 1, 58).
cost(3, 2, 65).
cost(3, 4, 10).
cost(3, 5, 69).
cost(3, 6, 3).
cost(3, 7, 44).
cost(3, 8, 11).
cost(3, 9, 78).
cost(3, 10, 48).
cost(3, 11, 39).
cost(3, 12, 43).
cost(3, 13, 62).
cost(3, 14, 29).
cost(3, 15, 16).
cost(3, 16, 24).
cost(3, 17, 34).
cost(3, 18, 64).
cost(3, 19, 53).
cost(3, 20, 62).
cost(3, 21, 43).
cost(3, 22, 53).
cost(3, 23, 68).
cost(3, 24, 5).
cost(3, 25, 18).
cost(3, 26, 48).
cost(4, 1, 51).
cost(4, 2, 59).
cost(4, 3, 10).
cost(4, 5, 61).
cost(4, 6, 10).
cost(4, 7, 36).
cost(4, 8, 8).
cost(4, 9, 69).
cost(4, 10, 44).
cost(4, 11, 35).
cost(4, 12, 43).
cost(4, 13, 53).
cost(4, 14, 23).
cost(4, 15, 17).
cost(4, 16, 17).
cost(4, 17, 26).
cost(4, 18, 56).
cost(4, 19, 45).
cost(4, 20, 54).
cost(4, 21, 38).
cost(4, 22, 49).
cost(4, 23, 60).
cost(4, 24, 7).
cost(4, 25, 22).
cost(4, 26, 41).
cost(5, 1, 15).
cost(5, 2, 25).
cost(5, 3, 69).
cost(5, 4, 61).
cost(5, 6, 68).
cost(5, 7, 26).
cost(5, 8, 68).
cost(5, 9, 15).
cost(5, 10, 86).
cost(5, 11, 41).
cost(5, 12, 54).
cost(5, 13, 57).
cost(5, 14, 42).
cost(5, 15, 76).
cost(5, 16, 61).
cost(5, 17, 35).
cost(5, 18, 63).
cost(5, 19, 17).
cost(5, 20, 11).
cost(5, 21, 79).
cost(5, 22, 36).
cost(5, 23, 2).
cost(5, 24, 64).
cost(5, 25, 82).
cost(5, 26, 68).
cost(6, 1, 56).
cost(6, 2, 63).
cost(6, 3, 3).
cost(6, 4, 10).
cost(6, 5, 68).
cost(6, 7, 42).
cost(6, 8, 13).
cost(6, 9, 77).
cost(6, 10, 51).
cost(6, 11, 36).
cost(6, 12, 40).
cost(6, 13, 64).
cost(6, 14, 27).
cost(6, 15, 20).
cost(6, 16, 26).
cost(6, 17, 33).
cost(6, 18, 66).
cost(6, 19, 51).
cost(6, 20, 62).
cost(6, 21, 46).
cost(6, 22, 50).
cost(6, 23, 66).
cost(6, 24, 4).
cost(6, 25, 21).
cost(6, 26, 50).
cost(7, 1, 16).
cost(7, 2, 28).
cost(7, 3, 44).
cost(7, 4, 36).
cost(7, 5, 26).
cost(7, 6, 42).
cost(7, 8, 43).
cost(7, 9, 36).
cost(7, 10, 66).
cost(7, 11, 22).
cost(7, 12, 37).
cost(7, 13, 49).
cost(7, 14, 18).
cost(7, 15, 52).
cost(7, 16, 38).
cost(7, 17, 9).
cost(7, 18, 54).
cost(7, 19, 9).
cost(7, 20, 20).
cost(7, 21, 59).
cost(7, 22, 27).
cost(7, 23, 24).
cost(7, 24, 39).
cost(7, 25, 57).
cost(7, 26, 52).
cost(8, 1, 58).
cost(8, 2, 67).
cost(8, 3, 11).
cost(8, 4, 8).
cost(8, 5, 68).
cost(8, 6, 13).
cost(8, 7, 43).
cost(8, 9, 75).
cost(8, 10, 38).
cost(8, 11, 44).
cost(8, 12, 51).
cost(8, 13, 53).
cost(8, 14, 32).
cost(8, 15, 9).
cost(8, 16, 15).
cost(8, 17, 34).
cost(8, 18, 54).
cost(8, 19, 52).
cost(8, 20, 60).
cost(8, 21, 32).
cost(8, 22, 57).
cost(8, 23, 67).
cost(8, 24, 13).
cost(8, 25, 14).
cost(8, 26, 37).
cost(9, 1, 29).
cost(9, 2, 39).
cost(9, 3, 78).
cost(9, 4, 69).
cost(9, 5, 15).
cost(9, 6, 77).
cost(9, 7, 36).
cost(9, 8, 75).
cost(9, 10, 87).
cost(9, 11, 54).
cost(9, 12, 68).
cost(9, 13, 52).
cost(9, 14, 54).
cost(9, 15, 83).
cost(9, 16, 65).
cost(9, 17, 44).
cost(9, 18, 58).
cost(9, 19, 28).
cost(9, 20, 16).
cost(9, 21, 80).
cost(9, 22, 51).
cost(9, 23, 16).
cost(9, 24, 74).
cost(9, 25, 89).
cost(9, 26, 68).
cost(10, 1, 82).
cost(10, 2, 95).
cost(10, 3, 48).
cost(10, 4, 44).
cost(10, 5, 86).
cost(10, 6, 51).
cost(10, 7, 66).
cost(10, 8, 38).
cost(10, 9, 87).
cost(10, 11, 77).
cost(10, 12, 87).
cost(10, 13, 42).
cost(10, 14, 63).
cost(10, 15, 33).
cost(10, 16, 31).
cost(10, 17, 60).
cost(10, 18, 38).
cost(10, 19, 73).
cost(10, 20, 75).
cost(10, 21, 8).
cost(10, 22, 89).
cost(10, 23, 85).
cost(10, 24, 50).
cost(10, 25, 35).
cost(10, 26, 20).
cost(11, 1, 26).
cost(11, 2, 27).
cost(11, 3, 39).
cost(11, 4, 35).
cost(11, 5, 41).
cost(11, 6, 36).
cost(11, 7, 22).
cost(11, 8, 44).
cost(11, 9, 54).
cost(11, 10, 77).
cost(11, 12, 15).
cost(11, 13, 68).
cost(11, 14, 13).
cost(11, 15, 53).
cost(11, 16, 46).
cost(11, 17, 21).
cost(11, 18, 73).
cost(11, 19, 27).
cost(11, 20, 40).
cost(11, 21, 69).
cost(11, 22, 14).
cost(11, 23, 39).
cost(11, 24, 34).
cost(11, 25, 57).
cost(11, 26, 66).
cost(12, 1, 39).
cost(12, 2, 35).
cost(12, 3, 43).
cost(12, 4, 43).
cost(12, 5, 54).
cost(12, 6, 40).
cost(12, 7, 37).
cost(12, 8, 51).
cost(12, 9, 68).
cost(12, 10, 87).
cost(12, 11, 15).
cost(12, 13, 83).
cost(12, 14, 26).
cost(12, 15, 59).
cost(12, 16, 57).
cost(12, 17, 35).
cost(12, 18, 87).
cost(12, 19, 42).
cost(12, 20, 55).
cost(12, 21, 80).
cost(12, 22, 20).
cost(12, 23, 52).
cost(12, 24, 39).
cost(12, 25, 61).
cost(12, 26, 79).
cost(13, 1, 60).
cost(13, 2, 74).
cost(13, 3, 62).
cost(13, 4, 53).
cost(13, 5, 57).
cost(13, 6, 64).
cost(13, 7, 49).
cost(13, 8, 53).
cost(13, 9, 52).
cost(13, 10, 42).
cost(13, 11, 68).
cost(13, 12, 83).
cost(13, 14, 57).
cost(13, 15, 56).
cost(13, 16, 38).
cost(13, 17, 48).
cost(13, 18, 6).
cost(13, 19, 51).
cost(13, 20, 46).
cost(13, 21, 37).
cost(13, 22, 75).
cost(13, 23, 57).
cost(13, 24, 61).
cost(13, 25, 61).
cost(13, 26, 22).
cost(14, 1, 30).
cost(14, 2, 36).
cost(14, 3, 29).
cost(14, 4, 23).
cost(14, 5, 42).
cost(14, 6, 27).
cost(14, 7, 18).
cost(14, 8, 32).
cost(14, 9, 54).
cost(14, 10, 63).
cost(14, 11, 13).
cost(14, 12, 26).
cost(14, 13, 57).
cost(14, 15, 41).
cost(14, 16, 33).
cost(14, 17, 11).
cost(14, 18, 62).
cost(14, 19, 26).
cost(14, 20, 38).
cost(14, 21, 56).
cost(14, 22, 26).
cost(14, 23, 41).
cost(14, 24, 24).
cost(14, 25, 45).
cost(14, 26, 53).
cost(15, 1, 67).
cost(15, 2, 77).
cost(15, 3, 16).
cost(15, 4, 17).
cost(15, 5, 76).
cost(15, 6, 20).
cost(15, 7, 52).
cost(15, 8, 9).
cost(15, 9, 83).
cost(15, 10, 33).
cost(15, 11, 53).
cost(15, 12, 59).
cost(15, 13, 56).
cost(15, 14, 41).
cost(15, 16, 19).
cost(15, 17, 42).
cost(15, 18, 56).
cost(15, 19, 60).
cost(15, 20, 68).
cost(15, 21, 29).
cost(15, 22, 66).
cost(15, 23, 75).
cost(15, 24, 20).
cost(15, 25, 6).
cost(15, 26, 37).
cost(16, 1, 54).
cost(16, 2, 65).
cost(16, 3, 24).
cost(16, 4, 17).
cost(16, 5, 61).
cost(16, 6, 26).
cost(16, 7, 38).
cost(16, 8, 15).
cost(16, 9, 65).
cost(16, 10, 31).
cost(16, 11, 46).
cost(16, 12, 57).
cost(16, 13, 38).
cost(16, 14, 33).
cost(16, 15, 19).
cost(16, 17, 30).
cost(16, 18, 40).
cost(16, 19, 46).
cost(16, 20, 51).
cost(16, 21, 23).
cost(16, 22, 58).
cost(16, 23, 59).
cost(16, 24, 24).
cost(16, 25, 25).
cost(16, 26, 24).
cost(17, 1, 25).
cost(17, 2, 36).
cost(17, 3, 34).
cost(17, 4, 26).
cost(17, 5, 35).
cost(17, 6, 33).
cost(17, 7, 9).
cost(17, 8, 34).
cost(17, 9, 44).
cost(17, 10, 60).
cost(17, 11, 21).
cost(17, 12, 35).
cost(17, 13, 48).
cost(17, 14, 11).
cost(17, 15, 42).
cost(17, 16, 30).
cost(17, 18, 52).
cost(17, 19, 18).
cost(17, 20, 29).
cost(17, 21, 52).
cost(17, 22, 30).
cost(17, 23, 33).
cost(17, 24, 30).
cost(17, 25, 48).
cost(17, 26, 47).
cost(18, 1, 65).
cost(18, 2, 80).
cost(18, 3, 64).
cost(18, 4, 56).
cost(18, 5, 63).
cost(18, 6, 66).
cost(18, 7, 54).
cost(18, 8, 54).
cost(18, 9, 58).
cost(18, 10, 38).
cost(18, 11, 73).
cost(18, 12, 87).
cost(18, 13, 6).
cost(18, 14, 62).
cost(18, 15, 56).
cost(18, 16, 40).
cost(18, 17, 52).
cost(18, 19, 56).
cost(18, 20, 51).
cost(18, 21, 34).
cost(18, 22, 80).
cost(18, 23, 62).
cost(18, 24, 63).
cost(18, 25, 61).
cost(18, 26, 20).
cost(19, 1, 9).
cost(19, 2, 24).
cost(19, 3, 53).
cost(19, 4, 45).
cost(19, 5, 17).
cost(19, 6, 51).
cost(19, 7, 9).
cost(19, 8, 52).
cost(19, 9, 28).
cost(19, 10, 73).
cost(19, 11, 27).
cost(19, 12, 42).
cost(19, 13, 51).
cost(19, 14, 26).
cost(19, 15, 60).
cost(19, 16, 46).
cost(19, 17, 18).
cost(19, 18, 56).
cost(19, 20, 13).
cost(19, 21, 66).
cost(19, 22, 27).
cost(19, 23, 15).
cost(19, 24, 48).
cost(19, 25, 66).
cost(19, 26, 57).
cost(20, 1, 18).
cost(20, 2, 32).
cost(20, 3, 62).
cost(20, 4, 54).
cost(20, 5, 11).
cost(20, 6, 62).
cost(20, 7, 20).
cost(20, 8, 60).
cost(20, 9, 16).
cost(20, 10, 75).
cost(20, 11, 40).
cost(20, 12, 55).
cost(20, 13, 46).
cost(20, 14, 38).
cost(20, 15, 68).
cost(20, 16, 51).
cost(20, 17, 29).
cost(20, 18, 51).
cost(20, 19, 13).
cost(20, 21, 68).
cost(20, 22, 39).
cost(20, 23, 11).
cost(20, 24, 58).
cost(20, 25, 74).
cost(20, 26, 57).
cost(21, 1, 75).
cost(21, 2, 87).
cost(21, 3, 43).
cost(21, 4, 38).
cost(21, 5, 79).
cost(21, 6, 46).
cost(21, 7, 59).
cost(21, 8, 32).
cost(21, 9, 80).
cost(21, 10, 8).
cost(21, 11, 69).
cost(21, 12, 80).
cost(21, 13, 37).
cost(21, 14, 56).
cost(21, 15, 29).
cost(21, 16, 23).
cost(21, 17, 52).
cost(21, 18, 34).
cost(21, 19, 66).
cost(21, 20, 68).
cost(21, 22, 81).
cost(21, 23, 78).
cost(21, 24, 44).
cost(21, 25, 32).
cost(21, 26, 14).
cost(22, 1, 22).
cost(22, 2, 15).
cost(22, 3, 53).
cost(22, 4, 49).
cost(22, 5, 36).
cost(22, 6, 50).
cost(22, 7, 27).
cost(22, 8, 57).
cost(22, 9, 51).
cost(22, 10, 89).
cost(22, 11, 14).
cost(22, 12, 20).
cost(22, 13, 75).
cost(22, 14, 26).
cost(22, 15, 66).
cost(22, 16, 58).
cost(22, 17, 30).
cost(22, 18, 80).
cost(22, 19, 27).
cost(22, 20, 39).
cost(22, 21, 81).
cost(22, 23, 34).
cost(22, 24, 48).
cost(22, 25, 70).
cost(22, 26, 77).
cost(23, 1, 13).
cost(23, 2, 23).
cost(23, 3, 68).
cost(23, 4, 60).
cost(23, 5, 2).
cost(23, 6, 66).
cost(23, 7, 24).
cost(23, 8, 67).
cost(23, 9, 16).
cost(23, 10, 85).
cost(23, 11, 39).
cost(23, 12, 52).
cost(23, 13, 57).
cost(23, 14, 41).
cost(23, 15, 75).
cost(23, 16, 59).
cost(23, 17, 33).
cost(23, 18, 62).
cost(23, 19, 15).
cost(23, 20, 11).
cost(23, 21, 78).
cost(23, 22, 34).
cost(23, 24, 63).
cost(23, 25, 81).
cost(23, 26, 68).
cost(24, 1, 53).
cost(24, 2, 60).
cost(24, 3, 5).
cost(24, 4, 7).
cost(24, 5, 64).
cost(24, 6, 4).
cost(24, 7, 39).
cost(24, 8, 13).
cost(24, 9, 74).
cost(24, 10, 50).
cost(24, 11, 34).
cost(24, 12, 39).
cost(24, 13, 61).
cost(24, 14, 24).
cost(24, 15, 20).
cost(24, 16, 24).
cost(24, 17, 30).
cost(24, 18, 63).
cost(24, 19, 48).
cost(24, 20, 58).
cost(24, 21, 44).
cost(24, 22, 48).
cost(24, 23, 63).
cost(24, 25, 23).
cost(24, 26, 48).
cost(25, 1, 73).
cost(25, 2, 81).
cost(25, 3, 18).
cost(25, 4, 22).
cost(25, 5, 82).
cost(25, 6, 21).
cost(25, 7, 57).
cost(25, 8, 14).
cost(25, 9, 89).
cost(25, 10, 35).
cost(25, 11, 57).
cost(25, 12, 61).
cost(25, 13, 61).
cost(25, 14, 45).
cost(25, 15, 6).
cost(25, 16, 25).
cost(25, 17, 48).
cost(25, 18, 61).
cost(25, 19, 66).
cost(25, 20, 74).
cost(25, 21, 32).
cost(25, 22, 70).
cost(25, 23, 81).
cost(25, 24, 23).
cost(25, 26, 42).
cost(26, 1, 67).
cost(26, 2, 80).
cost(26, 3, 48).
cost(26, 4, 41).
cost(26, 5, 68).
cost(26, 6, 50).
cost(26, 7, 52).
cost(26, 8, 37).
cost(26, 9, 68).
cost(26, 10, 20).
cost(26, 11, 66).
cost(26, 12, 79).
cost(26, 13, 22).
cost(26, 14, 53).
cost(26, 15, 37).
cost(26, 16, 24).
cost(26, 17, 47).
cost(26, 18, 20).
cost(26, 19, 57).
cost(26, 20, 57).
cost(26, 21, 14).
cost(26, 22, 77).
cost(26, 23, 68).
cost(26, 24, 48).
cost(26, 25, 42).
nocross(1,2).
nocross(1,5).
nocross(1,7).
nocross(1,9).
nocross(1,11).
nocross(1,14).
nocross(1,17).
nocross(1,19).
nocross(1,20).
nocross(1,22).
nocross(1,23).
nocross(2,1).
nocross(2,5).
nocross(2,7).
nocross(2,9).
nocross(2,11).
nocross(2,12).
nocross(2,14).
nocross(2,17).
nocross(2,19).
nocross(2,20).
nocross(2,22).
nocross(2,23).
nocross(3,4).
nocross(3,6).
nocross(3,8).
nocross(3,11).
nocross(3,14).
nocross(3,15).
nocross(3,16).
nocross(3,17).
nocross(3,24).
nocross(3,25).
nocross(4,3).
nocross(4,6).
nocross(4,7).
nocross(4,8).
nocross(4,10).
nocross(4,11).
nocross(4,14).
nocross(4,15).
nocross(4,16).
nocross(4,17).
nocross(4,19).
nocross(4,21).
nocross(4,24).
nocross(4,25).
nocross(5,1).
nocross(5,2).
nocross(5,7).
nocross(5,9).
nocross(5,19).
nocross(5,20).
nocross(5,22).
nocross(5,23).
nocross(6,3).
nocross(6,4).
nocross(6,8).
nocross(6,11).
nocross(6,12).
nocross(6,14).
nocross(6,15).
nocross(6,17).
nocross(6,24).
nocross(6,25).
nocross(7,1).
nocross(7,2).
nocross(7,4).
nocross(7,5).
nocross(7,9).
nocross(7,11).
nocross(7,14).
nocross(7,16).
nocross(7,17).
nocross(7,19).
nocross(7,20).
nocross(7,22).
nocross(7,23).
nocross(7,24).
nocross(8,3).
nocross(8,4).
nocross(8,6).
nocross(8,10).
nocross(8,14).
nocross(8,15).
nocross(8,16).
nocross(8,17).
nocross(8,21).
nocross(8,24).
nocross(8,25).
nocross(8,26).
nocross(9,1).
nocross(9,2).
nocross(9,5).
nocross(9,7).
nocross(9,13).
nocross(9,18).
nocross(9,19).
nocross(9,20).
nocross(9,23).
nocross(10,8).
nocross(10,13).
nocross(10,15).
nocross(10,16).
nocross(10,18).
nocross(10,21).
nocross(10,25).
nocross(10,26).
nocross(11,1).
nocross(11,2).
nocross(11,3).
nocross(11,4).
nocross(11,6).
nocross(11,7).
nocross(11,12).
nocross(11,14).
nocross(11,17).
nocross(11,19).
nocross(11,20).
nocross(11,22).
nocross(11,23).
nocross(11,24).
nocross(12,1).
nocross(12,2).
nocross(12,3).
nocross(12,4).
nocross(12,6).
nocross(12,7).
nocross(12,11).
nocross(12,14).
nocross(12,17).
nocross(12,19).
nocross(12,22).
nocross(12,24).
nocross(13,9).
nocross(13,10).
nocross(13,18).
nocross(13,20).
nocross(13,21).
nocross(13,26).
nocross(14,1).
nocross(14,2).
nocross(14,3).
nocross(14,4).
nocross(14,6).
nocross(14,7).
nocross(14,8).
nocross(14,11).
nocross(14,12).
nocross(14,16).
nocross(14,17).
nocross(14,19).
nocross(14,20).
nocross(14,22).
nocross(14,23).
nocross(14,24).
nocross(15,3).
nocross(15,4).
nocross(15,6).
nocross(15,8).
nocross(15,10).
nocross(15,16).
nocross(15,21).
nocross(15,24).
nocross(15,25).
nocross(15,26).
nocross(16,3).
nocross(16,4).
nocross(16,6).
nocross(16,7).
nocross(16,8).
nocross(16,10).
nocross(16,13).
nocross(16,14).
nocross(16,15).
nocross(16,17).
nocross(16,18).
nocross(16,19).
nocross(16,20).
nocross(16,21).
nocross(16,24).
nocross(16,25).
nocross(16,26).
nocross(17,1).
nocross(17,2).
nocross(17,3).
nocross(17,4).
nocross(17,5).
nocross(17,6).
nocross(17,7).
nocross(17,8).
nocross(17,11).
nocross(17,12).
nocross(17,13).
nocross(17,14).
nocross(17,16).
nocross(17,19).
nocross(17,20).
nocross(17,22).
nocross(17,23).
nocross(17,24).
nocross(18,10).
nocross(18,13).
nocross(18,21).
nocross(18,26).
nocross(19,1).
nocross(19,2).
nocross(19,5).
nocross(19,7).
nocross(19,9).
nocross(19,11).
nocross(19,14).
nocross(19,17).
nocross(19,20).
nocross(19,22).
nocross(19,23).
nocross(20,1).
nocross(20,2).
nocross(20,5).
nocross(20,7).
nocross(20,9).
nocross(20,13).
nocross(20,17).
nocross(20,18).
nocross(20,19).
nocross(20,23).
nocross(21,3).
nocross(21,4).
nocross(21,8).
nocross(21,10).
nocross(21,13).
nocross(21,15).
nocross(21,16).
nocross(21,18).
nocross(21,25).
nocross(21,26).
nocross(22,1).
nocross(22,2).
nocross(22,5).
nocross(22,7).
nocross(22,11).
nocross(22,12).
nocross(22,14).
nocross(22,17).
nocross(22,19).
nocross(22,23).
nocross(22,24).
nocross(23,1).
nocross(23,2).
nocross(23,5).
nocross(23,7).
nocross(23,9).
nocross(23,17).
nocross(23,19).
nocross(23,20).
nocross(23,22).
nocross(24,3).
nocross(24,4).
nocross(24,6).
nocross(24,7).
nocross(24,8).
nocross(24,11).
nocross(24,12).
nocross(24,14).
nocross(24,15).
nocross(24,16).
nocross(24,17).
nocross(24,25).
nocross(25,3).
nocross(25,4).
nocross(25,6).
nocross(25,8).
nocross(25,10).
nocross(25,15).
nocross(25,16).
nocross(25,21).
nocross(25,24).
nocross(26,4).
nocross(26,8).
nocross(26,10).
nocross(26,13).
nocross(26,15).
nocross(26,16).
nocross(26,17).
nocross(26,18).
nocross(26,21).
nocross(26,25).
