dimension(26).
point(1, 16.7523445447, 33.9459746515).
point(2, 69.2274828887, 26.6037080207).
point(3, 37.7004135431, 77.7897926076).
point(4, 42.7607608381, 7.4074236261).
point(5, 92.463036773, 2.6021207999).
point(6, 89.0543802543, 12.9748192183).
point(7, 15.003119309, 71.6507263411).
point(8, 77.080278866, 44.3095400892).
point(9, 37.0607273702, 50.7517078152).
point(10, 37.9741399033, 58.7677718668).
point(11, 41.5522672365, 73.765644627).
point(12, 21.1286124883, 39.684555003).
point(13, 72.2376113602, 37.7315312535).
point(14, 14.9588605984, 32.1228404282).
point(15, 30.7806829146, 81.5297701048).
point(16, 85.4279833415, 24.4684977693).
point(17, 88.4684074245, 9.1249678541).
point(18, 45.2972516381, 10.7063067811).
point(19, 35.0136378856, 82.6220230583).
point(20, 11.423400745, 68.3807226091).
point(21, 45.6029224644, 80.0333740707).
point(22, 50.2555593285, 24.6687031353).
point(23, 80.2802964884, 30.7714095971).
point(24, 16.1171842752, 75.7116177599).
point(25, 51.6391562176, 0.5864506065).
point(26, 59.3946828851, 1.1904353642).
cost(1, 2, 53).
cost(1, 3, 49).
cost(1, 4, 37).
cost(1, 5, 82).
cost(1, 6, 75).
cost(1, 7, 38).
cost(1, 8, 61).
cost(1, 9, 26).
cost(1, 10, 33).
cost(1, 11, 47).
cost(1, 12, 7).
cost(1, 13, 56).
cost(1, 14, 3).
cost(1, 15, 50).
cost(1, 16, 69).
cost(1, 17, 76).
cost(1, 18, 37).
cost(1, 19, 52).
cost(1, 20, 35).
cost(1, 21, 54).
cost(1, 22, 35).
cost(1, 23, 64).
cost(1, 24, 42).
cost(1, 25, 48).
cost(1, 26, 54).
cost(2, 1, 53).
cost(2, 3, 60).
cost(2, 4, 33).
cost(2, 5, 33).
cost(2, 6, 24).
cost(2, 7, 70).
cost(2, 8, 19).
cost(2, 9, 40).
cost(2, 10, 45).
cost(2, 11, 55).
cost(2, 12, 50).
cost(2, 13, 12).
cost(2, 14, 55).
cost(2, 15, 67).
cost(2, 16, 16).
cost(2, 17, 26).
cost(2, 18, 29).
cost(2, 19, 66).
cost(2, 20, 71).
cost(2, 21, 58).
cost(2, 22, 19).
cost(2, 23, 12).
cost(2, 24, 72).
cost(2, 25, 31).
cost(2, 26, 27).
cost(3, 1, 49).
cost(3, 2, 60).
cost(3, 4, 71).
cost(3, 5, 93).
cost(3, 6, 83).
cost(3, 7, 24).
cost(3, 8, 52).
cost(3, 9, 27).
cost(3, 10, 19).
cost(3, 11, 6).
cost(3, 12, 42).
cost(3, 13, 53).
cost(3, 14, 51).
cost(3, 15, 8).
cost(3, 16, 72).
cost(3, 17, 85).
cost(3, 18, 68).
cost(3, 19, 6).
cost(3, 20, 28).
cost(3, 21, 8).
cost(3, 22, 55).
cost(3, 23, 63).
cost(3, 24, 22).
cost(3, 25, 78).
cost(3, 26, 80).
cost(4, 1, 37).
cost(4, 2, 33).
cost(4, 3, 71).
cost(4, 5, 50).
cost(4, 6, 47).
cost(4, 7, 70).
cost(4, 8, 50).
cost(4, 9, 44).
cost(4, 10, 52).
cost(4, 11, 66).
cost(4, 12, 39).
cost(4, 13, 42).
cost(4, 14, 37).
cost(4, 15, 75).
cost(4, 16, 46).
cost(4, 17, 46).
cost(4, 18, 4).
cost(4, 19, 76).
cost(4, 20, 69).
cost(4, 21, 73).
cost(4, 22, 19).
cost(4, 23, 44).
cost(4, 24, 73).
cost(4, 25, 11).
cost(4, 26, 18).
cost(5, 1, 82).
cost(5, 2, 33).
cost(5, 3, 93).
cost(5, 4, 50).
cost(5, 6, 11).
cost(5, 7, 104).
cost(5, 8, 44).
cost(5, 9, 73).
cost(5, 10, 78).
cost(5, 11, 87).
cost(5, 12, 80).
cost(5, 13, 41).
cost(5, 14, 83).
cost(5, 15, 100).
cost(5, 16, 23).
cost(5, 17, 8).
cost(5, 18, 48).
cost(5, 19, 99).
cost(5, 20, 104).
cost(5, 21, 91).
cost(5, 22, 48).
cost(5, 23, 31).
cost(5, 24, 106).
cost(5, 25, 41).
cost(5, 26, 33).
cost(6, 1, 75).
cost(6, 2, 24).
cost(6, 3, 83).
cost(6, 4, 47).
cost(6, 5, 11).
cost(6, 7, 94).
cost(6, 8, 34).
cost(6, 9, 64).
cost(6, 10, 69).
cost(6, 11, 77).
cost(6, 12, 73).
cost(6, 13, 30).
cost(6, 14, 77).
cost(6, 15, 90).
cost(6, 16, 12).
cost(6, 17, 4).
cost(6, 18, 44).
cost(6, 19, 88).
cost(6, 20, 95).
cost(6, 21, 80).
cost(6, 22, 41).
cost(6, 23, 20).
cost(6, 24, 96).
cost(6, 25, 39).
cost(6, 26, 32).
cost(7, 1, 38).
cost(7, 2, 70).
cost(7, 3, 24).
cost(7, 4, 70).
cost(7, 5, 104).
cost(7, 6, 94).
cost(7, 8, 68).
cost(7, 9, 30).
cost(7, 10, 26).
cost(7, 11, 27).
cost(7, 12, 33).
cost(7, 13, 67).
cost(7, 14, 40).
cost(7, 15, 19).
cost(7, 16, 85).
cost(7, 17, 96).
cost(7, 18, 68).
cost(7, 19, 23).
cost(7, 20, 5).
cost(7, 21, 32).
cost(7, 22, 59).
cost(7, 23, 77).
cost(7, 24, 4).
cost(7, 25, 80).
cost(7, 26, 83).
cost(8, 1, 61).
cost(8, 2, 19).
cost(8, 3, 52).
cost(8, 4, 50).
cost(8, 5, 44).
cost(8, 6, 34).
cost(8, 7, 68).
cost(8, 9, 41).
cost(8, 10, 42).
cost(8, 11, 46).
cost(8, 12, 56).
cost(8, 13, 8).
cost(8, 14, 63).
cost(8, 15, 59).
cost(8, 16, 22).
cost(8, 17, 37).
cost(8, 18, 46).
cost(8, 19, 57).
cost(8, 20, 70).
cost(8, 21, 48).
cost(8, 22, 33).
cost(8, 23, 14).
cost(8, 24, 69).
cost(8, 25, 51).
cost(8, 26, 47).
cost(9, 1, 26).
cost(9, 2, 40).
cost(9, 3, 27).
cost(9, 4, 44).
cost(9, 5, 73).
cost(9, 6, 64).
cost(9, 7, 30).
cost(9, 8, 41).
cost(9, 10, 8).
cost(9, 11, 23).
cost(9, 12, 19).
cost(9, 13, 38).
cost(9, 14, 29).
cost(9, 15, 31).
cost(9, 16, 55).
cost(9, 17, 66).
cost(9, 18, 41).
cost(9, 19, 32).
cost(9, 20, 31).
cost(9, 21, 31).
cost(9, 22, 29).
cost(9, 23, 48).
cost(9, 24, 33).
cost(9, 25, 52).
cost(9, 26, 54).
cost(10, 1, 33).
cost(10, 2, 45).
cost(10, 3, 19).
cost(10, 4, 52).
cost(10, 5, 78).
cost(10, 6, 69).
cost(10, 7, 26).
cost(10, 8, 42).
cost(10, 9, 8).
cost(10, 11, 15).
cost(10, 12, 25).
cost(10, 13, 40).
cost(10, 14, 35).
cost(10, 15, 24).
cost(10, 16, 59).
cost(10, 17, 71).
cost(10, 18, 49).
cost(10, 19, 24).
cost(10, 20, 28).
cost(10, 21, 23).
cost(10, 22, 36).
cost(10, 23, 51).
cost(10, 24, 28).
cost(10, 25, 60).
cost(10, 26, 61).
cost(11, 1, 47).
cost(11, 2, 55).
cost(11, 3, 6).
cost(11, 4, 66).
cost(11, 5, 87).
cost(11, 6, 77).
cost(11, 7, 27).
cost(11, 8, 46).
cost(11, 9, 23).
cost(11, 10, 15).
cost(11, 12, 40).
cost(11, 13, 47).
cost(11, 14, 49).
cost(11, 15, 13).
cost(11, 16, 66).
cost(11, 17, 80).
cost(11, 18, 63).
cost(11, 19, 11).
cost(11, 20, 31).
cost(11, 21, 7).
cost(11, 22, 50).
cost(11, 23, 58).
cost(11, 24, 26).
cost(11, 25, 74).
cost(11, 26, 75).
cost(12, 1, 7).
cost(12, 2, 50).
cost(12, 3, 42).
cost(12, 4, 39).
cost(12, 5, 80).
cost(12, 6, 73).
cost(12, 7, 33).
cost(12, 8, 56).
cost(12, 9, 19).
cost(12, 10, 25).
cost(12, 11, 40).
cost(12, 13, 51).
cost(12, 14, 10).
cost(12, 15, 43).
cost(12, 16, 66).
cost(12, 17, 74).
cost(12, 18, 38).
cost(12, 19, 45).
cost(12, 20, 30).
cost(12, 21, 47).
cost(12, 22, 33).
cost(12, 23, 60).
cost(12, 24, 36).
cost(12, 25, 50).
cost(12, 26, 54).
cost(13, 1, 56).
cost(13, 2, 12).
cost(13, 3, 53).
cost(13, 4, 42).
cost(13, 5, 41).
cost(13, 6, 30).
cost(13, 7, 67).
cost(13, 8, 8).
cost(13, 9, 38).
cost(13, 10, 40).
cost(13, 11, 47).
cost(13, 12, 51).
cost(13, 14, 58).
cost(13, 15, 60).
cost(13, 16, 19).
cost(13, 17, 33).
cost(13, 18, 38).
cost(13, 19, 58).
cost(13, 20, 68).
cost(13, 21, 50).
cost(13, 22, 26).
cost(13, 23, 11).
cost(13, 24, 68).
cost(13, 25, 42).
cost(13, 26, 39).
cost(14, 1, 3).
cost(14, 2, 55).
cost(14, 3, 51).
cost(14, 4, 37).
cost(14, 5, 83).
cost(14, 6, 77).
cost(14, 7, 40).
cost(14, 8, 63).
cost(14, 9, 29).
cost(14, 10, 35).
cost(14, 11, 49).
cost(14, 12, 10).
cost(14, 13, 58).
cost(14, 15, 52).
cost(14, 16, 71).
cost(14, 17, 77).
cost(14, 18, 37).
cost(14, 19, 54).
cost(14, 20, 36).
cost(14, 21, 57).
cost(14, 22, 36).
cost(14, 23, 65).
cost(14, 24, 44).
cost(14, 25, 48).
cost(14, 26, 54).
cost(15, 1, 50).
cost(15, 2, 67).
cost(15, 3, 8).
cost(15, 4, 75).
cost(15, 5, 100).
cost(15, 6, 90).
cost(15, 7, 19).
cost(15, 8, 59).
cost(15, 9, 31).
cost(15, 10, 24).
cost(15, 11, 13).
cost(15, 12, 43).
cost(15, 13, 60).
cost(15, 14, 52).
cost(15, 16, 79).
cost(15, 17, 93).
cost(15, 18, 72).
cost(15, 19, 4).
cost(15, 20, 23).
cost(15, 21, 15).
cost(15, 22, 60).
cost(15, 23, 71).
cost(15, 24, 16).
cost(15, 25, 84).
cost(15, 26, 85).
cost(16, 1, 69).
cost(16, 2, 16).
cost(16, 3, 72).
cost(16, 4, 46).
cost(16, 5, 23).
cost(16, 6, 12).
cost(16, 7, 85).
cost(16, 8, 22).
cost(16, 9, 55).
cost(16, 10, 59).
cost(16, 11, 66).
cost(16, 12, 66).
cost(16, 13, 19).
cost(16, 14, 71).
cost(16, 15, 79).
cost(16, 17, 16).
cost(16, 18, 42).
cost(16, 19, 77).
cost(16, 20, 86).
cost(16, 21, 68).
cost(16, 22, 35).
cost(16, 23, 8).
cost(16, 24, 86).
cost(16, 25, 41).
cost(16, 26, 35).
cost(17, 1, 76).
cost(17, 2, 26).
cost(17, 3, 85).
cost(17, 4, 46).
cost(17, 5, 8).
cost(17, 6, 4).
cost(17, 7, 96).
cost(17, 8, 37).
cost(17, 9, 66).
cost(17, 10, 71).
cost(17, 11, 80).
cost(17, 12, 74).
cost(17, 13, 33).
cost(17, 14, 77).
cost(17, 15, 93).
cost(17, 16, 16).
cost(17, 18, 43).
cost(17, 19, 91).
cost(17, 20, 97).
cost(17, 21, 83).
cost(17, 22, 41).
cost(17, 23, 23).
cost(17, 24, 98).
cost(17, 25, 38).
cost(17, 26, 30).
cost(18, 1, 37).
cost(18, 2, 29).
cost(18, 3, 68).
cost(18, 4, 4).
cost(18, 5, 48).
cost(18, 6, 44).
cost(18, 7, 68).
cost(18, 8, 46).
cost(18, 9, 41).
cost(18, 10, 49).
cost(18, 11, 63).
cost(18, 12, 38).
cost(18, 13, 38).
cost(18, 14, 37).
cost(18, 15, 72).
cost(18, 16, 42).
cost(18, 17, 43).
cost(18, 19, 73).
cost(18, 20, 67).
cost(18, 21, 69).
cost(18, 22, 15).
cost(18, 23, 40).
cost(18, 24, 71).
cost(18, 25, 12).
cost(18, 26, 17).
cost(19, 1, 52).
cost(19, 2, 66).
cost(19, 3, 6).
cost(19, 4, 76).
cost(19, 5, 99).
cost(19, 6, 88).
cost(19, 7, 23).
cost(19, 8, 57).
cost(19, 9, 32).
cost(19, 10, 24).
cost(19, 11, 11).
cost(19, 12, 45).
cost(19, 13, 58).
cost(19, 14, 54).
cost(19, 15, 4).
cost(19, 16, 77).
cost(19, 17, 91).
cost(19, 18, 73).
cost(19, 20, 28).
cost(19, 21, 11).
cost(19, 22, 60).
cost(19, 23, 69).
cost(19, 24, 20).
cost(19, 25, 84).
cost(19, 26, 85).
cost(20, 1, 35).
cost(20, 2, 71).
cost(20, 3, 28).
cost(20, 4, 69).
cost(20, 5, 104).
cost(20, 6, 95).
cost(20, 7, 5).
cost(20, 8, 70).
cost(20, 9, 31).
cost(20, 10, 28).
cost(20, 11, 31).
cost(20, 12, 30).
cost(20, 13, 68).
cost(20, 14, 36).
cost(20, 15, 23).
cost(20, 16, 86).
cost(20, 17, 97).
cost(20, 18, 67).
cost(20, 19, 28).
cost(20, 21, 36).
cost(20, 22, 58).
cost(20, 23, 78).
cost(20, 24, 9).
cost(20, 25, 79).
cost(20, 26, 83).
cost(21, 1, 54).
cost(21, 2, 58).
cost(21, 3, 8).
cost(21, 4, 73).
cost(21, 5, 91).
cost(21, 6, 80).
cost(21, 7, 32).
cost(21, 8, 48).
cost(21, 9, 31).
cost(21, 10, 23).
cost(21, 11, 7).
cost(21, 12, 47).
cost(21, 13, 50).
cost(21, 14, 57).
cost(21, 15, 15).
cost(21, 16, 68).
cost(21, 17, 83).
cost(21, 18, 69).
cost(21, 19, 11).
cost(21, 20, 36).
cost(21, 22, 56).
cost(21, 23, 60).
cost(21, 24, 30).
cost(21, 25, 80).
cost(21, 26, 80).
cost(22, 1, 35).
cost(22, 2, 19).
cost(22, 3, 55).
cost(22, 4, 19).
cost(22, 5, 48).
cost(22, 6, 41).
cost(22, 7, 59).
cost(22, 8, 33).
cost(22, 9, 29).
cost(22, 10, 36).
cost(22, 11, 50).
cost(22, 12, 33).
cost(22, 13, 26).
cost(22, 14, 36).
cost(22, 15, 60).
cost(22, 16, 35).
cost(22, 17, 41).
cost(22, 18, 15).
cost(22, 19, 60).
cost(22, 20, 58).
cost(22, 21, 56).
cost(22, 23, 31).
cost(22, 24, 61).
cost(22, 25, 24).
cost(22, 26, 25).
cost(23, 1, 64).
cost(23, 2, 12).
cost(23, 3, 63).
cost(23, 4, 44).
cost(23, 5, 31).
cost(23, 6, 20).
cost(23, 7, 77).
cost(23, 8, 14).
cost(23, 9, 48).
cost(23, 10, 51).
cost(23, 11, 58).
cost(23, 12, 60).
cost(23, 13, 11).
cost(23, 14, 65).
cost(23, 15, 71).
cost(23, 16, 8).
cost(23, 17, 23).
cost(23, 18, 40).
cost(23, 19, 69).
cost(23, 20, 78).
cost(23, 21, 60).
cost(23, 22, 31).
cost(23, 24, 78).
cost(23, 25, 42).
cost(23, 26, 36).
cost(24, 1, 42).
cost(24, 2, 72).
cost(24, 3, 22).
cost(24, 4, 73).
cost(24, 5, 106).
cost(24, 6, 96).
cost(24, 7, 4).
cost(24, 8, 69).
cost(24, 9, 33).
cost(24, 10, 28).
cost(24, 11, 26).
cost(24, 12, 36).
cost(24, 13, 68).
cost(24, 14, 44).
cost(24, 15, 16).
cost(24, 16, 86).
cost(24, 17, 98).
cost(24, 18, 71).
cost(24, 19, 20).
cost(24, 20, 9).
cost(24, 21, 30).
cost(24, 22, 61).
cost(24, 23, 78).
cost(24, 25, 83).
cost(24, 26, 86).
cost(25, 1, 48).
cost(25, 2, 31).
cost(25, 3, 78).
cost(25, 4, 11).
cost(25, 5, 41).
cost(25, 6, 39).
cost(25, 7, 80).
cost(25, 8, 51).
cost(25, 9, 52).
cost(25, 10, 60).
cost(25, 11, 74).
cost(25, 12, 50).
cost(25, 13, 42).
cost(25, 14, 48).
cost(25, 15, 84).
cost(25, 16, 41).
cost(25, 17, 38).
cost(25, 18, 12).
cost(25, 19, 84).
cost(25, 20, 79).
cost(25, 21, 80).
cost(25, 22, 24).
cost(25, 23, 42).
cost(25, 24, 83).
cost(25, 26, 8).
cost(26, 1, 54).
cost(26, 2, 27).
cost(26, 3, 80).
cost(26, 4, 18).
cost(26, 5, 33).
cost(26, 6, 32).
cost(26, 7, 83).
cost(26, 8, 47).
cost(26, 9, 54).
cost(26, 10, 61).
cost(26, 11, 75).
cost(26, 12, 54).
cost(26, 13, 39).
cost(26, 14, 54).
cost(26, 15, 85).
cost(26, 16, 35).
cost(26, 17, 30).
cost(26, 18, 17).
cost(26, 19, 85).
cost(26, 20, 83).
cost(26, 21, 80).
cost(26, 22, 25).
cost(26, 23, 36).
cost(26, 24, 86).
cost(26, 25, 8).
nocross(1,4).
nocross(1,9).
nocross(1,10).
nocross(1,12).
nocross(1,14).
nocross(1,18).
nocross(1,20).
nocross(1,24).
nocross(2,4).
nocross(2,5).
nocross(2,6).
nocross(2,8).
nocross(2,13).
nocross(2,16).
nocross(2,17).
nocross(2,18).
nocross(2,22).
nocross(2,23).
nocross(2,25).
nocross(2,26).
nocross(3,7).
nocross(3,9).
nocross(3,10).
nocross(3,11).
nocross(3,15).
nocross(3,19).
nocross(3,20).
nocross(3,21).
nocross(3,24).
nocross(4,1).
nocross(4,2).
nocross(4,14).
nocross(4,18).
nocross(4,22).
nocross(4,25).
nocross(4,26).
nocross(5,2).
nocross(5,6).
nocross(5,16).
nocross(5,17).
nocross(5,23).
nocross(5,25).
nocross(5,26).
nocross(6,2).
nocross(6,5).
nocross(6,8).
nocross(6,13).
nocross(6,16).
nocross(6,17).
nocross(6,23).
nocross(6,26).
nocross(7,1).
nocross(7,3).
nocross(7,9).
nocross(7,10).
nocross(7,11).
nocross(7,12).
nocross(7,14).
nocross(7,15).
nocross(7,19).
nocross(7,20).
nocross(7,24).
nocross(8,2).
nocross(8,6).
nocross(8,9).
nocross(8,10).
nocross(8,13).
nocross(8,16).
nocross(8,17).
nocross(8,21).
nocross(8,22).
nocross(8,23).
nocross(9,1).
nocross(9,3).
nocross(9,4).
nocross(9,7).
nocross(9,10).
nocross(9,11).
nocross(9,12).
nocross(9,13).
nocross(9,14).
nocross(9,15).
nocross(9,18).
nocross(9,19).
nocross(9,20).
nocross(9,21).
nocross(9,22).
nocross(9,24).
nocross(10,1).
nocross(10,3).
nocross(10,7).
nocross(10,8).
nocross(10,9).
nocross(10,11).
nocross(10,12).
nocross(10,14).
nocross(10,15).
nocross(10,19).
nocross(10,20).
nocross(10,21).
nocross(10,24).
nocross(11,3).
nocross(11,7).
nocross(11,9).
nocross(11,10).
nocross(11,12).
nocross(11,15).
nocross(11,19).
nocross(11,20).
nocross(11,21).
nocross(11,24).
nocross(12,1).
nocross(12,7).
nocross(12,9).
nocross(12,10).
nocross(12,14).
nocross(12,15).
nocross(12,20).
nocross(12,22).
nocross(12,24).
nocross(13,2).
nocross(13,5).
nocross(13,6).
nocross(13,8).
nocross(13,9).
nocross(13,10).
nocross(13,16).
nocross(13,17).
nocross(13,18).
nocross(13,21).
nocross(13,22).
nocross(13,23).
nocross(13,26).
nocross(14,1).
nocross(14,4).
nocross(14,9).
nocross(14,10).
nocross(14,12).
nocross(14,18).
nocross(14,20).
nocross(14,24).
nocross(15,3).
nocross(15,7).
nocross(15,9).
nocross(15,10).
nocross(15,11).
nocross(15,19).
nocross(15,20).
nocross(15,21).
nocross(15,24).
nocross(16,2).
nocross(16,5).
nocross(16,6).
nocross(16,8).
nocross(16,13).
nocross(16,17).
nocross(16,22).
nocross(16,23).
nocross(16,26).
nocross(17,2).
nocross(17,5).
nocross(17,6).
nocross(17,8).
nocross(17,13).
nocross(17,16).
nocross(17,23).
nocross(17,25).
nocross(17,26).
nocross(18,1).
nocross(18,2).
nocross(18,4).
nocross(18,14).
nocross(18,22).
nocross(18,25).
nocross(18,26).
nocross(19,3).
nocross(19,7).
nocross(19,9).
nocross(19,10).
nocross(19,11).
nocross(19,15).
nocross(19,20).
nocross(19,21).
nocross(19,24).
nocross(20,1).
nocross(20,3).
nocross(20,7).
nocross(20,9).
nocross(20,10).
nocross(20,11).
nocross(20,12).
nocross(20,14).
nocross(20,15).
nocross(20,24).
nocross(21,3).
nocross(21,7).
nocross(21,8).
nocross(21,9).
nocross(21,10).
nocross(21,11).
nocross(21,15).
nocross(21,19).
nocross(21,24).
nocross(22,1).
nocross(22,2).
nocross(22,4).
nocross(22,5).
nocross(22,6).
nocross(22,8).
nocross(22,9).
nocross(22,10).
nocross(22,12).
nocross(22,13).
nocross(22,14).
nocross(22,16).
nocross(22,17).
nocross(22,18).
nocross(22,23).
nocross(22,25).
nocross(22,26).
nocross(23,2).
nocross(23,5).
nocross(23,6).
nocross(23,8).
nocross(23,13).
nocross(23,16).
nocross(23,17).
nocross(23,22).
nocross(23,26).
nocross(24,1).
nocross(24,3).
nocross(24,7).
nocross(24,9).
nocross(24,10).
nocross(24,11).
nocross(24,12).
nocross(24,14).
nocross(24,15).
nocross(24,19).
nocross(24,20).
nocross(24,21).
nocross(25,2).
nocross(25,4).
nocross(25,5).
nocross(25,6).
nocross(25,17).
nocross(25,18).
nocross(25,22).
nocross(25,26).
nocross(26,2).
nocross(26,4).
nocross(26,5).
nocross(26,6).
nocross(26,16).
nocross(26,17).
nocross(26,18).
nocross(26,22).
nocross(26,23).
nocross(26,25).
