dimension(26).
point(1, 31.9742499514, 25.2184017003).
point(2, 16.9070861277, 57.9847183813).
point(3, 75.5608038893, 57.3025900837).
point(4, 65.6563953289, 78.6904996086).
point(5, 19.703570888, 30.484588684).
point(6, 67.5734407513, 64.4224994651).
point(7, 38.237367202, 86.1321279454).
point(8, 74.7461412549, 36.2088153492).
point(9, 68.993023901, 51.2503153772).
point(10, 56.1095505944, 44.0117998149).
point(11, 47.0242989399, 86.6679109068).
point(12, 9.2798986563, 72.2340229033).
point(13, 31.1030721242, 44.3535269416).
point(14, 53.5582098893, 71.5081758477).
point(15, 12.8864641273, 71.9253277608).
point(16, 76.3826090378, 46.8257585555).
point(17, 2.8001805763, 46.9476734185).
point(18, 37.2086457261, 77.7140344708).
point(19, 23.405012525, 38.2836501293).
point(20, 33.5587549895, 36.3484869242).
point(21, 18.0587554323, 50.9475115031).
point(22, 25.8552833151, 32.8103196421).
point(23, 60.4274603838, 84.4652420402).
point(24, 15.1065154087, 23.7683245847).
point(25, 44.2014040514, 27.6272239142).
point(26, 75.5277567177, 29.6026462838).
cost(1, 2, 36).
cost(1, 3, 54).
cost(1, 4, 63).
cost(1, 5, 13).
cost(1, 6, 53).
cost(1, 7, 61).
cost(1, 8, 44).
cost(1, 9, 45).
cost(1, 10, 31).
cost(1, 11, 63).
cost(1, 12, 52).
cost(1, 13, 19).
cost(1, 14, 51).
cost(1, 15, 50).
cost(1, 16, 49).
cost(1, 17, 36).
cost(1, 18, 53).
cost(1, 19, 16).
cost(1, 20, 11).
cost(1, 21, 29).
cost(1, 22, 10).
cost(1, 23, 66).
cost(1, 24, 17).
cost(1, 25, 12).
cost(1, 26, 44).
cost(2, 1, 36).
cost(2, 3, 59).
cost(2, 4, 53).
cost(2, 5, 28).
cost(2, 6, 51).
cost(2, 7, 35).
cost(2, 8, 62).
cost(2, 9, 53).
cost(2, 10, 42).
cost(2, 11, 42).
cost(2, 12, 16).
cost(2, 13, 20).
cost(2, 14, 39).
cost(2, 15, 15).
cost(2, 16, 61).
cost(2, 17, 18).
cost(2, 18, 28).
cost(2, 19, 21).
cost(2, 20, 27).
cost(2, 21, 7).
cost(2, 22, 27).
cost(2, 23, 51).
cost(2, 24, 34).
cost(2, 25, 41).
cost(2, 26, 65).
cost(3, 1, 54).
cost(3, 2, 59).
cost(3, 4, 24).
cost(3, 5, 62).
cost(3, 6, 11).
cost(3, 7, 47).
cost(3, 8, 21).
cost(3, 9, 9).
cost(3, 10, 24).
cost(3, 11, 41).
cost(3, 12, 68).
cost(3, 13, 46).
cost(3, 14, 26).
cost(3, 15, 64).
cost(3, 16, 11).
cost(3, 17, 73).
cost(3, 18, 43).
cost(3, 19, 56).
cost(3, 20, 47).
cost(3, 21, 58).
cost(3, 22, 55).
cost(3, 23, 31).
cost(3, 24, 69).
cost(3, 25, 43).
cost(3, 26, 28).
cost(4, 1, 63).
cost(4, 2, 53).
cost(4, 3, 24).
cost(4, 5, 67).
cost(4, 6, 14).
cost(4, 7, 28).
cost(4, 8, 43).
cost(4, 9, 28).
cost(4, 10, 36).
cost(4, 11, 20).
cost(4, 12, 57).
cost(4, 13, 49).
cost(4, 14, 14).
cost(4, 15, 53).
cost(4, 16, 34).
cost(4, 17, 70).
cost(4, 18, 28).
cost(4, 19, 58).
cost(4, 20, 53).
cost(4, 21, 55).
cost(4, 22, 61).
cost(4, 23, 8).
cost(4, 24, 75).
cost(4, 25, 55).
cost(4, 26, 50).
cost(5, 1, 13).
cost(5, 2, 28).
cost(5, 3, 62).
cost(5, 4, 67).
cost(5, 6, 59).
cost(5, 7, 59).
cost(5, 8, 55).
cost(5, 9, 53).
cost(5, 10, 39).
cost(5, 11, 62).
cost(5, 12, 43).
cost(5, 13, 18).
cost(5, 14, 53).
cost(5, 15, 42).
cost(5, 16, 59).
cost(5, 17, 24).
cost(5, 18, 50).
cost(5, 19, 9).
cost(5, 20, 15).
cost(5, 21, 21).
cost(5, 22, 7).
cost(5, 23, 68).
cost(5, 24, 8).
cost(5, 25, 25).
cost(5, 26, 56).
cost(6, 1, 53).
cost(6, 2, 51).
cost(6, 3, 11).
cost(6, 4, 14).
cost(6, 5, 59).
cost(6, 7, 36).
cost(6, 8, 29).
cost(6, 9, 13).
cost(6, 10, 23).
cost(6, 11, 30).
cost(6, 12, 59).
cost(6, 13, 42).
cost(6, 14, 16).
cost(6, 15, 55).
cost(6, 16, 20).
cost(6, 17, 67).
cost(6, 18, 33).
cost(6, 19, 51).
cost(6, 20, 44).
cost(6, 21, 51).
cost(6, 22, 52).
cost(6, 23, 21).
cost(6, 24, 66).
cost(6, 25, 44).
cost(6, 26, 36).
cost(7, 1, 61).
cost(7, 2, 35).
cost(7, 3, 47).
cost(7, 4, 28).
cost(7, 5, 59).
cost(7, 6, 36).
cost(7, 8, 62).
cost(7, 9, 47).
cost(7, 10, 46).
cost(7, 11, 9).
cost(7, 12, 32).
cost(7, 13, 42).
cost(7, 14, 21).
cost(7, 15, 29).
cost(7, 16, 55).
cost(7, 17, 53).
cost(7, 18, 8).
cost(7, 19, 50).
cost(7, 20, 50).
cost(7, 21, 41).
cost(7, 22, 55).
cost(7, 23, 22).
cost(7, 24, 67).
cost(7, 25, 59).
cost(7, 26, 68).
cost(8, 1, 44).
cost(8, 2, 62).
cost(8, 3, 21).
cost(8, 4, 43).
cost(8, 5, 55).
cost(8, 6, 29).
cost(8, 7, 62).
cost(8, 9, 16).
cost(8, 10, 20).
cost(8, 11, 58).
cost(8, 12, 75).
cost(8, 13, 44).
cost(8, 14, 41).
cost(8, 15, 71).
cost(8, 16, 11).
cost(8, 17, 73).
cost(8, 18, 56).
cost(8, 19, 51).
cost(8, 20, 41).
cost(8, 21, 59).
cost(8, 22, 49).
cost(8, 23, 50).
cost(8, 24, 61).
cost(8, 25, 32).
cost(8, 26, 7).
cost(9, 1, 45).
cost(9, 2, 53).
cost(9, 3, 9).
cost(9, 4, 28).
cost(9, 5, 53).
cost(9, 6, 13).
cost(9, 7, 47).
cost(9, 8, 16).
cost(9, 10, 15).
cost(9, 11, 42).
cost(9, 12, 63).
cost(9, 13, 39).
cost(9, 14, 25).
cost(9, 15, 60).
cost(9, 16, 9).
cost(9, 17, 66).
cost(9, 18, 41).
cost(9, 19, 47).
cost(9, 20, 38).
cost(9, 21, 51).
cost(9, 22, 47).
cost(9, 23, 34).
cost(9, 24, 60).
cost(9, 25, 34).
cost(9, 26, 23).
cost(10, 1, 31).
cost(10, 2, 42).
cost(10, 3, 24).
cost(10, 4, 36).
cost(10, 5, 39).
cost(10, 6, 23).
cost(10, 7, 46).
cost(10, 8, 20).
cost(10, 9, 15).
cost(10, 11, 44).
cost(10, 12, 55).
cost(10, 13, 25).
cost(10, 14, 28).
cost(10, 15, 51).
cost(10, 16, 20).
cost(10, 17, 53).
cost(10, 18, 39).
cost(10, 19, 33).
cost(10, 20, 24).
cost(10, 21, 39).
cost(10, 22, 32).
cost(10, 23, 41).
cost(10, 24, 46).
cost(10, 25, 20).
cost(10, 26, 24).
cost(11, 1, 63).
cost(11, 2, 42).
cost(11, 3, 41).
cost(11, 4, 20).
cost(11, 5, 62).
cost(11, 6, 30).
cost(11, 7, 9).
cost(11, 8, 58).
cost(11, 9, 42).
cost(11, 10, 44).
cost(11, 12, 40).
cost(11, 13, 45).
cost(11, 14, 17).
cost(11, 15, 37).
cost(11, 16, 49).
cost(11, 17, 59).
cost(11, 18, 13).
cost(11, 19, 54).
cost(11, 20, 52).
cost(11, 21, 46).
cost(11, 22, 58).
cost(11, 23, 14).
cost(11, 24, 71).
cost(11, 25, 59).
cost(11, 26, 64).
cost(12, 1, 52).
cost(12, 2, 16).
cost(12, 3, 68).
cost(12, 4, 57).
cost(12, 5, 43).
cost(12, 6, 59).
cost(12, 7, 32).
cost(12, 8, 75).
cost(12, 9, 63).
cost(12, 10, 55).
cost(12, 11, 40).
cost(12, 13, 35).
cost(12, 14, 44).
cost(12, 15, 4).
cost(12, 16, 72).
cost(12, 17, 26).
cost(12, 18, 28).
cost(12, 19, 37).
cost(12, 20, 43).
cost(12, 21, 23).
cost(12, 22, 43).
cost(12, 23, 53).
cost(12, 24, 49).
cost(12, 25, 57).
cost(12, 26, 79).
cost(13, 1, 19).
cost(13, 2, 20).
cost(13, 3, 46).
cost(13, 4, 49).
cost(13, 5, 18).
cost(13, 6, 42).
cost(13, 7, 42).
cost(13, 8, 44).
cost(13, 9, 39).
cost(13, 10, 25).
cost(13, 11, 45).
cost(13, 12, 35).
cost(13, 14, 35).
cost(13, 15, 33).
cost(13, 16, 45).
cost(13, 17, 28).
cost(13, 18, 34).
cost(13, 19, 10).
cost(13, 20, 8).
cost(13, 21, 15).
cost(13, 22, 13).
cost(13, 23, 50).
cost(13, 24, 26).
cost(13, 25, 21).
cost(13, 26, 47).
cost(14, 1, 51).
cost(14, 2, 39).
cost(14, 3, 26).
cost(14, 4, 14).
cost(14, 5, 53).
cost(14, 6, 16).
cost(14, 7, 21).
cost(14, 8, 41).
cost(14, 9, 25).
cost(14, 10, 28).
cost(14, 11, 17).
cost(14, 12, 44).
cost(14, 13, 35).
cost(14, 15, 41).
cost(14, 16, 34).
cost(14, 17, 56).
cost(14, 18, 17).
cost(14, 19, 45).
cost(14, 20, 40).
cost(14, 21, 41).
cost(14, 22, 48).
cost(14, 23, 15).
cost(14, 24, 61).
cost(14, 25, 45).
cost(14, 26, 47).
cost(15, 1, 50).
cost(15, 2, 15).
cost(15, 3, 64).
cost(15, 4, 53).
cost(15, 5, 42).
cost(15, 6, 55).
cost(15, 7, 29).
cost(15, 8, 71).
cost(15, 9, 60).
cost(15, 10, 51).
cost(15, 11, 37).
cost(15, 12, 4).
cost(15, 13, 33).
cost(15, 14, 41).
cost(15, 16, 68).
cost(15, 17, 27).
cost(15, 18, 25).
cost(15, 19, 35).
cost(15, 20, 41).
cost(15, 21, 22).
cost(15, 22, 41).
cost(15, 23, 49).
cost(15, 24, 48).
cost(15, 25, 54).
cost(15, 26, 76).
cost(16, 1, 49).
cost(16, 2, 61).
cost(16, 3, 11).
cost(16, 4, 34).
cost(16, 5, 59).
cost(16, 6, 20).
cost(16, 7, 55).
cost(16, 8, 11).
cost(16, 9, 9).
cost(16, 10, 20).
cost(16, 11, 49).
cost(16, 12, 72).
cost(16, 13, 45).
cost(16, 14, 34).
cost(16, 15, 68).
cost(16, 17, 74).
cost(16, 18, 50).
cost(16, 19, 54).
cost(16, 20, 44).
cost(16, 21, 58).
cost(16, 22, 52).
cost(16, 23, 41).
cost(16, 24, 65).
cost(16, 25, 37).
cost(16, 26, 17).
cost(17, 1, 36).
cost(17, 2, 18).
cost(17, 3, 73).
cost(17, 4, 70).
cost(17, 5, 24).
cost(17, 6, 67).
cost(17, 7, 53).
cost(17, 8, 73).
cost(17, 9, 66).
cost(17, 10, 53).
cost(17, 11, 59).
cost(17, 12, 26).
cost(17, 13, 28).
cost(17, 14, 56).
cost(17, 15, 27).
cost(17, 16, 74).
cost(17, 18, 46).
cost(17, 19, 22).
cost(17, 20, 33).
cost(17, 21, 16).
cost(17, 22, 27).
cost(17, 23, 69).
cost(17, 24, 26).
cost(17, 25, 46).
cost(17, 26, 75).
cost(18, 1, 53).
cost(18, 2, 28).
cost(18, 3, 43).
cost(18, 4, 28).
cost(18, 5, 50).
cost(18, 6, 33).
cost(18, 7, 8).
cost(18, 8, 56).
cost(18, 9, 41).
cost(18, 10, 39).
cost(18, 11, 13).
cost(18, 12, 28).
cost(18, 13, 34).
cost(18, 14, 17).
cost(18, 15, 25).
cost(18, 16, 50).
cost(18, 17, 46).
cost(18, 19, 42).
cost(18, 20, 42).
cost(18, 21, 33).
cost(18, 22, 46).
cost(18, 23, 24).
cost(18, 24, 58).
cost(18, 25, 51).
cost(18, 26, 62).
cost(19, 1, 16).
cost(19, 2, 21).
cost(19, 3, 56).
cost(19, 4, 58).
cost(19, 5, 9).
cost(19, 6, 51).
cost(19, 7, 50).
cost(19, 8, 51).
cost(19, 9, 47).
cost(19, 10, 33).
cost(19, 11, 54).
cost(19, 12, 37).
cost(19, 13, 10).
cost(19, 14, 45).
cost(19, 15, 35).
cost(19, 16, 54).
cost(19, 17, 22).
cost(19, 18, 42).
cost(19, 20, 10).
cost(19, 21, 14).
cost(19, 22, 6).
cost(19, 23, 59).
cost(19, 24, 17).
cost(19, 25, 23).
cost(19, 26, 53).
cost(20, 1, 11).
cost(20, 2, 27).
cost(20, 3, 47).
cost(20, 4, 53).
cost(20, 5, 15).
cost(20, 6, 44).
cost(20, 7, 50).
cost(20, 8, 41).
cost(20, 9, 38).
cost(20, 10, 24).
cost(20, 11, 52).
cost(20, 12, 43).
cost(20, 13, 8).
cost(20, 14, 40).
cost(20, 15, 41).
cost(20, 16, 44).
cost(20, 17, 33).
cost(20, 18, 42).
cost(20, 19, 10).
cost(20, 21, 21).
cost(20, 22, 8).
cost(20, 23, 55).
cost(20, 24, 22).
cost(20, 25, 14).
cost(20, 26, 43).
cost(21, 1, 29).
cost(21, 2, 7).
cost(21, 3, 58).
cost(21, 4, 55).
cost(21, 5, 21).
cost(21, 6, 51).
cost(21, 7, 41).
cost(21, 8, 59).
cost(21, 9, 51).
cost(21, 10, 39).
cost(21, 11, 46).
cost(21, 12, 23).
cost(21, 13, 15).
cost(21, 14, 41).
cost(21, 15, 22).
cost(21, 16, 58).
cost(21, 17, 16).
cost(21, 18, 33).
cost(21, 19, 14).
cost(21, 20, 21).
cost(21, 22, 20).
cost(21, 23, 54).
cost(21, 24, 27).
cost(21, 25, 35).
cost(21, 26, 61).
cost(22, 1, 10).
cost(22, 2, 27).
cost(22, 3, 55).
cost(22, 4, 61).
cost(22, 5, 7).
cost(22, 6, 52).
cost(22, 7, 55).
cost(22, 8, 49).
cost(22, 9, 47).
cost(22, 10, 32).
cost(22, 11, 58).
cost(22, 12, 43).
cost(22, 13, 13).
cost(22, 14, 48).
cost(22, 15, 41).
cost(22, 16, 52).
cost(22, 17, 27).
cost(22, 18, 46).
cost(22, 19, 6).
cost(22, 20, 8).
cost(22, 21, 20).
cost(22, 23, 62).
cost(22, 24, 14).
cost(22, 25, 19).
cost(22, 26, 50).
cost(23, 1, 66).
cost(23, 2, 51).
cost(23, 3, 31).
cost(23, 4, 8).
cost(23, 5, 68).
cost(23, 6, 21).
cost(23, 7, 22).
cost(23, 8, 50).
cost(23, 9, 34).
cost(23, 10, 41).
cost(23, 11, 14).
cost(23, 12, 53).
cost(23, 13, 50).
cost(23, 14, 15).
cost(23, 15, 49).
cost(23, 16, 41).
cost(23, 17, 69).
cost(23, 18, 24).
cost(23, 19, 59).
cost(23, 20, 55).
cost(23, 21, 54).
cost(23, 22, 62).
cost(23, 24, 76).
cost(23, 25, 59).
cost(23, 26, 57).
cost(24, 1, 17).
cost(24, 2, 34).
cost(24, 3, 69).
cost(24, 4, 75).
cost(24, 5, 8).
cost(24, 6, 66).
cost(24, 7, 67).
cost(24, 8, 61).
cost(24, 9, 60).
cost(24, 10, 46).
cost(24, 11, 71).
cost(24, 12, 49).
cost(24, 13, 26).
cost(24, 14, 61).
cost(24, 15, 48).
cost(24, 16, 65).
cost(24, 17, 26).
cost(24, 18, 58).
cost(24, 19, 17).
cost(24, 20, 22).
cost(24, 21, 27).
cost(24, 22, 14).
cost(24, 23, 76).
cost(24, 25, 29).
cost(24, 26, 61).
cost(25, 1, 12).
cost(25, 2, 41).
cost(25, 3, 43).
cost(25, 4, 55).
cost(25, 5, 25).
cost(25, 6, 44).
cost(25, 7, 59).
cost(25, 8, 32).
cost(25, 9, 34).
cost(25, 10, 20).
cost(25, 11, 59).
cost(25, 12, 57).
cost(25, 13, 21).
cost(25, 14, 45).
cost(25, 15, 54).
cost(25, 16, 37).
cost(25, 17, 46).
cost(25, 18, 51).
cost(25, 19, 23).
cost(25, 20, 14).
cost(25, 21, 35).
cost(25, 22, 19).
cost(25, 23, 59).
cost(25, 24, 29).
cost(25, 26, 31).
cost(26, 1, 44).
cost(26, 2, 65).
cost(26, 3, 28).
cost(26, 4, 50).
cost(26, 5, 56).
cost(26, 6, 36).
cost(26, 7, 68).
cost(26, 8, 7).
cost(26, 9, 23).
cost(26, 10, 24).
cost(26, 11, 64).
cost(26, 12, 79).
cost(26, 13, 47).
cost(26, 14, 47).
cost(26, 15, 76).
cost(26, 16, 17).
cost(26, 17, 75).
cost(26, 18, 62).
cost(26, 19, 53).
cost(26, 20, 43).
cost(26, 21, 61).
cost(26, 22, 50).
cost(26, 23, 57).
cost(26, 24, 61).
cost(26, 25, 31).
nocross(1,5).
nocross(1,13).
nocross(1,19).
nocross(1,20).
nocross(1,22).
nocross(1,24).
nocross(1,25).
nocross(1,26).
nocross(2,12).
nocross(2,13).
nocross(2,15).
nocross(2,17).
nocross(2,18).
nocross(2,19).
nocross(2,21).
nocross(3,4).
nocross(3,6).
nocross(3,8).
nocross(3,9).
nocross(3,10).
nocross(3,14).
nocross(3,16).
nocross(3,23).
nocross(3,26).
nocross(4,3).
nocross(4,6).
nocross(4,7).
nocross(4,9).
nocross(4,11).
nocross(4,14).
nocross(4,16).
nocross(4,18).
nocross(4,23).
nocross(5,1).
nocross(5,13).
nocross(5,19).
nocross(5,20).
nocross(5,21).
nocross(5,22).
nocross(5,24).
nocross(6,3).
nocross(6,4).
nocross(6,8).
nocross(6,9).
nocross(6,10).
nocross(6,11).
nocross(6,14).
nocross(6,16).
nocross(6,18).
nocross(6,23).
nocross(7,4).
nocross(7,11).
nocross(7,12).
nocross(7,14).
nocross(7,15).
nocross(7,18).
nocross(7,23).
nocross(8,3).
nocross(8,6).
nocross(8,9).
nocross(8,10).
nocross(8,16).
nocross(8,26).
nocross(9,3).
nocross(9,4).
nocross(9,6).
nocross(9,8).
nocross(9,10).
nocross(9,13).
nocross(9,14).
nocross(9,16).
nocross(9,23).
nocross(9,26).
nocross(10,3).
nocross(10,4).
nocross(10,6).
nocross(10,8).
nocross(10,9).
nocross(10,13).
nocross(10,14).
nocross(10,16).
nocross(10,18).
nocross(10,20).
nocross(10,23).
nocross(10,25).
nocross(10,26).
nocross(11,4).
nocross(11,6).
nocross(11,7).
nocross(11,12).
nocross(11,14).
nocross(11,15).
nocross(11,18).
nocross(11,23).
nocross(12,2).
nocross(12,7).
nocross(12,15).
nocross(12,17).
nocross(12,18).
nocross(13,2).
nocross(13,5).
nocross(13,10).
nocross(13,15).
nocross(13,18).
nocross(13,19).
nocross(13,20).
nocross(13,21).
nocross(13,22).
nocross(13,25).
nocross(14,3).
nocross(14,4).
nocross(14,6).
nocross(14,7).
nocross(14,9).
nocross(14,10).
nocross(14,11).
nocross(14,13).
nocross(14,15).
nocross(14,18).
nocross(14,23).
nocross(15,2).
nocross(15,7).
nocross(15,12).
nocross(15,18).
nocross(15,21).
nocross(16,3).
nocross(16,4).
nocross(16,6).
nocross(16,8).
nocross(16,9).
nocross(16,10).
nocross(16,26).
nocross(17,2).
nocross(17,5).
nocross(17,12).
nocross(17,13).
nocross(17,15).
nocross(17,19).
nocross(17,21).
nocross(17,22).
nocross(17,24).
nocross(18,2).
nocross(18,4).
nocross(18,6).
nocross(18,7).
nocross(18,11).
nocross(18,12).
nocross(18,14).
nocross(18,15).
nocross(18,23).
nocross(19,5).
nocross(19,12).
nocross(19,13).
nocross(19,17).
nocross(19,20).
nocross(19,21).
nocross(19,22).
nocross(20,1).
nocross(20,5).
nocross(20,10).
nocross(20,13).
nocross(20,19).
nocross(20,22).
nocross(20,25).
nocross(20,26).
nocross(21,2).
nocross(21,12).
nocross(21,13).
nocross(21,15).
nocross(21,17).
nocross(21,19).
nocross(21,20).
nocross(22,1).
nocross(22,5).
nocross(22,13).
nocross(22,19).
nocross(22,20).
nocross(23,3).
nocross(23,4).
nocross(23,6).
nocross(23,7).
nocross(23,11).
nocross(23,14).
nocross(23,18).
nocross(24,1).
nocross(24,5).
nocross(24,19).
nocross(24,22).
nocross(25,1).
nocross(25,5).
nocross(25,8).
nocross(25,10).
nocross(25,13).
nocross(25,19).
nocross(25,20).
nocross(25,22).
nocross(25,26).
nocross(26,8).
nocross(26,9).
nocross(26,10).
nocross(26,16).
nocross(26,25).
