dimension(26).
point(1, 30.7678688267, 44.2380480202).
point(2, 67.5659489582, 96.0042271153).
point(3, 77.2257835874, 51.2999755179).
point(4, 39.9881641473, 96.8827913853).
point(5, 27.0573375777, 47.4990892802).
point(6, 59.9362195604, 27.1982854953).
point(7, 47.6741412811, 32.6958575983).
point(8, 67.3882725598, 26.6137982716).
point(9, 80.6041086524, 40.4947129561).
point(10, 26.0694314948, 50.8001097155).
point(11, 32.8180646913, 60.1831064827).
point(12, 54.4298367415, 70.7704094449).
point(13, 38.2582469309, 41.3115739681).
point(14, 53.2427607112, 44.1965861512).
point(15, 38.8382910878, 87.9988044353).
point(16, 27.7472162078, 29.3972073077).
point(17, 50.0669382532, 85.4056266941).
point(18, 76.3727589216, 70.9078421468).
point(19, 57.9489497987, 93.891868342).
point(20, 76.0236303621, 67.2660775057).
point(21, 78.0009503184, 84.9881745183).
point(22, 63.0520391197, 25.8076914278).
point(23, 30.8085790468, 84.7928996824).
point(24, 41.0478851938, 74.9920227355).
point(25, 29.3721122815, 40.8568437641).
point(26, 48.1677892065, 54.9134592287).
cost(1, 2, 64).
cost(1, 3, 47).
cost(1, 4, 53).
cost(1, 5, 5).
cost(1, 6, 34).
cost(1, 7, 20).
cost(1, 8, 41).
cost(1, 9, 50).
cost(1, 10, 8).
cost(1, 11, 16).
cost(1, 12, 36).
cost(1, 13, 8).
cost(1, 14, 22).
cost(1, 15, 44).
cost(1, 16, 15).
cost(1, 17, 45).
cost(1, 18, 53).
cost(1, 19, 57).
cost(1, 20, 51).
cost(1, 21, 62).
cost(1, 22, 37).
cost(1, 23, 41).
cost(1, 24, 32).
cost(1, 25, 4).
cost(1, 26, 20).
cost(2, 1, 64).
cost(2, 3, 46).
cost(2, 4, 28).
cost(2, 5, 63).
cost(2, 6, 69).
cost(2, 7, 66).
cost(2, 8, 69).
cost(2, 9, 57).
cost(2, 10, 61).
cost(2, 11, 50).
cost(2, 12, 28).
cost(2, 13, 62).
cost(2, 14, 54).
cost(2, 15, 30).
cost(2, 16, 78).
cost(2, 17, 20).
cost(2, 18, 27).
cost(2, 19, 10).
cost(2, 20, 30).
cost(2, 21, 15).
cost(2, 22, 70).
cost(2, 23, 38).
cost(2, 24, 34).
cost(2, 25, 67).
cost(2, 26, 45).
cost(3, 1, 47).
cost(3, 2, 46).
cost(3, 4, 59).
cost(3, 5, 50).
cost(3, 6, 30).
cost(3, 7, 35).
cost(3, 8, 27).
cost(3, 9, 11).
cost(3, 10, 51).
cost(3, 11, 45).
cost(3, 12, 30).
cost(3, 13, 40).
cost(3, 14, 25).
cost(3, 15, 53).
cost(3, 16, 54).
cost(3, 17, 44).
cost(3, 18, 20).
cost(3, 19, 47).
cost(3, 20, 16).
cost(3, 21, 34).
cost(3, 22, 29).
cost(3, 23, 57).
cost(3, 24, 43).
cost(3, 25, 49).
cost(3, 26, 29).
cost(4, 1, 53).
cost(4, 2, 28).
cost(4, 3, 59).
cost(4, 5, 51).
cost(4, 6, 72).
cost(4, 7, 65).
cost(4, 8, 75).
cost(4, 9, 69).
cost(4, 10, 48).
cost(4, 11, 37).
cost(4, 12, 30).
cost(4, 13, 56).
cost(4, 14, 54).
cost(4, 15, 9).
cost(4, 16, 69).
cost(4, 17, 15).
cost(4, 18, 45).
cost(4, 19, 18).
cost(4, 20, 47).
cost(4, 21, 40).
cost(4, 22, 75).
cost(4, 23, 15).
cost(4, 24, 22).
cost(4, 25, 57).
cost(4, 26, 43).
cost(5, 1, 5).
cost(5, 2, 63).
cost(5, 3, 50).
cost(5, 4, 51).
cost(5, 6, 39).
cost(5, 7, 25).
cost(5, 8, 45).
cost(5, 9, 54).
cost(5, 10, 3).
cost(5, 11, 14).
cost(5, 12, 36).
cost(5, 13, 13).
cost(5, 14, 26).
cost(5, 15, 42).
cost(5, 16, 18).
cost(5, 17, 44).
cost(5, 18, 55).
cost(5, 19, 56).
cost(5, 20, 53).
cost(5, 21, 63).
cost(5, 22, 42).
cost(5, 23, 37).
cost(5, 24, 31).
cost(5, 25, 7).
cost(5, 26, 22).
cost(6, 1, 34).
cost(6, 2, 69).
cost(6, 3, 30).
cost(6, 4, 72).
cost(6, 5, 39).
cost(6, 7, 13).
cost(6, 8, 7).
cost(6, 9, 25).
cost(6, 10, 41).
cost(6, 11, 43).
cost(6, 12, 44).
cost(6, 13, 26).
cost(6, 14, 18).
cost(6, 15, 64).
cost(6, 16, 32).
cost(6, 17, 59).
cost(6, 18, 47).
cost(6, 19, 67).
cost(6, 20, 43).
cost(6, 21, 61).
cost(6, 22, 3).
cost(6, 23, 65).
cost(6, 24, 51).
cost(6, 25, 33).
cost(6, 26, 30).
cost(7, 1, 20).
cost(7, 2, 66).
cost(7, 3, 35).
cost(7, 4, 65).
cost(7, 5, 25).
cost(7, 6, 13).
cost(7, 8, 21).
cost(7, 9, 34).
cost(7, 10, 28).
cost(7, 11, 31).
cost(7, 12, 39).
cost(7, 13, 13).
cost(7, 14, 13).
cost(7, 15, 56).
cost(7, 16, 20).
cost(7, 17, 53).
cost(7, 18, 48).
cost(7, 19, 62).
cost(7, 20, 45).
cost(7, 21, 60).
cost(7, 22, 17).
cost(7, 23, 55).
cost(7, 24, 43).
cost(7, 25, 20).
cost(7, 26, 22).
cost(8, 1, 41).
cost(8, 2, 69).
cost(8, 3, 27).
cost(8, 4, 75).
cost(8, 5, 45).
cost(8, 6, 7).
cost(8, 7, 21).
cost(8, 9, 19).
cost(8, 10, 48).
cost(8, 11, 48).
cost(8, 12, 46).
cost(8, 13, 33).
cost(8, 14, 23).
cost(8, 15, 68).
cost(8, 16, 40).
cost(8, 17, 61).
cost(8, 18, 45).
cost(8, 19, 68).
cost(8, 20, 42).
cost(8, 21, 59).
cost(8, 22, 4).
cost(8, 23, 69).
cost(8, 24, 55).
cost(8, 25, 41).
cost(8, 26, 34).
cost(9, 1, 50).
cost(9, 2, 57).
cost(9, 3, 11).
cost(9, 4, 69).
cost(9, 5, 54).
cost(9, 6, 25).
cost(9, 7, 34).
cost(9, 8, 19).
cost(9, 10, 55).
cost(9, 11, 52).
cost(9, 12, 40).
cost(9, 13, 42).
cost(9, 14, 28).
cost(9, 15, 63).
cost(9, 16, 54).
cost(9, 17, 54).
cost(9, 18, 31).
cost(9, 19, 58).
cost(9, 20, 27).
cost(9, 21, 45).
cost(9, 22, 23).
cost(9, 23, 67).
cost(9, 24, 52).
cost(9, 25, 51).
cost(9, 26, 35).
cost(10, 1, 8).
cost(10, 2, 61).
cost(10, 3, 51).
cost(10, 4, 48).
cost(10, 5, 3).
cost(10, 6, 41).
cost(10, 7, 28).
cost(10, 8, 48).
cost(10, 9, 55).
cost(10, 11, 12).
cost(10, 12, 35).
cost(10, 13, 15).
cost(10, 14, 28).
cost(10, 15, 39).
cost(10, 16, 21).
cost(10, 17, 42).
cost(10, 18, 54).
cost(10, 19, 54).
cost(10, 20, 53).
cost(10, 21, 62).
cost(10, 22, 45).
cost(10, 23, 34).
cost(10, 24, 28).
cost(10, 25, 10).
cost(10, 26, 22).
cost(11, 1, 16).
cost(11, 2, 50).
cost(11, 3, 45).
cost(11, 4, 37).
cost(11, 5, 14).
cost(11, 6, 43).
cost(11, 7, 31).
cost(11, 8, 48).
cost(11, 9, 52).
cost(11, 10, 12).
cost(11, 12, 24).
cost(11, 13, 20).
cost(11, 14, 26).
cost(11, 15, 28).
cost(11, 16, 31).
cost(11, 17, 31).
cost(11, 18, 45).
cost(11, 19, 42).
cost(11, 20, 44).
cost(11, 21, 52).
cost(11, 22, 46).
cost(11, 23, 25).
cost(11, 24, 17).
cost(11, 25, 20).
cost(11, 26, 16).
cost(12, 1, 36).
cost(12, 2, 28).
cost(12, 3, 30).
cost(12, 4, 30).
cost(12, 5, 36).
cost(12, 6, 44).
cost(12, 7, 39).
cost(12, 8, 46).
cost(12, 9, 40).
cost(12, 10, 35).
cost(12, 11, 24).
cost(12, 13, 34).
cost(12, 14, 27).
cost(12, 15, 23).
cost(12, 16, 49).
cost(12, 17, 15).
cost(12, 18, 22).
cost(12, 19, 23).
cost(12, 20, 22).
cost(12, 21, 28).
cost(12, 22, 46).
cost(12, 23, 27).
cost(12, 24, 14).
cost(12, 25, 39).
cost(12, 26, 17).
cost(13, 1, 8).
cost(13, 2, 62).
cost(13, 3, 40).
cost(13, 4, 56).
cost(13, 5, 13).
cost(13, 6, 26).
cost(13, 7, 13).
cost(13, 8, 33).
cost(13, 9, 42).
cost(13, 10, 15).
cost(13, 11, 20).
cost(13, 12, 34).
cost(13, 14, 15).
cost(13, 15, 47).
cost(13, 16, 16).
cost(13, 17, 46).
cost(13, 18, 48).
cost(13, 19, 56).
cost(13, 20, 46).
cost(13, 21, 59).
cost(13, 22, 29).
cost(13, 23, 44).
cost(13, 24, 34).
cost(13, 25, 9).
cost(13, 26, 17).
cost(14, 1, 22).
cost(14, 2, 54).
cost(14, 3, 25).
cost(14, 4, 54).
cost(14, 5, 26).
cost(14, 6, 18).
cost(14, 7, 13).
cost(14, 8, 23).
cost(14, 9, 28).
cost(14, 10, 28).
cost(14, 11, 26).
cost(14, 12, 27).
cost(14, 13, 15).
cost(14, 15, 46).
cost(14, 16, 29).
cost(14, 17, 41).
cost(14, 18, 35).
cost(14, 19, 50).
cost(14, 20, 32).
cost(14, 21, 48).
cost(14, 22, 21).
cost(14, 23, 46).
cost(14, 24, 33).
cost(14, 25, 24).
cost(14, 26, 12).
cost(15, 1, 44).
cost(15, 2, 30).
cost(15, 3, 53).
cost(15, 4, 9).
cost(15, 5, 42).
cost(15, 6, 64).
cost(15, 7, 56).
cost(15, 8, 68).
cost(15, 9, 63).
cost(15, 10, 39).
cost(15, 11, 28).
cost(15, 12, 23).
cost(15, 13, 47).
cost(15, 14, 46).
cost(15, 16, 60).
cost(15, 17, 12).
cost(15, 18, 41).
cost(15, 19, 20).
cost(15, 20, 43).
cost(15, 21, 39).
cost(15, 22, 67).
cost(15, 23, 9).
cost(15, 24, 13).
cost(15, 25, 48).
cost(15, 26, 34).
cost(16, 1, 15).
cost(16, 2, 78).
cost(16, 3, 54).
cost(16, 4, 69).
cost(16, 5, 18).
cost(16, 6, 32).
cost(16, 7, 20).
cost(16, 8, 40).
cost(16, 9, 54).
cost(16, 10, 21).
cost(16, 11, 31).
cost(16, 12, 49).
cost(16, 13, 16).
cost(16, 14, 29).
cost(16, 15, 60).
cost(16, 17, 60).
cost(16, 18, 64).
cost(16, 19, 71).
cost(16, 20, 61).
cost(16, 21, 75).
cost(16, 22, 35).
cost(16, 23, 55).
cost(16, 24, 47).
cost(16, 25, 12).
cost(16, 26, 33).
cost(17, 1, 45).
cost(17, 2, 20).
cost(17, 3, 44).
cost(17, 4, 15).
cost(17, 5, 44).
cost(17, 6, 59).
cost(17, 7, 53).
cost(17, 8, 61).
cost(17, 9, 54).
cost(17, 10, 42).
cost(17, 11, 31).
cost(17, 12, 15).
cost(17, 13, 46).
cost(17, 14, 41).
cost(17, 15, 12).
cost(17, 16, 60).
cost(17, 18, 30).
cost(17, 19, 12).
cost(17, 20, 32).
cost(17, 21, 28).
cost(17, 22, 61).
cost(17, 23, 19).
cost(17, 24, 14).
cost(17, 25, 49).
cost(17, 26, 31).
cost(18, 1, 53).
cost(18, 2, 27).
cost(18, 3, 20).
cost(18, 4, 45).
cost(18, 5, 55).
cost(18, 6, 47).
cost(18, 7, 48).
cost(18, 8, 45).
cost(18, 9, 31).
cost(18, 10, 54).
cost(18, 11, 45).
cost(18, 12, 22).
cost(18, 13, 48).
cost(18, 14, 35).
cost(18, 15, 41).
cost(18, 16, 64).
cost(18, 17, 30).
cost(18, 19, 29).
cost(18, 20, 4).
cost(18, 21, 14).
cost(18, 22, 47).
cost(18, 23, 48).
cost(18, 24, 36).
cost(18, 25, 56).
cost(18, 26, 32).
cost(19, 1, 57).
cost(19, 2, 10).
cost(19, 3, 47).
cost(19, 4, 18).
cost(19, 5, 56).
cost(19, 6, 67).
cost(19, 7, 62).
cost(19, 8, 68).
cost(19, 9, 58).
cost(19, 10, 54).
cost(19, 11, 42).
cost(19, 12, 23).
cost(19, 13, 56).
cost(19, 14, 50).
cost(19, 15, 20).
cost(19, 16, 71).
cost(19, 17, 12).
cost(19, 18, 29).
cost(19, 20, 32).
cost(19, 21, 22).
cost(19, 22, 68).
cost(19, 23, 29).
cost(19, 24, 25).
cost(19, 25, 60).
cost(19, 26, 40).
cost(20, 1, 51).
cost(20, 2, 30).
cost(20, 3, 16).
cost(20, 4, 47).
cost(20, 5, 53).
cost(20, 6, 43).
cost(20, 7, 45).
cost(20, 8, 42).
cost(20, 9, 27).
cost(20, 10, 53).
cost(20, 11, 44).
cost(20, 12, 22).
cost(20, 13, 46).
cost(20, 14, 32).
cost(20, 15, 43).
cost(20, 16, 61).
cost(20, 17, 32).
cost(20, 18, 4).
cost(20, 19, 32).
cost(20, 21, 18).
cost(20, 22, 43).
cost(20, 23, 48).
cost(20, 24, 36).
cost(20, 25, 54).
cost(20, 26, 30).
cost(21, 1, 62).
cost(21, 2, 15).
cost(21, 3, 34).
cost(21, 4, 40).
cost(21, 5, 63).
cost(21, 6, 61).
cost(21, 7, 60).
cost(21, 8, 59).
cost(21, 9, 45).
cost(21, 10, 62).
cost(21, 11, 52).
cost(21, 12, 28).
cost(21, 13, 59).
cost(21, 14, 48).
cost(21, 15, 39).
cost(21, 16, 75).
cost(21, 17, 28).
cost(21, 18, 14).
cost(21, 19, 22).
cost(21, 20, 18).
cost(21, 22, 61).
cost(21, 23, 47).
cost(21, 24, 38).
cost(21, 25, 66).
cost(21, 26, 42).
cost(22, 1, 37).
cost(22, 2, 70).
cost(22, 3, 29).
cost(22, 4, 75).
cost(22, 5, 42).
cost(22, 6, 3).
cost(22, 7, 17).
cost(22, 8, 4).
cost(22, 9, 23).
cost(22, 10, 45).
cost(22, 11, 46).
cost(22, 12, 46).
cost(22, 13, 29).
cost(22, 14, 21).
cost(22, 15, 67).
cost(22, 16, 35).
cost(22, 17, 61).
cost(22, 18, 47).
cost(22, 19, 68).
cost(22, 20, 43).
cost(22, 21, 61).
cost(22, 23, 67).
cost(22, 24, 54).
cost(22, 25, 37).
cost(22, 26, 33).
cost(23, 1, 41).
cost(23, 2, 38).
cost(23, 3, 57).
cost(23, 4, 15).
cost(23, 5, 37).
cost(23, 6, 65).
cost(23, 7, 55).
cost(23, 8, 69).
cost(23, 9, 67).
cost(23, 10, 34).
cost(23, 11, 25).
cost(23, 12, 27).
cost(23, 13, 44).
cost(23, 14, 46).
cost(23, 15, 9).
cost(23, 16, 55).
cost(23, 17, 19).
cost(23, 18, 48).
cost(23, 19, 29).
cost(23, 20, 48).
cost(23, 21, 47).
cost(23, 22, 67).
cost(23, 24, 14).
cost(23, 25, 44).
cost(23, 26, 35).
cost(24, 1, 32).
cost(24, 2, 34).
cost(24, 3, 43).
cost(24, 4, 22).
cost(24, 5, 31).
cost(24, 6, 51).
cost(24, 7, 43).
cost(24, 8, 55).
cost(24, 9, 52).
cost(24, 10, 28).
cost(24, 11, 17).
cost(24, 12, 14).
cost(24, 13, 34).
cost(24, 14, 33).
cost(24, 15, 13).
cost(24, 16, 47).
cost(24, 17, 14).
cost(24, 18, 36).
cost(24, 19, 25).
cost(24, 20, 36).
cost(24, 21, 38).
cost(24, 22, 54).
cost(24, 23, 14).
cost(24, 25, 36).
cost(24, 26, 21).
cost(25, 1, 4).
cost(25, 2, 67).
cost(25, 3, 49).
cost(25, 4, 57).
cost(25, 5, 7).
cost(25, 6, 33).
cost(25, 7, 20).
cost(25, 8, 41).
cost(25, 9, 51).
cost(25, 10, 10).
cost(25, 11, 20).
cost(25, 12, 39).
cost(25, 13, 9).
cost(25, 14, 24).
cost(25, 15, 48).
cost(25, 16, 12).
cost(25, 17, 49).
cost(25, 18, 56).
cost(25, 19, 60).
cost(25, 20, 54).
cost(25, 21, 66).
cost(25, 22, 37).
cost(25, 23, 44).
cost(25, 24, 36).
cost(25, 26, 23).
cost(26, 1, 20).
cost(26, 2, 45).
cost(26, 3, 29).
cost(26, 4, 43).
cost(26, 5, 22).
cost(26, 6, 30).
cost(26, 7, 22).
cost(26, 8, 34).
cost(26, 9, 35).
cost(26, 10, 22).
cost(26, 11, 16).
cost(26, 12, 17).
cost(26, 13, 17).
cost(26, 14, 12).
cost(26, 15, 34).
cost(26, 16, 33).
cost(26, 17, 31).
cost(26, 18, 32).
cost(26, 19, 40).
cost(26, 20, 30).
cost(26, 21, 42).
cost(26, 22, 33).
cost(26, 23, 35).
cost(26, 24, 21).
cost(26, 25, 23).
nocross(1,5).
nocross(1,10).
nocross(1,11).
nocross(1,13).
nocross(1,25).
nocross(2,4).
nocross(2,12).
nocross(2,17).
nocross(2,18).
nocross(2,19).
nocross(2,20).
nocross(2,21).
nocross(3,8).
nocross(3,9).
nocross(3,18).
nocross(3,20).
nocross(3,21).
nocross(4,2).
nocross(4,15).
nocross(4,17).
nocross(4,19).
nocross(4,23).
nocross(4,24).
nocross(5,1).
nocross(5,10).
nocross(5,11).
nocross(5,13).
nocross(5,25).
nocross(6,7).
nocross(6,8).
nocross(6,14).
nocross(6,22).
nocross(7,1).
nocross(7,6).
nocross(7,13).
nocross(7,14).
nocross(7,22).
nocross(7,26).
nocross(8,3).
nocross(8,6).
nocross(8,9).
nocross(8,14).
nocross(8,22).
nocross(9,3).
nocross(9,6).
nocross(9,8).
nocross(9,18).
nocross(9,20).
nocross(9,21).
nocross(9,22).
nocross(10,1).
nocross(10,5).
nocross(10,11).
nocross(10,23).
nocross(10,25).
nocross(11,1).
nocross(11,5).
nocross(11,10).
nocross(11,13).
nocross(11,15).
nocross(11,23).
nocross(11,24).
nocross(11,25).
nocross(11,26).
nocross(12,2).
nocross(12,3).
nocross(12,5).
nocross(12,8).
nocross(12,10).
nocross(12,14).
nocross(12,15).
nocross(12,17).
nocross(12,18).
nocross(12,19).
nocross(12,20).
nocross(12,21).
nocross(12,24).
nocross(12,25).
nocross(12,26).
nocross(13,1).
nocross(13,5).
nocross(13,6).
nocross(13,7).
nocross(13,11).
nocross(13,14).
nocross(13,22).
nocross(13,25).
nocross(13,26).
nocross(14,3).
nocross(14,6).
nocross(14,7).
nocross(14,8).
nocross(14,13).
nocross(14,18).
nocross(14,20).
nocross(14,22).
nocross(14,26).
nocross(15,2).
nocross(15,4).
nocross(15,17).
nocross(15,19).
nocross(15,23).
nocross(15,24).
nocross(16,1).
nocross(16,5).
nocross(16,7).
nocross(16,8).
nocross(16,10).
nocross(16,13).
nocross(16,22).
nocross(16,25).
nocross(17,2).
nocross(17,4).
nocross(17,12).
nocross(17,15).
nocross(17,18).
nocross(17,19).
nocross(17,21).
nocross(17,24).
nocross(18,2).
nocross(18,3).
nocross(18,9).
nocross(18,19).
nocross(18,20).
nocross(18,21).
nocross(19,2).
nocross(19,4).
nocross(19,12).
nocross(19,15).
nocross(19,17).
nocross(19,18).
nocross(19,20).
nocross(19,21).
nocross(19,24).
nocross(20,2).
nocross(20,3).
nocross(20,9).
nocross(20,12).
nocross(20,18).
nocross(20,19).
nocross(20,21).
nocross(21,2).
nocross(21,3).
nocross(21,9).
nocross(21,12).
nocross(21,17).
nocross(21,18).
nocross(21,19).
nocross(21,20).
nocross(22,6).
nocross(22,7).
nocross(22,8).
nocross(22,9).
nocross(22,14).
nocross(23,4).
nocross(23,10).
nocross(23,11).
nocross(23,15).
nocross(23,17).
nocross(23,24).
nocross(24,2).
nocross(24,4).
nocross(24,10).
nocross(24,11).
nocross(24,12).
nocross(24,15).
nocross(24,17).
nocross(24,19).
nocross(24,23).
nocross(24,26).
nocross(25,1).
nocross(25,5).
nocross(25,10).
nocross(25,13).
nocross(25,16).
nocross(26,1).
nocross(26,5).
nocross(26,6).
nocross(26,7).
nocross(26,10).
nocross(26,11).
nocross(26,12).
nocross(26,13).
nocross(26,14).
nocross(26,18).
nocross(26,20).
nocross(26,24).
nocross(26,25).
