dimension(26).
point(1, 56.1123602393, 72.8601314911).
point(2, 24.2986684464, 78.658825749).
point(3, 35.6252320813, 66.1657473719).
point(4, 23.6027029331, 50.0997003476).
point(5, 74.8844008266, 16.0033735726).
point(6, 27.820580031, 69.8939189804).
point(7, 9.287010465, 65.6160816841).
point(8, 66.2223630444, 59.5028103518).
point(9, 75.0941548102, 49.5906122316).
point(10, 14.344799951, 49.0191864437).
point(11, 38.2365837837, 26.652264933).
point(12, 42.7546376437, 71.4302750569).
point(13, 17.1396347232, 71.9411185792).
point(14, 64.7997246055, 32.1008692761).
point(15, 51.2347928206, 15.3710231143).
point(16, 27.1496929642, 44.3961000099).
point(17, 73.8985861479, 33.6933358054).
point(18, 61.0243624169, 16.2522139033).
point(19, 69.7837337542, 40.1854649928).
point(20, 10.817164019, 73.0600705799).
point(21, 76.7903550981, 61.2370673).
point(22, 73.4254667149, 28.6295627381).
point(23, 54.2148458813, 20.0581147997).
point(24, 35.6919953445, 69.9289178518).
point(25, 23.1280474527, 76.1841026081).
point(26, 60.7638826567, 45.4864888145).
cost(1, 2, 32).
cost(1, 3, 22).
cost(1, 4, 40).
cost(1, 5, 60).
cost(1, 6, 28).
cost(1, 7, 47).
cost(1, 8, 17).
cost(1, 9, 30).
cost(1, 10, 48).
cost(1, 11, 50).
cost(1, 12, 13).
cost(1, 13, 39).
cost(1, 14, 42).
cost(1, 15, 58).
cost(1, 16, 41).
cost(1, 17, 43).
cost(1, 18, 57).
cost(1, 19, 35).
cost(1, 20, 45).
cost(1, 21, 24).
cost(1, 22, 47).
cost(1, 23, 53).
cost(1, 24, 21).
cost(1, 25, 33).
cost(1, 26, 28).
cost(2, 1, 32).
cost(2, 3, 17).
cost(2, 4, 29).
cost(2, 5, 81).
cost(2, 6, 9).
cost(2, 7, 20).
cost(2, 8, 46).
cost(2, 9, 59).
cost(2, 10, 31).
cost(2, 11, 54).
cost(2, 12, 20).
cost(2, 13, 10).
cost(2, 14, 62).
cost(2, 15, 69).
cost(2, 16, 34).
cost(2, 17, 67).
cost(2, 18, 72).
cost(2, 19, 60).
cost(2, 20, 15).
cost(2, 21, 55).
cost(2, 22, 70).
cost(2, 23, 66).
cost(2, 24, 14).
cost(2, 25, 3).
cost(2, 26, 49).
cost(3, 1, 22).
cost(3, 2, 17).
cost(3, 4, 20).
cost(3, 5, 64).
cost(3, 6, 9).
cost(3, 7, 26).
cost(3, 8, 31).
cost(3, 9, 43).
cost(3, 10, 27).
cost(3, 11, 40).
cost(3, 12, 9).
cost(3, 13, 19).
cost(3, 14, 45).
cost(3, 15, 53).
cost(3, 16, 23).
cost(3, 17, 50).
cost(3, 18, 56).
cost(3, 19, 43).
cost(3, 20, 26).
cost(3, 21, 41).
cost(3, 22, 53).
cost(3, 23, 50).
cost(3, 24, 4).
cost(3, 25, 16).
cost(3, 26, 33).
cost(4, 1, 40).
cost(4, 2, 29).
cost(4, 3, 20).
cost(4, 5, 62).
cost(4, 6, 20).
cost(4, 7, 21).
cost(4, 8, 44).
cost(4, 9, 51).
cost(4, 10, 9).
cost(4, 11, 28).
cost(4, 12, 29).
cost(4, 13, 23).
cost(4, 14, 45).
cost(4, 15, 44).
cost(4, 16, 7).
cost(4, 17, 53).
cost(4, 18, 50).
cost(4, 19, 47).
cost(4, 20, 26).
cost(4, 21, 54).
cost(4, 22, 54).
cost(4, 23, 43).
cost(4, 24, 23).
cost(4, 25, 26).
cost(4, 26, 37).
cost(5, 1, 60).
cost(5, 2, 81).
cost(5, 3, 64).
cost(5, 4, 62).
cost(5, 6, 72).
cost(5, 7, 82).
cost(5, 8, 44).
cost(5, 9, 34).
cost(5, 10, 69).
cost(5, 11, 38).
cost(5, 12, 64).
cost(5, 13, 80).
cost(5, 14, 19).
cost(5, 15, 24).
cost(5, 16, 56).
cost(5, 17, 18).
cost(5, 18, 14).
cost(5, 19, 25).
cost(5, 20, 86).
cost(5, 21, 45).
cost(5, 22, 13).
cost(5, 23, 21).
cost(5, 24, 67).
cost(5, 25, 79).
cost(5, 26, 33).
cost(6, 1, 28).
cost(6, 2, 9).
cost(6, 3, 9).
cost(6, 4, 20).
cost(6, 5, 72).
cost(6, 7, 19).
cost(6, 8, 40).
cost(6, 9, 51).
cost(6, 10, 25).
cost(6, 11, 44).
cost(6, 12, 15).
cost(6, 13, 11).
cost(6, 14, 53).
cost(6, 15, 59).
cost(6, 16, 26).
cost(6, 17, 59).
cost(6, 18, 63).
cost(6, 19, 51).
cost(6, 20, 17).
cost(6, 21, 50).
cost(6, 22, 62).
cost(6, 23, 56).
cost(6, 24, 8).
cost(6, 25, 8).
cost(6, 26, 41).
cost(7, 1, 47).
cost(7, 2, 20).
cost(7, 3, 26).
cost(7, 4, 21).
cost(7, 5, 82).
cost(7, 6, 19).
cost(7, 8, 57).
cost(7, 9, 68).
cost(7, 10, 17).
cost(7, 11, 49).
cost(7, 12, 34).
cost(7, 13, 10).
cost(7, 14, 65).
cost(7, 15, 65).
cost(7, 16, 28).
cost(7, 17, 72).
cost(7, 18, 72).
cost(7, 19, 66).
cost(7, 20, 8).
cost(7, 21, 68).
cost(7, 22, 74).
cost(7, 23, 64).
cost(7, 24, 27).
cost(7, 25, 17).
cost(7, 26, 55).
cost(8, 1, 17).
cost(8, 2, 46).
cost(8, 3, 31).
cost(8, 4, 44).
cost(8, 5, 44).
cost(8, 6, 40).
cost(8, 7, 57).
cost(8, 9, 13).
cost(8, 10, 53).
cost(8, 11, 43).
cost(8, 12, 26).
cost(8, 13, 51).
cost(8, 14, 27).
cost(8, 15, 47).
cost(8, 16, 42).
cost(8, 17, 27).
cost(8, 18, 44).
cost(8, 19, 20).
cost(8, 20, 57).
cost(8, 21, 11).
cost(8, 22, 32).
cost(8, 23, 41).
cost(8, 24, 32).
cost(8, 25, 46).
cost(8, 26, 15).
cost(9, 1, 30).
cost(9, 2, 59).
cost(9, 3, 43).
cost(9, 4, 51).
cost(9, 5, 34).
cost(9, 6, 51).
cost(9, 7, 68).
cost(9, 8, 13).
cost(9, 10, 61).
cost(9, 11, 43).
cost(9, 12, 39).
cost(9, 13, 62).
cost(9, 14, 20).
cost(9, 15, 42).
cost(9, 16, 48).
cost(9, 17, 16).
cost(9, 18, 36).
cost(9, 19, 11).
cost(9, 20, 68).
cost(9, 21, 12).
cost(9, 22, 21).
cost(9, 23, 36).
cost(9, 24, 44).
cost(9, 25, 58).
cost(9, 26, 15).
cost(10, 1, 48).
cost(10, 2, 31).
cost(10, 3, 27).
cost(10, 4, 9).
cost(10, 5, 69).
cost(10, 6, 25).
cost(10, 7, 17).
cost(10, 8, 53).
cost(10, 9, 61).
cost(10, 11, 33).
cost(10, 12, 36).
cost(10, 13, 23).
cost(10, 14, 53).
cost(10, 15, 50).
cost(10, 16, 14).
cost(10, 17, 61).
cost(10, 18, 57).
cost(10, 19, 56).
cost(10, 20, 24).
cost(10, 21, 64).
cost(10, 22, 63).
cost(10, 23, 49).
cost(10, 24, 30).
cost(10, 25, 29).
cost(10, 26, 47).
cost(11, 1, 50).
cost(11, 2, 54).
cost(11, 3, 40).
cost(11, 4, 28).
cost(11, 5, 38).
cost(11, 6, 44).
cost(11, 7, 49).
cost(11, 8, 43).
cost(11, 9, 43).
cost(11, 10, 33).
cost(11, 12, 45).
cost(11, 13, 50).
cost(11, 14, 27).
cost(11, 15, 17).
cost(11, 16, 21).
cost(11, 17, 36).
cost(11, 18, 25).
cost(11, 19, 34).
cost(11, 20, 54).
cost(11, 21, 52).
cost(11, 22, 35).
cost(11, 23, 17).
cost(11, 24, 43).
cost(11, 25, 52).
cost(11, 26, 29).
cost(12, 1, 13).
cost(12, 2, 20).
cost(12, 3, 9).
cost(12, 4, 29).
cost(12, 5, 64).
cost(12, 6, 15).
cost(12, 7, 34).
cost(12, 8, 26).
cost(12, 9, 39).
cost(12, 10, 36).
cost(12, 11, 45).
cost(12, 13, 26).
cost(12, 14, 45).
cost(12, 15, 57).
cost(12, 16, 31).
cost(12, 17, 49).
cost(12, 18, 58).
cost(12, 19, 41).
cost(12, 20, 32).
cost(12, 21, 36).
cost(12, 22, 53).
cost(12, 23, 53).
cost(12, 24, 7).
cost(12, 25, 20).
cost(12, 26, 32).
cost(13, 1, 39).
cost(13, 2, 10).
cost(13, 3, 19).
cost(13, 4, 23).
cost(13, 5, 80).
cost(13, 6, 11).
cost(13, 7, 10).
cost(13, 8, 51).
cost(13, 9, 62).
cost(13, 10, 23).
cost(13, 11, 50).
cost(13, 12, 26).
cost(13, 14, 62).
cost(13, 15, 66).
cost(13, 16, 29).
cost(13, 17, 68).
cost(13, 18, 71).
cost(13, 19, 61).
cost(13, 20, 6).
cost(13, 21, 61).
cost(13, 22, 71).
cost(13, 23, 64).
cost(13, 24, 19).
cost(13, 25, 7).
cost(13, 26, 51).
cost(14, 1, 42).
cost(14, 2, 62).
cost(14, 3, 45).
cost(14, 4, 45).
cost(14, 5, 19).
cost(14, 6, 53).
cost(14, 7, 65).
cost(14, 8, 27).
cost(14, 9, 20).
cost(14, 10, 53).
cost(14, 11, 27).
cost(14, 12, 45).
cost(14, 13, 62).
cost(14, 15, 22).
cost(14, 16, 40).
cost(14, 17, 9).
cost(14, 18, 16).
cost(14, 19, 9).
cost(14, 20, 68).
cost(14, 21, 32).
cost(14, 22, 9).
cost(14, 23, 16).
cost(14, 24, 48).
cost(14, 25, 61).
cost(14, 26, 14).
cost(15, 1, 58).
cost(15, 2, 69).
cost(15, 3, 53).
cost(15, 4, 44).
cost(15, 5, 24).
cost(15, 6, 59).
cost(15, 7, 65).
cost(15, 8, 47).
cost(15, 9, 42).
cost(15, 10, 50).
cost(15, 11, 17).
cost(15, 12, 57).
cost(15, 13, 66).
cost(15, 14, 22).
cost(15, 16, 38).
cost(15, 17, 29).
cost(15, 18, 10).
cost(15, 19, 31).
cost(15, 20, 70).
cost(15, 21, 53).
cost(15, 22, 26).
cost(15, 23, 6).
cost(15, 24, 57).
cost(15, 25, 67).
cost(15, 26, 32).
cost(16, 1, 41).
cost(16, 2, 34).
cost(16, 3, 23).
cost(16, 4, 7).
cost(16, 5, 56).
cost(16, 6, 26).
cost(16, 7, 28).
cost(16, 8, 42).
cost(16, 9, 48).
cost(16, 10, 14).
cost(16, 11, 21).
cost(16, 12, 31).
cost(16, 13, 29).
cost(16, 14, 40).
cost(16, 15, 38).
cost(16, 17, 48).
cost(16, 18, 44).
cost(16, 19, 43).
cost(16, 20, 33).
cost(16, 21, 52).
cost(16, 22, 49).
cost(16, 23, 36).
cost(16, 24, 27).
cost(16, 25, 32).
cost(16, 26, 34).
cost(17, 1, 43).
cost(17, 2, 67).
cost(17, 3, 50).
cost(17, 4, 53).
cost(17, 5, 18).
cost(17, 6, 59).
cost(17, 7, 72).
cost(17, 8, 27).
cost(17, 9, 16).
cost(17, 10, 61).
cost(17, 11, 36).
cost(17, 12, 49).
cost(17, 13, 68).
cost(17, 14, 9).
cost(17, 15, 29).
cost(17, 16, 48).
cost(17, 18, 22).
cost(17, 19, 8).
cost(17, 20, 74).
cost(17, 21, 28).
cost(17, 22, 5).
cost(17, 23, 24).
cost(17, 24, 53).
cost(17, 25, 66).
cost(17, 26, 18).
cost(18, 1, 57).
cost(18, 2, 72).
cost(18, 3, 56).
cost(18, 4, 50).
cost(18, 5, 14).
cost(18, 6, 63).
cost(18, 7, 72).
cost(18, 8, 44).
cost(18, 9, 36).
cost(18, 10, 57).
cost(18, 11, 25).
cost(18, 12, 58).
cost(18, 13, 71).
cost(18, 14, 16).
cost(18, 15, 10).
cost(18, 16, 44).
cost(18, 17, 22).
cost(18, 19, 25).
cost(18, 20, 76).
cost(18, 21, 48).
cost(18, 22, 18).
cost(18, 23, 8).
cost(18, 24, 59).
cost(18, 25, 71).
cost(18, 26, 29).
cost(19, 1, 35).
cost(19, 2, 60).
cost(19, 3, 43).
cost(19, 4, 47).
cost(19, 5, 25).
cost(19, 6, 51).
cost(19, 7, 66).
cost(19, 8, 20).
cost(19, 9, 11).
cost(19, 10, 56).
cost(19, 11, 34).
cost(19, 12, 41).
cost(19, 13, 61).
cost(19, 14, 9).
cost(19, 15, 31).
cost(19, 16, 43).
cost(19, 17, 8).
cost(19, 18, 25).
cost(19, 20, 68).
cost(19, 21, 22).
cost(19, 22, 12).
cost(19, 23, 25).
cost(19, 24, 45).
cost(19, 25, 59).
cost(19, 26, 10).
cost(20, 1, 45).
cost(20, 2, 15).
cost(20, 3, 26).
cost(20, 4, 26).
cost(20, 5, 86).
cost(20, 6, 17).
cost(20, 7, 8).
cost(20, 8, 57).
cost(20, 9, 68).
cost(20, 10, 24).
cost(20, 11, 54).
cost(20, 12, 32).
cost(20, 13, 6).
cost(20, 14, 68).
cost(20, 15, 70).
cost(20, 16, 33).
cost(20, 17, 74).
cost(20, 18, 76).
cost(20, 19, 68).
cost(20, 21, 67).
cost(20, 22, 77).
cost(20, 23, 69).
cost(20, 24, 25).
cost(20, 25, 13).
cost(20, 26, 57).
cost(21, 1, 24).
cost(21, 2, 55).
cost(21, 3, 41).
cost(21, 4, 54).
cost(21, 5, 45).
cost(21, 6, 50).
cost(21, 7, 68).
cost(21, 8, 11).
cost(21, 9, 12).
cost(21, 10, 64).
cost(21, 11, 52).
cost(21, 12, 36).
cost(21, 13, 61).
cost(21, 14, 32).
cost(21, 15, 53).
cost(21, 16, 52).
cost(21, 17, 28).
cost(21, 18, 48).
cost(21, 19, 22).
cost(21, 20, 67).
cost(21, 22, 33).
cost(21, 23, 47).
cost(21, 24, 42).
cost(21, 25, 56).
cost(21, 26, 22).
cost(22, 1, 47).
cost(22, 2, 70).
cost(22, 3, 53).
cost(22, 4, 54).
cost(22, 5, 13).
cost(22, 6, 62).
cost(22, 7, 74).
cost(22, 8, 32).
cost(22, 9, 21).
cost(22, 10, 63).
cost(22, 11, 35).
cost(22, 12, 53).
cost(22, 13, 71).
cost(22, 14, 9).
cost(22, 15, 26).
cost(22, 16, 49).
cost(22, 17, 5).
cost(22, 18, 18).
cost(22, 19, 12).
cost(22, 20, 77).
cost(22, 21, 33).
cost(22, 23, 21).
cost(22, 24, 56).
cost(22, 25, 69).
cost(22, 26, 21).
cost(23, 1, 53).
cost(23, 2, 66).
cost(23, 3, 50).
cost(23, 4, 43).
cost(23, 5, 21).
cost(23, 6, 56).
cost(23, 7, 64).
cost(23, 8, 41).
cost(23, 9, 36).
cost(23, 10, 49).
cost(23, 11, 17).
cost(23, 12, 53).
cost(23, 13, 64).
cost(23, 14, 16).
cost(23, 15, 6).
cost(23, 16, 36).
cost(23, 17, 24).
cost(23, 18, 8).
cost(23, 19, 25).
cost(23, 20, 69).
cost(23, 21, 47).
cost(23, 22, 21).
cost(23, 24, 53).
cost(23, 25, 64).
cost(23, 26, 26).
cost(24, 1, 21).
cost(24, 2, 14).
cost(24, 3, 4).
cost(24, 4, 23).
cost(24, 5, 67).
cost(24, 6, 8).
cost(24, 7, 27).
cost(24, 8, 32).
cost(24, 9, 44).
cost(24, 10, 30).
cost(24, 11, 43).
cost(24, 12, 7).
cost(24, 13, 19).
cost(24, 14, 48).
cost(24, 15, 57).
cost(24, 16, 27).
cost(24, 17, 53).
cost(24, 18, 59).
cost(24, 19, 45).
cost(24, 20, 25).
cost(24, 21, 42).
cost(24, 22, 56).
cost(24, 23, 53).
cost(24, 25, 14).
cost(24, 26, 35).
cost(25, 1, 33).
cost(25, 2, 3).
cost(25, 3, 16).
cost(25, 4, 26).
cost(25, 5, 79).
cost(25, 6, 8).
cost(25, 7, 17).
cost(25, 8, 46).
cost(25, 9, 58).
cost(25, 10, 29).
cost(25, 11, 52).
cost(25, 12, 20).
cost(25, 13, 7).
cost(25, 14, 61).
cost(25, 15, 67).
cost(25, 16, 32).
cost(25, 17, 66).
cost(25, 18, 71).
cost(25, 19, 59).
cost(25, 20, 13).
cost(25, 21, 56).
cost(25, 22, 69).
cost(25, 23, 64).
cost(25, 24, 14).
cost(25, 26, 49).
cost(26, 1, 28).
cost(26, 2, 49).
cost(26, 3, 33).
cost(26, 4, 37).
cost(26, 5, 33).
cost(26, 6, 41).
cost(26, 7, 55).
cost(26, 8, 15).
cost(26, 9, 15).
cost(26, 10, 47).
cost(26, 11, 29).
cost(26, 12, 32).
cost(26, 13, 51).
cost(26, 14, 14).
cost(26, 15, 32).
cost(26, 16, 34).
cost(26, 17, 18).
cost(26, 18, 29).
cost(26, 19, 10).
cost(26, 20, 57).
cost(26, 21, 22).
cost(26, 22, 21).
cost(26, 23, 26).
cost(26, 24, 35).
cost(26, 25, 49).
nocross(1,2).
nocross(1,3).
nocross(1,6).
nocross(1,8).
nocross(1,12).
nocross(1,16).
nocross(1,21).
nocross(1,24).
nocross(1,25).
nocross(1,26).
nocross(2,3).
nocross(2,4).
nocross(2,6).
nocross(2,7).
nocross(2,12).
nocross(2,13).
nocross(2,20).
nocross(2,24).
nocross(2,25).
nocross(3,2).
nocross(3,4).
nocross(3,6).
nocross(3,7).
nocross(3,10).
nocross(3,12).
nocross(3,13).
nocross(3,16).
nocross(3,24).
nocross(3,25).
nocross(4,3).
nocross(4,6).
nocross(4,7).
nocross(4,10).
nocross(4,13).
nocross(4,16).
nocross(4,20).
nocross(4,24).
nocross(4,25).
nocross(5,14).
nocross(5,15).
nocross(5,17).
nocross(5,18).
nocross(5,19).
nocross(5,22).
nocross(5,23).
nocross(6,1).
nocross(6,2).
nocross(6,3).
nocross(6,4).
nocross(6,7).
nocross(6,10).
nocross(6,12).
nocross(6,13).
nocross(6,16).
nocross(6,20).
nocross(6,24).
nocross(6,25).
nocross(7,2).
nocross(7,3).
nocross(7,4).
nocross(7,6).
nocross(7,10).
nocross(7,13).
nocross(7,16).
nocross(7,20).
nocross(7,24).
nocross(7,25).
nocross(8,1).
nocross(8,3).
nocross(8,9).
nocross(8,12).
nocross(8,14).
nocross(8,16).
nocross(8,17).
nocross(8,19).
nocross(8,21).
nocross(8,24).
nocross(8,26).
nocross(9,1).
nocross(9,8).
nocross(9,14).
nocross(9,17).
nocross(9,19).
nocross(9,21).
nocross(9,22).
nocross(9,26).
nocross(10,3).
nocross(10,4).
nocross(10,6).
nocross(10,7).
nocross(10,11).
nocross(10,13).
nocross(10,16).
nocross(10,20).
nocross(10,24).
nocross(10,25).
nocross(11,4).
nocross(11,10).
nocross(11,14).
nocross(11,15).
nocross(11,16).
nocross(11,18).
nocross(11,23).
nocross(11,26).
nocross(12,1).
nocross(12,2).
nocross(12,3).
nocross(12,4).
nocross(12,6).
nocross(12,8).
nocross(12,13).
nocross(12,16).
nocross(12,24).
nocross(12,25).
nocross(13,2).
nocross(13,3).
nocross(13,4).
nocross(13,6).
nocross(13,7).
nocross(13,10).
nocross(13,12).
nocross(13,16).
nocross(13,20).
nocross(13,24).
nocross(13,25).
nocross(14,5).
nocross(14,9).
nocross(14,11).
nocross(14,15).
nocross(14,17).
nocross(14,18).
nocross(14,19).
nocross(14,22).
nocross(14,23).
nocross(14,26).
nocross(15,5).
nocross(15,11).
nocross(15,14).
nocross(15,17).
nocross(15,18).
nocross(15,22).
nocross(15,23).
nocross(16,3).
nocross(16,4).
nocross(16,7).
nocross(16,10).
nocross(16,11).
nocross(16,13).
nocross(16,15).
nocross(17,5).
nocross(17,9).
nocross(17,14).
nocross(17,15).
nocross(17,18).
nocross(17,19).
nocross(17,21).
nocross(17,22).
nocross(17,23).
nocross(17,26).
nocross(18,5).
nocross(18,11).
nocross(18,14).
nocross(18,15).
nocross(18,17).
nocross(18,19).
nocross(18,22).
nocross(18,23).
nocross(19,8).
nocross(19,9).
nocross(19,14).
nocross(19,17).
nocross(19,18).
nocross(19,22).
nocross(19,23).
nocross(19,26).
nocross(20,2).
nocross(20,3).
nocross(20,4).
nocross(20,6).
nocross(20,7).
nocross(20,10).
nocross(20,13).
nocross(20,24).
nocross(20,25).
nocross(21,1).
nocross(21,8).
nocross(21,9).
nocross(21,17).
nocross(21,19).
nocross(21,22).
nocross(21,26).
nocross(22,5).
nocross(22,9).
nocross(22,14).
nocross(22,15).
nocross(22,17).
nocross(22,18).
nocross(22,19).
nocross(22,23).
nocross(23,5).
nocross(23,11).
nocross(23,14).
nocross(23,15).
nocross(23,17).
nocross(23,18).
nocross(23,19).
nocross(23,22).
nocross(24,2).
nocross(24,3).
nocross(24,4).
nocross(24,6).
nocross(24,12).
nocross(24,13).
nocross(24,16).
nocross(24,20).
nocross(24,25).
nocross(25,2).
nocross(25,3).
nocross(25,4).
nocross(25,6).
nocross(25,7).
nocross(25,12).
nocross(25,13).
nocross(25,20).
nocross(25,24).
nocross(26,1).
nocross(26,3).
nocross(26,4).
nocross(26,8).
nocross(26,9).
nocross(26,11).
nocross(26,12).
nocross(26,14).
nocross(26,15).
nocross(26,16).
nocross(26,17).
nocross(26,18).
nocross(26,19).
nocross(26,22).
nocross(26,23).
nocross(26,24).
