dimension(26).
point(1, 90.2035660196, 67.1087246428).
point(2, 38.0529095819, 37.983476623).
point(3, 44.5794315335, 87.9406791769).
point(4, 7.7918592929, 22.9677808237).
point(5, 25.3265515751, 45.8919601714).
point(6, 54.3928288861, 20.7066996272).
point(7, 32.8800118351, 17.4217757097).
point(8, 91.2633921242, 41.2835236215).
point(9, 18.8761940791, 30.1147901367).
point(10, 60.6812462174, 80.4639502654).
point(11, 21.0408438692, 32.6575536056).
point(12, 44.3373820606, 69.8169846836).
point(13, 79.0821702263, 80.1988567716).
point(14, 15.2960773453, 29.5389385514).
point(15, 63.0262763848, 75.6418961255).
point(16, 12.1075721014, 27.3747774259).
point(17, 66.8941245397, 73.8645821387).
point(18, 1.8495288896, 26.3560370616).
point(19, 90.1334113123, 85.2181837575).
point(20, 28.6527289905, 25.729502582).
point(21, 46.4829605969, 6.4683389877).
point(22, 48.4956657823, 74.4260924157).
point(23, 90.4868630976, 83.7325243234).
point(24, 88.529649683, 91.8683860433).
point(25, 90.25389745, 63.4296044367).
point(26, 15.7822613594, 42.8271758893).
cost(1, 2, 60).
cost(1, 3, 50).
cost(1, 4, 93).
cost(1, 5, 68).
cost(1, 6, 59).
cost(1, 7, 76).
cost(1, 8, 26).
cost(1, 9, 80).
cost(1, 10, 32).
cost(1, 11, 77).
cost(1, 12, 46).
cost(1, 13, 17).
cost(1, 14, 84).
cost(1, 15, 28).
cost(1, 16, 88).
cost(1, 17, 24).
cost(1, 18, 97).
cost(1, 19, 18).
cost(1, 20, 74).
cost(1, 21, 75).
cost(1, 22, 42).
cost(1, 23, 17).
cost(1, 24, 25).
cost(1, 25, 4).
cost(1, 26, 78).
cost(2, 1, 60).
cost(2, 3, 50).
cost(2, 4, 34).
cost(2, 5, 15).
cost(2, 6, 24).
cost(2, 7, 21).
cost(2, 8, 53).
cost(2, 9, 21).
cost(2, 10, 48).
cost(2, 11, 18).
cost(2, 12, 32).
cost(2, 13, 59).
cost(2, 14, 24).
cost(2, 15, 45).
cost(2, 16, 28).
cost(2, 17, 46).
cost(2, 18, 38).
cost(2, 19, 70).
cost(2, 20, 15).
cost(2, 21, 33).
cost(2, 22, 38).
cost(2, 23, 70).
cost(2, 24, 74).
cost(2, 25, 58).
cost(2, 26, 23).
cost(3, 1, 50).
cost(3, 2, 50).
cost(3, 4, 75).
cost(3, 5, 46).
cost(3, 6, 68).
cost(3, 7, 71).
cost(3, 8, 66).
cost(3, 9, 63).
cost(3, 10, 18).
cost(3, 11, 60).
cost(3, 12, 18).
cost(3, 13, 35).
cost(3, 14, 65).
cost(3, 15, 22).
cost(3, 16, 69).
cost(3, 17, 26).
cost(3, 18, 75).
cost(3, 19, 46).
cost(3, 20, 64).
cost(3, 21, 81).
cost(3, 22, 14).
cost(3, 23, 46).
cost(3, 24, 44).
cost(3, 25, 52).
cost(3, 26, 54).
cost(4, 1, 93).
cost(4, 2, 34).
cost(4, 3, 75).
cost(4, 5, 29).
cost(4, 6, 47).
cost(4, 7, 26).
cost(4, 8, 85).
cost(4, 9, 13).
cost(4, 10, 78).
cost(4, 11, 16).
cost(4, 12, 59).
cost(4, 13, 91).
cost(4, 14, 10).
cost(4, 15, 76).
cost(4, 16, 6).
cost(4, 17, 78).
cost(4, 18, 7).
cost(4, 19, 103).
cost(4, 20, 21).
cost(4, 21, 42).
cost(4, 22, 66).
cost(4, 23, 103).
cost(4, 24, 106).
cost(4, 25, 92).
cost(4, 26, 21).
cost(5, 1, 68).
cost(5, 2, 15).
cost(5, 3, 46).
cost(5, 4, 29).
cost(5, 6, 38).
cost(5, 7, 29).
cost(5, 8, 66).
cost(5, 9, 17).
cost(5, 10, 49).
cost(5, 11, 14).
cost(5, 12, 31).
cost(5, 13, 64).
cost(5, 14, 19).
cost(5, 15, 48).
cost(5, 16, 23).
cost(5, 17, 50).
cost(5, 18, 31).
cost(5, 19, 76).
cost(5, 20, 20).
cost(5, 21, 45).
cost(5, 22, 37).
cost(5, 23, 75).
cost(5, 24, 78).
cost(5, 25, 67).
cost(5, 26, 10).
cost(6, 1, 59).
cost(6, 2, 24).
cost(6, 3, 68).
cost(6, 4, 47).
cost(6, 5, 38).
cost(6, 7, 22).
cost(6, 8, 42).
cost(6, 9, 37).
cost(6, 10, 60).
cost(6, 11, 35).
cost(6, 12, 50).
cost(6, 13, 64).
cost(6, 14, 40).
cost(6, 15, 56).
cost(6, 16, 43).
cost(6, 17, 55).
cost(6, 18, 53).
cost(6, 19, 74).
cost(6, 20, 26).
cost(6, 21, 16).
cost(6, 22, 54).
cost(6, 23, 73).
cost(6, 24, 79).
cost(6, 25, 56).
cost(6, 26, 44).
cost(7, 1, 76).
cost(7, 2, 21).
cost(7, 3, 71).
cost(7, 4, 26).
cost(7, 5, 29).
cost(7, 6, 22).
cost(7, 8, 63).
cost(7, 9, 19).
cost(7, 10, 69).
cost(7, 11, 19).
cost(7, 12, 54).
cost(7, 13, 78).
cost(7, 14, 21).
cost(7, 15, 66).
cost(7, 16, 23).
cost(7, 17, 66).
cost(7, 18, 32).
cost(7, 19, 89).
cost(7, 20, 9).
cost(7, 21, 17).
cost(7, 22, 59).
cost(7, 23, 88).
cost(7, 24, 93).
cost(7, 25, 74).
cost(7, 26, 31).
cost(8, 1, 26).
cost(8, 2, 53).
cost(8, 3, 66).
cost(8, 4, 85).
cost(8, 5, 66).
cost(8, 6, 42).
cost(8, 7, 63).
cost(8, 9, 73).
cost(8, 10, 50).
cost(8, 11, 71).
cost(8, 12, 55).
cost(8, 13, 41).
cost(8, 14, 77).
cost(8, 15, 44).
cost(8, 16, 80).
cost(8, 17, 41).
cost(8, 18, 91).
cost(8, 19, 44).
cost(8, 20, 65).
cost(8, 21, 57).
cost(8, 22, 54).
cost(8, 23, 42).
cost(8, 24, 51).
cost(8, 25, 22).
cost(8, 26, 75).
cost(9, 1, 80).
cost(9, 2, 21).
cost(9, 3, 63).
cost(9, 4, 13).
cost(9, 5, 17).
cost(9, 6, 37).
cost(9, 7, 19).
cost(9, 8, 73).
cost(9, 10, 65).
cost(9, 11, 3).
cost(9, 12, 47).
cost(9, 13, 78).
cost(9, 14, 4).
cost(9, 15, 63).
cost(9, 16, 7).
cost(9, 17, 65).
cost(9, 18, 17).
cost(9, 19, 90).
cost(9, 20, 11).
cost(9, 21, 36).
cost(9, 22, 53).
cost(9, 23, 89).
cost(9, 24, 93).
cost(9, 25, 79).
cost(9, 26, 13).
cost(10, 1, 32).
cost(10, 2, 48).
cost(10, 3, 18).
cost(10, 4, 78).
cost(10, 5, 49).
cost(10, 6, 60).
cost(10, 7, 69).
cost(10, 8, 50).
cost(10, 9, 65).
cost(10, 11, 62).
cost(10, 12, 20).
cost(10, 13, 18).
cost(10, 14, 68).
cost(10, 15, 5).
cost(10, 16, 72).
cost(10, 17, 9).
cost(10, 18, 80).
cost(10, 19, 30).
cost(10, 20, 63).
cost(10, 21, 75).
cost(10, 22, 14).
cost(10, 23, 30).
cost(10, 24, 30).
cost(10, 25, 34).
cost(10, 26, 59).
cost(11, 1, 77).
cost(11, 2, 18).
cost(11, 3, 60).
cost(11, 4, 16).
cost(11, 5, 14).
cost(11, 6, 35).
cost(11, 7, 19).
cost(11, 8, 71).
cost(11, 9, 3).
cost(11, 10, 62).
cost(11, 12, 44).
cost(11, 13, 75).
cost(11, 14, 7).
cost(11, 15, 60).
cost(11, 16, 10).
cost(11, 17, 62).
cost(11, 18, 20).
cost(11, 19, 87).
cost(11, 20, 10).
cost(11, 21, 37).
cost(11, 22, 50).
cost(11, 23, 86).
cost(11, 24, 90).
cost(11, 25, 76).
cost(11, 26, 11).
cost(12, 1, 46).
cost(12, 2, 32).
cost(12, 3, 18).
cost(12, 4, 59).
cost(12, 5, 31).
cost(12, 6, 50).
cost(12, 7, 54).
cost(12, 8, 55).
cost(12, 9, 47).
cost(12, 10, 20).
cost(12, 11, 44).
cost(12, 13, 36).
cost(12, 14, 50).
cost(12, 15, 20).
cost(12, 16, 53).
cost(12, 17, 23).
cost(12, 18, 61).
cost(12, 19, 48).
cost(12, 20, 47).
cost(12, 21, 63).
cost(12, 22, 6).
cost(12, 23, 48).
cost(12, 24, 49).
cost(12, 25, 46).
cost(12, 26, 39).
cost(13, 1, 17).
cost(13, 2, 59).
cost(13, 3, 35).
cost(13, 4, 91).
cost(13, 5, 64).
cost(13, 6, 64).
cost(13, 7, 78).
cost(13, 8, 41).
cost(13, 9, 78).
cost(13, 10, 18).
cost(13, 11, 75).
cost(13, 12, 36).
cost(13, 14, 81).
cost(13, 15, 17).
cost(13, 16, 85).
cost(13, 17, 14).
cost(13, 18, 94).
cost(13, 19, 12).
cost(13, 20, 74).
cost(13, 21, 81).
cost(13, 22, 31).
cost(13, 23, 12).
cost(13, 24, 15).
cost(13, 25, 20).
cost(13, 26, 74).
cost(14, 1, 84).
cost(14, 2, 24).
cost(14, 3, 65).
cost(14, 4, 10).
cost(14, 5, 19).
cost(14, 6, 40).
cost(14, 7, 21).
cost(14, 8, 77).
cost(14, 9, 4).
cost(14, 10, 68).
cost(14, 11, 7).
cost(14, 12, 50).
cost(14, 13, 81).
cost(14, 15, 66).
cost(14, 16, 4).
cost(14, 17, 68).
cost(14, 18, 14).
cost(14, 19, 93).
cost(14, 20, 14).
cost(14, 21, 39).
cost(14, 22, 56).
cost(14, 23, 93).
cost(14, 24, 96).
cost(14, 25, 82).
cost(14, 26, 13).
cost(15, 1, 28).
cost(15, 2, 45).
cost(15, 3, 22).
cost(15, 4, 76).
cost(15, 5, 48).
cost(15, 6, 56).
cost(15, 7, 66).
cost(15, 8, 44).
cost(15, 9, 63).
cost(15, 10, 5).
cost(15, 11, 60).
cost(15, 12, 20).
cost(15, 13, 17).
cost(15, 14, 66).
cost(15, 16, 70).
cost(15, 17, 4).
cost(15, 18, 79).
cost(15, 19, 29).
cost(15, 20, 61).
cost(15, 21, 71).
cost(15, 22, 15).
cost(15, 23, 29).
cost(15, 24, 30).
cost(15, 25, 30).
cost(15, 26, 58).
cost(16, 1, 88).
cost(16, 2, 28).
cost(16, 3, 69).
cost(16, 4, 6).
cost(16, 5, 23).
cost(16, 6, 43).
cost(16, 7, 23).
cost(16, 8, 80).
cost(16, 9, 7).
cost(16, 10, 72).
cost(16, 11, 10).
cost(16, 12, 53).
cost(16, 13, 85).
cost(16, 14, 4).
cost(16, 15, 70).
cost(16, 17, 72).
cost(16, 18, 10).
cost(16, 19, 97).
cost(16, 20, 17).
cost(16, 21, 40).
cost(16, 22, 59).
cost(16, 23, 97).
cost(16, 24, 100).
cost(16, 25, 86).
cost(16, 26, 16).
cost(17, 1, 24).
cost(17, 2, 46).
cost(17, 3, 26).
cost(17, 4, 78).
cost(17, 5, 50).
cost(17, 6, 55).
cost(17, 7, 66).
cost(17, 8, 41).
cost(17, 9, 65).
cost(17, 10, 9).
cost(17, 11, 62).
cost(17, 12, 23).
cost(17, 13, 14).
cost(17, 14, 68).
cost(17, 15, 4).
cost(17, 16, 72).
cost(17, 18, 81).
cost(17, 19, 26).
cost(17, 20, 61).
cost(17, 21, 70).
cost(17, 22, 18).
cost(17, 23, 26).
cost(17, 24, 28).
cost(17, 25, 26).
cost(17, 26, 60).
cost(18, 1, 97).
cost(18, 2, 38).
cost(18, 3, 75).
cost(18, 4, 7).
cost(18, 5, 31).
cost(18, 6, 53).
cost(18, 7, 32).
cost(18, 8, 91).
cost(18, 9, 17).
cost(18, 10, 80).
cost(18, 11, 20).
cost(18, 12, 61).
cost(18, 13, 94).
cost(18, 14, 14).
cost(18, 15, 79).
cost(18, 16, 10).
cost(18, 17, 81).
cost(18, 19, 106).
cost(18, 20, 27).
cost(18, 21, 49).
cost(18, 22, 67).
cost(18, 23, 106).
cost(18, 24, 109).
cost(18, 25, 96).
cost(18, 26, 22).
cost(19, 1, 18).
cost(19, 2, 70).
cost(19, 3, 46).
cost(19, 4, 103).
cost(19, 5, 76).
cost(19, 6, 74).
cost(19, 7, 89).
cost(19, 8, 44).
cost(19, 9, 90).
cost(19, 10, 30).
cost(19, 11, 87).
cost(19, 12, 48).
cost(19, 13, 12).
cost(19, 14, 93).
cost(19, 15, 29).
cost(19, 16, 97).
cost(19, 17, 26).
cost(19, 18, 106).
cost(19, 20, 86).
cost(19, 21, 90).
cost(19, 22, 43).
cost(19, 23, 2).
cost(19, 24, 7).
cost(19, 25, 22).
cost(19, 26, 86).
cost(20, 1, 74).
cost(20, 2, 15).
cost(20, 3, 64).
cost(20, 4, 21).
cost(20, 5, 20).
cost(20, 6, 26).
cost(20, 7, 9).
cost(20, 8, 65).
cost(20, 9, 11).
cost(20, 10, 63).
cost(20, 11, 10).
cost(20, 12, 47).
cost(20, 13, 74).
cost(20, 14, 14).
cost(20, 15, 61).
cost(20, 16, 17).
cost(20, 17, 61).
cost(20, 18, 27).
cost(20, 19, 86).
cost(20, 21, 26).
cost(20, 22, 53).
cost(20, 23, 85).
cost(20, 24, 89).
cost(20, 25, 72).
cost(20, 26, 21).
cost(21, 1, 75).
cost(21, 2, 33).
cost(21, 3, 81).
cost(21, 4, 42).
cost(21, 5, 45).
cost(21, 6, 16).
cost(21, 7, 17).
cost(21, 8, 57).
cost(21, 9, 36).
cost(21, 10, 75).
cost(21, 11, 37).
cost(21, 12, 63).
cost(21, 13, 81).
cost(21, 14, 39).
cost(21, 15, 71).
cost(21, 16, 40).
cost(21, 17, 70).
cost(21, 18, 49).
cost(21, 19, 90).
cost(21, 20, 26).
cost(21, 22, 68).
cost(21, 23, 89).
cost(21, 24, 95).
cost(21, 25, 72).
cost(21, 26, 48).
cost(22, 1, 42).
cost(22, 2, 38).
cost(22, 3, 14).
cost(22, 4, 66).
cost(22, 5, 37).
cost(22, 6, 54).
cost(22, 7, 59).
cost(22, 8, 54).
cost(22, 9, 53).
cost(22, 10, 14).
cost(22, 11, 50).
cost(22, 12, 6).
cost(22, 13, 31).
cost(22, 14, 56).
cost(22, 15, 15).
cost(22, 16, 59).
cost(22, 17, 18).
cost(22, 18, 67).
cost(22, 19, 43).
cost(22, 20, 53).
cost(22, 21, 68).
cost(22, 23, 43).
cost(22, 24, 44).
cost(22, 25, 43).
cost(22, 26, 45).
cost(23, 1, 17).
cost(23, 2, 70).
cost(23, 3, 46).
cost(23, 4, 103).
cost(23, 5, 75).
cost(23, 6, 73).
cost(23, 7, 88).
cost(23, 8, 42).
cost(23, 9, 89).
cost(23, 10, 30).
cost(23, 11, 86).
cost(23, 12, 48).
cost(23, 13, 12).
cost(23, 14, 93).
cost(23, 15, 29).
cost(23, 16, 97).
cost(23, 17, 26).
cost(23, 18, 106).
cost(23, 19, 2).
cost(23, 20, 85).
cost(23, 21, 89).
cost(23, 22, 43).
cost(23, 24, 8).
cost(23, 25, 20).
cost(23, 26, 85).
cost(24, 1, 25).
cost(24, 2, 74).
cost(24, 3, 44).
cost(24, 4, 106).
cost(24, 5, 78).
cost(24, 6, 79).
cost(24, 7, 93).
cost(24, 8, 51).
cost(24, 9, 93).
cost(24, 10, 30).
cost(24, 11, 90).
cost(24, 12, 49).
cost(24, 13, 15).
cost(24, 14, 96).
cost(24, 15, 30).
cost(24, 16, 100).
cost(24, 17, 28).
cost(24, 18, 109).
cost(24, 19, 7).
cost(24, 20, 89).
cost(24, 21, 95).
cost(24, 22, 44).
cost(24, 23, 8).
cost(24, 25, 28).
cost(24, 26, 88).
cost(25, 1, 4).
cost(25, 2, 58).
cost(25, 3, 52).
cost(25, 4, 92).
cost(25, 5, 67).
cost(25, 6, 56).
cost(25, 7, 74).
cost(25, 8, 22).
cost(25, 9, 79).
cost(25, 10, 34).
cost(25, 11, 76).
cost(25, 12, 46).
cost(25, 13, 20).
cost(25, 14, 82).
cost(25, 15, 30).
cost(25, 16, 86).
cost(25, 17, 26).
cost(25, 18, 96).
cost(25, 19, 22).
cost(25, 20, 72).
cost(25, 21, 72).
cost(25, 22, 43).
cost(25, 23, 20).
cost(25, 24, 28).
cost(25, 26, 77).
cost(26, 1, 78).
cost(26, 2, 23).
cost(26, 3, 54).
cost(26, 4, 21).
cost(26, 5, 10).
cost(26, 6, 44).
cost(26, 7, 31).
cost(26, 8, 75).
cost(26, 9, 13).
cost(26, 10, 59).
cost(26, 11, 11).
cost(26, 12, 39).
cost(26, 13, 74).
cost(26, 14, 13).
cost(26, 15, 58).
cost(26, 16, 16).
cost(26, 17, 60).
cost(26, 18, 22).
cost(26, 19, 86).
cost(26, 20, 21).
cost(26, 21, 48).
cost(26, 22, 45).
cost(26, 23, 85).
cost(26, 24, 88).
cost(26, 25, 77).
nocross(1,8).
nocross(1,10).
nocross(1,13).
nocross(1,15).
nocross(1,17).
nocross(1,19).
nocross(1,23).
nocross(1,24).
nocross(1,25).
nocross(2,5).
nocross(2,6).
nocross(2,7).
nocross(2,8).
nocross(2,9).
nocross(2,11).
nocross(2,12).
nocross(2,14).
nocross(2,16).
nocross(2,19).
nocross(2,20).
nocross(2,21).
nocross(2,22).
nocross(2,25).
nocross(2,26).
nocross(3,10).
nocross(3,12).
nocross(3,13).
nocross(3,15).
nocross(3,17).
nocross(3,19).
nocross(3,22).
nocross(3,23).
nocross(3,24).
nocross(4,5).
nocross(4,7).
nocross(4,9).
nocross(4,11).
nocross(4,14).
nocross(4,16).
nocross(4,18).
nocross(4,20).
nocross(4,21).
nocross(4,26).
nocross(5,2).
nocross(5,4).
nocross(5,7).
nocross(5,8).
nocross(5,9).
nocross(5,11).
nocross(5,12).
nocross(5,14).
nocross(5,16).
nocross(5,18).
nocross(5,20).
nocross(5,26).
nocross(6,2).
nocross(6,5).
nocross(6,7).
nocross(6,8).
nocross(6,9).
nocross(6,11).
nocross(6,20).
nocross(6,21).
nocross(6,25).
nocross(6,26).
nocross(7,2).
nocross(7,4).
nocross(7,5).
nocross(7,6).
nocross(7,8).
nocross(7,9).
nocross(7,11).
nocross(7,14).
nocross(7,16).
nocross(7,20).
nocross(7,21).
nocross(7,26).
nocross(8,1).
nocross(8,6).
nocross(8,15).
nocross(8,17).
nocross(8,19).
nocross(8,23).
nocross(8,25).
nocross(9,2).
nocross(9,4).
nocross(9,5).
nocross(9,7).
nocross(9,8).
nocross(9,11).
nocross(9,14).
nocross(9,16).
nocross(9,18).
nocross(9,20).
nocross(9,21).
nocross(9,26).
nocross(10,1).
nocross(10,3).
nocross(10,12).
nocross(10,13).
nocross(10,15).
nocross(10,17).
nocross(10,19).
nocross(10,22).
nocross(10,23).
nocross(10,24).
nocross(10,25).
nocross(11,2).
nocross(11,4).
nocross(11,5).
nocross(11,7).
nocross(11,8).
nocross(11,9).
nocross(11,14).
nocross(11,16).
nocross(11,18).
nocross(11,20).
nocross(11,21).
nocross(11,26).
nocross(12,2).
nocross(12,3).
nocross(12,5).
nocross(12,10).
nocross(12,13).
nocross(12,15).
nocross(12,17).
nocross(12,19).
nocross(12,22).
nocross(13,1).
nocross(13,3).
nocross(13,10).
nocross(13,12).
nocross(13,15).
nocross(13,17).
nocross(13,19).
nocross(13,22).
nocross(13,23).
nocross(13,24).
nocross(13,25).
nocross(14,2).
nocross(14,4).
nocross(14,5).
nocross(14,7).
nocross(14,8).
nocross(14,9).
nocross(14,11).
nocross(14,16).
nocross(14,18).
nocross(14,20).
nocross(14,21).
nocross(14,26).
nocross(15,1).
nocross(15,3).
nocross(15,10).
nocross(15,12).
nocross(15,13).
nocross(15,17).
nocross(15,19).
nocross(15,22).
nocross(15,23).
nocross(15,24).
nocross(15,25).
nocross(16,2).
nocross(16,4).
nocross(16,5).
nocross(16,7).
nocross(16,8).
nocross(16,9).
nocross(16,11).
nocross(16,14).
nocross(16,18).
nocross(16,20).
nocross(16,21).
nocross(16,26).
nocross(17,1).
nocross(17,3).
nocross(17,10).
nocross(17,12).
nocross(17,13).
nocross(17,15).
nocross(17,19).
nocross(17,22).
nocross(17,23).
nocross(17,24).
nocross(17,25).
nocross(18,4).
nocross(18,5).
nocross(18,7).
nocross(18,9).
nocross(18,11).
nocross(18,14).
nocross(18,16).
nocross(18,20).
nocross(18,26).
nocross(19,1).
nocross(19,3).
nocross(19,8).
nocross(19,10).
nocross(19,12).
nocross(19,13).
nocross(19,15).
nocross(19,17).
nocross(19,23).
nocross(19,24).
nocross(19,25).
nocross(20,2).
nocross(20,4).
nocross(20,5).
nocross(20,6).
nocross(20,7).
nocross(20,8).
nocross(20,9).
nocross(20,11).
nocross(20,14).
nocross(20,16).
nocross(20,18).
nocross(20,21).
nocross(20,26).
nocross(21,2).
nocross(21,4).
nocross(21,6).
nocross(21,7).
nocross(21,8).
nocross(21,9).
nocross(21,11).
nocross(21,14).
nocross(21,16).
nocross(21,20).
nocross(22,1).
nocross(22,3).
nocross(22,5).
nocross(22,10).
nocross(22,12).
nocross(22,13).
nocross(22,15).
nocross(22,17).
nocross(22,19).
nocross(22,23).
nocross(22,24).
nocross(22,25).
nocross(23,1).
nocross(23,3).
nocross(23,8).
nocross(23,10).
nocross(23,13).
nocross(23,15).
nocross(23,17).
nocross(23,19).
nocross(23,24).
nocross(23,25).
nocross(24,1).
nocross(24,3).
nocross(24,10).
nocross(24,12).
nocross(24,13).
nocross(24,15).
nocross(24,17).
nocross(24,19).
nocross(24,23).
nocross(24,25).
nocross(25,1).
nocross(25,8).
nocross(25,10).
nocross(25,13).
nocross(25,15).
nocross(25,17).
nocross(25,19).
nocross(25,23).
nocross(25,24).
nocross(26,2).
nocross(26,4).
nocross(26,5).
nocross(26,7).
nocross(26,8).
nocross(26,9).
nocross(26,11).
nocross(26,12).
nocross(26,14).
nocross(26,16).
nocross(26,18).
nocross(26,20).
