dimension(32).
point(1, 274048.0, 118242.0).
point(2, 782489.0, 480136.0).
point(3, 297268.0, 833107.0).
point(4, 386598.0, 387844.0).
point(5, 276781.0, 768710.0).
point(6, 755591.0, 571436.0).
point(7, 916322.0, 20788.0).
point(8, 981239.0, 518529.0).
point(9, 875510.0, 587951.0).
point(10, 141076.0, 750754.0).
point(11, 618190.0, 173797.0).
point(12, 116404.0, 154885.0).
point(13, 774393.0, 706318.0).
point(14, 294680.0, 572707.0).
point(15, 195088.0, 37508.0).
point(16, 401636.0, 705338.0).
point(17, 266905.0, 409739.0).
point(18, 243137.0, 247097.0).
point(19, 400849.0, 138605.0).
point(20, 990925.0, 513185.0).
point(21, 354279.0, 332885.0).
point(22, 278948.0, 578747.0).
point(23, 314718.0, 549.0).
point(24, 657957.0, 564218.0).
point(25, 525426.0, 5312.0).
point(26, 396754.0, 157007.0).
point(27, 175010.0, 336437.0).
point(28, 482591.0, 568709.0).
point(29, 851337.0, 372750.0).
point(30, 236998.0, 50171.0).
point(31, 432257.0, 247992.0).
point(32, 396919.0, 763596.0).
cost(1, 2, 624083).
cost(1, 3, 715242).
cost(1, 4, 292152).
cost(1, 5, 650474).
cost(1, 6, 661263).
cost(1, 7, 649625).
cost(1, 8, 812618).
cost(1, 9, 763140).
cost(1, 10, 646338).
cost(1, 11, 348597).
cost(1, 12, 161847).
cost(1, 13, 772126).
cost(1, 14, 454933).
cost(1, 15, 112928).
cost(1, 16, 600800).
cost(1, 17, 291585).
cost(1, 18, 132511).
cost(1, 19, 128426).
cost(1, 20, 818470).
cost(1, 21, 229148).
cost(1, 22, 460531).
cost(1, 23, 124522).
cost(1, 24, 588456).
cost(1, 25, 275580).
cost(1, 26, 128684).
cost(1, 27, 239620).
cost(1, 28, 496398).
cost(1, 29, 630902).
cost(1, 30, 77501).
cost(1, 31, 204610).
cost(1, 32, 656947).
cost(2, 1, 624083).
cost(2, 3, 600023).
cost(2, 4, 406506).
cost(2, 5, 582250).
cost(2, 6, 95180).
cost(2, 7, 478447).
cost(2, 8, 202424).
cost(2, 9, 142397).
cost(2, 10, 696164).
cost(2, 11, 347617).
cost(2, 12, 741254).
cost(2, 13, 226327).
cost(2, 14, 496515).
cost(2, 15, 735499).
cost(2, 16, 442453).
cost(2, 17, 520368).
cost(2, 18, 587544).
cost(2, 19, 512145).
cost(2, 20, 211040).
cost(2, 21, 452821).
cost(2, 22, 513106).
cost(2, 23, 669935).
cost(2, 24, 150260).
cost(2, 25, 539944).
cost(2, 26, 503194).
cost(2, 27, 624244).
cost(2, 28, 312704).
cost(2, 29, 127561).
cost(2, 30, 694572).
cost(2, 31, 420182).
cost(2, 32, 478554).
cost(3, 1, 715242).
cost(3, 2, 600023).
cost(3, 4, 454135).
cost(3, 5, 67577).
cost(3, 6, 527761).
cost(3, 7, 1021318).
cost(3, 8, 752845).
cost(3, 9, 628065).
cost(3, 10, 176573).
cost(3, 11, 733267).
cost(3, 12, 701924).
cost(3, 13, 493684).
cost(3, 14, 260413).
cost(3, 15, 802134).
cost(3, 16, 164978).
cost(3, 17, 424455).
cost(3, 18, 588505).
cost(3, 19, 702184).
cost(3, 20, 763878).
cost(3, 21, 503460).
cost(3, 22, 255019).
cost(3, 23, 832741).
cost(3, 24, 449886).
cost(3, 25, 858662).
cost(3, 26, 683380).
cost(3, 27, 511496).
cost(3, 28, 322879).
cost(3, 29, 720362).
cost(3, 30, 785252).
cost(3, 31, 600484).
cost(3, 32, 121499).
cost(4, 1, 292152).
cost(4, 2, 406506).
cost(4, 3, 454135).
cost(4, 5, 396382).
cost(4, 6, 412143).
cost(4, 7, 644467).
cost(4, 8, 608832).
cost(4, 9, 528278).
cost(4, 10, 438161).
cost(4, 11, 315358).
cost(4, 12, 356756).
cost(4, 13, 501807).
cost(4, 14, 206454).
cost(4, 15, 399264).
cost(4, 16, 317850).
cost(4, 17, 121679).
cost(4, 18, 200975).
cost(4, 19, 249646).
cost(4, 20, 617188).
cost(4, 21, 63757).
cost(4, 22, 219163).
cost(4, 23, 393909).
cost(4, 24, 323641).
cost(4, 25, 406945).
cost(4, 26, 231060).
cost(4, 27, 217743).
cost(4, 28, 204760).
cost(4, 29, 464984).
cost(4, 30, 369328).
cost(4, 31, 147117).
cost(4, 32, 375894).
cost(5, 1, 650474).
cost(5, 2, 582250).
cost(5, 3, 67577).
cost(5, 4, 396382).
cost(5, 6, 517857).
cost(5, 7, 984073).
cost(5, 8, 747564).
cost(5, 9, 625420).
cost(5, 10, 136888).
cost(5, 11, 685917).
cost(5, 12, 634430).
cost(5, 13, 501508).
cost(5, 14, 196819).
cost(5, 15, 735751).
cost(5, 16, 140017).
cost(5, 17, 359107).
cost(5, 18, 522697).
cost(5, 19, 642203).
cost(5, 20, 758482).
cost(5, 21, 442662).
cost(5, 22, 189975).
cost(5, 23, 769097).
cost(5, 24, 432565).
cost(5, 25, 802870).
cost(5, 26, 623357).
cost(5, 27, 444092).
cost(5, 28, 286981).
cost(5, 29, 697781).
cost(5, 30, 719639).
cost(5, 31, 543434).
cost(5, 32, 120247).
cost(6, 1, 661263).
cost(6, 2, 95180).
cost(6, 3, 527761).
cost(6, 4, 412143).
cost(6, 5, 517857).
cost(6, 7, 573627).
cost(6, 8, 231767).
cost(6, 9, 121051).
cost(6, 10, 640143).
cost(6, 11, 420709).
cost(6, 12, 762938).
cost(6, 13, 136186).
cost(6, 14, 460913).
cost(6, 15, 774108).
cost(6, 16, 378436).
cost(6, 17, 514743).
cost(6, 18, 606469).
cost(6, 19, 559629).
cost(6, 20, 242436).
cost(6, 21, 466860).
cost(6, 22, 476699).
cost(6, 23, 721305).
cost(6, 24, 97900).
cost(6, 25, 611124).
cost(6, 26, 548193).
cost(6, 27, 626338).
cost(6, 28, 273014).
cost(6, 29, 220553).
cost(6, 30, 735293).
cost(6, 31, 457341).
cost(6, 32, 406904).
cost(7, 1, 649625).
cost(7, 2, 478447).
cost(7, 3, 1021318).
cost(7, 4, 644467).
cost(7, 5, 984073).
cost(7, 6, 573627).
cost(7, 8, 501956).
cost(7, 9, 568629).
cost(7, 10, 1064827).
cost(7, 11, 335104).
cost(7, 12, 811080).
cost(7, 13, 700068).
cost(7, 14, 831296).
cost(7, 15, 721428).
cost(7, 16, 856452).
cost(7, 17, 756984).
cost(7, 18, 710207).
cost(7, 19, 528766).
cost(7, 20, 498016).
cost(7, 21, 642882).
cost(7, 22, 847091).
cost(7, 23, 601944).
cost(7, 24, 601721).
cost(7, 25, 391202).
cost(7, 26, 537128).
cost(7, 27, 805716).
cost(7, 28, 698813).
cost(7, 29, 357911).
cost(7, 30, 679959).
cost(7, 31, 534734).
cost(7, 32, 906390).
cost(8, 1, 812618).
cost(8, 2, 202424).
cost(8, 3, 752845).
cost(8, 4, 608832).
cost(8, 5, 747564).
cost(8, 6, 231767).
cost(8, 7, 501956).
cost(8, 9, 126483).
cost(8, 10, 871666).
cost(8, 11, 500644).
cost(8, 12, 938177).
cost(8, 13, 279374).
cost(8, 14, 688693).
cost(8, 15, 921637).
cost(8, 16, 608964).
cost(8, 17, 722571).
cost(8, 18, 786429).
cost(8, 19, 693682).
cost(8, 20, 11062).
cost(8, 21, 653867).
cost(8, 22, 704868).
cost(8, 23, 844129).
cost(8, 24, 326495).
cost(8, 25, 686409).
cost(8, 26, 687256).
cost(8, 27, 826537).
cost(8, 28, 501166).
cost(8, 29, 195259).
cost(8, 30, 879349).
cost(8, 31, 612022).
cost(8, 32, 633631).
cost(9, 1, 763140).
cost(9, 2, 142397).
cost(9, 3, 628065).
cost(9, 4, 528278).
cost(9, 5, 625420).
cost(9, 6, 121051).
cost(9, 7, 568629).
cost(9, 8, 126483).
cost(9, 10, 752262).
cost(9, 11, 487583).
cost(9, 12, 873950).
cost(9, 13, 155677).
cost(9, 14, 581030).
cost(9, 15, 875192).
cost(9, 16, 488197).
cost(9, 17, 634161).
cost(9, 18, 718385).
cost(9, 19, 653617).
cost(9, 20, 137516).
cost(9, 21, 580293).
cost(9, 22, 596633).
cost(9, 23, 812114).
cost(9, 24, 218844).
cost(9, 25, 679726).
cost(9, 26, 644143).
cost(9, 27, 744285).
cost(9, 28, 393390).
cost(9, 29, 216554).
cost(9, 30, 834808).
cost(9, 31, 558610).
cost(9, 32, 509804).
cost(10, 1, 646338).
cost(10, 2, 696164).
cost(10, 3, 176573).
cost(10, 4, 438161).
cost(10, 5, 136888).
cost(10, 6, 640143).
cost(10, 7, 1064827).
cost(10, 8, 871666).
cost(10, 9, 752262).
cost(10, 11, 748677).
cost(10, 12, 596380).
cost(10, 13, 634874).
cost(10, 14, 235149).
cost(10, 15, 715288).
cost(10, 16, 264488).
cost(10, 17, 363489).
cost(10, 18, 513894).
cost(10, 19, 664988).
cost(10, 20, 882430).
cost(10, 21, 469116).
cost(10, 22, 220443).
cost(10, 23, 770038).
cost(10, 24, 549510).
cost(10, 25, 838695).
cost(10, 26, 646457).
cost(10, 27, 415704).
cost(10, 28, 387005).
cost(10, 29, 804585).
cost(10, 30, 707119).
cost(10, 31, 580996).
cost(10, 32, 256165).
cost(11, 1, 348597).
cost(11, 2, 347617).
cost(11, 3, 733267).
cost(11, 4, 315358).
cost(11, 5, 685917).
cost(11, 6, 420709).
cost(11, 7, 335104).
cost(11, 8, 500644).
cost(11, 9, 487583).
cost(11, 10, 748677).
cost(11, 12, 502142).
cost(11, 13, 554958).
cost(11, 14, 513603).
cost(11, 15, 444511).
cost(11, 16, 573961).
cost(11, 17, 423166).
cost(11, 18, 382149).
cost(11, 19, 220172).
cost(11, 20, 504099).
cost(11, 21, 308153).
cost(11, 22, 528270).
cost(11, 23, 349443).
cost(11, 24, 392441).
cost(11, 25, 192334).
cost(11, 26, 222072).
cost(11, 27, 472081).
cost(11, 28, 417544).
cost(11, 29, 306496).
cost(11, 30, 400738).
cost(11, 31, 200190).
cost(11, 32, 629939).
cost(12, 1, 161847).
cost(12, 2, 741254).
cost(12, 3, 701924).
cost(12, 4, 356756).
cost(12, 5, 634430).
cost(12, 6, 762938).
cost(12, 7, 811080).
cost(12, 8, 938177).
cost(12, 9, 873950).
cost(12, 10, 596380).
cost(12, 11, 502142).
cost(12, 13, 858503).
cost(12, 14, 454266).
cost(12, 15, 141310).
cost(12, 16, 619964).
cost(12, 17, 295975).
cost(12, 18, 156730).
cost(12, 19, 284911).
cost(12, 20, 945075).
cost(12, 21, 297100).
cost(12, 22, 453960).
cost(12, 23, 251293).
cost(12, 24, 678847).
cost(12, 25, 435512).
cost(12, 26, 280358).
cost(12, 27, 190777).
cost(12, 28, 552579).
cost(12, 29, 766545).
cost(12, 30, 159712).
cost(12, 31, 329290).
cost(12, 32, 670237).
cost(13, 1, 772126).
cost(13, 2, 226327).
cost(13, 3, 493684).
cost(13, 4, 501807).
cost(13, 5, 501508).
cost(13, 6, 136186).
cost(13, 7, 700068).
cost(13, 8, 279374).
cost(13, 9, 155677).
cost(13, 10, 634874).
cost(13, 11, 554958).
cost(13, 12, 858503).
cost(13, 14, 497972).
cost(13, 15, 884817).
cost(13, 16, 372758).
cost(13, 17, 587795).
cost(13, 18, 702223).
cost(13, 19, 679583).
cost(13, 20, 290149).
cost(13, 21, 562092).
cost(13, 22, 511605).
cost(13, 23, 842265).
cost(13, 24, 183711).
cost(13, 25, 743905).
cost(13, 26, 666599).
cost(13, 27, 704324).
cost(13, 28, 322622).
cost(13, 29, 342327).
cost(13, 30, 848129).
cost(13, 31, 571944).
cost(13, 32, 381795).
cost(14, 1, 454933).
cost(14, 2, 496515).
cost(14, 3, 260413).
cost(14, 4, 206454).
cost(14, 5, 196819).
cost(14, 6, 460913).
cost(14, 7, 831296).
cost(14, 8, 688693).
cost(14, 9, 581030).
cost(14, 10, 235149).
cost(14, 11, 513603).
cost(14, 12, 454266).
cost(14, 13, 497972).
cost(14, 15, 544386).
cost(14, 16, 170384).
cost(14, 17, 165318).
cost(14, 18, 329664).
cost(14, 19, 446896).
cost(14, 20, 698785).
cost(14, 21, 247117).
cost(14, 22, 16852).
cost(14, 23, 572509).
cost(14, 24, 363376).
cost(14, 25, 612520).
cost(14, 26, 428049).
cost(14, 27, 264848).
cost(14, 28, 187954).
cost(14, 29, 591481).
cost(14, 30, 525710).
cost(14, 31, 352657).
cost(14, 32, 216544).
cost(15, 1, 112928).
cost(15, 2, 735499).
cost(15, 3, 802134).
cost(15, 4, 399264).
cost(15, 5, 735751).
cost(15, 6, 774108).
cost(15, 7, 721428).
cost(15, 8, 921637).
cost(15, 9, 875192).
cost(15, 10, 715288).
cost(15, 11, 444511).
cost(15, 12, 141310).
cost(15, 13, 884817).
cost(15, 14, 544386).
cost(15, 16, 699041).
cost(15, 17, 379096).
cost(15, 18, 215026).
cost(15, 19, 229256).
cost(15, 20, 927160).
cost(15, 21, 335543).
cost(15, 22, 547697).
cost(15, 23, 125209).
cost(15, 24, 701193).
cost(15, 25, 331903).
cost(15, 26, 234412).
cost(15, 27, 299603).
cost(15, 28, 604014).
cost(15, 29, 736919).
cost(15, 30, 43781).
cost(15, 31, 317100).
cost(15, 32, 753618).
cost(16, 1, 600800).
cost(16, 2, 442453).
cost(16, 3, 164978).
cost(16, 4, 317850).
cost(16, 5, 140017).
cost(16, 6, 378436).
cost(16, 7, 856452).
cost(16, 8, 608964).
cost(16, 9, 488197).
cost(16, 10, 264488).
cost(16, 11, 573961).
cost(16, 12, 619964).
cost(16, 13, 372758).
cost(16, 14, 170384).
cost(16, 15, 699041).
cost(16, 17, 324856).
cost(16, 18, 484878).
cost(16, 19, 566734).
cost(16, 20, 619826).
cost(16, 21, 375452).
cost(16, 22, 176288).
cost(16, 23, 710128).
cost(16, 24, 292601).
cost(16, 25, 710887).
cost(16, 26, 548353).
cost(16, 27, 432952).
cost(16, 28, 158812).
cost(16, 29, 559326).
cost(16, 30, 675536).
cost(16, 31, 458370).
cost(16, 32, 58449).
cost(17, 1, 291585).
cost(17, 2, 520368).
cost(17, 3, 424455).
cost(17, 4, 121679).
cost(17, 5, 359107).
cost(17, 6, 514743).
cost(17, 7, 756984).
cost(17, 8, 722571).
cost(17, 9, 634161).
cost(17, 10, 363489).
cost(17, 11, 423166).
cost(17, 12, 295975).
cost(17, 13, 587795).
cost(17, 14, 165318).
cost(17, 15, 379096).
cost(17, 16, 324856).
cost(17, 18, 164370).
cost(17, 19, 302415).
cost(17, 20, 731373).
cost(17, 21, 116365).
cost(17, 22, 169437).
cost(17, 23, 411974).
cost(17, 24, 420459).
cost(17, 25, 479994).
cost(17, 26, 284138).
cost(17, 27, 117549).
cost(17, 28, 267940).
cost(17, 29, 585601).
cost(17, 30, 360810).
cost(17, 31, 231308).
cost(17, 32, 376986).
cost(18, 1, 132511).
cost(18, 2, 587544).
cost(18, 3, 588505).
cost(18, 4, 200975).
cost(18, 5, 522697).
cost(18, 6, 606469).
cost(18, 7, 710207).
cost(18, 8, 786429).
cost(18, 9, 718385).
cost(18, 10, 513894).
cost(18, 11, 382149).
cost(18, 12, 156730).
cost(18, 13, 702223).
cost(18, 14, 329664).
cost(18, 15, 215026).
cost(18, 16, 484878).
cost(18, 17, 164370).
cost(18, 19, 191425).
cost(18, 20, 793719).
cost(18, 21, 140400).
cost(18, 22, 333578).
cost(18, 23, 256729).
cost(18, 24, 522151).
cost(18, 25, 371681).
cost(18, 26, 178085).
cost(18, 27, 112352).
cost(18, 28, 400964).
cost(18, 29, 621044).
cost(18, 30, 197022).
cost(18, 31, 189122).
cost(18, 32, 538906).
cost(19, 1, 128426).
cost(19, 2, 512145).
cost(19, 3, 702184).
cost(19, 4, 249646).
cost(19, 5, 642203).
cost(19, 6, 559629).
cost(19, 7, 528766).
cost(19, 8, 693682).
cost(19, 9, 653617).
cost(19, 10, 664988).
cost(19, 11, 220172).
cost(19, 12, 284911).
cost(19, 13, 679583).
cost(19, 14, 446896).
cost(19, 15, 229256).
cost(19, 16, 566734).
cost(19, 17, 302415).
cost(19, 18, 191425).
cost(19, 20, 698928).
cost(19, 21, 199784).
cost(19, 22, 456711).
cost(19, 23, 162721).
cost(19, 24, 497243).
cost(19, 25, 182446).
cost(19, 26, 18852).
cost(19, 27, 300234).
cost(19, 28, 437803).
cost(19, 29, 507704).
cost(19, 30, 186193).
cost(19, 31, 113807).
cost(19, 32, 625003).
cost(20, 1, 818470).
cost(20, 2, 211040).
cost(20, 3, 763878).
cost(20, 4, 617188).
cost(20, 5, 758482).
cost(20, 6, 242436).
cost(20, 7, 498016).
cost(20, 8, 11062).
cost(20, 9, 137516).
cost(20, 10, 882430).
cost(20, 11, 504099).
cost(20, 12, 945075).
cost(20, 13, 290149).
cost(20, 14, 698785).
cost(20, 15, 927160).
cost(20, 16, 619826).
cost(20, 17, 731373).
cost(20, 18, 793719).
cost(20, 19, 698928).
cost(20, 21, 661684).
cost(20, 22, 714989).
cost(20, 23, 848559).
cost(20, 24, 336856).
cost(20, 25, 688930).
cost(20, 26, 692750).
cost(20, 27, 834840).
cost(20, 28, 511357).
cost(20, 29, 198007).
cost(20, 30, 884753).
cost(20, 31, 618415).
cost(20, 32, 644631).
cost(21, 1, 229148).
cost(21, 2, 452821).
cost(21, 3, 503460).
cost(21, 4, 63757).
cost(21, 5, 442662).
cost(21, 6, 466860).
cost(21, 7, 642882).
cost(21, 8, 653867).
cost(21, 9, 580293).
cost(21, 10, 469116).
cost(21, 11, 308153).
cost(21, 12, 297100).
cost(21, 13, 562092).
cost(21, 14, 247117).
cost(21, 15, 335543).
cost(21, 16, 375452).
cost(21, 17, 116365).
cost(21, 18, 140400).
cost(21, 19, 199784).
cost(21, 20, 661684).
cost(21, 22, 257144).
cost(21, 23, 334682).
cost(21, 24, 381753).
cost(21, 25, 369588).
cost(21, 26, 180934).
cost(21, 27, 179304).
cost(21, 28, 268471).
cost(21, 29, 498654).
cost(21, 30, 306075).
cost(21, 31, 115271).
cost(21, 32, 432817).
cost(22, 1, 460531).
cost(22, 2, 513106).
cost(22, 3, 255019).
cost(22, 4, 219163).
cost(22, 5, 189975).
cost(22, 6, 476699).
cost(22, 7, 847091).
cost(22, 8, 704868).
cost(22, 9, 596633).
cost(22, 10, 220443).
cost(22, 11, 528270).
cost(22, 12, 453960).
cost(22, 13, 511605).
cost(22, 14, 16852).
cost(22, 15, 547697).
cost(22, 16, 176288).
cost(22, 17, 169437).
cost(22, 18, 333578).
cost(22, 19, 456711).
cost(22, 20, 714989).
cost(22, 21, 257144).
cost(22, 23, 579303).
cost(22, 24, 379287).
cost(22, 25, 624163).
cost(22, 26, 437885).
cost(22, 27, 263661).
cost(22, 28, 203890).
cost(22, 29, 608329).
cost(22, 30, 530238).
cost(22, 31, 364558).
cost(22, 32, 219286).
cost(23, 1, 124522).
cost(23, 2, 669935).
cost(23, 3, 832741).
cost(23, 4, 393909).
cost(23, 5, 769097).
cost(23, 6, 721305).
cost(23, 7, 601944).
cost(23, 8, 844129).
cost(23, 9, 812114).
cost(23, 10, 770038).
cost(23, 11, 349443).
cost(23, 12, 251293).
cost(23, 13, 842265).
cost(23, 14, 572509).
cost(23, 15, 125209).
cost(23, 16, 710128).
cost(23, 17, 411974).
cost(23, 18, 256729).
cost(23, 19, 162721).
cost(23, 20, 848559).
cost(23, 21, 334682).
cost(23, 22, 579303).
cost(23, 24, 659951).
cost(23, 25, 210762).
cost(23, 26, 176661).
cost(23, 27, 363784).
cost(23, 28, 592442).
cost(23, 29, 653065).
cost(23, 30, 92210).
cost(23, 31, 273941).
cost(23, 32, 767462).
cost(24, 1, 588456).
cost(24, 2, 150260).
cost(24, 3, 449886).
cost(24, 4, 323641).
cost(24, 5, 432565).
cost(24, 6, 97900).
cost(24, 7, 601721).
cost(24, 8, 326495).
cost(24, 9, 218844).
cost(24, 10, 549510).
cost(24, 11, 392441).
cost(24, 12, 678847).
cost(24, 13, 183711).
cost(24, 14, 363376).
cost(24, 15, 701193).
cost(24, 16, 292601).
cost(24, 17, 420459).
cost(24, 18, 522151).
cost(24, 19, 497243).
cost(24, 20, 336856).
cost(24, 21, 381753).
cost(24, 22, 379287).
cost(24, 23, 659951).
cost(24, 25, 574404).
cost(24, 26, 483785).
cost(24, 27, 533968).
cost(24, 28, 175423).
cost(24, 29, 272132).
cost(24, 30, 664418).
cost(24, 31, 388509).
cost(24, 32, 328470).
cost(25, 1, 275580).
cost(25, 2, 539944).
cost(25, 3, 858662).
cost(25, 4, 406945).
cost(25, 5, 802870).
cost(25, 6, 611124).
cost(25, 7, 391202).
cost(25, 8, 686409).
cost(25, 9, 679726).
cost(25, 10, 838695).
cost(25, 11, 192334).
cost(25, 12, 435512).
cost(25, 13, 743905).
cost(25, 14, 612520).
cost(25, 15, 331903).
cost(25, 16, 710887).
cost(25, 17, 479994).
cost(25, 18, 371681).
cost(25, 19, 182446).
cost(25, 20, 688930).
cost(25, 21, 369588).
cost(25, 22, 624163).
cost(25, 23, 210762).
cost(25, 24, 574404).
cost(25, 26, 198917).
cost(25, 27, 482115).
cost(25, 28, 565023).
cost(25, 29, 491150).
cost(25, 30, 291896).
cost(25, 31, 259950).
cost(25, 32, 769096).
cost(26, 1, 128684).
cost(26, 2, 503194).
cost(26, 3, 683380).
cost(26, 4, 231060).
cost(26, 5, 623357).
cost(26, 6, 548193).
cost(26, 7, 537128).
cost(26, 8, 687256).
cost(26, 9, 644143).
cost(26, 10, 646457).
cost(26, 11, 222072).
cost(26, 12, 280358).
cost(26, 13, 666599).
cost(26, 14, 428049).
cost(26, 15, 234412).
cost(26, 16, 548353).
cost(26, 17, 284138).
cost(26, 18, 178085).
cost(26, 19, 18852).
cost(26, 20, 692750).
cost(26, 21, 180934).
cost(26, 22, 437885).
cost(26, 23, 176661).
cost(26, 24, 483785).
cost(26, 25, 198917).
cost(26, 27, 285246).
cost(26, 28, 420555).
cost(26, 29, 503181).
cost(26, 30, 192187).
cost(26, 31, 97666).
cost(26, 32, 606589).
cost(27, 1, 239620).
cost(27, 2, 624244).
cost(27, 3, 511496).
cost(27, 4, 217743).
cost(27, 5, 444092).
cost(27, 6, 626338).
cost(27, 7, 805716).
cost(27, 8, 826537).
cost(27, 9, 744285).
cost(27, 10, 415704).
cost(27, 11, 472081).
cost(27, 12, 190777).
cost(27, 13, 704324).
cost(27, 14, 264848).
cost(27, 15, 299603).
cost(27, 16, 432952).
cost(27, 17, 117549).
cost(27, 18, 112352).
cost(27, 19, 300234).
cost(27, 20, 834840).
cost(27, 21, 179304).
cost(27, 22, 263661).
cost(27, 23, 363784).
cost(27, 24, 533968).
cost(27, 25, 482115).
cost(27, 26, 285246).
cost(27, 28, 385430).
cost(27, 29, 677301).
cost(27, 30, 292901).
cost(27, 31, 272027).
cost(27, 32, 481361).
cost(28, 1, 496398).
cost(28, 2, 312704).
cost(28, 3, 322879).
cost(28, 4, 204760).
cost(28, 5, 286981).
cost(28, 6, 273014).
cost(28, 7, 698813).
cost(28, 8, 501166).
cost(28, 9, 393390).
cost(28, 10, 387005).
cost(28, 11, 417544).
cost(28, 12, 552579).
cost(28, 13, 322622).
cost(28, 14, 187954).
cost(28, 15, 604014).
cost(28, 16, 158812).
cost(28, 17, 267940).
cost(28, 18, 400964).
cost(28, 19, 437803).
cost(28, 20, 511357).
cost(28, 21, 268471).
cost(28, 22, 203890).
cost(28, 23, 592442).
cost(28, 24, 175423).
cost(28, 25, 565023).
cost(28, 26, 420555).
cost(28, 27, 385430).
cost(28, 29, 417581).
cost(28, 30, 573757).
cost(28, 31, 324643).
cost(28, 32, 212886).
cost(29, 1, 630902).
cost(29, 2, 127561).
cost(29, 3, 720362).
cost(29, 4, 464984).
cost(29, 5, 697781).
cost(29, 6, 220553).
cost(29, 7, 357911).
cost(29, 8, 195259).
cost(29, 9, 216554).
cost(29, 10, 804585).
cost(29, 11, 306496).
cost(29, 12, 766545).
cost(29, 13, 342327).
cost(29, 14, 591481).
cost(29, 15, 736919).
cost(29, 16, 559326).
cost(29, 17, 585601).
cost(29, 18, 621044).
cost(29, 19, 507704).
cost(29, 20, 198007).
cost(29, 21, 498654).
cost(29, 22, 608329).
cost(29, 23, 653065).
cost(29, 24, 272132).
cost(29, 25, 491150).
cost(29, 26, 503181).
cost(29, 27, 677301).
cost(29, 28, 417581).
cost(29, 30, 693880).
cost(29, 31, 437256).
cost(29, 32, 599380).
cost(30, 1, 77501).
cost(30, 2, 694572).
cost(30, 3, 785252).
cost(30, 4, 369328).
cost(30, 5, 719639).
cost(30, 6, 735293).
cost(30, 7, 679959).
cost(30, 8, 879349).
cost(30, 9, 834808).
cost(30, 10, 707119).
cost(30, 11, 400738).
cost(30, 12, 159712).
cost(30, 13, 848129).
cost(30, 14, 525710).
cost(30, 15, 43781).
cost(30, 16, 675536).
cost(30, 17, 360810).
cost(30, 18, 197022).
cost(30, 19, 186193).
cost(30, 20, 884753).
cost(30, 21, 306075).
cost(30, 22, 530238).
cost(30, 23, 92210).
cost(30, 24, 664418).
cost(30, 25, 291896).
cost(30, 26, 192187).
cost(30, 27, 292901).
cost(30, 28, 573757).
cost(30, 29, 693880).
cost(30, 31, 277955).
cost(30, 32, 731129).
cost(31, 1, 204610).
cost(31, 2, 420182).
cost(31, 3, 600484).
cost(31, 4, 147117).
cost(31, 5, 543434).
cost(31, 6, 457341).
cost(31, 7, 534734).
cost(31, 8, 612022).
cost(31, 9, 558610).
cost(31, 10, 580996).
cost(31, 11, 200190).
cost(31, 12, 329290).
cost(31, 13, 571944).
cost(31, 14, 352657).
cost(31, 15, 317100).
cost(31, 16, 458370).
cost(31, 17, 231308).
cost(31, 18, 189122).
cost(31, 19, 113807).
cost(31, 20, 618415).
cost(31, 21, 115271).
cost(31, 22, 364558).
cost(31, 23, 273941).
cost(31, 24, 388509).
cost(31, 25, 259950).
cost(31, 26, 97666).
cost(31, 27, 272027).
cost(31, 28, 324643).
cost(31, 29, 437256).
cost(31, 30, 277955).
cost(31, 32, 516814).
cost(32, 1, 656947).
cost(32, 2, 478554).
cost(32, 3, 121499).
cost(32, 4, 375894).
cost(32, 5, 120247).
cost(32, 6, 406904).
cost(32, 7, 906390).
cost(32, 8, 633631).
cost(32, 9, 509804).
cost(32, 10, 256165).
cost(32, 11, 629939).
cost(32, 12, 670237).
cost(32, 13, 381795).
cost(32, 14, 216544).
cost(32, 15, 753618).
cost(32, 16, 58449).
cost(32, 17, 376986).
cost(32, 18, 538906).
cost(32, 19, 625003).
cost(32, 20, 644631).
cost(32, 21, 432817).
cost(32, 22, 219286).
cost(32, 23, 767462).
cost(32, 24, 328470).
cost(32, 25, 769096).
cost(32, 26, 606589).
cost(32, 27, 481361).
cost(32, 28, 212886).
cost(32, 29, 599380).
cost(32, 30, 731129).
cost(32, 31, 516814).
