dimension(32).
point(1, 52575.0, 717250.0).
point(2, 895941.0, 401458.0).
point(3, 715813.0, 340704.0).
point(4, 551527.0, 580493.0).
point(5, 571827.0, 367792.0).
point(6, 570137.0, 830055.0).
point(7, 51213.0, 320464.0).
point(8, 189513.0, 343703.0).
point(9, 138240.0, 633725.0).
point(10, 445911.0, 704324.0).
point(11, 378710.0, 841771.0).
point(12, 811588.0, 967277.0).
point(13, 370897.0, 124520.0).
point(14, 324858.0, 452817.0).
point(15, 189429.0, 87887.0).
point(16, 348884.0, 952336.0).
point(17, 868532.0, 127807.0).
point(18, 489564.0, 477812.0).
point(19, 139073.0, 873794.0).
point(20, 167097.0, 487812.0).
point(21, 54241.0, 599341.0).
point(22, 307365.0, 384316.0).
point(23, 706908.0, 82615.0).
point(24, 764141.0, 85687.0).
point(25, 132574.0, 286859.0).
point(26, 762414.0, 737971.0).
point(27, 461809.0, 702804.0).
point(28, 112178.0, 100238.0).
point(29, 848718.0, 768134.0).
point(30, 911894.0, 238000.0).
point(31, 201630.0, 677733.0).
point(32, 413395.0, 84014.0).
cost(1, 2, 900550).
cost(1, 3, 762674).
cost(1, 4, 517354).
cost(1, 5, 625894).
cost(1, 6, 529713).
cost(1, 7, 396788).
cost(1, 8, 397856).
cost(1, 9, 119645).
cost(1, 10, 393548).
cost(1, 11, 349098).
cost(1, 12, 799133).
cost(1, 13, 672798).
cost(1, 14, 379556).
cost(1, 15, 644070).
cost(1, 16, 378239).
cost(1, 17, 1006593).
cost(1, 18, 498287).
cost(1, 19, 178852).
cost(1, 20, 256431).
cost(1, 21, 117921).
cost(1, 22, 419241).
cost(1, 23, 911544).
cost(1, 24, 951419).
cost(1, 25, 437763).
cost(1, 26, 710141).
cost(1, 27, 409489).
cost(1, 28, 619884).
cost(1, 29, 797767).
cost(1, 30, 983926).
cost(1, 31, 154204).
cost(1, 32, 728820).
cost(2, 1, 900550).
cost(2, 3, 190098).
cost(2, 4, 388168).
cost(2, 5, 325858).
cost(2, 6, 538371).
cost(2, 7, 848602).
cost(2, 8, 708785).
cost(2, 9, 792502).
cost(2, 10, 542453).
cost(2, 11, 679267).
cost(2, 12, 572072).
cost(2, 13, 593604).
cost(2, 14, 573388).
cost(2, 15, 772972).
cost(2, 16, 776362).
cost(2, 17, 275020).
cost(2, 18, 413488).
cost(2, 19, 892161).
cost(2, 20, 733942).
cost(2, 21, 864648).
cost(2, 22, 588826).
cost(2, 23, 370667).
cost(2, 24, 342173).
cost(2, 25, 771921).
cost(2, 26, 362037).
cost(2, 27, 528469).
cost(2, 28, 839653).
cost(2, 29, 369704).
cost(2, 30, 164235).
cost(2, 31, 747259).
cost(2, 32, 577600).
cost(3, 1, 762674).
cost(3, 2, 190098).
cost(3, 4, 290669).
cost(3, 5, 146512).
cost(3, 6, 510574).
cost(3, 7, 664908).
cost(3, 8, 526309).
cost(3, 9, 647651).
cost(3, 10, 452843).
cost(3, 11, 603909).
cost(3, 12, 633851).
cost(3, 13, 407066).
cost(3, 14, 406713).
cost(3, 15, 583949).
cost(3, 16, 713254).
cost(3, 17, 262008).
cost(3, 18, 264551).
cost(3, 19, 785375).
cost(3, 20, 568093).
cost(3, 21, 710331).
cost(3, 22, 410770).
cost(3, 23, 258243).
cost(3, 24, 259556).
cost(3, 25, 585719).
cost(3, 26, 399991).
cost(3, 27, 442306).
cost(3, 28, 649769).
cost(3, 29, 447616).
cost(3, 30, 221350).
cost(3, 31, 614795).
cost(3, 32, 396669).
cost(4, 1, 517354).
cost(4, 2, 388168).
cost(4, 3, 290669).
cost(4, 5, 213668).
cost(4, 6, 250255).
cost(4, 7, 563852).
cost(4, 8, 432578).
cost(4, 9, 416701).
cost(4, 10, 162754).
cost(4, 11, 313260).
cost(4, 12, 466083).
cost(4, 13, 490447).
cost(4, 14, 260154).
cost(4, 15, 611372).
cost(4, 16, 423475).
cost(4, 17, 552645).
cost(4, 18, 119928).
cost(4, 19, 506106).
cost(4, 20, 395444).
cost(4, 21, 497643).
cost(4, 22, 313210).
cost(4, 23, 521561).
cost(4, 24, 538551).
cost(4, 25, 511608).
cost(4, 26, 263197).
cost(4, 27, 151688).
cost(4, 28, 650901).
cost(4, 29, 351471).
cost(4, 30, 497158).
cost(4, 31, 363158).
cost(4, 32, 515337).
cost(5, 1, 625894).
cost(5, 2, 325858).
cost(5, 3, 146512).
cost(5, 4, 213668).
cost(5, 6, 462266).
cost(5, 7, 522761).
cost(5, 8, 383072).
cost(5, 9, 508643).
cost(5, 10, 359317).
cost(5, 11, 511811).
cost(5, 12, 645653).
cost(5, 13, 315522).
cost(5, 14, 261195).
cost(5, 15, 473893).
cost(5, 16, 625616).
cost(5, 17, 381611).
cost(5, 18, 137374).
cost(5, 19, 665818).
cost(5, 20, 422151).
cost(5, 21, 567019).
cost(5, 22, 264978).
cost(5, 23, 315552).
cost(5, 24, 341420).
cost(5, 25, 446647).
cost(5, 26, 416360).
cost(5, 27, 352615).
cost(5, 28, 531848).
cost(5, 29, 486767).
cost(5, 30, 363994).
cost(5, 31, 482814).
cost(5, 32, 325009).
cost(6, 1, 529713).
cost(6, 2, 538371).
cost(6, 3, 510574).
cost(6, 4, 250255).
cost(6, 5, 462266).
cost(6, 7, 727300).
cost(6, 8, 617586).
cost(6, 9, 474426).
cost(6, 10, 176749).
cost(6, 11, 191785).
cost(6, 12, 277720).
cost(6, 13, 733128).
cost(6, 14, 449967).
cost(6, 15, 834117).
cost(6, 16, 252795).
cost(6, 17, 763015).
cost(6, 18, 361341).
cost(6, 19, 433277).
cost(6, 20, 528745).
cost(6, 21, 565135).
cost(6, 22, 517429).
cost(6, 23, 759851).
cost(6, 24, 769234).
cost(6, 25, 697512).
cost(6, 26, 213190).
cost(6, 27, 167116).
cost(6, 28, 861603).
cost(6, 29, 285380).
cost(6, 30, 683613).
cost(6, 31, 398747).
cost(6, 32, 762329).
cost(7, 1, 396788).
cost(7, 2, 848602).
cost(7, 3, 664908).
cost(7, 4, 563852).
cost(7, 5, 522761).
cost(7, 6, 727300).
cost(7, 8, 140239).
cost(7, 9, 325125).
cost(7, 10, 550577).
cost(7, 11, 615642).
cost(7, 12, 998267).
cost(7, 13, 374956).
cost(7, 14, 303972).
cost(7, 15, 270547).
cost(7, 16, 698477).
cost(7, 17, 839718).
cost(7, 18, 465736).
cost(7, 19, 560262).
cost(7, 20, 203555).
cost(7, 21, 278893).
cost(7, 22, 263990).
cost(7, 23, 697501).
cost(7, 24, 750591).
cost(7, 25, 88028).
cost(7, 26, 824693).
cost(7, 27, 561046).
cost(7, 28, 228509).
cost(7, 29, 914561).
cost(7, 30, 864623).
cost(7, 31, 387642).
cost(7, 32, 432533).
cost(8, 1, 397856).
cost(8, 2, 708785).
cost(8, 3, 526309).
cost(8, 4, 432578).
cost(8, 5, 383072).
cost(8, 6, 617586).
cost(8, 7, 140239).
cost(8, 9, 294519).
cost(8, 10, 442479).
cost(8, 11, 532792).
cost(8, 12, 880807).
cost(8, 13, 284502).
cost(8, 14, 173851).
cost(8, 15, 255816).
cost(8, 16, 629153).
cost(8, 17, 712515).
cost(8, 18, 328658).
cost(8, 19, 532485).
cost(8, 20, 145842).
cost(8, 21, 289222).
cost(8, 22, 124654).
cost(8, 23, 579538).
cost(8, 24, 629896).
cost(8, 25, 80457).
cost(8, 26, 695459).
cost(8, 27, 450665).
cost(8, 28, 255452).
cost(8, 29, 784024).
cost(8, 30, 730074).
cost(8, 31, 334250).
cost(8, 32, 342872).
cost(9, 1, 119645).
cost(9, 2, 792502).
cost(9, 3, 647651).
cost(9, 4, 416701).
cost(9, 5, 508643).
cost(9, 6, 474426).
cost(9, 7, 325125).
cost(9, 8, 294519).
cost(9, 10, 315667).
cost(9, 11, 317976).
cost(9, 12, 751435).
cost(9, 13, 559838).
cost(9, 14, 259911).
cost(9, 15, 548233).
cost(9, 16, 381947).
cost(9, 17, 888414).
cost(9, 18, 384366).
cost(9, 19, 240070).
cost(9, 20, 148739).
cost(9, 21, 90764).
cost(9, 22, 301344).
cost(9, 23, 791900).
cost(9, 24, 831924).
cost(9, 25, 346912).
cost(9, 26, 632819).
cost(9, 27, 330861).
cost(9, 28, 534123).
cost(9, 29, 723080).
cost(9, 30, 868987).
cost(9, 31, 77169).
cost(9, 32, 614730).
cost(10, 1, 393548).
cost(10, 2, 542453).
cost(10, 3, 452843).
cost(10, 4, 162754).
cost(10, 5, 359317).
cost(10, 6, 176749).
cost(10, 7, 550577).
cost(10, 8, 442479).
cost(10, 9, 315667).
cost(10, 11, 152996).
cost(10, 12, 450404).
cost(10, 13, 584636).
cost(10, 14, 279123).
cost(10, 15, 667666).
cost(10, 16, 266316).
cost(10, 17, 714829).
cost(10, 18, 230680).
cost(10, 19, 350528).
cost(10, 20, 353008).
cost(10, 21, 405496).
cost(10, 22, 348712).
cost(10, 23, 674271).
cost(10, 24, 695688).
cost(10, 25, 521974).
cost(10, 26, 318286).
cost(10, 27, 15970).
cost(10, 28, 690143).
cost(10, 29, 407830).
cost(10, 30, 659241).
cost(10, 31, 245724).
cost(10, 32, 621162).
cost(11, 1, 349098).
cost(11, 2, 679267).
cost(11, 3, 603909).
cost(11, 4, 313260).
cost(11, 5, 511811).
cost(11, 6, 191785).
cost(11, 7, 615642).
cost(11, 8, 532792).
cost(11, 9, 317976).
cost(11, 10, 152996).
cost(11, 12, 450705).
cost(11, 13, 717294).
cost(11, 14, 392664).
cost(11, 15, 777283).
cost(11, 16, 114517).
cost(11, 17, 865835).
cost(11, 18, 380467).
cost(11, 19, 241767).
cost(11, 20, 412392).
cost(11, 21, 405034).
cost(11, 22, 462985).
cost(11, 23, 827062).
cost(11, 24, 848658).
cost(11, 25, 607050).
cost(11, 26, 397496).
cost(11, 27, 161917).
cost(11, 28, 787979).
cost(11, 29, 475741).
cost(11, 30, 805496).
cost(11, 31, 241383).
cost(11, 32, 758550).
cost(12, 1, 799133).
cost(12, 2, 572072).
cost(12, 3, 633851).
cost(12, 4, 466083).
cost(12, 5, 645653).
cost(12, 6, 277720).
cost(12, 7, 998267).
cost(12, 8, 880807).
cost(12, 9, 751435).
cost(12, 10, 450404).
cost(12, 11, 450705).
cost(12, 13, 951025).
cost(12, 14, 708220).
cost(12, 15, 1077223).
cost(12, 16, 462945).
cost(12, 17, 841399).
cost(12, 18, 585897).
cost(12, 19, 678981).
cost(12, 20, 803278).
cost(12, 21, 841993).
cost(12, 22, 770769).
cost(12, 23, 890834).
cost(12, 24, 882866).
cost(12, 25, 961264).
cost(12, 26, 234519).
cost(12, 27, 438510).
cost(12, 28, 1113971).
cost(12, 29, 202575).
cost(12, 30, 736143).
cost(12, 31, 675192).
cost(12, 32, 968871).
cost(13, 1, 672798).
cost(13, 2, 593604).
cost(13, 3, 407066).
cost(13, 4, 490447).
cost(13, 5, 315522).
cost(13, 6, 733128).
cost(13, 7, 374956).
cost(13, 8, 284502).
cost(13, 9, 559838).
cost(13, 10, 584636).
cost(13, 11, 717294).
cost(13, 12, 951025).
cost(13, 14, 331509).
cost(13, 15, 185129).
cost(13, 16, 828109).
cost(13, 17, 497646).
cost(13, 18, 372689).
cost(13, 19, 784317).
cost(13, 20, 416552).
cost(13, 21, 570724).
cost(13, 22, 267451).
cost(13, 23, 338614).
cost(13, 24, 395157).
cost(13, 25, 288361).
cost(13, 26, 727741).
cost(13, 27, 585387).
cost(13, 28, 259856).
cost(13, 29, 801593).
cost(13, 30, 552771).
cost(13, 31, 578529).
cost(13, 32, 58710).
cost(14, 1, 379556).
cost(14, 2, 573388).
cost(14, 3, 406713).
cost(14, 4, 260154).
cost(14, 5, 261195).
cost(14, 6, 449967).
cost(14, 7, 303972).
cost(14, 8, 173851).
cost(14, 9, 259911).
cost(14, 10, 279123).
cost(14, 11, 392664).
cost(14, 12, 708220).
cost(14, 13, 331509).
cost(14, 15, 389249).
cost(14, 16, 500096).
cost(14, 17, 633414).
cost(14, 18, 166592).
cost(14, 19, 460150).
cost(14, 20, 161596).
cost(14, 21, 307738).
cost(14, 22, 70699).
cost(14, 23, 531988).
cost(14, 24, 572498).
cost(14, 25, 253998).
cost(14, 26, 522272).
cost(14, 27, 285042).
cost(14, 28, 411758).
cost(14, 29, 611436).
cost(14, 30, 625106).
cost(14, 31, 256461).
cost(14, 32, 379281).
cost(15, 1, 644070).
cost(15, 2, 772972).
cost(15, 3, 583949).
cost(15, 4, 611372).
cost(15, 5, 473893).
cost(15, 6, 834117).
cost(15, 7, 270547).
cost(15, 8, 255816).
cost(15, 9, 548233).
cost(15, 10, 667666).
cost(15, 11, 777283).
cost(15, 12, 1077223).
cost(15, 13, 185129).
cost(15, 14, 389249).
cost(15, 16, 879032).
cost(15, 17, 680275).
cost(15, 18, 492059).
cost(15, 19, 787519).
cost(15, 20, 400548).
cost(15, 21, 529019).
cost(15, 22, 319028).
cost(15, 23, 517506).
cost(15, 24, 574716).
cost(15, 25, 206936).
cost(15, 26, 866557).
cost(15, 27, 672543).
cost(15, 28, 78232).
cost(15, 29, 947311).
cost(15, 30, 737895).
cost(15, 31, 589972).
cost(15, 32, 223999).
cost(16, 1, 378239).
cost(16, 2, 776362).
cost(16, 3, 713254).
cost(16, 4, 423475).
cost(16, 5, 625616).
cost(16, 6, 252795).
cost(16, 7, 698477).
cost(16, 8, 629153).
cost(16, 9, 381947).
cost(16, 10, 266316).
cost(16, 11, 114517).
cost(16, 12, 462945).
cost(16, 13, 828109).
cost(16, 14, 500096).
cost(16, 15, 879032).
cost(16, 17, 974619).
cost(16, 18, 494938).
cost(16, 19, 224030).
cost(16, 20, 498828).
cost(16, 21, 459804).
cost(16, 22, 569535).
cost(16, 23, 940530).
cost(16, 24, 960999).
cost(16, 25, 699750).
cost(16, 26, 465789).
cost(16, 27, 273895).
cost(16, 28, 884365).
cost(16, 29, 532695).
cost(16, 30, 909536).
cost(16, 31, 311594).
cost(16, 32, 870715).
cost(17, 1, 1006593).
cost(17, 2, 275020).
cost(17, 3, 262008).
cost(17, 4, 552645).
cost(17, 5, 381611).
cost(17, 6, 763015).
cost(17, 7, 839718).
cost(17, 8, 712515).
cost(17, 9, 888414).
cost(17, 10, 714829).
cost(17, 11, 865835).
cost(17, 12, 841399).
cost(17, 13, 497646).
cost(17, 14, 633414).
cost(17, 15, 680275).
cost(17, 16, 974619).
cost(17, 18, 515868).
cost(17, 19, 1043363).
cost(17, 20, 788425).
cost(17, 21, 940964).
cost(17, 22, 617013).
cost(17, 23, 167823).
cost(17, 24, 112568).
cost(17, 25, 752949).
cost(17, 26, 619323).
cost(17, 27, 704305).
cost(17, 28, 756856).
cost(17, 29, 640633).
cost(17, 30, 118418).
cost(17, 31, 864394).
cost(17, 32, 457239).
cost(18, 1, 498287).
cost(18, 2, 413488).
cost(18, 3, 264551).
cost(18, 4, 119928).
cost(18, 5, 137374).
cost(18, 6, 361341).
cost(18, 7, 465736).
cost(18, 8, 328658).
cost(18, 9, 384366).
cost(18, 10, 230680).
cost(18, 11, 380467).
cost(18, 12, 585897).
cost(18, 13, 372689).
cost(18, 14, 166592).
cost(18, 15, 492059).
cost(18, 16, 494938).
cost(18, 17, 515868).
cost(18, 19, 528815).
cost(18, 20, 322622).
cost(18, 21, 451968).
cost(18, 22, 204788).
cost(18, 23, 451020).
cost(18, 24, 478701).
cost(18, 25, 404852).
cost(18, 26, 377001).
cost(18, 27, 226697).
cost(18, 28, 533837).
cost(18, 29, 461821).
cost(18, 30, 485667).
cost(18, 31, 350534).
cost(18, 32, 401097).
cost(19, 1, 178852).
cost(19, 2, 892161).
cost(19, 3, 785375).
cost(19, 4, 506106).
cost(19, 5, 665818).
cost(19, 6, 433277).
cost(19, 7, 560262).
cost(19, 8, 532485).
cost(19, 9, 240070).
cost(19, 10, 350528).
cost(19, 11, 241767).
cost(19, 12, 678981).
cost(19, 13, 784317).
cost(19, 14, 460150).
cost(19, 15, 787519).
cost(19, 16, 224030).
cost(19, 17, 1043363).
cost(19, 18, 528815).
cost(19, 20, 386998).
cost(19, 21, 287265).
cost(19, 22, 517601).
cost(19, 23, 973859).
cost(19, 24, 1005894).
cost(19, 25, 586971).
cost(19, 26, 637967).
cost(19, 27, 365234).
cost(19, 28, 774023).
cost(19, 29, 717468).
cost(19, 30, 1000743).
cost(19, 31, 205799).
cost(19, 32, 836065).
cost(20, 1, 256431).
cost(20, 2, 733942).
cost(20, 3, 568093).
cost(20, 4, 395444).
cost(20, 5, 422151).
cost(20, 6, 528745).
cost(20, 7, 203555).
cost(20, 8, 145842).
cost(20, 9, 148739).
cost(20, 10, 353008).
cost(20, 11, 412392).
cost(20, 12, 803278).
cost(20, 13, 416552).
cost(20, 14, 161596).
cost(20, 15, 400548).
cost(20, 16, 498828).
cost(20, 17, 788425).
cost(20, 18, 322622).
cost(20, 19, 386998).
cost(20, 21, 158667).
cost(20, 22, 174317).
cost(20, 23, 674967).
cost(20, 24, 719838).
cost(20, 25, 203897).
cost(20, 26, 645741).
cost(20, 27, 364797).
cost(20, 28, 391446).
cost(20, 29, 737013).
cost(20, 30, 785575).
cost(20, 31, 193035).
cost(20, 32, 472986).
cost(21, 1, 117921).
cost(21, 2, 864648).
cost(21, 3, 710331).
cost(21, 4, 497643).
cost(21, 5, 567019).
cost(21, 6, 565135).
cost(21, 7, 278893).
cost(21, 8, 289222).
cost(21, 9, 90764).
cost(21, 10, 405496).
cost(21, 11, 405034).
cost(21, 12, 841993).
cost(21, 13, 570724).
cost(21, 14, 307738).
cost(21, 15, 529019).
cost(21, 16, 459804).
cost(21, 17, 940964).
cost(21, 18, 451968).
cost(21, 19, 287265).
cost(21, 20, 158667).
cost(21, 22, 332126).
cost(21, 23, 832454).
cost(21, 24, 876241).
cost(21, 25, 322151).
cost(21, 26, 721614).
cost(21, 27, 420495).
cost(21, 28, 502454).
cost(21, 29, 812210).
cost(21, 30, 930664).
cost(21, 31, 166940).
cost(21, 32, 628135).
cost(22, 1, 419241).
cost(22, 2, 588826).
cost(22, 3, 410770).
cost(22, 4, 313210).
cost(22, 5, 264978).
cost(22, 6, 517429).
cost(22, 7, 263990).
cost(22, 8, 124654).
cost(22, 9, 301344).
cost(22, 10, 348712).
cost(22, 11, 462985).
cost(22, 12, 770769).
cost(22, 13, 267451).
cost(22, 14, 70699).
cost(22, 15, 319028).
cost(22, 16, 569535).
cost(22, 17, 617013).
cost(22, 18, 204788).
cost(22, 19, 517601).
cost(22, 20, 174317).
cost(22, 21, 332126).
cost(22, 23, 500658).
cost(22, 24, 545732).
cost(22, 25, 200124).
cost(22, 26, 576317).
cost(22, 27, 353960).
cost(22, 28, 344671).
cost(22, 29, 663611).
cost(22, 30, 621984).
cost(22, 31, 311887).
cost(22, 32, 318471).
cost(23, 1, 911544).
cost(23, 2, 370667).
cost(23, 3, 258243).
cost(23, 4, 521561).
cost(23, 5, 315552).
cost(23, 6, 759851).
cost(23, 7, 697501).
cost(23, 8, 579538).
cost(23, 9, 791900).
cost(23, 10, 674271).
cost(23, 11, 827062).
cost(23, 12, 890834).
cost(23, 13, 338614).
cost(23, 14, 531988).
cost(23, 15, 517506).
cost(23, 16, 940530).
cost(23, 17, 167823).
cost(23, 18, 451020).
cost(23, 19, 973859).
cost(23, 20, 674967).
cost(23, 21, 832454).
cost(23, 22, 500658).
cost(23, 24, 57315).
cost(23, 25, 609570).
cost(23, 26, 657702).
cost(23, 27, 666864).
cost(23, 28, 594991).
cost(23, 29, 700033).
cost(23, 30, 257223).
cost(23, 31, 780686).
cost(23, 32, 293516).
cost(24, 1, 951419).
cost(24, 2, 342173).
cost(24, 3, 259556).
cost(24, 4, 538551).
cost(24, 5, 341420).
cost(24, 6, 769234).
cost(24, 7, 750591).
cost(24, 8, 629896).
cost(24, 9, 831924).
cost(24, 10, 695688).
cost(24, 11, 848658).
cost(24, 12, 882866).
cost(24, 13, 395157).
cost(24, 14, 572498).
cost(24, 15, 574716).
cost(24, 16, 960999).
cost(24, 17, 112568).
cost(24, 18, 478701).
cost(24, 19, 1005894).
cost(24, 20, 719838).
cost(24, 21, 876241).
cost(24, 22, 545732).
cost(24, 23, 57315).
cost(24, 25, 662833).
cost(24, 26, 652286).
cost(24, 27, 687196).
cost(24, 28, 652125).
cost(24, 29, 687668).
cost(24, 30, 212203).
cost(24, 31, 816662).
cost(24, 32, 350750).
cost(25, 1, 437763).
cost(25, 2, 771921).
cost(25, 3, 585719).
cost(25, 4, 511608).
cost(25, 5, 446647).
cost(25, 6, 697512).
cost(25, 7, 88028).
cost(25, 8, 80457).
cost(25, 9, 346912).
cost(25, 10, 521974).
cost(25, 11, 607050).
cost(25, 12, 961264).
cost(25, 13, 288361).
cost(25, 14, 253998).
cost(25, 15, 206936).
cost(25, 16, 699750).
cost(25, 17, 752949).
cost(25, 18, 404852).
cost(25, 19, 586971).
cost(25, 20, 203897).
cost(25, 21, 322151).
cost(25, 22, 200124).
cost(25, 23, 609570).
cost(25, 24, 662833).
cost(25, 26, 774726).
cost(25, 27, 530477).
cost(25, 28, 187732).
cost(25, 29, 862837).
cost(25, 30, 780850).
cost(25, 31, 396927).
cost(25, 32, 346420).
cost(26, 1, 710141).
cost(26, 2, 362037).
cost(26, 3, 399991).
cost(26, 4, 263197).
cost(26, 5, 416360).
cost(26, 6, 213190).
cost(26, 7, 824693).
cost(26, 8, 695459).
cost(26, 9, 632819).
cost(26, 10, 318286).
cost(26, 11, 397496).
cost(26, 12, 234519).
cost(26, 13, 727741).
cost(26, 14, 522272).
cost(26, 15, 866557).
cost(26, 16, 465789).
cost(26, 17, 619323).
cost(26, 18, 377001).
cost(26, 19, 637967).
cost(26, 20, 645741).
cost(26, 21, 721614).
cost(26, 22, 576317).
cost(26, 23, 657702).
cost(26, 24, 652286).
cost(26, 25, 774726).
cost(26, 27, 302655).
cost(26, 28, 910775).
cost(26, 29, 91423).
cost(26, 30, 521838).
cost(26, 31, 564010).
cost(26, 32, 741265).
cost(27, 1, 409489).
cost(27, 2, 528469).
cost(27, 3, 442306).
cost(27, 4, 151688).
cost(27, 5, 352615).
cost(27, 6, 167116).
cost(27, 7, 561046).
cost(27, 8, 450665).
cost(27, 9, 330861).
cost(27, 10, 15970).
cost(27, 11, 161917).
cost(27, 12, 438510).
cost(27, 13, 585387).
cost(27, 14, 285042).
cost(27, 15, 672543).
cost(27, 16, 273895).
cost(27, 17, 704305).
cost(27, 18, 226697).
cost(27, 19, 365234).
cost(27, 20, 364797).
cost(27, 21, 420495).
cost(27, 22, 353960).
cost(27, 23, 666864).
cost(27, 24, 687196).
cost(27, 25, 530477).
cost(27, 26, 302655).
cost(27, 28, 696655).
cost(27, 29, 392386).
cost(27, 30, 647008).
cost(27, 31, 261384).
cost(27, 32, 620681).
cost(28, 1, 619884).
cost(28, 2, 839653).
cost(28, 3, 649769).
cost(28, 4, 650901).
cost(28, 5, 531848).
cost(28, 6, 861603).
cost(28, 7, 228509).
cost(28, 8, 255452).
cost(28, 9, 534123).
cost(28, 10, 690143).
cost(28, 11, 787979).
cost(28, 12, 1113971).
cost(28, 13, 259856).
cost(28, 14, 411758).
cost(28, 15, 78232).
cost(28, 16, 884365).
cost(28, 17, 756856).
cost(28, 18, 533837).
cost(28, 19, 774023).
cost(28, 20, 391446).
cost(28, 21, 502454).
cost(28, 22, 344671).
cost(28, 23, 594991).
cost(28, 24, 652125).
cost(28, 25, 187732).
cost(28, 26, 910775).
cost(28, 27, 696655).
cost(28, 29, 994272).
cost(28, 30, 811495).
cost(28, 31, 584382).
cost(28, 32, 301654).
cost(29, 1, 797767).
cost(29, 2, 369704).
cost(29, 3, 447616).
cost(29, 4, 351471).
cost(29, 5, 486767).
cost(29, 6, 285380).
cost(29, 7, 914561).
cost(29, 8, 784024).
cost(29, 9, 723080).
cost(29, 10, 407830).
cost(29, 11, 475741).
cost(29, 12, 202575).
cost(29, 13, 801593).
cost(29, 14, 611436).
cost(29, 15, 947311).
cost(29, 16, 532695).
cost(29, 17, 640633).
cost(29, 18, 461821).
cost(29, 19, 717468).
cost(29, 20, 737013).
cost(29, 21, 812210).
cost(29, 22, 663611).
cost(29, 23, 700033).
cost(29, 24, 687668).
cost(29, 25, 862837).
cost(29, 26, 91423).
cost(29, 27, 392386).
cost(29, 28, 994272).
cost(29, 30, 533885).
cost(29, 31, 653372).
cost(29, 32, 810880).
cost(30, 1, 983926).
cost(30, 2, 164235).
cost(30, 3, 221350).
cost(30, 4, 497158).
cost(30, 5, 363994).
cost(30, 6, 683613).
cost(30, 7, 864623).
cost(30, 8, 730074).
cost(30, 9, 868987).
cost(30, 10, 659241).
cost(30, 11, 805496).
cost(30, 12, 736143).
cost(30, 13, 552771).
cost(30, 14, 625106).
cost(30, 15, 737895).
cost(30, 16, 909536).
cost(30, 17, 118418).
cost(30, 18, 485667).
cost(30, 19, 1000743).
cost(30, 20, 785575).
cost(30, 21, 930664).
cost(30, 22, 621984).
cost(30, 23, 257223).
cost(30, 24, 212203).
cost(30, 25, 780850).
cost(30, 26, 521838).
cost(30, 27, 647008).
cost(30, 28, 811495).
cost(30, 29, 533885).
cost(30, 31, 835368).
cost(30, 32, 521740).
cost(31, 1, 154204).
cost(31, 2, 747259).
cost(31, 3, 614795).
cost(31, 4, 363158).
cost(31, 5, 482814).
cost(31, 6, 398747).
cost(31, 7, 387642).
cost(31, 8, 334250).
cost(31, 9, 77169).
cost(31, 10, 245724).
cost(31, 11, 241383).
cost(31, 12, 675192).
cost(31, 13, 578529).
cost(31, 14, 256461).
cost(31, 15, 589972).
cost(31, 16, 311594).
cost(31, 17, 864394).
cost(31, 18, 350534).
cost(31, 19, 205799).
cost(31, 20, 193035).
cost(31, 21, 166940).
cost(31, 22, 311887).
cost(31, 23, 780686).
cost(31, 24, 816662).
cost(31, 25, 396927).
cost(31, 26, 564010).
cost(31, 27, 261384).
cost(31, 28, 584382).
cost(31, 29, 653372).
cost(31, 30, 835368).
cost(31, 32, 630354).
cost(32, 1, 728820).
cost(32, 2, 577600).
cost(32, 3, 396669).
cost(32, 4, 515337).
cost(32, 5, 325009).
cost(32, 6, 762329).
cost(32, 7, 432533).
cost(32, 8, 342872).
cost(32, 9, 614730).
cost(32, 10, 621162).
cost(32, 11, 758550).
cost(32, 12, 968871).
cost(32, 13, 58710).
cost(32, 14, 379281).
cost(32, 15, 223999).
cost(32, 16, 870715).
cost(32, 17, 457239).
cost(32, 18, 401097).
cost(32, 19, 836065).
cost(32, 20, 472986).
cost(32, 21, 628135).
cost(32, 22, 318471).
cost(32, 23, 293516).
cost(32, 24, 350750).
cost(32, 25, 346420).
cost(32, 26, 741265).
cost(32, 27, 620681).
cost(32, 28, 301654).
cost(32, 29, 810880).
cost(32, 30, 521740).
cost(32, 31, 630354).
