dimension(32).
point(1, 176732.0, 793366.0).
point(2, 393308.0, 614971.0).
point(3, 494950.0, 894657.0).
point(4, 740981.0, 613763.0).
point(5, 364900.0, 943825.0).
point(6, 778773.0, 914109.0).
point(7, 774461.0, 733329.0).
point(8, 580205.0, 290382.0).
point(9, 717669.0, 832229.0).
point(10, 102971.0, 256558.0).
point(11, 648125.0, 465300.0).
point(12, 154506.0, 303336.0).
point(13, 949830.0, 904043.0).
point(14, 165908.0, 962693.0).
point(15, 695795.0, 31211.0).
point(16, 908230.0, 674464.0).
point(17, 566701.0, 444980.0).
point(18, 962334.0, 593257.0).
point(19, 433571.0, 921706.0).
point(20, 968903.0, 266356.0).
point(21, 141784.0, 49578.0).
point(22, 400395.0, 353051.0).
point(23, 515694.0, 365291.0).
point(24, 644684.0, 124034.0).
point(25, 824533.0, 220119.0).
point(26, 601046.0, 834387.0).
point(27, 639160.0, 290641.0).
point(28, 403892.0, 502268.0).
point(29, 226664.0, 948327.0).
point(30, 652636.0, 901692.0).
point(31, 461085.0, 819275.0).
point(32, 644860.0, 98544.0).
cost(1, 2, 280589).
cost(1, 3, 333950).
cost(1, 4, 592144).
cost(1, 5, 240926).
cost(1, 6, 614030).
cost(1, 7, 600737).
cost(1, 8, 644813).
cost(1, 9, 542331).
cost(1, 10, 541852).
cost(1, 11, 574316).
cost(1, 12, 490534).
cost(1, 13, 780980).
cost(1, 14, 169673).
cost(1, 15, 922121).
cost(1, 16, 741099).
cost(1, 17, 522923).
cost(1, 18, 810687).
cost(1, 19, 287119).
cost(1, 20, 951459).
cost(1, 21, 744609).
cost(1, 22, 493865).
cost(1, 23, 546025).
cost(1, 24, 816691).
cost(1, 25, 865019).
cost(1, 26, 426292).
cost(1, 27, 683061).
cost(1, 28, 369242).
cost(1, 29, 162807).
cost(1, 30, 488077).
cost(1, 31, 285531).
cost(1, 32, 837808).
cost(2, 1, 280589).
cost(2, 3, 297583).
cost(2, 4, 347675).
cost(2, 5, 330079).
cost(2, 6, 487921).
cost(2, 7, 399107).
cost(2, 8, 374551).
cost(2, 9, 390399).
cost(2, 10, 461254).
cost(2, 11, 295522).
cost(2, 12, 392610).
cost(2, 13, 627120).
cost(2, 14, 415477).
cost(2, 15, 657476).
cost(2, 16, 518347).
cost(2, 17, 242821).
cost(2, 18, 569440).
cost(2, 19, 309366).
cost(2, 20, 672935).
cost(2, 21, 618816).
cost(2, 22, 262016).
cost(2, 23, 278062).
cost(2, 24, 551551).
cost(2, 25, 584691).
cost(2, 26, 302156).
cost(2, 27, 406981).
cost(2, 28, 113199).
cost(2, 29, 372688).
cost(2, 30, 386600).
cost(2, 31, 215253).
cost(2, 32, 574435).
cost(3, 1, 333950).
cost(3, 2, 297583).
cost(3, 4, 373407).
cost(3, 5, 139034).
cost(3, 6, 284489).
cost(3, 7, 322728).
cost(3, 8, 610260).
cost(3, 9, 231303).
cost(3, 10, 748878).
cost(3, 11, 455862).
cost(3, 12, 682322).
cost(3, 13, 454977).
cost(3, 14, 336002).
cost(3, 15, 886497).
cost(3, 16, 468279).
cost(3, 17, 455365).
cost(3, 18, 556138).
cost(3, 19, 67075).
cost(3, 20, 787016).
cost(3, 21, 915907).
cost(3, 22, 549798).
cost(3, 23, 529772).
cost(3, 24, 785035).
cost(3, 25, 750751).
cost(3, 26, 122020).
cost(3, 27, 620993).
cost(3, 28, 402816).
cost(3, 29, 273602).
cost(3, 30, 157843).
cost(3, 31, 82639).
cost(3, 32, 810104).
cost(4, 1, 592144).
cost(4, 2, 347675).
cost(4, 3, 373407).
cost(4, 5, 500378).
cost(4, 6, 302714).
cost(4, 7, 124165).
cost(4, 8, 361143).
cost(4, 9, 219706).
cost(4, 10, 731199).
cost(4, 11, 175110).
cost(4, 12, 663565).
cost(4, 13, 357604).
cost(4, 14, 672652).
cost(4, 15, 584302).
cost(4, 16, 177924).
cost(4, 17, 242613).
cost(4, 18, 222301).
cost(4, 19, 435120).
cost(4, 20, 415500).
cost(4, 21, 823008).
cost(4, 22, 428917).
cost(4, 23, 335399).
cost(4, 24, 499107).
cost(4, 25, 402413).
cost(4, 26, 261260).
cost(4, 27, 338785).
cost(4, 28, 355049).
cost(4, 29, 613559).
cost(4, 30, 301178).
cost(4, 31, 347242).
cost(4, 32, 524109).
cost(5, 1, 240926).
cost(5, 2, 330079).
cost(5, 3, 139034).
cost(5, 4, 500378).
cost(5, 6, 414938).
cost(5, 7, 460488).
cost(5, 8, 688000).
cost(5, 9, 370000).
cost(5, 10, 735488).
cost(5, 11, 556060).
cost(5, 12, 674160).
cost(5, 13, 586281).
cost(5, 14, 199885).
cost(5, 15, 970750).
cost(5, 16, 606435).
cost(5, 17, 538117).
cost(5, 18, 692694).
cost(5, 19, 72145).
cost(5, 20, 907625).
cost(5, 21, 921661).
cost(5, 22, 591839).
cost(5, 23, 597863).
cost(5, 24, 866220).
cost(5, 25, 857329).
cost(5, 26, 260272).
cost(5, 27, 708426).
cost(5, 28, 443275).
cost(5, 29, 138309).
cost(5, 30, 290804).
cost(5, 31, 157367).
cost(5, 32, 890437).
cost(6, 1, 614030).
cost(6, 2, 487921).
cost(6, 3, 284489).
cost(6, 4, 302714).
cost(6, 5, 414938).
cost(6, 7, 180831).
cost(6, 8, 654572).
cost(6, 9, 102167).
cost(6, 10, 942911).
cost(6, 11, 467438).
cost(6, 12, 873357).
cost(6, 13, 171353).
cost(6, 14, 614788).
cost(6, 15, 886789).
cost(6, 16, 272376).
cost(6, 17, 514836).
cost(6, 18, 369649).
cost(6, 19, 345286).
cost(6, 20, 675080).
cost(6, 21, 1073857).
cost(6, 22, 676724).
cost(6, 23, 608615).
cost(6, 24, 801373).
cost(6, 25, 695497).
cost(6, 26, 194788).
cost(6, 27, 638909).
cost(6, 28, 556910).
cost(6, 29, 553168).
cost(6, 30, 126747).
cost(6, 31, 331541).
cost(6, 32, 826486).
cost(7, 1, 600737).
cost(7, 2, 399107).
cost(7, 3, 322728).
cost(7, 4, 124165).
cost(7, 5, 460488).
cost(7, 6, 180831).
cost(7, 8, 483671).
cost(7, 9, 114046).
cost(7, 10, 823535).
cost(7, 11, 296311).
cost(7, 12, 754479).
cost(7, 13, 244740).
cost(7, 14, 650342).
cost(7, 15, 706511).
cost(7, 16, 146148).
cost(7, 17, 355400).
cost(7, 18, 234343).
cost(7, 19, 389476).
cost(7, 20, 505837).
cost(7, 21, 931555).
cost(7, 22, 533420).
cost(7, 23, 449903).
cost(7, 24, 622963).
cost(7, 25, 515647).
cost(7, 26, 200712).
cost(7, 27, 462903).
cost(7, 28, 436704).
cost(7, 29, 588477).
cost(7, 30, 207816).
cost(7, 31, 324948).
cost(7, 32, 647880).
cost(8, 1, 644813).
cost(8, 2, 374551).
cost(8, 3, 610260).
cost(8, 4, 361143).
cost(8, 5, 688000).
cost(8, 6, 654572).
cost(8, 7, 483671).
cost(8, 9, 559012).
cost(8, 10, 478431).
cost(8, 11, 187642).
cost(8, 12, 425896).
cost(8, 13, 716382).
cost(8, 14, 789711).
cost(8, 15, 283779).
cost(8, 16, 505093).
cost(8, 17, 155187).
cost(8, 18, 487602).
cost(8, 19, 648129).
cost(8, 20, 389440).
cost(8, 21, 500199).
cost(8, 22, 190418).
cost(8, 23, 98859).
cost(8, 24, 178407).
cost(8, 25, 254230).
cost(8, 26, 544404).
cost(8, 27, 58956).
cost(8, 28, 275648).
cost(8, 29, 746916).
cost(8, 30, 615586).
cost(8, 31, 542141).
cost(8, 32, 202440).
cost(9, 1, 542331).
cost(9, 2, 390399).
cost(9, 3, 231303).
cost(9, 4, 219706).
cost(9, 5, 370000).
cost(9, 6, 102167).
cost(9, 7, 114046).
cost(9, 8, 559012).
cost(9, 10, 842170).
cost(9, 11, 373461).
cost(9, 12, 772580).
cost(9, 13, 243014).
cost(9, 14, 566975).
cost(9, 15, 801317).
cost(9, 16, 247393).
cost(9, 17, 415636).
cost(9, 18, 342007).
cost(9, 19, 297855).
cost(9, 20, 619137).
cost(9, 21, 971692).
cost(9, 22, 574695).
cost(9, 23, 508748).
cost(9, 24, 711946).
cost(9, 25, 621368).
cost(9, 26, 116643).
cost(9, 27, 547249).
cost(9, 28, 455335).
cost(9, 29, 504544).
cost(9, 30, 95155).
cost(9, 31, 256911).
cost(9, 32, 737289).
cost(10, 1, 541852).
cost(10, 2, 461254).
cost(10, 3, 748878).
cost(10, 4, 731199).
cost(10, 5, 735488).
cost(10, 6, 942911).
cost(10, 7, 823535).
cost(10, 8, 478431).
cost(10, 9, 842170).
cost(10, 11, 583752).
cost(10, 12, 69599).
cost(10, 13, 1066024).
cost(10, 14, 708934).
cost(10, 15, 634209).
cost(10, 16, 907242).
cost(10, 17, 500548).
cost(10, 18, 922969).
cost(10, 19, 742777).
cost(10, 20, 865987).
cost(10, 21, 210588).
cost(10, 22, 312685).
cost(10, 23, 426806).
cost(10, 24, 557688).
cost(10, 25, 722482).
cost(10, 26, 762866).
cost(10, 27, 537271).
cost(10, 28, 388493).
cost(10, 29, 702741).
cost(10, 30, 847543).
cost(10, 31, 667005).
cost(10, 32, 564457).
cost(11, 1, 574316).
cost(11, 2, 295522).
cost(11, 3, 455862).
cost(11, 4, 175110).
cost(11, 5, 556060).
cost(11, 6, 467438).
cost(11, 7, 296311).
cost(11, 8, 187642).
cost(11, 9, 373461).
cost(11, 10, 583752).
cost(11, 12, 519511).
cost(11, 13, 532467).
cost(11, 14, 692772).
cost(11, 15, 436699).
cost(11, 16, 333773).
cost(11, 17, 83921).
cost(11, 18, 339264).
cost(11, 19, 504321).
cost(11, 20, 377462).
cost(11, 21, 655138).
cost(11, 22, 271974).
cost(11, 23, 165951).
cost(11, 24, 341283).
cost(11, 25, 302049).
cost(11, 26, 372077).
cost(11, 27, 174889).
cost(11, 28, 247015).
cost(11, 29, 641049).
cost(11, 30, 436415).
cost(11, 31, 400353).
cost(11, 32, 366771).
cost(12, 1, 490534).
cost(12, 2, 392610).
cost(12, 3, 682322).
cost(12, 4, 663565).
cost(12, 5, 674160).
cost(12, 6, 873357).
cost(12, 7, 754479).
cost(12, 8, 425896).
cost(12, 9, 772580).
cost(12, 10, 69599).
cost(12, 11, 519511).
cost(12, 13, 996689).
cost(12, 14, 659456).
cost(12, 15, 605843).
cost(12, 16, 840140).
cost(12, 17, 435853).
cost(12, 18, 858277).
cost(12, 19, 678424).
cost(12, 20, 815236).
cost(12, 21, 254077).
cost(12, 22, 250864).
cost(12, 23, 366463).
cost(12, 24, 521942).
cost(12, 25, 675175).
cost(12, 26, 693839).
cost(12, 27, 484820).
cost(12, 28, 319010).
cost(12, 29, 649015).
cost(12, 30, 778565).
cost(12, 31, 600153).
cost(12, 32, 531401).
cost(13, 1, 780980).
cost(13, 2, 627120).
cost(13, 3, 454977).
cost(13, 4, 357604).
cost(13, 5, 586281).
cost(13, 6, 171353).
cost(13, 7, 244740).
cost(13, 8, 716382).
cost(13, 9, 243014).
cost(13, 10, 1066024).
cost(13, 11, 532467).
cost(13, 12, 996689).
cost(13, 14, 786113).
cost(13, 15, 909049).
cost(13, 16, 233318).
cost(13, 17, 597935).
cost(13, 18, 311037).
cost(13, 19, 516561).
cost(13, 20, 637972).
cost(13, 21, 1176031).
cost(13, 22, 778120).
cost(13, 23, 691902).
cost(13, 24, 837573).
cost(13, 25, 695307).
cost(13, 26, 355672).
cost(13, 27, 687588).
cost(13, 28, 677843).
cost(13, 29, 724521).
cost(13, 30, 297203).
cost(13, 31, 496042).
cost(13, 32, 861299).
cost(14, 1, 169673).
cost(14, 2, 415477).
cost(14, 3, 336002).
cost(14, 4, 672652).
cost(14, 5, 199885).
cost(14, 6, 614788).
cost(14, 7, 650342).
cost(14, 8, 789711).
cost(14, 9, 566975).
cost(14, 10, 708934).
cost(14, 11, 692772).
cost(14, 12, 659456).
cost(14, 13, 786113).
cost(14, 15, 1071652).
cost(14, 16, 796315).
cost(14, 17, 654723).
cost(14, 18, 877939).
cost(14, 19, 270783).
cost(14, 20, 1062867).
cost(14, 21, 913434).
cost(14, 22, 653183).
cost(14, 23, 692271).
cost(14, 24, 965699).
cost(14, 25, 992574).
cost(14, 26, 453660).
cost(14, 27, 821962).
cost(14, 28, 518293).
cost(14, 29, 62431).
cost(14, 30, 490536).
cost(14, 31, 328174).
cost(14, 32, 988002).
cost(15, 1, 922121).
cost(15, 2, 657476).
cost(15, 3, 886497).
cost(15, 4, 584302).
cost(15, 5, 970750).
cost(15, 6, 886789).
cost(15, 7, 706511).
cost(15, 8, 283779).
cost(15, 9, 801317).
cost(15, 10, 634209).
cost(15, 11, 436699).
cost(15, 12, 605843).
cost(15, 13, 909049).
cost(15, 14, 1071652).
cost(15, 16, 677424).
cost(15, 17, 433440).
cost(15, 18, 622044).
cost(15, 19, 928301).
cost(15, 20, 360390).
cost(15, 21, 554315).
cost(15, 22, 436855).
cost(15, 23, 379534).
cost(15, 24, 105964).
cost(15, 25, 228604).
cost(15, 26, 808745).
cost(15, 27, 265540).
cost(15, 28, 554168).
cost(15, 29, 1030139).
cost(15, 30, 871550).
cost(15, 31, 822273).
cost(15, 32, 84428).
cost(16, 1, 741099).
cost(16, 2, 518347).
cost(16, 3, 468279).
cost(16, 4, 177924).
cost(16, 5, 606435).
cost(16, 6, 272376).
cost(16, 7, 146148).
cost(16, 8, 505093).
cost(16, 9, 247393).
cost(16, 10, 907242).
cost(16, 11, 333773).
cost(16, 12, 840140).
cost(16, 13, 233318).
cost(16, 14, 796315).
cost(16, 15, 677424).
cost(16, 17, 411467).
cost(16, 18, 97580).
cost(16, 19, 535191).
cost(16, 20, 412593).
cost(16, 21, 988899).
cost(16, 22, 601001).
cost(16, 23, 499672).
cost(16, 24, 610270).
cost(16, 25, 461990).
cost(16, 26, 346320).
cost(16, 27, 468742).
cost(16, 28, 532924).
cost(16, 29, 734529).
cost(16, 30, 341995).
cost(16, 31, 470009).
cost(16, 32, 633283).
cost(17, 1, 522923).
cost(17, 2, 242821).
cost(17, 3, 455365).
cost(17, 4, 242613).
cost(17, 5, 538117).
cost(17, 6, 514836).
cost(17, 7, 355400).
cost(17, 8, 155187).
cost(17, 9, 415636).
cost(17, 10, 500548).
cost(17, 11, 83921).
cost(17, 12, 435853).
cost(17, 13, 597935).
cost(17, 14, 654723).
cost(17, 15, 433440).
cost(17, 16, 411467).
cost(17, 18, 422506).
cost(17, 19, 494966).
cost(17, 20, 440083).
cost(17, 21, 580428).
cost(17, 22, 190023).
cost(17, 23, 94615).
cost(17, 24, 330284).
cost(17, 25, 342111).
cost(17, 26, 390919).
cost(17, 27, 170502).
cost(17, 28, 172594).
cost(17, 29, 607440).
cost(17, 30, 464726).
cost(17, 31, 388911).
cost(17, 32, 355143).
cost(18, 1, 810687).
cost(18, 2, 569440).
cost(18, 3, 556138).
cost(18, 4, 222301).
cost(18, 5, 692694).
cost(18, 6, 369649).
cost(18, 7, 234343).
cost(18, 8, 487602).
cost(18, 9, 342007).
cost(18, 10, 922969).
cost(18, 11, 339264).
cost(18, 12, 858277).
cost(18, 13, 311037).
cost(18, 14, 877939).
cost(18, 15, 622044).
cost(18, 16, 97580).
cost(18, 17, 422506).
cost(18, 19, 622470).
cost(18, 20, 326967).
cost(18, 21, 984322).
cost(18, 22, 611125).
cost(18, 23, 501454).
cost(18, 24, 566632).
cost(18, 25, 397770).
cost(18, 26, 434365).
cost(18, 27, 442739).
cost(18, 28, 565806).
cost(18, 29, 816875).
cost(18, 30, 437087).
cost(18, 31, 549850).
cost(18, 32, 587819).
cost(19, 1, 287119).
cost(19, 2, 309366).
cost(19, 3, 67075).
cost(19, 4, 435120).
cost(19, 5, 72145).
cost(19, 6, 345286).
cost(19, 7, 389476).
cost(19, 8, 648129).
cost(19, 9, 297855).
cost(19, 10, 742777).
cost(19, 11, 504321).
cost(19, 12, 678424).
cost(19, 13, 516561).
cost(19, 14, 270783).
cost(19, 15, 928301).
cost(19, 16, 535191).
cost(19, 17, 494966).
cost(19, 18, 622470).
cost(19, 20, 846206).
cost(19, 21, 919645).
cost(19, 22, 569622).
cost(19, 23, 562443).
cost(19, 24, 825136).
cost(19, 25, 803166).
cost(19, 26, 188872).
cost(19, 27, 663709).
cost(19, 28, 420487).
cost(19, 29, 208613).
cost(19, 30, 219977).
cost(19, 31, 106062).
cost(19, 32, 849846).
cost(20, 1, 951459).
cost(20, 2, 672935).
cost(20, 3, 787016).
cost(20, 4, 415500).
cost(20, 5, 907625).
cost(20, 6, 675080).
cost(20, 7, 505837).
cost(20, 8, 389440).
cost(20, 9, 619137).
cost(20, 10, 865987).
cost(20, 11, 377462).
cost(20, 12, 815236).
cost(20, 13, 637972).
cost(20, 14, 1062867).
cost(20, 15, 360390).
cost(20, 16, 412593).
cost(20, 17, 440083).
cost(20, 18, 326967).
cost(20, 19, 846206).
cost(20, 21, 855055).
cost(20, 22, 575080).
cost(20, 23, 463882).
cost(20, 24, 354081).
cost(20, 25, 151593).
cost(20, 26, 676741).
cost(20, 27, 330636).
cost(20, 28, 612284).
cost(20, 29, 1007970).
cost(20, 30, 709702).
cost(20, 31, 750732).
cost(20, 32, 364917).
cost(21, 1, 744609).
cost(21, 2, 618816).
cost(21, 3, 915907).
cost(21, 4, 823008).
cost(21, 5, 921661).
cost(21, 6, 1073857).
cost(21, 7, 931555).
cost(21, 8, 500199).
cost(21, 9, 971692).
cost(21, 10, 210588).
cost(21, 11, 655138).
cost(21, 12, 254077).
cost(21, 13, 1176031).
cost(21, 14, 913434).
cost(21, 15, 554315).
cost(21, 16, 988899).
cost(21, 17, 580428).
cost(21, 18, 984322).
cost(21, 19, 919645).
cost(21, 20, 855055).
cost(21, 22, 398717).
cost(21, 23, 489370).
cost(21, 24, 508382).
cost(21, 25, 703726).
cost(21, 26, 909311).
cost(21, 27, 552715).
cost(21, 28, 523095).
cost(21, 29, 902748).
cost(21, 30, 993513).
cost(21, 31, 833299).
cost(21, 32, 505453).
cost(22, 1, 493865).
cost(22, 2, 262016).
cost(22, 3, 549798).
cost(22, 4, 428917).
cost(22, 5, 591839).
cost(22, 6, 676724).
cost(22, 7, 533420).
cost(22, 8, 190418).
cost(22, 9, 574695).
cost(22, 10, 312685).
cost(22, 11, 271974).
cost(22, 12, 250864).
cost(22, 13, 778120).
cost(22, 14, 653183).
cost(22, 15, 436855).
cost(22, 16, 601001).
cost(22, 17, 190023).
cost(22, 18, 611125).
cost(22, 19, 569622).
cost(22, 20, 575080).
cost(22, 21, 398717).
cost(22, 23, 115947).
cost(22, 24, 334852).
cost(22, 25, 444482).
cost(22, 26, 521484).
cost(22, 27, 246787).
cost(22, 28, 149258).
cost(22, 29, 620110).
cost(22, 30, 603848).
cost(22, 31, 470158).
cost(22, 32, 352898).
cost(23, 1, 546025).
cost(23, 2, 278062).
cost(23, 3, 529772).
cost(23, 4, 335399).
cost(23, 5, 597863).
cost(23, 6, 608615).
cost(23, 7, 449903).
cost(23, 8, 98859).
cost(23, 9, 508748).
cost(23, 10, 426806).
cost(23, 11, 165951).
cost(23, 12, 366463).
cost(23, 13, 691902).
cost(23, 14, 692271).
cost(23, 15, 379534).
cost(23, 16, 499672).
cost(23, 17, 94615).
cost(23, 18, 501454).
cost(23, 19, 562443).
cost(23, 20, 463882).
cost(23, 21, 489370).
cost(23, 22, 115947).
cost(23, 24, 273575).
cost(23, 25, 341257).
cost(23, 26, 476798).
cost(23, 27, 144279).
cost(23, 28, 176812).
cost(23, 29, 650745).
cost(23, 30, 553606).
cost(23, 31, 457257).
cost(23, 32, 296374).
cost(24, 1, 816691).
cost(24, 2, 551551).
cost(24, 3, 785035).
cost(24, 4, 499107).
cost(24, 5, 866220).
cost(24, 6, 801373).
cost(24, 7, 622963).
cost(24, 8, 178407).
cost(24, 9, 711946).
cost(24, 10, 557688).
cost(24, 11, 341283).
cost(24, 12, 521942).
cost(24, 13, 837573).
cost(24, 14, 965699).
cost(24, 15, 105964).
cost(24, 16, 610270).
cost(24, 17, 330284).
cost(24, 18, 566632).
cost(24, 19, 825136).
cost(24, 20, 354081).
cost(24, 21, 508382).
cost(24, 22, 334852).
cost(24, 23, 273575).
cost(24, 25, 203907).
cost(24, 26, 711692).
cost(24, 27, 166699).
cost(24, 28, 448377).
cost(24, 29, 924229).
cost(24, 30, 777699).
cost(24, 31, 719075).
cost(24, 32, 25491).
cost(25, 1, 865019).
cost(25, 2, 584691).
cost(25, 3, 750751).
cost(25, 4, 402413).
cost(25, 5, 857329).
cost(25, 6, 695497).
cost(25, 7, 515647).
cost(25, 8, 254230).
cost(25, 9, 621368).
cost(25, 10, 722482).
cost(25, 11, 302049).
cost(25, 12, 675175).
cost(25, 13, 695307).
cost(25, 14, 992574).
cost(25, 15, 228604).
cost(25, 16, 461990).
cost(25, 17, 342111).
cost(25, 18, 397770).
cost(25, 19, 803166).
cost(25, 20, 151593).
cost(25, 21, 703726).
cost(25, 22, 444482).
cost(25, 23, 341257).
cost(25, 24, 203907).
cost(25, 26, 653660).
cost(25, 27, 198334).
cost(25, 28, 506505).
cost(25, 29, 942196).
cost(25, 30, 702916).
cost(25, 31, 700773).
cost(25, 32, 216940).
cost(26, 1, 426292).
cost(26, 2, 302156).
cost(26, 3, 122020).
cost(26, 4, 261260).
cost(26, 5, 260272).
cost(26, 6, 194788).
cost(26, 7, 200712).
cost(26, 8, 544404).
cost(26, 9, 116643).
cost(26, 10, 762866).
cost(26, 11, 372077).
cost(26, 12, 693839).
cost(26, 13, 355672).
cost(26, 14, 453660).
cost(26, 15, 808745).
cost(26, 16, 346320).
cost(26, 17, 390919).
cost(26, 18, 434365).
cost(26, 19, 188872).
cost(26, 20, 676741).
cost(26, 21, 909311).
cost(26, 22, 521484).
cost(26, 23, 476798).
cost(26, 24, 711692).
cost(26, 25, 653660).
cost(26, 27, 545080).
cost(26, 28, 386229).
cost(26, 29, 391336).
cost(26, 30, 84803).
cost(26, 31, 140774).
cost(26, 32, 737146).
cost(27, 1, 683061).
cost(27, 2, 406981).
cost(27, 3, 620993).
cost(27, 4, 338785).
cost(27, 5, 708426).
cost(27, 6, 638909).
cost(27, 7, 462903).
cost(27, 8, 58956).
cost(27, 9, 547249).
cost(27, 10, 537271).
cost(27, 11, 174889).
cost(27, 12, 484820).
cost(27, 13, 687588).
cost(27, 14, 821962).
cost(27, 15, 265540).
cost(27, 16, 468742).
cost(27, 17, 170502).
cost(27, 18, 442739).
cost(27, 19, 663709).
cost(27, 20, 330636).
cost(27, 21, 552715).
cost(27, 22, 246787).
cost(27, 23, 144279).
cost(27, 24, 166699).
cost(27, 25, 198334).
cost(27, 26, 545080).
cost(27, 28, 316444).
cost(27, 29, 776340).
cost(27, 30, 611200).
cost(27, 31, 557821).
cost(27, 32, 192182).
cost(28, 1, 369242).
cost(28, 2, 113199).
cost(28, 3, 402816).
cost(28, 4, 355049).
cost(28, 5, 443275).
cost(28, 6, 556910).
cost(28, 7, 436704).
cost(28, 8, 275648).
cost(28, 9, 455335).
cost(28, 10, 388493).
cost(28, 11, 247015).
cost(28, 12, 319010).
cost(28, 13, 677843).
cost(28, 14, 518293).
cost(28, 15, 554168).
cost(28, 16, 532924).
cost(28, 17, 172594).
cost(28, 18, 565806).
cost(28, 19, 420487).
cost(28, 20, 612284).
cost(28, 21, 523095).
cost(28, 22, 149258).
cost(28, 23, 176812).
cost(28, 24, 448377).
cost(28, 25, 506505).
cost(28, 26, 386229).
cost(28, 27, 316444).
cost(28, 29, 479977).
cost(28, 30, 470546).
cost(28, 31, 322125).
cost(28, 32, 470169).
cost(29, 1, 162807).
cost(29, 2, 372688).
cost(29, 3, 273602).
cost(29, 4, 613559).
cost(29, 5, 138309).
cost(29, 6, 553168).
cost(29, 7, 588477).
cost(29, 8, 746916).
cost(29, 9, 504544).
cost(29, 10, 702741).
cost(29, 11, 641049).
cost(29, 12, 649015).
cost(29, 13, 724521).
cost(29, 14, 62431).
cost(29, 15, 1030139).
cost(29, 16, 734529).
cost(29, 17, 607440).
cost(29, 18, 816875).
cost(29, 19, 208613).
cost(29, 20, 1007970).
cost(29, 21, 902748).
cost(29, 22, 620110).
cost(29, 23, 650745).
cost(29, 24, 924229).
cost(29, 25, 942196).
cost(29, 26, 391336).
cost(29, 27, 776340).
cost(29, 28, 479977).
cost(29, 30, 428517).
cost(29, 31, 267596).
cost(29, 32, 947111).
cost(30, 1, 488077).
cost(30, 2, 386600).
cost(30, 3, 157843).
cost(30, 4, 301178).
cost(30, 5, 290804).
cost(30, 6, 126747).
cost(30, 7, 207816).
cost(30, 8, 615586).
cost(30, 9, 95155).
cost(30, 10, 847543).
cost(30, 11, 436415).
cost(30, 12, 778565).
cost(30, 13, 297203).
cost(30, 14, 490536).
cost(30, 15, 871550).
cost(30, 16, 341995).
cost(30, 17, 464726).
cost(30, 18, 437087).
cost(30, 19, 219977).
cost(30, 20, 709702).
cost(30, 21, 993513).
cost(30, 22, 603848).
cost(30, 23, 553606).
cost(30, 24, 777699).
cost(30, 25, 702916).
cost(30, 26, 84803).
cost(30, 27, 611200).
cost(30, 28, 470546).
cost(30, 29, 428517).
cost(30, 31, 208529).
cost(30, 32, 803186).
cost(31, 1, 285531).
cost(31, 2, 215253).
cost(31, 3, 82639).
cost(31, 4, 347242).
cost(31, 5, 157367).
cost(31, 6, 331541).
cost(31, 7, 324948).
cost(31, 8, 542141).
cost(31, 9, 256911).
cost(31, 10, 667005).
cost(31, 11, 400353).
cost(31, 12, 600153).
cost(31, 13, 496042).
cost(31, 14, 328174).
cost(31, 15, 822273).
cost(31, 16, 470009).
cost(31, 17, 388911).
cost(31, 18, 549850).
cost(31, 19, 106062).
cost(31, 20, 750732).
cost(31, 21, 833299).
cost(31, 22, 470158).
cost(31, 23, 457257).
cost(31, 24, 719075).
cost(31, 25, 700773).
cost(31, 26, 140774).
cost(31, 27, 557821).
cost(31, 28, 322125).
cost(31, 29, 267596).
cost(31, 30, 208529).
cost(31, 32, 743792).
cost(32, 1, 837808).
cost(32, 2, 574435).
cost(32, 3, 810104).
cost(32, 4, 524109).
cost(32, 5, 890437).
cost(32, 6, 826486).
cost(32, 7, 647880).
cost(32, 8, 202440).
cost(32, 9, 737289).
cost(32, 10, 564457).
cost(32, 11, 366771).
cost(32, 12, 531401).
cost(32, 13, 861299).
cost(32, 14, 988002).
cost(32, 15, 84428).
cost(32, 16, 633283).
cost(32, 17, 355143).
cost(32, 18, 587819).
cost(32, 19, 849846).
cost(32, 20, 364917).
cost(32, 21, 505453).
cost(32, 22, 352898).
cost(32, 23, 296374).
cost(32, 24, 25491).
cost(32, 25, 216940).
cost(32, 26, 737146).
cost(32, 27, 192182).
cost(32, 28, 470169).
cost(32, 29, 947111).
cost(32, 30, 803186).
cost(32, 31, 743792).
