dimension(32).
point(1, 982100.0, 143614.0).
point(2, 614945.0, 884640.0).
point(3, 890314.0, 17758.0).
point(4, 449749.0, 65601.0).
point(5, 541139.0, 294054.0).
point(6, 825136.0, 599454.0).
point(7, 490738.0, 158410.0).
point(8, 778136.0, 834088.0).
point(9, 401987.0, 320785.0).
point(10, 26763.0, 268165.0).
point(11, 707996.0, 48306.0).
point(12, 230710.0, 600237.0).
point(13, 300704.0, 299492.0).
point(14, 908364.0, 742666.0).
point(15, 697210.0, 18616.0).
point(16, 921418.0, 612714.0).
point(17, 166295.0, 515463.0).
point(18, 400727.0, 285579.0).
point(19, 499016.0, 487909.0).
point(20, 924860.0, 772699.0).
point(21, 716794.0, 482964.0).
point(22, 643291.0, 901659.0).
point(23, 917646.0, 94774.0).
point(24, 618137.0, 243667.0).
point(25, 422746.0, 649732.0).
point(26, 9631.0, 189146.0).
point(27, 567460.0, 199050.0).
point(28, 246495.0, 369385.0).
point(29, 977319.0, 99481.0).
point(30, 483912.0, 604735.0).
point(31, 518742.0, 961840.0).
point(32, 140741.0, 768439.0).
cost(1, 2, 826996).
cost(1, 3, 155770).
cost(1, 4, 538037).
cost(1, 5, 465917).
cost(1, 6, 482108).
cost(1, 7, 491585).
cost(1, 8, 719969).
cost(1, 9, 606565).
cost(1, 10, 963422).
cost(1, 11, 290201).
cost(1, 12, 879256).
cost(1, 13, 698998).
cost(1, 14, 603573).
cost(1, 15, 311106).
cost(1, 16, 473009).
cost(1, 17, 896554).
cost(1, 18, 598455).
cost(1, 19, 593219).
cost(1, 20, 631684).
cost(1, 21, 430750).
cost(1, 22, 830315).
cost(1, 23, 80868).
cost(1, 24, 377465).
cost(1, 25, 754342).
cost(1, 26, 973534).
cost(1, 27, 418329).
cost(1, 28, 769472).
cost(1, 29, 44391).
cost(1, 30, 678840).
cost(1, 31, 940316).
cost(1, 32, 1047994).
cost(2, 1, 826996).
cost(2, 3, 909567).
cost(2, 4, 835533).
cost(2, 5, 595180).
cost(2, 6, 354276).
cost(2, 7, 736775).
cost(2, 8, 170841).
cost(2, 9, 602730).
cost(2, 10, 852056).
cost(2, 11, 841495).
cost(2, 12, 478039).
cost(2, 13, 664188).
cost(2, 14, 325962).
cost(2, 15, 869922).
cost(2, 16, 409719).
cost(2, 17, 581015).
cost(2, 18, 636210).
cost(2, 19, 413322).
cost(2, 20, 329512).
cost(2, 21, 414387).
cost(2, 22, 33063).
cost(2, 23, 845882).
cost(2, 24, 640981).
cost(2, 25, 303516).
cost(2, 26, 922018).
cost(2, 27, 687232).
cost(2, 28, 633438).
cost(2, 29, 864748).
cost(2, 30, 309057).
cost(2, 31, 123349).
cost(2, 32, 488234).
cost(3, 1, 155770).
cost(3, 2, 909567).
cost(3, 4, 443155).
cost(3, 5, 445267).
cost(3, 6, 585336).
cost(3, 7, 423608).
cost(3, 8, 824002).
cost(3, 9, 574707).
cost(3, 10, 899124).
cost(3, 11, 184859).
cost(3, 12, 879977).
cost(3, 13, 653463).
cost(3, 14, 725133).
cost(3, 15, 193106).
cost(3, 16, 595768).
cost(3, 17, 878586).
cost(3, 18, 558053).
cost(3, 19, 611683).
cost(3, 20, 755731).
cost(3, 21, 496514).
cost(3, 22, 917770).
cost(3, 23, 81722).
cost(3, 24, 353716).
cost(3, 25, 786137).
cost(3, 26, 897205).
cost(3, 27, 370272).
cost(3, 28, 733583).
cost(3, 29, 119367).
cost(3, 30, 713936).
cost(3, 31, 1014572).
cost(3, 32, 1060840).
cost(4, 1, 538037).
cost(4, 2, 835533).
cost(4, 3, 443155).
cost(4, 5, 246055).
cost(4, 6, 652621).
cost(4, 7, 101457).
cost(4, 8, 835709).
cost(4, 9, 259615).
cost(4, 10, 468988).
cost(4, 11, 258825).
cost(4, 12, 577766).
cost(4, 13, 277343).
cost(4, 14, 817768).
cost(4, 15, 251882).
cost(4, 16, 722360).
cost(4, 17, 531716).
cost(4, 18, 225374).
cost(4, 19, 425172).
cost(4, 20, 851891).
cost(4, 21, 495485).
cost(4, 22, 858168).
cost(4, 23, 468806).
cost(4, 24, 245076).
cost(4, 25, 584755).
cost(4, 26, 457129).
cost(4, 27, 177945).
cost(4, 28, 365509).
cost(4, 29, 528657).
cost(4, 30, 540215).
cost(4, 31, 898891).
cost(4, 32, 767768).
cost(5, 1, 465917).
cost(5, 2, 595180).
cost(5, 3, 445267).
cost(5, 4, 246055).
cost(5, 6, 417041).
cost(5, 7, 144705).
cost(5, 8, 589749).
cost(5, 9, 141696).
cost(5, 10, 515027).
cost(5, 11, 297041).
cost(5, 12, 436021).
cost(5, 13, 240496).
cost(5, 14, 579747).
cost(5, 15, 316582).
cost(5, 16, 496141).
cost(5, 17, 435350).
cost(5, 18, 140668).
cost(5, 19, 198379).
cost(5, 20, 613468).
cost(5, 21, 257957).
cost(5, 22, 616132).
cost(5, 23, 425993).
cost(5, 24, 92019).
cost(5, 25, 374865).
cost(5, 26, 541762).
cost(5, 27, 98583).
cost(5, 28, 304121).
cost(5, 29, 477610).
cost(5, 30, 315908).
cost(5, 31, 668161).
cost(5, 32, 620773).
cost(6, 1, 482108).
cost(6, 2, 354276).
cost(6, 3, 585336).
cost(6, 4, 652621).
cost(6, 5, 417041).
cost(6, 7, 553482).
cost(6, 8, 239295).
cost(6, 9, 506667).
cost(6, 10, 864379).
cost(6, 11, 563459).
cost(6, 12, 594427).
cost(6, 13, 604157).
cost(6, 14, 165640).
cost(6, 15, 594759).
cost(6, 16, 97191).
cost(6, 17, 664173).
cost(6, 18, 527864).
cost(6, 19, 344669).
cost(6, 20, 199897).
cost(6, 21, 159085).
cost(6, 22, 352697).
cost(6, 23, 513089).
cost(6, 24, 411622).
cost(6, 25, 405519).
cost(6, 26, 912908).
cost(6, 27, 476152).
cost(6, 28, 622701).
cost(6, 29, 522621).
cost(6, 30, 341265).
cost(6, 31, 474553).
cost(6, 32, 704949).
cost(7, 1, 491585).
cost(7, 2, 736775).
cost(7, 3, 423608).
cost(7, 4, 101457).
cost(7, 5, 144705).
cost(7, 6, 553482).
cost(7, 8, 734260).
cost(7, 9, 185047).
cost(7, 10, 476780).
cost(7, 11, 243565).
cost(7, 12, 512665).
cost(7, 13, 236679).
cost(7, 14, 718169).
cost(7, 15, 249345).
cost(7, 16, 626001).
cost(7, 17, 482442).
cost(7, 18, 155801).
cost(7, 19, 329603).
cost(7, 20, 752205).
cost(7, 21, 395521).
cost(7, 22, 758743).
cost(7, 23, 431625).
cost(7, 24, 153295).
cost(7, 25, 496004).
cost(7, 26, 482088).
cost(7, 27, 86821).
cost(7, 28, 322746).
cost(7, 29, 490136).
cost(7, 30, 446377).
cost(7, 31, 803918).
cost(7, 32, 703302).
cost(8, 1, 719969).
cost(8, 2, 170841).
cost(8, 3, 824002).
cost(8, 4, 835709).
cost(8, 5, 589749).
cost(8, 6, 239295).
cost(8, 7, 734260).
cost(8, 9, 636371).
cost(8, 10, 940654).
cost(8, 11, 788906).
cost(8, 12, 595283).
cost(8, 13, 716753).
cost(8, 14, 159114).
cost(8, 15, 819478).
cost(8, 16, 263697).
cost(8, 17, 689834).
cost(8, 18, 665808).
cost(8, 19, 444689).
cost(8, 20, 159049).
cost(8, 21, 356442).
cost(8, 22, 150828).
cost(8, 23, 752362).
cost(8, 24, 611716).
cost(8, 25, 400361).
cost(8, 26, 1003270).
cost(8, 27, 669072).
cost(8, 28, 706110).
cost(8, 29, 761132).
cost(8, 30, 373056).
cost(8, 31, 289147).
cost(8, 32, 640767).
cost(9, 1, 606565).
cost(9, 2, 602730).
cost(9, 3, 574707).
cost(9, 4, 259615).
cost(9, 5, 141696).
cost(9, 6, 506667).
cost(9, 7, 185047).
cost(9, 8, 636371).
cost(9, 10, 378896).
cost(9, 11, 409739).
cost(9, 12, 327764).
cost(9, 13, 103497).
cost(9, 14, 659091).
cost(9, 15, 422448).
cost(9, 16, 595845).
cost(9, 17, 305696).
cost(9, 18, 35229).
cost(9, 19, 193249).
cost(9, 20, 691102).
cost(9, 21, 354126).
cost(9, 22, 629001).
cost(9, 23, 563014).
cost(9, 24, 229495).
cost(9, 25, 329601).
cost(9, 26, 413850).
cost(9, 27, 205428).
cost(9, 28, 162910).
cost(9, 29, 616427).
cost(9, 30, 295532).
cost(9, 31, 651601).
cost(9, 32, 518308).
cost(10, 1, 963422).
cost(10, 2, 852056).
cost(10, 3, 899124).
cost(10, 4, 468988).
cost(10, 5, 515027).
cost(10, 6, 864379).
cost(10, 7, 476780).
cost(10, 8, 940654).
cost(10, 9, 378896).
cost(10, 11, 715833).
cost(10, 12, 389700).
cost(10, 13, 275726).
cost(10, 14, 1001185).
cost(10, 15, 715384).
cost(10, 16, 958708).
cost(10, 17, 283946).
cost(10, 18, 374369).
cost(10, 19, 520875).
cost(10, 20, 1030113).
cost(10, 21, 722690).
cost(10, 22, 883980).
cost(10, 23, 907600).
cost(10, 24, 591881).
cost(10, 25, 549905).
cost(10, 26, 80855).
cost(10, 27, 545096).
cost(10, 28, 241925).
cost(10, 29, 965407).
cost(10, 30, 567684).
cost(10, 31, 850428).
cost(10, 32, 513094).
cost(11, 1, 290201).
cost(11, 2, 841495).
cost(11, 3, 184859).
cost(11, 4, 258825).
cost(11, 5, 297041).
cost(11, 6, 563459).
cost(11, 7, 243565).
cost(11, 8, 788906).
cost(11, 9, 409739).
cost(11, 10, 715833).
cost(11, 12, 729678).
cost(11, 13, 478520).
cost(11, 14, 722692).
cost(11, 15, 31589).
cost(11, 16, 603411).
cost(11, 17, 715315).
cost(11, 18, 388217).
cost(11, 19, 486748).
cost(11, 20, 756158).
cost(11, 21, 434747).
cost(11, 22, 855803).
cost(11, 23, 214738).
cost(11, 24, 215036).
cost(11, 25, 665643).
cost(11, 26, 712425).
cost(11, 27, 206093).
cost(11, 28, 562205).
cost(11, 29, 274142).
cost(11, 30, 599856).
cost(11, 31, 932932).
cost(11, 32, 916717).
cost(12, 1, 879256).
cost(12, 2, 478039).
cost(12, 3, 879977).
cost(12, 4, 577766).
cost(12, 5, 436021).
cost(12, 6, 594427).
cost(12, 7, 512665).
cost(12, 8, 595283).
cost(12, 9, 327764).
cost(12, 10, 389700).
cost(12, 11, 729678).
cost(12, 13, 308783).
cost(12, 14, 692460).
cost(12, 15, 745591).
cost(12, 16, 690821).
cost(12, 17, 106470).
cost(12, 18, 357653).
cost(12, 19, 290871).
cost(12, 20, 715253).
cost(12, 21, 500031).
cost(12, 22, 510958).
cost(12, 23, 852862).
cost(12, 24, 526538).
cost(12, 25, 198312).
cost(12, 26, 466767).
cost(12, 27, 523786).
cost(12, 28, 231391).
cost(12, 29, 898989).
cost(12, 30, 253242).
cost(12, 31, 462298).
cost(12, 32, 190752).
cost(13, 1, 698998).
cost(13, 2, 664188).
cost(13, 3, 653463).
cost(13, 4, 277343).
cost(13, 5, 240496).
cost(13, 6, 604157).
cost(13, 7, 236679).
cost(13, 8, 716753).
cost(13, 9, 103497).
cost(13, 10, 275726).
cost(13, 11, 478520).
cost(13, 12, 308783).
cost(13, 14, 752100).
cost(13, 15, 485910).
cost(13, 16, 695265).
cost(13, 17, 254380).
cost(13, 18, 100986).
cost(13, 19, 273548).
cost(13, 20, 783260).
cost(13, 21, 454745).
cost(13, 22, 692799).
cost(13, 23, 650021).
cost(13, 24, 322304).
cost(13, 25, 370894).
cost(13, 26, 311287).
cost(13, 27, 285039).
cost(13, 28, 88451).
cost(13, 29, 705558).
cost(13, 30, 356003).
cost(13, 31, 697313).
cost(13, 32, 495479).
cost(14, 1, 603573).
cost(14, 2, 325962).
cost(14, 3, 725133).
cost(14, 4, 817768).
cost(14, 5, 579747).
cost(14, 6, 165640).
cost(14, 7, 718169).
cost(14, 8, 159114).
cost(14, 9, 659091).
cost(14, 10, 1001185).
cost(14, 11, 722692).
cost(14, 12, 692460).
cost(14, 13, 752100).
cost(14, 15, 754211).
cost(14, 16, 130606).
cost(14, 17, 776072).
cost(14, 18, 683099).
cost(14, 19, 482148).
cost(14, 20, 34265).
cost(14, 21, 322714).
cost(14, 22, 309099).
cost(14, 23, 647958).
cost(14, 24, 577262).
cost(14, 25, 494431).
cost(14, 26, 1055512).
cost(14, 27, 641665).
cost(14, 28, 759875).
cost(14, 29, 646871).
cost(14, 30, 446301).
cost(14, 31, 447038).
cost(14, 32, 768056).
cost(15, 1, 311106).
cost(15, 2, 869922).
cost(15, 3, 193106).
cost(15, 4, 251882).
cost(15, 5, 316582).
cost(15, 6, 594759).
cost(15, 7, 249345).
cost(15, 8, 819478).
cost(15, 9, 422448).
cost(15, 10, 715384).
cost(15, 11, 31589).
cost(15, 12, 745591).
cost(15, 13, 485910).
cost(15, 14, 754211).
cost(15, 16, 634997).
cost(15, 17, 727137).
cost(15, 18, 398963).
cost(15, 19, 509428).
cost(15, 20, 787696).
cost(15, 21, 464761).
cost(15, 22, 884688).
cost(15, 23, 233221).
cost(15, 24, 238538).
cost(15, 25, 688214).
cost(15, 26, 708410).
cost(15, 27, 222242).
cost(15, 28, 571124).
cost(15, 29, 291548).
cost(15, 30, 623724).
cost(15, 31, 959960).
cost(15, 32, 933752).
cost(16, 1, 473009).
cost(16, 2, 409719).
cost(16, 3, 595768).
cost(16, 4, 722360).
cost(16, 5, 496141).
cost(16, 6, 97191).
cost(16, 7, 626001).
cost(16, 8, 263697).
cost(16, 9, 595845).
cost(16, 10, 958708).
cost(16, 11, 603411).
cost(16, 12, 690821).
cost(16, 13, 695265).
cost(16, 14, 130606).
cost(16, 15, 634997).
cost(16, 17, 761360).
cost(16, 18, 614928).
cost(16, 19, 440454).
cost(16, 20, 160022).
cost(16, 21, 242293).
cost(16, 22, 401053).
cost(16, 23, 517954).
cost(16, 24, 477677).
cost(16, 25, 500044).
cost(16, 26, 1005368).
cost(16, 27, 544430).
cost(16, 28, 717447).
cost(16, 29, 516268).
cost(16, 30, 437579).
cost(16, 31, 532951).
cost(16, 32, 796057).
cost(17, 1, 896554).
cost(17, 2, 581015).
cost(17, 3, 878586).
cost(17, 4, 531716).
cost(17, 5, 435350).
cost(17, 6, 664173).
cost(17, 7, 482442).
cost(17, 8, 689834).
cost(17, 9, 305696).
cost(17, 10, 283946).
cost(17, 11, 715315).
cost(17, 12, 106470).
cost(17, 13, 254380).
cost(17, 14, 776072).
cost(17, 15, 727137).
cost(17, 16, 761360).
cost(17, 18, 328337).
cost(17, 19, 333860).
cost(17, 20, 800994).
cost(17, 21, 551457).
cost(17, 22, 613737).
cost(17, 23, 861108).
cost(17, 24, 527290).
cost(17, 25, 289474).
cost(17, 26, 361976).
cost(17, 27, 510931).
cost(17, 28, 166646).
cost(17, 29, 911483).
cost(17, 30, 329924).
cost(17, 31, 568745).
cost(17, 32, 254263).
cost(18, 1, 598455).
cost(18, 2, 636210).
cost(18, 3, 558053).
cost(18, 4, 225374).
cost(18, 5, 140668).
cost(18, 6, 527864).
cost(18, 7, 155801).
cost(18, 8, 665808).
cost(18, 9, 35229).
cost(18, 10, 374369).
cost(18, 11, 388217).
cost(18, 12, 357653).
cost(18, 13, 100986).
cost(18, 14, 683099).
cost(18, 15, 398963).
cost(18, 16, 614928).
cost(18, 17, 328337).
cost(18, 19, 224940).
cost(18, 20, 715543).
cost(18, 21, 372638).
cost(18, 22, 662112).
cost(18, 23, 551010).
cost(18, 24, 221413).
cost(18, 25, 364818).
cost(18, 26, 402809).
cost(18, 27, 187849).
cost(18, 28, 175530).
cost(18, 29, 605880).
cost(18, 30, 329819).
cost(18, 31, 686481).
cost(18, 32, 548404).
cost(19, 1, 593219).
cost(19, 2, 413322).
cost(19, 3, 611683).
cost(19, 4, 425172).
cost(19, 5, 198379).
cost(19, 6, 344669).
cost(19, 7, 329603).
cost(19, 8, 444689).
cost(19, 9, 193249).
cost(19, 10, 520875).
cost(19, 11, 486748).
cost(19, 12, 290871).
cost(19, 13, 273548).
cost(19, 14, 482148).
cost(19, 15, 509428).
cost(19, 16, 440454).
cost(19, 17, 333860).
cost(19, 18, 224940).
cost(19, 20, 512297).
cost(19, 21, 217834).
cost(19, 22, 438183).
cost(19, 23, 574288).
cost(19, 24, 271742).
cost(19, 25, 178896).
cost(19, 26, 573373).
cost(19, 27, 296857).
cost(19, 28, 278953).
cost(19, 29, 616158).
cost(19, 30, 117798).
cost(19, 31, 474341).
cost(19, 32, 455036).
cost(20, 1, 631684).
cost(20, 2, 329512).
cost(20, 3, 755731).
cost(20, 4, 851891).
cost(20, 5, 613468).
cost(20, 6, 199897).
cost(20, 7, 752205).
cost(20, 8, 159049).
cost(20, 9, 691102).
cost(20, 10, 1030113).
cost(20, 11, 756158).
cost(20, 12, 715253).
cost(20, 13, 783260).
cost(20, 14, 34265).
cost(20, 15, 787696).
cost(20, 16, 160022).
cost(20, 17, 800994).
cost(20, 18, 715543).
cost(20, 19, 512297).
cost(20, 21, 356704).
cost(20, 22, 309696).
cost(20, 23, 677963).
cost(20, 24, 611518).
cost(20, 25, 516952).
cost(20, 26, 1085439).
cost(20, 27, 675876).
cost(20, 28, 789203).
cost(20, 29, 675259).
cost(20, 30, 471855).
cost(20, 31, 448002).
cost(20, 32, 784131).
cost(21, 1, 430750).
cost(21, 2, 414387).
cost(21, 3, 496514).
cost(21, 4, 495485).
cost(21, 5, 257957).
cost(21, 6, 159085).
cost(21, 7, 395521).
cost(21, 8, 356442).
cost(21, 9, 354126).
cost(21, 10, 722690).
cost(21, 11, 434747).
cost(21, 12, 500031).
cost(21, 13, 454745).
cost(21, 14, 322714).
cost(21, 15, 464761).
cost(21, 16, 242293).
cost(21, 17, 551457).
cost(21, 18, 372638).
cost(21, 19, 217834).
cost(21, 20, 356704).
cost(21, 22, 425098).
cost(21, 23, 437073).
cost(21, 24, 258836).
cost(21, 25, 338047).
cost(21, 26, 765773).
cost(21, 27, 320792).
cost(21, 28, 483820).
cost(21, 29, 463608).
cost(21, 30, 262797).
cost(21, 31, 518215).
cost(21, 32, 642910).
cost(22, 1, 830315).
cost(22, 2, 33063).
cost(22, 3, 917770).
cost(22, 4, 858168).
cost(22, 5, 616132).
cost(22, 6, 352697).
cost(22, 7, 758743).
cost(22, 8, 150828).
cost(22, 9, 629001).
cost(22, 10, 883980).
cost(22, 11, 855803).
cost(22, 12, 510958).
cost(22, 13, 692799).
cost(22, 14, 309099).
cost(22, 15, 884688).
cost(22, 16, 401053).
cost(22, 17, 613737).
cost(22, 18, 662112).
cost(22, 19, 438183).
cost(22, 20, 309696).
cost(22, 21, 425098).
cost(22, 23, 852252).
cost(22, 24, 658473).
cost(22, 25, 334824).
cost(22, 26, 953520).
cost(22, 27, 706689).
cost(22, 28, 663900).
cost(22, 29, 868944).
cost(22, 30, 336995).
cost(22, 31, 138326).
cost(22, 32, 519908).
cost(23, 1, 80868).
cost(23, 2, 845882).
cost(23, 3, 81722).
cost(23, 4, 468806).
cost(23, 5, 425993).
cost(23, 6, 513089).
cost(23, 7, 431625).
cost(23, 8, 752362).
cost(23, 9, 563014).
cost(23, 10, 907600).
cost(23, 11, 214738).
cost(23, 12, 852862).
cost(23, 13, 650021).
cost(23, 14, 647958).
cost(23, 15, 233221).
cost(23, 16, 517954).
cost(23, 17, 861108).
cost(23, 18, 551010).
cost(23, 19, 574288).
cost(23, 20, 677963).
cost(23, 21, 437073).
cost(23, 22, 852252).
cost(23, 24, 334477).
cost(23, 25, 743575).
cost(23, 26, 912906).
cost(23, 27, 365382).
cost(23, 28, 725159).
cost(23, 29, 59858).
cost(23, 30, 669467).
cost(23, 31, 954425).
cost(23, 32, 1028302).
cost(24, 1, 377465).
cost(24, 2, 640981).
cost(24, 3, 353716).
cost(24, 4, 245076).
cost(24, 5, 92019).
cost(24, 6, 411622).
cost(24, 7, 153295).
cost(24, 8, 611716).
cost(24, 9, 229495).
cost(24, 10, 591881).
cost(24, 11, 215036).
cost(24, 12, 526538).
cost(24, 13, 322304).
cost(24, 14, 577262).
cost(24, 15, 238538).
cost(24, 16, 477677).
cost(24, 17, 527290).
cost(24, 18, 221413).
cost(24, 19, 271742).
cost(24, 20, 611518).
cost(24, 21, 258836).
cost(24, 22, 658473).
cost(24, 23, 334477).
cost(24, 25, 450629).
cost(24, 26, 610944).
cost(24, 27, 67519).
cost(24, 28, 392330).
cost(24, 29, 387042).
cost(24, 30, 385210).
cost(24, 31, 725018).
cost(24, 32, 709431).
cost(25, 1, 754342).
cost(25, 2, 303516).
cost(25, 3, 786137).
cost(25, 4, 584755).
cost(25, 5, 374865).
cost(25, 6, 405519).
cost(25, 7, 496004).
cost(25, 8, 400361).
cost(25, 9, 329601).
cost(25, 10, 549905).
cost(25, 11, 665643).
cost(25, 12, 198312).
cost(25, 13, 370894).
cost(25, 14, 494431).
cost(25, 15, 688214).
cost(25, 16, 500044).
cost(25, 17, 289474).
cost(25, 18, 364818).
cost(25, 19, 178896).
cost(25, 20, 516952).
cost(25, 21, 338047).
cost(25, 22, 334824).
cost(25, 23, 743575).
cost(25, 24, 450629).
cost(25, 26, 618711).
cost(25, 27, 473346).
cost(25, 28, 331148).
cost(25, 29, 781235).
cost(25, 30, 75934).
cost(25, 31, 326537).
cost(25, 32, 305971).
cost(26, 1, 973534).
cost(26, 2, 922018).
cost(26, 3, 897205).
cost(26, 4, 457129).
cost(26, 5, 541762).
cost(26, 6, 912908).
cost(26, 7, 482088).
cost(26, 8, 1003270).
cost(26, 9, 413850).
cost(26, 10, 80855).
cost(26, 11, 712425).
cost(26, 12, 466767).
cost(26, 13, 311287).
cost(26, 14, 1055512).
cost(26, 15, 708410).
cost(26, 16, 1005368).
cost(26, 17, 361976).
cost(26, 18, 402809).
cost(26, 19, 573373).
cost(26, 20, 1085439).
cost(26, 21, 765773).
cost(26, 22, 953520).
cost(26, 23, 912906).
cost(26, 24, 610944).
cost(26, 25, 618711).
cost(26, 27, 557917).
cost(26, 28, 297642).
cost(26, 29, 971833).
cost(26, 30, 630600).
cost(26, 31, 925338).
cost(26, 32, 593945).
cost(27, 1, 418329).
cost(27, 2, 687232).
cost(27, 3, 370272).
cost(27, 4, 177945).
cost(27, 5, 98583).
cost(27, 6, 476152).
cost(27, 7, 86821).
cost(27, 8, 669072).
cost(27, 9, 205428).
cost(27, 10, 545096).
cost(27, 11, 206093).
cost(27, 12, 523786).
cost(27, 13, 285039).
cost(27, 14, 641665).
cost(27, 15, 222242).
cost(27, 16, 544430).
cost(27, 17, 510931).
cost(27, 18, 187849).
cost(27, 19, 296857).
cost(27, 20, 675876).
cost(27, 21, 320792).
cost(27, 22, 706689).
cost(27, 23, 365382).
cost(27, 24, 67519).
cost(27, 25, 473346).
cost(27, 26, 557917).
cost(27, 28, 363363).
cost(27, 29, 421780).
cost(27, 30, 414199).
cost(27, 31, 764344).
cost(27, 32, 711543).
cost(28, 1, 769472).
cost(28, 2, 633438).
cost(28, 3, 733583).
cost(28, 4, 365509).
cost(28, 5, 304121).
cost(28, 6, 622701).
cost(28, 7, 322746).
cost(28, 8, 706110).
cost(28, 9, 162910).
cost(28, 10, 241925).
cost(28, 11, 562205).
cost(28, 12, 231391).
cost(28, 13, 88451).
cost(28, 14, 759875).
cost(28, 15, 571124).
cost(28, 16, 717447).
cost(28, 17, 166646).
cost(28, 18, 175530).
cost(28, 19, 278953).
cost(28, 20, 789203).
cost(28, 21, 483820).
cost(28, 22, 663900).
cost(28, 23, 725159).
cost(28, 24, 392330).
cost(28, 25, 331148).
cost(28, 26, 297642).
cost(28, 27, 363363).
cost(28, 29, 779071).
cost(28, 30, 334300).
cost(28, 31, 652013).
cost(28, 32, 412829).
cost(29, 1, 44391).
cost(29, 2, 864748).
cost(29, 3, 119367).
cost(29, 4, 528657).
cost(29, 5, 477610).
cost(29, 6, 522621).
cost(29, 7, 490136).
cost(29, 8, 761132).
cost(29, 9, 616427).
cost(29, 10, 965407).
cost(29, 11, 274142).
cost(29, 12, 898989).
cost(29, 13, 705558).
cost(29, 14, 646871).
cost(29, 15, 291548).
cost(29, 16, 516268).
cost(29, 17, 911483).
cost(29, 18, 605880).
cost(29, 19, 616158).
cost(29, 20, 675259).
cost(29, 21, 463608).
cost(29, 22, 868944).
cost(29, 23, 59858).
cost(29, 24, 387042).
cost(29, 25, 781235).
cost(29, 26, 971833).
cost(29, 27, 421780).
cost(29, 28, 779071).
cost(29, 30, 706210).
cost(29, 31, 976707).
cost(29, 32, 1071152).
cost(30, 1, 678840).
cost(30, 2, 309057).
cost(30, 3, 713936).
cost(30, 4, 540215).
cost(30, 5, 315908).
cost(30, 6, 341265).
cost(30, 7, 446377).
cost(30, 8, 373056).
cost(30, 9, 295532).
cost(30, 10, 567684).
cost(30, 11, 599856).
cost(30, 12, 253242).
cost(30, 13, 356003).
cost(30, 14, 446301).
cost(30, 15, 623724).
cost(30, 16, 437579).
cost(30, 17, 329924).
cost(30, 18, 329819).
cost(30, 19, 117798).
cost(30, 20, 471855).
cost(30, 21, 262797).
cost(30, 22, 336995).
cost(30, 23, 669467).
cost(30, 24, 385210).
cost(30, 25, 75934).
cost(30, 26, 630600).
cost(30, 27, 414199).
cost(30, 28, 334300).
cost(30, 29, 706210).
cost(30, 31, 358800).
cost(30, 32, 380217).
cost(31, 1, 940316).
cost(31, 2, 123349).
cost(31, 3, 1014572).
cost(31, 4, 898891).
cost(31, 5, 668161).
cost(31, 6, 474553).
cost(31, 7, 803918).
cost(31, 8, 289147).
cost(31, 9, 651601).
cost(31, 10, 850428).
cost(31, 11, 932932).
cost(31, 12, 462298).
cost(31, 13, 697313).
cost(31, 14, 447038).
cost(31, 15, 959960).
cost(31, 16, 532951).
cost(31, 17, 568745).
cost(31, 18, 686481).
cost(31, 19, 474341).
cost(31, 20, 448002).
cost(31, 21, 518215).
cost(31, 22, 138326).
cost(31, 23, 954425).
cost(31, 24, 725018).
cost(31, 25, 326537).
cost(31, 26, 925338).
cost(31, 27, 764344).
cost(31, 28, 652013).
cost(31, 29, 976707).
cost(31, 30, 358800).
cost(31, 32, 424604).
cost(32, 1, 1047994).
cost(32, 2, 488234).
cost(32, 3, 1060840).
cost(32, 4, 767768).
cost(32, 5, 620773).
cost(32, 6, 704949).
cost(32, 7, 703302).
cost(32, 8, 640767).
cost(32, 9, 518308).
cost(32, 10, 513094).
cost(32, 11, 916717).
cost(32, 12, 190752).
cost(32, 13, 495479).
cost(32, 14, 768056).
cost(32, 15, 933752).
cost(32, 16, 796057).
cost(32, 17, 254263).
cost(32, 18, 548404).
cost(32, 19, 455036).
cost(32, 20, 784131).
cost(32, 21, 642910).
cost(32, 22, 519908).
cost(32, 23, 1028302).
cost(32, 24, 709431).
cost(32, 25, 305971).
cost(32, 26, 593945).
cost(32, 27, 711543).
cost(32, 28, 412829).
cost(32, 29, 1071152).
cost(32, 30, 380217).
cost(32, 31, 424604).
