dimension(18).
point(1, 77.2674152942, 51.0599378666).
point(2, 23.980523035, 64.3507704736).
point(3, 46.379351674, 7.9208810467).
point(4, 16.608179641, 59.6784906688).
point(5, 89.7119331753, 64.249578205).
point(6, 74.0591901831, 92.0366841551).
point(7, 15.16755784, 22.2400958901).
point(8, 18.5377503985, 77.3714823839).
point(9, 97.1104822644, 46.6374042288).
point(10, 84.9886120712, 69.0511319415).
point(11, 49.5031434328, 69.6936118208).
point(12, 91.0449018647, 55.4817143182).
point(13, 22.665232736, 96.7273694924).
point(14, 71.2787911155, 40.8279329812).
point(15, 21.6676250833, 71.6398230868).
point(16, 11.5887562696, 76.5844154304).
point(17, 46.3888818315, 91.1655863847).
point(18, 25.6927996533, 17.4573616853).
cost(1, 2, 55).
cost(1, 3, 53).
cost(1, 4, 61).
cost(1, 5, 18).
cost(1, 6, 41).
cost(1, 7, 68).
cost(1, 8, 64).
cost(1, 9, 20).
cost(1, 10, 20).
cost(1, 11, 33).
cost(1, 12, 14).
cost(1, 13, 71).
cost(1, 14, 12).
cost(1, 15, 59).
cost(1, 16, 70).
cost(1, 17, 51).
cost(1, 18, 62).
cost(2, 1, 55).
cost(2, 3, 61).
cost(2, 4, 9).
cost(2, 5, 66).
cost(2, 6, 57).
cost(2, 7, 43).
cost(2, 8, 14).
cost(2, 9, 75).
cost(2, 10, 61).
cost(2, 11, 26).
cost(2, 12, 68).
cost(2, 13, 32).
cost(2, 14, 53).
cost(2, 15, 8).
cost(2, 16, 17).
cost(2, 17, 35).
cost(2, 18, 47).
cost(3, 1, 53).
cost(3, 2, 61).
cost(3, 4, 60).
cost(3, 5, 71).
cost(3, 6, 89).
cost(3, 7, 34).
cost(3, 8, 75).
cost(3, 9, 64).
cost(3, 10, 72).
cost(3, 11, 62).
cost(3, 12, 65).
cost(3, 13, 92).
cost(3, 14, 41).
cost(3, 15, 68).
cost(3, 16, 77).
cost(3, 17, 83).
cost(3, 18, 23).
cost(4, 1, 61).
cost(4, 2, 9).
cost(4, 3, 60).
cost(4, 5, 73).
cost(4, 6, 66).
cost(4, 7, 37).
cost(4, 8, 18).
cost(4, 9, 82).
cost(4, 10, 69).
cost(4, 11, 34).
cost(4, 12, 75).
cost(4, 13, 38).
cost(4, 14, 58).
cost(4, 15, 13).
cost(4, 16, 18).
cost(4, 17, 43).
cost(4, 18, 43).
cost(5, 1, 18).
cost(5, 2, 66).
cost(5, 3, 71).
cost(5, 4, 73).
cost(5, 6, 32).
cost(5, 7, 86).
cost(5, 8, 72).
cost(5, 9, 19).
cost(5, 10, 7).
cost(5, 11, 41).
cost(5, 12, 9).
cost(5, 13, 74).
cost(5, 14, 30).
cost(5, 15, 68).
cost(5, 16, 79).
cost(5, 17, 51).
cost(5, 18, 79).
cost(6, 1, 41).
cost(6, 2, 57).
cost(6, 3, 89).
cost(6, 4, 66).
cost(6, 5, 32).
cost(6, 7, 91).
cost(6, 8, 57).
cost(6, 9, 51).
cost(6, 10, 25).
cost(6, 11, 33).
cost(6, 12, 40).
cost(6, 13, 52).
cost(6, 14, 51).
cost(6, 15, 56).
cost(6, 16, 64).
cost(6, 17, 28).
cost(6, 18, 89).
cost(7, 1, 68).
cost(7, 2, 43).
cost(7, 3, 34).
cost(7, 4, 37).
cost(7, 5, 86).
cost(7, 6, 91).
cost(7, 8, 55).
cost(7, 9, 85).
cost(7, 10, 84).
cost(7, 11, 59).
cost(7, 12, 83).
cost(7, 13, 75).
cost(7, 14, 59).
cost(7, 15, 50).
cost(7, 16, 54).
cost(7, 17, 76).
cost(7, 18, 12).
cost(8, 1, 64).
cost(8, 2, 14).
cost(8, 3, 75).
cost(8, 4, 18).
cost(8, 5, 72).
cost(8, 6, 57).
cost(8, 7, 55).
cost(8, 9, 84).
cost(8, 10, 67).
cost(8, 11, 32).
cost(8, 12, 76).
cost(8, 13, 20).
cost(8, 14, 64).
cost(8, 15, 7).
cost(8, 16, 7).
cost(8, 17, 31).
cost(8, 18, 60).
cost(9, 1, 20).
cost(9, 2, 75).
cost(9, 3, 64).
cost(9, 4, 82).
cost(9, 5, 19).
cost(9, 6, 51).
cost(9, 7, 85).
cost(9, 8, 84).
cost(9, 10, 25).
cost(9, 11, 53).
cost(9, 12, 11).
cost(9, 13, 90).
cost(9, 14, 26).
cost(9, 15, 79).
cost(9, 16, 91).
cost(9, 17, 67).
cost(9, 18, 77).
cost(10, 1, 20).
cost(10, 2, 61).
cost(10, 3, 72).
cost(10, 4, 69).
cost(10, 5, 7).
cost(10, 6, 25).
cost(10, 7, 84).
cost(10, 8, 67).
cost(10, 9, 25).
cost(10, 11, 35).
cost(10, 12, 15).
cost(10, 13, 68).
cost(10, 14, 31).
cost(10, 15, 63).
cost(10, 16, 74).
cost(10, 17, 44).
cost(10, 18, 79).
cost(11, 1, 33).
cost(11, 2, 26).
cost(11, 3, 62).
cost(11, 4, 34).
cost(11, 5, 41).
cost(11, 6, 33).
cost(11, 7, 59).
cost(11, 8, 32).
cost(11, 9, 53).
cost(11, 10, 35).
cost(11, 12, 44).
cost(11, 13, 38).
cost(11, 14, 36).
cost(11, 15, 28).
cost(11, 16, 39).
cost(11, 17, 22).
cost(11, 18, 57).
cost(12, 1, 14).
cost(12, 2, 68).
cost(12, 3, 65).
cost(12, 4, 75).
cost(12, 5, 9).
cost(12, 6, 40).
cost(12, 7, 83).
cost(12, 8, 76).
cost(12, 9, 11).
cost(12, 10, 15).
cost(12, 11, 44).
cost(12, 13, 80).
cost(12, 14, 25).
cost(12, 15, 71).
cost(12, 16, 82).
cost(12, 17, 57).
cost(12, 18, 76).
cost(13, 1, 71).
cost(13, 2, 32).
cost(13, 3, 92).
cost(13, 4, 38).
cost(13, 5, 74).
cost(13, 6, 52).
cost(13, 7, 75).
cost(13, 8, 20).
cost(13, 9, 90).
cost(13, 10, 68).
cost(13, 11, 38).
cost(13, 12, 80).
cost(13, 14, 74).
cost(13, 15, 25).
cost(13, 16, 23).
cost(13, 17, 24).
cost(13, 18, 79).
cost(14, 1, 12).
cost(14, 2, 53).
cost(14, 3, 41).
cost(14, 4, 58).
cost(14, 5, 30).
cost(14, 6, 51).
cost(14, 7, 59).
cost(14, 8, 64).
cost(14, 9, 26).
cost(14, 10, 31).
cost(14, 11, 36).
cost(14, 12, 25).
cost(14, 13, 74).
cost(14, 15, 58).
cost(14, 16, 70).
cost(14, 17, 56).
cost(14, 18, 51).
cost(15, 1, 59).
cost(15, 2, 8).
cost(15, 3, 68).
cost(15, 4, 13).
cost(15, 5, 68).
cost(15, 6, 56).
cost(15, 7, 50).
cost(15, 8, 7).
cost(15, 9, 79).
cost(15, 10, 63).
cost(15, 11, 28).
cost(15, 12, 71).
cost(15, 13, 25).
cost(15, 14, 58).
cost(15, 16, 11).
cost(15, 17, 32).
cost(15, 18, 54).
cost(16, 1, 70).
cost(16, 2, 17).
cost(16, 3, 77).
cost(16, 4, 18).
cost(16, 5, 79).
cost(16, 6, 64).
cost(16, 7, 54).
cost(16, 8, 7).
cost(16, 9, 91).
cost(16, 10, 74).
cost(16, 11, 39).
cost(16, 12, 82).
cost(16, 13, 23).
cost(16, 14, 70).
cost(16, 15, 11).
cost(16, 17, 38).
cost(16, 18, 61).
cost(17, 1, 51).
cost(17, 2, 35).
cost(17, 3, 83).
cost(17, 4, 43).
cost(17, 5, 51).
cost(17, 6, 28).
cost(17, 7, 76).
cost(17, 8, 31).
cost(17, 9, 67).
cost(17, 10, 44).
cost(17, 11, 22).
cost(17, 12, 57).
cost(17, 13, 24).
cost(17, 14, 56).
cost(17, 15, 32).
cost(17, 16, 38).
cost(17, 18, 77).
cost(18, 1, 62).
cost(18, 2, 47).
cost(18, 3, 23).
cost(18, 4, 43).
cost(18, 5, 79).
cost(18, 6, 89).
cost(18, 7, 12).
cost(18, 8, 60).
cost(18, 9, 77).
cost(18, 10, 79).
cost(18, 11, 57).
cost(18, 12, 76).
cost(18, 13, 79).
cost(18, 14, 51).
cost(18, 15, 54).
cost(18, 16, 61).
cost(18, 17, 77).
