dimension(18).
point(1, 24.7971954326, 68.3440069431).
point(2, 31.378947427, 41.1112755292).
point(3, 98.7438193669, 19.7055843212).
point(4, 56.2832122342, 43.1186331978).
point(5, 71.615734449, 55.0286822929).
point(6, 64.4318842977, 73.125847361).
point(7, 45.7588078329, 80.3390145114).
point(8, 47.0334024344, 90.9710285091).
point(9, 22.7563962932, 48.351636145).
point(10, 27.2643827318, 99.5544533459).
point(11, 92.0760610093, 22.7074328817).
point(12, 60.9128508363, 17.6893426914).
point(13, 51.3478080412, 13.7301036383).
point(14, 86.7004645536, 26.7266363364).
point(15, 34.8477458563, 82.1949277886).
point(16, 6.0553885141, 24.9983023426).
point(17, 29.6546813147, 96.3896724845).
point(18, 32.8745883693, 4.9484550811).
cost(1, 2, 28).
cost(1, 3, 89).
cost(1, 4, 40).
cost(1, 5, 49).
cost(1, 6, 40).
cost(1, 7, 24).
cost(1, 8, 32).
cost(1, 9, 20).
cost(1, 10, 31).
cost(1, 11, 81).
cost(1, 12, 62).
cost(1, 13, 61).
cost(1, 14, 75).
cost(1, 15, 17).
cost(1, 16, 47).
cost(1, 17, 28).
cost(1, 18, 64).
cost(2, 1, 28).
cost(2, 3, 71).
cost(2, 4, 25).
cost(2, 5, 43).
cost(2, 6, 46).
cost(2, 7, 42).
cost(2, 8, 52).
cost(2, 9, 11).
cost(2, 10, 59).
cost(2, 11, 63).
cost(2, 12, 38).
cost(2, 13, 34).
cost(2, 14, 57).
cost(2, 15, 41).
cost(2, 16, 30).
cost(2, 17, 55).
cost(2, 18, 36).
cost(3, 1, 89).
cost(3, 2, 71).
cost(3, 4, 48).
cost(3, 5, 45).
cost(3, 6, 63).
cost(3, 7, 81).
cost(3, 8, 88).
cost(3, 9, 81).
cost(3, 10, 107).
cost(3, 11, 7).
cost(3, 12, 38).
cost(3, 13, 48).
cost(3, 14, 14).
cost(3, 15, 89).
cost(3, 16, 93).
cost(3, 17, 103).
cost(3, 18, 68).
cost(4, 1, 40).
cost(4, 2, 25).
cost(4, 3, 48).
cost(4, 5, 19).
cost(4, 6, 31).
cost(4, 7, 39).
cost(4, 8, 49).
cost(4, 9, 34).
cost(4, 10, 63).
cost(4, 11, 41).
cost(4, 12, 26).
cost(4, 13, 30).
cost(4, 14, 35).
cost(4, 15, 45).
cost(4, 16, 53).
cost(4, 17, 60).
cost(4, 18, 45).
cost(5, 1, 49).
cost(5, 2, 43).
cost(5, 3, 45).
cost(5, 4, 19).
cost(5, 6, 19).
cost(5, 7, 36).
cost(5, 8, 44).
cost(5, 9, 49).
cost(5, 10, 63).
cost(5, 11, 38).
cost(5, 12, 39).
cost(5, 13, 46).
cost(5, 14, 32).
cost(5, 15, 46).
cost(5, 16, 72).
cost(5, 17, 59).
cost(5, 18, 63).
cost(6, 1, 40).
cost(6, 2, 46).
cost(6, 3, 63).
cost(6, 4, 31).
cost(6, 5, 19).
cost(6, 7, 20).
cost(6, 8, 25).
cost(6, 9, 48).
cost(6, 10, 46).
cost(6, 11, 57).
cost(6, 12, 56).
cost(6, 13, 61).
cost(6, 14, 51).
cost(6, 15, 31).
cost(6, 16, 76).
cost(6, 17, 42).
cost(6, 18, 75).
cost(7, 1, 24).
cost(7, 2, 42).
cost(7, 3, 81).
cost(7, 4, 39).
cost(7, 5, 36).
cost(7, 6, 20).
cost(7, 8, 11).
cost(7, 9, 39).
cost(7, 10, 27).
cost(7, 11, 74).
cost(7, 12, 64).
cost(7, 13, 67).
cost(7, 14, 67).
cost(7, 15, 11).
cost(7, 16, 68).
cost(7, 17, 23).
cost(7, 18, 76).
cost(8, 1, 32).
cost(8, 2, 52).
cost(8, 3, 88).
cost(8, 4, 49).
cost(8, 5, 44).
cost(8, 6, 25).
cost(8, 7, 11).
cost(8, 9, 49).
cost(8, 10, 22).
cost(8, 11, 82).
cost(8, 12, 75).
cost(8, 13, 77).
cost(8, 14, 76).
cost(8, 15, 15).
cost(8, 16, 78).
cost(8, 17, 18).
cost(8, 18, 87).
cost(9, 1, 20).
cost(9, 2, 11).
cost(9, 3, 81).
cost(9, 4, 34).
cost(9, 5, 49).
cost(9, 6, 48).
cost(9, 7, 39).
cost(9, 8, 49).
cost(9, 10, 51).
cost(9, 11, 74).
cost(9, 12, 49).
cost(9, 13, 45).
cost(9, 14, 68).
cost(9, 15, 36).
cost(9, 16, 29).
cost(9, 17, 49).
cost(9, 18, 45).
cost(10, 1, 31).
cost(10, 2, 59).
cost(10, 3, 107).
cost(10, 4, 63).
cost(10, 5, 63).
cost(10, 6, 46).
cost(10, 7, 27).
cost(10, 8, 22).
cost(10, 9, 51).
cost(10, 11, 101).
cost(10, 12, 89).
cost(10, 13, 89).
cost(10, 14, 94).
cost(10, 15, 19).
cost(10, 16, 78).
cost(10, 17, 4).
cost(10, 18, 95).
cost(11, 1, 81).
cost(11, 2, 63).
cost(11, 3, 7).
cost(11, 4, 41).
cost(11, 5, 38).
cost(11, 6, 57).
cost(11, 7, 74).
cost(11, 8, 82).
cost(11, 9, 74).
cost(11, 10, 101).
cost(11, 12, 32).
cost(11, 13, 42).
cost(11, 14, 7).
cost(11, 15, 83).
cost(11, 16, 86).
cost(11, 17, 97).
cost(11, 18, 62).
cost(12, 1, 62).
cost(12, 2, 38).
cost(12, 3, 38).
cost(12, 4, 26).
cost(12, 5, 39).
cost(12, 6, 56).
cost(12, 7, 64).
cost(12, 8, 75).
cost(12, 9, 49).
cost(12, 10, 89).
cost(12, 11, 32).
cost(12, 13, 10).
cost(12, 14, 27).
cost(12, 15, 70).
cost(12, 16, 55).
cost(12, 17, 85).
cost(12, 18, 31).
cost(13, 1, 61).
cost(13, 2, 34).
cost(13, 3, 48).
cost(13, 4, 30).
cost(13, 5, 46).
cost(13, 6, 61).
cost(13, 7, 67).
cost(13, 8, 77).
cost(13, 9, 45).
cost(13, 10, 89).
cost(13, 11, 42).
cost(13, 12, 10).
cost(13, 14, 38).
cost(13, 15, 70).
cost(13, 16, 47).
cost(13, 17, 85).
cost(13, 18, 20).
cost(14, 1, 75).
cost(14, 2, 57).
cost(14, 3, 14).
cost(14, 4, 35).
cost(14, 5, 32).
cost(14, 6, 51).
cost(14, 7, 67).
cost(14, 8, 76).
cost(14, 9, 68).
cost(14, 10, 94).
cost(14, 11, 7).
cost(14, 12, 27).
cost(14, 13, 38).
cost(14, 15, 76).
cost(14, 16, 81).
cost(14, 17, 90).
cost(14, 18, 58).
cost(15, 1, 17).
cost(15, 2, 41).
cost(15, 3, 89).
cost(15, 4, 45).
cost(15, 5, 46).
cost(15, 6, 31).
cost(15, 7, 11).
cost(15, 8, 15).
cost(15, 9, 36).
cost(15, 10, 19).
cost(15, 11, 83).
cost(15, 12, 70).
cost(15, 13, 70).
cost(15, 14, 76).
cost(15, 16, 64).
cost(15, 17, 15).
cost(15, 18, 77).
cost(16, 1, 47).
cost(16, 2, 30).
cost(16, 3, 93).
cost(16, 4, 53).
cost(16, 5, 72).
cost(16, 6, 76).
cost(16, 7, 68).
cost(16, 8, 78).
cost(16, 9, 29).
cost(16, 10, 78).
cost(16, 11, 86).
cost(16, 12, 55).
cost(16, 13, 47).
cost(16, 14, 81).
cost(16, 15, 64).
cost(16, 17, 75).
cost(16, 18, 33).
cost(17, 1, 28).
cost(17, 2, 55).
cost(17, 3, 103).
cost(17, 4, 60).
cost(17, 5, 59).
cost(17, 6, 42).
cost(17, 7, 23).
cost(17, 8, 18).
cost(17, 9, 49).
cost(17, 10, 4).
cost(17, 11, 97).
cost(17, 12, 85).
cost(17, 13, 85).
cost(17, 14, 90).
cost(17, 15, 15).
cost(17, 16, 75).
cost(17, 18, 91).
cost(18, 1, 64).
cost(18, 2, 36).
cost(18, 3, 68).
cost(18, 4, 45).
cost(18, 5, 63).
cost(18, 6, 75).
cost(18, 7, 76).
cost(18, 8, 87).
cost(18, 9, 45).
cost(18, 10, 95).
cost(18, 11, 62).
cost(18, 12, 31).
cost(18, 13, 20).
cost(18, 14, 58).
cost(18, 15, 77).
cost(18, 16, 33).
cost(18, 17, 91).
