dimension(18).
point(1, 5.6866147572, 68.8363866044).
point(2, 52.3314609729, 44.5979908597).
point(3, 51.4485316525, 27.0085716693).
point(4, 41.119920064, 57.6711219999).
point(5, 50.1692986735, 20.8199610543).
point(6, 25.1132382232, 59.9564172939).
point(7, 92.1057823667, 20.7644664869).
point(8, 32.8635870764, 41.8969004481).
point(9, 98.0405962238, 34.1267386887).
point(10, 7.0694760099, 52.0324272477).
point(11, 4.2496530398, 81.288280389).
point(12, 42.9581103719, 50.7163467139).
point(13, 49.7399705563, 74.8971961271).
point(14, 93.2365756582, 15.2903721539).
point(15, 31.0523896308, 66.8834343912).
point(16, 82.4573783229, 50.8643920869).
point(17, 35.1532750736, 41.1513935721).
point(18, 73.8574992684, 56.1050216186).
cost(1, 2, 53).
cost(1, 3, 62).
cost(1, 4, 37).
cost(1, 5, 65).
cost(1, 6, 21).
cost(1, 7, 99).
cost(1, 8, 38).
cost(1, 9, 99).
cost(1, 10, 17).
cost(1, 11, 13).
cost(1, 12, 41).
cost(1, 13, 44).
cost(1, 14, 103).
cost(1, 15, 25).
cost(1, 16, 79).
cost(1, 17, 40).
cost(1, 18, 69).
cost(2, 1, 53).
cost(2, 3, 18).
cost(2, 4, 17).
cost(2, 5, 24).
cost(2, 6, 31).
cost(2, 7, 46).
cost(2, 8, 20).
cost(2, 9, 47).
cost(2, 10, 46).
cost(2, 11, 60).
cost(2, 12, 11).
cost(2, 13, 30).
cost(2, 14, 50).
cost(2, 15, 31).
cost(2, 16, 31).
cost(2, 17, 18).
cost(2, 18, 24).
cost(3, 1, 62).
cost(3, 2, 18).
cost(3, 4, 32).
cost(3, 5, 6).
cost(3, 6, 42).
cost(3, 7, 41).
cost(3, 8, 24).
cost(3, 9, 47).
cost(3, 10, 51).
cost(3, 11, 72).
cost(3, 12, 25).
cost(3, 13, 48).
cost(3, 14, 43).
cost(3, 15, 45).
cost(3, 16, 39).
cost(3, 17, 22).
cost(3, 18, 37).
cost(4, 1, 37).
cost(4, 2, 17).
cost(4, 3, 32).
cost(4, 5, 38).
cost(4, 6, 16).
cost(4, 7, 63).
cost(4, 8, 18).
cost(4, 9, 62).
cost(4, 10, 35).
cost(4, 11, 44).
cost(4, 12, 7).
cost(4, 13, 19).
cost(4, 14, 67).
cost(4, 15, 14).
cost(4, 16, 42).
cost(4, 17, 18).
cost(4, 18, 33).
cost(5, 1, 65).
cost(5, 2, 24).
cost(5, 3, 6).
cost(5, 4, 38).
cost(5, 6, 46).
cost(5, 7, 42).
cost(5, 8, 27).
cost(5, 9, 50).
cost(5, 10, 53).
cost(5, 11, 76).
cost(5, 12, 31).
cost(5, 13, 54).
cost(5, 14, 43).
cost(5, 15, 50).
cost(5, 16, 44).
cost(5, 17, 25).
cost(5, 18, 42).
cost(6, 1, 21).
cost(6, 2, 31).
cost(6, 3, 42).
cost(6, 4, 16).
cost(6, 5, 46).
cost(6, 7, 78).
cost(6, 8, 20).
cost(6, 9, 77).
cost(6, 10, 20).
cost(6, 11, 30).
cost(6, 12, 20).
cost(6, 13, 29).
cost(6, 14, 81).
cost(6, 15, 9).
cost(6, 16, 58).
cost(6, 17, 21).
cost(6, 18, 49).
cost(7, 1, 99).
cost(7, 2, 46).
cost(7, 3, 41).
cost(7, 4, 63).
cost(7, 5, 42).
cost(7, 6, 78).
cost(7, 8, 63).
cost(7, 9, 15).
cost(7, 10, 91).
cost(7, 11, 107).
cost(7, 12, 58).
cost(7, 13, 69).
cost(7, 14, 6).
cost(7, 15, 77).
cost(7, 16, 32).
cost(7, 17, 60).
cost(7, 18, 40).
cost(8, 1, 38).
cost(8, 2, 20).
cost(8, 3, 24).
cost(8, 4, 18).
cost(8, 5, 27).
cost(8, 6, 20).
cost(8, 7, 63).
cost(8, 9, 66).
cost(8, 10, 28).
cost(8, 11, 49).
cost(8, 12, 13).
cost(8, 13, 37).
cost(8, 14, 66).
cost(8, 15, 25).
cost(8, 16, 50).
cost(8, 17, 2).
cost(8, 18, 43).
cost(9, 1, 99).
cost(9, 2, 47).
cost(9, 3, 47).
cost(9, 4, 62).
cost(9, 5, 50).
cost(9, 6, 77).
cost(9, 7, 15).
cost(9, 8, 66).
cost(9, 10, 93).
cost(9, 11, 105).
cost(9, 12, 58).
cost(9, 13, 63).
cost(9, 14, 19).
cost(9, 15, 75).
cost(9, 16, 23).
cost(9, 17, 63).
cost(9, 18, 33).
cost(10, 1, 17).
cost(10, 2, 46).
cost(10, 3, 51).
cost(10, 4, 35).
cost(10, 5, 53).
cost(10, 6, 20).
cost(10, 7, 91).
cost(10, 8, 28).
cost(10, 9, 93).
cost(10, 11, 29).
cost(10, 12, 36).
cost(10, 13, 48).
cost(10, 14, 94).
cost(10, 15, 28).
cost(10, 16, 75).
cost(10, 17, 30).
cost(10, 18, 67).
cost(11, 1, 13).
cost(11, 2, 60).
cost(11, 3, 72).
cost(11, 4, 44).
cost(11, 5, 76).
cost(11, 6, 30).
cost(11, 7, 107).
cost(11, 8, 49).
cost(11, 9, 105).
cost(11, 10, 29).
cost(11, 12, 49).
cost(11, 13, 46).
cost(11, 14, 111).
cost(11, 15, 30).
cost(11, 16, 84).
cost(11, 17, 51).
cost(11, 18, 74).
cost(12, 1, 41).
cost(12, 2, 11).
cost(12, 3, 25).
cost(12, 4, 7).
cost(12, 5, 31).
cost(12, 6, 20).
cost(12, 7, 58).
cost(12, 8, 13).
cost(12, 9, 58).
cost(12, 10, 36).
cost(12, 11, 49).
cost(12, 13, 25).
cost(12, 14, 62).
cost(12, 15, 20).
cost(12, 16, 39).
cost(12, 17, 12).
cost(12, 18, 31).
cost(13, 1, 44).
cost(13, 2, 30).
cost(13, 3, 48).
cost(13, 4, 19).
cost(13, 5, 54).
cost(13, 6, 29).
cost(13, 7, 69).
cost(13, 8, 37).
cost(13, 9, 63).
cost(13, 10, 48).
cost(13, 11, 46).
cost(13, 12, 25).
cost(13, 14, 74).
cost(13, 15, 20).
cost(13, 16, 41).
cost(13, 17, 37).
cost(13, 18, 31).
cost(14, 1, 103).
cost(14, 2, 50).
cost(14, 3, 43).
cost(14, 4, 67).
cost(14, 5, 43).
cost(14, 6, 81).
cost(14, 7, 6).
cost(14, 8, 66).
cost(14, 9, 19).
cost(14, 10, 94).
cost(14, 11, 111).
cost(14, 12, 62).
cost(14, 13, 74).
cost(14, 15, 81).
cost(14, 16, 37).
cost(14, 17, 64).
cost(14, 18, 45).
cost(15, 1, 25).
cost(15, 2, 31).
cost(15, 3, 45).
cost(15, 4, 14).
cost(15, 5, 50).
cost(15, 6, 9).
cost(15, 7, 77).
cost(15, 8, 25).
cost(15, 9, 75).
cost(15, 10, 28).
cost(15, 11, 30).
cost(15, 12, 20).
cost(15, 13, 20).
cost(15, 14, 81).
cost(15, 16, 54).
cost(15, 17, 26).
cost(15, 18, 44).
cost(16, 1, 79).
cost(16, 2, 31).
cost(16, 3, 39).
cost(16, 4, 42).
cost(16, 5, 44).
cost(16, 6, 58).
cost(16, 7, 32).
cost(16, 8, 50).
cost(16, 9, 23).
cost(16, 10, 75).
cost(16, 11, 84).
cost(16, 12, 39).
cost(16, 13, 41).
cost(16, 14, 37).
cost(16, 15, 54).
cost(16, 17, 48).
cost(16, 18, 10).
cost(17, 1, 40).
cost(17, 2, 18).
cost(17, 3, 22).
cost(17, 4, 18).
cost(17, 5, 25).
cost(17, 6, 21).
cost(17, 7, 60).
cost(17, 8, 2).
cost(17, 9, 63).
cost(17, 10, 30).
cost(17, 11, 51).
cost(17, 12, 12).
cost(17, 13, 37).
cost(17, 14, 64).
cost(17, 15, 26).
cost(17, 16, 48).
cost(17, 18, 41).
cost(18, 1, 69).
cost(18, 2, 24).
cost(18, 3, 37).
cost(18, 4, 33).
cost(18, 5, 42).
cost(18, 6, 49).
cost(18, 7, 40).
cost(18, 8, 43).
cost(18, 9, 33).
cost(18, 10, 67).
cost(18, 11, 74).
cost(18, 12, 31).
cost(18, 13, 31).
cost(18, 14, 45).
cost(18, 15, 44).
cost(18, 16, 10).
cost(18, 17, 41).
