dimension(18).
point(1, 14.2820699871, 37.6101114859).
point(2, 50.7734478065, 86.8689302311).
point(3, 62.6982480136, 59.232607767).
point(4, 7.514891378, 66.1310143024).
point(5, 33.7966468184, 74.3490935887).
point(6, 20.2296552844, 65.1079372026).
point(7, 23.6721095301, 57.7536372046).
point(8, 55.9576778567, 50.2122530929).
point(9, 89.2360122372, 21.8263518735).
point(10, 68.798269757, 48.6785139349).
point(11, 39.4601015904, 72.3380528984).
point(12, 33.7797803835, 41.4919495988).
point(13, 85.5449436705, 23.0523152107).
point(14, 93.7131672339, 32.6560448815).
point(15, 22.3843631626, 30.2233612254).
point(16, 76.8372232604, 81.6929141034).
point(17, 36.419358706, 77.3291027181).
point(18, 54.4118151424, 81.6775055389).
cost(1, 2, 61).
cost(1, 3, 53).
cost(1, 4, 29).
cost(1, 5, 42).
cost(1, 6, 28).
cost(1, 7, 22).
cost(1, 8, 44).
cost(1, 9, 77).
cost(1, 10, 56).
cost(1, 11, 43).
cost(1, 12, 20).
cost(1, 13, 73).
cost(1, 14, 80).
cost(1, 15, 11).
cost(1, 16, 77).
cost(1, 17, 45).
cost(1, 18, 60).
cost(2, 1, 61).
cost(2, 3, 30).
cost(2, 4, 48).
cost(2, 5, 21).
cost(2, 6, 38).
cost(2, 7, 40).
cost(2, 8, 37).
cost(2, 9, 76).
cost(2, 10, 42).
cost(2, 11, 18).
cost(2, 12, 48).
cost(2, 13, 73).
cost(2, 14, 69).
cost(2, 15, 63).
cost(2, 16, 27).
cost(2, 17, 17).
cost(2, 18, 6).
cost(3, 1, 53).
cost(3, 2, 30).
cost(3, 4, 56).
cost(3, 5, 33).
cost(3, 6, 43).
cost(3, 7, 39).
cost(3, 8, 11).
cost(3, 9, 46).
cost(3, 10, 12).
cost(3, 11, 27).
cost(3, 12, 34).
cost(3, 13, 43).
cost(3, 14, 41).
cost(3, 15, 50).
cost(3, 16, 27).
cost(3, 17, 32).
cost(3, 18, 24).
cost(4, 1, 29).
cost(4, 2, 48).
cost(4, 3, 56).
cost(4, 5, 28).
cost(4, 6, 13).
cost(4, 7, 18).
cost(4, 8, 51).
cost(4, 9, 93).
cost(4, 10, 64).
cost(4, 11, 33).
cost(4, 12, 36).
cost(4, 13, 89).
cost(4, 14, 92).
cost(4, 15, 39).
cost(4, 16, 71).
cost(4, 17, 31).
cost(4, 18, 49).
cost(5, 1, 42).
cost(5, 2, 21).
cost(5, 3, 33).
cost(5, 4, 28).
cost(5, 6, 16).
cost(5, 7, 19).
cost(5, 8, 33).
cost(5, 9, 76).
cost(5, 10, 43).
cost(5, 11, 6).
cost(5, 12, 33).
cost(5, 13, 73).
cost(5, 14, 73).
cost(5, 15, 46).
cost(5, 16, 44).
cost(5, 17, 4).
cost(5, 18, 22).
cost(6, 1, 28).
cost(6, 2, 38).
cost(6, 3, 43).
cost(6, 4, 13).
cost(6, 5, 16).
cost(6, 7, 8).
cost(6, 8, 39).
cost(6, 9, 81).
cost(6, 10, 51).
cost(6, 11, 21).
cost(6, 12, 27).
cost(6, 13, 78).
cost(6, 14, 80).
cost(6, 15, 35).
cost(6, 16, 59).
cost(6, 17, 20).
cost(6, 18, 38).
cost(7, 1, 22).
cost(7, 2, 40).
cost(7, 3, 39).
cost(7, 4, 18).
cost(7, 5, 19).
cost(7, 6, 8).
cost(7, 8, 33).
cost(7, 9, 75).
cost(7, 10, 46).
cost(7, 11, 21).
cost(7, 12, 19).
cost(7, 13, 71).
cost(7, 14, 74).
cost(7, 15, 28).
cost(7, 16, 58).
cost(7, 17, 23).
cost(7, 18, 39).
cost(8, 1, 44).
cost(8, 2, 37).
cost(8, 3, 11).
cost(8, 4, 51).
cost(8, 5, 33).
cost(8, 6, 39).
cost(8, 7, 33).
cost(8, 9, 44).
cost(8, 10, 13).
cost(8, 11, 28).
cost(8, 12, 24).
cost(8, 13, 40).
cost(8, 14, 42).
cost(8, 15, 39).
cost(8, 16, 38).
cost(8, 17, 33).
cost(8, 18, 32).
cost(9, 1, 77).
cost(9, 2, 76).
cost(9, 3, 46).
cost(9, 4, 93).
cost(9, 5, 76).
cost(9, 6, 81).
cost(9, 7, 75).
cost(9, 8, 44).
cost(9, 10, 34).
cost(9, 11, 71).
cost(9, 12, 59).
cost(9, 13, 4).
cost(9, 14, 12).
cost(9, 15, 67).
cost(9, 16, 61).
cost(9, 17, 77).
cost(9, 18, 69).
cost(10, 1, 56).
cost(10, 2, 42).
cost(10, 3, 12).
cost(10, 4, 64).
cost(10, 5, 43).
cost(10, 6, 51).
cost(10, 7, 46).
cost(10, 8, 13).
cost(10, 9, 34).
cost(10, 11, 38).
cost(10, 12, 36).
cost(10, 13, 31).
cost(10, 14, 30).
cost(10, 15, 50).
cost(10, 16, 34).
cost(10, 17, 43).
cost(10, 18, 36).
cost(11, 1, 43).
cost(11, 2, 18).
cost(11, 3, 27).
cost(11, 4, 33).
cost(11, 5, 6).
cost(11, 6, 21).
cost(11, 7, 21).
cost(11, 8, 28).
cost(11, 9, 71).
cost(11, 10, 38).
cost(11, 12, 31).
cost(11, 13, 67).
cost(11, 14, 67).
cost(11, 15, 45).
cost(11, 16, 39).
cost(11, 17, 6).
cost(11, 18, 18).
cost(12, 1, 20).
cost(12, 2, 48).
cost(12, 3, 34).
cost(12, 4, 36).
cost(12, 5, 33).
cost(12, 6, 27).
cost(12, 7, 19).
cost(12, 8, 24).
cost(12, 9, 59).
cost(12, 10, 36).
cost(12, 11, 31).
cost(12, 13, 55).
cost(12, 14, 61).
cost(12, 15, 16).
cost(12, 16, 59).
cost(12, 17, 36).
cost(12, 18, 45).
cost(13, 1, 73).
cost(13, 2, 73).
cost(13, 3, 43).
cost(13, 4, 89).
cost(13, 5, 73).
cost(13, 6, 78).
cost(13, 7, 71).
cost(13, 8, 40).
cost(13, 9, 4).
cost(13, 10, 31).
cost(13, 11, 67).
cost(13, 12, 55).
cost(13, 14, 13).
cost(13, 15, 64).
cost(13, 16, 59).
cost(13, 17, 73).
cost(13, 18, 66).
cost(14, 1, 80).
cost(14, 2, 69).
cost(14, 3, 41).
cost(14, 4, 92).
cost(14, 5, 73).
cost(14, 6, 80).
cost(14, 7, 74).
cost(14, 8, 42).
cost(14, 9, 12).
cost(14, 10, 30).
cost(14, 11, 67).
cost(14, 12, 61).
cost(14, 13, 13).
cost(14, 15, 71).
cost(14, 16, 52).
cost(14, 17, 73).
cost(14, 18, 63).
cost(15, 1, 11).
cost(15, 2, 63).
cost(15, 3, 50).
cost(15, 4, 39).
cost(15, 5, 46).
cost(15, 6, 35).
cost(15, 7, 28).
cost(15, 8, 39).
cost(15, 9, 67).
cost(15, 10, 50).
cost(15, 11, 45).
cost(15, 12, 16).
cost(15, 13, 64).
cost(15, 14, 71).
cost(15, 16, 75).
cost(15, 17, 49).
cost(15, 18, 61).
cost(16, 1, 77).
cost(16, 2, 27).
cost(16, 3, 27).
cost(16, 4, 71).
cost(16, 5, 44).
cost(16, 6, 59).
cost(16, 7, 58).
cost(16, 8, 38).
cost(16, 9, 61).
cost(16, 10, 34).
cost(16, 11, 39).
cost(16, 12, 59).
cost(16, 13, 59).
cost(16, 14, 52).
cost(16, 15, 75).
cost(16, 17, 41).
cost(16, 18, 22).
cost(17, 1, 45).
cost(17, 2, 17).
cost(17, 3, 32).
cost(17, 4, 31).
cost(17, 5, 4).
cost(17, 6, 20).
cost(17, 7, 23).
cost(17, 8, 33).
cost(17, 9, 77).
cost(17, 10, 43).
cost(17, 11, 6).
cost(17, 12, 36).
cost(17, 13, 73).
cost(17, 14, 73).
cost(17, 15, 49).
cost(17, 16, 41).
cost(17, 18, 19).
cost(18, 1, 60).
cost(18, 2, 6).
cost(18, 3, 24).
cost(18, 4, 49).
cost(18, 5, 22).
cost(18, 6, 38).
cost(18, 7, 39).
cost(18, 8, 32).
cost(18, 9, 69).
cost(18, 10, 36).
cost(18, 11, 18).
cost(18, 12, 45).
cost(18, 13, 66).
cost(18, 14, 63).
cost(18, 15, 61).
cost(18, 16, 22).
cost(18, 17, 19).
