dimension(18).
point(1, 15.2171530088, 65.1505859353).
point(2, 92.7535697154, 61.3844986151).
point(3, 41.7555335005, 68.3001155929).
point(4, 80.4452888299, 73.2161175263).
point(5, 37.8760394059, 58.4494453812).
point(6, 45.6815359068, 60.2170127437).
point(7, 16.0863359889, 81.6131494158).
point(8, 28.4762814568, 20.0600940436).
point(9, 63.0905441488, 42.8216718311).
point(10, 19.8956240899, 58.7822368247).
point(11, 38.3984568659, 70.3117065399).
point(12, 15.2754267655, 31.1895885024).
point(13, 72.9614083878, 29.7562213704).
point(14, 74.3132744644, 4.8961048374).
point(15, 92.3785881875, 82.4924044532).
point(16, 79.5552968157, 24.9033882672).
point(17, 55.7366156939, 44.6710855722).
point(18, 28.5742790029, 32.0387139996).
cost(1, 2, 78).
cost(1, 3, 27).
cost(1, 4, 66).
cost(1, 5, 24).
cost(1, 6, 31).
cost(1, 7, 16).
cost(1, 8, 47).
cost(1, 9, 53).
cost(1, 10, 8).
cost(1, 11, 24).
cost(1, 12, 34).
cost(1, 13, 68).
cost(1, 14, 84).
cost(1, 15, 79).
cost(1, 16, 76).
cost(1, 17, 45).
cost(1, 18, 36).
cost(2, 1, 78).
cost(2, 3, 51).
cost(2, 4, 17).
cost(2, 5, 55).
cost(2, 6, 47).
cost(2, 7, 79).
cost(2, 8, 76).
cost(2, 9, 35).
cost(2, 10, 73).
cost(2, 11, 55).
cost(2, 12, 83).
cost(2, 13, 37).
cost(2, 14, 59).
cost(2, 15, 21).
cost(2, 16, 39).
cost(2, 17, 41).
cost(2, 18, 71).
cost(3, 1, 27).
cost(3, 2, 51).
cost(3, 4, 39).
cost(3, 5, 11).
cost(3, 6, 9).
cost(3, 7, 29).
cost(3, 8, 50).
cost(3, 9, 33).
cost(3, 10, 24).
cost(3, 11, 4).
cost(3, 12, 46).
cost(3, 13, 50).
cost(3, 14, 71).
cost(3, 15, 53).
cost(3, 16, 58).
cost(3, 17, 27).
cost(3, 18, 39).
cost(4, 1, 66).
cost(4, 2, 17).
cost(4, 3, 39).
cost(4, 5, 45).
cost(4, 6, 37).
cost(4, 7, 65).
cost(4, 8, 74).
cost(4, 9, 35).
cost(4, 10, 62).
cost(4, 11, 42).
cost(4, 12, 78).
cost(4, 13, 44).
cost(4, 14, 69).
cost(4, 15, 15).
cost(4, 16, 48).
cost(4, 17, 38).
cost(4, 18, 66).
cost(5, 1, 24).
cost(5, 2, 55).
cost(5, 3, 11).
cost(5, 4, 45).
cost(5, 6, 8).
cost(5, 7, 32).
cost(5, 8, 40).
cost(5, 9, 30).
cost(5, 10, 18).
cost(5, 11, 12).
cost(5, 12, 35).
cost(5, 13, 45).
cost(5, 14, 65).
cost(5, 15, 60).
cost(5, 16, 54).
cost(5, 17, 23).
cost(5, 18, 28).
cost(6, 1, 31).
cost(6, 2, 47).
cost(6, 3, 9).
cost(6, 4, 37).
cost(6, 5, 8).
cost(6, 7, 37).
cost(6, 8, 44).
cost(6, 9, 25).
cost(6, 10, 26).
cost(6, 11, 12).
cost(6, 12, 42).
cost(6, 13, 41).
cost(6, 14, 62).
cost(6, 15, 52).
cost(6, 16, 49).
cost(6, 17, 19).
cost(6, 18, 33).
cost(7, 1, 16).
cost(7, 2, 79).
cost(7, 3, 29).
cost(7, 4, 65).
cost(7, 5, 32).
cost(7, 6, 37).
cost(7, 8, 63).
cost(7, 9, 61).
cost(7, 10, 23).
cost(7, 11, 25).
cost(7, 12, 50).
cost(7, 13, 77).
cost(7, 14, 96).
cost(7, 15, 76).
cost(7, 16, 85).
cost(7, 17, 54).
cost(7, 18, 51).
cost(8, 1, 47).
cost(8, 2, 76).
cost(8, 3, 50).
cost(8, 4, 74).
cost(8, 5, 40).
cost(8, 6, 44).
cost(8, 7, 63).
cost(8, 9, 41).
cost(8, 10, 40).
cost(8, 11, 51).
cost(8, 12, 17).
cost(8, 13, 46).
cost(8, 14, 48).
cost(8, 15, 89).
cost(8, 16, 51).
cost(8, 17, 37).
cost(8, 18, 12).
cost(9, 1, 53).
cost(9, 2, 35).
cost(9, 3, 33).
cost(9, 4, 35).
cost(9, 5, 30).
cost(9, 6, 25).
cost(9, 7, 61).
cost(9, 8, 41).
cost(9, 10, 46).
cost(9, 11, 37).
cost(9, 12, 49).
cost(9, 13, 16).
cost(9, 14, 40).
cost(9, 15, 49).
cost(9, 16, 24).
cost(9, 17, 8).
cost(9, 18, 36).
cost(10, 1, 8).
cost(10, 2, 73).
cost(10, 3, 24).
cost(10, 4, 62).
cost(10, 5, 18).
cost(10, 6, 26).
cost(10, 7, 23).
cost(10, 8, 40).
cost(10, 9, 46).
cost(10, 11, 22).
cost(10, 12, 28).
cost(10, 13, 60).
cost(10, 14, 77).
cost(10, 15, 76).
cost(10, 16, 69).
cost(10, 17, 39).
cost(10, 18, 28).
cost(11, 1, 24).
cost(11, 2, 55).
cost(11, 3, 4).
cost(11, 4, 42).
cost(11, 5, 12).
cost(11, 6, 12).
cost(11, 7, 25).
cost(11, 8, 51).
cost(11, 9, 37).
cost(11, 10, 22).
cost(11, 12, 45).
cost(11, 13, 53).
cost(11, 14, 75).
cost(11, 15, 55).
cost(11, 16, 61).
cost(11, 17, 31).
cost(11, 18, 40).
cost(12, 1, 34).
cost(12, 2, 83).
cost(12, 3, 46).
cost(12, 4, 78).
cost(12, 5, 35).
cost(12, 6, 42).
cost(12, 7, 50).
cost(12, 8, 17).
cost(12, 9, 49).
cost(12, 10, 28).
cost(12, 11, 45).
cost(12, 13, 58).
cost(12, 14, 65).
cost(12, 15, 93).
cost(12, 16, 65).
cost(12, 17, 43).
cost(12, 18, 13).
cost(13, 1, 68).
cost(13, 2, 37).
cost(13, 3, 50).
cost(13, 4, 44).
cost(13, 5, 45).
cost(13, 6, 41).
cost(13, 7, 77).
cost(13, 8, 46).
cost(13, 9, 16).
cost(13, 10, 60).
cost(13, 11, 53).
cost(13, 12, 58).
cost(13, 14, 25).
cost(13, 15, 56).
cost(13, 16, 8).
cost(13, 17, 23).
cost(13, 18, 44).
cost(14, 1, 84).
cost(14, 2, 59).
cost(14, 3, 71).
cost(14, 4, 69).
cost(14, 5, 65).
cost(14, 6, 62).
cost(14, 7, 96).
cost(14, 8, 48).
cost(14, 9, 40).
cost(14, 10, 77).
cost(14, 11, 75).
cost(14, 12, 65).
cost(14, 13, 25).
cost(14, 15, 80).
cost(14, 16, 21).
cost(14, 17, 44).
cost(14, 18, 53).
cost(15, 1, 79).
cost(15, 2, 21).
cost(15, 3, 53).
cost(15, 4, 15).
cost(15, 5, 60).
cost(15, 6, 52).
cost(15, 7, 76).
cost(15, 8, 89).
cost(15, 9, 49).
cost(15, 10, 76).
cost(15, 11, 55).
cost(15, 12, 93).
cost(15, 13, 56).
cost(15, 14, 80).
cost(15, 16, 59).
cost(15, 17, 53).
cost(15, 18, 81).
cost(16, 1, 76).
cost(16, 2, 39).
cost(16, 3, 58).
cost(16, 4, 48).
cost(16, 5, 54).
cost(16, 6, 49).
cost(16, 7, 85).
cost(16, 8, 51).
cost(16, 9, 24).
cost(16, 10, 69).
cost(16, 11, 61).
cost(16, 12, 65).
cost(16, 13, 8).
cost(16, 14, 21).
cost(16, 15, 59).
cost(16, 17, 31).
cost(16, 18, 51).
cost(17, 1, 45).
cost(17, 2, 41).
cost(17, 3, 27).
cost(17, 4, 38).
cost(17, 5, 23).
cost(17, 6, 19).
cost(17, 7, 54).
cost(17, 8, 37).
cost(17, 9, 8).
cost(17, 10, 39).
cost(17, 11, 31).
cost(17, 12, 43).
cost(17, 13, 23).
cost(17, 14, 44).
cost(17, 15, 53).
cost(17, 16, 31).
cost(17, 18, 30).
cost(18, 1, 36).
cost(18, 2, 71).
cost(18, 3, 39).
cost(18, 4, 66).
cost(18, 5, 28).
cost(18, 6, 33).
cost(18, 7, 51).
cost(18, 8, 12).
cost(18, 9, 36).
cost(18, 10, 28).
cost(18, 11, 40).
cost(18, 12, 13).
cost(18, 13, 44).
cost(18, 14, 53).
cost(18, 15, 81).
cost(18, 16, 51).
cost(18, 17, 30).
