dimension(18).
point(1, 13.3927732063, 75.4673303622).
point(2, 10.7919219457, 45.2160192343).
point(3, 48.2505926656, 22.4117222187).
point(4, 75.140787839, 24.3978775878).
point(5, 18.7677633359, 94.9442570491).
point(6, 66.9984509967, 16.0250549313).
point(7, 14.0363201837, 51.5014554101).
point(8, 92.3161458835, 53.063312243).
point(9, 51.8365360598, 15.0561812939).
point(10, 84.5119862, 28.1469687062).
point(11, 57.4143971224, 2.3977547386).
point(12, 58.3458128772, 7.1370504658).
point(13, 77.1007407265, 74.0617861278).
point(14, 69.8194658459, 43.0107905478).
point(15, 44.2155024443, 90.3334028747).
point(16, 30.7353187597, 92.7299608822).
point(17, 37.4132724705, 18.0125040414).
point(18, 82.2636835024, 82.8902619551).
cost(1, 2, 30).
cost(1, 3, 63).
cost(1, 4, 80).
cost(1, 5, 20).
cost(1, 6, 80).
cost(1, 7, 24).
cost(1, 8, 82).
cost(1, 9, 72).
cost(1, 10, 85).
cost(1, 11, 85).
cost(1, 12, 82).
cost(1, 13, 64).
cost(1, 14, 65).
cost(1, 15, 34).
cost(1, 16, 24).
cost(1, 17, 62).
cost(1, 18, 69).
cost(2, 1, 30).
cost(2, 3, 44).
cost(2, 4, 68).
cost(2, 5, 50).
cost(2, 6, 63).
cost(2, 7, 7).
cost(2, 8, 82).
cost(2, 9, 51).
cost(2, 10, 76).
cost(2, 11, 63).
cost(2, 12, 61).
cost(2, 13, 72).
cost(2, 14, 59).
cost(2, 15, 56).
cost(2, 16, 52).
cost(2, 17, 38).
cost(2, 18, 81).
cost(3, 1, 63).
cost(3, 2, 44).
cost(3, 4, 27).
cost(3, 5, 78).
cost(3, 6, 20).
cost(3, 7, 45).
cost(3, 8, 54).
cost(3, 9, 8).
cost(3, 10, 37).
cost(3, 11, 22).
cost(3, 12, 18).
cost(3, 13, 59).
cost(3, 14, 30).
cost(3, 15, 68).
cost(3, 16, 72).
cost(3, 17, 12).
cost(3, 18, 69).
cost(4, 1, 80).
cost(4, 2, 68).
cost(4, 3, 27).
cost(4, 5, 90).
cost(4, 6, 12).
cost(4, 7, 67).
cost(4, 8, 33).
cost(4, 9, 25).
cost(4, 10, 10).
cost(4, 11, 28).
cost(4, 12, 24).
cost(4, 13, 50).
cost(4, 14, 19).
cost(4, 15, 73).
cost(4, 16, 81).
cost(4, 17, 38).
cost(4, 18, 59).
cost(5, 1, 20).
cost(5, 2, 50).
cost(5, 3, 78).
cost(5, 4, 90).
cost(5, 6, 92).
cost(5, 7, 44).
cost(5, 8, 85).
cost(5, 9, 86).
cost(5, 10, 94).
cost(5, 11, 100).
cost(5, 12, 96).
cost(5, 13, 62).
cost(5, 14, 73).
cost(5, 15, 26).
cost(5, 16, 12).
cost(5, 17, 79).
cost(5, 18, 65).
cost(6, 1, 80).
cost(6, 2, 63).
cost(6, 3, 20).
cost(6, 4, 12).
cost(6, 5, 92).
cost(6, 7, 64).
cost(6, 8, 45).
cost(6, 9, 15).
cost(6, 10, 21).
cost(6, 11, 17).
cost(6, 12, 12).
cost(6, 13, 59).
cost(6, 14, 27).
cost(6, 15, 78).
cost(6, 16, 85).
cost(6, 17, 30).
cost(6, 18, 69).
cost(7, 1, 24).
cost(7, 2, 7).
cost(7, 3, 45).
cost(7, 4, 67).
cost(7, 5, 44).
cost(7, 6, 64).
cost(7, 8, 78).
cost(7, 9, 53).
cost(7, 10, 74).
cost(7, 11, 66).
cost(7, 12, 63).
cost(7, 13, 67).
cost(7, 14, 56).
cost(7, 15, 49).
cost(7, 16, 44).
cost(7, 17, 41).
cost(7, 18, 75).
cost(8, 1, 82).
cost(8, 2, 82).
cost(8, 3, 54).
cost(8, 4, 33).
cost(8, 5, 85).
cost(8, 6, 45).
cost(8, 7, 78).
cost(8, 9, 56).
cost(8, 10, 26).
cost(8, 11, 62).
cost(8, 12, 57).
cost(8, 13, 26).
cost(8, 14, 25).
cost(8, 15, 61).
cost(8, 16, 73).
cost(8, 17, 65).
cost(8, 18, 31).
cost(9, 1, 72).
cost(9, 2, 51).
cost(9, 3, 8).
cost(9, 4, 25).
cost(9, 5, 86).
cost(9, 6, 15).
cost(9, 7, 53).
cost(9, 8, 56).
cost(9, 10, 35).
cost(9, 11, 14).
cost(9, 12, 10).
cost(9, 13, 64).
cost(9, 14, 33).
cost(9, 15, 76).
cost(9, 16, 80).
cost(9, 17, 15).
cost(9, 18, 74).
cost(10, 1, 85).
cost(10, 2, 76).
cost(10, 3, 37).
cost(10, 4, 10).
cost(10, 5, 94).
cost(10, 6, 21).
cost(10, 7, 74).
cost(10, 8, 26).
cost(10, 9, 35).
cost(10, 11, 37).
cost(10, 12, 34).
cost(10, 13, 47).
cost(10, 14, 21).
cost(10, 15, 74).
cost(10, 16, 84).
cost(10, 17, 48).
cost(10, 18, 55).
cost(11, 1, 85).
cost(11, 2, 63).
cost(11, 3, 22).
cost(11, 4, 28).
cost(11, 5, 100).
cost(11, 6, 17).
cost(11, 7, 66).
cost(11, 8, 62).
cost(11, 9, 14).
cost(11, 10, 37).
cost(11, 12, 5).
cost(11, 13, 74).
cost(11, 14, 42).
cost(11, 15, 89).
cost(11, 16, 94).
cost(11, 17, 25).
cost(11, 18, 84).
cost(12, 1, 82).
cost(12, 2, 61).
cost(12, 3, 18).
cost(12, 4, 24).
cost(12, 5, 96).
cost(12, 6, 12).
cost(12, 7, 63).
cost(12, 8, 57).
cost(12, 9, 10).
cost(12, 10, 34).
cost(12, 11, 5).
cost(12, 13, 70).
cost(12, 14, 38).
cost(12, 15, 84).
cost(12, 16, 90).
cost(12, 17, 24).
cost(12, 18, 79).
cost(13, 1, 64).
cost(13, 2, 72).
cost(13, 3, 59).
cost(13, 4, 50).
cost(13, 5, 62).
cost(13, 6, 59).
cost(13, 7, 67).
cost(13, 8, 26).
cost(13, 9, 64).
cost(13, 10, 47).
cost(13, 11, 74).
cost(13, 12, 70).
cost(13, 14, 32).
cost(13, 15, 37).
cost(13, 16, 50).
cost(13, 17, 69).
cost(13, 18, 10).
cost(14, 1, 65).
cost(14, 2, 59).
cost(14, 3, 30).
cost(14, 4, 19).
cost(14, 5, 73).
cost(14, 6, 27).
cost(14, 7, 56).
cost(14, 8, 25).
cost(14, 9, 33).
cost(14, 10, 21).
cost(14, 11, 42).
cost(14, 12, 38).
cost(14, 13, 32).
cost(14, 15, 54).
cost(14, 16, 63).
cost(14, 17, 41).
cost(14, 18, 42).
cost(15, 1, 34).
cost(15, 2, 56).
cost(15, 3, 68).
cost(15, 4, 73).
cost(15, 5, 26).
cost(15, 6, 78).
cost(15, 7, 49).
cost(15, 8, 61).
cost(15, 9, 76).
cost(15, 10, 74).
cost(15, 11, 89).
cost(15, 12, 84).
cost(15, 13, 37).
cost(15, 14, 54).
cost(15, 16, 14).
cost(15, 17, 73).
cost(15, 18, 39).
cost(16, 1, 24).
cost(16, 2, 52).
cost(16, 3, 72).
cost(16, 4, 81).
cost(16, 5, 12).
cost(16, 6, 85).
cost(16, 7, 44).
cost(16, 8, 73).
cost(16, 9, 80).
cost(16, 10, 84).
cost(16, 11, 94).
cost(16, 12, 90).
cost(16, 13, 50).
cost(16, 14, 63).
cost(16, 15, 14).
cost(16, 17, 75).
cost(16, 18, 52).
cost(17, 1, 62).
cost(17, 2, 38).
cost(17, 3, 12).
cost(17, 4, 38).
cost(17, 5, 79).
cost(17, 6, 30).
cost(17, 7, 41).
cost(17, 8, 65).
cost(17, 9, 15).
cost(17, 10, 48).
cost(17, 11, 25).
cost(17, 12, 24).
cost(17, 13, 69).
cost(17, 14, 41).
cost(17, 15, 73).
cost(17, 16, 75).
cost(17, 18, 79).
cost(18, 1, 69).
cost(18, 2, 81).
cost(18, 3, 69).
cost(18, 4, 59).
cost(18, 5, 65).
cost(18, 6, 69).
cost(18, 7, 75).
cost(18, 8, 31).
cost(18, 9, 74).
cost(18, 10, 55).
cost(18, 11, 84).
cost(18, 12, 79).
cost(18, 13, 10).
cost(18, 14, 42).
cost(18, 15, 39).
cost(18, 16, 52).
cost(18, 17, 79).
