dimension(18).
point(1, 26.3142815849, 52.1575253514).
point(2, 67.3554744415, 79.0597498148).
point(3, 21.7888223984, 4.3378972743).
point(4, 84.5391803511, 61.0943511216).
point(5, 16.9742718303, 8.567740034).
point(6, 91.09105297, 46.2385973908).
point(7, 53.9368071737, 30.9496193383).
point(8, 19.92986297, 42.0381993404).
point(9, 4.1518071497, 34.0038189216).
point(10, 19.5898216297, 62.1106366342).
point(11, 20.0679196085, 55.5588733583).
point(12, 21.3871849804, 38.2499823445).
point(13, 88.5374085185, 85.1624502523).
point(14, 50.5751734459, 35.7727072268).
point(15, 60.8249861427, 23.9467453965).
point(16, 19.7270513838, 9.8048784952).
point(17, 58.6669564046, 84.0795415558).
point(18, 65.8892598038, 60.0030245258).
cost(1, 2, 49).
cost(1, 3, 48).
cost(1, 4, 59).
cost(1, 5, 45).
cost(1, 6, 65).
cost(1, 7, 35).
cost(1, 8, 12).
cost(1, 9, 29).
cost(1, 10, 12).
cost(1, 11, 7).
cost(1, 12, 15).
cost(1, 13, 70).
cost(1, 14, 29).
cost(1, 15, 45).
cost(1, 16, 43).
cost(1, 17, 45).
cost(1, 18, 40).
cost(2, 1, 49).
cost(2, 3, 88).
cost(2, 4, 25).
cost(2, 5, 87).
cost(2, 6, 41).
cost(2, 7, 50).
cost(2, 8, 60).
cost(2, 9, 78).
cost(2, 10, 51).
cost(2, 11, 53).
cost(2, 12, 61).
cost(2, 13, 22).
cost(2, 14, 46).
cost(2, 15, 55).
cost(2, 16, 84).
cost(2, 17, 10).
cost(2, 18, 19).
cost(3, 1, 48).
cost(3, 2, 88).
cost(3, 4, 85).
cost(3, 5, 6).
cost(3, 6, 81).
cost(3, 7, 42).
cost(3, 8, 38).
cost(3, 9, 35).
cost(3, 10, 58).
cost(3, 11, 51).
cost(3, 12, 34).
cost(3, 13, 105).
cost(3, 14, 43).
cost(3, 15, 44).
cost(3, 16, 6).
cost(3, 17, 88).
cost(3, 18, 71).
cost(4, 1, 59).
cost(4, 2, 25).
cost(4, 3, 85).
cost(4, 5, 86).
cost(4, 6, 16).
cost(4, 7, 43).
cost(4, 8, 67).
cost(4, 9, 85).
cost(4, 10, 65).
cost(4, 11, 65).
cost(4, 12, 67).
cost(4, 13, 24).
cost(4, 14, 42).
cost(4, 15, 44).
cost(4, 16, 83).
cost(4, 17, 35).
cost(4, 18, 19).
cost(5, 1, 45).
cost(5, 2, 87).
cost(5, 3, 6).
cost(5, 4, 86).
cost(5, 6, 83).
cost(5, 7, 43).
cost(5, 8, 34).
cost(5, 9, 28).
cost(5, 10, 54).
cost(5, 11, 47).
cost(5, 12, 30).
cost(5, 13, 105).
cost(5, 14, 43).
cost(5, 15, 46).
cost(5, 16, 3).
cost(5, 17, 86).
cost(5, 18, 71).
cost(6, 1, 65).
cost(6, 2, 41).
cost(6, 3, 81).
cost(6, 4, 16).
cost(6, 5, 83).
cost(6, 7, 40).
cost(6, 8, 71).
cost(6, 9, 88).
cost(6, 10, 73).
cost(6, 11, 72).
cost(6, 12, 70).
cost(6, 13, 39).
cost(6, 14, 42).
cost(6, 15, 38).
cost(6, 16, 80).
cost(6, 17, 50).
cost(6, 18, 29).
cost(7, 1, 35).
cost(7, 2, 50).
cost(7, 3, 42).
cost(7, 4, 43).
cost(7, 5, 43).
cost(7, 6, 40).
cost(7, 8, 36).
cost(7, 9, 50).
cost(7, 10, 46).
cost(7, 11, 42).
cost(7, 12, 33).
cost(7, 13, 64).
cost(7, 14, 6).
cost(7, 15, 10).
cost(7, 16, 40).
cost(7, 17, 53).
cost(7, 18, 31).
cost(8, 1, 12).
cost(8, 2, 60).
cost(8, 3, 38).
cost(8, 4, 67).
cost(8, 5, 34).
cost(8, 6, 71).
cost(8, 7, 36).
cost(8, 9, 18).
cost(8, 10, 20).
cost(8, 11, 14).
cost(8, 12, 4).
cost(8, 13, 81).
cost(8, 14, 31).
cost(8, 15, 45).
cost(8, 16, 32).
cost(8, 17, 57).
cost(8, 18, 49).
cost(9, 1, 29).
cost(9, 2, 78).
cost(9, 3, 35).
cost(9, 4, 85).
cost(9, 5, 28).
cost(9, 6, 88).
cost(9, 7, 50).
cost(9, 8, 18).
cost(9, 10, 32).
cost(9, 11, 27).
cost(9, 12, 18).
cost(9, 13, 99).
cost(9, 14, 46).
cost(9, 15, 58).
cost(9, 16, 29).
cost(9, 17, 74).
cost(9, 18, 67).
cost(10, 1, 12).
cost(10, 2, 51).
cost(10, 3, 58).
cost(10, 4, 65).
cost(10, 5, 54).
cost(10, 6, 73).
cost(10, 7, 46).
cost(10, 8, 20).
cost(10, 9, 32).
cost(10, 11, 7).
cost(10, 12, 24).
cost(10, 13, 73).
cost(10, 14, 41).
cost(10, 15, 56).
cost(10, 16, 52).
cost(10, 17, 45).
cost(10, 18, 46).
cost(11, 1, 7).
cost(11, 2, 53).
cost(11, 3, 51).
cost(11, 4, 65).
cost(11, 5, 47).
cost(11, 6, 72).
cost(11, 7, 42).
cost(11, 8, 14).
cost(11, 9, 27).
cost(11, 10, 7).
cost(11, 12, 17).
cost(11, 13, 75).
cost(11, 14, 36).
cost(11, 15, 52).
cost(11, 16, 46).
cost(11, 17, 48).
cost(11, 18, 46).
cost(12, 1, 15).
cost(12, 2, 61).
cost(12, 3, 34).
cost(12, 4, 67).
cost(12, 5, 30).
cost(12, 6, 70).
cost(12, 7, 33).
cost(12, 8, 4).
cost(12, 9, 18).
cost(12, 10, 24).
cost(12, 11, 17).
cost(12, 13, 82).
cost(12, 14, 29).
cost(12, 15, 42).
cost(12, 16, 28).
cost(12, 17, 59).
cost(12, 18, 50).
cost(13, 1, 70).
cost(13, 2, 22).
cost(13, 3, 105).
cost(13, 4, 24).
cost(13, 5, 105).
cost(13, 6, 39).
cost(13, 7, 64).
cost(13, 8, 81).
cost(13, 9, 99).
cost(13, 10, 73).
cost(13, 11, 75).
cost(13, 12, 82).
cost(13, 14, 62).
cost(13, 15, 67).
cost(13, 16, 102).
cost(13, 17, 30).
cost(13, 18, 34).
cost(14, 1, 29).
cost(14, 2, 46).
cost(14, 3, 43).
cost(14, 4, 42).
cost(14, 5, 43).
cost(14, 6, 42).
cost(14, 7, 6).
cost(14, 8, 31).
cost(14, 9, 46).
cost(14, 10, 41).
cost(14, 11, 36).
cost(14, 12, 29).
cost(14, 13, 62).
cost(14, 15, 16).
cost(14, 16, 40).
cost(14, 17, 49).
cost(14, 18, 29).
cost(15, 1, 45).
cost(15, 2, 55).
cost(15, 3, 44).
cost(15, 4, 44).
cost(15, 5, 46).
cost(15, 6, 38).
cost(15, 7, 10).
cost(15, 8, 45).
cost(15, 9, 58).
cost(15, 10, 56).
cost(15, 11, 52).
cost(15, 12, 42).
cost(15, 13, 67).
cost(15, 14, 16).
cost(15, 16, 43).
cost(15, 17, 60).
cost(15, 18, 36).
cost(16, 1, 43).
cost(16, 2, 84).
cost(16, 3, 6).
cost(16, 4, 83).
cost(16, 5, 3).
cost(16, 6, 80).
cost(16, 7, 40).
cost(16, 8, 32).
cost(16, 9, 29).
cost(16, 10, 52).
cost(16, 11, 46).
cost(16, 12, 28).
cost(16, 13, 102).
cost(16, 14, 40).
cost(16, 15, 43).
cost(16, 17, 84).
cost(16, 18, 68).
cost(17, 1, 45).
cost(17, 2, 10).
cost(17, 3, 88).
cost(17, 4, 35).
cost(17, 5, 86).
cost(17, 6, 50).
cost(17, 7, 53).
cost(17, 8, 57).
cost(17, 9, 74).
cost(17, 10, 45).
cost(17, 11, 48).
cost(17, 12, 59).
cost(17, 13, 30).
cost(17, 14, 49).
cost(17, 15, 60).
cost(17, 16, 84).
cost(17, 18, 25).
cost(18, 1, 40).
cost(18, 2, 19).
cost(18, 3, 71).
cost(18, 4, 19).
cost(18, 5, 71).
cost(18, 6, 29).
cost(18, 7, 31).
cost(18, 8, 49).
cost(18, 9, 67).
cost(18, 10, 46).
cost(18, 11, 46).
cost(18, 12, 50).
cost(18, 13, 34).
cost(18, 14, 29).
cost(18, 15, 36).
cost(18, 16, 68).
cost(18, 17, 25).
