dimension(18).
point(1, 16.1796756406, 60.1117194069).
point(2, 16.5292210644, 34.2870573979).
point(3, 70.8604882831, 12.2807336695).
point(4, 48.3414550354, 71.0647403357).
point(5, 56.387684043, 81.6846227739).
point(6, 88.6426269465, 11.1222647611).
point(7, 25.5041264779, 31.1196839954).
point(8, 79.4623293883, 67.5850827135).
point(9, 82.1237876963, 7.0393076211).
point(10, 17.9548432576, 65.707910166).
point(11, 67.5633896369, 62.2617380371).
point(12, 53.451830917, 31.0107364869).
point(13, 71.7152538757, 41.7614719188).
point(14, 72.9555189899, 38.0740507543).
point(15, 27.8633891665, 40.6927490787).
point(16, 84.753872513, 33.3488828618).
point(17, 29.8794096844, 94.5650316211).
point(18, 2.5674240939, 45.7512597732).
cost(1, 2, 26).
cost(1, 3, 73).
cost(1, 4, 34).
cost(1, 5, 46).
cost(1, 6, 87).
cost(1, 7, 30).
cost(1, 8, 64).
cost(1, 9, 85).
cost(1, 10, 6).
cost(1, 11, 51).
cost(1, 12, 47).
cost(1, 13, 58).
cost(1, 14, 61).
cost(1, 15, 23).
cost(1, 16, 74).
cost(1, 17, 37).
cost(1, 18, 20).
cost(2, 1, 26).
cost(2, 3, 59).
cost(2, 4, 49).
cost(2, 5, 62).
cost(2, 6, 76).
cost(2, 7, 10).
cost(2, 8, 71).
cost(2, 9, 71).
cost(2, 10, 31).
cost(2, 11, 58).
cost(2, 12, 37).
cost(2, 13, 56).
cost(2, 14, 57).
cost(2, 15, 13).
cost(2, 16, 68).
cost(2, 17, 62).
cost(2, 18, 18).
cost(3, 1, 73).
cost(3, 2, 59).
cost(3, 4, 63).
cost(3, 5, 71).
cost(3, 6, 18).
cost(3, 7, 49).
cost(3, 8, 56).
cost(3, 9, 12).
cost(3, 10, 75).
cost(3, 11, 50).
cost(3, 12, 26).
cost(3, 13, 29).
cost(3, 14, 26).
cost(3, 15, 52).
cost(3, 16, 25).
cost(3, 17, 92).
cost(3, 18, 76).
cost(4, 1, 34).
cost(4, 2, 49).
cost(4, 3, 63).
cost(4, 5, 13).
cost(4, 6, 72).
cost(4, 7, 46).
cost(4, 8, 31).
cost(4, 9, 72).
cost(4, 10, 31).
cost(4, 11, 21).
cost(4, 12, 40).
cost(4, 13, 37).
cost(4, 14, 41).
cost(4, 15, 37).
cost(4, 16, 52).
cost(4, 17, 30).
cost(4, 18, 52).
cost(5, 1, 46).
cost(5, 2, 62).
cost(5, 3, 71).
cost(5, 4, 13).
cost(5, 6, 78).
cost(5, 7, 59).
cost(5, 8, 27).
cost(5, 9, 79).
cost(5, 10, 42).
cost(5, 11, 22).
cost(5, 12, 51).
cost(5, 13, 43).
cost(5, 14, 47).
cost(5, 15, 50).
cost(5, 16, 56).
cost(5, 17, 29).
cost(5, 18, 65).
cost(6, 1, 87).
cost(6, 2, 76).
cost(6, 3, 18).
cost(6, 4, 72).
cost(6, 5, 78).
cost(6, 7, 66).
cost(6, 8, 57).
cost(6, 9, 8).
cost(6, 10, 89).
cost(6, 11, 55).
cost(6, 12, 40).
cost(6, 13, 35).
cost(6, 14, 31).
cost(6, 15, 68).
cost(6, 16, 23).
cost(6, 17, 102).
cost(6, 18, 93).
cost(7, 1, 30).
cost(7, 2, 10).
cost(7, 3, 49).
cost(7, 4, 46).
cost(7, 5, 59).
cost(7, 6, 66).
cost(7, 8, 65).
cost(7, 9, 62).
cost(7, 10, 35).
cost(7, 11, 52).
cost(7, 12, 28).
cost(7, 13, 47).
cost(7, 14, 48).
cost(7, 15, 10).
cost(7, 16, 59).
cost(7, 17, 64).
cost(7, 18, 27).
cost(8, 1, 64).
cost(8, 2, 71).
cost(8, 3, 56).
cost(8, 4, 31).
cost(8, 5, 27).
cost(8, 6, 57).
cost(8, 7, 65).
cost(8, 9, 61).
cost(8, 10, 62).
cost(8, 11, 13).
cost(8, 12, 45).
cost(8, 13, 27).
cost(8, 14, 30).
cost(8, 15, 58).
cost(8, 16, 35).
cost(8, 17, 56).
cost(8, 18, 80).
cost(9, 1, 85).
cost(9, 2, 71).
cost(9, 3, 12).
cost(9, 4, 72).
cost(9, 5, 79).
cost(9, 6, 8).
cost(9, 7, 62).
cost(9, 8, 61).
cost(9, 10, 87).
cost(9, 11, 57).
cost(9, 12, 37).
cost(9, 13, 36).
cost(9, 14, 32).
cost(9, 15, 64).
cost(9, 16, 26).
cost(9, 17, 102).
cost(9, 18, 88).
cost(10, 1, 6).
cost(10, 2, 31).
cost(10, 3, 75).
cost(10, 4, 31).
cost(10, 5, 42).
cost(10, 6, 89).
cost(10, 7, 35).
cost(10, 8, 62).
cost(10, 9, 87).
cost(10, 11, 50).
cost(10, 12, 50).
cost(10, 13, 59).
cost(10, 14, 62).
cost(10, 15, 27).
cost(10, 16, 74).
cost(10, 17, 31).
cost(10, 18, 25).
cost(11, 1, 51).
cost(11, 2, 58).
cost(11, 3, 50).
cost(11, 4, 21).
cost(11, 5, 22).
cost(11, 6, 55).
cost(11, 7, 52).
cost(11, 8, 13).
cost(11, 9, 57).
cost(11, 10, 50).
cost(11, 12, 34).
cost(11, 13, 21).
cost(11, 14, 25).
cost(11, 15, 45).
cost(11, 16, 34).
cost(11, 17, 50).
cost(11, 18, 67).
cost(12, 1, 47).
cost(12, 2, 37).
cost(12, 3, 26).
cost(12, 4, 40).
cost(12, 5, 51).
cost(12, 6, 40).
cost(12, 7, 28).
cost(12, 8, 45).
cost(12, 9, 37).
cost(12, 10, 50).
cost(12, 11, 34).
cost(12, 13, 21).
cost(12, 14, 21).
cost(12, 15, 27).
cost(12, 16, 31).
cost(12, 17, 68).
cost(12, 18, 53).
cost(13, 1, 58).
cost(13, 2, 56).
cost(13, 3, 29).
cost(13, 4, 37).
cost(13, 5, 43).
cost(13, 6, 35).
cost(13, 7, 47).
cost(13, 8, 27).
cost(13, 9, 36).
cost(13, 10, 59).
cost(13, 11, 21).
cost(13, 12, 21).
cost(13, 14, 4).
cost(13, 15, 44).
cost(13, 16, 16).
cost(13, 17, 67).
cost(13, 18, 69).
cost(14, 1, 61).
cost(14, 2, 57).
cost(14, 3, 26).
cost(14, 4, 41).
cost(14, 5, 47).
cost(14, 6, 31).
cost(14, 7, 48).
cost(14, 8, 30).
cost(14, 9, 32).
cost(14, 10, 62).
cost(14, 11, 25).
cost(14, 12, 21).
cost(14, 13, 4).
cost(14, 15, 45).
cost(14, 16, 13).
cost(14, 17, 71).
cost(14, 18, 71).
cost(15, 1, 23).
cost(15, 2, 13).
cost(15, 3, 52).
cost(15, 4, 37).
cost(15, 5, 50).
cost(15, 6, 68).
cost(15, 7, 10).
cost(15, 8, 58).
cost(15, 9, 64).
cost(15, 10, 27).
cost(15, 11, 45).
cost(15, 12, 27).
cost(15, 13, 44).
cost(15, 14, 45).
cost(15, 16, 57).
cost(15, 17, 54).
cost(15, 18, 26).
cost(16, 1, 74).
cost(16, 2, 68).
cost(16, 3, 25).
cost(16, 4, 52).
cost(16, 5, 56).
cost(16, 6, 23).
cost(16, 7, 59).
cost(16, 8, 35).
cost(16, 9, 26).
cost(16, 10, 74).
cost(16, 11, 34).
cost(16, 12, 31).
cost(16, 13, 16).
cost(16, 14, 13).
cost(16, 15, 57).
cost(16, 17, 82).
cost(16, 18, 83).
cost(17, 1, 37).
cost(17, 2, 62).
cost(17, 3, 92).
cost(17, 4, 30).
cost(17, 5, 29).
cost(17, 6, 102).
cost(17, 7, 64).
cost(17, 8, 56).
cost(17, 9, 102).
cost(17, 10, 31).
cost(17, 11, 50).
cost(17, 12, 68).
cost(17, 13, 67).
cost(17, 14, 71).
cost(17, 15, 54).
cost(17, 16, 82).
cost(17, 18, 56).
cost(18, 1, 20).
cost(18, 2, 18).
cost(18, 3, 76).
cost(18, 4, 52).
cost(18, 5, 65).
cost(18, 6, 93).
cost(18, 7, 27).
cost(18, 8, 80).
cost(18, 9, 88).
cost(18, 10, 25).
cost(18, 11, 67).
cost(18, 12, 53).
cost(18, 13, 69).
cost(18, 14, 71).
cost(18, 15, 26).
cost(18, 16, 83).
cost(18, 17, 56).
