dimension(18).
point(1, 55.6264862653, 92.8382005183).
point(2, 19.2322595415, 41.4904575714).
point(3, 38.6974936559, 74.1795362477).
point(4, 72.0685231915, 34.5587401451).
point(5, 57.2406068215, 9.783401881).
point(6, 45.0272747646, 84.2206250164).
point(7, 86.7538641381, 40.4460572552).
point(8, 95.1287792309, 80.1244099199).
point(9, 88.6103725883, 67.7076545114).
point(10, 93.4767798513, 85.6216458786).
point(11, 60.581484691, 7.9977476089).
point(12, 62.4442416738, 80.1691165622).
point(13, 45.7615807639, 73.7061260554).
point(14, 25.0433061938, 21.8698387021).
point(15, 79.507745703, 36.498930367).
point(16, 14.7096291313, 29.4839801377).
point(17, 43.3710043703, 20.2056174664).
point(18, 57.8792988801, 81.3457177639).
cost(1, 2, 63).
cost(1, 3, 25).
cost(1, 4, 61).
cost(1, 5, 83).
cost(1, 6, 14).
cost(1, 7, 61).
cost(1, 8, 41).
cost(1, 9, 41).
cost(1, 10, 39).
cost(1, 11, 85).
cost(1, 12, 14).
cost(1, 13, 22).
cost(1, 14, 77).
cost(1, 15, 61).
cost(1, 16, 75).
cost(1, 17, 74).
cost(1, 18, 12).
cost(2, 1, 63).
cost(2, 3, 38).
cost(2, 4, 53).
cost(2, 5, 49).
cost(2, 6, 50).
cost(2, 7, 68).
cost(2, 8, 85).
cost(2, 9, 74).
cost(2, 10, 86).
cost(2, 11, 53).
cost(2, 12, 58).
cost(2, 13, 42).
cost(2, 14, 20).
cost(2, 15, 60).
cost(2, 16, 13).
cost(2, 17, 32).
cost(2, 18, 56).
cost(3, 1, 25).
cost(3, 2, 38).
cost(3, 4, 52).
cost(3, 5, 67).
cost(3, 6, 12).
cost(3, 7, 59).
cost(3, 8, 57).
cost(3, 9, 50).
cost(3, 10, 56).
cost(3, 11, 70).
cost(3, 12, 24).
cost(3, 13, 7).
cost(3, 14, 54).
cost(3, 15, 56).
cost(3, 16, 51).
cost(3, 17, 54).
cost(3, 18, 20).
cost(4, 1, 61).
cost(4, 2, 53).
cost(4, 3, 52).
cost(4, 5, 29).
cost(4, 6, 57).
cost(4, 7, 16).
cost(4, 8, 51).
cost(4, 9, 37).
cost(4, 10, 55).
cost(4, 11, 29).
cost(4, 12, 47).
cost(4, 13, 47).
cost(4, 14, 49).
cost(4, 15, 8).
cost(4, 16, 58).
cost(4, 17, 32).
cost(4, 18, 49).
cost(5, 1, 83).
cost(5, 2, 49).
cost(5, 3, 67).
cost(5, 4, 29).
cost(5, 6, 75).
cost(5, 7, 43).
cost(5, 8, 80).
cost(5, 9, 66).
cost(5, 10, 84).
cost(5, 11, 4).
cost(5, 12, 71).
cost(5, 13, 65).
cost(5, 14, 34).
cost(5, 15, 35).
cost(5, 16, 47).
cost(5, 17, 17).
cost(5, 18, 72).
cost(6, 1, 14).
cost(6, 2, 50).
cost(6, 3, 12).
cost(6, 4, 57).
cost(6, 5, 75).
cost(6, 7, 60).
cost(6, 8, 50).
cost(6, 9, 47).
cost(6, 10, 48).
cost(6, 11, 78).
cost(6, 12, 18).
cost(6, 13, 11).
cost(6, 14, 65).
cost(6, 15, 59).
cost(6, 16, 63).
cost(6, 17, 64).
cost(6, 18, 13).
cost(7, 1, 61).
cost(7, 2, 68).
cost(7, 3, 59).
cost(7, 4, 16).
cost(7, 5, 43).
cost(7, 6, 60).
cost(7, 8, 41).
cost(7, 9, 27).
cost(7, 10, 46).
cost(7, 11, 42).
cost(7, 12, 47).
cost(7, 13, 53).
cost(7, 14, 64).
cost(7, 15, 8).
cost(7, 16, 73).
cost(7, 17, 48).
cost(7, 18, 50).
cost(8, 1, 41).
cost(8, 2, 85).
cost(8, 3, 57).
cost(8, 4, 51).
cost(8, 5, 80).
cost(8, 6, 50).
cost(8, 7, 41).
cost(8, 9, 14).
cost(8, 10, 6).
cost(8, 11, 80).
cost(8, 12, 33).
cost(8, 13, 50).
cost(8, 14, 91).
cost(8, 15, 46).
cost(8, 16, 95).
cost(8, 17, 79).
cost(8, 18, 37).
cost(9, 1, 41).
cost(9, 2, 74).
cost(9, 3, 50).
cost(9, 4, 37).
cost(9, 5, 66).
cost(9, 6, 47).
cost(9, 7, 27).
cost(9, 8, 14).
cost(9, 10, 19).
cost(9, 11, 66).
cost(9, 12, 29).
cost(9, 13, 43).
cost(9, 14, 78).
cost(9, 15, 33).
cost(9, 16, 83).
cost(9, 17, 66).
cost(9, 18, 34).
cost(10, 1, 39).
cost(10, 2, 86).
cost(10, 3, 56).
cost(10, 4, 55).
cost(10, 5, 84).
cost(10, 6, 48).
cost(10, 7, 46).
cost(10, 8, 6).
cost(10, 9, 19).
cost(10, 11, 84).
cost(10, 12, 32).
cost(10, 13, 49).
cost(10, 14, 94).
cost(10, 15, 51).
cost(10, 16, 97).
cost(10, 17, 82).
cost(10, 18, 36).
cost(11, 1, 85).
cost(11, 2, 53).
cost(11, 3, 70).
cost(11, 4, 29).
cost(11, 5, 4).
cost(11, 6, 78).
cost(11, 7, 42).
cost(11, 8, 80).
cost(11, 9, 66).
cost(11, 10, 84).
cost(11, 12, 72).
cost(11, 13, 67).
cost(11, 14, 38).
cost(11, 15, 34).
cost(11, 16, 51).
cost(11, 17, 21).
cost(11, 18, 73).
cost(12, 1, 14).
cost(12, 2, 58).
cost(12, 3, 24).
cost(12, 4, 47).
cost(12, 5, 71).
cost(12, 6, 18).
cost(12, 7, 47).
cost(12, 8, 33).
cost(12, 9, 29).
cost(12, 10, 32).
cost(12, 11, 72).
cost(12, 13, 18).
cost(12, 14, 69).
cost(12, 15, 47).
cost(12, 16, 70).
cost(12, 17, 63).
cost(12, 18, 5).
cost(13, 1, 22).
cost(13, 2, 42).
cost(13, 3, 7).
cost(13, 4, 47).
cost(13, 5, 65).
cost(13, 6, 11).
cost(13, 7, 53).
cost(13, 8, 50).
cost(13, 9, 43).
cost(13, 10, 49).
cost(13, 11, 67).
cost(13, 12, 18).
cost(13, 14, 56).
cost(13, 15, 50).
cost(13, 16, 54).
cost(13, 17, 54).
cost(13, 18, 14).
cost(14, 1, 77).
cost(14, 2, 20).
cost(14, 3, 54).
cost(14, 4, 49).
cost(14, 5, 34).
cost(14, 6, 65).
cost(14, 7, 64).
cost(14, 8, 91).
cost(14, 9, 78).
cost(14, 10, 94).
cost(14, 11, 38).
cost(14, 12, 69).
cost(14, 13, 56).
cost(14, 15, 56).
cost(14, 16, 13).
cost(14, 17, 18).
cost(14, 18, 68).
cost(15, 1, 61).
cost(15, 2, 60).
cost(15, 3, 56).
cost(15, 4, 8).
cost(15, 5, 35).
cost(15, 6, 59).
cost(15, 7, 8).
cost(15, 8, 46).
cost(15, 9, 33).
cost(15, 10, 51).
cost(15, 11, 34).
cost(15, 12, 47).
cost(15, 13, 50).
cost(15, 14, 56).
cost(15, 16, 65).
cost(15, 17, 40).
cost(15, 18, 50).
cost(16, 1, 75).
cost(16, 2, 13).
cost(16, 3, 51).
cost(16, 4, 58).
cost(16, 5, 47).
cost(16, 6, 63).
cost(16, 7, 73).
cost(16, 8, 95).
cost(16, 9, 83).
cost(16, 10, 97).
cost(16, 11, 51).
cost(16, 12, 70).
cost(16, 13, 54).
cost(16, 14, 13).
cost(16, 15, 65).
cost(16, 17, 30).
cost(16, 18, 67).
cost(17, 1, 74).
cost(17, 2, 32).
cost(17, 3, 54).
cost(17, 4, 32).
cost(17, 5, 17).
cost(17, 6, 64).
cost(17, 7, 48).
cost(17, 8, 79).
cost(17, 9, 66).
cost(17, 10, 82).
cost(17, 11, 21).
cost(17, 12, 63).
cost(17, 13, 54).
cost(17, 14, 18).
cost(17, 15, 40).
cost(17, 16, 30).
cost(17, 18, 63).
cost(18, 1, 12).
cost(18, 2, 56).
cost(18, 3, 20).
cost(18, 4, 49).
cost(18, 5, 72).
cost(18, 6, 13).
cost(18, 7, 50).
cost(18, 8, 37).
cost(18, 9, 34).
cost(18, 10, 36).
cost(18, 11, 73).
cost(18, 12, 5).
cost(18, 13, 14).
cost(18, 14, 68).
cost(18, 15, 50).
cost(18, 16, 67).
cost(18, 17, 63).
