dimension(18).
point(1, 46.0654625228, 23.9340107555).
point(2, 79.249316264, 11.4896107026).
point(3, 35.3619992996, 18.3340310319).
point(4, 46.424548567, 65.2087507079).
point(5, 90.2092624091, 52.5210270355).
point(6, 39.0381433646, 40.7773704804).
point(7, 84.4511594943, 62.2940831386).
point(8, 19.8803912188, 17.6006600044).
point(9, 77.5208913741, 15.2713807403).
point(10, 28.5100283981, 79.5035528948).
point(11, 29.483800011, 19.2684636349).
point(12, 68.8119236561, 7.1435105139).
point(13, 46.7261764831, 22.1259064995).
point(14, 4.9888852556, 53.8313797537).
point(15, 82.7670062665, 59.2178542554).
point(16, 12.5060461446, 58.9457562382).
point(17, 8.1699132258, 70.751872606).
point(18, 45.9728699867, 77.8288620055).
cost(1, 2, 35).
cost(1, 3, 12).
cost(1, 4, 41).
cost(1, 5, 53).
cost(1, 6, 18).
cost(1, 7, 54).
cost(1, 8, 27).
cost(1, 9, 33).
cost(1, 10, 58).
cost(1, 11, 17).
cost(1, 12, 28).
cost(1, 13, 2).
cost(1, 14, 51).
cost(1, 15, 51).
cost(1, 16, 48).
cost(1, 17, 60).
cost(1, 18, 54).
cost(2, 1, 35).
cost(2, 3, 44).
cost(2, 4, 63).
cost(2, 5, 42).
cost(2, 6, 50).
cost(2, 7, 51).
cost(2, 8, 60).
cost(2, 9, 4).
cost(2, 10, 85).
cost(2, 11, 50).
cost(2, 12, 11).
cost(2, 13, 34).
cost(2, 14, 85).
cost(2, 15, 48).
cost(2, 16, 82).
cost(2, 17, 93).
cost(2, 18, 74).
cost(3, 1, 12).
cost(3, 2, 44).
cost(3, 4, 48).
cost(3, 5, 65).
cost(3, 6, 23).
cost(3, 7, 66).
cost(3, 8, 15).
cost(3, 9, 42).
cost(3, 10, 62).
cost(3, 11, 6).
cost(3, 12, 35).
cost(3, 13, 12).
cost(3, 14, 47).
cost(3, 15, 63).
cost(3, 16, 47).
cost(3, 17, 59).
cost(3, 18, 60).
cost(4, 1, 41).
cost(4, 2, 63).
cost(4, 3, 48).
cost(4, 5, 46).
cost(4, 6, 26).
cost(4, 7, 38).
cost(4, 8, 55).
cost(4, 9, 59).
cost(4, 10, 23).
cost(4, 11, 49).
cost(4, 12, 62).
cost(4, 13, 43).
cost(4, 14, 43).
cost(4, 15, 37).
cost(4, 16, 34).
cost(4, 17, 39).
cost(4, 18, 13).
cost(5, 1, 53).
cost(5, 2, 42).
cost(5, 3, 65).
cost(5, 4, 46).
cost(5, 6, 53).
cost(5, 7, 11).
cost(5, 8, 79).
cost(5, 9, 39).
cost(5, 10, 67).
cost(5, 11, 69).
cost(5, 12, 50).
cost(5, 13, 53).
cost(5, 14, 85).
cost(5, 15, 10).
cost(5, 16, 78).
cost(5, 17, 84).
cost(5, 18, 51).
cost(6, 1, 18).
cost(6, 2, 50).
cost(6, 3, 23).
cost(6, 4, 26).
cost(6, 5, 53).
cost(6, 7, 50).
cost(6, 8, 30).
cost(6, 9, 46).
cost(6, 10, 40).
cost(6, 11, 24).
cost(6, 12, 45).
cost(6, 13, 20).
cost(6, 14, 36).
cost(6, 15, 47).
cost(6, 16, 32).
cost(6, 17, 43).
cost(6, 18, 38).
cost(7, 1, 54).
cost(7, 2, 51).
cost(7, 3, 66).
cost(7, 4, 38).
cost(7, 5, 11).
cost(7, 6, 50).
cost(7, 8, 79).
cost(7, 9, 48).
cost(7, 10, 59).
cost(7, 11, 70).
cost(7, 12, 57).
cost(7, 13, 55).
cost(7, 14, 80).
cost(7, 15, 4).
cost(7, 16, 72).
cost(7, 17, 77).
cost(7, 18, 41).
cost(8, 1, 27).
cost(8, 2, 60).
cost(8, 3, 15).
cost(8, 4, 55).
cost(8, 5, 79).
cost(8, 6, 30).
cost(8, 7, 79).
cost(8, 9, 58).
cost(8, 10, 63).
cost(8, 11, 10).
cost(8, 12, 50).
cost(8, 13, 27).
cost(8, 14, 39).
cost(8, 15, 75).
cost(8, 16, 42).
cost(8, 17, 54).
cost(8, 18, 66).
cost(9, 1, 33).
cost(9, 2, 4).
cost(9, 3, 42).
cost(9, 4, 59).
cost(9, 5, 39).
cost(9, 6, 46).
cost(9, 7, 48).
cost(9, 8, 58).
cost(9, 10, 81).
cost(9, 11, 48).
cost(9, 12, 12).
cost(9, 13, 32).
cost(9, 14, 82).
cost(9, 15, 44).
cost(9, 16, 78).
cost(9, 17, 89).
cost(9, 18, 70).
cost(10, 1, 58).
cost(10, 2, 85).
cost(10, 3, 62).
cost(10, 4, 23).
cost(10, 5, 67).
cost(10, 6, 40).
cost(10, 7, 59).
cost(10, 8, 63).
cost(10, 9, 81).
cost(10, 11, 60).
cost(10, 12, 83).
cost(10, 13, 60).
cost(10, 14, 35).
cost(10, 15, 58).
cost(10, 16, 26).
cost(10, 17, 22).
cost(10, 18, 18).
cost(11, 1, 17).
cost(11, 2, 50).
cost(11, 3, 6).
cost(11, 4, 49).
cost(11, 5, 69).
cost(11, 6, 24).
cost(11, 7, 70).
cost(11, 8, 10).
cost(11, 9, 48).
cost(11, 10, 60).
cost(11, 12, 41).
cost(11, 13, 17).
cost(11, 14, 42).
cost(11, 15, 67).
cost(11, 16, 43).
cost(11, 17, 56).
cost(11, 18, 61).
cost(12, 1, 28).
cost(12, 2, 11).
cost(12, 3, 35).
cost(12, 4, 62).
cost(12, 5, 50).
cost(12, 6, 45).
cost(12, 7, 57).
cost(12, 8, 50).
cost(12, 9, 12).
cost(12, 10, 83).
cost(12, 11, 41).
cost(12, 13, 27).
cost(12, 14, 79).
cost(12, 15, 54).
cost(12, 16, 77).
cost(12, 17, 88).
cost(12, 18, 74).
cost(13, 1, 2).
cost(13, 2, 34).
cost(13, 3, 12).
cost(13, 4, 43).
cost(13, 5, 53).
cost(13, 6, 20).
cost(13, 7, 55).
cost(13, 8, 27).
cost(13, 9, 32).
cost(13, 10, 60).
cost(13, 11, 17).
cost(13, 12, 27).
cost(13, 14, 52).
cost(13, 15, 52).
cost(13, 16, 50).
cost(13, 17, 62).
cost(13, 18, 56).
cost(14, 1, 51).
cost(14, 2, 85).
cost(14, 3, 47).
cost(14, 4, 43).
cost(14, 5, 85).
cost(14, 6, 36).
cost(14, 7, 80).
cost(14, 8, 39).
cost(14, 9, 82).
cost(14, 10, 35).
cost(14, 11, 42).
cost(14, 12, 79).
cost(14, 13, 52).
cost(14, 15, 78).
cost(14, 16, 9).
cost(14, 17, 17).
cost(14, 18, 47).
cost(15, 1, 51).
cost(15, 2, 48).
cost(15, 3, 63).
cost(15, 4, 37).
cost(15, 5, 10).
cost(15, 6, 47).
cost(15, 7, 4).
cost(15, 8, 75).
cost(15, 9, 44).
cost(15, 10, 58).
cost(15, 11, 67).
cost(15, 12, 54).
cost(15, 13, 52).
cost(15, 14, 78).
cost(15, 16, 70).
cost(15, 17, 75).
cost(15, 18, 41).
cost(16, 1, 48).
cost(16, 2, 82).
cost(16, 3, 47).
cost(16, 4, 34).
cost(16, 5, 78).
cost(16, 6, 32).
cost(16, 7, 72).
cost(16, 8, 42).
cost(16, 9, 78).
cost(16, 10, 26).
cost(16, 11, 43).
cost(16, 12, 77).
cost(16, 13, 50).
cost(16, 14, 9).
cost(16, 15, 70).
cost(16, 17, 13).
cost(16, 18, 38).
cost(17, 1, 60).
cost(17, 2, 93).
cost(17, 3, 59).
cost(17, 4, 39).
cost(17, 5, 84).
cost(17, 6, 43).
cost(17, 7, 77).
cost(17, 8, 54).
cost(17, 9, 89).
cost(17, 10, 22).
cost(17, 11, 56).
cost(17, 12, 88).
cost(17, 13, 62).
cost(17, 14, 17).
cost(17, 15, 75).
cost(17, 16, 13).
cost(17, 18, 38).
cost(18, 1, 54).
cost(18, 2, 74).
cost(18, 3, 60).
cost(18, 4, 13).
cost(18, 5, 51).
cost(18, 6, 38).
cost(18, 7, 41).
cost(18, 8, 66).
cost(18, 9, 70).
cost(18, 10, 18).
cost(18, 11, 61).
cost(18, 12, 74).
cost(18, 13, 56).
cost(18, 14, 47).
cost(18, 15, 41).
cost(18, 16, 38).
cost(18, 17, 38).
