dimension(18).
point(1, 44.7742472738, 44.2364170517).
point(2, 42.9208299551, 52.6432352778).
point(3, 88.7502797034, 54.7778635283).
point(4, 66.629715321, 79.9584502747).
point(5, 19.3413168806, 27.1379225834).
point(6, 69.1636165839, 15.6245751636).
point(7, 57.9749329184, 39.5245563528).
point(8, 83.0324728831, 96.6509456369).
point(9, 59.3082589954, 35.7374585199).
point(10, 32.2074383657, 33.3184868152).
point(11, 53.7093158449, 40.7234351012).
point(12, 30.0999543332, 60.1486565255).
point(13, 53.5427212203, 29.7494227544).
point(14, 85.3602664911, 65.393029584).
point(15, 20.64299059, 83.0021870004).
point(16, 71.9560767152, 78.4551854837).
point(17, 80.7536311957, 42.6661444314).
point(18, 30.1378216457, 67.7338865869).
cost(1, 2, 9).
cost(1, 3, 45).
cost(1, 4, 42).
cost(1, 5, 31).
cost(1, 6, 38).
cost(1, 7, 14).
cost(1, 8, 65).
cost(1, 9, 17).
cost(1, 10, 17).
cost(1, 11, 10).
cost(1, 12, 22).
cost(1, 13, 17).
cost(1, 14, 46).
cost(1, 15, 46).
cost(1, 16, 44).
cost(1, 17, 36).
cost(1, 18, 28).
cost(2, 1, 9).
cost(2, 3, 46).
cost(2, 4, 36).
cost(2, 5, 35).
cost(2, 6, 45).
cost(2, 7, 20).
cost(2, 8, 60).
cost(2, 9, 24).
cost(2, 10, 22).
cost(2, 11, 16).
cost(2, 12, 15).
cost(2, 13, 25).
cost(2, 14, 44).
cost(2, 15, 38).
cost(2, 16, 39).
cost(2, 17, 39).
cost(2, 18, 20).
cost(3, 1, 45).
cost(3, 2, 46).
cost(3, 4, 34).
cost(3, 5, 75).
cost(3, 6, 44).
cost(3, 7, 34).
cost(3, 8, 42).
cost(3, 9, 35).
cost(3, 10, 60).
cost(3, 11, 38).
cost(3, 12, 59).
cost(3, 13, 43).
cost(3, 14, 11).
cost(3, 15, 74).
cost(3, 16, 29).
cost(3, 17, 15).
cost(3, 18, 60).
cost(4, 1, 42).
cost(4, 2, 36).
cost(4, 3, 34).
cost(4, 5, 71).
cost(4, 6, 64).
cost(4, 7, 41).
cost(4, 8, 23).
cost(4, 9, 45).
cost(4, 10, 58).
cost(4, 11, 41).
cost(4, 12, 42).
cost(4, 13, 52).
cost(4, 14, 24).
cost(4, 15, 46).
cost(4, 16, 6).
cost(4, 17, 40).
cost(4, 18, 38).
cost(5, 1, 31).
cost(5, 2, 35).
cost(5, 3, 75).
cost(5, 4, 71).
cost(5, 6, 51).
cost(5, 7, 41).
cost(5, 8, 94).
cost(5, 9, 41).
cost(5, 10, 14).
cost(5, 11, 37).
cost(5, 12, 35).
cost(5, 13, 34).
cost(5, 14, 76).
cost(5, 15, 56).
cost(5, 16, 73).
cost(5, 17, 63).
cost(5, 18, 42).
cost(6, 1, 38).
cost(6, 2, 45).
cost(6, 3, 44).
cost(6, 4, 64).
cost(6, 5, 51).
cost(6, 7, 26).
cost(6, 8, 82).
cost(6, 9, 22).
cost(6, 10, 41).
cost(6, 11, 29).
cost(6, 12, 59).
cost(6, 13, 21).
cost(6, 14, 52).
cost(6, 15, 83).
cost(6, 16, 63).
cost(6, 17, 29).
cost(6, 18, 65).
cost(7, 1, 14).
cost(7, 2, 20).
cost(7, 3, 34).
cost(7, 4, 41).
cost(7, 5, 41).
cost(7, 6, 26).
cost(7, 8, 62).
cost(7, 9, 4).
cost(7, 10, 27).
cost(7, 11, 4).
cost(7, 12, 35).
cost(7, 13, 11).
cost(7, 14, 38).
cost(7, 15, 57).
cost(7, 16, 41).
cost(7, 17, 23).
cost(7, 18, 40).
cost(8, 1, 65).
cost(8, 2, 60).
cost(8, 3, 42).
cost(8, 4, 23).
cost(8, 5, 94).
cost(8, 6, 82).
cost(8, 7, 62).
cost(8, 9, 65).
cost(8, 10, 81).
cost(8, 11, 63).
cost(8, 12, 64).
cost(8, 13, 73).
cost(8, 14, 31).
cost(8, 15, 64).
cost(8, 16, 21).
cost(8, 17, 54).
cost(8, 18, 60).
cost(9, 1, 17).
cost(9, 2, 24).
cost(9, 3, 35).
cost(9, 4, 45).
cost(9, 5, 41).
cost(9, 6, 22).
cost(9, 7, 4).
cost(9, 8, 65).
cost(9, 10, 27).
cost(9, 11, 7).
cost(9, 12, 38).
cost(9, 13, 8).
cost(9, 14, 39).
cost(9, 15, 61).
cost(9, 16, 45).
cost(9, 17, 23).
cost(9, 18, 43).
cost(10, 1, 17).
cost(10, 2, 22).
cost(10, 3, 60).
cost(10, 4, 58).
cost(10, 5, 14).
cost(10, 6, 41).
cost(10, 7, 27).
cost(10, 8, 81).
cost(10, 9, 27).
cost(10, 11, 23).
cost(10, 12, 27).
cost(10, 13, 22).
cost(10, 14, 62).
cost(10, 15, 51).
cost(10, 16, 60).
cost(10, 17, 49).
cost(10, 18, 34).
cost(11, 1, 10).
cost(11, 2, 16).
cost(11, 3, 38).
cost(11, 4, 41).
cost(11, 5, 37).
cost(11, 6, 29).
cost(11, 7, 4).
cost(11, 8, 63).
cost(11, 9, 7).
cost(11, 10, 23).
cost(11, 12, 31).
cost(11, 13, 11).
cost(11, 14, 40).
cost(11, 15, 54).
cost(11, 16, 42).
cost(11, 17, 27).
cost(11, 18, 36).
cost(12, 1, 22).
cost(12, 2, 15).
cost(12, 3, 59).
cost(12, 4, 42).
cost(12, 5, 35).
cost(12, 6, 59).
cost(12, 7, 35).
cost(12, 8, 64).
cost(12, 9, 38).
cost(12, 10, 27).
cost(12, 11, 31).
cost(12, 13, 38).
cost(12, 14, 56).
cost(12, 15, 25).
cost(12, 16, 46).
cost(12, 17, 54).
cost(12, 18, 8).
cost(13, 1, 17).
cost(13, 2, 25).
cost(13, 3, 43).
cost(13, 4, 52).
cost(13, 5, 34).
cost(13, 6, 21).
cost(13, 7, 11).
cost(13, 8, 73).
cost(13, 9, 8).
cost(13, 10, 22).
cost(13, 11, 11).
cost(13, 12, 38).
cost(13, 14, 48).
cost(13, 15, 63).
cost(13, 16, 52).
cost(13, 17, 30).
cost(13, 18, 45).
cost(14, 1, 46).
cost(14, 2, 44).
cost(14, 3, 11).
cost(14, 4, 24).
cost(14, 5, 76).
cost(14, 6, 52).
cost(14, 7, 38).
cost(14, 8, 31).
cost(14, 9, 39).
cost(14, 10, 62).
cost(14, 11, 40).
cost(14, 12, 56).
cost(14, 13, 48).
cost(14, 15, 67).
cost(14, 16, 19).
cost(14, 17, 23).
cost(14, 18, 55).
cost(15, 1, 46).
cost(15, 2, 38).
cost(15, 3, 74).
cost(15, 4, 46).
cost(15, 5, 56).
cost(15, 6, 83).
cost(15, 7, 57).
cost(15, 8, 64).
cost(15, 9, 61).
cost(15, 10, 51).
cost(15, 11, 54).
cost(15, 12, 25).
cost(15, 13, 63).
cost(15, 14, 67).
cost(15, 16, 52).
cost(15, 17, 72).
cost(15, 18, 18).
cost(16, 1, 44).
cost(16, 2, 39).
cost(16, 3, 29).
cost(16, 4, 6).
cost(16, 5, 73).
cost(16, 6, 63).
cost(16, 7, 41).
cost(16, 8, 21).
cost(16, 9, 45).
cost(16, 10, 60).
cost(16, 11, 42).
cost(16, 12, 46).
cost(16, 13, 52).
cost(16, 14, 19).
cost(16, 15, 52).
cost(16, 17, 37).
cost(16, 18, 43).
cost(17, 1, 36).
cost(17, 2, 39).
cost(17, 3, 15).
cost(17, 4, 40).
cost(17, 5, 63).
cost(17, 6, 29).
cost(17, 7, 23).
cost(17, 8, 54).
cost(17, 9, 23).
cost(17, 10, 49).
cost(17, 11, 27).
cost(17, 12, 54).
cost(17, 13, 30).
cost(17, 14, 23).
cost(17, 15, 72).
cost(17, 16, 37).
cost(17, 18, 56).
cost(18, 1, 28).
cost(18, 2, 20).
cost(18, 3, 60).
cost(18, 4, 38).
cost(18, 5, 42).
cost(18, 6, 65).
cost(18, 7, 40).
cost(18, 8, 60).
cost(18, 9, 43).
cost(18, 10, 34).
cost(18, 11, 36).
cost(18, 12, 8).
cost(18, 13, 45).
cost(18, 14, 55).
cost(18, 15, 18).
cost(18, 16, 43).
cost(18, 17, 56).
