dimension(18).
point(1, 85.826467691, 65.91566805).
point(2, 75.6770827669, 12.7411955267).
point(3, 94.8327218281, 20.1571202801).
point(4, 18.1300584465, 6.5877670942).
point(5, 13.9398295473, 80.3732848609).
point(6, 58.9128657538, 82.3326921458).
point(7, 38.8998296106, 7.5873932082).
point(8, 53.2580270294, 66.0804171611).
point(9, 45.2484249789, 56.1842509163).
point(10, 41.7820726764, 48.0908105829).
point(11, 73.0221316707, 22.2365319594).
point(12, 80.5690187311, 34.5425969407).
point(13, 15.4837339346, 87.5328005214).
point(14, 46.2603350054, 50.9885298089).
point(15, 98.5789443043, 26.2948488302).
point(16, 21.0947706175, 18.8784926525).
point(17, 56.2011056367, 35.5551663791).
point(18, 13.0719045275, 75.7097052248).
cost(1, 2, 54).
cost(1, 3, 47).
cost(1, 4, 90).
cost(1, 5, 73).
cost(1, 6, 32).
cost(1, 7, 75).
cost(1, 8, 33).
cost(1, 9, 42).
cost(1, 10, 48).
cost(1, 11, 46).
cost(1, 12, 32).
cost(1, 13, 74).
cost(1, 14, 42).
cost(1, 15, 42).
cost(1, 16, 80).
cost(1, 17, 42).
cost(1, 18, 73).
cost(2, 1, 54).
cost(2, 3, 21).
cost(2, 4, 58).
cost(2, 5, 92).
cost(2, 6, 72).
cost(2, 7, 37).
cost(2, 8, 58).
cost(2, 9, 53).
cost(2, 10, 49).
cost(2, 11, 10).
cost(2, 12, 22).
cost(2, 13, 96).
cost(2, 14, 48).
cost(2, 15, 27).
cost(2, 16, 55).
cost(2, 17, 30).
cost(2, 18, 89).
cost(3, 1, 47).
cost(3, 2, 21).
cost(3, 4, 78).
cost(3, 5, 101).
cost(3, 6, 72).
cost(3, 7, 57).
cost(3, 8, 62).
cost(3, 9, 61).
cost(3, 10, 60).
cost(3, 11, 22).
cost(3, 12, 20).
cost(3, 13, 104).
cost(3, 14, 58).
cost(3, 15, 7).
cost(3, 16, 74).
cost(3, 17, 42).
cost(3, 18, 99).
cost(4, 1, 90).
cost(4, 2, 58).
cost(4, 3, 78).
cost(4, 5, 74).
cost(4, 6, 86).
cost(4, 7, 21).
cost(4, 8, 69).
cost(4, 9, 57).
cost(4, 10, 48).
cost(4, 11, 57).
cost(4, 12, 68).
cost(4, 13, 81).
cost(4, 14, 53).
cost(4, 15, 83).
cost(4, 16, 13).
cost(4, 17, 48).
cost(4, 18, 69).
cost(5, 1, 73).
cost(5, 2, 92).
cost(5, 3, 101).
cost(5, 4, 74).
cost(5, 6, 45).
cost(5, 7, 77).
cost(5, 8, 42).
cost(5, 9, 40).
cost(5, 10, 43).
cost(5, 11, 83).
cost(5, 12, 81).
cost(5, 13, 7).
cost(5, 14, 44).
cost(5, 15, 100).
cost(5, 16, 62).
cost(5, 17, 62).
cost(5, 18, 5).
cost(6, 1, 32).
cost(6, 2, 72).
cost(6, 3, 72).
cost(6, 4, 86).
cost(6, 5, 45).
cost(6, 7, 77).
cost(6, 8, 17).
cost(6, 9, 30).
cost(6, 10, 38).
cost(6, 11, 62).
cost(6, 12, 52).
cost(6, 13, 44).
cost(6, 14, 34).
cost(6, 15, 69).
cost(6, 16, 74).
cost(6, 17, 47).
cost(6, 18, 46).
cost(7, 1, 75).
cost(7, 2, 37).
cost(7, 3, 57).
cost(7, 4, 21).
cost(7, 5, 77).
cost(7, 6, 77).
cost(7, 8, 60).
cost(7, 9, 49).
cost(7, 10, 41).
cost(7, 11, 37).
cost(7, 12, 50).
cost(7, 13, 83).
cost(7, 14, 44).
cost(7, 15, 63).
cost(7, 16, 21).
cost(7, 17, 33).
cost(7, 18, 73).
cost(8, 1, 33).
cost(8, 2, 58).
cost(8, 3, 62).
cost(8, 4, 69).
cost(8, 5, 42).
cost(8, 6, 17).
cost(8, 7, 60).
cost(8, 9, 13).
cost(8, 10, 21).
cost(8, 11, 48).
cost(8, 12, 42).
cost(8, 13, 43).
cost(8, 14, 17).
cost(8, 15, 60).
cost(8, 16, 57).
cost(8, 17, 31).
cost(8, 18, 41).
cost(9, 1, 42).
cost(9, 2, 53).
cost(9, 3, 61).
cost(9, 4, 57).
cost(9, 5, 40).
cost(9, 6, 30).
cost(9, 7, 49).
cost(9, 8, 13).
cost(9, 10, 9).
cost(9, 11, 44).
cost(9, 12, 41).
cost(9, 13, 43).
cost(9, 14, 5).
cost(9, 15, 61).
cost(9, 16, 44).
cost(9, 17, 23).
cost(9, 18, 38).
cost(10, 1, 48).
cost(10, 2, 49).
cost(10, 3, 60).
cost(10, 4, 48).
cost(10, 5, 43).
cost(10, 6, 38).
cost(10, 7, 41).
cost(10, 8, 21).
cost(10, 9, 9).
cost(10, 11, 41).
cost(10, 12, 41).
cost(10, 13, 47).
cost(10, 14, 5).
cost(10, 15, 61).
cost(10, 16, 36).
cost(10, 17, 19).
cost(10, 18, 40).
cost(11, 1, 46).
cost(11, 2, 10).
cost(11, 3, 22).
cost(11, 4, 57).
cost(11, 5, 83).
cost(11, 6, 62).
cost(11, 7, 37).
cost(11, 8, 48).
cost(11, 9, 44).
cost(11, 10, 41).
cost(11, 12, 14).
cost(11, 13, 87).
cost(11, 14, 39).
cost(11, 15, 26).
cost(11, 16, 52).
cost(11, 17, 21).
cost(11, 18, 80).
cost(12, 1, 32).
cost(12, 2, 22).
cost(12, 3, 20).
cost(12, 4, 68).
cost(12, 5, 81).
cost(12, 6, 52).
cost(12, 7, 50).
cost(12, 8, 42).
cost(12, 9, 41).
cost(12, 10, 41).
cost(12, 11, 14).
cost(12, 13, 84).
cost(12, 14, 38).
cost(12, 15, 20).
cost(12, 16, 62).
cost(12, 17, 24).
cost(12, 18, 79).
cost(13, 1, 74).
cost(13, 2, 96).
cost(13, 3, 104).
cost(13, 4, 81).
cost(13, 5, 7).
cost(13, 6, 44).
cost(13, 7, 83).
cost(13, 8, 43).
cost(13, 9, 43).
cost(13, 10, 47).
cost(13, 11, 87).
cost(13, 12, 84).
cost(13, 14, 48).
cost(13, 15, 103).
cost(13, 16, 69).
cost(13, 17, 66).
cost(13, 18, 12).
cost(14, 1, 42).
cost(14, 2, 48).
cost(14, 3, 58).
cost(14, 4, 53).
cost(14, 5, 44).
cost(14, 6, 34).
cost(14, 7, 44).
cost(14, 8, 17).
cost(14, 9, 5).
cost(14, 10, 5).
cost(14, 11, 39).
cost(14, 12, 38).
cost(14, 13, 48).
cost(14, 15, 58).
cost(14, 16, 41).
cost(14, 17, 18).
cost(14, 18, 41).
cost(15, 1, 42).
cost(15, 2, 27).
cost(15, 3, 7).
cost(15, 4, 83).
cost(15, 5, 100).
cost(15, 6, 69).
cost(15, 7, 63).
cost(15, 8, 60).
cost(15, 9, 61).
cost(15, 10, 61).
cost(15, 11, 26).
cost(15, 12, 20).
cost(15, 13, 103).
cost(15, 14, 58).
cost(15, 16, 78).
cost(15, 17, 43).
cost(15, 18, 99).
cost(16, 1, 80).
cost(16, 2, 55).
cost(16, 3, 74).
cost(16, 4, 13).
cost(16, 5, 62).
cost(16, 6, 74).
cost(16, 7, 21).
cost(16, 8, 57).
cost(16, 9, 44).
cost(16, 10, 36).
cost(16, 11, 52).
cost(16, 12, 62).
cost(16, 13, 69).
cost(16, 14, 41).
cost(16, 15, 78).
cost(16, 17, 39).
cost(16, 18, 57).
cost(17, 1, 42).
cost(17, 2, 30).
cost(17, 3, 42).
cost(17, 4, 48).
cost(17, 5, 62).
cost(17, 6, 47).
cost(17, 7, 33).
cost(17, 8, 31).
cost(17, 9, 23).
cost(17, 10, 19).
cost(17, 11, 21).
cost(17, 12, 24).
cost(17, 13, 66).
cost(17, 14, 18).
cost(17, 15, 43).
cost(17, 16, 39).
cost(17, 18, 59).
cost(18, 1, 73).
cost(18, 2, 89).
cost(18, 3, 99).
cost(18, 4, 69).
cost(18, 5, 5).
cost(18, 6, 46).
cost(18, 7, 73).
cost(18, 8, 41).
cost(18, 9, 38).
cost(18, 10, 40).
cost(18, 11, 80).
cost(18, 12, 79).
cost(18, 13, 12).
cost(18, 14, 41).
cost(18, 15, 99).
cost(18, 16, 57).
cost(18, 17, 59).
