dimension(18).
point(1, 94.3097453341, 66.0935230106).
point(2, 33.8979791449, 2.5494298719).
point(3, 87.6114880006, 34.3559247224).
point(4, 32.5126691477, 95.2685208696).
point(5, 24.1906808985, 52.2680955882).
point(6, 55.6241335006, 56.0692551094).
point(7, 18.2845628298, 93.397177396).
point(8, 5.1818417108, 25.8279880481).
point(9, 26.1653457693, 74.4743492527).
point(10, 31.6508792945, 8.9603254994).
point(11, 63.7275604529, 26.0191262715).
point(12, 86.8117583343, 60.6117913305).
point(13, 56.4094896533, 14.1126649895).
point(14, 79.5584967677, 61.2263689955).
point(15, 78.4946410035, 17.155889735).
point(16, 77.6087558162, 28.4776443034).
point(17, 97.6559258023, 34.0714468359).
point(18, 13.1978916085, 54.4481737475).
cost(1, 2, 88).
cost(1, 3, 32).
cost(1, 4, 68).
cost(1, 5, 71).
cost(1, 6, 40).
cost(1, 7, 81).
cost(1, 8, 98).
cost(1, 9, 69).
cost(1, 10, 85).
cost(1, 11, 50).
cost(1, 12, 9).
cost(1, 13, 64).
cost(1, 14, 16).
cost(1, 15, 51).
cost(1, 16, 41).
cost(1, 17, 32).
cost(1, 18, 82).
cost(2, 1, 88).
cost(2, 3, 62).
cost(2, 4, 93).
cost(2, 5, 51).
cost(2, 6, 58).
cost(2, 7, 92).
cost(2, 8, 37).
cost(2, 9, 72).
cost(2, 10, 7).
cost(2, 11, 38).
cost(2, 12, 79).
cost(2, 13, 25).
cost(2, 14, 74).
cost(2, 15, 47).
cost(2, 16, 51).
cost(2, 17, 71).
cost(2, 18, 56).
cost(3, 1, 32).
cost(3, 2, 62).
cost(3, 4, 82).
cost(3, 5, 66).
cost(3, 6, 39).
cost(3, 7, 91).
cost(3, 8, 83).
cost(3, 9, 73).
cost(3, 10, 61).
cost(3, 11, 25).
cost(3, 12, 26).
cost(3, 13, 37).
cost(3, 14, 28).
cost(3, 15, 19).
cost(3, 16, 12).
cost(3, 17, 10).
cost(3, 18, 77).
cost(4, 1, 68).
cost(4, 2, 93).
cost(4, 3, 82).
cost(4, 5, 44).
cost(4, 6, 46).
cost(4, 7, 14).
cost(4, 8, 75).
cost(4, 9, 22).
cost(4, 10, 86).
cost(4, 11, 76).
cost(4, 12, 64).
cost(4, 13, 85).
cost(4, 14, 58).
cost(4, 15, 91).
cost(4, 16, 81).
cost(4, 17, 89).
cost(4, 18, 45).
cost(5, 1, 71).
cost(5, 2, 51).
cost(5, 3, 66).
cost(5, 4, 44).
cost(5, 6, 32).
cost(5, 7, 42).
cost(5, 8, 33).
cost(5, 9, 22).
cost(5, 10, 44).
cost(5, 11, 47).
cost(5, 12, 63).
cost(5, 13, 50).
cost(5, 14, 56).
cost(5, 15, 65).
cost(5, 16, 58).
cost(5, 17, 76).
cost(5, 18, 11).
cost(6, 1, 40).
cost(6, 2, 58).
cost(6, 3, 39).
cost(6, 4, 46).
cost(6, 5, 32).
cost(6, 7, 53).
cost(6, 8, 59).
cost(6, 9, 35).
cost(6, 10, 53).
cost(6, 11, 31).
cost(6, 12, 32).
cost(6, 13, 42).
cost(6, 14, 24).
cost(6, 15, 45).
cost(6, 16, 35).
cost(6, 17, 47).
cost(6, 18, 42).
cost(7, 1, 81).
cost(7, 2, 92).
cost(7, 3, 91).
cost(7, 4, 14).
cost(7, 5, 42).
cost(7, 6, 53).
cost(7, 8, 69).
cost(7, 9, 20).
cost(7, 10, 85).
cost(7, 11, 81).
cost(7, 12, 76).
cost(7, 13, 88).
cost(7, 14, 69).
cost(7, 15, 97).
cost(7, 16, 88).
cost(7, 17, 99).
cost(7, 18, 39).
cost(8, 1, 98).
cost(8, 2, 37).
cost(8, 3, 83).
cost(8, 4, 75).
cost(8, 5, 33).
cost(8, 6, 59).
cost(8, 7, 69).
cost(8, 9, 53).
cost(8, 10, 31).
cost(8, 11, 59).
cost(8, 12, 89).
cost(8, 13, 53).
cost(8, 14, 82).
cost(8, 15, 74).
cost(8, 16, 72).
cost(8, 17, 93).
cost(8, 18, 30).
cost(9, 1, 69).
cost(9, 2, 72).
cost(9, 3, 73).
cost(9, 4, 22).
cost(9, 5, 22).
cost(9, 6, 35).
cost(9, 7, 20).
cost(9, 8, 53).
cost(9, 10, 66).
cost(9, 11, 61).
cost(9, 12, 62).
cost(9, 13, 68).
cost(9, 14, 55).
cost(9, 15, 78).
cost(9, 16, 69).
cost(9, 17, 82).
cost(9, 18, 24).
cost(10, 1, 85).
cost(10, 2, 7).
cost(10, 3, 61).
cost(10, 4, 86).
cost(10, 5, 44).
cost(10, 6, 53).
cost(10, 7, 85).
cost(10, 8, 31).
cost(10, 9, 66).
cost(10, 11, 36).
cost(10, 12, 76).
cost(10, 13, 25).
cost(10, 14, 71).
cost(10, 15, 48).
cost(10, 16, 50).
cost(10, 17, 71).
cost(10, 18, 49).
cost(11, 1, 50).
cost(11, 2, 38).
cost(11, 3, 25).
cost(11, 4, 76).
cost(11, 5, 47).
cost(11, 6, 31).
cost(11, 7, 81).
cost(11, 8, 59).
cost(11, 9, 61).
cost(11, 10, 36).
cost(11, 12, 42).
cost(11, 13, 14).
cost(11, 14, 39).
cost(11, 15, 17).
cost(11, 16, 14).
cost(11, 17, 35).
cost(11, 18, 58).
cost(12, 1, 9).
cost(12, 2, 79).
cost(12, 3, 26).
cost(12, 4, 64).
cost(12, 5, 63).
cost(12, 6, 32).
cost(12, 7, 76).
cost(12, 8, 89).
cost(12, 9, 62).
cost(12, 10, 76).
cost(12, 11, 42).
cost(12, 13, 56).
cost(12, 14, 7).
cost(12, 15, 44).
cost(12, 16, 33).
cost(12, 17, 29).
cost(12, 18, 74).
cost(13, 1, 64).
cost(13, 2, 25).
cost(13, 3, 37).
cost(13, 4, 85).
cost(13, 5, 50).
cost(13, 6, 42).
cost(13, 7, 88).
cost(13, 8, 53).
cost(13, 9, 68).
cost(13, 10, 25).
cost(13, 11, 14).
cost(13, 12, 56).
cost(13, 14, 52).
cost(13, 15, 22).
cost(13, 16, 26).
cost(13, 17, 46).
cost(13, 18, 59).
cost(14, 1, 16).
cost(14, 2, 74).
cost(14, 3, 28).
cost(14, 4, 58).
cost(14, 5, 56).
cost(14, 6, 24).
cost(14, 7, 69).
cost(14, 8, 82).
cost(14, 9, 55).
cost(14, 10, 71).
cost(14, 11, 39).
cost(14, 12, 7).
cost(14, 13, 52).
cost(14, 15, 44).
cost(14, 16, 33).
cost(14, 17, 33).
cost(14, 18, 67).
cost(15, 1, 51).
cost(15, 2, 47).
cost(15, 3, 19).
cost(15, 4, 91).
cost(15, 5, 65).
cost(15, 6, 45).
cost(15, 7, 97).
cost(15, 8, 74).
cost(15, 9, 78).
cost(15, 10, 48).
cost(15, 11, 17).
cost(15, 12, 44).
cost(15, 13, 22).
cost(15, 14, 44).
cost(15, 16, 11).
cost(15, 17, 26).
cost(15, 18, 75).
cost(16, 1, 41).
cost(16, 2, 51).
cost(16, 3, 12).
cost(16, 4, 81).
cost(16, 5, 58).
cost(16, 6, 35).
cost(16, 7, 88).
cost(16, 8, 72).
cost(16, 9, 69).
cost(16, 10, 50).
cost(16, 11, 14).
cost(16, 12, 33).
cost(16, 13, 26).
cost(16, 14, 33).
cost(16, 15, 11).
cost(16, 17, 21).
cost(16, 18, 69).
cost(17, 1, 32).
cost(17, 2, 71).
cost(17, 3, 10).
cost(17, 4, 89).
cost(17, 5, 76).
cost(17, 6, 47).
cost(17, 7, 99).
cost(17, 8, 93).
cost(17, 9, 82).
cost(17, 10, 71).
cost(17, 11, 35).
cost(17, 12, 29).
cost(17, 13, 46).
cost(17, 14, 33).
cost(17, 15, 26).
cost(17, 16, 21).
cost(17, 18, 87).
cost(18, 1, 82).
cost(18, 2, 56).
cost(18, 3, 77).
cost(18, 4, 45).
cost(18, 5, 11).
cost(18, 6, 42).
cost(18, 7, 39).
cost(18, 8, 30).
cost(18, 9, 24).
cost(18, 10, 49).
cost(18, 11, 58).
cost(18, 12, 74).
cost(18, 13, 59).
cost(18, 14, 67).
cost(18, 15, 75).
cost(18, 16, 69).
cost(18, 17, 87).
