dimension(18).
point(1, 16.6756962997, 84.8494678781).
point(2, 20.6457064234, 49.1396134323).
point(3, 17.3837639557, 68.8891626184).
point(4, 29.7023566665, 69.5567498923).
point(5, 45.2897007735, 89.2166908836).
point(6, 17.9453903905, 89.7123921225).
point(7, 81.5937257598, 56.630747285).
point(8, 79.1616017149, 24.0915711282).
point(9, 12.1192438187, 53.3483695395).
point(10, 25.3856214544, 85.1225967157).
point(11, 98.9344535581, 64.1030437513).
point(12, 41.7333926038, 13.2349110203).
point(13, 27.1186807458, 47.1190394181).
point(14, 63.2638665237, 16.7345336403).
point(15, 34.0016570576, 6.3704593053).
point(16, 84.8341058586, 67.120634494).
point(17, 62.6051327491, 40.2308593968).
point(18, 38.0160207096, 9.2767134745).
cost(1, 2, 36).
cost(1, 3, 16).
cost(1, 4, 20).
cost(1, 5, 29).
cost(1, 6, 5).
cost(1, 7, 71).
cost(1, 8, 87).
cost(1, 9, 32).
cost(1, 10, 9).
cost(1, 11, 85).
cost(1, 12, 76).
cost(1, 13, 39).
cost(1, 14, 83).
cost(1, 15, 80).
cost(1, 16, 70).
cost(1, 17, 64).
cost(1, 18, 79).
cost(2, 1, 36).
cost(2, 3, 20).
cost(2, 4, 22).
cost(2, 5, 47).
cost(2, 6, 41).
cost(2, 7, 61).
cost(2, 8, 64).
cost(2, 9, 10).
cost(2, 10, 36).
cost(2, 11, 80).
cost(2, 12, 42).
cost(2, 13, 7).
cost(2, 14, 54).
cost(2, 15, 45).
cost(2, 16, 67).
cost(2, 17, 43).
cost(2, 18, 43).
cost(3, 1, 16).
cost(3, 2, 20).
cost(3, 4, 12).
cost(3, 5, 35).
cost(3, 6, 21).
cost(3, 7, 65).
cost(3, 8, 76).
cost(3, 9, 16).
cost(3, 10, 18).
cost(3, 11, 82).
cost(3, 12, 61).
cost(3, 13, 24).
cost(3, 14, 69).
cost(3, 15, 65).
cost(3, 16, 67).
cost(3, 17, 54).
cost(3, 18, 63).
cost(4, 1, 20).
cost(4, 2, 22).
cost(4, 3, 12).
cost(4, 5, 25).
cost(4, 6, 23).
cost(4, 7, 53).
cost(4, 8, 67).
cost(4, 9, 24).
cost(4, 10, 16).
cost(4, 11, 69).
cost(4, 12, 58).
cost(4, 13, 23).
cost(4, 14, 63).
cost(4, 15, 63).
cost(4, 16, 55).
cost(4, 17, 44).
cost(4, 18, 61).
cost(5, 1, 29).
cost(5, 2, 47).
cost(5, 3, 35).
cost(5, 4, 25).
cost(5, 6, 27).
cost(5, 7, 49).
cost(5, 8, 73).
cost(5, 9, 49).
cost(5, 10, 20).
cost(5, 11, 59).
cost(5, 12, 76).
cost(5, 13, 46).
cost(5, 14, 75).
cost(5, 15, 84).
cost(5, 16, 45).
cost(5, 17, 52).
cost(5, 18, 80).
cost(6, 1, 5).
cost(6, 2, 41).
cost(6, 3, 21).
cost(6, 4, 23).
cost(6, 5, 27).
cost(6, 7, 72).
cost(6, 8, 90).
cost(6, 9, 37).
cost(6, 10, 9).
cost(6, 11, 85).
cost(6, 12, 80).
cost(6, 13, 44).
cost(6, 14, 86).
cost(6, 15, 85).
cost(6, 16, 71).
cost(6, 17, 67).
cost(6, 18, 83).
cost(7, 1, 71).
cost(7, 2, 61).
cost(7, 3, 65).
cost(7, 4, 53).
cost(7, 5, 49).
cost(7, 6, 72).
cost(7, 8, 33).
cost(7, 9, 70).
cost(7, 10, 63).
cost(7, 11, 19).
cost(7, 12, 59).
cost(7, 13, 55).
cost(7, 14, 44).
cost(7, 15, 69).
cost(7, 16, 11).
cost(7, 17, 25).
cost(7, 18, 64).
cost(8, 1, 87).
cost(8, 2, 64).
cost(8, 3, 76).
cost(8, 4, 67).
cost(8, 5, 73).
cost(8, 6, 90).
cost(8, 7, 33).
cost(8, 9, 73).
cost(8, 10, 81).
cost(8, 11, 45).
cost(8, 12, 39).
cost(8, 13, 57).
cost(8, 14, 18).
cost(8, 15, 49).
cost(8, 16, 43).
cost(8, 17, 23).
cost(8, 18, 44).
cost(9, 1, 32).
cost(9, 2, 10).
cost(9, 3, 16).
cost(9, 4, 24).
cost(9, 5, 49).
cost(9, 6, 37).
cost(9, 7, 70).
cost(9, 8, 73).
cost(9, 10, 34).
cost(9, 11, 87).
cost(9, 12, 50).
cost(9, 13, 16).
cost(9, 14, 63).
cost(9, 15, 52).
cost(9, 16, 74).
cost(9, 17, 52).
cost(9, 18, 51).
cost(10, 1, 9).
cost(10, 2, 36).
cost(10, 3, 18).
cost(10, 4, 16).
cost(10, 5, 20).
cost(10, 6, 9).
cost(10, 7, 63).
cost(10, 8, 81).
cost(10, 9, 34).
cost(10, 11, 76).
cost(10, 12, 74).
cost(10, 13, 38).
cost(10, 14, 78).
cost(10, 15, 79).
cost(10, 16, 62).
cost(10, 17, 58).
cost(10, 18, 77).
cost(11, 1, 85).
cost(11, 2, 80).
cost(11, 3, 82).
cost(11, 4, 69).
cost(11, 5, 59).
cost(11, 6, 85).
cost(11, 7, 19).
cost(11, 8, 45).
cost(11, 9, 87).
cost(11, 10, 76).
cost(11, 12, 77).
cost(11, 13, 74).
cost(11, 14, 59).
cost(11, 15, 87).
cost(11, 16, 14).
cost(11, 17, 43).
cost(11, 18, 82).
cost(12, 1, 76).
cost(12, 2, 42).
cost(12, 3, 61).
cost(12, 4, 58).
cost(12, 5, 76).
cost(12, 6, 80).
cost(12, 7, 59).
cost(12, 8, 39).
cost(12, 9, 50).
cost(12, 10, 74).
cost(12, 11, 77).
cost(12, 13, 37).
cost(12, 14, 22).
cost(12, 15, 10).
cost(12, 16, 69).
cost(12, 17, 34).
cost(12, 18, 5).
cost(13, 1, 39).
cost(13, 2, 7).
cost(13, 3, 24).
cost(13, 4, 23).
cost(13, 5, 46).
cost(13, 6, 44).
cost(13, 7, 55).
cost(13, 8, 57).
cost(13, 9, 16).
cost(13, 10, 38).
cost(13, 11, 74).
cost(13, 12, 37).
cost(13, 14, 47).
cost(13, 15, 41).
cost(13, 16, 61).
cost(13, 17, 36).
cost(13, 18, 39).
cost(14, 1, 83).
cost(14, 2, 54).
cost(14, 3, 69).
cost(14, 4, 63).
cost(14, 5, 75).
cost(14, 6, 86).
cost(14, 7, 44).
cost(14, 8, 18).
cost(14, 9, 63).
cost(14, 10, 78).
cost(14, 11, 59).
cost(14, 12, 22).
cost(14, 13, 47).
cost(14, 15, 31).
cost(14, 16, 55).
cost(14, 17, 24).
cost(14, 18, 26).
cost(15, 1, 80).
cost(15, 2, 45).
cost(15, 3, 65).
cost(15, 4, 63).
cost(15, 5, 84).
cost(15, 6, 85).
cost(15, 7, 69).
cost(15, 8, 49).
cost(15, 9, 52).
cost(15, 10, 79).
cost(15, 11, 87).
cost(15, 12, 10).
cost(15, 13, 41).
cost(15, 14, 31).
cost(15, 16, 79).
cost(15, 17, 44).
cost(15, 18, 5).
cost(16, 1, 70).
cost(16, 2, 67).
cost(16, 3, 67).
cost(16, 4, 55).
cost(16, 5, 45).
cost(16, 6, 71).
cost(16, 7, 11).
cost(16, 8, 43).
cost(16, 9, 74).
cost(16, 10, 62).
cost(16, 11, 14).
cost(16, 12, 69).
cost(16, 13, 61).
cost(16, 14, 55).
cost(16, 15, 79).
cost(16, 17, 35).
cost(16, 18, 74).
cost(17, 1, 64).
cost(17, 2, 43).
cost(17, 3, 54).
cost(17, 4, 44).
cost(17, 5, 52).
cost(17, 6, 67).
cost(17, 7, 25).
cost(17, 8, 23).
cost(17, 9, 52).
cost(17, 10, 58).
cost(17, 11, 43).
cost(17, 12, 34).
cost(17, 13, 36).
cost(17, 14, 24).
cost(17, 15, 44).
cost(17, 16, 35).
cost(17, 18, 40).
cost(18, 1, 79).
cost(18, 2, 43).
cost(18, 3, 63).
cost(18, 4, 61).
cost(18, 5, 80).
cost(18, 6, 83).
cost(18, 7, 64).
cost(18, 8, 44).
cost(18, 9, 51).
cost(18, 10, 77).
cost(18, 11, 82).
cost(18, 12, 5).
cost(18, 13, 39).
cost(18, 14, 26).
cost(18, 15, 5).
cost(18, 16, 74).
cost(18, 17, 40).
