dimension(18).
point(1, 6.1290443427, 62.7457573031).
point(2, 27.0713016221, 84.1420626623).
point(3, 87.2976382671, 52.0184470072).
point(4, 77.5778059199, 51.5637853624).
point(5, 41.9625410173, 38.63736316).
point(6, 57.6277878329, 36.0698598263).
point(7, 82.9946327281, 15.5864686128).
point(8, 64.3577257733, 72.2884349554).
point(9, 32.929389633, 98.7162355192).
point(10, 63.6463907213, 79.280360279).
point(11, 61.633729138, 45.5106786158).
point(12, 17.7253163615, 42.6044152452).
point(13, 51.5649208942, 78.7260612011).
point(14, 1.2703815573, 44.0458150923).
point(15, 79.0090675753, 39.4874299685).
point(16, 56.3858821939, 6.8275636825).
point(17, 57.7306472108, 15.6909272199).
point(18, 38.6807590367, 96.1809275654).
cost(1, 2, 30).
cost(1, 3, 82).
cost(1, 4, 72).
cost(1, 5, 43).
cost(1, 6, 58).
cost(1, 7, 90).
cost(1, 8, 59).
cost(1, 9, 45).
cost(1, 10, 60).
cost(1, 11, 58).
cost(1, 12, 23).
cost(1, 13, 48).
cost(1, 14, 19).
cost(1, 15, 77).
cost(1, 16, 75).
cost(1, 17, 70).
cost(1, 18, 47).
cost(2, 1, 30).
cost(2, 3, 68).
cost(2, 4, 60).
cost(2, 5, 48).
cost(2, 6, 57).
cost(2, 7, 88).
cost(2, 8, 39).
cost(2, 9, 16).
cost(2, 10, 37).
cost(2, 11, 52).
cost(2, 12, 43).
cost(2, 13, 25).
cost(2, 14, 48).
cost(2, 15, 68).
cost(2, 16, 83).
cost(2, 17, 75).
cost(2, 18, 17).
cost(3, 1, 82).
cost(3, 2, 68).
cost(3, 4, 10).
cost(3, 5, 47).
cost(3, 6, 34).
cost(3, 7, 37).
cost(3, 8, 31).
cost(3, 9, 72).
cost(3, 10, 36).
cost(3, 11, 26).
cost(3, 12, 70).
cost(3, 13, 45).
cost(3, 14, 86).
cost(3, 15, 15).
cost(3, 16, 55).
cost(3, 17, 47).
cost(3, 18, 66).
cost(4, 1, 72).
cost(4, 2, 60).
cost(4, 3, 10).
cost(4, 5, 38).
cost(4, 6, 25).
cost(4, 7, 36).
cost(4, 8, 25).
cost(4, 9, 65).
cost(4, 10, 31).
cost(4, 11, 17).
cost(4, 12, 61).
cost(4, 13, 38).
cost(4, 14, 77).
cost(4, 15, 12).
cost(4, 16, 50).
cost(4, 17, 41).
cost(4, 18, 59).
cost(5, 1, 43).
cost(5, 2, 48).
cost(5, 3, 47).
cost(5, 4, 38).
cost(5, 6, 16).
cost(5, 7, 47).
cost(5, 8, 40).
cost(5, 9, 61).
cost(5, 10, 46).
cost(5, 11, 21).
cost(5, 12, 25).
cost(5, 13, 41).
cost(5, 14, 41).
cost(5, 15, 37).
cost(5, 16, 35).
cost(5, 17, 28).
cost(5, 18, 58).
cost(6, 1, 58).
cost(6, 2, 57).
cost(6, 3, 34).
cost(6, 4, 25).
cost(6, 5, 16).
cost(6, 7, 33).
cost(6, 8, 37).
cost(6, 9, 67).
cost(6, 10, 44).
cost(6, 11, 10).
cost(6, 12, 40).
cost(6, 13, 43).
cost(6, 14, 57).
cost(6, 15, 22).
cost(6, 16, 29).
cost(6, 17, 20).
cost(6, 18, 63).
cost(7, 1, 90).
cost(7, 2, 88).
cost(7, 3, 37).
cost(7, 4, 36).
cost(7, 5, 47).
cost(7, 6, 33).
cost(7, 8, 60).
cost(7, 9, 97).
cost(7, 10, 67).
cost(7, 11, 37).
cost(7, 12, 71).
cost(7, 13, 71).
cost(7, 14, 87).
cost(7, 15, 24).
cost(7, 16, 28).
cost(7, 17, 25).
cost(7, 18, 92).
cost(8, 1, 59).
cost(8, 2, 39).
cost(8, 3, 31).
cost(8, 4, 25).
cost(8, 5, 40).
cost(8, 6, 37).
cost(8, 7, 60).
cost(8, 9, 41).
cost(8, 10, 7).
cost(8, 11, 27).
cost(8, 12, 55).
cost(8, 13, 14).
cost(8, 14, 69).
cost(8, 15, 36).
cost(8, 16, 66).
cost(8, 17, 57).
cost(8, 18, 35).
cost(9, 1, 45).
cost(9, 2, 16).
cost(9, 3, 72).
cost(9, 4, 65).
cost(9, 5, 61).
cost(9, 6, 67).
cost(9, 7, 97).
cost(9, 8, 41).
cost(9, 10, 36).
cost(9, 11, 60).
cost(9, 12, 58).
cost(9, 13, 27).
cost(9, 14, 63).
cost(9, 15, 75).
cost(9, 16, 95).
cost(9, 17, 87).
cost(9, 18, 6).
cost(10, 1, 60).
cost(10, 2, 37).
cost(10, 3, 36).
cost(10, 4, 31).
cost(10, 5, 46).
cost(10, 6, 44).
cost(10, 7, 67).
cost(10, 8, 7).
cost(10, 9, 36).
cost(10, 11, 34).
cost(10, 12, 59).
cost(10, 13, 12).
cost(10, 14, 72).
cost(10, 15, 43).
cost(10, 16, 73).
cost(10, 17, 64).
cost(10, 18, 30).
cost(11, 1, 58).
cost(11, 2, 52).
cost(11, 3, 26).
cost(11, 4, 17).
cost(11, 5, 21).
cost(11, 6, 10).
cost(11, 7, 37).
cost(11, 8, 27).
cost(11, 9, 60).
cost(11, 10, 34).
cost(11, 12, 44).
cost(11, 13, 35).
cost(11, 14, 60).
cost(11, 15, 18).
cost(11, 16, 39).
cost(11, 17, 30).
cost(11, 18, 56).
cost(12, 1, 23).
cost(12, 2, 43).
cost(12, 3, 70).
cost(12, 4, 61).
cost(12, 5, 25).
cost(12, 6, 40).
cost(12, 7, 71).
cost(12, 8, 55).
cost(12, 9, 58).
cost(12, 10, 59).
cost(12, 11, 44).
cost(12, 13, 49).
cost(12, 14, 17).
cost(12, 15, 61).
cost(12, 16, 53).
cost(12, 17, 48).
cost(12, 18, 58).
cost(13, 1, 48).
cost(13, 2, 25).
cost(13, 3, 45).
cost(13, 4, 38).
cost(13, 5, 41).
cost(13, 6, 43).
cost(13, 7, 71).
cost(13, 8, 14).
cost(13, 9, 27).
cost(13, 10, 12).
cost(13, 11, 35).
cost(13, 12, 49).
cost(13, 14, 61).
cost(13, 15, 48).
cost(13, 16, 72).
cost(13, 17, 63).
cost(13, 18, 22).
cost(14, 1, 19).
cost(14, 2, 48).
cost(14, 3, 86).
cost(14, 4, 77).
cost(14, 5, 41).
cost(14, 6, 57).
cost(14, 7, 87).
cost(14, 8, 69).
cost(14, 9, 63).
cost(14, 10, 72).
cost(14, 11, 60).
cost(14, 12, 17).
cost(14, 13, 61).
cost(14, 15, 78).
cost(14, 16, 67).
cost(14, 17, 63).
cost(14, 18, 64).
cost(15, 1, 77).
cost(15, 2, 68).
cost(15, 3, 15).
cost(15, 4, 12).
cost(15, 5, 37).
cost(15, 6, 22).
cost(15, 7, 24).
cost(15, 8, 36).
cost(15, 9, 75).
cost(15, 10, 43).
cost(15, 11, 18).
cost(15, 12, 61).
cost(15, 13, 48).
cost(15, 14, 78).
cost(15, 16, 40).
cost(15, 17, 32).
cost(15, 18, 70).
cost(16, 1, 75).
cost(16, 2, 83).
cost(16, 3, 55).
cost(16, 4, 50).
cost(16, 5, 35).
cost(16, 6, 29).
cost(16, 7, 28).
cost(16, 8, 66).
cost(16, 9, 95).
cost(16, 10, 73).
cost(16, 11, 39).
cost(16, 12, 53).
cost(16, 13, 72).
cost(16, 14, 67).
cost(16, 15, 40).
cost(16, 17, 9).
cost(16, 18, 91).
cost(17, 1, 70).
cost(17, 2, 75).
cost(17, 3, 47).
cost(17, 4, 41).
cost(17, 5, 28).
cost(17, 6, 20).
cost(17, 7, 25).
cost(17, 8, 57).
cost(17, 9, 87).
cost(17, 10, 64).
cost(17, 11, 30).
cost(17, 12, 48).
cost(17, 13, 63).
cost(17, 14, 63).
cost(17, 15, 32).
cost(17, 16, 9).
cost(17, 18, 83).
cost(18, 1, 47).
cost(18, 2, 17).
cost(18, 3, 66).
cost(18, 4, 59).
cost(18, 5, 58).
cost(18, 6, 63).
cost(18, 7, 92).
cost(18, 8, 35).
cost(18, 9, 6).
cost(18, 10, 30).
cost(18, 11, 56).
cost(18, 12, 58).
cost(18, 13, 22).
cost(18, 14, 64).
cost(18, 15, 70).
cost(18, 16, 91).
cost(18, 17, 83).
