dimension(18).
point(1, 69.3726304394, 39.8138458829).
point(2, 78.4479967877, 86.8768901144).
point(3, 25.7754163688, 41.8593569823).
point(4, 31.1979108399, 2.2971253937).
point(5, 97.4270450415, 70.884276224).
point(6, 57.7383662978, 6.8468283669).
point(7, 8.4891241843, 21.4485424515).
point(8, 6.6255980591, 5.8409211191).
point(9, 45.0263537413, 83.64678537).
point(10, 48.3916100553, 87.4232618475).
point(11, 42.0090163536, 5.016175121).
point(12, 81.9328935403, 78.8660553392).
point(13, 3.7553292422, 20.6180047673).
point(14, 72.0067337552, 50.0817398712).
point(15, 29.3695589676, 70.7429237185).
point(16, 39.1889071942, 24.1821947491).
point(17, 37.4995602916, 46.9708333082).
point(18, 13.8316832744, 42.5531137414).
cost(1, 2, 48).
cost(1, 3, 44).
cost(1, 4, 54).
cost(1, 5, 42).
cost(1, 6, 35).
cost(1, 7, 64).
cost(1, 8, 71).
cost(1, 9, 50).
cost(1, 10, 52).
cost(1, 11, 44).
cost(1, 12, 41).
cost(1, 13, 68).
cost(1, 14, 11).
cost(1, 15, 51).
cost(1, 16, 34).
cost(1, 17, 33).
cost(1, 18, 56).
cost(2, 1, 48).
cost(2, 3, 69).
cost(2, 4, 97).
cost(2, 5, 25).
cost(2, 6, 83).
cost(2, 7, 96).
cost(2, 8, 108).
cost(2, 9, 34).
cost(2, 10, 30).
cost(2, 11, 90).
cost(2, 12, 9).
cost(2, 13, 100).
cost(2, 14, 37).
cost(2, 15, 52).
cost(2, 16, 74).
cost(2, 17, 57).
cost(2, 18, 78).
cost(3, 1, 44).
cost(3, 2, 69).
cost(3, 4, 40).
cost(3, 5, 77).
cost(3, 6, 47).
cost(3, 7, 27).
cost(3, 8, 41).
cost(3, 9, 46).
cost(3, 10, 51).
cost(3, 11, 40).
cost(3, 12, 67).
cost(3, 13, 31).
cost(3, 14, 47).
cost(3, 15, 29).
cost(3, 16, 22).
cost(3, 17, 13).
cost(3, 18, 12).
cost(4, 1, 54).
cost(4, 2, 97).
cost(4, 3, 40).
cost(4, 5, 95).
cost(4, 6, 27).
cost(4, 7, 30).
cost(4, 8, 25).
cost(4, 9, 83).
cost(4, 10, 87).
cost(4, 11, 11).
cost(4, 12, 92).
cost(4, 13, 33).
cost(4, 14, 63).
cost(4, 15, 68).
cost(4, 16, 23).
cost(4, 17, 45).
cost(4, 18, 44).
cost(5, 1, 42).
cost(5, 2, 25).
cost(5, 3, 77).
cost(5, 4, 95).
cost(5, 6, 75).
cost(5, 7, 102).
cost(5, 8, 112).
cost(5, 9, 54).
cost(5, 10, 52).
cost(5, 11, 86).
cost(5, 12, 17).
cost(5, 13, 106).
cost(5, 14, 33).
cost(5, 15, 68).
cost(5, 16, 75).
cost(5, 17, 65).
cost(5, 18, 88).
cost(6, 1, 35).
cost(6, 2, 83).
cost(6, 3, 47).
cost(6, 4, 27).
cost(6, 5, 75).
cost(6, 7, 51).
cost(6, 8, 51).
cost(6, 9, 78).
cost(6, 10, 81).
cost(6, 11, 16).
cost(6, 12, 76).
cost(6, 13, 56).
cost(6, 14, 46).
cost(6, 15, 70).
cost(6, 16, 25).
cost(6, 17, 45).
cost(6, 18, 57).
cost(7, 1, 64).
cost(7, 2, 96).
cost(7, 3, 27).
cost(7, 4, 30).
cost(7, 5, 102).
cost(7, 6, 51).
cost(7, 8, 16).
cost(7, 9, 72).
cost(7, 10, 77).
cost(7, 11, 37).
cost(7, 12, 93).
cost(7, 13, 5).
cost(7, 14, 70).
cost(7, 15, 54).
cost(7, 16, 31).
cost(7, 17, 39).
cost(7, 18, 22).
cost(8, 1, 71).
cost(8, 2, 108).
cost(8, 3, 41).
cost(8, 4, 25).
cost(8, 5, 112).
cost(8, 6, 51).
cost(8, 7, 16).
cost(8, 9, 87).
cost(8, 10, 92).
cost(8, 11, 35).
cost(8, 12, 105).
cost(8, 13, 15).
cost(8, 14, 79).
cost(8, 15, 69).
cost(8, 16, 37).
cost(8, 17, 51).
cost(8, 18, 37).
cost(9, 1, 50).
cost(9, 2, 34).
cost(9, 3, 46).
cost(9, 4, 83).
cost(9, 5, 54).
cost(9, 6, 78).
cost(9, 7, 72).
cost(9, 8, 87).
cost(9, 10, 5).
cost(9, 11, 79).
cost(9, 12, 37).
cost(9, 13, 75).
cost(9, 14, 43).
cost(9, 15, 20).
cost(9, 16, 60).
cost(9, 17, 37).
cost(9, 18, 52).
cost(10, 1, 52).
cost(10, 2, 30).
cost(10, 3, 51).
cost(10, 4, 87).
cost(10, 5, 52).
cost(10, 6, 81).
cost(10, 7, 77).
cost(10, 8, 92).
cost(10, 9, 5).
cost(10, 11, 83).
cost(10, 12, 35).
cost(10, 13, 80).
cost(10, 14, 44).
cost(10, 15, 25).
cost(10, 16, 64).
cost(10, 17, 42).
cost(10, 18, 57).
cost(11, 1, 44).
cost(11, 2, 90).
cost(11, 3, 40).
cost(11, 4, 11).
cost(11, 5, 86).
cost(11, 6, 16).
cost(11, 7, 37).
cost(11, 8, 35).
cost(11, 9, 79).
cost(11, 10, 83).
cost(11, 12, 84).
cost(11, 13, 41).
cost(11, 14, 54).
cost(11, 15, 67).
cost(11, 16, 19).
cost(11, 17, 42).
cost(11, 18, 47).
cost(12, 1, 41).
cost(12, 2, 9).
cost(12, 3, 67).
cost(12, 4, 92).
cost(12, 5, 17).
cost(12, 6, 76).
cost(12, 7, 93).
cost(12, 8, 105).
cost(12, 9, 37).
cost(12, 10, 35).
cost(12, 11, 84).
cost(12, 13, 97).
cost(12, 14, 30).
cost(12, 15, 53).
cost(12, 16, 69).
cost(12, 17, 55).
cost(12, 18, 77).
cost(13, 1, 68).
cost(13, 2, 100).
cost(13, 3, 31).
cost(13, 4, 33).
cost(13, 5, 106).
cost(13, 6, 56).
cost(13, 7, 5).
cost(13, 8, 15).
cost(13, 9, 75).
cost(13, 10, 80).
cost(13, 11, 41).
cost(13, 12, 97).
cost(13, 14, 74).
cost(13, 15, 56).
cost(13, 16, 36).
cost(13, 17, 43).
cost(13, 18, 24).
cost(14, 1, 11).
cost(14, 2, 37).
cost(14, 3, 47).
cost(14, 4, 63).
cost(14, 5, 33).
cost(14, 6, 46).
cost(14, 7, 70).
cost(14, 8, 79).
cost(14, 9, 43).
cost(14, 10, 44).
cost(14, 11, 54).
cost(14, 12, 30).
cost(14, 13, 74).
cost(14, 15, 47).
cost(14, 16, 42).
cost(14, 17, 35).
cost(14, 18, 59).
cost(15, 1, 51).
cost(15, 2, 52).
cost(15, 3, 29).
cost(15, 4, 68).
cost(15, 5, 68).
cost(15, 6, 70).
cost(15, 7, 54).
cost(15, 8, 69).
cost(15, 9, 20).
cost(15, 10, 25).
cost(15, 11, 67).
cost(15, 12, 53).
cost(15, 13, 56).
cost(15, 14, 47).
cost(15, 16, 48).
cost(15, 17, 25).
cost(15, 18, 32).
cost(16, 1, 34).
cost(16, 2, 74).
cost(16, 3, 22).
cost(16, 4, 23).
cost(16, 5, 75).
cost(16, 6, 25).
cost(16, 7, 31).
cost(16, 8, 37).
cost(16, 9, 60).
cost(16, 10, 64).
cost(16, 11, 19).
cost(16, 12, 69).
cost(16, 13, 36).
cost(16, 14, 42).
cost(16, 15, 48).
cost(16, 17, 23).
cost(16, 18, 31).
cost(17, 1, 33).
cost(17, 2, 57).
cost(17, 3, 13).
cost(17, 4, 45).
cost(17, 5, 65).
cost(17, 6, 45).
cost(17, 7, 39).
cost(17, 8, 51).
cost(17, 9, 37).
cost(17, 10, 42).
cost(17, 11, 42).
cost(17, 12, 55).
cost(17, 13, 43).
cost(17, 14, 35).
cost(17, 15, 25).
cost(17, 16, 23).
cost(17, 18, 24).
cost(18, 1, 56).
cost(18, 2, 78).
cost(18, 3, 12).
cost(18, 4, 44).
cost(18, 5, 88).
cost(18, 6, 57).
cost(18, 7, 22).
cost(18, 8, 37).
cost(18, 9, 52).
cost(18, 10, 57).
cost(18, 11, 47).
cost(18, 12, 77).
cost(18, 13, 24).
cost(18, 14, 59).
cost(18, 15, 32).
cost(18, 16, 31).
cost(18, 17, 24).
