dimension(24).
point(1, 68.8195804587, 12.6764971298).
point(2, 26.6780457801, 62.9514727331).
point(3, 44.0832798728, 77.6412571581).
point(4, 27.6022604413, 84.414781483).
point(5, 83.3054985091, 42.625474414).
point(6, 37.5917294926, 50.3672738096).
point(7, 32.9223558284, 2.93670845).
point(8, 63.7971455056, 70.1895276522).
point(9, 86.4084110125, 44.2934804038).
point(10, 24.2404987106, 73.6077850572).
point(11, 34.7324672937, 63.1002255986).
point(12, 55.0541056794, 46.3031536561).
point(13, 40.0879143822, 17.435768169).
point(14, 57.4394705492, 75.3229900966).
point(15, 48.2547962574, 74.2889599131).
point(16, 46.2269710282, 18.4445922401).
point(17, 82.4707877348, 4.8883295892).
point(18, 70.6335721232, 28.6752542809).
point(19, 75.5510169817, 23.4323341865).
point(20, 36.1455100696, 4.8860191868).
point(21, 97.4085660039, 23.1552371932).
point(22, 63.8671748852, 66.4128490228).
point(23, 50.3990357367, 74.8978960669).
point(24, 53.4525992203, 18.6151763923).
cost(1, 2, 66).
cost(1, 3, 70).
cost(1, 4, 83).
cost(1, 5, 33).
cost(1, 6, 49).
cost(1, 7, 37).
cost(1, 8, 58).
cost(1, 9, 36).
cost(1, 10, 75).
cost(1, 11, 61).
cost(1, 12, 36).
cost(1, 13, 29).
cost(1, 14, 64).
cost(1, 15, 65).
cost(1, 16, 23).
cost(1, 17, 16).
cost(1, 18, 16).
cost(1, 19, 13).
cost(1, 20, 34).
cost(1, 21, 30).
cost(1, 22, 54).
cost(1, 23, 65).
cost(1, 24, 16).
cost(2, 1, 66).
cost(2, 3, 23).
cost(2, 4, 21).
cost(2, 5, 60).
cost(2, 6, 17).
cost(2, 7, 60).
cost(2, 8, 38).
cost(2, 9, 63).
cost(2, 10, 11).
cost(2, 11, 8).
cost(2, 12, 33).
cost(2, 13, 47).
cost(2, 14, 33).
cost(2, 15, 24).
cost(2, 16, 49).
cost(2, 17, 81).
cost(2, 18, 56).
cost(2, 19, 63).
cost(2, 20, 59).
cost(2, 21, 81).
cost(2, 22, 37).
cost(2, 23, 27).
cost(2, 24, 52).
cost(3, 1, 70).
cost(3, 2, 23).
cost(3, 4, 18).
cost(3, 5, 53).
cost(3, 6, 28).
cost(3, 7, 76).
cost(3, 8, 21).
cost(3, 9, 54).
cost(3, 10, 20).
cost(3, 11, 17).
cost(3, 12, 33).
cost(3, 13, 60).
cost(3, 14, 14).
cost(3, 15, 5).
cost(3, 16, 59).
cost(3, 17, 82).
cost(3, 18, 56).
cost(3, 19, 63).
cost(3, 20, 73).
cost(3, 21, 76).
cost(3, 22, 23).
cost(3, 23, 7).
cost(3, 24, 60).
cost(4, 1, 83).
cost(4, 2, 21).
cost(4, 3, 18).
cost(4, 5, 70).
cost(4, 6, 35).
cost(4, 7, 82).
cost(4, 8, 39).
cost(4, 9, 71).
cost(4, 10, 11).
cost(4, 11, 22).
cost(4, 12, 47).
cost(4, 13, 68).
cost(4, 14, 31).
cost(4, 15, 23).
cost(4, 16, 69).
cost(4, 17, 97).
cost(4, 18, 70).
cost(4, 19, 78).
cost(4, 20, 80).
cost(4, 21, 93).
cost(4, 22, 40).
cost(4, 23, 25).
cost(4, 24, 71).
cost(5, 1, 33).
cost(5, 2, 60).
cost(5, 3, 53).
cost(5, 4, 70).
cost(5, 6, 46).
cost(5, 7, 64).
cost(5, 8, 34).
cost(5, 9, 4).
cost(5, 10, 67).
cost(5, 11, 53).
cost(5, 12, 28).
cost(5, 13, 50).
cost(5, 14, 42).
cost(5, 15, 47).
cost(5, 16, 44).
cost(5, 17, 38).
cost(5, 18, 19).
cost(5, 19, 21).
cost(5, 20, 60).
cost(5, 21, 24).
cost(5, 22, 31).
cost(5, 23, 46).
cost(5, 24, 38).
cost(6, 1, 49).
cost(6, 2, 17).
cost(6, 3, 28).
cost(6, 4, 35).
cost(6, 5, 46).
cost(6, 7, 48).
cost(6, 8, 33).
cost(6, 9, 49).
cost(6, 10, 27).
cost(6, 11, 13).
cost(6, 12, 18).
cost(6, 13, 33).
cost(6, 14, 32).
cost(6, 15, 26).
cost(6, 16, 33).
cost(6, 17, 64).
cost(6, 18, 40).
cost(6, 19, 47).
cost(6, 20, 46).
cost(6, 21, 66).
cost(6, 22, 31).
cost(6, 23, 28).
cost(6, 24, 35).
cost(7, 1, 37).
cost(7, 2, 60).
cost(7, 3, 76).
cost(7, 4, 82).
cost(7, 5, 64).
cost(7, 6, 48).
cost(7, 8, 74).
cost(7, 9, 68).
cost(7, 10, 71).
cost(7, 11, 60).
cost(7, 12, 49).
cost(7, 13, 16).
cost(7, 14, 76).
cost(7, 15, 73).
cost(7, 16, 20).
cost(7, 17, 50).
cost(7, 18, 46).
cost(7, 19, 47).
cost(7, 20, 4).
cost(7, 21, 68).
cost(7, 22, 71).
cost(7, 23, 74).
cost(7, 24, 26).
cost(8, 1, 58).
cost(8, 2, 38).
cost(8, 3, 21).
cost(8, 4, 39).
cost(8, 5, 34).
cost(8, 6, 33).
cost(8, 7, 74).
cost(8, 9, 34).
cost(8, 10, 40).
cost(8, 11, 30).
cost(8, 12, 25).
cost(8, 13, 58).
cost(8, 14, 8).
cost(8, 15, 16).
cost(8, 16, 55).
cost(8, 17, 68).
cost(8, 18, 42).
cost(8, 19, 48).
cost(8, 20, 71).
cost(8, 21, 58).
cost(8, 22, 4).
cost(8, 23, 14).
cost(8, 24, 53).
cost(9, 1, 36).
cost(9, 2, 63).
cost(9, 3, 54).
cost(9, 4, 71).
cost(9, 5, 4).
cost(9, 6, 49).
cost(9, 7, 68).
cost(9, 8, 34).
cost(9, 10, 69).
cost(9, 11, 55).
cost(9, 12, 31).
cost(9, 13, 54).
cost(9, 14, 42).
cost(9, 15, 49).
cost(9, 16, 48).
cost(9, 17, 40).
cost(9, 18, 22).
cost(9, 19, 24).
cost(9, 20, 64).
cost(9, 21, 24).
cost(9, 22, 32).
cost(9, 23, 47).
cost(9, 24, 42).
cost(10, 1, 75).
cost(10, 2, 11).
cost(10, 3, 20).
cost(10, 4, 11).
cost(10, 5, 67).
cost(10, 6, 27).
cost(10, 7, 71).
cost(10, 8, 40).
cost(10, 9, 69).
cost(10, 11, 15).
cost(10, 12, 41).
cost(10, 13, 58).
cost(10, 14, 33).
cost(10, 15, 24).
cost(10, 16, 59).
cost(10, 17, 90).
cost(10, 18, 65).
cost(10, 19, 72).
cost(10, 20, 70).
cost(10, 21, 89).
cost(10, 22, 40).
cost(10, 23, 26).
cost(10, 24, 62).
cost(11, 1, 61).
cost(11, 2, 8).
cost(11, 3, 17).
cost(11, 4, 22).
cost(11, 5, 53).
cost(11, 6, 13).
cost(11, 7, 60).
cost(11, 8, 30).
cost(11, 9, 55).
cost(11, 10, 15).
cost(11, 12, 26).
cost(11, 13, 46).
cost(11, 14, 26).
cost(11, 15, 18).
cost(11, 16, 46).
cost(11, 17, 75).
cost(11, 18, 50).
cost(11, 19, 57).
cost(11, 20, 58).
cost(11, 21, 74).
cost(11, 22, 29).
cost(11, 23, 20).
cost(11, 24, 48).
cost(12, 1, 36).
cost(12, 2, 33).
cost(12, 3, 33).
cost(12, 4, 47).
cost(12, 5, 28).
cost(12, 6, 18).
cost(12, 7, 49).
cost(12, 8, 25).
cost(12, 9, 31).
cost(12, 10, 41).
cost(12, 11, 26).
cost(12, 13, 33).
cost(12, 14, 29).
cost(12, 15, 29).
cost(12, 16, 29).
cost(12, 17, 50).
cost(12, 18, 24).
cost(12, 19, 31).
cost(12, 20, 46).
cost(12, 21, 48).
cost(12, 22, 22).
cost(12, 23, 29).
cost(12, 24, 28).
cost(13, 1, 29).
cost(13, 2, 47).
cost(13, 3, 60).
cost(13, 4, 68).
cost(13, 5, 50).
cost(13, 6, 33).
cost(13, 7, 16).
cost(13, 8, 58).
cost(13, 9, 54).
cost(13, 10, 58).
cost(13, 11, 46).
cost(13, 12, 33).
cost(13, 14, 60).
cost(13, 15, 57).
cost(13, 16, 6).
cost(13, 17, 44).
cost(13, 18, 33).
cost(13, 19, 36).
cost(13, 20, 13).
cost(13, 21, 58).
cost(13, 22, 54).
cost(13, 23, 58).
cost(13, 24, 13).
cost(14, 1, 64).
cost(14, 2, 33).
cost(14, 3, 14).
cost(14, 4, 31).
cost(14, 5, 42).
cost(14, 6, 32).
cost(14, 7, 76).
cost(14, 8, 8).
cost(14, 9, 42).
cost(14, 10, 33).
cost(14, 11, 26).
cost(14, 12, 29).
cost(14, 13, 60).
cost(14, 15, 9).
cost(14, 16, 58).
cost(14, 17, 75).
cost(14, 18, 48).
cost(14, 19, 55).
cost(14, 20, 74).
cost(14, 21, 66).
cost(14, 22, 11).
cost(14, 23, 7).
cost(14, 24, 57).
cost(15, 1, 65).
cost(15, 2, 24).
cost(15, 3, 5).
cost(15, 4, 23).
cost(15, 5, 47).
cost(15, 6, 26).
cost(15, 7, 73).
cost(15, 8, 16).
cost(15, 9, 49).
cost(15, 10, 24).
cost(15, 11, 18).
cost(15, 12, 29).
cost(15, 13, 57).
cost(15, 14, 9).
cost(15, 16, 56).
cost(15, 17, 77).
cost(15, 18, 51).
cost(15, 19, 58).
cost(15, 20, 70).
cost(15, 21, 71).
cost(15, 22, 17).
cost(15, 23, 2).
cost(15, 24, 56).
cost(16, 1, 23).
cost(16, 2, 49).
cost(16, 3, 59).
cost(16, 4, 69).
cost(16, 5, 44).
cost(16, 6, 33).
cost(16, 7, 20).
cost(16, 8, 55).
cost(16, 9, 48).
cost(16, 10, 59).
cost(16, 11, 46).
cost(16, 12, 29).
cost(16, 13, 6).
cost(16, 14, 58).
cost(16, 15, 56).
cost(16, 17, 39).
cost(16, 18, 26).
cost(16, 19, 30).
cost(16, 20, 17).
cost(16, 21, 51).
cost(16, 22, 51).
cost(16, 23, 57).
cost(16, 24, 7).
cost(17, 1, 16).
cost(17, 2, 81).
cost(17, 3, 82).
cost(17, 4, 97).
cost(17, 5, 38).
cost(17, 6, 64).
cost(17, 7, 50).
cost(17, 8, 68).
cost(17, 9, 40).
cost(17, 10, 90).
cost(17, 11, 75).
cost(17, 12, 50).
cost(17, 13, 44).
cost(17, 14, 75).
cost(17, 15, 77).
cost(17, 16, 39).
cost(17, 18, 27).
cost(17, 19, 20).
cost(17, 20, 46).
cost(17, 21, 24).
cost(17, 22, 64).
cost(17, 23, 77).
cost(17, 24, 32).
cost(18, 1, 16).
cost(18, 2, 56).
cost(18, 3, 56).
cost(18, 4, 70).
cost(18, 5, 19).
cost(18, 6, 40).
cost(18, 7, 46).
cost(18, 8, 42).
cost(18, 9, 22).
cost(18, 10, 65).
cost(18, 11, 50).
cost(18, 12, 24).
cost(18, 13, 33).
cost(18, 14, 48).
cost(18, 15, 51).
cost(18, 16, 26).
cost(18, 17, 27).
cost(18, 19, 7).
cost(18, 20, 42).
cost(18, 21, 27).
cost(18, 22, 38).
cost(18, 23, 50).
cost(18, 24, 20).
cost(19, 1, 13).
cost(19, 2, 63).
cost(19, 3, 63).
cost(19, 4, 78).
cost(19, 5, 21).
cost(19, 6, 47).
cost(19, 7, 47).
cost(19, 8, 48).
cost(19, 9, 24).
cost(19, 10, 72).
cost(19, 11, 57).
cost(19, 12, 31).
cost(19, 13, 36).
cost(19, 14, 55).
cost(19, 15, 58).
cost(19, 16, 30).
cost(19, 17, 20).
cost(19, 18, 7).
cost(19, 20, 44).
cost(19, 21, 22).
cost(19, 22, 45).
cost(19, 23, 57).
cost(19, 24, 23).
cost(20, 1, 34).
cost(20, 2, 59).
cost(20, 3, 73).
cost(20, 4, 80).
cost(20, 5, 60).
cost(20, 6, 46).
cost(20, 7, 4).
cost(20, 8, 71).
cost(20, 9, 64).
cost(20, 10, 70).
cost(20, 11, 58).
cost(20, 12, 46).
cost(20, 13, 13).
cost(20, 14, 74).
cost(20, 15, 70).
cost(20, 16, 17).
cost(20, 17, 46).
cost(20, 18, 42).
cost(20, 19, 44).
cost(20, 21, 64).
cost(20, 22, 67).
cost(20, 23, 71).
cost(20, 24, 22).
cost(21, 1, 30).
cost(21, 2, 81).
cost(21, 3, 76).
cost(21, 4, 93).
cost(21, 5, 24).
cost(21, 6, 66).
cost(21, 7, 68).
cost(21, 8, 58).
cost(21, 9, 24).
cost(21, 10, 89).
cost(21, 11, 74).
cost(21, 12, 48).
cost(21, 13, 58).
cost(21, 14, 66).
cost(21, 15, 71).
cost(21, 16, 51).
cost(21, 17, 24).
cost(21, 18, 27).
cost(21, 19, 22).
cost(21, 20, 64).
cost(21, 22, 55).
cost(21, 23, 70).
cost(21, 24, 44).
cost(22, 1, 54).
cost(22, 2, 37).
cost(22, 3, 23).
cost(22, 4, 40).
cost(22, 5, 31).
cost(22, 6, 31).
cost(22, 7, 71).
cost(22, 8, 4).
cost(22, 9, 32).
cost(22, 10, 40).
cost(22, 11, 29).
cost(22, 12, 22).
cost(22, 13, 54).
cost(22, 14, 11).
cost(22, 15, 17).
cost(22, 16, 51).
cost(22, 17, 64).
cost(22, 18, 38).
cost(22, 19, 45).
cost(22, 20, 67).
cost(22, 21, 55).
cost(22, 23, 16).
cost(22, 24, 49).
cost(23, 1, 65).
cost(23, 2, 27).
cost(23, 3, 7).
cost(23, 4, 25).
cost(23, 5, 46).
cost(23, 6, 28).
cost(23, 7, 74).
cost(23, 8, 14).
cost(23, 9, 47).
cost(23, 10, 26).
cost(23, 11, 20).
cost(23, 12, 29).
cost(23, 13, 58).
cost(23, 14, 7).
cost(23, 15, 2).
cost(23, 16, 57).
cost(23, 17, 77).
cost(23, 18, 50).
cost(23, 19, 57).
cost(23, 20, 71).
cost(23, 21, 70).
cost(23, 22, 16).
cost(23, 24, 56).
cost(24, 1, 16).
cost(24, 2, 52).
cost(24, 3, 60).
cost(24, 4, 71).
cost(24, 5, 38).
cost(24, 6, 35).
cost(24, 7, 26).
cost(24, 8, 53).
cost(24, 9, 42).
cost(24, 10, 62).
cost(24, 11, 48).
cost(24, 12, 28).
cost(24, 13, 13).
cost(24, 14, 57).
cost(24, 15, 56).
cost(24, 16, 7).
cost(24, 17, 32).
cost(24, 18, 20).
cost(24, 19, 23).
cost(24, 20, 22).
cost(24, 21, 44).
cost(24, 22, 49).
cost(24, 23, 56).
nocross(1,5).
nocross(1,7).
nocross(1,9).
nocross(1,13).
nocross(1,16).
nocross(1,17).
nocross(1,18).
nocross(1,19).
nocross(1,20).
nocross(1,21).
nocross(1,24).
nocross(2,3).
nocross(2,4).
nocross(2,6).
nocross(2,10).
nocross(2,11).
nocross(2,13).
nocross(2,15).
nocross(2,23).
nocross(3,2).
nocross(3,4).
nocross(3,6).
nocross(3,8).
nocross(3,10).
nocross(3,11).
nocross(3,14).
nocross(3,15).
nocross(3,22).
nocross(3,23).
nocross(4,2).
nocross(4,3).
nocross(4,10).
nocross(4,11).
nocross(4,14).
nocross(4,15).
nocross(4,23).
nocross(5,1).
nocross(5,8).
nocross(5,9).
nocross(5,12).
nocross(5,18).
nocross(5,19).
nocross(5,21).
nocross(5,22).
nocross(6,2).
nocross(6,3).
nocross(6,4).
nocross(6,10).
nocross(6,11).
nocross(6,12).
nocross(6,13).
nocross(6,15).
nocross(6,16).
nocross(6,22).
nocross(6,23).
nocross(6,24).
nocross(7,13).
nocross(7,16).
nocross(7,20).
nocross(7,24).
nocross(8,3).
nocross(8,5).
nocross(8,9).
nocross(8,12).
nocross(8,14).
nocross(8,15).
nocross(8,22).
nocross(8,23).
nocross(9,5).
nocross(9,8).
nocross(9,18).
nocross(9,19).
nocross(9,21).
nocross(9,22).
nocross(10,2).
nocross(10,3).
nocross(10,4).
nocross(10,6).
nocross(10,11).
nocross(10,15).
nocross(10,23).
nocross(11,2).
nocross(11,3).
nocross(11,4).
nocross(11,6).
nocross(11,10).
nocross(11,12).
nocross(11,14).
nocross(11,15).
nocross(11,22).
nocross(11,23).
nocross(12,1).
nocross(12,2).
nocross(12,3).
nocross(12,5).
nocross(12,6).
nocross(12,8).
nocross(12,9).
nocross(12,11).
nocross(12,13).
nocross(12,14).
nocross(12,15).
nocross(12,16).
nocross(12,18).
nocross(12,19).
nocross(12,20).
nocross(12,22).
nocross(12,23).
nocross(12,24).
nocross(13,1).
nocross(13,6).
nocross(13,7).
nocross(13,16).
nocross(13,19).
nocross(13,20).
nocross(13,24).
nocross(14,3).
nocross(14,4).
nocross(14,5).
nocross(14,8).
nocross(14,9).
nocross(14,11).
nocross(14,12).
nocross(14,15).
nocross(14,22).
nocross(14,23).
nocross(15,2).
nocross(15,3).
nocross(15,4).
nocross(15,6).
nocross(15,8).
nocross(15,10).
nocross(15,11).
nocross(15,12).
nocross(15,14).
nocross(15,22).
nocross(15,23).
nocross(16,1).
nocross(16,6).
nocross(16,7).
nocross(16,12).
nocross(16,13).
nocross(16,18).
nocross(16,19).
nocross(16,20).
nocross(16,24).
nocross(17,1).
nocross(17,5).
nocross(17,7).
nocross(17,9).
nocross(17,18).
nocross(17,19).
nocross(17,21).
nocross(17,24).
nocross(18,1).
nocross(18,5).
nocross(18,9).
nocross(18,12).
nocross(18,13).
nocross(18,16).
nocross(18,17).
nocross(18,19).
nocross(18,20).
nocross(18,21).
nocross(18,22).
nocross(18,24).
nocross(19,1).
nocross(19,5).
nocross(19,9).
nocross(19,12).
nocross(19,13).
nocross(19,16).
nocross(19,17).
nocross(19,18).
nocross(19,21).
nocross(19,24).
nocross(20,1).
nocross(20,7).
nocross(20,13).
nocross(20,16).
nocross(20,24).
nocross(21,1).
nocross(21,5).
nocross(21,9).
nocross(21,17).
nocross(21,18).
nocross(21,19).
nocross(22,3).
nocross(22,5).
nocross(22,8).
nocross(22,9).
nocross(22,12).
nocross(22,14).
nocross(22,15).
nocross(22,18).
nocross(22,23).
nocross(23,2).
nocross(23,3).
nocross(23,4).
nocross(23,6).
nocross(23,8).
nocross(23,10).
nocross(23,11).
nocross(23,12).
nocross(23,14).
nocross(23,15).
nocross(23,22).
nocross(24,1).
nocross(24,7).
nocross(24,12).
nocross(24,13).
nocross(24,16).
nocross(24,17).
nocross(24,18).
nocross(24,19).
nocross(24,20).
