dimension(24).
point(1, 20.4977398123, 68.0920099408).
point(2, 45.445587534, 59.131327311).
point(3, 94.9766689872, 39.0071261895).
point(4, 40.0691849539, 53.3537889224).
point(5, 93.7880562009, 52.9102692314).
point(6, 62.8607946448, 19.4429622606).
point(7, 90.1607819928, 59.6003392766).
point(8, 29.5392029696, 33.8315894677).
point(9, 28.2854967059, 83.7803983503).
point(10, 30.3056383424, 63.0104519121).
point(11, 85.290101556, 70.8592989904).
point(12, 14.4147360253, 26.1270106239).
point(13, 40.0909944486, 55.962608448).
point(14, 83.208558231, 39.6207935389).
point(15, 80.9626315213, 64.3419070703).
point(16, 74.6161250036, 54.470347443).
point(17, 25.0708173726, 27.6808881226).
point(18, 43.26806314, 77.8463798331).
point(19, 84.7982357097, 41.551826089).
point(20, 70.0194801611, 39.5349827645).
point(21, 28.9875077258, 55.7366803196).
point(22, 33.9480508034, 37.4540429403).
point(23, 70.3839650092, 35.9456338001).
point(24, 74.6461522763, 25.3834906457).
cost(1, 2, 27).
cost(1, 3, 80).
cost(1, 4, 25).
cost(1, 5, 75).
cost(1, 6, 65).
cost(1, 7, 70).
cost(1, 8, 35).
cost(1, 9, 18).
cost(1, 10, 11).
cost(1, 11, 65).
cost(1, 12, 42).
cost(1, 13, 23).
cost(1, 14, 69).
cost(1, 15, 61).
cost(1, 16, 56).
cost(1, 17, 41).
cost(1, 18, 25).
cost(1, 19, 70).
cost(1, 20, 57).
cost(1, 21, 15).
cost(1, 22, 33).
cost(1, 23, 59).
cost(1, 24, 69).
cost(2, 1, 27).
cost(2, 3, 53).
cost(2, 4, 8).
cost(2, 5, 49).
cost(2, 6, 43).
cost(2, 7, 45).
cost(2, 8, 30).
cost(2, 9, 30).
cost(2, 10, 16).
cost(2, 11, 42).
cost(2, 12, 45).
cost(2, 13, 6).
cost(2, 14, 43).
cost(2, 15, 36).
cost(2, 16, 30).
cost(2, 17, 37).
cost(2, 18, 19).
cost(2, 19, 43).
cost(2, 20, 31).
cost(2, 21, 17).
cost(2, 22, 25).
cost(2, 23, 34).
cost(2, 24, 45).
cost(3, 1, 80).
cost(3, 2, 53).
cost(3, 4, 57).
cost(3, 5, 14).
cost(3, 6, 38).
cost(3, 7, 21).
cost(3, 8, 66).
cost(3, 9, 80).
cost(3, 10, 69).
cost(3, 11, 33).
cost(3, 12, 82).
cost(3, 13, 57).
cost(3, 14, 12).
cost(3, 15, 29).
cost(3, 16, 26).
cost(3, 17, 71).
cost(3, 18, 65).
cost(3, 19, 10).
cost(3, 20, 25).
cost(3, 21, 68).
cost(3, 22, 61).
cost(3, 23, 25).
cost(3, 24, 24).
cost(4, 1, 25).
cost(4, 2, 8).
cost(4, 3, 57).
cost(4, 5, 54).
cost(4, 6, 41).
cost(4, 7, 50).
cost(4, 8, 22).
cost(4, 9, 33).
cost(4, 10, 14).
cost(4, 11, 48).
cost(4, 12, 37).
cost(4, 13, 3).
cost(4, 14, 45).
cost(4, 15, 42).
cost(4, 16, 35).
cost(4, 17, 30).
cost(4, 18, 25).
cost(4, 19, 46).
cost(4, 20, 33).
cost(4, 21, 11).
cost(4, 22, 17).
cost(4, 23, 35).
cost(4, 24, 44).
cost(5, 1, 75).
cost(5, 2, 49).
cost(5, 3, 14).
cost(5, 4, 54).
cost(5, 6, 46).
cost(5, 7, 8).
cost(5, 8, 67).
cost(5, 9, 72).
cost(5, 10, 64).
cost(5, 11, 20).
cost(5, 12, 84).
cost(5, 13, 54).
cost(5, 14, 17).
cost(5, 15, 17).
cost(5, 16, 19).
cost(5, 17, 73).
cost(5, 18, 56).
cost(5, 19, 14).
cost(5, 20, 27).
cost(5, 21, 65).
cost(5, 22, 62).
cost(5, 23, 29).
cost(5, 24, 34).
cost(6, 1, 65).
cost(6, 2, 43).
cost(6, 3, 38).
cost(6, 4, 41).
cost(6, 5, 46).
cost(6, 7, 49).
cost(6, 8, 36).
cost(6, 9, 73).
cost(6, 10, 54).
cost(6, 11, 56).
cost(6, 12, 49).
cost(6, 13, 43).
cost(6, 14, 29).
cost(6, 15, 48).
cost(6, 16, 37).
cost(6, 17, 39).
cost(6, 18, 62).
cost(6, 19, 31).
cost(6, 20, 21).
cost(6, 21, 50).
cost(6, 22, 34).
cost(6, 23, 18).
cost(6, 24, 13).
cost(7, 1, 70).
cost(7, 2, 45).
cost(7, 3, 21).
cost(7, 4, 50).
cost(7, 5, 8).
cost(7, 6, 49).
cost(7, 8, 66).
cost(7, 9, 66).
cost(7, 10, 60).
cost(7, 11, 12).
cost(7, 12, 83).
cost(7, 13, 50).
cost(7, 14, 21).
cost(7, 15, 10).
cost(7, 16, 16).
cost(7, 17, 72).
cost(7, 18, 50).
cost(7, 19, 19).
cost(7, 20, 28).
cost(7, 21, 61).
cost(7, 22, 60).
cost(7, 23, 31).
cost(7, 24, 38).
cost(8, 1, 35).
cost(8, 2, 30).
cost(8, 3, 66).
cost(8, 4, 22).
cost(8, 5, 67).
cost(8, 6, 36).
cost(8, 7, 66).
cost(8, 9, 50).
cost(8, 10, 29).
cost(8, 11, 67).
cost(8, 12, 17).
cost(8, 13, 25).
cost(8, 14, 54).
cost(8, 15, 60).
cost(8, 16, 50).
cost(8, 17, 8).
cost(8, 18, 46).
cost(8, 19, 56).
cost(8, 20, 41).
cost(8, 21, 22).
cost(8, 22, 6).
cost(8, 23, 41).
cost(8, 24, 46).
cost(9, 1, 18).
cost(9, 2, 30).
cost(9, 3, 80).
cost(9, 4, 33).
cost(9, 5, 72).
cost(9, 6, 73).
cost(9, 7, 66).
cost(9, 8, 50).
cost(9, 10, 21).
cost(9, 11, 58).
cost(9, 12, 59).
cost(9, 13, 30).
cost(9, 14, 70).
cost(9, 15, 56).
cost(9, 16, 55).
cost(9, 17, 56).
cost(9, 18, 16).
cost(9, 19, 71).
cost(9, 20, 61).
cost(9, 21, 28).
cost(9, 22, 47).
cost(9, 23, 64).
cost(9, 24, 75).
cost(10, 1, 11).
cost(10, 2, 16).
cost(10, 3, 69).
cost(10, 4, 14).
cost(10, 5, 64).
cost(10, 6, 54).
cost(10, 7, 60).
cost(10, 8, 29).
cost(10, 9, 21).
cost(10, 11, 56).
cost(10, 12, 40).
cost(10, 13, 12).
cost(10, 14, 58).
cost(10, 15, 51).
cost(10, 16, 45).
cost(10, 17, 36).
cost(10, 18, 20).
cost(10, 19, 59).
cost(10, 20, 46).
cost(10, 21, 7).
cost(10, 22, 26).
cost(10, 23, 48).
cost(10, 24, 58).
cost(11, 1, 65).
cost(11, 2, 42).
cost(11, 3, 33).
cost(11, 4, 48).
cost(11, 5, 20).
cost(11, 6, 56).
cost(11, 7, 12).
cost(11, 8, 67).
cost(11, 9, 58).
cost(11, 10, 56).
cost(11, 12, 84).
cost(11, 13, 48).
cost(11, 14, 31).
cost(11, 15, 8).
cost(11, 16, 20).
cost(11, 17, 74).
cost(11, 18, 43).
cost(11, 19, 29).
cost(11, 20, 35).
cost(11, 21, 58).
cost(11, 22, 61).
cost(11, 23, 38).
cost(11, 24, 47).
cost(12, 1, 42).
cost(12, 2, 45).
cost(12, 3, 82).
cost(12, 4, 37).
cost(12, 5, 84).
cost(12, 6, 49).
cost(12, 7, 83).
cost(12, 8, 17).
cost(12, 9, 59).
cost(12, 10, 40).
cost(12, 11, 84).
cost(12, 13, 39).
cost(12, 14, 70).
cost(12, 15, 77).
cost(12, 16, 67).
cost(12, 17, 11).
cost(12, 18, 59).
cost(12, 19, 72).
cost(12, 20, 57).
cost(12, 21, 33).
cost(12, 22, 23).
cost(12, 23, 57).
cost(12, 24, 60).
cost(13, 1, 23).
cost(13, 2, 6).
cost(13, 3, 57).
cost(13, 4, 3).
cost(13, 5, 54).
cost(13, 6, 43).
cost(13, 7, 50).
cost(13, 8, 25).
cost(13, 9, 30).
cost(13, 10, 12).
cost(13, 11, 48).
cost(13, 12, 39).
cost(13, 14, 46).
cost(13, 15, 42).
cost(13, 16, 35).
cost(13, 17, 32).
cost(13, 18, 22).
cost(13, 19, 47).
cost(13, 20, 34).
cost(13, 21, 11).
cost(13, 22, 20).
cost(13, 23, 36).
cost(13, 24, 46).
cost(14, 1, 69).
cost(14, 2, 43).
cost(14, 3, 12).
cost(14, 4, 45).
cost(14, 5, 17).
cost(14, 6, 29).
cost(14, 7, 21).
cost(14, 8, 54).
cost(14, 9, 70).
cost(14, 10, 58).
cost(14, 11, 31).
cost(14, 12, 70).
cost(14, 13, 46).
cost(14, 15, 25).
cost(14, 16, 17).
cost(14, 17, 59).
cost(14, 18, 55).
cost(14, 19, 3).
cost(14, 20, 13).
cost(14, 21, 57).
cost(14, 22, 49).
cost(14, 23, 13).
cost(14, 24, 17).
cost(15, 1, 61).
cost(15, 2, 36).
cost(15, 3, 29).
cost(15, 4, 42).
cost(15, 5, 17).
cost(15, 6, 48).
cost(15, 7, 10).
cost(15, 8, 60).
cost(15, 9, 56).
cost(15, 10, 51).
cost(15, 11, 8).
cost(15, 12, 77).
cost(15, 13, 42).
cost(15, 14, 25).
cost(15, 16, 12).
cost(15, 17, 67).
cost(15, 18, 40).
cost(15, 19, 23).
cost(15, 20, 27).
cost(15, 21, 53).
cost(15, 22, 54).
cost(15, 23, 30).
cost(15, 24, 39).
cost(16, 1, 56).
cost(16, 2, 30).
cost(16, 3, 26).
cost(16, 4, 35).
cost(16, 5, 19).
cost(16, 6, 37).
cost(16, 7, 16).
cost(16, 8, 50).
cost(16, 9, 55).
cost(16, 10, 45).
cost(16, 11, 20).
cost(16, 12, 67).
cost(16, 13, 35).
cost(16, 14, 17).
cost(16, 15, 12).
cost(16, 17, 56).
cost(16, 18, 39).
cost(16, 19, 16).
cost(16, 20, 16).
cost(16, 21, 46).
cost(16, 22, 44).
cost(16, 23, 19).
cost(16, 24, 29).
cost(17, 1, 41).
cost(17, 2, 37).
cost(17, 3, 71).
cost(17, 4, 30).
cost(17, 5, 73).
cost(17, 6, 39).
cost(17, 7, 72).
cost(17, 8, 8).
cost(17, 9, 56).
cost(17, 10, 36).
cost(17, 11, 74).
cost(17, 12, 11).
cost(17, 13, 32).
cost(17, 14, 59).
cost(17, 15, 67).
cost(17, 16, 56).
cost(17, 18, 53).
cost(17, 19, 61).
cost(17, 20, 46).
cost(17, 21, 28).
cost(17, 22, 13).
cost(17, 23, 46).
cost(17, 24, 50).
cost(18, 1, 25).
cost(18, 2, 19).
cost(18, 3, 65).
cost(18, 4, 25).
cost(18, 5, 56).
cost(18, 6, 62).
cost(18, 7, 50).
cost(18, 8, 46).
cost(18, 9, 16).
cost(18, 10, 20).
cost(18, 11, 43).
cost(18, 12, 59).
cost(18, 13, 22).
cost(18, 14, 55).
cost(18, 15, 40).
cost(18, 16, 39).
cost(18, 17, 53).
cost(18, 19, 55).
cost(18, 20, 47).
cost(18, 21, 26).
cost(18, 22, 41).
cost(18, 23, 50).
cost(18, 24, 61).
cost(19, 1, 70).
cost(19, 2, 43).
cost(19, 3, 10).
cost(19, 4, 46).
cost(19, 5, 14).
cost(19, 6, 31).
cost(19, 7, 19).
cost(19, 8, 56).
cost(19, 9, 71).
cost(19, 10, 59).
cost(19, 11, 29).
cost(19, 12, 72).
cost(19, 13, 47).
cost(19, 14, 3).
cost(19, 15, 23).
cost(19, 16, 16).
cost(19, 17, 61).
cost(19, 18, 55).
cost(19, 20, 15).
cost(19, 21, 58).
cost(19, 22, 51).
cost(19, 23, 15).
cost(19, 24, 19).
cost(20, 1, 57).
cost(20, 2, 31).
cost(20, 3, 25).
cost(20, 4, 33).
cost(20, 5, 27).
cost(20, 6, 21).
cost(20, 7, 28).
cost(20, 8, 41).
cost(20, 9, 61).
cost(20, 10, 46).
cost(20, 11, 35).
cost(20, 12, 57).
cost(20, 13, 34).
cost(20, 14, 13).
cost(20, 15, 27).
cost(20, 16, 16).
cost(20, 17, 46).
cost(20, 18, 47).
cost(20, 19, 15).
cost(20, 21, 44).
cost(20, 22, 36).
cost(20, 23, 4).
cost(20, 24, 15).
cost(21, 1, 15).
cost(21, 2, 17).
cost(21, 3, 68).
cost(21, 4, 11).
cost(21, 5, 65).
cost(21, 6, 50).
cost(21, 7, 61).
cost(21, 8, 22).
cost(21, 9, 28).
cost(21, 10, 7).
cost(21, 11, 58).
cost(21, 12, 33).
cost(21, 13, 11).
cost(21, 14, 57).
cost(21, 15, 53).
cost(21, 16, 46).
cost(21, 17, 28).
cost(21, 18, 26).
cost(21, 19, 58).
cost(21, 20, 44).
cost(21, 22, 19).
cost(21, 23, 46).
cost(21, 24, 55).
cost(22, 1, 33).
cost(22, 2, 25).
cost(22, 3, 61).
cost(22, 4, 17).
cost(22, 5, 62).
cost(22, 6, 34).
cost(22, 7, 60).
cost(22, 8, 6).
cost(22, 9, 47).
cost(22, 10, 26).
cost(22, 11, 61).
cost(22, 12, 23).
cost(22, 13, 20).
cost(22, 14, 49).
cost(22, 15, 54).
cost(22, 16, 44).
cost(22, 17, 13).
cost(22, 18, 41).
cost(22, 19, 51).
cost(22, 20, 36).
cost(22, 21, 19).
cost(22, 23, 36).
cost(22, 24, 42).
cost(23, 1, 59).
cost(23, 2, 34).
cost(23, 3, 25).
cost(23, 4, 35).
cost(23, 5, 29).
cost(23, 6, 18).
cost(23, 7, 31).
cost(23, 8, 41).
cost(23, 9, 64).
cost(23, 10, 48).
cost(23, 11, 38).
cost(23, 12, 57).
cost(23, 13, 36).
cost(23, 14, 13).
cost(23, 15, 30).
cost(23, 16, 19).
cost(23, 17, 46).
cost(23, 18, 50).
cost(23, 19, 15).
cost(23, 20, 4).
cost(23, 21, 46).
cost(23, 22, 36).
cost(23, 24, 11).
cost(24, 1, 69).
cost(24, 2, 45).
cost(24, 3, 24).
cost(24, 4, 44).
cost(24, 5, 34).
cost(24, 6, 13).
cost(24, 7, 38).
cost(24, 8, 46).
cost(24, 9, 75).
cost(24, 10, 58).
cost(24, 11, 47).
cost(24, 12, 60).
cost(24, 13, 46).
cost(24, 14, 17).
cost(24, 15, 39).
cost(24, 16, 29).
cost(24, 17, 50).
cost(24, 18, 61).
cost(24, 19, 19).
cost(24, 20, 15).
cost(24, 21, 55).
cost(24, 22, 42).
cost(24, 23, 11).
nocross(1,2).
nocross(1,4).
nocross(1,9).
nocross(1,10).
nocross(1,13).
nocross(1,18).
nocross(1,21).
nocross(2,1).
nocross(2,4).
nocross(2,9).
nocross(2,10).
nocross(2,13).
nocross(2,15).
nocross(2,16).
nocross(2,18).
nocross(2,20).
nocross(2,21).
nocross(2,22).
nocross(3,5).
nocross(3,7).
nocross(3,14).
nocross(3,16).
nocross(3,19).
nocross(3,20).
nocross(3,23).
nocross(3,24).
nocross(4,1).
nocross(4,2).
nocross(4,8).
nocross(4,10).
nocross(4,13).
nocross(4,20).
nocross(4,21).
nocross(4,22).
nocross(4,23).
nocross(5,3).
nocross(5,7).
nocross(5,11).
nocross(5,14).
nocross(5,15).
nocross(5,16).
nocross(5,19).
nocross(5,20).
nocross(6,8).
nocross(6,12).
nocross(6,14).
nocross(6,17).
nocross(6,19).
nocross(6,20).
nocross(6,22).
nocross(6,23).
nocross(6,24).
nocross(7,3).
nocross(7,5).
nocross(7,11).
nocross(7,14).
nocross(7,15).
nocross(7,16).
nocross(7,19).
nocross(8,4).
nocross(8,6).
nocross(8,12).
nocross(8,13).
nocross(8,17).
nocross(8,20).
nocross(8,21).
nocross(8,22).
nocross(8,23).
nocross(9,1).
nocross(9,2).
nocross(9,4).
nocross(9,10).
nocross(9,13).
nocross(9,18).
nocross(9,21).
nocross(10,1).
nocross(10,2).
nocross(10,4).
nocross(10,9).
nocross(10,13).
nocross(10,18).
nocross(10,21).
nocross(10,22).
nocross(11,5).
nocross(11,7).
nocross(11,15).
nocross(11,16).
nocross(12,8).
nocross(12,17).
nocross(12,21).
nocross(12,22).
nocross(13,1).
nocross(13,2).
nocross(13,4).
nocross(13,8).
nocross(13,10).
nocross(13,18).
nocross(13,20).
nocross(13,21).
nocross(13,22).
nocross(14,3).
nocross(14,5).
nocross(14,16).
nocross(14,19).
nocross(14,20).
nocross(14,23).
nocross(14,24).
nocross(15,2).
nocross(15,5).
nocross(15,7).
nocross(15,11).
nocross(15,13).
nocross(15,16).
nocross(15,19).
nocross(15,20).
nocross(16,2).
nocross(16,3).
nocross(16,4).
nocross(16,5).
nocross(16,7).
nocross(16,11).
nocross(16,13).
nocross(16,14).
nocross(16,15).
nocross(16,19).
nocross(16,20).
nocross(16,23).
nocross(17,4).
nocross(17,6).
nocross(17,8).
nocross(17,12).
nocross(17,13).
nocross(17,21).
nocross(17,22).
nocross(17,23).
nocross(18,1).
nocross(18,2).
nocross(18,4).
nocross(18,9).
nocross(18,10).
nocross(18,11).
nocross(18,13).
nocross(18,15).
nocross(18,21).
nocross(19,3).
nocross(19,5).
nocross(19,7).
nocross(19,14).
nocross(19,16).
nocross(19,20).
nocross(19,23).
nocross(19,24).
nocross(20,2).
nocross(20,3).
nocross(20,4).
nocross(20,5).
nocross(20,6).
nocross(20,8).
nocross(20,13).
nocross(20,14).
nocross(20,16).
nocross(20,19).
nocross(20,23).
nocross(20,24).
nocross(21,1).
nocross(21,2).
nocross(21,4).
nocross(21,8).
nocross(21,10).
nocross(21,12).
nocross(21,13).
nocross(21,17).
nocross(21,18).
nocross(21,22).
nocross(22,2).
nocross(22,4).
nocross(22,6).
nocross(22,8).
nocross(22,10).
nocross(22,12).
nocross(22,13).
nocross(22,17).
nocross(22,20).
nocross(22,21).
nocross(22,23).
nocross(23,2).
nocross(23,3).
nocross(23,4).
nocross(23,6).
nocross(23,8).
nocross(23,13).
nocross(23,14).
nocross(23,16).
nocross(23,17).
nocross(23,19).
nocross(23,20).
nocross(23,22).
nocross(23,24).
nocross(24,3).
nocross(24,6).
nocross(24,14).
nocross(24,19).
nocross(24,20).
nocross(24,23).
