dimension(24).
point(1, 70.2506691591, 71.899961765).
point(2, 16.5761251523, 49.7575668157).
point(3, 34.8281156267, 29.6516282044).
point(4, 35.5901119598, 48.6008290951).
point(5, 84.3712452766, 62.1722149605).
point(6, 30.6142974487, 36.2283671238).
point(7, 80.774986505, 68.3667003434).
point(8, 77.3520998753, 24.4680879745).
point(9, 95.4205233184, 88.4096853782).
point(10, 19.6441161149, 35.5199579038).
point(11, 81.640535267, 62.9683810698).
point(12, 53.7343970548, 97.5596574216).
point(13, 19.8814867317, 27.9807714568).
point(14, 94.3130918304, 69.0341941846).
point(15, 42.2945880987, 33.9997187026).
point(16, 45.6676121484, 4.1024193065).
point(17, 97.0894983745, 95.0590881644).
point(18, 53.0151286978, 19.29393739).
point(19, 95.4638593457, 66.2315817503).
point(20, 61.7482664158, 13.9869514063).
point(21, 80.6130419919, 88.7322749871).
point(22, 77.6638182494, 5.9249965062).
point(23, 62.6925362396, 87.8442406456).
point(24, 67.4924789271, 84.623036702).
cost(1, 2, 58).
cost(1, 3, 55).
cost(1, 4, 42).
cost(1, 5, 17).
cost(1, 6, 53).
cost(1, 7, 11).
cost(1, 8, 48).
cost(1, 9, 30).
cost(1, 10, 62).
cost(1, 11, 14).
cost(1, 12, 31).
cost(1, 13, 67).
cost(1, 14, 24).
cost(1, 15, 47).
cost(1, 16, 72).
cost(1, 17, 35).
cost(1, 18, 55).
cost(1, 19, 26).
cost(1, 20, 59).
cost(1, 21, 20).
cost(1, 22, 66).
cost(1, 23, 18).
cost(1, 24, 13).
cost(2, 1, 58).
cost(2, 3, 27).
cost(2, 4, 19).
cost(2, 5, 69).
cost(2, 6, 19).
cost(2, 7, 67).
cost(2, 8, 66).
cost(2, 9, 88).
cost(2, 10, 15).
cost(2, 11, 66).
cost(2, 12, 61).
cost(2, 13, 22).
cost(2, 14, 80).
cost(2, 15, 30).
cost(2, 16, 54).
cost(2, 17, 92).
cost(2, 18, 47).
cost(2, 19, 81).
cost(2, 20, 58).
cost(2, 21, 75).
cost(2, 22, 75).
cost(2, 23, 60).
cost(2, 24, 62).
cost(3, 1, 55).
cost(3, 2, 27).
cost(3, 4, 19).
cost(3, 5, 59).
cost(3, 6, 8).
cost(3, 7, 60).
cost(3, 8, 43).
cost(3, 9, 84).
cost(3, 10, 16).
cost(3, 11, 57).
cost(3, 12, 70).
cost(3, 13, 15).
cost(3, 14, 71).
cost(3, 15, 9).
cost(3, 16, 28).
cost(3, 17, 90).
cost(3, 18, 21).
cost(3, 19, 71).
cost(3, 20, 31).
cost(3, 21, 75).
cost(3, 22, 49).
cost(3, 23, 65).
cost(3, 24, 64).
cost(4, 1, 42).
cost(4, 2, 19).
cost(4, 3, 19).
cost(4, 5, 51).
cost(4, 6, 13).
cost(4, 7, 49).
cost(4, 8, 48).
cost(4, 9, 72).
cost(4, 10, 21).
cost(4, 11, 48).
cost(4, 12, 52).
cost(4, 13, 26).
cost(4, 14, 62).
cost(4, 15, 16).
cost(4, 16, 46).
cost(4, 17, 77).
cost(4, 18, 34).
cost(4, 19, 62).
cost(4, 20, 43).
cost(4, 21, 60).
cost(4, 22, 60).
cost(4, 23, 48).
cost(4, 24, 48).
cost(5, 1, 17).
cost(5, 2, 69).
cost(5, 3, 59).
cost(5, 4, 51).
cost(5, 6, 60).
cost(5, 7, 7).
cost(5, 8, 38).
cost(5, 9, 28).
cost(5, 10, 70).
cost(5, 11, 3).
cost(5, 12, 47).
cost(5, 13, 73).
cost(5, 14, 12).
cost(5, 15, 51).
cost(5, 16, 70).
cost(5, 17, 35).
cost(5, 18, 53).
cost(5, 19, 12).
cost(5, 20, 53).
cost(5, 21, 27).
cost(5, 22, 57).
cost(5, 23, 34).
cost(5, 24, 28).
cost(6, 1, 53).
cost(6, 2, 19).
cost(6, 3, 8).
cost(6, 4, 13).
cost(6, 5, 60).
cost(6, 7, 60).
cost(6, 8, 48).
cost(6, 9, 83).
cost(6, 10, 11).
cost(6, 11, 58).
cost(6, 12, 66).
cost(6, 13, 14).
cost(6, 14, 72).
cost(6, 15, 12).
cost(6, 16, 35).
cost(6, 17, 89).
cost(6, 18, 28).
cost(6, 19, 71).
cost(6, 20, 38).
cost(6, 21, 73).
cost(6, 22, 56).
cost(6, 23, 61).
cost(6, 24, 61).
cost(7, 1, 11).
cost(7, 2, 67).
cost(7, 3, 60).
cost(7, 4, 49).
cost(7, 5, 7).
cost(7, 6, 60).
cost(7, 8, 44).
cost(7, 9, 25).
cost(7, 10, 69).
cost(7, 11, 5).
cost(7, 12, 40).
cost(7, 13, 73).
cost(7, 14, 14).
cost(7, 15, 52).
cost(7, 16, 73).
cost(7, 17, 31).
cost(7, 18, 56).
cost(7, 19, 15).
cost(7, 20, 58).
cost(7, 21, 20).
cost(7, 22, 63).
cost(7, 23, 27).
cost(7, 24, 21).
cost(8, 1, 48).
cost(8, 2, 66).
cost(8, 3, 43).
cost(8, 4, 48).
cost(8, 5, 38).
cost(8, 6, 48).
cost(8, 7, 44).
cost(8, 9, 66).
cost(8, 10, 59).
cost(8, 11, 39).
cost(8, 12, 77).
cost(8, 13, 58).
cost(8, 14, 48).
cost(8, 15, 36).
cost(8, 16, 38).
cost(8, 17, 73).
cost(8, 18, 25).
cost(8, 19, 46).
cost(8, 20, 19).
cost(8, 21, 64).
cost(8, 22, 19).
cost(8, 23, 65).
cost(8, 24, 61).
cost(9, 1, 30).
cost(9, 2, 88).
cost(9, 3, 84).
cost(9, 4, 72).
cost(9, 5, 28).
cost(9, 6, 83).
cost(9, 7, 25).
cost(9, 8, 66).
cost(9, 10, 92).
cost(9, 11, 29).
cost(9, 12, 43).
cost(9, 13, 97).
cost(9, 14, 19).
cost(9, 15, 76).
cost(9, 16, 98).
cost(9, 17, 7).
cost(9, 18, 81).
cost(9, 19, 22).
cost(9, 20, 82).
cost(9, 21, 15).
cost(9, 22, 84).
cost(9, 23, 33).
cost(9, 24, 28).
cost(10, 1, 62).
cost(10, 2, 15).
cost(10, 3, 16).
cost(10, 4, 21).
cost(10, 5, 70).
cost(10, 6, 11).
cost(10, 7, 69).
cost(10, 8, 59).
cost(10, 9, 92).
cost(10, 11, 68).
cost(10, 12, 71).
cost(10, 13, 8).
cost(10, 14, 82).
cost(10, 15, 23).
cost(10, 16, 41).
cost(10, 17, 98).
cost(10, 18, 37).
cost(10, 19, 82).
cost(10, 20, 47).
cost(10, 21, 81).
cost(10, 22, 65).
cost(10, 23, 68).
cost(10, 24, 69).
cost(11, 1, 14).
cost(11, 2, 66).
cost(11, 3, 57).
cost(11, 4, 48).
cost(11, 5, 3).
cost(11, 6, 58).
cost(11, 7, 5).
cost(11, 8, 39).
cost(11, 9, 29).
cost(11, 10, 68).
cost(11, 12, 44).
cost(11, 13, 71).
cost(11, 14, 14).
cost(11, 15, 49).
cost(11, 16, 69).
cost(11, 17, 36).
cost(11, 18, 52).
cost(11, 19, 14).
cost(11, 20, 53).
cost(11, 21, 26).
cost(11, 22, 57).
cost(11, 23, 31).
cost(11, 24, 26).
cost(12, 1, 31).
cost(12, 2, 61).
cost(12, 3, 70).
cost(12, 4, 52).
cost(12, 5, 47).
cost(12, 6, 66).
cost(12, 7, 40).
cost(12, 8, 77).
cost(12, 9, 43).
cost(12, 10, 71).
cost(12, 11, 44).
cost(12, 13, 77).
cost(12, 14, 50).
cost(12, 15, 65).
cost(12, 16, 94).
cost(12, 17, 43).
cost(12, 18, 78).
cost(12, 19, 52).
cost(12, 20, 84).
cost(12, 21, 28).
cost(12, 22, 95).
cost(12, 23, 13).
cost(12, 24, 19).
cost(13, 1, 67).
cost(13, 2, 22).
cost(13, 3, 15).
cost(13, 4, 26).
cost(13, 5, 73).
cost(13, 6, 14).
cost(13, 7, 73).
cost(13, 8, 58).
cost(13, 9, 97).
cost(13, 10, 8).
cost(13, 11, 71).
cost(13, 12, 77).
cost(13, 14, 85).
cost(13, 15, 23).
cost(13, 16, 35).
cost(13, 17, 102).
cost(13, 18, 34).
cost(13, 19, 85).
cost(13, 20, 44).
cost(13, 21, 86).
cost(13, 22, 62).
cost(13, 23, 74).
cost(13, 24, 74).
cost(14, 1, 24).
cost(14, 2, 80).
cost(14, 3, 71).
cost(14, 4, 62).
cost(14, 5, 12).
cost(14, 6, 72).
cost(14, 7, 14).
cost(14, 8, 48).
cost(14, 9, 19).
cost(14, 10, 82).
cost(14, 11, 14).
cost(14, 12, 50).
cost(14, 13, 85).
cost(14, 15, 63).
cost(14, 16, 81).
cost(14, 17, 26).
cost(14, 18, 65).
cost(14, 19, 3).
cost(14, 20, 64).
cost(14, 21, 24).
cost(14, 22, 65).
cost(14, 23, 37).
cost(14, 24, 31).
cost(15, 1, 47).
cost(15, 2, 30).
cost(15, 3, 9).
cost(15, 4, 16).
cost(15, 5, 51).
cost(15, 6, 12).
cost(15, 7, 52).
cost(15, 8, 36).
cost(15, 9, 76).
cost(15, 10, 23).
cost(15, 11, 49).
cost(15, 12, 65).
cost(15, 13, 23).
cost(15, 14, 63).
cost(15, 16, 30).
cost(15, 17, 82).
cost(15, 18, 18).
cost(15, 19, 62).
cost(15, 20, 28).
cost(15, 21, 67).
cost(15, 22, 45).
cost(15, 23, 58).
cost(15, 24, 57).
cost(16, 1, 72).
cost(16, 2, 54).
cost(16, 3, 28).
cost(16, 4, 46).
cost(16, 5, 70).
cost(16, 6, 35).
cost(16, 7, 73).
cost(16, 8, 38).
cost(16, 9, 98).
cost(16, 10, 41).
cost(16, 11, 69).
cost(16, 12, 94).
cost(16, 13, 35).
cost(16, 14, 81).
cost(16, 15, 30).
cost(16, 17, 104).
cost(16, 18, 17).
cost(16, 19, 80).
cost(16, 20, 19).
cost(16, 21, 92).
cost(16, 22, 32).
cost(16, 23, 85).
cost(16, 24, 83).
cost(17, 1, 35).
cost(17, 2, 92).
cost(17, 3, 90).
cost(17, 4, 77).
cost(17, 5, 35).
cost(17, 6, 89).
cost(17, 7, 31).
cost(17, 8, 73).
cost(17, 9, 7).
cost(17, 10, 98).
cost(17, 11, 36).
cost(17, 12, 43).
cost(17, 13, 102).
cost(17, 14, 26).
cost(17, 15, 82).
cost(17, 16, 104).
cost(17, 18, 88).
cost(17, 19, 29).
cost(17, 20, 88).
cost(17, 21, 18).
cost(17, 22, 91).
cost(17, 23, 35).
cost(17, 24, 31).
cost(18, 1, 55).
cost(18, 2, 47).
cost(18, 3, 21).
cost(18, 4, 34).
cost(18, 5, 53).
cost(18, 6, 28).
cost(18, 7, 56).
cost(18, 8, 25).
cost(18, 9, 81).
cost(18, 10, 37).
cost(18, 11, 52).
cost(18, 12, 78).
cost(18, 13, 34).
cost(18, 14, 65).
cost(18, 15, 18).
cost(18, 16, 17).
cost(18, 17, 88).
cost(18, 19, 63).
cost(18, 20, 10).
cost(18, 21, 75).
cost(18, 22, 28).
cost(18, 23, 69).
cost(18, 24, 67).
cost(19, 1, 26).
cost(19, 2, 81).
cost(19, 3, 71).
cost(19, 4, 62).
cost(19, 5, 12).
cost(19, 6, 71).
cost(19, 7, 15).
cost(19, 8, 46).
cost(19, 9, 22).
cost(19, 10, 82).
cost(19, 11, 14).
cost(19, 12, 52).
cost(19, 13, 85).
cost(19, 14, 3).
cost(19, 15, 62).
cost(19, 16, 80).
cost(19, 17, 29).
cost(19, 18, 63).
cost(19, 20, 62).
cost(19, 21, 27).
cost(19, 22, 63).
cost(19, 23, 39).
cost(19, 24, 33).
cost(20, 1, 59).
cost(20, 2, 58).
cost(20, 3, 31).
cost(20, 4, 43).
cost(20, 5, 53).
cost(20, 6, 38).
cost(20, 7, 58).
cost(20, 8, 19).
cost(20, 9, 82).
cost(20, 10, 47).
cost(20, 11, 53).
cost(20, 12, 84).
cost(20, 13, 44).
cost(20, 14, 64).
cost(20, 15, 28).
cost(20, 16, 19).
cost(20, 17, 88).
cost(20, 18, 10).
cost(20, 19, 62).
cost(20, 21, 77).
cost(20, 22, 18).
cost(20, 23, 74).
cost(20, 24, 71).
cost(21, 1, 20).
cost(21, 2, 75).
cost(21, 3, 75).
cost(21, 4, 60).
cost(21, 5, 27).
cost(21, 6, 73).
cost(21, 7, 20).
cost(21, 8, 64).
cost(21, 9, 15).
cost(21, 10, 81).
cost(21, 11, 26).
cost(21, 12, 28).
cost(21, 13, 86).
cost(21, 14, 24).
cost(21, 15, 67).
cost(21, 16, 92).
cost(21, 17, 18).
cost(21, 18, 75).
cost(21, 19, 27).
cost(21, 20, 77).
cost(21, 22, 83).
cost(21, 23, 18).
cost(21, 24, 14).
cost(22, 1, 66).
cost(22, 2, 75).
cost(22, 3, 49).
cost(22, 4, 60).
cost(22, 5, 57).
cost(22, 6, 56).
cost(22, 7, 63).
cost(22, 8, 19).
cost(22, 9, 84).
cost(22, 10, 65).
cost(22, 11, 57).
cost(22, 12, 95).
cost(22, 13, 62).
cost(22, 14, 65).
cost(22, 15, 45).
cost(22, 16, 32).
cost(22, 17, 91).
cost(22, 18, 28).
cost(22, 19, 63).
cost(22, 20, 18).
cost(22, 21, 83).
cost(22, 23, 83).
cost(22, 24, 79).
cost(23, 1, 18).
cost(23, 2, 60).
cost(23, 3, 65).
cost(23, 4, 48).
cost(23, 5, 34).
cost(23, 6, 61).
cost(23, 7, 27).
cost(23, 8, 65).
cost(23, 9, 33).
cost(23, 10, 68).
cost(23, 11, 31).
cost(23, 12, 13).
cost(23, 13, 74).
cost(23, 14, 37).
cost(23, 15, 58).
cost(23, 16, 85).
cost(23, 17, 35).
cost(23, 18, 69).
cost(23, 19, 39).
cost(23, 20, 74).
cost(23, 21, 18).
cost(23, 22, 83).
cost(23, 24, 6).
cost(24, 1, 13).
cost(24, 2, 62).
cost(24, 3, 64).
cost(24, 4, 48).
cost(24, 5, 28).
cost(24, 6, 61).
cost(24, 7, 21).
cost(24, 8, 61).
cost(24, 9, 28).
cost(24, 10, 69).
cost(24, 11, 26).
cost(24, 12, 19).
cost(24, 13, 74).
cost(24, 14, 31).
cost(24, 15, 57).
cost(24, 16, 83).
cost(24, 17, 31).
cost(24, 18, 67).
cost(24, 19, 33).
cost(24, 20, 71).
cost(24, 21, 14).
cost(24, 22, 79).
cost(24, 23, 6).
nocross(1,4).
nocross(1,5).
nocross(1,9).
nocross(1,11).
nocross(1,12).
nocross(1,14).
nocross(1,17).
nocross(1,20).
nocross(1,21).
nocross(1,23).
nocross(1,24).
nocross(2,4).
nocross(2,10).
nocross(2,12).
nocross(3,4).
nocross(3,5).
nocross(3,6).
nocross(3,10).
nocross(3,13).
nocross(3,15).
nocross(3,16).
nocross(3,18).
nocross(3,20).
nocross(4,1).
nocross(4,2).
nocross(4,3).
nocross(4,5).
nocross(4,6).
nocross(4,7).
nocross(4,8).
nocross(4,10).
nocross(4,11).
nocross(4,12).
nocross(4,13).
nocross(4,15).
nocross(4,16).
nocross(4,23).
nocross(4,24).
nocross(5,1).
nocross(5,7).
nocross(5,8).
nocross(5,9).
nocross(5,11).
nocross(5,14).
nocross(5,17).
nocross(5,19).
nocross(5,20).
nocross(5,21).
nocross(5,23).
nocross(5,24).
nocross(6,3).
nocross(6,4).
nocross(6,5).
nocross(6,10).
nocross(6,15).
nocross(6,16).
nocross(6,18).
nocross(6,20).
nocross(7,1).
nocross(7,5).
nocross(7,8).
nocross(7,9).
nocross(7,11).
nocross(7,12).
nocross(7,14).
nocross(7,17).
nocross(7,19).
nocross(7,21).
nocross(7,23).
nocross(7,24).
nocross(8,1).
nocross(8,5).
nocross(8,7).
nocross(8,14).
nocross(8,15).
nocross(8,16).
nocross(8,18).
nocross(8,19).
nocross(8,20).
nocross(9,1).
nocross(9,5).
nocross(9,7).
nocross(9,11).
nocross(9,14).
nocross(9,17).
nocross(9,19).
nocross(9,21).
nocross(9,23).
nocross(9,24).
nocross(10,2).
nocross(10,3).
nocross(10,4).
nocross(10,13).
nocross(10,15).
nocross(10,16).
nocross(10,18).
nocross(11,1).
nocross(11,5).
nocross(11,8).
nocross(11,9).
nocross(11,14).
nocross(11,17).
nocross(11,19).
nocross(11,20).
nocross(11,21).
nocross(11,23).
nocross(11,24).
nocross(12,1).
nocross(12,4).
nocross(12,5).
nocross(12,7).
nocross(12,11).
nocross(12,14).
nocross(12,17).
nocross(12,21).
nocross(12,23).
nocross(12,24).
nocross(13,2).
nocross(13,3).
nocross(13,6).
nocross(13,10).
nocross(13,15).
nocross(13,16).
nocross(13,18).
nocross(14,1).
nocross(14,5).
nocross(14,7).
nocross(14,9).
nocross(14,11).
nocross(14,19).
nocross(14,21).
nocross(14,23).
nocross(14,24).
nocross(15,3).
nocross(15,4).
nocross(15,5).
nocross(15,6).
nocross(15,8).
nocross(15,10).
nocross(15,11).
nocross(15,13).
nocross(15,16).
nocross(15,18).
nocross(15,20).
nocross(15,22).
nocross(16,3).
nocross(16,4).
nocross(16,6).
nocross(16,8).
nocross(16,13).
nocross(16,20).
nocross(16,22).
nocross(17,5).
nocross(17,9).
nocross(17,11).
nocross(17,12).
nocross(17,14).
nocross(17,19).
nocross(17,21).
nocross(17,23).
nocross(18,3).
nocross(18,4).
nocross(18,5).
nocross(18,6).
nocross(18,8).
nocross(18,11).
nocross(18,13).
nocross(18,15).
nocross(18,16).
nocross(18,20).
nocross(18,22).
nocross(19,1).
nocross(19,5).
nocross(19,9).
nocross(19,11).
nocross(19,14).
nocross(19,17).
nocross(19,21).
nocross(19,23).
nocross(19,24).
nocross(20,5).
nocross(20,6).
nocross(20,8).
nocross(20,11).
nocross(20,15).
nocross(20,16).
nocross(20,18).
nocross(20,22).
nocross(21,1).
nocross(21,5).
nocross(21,7).
nocross(21,9).
nocross(21,11).
nocross(21,12).
nocross(21,14).
nocross(21,17).
nocross(21,19).
nocross(21,23).
nocross(21,24).
nocross(22,5).
nocross(22,8).
nocross(22,11).
nocross(22,16).
nocross(22,19).
nocross(22,20).
nocross(23,1).
nocross(23,5).
nocross(23,9).
nocross(23,11).
nocross(23,12).
nocross(23,14).
nocross(23,17).
nocross(23,19).
nocross(23,20).
nocross(23,21).
nocross(23,24).
nocross(24,1).
nocross(24,5).
nocross(24,7).
nocross(24,9).
nocross(24,11).
nocross(24,12).
nocross(24,14).
nocross(24,17).
nocross(24,20).
nocross(24,21).
nocross(24,23).
