dimension(24).
point(1, 23.3735535856, 37.4894248941).
point(2, 65.7919011993, 58.5185683574).
point(3, 46.3654479082, 29.5536954324).
point(4, 23.1750986589, 39.8278985305).
point(5, 77.5314893594, 83.1886047682).
point(6, 81.6029798944, 38.5461678112).
point(7, 21.7021489727, 18.285846802).
point(8, 60.4133169532, 30.5045614666).
point(9, 53.2379000131, 75.0588375266).
point(10, 57.2891927022, 81.3904083682).
point(11, 57.2715975508, 58.5534428479).
point(12, 26.7519081764, 56.3260700185).
point(13, 70.9351117603, 81.130855723).
point(14, 24.1745909157, 35.1226778103).
point(15, 38.1590904846, 58.4960527496).
point(16, 74.754571184, 41.2016038031).
point(17, 84.2734299743, 87.3088185477).
point(18, 25.2979726608, 33.3856450105).
point(19, 37.5517775098, 22.2934222604).
point(20, 16.5811419215, 25.3035690812).
point(21, 62.8087541222, 88.3844202351).
point(22, 49.2754688958, 73.8804551804).
point(23, 77.9404262795, 90.5573064543).
point(24, 23.7535010154, 40.3909366845).
cost(1, 2, 47).
cost(1, 3, 24).
cost(1, 4, 2).
cost(1, 5, 71).
cost(1, 6, 58).
cost(1, 7, 19).
cost(1, 8, 38).
cost(1, 9, 48).
cost(1, 10, 55).
cost(1, 11, 40).
cost(1, 12, 19).
cost(1, 13, 65).
cost(1, 14, 2).
cost(1, 15, 26).
cost(1, 16, 52).
cost(1, 17, 79).
cost(1, 18, 5).
cost(1, 19, 21).
cost(1, 20, 14).
cost(1, 21, 64).
cost(1, 22, 45).
cost(1, 23, 76).
cost(1, 24, 3).
cost(2, 1, 47).
cost(2, 3, 35).
cost(2, 4, 47).
cost(2, 5, 27).
cost(2, 6, 25).
cost(2, 7, 60).
cost(2, 8, 29).
cost(2, 9, 21).
cost(2, 10, 24).
cost(2, 11, 9).
cost(2, 12, 39).
cost(2, 13, 23).
cost(2, 14, 48).
cost(2, 15, 28).
cost(2, 16, 19).
cost(2, 17, 34).
cost(2, 18, 48).
cost(2, 19, 46).
cost(2, 20, 59).
cost(2, 21, 30).
cost(2, 22, 23).
cost(2, 23, 34).
cost(2, 24, 46).
cost(3, 1, 24).
cost(3, 2, 35).
cost(3, 4, 25).
cost(3, 5, 62).
cost(3, 6, 36).
cost(3, 7, 27).
cost(3, 8, 14).
cost(3, 9, 46).
cost(3, 10, 53).
cost(3, 11, 31).
cost(3, 12, 33).
cost(3, 13, 57).
cost(3, 14, 23).
cost(3, 15, 30).
cost(3, 16, 31).
cost(3, 17, 69).
cost(3, 18, 21).
cost(3, 19, 11).
cost(3, 20, 30).
cost(3, 21, 61).
cost(3, 22, 44).
cost(3, 23, 69).
cost(3, 24, 25).
cost(4, 1, 2).
cost(4, 2, 47).
cost(4, 3, 25).
cost(4, 5, 70).
cost(4, 6, 58).
cost(4, 7, 22).
cost(4, 8, 38).
cost(4, 9, 46).
cost(4, 10, 54).
cost(4, 11, 39).
cost(4, 12, 17).
cost(4, 13, 63).
cost(4, 14, 5).
cost(4, 15, 24).
cost(4, 16, 52).
cost(4, 17, 77).
cost(4, 18, 7).
cost(4, 19, 23).
cost(4, 20, 16).
cost(4, 21, 63).
cost(4, 22, 43).
cost(4, 23, 75).
cost(4, 24, 1).
cost(5, 1, 71).
cost(5, 2, 27).
cost(5, 3, 62).
cost(5, 4, 70).
cost(5, 6, 45).
cost(5, 7, 86).
cost(5, 8, 55).
cost(5, 9, 26).
cost(5, 10, 20).
cost(5, 11, 32).
cost(5, 12, 57).
cost(5, 13, 7).
cost(5, 14, 72).
cost(5, 15, 46).
cost(5, 16, 42).
cost(5, 17, 8).
cost(5, 18, 72).
cost(5, 19, 73).
cost(5, 20, 84).
cost(5, 21, 16).
cost(5, 22, 30).
cost(5, 23, 7).
cost(5, 24, 69).
cost(6, 1, 58).
cost(6, 2, 25).
cost(6, 3, 36).
cost(6, 4, 58).
cost(6, 5, 45).
cost(6, 7, 63).
cost(6, 8, 23).
cost(6, 9, 46).
cost(6, 10, 49).
cost(6, 11, 32).
cost(6, 12, 58).
cost(6, 13, 44).
cost(6, 14, 58).
cost(6, 15, 48).
cost(6, 16, 7).
cost(6, 17, 49).
cost(6, 18, 57).
cost(6, 19, 47).
cost(6, 20, 66).
cost(6, 21, 53).
cost(6, 22, 48).
cost(6, 23, 52).
cost(6, 24, 58).
cost(7, 1, 19).
cost(7, 2, 60).
cost(7, 3, 27).
cost(7, 4, 22).
cost(7, 5, 86).
cost(7, 6, 63).
cost(7, 8, 41).
cost(7, 9, 65).
cost(7, 10, 72).
cost(7, 11, 54).
cost(7, 12, 38).
cost(7, 13, 80).
cost(7, 14, 17).
cost(7, 15, 43).
cost(7, 16, 58).
cost(7, 17, 93).
cost(7, 18, 16).
cost(7, 19, 16).
cost(7, 20, 9).
cost(7, 21, 81).
cost(7, 22, 62).
cost(7, 23, 92).
cost(7, 24, 22).
cost(8, 1, 38).
cost(8, 2, 29).
cost(8, 3, 14).
cost(8, 4, 38).
cost(8, 5, 55).
cost(8, 6, 23).
cost(8, 7, 41).
cost(8, 9, 45).
cost(8, 10, 51).
cost(8, 11, 28).
cost(8, 12, 42).
cost(8, 13, 52).
cost(8, 14, 37).
cost(8, 15, 36).
cost(8, 16, 18).
cost(8, 17, 62).
cost(8, 18, 35).
cost(8, 19, 24).
cost(8, 20, 44).
cost(8, 21, 58).
cost(8, 22, 45).
cost(8, 23, 63).
cost(8, 24, 38).
cost(9, 1, 48).
cost(9, 2, 21).
cost(9, 3, 46).
cost(9, 4, 46).
cost(9, 5, 26).
cost(9, 6, 46).
cost(9, 7, 65).
cost(9, 8, 45).
cost(9, 10, 8).
cost(9, 11, 17).
cost(9, 12, 32).
cost(9, 13, 19).
cost(9, 14, 49).
cost(9, 15, 22).
cost(9, 16, 40).
cost(9, 17, 33).
cost(9, 18, 50).
cost(9, 19, 55).
cost(9, 20, 62).
cost(9, 21, 16).
cost(9, 22, 4).
cost(9, 23, 29).
cost(9, 24, 46).
cost(10, 1, 55).
cost(10, 2, 24).
cost(10, 3, 53).
cost(10, 4, 54).
cost(10, 5, 20).
cost(10, 6, 49).
cost(10, 7, 72).
cost(10, 8, 51).
cost(10, 9, 8).
cost(10, 11, 23).
cost(10, 12, 40).
cost(10, 13, 14).
cost(10, 14, 57).
cost(10, 15, 30).
cost(10, 16, 44).
cost(10, 17, 28).
cost(10, 18, 58).
cost(10, 19, 62).
cost(10, 20, 69).
cost(10, 21, 9).
cost(10, 22, 11).
cost(10, 23, 23).
cost(10, 24, 53).
cost(11, 1, 40).
cost(11, 2, 9).
cost(11, 3, 31).
cost(11, 4, 39).
cost(11, 5, 32).
cost(11, 6, 32).
cost(11, 7, 54).
cost(11, 8, 28).
cost(11, 9, 17).
cost(11, 10, 23).
cost(11, 12, 31).
cost(11, 13, 26).
cost(11, 14, 41).
cost(11, 15, 19).
cost(11, 16, 25).
cost(11, 17, 39).
cost(11, 18, 41).
cost(11, 19, 41).
cost(11, 20, 53).
cost(11, 21, 30).
cost(11, 22, 17).
cost(11, 23, 38).
cost(11, 24, 38).
cost(12, 1, 19).
cost(12, 2, 39).
cost(12, 3, 33).
cost(12, 4, 17).
cost(12, 5, 57).
cost(12, 6, 58).
cost(12, 7, 38).
cost(12, 8, 42).
cost(12, 9, 32).
cost(12, 10, 40).
cost(12, 11, 31).
cost(12, 13, 51).
cost(12, 14, 21).
cost(12, 15, 12).
cost(12, 16, 50).
cost(12, 17, 65).
cost(12, 18, 23).
cost(12, 19, 36).
cost(12, 20, 33).
cost(12, 21, 48).
cost(12, 22, 29).
cost(12, 23, 62).
cost(12, 24, 16).
cost(13, 1, 65).
cost(13, 2, 23).
cost(13, 3, 57).
cost(13, 4, 63).
cost(13, 5, 7).
cost(13, 6, 44).
cost(13, 7, 80).
cost(13, 8, 52).
cost(13, 9, 19).
cost(13, 10, 14).
cost(13, 11, 26).
cost(13, 12, 51).
cost(13, 14, 66).
cost(13, 15, 40).
cost(13, 16, 40).
cost(13, 17, 15).
cost(13, 18, 66).
cost(13, 19, 68).
cost(13, 20, 78).
cost(13, 21, 11).
cost(13, 22, 23).
cost(13, 23, 12).
cost(13, 24, 62).
cost(14, 1, 2).
cost(14, 2, 48).
cost(14, 3, 23).
cost(14, 4, 5).
cost(14, 5, 72).
cost(14, 6, 58).
cost(14, 7, 17).
cost(14, 8, 37).
cost(14, 9, 49).
cost(14, 10, 57).
cost(14, 11, 41).
cost(14, 12, 21).
cost(14, 13, 66).
cost(14, 15, 27).
cost(14, 16, 51).
cost(14, 17, 80).
cost(14, 18, 2).
cost(14, 19, 19).
cost(14, 20, 12).
cost(14, 21, 66).
cost(14, 22, 46).
cost(14, 23, 77).
cost(14, 24, 5).
cost(15, 1, 26).
cost(15, 2, 28).
cost(15, 3, 30).
cost(15, 4, 24).
cost(15, 5, 46).
cost(15, 6, 48).
cost(15, 7, 43).
cost(15, 8, 36).
cost(15, 9, 22).
cost(15, 10, 30).
cost(15, 11, 19).
cost(15, 12, 12).
cost(15, 13, 40).
cost(15, 14, 27).
cost(15, 16, 40).
cost(15, 17, 54).
cost(15, 18, 28).
cost(15, 19, 36).
cost(15, 20, 40).
cost(15, 21, 39).
cost(15, 22, 19).
cost(15, 23, 51).
cost(15, 24, 23).
cost(16, 1, 52).
cost(16, 2, 19).
cost(16, 3, 31).
cost(16, 4, 52).
cost(16, 5, 42).
cost(16, 6, 7).
cost(16, 7, 58).
cost(16, 8, 18).
cost(16, 9, 40).
cost(16, 10, 44).
cost(16, 11, 25).
cost(16, 12, 50).
cost(16, 13, 40).
cost(16, 14, 51).
cost(16, 15, 40).
cost(16, 17, 47).
cost(16, 18, 50).
cost(16, 19, 42).
cost(16, 20, 60).
cost(16, 21, 49).
cost(16, 22, 41).
cost(16, 23, 49).
cost(16, 24, 51).
cost(17, 1, 79).
cost(17, 2, 34).
cost(17, 3, 69).
cost(17, 4, 77).
cost(17, 5, 8).
cost(17, 6, 49).
cost(17, 7, 93).
cost(17, 8, 62).
cost(17, 9, 33).
cost(17, 10, 28).
cost(17, 11, 39).
cost(17, 12, 65).
cost(17, 13, 15).
cost(17, 14, 80).
cost(17, 15, 54).
cost(17, 16, 47).
cost(17, 18, 80).
cost(17, 19, 80).
cost(17, 20, 92).
cost(17, 21, 21).
cost(17, 22, 37).
cost(17, 23, 7).
cost(17, 24, 77).
cost(18, 1, 5).
cost(18, 2, 48).
cost(18, 3, 21).
cost(18, 4, 7).
cost(18, 5, 72).
cost(18, 6, 57).
cost(18, 7, 16).
cost(18, 8, 35).
cost(18, 9, 50).
cost(18, 10, 58).
cost(18, 11, 41).
cost(18, 12, 23).
cost(18, 13, 66).
cost(18, 14, 2).
cost(18, 15, 28).
cost(18, 16, 50).
cost(18, 17, 80).
cost(18, 19, 17).
cost(18, 20, 12).
cost(18, 21, 67).
cost(18, 22, 47).
cost(18, 23, 78).
cost(18, 24, 7).
cost(19, 1, 21).
cost(19, 2, 46).
cost(19, 3, 11).
cost(19, 4, 23).
cost(19, 5, 73).
cost(19, 6, 47).
cost(19, 7, 16).
cost(19, 8, 24).
cost(19, 9, 55).
cost(19, 10, 62).
cost(19, 11, 41).
cost(19, 12, 36).
cost(19, 13, 68).
cost(19, 14, 19).
cost(19, 15, 36).
cost(19, 16, 42).
cost(19, 17, 80).
cost(19, 18, 17).
cost(19, 20, 21).
cost(19, 21, 71).
cost(19, 22, 53).
cost(19, 23, 79).
cost(19, 24, 23).
cost(20, 1, 14).
cost(20, 2, 59).
cost(20, 3, 30).
cost(20, 4, 16).
cost(20, 5, 84).
cost(20, 6, 66).
cost(20, 7, 9).
cost(20, 8, 44).
cost(20, 9, 62).
cost(20, 10, 69).
cost(20, 11, 53).
cost(20, 12, 33).
cost(20, 13, 78).
cost(20, 14, 12).
cost(20, 15, 40).
cost(20, 16, 60).
cost(20, 17, 92).
cost(20, 18, 12).
cost(20, 19, 21).
cost(20, 21, 78).
cost(20, 22, 59).
cost(20, 23, 90).
cost(20, 24, 17).
cost(21, 1, 64).
cost(21, 2, 30).
cost(21, 3, 61).
cost(21, 4, 63).
cost(21, 5, 16).
cost(21, 6, 53).
cost(21, 7, 81).
cost(21, 8, 58).
cost(21, 9, 16).
cost(21, 10, 9).
cost(21, 11, 30).
cost(21, 12, 48).
cost(21, 13, 11).
cost(21, 14, 66).
cost(21, 15, 39).
cost(21, 16, 49).
cost(21, 17, 21).
cost(21, 18, 67).
cost(21, 19, 71).
cost(21, 20, 78).
cost(21, 22, 20).
cost(21, 23, 15).
cost(21, 24, 62).
cost(22, 1, 45).
cost(22, 2, 23).
cost(22, 3, 44).
cost(22, 4, 43).
cost(22, 5, 30).
cost(22, 6, 48).
cost(22, 7, 62).
cost(22, 8, 45).
cost(22, 9, 4).
cost(22, 10, 11).
cost(22, 11, 17).
cost(22, 12, 29).
cost(22, 13, 23).
cost(22, 14, 46).
cost(22, 15, 19).
cost(22, 16, 41).
cost(22, 17, 37).
cost(22, 18, 47).
cost(22, 19, 53).
cost(22, 20, 59).
cost(22, 21, 20).
cost(22, 23, 33).
cost(22, 24, 42).
cost(23, 1, 76).
cost(23, 2, 34).
cost(23, 3, 69).
cost(23, 4, 75).
cost(23, 5, 7).
cost(23, 6, 52).
cost(23, 7, 92).
cost(23, 8, 63).
cost(23, 9, 29).
cost(23, 10, 23).
cost(23, 11, 38).
cost(23, 12, 62).
cost(23, 13, 12).
cost(23, 14, 77).
cost(23, 15, 51).
cost(23, 16, 49).
cost(23, 17, 7).
cost(23, 18, 78).
cost(23, 19, 79).
cost(23, 20, 90).
cost(23, 21, 15).
cost(23, 22, 33).
cost(23, 24, 74).
cost(24, 1, 3).
cost(24, 2, 46).
cost(24, 3, 25).
cost(24, 4, 1).
cost(24, 5, 69).
cost(24, 6, 58).
cost(24, 7, 22).
cost(24, 8, 38).
cost(24, 9, 46).
cost(24, 10, 53).
cost(24, 11, 38).
cost(24, 12, 16).
cost(24, 13, 62).
cost(24, 14, 5).
cost(24, 15, 23).
cost(24, 16, 51).
cost(24, 17, 77).
cost(24, 18, 7).
cost(24, 19, 23).
cost(24, 20, 17).
cost(24, 21, 62).
cost(24, 22, 42).
cost(24, 23, 74).
nocross(1,7).
nocross(1,12).
nocross(1,14).
nocross(1,24).
nocross(2,3).
nocross(2,5).
nocross(2,6).
nocross(2,8).
nocross(2,9).
nocross(2,10).
nocross(2,11).
nocross(2,13).
nocross(2,16).
nocross(2,17).
nocross(2,22).
nocross(3,1).
nocross(3,2).
nocross(3,4).
nocross(3,6).
nocross(3,8).
nocross(3,11).
nocross(3,14).
nocross(3,16).
nocross(3,18).
nocross(3,19).
nocross(3,24).
nocross(4,1).
nocross(4,7).
nocross(4,12).
nocross(4,14).
nocross(4,15).
nocross(4,18).
nocross(4,24).
nocross(5,2).
nocross(5,9).
nocross(5,10).
nocross(5,13).
nocross(5,17).
nocross(5,21).
nocross(6,2).
nocross(6,3).
nocross(6,8).
nocross(6,10).
nocross(6,11).
nocross(6,16).
nocross(7,1).
nocross(7,3).
nocross(7,14).
nocross(7,19).
nocross(8,2).
nocross(8,3).
nocross(8,6).
nocross(8,16).
nocross(8,19).
nocross(9,2).
nocross(9,10).
nocross(9,11).
nocross(9,13).
nocross(9,17).
nocross(9,21).
nocross(9,23).
nocross(10,2).
nocross(10,5).
nocross(10,9).
nocross(10,13).
nocross(10,17).
nocross(10,21).
nocross(10,22).
nocross(11,1).
nocross(11,2).
nocross(11,4).
nocross(11,5).
nocross(11,6).
nocross(11,8).
nocross(11,9).
nocross(11,10).
nocross(11,13).
nocross(11,14).
nocross(11,15).
nocross(11,16).
nocross(11,18).
nocross(11,22).
nocross(12,1).
nocross(12,14).
nocross(12,15).
nocross(12,16).
nocross(12,18).
nocross(12,20).
nocross(12,24).
nocross(13,5).
nocross(13,9).
nocross(13,11).
nocross(13,16).
nocross(13,17).
nocross(13,21).
nocross(13,22).
nocross(13,23).
nocross(14,1).
nocross(14,4).
nocross(14,7).
nocross(14,18).
nocross(14,24).
nocross(15,9).
nocross(15,10).
nocross(15,11).
nocross(15,12).
nocross(15,14).
nocross(15,22).
nocross(15,24).
nocross(16,1).
nocross(16,2).
nocross(16,3).
nocross(16,6).
nocross(16,8).
nocross(16,10).
nocross(16,11).
nocross(16,13).
nocross(16,17).
nocross(17,5).
nocross(17,9).
nocross(17,10).
nocross(17,13).
nocross(17,23).
nocross(18,1).
nocross(18,3).
nocross(18,4).
nocross(18,7).
nocross(18,14).
nocross(18,19).
nocross(18,24).
nocross(19,1).
nocross(19,3).
nocross(19,4).
nocross(19,7).
nocross(19,8).
nocross(19,18).
nocross(19,24).
nocross(20,1).
nocross(20,4).
nocross(20,12).
nocross(20,14).
nocross(20,18).
nocross(20,19).
nocross(20,24).
nocross(21,5).
nocross(21,9).
nocross(21,10).
nocross(21,13).
nocross(21,17).
nocross(21,22).
nocross(21,23).
nocross(22,1).
nocross(22,9).
nocross(22,10).
nocross(22,11).
nocross(22,12).
nocross(22,13).
nocross(22,15).
nocross(22,17).
nocross(22,21).
nocross(22,24).
nocross(23,5).
nocross(23,9).
nocross(23,10).
nocross(23,13).
nocross(23,17).
nocross(23,21).
nocross(24,1).
nocross(24,4).
nocross(24,12).
nocross(24,14).
nocross(24,15).
nocross(24,18).
nocross(24,20).
