dimension(24).
point(1, 35.4717782946, 51.8386269665).
point(2, 78.3770042758, 47.085096671).
point(3, 92.5325809234, 43.880001941).
point(4, 34.1084212884, 97.4996225487).
point(5, 27.4673120799, 56.3875128549).
point(6, 63.8106585184, 95.4633679006).
point(7, 68.7243224283, 43.937424237).
point(8, 86.367456821, 22.7807668721).
point(9, 97.0867807456, 32.1698926622).
point(10, 52.6228614878, 23.3844056714).
point(11, 57.4154223065, 19.6515856414).
point(12, 50.6502332157, 71.6999448062).
point(13, 40.3166989215, 77.9435571273).
point(14, 54.7195487056, 69.7745997969).
point(15, 36.9376602508, 66.1411325512).
point(16, 29.4113925284, 65.8714279569).
point(17, 40.8473983857, 86.5742806675).
point(18, 89.8834703064, 25.6515947938).
point(19, 54.1502349575, 87.8959698754).
point(20, 86.1579028414, 52.9739133984).
point(21, 93.9302672204, 76.7156024735).
point(22, 83.8493255151, 52.1532801313).
point(23, 26.3961005746, 83.9444088964).
point(24, 57.2908570408, 23.7912500914).
cost(1, 2, 43).
cost(1, 3, 58).
cost(1, 4, 46).
cost(1, 5, 9).
cost(1, 6, 52).
cost(1, 7, 34).
cost(1, 8, 59).
cost(1, 9, 65).
cost(1, 10, 33).
cost(1, 11, 39).
cost(1, 12, 25).
cost(1, 13, 27).
cost(1, 14, 26).
cost(1, 15, 14).
cost(1, 16, 15).
cost(1, 17, 35).
cost(1, 18, 60).
cost(1, 19, 41).
cost(1, 20, 51).
cost(1, 21, 64).
cost(1, 22, 48).
cost(1, 23, 33).
cost(1, 24, 36).
cost(2, 1, 43).
cost(2, 3, 15).
cost(2, 4, 67).
cost(2, 5, 52).
cost(2, 6, 51).
cost(2, 7, 10).
cost(2, 8, 26).
cost(2, 9, 24).
cost(2, 10, 35).
cost(2, 11, 35).
cost(2, 12, 37).
cost(2, 13, 49).
cost(2, 14, 33).
cost(2, 15, 46).
cost(2, 16, 52).
cost(2, 17, 54).
cost(2, 18, 24).
cost(2, 19, 47).
cost(2, 20, 10).
cost(2, 21, 33).
cost(2, 22, 7).
cost(2, 23, 64).
cost(2, 24, 31).
cost(3, 1, 58).
cost(3, 2, 15).
cost(3, 4, 79).
cost(3, 5, 66).
cost(3, 6, 59).
cost(3, 7, 24).
cost(3, 8, 22).
cost(3, 9, 13).
cost(3, 10, 45).
cost(3, 11, 43).
cost(3, 12, 50).
cost(3, 13, 62).
cost(3, 14, 46).
cost(3, 15, 60).
cost(3, 16, 67).
cost(3, 17, 67).
cost(3, 18, 18).
cost(3, 19, 58).
cost(3, 20, 11).
cost(3, 21, 33).
cost(3, 22, 12).
cost(3, 23, 77).
cost(3, 24, 41).
cost(4, 1, 46).
cost(4, 2, 67).
cost(4, 3, 79).
cost(4, 5, 42).
cost(4, 6, 30).
cost(4, 7, 64).
cost(4, 8, 91).
cost(4, 9, 91).
cost(4, 10, 76).
cost(4, 11, 81).
cost(4, 12, 31).
cost(4, 13, 21).
cost(4, 14, 35).
cost(4, 15, 31).
cost(4, 16, 32).
cost(4, 17, 13).
cost(4, 18, 91).
cost(4, 19, 22).
cost(4, 20, 68).
cost(4, 21, 63).
cost(4, 22, 67).
cost(4, 23, 16).
cost(4, 24, 77).
cost(5, 1, 9).
cost(5, 2, 52).
cost(5, 3, 66).
cost(5, 4, 42).
cost(5, 6, 53).
cost(5, 7, 43).
cost(5, 8, 68).
cost(5, 9, 74).
cost(5, 10, 41).
cost(5, 11, 47).
cost(5, 12, 28).
cost(5, 13, 25).
cost(5, 14, 30).
cost(5, 15, 14).
cost(5, 16, 10).
cost(5, 17, 33).
cost(5, 18, 70).
cost(5, 19, 41).
cost(5, 20, 59).
cost(5, 21, 70).
cost(5, 22, 57).
cost(5, 23, 28).
cost(5, 24, 44).
cost(6, 1, 52).
cost(6, 2, 51).
cost(6, 3, 59).
cost(6, 4, 30).
cost(6, 5, 53).
cost(6, 7, 52).
cost(6, 8, 76).
cost(6, 9, 72).
cost(6, 10, 73).
cost(6, 11, 76).
cost(6, 12, 27).
cost(6, 13, 29).
cost(6, 14, 27).
cost(6, 15, 40).
cost(6, 16, 45).
cost(6, 17, 25).
cost(6, 18, 75).
cost(6, 19, 12).
cost(6, 20, 48).
cost(6, 21, 35).
cost(6, 22, 48).
cost(6, 23, 39).
cost(6, 24, 72).
cost(7, 1, 34).
cost(7, 2, 10).
cost(7, 3, 24).
cost(7, 4, 64).
cost(7, 5, 43).
cost(7, 6, 52).
cost(7, 8, 28).
cost(7, 9, 31).
cost(7, 10, 26).
cost(7, 11, 27).
cost(7, 12, 33).
cost(7, 13, 44).
cost(7, 14, 29).
cost(7, 15, 39).
cost(7, 16, 45).
cost(7, 17, 51).
cost(7, 18, 28).
cost(7, 19, 46).
cost(7, 20, 20).
cost(7, 21, 41).
cost(7, 22, 17).
cost(7, 23, 58).
cost(7, 24, 23).
cost(8, 1, 59).
cost(8, 2, 26).
cost(8, 3, 22).
cost(8, 4, 91).
cost(8, 5, 68).
cost(8, 6, 76).
cost(8, 7, 28).
cost(8, 9, 14).
cost(8, 10, 34).
cost(8, 11, 29).
cost(8, 12, 61).
cost(8, 13, 72).
cost(8, 14, 57).
cost(8, 15, 66).
cost(8, 16, 71).
cost(8, 17, 78).
cost(8, 18, 5).
cost(8, 19, 73).
cost(8, 20, 30).
cost(8, 21, 54).
cost(8, 22, 29).
cost(8, 23, 86).
cost(8, 24, 29).
cost(9, 1, 65).
cost(9, 2, 24).
cost(9, 3, 13).
cost(9, 4, 91).
cost(9, 5, 74).
cost(9, 6, 72).
cost(9, 7, 31).
cost(9, 8, 14).
cost(9, 10, 45).
cost(9, 11, 42).
cost(9, 12, 61).
cost(9, 13, 73).
cost(9, 14, 57).
cost(9, 15, 69).
cost(9, 16, 76).
cost(9, 17, 78).
cost(9, 18, 10).
cost(9, 19, 70).
cost(9, 20, 23).
cost(9, 21, 45).
cost(9, 22, 24).
cost(9, 23, 88).
cost(9, 24, 41).
cost(10, 1, 33).
cost(10, 2, 35).
cost(10, 3, 45).
cost(10, 4, 76).
cost(10, 5, 41).
cost(10, 6, 73).
cost(10, 7, 26).
cost(10, 8, 34).
cost(10, 9, 45).
cost(10, 11, 6).
cost(10, 12, 48).
cost(10, 13, 56).
cost(10, 14, 46).
cost(10, 15, 46).
cost(10, 16, 48).
cost(10, 17, 64).
cost(10, 18, 37).
cost(10, 19, 65).
cost(10, 20, 45).
cost(10, 21, 67).
cost(10, 22, 42).
cost(10, 23, 66).
cost(10, 24, 5).
cost(11, 1, 39).
cost(11, 2, 35).
cost(11, 3, 43).
cost(11, 4, 81).
cost(11, 5, 47).
cost(11, 6, 76).
cost(11, 7, 27).
cost(11, 8, 29).
cost(11, 9, 42).
cost(11, 10, 6).
cost(11, 12, 52).
cost(11, 13, 61).
cost(11, 14, 50).
cost(11, 15, 51).
cost(11, 16, 54).
cost(11, 17, 69).
cost(11, 18, 33).
cost(11, 19, 68).
cost(11, 20, 44).
cost(11, 21, 68).
cost(11, 22, 42).
cost(11, 23, 71).
cost(11, 24, 4).
cost(12, 1, 25).
cost(12, 2, 37).
cost(12, 3, 50).
cost(12, 4, 31).
cost(12, 5, 28).
cost(12, 6, 27).
cost(12, 7, 33).
cost(12, 8, 61).
cost(12, 9, 61).
cost(12, 10, 48).
cost(12, 11, 52).
cost(12, 13, 12).
cost(12, 14, 5).
cost(12, 15, 15).
cost(12, 16, 22).
cost(12, 17, 18).
cost(12, 18, 60).
cost(12, 19, 17).
cost(12, 20, 40).
cost(12, 21, 44).
cost(12, 22, 39).
cost(12, 23, 27).
cost(12, 24, 48).
cost(13, 1, 27).
cost(13, 2, 49).
cost(13, 3, 62).
cost(13, 4, 21).
cost(13, 5, 25).
cost(13, 6, 29).
cost(13, 7, 44).
cost(13, 8, 72).
cost(13, 9, 73).
cost(13, 10, 56).
cost(13, 11, 61).
cost(13, 12, 12).
cost(13, 14, 17).
cost(13, 15, 12).
cost(13, 16, 16).
cost(13, 17, 9).
cost(13, 18, 72).
cost(13, 19, 17).
cost(13, 20, 52).
cost(13, 21, 54).
cost(13, 22, 51).
cost(13, 23, 15).
cost(13, 24, 57).
cost(14, 1, 26).
cost(14, 2, 33).
cost(14, 3, 46).
cost(14, 4, 35).
cost(14, 5, 30).
cost(14, 6, 27).
cost(14, 7, 29).
cost(14, 8, 57).
cost(14, 9, 57).
cost(14, 10, 46).
cost(14, 11, 50).
cost(14, 12, 5).
cost(14, 13, 17).
cost(14, 15, 18).
cost(14, 16, 26).
cost(14, 17, 22).
cost(14, 18, 56).
cost(14, 19, 18).
cost(14, 20, 36).
cost(14, 21, 40).
cost(14, 22, 34).
cost(14, 23, 32).
cost(14, 24, 46).
cost(15, 1, 14).
cost(15, 2, 46).
cost(15, 3, 60).
cost(15, 4, 31).
cost(15, 5, 14).
cost(15, 6, 40).
cost(15, 7, 39).
cost(15, 8, 66).
cost(15, 9, 69).
cost(15, 10, 46).
cost(15, 11, 51).
cost(15, 12, 15).
cost(15, 13, 12).
cost(15, 14, 18).
cost(15, 16, 8).
cost(15, 17, 21).
cost(15, 18, 67).
cost(15, 19, 28).
cost(15, 20, 51).
cost(15, 21, 58).
cost(15, 22, 49).
cost(15, 23, 21).
cost(15, 24, 47).
cost(16, 1, 15).
cost(16, 2, 52).
cost(16, 3, 67).
cost(16, 4, 32).
cost(16, 5, 10).
cost(16, 6, 45).
cost(16, 7, 45).
cost(16, 8, 71).
cost(16, 9, 76).
cost(16, 10, 48).
cost(16, 11, 54).
cost(16, 12, 22).
cost(16, 13, 16).
cost(16, 14, 26).
cost(16, 15, 8).
cost(16, 17, 24).
cost(16, 18, 73).
cost(16, 19, 33).
cost(16, 20, 58).
cost(16, 21, 65).
cost(16, 22, 56).
cost(16, 23, 18).
cost(16, 24, 50).
cost(17, 1, 35).
cost(17, 2, 54).
cost(17, 3, 67).
cost(17, 4, 13).
cost(17, 5, 33).
cost(17, 6, 25).
cost(17, 7, 51).
cost(17, 8, 78).
cost(17, 9, 78).
cost(17, 10, 64).
cost(17, 11, 69).
cost(17, 12, 18).
cost(17, 13, 9).
cost(17, 14, 22).
cost(17, 15, 21).
cost(17, 16, 24).
cost(17, 18, 78).
cost(17, 19, 13).
cost(17, 20, 56).
cost(17, 21, 54).
cost(17, 22, 55).
cost(17, 23, 15).
cost(17, 24, 65).
cost(18, 1, 60).
cost(18, 2, 24).
cost(18, 3, 18).
cost(18, 4, 91).
cost(18, 5, 70).
cost(18, 6, 75).
cost(18, 7, 28).
cost(18, 8, 5).
cost(18, 9, 10).
cost(18, 10, 37).
cost(18, 11, 33).
cost(18, 12, 60).
cost(18, 13, 72).
cost(18, 14, 56).
cost(18, 15, 67).
cost(18, 16, 73).
cost(18, 17, 78).
cost(18, 19, 72).
cost(18, 20, 28).
cost(18, 21, 51).
cost(18, 22, 27).
cost(18, 23, 86).
cost(18, 24, 33).
cost(19, 1, 41).
cost(19, 2, 47).
cost(19, 3, 58).
cost(19, 4, 22).
cost(19, 5, 41).
cost(19, 6, 12).
cost(19, 7, 46).
cost(19, 8, 73).
cost(19, 9, 70).
cost(19, 10, 65).
cost(19, 11, 68).
cost(19, 12, 17).
cost(19, 13, 17).
cost(19, 14, 18).
cost(19, 15, 28).
cost(19, 16, 33).
cost(19, 17, 13).
cost(19, 18, 72).
cost(19, 20, 47).
cost(19, 21, 41).
cost(19, 22, 46).
cost(19, 23, 28).
cost(19, 24, 64).
cost(20, 1, 51).
cost(20, 2, 10).
cost(20, 3, 11).
cost(20, 4, 68).
cost(20, 5, 59).
cost(20, 6, 48).
cost(20, 7, 20).
cost(20, 8, 30).
cost(20, 9, 23).
cost(20, 10, 45).
cost(20, 11, 44).
cost(20, 12, 40).
cost(20, 13, 52).
cost(20, 14, 36).
cost(20, 15, 51).
cost(20, 16, 58).
cost(20, 17, 56).
cost(20, 18, 28).
cost(20, 19, 47).
cost(20, 21, 25).
cost(20, 22, 2).
cost(20, 23, 67).
cost(20, 24, 41).
cost(21, 1, 64).
cost(21, 2, 33).
cost(21, 3, 33).
cost(21, 4, 63).
cost(21, 5, 70).
cost(21, 6, 35).
cost(21, 7, 41).
cost(21, 8, 54).
cost(21, 9, 45).
cost(21, 10, 67).
cost(21, 11, 68).
cost(21, 12, 44).
cost(21, 13, 54).
cost(21, 14, 40).
cost(21, 15, 58).
cost(21, 16, 65).
cost(21, 17, 54).
cost(21, 18, 51).
cost(21, 19, 41).
cost(21, 20, 25).
cost(21, 22, 27).
cost(21, 23, 68).
cost(21, 24, 64).
cost(22, 1, 48).
cost(22, 2, 7).
cost(22, 3, 12).
cost(22, 4, 67).
cost(22, 5, 57).
cost(22, 6, 48).
cost(22, 7, 17).
cost(22, 8, 29).
cost(22, 9, 24).
cost(22, 10, 42).
cost(22, 11, 42).
cost(22, 12, 39).
cost(22, 13, 51).
cost(22, 14, 34).
cost(22, 15, 49).
cost(22, 16, 56).
cost(22, 17, 55).
cost(22, 18, 27).
cost(22, 19, 46).
cost(22, 20, 2).
cost(22, 21, 27).
cost(22, 23, 66).
cost(22, 24, 39).
cost(23, 1, 33).
cost(23, 2, 64).
cost(23, 3, 77).
cost(23, 4, 16).
cost(23, 5, 28).
cost(23, 6, 39).
cost(23, 7, 58).
cost(23, 8, 86).
cost(23, 9, 88).
cost(23, 10, 66).
cost(23, 11, 71).
cost(23, 12, 27).
cost(23, 13, 15).
cost(23, 14, 32).
cost(23, 15, 21).
cost(23, 16, 18).
cost(23, 17, 15).
cost(23, 18, 86).
cost(23, 19, 28).
cost(23, 20, 67).
cost(23, 21, 68).
cost(23, 22, 66).
cost(23, 24, 68).
cost(24, 1, 36).
cost(24, 2, 31).
cost(24, 3, 41).
cost(24, 4, 77).
cost(24, 5, 44).
cost(24, 6, 72).
cost(24, 7, 23).
cost(24, 8, 29).
cost(24, 9, 41).
cost(24, 10, 5).
cost(24, 11, 4).
cost(24, 12, 48).
cost(24, 13, 57).
cost(24, 14, 46).
cost(24, 15, 47).
cost(24, 16, 50).
cost(24, 17, 65).
cost(24, 18, 33).
cost(24, 19, 64).
cost(24, 20, 41).
cost(24, 21, 64).
cost(24, 22, 39).
cost(24, 23, 68).
nocross(1,5).
nocross(1,7).
nocross(1,10).
nocross(1,12).
nocross(1,13).
nocross(1,14).
nocross(1,15).
nocross(1,16).
nocross(1,23).
nocross(1,24).
nocross(2,3).
nocross(2,7).
nocross(2,8).
nocross(2,9).
nocross(2,10).
nocross(2,11).
nocross(2,12).
nocross(2,14).
nocross(2,18).
nocross(2,20).
nocross(2,22).
nocross(2,24).
nocross(3,2).
nocross(3,7).
nocross(3,8).
nocross(3,9).
nocross(3,18).
nocross(3,20).
nocross(3,21).
nocross(3,22).
nocross(4,6).
nocross(4,12).
nocross(4,13).
nocross(4,14).
nocross(4,15).
nocross(4,16).
nocross(4,17).
nocross(4,19).
nocross(4,23).
nocross(5,1).
nocross(5,10).
nocross(5,12).
nocross(5,13).
nocross(5,14).
nocross(5,15).
nocross(5,16).
nocross(5,23).
nocross(5,24).
nocross(6,4).
nocross(6,12).
nocross(6,13).
nocross(6,14).
nocross(6,17).
nocross(6,19).
nocross(6,21).
nocross(7,1).
nocross(7,2).
nocross(7,3).
nocross(7,8).
nocross(7,10).
nocross(7,11).
nocross(7,12).
nocross(7,14).
nocross(7,18).
nocross(7,20).
nocross(7,22).
nocross(7,24).
nocross(8,2).
nocross(8,3).
nocross(8,7).
nocross(8,9).
nocross(8,10).
nocross(8,11).
nocross(8,18).
nocross(8,22).
nocross(8,24).
nocross(9,2).
nocross(9,3).
nocross(9,8).
nocross(9,11).
nocross(9,18).
nocross(9,20).
nocross(9,22).
nocross(10,1).
nocross(10,2).
nocross(10,5).
nocross(10,7).
nocross(10,8).
nocross(10,11).
nocross(10,24).
nocross(11,2).
nocross(11,7).
nocross(11,8).
nocross(11,10).
nocross(11,18).
nocross(11,24).
nocross(12,1).
nocross(12,4).
nocross(12,6).
nocross(12,7).
nocross(12,13).
nocross(12,14).
nocross(12,15).
nocross(12,16).
nocross(12,17).
nocross(12,19).
nocross(12,23).
nocross(13,1).
nocross(13,4).
nocross(13,5).
nocross(13,6).
nocross(13,12).
nocross(13,14).
nocross(13,15).
nocross(13,16).
nocross(13,17).
nocross(13,19).
nocross(13,23).
nocross(14,1).
nocross(14,2).
nocross(14,6).
nocross(14,7).
nocross(14,12).
nocross(14,13).
nocross(14,15).
nocross(14,16).
nocross(14,17).
nocross(14,19).
nocross(14,20).
nocross(14,22).
nocross(15,1).
nocross(15,4).
nocross(15,5).
nocross(15,10).
nocross(15,12).
nocross(15,13).
nocross(15,14).
nocross(15,16).
nocross(15,17).
nocross(15,23).
nocross(16,1).
nocross(16,4).
nocross(16,5).
nocross(16,12).
nocross(16,13).
nocross(16,14).
nocross(16,15).
nocross(16,17).
nocross(16,23).
nocross(17,4).
nocross(17,5).
nocross(17,6).
nocross(17,12).
nocross(17,13).
nocross(17,14).
nocross(17,15).
nocross(17,16).
nocross(17,19).
nocross(17,23).
nocross(18,2).
nocross(18,3).
nocross(18,7).
nocross(18,8).
nocross(18,9).
nocross(18,11).
nocross(18,20).
nocross(18,22).
nocross(18,24).
nocross(19,4).
nocross(19,6).
nocross(19,12).
nocross(19,13).
nocross(19,14).
nocross(19,15).
nocross(19,16).
nocross(19,17).
nocross(19,20).
nocross(19,21).
nocross(19,22).
nocross(19,23).
nocross(20,2).
nocross(20,3).
nocross(20,7).
nocross(20,9).
nocross(20,14).
nocross(20,18).
nocross(20,21).
nocross(20,22).
nocross(21,2).
nocross(21,3).
nocross(21,6).
nocross(21,9).
nocross(21,14).
nocross(21,20).
nocross(21,22).
nocross(22,2).
nocross(22,3).
nocross(22,7).
nocross(22,8).
nocross(22,9).
nocross(22,14).
nocross(22,18).
nocross(22,20).
nocross(22,21).
nocross(23,1).
nocross(23,4).
nocross(23,5).
nocross(23,12).
nocross(23,13).
nocross(23,15).
nocross(23,16).
nocross(23,17).
nocross(23,19).
nocross(24,1).
nocross(24,2).
nocross(24,7).
nocross(24,8).
nocross(24,10).
nocross(24,11).
nocross(24,18).
