dimension(30).
point(1, 716994.0, 920227.0).
point(2, 555585.0, 637492.0).
point(3, 460178.0, 817913.0).
point(4, 56739.0, 2548.0).
point(5, 686690.0, 570546.0).
point(6, 126499.0, 54199.0).
point(7, 646541.0, 421437.0).
point(8, 564691.0, 868179.0).
point(9, 350051.0, 496403.0).
point(10, 531405.0, 843613.0).
point(11, 97151.0, 837847.0).
point(12, 726037.0, 530099.0).
point(13, 581384.0, 869914.0).
point(14, 234325.0, 812487.0).
point(15, 206405.0, 936751.0).
point(16, 507141.0, 211343.0).
point(17, 63651.0, 973602.0).
point(18, 750285.0, 785666.0).
point(19, 924402.0, 668227.0).
point(20, 638580.0, 563930.0).
point(21, 954356.0, 799972.0).
point(22, 222113.0, 967610.0).
point(23, 530337.0, 836417.0).
point(24, 445587.0, 521279.0).
point(25, 311131.0, 442218.0).
point(26, 665432.0, 995081.0).
point(27, 601412.0, 603704.0).
point(28, 223415.0, 505650.0).
point(29, 856575.0, 581983.0).
point(30, 887207.0, 674512.0).
cost(1, 2, 325564).
cost(1, 3, 276446).
cost(1, 4, 1130518).
cost(1, 5, 350992).
cost(1, 6, 1048184).
cost(1, 7, 503741).
cost(1, 8, 160951).
cost(1, 9, 560601).
cost(1, 10, 200781).
cost(1, 11, 625293).
cost(1, 12, 390233).
cost(1, 13, 144643).
cost(1, 14, 494548).
cost(1, 15, 510856).
cost(1, 16, 739293).
cost(1, 17, 655520).
cost(1, 18, 138618).
cost(1, 19, 326377).
cost(1, 20, 364824).
cost(1, 21, 266086).
cost(1, 22, 497144).
cost(1, 23, 204609).
cost(1, 24, 482516).
cost(1, 25, 627070).
cost(1, 26, 90894).
cost(1, 27, 336966).
cost(1, 28, 644588).
cost(1, 29, 365912).
cost(1, 30, 298912).
cost(2, 1, 325564).
cost(2, 3, 204094).
cost(2, 4, 807466).
cost(2, 5, 147208).
cost(2, 6, 724117).
cost(2, 7, 234420).
cost(2, 8, 230867).
cost(2, 9, 249300).
cost(2, 10, 207534).
cost(2, 11, 500304).
cost(2, 12, 201463).
cost(2, 13, 233849).
cost(2, 14, 365830).
cost(2, 15, 459872).
cost(2, 16, 428894).
cost(2, 17, 595793).
cost(2, 18, 244670).
cost(2, 19, 370095).
cost(2, 20, 110903).
cost(2, 21, 430602).
cost(2, 22, 469235).
cost(2, 23, 200521).
cost(2, 24, 160016).
cost(2, 25, 312873).
cost(2, 26, 374081).
cost(2, 27, 56936).
cost(2, 28, 357378).
cost(2, 29, 306066).
cost(2, 30, 333682).
cost(3, 1, 276446).
cost(3, 2, 204094).
cost(3, 4, 909716).
cost(3, 5, 335407).
cost(3, 6, 833427).
cost(3, 7, 438092).
cost(3, 8, 115973).
cost(3, 9, 339848).
cost(3, 10, 75722).
cost(3, 11, 363574).
cost(3, 12, 391814).
cost(3, 13, 131890).
cost(3, 14, 225918).
cost(3, 15, 280220).
cost(3, 16, 608385).
cost(3, 17, 425996).
cost(3, 18, 291894).
cost(3, 19, 487760).
cost(3, 20, 310378).
cost(3, 21, 494504).
cost(3, 22, 281219).
cost(3, 23, 72558).
cost(3, 24, 296993).
cost(3, 25, 404180).
cost(3, 26, 271141).
cost(3, 27, 256579).
cost(3, 28, 391874).
cost(3, 29, 461296).
cost(3, 30, 450464).
cost(4, 1, 1130518).
cost(4, 2, 807466).
cost(4, 3, 909716).
cost(4, 5, 848210).
cost(4, 6, 86800).
cost(4, 7, 723419).
cost(4, 8, 1003659).
cost(4, 9, 574391).
cost(4, 10, 965763).
cost(4, 11, 836276).
cost(4, 12, 852215).
cost(4, 13, 1013694).
cost(4, 14, 829179).
cost(4, 15, 946116).
cost(4, 16, 496445).
cost(4, 17, 971079).
cost(4, 18, 1046078).
cost(4, 19, 1093603).
cost(4, 20, 808510).
cost(4, 21, 1200667).
cost(4, 22, 979129).
cost(4, 23, 958975).
cost(4, 24, 648294).
cost(4, 25, 507962).
cost(4, 26, 1164315).
cost(4, 27, 811207).
cost(4, 28, 529993).
cost(4, 29, 987665).
cost(4, 30, 1068276).
cost(5, 1, 350992).
cost(5, 2, 147208).
cost(5, 3, 335407).
cost(5, 4, 848210).
cost(5, 6, 761858).
cost(5, 7, 154420).
cost(5, 8, 321666).
cost(5, 9, 344707).
cost(5, 10, 314132).
cost(5, 11, 647307).
cost(5, 12, 56428).
cost(5, 13, 317349).
cost(5, 14, 513001).
cost(5, 15, 603970).
cost(5, 16, 401578).
cost(5, 17, 742046).
cost(5, 18, 224323).
cost(5, 19, 256999).
cost(5, 20, 48563).
cost(5, 21, 352536).
cost(5, 22, 611140).
cost(5, 23, 308437).
cost(5, 24, 246085).
cost(5, 25, 396879).
cost(5, 26, 425067).
cost(5, 27, 91497).
cost(5, 28, 467798).
cost(5, 29, 170270).
cost(5, 30, 225867).
cost(6, 1, 1048184).
cost(6, 2, 724117).
cost(6, 3, 833427).
cost(6, 4, 86800).
cost(6, 5, 761858).
cost(6, 7, 636638).
cost(6, 8, 924433).
cost(6, 9, 495500).
cost(6, 10, 887200).
cost(6, 11, 784197).
cost(6, 12, 765458).
cost(6, 13, 933976).
cost(6, 14, 765916).
cost(6, 15, 886162).
cost(6, 16, 411804).
cost(6, 17, 921549).
cost(6, 18, 961329).
cost(6, 19, 1006817).
cost(6, 20, 722532).
cost(6, 21, 1114237).
cost(6, 22, 918402).
cost(6, 23, 880313).
cost(6, 24, 565669).
cost(6, 25, 429707).
cost(6, 26, 1084301).
cost(6, 27, 726291).
cost(6, 28, 461737).
cost(6, 29, 900870).
cost(6, 30, 981562).
cost(7, 1, 503741).
cost(7, 2, 234420).
cost(7, 3, 438092).
cost(7, 4, 723419).
cost(7, 5, 154420).
cost(7, 6, 636638).
cost(7, 8, 454178).
cost(7, 9, 305821).
cost(7, 10, 437594).
cost(7, 11, 689367).
cost(7, 12, 134637).
cost(7, 13, 453185).
cost(7, 14, 568192).
cost(7, 15, 677693).
cost(7, 16, 252135).
cost(7, 17, 802899).
cost(7, 18, 378716).
cost(7, 19, 371634).
cost(7, 20, 142715).
cost(7, 21, 487892).
cost(7, 22, 691697).
cost(7, 23, 430943).
cost(7, 24, 224390).
cost(7, 25, 336053).
cost(7, 26, 573955).
cost(7, 27, 187771).
cost(7, 28, 431425).
cost(7, 29, 264366).
cost(7, 30, 349238).
cost(8, 1, 160951).
cost(8, 2, 230867).
cost(8, 3, 115973).
cost(8, 4, 1003659).
cost(8, 5, 321666).
cost(8, 6, 924433).
cost(8, 7, 454178).
cost(8, 9, 429287).
cost(8, 10, 41370).
cost(8, 11, 468523).
cost(8, 12, 374607).
cost(8, 13, 16783).
cost(8, 14, 335027).
cost(8, 15, 364789).
cost(8, 16, 659352).
cost(8, 17, 512011).
cost(8, 18, 203110).
cost(8, 19, 411549).
cost(8, 20, 313093).
cost(8, 21, 395589).
cost(8, 22, 356716).
cost(8, 23, 46787).
cost(8, 24, 366777).
cost(8, 25, 495717).
cost(8, 26, 162027).
cost(8, 27, 267012).
cost(8, 28, 497892).
cost(8, 29, 408784).
cost(8, 30, 376196).
cost(9, 1, 560601).
cost(9, 2, 249300).
cost(9, 3, 339848).
cost(9, 4, 574391).
cost(9, 5, 344707).
cost(9, 6, 495500).
cost(9, 7, 305821).
cost(9, 8, 429287).
cost(9, 10, 391719).
cost(9, 11, 424903).
cost(9, 12, 377493).
cost(9, 13, 439347).
cost(9, 14, 336603).
cost(9, 15, 463185).
cost(9, 16, 325479).
cost(9, 17, 556546).
cost(9, 18, 493822).
cost(9, 19, 599502).
cost(9, 20, 296326).
cost(9, 21, 676268).
cost(9, 22, 488266).
cost(9, 23, 384854).
cost(9, 24, 98722).
cost(9, 25, 66714).
cost(9, 26, 590038).
cost(9, 27, 273305).
cost(9, 28, 126973).
cost(9, 29, 513703).
cost(9, 30, 565915).
cost(10, 1, 200781).
cost(10, 2, 207534).
cost(10, 3, 75722).
cost(10, 4, 965763).
cost(10, 5, 314132).
cost(10, 6, 887200).
cost(10, 7, 437594).
cost(10, 8, 41370).
cost(10, 9, 391719).
cost(10, 11, 434292).
cost(10, 12, 369016).
cost(10, 13, 56477).
cost(10, 14, 298706).
cost(10, 15, 338082).
cost(10, 16, 632735).
cost(10, 17, 485480).
cost(10, 18, 226421).
cost(10, 19, 430357).
cost(10, 20, 299515).
cost(10, 21, 425197).
cost(10, 22, 333222).
cost(10, 23, 7275).
cost(10, 24, 333562).
cost(10, 25, 457863).
cost(10, 26, 202252).
cost(10, 27, 249915).
cost(10, 28, 457249).
cost(10, 29, 417356).
cost(10, 30, 393942).
cost(11, 1, 625293).
cost(11, 2, 500304).
cost(11, 3, 363574).
cost(11, 4, 836276).
cost(11, 5, 647307).
cost(11, 6, 784197).
cost(11, 7, 689367).
cost(11, 8, 468523).
cost(11, 9, 424903).
cost(11, 10, 434292).
cost(11, 12, 700147).
cost(11, 13, 485294).
cost(11, 14, 139499).
cost(11, 15, 147372).
cost(11, 16, 748732).
cost(11, 17, 139827).
cost(11, 18, 655215).
cost(11, 19, 844461).
cost(11, 20, 606775).
cost(11, 21, 858041).
cost(11, 22, 180150).
cost(11, 23, 433188).
cost(11, 24, 470768).
cost(11, 25, 449789).
cost(11, 26, 589632).
cost(11, 27, 555970).
cost(11, 28, 355384).
cost(11, 29, 801368).
cost(11, 30, 806763).
cost(12, 1, 390233).
cost(12, 2, 201463).
cost(12, 3, 391814).
cost(12, 4, 852215).
cost(12, 5, 56428).
cost(12, 6, 765458).
cost(12, 7, 134637).
cost(12, 8, 374607).
cost(12, 9, 377493).
cost(12, 10, 369016).
cost(12, 11, 700147).
cost(12, 13, 369322).
cost(12, 14, 567031).
cost(12, 15, 659836).
cost(12, 16, 386679).
cost(12, 17, 797151).
cost(12, 18, 256715).
cost(12, 19, 241719).
cost(12, 20, 93772).
cost(12, 21, 353498).
cost(12, 22, 667349).
cost(12, 23, 363496).
cost(12, 24, 280589).
cost(12, 25, 424111).
cost(12, 26, 468915).
cost(12, 27, 144738).
cost(12, 28, 503216).
cost(12, 29, 140471).
cost(12, 30, 216404).
cost(13, 1, 144643).
cost(13, 2, 233849).
cost(13, 3, 131890).
cost(13, 4, 1013694).
cost(13, 5, 317349).
cost(13, 6, 933976).
cost(13, 7, 453185).
cost(13, 8, 16783).
cost(13, 9, 439347).
cost(13, 10, 56477).
cost(13, 11, 485294).
cost(13, 12, 369322).
cost(13, 14, 351778).
cost(13, 15, 380889).
cost(13, 16, 662743).
cost(13, 17, 528014).
cost(13, 18, 188747).
cost(13, 19, 397918).
cost(13, 20, 311284).
cost(13, 21, 379473).
cost(13, 22, 372317).
cost(13, 23, 61056).
cost(13, 24, 374149).
cost(13, 25, 505925).
cost(13, 26, 150768).
cost(13, 27, 266962).
cost(13, 28, 510715).
cost(13, 29, 398289).
cost(13, 30, 362918).
cost(14, 1, 494548).
cost(14, 2, 365830).
cost(14, 3, 225918).
cost(14, 4, 829179).
cost(14, 5, 513001).
cost(14, 6, 765916).
cost(14, 7, 568192).
cost(14, 8, 335027).
cost(14, 9, 336603).
cost(14, 10, 298706).
cost(14, 11, 139499).
cost(14, 12, 567031).
cost(14, 13, 351778).
cost(14, 15, 127362).
cost(14, 16, 660154).
cost(14, 17, 234708).
cost(14, 18, 516657).
cost(14, 19, 704994).
cost(14, 20, 474555).
cost(14, 21, 720140).
cost(14, 22, 155603).
cost(14, 23, 296978).
cost(14, 24, 359769).
cost(14, 25, 378151).
cost(14, 26, 468181).
cost(14, 27, 422307).
cost(14, 28, 307031).
cost(14, 29, 663572).
cost(14, 30, 667302).
cost(15, 1, 510856).
cost(15, 2, 459872).
cost(15, 3, 280220).
cost(15, 4, 946116).
cost(15, 5, 603970).
cost(15, 6, 886162).
cost(15, 7, 677693).
cost(15, 8, 364789).
cost(15, 9, 463185).
cost(15, 10, 338082).
cost(15, 11, 147372).
cost(15, 12, 659836).
cost(15, 13, 380889).
cost(15, 14, 127362).
cost(15, 16, 785276).
cost(15, 17, 147434).
cost(15, 18, 564475).
cost(15, 19, 766567).
cost(15, 20, 570763).
cost(15, 21, 760355).
cost(15, 22, 34627).
cost(15, 23, 339115).
cost(15, 24, 479401).
cost(15, 25, 505500).
cost(15, 26, 462718).
cost(15, 27, 516673).
cost(15, 28, 431436).
cost(15, 29, 740663).
cost(15, 30, 729562).
cost(16, 1, 739293).
cost(16, 2, 428894).
cost(16, 3, 608385).
cost(16, 4, 496445).
cost(16, 5, 401578).
cost(16, 6, 411804).
cost(16, 7, 252135).
cost(16, 8, 659352).
cost(16, 9, 325479).
cost(16, 10, 632735).
cost(16, 11, 748732).
cost(16, 12, 386679).
cost(16, 13, 662743).
cost(16, 14, 660154).
cost(16, 15, 785276).
cost(16, 17, 881886).
cost(16, 18, 623671).
cost(16, 19, 618749).
cost(16, 20, 376290).
cost(16, 21, 739246).
cost(16, 22, 808196).
cost(16, 23, 625504).
cost(16, 24, 315989).
cost(16, 25, 302858).
cost(16, 26, 799563).
cost(16, 27, 403527).
cost(16, 28, 408800).
cost(16, 29, 509390).
cost(16, 30, 599146).
cost(17, 1, 655520).
cost(17, 2, 595793).
cost(17, 3, 425996).
cost(17, 4, 971079).
cost(17, 5, 742046).
cost(17, 6, 921549).
cost(17, 7, 802899).
cost(17, 8, 512011).
cost(17, 9, 556546).
cost(17, 10, 485480).
cost(17, 11, 139827).
cost(17, 12, 797151).
cost(17, 13, 528014).
cost(17, 14, 234708).
cost(17, 15, 147434).
cost(17, 16, 881886).
cost(17, 18, 711889).
cost(17, 19, 913316).
cost(17, 20, 705956).
cost(17, 21, 907471).
cost(17, 22, 158575).
cost(17, 23, 486431).
cost(17, 24, 592006).
cost(17, 25, 586187).
cost(17, 26, 602164).
cost(17, 27, 652696).
cost(17, 28, 494473).
cost(17, 29, 884361).
cost(17, 30, 876185).
cost(18, 1, 138618).
cost(18, 2, 244670).
cost(18, 3, 291894).
cost(18, 4, 1046078).
cost(18, 5, 224323).
cost(18, 6, 961329).
cost(18, 7, 378716).
cost(18, 8, 203110).
cost(18, 9, 493822).
cost(18, 10, 226421).
cost(18, 11, 655215).
cost(18, 12, 256715).
cost(18, 13, 188747).
cost(18, 14, 516657).
cost(18, 15, 564475).
cost(18, 16, 623671).
cost(18, 17, 711889).
cost(18, 19, 210021).
cost(18, 20, 248284).
cost(18, 21, 204572).
cost(18, 22, 558632).
cost(18, 23, 225727).
cost(18, 24, 403412).
cost(18, 25, 557506).
cost(18, 26, 225953).
cost(18, 27, 235103).
cost(18, 28, 596658).
cost(18, 29, 229748).
cost(18, 30, 176360).
cost(19, 1, 326377).
cost(19, 2, 370095).
cost(19, 3, 487760).
cost(19, 4, 1093603).
cost(19, 5, 256999).
cost(19, 6, 1006817).
cost(19, 7, 371634).
cost(19, 8, 411549).
cost(19, 9, 599502).
cost(19, 10, 430357).
cost(19, 11, 844461).
cost(19, 12, 241719).
cost(19, 13, 397918).
cost(19, 14, 704994).
cost(19, 15, 766567).
cost(19, 16, 618749).
cost(19, 17, 913316).
cost(19, 18, 210021).
cost(19, 20, 304257).
cost(19, 21, 135107).
cost(19, 22, 763440).
cost(19, 23, 428457).
cost(19, 24, 500857).
cost(19, 25, 653591).
cost(19, 26, 417012).
cost(19, 27, 329372).
cost(19, 28, 719593).
cost(19, 29, 109720).
cost(19, 30, 37722).
cost(20, 1, 364824).
cost(20, 2, 110903).
cost(20, 3, 310378).
cost(20, 4, 808510).
cost(20, 5, 48563).
cost(20, 6, 722532).
cost(20, 7, 142715).
cost(20, 8, 313093).
cost(20, 9, 296326).
cost(20, 10, 299515).
cost(20, 11, 606775).
cost(20, 12, 93772).
cost(20, 13, 311284).
cost(20, 14, 474555).
cost(20, 15, 570763).
cost(20, 16, 376290).
cost(20, 17, 705956).
cost(20, 18, 248284).
cost(20, 19, 304257).
cost(20, 21, 394247).
cost(20, 22, 580002).
cost(20, 23, 293199).
cost(20, 24, 197650).
cost(20, 25, 349337).
cost(20, 26, 431986).
cost(20, 27, 54437).
cost(20, 28, 419236).
cost(20, 29, 218741).
cost(20, 30, 272110).
cost(21, 1, 266086).
cost(21, 2, 430602).
cost(21, 3, 494504).
cost(21, 4, 1200667).
cost(21, 5, 352536).
cost(21, 6, 1114237).
cost(21, 7, 487892).
cost(21, 8, 395589).
cost(21, 9, 676268).
cost(21, 10, 425197).
cost(21, 11, 858041).
cost(21, 12, 353498).
cost(21, 13, 379473).
cost(21, 14, 720140).
cost(21, 15, 760355).
cost(21, 16, 739246).
cost(21, 17, 907471).
cost(21, 18, 204572).
cost(21, 19, 135107).
cost(21, 20, 394247).
cost(21, 22, 751187).
cost(21, 23, 425582).
cost(21, 24, 580100).
cost(21, 25, 736021).
cost(21, 26, 348632).
cost(21, 27, 403845).
cost(21, 28, 787972).
cost(21, 29, 238915).
cost(21, 30, 142300).
cost(22, 1, 497144).
cost(22, 2, 469235).
cost(22, 3, 281219).
cost(22, 4, 979129).
cost(22, 5, 611140).
cost(22, 6, 918402).
cost(22, 7, 691697).
cost(22, 8, 356716).
cost(22, 9, 488266).
cost(22, 10, 333222).
cost(22, 11, 180150).
cost(22, 12, 667349).
cost(22, 13, 372317).
cost(22, 14, 155603).
cost(22, 15, 34627).
cost(22, 16, 808196).
cost(22, 17, 158575).
cost(22, 18, 558632).
cost(22, 19, 763440).
cost(22, 20, 580002).
cost(22, 21, 751187).
cost(22, 23, 334983).
cost(22, 24, 499151).
cost(22, 25, 532880).
cost(22, 26, 444169).
cost(22, 27, 525638).
cost(22, 28, 461962).
cost(22, 29, 742462).
cost(22, 30, 726813).
cost(23, 1, 204609).
cost(23, 2, 200521).
cost(23, 3, 72558).
cost(23, 4, 958975).
cost(23, 5, 308437).
cost(23, 6, 880313).
cost(23, 7, 430943).
cost(23, 8, 46787).
cost(23, 9, 384854).
cost(23, 10, 7275).
cost(23, 11, 433188).
cost(23, 12, 363496).
cost(23, 13, 61056).
cost(23, 14, 296978).
cost(23, 15, 339115).
cost(23, 16, 625504).
cost(23, 17, 486431).
cost(23, 18, 225727).
cost(23, 19, 428457).
cost(23, 20, 293199).
cost(23, 21, 425582).
cost(23, 22, 334983).
cost(23, 24, 326335).
cost(23, 25, 451048).
cost(23, 26, 208386).
cost(23, 27, 243325).
cost(23, 28, 451229).
cost(23, 29, 413724).
cost(23, 30, 391879).
cost(24, 1, 482516).
cost(24, 2, 160016).
cost(24, 3, 296993).
cost(24, 4, 648294).
cost(24, 5, 246085).
cost(24, 6, 565669).
cost(24, 7, 224390).
cost(24, 8, 366777).
cost(24, 9, 98722).
cost(24, 10, 333562).
cost(24, 11, 470768).
cost(24, 12, 280589).
cost(24, 13, 374149).
cost(24, 14, 359769).
cost(24, 15, 479401).
cost(24, 16, 315989).
cost(24, 17, 592006).
cost(24, 18, 403412).
cost(24, 19, 500857).
cost(24, 20, 197650).
cost(24, 21, 580100).
cost(24, 22, 499151).
cost(24, 23, 326335).
cost(24, 25, 155978).
cost(24, 26, 522322).
cost(24, 27, 176282).
cost(24, 28, 222721).
cost(24, 29, 415447).
cost(24, 30, 467449).
cost(25, 1, 627070).
cost(25, 2, 312873).
cost(25, 3, 404180).
cost(25, 4, 507962).
cost(25, 5, 396879).
cost(25, 6, 429707).
cost(25, 7, 336053).
cost(25, 8, 495717).
cost(25, 9, 66714).
cost(25, 10, 457863).
cost(25, 11, 449789).
cost(25, 12, 424111).
cost(25, 13, 505925).
cost(25, 14, 378151).
cost(25, 15, 505500).
cost(25, 16, 302858).
cost(25, 17, 586187).
cost(25, 18, 557506).
cost(25, 19, 653591).
cost(25, 20, 349337).
cost(25, 21, 736021).
cost(25, 22, 532880).
cost(25, 23, 451048).
cost(25, 24, 155978).
cost(25, 26, 656648).
cost(25, 27, 332176).
cost(25, 28, 108248).
cost(25, 29, 563066).
cost(25, 30, 621147).
cost(26, 1, 90894).
cost(26, 2, 374081).
cost(26, 3, 271141).
cost(26, 4, 1164315).
cost(26, 5, 425067).
cost(26, 6, 1084301).
cost(26, 7, 573955).
cost(26, 8, 162027).
cost(26, 9, 590038).
cost(26, 10, 202252).
cost(26, 11, 589632).
cost(26, 12, 468915).
cost(26, 13, 150768).
cost(26, 14, 468181).
cost(26, 15, 462718).
cost(26, 16, 799563).
cost(26, 17, 602164).
cost(26, 18, 225953).
cost(26, 19, 417012).
cost(26, 20, 431986).
cost(26, 21, 348632).
cost(26, 22, 444169).
cost(26, 23, 208386).
cost(26, 24, 522322).
cost(26, 25, 656648).
cost(26, 27, 396579).
cost(26, 28, 659486).
cost(26, 29, 455176).
cost(26, 30, 389806).
cost(27, 1, 336966).
cost(27, 2, 56936).
cost(27, 3, 256579).
cost(27, 4, 811207).
cost(27, 5, 91497).
cost(27, 6, 726291).
cost(27, 7, 187771).
cost(27, 8, 267012).
cost(27, 9, 273305).
cost(27, 10, 249915).
cost(27, 11, 555970).
cost(27, 12, 144738).
cost(27, 13, 266962).
cost(27, 14, 422307).
cost(27, 15, 516673).
cost(27, 16, 403527).
cost(27, 17, 652696).
cost(27, 18, 235103).
cost(27, 19, 329372).
cost(27, 20, 54437).
cost(27, 21, 403845).
cost(27, 22, 525638).
cost(27, 23, 243325).
cost(27, 24, 176282).
cost(27, 25, 332176).
cost(27, 26, 396579).
cost(27, 28, 390508).
cost(27, 29, 256086).
cost(27, 30, 294436).
cost(28, 1, 644588).
cost(28, 2, 357378).
cost(28, 3, 391874).
cost(28, 4, 529993).
cost(28, 5, 467798).
cost(28, 6, 461737).
cost(28, 7, 431425).
cost(28, 8, 497892).
cost(28, 9, 126973).
cost(28, 10, 457249).
cost(28, 11, 355384).
cost(28, 12, 503216).
cost(28, 13, 510715).
cost(28, 14, 307031).
cost(28, 15, 431436).
cost(28, 16, 408800).
cost(28, 17, 494473).
cost(28, 18, 596658).
cost(28, 19, 719593).
cost(28, 20, 419236).
cost(28, 21, 787972).
cost(28, 22, 461962).
cost(28, 23, 451229).
cost(28, 24, 222721).
cost(28, 25, 108248).
cost(28, 26, 659486).
cost(28, 27, 390508).
cost(28, 29, 637745).
cost(28, 30, 684934).
cost(29, 1, 365912).
cost(29, 2, 306066).
cost(29, 3, 461296).
cost(29, 4, 987665).
cost(29, 5, 170270).
cost(29, 6, 900870).
cost(29, 7, 264366).
cost(29, 8, 408784).
cost(29, 9, 513703).
cost(29, 10, 417356).
cost(29, 11, 801368).
cost(29, 12, 140471).
cost(29, 13, 398289).
cost(29, 14, 663572).
cost(29, 15, 740663).
cost(29, 16, 509390).
cost(29, 17, 884361).
cost(29, 18, 229748).
cost(29, 19, 109720).
cost(29, 20, 218741).
cost(29, 21, 238915).
cost(29, 22, 742462).
cost(29, 23, 413724).
cost(29, 24, 415447).
cost(29, 25, 563066).
cost(29, 26, 455176).
cost(29, 27, 256086).
cost(29, 28, 637745).
cost(29, 30, 97468).
cost(30, 1, 298912).
cost(30, 2, 333682).
cost(30, 3, 450464).
cost(30, 4, 1068276).
cost(30, 5, 225867).
cost(30, 6, 981562).
cost(30, 7, 349238).
cost(30, 8, 376196).
cost(30, 9, 565915).
cost(30, 10, 393942).
cost(30, 11, 806763).
cost(30, 12, 216404).
cost(30, 13, 362918).
cost(30, 14, 667302).
cost(30, 15, 729562).
cost(30, 16, 599146).
cost(30, 17, 876185).
cost(30, 18, 176360).
cost(30, 19, 37722).
cost(30, 20, 272110).
cost(30, 21, 142300).
cost(30, 22, 726813).
cost(30, 23, 391879).
cost(30, 24, 467449).
cost(30, 25, 621147).
cost(30, 26, 389806).
cost(30, 27, 294436).
cost(30, 28, 684934).
cost(30, 29, 97468).
