dimension(30).
point(1, 35782.0, 646095.0).
point(2, 831314.0, 581335.0).
point(3, 843951.0, 248766.0).
point(4, 537425.0, 583981.0).
point(5, 303526.0, 796350.0).
point(6, 288771.0, 452908.0).
point(7, 653512.0, 409220.0).
point(8, 757452.0, 271152.0).
point(9, 245163.0, 206350.0).
point(10, 264674.0, 384239.0).
point(11, 306697.0, 878369.0).
point(12, 992752.0, 569256.0).
point(13, 809443.0, 253988.0).
point(14, 332920.0, 542391.0).
point(15, 711357.0, 892670.0).
point(16, 53299.0, 995220.0).
point(17, 162228.0, 220292.0).
point(18, 784662.0, 208790.0).
point(19, 153457.0, 149937.0).
point(20, 484429.0, 836131.0).
point(21, 466890.0, 816823.0).
point(22, 72247.0, 387738.0).
point(23, 937170.0, 389609.0).
point(24, 352676.0, 439993.0).
point(25, 404877.0, 945864.0).
point(26, 95479.0, 736738.0).
point(27, 850463.0, 283134.0).
point(28, 672525.0, 40562.0).
point(29, 483867.0, 611022.0).
point(30, 796673.0, 635161.0).
cost(1, 2, 798164).
cost(1, 3, 900560).
cost(1, 4, 505474).
cost(1, 5, 307023).
cost(1, 6, 318315).
cost(1, 7, 661589).
cost(1, 8, 813259).
cost(1, 9, 487048).
cost(1, 10, 347793).
cost(1, 11, 356856).
cost(1, 12, 960050).
cost(1, 13, 867352).
cost(1, 14, 314715).
cost(1, 15, 719167).
cost(1, 16, 349564).
cost(1, 17, 444181).
cost(1, 18, 867212).
cost(1, 19, 509922).
cost(1, 20, 487235).
cost(1, 21, 463683).
cost(1, 22, 260918).
cost(1, 23, 937169).
cost(1, 24, 378021).
cost(1, 25, 475492).
cost(1, 26, 108535).
cost(1, 27, 891878).
cost(1, 28, 878699).
cost(1, 29, 449456).
cost(1, 30, 760970).
cost(2, 1, 798164).
cost(2, 3, 332809).
cost(2, 4, 293901).
cost(2, 5, 569905).
cost(2, 6, 557536).
cost(2, 7, 247461).
cost(2, 8, 318856).
cost(2, 9, 695835).
cost(2, 10, 599940).
cost(2, 11, 602870).
cost(2, 12, 161889).
cost(2, 13, 328077).
cost(2, 14, 499913).
cost(2, 15, 333645).
cost(2, 16, 881254).
cost(2, 17, 760282).
cost(2, 18, 375455).
cost(2, 19, 803489).
cost(2, 20, 430407).
cost(2, 21, 433889).
cost(2, 22, 783366).
cost(2, 23, 219008).
cost(2, 24, 499071).
cost(2, 25, 561008).
cost(2, 26, 752066).
cost(2, 27, 298815).
cost(2, 28, 563604).
cost(2, 29, 348713).
cost(2, 30, 64010).
cost(3, 1, 900560).
cost(3, 2, 332809).
cost(3, 4, 454233).
cost(3, 5, 769355).
cost(3, 6, 591522).
cost(3, 7, 249023).
cost(3, 8, 89349).
cost(3, 9, 600288).
cost(3, 10, 594907).
cost(3, 11, 827673).
cost(3, 12, 353349).
cost(3, 13, 34901).
cost(3, 14, 589380).
cost(3, 15, 657414).
cost(3, 16, 1087347).
cost(3, 17, 682317).
cost(3, 18, 71507).
cost(3, 19, 697531).
cost(3, 20, 688661).
cost(3, 21, 681809).
cost(3, 22, 784118).
cost(3, 23, 168898).
cost(3, 24, 527180).
cost(3, 25, 823852).
cost(3, 26, 893491).
cost(3, 27, 34980).
cost(3, 28, 269696).
cost(3, 29, 510774).
cost(3, 30, 389277).
cost(4, 1, 505474).
cost(4, 2, 293901).
cost(4, 3, 454233).
cost(4, 5, 315926).
cost(4, 6, 281085).
cost(4, 7, 209804).
cost(4, 8, 382458).
cost(4, 9, 477517).
cost(4, 10, 338068).
cost(4, 11, 374032).
cost(4, 12, 455565).
cost(4, 13, 427655).
cost(4, 14, 208691).
cost(4, 15, 354318).
cost(4, 16, 635213).
cost(4, 17, 522535).
cost(4, 18, 449327).
cost(4, 19, 579505).
cost(4, 20, 257659).
cost(4, 21, 243291).
cost(4, 22, 504878).
cost(4, 23, 444496).
cost(4, 24, 234232).
cost(4, 25, 385394).
cost(4, 26, 467601).
cost(4, 27, 434168).
cost(4, 28, 559961).
cost(4, 29, 59997).
cost(4, 30, 264252).
cost(5, 1, 307023).
cost(5, 2, 569905).
cost(5, 3, 769355).
cost(5, 4, 315926).
cost(5, 6, 343759).
cost(5, 7, 521881).
cost(5, 8, 694177).
cost(5, 9, 592880).
cost(5, 10, 413938).
cost(5, 11, 82080).
cost(5, 12, 725675).
cost(5, 13, 741693).
cost(5, 14, 255654).
cost(5, 15, 419051).
cost(5, 16, 319629).
cost(5, 17, 593134).
cost(5, 18, 759420).
cost(5, 19, 663604).
cost(5, 20, 185225).
cost(5, 21, 164642).
cost(5, 22, 469525).
cost(5, 23, 752956).
cost(5, 24, 359731).
cost(5, 25, 180628).
cost(5, 26, 216419).
cost(5, 27, 750020).
cost(5, 28, 841056).
cost(5, 29, 258591).
cost(5, 30, 518822).
cost(6, 1, 318315).
cost(6, 2, 557536).
cost(6, 3, 591522).
cost(6, 4, 281085).
cost(6, 5, 343759).
cost(6, 7, 367348).
cost(6, 8, 502690).
cost(6, 9, 250385).
cost(6, 10, 72774).
cost(6, 11, 425838).
cost(6, 12, 713531).
cost(6, 13, 557376).
cost(6, 14, 99781).
cost(6, 15, 609893).
cost(6, 16, 591227).
cost(6, 17, 264808).
cost(6, 18, 552722).
cost(6, 19, 331815).
cost(6, 20, 430281).
cost(6, 21, 405167).
cost(6, 22, 226119).
cost(6, 23, 651481).
cost(6, 24, 65197).
cost(6, 25, 506445).
cost(6, 26, 343397).
cost(6, 27, 586789).
cost(6, 28, 563291).
cost(6, 29, 251122).
cost(6, 30, 539612).
cost(7, 1, 661589).
cost(7, 2, 247461).
cost(7, 3, 249023).
cost(7, 4, 209804).
cost(7, 5, 521881).
cost(7, 6, 367348).
cost(7, 8, 172819).
cost(7, 9, 455966).
cost(7, 10, 389640).
cost(7, 11, 583422).
cost(7, 12, 375094).
cost(7, 13, 220026).
cost(7, 14, 347151).
cost(7, 15, 486898).
cost(7, 16, 838839).
cost(7, 17, 526359).
cost(7, 18, 239526).
cost(7, 19, 563279).
cost(7, 20, 459175).
cost(7, 21, 448295).
cost(7, 22, 581662).
cost(7, 23, 284335).
cost(7, 24, 302406).
cost(7, 25, 591444).
cost(7, 26, 647046).
cost(7, 27, 233853).
cost(7, 28, 369148).
cost(7, 29, 263635).
cost(7, 30, 267478).
cost(8, 1, 813259).
cost(8, 2, 318856).
cost(8, 3, 89349).
cost(8, 4, 382458).
cost(8, 5, 694177).
cost(8, 6, 502690).
cost(8, 7, 172819).
cost(8, 9, 516371).
cost(8, 10, 505588).
cost(8, 11, 756236).
cost(8, 12, 379779).
cost(8, 13, 54751).
cost(8, 14, 503784).
cost(8, 15, 623225).
cost(8, 16, 1010003).
cost(8, 17, 597393).
cost(8, 18, 68040).
cost(8, 19, 616038).
cost(8, 20, 627489).
cost(8, 21, 618210).
cost(8, 22, 695053).
cost(8, 23, 215245).
cost(8, 24, 438578).
cost(8, 25, 761279).
cost(8, 26, 809307).
cost(8, 27, 93780).
cost(8, 28, 245732).
cost(8, 29, 436303).
cost(8, 30, 366116).
cost(9, 1, 487048).
cost(9, 2, 695835).
cost(9, 3, 600288).
cost(9, 4, 477517).
cost(9, 5, 592880).
cost(9, 6, 250385).
cost(9, 7, 455966).
cost(9, 8, 516371).
cost(9, 10, 178956).
cost(9, 11, 674830).
cost(9, 12, 831017).
cost(9, 13, 566287).
cost(9, 14, 347311).
cost(9, 15, 829682).
cost(9, 16, 811867).
cost(9, 17, 84099).
cost(9, 18, 539505).
cost(9, 19, 107668).
cost(9, 20, 673700).
cost(9, 21, 649492).
cost(9, 22, 250602).
cost(9, 23, 715861).
cost(9, 24, 257193).
cost(9, 25, 756564).
cost(9, 26, 551105).
cost(9, 27, 610151).
cost(9, 28, 458393).
cost(9, 29, 469829).
cost(9, 30, 698600).
cost(10, 1, 347793).
cost(10, 2, 599940).
cost(10, 3, 594907).
cost(10, 4, 338068).
cost(10, 5, 413938).
cost(10, 6, 72774).
cost(10, 7, 389640).
cost(10, 8, 505588).
cost(10, 9, 178956).
cost(10, 11, 495914).
cost(10, 12, 751218).
cost(10, 13, 560124).
cost(10, 14, 172249).
cost(10, 15, 676777).
cost(10, 16, 646512).
cost(10, 17, 193323).
cost(10, 18, 548789).
cost(10, 19, 259358).
cost(10, 20, 502492).
cost(10, 21, 477515).
cost(10, 22, 192459).
cost(10, 23, 672517).
cost(10, 24, 104177).
cost(10, 25, 578861).
cost(10, 26, 391002).
cost(10, 27, 594450).
cost(10, 28, 533344).
cost(10, 29, 315398).
cost(10, 30, 588205).
cost(11, 1, 356856).
cost(11, 2, 602870).
cost(11, 3, 827673).
cost(11, 4, 374032).
cost(11, 5, 82080).
cost(11, 6, 425838).
cost(11, 7, 583422).
cost(11, 8, 756236).
cost(11, 9, 674830).
cost(11, 10, 495914).
cost(11, 12, 752477).
cost(11, 13, 801627).
cost(11, 14, 337000).
cost(11, 15, 404913).
cost(11, 16, 279042).
cost(11, 17, 673748).
cost(11, 18, 822670).
cost(11, 19, 744376).
cost(11, 20, 182682).
cost(11, 21, 171609).
cost(11, 22, 543770).
cost(11, 23, 797736).
cost(11, 24, 440781).
cost(11, 25, 119142).
cost(11, 26, 254308).
cost(11, 27, 806217).
cost(11, 28, 914194).
cost(11, 29, 320724).
cost(11, 30, 547016).
cost(12, 1, 960050).
cost(12, 2, 161889).
cost(12, 3, 353349).
cost(12, 4, 455565).
cost(12, 5, 725675).
cost(12, 6, 713531).
cost(12, 7, 375094).
cost(12, 8, 379779).
cost(12, 9, 831017).
cost(12, 10, 751218).
cost(12, 11, 752477).
cost(12, 13, 364686).
cost(12, 14, 660379).
cost(12, 15, 428695).
cost(12, 16, 1031512).
cost(12, 17, 900858).
cost(12, 18, 416218).
cost(12, 19, 938213).
cost(12, 20, 574121).
cost(12, 21, 581223).
cost(12, 22, 938231).
cost(12, 23, 188049).
cost(12, 24, 652998).
cost(12, 25, 698162).
cost(12, 26, 912770).
cost(12, 27, 319550).
cost(12, 28, 618112).
cost(12, 29, 510596).
cost(12, 30, 206859).
cost(13, 1, 867352).
cost(13, 2, 328077).
cost(13, 3, 34901).
cost(13, 4, 427655).
cost(13, 5, 741693).
cost(13, 6, 557376).
cost(13, 7, 220026).
cost(13, 8, 54751).
cost(13, 9, 566287).
cost(13, 10, 560124).
cost(13, 11, 801627).
cost(13, 12, 364686).
cost(13, 14, 557001).
cost(13, 15, 646170).
cost(13, 16, 1058857).
cost(13, 17, 648092).
cost(13, 18, 51546).
cost(13, 19, 664187).
cost(13, 20, 666727).
cost(13, 21, 658882).
cost(13, 22, 749231).
cost(13, 23, 186299).
cost(13, 24, 493188).
cost(13, 25, 801477).
cost(13, 26, 861854).
cost(13, 27, 50320).
cost(13, 28, 253569).
cost(13, 29, 483190).
cost(13, 30, 381387).
cost(14, 1, 314715).
cost(14, 2, 499913).
cost(14, 3, 589380).
cost(14, 4, 208691).
cost(14, 5, 255654).
cost(14, 6, 99781).
cost(14, 7, 347151).
cost(14, 8, 503784).
cost(14, 9, 347311).
cost(14, 10, 172249).
cost(14, 11, 337000).
cost(14, 12, 660379).
cost(14, 13, 557001).
cost(14, 15, 515665).
cost(14, 16, 532205).
cost(14, 17, 364532).
cost(14, 18, 561570).
cost(14, 19, 431540).
cost(14, 20, 330512).
cost(14, 21, 305386).
cost(14, 22, 303097).
cost(14, 23, 623266).
cost(14, 24, 104286).
cost(14, 25, 409839).
cost(14, 26, 306837).
cost(14, 27, 578848).
cost(14, 28, 605941).
cost(14, 29, 165817).
cost(14, 30, 472941).
cost(15, 1, 719167).
cost(15, 2, 333645).
cost(15, 3, 657414).
cost(15, 4, 354318).
cost(15, 5, 419051).
cost(15, 6, 609893).
cost(15, 7, 486898).
cost(15, 8, 623225).
cost(15, 9, 829682).
cost(15, 10, 676777).
cost(15, 11, 404913).
cost(15, 12, 428695).
cost(15, 13, 646170).
cost(15, 14, 515665).
cost(15, 16, 666001).
cost(15, 17, 868121).
cost(15, 18, 687798).
cost(15, 19, 928927).
cost(15, 20, 233865).
cost(15, 21, 255963).
cost(15, 22, 814505).
cost(15, 23, 551418).
cost(15, 24, 577554).
cost(15, 25, 311062).
cost(15, 26, 635311).
cost(15, 27, 625208).
cost(15, 28, 852992).
cost(15, 29, 362046).
cost(15, 30, 271274).
cost(16, 1, 349564).
cost(16, 2, 881254).
cost(16, 3, 1087347).
cost(16, 4, 635213).
cost(16, 5, 319629).
cost(16, 6, 591227).
cost(16, 7, 838839).
cost(16, 8, 1010003).
cost(16, 9, 811867).
cost(16, 10, 646512).
cost(16, 11, 279042).
cost(16, 12, 1031512).
cost(16, 13, 1058857).
cost(16, 14, 532205).
cost(16, 15, 666001).
cost(16, 17, 782546).
cost(16, 18, 1073948).
cost(16, 19, 851196).
cost(16, 20, 459546).
cost(16, 21, 450425).
cost(16, 22, 607777).
cost(16, 23, 1071444).
cost(16, 24, 630796).
cost(16, 25, 355025).
cost(16, 26, 261901).
cost(16, 27, 1068895).
cost(16, 28, 1137898).
cost(16, 29, 577059).
cost(16, 30, 825983).
cost(17, 1, 444181).
cost(17, 2, 760282).
cost(17, 3, 682317).
cost(17, 4, 522535).
cost(17, 5, 593134).
cost(17, 6, 264808).
cost(17, 7, 526359).
cost(17, 8, 597393).
cost(17, 9, 84099).
cost(17, 10, 193323).
cost(17, 11, 673748).
cost(17, 12, 900858).
cost(17, 13, 648092).
cost(17, 14, 364532).
cost(17, 15, 868121).
cost(17, 16, 782546).
cost(17, 18, 622540).
cost(17, 19, 70900).
cost(17, 20, 695033).
cost(17, 21, 669827).
cost(17, 22, 190091).
cost(17, 23, 793223).
cost(17, 24, 290756).
cost(17, 25, 765071).
cost(17, 26, 520742).
cost(17, 27, 691098).
cost(17, 28, 541023).
cost(17, 29, 506085).
cost(17, 30, 758048).
cost(18, 1, 867212).
cost(18, 2, 375455).
cost(18, 3, 71507).
cost(18, 4, 449327).
cost(18, 5, 759420).
cost(18, 6, 552722).
cost(18, 7, 239526).
cost(18, 8, 68040).
cost(18, 9, 539505).
cost(18, 10, 548789).
cost(18, 11, 822670).
cost(18, 12, 416218).
cost(18, 13, 51546).
cost(18, 14, 561570).
cost(18, 15, 687798).
cost(18, 16, 1073948).
cost(18, 17, 622540).
cost(18, 19, 633943).
cost(18, 20, 695483).
cost(18, 21, 686064).
cost(18, 22, 734546).
cost(18, 23, 236546).
cost(18, 24, 489966).
cost(18, 25, 829165).
cost(18, 26, 868160).
cost(18, 27, 99281).
cost(18, 28, 202177).
cost(18, 29, 502263).
cost(18, 30, 426540).
cost(19, 1, 509922).
cost(19, 2, 803489).
cost(19, 3, 697531).
cost(19, 4, 579505).
cost(19, 5, 663604).
cost(19, 6, 331815).
cost(19, 7, 563279).
cost(19, 8, 616038).
cost(19, 9, 107668).
cost(19, 10, 259358).
cost(19, 11, 744376).
cost(19, 12, 938213).
cost(19, 13, 664187).
cost(19, 14, 431540).
cost(19, 15, 928927).
cost(19, 16, 851196).
cost(19, 17, 70900).
cost(19, 18, 633943).
cost(19, 20, 761843).
cost(19, 21, 736870).
cost(19, 22, 251285).
cost(19, 23, 819542).
cost(19, 24, 351882).
cost(19, 25, 834693).
cost(19, 26, 589658).
cost(19, 27, 709619).
cost(19, 28, 530466).
cost(19, 29, 567248).
cost(19, 30, 805710).
cost(20, 1, 487235).
cost(20, 2, 430407).
cost(20, 3, 688661).
cost(20, 4, 257659).
cost(20, 5, 185225).
cost(20, 6, 430281).
cost(20, 7, 459175).
cost(20, 8, 627489).
cost(20, 9, 673700).
cost(20, 10, 502492).
cost(20, 11, 182682).
cost(20, 12, 574121).
cost(20, 13, 666727).
cost(20, 14, 330512).
cost(20, 15, 233865).
cost(20, 16, 459546).
cost(20, 17, 695033).
cost(20, 18, 695483).
cost(20, 19, 761843).
cost(20, 21, 26085).
cost(20, 22, 609057).
cost(20, 23, 635890).
cost(20, 24, 417474).
cost(20, 25, 135535).
cost(20, 26, 401449).
cost(20, 27, 663164).
cost(20, 28, 817502).
cost(20, 29, 225110).
cost(20, 30, 371329).
cost(21, 1, 463683).
cost(21, 2, 433889).
cost(21, 3, 681809).
cost(21, 4, 243291).
cost(21, 5, 164642).
cost(21, 6, 405167).
cost(21, 7, 448295).
cost(21, 8, 618210).
cost(21, 9, 649492).
cost(21, 10, 477515).
cost(21, 11, 171609).
cost(21, 12, 581223).
cost(21, 13, 658882).
cost(21, 14, 305386).
cost(21, 15, 255963).
cost(21, 16, 450425).
cost(21, 17, 669827).
cost(21, 18, 686064).
cost(21, 19, 736870).
cost(21, 20, 26085).
cost(21, 22, 582973).
cost(21, 23, 635354).
cost(21, 24, 393758).
cost(21, 25, 143168).
cost(21, 26, 379947).
cost(21, 27, 657231).
cost(21, 28, 803036).
cost(21, 29, 206500).
cost(21, 30, 376508).
cost(22, 1, 260918).
cost(22, 2, 783366).
cost(22, 3, 784118).
cost(22, 4, 504878).
cost(22, 5, 469525).
cost(22, 6, 226119).
cost(22, 7, 581662).
cost(22, 8, 695053).
cost(22, 9, 250602).
cost(22, 10, 192459).
cost(22, 11, 543770).
cost(22, 12, 938231).
cost(22, 13, 749231).
cost(22, 14, 303097).
cost(22, 15, 814505).
cost(22, 16, 607777).
cost(22, 17, 190091).
cost(22, 18, 734546).
cost(22, 19, 251285).
cost(22, 20, 609057).
cost(22, 21, 582973).
cost(22, 23, 864925).
cost(22, 24, 285256).
cost(22, 25, 649729).
cost(22, 26, 349772).
cost(22, 27, 785215).
cost(22, 28, 693444).
cost(22, 29, 468281).
cost(22, 30, 765514).
cost(23, 1, 937169).
cost(23, 2, 219008).
cost(23, 3, 168898).
cost(23, 4, 444496).
cost(23, 5, 752956).
cost(23, 6, 651481).
cost(23, 7, 284335).
cost(23, 8, 215245).
cost(23, 9, 715861).
cost(23, 10, 672517).
cost(23, 11, 797736).
cost(23, 12, 188049).
cost(23, 13, 186299).
cost(23, 14, 623266).
cost(23, 15, 551418).
cost(23, 16, 1071444).
cost(23, 17, 793223).
cost(23, 18, 236546).
cost(23, 19, 819542).
cost(23, 20, 635890).
cost(23, 21, 635354).
cost(23, 22, 864925).
cost(23, 24, 586662).
cost(23, 25, 769906).
cost(23, 26, 910463).
cost(23, 27, 137314).
cost(23, 28, 438031).
cost(23, 29, 504487).
cost(23, 30, 282905).
cost(24, 1, 378021).
cost(24, 2, 499071).
cost(24, 3, 527180).
cost(24, 4, 234232).
cost(24, 5, 359731).
cost(24, 6, 65197).
cost(24, 7, 302406).
cost(24, 8, 438578).
cost(24, 9, 257193).
cost(24, 10, 104177).
cost(24, 11, 440781).
cost(24, 12, 652998).
cost(24, 13, 493188).
cost(24, 14, 104286).
cost(24, 15, 577554).
cost(24, 16, 630796).
cost(24, 17, 290756).
cost(24, 18, 489966).
cost(24, 19, 351882).
cost(24, 20, 417474).
cost(24, 21, 393758).
cost(24, 22, 285256).
cost(24, 23, 586662).
cost(24, 25, 508557).
cost(24, 26, 392693).
cost(24, 27, 521916).
cost(24, 28, 511711).
cost(24, 29, 215550).
cost(24, 30, 484999).
cost(25, 1, 475492).
cost(25, 2, 561008).
cost(25, 3, 823852).
cost(25, 4, 385394).
cost(25, 5, 180628).
cost(25, 6, 506445).
cost(25, 7, 591444).
cost(25, 8, 761279).
cost(25, 9, 756564).
cost(25, 10, 578861).
cost(25, 11, 119142).
cost(25, 12, 698162).
cost(25, 13, 801477).
cost(25, 14, 409839).
cost(25, 15, 311062).
cost(25, 16, 355025).
cost(25, 17, 765071).
cost(25, 18, 829165).
cost(25, 19, 834693).
cost(25, 20, 135535).
cost(25, 21, 143168).
cost(25, 22, 649729).
cost(25, 23, 769906).
cost(25, 24, 508557).
cost(25, 26, 373445).
cost(25, 27, 798597).
cost(25, 28, 944038).
cost(25, 29, 344033).
cost(25, 30, 500040).
cost(26, 1, 108535).
cost(26, 2, 752066).
cost(26, 3, 893491).
cost(26, 4, 467601).
cost(26, 5, 216419).
cost(26, 6, 343397).
cost(26, 7, 647046).
cost(26, 8, 809307).
cost(26, 9, 551105).
cost(26, 10, 391002).
cost(26, 11, 254308).
cost(26, 12, 912770).
cost(26, 13, 861854).
cost(26, 14, 306837).
cost(26, 15, 635311).
cost(26, 16, 261901).
cost(26, 17, 520742).
cost(26, 18, 868160).
cost(26, 19, 589658).
cost(26, 20, 401449).
cost(26, 21, 379947).
cost(26, 22, 349772).
cost(26, 23, 910463).
cost(26, 24, 392693).
cost(26, 25, 373445).
cost(26, 27, 880771).
cost(26, 28, 904236).
cost(26, 29, 408228).
cost(26, 30, 708513).
cost(27, 1, 891878).
cost(27, 2, 298815).
cost(27, 3, 34980).
cost(27, 4, 434168).
cost(27, 5, 750020).
cost(27, 6, 586789).
cost(27, 7, 233853).
cost(27, 8, 93780).
cost(27, 9, 610151).
cost(27, 10, 594450).
cost(27, 11, 806217).
cost(27, 12, 319550).
cost(27, 13, 50320).
cost(27, 14, 578848).
cost(27, 15, 625208).
cost(27, 16, 1068895).
cost(27, 17, 691098).
cost(27, 18, 99281).
cost(27, 19, 709619).
cost(27, 20, 663164).
cost(27, 21, 657231).
cost(27, 22, 785215).
cost(27, 23, 137314).
cost(27, 24, 521916).
cost(27, 25, 798597).
cost(27, 26, 880771).
cost(27, 28, 300837).
cost(27, 29, 491837).
cost(27, 30, 356113).
cost(28, 1, 878699).
cost(28, 2, 563604).
cost(28, 3, 269696).
cost(28, 4, 559961).
cost(28, 5, 841056).
cost(28, 6, 563291).
cost(28, 7, 369148).
cost(28, 8, 245732).
cost(28, 9, 458393).
cost(28, 10, 533344).
cost(28, 11, 914194).
cost(28, 12, 618112).
cost(28, 13, 253569).
cost(28, 14, 605941).
cost(28, 15, 852992).
cost(28, 16, 1137898).
cost(28, 17, 541023).
cost(28, 18, 202177).
cost(28, 19, 530466).
cost(28, 20, 817502).
cost(28, 21, 803036).
cost(28, 22, 693444).
cost(28, 23, 438031).
cost(28, 24, 511711).
cost(28, 25, 944038).
cost(28, 26, 904236).
cost(28, 27, 300837).
cost(28, 29, 600846).
cost(28, 30, 607421).
cost(29, 1, 449456).
cost(29, 2, 348713).
cost(29, 3, 510774).
cost(29, 4, 59997).
cost(29, 5, 258591).
cost(29, 6, 251122).
cost(29, 7, 263635).
cost(29, 8, 436303).
cost(29, 9, 469829).
cost(29, 10, 315398).
cost(29, 11, 320724).
cost(29, 12, 510596).
cost(29, 13, 483190).
cost(29, 14, 165817).
cost(29, 15, 362046).
cost(29, 16, 577059).
cost(29, 17, 506085).
cost(29, 18, 502263).
cost(29, 19, 567248).
cost(29, 20, 225110).
cost(29, 21, 206500).
cost(29, 22, 468281).
cost(29, 23, 504487).
cost(29, 24, 215550).
cost(29, 25, 344033).
cost(29, 26, 408228).
cost(29, 27, 491837).
cost(29, 28, 600846).
cost(29, 30, 313736).
cost(30, 1, 760970).
cost(30, 2, 64010).
cost(30, 3, 389277).
cost(30, 4, 264252).
cost(30, 5, 518822).
cost(30, 6, 539612).
cost(30, 7, 267478).
cost(30, 8, 366116).
cost(30, 9, 698600).
cost(30, 10, 588205).
cost(30, 11, 547016).
cost(30, 12, 206859).
cost(30, 13, 381387).
cost(30, 14, 472941).
cost(30, 15, 271274).
cost(30, 16, 825983).
cost(30, 17, 758048).
cost(30, 18, 426540).
cost(30, 19, 805710).
cost(30, 20, 371329).
cost(30, 21, 376508).
cost(30, 22, 765514).
cost(30, 23, 282905).
cost(30, 24, 484999).
cost(30, 25, 500040).
cost(30, 26, 708513).
cost(30, 27, 356113).
cost(30, 28, 607421).
cost(30, 29, 313736).
