dimension(30).
point(1, 619678.0, 595351.0).
point(2, 166404.0, 772327.0).
point(3, 657860.0, 879464.0).
point(4, 411123.0, 228467.0).
point(5, 774810.0, 745661.0).
point(6, 149681.0, 396872.0).
point(7, 504680.0, 133977.0).
point(8, 163657.0, 640033.0).
point(9, 192210.0, 740681.0).
point(10, 493301.0, 349417.0).
point(11, 127086.0, 129350.0).
point(12, 764140.0, 678550.0).
point(13, 756821.0, 67639.0).
point(14, 105553.0, 202473.0).
point(15, 707113.0, 930454.0).
point(16, 13735.0, 180468.0).
point(17, 363448.0, 8843.0).
point(18, 469481.0, 131826.0).
point(19, 957124.0, 451328.0).
point(20, 616558.0, 317101.0).
point(21, 741861.0, 516665.0).
point(22, 343560.0, 741914.0).
point(23, 731313.0, 201158.0).
point(24, 432314.0, 81095.0).
point(25, 610238.0, 657024.0).
point(26, 869725.0, 672460.0).
point(27, 65562.0, 557908.0).
point(28, 144716.0, 439209.0).
point(29, 231903.0, 157560.0).
point(30, 302845.0, 526033.0).
cost(1, 2, 486598).
cost(1, 3, 286667).
cost(1, 4, 422018).
cost(1, 5, 216007).
cost(1, 6, 510187).
cost(1, 7, 475490).
cost(1, 8, 458205).
cost(1, 9, 451497).
cost(1, 10, 276504).
cost(1, 11, 678088).
cost(1, 12, 166707).
cost(1, 13, 545241).
cost(1, 14, 647053).
cost(1, 15, 346322).
cost(1, 16, 734367).
cost(1, 17, 640036).
cost(1, 18, 487252).
cost(1, 19, 366896).
cost(1, 20, 278267).
cost(1, 21, 145328).
cost(1, 22, 312605).
cost(1, 23, 409696).
cost(1, 24, 547325).
cost(1, 25, 62391).
cost(1, 26, 261666).
cost(1, 27, 555380).
cost(1, 28, 499969).
cost(1, 29, 584834).
cost(1, 30, 324327).
cost(2, 1, 486598).
cost(2, 3, 502998).
cost(2, 4, 596382).
cost(2, 5, 608990).
cost(2, 6, 375827).
cost(2, 7, 722441).
cost(2, 8, 132323).
cost(2, 9, 40834).
cost(2, 10, 534523).
cost(2, 11, 644178).
cost(2, 12, 605047).
cost(2, 13, 919335).
cost(2, 14, 573094).
cost(2, 15, 563356).
cost(2, 16, 611232).
cost(2, 17, 788501).
cost(2, 18, 708588).
cost(2, 19, 853392).
cost(2, 20, 640210).
cost(2, 21, 629693).
cost(2, 22, 179748).
cost(2, 23, 803341).
cost(2, 24, 740614).
cost(2, 25, 458567).
cost(2, 26, 710376).
cost(2, 27, 236949).
cost(2, 28, 333823).
cost(2, 29, 618246).
cost(2, 30, 281562).
cost(3, 1, 286667).
cost(3, 2, 502998).
cost(3, 4, 696187).
cost(3, 5, 177709).
cost(3, 6, 700814).
cost(3, 7, 761062).
cost(3, 8, 549148).
cost(3, 9, 485892).
cost(3, 10, 555004).
cost(3, 11, 918908).
cost(3, 12, 227292).
cost(3, 13, 817834).
cost(3, 14, 873705).
cost(3, 15, 70893).
cost(3, 16, 950522).
cost(3, 17, 919054).
cost(3, 18, 771005).
cost(3, 19, 522359).
cost(3, 20, 563878).
cost(3, 21, 372397).
cost(3, 22, 343081).
cost(3, 23, 682271).
cost(3, 24, 829617).
cost(3, 25, 227481).
cost(3, 26, 296205).
cost(3, 27, 673955).
cost(3, 28, 676122).
cost(3, 29, 838203).
cost(3, 30, 500948).
cost(4, 1, 422018).
cost(4, 2, 596382).
cost(4, 3, 696187).
cost(4, 5, 632264).
cost(4, 6, 310986).
cost(4, 7, 132971).
cost(4, 8, 480235).
cost(4, 9, 557033).
cost(4, 10, 146226).
cost(4, 11, 300834).
cost(4, 12, 572010).
cost(4, 13, 381278).
cost(4, 14, 306674).
cost(4, 15, 761837).
cost(4, 16, 400276).
cost(4, 17, 224739).
cost(4, 18, 112894).
cost(4, 19, 589732).
cost(4, 20, 223740).
cost(4, 21, 438686).
cost(4, 22, 517873).
cost(4, 23, 321352).
cost(4, 24, 148888).
cost(4, 25, 472555).
cost(4, 26, 638315).
cost(4, 27, 477435).
cost(4, 28, 339684).
cost(4, 29, 192737).
cost(4, 30, 316654).
cost(5, 1, 216007).
cost(5, 2, 608990).
cost(5, 3, 177709).
cost(5, 4, 632264).
cost(5, 6, 715849).
cost(5, 7, 668676).
cost(5, 8, 620214).
cost(5, 9, 582621).
cost(5, 10, 486062).
cost(5, 11, 894084).
cost(5, 12, 67954).
cost(5, 13, 678261).
cost(5, 14, 861950).
cost(5, 15, 196803).
cost(5, 16, 947986).
cost(5, 17, 843872).
cost(5, 18, 685579).
cost(5, 19, 346223).
cost(5, 20, 456845).
cost(5, 21, 231354).
cost(5, 22, 431266).
cost(5, 23, 546238).
cost(5, 24, 747631).
cost(5, 25, 186924).
cost(5, 26, 119863).
cost(5, 27, 733678).
cost(5, 28, 700665).
cost(5, 29, 800382).
cost(5, 30, 520565).
cost(6, 1, 510187).
cost(6, 2, 375827).
cost(6, 3, 700814).
cost(6, 4, 310986).
cost(6, 5, 715849).
cost(6, 7, 441744).
cost(6, 8, 243562).
cost(6, 9, 346429).
cost(6, 10, 346881).
cost(6, 11, 268474).
cost(6, 12, 675946).
cost(6, 13, 690662).
cost(6, 14, 199345).
cost(6, 15, 771648).
cost(6, 16, 255562).
cost(6, 17, 443016).
cost(6, 18, 415357).
cost(6, 19, 809277).
cost(6, 20, 473643).
cost(6, 21, 604175).
cost(6, 22, 395782).
cost(6, 23, 613677).
cost(6, 24, 423788).
cost(6, 25, 528954).
cost(6, 26, 770981).
cost(6, 27, 181683).
cost(6, 28, 42627).
cost(6, 29, 253043).
cost(6, 30, 200354).
cost(7, 1, 475490).
cost(7, 2, 722441).
cost(7, 3, 761062).
cost(7, 4, 132971).
cost(7, 5, 668676).
cost(7, 6, 441744).
cost(7, 8, 610237).
cost(7, 9, 682442).
cost(7, 10, 215740).
cost(7, 11, 377622).
cost(7, 12, 603224).
cost(7, 13, 260722).
cost(7, 14, 404962).
cost(7, 15, 821800).
cost(7, 16, 493141).
cost(7, 17, 188693).
cost(7, 18, 35265).
cost(7, 19, 552646).
cost(7, 20, 214595).
cost(7, 21, 450228).
cost(7, 22, 628925).
cost(7, 23, 236381).
cost(7, 24, 89629).
cost(7, 25, 533592).
cost(7, 26, 650555).
cost(7, 27, 610362).
cost(7, 28, 471954).
cost(7, 29, 273795).
cost(7, 30, 440959).
cost(8, 1, 458205).
cost(8, 2, 132323).
cost(8, 3, 549148).
cost(8, 4, 480235).
cost(8, 5, 620214).
cost(8, 6, 243562).
cost(8, 7, 610237).
cost(8, 9, 104620).
cost(8, 10, 439457).
cost(8, 11, 511991).
cost(8, 12, 601717).
cost(8, 13, 824305).
cost(8, 14, 441401).
cost(8, 15, 616189).
cost(8, 16, 483401).
cost(8, 17, 662055).
cost(8, 18, 593130).
cost(8, 19, 815598).
cost(8, 20, 556241).
cost(8, 21, 591219).
cost(8, 22, 206748).
cost(8, 23, 717527).
cost(8, 24, 620152).
cost(8, 25, 446904).
cost(8, 26, 706812).
cost(8, 27, 127934).
cost(8, 28, 201715).
cost(8, 29, 487276).
cost(8, 30, 179915).
cost(9, 1, 451497).
cost(9, 2, 40834).
cost(9, 3, 485892).
cost(9, 4, 557033).
cost(9, 5, 582621).
cost(9, 6, 346429).
cost(9, 7, 682442).
cost(9, 8, 104620).
cost(9, 10, 493704).
cost(9, 11, 614790).
cost(9, 12, 575295).
cost(9, 13, 878505).
cost(9, 14, 545140).
cost(9, 15, 548761).
cost(9, 16, 587956).
cost(9, 17, 751604).
cost(9, 18, 669017).
cost(9, 19, 817813).
cost(9, 20, 599576).
cost(9, 21, 593548).
cost(9, 22, 151355).
cost(9, 23, 762704).
cost(9, 24, 701929).
cost(9, 25, 426317).
cost(9, 26, 680941).
cost(9, 27, 222364).
cost(9, 28, 305190).
cost(9, 29, 584470).
cost(9, 30, 241483).
cost(10, 1, 276504).
cost(10, 2, 534523).
cost(10, 3, 555004).
cost(10, 4, 146226).
cost(10, 5, 486062).
cost(10, 6, 346881).
cost(10, 7, 215740).
cost(10, 8, 439457).
cost(10, 9, 493704).
cost(10, 11, 427250).
cost(10, 12, 426242).
cost(10, 13, 385800).
cost(10, 14, 414658).
cost(10, 15, 619128).
cost(10, 16, 508456).
cost(10, 17, 364489).
cost(10, 18, 218891).
cost(10, 19, 474887).
cost(10, 20, 127423).
cost(10, 21, 299590).
cost(10, 22, 420091).
cost(10, 23, 280411).
cost(10, 24, 275166).
cost(10, 25, 329084).
cost(10, 26, 496036).
cost(10, 27, 475846).
cost(10, 28, 359964).
cost(10, 29, 324250).
cost(10, 30, 259744).
cost(11, 1, 678088).
cost(11, 2, 644178).
cost(11, 3, 918908).
cost(11, 4, 300834).
cost(11, 5, 894084).
cost(11, 6, 268474).
cost(11, 7, 377622).
cost(11, 8, 511991).
cost(11, 9, 614790).
cost(11, 10, 427250).
cost(11, 12, 841105).
cost(11, 13, 632751).
cost(11, 14, 76228).
cost(11, 15, 989039).
cost(11, 16, 124344).
cost(11, 17, 265309).
cost(11, 18, 342404).
cost(11, 19, 890299).
cost(11, 20, 524245).
cost(11, 21, 726609).
cost(11, 22, 649689).
cost(11, 23, 608479).
cost(11, 24, 309019).
cost(11, 25, 715455).
cost(11, 26, 920044).
cost(11, 27, 432952).
cost(11, 28, 310360).
cost(11, 29, 108547).
cost(11, 30, 433876).
cost(12, 1, 166707).
cost(12, 2, 605047).
cost(12, 3, 227292).
cost(12, 4, 572010).
cost(12, 5, 67954).
cost(12, 6, 675946).
cost(12, 7, 603224).
cost(12, 8, 601717).
cost(12, 9, 575295).
cost(12, 10, 426242).
cost(12, 11, 841105).
cost(12, 13, 610955).
cost(12, 14, 812641).
cost(12, 15, 258278).
cost(12, 16, 900663).
cost(12, 17, 780424).
cost(12, 18, 621073).
cost(12, 19, 298115).
cost(12, 20, 390418).
cost(12, 21, 163411).
cost(12, 22, 425326).
cost(12, 23, 478519).
cost(12, 24, 683419).
cost(12, 25, 155400).
cost(12, 26, 105760).
cost(12, 27, 708919).
cost(12, 28, 664056).
cost(12, 29, 744786).
cost(12, 30, 485854).
cost(13, 1, 545241).
cost(13, 2, 919335).
cost(13, 3, 817834).
cost(13, 4, 381278).
cost(13, 5, 678261).
cost(13, 6, 690662).
cost(13, 7, 260722).
cost(13, 8, 824305).
cost(13, 9, 878505).
cost(13, 10, 385800).
cost(13, 11, 632751).
cost(13, 12, 610955).
cost(13, 14, 665079).
cost(13, 15, 864246).
cost(13, 16, 751603).
cost(13, 17, 397743).
cost(13, 18, 294422).
cost(13, 19, 432826).
cost(13, 20, 286190).
cost(13, 21, 449275).
cost(13, 22, 790842).
cost(13, 23, 135934).
cost(13, 24, 324786).
cost(13, 25, 607339).
cost(13, 26, 615269).
cost(13, 27, 847468).
cost(13, 28, 716056).
cost(13, 29, 532564).
cost(13, 30, 645151).
cost(14, 1, 647053).
cost(14, 2, 573094).
cost(14, 3, 873705).
cost(14, 4, 306674).
cost(14, 5, 861950).
cost(14, 6, 199345).
cost(14, 7, 404962).
cost(14, 8, 441401).
cost(14, 9, 545140).
cost(14, 10, 414658).
cost(14, 11, 76228).
cost(14, 12, 812641).
cost(14, 13, 665079).
cost(14, 15, 944368).
cost(14, 16, 94418).
cost(14, 17, 322494).
cost(14, 18, 370722).
cost(14, 19, 887188).
cost(14, 20, 523704).
cost(14, 21, 709651).
cost(14, 22, 589613).
cost(14, 23, 625761).
cost(14, 24, 348576).
cost(14, 25, 679208).
cost(14, 26, 897132).
cost(14, 27, 357678).
cost(14, 28, 239953).
cost(14, 29, 134095).
cost(14, 30, 378966).
cost(15, 1, 346322).
cost(15, 2, 563356).
cost(15, 3, 70893).
cost(15, 4, 761837).
cost(15, 5, 196803).
cost(15, 6, 771648).
cost(15, 7, 821800).
cost(15, 8, 616189).
cost(15, 9, 548761).
cost(15, 10, 619128).
cost(15, 11, 989039).
cost(15, 12, 258278).
cost(15, 13, 864246).
cost(15, 14, 944368).
cost(15, 16, 1021397).
cost(15, 17, 983602).
cost(15, 18, 833232).
cost(15, 19, 540432).
cost(15, 20, 620002).
cost(15, 21, 415245).
cost(15, 22, 409534).
cost(15, 23, 729697).
cost(15, 24, 892707).
cost(15, 25, 290084).
cost(15, 26, 304965).
cost(15, 27, 741875).
cost(15, 28, 746734).
cost(15, 29, 907298).
cost(15, 30, 571829).
cost(16, 1, 734367).
cost(16, 2, 611232).
cost(16, 3, 950522).
cost(16, 4, 400276).
cost(16, 5, 947986).
cost(16, 6, 255562).
cost(16, 7, 493141).
cost(16, 8, 483401).
cost(16, 9, 587956).
cost(16, 10, 508456).
cost(16, 11, 124344).
cost(16, 12, 900663).
cost(16, 13, 751603).
cost(16, 14, 94418).
cost(16, 15, 1021397).
cost(16, 17, 389557).
cost(16, 18, 458334).
cost(16, 19, 981503).
cost(16, 20, 618113).
cost(16, 21, 801995).
cost(16, 22, 651158).
cost(16, 23, 717876).
cost(16, 24, 430213).
cost(16, 25, 763493).
cost(16, 26, 987307).
cost(16, 27, 380982).
cost(16, 28, 290005).
cost(16, 29, 219367).
cost(16, 30, 450555).
cost(17, 1, 640036).
cost(17, 2, 788501).
cost(17, 3, 919054).
cost(17, 4, 224739).
cost(17, 5, 843872).
cost(17, 6, 443016).
cost(17, 7, 188693).
cost(17, 8, 662055).
cost(17, 9, 751604).
cost(17, 10, 364489).
cost(17, 11, 265309).
cost(17, 12, 780424).
cost(17, 13, 397743).
cost(17, 14, 322494).
cost(17, 15, 983602).
cost(17, 16, 389557).
cost(17, 18, 162382).
cost(17, 19, 740435).
cost(17, 20, 398858).
cost(17, 21, 633308).
cost(17, 22, 733341).
cost(17, 23, 415102).
cost(17, 24, 99814).
cost(17, 25, 693573).
cost(17, 26, 834688).
cost(17, 27, 624667).
cost(17, 28, 482761).
cost(17, 29, 198547).
cost(17, 30, 520729).
cost(18, 1, 487252).
cost(18, 2, 708588).
cost(18, 3, 771005).
cost(18, 4, 112894).
cost(18, 5, 685579).
cost(18, 6, 415357).
cost(18, 7, 35265).
cost(18, 8, 593130).
cost(18, 9, 669017).
cost(18, 10, 218891).
cost(18, 11, 342404).
cost(18, 12, 621073).
cost(18, 13, 294422).
cost(18, 14, 370722).
cost(18, 15, 833232).
cost(18, 16, 458334).
cost(18, 17, 162382).
cost(18, 19, 582990).
cost(18, 20, 236555).
cost(18, 21, 471478).
cost(18, 22, 622947).
cost(18, 23, 270856).
cost(18, 24, 62889).
cost(18, 25, 543733).
cost(18, 26, 672667).
cost(18, 27, 587109).
cost(18, 28, 447165).
cost(18, 29, 238968).
cost(18, 30, 427980).
cost(19, 1, 366896).
cost(19, 2, 853392).
cost(19, 3, 522359).
cost(19, 4, 589732).
cost(19, 5, 346223).
cost(19, 6, 809277).
cost(19, 7, 552646).
cost(19, 8, 815598).
cost(19, 9, 817813).
cost(19, 10, 474887).
cost(19, 11, 890299).
cost(19, 12, 298115).
cost(19, 13, 432826).
cost(19, 14, 887188).
cost(19, 15, 540432).
cost(19, 16, 981503).
cost(19, 17, 740435).
cost(19, 18, 582990).
cost(19, 20, 366063).
cost(19, 21, 224960).
cost(19, 22, 678897).
cost(19, 23, 337010).
cost(19, 24, 642260).
cost(19, 25, 403287).
cost(19, 26, 237777).
cost(19, 27, 897910).
cost(19, 28, 812498).
cost(19, 29, 782461).
cost(19, 30, 658530).
cost(20, 1, 278267).
cost(20, 2, 640210).
cost(20, 3, 563878).
cost(20, 4, 223740).
cost(20, 5, 456845).
cost(20, 6, 473643).
cost(20, 7, 214595).
cost(20, 8, 556241).
cost(20, 9, 599576).
cost(20, 10, 127423).
cost(20, 11, 524245).
cost(20, 12, 390418).
cost(20, 13, 286190).
cost(20, 14, 523704).
cost(20, 15, 620002).
cost(20, 16, 618113).
cost(20, 17, 398858).
cost(20, 18, 236555).
cost(20, 19, 366063).
cost(20, 21, 235641).
cost(20, 22, 504969).
cost(20, 23, 163130).
cost(20, 24, 299407).
cost(20, 25, 339982).
cost(20, 26, 436318).
cost(20, 27, 601319).
cost(20, 28, 487386).
cost(20, 29, 416429).
cost(20, 30, 376920).
cost(21, 1, 145328).
cost(21, 2, 629693).
cost(21, 3, 372397).
cost(21, 4, 438686).
cost(21, 5, 231354).
cost(21, 6, 604175).
cost(21, 7, 450228).
cost(21, 8, 591219).
cost(21, 9, 593548).
cost(21, 10, 299590).
cost(21, 11, 726609).
cost(21, 12, 163411).
cost(21, 13, 449275).
cost(21, 14, 709651).
cost(21, 15, 415245).
cost(21, 16, 801995).
cost(21, 17, 633308).
cost(21, 18, 471478).
cost(21, 19, 224960).
cost(21, 20, 235641).
cost(21, 22, 457581).
cost(21, 23, 315683).
cost(21, 24, 534360).
cost(21, 25, 192419).
cost(21, 26, 201547).
cost(21, 27, 677555).
cost(21, 28, 602147).
cost(21, 29, 623710).
cost(21, 30, 439116).
cost(22, 1, 312605).
cost(22, 2, 179748).
cost(22, 3, 343081).
cost(22, 4, 517873).
cost(22, 5, 431266).
cost(22, 6, 395782).
cost(22, 7, 628925).
cost(22, 8, 206748).
cost(22, 9, 151355).
cost(22, 10, 420091).
cost(22, 11, 649689).
cost(22, 12, 425326).
cost(22, 13, 790842).
cost(22, 14, 589613).
cost(22, 15, 409534).
cost(22, 16, 651158).
cost(22, 17, 733341).
cost(22, 18, 622947).
cost(22, 19, 678897).
cost(22, 20, 504969).
cost(22, 21, 457581).
cost(22, 23, 665409).
cost(22, 24, 666753).
cost(22, 25, 279863).
cost(22, 26, 530729).
cost(22, 27, 333378).
cost(22, 28, 362173).
cost(22, 29, 594926).
cost(22, 30, 219687).
cost(23, 1, 409696).
cost(23, 2, 803341).
cost(23, 3, 682271).
cost(23, 4, 321352).
cost(23, 5, 546238).
cost(23, 6, 613677).
cost(23, 7, 236381).
cost(23, 8, 717527).
cost(23, 9, 762704).
cost(23, 10, 280411).
cost(23, 11, 608479).
cost(23, 12, 478519).
cost(23, 13, 135934).
cost(23, 14, 625761).
cost(23, 15, 729697).
cost(23, 16, 717876).
cost(23, 17, 415102).
cost(23, 18, 270856).
cost(23, 19, 337010).
cost(23, 20, 163130).
cost(23, 21, 315683).
cost(23, 22, 665409).
cost(23, 24, 322204).
cost(23, 25, 471670).
cost(23, 26, 491206).
cost(23, 27, 755311).
cost(23, 28, 633059).
cost(23, 29, 501309).
cost(23, 30, 537707).
cost(24, 1, 547325).
cost(24, 2, 740614).
cost(24, 3, 829617).
cost(24, 4, 148888).
cost(24, 5, 747631).
cost(24, 6, 423788).
cost(24, 7, 89629).
cost(24, 8, 620152).
cost(24, 9, 701929).
cost(24, 10, 275166).
cost(24, 11, 309019).
cost(24, 12, 683419).
cost(24, 13, 324786).
cost(24, 14, 348576).
cost(24, 15, 892707).
cost(24, 16, 430213).
cost(24, 17, 99814).
cost(24, 18, 62889).
cost(24, 19, 642260).
cost(24, 20, 299407).
cost(24, 21, 534360).
cost(24, 22, 666753).
cost(24, 23, 322204).
cost(24, 25, 602786).
cost(24, 26, 735555).
cost(24, 27, 601546).
cost(24, 28, 459302).
cost(24, 29, 214503).
cost(24, 30, 463392).
cost(25, 1, 62391).
cost(25, 2, 458567).
cost(25, 3, 227481).
cost(25, 4, 472555).
cost(25, 5, 186924).
cost(25, 6, 528954).
cost(25, 7, 533592).
cost(25, 8, 446904).
cost(25, 9, 426317).
cost(25, 10, 329084).
cost(25, 11, 715455).
cost(25, 12, 155400).
cost(25, 13, 607339).
cost(25, 14, 679208).
cost(25, 15, 290084).
cost(25, 16, 763493).
cost(25, 17, 693573).
cost(25, 18, 543733).
cost(25, 19, 403287).
cost(25, 20, 339982).
cost(25, 21, 192419).
cost(25, 22, 279863).
cost(25, 23, 471670).
cost(25, 24, 602786).
cost(25, 26, 259946).
cost(25, 27, 553621).
cost(25, 28, 513959).
cost(25, 29, 626579).
cost(25, 30, 334139).
cost(26, 1, 261666).
cost(26, 2, 710376).
cost(26, 3, 296205).
cost(26, 4, 638315).
cost(26, 5, 119863).
cost(26, 6, 770981).
cost(26, 7, 650555).
cost(26, 8, 706812).
cost(26, 9, 680941).
cost(26, 10, 496036).
cost(26, 11, 920044).
cost(26, 12, 105760).
cost(26, 13, 615269).
cost(26, 14, 897132).
cost(26, 15, 304965).
cost(26, 16, 987307).
cost(26, 17, 834688).
cost(26, 18, 672667).
cost(26, 19, 237777).
cost(26, 20, 436318).
cost(26, 21, 201547).
cost(26, 22, 530729).
cost(26, 23, 491206).
cost(26, 24, 735555).
cost(26, 25, 259946).
cost(26, 27, 812281).
cost(26, 28, 761606).
cost(26, 29, 819719).
cost(26, 30, 585486).
cost(27, 1, 555380).
cost(27, 2, 236949).
cost(27, 3, 673955).
cost(27, 4, 477435).
cost(27, 5, 733678).
cost(27, 6, 181683).
cost(27, 7, 610362).
cost(27, 8, 127934).
cost(27, 9, 222364).
cost(27, 10, 475846).
cost(27, 11, 432952).
cost(27, 12, 708919).
cost(27, 13, 847468).
cost(27, 14, 357678).
cost(27, 15, 741875).
cost(27, 16, 380982).
cost(27, 17, 624667).
cost(27, 18, 587109).
cost(27, 19, 897910).
cost(27, 20, 601319).
cost(27, 21, 677555).
cost(27, 22, 333378).
cost(27, 23, 755311).
cost(27, 24, 601546).
cost(27, 25, 553621).
cost(27, 26, 812281).
cost(27, 28, 142670).
cost(27, 29, 433530).
cost(27, 30, 239414).
cost(28, 1, 499969).
cost(28, 2, 333823).
cost(28, 3, 676122).
cost(28, 4, 339684).
cost(28, 5, 700665).
cost(28, 6, 42627).
cost(28, 7, 471954).
cost(28, 8, 201715).
cost(28, 9, 305190).
cost(28, 10, 359964).
cost(28, 11, 310360).
cost(28, 12, 664056).
cost(28, 13, 716056).
cost(28, 14, 239953).
cost(28, 15, 746734).
cost(28, 16, 290005).
cost(28, 17, 482761).
cost(28, 18, 447165).
cost(28, 19, 812498).
cost(28, 20, 487386).
cost(28, 21, 602147).
cost(28, 22, 362173).
cost(28, 23, 633059).
cost(28, 24, 459302).
cost(28, 25, 513959).
cost(28, 26, 761606).
cost(28, 27, 142670).
cost(28, 29, 294835).
cost(28, 30, 180397).
cost(29, 1, 584834).
cost(29, 2, 618246).
cost(29, 3, 838203).
cost(29, 4, 192737).
cost(29, 5, 800382).
cost(29, 6, 253043).
cost(29, 7, 273795).
cost(29, 8, 487276).
cost(29, 9, 584470).
cost(29, 10, 324250).
cost(29, 11, 108547).
cost(29, 12, 744786).
cost(29, 13, 532564).
cost(29, 14, 134095).
cost(29, 15, 907298).
cost(29, 16, 219367).
cost(29, 17, 198547).
cost(29, 18, 238968).
cost(29, 19, 782461).
cost(29, 20, 416429).
cost(29, 21, 623710).
cost(29, 22, 594926).
cost(29, 23, 501309).
cost(29, 24, 214503).
cost(29, 25, 626579).
cost(29, 26, 819719).
cost(29, 27, 433530).
cost(29, 28, 294835).
cost(29, 30, 375240).
cost(30, 1, 324327).
cost(30, 2, 281562).
cost(30, 3, 500948).
cost(30, 4, 316654).
cost(30, 5, 520565).
cost(30, 6, 200354).
cost(30, 7, 440959).
cost(30, 8, 179915).
cost(30, 9, 241483).
cost(30, 10, 259744).
cost(30, 11, 433876).
cost(30, 12, 485854).
cost(30, 13, 645151).
cost(30, 14, 378966).
cost(30, 15, 571829).
cost(30, 16, 450555).
cost(30, 17, 520729).
cost(30, 18, 427980).
cost(30, 19, 658530).
cost(30, 20, 376920).
cost(30, 21, 439116).
cost(30, 22, 219687).
cost(30, 23, 537707).
cost(30, 24, 463392).
cost(30, 25, 334139).
cost(30, 26, 585486).
cost(30, 27, 239414).
cost(30, 28, 180397).
cost(30, 29, 375240).
