dimension(30).
point(1, 911625.0, 569979.0).
point(2, 333948.0, 367823.0).
point(3, 64814.0, 694813.0).
point(4, 347971.0, 550710.0).
point(5, 510452.0, 220317.0).
point(6, 80136.0, 368854.0).
point(7, 930264.0, 996356.0).
point(8, 366760.0, 324473.0).
point(9, 665734.0, 7846.0).
point(10, 607614.0, 832006.0).
point(11, 37281.0, 254841.0).
point(12, 649833.0, 233197.0).
point(13, 230510.0, 474465.0).
point(14, 491870.0, 32514.0).
point(15, 204991.0, 949346.0).
point(16, 493953.0, 273092.0).
point(17, 464058.0, 903119.0).
point(18, 311891.0, 93345.0).
point(19, 858958.0, 102024.0).
point(20, 682623.0, 57587.0).
point(21, 379347.0, 366586.0).
point(22, 979217.0, 419002.0).
point(23, 128384.0, 106933.0).
point(24, 472134.0, 401646.0).
point(25, 712918.0, 12605.0).
point(26, 256848.0, 640322.0).
point(27, 673112.0, 695296.0).
point(28, 380812.0, 638533.0).
point(29, 105920.0, 430829.0).
point(30, 55931.0, 971469.0).
cost(1, 2, 612028).
cost(1, 3, 855963).
cost(1, 4, 563983).
cost(1, 5, 532168).
cost(1, 6, 855468).
cost(1, 7, 426784).
cost(1, 8, 597621).
cost(1, 9, 613560).
cost(1, 10, 401349).
cost(1, 11, 929403).
cost(1, 12, 426564).
cost(1, 13, 687779).
cost(1, 14, 681955).
cost(1, 15, 802029).
cost(1, 16, 512437).
cost(1, 17, 557941).
cost(1, 18, 766068).
cost(1, 19, 470909).
cost(1, 20, 561237).
cost(1, 21, 569815).
cost(1, 22, 165417).
cost(1, 23, 909878).
cost(1, 24, 470625).
cost(1, 25, 591735).
cost(1, 26, 658545).
cost(1, 27, 269431).
cost(1, 28, 535222).
cost(1, 29, 817633).
cost(1, 30, 945202).
cost(2, 1, 612028).
cost(2, 3, 423504).
cost(2, 4, 183424).
cost(2, 5, 230025).
cost(2, 6, 253814).
cost(2, 7, 866399).
cost(2, 8, 54368).
cost(2, 9, 489556).
cost(2, 10, 538850).
cost(2, 11, 317453).
cost(2, 12, 343377).
cost(2, 13, 148566).
cost(2, 14, 370637).
cost(2, 15, 595650).
cost(2, 16, 185945).
cost(2, 17, 550881).
cost(2, 18, 275363).
cost(2, 19, 588460).
cost(2, 20, 466713).
cost(2, 21, 45416).
cost(2, 22, 647295).
cost(2, 23, 332145).
cost(2, 24, 142265).
cost(2, 25, 519421).
cost(2, 26, 283196).
cost(2, 27, 471456).
cost(2, 28, 274736).
cost(2, 29, 236572).
cost(2, 30, 664592).
cost(3, 1, 855963).
cost(3, 2, 423504).
cost(3, 4, 317716).
cost(3, 5, 650953).
cost(3, 6, 326319).
cost(3, 7, 916478).
cost(3, 8, 477832).
cost(3, 9, 912704).
cost(3, 10, 559869).
cost(3, 11, 440833).
cost(3, 12, 745209).
cost(3, 13, 275696).
cost(3, 14, 788046).
cost(3, 15, 290580).
cost(3, 16, 601672).
cost(3, 17, 450319).
cost(3, 18, 650239).
cost(3, 19, 990991).
cost(3, 20, 887550).
cost(3, 21, 454603).
cost(3, 22, 955094).
cost(3, 23, 591307).
cost(3, 24, 501853).
cost(3, 25, 940982).
cost(3, 26, 199615).
cost(3, 27, 608298).
cost(3, 28, 320971).
cost(3, 29, 267165).
cost(3, 30, 276799).
cost(4, 1, 563983).
cost(4, 2, 183424).
cost(4, 3, 317716).
cost(4, 5, 368184).
cost(4, 6, 323739).
cost(4, 7, 733257).
cost(4, 8, 227016).
cost(4, 9, 629027).
cost(4, 10, 382808).
cost(4, 11, 429030).
cost(4, 12, 438104).
cost(4, 13, 140037).
cost(4, 14, 537805).
cost(4, 15, 423502).
cost(4, 16, 313660).
cost(4, 17, 371037).
cost(4, 18, 458786).
cost(4, 19, 680020).
cost(4, 20, 595955).
cost(4, 21, 186778).
cost(4, 22, 644840).
cost(4, 23, 495133).
cost(4, 24, 194001).
cost(4, 25, 650187).
cost(4, 26, 127803).
cost(4, 27, 355840).
cost(4, 28, 93763).
cost(4, 29, 270111).
cost(4, 30, 512177).
cost(5, 1, 532168).
cost(5, 2, 230025).
cost(5, 3, 650953).
cost(5, 4, 368184).
cost(5, 6, 455231).
cost(5, 7, 882314).
cost(5, 8, 177471).
cost(5, 9, 263166).
cost(5, 10, 619358).
cost(5, 11, 474429).
cost(5, 12, 139975).
cost(5, 13, 378099).
cost(5, 14, 188720).
cost(5, 15, 790436).
cost(5, 16, 55294).
cost(5, 17, 684376).
cost(5, 18, 235687).
cost(5, 19, 368035).
cost(5, 20, 236905).
cost(5, 21, 196426).
cost(5, 22, 509133).
cost(5, 23, 398537).
cost(5, 24, 185333).
cost(5, 25, 290063).
cost(5, 26, 490631).
cost(5, 27, 502059).
cost(5, 28, 437848).
cost(5, 29, 456028).
cost(5, 30, 877963).
cost(6, 1, 855468).
cost(6, 2, 253814).
cost(6, 3, 326319).
cost(6, 4, 323739).
cost(6, 5, 455231).
cost(6, 7, 1056634).
cost(6, 8, 290040).
cost(6, 9, 687933).
cost(6, 10, 701956).
cost(6, 11, 121801).
cost(6, 12, 585626).
cost(6, 13, 183755).
cost(6, 14, 531648).
cost(6, 15, 593767).
cost(6, 16, 424753).
cost(6, 17, 657902).
cost(6, 18, 360022).
cost(6, 19, 823263).
cost(6, 20, 678143).
cost(6, 21, 299220).
cost(6, 22, 900478).
cost(6, 23, 266328).
cost(6, 24, 393367).
cost(6, 25, 726172).
cost(6, 26, 323917).
cost(6, 27, 676894).
cost(6, 28, 403897).
cost(6, 29, 67125).
cost(6, 30, 603101).
cost(7, 1, 426784).
cost(7, 2, 866399).
cost(7, 3, 916478).
cost(7, 4, 733257).
cost(7, 5, 882314).
cost(7, 6, 1056634).
cost(7, 8, 876906).
cost(7, 9, 1023293).
cost(7, 10, 362097).
cost(7, 11, 1160717).
cost(7, 12, 813052).
cost(7, 13, 872941).
cost(7, 14, 1058858).
cost(7, 15, 726795).
cost(7, 16, 844676).
cost(7, 17, 475438).
cost(7, 18, 1094447).
cost(7, 19, 897170).
cost(7, 20, 970883).
cost(7, 21, 836732).
cost(7, 22, 579426).
cost(7, 23, 1197533).
cost(7, 24, 750708).
cost(7, 25, 1007475).
cost(7, 26, 761741).
cost(7, 27, 395935).
cost(7, 28, 655694).
cost(7, 29, 999682).
cost(7, 30, 874687).
cost(8, 1, 597621).
cost(8, 2, 54368).
cost(8, 3, 477832).
cost(8, 4, 227016).
cost(8, 5, 177471).
cost(8, 6, 290040).
cost(8, 7, 876906).
cost(8, 9, 435475).
cost(8, 10, 561783).
cost(8, 11, 336757).
cost(8, 12, 297425).
cost(8, 13, 202637).
cost(8, 14, 317636).
cost(8, 15, 645473).
cost(8, 16, 137179).
cost(8, 17, 586769).
cost(8, 18, 237552).
cost(8, 19, 540132).
cost(8, 20, 413519).
cost(8, 21, 43954).
cost(8, 22, 619709).
cost(8, 23, 322718).
cost(8, 24, 130611).
cost(8, 25, 465926).
cost(8, 26, 334427).
cost(8, 27, 481000).
cost(8, 28, 314374).
cost(8, 29, 281690).
cost(8, 30, 717787).
cost(9, 1, 613560).
cost(9, 2, 489556).
cost(9, 3, 912704).
cost(9, 4, 629027).
cost(9, 5, 263166).
cost(9, 6, 687933).
cost(9, 7, 1023293).
cost(9, 8, 435475).
cost(9, 10, 826207).
cost(9, 11, 675248).
cost(9, 12, 225911).
cost(9, 13, 638086).
cost(9, 14, 175605).
cost(9, 15, 1048192).
cost(9, 16, 316013).
cost(9, 17, 917707).
cost(9, 18, 364026).
cost(9, 19, 214954).
cost(9, 20, 52530).
cost(9, 21, 459034).
cost(9, 22, 517031).
cost(9, 23, 546409).
cost(9, 24, 438816).
cost(9, 25, 47423).
cost(9, 26, 753136).
cost(9, 27, 687490).
cost(9, 28, 692060).
cost(9, 29, 701645).
cost(9, 30, 1140364).
cost(10, 1, 401349).
cost(10, 2, 538850).
cost(10, 3, 559869).
cost(10, 4, 382808).
cost(10, 5, 619358).
cost(10, 6, 701956).
cost(10, 7, 362097).
cost(10, 8, 561783).
cost(10, 9, 826207).
cost(10, 11, 811418).
cost(10, 12, 600295).
cost(10, 13, 519657).
cost(10, 14, 807827).
cost(10, 15, 419373).
cost(10, 16, 570354).
cost(10, 17, 160204).
cost(10, 18, 795658).
cost(10, 19, 772041).
cost(10, 20, 778043).
cost(10, 21, 518384).
cost(10, 22, 555573).
cost(10, 23, 869133).
cost(10, 24, 451181).
cost(10, 25, 826140).
cost(10, 26, 399724).
cost(10, 27, 151590).
cost(10, 28, 298112).
cost(10, 29, 642370).
cost(10, 30, 569038).
cost(11, 1, 929403).
cost(11, 2, 317453).
cost(11, 3, 440833).
cost(11, 4, 429030).
cost(11, 5, 474429).
cost(11, 6, 121801).
cost(11, 7, 1160717).
cost(11, 8, 336757).
cost(11, 9, 675248).
cost(11, 10, 811418).
cost(11, 12, 612934).
cost(11, 13, 292527).
cost(11, 14, 506044).
cost(11, 15, 714468).
cost(11, 16, 457037).
cost(11, 17, 776146).
cost(11, 18, 318577).
cost(11, 19, 835767).
cost(11, 20, 674815).
cost(11, 21, 359856).
cost(11, 22, 956134).
cost(11, 23, 173714).
cost(11, 24, 458965).
cost(11, 25, 717749).
cost(11, 26, 443627).
cost(11, 27, 773487).
cost(11, 28, 515008).
cost(11, 29, 188900).
cost(11, 30, 716871).
cost(12, 1, 426564).
cost(12, 2, 343377).
cost(12, 3, 745209).
cost(12, 4, 438104).
cost(12, 5, 139975).
cost(12, 6, 585626).
cost(12, 7, 813052).
cost(12, 8, 297425).
cost(12, 9, 225911).
cost(12, 10, 600295).
cost(12, 11, 612934).
cost(12, 13, 483779).
cost(12, 14, 255394).
cost(12, 15, 843062).
cost(12, 16, 160904).
cost(12, 17, 695203).
cost(12, 18, 365737).
cost(12, 19, 246860).
cost(12, 20, 178645).
cost(12, 21, 301588).
cost(12, 22, 378176).
cost(12, 23, 536518).
cost(12, 24, 244851).
cost(12, 25, 229435).
cost(12, 26, 565852).
cost(12, 27, 462685).
cost(12, 28, 486487).
cost(12, 29, 578705).
cost(12, 30, 947505).
cost(13, 1, 687779).
cost(13, 2, 148566).
cost(13, 3, 275696).
cost(13, 4, 140037).
cost(13, 5, 378099).
cost(13, 6, 183755).
cost(13, 7, 872941).
cost(13, 8, 202637).
cost(13, 9, 638086).
cost(13, 10, 519657).
cost(13, 11, 292527).
cost(13, 12, 483779).
cost(13, 14, 513449).
cost(13, 15, 475566).
cost(13, 16, 331592).
cost(13, 17, 488148).
cost(13, 18, 389712).
cost(13, 19, 730520).
cost(13, 20, 614974).
cost(13, 21, 183821).
cost(13, 22, 750758).
cost(13, 23, 381457).
cost(13, 24, 252358).
cost(13, 25, 667856).
cost(13, 26, 167935).
cost(13, 27, 494634).
cost(13, 28, 222506).
cost(13, 29, 132010).
cost(13, 30, 526774).
cost(14, 1, 681955).
cost(14, 2, 370637).
cost(14, 3, 788046).
cost(14, 4, 537805).
cost(14, 5, 188720).
cost(14, 6, 531648).
cost(14, 7, 1058858).
cost(14, 8, 317636).
cost(14, 9, 175605).
cost(14, 10, 807827).
cost(14, 11, 506044).
cost(14, 12, 255394).
cost(14, 13, 513449).
cost(14, 15, 960667).
cost(14, 16, 240587).
cost(14, 17, 871049).
cost(14, 18, 189981).
cost(14, 19, 373611).
cost(14, 20, 192394).
cost(14, 21, 352513).
cost(14, 22, 621997).
cost(14, 23, 371026).
cost(14, 24, 369659).
cost(14, 25, 221943).
cost(14, 26, 651664).
cost(14, 27, 687116).
cost(14, 28, 616111).
cost(14, 29, 554628).
cost(14, 30, 1035219).
cost(15, 1, 802029).
cost(15, 2, 595650).
cost(15, 3, 290580).
cost(15, 4, 423502).
cost(15, 5, 790436).
cost(15, 6, 593767).
cost(15, 7, 726795).
cost(15, 8, 645473).
cost(15, 9, 1048192).
cost(15, 10, 419373).
cost(15, 11, 714468).
cost(15, 12, 843062).
cost(15, 13, 475566).
cost(15, 14, 960667).
cost(15, 16, 735404).
cost(15, 17, 263159).
cost(15, 18, 862650).
cost(15, 19, 1070340).
cost(15, 20, 1011616).
cost(15, 21, 608284).
cost(15, 22, 938451).
cost(15, 23, 845889).
cost(15, 24, 609377).
cost(15, 25, 1065586).
cost(15, 26, 313345).
cost(15, 27, 532615).
cost(15, 28, 357096).
cost(15, 29, 527897).
cost(15, 30, 150693).
cost(16, 1, 512437).
cost(16, 2, 185945).
cost(16, 3, 601672).
cost(16, 4, 313660).
cost(16, 5, 55294).
cost(16, 6, 424753).
cost(16, 7, 844676).
cost(16, 8, 137179).
cost(16, 9, 316013).
cost(16, 10, 570354).
cost(16, 11, 457037).
cost(16, 12, 160904).
cost(16, 13, 331592).
cost(16, 14, 240587).
cost(16, 15, 735404).
cost(16, 17, 630736).
cost(16, 18, 255843).
cost(16, 19, 403104).
cost(16, 20, 286424).
cost(16, 21, 147904).
cost(16, 22, 506726).
cost(16, 23, 401559).
cost(16, 24, 130392).
cost(16, 25, 340293).
cost(16, 26, 437123).
cost(16, 27, 458644).
cost(16, 28, 382555).
cost(16, 29, 418868).
cost(16, 30, 824375).
cost(17, 1, 557941).
cost(17, 2, 550881).
cost(17, 3, 450319).
cost(17, 4, 371037).
cost(17, 5, 684376).
cost(17, 6, 657902).
cost(17, 7, 475438).
cost(17, 8, 586769).
cost(17, 9, 917707).
cost(17, 10, 160204).
cost(17, 11, 776146).
cost(17, 12, 695203).
cost(17, 13, 488148).
cost(17, 14, 871049).
cost(17, 15, 263159).
cost(17, 16, 630736).
cost(17, 18, 823947).
cost(17, 19, 893140).
cost(17, 20, 873324).
cost(17, 21, 543179).
cost(17, 22, 706936).
cost(17, 23, 864054).
cost(17, 24, 501538).
cost(17, 25, 924633).
cost(17, 26, 334661).
cost(17, 27, 294778).
cost(17, 28, 277373).
cost(17, 29, 592723).
cost(17, 30, 413811).
cost(18, 1, 766068).
cost(18, 2, 275363).
cost(18, 3, 650239).
cost(18, 4, 458786).
cost(18, 5, 235687).
cost(18, 6, 360022).
cost(18, 7, 1094447).
cost(18, 8, 237552).
cost(18, 9, 364026).
cost(18, 10, 795658).
cost(18, 11, 318577).
cost(18, 12, 365737).
cost(18, 13, 389712).
cost(18, 14, 189981).
cost(18, 15, 862650).
cost(18, 16, 255843).
cost(18, 17, 823947).
cost(18, 19, 547136).
cost(18, 20, 372452).
cost(18, 21, 281444).
cost(18, 22, 742547).
cost(18, 23, 184009).
cost(18, 24, 347458).
cost(18, 25, 409074).
cost(18, 26, 549740).
cost(18, 27, 702015).
cost(18, 28, 549527).
cost(18, 29, 395373).
cost(18, 30, 914668).
cost(19, 1, 470909).
cost(19, 2, 588460).
cost(19, 3, 990991).
cost(19, 4, 680020).
cost(19, 5, 368035).
cost(19, 6, 823263).
cost(19, 7, 897170).
cost(19, 8, 540132).
cost(19, 9, 214954).
cost(19, 10, 772041).
cost(19, 11, 835767).
cost(19, 12, 246860).
cost(19, 13, 730520).
cost(19, 14, 373611).
cost(19, 15, 1070340).
cost(19, 16, 403104).
cost(19, 17, 893140).
cost(19, 18, 547136).
cost(19, 20, 181848).
cost(19, 21, 547741).
cost(19, 22, 339024).
cost(19, 23, 730590).
cost(19, 24, 489291).
cost(19, 25, 171241).
cost(19, 26, 807652).
cost(19, 27, 621700).
cost(19, 28, 718655).
cost(19, 29, 821693).
cost(19, 30, 1183548).
cost(20, 1, 561237).
cost(20, 2, 466713).
cost(20, 3, 887550).
cost(20, 4, 595955).
cost(20, 5, 236905).
cost(20, 6, 678143).
cost(20, 7, 970883).
cost(20, 8, 413519).
cost(20, 9, 52530).
cost(20, 10, 778043).
cost(20, 11, 674815).
cost(20, 12, 178645).
cost(20, 13, 614974).
cost(20, 14, 192394).
cost(20, 15, 1011616).
cost(20, 16, 286424).
cost(20, 17, 873324).
cost(20, 18, 372452).
cost(20, 19, 181848).
cost(20, 21, 432963).
cost(20, 22, 467535).
cost(20, 23, 556431).
cost(20, 24, 403339).
cost(20, 25, 54233).
cost(20, 26, 721709).
cost(20, 27, 637780).
cost(20, 28, 654666).
cost(20, 29, 686947).
cost(20, 30, 1108117).
cost(21, 1, 569815).
cost(21, 2, 45416).
cost(21, 3, 454603).
cost(21, 4, 186778).
cost(21, 5, 196426).
cost(21, 6, 299220).
cost(21, 7, 836732).
cost(21, 8, 43954).
cost(21, 9, 459034).
cost(21, 10, 518384).
cost(21, 11, 359856).
cost(21, 12, 301588).
cost(21, 13, 183821).
cost(21, 14, 352513).
cost(21, 15, 608284).
cost(21, 16, 147904).
cost(21, 17, 543179).
cost(21, 18, 281444).
cost(21, 19, 547741).
cost(21, 20, 432963).
cost(21, 22, 602156).
cost(21, 23, 361112).
cost(21, 24, 99190).
cost(21, 25, 486387).
cost(21, 26, 299896).
cost(21, 27, 440849).
cost(21, 28, 271951).
cost(21, 29, 280873).
cost(21, 30, 685916).
cost(22, 1, 165417).
cost(22, 2, 647295).
cost(22, 3, 955094).
cost(22, 4, 644840).
cost(22, 5, 509133).
cost(22, 6, 900478).
cost(22, 7, 579426).
cost(22, 8, 619709).
cost(22, 9, 517031).
cost(22, 10, 555573).
cost(22, 11, 956134).
cost(22, 12, 378176).
cost(22, 13, 750758).
cost(22, 14, 621997).
cost(22, 15, 938451).
cost(22, 16, 506726).
cost(22, 17, 706936).
cost(22, 18, 742547).
cost(22, 19, 339024).
cost(22, 20, 467535).
cost(22, 21, 602156).
cost(22, 23, 906258).
cost(22, 24, 507380).
cost(22, 25, 485874).
cost(22, 26, 755513).
cost(22, 27, 412357).
cost(22, 28, 637403).
cost(22, 29, 873377).
cost(22, 30, 1075954).
cost(23, 1, 909878).
cost(23, 2, 332145).
cost(23, 3, 591307).
cost(23, 4, 495133).
cost(23, 5, 398537).
cost(23, 6, 266328).
cost(23, 7, 1197533).
cost(23, 8, 322718).
cost(23, 9, 546409).
cost(23, 10, 869133).
cost(23, 11, 173714).
cost(23, 12, 536518).
cost(23, 13, 381457).
cost(23, 14, 371026).
cost(23, 15, 845889).
cost(23, 16, 401559).
cost(23, 17, 864054).
cost(23, 18, 184009).
cost(23, 19, 730590).
cost(23, 20, 556431).
cost(23, 21, 361112).
cost(23, 22, 906258).
cost(23, 24, 452791).
cost(23, 25, 592096).
cost(23, 26, 548641).
cost(23, 27, 801810).
cost(23, 28, 588488).
cost(23, 29, 324674).
cost(23, 30, 867567).
cost(24, 1, 470625).
cost(24, 2, 142265).
cost(24, 3, 501853).
cost(24, 4, 194001).
cost(24, 5, 185333).
cost(24, 6, 393367).
cost(24, 7, 750708).
cost(24, 8, 130611).
cost(24, 9, 438816).
cost(24, 10, 451181).
cost(24, 11, 458965).
cost(24, 12, 244851).
cost(24, 13, 252358).
cost(24, 14, 369659).
cost(24, 15, 609377).
cost(24, 16, 130392).
cost(24, 17, 501538).
cost(24, 18, 347458).
cost(24, 19, 489291).
cost(24, 20, 403339).
cost(24, 21, 99190).
cost(24, 22, 507380).
cost(24, 23, 452791).
cost(24, 25, 457526).
cost(24, 26, 321425).
cost(24, 27, 355841).
cost(24, 28, 253880).
cost(24, 29, 367375).
cost(24, 30, 705637).
cost(25, 1, 591735).
cost(25, 2, 519421).
cost(25, 3, 940982).
cost(25, 4, 650187).
cost(25, 5, 290063).
cost(25, 6, 726172).
cost(25, 7, 1007475).
cost(25, 8, 465926).
cost(25, 9, 47423).
cost(25, 10, 826140).
cost(25, 11, 717749).
cost(25, 12, 229435).
cost(25, 13, 667856).
cost(25, 14, 221943).
cost(25, 15, 1065586).
cost(25, 16, 340293).
cost(25, 17, 924633).
cost(25, 18, 409074).
cost(25, 19, 171241).
cost(25, 20, 54233).
cost(25, 21, 486387).
cost(25, 22, 485874).
cost(25, 23, 592096).
cost(25, 24, 457526).
cost(25, 26, 775905).
cost(25, 27, 683851).
cost(25, 28, 708576).
cost(25, 29, 737128).
cost(25, 30, 1162348).
cost(26, 1, 658545).
cost(26, 2, 283196).
cost(26, 3, 199615).
cost(26, 4, 127803).
cost(26, 5, 490631).
cost(26, 6, 323917).
cost(26, 7, 761741).
cost(26, 8, 334427).
cost(26, 9, 753136).
cost(26, 10, 399724).
cost(26, 11, 443627).
cost(26, 12, 565852).
cost(26, 13, 167935).
cost(26, 14, 651664).
cost(26, 15, 313345).
cost(26, 16, 437123).
cost(26, 17, 334661).
cost(26, 18, 549740).
cost(26, 19, 807652).
cost(26, 20, 721709).
cost(26, 21, 299896).
cost(26, 22, 755513).
cost(26, 23, 548641).
cost(26, 24, 321425).
cost(26, 25, 775905).
cost(26, 27, 419878).
cost(26, 28, 123977).
cost(26, 29, 258199).
cost(26, 30, 387332).
cost(27, 1, 269431).
cost(27, 2, 471456).
cost(27, 3, 608298).
cost(27, 4, 355840).
cost(27, 5, 502059).
cost(27, 6, 676894).
cost(27, 7, 395935).
cost(27, 8, 481000).
cost(27, 9, 687490).
cost(27, 10, 151590).
cost(27, 11, 773487).
cost(27, 12, 462685).
cost(27, 13, 494634).
cost(27, 14, 687116).
cost(27, 15, 532615).
cost(27, 16, 458644).
cost(27, 17, 294778).
cost(27, 18, 702015).
cost(27, 19, 621700).
cost(27, 20, 637780).
cost(27, 21, 440849).
cost(27, 22, 412357).
cost(27, 23, 801810).
cost(27, 24, 355841).
cost(27, 25, 683851).
cost(27, 26, 419878).
cost(27, 28, 297761).
cost(27, 29, 625819).
cost(27, 30, 676154).
cost(28, 1, 535222).
cost(28, 2, 274736).
cost(28, 3, 320971).
cost(28, 4, 93763).
cost(28, 5, 437848).
cost(28, 6, 403897).
cost(28, 7, 655694).
cost(28, 8, 314374).
cost(28, 9, 692060).
cost(28, 10, 298112).
cost(28, 11, 515008).
cost(28, 12, 486487).
cost(28, 13, 222506).
cost(28, 14, 616111).
cost(28, 15, 357096).
cost(28, 16, 382555).
cost(28, 17, 277373).
cost(28, 18, 549527).
cost(28, 19, 718655).
cost(28, 20, 654666).
cost(28, 21, 271951).
cost(28, 22, 637403).
cost(28, 23, 588488).
cost(28, 24, 253880).
cost(28, 25, 708576).
cost(28, 26, 123977).
cost(28, 27, 297761).
cost(28, 29, 344538).
cost(28, 30, 465182).
cost(29, 1, 817633).
cost(29, 2, 236572).
cost(29, 3, 267165).
cost(29, 4, 270111).
cost(29, 5, 456028).
cost(29, 6, 67125).
cost(29, 7, 999682).
cost(29, 8, 281690).
cost(29, 9, 701645).
cost(29, 10, 642370).
cost(29, 11, 188900).
cost(29, 12, 578705).
cost(29, 13, 132010).
cost(29, 14, 554628).
cost(29, 15, 527897).
cost(29, 16, 418868).
cost(29, 17, 592723).
cost(29, 18, 395373).
cost(29, 19, 821693).
cost(29, 20, 686947).
cost(29, 21, 280873).
cost(29, 22, 873377).
cost(29, 23, 324674).
cost(29, 24, 367375).
cost(29, 25, 737128).
cost(29, 26, 258199).
cost(29, 27, 625819).
cost(29, 28, 344538).
cost(29, 30, 542946).
cost(30, 1, 945202).
cost(30, 2, 664592).
cost(30, 3, 276799).
cost(30, 4, 512177).
cost(30, 5, 877963).
cost(30, 6, 603101).
cost(30, 7, 874687).
cost(30, 8, 717787).
cost(30, 9, 1140364).
cost(30, 10, 569038).
cost(30, 11, 716871).
cost(30, 12, 947505).
cost(30, 13, 526774).
cost(30, 14, 1035219).
cost(30, 15, 150693).
cost(30, 16, 824375).
cost(30, 17, 413811).
cost(30, 18, 914668).
cost(30, 19, 1183548).
cost(30, 20, 1108117).
cost(30, 21, 685916).
cost(30, 22, 1075954).
cost(30, 23, 867567).
cost(30, 24, 705637).
cost(30, 25, 1162348).
cost(30, 26, 387332).
cost(30, 27, 676154).
cost(30, 28, 465182).
cost(30, 29, 542946).
