dimension(28).
point(1, 66.5476603865, 28.471116904).
point(2, 25.9417570997, 80.5496457479).
point(3, 34.56091432, 65.1649059414).
point(4, 72.3211863131, 33.6431268293).
point(5, 80.7929506926, 37.9437545105).
point(6, 56.6701963867, 42.6336970061).
point(7, 92.9166421405, 36.8267498567).
point(8, 89.3125491982, 66.553769379).
point(9, 83.03702485, 35.0967728713).
point(10, 70.7778324333, 88.1984454738).
point(11, 64.7171311356, 85.0805303689).
point(12, 72.899268398, 26.2025913301).
point(13, 37.7749975465, 81.403038961).
point(14, 51.1136865508, 26.6668228094).
point(15, 84.1771854965, 35.283004786).
point(16, 20.2760862935, 68.6537091936).
point(17, 46.3728759494, 79.0272365343).
point(18, 52.7424124733, 75.8953805278).
point(19, 91.5581332862, 24.201112468).
point(20, 67.5530906336, 41.8346502578).
point(21, 66.6271776853, 39.326057725).
point(22, 31.4766260962, 76.5504300543).
point(23, 24.7904787822, 62.3514311613).
point(24, 63.3558077852, 77.7532548728).
point(25, 39.3435075038, 46.0879431373).
point(26, 66.5312603704, 81.1858109726).
point(27, 56.2239480718, 87.0902649597).
point(28, 86.9012437499, 19.0938812351).
cost(1, 2, 66).
cost(1, 3, 49).
cost(1, 4, 8).
cost(1, 5, 17).
cost(1, 6, 17).
cost(1, 7, 28).
cost(1, 8, 44).
cost(1, 9, 18).
cost(1, 10, 60).
cost(1, 11, 57).
cost(1, 12, 7).
cost(1, 13, 60).
cost(1, 14, 16).
cost(1, 15, 19).
cost(1, 16, 61).
cost(1, 17, 54).
cost(1, 18, 49).
cost(1, 19, 25).
cost(1, 20, 13).
cost(1, 21, 11).
cost(1, 22, 60).
cost(1, 23, 54).
cost(1, 24, 49).
cost(1, 25, 32).
cost(1, 26, 53).
cost(1, 27, 60).
cost(1, 28, 22).
cost(2, 1, 66).
cost(2, 3, 18).
cost(2, 4, 66).
cost(2, 5, 69).
cost(2, 6, 49).
cost(2, 7, 80).
cost(2, 8, 65).
cost(2, 9, 73).
cost(2, 10, 45).
cost(2, 11, 39).
cost(2, 12, 72).
cost(2, 13, 12).
cost(2, 14, 59).
cost(2, 15, 74).
cost(2, 16, 13).
cost(2, 17, 20).
cost(2, 18, 27).
cost(2, 19, 86).
cost(2, 20, 57).
cost(2, 21, 58).
cost(2, 22, 7).
cost(2, 23, 18).
cost(2, 24, 38).
cost(2, 25, 37).
cost(2, 26, 41).
cost(2, 27, 31).
cost(2, 28, 87).
cost(3, 1, 49).
cost(3, 2, 18).
cost(3, 4, 49).
cost(3, 5, 54).
cost(3, 6, 32).
cost(3, 7, 65).
cost(3, 8, 55).
cost(3, 9, 57).
cost(3, 10, 43).
cost(3, 11, 36).
cost(3, 12, 55).
cost(3, 13, 17).
cost(3, 14, 42).
cost(3, 15, 58).
cost(3, 16, 15).
cost(3, 17, 18).
cost(3, 18, 21).
cost(3, 19, 70).
cost(3, 20, 40).
cost(3, 21, 41).
cost(3, 22, 12).
cost(3, 23, 10).
cost(3, 24, 31).
cost(3, 25, 20).
cost(3, 26, 36).
cost(3, 27, 31).
cost(3, 28, 70).
cost(4, 1, 8).
cost(4, 2, 66).
cost(4, 3, 49).
cost(4, 5, 10).
cost(4, 6, 18).
cost(4, 7, 21).
cost(4, 8, 37).
cost(4, 9, 11).
cost(4, 10, 55).
cost(4, 11, 52).
cost(4, 12, 7).
cost(4, 13, 59).
cost(4, 14, 22).
cost(4, 15, 12).
cost(4, 16, 63).
cost(4, 17, 52).
cost(4, 18, 47).
cost(4, 19, 21).
cost(4, 20, 9).
cost(4, 21, 8).
cost(4, 22, 59).
cost(4, 23, 56).
cost(4, 24, 45).
cost(4, 25, 35).
cost(4, 26, 48).
cost(4, 27, 56).
cost(4, 28, 21).
cost(5, 1, 17).
cost(5, 2, 69).
cost(5, 3, 54).
cost(5, 4, 10).
cost(5, 6, 25).
cost(5, 7, 12).
cost(5, 8, 30).
cost(5, 9, 4).
cost(5, 10, 51).
cost(5, 11, 50).
cost(5, 12, 14).
cost(5, 13, 61).
cost(5, 14, 32).
cost(5, 15, 4).
cost(5, 16, 68).
cost(5, 17, 54).
cost(5, 18, 47).
cost(5, 19, 17).
cost(5, 20, 14).
cost(5, 21, 14).
cost(5, 22, 63).
cost(5, 23, 61).
cost(5, 24, 43).
cost(5, 25, 42).
cost(5, 26, 46).
cost(5, 27, 55).
cost(5, 28, 20).
cost(6, 1, 17).
cost(6, 2, 49).
cost(6, 3, 32).
cost(6, 4, 18).
cost(6, 5, 25).
cost(6, 7, 37).
cost(6, 8, 40).
cost(6, 9, 27).
cost(6, 10, 48).
cost(6, 11, 43).
cost(6, 12, 23).
cost(6, 13, 43).
cost(6, 14, 17).
cost(6, 15, 28).
cost(6, 16, 45).
cost(6, 17, 38).
cost(6, 18, 33).
cost(6, 19, 39).
cost(6, 20, 11).
cost(6, 21, 10).
cost(6, 22, 42).
cost(6, 23, 37).
cost(6, 24, 36).
cost(6, 25, 18).
cost(6, 26, 40).
cost(6, 27, 44).
cost(6, 28, 38).
cost(7, 1, 28).
cost(7, 2, 80).
cost(7, 3, 65).
cost(7, 4, 21).
cost(7, 5, 12).
cost(7, 6, 37).
cost(7, 8, 30).
cost(7, 9, 10).
cost(7, 10, 56).
cost(7, 11, 56).
cost(7, 12, 23).
cost(7, 13, 71).
cost(7, 14, 43).
cost(7, 15, 9).
cost(7, 16, 79).
cost(7, 17, 63).
cost(7, 18, 56).
cost(7, 19, 13).
cost(7, 20, 26).
cost(7, 21, 26).
cost(7, 22, 73).
cost(7, 23, 73).
cost(7, 24, 50).
cost(7, 25, 54).
cost(7, 26, 52).
cost(7, 27, 62).
cost(7, 28, 19).
cost(8, 1, 44).
cost(8, 2, 65).
cost(8, 3, 55).
cost(8, 4, 37).
cost(8, 5, 30).
cost(8, 6, 40).
cost(8, 7, 30).
cost(8, 9, 32).
cost(8, 10, 28).
cost(8, 11, 31).
cost(8, 12, 44).
cost(8, 13, 54).
cost(8, 14, 55).
cost(8, 15, 32).
cost(8, 16, 69).
cost(8, 17, 45).
cost(8, 18, 38).
cost(8, 19, 42).
cost(8, 20, 33).
cost(8, 21, 35).
cost(8, 22, 59).
cost(8, 23, 65).
cost(8, 24, 28).
cost(8, 25, 54).
cost(8, 26, 27).
cost(8, 27, 39).
cost(8, 28, 48).
cost(9, 1, 18).
cost(9, 2, 73).
cost(9, 3, 57).
cost(9, 4, 11).
cost(9, 5, 4).
cost(9, 6, 27).
cost(9, 7, 10).
cost(9, 8, 32).
cost(9, 10, 54).
cost(9, 11, 53).
cost(9, 12, 13).
cost(9, 13, 65).
cost(9, 14, 33).
cost(9, 15, 1).
cost(9, 16, 71).
cost(9, 17, 57).
cost(9, 18, 51).
cost(9, 19, 14).
cost(9, 20, 17).
cost(9, 21, 17).
cost(9, 22, 66).
cost(9, 23, 64).
cost(9, 24, 47).
cost(9, 25, 45).
cost(9, 26, 49).
cost(9, 27, 59).
cost(9, 28, 16).
cost(10, 1, 60).
cost(10, 2, 45).
cost(10, 3, 43).
cost(10, 4, 55).
cost(10, 5, 51).
cost(10, 6, 48).
cost(10, 7, 56).
cost(10, 8, 28).
cost(10, 9, 54).
cost(10, 11, 7).
cost(10, 12, 62).
cost(10, 13, 34).
cost(10, 14, 65).
cost(10, 15, 55).
cost(10, 16, 54).
cost(10, 17, 26).
cost(10, 18, 22).
cost(10, 19, 67).
cost(10, 20, 46).
cost(10, 21, 49).
cost(10, 22, 41).
cost(10, 23, 53).
cost(10, 24, 13).
cost(10, 25, 53).
cost(10, 26, 8).
cost(10, 27, 15).
cost(10, 28, 71).
cost(11, 1, 57).
cost(11, 2, 39).
cost(11, 3, 36).
cost(11, 4, 52).
cost(11, 5, 50).
cost(11, 6, 43).
cost(11, 7, 56).
cost(11, 8, 31).
cost(11, 9, 53).
cost(11, 10, 7).
cost(11, 12, 59).
cost(11, 13, 27).
cost(11, 14, 60).
cost(11, 15, 53).
cost(11, 16, 47).
cost(11, 17, 19).
cost(11, 18, 15).
cost(11, 19, 67).
cost(11, 20, 43).
cost(11, 21, 46).
cost(11, 22, 34).
cost(11, 23, 46).
cost(11, 24, 7).
cost(11, 25, 47).
cost(11, 26, 4).
cost(11, 27, 9).
cost(11, 28, 70).
cost(12, 1, 7).
cost(12, 2, 72).
cost(12, 3, 55).
cost(12, 4, 7).
cost(12, 5, 14).
cost(12, 6, 23).
cost(12, 7, 23).
cost(12, 8, 44).
cost(12, 9, 13).
cost(12, 10, 62).
cost(12, 11, 59).
cost(12, 13, 65).
cost(12, 14, 22).
cost(12, 15, 14).
cost(12, 16, 68).
cost(12, 17, 59).
cost(12, 18, 54).
cost(12, 19, 19).
cost(12, 20, 17).
cost(12, 21, 15).
cost(12, 22, 65).
cost(12, 23, 60).
cost(12, 24, 52).
cost(12, 25, 39).
cost(12, 26, 55).
cost(12, 27, 63).
cost(12, 28, 16).
cost(13, 1, 60).
cost(13, 2, 12).
cost(13, 3, 17).
cost(13, 4, 59).
cost(13, 5, 61).
cost(13, 6, 43).
cost(13, 7, 71).
cost(13, 8, 54).
cost(13, 9, 65).
cost(13, 10, 34).
cost(13, 11, 27).
cost(13, 12, 65).
cost(13, 14, 56).
cost(13, 15, 65).
cost(13, 16, 22).
cost(13, 17, 9).
cost(13, 18, 16).
cost(13, 19, 79).
cost(13, 20, 50).
cost(13, 21, 51).
cost(13, 22, 8).
cost(13, 23, 23).
cost(13, 24, 26).
cost(13, 25, 35).
cost(13, 26, 29).
cost(13, 27, 19).
cost(13, 28, 79).
cost(14, 1, 16).
cost(14, 2, 59).
cost(14, 3, 42).
cost(14, 4, 22).
cost(14, 5, 32).
cost(14, 6, 17).
cost(14, 7, 43).
cost(14, 8, 55).
cost(14, 9, 33).
cost(14, 10, 65).
cost(14, 11, 60).
cost(14, 12, 22).
cost(14, 13, 56).
cost(14, 15, 34).
cost(14, 16, 52).
cost(14, 17, 53).
cost(14, 18, 49).
cost(14, 19, 41).
cost(14, 20, 22).
cost(14, 21, 20).
cost(14, 22, 54).
cost(14, 23, 44).
cost(14, 24, 53).
cost(14, 25, 23).
cost(14, 26, 57).
cost(14, 27, 61).
cost(14, 28, 37).
cost(15, 1, 19).
cost(15, 2, 74).
cost(15, 3, 58).
cost(15, 4, 12).
cost(15, 5, 4).
cost(15, 6, 28).
cost(15, 7, 9).
cost(15, 8, 32).
cost(15, 9, 1).
cost(15, 10, 55).
cost(15, 11, 53).
cost(15, 12, 14).
cost(15, 13, 65).
cost(15, 14, 34).
cost(15, 16, 72).
cost(15, 17, 58).
cost(15, 18, 51).
cost(15, 19, 13).
cost(15, 20, 18).
cost(15, 21, 18).
cost(15, 22, 67).
cost(15, 23, 65).
cost(15, 24, 47).
cost(15, 25, 46).
cost(15, 26, 49).
cost(15, 27, 59).
cost(15, 28, 16).
cost(16, 1, 61).
cost(16, 2, 13).
cost(16, 3, 15).
cost(16, 4, 63).
cost(16, 5, 68).
cost(16, 6, 45).
cost(16, 7, 79).
cost(16, 8, 69).
cost(16, 9, 71).
cost(16, 10, 54).
cost(16, 11, 47).
cost(16, 12, 68).
cost(16, 13, 22).
cost(16, 14, 52).
cost(16, 15, 72).
cost(16, 17, 28).
cost(16, 18, 33).
cost(16, 19, 84).
cost(16, 20, 54).
cost(16, 21, 55).
cost(16, 22, 14).
cost(16, 23, 8).
cost(16, 24, 44).
cost(16, 25, 30).
cost(16, 26, 48).
cost(16, 27, 40).
cost(16, 28, 83).
cost(17, 1, 54).
cost(17, 2, 20).
cost(17, 3, 18).
cost(17, 4, 52).
cost(17, 5, 54).
cost(17, 6, 38).
cost(17, 7, 63).
cost(17, 8, 45).
cost(17, 9, 57).
cost(17, 10, 26).
cost(17, 11, 19).
cost(17, 12, 59).
cost(17, 13, 9).
cost(17, 14, 53).
cost(17, 15, 58).
cost(17, 16, 28).
cost(17, 18, 7).
cost(17, 19, 71).
cost(17, 20, 43).
cost(17, 21, 45).
cost(17, 22, 15).
cost(17, 23, 27).
cost(17, 24, 17).
cost(17, 25, 34).
cost(17, 26, 20).
cost(17, 27, 13).
cost(17, 28, 72).
cost(18, 1, 49).
cost(18, 2, 27).
cost(18, 3, 21).
cost(18, 4, 47).
cost(18, 5, 47).
cost(18, 6, 33).
cost(18, 7, 56).
cost(18, 8, 38).
cost(18, 9, 51).
cost(18, 10, 22).
cost(18, 11, 15).
cost(18, 12, 54).
cost(18, 13, 16).
cost(18, 14, 49).
cost(18, 15, 51).
cost(18, 16, 33).
cost(18, 17, 7).
cost(18, 19, 65).
cost(18, 20, 37).
cost(18, 21, 39).
cost(18, 22, 21).
cost(18, 23, 31).
cost(18, 24, 11).
cost(18, 25, 33).
cost(18, 26, 15).
cost(18, 27, 12).
cost(18, 28, 66).
cost(19, 1, 25).
cost(19, 2, 86).
cost(19, 3, 70).
cost(19, 4, 21).
cost(19, 5, 17).
cost(19, 6, 39).
cost(19, 7, 13).
cost(19, 8, 42).
cost(19, 9, 14).
cost(19, 10, 67).
cost(19, 11, 67).
cost(19, 12, 19).
cost(19, 13, 79).
cost(19, 14, 41).
cost(19, 15, 13).
cost(19, 16, 84).
cost(19, 17, 71).
cost(19, 18, 65).
cost(19, 20, 30).
cost(19, 21, 29).
cost(19, 22, 80).
cost(19, 23, 77).
cost(19, 24, 61).
cost(19, 25, 57).
cost(19, 26, 62).
cost(19, 27, 72).
cost(19, 28, 7).
cost(20, 1, 13).
cost(20, 2, 57).
cost(20, 3, 40).
cost(20, 4, 9).
cost(20, 5, 14).
cost(20, 6, 11).
cost(20, 7, 26).
cost(20, 8, 33).
cost(20, 9, 17).
cost(20, 10, 46).
cost(20, 11, 43).
cost(20, 12, 17).
cost(20, 13, 50).
cost(20, 14, 22).
cost(20, 15, 18).
cost(20, 16, 54).
cost(20, 17, 43).
cost(20, 18, 37).
cost(20, 19, 30).
cost(20, 21, 3).
cost(20, 22, 50).
cost(20, 23, 47).
cost(20, 24, 36).
cost(20, 25, 29).
cost(20, 26, 39).
cost(20, 27, 47).
cost(20, 28, 30).
cost(21, 1, 11).
cost(21, 2, 58).
cost(21, 3, 41).
cost(21, 4, 8).
cost(21, 5, 14).
cost(21, 6, 10).
cost(21, 7, 26).
cost(21, 8, 35).
cost(21, 9, 17).
cost(21, 10, 49).
cost(21, 11, 46).
cost(21, 12, 15).
cost(21, 13, 51).
cost(21, 14, 20).
cost(21, 15, 18).
cost(21, 16, 55).
cost(21, 17, 45).
cost(21, 18, 39).
cost(21, 19, 29).
cost(21, 20, 3).
cost(21, 22, 51).
cost(21, 23, 48).
cost(21, 24, 39).
cost(21, 25, 28).
cost(21, 26, 42).
cost(21, 27, 49).
cost(21, 28, 29).
cost(22, 1, 60).
cost(22, 2, 7).
cost(22, 3, 12).
cost(22, 4, 59).
cost(22, 5, 63).
cost(22, 6, 42).
cost(22, 7, 73).
cost(22, 8, 59).
cost(22, 9, 66).
cost(22, 10, 41).
cost(22, 11, 34).
cost(22, 12, 65).
cost(22, 13, 8).
cost(22, 14, 54).
cost(22, 15, 67).
cost(22, 16, 14).
cost(22, 17, 15).
cost(22, 18, 21).
cost(22, 19, 80).
cost(22, 20, 50).
cost(22, 21, 51).
cost(22, 23, 16).
cost(22, 24, 32).
cost(22, 25, 31).
cost(22, 26, 35).
cost(22, 27, 27).
cost(22, 28, 80).
cost(23, 1, 54).
cost(23, 2, 18).
cost(23, 3, 10).
cost(23, 4, 56).
cost(23, 5, 61).
cost(23, 6, 37).
cost(23, 7, 73).
cost(23, 8, 65).
cost(23, 9, 64).
cost(23, 10, 53).
cost(23, 11, 46).
cost(23, 12, 60).
cost(23, 13, 23).
cost(23, 14, 44).
cost(23, 15, 65).
cost(23, 16, 8).
cost(23, 17, 27).
cost(23, 18, 31).
cost(23, 19, 77).
cost(23, 20, 47).
cost(23, 21, 48).
cost(23, 22, 16).
cost(23, 24, 42).
cost(23, 25, 22).
cost(23, 26, 46).
cost(23, 27, 40).
cost(23, 28, 76).
cost(24, 1, 49).
cost(24, 2, 38).
cost(24, 3, 31).
cost(24, 4, 45).
cost(24, 5, 43).
cost(24, 6, 36).
cost(24, 7, 50).
cost(24, 8, 28).
cost(24, 9, 47).
cost(24, 10, 13).
cost(24, 11, 7).
cost(24, 12, 52).
cost(24, 13, 26).
cost(24, 14, 53).
cost(24, 15, 47).
cost(24, 16, 44).
cost(24, 17, 17).
cost(24, 18, 11).
cost(24, 19, 61).
cost(24, 20, 36).
cost(24, 21, 39).
cost(24, 22, 32).
cost(24, 23, 42).
cost(24, 25, 40).
cost(24, 26, 5).
cost(24, 27, 12).
cost(24, 28, 63).
cost(25, 1, 32).
cost(25, 2, 37).
cost(25, 3, 20).
cost(25, 4, 35).
cost(25, 5, 42).
cost(25, 6, 18).
cost(25, 7, 54).
cost(25, 8, 54).
cost(25, 9, 45).
cost(25, 10, 53).
cost(25, 11, 47).
cost(25, 12, 39).
cost(25, 13, 35).
cost(25, 14, 23).
cost(25, 15, 46).
cost(25, 16, 30).
cost(25, 17, 34).
cost(25, 18, 33).
cost(25, 19, 57).
cost(25, 20, 29).
cost(25, 21, 28).
cost(25, 22, 31).
cost(25, 23, 22).
cost(25, 24, 40).
cost(25, 26, 44).
cost(25, 27, 44).
cost(25, 28, 55).
cost(26, 1, 53).
cost(26, 2, 41).
cost(26, 3, 36).
cost(26, 4, 48).
cost(26, 5, 46).
cost(26, 6, 40).
cost(26, 7, 52).
cost(26, 8, 27).
cost(26, 9, 49).
cost(26, 10, 8).
cost(26, 11, 4).
cost(26, 12, 55).
cost(26, 13, 29).
cost(26, 14, 57).
cost(26, 15, 49).
cost(26, 16, 48).
cost(26, 17, 20).
cost(26, 18, 15).
cost(26, 19, 62).
cost(26, 20, 39).
cost(26, 21, 42).
cost(26, 22, 35).
cost(26, 23, 46).
cost(26, 24, 5).
cost(26, 25, 44).
cost(26, 27, 12).
cost(26, 28, 65).
cost(27, 1, 60).
cost(27, 2, 31).
cost(27, 3, 31).
cost(27, 4, 56).
cost(27, 5, 55).
cost(27, 6, 44).
cost(27, 7, 62).
cost(27, 8, 39).
cost(27, 9, 59).
cost(27, 10, 15).
cost(27, 11, 9).
cost(27, 12, 63).
cost(27, 13, 19).
cost(27, 14, 61).
cost(27, 15, 59).
cost(27, 16, 40).
cost(27, 17, 13).
cost(27, 18, 12).
cost(27, 19, 72).
cost(27, 20, 47).
cost(27, 21, 49).
cost(27, 22, 27).
cost(27, 23, 40).
cost(27, 24, 12).
cost(27, 25, 44).
cost(27, 26, 12).
cost(27, 28, 75).
cost(28, 1, 22).
cost(28, 2, 87).
cost(28, 3, 70).
cost(28, 4, 21).
cost(28, 5, 20).
cost(28, 6, 38).
cost(28, 7, 19).
cost(28, 8, 48).
cost(28, 9, 16).
cost(28, 10, 71).
cost(28, 11, 70).
cost(28, 12, 16).
cost(28, 13, 79).
cost(28, 14, 37).
cost(28, 15, 16).
cost(28, 16, 83).
cost(28, 17, 72).
cost(28, 18, 66).
cost(28, 19, 7).
cost(28, 20, 30).
cost(28, 21, 29).
cost(28, 22, 80).
cost(28, 23, 76).
cost(28, 24, 63).
cost(28, 25, 55).
cost(28, 26, 65).
cost(28, 27, 75).
