dimension(28).
point(1, 6.142074822, 39.9013086875).
point(2, 18.5541595324, 13.8097467197).
point(3, 7.4655148105, 28.4466625554).
point(4, 27.6390083429, 11.8874499314).
point(5, 29.4359755183, 5.2624740984).
point(6, 6.0542169723, 51.1878757113).
point(7, 87.9787661129, 51.250233999).
point(8, 87.1464740484, 24.2069835579).
point(9, 6.1182165268, 57.1846760688).
point(10, 13.6663861055, 20.7742222373).
point(11, 98.4372628738, 37.8944981215).
point(12, 21.0699795584, 5.3680612427).
point(13, 17.0069524883, 38.1639281241).
point(14, 38.5875743158, 1.0617001377).
point(15, 11.3177754618, 62.7597111861).
point(16, 90.1837712979, 62.7206721686).
point(17, 36.9947853894, 4.9129386314).
point(18, 64.9064634816, 73.1907181367).
point(19, 89.6880795032, 80.9946380848).
point(20, 61.1394372707, 66.4347659544).
point(21, 75.1488005502, 56.9478045367).
point(22, 76.7891414745, 60.2621669498).
point(23, 96.5498534703, 47.6052728465).
point(24, 98.4528213331, 68.4133865709).
point(25, 72.5835211785, 32.5834386914).
point(26, 18.4881332841, 35.0071485787).
point(27, 65.8463363185, 51.1329605724).
point(28, 93.798422356, 52.1579803916).
cost(1, 2, 29).
cost(1, 3, 12).
cost(1, 4, 35).
cost(1, 5, 42).
cost(1, 6, 11).
cost(1, 7, 83).
cost(1, 8, 83).
cost(1, 9, 17).
cost(1, 10, 21).
cost(1, 11, 92).
cost(1, 12, 38).
cost(1, 13, 11).
cost(1, 14, 51).
cost(1, 15, 23).
cost(1, 16, 87).
cost(1, 17, 47).
cost(1, 18, 68).
cost(1, 19, 93).
cost(1, 20, 61).
cost(1, 21, 71).
cost(1, 22, 74).
cost(1, 23, 91).
cost(1, 24, 97).
cost(1, 25, 67).
cost(1, 26, 13).
cost(1, 27, 61).
cost(1, 28, 89).
cost(2, 1, 29).
cost(2, 3, 18).
cost(2, 4, 9).
cost(2, 5, 14).
cost(2, 6, 39).
cost(2, 7, 79).
cost(2, 8, 69).
cost(2, 9, 45).
cost(2, 10, 9).
cost(2, 11, 83).
cost(2, 12, 9).
cost(2, 13, 24).
cost(2, 14, 24).
cost(2, 15, 49).
cost(2, 16, 87).
cost(2, 17, 20).
cost(2, 18, 75).
cost(2, 19, 98).
cost(2, 20, 68).
cost(2, 21, 71).
cost(2, 22, 74).
cost(2, 23, 85).
cost(2, 24, 97).
cost(2, 25, 57).
cost(2, 26, 21).
cost(2, 27, 60).
cost(2, 28, 84).
cost(3, 1, 12).
cost(3, 2, 18).
cost(3, 4, 26).
cost(3, 5, 32).
cost(3, 6, 23).
cost(3, 7, 84).
cost(3, 8, 80).
cost(3, 9, 29).
cost(3, 10, 10).
cost(3, 11, 91).
cost(3, 12, 27).
cost(3, 13, 14).
cost(3, 14, 41).
cost(3, 15, 35).
cost(3, 16, 90).
cost(3, 17, 38).
cost(3, 18, 73).
cost(3, 19, 98).
cost(3, 20, 66).
cost(3, 21, 73).
cost(3, 22, 76).
cost(3, 23, 91).
cost(3, 24, 99).
cost(3, 25, 65).
cost(3, 26, 13).
cost(3, 27, 63).
cost(3, 28, 90).
cost(4, 1, 35).
cost(4, 2, 9).
cost(4, 3, 26).
cost(4, 5, 7).
cost(4, 6, 45).
cost(4, 7, 72).
cost(4, 8, 61).
cost(4, 9, 50).
cost(4, 10, 17).
cost(4, 11, 75).
cost(4, 12, 9).
cost(4, 13, 28).
cost(4, 14, 15).
cost(4, 15, 53).
cost(4, 16, 81).
cost(4, 17, 12).
cost(4, 18, 72).
cost(4, 19, 93).
cost(4, 20, 64).
cost(4, 21, 65).
cost(4, 22, 69).
cost(4, 23, 78).
cost(4, 24, 91).
cost(4, 25, 49).
cost(4, 26, 25).
cost(4, 27, 55).
cost(4, 28, 77).
cost(5, 1, 42).
cost(5, 2, 14).
cost(5, 3, 32).
cost(5, 4, 7).
cost(5, 6, 52).
cost(5, 7, 74).
cost(5, 8, 61).
cost(5, 9, 57).
cost(5, 10, 22).
cost(5, 11, 76).
cost(5, 12, 8).
cost(5, 13, 35).
cost(5, 14, 10).
cost(5, 15, 60).
cost(5, 16, 84).
cost(5, 17, 8).
cost(5, 18, 77).
cost(5, 19, 97).
cost(5, 20, 69).
cost(5, 21, 69).
cost(5, 22, 73).
cost(5, 23, 79).
cost(5, 24, 94).
cost(5, 25, 51).
cost(5, 26, 32).
cost(5, 27, 59).
cost(5, 28, 80).
cost(6, 1, 11).
cost(6, 2, 39).
cost(6, 3, 23).
cost(6, 4, 45).
cost(6, 5, 52).
cost(6, 7, 82).
cost(6, 8, 85).
cost(6, 9, 6).
cost(6, 10, 31).
cost(6, 11, 93).
cost(6, 12, 48).
cost(6, 13, 17).
cost(6, 14, 60).
cost(6, 15, 13).
cost(6, 16, 85).
cost(6, 17, 56).
cost(6, 18, 63).
cost(6, 19, 89).
cost(6, 20, 57).
cost(6, 21, 69).
cost(6, 22, 71).
cost(6, 23, 91).
cost(6, 24, 94).
cost(6, 25, 69).
cost(6, 26, 20).
cost(6, 27, 60).
cost(6, 28, 88).
cost(7, 1, 83).
cost(7, 2, 79).
cost(7, 3, 84).
cost(7, 4, 72).
cost(7, 5, 74).
cost(7, 6, 82).
cost(7, 8, 27).
cost(7, 9, 82).
cost(7, 10, 80).
cost(7, 11, 17).
cost(7, 12, 81).
cost(7, 13, 72).
cost(7, 14, 70).
cost(7, 15, 78).
cost(7, 16, 12).
cost(7, 17, 69).
cost(7, 18, 32).
cost(7, 19, 30).
cost(7, 20, 31).
cost(7, 21, 14).
cost(7, 22, 14).
cost(7, 23, 9).
cost(7, 24, 20).
cost(7, 25, 24).
cost(7, 26, 71).
cost(7, 27, 22).
cost(7, 28, 6).
cost(8, 1, 83).
cost(8, 2, 69).
cost(8, 3, 80).
cost(8, 4, 61).
cost(8, 5, 61).
cost(8, 6, 85).
cost(8, 7, 27).
cost(8, 9, 87).
cost(8, 10, 74).
cost(8, 11, 18).
cost(8, 12, 69).
cost(8, 13, 72).
cost(8, 14, 54).
cost(8, 15, 85).
cost(8, 16, 39).
cost(8, 17, 54).
cost(8, 18, 54).
cost(8, 19, 57).
cost(8, 20, 50).
cost(8, 21, 35).
cost(8, 22, 38).
cost(8, 23, 25).
cost(8, 24, 46).
cost(8, 25, 17).
cost(8, 26, 70).
cost(8, 27, 34).
cost(8, 28, 29).
cost(9, 1, 17).
cost(9, 2, 45).
cost(9, 3, 29).
cost(9, 4, 50).
cost(9, 5, 57).
cost(9, 6, 6).
cost(9, 7, 82).
cost(9, 8, 87).
cost(9, 10, 37).
cost(9, 11, 94).
cost(9, 12, 54).
cost(9, 13, 22).
cost(9, 14, 65).
cost(9, 15, 8).
cost(9, 16, 84).
cost(9, 17, 61).
cost(9, 18, 61).
cost(9, 19, 87).
cost(9, 20, 56).
cost(9, 21, 69).
cost(9, 22, 71).
cost(9, 23, 91).
cost(9, 24, 93).
cost(9, 25, 71).
cost(9, 26, 25).
cost(9, 27, 60).
cost(9, 28, 88).
cost(10, 1, 21).
cost(10, 2, 9).
cost(10, 3, 10).
cost(10, 4, 17).
cost(10, 5, 22).
cost(10, 6, 31).
cost(10, 7, 80).
cost(10, 8, 74).
cost(10, 9, 37).
cost(10, 11, 86).
cost(10, 12, 17).
cost(10, 13, 18).
cost(10, 14, 32).
cost(10, 15, 42).
cost(10, 16, 87).
cost(10, 17, 28).
cost(10, 18, 73).
cost(10, 19, 97).
cost(10, 20, 66).
cost(10, 21, 71).
cost(10, 22, 74).
cost(10, 23, 87).
cost(10, 24, 97).
cost(10, 25, 60).
cost(10, 26, 15).
cost(10, 27, 60).
cost(10, 28, 86).
cost(11, 1, 92).
cost(11, 2, 83).
cost(11, 3, 91).
cost(11, 4, 75).
cost(11, 5, 76).
cost(11, 6, 93).
cost(11, 7, 17).
cost(11, 8, 18).
cost(11, 9, 94).
cost(11, 10, 86).
cost(11, 12, 84).
cost(11, 13, 81).
cost(11, 14, 70).
cost(11, 15, 91).
cost(11, 16, 26).
cost(11, 17, 70).
cost(11, 18, 49).
cost(11, 19, 44).
cost(11, 20, 47).
cost(11, 21, 30).
cost(11, 22, 31).
cost(11, 23, 10).
cost(11, 24, 31).
cost(11, 25, 26).
cost(11, 26, 80).
cost(11, 27, 35).
cost(11, 28, 15).
cost(12, 1, 38).
cost(12, 2, 9).
cost(12, 3, 27).
cost(12, 4, 9).
cost(12, 5, 8).
cost(12, 6, 48).
cost(12, 7, 81).
cost(12, 8, 69).
cost(12, 9, 54).
cost(12, 10, 17).
cost(12, 11, 84).
cost(12, 13, 33).
cost(12, 14, 18).
cost(12, 15, 58).
cost(12, 16, 90).
cost(12, 17, 16).
cost(12, 18, 81).
cost(12, 19, 102).
cost(12, 20, 73).
cost(12, 21, 75).
cost(12, 22, 78).
cost(12, 23, 86).
cost(12, 24, 100).
cost(12, 25, 58).
cost(12, 26, 30).
cost(12, 27, 64).
cost(12, 28, 86).
cost(13, 1, 11).
cost(13, 2, 24).
cost(13, 3, 14).
cost(13, 4, 28).
cost(13, 5, 35).
cost(13, 6, 17).
cost(13, 7, 72).
cost(13, 8, 72).
cost(13, 9, 22).
cost(13, 10, 18).
cost(13, 11, 81).
cost(13, 12, 33).
cost(13, 14, 43).
cost(13, 15, 25).
cost(13, 16, 77).
cost(13, 17, 39).
cost(13, 18, 59).
cost(13, 19, 84).
cost(13, 20, 52).
cost(13, 21, 61).
cost(13, 22, 64).
cost(13, 23, 80).
cost(13, 24, 87).
cost(13, 25, 56).
cost(13, 26, 3).
cost(13, 27, 51).
cost(13, 28, 78).
cost(14, 1, 51).
cost(14, 2, 24).
cost(14, 3, 41).
cost(14, 4, 15).
cost(14, 5, 10).
cost(14, 6, 60).
cost(14, 7, 70).
cost(14, 8, 54).
cost(14, 9, 65).
cost(14, 10, 32).
cost(14, 11, 70).
cost(14, 12, 18).
cost(14, 13, 43).
cost(14, 15, 67).
cost(14, 16, 80).
cost(14, 17, 4).
cost(14, 18, 77).
cost(14, 19, 95).
cost(14, 20, 69).
cost(14, 21, 67).
cost(14, 22, 70).
cost(14, 23, 74).
cost(14, 24, 90).
cost(14, 25, 46).
cost(14, 26, 39).
cost(14, 27, 57).
cost(14, 28, 75).
cost(15, 1, 23).
cost(15, 2, 49).
cost(15, 3, 35).
cost(15, 4, 53).
cost(15, 5, 60).
cost(15, 6, 13).
cost(15, 7, 78).
cost(15, 8, 85).
cost(15, 9, 8).
cost(15, 10, 42).
cost(15, 11, 91).
cost(15, 12, 58).
cost(15, 13, 25).
cost(15, 14, 67).
cost(15, 16, 79).
cost(15, 17, 63).
cost(15, 18, 55).
cost(15, 19, 80).
cost(15, 20, 50).
cost(15, 21, 64).
cost(15, 22, 66).
cost(15, 23, 87).
cost(15, 24, 87).
cost(15, 25, 68).
cost(15, 26, 29).
cost(15, 27, 56).
cost(15, 28, 83).
cost(16, 1, 87).
cost(16, 2, 87).
cost(16, 3, 90).
cost(16, 4, 81).
cost(16, 5, 84).
cost(16, 6, 85).
cost(16, 7, 12).
cost(16, 8, 39).
cost(16, 9, 84).
cost(16, 10, 87).
cost(16, 11, 26).
cost(16, 12, 90).
cost(16, 13, 77).
cost(16, 14, 80).
cost(16, 15, 79).
cost(16, 17, 79).
cost(16, 18, 27).
cost(16, 19, 18).
cost(16, 20, 29).
cost(16, 21, 16).
cost(16, 22, 14).
cost(16, 23, 16).
cost(16, 24, 10).
cost(16, 25, 35).
cost(16, 26, 77).
cost(16, 27, 27).
cost(16, 28, 11).
cost(17, 1, 47).
cost(17, 2, 20).
cost(17, 3, 38).
cost(17, 4, 12).
cost(17, 5, 8).
cost(17, 6, 56).
cost(17, 7, 69).
cost(17, 8, 54).
cost(17, 9, 61).
cost(17, 10, 28).
cost(17, 11, 70).
cost(17, 12, 16).
cost(17, 13, 39).
cost(17, 14, 4).
cost(17, 15, 63).
cost(17, 16, 79).
cost(17, 18, 74).
cost(17, 19, 93).
cost(17, 20, 66).
cost(17, 21, 65).
cost(17, 22, 68).
cost(17, 23, 73).
cost(17, 24, 88).
cost(17, 25, 45).
cost(17, 26, 35).
cost(17, 27, 54).
cost(17, 28, 74).
cost(18, 1, 68).
cost(18, 2, 75).
cost(18, 3, 73).
cost(18, 4, 72).
cost(18, 5, 77).
cost(18, 6, 63).
cost(18, 7, 32).
cost(18, 8, 54).
cost(18, 9, 61).
cost(18, 10, 73).
cost(18, 11, 49).
cost(18, 12, 81).
cost(18, 13, 59).
cost(18, 14, 77).
cost(18, 15, 55).
cost(18, 16, 27).
cost(18, 17, 74).
cost(18, 19, 26).
cost(18, 20, 8).
cost(18, 21, 19).
cost(18, 22, 18).
cost(18, 23, 41).
cost(18, 24, 34).
cost(18, 25, 41).
cost(18, 26, 60).
cost(18, 27, 22).
cost(18, 28, 36).
cost(19, 1, 93).
cost(19, 2, 98).
cost(19, 3, 98).
cost(19, 4, 93).
cost(19, 5, 97).
cost(19, 6, 89).
cost(19, 7, 30).
cost(19, 8, 57).
cost(19, 9, 87).
cost(19, 10, 97).
cost(19, 11, 44).
cost(19, 12, 102).
cost(19, 13, 84).
cost(19, 14, 95).
cost(19, 15, 80).
cost(19, 16, 18).
cost(19, 17, 93).
cost(19, 18, 26).
cost(19, 20, 32).
cost(19, 21, 28).
cost(19, 22, 24).
cost(19, 23, 34).
cost(19, 24, 15).
cost(19, 25, 51).
cost(19, 26, 85).
cost(19, 27, 38).
cost(19, 28, 29).
cost(20, 1, 61).
cost(20, 2, 68).
cost(20, 3, 66).
cost(20, 4, 64).
cost(20, 5, 69).
cost(20, 6, 57).
cost(20, 7, 31).
cost(20, 8, 50).
cost(20, 9, 56).
cost(20, 10, 66).
cost(20, 11, 47).
cost(20, 12, 73).
cost(20, 13, 52).
cost(20, 14, 69).
cost(20, 15, 50).
cost(20, 16, 29).
cost(20, 17, 66).
cost(20, 18, 8).
cost(20, 19, 32).
cost(20, 21, 17).
cost(20, 22, 17).
cost(20, 23, 40).
cost(20, 24, 37).
cost(20, 25, 36).
cost(20, 26, 53).
cost(20, 27, 16).
cost(20, 28, 36).
cost(21, 1, 71).
cost(21, 2, 71).
cost(21, 3, 73).
cost(21, 4, 65).
cost(21, 5, 69).
cost(21, 6, 69).
cost(21, 7, 14).
cost(21, 8, 35).
cost(21, 9, 69).
cost(21, 10, 71).
cost(21, 11, 30).
cost(21, 12, 75).
cost(21, 13, 61).
cost(21, 14, 67).
cost(21, 15, 64).
cost(21, 16, 16).
cost(21, 17, 65).
cost(21, 18, 19).
cost(21, 19, 28).
cost(21, 20, 17).
cost(21, 22, 4).
cost(21, 23, 23).
cost(21, 24, 26).
cost(21, 25, 24).
cost(21, 26, 61).
cost(21, 27, 11).
cost(21, 28, 19).
cost(22, 1, 74).
cost(22, 2, 74).
cost(22, 3, 76).
cost(22, 4, 69).
cost(22, 5, 73).
cost(22, 6, 71).
cost(22, 7, 14).
cost(22, 8, 38).
cost(22, 9, 71).
cost(22, 10, 74).
cost(22, 11, 31).
cost(22, 12, 78).
cost(22, 13, 64).
cost(22, 14, 70).
cost(22, 15, 66).
cost(22, 16, 14).
cost(22, 17, 68).
cost(22, 18, 18).
cost(22, 19, 24).
cost(22, 20, 17).
cost(22, 21, 4).
cost(22, 23, 23).
cost(22, 24, 23).
cost(22, 25, 28).
cost(22, 26, 64).
cost(22, 27, 14).
cost(22, 28, 19).
cost(23, 1, 91).
cost(23, 2, 85).
cost(23, 3, 91).
cost(23, 4, 78).
cost(23, 5, 79).
cost(23, 6, 91).
cost(23, 7, 9).
cost(23, 8, 25).
cost(23, 9, 91).
cost(23, 10, 87).
cost(23, 11, 10).
cost(23, 12, 86).
cost(23, 13, 80).
cost(23, 14, 74).
cost(23, 15, 87).
cost(23, 16, 16).
cost(23, 17, 73).
cost(23, 18, 41).
cost(23, 19, 34).
cost(23, 20, 40).
cost(23, 21, 23).
cost(23, 22, 23).
cost(23, 24, 21).
cost(23, 25, 28).
cost(23, 26, 79).
cost(23, 27, 31).
cost(23, 28, 5).
cost(24, 1, 97).
cost(24, 2, 97).
cost(24, 3, 99).
cost(24, 4, 91).
cost(24, 5, 94).
cost(24, 6, 94).
cost(24, 7, 20).
cost(24, 8, 46).
cost(24, 9, 93).
cost(24, 10, 97).
cost(24, 11, 31).
cost(24, 12, 100).
cost(24, 13, 87).
cost(24, 14, 90).
cost(24, 15, 87).
cost(24, 16, 10).
cost(24, 17, 88).
cost(24, 18, 34).
cost(24, 19, 15).
cost(24, 20, 37).
cost(24, 21, 26).
cost(24, 22, 23).
cost(24, 23, 21).
cost(24, 25, 44).
cost(24, 26, 87).
cost(24, 27, 37).
cost(24, 28, 17).
cost(25, 1, 67).
cost(25, 2, 57).
cost(25, 3, 65).
cost(25, 4, 49).
cost(25, 5, 51).
cost(25, 6, 69).
cost(25, 7, 24).
cost(25, 8, 17).
cost(25, 9, 71).
cost(25, 10, 60).
cost(25, 11, 26).
cost(25, 12, 58).
cost(25, 13, 56).
cost(25, 14, 46).
cost(25, 15, 68).
cost(25, 16, 35).
cost(25, 17, 45).
cost(25, 18, 41).
cost(25, 19, 51).
cost(25, 20, 36).
cost(25, 21, 24).
cost(25, 22, 28).
cost(25, 23, 28).
cost(25, 24, 44).
cost(25, 26, 54).
cost(25, 27, 20).
cost(25, 28, 29).
cost(26, 1, 13).
cost(26, 2, 21).
cost(26, 3, 13).
cost(26, 4, 25).
cost(26, 5, 32).
cost(26, 6, 20).
cost(26, 7, 71).
cost(26, 8, 70).
cost(26, 9, 25).
cost(26, 10, 15).
cost(26, 11, 80).
cost(26, 12, 30).
cost(26, 13, 3).
cost(26, 14, 39).
cost(26, 15, 29).
cost(26, 16, 77).
cost(26, 17, 35).
cost(26, 18, 60).
cost(26, 19, 85).
cost(26, 20, 53).
cost(26, 21, 61).
cost(26, 22, 64).
cost(26, 23, 79).
cost(26, 24, 87).
cost(26, 25, 54).
cost(26, 27, 50).
cost(26, 28, 77).
cost(27, 1, 61).
cost(27, 2, 60).
cost(27, 3, 63).
cost(27, 4, 55).
cost(27, 5, 59).
cost(27, 6, 60).
cost(27, 7, 22).
cost(27, 8, 34).
cost(27, 9, 60).
cost(27, 10, 60).
cost(27, 11, 35).
cost(27, 12, 64).
cost(27, 13, 51).
cost(27, 14, 57).
cost(27, 15, 56).
cost(27, 16, 27).
cost(27, 17, 54).
cost(27, 18, 22).
cost(27, 19, 38).
cost(27, 20, 16).
cost(27, 21, 11).
cost(27, 22, 14).
cost(27, 23, 31).
cost(27, 24, 37).
cost(27, 25, 20).
cost(27, 26, 50).
cost(27, 28, 28).
cost(28, 1, 89).
cost(28, 2, 84).
cost(28, 3, 90).
cost(28, 4, 77).
cost(28, 5, 80).
cost(28, 6, 88).
cost(28, 7, 6).
cost(28, 8, 29).
cost(28, 9, 88).
cost(28, 10, 86).
cost(28, 11, 15).
cost(28, 12, 86).
cost(28, 13, 78).
cost(28, 14, 75).
cost(28, 15, 83).
cost(28, 16, 11).
cost(28, 17, 74).
cost(28, 18, 36).
cost(28, 19, 29).
cost(28, 20, 36).
cost(28, 21, 19).
cost(28, 22, 19).
cost(28, 23, 5).
cost(28, 24, 17).
cost(28, 25, 29).
cost(28, 26, 77).
cost(28, 27, 28).
