dimension(28).
point(1, 40.1545477206, 10.9321612526).
point(2, 86.7990780935, 26.1813869586).
point(3, 30.7917913586, 9.4144225265).
point(4, 46.9403958684, 63.8397151661).
point(5, 90.2472054653, 51.1188476785).
point(6, 52.7046534767, 65.3525319555).
point(7, 79.417743378, 73.927184353).
point(8, 17.2728994401, 44.563459102).
point(9, 84.7730961413, 55.6168914182).
point(10, 22.8539381042, 18.7391475381).
point(11, 26.5111300228, 11.3114922807).
point(12, 77.415035924, 29.159013492).
point(13, 46.6073819226, 3.6076810432).
point(14, 2.7458190338, 38.643377868).
point(15, 80.3622977636, 48.4761554853).
point(16, 12.15178258, 42.6526368713).
point(17, 8.9814219041, 47.4716680441).
point(18, 56.4995408454, 50.6005494578).
point(19, 45.9995753812, 67.0975774089).
point(20, 11.6989346809, 0.9288831126).
point(21, 14.2403145456, 29.3547502538).
point(22, 62.5349663422, 41.0512112723).
point(23, 29.4658570177, 31.063916361).
point(24, 51.7822322197, 40.775206545).
point(25, 65.0535218229, 81.0935444951).
point(26, 4.8386984978, 37.8473562605).
point(27, 14.6347754983, 33.4313062221).
point(28, 79.0270243109, 64.1819685738).
cost(1, 2, 49).
cost(1, 3, 9).
cost(1, 4, 53).
cost(1, 5, 64).
cost(1, 6, 56).
cost(1, 7, 74).
cost(1, 8, 41).
cost(1, 9, 63).
cost(1, 10, 19).
cost(1, 11, 14).
cost(1, 12, 41).
cost(1, 13, 10).
cost(1, 14, 47).
cost(1, 15, 55).
cost(1, 16, 42).
cost(1, 17, 48).
cost(1, 18, 43).
cost(1, 19, 56).
cost(1, 20, 30).
cost(1, 21, 32).
cost(1, 22, 38).
cost(1, 23, 23).
cost(1, 24, 32).
cost(1, 25, 74).
cost(1, 26, 44).
cost(1, 27, 34).
cost(1, 28, 66).
cost(2, 1, 49).
cost(2, 3, 58).
cost(2, 4, 55).
cost(2, 5, 25).
cost(2, 6, 52).
cost(2, 7, 48).
cost(2, 8, 72).
cost(2, 9, 30).
cost(2, 10, 64).
cost(2, 11, 62).
cost(2, 12, 10).
cost(2, 13, 46).
cost(2, 14, 85).
cost(2, 15, 23).
cost(2, 16, 76).
cost(2, 17, 81).
cost(2, 18, 39).
cost(2, 19, 58).
cost(2, 20, 79).
cost(2, 21, 73).
cost(2, 22, 28).
cost(2, 23, 58).
cost(2, 24, 38).
cost(2, 25, 59).
cost(2, 26, 83).
cost(2, 27, 73).
cost(2, 28, 39).
cost(3, 1, 9).
cost(3, 2, 58).
cost(3, 4, 57).
cost(3, 5, 73).
cost(3, 6, 60).
cost(3, 7, 81).
cost(3, 8, 38).
cost(3, 9, 71).
cost(3, 10, 12).
cost(3, 11, 5).
cost(3, 12, 51).
cost(3, 13, 17).
cost(3, 14, 41).
cost(3, 15, 63).
cost(3, 16, 38).
cost(3, 17, 44).
cost(3, 18, 49).
cost(3, 19, 60).
cost(3, 20, 21).
cost(3, 21, 26).
cost(3, 22, 45).
cost(3, 23, 22).
cost(3, 24, 38).
cost(3, 25, 79).
cost(3, 26, 38).
cost(3, 27, 29).
cost(3, 28, 73).
cost(4, 1, 53).
cost(4, 2, 55).
cost(4, 3, 57).
cost(4, 5, 45).
cost(4, 6, 6).
cost(4, 7, 34).
cost(4, 8, 35).
cost(4, 9, 39).
cost(4, 10, 51).
cost(4, 11, 56).
cost(4, 12, 46).
cost(4, 13, 60).
cost(4, 14, 51).
cost(4, 15, 37).
cost(4, 16, 41).
cost(4, 17, 41).
cost(4, 18, 16).
cost(4, 19, 3).
cost(4, 20, 72).
cost(4, 21, 48).
cost(4, 22, 28).
cost(4, 23, 37).
cost(4, 24, 24).
cost(4, 25, 25).
cost(4, 26, 49).
cost(4, 27, 44).
cost(4, 28, 32).
cost(5, 1, 64).
cost(5, 2, 25).
cost(5, 3, 73).
cost(5, 4, 45).
cost(5, 6, 40).
cost(5, 7, 25).
cost(5, 8, 73).
cost(5, 9, 7).
cost(5, 10, 75).
cost(5, 11, 75).
cost(5, 12, 25).
cost(5, 13, 65).
cost(5, 14, 88).
cost(5, 15, 10).
cost(5, 16, 79).
cost(5, 17, 81).
cost(5, 18, 34).
cost(5, 19, 47).
cost(5, 20, 93).
cost(5, 21, 79).
cost(5, 22, 29).
cost(5, 23, 64).
cost(5, 24, 40).
cost(5, 25, 39).
cost(5, 26, 86).
cost(5, 27, 78).
cost(5, 28, 17).
cost(6, 1, 56).
cost(6, 2, 52).
cost(6, 3, 60).
cost(6, 4, 6).
cost(6, 5, 40).
cost(6, 7, 28).
cost(6, 8, 41).
cost(6, 9, 34).
cost(6, 10, 55).
cost(6, 11, 60).
cost(6, 12, 44).
cost(6, 13, 62).
cost(6, 14, 57).
cost(6, 15, 32).
cost(6, 16, 46).
cost(6, 17, 47).
cost(6, 18, 15).
cost(6, 19, 7).
cost(6, 20, 76).
cost(6, 21, 53).
cost(6, 22, 26).
cost(6, 23, 41).
cost(6, 24, 25).
cost(6, 25, 20).
cost(6, 26, 55).
cost(6, 27, 50).
cost(6, 28, 26).
cost(7, 1, 74).
cost(7, 2, 48).
cost(7, 3, 81).
cost(7, 4, 34).
cost(7, 5, 25).
cost(7, 6, 28).
cost(7, 8, 69).
cost(7, 9, 19).
cost(7, 10, 79).
cost(7, 11, 82).
cost(7, 12, 45).
cost(7, 13, 78).
cost(7, 14, 84).
cost(7, 15, 25).
cost(7, 16, 74).
cost(7, 17, 75).
cost(7, 18, 33).
cost(7, 19, 34).
cost(7, 20, 100).
cost(7, 21, 79).
cost(7, 22, 37).
cost(7, 23, 66).
cost(7, 24, 43).
cost(7, 25, 16).
cost(7, 26, 83).
cost(7, 27, 76).
cost(7, 28, 10).
cost(8, 1, 41).
cost(8, 2, 72).
cost(8, 3, 38).
cost(8, 4, 35).
cost(8, 5, 73).
cost(8, 6, 41).
cost(8, 7, 69).
cost(8, 9, 68).
cost(8, 10, 26).
cost(8, 11, 35).
cost(8, 12, 62).
cost(8, 13, 50).
cost(8, 14, 16).
cost(8, 15, 63).
cost(8, 16, 5).
cost(8, 17, 9).
cost(8, 18, 40).
cost(8, 19, 37).
cost(8, 20, 44).
cost(8, 21, 16).
cost(8, 22, 45).
cost(8, 23, 18).
cost(8, 24, 35).
cost(8, 25, 60).
cost(8, 26, 14).
cost(8, 27, 11).
cost(8, 28, 65).
cost(9, 1, 63).
cost(9, 2, 30).
cost(9, 3, 71).
cost(9, 4, 39).
cost(9, 5, 7).
cost(9, 6, 34).
cost(9, 7, 19).
cost(9, 8, 68).
cost(9, 10, 72).
cost(9, 11, 73).
cost(9, 12, 27).
cost(9, 13, 65).
cost(9, 14, 84).
cost(9, 15, 8).
cost(9, 16, 74).
cost(9, 17, 76).
cost(9, 18, 29).
cost(9, 19, 40).
cost(9, 20, 91).
cost(9, 21, 75).
cost(9, 22, 27).
cost(9, 23, 61).
cost(9, 24, 36).
cost(9, 25, 32).
cost(9, 26, 82).
cost(9, 27, 74).
cost(9, 28, 10).
cost(10, 1, 19).
cost(10, 2, 64).
cost(10, 3, 12).
cost(10, 4, 51).
cost(10, 5, 75).
cost(10, 6, 55).
cost(10, 7, 79).
cost(10, 8, 26).
cost(10, 9, 72).
cost(10, 11, 8).
cost(10, 12, 56).
cost(10, 13, 28).
cost(10, 14, 28).
cost(10, 15, 65).
cost(10, 16, 26).
cost(10, 17, 32).
cost(10, 18, 46).
cost(10, 19, 54).
cost(10, 20, 21).
cost(10, 21, 14).
cost(10, 22, 46).
cost(10, 23, 14).
cost(10, 24, 36).
cost(10, 25, 75).
cost(10, 26, 26).
cost(10, 27, 17).
cost(10, 28, 72).
cost(11, 1, 14).
cost(11, 2, 62).
cost(11, 3, 5).
cost(11, 4, 56).
cost(11, 5, 75).
cost(11, 6, 60).
cost(11, 7, 82).
cost(11, 8, 35).
cost(11, 9, 73).
cost(11, 10, 8).
cost(11, 12, 54).
cost(11, 13, 22).
cost(11, 14, 36).
cost(11, 15, 65).
cost(11, 16, 34).
cost(11, 17, 40).
cost(11, 18, 49).
cost(11, 19, 59).
cost(11, 20, 18).
cost(11, 21, 22).
cost(11, 22, 47).
cost(11, 23, 20).
cost(11, 24, 39).
cost(11, 25, 80).
cost(11, 26, 34).
cost(11, 27, 25).
cost(11, 28, 75).
cost(12, 1, 41).
cost(12, 2, 10).
cost(12, 3, 51).
cost(12, 4, 46).
cost(12, 5, 25).
cost(12, 6, 44).
cost(12, 7, 45).
cost(12, 8, 62).
cost(12, 9, 27).
cost(12, 10, 56).
cost(12, 11, 54).
cost(12, 13, 40).
cost(12, 14, 75).
cost(12, 15, 20).
cost(12, 16, 67).
cost(12, 17, 71).
cost(12, 18, 30).
cost(12, 19, 49).
cost(12, 20, 72).
cost(12, 21, 63).
cost(12, 22, 19).
cost(12, 23, 48).
cost(12, 24, 28).
cost(12, 25, 53).
cost(12, 26, 73).
cost(12, 27, 63).
cost(12, 28, 35).
cost(13, 1, 10).
cost(13, 2, 46).
cost(13, 3, 17).
cost(13, 4, 60).
cost(13, 5, 65).
cost(13, 6, 62).
cost(13, 7, 78).
cost(13, 8, 50).
cost(13, 9, 65).
cost(13, 10, 28).
cost(13, 11, 22).
cost(13, 12, 40).
cost(13, 14, 56).
cost(13, 15, 56).
cost(13, 16, 52).
cost(13, 17, 58).
cost(13, 18, 48).
cost(13, 19, 63).
cost(13, 20, 35).
cost(13, 21, 41).
cost(13, 22, 41).
cost(13, 23, 32).
cost(13, 24, 38).
cost(13, 25, 80).
cost(13, 26, 54).
cost(13, 27, 44).
cost(13, 28, 69).
cost(14, 1, 47).
cost(14, 2, 85).
cost(14, 3, 41).
cost(14, 4, 51).
cost(14, 5, 88).
cost(14, 6, 57).
cost(14, 7, 84).
cost(14, 8, 16).
cost(14, 9, 84).
cost(14, 10, 28).
cost(14, 11, 36).
cost(14, 12, 75).
cost(14, 13, 56).
cost(14, 15, 78).
cost(14, 16, 10).
cost(14, 17, 11).
cost(14, 18, 55).
cost(14, 19, 52).
cost(14, 20, 39).
cost(14, 21, 15).
cost(14, 22, 60).
cost(14, 23, 28).
cost(14, 24, 49).
cost(14, 25, 75).
cost(14, 26, 2).
cost(14, 27, 13).
cost(14, 28, 80).
cost(15, 1, 55).
cost(15, 2, 23).
cost(15, 3, 63).
cost(15, 4, 37).
cost(15, 5, 10).
cost(15, 6, 32).
cost(15, 7, 25).
cost(15, 8, 63).
cost(15, 9, 8).
cost(15, 10, 65).
cost(15, 11, 65).
cost(15, 12, 20).
cost(15, 13, 56).
cost(15, 14, 78).
cost(15, 16, 68).
cost(15, 17, 71).
cost(15, 18, 24).
cost(15, 19, 39).
cost(15, 20, 84).
cost(15, 21, 69).
cost(15, 22, 19).
cost(15, 23, 54).
cost(15, 24, 30).
cost(15, 25, 36).
cost(15, 26, 76).
cost(15, 27, 67).
cost(15, 28, 16).
cost(16, 1, 42).
cost(16, 2, 76).
cost(16, 3, 38).
cost(16, 4, 41).
cost(16, 5, 79).
cost(16, 6, 46).
cost(16, 7, 74).
cost(16, 8, 5).
cost(16, 9, 74).
cost(16, 10, 26).
cost(16, 11, 34).
cost(16, 12, 67).
cost(16, 13, 52).
cost(16, 14, 10).
cost(16, 15, 68).
cost(16, 17, 6).
cost(16, 18, 45).
cost(16, 19, 42).
cost(16, 20, 42).
cost(16, 21, 13).
cost(16, 22, 50).
cost(16, 23, 21).
cost(16, 24, 40).
cost(16, 25, 65).
cost(16, 26, 9).
cost(16, 27, 10).
cost(16, 28, 70).
cost(17, 1, 48).
cost(17, 2, 81).
cost(17, 3, 44).
cost(17, 4, 41).
cost(17, 5, 81).
cost(17, 6, 47).
cost(17, 7, 75).
cost(17, 8, 9).
cost(17, 9, 76).
cost(17, 10, 32).
cost(17, 11, 40).
cost(17, 12, 71).
cost(17, 13, 58).
cost(17, 14, 11).
cost(17, 15, 71).
cost(17, 16, 6).
cost(17, 18, 48).
cost(17, 19, 42).
cost(17, 20, 47).
cost(17, 21, 19).
cost(17, 22, 54).
cost(17, 23, 26).
cost(17, 24, 43).
cost(17, 25, 65).
cost(17, 26, 10).
cost(17, 27, 15).
cost(17, 28, 72).
cost(18, 1, 43).
cost(18, 2, 39).
cost(18, 3, 49).
cost(18, 4, 16).
cost(18, 5, 34).
cost(18, 6, 15).
cost(18, 7, 33).
cost(18, 8, 40).
cost(18, 9, 29).
cost(18, 10, 46).
cost(18, 11, 49).
cost(18, 12, 30).
cost(18, 13, 48).
cost(18, 14, 55).
cost(18, 15, 24).
cost(18, 16, 45).
cost(18, 17, 48).
cost(18, 19, 20).
cost(18, 20, 67).
cost(18, 21, 47).
cost(18, 22, 11).
cost(18, 23, 33).
cost(18, 24, 11).
cost(18, 25, 32).
cost(18, 26, 53).
cost(18, 27, 45).
cost(18, 28, 26).
cost(19, 1, 56).
cost(19, 2, 58).
cost(19, 3, 60).
cost(19, 4, 3).
cost(19, 5, 47).
cost(19, 6, 7).
cost(19, 7, 34).
cost(19, 8, 37).
cost(19, 9, 40).
cost(19, 10, 54).
cost(19, 11, 59).
cost(19, 12, 49).
cost(19, 13, 63).
cost(19, 14, 52).
cost(19, 15, 39).
cost(19, 16, 42).
cost(19, 17, 42).
cost(19, 18, 20).
cost(19, 20, 75).
cost(19, 21, 49).
cost(19, 22, 31).
cost(19, 23, 40).
cost(19, 24, 27).
cost(19, 25, 24).
cost(19, 26, 50).
cost(19, 27, 46).
cost(19, 28, 33).
cost(20, 1, 30).
cost(20, 2, 79).
cost(20, 3, 21).
cost(20, 4, 72).
cost(20, 5, 93).
cost(20, 6, 76).
cost(20, 7, 100).
cost(20, 8, 44).
cost(20, 9, 91).
cost(20, 10, 21).
cost(20, 11, 18).
cost(20, 12, 72).
cost(20, 13, 35).
cost(20, 14, 39).
cost(20, 15, 84).
cost(20, 16, 42).
cost(20, 17, 47).
cost(20, 18, 67).
cost(20, 19, 75).
cost(20, 21, 29).
cost(20, 22, 65).
cost(20, 23, 35).
cost(20, 24, 57).
cost(20, 25, 96).
cost(20, 26, 38).
cost(20, 27, 33).
cost(20, 28, 92).
cost(21, 1, 32).
cost(21, 2, 73).
cost(21, 3, 26).
cost(21, 4, 48).
cost(21, 5, 79).
cost(21, 6, 53).
cost(21, 7, 79).
cost(21, 8, 16).
cost(21, 9, 75).
cost(21, 10, 14).
cost(21, 11, 22).
cost(21, 12, 63).
cost(21, 13, 41).
cost(21, 14, 15).
cost(21, 15, 69).
cost(21, 16, 13).
cost(21, 17, 19).
cost(21, 18, 47).
cost(21, 19, 49).
cost(21, 20, 29).
cost(21, 22, 50).
cost(21, 23, 15).
cost(21, 24, 39).
cost(21, 25, 73).
cost(21, 26, 13).
cost(21, 27, 4).
cost(21, 28, 74).
cost(22, 1, 38).
cost(22, 2, 28).
cost(22, 3, 45).
cost(22, 4, 28).
cost(22, 5, 29).
cost(22, 6, 26).
cost(22, 7, 37).
cost(22, 8, 45).
cost(22, 9, 27).
cost(22, 10, 46).
cost(22, 11, 47).
cost(22, 12, 19).
cost(22, 13, 41).
cost(22, 14, 60).
cost(22, 15, 19).
cost(22, 16, 50).
cost(22, 17, 54).
cost(22, 18, 11).
cost(22, 19, 31).
cost(22, 20, 65).
cost(22, 21, 50).
cost(22, 23, 35).
cost(22, 24, 11).
cost(22, 25, 40).
cost(22, 26, 58).
cost(22, 27, 49).
cost(22, 28, 28).
cost(23, 1, 23).
cost(23, 2, 58).
cost(23, 3, 22).
cost(23, 4, 37).
cost(23, 5, 64).
cost(23, 6, 41).
cost(23, 7, 66).
cost(23, 8, 18).
cost(23, 9, 61).
cost(23, 10, 14).
cost(23, 11, 20).
cost(23, 12, 48).
cost(23, 13, 32).
cost(23, 14, 28).
cost(23, 15, 54).
cost(23, 16, 21).
cost(23, 17, 26).
cost(23, 18, 33).
cost(23, 19, 40).
cost(23, 20, 35).
cost(23, 21, 15).
cost(23, 22, 35).
cost(23, 24, 24).
cost(23, 25, 61).
cost(23, 26, 26).
cost(23, 27, 15).
cost(23, 28, 60).
cost(24, 1, 32).
cost(24, 2, 38).
cost(24, 3, 38).
cost(24, 4, 24).
cost(24, 5, 40).
cost(24, 6, 25).
cost(24, 7, 43).
cost(24, 8, 35).
cost(24, 9, 36).
cost(24, 10, 36).
cost(24, 11, 39).
cost(24, 12, 28).
cost(24, 13, 38).
cost(24, 14, 49).
cost(24, 15, 30).
cost(24, 16, 40).
cost(24, 17, 43).
cost(24, 18, 11).
cost(24, 19, 27).
cost(24, 20, 57).
cost(24, 21, 39).
cost(24, 22, 11).
cost(24, 23, 24).
cost(24, 25, 42).
cost(24, 26, 47).
cost(24, 27, 38).
cost(24, 28, 36).
cost(25, 1, 74).
cost(25, 2, 59).
cost(25, 3, 79).
cost(25, 4, 25).
cost(25, 5, 39).
cost(25, 6, 20).
cost(25, 7, 16).
cost(25, 8, 60).
cost(25, 9, 32).
cost(25, 10, 75).
cost(25, 11, 80).
cost(25, 12, 53).
cost(25, 13, 80).
cost(25, 14, 75).
cost(25, 15, 36).
cost(25, 16, 65).
cost(25, 17, 65).
cost(25, 18, 32).
cost(25, 19, 24).
cost(25, 20, 96).
cost(25, 21, 73).
cost(25, 22, 40).
cost(25, 23, 61).
cost(25, 24, 42).
cost(25, 26, 74).
cost(25, 27, 69).
cost(25, 28, 22).
cost(26, 1, 44).
cost(26, 2, 83).
cost(26, 3, 38).
cost(26, 4, 49).
cost(26, 5, 86).
cost(26, 6, 55).
cost(26, 7, 83).
cost(26, 8, 14).
cost(26, 9, 82).
cost(26, 10, 26).
cost(26, 11, 34).
cost(26, 12, 73).
cost(26, 13, 54).
cost(26, 14, 2).
cost(26, 15, 76).
cost(26, 16, 9).
cost(26, 17, 10).
cost(26, 18, 53).
cost(26, 19, 50).
cost(26, 20, 38).
cost(26, 21, 13).
cost(26, 22, 58).
cost(26, 23, 26).
cost(26, 24, 47).
cost(26, 25, 74).
cost(26, 27, 11).
cost(26, 28, 79).
cost(27, 1, 34).
cost(27, 2, 73).
cost(27, 3, 29).
cost(27, 4, 44).
cost(27, 5, 78).
cost(27, 6, 50).
cost(27, 7, 76).
cost(27, 8, 11).
cost(27, 9, 74).
cost(27, 10, 17).
cost(27, 11, 25).
cost(27, 12, 63).
cost(27, 13, 44).
cost(27, 14, 13).
cost(27, 15, 67).
cost(27, 16, 10).
cost(27, 17, 15).
cost(27, 18, 45).
cost(27, 19, 46).
cost(27, 20, 33).
cost(27, 21, 4).
cost(27, 22, 49).
cost(27, 23, 15).
cost(27, 24, 38).
cost(27, 25, 69).
cost(27, 26, 11).
cost(27, 28, 71).
cost(28, 1, 66).
cost(28, 2, 39).
cost(28, 3, 73).
cost(28, 4, 32).
cost(28, 5, 17).
cost(28, 6, 26).
cost(28, 7, 10).
cost(28, 8, 65).
cost(28, 9, 10).
cost(28, 10, 72).
cost(28, 11, 75).
cost(28, 12, 35).
cost(28, 13, 69).
cost(28, 14, 80).
cost(28, 15, 16).
cost(28, 16, 70).
cost(28, 17, 72).
cost(28, 18, 26).
cost(28, 19, 33).
cost(28, 20, 92).
cost(28, 21, 74).
cost(28, 22, 28).
cost(28, 23, 60).
cost(28, 24, 36).
cost(28, 25, 22).
cost(28, 26, 79).
cost(28, 27, 71).
