dimension(28).
point(1, 96.9575625912, 33.1561156189).
point(2, 8.8610269412, 59.5508653493).
point(3, 89.3926689481, 25.905435951).
point(4, 26.9572464286, 57.0025093849).
point(5, 19.5714348304, 34.8145460356).
point(6, 67.8410687567, 34.9954855995).
point(7, 5.5867999711, 40.1961136859).
point(8, 1.0089382254, 56.7109121664).
point(9, 14.241155812, 60.0242309682).
point(10, 19.0446223652, 66.4346545113).
point(11, 74.6252917352, 58.3355065245).
point(12, 87.7422987875, 39.8869313402).
point(13, 70.0049155956, 32.7052456538).
point(14, 81.5161978955, 18.5015043138).
point(15, 88.1791424636, 14.2164216859).
point(16, 85.5974834699, 67.6618990653).
point(17, 98.7822241213, 53.0031630072).
point(18, 7.0950076735, 92.5717602907).
point(19, 76.8408536687, 46.6751343151).
point(20, 4.0871849119, 43.5832400672).
point(21, 12.5043558858, 29.6623422083).
point(22, 97.6155604892, 59.2659333995).
point(23, 67.1112332871, 19.5050016706).
point(24, 31.9518927038, 86.9807288963).
point(25, 95.1739933665, 26.429581955).
point(26, 10.9801970056, 65.8172249194).
point(27, 38.8106709167, 70.9946181556).
point(28, 14.5736038042, 84.0128159714).
cost(1, 2, 92).
cost(1, 3, 10).
cost(1, 4, 74).
cost(1, 5, 77).
cost(1, 6, 29).
cost(1, 7, 92).
cost(1, 8, 99).
cost(1, 9, 87).
cost(1, 10, 85).
cost(1, 11, 34).
cost(1, 12, 11).
cost(1, 13, 27).
cost(1, 14, 21).
cost(1, 15, 21).
cost(1, 16, 36).
cost(1, 17, 20).
cost(1, 18, 108).
cost(1, 19, 24).
cost(1, 20, 93).
cost(1, 21, 85).
cost(1, 22, 26).
cost(1, 23, 33).
cost(1, 24, 84).
cost(1, 25, 7).
cost(1, 26, 92).
cost(1, 27, 69).
cost(1, 28, 97).
cost(2, 1, 92).
cost(2, 3, 87).
cost(2, 4, 18).
cost(2, 5, 27).
cost(2, 6, 64).
cost(2, 7, 20).
cost(2, 8, 8).
cost(2, 9, 5).
cost(2, 10, 12).
cost(2, 11, 66).
cost(2, 12, 81).
cost(2, 13, 67).
cost(2, 14, 83).
cost(2, 15, 91).
cost(2, 16, 77).
cost(2, 17, 90).
cost(2, 18, 33).
cost(2, 19, 69).
cost(2, 20, 17).
cost(2, 21, 30).
cost(2, 22, 89).
cost(2, 23, 71).
cost(2, 24, 36).
cost(2, 25, 92).
cost(2, 26, 7).
cost(2, 27, 32).
cost(2, 28, 25).
cost(3, 1, 10).
cost(3, 2, 87).
cost(3, 4, 70).
cost(3, 5, 70).
cost(3, 6, 23).
cost(3, 7, 85).
cost(3, 8, 94).
cost(3, 9, 83).
cost(3, 10, 81).
cost(3, 11, 36).
cost(3, 12, 14).
cost(3, 13, 21).
cost(3, 14, 11).
cost(3, 15, 12).
cost(3, 16, 42).
cost(3, 17, 29).
cost(3, 18, 106).
cost(3, 19, 24).
cost(3, 20, 87).
cost(3, 21, 77).
cost(3, 22, 34).
cost(3, 23, 23).
cost(3, 24, 84).
cost(3, 25, 6).
cost(3, 26, 88).
cost(3, 27, 68).
cost(3, 28, 95).
cost(4, 1, 74).
cost(4, 2, 18).
cost(4, 3, 70).
cost(4, 5, 23).
cost(4, 6, 46).
cost(4, 7, 27).
cost(4, 8, 26).
cost(4, 9, 13).
cost(4, 10, 12).
cost(4, 11, 48).
cost(4, 12, 63).
cost(4, 13, 49).
cost(4, 14, 67).
cost(4, 15, 75).
cost(4, 16, 60).
cost(4, 17, 72).
cost(4, 18, 41).
cost(4, 19, 51).
cost(4, 20, 27).
cost(4, 21, 31).
cost(4, 22, 71).
cost(4, 23, 55).
cost(4, 24, 30).
cost(4, 25, 75).
cost(4, 26, 18).
cost(4, 27, 18).
cost(4, 28, 30).
cost(5, 1, 77).
cost(5, 2, 27).
cost(5, 3, 70).
cost(5, 4, 23).
cost(5, 6, 48).
cost(5, 7, 15).
cost(5, 8, 29).
cost(5, 9, 26).
cost(5, 10, 32).
cost(5, 11, 60).
cost(5, 12, 68).
cost(5, 13, 50).
cost(5, 14, 64).
cost(5, 15, 72).
cost(5, 16, 74).
cost(5, 17, 81).
cost(5, 18, 59).
cost(5, 19, 58).
cost(5, 20, 18).
cost(5, 21, 9).
cost(5, 22, 82).
cost(5, 23, 50).
cost(5, 24, 54).
cost(5, 25, 76).
cost(5, 26, 32).
cost(5, 27, 41).
cost(5, 28, 49).
cost(6, 1, 29).
cost(6, 2, 64).
cost(6, 3, 23).
cost(6, 4, 46).
cost(6, 5, 48).
cost(6, 7, 62).
cost(6, 8, 70).
cost(6, 9, 59).
cost(6, 10, 58).
cost(6, 11, 24).
cost(6, 12, 20).
cost(6, 13, 3).
cost(6, 14, 21).
cost(6, 15, 29).
cost(6, 16, 37).
cost(6, 17, 36).
cost(6, 18, 84).
cost(6, 19, 15).
cost(6, 20, 64).
cost(6, 21, 56).
cost(6, 22, 38).
cost(6, 23, 16).
cost(6, 24, 63).
cost(6, 25, 29).
cost(6, 26, 65).
cost(6, 27, 46).
cost(6, 28, 72).
cost(7, 1, 92).
cost(7, 2, 20).
cost(7, 3, 85).
cost(7, 4, 27).
cost(7, 5, 15).
cost(7, 6, 62).
cost(7, 8, 17).
cost(7, 9, 22).
cost(7, 10, 29).
cost(7, 11, 71).
cost(7, 12, 82).
cost(7, 13, 65).
cost(7, 14, 79).
cost(7, 15, 87).
cost(7, 16, 85).
cost(7, 17, 94).
cost(7, 18, 52).
cost(7, 19, 72).
cost(7, 20, 4).
cost(7, 21, 13).
cost(7, 22, 94).
cost(7, 23, 65).
cost(7, 24, 54).
cost(7, 25, 91).
cost(7, 26, 26).
cost(7, 27, 45).
cost(7, 28, 45).
cost(8, 1, 99).
cost(8, 2, 8).
cost(8, 3, 94).
cost(8, 4, 26).
cost(8, 5, 29).
cost(8, 6, 70).
cost(8, 7, 17).
cost(8, 9, 14).
cost(8, 10, 20).
cost(8, 11, 74).
cost(8, 12, 88).
cost(8, 13, 73).
cost(8, 14, 89).
cost(8, 15, 97).
cost(8, 16, 85).
cost(8, 17, 98).
cost(8, 18, 36).
cost(8, 19, 76).
cost(8, 20, 13).
cost(8, 21, 29).
cost(8, 22, 97).
cost(8, 23, 76).
cost(8, 24, 43).
cost(8, 25, 99).
cost(8, 26, 14).
cost(8, 27, 40).
cost(8, 28, 30).
cost(9, 1, 87).
cost(9, 2, 5).
cost(9, 3, 83).
cost(9, 4, 13).
cost(9, 5, 26).
cost(9, 6, 59).
cost(9, 7, 22).
cost(9, 8, 14).
cost(9, 10, 8).
cost(9, 11, 60).
cost(9, 12, 76).
cost(9, 13, 62).
cost(9, 14, 79).
cost(9, 15, 87).
cost(9, 16, 72).
cost(9, 17, 85).
cost(9, 18, 33).
cost(9, 19, 64).
cost(9, 20, 19).
cost(9, 21, 30).
cost(9, 22, 83).
cost(9, 23, 67).
cost(9, 24, 32).
cost(9, 25, 88).
cost(9, 26, 7).
cost(9, 27, 27).
cost(9, 28, 24).
cost(10, 1, 85).
cost(10, 2, 12).
cost(10, 3, 81).
cost(10, 4, 12).
cost(10, 5, 32).
cost(10, 6, 58).
cost(10, 7, 29).
cost(10, 8, 20).
cost(10, 9, 8).
cost(10, 11, 56).
cost(10, 12, 74).
cost(10, 13, 61).
cost(10, 14, 79).
cost(10, 15, 87).
cost(10, 16, 67).
cost(10, 17, 81).
cost(10, 18, 29).
cost(10, 19, 61).
cost(10, 20, 27).
cost(10, 21, 37).
cost(10, 22, 79).
cost(10, 23, 67).
cost(10, 24, 24).
cost(10, 25, 86).
cost(10, 26, 8).
cost(10, 27, 20).
cost(10, 28, 18).
cost(11, 1, 34).
cost(11, 2, 66).
cost(11, 3, 36).
cost(11, 4, 48).
cost(11, 5, 60).
cost(11, 6, 24).
cost(11, 7, 71).
cost(11, 8, 74).
cost(11, 9, 60).
cost(11, 10, 56).
cost(11, 12, 23).
cost(11, 13, 26).
cost(11, 14, 40).
cost(11, 15, 46).
cost(11, 16, 14).
cost(11, 17, 25).
cost(11, 18, 76).
cost(11, 19, 12).
cost(11, 20, 72).
cost(11, 21, 68).
cost(11, 22, 23).
cost(11, 23, 40).
cost(11, 24, 51).
cost(11, 25, 38).
cost(11, 26, 64).
cost(11, 27, 38).
cost(11, 28, 65).
cost(12, 1, 11).
cost(12, 2, 81).
cost(12, 3, 14).
cost(12, 4, 63).
cost(12, 5, 68).
cost(12, 6, 20).
cost(12, 7, 82).
cost(12, 8, 88).
cost(12, 9, 76).
cost(12, 10, 74).
cost(12, 11, 23).
cost(12, 13, 19).
cost(12, 14, 22).
cost(12, 15, 26).
cost(12, 16, 28).
cost(12, 17, 17).
cost(12, 18, 96).
cost(12, 19, 13).
cost(12, 20, 84).
cost(12, 21, 76).
cost(12, 22, 22).
cost(12, 23, 29).
cost(12, 24, 73).
cost(12, 25, 15).
cost(12, 26, 81).
cost(12, 27, 58).
cost(12, 28, 85).
cost(13, 1, 27).
cost(13, 2, 67).
cost(13, 3, 21).
cost(13, 4, 49).
cost(13, 5, 50).
cost(13, 6, 3).
cost(13, 7, 65).
cost(13, 8, 73).
cost(13, 9, 62).
cost(13, 10, 61).
cost(13, 11, 26).
cost(13, 12, 19).
cost(13, 14, 18).
cost(13, 15, 26).
cost(13, 16, 38).
cost(13, 17, 35).
cost(13, 18, 87).
cost(13, 19, 16).
cost(13, 20, 67).
cost(13, 21, 58).
cost(13, 22, 38).
cost(13, 23, 14).
cost(13, 24, 66).
cost(13, 25, 26).
cost(13, 26, 68).
cost(13, 27, 49).
cost(13, 28, 76).
cost(14, 1, 21).
cost(14, 2, 83).
cost(14, 3, 11).
cost(14, 4, 67).
cost(14, 5, 64).
cost(14, 6, 21).
cost(14, 7, 79).
cost(14, 8, 89).
cost(14, 9, 79).
cost(14, 10, 79).
cost(14, 11, 40).
cost(14, 12, 22).
cost(14, 13, 18).
cost(14, 15, 8).
cost(14, 16, 49).
cost(14, 17, 39).
cost(14, 18, 105).
cost(14, 19, 29).
cost(14, 20, 81).
cost(14, 21, 70).
cost(14, 22, 44).
cost(14, 23, 14).
cost(14, 24, 85).
cost(14, 25, 16).
cost(14, 26, 85).
cost(14, 27, 68).
cost(14, 28, 94).
cost(15, 1, 21).
cost(15, 2, 91).
cost(15, 3, 12).
cost(15, 4, 75).
cost(15, 5, 72).
cost(15, 6, 29).
cost(15, 7, 87).
cost(15, 8, 97).
cost(15, 9, 87).
cost(15, 10, 87).
cost(15, 11, 46).
cost(15, 12, 26).
cost(15, 13, 26).
cost(15, 14, 8).
cost(15, 16, 54).
cost(15, 17, 40).
cost(15, 18, 113).
cost(15, 19, 34).
cost(15, 20, 89).
cost(15, 21, 77).
cost(15, 22, 46).
cost(15, 23, 22).
cost(15, 24, 92).
cost(15, 25, 14).
cost(15, 26, 93).
cost(15, 27, 75).
cost(15, 28, 101).
cost(16, 1, 36).
cost(16, 2, 77).
cost(16, 3, 42).
cost(16, 4, 60).
cost(16, 5, 74).
cost(16, 6, 37).
cost(16, 7, 85).
cost(16, 8, 85).
cost(16, 9, 72).
cost(16, 10, 67).
cost(16, 11, 14).
cost(16, 12, 28).
cost(16, 13, 38).
cost(16, 14, 49).
cost(16, 15, 54).
cost(16, 17, 20).
cost(16, 18, 82).
cost(16, 19, 23).
cost(16, 20, 85).
cost(16, 21, 82).
cost(16, 22, 15).
cost(16, 23, 52).
cost(16, 24, 57).
cost(16, 25, 42).
cost(16, 26, 75).
cost(16, 27, 47).
cost(16, 28, 73).
cost(17, 1, 20).
cost(17, 2, 90).
cost(17, 3, 29).
cost(17, 4, 72).
cost(17, 5, 81).
cost(17, 6, 36).
cost(17, 7, 94).
cost(17, 8, 98).
cost(17, 9, 85).
cost(17, 10, 81).
cost(17, 11, 25).
cost(17, 12, 17).
cost(17, 13, 35).
cost(17, 14, 39).
cost(17, 15, 40).
cost(17, 16, 20).
cost(17, 18, 100).
cost(17, 19, 23).
cost(17, 20, 95).
cost(17, 21, 89).
cost(17, 22, 6).
cost(17, 23, 46).
cost(17, 24, 75).
cost(17, 25, 27).
cost(17, 26, 89).
cost(17, 27, 63).
cost(17, 28, 90).
cost(18, 1, 108).
cost(18, 2, 33).
cost(18, 3, 106).
cost(18, 4, 41).
cost(18, 5, 59).
cost(18, 6, 84).
cost(18, 7, 52).
cost(18, 8, 36).
cost(18, 9, 33).
cost(18, 10, 29).
cost(18, 11, 76).
cost(18, 12, 96).
cost(18, 13, 87).
cost(18, 14, 105).
cost(18, 15, 113).
cost(18, 16, 82).
cost(18, 17, 100).
cost(18, 19, 83).
cost(18, 20, 49).
cost(18, 21, 63).
cost(18, 22, 96).
cost(18, 23, 95).
cost(18, 24, 25).
cost(18, 25, 110).
cost(18, 26, 27).
cost(18, 27, 38).
cost(18, 28, 11).
cost(19, 1, 24).
cost(19, 2, 69).
cost(19, 3, 24).
cost(19, 4, 51).
cost(19, 5, 58).
cost(19, 6, 15).
cost(19, 7, 72).
cost(19, 8, 76).
cost(19, 9, 64).
cost(19, 10, 61).
cost(19, 11, 12).
cost(19, 12, 13).
cost(19, 13, 16).
cost(19, 14, 29).
cost(19, 15, 34).
cost(19, 16, 23).
cost(19, 17, 23).
cost(19, 18, 83).
cost(19, 20, 73).
cost(19, 21, 67).
cost(19, 22, 24).
cost(19, 23, 29).
cost(19, 24, 60).
cost(19, 25, 27).
cost(19, 26, 69).
cost(19, 27, 45).
cost(19, 28, 73).
cost(20, 1, 93).
cost(20, 2, 17).
cost(20, 3, 87).
cost(20, 4, 27).
cost(20, 5, 18).
cost(20, 6, 64).
cost(20, 7, 4).
cost(20, 8, 13).
cost(20, 9, 19).
cost(20, 10, 27).
cost(20, 11, 72).
cost(20, 12, 84).
cost(20, 13, 67).
cost(20, 14, 81).
cost(20, 15, 89).
cost(20, 16, 85).
cost(20, 17, 95).
cost(20, 18, 49).
cost(20, 19, 73).
cost(20, 21, 16).
cost(20, 22, 95).
cost(20, 23, 67).
cost(20, 24, 52).
cost(20, 25, 93).
cost(20, 26, 23).
cost(20, 27, 44).
cost(20, 28, 42).
cost(21, 1, 85).
cost(21, 2, 30).
cost(21, 3, 77).
cost(21, 4, 31).
cost(21, 5, 9).
cost(21, 6, 56).
cost(21, 7, 13).
cost(21, 8, 29).
cost(21, 9, 30).
cost(21, 10, 37).
cost(21, 11, 68).
cost(21, 12, 76).
cost(21, 13, 58).
cost(21, 14, 70).
cost(21, 15, 77).
cost(21, 16, 82).
cost(21, 17, 89).
cost(21, 18, 63).
cost(21, 19, 67).
cost(21, 20, 16).
cost(21, 22, 90).
cost(21, 23, 56).
cost(21, 24, 61).
cost(21, 25, 83).
cost(21, 26, 36).
cost(21, 27, 49).
cost(21, 28, 54).
cost(22, 1, 26).
cost(22, 2, 89).
cost(22, 3, 34).
cost(22, 4, 71).
cost(22, 5, 82).
cost(22, 6, 38).
cost(22, 7, 94).
cost(22, 8, 97).
cost(22, 9, 83).
cost(22, 10, 79).
cost(22, 11, 23).
cost(22, 12, 22).
cost(22, 13, 38).
cost(22, 14, 44).
cost(22, 15, 46).
cost(22, 16, 15).
cost(22, 17, 6).
cost(22, 18, 96).
cost(22, 19, 24).
cost(22, 20, 95).
cost(22, 21, 90).
cost(22, 23, 50).
cost(22, 24, 71).
cost(22, 25, 33).
cost(22, 26, 87).
cost(22, 27, 60).
cost(22, 28, 87).
cost(23, 1, 33).
cost(23, 2, 71).
cost(23, 3, 23).
cost(23, 4, 55).
cost(23, 5, 50).
cost(23, 6, 16).
cost(23, 7, 65).
cost(23, 8, 76).
cost(23, 9, 67).
cost(23, 10, 67).
cost(23, 11, 40).
cost(23, 12, 29).
cost(23, 13, 14).
cost(23, 14, 14).
cost(23, 15, 22).
cost(23, 16, 52).
cost(23, 17, 46).
cost(23, 18, 95).
cost(23, 19, 29).
cost(23, 20, 67).
cost(23, 21, 56).
cost(23, 22, 50).
cost(23, 24, 76).
cost(23, 25, 29).
cost(23, 26, 73).
cost(23, 27, 59).
cost(23, 28, 83).
cost(24, 1, 84).
cost(24, 2, 36).
cost(24, 3, 84).
cost(24, 4, 30).
cost(24, 5, 54).
cost(24, 6, 63).
cost(24, 7, 54).
cost(24, 8, 43).
cost(24, 9, 32).
cost(24, 10, 24).
cost(24, 11, 51).
cost(24, 12, 73).
cost(24, 13, 66).
cost(24, 14, 85).
cost(24, 15, 92).
cost(24, 16, 57).
cost(24, 17, 75).
cost(24, 18, 25).
cost(24, 19, 60).
cost(24, 20, 52).
cost(24, 21, 61).
cost(24, 22, 71).
cost(24, 23, 76).
cost(24, 25, 88).
cost(24, 26, 30).
cost(24, 27, 17).
cost(24, 28, 18).
cost(25, 1, 7).
cost(25, 2, 92).
cost(25, 3, 6).
cost(25, 4, 75).
cost(25, 5, 76).
cost(25, 6, 29).
cost(25, 7, 91).
cost(25, 8, 99).
cost(25, 9, 88).
cost(25, 10, 86).
cost(25, 11, 38).
cost(25, 12, 15).
cost(25, 13, 26).
cost(25, 14, 16).
cost(25, 15, 14).
cost(25, 16, 42).
cost(25, 17, 27).
cost(25, 18, 110).
cost(25, 19, 27).
cost(25, 20, 93).
cost(25, 21, 83).
cost(25, 22, 33).
cost(25, 23, 29).
cost(25, 24, 88).
cost(25, 26, 93).
cost(25, 27, 72).
cost(25, 28, 99).
cost(26, 1, 92).
cost(26, 2, 7).
cost(26, 3, 88).
cost(26, 4, 18).
cost(26, 5, 32).
cost(26, 6, 65).
cost(26, 7, 26).
cost(26, 8, 14).
cost(26, 9, 7).
cost(26, 10, 8).
cost(26, 11, 64).
cost(26, 12, 81).
cost(26, 13, 68).
cost(26, 14, 85).
cost(26, 15, 93).
cost(26, 16, 75).
cost(26, 17, 89).
cost(26, 18, 27).
cost(26, 19, 69).
cost(26, 20, 23).
cost(26, 21, 36).
cost(26, 22, 87).
cost(26, 23, 73).
cost(26, 24, 30).
cost(26, 25, 93).
cost(26, 27, 28).
cost(26, 28, 19).
cost(27, 1, 69).
cost(27, 2, 32).
cost(27, 3, 68).
cost(27, 4, 18).
cost(27, 5, 41).
cost(27, 6, 46).
cost(27, 7, 45).
cost(27, 8, 40).
cost(27, 9, 27).
cost(27, 10, 20).
cost(27, 11, 38).
cost(27, 12, 58).
cost(27, 13, 49).
cost(27, 14, 68).
cost(27, 15, 75).
cost(27, 16, 47).
cost(27, 17, 63).
cost(27, 18, 38).
cost(27, 19, 45).
cost(27, 20, 44).
cost(27, 21, 49).
cost(27, 22, 60).
cost(27, 23, 59).
cost(27, 24, 17).
cost(27, 25, 72).
cost(27, 26, 28).
cost(27, 28, 28).
cost(28, 1, 97).
cost(28, 2, 25).
cost(28, 3, 95).
cost(28, 4, 30).
cost(28, 5, 49).
cost(28, 6, 72).
cost(28, 7, 45).
cost(28, 8, 30).
cost(28, 9, 24).
cost(28, 10, 18).
cost(28, 11, 65).
cost(28, 12, 85).
cost(28, 13, 76).
cost(28, 14, 94).
cost(28, 15, 101).
cost(28, 16, 73).
cost(28, 17, 90).
cost(28, 18, 11).
cost(28, 19, 73).
cost(28, 20, 42).
cost(28, 21, 54).
cost(28, 22, 87).
cost(28, 23, 83).
cost(28, 24, 18).
cost(28, 25, 99).
cost(28, 26, 19).
cost(28, 27, 28).
