dimension(28).
point(1, 58.1380164677, 9.8996085285).
point(2, 76.1587092756, 75.5066156661).
point(3, 16.2291373597, 21.8471661639).
point(4, 57.2843782923, 52.1497666814).
point(5, 96.2258787759, 84.5950709038).
point(6, 88.4630350817, 42.9056341725).
point(7, 6.8045914461, 36.293680445).
point(8, 5.4110597415, 37.6262422895).
point(9, 24.5791290796, 35.9198078801).
point(10, 47.6975827619, 91.0838144984).
point(11, 70.8891059874, 72.1252249371).
point(12, 71.1818316583, 51.7768963796).
point(13, 0.1385384329, 31.4442528751).
point(14, 42.6300383916, 5.0033229953).
point(15, 13.658615998, 33.9346957296).
point(16, 50.1662317691, 57.7424599044).
point(17, 47.6262374572, 82.928483937).
point(18, 8.8296801499, 36.90568345).
point(19, 45.4342196172, 70.4612018921).
point(20, 80.4050288194, 77.905112971).
point(21, 25.8674551736, 22.1304761501).
point(22, 2.1504159371, 37.3229496244).
point(23, 30.5404125304, 7.351112904).
point(24, 4.7049545878, 27.7813631322).
point(25, 19.6143260249, 21.7361329709).
point(26, 38.3282739773, 93.0628961776).
point(27, 86.2008186983, 32.0158135619).
point(28, 94.7759886897, 59.7324042498).
cost(1, 2, 68).
cost(1, 3, 44).
cost(1, 4, 42).
cost(1, 5, 84).
cost(1, 6, 45).
cost(1, 7, 58).
cost(1, 8, 60).
cost(1, 9, 42).
cost(1, 10, 82).
cost(1, 11, 64).
cost(1, 12, 44).
cost(1, 13, 62).
cost(1, 14, 16).
cost(1, 15, 51).
cost(1, 16, 49).
cost(1, 17, 74).
cost(1, 18, 56).
cost(1, 19, 62).
cost(1, 20, 72).
cost(1, 21, 35).
cost(1, 22, 62).
cost(1, 23, 28).
cost(1, 24, 56).
cost(1, 25, 40).
cost(1, 26, 85).
cost(1, 27, 36).
cost(1, 28, 62).
cost(2, 1, 68).
cost(2, 3, 80).
cost(2, 4, 30).
cost(2, 5, 22).
cost(2, 6, 35).
cost(2, 7, 80).
cost(2, 8, 80).
cost(2, 9, 65).
cost(2, 10, 32).
cost(2, 11, 6).
cost(2, 12, 24).
cost(2, 13, 88).
cost(2, 14, 78).
cost(2, 15, 75).
cost(2, 16, 31).
cost(2, 17, 29).
cost(2, 18, 78).
cost(2, 19, 31).
cost(2, 20, 5).
cost(2, 21, 73).
cost(2, 22, 83).
cost(2, 23, 82).
cost(2, 24, 86).
cost(2, 25, 78).
cost(2, 26, 42).
cost(2, 27, 45).
cost(2, 28, 24).
cost(3, 1, 44).
cost(3, 2, 80).
cost(3, 4, 51).
cost(3, 5, 102).
cost(3, 6, 75).
cost(3, 7, 17).
cost(3, 8, 19).
cost(3, 9, 16).
cost(3, 10, 76).
cost(3, 11, 74).
cost(3, 12, 63).
cost(3, 13, 19).
cost(3, 14, 31).
cost(3, 15, 12).
cost(3, 16, 49).
cost(3, 17, 69).
cost(3, 18, 17).
cost(3, 19, 57).
cost(3, 20, 85).
cost(3, 21, 10).
cost(3, 22, 21).
cost(3, 23, 20).
cost(3, 24, 13).
cost(3, 25, 3).
cost(3, 26, 75).
cost(3, 27, 71).
cost(3, 28, 87).
cost(4, 1, 42).
cost(4, 2, 30).
cost(4, 3, 51).
cost(4, 5, 51).
cost(4, 6, 33).
cost(4, 7, 53).
cost(4, 8, 54).
cost(4, 9, 37).
cost(4, 10, 40).
cost(4, 11, 24).
cost(4, 12, 14).
cost(4, 13, 61).
cost(4, 14, 49).
cost(4, 15, 47).
cost(4, 16, 9).
cost(4, 17, 32).
cost(4, 18, 51).
cost(4, 19, 22).
cost(4, 20, 35).
cost(4, 21, 43).
cost(4, 22, 57).
cost(4, 23, 52).
cost(4, 24, 58).
cost(4, 25, 48).
cost(4, 26, 45).
cost(4, 27, 35).
cost(4, 28, 38).
cost(5, 1, 84).
cost(5, 2, 22).
cost(5, 3, 102).
cost(5, 4, 51).
cost(5, 6, 42).
cost(5, 7, 102).
cost(5, 8, 102).
cost(5, 9, 87).
cost(5, 10, 49).
cost(5, 11, 28).
cost(5, 12, 41).
cost(5, 13, 110).
cost(5, 14, 96).
cost(5, 15, 97).
cost(5, 16, 53).
cost(5, 17, 49).
cost(5, 18, 100).
cost(5, 19, 53).
cost(5, 20, 17).
cost(5, 21, 94).
cost(5, 22, 105).
cost(5, 23, 101).
cost(5, 24, 108).
cost(5, 25, 99).
cost(5, 26, 59).
cost(5, 27, 54).
cost(5, 28, 25).
cost(6, 1, 45).
cost(6, 2, 35).
cost(6, 3, 75).
cost(6, 4, 33).
cost(6, 5, 42).
cost(6, 7, 82).
cost(6, 8, 83).
cost(6, 9, 64).
cost(6, 10, 63).
cost(6, 11, 34).
cost(6, 12, 19).
cost(6, 13, 89).
cost(6, 14, 59).
cost(6, 15, 75).
cost(6, 16, 41).
cost(6, 17, 57).
cost(6, 18, 80).
cost(6, 19, 51).
cost(6, 20, 36).
cost(6, 21, 66).
cost(6, 22, 86).
cost(6, 23, 68).
cost(6, 24, 85).
cost(6, 25, 72).
cost(6, 26, 71).
cost(6, 27, 11).
cost(6, 28, 18).
cost(7, 1, 58).
cost(7, 2, 80).
cost(7, 3, 17).
cost(7, 4, 53).
cost(7, 5, 102).
cost(7, 6, 82).
cost(7, 8, 2).
cost(7, 9, 18).
cost(7, 10, 68).
cost(7, 11, 73).
cost(7, 12, 66).
cost(7, 13, 8).
cost(7, 14, 48).
cost(7, 15, 7).
cost(7, 16, 48).
cost(7, 17, 62).
cost(7, 18, 2).
cost(7, 19, 52).
cost(7, 20, 85).
cost(7, 21, 24).
cost(7, 22, 5).
cost(7, 23, 37).
cost(7, 24, 9).
cost(7, 25, 19).
cost(7, 26, 65).
cost(7, 27, 80).
cost(7, 28, 91).
cost(8, 1, 60).
cost(8, 2, 80).
cost(8, 3, 19).
cost(8, 4, 54).
cost(8, 5, 102).
cost(8, 6, 83).
cost(8, 7, 2).
cost(8, 9, 19).
cost(8, 10, 68).
cost(8, 11, 74).
cost(8, 12, 67).
cost(8, 13, 8).
cost(8, 14, 49).
cost(8, 15, 9).
cost(8, 16, 49).
cost(8, 17, 62).
cost(8, 18, 3).
cost(8, 19, 52).
cost(8, 20, 85).
cost(8, 21, 26).
cost(8, 22, 3).
cost(8, 23, 39).
cost(8, 24, 10).
cost(8, 25, 21).
cost(8, 26, 64).
cost(8, 27, 81).
cost(8, 28, 92).
cost(9, 1, 42).
cost(9, 2, 65).
cost(9, 3, 16).
cost(9, 4, 37).
cost(9, 5, 87).
cost(9, 6, 64).
cost(9, 7, 18).
cost(9, 8, 19).
cost(9, 10, 60).
cost(9, 11, 59).
cost(9, 12, 49).
cost(9, 13, 25).
cost(9, 14, 36).
cost(9, 15, 11).
cost(9, 16, 34).
cost(9, 17, 52).
cost(9, 18, 16).
cost(9, 19, 40).
cost(9, 20, 70).
cost(9, 21, 14).
cost(9, 22, 22).
cost(9, 23, 29).
cost(9, 24, 21).
cost(9, 25, 15).
cost(9, 26, 59).
cost(9, 27, 62).
cost(9, 28, 74).
cost(10, 1, 82).
cost(10, 2, 32).
cost(10, 3, 76).
cost(10, 4, 40).
cost(10, 5, 49).
cost(10, 6, 63).
cost(10, 7, 68).
cost(10, 8, 68).
cost(10, 9, 60).
cost(10, 11, 30).
cost(10, 12, 46).
cost(10, 13, 76).
cost(10, 14, 86).
cost(10, 15, 67).
cost(10, 16, 33).
cost(10, 17, 8).
cost(10, 18, 67).
cost(10, 19, 21).
cost(10, 20, 35).
cost(10, 21, 72).
cost(10, 22, 70).
cost(10, 23, 85).
cost(10, 24, 77).
cost(10, 25, 75).
cost(10, 26, 10).
cost(10, 27, 71).
cost(10, 28, 57).
cost(11, 1, 64).
cost(11, 2, 6).
cost(11, 3, 74).
cost(11, 4, 24).
cost(11, 5, 28).
cost(11, 6, 34).
cost(11, 7, 73).
cost(11, 8, 74).
cost(11, 9, 59).
cost(11, 10, 30).
cost(11, 12, 20).
cost(11, 13, 82).
cost(11, 14, 73).
cost(11, 15, 69).
cost(11, 16, 25).
cost(11, 17, 26).
cost(11, 18, 71).
cost(11, 19, 26).
cost(11, 20, 11).
cost(11, 21, 67).
cost(11, 22, 77).
cost(11, 23, 76).
cost(11, 24, 80).
cost(11, 25, 72).
cost(11, 26, 39).
cost(11, 27, 43).
cost(11, 28, 27).
cost(12, 1, 44).
cost(12, 2, 24).
cost(12, 3, 63).
cost(12, 4, 14).
cost(12, 5, 41).
cost(12, 6, 19).
cost(12, 7, 66).
cost(12, 8, 67).
cost(12, 9, 49).
cost(12, 10, 46).
cost(12, 11, 20).
cost(12, 13, 74).
cost(12, 14, 55).
cost(12, 15, 60).
cost(12, 16, 22).
cost(12, 17, 39).
cost(12, 18, 64).
cost(12, 19, 32).
cost(12, 20, 28).
cost(12, 21, 54).
cost(12, 22, 71).
cost(12, 23, 60).
cost(12, 24, 71).
cost(12, 25, 60).
cost(12, 26, 53).
cost(12, 27, 25).
cost(12, 28, 25).
cost(13, 1, 62).
cost(13, 2, 88).
cost(13, 3, 19).
cost(13, 4, 61).
cost(13, 5, 110).
cost(13, 6, 89).
cost(13, 7, 8).
cost(13, 8, 8).
cost(13, 9, 25).
cost(13, 10, 76).
cost(13, 11, 82).
cost(13, 12, 74).
cost(13, 14, 50).
cost(13, 15, 14).
cost(13, 16, 57).
cost(13, 17, 70).
cost(13, 18, 10).
cost(13, 19, 60).
cost(13, 20, 93).
cost(13, 21, 27).
cost(13, 22, 6).
cost(13, 23, 39).
cost(13, 24, 6).
cost(13, 25, 22).
cost(13, 26, 72).
cost(13, 27, 86).
cost(13, 28, 99).
cost(14, 1, 16).
cost(14, 2, 78).
cost(14, 3, 31).
cost(14, 4, 49).
cost(14, 5, 96).
cost(14, 6, 59).
cost(14, 7, 48).
cost(14, 8, 49).
cost(14, 9, 36).
cost(14, 10, 86).
cost(14, 11, 73).
cost(14, 12, 55).
cost(14, 13, 50).
cost(14, 15, 41).
cost(14, 16, 53).
cost(14, 17, 78).
cost(14, 18, 46).
cost(14, 19, 66).
cost(14, 20, 82).
cost(14, 21, 24).
cost(14, 22, 52).
cost(14, 23, 12).
cost(14, 24, 44).
cost(14, 25, 28).
cost(14, 26, 88).
cost(14, 27, 51).
cost(14, 28, 76).
cost(15, 1, 51).
cost(15, 2, 75).
cost(15, 3, 12).
cost(15, 4, 47).
cost(15, 5, 97).
cost(15, 6, 75).
cost(15, 7, 7).
cost(15, 8, 9).
cost(15, 9, 11).
cost(15, 10, 67).
cost(15, 11, 69).
cost(15, 12, 60).
cost(15, 13, 14).
cost(15, 14, 41).
cost(15, 16, 44).
cost(15, 17, 60).
cost(15, 18, 6).
cost(15, 19, 48).
cost(15, 20, 80).
cost(15, 21, 17).
cost(15, 22, 12).
cost(15, 23, 31).
cost(15, 24, 11).
cost(15, 25, 14).
cost(15, 26, 64).
cost(15, 27, 73).
cost(15, 28, 85).
cost(16, 1, 49).
cost(16, 2, 31).
cost(16, 3, 49).
cost(16, 4, 9).
cost(16, 5, 53).
cost(16, 6, 41).
cost(16, 7, 48).
cost(16, 8, 49).
cost(16, 9, 34).
cost(16, 10, 33).
cost(16, 11, 25).
cost(16, 12, 22).
cost(16, 13, 57).
cost(16, 14, 53).
cost(16, 15, 44).
cost(16, 17, 25).
cost(16, 18, 46).
cost(16, 19, 14).
cost(16, 20, 36).
cost(16, 21, 43).
cost(16, 22, 52).
cost(16, 23, 54).
cost(16, 24, 54).
cost(16, 25, 47).
cost(16, 26, 37).
cost(16, 27, 44).
cost(16, 28, 45).
cost(17, 1, 74).
cost(17, 2, 29).
cost(17, 3, 69).
cost(17, 4, 32).
cost(17, 5, 49).
cost(17, 6, 57).
cost(17, 7, 62).
cost(17, 8, 62).
cost(17, 9, 52).
cost(17, 10, 8).
cost(17, 11, 26).
cost(17, 12, 39).
cost(17, 13, 70).
cost(17, 14, 78).
cost(17, 15, 60).
cost(17, 16, 25).
cost(17, 18, 60).
cost(17, 19, 13).
cost(17, 20, 33).
cost(17, 21, 65).
cost(17, 22, 64).
cost(17, 23, 77).
cost(17, 24, 70).
cost(17, 25, 67).
cost(17, 26, 14).
cost(17, 27, 64).
cost(17, 28, 53).
cost(18, 1, 56).
cost(18, 2, 78).
cost(18, 3, 17).
cost(18, 4, 51).
cost(18, 5, 100).
cost(18, 6, 80).
cost(18, 7, 2).
cost(18, 8, 3).
cost(18, 9, 16).
cost(18, 10, 67).
cost(18, 11, 71).
cost(18, 12, 64).
cost(18, 13, 10).
cost(18, 14, 46).
cost(18, 15, 6).
cost(18, 16, 46).
cost(18, 17, 60).
cost(18, 19, 50).
cost(18, 20, 82).
cost(18, 21, 23).
cost(18, 22, 7).
cost(18, 23, 37).
cost(18, 24, 10).
cost(18, 25, 19).
cost(18, 26, 63).
cost(18, 27, 78).
cost(18, 28, 89).
cost(19, 1, 62).
cost(19, 2, 31).
cost(19, 3, 57).
cost(19, 4, 22).
cost(19, 5, 53).
cost(19, 6, 51).
cost(19, 7, 52).
cost(19, 8, 52).
cost(19, 9, 40).
cost(19, 10, 21).
cost(19, 11, 26).
cost(19, 12, 32).
cost(19, 13, 60).
cost(19, 14, 66).
cost(19, 15, 48).
cost(19, 16, 14).
cost(19, 17, 13).
cost(19, 18, 50).
cost(19, 20, 36).
cost(19, 21, 52).
cost(19, 22, 55).
cost(19, 23, 65).
cost(19, 24, 59).
cost(19, 25, 55).
cost(19, 26, 24).
cost(19, 27, 56).
cost(19, 28, 50).
cost(20, 1, 72).
cost(20, 2, 5).
cost(20, 3, 85).
cost(20, 4, 35).
cost(20, 5, 17).
cost(20, 6, 36).
cost(20, 7, 85).
cost(20, 8, 85).
cost(20, 9, 70).
cost(20, 10, 35).
cost(20, 11, 11).
cost(20, 12, 28).
cost(20, 13, 93).
cost(20, 14, 82).
cost(20, 15, 80).
cost(20, 16, 36).
cost(20, 17, 33).
cost(20, 18, 82).
cost(20, 19, 36).
cost(20, 21, 78).
cost(20, 22, 88).
cost(20, 23, 86).
cost(20, 24, 91).
cost(20, 25, 83).
cost(20, 26, 45).
cost(20, 27, 46).
cost(20, 28, 23).
cost(21, 1, 35).
cost(21, 2, 73).
cost(21, 3, 10).
cost(21, 4, 43).
cost(21, 5, 94).
cost(21, 6, 66).
cost(21, 7, 24).
cost(21, 8, 26).
cost(21, 9, 14).
cost(21, 10, 72).
cost(21, 11, 67).
cost(21, 12, 54).
cost(21, 13, 27).
cost(21, 14, 24).
cost(21, 15, 17).
cost(21, 16, 43).
cost(21, 17, 65).
cost(21, 18, 23).
cost(21, 19, 52).
cost(21, 20, 78).
cost(21, 22, 28).
cost(21, 23, 16).
cost(21, 24, 22).
cost(21, 25, 6).
cost(21, 26, 72).
cost(21, 27, 61).
cost(21, 28, 79).
cost(22, 1, 62).
cost(22, 2, 83).
cost(22, 3, 21).
cost(22, 4, 57).
cost(22, 5, 105).
cost(22, 6, 86).
cost(22, 7, 5).
cost(22, 8, 3).
cost(22, 9, 22).
cost(22, 10, 70).
cost(22, 11, 77).
cost(22, 12, 71).
cost(22, 13, 6).
cost(22, 14, 52).
cost(22, 15, 12).
cost(22, 16, 52).
cost(22, 17, 64).
cost(22, 18, 7).
cost(22, 19, 55).
cost(22, 20, 88).
cost(22, 21, 28).
cost(22, 23, 41).
cost(22, 24, 10).
cost(22, 25, 23).
cost(22, 26, 66).
cost(22, 27, 84).
cost(22, 28, 95).
cost(23, 1, 28).
cost(23, 2, 82).
cost(23, 3, 20).
cost(23, 4, 52).
cost(23, 5, 101).
cost(23, 6, 68).
cost(23, 7, 37).
cost(23, 8, 39).
cost(23, 9, 29).
cost(23, 10, 85).
cost(23, 11, 76).
cost(23, 12, 60).
cost(23, 13, 39).
cost(23, 14, 12).
cost(23, 15, 31).
cost(23, 16, 54).
cost(23, 17, 77).
cost(23, 18, 37).
cost(23, 19, 65).
cost(23, 20, 86).
cost(23, 21, 16).
cost(23, 22, 41).
cost(23, 24, 33).
cost(23, 25, 18).
cost(23, 26, 86).
cost(23, 27, 61).
cost(23, 28, 83).
cost(24, 1, 56).
cost(24, 2, 86).
cost(24, 3, 13).
cost(24, 4, 58).
cost(24, 5, 108).
cost(24, 6, 85).
cost(24, 7, 9).
cost(24, 8, 10).
cost(24, 9, 21).
cost(24, 10, 77).
cost(24, 11, 80).
cost(24, 12, 71).
cost(24, 13, 6).
cost(24, 14, 44).
cost(24, 15, 11).
cost(24, 16, 54).
cost(24, 17, 70).
cost(24, 18, 10).
cost(24, 19, 59).
cost(24, 20, 91).
cost(24, 21, 22).
cost(24, 22, 10).
cost(24, 23, 33).
cost(24, 25, 16).
cost(24, 26, 73).
cost(24, 27, 82).
cost(24, 28, 96).
cost(25, 1, 40).
cost(25, 2, 78).
cost(25, 3, 3).
cost(25, 4, 48).
cost(25, 5, 99).
cost(25, 6, 72).
cost(25, 7, 19).
cost(25, 8, 21).
cost(25, 9, 15).
cost(25, 10, 75).
cost(25, 11, 72).
cost(25, 12, 60).
cost(25, 13, 22).
cost(25, 14, 28).
cost(25, 15, 14).
cost(25, 16, 47).
cost(25, 17, 67).
cost(25, 18, 19).
cost(25, 19, 55).
cost(25, 20, 83).
cost(25, 21, 6).
cost(25, 22, 23).
cost(25, 23, 18).
cost(25, 24, 16).
cost(25, 26, 74).
cost(25, 27, 67).
cost(25, 28, 84).
cost(26, 1, 85).
cost(26, 2, 42).
cost(26, 3, 75).
cost(26, 4, 45).
cost(26, 5, 59).
cost(26, 6, 71).
cost(26, 7, 65).
cost(26, 8, 64).
cost(26, 9, 59).
cost(26, 10, 10).
cost(26, 11, 39).
cost(26, 12, 53).
cost(26, 13, 72).
cost(26, 14, 88).
cost(26, 15, 64).
cost(26, 16, 37).
cost(26, 17, 14).
cost(26, 18, 63).
cost(26, 19, 24).
cost(26, 20, 45).
cost(26, 21, 72).
cost(26, 22, 66).
cost(26, 23, 86).
cost(26, 24, 73).
cost(26, 25, 74).
cost(26, 27, 78).
cost(26, 28, 66).
cost(27, 1, 36).
cost(27, 2, 45).
cost(27, 3, 71).
cost(27, 4, 35).
cost(27, 5, 54).
cost(27, 6, 11).
cost(27, 7, 80).
cost(27, 8, 81).
cost(27, 9, 62).
cost(27, 10, 71).
cost(27, 11, 43).
cost(27, 12, 25).
cost(27, 13, 86).
cost(27, 14, 51).
cost(27, 15, 73).
cost(27, 16, 44).
cost(27, 17, 64).
cost(27, 18, 78).
cost(27, 19, 56).
cost(27, 20, 46).
cost(27, 21, 61).
cost(27, 22, 84).
cost(27, 23, 61).
cost(27, 24, 82).
cost(27, 25, 67).
cost(27, 26, 78).
cost(27, 28, 29).
cost(28, 1, 62).
cost(28, 2, 24).
cost(28, 3, 87).
cost(28, 4, 38).
cost(28, 5, 25).
cost(28, 6, 18).
cost(28, 7, 91).
cost(28, 8, 92).
cost(28, 9, 74).
cost(28, 10, 57).
cost(28, 11, 27).
cost(28, 12, 25).
cost(28, 13, 99).
cost(28, 14, 76).
cost(28, 15, 85).
cost(28, 16, 45).
cost(28, 17, 53).
cost(28, 18, 89).
cost(28, 19, 50).
cost(28, 20, 23).
cost(28, 21, 79).
cost(28, 22, 95).
cost(28, 23, 83).
cost(28, 24, 96).
cost(28, 25, 84).
cost(28, 26, 66).
cost(28, 27, 29).
