dimension(28).
point(1, 9.5008704474, 65.0253065094).
point(2, 66.6534170257, 62.9490025788).
point(3, 61.513171926, 72.0285807585).
point(4, 25.5281129766, 28.4156222846).
point(5, 27.8433457076, 48.9965159957).
point(6, 11.7741161858, 53.6644754673).
point(7, 94.4206183619, 51.8206768746).
point(8, 16.7849967697, 55.7377816638).
point(9, 97.7839712346, 37.817985804).
point(10, 9.1234570167, 39.6529017601).
point(11, 5.193237596, 8.8377987817).
point(12, 29.7624421355, 32.1307080446).
point(13, 73.1257620039, 63.4766029874).
point(14, 91.1559802046, 68.3614617618).
point(15, 48.2396003347, 82.8491415548).
point(16, 92.7203874865, 57.2378499099).
point(17, 13.1790868269, 25.2587548471).
point(18, 87.5340487386, 75.2826152159).
point(19, 70.7928959354, 80.6845074446).
point(20, 59.0765071097, 45.9791756618).
point(21, 55.3246199727, 92.4285405474).
point(22, 75.1287619214, 47.0892261443).
point(23, 2.0173534023, 21.4150393859).
point(24, 18.4405875503, 25.5086866921).
point(25, 13.1644638668, 32.8108594637).
point(26, 23.369465788, 41.4476966793).
point(27, 30.0335510599, 14.0894426412).
point(28, 61.6145748234, 89.5892900506).
cost(1, 2, 57).
cost(1, 3, 52).
cost(1, 4, 40).
cost(1, 5, 24).
cost(1, 6, 12).
cost(1, 7, 86).
cost(1, 8, 12).
cost(1, 9, 92).
cost(1, 10, 25).
cost(1, 11, 56).
cost(1, 12, 39).
cost(1, 13, 64).
cost(1, 14, 82).
cost(1, 15, 43).
cost(1, 16, 84).
cost(1, 17, 40).
cost(1, 18, 79).
cost(1, 19, 63).
cost(1, 20, 53).
cost(1, 21, 53).
cost(1, 22, 68).
cost(1, 23, 44).
cost(1, 24, 41).
cost(1, 25, 32).
cost(1, 26, 27).
cost(1, 27, 55).
cost(1, 28, 58).
cost(2, 1, 57).
cost(2, 3, 10).
cost(2, 4, 54).
cost(2, 5, 41).
cost(2, 6, 56).
cost(2, 7, 30).
cost(2, 8, 50).
cost(2, 9, 40).
cost(2, 10, 62).
cost(2, 11, 82).
cost(2, 12, 48).
cost(2, 13, 6).
cost(2, 14, 25).
cost(2, 15, 27).
cost(2, 16, 27).
cost(2, 17, 65).
cost(2, 18, 24).
cost(2, 19, 18).
cost(2, 20, 19).
cost(2, 21, 32).
cost(2, 22, 18).
cost(2, 23, 77).
cost(2, 24, 61).
cost(2, 25, 61).
cost(2, 26, 48).
cost(2, 27, 61).
cost(2, 28, 27).
cost(3, 1, 52).
cost(3, 2, 10).
cost(3, 4, 57).
cost(3, 5, 41).
cost(3, 6, 53).
cost(3, 7, 39).
cost(3, 8, 48).
cost(3, 9, 50).
cost(3, 10, 62).
cost(3, 11, 85).
cost(3, 12, 51).
cost(3, 13, 14).
cost(3, 14, 30).
cost(3, 15, 17).
cost(3, 16, 35).
cost(3, 17, 67).
cost(3, 18, 26).
cost(3, 19, 13).
cost(3, 20, 26).
cost(3, 21, 21).
cost(3, 22, 28).
cost(3, 23, 78).
cost(3, 24, 63).
cost(3, 25, 62).
cost(3, 26, 49).
cost(3, 27, 66).
cost(3, 28, 18).
cost(4, 1, 40).
cost(4, 2, 54).
cost(4, 3, 57).
cost(4, 5, 21).
cost(4, 6, 29).
cost(4, 7, 73).
cost(4, 8, 29).
cost(4, 9, 73).
cost(4, 10, 20).
cost(4, 11, 28).
cost(4, 12, 6).
cost(4, 13, 59).
cost(4, 14, 77).
cost(4, 15, 59).
cost(4, 16, 73).
cost(4, 17, 13).
cost(4, 18, 78).
cost(4, 19, 69).
cost(4, 20, 38).
cost(4, 21, 71).
cost(4, 22, 53).
cost(4, 23, 25).
cost(4, 24, 8).
cost(4, 25, 13).
cost(4, 26, 13).
cost(4, 27, 15).
cost(4, 28, 71).
cost(5, 1, 24).
cost(5, 2, 41).
cost(5, 3, 41).
cost(5, 4, 21).
cost(5, 6, 17).
cost(5, 7, 67).
cost(5, 8, 13).
cost(5, 9, 71).
cost(5, 10, 21).
cost(5, 11, 46).
cost(5, 12, 17).
cost(5, 13, 48).
cost(5, 14, 66).
cost(5, 15, 40).
cost(5, 16, 65).
cost(5, 17, 28).
cost(5, 18, 65).
cost(5, 19, 53).
cost(5, 20, 31).
cost(5, 21, 51).
cost(5, 22, 47).
cost(5, 23, 38).
cost(5, 24, 25).
cost(5, 25, 22).
cost(5, 26, 9).
cost(5, 27, 35).
cost(5, 28, 53).
cost(6, 1, 12).
cost(6, 2, 56).
cost(6, 3, 53).
cost(6, 4, 29).
cost(6, 5, 17).
cost(6, 7, 83).
cost(6, 8, 5).
cost(6, 9, 87).
cost(6, 10, 14).
cost(6, 11, 45).
cost(6, 12, 28).
cost(6, 13, 62).
cost(6, 14, 81).
cost(6, 15, 47).
cost(6, 16, 81).
cost(6, 17, 28).
cost(6, 18, 79).
cost(6, 19, 65).
cost(6, 20, 48).
cost(6, 21, 58).
cost(6, 22, 64).
cost(6, 23, 34).
cost(6, 24, 29).
cost(6, 25, 21).
cost(6, 26, 17).
cost(6, 27, 44).
cost(6, 28, 61).
cost(7, 1, 86).
cost(7, 2, 30).
cost(7, 3, 39).
cost(7, 4, 73).
cost(7, 5, 67).
cost(7, 6, 83).
cost(7, 8, 78).
cost(7, 9, 14).
cost(7, 10, 86).
cost(7, 11, 99).
cost(7, 12, 68).
cost(7, 13, 24).
cost(7, 14, 17).
cost(7, 15, 56).
cost(7, 16, 6).
cost(7, 17, 85).
cost(7, 18, 24).
cost(7, 19, 37).
cost(7, 20, 36).
cost(7, 21, 56).
cost(7, 22, 20).
cost(7, 23, 97).
cost(7, 24, 80).
cost(7, 25, 83).
cost(7, 26, 72).
cost(7, 27, 75).
cost(7, 28, 50).
cost(8, 1, 12).
cost(8, 2, 50).
cost(8, 3, 48).
cost(8, 4, 29).
cost(8, 5, 13).
cost(8, 6, 5).
cost(8, 7, 78).
cost(8, 9, 83).
cost(8, 10, 18).
cost(8, 11, 48).
cost(8, 12, 27).
cost(8, 13, 57).
cost(8, 14, 75).
cost(8, 15, 42).
cost(8, 16, 76).
cost(8, 17, 31).
cost(8, 18, 73).
cost(8, 19, 59).
cost(8, 20, 43).
cost(8, 21, 53).
cost(8, 22, 59).
cost(8, 23, 37).
cost(8, 24, 30).
cost(8, 25, 23).
cost(8, 26, 16).
cost(8, 27, 44).
cost(8, 28, 56).
cost(9, 1, 92).
cost(9, 2, 40).
cost(9, 3, 50).
cost(9, 4, 73).
cost(9, 5, 71).
cost(9, 6, 87).
cost(9, 7, 14).
cost(9, 8, 83).
cost(9, 10, 89).
cost(9, 11, 97).
cost(9, 12, 68).
cost(9, 13, 36).
cost(9, 14, 31).
cost(9, 15, 67).
cost(9, 16, 20).
cost(9, 17, 86).
cost(9, 18, 39).
cost(9, 19, 51).
cost(9, 20, 40).
cost(9, 21, 69).
cost(9, 22, 24).
cost(9, 23, 97).
cost(9, 24, 80).
cost(9, 25, 85).
cost(9, 26, 75).
cost(9, 27, 72).
cost(9, 28, 63).
cost(10, 1, 25).
cost(10, 2, 62).
cost(10, 3, 62).
cost(10, 4, 20).
cost(10, 5, 21).
cost(10, 6, 14).
cost(10, 7, 86).
cost(10, 8, 18).
cost(10, 9, 89).
cost(10, 11, 31).
cost(10, 12, 22).
cost(10, 13, 68).
cost(10, 14, 87).
cost(10, 15, 58).
cost(10, 16, 85).
cost(10, 17, 15).
cost(10, 18, 86).
cost(10, 19, 74).
cost(10, 20, 50).
cost(10, 21, 70).
cost(10, 22, 66).
cost(10, 23, 20).
cost(10, 24, 17).
cost(10, 25, 8).
cost(10, 26, 14).
cost(10, 27, 33).
cost(10, 28, 72).
cost(11, 1, 56).
cost(11, 2, 82).
cost(11, 3, 85).
cost(11, 4, 28).
cost(11, 5, 46).
cost(11, 6, 45).
cost(11, 7, 99).
cost(11, 8, 48).
cost(11, 9, 97).
cost(11, 10, 31).
cost(11, 12, 34).
cost(11, 13, 87).
cost(11, 14, 105).
cost(11, 15, 86).
cost(11, 16, 100).
cost(11, 17, 18).
cost(11, 18, 106).
cost(11, 19, 97).
cost(11, 20, 65).
cost(11, 21, 97).
cost(11, 22, 80).
cost(11, 23, 13).
cost(11, 24, 21).
cost(11, 25, 25).
cost(11, 26, 37).
cost(11, 27, 25).
cost(11, 28, 99).
cost(12, 1, 39).
cost(12, 2, 48).
cost(12, 3, 51).
cost(12, 4, 6).
cost(12, 5, 17).
cost(12, 6, 28).
cost(12, 7, 68).
cost(12, 8, 27).
cost(12, 9, 68).
cost(12, 10, 22).
cost(12, 11, 34).
cost(12, 13, 54).
cost(12, 14, 71).
cost(12, 15, 54).
cost(12, 16, 68).
cost(12, 17, 18).
cost(12, 18, 72).
cost(12, 19, 64).
cost(12, 20, 32).
cost(12, 21, 65).
cost(12, 22, 48).
cost(12, 23, 30).
cost(12, 24, 13).
cost(12, 25, 17).
cost(12, 26, 11).
cost(12, 27, 18).
cost(12, 28, 66).
cost(13, 1, 64).
cost(13, 2, 6).
cost(13, 3, 14).
cost(13, 4, 59).
cost(13, 5, 48).
cost(13, 6, 62).
cost(13, 7, 24).
cost(13, 8, 57).
cost(13, 9, 36).
cost(13, 10, 68).
cost(13, 11, 87).
cost(13, 12, 54).
cost(13, 14, 19).
cost(13, 15, 32).
cost(13, 16, 21).
cost(13, 17, 71).
cost(13, 18, 19).
cost(13, 19, 17).
cost(13, 20, 22).
cost(13, 21, 34).
cost(13, 22, 17).
cost(13, 23, 83).
cost(13, 24, 67).
cost(13, 25, 67).
cost(13, 26, 54).
cost(13, 27, 66).
cost(13, 28, 29).
cost(14, 1, 82).
cost(14, 2, 25).
cost(14, 3, 30).
cost(14, 4, 77).
cost(14, 5, 66).
cost(14, 6, 81).
cost(14, 7, 17).
cost(14, 8, 75).
cost(14, 9, 31).
cost(14, 10, 87).
cost(14, 11, 105).
cost(14, 12, 71).
cost(14, 13, 19).
cost(14, 15, 45).
cost(14, 16, 11).
cost(14, 17, 89).
cost(14, 18, 8).
cost(14, 19, 24).
cost(14, 20, 39).
cost(14, 21, 43).
cost(14, 22, 27).
cost(14, 23, 101).
cost(14, 24, 84).
cost(14, 25, 86).
cost(14, 26, 73).
cost(14, 27, 82).
cost(14, 28, 36).
cost(15, 1, 43).
cost(15, 2, 27).
cost(15, 3, 17).
cost(15, 4, 59).
cost(15, 5, 40).
cost(15, 6, 47).
cost(15, 7, 56).
cost(15, 8, 42).
cost(15, 9, 67).
cost(15, 10, 58).
cost(15, 11, 86).
cost(15, 12, 54).
cost(15, 13, 32).
cost(15, 14, 45).
cost(15, 16, 51).
cost(15, 17, 67).
cost(15, 18, 40).
cost(15, 19, 23).
cost(15, 20, 38).
cost(15, 21, 12).
cost(15, 22, 45).
cost(15, 23, 77).
cost(15, 24, 65).
cost(15, 25, 61).
cost(15, 26, 48).
cost(15, 27, 71).
cost(15, 28, 15).
cost(16, 1, 84).
cost(16, 2, 27).
cost(16, 3, 35).
cost(16, 4, 73).
cost(16, 5, 65).
cost(16, 6, 81).
cost(16, 7, 6).
cost(16, 8, 76).
cost(16, 9, 20).
cost(16, 10, 85).
cost(16, 11, 100).
cost(16, 12, 68).
cost(16, 13, 21).
cost(16, 14, 11).
cost(16, 15, 51).
cost(16, 17, 86).
cost(16, 18, 19).
cost(16, 19, 32).
cost(16, 20, 35).
cost(16, 21, 51).
cost(16, 22, 20).
cost(16, 23, 98).
cost(16, 24, 81).
cost(16, 25, 83).
cost(16, 26, 71).
cost(16, 27, 76).
cost(16, 28, 45).
cost(17, 1, 40).
cost(17, 2, 65).
cost(17, 3, 67).
cost(17, 4, 13).
cost(17, 5, 28).
cost(17, 6, 28).
cost(17, 7, 85).
cost(17, 8, 31).
cost(17, 9, 86).
cost(17, 10, 15).
cost(17, 11, 18).
cost(17, 12, 18).
cost(17, 13, 71).
cost(17, 14, 89).
cost(17, 15, 67).
cost(17, 16, 86).
cost(17, 18, 90).
cost(17, 19, 80).
cost(17, 20, 50).
cost(17, 21, 79).
cost(17, 22, 66).
cost(17, 23, 12).
cost(17, 24, 5).
cost(17, 25, 8).
cost(17, 26, 19).
cost(17, 27, 20).
cost(17, 28, 81).
cost(18, 1, 79).
cost(18, 2, 24).
cost(18, 3, 26).
cost(18, 4, 78).
cost(18, 5, 65).
cost(18, 6, 79).
cost(18, 7, 24).
cost(18, 8, 73).
cost(18, 9, 39).
cost(18, 10, 86).
cost(18, 11, 106).
cost(18, 12, 72).
cost(18, 13, 19).
cost(18, 14, 8).
cost(18, 15, 40).
cost(18, 16, 19).
cost(18, 17, 90).
cost(18, 19, 18).
cost(18, 20, 41).
cost(18, 21, 36).
cost(18, 22, 31).
cost(18, 23, 101).
cost(18, 24, 85).
cost(18, 25, 86).
cost(18, 26, 73).
cost(18, 27, 84).
cost(18, 28, 30).
cost(19, 1, 63).
cost(19, 2, 18).
cost(19, 3, 13).
cost(19, 4, 69).
cost(19, 5, 53).
cost(19, 6, 65).
cost(19, 7, 37).
cost(19, 8, 59).
cost(19, 9, 51).
cost(19, 10, 74).
cost(19, 11, 97).
cost(19, 12, 64).
cost(19, 13, 17).
cost(19, 14, 24).
cost(19, 15, 23).
cost(19, 16, 32).
cost(19, 17, 80).
cost(19, 18, 18).
cost(19, 20, 37).
cost(19, 21, 19).
cost(19, 22, 34).
cost(19, 23, 91).
cost(19, 24, 76).
cost(19, 25, 75).
cost(19, 26, 62).
cost(19, 27, 78).
cost(19, 28, 13).
cost(20, 1, 53).
cost(20, 2, 19).
cost(20, 3, 26).
cost(20, 4, 38).
cost(20, 5, 31).
cost(20, 6, 48).
cost(20, 7, 36).
cost(20, 8, 43).
cost(20, 9, 40).
cost(20, 10, 50).
cost(20, 11, 65).
cost(20, 12, 32).
cost(20, 13, 22).
cost(20, 14, 39).
cost(20, 15, 38).
cost(20, 16, 35).
cost(20, 17, 50).
cost(20, 18, 41).
cost(20, 19, 37).
cost(20, 21, 47).
cost(20, 22, 16).
cost(20, 23, 62).
cost(20, 24, 46).
cost(20, 25, 48).
cost(20, 26, 36).
cost(20, 27, 43).
cost(20, 28, 44).
cost(21, 1, 53).
cost(21, 2, 32).
cost(21, 3, 21).
cost(21, 4, 71).
cost(21, 5, 51).
cost(21, 6, 58).
cost(21, 7, 56).
cost(21, 8, 53).
cost(21, 9, 69).
cost(21, 10, 70).
cost(21, 11, 97).
cost(21, 12, 65).
cost(21, 13, 34).
cost(21, 14, 43).
cost(21, 15, 12).
cost(21, 16, 51).
cost(21, 17, 79).
cost(21, 18, 36).
cost(21, 19, 19).
cost(21, 20, 47).
cost(21, 22, 49).
cost(21, 23, 89).
cost(21, 24, 76).
cost(21, 25, 73).
cost(21, 26, 60).
cost(21, 27, 82).
cost(21, 28, 7).
cost(22, 1, 68).
cost(22, 2, 18).
cost(22, 3, 28).
cost(22, 4, 53).
cost(22, 5, 47).
cost(22, 6, 64).
cost(22, 7, 20).
cost(22, 8, 59).
cost(22, 9, 24).
cost(22, 10, 66).
cost(22, 11, 80).
cost(22, 12, 48).
cost(22, 13, 17).
cost(22, 14, 27).
cost(22, 15, 45).
cost(22, 16, 20).
cost(22, 17, 66).
cost(22, 18, 31).
cost(22, 19, 34).
cost(22, 20, 16).
cost(22, 21, 49).
cost(22, 23, 77).
cost(22, 24, 61).
cost(22, 25, 64).
cost(22, 26, 52).
cost(22, 27, 56).
cost(22, 28, 45).
cost(23, 1, 44).
cost(23, 2, 77).
cost(23, 3, 78).
cost(23, 4, 25).
cost(23, 5, 38).
cost(23, 6, 34).
cost(23, 7, 97).
cost(23, 8, 37).
cost(23, 9, 97).
cost(23, 10, 20).
cost(23, 11, 13).
cost(23, 12, 30).
cost(23, 13, 83).
cost(23, 14, 101).
cost(23, 15, 77).
cost(23, 16, 98).
cost(23, 17, 12).
cost(23, 18, 101).
cost(23, 19, 91).
cost(23, 20, 62).
cost(23, 21, 89).
cost(23, 22, 77).
cost(23, 24, 17).
cost(23, 25, 16).
cost(23, 26, 29).
cost(23, 27, 29).
cost(23, 28, 91).
cost(24, 1, 41).
cost(24, 2, 61).
cost(24, 3, 63).
cost(24, 4, 8).
cost(24, 5, 25).
cost(24, 6, 29).
cost(24, 7, 80).
cost(24, 8, 30).
cost(24, 9, 80).
cost(24, 10, 17).
cost(24, 11, 21).
cost(24, 12, 13).
cost(24, 13, 67).
cost(24, 14, 84).
cost(24, 15, 65).
cost(24, 16, 81).
cost(24, 17, 5).
cost(24, 18, 85).
cost(24, 19, 76).
cost(24, 20, 46).
cost(24, 21, 76).
cost(24, 22, 61).
cost(24, 23, 17).
cost(24, 25, 9).
cost(24, 26, 17).
cost(24, 27, 16).
cost(24, 28, 77).
cost(25, 1, 32).
cost(25, 2, 61).
cost(25, 3, 62).
cost(25, 4, 13).
cost(25, 5, 22).
cost(25, 6, 21).
cost(25, 7, 83).
cost(25, 8, 23).
cost(25, 9, 85).
cost(25, 10, 8).
cost(25, 11, 25).
cost(25, 12, 17).
cost(25, 13, 67).
cost(25, 14, 86).
cost(25, 15, 61).
cost(25, 16, 83).
cost(25, 17, 8).
cost(25, 18, 86).
cost(25, 19, 75).
cost(25, 20, 48).
cost(25, 21, 73).
cost(25, 22, 64).
cost(25, 23, 16).
cost(25, 24, 9).
cost(25, 26, 13).
cost(25, 27, 25).
cost(25, 28, 75).
cost(26, 1, 27).
cost(26, 2, 48).
cost(26, 3, 49).
cost(26, 4, 13).
cost(26, 5, 9).
cost(26, 6, 17).
cost(26, 7, 72).
cost(26, 8, 16).
cost(26, 9, 75).
cost(26, 10, 14).
cost(26, 11, 37).
cost(26, 12, 11).
cost(26, 13, 54).
cost(26, 14, 73).
cost(26, 15, 48).
cost(26, 16, 71).
cost(26, 17, 19).
cost(26, 18, 73).
cost(26, 19, 62).
cost(26, 20, 36).
cost(26, 21, 60).
cost(26, 22, 52).
cost(26, 23, 29).
cost(26, 24, 17).
cost(26, 25, 13).
cost(26, 27, 28).
cost(26, 28, 61).
cost(27, 1, 55).
cost(27, 2, 61).
cost(27, 3, 66).
cost(27, 4, 15).
cost(27, 5, 35).
cost(27, 6, 44).
cost(27, 7, 75).
cost(27, 8, 44).
cost(27, 9, 72).
cost(27, 10, 33).
cost(27, 11, 25).
cost(27, 12, 18).
cost(27, 13, 66).
cost(27, 14, 82).
cost(27, 15, 71).
cost(27, 16, 76).
cost(27, 17, 20).
cost(27, 18, 84).
cost(27, 19, 78).
cost(27, 20, 43).
cost(27, 21, 82).
cost(27, 22, 56).
cost(27, 23, 29).
cost(27, 24, 16).
cost(27, 25, 25).
cost(27, 26, 28).
cost(27, 28, 82).
cost(28, 1, 58).
cost(28, 2, 27).
cost(28, 3, 18).
cost(28, 4, 71).
cost(28, 5, 53).
cost(28, 6, 61).
cost(28, 7, 50).
cost(28, 8, 56).
cost(28, 9, 63).
cost(28, 10, 72).
cost(28, 11, 99).
cost(28, 12, 66).
cost(28, 13, 29).
cost(28, 14, 36).
cost(28, 15, 15).
cost(28, 16, 45).
cost(28, 17, 81).
cost(28, 18, 30).
cost(28, 19, 13).
cost(28, 20, 44).
cost(28, 21, 7).
cost(28, 22, 45).
cost(28, 23, 91).
cost(28, 24, 77).
cost(28, 25, 75).
cost(28, 26, 61).
cost(28, 27, 82).
