dimension(28).
point(1, 38.1896567102, 3.707848423).
point(2, 34.1597309193, 7.9297334205).
point(3, 47.2895285344, 83.6535849734).
point(4, 85.9641237769, 30.5052843112).
point(5, 26.9216181785, 78.610556719).
point(6, 64.8274289233, 84.4167206851).
point(7, 21.9689146965, 48.4452804899).
point(8, 73.0975471993, 78.7519398573).
point(9, 55.3038301688, 56.0183073736).
point(10, 93.8176704509, 29.2772287112).
point(11, 61.0088698729, 65.535736996).
point(12, 70.2433090363, 31.6018050992).
point(13, 68.908412908, 31.5564450309).
point(14, 79.8638160602, 32.4572959727).
point(15, 59.6318805013, 25.5302767631).
point(16, 50.5364314879, 2.1185615908).
point(17, 39.4925823433, 43.479571447).
point(18, 58.0864891065, 69.4161928622).
point(19, 93.6118050402, 54.0609180862).
point(20, 61.0599281315, 18.8039448451).
point(21, 50.3016685898, 7.2741565063).
point(22, 26.9203953056, 58.5081069066).
point(23, 91.9037374984, 22.9344960028).
point(24, 30.9021273853, 73.6078699308).
point(25, 51.57284513, 71.5814180264).
point(26, 46.5515765924, 58.0160466017).
point(27, 53.5423714807, 6.8695030788).
point(28, 31.7691388292, 51.7082948273).
cost(1, 2, 6).
cost(1, 3, 80).
cost(1, 4, 55).
cost(1, 5, 76).
cost(1, 6, 85).
cost(1, 7, 48).
cost(1, 8, 83).
cost(1, 9, 55).
cost(1, 10, 61).
cost(1, 11, 66).
cost(1, 12, 42).
cost(1, 13, 41).
cost(1, 14, 51).
cost(1, 15, 31).
cost(1, 16, 12).
cost(1, 17, 40).
cost(1, 18, 69).
cost(1, 19, 75).
cost(1, 20, 27).
cost(1, 21, 13).
cost(1, 22, 56).
cost(1, 23, 57).
cost(1, 24, 70).
cost(1, 25, 69).
cost(1, 26, 55).
cost(1, 27, 16).
cost(1, 28, 48).
cost(2, 1, 6).
cost(2, 3, 77).
cost(2, 4, 57).
cost(2, 5, 71).
cost(2, 6, 82).
cost(2, 7, 42).
cost(2, 8, 81).
cost(2, 9, 53).
cost(2, 10, 63).
cost(2, 11, 64).
cost(2, 12, 43).
cost(2, 13, 42).
cost(2, 14, 52).
cost(2, 15, 31).
cost(2, 16, 17).
cost(2, 17, 36).
cost(2, 18, 66).
cost(2, 19, 75).
cost(2, 20, 29).
cost(2, 21, 16).
cost(2, 22, 51).
cost(2, 23, 60).
cost(2, 24, 66).
cost(2, 25, 66).
cost(2, 26, 52).
cost(2, 27, 19).
cost(2, 28, 44).
cost(3, 1, 80).
cost(3, 2, 77).
cost(3, 4, 66).
cost(3, 5, 21).
cost(3, 6, 18).
cost(3, 7, 43).
cost(3, 8, 26).
cost(3, 9, 29).
cost(3, 10, 72).
cost(3, 11, 23).
cost(3, 12, 57).
cost(3, 13, 56).
cost(3, 14, 61).
cost(3, 15, 59).
cost(3, 16, 82).
cost(3, 17, 41).
cost(3, 18, 18).
cost(3, 19, 55).
cost(3, 20, 66).
cost(3, 21, 76).
cost(3, 22, 32).
cost(3, 23, 75).
cost(3, 24, 19).
cost(3, 25, 13).
cost(3, 26, 26).
cost(3, 27, 77).
cost(3, 28, 36).
cost(4, 1, 55).
cost(4, 2, 57).
cost(4, 3, 66).
cost(4, 5, 76).
cost(4, 6, 58).
cost(4, 7, 66).
cost(4, 8, 50).
cost(4, 9, 40).
cost(4, 10, 8).
cost(4, 11, 43).
cost(4, 12, 16).
cost(4, 13, 17).
cost(4, 14, 6).
cost(4, 15, 27).
cost(4, 16, 45).
cost(4, 17, 48).
cost(4, 18, 48).
cost(4, 19, 25).
cost(4, 20, 28).
cost(4, 21, 43).
cost(4, 22, 65).
cost(4, 23, 10).
cost(4, 24, 70).
cost(4, 25, 54).
cost(4, 26, 48).
cost(4, 27, 40).
cost(4, 28, 58).
cost(5, 1, 76).
cost(5, 2, 71).
cost(5, 3, 21).
cost(5, 4, 76).
cost(5, 6, 38).
cost(5, 7, 31).
cost(5, 8, 46).
cost(5, 9, 36).
cost(5, 10, 83).
cost(5, 11, 37).
cost(5, 12, 64).
cost(5, 13, 63).
cost(5, 14, 70).
cost(5, 15, 62).
cost(5, 16, 80).
cost(5, 17, 37).
cost(5, 18, 32).
cost(5, 19, 71).
cost(5, 20, 69).
cost(5, 21, 75).
cost(5, 22, 20).
cost(5, 23, 86).
cost(5, 24, 6).
cost(5, 25, 26).
cost(5, 26, 28).
cost(5, 27, 77).
cost(5, 28, 27).
cost(6, 1, 85).
cost(6, 2, 82).
cost(6, 3, 18).
cost(6, 4, 58).
cost(6, 5, 38).
cost(6, 7, 56).
cost(6, 8, 10).
cost(6, 9, 30).
cost(6, 10, 62).
cost(6, 11, 19).
cost(6, 12, 53).
cost(6, 13, 53).
cost(6, 14, 54).
cost(6, 15, 59).
cost(6, 16, 84).
cost(6, 17, 48).
cost(6, 18, 16).
cost(6, 19, 42).
cost(6, 20, 66).
cost(6, 21, 78).
cost(6, 22, 46).
cost(6, 23, 67).
cost(6, 24, 36).
cost(6, 25, 18).
cost(6, 26, 32).
cost(6, 27, 78).
cost(6, 28, 47).
cost(7, 1, 48).
cost(7, 2, 42).
cost(7, 3, 43).
cost(7, 4, 66).
cost(7, 5, 31).
cost(7, 6, 56).
cost(7, 8, 59).
cost(7, 9, 34).
cost(7, 10, 74).
cost(7, 11, 43).
cost(7, 12, 51).
cost(7, 13, 50).
cost(7, 14, 60).
cost(7, 15, 44).
cost(7, 16, 54).
cost(7, 17, 18).
cost(7, 18, 42).
cost(7, 19, 72).
cost(7, 20, 49).
cost(7, 21, 50).
cost(7, 22, 11).
cost(7, 23, 74).
cost(7, 24, 27).
cost(7, 25, 38).
cost(7, 26, 26).
cost(7, 27, 52).
cost(7, 28, 10).
cost(8, 1, 83).
cost(8, 2, 81).
cost(8, 3, 26).
cost(8, 4, 50).
cost(8, 5, 46).
cost(8, 6, 10).
cost(8, 7, 59).
cost(8, 9, 29).
cost(8, 10, 54).
cost(8, 11, 18).
cost(8, 12, 47).
cost(8, 13, 47).
cost(8, 14, 47).
cost(8, 15, 55).
cost(8, 16, 80).
cost(8, 17, 49).
cost(8, 18, 18).
cost(8, 19, 32).
cost(8, 20, 61).
cost(8, 21, 75).
cost(8, 22, 50).
cost(8, 23, 59).
cost(8, 24, 43).
cost(8, 25, 23).
cost(8, 26, 34).
cost(8, 27, 74).
cost(8, 28, 49).
cost(9, 1, 55).
cost(9, 2, 53).
cost(9, 3, 29).
cost(9, 4, 40).
cost(9, 5, 36).
cost(9, 6, 30).
cost(9, 7, 34).
cost(9, 8, 29).
cost(9, 10, 47).
cost(9, 11, 11).
cost(9, 12, 29).
cost(9, 13, 28).
cost(9, 14, 34).
cost(9, 15, 31).
cost(9, 16, 54).
cost(9, 17, 20).
cost(9, 18, 14).
cost(9, 19, 38).
cost(9, 20, 38).
cost(9, 21, 49).
cost(9, 22, 28).
cost(9, 23, 49).
cost(9, 24, 30).
cost(9, 25, 16).
cost(9, 26, 9).
cost(9, 27, 49).
cost(9, 28, 24).
cost(10, 1, 61).
cost(10, 2, 63).
cost(10, 3, 72).
cost(10, 4, 8).
cost(10, 5, 83).
cost(10, 6, 62).
cost(10, 7, 74).
cost(10, 8, 54).
cost(10, 9, 47).
cost(10, 11, 49).
cost(10, 12, 24).
cost(10, 13, 25).
cost(10, 14, 14).
cost(10, 15, 34).
cost(10, 16, 51).
cost(10, 17, 56).
cost(10, 18, 54).
cost(10, 19, 25).
cost(10, 20, 34).
cost(10, 21, 49).
cost(10, 22, 73).
cost(10, 23, 7).
cost(10, 24, 77).
cost(10, 25, 60).
cost(10, 26, 55).
cost(10, 27, 46).
cost(10, 28, 66).
cost(11, 1, 66).
cost(11, 2, 64).
cost(11, 3, 23).
cost(11, 4, 43).
cost(11, 5, 37).
cost(11, 6, 19).
cost(11, 7, 43).
cost(11, 8, 18).
cost(11, 9, 11).
cost(11, 10, 49).
cost(11, 12, 35).
cost(11, 13, 35).
cost(11, 14, 38).
cost(11, 15, 40).
cost(11, 16, 64).
cost(11, 17, 31).
cost(11, 18, 5).
cost(11, 19, 35).
cost(11, 20, 47).
cost(11, 21, 59).
cost(11, 22, 35).
cost(11, 23, 53).
cost(11, 24, 31).
cost(11, 25, 11).
cost(11, 26, 16).
cost(11, 27, 59).
cost(11, 28, 32).
cost(12, 1, 42).
cost(12, 2, 43).
cost(12, 3, 57).
cost(12, 4, 16).
cost(12, 5, 64).
cost(12, 6, 53).
cost(12, 7, 51).
cost(12, 8, 47).
cost(12, 9, 29).
cost(12, 10, 24).
cost(12, 11, 35).
cost(12, 13, 1).
cost(12, 14, 10).
cost(12, 15, 12).
cost(12, 16, 35).
cost(12, 17, 33).
cost(12, 18, 40).
cost(12, 19, 32).
cost(12, 20, 16).
cost(12, 21, 31).
cost(12, 22, 51).
cost(12, 23, 23).
cost(12, 24, 58).
cost(12, 25, 44).
cost(12, 26, 35).
cost(12, 27, 30).
cost(12, 28, 43).
cost(13, 1, 41).
cost(13, 2, 42).
cost(13, 3, 56).
cost(13, 4, 17).
cost(13, 5, 63).
cost(13, 6, 53).
cost(13, 7, 50).
cost(13, 8, 47).
cost(13, 9, 28).
cost(13, 10, 25).
cost(13, 11, 35).
cost(13, 12, 1).
cost(13, 14, 11).
cost(13, 15, 11).
cost(13, 16, 35).
cost(13, 17, 32).
cost(13, 18, 39).
cost(13, 19, 33).
cost(13, 20, 15).
cost(13, 21, 31).
cost(13, 22, 50).
cost(13, 23, 25).
cost(13, 24, 57).
cost(13, 25, 44).
cost(13, 26, 35).
cost(13, 27, 29).
cost(13, 28, 42).
cost(14, 1, 51).
cost(14, 2, 52).
cost(14, 3, 61).
cost(14, 4, 6).
cost(14, 5, 70).
cost(14, 6, 54).
cost(14, 7, 60).
cost(14, 8, 47).
cost(14, 9, 34).
cost(14, 10, 14).
cost(14, 11, 38).
cost(14, 12, 10).
cost(14, 13, 11).
cost(14, 15, 21).
cost(14, 16, 42).
cost(14, 17, 42).
cost(14, 18, 43).
cost(14, 19, 26).
cost(14, 20, 23).
cost(14, 21, 39).
cost(14, 22, 59).
cost(14, 23, 15).
cost(14, 24, 64).
cost(14, 25, 48).
cost(14, 26, 42).
cost(14, 27, 37).
cost(14, 28, 52).
cost(15, 1, 31).
cost(15, 2, 31).
cost(15, 3, 59).
cost(15, 4, 27).
cost(15, 5, 62).
cost(15, 6, 59).
cost(15, 7, 44).
cost(15, 8, 55).
cost(15, 9, 31).
cost(15, 10, 34).
cost(15, 11, 40).
cost(15, 12, 12).
cost(15, 13, 11).
cost(15, 14, 21).
cost(15, 16, 25).
cost(15, 17, 27).
cost(15, 18, 44).
cost(15, 19, 44).
cost(15, 20, 7).
cost(15, 21, 21).
cost(15, 22, 46).
cost(15, 23, 32).
cost(15, 24, 56).
cost(15, 25, 47).
cost(15, 26, 35).
cost(15, 27, 20).
cost(15, 28, 38).
cost(16, 1, 12).
cost(16, 2, 17).
cost(16, 3, 82).
cost(16, 4, 45).
cost(16, 5, 80).
cost(16, 6, 84).
cost(16, 7, 54).
cost(16, 8, 80).
cost(16, 9, 54).
cost(16, 10, 51).
cost(16, 11, 64).
cost(16, 12, 35).
cost(16, 13, 35).
cost(16, 14, 42).
cost(16, 15, 25).
cost(16, 17, 43).
cost(16, 18, 68).
cost(16, 19, 67).
cost(16, 20, 20).
cost(16, 21, 5).
cost(16, 22, 61).
cost(16, 23, 46).
cost(16, 24, 74).
cost(16, 25, 69).
cost(16, 26, 56).
cost(16, 27, 6).
cost(16, 28, 53).
cost(17, 1, 40).
cost(17, 2, 36).
cost(17, 3, 41).
cost(17, 4, 48).
cost(17, 5, 37).
cost(17, 6, 48).
cost(17, 7, 18).
cost(17, 8, 49).
cost(17, 9, 20).
cost(17, 10, 56).
cost(17, 11, 31).
cost(17, 12, 33).
cost(17, 13, 32).
cost(17, 14, 42).
cost(17, 15, 27).
cost(17, 16, 43).
cost(17, 18, 32).
cost(17, 19, 55).
cost(17, 20, 33).
cost(17, 21, 38).
cost(17, 22, 20).
cost(17, 23, 56).
cost(17, 24, 31).
cost(17, 25, 31).
cost(17, 26, 16).
cost(17, 27, 39).
cost(17, 28, 11).
cost(18, 1, 69).
cost(18, 2, 66).
cost(18, 3, 18).
cost(18, 4, 48).
cost(18, 5, 32).
cost(18, 6, 16).
cost(18, 7, 42).
cost(18, 8, 18).
cost(18, 9, 14).
cost(18, 10, 54).
cost(18, 11, 5).
cost(18, 12, 40).
cost(18, 13, 39).
cost(18, 14, 43).
cost(18, 15, 44).
cost(18, 16, 68).
cost(18, 17, 32).
cost(18, 19, 39).
cost(18, 20, 51).
cost(18, 21, 63).
cost(18, 22, 33).
cost(18, 23, 57).
cost(18, 24, 28).
cost(18, 25, 7).
cost(18, 26, 16).
cost(18, 27, 63).
cost(18, 28, 32).
cost(19, 1, 75).
cost(19, 2, 75).
cost(19, 3, 55).
cost(19, 4, 25).
cost(19, 5, 71).
cost(19, 6, 42).
cost(19, 7, 72).
cost(19, 8, 32).
cost(19, 9, 38).
cost(19, 10, 25).
cost(19, 11, 35).
cost(19, 12, 32).
cost(19, 13, 33).
cost(19, 14, 26).
cost(19, 15, 44).
cost(19, 16, 67).
cost(19, 17, 55).
cost(19, 18, 39).
cost(19, 20, 48).
cost(19, 21, 64).
cost(19, 22, 67).
cost(19, 23, 31).
cost(19, 24, 66).
cost(19, 25, 46).
cost(19, 26, 47).
cost(19, 27, 62).
cost(19, 28, 62).
cost(20, 1, 27).
cost(20, 2, 29).
cost(20, 3, 66).
cost(20, 4, 28).
cost(20, 5, 69).
cost(20, 6, 66).
cost(20, 7, 49).
cost(20, 8, 61).
cost(20, 9, 38).
cost(20, 10, 34).
cost(20, 11, 47).
cost(20, 12, 16).
cost(20, 13, 15).
cost(20, 14, 23).
cost(20, 15, 7).
cost(20, 16, 20).
cost(20, 17, 33).
cost(20, 18, 51).
cost(20, 19, 48).
cost(20, 21, 16).
cost(20, 22, 52).
cost(20, 23, 31).
cost(20, 24, 63).
cost(20, 25, 54).
cost(20, 26, 42).
cost(20, 27, 14).
cost(20, 28, 44).
cost(21, 1, 13).
cost(21, 2, 16).
cost(21, 3, 76).
cost(21, 4, 43).
cost(21, 5, 75).
cost(21, 6, 78).
cost(21, 7, 50).
cost(21, 8, 75).
cost(21, 9, 49).
cost(21, 10, 49).
cost(21, 11, 59).
cost(21, 12, 31).
cost(21, 13, 31).
cost(21, 14, 39).
cost(21, 15, 21).
cost(21, 16, 5).
cost(21, 17, 38).
cost(21, 18, 63).
cost(21, 19, 64).
cost(21, 20, 16).
cost(21, 22, 56).
cost(21, 23, 44).
cost(21, 24, 69).
cost(21, 25, 64).
cost(21, 26, 51).
cost(21, 27, 3).
cost(21, 28, 48).
cost(22, 1, 56).
cost(22, 2, 51).
cost(22, 3, 32).
cost(22, 4, 65).
cost(22, 5, 20).
cost(22, 6, 46).
cost(22, 7, 11).
cost(22, 8, 50).
cost(22, 9, 28).
cost(22, 10, 73).
cost(22, 11, 35).
cost(22, 12, 51).
cost(22, 13, 50).
cost(22, 14, 59).
cost(22, 15, 46).
cost(22, 16, 61).
cost(22, 17, 20).
cost(22, 18, 33).
cost(22, 19, 67).
cost(22, 20, 52).
cost(22, 21, 56).
cost(22, 23, 74).
cost(22, 24, 16).
cost(22, 25, 28).
cost(22, 26, 20).
cost(22, 27, 58).
cost(22, 28, 8).
cost(23, 1, 57).
cost(23, 2, 60).
cost(23, 3, 75).
cost(23, 4, 10).
cost(23, 5, 86).
cost(23, 6, 67).
cost(23, 7, 74).
cost(23, 8, 59).
cost(23, 9, 49).
cost(23, 10, 7).
cost(23, 11, 53).
cost(23, 12, 23).
cost(23, 13, 25).
cost(23, 14, 15).
cost(23, 15, 32).
cost(23, 16, 46).
cost(23, 17, 56).
cost(23, 18, 57).
cost(23, 19, 31).
cost(23, 20, 31).
cost(23, 21, 44).
cost(23, 22, 74).
cost(23, 24, 79).
cost(23, 25, 63).
cost(23, 26, 57).
cost(23, 27, 42).
cost(23, 28, 67).
cost(24, 1, 70).
cost(24, 2, 66).
cost(24, 3, 19).
cost(24, 4, 70).
cost(24, 5, 6).
cost(24, 6, 36).
cost(24, 7, 27).
cost(24, 8, 43).
cost(24, 9, 30).
cost(24, 10, 77).
cost(24, 11, 31).
cost(24, 12, 58).
cost(24, 13, 57).
cost(24, 14, 64).
cost(24, 15, 56).
cost(24, 16, 74).
cost(24, 17, 31).
cost(24, 18, 28).
cost(24, 19, 66).
cost(24, 20, 63).
cost(24, 21, 69).
cost(24, 22, 16).
cost(24, 23, 79).
cost(24, 25, 21).
cost(24, 26, 22).
cost(24, 27, 70).
cost(24, 28, 22).
cost(25, 1, 69).
cost(25, 2, 66).
cost(25, 3, 13).
cost(25, 4, 54).
cost(25, 5, 26).
cost(25, 6, 18).
cost(25, 7, 38).
cost(25, 8, 23).
cost(25, 9, 16).
cost(25, 10, 60).
cost(25, 11, 11).
cost(25, 12, 44).
cost(25, 13, 44).
cost(25, 14, 48).
cost(25, 15, 47).
cost(25, 16, 69).
cost(25, 17, 31).
cost(25, 18, 7).
cost(25, 19, 46).
cost(25, 20, 54).
cost(25, 21, 64).
cost(25, 22, 28).
cost(25, 23, 63).
cost(25, 24, 21).
cost(25, 26, 14).
cost(25, 27, 65).
cost(25, 28, 28).
cost(26, 1, 55).
cost(26, 2, 52).
cost(26, 3, 26).
cost(26, 4, 48).
cost(26, 5, 28).
cost(26, 6, 32).
cost(26, 7, 26).
cost(26, 8, 34).
cost(26, 9, 9).
cost(26, 10, 55).
cost(26, 11, 16).
cost(26, 12, 35).
cost(26, 13, 35).
cost(26, 14, 42).
cost(26, 15, 35).
cost(26, 16, 56).
cost(26, 17, 16).
cost(26, 18, 16).
cost(26, 19, 47).
cost(26, 20, 42).
cost(26, 21, 51).
cost(26, 22, 20).
cost(26, 23, 57).
cost(26, 24, 22).
cost(26, 25, 14).
cost(26, 27, 52).
cost(26, 28, 16).
cost(27, 1, 16).
cost(27, 2, 19).
cost(27, 3, 77).
cost(27, 4, 40).
cost(27, 5, 77).
cost(27, 6, 78).
cost(27, 7, 52).
cost(27, 8, 74).
cost(27, 9, 49).
cost(27, 10, 46).
cost(27, 11, 59).
cost(27, 12, 30).
cost(27, 13, 29).
cost(27, 14, 37).
cost(27, 15, 20).
cost(27, 16, 6).
cost(27, 17, 39).
cost(27, 18, 63).
cost(27, 19, 62).
cost(27, 20, 14).
cost(27, 21, 3).
cost(27, 22, 58).
cost(27, 23, 42).
cost(27, 24, 70).
cost(27, 25, 65).
cost(27, 26, 52).
cost(27, 28, 50).
cost(28, 1, 48).
cost(28, 2, 44).
cost(28, 3, 36).
cost(28, 4, 58).
cost(28, 5, 27).
cost(28, 6, 47).
cost(28, 7, 10).
cost(28, 8, 49).
cost(28, 9, 24).
cost(28, 10, 66).
cost(28, 11, 32).
cost(28, 12, 43).
cost(28, 13, 42).
cost(28, 14, 52).
cost(28, 15, 38).
cost(28, 16, 53).
cost(28, 17, 11).
cost(28, 18, 32).
cost(28, 19, 62).
cost(28, 20, 44).
cost(28, 21, 48).
cost(28, 22, 8).
cost(28, 23, 67).
cost(28, 24, 22).
cost(28, 25, 28).
cost(28, 26, 16).
cost(28, 27, 50).
