dimension(28).
point(1, 27.0509897963, 71.2327565878).
point(2, 72.9383793592, 17.7449764254).
point(3, 9.8437736693, 89.8652638192).
point(4, 91.2162045653, 25.0030088427).
point(5, 6.9302961283, 48.5149619526).
point(6, 97.451685022, 8.4783048222).
point(7, 44.706951479, 88.543534933).
point(8, 19.9574328197, 61.4693670096).
point(9, 4.7514379379, 96.7471986114).
point(10, 20.9999177537, 52.8783895202).
point(11, 53.0549811506, 12.5529861661).
point(12, 60.5414093653, 8.5353041836).
point(13, 95.1587851707, 38.2438360151).
point(14, 63.5965822194, 20.5989726247).
point(15, 80.1706442282, 31.0366064174).
point(16, 7.7888450945, 84.2360967636).
point(17, 69.5647211351, 31.6897948544).
point(18, 81.2271775144, 16.6722085649).
point(19, 28.9145243932, 99.5358724793).
point(20, 81.8297757024, 44.4505477874).
point(21, 43.9125346357, 3.1436765246).
point(22, 28.9542789275, 83.8961881677).
point(23, 46.2647778013, 7.4547527747).
point(24, 11.468303266, 77.6057774178).
point(25, 17.5776280981, 89.6929911149).
point(26, 16.2388347609, 69.4647997099).
point(27, 4.283981211, 70.9981759135).
point(28, 68.7721800543, 10.5242994195).
cost(1, 2, 70).
cost(1, 3, 25).
cost(1, 4, 79).
cost(1, 5, 30).
cost(1, 6, 94).
cost(1, 7, 25).
cost(1, 8, 12).
cost(1, 9, 34).
cost(1, 10, 19).
cost(1, 11, 64).
cost(1, 12, 71).
cost(1, 13, 76).
cost(1, 14, 62).
cost(1, 15, 67).
cost(1, 16, 23).
cost(1, 17, 58).
cost(1, 18, 77).
cost(1, 19, 28).
cost(1, 20, 61).
cost(1, 21, 70).
cost(1, 22, 13).
cost(1, 23, 67).
cost(1, 24, 17).
cost(1, 25, 21).
cost(1, 26, 11).
cost(1, 27, 23).
cost(1, 28, 74).
cost(2, 1, 70).
cost(2, 3, 96).
cost(2, 4, 20).
cost(2, 5, 73).
cost(2, 6, 26).
cost(2, 7, 76).
cost(2, 8, 69).
cost(2, 9, 104).
cost(2, 10, 63).
cost(2, 11, 21).
cost(2, 12, 15).
cost(2, 13, 30).
cost(2, 14, 10).
cost(2, 15, 15).
cost(2, 16, 93).
cost(2, 17, 14).
cost(2, 18, 8).
cost(2, 19, 93).
cost(2, 20, 28).
cost(2, 21, 32).
cost(2, 22, 79).
cost(2, 23, 29).
cost(2, 24, 86).
cost(2, 25, 91).
cost(2, 26, 77).
cost(2, 27, 87).
cost(2, 28, 8).
cost(3, 1, 25).
cost(3, 2, 96).
cost(3, 4, 104).
cost(3, 5, 41).
cost(3, 6, 120).
cost(3, 7, 35).
cost(3, 8, 30).
cost(3, 9, 9).
cost(3, 10, 39).
cost(3, 11, 89).
cost(3, 12, 96).
cost(3, 13, 100).
cost(3, 14, 88).
cost(3, 15, 92).
cost(3, 16, 6).
cost(3, 17, 83).
cost(3, 18, 102).
cost(3, 19, 21).
cost(3, 20, 85).
cost(3, 21, 93).
cost(3, 22, 20).
cost(3, 23, 90).
cost(3, 24, 12).
cost(3, 25, 8).
cost(3, 26, 21).
cost(3, 27, 20).
cost(3, 28, 99).
cost(4, 1, 79).
cost(4, 2, 20).
cost(4, 3, 104).
cost(4, 5, 88).
cost(4, 6, 18).
cost(4, 7, 79).
cost(4, 8, 80).
cost(4, 9, 112).
cost(4, 10, 76).
cost(4, 11, 40).
cost(4, 12, 35).
cost(4, 13, 14).
cost(4, 14, 28).
cost(4, 15, 13).
cost(4, 16, 102).
cost(4, 17, 23).
cost(4, 18, 13).
cost(4, 19, 97).
cost(4, 20, 22).
cost(4, 21, 52).
cost(4, 22, 86).
cost(4, 23, 48).
cost(4, 24, 96).
cost(4, 25, 98).
cost(4, 26, 87).
cost(4, 27, 98).
cost(4, 28, 27).
cost(5, 1, 30).
cost(5, 2, 73).
cost(5, 3, 41).
cost(5, 4, 88).
cost(5, 6, 99).
cost(5, 7, 55).
cost(5, 8, 18).
cost(5, 9, 48).
cost(5, 10, 15).
cost(5, 11, 58).
cost(5, 12, 67).
cost(5, 13, 89).
cost(5, 14, 63).
cost(5, 15, 75).
cost(5, 16, 36).
cost(5, 17, 65).
cost(5, 18, 81).
cost(5, 19, 56).
cost(5, 20, 75).
cost(5, 21, 59).
cost(5, 22, 42).
cost(5, 23, 57).
cost(5, 24, 29).
cost(5, 25, 43).
cost(5, 26, 23).
cost(5, 27, 23).
cost(5, 28, 73).
cost(6, 1, 94).
cost(6, 2, 26).
cost(6, 3, 120).
cost(6, 4, 18).
cost(6, 5, 99).
cost(6, 7, 96).
cost(6, 8, 94).
cost(6, 9, 128).
cost(6, 10, 88).
cost(6, 11, 45).
cost(6, 12, 37).
cost(6, 13, 30).
cost(6, 14, 36).
cost(6, 15, 28).
cost(6, 16, 117).
cost(6, 17, 36).
cost(6, 18, 18).
cost(6, 19, 114).
cost(6, 20, 39).
cost(6, 21, 54).
cost(6, 22, 102).
cost(6, 23, 51).
cost(6, 24, 110).
cost(6, 25, 114).
cost(6, 26, 102).
cost(6, 27, 112).
cost(6, 28, 29).
cost(7, 1, 25).
cost(7, 2, 76).
cost(7, 3, 35).
cost(7, 4, 79).
cost(7, 5, 55).
cost(7, 6, 96).
cost(7, 8, 37).
cost(7, 9, 41).
cost(7, 10, 43).
cost(7, 11, 76).
cost(7, 12, 82).
cost(7, 13, 71).
cost(7, 14, 71).
cost(7, 15, 68).
cost(7, 16, 37).
cost(7, 17, 62).
cost(7, 18, 81).
cost(7, 19, 19).
cost(7, 20, 58).
cost(7, 21, 85).
cost(7, 22, 16).
cost(7, 23, 81).
cost(7, 24, 35).
cost(7, 25, 27).
cost(7, 26, 34).
cost(7, 27, 44).
cost(7, 28, 82).
cost(8, 1, 12).
cost(8, 2, 69).
cost(8, 3, 30).
cost(8, 4, 80).
cost(8, 5, 18).
cost(8, 6, 94).
cost(8, 7, 37).
cost(8, 9, 38).
cost(8, 10, 9).
cost(8, 11, 59).
cost(8, 12, 67).
cost(8, 13, 79).
cost(8, 14, 60).
cost(8, 15, 67).
cost(8, 16, 26).
cost(8, 17, 58).
cost(8, 18, 76).
cost(8, 19, 39).
cost(8, 20, 64).
cost(8, 21, 63).
cost(8, 22, 24).
cost(8, 23, 60).
cost(8, 24, 18).
cost(8, 25, 28).
cost(8, 26, 9).
cost(8, 27, 18).
cost(8, 28, 71).
cost(9, 1, 34).
cost(9, 2, 104).
cost(9, 3, 9).
cost(9, 4, 112).
cost(9, 5, 48).
cost(9, 6, 128).
cost(9, 7, 41).
cost(9, 8, 38).
cost(9, 10, 47).
cost(9, 11, 97).
cost(9, 12, 104).
cost(9, 13, 108).
cost(9, 14, 96).
cost(9, 15, 100).
cost(9, 16, 13).
cost(9, 17, 92).
cost(9, 18, 111).
cost(9, 19, 24).
cost(9, 20, 93).
cost(9, 21, 101).
cost(9, 22, 27).
cost(9, 23, 98).
cost(9, 24, 20).
cost(9, 25, 15).
cost(9, 26, 30).
cost(9, 27, 26).
cost(9, 28, 107).
cost(10, 1, 19).
cost(10, 2, 63).
cost(10, 3, 39).
cost(10, 4, 76).
cost(10, 5, 15).
cost(10, 6, 88).
cost(10, 7, 43).
cost(10, 8, 9).
cost(10, 9, 47).
cost(10, 11, 52).
cost(10, 12, 59).
cost(10, 13, 76).
cost(10, 14, 53).
cost(10, 15, 63).
cost(10, 16, 34).
cost(10, 17, 53).
cost(10, 18, 70).
cost(10, 19, 47).
cost(10, 20, 61).
cost(10, 21, 55).
cost(10, 22, 32).
cost(10, 23, 52).
cost(10, 24, 27).
cost(10, 25, 37).
cost(10, 26, 17).
cost(10, 27, 25).
cost(10, 28, 64).
cost(11, 1, 64).
cost(11, 2, 21).
cost(11, 3, 89).
cost(11, 4, 40).
cost(11, 5, 58).
cost(11, 6, 45).
cost(11, 7, 76).
cost(11, 8, 59).
cost(11, 9, 97).
cost(11, 10, 52).
cost(11, 12, 8).
cost(11, 13, 49).
cost(11, 14, 13).
cost(11, 15, 33).
cost(11, 16, 85).
cost(11, 17, 25).
cost(11, 18, 28).
cost(11, 19, 90).
cost(11, 20, 43).
cost(11, 21, 13).
cost(11, 22, 75).
cost(11, 23, 8).
cost(11, 24, 77).
cost(11, 25, 85).
cost(11, 26, 68).
cost(11, 27, 76).
cost(11, 28, 16).
cost(12, 1, 71).
cost(12, 2, 15).
cost(12, 3, 96).
cost(12, 4, 35).
cost(12, 5, 67).
cost(12, 6, 37).
cost(12, 7, 82).
cost(12, 8, 67).
cost(12, 9, 104).
cost(12, 10, 59).
cost(12, 11, 8).
cost(12, 13, 46).
cost(12, 14, 12).
cost(12, 15, 30).
cost(12, 16, 92).
cost(12, 17, 25).
cost(12, 18, 22).
cost(12, 19, 96).
cost(12, 20, 42).
cost(12, 21, 17).
cost(12, 22, 82).
cost(12, 23, 14).
cost(12, 24, 85).
cost(12, 25, 92).
cost(12, 26, 75).
cost(12, 27, 84).
cost(12, 28, 8).
cost(13, 1, 76).
cost(13, 2, 30).
cost(13, 3, 100).
cost(13, 4, 14).
cost(13, 5, 89).
cost(13, 6, 30).
cost(13, 7, 71).
cost(13, 8, 79).
cost(13, 9, 108).
cost(13, 10, 76).
cost(13, 11, 49).
cost(13, 12, 46).
cost(13, 14, 36).
cost(13, 15, 17).
cost(13, 16, 99).
cost(13, 17, 26).
cost(13, 18, 26).
cost(13, 19, 90).
cost(13, 20, 15).
cost(13, 21, 62).
cost(13, 22, 80).
cost(13, 23, 58).
cost(13, 24, 92).
cost(13, 25, 93).
cost(13, 26, 85).
cost(13, 27, 97).
cost(13, 28, 38).
cost(14, 1, 62).
cost(14, 2, 10).
cost(14, 3, 88).
cost(14, 4, 28).
cost(14, 5, 63).
cost(14, 6, 36).
cost(14, 7, 71).
cost(14, 8, 60).
cost(14, 9, 96).
cost(14, 10, 53).
cost(14, 11, 13).
cost(14, 12, 12).
cost(14, 13, 36).
cost(14, 15, 20).
cost(14, 16, 85).
cost(14, 17, 13).
cost(14, 18, 18).
cost(14, 19, 86).
cost(14, 20, 30).
cost(14, 21, 26).
cost(14, 22, 72).
cost(14, 23, 22).
cost(14, 24, 77).
cost(14, 25, 83).
cost(14, 26, 68).
cost(14, 27, 78).
cost(14, 28, 11).
cost(15, 1, 67).
cost(15, 2, 15).
cost(15, 3, 92).
cost(15, 4, 13).
cost(15, 5, 75).
cost(15, 6, 28).
cost(15, 7, 68).
cost(15, 8, 67).
cost(15, 9, 100).
cost(15, 10, 63).
cost(15, 11, 33).
cost(15, 12, 30).
cost(15, 13, 17).
cost(15, 14, 20).
cost(15, 16, 90).
cost(15, 17, 11).
cost(15, 18, 14).
cost(15, 19, 86).
cost(15, 20, 14).
cost(15, 21, 46).
cost(15, 22, 74).
cost(15, 23, 41).
cost(15, 24, 83).
cost(15, 25, 86).
cost(15, 26, 75).
cost(15, 27, 86).
cost(15, 28, 23).
cost(16, 1, 23).
cost(16, 2, 93).
cost(16, 3, 6).
cost(16, 4, 102).
cost(16, 5, 36).
cost(16, 6, 117).
cost(16, 7, 37).
cost(16, 8, 26).
cost(16, 9, 13).
cost(16, 10, 34).
cost(16, 11, 85).
cost(16, 12, 92).
cost(16, 13, 99).
cost(16, 14, 85).
cost(16, 15, 90).
cost(16, 17, 81).
cost(16, 18, 100).
cost(16, 19, 26).
cost(16, 20, 84).
cost(16, 21, 89).
cost(16, 22, 21).
cost(16, 23, 86).
cost(16, 24, 8).
cost(16, 25, 11).
cost(16, 26, 17).
cost(16, 27, 14).
cost(16, 28, 96).
cost(17, 1, 58).
cost(17, 2, 14).
cost(17, 3, 83).
cost(17, 4, 23).
cost(17, 5, 65).
cost(17, 6, 36).
cost(17, 7, 62).
cost(17, 8, 58).
cost(17, 9, 92).
cost(17, 10, 53).
cost(17, 11, 25).
cost(17, 12, 25).
cost(17, 13, 26).
cost(17, 14, 13).
cost(17, 15, 11).
cost(17, 16, 81).
cost(17, 18, 19).
cost(17, 19, 79).
cost(17, 20, 18).
cost(17, 21, 38).
cost(17, 22, 66).
cost(17, 23, 34).
cost(17, 24, 74).
cost(17, 25, 78).
cost(17, 26, 65).
cost(17, 27, 76).
cost(17, 28, 21).
cost(18, 1, 77).
cost(18, 2, 8).
cost(18, 3, 102).
cost(18, 4, 13).
cost(18, 5, 81).
cost(18, 6, 18).
cost(18, 7, 81).
cost(18, 8, 76).
cost(18, 9, 111).
cost(18, 10, 70).
cost(18, 11, 28).
cost(18, 12, 22).
cost(18, 13, 26).
cost(18, 14, 18).
cost(18, 15, 14).
cost(18, 16, 100).
cost(18, 17, 19).
cost(18, 19, 98).
cost(18, 20, 28).
cost(18, 21, 40).
cost(18, 22, 85).
cost(18, 23, 36).
cost(18, 24, 93).
cost(18, 25, 97).
cost(18, 26, 84).
cost(18, 27, 94).
cost(18, 28, 14).
cost(19, 1, 28).
cost(19, 2, 93).
cost(19, 3, 21).
cost(19, 4, 97).
cost(19, 5, 56).
cost(19, 6, 114).
cost(19, 7, 19).
cost(19, 8, 39).
cost(19, 9, 24).
cost(19, 10, 47).
cost(19, 11, 90).
cost(19, 12, 96).
cost(19, 13, 90).
cost(19, 14, 86).
cost(19, 15, 86).
cost(19, 16, 26).
cost(19, 17, 79).
cost(19, 18, 98).
cost(19, 20, 76).
cost(19, 21, 98).
cost(19, 22, 16).
cost(19, 23, 94).
cost(19, 24, 28).
cost(19, 25, 15).
cost(19, 26, 33).
cost(19, 27, 38).
cost(19, 28, 98).
cost(20, 1, 61).
cost(20, 2, 28).
cost(20, 3, 85).
cost(20, 4, 22).
cost(20, 5, 75).
cost(20, 6, 39).
cost(20, 7, 58).
cost(20, 8, 64).
cost(20, 9, 93).
cost(20, 10, 61).
cost(20, 11, 43).
cost(20, 12, 42).
cost(20, 13, 15).
cost(20, 14, 30).
cost(20, 15, 14).
cost(20, 16, 84).
cost(20, 17, 18).
cost(20, 18, 28).
cost(20, 19, 76).
cost(20, 21, 56).
cost(20, 22, 66).
cost(20, 23, 51).
cost(20, 24, 78).
cost(20, 25, 79).
cost(20, 26, 70).
cost(20, 27, 82).
cost(20, 28, 36).
cost(21, 1, 70).
cost(21, 2, 32).
cost(21, 3, 93).
cost(21, 4, 52).
cost(21, 5, 59).
cost(21, 6, 54).
cost(21, 7, 85).
cost(21, 8, 63).
cost(21, 9, 101).
cost(21, 10, 55).
cost(21, 11, 13).
cost(21, 12, 17).
cost(21, 13, 62).
cost(21, 14, 26).
cost(21, 15, 46).
cost(21, 16, 89).
cost(21, 17, 38).
cost(21, 18, 40).
cost(21, 19, 98).
cost(21, 20, 56).
cost(21, 22, 82).
cost(21, 23, 5).
cost(21, 24, 81).
cost(21, 25, 90).
cost(21, 26, 72).
cost(21, 27, 79).
cost(21, 28, 26).
cost(22, 1, 13).
cost(22, 2, 79).
cost(22, 3, 20).
cost(22, 4, 86).
cost(22, 5, 42).
cost(22, 6, 102).
cost(22, 7, 16).
cost(22, 8, 24).
cost(22, 9, 27).
cost(22, 10, 32).
cost(22, 11, 75).
cost(22, 12, 82).
cost(22, 13, 80).
cost(22, 14, 72).
cost(22, 15, 74).
cost(22, 16, 21).
cost(22, 17, 66).
cost(22, 18, 85).
cost(22, 19, 16).
cost(22, 20, 66).
cost(22, 21, 82).
cost(22, 23, 78).
cost(22, 24, 19).
cost(22, 25, 13).
cost(22, 26, 19).
cost(22, 27, 28).
cost(22, 28, 83).
cost(23, 1, 67).
cost(23, 2, 29).
cost(23, 3, 90).
cost(23, 4, 48).
cost(23, 5, 57).
cost(23, 6, 51).
cost(23, 7, 81).
cost(23, 8, 60).
cost(23, 9, 98).
cost(23, 10, 52).
cost(23, 11, 8).
cost(23, 12, 14).
cost(23, 13, 58).
cost(23, 14, 22).
cost(23, 15, 41).
cost(23, 16, 86).
cost(23, 17, 34).
cost(23, 18, 36).
cost(23, 19, 94).
cost(23, 20, 51).
cost(23, 21, 5).
cost(23, 22, 78).
cost(23, 24, 78).
cost(23, 25, 87).
cost(23, 26, 69).
cost(23, 27, 76).
cost(23, 28, 23).
cost(24, 1, 17).
cost(24, 2, 86).
cost(24, 3, 12).
cost(24, 4, 96).
cost(24, 5, 29).
cost(24, 6, 110).
cost(24, 7, 35).
cost(24, 8, 18).
cost(24, 9, 20).
cost(24, 10, 27).
cost(24, 11, 77).
cost(24, 12, 85).
cost(24, 13, 92).
cost(24, 14, 77).
cost(24, 15, 83).
cost(24, 16, 8).
cost(24, 17, 74).
cost(24, 18, 93).
cost(24, 19, 28).
cost(24, 20, 78).
cost(24, 21, 81).
cost(24, 22, 19).
cost(24, 23, 78).
cost(24, 25, 14).
cost(24, 26, 9).
cost(24, 27, 10).
cost(24, 28, 88).
cost(25, 1, 21).
cost(25, 2, 91).
cost(25, 3, 8).
cost(25, 4, 98).
cost(25, 5, 43).
cost(25, 6, 114).
cost(25, 7, 27).
cost(25, 8, 28).
cost(25, 9, 15).
cost(25, 10, 37).
cost(25, 11, 85).
cost(25, 12, 92).
cost(25, 13, 93).
cost(25, 14, 83).
cost(25, 15, 86).
cost(25, 16, 11).
cost(25, 17, 78).
cost(25, 18, 97).
cost(25, 19, 15).
cost(25, 20, 79).
cost(25, 21, 90).
cost(25, 22, 13).
cost(25, 23, 87).
cost(25, 24, 14).
cost(25, 26, 20).
cost(25, 27, 23).
cost(25, 28, 94).
cost(26, 1, 11).
cost(26, 2, 77).
cost(26, 3, 21).
cost(26, 4, 87).
cost(26, 5, 23).
cost(26, 6, 102).
cost(26, 7, 34).
cost(26, 8, 9).
cost(26, 9, 30).
cost(26, 10, 17).
cost(26, 11, 68).
cost(26, 12, 75).
cost(26, 13, 85).
cost(26, 14, 68).
cost(26, 15, 75).
cost(26, 16, 17).
cost(26, 17, 65).
cost(26, 18, 84).
cost(26, 19, 33).
cost(26, 20, 70).
cost(26, 21, 72).
cost(26, 22, 19).
cost(26, 23, 69).
cost(26, 24, 9).
cost(26, 25, 20).
cost(26, 27, 12).
cost(26, 28, 79).
cost(27, 1, 23).
cost(27, 2, 87).
cost(27, 3, 20).
cost(27, 4, 98).
cost(27, 5, 23).
cost(27, 6, 112).
cost(27, 7, 44).
cost(27, 8, 18).
cost(27, 9, 26).
cost(27, 10, 25).
cost(27, 11, 76).
cost(27, 12, 84).
cost(27, 13, 97).
cost(27, 14, 78).
cost(27, 15, 86).
cost(27, 16, 14).
cost(27, 17, 76).
cost(27, 18, 94).
cost(27, 19, 38).
cost(27, 20, 82).
cost(27, 21, 79).
cost(27, 22, 28).
cost(27, 23, 76).
cost(27, 24, 10).
cost(27, 25, 23).
cost(27, 26, 12).
cost(27, 28, 88).
cost(28, 1, 74).
cost(28, 2, 8).
cost(28, 3, 99).
cost(28, 4, 27).
cost(28, 5, 73).
cost(28, 6, 29).
cost(28, 7, 82).
cost(28, 8, 71).
cost(28, 9, 107).
cost(28, 10, 64).
cost(28, 11, 16).
cost(28, 12, 8).
cost(28, 13, 38).
cost(28, 14, 11).
cost(28, 15, 23).
cost(28, 16, 96).
cost(28, 17, 21).
cost(28, 18, 14).
cost(28, 19, 98).
cost(28, 20, 36).
cost(28, 21, 26).
cost(28, 22, 83).
cost(28, 23, 23).
cost(28, 24, 88).
cost(28, 25, 94).
cost(28, 26, 79).
cost(28, 27, 88).
