dimension(28).
point(1, 44.8307363536, 57.4996569722).
point(2, 47.4056898758, 61.7508212778).
point(3, 72.9081681296, 20.089082046).
point(4, 62.0389629459, 82.2155925378).
point(5, 18.168768699, 82.2134497576).
point(6, 86.2623866117, 49.8358468842).
point(7, 69.5718933941, 22.8093462472).
point(8, 75.1238971263, 39.6649211647).
point(9, 60.4052828529, 31.3820122504).
point(10, 43.4210215301, 11.2581323769).
point(11, 52.5318270313, 76.6395798466).
point(12, 31.244814663, 90.1842546805).
point(13, 57.1618591477, 26.7493205493).
point(14, 54.7613643125, 70.020863352).
point(15, 36.5698958435, 9.9199157309).
point(16, 68.7780637229, 31.012288589).
point(17, 63.5903828903, 80.2294903231).
point(18, 47.1050082144, 17.2972444897).
point(19, 58.9201214642, 65.1141321223).
point(20, 65.0497072363, 90.8335798006).
point(21, 53.0358040319, 72.936962237).
point(22, 86.4735184407, 4.9031595416).
point(23, 37.2892519572, 75.7672942662).
point(24, 19.7934560819, 87.4250138592).
point(25, 50.9274366671, 67.8504451264).
point(26, 88.5898738201, 20.5803776331).
point(27, 49.793467235, 3.4040101888).
point(28, 56.452621864, 1.9127835621).
cost(1, 2, 5).
cost(1, 3, 47).
cost(1, 4, 30).
cost(1, 5, 36).
cost(1, 6, 42).
cost(1, 7, 43).
cost(1, 8, 35).
cost(1, 9, 30).
cost(1, 10, 46).
cost(1, 11, 21).
cost(1, 12, 35).
cost(1, 13, 33).
cost(1, 14, 16).
cost(1, 15, 48).
cost(1, 16, 36).
cost(1, 17, 29).
cost(1, 18, 40).
cost(1, 19, 16).
cost(1, 20, 39).
cost(1, 21, 17).
cost(1, 22, 67).
cost(1, 23, 20).
cost(1, 24, 39).
cost(1, 25, 12).
cost(1, 26, 57).
cost(1, 27, 54).
cost(1, 28, 57).
cost(2, 1, 5).
cost(2, 3, 49).
cost(2, 4, 25).
cost(2, 5, 36).
cost(2, 6, 41).
cost(2, 7, 45).
cost(2, 8, 35).
cost(2, 9, 33).
cost(2, 10, 51).
cost(2, 11, 16).
cost(2, 12, 33).
cost(2, 13, 36).
cost(2, 14, 11).
cost(2, 15, 53).
cost(2, 16, 37).
cost(2, 17, 25).
cost(2, 18, 44).
cost(2, 19, 12).
cost(2, 20, 34).
cost(2, 21, 13).
cost(2, 22, 69).
cost(2, 23, 17).
cost(2, 24, 38).
cost(2, 25, 7).
cost(2, 26, 58).
cost(2, 27, 58).
cost(2, 28, 61).
cost(3, 1, 47).
cost(3, 2, 49).
cost(3, 4, 63).
cost(3, 5, 83).
cost(3, 6, 33).
cost(3, 7, 4).
cost(3, 8, 20).
cost(3, 9, 17).
cost(3, 10, 31).
cost(3, 11, 60).
cost(3, 12, 82).
cost(3, 13, 17).
cost(3, 14, 53).
cost(3, 15, 38).
cost(3, 16, 12).
cost(3, 17, 61).
cost(3, 18, 26).
cost(3, 19, 47).
cost(3, 20, 71).
cost(3, 21, 56).
cost(3, 22, 20).
cost(3, 23, 66).
cost(3, 24, 86).
cost(3, 25, 53).
cost(3, 26, 16).
cost(3, 27, 29).
cost(3, 28, 25).
cost(4, 1, 30).
cost(4, 2, 25).
cost(4, 3, 63).
cost(4, 5, 44).
cost(4, 6, 40).
cost(4, 7, 60).
cost(4, 8, 45).
cost(4, 9, 51).
cost(4, 10, 73).
cost(4, 11, 11).
cost(4, 12, 32).
cost(4, 13, 56).
cost(4, 14, 14).
cost(4, 15, 77).
cost(4, 16, 52).
cost(4, 17, 3).
cost(4, 18, 67).
cost(4, 19, 17).
cost(4, 20, 9).
cost(4, 21, 13).
cost(4, 22, 81).
cost(4, 23, 26).
cost(4, 24, 43).
cost(4, 25, 18).
cost(4, 26, 67).
cost(4, 27, 80).
cost(4, 28, 80).
cost(5, 1, 36).
cost(5, 2, 36).
cost(5, 3, 83).
cost(5, 4, 44).
cost(5, 6, 75).
cost(5, 7, 79).
cost(5, 8, 71).
cost(5, 9, 66).
cost(5, 10, 75).
cost(5, 11, 35).
cost(5, 12, 15).
cost(5, 13, 68).
cost(5, 14, 39).
cost(5, 15, 75).
cost(5, 16, 72).
cost(5, 17, 45).
cost(5, 18, 71).
cost(5, 19, 44).
cost(5, 20, 48).
cost(5, 21, 36).
cost(5, 22, 103).
cost(5, 23, 20).
cost(5, 24, 5).
cost(5, 25, 36).
cost(5, 26, 94).
cost(5, 27, 85).
cost(5, 28, 89).
cost(6, 1, 42).
cost(6, 2, 41).
cost(6, 3, 33).
cost(6, 4, 40).
cost(6, 5, 75).
cost(6, 7, 32).
cost(6, 8, 15).
cost(6, 9, 32).
cost(6, 10, 58).
cost(6, 11, 43).
cost(6, 12, 68).
cost(6, 13, 37).
cost(6, 14, 37).
cost(6, 15, 64).
cost(6, 16, 26).
cost(6, 17, 38).
cost(6, 18, 51).
cost(6, 19, 31).
cost(6, 20, 46).
cost(6, 21, 40).
cost(6, 22, 45).
cost(6, 23, 55).
cost(6, 24, 76).
cost(6, 25, 40).
cost(6, 26, 29).
cost(6, 27, 59).
cost(6, 28, 56).
cost(7, 1, 43).
cost(7, 2, 45).
cost(7, 3, 4).
cost(7, 4, 60).
cost(7, 5, 79).
cost(7, 6, 32).
cost(7, 8, 18).
cost(7, 9, 13).
cost(7, 10, 29).
cost(7, 11, 56).
cost(7, 12, 78).
cost(7, 13, 13).
cost(7, 14, 49).
cost(7, 15, 35).
cost(7, 16, 8).
cost(7, 17, 58).
cost(7, 18, 23).
cost(7, 19, 44).
cost(7, 20, 68).
cost(7, 21, 53).
cost(7, 22, 25).
cost(7, 23, 62).
cost(7, 24, 82).
cost(7, 25, 49).
cost(7, 26, 19).
cost(7, 27, 28).
cost(7, 28, 25).
cost(8, 1, 35).
cost(8, 2, 35).
cost(8, 3, 20).
cost(8, 4, 45).
cost(8, 5, 71).
cost(8, 6, 15).
cost(8, 7, 18).
cost(8, 9, 17).
cost(8, 10, 43).
cost(8, 11, 43).
cost(8, 12, 67).
cost(8, 13, 22).
cost(8, 14, 37).
cost(8, 15, 49).
cost(8, 16, 11).
cost(8, 17, 42).
cost(8, 18, 36).
cost(8, 19, 30).
cost(8, 20, 52).
cost(8, 21, 40).
cost(8, 22, 37).
cost(8, 23, 52).
cost(8, 24, 73).
cost(8, 25, 37).
cost(8, 26, 23).
cost(8, 27, 44).
cost(8, 28, 42).
cost(9, 1, 30).
cost(9, 2, 33).
cost(9, 3, 17).
cost(9, 4, 51).
cost(9, 5, 66).
cost(9, 6, 32).
cost(9, 7, 13).
cost(9, 8, 17).
cost(9, 10, 26).
cost(9, 11, 46).
cost(9, 12, 66).
cost(9, 13, 6).
cost(9, 14, 39).
cost(9, 15, 32).
cost(9, 16, 8).
cost(9, 17, 49).
cost(9, 18, 19).
cost(9, 19, 34).
cost(9, 20, 60).
cost(9, 21, 42).
cost(9, 22, 37).
cost(9, 23, 50).
cost(9, 24, 69).
cost(9, 25, 38).
cost(9, 26, 30).
cost(9, 27, 30).
cost(9, 28, 30).
cost(10, 1, 46).
cost(10, 2, 51).
cost(10, 3, 31).
cost(10, 4, 73).
cost(10, 5, 75).
cost(10, 6, 58).
cost(10, 7, 29).
cost(10, 8, 43).
cost(10, 9, 26).
cost(10, 11, 66).
cost(10, 12, 80).
cost(10, 13, 21).
cost(10, 14, 60).
cost(10, 15, 7).
cost(10, 16, 32).
cost(10, 17, 72).
cost(10, 18, 7).
cost(10, 19, 56).
cost(10, 20, 82).
cost(10, 21, 62).
cost(10, 22, 44).
cost(10, 23, 65).
cost(10, 24, 80).
cost(10, 25, 57).
cost(10, 26, 46).
cost(10, 27, 10).
cost(10, 28, 16).
cost(11, 1, 21).
cost(11, 2, 16).
cost(11, 3, 60).
cost(11, 4, 11).
cost(11, 5, 35).
cost(11, 6, 43).
cost(11, 7, 56).
cost(11, 8, 43).
cost(11, 9, 46).
cost(11, 10, 66).
cost(11, 12, 25).
cost(11, 13, 50).
cost(11, 14, 7).
cost(11, 15, 69).
cost(11, 16, 48).
cost(11, 17, 12).
cost(11, 18, 60).
cost(11, 19, 13).
cost(11, 20, 19).
cost(11, 21, 4).
cost(11, 22, 79).
cost(11, 23, 15).
cost(11, 24, 34).
cost(11, 25, 9).
cost(11, 26, 67).
cost(11, 27, 73).
cost(11, 28, 75).
cost(12, 1, 35).
cost(12, 2, 33).
cost(12, 3, 82).
cost(12, 4, 32).
cost(12, 5, 15).
cost(12, 6, 68).
cost(12, 7, 78).
cost(12, 8, 67).
cost(12, 9, 66).
cost(12, 10, 80).
cost(12, 11, 25).
cost(12, 13, 69).
cost(12, 14, 31).
cost(12, 15, 80).
cost(12, 16, 70).
cost(12, 17, 34).
cost(12, 18, 75).
cost(12, 19, 37).
cost(12, 20, 34).
cost(12, 21, 28).
cost(12, 22, 102).
cost(12, 23, 16).
cost(12, 24, 12).
cost(12, 25, 30).
cost(12, 26, 90).
cost(12, 27, 89).
cost(12, 28, 92).
cost(13, 1, 33).
cost(13, 2, 36).
cost(13, 3, 17).
cost(13, 4, 56).
cost(13, 5, 68).
cost(13, 6, 37).
cost(13, 7, 13).
cost(13, 8, 22).
cost(13, 9, 6).
cost(13, 10, 21).
cost(13, 11, 50).
cost(13, 12, 69).
cost(13, 14, 43).
cost(13, 15, 27).
cost(13, 16, 12).
cost(13, 17, 54).
cost(13, 18, 14).
cost(13, 19, 38).
cost(13, 20, 65).
cost(13, 21, 46).
cost(13, 22, 37).
cost(13, 23, 53).
cost(13, 24, 71).
cost(13, 25, 42).
cost(13, 26, 32).
cost(13, 27, 24).
cost(13, 28, 25).
cost(14, 1, 16).
cost(14, 2, 11).
cost(14, 3, 53).
cost(14, 4, 14).
cost(14, 5, 39).
cost(14, 6, 37).
cost(14, 7, 49).
cost(14, 8, 37).
cost(14, 9, 39).
cost(14, 10, 60).
cost(14, 11, 7).
cost(14, 12, 31).
cost(14, 13, 43).
cost(14, 15, 63).
cost(14, 16, 41).
cost(14, 17, 13).
cost(14, 18, 53).
cost(14, 19, 6).
cost(14, 20, 23).
cost(14, 21, 3).
cost(14, 22, 72).
cost(14, 23, 18).
cost(14, 24, 39).
cost(14, 25, 4).
cost(14, 26, 60).
cost(14, 27, 67).
cost(14, 28, 68).
cost(15, 1, 48).
cost(15, 2, 53).
cost(15, 3, 38).
cost(15, 4, 77).
cost(15, 5, 75).
cost(15, 6, 64).
cost(15, 7, 35).
cost(15, 8, 49).
cost(15, 9, 32).
cost(15, 10, 7).
cost(15, 11, 69).
cost(15, 12, 80).
cost(15, 13, 27).
cost(15, 14, 63).
cost(15, 16, 39).
cost(15, 17, 75).
cost(15, 18, 13).
cost(15, 19, 60).
cost(15, 20, 86).
cost(15, 21, 65).
cost(15, 22, 50).
cost(15, 23, 66).
cost(15, 24, 79).
cost(15, 25, 60).
cost(15, 26, 53).
cost(15, 27, 15).
cost(15, 28, 21).
cost(16, 1, 36).
cost(16, 2, 37).
cost(16, 3, 12).
cost(16, 4, 52).
cost(16, 5, 72).
cost(16, 6, 26).
cost(16, 7, 8).
cost(16, 8, 11).
cost(16, 9, 8).
cost(16, 10, 32).
cost(16, 11, 48).
cost(16, 12, 70).
cost(16, 13, 12).
cost(16, 14, 41).
cost(16, 15, 39).
cost(16, 17, 49).
cost(16, 18, 26).
cost(16, 19, 35).
cost(16, 20, 60).
cost(16, 21, 45).
cost(16, 22, 32).
cost(16, 23, 55).
cost(16, 24, 75).
cost(16, 25, 41).
cost(16, 26, 22).
cost(16, 27, 34).
cost(16, 28, 32).
cost(17, 1, 29).
cost(17, 2, 25).
cost(17, 3, 61).
cost(17, 4, 3).
cost(17, 5, 45).
cost(17, 6, 38).
cost(17, 7, 58).
cost(17, 8, 42).
cost(17, 9, 49).
cost(17, 10, 72).
cost(17, 11, 12).
cost(17, 12, 34).
cost(17, 13, 54).
cost(17, 14, 13).
cost(17, 15, 75).
cost(17, 16, 49).
cost(17, 18, 65).
cost(17, 19, 16).
cost(17, 20, 11).
cost(17, 21, 13).
cost(17, 22, 79).
cost(17, 23, 27).
cost(17, 24, 44).
cost(17, 25, 18).
cost(17, 26, 65).
cost(17, 27, 78).
cost(17, 28, 79).
cost(18, 1, 40).
cost(18, 2, 44).
cost(18, 3, 26).
cost(18, 4, 67).
cost(18, 5, 71).
cost(18, 6, 51).
cost(18, 7, 23).
cost(18, 8, 36).
cost(18, 9, 19).
cost(18, 10, 7).
cost(18, 11, 60).
cost(18, 12, 75).
cost(18, 13, 14).
cost(18, 14, 53).
cost(18, 15, 13).
cost(18, 16, 26).
cost(18, 17, 65).
cost(18, 19, 49).
cost(18, 20, 76).
cost(18, 21, 56).
cost(18, 22, 41).
cost(18, 23, 59).
cost(18, 24, 75).
cost(18, 25, 51).
cost(18, 26, 42).
cost(18, 27, 14).
cost(18, 28, 18).
cost(19, 1, 16).
cost(19, 2, 12).
cost(19, 3, 47).
cost(19, 4, 17).
cost(19, 5, 44).
cost(19, 6, 31).
cost(19, 7, 44).
cost(19, 8, 30).
cost(19, 9, 34).
cost(19, 10, 56).
cost(19, 11, 13).
cost(19, 12, 37).
cost(19, 13, 38).
cost(19, 14, 6).
cost(19, 15, 60).
cost(19, 16, 35).
cost(19, 17, 16).
cost(19, 18, 49).
cost(19, 20, 26).
cost(19, 21, 10).
cost(19, 22, 66).
cost(19, 23, 24).
cost(19, 24, 45).
cost(19, 25, 8).
cost(19, 26, 54).
cost(19, 27, 62).
cost(19, 28, 63).
cost(20, 1, 39).
cost(20, 2, 34).
cost(20, 3, 71).
cost(20, 4, 9).
cost(20, 5, 48).
cost(20, 6, 46).
cost(20, 7, 68).
cost(20, 8, 52).
cost(20, 9, 60).
cost(20, 10, 82).
cost(20, 11, 19).
cost(20, 12, 34).
cost(20, 13, 65).
cost(20, 14, 23).
cost(20, 15, 86).
cost(20, 16, 60).
cost(20, 17, 11).
cost(20, 18, 76).
cost(20, 19, 26).
cost(20, 21, 22).
cost(20, 22, 89).
cost(20, 23, 32).
cost(20, 24, 45).
cost(20, 25, 27).
cost(20, 26, 74).
cost(20, 27, 89).
cost(20, 28, 89).
cost(21, 1, 17).
cost(21, 2, 13).
cost(21, 3, 56).
cost(21, 4, 13).
cost(21, 5, 36).
cost(21, 6, 40).
cost(21, 7, 53).
cost(21, 8, 40).
cost(21, 9, 42).
cost(21, 10, 62).
cost(21, 11, 4).
cost(21, 12, 28).
cost(21, 13, 46).
cost(21, 14, 3).
cost(21, 15, 65).
cost(21, 16, 45).
cost(21, 17, 13).
cost(21, 18, 56).
cost(21, 19, 10).
cost(21, 20, 22).
cost(21, 22, 76).
cost(21, 23, 16).
cost(21, 24, 36).
cost(21, 25, 6).
cost(21, 26, 63).
cost(21, 27, 70).
cost(21, 28, 71).
cost(22, 1, 67).
cost(22, 2, 69).
cost(22, 3, 20).
cost(22, 4, 81).
cost(22, 5, 103).
cost(22, 6, 45).
cost(22, 7, 25).
cost(22, 8, 37).
cost(22, 9, 37).
cost(22, 10, 44).
cost(22, 11, 79).
cost(22, 12, 102).
cost(22, 13, 37).
cost(22, 14, 72).
cost(22, 15, 50).
cost(22, 16, 32).
cost(22, 17, 79).
cost(22, 18, 41).
cost(22, 19, 66).
cost(22, 20, 89).
cost(22, 21, 76).
cost(22, 23, 86).
cost(22, 24, 106).
cost(22, 25, 72).
cost(22, 26, 16).
cost(22, 27, 37).
cost(22, 28, 30).
cost(23, 1, 20).
cost(23, 2, 17).
cost(23, 3, 66).
cost(23, 4, 26).
cost(23, 5, 20).
cost(23, 6, 55).
cost(23, 7, 62).
cost(23, 8, 52).
cost(23, 9, 50).
cost(23, 10, 65).
cost(23, 11, 15).
cost(23, 12, 16).
cost(23, 13, 53).
cost(23, 14, 18).
cost(23, 15, 66).
cost(23, 16, 55).
cost(23, 17, 27).
cost(23, 18, 59).
cost(23, 19, 24).
cost(23, 20, 32).
cost(23, 21, 16).
cost(23, 22, 86).
cost(23, 24, 21).
cost(23, 25, 16).
cost(23, 26, 75).
cost(23, 27, 73).
cost(23, 28, 76).
cost(24, 1, 39).
cost(24, 2, 38).
cost(24, 3, 86).
cost(24, 4, 43).
cost(24, 5, 5).
cost(24, 6, 76).
cost(24, 7, 82).
cost(24, 8, 73).
cost(24, 9, 69).
cost(24, 10, 80).
cost(24, 11, 34).
cost(24, 12, 12).
cost(24, 13, 71).
cost(24, 14, 39).
cost(24, 15, 79).
cost(24, 16, 75).
cost(24, 17, 44).
cost(24, 18, 75).
cost(24, 19, 45).
cost(24, 20, 45).
cost(24, 21, 36).
cost(24, 22, 106).
cost(24, 23, 21).
cost(24, 25, 37).
cost(24, 26, 96).
cost(24, 27, 89).
cost(24, 28, 93).
cost(25, 1, 12).
cost(25, 2, 7).
cost(25, 3, 53).
cost(25, 4, 18).
cost(25, 5, 36).
cost(25, 6, 40).
cost(25, 7, 49).
cost(25, 8, 37).
cost(25, 9, 38).
cost(25, 10, 57).
cost(25, 11, 9).
cost(25, 12, 30).
cost(25, 13, 42).
cost(25, 14, 4).
cost(25, 15, 60).
cost(25, 16, 41).
cost(25, 17, 18).
cost(25, 18, 51).
cost(25, 19, 8).
cost(25, 20, 27).
cost(25, 21, 6).
cost(25, 22, 72).
cost(25, 23, 16).
cost(25, 24, 37).
cost(25, 26, 60).
cost(25, 27, 64).
cost(25, 28, 66).
cost(26, 1, 57).
cost(26, 2, 58).
cost(26, 3, 16).
cost(26, 4, 67).
cost(26, 5, 94).
cost(26, 6, 29).
cost(26, 7, 19).
cost(26, 8, 23).
cost(26, 9, 30).
cost(26, 10, 46).
cost(26, 11, 67).
cost(26, 12, 90).
cost(26, 13, 32).
cost(26, 14, 60).
cost(26, 15, 53).
cost(26, 16, 22).
cost(26, 17, 65).
cost(26, 18, 42).
cost(26, 19, 54).
cost(26, 20, 74).
cost(26, 21, 63).
cost(26, 22, 16).
cost(26, 23, 75).
cost(26, 24, 96).
cost(26, 25, 60).
cost(26, 27, 42).
cost(26, 28, 37).
cost(27, 1, 54).
cost(27, 2, 58).
cost(27, 3, 29).
cost(27, 4, 80).
cost(27, 5, 85).
cost(27, 6, 59).
cost(27, 7, 28).
cost(27, 8, 44).
cost(27, 9, 30).
cost(27, 10, 10).
cost(27, 11, 73).
cost(27, 12, 89).
cost(27, 13, 24).
cost(27, 14, 67).
cost(27, 15, 15).
cost(27, 16, 34).
cost(27, 17, 78).
cost(27, 18, 14).
cost(27, 19, 62).
cost(27, 20, 89).
cost(27, 21, 70).
cost(27, 22, 37).
cost(27, 23, 73).
cost(27, 24, 89).
cost(27, 25, 64).
cost(27, 26, 42).
cost(27, 28, 7).
cost(28, 1, 57).
cost(28, 2, 61).
cost(28, 3, 25).
cost(28, 4, 80).
cost(28, 5, 89).
cost(28, 6, 56).
cost(28, 7, 25).
cost(28, 8, 42).
cost(28, 9, 30).
cost(28, 10, 16).
cost(28, 11, 75).
cost(28, 12, 92).
cost(28, 13, 25).
cost(28, 14, 68).
cost(28, 15, 21).
cost(28, 16, 32).
cost(28, 17, 79).
cost(28, 18, 18).
cost(28, 19, 63).
cost(28, 20, 89).
cost(28, 21, 71).
cost(28, 22, 30).
cost(28, 23, 76).
cost(28, 24, 93).
cost(28, 25, 66).
cost(28, 26, 37).
cost(28, 27, 7).
