dimension(28).
point(1, 3.2336084066, 52.8912423661).
point(2, 28.4262957966, 45.3388873706).
point(3, 92.4055013885, 59.9687404706).
point(4, 84.6613292905, 37.8363212846).
point(5, 29.0674663808, 50.0161088743).
point(6, 68.2098802058, 11.3544656495).
point(7, 84.5754815554, 14.3215049241).
point(8, 85.0317282315, 68.6018363644).
point(9, 30.6369645335, 26.3580273167).
point(10, 74.6599620299, 22.1674535481).
point(11, 50.5217543066, 70.4041305526).
point(12, 22.1920963331, 78.950912432).
point(13, 67.4674775907, 28.2051753956).
point(14, 11.5837513113, 72.0833836922).
point(15, 89.1553165857, 46.5019022685).
point(16, 28.6148293712, 71.3255839794).
point(17, 40.2607001962, 81.967839137).
point(18, 32.3308216608, 62.5419507209).
point(19, 52.4589060052, 56.5505430358).
point(20, 76.765150433, 33.5559220541).
point(21, 97.3113694586, 48.9644987056).
point(22, 79.8406960492, 50.7296090878).
point(23, 39.5330798465, 31.8457719247).
point(24, 41.7275451341, 58.5294944038).
point(25, 26.8427899629, 21.5486042823).
point(26, 86.429934275, 24.5599728308).
point(27, 97.2765517311, 11.3388855961).
point(28, 89.0054924803, 55.407733933).
cost(1, 2, 26).
cost(1, 3, 89).
cost(1, 4, 83).
cost(1, 5, 26).
cost(1, 6, 77).
cost(1, 7, 90).
cost(1, 8, 83).
cost(1, 9, 38).
cost(1, 10, 78).
cost(1, 11, 50).
cost(1, 12, 32).
cost(1, 13, 69).
cost(1, 14, 21).
cost(1, 15, 86).
cost(1, 16, 31).
cost(1, 17, 47).
cost(1, 18, 31).
cost(1, 19, 49).
cost(1, 20, 76).
cost(1, 21, 94).
cost(1, 22, 77).
cost(1, 23, 42).
cost(1, 24, 39).
cost(1, 25, 39).
cost(1, 26, 88).
cost(1, 27, 103).
cost(1, 28, 86).
cost(2, 1, 26).
cost(2, 3, 66).
cost(2, 4, 57).
cost(2, 5, 5).
cost(2, 6, 52).
cost(2, 7, 64).
cost(2, 8, 61).
cost(2, 9, 19).
cost(2, 10, 52).
cost(2, 11, 33).
cost(2, 12, 34).
cost(2, 13, 43).
cost(2, 14, 32).
cost(2, 15, 61).
cost(2, 16, 26).
cost(2, 17, 38).
cost(2, 18, 18).
cost(2, 19, 27).
cost(2, 20, 50).
cost(2, 21, 69).
cost(2, 22, 52).
cost(2, 23, 17).
cost(2, 24, 19).
cost(2, 25, 24).
cost(2, 26, 62).
cost(2, 27, 77).
cost(2, 28, 61).
cost(3, 1, 89).
cost(3, 2, 66).
cost(3, 4, 23).
cost(3, 5, 64).
cost(3, 6, 54).
cost(3, 7, 46).
cost(3, 8, 11).
cost(3, 9, 70).
cost(3, 10, 42).
cost(3, 11, 43).
cost(3, 12, 73).
cost(3, 13, 40).
cost(3, 14, 82).
cost(3, 15, 14).
cost(3, 16, 65).
cost(3, 17, 57).
cost(3, 18, 60).
cost(3, 19, 40).
cost(3, 20, 31).
cost(3, 21, 12).
cost(3, 22, 16).
cost(3, 23, 60).
cost(3, 24, 51).
cost(3, 25, 76).
cost(3, 26, 36).
cost(3, 27, 49).
cost(3, 28, 6).
cost(4, 1, 83).
cost(4, 2, 57).
cost(4, 3, 23).
cost(4, 5, 57).
cost(4, 6, 31).
cost(4, 7, 24).
cost(4, 8, 31).
cost(4, 9, 55).
cost(4, 10, 19).
cost(4, 11, 47).
cost(4, 12, 75).
cost(4, 13, 20).
cost(4, 14, 81).
cost(4, 15, 10).
cost(4, 16, 65).
cost(4, 17, 63).
cost(4, 18, 58).
cost(4, 19, 37).
cost(4, 20, 9).
cost(4, 21, 17).
cost(4, 22, 14).
cost(4, 23, 46).
cost(4, 24, 48).
cost(4, 25, 60).
cost(4, 26, 13).
cost(4, 27, 29).
cost(4, 28, 18).
cost(5, 1, 26).
cost(5, 2, 5).
cost(5, 3, 64).
cost(5, 4, 57).
cost(5, 6, 55).
cost(5, 7, 66).
cost(5, 8, 59).
cost(5, 9, 24).
cost(5, 10, 53).
cost(5, 11, 30).
cost(5, 12, 30).
cost(5, 13, 44).
cost(5, 14, 28).
cost(5, 15, 60).
cost(5, 16, 21).
cost(5, 17, 34).
cost(5, 18, 13).
cost(5, 19, 24).
cost(5, 20, 50).
cost(5, 21, 68).
cost(5, 22, 51).
cost(5, 23, 21).
cost(5, 24, 15).
cost(5, 25, 29).
cost(5, 26, 63).
cost(5, 27, 78).
cost(5, 28, 60).
cost(6, 1, 77).
cost(6, 2, 52).
cost(6, 3, 54).
cost(6, 4, 31).
cost(6, 5, 55).
cost(6, 7, 17).
cost(6, 8, 60).
cost(6, 9, 40).
cost(6, 10, 13).
cost(6, 11, 62).
cost(6, 12, 82).
cost(6, 13, 17).
cost(6, 14, 83).
cost(6, 15, 41).
cost(6, 16, 72).
cost(6, 17, 76).
cost(6, 18, 63).
cost(6, 19, 48).
cost(6, 20, 24).
cost(6, 21, 48).
cost(6, 22, 41).
cost(6, 23, 35).
cost(6, 24, 54).
cost(6, 25, 43).
cost(6, 26, 23).
cost(6, 27, 29).
cost(6, 28, 49).
cost(7, 1, 90).
cost(7, 2, 64).
cost(7, 3, 46).
cost(7, 4, 24).
cost(7, 5, 66).
cost(7, 6, 17).
cost(7, 8, 54).
cost(7, 9, 55).
cost(7, 10, 13).
cost(7, 11, 66).
cost(7, 12, 90).
cost(7, 13, 22).
cost(7, 14, 93).
cost(7, 15, 33).
cost(7, 16, 80).
cost(7, 17, 81).
cost(7, 18, 71).
cost(7, 19, 53).
cost(7, 20, 21).
cost(7, 21, 37).
cost(7, 22, 37).
cost(7, 23, 48).
cost(7, 24, 62).
cost(7, 25, 58).
cost(7, 26, 10).
cost(7, 27, 13).
cost(7, 28, 41).
cost(8, 1, 83).
cost(8, 2, 61).
cost(8, 3, 11).
cost(8, 4, 31).
cost(8, 5, 59).
cost(8, 6, 60).
cost(8, 7, 54).
cost(8, 9, 69).
cost(8, 10, 48).
cost(8, 11, 35).
cost(8, 12, 64).
cost(8, 13, 44).
cost(8, 14, 74).
cost(8, 15, 22).
cost(8, 16, 56).
cost(8, 17, 47).
cost(8, 18, 53).
cost(8, 19, 35).
cost(8, 20, 36).
cost(8, 21, 23).
cost(8, 22, 19).
cost(8, 23, 58).
cost(8, 24, 44).
cost(8, 25, 75).
cost(8, 26, 44).
cost(8, 27, 59).
cost(8, 28, 14).
cost(9, 1, 38).
cost(9, 2, 19).
cost(9, 3, 70).
cost(9, 4, 55).
cost(9, 5, 24).
cost(9, 6, 40).
cost(9, 7, 55).
cost(9, 8, 69).
cost(9, 10, 44).
cost(9, 11, 48).
cost(9, 12, 53).
cost(9, 13, 37).
cost(9, 14, 50).
cost(9, 15, 62).
cost(9, 16, 45).
cost(9, 17, 56).
cost(9, 18, 36).
cost(9, 19, 37).
cost(9, 20, 47).
cost(9, 21, 70).
cost(9, 22, 55).
cost(9, 23, 10).
cost(9, 24, 34).
cost(9, 25, 6).
cost(9, 26, 56).
cost(9, 27, 68).
cost(9, 28, 65).
cost(10, 1, 78).
cost(10, 2, 52).
cost(10, 3, 42).
cost(10, 4, 19).
cost(10, 5, 53).
cost(10, 6, 13).
cost(10, 7, 13).
cost(10, 8, 48).
cost(10, 9, 44).
cost(10, 11, 54).
cost(10, 12, 77).
cost(10, 13, 9).
cost(10, 14, 80).
cost(10, 15, 28).
cost(10, 16, 67).
cost(10, 17, 69).
cost(10, 18, 58).
cost(10, 19, 41).
cost(10, 20, 12).
cost(10, 21, 35).
cost(10, 22, 29).
cost(10, 23, 36).
cost(10, 24, 49).
cost(10, 25, 48).
cost(10, 26, 12).
cost(10, 27, 25).
cost(10, 28, 36).
cost(11, 1, 50).
cost(11, 2, 33).
cost(11, 3, 43).
cost(11, 4, 47).
cost(11, 5, 30).
cost(11, 6, 62).
cost(11, 7, 66).
cost(11, 8, 35).
cost(11, 9, 48).
cost(11, 10, 54).
cost(11, 12, 30).
cost(11, 13, 45).
cost(11, 14, 39).
cost(11, 15, 45).
cost(11, 16, 22).
cost(11, 17, 15).
cost(11, 18, 20).
cost(11, 19, 14).
cost(11, 20, 45).
cost(11, 21, 51).
cost(11, 22, 35).
cost(11, 23, 40).
cost(11, 24, 15).
cost(11, 25, 54).
cost(11, 26, 58).
cost(11, 27, 75).
cost(11, 28, 41).
cost(12, 1, 32).
cost(12, 2, 34).
cost(12, 3, 73).
cost(12, 4, 75).
cost(12, 5, 30).
cost(12, 6, 82).
cost(12, 7, 90).
cost(12, 8, 64).
cost(12, 9, 53).
cost(12, 10, 77).
cost(12, 11, 30).
cost(12, 13, 68).
cost(12, 14, 13).
cost(12, 15, 74).
cost(12, 16, 10).
cost(12, 17, 18).
cost(12, 18, 19).
cost(12, 19, 38).
cost(12, 20, 71).
cost(12, 21, 81).
cost(12, 22, 64).
cost(12, 23, 50).
cost(12, 24, 28).
cost(12, 25, 58).
cost(12, 26, 84).
cost(12, 27, 101).
cost(12, 28, 71).
cost(13, 1, 69).
cost(13, 2, 43).
cost(13, 3, 40).
cost(13, 4, 20).
cost(13, 5, 44).
cost(13, 6, 17).
cost(13, 7, 22).
cost(13, 8, 44).
cost(13, 9, 37).
cost(13, 10, 9).
cost(13, 11, 45).
cost(13, 12, 68).
cost(13, 14, 71).
cost(13, 15, 28).
cost(13, 16, 58).
cost(13, 17, 60).
cost(13, 18, 49).
cost(13, 19, 32).
cost(13, 20, 11).
cost(13, 21, 36).
cost(13, 22, 26).
cost(13, 23, 28).
cost(13, 24, 40).
cost(13, 25, 41).
cost(13, 26, 19).
cost(13, 27, 34).
cost(13, 28, 35).
cost(14, 1, 21).
cost(14, 2, 32).
cost(14, 3, 82).
cost(14, 4, 81).
cost(14, 5, 28).
cost(14, 6, 83).
cost(14, 7, 93).
cost(14, 8, 74).
cost(14, 9, 50).
cost(14, 10, 80).
cost(14, 11, 39).
cost(14, 12, 13).
cost(14, 13, 71).
cost(14, 15, 82).
cost(14, 16, 17).
cost(14, 17, 30).
cost(14, 18, 23).
cost(14, 19, 44).
cost(14, 20, 76).
cost(14, 21, 89).
cost(14, 22, 72).
cost(14, 23, 49).
cost(14, 24, 33).
cost(14, 25, 53).
cost(14, 26, 89).
cost(14, 27, 105).
cost(14, 28, 79).
cost(15, 1, 86).
cost(15, 2, 61).
cost(15, 3, 14).
cost(15, 4, 10).
cost(15, 5, 60).
cost(15, 6, 41).
cost(15, 7, 33).
cost(15, 8, 22).
cost(15, 9, 62).
cost(15, 10, 28).
cost(15, 11, 45).
cost(15, 12, 74).
cost(15, 13, 28).
cost(15, 14, 82).
cost(15, 16, 65).
cost(15, 17, 60).
cost(15, 18, 59).
cost(15, 19, 38).
cost(15, 20, 18).
cost(15, 21, 9).
cost(15, 22, 10).
cost(15, 23, 52).
cost(15, 24, 49).
cost(15, 25, 67).
cost(15, 26, 22).
cost(15, 27, 36).
cost(15, 28, 9).
cost(16, 1, 31).
cost(16, 2, 26).
cost(16, 3, 65).
cost(16, 4, 65).
cost(16, 5, 21).
cost(16, 6, 72).
cost(16, 7, 80).
cost(16, 8, 56).
cost(16, 9, 45).
cost(16, 10, 67).
cost(16, 11, 22).
cost(16, 12, 10).
cost(16, 13, 58).
cost(16, 14, 17).
cost(16, 15, 65).
cost(16, 17, 16).
cost(16, 18, 10).
cost(16, 19, 28).
cost(16, 20, 61).
cost(16, 21, 72).
cost(16, 22, 55).
cost(16, 23, 41).
cost(16, 24, 18).
cost(16, 25, 50).
cost(16, 26, 74).
cost(16, 27, 91).
cost(16, 28, 62).
cost(17, 1, 47).
cost(17, 2, 38).
cost(17, 3, 57).
cost(17, 4, 63).
cost(17, 5, 34).
cost(17, 6, 76).
cost(17, 7, 81).
cost(17, 8, 47).
cost(17, 9, 56).
cost(17, 10, 69).
cost(17, 11, 15).
cost(17, 12, 18).
cost(17, 13, 60).
cost(17, 14, 30).
cost(17, 15, 60).
cost(17, 16, 16).
cost(17, 18, 21).
cost(17, 19, 28).
cost(17, 20, 61).
cost(17, 21, 66).
cost(17, 22, 50).
cost(17, 23, 50).
cost(17, 24, 23).
cost(17, 25, 62).
cost(17, 26, 74).
cost(17, 27, 91).
cost(17, 28, 56).
cost(18, 1, 31).
cost(18, 2, 18).
cost(18, 3, 60).
cost(18, 4, 58).
cost(18, 5, 13).
cost(18, 6, 63).
cost(18, 7, 71).
cost(18, 8, 53).
cost(18, 9, 36).
cost(18, 10, 58).
cost(18, 11, 20).
cost(18, 12, 19).
cost(18, 13, 49).
cost(18, 14, 23).
cost(18, 15, 59).
cost(18, 16, 10).
cost(18, 17, 21).
cost(18, 19, 21).
cost(18, 20, 53).
cost(18, 21, 66).
cost(18, 22, 49).
cost(18, 23, 32).
cost(18, 24, 10).
cost(18, 25, 41).
cost(18, 26, 66).
cost(18, 27, 83).
cost(18, 28, 57).
cost(19, 1, 49).
cost(19, 2, 27).
cost(19, 3, 40).
cost(19, 4, 37).
cost(19, 5, 24).
cost(19, 6, 48).
cost(19, 7, 53).
cost(19, 8, 35).
cost(19, 9, 37).
cost(19, 10, 41).
cost(19, 11, 14).
cost(19, 12, 38).
cost(19, 13, 32).
cost(19, 14, 44).
cost(19, 15, 38).
cost(19, 16, 28).
cost(19, 17, 28).
cost(19, 18, 21).
cost(19, 20, 33).
cost(19, 21, 45).
cost(19, 22, 28).
cost(19, 23, 28).
cost(19, 24, 11).
cost(19, 25, 43).
cost(19, 26, 47).
cost(19, 27, 64).
cost(19, 28, 37).
cost(20, 1, 76).
cost(20, 2, 50).
cost(20, 3, 31).
cost(20, 4, 9).
cost(20, 5, 50).
cost(20, 6, 24).
cost(20, 7, 21).
cost(20, 8, 36).
cost(20, 9, 47).
cost(20, 10, 12).
cost(20, 11, 45).
cost(20, 12, 71).
cost(20, 13, 11).
cost(20, 14, 76).
cost(20, 15, 18).
cost(20, 16, 61).
cost(20, 17, 61).
cost(20, 18, 53).
cost(20, 19, 33).
cost(20, 21, 26).
cost(20, 22, 17).
cost(20, 23, 37).
cost(20, 24, 43).
cost(20, 25, 51).
cost(20, 26, 13).
cost(20, 27, 30).
cost(20, 28, 25).
cost(21, 1, 94).
cost(21, 2, 69).
cost(21, 3, 12).
cost(21, 4, 17).
cost(21, 5, 68).
cost(21, 6, 48).
cost(21, 7, 37).
cost(21, 8, 23).
cost(21, 9, 70).
cost(21, 10, 35).
cost(21, 11, 51).
cost(21, 12, 81).
cost(21, 13, 36).
cost(21, 14, 89).
cost(21, 15, 9).
cost(21, 16, 72).
cost(21, 17, 66).
cost(21, 18, 66).
cost(21, 19, 45).
cost(21, 20, 26).
cost(21, 22, 18).
cost(21, 23, 60).
cost(21, 24, 56).
cost(21, 25, 76).
cost(21, 26, 27).
cost(21, 27, 38).
cost(21, 28, 11).
cost(22, 1, 77).
cost(22, 2, 52).
cost(22, 3, 16).
cost(22, 4, 14).
cost(22, 5, 51).
cost(22, 6, 41).
cost(22, 7, 37).
cost(22, 8, 19).
cost(22, 9, 55).
cost(22, 10, 29).
cost(22, 11, 35).
cost(22, 12, 64).
cost(22, 13, 26).
cost(22, 14, 72).
cost(22, 15, 10).
cost(22, 16, 55).
cost(22, 17, 50).
cost(22, 18, 49).
cost(22, 19, 28).
cost(22, 20, 17).
cost(22, 21, 18).
cost(22, 23, 45).
cost(22, 24, 39).
cost(22, 25, 61).
cost(22, 26, 27).
cost(22, 27, 43).
cost(22, 28, 10).
cost(23, 1, 42).
cost(23, 2, 17).
cost(23, 3, 60).
cost(23, 4, 46).
cost(23, 5, 21).
cost(23, 6, 35).
cost(23, 7, 48).
cost(23, 8, 58).
cost(23, 9, 10).
cost(23, 10, 36).
cost(23, 11, 40).
cost(23, 12, 50).
cost(23, 13, 28).
cost(23, 14, 49).
cost(23, 15, 52).
cost(23, 16, 41).
cost(23, 17, 50).
cost(23, 18, 32).
cost(23, 19, 28).
cost(23, 20, 37).
cost(23, 21, 60).
cost(23, 22, 45).
cost(23, 24, 27).
cost(23, 25, 16).
cost(23, 26, 47).
cost(23, 27, 61).
cost(23, 28, 55).
cost(24, 1, 39).
cost(24, 2, 19).
cost(24, 3, 51).
cost(24, 4, 48).
cost(24, 5, 15).
cost(24, 6, 54).
cost(24, 7, 62).
cost(24, 8, 44).
cost(24, 9, 34).
cost(24, 10, 49).
cost(24, 11, 15).
cost(24, 12, 28).
cost(24, 13, 40).
cost(24, 14, 33).
cost(24, 15, 49).
cost(24, 16, 18).
cost(24, 17, 23).
cost(24, 18, 10).
cost(24, 19, 11).
cost(24, 20, 43).
cost(24, 21, 56).
cost(24, 22, 39).
cost(24, 23, 27).
cost(24, 25, 40).
cost(24, 26, 56).
cost(24, 27, 73).
cost(24, 28, 47).
cost(25, 1, 39).
cost(25, 2, 24).
cost(25, 3, 76).
cost(25, 4, 60).
cost(25, 5, 29).
cost(25, 6, 43).
cost(25, 7, 58).
cost(25, 8, 75).
cost(25, 9, 6).
cost(25, 10, 48).
cost(25, 11, 54).
cost(25, 12, 58).
cost(25, 13, 41).
cost(25, 14, 53).
cost(25, 15, 67).
cost(25, 16, 50).
cost(25, 17, 62).
cost(25, 18, 41).
cost(25, 19, 43).
cost(25, 20, 51).
cost(25, 21, 76).
cost(25, 22, 61).
cost(25, 23, 16).
cost(25, 24, 40).
cost(25, 26, 60).
cost(25, 27, 71).
cost(25, 28, 71).
cost(26, 1, 88).
cost(26, 2, 62).
cost(26, 3, 36).
cost(26, 4, 13).
cost(26, 5, 63).
cost(26, 6, 23).
cost(26, 7, 10).
cost(26, 8, 44).
cost(26, 9, 56).
cost(26, 10, 12).
cost(26, 11, 58).
cost(26, 12, 84).
cost(26, 13, 19).
cost(26, 14, 89).
cost(26, 15, 22).
cost(26, 16, 74).
cost(26, 17, 74).
cost(26, 18, 66).
cost(26, 19, 47).
cost(26, 20, 13).
cost(26, 21, 27).
cost(26, 22, 27).
cost(26, 23, 47).
cost(26, 24, 56).
cost(26, 25, 60).
cost(26, 27, 17).
cost(26, 28, 31).
cost(27, 1, 103).
cost(27, 2, 77).
cost(27, 3, 49).
cost(27, 4, 29).
cost(27, 5, 78).
cost(27, 6, 29).
cost(27, 7, 13).
cost(27, 8, 59).
cost(27, 9, 68).
cost(27, 10, 25).
cost(27, 11, 75).
cost(27, 12, 101).
cost(27, 13, 34).
cost(27, 14, 105).
cost(27, 15, 36).
cost(27, 16, 91).
cost(27, 17, 91).
cost(27, 18, 83).
cost(27, 19, 64).
cost(27, 20, 30).
cost(27, 21, 38).
cost(27, 22, 43).
cost(27, 23, 61).
cost(27, 24, 73).
cost(27, 25, 71).
cost(27, 26, 17).
cost(27, 28, 45).
cost(28, 1, 86).
cost(28, 2, 61).
cost(28, 3, 6).
cost(28, 4, 18).
cost(28, 5, 60).
cost(28, 6, 49).
cost(28, 7, 41).
cost(28, 8, 14).
cost(28, 9, 65).
cost(28, 10, 36).
cost(28, 11, 41).
cost(28, 12, 71).
cost(28, 13, 35).
cost(28, 14, 79).
cost(28, 15, 9).
cost(28, 16, 62).
cost(28, 17, 56).
cost(28, 18, 57).
cost(28, 19, 37).
cost(28, 20, 25).
cost(28, 21, 11).
cost(28, 22, 10).
cost(28, 23, 55).
cost(28, 24, 47).
cost(28, 25, 71).
cost(28, 26, 31).
cost(28, 27, 45).
