dimension(28).
point(1, 77.9786289984, 72.2526786925).
point(2, 21.6354429896, 60.1840643054).
point(3, 73.6266293759, 91.5761113241).
point(4, 19.5004845761, 51.0407280505).
point(5, 88.3266815361, 75.9092780528).
point(6, 88.1190127496, 82.605451101).
point(7, 11.7428569331, 72.1001253297).
point(8, 22.8798447689, 31.0122822991).
point(9, 84.9732348352, 45.5047285525).
point(10, 83.8840189562, 68.0738604052).
point(11, 54.067378054, 43.0122150696).
point(12, 83.1275732546, 62.1716725882).
point(13, 10.3812549296, 59.2231774394).
point(14, 66.3271050314, 90.2141642684).
point(15, 17.5883733224, 52.0033481803).
point(16, 5.7342565283, 20.3976703883).
point(17, 43.9299114677, 29.8778411755).
point(18, 25.2465136473, 61.1706302878).
point(19, 41.4480433013, 28.9090060214).
point(20, 64.1546707861, 77.2771937826).
point(21, 7.6545005029, 46.4760184191).
point(22, 64.2965892436, 84.0405743464).
point(23, 74.2323031774, 77.2124562727).
point(24, 88.6865766259, 69.3207324106).
point(25, 33.2986883226, 64.6806816541).
point(26, 77.8553345866, 82.5271353049).
point(27, 45.6803177579, 31.0615383094).
point(28, 80.5297193454, 89.2849764559).
cost(1, 2, 58).
cost(1, 3, 20).
cost(1, 4, 62).
cost(1, 5, 11).
cost(1, 6, 14).
cost(1, 7, 66).
cost(1, 8, 69).
cost(1, 9, 28).
cost(1, 10, 7).
cost(1, 11, 38).
cost(1, 12, 11).
cost(1, 13, 69).
cost(1, 14, 21).
cost(1, 15, 64).
cost(1, 16, 89).
cost(1, 17, 54).
cost(1, 18, 54).
cost(1, 19, 57).
cost(1, 20, 15).
cost(1, 21, 75).
cost(1, 22, 18).
cost(1, 23, 6).
cost(1, 24, 11).
cost(1, 25, 45).
cost(1, 26, 10).
cost(1, 27, 52).
cost(1, 28, 17).
cost(2, 1, 58).
cost(2, 3, 61).
cost(2, 4, 9).
cost(2, 5, 69).
cost(2, 6, 70).
cost(2, 7, 15).
cost(2, 8, 29).
cost(2, 9, 65).
cost(2, 10, 63).
cost(2, 11, 37).
cost(2, 12, 62).
cost(2, 13, 11).
cost(2, 14, 54).
cost(2, 15, 9).
cost(2, 16, 43).
cost(2, 17, 38).
cost(2, 18, 4).
cost(2, 19, 37).
cost(2, 20, 46).
cost(2, 21, 20).
cost(2, 22, 49).
cost(2, 23, 55).
cost(2, 24, 68).
cost(2, 25, 13).
cost(2, 26, 60).
cost(2, 27, 38).
cost(2, 28, 66).
cost(3, 1, 20).
cost(3, 2, 61).
cost(3, 4, 68).
cost(3, 5, 21).
cost(3, 6, 17).
cost(3, 7, 65).
cost(3, 8, 79).
cost(3, 9, 47).
cost(3, 10, 26).
cost(3, 11, 52).
cost(3, 12, 31).
cost(3, 13, 71).
cost(3, 14, 7).
cost(3, 15, 69).
cost(3, 16, 98).
cost(3, 17, 68).
cost(3, 18, 57).
cost(3, 19, 70).
cost(3, 20, 17).
cost(3, 21, 80).
cost(3, 22, 12).
cost(3, 23, 14).
cost(3, 24, 27).
cost(3, 25, 48).
cost(3, 26, 10).
cost(3, 27, 67).
cost(3, 28, 7).
cost(4, 1, 62).
cost(4, 2, 9).
cost(4, 3, 68).
cost(4, 5, 73).
cost(4, 6, 76).
cost(4, 7, 22).
cost(4, 8, 20).
cost(4, 9, 66).
cost(4, 10, 67).
cost(4, 11, 35).
cost(4, 12, 65).
cost(4, 13, 12).
cost(4, 14, 61).
cost(4, 15, 2).
cost(4, 16, 34).
cost(4, 17, 32).
cost(4, 18, 12).
cost(4, 19, 31).
cost(4, 20, 52).
cost(4, 21, 13).
cost(4, 22, 56).
cost(4, 23, 61).
cost(4, 24, 72).
cost(4, 25, 19).
cost(4, 26, 66).
cost(4, 27, 33).
cost(4, 28, 72).
cost(5, 1, 11).
cost(5, 2, 69).
cost(5, 3, 21).
cost(5, 4, 73).
cost(5, 6, 7).
cost(5, 7, 77).
cost(5, 8, 79).
cost(5, 9, 31).
cost(5, 10, 9).
cost(5, 11, 47).
cost(5, 12, 15).
cost(5, 13, 80).
cost(5, 14, 26).
cost(5, 15, 75).
cost(5, 16, 100).
cost(5, 17, 64).
cost(5, 18, 65).
cost(5, 19, 66).
cost(5, 20, 24).
cost(5, 21, 86).
cost(5, 22, 25).
cost(5, 23, 14).
cost(5, 24, 7).
cost(5, 25, 56).
cost(5, 26, 12).
cost(5, 27, 62).
cost(5, 28, 15).
cost(6, 1, 14).
cost(6, 2, 70).
cost(6, 3, 17).
cost(6, 4, 76).
cost(6, 5, 7).
cost(6, 7, 77).
cost(6, 8, 83).
cost(6, 9, 37).
cost(6, 10, 15).
cost(6, 11, 52).
cost(6, 12, 21).
cost(6, 13, 81).
cost(6, 14, 23).
cost(6, 15, 77).
cost(6, 16, 103).
cost(6, 17, 69).
cost(6, 18, 66).
cost(6, 19, 71).
cost(6, 20, 25).
cost(6, 21, 88).
cost(6, 22, 24).
cost(6, 23, 15).
cost(6, 24, 13).
cost(6, 25, 58).
cost(6, 26, 10).
cost(6, 27, 67).
cost(6, 28, 10).
cost(7, 1, 66).
cost(7, 2, 15).
cost(7, 3, 65).
cost(7, 4, 22).
cost(7, 5, 77).
cost(7, 6, 77).
cost(7, 8, 43).
cost(7, 9, 78).
cost(7, 10, 72).
cost(7, 11, 51).
cost(7, 12, 72).
cost(7, 13, 13).
cost(7, 14, 58).
cost(7, 15, 21).
cost(7, 16, 52).
cost(7, 17, 53).
cost(7, 18, 17).
cost(7, 19, 52).
cost(7, 20, 53).
cost(7, 21, 26).
cost(7, 22, 54).
cost(7, 23, 63).
cost(7, 24, 77).
cost(7, 25, 23).
cost(7, 26, 67).
cost(7, 27, 53).
cost(7, 28, 71).
cost(8, 1, 69).
cost(8, 2, 29).
cost(8, 3, 79).
cost(8, 4, 20).
cost(8, 5, 79).
cost(8, 6, 83).
cost(8, 7, 43).
cost(8, 9, 64).
cost(8, 10, 71).
cost(8, 11, 33).
cost(8, 12, 68).
cost(8, 13, 31).
cost(8, 14, 73).
cost(8, 15, 22).
cost(8, 16, 20).
cost(8, 17, 21).
cost(8, 18, 30).
cost(8, 19, 19).
cost(8, 20, 62).
cost(8, 21, 22).
cost(8, 22, 67).
cost(8, 23, 69).
cost(8, 24, 76).
cost(8, 25, 35).
cost(8, 26, 75).
cost(8, 27, 23).
cost(8, 28, 82).
cost(9, 1, 28).
cost(9, 2, 65).
cost(9, 3, 47).
cost(9, 4, 66).
cost(9, 5, 31).
cost(9, 6, 37).
cost(9, 7, 78).
cost(9, 8, 64).
cost(9, 10, 23).
cost(9, 11, 31).
cost(9, 12, 17).
cost(9, 13, 76).
cost(9, 14, 48).
cost(9, 15, 68).
cost(9, 16, 83).
cost(9, 17, 44).
cost(9, 18, 62).
cost(9, 19, 47).
cost(9, 20, 38).
cost(9, 21, 77).
cost(9, 22, 44).
cost(9, 23, 33).
cost(9, 24, 24).
cost(9, 25, 55).
cost(9, 26, 38).
cost(9, 27, 42).
cost(9, 28, 44).
cost(10, 1, 7).
cost(10, 2, 63).
cost(10, 3, 26).
cost(10, 4, 67).
cost(10, 5, 9).
cost(10, 6, 15).
cost(10, 7, 72).
cost(10, 8, 71).
cost(10, 9, 23).
cost(10, 11, 39).
cost(10, 12, 6).
cost(10, 13, 74).
cost(10, 14, 28).
cost(10, 15, 68).
cost(10, 16, 92).
cost(10, 17, 55).
cost(10, 18, 59).
cost(10, 19, 58).
cost(10, 20, 22).
cost(10, 21, 79).
cost(10, 22, 25).
cost(10, 23, 13).
cost(10, 24, 5).
cost(10, 25, 51).
cost(10, 26, 16).
cost(10, 27, 53).
cost(10, 28, 21).
cost(11, 1, 38).
cost(11, 2, 37).
cost(11, 3, 52).
cost(11, 4, 35).
cost(11, 5, 47).
cost(11, 6, 52).
cost(11, 7, 51).
cost(11, 8, 33).
cost(11, 9, 31).
cost(11, 10, 39).
cost(11, 12, 35).
cost(11, 13, 47).
cost(11, 14, 49).
cost(11, 15, 38).
cost(11, 16, 53).
cost(11, 17, 17).
cost(11, 18, 34).
cost(11, 19, 19).
cost(11, 20, 36).
cost(11, 21, 47).
cost(11, 22, 42).
cost(11, 23, 40).
cost(11, 24, 43).
cost(11, 25, 30).
cost(11, 26, 46).
cost(11, 27, 15).
cost(11, 28, 53).
cost(12, 1, 11).
cost(12, 2, 62).
cost(12, 3, 31).
cost(12, 4, 65).
cost(12, 5, 15).
cost(12, 6, 21).
cost(12, 7, 72).
cost(12, 8, 68).
cost(12, 9, 17).
cost(12, 10, 6).
cost(12, 11, 35).
cost(12, 13, 73).
cost(12, 14, 33).
cost(12, 15, 66).
cost(12, 16, 88).
cost(12, 17, 51).
cost(12, 18, 58).
cost(12, 19, 53).
cost(12, 20, 24).
cost(12, 21, 77).
cost(12, 22, 29).
cost(12, 23, 17).
cost(12, 24, 9).
cost(12, 25, 50).
cost(12, 26, 21).
cost(12, 27, 49).
cost(12, 28, 27).
cost(13, 1, 69).
cost(13, 2, 11).
cost(13, 3, 71).
cost(13, 4, 12).
cost(13, 5, 80).
cost(13, 6, 81).
cost(13, 7, 13).
cost(13, 8, 31).
cost(13, 9, 76).
cost(13, 10, 74).
cost(13, 11, 47).
cost(13, 12, 73).
cost(13, 14, 64).
cost(13, 15, 10).
cost(13, 16, 39).
cost(13, 17, 45).
cost(13, 18, 15).
cost(13, 19, 43).
cost(13, 20, 57).
cost(13, 21, 13).
cost(13, 22, 59).
cost(13, 23, 66).
cost(13, 24, 79).
cost(13, 25, 24).
cost(13, 26, 71).
cost(13, 27, 45).
cost(13, 28, 76).
cost(14, 1, 21).
cost(14, 2, 54).
cost(14, 3, 7).
cost(14, 4, 61).
cost(14, 5, 26).
cost(14, 6, 23).
cost(14, 7, 58).
cost(14, 8, 73).
cost(14, 9, 48).
cost(14, 10, 28).
cost(14, 11, 49).
cost(14, 12, 33).
cost(14, 13, 64).
cost(14, 15, 62).
cost(14, 16, 92).
cost(14, 17, 64).
cost(14, 18, 50).
cost(14, 19, 66).
cost(14, 20, 13).
cost(14, 21, 73).
cost(14, 22, 6).
cost(14, 23, 15).
cost(14, 24, 31).
cost(14, 25, 42).
cost(14, 26, 14).
cost(14, 27, 63).
cost(14, 28, 14).
cost(15, 1, 64).
cost(15, 2, 9).
cost(15, 3, 69).
cost(15, 4, 2).
cost(15, 5, 75).
cost(15, 6, 77).
cost(15, 7, 21).
cost(15, 8, 22).
cost(15, 9, 68).
cost(15, 10, 68).
cost(15, 11, 38).
cost(15, 12, 66).
cost(15, 13, 10).
cost(15, 14, 62).
cost(15, 16, 34).
cost(15, 17, 34).
cost(15, 18, 12).
cost(15, 19, 33).
cost(15, 20, 53).
cost(15, 21, 11).
cost(15, 22, 57).
cost(15, 23, 62).
cost(15, 24, 73).
cost(15, 25, 20).
cost(15, 26, 68).
cost(15, 27, 35).
cost(15, 28, 73).
cost(16, 1, 89).
cost(16, 2, 43).
cost(16, 3, 98).
cost(16, 4, 34).
cost(16, 5, 100).
cost(16, 6, 103).
cost(16, 7, 52).
cost(16, 8, 20).
cost(16, 9, 83).
cost(16, 10, 92).
cost(16, 11, 53).
cost(16, 12, 88).
cost(16, 13, 39).
cost(16, 14, 92).
cost(16, 15, 34).
cost(16, 17, 39).
cost(16, 18, 45).
cost(16, 19, 37).
cost(16, 20, 82).
cost(16, 21, 26).
cost(16, 22, 86).
cost(16, 23, 89).
cost(16, 24, 96).
cost(16, 25, 52).
cost(16, 26, 95).
cost(16, 27, 41).
cost(16, 28, 102).
cost(17, 1, 54).
cost(17, 2, 38).
cost(17, 3, 68).
cost(17, 4, 32).
cost(17, 5, 64).
cost(17, 6, 69).
cost(17, 7, 53).
cost(17, 8, 21).
cost(17, 9, 44).
cost(17, 10, 55).
cost(17, 11, 17).
cost(17, 12, 51).
cost(17, 13, 45).
cost(17, 14, 64).
cost(17, 15, 34).
cost(17, 16, 39).
cost(17, 18, 36).
cost(17, 19, 3).
cost(17, 20, 52).
cost(17, 21, 40).
cost(17, 22, 58).
cost(17, 23, 56).
cost(17, 24, 60).
cost(17, 25, 36).
cost(17, 26, 63).
cost(17, 27, 2).
cost(17, 28, 70).
cost(18, 1, 54).
cost(18, 2, 4).
cost(18, 3, 57).
cost(18, 4, 12).
cost(18, 5, 65).
cost(18, 6, 66).
cost(18, 7, 17).
cost(18, 8, 30).
cost(18, 9, 62).
cost(18, 10, 59).
cost(18, 11, 34).
cost(18, 12, 58).
cost(18, 13, 15).
cost(18, 14, 50).
cost(18, 15, 12).
cost(18, 16, 45).
cost(18, 17, 36).
cost(18, 19, 36).
cost(18, 20, 42).
cost(18, 21, 23).
cost(18, 22, 45).
cost(18, 23, 52).
cost(18, 24, 64).
cost(18, 25, 9).
cost(18, 26, 57).
cost(18, 27, 36).
cost(18, 28, 62).
cost(19, 1, 57).
cost(19, 2, 37).
cost(19, 3, 70).
cost(19, 4, 31).
cost(19, 5, 66).
cost(19, 6, 71).
cost(19, 7, 52).
cost(19, 8, 19).
cost(19, 9, 47).
cost(19, 10, 58).
cost(19, 11, 19).
cost(19, 12, 53).
cost(19, 13, 43).
cost(19, 14, 66).
cost(19, 15, 33).
cost(19, 16, 37).
cost(19, 17, 3).
cost(19, 18, 36).
cost(19, 20, 53).
cost(19, 21, 38).
cost(19, 22, 60).
cost(19, 23, 58).
cost(19, 24, 62).
cost(19, 25, 37).
cost(19, 26, 65).
cost(19, 27, 5).
cost(19, 28, 72).
cost(20, 1, 15).
cost(20, 2, 46).
cost(20, 3, 17).
cost(20, 4, 52).
cost(20, 5, 24).
cost(20, 6, 25).
cost(20, 7, 53).
cost(20, 8, 62).
cost(20, 9, 38).
cost(20, 10, 22).
cost(20, 11, 36).
cost(20, 12, 24).
cost(20, 13, 57).
cost(20, 14, 13).
cost(20, 15, 53).
cost(20, 16, 82).
cost(20, 17, 52).
cost(20, 18, 42).
cost(20, 19, 53).
cost(20, 21, 64).
cost(20, 22, 7).
cost(20, 23, 10).
cost(20, 24, 26).
cost(20, 25, 33).
cost(20, 26, 15).
cost(20, 27, 50).
cost(20, 28, 20).
cost(21, 1, 75).
cost(21, 2, 20).
cost(21, 3, 80).
cost(21, 4, 13).
cost(21, 5, 86).
cost(21, 6, 88).
cost(21, 7, 26).
cost(21, 8, 22).
cost(21, 9, 77).
cost(21, 10, 79).
cost(21, 11, 47).
cost(21, 12, 77).
cost(21, 13, 13).
cost(21, 14, 73).
cost(21, 15, 11).
cost(21, 16, 26).
cost(21, 17, 40).
cost(21, 18, 23).
cost(21, 19, 38).
cost(21, 20, 64).
cost(21, 22, 68).
cost(21, 23, 73).
cost(21, 24, 84).
cost(21, 25, 31).
cost(21, 26, 79).
cost(21, 27, 41).
cost(21, 28, 85).
cost(22, 1, 18).
cost(22, 2, 49).
cost(22, 3, 12).
cost(22, 4, 56).
cost(22, 5, 25).
cost(22, 6, 24).
cost(22, 7, 54).
cost(22, 8, 67).
cost(22, 9, 44).
cost(22, 10, 25).
cost(22, 11, 42).
cost(22, 12, 29).
cost(22, 13, 59).
cost(22, 14, 6).
cost(22, 15, 57).
cost(22, 16, 86).
cost(22, 17, 58).
cost(22, 18, 45).
cost(22, 19, 60).
cost(22, 20, 7).
cost(22, 21, 68).
cost(22, 23, 12).
cost(22, 24, 28).
cost(22, 25, 37).
cost(22, 26, 14).
cost(22, 27, 56).
cost(22, 28, 17).
cost(23, 1, 6).
cost(23, 2, 55).
cost(23, 3, 14).
cost(23, 4, 61).
cost(23, 5, 14).
cost(23, 6, 15).
cost(23, 7, 63).
cost(23, 8, 69).
cost(23, 9, 33).
cost(23, 10, 13).
cost(23, 11, 40).
cost(23, 12, 17).
cost(23, 13, 66).
cost(23, 14, 15).
cost(23, 15, 62).
cost(23, 16, 89).
cost(23, 17, 56).
cost(23, 18, 52).
cost(23, 19, 58).
cost(23, 20, 10).
cost(23, 21, 73).
cost(23, 22, 12).
cost(23, 24, 16).
cost(23, 25, 43).
cost(23, 26, 6).
cost(23, 27, 54).
cost(23, 28, 14).
cost(24, 1, 11).
cost(24, 2, 68).
cost(24, 3, 27).
cost(24, 4, 72).
cost(24, 5, 7).
cost(24, 6, 13).
cost(24, 7, 77).
cost(24, 8, 76).
cost(24, 9, 24).
cost(24, 10, 5).
cost(24, 11, 43).
cost(24, 12, 9).
cost(24, 13, 79).
cost(24, 14, 31).
cost(24, 15, 73).
cost(24, 16, 96).
cost(24, 17, 60).
cost(24, 18, 64).
cost(24, 19, 62).
cost(24, 20, 26).
cost(24, 21, 84).
cost(24, 22, 28).
cost(24, 23, 16).
cost(24, 25, 56).
cost(24, 26, 17).
cost(24, 27, 58).
cost(24, 28, 22).
cost(25, 1, 45).
cost(25, 2, 13).
cost(25, 3, 48).
cost(25, 4, 19).
cost(25, 5, 56).
cost(25, 6, 58).
cost(25, 7, 23).
cost(25, 8, 35).
cost(25, 9, 55).
cost(25, 10, 51).
cost(25, 11, 30).
cost(25, 12, 50).
cost(25, 13, 24).
cost(25, 14, 42).
cost(25, 15, 20).
cost(25, 16, 52).
cost(25, 17, 36).
cost(25, 18, 9).
cost(25, 19, 37).
cost(25, 20, 33).
cost(25, 21, 31).
cost(25, 22, 37).
cost(25, 23, 43).
cost(25, 24, 56).
cost(25, 26, 48).
cost(25, 27, 36).
cost(25, 28, 53).
cost(26, 1, 10).
cost(26, 2, 60).
cost(26, 3, 10).
cost(26, 4, 66).
cost(26, 5, 12).
cost(26, 6, 10).
cost(26, 7, 67).
cost(26, 8, 75).
cost(26, 9, 38).
cost(26, 10, 16).
cost(26, 11, 46).
cost(26, 12, 21).
cost(26, 13, 71).
cost(26, 14, 14).
cost(26, 15, 68).
cost(26, 16, 95).
cost(26, 17, 63).
cost(26, 18, 57).
cost(26, 19, 65).
cost(26, 20, 15).
cost(26, 21, 79).
cost(26, 22, 14).
cost(26, 23, 6).
cost(26, 24, 17).
cost(26, 25, 48).
cost(26, 27, 61).
cost(26, 28, 7).
cost(27, 1, 52).
cost(27, 2, 38).
cost(27, 3, 67).
cost(27, 4, 33).
cost(27, 5, 62).
cost(27, 6, 67).
cost(27, 7, 53).
cost(27, 8, 23).
cost(27, 9, 42).
cost(27, 10, 53).
cost(27, 11, 15).
cost(27, 12, 49).
cost(27, 13, 45).
cost(27, 14, 63).
cost(27, 15, 35).
cost(27, 16, 41).
cost(27, 17, 2).
cost(27, 18, 36).
cost(27, 19, 5).
cost(27, 20, 50).
cost(27, 21, 41).
cost(27, 22, 56).
cost(27, 23, 54).
cost(27, 24, 58).
cost(27, 25, 36).
cost(27, 26, 61).
cost(27, 28, 68).
cost(28, 1, 17).
cost(28, 2, 66).
cost(28, 3, 7).
cost(28, 4, 72).
cost(28, 5, 15).
cost(28, 6, 10).
cost(28, 7, 71).
cost(28, 8, 82).
cost(28, 9, 44).
cost(28, 10, 21).
cost(28, 11, 53).
cost(28, 12, 27).
cost(28, 13, 76).
cost(28, 14, 14).
cost(28, 15, 73).
cost(28, 16, 102).
cost(28, 17, 70).
cost(28, 18, 62).
cost(28, 19, 72).
cost(28, 20, 20).
cost(28, 21, 85).
cost(28, 22, 17).
cost(28, 23, 14).
cost(28, 24, 22).
cost(28, 25, 53).
cost(28, 26, 7).
cost(28, 27, 68).
