dimension(28).
point(1, 36.5598631787, 65.9655559506).
point(2, 16.3948569243, 2.5207974412).
point(3, 45.0316065079, 21.3521414439).
point(4, 32.5093111287, 15.3721992478).
point(5, 63.6445708235, 60.5789135599).
point(6, 56.413203209, 9.1334993939).
point(7, 39.1580126808, 94.9899466865).
point(8, 41.517659093, 11.9763890158).
point(9, 81.5223257587, 86.1314390139).
point(10, 39.3237572003, 77.6557318514).
point(11, 59.9230380403, 80.4130768523).
point(12, 44.5021653785, 97.3530260166).
point(13, 66.1871628097, 70.6072547293).
point(14, 65.1546522632, 64.7189813024).
point(15, 20.681962172, 20.4346181508).
point(16, 92.2203871881, 57.0253523994).
point(17, 12.4546960295, 3.221294714).
point(18, 2.8331217988, 5.8089418739).
point(19, 32.0324913686, 26.2460059949).
point(20, 8.1056596618, 25.333847152).
point(21, 5.4120153954, 17.7955416318).
point(22, 34.2047634965, 23.0666003265).
point(23, 72.022604631, 71.1272888459).
point(24, 34.6068748547, 90.3563688923).
point(25, 12.4004243749, 28.0921361519).
point(26, 67.5418064251, 78.2428064866).
point(27, 3.9842585296, 43.5209573701).
point(28, 65.4988108728, 99.8635820494).
cost(1, 2, 67).
cost(1, 3, 45).
cost(1, 4, 51).
cost(1, 5, 28).
cost(1, 6, 60).
cost(1, 7, 29).
cost(1, 8, 54).
cost(1, 9, 49).
cost(1, 10, 12).
cost(1, 11, 27).
cost(1, 12, 32).
cost(1, 13, 30).
cost(1, 14, 29).
cost(1, 15, 48).
cost(1, 16, 56).
cost(1, 17, 67).
cost(1, 18, 69).
cost(1, 19, 40).
cost(1, 20, 50).
cost(1, 21, 57).
cost(1, 22, 43).
cost(1, 23, 36).
cost(1, 24, 24).
cost(1, 25, 45).
cost(1, 26, 33).
cost(1, 27, 40).
cost(1, 28, 45).
cost(2, 1, 67).
cost(2, 3, 34).
cost(2, 4, 21).
cost(2, 5, 75).
cost(2, 6, 41).
cost(2, 7, 95).
cost(2, 8, 27).
cost(2, 9, 106).
cost(2, 10, 79).
cost(2, 11, 89).
cost(2, 12, 99).
cost(2, 13, 84).
cost(2, 14, 79).
cost(2, 15, 18).
cost(2, 16, 93).
cost(2, 17, 4).
cost(2, 18, 14).
cost(2, 19, 28).
cost(2, 20, 24).
cost(2, 21, 19).
cost(2, 22, 27).
cost(2, 23, 88).
cost(2, 24, 90).
cost(2, 25, 26).
cost(2, 26, 91).
cost(2, 27, 43).
cost(2, 28, 109).
cost(3, 1, 45).
cost(3, 2, 34).
cost(3, 4, 14).
cost(3, 5, 43).
cost(3, 6, 17).
cost(3, 7, 74).
cost(3, 8, 10).
cost(3, 9, 74).
cost(3, 10, 57).
cost(3, 11, 61).
cost(3, 12, 76).
cost(3, 13, 54).
cost(3, 14, 48).
cost(3, 15, 24).
cost(3, 16, 59).
cost(3, 17, 37).
cost(3, 18, 45).
cost(3, 19, 14).
cost(3, 20, 37).
cost(3, 21, 40).
cost(3, 22, 11).
cost(3, 23, 57).
cost(3, 24, 70).
cost(3, 25, 33).
cost(3, 26, 61).
cost(3, 27, 47).
cost(3, 28, 81).
cost(4, 1, 51).
cost(4, 2, 21).
cost(4, 3, 14).
cost(4, 5, 55).
cost(4, 6, 25).
cost(4, 7, 80).
cost(4, 8, 10).
cost(4, 9, 86).
cost(4, 10, 63).
cost(4, 11, 71).
cost(4, 12, 83).
cost(4, 13, 65).
cost(4, 14, 59).
cost(4, 15, 13).
cost(4, 16, 73).
cost(4, 17, 23).
cost(4, 18, 31).
cost(4, 19, 11).
cost(4, 20, 26).
cost(4, 21, 27).
cost(4, 22, 8).
cost(4, 23, 68).
cost(4, 24, 75).
cost(4, 25, 24).
cost(4, 26, 72).
cost(4, 27, 40).
cost(4, 28, 91).
cost(5, 1, 28).
cost(5, 2, 75).
cost(5, 3, 43).
cost(5, 4, 55).
cost(5, 6, 52).
cost(5, 7, 42).
cost(5, 8, 53).
cost(5, 9, 31).
cost(5, 10, 30).
cost(5, 11, 20).
cost(5, 12, 41).
cost(5, 13, 10).
cost(5, 14, 4).
cost(5, 15, 59).
cost(5, 16, 29).
cost(5, 17, 77).
cost(5, 18, 82).
cost(5, 19, 47).
cost(5, 20, 66).
cost(5, 21, 72).
cost(5, 22, 48).
cost(5, 23, 13).
cost(5, 24, 42).
cost(5, 25, 61).
cost(5, 26, 18).
cost(5, 27, 62).
cost(5, 28, 39).
cost(6, 1, 60).
cost(6, 2, 41).
cost(6, 3, 17).
cost(6, 4, 25).
cost(6, 5, 52).
cost(6, 7, 88).
cost(6, 8, 15).
cost(6, 9, 81).
cost(6, 10, 71).
cost(6, 11, 71).
cost(6, 12, 89).
cost(6, 13, 62).
cost(6, 14, 56).
cost(6, 15, 37).
cost(6, 16, 60).
cost(6, 17, 44).
cost(6, 18, 54).
cost(6, 19, 30).
cost(6, 20, 51).
cost(6, 21, 52).
cost(6, 22, 26).
cost(6, 23, 64).
cost(6, 24, 84).
cost(6, 25, 48).
cost(6, 26, 70).
cost(6, 27, 63).
cost(6, 28, 91).
cost(7, 1, 29).
cost(7, 2, 95).
cost(7, 3, 74).
cost(7, 4, 80).
cost(7, 5, 42).
cost(7, 6, 88).
cost(7, 8, 83).
cost(7, 9, 43).
cost(7, 10, 17).
cost(7, 11, 25).
cost(7, 12, 6).
cost(7, 13, 36).
cost(7, 14, 40).
cost(7, 15, 77).
cost(7, 16, 65).
cost(7, 17, 96).
cost(7, 18, 96).
cost(7, 19, 69).
cost(7, 20, 76).
cost(7, 21, 84).
cost(7, 22, 72).
cost(7, 23, 41).
cost(7, 24, 6).
cost(7, 25, 72).
cost(7, 26, 33).
cost(7, 27, 62).
cost(7, 28, 27).
cost(8, 1, 54).
cost(8, 2, 27).
cost(8, 3, 10).
cost(8, 4, 10).
cost(8, 5, 53).
cost(8, 6, 15).
cost(8, 7, 83).
cost(8, 9, 84).
cost(8, 10, 66).
cost(8, 11, 71).
cost(8, 12, 85).
cost(8, 13, 64).
cost(8, 14, 58).
cost(8, 15, 22).
cost(8, 16, 68).
cost(8, 17, 30).
cost(8, 18, 39).
cost(8, 19, 17).
cost(8, 20, 36).
cost(8, 21, 37).
cost(8, 22, 13).
cost(8, 23, 67).
cost(8, 24, 79).
cost(8, 25, 33).
cost(8, 26, 71).
cost(8, 27, 49).
cost(8, 28, 91).
cost(9, 1, 49).
cost(9, 2, 106).
cost(9, 3, 74).
cost(9, 4, 86).
cost(9, 5, 31).
cost(9, 6, 81).
cost(9, 7, 43).
cost(9, 8, 84).
cost(9, 10, 43).
cost(9, 11, 22).
cost(9, 12, 39).
cost(9, 13, 22).
cost(9, 14, 27).
cost(9, 15, 90).
cost(9, 16, 31).
cost(9, 17, 108).
cost(9, 18, 112).
cost(9, 19, 78).
cost(9, 20, 95).
cost(9, 21, 102).
cost(9, 22, 79).
cost(9, 23, 18).
cost(9, 24, 47).
cost(9, 25, 90).
cost(9, 26, 16).
cost(9, 27, 88).
cost(9, 28, 21).
cost(10, 1, 12).
cost(10, 2, 79).
cost(10, 3, 57).
cost(10, 4, 63).
cost(10, 5, 30).
cost(10, 6, 71).
cost(10, 7, 17).
cost(10, 8, 66).
cost(10, 9, 43).
cost(10, 11, 21).
cost(10, 12, 20).
cost(10, 13, 28).
cost(10, 14, 29).
cost(10, 15, 60).
cost(10, 16, 57).
cost(10, 17, 79).
cost(10, 18, 81).
cost(10, 19, 52).
cost(10, 20, 61).
cost(10, 21, 69).
cost(10, 22, 55).
cost(10, 23, 33).
cost(10, 24, 14).
cost(10, 25, 56).
cost(10, 26, 28).
cost(10, 27, 49).
cost(10, 28, 34).
cost(11, 1, 27).
cost(11, 2, 89).
cost(11, 3, 61).
cost(11, 4, 71).
cost(11, 5, 20).
cost(11, 6, 71).
cost(11, 7, 25).
cost(11, 8, 71).
cost(11, 9, 22).
cost(11, 10, 21).
cost(11, 12, 23).
cost(11, 13, 12).
cost(11, 14, 17).
cost(11, 15, 72).
cost(11, 16, 40).
cost(11, 17, 91).
cost(11, 18, 94).
cost(11, 19, 61).
cost(11, 20, 76).
cost(11, 21, 83).
cost(11, 22, 63).
cost(11, 23, 15).
cost(11, 24, 27).
cost(11, 25, 71).
cost(11, 26, 8).
cost(11, 27, 67).
cost(11, 28, 20).
cost(12, 1, 32).
cost(12, 2, 99).
cost(12, 3, 76).
cost(12, 4, 83).
cost(12, 5, 41).
cost(12, 6, 89).
cost(12, 7, 6).
cost(12, 8, 85).
cost(12, 9, 39).
cost(12, 10, 20).
cost(12, 11, 23).
cost(12, 13, 34).
cost(12, 14, 39).
cost(12, 15, 81).
cost(12, 16, 62).
cost(12, 17, 99).
cost(12, 18, 101).
cost(12, 19, 72).
cost(12, 20, 81).
cost(12, 21, 89).
cost(12, 22, 75).
cost(12, 23, 38).
cost(12, 24, 12).
cost(12, 25, 76).
cost(12, 26, 30).
cost(12, 27, 67).
cost(12, 28, 21).
cost(13, 1, 30).
cost(13, 2, 84).
cost(13, 3, 54).
cost(13, 4, 65).
cost(13, 5, 10).
cost(13, 6, 62).
cost(13, 7, 36).
cost(13, 8, 64).
cost(13, 9, 22).
cost(13, 10, 28).
cost(13, 11, 12).
cost(13, 12, 34).
cost(13, 14, 6).
cost(13, 15, 68).
cost(13, 16, 29).
cost(13, 17, 86).
cost(13, 18, 91).
cost(13, 19, 56).
cost(13, 20, 74).
cost(13, 21, 81).
cost(13, 22, 57).
cost(13, 23, 6).
cost(13, 24, 37).
cost(13, 25, 69).
cost(13, 26, 8).
cost(13, 27, 68).
cost(13, 28, 29).
cost(14, 1, 29).
cost(14, 2, 79).
cost(14, 3, 48).
cost(14, 4, 59).
cost(14, 5, 4).
cost(14, 6, 56).
cost(14, 7, 40).
cost(14, 8, 58).
cost(14, 9, 27).
cost(14, 10, 29).
cost(14, 11, 17).
cost(14, 12, 39).
cost(14, 13, 6).
cost(14, 15, 63).
cost(14, 16, 28).
cost(14, 17, 81).
cost(14, 18, 86).
cost(14, 19, 51).
cost(14, 20, 69).
cost(14, 21, 76).
cost(14, 22, 52).
cost(14, 23, 9).
cost(14, 24, 40).
cost(14, 25, 64).
cost(14, 26, 14).
cost(14, 27, 65).
cost(14, 28, 35).
cost(15, 1, 48).
cost(15, 2, 18).
cost(15, 3, 24).
cost(15, 4, 13).
cost(15, 5, 59).
cost(15, 6, 37).
cost(15, 7, 77).
cost(15, 8, 22).
cost(15, 9, 90).
cost(15, 10, 60).
cost(15, 11, 72).
cost(15, 12, 81).
cost(15, 13, 68).
cost(15, 14, 63).
cost(15, 16, 80).
cost(15, 17, 19).
cost(15, 18, 23).
cost(15, 19, 13).
cost(15, 20, 13).
cost(15, 21, 15).
cost(15, 22, 14).
cost(15, 23, 72).
cost(15, 24, 71).
cost(15, 25, 11).
cost(15, 26, 74).
cost(15, 27, 28).
cost(15, 28, 91).
cost(16, 1, 56).
cost(16, 2, 93).
cost(16, 3, 59).
cost(16, 4, 73).
cost(16, 5, 29).
cost(16, 6, 60).
cost(16, 7, 65).
cost(16, 8, 68).
cost(16, 9, 31).
cost(16, 10, 57).
cost(16, 11, 40).
cost(16, 12, 62).
cost(16, 13, 29).
cost(16, 14, 28).
cost(16, 15, 80).
cost(16, 17, 96).
cost(16, 18, 103).
cost(16, 19, 68).
cost(16, 20, 90).
cost(16, 21, 95).
cost(16, 22, 67).
cost(16, 23, 25).
cost(16, 24, 67).
cost(16, 25, 85).
cost(16, 26, 33).
cost(16, 27, 89).
cost(16, 28, 50).
cost(17, 1, 67).
cost(17, 2, 4).
cost(17, 3, 37).
cost(17, 4, 23).
cost(17, 5, 77).
cost(17, 6, 44).
cost(17, 7, 96).
cost(17, 8, 30).
cost(17, 9, 108).
cost(17, 10, 79).
cost(17, 11, 91).
cost(17, 12, 99).
cost(17, 13, 86).
cost(17, 14, 81).
cost(17, 15, 19).
cost(17, 16, 96).
cost(17, 18, 10).
cost(17, 19, 30).
cost(17, 20, 23).
cost(17, 21, 16).
cost(17, 22, 29).
cost(17, 23, 90).
cost(17, 24, 90).
cost(17, 25, 25).
cost(17, 26, 93).
cost(17, 27, 41).
cost(17, 28, 110).
cost(18, 1, 69).
cost(18, 2, 14).
cost(18, 3, 45).
cost(18, 4, 31).
cost(18, 5, 82).
cost(18, 6, 54).
cost(18, 7, 96).
cost(18, 8, 39).
cost(18, 9, 112).
cost(18, 10, 81).
cost(18, 11, 94).
cost(18, 12, 101).
cost(18, 13, 91).
cost(18, 14, 86).
cost(18, 15, 23).
cost(18, 16, 103).
cost(18, 17, 10).
cost(18, 19, 36).
cost(18, 20, 20).
cost(18, 21, 12).
cost(18, 22, 36).
cost(18, 23, 95).
cost(18, 24, 90).
cost(18, 25, 24).
cost(18, 26, 97).
cost(18, 27, 38).
cost(18, 28, 113).
cost(19, 1, 40).
cost(19, 2, 28).
cost(19, 3, 14).
cost(19, 4, 11).
cost(19, 5, 47).
cost(19, 6, 30).
cost(19, 7, 69).
cost(19, 8, 17).
cost(19, 9, 78).
cost(19, 10, 52).
cost(19, 11, 61).
cost(19, 12, 72).
cost(19, 13, 56).
cost(19, 14, 51).
cost(19, 15, 13).
cost(19, 16, 68).
cost(19, 17, 30).
cost(19, 18, 36).
cost(19, 20, 24).
cost(19, 21, 28).
cost(19, 22, 4).
cost(19, 23, 60).
cost(19, 24, 64).
cost(19, 25, 20).
cost(19, 26, 63).
cost(19, 27, 33).
cost(19, 28, 81).
cost(20, 1, 50).
cost(20, 2, 24).
cost(20, 3, 37).
cost(20, 4, 26).
cost(20, 5, 66).
cost(20, 6, 51).
cost(20, 7, 76).
cost(20, 8, 36).
cost(20, 9, 95).
cost(20, 10, 61).
cost(20, 11, 76).
cost(20, 12, 81).
cost(20, 13, 74).
cost(20, 14, 69).
cost(20, 15, 13).
cost(20, 16, 90).
cost(20, 17, 23).
cost(20, 18, 20).
cost(20, 19, 24).
cost(20, 21, 8).
cost(20, 22, 26).
cost(20, 23, 79).
cost(20, 24, 70).
cost(20, 25, 5).
cost(20, 26, 80).
cost(20, 27, 19).
cost(20, 28, 94).
cost(21, 1, 57).
cost(21, 2, 19).
cost(21, 3, 40).
cost(21, 4, 27).
cost(21, 5, 72).
cost(21, 6, 52).
cost(21, 7, 84).
cost(21, 8, 37).
cost(21, 9, 102).
cost(21, 10, 69).
cost(21, 11, 83).
cost(21, 12, 89).
cost(21, 13, 81).
cost(21, 14, 76).
cost(21, 15, 15).
cost(21, 16, 95).
cost(21, 17, 16).
cost(21, 18, 12).
cost(21, 19, 28).
cost(21, 20, 8).
cost(21, 22, 29).
cost(21, 23, 85).
cost(21, 24, 78).
cost(21, 25, 12).
cost(21, 26, 87).
cost(21, 27, 26).
cost(21, 28, 102).
cost(22, 1, 43).
cost(22, 2, 27).
cost(22, 3, 11).
cost(22, 4, 8).
cost(22, 5, 48).
cost(22, 6, 26).
cost(22, 7, 72).
cost(22, 8, 13).
cost(22, 9, 79).
cost(22, 10, 55).
cost(22, 11, 63).
cost(22, 12, 75).
cost(22, 13, 57).
cost(22, 14, 52).
cost(22, 15, 14).
cost(22, 16, 67).
cost(22, 17, 29).
cost(22, 18, 36).
cost(22, 19, 4).
cost(22, 20, 26).
cost(22, 21, 29).
cost(22, 23, 61).
cost(22, 24, 67).
cost(22, 25, 22).
cost(22, 26, 64).
cost(22, 27, 36).
cost(22, 28, 83).
cost(23, 1, 36).
cost(23, 2, 88).
cost(23, 3, 57).
cost(23, 4, 68).
cost(23, 5, 13).
cost(23, 6, 64).
cost(23, 7, 41).
cost(23, 8, 67).
cost(23, 9, 18).
cost(23, 10, 33).
cost(23, 11, 15).
cost(23, 12, 38).
cost(23, 13, 6).
cost(23, 14, 9).
cost(23, 15, 72).
cost(23, 16, 25).
cost(23, 17, 90).
cost(23, 18, 95).
cost(23, 19, 60).
cost(23, 20, 79).
cost(23, 21, 85).
cost(23, 22, 61).
cost(23, 24, 42).
cost(23, 25, 74).
cost(23, 26, 8).
cost(23, 27, 73).
cost(23, 28, 29).
cost(24, 1, 24).
cost(24, 2, 90).
cost(24, 3, 70).
cost(24, 4, 75).
cost(24, 5, 42).
cost(24, 6, 84).
cost(24, 7, 6).
cost(24, 8, 79).
cost(24, 9, 47).
cost(24, 10, 14).
cost(24, 11, 27).
cost(24, 12, 12).
cost(24, 13, 37).
cost(24, 14, 40).
cost(24, 15, 71).
cost(24, 16, 67).
cost(24, 17, 90).
cost(24, 18, 90).
cost(24, 19, 64).
cost(24, 20, 70).
cost(24, 21, 78).
cost(24, 22, 67).
cost(24, 23, 42).
cost(24, 25, 66).
cost(24, 26, 35).
cost(24, 27, 56).
cost(24, 28, 32).
cost(25, 1, 45).
cost(25, 2, 26).
cost(25, 3, 33).
cost(25, 4, 24).
cost(25, 5, 61).
cost(25, 6, 48).
cost(25, 7, 72).
cost(25, 8, 33).
cost(25, 9, 90).
cost(25, 10, 56).
cost(25, 11, 71).
cost(25, 12, 76).
cost(25, 13, 69).
cost(25, 14, 64).
cost(25, 15, 11).
cost(25, 16, 85).
cost(25, 17, 25).
cost(25, 18, 24).
cost(25, 19, 20).
cost(25, 20, 5).
cost(25, 21, 12).
cost(25, 22, 22).
cost(25, 23, 74).
cost(25, 24, 66).
cost(25, 26, 75).
cost(25, 27, 18).
cost(25, 28, 89).
cost(26, 1, 33).
cost(26, 2, 91).
cost(26, 3, 61).
cost(26, 4, 72).
cost(26, 5, 18).
cost(26, 6, 70).
cost(26, 7, 33).
cost(26, 8, 71).
cost(26, 9, 16).
cost(26, 10, 28).
cost(26, 11, 8).
cost(26, 12, 30).
cost(26, 13, 8).
cost(26, 14, 14).
cost(26, 15, 74).
cost(26, 16, 33).
cost(26, 17, 93).
cost(26, 18, 97).
cost(26, 19, 63).
cost(26, 20, 80).
cost(26, 21, 87).
cost(26, 22, 64).
cost(26, 23, 8).
cost(26, 24, 35).
cost(26, 25, 75).
cost(26, 27, 72).
cost(26, 28, 22).
cost(27, 1, 40).
cost(27, 2, 43).
cost(27, 3, 47).
cost(27, 4, 40).
cost(27, 5, 62).
cost(27, 6, 63).
cost(27, 7, 62).
cost(27, 8, 49).
cost(27, 9, 88).
cost(27, 10, 49).
cost(27, 11, 67).
cost(27, 12, 67).
cost(27, 13, 68).
cost(27, 14, 65).
cost(27, 15, 28).
cost(27, 16, 89).
cost(27, 17, 41).
cost(27, 18, 38).
cost(27, 19, 33).
cost(27, 20, 19).
cost(27, 21, 26).
cost(27, 22, 36).
cost(27, 23, 73).
cost(27, 24, 56).
cost(27, 25, 18).
cost(27, 26, 72).
cost(27, 28, 83).
cost(28, 1, 45).
cost(28, 2, 109).
cost(28, 3, 81).
cost(28, 4, 91).
cost(28, 5, 39).
cost(28, 6, 91).
cost(28, 7, 27).
cost(28, 8, 91).
cost(28, 9, 21).
cost(28, 10, 34).
cost(28, 11, 20).
cost(28, 12, 21).
cost(28, 13, 29).
cost(28, 14, 35).
cost(28, 15, 91).
cost(28, 16, 50).
cost(28, 17, 110).
cost(28, 18, 113).
cost(28, 19, 81).
cost(28, 20, 94).
cost(28, 21, 102).
cost(28, 22, 83).
cost(28, 23, 29).
cost(28, 24, 32).
cost(28, 25, 89).
cost(28, 26, 22).
cost(28, 27, 83).
