dimension(28).
point(1, 77.8108298651, 22.1575359223).
point(2, 73.2309614733, 30.3009337595).
point(3, 70.8616567609, 90.8045985234).
point(4, 21.7732269823, 65.6668033763).
point(5, 20.0272789856, 43.674195349).
point(6, 57.902579282, 19.9221332572).
point(7, 50.1619553716, 27.833678357).
point(8, 48.5849003479, 78.1095356788).
point(9, 40.5195910832, 92.7348979081).
point(10, 30.9982094771, 65.3160188906).
point(11, 57.0290723036, 77.2894333538).
point(12, 72.138592684, 46.6262254827).
point(13, 40.725446359, 12.8765072462).
point(14, 44.9808063415, 7.106672923).
point(15, 75.5383491051, 89.0842472849).
point(16, 37.4005054506, 7.0603808948).
point(17, 59.1035508839, 24.4258455844).
point(18, 21.6488188248, 67.5761047081).
point(19, 88.9467244697, 24.276338543).
point(20, 19.6256997719, 38.2495295984).
point(21, 18.5693603325, 78.3670425026).
point(22, 28.7560567954, 82.9128432429).
point(23, 77.358763352, 8.433839581).
point(24, 83.7566212018, 29.9113790254).
point(25, 37.275775069, 15.9035091968).
point(26, 57.889517628, 85.7284490837).
point(27, 60.188205474, 41.1358514014).
point(28, 44.911364729, 63.9512695544).
cost(1, 2, 9).
cost(1, 3, 69).
cost(1, 4, 71).
cost(1, 5, 62).
cost(1, 6, 20).
cost(1, 7, 28).
cost(1, 8, 63).
cost(1, 9, 80).
cost(1, 10, 64).
cost(1, 11, 59).
cost(1, 12, 25).
cost(1, 13, 38).
cost(1, 14, 36).
cost(1, 15, 67).
cost(1, 16, 43).
cost(1, 17, 19).
cost(1, 18, 72).
cost(1, 19, 11).
cost(1, 20, 60).
cost(1, 21, 82).
cost(1, 22, 78).
cost(1, 23, 14).
cost(1, 24, 10).
cost(1, 25, 41).
cost(1, 26, 67).
cost(1, 27, 26).
cost(1, 28, 53).
cost(2, 1, 9).
cost(2, 3, 61).
cost(2, 4, 62).
cost(2, 5, 55).
cost(2, 6, 19).
cost(2, 7, 23).
cost(2, 8, 54).
cost(2, 9, 70).
cost(2, 10, 55).
cost(2, 11, 50).
cost(2, 12, 16).
cost(2, 13, 37).
cost(2, 14, 37).
cost(2, 15, 59).
cost(2, 16, 43).
cost(2, 17, 15).
cost(2, 18, 64).
cost(2, 19, 17).
cost(2, 20, 54).
cost(2, 21, 73).
cost(2, 22, 69).
cost(2, 23, 22).
cost(2, 24, 11).
cost(2, 25, 39).
cost(2, 26, 58).
cost(2, 27, 17).
cost(2, 28, 44).
cost(3, 1, 69).
cost(3, 2, 61).
cost(3, 4, 55).
cost(3, 5, 69).
cost(3, 6, 72).
cost(3, 7, 66).
cost(3, 8, 26).
cost(3, 9, 30).
cost(3, 10, 47).
cost(3, 11, 19).
cost(3, 12, 44).
cost(3, 13, 84).
cost(3, 14, 88).
cost(3, 15, 5).
cost(3, 16, 90).
cost(3, 17, 67).
cost(3, 18, 54).
cost(3, 19, 69).
cost(3, 20, 73).
cost(3, 21, 54).
cost(3, 22, 43).
cost(3, 23, 83).
cost(3, 24, 62).
cost(3, 25, 82).
cost(3, 26, 14).
cost(3, 27, 51).
cost(3, 28, 37).
cost(4, 1, 71).
cost(4, 2, 62).
cost(4, 3, 55).
cost(4, 5, 22).
cost(4, 6, 58).
cost(4, 7, 47).
cost(4, 8, 30).
cost(4, 9, 33).
cost(4, 10, 9).
cost(4, 11, 37).
cost(4, 12, 54).
cost(4, 13, 56).
cost(4, 14, 63).
cost(4, 15, 59).
cost(4, 16, 61).
cost(4, 17, 56).
cost(4, 18, 2).
cost(4, 19, 79).
cost(4, 20, 28).
cost(4, 21, 13).
cost(4, 22, 19).
cost(4, 23, 80).
cost(4, 24, 72).
cost(4, 25, 52).
cost(4, 26, 41).
cost(4, 27, 46).
cost(4, 28, 23).
cost(5, 1, 62).
cost(5, 2, 55).
cost(5, 3, 69).
cost(5, 4, 22).
cost(5, 6, 45).
cost(5, 7, 34).
cost(5, 8, 45).
cost(5, 9, 53).
cost(5, 10, 24).
cost(5, 11, 50).
cost(5, 12, 52).
cost(5, 13, 37).
cost(5, 14, 44).
cost(5, 15, 72).
cost(5, 16, 41).
cost(5, 17, 44).
cost(5, 18, 24).
cost(5, 19, 72).
cost(5, 20, 5).
cost(5, 21, 35).
cost(5, 22, 40).
cost(5, 23, 67).
cost(5, 24, 65).
cost(5, 25, 33).
cost(5, 26, 57).
cost(5, 27, 40).
cost(5, 28, 32).
cost(6, 1, 20).
cost(6, 2, 19).
cost(6, 3, 72).
cost(6, 4, 58).
cost(6, 5, 45).
cost(6, 7, 11).
cost(6, 8, 59).
cost(6, 9, 75).
cost(6, 10, 53).
cost(6, 11, 57).
cost(6, 12, 30).
cost(6, 13, 19).
cost(6, 14, 18).
cost(6, 15, 71).
cost(6, 16, 24).
cost(6, 17, 5).
cost(6, 18, 60).
cost(6, 19, 31).
cost(6, 20, 42).
cost(6, 21, 70).
cost(6, 22, 69).
cost(6, 23, 23).
cost(6, 24, 28).
cost(6, 25, 21).
cost(6, 26, 66).
cost(6, 27, 21).
cost(6, 28, 46).
cost(7, 1, 28).
cost(7, 2, 23).
cost(7, 3, 66).
cost(7, 4, 47).
cost(7, 5, 34).
cost(7, 6, 11).
cost(7, 8, 50).
cost(7, 9, 66).
cost(7, 10, 42).
cost(7, 11, 50).
cost(7, 12, 29).
cost(7, 13, 18).
cost(7, 14, 21).
cost(7, 15, 66).
cost(7, 16, 24).
cost(7, 17, 10).
cost(7, 18, 49).
cost(7, 19, 39).
cost(7, 20, 32).
cost(7, 21, 60).
cost(7, 22, 59).
cost(7, 23, 33).
cost(7, 24, 34).
cost(7, 25, 18).
cost(7, 26, 58).
cost(7, 27, 17).
cost(7, 28, 36).
cost(8, 1, 63).
cost(8, 2, 54).
cost(8, 3, 26).
cost(8, 4, 30).
cost(8, 5, 45).
cost(8, 6, 59).
cost(8, 7, 50).
cost(8, 9, 17).
cost(8, 10, 22).
cost(8, 11, 8).
cost(8, 12, 39).
cost(8, 13, 66).
cost(8, 14, 71).
cost(8, 15, 29).
cost(8, 16, 72).
cost(8, 17, 55).
cost(8, 18, 29).
cost(8, 19, 67).
cost(8, 20, 49).
cost(8, 21, 30).
cost(8, 22, 20).
cost(8, 23, 75).
cost(8, 24, 60).
cost(8, 25, 63).
cost(8, 26, 12).
cost(8, 27, 39).
cost(8, 28, 15).
cost(9, 1, 80).
cost(9, 2, 70).
cost(9, 3, 30).
cost(9, 4, 33).
cost(9, 5, 53).
cost(9, 6, 75).
cost(9, 7, 66).
cost(9, 8, 17).
cost(9, 10, 29).
cost(9, 11, 23).
cost(9, 12, 56).
cost(9, 13, 80).
cost(9, 14, 86).
cost(9, 15, 35).
cost(9, 16, 86).
cost(9, 17, 71).
cost(9, 18, 31).
cost(9, 19, 84).
cost(9, 20, 58).
cost(9, 21, 26).
cost(9, 22, 15).
cost(9, 23, 92).
cost(9, 24, 76).
cost(9, 25, 77).
cost(9, 26, 19).
cost(9, 27, 55).
cost(9, 28, 29).
cost(10, 1, 64).
cost(10, 2, 55).
cost(10, 3, 47).
cost(10, 4, 9).
cost(10, 5, 24).
cost(10, 6, 53).
cost(10, 7, 42).
cost(10, 8, 22).
cost(10, 9, 29).
cost(10, 11, 29).
cost(10, 12, 45).
cost(10, 13, 53).
cost(10, 14, 60).
cost(10, 15, 50).
cost(10, 16, 59).
cost(10, 17, 50).
cost(10, 18, 10).
cost(10, 19, 71).
cost(10, 20, 29).
cost(10, 21, 18).
cost(10, 22, 18).
cost(10, 23, 73).
cost(10, 24, 64).
cost(10, 25, 50).
cost(10, 26, 34).
cost(10, 27, 38).
cost(10, 28, 14).
cost(11, 1, 59).
cost(11, 2, 50).
cost(11, 3, 19).
cost(11, 4, 37).
cost(11, 5, 50).
cost(11, 6, 57).
cost(11, 7, 50).
cost(11, 8, 8).
cost(11, 9, 23).
cost(11, 10, 29).
cost(11, 12, 34).
cost(11, 13, 66).
cost(11, 14, 71).
cost(11, 15, 22).
cost(11, 16, 73).
cost(11, 17, 53).
cost(11, 18, 37).
cost(11, 19, 62).
cost(11, 20, 54).
cost(11, 21, 38).
cost(11, 22, 29).
cost(11, 23, 72).
cost(11, 24, 54).
cost(11, 25, 64).
cost(11, 26, 8).
cost(11, 27, 36).
cost(11, 28, 18).
cost(12, 1, 25).
cost(12, 2, 16).
cost(12, 3, 44).
cost(12, 4, 54).
cost(12, 5, 52).
cost(12, 6, 30).
cost(12, 7, 29).
cost(12, 8, 39).
cost(12, 9, 56).
cost(12, 10, 45).
cost(12, 11, 34).
cost(12, 13, 46).
cost(12, 14, 48).
cost(12, 15, 43).
cost(12, 16, 53).
cost(12, 17, 26).
cost(12, 18, 55).
cost(12, 19, 28).
cost(12, 20, 53).
cost(12, 21, 62).
cost(12, 22, 57).
cost(12, 23, 39).
cost(12, 24, 20).
cost(12, 25, 46).
cost(12, 26, 42).
cost(12, 27, 13).
cost(12, 28, 32).
cost(13, 1, 38).
cost(13, 2, 37).
cost(13, 3, 84).
cost(13, 4, 56).
cost(13, 5, 37).
cost(13, 6, 19).
cost(13, 7, 18).
cost(13, 8, 66).
cost(13, 9, 80).
cost(13, 10, 53).
cost(13, 11, 66).
cost(13, 12, 46).
cost(13, 14, 7).
cost(13, 15, 84).
cost(13, 16, 7).
cost(13, 17, 22).
cost(13, 18, 58).
cost(13, 19, 50).
cost(13, 20, 33).
cost(13, 21, 69).
cost(13, 22, 71).
cost(13, 23, 37).
cost(13, 24, 46).
cost(13, 25, 5).
cost(13, 26, 75).
cost(13, 27, 34).
cost(13, 28, 51).
cost(14, 1, 36).
cost(14, 2, 37).
cost(14, 3, 88).
cost(14, 4, 63).
cost(14, 5, 44).
cost(14, 6, 18).
cost(14, 7, 21).
cost(14, 8, 71).
cost(14, 9, 86).
cost(14, 10, 60).
cost(14, 11, 71).
cost(14, 12, 48).
cost(14, 13, 7).
cost(14, 15, 87).
cost(14, 16, 8).
cost(14, 17, 22).
cost(14, 18, 65).
cost(14, 19, 47).
cost(14, 20, 40).
cost(14, 21, 76).
cost(14, 22, 78).
cost(14, 23, 32).
cost(14, 24, 45).
cost(14, 25, 12).
cost(14, 26, 80).
cost(14, 27, 37).
cost(14, 28, 57).
cost(15, 1, 67).
cost(15, 2, 59).
cost(15, 3, 5).
cost(15, 4, 59).
cost(15, 5, 72).
cost(15, 6, 71).
cost(15, 7, 66).
cost(15, 8, 29).
cost(15, 9, 35).
cost(15, 10, 50).
cost(15, 11, 22).
cost(15, 12, 43).
cost(15, 13, 84).
cost(15, 14, 87).
cost(15, 16, 90).
cost(15, 17, 67).
cost(15, 18, 58).
cost(15, 19, 66).
cost(15, 20, 76).
cost(15, 21, 58).
cost(15, 22, 47).
cost(15, 23, 81).
cost(15, 24, 60).
cost(15, 25, 83).
cost(15, 26, 18).
cost(15, 27, 50).
cost(15, 28, 40).
cost(16, 1, 43).
cost(16, 2, 43).
cost(16, 3, 90).
cost(16, 4, 61).
cost(16, 5, 41).
cost(16, 6, 24).
cost(16, 7, 24).
cost(16, 8, 72).
cost(16, 9, 86).
cost(16, 10, 59).
cost(16, 11, 73).
cost(16, 12, 53).
cost(16, 13, 7).
cost(16, 14, 8).
cost(16, 15, 90).
cost(16, 17, 28).
cost(16, 18, 63).
cost(16, 19, 54).
cost(16, 20, 36).
cost(16, 21, 74).
cost(16, 22, 76).
cost(16, 23, 40).
cost(16, 24, 52).
cost(16, 25, 9).
cost(16, 26, 81).
cost(16, 27, 41).
cost(16, 28, 57).
cost(17, 1, 19).
cost(17, 2, 15).
cost(17, 3, 67).
cost(17, 4, 56).
cost(17, 5, 44).
cost(17, 6, 5).
cost(17, 7, 10).
cost(17, 8, 55).
cost(17, 9, 71).
cost(17, 10, 50).
cost(17, 11, 53).
cost(17, 12, 26).
cost(17, 13, 22).
cost(17, 14, 22).
cost(17, 15, 67).
cost(17, 16, 28).
cost(17, 18, 57).
cost(17, 19, 30).
cost(17, 20, 42).
cost(17, 21, 67).
cost(17, 22, 66).
cost(17, 23, 24).
cost(17, 24, 25).
cost(17, 25, 23).
cost(17, 26, 61).
cost(17, 27, 17).
cost(17, 28, 42).
cost(18, 1, 72).
cost(18, 2, 64).
cost(18, 3, 54).
cost(18, 4, 2).
cost(18, 5, 24).
cost(18, 6, 60).
cost(18, 7, 49).
cost(18, 8, 29).
cost(18, 9, 31).
cost(18, 10, 10).
cost(18, 11, 37).
cost(18, 12, 55).
cost(18, 13, 58).
cost(18, 14, 65).
cost(18, 15, 58).
cost(18, 16, 63).
cost(18, 17, 57).
cost(18, 19, 80).
cost(18, 20, 29).
cost(18, 21, 11).
cost(18, 22, 17).
cost(18, 23, 81).
cost(18, 24, 73).
cost(18, 25, 54).
cost(18, 26, 41).
cost(18, 27, 47).
cost(18, 28, 24).
cost(19, 1, 11).
cost(19, 2, 17).
cost(19, 3, 69).
cost(19, 4, 79).
cost(19, 5, 72).
cost(19, 6, 31).
cost(19, 7, 39).
cost(19, 8, 67).
cost(19, 9, 84).
cost(19, 10, 71).
cost(19, 11, 62).
cost(19, 12, 28).
cost(19, 13, 50).
cost(19, 14, 47).
cost(19, 15, 66).
cost(19, 16, 54).
cost(19, 17, 30).
cost(19, 18, 80).
cost(19, 20, 71).
cost(19, 21, 89).
cost(19, 22, 84).
cost(19, 23, 20).
cost(19, 24, 8).
cost(19, 25, 52).
cost(19, 26, 69).
cost(19, 27, 33).
cost(19, 28, 59).
cost(20, 1, 60).
cost(20, 2, 54).
cost(20, 3, 73).
cost(20, 4, 28).
cost(20, 5, 5).
cost(20, 6, 42).
cost(20, 7, 32).
cost(20, 8, 49).
cost(20, 9, 58).
cost(20, 10, 29).
cost(20, 11, 54).
cost(20, 12, 53).
cost(20, 13, 33).
cost(20, 14, 40).
cost(20, 15, 76).
cost(20, 16, 36).
cost(20, 17, 42).
cost(20, 18, 29).
cost(20, 19, 71).
cost(20, 21, 40).
cost(20, 22, 46).
cost(20, 23, 65).
cost(20, 24, 65).
cost(20, 25, 28).
cost(20, 26, 61).
cost(20, 27, 41).
cost(20, 28, 36).
cost(21, 1, 82).
cost(21, 2, 73).
cost(21, 3, 54).
cost(21, 4, 13).
cost(21, 5, 35).
cost(21, 6, 70).
cost(21, 7, 60).
cost(21, 8, 30).
cost(21, 9, 26).
cost(21, 10, 18).
cost(21, 11, 38).
cost(21, 12, 62).
cost(21, 13, 69).
cost(21, 14, 76).
cost(21, 15, 58).
cost(21, 16, 74).
cost(21, 17, 67).
cost(21, 18, 11).
cost(21, 19, 89).
cost(21, 20, 40).
cost(21, 22, 11).
cost(21, 23, 91).
cost(21, 24, 81).
cost(21, 25, 65).
cost(21, 26, 40).
cost(21, 27, 56).
cost(21, 28, 30).
cost(22, 1, 78).
cost(22, 2, 69).
cost(22, 3, 43).
cost(22, 4, 19).
cost(22, 5, 40).
cost(22, 6, 69).
cost(22, 7, 59).
cost(22, 8, 20).
cost(22, 9, 15).
cost(22, 10, 18).
cost(22, 11, 29).
cost(22, 12, 57).
cost(22, 13, 71).
cost(22, 14, 78).
cost(22, 15, 47).
cost(22, 16, 76).
cost(22, 17, 66).
cost(22, 18, 17).
cost(22, 19, 84).
cost(22, 20, 46).
cost(22, 21, 11).
cost(22, 23, 89).
cost(22, 24, 76).
cost(22, 25, 68).
cost(22, 26, 29).
cost(22, 27, 52).
cost(22, 28, 25).
cost(23, 1, 14).
cost(23, 2, 22).
cost(23, 3, 83).
cost(23, 4, 80).
cost(23, 5, 67).
cost(23, 6, 23).
cost(23, 7, 33).
cost(23, 8, 75).
cost(23, 9, 92).
cost(23, 10, 73).
cost(23, 11, 72).
cost(23, 12, 39).
cost(23, 13, 37).
cost(23, 14, 32).
cost(23, 15, 81).
cost(23, 16, 40).
cost(23, 17, 24).
cost(23, 18, 81).
cost(23, 19, 20).
cost(23, 20, 65).
cost(23, 21, 91).
cost(23, 22, 89).
cost(23, 24, 22).
cost(23, 25, 41).
cost(23, 26, 80).
cost(23, 27, 37).
cost(23, 28, 64).
cost(24, 1, 10).
cost(24, 2, 11).
cost(24, 3, 62).
cost(24, 4, 72).
cost(24, 5, 65).
cost(24, 6, 28).
cost(24, 7, 34).
cost(24, 8, 60).
cost(24, 9, 76).
cost(24, 10, 64).
cost(24, 11, 54).
cost(24, 12, 20).
cost(24, 13, 46).
cost(24, 14, 45).
cost(24, 15, 60).
cost(24, 16, 52).
cost(24, 17, 25).
cost(24, 18, 73).
cost(24, 19, 8).
cost(24, 20, 65).
cost(24, 21, 81).
cost(24, 22, 76).
cost(24, 23, 22).
cost(24, 25, 49).
cost(24, 26, 62).
cost(24, 27, 26).
cost(24, 28, 52).
cost(25, 1, 41).
cost(25, 2, 39).
cost(25, 3, 82).
cost(25, 4, 52).
cost(25, 5, 33).
cost(25, 6, 21).
cost(25, 7, 18).
cost(25, 8, 63).
cost(25, 9, 77).
cost(25, 10, 50).
cost(25, 11, 64).
cost(25, 12, 46).
cost(25, 13, 5).
cost(25, 14, 12).
cost(25, 15, 83).
cost(25, 16, 9).
cost(25, 17, 23).
cost(25, 18, 54).
cost(25, 19, 52).
cost(25, 20, 28).
cost(25, 21, 65).
cost(25, 22, 68).
cost(25, 23, 41).
cost(25, 24, 49).
cost(25, 26, 73).
cost(25, 27, 34).
cost(25, 28, 49).
cost(26, 1, 67).
cost(26, 2, 58).
cost(26, 3, 14).
cost(26, 4, 41).
cost(26, 5, 57).
cost(26, 6, 66).
cost(26, 7, 58).
cost(26, 8, 12).
cost(26, 9, 19).
cost(26, 10, 34).
cost(26, 11, 8).
cost(26, 12, 42).
cost(26, 13, 75).
cost(26, 14, 80).
cost(26, 15, 18).
cost(26, 16, 81).
cost(26, 17, 61).
cost(26, 18, 41).
cost(26, 19, 69).
cost(26, 20, 61).
cost(26, 21, 40).
cost(26, 22, 29).
cost(26, 23, 80).
cost(26, 24, 62).
cost(26, 25, 73).
cost(26, 27, 45).
cost(26, 28, 25).
cost(27, 1, 26).
cost(27, 2, 17).
cost(27, 3, 51).
cost(27, 4, 46).
cost(27, 5, 40).
cost(27, 6, 21).
cost(27, 7, 17).
cost(27, 8, 39).
cost(27, 9, 55).
cost(27, 10, 38).
cost(27, 11, 36).
cost(27, 12, 13).
cost(27, 13, 34).
cost(27, 14, 37).
cost(27, 15, 50).
cost(27, 16, 41).
cost(27, 17, 17).
cost(27, 18, 47).
cost(27, 19, 33).
cost(27, 20, 41).
cost(27, 21, 56).
cost(27, 22, 52).
cost(27, 23, 37).
cost(27, 24, 26).
cost(27, 25, 34).
cost(27, 26, 45).
cost(27, 28, 27).
cost(28, 1, 53).
cost(28, 2, 44).
cost(28, 3, 37).
cost(28, 4, 23).
cost(28, 5, 32).
cost(28, 6, 46).
cost(28, 7, 36).
cost(28, 8, 15).
cost(28, 9, 29).
cost(28, 10, 14).
cost(28, 11, 18).
cost(28, 12, 32).
cost(28, 13, 51).
cost(28, 14, 57).
cost(28, 15, 40).
cost(28, 16, 57).
cost(28, 17, 42).
cost(28, 18, 24).
cost(28, 19, 59).
cost(28, 20, 36).
cost(28, 21, 30).
cost(28, 22, 25).
cost(28, 23, 64).
cost(28, 24, 52).
cost(28, 25, 49).
cost(28, 26, 25).
cost(28, 27, 27).
