dimension(28).
point(1, 425046.0, 945599.0).
point(2, 388041.0, 41996.0).
point(3, 53224.0, 2565.0).
point(4, 119890.0, 680305.0).
point(5, 951048.0, 95891.0).
point(6, 196044.0, 82217.0).
point(7, 220957.0, 559058.0).
point(8, 361588.0, 183739.0).
point(9, 876528.0, 229237.0).
point(10, 417092.0, 361024.0).
point(11, 186956.0, 712356.0).
point(12, 840344.0, 975452.0).
point(13, 107695.0, 463089.0).
point(14, 848009.0, 982446.0).
point(15, 708527.0, 917859.0).
point(16, 26923.0, 118719.0).
point(17, 963041.0, 79326.0).
point(18, 907875.0, 824148.0).
point(19, 22569.0, 17531.0).
point(20, 572515.0, 823445.0).
point(21, 316871.0, 950051.0).
point(22, 586456.0, 290522.0).
point(23, 133265.0, 930642.0).
point(24, 405768.0, 200728.0).
point(25, 208451.0, 86638.0).
point(26, 278310.0, 27220.0).
point(27, 993863.0, 466317.0).
point(28, 987319.0, 306327.0).
cost(1, 2, 904360).
cost(1, 3, 1013689).
cost(1, 4, 404353).
cost(1, 5, 999341).
cost(1, 6, 893236).
cost(1, 7, 437111).
cost(1, 8, 764498).
cost(1, 9, 846765).
cost(1, 10, 584629).
cost(1, 11, 333300).
cost(1, 12, 416370).
cost(1, 13, 577518).
cost(1, 14, 424565).
cost(1, 15, 284835).
cost(1, 16, 917732).
cost(1, 17, 1019739).
cost(1, 18, 497870).
cost(1, 19, 1011582).
cost(1, 20, 191491).
cost(1, 21, 108267).
cost(1, 22, 674670).
cost(1, 23, 292164).
cost(1, 24, 745120).
cost(1, 25, 885848).
cost(1, 26, 930028).
cost(1, 27, 743817).
cost(1, 28, 851363).
cost(2, 1, 904360).
cost(2, 3, 337131).
cost(2, 4, 692346).
cost(2, 5, 565581).
cost(2, 6, 196165).
cost(2, 7, 543388).
cost(2, 8, 144190).
cost(2, 9, 523143).
cost(2, 10, 320348).
cost(2, 11, 699870).
cost(2, 12, 1037265).
cost(2, 13, 505879).
cost(2, 14, 1046908).
cost(2, 15, 932656).
cost(2, 16, 369178).
cost(2, 17, 576210).
cost(2, 18, 939143).
cost(2, 19, 366290).
cost(2, 20, 802928).
cost(2, 21, 910840).
cost(2, 22, 318015).
cost(2, 23, 924447).
cost(2, 24, 159719).
cost(2, 25, 185055).
cost(2, 26, 110721).
cost(2, 27, 739641).
cost(2, 28, 654985).
cost(3, 1, 1013689).
cost(3, 2, 337131).
cost(3, 4, 681011).
cost(3, 5, 902661).
cost(3, 6, 163530).
cost(3, 7, 581222).
cost(3, 8, 357648).
cost(3, 9, 853938).
cost(3, 10, 510777).
cost(3, 11, 722279).
cost(3, 12, 1251426).
cost(3, 13, 463734).
cost(3, 14, 1261685).
cost(3, 15, 1125693).
cost(3, 16, 119094).
cost(3, 17, 913049).
cost(3, 18, 1185507).
cost(3, 19, 34113).
cost(3, 20, 971343).
cost(3, 21, 983483).
cost(3, 22, 606016).
cost(3, 23, 931522).
cost(3, 24, 404420).
cost(3, 25, 176532).
cost(3, 26, 226432).
cost(3, 27, 1048746).
cost(3, 28, 982245).
cost(4, 1, 404353).
cost(4, 2, 692346).
cost(4, 3, 681011).
cost(4, 5, 1016053).
cost(4, 6, 602917).
cost(4, 7, 157846).
cost(4, 8, 552264).
cost(4, 9, 880888).
cost(4, 10, 436199).
cost(4, 11, 74331).
cost(4, 12, 778566).
cost(4, 13, 217558).
cost(4, 14, 788319).
cost(4, 15, 634764).
cost(4, 16, 569229).
cost(4, 17, 1035413).
cost(4, 18, 801006).
cost(4, 19, 669881).
cost(4, 20, 474719).
cost(4, 21, 334013).
cost(4, 22, 607959).
cost(4, 23, 250694).
cost(4, 24, 558319).
cost(4, 25, 600236).
cost(4, 26, 672024).
cost(4, 27, 899789).
cost(4, 28, 944612).
cost(5, 1, 999341).
cost(5, 2, 565581).
cost(5, 3, 902661).
cost(5, 4, 1016053).
cost(5, 6, 755128).
cost(5, 7, 864614).
cost(5, 8, 595970).
cost(5, 9, 152756).
cost(5, 10, 596158).
cost(5, 11, 981767).
cost(5, 12, 886500).
cost(5, 13, 919825).
cost(5, 14, 892523).
cost(5, 15, 856999).
cost(5, 16, 924407).
cost(5, 17, 20451).
cost(5, 18, 729536).
cost(5, 19, 931780).
cost(5, 20, 820135).
cost(5, 21, 1063847).
cost(5, 22, 413290).
cost(5, 23, 1168580).
cost(5, 24, 555267).
cost(5, 25, 742655).
cost(5, 26, 676234).
cost(5, 27, 372892).
cost(5, 28, 213539).
cost(6, 1, 893236).
cost(6, 2, 196165).
cost(6, 3, 163530).
cost(6, 4, 602917).
cost(6, 5, 755128).
cost(6, 7, 477491).
cost(6, 8, 194195).
cost(6, 9, 696185).
cost(6, 10, 355803).
cost(6, 11, 630205).
cost(6, 12, 1101359).
cost(6, 13, 390985).
cost(6, 14, 1111517).
cost(6, 15, 980274).
cost(6, 16, 173015).
cost(6, 17, 767002).
cost(6, 18, 1028185).
cost(6, 19, 185143).
cost(6, 20, 831354).
cost(6, 21, 876205).
cost(6, 22, 442507).
cost(6, 23, 850744).
cost(6, 24, 240892).
cost(6, 25, 13171).
cost(6, 26, 98956).
cost(6, 27, 885465).
cost(6, 28, 822400).
cost(7, 1, 437111).
cost(7, 2, 543388).
cost(7, 3, 581222).
cost(7, 4, 157846).
cost(7, 5, 864614).
cost(7, 6, 477491).
cost(7, 8, 400801).
cost(7, 9, 733863).
cost(7, 10, 278723).
cost(7, 11, 157023).
cost(7, 12, 746341).
cost(7, 13, 148453).
cost(7, 14, 756605).
cost(7, 15, 605362).
cost(7, 16, 481194).
cost(7, 17, 883647).
cost(7, 18, 736294).
cost(7, 19, 576723).
cost(7, 20, 439879).
cost(7, 21, 402585).
cost(7, 22, 453543).
cost(7, 23, 381791).
cost(7, 24, 403182).
cost(7, 25, 472586).
cost(7, 26, 534922).
cost(7, 27, 778450).
cost(7, 28, 806960).
cost(8, 1, 764498).
cost(8, 2, 144190).
cost(8, 3, 357648).
cost(8, 4, 552264).
cost(8, 5, 595970).
cost(8, 6, 194195).
cost(8, 7, 400801).
cost(8, 9, 516946).
cost(8, 10, 185770).
cost(8, 11, 556716).
cost(8, 12, 925212).
cost(8, 13, 377489).
cost(8, 14, 935168).
cost(8, 15, 811972).
cost(8, 16, 340923).
cost(8, 17, 610449).
cost(8, 18, 841756).
cost(8, 19, 377570).
cost(8, 20, 673583).
cost(8, 21, 767616).
cost(8, 22, 248934).
cost(8, 23, 781022).
cost(8, 24, 47334).
cost(8, 25, 181327).
cost(8, 26, 177295).
cost(8, 27, 692547).
cost(8, 28, 637626).
cost(9, 1, 846765).
cost(9, 2, 523143).
cost(9, 3, 853938).
cost(9, 4, 880888).
cost(9, 5, 152756).
cost(9, 6, 696185).
cost(9, 7, 733863).
cost(9, 8, 516946).
cost(9, 10, 477964).
cost(9, 11, 841970).
cost(9, 12, 747092).
cost(9, 13, 803611).
cost(9, 14, 753749).
cost(9, 15, 708819).
cost(9, 16, 856763).
cost(9, 17, 173083).
cost(9, 18, 595736).
cost(9, 19, 879810).
cost(9, 20, 667463).
cost(9, 21, 912573).
cost(9, 22, 296475).
cost(9, 23, 1021963).
cost(9, 24, 471622).
cost(9, 25, 683126).
cost(9, 26, 631408).
cost(9, 27, 264527).
cost(9, 28, 134972).
cost(10, 1, 584629).
cost(10, 2, 320348).
cost(10, 3, 510777).
cost(10, 4, 436199).
cost(10, 5, 596158).
cost(10, 6, 355803).
cost(10, 7, 278723).
cost(10, 8, 185770).
cost(10, 9, 477964).
cost(10, 11, 419996).
cost(10, 12, 746099).
cost(10, 13, 325797).
cost(10, 14, 756211).
cost(10, 15, 628490).
cost(10, 16, 459286).
cost(10, 17, 614340).
cost(10, 18, 674798).
cost(10, 19, 523102).
cost(10, 20, 487842).
cost(10, 21, 597492).
cost(10, 22, 183452).
cost(10, 23, 636414).
cost(10, 24, 160695).
cost(10, 25, 344701).
cost(10, 26, 361505).
cost(10, 27, 586303).
cost(10, 28, 572844).
cost(11, 1, 333300).
cost(11, 2, 699870).
cost(11, 3, 722279).
cost(11, 4, 74331).
cost(11, 5, 981767).
cost(11, 6, 630205).
cost(11, 7, 157023).
cost(11, 8, 556716).
cost(11, 9, 841970).
cost(11, 10, 419996).
cost(11, 12, 704369).
cost(11, 13, 261565).
cost(11, 14, 714101).
cost(11, 15, 560596).
cost(11, 16, 614830).
cost(11, 17, 1001516).
cost(11, 18, 729535).
cost(11, 19, 714006).
cost(11, 20, 401244).
cost(11, 21, 270882).
cost(11, 22, 580986).
cost(11, 23, 224792).
cost(11, 24, 556455).
cost(11, 25, 626087).
cost(11, 26, 691200).
cost(11, 27, 843584).
cost(11, 28, 897463).
cost(12, 1, 416370).
cost(12, 2, 1037265).
cost(12, 3, 1251426).
cost(12, 4, 778566).
cost(12, 5, 886500).
cost(12, 6, 1101359).
cost(12, 7, 746341).
cost(12, 8, 925212).
cost(12, 9, 747092).
cost(12, 10, 746099).
cost(12, 11, 704369).
cost(12, 13, 894030).
cost(12, 14, 10376).
cost(12, 15, 143849).
cost(12, 16, 1181374).
cost(12, 17, 904487).
cost(12, 18, 165690).
cost(12, 19, 1259511).
cost(12, 20, 307959).
cost(12, 21, 524089).
cost(12, 22, 730471).
cost(12, 23, 708497).
cost(12, 24, 888287).
cost(12, 25, 1090541).
cost(12, 26, 1102282).
cost(12, 27, 531777).
cost(12, 28, 685077).
cost(13, 1, 577518).
cost(13, 2, 505879).
cost(13, 3, 463734).
cost(13, 4, 217558).
cost(13, 5, 919825).
cost(13, 6, 390985).
cost(13, 7, 148453).
cost(13, 8, 377489).
cost(13, 9, 803611).
cost(13, 10, 325797).
cost(13, 11, 261565).
cost(13, 12, 894030).
cost(13, 14, 904321).
cost(13, 15, 753535).
cost(13, 16, 353716).
cost(13, 17, 937492).
cost(13, 18, 877868).
cost(13, 19, 453617).
cost(13, 20, 588145).
cost(13, 21, 529987).
cost(13, 22, 508912).
cost(13, 23, 468252).
cost(13, 24, 397090).
cost(13, 25, 389701).
cost(13, 26, 468072).
cost(13, 27, 886174).
cost(13, 28, 893483).
cost(14, 1, 424565).
cost(14, 2, 1046908).
cost(14, 3, 1261685).
cost(14, 4, 788319).
cost(14, 5, 892523).
cost(14, 6, 1111517).
cost(14, 7, 756605).
cost(14, 8, 935168).
cost(14, 9, 753749).
cost(14, 10, 756211).
cost(14, 11, 714101).
cost(14, 12, 10376).
cost(14, 13, 904321).
cost(14, 15, 153710).
cost(14, 16, 1191724).
cost(14, 17, 910416).
cost(14, 18, 169240).
cost(14, 19, 1269808).
cost(14, 20, 318085).
cost(14, 21, 532125).
cost(14, 22, 739709).
cost(14, 23, 716619).
cost(14, 24, 898143).
cost(14, 25, 1100685).
cost(14, 26, 1112211).
cost(14, 27, 536342).
cost(14, 28, 690322).
cost(15, 1, 284835).
cost(15, 2, 932656).
cost(15, 3, 1125693).
cost(15, 4, 634764).
cost(15, 5, 856999).
cost(15, 6, 980274).
cost(15, 7, 605362).
cost(15, 8, 811972).
cost(15, 9, 708819).
cost(15, 10, 628490).
cost(15, 11, 560596).
cost(15, 12, 143849).
cost(15, 13, 753535).
cost(15, 14, 153710).
cost(15, 16, 1050337).
cost(15, 17, 876308).
cost(15, 18, 220276).
cost(15, 19, 1131870).
cost(15, 20, 165570).
cost(15, 21, 392977).
cost(15, 22, 639103).
cost(15, 23, 575404).
cost(15, 24, 778421).
cost(15, 25, 970054).
cost(15, 26, 989103).
cost(15, 27, 534141).
cost(15, 28, 672084).
cost(16, 1, 917732).
cost(16, 2, 369178).
cost(16, 3, 119094).
cost(16, 4, 569229).
cost(16, 5, 924407).
cost(16, 6, 173015).
cost(16, 7, 481194).
cost(16, 8, 340923).
cost(16, 9, 856763).
cost(16, 10, 459286).
cost(16, 11, 614830).
cost(16, 12, 1181374).
cost(16, 13, 353716).
cost(16, 14, 1191724).
cost(16, 15, 1050337).
cost(16, 17, 936946).
cost(16, 18, 1128586).
cost(16, 19, 101282).
cost(16, 20, 891240).
cost(16, 21, 880445).
cost(16, 22, 585315).
cost(16, 23, 818857).
cost(16, 24, 387620).
cost(16, 25, 184341).
cost(16, 26, 267521).
cost(16, 27, 1027520).
cost(16, 28, 978549).
cost(17, 1, 1019739).
cost(17, 2, 576210).
cost(17, 3, 913049).
cost(17, 4, 1035413).
cost(17, 5, 20451).
cost(17, 6, 767002).
cost(17, 7, 883647).
cost(17, 8, 610449).
cost(17, 9, 173083).
cost(17, 10, 614340).
cost(17, 11, 1001516).
cost(17, 12, 904487).
cost(17, 13, 937492).
cost(17, 14, 910416).
cost(17, 15, 876308).
cost(17, 16, 936946).
cost(17, 18, 746862).
cost(17, 19, 942500).
cost(17, 20, 840371).
cost(17, 21, 1084296).
cost(17, 22, 431764).
cost(17, 23, 1188809).
cost(17, 24, 570343).
cost(17, 25, 754625).
cost(17, 26, 686711).
cost(17, 27, 388216).
cost(17, 28, 228296).
cost(18, 1, 497870).
cost(18, 2, 939143).
cost(18, 3, 1185507).
cost(18, 4, 801006).
cost(18, 5, 729536).
cost(18, 6, 1028185).
cost(18, 7, 736294).
cost(18, 8, 841756).
cost(18, 9, 595736).
cost(18, 10, 674798).
cost(18, 11, 729535).
cost(18, 12, 165690).
cost(18, 13, 877868).
cost(18, 14, 169240).
cost(18, 15, 220276).
cost(18, 16, 1128586).
cost(18, 17, 746862).
cost(18, 19, 1197663).
cost(18, 20, 335361).
cost(18, 21, 604266).
cost(18, 22, 622950).
cost(18, 23, 781896).
cost(18, 24, 800477).
cost(18, 25, 1016423).
cost(18, 26, 1015601).
cost(18, 27, 368018).
cost(18, 28, 523880).
cost(19, 1, 1011582).
cost(19, 2, 366290).
cost(19, 3, 34113).
cost(19, 4, 669881).
cost(19, 5, 931780).
cost(19, 6, 185143).
cost(19, 7, 576723).
cost(19, 8, 377570).
cost(19, 9, 879810).
cost(19, 10, 523102).
cost(19, 11, 714006).
cost(19, 12, 1259511).
cost(19, 13, 453617).
cost(19, 14, 1269808).
cost(19, 15, 1131870).
cost(19, 16, 101282).
cost(19, 17, 942500).
cost(19, 18, 1197663).
cost(19, 20, 975673).
cost(19, 21, 977858).
cost(19, 22, 626492).
cost(19, 23, 919796).
cost(19, 24, 424738).
cost(19, 25, 198313).
cost(19, 26, 255924).
cost(19, 27, 1069963).
cost(19, 28, 1007048).
cost(20, 1, 191491).
cost(20, 2, 802928).
cost(20, 3, 971343).
cost(20, 4, 474719).
cost(20, 5, 820135).
cost(20, 6, 831354).
cost(20, 7, 439879).
cost(20, 8, 673583).
cost(20, 9, 667463).
cost(20, 10, 487842).
cost(20, 11, 401244).
cost(20, 12, 307959).
cost(20, 13, 588145).
cost(20, 14, 318085).
cost(20, 15, 165570).
cost(20, 16, 891240).
cost(20, 17, 840371).
cost(20, 18, 335361).
cost(20, 19, 975673).
cost(20, 21, 285277).
cost(20, 22, 533105).
cost(20, 23, 452141).
cost(20, 24, 644656).
cost(20, 25, 821844).
cost(20, 26, 848841).
cost(20, 27, 552336).
cost(20, 28, 662928).
cost(21, 1, 108267).
cost(21, 2, 910840).
cost(21, 3, 983483).
cost(21, 4, 334013).
cost(21, 5, 1063847).
cost(21, 6, 876205).
cost(21, 7, 402585).
cost(21, 8, 767616).
cost(21, 9, 912573).
cost(21, 10, 597492).
cost(21, 11, 270882).
cost(21, 12, 524089).
cost(21, 13, 529987).
cost(21, 14, 532125).
cost(21, 15, 392977).
cost(21, 16, 880445).
cost(21, 17, 1084296).
cost(21, 18, 604266).
cost(21, 19, 977858).
cost(21, 20, 285277).
cost(21, 22, 712499).
cost(21, 23, 184629).
cost(21, 24, 754578).
cost(21, 25, 870194).
cost(21, 26, 923636).
cost(21, 27, 832056).
cost(21, 28, 929452).
cost(22, 1, 674670).
cost(22, 2, 318015).
cost(22, 3, 606016).
cost(22, 4, 607959).
cost(22, 5, 413290).
cost(22, 6, 442507).
cost(22, 7, 453543).
cost(22, 8, 248934).
cost(22, 9, 296475).
cost(22, 10, 183452).
cost(22, 11, 580986).
cost(22, 12, 730471).
cost(22, 13, 508912).
cost(22, 14, 739709).
cost(22, 15, 639103).
cost(22, 16, 585315).
cost(22, 17, 431764).
cost(22, 18, 622950).
cost(22, 19, 626492).
cost(22, 20, 533105).
cost(22, 21, 712499).
cost(22, 23, 784306).
cost(22, 24, 201770).
cost(22, 25, 429484).
cost(22, 26, 405317).
cost(22, 27, 443717).
cost(22, 28, 401174).
cost(23, 1, 292164).
cost(23, 2, 924447).
cost(23, 3, 931522).
cost(23, 4, 250694).
cost(23, 5, 1168580).
cost(23, 6, 850744).
cost(23, 7, 381791).
cost(23, 8, 781022).
cost(23, 9, 1021963).
cost(23, 10, 636414).
cost(23, 11, 224792).
cost(23, 12, 708497).
cost(23, 13, 468252).
cost(23, 14, 716619).
cost(23, 15, 575404).
cost(23, 16, 818857).
cost(23, 17, 1188809).
cost(23, 18, 781896).
cost(23, 19, 919796).
cost(23, 20, 452141).
cost(23, 21, 184629).
cost(23, 22, 784306).
cost(23, 24, 779123).
cost(23, 25, 847346).
cost(23, 26, 914991).
cost(23, 27, 977868).
cost(23, 28, 1057912).
cost(24, 1, 745120).
cost(24, 2, 159719).
cost(24, 3, 404420).
cost(24, 4, 558319).
cost(24, 5, 555267).
cost(24, 6, 240892).
cost(24, 7, 403182).
cost(24, 8, 47334).
cost(24, 9, 471622).
cost(24, 10, 160695).
cost(24, 11, 556455).
cost(24, 12, 888287).
cost(24, 13, 397090).
cost(24, 14, 898143).
cost(24, 15, 778421).
cost(24, 16, 387620).
cost(24, 17, 570343).
cost(24, 18, 800477).
cost(24, 19, 424738).
cost(24, 20, 644656).
cost(24, 21, 754578).
cost(24, 22, 201770).
cost(24, 23, 779123).
cost(24, 25, 227927).
cost(24, 26, 215292).
cost(24, 27, 645285).
cost(24, 28, 591061).
cost(25, 1, 885848).
cost(25, 2, 185055).
cost(25, 3, 176532).
cost(25, 4, 600236).
cost(25, 5, 742655).
cost(25, 6, 13171).
cost(25, 7, 472586).
cost(25, 8, 181327).
cost(25, 9, 683126).
cost(25, 10, 344701).
cost(25, 11, 626087).
cost(25, 12, 1090541).
cost(25, 13, 389701).
cost(25, 14, 1100685).
cost(25, 15, 970054).
cost(25, 16, 184341).
cost(25, 17, 754625).
cost(25, 18, 1016423).
cost(25, 19, 198313).
cost(25, 20, 821844).
cost(25, 21, 870194).
cost(25, 22, 429484).
cost(25, 23, 847346).
cost(25, 24, 227927).
cost(25, 26, 91710).
cost(25, 27, 872369).
cost(25, 28, 809258).
cost(26, 1, 930028).
cost(26, 2, 110721).
cost(26, 3, 226432).
cost(26, 4, 672024).
cost(26, 5, 676234).
cost(26, 6, 98956).
cost(26, 7, 534922).
cost(26, 8, 177295).
cost(26, 9, 631408).
cost(26, 10, 361505).
cost(26, 11, 691200).
cost(26, 12, 1102282).
cost(26, 13, 468072).
cost(26, 14, 1112211).
cost(26, 15, 989103).
cost(26, 16, 267521).
cost(26, 17, 686711).
cost(26, 18, 1015601).
cost(26, 19, 255924).
cost(26, 20, 848841).
cost(26, 21, 923636).
cost(26, 22, 405317).
cost(26, 23, 914991).
cost(26, 24, 215292).
cost(26, 25, 91710).
cost(26, 27, 839537).
cost(26, 28, 761968).
cost(27, 1, 743817).
cost(27, 2, 739641).
cost(27, 3, 1048746).
cost(27, 4, 899789).
cost(27, 5, 372892).
cost(27, 6, 885465).
cost(27, 7, 778450).
cost(27, 8, 692547).
cost(27, 9, 264527).
cost(27, 10, 586303).
cost(27, 11, 843584).
cost(27, 12, 531777).
cost(27, 13, 886174).
cost(27, 14, 536342).
cost(27, 15, 534141).
cost(27, 16, 1027520).
cost(27, 17, 388216).
cost(27, 18, 368018).
cost(27, 19, 1069963).
cost(27, 20, 552336).
cost(27, 21, 832056).
cost(27, 22, 443717).
cost(27, 23, 977868).
cost(27, 24, 645285).
cost(27, 25, 872369).
cost(27, 26, 839537).
cost(27, 28, 160124).
cost(28, 1, 851363).
cost(28, 2, 654985).
cost(28, 3, 982245).
cost(28, 4, 944612).
cost(28, 5, 213539).
cost(28, 6, 822400).
cost(28, 7, 806960).
cost(28, 8, 637626).
cost(28, 9, 134972).
cost(28, 10, 572844).
cost(28, 11, 897463).
cost(28, 12, 685077).
cost(28, 13, 893483).
cost(28, 14, 690322).
cost(28, 15, 672084).
cost(28, 16, 978549).
cost(28, 17, 228296).
cost(28, 18, 523880).
cost(28, 19, 1007048).
cost(28, 20, 662928).
cost(28, 21, 929452).
cost(28, 22, 401174).
cost(28, 23, 1057912).
cost(28, 24, 591061).
cost(28, 25, 809258).
cost(28, 26, 761968).
cost(28, 27, 160124).
