dimension(28).
point(1, 327730.0, 620723.0).
point(2, 998859.0, 176831.0).
point(3, 250906.0, 64115.0).
point(4, 474274.0, 906224.0).
point(5, 39168.0, 271006.0).
point(6, 219226.0, 424890.0).
point(7, 79096.0, 271599.0).
point(8, 960554.0, 955592.0).
point(9, 718686.0, 473516.0).
point(10, 378988.0, 866828.0).
point(11, 216892.0, 3860.0).
point(12, 878446.0, 123903.0).
point(13, 283132.0, 660813.0).
point(14, 719237.0, 372432.0).
point(15, 209235.0, 911562.0).
point(16, 533517.0, 87844.0).
point(17, 262838.0, 114568.0).
point(18, 627071.0, 170308.0).
point(19, 55291.0, 800632.0).
point(20, 550493.0, 576616.0).
point(21, 104376.0, 666744.0).
point(22, 707904.0, 64826.0).
point(23, 334242.0, 295384.0).
point(24, 392495.0, 760544.0).
point(25, 507557.0, 301444.0).
point(26, 482602.0, 704599.0).
point(27, 458013.0, 420521.0).
point(28, 908621.0, 239886.0).
cost(1, 2, 804645).
cost(1, 3, 561885).
cost(1, 4, 320914).
cost(1, 5, 453398).
cost(1, 6, 223883).
cost(1, 7, 428610).
cost(1, 8, 715963).
cost(1, 9, 417752).
cost(1, 10, 251386).
cost(1, 11, 626742).
cost(1, 12, 741700).
cost(1, 13, 59968).
cost(1, 14, 463601).
cost(1, 15, 314052).
cost(1, 16, 571234).
cost(1, 17, 510298).
cost(1, 18, 540813).
cost(1, 19, 326482).
cost(1, 20, 227088).
cost(1, 21, 228046).
cost(1, 22, 673464).
cost(1, 23, 325404).
cost(1, 24, 154092).
cost(1, 25, 366438).
cost(1, 26, 176126).
cost(1, 27, 238861).
cost(1, 28, 694601).
cost(2, 1, 804645).
cost(2, 3, 756398).
cost(2, 4, 898445).
cost(2, 5, 964301).
cost(2, 6, 818145).
cost(2, 7, 924632).
cost(2, 8, 779702).
cost(2, 9, 408067).
cost(2, 10, 927543).
cost(2, 11, 800869).
cost(2, 12, 131532).
cost(2, 13, 864004).
cost(2, 14, 341245).
cost(2, 15, 1078580).
cost(2, 16, 473774).
cost(2, 17, 738650).
cost(2, 18, 371845).
cost(2, 19, 1131127).
cost(2, 20, 600716).
cost(2, 21, 1019860).
cost(2, 22, 311769).
cost(2, 23, 675108).
cost(2, 24, 841664).
cost(2, 25, 506859).
cost(2, 26, 738282).
cost(2, 27, 593211).
cost(2, 28, 110086).
cost(3, 1, 561885).
cost(3, 2, 756398).
cost(3, 4, 871229).
cost(3, 5, 296035).
cost(3, 6, 362163).
cost(3, 7, 269385).
cost(3, 8, 1139444).
cost(3, 9, 621633).
cost(3, 10, 812867).
cost(3, 11, 69193).
cost(3, 12, 630382).
cost(3, 13, 597568).
cost(3, 14, 560708).
cost(3, 15, 848471).
cost(3, 16, 283605).
cost(3, 17, 51845).
cost(3, 18, 390867).
cost(3, 19, 762052).
cost(3, 20, 593641).
cost(3, 21, 620188).
cost(3, 22, 456999).
cost(3, 23, 245826).
cost(3, 24, 710676).
cost(3, 25, 349564).
cost(3, 26, 681104).
cost(3, 27, 412212).
cost(3, 28, 680797).
cost(4, 1, 320914).
cost(4, 2, 898445).
cost(4, 3, 871229).
cost(4, 5, 769947).
cost(4, 6, 544731).
cost(4, 7, 747606).
cost(4, 8, 488780).
cost(4, 9, 496964).
cost(4, 10, 103109).
cost(4, 11, 938353).
cost(4, 12, 880557).
cost(4, 13, 311066).
cost(4, 14, 587317).
cost(4, 15, 265093).
cost(4, 16, 820522).
cost(4, 17, 819405).
cost(4, 18, 751611).
cost(4, 19, 432084).
cost(4, 20, 338306).
cost(4, 21, 440653).
cost(4, 22, 873232).
cost(4, 23, 626685).
cost(4, 24, 167064).
cost(4, 25, 605695).
cost(4, 26, 201797).
cost(4, 27, 485975).
cost(4, 28, 795402).
cost(5, 1, 453398).
cost(5, 2, 964301).
cost(5, 3, 296035).
cost(5, 4, 769947).
cost(5, 6, 236857).
cost(5, 7, 39932).
cost(5, 8, 1147872).
cost(5, 9, 709052).
cost(5, 10, 685917).
cost(5, 11, 320863).
cost(5, 12, 852072).
cost(5, 13, 459856).
cost(5, 14, 687591).
cost(5, 15, 662748).
cost(5, 16, 527190).
cost(5, 17, 272949).
cost(5, 18, 596465).
cost(5, 19, 529871).
cost(5, 20, 595693).
cost(5, 21, 401074).
cost(5, 22, 699799).
cost(5, 23, 296079).
cost(5, 24, 603728).
cost(5, 25, 469377).
cost(5, 26, 620191).
cost(5, 27, 444731).
cost(5, 28, 870010).
cost(6, 1, 223883).
cost(6, 2, 818145).
cost(6, 3, 362163).
cost(6, 4, 544731).
cost(6, 5, 236857).
cost(6, 7, 207689).
cost(6, 8, 911708).
cost(6, 9, 501821).
cost(6, 10, 469929).
cost(6, 11, 421036).
cost(6, 12, 724682).
cost(6, 13, 244425).
cost(6, 14, 502755).
cost(6, 15, 486775).
cost(6, 16, 460846).
cost(6, 17, 313372).
cost(6, 18, 480780).
cost(6, 19, 409947).
cost(6, 20, 364361).
cost(6, 21, 267738).
cost(6, 22, 607003).
cost(6, 23, 173206).
cost(6, 24, 377738).
cost(6, 25, 313646).
cost(6, 26, 384193).
cost(6, 27, 238827).
cost(6, 28, 713787).
cost(7, 1, 428610).
cost(7, 2, 924632).
cost(7, 3, 269385).
cost(7, 4, 747606).
cost(7, 5, 39932).
cost(7, 6, 207689).
cost(7, 8, 1115713).
cost(7, 9, 670705).
cost(7, 10, 666508).
cost(7, 11, 301118).
cost(7, 12, 812880).
cost(7, 13, 439452).
cost(7, 14, 648034).
cost(7, 15, 653061).
cost(7, 16, 490168).
cost(7, 17, 241702).
cost(7, 18, 557258).
cost(7, 19, 529568).
cost(7, 20, 561472).
cost(7, 21, 395953).
cost(7, 22, 661932).
cost(7, 23, 256252).
cost(7, 24, 580763).
cost(7, 25, 429499).
cost(7, 26, 591867).
cost(7, 27, 407131).
cost(7, 28, 830131).
cost(8, 1, 715963).
cost(8, 2, 779702).
cost(8, 3, 1139444).
cost(8, 4, 488780).
cost(8, 5, 1147872).
cost(8, 6, 911708).
cost(8, 7, 1115713).
cost(8, 9, 539349).
cost(8, 10, 588301).
cost(8, 11, 1207819).
cost(8, 12, 835732).
cost(8, 13, 738780).
cost(8, 14, 631118).
cost(8, 15, 752608).
cost(8, 16, 967133).
cost(8, 17, 1092762).
cost(8, 18, 853160).
cost(8, 19, 918430).
cost(8, 20, 558366).
cost(8, 21, 903589).
cost(8, 22, 925903).
cost(8, 23, 910023).
cost(8, 24, 600612).
cost(8, 25, 795686).
cost(8, 26, 539848).
cost(8, 27, 734063).
cost(8, 28, 717588).
cost(9, 1, 417752).
cost(9, 2, 408067).
cost(9, 3, 621633).
cost(9, 4, 496964).
cost(9, 5, 709052).
cost(9, 6, 501821).
cost(9, 7, 670705).
cost(9, 8, 539349).
cost(9, 10, 519701).
cost(9, 11, 687295).
cost(9, 12, 384386).
cost(9, 13, 474118).
cost(9, 14, 101086).
cost(9, 15, 671881).
cost(9, 16, 427821).
cost(9, 17, 580208).
cost(9, 18, 316747).
cost(9, 19, 739661).
cost(9, 20, 197278).
cost(9, 21, 643983).
cost(9, 22, 408832).
cost(9, 23, 423708).
cost(9, 24, 434495).
cost(9, 25, 272368).
cost(9, 26, 330356).
cost(9, 27, 266005).
cost(9, 28, 301095).
cost(10, 1, 251386).
cost(10, 2, 927543).
cost(10, 3, 812867).
cost(10, 4, 103109).
cost(10, 5, 685917).
cost(10, 6, 469929).
cost(10, 7, 666508).
cost(10, 8, 588301).
cost(10, 9, 519701).
cost(10, 11, 878060).
cost(10, 12, 895207).
cost(10, 13, 227224).
cost(10, 14, 600164).
cost(10, 15, 175548).
cost(10, 16, 794163).
cost(10, 17, 761174).
cost(10, 18, 739382).
cost(10, 19, 330396).
cost(10, 20, 337101).
cost(10, 21, 339773).
cost(10, 22, 866829).
cost(10, 23, 573193).
cost(10, 24, 107139).
cost(10, 25, 579818).
cost(10, 26, 192494).
cost(10, 27, 453249).
cost(10, 28, 820712).
cost(11, 1, 626742).
cost(11, 2, 800869).
cost(11, 3, 69193).
cost(11, 4, 938353).
cost(11, 5, 320863).
cost(11, 6, 421036).
cost(11, 7, 301118).
cost(11, 8, 1207819).
cost(11, 9, 687295).
cost(11, 10, 878060).
cost(11, 12, 672357).
cost(11, 13, 660284).
cost(11, 14, 623054).
cost(11, 15, 907734).
cost(11, 16, 327574).
cost(11, 17, 119864).
cost(11, 18, 442664).
cost(11, 19, 812995).
cost(11, 20, 662827).
cost(11, 21, 672365).
cost(11, 22, 494782).
cost(11, 23, 314257).
cost(11, 24, 776793).
cost(11, 25, 415984).
cost(11, 26, 749424).
cost(11, 27, 481400).
cost(11, 28, 730888).
cost(12, 1, 741700).
cost(12, 2, 131532).
cost(12, 3, 630382).
cost(12, 4, 880557).
cost(12, 5, 852072).
cost(12, 6, 724682).
cost(12, 7, 812880).
cost(12, 8, 835732).
cost(12, 9, 384386).
cost(12, 10, 895207).
cost(12, 11, 672357).
cost(12, 13, 801668).
cost(12, 14, 295151).
cost(12, 15, 1033562).
cost(12, 16, 346809).
cost(12, 17, 615679).
cost(12, 18, 255622).
cost(12, 19, 1065620).
cost(12, 20, 559019).
cost(12, 21, 945442).
cost(12, 22, 180485).
cost(12, 23, 570582).
cost(12, 24, 800912).
cost(12, 25, 411193).
cost(12, 26, 702780).
cost(12, 27, 514535).
cost(12, 28, 119844).
cost(13, 1, 59968).
cost(13, 2, 864004).
cost(13, 3, 597568).
cost(13, 4, 311066).
cost(13, 5, 459856).
cost(13, 6, 244425).
cost(13, 7, 439452).
cost(13, 8, 738780).
cost(13, 9, 474118).
cost(13, 10, 227224).
cost(13, 11, 660284).
cost(13, 12, 801668).
cost(13, 14, 522830).
cost(13, 15, 261411).
cost(13, 16, 625289).
cost(13, 17, 546622).
cost(13, 18, 599074).
cost(13, 19, 267322).
cost(13, 20, 280305).
cost(13, 21, 178854).
cost(13, 22, 731869).
cost(13, 23, 368986).
cost(13, 24, 148009).
cost(13, 25, 423689).
cost(13, 26, 204219).
cost(13, 27, 297193).
cost(13, 28, 753934).
cost(14, 1, 463601).
cost(14, 2, 341245).
cost(14, 3, 560708).
cost(14, 4, 587317).
cost(14, 5, 687591).
cost(14, 6, 502755).
cost(14, 7, 648034).
cost(14, 8, 631118).
cost(14, 9, 101086).
cost(14, 10, 600164).
cost(14, 11, 623054).
cost(14, 12, 295151).
cost(14, 13, 522830).
cost(14, 15, 742134).
cost(14, 16, 339827).
cost(14, 17, 524208).
cost(14, 18, 222146).
cost(14, 19, 790050).
cost(14, 20, 264888).
cost(14, 21, 681670).
cost(14, 22, 307815).
cost(14, 23, 392629).
cost(14, 24, 507337).
cost(14, 25, 223266).
cost(14, 26, 407837).
cost(14, 27, 265613).
cost(14, 28, 231160).
cost(15, 1, 314052).
cost(15, 2, 1078580).
cost(15, 3, 848471).
cost(15, 4, 265093).
cost(15, 5, 662748).
cost(15, 6, 486775).
cost(15, 7, 653061).
cost(15, 8, 752608).
cost(15, 9, 671881).
cost(15, 10, 175548).
cost(15, 11, 907734).
cost(15, 12, 1033562).
cost(15, 13, 261411).
cost(15, 14, 742134).
cost(15, 16, 885251).
cost(15, 17, 798795).
cost(15, 18, 850908).
cost(15, 19, 189748).
cost(15, 20, 478169).
cost(15, 21, 266329).
cost(15, 22, 982666).
cost(15, 23, 628731).
cost(15, 24, 237467).
cost(15, 25, 679147).
cost(15, 26, 342875).
cost(15, 27, 550465).
cost(15, 28, 969685).
cost(16, 1, 571234).
cost(16, 2, 473774).
cost(16, 3, 283605).
cost(16, 4, 820522).
cost(16, 5, 527190).
cost(16, 6, 460846).
cost(16, 7, 490168).
cost(16, 8, 967133).
cost(16, 9, 427821).
cost(16, 10, 794163).
cost(16, 11, 327574).
cost(16, 12, 346809).
cost(16, 13, 625289).
cost(16, 14, 339827).
cost(16, 15, 885251).
cost(16, 17, 271995).
cost(16, 18, 124710).
cost(16, 19, 858351).
cost(16, 20, 489067).
cost(16, 21, 720616).
cost(16, 22, 175900).
cost(16, 23, 287721).
cost(16, 24, 687323).
cost(16, 25, 215172).
cost(16, 26, 618853).
cost(16, 27, 341138).
cost(16, 28, 404747).
cost(17, 1, 510298).
cost(17, 2, 738650).
cost(17, 3, 51845).
cost(17, 4, 819405).
cost(17, 5, 272949).
cost(17, 6, 313372).
cost(17, 7, 241702).
cost(17, 8, 1092762).
cost(17, 9, 580208).
cost(17, 10, 761174).
cost(17, 11, 119864).
cost(17, 12, 615679).
cost(17, 13, 546622).
cost(17, 14, 524208).
cost(17, 15, 798795).
cost(17, 16, 271995).
cost(17, 18, 368473).
cost(17, 19, 716770).
cost(17, 20, 544274).
cost(17, 21, 574464).
cost(17, 22, 447837).
cost(17, 23, 194404).
cost(17, 24, 658860).
cost(17, 25, 307912).
cost(17, 26, 629629).
cost(17, 27, 362906).
cost(17, 28, 657830).
cost(18, 1, 540813).
cost(18, 2, 371845).
cost(18, 3, 390867).
cost(18, 4, 751611).
cost(18, 5, 596465).
cost(18, 6, 480780).
cost(18, 7, 557258).
cost(18, 8, 853160).
cost(18, 9, 316747).
cost(18, 10, 739382).
cost(18, 11, 442664).
cost(18, 12, 255622).
cost(18, 13, 599074).
cost(18, 14, 222146).
cost(18, 15, 850908).
cost(18, 16, 124710).
cost(18, 17, 368473).
cost(18, 19, 851023).
cost(18, 20, 413461).
cost(18, 21, 720874).
cost(18, 22, 132893).
cost(18, 23, 318422).
cost(18, 24, 635141).
cost(18, 25, 177427).
cost(18, 26, 553478).
cost(18, 27, 301972).
cost(18, 28, 290020).
cost(19, 1, 326482).
cost(19, 2, 1131127).
cost(19, 3, 762052).
cost(19, 4, 432084).
cost(19, 5, 529871).
cost(19, 6, 409947).
cost(19, 7, 529568).
cost(19, 8, 918430).
cost(19, 9, 739661).
cost(19, 10, 330396).
cost(19, 11, 812995).
cost(19, 12, 1065620).
cost(19, 13, 267322).
cost(19, 14, 790050).
cost(19, 15, 189748).
cost(19, 16, 858351).
cost(19, 17, 716770).
cost(19, 18, 851023).
cost(19, 20, 543515).
cost(19, 21, 142602).
cost(19, 22, 983521).
cost(19, 23, 577139).
cost(19, 24, 339579).
cost(19, 25, 673597).
cost(19, 26, 437969).
cost(19, 27, 553777).
cost(19, 28, 1021082).
cost(20, 1, 227088).
cost(20, 2, 600716).
cost(20, 3, 593641).
cost(20, 4, 338306).
cost(20, 5, 595693).
cost(20, 6, 364361).
cost(20, 7, 561472).
cost(20, 8, 558366).
cost(20, 9, 197278).
cost(20, 10, 337101).
cost(20, 11, 662827).
cost(20, 12, 559019).
cost(20, 13, 280305).
cost(20, 14, 264888).
cost(20, 15, 478169).
cost(20, 16, 489067).
cost(20, 17, 544274).
cost(20, 18, 413461).
cost(20, 19, 543515).
cost(20, 21, 455130).
cost(20, 22, 535450).
cost(20, 23, 354762).
cost(20, 24, 242472).
cost(20, 25, 278502).
cost(20, 26, 144875).
cost(20, 27, 181434).
cost(20, 28, 491572).
cost(21, 1, 228046).
cost(21, 2, 1019860).
cost(21, 3, 620188).
cost(21, 4, 440653).
cost(21, 5, 401074).
cost(21, 6, 267738).
cost(21, 7, 395953).
cost(21, 8, 903589).
cost(21, 9, 643983).
cost(21, 10, 339773).
cost(21, 11, 672365).
cost(21, 12, 945442).
cost(21, 13, 178854).
cost(21, 14, 681670).
cost(21, 15, 266329).
cost(21, 16, 720616).
cost(21, 17, 574464).
cost(21, 18, 720874).
cost(21, 19, 142602).
cost(21, 20, 455130).
cost(21, 22, 852380).
cost(21, 23, 436745).
cost(21, 24, 303003).
cost(21, 25, 544058).
cost(21, 26, 380116).
cost(21, 27, 430912).
cost(21, 28, 910504).
cost(22, 1, 673464).
cost(22, 2, 311769).
cost(22, 3, 456999).
cost(22, 4, 873232).
cost(22, 5, 699799).
cost(22, 6, 607003).
cost(22, 7, 661932).
cost(22, 8, 925903).
cost(22, 9, 408832).
cost(22, 10, 866829).
cost(22, 11, 494782).
cost(22, 12, 180485).
cost(22, 13, 731869).
cost(22, 14, 307815).
cost(22, 15, 982666).
cost(22, 16, 175900).
cost(22, 17, 447837).
cost(22, 18, 132893).
cost(22, 19, 983521).
cost(22, 20, 535450).
cost(22, 21, 852380).
cost(22, 23, 439068).
cost(22, 24, 763876).
cost(22, 25, 310044).
cost(22, 26, 678285).
cost(22, 27, 434700).
cost(22, 28, 266333).
cost(23, 1, 325404).
cost(23, 2, 675108).
cost(23, 3, 245826).
cost(23, 4, 626685).
cost(23, 5, 296079).
cost(23, 6, 173206).
cost(23, 7, 256252).
cost(23, 8, 910023).
cost(23, 9, 423708).
cost(23, 10, 573193).
cost(23, 11, 314257).
cost(23, 12, 570582).
cost(23, 13, 368986).
cost(23, 14, 392629).
cost(23, 15, 628731).
cost(23, 16, 287721).
cost(23, 17, 194404).
cost(23, 18, 318422).
cost(23, 19, 577139).
cost(23, 20, 354762).
cost(23, 21, 436745).
cost(23, 22, 439068).
cost(23, 24, 468793).
cost(23, 25, 173421).
cost(23, 26, 435279).
cost(23, 27, 176007).
cost(23, 28, 577054).
cost(24, 1, 154092).
cost(24, 2, 841664).
cost(24, 3, 710676).
cost(24, 4, 167064).
cost(24, 5, 603728).
cost(24, 6, 377738).
cost(24, 7, 580763).
cost(24, 8, 600612).
cost(24, 9, 434495).
cost(24, 10, 107139).
cost(24, 11, 776793).
cost(24, 12, 800912).
cost(24, 13, 148009).
cost(24, 14, 507337).
cost(24, 15, 237467).
cost(24, 16, 687323).
cost(24, 17, 658860).
cost(24, 18, 635141).
cost(24, 19, 339579).
cost(24, 20, 242472).
cost(24, 21, 303003).
cost(24, 22, 763876).
cost(24, 23, 468793).
cost(24, 25, 473299).
cost(24, 26, 106062).
cost(24, 27, 346278).
cost(24, 28, 733124).
cost(25, 1, 366438).
cost(25, 2, 506859).
cost(25, 3, 349564).
cost(25, 4, 605695).
cost(25, 5, 469377).
cost(25, 6, 313646).
cost(25, 7, 429499).
cost(25, 8, 795686).
cost(25, 9, 272368).
cost(25, 10, 579818).
cost(25, 11, 415984).
cost(25, 12, 411193).
cost(25, 13, 423689).
cost(25, 14, 223266).
cost(25, 15, 679147).
cost(25, 16, 215172).
cost(25, 17, 307912).
cost(25, 18, 177427).
cost(25, 19, 673597).
cost(25, 20, 278502).
cost(25, 21, 544058).
cost(25, 22, 310044).
cost(25, 23, 173421).
cost(25, 24, 473299).
cost(25, 26, 403927).
cost(25, 27, 128973).
cost(25, 28, 405761).
cost(26, 1, 176126).
cost(26, 2, 738282).
cost(26, 3, 681104).
cost(26, 4, 201797).
cost(26, 5, 620191).
cost(26, 6, 384193).
cost(26, 7, 591867).
cost(26, 8, 539848).
cost(26, 9, 330356).
cost(26, 10, 192494).
cost(26, 11, 749424).
cost(26, 12, 702780).
cost(26, 13, 204219).
cost(26, 14, 407837).
cost(26, 15, 342875).
cost(26, 16, 618853).
cost(26, 17, 629629).
cost(26, 18, 553478).
cost(26, 19, 437969).
cost(26, 20, 144875).
cost(26, 21, 380116).
cost(26, 22, 678285).
cost(26, 23, 435279).
cost(26, 24, 106062).
cost(26, 25, 403927).
cost(26, 27, 285140).
cost(26, 28, 630437).
cost(27, 1, 238861).
cost(27, 2, 593211).
cost(27, 3, 412212).
cost(27, 4, 485975).
cost(27, 5, 444731).
cost(27, 6, 238827).
cost(27, 7, 407131).
cost(27, 8, 734063).
cost(27, 9, 266005).
cost(27, 10, 453249).
cost(27, 11, 481400).
cost(27, 12, 514535).
cost(27, 13, 297193).
cost(27, 14, 265613).
cost(27, 15, 550465).
cost(27, 16, 341138).
cost(27, 17, 362906).
cost(27, 18, 301972).
cost(27, 19, 553777).
cost(27, 20, 181434).
cost(27, 21, 430912).
cost(27, 22, 434700).
cost(27, 23, 176007).
cost(27, 24, 346278).
cost(27, 25, 128973).
cost(27, 26, 285140).
cost(27, 28, 485465).
cost(28, 1, 694601).
cost(28, 2, 110086).
cost(28, 3, 680797).
cost(28, 4, 795402).
cost(28, 5, 870010).
cost(28, 6, 713787).
cost(28, 7, 830131).
cost(28, 8, 717588).
cost(28, 9, 301095).
cost(28, 10, 820712).
cost(28, 11, 730888).
cost(28, 12, 119844).
cost(28, 13, 753934).
cost(28, 14, 231160).
cost(28, 15, 969685).
cost(28, 16, 404747).
cost(28, 17, 657830).
cost(28, 18, 290020).
cost(28, 19, 1021082).
cost(28, 20, 491572).
cost(28, 21, 910504).
cost(28, 22, 266333).
cost(28, 23, 577054).
cost(28, 24, 733124).
cost(28, 25, 405761).
cost(28, 26, 630437).
cost(28, 27, 485465).
