dimension(28).
point(1, 814310.0, 245103.0).
point(2, 944767.0, 502657.0).
point(3, 262496.0, 756363.0).
point(4, 702355.0, 776629.0).
point(5, 598571.0, 395432.0).
point(6, 103317.0, 711527.0).
point(7, 788403.0, 708896.0).
point(8, 965725.0, 96326.0).
point(9, 507892.0, 252124.0).
point(10, 569510.0, 337809.0).
point(11, 67216.0, 546344.0).
point(12, 687935.0, 381648.0).
point(13, 405947.0, 672189.0).
point(14, 363098.0, 422501.0).
point(15, 705698.0, 943049.0).
point(16, 547.0, 242218.0).
point(17, 763855.0, 938360.0).
point(18, 31088.0, 439505.0).
point(19, 891680.0, 885126.0).
point(20, 660601.0, 810758.0).
point(21, 166852.0, 83279.0).
point(22, 100665.0, 193306.0).
point(23, 329361.0, 471675.0).
point(24, 458861.0, 961463.0).
point(25, 12025.0, 227411.0).
point(26, 461140.0, 317701.0).
point(27, 137262.0, 649500.0).
point(28, 302113.0, 572091.0).
cost(1, 2, 288709).
cost(1, 3, 752254).
cost(1, 4, 543189).
cost(1, 5, 262949).
cost(1, 6, 850331).
cost(1, 7, 464516).
cost(1, 8, 212276).
cost(1, 9, 306498).
cost(1, 10, 261766).
cost(1, 11, 805541).
cost(1, 12, 186052).
cost(1, 13, 590900).
cost(1, 14, 484832).
cost(1, 15, 706346).
cost(1, 16, 813768).
cost(1, 17, 695091).
cost(1, 18, 806988).
cost(1, 19, 644683).
cost(1, 20, 586167).
cost(1, 21, 667375).
cost(1, 22, 715522).
cost(1, 23, 535267).
cost(1, 24, 799697).
cost(1, 25, 802480).
cost(1, 26, 360554).
cost(1, 27, 788626).
cost(1, 28, 607673).
cost(2, 1, 288709).
cost(2, 3, 727915).
cost(2, 4, 365820).
cost(2, 5, 362421).
cost(2, 6, 866986).
cost(2, 7, 258813).
cost(2, 8, 406871).
cost(2, 9, 503613).
cost(2, 10, 409869).
cost(2, 11, 878638).
cost(2, 12, 283912).
cost(2, 13, 564861).
cost(2, 14, 587166).
cost(2, 15, 501098).
cost(2, 16, 979479).
cost(2, 17, 471769).
cost(2, 18, 915859).
cost(2, 19, 386136).
cost(2, 20, 419138).
cost(2, 21, 883759).
cost(2, 22, 899003).
cost(2, 23, 616185).
cost(2, 24, 668287).
cost(2, 25, 972506).
cost(2, 26, 517787).
cost(2, 27, 820748).
cost(2, 28, 646394).
cost(3, 1, 752254).
cost(3, 2, 727915).
cost(3, 4, 440326).
cost(3, 5, 493171).
cost(3, 6, 165373).
cost(3, 7, 528045).
cost(3, 8, 964458).
cost(3, 9, 560782).
cost(3, 10, 519081).
cost(3, 11, 286779).
cost(3, 12, 566930).
cost(3, 13, 166323).
cost(3, 14, 348690).
cost(3, 15, 480915).
cost(3, 16, 577029).
cost(3, 17, 533370).
cost(3, 18, 392363).
cost(3, 19, 642225).
cost(3, 20, 401804).
cost(3, 21, 679845).
cost(3, 22, 585852).
cost(3, 23, 292435).
cost(3, 24, 283946).
cost(3, 25, 585257).
cost(3, 26, 481543).
cost(3, 27, 164631).
cost(3, 28, 188483).
cost(4, 1, 543189).
cost(4, 2, 365820).
cost(4, 3, 440326).
cost(4, 5, 395072).
cost(4, 6, 602565).
cost(4, 7, 109508).
cost(4, 8, 729504).
cost(4, 9, 559394).
cost(4, 10, 458487).
cost(4, 11, 675598).
cost(4, 12, 395244).
cost(4, 13, 314270).
cost(4, 14, 490410).
cost(4, 15, 166454).
cost(4, 16, 882117).
cost(4, 17, 173029).
cost(4, 18, 751167).
cost(4, 19, 218210).
cost(4, 20, 53928).
cost(4, 21, 876069).
cost(4, 22, 838031).
cost(4, 23, 481790).
cost(4, 24, 305701).
cost(4, 25, 882154).
cost(4, 26, 518459).
cost(4, 27, 579217).
cost(4, 28, 449477).
cost(5, 1, 262949).
cost(5, 2, 362421).
cost(5, 3, 493171).
cost(5, 4, 395072).
cost(5, 6, 587531).
cost(5, 7, 366464).
cost(5, 8, 473568).
cost(5, 9, 169587).
cost(5, 10, 64536).
cost(5, 11, 552370).
cost(5, 12, 90421).
cost(5, 13, 337192).
cost(5, 14, 237024).
cost(5, 15, 557997).
cost(5, 16, 617339).
cost(5, 17, 567529).
cost(5, 18, 569192).
cost(5, 19, 570713).
cost(5, 20, 419933).
cost(5, 21, 532748).
cost(5, 22, 537369).
cost(5, 23, 279798).
cost(5, 24, 583018).
cost(5, 25, 610137).
cost(5, 26, 157890).
cost(5, 27, 526647).
cost(5, 28, 345103).
cost(6, 1, 850331).
cost(6, 2, 866986).
cost(6, 3, 165373).
cost(6, 4, 602565).
cost(6, 5, 587531).
cost(6, 7, 685091).
cost(6, 8, 1059349).
cost(6, 9, 612154).
cost(6, 10, 597496).
cost(6, 11, 169082).
cost(6, 12, 671266).
cost(6, 13, 305176).
cost(6, 14, 388616).
cost(6, 15, 645341).
cost(6, 16, 480430).
cost(6, 17, 698401).
cost(6, 18, 281448).
cost(6, 19, 807250).
cost(6, 20, 566050).
cost(6, 21, 631452).
cost(6, 22, 518228).
cost(6, 23, 329583).
cost(6, 24, 434603).
cost(6, 25, 492648).
cost(6, 26, 532105).
cost(6, 27, 70708).
cost(6, 28, 242821).
cost(7, 1, 464516).
cost(7, 2, 258813).
cost(7, 3, 528045).
cost(7, 4, 109508).
cost(7, 5, 366464).
cost(7, 6, 685091).
cost(7, 8, 637719).
cost(7, 9, 536029).
cost(7, 10, 430836).
cost(7, 11, 739279).
cost(7, 12, 342323).
cost(7, 13, 384213).
cost(7, 14, 512744).
cost(7, 15, 248330).
cost(7, 16, 915699).
cost(7, 17, 230773).
cost(7, 18, 803802).
cost(7, 19, 204262).
cost(7, 20, 163430).
cost(7, 21, 881886).
cost(7, 22, 859544).
cost(7, 23, 516714).
cost(7, 24, 415196).
cost(7, 25, 913559).
cost(7, 26, 510034).
cost(7, 27, 653844).
cost(7, 28, 505167).
cost(8, 1, 212276).
cost(8, 2, 406871).
cost(8, 3, 964458).
cost(8, 4, 729504).
cost(8, 5, 473568).
cost(8, 6, 1059349).
cost(8, 7, 637719).
cost(8, 9, 483616).
cost(8, 10, 464005).
cost(8, 11, 1004905).
cost(8, 12, 398216).
cost(8, 13, 803100).
cost(8, 14, 685237).
cost(8, 15, 885750).
cost(8, 16, 976142).
cost(8, 17, 865894).
cost(8, 18, 995650).
cost(8, 19, 792268).
cost(8, 20, 776861).
cost(8, 21, 798980).
cost(8, 22, 870479).
cost(8, 23, 738814).
cost(8, 24, 1002683).
cost(8, 25, 962667).
cost(8, 26, 551011).
cost(8, 27, 996169).
cost(8, 28, 816537).
cost(9, 1, 306498).
cost(9, 2, 503613).
cost(9, 3, 560782).
cost(9, 4, 559394).
cost(9, 5, 169587).
cost(9, 6, 612154).
cost(9, 7, 536029).
cost(9, 8, 483616).
cost(9, 10, 105540).
cost(9, 11, 529869).
cost(9, 12, 221793).
cost(9, 13, 432258).
cost(9, 14, 223593).
cost(9, 15, 718683).
cost(9, 16, 507442).
cost(9, 17, 732419).
cost(9, 18, 512302).
cost(9, 19, 740260).
cost(9, 20, 579130).
cost(9, 21, 380548).
cost(9, 22, 411453).
cost(9, 23, 282977).
cost(9, 24, 711032).
cost(9, 25, 496482).
cost(9, 26, 80536).
cost(9, 27, 543391).
cost(9, 28, 380426).
cost(10, 1, 261766).
cost(10, 2, 409869).
cost(10, 3, 519081).
cost(10, 4, 458487).
cost(10, 5, 64536).
cost(10, 6, 597496).
cost(10, 7, 430836).
cost(10, 8, 464005).
cost(10, 9, 105540).
cost(10, 11, 543862).
cost(10, 12, 126279).
cost(10, 13, 372240).
cost(10, 14, 223111).
cost(10, 15, 620373).
cost(10, 16, 576937).
cost(10, 17, 631214).
cost(10, 18, 547942).
cost(10, 19, 635098).
cost(10, 20, 481641).
cost(10, 21, 476360).
cost(10, 22, 490609).
cost(10, 23, 274939).
cost(10, 24, 633394).
cost(10, 25, 568311).
cost(10, 26, 110220).
cost(10, 27, 532907).
cost(10, 28, 355513).
cost(11, 1, 805541).
cost(11, 2, 878638).
cost(11, 3, 286779).
cost(11, 4, 675598).
cost(11, 5, 552370).
cost(11, 6, 169082).
cost(11, 7, 739279).
cost(11, 8, 1004905).
cost(11, 9, 529869).
cost(11, 10, 543862).
cost(11, 12, 642197).
cost(11, 13, 361353).
cost(11, 14, 320754).
cost(11, 15, 751688).
cost(11, 16, 311348).
cost(11, 17, 799364).
cost(11, 18, 112782).
cost(11, 19, 891355).
cost(11, 20, 649631).
cost(11, 21, 473663).
cost(11, 22, 354619).
cost(11, 23, 272572).
cost(11, 24, 570710).
cost(11, 25, 323673).
cost(11, 26, 455471).
cost(11, 27, 124690).
cost(11, 28, 236304).
cost(12, 1, 186052).
cost(12, 2, 283912).
cost(12, 3, 566930).
cost(12, 4, 395244).
cost(12, 5, 90421).
cost(12, 6, 671266).
cost(12, 7, 342323).
cost(12, 8, 398216).
cost(12, 9, 221793).
cost(12, 10, 126279).
cost(12, 11, 642197).
cost(12, 13, 404884).
cost(12, 14, 327396).
cost(12, 15, 561682).
cost(12, 16, 701386).
cost(12, 17, 561865).
cost(12, 18, 659390).
cost(12, 19, 543141).
cost(12, 20, 429980).
cost(12, 21, 600459).
cost(12, 22, 616732).
cost(12, 23, 369703).
cost(12, 24, 623426).
cost(12, 25, 693284).
cost(12, 26, 235638).
cost(12, 27, 612361).
cost(12, 28, 430264).
cost(13, 1, 590900).
cost(13, 2, 564861).
cost(13, 3, 166323).
cost(13, 4, 314270).
cost(13, 5, 337192).
cost(13, 6, 305176).
cost(13, 7, 384213).
cost(13, 8, 803100).
cost(13, 9, 432258).
cost(13, 10, 372240).
cost(13, 11, 361353).
cost(13, 12, 404884).
cost(13, 14, 253338).
cost(13, 15, 404000).
cost(13, 16, 590952).
cost(13, 17, 446033).
cost(13, 18, 441204).
cost(13, 19, 530357).
cost(13, 20, 289914).
cost(13, 21, 635595).
cost(13, 22, 567914).
cost(13, 23, 214642).
cost(13, 24, 294074).
cost(13, 25, 594140).
cost(13, 26, 358759).
cost(13, 27, 269641).
cost(13, 28, 144226).
cost(14, 1, 484832).
cost(14, 2, 587166).
cost(14, 3, 348690).
cost(14, 4, 490410).
cost(14, 5, 237024).
cost(14, 6, 388616).
cost(14, 7, 512744).
cost(14, 8, 685237).
cost(14, 9, 223593).
cost(14, 10, 223111).
cost(14, 11, 320754).
cost(14, 12, 327396).
cost(14, 13, 253338).
cost(14, 15, 623173).
cost(14, 16, 404901).
cost(14, 17, 653236).
cost(14, 18, 332445).
cost(14, 19, 702439).
cost(14, 20, 489133).
cost(14, 21, 391898).
cost(14, 22, 348427).
cost(14, 23, 59634).
cost(14, 24, 547403).
cost(14, 25, 401637).
cost(14, 26, 143511).
cost(14, 27, 320204).
cost(14, 28, 161544).
cost(15, 1, 706346).
cost(15, 2, 501098).
cost(15, 3, 480915).
cost(15, 4, 166454).
cost(15, 5, 557997).
cost(15, 6, 645341).
cost(15, 7, 248330).
cost(15, 8, 885750).
cost(15, 9, 718683).
cost(15, 10, 620373).
cost(15, 11, 751688).
cost(15, 12, 561682).
cost(15, 13, 404000).
cost(15, 14, 623173).
cost(15, 16, 994184).
cost(15, 17, 58346).
cost(15, 18, 841817).
cost(15, 19, 194793).
cost(15, 20, 139766).
cost(15, 21, 1014672).
cost(15, 22, 963421).
cost(15, 23, 603177).
cost(15, 24, 247523).
cost(15, 25, 996654).
cost(15, 26, 671468).
cost(15, 27, 639758).
cost(15, 28, 548170).
cost(16, 1, 813768).
cost(16, 2, 979479).
cost(16, 3, 577029).
cost(16, 4, 882117).
cost(16, 5, 617339).
cost(16, 6, 480430).
cost(16, 7, 915699).
cost(16, 8, 976142).
cost(16, 9, 507442).
cost(16, 10, 576937).
cost(16, 11, 311348).
cost(16, 12, 701386).
cost(16, 13, 590952).
cost(16, 14, 404901).
cost(16, 15, 994184).
cost(16, 17, 1033079).
cost(16, 18, 199637).
cost(16, 19, 1098840).
cost(16, 20, 871154).
cost(16, 21, 230041).
cost(16, 22, 111427).
cost(16, 23, 400960).
cost(16, 24, 852857).
cost(16, 25, 18735).
cost(16, 26, 466737).
cost(16, 27, 429616).
cost(16, 28, 446943).
cost(17, 1, 695091).
cost(17, 2, 471769).
cost(17, 3, 533370).
cost(17, 4, 173029).
cost(17, 5, 567529).
cost(17, 6, 698401).
cost(17, 7, 230773).
cost(17, 8, 865894).
cost(17, 9, 732419).
cost(17, 10, 631214).
cost(17, 11, 799364).
cost(17, 12, 561865).
cost(17, 13, 446033).
cost(17, 14, 653236).
cost(17, 15, 58346).
cost(17, 16, 1033079).
cost(17, 18, 886456).
cost(17, 19, 138467).
cost(17, 20, 164145).
cost(17, 21, 1042869).
cost(17, 22, 997460).
cost(17, 23, 637636).
cost(17, 24, 305868).
cost(17, 25, 1034745).
cost(17, 26, 690546).
cost(17, 27, 689970).
cost(17, 28, 589371).
cost(18, 1, 806988).
cost(18, 2, 915859).
cost(18, 3, 392363).
cost(18, 4, 751167).
cost(18, 5, 569192).
cost(18, 6, 281448).
cost(18, 7, 803802).
cost(18, 8, 995650).
cost(18, 9, 512302).
cost(18, 10, 547942).
cost(18, 11, 112782).
cost(18, 12, 659390).
cost(18, 13, 441204).
cost(18, 14, 332445).
cost(18, 15, 841817).
cost(18, 16, 199637).
cost(18, 17, 886456).
cost(18, 19, 969122).
cost(18, 20, 730832).
cost(18, 21, 381220).
cost(18, 22, 255842).
cost(18, 23, 300003).
cost(18, 24, 674855).
cost(18, 25, 212949).
cost(18, 26, 446969).
cost(18, 27, 235310).
cost(18, 28, 301718).
cost(19, 1, 644683).
cost(19, 2, 386136).
cost(19, 3, 642225).
cost(19, 4, 218210).
cost(19, 5, 570713).
cost(19, 6, 807250).
cost(19, 7, 204262).
cost(19, 8, 792268).
cost(19, 9, 740260).
cost(19, 10, 635098).
cost(19, 11, 891355).
cost(19, 12, 543141).
cost(19, 13, 530357).
cost(19, 14, 702439).
cost(19, 15, 194793).
cost(19, 16, 1098840).
cost(19, 17, 138467).
cost(19, 18, 969122).
cost(19, 20, 242751).
cost(19, 21, 1080895).
cost(19, 22, 1050866).
cost(19, 23, 697957).
cost(19, 24, 439499).
cost(19, 25, 1098354).
cost(19, 26, 712275).
cost(19, 27, 790358).
cost(19, 28, 667518).
cost(20, 1, 586167).
cost(20, 2, 419138).
cost(20, 3, 401804).
cost(20, 4, 53928).
cost(20, 5, 419933).
cost(20, 6, 566050).
cost(20, 7, 163430).
cost(20, 8, 776861).
cost(20, 9, 579130).
cost(20, 10, 481641).
cost(20, 11, 649631).
cost(20, 12, 429980).
cost(20, 13, 289914).
cost(20, 14, 489133).
cost(20, 15, 139766).
cost(20, 16, 871154).
cost(20, 17, 164145).
cost(20, 18, 730832).
cost(20, 19, 242751).
cost(20, 21, 879212).
cost(20, 22, 833532).
cost(20, 23, 474022).
cost(20, 24, 251815).
cost(20, 25, 872321).
cost(20, 26, 531874).
cost(20, 27, 547620).
cost(20, 28, 430669).
cost(21, 1, 667375).
cost(21, 2, 883759).
cost(21, 3, 679845).
cost(21, 4, 876069).
cost(21, 5, 532748).
cost(21, 6, 631452).
cost(21, 7, 881886).
cost(21, 8, 798980).
cost(21, 9, 380548).
cost(21, 10, 476360).
cost(21, 11, 473663).
cost(21, 12, 600459).
cost(21, 13, 635595).
cost(21, 14, 391898).
cost(21, 15, 1014672).
cost(21, 16, 230041).
cost(21, 17, 1042869).
cost(21, 18, 381220).
cost(21, 19, 1080895).
cost(21, 20, 879212).
cost(21, 22, 128400).
cost(21, 23, 421023).
cost(21, 24, 925460).
cost(21, 25, 211531).
cost(21, 26, 376243).
cost(21, 27, 566994).
cost(21, 28, 507181).
cost(22, 1, 715522).
cost(22, 2, 899003).
cost(22, 3, 585852).
cost(22, 4, 838031).
cost(22, 5, 537369).
cost(22, 6, 518228).
cost(22, 7, 859544).
cost(22, 8, 870479).
cost(22, 9, 411453).
cost(22, 10, 490609).
cost(22, 11, 354619).
cost(22, 12, 616732).
cost(22, 13, 567914).
cost(22, 14, 348427).
cost(22, 15, 963421).
cost(22, 16, 111427).
cost(22, 17, 997460).
cost(22, 18, 255842).
cost(22, 19, 1050866).
cost(22, 20, 833532).
cost(22, 21, 128400).
cost(22, 23, 360265).
cost(22, 24, 847567).
cost(22, 25, 94975).
cost(22, 26, 381335).
cost(22, 27, 457660).
cost(22, 28, 429021).
cost(23, 1, 535267).
cost(23, 2, 616185).
cost(23, 3, 292435).
cost(23, 4, 481790).
cost(23, 5, 279798).
cost(23, 6, 329583).
cost(23, 7, 516714).
cost(23, 8, 738814).
cost(23, 9, 282977).
cost(23, 10, 274939).
cost(23, 11, 272572).
cost(23, 12, 369703).
cost(23, 13, 214642).
cost(23, 14, 59634).
cost(23, 15, 603177).
cost(23, 16, 400960).
cost(23, 17, 637636).
cost(23, 18, 300003).
cost(23, 19, 697957).
cost(23, 20, 474022).
cost(23, 21, 421023).
cost(23, 22, 360265).
cost(23, 24, 506619).
cost(23, 25, 400459).
cost(23, 26, 202666).
cost(23, 27, 261770).
cost(23, 28, 104047).
cost(24, 1, 799697).
cost(24, 2, 668287).
cost(24, 3, 283946).
cost(24, 4, 305701).
cost(24, 5, 583018).
cost(24, 6, 434603).
cost(24, 7, 415196).
cost(24, 8, 1002683).
cost(24, 9, 711032).
cost(24, 10, 633394).
cost(24, 11, 570710).
cost(24, 12, 623426).
cost(24, 13, 294074).
cost(24, 14, 547403).
cost(24, 15, 247523).
cost(24, 16, 852857).
cost(24, 17, 305868).
cost(24, 18, 674855).
cost(24, 19, 439499).
cost(24, 20, 251815).
cost(24, 21, 925460).
cost(24, 22, 847567).
cost(24, 23, 506619).
cost(24, 25, 859357).
cost(24, 26, 643766).
cost(24, 27, 448048).
cost(24, 28, 419739).
cost(25, 1, 802480).
cost(25, 2, 972506).
cost(25, 3, 585257).
cost(25, 4, 882154).
cost(25, 5, 610137).
cost(25, 6, 492648).
cost(25, 7, 913559).
cost(25, 8, 962667).
cost(25, 9, 496482).
cost(25, 10, 568311).
cost(25, 11, 323673).
cost(25, 12, 693284).
cost(25, 13, 594140).
cost(25, 14, 401637).
cost(25, 15, 996654).
cost(25, 16, 18735).
cost(25, 17, 1034745).
cost(25, 18, 212949).
cost(25, 19, 1098354).
cost(25, 20, 872321).
cost(25, 21, 211531).
cost(25, 22, 94975).
cost(25, 23, 400459).
cost(25, 24, 859357).
cost(25, 26, 458101).
cost(25, 27, 440277).
cost(25, 28, 450506).
cost(26, 1, 360554).
cost(26, 2, 517787).
cost(26, 3, 481543).
cost(26, 4, 518459).
cost(26, 5, 157890).
cost(26, 6, 532105).
cost(26, 7, 510034).
cost(26, 8, 551011).
cost(26, 9, 80536).
cost(26, 10, 110220).
cost(26, 11, 455471).
cost(26, 12, 235638).
cost(26, 13, 358759).
cost(26, 14, 143511).
cost(26, 15, 671468).
cost(26, 16, 466737).
cost(26, 17, 690546).
cost(26, 18, 446969).
cost(26, 19, 712275).
cost(26, 20, 531874).
cost(26, 21, 376243).
cost(26, 22, 381335).
cost(26, 23, 202666).
cost(26, 24, 643766).
cost(26, 25, 458101).
cost(26, 27, 463667).
cost(26, 28, 300006).
cost(27, 1, 788626).
cost(27, 2, 820748).
cost(27, 3, 164631).
cost(27, 4, 579217).
cost(27, 5, 526647).
cost(27, 6, 70708).
cost(27, 7, 653844).
cost(27, 8, 996169).
cost(27, 9, 543391).
cost(27, 10, 532907).
cost(27, 11, 124690).
cost(27, 12, 612361).
cost(27, 13, 269641).
cost(27, 14, 320204).
cost(27, 15, 639758).
cost(27, 16, 429616).
cost(27, 17, 689970).
cost(27, 18, 235310).
cost(27, 19, 790358).
cost(27, 20, 547620).
cost(27, 21, 566994).
cost(27, 22, 457660).
cost(27, 23, 261770).
cost(27, 24, 448048).
cost(27, 25, 440277).
cost(27, 26, 463667).
cost(27, 28, 182121).
cost(28, 1, 607673).
cost(28, 2, 646394).
cost(28, 3, 188483).
cost(28, 4, 449477).
cost(28, 5, 345103).
cost(28, 6, 242821).
cost(28, 7, 505167).
cost(28, 8, 816537).
cost(28, 9, 380426).
cost(28, 10, 355513).
cost(28, 11, 236304).
cost(28, 12, 430264).
cost(28, 13, 144226).
cost(28, 14, 161544).
cost(28, 15, 548170).
cost(28, 16, 446943).
cost(28, 17, 589371).
cost(28, 18, 301718).
cost(28, 19, 667518).
cost(28, 20, 430669).
cost(28, 21, 507181).
cost(28, 22, 429021).
cost(28, 23, 104047).
cost(28, 24, 419739).
cost(28, 25, 450506).
cost(28, 26, 300006).
cost(28, 27, 182121).
