dimension(27).
point(1, 54.242750461, 98.1398042983).
point(2, 55.669047437, 14.019402878).
point(3, 93.7983095592, 97.1629464068).
point(4, 29.2666403614, 28.845488584).
point(5, 16.9706197017, 8.9835306622).
point(6, 59.6075856263, 28.4468641565).
point(7, 43.4835204078, 2.3905223579).
point(8, 61.1532268965, 0.9537398671).
point(9, 88.4548335152, 57.3982760021).
point(10, 8.2761807759, 53.7393035267).
point(11, 27.6589848749, 55.0762979639).
point(12, 49.2743030236, 34.7950884039).
point(13, 35.6008369054, 35.1146540751).
point(14, 66.2946374461, 74.2753105269).
point(15, 28.0487153355, 17.2471780379).
point(16, 31.6106944559, 58.5570576592).
point(17, 42.1999429292, 41.2576918463).
point(18, 92.9818557573, 93.464430066).
point(19, 65.9135195526, 60.0680396897).
point(20, 83.5021216921, 75.414253441).
point(21, 62.1447022374, 6.5561290612).
point(22, 75.0054333601, 73.1813139706).
point(23, 17.1348170821, 50.7923701498).
point(24, 22.0945466739, 33.6265204186).
point(25, 11.1116115873, 47.5637112448).
point(26, 67.308140672, 92.0611012943).
point(27, 65.7502858044, 98.4987520936).
cost(1, 2, 84).
cost(1, 3, 40).
cost(1, 4, 74).
cost(1, 5, 97).
cost(1, 6, 70).
cost(1, 7, 96).
cost(1, 8, 97).
cost(1, 9, 53).
cost(1, 10, 64).
cost(1, 11, 51).
cost(1, 12, 64).
cost(1, 13, 66).
cost(1, 14, 27).
cost(1, 15, 85).
cost(1, 16, 46).
cost(1, 17, 58).
cost(1, 18, 39).
cost(1, 19, 40).
cost(1, 20, 37).
cost(1, 21, 92).
cost(1, 22, 32).
cost(1, 23, 60).
cost(1, 24, 72).
cost(1, 25, 66).
cost(1, 26, 14).
cost(1, 27, 12).
cost(2, 1, 84).
cost(2, 3, 91).
cost(2, 4, 30).
cost(2, 5, 39).
cost(2, 6, 15).
cost(2, 7, 17).
cost(2, 8, 14).
cost(2, 9, 54).
cost(2, 10, 62).
cost(2, 11, 50).
cost(2, 12, 22).
cost(2, 13, 29).
cost(2, 14, 61).
cost(2, 15, 28).
cost(2, 16, 51).
cost(2, 17, 30).
cost(2, 18, 88).
cost(2, 19, 47).
cost(2, 20, 67).
cost(2, 21, 10).
cost(2, 22, 62).
cost(2, 23, 53).
cost(2, 24, 39).
cost(2, 25, 56).
cost(2, 26, 79).
cost(2, 27, 85).
cost(3, 1, 40).
cost(3, 2, 91).
cost(3, 4, 94).
cost(3, 5, 117).
cost(3, 6, 77).
cost(3, 7, 107).
cost(3, 8, 102).
cost(3, 9, 40).
cost(3, 10, 96).
cost(3, 11, 78).
cost(3, 12, 77).
cost(3, 13, 85).
cost(3, 14, 36).
cost(3, 15, 103).
cost(3, 16, 73).
cost(3, 17, 76).
cost(3, 18, 4).
cost(3, 19, 46).
cost(3, 20, 24).
cost(3, 21, 96).
cost(3, 22, 30).
cost(3, 23, 90).
cost(3, 24, 96).
cost(3, 25, 96).
cost(3, 26, 27).
cost(3, 27, 28).
cost(4, 1, 74).
cost(4, 2, 30).
cost(4, 3, 94).
cost(4, 5, 23).
cost(4, 6, 30).
cost(4, 7, 30).
cost(4, 8, 42).
cost(4, 9, 66).
cost(4, 10, 33).
cost(4, 11, 26).
cost(4, 12, 21).
cost(4, 13, 9).
cost(4, 14, 59).
cost(4, 15, 12).
cost(4, 16, 30).
cost(4, 17, 18).
cost(4, 18, 91).
cost(4, 19, 48).
cost(4, 20, 71).
cost(4, 21, 40).
cost(4, 22, 64).
cost(4, 23, 25).
cost(4, 24, 9).
cost(4, 25, 26).
cost(4, 26, 74).
cost(4, 27, 79).
cost(5, 1, 97).
cost(5, 2, 39).
cost(5, 3, 117).
cost(5, 4, 23).
cost(5, 6, 47).
cost(5, 7, 27).
cost(5, 8, 45).
cost(5, 9, 86).
cost(5, 10, 46).
cost(5, 11, 47).
cost(5, 12, 41).
cost(5, 13, 32).
cost(5, 14, 82).
cost(5, 15, 14).
cost(5, 16, 52).
cost(5, 17, 41).
cost(5, 18, 114).
cost(5, 19, 71).
cost(5, 20, 94).
cost(5, 21, 45).
cost(5, 22, 87).
cost(5, 23, 42).
cost(5, 24, 25).
cost(5, 25, 39).
cost(5, 26, 97).
cost(5, 27, 102).
cost(6, 1, 70).
cost(6, 2, 15).
cost(6, 3, 77).
cost(6, 4, 30).
cost(6, 5, 47).
cost(6, 7, 31).
cost(6, 8, 28).
cost(6, 9, 41).
cost(6, 10, 57).
cost(6, 11, 42).
cost(6, 12, 12).
cost(6, 13, 25).
cost(6, 14, 46).
cost(6, 15, 33).
cost(6, 16, 41).
cost(6, 17, 22).
cost(6, 18, 73).
cost(6, 19, 32).
cost(6, 20, 53).
cost(6, 21, 22).
cost(6, 22, 47).
cost(6, 23, 48).
cost(6, 24, 38).
cost(6, 25, 52).
cost(6, 26, 64).
cost(6, 27, 70).
cost(7, 1, 96).
cost(7, 2, 17).
cost(7, 3, 107).
cost(7, 4, 30).
cost(7, 5, 27).
cost(7, 6, 31).
cost(7, 8, 18).
cost(7, 9, 71).
cost(7, 10, 62).
cost(7, 11, 55).
cost(7, 12, 33).
cost(7, 13, 34).
cost(7, 14, 75).
cost(7, 15, 21).
cost(7, 16, 57).
cost(7, 17, 39).
cost(7, 18, 104).
cost(7, 19, 62).
cost(7, 20, 83).
cost(7, 21, 19).
cost(7, 22, 77).
cost(7, 23, 55).
cost(7, 24, 38).
cost(7, 25, 56).
cost(7, 26, 93).
cost(7, 27, 99).
cost(8, 1, 97).
cost(8, 2, 14).
cost(8, 3, 102).
cost(8, 4, 42).
cost(8, 5, 45).
cost(8, 6, 28).
cost(8, 7, 18).
cost(8, 9, 63).
cost(8, 10, 75).
cost(8, 11, 64).
cost(8, 12, 36).
cost(8, 13, 43).
cost(8, 14, 74).
cost(8, 15, 37).
cost(8, 16, 65).
cost(8, 17, 45).
cost(8, 18, 98).
cost(8, 19, 59).
cost(8, 20, 78).
cost(8, 21, 6).
cost(8, 22, 74).
cost(8, 23, 66).
cost(8, 24, 51).
cost(8, 25, 68).
cost(8, 26, 91).
cost(8, 27, 98).
cost(9, 1, 53).
cost(9, 2, 54).
cost(9, 3, 40).
cost(9, 4, 66).
cost(9, 5, 86).
cost(9, 6, 41).
cost(9, 7, 71).
cost(9, 8, 63).
cost(9, 10, 80).
cost(9, 11, 61).
cost(9, 12, 45).
cost(9, 13, 57).
cost(9, 14, 28).
cost(9, 15, 73).
cost(9, 16, 57).
cost(9, 17, 49).
cost(9, 18, 36).
cost(9, 19, 23).
cost(9, 20, 19).
cost(9, 21, 57).
cost(9, 22, 21).
cost(9, 23, 72).
cost(9, 24, 70).
cost(9, 25, 78).
cost(9, 26, 41).
cost(9, 27, 47).
cost(10, 1, 64).
cost(10, 2, 62).
cost(10, 3, 96).
cost(10, 4, 33).
cost(10, 5, 46).
cost(10, 6, 57).
cost(10, 7, 62).
cost(10, 8, 75).
cost(10, 9, 80).
cost(10, 11, 19).
cost(10, 12, 45).
cost(10, 13, 33).
cost(10, 14, 62).
cost(10, 15, 42).
cost(10, 16, 24).
cost(10, 17, 36).
cost(10, 18, 94).
cost(10, 19, 58).
cost(10, 20, 78).
cost(10, 21, 72).
cost(10, 22, 70).
cost(10, 23, 9).
cost(10, 24, 24).
cost(10, 25, 7).
cost(10, 26, 70).
cost(10, 27, 73).
cost(11, 1, 51).
cost(11, 2, 50).
cost(11, 3, 78).
cost(11, 4, 26).
cost(11, 5, 47).
cost(11, 6, 42).
cost(11, 7, 55).
cost(11, 8, 64).
cost(11, 9, 61).
cost(11, 10, 19).
cost(11, 12, 30).
cost(11, 13, 21).
cost(11, 14, 43).
cost(11, 15, 38).
cost(11, 16, 5).
cost(11, 17, 20).
cost(11, 18, 76).
cost(11, 19, 39).
cost(11, 20, 59).
cost(11, 21, 60).
cost(11, 22, 51).
cost(11, 23, 11).
cost(11, 24, 22).
cost(11, 25, 18).
cost(11, 26, 54).
cost(11, 27, 58).
cost(12, 1, 64).
cost(12, 2, 22).
cost(12, 3, 77).
cost(12, 4, 21).
cost(12, 5, 41).
cost(12, 6, 12).
cost(12, 7, 33).
cost(12, 8, 36).
cost(12, 9, 45).
cost(12, 10, 45).
cost(12, 11, 30).
cost(12, 13, 14).
cost(12, 14, 43).
cost(12, 15, 28).
cost(12, 16, 30).
cost(12, 17, 10).
cost(12, 18, 73).
cost(12, 19, 30).
cost(12, 20, 53).
cost(12, 21, 31).
cost(12, 22, 46).
cost(12, 23, 36).
cost(12, 24, 27).
cost(12, 25, 40).
cost(12, 26, 60).
cost(12, 27, 66).
cost(13, 1, 66).
cost(13, 2, 29).
cost(13, 3, 85).
cost(13, 4, 9).
cost(13, 5, 32).
cost(13, 6, 25).
cost(13, 7, 34).
cost(13, 8, 43).
cost(13, 9, 57).
cost(13, 10, 33).
cost(13, 11, 21).
cost(13, 12, 14).
cost(13, 14, 50).
cost(13, 15, 19).
cost(13, 16, 24).
cost(13, 17, 9).
cost(13, 18, 82).
cost(13, 19, 39).
cost(13, 20, 63).
cost(13, 21, 39).
cost(13, 22, 55).
cost(13, 23, 24).
cost(13, 24, 14).
cost(13, 25, 27).
cost(13, 26, 65).
cost(13, 27, 70).
cost(14, 1, 27).
cost(14, 2, 61).
cost(14, 3, 36).
cost(14, 4, 59).
cost(14, 5, 82).
cost(14, 6, 46).
cost(14, 7, 75).
cost(14, 8, 74).
cost(14, 9, 28).
cost(14, 10, 62).
cost(14, 11, 43).
cost(14, 12, 43).
cost(14, 13, 50).
cost(14, 15, 69).
cost(14, 16, 38).
cost(14, 17, 41).
cost(14, 18, 33).
cost(14, 19, 14).
cost(14, 20, 17).
cost(14, 21, 68).
cost(14, 22, 9).
cost(14, 23, 54).
cost(14, 24, 60).
cost(14, 25, 61).
cost(14, 26, 18).
cost(14, 27, 24).
cost(15, 1, 85).
cost(15, 2, 28).
cost(15, 3, 103).
cost(15, 4, 12).
cost(15, 5, 14).
cost(15, 6, 33).
cost(15, 7, 21).
cost(15, 8, 37).
cost(15, 9, 73).
cost(15, 10, 42).
cost(15, 11, 38).
cost(15, 12, 28).
cost(15, 13, 19).
cost(15, 14, 69).
cost(15, 16, 41).
cost(15, 17, 28).
cost(15, 18, 100).
cost(15, 19, 57).
cost(15, 20, 80).
cost(15, 21, 36).
cost(15, 22, 73).
cost(15, 23, 35).
cost(15, 24, 17).
cost(15, 25, 35).
cost(15, 26, 84).
cost(15, 27, 90).
cost(16, 1, 46).
cost(16, 2, 51).
cost(16, 3, 73).
cost(16, 4, 30).
cost(16, 5, 52).
cost(16, 6, 41).
cost(16, 7, 57).
cost(16, 8, 65).
cost(16, 9, 57).
cost(16, 10, 24).
cost(16, 11, 5).
cost(16, 12, 30).
cost(16, 13, 24).
cost(16, 14, 38).
cost(16, 15, 41).
cost(16, 17, 20).
cost(16, 18, 71).
cost(16, 19, 34).
cost(16, 20, 55).
cost(16, 21, 60).
cost(16, 22, 46).
cost(16, 23, 16).
cost(16, 24, 27).
cost(16, 25, 23).
cost(16, 26, 49).
cost(16, 27, 53).
cost(17, 1, 58).
cost(17, 2, 30).
cost(17, 3, 76).
cost(17, 4, 18).
cost(17, 5, 41).
cost(17, 6, 22).
cost(17, 7, 39).
cost(17, 8, 45).
cost(17, 9, 49).
cost(17, 10, 36).
cost(17, 11, 20).
cost(17, 12, 10).
cost(17, 13, 9).
cost(17, 14, 41).
cost(17, 15, 28).
cost(17, 16, 20).
cost(17, 18, 73).
cost(17, 19, 30).
cost(17, 20, 54).
cost(17, 21, 40).
cost(17, 22, 46).
cost(17, 23, 27).
cost(17, 24, 22).
cost(17, 25, 32).
cost(17, 26, 57).
cost(17, 27, 62).
cost(18, 1, 39).
cost(18, 2, 88).
cost(18, 3, 4).
cost(18, 4, 91).
cost(18, 5, 114).
cost(18, 6, 73).
cost(18, 7, 104).
cost(18, 8, 98).
cost(18, 9, 36).
cost(18, 10, 94).
cost(18, 11, 76).
cost(18, 12, 73).
cost(18, 13, 82).
cost(18, 14, 33).
cost(18, 15, 100).
cost(18, 16, 71).
cost(18, 17, 73).
cost(18, 19, 43).
cost(18, 20, 20).
cost(18, 21, 92).
cost(18, 22, 27).
cost(18, 23, 87).
cost(18, 24, 93).
cost(18, 25, 94).
cost(18, 26, 26).
cost(18, 27, 28).
cost(19, 1, 40).
cost(19, 2, 47).
cost(19, 3, 46).
cost(19, 4, 48).
cost(19, 5, 71).
cost(19, 6, 32).
cost(19, 7, 62).
cost(19, 8, 59).
cost(19, 9, 23).
cost(19, 10, 58).
cost(19, 11, 39).
cost(19, 12, 30).
cost(19, 13, 39).
cost(19, 14, 14).
cost(19, 15, 57).
cost(19, 16, 34).
cost(19, 17, 30).
cost(19, 18, 43).
cost(19, 20, 23).
cost(19, 21, 54).
cost(19, 22, 16).
cost(19, 23, 50).
cost(19, 24, 51).
cost(19, 25, 56).
cost(19, 26, 32).
cost(19, 27, 38).
cost(20, 1, 37).
cost(20, 2, 67).
cost(20, 3, 24).
cost(20, 4, 71).
cost(20, 5, 94).
cost(20, 6, 53).
cost(20, 7, 83).
cost(20, 8, 78).
cost(20, 9, 19).
cost(20, 10, 78).
cost(20, 11, 59).
cost(20, 12, 53).
cost(20, 13, 63).
cost(20, 14, 17).
cost(20, 15, 80).
cost(20, 16, 55).
cost(20, 17, 54).
cost(20, 18, 20).
cost(20, 19, 23).
cost(20, 21, 72).
cost(20, 22, 9).
cost(20, 23, 71).
cost(20, 24, 74).
cost(20, 25, 78).
cost(20, 26, 23).
cost(20, 27, 29).
cost(21, 1, 92).
cost(21, 2, 10).
cost(21, 3, 96).
cost(21, 4, 40).
cost(21, 5, 45).
cost(21, 6, 22).
cost(21, 7, 19).
cost(21, 8, 6).
cost(21, 9, 57).
cost(21, 10, 72).
cost(21, 11, 60).
cost(21, 12, 31).
cost(21, 13, 39).
cost(21, 14, 68).
cost(21, 15, 36).
cost(21, 16, 60).
cost(21, 17, 40).
cost(21, 18, 92).
cost(21, 19, 54).
cost(21, 20, 72).
cost(21, 22, 68).
cost(21, 23, 63).
cost(21, 24, 48).
cost(21, 25, 65).
cost(21, 26, 86).
cost(21, 27, 92).
cost(22, 1, 32).
cost(22, 2, 62).
cost(22, 3, 30).
cost(22, 4, 64).
cost(22, 5, 87).
cost(22, 6, 47).
cost(22, 7, 77).
cost(22, 8, 74).
cost(22, 9, 21).
cost(22, 10, 70).
cost(22, 11, 51).
cost(22, 12, 46).
cost(22, 13, 55).
cost(22, 14, 9).
cost(22, 15, 73).
cost(22, 16, 46).
cost(22, 17, 46).
cost(22, 18, 27).
cost(22, 19, 16).
cost(22, 20, 9).
cost(22, 21, 68).
cost(22, 23, 62).
cost(22, 24, 66).
cost(22, 25, 69).
cost(22, 26, 20).
cost(22, 27, 27).
cost(23, 1, 60).
cost(23, 2, 53).
cost(23, 3, 90).
cost(23, 4, 25).
cost(23, 5, 42).
cost(23, 6, 48).
cost(23, 7, 55).
cost(23, 8, 66).
cost(23, 9, 72).
cost(23, 10, 9).
cost(23, 11, 11).
cost(23, 12, 36).
cost(23, 13, 24).
cost(23, 14, 54).
cost(23, 15, 35).
cost(23, 16, 16).
cost(23, 17, 27).
cost(23, 18, 87).
cost(23, 19, 50).
cost(23, 20, 71).
cost(23, 21, 63).
cost(23, 22, 62).
cost(23, 24, 18).
cost(23, 25, 7).
cost(23, 26, 65).
cost(23, 27, 68).
cost(24, 1, 72).
cost(24, 2, 39).
cost(24, 3, 96).
cost(24, 4, 9).
cost(24, 5, 25).
cost(24, 6, 38).
cost(24, 7, 38).
cost(24, 8, 51).
cost(24, 9, 70).
cost(24, 10, 24).
cost(24, 11, 22).
cost(24, 12, 27).
cost(24, 13, 14).
cost(24, 14, 60).
cost(24, 15, 17).
cost(24, 16, 27).
cost(24, 17, 22).
cost(24, 18, 93).
cost(24, 19, 51).
cost(24, 20, 74).
cost(24, 21, 48).
cost(24, 22, 66).
cost(24, 23, 18).
cost(24, 25, 18).
cost(24, 26, 74).
cost(24, 27, 78).
cost(25, 1, 66).
cost(25, 2, 56).
cost(25, 3, 96).
cost(25, 4, 26).
cost(25, 5, 39).
cost(25, 6, 52).
cost(25, 7, 56).
cost(25, 8, 68).
cost(25, 9, 78).
cost(25, 10, 7).
cost(25, 11, 18).
cost(25, 12, 40).
cost(25, 13, 27).
cost(25, 14, 61).
cost(25, 15, 35).
cost(25, 16, 23).
cost(25, 17, 32).
cost(25, 18, 94).
cost(25, 19, 56).
cost(25, 20, 78).
cost(25, 21, 65).
cost(25, 22, 69).
cost(25, 23, 7).
cost(25, 24, 18).
cost(25, 26, 72).
cost(25, 27, 75).
cost(26, 1, 14).
cost(26, 2, 79).
cost(26, 3, 27).
cost(26, 4, 74).
cost(26, 5, 97).
cost(26, 6, 64).
cost(26, 7, 93).
cost(26, 8, 91).
cost(26, 9, 41).
cost(26, 10, 70).
cost(26, 11, 54).
cost(26, 12, 60).
cost(26, 13, 65).
cost(26, 14, 18).
cost(26, 15, 84).
cost(26, 16, 49).
cost(26, 17, 57).
cost(26, 18, 26).
cost(26, 19, 32).
cost(26, 20, 23).
cost(26, 21, 86).
cost(26, 22, 20).
cost(26, 23, 65).
cost(26, 24, 74).
cost(26, 25, 72).
cost(26, 27, 7).
cost(27, 1, 12).
cost(27, 2, 85).
cost(27, 3, 28).
cost(27, 4, 79).
cost(27, 5, 102).
cost(27, 6, 70).
cost(27, 7, 99).
cost(27, 8, 98).
cost(27, 9, 47).
cost(27, 10, 73).
cost(27, 11, 58).
cost(27, 12, 66).
cost(27, 13, 70).
cost(27, 14, 24).
cost(27, 15, 90).
cost(27, 16, 53).
cost(27, 17, 62).
cost(27, 18, 28).
cost(27, 19, 38).
cost(27, 20, 29).
cost(27, 21, 92).
cost(27, 22, 27).
cost(27, 23, 68).
cost(27, 24, 78).
cost(27, 25, 75).
cost(27, 26, 7).
nocross(1,3).
nocross(1,11).
nocross(1,14).
nocross(1,16).
nocross(1,18).
nocross(1,19).
nocross(1,20).
nocross(1,22).
nocross(1,26).
nocross(1,27).
nocross(2,4).
nocross(2,6).
nocross(2,7).
nocross(2,8).
nocross(2,12).
nocross(2,13).
nocross(2,15).
nocross(2,17).
nocross(2,21).
nocross(3,1).
nocross(3,9).
nocross(3,14).
nocross(3,18).
nocross(3,20).
nocross(3,22).
nocross(3,26).
nocross(3,27).
nocross(4,2).
nocross(4,5).
nocross(4,6).
nocross(4,7).
nocross(4,10).
nocross(4,11).
nocross(4,12).
nocross(4,13).
nocross(4,15).
nocross(4,16).
nocross(4,17).
nocross(4,23).
nocross(4,24).
nocross(4,25).
nocross(5,4).
nocross(5,7).
nocross(5,13).
nocross(5,15).
nocross(5,17).
nocross(5,23).
nocross(5,24).
nocross(5,25).
nocross(6,2).
nocross(6,4).
nocross(6,7).
nocross(6,8).
nocross(6,9).
nocross(6,12).
nocross(6,13).
nocross(6,15).
nocross(6,16).
nocross(6,17).
nocross(6,19).
nocross(6,21).
nocross(6,22).
nocross(7,2).
nocross(7,4).
nocross(7,5).
nocross(7,6).
nocross(7,8).
nocross(7,12).
nocross(7,13).
nocross(7,15).
nocross(7,17).
nocross(7,21).
nocross(8,2).
nocross(8,6).
nocross(8,7).
nocross(8,12).
nocross(8,21).
nocross(9,3).
nocross(9,6).
nocross(9,12).
nocross(9,14).
nocross(9,18).
nocross(9,19).
nocross(9,20).
nocross(9,22).
nocross(9,26).
nocross(10,4).
nocross(10,11).
nocross(10,13).
nocross(10,16).
nocross(10,23).
nocross(10,24).
nocross(10,25).
nocross(11,1).
nocross(11,4).
nocross(11,10).
nocross(11,12).
nocross(11,13).
nocross(11,15).
nocross(11,16).
nocross(11,17).
nocross(11,23).
nocross(11,24).
nocross(11,25).
nocross(12,2).
nocross(12,4).
nocross(12,6).
nocross(12,7).
nocross(12,8).
nocross(12,9).
nocross(12,11).
nocross(12,13).
nocross(12,15).
nocross(12,16).
nocross(12,17).
nocross(12,19).
nocross(12,21).
nocross(12,24).
nocross(13,2).
nocross(13,4).
nocross(13,5).
nocross(13,6).
nocross(13,7).
nocross(13,10).
nocross(13,11).
nocross(13,12).
nocross(13,15).
nocross(13,16).
nocross(13,17).
nocross(13,19).
nocross(13,23).
nocross(13,24).
nocross(13,25).
nocross(14,1).
nocross(14,3).
nocross(14,9).
nocross(14,11).
nocross(14,12).
nocross(14,16).
nocross(14,17).
nocross(14,18).
nocross(14,19).
nocross(14,20).
nocross(14,22).
nocross(14,26).
nocross(14,27).
nocross(15,2).
nocross(15,4).
nocross(15,5).
nocross(15,6).
nocross(15,7).
nocross(15,11).
nocross(15,12).
nocross(15,13).
nocross(15,16).
nocross(15,17).
nocross(15,21).
nocross(15,23).
nocross(15,24).
nocross(15,25).
nocross(16,1).
nocross(16,4).
nocross(16,10).
nocross(16,11).
nocross(16,12).
nocross(16,13).
nocross(16,17).
nocross(16,19).
nocross(16,23).
nocross(16,24).
nocross(16,25).
nocross(17,2).
nocross(17,4).
nocross(17,6).
nocross(17,7).
nocross(17,11).
nocross(17,12).
nocross(17,13).
nocross(17,15).
nocross(17,16).
nocross(17,19).
nocross(17,23).
nocross(17,24).
nocross(17,25).
nocross(18,1).
nocross(18,3).
nocross(18,9).
nocross(18,14).
nocross(18,20).
nocross(18,22).
nocross(18,26).
nocross(18,27).
nocross(19,1).
nocross(19,3).
nocross(19,6).
nocross(19,9).
nocross(19,11).
nocross(19,12).
nocross(19,13).
nocross(19,14).
nocross(19,16).
nocross(19,17).
nocross(19,18).
nocross(19,20).
nocross(19,22).
nocross(19,26).
nocross(19,27).
nocross(20,1).
nocross(20,3).
nocross(20,9).
nocross(20,14).
nocross(20,18).
nocross(20,19).
nocross(20,22).
nocross(20,26).
nocross(20,27).
nocross(21,2).
nocross(21,6).
nocross(21,7).
nocross(21,8).
nocross(21,9).
nocross(21,12).
nocross(21,15).
nocross(22,1).
nocross(22,3).
nocross(22,9).
nocross(22,14).
nocross(22,18).
nocross(22,19).
nocross(22,20).
nocross(22,26).
nocross(22,27).
nocross(23,4).
nocross(23,10).
nocross(23,11).
nocross(23,13).
nocross(23,15).
nocross(23,16).
nocross(23,17).
nocross(23,24).
nocross(23,25).
nocross(24,4).
nocross(24,5).
nocross(24,7).
nocross(24,10).
nocross(24,11).
nocross(24,12).
nocross(24,13).
nocross(24,15).
nocross(24,16).
nocross(24,17).
nocross(24,23).
nocross(24,25).
nocross(25,4).
nocross(25,5).
nocross(25,10).
nocross(25,11).
nocross(25,13).
nocross(25,15).
nocross(25,16).
nocross(25,17).
nocross(25,23).
nocross(25,24).
nocross(26,1).
nocross(26,3).
nocross(26,14).
nocross(26,18).
nocross(26,19).
nocross(26,20).
nocross(26,22).
nocross(26,27).
nocross(27,1).
nocross(27,3).
nocross(27,11).
nocross(27,14).
nocross(27,16).
nocross(27,18).
nocross(27,19).
nocross(27,20).
nocross(27,22).
nocross(27,26).
