dimension(27).
point(1, 45.431775962, 1.0540183838).
point(2, 5.5019130899, 21.5144123414).
point(3, 48.2389767905, 47.1552422046).
point(4, 10.4644643608, 47.3311110286).
point(5, 9.8515098362, 33.2801397954).
point(6, 93.3143339213, 62.2773252881).
point(7, 10.8769777121, 22.9525274371).
point(8, 31.565257533, 71.5943252064).
point(9, 89.5221904566, 78.8330418772).
point(10, 14.7292408432, 30.0581625179).
point(11, 17.1030329114, 18.6490830705).
point(12, 53.7199578458, 13.5235935621).
point(13, 83.3135250691, 3.5867429993).
point(14, 85.5363928443, 17.0187463332).
point(15, 71.0768995243, 15.789917056).
point(16, 52.1938072971, 51.4372915991).
point(17, 61.5884113281, 79.8093178988).
point(18, 32.0597832558, 44.9498788427).
point(19, 21.8469956731, 75.1774590143).
point(20, 44.8301031968, 60.6494582826).
point(21, 20.4626393958, 16.5344977894).
point(22, 79.1224932475, 75.905643686).
point(23, 57.0553058695, 90.0414287979).
point(24, 33.7831414062, 54.0948555415).
point(25, 19.6949009464, 59.9545711588).
point(26, 44.5670167866, 47.6093042058).
point(27, 40.0279986537, 40.9389293363).
cost(1, 2, 45).
cost(1, 3, 46).
cost(1, 4, 58).
cost(1, 5, 48).
cost(1, 6, 78).
cost(1, 7, 41).
cost(1, 8, 72).
cost(1, 9, 89).
cost(1, 10, 42).
cost(1, 11, 33).
cost(1, 12, 15).
cost(1, 13, 38).
cost(1, 14, 43).
cost(1, 15, 30).
cost(1, 16, 51).
cost(1, 17, 80).
cost(1, 18, 46).
cost(1, 19, 78).
cost(1, 20, 60).
cost(1, 21, 29).
cost(1, 22, 82).
cost(1, 23, 90).
cost(1, 24, 54).
cost(1, 25, 64).
cost(1, 26, 47).
cost(1, 27, 40).
cost(2, 1, 45).
cost(2, 3, 50).
cost(2, 4, 26).
cost(2, 5, 13).
cost(2, 6, 97).
cost(2, 7, 6).
cost(2, 8, 56).
cost(2, 9, 102).
cost(2, 10, 13).
cost(2, 11, 12).
cost(2, 12, 49).
cost(2, 13, 80).
cost(2, 14, 80).
cost(2, 15, 66).
cost(2, 16, 55).
cost(2, 17, 81).
cost(2, 18, 35).
cost(2, 19, 56).
cost(2, 20, 55).
cost(2, 21, 16).
cost(2, 22, 92).
cost(2, 23, 86).
cost(2, 24, 43).
cost(2, 25, 41).
cost(2, 26, 47).
cost(2, 27, 40).
cost(3, 1, 46).
cost(3, 2, 50).
cost(3, 4, 38).
cost(3, 5, 41).
cost(3, 6, 48).
cost(3, 7, 45).
cost(3, 8, 30).
cost(3, 9, 52).
cost(3, 10, 38).
cost(3, 11, 42).
cost(3, 12, 34).
cost(3, 13, 56).
cost(3, 14, 48).
cost(3, 15, 39).
cost(3, 16, 6).
cost(3, 17, 35).
cost(3, 18, 16).
cost(3, 19, 38).
cost(3, 20, 14).
cost(3, 21, 41).
cost(3, 22, 42).
cost(3, 23, 44).
cost(3, 24, 16).
cost(3, 25, 31).
cost(3, 26, 4).
cost(3, 27, 10).
cost(4, 1, 58).
cost(4, 2, 26).
cost(4, 3, 38).
cost(4, 5, 14).
cost(4, 6, 84).
cost(4, 7, 24).
cost(4, 8, 32).
cost(4, 9, 85).
cost(4, 10, 18).
cost(4, 11, 29).
cost(4, 12, 55).
cost(4, 13, 85).
cost(4, 14, 81).
cost(4, 15, 68).
cost(4, 16, 42).
cost(4, 17, 61).
cost(4, 18, 22).
cost(4, 19, 30).
cost(4, 20, 37).
cost(4, 21, 32).
cost(4, 22, 74).
cost(4, 23, 63).
cost(4, 24, 24).
cost(4, 25, 16).
cost(4, 26, 34).
cost(4, 27, 30).
cost(5, 1, 48).
cost(5, 2, 13).
cost(5, 3, 41).
cost(5, 4, 14).
cost(5, 6, 88).
cost(5, 7, 10).
cost(5, 8, 44).
cost(5, 9, 92).
cost(5, 10, 6).
cost(5, 11, 16).
cost(5, 12, 48).
cost(5, 13, 79).
cost(5, 14, 77).
cost(5, 15, 64).
cost(5, 16, 46).
cost(5, 17, 70).
cost(5, 18, 25).
cost(5, 19, 44).
cost(5, 20, 44).
cost(5, 21, 20).
cost(5, 22, 81).
cost(5, 23, 74).
cost(5, 24, 32).
cost(5, 25, 28).
cost(5, 26, 38).
cost(5, 27, 31).
cost(6, 1, 78).
cost(6, 2, 97).
cost(6, 3, 48).
cost(6, 4, 84).
cost(6, 5, 88).
cost(6, 7, 91).
cost(6, 8, 62).
cost(6, 9, 17).
cost(6, 10, 85).
cost(6, 11, 88).
cost(6, 12, 63).
cost(6, 13, 60).
cost(6, 14, 46).
cost(6, 15, 52).
cost(6, 16, 43).
cost(6, 17, 36).
cost(6, 18, 64).
cost(6, 19, 73).
cost(6, 20, 49).
cost(6, 21, 86).
cost(6, 22, 20).
cost(6, 23, 46).
cost(6, 24, 60).
cost(6, 25, 74).
cost(6, 26, 51).
cost(6, 27, 57).
cost(7, 1, 41).
cost(7, 2, 6).
cost(7, 3, 45).
cost(7, 4, 24).
cost(7, 5, 10).
cost(7, 6, 91).
cost(7, 8, 53).
cost(7, 9, 96).
cost(7, 10, 8).
cost(7, 11, 8).
cost(7, 12, 44).
cost(7, 13, 75).
cost(7, 14, 75).
cost(7, 15, 61).
cost(7, 16, 50).
cost(7, 17, 76).
cost(7, 18, 31).
cost(7, 19, 53).
cost(7, 20, 51).
cost(7, 21, 12).
cost(7, 22, 86).
cost(7, 23, 81).
cost(7, 24, 39).
cost(7, 25, 38).
cost(7, 26, 42).
cost(7, 27, 34).
cost(8, 1, 72).
cost(8, 2, 56).
cost(8, 3, 30).
cost(8, 4, 32).
cost(8, 5, 44).
cost(8, 6, 62).
cost(8, 7, 53).
cost(8, 9, 58).
cost(8, 10, 45).
cost(8, 11, 55).
cost(8, 12, 62).
cost(8, 13, 85).
cost(8, 14, 77).
cost(8, 15, 68).
cost(8, 16, 29).
cost(8, 17, 31).
cost(8, 18, 27).
cost(8, 19, 10).
cost(8, 20, 17).
cost(8, 21, 56).
cost(8, 22, 48).
cost(8, 23, 31).
cost(8, 24, 18).
cost(8, 25, 17).
cost(8, 26, 27).
cost(8, 27, 32).
cost(9, 1, 89).
cost(9, 2, 102).
cost(9, 3, 52).
cost(9, 4, 85).
cost(9, 5, 92).
cost(9, 6, 17).
cost(9, 7, 96).
cost(9, 8, 58).
cost(9, 10, 89).
cost(9, 11, 94).
cost(9, 12, 74).
cost(9, 13, 76).
cost(9, 14, 62).
cost(9, 15, 66).
cost(9, 16, 46).
cost(9, 17, 28).
cost(9, 18, 67).
cost(9, 19, 68).
cost(9, 20, 48).
cost(9, 21, 93).
cost(9, 22, 11).
cost(9, 23, 34).
cost(9, 24, 61).
cost(9, 25, 72).
cost(9, 26, 55).
cost(9, 27, 62).
cost(10, 1, 42).
cost(10, 2, 13).
cost(10, 3, 38).
cost(10, 4, 18).
cost(10, 5, 6).
cost(10, 6, 85).
cost(10, 7, 8).
cost(10, 8, 45).
cost(10, 9, 89).
cost(10, 11, 12).
cost(10, 12, 42).
cost(10, 13, 74).
cost(10, 14, 72).
cost(10, 15, 58).
cost(10, 16, 43).
cost(10, 17, 68).
cost(10, 18, 23).
cost(10, 19, 46).
cost(10, 20, 43).
cost(10, 21, 15).
cost(10, 22, 79).
cost(10, 23, 73).
cost(10, 24, 31).
cost(10, 25, 30).
cost(10, 26, 35).
cost(10, 27, 28).
cost(11, 1, 33).
cost(11, 2, 12).
cost(11, 3, 42).
cost(11, 4, 29).
cost(11, 5, 16).
cost(11, 6, 88).
cost(11, 7, 8).
cost(11, 8, 55).
cost(11, 9, 94).
cost(11, 10, 12).
cost(11, 12, 37).
cost(11, 13, 68).
cost(11, 14, 68).
cost(11, 15, 54).
cost(11, 16, 48).
cost(11, 17, 76).
cost(11, 18, 30).
cost(11, 19, 57).
cost(11, 20, 50).
cost(11, 21, 4).
cost(11, 22, 84).
cost(11, 23, 82).
cost(11, 24, 39).
cost(11, 25, 41).
cost(11, 26, 40).
cost(11, 27, 32).
cost(12, 1, 15).
cost(12, 2, 49).
cost(12, 3, 34).
cost(12, 4, 55).
cost(12, 5, 48).
cost(12, 6, 63).
cost(12, 7, 44).
cost(12, 8, 62).
cost(12, 9, 74).
cost(12, 10, 42).
cost(12, 11, 37).
cost(12, 13, 31).
cost(12, 14, 32).
cost(12, 15, 18).
cost(12, 16, 38).
cost(12, 17, 67).
cost(12, 18, 38).
cost(12, 19, 69).
cost(12, 20, 48).
cost(12, 21, 33).
cost(12, 22, 67).
cost(12, 23, 77).
cost(12, 24, 45).
cost(12, 25, 58).
cost(12, 26, 35).
cost(12, 27, 31).
cost(13, 1, 38).
cost(13, 2, 80).
cost(13, 3, 56).
cost(13, 4, 85).
cost(13, 5, 79).
cost(13, 6, 60).
cost(13, 7, 75).
cost(13, 8, 85).
cost(13, 9, 76).
cost(13, 10, 74).
cost(13, 11, 68).
cost(13, 12, 31).
cost(13, 14, 14).
cost(13, 15, 17).
cost(13, 16, 57).
cost(13, 17, 79).
cost(13, 18, 66).
cost(13, 19, 94).
cost(13, 20, 69).
cost(13, 21, 64).
cost(13, 22, 72).
cost(13, 23, 90).
cost(13, 24, 71).
cost(13, 25, 85).
cost(13, 26, 59).
cost(13, 27, 57).
cost(14, 1, 43).
cost(14, 2, 80).
cost(14, 3, 48).
cost(14, 4, 81).
cost(14, 5, 77).
cost(14, 6, 46).
cost(14, 7, 75).
cost(14, 8, 77).
cost(14, 9, 62).
cost(14, 10, 72).
cost(14, 11, 68).
cost(14, 12, 32).
cost(14, 13, 14).
cost(14, 15, 15).
cost(14, 16, 48).
cost(14, 17, 67).
cost(14, 18, 60).
cost(14, 19, 86).
cost(14, 20, 60).
cost(14, 21, 65).
cost(14, 22, 59).
cost(14, 23, 78).
cost(14, 24, 64).
cost(14, 25, 79).
cost(14, 26, 51).
cost(14, 27, 51).
cost(15, 1, 30).
cost(15, 2, 66).
cost(15, 3, 39).
cost(15, 4, 68).
cost(15, 5, 64).
cost(15, 6, 52).
cost(15, 7, 61).
cost(15, 8, 68).
cost(15, 9, 66).
cost(15, 10, 58).
cost(15, 11, 54).
cost(15, 12, 18).
cost(15, 13, 17).
cost(15, 14, 15).
cost(15, 16, 40).
cost(15, 17, 65).
cost(15, 18, 49).
cost(15, 19, 77).
cost(15, 20, 52).
cost(15, 21, 51).
cost(15, 22, 61).
cost(15, 23, 76).
cost(15, 24, 53).
cost(15, 25, 68).
cost(15, 26, 41).
cost(15, 27, 40).
cost(16, 1, 51).
cost(16, 2, 55).
cost(16, 3, 6).
cost(16, 4, 42).
cost(16, 5, 46).
cost(16, 6, 43).
cost(16, 7, 50).
cost(16, 8, 29).
cost(16, 9, 46).
cost(16, 10, 43).
cost(16, 11, 48).
cost(16, 12, 38).
cost(16, 13, 57).
cost(16, 14, 48).
cost(16, 15, 40).
cost(16, 17, 30).
cost(16, 18, 21).
cost(16, 19, 39).
cost(16, 20, 12).
cost(16, 21, 47).
cost(16, 22, 36).
cost(16, 23, 39).
cost(16, 24, 19).
cost(16, 25, 34).
cost(16, 26, 9).
cost(16, 27, 16).
cost(17, 1, 80).
cost(17, 2, 81).
cost(17, 3, 35).
cost(17, 4, 61).
cost(17, 5, 70).
cost(17, 6, 36).
cost(17, 7, 76).
cost(17, 8, 31).
cost(17, 9, 28).
cost(17, 10, 68).
cost(17, 11, 76).
cost(17, 12, 67).
cost(17, 13, 79).
cost(17, 14, 67).
cost(17, 15, 65).
cost(17, 16, 30).
cost(17, 18, 46).
cost(17, 19, 40).
cost(17, 20, 25).
cost(17, 21, 75).
cost(17, 22, 18).
cost(17, 23, 11).
cost(17, 24, 38).
cost(17, 25, 46).
cost(17, 26, 36).
cost(17, 27, 44).
cost(18, 1, 46).
cost(18, 2, 35).
cost(18, 3, 16).
cost(18, 4, 22).
cost(18, 5, 25).
cost(18, 6, 64).
cost(18, 7, 31).
cost(18, 8, 27).
cost(18, 9, 67).
cost(18, 10, 23).
cost(18, 11, 30).
cost(18, 12, 38).
cost(18, 13, 66).
cost(18, 14, 60).
cost(18, 15, 49).
cost(18, 16, 21).
cost(18, 17, 46).
cost(18, 19, 32).
cost(18, 20, 20).
cost(18, 21, 31).
cost(18, 22, 56).
cost(18, 23, 52).
cost(18, 24, 9).
cost(18, 25, 19).
cost(18, 26, 13).
cost(18, 27, 9).
cost(19, 1, 78).
cost(19, 2, 56).
cost(19, 3, 38).
cost(19, 4, 30).
cost(19, 5, 44).
cost(19, 6, 73).
cost(19, 7, 53).
cost(19, 8, 10).
cost(19, 9, 68).
cost(19, 10, 46).
cost(19, 11, 57).
cost(19, 12, 69).
cost(19, 13, 94).
cost(19, 14, 86).
cost(19, 15, 77).
cost(19, 16, 39).
cost(19, 17, 40).
cost(19, 18, 32).
cost(19, 20, 27).
cost(19, 21, 59).
cost(19, 22, 57).
cost(19, 23, 38).
cost(19, 24, 24).
cost(19, 25, 15).
cost(19, 26, 36).
cost(19, 27, 39).
cost(20, 1, 60).
cost(20, 2, 55).
cost(20, 3, 14).
cost(20, 4, 37).
cost(20, 5, 44).
cost(20, 6, 49).
cost(20, 7, 51).
cost(20, 8, 17).
cost(20, 9, 48).
cost(20, 10, 43).
cost(20, 11, 50).
cost(20, 12, 48).
cost(20, 13, 69).
cost(20, 14, 60).
cost(20, 15, 52).
cost(20, 16, 12).
cost(20, 17, 25).
cost(20, 18, 20).
cost(20, 19, 27).
cost(20, 21, 50).
cost(20, 22, 38).
cost(20, 23, 32).
cost(20, 24, 13).
cost(20, 25, 25).
cost(20, 26, 13).
cost(20, 27, 20).
cost(21, 1, 29).
cost(21, 2, 16).
cost(21, 3, 41).
cost(21, 4, 32).
cost(21, 5, 20).
cost(21, 6, 86).
cost(21, 7, 12).
cost(21, 8, 56).
cost(21, 9, 93).
cost(21, 10, 15).
cost(21, 11, 4).
cost(21, 12, 33).
cost(21, 13, 64).
cost(21, 14, 65).
cost(21, 15, 51).
cost(21, 16, 47).
cost(21, 17, 75).
cost(21, 18, 31).
cost(21, 19, 59).
cost(21, 20, 50).
cost(21, 22, 83).
cost(21, 23, 82).
cost(21, 24, 40).
cost(21, 25, 43).
cost(21, 26, 39).
cost(21, 27, 31).
cost(22, 1, 82).
cost(22, 2, 92).
cost(22, 3, 42).
cost(22, 4, 74).
cost(22, 5, 81).
cost(22, 6, 20).
cost(22, 7, 86).
cost(22, 8, 48).
cost(22, 9, 11).
cost(22, 10, 79).
cost(22, 11, 84).
cost(22, 12, 67).
cost(22, 13, 72).
cost(22, 14, 59).
cost(22, 15, 61).
cost(22, 16, 36).
cost(22, 17, 18).
cost(22, 18, 56).
cost(22, 19, 57).
cost(22, 20, 38).
cost(22, 21, 83).
cost(22, 23, 26).
cost(22, 24, 50).
cost(22, 25, 62).
cost(22, 26, 45).
cost(22, 27, 52).
cost(23, 1, 90).
cost(23, 2, 86).
cost(23, 3, 44).
cost(23, 4, 63).
cost(23, 5, 74).
cost(23, 6, 46).
cost(23, 7, 81).
cost(23, 8, 31).
cost(23, 9, 34).
cost(23, 10, 73).
cost(23, 11, 82).
cost(23, 12, 77).
cost(23, 13, 90).
cost(23, 14, 78).
cost(23, 15, 76).
cost(23, 16, 39).
cost(23, 17, 11).
cost(23, 18, 52).
cost(23, 19, 38).
cost(23, 20, 32).
cost(23, 21, 82).
cost(23, 22, 26).
cost(23, 24, 43).
cost(23, 25, 48).
cost(23, 26, 44).
cost(23, 27, 52).
cost(24, 1, 54).
cost(24, 2, 43).
cost(24, 3, 16).
cost(24, 4, 24).
cost(24, 5, 32).
cost(24, 6, 60).
cost(24, 7, 39).
cost(24, 8, 18).
cost(24, 9, 61).
cost(24, 10, 31).
cost(24, 11, 39).
cost(24, 12, 45).
cost(24, 13, 71).
cost(24, 14, 64).
cost(24, 15, 53).
cost(24, 16, 19).
cost(24, 17, 38).
cost(24, 18, 9).
cost(24, 19, 24).
cost(24, 20, 13).
cost(24, 21, 40).
cost(24, 22, 50).
cost(24, 23, 43).
cost(24, 25, 15).
cost(24, 26, 13).
cost(24, 27, 15).
cost(25, 1, 64).
cost(25, 2, 41).
cost(25, 3, 31).
cost(25, 4, 16).
cost(25, 5, 28).
cost(25, 6, 74).
cost(25, 7, 38).
cost(25, 8, 17).
cost(25, 9, 72).
cost(25, 10, 30).
cost(25, 11, 41).
cost(25, 12, 58).
cost(25, 13, 85).
cost(25, 14, 79).
cost(25, 15, 68).
cost(25, 16, 34).
cost(25, 17, 46).
cost(25, 18, 19).
cost(25, 19, 15).
cost(25, 20, 25).
cost(25, 21, 43).
cost(25, 22, 62).
cost(25, 23, 48).
cost(25, 24, 15).
cost(25, 26, 28).
cost(25, 27, 28).
cost(26, 1, 47).
cost(26, 2, 47).
cost(26, 3, 4).
cost(26, 4, 34).
cost(26, 5, 38).
cost(26, 6, 51).
cost(26, 7, 42).
cost(26, 8, 27).
cost(26, 9, 55).
cost(26, 10, 35).
cost(26, 11, 40).
cost(26, 12, 35).
cost(26, 13, 59).
cost(26, 14, 51).
cost(26, 15, 41).
cost(26, 16, 9).
cost(26, 17, 36).
cost(26, 18, 13).
cost(26, 19, 36).
cost(26, 20, 13).
cost(26, 21, 39).
cost(26, 22, 45).
cost(26, 23, 44).
cost(26, 24, 13).
cost(26, 25, 28).
cost(26, 27, 8).
cost(27, 1, 40).
cost(27, 2, 40).
cost(27, 3, 10).
cost(27, 4, 30).
cost(27, 5, 31).
cost(27, 6, 57).
cost(27, 7, 34).
cost(27, 8, 32).
cost(27, 9, 62).
cost(27, 10, 28).
cost(27, 11, 32).
cost(27, 12, 31).
cost(27, 13, 57).
cost(27, 14, 51).
cost(27, 15, 40).
cost(27, 16, 16).
cost(27, 17, 44).
cost(27, 18, 9).
cost(27, 19, 39).
cost(27, 20, 20).
cost(27, 21, 31).
cost(27, 22, 52).
cost(27, 23, 52).
cost(27, 24, 15).
cost(27, 25, 28).
cost(27, 26, 8).
nocross(1,3).
nocross(1,7).
nocross(1,11).
nocross(1,12).
nocross(1,13).
nocross(1,14).
nocross(1,15).
nocross(1,18).
nocross(1,21).
nocross(1,26).
nocross(1,27).
nocross(2,4).
nocross(2,5).
nocross(2,7).
nocross(2,10).
nocross(2,11).
nocross(2,18).
nocross(2,21).
nocross(3,1).
nocross(3,5).
nocross(3,8).
nocross(3,10).
nocross(3,12).
nocross(3,16).
nocross(3,17).
nocross(3,18).
nocross(3,20).
nocross(3,21).
nocross(3,22).
nocross(3,24).
nocross(3,25).
nocross(3,26).
nocross(3,27).
nocross(4,2).
nocross(4,3).
nocross(4,5).
nocross(4,7).
nocross(4,8).
nocross(4,10).
nocross(4,11).
nocross(4,16).
nocross(4,18).
nocross(4,19).
nocross(4,20).
nocross(4,21).
nocross(4,24).
nocross(4,25).
nocross(4,26).
nocross(4,27).
nocross(5,2).
nocross(5,3).
nocross(5,4).
nocross(5,7).
nocross(5,10).
nocross(5,11).
nocross(5,18).
nocross(5,21).
nocross(5,24).
nocross(5,25).
nocross(5,26).
nocross(5,27).
nocross(6,9).
nocross(6,14).
nocross(6,17).
nocross(6,22).
nocross(6,23).
nocross(7,1).
nocross(7,2).
nocross(7,4).
nocross(7,5).
nocross(7,10).
nocross(7,11).
nocross(7,18).
nocross(7,21).
nocross(7,26).
nocross(7,27).
nocross(8,3).
nocross(8,4).
nocross(8,16).
nocross(8,17).
nocross(8,18).
nocross(8,19).
nocross(8,20).
nocross(8,23).
nocross(8,24).
nocross(8,25).
nocross(8,26).
nocross(8,27).
nocross(9,6).
nocross(9,17).
nocross(9,22).
nocross(9,23).
nocross(10,2).
nocross(10,3).
nocross(10,4).
nocross(10,5).
nocross(10,7).
nocross(10,11).
nocross(10,18).
nocross(10,21).
nocross(10,24).
nocross(10,25).
nocross(10,26).
nocross(10,27).
nocross(11,1).
nocross(11,2).
nocross(11,3).
nocross(11,4).
nocross(11,5).
nocross(11,7).
nocross(11,10).
nocross(11,12).
nocross(11,18).
nocross(11,21).
nocross(11,26).
nocross(11,27).
nocross(12,1).
nocross(12,3).
nocross(12,11).
nocross(12,13).
nocross(12,14).
nocross(12,15).
nocross(12,16).
nocross(12,18).
nocross(12,21).
nocross(12,24).
nocross(12,26).
nocross(12,27).
nocross(13,1).
nocross(13,12).
nocross(13,14).
nocross(13,15).
nocross(14,3).
nocross(14,6).
nocross(14,9).
nocross(14,12).
nocross(14,13).
nocross(14,15).
nocross(14,16).
nocross(15,1).
nocross(15,3).
nocross(15,12).
nocross(15,13).
nocross(15,14).
nocross(15,16).
nocross(15,26).
nocross(15,27).
nocross(16,3).
nocross(16,6).
nocross(16,8).
nocross(16,9).
nocross(16,12).
nocross(16,17).
nocross(16,18).
nocross(16,20).
nocross(16,22).
nocross(16,23).
nocross(16,24).
nocross(16,26).
nocross(16,27).
nocross(17,3).
nocross(17,6).
nocross(17,8).
nocross(17,9).
nocross(17,16).
nocross(17,19).
nocross(17,20).
nocross(17,22).
nocross(17,23).
nocross(17,24).
nocross(17,26).
nocross(18,2).
nocross(18,3).
nocross(18,4).
nocross(18,5).
nocross(18,7).
nocross(18,8).
nocross(18,10).
nocross(18,11).
nocross(18,12).
nocross(18,16).
nocross(18,19).
nocross(18,20).
nocross(18,21).
nocross(18,24).
nocross(18,25).
nocross(18,26).
nocross(18,27).
nocross(19,3).
nocross(19,4).
nocross(19,8).
nocross(19,16).
nocross(19,17).
nocross(19,18).
nocross(19,20).
nocross(19,23).
nocross(19,24).
nocross(19,25).
nocross(19,26).
nocross(19,27).
nocross(20,3).
nocross(20,4).
nocross(20,8).
nocross(20,9).
nocross(20,16).
nocross(20,17).
nocross(20,18).
nocross(20,19).
nocross(20,22).
nocross(20,23).
nocross(20,24).
nocross(20,25).
nocross(20,26).
nocross(20,27).
nocross(21,1).
nocross(21,2).
nocross(21,3).
nocross(21,4).
nocross(21,5).
nocross(21,7).
nocross(21,10).
nocross(21,11).
nocross(21,12).
nocross(21,18).
nocross(21,24).
nocross(21,26).
nocross(21,27).
nocross(22,3).
nocross(22,6).
nocross(22,9).
nocross(22,16).
nocross(22,17).
nocross(22,20).
nocross(22,23).
nocross(23,8).
nocross(23,9).
nocross(23,16).
nocross(23,17).
nocross(23,19).
nocross(23,20).
nocross(23,22).
nocross(24,3).
nocross(24,4).
nocross(24,5).
nocross(24,8).
nocross(24,10).
nocross(24,16).
nocross(24,17).
nocross(24,18).
nocross(24,19).
nocross(24,20).
nocross(24,23).
nocross(24,25).
nocross(24,26).
nocross(24,27).
nocross(25,3).
nocross(25,4).
nocross(25,5).
nocross(25,7).
nocross(25,8).
nocross(25,10).
nocross(25,16).
nocross(25,17).
nocross(25,18).
nocross(25,19).
nocross(25,20).
nocross(25,23).
nocross(25,24).
nocross(25,26).
nocross(25,27).
nocross(26,3).
nocross(26,4).
nocross(26,5).
nocross(26,7).
nocross(26,8).
nocross(26,10).
nocross(26,11).
nocross(26,12).
nocross(26,16).
nocross(26,18).
nocross(26,20).
nocross(26,21).
nocross(26,24).
nocross(26,25).
nocross(26,27).
nocross(27,1).
nocross(27,3).
nocross(27,4).
nocross(27,5).
nocross(27,7).
nocross(27,8).
nocross(27,10).
nocross(27,11).
nocross(27,12).
nocross(27,16).
nocross(27,18).
nocross(27,20).
nocross(27,21).
nocross(27,24).
nocross(27,25).
nocross(27,26).
