dimension(27).
point(1, 71.6298213628, 97.5473274175).
point(2, 16.4364677114, 74.0966470013).
point(3, 49.3005221388, 29.402564693).
point(4, 33.4940759513, 3.6313559476).
point(5, 88.2005857098, 92.3756538566).
point(6, 23.008975603, 62.4066708279).
point(7, 5.6221234508, 82.8081669469).
point(8, 76.7246334411, 53.9881682931).
point(9, 82.0343158384, 42.2987657948).
point(10, 12.9973115772, 35.4009747976).
point(11, 16.7446785252, 80.6563188865).
point(12, 61.7344405895, 92.623355886).
point(13, 14.438707191, 41.4277936177).
point(14, 59.9326652537, 4.0296529839).
point(15, 55.7208846052, 38.2226368945).
point(16, 19.7946494, 42.4001844845).
point(17, 70.7228874766, 3.6231953992).
point(18, 69.0514305035, 40.8389278441).
point(19, 75.445544223, 88.2569083522).
point(20, 5.7822684, 86.4036440787).
point(21, 80.7661827417, 31.1527998405).
point(22, 68.6645920376, 13.8122356341).
point(23, 60.4948090189, 63.9390628349).
point(24, 22.2164582606, 83.1970354304).
point(25, 22.848963815, 54.6809448385).
point(26, 71.1557236545, 91.0267702221).
point(27, 83.7521049983, 33.2964899549).
cost(1, 2, 60).
cost(1, 3, 72).
cost(1, 4, 101).
cost(1, 5, 17).
cost(1, 6, 60).
cost(1, 7, 68).
cost(1, 8, 44).
cost(1, 9, 56).
cost(1, 10, 85).
cost(1, 11, 57).
cost(1, 12, 11).
cost(1, 13, 80).
cost(1, 14, 94).
cost(1, 15, 61).
cost(1, 16, 76).
cost(1, 17, 94).
cost(1, 18, 57).
cost(1, 19, 10).
cost(1, 20, 67).
cost(1, 21, 67).
cost(1, 22, 84).
cost(1, 23, 35).
cost(1, 24, 51).
cost(1, 25, 65).
cost(1, 26, 7).
cost(1, 27, 65).
cost(2, 1, 60).
cost(2, 3, 55).
cost(2, 4, 73).
cost(2, 5, 74).
cost(2, 6, 13).
cost(2, 7, 14).
cost(2, 8, 64).
cost(2, 9, 73).
cost(2, 10, 39).
cost(2, 11, 7).
cost(2, 12, 49).
cost(2, 13, 33).
cost(2, 14, 82).
cost(2, 15, 53).
cost(2, 16, 32).
cost(2, 17, 89).
cost(2, 18, 62).
cost(2, 19, 61).
cost(2, 20, 16).
cost(2, 21, 77).
cost(2, 22, 80).
cost(2, 23, 45).
cost(2, 24, 11).
cost(2, 25, 20).
cost(2, 26, 57).
cost(2, 27, 79).
cost(3, 1, 72).
cost(3, 2, 55).
cost(3, 4, 30).
cost(3, 5, 74).
cost(3, 6, 42).
cost(3, 7, 69).
cost(3, 8, 37).
cost(3, 9, 35).
cost(3, 10, 37).
cost(3, 11, 61).
cost(3, 12, 64).
cost(3, 13, 37).
cost(3, 14, 28).
cost(3, 15, 11).
cost(3, 16, 32).
cost(3, 17, 34).
cost(3, 18, 23).
cost(3, 19, 64).
cost(3, 20, 72).
cost(3, 21, 32).
cost(3, 22, 25).
cost(3, 23, 36).
cost(3, 24, 60).
cost(3, 25, 37).
cost(3, 26, 65).
cost(3, 27, 35).
cost(4, 1, 101).
cost(4, 2, 73).
cost(4, 3, 30).
cost(4, 5, 104).
cost(4, 6, 60).
cost(4, 7, 84).
cost(4, 8, 66).
cost(4, 9, 62).
cost(4, 10, 38).
cost(4, 11, 79).
cost(4, 12, 93).
cost(4, 13, 42).
cost(4, 14, 26).
cost(4, 15, 41).
cost(4, 16, 41).
cost(4, 17, 37).
cost(4, 18, 51).
cost(4, 19, 94).
cost(4, 20, 87).
cost(4, 21, 55).
cost(4, 22, 37).
cost(4, 23, 66).
cost(4, 24, 80).
cost(4, 25, 52).
cost(4, 26, 95).
cost(4, 27, 58).
cost(5, 1, 17).
cost(5, 2, 74).
cost(5, 3, 74).
cost(5, 4, 104).
cost(5, 6, 72).
cost(5, 7, 83).
cost(5, 8, 40).
cost(5, 9, 50).
cost(5, 10, 94).
cost(5, 11, 72).
cost(5, 12, 26).
cost(5, 13, 90).
cost(5, 14, 93).
cost(5, 15, 63).
cost(5, 16, 85).
cost(5, 17, 90).
cost(5, 18, 55).
cost(5, 19, 13).
cost(5, 20, 83).
cost(5, 21, 62).
cost(5, 22, 81).
cost(5, 23, 40).
cost(5, 24, 67).
cost(5, 25, 75).
cost(5, 26, 17).
cost(5, 27, 59).
cost(6, 1, 60).
cost(6, 2, 13).
cost(6, 3, 42).
cost(6, 4, 60).
cost(6, 5, 72).
cost(6, 7, 27).
cost(6, 8, 54).
cost(6, 9, 62).
cost(6, 10, 29).
cost(6, 11, 19).
cost(6, 12, 49).
cost(6, 13, 23).
cost(6, 14, 69).
cost(6, 15, 41).
cost(6, 16, 20).
cost(6, 17, 76).
cost(6, 18, 51).
cost(6, 19, 58).
cost(6, 20, 30).
cost(6, 21, 66).
cost(6, 22, 67).
cost(6, 23, 38).
cost(6, 24, 21).
cost(6, 25, 8).
cost(6, 26, 56).
cost(6, 27, 67).
cost(7, 1, 68).
cost(7, 2, 14).
cost(7, 3, 69).
cost(7, 4, 84).
cost(7, 5, 83).
cost(7, 6, 27).
cost(7, 8, 77).
cost(7, 9, 86).
cost(7, 10, 48).
cost(7, 11, 11).
cost(7, 12, 57).
cost(7, 13, 42).
cost(7, 14, 96).
cost(7, 15, 67).
cost(7, 16, 43).
cost(7, 17, 103).
cost(7, 18, 76).
cost(7, 19, 70).
cost(7, 20, 4).
cost(7, 21, 91).
cost(7, 22, 93).
cost(7, 23, 58).
cost(7, 24, 17).
cost(7, 25, 33).
cost(7, 26, 66).
cost(7, 27, 92).
cost(8, 1, 44).
cost(8, 2, 64).
cost(8, 3, 37).
cost(8, 4, 66).
cost(8, 5, 40).
cost(8, 6, 54).
cost(8, 7, 77).
cost(8, 9, 13).
cost(8, 10, 66).
cost(8, 11, 66).
cost(8, 12, 41).
cost(8, 13, 64).
cost(8, 14, 53).
cost(8, 15, 26).
cost(8, 16, 58).
cost(8, 17, 51).
cost(8, 18, 15).
cost(8, 19, 34).
cost(8, 20, 78).
cost(8, 21, 23).
cost(8, 22, 41).
cost(8, 23, 19).
cost(8, 24, 62).
cost(8, 25, 54).
cost(8, 26, 37).
cost(8, 27, 22).
cost(9, 1, 56).
cost(9, 2, 73).
cost(9, 3, 35).
cost(9, 4, 62).
cost(9, 5, 50).
cost(9, 6, 62).
cost(9, 7, 86).
cost(9, 8, 13).
cost(9, 10, 69).
cost(9, 11, 76).
cost(9, 12, 54).
cost(9, 13, 68).
cost(9, 14, 44).
cost(9, 15, 27).
cost(9, 16, 62).
cost(9, 17, 40).
cost(9, 18, 13).
cost(9, 19, 46).
cost(9, 20, 88).
cost(9, 21, 11).
cost(9, 22, 31).
cost(9, 23, 31).
cost(9, 24, 72).
cost(9, 25, 60).
cost(9, 26, 50).
cost(9, 27, 9).
cost(10, 1, 85).
cost(10, 2, 39).
cost(10, 3, 37).
cost(10, 4, 38).
cost(10, 5, 94).
cost(10, 6, 29).
cost(10, 7, 48).
cost(10, 8, 66).
cost(10, 9, 69).
cost(10, 11, 45).
cost(10, 12, 75).
cost(10, 13, 6).
cost(10, 14, 56).
cost(10, 15, 43).
cost(10, 16, 10).
cost(10, 17, 66).
cost(10, 18, 56).
cost(10, 19, 82).
cost(10, 20, 52).
cost(10, 21, 68).
cost(10, 22, 60).
cost(10, 23, 55).
cost(10, 24, 49).
cost(10, 25, 22).
cost(10, 26, 80).
cost(10, 27, 71).
cost(11, 1, 57).
cost(11, 2, 7).
cost(11, 3, 61).
cost(11, 4, 79).
cost(11, 5, 72).
cost(11, 6, 19).
cost(11, 7, 11).
cost(11, 8, 66).
cost(11, 9, 76).
cost(11, 10, 45).
cost(11, 12, 47).
cost(11, 13, 39).
cost(11, 14, 88).
cost(11, 15, 58).
cost(11, 16, 38).
cost(11, 17, 94).
cost(11, 18, 66).
cost(11, 19, 59).
cost(11, 20, 12).
cost(11, 21, 81).
cost(11, 22, 85).
cost(11, 23, 47).
cost(11, 24, 6).
cost(11, 25, 27).
cost(11, 26, 55).
cost(11, 27, 82).
cost(12, 1, 11).
cost(12, 2, 49).
cost(12, 3, 64).
cost(12, 4, 93).
cost(12, 5, 26).
cost(12, 6, 49).
cost(12, 7, 57).
cost(12, 8, 41).
cost(12, 9, 54).
cost(12, 10, 75).
cost(12, 11, 47).
cost(12, 13, 70).
cost(12, 14, 89).
cost(12, 15, 55).
cost(12, 16, 65).
cost(12, 17, 89).
cost(12, 18, 52).
cost(12, 19, 14).
cost(12, 20, 56).
cost(12, 21, 64).
cost(12, 22, 79).
cost(12, 23, 29).
cost(12, 24, 41).
cost(12, 25, 54).
cost(12, 26, 10).
cost(12, 27, 63).
cost(13, 1, 80).
cost(13, 2, 33).
cost(13, 3, 37).
cost(13, 4, 42).
cost(13, 5, 90).
cost(13, 6, 23).
cost(13, 7, 42).
cost(13, 8, 64).
cost(13, 9, 68).
cost(13, 10, 6).
cost(13, 11, 39).
cost(13, 12, 70).
cost(13, 14, 59).
cost(13, 15, 41).
cost(13, 16, 5).
cost(13, 17, 68).
cost(13, 18, 55).
cost(13, 19, 77).
cost(13, 20, 46).
cost(13, 21, 67).
cost(13, 22, 61).
cost(13, 23, 51).
cost(13, 24, 42).
cost(13, 25, 16).
cost(13, 26, 75).
cost(13, 27, 70).
cost(14, 1, 94).
cost(14, 2, 82).
cost(14, 3, 28).
cost(14, 4, 26).
cost(14, 5, 93).
cost(14, 6, 69).
cost(14, 7, 96).
cost(14, 8, 53).
cost(14, 9, 44).
cost(14, 10, 56).
cost(14, 11, 88).
cost(14, 12, 89).
cost(14, 13, 59).
cost(14, 15, 34).
cost(14, 16, 56).
cost(14, 17, 11).
cost(14, 18, 38).
cost(14, 19, 86).
cost(14, 20, 99).
cost(14, 21, 34).
cost(14, 22, 13).
cost(14, 23, 60).
cost(14, 24, 88).
cost(14, 25, 63).
cost(14, 26, 88).
cost(14, 27, 38).
cost(15, 1, 61).
cost(15, 2, 53).
cost(15, 3, 11).
cost(15, 4, 41).
cost(15, 5, 63).
cost(15, 6, 41).
cost(15, 7, 67).
cost(15, 8, 26).
cost(15, 9, 27).
cost(15, 10, 43).
cost(15, 11, 58).
cost(15, 12, 55).
cost(15, 13, 41).
cost(15, 14, 34).
cost(15, 16, 36).
cost(15, 17, 38).
cost(15, 18, 14).
cost(15, 19, 54).
cost(15, 20, 69).
cost(15, 21, 26).
cost(15, 22, 28).
cost(15, 23, 26).
cost(15, 24, 56).
cost(15, 25, 37).
cost(15, 26, 55).
cost(15, 27, 28).
cost(16, 1, 76).
cost(16, 2, 32).
cost(16, 3, 32).
cost(16, 4, 41).
cost(16, 5, 85).
cost(16, 6, 20).
cost(16, 7, 43).
cost(16, 8, 58).
cost(16, 9, 62).
cost(16, 10, 10).
cost(16, 11, 38).
cost(16, 12, 65).
cost(16, 13, 5).
cost(16, 14, 56).
cost(16, 15, 36).
cost(16, 17, 64).
cost(16, 18, 49).
cost(16, 19, 72).
cost(16, 20, 46).
cost(16, 21, 62).
cost(16, 22, 57).
cost(16, 23, 46).
cost(16, 24, 41).
cost(16, 25, 13).
cost(16, 26, 71).
cost(16, 27, 65).
cost(17, 1, 94).
cost(17, 2, 89).
cost(17, 3, 34).
cost(17, 4, 37).
cost(17, 5, 90).
cost(17, 6, 76).
cost(17, 7, 103).
cost(17, 8, 51).
cost(17, 9, 40).
cost(17, 10, 66).
cost(17, 11, 94).
cost(17, 12, 89).
cost(17, 13, 68).
cost(17, 14, 11).
cost(17, 15, 38).
cost(17, 16, 64).
cost(17, 18, 37).
cost(17, 19, 85).
cost(17, 20, 105).
cost(17, 21, 29).
cost(17, 22, 10).
cost(17, 23, 61).
cost(17, 24, 93).
cost(17, 25, 70).
cost(17, 26, 87).
cost(17, 27, 32).
cost(18, 1, 57).
cost(18, 2, 62).
cost(18, 3, 23).
cost(18, 4, 51).
cost(18, 5, 55).
cost(18, 6, 51).
cost(18, 7, 76).
cost(18, 8, 15).
cost(18, 9, 13).
cost(18, 10, 56).
cost(18, 11, 66).
cost(18, 12, 52).
cost(18, 13, 55).
cost(18, 14, 38).
cost(18, 15, 14).
cost(18, 16, 49).
cost(18, 17, 37).
cost(18, 19, 48).
cost(18, 20, 78).
cost(18, 21, 15).
cost(18, 22, 27).
cost(18, 23, 25).
cost(18, 24, 63).
cost(18, 25, 48).
cost(18, 26, 50).
cost(18, 27, 17).
cost(19, 1, 10).
cost(19, 2, 61).
cost(19, 3, 64).
cost(19, 4, 94).
cost(19, 5, 13).
cost(19, 6, 58).
cost(19, 7, 70).
cost(19, 8, 34).
cost(19, 9, 46).
cost(19, 10, 82).
cost(19, 11, 59).
cost(19, 12, 14).
cost(19, 13, 77).
cost(19, 14, 86).
cost(19, 15, 54).
cost(19, 16, 72).
cost(19, 17, 85).
cost(19, 18, 48).
cost(19, 20, 70).
cost(19, 21, 57).
cost(19, 22, 75).
cost(19, 23, 29).
cost(19, 24, 53).
cost(19, 25, 62).
cost(19, 26, 5).
cost(19, 27, 56).
cost(20, 1, 67).
cost(20, 2, 16).
cost(20, 3, 72).
cost(20, 4, 87).
cost(20, 5, 83).
cost(20, 6, 30).
cost(20, 7, 4).
cost(20, 8, 78).
cost(20, 9, 88).
cost(20, 10, 52).
cost(20, 11, 12).
cost(20, 12, 56).
cost(20, 13, 46).
cost(20, 14, 99).
cost(20, 15, 69).
cost(20, 16, 46).
cost(20, 17, 105).
cost(20, 18, 78).
cost(20, 19, 70).
cost(20, 21, 93).
cost(20, 22, 96).
cost(20, 23, 59).
cost(20, 24, 17).
cost(20, 25, 36).
cost(20, 26, 66).
cost(20, 27, 94).
cost(21, 1, 67).
cost(21, 2, 77).
cost(21, 3, 32).
cost(21, 4, 55).
cost(21, 5, 62).
cost(21, 6, 66).
cost(21, 7, 91).
cost(21, 8, 23).
cost(21, 9, 11).
cost(21, 10, 68).
cost(21, 11, 81).
cost(21, 12, 64).
cost(21, 13, 67).
cost(21, 14, 34).
cost(21, 15, 26).
cost(21, 16, 62).
cost(21, 17, 29).
cost(21, 18, 15).
cost(21, 19, 57).
cost(21, 20, 93).
cost(21, 22, 21).
cost(21, 23, 39).
cost(21, 24, 78).
cost(21, 25, 63).
cost(21, 26, 61).
cost(21, 27, 4).
cost(22, 1, 84).
cost(22, 2, 80).
cost(22, 3, 25).
cost(22, 4, 37).
cost(22, 5, 81).
cost(22, 6, 67).
cost(22, 7, 93).
cost(22, 8, 41).
cost(22, 9, 31).
cost(22, 10, 60).
cost(22, 11, 85).
cost(22, 12, 79).
cost(22, 13, 61).
cost(22, 14, 13).
cost(22, 15, 28).
cost(22, 16, 57).
cost(22, 17, 10).
cost(22, 18, 27).
cost(22, 19, 75).
cost(22, 20, 96).
cost(22, 21, 21).
cost(22, 23, 51).
cost(22, 24, 83).
cost(22, 25, 61).
cost(22, 26, 77).
cost(22, 27, 25).
cost(23, 1, 35).
cost(23, 2, 45).
cost(23, 3, 36).
cost(23, 4, 66).
cost(23, 5, 40).
cost(23, 6, 38).
cost(23, 7, 58).
cost(23, 8, 19).
cost(23, 9, 31).
cost(23, 10, 55).
cost(23, 11, 47).
cost(23, 12, 29).
cost(23, 13, 51).
cost(23, 14, 60).
cost(23, 15, 26).
cost(23, 16, 46).
cost(23, 17, 61).
cost(23, 18, 25).
cost(23, 19, 29).
cost(23, 20, 59).
cost(23, 21, 39).
cost(23, 22, 51).
cost(23, 24, 43).
cost(23, 25, 39).
cost(23, 26, 29).
cost(23, 27, 38).
cost(24, 1, 51).
cost(24, 2, 11).
cost(24, 3, 60).
cost(24, 4, 80).
cost(24, 5, 67).
cost(24, 6, 21).
cost(24, 7, 17).
cost(24, 8, 62).
cost(24, 9, 72).
cost(24, 10, 49).
cost(24, 11, 6).
cost(24, 12, 41).
cost(24, 13, 42).
cost(24, 14, 88).
cost(24, 15, 56).
cost(24, 16, 41).
cost(24, 17, 93).
cost(24, 18, 63).
cost(24, 19, 53).
cost(24, 20, 17).
cost(24, 21, 78).
cost(24, 22, 83).
cost(24, 23, 43).
cost(24, 25, 29).
cost(24, 26, 50).
cost(24, 27, 79).
cost(25, 1, 65).
cost(25, 2, 20).
cost(25, 3, 37).
cost(25, 4, 52).
cost(25, 5, 75).
cost(25, 6, 8).
cost(25, 7, 33).
cost(25, 8, 54).
cost(25, 9, 60).
cost(25, 10, 22).
cost(25, 11, 27).
cost(25, 12, 54).
cost(25, 13, 16).
cost(25, 14, 63).
cost(25, 15, 37).
cost(25, 16, 13).
cost(25, 17, 70).
cost(25, 18, 48).
cost(25, 19, 62).
cost(25, 20, 36).
cost(25, 21, 63).
cost(25, 22, 61).
cost(25, 23, 39).
cost(25, 24, 29).
cost(25, 26, 60).
cost(25, 27, 65).
cost(26, 1, 7).
cost(26, 2, 57).
cost(26, 3, 65).
cost(26, 4, 95).
cost(26, 5, 17).
cost(26, 6, 56).
cost(26, 7, 66).
cost(26, 8, 37).
cost(26, 9, 50).
cost(26, 10, 80).
cost(26, 11, 55).
cost(26, 12, 10).
cost(26, 13, 75).
cost(26, 14, 88).
cost(26, 15, 55).
cost(26, 16, 71).
cost(26, 17, 87).
cost(26, 18, 50).
cost(26, 19, 5).
cost(26, 20, 66).
cost(26, 21, 61).
cost(26, 22, 77).
cost(26, 23, 29).
cost(26, 24, 50).
cost(26, 25, 60).
cost(26, 27, 59).
cost(27, 1, 65).
cost(27, 2, 79).
cost(27, 3, 35).
cost(27, 4, 58).
cost(27, 5, 59).
cost(27, 6, 67).
cost(27, 7, 92).
cost(27, 8, 22).
cost(27, 9, 9).
cost(27, 10, 71).
cost(27, 11, 82).
cost(27, 12, 63).
cost(27, 13, 70).
cost(27, 14, 38).
cost(27, 15, 28).
cost(27, 16, 65).
cost(27, 17, 32).
cost(27, 18, 17).
cost(27, 19, 56).
cost(27, 20, 94).
cost(27, 21, 4).
cost(27, 22, 25).
cost(27, 23, 38).
cost(27, 24, 79).
cost(27, 25, 65).
cost(27, 26, 59).
nocross(1,5).
nocross(1,8).
nocross(1,12).
nocross(1,19).
nocross(1,23).
nocross(1,24).
nocross(1,26).
nocross(2,6).
nocross(2,7).
nocross(2,10).
nocross(2,11).
nocross(2,13).
nocross(2,16).
nocross(2,20).
nocross(2,24).
nocross(2,25).
nocross(3,4).
nocross(3,6).
nocross(3,8).
nocross(3,9).
nocross(3,10).
nocross(3,13).
nocross(3,14).
nocross(3,15).
nocross(3,16).
nocross(3,17).
nocross(3,18).
nocross(3,21).
nocross(3,22).
nocross(3,23).
nocross(3,25).
nocross(3,27).
nocross(4,3).
nocross(4,6).
nocross(4,10).
nocross(4,13).
nocross(4,14).
nocross(4,15).
nocross(4,16).
nocross(4,17).
nocross(4,22).
nocross(4,25).
nocross(5,1).
nocross(5,8).
nocross(5,9).
nocross(5,12).
nocross(5,19).
nocross(5,23).
nocross(5,26).
nocross(6,2).
nocross(6,7).
nocross(6,10).
nocross(6,11).
nocross(6,13).
nocross(6,15).
nocross(6,16).
nocross(6,20).
nocross(6,23).
nocross(6,24).
nocross(6,25).
nocross(7,2).
nocross(7,6).
nocross(7,10).
nocross(7,11).
nocross(7,13).
nocross(7,16).
nocross(7,20).
nocross(7,24).
nocross(7,25).
nocross(8,3).
nocross(8,5).
nocross(8,9).
nocross(8,12).
nocross(8,15).
nocross(8,17).
nocross(8,18).
nocross(8,19).
nocross(8,21).
nocross(8,22).
nocross(8,23).
nocross(8,26).
nocross(8,27).
nocross(9,3).
nocross(9,5).
nocross(9,8).
nocross(9,14).
nocross(9,15).
nocross(9,17).
nocross(9,18).
nocross(9,19).
nocross(9,21).
nocross(9,22).
nocross(9,23).
nocross(9,26).
nocross(9,27).
nocross(10,2).
nocross(10,3).
nocross(10,4).
nocross(10,6).
nocross(10,7).
nocross(10,11).
nocross(10,13).
nocross(10,16).
nocross(10,20).
nocross(10,25).
nocross(11,2).
nocross(11,6).
nocross(11,7).
nocross(11,10).
nocross(11,13).
nocross(11,16).
nocross(11,20).
nocross(11,24).
nocross(11,25).
nocross(12,1).
nocross(12,2).
nocross(12,6).
nocross(12,8).
nocross(12,11).
nocross(12,19).
nocross(12,23).
nocross(12,24).
nocross(12,26).
nocross(13,2).
nocross(13,3).
nocross(13,6).
nocross(13,7).
nocross(13,10).
nocross(13,11).
nocross(13,16).
nocross(13,20).
nocross(13,24).
nocross(13,25).
nocross(14,3).
nocross(14,4).
nocross(14,9).
nocross(14,15).
nocross(14,17).
nocross(14,18).
nocross(14,21).
nocross(14,22).
nocross(14,27).
nocross(15,3).
nocross(15,6).
nocross(15,8).
nocross(15,9).
nocross(15,13).
nocross(15,14).
nocross(15,16).
nocross(15,17).
nocross(15,18).
nocross(15,19).
nocross(15,21).
nocross(15,22).
nocross(15,23).
nocross(15,25).
nocross(15,26).
nocross(15,27).
nocross(16,2).
nocross(16,3).
nocross(16,4).
nocross(16,6).
nocross(16,7).
nocross(16,10).
nocross(16,11).
nocross(16,13).
nocross(16,20).
nocross(16,24).
nocross(16,25).
nocross(17,3).
nocross(17,4).
nocross(17,9).
nocross(17,14).
nocross(17,15).
nocross(17,18).
nocross(17,21).
nocross(17,22).
nocross(17,27).
nocross(18,3).
nocross(18,8).
nocross(18,9).
nocross(18,14).
nocross(18,15).
nocross(18,16).
nocross(18,17).
nocross(18,19).
nocross(18,21).
nocross(18,22).
nocross(18,23).
nocross(18,26).
nocross(18,27).
nocross(19,1).
nocross(19,5).
nocross(19,8).
nocross(19,9).
nocross(19,12).
nocross(19,18).
nocross(19,21).
nocross(19,23).
nocross(19,24).
nocross(19,26).
nocross(19,27).
nocross(20,2).
nocross(20,6).
nocross(20,7).
nocross(20,10).
nocross(20,11).
nocross(20,13).
nocross(20,16).
nocross(20,24).
nocross(20,25).
nocross(21,3).
nocross(21,8).
nocross(21,9).
nocross(21,14).
nocross(21,15).
nocross(21,17).
nocross(21,18).
nocross(21,22).
nocross(21,23).
nocross(21,27).
nocross(22,3).
nocross(22,8).
nocross(22,9).
nocross(22,14).
nocross(22,15).
nocross(22,17).
nocross(22,18).
nocross(22,21).
nocross(22,27).
nocross(23,1).
nocross(23,2).
nocross(23,3).
nocross(23,6).
nocross(23,8).
nocross(23,9).
nocross(23,11).
nocross(23,12).
nocross(23,15).
nocross(23,16).
nocross(23,18).
nocross(23,19).
nocross(23,21).
nocross(23,22).
nocross(23,24).
nocross(23,25).
nocross(23,26).
nocross(23,27).
nocross(24,1).
nocross(24,2).
nocross(24,6).
nocross(24,7).
nocross(24,11).
nocross(24,12).
nocross(24,13).
nocross(24,16).
nocross(24,20).
nocross(24,25).
nocross(25,2).
nocross(25,3).
nocross(25,6).
nocross(25,7).
nocross(25,10).
nocross(25,11).
nocross(25,13).
nocross(25,15).
nocross(25,16).
nocross(25,20).
nocross(25,24).
nocross(26,1).
nocross(26,5).
nocross(26,8).
nocross(26,9).
nocross(26,12).
nocross(26,18).
nocross(26,19).
nocross(26,23).
nocross(26,24).
nocross(27,3).
nocross(27,8).
nocross(27,9).
nocross(27,14).
nocross(27,15).
nocross(27,17).
nocross(27,18).
nocross(27,21).
nocross(27,22).
nocross(27,23).
