dimension(27).
point(1, 22.4066945665, 51.4936333421).
point(2, 70.3237170021, 66.660695713).
point(3, 76.7026637596, 13.2256457139).
point(4, 35.247788831, 87.5978454264).
point(5, 81.1330251569, 16.8019769221).
point(6, 31.1710613913, 98.3531389307).
point(7, 90.0894491883, 69.2306154049).
point(8, 26.6721702698, 96.0722064833).
point(9, 47.2948308515, 15.8139400835).
point(10, 32.8107660347, 50.5248670509).
point(11, 75.7313728006, 35.1830769403).
point(12, 14.169890749, 91.0321392452).
point(13, 34.9190105327, 50.4420051384).
point(14, 74.7031776464, 12.6558865062).
point(15, 87.0526215002, 91.048082138).
point(16, 61.1189482805, 32.9805101449).
point(17, 30.6326700299, 43.2801678156).
point(18, 56.8935759841, 40.0503509631).
point(19, 75.9547154323, 20.8574085762).
point(20, 53.1094844066, 30.9947772594).
point(21, 33.5324909183, 26.6909912877).
point(22, 25.9186202764, 79.0645380657).
point(23, 66.592291712, 71.745838872).
point(24, 62.7316713429, 20.9880210393).
point(25, 68.6263501169, 16.6350027763).
point(26, 70.6802836813, 83.695193553).
point(27, 39.9540360081, 12.6517893024).
cost(1, 2, 50).
cost(1, 3, 66).
cost(1, 4, 38).
cost(1, 5, 68).
cost(1, 6, 48).
cost(1, 7, 70).
cost(1, 8, 45).
cost(1, 9, 44).
cost(1, 10, 10).
cost(1, 11, 56).
cost(1, 12, 40).
cost(1, 13, 13).
cost(1, 14, 65).
cost(1, 15, 76).
cost(1, 16, 43).
cost(1, 17, 12).
cost(1, 18, 36).
cost(1, 19, 62).
cost(1, 20, 37).
cost(1, 21, 27).
cost(1, 22, 28).
cost(1, 23, 49).
cost(1, 24, 51).
cost(1, 25, 58).
cost(1, 26, 58).
cost(1, 27, 43).
cost(2, 1, 50).
cost(2, 3, 54).
cost(2, 4, 41).
cost(2, 5, 51).
cost(2, 6, 50).
cost(2, 7, 20).
cost(2, 8, 53).
cost(2, 9, 56).
cost(2, 10, 41).
cost(2, 11, 32).
cost(2, 12, 61).
cost(2, 13, 39).
cost(2, 14, 54).
cost(2, 15, 30).
cost(2, 16, 35).
cost(2, 17, 46).
cost(2, 18, 30).
cost(2, 19, 46).
cost(2, 20, 40).
cost(2, 21, 54).
cost(2, 22, 46).
cost(2, 23, 6).
cost(2, 24, 46).
cost(2, 25, 50).
cost(2, 26, 17).
cost(2, 27, 62).
cost(3, 1, 66).
cost(3, 2, 54).
cost(3, 4, 85).
cost(3, 5, 6).
cost(3, 6, 97).
cost(3, 7, 58).
cost(3, 8, 97).
cost(3, 9, 30).
cost(3, 10, 58).
cost(3, 11, 22).
cost(3, 12, 100).
cost(3, 13, 56).
cost(3, 14, 2).
cost(3, 15, 79).
cost(3, 16, 25).
cost(3, 17, 55).
cost(3, 18, 33).
cost(3, 19, 8).
cost(3, 20, 30).
cost(3, 21, 45).
cost(3, 22, 83).
cost(3, 23, 59).
cost(3, 24, 16).
cost(3, 25, 9).
cost(3, 26, 71).
cost(3, 27, 37).
cost(4, 1, 38).
cost(4, 2, 41).
cost(4, 3, 85).
cost(4, 5, 84).
cost(4, 6, 12).
cost(4, 7, 58).
cost(4, 8, 12).
cost(4, 9, 73).
cost(4, 10, 37).
cost(4, 11, 66).
cost(4, 12, 21).
cost(4, 13, 37).
cost(4, 14, 85).
cost(4, 15, 52).
cost(4, 16, 60).
cost(4, 17, 45).
cost(4, 18, 52).
cost(4, 19, 78).
cost(4, 20, 59).
cost(4, 21, 61).
cost(4, 22, 13).
cost(4, 23, 35).
cost(4, 24, 72).
cost(4, 25, 78).
cost(4, 26, 36).
cost(4, 27, 75).
cost(5, 1, 68).
cost(5, 2, 51).
cost(5, 3, 6).
cost(5, 4, 84).
cost(5, 6, 96).
cost(5, 7, 53).
cost(5, 8, 96).
cost(5, 9, 34).
cost(5, 10, 59).
cost(5, 11, 19).
cost(5, 12, 100).
cost(5, 13, 57).
cost(5, 14, 8).
cost(5, 15, 74).
cost(5, 16, 26).
cost(5, 17, 57).
cost(5, 18, 34).
cost(5, 19, 7).
cost(5, 20, 31).
cost(5, 21, 49).
cost(5, 22, 83).
cost(5, 23, 57).
cost(5, 24, 19).
cost(5, 25, 13).
cost(5, 26, 68).
cost(5, 27, 41).
cost(6, 1, 48).
cost(6, 2, 50).
cost(6, 3, 97).
cost(6, 4, 12).
cost(6, 5, 96).
cost(6, 7, 66).
cost(6, 8, 5).
cost(6, 9, 84).
cost(6, 10, 48).
cost(6, 11, 77).
cost(6, 12, 19).
cost(6, 13, 48).
cost(6, 14, 96).
cost(6, 15, 56).
cost(6, 16, 72).
cost(6, 17, 55).
cost(6, 18, 64).
cost(6, 19, 90).
cost(6, 20, 71).
cost(6, 21, 72).
cost(6, 22, 20).
cost(6, 23, 44).
cost(6, 24, 84).
cost(6, 25, 90).
cost(6, 26, 42).
cost(6, 27, 86).
cost(7, 1, 70).
cost(7, 2, 20).
cost(7, 3, 58).
cost(7, 4, 58).
cost(7, 5, 53).
cost(7, 6, 66).
cost(7, 8, 69).
cost(7, 9, 68).
cost(7, 10, 60).
cost(7, 11, 37).
cost(7, 12, 79).
cost(7, 13, 58).
cost(7, 14, 59).
cost(7, 15, 22).
cost(7, 16, 46).
cost(7, 17, 65).
cost(7, 18, 44).
cost(7, 19, 50).
cost(7, 20, 53).
cost(7, 21, 71).
cost(7, 22, 65).
cost(7, 23, 24).
cost(7, 24, 55).
cost(7, 25, 57).
cost(7, 26, 24).
cost(7, 27, 76).
cost(8, 1, 45).
cost(8, 2, 53).
cost(8, 3, 97).
cost(8, 4, 12).
cost(8, 5, 96).
cost(8, 6, 5).
cost(8, 7, 69).
cost(8, 9, 83).
cost(8, 10, 46).
cost(8, 11, 78).
cost(8, 12, 13).
cost(8, 13, 46).
cost(8, 14, 96).
cost(8, 15, 61).
cost(8, 16, 72).
cost(8, 17, 53).
cost(8, 18, 64).
cost(8, 19, 90).
cost(8, 20, 70).
cost(8, 21, 70).
cost(8, 22, 17).
cost(8, 23, 47).
cost(8, 24, 83).
cost(8, 25, 90).
cost(8, 26, 46).
cost(8, 27, 84).
cost(9, 1, 44).
cost(9, 2, 56).
cost(9, 3, 30).
cost(9, 4, 73).
cost(9, 5, 34).
cost(9, 6, 84).
cost(9, 7, 68).
cost(9, 8, 83).
cost(9, 10, 38).
cost(9, 11, 34).
cost(9, 12, 82).
cost(9, 13, 37).
cost(9, 14, 28).
cost(9, 15, 85).
cost(9, 16, 22).
cost(9, 17, 32).
cost(9, 18, 26).
cost(9, 19, 29).
cost(9, 20, 16).
cost(9, 21, 18).
cost(9, 22, 67).
cost(9, 23, 59).
cost(9, 24, 16).
cost(9, 25, 21).
cost(9, 26, 72).
cost(9, 27, 8).
cost(10, 1, 10).
cost(10, 2, 41).
cost(10, 3, 58).
cost(10, 4, 37).
cost(10, 5, 59).
cost(10, 6, 48).
cost(10, 7, 60).
cost(10, 8, 46).
cost(10, 9, 38).
cost(10, 11, 46).
cost(10, 12, 45).
cost(10, 13, 2).
cost(10, 14, 56).
cost(10, 15, 68).
cost(10, 16, 33).
cost(10, 17, 8).
cost(10, 18, 26).
cost(10, 19, 52).
cost(10, 20, 28).
cost(10, 21, 24).
cost(10, 22, 29).
cost(10, 23, 40).
cost(10, 24, 42).
cost(10, 25, 49).
cost(10, 26, 50).
cost(10, 27, 39).
cost(11, 1, 56).
cost(11, 2, 32).
cost(11, 3, 22).
cost(11, 4, 66).
cost(11, 5, 19).
cost(11, 6, 77).
cost(11, 7, 37).
cost(11, 8, 78).
cost(11, 9, 34).
cost(11, 10, 46).
cost(11, 12, 83).
cost(11, 13, 44).
cost(11, 14, 23).
cost(11, 15, 57).
cost(11, 16, 15).
cost(11, 17, 46).
cost(11, 18, 19).
cost(11, 19, 14).
cost(11, 20, 23).
cost(11, 21, 43).
cost(11, 22, 66).
cost(11, 23, 38).
cost(11, 24, 19).
cost(11, 25, 20).
cost(11, 26, 49).
cost(11, 27, 42).
cost(12, 1, 40).
cost(12, 2, 61).
cost(12, 3, 100).
cost(12, 4, 21).
cost(12, 5, 100).
cost(12, 6, 19).
cost(12, 7, 79).
cost(12, 8, 13).
cost(12, 9, 82).
cost(12, 10, 45).
cost(12, 11, 83).
cost(12, 13, 46).
cost(12, 14, 99).
cost(12, 15, 73).
cost(12, 16, 75).
cost(12, 17, 51).
cost(12, 18, 67).
cost(12, 19, 93).
cost(12, 20, 72).
cost(12, 21, 67).
cost(12, 22, 17).
cost(12, 23, 56).
cost(12, 24, 85).
cost(12, 25, 92).
cost(12, 26, 57).
cost(12, 27, 83).
cost(13, 1, 13).
cost(13, 2, 39).
cost(13, 3, 56).
cost(13, 4, 37).
cost(13, 5, 57).
cost(13, 6, 48).
cost(13, 7, 58).
cost(13, 8, 46).
cost(13, 9, 37).
cost(13, 10, 2).
cost(13, 11, 44).
cost(13, 12, 46).
cost(13, 14, 55).
cost(13, 15, 66).
cost(13, 16, 31).
cost(13, 17, 8).
cost(13, 18, 24).
cost(13, 19, 51).
cost(13, 20, 27).
cost(13, 21, 24).
cost(13, 22, 30).
cost(13, 23, 38).
cost(13, 24, 41).
cost(13, 25, 48).
cost(13, 26, 49).
cost(13, 27, 38).
cost(14, 1, 65).
cost(14, 2, 54).
cost(14, 3, 2).
cost(14, 4, 85).
cost(14, 5, 8).
cost(14, 6, 96).
cost(14, 7, 59).
cost(14, 8, 96).
cost(14, 9, 28).
cost(14, 10, 56).
cost(14, 11, 23).
cost(14, 12, 99).
cost(14, 13, 55).
cost(14, 15, 79).
cost(14, 16, 24).
cost(14, 17, 54).
cost(14, 18, 33).
cost(14, 19, 8).
cost(14, 20, 28).
cost(14, 21, 43).
cost(14, 22, 82).
cost(14, 23, 60).
cost(14, 24, 15).
cost(14, 25, 7).
cost(14, 26, 71).
cost(14, 27, 35).
cost(15, 1, 76).
cost(15, 2, 30).
cost(15, 3, 79).
cost(15, 4, 52).
cost(15, 5, 74).
cost(15, 6, 56).
cost(15, 7, 22).
cost(15, 8, 61).
cost(15, 9, 85).
cost(15, 10, 68).
cost(15, 11, 57).
cost(15, 12, 73).
cost(15, 13, 66).
cost(15, 14, 79).
cost(15, 16, 64).
cost(15, 17, 74).
cost(15, 18, 59).
cost(15, 19, 71).
cost(15, 20, 69).
cost(15, 21, 84).
cost(15, 22, 62).
cost(15, 23, 28).
cost(15, 24, 74).
cost(15, 25, 77).
cost(15, 26, 18).
cost(15, 27, 91).
cost(16, 1, 43).
cost(16, 2, 35).
cost(16, 3, 25).
cost(16, 4, 60).
cost(16, 5, 26).
cost(16, 6, 72).
cost(16, 7, 46).
cost(16, 8, 72).
cost(16, 9, 22).
cost(16, 10, 33).
cost(16, 11, 15).
cost(16, 12, 75).
cost(16, 13, 31).
cost(16, 14, 24).
cost(16, 15, 64).
cost(16, 17, 32).
cost(16, 18, 8).
cost(16, 19, 19).
cost(16, 20, 8).
cost(16, 21, 28).
cost(16, 22, 58).
cost(16, 23, 39).
cost(16, 24, 12).
cost(16, 25, 18).
cost(16, 26, 52).
cost(16, 27, 29).
cost(17, 1, 12).
cost(17, 2, 46).
cost(17, 3, 55).
cost(17, 4, 45).
cost(17, 5, 57).
cost(17, 6, 55).
cost(17, 7, 65).
cost(17, 8, 53).
cost(17, 9, 32).
cost(17, 10, 8).
cost(17, 11, 46).
cost(17, 12, 51).
cost(17, 13, 8).
cost(17, 14, 54).
cost(17, 15, 74).
cost(17, 16, 32).
cost(17, 18, 26).
cost(17, 19, 51).
cost(17, 20, 26).
cost(17, 21, 17).
cost(17, 22, 36).
cost(17, 23, 46).
cost(17, 24, 39).
cost(17, 25, 46).
cost(17, 26, 57).
cost(17, 27, 32).
cost(18, 1, 36).
cost(18, 2, 30).
cost(18, 3, 33).
cost(18, 4, 52).
cost(18, 5, 34).
cost(18, 6, 64).
cost(18, 7, 44).
cost(18, 8, 64).
cost(18, 9, 26).
cost(18, 10, 26).
cost(18, 11, 19).
cost(18, 12, 67).
cost(18, 13, 24).
cost(18, 14, 33).
cost(18, 15, 59).
cost(18, 16, 8).
cost(18, 17, 26).
cost(18, 19, 27).
cost(18, 20, 10).
cost(18, 21, 27).
cost(18, 22, 50).
cost(18, 23, 33).
cost(18, 24, 20).
cost(18, 25, 26).
cost(18, 26, 46).
cost(18, 27, 32).
cost(19, 1, 62).
cost(19, 2, 46).
cost(19, 3, 8).
cost(19, 4, 78).
cost(19, 5, 7).
cost(19, 6, 90).
cost(19, 7, 50).
cost(19, 8, 90).
cost(19, 9, 29).
cost(19, 10, 52).
cost(19, 11, 14).
cost(19, 12, 93).
cost(19, 13, 51).
cost(19, 14, 8).
cost(19, 15, 71).
cost(19, 16, 19).
cost(19, 17, 51).
cost(19, 18, 27).
cost(19, 20, 25).
cost(19, 21, 43).
cost(19, 22, 77).
cost(19, 23, 52).
cost(19, 24, 13).
cost(19, 25, 8).
cost(19, 26, 63).
cost(19, 27, 37).
cost(20, 1, 37).
cost(20, 2, 40).
cost(20, 3, 30).
cost(20, 4, 59).
cost(20, 5, 31).
cost(20, 6, 71).
cost(20, 7, 53).
cost(20, 8, 70).
cost(20, 9, 16).
cost(20, 10, 28).
cost(20, 11, 23).
cost(20, 12, 72).
cost(20, 13, 27).
cost(20, 14, 28).
cost(20, 15, 69).
cost(20, 16, 8).
cost(20, 17, 26).
cost(20, 18, 10).
cost(20, 19, 25).
cost(20, 21, 20).
cost(20, 22, 55).
cost(20, 23, 43).
cost(20, 24, 14).
cost(20, 25, 21).
cost(20, 26, 56).
cost(20, 27, 23).
cost(21, 1, 27).
cost(21, 2, 54).
cost(21, 3, 45).
cost(21, 4, 61).
cost(21, 5, 49).
cost(21, 6, 72).
cost(21, 7, 71).
cost(21, 8, 70).
cost(21, 9, 18).
cost(21, 10, 24).
cost(21, 11, 43).
cost(21, 12, 67).
cost(21, 13, 24).
cost(21, 14, 43).
cost(21, 15, 84).
cost(21, 16, 28).
cost(21, 17, 17).
cost(21, 18, 27).
cost(21, 19, 43).
cost(21, 20, 20).
cost(21, 22, 53).
cost(21, 23, 56).
cost(21, 24, 30).
cost(21, 25, 37).
cost(21, 26, 68).
cost(21, 27, 15).
cost(22, 1, 28).
cost(22, 2, 46).
cost(22, 3, 83).
cost(22, 4, 13).
cost(22, 5, 83).
cost(22, 6, 20).
cost(22, 7, 65).
cost(22, 8, 17).
cost(22, 9, 67).
cost(22, 10, 29).
cost(22, 11, 66).
cost(22, 12, 17).
cost(22, 13, 30).
cost(22, 14, 82).
cost(22, 15, 62).
cost(22, 16, 58).
cost(22, 17, 36).
cost(22, 18, 50).
cost(22, 19, 77).
cost(22, 20, 55).
cost(22, 21, 53).
cost(22, 23, 41).
cost(22, 24, 69).
cost(22, 25, 76).
cost(22, 26, 45).
cost(22, 27, 68).
cost(23, 1, 49).
cost(23, 2, 6).
cost(23, 3, 59).
cost(23, 4, 35).
cost(23, 5, 57).
cost(23, 6, 44).
cost(23, 7, 24).
cost(23, 8, 47).
cost(23, 9, 59).
cost(23, 10, 40).
cost(23, 11, 38).
cost(23, 12, 56).
cost(23, 13, 38).
cost(23, 14, 60).
cost(23, 15, 28).
cost(23, 16, 39).
cost(23, 17, 46).
cost(23, 18, 33).
cost(23, 19, 52).
cost(23, 20, 43).
cost(23, 21, 56).
cost(23, 22, 41).
cost(23, 24, 51).
cost(23, 25, 55).
cost(23, 26, 13).
cost(23, 27, 65).
cost(24, 1, 51).
cost(24, 2, 46).
cost(24, 3, 16).
cost(24, 4, 72).
cost(24, 5, 19).
cost(24, 6, 84).
cost(24, 7, 55).
cost(24, 8, 83).
cost(24, 9, 16).
cost(24, 10, 42).
cost(24, 11, 19).
cost(24, 12, 85).
cost(24, 13, 41).
cost(24, 14, 15).
cost(24, 15, 74).
cost(24, 16, 12).
cost(24, 17, 39).
cost(24, 18, 20).
cost(24, 19, 13).
cost(24, 20, 14).
cost(24, 21, 30).
cost(24, 22, 69).
cost(24, 23, 51).
cost(24, 25, 7).
cost(24, 26, 63).
cost(24, 27, 24).
cost(25, 1, 58).
cost(25, 2, 50).
cost(25, 3, 9).
cost(25, 4, 78).
cost(25, 5, 13).
cost(25, 6, 90).
cost(25, 7, 57).
cost(25, 8, 90).
cost(25, 9, 21).
cost(25, 10, 49).
cost(25, 11, 20).
cost(25, 12, 92).
cost(25, 13, 48).
cost(25, 14, 7).
cost(25, 15, 77).
cost(25, 16, 18).
cost(25, 17, 46).
cost(25, 18, 26).
cost(25, 19, 8).
cost(25, 20, 21).
cost(25, 21, 37).
cost(25, 22, 76).
cost(25, 23, 55).
cost(25, 24, 7).
cost(25, 26, 67).
cost(25, 27, 29).
cost(26, 1, 58).
cost(26, 2, 17).
cost(26, 3, 71).
cost(26, 4, 36).
cost(26, 5, 68).
cost(26, 6, 42).
cost(26, 7, 24).
cost(26, 8, 46).
cost(26, 9, 72).
cost(26, 10, 50).
cost(26, 11, 49).
cost(26, 12, 57).
cost(26, 13, 49).
cost(26, 14, 71).
cost(26, 15, 18).
cost(26, 16, 52).
cost(26, 17, 57).
cost(26, 18, 46).
cost(26, 19, 63).
cost(26, 20, 56).
cost(26, 21, 68).
cost(26, 22, 45).
cost(26, 23, 13).
cost(26, 24, 63).
cost(26, 25, 67).
cost(26, 27, 77).
cost(27, 1, 43).
cost(27, 2, 62).
cost(27, 3, 37).
cost(27, 4, 75).
cost(27, 5, 41).
cost(27, 6, 86).
cost(27, 7, 76).
cost(27, 8, 84).
cost(27, 9, 8).
cost(27, 10, 39).
cost(27, 11, 42).
cost(27, 12, 83).
cost(27, 13, 38).
cost(27, 14, 35).
cost(27, 15, 91).
cost(27, 16, 29).
cost(27, 17, 32).
cost(27, 18, 32).
cost(27, 19, 37).
cost(27, 20, 23).
cost(27, 21, 15).
cost(27, 22, 68).
cost(27, 23, 65).
cost(27, 24, 24).
cost(27, 25, 29).
cost(27, 26, 77).
nocross(1,10).
nocross(1,12).
nocross(1,13).
nocross(1,17).
nocross(1,18).
nocross(1,21).
nocross(1,22).
nocross(1,27).
nocross(2,7).
nocross(2,10).
nocross(2,11).
nocross(2,13).
nocross(2,15).
nocross(2,16).
nocross(2,18).
nocross(2,23).
nocross(2,26).
nocross(3,5).
nocross(3,7).
nocross(3,9).
nocross(3,11).
nocross(3,14).
nocross(3,16).
nocross(3,18).
nocross(3,19).
nocross(3,20).
nocross(3,24).
nocross(3,25).
nocross(3,27).
nocross(4,1).
nocross(4,2).
nocross(4,6).
nocross(4,8).
nocross(4,10).
nocross(4,12).
nocross(4,13).
nocross(4,15).
nocross(4,17).
nocross(4,22).
nocross(4,23).
nocross(4,26).
nocross(5,3).
nocross(5,7).
nocross(5,9).
nocross(5,11).
nocross(5,14).
nocross(5,16).
nocross(5,19).
nocross(5,24).
nocross(5,25).
nocross(6,4).
nocross(6,8).
nocross(6,10).
nocross(6,12).
nocross(6,13).
nocross(6,15).
nocross(6,22).
nocross(6,26).
nocross(7,2).
nocross(7,5).
nocross(7,11).
nocross(7,15).
nocross(7,23).
nocross(7,26).
nocross(8,1).
nocross(8,4).
nocross(8,6).
nocross(8,10).
nocross(8,12).
nocross(8,13).
nocross(8,22).
nocross(9,1).
nocross(9,3).
nocross(9,5).
nocross(9,10).
nocross(9,13).
nocross(9,14).
nocross(9,16).
nocross(9,17).
nocross(9,18).
nocross(9,19).
nocross(9,20).
nocross(9,21).
nocross(9,24).
nocross(9,25).
nocross(9,27).
nocross(10,1).
nocross(10,9).
nocross(10,12).
nocross(10,13).
nocross(10,16).
nocross(10,17).
nocross(10,18).
nocross(10,20).
nocross(10,21).
nocross(10,22).
nocross(10,27).
nocross(11,2).
nocross(11,3).
nocross(11,5).
nocross(11,7).
nocross(11,9).
nocross(11,13).
nocross(11,14).
nocross(11,16).
nocross(11,18).
nocross(11,19).
nocross(11,20).
nocross(11,23).
nocross(11,24).
nocross(11,25).
nocross(11,27).
nocross(12,1).
nocross(12,4).
nocross(12,6).
nocross(12,8).
nocross(12,22).
nocross(13,1).
nocross(13,9).
nocross(13,10).
nocross(13,12).
nocross(13,16).
nocross(13,17).
nocross(13,18).
nocross(13,20).
nocross(13,21).
nocross(13,22).
nocross(13,27).
nocross(14,3).
nocross(14,5).
nocross(14,9).
nocross(14,11).
nocross(14,16).
nocross(14,18).
nocross(14,19).
nocross(14,20).
nocross(14,24).
nocross(14,25).
nocross(14,27).
nocross(15,2).
nocross(15,7).
nocross(15,23).
nocross(15,26).
nocross(16,1).
nocross(16,2).
nocross(16,3).
nocross(16,5).
nocross(16,7).
nocross(16,9).
nocross(16,10).
nocross(16,11).
nocross(16,13).
nocross(16,14).
nocross(16,17).
nocross(16,18).
nocross(16,19).
nocross(16,20).
nocross(16,21).
nocross(16,23).
nocross(16,24).
nocross(16,25).
nocross(16,27).
nocross(17,1).
nocross(17,9).
nocross(17,10).
nocross(17,13).
nocross(17,16).
nocross(17,18).
nocross(17,20).
nocross(17,21).
nocross(17,27).
nocross(18,1).
nocross(18,2).
nocross(18,3).
nocross(18,5).
nocross(18,7).
nocross(18,9).
nocross(18,10).
nocross(18,11).
nocross(18,13).
nocross(18,14).
nocross(18,16).
nocross(18,17).
nocross(18,19).
nocross(18,20).
nocross(18,21).
nocross(18,23).
nocross(18,24).
nocross(18,25).
nocross(18,27).
nocross(19,3).
nocross(19,5).
nocross(19,7).
nocross(19,9).
nocross(19,11).
nocross(19,14).
nocross(19,16).
nocross(19,18).
nocross(19,20).
nocross(19,24).
nocross(19,25).
nocross(19,27).
nocross(20,1).
nocross(20,2).
nocross(20,3).
nocross(20,5).
nocross(20,9).
nocross(20,10).
nocross(20,11).
nocross(20,13).
nocross(20,14).
nocross(20,16).
nocross(20,17).
nocross(20,18).
nocross(20,19).
nocross(20,21).
nocross(20,24).
nocross(20,25).
nocross(20,27).
nocross(21,1).
nocross(21,9).
nocross(21,10).
nocross(21,13).
nocross(21,16).
nocross(21,17).
nocross(21,18).
nocross(21,20).
nocross(21,24).
nocross(21,25).
nocross(21,27).
nocross(22,1).
nocross(22,4).
nocross(22,6).
nocross(22,8).
nocross(22,10).
nocross(22,12).
nocross(22,13).
nocross(22,17).
nocross(22,23).
nocross(23,2).
nocross(23,4).
nocross(23,6).
nocross(23,7).
nocross(23,10).
nocross(23,11).
nocross(23,13).
nocross(23,15).
nocross(23,16).
nocross(23,18).
nocross(23,26).
nocross(24,3).
nocross(24,5).
nocross(24,9).
nocross(24,10).
nocross(24,11).
nocross(24,13).
nocross(24,14).
nocross(24,16).
nocross(24,17).
nocross(24,18).
nocross(24,19).
nocross(24,20).
nocross(24,21).
nocross(24,25).
nocross(24,27).
nocross(25,3).
nocross(25,5).
nocross(25,9).
nocross(25,11).
nocross(25,14).
nocross(25,16).
nocross(25,18).
nocross(25,19).
nocross(25,20).
nocross(25,21).
nocross(25,24).
nocross(25,27).
nocross(26,2).
nocross(26,4).
nocross(26,6).
nocross(26,7).
nocross(26,15).
nocross(26,23).
nocross(27,1).
nocross(27,3).
nocross(27,9).
nocross(27,10).
nocross(27,13).
nocross(27,14).
nocross(27,16).
nocross(27,17).
nocross(27,18).
nocross(27,20).
nocross(27,21).
nocross(27,24).
nocross(27,25).
