dimension(27).
point(1, 25.3415791413, 22.6559724007).
point(2, 74.3235614409, 84.7600847541).
point(3, 48.0366555641, 11.6502883852).
point(4, 25.1304338233, 4.8423722487).
point(5, 94.3785147324, 27.0565963405).
point(6, 96.3645932109, 67.8233272058).
point(7, 10.2764717501, 82.6199128194).
point(8, 89.1555623929, 49.5566693858).
point(9, 48.2054237911, 44.0141076427).
point(10, 64.04530768, 77.9598968118).
point(11, 54.907518871, 29.0050120762).
point(12, 33.6326173133, 49.8675552486).
point(13, 83.8181879169, 28.8307470387).
point(14, 17.8126343146, 97.2414403605).
point(15, 40.7514115846, 29.0412063818).
point(16, 89.7176724773, 25.3827379851).
point(17, 98.5464640276, 32.2906842039).
point(18, 21.545388792, 94.8421649131).
point(19, 62.6349125719, 73.3856323392).
point(20, 4.3960202533, 91.0287980698).
point(21, 79.8240852611, 39.731427018).
point(22, 41.6627917101, 42.045385879).
point(23, 82.0842903539, 76.9845838515).
point(24, 23.583200946, 4.7814202883).
point(25, 36.0741502175, 5.2347239569).
point(26, 60.4540680197, 67.7181705085).
point(27, 12.525074865, 93.4202833348).
cost(1, 2, 79).
cost(1, 3, 25).
cost(1, 4, 18).
cost(1, 5, 69).
cost(1, 6, 84).
cost(1, 7, 62).
cost(1, 8, 69).
cost(1, 9, 31).
cost(1, 10, 68).
cost(1, 11, 30).
cost(1, 12, 28).
cost(1, 13, 59).
cost(1, 14, 75).
cost(1, 15, 17).
cost(1, 16, 64).
cost(1, 17, 74).
cost(1, 18, 72).
cost(1, 19, 63).
cost(1, 20, 72).
cost(1, 21, 57).
cost(1, 22, 25).
cost(1, 23, 79).
cost(1, 24, 18).
cost(1, 25, 20).
cost(1, 26, 57).
cost(1, 27, 72).
cost(2, 1, 79).
cost(2, 3, 78).
cost(2, 4, 94).
cost(2, 5, 61).
cost(2, 6, 28).
cost(2, 7, 64).
cost(2, 8, 38).
cost(2, 9, 48).
cost(2, 10, 12).
cost(2, 11, 59).
cost(2, 12, 54).
cost(2, 13, 57).
cost(2, 14, 58).
cost(2, 15, 65).
cost(2, 16, 61).
cost(2, 17, 58).
cost(2, 18, 54).
cost(2, 19, 16).
cost(2, 20, 70).
cost(2, 21, 45).
cost(2, 22, 54).
cost(2, 23, 11).
cost(2, 24, 95).
cost(2, 25, 88).
cost(2, 26, 22).
cost(2, 27, 62).
cost(3, 1, 25).
cost(3, 2, 78).
cost(3, 4, 24).
cost(3, 5, 49).
cost(3, 6, 74).
cost(3, 7, 80).
cost(3, 8, 56).
cost(3, 9, 32).
cost(3, 10, 68).
cost(3, 11, 19).
cost(3, 12, 41).
cost(3, 13, 40).
cost(3, 14, 91).
cost(3, 15, 19).
cost(3, 16, 44).
cost(3, 17, 55).
cost(3, 18, 87).
cost(3, 19, 63).
cost(3, 20, 91).
cost(3, 21, 42).
cost(3, 22, 31).
cost(3, 23, 74).
cost(3, 24, 25).
cost(3, 25, 14).
cost(3, 26, 57).
cost(3, 27, 89).
cost(4, 1, 18).
cost(4, 2, 94).
cost(4, 3, 24).
cost(4, 5, 73).
cost(4, 6, 95).
cost(4, 7, 79).
cost(4, 8, 78).
cost(4, 9, 45).
cost(4, 10, 83).
cost(4, 11, 38).
cost(4, 12, 46).
cost(4, 13, 63).
cost(4, 14, 93).
cost(4, 15, 29).
cost(4, 16, 68).
cost(4, 17, 78).
cost(4, 18, 90).
cost(4, 19, 78).
cost(4, 20, 89).
cost(4, 21, 65).
cost(4, 22, 41).
cost(4, 23, 92).
cost(4, 24, 2).
cost(4, 25, 11).
cost(4, 26, 72).
cost(4, 27, 89).
cost(5, 1, 69).
cost(5, 2, 61).
cost(5, 3, 49).
cost(5, 4, 73).
cost(5, 6, 41).
cost(5, 7, 101).
cost(5, 8, 23).
cost(5, 9, 49).
cost(5, 10, 59).
cost(5, 11, 40).
cost(5, 12, 65).
cost(5, 13, 11).
cost(5, 14, 104).
cost(5, 15, 54).
cost(5, 16, 5).
cost(5, 17, 7).
cost(5, 18, 99).
cost(5, 19, 56).
cost(5, 20, 110).
cost(5, 21, 19).
cost(5, 22, 55).
cost(5, 23, 51).
cost(5, 24, 74).
cost(5, 25, 62).
cost(5, 26, 53).
cost(5, 27, 105).
cost(6, 1, 84).
cost(6, 2, 28).
cost(6, 3, 74).
cost(6, 4, 95).
cost(6, 5, 41).
cost(6, 7, 87).
cost(6, 8, 20).
cost(6, 9, 54).
cost(6, 10, 34).
cost(6, 11, 57).
cost(6, 12, 65).
cost(6, 13, 41).
cost(6, 14, 84).
cost(6, 15, 68).
cost(6, 16, 43).
cost(6, 17, 36).
cost(6, 18, 80).
cost(6, 19, 34).
cost(6, 20, 95).
cost(6, 21, 33).
cost(6, 22, 60).
cost(6, 23, 17).
cost(6, 24, 96).
cost(6, 25, 87).
cost(6, 26, 36).
cost(6, 27, 88).
cost(7, 1, 62).
cost(7, 2, 64).
cost(7, 3, 80).
cost(7, 4, 79).
cost(7, 5, 101).
cost(7, 6, 87).
cost(7, 8, 86).
cost(7, 9, 54).
cost(7, 10, 54).
cost(7, 11, 70).
cost(7, 12, 40).
cost(7, 13, 91).
cost(7, 14, 16).
cost(7, 15, 62).
cost(7, 16, 98).
cost(7, 17, 102).
cost(7, 18, 17).
cost(7, 19, 53).
cost(7, 20, 10).
cost(7, 21, 82).
cost(7, 22, 51).
cost(7, 23, 72).
cost(7, 24, 79).
cost(7, 25, 82).
cost(7, 26, 52).
cost(7, 27, 11).
cost(8, 1, 69).
cost(8, 2, 38).
cost(8, 3, 56).
cost(8, 4, 78).
cost(8, 5, 23).
cost(8, 6, 20).
cost(8, 7, 86).
cost(8, 9, 41).
cost(8, 10, 38).
cost(8, 11, 40).
cost(8, 12, 56).
cost(8, 13, 21).
cost(8, 14, 86).
cost(8, 15, 53).
cost(8, 16, 24).
cost(8, 17, 20).
cost(8, 18, 81).
cost(8, 19, 36).
cost(8, 20, 94).
cost(8, 21, 14).
cost(8, 22, 48).
cost(8, 23, 28).
cost(8, 24, 79).
cost(8, 25, 69).
cost(8, 26, 34).
cost(8, 27, 88).
cost(9, 1, 31).
cost(9, 2, 48).
cost(9, 3, 32).
cost(9, 4, 45).
cost(9, 5, 49).
cost(9, 6, 54).
cost(9, 7, 54).
cost(9, 8, 41).
cost(9, 10, 37).
cost(9, 11, 16).
cost(9, 12, 16).
cost(9, 13, 39).
cost(9, 14, 61).
cost(9, 15, 17).
cost(9, 16, 46).
cost(9, 17, 52).
cost(9, 18, 57).
cost(9, 19, 33).
cost(9, 20, 64).
cost(9, 21, 32).
cost(9, 22, 7).
cost(9, 23, 47).
cost(9, 24, 46).
cost(9, 25, 41).
cost(9, 26, 27).
cost(9, 27, 61).
cost(10, 1, 68).
cost(10, 2, 12).
cost(10, 3, 68).
cost(10, 4, 83).
cost(10, 5, 59).
cost(10, 6, 34).
cost(10, 7, 54).
cost(10, 8, 38).
cost(10, 9, 37).
cost(10, 11, 50).
cost(10, 12, 41).
cost(10, 13, 53).
cost(10, 14, 50).
cost(10, 15, 54).
cost(10, 16, 59).
cost(10, 17, 57).
cost(10, 18, 46).
cost(10, 19, 5).
cost(10, 20, 61).
cost(10, 21, 41).
cost(10, 22, 42).
cost(10, 23, 18).
cost(10, 24, 84).
cost(10, 25, 78).
cost(10, 26, 11).
cost(10, 27, 54).
cost(11, 1, 30).
cost(11, 2, 59).
cost(11, 3, 19).
cost(11, 4, 38).
cost(11, 5, 40).
cost(11, 6, 57).
cost(11, 7, 70).
cost(11, 8, 40).
cost(11, 9, 16).
cost(11, 10, 50).
cost(11, 12, 30).
cost(11, 13, 29).
cost(11, 14, 78).
cost(11, 15, 14).
cost(11, 16, 35).
cost(11, 17, 44).
cost(11, 18, 74).
cost(11, 19, 45).
cost(11, 20, 80).
cost(11, 21, 27).
cost(11, 22, 19).
cost(11, 23, 55).
cost(11, 24, 40).
cost(11, 25, 30).
cost(11, 26, 39).
cost(11, 27, 77).
cost(12, 1, 28).
cost(12, 2, 54).
cost(12, 3, 41).
cost(12, 4, 46).
cost(12, 5, 65).
cost(12, 6, 65).
cost(12, 7, 40).
cost(12, 8, 56).
cost(12, 9, 16).
cost(12, 10, 41).
cost(12, 11, 30).
cost(12, 13, 54).
cost(12, 14, 50).
cost(12, 15, 22).
cost(12, 16, 61).
cost(12, 17, 67).
cost(12, 18, 47).
cost(12, 19, 37).
cost(12, 20, 50).
cost(12, 21, 47).
cost(12, 22, 11).
cost(12, 23, 56).
cost(12, 24, 46).
cost(12, 25, 45).
cost(12, 26, 32).
cost(12, 27, 48).
cost(13, 1, 59).
cost(13, 2, 57).
cost(13, 3, 40).
cost(13, 4, 63).
cost(13, 5, 11).
cost(13, 6, 41).
cost(13, 7, 91).
cost(13, 8, 21).
cost(13, 9, 39).
cost(13, 10, 53).
cost(13, 11, 29).
cost(13, 12, 54).
cost(13, 14, 95).
cost(13, 15, 43).
cost(13, 16, 7).
cost(13, 17, 15).
cost(13, 18, 91).
cost(13, 19, 49).
cost(13, 20, 101).
cost(13, 21, 12).
cost(13, 22, 44).
cost(13, 23, 48).
cost(13, 24, 65).
cost(13, 25, 53).
cost(13, 26, 45).
cost(13, 27, 96).
cost(14, 1, 75).
cost(14, 2, 58).
cost(14, 3, 91).
cost(14, 4, 93).
cost(14, 5, 104).
cost(14, 6, 84).
cost(14, 7, 16).
cost(14, 8, 86).
cost(14, 9, 61).
cost(14, 10, 50).
cost(14, 11, 78).
cost(14, 12, 50).
cost(14, 13, 95).
cost(14, 15, 72).
cost(14, 16, 102).
cost(14, 17, 104).
cost(14, 18, 4).
cost(14, 19, 51).
cost(14, 20, 15).
cost(14, 21, 85).
cost(14, 22, 60).
cost(14, 23, 67).
cost(14, 24, 93).
cost(14, 25, 94).
cost(14, 26, 52).
cost(14, 27, 7).
cost(15, 1, 17).
cost(15, 2, 65).
cost(15, 3, 19).
cost(15, 4, 29).
cost(15, 5, 54).
cost(15, 6, 68).
cost(15, 7, 62).
cost(15, 8, 53).
cost(15, 9, 17).
cost(15, 10, 54).
cost(15, 11, 14).
cost(15, 12, 22).
cost(15, 13, 43).
cost(15, 14, 72).
cost(15, 16, 49).
cost(15, 17, 58).
cost(15, 18, 69).
cost(15, 19, 49).
cost(15, 20, 72).
cost(15, 21, 41).
cost(15, 22, 13).
cost(15, 23, 63).
cost(15, 24, 30).
cost(15, 25, 24).
cost(15, 26, 43).
cost(15, 27, 70).
cost(16, 1, 64).
cost(16, 2, 61).
cost(16, 3, 44).
cost(16, 4, 68).
cost(16, 5, 5).
cost(16, 6, 43).
cost(16, 7, 98).
cost(16, 8, 24).
cost(16, 9, 46).
cost(16, 10, 59).
cost(16, 11, 35).
cost(16, 12, 61).
cost(16, 13, 7).
cost(16, 14, 102).
cost(16, 15, 49).
cost(16, 17, 11).
cost(16, 18, 97).
cost(16, 19, 55).
cost(16, 20, 108).
cost(16, 21, 17).
cost(16, 22, 51).
cost(16, 23, 52).
cost(16, 24, 69).
cost(16, 25, 57).
cost(16, 26, 51).
cost(16, 27, 103).
cost(17, 1, 74).
cost(17, 2, 58).
cost(17, 3, 55).
cost(17, 4, 78).
cost(17, 5, 7).
cost(17, 6, 36).
cost(17, 7, 102).
cost(17, 8, 20).
cost(17, 9, 52).
cost(17, 10, 57).
cost(17, 11, 44).
cost(17, 12, 67).
cost(17, 13, 15).
cost(17, 14, 104).
cost(17, 15, 58).
cost(17, 16, 11).
cost(17, 18, 99).
cost(17, 19, 55).
cost(17, 20, 111).
cost(17, 21, 20).
cost(17, 22, 58).
cost(17, 23, 48).
cost(17, 24, 80).
cost(17, 25, 68).
cost(17, 26, 52).
cost(17, 27, 106).
cost(18, 1, 72).
cost(18, 2, 54).
cost(18, 3, 87).
cost(18, 4, 90).
cost(18, 5, 99).
cost(18, 6, 80).
cost(18, 7, 17).
cost(18, 8, 81).
cost(18, 9, 57).
cost(18, 10, 46).
cost(18, 11, 74).
cost(18, 12, 47).
cost(18, 13, 91).
cost(18, 14, 4).
cost(18, 15, 69).
cost(18, 16, 97).
cost(18, 17, 99).
cost(18, 19, 46).
cost(18, 20, 18).
cost(18, 21, 80).
cost(18, 22, 56).
cost(18, 23, 63).
cost(18, 24, 90).
cost(18, 25, 91).
cost(18, 26, 47).
cost(18, 27, 9).
cost(19, 1, 63).
cost(19, 2, 16).
cost(19, 3, 63).
cost(19, 4, 78).
cost(19, 5, 56).
cost(19, 6, 34).
cost(19, 7, 53).
cost(19, 8, 36).
cost(19, 9, 33).
cost(19, 10, 5).
cost(19, 11, 45).
cost(19, 12, 37).
cost(19, 13, 49).
cost(19, 14, 51).
cost(19, 15, 49).
cost(19, 16, 55).
cost(19, 17, 55).
cost(19, 18, 46).
cost(19, 20, 61).
cost(19, 21, 38).
cost(19, 22, 38).
cost(19, 23, 20).
cost(19, 24, 79).
cost(19, 25, 73).
cost(19, 26, 6).
cost(19, 27, 54).
cost(20, 1, 72).
cost(20, 2, 70).
cost(20, 3, 91).
cost(20, 4, 89).
cost(20, 5, 110).
cost(20, 6, 95).
cost(20, 7, 10).
cost(20, 8, 94).
cost(20, 9, 64).
cost(20, 10, 61).
cost(20, 11, 80).
cost(20, 12, 50).
cost(20, 13, 101).
cost(20, 14, 15).
cost(20, 15, 72).
cost(20, 16, 108).
cost(20, 17, 111).
cost(20, 18, 18).
cost(20, 19, 61).
cost(20, 21, 91).
cost(20, 22, 62).
cost(20, 23, 79).
cost(20, 24, 88).
cost(20, 25, 91).
cost(20, 26, 61).
cost(20, 27, 8).
cost(21, 1, 57).
cost(21, 2, 45).
cost(21, 3, 42).
cost(21, 4, 65).
cost(21, 5, 19).
cost(21, 6, 33).
cost(21, 7, 82).
cost(21, 8, 14).
cost(21, 9, 32).
cost(21, 10, 41).
cost(21, 11, 27).
cost(21, 12, 47).
cost(21, 13, 12).
cost(21, 14, 85).
cost(21, 15, 41).
cost(21, 16, 17).
cost(21, 17, 20).
cost(21, 18, 80).
cost(21, 19, 38).
cost(21, 20, 91).
cost(21, 22, 38).
cost(21, 23, 37).
cost(21, 24, 66).
cost(21, 25, 56).
cost(21, 26, 34).
cost(21, 27, 86).
cost(22, 1, 25).
cost(22, 2, 54).
cost(22, 3, 31).
cost(22, 4, 41).
cost(22, 5, 55).
cost(22, 6, 60).
cost(22, 7, 51).
cost(22, 8, 48).
cost(22, 9, 7).
cost(22, 10, 42).
cost(22, 11, 19).
cost(22, 12, 11).
cost(22, 13, 44).
cost(22, 14, 60).
cost(22, 15, 13).
cost(22, 16, 51).
cost(22, 17, 58).
cost(22, 18, 56).
cost(22, 19, 38).
cost(22, 20, 62).
cost(22, 21, 38).
cost(22, 23, 53).
cost(22, 24, 41).
cost(22, 25, 37).
cost(22, 26, 32).
cost(22, 27, 59).
cost(23, 1, 79).
cost(23, 2, 11).
cost(23, 3, 74).
cost(23, 4, 92).
cost(23, 5, 51).
cost(23, 6, 17).
cost(23, 7, 72).
cost(23, 8, 28).
cost(23, 9, 47).
cost(23, 10, 18).
cost(23, 11, 55).
cost(23, 12, 56).
cost(23, 13, 48).
cost(23, 14, 67).
cost(23, 15, 63).
cost(23, 16, 52).
cost(23, 17, 48).
cost(23, 18, 63).
cost(23, 19, 20).
cost(23, 20, 79).
cost(23, 21, 37).
cost(23, 22, 53).
cost(23, 24, 93).
cost(23, 25, 85).
cost(23, 26, 24).
cost(23, 27, 71).
cost(24, 1, 18).
cost(24, 2, 95).
cost(24, 3, 25).
cost(24, 4, 2).
cost(24, 5, 74).
cost(24, 6, 96).
cost(24, 7, 79).
cost(24, 8, 79).
cost(24, 9, 46).
cost(24, 10, 84).
cost(24, 11, 40).
cost(24, 12, 46).
cost(24, 13, 65).
cost(24, 14, 93).
cost(24, 15, 30).
cost(24, 16, 69).
cost(24, 17, 80).
cost(24, 18, 90).
cost(24, 19, 79).
cost(24, 20, 88).
cost(24, 21, 66).
cost(24, 22, 41).
cost(24, 23, 93).
cost(24, 25, 12).
cost(24, 26, 73).
cost(24, 27, 89).
cost(25, 1, 20).
cost(25, 2, 88).
cost(25, 3, 14).
cost(25, 4, 11).
cost(25, 5, 62).
cost(25, 6, 87).
cost(25, 7, 82).
cost(25, 8, 69).
cost(25, 9, 41).
cost(25, 10, 78).
cost(25, 11, 30).
cost(25, 12, 45).
cost(25, 13, 53).
cost(25, 14, 94).
cost(25, 15, 24).
cost(25, 16, 57).
cost(25, 17, 68).
cost(25, 18, 91).
cost(25, 19, 73).
cost(25, 20, 91).
cost(25, 21, 56).
cost(25, 22, 37).
cost(25, 23, 85).
cost(25, 24, 12).
cost(25, 26, 67).
cost(25, 27, 91).
cost(26, 1, 57).
cost(26, 2, 22).
cost(26, 3, 57).
cost(26, 4, 72).
cost(26, 5, 53).
cost(26, 6, 36).
cost(26, 7, 52).
cost(26, 8, 34).
cost(26, 9, 27).
cost(26, 10, 11).
cost(26, 11, 39).
cost(26, 12, 32).
cost(26, 13, 45).
cost(26, 14, 52).
cost(26, 15, 43).
cost(26, 16, 51).
cost(26, 17, 52).
cost(26, 18, 47).
cost(26, 19, 6).
cost(26, 20, 61).
cost(26, 21, 34).
cost(26, 22, 32).
cost(26, 23, 24).
cost(26, 24, 73).
cost(26, 25, 67).
cost(26, 27, 54).
cost(27, 1, 72).
cost(27, 2, 62).
cost(27, 3, 89).
cost(27, 4, 89).
cost(27, 5, 105).
cost(27, 6, 88).
cost(27, 7, 11).
cost(27, 8, 88).
cost(27, 9, 61).
cost(27, 10, 54).
cost(27, 11, 77).
cost(27, 12, 48).
cost(27, 13, 96).
cost(27, 14, 7).
cost(27, 15, 70).
cost(27, 16, 103).
cost(27, 17, 106).
cost(27, 18, 9).
cost(27, 19, 54).
cost(27, 20, 8).
cost(27, 21, 86).
cost(27, 22, 59).
cost(27, 23, 71).
cost(27, 24, 89).
cost(27, 25, 91).
cost(27, 26, 54).
nocross(1,3).
nocross(1,4).
nocross(1,9).
nocross(1,11).
nocross(1,12).
nocross(1,15).
nocross(1,22).
nocross(1,24).
nocross(1,25).
nocross(2,6).
nocross(2,8).
nocross(2,9).
nocross(2,10).
nocross(2,18).
nocross(2,19).
nocross(2,21).
nocross(2,23).
nocross(2,26).
nocross(3,1).
nocross(3,4).
nocross(3,5).
nocross(3,9).
nocross(3,11).
nocross(3,12).
nocross(3,13).
nocross(3,15).
nocross(3,16).
nocross(3,21).
nocross(3,22).
nocross(3,24).
nocross(3,25).
nocross(4,1).
nocross(4,3).
nocross(4,9).
nocross(4,12).
nocross(4,15).
nocross(4,22).
nocross(4,24).
nocross(4,25).
nocross(5,3).
nocross(5,6).
nocross(5,8).
nocross(5,9).
nocross(5,11).
nocross(5,13).
nocross(5,16).
nocross(5,17).
nocross(5,21).
nocross(5,25).
nocross(5,26).
nocross(6,2).
nocross(6,5).
nocross(6,8).
nocross(6,9).
nocross(6,10).
nocross(6,13).
nocross(6,16).
nocross(6,17).
nocross(6,19).
nocross(6,21).
nocross(6,23).
nocross(6,26).
nocross(7,9).
nocross(7,12).
nocross(7,14).
nocross(7,18).
nocross(7,19).
nocross(7,20).
nocross(7,22).
nocross(7,26).
nocross(7,27).
nocross(8,2).
nocross(8,5).
nocross(8,6).
nocross(8,9).
nocross(8,10).
nocross(8,11).
nocross(8,13).
nocross(8,16).
nocross(8,17).
nocross(8,19).
nocross(8,21).
nocross(8,22).
nocross(8,23).
nocross(8,26).
nocross(9,1).
nocross(9,3).
nocross(9,4).
nocross(9,5).
nocross(9,8).
nocross(9,10).
nocross(9,11).
nocross(9,12).
nocross(9,13).
nocross(9,15).
nocross(9,16).
nocross(9,19).
nocross(9,21).
nocross(9,22).
nocross(9,25).
nocross(9,26).
nocross(10,2).
nocross(10,6).
nocross(10,8).
nocross(10,9).
nocross(10,12).
nocross(10,14).
nocross(10,18).
nocross(10,19).
nocross(10,21).
nocross(10,22).
nocross(10,23).
nocross(10,26).
nocross(11,1).
nocross(11,3).
nocross(11,4).
nocross(11,5).
nocross(11,8).
nocross(11,9).
nocross(11,12).
nocross(11,13).
nocross(11,15).
nocross(11,16).
nocross(11,17).
nocross(11,19).
nocross(11,21).
nocross(11,22).
nocross(11,25).
nocross(11,26).
nocross(12,1).
nocross(12,4).
nocross(12,7).
nocross(12,9).
nocross(12,10).
nocross(12,11).
nocross(12,14).
nocross(12,15).
nocross(12,18).
nocross(12,19).
nocross(12,20).
nocross(12,22).
nocross(12,25).
nocross(12,26).
nocross(13,3).
nocross(13,5).
nocross(13,6).
nocross(13,8).
nocross(13,9).
nocross(13,11).
nocross(13,15).
nocross(13,16).
nocross(13,17).
nocross(13,21).
nocross(13,22).
nocross(13,25).
nocross(13,26).
nocross(14,2).
nocross(14,7).
nocross(14,10).
nocross(14,18).
nocross(14,19).
nocross(14,20).
nocross(14,26).
nocross(14,27).
nocross(15,1).
nocross(15,3).
nocross(15,4).
nocross(15,9).
nocross(15,11).
nocross(15,12).
nocross(15,13).
nocross(15,16).
nocross(15,19).
nocross(15,21).
nocross(15,22).
nocross(15,24).
nocross(15,25).
nocross(15,26).
nocross(16,3).
nocross(16,5).
nocross(16,8).
nocross(16,9).
nocross(16,11).
nocross(16,13).
nocross(16,15).
nocross(16,17).
nocross(16,21).
nocross(16,25).
nocross(16,26).
nocross(17,5).
nocross(17,6).
nocross(17,8).
nocross(17,9).
nocross(17,13).
nocross(17,16).
nocross(17,21).
nocross(17,23).
nocross(17,26).
nocross(18,2).
nocross(18,7).
nocross(18,10).
nocross(18,14).
nocross(18,19).
nocross(18,20).
nocross(18,26).
nocross(18,27).
nocross(19,2).
nocross(19,6).
nocross(19,8).
nocross(19,9).
nocross(19,10).
nocross(19,12).
nocross(19,18).
nocross(19,21).
nocross(19,22).
nocross(19,23).
nocross(19,26).
nocross(20,7).
nocross(20,12).
nocross(20,14).
nocross(20,18).
nocross(20,27).
nocross(21,2).
nocross(21,3).
nocross(21,5).
nocross(21,6).
nocross(21,8).
nocross(21,9).
nocross(21,10).
nocross(21,11).
nocross(21,13).
nocross(21,15).
nocross(21,16).
nocross(21,17).
nocross(21,19).
nocross(21,22).
nocross(21,23).
nocross(21,26).
nocross(22,1).
nocross(22,3).
nocross(22,4).
nocross(22,9).
nocross(22,10).
nocross(22,11).
nocross(22,12).
nocross(22,13).
nocross(22,15).
nocross(22,19).
nocross(22,21).
nocross(22,25).
nocross(22,26).
nocross(23,2).
nocross(23,5).
nocross(23,6).
nocross(23,8).
nocross(23,9).
nocross(23,10).
nocross(23,13).
nocross(23,16).
nocross(23,17).
nocross(23,19).
nocross(23,21).
nocross(23,26).
nocross(24,1).
nocross(24,3).
nocross(24,4).
nocross(24,9).
nocross(24,11).
nocross(24,12).
nocross(24,15).
nocross(24,22).
nocross(24,25).
nocross(25,1).
nocross(25,3).
nocross(25,4).
nocross(25,9).
nocross(25,11).
nocross(25,12).
nocross(25,15).
nocross(25,22).
nocross(25,24).
nocross(26,2).
nocross(26,8).
nocross(26,9).
nocross(26,10).
nocross(26,11).
nocross(26,12).
nocross(26,15).
nocross(26,17).
nocross(26,18).
nocross(26,19).
nocross(26,21).
nocross(26,22).
nocross(26,23).
nocross(26,27).
nocross(27,7).
nocross(27,14).
nocross(27,18).
nocross(27,19).
nocross(27,20).
nocross(27,26).
