dimension(27).
point(1, 51.9976974088, 71.674585304).
point(2, 23.1794519378, 55.4345898509).
point(3, 80.3994802384, 79.0665409558).
point(4, 71.7485630412, 22.0134060461).
point(5, 29.7318047274, 61.4440476297).
point(6, 74.9949423313, 89.7028035854).
point(7, 21.4651728278, 13.1797982663).
point(8, 92.2223427914, 34.1137372271).
point(9, 77.5517190326, 44.3184019515).
point(10, 58.4218966813, 92.8509110034).
point(11, 43.4702846904, 94.2648473012).
point(12, 16.3662154312, 50.9461098552).
point(13, 41.8083260525, 80.0261206072).
point(14, 54.505408484, 89.6241988975).
point(15, 8.9917877567, 17.35227258).
point(16, 82.2598410957, 60.9445276819).
point(17, 13.5851192821, 92.2201897171).
point(18, 25.2507843547, 39.5421484027).
point(19, 29.6593630187, 37.8232816279).
point(20, 58.564862863, 56.8916625115).
point(21, 14.3384084536, 12.2526782057).
point(22, 40.0997552443, 95.8848505869).
point(23, 70.0101251974, 16.0562782366).
point(24, 10.8334570848, 6.9265184086).
point(25, 76.4882794517, 9.7201071235).
point(26, 97.5500203808, 21.1326354926).
point(27, 4.8975133606, 20.5646499332).
cost(1, 2, 33).
cost(1, 3, 29).
cost(1, 4, 53).
cost(1, 5, 25).
cost(1, 6, 29).
cost(1, 7, 66).
cost(1, 8, 55).
cost(1, 9, 37).
cost(1, 10, 22).
cost(1, 11, 24).
cost(1, 12, 41).
cost(1, 13, 13).
cost(1, 14, 18).
cost(1, 15, 69).
cost(1, 16, 32).
cost(1, 17, 44).
cost(1, 18, 42).
cost(1, 19, 41).
cost(1, 20, 16).
cost(1, 21, 70).
cost(1, 22, 27).
cost(1, 23, 58).
cost(1, 24, 77).
cost(1, 25, 67).
cost(1, 26, 68).
cost(1, 27, 70).
cost(2, 1, 33).
cost(2, 3, 62).
cost(2, 4, 59).
cost(2, 5, 9).
cost(2, 6, 62).
cost(2, 7, 42).
cost(2, 8, 72).
cost(2, 9, 55).
cost(2, 10, 51).
cost(2, 11, 44).
cost(2, 12, 8).
cost(2, 13, 31).
cost(2, 14, 46).
cost(2, 15, 41).
cost(2, 16, 59).
cost(2, 17, 38).
cost(2, 18, 16).
cost(2, 19, 19).
cost(2, 20, 35).
cost(2, 21, 44).
cost(2, 22, 44).
cost(2, 23, 61).
cost(2, 24, 50).
cost(2, 25, 70).
cost(2, 26, 82).
cost(2, 27, 39).
cost(3, 1, 29).
cost(3, 2, 62).
cost(3, 4, 58).
cost(3, 5, 54).
cost(3, 6, 12).
cost(3, 7, 88).
cost(3, 8, 46).
cost(3, 9, 35).
cost(3, 10, 26).
cost(3, 11, 40).
cost(3, 12, 70).
cost(3, 13, 39).
cost(3, 14, 28).
cost(3, 15, 94).
cost(3, 16, 18).
cost(3, 17, 68).
cost(3, 18, 68).
cost(3, 19, 65).
cost(3, 20, 31).
cost(3, 21, 94).
cost(3, 22, 44).
cost(3, 23, 64).
cost(3, 24, 100).
cost(3, 25, 69).
cost(3, 26, 60).
cost(3, 27, 96).
cost(4, 1, 53).
cost(4, 2, 59).
cost(4, 3, 58).
cost(4, 5, 58).
cost(4, 6, 68).
cost(4, 7, 51).
cost(4, 8, 24).
cost(4, 9, 23).
cost(4, 10, 72).
cost(4, 11, 78).
cost(4, 12, 62).
cost(4, 13, 65).
cost(4, 14, 70).
cost(4, 15, 63).
cost(4, 16, 40).
cost(4, 17, 91).
cost(4, 18, 50).
cost(4, 19, 45).
cost(4, 20, 37).
cost(4, 21, 58).
cost(4, 22, 80).
cost(4, 23, 6).
cost(4, 24, 63).
cost(4, 25, 13).
cost(4, 26, 26).
cost(4, 27, 67).
cost(5, 1, 25).
cost(5, 2, 9).
cost(5, 3, 54).
cost(5, 4, 58).
cost(5, 6, 53).
cost(5, 7, 49).
cost(5, 8, 68).
cost(5, 9, 51).
cost(5, 10, 43).
cost(5, 11, 36).
cost(5, 12, 17).
cost(5, 13, 22).
cost(5, 14, 38).
cost(5, 15, 49).
cost(5, 16, 53).
cost(5, 17, 35).
cost(5, 18, 22).
cost(5, 19, 24).
cost(5, 20, 29).
cost(5, 21, 52).
cost(5, 22, 36).
cost(5, 23, 61).
cost(5, 24, 58).
cost(5, 25, 70).
cost(5, 26, 79).
cost(5, 27, 48).
cost(6, 1, 29).
cost(6, 2, 62).
cost(6, 3, 12).
cost(6, 4, 68).
cost(6, 5, 53).
cost(6, 7, 93).
cost(6, 8, 58).
cost(6, 9, 45).
cost(6, 10, 17).
cost(6, 11, 32).
cost(6, 12, 70).
cost(6, 13, 35).
cost(6, 14, 20).
cost(6, 15, 98).
cost(6, 16, 30).
cost(6, 17, 61).
cost(6, 18, 71).
cost(6, 19, 69).
cost(6, 20, 37).
cost(6, 21, 98).
cost(6, 22, 35).
cost(6, 23, 74).
cost(6, 24, 105).
cost(6, 25, 80).
cost(6, 26, 72).
cost(6, 27, 98).
cost(7, 1, 66).
cost(7, 2, 42).
cost(7, 3, 88).
cost(7, 4, 51).
cost(7, 5, 49).
cost(7, 6, 93).
cost(7, 8, 74).
cost(7, 9, 64).
cost(7, 10, 88).
cost(7, 11, 84).
cost(7, 12, 38).
cost(7, 13, 70).
cost(7, 14, 83).
cost(7, 15, 13).
cost(7, 16, 77).
cost(7, 17, 79).
cost(7, 18, 27).
cost(7, 19, 26).
cost(7, 20, 57).
cost(7, 21, 7).
cost(7, 22, 85).
cost(7, 23, 49).
cost(7, 24, 12).
cost(7, 25, 55).
cost(7, 26, 76).
cost(7, 27, 18).
cost(8, 1, 55).
cost(8, 2, 72).
cost(8, 3, 46).
cost(8, 4, 24).
cost(8, 5, 68).
cost(8, 6, 58).
cost(8, 7, 74).
cost(8, 9, 18).
cost(8, 10, 68).
cost(8, 11, 77).
cost(8, 12, 78).
cost(8, 13, 68).
cost(8, 14, 67).
cost(8, 15, 85).
cost(8, 16, 29).
cost(8, 17, 98).
cost(8, 18, 67).
cost(8, 19, 63).
cost(8, 20, 41).
cost(8, 21, 81).
cost(8, 22, 81).
cost(8, 23, 29).
cost(8, 24, 86).
cost(8, 25, 29).
cost(8, 26, 14).
cost(8, 27, 88).
cost(9, 1, 37).
cost(9, 2, 55).
cost(9, 3, 35).
cost(9, 4, 23).
cost(9, 5, 51).
cost(9, 6, 45).
cost(9, 7, 64).
cost(9, 8, 18).
cost(9, 10, 52).
cost(9, 11, 60).
cost(9, 12, 62).
cost(9, 13, 51).
cost(9, 14, 51).
cost(9, 15, 74).
cost(9, 16, 17).
cost(9, 17, 80).
cost(9, 18, 53).
cost(9, 19, 48).
cost(9, 20, 23).
cost(9, 21, 71).
cost(9, 22, 64).
cost(9, 23, 29).
cost(9, 24, 76).
cost(9, 25, 35).
cost(9, 26, 31).
cost(9, 27, 76).
cost(10, 1, 22).
cost(10, 2, 51).
cost(10, 3, 26).
cost(10, 4, 72).
cost(10, 5, 43).
cost(10, 6, 17).
cost(10, 7, 88).
cost(10, 8, 68).
cost(10, 9, 52).
cost(10, 11, 15).
cost(10, 12, 59).
cost(10, 13, 21).
cost(10, 14, 5).
cost(10, 15, 90).
cost(10, 16, 40).
cost(10, 17, 45).
cost(10, 18, 63).
cost(10, 19, 62).
cost(10, 20, 36).
cost(10, 21, 92).
cost(10, 22, 19).
cost(10, 23, 78).
cost(10, 24, 98).
cost(10, 25, 85).
cost(10, 26, 82).
cost(10, 27, 90).
cost(11, 1, 24).
cost(11, 2, 44).
cost(11, 3, 40).
cost(11, 4, 78).
cost(11, 5, 36).
cost(11, 6, 32).
cost(11, 7, 84).
cost(11, 8, 77).
cost(11, 9, 60).
cost(11, 10, 15).
cost(11, 12, 51).
cost(11, 13, 14).
cost(11, 14, 12).
cost(11, 15, 84).
cost(11, 16, 51).
cost(11, 17, 30).
cost(11, 18, 58).
cost(11, 19, 58).
cost(11, 20, 40).
cost(11, 21, 87).
cost(11, 22, 4).
cost(11, 23, 83).
cost(11, 24, 93).
cost(11, 25, 91).
cost(11, 26, 91).
cost(11, 27, 83).
cost(12, 1, 41).
cost(12, 2, 8).
cost(12, 3, 70).
cost(12, 4, 62).
cost(12, 5, 17).
cost(12, 6, 70).
cost(12, 7, 38).
cost(12, 8, 78).
cost(12, 9, 62).
cost(12, 10, 59).
cost(12, 11, 51).
cost(12, 13, 39).
cost(12, 14, 54).
cost(12, 15, 34).
cost(12, 16, 67).
cost(12, 17, 41).
cost(12, 18, 14).
cost(12, 19, 19).
cost(12, 20, 43).
cost(12, 21, 39).
cost(12, 22, 51).
cost(12, 23, 64).
cost(12, 24, 44).
cost(12, 25, 73).
cost(12, 26, 86).
cost(12, 27, 32).
cost(13, 1, 13).
cost(13, 2, 31).
cost(13, 3, 39).
cost(13, 4, 65).
cost(13, 5, 22).
cost(13, 6, 35).
cost(13, 7, 70).
cost(13, 8, 68).
cost(13, 9, 51).
cost(13, 10, 21).
cost(13, 11, 14).
cost(13, 12, 39).
cost(13, 14, 16).
cost(13, 15, 71).
cost(13, 16, 45).
cost(13, 17, 31).
cost(13, 18, 44).
cost(13, 19, 44).
cost(13, 20, 29).
cost(13, 21, 73).
cost(13, 22, 16).
cost(13, 23, 70).
cost(13, 24, 79).
cost(13, 25, 78).
cost(13, 26, 81).
cost(13, 27, 70).
cost(14, 1, 18).
cost(14, 2, 46).
cost(14, 3, 28).
cost(14, 4, 70).
cost(14, 5, 38).
cost(14, 6, 20).
cost(14, 7, 83).
cost(14, 8, 67).
cost(14, 9, 51).
cost(14, 10, 5).
cost(14, 11, 12).
cost(14, 12, 54).
cost(14, 13, 16).
cost(14, 15, 85).
cost(14, 16, 40).
cost(14, 17, 41).
cost(14, 18, 58).
cost(14, 19, 57).
cost(14, 20, 33).
cost(14, 21, 87).
cost(14, 22, 16).
cost(14, 23, 75).
cost(14, 24, 94).
cost(14, 25, 83).
cost(14, 26, 81).
cost(14, 27, 85).
cost(15, 1, 69).
cost(15, 2, 41).
cost(15, 3, 94).
cost(15, 4, 63).
cost(15, 5, 49).
cost(15, 6, 98).
cost(15, 7, 13).
cost(15, 8, 85).
cost(15, 9, 74).
cost(15, 10, 90).
cost(15, 11, 84).
cost(15, 12, 34).
cost(15, 13, 71).
cost(15, 14, 85).
cost(15, 16, 85).
cost(15, 17, 75).
cost(15, 18, 28).
cost(15, 19, 29).
cost(15, 20, 63).
cost(15, 21, 7).
cost(15, 22, 84).
cost(15, 23, 61).
cost(15, 24, 11).
cost(15, 25, 68).
cost(15, 26, 89).
cost(15, 27, 5).
cost(16, 1, 32).
cost(16, 2, 59).
cost(16, 3, 18).
cost(16, 4, 40).
cost(16, 5, 53).
cost(16, 6, 30).
cost(16, 7, 77).
cost(16, 8, 29).
cost(16, 9, 17).
cost(16, 10, 40).
cost(16, 11, 51).
cost(16, 12, 67).
cost(16, 13, 45).
cost(16, 14, 40).
cost(16, 15, 85).
cost(16, 17, 75).
cost(16, 18, 61).
cost(16, 19, 57).
cost(16, 20, 24).
cost(16, 21, 84).
cost(16, 22, 55).
cost(16, 23, 47).
cost(16, 24, 90).
cost(16, 25, 52).
cost(16, 26, 43).
cost(16, 27, 87).
cost(17, 1, 44).
cost(17, 2, 38).
cost(17, 3, 68).
cost(17, 4, 91).
cost(17, 5, 35).
cost(17, 6, 61).
cost(17, 7, 79).
cost(17, 8, 98).
cost(17, 9, 80).
cost(17, 10, 45).
cost(17, 11, 30).
cost(17, 12, 41).
cost(17, 13, 31).
cost(17, 14, 41).
cost(17, 15, 75).
cost(17, 16, 75).
cost(17, 18, 54).
cost(17, 19, 57).
cost(17, 20, 57).
cost(17, 21, 80).
cost(17, 22, 27).
cost(17, 23, 95).
cost(17, 24, 85).
cost(17, 25, 104).
cost(17, 26, 110).
cost(17, 27, 72).
cost(18, 1, 42).
cost(18, 2, 16).
cost(18, 3, 68).
cost(18, 4, 50).
cost(18, 5, 22).
cost(18, 6, 71).
cost(18, 7, 27).
cost(18, 8, 67).
cost(18, 9, 53).
cost(18, 10, 63).
cost(18, 11, 58).
cost(18, 12, 14).
cost(18, 13, 44).
cost(18, 14, 58).
cost(18, 15, 28).
cost(18, 16, 61).
cost(18, 17, 54).
cost(18, 19, 5).
cost(18, 20, 38).
cost(18, 21, 29).
cost(18, 22, 58).
cost(18, 23, 51).
cost(18, 24, 36).
cost(18, 25, 59).
cost(18, 26, 75).
cost(18, 27, 28).
cost(19, 1, 41).
cost(19, 2, 19).
cost(19, 3, 65).
cost(19, 4, 45).
cost(19, 5, 24).
cost(19, 6, 69).
cost(19, 7, 26).
cost(19, 8, 63).
cost(19, 9, 48).
cost(19, 10, 62).
cost(19, 11, 58).
cost(19, 12, 19).
cost(19, 13, 44).
cost(19, 14, 57).
cost(19, 15, 29).
cost(19, 16, 57).
cost(19, 17, 57).
cost(19, 18, 5).
cost(19, 20, 35).
cost(19, 21, 30).
cost(19, 22, 59).
cost(19, 23, 46).
cost(19, 24, 36).
cost(19, 25, 55).
cost(19, 26, 70).
cost(19, 27, 30).
cost(20, 1, 16).
cost(20, 2, 35).
cost(20, 3, 31).
cost(20, 4, 37).
cost(20, 5, 29).
cost(20, 6, 37).
cost(20, 7, 57).
cost(20, 8, 41).
cost(20, 9, 23).
cost(20, 10, 36).
cost(20, 11, 40).
cost(20, 12, 43).
cost(20, 13, 29).
cost(20, 14, 33).
cost(20, 15, 63).
cost(20, 16, 24).
cost(20, 17, 57).
cost(20, 18, 38).
cost(20, 19, 35).
cost(20, 21, 63).
cost(20, 22, 43).
cost(20, 23, 42).
cost(20, 24, 69).
cost(20, 25, 50).
cost(20, 26, 53).
cost(20, 27, 65).
cost(21, 1, 70).
cost(21, 2, 44).
cost(21, 3, 94).
cost(21, 4, 58).
cost(21, 5, 52).
cost(21, 6, 98).
cost(21, 7, 7).
cost(21, 8, 81).
cost(21, 9, 71).
cost(21, 10, 92).
cost(21, 11, 87).
cost(21, 12, 39).
cost(21, 13, 73).
cost(21, 14, 87).
cost(21, 15, 7).
cost(21, 16, 84).
cost(21, 17, 80).
cost(21, 18, 29).
cost(21, 19, 30).
cost(21, 20, 63).
cost(21, 22, 88).
cost(21, 23, 56).
cost(21, 24, 6).
cost(21, 25, 62).
cost(21, 26, 84).
cost(21, 27, 13).
cost(22, 1, 27).
cost(22, 2, 44).
cost(22, 3, 44).
cost(22, 4, 80).
cost(22, 5, 36).
cost(22, 6, 35).
cost(22, 7, 85).
cost(22, 8, 81).
cost(22, 9, 64).
cost(22, 10, 19).
cost(22, 11, 4).
cost(22, 12, 51).
cost(22, 13, 16).
cost(22, 14, 16).
cost(22, 15, 84).
cost(22, 16, 55).
cost(22, 17, 27).
cost(22, 18, 58).
cost(22, 19, 59).
cost(22, 20, 43).
cost(22, 21, 88).
cost(22, 23, 85).
cost(22, 24, 94).
cost(22, 25, 94).
cost(22, 26, 94).
cost(22, 27, 83).
cost(23, 1, 58).
cost(23, 2, 61).
cost(23, 3, 64).
cost(23, 4, 6).
cost(23, 5, 61).
cost(23, 6, 74).
cost(23, 7, 49).
cost(23, 8, 29).
cost(23, 9, 29).
cost(23, 10, 78).
cost(23, 11, 83).
cost(23, 12, 64).
cost(23, 13, 70).
cost(23, 14, 75).
cost(23, 15, 61).
cost(23, 16, 47).
cost(23, 17, 95).
cost(23, 18, 51).
cost(23, 19, 46).
cost(23, 20, 42).
cost(23, 21, 56).
cost(23, 22, 85).
cost(23, 24, 60).
cost(23, 25, 9).
cost(23, 26, 28).
cost(23, 27, 65).
cost(24, 1, 77).
cost(24, 2, 50).
cost(24, 3, 100).
cost(24, 4, 63).
cost(24, 5, 58).
cost(24, 6, 105).
cost(24, 7, 12).
cost(24, 8, 86).
cost(24, 9, 76).
cost(24, 10, 98).
cost(24, 11, 93).
cost(24, 12, 44).
cost(24, 13, 79).
cost(24, 14, 94).
cost(24, 15, 11).
cost(24, 16, 90).
cost(24, 17, 85).
cost(24, 18, 36).
cost(24, 19, 36).
cost(24, 20, 69).
cost(24, 21, 6).
cost(24, 22, 94).
cost(24, 23, 60).
cost(24, 25, 66).
cost(24, 26, 88).
cost(24, 27, 15).
cost(25, 1, 67).
cost(25, 2, 70).
cost(25, 3, 69).
cost(25, 4, 13).
cost(25, 5, 70).
cost(25, 6, 80).
cost(25, 7, 55).
cost(25, 8, 29).
cost(25, 9, 35).
cost(25, 10, 85).
cost(25, 11, 91).
cost(25, 12, 73).
cost(25, 13, 78).
cost(25, 14, 83).
cost(25, 15, 68).
cost(25, 16, 52).
cost(25, 17, 104).
cost(25, 18, 59).
cost(25, 19, 55).
cost(25, 20, 50).
cost(25, 21, 62).
cost(25, 22, 94).
cost(25, 23, 9).
cost(25, 24, 66).
cost(25, 26, 24).
cost(25, 27, 72).
cost(26, 1, 68).
cost(26, 2, 82).
cost(26, 3, 60).
cost(26, 4, 26).
cost(26, 5, 79).
cost(26, 6, 72).
cost(26, 7, 76).
cost(26, 8, 14).
cost(26, 9, 31).
cost(26, 10, 82).
cost(26, 11, 91).
cost(26, 12, 86).
cost(26, 13, 81).
cost(26, 14, 81).
cost(26, 15, 89).
cost(26, 16, 43).
cost(26, 17, 110).
cost(26, 18, 75).
cost(26, 19, 70).
cost(26, 20, 53).
cost(26, 21, 84).
cost(26, 22, 94).
cost(26, 23, 28).
cost(26, 24, 88).
cost(26, 25, 24).
cost(26, 27, 93).
cost(27, 1, 70).
cost(27, 2, 39).
cost(27, 3, 96).
cost(27, 4, 67).
cost(27, 5, 48).
cost(27, 6, 98).
cost(27, 7, 18).
cost(27, 8, 88).
cost(27, 9, 76).
cost(27, 10, 90).
cost(27, 11, 83).
cost(27, 12, 32).
cost(27, 13, 70).
cost(27, 14, 85).
cost(27, 15, 5).
cost(27, 16, 87).
cost(27, 17, 72).
cost(27, 18, 28).
cost(27, 19, 30).
cost(27, 20, 65).
cost(27, 21, 13).
cost(27, 22, 83).
cost(27, 23, 65).
cost(27, 24, 15).
cost(27, 25, 72).
cost(27, 26, 93).
nocross(1,2).
nocross(1,3).
nocross(1,5).
nocross(1,6).
nocross(1,10).
nocross(1,11).
nocross(1,12).
nocross(1,13).
nocross(1,14).
nocross(1,16).
nocross(1,19).
nocross(1,20).
nocross(1,22).
nocross(2,1).
nocross(2,5).
nocross(2,10).
nocross(2,11).
nocross(2,12).
nocross(2,13).
nocross(2,17).
nocross(2,18).
nocross(2,19).
nocross(2,22).
nocross(2,27).
nocross(3,1).
nocross(3,6).
nocross(3,8).
nocross(3,9).
nocross(3,10).
nocross(3,11).
nocross(3,13).
nocross(3,14).
nocross(3,16).
nocross(3,20).
nocross(3,22).
nocross(4,8).
nocross(4,9).
nocross(4,16).
nocross(4,19).
nocross(4,23).
nocross(4,25).
nocross(4,26).
nocross(5,1).
nocross(5,2).
nocross(5,10).
nocross(5,11).
nocross(5,12).
nocross(5,13).
nocross(5,14).
nocross(5,17).
nocross(5,18).
nocross(5,19).
nocross(5,20).
nocross(5,22).
nocross(6,1).
nocross(6,3).
nocross(6,10).
nocross(6,11).
nocross(6,13).
nocross(6,14).
nocross(6,16).
nocross(6,20).
nocross(6,22).
nocross(7,15).
nocross(7,18).
nocross(7,19).
nocross(7,21).
nocross(7,23).
nocross(7,24).
nocross(7,25).
nocross(8,3).
nocross(8,4).
nocross(8,9).
nocross(8,16).
nocross(8,23).
nocross(8,25).
nocross(8,26).
nocross(9,1).
nocross(9,3).
nocross(9,4).
nocross(9,6).
nocross(9,8).
nocross(9,10).
nocross(9,11).
nocross(9,14).
nocross(9,16).
nocross(9,18).
nocross(9,19).
nocross(9,20).
nocross(9,23).
nocross(9,25).
nocross(9,26).
nocross(10,1).
nocross(10,3).
nocross(10,6).
nocross(10,11).
nocross(10,13).
nocross(10,14).
nocross(10,16).
nocross(10,20).
nocross(10,22).
nocross(11,1).
nocross(11,2).
nocross(11,3).
nocross(11,5).
nocross(11,6).
nocross(11,10).
nocross(11,13).
nocross(11,14).
nocross(11,22).
nocross(12,2).
nocross(12,5).
nocross(12,11).
nocross(12,15).
nocross(12,17).
nocross(12,18).
nocross(12,19).
nocross(12,22).
nocross(12,27).
nocross(13,1).
nocross(13,2).
nocross(13,3).
nocross(13,5).
nocross(13,6).
nocross(13,10).
nocross(13,11).
nocross(13,12).
nocross(13,14).
nocross(13,17).
nocross(13,18).
nocross(13,19).
nocross(13,20).
nocross(13,22).
nocross(14,1).
nocross(14,3).
nocross(14,5).
nocross(14,6).
nocross(14,10).
nocross(14,11).
nocross(14,13).
nocross(14,16).
nocross(14,20).
nocross(14,22).
nocross(15,7).
nocross(15,12).
nocross(15,18).
nocross(15,19).
nocross(15,21).
nocross(15,24).
nocross(15,27).
nocross(16,1).
nocross(16,3).
nocross(16,4).
nocross(16,6).
nocross(16,8).
nocross(16,9).
nocross(16,10).
nocross(16,11).
nocross(16,14).
nocross(16,20).
nocross(16,23).
nocross(16,26).
nocross(17,1).
nocross(17,2).
nocross(17,5).
nocross(17,10).
nocross(17,11).
nocross(17,12).
nocross(17,13).
nocross(17,14).
nocross(17,22).
nocross(18,2).
nocross(18,5).
nocross(18,7).
nocross(18,12).
nocross(18,15).
nocross(18,19).
nocross(18,21).
nocross(18,24).
nocross(18,27).
nocross(19,2).
nocross(19,5).
nocross(19,7).
nocross(19,12).
nocross(19,15).
nocross(19,18).
nocross(19,21).
nocross(19,23).
nocross(19,25).
nocross(19,27).
nocross(20,1).
nocross(20,2).
nocross(20,3).
nocross(20,4).
nocross(20,5).
nocross(20,6).
nocross(20,8).
nocross(20,9).
nocross(20,10).
nocross(20,11).
nocross(20,12).
nocross(20,13).
nocross(20,14).
nocross(20,16).
nocross(20,18).
nocross(20,19).
nocross(20,23).
nocross(20,25).
nocross(20,26).
nocross(21,7).
nocross(21,15).
nocross(21,18).
nocross(21,19).
nocross(21,24).
nocross(21,27).
nocross(22,1).
nocross(22,2).
nocross(22,3).
nocross(22,5).
nocross(22,6).
nocross(22,10).
nocross(22,11).
nocross(22,13).
nocross(22,14).
nocross(22,17).
nocross(23,4).
nocross(23,7).
nocross(23,8).
nocross(23,9).
nocross(23,19).
nocross(23,25).
nocross(23,26).
nocross(24,7).
nocross(24,15).
nocross(24,18).
nocross(24,19).
nocross(24,21).
nocross(24,27).
nocross(25,4).
nocross(25,8).
nocross(25,9).
nocross(25,23).
nocross(25,26).
nocross(26,4).
nocross(26,8).
nocross(26,9).
nocross(26,16).
nocross(26,23).
nocross(26,25).
nocross(27,2).
nocross(27,7).
nocross(27,12).
nocross(27,15).
nocross(27,18).
nocross(27,19).
nocross(27,21).
nocross(27,24).
