dimension(27).
point(1, 20.263437114, 12.847238987).
point(2, 83.0303937499, 65.8115153207).
point(3, 90.2262583483, 76.0034867476).
point(4, 29.3705473374, 19.1533827087).
point(5, 49.7074041774, 89.4082071133).
point(6, 11.6621288532, 66.94484757).
point(7, 35.3841729955, 72.8938421377).
point(8, 65.6030357481, 66.4231559371).
point(9, 41.5031355109, 94.5134346174).
point(10, 6.4550929094, 59.9062970711).
point(11, 56.1899132906, 85.9353325292).
point(12, 73.0455593681, 48.2256218493).
point(13, 42.1590709393, 35.131698349).
point(14, 48.6213381277, 59.7729217597).
point(15, 25.5100028086, 52.7530261532).
point(16, 63.0941098893, 98.1532993448).
point(17, 47.5212215975, 24.1141434537).
point(18, 66.4685826927, 86.2467395831).
point(19, 57.1843889437, 8.0426483303).
point(20, 14.9203896736, 38.394348032).
point(21, 23.7223553878, 5.410911204).
point(22, 65.5358624014, 22.6079199327).
point(23, 14.8020624466, 64.5719489292).
point(24, 66.030393523, 49.6301578793).
point(25, 25.7757903203, 25.2669172028).
point(26, 33.9135107881, 35.9579202444).
point(27, 49.5179220614, 32.4127559748).
cost(1, 2, 82).
cost(1, 3, 94).
cost(1, 4, 11).
cost(1, 5, 82).
cost(1, 6, 55).
cost(1, 7, 62).
cost(1, 8, 70).
cost(1, 9, 84).
cost(1, 10, 49).
cost(1, 11, 81).
cost(1, 12, 64).
cost(1, 13, 31).
cost(1, 14, 55).
cost(1, 15, 40).
cost(1, 16, 95).
cost(1, 17, 29).
cost(1, 18, 87).
cost(1, 19, 37).
cost(1, 20, 26).
cost(1, 21, 8).
cost(1, 22, 46).
cost(1, 23, 52).
cost(1, 24, 59).
cost(1, 25, 14).
cost(1, 26, 27).
cost(1, 27, 35).
cost(2, 1, 82).
cost(2, 3, 12).
cost(2, 4, 71).
cost(2, 5, 41).
cost(2, 6, 71).
cost(2, 7, 48).
cost(2, 8, 17).
cost(2, 9, 50).
cost(2, 10, 77).
cost(2, 11, 34).
cost(2, 12, 20).
cost(2, 13, 51).
cost(2, 14, 35).
cost(2, 15, 59).
cost(2, 16, 38).
cost(2, 17, 55).
cost(2, 18, 26).
cost(2, 19, 63).
cost(2, 20, 73).
cost(2, 21, 85).
cost(2, 22, 47).
cost(2, 23, 68).
cost(2, 24, 23).
cost(2, 25, 70).
cost(2, 26, 57).
cost(2, 27, 47).
cost(3, 1, 94).
cost(3, 2, 12).
cost(3, 4, 83).
cost(3, 5, 43).
cost(3, 6, 79).
cost(3, 7, 55).
cost(3, 8, 26).
cost(3, 9, 52).
cost(3, 10, 85).
cost(3, 11, 35).
cost(3, 12, 33).
cost(3, 13, 63).
cost(3, 14, 45).
cost(3, 15, 69).
cost(3, 16, 35).
cost(3, 17, 67).
cost(3, 18, 26).
cost(3, 19, 76).
cost(3, 20, 84).
cost(3, 21, 97).
cost(3, 22, 59).
cost(3, 23, 76).
cost(3, 24, 36).
cost(3, 25, 82).
cost(3, 26, 69).
cost(3, 27, 60).
cost(4, 1, 11).
cost(4, 2, 71).
cost(4, 3, 83).
cost(4, 5, 73).
cost(4, 6, 51).
cost(4, 7, 54).
cost(4, 8, 60).
cost(4, 9, 76).
cost(4, 10, 47).
cost(4, 11, 72).
cost(4, 12, 52).
cost(4, 13, 20).
cost(4, 14, 45).
cost(4, 15, 34).
cost(4, 16, 86).
cost(4, 17, 19).
cost(4, 18, 77).
cost(4, 19, 30).
cost(4, 20, 24).
cost(4, 21, 15).
cost(4, 22, 36).
cost(4, 23, 48).
cost(4, 24, 48).
cost(4, 25, 7).
cost(4, 26, 17).
cost(4, 27, 24).
cost(5, 1, 82).
cost(5, 2, 41).
cost(5, 3, 43).
cost(5, 4, 73).
cost(5, 6, 44).
cost(5, 7, 22).
cost(5, 8, 28).
cost(5, 9, 10).
cost(5, 10, 52).
cost(5, 11, 7).
cost(5, 12, 47).
cost(5, 13, 55).
cost(5, 14, 30).
cost(5, 15, 44).
cost(5, 16, 16).
cost(5, 17, 65).
cost(5, 18, 17).
cost(5, 19, 82).
cost(5, 20, 62).
cost(5, 21, 88).
cost(5, 22, 69).
cost(5, 23, 43).
cost(5, 24, 43).
cost(5, 25, 68).
cost(5, 26, 56).
cost(5, 27, 57).
cost(6, 1, 55).
cost(6, 2, 71).
cost(6, 3, 79).
cost(6, 4, 51).
cost(6, 5, 44).
cost(6, 7, 24).
cost(6, 8, 54).
cost(6, 9, 41).
cost(6, 10, 9).
cost(6, 11, 48).
cost(6, 12, 64).
cost(6, 13, 44).
cost(6, 14, 38).
cost(6, 15, 20).
cost(6, 16, 60).
cost(6, 17, 56).
cost(6, 18, 58).
cost(6, 19, 74).
cost(6, 20, 29).
cost(6, 21, 63).
cost(6, 22, 70).
cost(6, 23, 4).
cost(6, 24, 57).
cost(6, 25, 44).
cost(6, 26, 38).
cost(6, 27, 51).
cost(7, 1, 62).
cost(7, 2, 48).
cost(7, 3, 55).
cost(7, 4, 54).
cost(7, 5, 22).
cost(7, 6, 24).
cost(7, 8, 31).
cost(7, 9, 22).
cost(7, 10, 32).
cost(7, 11, 25).
cost(7, 12, 45).
cost(7, 13, 38).
cost(7, 14, 19).
cost(7, 15, 22).
cost(7, 16, 37).
cost(7, 17, 50).
cost(7, 18, 34).
cost(7, 19, 68).
cost(7, 20, 40).
cost(7, 21, 68).
cost(7, 22, 59).
cost(7, 23, 22).
cost(7, 24, 38).
cost(7, 25, 49).
cost(7, 26, 37).
cost(7, 27, 43).
cost(8, 1, 70).
cost(8, 2, 17).
cost(8, 3, 26).
cost(8, 4, 60).
cost(8, 5, 28).
cost(8, 6, 54).
cost(8, 7, 31).
cost(8, 9, 37).
cost(8, 10, 60).
cost(8, 11, 22).
cost(8, 12, 20).
cost(8, 13, 39).
cost(8, 14, 18).
cost(8, 15, 42).
cost(8, 16, 32).
cost(8, 17, 46).
cost(8, 18, 20).
cost(8, 19, 59).
cost(8, 20, 58).
cost(8, 21, 74).
cost(8, 22, 44).
cost(8, 23, 51).
cost(8, 24, 17).
cost(8, 25, 57).
cost(8, 26, 44).
cost(8, 27, 38).
cost(9, 1, 84).
cost(9, 2, 50).
cost(9, 3, 52).
cost(9, 4, 76).
cost(9, 5, 10).
cost(9, 6, 41).
cost(9, 7, 22).
cost(9, 8, 37).
cost(9, 10, 49).
cost(9, 11, 17).
cost(9, 12, 56).
cost(9, 13, 59).
cost(9, 14, 35).
cost(9, 15, 45).
cost(9, 16, 22).
cost(9, 17, 71).
cost(9, 18, 26).
cost(9, 19, 88).
cost(9, 20, 62).
cost(9, 21, 91).
cost(9, 22, 76).
cost(9, 23, 40).
cost(9, 24, 51).
cost(9, 25, 71).
cost(9, 26, 59).
cost(9, 27, 63).
cost(10, 1, 49).
cost(10, 2, 77).
cost(10, 3, 85).
cost(10, 4, 47).
cost(10, 5, 52).
cost(10, 6, 9).
cost(10, 7, 32).
cost(10, 8, 60).
cost(10, 9, 49).
cost(10, 11, 56).
cost(10, 12, 68).
cost(10, 13, 43).
cost(10, 14, 42).
cost(10, 15, 20).
cost(10, 16, 68).
cost(10, 17, 54).
cost(10, 18, 66).
cost(10, 19, 73).
cost(10, 20, 23).
cost(10, 21, 57).
cost(10, 22, 70).
cost(10, 23, 10).
cost(10, 24, 60).
cost(10, 25, 40).
cost(10, 26, 36).
cost(10, 27, 51).
cost(11, 1, 81).
cost(11, 2, 34).
cost(11, 3, 35).
cost(11, 4, 72).
cost(11, 5, 7).
cost(11, 6, 48).
cost(11, 7, 25).
cost(11, 8, 22).
cost(11, 9, 17).
cost(11, 10, 56).
cost(11, 12, 41).
cost(11, 13, 53).
cost(11, 14, 27).
cost(11, 15, 45).
cost(11, 16, 14).
cost(11, 17, 62).
cost(11, 18, 10).
cost(11, 19, 78).
cost(11, 20, 63).
cost(11, 21, 87).
cost(11, 22, 64).
cost(11, 23, 47).
cost(11, 24, 38).
cost(11, 25, 68).
cost(11, 26, 55).
cost(11, 27, 54).
cost(12, 1, 64).
cost(12, 2, 20).
cost(12, 3, 33).
cost(12, 4, 52).
cost(12, 5, 47).
cost(12, 6, 64).
cost(12, 7, 45).
cost(12, 8, 20).
cost(12, 9, 56).
cost(12, 10, 68).
cost(12, 11, 41).
cost(12, 13, 34).
cost(12, 14, 27).
cost(12, 15, 48).
cost(12, 16, 51).
cost(12, 17, 35).
cost(12, 18, 39).
cost(12, 19, 43).
cost(12, 20, 59).
cost(12, 21, 65).
cost(12, 22, 27).
cost(12, 23, 60).
cost(12, 24, 7).
cost(12, 25, 53).
cost(12, 26, 41).
cost(12, 27, 28).
cost(13, 1, 31).
cost(13, 2, 51).
cost(13, 3, 63).
cost(13, 4, 20).
cost(13, 5, 55).
cost(13, 6, 44).
cost(13, 7, 38).
cost(13, 8, 39).
cost(13, 9, 59).
cost(13, 10, 43).
cost(13, 11, 53).
cost(13, 12, 34).
cost(13, 14, 25).
cost(13, 15, 24).
cost(13, 16, 66).
cost(13, 17, 12).
cost(13, 18, 57).
cost(13, 19, 31).
cost(13, 20, 27).
cost(13, 21, 35).
cost(13, 22, 27).
cost(13, 23, 40).
cost(13, 24, 28).
cost(13, 25, 19).
cost(13, 26, 8).
cost(13, 27, 8).
cost(14, 1, 55).
cost(14, 2, 35).
cost(14, 3, 45).
cost(14, 4, 45).
cost(14, 5, 30).
cost(14, 6, 38).
cost(14, 7, 19).
cost(14, 8, 18).
cost(14, 9, 35).
cost(14, 10, 42).
cost(14, 11, 27).
cost(14, 12, 27).
cost(14, 13, 25).
cost(14, 15, 24).
cost(14, 16, 41).
cost(14, 17, 36).
cost(14, 18, 32).
cost(14, 19, 52).
cost(14, 20, 40).
cost(14, 21, 60).
cost(14, 22, 41).
cost(14, 23, 34).
cost(14, 24, 20).
cost(14, 25, 41).
cost(14, 26, 28).
cost(14, 27, 27).
cost(15, 1, 40).
cost(15, 2, 59).
cost(15, 3, 69).
cost(15, 4, 34).
cost(15, 5, 44).
cost(15, 6, 20).
cost(15, 7, 22).
cost(15, 8, 42).
cost(15, 9, 45).
cost(15, 10, 20).
cost(15, 11, 45).
cost(15, 12, 48).
cost(15, 13, 24).
cost(15, 14, 24).
cost(15, 16, 59).
cost(15, 17, 36).
cost(15, 18, 53).
cost(15, 19, 55).
cost(15, 20, 18).
cost(15, 21, 47).
cost(15, 22, 50).
cost(15, 23, 16).
cost(15, 24, 41).
cost(15, 25, 27).
cost(15, 26, 19).
cost(15, 27, 31).
cost(16, 1, 95).
cost(16, 2, 38).
cost(16, 3, 35).
cost(16, 4, 86).
cost(16, 5, 16).
cost(16, 6, 60).
cost(16, 7, 37).
cost(16, 8, 32).
cost(16, 9, 22).
cost(16, 10, 68).
cost(16, 11, 14).
cost(16, 12, 51).
cost(16, 13, 66).
cost(16, 14, 41).
cost(16, 15, 59).
cost(16, 17, 76).
cost(16, 18, 12).
cost(16, 19, 90).
cost(16, 20, 77).
cost(16, 21, 101).
cost(16, 22, 76).
cost(16, 23, 59).
cost(16, 24, 49).
cost(16, 25, 82).
cost(16, 26, 69).
cost(16, 27, 67).
cost(17, 1, 29).
cost(17, 2, 55).
cost(17, 3, 67).
cost(17, 4, 19).
cost(17, 5, 65).
cost(17, 6, 56).
cost(17, 7, 50).
cost(17, 8, 46).
cost(17, 9, 71).
cost(17, 10, 54).
cost(17, 11, 62).
cost(17, 12, 35).
cost(17, 13, 12).
cost(17, 14, 36).
cost(17, 15, 36).
cost(17, 16, 76).
cost(17, 18, 65).
cost(17, 19, 19).
cost(17, 20, 36).
cost(17, 21, 30).
cost(17, 22, 18).
cost(17, 23, 52).
cost(17, 24, 32).
cost(17, 25, 22).
cost(17, 26, 18).
cost(17, 27, 9).
cost(18, 1, 87).
cost(18, 2, 26).
cost(18, 3, 26).
cost(18, 4, 77).
cost(18, 5, 17).
cost(18, 6, 58).
cost(18, 7, 34).
cost(18, 8, 20).
cost(18, 9, 26).
cost(18, 10, 66).
cost(18, 11, 10).
cost(18, 12, 39).
cost(18, 13, 57).
cost(18, 14, 32).
cost(18, 15, 53).
cost(18, 16, 12).
cost(18, 17, 65).
cost(18, 19, 79).
cost(18, 20, 70).
cost(18, 21, 91).
cost(18, 22, 64).
cost(18, 23, 56).
cost(18, 24, 37).
cost(18, 25, 73).
cost(18, 26, 60).
cost(18, 27, 56).
cost(19, 1, 37).
cost(19, 2, 63).
cost(19, 3, 76).
cost(19, 4, 30).
cost(19, 5, 82).
cost(19, 6, 74).
cost(19, 7, 68).
cost(19, 8, 59).
cost(19, 9, 88).
cost(19, 10, 73).
cost(19, 11, 78).
cost(19, 12, 43).
cost(19, 13, 31).
cost(19, 14, 52).
cost(19, 15, 55).
cost(19, 16, 90).
cost(19, 17, 19).
cost(19, 18, 79).
cost(19, 20, 52).
cost(19, 21, 34).
cost(19, 22, 17).
cost(19, 23, 71).
cost(19, 24, 43).
cost(19, 25, 36).
cost(19, 26, 36).
cost(19, 27, 26).
cost(20, 1, 26).
cost(20, 2, 73).
cost(20, 3, 84).
cost(20, 4, 24).
cost(20, 5, 62).
cost(20, 6, 29).
cost(20, 7, 40).
cost(20, 8, 58).
cost(20, 9, 62).
cost(20, 10, 23).
cost(20, 11, 63).
cost(20, 12, 59).
cost(20, 13, 27).
cost(20, 14, 40).
cost(20, 15, 18).
cost(20, 16, 77).
cost(20, 17, 36).
cost(20, 18, 70).
cost(20, 19, 52).
cost(20, 21, 34).
cost(20, 22, 53).
cost(20, 23, 26).
cost(20, 24, 52).
cost(20, 25, 17).
cost(20, 26, 19).
cost(20, 27, 35).
cost(21, 1, 8).
cost(21, 2, 85).
cost(21, 3, 97).
cost(21, 4, 15).
cost(21, 5, 88).
cost(21, 6, 63).
cost(21, 7, 68).
cost(21, 8, 74).
cost(21, 9, 91).
cost(21, 10, 57).
cost(21, 11, 87).
cost(21, 12, 65).
cost(21, 13, 35).
cost(21, 14, 60).
cost(21, 15, 47).
cost(21, 16, 101).
cost(21, 17, 30).
cost(21, 18, 91).
cost(21, 19, 34).
cost(21, 20, 34).
cost(21, 22, 45).
cost(21, 23, 60).
cost(21, 24, 61).
cost(21, 25, 20).
cost(21, 26, 32).
cost(21, 27, 37).
cost(22, 1, 46).
cost(22, 2, 47).
cost(22, 3, 59).
cost(22, 4, 36).
cost(22, 5, 69).
cost(22, 6, 70).
cost(22, 7, 59).
cost(22, 8, 44).
cost(22, 9, 76).
cost(22, 10, 70).
cost(22, 11, 64).
cost(22, 12, 27).
cost(22, 13, 27).
cost(22, 14, 41).
cost(22, 15, 50).
cost(22, 16, 76).
cost(22, 17, 18).
cost(22, 18, 64).
cost(22, 19, 17).
cost(22, 20, 53).
cost(22, 21, 45).
cost(22, 23, 66).
cost(22, 24, 27).
cost(22, 25, 40).
cost(22, 26, 34).
cost(22, 27, 19).
cost(23, 1, 52).
cost(23, 2, 68).
cost(23, 3, 76).
cost(23, 4, 48).
cost(23, 5, 43).
cost(23, 6, 4).
cost(23, 7, 22).
cost(23, 8, 51).
cost(23, 9, 40).
cost(23, 10, 10).
cost(23, 11, 47).
cost(23, 12, 60).
cost(23, 13, 40).
cost(23, 14, 34).
cost(23, 15, 16).
cost(23, 16, 59).
cost(23, 17, 52).
cost(23, 18, 56).
cost(23, 19, 71).
cost(23, 20, 26).
cost(23, 21, 60).
cost(23, 22, 66).
cost(23, 24, 53).
cost(23, 25, 41).
cost(23, 26, 34).
cost(23, 27, 47).
cost(24, 1, 59).
cost(24, 2, 23).
cost(24, 3, 36).
cost(24, 4, 48).
cost(24, 5, 43).
cost(24, 6, 57).
cost(24, 7, 38).
cost(24, 8, 17).
cost(24, 9, 51).
cost(24, 10, 60).
cost(24, 11, 38).
cost(24, 12, 7).
cost(24, 13, 28).
cost(24, 14, 20).
cost(24, 15, 41).
cost(24, 16, 49).
cost(24, 17, 32).
cost(24, 18, 37).
cost(24, 19, 43).
cost(24, 20, 52).
cost(24, 21, 61).
cost(24, 22, 27).
cost(24, 23, 53).
cost(24, 25, 47).
cost(24, 26, 35).
cost(24, 27, 24).
cost(25, 1, 14).
cost(25, 2, 70).
cost(25, 3, 82).
cost(25, 4, 7).
cost(25, 5, 68).
cost(25, 6, 44).
cost(25, 7, 49).
cost(25, 8, 57).
cost(25, 9, 71).
cost(25, 10, 40).
cost(25, 11, 68).
cost(25, 12, 53).
cost(25, 13, 19).
cost(25, 14, 41).
cost(25, 15, 27).
cost(25, 16, 82).
cost(25, 17, 22).
cost(25, 18, 73).
cost(25, 19, 36).
cost(25, 20, 17).
cost(25, 21, 20).
cost(25, 22, 40).
cost(25, 23, 41).
cost(25, 24, 47).
cost(25, 26, 13).
cost(25, 27, 25).
cost(26, 1, 27).
cost(26, 2, 57).
cost(26, 3, 69).
cost(26, 4, 17).
cost(26, 5, 56).
cost(26, 6, 38).
cost(26, 7, 37).
cost(26, 8, 44).
cost(26, 9, 59).
cost(26, 10, 36).
cost(26, 11, 55).
cost(26, 12, 41).
cost(26, 13, 8).
cost(26, 14, 28).
cost(26, 15, 19).
cost(26, 16, 69).
cost(26, 17, 18).
cost(26, 18, 60).
cost(26, 19, 36).
cost(26, 20, 19).
cost(26, 21, 32).
cost(26, 22, 34).
cost(26, 23, 34).
cost(26, 24, 35).
cost(26, 25, 13).
cost(26, 27, 16).
cost(27, 1, 35).
cost(27, 2, 47).
cost(27, 3, 60).
cost(27, 4, 24).
cost(27, 5, 57).
cost(27, 6, 51).
cost(27, 7, 43).
cost(27, 8, 38).
cost(27, 9, 63).
cost(27, 10, 51).
cost(27, 11, 54).
cost(27, 12, 28).
cost(27, 13, 8).
cost(27, 14, 27).
cost(27, 15, 31).
cost(27, 16, 67).
cost(27, 17, 9).
cost(27, 18, 56).
cost(27, 19, 26).
cost(27, 20, 35).
cost(27, 21, 37).
cost(27, 22, 19).
cost(27, 23, 47).
cost(27, 24, 24).
cost(27, 25, 25).
cost(27, 26, 16).
nocross(1,4).
nocross(1,21).
nocross(1,25).
nocross(2,3).
nocross(2,5).
nocross(2,8).
nocross(2,11).
nocross(2,12).
nocross(2,16).
nocross(2,18).
nocross(2,24).
nocross(3,2).
nocross(3,5).
nocross(3,8).
nocross(3,11).
nocross(3,12).
nocross(3,16).
nocross(3,18).
nocross(3,24).
nocross(4,1).
nocross(4,13).
nocross(4,17).
nocross(4,21).
nocross(4,25).
nocross(4,26).
nocross(5,3).
nocross(5,7).
nocross(5,9).
nocross(5,11).
nocross(5,16).
nocross(5,18).
nocross(6,5).
nocross(6,7).
nocross(6,9).
nocross(6,10).
nocross(6,15).
nocross(6,23).
nocross(7,5).
nocross(7,6).
nocross(7,9).
nocross(7,11).
nocross(7,14).
nocross(7,15).
nocross(7,16).
nocross(7,18).
nocross(7,23).
nocross(7,24).
nocross(8,2).
nocross(8,3).
nocross(8,5).
nocross(8,11).
nocross(8,12).
nocross(8,14).
nocross(8,16).
nocross(8,18).
nocross(8,24).
nocross(9,5).
nocross(9,6).
nocross(9,7).
nocross(9,11).
nocross(9,16).
nocross(9,18).
nocross(9,23).
nocross(10,6).
nocross(10,20).
nocross(10,23).
nocross(11,2).
nocross(11,3).
nocross(11,5).
nocross(11,7).
nocross(11,8).
nocross(11,9).
nocross(11,14).
nocross(11,16).
nocross(11,18).
nocross(11,24).
nocross(12,2).
nocross(12,3).
nocross(12,8).
nocross(12,18).
nocross(12,22).
nocross(12,24).
nocross(12,27).
nocross(13,4).
nocross(13,12).
nocross(13,17).
nocross(13,24).
nocross(13,25).
nocross(13,26).
nocross(13,27).
nocross(14,2).
nocross(14,3).
nocross(14,5).
nocross(14,6).
nocross(14,7).
nocross(14,8).
nocross(14,9).
nocross(14,11).
nocross(14,12).
nocross(14,13).
nocross(14,16).
nocross(14,18).
nocross(14,23).
nocross(14,24).
nocross(14,26).
nocross(14,27).
nocross(15,5).
nocross(15,6).
nocross(15,7).
nocross(15,9).
nocross(15,10).
nocross(15,13).
nocross(15,20).
nocross(15,23).
nocross(15,25).
nocross(15,26).
nocross(16,2).
nocross(16,3).
nocross(16,5).
nocross(16,9).
nocross(16,11).
nocross(16,18).
nocross(17,4).
nocross(17,12).
nocross(17,13).
nocross(17,19).
nocross(17,22).
nocross(17,24).
nocross(17,26).
nocross(17,27).
nocross(18,2).
nocross(18,3).
nocross(18,5).
nocross(18,8).
nocross(18,9).
nocross(18,11).
nocross(18,12).
nocross(18,16).
nocross(18,24).
nocross(19,12).
nocross(19,13).
nocross(19,17).
nocross(19,22).
nocross(19,27).
nocross(20,1).
nocross(20,4).
nocross(20,6).
nocross(20,10).
nocross(20,13).
nocross(20,15).
nocross(20,23).
nocross(20,25).
nocross(20,26).
nocross(21,1).
nocross(21,4).
nocross(21,25).
nocross(22,2).
nocross(22,12).
nocross(22,13).
nocross(22,17).
nocross(22,19).
nocross(22,24).
nocross(22,27).
nocross(23,5).
nocross(23,6).
nocross(23,7).
nocross(23,9).
nocross(23,10).
nocross(23,15).
nocross(24,2).
nocross(24,3).
nocross(24,8).
nocross(24,11).
nocross(24,12).
nocross(24,14).
nocross(24,18).
nocross(24,22).
nocross(24,27).
nocross(25,1).
nocross(25,4).
nocross(25,13).
nocross(25,20).
nocross(25,21).
nocross(25,26).
nocross(26,4).
nocross(26,13).
nocross(26,15).
nocross(26,17).
nocross(26,20).
nocross(26,25).
nocross(26,27).
nocross(27,12).
nocross(27,13).
nocross(27,17).
nocross(27,22).
nocross(27,24).
nocross(27,26).
