dimension(23).
point(1, 19.147288256, 72.8548859912).
point(2, 67.1106494001, 64.2794627522).
point(3, 84.3143464584, 35.5842460638).
point(4, 55.5823377323, 31.8262775866).
point(5, 87.2703172191, 31.2910935705).
point(6, 45.3054720381, 72.6424444591).
point(7, 82.7706536681, 6.6045848294).
point(8, 37.5237926656, 80.6506553798).
point(9, 53.8230717423, 13.2261150958).
point(10, 35.1426103566, 91.8429114297).
point(11, 83.6359359193, 58.7217453776).
point(12, 8.835790892, 85.204294686).
point(13, 53.9784956621, 9.0486176553).
point(14, 84.9396285888, 54.8931682529).
point(15, 78.4204013752, 29.1112008337).
point(16, 52.4915733196, 84.0311933115).
point(17, 21.2528500403, 67.7981473182).
point(18, 67.8818495648, 8.4923134657).
point(19, 82.6791669374, 77.2573950842).
point(20, 57.8424238238, 33.2985608463).
point(21, 40.8117725929, 40.2291572376).
point(22, 25.220477155, 64.4311846408).
point(23, 61.3797568788, 18.9936858553).
cost(1, 2, 49).
cost(1, 3, 75).
cost(1, 4, 55).
cost(1, 5, 80).
cost(1, 6, 26).
cost(1, 7, 92).
cost(1, 8, 20).
cost(1, 9, 69).
cost(1, 10, 25).
cost(1, 11, 66).
cost(1, 12, 16).
cost(1, 13, 73).
cost(1, 14, 68).
cost(1, 15, 74).
cost(1, 16, 35).
cost(1, 17, 5).
cost(1, 18, 81).
cost(1, 19, 64).
cost(1, 20, 55).
cost(1, 21, 39).
cost(1, 22, 10).
cost(1, 23, 68).
cost(2, 1, 49).
cost(2, 3, 33).
cost(2, 4, 34).
cost(2, 5, 39).
cost(2, 6, 23).
cost(2, 7, 60).
cost(2, 8, 34).
cost(2, 9, 53).
cost(2, 10, 42).
cost(2, 11, 17).
cost(2, 12, 62).
cost(2, 13, 57).
cost(2, 14, 20).
cost(2, 15, 37).
cost(2, 16, 25).
cost(2, 17, 46).
cost(2, 18, 56).
cost(2, 19, 20).
cost(2, 20, 32).
cost(2, 21, 36).
cost(2, 22, 42).
cost(2, 23, 46).
cost(3, 1, 75).
cost(3, 2, 33).
cost(3, 4, 29).
cost(3, 5, 5).
cost(3, 6, 54).
cost(3, 7, 29).
cost(3, 8, 65).
cost(3, 9, 38).
cost(3, 10, 75).
cost(3, 11, 23).
cost(3, 12, 90).
cost(3, 13, 40).
cost(3, 14, 19).
cost(3, 15, 9).
cost(3, 16, 58).
cost(3, 17, 71).
cost(3, 18, 32).
cost(3, 19, 42).
cost(3, 20, 27).
cost(3, 21, 44).
cost(3, 22, 66).
cost(3, 23, 28).
cost(4, 1, 55).
cost(4, 2, 34).
cost(4, 3, 29).
cost(4, 5, 32).
cost(4, 6, 42).
cost(4, 7, 37).
cost(4, 8, 52).
cost(4, 9, 19).
cost(4, 10, 63).
cost(4, 11, 39).
cost(4, 12, 71).
cost(4, 13, 23).
cost(4, 14, 37).
cost(4, 15, 23).
cost(4, 16, 52).
cost(4, 17, 50).
cost(4, 18, 26).
cost(4, 19, 53).
cost(4, 20, 3).
cost(4, 21, 17).
cost(4, 22, 45).
cost(4, 23, 14).
cost(5, 1, 80).
cost(5, 2, 39).
cost(5, 3, 5).
cost(5, 4, 32).
cost(5, 6, 59).
cost(5, 7, 25).
cost(5, 8, 70).
cost(5, 9, 38).
cost(5, 10, 80).
cost(5, 11, 28).
cost(5, 12, 95).
cost(5, 13, 40).
cost(5, 14, 24).
cost(5, 15, 9).
cost(5, 16, 63).
cost(5, 17, 75).
cost(5, 18, 30).
cost(5, 19, 46).
cost(5, 20, 29).
cost(5, 21, 47).
cost(5, 22, 70).
cost(5, 23, 29).
cost(6, 1, 26).
cost(6, 2, 23).
cost(6, 3, 54).
cost(6, 4, 42).
cost(6, 5, 59).
cost(6, 7, 76).
cost(6, 8, 11).
cost(6, 9, 60).
cost(6, 10, 22).
cost(6, 11, 41).
cost(6, 12, 39).
cost(6, 13, 64).
cost(6, 14, 43).
cost(6, 15, 55).
cost(6, 16, 13).
cost(6, 17, 25).
cost(6, 18, 68).
cost(6, 19, 38).
cost(6, 20, 41).
cost(6, 21, 33).
cost(6, 22, 22).
cost(6, 23, 56).
cost(7, 1, 92).
cost(7, 2, 60).
cost(7, 3, 29).
cost(7, 4, 37).
cost(7, 5, 25).
cost(7, 6, 76).
cost(7, 8, 87).
cost(7, 9, 30).
cost(7, 10, 98).
cost(7, 11, 52).
cost(7, 12, 108).
cost(7, 13, 29).
cost(7, 14, 48).
cost(7, 15, 23).
cost(7, 16, 83).
cost(7, 17, 87).
cost(7, 18, 15).
cost(7, 19, 71).
cost(7, 20, 37).
cost(7, 21, 54).
cost(7, 22, 82).
cost(7, 23, 25).
cost(8, 1, 20).
cost(8, 2, 34).
cost(8, 3, 65).
cost(8, 4, 52).
cost(8, 5, 70).
cost(8, 6, 11).
cost(8, 7, 87).
cost(8, 9, 69).
cost(8, 10, 11).
cost(8, 11, 51).
cost(8, 12, 29).
cost(8, 13, 73).
cost(8, 14, 54).
cost(8, 15, 66).
cost(8, 16, 15).
cost(8, 17, 21).
cost(8, 18, 78).
cost(8, 19, 45).
cost(8, 20, 52).
cost(8, 21, 41).
cost(8, 22, 20).
cost(8, 23, 66).
cost(9, 1, 69).
cost(9, 2, 53).
cost(9, 3, 38).
cost(9, 4, 19).
cost(9, 5, 38).
cost(9, 6, 60).
cost(9, 7, 30).
cost(9, 8, 69).
cost(9, 10, 81).
cost(9, 11, 54).
cost(9, 12, 85).
cost(9, 13, 4).
cost(9, 14, 52).
cost(9, 15, 29).
cost(9, 16, 71).
cost(9, 17, 64).
cost(9, 18, 15).
cost(9, 19, 70).
cost(9, 20, 20).
cost(9, 21, 30).
cost(9, 22, 59).
cost(9, 23, 10).
cost(10, 1, 25).
cost(10, 2, 42).
cost(10, 3, 75).
cost(10, 4, 63).
cost(10, 5, 80).
cost(10, 6, 22).
cost(10, 7, 98).
cost(10, 8, 11).
cost(10, 9, 81).
cost(10, 11, 59).
cost(10, 12, 27).
cost(10, 13, 85).
cost(10, 14, 62).
cost(10, 15, 76).
cost(10, 16, 19).
cost(10, 17, 28).
cost(10, 18, 90).
cost(10, 19, 50).
cost(10, 20, 63).
cost(10, 21, 52).
cost(10, 22, 29).
cost(10, 23, 77).
cost(11, 1, 66).
cost(11, 2, 17).
cost(11, 3, 23).
cost(11, 4, 39).
cost(11, 5, 28).
cost(11, 6, 41).
cost(11, 7, 52).
cost(11, 8, 51).
cost(11, 9, 54).
cost(11, 10, 59).
cost(11, 12, 79).
cost(11, 13, 58).
cost(11, 14, 4).
cost(11, 15, 30).
cost(11, 16, 40).
cost(11, 17, 63).
cost(11, 18, 53).
cost(11, 19, 19).
cost(11, 20, 36).
cost(11, 21, 47).
cost(11, 22, 59).
cost(11, 23, 46).
cost(12, 1, 16).
cost(12, 2, 62).
cost(12, 3, 90).
cost(12, 4, 71).
cost(12, 5, 95).
cost(12, 6, 39).
cost(12, 7, 108).
cost(12, 8, 29).
cost(12, 9, 85).
cost(12, 10, 27).
cost(12, 11, 79).
cost(12, 13, 89).
cost(12, 14, 82).
cost(12, 15, 89).
cost(12, 16, 44).
cost(12, 17, 21).
cost(12, 18, 97).
cost(12, 19, 74).
cost(12, 20, 71).
cost(12, 21, 55).
cost(12, 22, 26).
cost(12, 23, 85).
cost(13, 1, 73).
cost(13, 2, 57).
cost(13, 3, 40).
cost(13, 4, 23).
cost(13, 5, 40).
cost(13, 6, 64).
cost(13, 7, 29).
cost(13, 8, 73).
cost(13, 9, 4).
cost(13, 10, 85).
cost(13, 11, 58).
cost(13, 12, 89).
cost(13, 14, 55).
cost(13, 15, 32).
cost(13, 16, 75).
cost(13, 17, 67).
cost(13, 18, 14).
cost(13, 19, 74).
cost(13, 20, 25).
cost(13, 21, 34).
cost(13, 22, 62).
cost(13, 23, 12).
cost(14, 1, 68).
cost(14, 2, 20).
cost(14, 3, 19).
cost(14, 4, 37).
cost(14, 5, 24).
cost(14, 6, 43).
cost(14, 7, 48).
cost(14, 8, 54).
cost(14, 9, 52).
cost(14, 10, 62).
cost(14, 11, 4).
cost(14, 12, 82).
cost(14, 13, 55).
cost(14, 15, 27).
cost(14, 16, 44).
cost(14, 17, 65).
cost(14, 18, 49).
cost(14, 19, 22).
cost(14, 20, 35).
cost(14, 21, 47).
cost(14, 22, 60).
cost(14, 23, 43).
cost(15, 1, 74).
cost(15, 2, 37).
cost(15, 3, 9).
cost(15, 4, 23).
cost(15, 5, 9).
cost(15, 6, 55).
cost(15, 7, 23).
cost(15, 8, 66).
cost(15, 9, 29).
cost(15, 10, 76).
cost(15, 11, 30).
cost(15, 12, 89).
cost(15, 13, 32).
cost(15, 14, 27).
cost(15, 16, 61).
cost(15, 17, 69).
cost(15, 18, 23).
cost(15, 19, 48).
cost(15, 20, 21).
cost(15, 21, 39).
cost(15, 22, 64).
cost(15, 23, 20).
cost(16, 1, 35).
cost(16, 2, 25).
cost(16, 3, 58).
cost(16, 4, 52).
cost(16, 5, 63).
cost(16, 6, 13).
cost(16, 7, 83).
cost(16, 8, 15).
cost(16, 9, 71).
cost(16, 10, 19).
cost(16, 11, 40).
cost(16, 12, 44).
cost(16, 13, 75).
cost(16, 14, 44).
cost(16, 15, 61).
cost(16, 17, 35).
cost(16, 18, 77).
cost(16, 19, 31).
cost(16, 20, 51).
cost(16, 21, 45).
cost(16, 22, 34).
cost(16, 23, 66).
cost(17, 1, 5).
cost(17, 2, 46).
cost(17, 3, 71).
cost(17, 4, 50).
cost(17, 5, 75).
cost(17, 6, 25).
cost(17, 7, 87).
cost(17, 8, 21).
cost(17, 9, 64).
cost(17, 10, 28).
cost(17, 11, 63).
cost(17, 12, 21).
cost(17, 13, 67).
cost(17, 14, 65).
cost(17, 15, 69).
cost(17, 16, 35).
cost(17, 18, 75).
cost(17, 19, 62).
cost(17, 20, 50).
cost(17, 21, 34).
cost(17, 22, 5).
cost(17, 23, 63).
cost(18, 1, 81).
cost(18, 2, 56).
cost(18, 3, 32).
cost(18, 4, 26).
cost(18, 5, 30).
cost(18, 6, 68).
cost(18, 7, 15).
cost(18, 8, 78).
cost(18, 9, 15).
cost(18, 10, 90).
cost(18, 11, 53).
cost(18, 12, 97).
cost(18, 13, 14).
cost(18, 14, 49).
cost(18, 15, 23).
cost(18, 16, 77).
cost(18, 17, 75).
cost(18, 19, 70).
cost(18, 20, 27).
cost(18, 21, 42).
cost(18, 22, 70).
cost(18, 23, 12).
cost(19, 1, 64).
cost(19, 2, 20).
cost(19, 3, 42).
cost(19, 4, 53).
cost(19, 5, 46).
cost(19, 6, 38).
cost(19, 7, 71).
cost(19, 8, 45).
cost(19, 9, 70).
cost(19, 10, 50).
cost(19, 11, 19).
cost(19, 12, 74).
cost(19, 13, 74).
cost(19, 14, 22).
cost(19, 15, 48).
cost(19, 16, 31).
cost(19, 17, 62).
cost(19, 18, 70).
cost(19, 20, 50).
cost(19, 21, 56).
cost(19, 22, 59).
cost(19, 23, 62).
cost(20, 1, 55).
cost(20, 2, 32).
cost(20, 3, 27).
cost(20, 4, 3).
cost(20, 5, 29).
cost(20, 6, 41).
cost(20, 7, 37).
cost(20, 8, 52).
cost(20, 9, 20).
cost(20, 10, 63).
cost(20, 11, 36).
cost(20, 12, 71).
cost(20, 13, 25).
cost(20, 14, 35).
cost(20, 15, 21).
cost(20, 16, 51).
cost(20, 17, 50).
cost(20, 18, 27).
cost(20, 19, 50).
cost(20, 21, 18).
cost(20, 22, 45).
cost(20, 23, 15).
cost(21, 1, 39).
cost(21, 2, 36).
cost(21, 3, 44).
cost(21, 4, 17).
cost(21, 5, 47).
cost(21, 6, 33).
cost(21, 7, 54).
cost(21, 8, 41).
cost(21, 9, 30).
cost(21, 10, 52).
cost(21, 11, 47).
cost(21, 12, 55).
cost(21, 13, 34).
cost(21, 14, 47).
cost(21, 15, 39).
cost(21, 16, 45).
cost(21, 17, 34).
cost(21, 18, 42).
cost(21, 19, 56).
cost(21, 20, 18).
cost(21, 22, 29).
cost(21, 23, 30).
cost(22, 1, 10).
cost(22, 2, 42).
cost(22, 3, 66).
cost(22, 4, 45).
cost(22, 5, 70).
cost(22, 6, 22).
cost(22, 7, 82).
cost(22, 8, 20).
cost(22, 9, 59).
cost(22, 10, 29).
cost(22, 11, 59).
cost(22, 12, 26).
cost(22, 13, 62).
cost(22, 14, 60).
cost(22, 15, 64).
cost(22, 16, 34).
cost(22, 17, 5).
cost(22, 18, 70).
cost(22, 19, 59).
cost(22, 20, 45).
cost(22, 21, 29).
cost(22, 23, 58).
cost(23, 1, 68).
cost(23, 2, 46).
cost(23, 3, 28).
cost(23, 4, 14).
cost(23, 5, 29).
cost(23, 6, 56).
cost(23, 7, 25).
cost(23, 8, 66).
cost(23, 9, 10).
cost(23, 10, 77).
cost(23, 11, 46).
cost(23, 12, 85).
cost(23, 13, 12).
cost(23, 14, 43).
cost(23, 15, 20).
cost(23, 16, 66).
cost(23, 17, 63).
cost(23, 18, 12).
cost(23, 19, 62).
cost(23, 20, 15).
cost(23, 21, 30).
cost(23, 22, 58).
nocross(1,6).
nocross(1,8).
nocross(1,10).
nocross(1,12).
nocross(1,17).
nocross(1,22).
nocross(2,3).
nocross(2,4).
nocross(2,6).
nocross(2,11).
nocross(2,14).
nocross(2,16).
nocross(2,19).
nocross(2,20).
nocross(3,4).
nocross(3,5).
nocross(3,7).
nocross(3,11).
nocross(3,14).
nocross(3,15).
nocross(3,18).
nocross(3,20).
nocross(3,23).
nocross(4,3).
nocross(4,5).
nocross(4,9).
nocross(4,13).
nocross(4,15).
nocross(4,18).
nocross(4,20).
nocross(4,21).
nocross(4,23).
nocross(5,3).
nocross(5,4).
nocross(5,7).
nocross(5,11).
nocross(5,14).
nocross(5,15).
nocross(5,18).
nocross(5,20).
nocross(5,23).
nocross(6,1).
nocross(6,2).
nocross(6,8).
nocross(6,10).
nocross(6,16).
nocross(6,17).
nocross(6,21).
nocross(6,22).
nocross(7,3).
nocross(7,5).
nocross(7,13).
nocross(7,15).
nocross(7,18).
nocross(7,20).
nocross(7,23).
nocross(8,1).
nocross(8,6).
nocross(8,10).
nocross(8,12).
nocross(8,16).
nocross(8,17).
nocross(8,22).
nocross(9,4).
nocross(9,13).
nocross(9,15).
nocross(9,18).
nocross(9,20).
nocross(9,21).
nocross(9,23).
nocross(10,1).
nocross(10,6).
nocross(10,8).
nocross(10,12).
nocross(10,16).
nocross(10,17).
nocross(10,22).
nocross(11,2).
nocross(11,3).
nocross(11,5).
nocross(11,14).
nocross(11,15).
nocross(11,19).
nocross(11,20).
nocross(12,1).
nocross(12,8).
nocross(12,10).
nocross(12,17).
nocross(12,22).
nocross(13,4).
nocross(13,7).
nocross(13,9).
nocross(13,15).
nocross(13,18).
nocross(13,20).
nocross(13,23).
nocross(14,2).
nocross(14,3).
nocross(14,4).
nocross(14,5).
nocross(14,11).
nocross(14,15).
nocross(14,19).
nocross(14,20).
nocross(15,3).
nocross(15,4).
nocross(15,5).
nocross(15,7).
nocross(15,9).
nocross(15,11).
nocross(15,13).
nocross(15,14).
nocross(15,18).
nocross(15,20).
nocross(15,23).
nocross(16,2).
nocross(16,6).
nocross(16,8).
nocross(16,10).
nocross(16,11).
nocross(16,14).
nocross(16,19).
nocross(16,22).
nocross(17,1).
nocross(17,6).
nocross(17,8).
nocross(17,10).
nocross(17,12).
nocross(17,21).
nocross(17,22).
nocross(18,3).
nocross(18,4).
nocross(18,5).
nocross(18,7).
nocross(18,9).
nocross(18,13).
nocross(18,15).
nocross(18,20).
nocross(18,23).
nocross(19,2).
nocross(19,5).
nocross(19,6).
nocross(19,10).
nocross(19,11).
nocross(19,14).
nocross(19,16).
nocross(20,3).
nocross(20,4).
nocross(20,5).
nocross(20,9).
nocross(20,11).
nocross(20,13).
nocross(20,14).
nocross(20,15).
nocross(20,18).
nocross(20,21).
nocross(20,22).
nocross(20,23).
nocross(21,1).
nocross(21,2).
nocross(21,4).
nocross(21,6).
nocross(21,9).
nocross(21,13).
nocross(21,17).
nocross(21,20).
nocross(21,22).
nocross(21,23).
nocross(22,1).
nocross(22,6).
nocross(22,8).
nocross(22,10).
nocross(22,12).
nocross(22,17).
nocross(22,20).
nocross(22,21).
nocross(23,3).
nocross(23,4).
nocross(23,5).
nocross(23,7).
nocross(23,9).
nocross(23,13).
nocross(23,15).
nocross(23,18).
nocross(23,20).
nocross(23,21).
