dimension(23).
point(1, 62.059007122, 21.4000893987).
point(2, 95.9993763724, 66.0123528372).
point(3, 19.5461976162, 28.8270645302).
point(4, 22.8128270014, 35.2469316005).
point(5, 56.7285979266, 89.8603223603).
point(6, 94.3163787005, 36.3529846589).
point(7, 90.3563831202, 48.6914509342).
point(8, 71.8028237148, 53.326197867).
point(9, 30.1574943643, 13.4394600895).
point(10, 13.2347562633, 94.3578808061).
point(11, 53.7354756246, 73.2766225239).
point(12, 79.3500957585, 13.7058874148).
point(13, 16.4899033093, 92.1189172716).
point(14, 20.2296625846, 39.9225955003).
point(15, 73.7992456318, 3.3965938187).
point(16, 25.5534893292, 94.3208455121).
point(17, 46.0983738273, 75.7907641748).
point(18, 55.9482837965, 69.9693665741).
point(19, 16.8204656154, 76.6379198006).
point(20, 69.5335735751, 4.5474292499).
point(21, 70.3209735985, 82.7654452436).
point(22, 55.1286149137, 93.5941439412).
point(23, 16.1116352759, 83.5340116371).
cost(1, 2, 56).
cost(1, 3, 43).
cost(1, 4, 42).
cost(1, 5, 69).
cost(1, 6, 36).
cost(1, 7, 39).
cost(1, 8, 33).
cost(1, 9, 33).
cost(1, 10, 88).
cost(1, 11, 53).
cost(1, 12, 19).
cost(1, 13, 84).
cost(1, 14, 46).
cost(1, 15, 21).
cost(1, 16, 82).
cost(1, 17, 57).
cost(1, 18, 49).
cost(1, 19, 71).
cost(1, 20, 18).
cost(1, 21, 62).
cost(1, 22, 73).
cost(1, 23, 77).
cost(2, 1, 56).
cost(2, 3, 85).
cost(2, 4, 79).
cost(2, 5, 46).
cost(2, 6, 30).
cost(2, 7, 18).
cost(2, 8, 27).
cost(2, 9, 84).
cost(2, 10, 87).
cost(2, 11, 43).
cost(2, 12, 55).
cost(2, 13, 84).
cost(2, 14, 80).
cost(2, 15, 66).
cost(2, 16, 76).
cost(2, 17, 51).
cost(2, 18, 40).
cost(2, 19, 80).
cost(2, 20, 67).
cost(2, 21, 31).
cost(2, 22, 49).
cost(2, 23, 82).
cost(3, 1, 43).
cost(3, 2, 85).
cost(3, 4, 7).
cost(3, 5, 71).
cost(3, 6, 75).
cost(3, 7, 74).
cost(3, 8, 58).
cost(3, 9, 19).
cost(3, 10, 66).
cost(3, 11, 56).
cost(3, 12, 62).
cost(3, 13, 63).
cost(3, 14, 11).
cost(3, 15, 60).
cost(3, 16, 66).
cost(3, 17, 54).
cost(3, 18, 55).
cost(3, 19, 48).
cost(3, 20, 56).
cost(3, 21, 74).
cost(3, 22, 74).
cost(3, 23, 55).
cost(4, 1, 42).
cost(4, 2, 79).
cost(4, 3, 7).
cost(4, 5, 64).
cost(4, 6, 72).
cost(4, 7, 69).
cost(4, 8, 52).
cost(4, 9, 23).
cost(4, 10, 60).
cost(4, 11, 49).
cost(4, 12, 61).
cost(4, 13, 57).
cost(4, 14, 5).
cost(4, 15, 60).
cost(4, 16, 59).
cost(4, 17, 47).
cost(4, 18, 48).
cost(4, 19, 42).
cost(4, 20, 56).
cost(4, 21, 67).
cost(4, 22, 67).
cost(4, 23, 49).
cost(5, 1, 69).
cost(5, 2, 46).
cost(5, 3, 71).
cost(5, 4, 64).
cost(5, 6, 65).
cost(5, 7, 53).
cost(5, 8, 40).
cost(5, 9, 81).
cost(5, 10, 44).
cost(5, 11, 17).
cost(5, 12, 79).
cost(5, 13, 40).
cost(5, 14, 62).
cost(5, 15, 88).
cost(5, 16, 31).
cost(5, 17, 18).
cost(5, 18, 20).
cost(5, 19, 42).
cost(5, 20, 86).
cost(5, 21, 15).
cost(5, 22, 4).
cost(5, 23, 41).
cost(6, 1, 36).
cost(6, 2, 30).
cost(6, 3, 75).
cost(6, 4, 72).
cost(6, 5, 65).
cost(6, 7, 13).
cost(6, 8, 28).
cost(6, 9, 68).
cost(6, 10, 100).
cost(6, 11, 55).
cost(6, 12, 27).
cost(6, 13, 96).
cost(6, 14, 74).
cost(6, 15, 39).
cost(6, 16, 90).
cost(6, 17, 62).
cost(6, 18, 51).
cost(6, 19, 87).
cost(6, 20, 40).
cost(6, 21, 52).
cost(6, 22, 69).
cost(6, 23, 91).
cost(7, 1, 39).
cost(7, 2, 18).
cost(7, 3, 74).
cost(7, 4, 69).
cost(7, 5, 53).
cost(7, 6, 13).
cost(7, 8, 19).
cost(7, 9, 70).
cost(7, 10, 90).
cost(7, 11, 44).
cost(7, 12, 37).
cost(7, 13, 86).
cost(7, 14, 71).
cost(7, 15, 48).
cost(7, 16, 79).
cost(7, 17, 52).
cost(7, 18, 40).
cost(7, 19, 79).
cost(7, 20, 49).
cost(7, 21, 40).
cost(7, 22, 57).
cost(7, 23, 82).
cost(8, 1, 33).
cost(8, 2, 27).
cost(8, 3, 58).
cost(8, 4, 52).
cost(8, 5, 40).
cost(8, 6, 28).
cost(8, 7, 19).
cost(8, 9, 58).
cost(8, 10, 72).
cost(8, 11, 27).
cost(8, 12, 40).
cost(8, 13, 68).
cost(8, 14, 53).
cost(8, 15, 50).
cost(8, 16, 62).
cost(8, 17, 34).
cost(8, 18, 23).
cost(8, 19, 60).
cost(8, 20, 49).
cost(8, 21, 29).
cost(8, 22, 44).
cost(8, 23, 63).
cost(9, 1, 33).
cost(9, 2, 84).
cost(9, 3, 19).
cost(9, 4, 23).
cost(9, 5, 81).
cost(9, 6, 68).
cost(9, 7, 70).
cost(9, 8, 58).
cost(9, 10, 83).
cost(9, 11, 64).
cost(9, 12, 49).
cost(9, 13, 80).
cost(9, 14, 28).
cost(9, 15, 45).
cost(9, 16, 81).
cost(9, 17, 64).
cost(9, 18, 62).
cost(9, 19, 65).
cost(9, 20, 40).
cost(9, 21, 80).
cost(9, 22, 84).
cost(9, 23, 71).
cost(10, 1, 88).
cost(10, 2, 87).
cost(10, 3, 66).
cost(10, 4, 60).
cost(10, 5, 44).
cost(10, 6, 100).
cost(10, 7, 90).
cost(10, 8, 72).
cost(10, 9, 83).
cost(10, 11, 46).
cost(10, 12, 104).
cost(10, 13, 4).
cost(10, 14, 55).
cost(10, 15, 109).
cost(10, 16, 12).
cost(10, 17, 38).
cost(10, 18, 49).
cost(10, 19, 18).
cost(10, 20, 106).
cost(10, 21, 58).
cost(10, 22, 42).
cost(10, 23, 11).
cost(11, 1, 53).
cost(11, 2, 43).
cost(11, 3, 56).
cost(11, 4, 49).
cost(11, 5, 17).
cost(11, 6, 55).
cost(11, 7, 44).
cost(11, 8, 27).
cost(11, 9, 64).
cost(11, 10, 46).
cost(11, 12, 65).
cost(11, 13, 42).
cost(11, 14, 47).
cost(11, 15, 73).
cost(11, 16, 35).
cost(11, 17, 8).
cost(11, 18, 4).
cost(11, 19, 37).
cost(11, 20, 71).
cost(11, 21, 19).
cost(11, 22, 20).
cost(11, 23, 39).
cost(12, 1, 19).
cost(12, 2, 55).
cost(12, 3, 62).
cost(12, 4, 61).
cost(12, 5, 79).
cost(12, 6, 27).
cost(12, 7, 37).
cost(12, 8, 40).
cost(12, 9, 49).
cost(12, 10, 104).
cost(12, 11, 65).
cost(12, 13, 100).
cost(12, 14, 65).
cost(12, 15, 12).
cost(12, 16, 97).
cost(12, 17, 70).
cost(12, 18, 61).
cost(12, 19, 89).
cost(12, 20, 13).
cost(12, 21, 70).
cost(12, 22, 83).
cost(12, 23, 94).
cost(13, 1, 84).
cost(13, 2, 84).
cost(13, 3, 63).
cost(13, 4, 57).
cost(13, 5, 40).
cost(13, 6, 96).
cost(13, 7, 86).
cost(13, 8, 68).
cost(13, 9, 80).
cost(13, 10, 4).
cost(13, 11, 42).
cost(13, 12, 100).
cost(13, 14, 52).
cost(13, 15, 106).
cost(13, 16, 9).
cost(13, 17, 34).
cost(13, 18, 45).
cost(13, 19, 15).
cost(13, 20, 102).
cost(13, 21, 55).
cost(13, 22, 39).
cost(13, 23, 9).
cost(14, 1, 46).
cost(14, 2, 80).
cost(14, 3, 11).
cost(14, 4, 5).
cost(14, 5, 62).
cost(14, 6, 74).
cost(14, 7, 71).
cost(14, 8, 53).
cost(14, 9, 28).
cost(14, 10, 55).
cost(14, 11, 47).
cost(14, 12, 65).
cost(14, 13, 52).
cost(14, 15, 65).
cost(14, 16, 55).
cost(14, 17, 44).
cost(14, 18, 47).
cost(14, 19, 37).
cost(14, 20, 61).
cost(14, 21, 66).
cost(14, 22, 64).
cost(14, 23, 44).
cost(15, 1, 21).
cost(15, 2, 66).
cost(15, 3, 60).
cost(15, 4, 60).
cost(15, 5, 88).
cost(15, 6, 39).
cost(15, 7, 48).
cost(15, 8, 50).
cost(15, 9, 45).
cost(15, 10, 109).
cost(15, 11, 73).
cost(15, 12, 12).
cost(15, 13, 106).
cost(15, 14, 65).
cost(15, 16, 103).
cost(15, 17, 78).
cost(15, 18, 69).
cost(15, 19, 93).
cost(15, 20, 4).
cost(15, 21, 79).
cost(15, 22, 92).
cost(15, 23, 99).
cost(16, 1, 82).
cost(16, 2, 76).
cost(16, 3, 66).
cost(16, 4, 59).
cost(16, 5, 31).
cost(16, 6, 90).
cost(16, 7, 79).
cost(16, 8, 62).
cost(16, 9, 81).
cost(16, 10, 12).
cost(16, 11, 35).
cost(16, 12, 97).
cost(16, 13, 9).
cost(16, 14, 55).
cost(16, 15, 103).
cost(16, 17, 28).
cost(16, 18, 39).
cost(16, 19, 20).
cost(16, 20, 100).
cost(16, 21, 46).
cost(16, 22, 30).
cost(16, 23, 14).
cost(17, 1, 57).
cost(17, 2, 51).
cost(17, 3, 54).
cost(17, 4, 47).
cost(17, 5, 18).
cost(17, 6, 62).
cost(17, 7, 52).
cost(17, 8, 34).
cost(17, 9, 64).
cost(17, 10, 38).
cost(17, 11, 8).
cost(17, 12, 70).
cost(17, 13, 34).
cost(17, 14, 44).
cost(17, 15, 78).
cost(17, 16, 28).
cost(17, 18, 11).
cost(17, 19, 29).
cost(17, 20, 75).
cost(17, 21, 25).
cost(17, 22, 20).
cost(17, 23, 31).
cost(18, 1, 49).
cost(18, 2, 40).
cost(18, 3, 55).
cost(18, 4, 48).
cost(18, 5, 20).
cost(18, 6, 51).
cost(18, 7, 40).
cost(18, 8, 23).
cost(18, 9, 62).
cost(18, 10, 49).
cost(18, 11, 4).
cost(18, 12, 61).
cost(18, 13, 45).
cost(18, 14, 47).
cost(18, 15, 69).
cost(18, 16, 39).
cost(18, 17, 11).
cost(18, 19, 40).
cost(18, 20, 67).
cost(18, 21, 19).
cost(18, 22, 24).
cost(18, 23, 42).
cost(19, 1, 71).
cost(19, 2, 80).
cost(19, 3, 48).
cost(19, 4, 42).
cost(19, 5, 42).
cost(19, 6, 87).
cost(19, 7, 79).
cost(19, 8, 60).
cost(19, 9, 65).
cost(19, 10, 18).
cost(19, 11, 37).
cost(19, 12, 89).
cost(19, 13, 15).
cost(19, 14, 37).
cost(19, 15, 93).
cost(19, 16, 20).
cost(19, 17, 29).
cost(19, 18, 40).
cost(19, 20, 89).
cost(19, 21, 54).
cost(19, 22, 42).
cost(19, 23, 7).
cost(20, 1, 18).
cost(20, 2, 67).
cost(20, 3, 56).
cost(20, 4, 56).
cost(20, 5, 86).
cost(20, 6, 40).
cost(20, 7, 49).
cost(20, 8, 49).
cost(20, 9, 40).
cost(20, 10, 106).
cost(20, 11, 71).
cost(20, 12, 13).
cost(20, 13, 102).
cost(20, 14, 61).
cost(20, 15, 4).
cost(20, 16, 100).
cost(20, 17, 75).
cost(20, 18, 67).
cost(20, 19, 89).
cost(20, 21, 78).
cost(20, 22, 90).
cost(20, 23, 95).
cost(21, 1, 62).
cost(21, 2, 31).
cost(21, 3, 74).
cost(21, 4, 67).
cost(21, 5, 15).
cost(21, 6, 52).
cost(21, 7, 40).
cost(21, 8, 29).
cost(21, 9, 80).
cost(21, 10, 58).
cost(21, 11, 19).
cost(21, 12, 70).
cost(21, 13, 55).
cost(21, 14, 66).
cost(21, 15, 79).
cost(21, 16, 46).
cost(21, 17, 25).
cost(21, 18, 19).
cost(21, 19, 54).
cost(21, 20, 78).
cost(21, 22, 19).
cost(21, 23, 54).
cost(22, 1, 73).
cost(22, 2, 49).
cost(22, 3, 74).
cost(22, 4, 67).
cost(22, 5, 4).
cost(22, 6, 69).
cost(22, 7, 57).
cost(22, 8, 44).
cost(22, 9, 84).
cost(22, 10, 42).
cost(22, 11, 20).
cost(22, 12, 83).
cost(22, 13, 39).
cost(22, 14, 64).
cost(22, 15, 92).
cost(22, 16, 30).
cost(22, 17, 20).
cost(22, 18, 24).
cost(22, 19, 42).
cost(22, 20, 90).
cost(22, 21, 19).
cost(22, 23, 40).
cost(23, 1, 77).
cost(23, 2, 82).
cost(23, 3, 55).
cost(23, 4, 49).
cost(23, 5, 41).
cost(23, 6, 91).
cost(23, 7, 82).
cost(23, 8, 63).
cost(23, 9, 71).
cost(23, 10, 11).
cost(23, 11, 39).
cost(23, 12, 94).
cost(23, 13, 9).
cost(23, 14, 44).
cost(23, 15, 99).
cost(23, 16, 14).
cost(23, 17, 31).
cost(23, 18, 42).
cost(23, 19, 7).
cost(23, 20, 95).
cost(23, 21, 54).
cost(23, 22, 40).
nocross(1,3).
nocross(1,4).
nocross(1,6).
nocross(1,7).
nocross(1,8).
nocross(1,9).
nocross(1,11).
nocross(1,12).
nocross(1,14).
nocross(1,15).
nocross(1,18).
nocross(1,20).
nocross(2,5).
nocross(2,6).
nocross(2,7).
nocross(2,8).
nocross(2,11).
nocross(2,18).
nocross(2,21).
nocross(2,22).
nocross(3,4).
nocross(3,9).
nocross(3,10).
nocross(3,14).
nocross(3,19).
nocross(4,3).
nocross(4,9).
nocross(4,14).
nocross(4,19).
nocross(4,23).
nocross(5,8).
nocross(5,11).
nocross(5,13).
nocross(5,16).
nocross(5,17).
nocross(5,18).
nocross(5,21).
nocross(5,22).
nocross(5,23).
nocross(6,1).
nocross(6,2).
nocross(6,7).
nocross(6,8).
nocross(6,12).
nocross(6,15).
nocross(6,18).
nocross(6,20).
nocross(7,1).
nocross(7,2).
nocross(7,6).
nocross(7,8).
nocross(7,12).
nocross(7,15).
nocross(7,18).
nocross(7,21).
nocross(8,1).
nocross(8,2).
nocross(8,5).
nocross(8,6).
nocross(8,7).
nocross(8,11).
nocross(8,12).
nocross(8,15).
nocross(8,17).
nocross(8,18).
nocross(8,20).
nocross(8,21).
nocross(9,1).
nocross(9,3).
nocross(9,4).
nocross(9,14).
nocross(9,15).
nocross(9,20).
nocross(10,13).
nocross(10,16).
nocross(10,17).
nocross(10,19).
nocross(10,22).
nocross(10,23).
nocross(11,2).
nocross(11,5).
nocross(11,7).
nocross(11,8).
nocross(11,16).
nocross(11,17).
nocross(11,18).
nocross(11,19).
nocross(11,21).
nocross(11,22).
nocross(11,23).
nocross(12,1).
nocross(12,6).
nocross(12,7).
nocross(12,8).
nocross(12,15).
nocross(12,20).
nocross(13,5).
nocross(13,10).
nocross(13,11).
nocross(13,16).
nocross(13,17).
nocross(13,19).
nocross(13,23).
nocross(14,3).
nocross(14,4).
nocross(14,9).
nocross(14,10).
nocross(14,17).
nocross(14,19).
nocross(14,23).
nocross(15,1).
nocross(15,6).
nocross(15,9).
nocross(15,12).
nocross(15,20).
nocross(16,5).
nocross(16,10).
nocross(16,11).
nocross(16,13).
nocross(16,17).
nocross(16,19).
nocross(16,22).
nocross(16,23).
nocross(17,4).
nocross(17,5).
nocross(17,8).
nocross(17,11).
nocross(17,13).
nocross(17,14).
nocross(17,16).
nocross(17,18).
nocross(17,19).
nocross(17,21).
nocross(17,22).
nocross(17,23).
nocross(18,5).
nocross(18,7).
nocross(18,8).
nocross(18,11).
nocross(18,17).
nocross(18,19).
nocross(18,21).
nocross(18,22).
nocross(19,3).
nocross(19,4).
nocross(19,10).
nocross(19,11).
nocross(19,13).
nocross(19,14).
nocross(19,16).
nocross(19,17).
nocross(19,18).
nocross(19,23).
nocross(20,1).
nocross(20,6).
nocross(20,9).
nocross(20,12).
nocross(20,15).
nocross(21,2).
nocross(21,5).
nocross(21,7).
nocross(21,8).
nocross(21,11).
nocross(21,17).
nocross(21,18).
nocross(21,22).
nocross(22,5).
nocross(22,10).
nocross(22,11).
nocross(22,13).
nocross(22,16).
nocross(22,17).
nocross(22,18).
nocross(22,19).
nocross(22,21).
nocross(22,23).
nocross(23,3).
nocross(23,4).
nocross(23,5).
nocross(23,10).
nocross(23,11).
nocross(23,13).
nocross(23,14).
nocross(23,16).
nocross(23,17).
nocross(23,19).
nocross(23,22).
