dimension(23).
point(1, 21.0454476284, 20.0825345039).
point(2, 59.5035772479, 49.3619847504).
point(3, 49.5733710481, 58.0937316496).
point(4, 20.495605551, 21.4897475706).
point(5, 94.1625344036, 30.3319938538).
point(6, 78.3399241971, 96.0124690988).
point(7, 11.9323605295, 33.6081065143).
point(8, 86.2272606901, 8.8309021904).
point(9, 39.9067061022, 19.856086836).
point(10, 51.0953690811, 76.7614229148).
point(11, 55.3224330922, 86.9410046207).
point(12, 18.3610161407, 53.4625392626).
point(13, 61.0795503911, 64.7549548652).
point(14, 11.1885788816, 75.2789065093).
point(15, 36.5925914989, 29.1037308792).
point(16, 73.1581270531, 73.5897568068).
point(17, 94.4803893365, 14.9896646891).
point(18, 12.5860076683, 81.5148655709).
point(19, 27.9841714607, 41.7803056494).
point(20, 5.4370673784, 32.6379893811).
point(21, 76.0884837661, 15.7175483545).
point(22, 28.646139644, 77.1398746045).
point(23, 75.0539777426, 84.9180170441).
cost(1, 2, 48).
cost(1, 3, 48).
cost(1, 4, 2).
cost(1, 5, 74).
cost(1, 6, 95).
cost(1, 7, 16).
cost(1, 8, 66).
cost(1, 9, 19).
cost(1, 10, 64).
cost(1, 11, 75).
cost(1, 12, 33).
cost(1, 13, 60).
cost(1, 14, 56).
cost(1, 15, 18).
cost(1, 16, 75).
cost(1, 17, 74).
cost(1, 18, 62).
cost(1, 19, 23).
cost(1, 20, 20).
cost(1, 21, 55).
cost(1, 22, 58).
cost(1, 23, 84).
cost(2, 1, 48).
cost(2, 3, 13).
cost(2, 4, 48).
cost(2, 5, 40).
cost(2, 6, 50).
cost(2, 7, 50).
cost(2, 8, 49).
cost(2, 9, 35).
cost(2, 10, 29).
cost(2, 11, 38).
cost(2, 12, 41).
cost(2, 13, 15).
cost(2, 14, 55).
cost(2, 15, 31).
cost(2, 16, 28).
cost(2, 17, 49).
cost(2, 18, 57).
cost(2, 19, 32).
cost(2, 20, 57).
cost(2, 21, 38).
cost(2, 22, 42).
cost(2, 23, 39).
cost(3, 1, 48).
cost(3, 2, 13).
cost(3, 4, 47).
cost(3, 5, 53).
cost(3, 6, 48).
cost(3, 7, 45).
cost(3, 8, 61).
cost(3, 9, 39).
cost(3, 10, 19).
cost(3, 11, 29).
cost(3, 12, 32).
cost(3, 13, 13).
cost(3, 14, 42).
cost(3, 15, 32).
cost(3, 16, 28).
cost(3, 17, 62).
cost(3, 18, 44).
cost(3, 19, 27).
cost(3, 20, 51).
cost(3, 21, 50).
cost(3, 22, 28).
cost(3, 23, 37).
cost(4, 1, 2).
cost(4, 2, 48).
cost(4, 3, 47).
cost(4, 5, 74).
cost(4, 6, 94).
cost(4, 7, 15).
cost(4, 8, 67).
cost(4, 9, 19).
cost(4, 10, 63).
cost(4, 11, 74).
cost(4, 12, 32).
cost(4, 13, 59).
cost(4, 14, 55).
cost(4, 15, 18).
cost(4, 16, 74).
cost(4, 17, 74).
cost(4, 18, 61).
cost(4, 19, 22).
cost(4, 20, 19).
cost(4, 21, 56).
cost(4, 22, 56).
cost(4, 23, 84).
cost(5, 1, 74).
cost(5, 2, 40).
cost(5, 3, 53).
cost(5, 4, 74).
cost(5, 6, 68).
cost(5, 7, 82).
cost(5, 8, 23).
cost(5, 9, 55).
cost(5, 10, 63).
cost(5, 11, 69).
cost(5, 12, 79).
cost(5, 13, 48).
cost(5, 14, 94).
cost(5, 15, 58).
cost(5, 16, 48).
cost(5, 17, 15).
cost(5, 18, 96).
cost(5, 19, 67).
cost(5, 20, 89).
cost(5, 21, 23).
cost(5, 22, 81).
cost(5, 23, 58).
cost(6, 1, 95).
cost(6, 2, 50).
cost(6, 3, 48).
cost(6, 4, 94).
cost(6, 5, 68).
cost(6, 7, 91).
cost(6, 8, 88).
cost(6, 9, 85).
cost(6, 10, 33).
cost(6, 11, 25).
cost(6, 12, 74).
cost(6, 13, 36).
cost(6, 14, 70).
cost(6, 15, 79).
cost(6, 16, 23).
cost(6, 17, 83).
cost(6, 18, 67).
cost(6, 19, 74).
cost(6, 20, 97).
cost(6, 21, 80).
cost(6, 22, 53).
cost(6, 23, 12).
cost(7, 1, 16).
cost(7, 2, 50).
cost(7, 3, 45).
cost(7, 4, 15).
cost(7, 5, 82).
cost(7, 6, 91).
cost(7, 8, 78).
cost(7, 9, 31).
cost(7, 10, 58).
cost(7, 11, 69).
cost(7, 12, 21).
cost(7, 13, 58).
cost(7, 14, 42).
cost(7, 15, 25).
cost(7, 16, 73).
cost(7, 17, 85).
cost(7, 18, 48).
cost(7, 19, 18).
cost(7, 20, 7).
cost(7, 21, 67).
cost(7, 22, 47).
cost(7, 23, 81).
cost(8, 1, 66).
cost(8, 2, 49).
cost(8, 3, 61).
cost(8, 4, 67).
cost(8, 5, 23).
cost(8, 6, 88).
cost(8, 7, 78).
cost(8, 9, 48).
cost(8, 10, 76).
cost(8, 11, 84).
cost(8, 12, 81).
cost(8, 13, 61).
cost(8, 14, 100).
cost(8, 15, 54).
cost(8, 16, 66).
cost(8, 17, 10).
cost(8, 18, 103).
cost(8, 19, 67).
cost(8, 20, 84).
cost(8, 21, 12).
cost(8, 22, 89).
cost(8, 23, 77).
cost(9, 1, 19).
cost(9, 2, 35).
cost(9, 3, 39).
cost(9, 4, 19).
cost(9, 5, 55).
cost(9, 6, 85).
cost(9, 7, 31).
cost(9, 8, 48).
cost(9, 10, 58).
cost(9, 11, 69).
cost(9, 12, 40).
cost(9, 13, 50).
cost(9, 14, 62).
cost(9, 15, 10).
cost(9, 16, 63).
cost(9, 17, 55).
cost(9, 18, 67).
cost(9, 19, 25).
cost(9, 20, 37).
cost(9, 21, 36).
cost(9, 22, 58).
cost(9, 23, 74).
cost(10, 1, 64).
cost(10, 2, 29).
cost(10, 3, 19).
cost(10, 4, 63).
cost(10, 5, 63).
cost(10, 6, 33).
cost(10, 7, 58).
cost(10, 8, 76).
cost(10, 9, 58).
cost(10, 11, 11).
cost(10, 12, 40).
cost(10, 13, 16).
cost(10, 14, 40).
cost(10, 15, 50).
cost(10, 16, 22).
cost(10, 17, 75).
cost(10, 18, 39).
cost(10, 19, 42).
cost(10, 20, 63).
cost(10, 21, 66).
cost(10, 22, 22).
cost(10, 23, 25).
cost(11, 1, 75).
cost(11, 2, 38).
cost(11, 3, 29).
cost(11, 4, 74).
cost(11, 5, 69).
cost(11, 6, 25).
cost(11, 7, 69).
cost(11, 8, 84).
cost(11, 9, 69).
cost(11, 10, 11).
cost(11, 12, 50).
cost(11, 13, 23).
cost(11, 14, 46).
cost(11, 15, 61).
cost(11, 16, 22).
cost(11, 17, 82).
cost(11, 18, 43).
cost(11, 19, 53).
cost(11, 20, 74).
cost(11, 21, 74).
cost(11, 22, 28).
cost(11, 23, 20).
cost(12, 1, 33).
cost(12, 2, 41).
cost(12, 3, 32).
cost(12, 4, 32).
cost(12, 5, 79).
cost(12, 6, 74).
cost(12, 7, 21).
cost(12, 8, 81).
cost(12, 9, 40).
cost(12, 10, 40).
cost(12, 11, 50).
cost(12, 13, 44).
cost(12, 14, 23).
cost(12, 15, 30).
cost(12, 16, 58).
cost(12, 17, 85).
cost(12, 18, 29).
cost(12, 19, 15).
cost(12, 20, 25).
cost(12, 21, 69).
cost(12, 22, 26).
cost(12, 23, 65).
cost(13, 1, 60).
cost(13, 2, 15).
cost(13, 3, 13).
cost(13, 4, 59).
cost(13, 5, 48).
cost(13, 6, 36).
cost(13, 7, 58).
cost(13, 8, 61).
cost(13, 9, 50).
cost(13, 10, 16).
cost(13, 11, 23).
cost(13, 12, 44).
cost(13, 14, 51).
cost(13, 15, 43).
cost(13, 16, 15).
cost(13, 17, 60).
cost(13, 18, 51).
cost(13, 19, 40).
cost(13, 20, 64).
cost(13, 21, 51).
cost(13, 22, 35).
cost(13, 23, 25).
cost(14, 1, 56).
cost(14, 2, 55).
cost(14, 3, 42).
cost(14, 4, 55).
cost(14, 5, 94).
cost(14, 6, 70).
cost(14, 7, 42).
cost(14, 8, 100).
cost(14, 9, 62).
cost(14, 10, 40).
cost(14, 11, 46).
cost(14, 12, 23).
cost(14, 13, 51).
cost(14, 15, 53).
cost(14, 16, 62).
cost(14, 17, 103).
cost(14, 18, 6).
cost(14, 19, 37).
cost(14, 20, 43).
cost(14, 21, 88).
cost(14, 22, 18).
cost(14, 23, 65).
cost(15, 1, 18).
cost(15, 2, 31).
cost(15, 3, 32).
cost(15, 4, 18).
cost(15, 5, 58).
cost(15, 6, 79).
cost(15, 7, 25).
cost(15, 8, 54).
cost(15, 9, 10).
cost(15, 10, 50).
cost(15, 11, 61).
cost(15, 12, 30).
cost(15, 13, 43).
cost(15, 14, 53).
cost(15, 16, 58).
cost(15, 17, 60).
cost(15, 18, 58).
cost(15, 19, 15).
cost(15, 20, 31).
cost(15, 21, 42).
cost(15, 22, 49).
cost(15, 23, 68).
cost(16, 1, 75).
cost(16, 2, 28).
cost(16, 3, 28).
cost(16, 4, 74).
cost(16, 5, 48).
cost(16, 6, 23).
cost(16, 7, 73).
cost(16, 8, 66).
cost(16, 9, 63).
cost(16, 10, 22).
cost(16, 11, 22).
cost(16, 12, 58).
cost(16, 13, 15).
cost(16, 14, 62).
cost(16, 15, 58).
cost(16, 17, 62).
cost(16, 18, 61).
cost(16, 19, 55).
cost(16, 20, 79).
cost(16, 21, 58).
cost(16, 22, 45).
cost(16, 23, 11).
cost(17, 1, 74).
cost(17, 2, 49).
cost(17, 3, 62).
cost(17, 4, 74).
cost(17, 5, 15).
cost(17, 6, 83).
cost(17, 7, 85).
cost(17, 8, 10).
cost(17, 9, 55).
cost(17, 10, 75).
cost(17, 11, 82).
cost(17, 12, 85).
cost(17, 13, 60).
cost(17, 14, 103).
cost(17, 15, 60).
cost(17, 16, 62).
cost(17, 18, 106).
cost(17, 19, 72).
cost(17, 20, 91).
cost(17, 21, 18).
cost(17, 22, 91).
cost(17, 23, 73).
cost(18, 1, 62).
cost(18, 2, 57).
cost(18, 3, 44).
cost(18, 4, 61).
cost(18, 5, 96).
cost(18, 6, 67).
cost(18, 7, 48).
cost(18, 8, 103).
cost(18, 9, 67).
cost(18, 10, 39).
cost(18, 11, 43).
cost(18, 12, 29).
cost(18, 13, 51).
cost(18, 14, 6).
cost(18, 15, 58).
cost(18, 16, 61).
cost(18, 17, 106).
cost(18, 19, 43).
cost(18, 20, 49).
cost(18, 21, 91).
cost(18, 22, 17).
cost(18, 23, 63).
cost(19, 1, 23).
cost(19, 2, 32).
cost(19, 3, 27).
cost(19, 4, 22).
cost(19, 5, 67).
cost(19, 6, 74).
cost(19, 7, 18).
cost(19, 8, 67).
cost(19, 9, 25).
cost(19, 10, 42).
cost(19, 11, 53).
cost(19, 12, 15).
cost(19, 13, 40).
cost(19, 14, 37).
cost(19, 15, 15).
cost(19, 16, 55).
cost(19, 17, 72).
cost(19, 18, 43).
cost(19, 20, 24).
cost(19, 21, 55).
cost(19, 22, 35).
cost(19, 23, 64).
cost(20, 1, 20).
cost(20, 2, 57).
cost(20, 3, 51).
cost(20, 4, 19).
cost(20, 5, 89).
cost(20, 6, 97).
cost(20, 7, 7).
cost(20, 8, 84).
cost(20, 9, 37).
cost(20, 10, 63).
cost(20, 11, 74).
cost(20, 12, 25).
cost(20, 13, 64).
cost(20, 14, 43).
cost(20, 15, 31).
cost(20, 16, 79).
cost(20, 17, 91).
cost(20, 18, 49).
cost(20, 19, 24).
cost(20, 21, 73).
cost(20, 22, 50).
cost(20, 23, 87).
cost(21, 1, 55).
cost(21, 2, 38).
cost(21, 3, 50).
cost(21, 4, 56).
cost(21, 5, 23).
cost(21, 6, 80).
cost(21, 7, 67).
cost(21, 8, 12).
cost(21, 9, 36).
cost(21, 10, 66).
cost(21, 11, 74).
cost(21, 12, 69).
cost(21, 13, 51).
cost(21, 14, 88).
cost(21, 15, 42).
cost(21, 16, 58).
cost(21, 17, 18).
cost(21, 18, 91).
cost(21, 19, 55).
cost(21, 20, 73).
cost(21, 22, 78).
cost(21, 23, 69).
cost(22, 1, 58).
cost(22, 2, 42).
cost(22, 3, 28).
cost(22, 4, 56).
cost(22, 5, 81).
cost(22, 6, 53).
cost(22, 7, 47).
cost(22, 8, 89).
cost(22, 9, 58).
cost(22, 10, 22).
cost(22, 11, 28).
cost(22, 12, 26).
cost(22, 13, 35).
cost(22, 14, 18).
cost(22, 15, 49).
cost(22, 16, 45).
cost(22, 17, 91).
cost(22, 18, 17).
cost(22, 19, 35).
cost(22, 20, 50).
cost(22, 21, 78).
cost(22, 23, 47).
cost(23, 1, 84).
cost(23, 2, 39).
cost(23, 3, 37).
cost(23, 4, 84).
cost(23, 5, 58).
cost(23, 6, 12).
cost(23, 7, 81).
cost(23, 8, 77).
cost(23, 9, 74).
cost(23, 10, 25).
cost(23, 11, 20).
cost(23, 12, 65).
cost(23, 13, 25).
cost(23, 14, 65).
cost(23, 15, 68).
cost(23, 16, 11).
cost(23, 17, 73).
cost(23, 18, 63).
cost(23, 19, 64).
cost(23, 20, 87).
cost(23, 21, 69).
cost(23, 22, 47).
nocross(1,4).
nocross(1,7).
nocross(1,9).
nocross(1,15).
nocross(1,19).
nocross(1,20).
nocross(2,3).
nocross(2,5).
nocross(2,9).
nocross(2,10).
nocross(2,13).
nocross(2,15).
nocross(2,16).
nocross(2,17).
nocross(2,19).
nocross(2,21).
nocross(2,23).
nocross(3,2).
nocross(3,9).
nocross(3,10).
nocross(3,11).
nocross(3,12).
nocross(3,13).
nocross(3,14).
nocross(3,15).
nocross(3,16).
nocross(3,18).
nocross(3,19).
nocross(3,22).
nocross(4,1).
nocross(4,7).
nocross(4,9).
nocross(4,12).
nocross(4,15).
nocross(4,19).
nocross(4,20).
nocross(5,2).
nocross(5,8).
nocross(5,13).
nocross(5,16).
nocross(5,17).
nocross(5,21).
nocross(6,10).
nocross(6,11).
nocross(6,13).
nocross(6,16).
nocross(6,23).
nocross(7,1).
nocross(7,4).
nocross(7,9).
nocross(7,12).
nocross(7,14).
nocross(7,15).
nocross(7,18).
nocross(7,19).
nocross(7,20).
nocross(8,5).
nocross(8,17).
nocross(8,21).
nocross(9,1).
nocross(9,2).
nocross(9,4).
nocross(9,7).
nocross(9,8).
nocross(9,15).
nocross(9,19).
nocross(9,20).
nocross(9,21).
nocross(10,2).
nocross(10,3).
nocross(10,6).
nocross(10,11).
nocross(10,13).
nocross(10,14).
nocross(10,16).
nocross(10,18).
nocross(10,22).
nocross(10,23).
nocross(11,3).
nocross(11,6).
nocross(11,10).
nocross(11,13).
nocross(11,16).
nocross(11,18).
nocross(11,22).
nocross(11,23).
nocross(12,1).
nocross(12,3).
nocross(12,4).
nocross(12,7).
nocross(12,14).
nocross(12,15).
nocross(12,18).
nocross(12,19).
nocross(12,20).
nocross(12,22).
nocross(13,2).
nocross(13,3).
nocross(13,10).
nocross(13,11).
nocross(13,16).
nocross(13,22).
nocross(13,23).
nocross(14,7).
nocross(14,10).
nocross(14,12).
nocross(14,18).
nocross(14,19).
nocross(14,22).
nocross(15,1).
nocross(15,2).
nocross(15,3).
nocross(15,4).
nocross(15,7).
nocross(15,9).
nocross(15,12).
nocross(15,19).
nocross(15,20).
nocross(15,21).
nocross(16,2).
nocross(16,3).
nocross(16,5).
nocross(16,6).
nocross(16,10).
nocross(16,11).
nocross(16,13).
nocross(16,23).
nocross(17,2).
nocross(17,5).
nocross(17,8).
nocross(17,21).
nocross(18,10).
nocross(18,11).
nocross(18,12).
nocross(18,14).
nocross(18,22).
nocross(19,1).
nocross(19,2).
nocross(19,3).
nocross(19,4).
nocross(19,7).
nocross(19,9).
nocross(19,12).
nocross(19,14).
nocross(19,15).
nocross(19,18).
nocross(19,20).
nocross(19,22).
nocross(20,1).
nocross(20,4).
nocross(20,7).
nocross(20,9).
nocross(20,12).
nocross(20,15).
nocross(20,19).
nocross(21,2).
nocross(21,4).
nocross(21,5).
nocross(21,8).
nocross(21,9).
nocross(21,15).
nocross(21,17).
nocross(22,3).
nocross(22,10).
nocross(22,11).
nocross(22,12).
nocross(22,13).
nocross(22,14).
nocross(22,18).
nocross(22,19).
nocross(23,2).
nocross(23,6).
nocross(23,10).
nocross(23,11).
nocross(23,13).
nocross(23,16).
