dimension(23).
point(1, 15.0966992869, 7.765099757).
point(2, 85.815660035, 32.0809952242).
point(3, 44.3563585377, 80.4423000541).
point(4, 22.7504832942, 69.1383461125).
point(5, 59.387454166, 88.4061097113).
point(6, 66.0527341517, 57.8749760172).
point(7, 11.6264071182, 76.2706913383).
point(8, 24.2156462854, 31.9606456794).
point(9, 65.562041911, 44.4004714977).
point(10, 76.7592036898, 29.9277499266).
point(11, 58.9974239192, 47.4398043444).
point(12, 36.8034731043, 15.5031631412).
point(13, 41.4716276293, 26.2144664954).
point(14, 55.4558957654, 90.116311311).
point(15, 92.9910476971, 28.4849049922).
point(16, 82.8131957324, 59.6931615602).
point(17, 12.2667975378, 18.4264277784).
point(18, 76.8985731382, 33.2116649016).
point(19, 74.2669515082, 77.6033544823).
point(20, 24.0478038117, 15.851811014).
point(21, 16.1147869242, 64.2854060027).
point(22, 5.1907988001, 55.8030628533).
point(23, 15.1869657661, 22.3780697218).
cost(1, 2, 75).
cost(1, 3, 78).
cost(1, 4, 62).
cost(1, 5, 92).
cost(1, 6, 71).
cost(1, 7, 69).
cost(1, 8, 26).
cost(1, 9, 62).
cost(1, 10, 66).
cost(1, 11, 59).
cost(1, 12, 23).
cost(1, 13, 32).
cost(1, 14, 92).
cost(1, 15, 81).
cost(1, 16, 85).
cost(1, 17, 11).
cost(1, 18, 67).
cost(1, 19, 92).
cost(1, 20, 12).
cost(1, 21, 57).
cost(1, 22, 49).
cost(1, 23, 15).
cost(2, 1, 75).
cost(2, 3, 64).
cost(2, 4, 73).
cost(2, 5, 62).
cost(2, 6, 32).
cost(2, 7, 86).
cost(2, 8, 62).
cost(2, 9, 24).
cost(2, 10, 9).
cost(2, 11, 31).
cost(2, 12, 52).
cost(2, 13, 45).
cost(2, 14, 65).
cost(2, 15, 8).
cost(2, 16, 28).
cost(2, 17, 75).
cost(2, 18, 9).
cost(2, 19, 47).
cost(2, 20, 64).
cost(2, 21, 77).
cost(2, 22, 84).
cost(2, 23, 71).
cost(3, 1, 78).
cost(3, 2, 64).
cost(3, 4, 24).
cost(3, 5, 17).
cost(3, 6, 31).
cost(3, 7, 33).
cost(3, 8, 52).
cost(3, 9, 42).
cost(3, 10, 60).
cost(3, 11, 36).
cost(3, 12, 65).
cost(3, 13, 54).
cost(3, 14, 15).
cost(3, 15, 71).
cost(3, 16, 44).
cost(3, 17, 70).
cost(3, 18, 57).
cost(3, 19, 30).
cost(3, 20, 68).
cost(3, 21, 33).
cost(3, 22, 46).
cost(3, 23, 65).
cost(4, 1, 62).
cost(4, 2, 73).
cost(4, 3, 24).
cost(4, 5, 41).
cost(4, 6, 45).
cost(4, 7, 13).
cost(4, 8, 37).
cost(4, 9, 49).
cost(4, 10, 67).
cost(4, 11, 42).
cost(4, 12, 55).
cost(4, 13, 47).
cost(4, 14, 39).
cost(4, 15, 81).
cost(4, 16, 61).
cost(4, 17, 52).
cost(4, 18, 65).
cost(4, 19, 52).
cost(4, 20, 53).
cost(4, 21, 8).
cost(4, 22, 22).
cost(4, 23, 47).
cost(5, 1, 92).
cost(5, 2, 62).
cost(5, 3, 17).
cost(5, 4, 41).
cost(5, 6, 31).
cost(5, 7, 49).
cost(5, 8, 67).
cost(5, 9, 44).
cost(5, 10, 61).
cost(5, 11, 41).
cost(5, 12, 76).
cost(5, 13, 65).
cost(5, 14, 4).
cost(5, 15, 69).
cost(5, 16, 37).
cost(5, 17, 84).
cost(5, 18, 58).
cost(5, 19, 18).
cost(5, 20, 81).
cost(5, 21, 50).
cost(5, 22, 63).
cost(5, 23, 79).
cost(6, 1, 71).
cost(6, 2, 32).
cost(6, 3, 31).
cost(6, 4, 45).
cost(6, 5, 31).
cost(6, 7, 57).
cost(6, 8, 49).
cost(6, 9, 13).
cost(6, 10, 30).
cost(6, 11, 13).
cost(6, 12, 51).
cost(6, 13, 40).
cost(6, 14, 34).
cost(6, 15, 40).
cost(6, 16, 17).
cost(6, 17, 67).
cost(6, 18, 27).
cost(6, 19, 21).
cost(6, 20, 59).
cost(6, 21, 50).
cost(6, 22, 61).
cost(6, 23, 62).
cost(7, 1, 69).
cost(7, 2, 86).
cost(7, 3, 33).
cost(7, 4, 13).
cost(7, 5, 49).
cost(7, 6, 57).
cost(7, 8, 46).
cost(7, 9, 63).
cost(7, 10, 80).
cost(7, 11, 55).
cost(7, 12, 66).
cost(7, 13, 58).
cost(7, 14, 46).
cost(7, 15, 94).
cost(7, 16, 73).
cost(7, 17, 58).
cost(7, 18, 78).
cost(7, 19, 63).
cost(7, 20, 62).
cost(7, 21, 13).
cost(7, 22, 21).
cost(7, 23, 54).
cost(8, 1, 26).
cost(8, 2, 62).
cost(8, 3, 52).
cost(8, 4, 37).
cost(8, 5, 67).
cost(8, 6, 49).
cost(8, 7, 46).
cost(8, 9, 43).
cost(8, 10, 53).
cost(8, 11, 38).
cost(8, 12, 21).
cost(8, 13, 18).
cost(8, 14, 66).
cost(8, 15, 69).
cost(8, 16, 65).
cost(8, 17, 18).
cost(8, 18, 53).
cost(8, 19, 68).
cost(8, 20, 16).
cost(8, 21, 33).
cost(8, 22, 31).
cost(8, 23, 13).
cost(9, 1, 62).
cost(9, 2, 24).
cost(9, 3, 42).
cost(9, 4, 49).
cost(9, 5, 44).
cost(9, 6, 13).
cost(9, 7, 63).
cost(9, 8, 43).
cost(9, 10, 18).
cost(9, 11, 7).
cost(9, 12, 41).
cost(9, 13, 30).
cost(9, 14, 47).
cost(9, 15, 32).
cost(9, 16, 23).
cost(9, 17, 59).
cost(9, 18, 16).
cost(9, 19, 34).
cost(9, 20, 50).
cost(9, 21, 53).
cost(9, 22, 61).
cost(9, 23, 55).
cost(10, 1, 66).
cost(10, 2, 9).
cost(10, 3, 60).
cost(10, 4, 67).
cost(10, 5, 61).
cost(10, 6, 30).
cost(10, 7, 80).
cost(10, 8, 53).
cost(10, 9, 18).
cost(10, 11, 25).
cost(10, 12, 42).
cost(10, 13, 35).
cost(10, 14, 64).
cost(10, 15, 16).
cost(10, 16, 30).
cost(10, 17, 66).
cost(10, 18, 3).
cost(10, 19, 48).
cost(10, 20, 55).
cost(10, 21, 70).
cost(10, 22, 76).
cost(10, 23, 62).
cost(11, 1, 59).
cost(11, 2, 31).
cost(11, 3, 36).
cost(11, 4, 42).
cost(11, 5, 41).
cost(11, 6, 13).
cost(11, 7, 55).
cost(11, 8, 38).
cost(11, 9, 7).
cost(11, 10, 25).
cost(11, 12, 39).
cost(11, 13, 28).
cost(11, 14, 43).
cost(11, 15, 39).
cost(11, 16, 27).
cost(11, 17, 55).
cost(11, 18, 23).
cost(11, 19, 34).
cost(11, 20, 47).
cost(11, 21, 46).
cost(11, 22, 54).
cost(11, 23, 50).
cost(12, 1, 23).
cost(12, 2, 52).
cost(12, 3, 65).
cost(12, 4, 55).
cost(12, 5, 76).
cost(12, 6, 51).
cost(12, 7, 66).
cost(12, 8, 21).
cost(12, 9, 41).
cost(12, 10, 42).
cost(12, 11, 39).
cost(12, 13, 12).
cost(12, 14, 77).
cost(12, 15, 58).
cost(12, 16, 64).
cost(12, 17, 25).
cost(12, 18, 44).
cost(12, 19, 73).
cost(12, 20, 13).
cost(12, 21, 53).
cost(12, 22, 51).
cost(12, 23, 23).
cost(13, 1, 32).
cost(13, 2, 45).
cost(13, 3, 54).
cost(13, 4, 47).
cost(13, 5, 65).
cost(13, 6, 40).
cost(13, 7, 58).
cost(13, 8, 18).
cost(13, 9, 30).
cost(13, 10, 35).
cost(13, 11, 28).
cost(13, 12, 12).
cost(13, 14, 65).
cost(13, 15, 52).
cost(13, 16, 53).
cost(13, 17, 30).
cost(13, 18, 36).
cost(13, 19, 61).
cost(13, 20, 20).
cost(13, 21, 46).
cost(13, 22, 47).
cost(13, 23, 27).
cost(14, 1, 92).
cost(14, 2, 65).
cost(14, 3, 15).
cost(14, 4, 39).
cost(14, 5, 4).
cost(14, 6, 34).
cost(14, 7, 46).
cost(14, 8, 66).
cost(14, 9, 47).
cost(14, 10, 64).
cost(14, 11, 43).
cost(14, 12, 77).
cost(14, 13, 65).
cost(14, 15, 72).
cost(14, 16, 41).
cost(14, 17, 84).
cost(14, 18, 61).
cost(14, 19, 23).
cost(14, 20, 81).
cost(14, 21, 47).
cost(14, 22, 61).
cost(14, 23, 79).
cost(15, 1, 81).
cost(15, 2, 8).
cost(15, 3, 71).
cost(15, 4, 81).
cost(15, 5, 69).
cost(15, 6, 40).
cost(15, 7, 94).
cost(15, 8, 69).
cost(15, 9, 32).
cost(15, 10, 16).
cost(15, 11, 39).
cost(15, 12, 58).
cost(15, 13, 52).
cost(15, 14, 72).
cost(15, 16, 33).
cost(15, 17, 81).
cost(15, 18, 17).
cost(15, 19, 53).
cost(15, 20, 70).
cost(15, 21, 85).
cost(15, 22, 92).
cost(15, 23, 78).
cost(16, 1, 85).
cost(16, 2, 28).
cost(16, 3, 44).
cost(16, 4, 61).
cost(16, 5, 37).
cost(16, 6, 17).
cost(16, 7, 73).
cost(16, 8, 65).
cost(16, 9, 23).
cost(16, 10, 30).
cost(16, 11, 27).
cost(16, 12, 64).
cost(16, 13, 53).
cost(16, 14, 41).
cost(16, 15, 33).
cost(16, 17, 82).
cost(16, 18, 27).
cost(16, 19, 20).
cost(16, 20, 73).
cost(16, 21, 67).
cost(16, 22, 78).
cost(16, 23, 77).
cost(17, 1, 11).
cost(17, 2, 75).
cost(17, 3, 70).
cost(17, 4, 52).
cost(17, 5, 84).
cost(17, 6, 67).
cost(17, 7, 58).
cost(17, 8, 18).
cost(17, 9, 59).
cost(17, 10, 66).
cost(17, 11, 55).
cost(17, 12, 25).
cost(17, 13, 30).
cost(17, 14, 84).
cost(17, 15, 81).
cost(17, 16, 82).
cost(17, 18, 66).
cost(17, 19, 86).
cost(17, 20, 12).
cost(17, 21, 46).
cost(17, 22, 38).
cost(17, 23, 5).
cost(18, 1, 67).
cost(18, 2, 9).
cost(18, 3, 57).
cost(18, 4, 65).
cost(18, 5, 58).
cost(18, 6, 27).
cost(18, 7, 78).
cost(18, 8, 53).
cost(18, 9, 16).
cost(18, 10, 3).
cost(18, 11, 23).
cost(18, 12, 44).
cost(18, 13, 36).
cost(18, 14, 61).
cost(18, 15, 17).
cost(18, 16, 27).
cost(18, 17, 66).
cost(18, 19, 44).
cost(18, 20, 56).
cost(18, 21, 68).
cost(18, 22, 75).
cost(18, 23, 63).
cost(19, 1, 92).
cost(19, 2, 47).
cost(19, 3, 30).
cost(19, 4, 52).
cost(19, 5, 18).
cost(19, 6, 21).
cost(19, 7, 63).
cost(19, 8, 68).
cost(19, 9, 34).
cost(19, 10, 48).
cost(19, 11, 34).
cost(19, 12, 73).
cost(19, 13, 61).
cost(19, 14, 23).
cost(19, 15, 53).
cost(19, 16, 20).
cost(19, 17, 86).
cost(19, 18, 44).
cost(19, 20, 80).
cost(19, 21, 60).
cost(19, 22, 72).
cost(19, 23, 81).
cost(20, 1, 12).
cost(20, 2, 64).
cost(20, 3, 68).
cost(20, 4, 53).
cost(20, 5, 81).
cost(20, 6, 59).
cost(20, 7, 62).
cost(20, 8, 16).
cost(20, 9, 50).
cost(20, 10, 55).
cost(20, 11, 47).
cost(20, 12, 13).
cost(20, 13, 20).
cost(20, 14, 81).
cost(20, 15, 70).
cost(20, 16, 73).
cost(20, 17, 12).
cost(20, 18, 56).
cost(20, 19, 80).
cost(20, 21, 49).
cost(20, 22, 44).
cost(20, 23, 11).
cost(21, 1, 57).
cost(21, 2, 77).
cost(21, 3, 33).
cost(21, 4, 8).
cost(21, 5, 50).
cost(21, 6, 50).
cost(21, 7, 13).
cost(21, 8, 33).
cost(21, 9, 53).
cost(21, 10, 70).
cost(21, 11, 46).
cost(21, 12, 53).
cost(21, 13, 46).
cost(21, 14, 47).
cost(21, 15, 85).
cost(21, 16, 67).
cost(21, 17, 46).
cost(21, 18, 68).
cost(21, 19, 60).
cost(21, 20, 49).
cost(21, 22, 14).
cost(21, 23, 42).
cost(22, 1, 49).
cost(22, 2, 84).
cost(22, 3, 46).
cost(22, 4, 22).
cost(22, 5, 63).
cost(22, 6, 61).
cost(22, 7, 21).
cost(22, 8, 31).
cost(22, 9, 61).
cost(22, 10, 76).
cost(22, 11, 54).
cost(22, 12, 51).
cost(22, 13, 47).
cost(22, 14, 61).
cost(22, 15, 92).
cost(22, 16, 78).
cost(22, 17, 38).
cost(22, 18, 75).
cost(22, 19, 72).
cost(22, 20, 44).
cost(22, 21, 14).
cost(22, 23, 35).
cost(23, 1, 15).
cost(23, 2, 71).
cost(23, 3, 65).
cost(23, 4, 47).
cost(23, 5, 79).
cost(23, 6, 62).
cost(23, 7, 54).
cost(23, 8, 13).
cost(23, 9, 55).
cost(23, 10, 62).
cost(23, 11, 50).
cost(23, 12, 23).
cost(23, 13, 27).
cost(23, 14, 79).
cost(23, 15, 78).
cost(23, 16, 77).
cost(23, 17, 5).
cost(23, 18, 63).
cost(23, 19, 81).
cost(23, 20, 11).
cost(23, 21, 42).
cost(23, 22, 35).
nocross(1,8).
nocross(1,12).
nocross(1,13).
nocross(1,17).
nocross(1,20).
nocross(1,23).
nocross(2,6).
nocross(2,9).
nocross(2,10).
nocross(2,11).
nocross(2,15).
nocross(2,16).
nocross(2,18).
nocross(3,4).
nocross(3,5).
nocross(3,6).
nocross(3,7).
nocross(3,11).
nocross(3,14).
nocross(3,21).
nocross(4,3).
nocross(4,5).
nocross(4,7).
nocross(4,8).
nocross(4,14).
nocross(4,21).
nocross(4,22).
nocross(5,3).
nocross(5,4).
nocross(5,6).
nocross(5,14).
nocross(5,19).
nocross(6,2).
nocross(6,3).
nocross(6,5).
nocross(6,9).
nocross(6,10).
nocross(6,11).
nocross(6,14).
nocross(6,16).
nocross(6,18).
nocross(6,19).
nocross(7,3).
nocross(7,4).
nocross(7,14).
nocross(7,21).
nocross(7,22).
nocross(8,1).
nocross(8,4).
nocross(8,11).
nocross(8,12).
nocross(8,13).
nocross(8,17).
nocross(8,20).
nocross(8,21).
nocross(8,22).
nocross(8,23).
nocross(9,2).
nocross(9,6).
nocross(9,10).
nocross(9,11).
nocross(9,13).
nocross(9,15).
nocross(9,16).
nocross(9,18).
nocross(10,2).
nocross(10,6).
nocross(10,9).
nocross(10,11).
nocross(10,12).
nocross(10,13).
nocross(10,15).
nocross(10,18).
nocross(11,2).
nocross(11,6).
nocross(11,9).
nocross(11,10).
nocross(11,13).
nocross(11,16).
nocross(11,18).
nocross(12,1).
nocross(12,8).
nocross(12,9).
nocross(12,10).
nocross(12,11).
nocross(12,13).
nocross(12,17).
nocross(12,18).
nocross(12,20).
nocross(12,23).
nocross(13,8).
nocross(13,9).
nocross(13,10).
nocross(13,11).
nocross(13,12).
nocross(13,17).
nocross(13,18).
nocross(13,20).
nocross(13,23).
nocross(14,3).
nocross(14,4).
nocross(14,5).
nocross(14,6).
nocross(14,19).
nocross(15,2).
nocross(15,9).
nocross(15,10).
nocross(15,16).
nocross(15,18).
nocross(16,2).
nocross(16,5).
nocross(16,6).
nocross(16,9).
nocross(16,10).
nocross(16,11).
nocross(16,15).
nocross(16,18).
nocross(16,19).
nocross(17,1).
nocross(17,8).
nocross(17,12).
nocross(17,13).
nocross(17,20).
nocross(17,22).
nocross(17,23).
nocross(18,2).
nocross(18,6).
nocross(18,9).
nocross(18,10).
nocross(18,11).
nocross(18,13).
nocross(18,15).
nocross(18,16).
nocross(19,3).
nocross(19,5).
nocross(19,6).
nocross(19,9).
nocross(19,11).
nocross(19,14).
nocross(19,16).
nocross(19,18).
nocross(20,1).
nocross(20,8).
nocross(20,12).
nocross(20,13).
nocross(20,17).
nocross(20,23).
nocross(21,3).
nocross(21,4).
nocross(21,7).
nocross(21,8).
nocross(21,22).
nocross(21,23).
nocross(22,4).
nocross(22,7).
nocross(22,8).
nocross(22,17).
nocross(22,21).
nocross(22,23).
nocross(23,1).
nocross(23,8).
nocross(23,12).
nocross(23,13).
nocross(23,17).
nocross(23,20).
nocross(23,22).
