dimension(23).
point(1, 22.3253051129, 16.0025608904).
point(2, 12.0710380586, 39.3119674276).
point(3, 26.1450919409, 90.3158503787).
point(4, 32.206851526, 38.9050012115).
point(5, 46.3706569814, 35.8479649046).
point(6, 23.605578575, 93.6041959416).
point(7, 38.9163652817, 85.6545406759).
point(8, 36.1005761418, 21.9379011175).
point(9, 67.5805341377, 81.716884735).
point(10, 96.2713674107, 49.2635758122).
point(11, 19.236002078, 88.9179048223).
point(12, 4.3120513584, 4.2178087101).
point(13, 79.1066285457, 73.2963489462).
point(14, 30.8423536595, 83.7722172887).
point(15, 45.6695388652, 94.8040785836).
point(16, 63.3903070924, 31.0492413903).
point(17, 37.4992769847, 81.1994372056).
point(18, 88.6423095345, 72.3065709558).
point(19, 46.93842544, 65.9806183113).
point(20, 54.6188187424, 56.5314337944).
point(21, 89.1803713195, 29.6879042597).
point(22, 9.8779042923, 30.6191788457).
point(23, 33.2797887417, 22.9735316892).
cost(1, 2, 25).
cost(1, 3, 74).
cost(1, 4, 25).
cost(1, 5, 31).
cost(1, 6, 78).
cost(1, 7, 72).
cost(1, 8, 15).
cost(1, 9, 80).
cost(1, 10, 81).
cost(1, 11, 73).
cost(1, 12, 22).
cost(1, 13, 81).
cost(1, 14, 68).
cost(1, 15, 82).
cost(1, 16, 44).
cost(1, 17, 67).
cost(1, 18, 87).
cost(1, 19, 56).
cost(1, 20, 52).
cost(1, 21, 68).
cost(1, 22, 19).
cost(1, 23, 13).
cost(2, 1, 25).
cost(2, 3, 53).
cost(2, 4, 20).
cost(2, 5, 34).
cost(2, 6, 56).
cost(2, 7, 54).
cost(2, 8, 30).
cost(2, 9, 70).
cost(2, 10, 85).
cost(2, 11, 50).
cost(2, 12, 36).
cost(2, 13, 75).
cost(2, 14, 48).
cost(2, 15, 65).
cost(2, 16, 52).
cost(2, 17, 49).
cost(2, 18, 83).
cost(2, 19, 44).
cost(2, 20, 46).
cost(2, 21, 78).
cost(2, 22, 9).
cost(2, 23, 27).
cost(3, 1, 74).
cost(3, 2, 53).
cost(3, 4, 52).
cost(3, 5, 58).
cost(3, 6, 4).
cost(3, 7, 14).
cost(3, 8, 69).
cost(3, 9, 42).
cost(3, 10, 81).
cost(3, 11, 7).
cost(3, 12, 89).
cost(3, 13, 56).
cost(3, 14, 8).
cost(3, 15, 20).
cost(3, 16, 70).
cost(3, 17, 15).
cost(3, 18, 65).
cost(3, 19, 32).
cost(3, 20, 44).
cost(3, 21, 87).
cost(3, 22, 62).
cost(3, 23, 68).
cost(4, 1, 25).
cost(4, 2, 20).
cost(4, 3, 52).
cost(4, 5, 14).
cost(4, 6, 55).
cost(4, 7, 47).
cost(4, 8, 17).
cost(4, 9, 56).
cost(4, 10, 65).
cost(4, 11, 52).
cost(4, 12, 45).
cost(4, 13, 58).
cost(4, 14, 45).
cost(4, 15, 57).
cost(4, 16, 32).
cost(4, 17, 43).
cost(4, 18, 66).
cost(4, 19, 31).
cost(4, 20, 29).
cost(4, 21, 58).
cost(4, 22, 24).
cost(4, 23, 16).
cost(5, 1, 31).
cost(5, 2, 34).
cost(5, 3, 58).
cost(5, 4, 14).
cost(5, 6, 62).
cost(5, 7, 50).
cost(5, 8, 17).
cost(5, 9, 51).
cost(5, 10, 52).
cost(5, 11, 60).
cost(5, 12, 53).
cost(5, 13, 50).
cost(5, 14, 50).
cost(5, 15, 59).
cost(5, 16, 18).
cost(5, 17, 46).
cost(5, 18, 56).
cost(5, 19, 30).
cost(5, 20, 22).
cost(5, 21, 43).
cost(5, 22, 37).
cost(5, 23, 18).
cost(6, 1, 78).
cost(6, 2, 56).
cost(6, 3, 4).
cost(6, 4, 55).
cost(6, 5, 62).
cost(6, 7, 17).
cost(6, 8, 73).
cost(6, 9, 46).
cost(6, 10, 85).
cost(6, 11, 6).
cost(6, 12, 91).
cost(6, 13, 59).
cost(6, 14, 12).
cost(6, 15, 22).
cost(6, 16, 74).
cost(6, 17, 19).
cost(6, 18, 68).
cost(6, 19, 36).
cost(6, 20, 48).
cost(6, 21, 92).
cost(6, 22, 64).
cost(6, 23, 71).
cost(7, 1, 72).
cost(7, 2, 54).
cost(7, 3, 14).
cost(7, 4, 47).
cost(7, 5, 50).
cost(7, 6, 17).
cost(7, 8, 64).
cost(7, 9, 29).
cost(7, 10, 68).
cost(7, 11, 20).
cost(7, 12, 88).
cost(7, 13, 42).
cost(7, 14, 8).
cost(7, 15, 11).
cost(7, 16, 60).
cost(7, 17, 5).
cost(7, 18, 51).
cost(7, 19, 21).
cost(7, 20, 33).
cost(7, 21, 75).
cost(7, 22, 62).
cost(7, 23, 63).
cost(8, 1, 15).
cost(8, 2, 30).
cost(8, 3, 69).
cost(8, 4, 17).
cost(8, 5, 17).
cost(8, 6, 73).
cost(8, 7, 64).
cost(8, 9, 68).
cost(8, 10, 66).
cost(8, 11, 69).
cost(8, 12, 36).
cost(8, 13, 67).
cost(8, 14, 62).
cost(8, 15, 73).
cost(8, 16, 29).
cost(8, 17, 59).
cost(8, 18, 73).
cost(8, 19, 45).
cost(8, 20, 39).
cost(8, 21, 54).
cost(8, 22, 28).
cost(8, 23, 3).
cost(9, 1, 80).
cost(9, 2, 70).
cost(9, 3, 42).
cost(9, 4, 56).
cost(9, 5, 51).
cost(9, 6, 46).
cost(9, 7, 29).
cost(9, 8, 68).
cost(9, 10, 43).
cost(9, 11, 49).
cost(9, 12, 100).
cost(9, 13, 14).
cost(9, 14, 37).
cost(9, 15, 26).
cost(9, 16, 51).
cost(9, 17, 30).
cost(9, 18, 23).
cost(9, 19, 26).
cost(9, 20, 28).
cost(9, 21, 56).
cost(9, 22, 77).
cost(9, 23, 68).
cost(10, 1, 81).
cost(10, 2, 85).
cost(10, 3, 81).
cost(10, 4, 65).
cost(10, 5, 52).
cost(10, 6, 85).
cost(10, 7, 68).
cost(10, 8, 66).
cost(10, 9, 43).
cost(10, 11, 87).
cost(10, 12, 102).
cost(10, 13, 30).
cost(10, 14, 74).
cost(10, 15, 68).
cost(10, 16, 38).
cost(10, 17, 67).
cost(10, 18, 24).
cost(10, 19, 52).
cost(10, 20, 42).
cost(10, 21, 21).
cost(10, 22, 88).
cost(10, 23, 68).
cost(11, 1, 73).
cost(11, 2, 50).
cost(11, 3, 7).
cost(11, 4, 52).
cost(11, 5, 60).
cost(11, 6, 6).
cost(11, 7, 20).
cost(11, 8, 69).
cost(11, 9, 49).
cost(11, 10, 87).
cost(11, 12, 86).
cost(11, 13, 62).
cost(11, 14, 13).
cost(11, 15, 27).
cost(11, 16, 73).
cost(11, 17, 20).
cost(11, 18, 71).
cost(11, 19, 36).
cost(11, 20, 48).
cost(11, 21, 92).
cost(11, 22, 59).
cost(11, 23, 67).
cost(12, 1, 22).
cost(12, 2, 36).
cost(12, 3, 89).
cost(12, 4, 45).
cost(12, 5, 53).
cost(12, 6, 91).
cost(12, 7, 88).
cost(12, 8, 36).
cost(12, 9, 100).
cost(12, 10, 102).
cost(12, 11, 86).
cost(12, 13, 102).
cost(12, 14, 84).
cost(12, 15, 100).
cost(12, 16, 65).
cost(12, 17, 84).
cost(12, 18, 108).
cost(12, 19, 75).
cost(12, 20, 73).
cost(12, 21, 89).
cost(12, 22, 27).
cost(12, 23, 35).
cost(13, 1, 81).
cost(13, 2, 75).
cost(13, 3, 56).
cost(13, 4, 58).
cost(13, 5, 50).
cost(13, 6, 59).
cost(13, 7, 42).
cost(13, 8, 67).
cost(13, 9, 14).
cost(13, 10, 30).
cost(13, 11, 62).
cost(13, 12, 102).
cost(13, 14, 49).
cost(13, 15, 40).
cost(13, 16, 45).
cost(13, 17, 42).
cost(13, 18, 10).
cost(13, 19, 33).
cost(13, 20, 30).
cost(13, 21, 45).
cost(13, 22, 81).
cost(13, 23, 68).
cost(14, 1, 68).
cost(14, 2, 48).
cost(14, 3, 8).
cost(14, 4, 45).
cost(14, 5, 50).
cost(14, 6, 12).
cost(14, 7, 8).
cost(14, 8, 62).
cost(14, 9, 37).
cost(14, 10, 74).
cost(14, 11, 13).
cost(14, 12, 84).
cost(14, 13, 49).
cost(14, 15, 18).
cost(14, 16, 62).
cost(14, 17, 7).
cost(14, 18, 59).
cost(14, 19, 24).
cost(14, 20, 36).
cost(14, 21, 80).
cost(14, 22, 57).
cost(14, 23, 61).
cost(15, 1, 82).
cost(15, 2, 65).
cost(15, 3, 20).
cost(15, 4, 57).
cost(15, 5, 59).
cost(15, 6, 22).
cost(15, 7, 11).
cost(15, 8, 73).
cost(15, 9, 26).
cost(15, 10, 68).
cost(15, 11, 27).
cost(15, 12, 100).
cost(15, 13, 40).
cost(15, 14, 18).
cost(15, 16, 66).
cost(15, 17, 16).
cost(15, 18, 49).
cost(15, 19, 29).
cost(15, 20, 39).
cost(15, 21, 78).
cost(15, 22, 73).
cost(15, 23, 73).
cost(16, 1, 44).
cost(16, 2, 52).
cost(16, 3, 70).
cost(16, 4, 32).
cost(16, 5, 18).
cost(16, 6, 74).
cost(16, 7, 60).
cost(16, 8, 29).
cost(16, 9, 51).
cost(16, 10, 38).
cost(16, 11, 73).
cost(16, 12, 65).
cost(16, 13, 45).
cost(16, 14, 62).
cost(16, 15, 66).
cost(16, 17, 56).
cost(16, 18, 48).
cost(16, 19, 39).
cost(16, 20, 27).
cost(16, 21, 26).
cost(16, 22, 54).
cost(16, 23, 31).
cost(17, 1, 67).
cost(17, 2, 49).
cost(17, 3, 15).
cost(17, 4, 43).
cost(17, 5, 46).
cost(17, 6, 19).
cost(17, 7, 5).
cost(17, 8, 59).
cost(17, 9, 30).
cost(17, 10, 67).
cost(17, 11, 20).
cost(17, 12, 84).
cost(17, 13, 42).
cost(17, 14, 7).
cost(17, 15, 16).
cost(17, 16, 56).
cost(17, 18, 52).
cost(17, 19, 18).
cost(17, 20, 30).
cost(17, 21, 73).
cost(17, 22, 58).
cost(17, 23, 58).
cost(18, 1, 87).
cost(18, 2, 83).
cost(18, 3, 65).
cost(18, 4, 66).
cost(18, 5, 56).
cost(18, 6, 68).
cost(18, 7, 51).
cost(18, 8, 73).
cost(18, 9, 23).
cost(18, 10, 24).
cost(18, 11, 71).
cost(18, 12, 108).
cost(18, 13, 10).
cost(18, 14, 59).
cost(18, 15, 49).
cost(18, 16, 48).
cost(18, 17, 52).
cost(18, 19, 42).
cost(18, 20, 38).
cost(18, 21, 43).
cost(18, 22, 89).
cost(18, 23, 74).
cost(19, 1, 56).
cost(19, 2, 44).
cost(19, 3, 32).
cost(19, 4, 31).
cost(19, 5, 30).
cost(19, 6, 36).
cost(19, 7, 21).
cost(19, 8, 45).
cost(19, 9, 26).
cost(19, 10, 52).
cost(19, 11, 36).
cost(19, 12, 75).
cost(19, 13, 33).
cost(19, 14, 24).
cost(19, 15, 29).
cost(19, 16, 39).
cost(19, 17, 18).
cost(19, 18, 42).
cost(19, 20, 12).
cost(19, 21, 56).
cost(19, 22, 51).
cost(19, 23, 45).
cost(20, 1, 52).
cost(20, 2, 46).
cost(20, 3, 44).
cost(20, 4, 29).
cost(20, 5, 22).
cost(20, 6, 48).
cost(20, 7, 33).
cost(20, 8, 39).
cost(20, 9, 28).
cost(20, 10, 42).
cost(20, 11, 48).
cost(20, 12, 73).
cost(20, 13, 30).
cost(20, 14, 36).
cost(20, 15, 39).
cost(20, 16, 27).
cost(20, 17, 30).
cost(20, 18, 38).
cost(20, 19, 12).
cost(20, 21, 44).
cost(20, 22, 52).
cost(20, 23, 40).
cost(21, 1, 68).
cost(21, 2, 78).
cost(21, 3, 87).
cost(21, 4, 58).
cost(21, 5, 43).
cost(21, 6, 92).
cost(21, 7, 75).
cost(21, 8, 54).
cost(21, 9, 56).
cost(21, 10, 21).
cost(21, 11, 92).
cost(21, 12, 89).
cost(21, 13, 45).
cost(21, 14, 80).
cost(21, 15, 78).
cost(21, 16, 26).
cost(21, 17, 73).
cost(21, 18, 43).
cost(21, 19, 56).
cost(21, 20, 44).
cost(21, 22, 79).
cost(21, 23, 56).
cost(22, 1, 19).
cost(22, 2, 9).
cost(22, 3, 62).
cost(22, 4, 24).
cost(22, 5, 37).
cost(22, 6, 64).
cost(22, 7, 62).
cost(22, 8, 28).
cost(22, 9, 77).
cost(22, 10, 88).
cost(22, 11, 59).
cost(22, 12, 27).
cost(22, 13, 81).
cost(22, 14, 57).
cost(22, 15, 73).
cost(22, 16, 54).
cost(22, 17, 58).
cost(22, 18, 89).
cost(22, 19, 51).
cost(22, 20, 52).
cost(22, 21, 79).
cost(22, 23, 25).
cost(23, 1, 13).
cost(23, 2, 27).
cost(23, 3, 68).
cost(23, 4, 16).
cost(23, 5, 18).
cost(23, 6, 71).
cost(23, 7, 63).
cost(23, 8, 3).
cost(23, 9, 68).
cost(23, 10, 68).
cost(23, 11, 67).
cost(23, 12, 35).
cost(23, 13, 68).
cost(23, 14, 61).
cost(23, 15, 73).
cost(23, 16, 31).
cost(23, 17, 58).
cost(23, 18, 74).
cost(23, 19, 45).
cost(23, 20, 40).
cost(23, 21, 56).
cost(23, 22, 25).
nocross(1,2).
nocross(1,4).
nocross(1,5).
nocross(1,8).
nocross(1,12).
nocross(1,16).
nocross(1,22).
nocross(1,23).
nocross(2,1).
nocross(2,4).
nocross(2,5).
nocross(2,8).
nocross(2,11).
nocross(2,12).
nocross(2,22).
nocross(2,23).
nocross(3,6).
nocross(3,7).
nocross(3,11).
nocross(3,14).
nocross(3,15).
nocross(3,17).
nocross(3,19).
nocross(4,1).
nocross(4,2).
nocross(4,5).
nocross(4,8).
nocross(4,16).
nocross(4,17).
nocross(4,19).
nocross(4,20).
nocross(4,22).
nocross(4,23).
nocross(5,1).
nocross(5,2).
nocross(5,4).
nocross(5,8).
nocross(5,16).
nocross(5,19).
nocross(5,20).
nocross(5,21).
nocross(5,23).
nocross(6,3).
nocross(6,7).
nocross(6,11).
nocross(6,14).
nocross(6,15).
nocross(6,17).
nocross(7,3).
nocross(7,6).
nocross(7,9).
nocross(7,11).
nocross(7,13).
nocross(7,14).
nocross(7,15).
nocross(7,17).
nocross(7,19).
nocross(7,20).
nocross(8,1).
nocross(8,2).
nocross(8,4).
nocross(8,5).
nocross(8,12).
nocross(8,16).
nocross(8,22).
nocross(8,23).
nocross(9,3).
nocross(9,6).
nocross(9,7).
nocross(9,13).
nocross(9,15).
nocross(9,17).
nocross(9,18).
nocross(9,19).
nocross(9,20).
nocross(10,9).
nocross(10,13).
nocross(10,16).
nocross(10,18).
nocross(10,20).
nocross(10,21).
nocross(11,2).
nocross(11,3).
nocross(11,6).
nocross(11,7).
nocross(11,14).
nocross(11,15).
nocross(11,17).
nocross(12,1).
nocross(12,2).
nocross(12,4).
nocross(12,8).
nocross(12,22).
nocross(12,23).
nocross(13,7).
nocross(13,9).
nocross(13,10).
nocross(13,15).
nocross(13,17).
nocross(13,18).
nocross(13,19).
nocross(13,20).
nocross(14,2).
nocross(14,3).
nocross(14,6).
nocross(14,7).
nocross(14,11).
nocross(14,15).
nocross(14,17).
nocross(14,19).
nocross(15,3).
nocross(15,6).
nocross(15,7).
nocross(15,9).
nocross(15,11).
nocross(15,13).
nocross(15,14).
nocross(15,17).
nocross(15,18).
nocross(15,19).
nocross(16,1).
nocross(16,4).
nocross(16,5).
nocross(16,8).
nocross(16,10).
nocross(16,13).
nocross(16,19).
nocross(16,20).
nocross(16,21).
nocross(16,23).
nocross(17,3).
nocross(17,6).
nocross(17,7).
nocross(17,9).
nocross(17,11).
nocross(17,13).
nocross(17,14).
nocross(17,15).
nocross(17,19).
nocross(17,20).
nocross(18,9).
nocross(18,10).
nocross(18,13).
nocross(18,15).
nocross(18,20).
nocross(18,21).
nocross(19,3).
nocross(19,4).
nocross(19,5).
nocross(19,7).
nocross(19,9).
nocross(19,13).
nocross(19,14).
nocross(19,15).
nocross(19,17).
nocross(19,18).
nocross(19,20).
nocross(20,4).
nocross(20,5).
nocross(20,7).
nocross(20,9).
nocross(20,13).
nocross(20,16).
nocross(20,17).
nocross(20,18).
nocross(20,19).
nocross(21,5).
nocross(21,8).
nocross(21,10).
nocross(21,13).
nocross(21,16).
nocross(21,18).
nocross(21,20).
nocross(22,1).
nocross(22,2).
nocross(22,4).
nocross(22,8).
nocross(22,11).
nocross(22,12).
nocross(22,23).
nocross(23,1).
nocross(23,2).
nocross(23,4).
nocross(23,5).
nocross(23,8).
nocross(23,12).
nocross(23,16).
nocross(23,22).
