dimension(23).
point(1, 18.9989200601, 17.9473321618).
point(2, 81.6476363607, 23.1212638221).
point(3, 93.4450505716, 44.684233092).
point(4, 24.3791149029, 48.6449975841).
point(5, 21.6320269842, 97.2684456847).
point(6, 82.3276775541, 20.8774712697).
point(7, 48.0002408304, 96.7258832794).
point(8, 87.8456048127, 41.3709888472).
point(9, 97.4621147611, 20.5348719733).
point(10, 13.8144902335, 25.8177216332).
point(11, 22.8313031699, 4.5173527064).
point(12, 35.3529729931, 6.4605437388).
point(13, 49.5882405713, 51.9431278998).
point(14, 60.902162358, 58.5864377597).
point(15, 19.491625848, 62.8629246699).
point(16, 17.5478350537, 50.0167976934).
point(17, 51.2171617758, 42.5017875765).
point(18, 92.7222151195, 61.6798703574).
point(19, 62.4701848451, 33.9614759141).
point(20, 64.6174961302, 89.7952607678).
point(21, 93.8624269795, 44.7528722204).
point(22, 56.3012090772, 95.9127146056).
point(23, 19.5921973158, 57.7802326998).
cost(1, 2, 63).
cost(1, 3, 79).
cost(1, 4, 31).
cost(1, 5, 79).
cost(1, 6, 63).
cost(1, 7, 84).
cost(1, 8, 73).
cost(1, 9, 79).
cost(1, 10, 9).
cost(1, 11, 14).
cost(1, 12, 20).
cost(1, 13, 46).
cost(1, 14, 58).
cost(1, 15, 45).
cost(1, 16, 32).
cost(1, 17, 41).
cost(1, 18, 86).
cost(1, 19, 46).
cost(1, 20, 85).
cost(1, 21, 80).
cost(1, 22, 86).
cost(1, 23, 40).
cost(2, 1, 63).
cost(2, 3, 25).
cost(2, 4, 63).
cost(2, 5, 95).
cost(2, 6, 2).
cost(2, 7, 81).
cost(2, 8, 19).
cost(2, 9, 16).
cost(2, 10, 68).
cost(2, 11, 62).
cost(2, 12, 49).
cost(2, 13, 43).
cost(2, 14, 41).
cost(2, 15, 74).
cost(2, 16, 70).
cost(2, 17, 36).
cost(2, 18, 40).
cost(2, 19, 22).
cost(2, 20, 69).
cost(2, 21, 25).
cost(2, 22, 77).
cost(2, 23, 71).
cost(3, 1, 79).
cost(3, 2, 25).
cost(3, 4, 69).
cost(3, 5, 89).
cost(3, 6, 26).
cost(3, 7, 69).
cost(3, 8, 7).
cost(3, 9, 24).
cost(3, 10, 82).
cost(3, 11, 81).
cost(3, 12, 70).
cost(3, 13, 44).
cost(3, 14, 35).
cost(3, 15, 76).
cost(3, 16, 76).
cost(3, 17, 42).
cost(3, 18, 17).
cost(3, 19, 33).
cost(3, 20, 54).
cost(3, 21, 0).
cost(3, 22, 63).
cost(3, 23, 75).
cost(4, 1, 31).
cost(4, 2, 63).
cost(4, 3, 69).
cost(4, 5, 49).
cost(4, 6, 64).
cost(4, 7, 54).
cost(4, 8, 64).
cost(4, 9, 78).
cost(4, 10, 25).
cost(4, 11, 44).
cost(4, 12, 44).
cost(4, 13, 25).
cost(4, 14, 38).
cost(4, 15, 15).
cost(4, 16, 7).
cost(4, 17, 28).
cost(4, 18, 70).
cost(4, 19, 41).
cost(4, 20, 58).
cost(4, 21, 70).
cost(4, 22, 57).
cost(4, 23, 10).
cost(5, 1, 79).
cost(5, 2, 95).
cost(5, 3, 89).
cost(5, 4, 49).
cost(5, 6, 98).
cost(5, 7, 26).
cost(5, 8, 87).
cost(5, 9, 108).
cost(5, 10, 72).
cost(5, 11, 93).
cost(5, 12, 92).
cost(5, 13, 53).
cost(5, 14, 55).
cost(5, 15, 34).
cost(5, 16, 47).
cost(5, 17, 62).
cost(5, 18, 80).
cost(5, 19, 75).
cost(5, 20, 44).
cost(5, 21, 89).
cost(5, 22, 35).
cost(5, 23, 40).
cost(6, 1, 63).
cost(6, 2, 2).
cost(6, 3, 26).
cost(6, 4, 64).
cost(6, 5, 98).
cost(6, 7, 83).
cost(6, 8, 21).
cost(6, 9, 15).
cost(6, 10, 69).
cost(6, 11, 62).
cost(6, 12, 49).
cost(6, 13, 45).
cost(6, 14, 43).
cost(6, 15, 76).
cost(6, 16, 71).
cost(6, 17, 38).
cost(6, 18, 42).
cost(6, 19, 24).
cost(6, 20, 71).
cost(6, 21, 27).
cost(6, 22, 79).
cost(6, 23, 73).
cost(7, 1, 84).
cost(7, 2, 81).
cost(7, 3, 69).
cost(7, 4, 54).
cost(7, 5, 26).
cost(7, 6, 83).
cost(7, 8, 68).
cost(7, 9, 91).
cost(7, 10, 79).
cost(7, 11, 96).
cost(7, 12, 91).
cost(7, 13, 45).
cost(7, 14, 40).
cost(7, 15, 44).
cost(7, 16, 56).
cost(7, 17, 54).
cost(7, 18, 57).
cost(7, 19, 64).
cost(7, 20, 18).
cost(7, 21, 69).
cost(7, 22, 8).
cost(7, 23, 48).
cost(8, 1, 73).
cost(8, 2, 19).
cost(8, 3, 7).
cost(8, 4, 64).
cost(8, 5, 87).
cost(8, 6, 21).
cost(8, 7, 68).
cost(8, 9, 23).
cost(8, 10, 76).
cost(8, 11, 75).
cost(8, 12, 63).
cost(8, 13, 40).
cost(8, 14, 32).
cost(8, 15, 72).
cost(8, 16, 71).
cost(8, 17, 37).
cost(8, 18, 21).
cost(8, 19, 26).
cost(8, 20, 54).
cost(8, 21, 7).
cost(8, 22, 63).
cost(8, 23, 70).
cost(9, 1, 79).
cost(9, 2, 16).
cost(9, 3, 24).
cost(9, 4, 78).
cost(9, 5, 108).
cost(9, 6, 15).
cost(9, 7, 91).
cost(9, 8, 23).
cost(9, 10, 84).
cost(9, 11, 76).
cost(9, 12, 64).
cost(9, 13, 57).
cost(9, 14, 53).
cost(9, 15, 89).
cost(9, 16, 85).
cost(9, 17, 51).
cost(9, 18, 41).
cost(9, 19, 37).
cost(9, 20, 77).
cost(9, 21, 24).
cost(9, 22, 86).
cost(9, 23, 86).
cost(10, 1, 9).
cost(10, 2, 68).
cost(10, 3, 82).
cost(10, 4, 25).
cost(10, 5, 72).
cost(10, 6, 69).
cost(10, 7, 79).
cost(10, 8, 76).
cost(10, 9, 84).
cost(10, 11, 23).
cost(10, 12, 29).
cost(10, 13, 44).
cost(10, 14, 57).
cost(10, 15, 37).
cost(10, 16, 24).
cost(10, 17, 41).
cost(10, 18, 87).
cost(10, 19, 49).
cost(10, 20, 82).
cost(10, 21, 82).
cost(10, 22, 82).
cost(10, 23, 32).
cost(11, 1, 14).
cost(11, 2, 62).
cost(11, 3, 81).
cost(11, 4, 44).
cost(11, 5, 93).
cost(11, 6, 62).
cost(11, 7, 96).
cost(11, 8, 75).
cost(11, 9, 76).
cost(11, 10, 23).
cost(11, 12, 13).
cost(11, 13, 54).
cost(11, 14, 66).
cost(11, 15, 58).
cost(11, 16, 46).
cost(11, 17, 47).
cost(11, 18, 90).
cost(11, 19, 49).
cost(11, 20, 95).
cost(11, 21, 82).
cost(11, 22, 97).
cost(11, 23, 53).
cost(12, 1, 20).
cost(12, 2, 49).
cost(12, 3, 70).
cost(12, 4, 44).
cost(12, 5, 92).
cost(12, 6, 49).
cost(12, 7, 91).
cost(12, 8, 63).
cost(12, 9, 64).
cost(12, 10, 29).
cost(12, 11, 13).
cost(12, 13, 48).
cost(12, 14, 58).
cost(12, 15, 59).
cost(12, 16, 47).
cost(12, 17, 39).
cost(12, 18, 80).
cost(12, 19, 39).
cost(12, 20, 88).
cost(12, 21, 70).
cost(12, 22, 92).
cost(12, 23, 54).
cost(13, 1, 46).
cost(13, 2, 43).
cost(13, 3, 44).
cost(13, 4, 25).
cost(13, 5, 53).
cost(13, 6, 45).
cost(13, 7, 45).
cost(13, 8, 40).
cost(13, 9, 57).
cost(13, 10, 44).
cost(13, 11, 54).
cost(13, 12, 48).
cost(13, 14, 13).
cost(13, 15, 32).
cost(13, 16, 32).
cost(13, 17, 10).
cost(13, 18, 44).
cost(13, 19, 22).
cost(13, 20, 41).
cost(13, 21, 45).
cost(13, 22, 44).
cost(13, 23, 31).
cost(14, 1, 58).
cost(14, 2, 41).
cost(14, 3, 35).
cost(14, 4, 38).
cost(14, 5, 55).
cost(14, 6, 43).
cost(14, 7, 40).
cost(14, 8, 32).
cost(14, 9, 53).
cost(14, 10, 57).
cost(14, 11, 66).
cost(14, 12, 58).
cost(14, 13, 13).
cost(14, 15, 42).
cost(14, 16, 44).
cost(14, 17, 19).
cost(14, 18, 32).
cost(14, 19, 25).
cost(14, 20, 31).
cost(14, 21, 36).
cost(14, 22, 38).
cost(14, 23, 41).
cost(15, 1, 45).
cost(15, 2, 74).
cost(15, 3, 76).
cost(15, 4, 15).
cost(15, 5, 34).
cost(15, 6, 76).
cost(15, 7, 44).
cost(15, 8, 72).
cost(15, 9, 89).
cost(15, 10, 37).
cost(15, 11, 58).
cost(15, 12, 59).
cost(15, 13, 32).
cost(15, 14, 42).
cost(15, 16, 13).
cost(15, 17, 38).
cost(15, 18, 73).
cost(15, 19, 52).
cost(15, 20, 53).
cost(15, 21, 77).
cost(15, 22, 49).
cost(15, 23, 5).
cost(16, 1, 32).
cost(16, 2, 70).
cost(16, 3, 76).
cost(16, 4, 7).
cost(16, 5, 47).
cost(16, 6, 71).
cost(16, 7, 56).
cost(16, 8, 71).
cost(16, 9, 85).
cost(16, 10, 24).
cost(16, 11, 46).
cost(16, 12, 47).
cost(16, 13, 32).
cost(16, 14, 44).
cost(16, 15, 13).
cost(16, 17, 34).
cost(16, 18, 76).
cost(16, 19, 48).
cost(16, 20, 62).
cost(16, 21, 76).
cost(16, 22, 60).
cost(16, 23, 8).
cost(17, 1, 41).
cost(17, 2, 36).
cost(17, 3, 42).
cost(17, 4, 28).
cost(17, 5, 62).
cost(17, 6, 38).
cost(17, 7, 54).
cost(17, 8, 37).
cost(17, 9, 51).
cost(17, 10, 41).
cost(17, 11, 47).
cost(17, 12, 39).
cost(17, 13, 10).
cost(17, 14, 19).
cost(17, 15, 38).
cost(17, 16, 34).
cost(17, 18, 46).
cost(17, 19, 14).
cost(17, 20, 49).
cost(17, 21, 43).
cost(17, 22, 54).
cost(17, 23, 35).
cost(18, 1, 86).
cost(18, 2, 40).
cost(18, 3, 17).
cost(18, 4, 70).
cost(18, 5, 80).
cost(18, 6, 42).
cost(18, 7, 57).
cost(18, 8, 21).
cost(18, 9, 41).
cost(18, 10, 87).
cost(18, 11, 90).
cost(18, 12, 80).
cost(18, 13, 44).
cost(18, 14, 32).
cost(18, 15, 73).
cost(18, 16, 76).
cost(18, 17, 46).
cost(18, 19, 41).
cost(18, 20, 40).
cost(18, 21, 17).
cost(18, 22, 50).
cost(18, 23, 73).
cost(19, 1, 46).
cost(19, 2, 22).
cost(19, 3, 33).
cost(19, 4, 41).
cost(19, 5, 75).
cost(19, 6, 24).
cost(19, 7, 64).
cost(19, 8, 26).
cost(19, 9, 37).
cost(19, 10, 49).
cost(19, 11, 49).
cost(19, 12, 39).
cost(19, 13, 22).
cost(19, 14, 25).
cost(19, 15, 52).
cost(19, 16, 48).
cost(19, 17, 14).
cost(19, 18, 41).
cost(19, 20, 56).
cost(19, 21, 33).
cost(19, 22, 62).
cost(19, 23, 49).
cost(20, 1, 85).
cost(20, 2, 69).
cost(20, 3, 54).
cost(20, 4, 58).
cost(20, 5, 44).
cost(20, 6, 71).
cost(20, 7, 18).
cost(20, 8, 54).
cost(20, 9, 77).
cost(20, 10, 82).
cost(20, 11, 95).
cost(20, 12, 88).
cost(20, 13, 41).
cost(20, 14, 31).
cost(20, 15, 53).
cost(20, 16, 62).
cost(20, 17, 49).
cost(20, 18, 40).
cost(20, 19, 56).
cost(20, 21, 54).
cost(20, 22, 10).
cost(20, 23, 55).
cost(21, 1, 80).
cost(21, 2, 25).
cost(21, 3, 0).
cost(21, 4, 70).
cost(21, 5, 89).
cost(21, 6, 27).
cost(21, 7, 69).
cost(21, 8, 7).
cost(21, 9, 24).
cost(21, 10, 82).
cost(21, 11, 82).
cost(21, 12, 70).
cost(21, 13, 45).
cost(21, 14, 36).
cost(21, 15, 77).
cost(21, 16, 76).
cost(21, 17, 43).
cost(21, 18, 17).
cost(21, 19, 33).
cost(21, 20, 54).
cost(21, 22, 63).
cost(21, 23, 75).
cost(22, 1, 86).
cost(22, 2, 77).
cost(22, 3, 63).
cost(22, 4, 57).
cost(22, 5, 35).
cost(22, 6, 79).
cost(22, 7, 8).
cost(22, 8, 63).
cost(22, 9, 86).
cost(22, 10, 82).
cost(22, 11, 97).
cost(22, 12, 92).
cost(22, 13, 44).
cost(22, 14, 38).
cost(22, 15, 49).
cost(22, 16, 60).
cost(22, 17, 54).
cost(22, 18, 50).
cost(22, 19, 62).
cost(22, 20, 10).
cost(22, 21, 63).
cost(22, 23, 53).
cost(23, 1, 40).
cost(23, 2, 71).
cost(23, 3, 75).
cost(23, 4, 10).
cost(23, 5, 40).
cost(23, 6, 73).
cost(23, 7, 48).
cost(23, 8, 70).
cost(23, 9, 86).
cost(23, 10, 32).
cost(23, 11, 53).
cost(23, 12, 54).
cost(23, 13, 31).
cost(23, 14, 41).
cost(23, 15, 5).
cost(23, 16, 8).
cost(23, 17, 35).
cost(23, 18, 73).
cost(23, 19, 49).
cost(23, 20, 55).
cost(23, 21, 75).
cost(23, 22, 53).
nocross(1,4).
nocross(1,10).
nocross(1,11).
nocross(1,12).
nocross(1,15).
nocross(1,16).
nocross(1,17).
nocross(1,19).
nocross(1,23).
nocross(2,3).
nocross(2,6).
nocross(2,8).
nocross(2,9).
nocross(2,13).
nocross(2,14).
nocross(2,17).
nocross(2,18).
nocross(2,19).
nocross(2,21).
nocross(3,2).
nocross(3,6).
nocross(3,8).
nocross(3,9).
nocross(3,14).
nocross(3,18).
nocross(3,19).
nocross(3,20).
nocross(3,21).
nocross(4,1).
nocross(4,10).
nocross(4,12).
nocross(4,13).
nocross(4,14).
nocross(4,15).
nocross(4,16).
nocross(4,17).
nocross(4,23).
nocross(5,4).
nocross(5,7).
nocross(5,15).
nocross(5,16).
nocross(5,20).
nocross(5,22).
nocross(5,23).
nocross(6,2).
nocross(6,3).
nocross(6,8).
nocross(6,9).
nocross(6,17).
nocross(6,19).
nocross(6,21).
nocross(7,5).
nocross(7,13).
nocross(7,14).
nocross(7,15).
nocross(7,20).
nocross(7,22).
nocross(8,2).
nocross(8,3).
nocross(8,6).
nocross(8,9).
nocross(8,13).
nocross(8,14).
nocross(8,17).
nocross(8,19).
nocross(8,21).
nocross(9,2).
nocross(9,3).
nocross(9,6).
nocross(9,8).
nocross(9,18).
nocross(9,19).
nocross(9,21).
nocross(10,1).
nocross(10,4).
nocross(10,11).
nocross(10,12).
nocross(10,15).
nocross(10,16).
nocross(10,23).
nocross(11,1).
nocross(11,4).
nocross(11,10).
nocross(11,12).
nocross(11,16).
nocross(11,17).
nocross(11,19).
nocross(11,23).
nocross(12,1).
nocross(12,4).
nocross(12,10).
nocross(12,11).
nocross(12,17).
nocross(12,19).
nocross(13,2).
nocross(13,4).
nocross(13,7).
nocross(13,8).
nocross(13,14).
nocross(13,15).
nocross(13,16).
nocross(13,17).
nocross(13,19).
nocross(13,20).
nocross(13,22).
nocross(13,23).
nocross(14,2).
nocross(14,3).
nocross(14,4).
nocross(14,6).
nocross(14,7).
nocross(14,8).
nocross(14,13).
nocross(14,15).
nocross(14,17).
nocross(14,18).
nocross(14,19).
nocross(14,20).
nocross(14,21).
nocross(14,22).
nocross(14,23).
nocross(15,1).
nocross(15,4).
nocross(15,5).
nocross(15,7).
nocross(15,10).
nocross(15,13).
nocross(15,14).
nocross(15,16).
nocross(15,17).
nocross(15,22).
nocross(15,23).
nocross(16,1).
nocross(16,4).
nocross(16,5).
nocross(16,10).
nocross(16,11).
nocross(16,13).
nocross(16,15).
nocross(16,17).
nocross(16,23).
nocross(17,1).
nocross(17,2).
nocross(17,4).
nocross(17,6).
nocross(17,8).
nocross(17,10).
nocross(17,12).
nocross(17,13).
nocross(17,14).
nocross(17,15).
nocross(17,16).
nocross(17,19).
nocross(17,23).
nocross(18,2).
nocross(18,3).
nocross(18,6).
nocross(18,8).
nocross(18,9).
nocross(18,13).
nocross(18,14).
nocross(18,19).
nocross(18,20).
nocross(18,21).
nocross(18,22).
nocross(19,1).
nocross(19,2).
nocross(19,3).
nocross(19,4).
nocross(19,6).
nocross(19,8).
nocross(19,9).
nocross(19,12).
nocross(19,13).
nocross(19,14).
nocross(19,16).
nocross(19,17).
nocross(19,21).
nocross(20,7).
nocross(20,13).
nocross(20,14).
nocross(20,18).
nocross(20,22).
nocross(21,2).
nocross(21,3).
nocross(21,6).
nocross(21,8).
nocross(21,9).
nocross(21,14).
nocross(21,18).
nocross(21,19).
nocross(22,5).
nocross(22,7).
nocross(22,13).
nocross(22,14).
nocross(22,20).
nocross(23,1).
nocross(23,4).
nocross(23,5).
nocross(23,10).
nocross(23,13).
nocross(23,14).
nocross(23,15).
nocross(23,16).
nocross(23,17).
