dimension(23).
point(1, 96.3493888448, 87.3974355108).
point(2, 54.2297503761, 87.4061234097).
point(3, 7.0356339689, 4.0380779301).
point(4, 36.1002186598, 56.2158007497).
point(5, 38.0906810037, 43.3237909466).
point(6, 76.517384421, 89.2904640978).
point(7, 63.373698693, 32.2384650771).
point(8, 96.9614907146, 48.9239632686).
point(9, 9.5162462284, 19.4770079196).
point(10, 72.0485769822, 18.0122544714).
point(11, 9.4967078665, 13.8311383061).
point(12, 37.6578630561, 34.4556743177).
point(13, 77.4402388685, 83.3974916909).
point(14, 9.4945480209, 38.8138339544).
point(15, 69.7022705311, 55.9323046246).
point(16, 20.4464257747, 80.5243166038).
point(17, 59.1825322999, 45.0328985943).
point(18, 19.6804913827, 76.5391837079).
point(19, 98.9149552939, 33.5189530687).
point(20, 33.9760525796, 75.7244831748).
point(21, 77.0383479658, 38.0926336128).
point(22, 29.6996585713, 86.9901001001).
point(23, 99.6845000141, 31.6391309944).
cost(1, 2, 42).
cost(1, 3, 122).
cost(1, 4, 68).
cost(1, 5, 73).
cost(1, 6, 20).
cost(1, 7, 64).
cost(1, 8, 38).
cost(1, 9, 110).
cost(1, 10, 74).
cost(1, 11, 114).
cost(1, 12, 79).
cost(1, 13, 19).
cost(1, 14, 100).
cost(1, 15, 41).
cost(1, 16, 76).
cost(1, 17, 56).
cost(1, 18, 77).
cost(1, 19, 54).
cost(1, 20, 63).
cost(1, 21, 53).
cost(1, 22, 67).
cost(1, 23, 56).
cost(2, 1, 42).
cost(2, 3, 96).
cost(2, 4, 36).
cost(2, 5, 47).
cost(2, 6, 22).
cost(2, 7, 56).
cost(2, 8, 58).
cost(2, 9, 81).
cost(2, 10, 72).
cost(2, 11, 86).
cost(2, 12, 55).
cost(2, 13, 24).
cost(2, 14, 66).
cost(2, 15, 35).
cost(2, 16, 34).
cost(2, 17, 43).
cost(2, 18, 36).
cost(2, 19, 70).
cost(2, 20, 23).
cost(2, 21, 54).
cost(2, 22, 25).
cost(2, 23, 72).
cost(3, 1, 122).
cost(3, 2, 96).
cost(3, 4, 60).
cost(3, 5, 50).
cost(3, 6, 110).
cost(3, 7, 63).
cost(3, 8, 101).
cost(3, 9, 16).
cost(3, 10, 66).
cost(3, 11, 10).
cost(3, 12, 43).
cost(3, 13, 106).
cost(3, 14, 35).
cost(3, 15, 81).
cost(3, 16, 78).
cost(3, 17, 66).
cost(3, 18, 74).
cost(3, 19, 96).
cost(3, 20, 77).
cost(3, 21, 78).
cost(3, 22, 86).
cost(3, 23, 97).
cost(4, 1, 68).
cost(4, 2, 36).
cost(4, 3, 60).
cost(4, 5, 13).
cost(4, 6, 52).
cost(4, 7, 36).
cost(4, 8, 61).
cost(4, 9, 45).
cost(4, 10, 52).
cost(4, 11, 50).
cost(4, 12, 22).
cost(4, 13, 49).
cost(4, 14, 32).
cost(4, 15, 34).
cost(4, 16, 29).
cost(4, 17, 26).
cost(4, 18, 26).
cost(4, 19, 67).
cost(4, 20, 20).
cost(4, 21, 45).
cost(4, 22, 31).
cost(4, 23, 68).
cost(5, 1, 73).
cost(5, 2, 47).
cost(5, 3, 50).
cost(5, 4, 13).
cost(5, 6, 60).
cost(5, 7, 28).
cost(5, 8, 59).
cost(5, 9, 37).
cost(5, 10, 42).
cost(5, 11, 41).
cost(5, 12, 9).
cost(5, 13, 56).
cost(5, 14, 29).
cost(5, 15, 34).
cost(5, 16, 41).
cost(5, 17, 21).
cost(5, 18, 38).
cost(5, 19, 62).
cost(5, 20, 33).
cost(5, 21, 39).
cost(5, 22, 44).
cost(5, 23, 63).
cost(6, 1, 20).
cost(6, 2, 22).
cost(6, 3, 110).
cost(6, 4, 52).
cost(6, 5, 60).
cost(6, 7, 59).
cost(6, 8, 45).
cost(6, 9, 97).
cost(6, 10, 71).
cost(6, 11, 101).
cost(6, 12, 67).
cost(6, 13, 6).
cost(6, 14, 84).
cost(6, 15, 34).
cost(6, 16, 57).
cost(6, 17, 48).
cost(6, 18, 58).
cost(6, 19, 60).
cost(6, 20, 45).
cost(6, 21, 51).
cost(6, 22, 47).
cost(6, 23, 62).
cost(7, 1, 64).
cost(7, 2, 56).
cost(7, 3, 63).
cost(7, 4, 36).
cost(7, 5, 28).
cost(7, 6, 59).
cost(7, 8, 38).
cost(7, 9, 55).
cost(7, 10, 17).
cost(7, 11, 57).
cost(7, 12, 26).
cost(7, 13, 53).
cost(7, 14, 54).
cost(7, 15, 25).
cost(7, 16, 65).
cost(7, 17, 13).
cost(7, 18, 62).
cost(7, 19, 36).
cost(7, 20, 52).
cost(7, 21, 15).
cost(7, 22, 64).
cost(7, 23, 36).
cost(8, 1, 38).
cost(8, 2, 58).
cost(8, 3, 101).
cost(8, 4, 61).
cost(8, 5, 59).
cost(8, 6, 45).
cost(8, 7, 38).
cost(8, 9, 92).
cost(8, 10, 40).
cost(8, 11, 94).
cost(8, 12, 61).
cost(8, 13, 40).
cost(8, 14, 88).
cost(8, 15, 28).
cost(8, 16, 83).
cost(8, 17, 38).
cost(8, 18, 82).
cost(8, 19, 16).
cost(8, 20, 68).
cost(8, 21, 23).
cost(8, 22, 77).
cost(8, 23, 17).
cost(9, 1, 110).
cost(9, 2, 81).
cost(9, 3, 16).
cost(9, 4, 45).
cost(9, 5, 37).
cost(9, 6, 97).
cost(9, 7, 55).
cost(9, 8, 92).
cost(9, 10, 63).
cost(9, 11, 6).
cost(9, 12, 32).
cost(9, 13, 93).
cost(9, 14, 19).
cost(9, 15, 70).
cost(9, 16, 62).
cost(9, 17, 56).
cost(9, 18, 58).
cost(9, 19, 90).
cost(9, 20, 61).
cost(9, 21, 70).
cost(9, 22, 70).
cost(9, 23, 91).
cost(10, 1, 74).
cost(10, 2, 72).
cost(10, 3, 66).
cost(10, 4, 52).
cost(10, 5, 42).
cost(10, 6, 71).
cost(10, 7, 17).
cost(10, 8, 40).
cost(10, 9, 63).
cost(10, 11, 63).
cost(10, 12, 38).
cost(10, 13, 66).
cost(10, 14, 66).
cost(10, 15, 38).
cost(10, 16, 81).
cost(10, 17, 30).
cost(10, 18, 79).
cost(10, 19, 31).
cost(10, 20, 69).
cost(10, 21, 21).
cost(10, 22, 81).
cost(10, 23, 31).
cost(11, 1, 114).
cost(11, 2, 86).
cost(11, 3, 10).
cost(11, 4, 50).
cost(11, 5, 41).
cost(11, 6, 101).
cost(11, 7, 57).
cost(11, 8, 94).
cost(11, 9, 6).
cost(11, 10, 63).
cost(11, 12, 35).
cost(11, 13, 97).
cost(11, 14, 25).
cost(11, 15, 73).
cost(11, 16, 68).
cost(11, 17, 59).
cost(11, 18, 64).
cost(11, 19, 92).
cost(11, 20, 67).
cost(11, 21, 72).
cost(11, 22, 76).
cost(11, 23, 92).
cost(12, 1, 79).
cost(12, 2, 55).
cost(12, 3, 43).
cost(12, 4, 22).
cost(12, 5, 9).
cost(12, 6, 67).
cost(12, 7, 26).
cost(12, 8, 61).
cost(12, 9, 32).
cost(12, 10, 38).
cost(12, 11, 35).
cost(12, 13, 63).
cost(12, 14, 28).
cost(12, 15, 39).
cost(12, 16, 49).
cost(12, 17, 24).
cost(12, 18, 46).
cost(12, 19, 61).
cost(12, 20, 41).
cost(12, 21, 40).
cost(12, 22, 53).
cost(12, 23, 62).
cost(13, 1, 19).
cost(13, 2, 24).
cost(13, 3, 106).
cost(13, 4, 49).
cost(13, 5, 56).
cost(13, 6, 6).
cost(13, 7, 53).
cost(13, 8, 40).
cost(13, 9, 93).
cost(13, 10, 66).
cost(13, 11, 97).
cost(13, 12, 63).
cost(13, 14, 81).
cost(13, 15, 29).
cost(13, 16, 57).
cost(13, 17, 42).
cost(13, 18, 58).
cost(13, 19, 54).
cost(13, 20, 44).
cost(13, 21, 45).
cost(13, 22, 48).
cost(13, 23, 56).
cost(14, 1, 100).
cost(14, 2, 66).
cost(14, 3, 35).
cost(14, 4, 32).
cost(14, 5, 29).
cost(14, 6, 84).
cost(14, 7, 54).
cost(14, 8, 88).
cost(14, 9, 19).
cost(14, 10, 66).
cost(14, 11, 25).
cost(14, 12, 28).
cost(14, 13, 81).
cost(14, 15, 63).
cost(14, 16, 43).
cost(14, 17, 50).
cost(14, 18, 39).
cost(14, 19, 90).
cost(14, 20, 44).
cost(14, 21, 68).
cost(14, 22, 52).
cost(14, 23, 90).
cost(15, 1, 41).
cost(15, 2, 35).
cost(15, 3, 81).
cost(15, 4, 34).
cost(15, 5, 34).
cost(15, 6, 34).
cost(15, 7, 25).
cost(15, 8, 28).
cost(15, 9, 70).
cost(15, 10, 38).
cost(15, 11, 73).
cost(15, 12, 39).
cost(15, 13, 29).
cost(15, 14, 63).
cost(15, 16, 55).
cost(15, 17, 15).
cost(15, 18, 54).
cost(15, 19, 37).
cost(15, 20, 41).
cost(15, 21, 19).
cost(15, 22, 51).
cost(15, 23, 39).
cost(16, 1, 76).
cost(16, 2, 34).
cost(16, 3, 78).
cost(16, 4, 29).
cost(16, 5, 41).
cost(16, 6, 57).
cost(16, 7, 65).
cost(16, 8, 83).
cost(16, 9, 62).
cost(16, 10, 81).
cost(16, 11, 68).
cost(16, 12, 49).
cost(16, 13, 57).
cost(16, 14, 43).
cost(16, 15, 55).
cost(16, 17, 53).
cost(16, 18, 4).
cost(16, 19, 91).
cost(16, 20, 14).
cost(16, 21, 71).
cost(16, 22, 11).
cost(16, 23, 93).
cost(17, 1, 56).
cost(17, 2, 43).
cost(17, 3, 66).
cost(17, 4, 26).
cost(17, 5, 21).
cost(17, 6, 48).
cost(17, 7, 13).
cost(17, 8, 38).
cost(17, 9, 56).
cost(17, 10, 30).
cost(17, 11, 59).
cost(17, 12, 24).
cost(17, 13, 42).
cost(17, 14, 50).
cost(17, 15, 15).
cost(17, 16, 53).
cost(17, 18, 51).
cost(17, 19, 41).
cost(17, 20, 40).
cost(17, 21, 19).
cost(17, 22, 51).
cost(17, 23, 43).
cost(18, 1, 77).
cost(18, 2, 36).
cost(18, 3, 74).
cost(18, 4, 26).
cost(18, 5, 38).
cost(18, 6, 58).
cost(18, 7, 62).
cost(18, 8, 82).
cost(18, 9, 58).
cost(18, 10, 79).
cost(18, 11, 64).
cost(18, 12, 46).
cost(18, 13, 58).
cost(18, 14, 39).
cost(18, 15, 54).
cost(18, 16, 4).
cost(18, 17, 51).
cost(18, 19, 90).
cost(18, 20, 14).
cost(18, 21, 69).
cost(18, 22, 14).
cost(18, 23, 92).
cost(19, 1, 54).
cost(19, 2, 70).
cost(19, 3, 96).
cost(19, 4, 67).
cost(19, 5, 62).
cost(19, 6, 60).
cost(19, 7, 36).
cost(19, 8, 16).
cost(19, 9, 90).
cost(19, 10, 31).
cost(19, 11, 92).
cost(19, 12, 61).
cost(19, 13, 54).
cost(19, 14, 90).
cost(19, 15, 37).
cost(19, 16, 91).
cost(19, 17, 41).
cost(19, 18, 90).
cost(19, 20, 77).
cost(19, 21, 22).
cost(19, 22, 87).
cost(19, 23, 2).
cost(20, 1, 63).
cost(20, 2, 23).
cost(20, 3, 77).
cost(20, 4, 20).
cost(20, 5, 33).
cost(20, 6, 45).
cost(20, 7, 52).
cost(20, 8, 68).
cost(20, 9, 61).
cost(20, 10, 69).
cost(20, 11, 67).
cost(20, 12, 41).
cost(20, 13, 44).
cost(20, 14, 44).
cost(20, 15, 41).
cost(20, 16, 14).
cost(20, 17, 40).
cost(20, 18, 14).
cost(20, 19, 77).
cost(20, 21, 57).
cost(20, 22, 12).
cost(20, 23, 79).
cost(21, 1, 53).
cost(21, 2, 54).
cost(21, 3, 78).
cost(21, 4, 45).
cost(21, 5, 39).
cost(21, 6, 51).
cost(21, 7, 15).
cost(21, 8, 23).
cost(21, 9, 70).
cost(21, 10, 21).
cost(21, 11, 72).
cost(21, 12, 40).
cost(21, 13, 45).
cost(21, 14, 68).
cost(21, 15, 19).
cost(21, 16, 71).
cost(21, 17, 19).
cost(21, 18, 69).
cost(21, 19, 22).
cost(21, 20, 57).
cost(21, 22, 68).
cost(21, 23, 24).
cost(22, 1, 67).
cost(22, 2, 25).
cost(22, 3, 86).
cost(22, 4, 31).
cost(22, 5, 44).
cost(22, 6, 47).
cost(22, 7, 64).
cost(22, 8, 77).
cost(22, 9, 70).
cost(22, 10, 81).
cost(22, 11, 76).
cost(22, 12, 53).
cost(22, 13, 48).
cost(22, 14, 52).
cost(22, 15, 51).
cost(22, 16, 11).
cost(22, 17, 51).
cost(22, 18, 14).
cost(22, 19, 87).
cost(22, 20, 12).
cost(22, 21, 68).
cost(22, 23, 89).
cost(23, 1, 56).
cost(23, 2, 72).
cost(23, 3, 97).
cost(23, 4, 68).
cost(23, 5, 63).
cost(23, 6, 62).
cost(23, 7, 36).
cost(23, 8, 17).
cost(23, 9, 91).
cost(23, 10, 31).
cost(23, 11, 92).
cost(23, 12, 62).
cost(23, 13, 56).
cost(23, 14, 90).
cost(23, 15, 39).
cost(23, 16, 93).
cost(23, 17, 43).
cost(23, 18, 92).
cost(23, 19, 2).
cost(23, 20, 79).
cost(23, 21, 24).
cost(23, 22, 89).
nocross(1,2).
nocross(1,6).
nocross(1,8).
nocross(1,13).
nocross(1,15).
nocross(1,19).
nocross(1,23).
nocross(2,1).
nocross(2,4).
nocross(2,6).
nocross(2,13).
nocross(2,15).
nocross(2,16).
nocross(2,17).
nocross(2,20).
nocross(2,22).
nocross(3,9).
nocross(3,11).
nocross(3,12).
nocross(3,14).
nocross(4,5).
nocross(4,7).
nocross(4,9).
nocross(4,11).
nocross(4,12).
nocross(4,14).
nocross(4,15).
nocross(4,16).
nocross(4,17).
nocross(4,18).
nocross(4,20).
nocross(5,4).
nocross(5,7).
nocross(5,9).
nocross(5,11).
nocross(5,12).
nocross(5,14).
nocross(5,16).
nocross(5,17).
nocross(5,18).
nocross(5,20).
nocross(5,21).
nocross(6,1).
nocross(6,2).
nocross(6,13).
nocross(6,15).
nocross(6,22).
nocross(7,4).
nocross(7,5).
nocross(7,10).
nocross(7,12).
nocross(7,15).
nocross(7,17).
nocross(7,19).
nocross(7,21).
nocross(7,23).
nocross(8,1).
nocross(8,6).
nocross(8,7).
nocross(8,13).
nocross(8,15).
nocross(8,17).
nocross(8,19).
nocross(8,21).
nocross(8,23).
nocross(9,3).
nocross(9,4).
nocross(9,5).
nocross(9,11).
nocross(9,12).
nocross(9,14).
nocross(10,5).
nocross(10,7).
nocross(10,12).
nocross(10,17).
nocross(10,19).
nocross(10,21).
nocross(10,23).
nocross(11,3).
nocross(11,5).
nocross(11,9).
nocross(11,12).
nocross(11,14).
nocross(12,3).
nocross(12,4).
nocross(12,5).
nocross(12,7).
nocross(12,9).
nocross(12,10).
nocross(12,11).
nocross(12,14).
nocross(12,17).
nocross(12,18).
nocross(12,21).
nocross(13,1).
nocross(13,2).
nocross(13,6).
nocross(13,8).
nocross(13,15).
nocross(13,17).
nocross(13,20).
nocross(14,3).
nocross(14,4).
nocross(14,5).
nocross(14,9).
nocross(14,11).
nocross(14,12).
nocross(14,16).
nocross(14,18).
nocross(14,20).
nocross(15,1).
nocross(15,4).
nocross(15,5).
nocross(15,6).
nocross(15,7).
nocross(15,8).
nocross(15,12).
nocross(15,13).
nocross(15,17).
nocross(15,19).
nocross(15,20).
nocross(15,21).
nocross(15,23).
nocross(16,2).
nocross(16,4).
nocross(16,5).
nocross(16,18).
nocross(16,20).
nocross(16,22).
nocross(17,4).
nocross(17,5).
nocross(17,7).
nocross(17,11).
nocross(17,12).
nocross(17,13).
nocross(17,15).
nocross(17,19).
nocross(17,21).
nocross(18,4).
nocross(18,5).
nocross(18,12).
nocross(18,14).
nocross(18,16).
nocross(18,20).
nocross(18,22).
nocross(19,7).
nocross(19,8).
nocross(19,10).
nocross(19,15).
nocross(19,21).
nocross(19,23).
nocross(20,2).
nocross(20,4).
nocross(20,5).
nocross(20,6).
nocross(20,12).
nocross(20,13).
nocross(20,16).
nocross(20,18).
nocross(20,22).
nocross(21,5).
nocross(21,7).
nocross(21,8).
nocross(21,10).
nocross(21,12).
nocross(21,13).
nocross(21,15).
nocross(21,17).
nocross(21,19).
nocross(21,23).
nocross(22,2).
nocross(22,4).
nocross(22,6).
nocross(22,16).
nocross(22,18).
nocross(22,20).
nocross(23,7).
nocross(23,8).
nocross(23,10).
nocross(23,19).
nocross(23,21).
