dimension(23).
point(1, 56.9724107054, 32.3986404232).
point(2, 34.4944221951, 42.8551155551).
point(3, 35.9598584643, 71.4721301967).
point(4, 77.6395224062, 55.3057584618).
point(5, 27.9609313299, 34.3948316362).
point(6, 22.0702810007, 77.3095903022).
point(7, 34.0383550402, 39.5157138628).
point(8, 26.3592739338, 59.8682247185).
point(9, 67.115251702, 12.3843979303).
point(10, 51.6666508198, 19.0494401193).
point(11, 43.020626765, 85.4000305357).
point(12, 60.6503674617, 36.6657112857).
point(13, 13.0790788034, 79.9707365217).
point(14, 42.4416714244, 78.9967624896).
point(15, 28.0634498785, 88.4078470123).
point(16, 44.2823624881, 58.9360225701).
point(17, 12.585166486, 60.8695058398).
point(18, 47.3838577866, 27.1626212976).
point(19, 50.0324608752, 22.5091159588).
point(20, 85.0331104595, 5.4445861891).
point(21, 87.9856427821, 43.8650784674).
point(22, 61.744213934, 24.9537742259).
point(23, 80.8160654678, 13.6878140137).
cost(1, 2, 25).
cost(1, 3, 44).
cost(1, 4, 31).
cost(1, 5, 29).
cost(1, 6, 57).
cost(1, 7, 24).
cost(1, 8, 41).
cost(1, 9, 22).
cost(1, 10, 14).
cost(1, 11, 55).
cost(1, 12, 6).
cost(1, 13, 65).
cost(1, 14, 49).
cost(1, 15, 63).
cost(1, 16, 29).
cost(1, 17, 53).
cost(1, 18, 11).
cost(1, 19, 12).
cost(1, 20, 39).
cost(1, 21, 33).
cost(1, 22, 9).
cost(1, 23, 30).
cost(2, 1, 25).
cost(2, 3, 29).
cost(2, 4, 45).
cost(2, 5, 11).
cost(2, 6, 37).
cost(2, 7, 3).
cost(2, 8, 19).
cost(2, 9, 45).
cost(2, 10, 29).
cost(2, 11, 43).
cost(2, 12, 27).
cost(2, 13, 43).
cost(2, 14, 37).
cost(2, 15, 46).
cost(2, 16, 19).
cost(2, 17, 28).
cost(2, 18, 20).
cost(2, 19, 26).
cost(2, 20, 63).
cost(2, 21, 54).
cost(2, 22, 33).
cost(2, 23, 55).
cost(3, 1, 44).
cost(3, 2, 29).
cost(3, 4, 45).
cost(3, 5, 38).
cost(3, 6, 15).
cost(3, 7, 32).
cost(3, 8, 15).
cost(3, 9, 67).
cost(3, 10, 55).
cost(3, 11, 16).
cost(3, 12, 43).
cost(3, 13, 24).
cost(3, 14, 10).
cost(3, 15, 19).
cost(3, 16, 15).
cost(3, 17, 26).
cost(3, 18, 46).
cost(3, 19, 51).
cost(3, 20, 82).
cost(3, 21, 59).
cost(3, 22, 53).
cost(3, 23, 73).
cost(4, 1, 31).
cost(4, 2, 45).
cost(4, 3, 45).
cost(4, 5, 54).
cost(4, 6, 60).
cost(4, 7, 46).
cost(4, 8, 51).
cost(4, 9, 44).
cost(4, 10, 45).
cost(4, 11, 46).
cost(4, 12, 25).
cost(4, 13, 69).
cost(4, 14, 42).
cost(4, 15, 60).
cost(4, 16, 34).
cost(4, 17, 65).
cost(4, 18, 41).
cost(4, 19, 43).
cost(4, 20, 50).
cost(4, 21, 15).
cost(4, 22, 34).
cost(4, 23, 42).
cost(5, 1, 29).
cost(5, 2, 11).
cost(5, 3, 38).
cost(5, 4, 54).
cost(5, 6, 43).
cost(5, 7, 8).
cost(5, 8, 26).
cost(5, 9, 45).
cost(5, 10, 28).
cost(5, 11, 53).
cost(5, 12, 33).
cost(5, 13, 48).
cost(5, 14, 47).
cost(5, 15, 54).
cost(5, 16, 29).
cost(5, 17, 31).
cost(5, 18, 21).
cost(5, 19, 25).
cost(5, 20, 64).
cost(5, 21, 61).
cost(5, 22, 35).
cost(5, 23, 57).
cost(6, 1, 57).
cost(6, 2, 37).
cost(6, 3, 15).
cost(6, 4, 60).
cost(6, 5, 43).
cost(6, 7, 40).
cost(6, 8, 18).
cost(6, 9, 79).
cost(6, 10, 65).
cost(6, 11, 22).
cost(6, 12, 56).
cost(6, 13, 9).
cost(6, 14, 20).
cost(6, 15, 13).
cost(6, 16, 29).
cost(6, 17, 19).
cost(6, 18, 56).
cost(6, 19, 62).
cost(6, 20, 96).
cost(6, 21, 74).
cost(6, 22, 66).
cost(6, 23, 87).
cost(7, 1, 24).
cost(7, 2, 3).
cost(7, 3, 32).
cost(7, 4, 46).
cost(7, 5, 8).
cost(7, 6, 40).
cost(7, 8, 22).
cost(7, 9, 43).
cost(7, 10, 27).
cost(7, 11, 47).
cost(7, 12, 27).
cost(7, 13, 46).
cost(7, 14, 40).
cost(7, 15, 49).
cost(7, 16, 22).
cost(7, 17, 30).
cost(7, 18, 18).
cost(7, 19, 23).
cost(7, 20, 61).
cost(7, 21, 54).
cost(7, 22, 31).
cost(7, 23, 53).
cost(8, 1, 41).
cost(8, 2, 19).
cost(8, 3, 15).
cost(8, 4, 51).
cost(8, 5, 26).
cost(8, 6, 18).
cost(8, 7, 22).
cost(8, 9, 63).
cost(8, 10, 48).
cost(8, 11, 30).
cost(8, 12, 41).
cost(8, 13, 24).
cost(8, 14, 25).
cost(8, 15, 29).
cost(8, 16, 18).
cost(8, 17, 14).
cost(8, 18, 39).
cost(8, 19, 44).
cost(8, 20, 80).
cost(8, 21, 64).
cost(8, 22, 50).
cost(8, 23, 71).
cost(9, 1, 22).
cost(9, 2, 45).
cost(9, 3, 67).
cost(9, 4, 44).
cost(9, 5, 45).
cost(9, 6, 79).
cost(9, 7, 43).
cost(9, 8, 63).
cost(9, 10, 17).
cost(9, 11, 77).
cost(9, 12, 25).
cost(9, 13, 87).
cost(9, 14, 71).
cost(9, 15, 85).
cost(9, 16, 52).
cost(9, 17, 73).
cost(9, 18, 25).
cost(9, 19, 20).
cost(9, 20, 19).
cost(9, 21, 38).
cost(9, 22, 14).
cost(9, 23, 14).
cost(10, 1, 14).
cost(10, 2, 29).
cost(10, 3, 55).
cost(10, 4, 45).
cost(10, 5, 28).
cost(10, 6, 65).
cost(10, 7, 27).
cost(10, 8, 48).
cost(10, 9, 17).
cost(10, 11, 67).
cost(10, 12, 20).
cost(10, 13, 72).
cost(10, 14, 61).
cost(10, 15, 73).
cost(10, 16, 41).
cost(10, 17, 57).
cost(10, 18, 9).
cost(10, 19, 4).
cost(10, 20, 36).
cost(10, 21, 44).
cost(10, 22, 12).
cost(10, 23, 30).
cost(11, 1, 55).
cost(11, 2, 43).
cost(11, 3, 16).
cost(11, 4, 46).
cost(11, 5, 53).
cost(11, 6, 22).
cost(11, 7, 47).
cost(11, 8, 30).
cost(11, 9, 77).
cost(11, 10, 67).
cost(11, 12, 52).
cost(11, 13, 30).
cost(11, 14, 6).
cost(11, 15, 15).
cost(11, 16, 26).
cost(11, 17, 39).
cost(11, 18, 58).
cost(11, 19, 63).
cost(11, 20, 90).
cost(11, 21, 61).
cost(11, 22, 63).
cost(11, 23, 81).
cost(12, 1, 6).
cost(12, 2, 27).
cost(12, 3, 43).
cost(12, 4, 25).
cost(12, 5, 33).
cost(12, 6, 56).
cost(12, 7, 27).
cost(12, 8, 41).
cost(12, 9, 25).
cost(12, 10, 20).
cost(12, 11, 52).
cost(12, 13, 64).
cost(12, 14, 46).
cost(12, 15, 61).
cost(12, 16, 28).
cost(12, 17, 54).
cost(12, 18, 16).
cost(12, 19, 18).
cost(12, 20, 40).
cost(12, 21, 28).
cost(12, 22, 12).
cost(12, 23, 31).
cost(13, 1, 65).
cost(13, 2, 43).
cost(13, 3, 24).
cost(13, 4, 69).
cost(13, 5, 48).
cost(13, 6, 9).
cost(13, 7, 46).
cost(13, 8, 24).
cost(13, 9, 87).
cost(13, 10, 72).
cost(13, 11, 30).
cost(13, 12, 64).
cost(13, 14, 29).
cost(13, 15, 17).
cost(13, 16, 38).
cost(13, 17, 19).
cost(13, 18, 63).
cost(13, 19, 68).
cost(13, 20, 104).
cost(13, 21, 83).
cost(13, 22, 73).
cost(13, 23, 95).
cost(14, 1, 49).
cost(14, 2, 37).
cost(14, 3, 10).
cost(14, 4, 42).
cost(14, 5, 47).
cost(14, 6, 20).
cost(14, 7, 40).
cost(14, 8, 25).
cost(14, 9, 71).
cost(14, 10, 61).
cost(14, 11, 6).
cost(14, 12, 46).
cost(14, 13, 29).
cost(14, 15, 17).
cost(14, 16, 20).
cost(14, 17, 35).
cost(14, 18, 52).
cost(14, 19, 57).
cost(14, 20, 85).
cost(14, 21, 58).
cost(14, 22, 57).
cost(14, 23, 76).
cost(15, 1, 63).
cost(15, 2, 46).
cost(15, 3, 19).
cost(15, 4, 60).
cost(15, 5, 54).
cost(15, 6, 13).
cost(15, 7, 49).
cost(15, 8, 29).
cost(15, 9, 85).
cost(15, 10, 73).
cost(15, 11, 15).
cost(15, 12, 61).
cost(15, 13, 17).
cost(15, 14, 17).
cost(15, 16, 34).
cost(15, 17, 32).
cost(15, 18, 64).
cost(15, 19, 69).
cost(15, 20, 101).
cost(15, 21, 75).
cost(15, 22, 72).
cost(15, 23, 91).
cost(16, 1, 29).
cost(16, 2, 19).
cost(16, 3, 15).
cost(16, 4, 34).
cost(16, 5, 29).
cost(16, 6, 29).
cost(16, 7, 22).
cost(16, 8, 18).
cost(16, 9, 52).
cost(16, 10, 41).
cost(16, 11, 26).
cost(16, 12, 28).
cost(16, 13, 38).
cost(16, 14, 20).
cost(16, 15, 34).
cost(16, 17, 32).
cost(16, 18, 32).
cost(16, 19, 37).
cost(16, 20, 67).
cost(16, 21, 46).
cost(16, 22, 38).
cost(16, 23, 58).
cost(17, 1, 53).
cost(17, 2, 28).
cost(17, 3, 26).
cost(17, 4, 65).
cost(17, 5, 31).
cost(17, 6, 19).
cost(17, 7, 30).
cost(17, 8, 14).
cost(17, 9, 73).
cost(17, 10, 57).
cost(17, 11, 39).
cost(17, 12, 54).
cost(17, 13, 19).
cost(17, 14, 35).
cost(17, 15, 32).
cost(17, 16, 32).
cost(17, 18, 48).
cost(17, 19, 54).
cost(17, 20, 91).
cost(17, 21, 77).
cost(17, 22, 61).
cost(17, 23, 83).
cost(18, 1, 11).
cost(18, 2, 20).
cost(18, 3, 46).
cost(18, 4, 41).
cost(18, 5, 21).
cost(18, 6, 56).
cost(18, 7, 18).
cost(18, 8, 39).
cost(18, 9, 25).
cost(18, 10, 9).
cost(18, 11, 58).
cost(18, 12, 16).
cost(18, 13, 63).
cost(18, 14, 52).
cost(18, 15, 64).
cost(18, 16, 32).
cost(18, 17, 48).
cost(18, 19, 5).
cost(18, 20, 43).
cost(18, 21, 44).
cost(18, 22, 15).
cost(18, 23, 36).
cost(19, 1, 12).
cost(19, 2, 26).
cost(19, 3, 51).
cost(19, 4, 43).
cost(19, 5, 25).
cost(19, 6, 62).
cost(19, 7, 23).
cost(19, 8, 44).
cost(19, 9, 20).
cost(19, 10, 4).
cost(19, 11, 63).
cost(19, 12, 18).
cost(19, 13, 68).
cost(19, 14, 57).
cost(19, 15, 69).
cost(19, 16, 37).
cost(19, 17, 54).
cost(19, 18, 5).
cost(19, 20, 39).
cost(19, 21, 44).
cost(19, 22, 12).
cost(19, 23, 32).
cost(20, 1, 39).
cost(20, 2, 63).
cost(20, 3, 82).
cost(20, 4, 50).
cost(20, 5, 64).
cost(20, 6, 96).
cost(20, 7, 61).
cost(20, 8, 80).
cost(20, 9, 19).
cost(20, 10, 36).
cost(20, 11, 90).
cost(20, 12, 40).
cost(20, 13, 104).
cost(20, 14, 85).
cost(20, 15, 101).
cost(20, 16, 67).
cost(20, 17, 91).
cost(20, 18, 43).
cost(20, 19, 39).
cost(20, 21, 39).
cost(20, 22, 30).
cost(20, 23, 9).
cost(21, 1, 33).
cost(21, 2, 54).
cost(21, 3, 59).
cost(21, 4, 15).
cost(21, 5, 61).
cost(21, 6, 74).
cost(21, 7, 54).
cost(21, 8, 64).
cost(21, 9, 38).
cost(21, 10, 44).
cost(21, 11, 61).
cost(21, 12, 28).
cost(21, 13, 83).
cost(21, 14, 58).
cost(21, 15, 75).
cost(21, 16, 46).
cost(21, 17, 77).
cost(21, 18, 44).
cost(21, 19, 44).
cost(21, 20, 39).
cost(21, 22, 32).
cost(21, 23, 31).
cost(22, 1, 9).
cost(22, 2, 33).
cost(22, 3, 53).
cost(22, 4, 34).
cost(22, 5, 35).
cost(22, 6, 66).
cost(22, 7, 31).
cost(22, 8, 50).
cost(22, 9, 14).
cost(22, 10, 12).
cost(22, 11, 63).
cost(22, 12, 12).
cost(22, 13, 73).
cost(22, 14, 57).
cost(22, 15, 72).
cost(22, 16, 38).
cost(22, 17, 61).
cost(22, 18, 15).
cost(22, 19, 12).
cost(22, 20, 30).
cost(22, 21, 32).
cost(22, 23, 22).
cost(23, 1, 30).
cost(23, 2, 55).
cost(23, 3, 73).
cost(23, 4, 42).
cost(23, 5, 57).
cost(23, 6, 87).
cost(23, 7, 53).
cost(23, 8, 71).
cost(23, 9, 14).
cost(23, 10, 30).
cost(23, 11, 81).
cost(23, 12, 31).
cost(23, 13, 95).
cost(23, 14, 76).
cost(23, 15, 91).
cost(23, 16, 58).
cost(23, 17, 83).
cost(23, 18, 36).
cost(23, 19, 32).
cost(23, 20, 9).
cost(23, 21, 31).
cost(23, 22, 22).
nocross(1,2).
nocross(1,4).
nocross(1,5).
nocross(1,7).
nocross(1,9).
nocross(1,10).
nocross(1,12).
nocross(1,16).
nocross(1,18).
nocross(1,19).
nocross(1,20).
nocross(1,22).
nocross(1,23).
nocross(2,1).
nocross(2,3).
nocross(2,5).
nocross(2,7).
nocross(2,8).
nocross(2,10).
nocross(2,12).
nocross(2,16).
nocross(2,17).
nocross(2,18).
nocross(2,19).
nocross(3,2).
nocross(3,6).
nocross(3,7).
nocross(3,8).
nocross(3,11).
nocross(3,13).
nocross(3,14).
nocross(3,15).
nocross(3,16).
nocross(3,17).
nocross(4,1).
nocross(4,11).
nocross(4,12).
nocross(4,14).
nocross(4,16).
nocross(4,21).
nocross(4,22).
nocross(4,23).
nocross(5,1).
nocross(5,2).
nocross(5,7).
nocross(5,8).
nocross(5,10).
nocross(5,16).
nocross(5,17).
nocross(5,18).
nocross(5,19).
nocross(6,2).
nocross(6,3).
nocross(6,8).
nocross(6,11).
nocross(6,13).
nocross(6,14).
nocross(6,15).
nocross(6,16).
nocross(6,17).
nocross(7,1).
nocross(7,2).
nocross(7,5).
nocross(7,8).
nocross(7,10).
nocross(7,12).
nocross(7,16).
nocross(7,17).
nocross(7,18).
nocross(7,19).
nocross(8,2).
nocross(8,3).
nocross(8,5).
nocross(8,6).
nocross(8,7).
nocross(8,13).
nocross(8,14).
nocross(8,15).
nocross(8,16).
nocross(8,17).
nocross(9,1).
nocross(9,10).
nocross(9,12).
nocross(9,18).
nocross(9,19).
nocross(9,20).
nocross(9,22).
nocross(9,23).
nocross(10,1).
nocross(10,2).
nocross(10,5).
nocross(10,7).
nocross(10,9).
nocross(10,12).
nocross(10,18).
nocross(10,19).
nocross(10,20).
nocross(10,22).
nocross(10,23).
nocross(11,3).
nocross(11,6).
nocross(11,8).
nocross(11,13).
nocross(11,14).
nocross(11,15).
nocross(11,16).
nocross(12,1).
nocross(12,2).
nocross(12,4).
nocross(12,7).
nocross(12,9).
nocross(12,10).
nocross(12,16).
nocross(12,18).
nocross(12,19).
nocross(12,20).
nocross(12,21).
nocross(12,22).
nocross(12,23).
nocross(13,3).
nocross(13,6).
nocross(13,8).
nocross(13,11).
nocross(13,14).
nocross(13,15).
nocross(13,17).
nocross(14,2).
nocross(14,3).
nocross(14,6).
nocross(14,8).
nocross(14,11).
nocross(14,13).
nocross(14,15).
nocross(14,16).
nocross(15,3).
nocross(15,6).
nocross(15,8).
nocross(15,11).
nocross(15,13).
nocross(15,14).
nocross(15,17).
nocross(16,1).
nocross(16,2).
nocross(16,3).
nocross(16,4).
nocross(16,5).
nocross(16,6).
nocross(16,7).
nocross(16,8).
nocross(16,11).
nocross(16,12).
nocross(16,14).
nocross(16,15).
nocross(16,17).
nocross(16,18).
nocross(16,19).
nocross(16,22).
nocross(17,2).
nocross(17,3).
nocross(17,5).
nocross(17,6).
nocross(17,7).
nocross(17,8).
nocross(17,13).
nocross(17,14).
nocross(17,15).
nocross(17,16).
nocross(18,1).
nocross(18,2).
nocross(18,5).
nocross(18,7).
nocross(18,9).
nocross(18,10).
nocross(18,12).
nocross(18,19).
nocross(18,22).
nocross(19,1).
nocross(19,2).
nocross(19,5).
nocross(19,7).
nocross(19,9).
nocross(19,10).
nocross(19,12).
nocross(19,18).
nocross(19,22).
nocross(19,23).
nocross(20,1).
nocross(20,9).
nocross(20,10).
nocross(20,21).
nocross(20,22).
nocross(20,23).
nocross(21,1).
nocross(21,4).
nocross(21,12).
nocross(21,20).
nocross(21,22).
nocross(21,23).
nocross(22,1).
nocross(22,2).
nocross(22,7).
nocross(22,9).
nocross(22,10).
nocross(22,12).
nocross(22,18).
nocross(22,19).
nocross(22,20).
nocross(22,21).
nocross(22,23).
nocross(23,1).
nocross(23,9).
nocross(23,10).
nocross(23,12).
nocross(23,19).
nocross(23,20).
nocross(23,21).
nocross(23,22).
