dimension(23).
point(1, 47.7248078487, 12.8970205525).
point(2, 17.1632780274, 69.3186036968).
point(3, 84.4062314499, 88.9100390097).
point(4, 69.6846434563, 16.7708224956).
point(5, 41.5751689882, 54.8152500308).
point(6, 74.3914764866, 44.8925414837).
point(7, 44.113487026, 66.9346781793).
point(8, 86.8681685611, 24.2255254458).
point(9, 82.9259533497, 55.5709403574).
point(10, 73.0043652298, 80.4455967679).
point(11, 44.7216297937, 16.1523580506).
point(12, 13.3762811493, 29.3045594255).
point(13, 59.3429198242, 34.6364598257).
point(14, 67.6036183997, 76.7769879508).
point(15, 9.20156928, 89.2116332921).
point(16, 85.8547829833, 36.9359511521).
point(17, 2.4751060774, 78.1464376939).
point(18, 44.3997895698, 70.0445498749).
point(19, 29.0583139571, 23.5769514379).
point(20, 63.0411043875, 43.6132297159).
point(21, 20.4113541742, 88.6600941563).
point(22, 42.8888333211, 37.2565755218).
point(23, 64.1952152849, 27.3041467186).
cost(1, 2, 64).
cost(1, 3, 84).
cost(1, 4, 22).
cost(1, 5, 42).
cost(1, 6, 42).
cost(1, 7, 54).
cost(1, 8, 41).
cost(1, 9, 55).
cost(1, 10, 72).
cost(1, 11, 4).
cost(1, 12, 38).
cost(1, 13, 25).
cost(1, 14, 67).
cost(1, 15, 85).
cost(1, 16, 45).
cost(1, 17, 79).
cost(1, 18, 57).
cost(1, 19, 22).
cost(1, 20, 34).
cost(1, 21, 81).
cost(1, 22, 25).
cost(1, 23, 22).
cost(2, 1, 64).
cost(2, 3, 70).
cost(2, 4, 74).
cost(2, 5, 28).
cost(2, 6, 62).
cost(2, 7, 27).
cost(2, 8, 83).
cost(2, 9, 67).
cost(2, 10, 57).
cost(2, 11, 60).
cost(2, 12, 40).
cost(2, 13, 55).
cost(2, 14, 51).
cost(2, 15, 21).
cost(2, 16, 76).
cost(2, 17, 17).
cost(2, 18, 27).
cost(2, 19, 47).
cost(2, 20, 53).
cost(2, 21, 20).
cost(2, 22, 41).
cost(2, 23, 63).
cost(3, 1, 84).
cost(3, 2, 70).
cost(3, 4, 74).
cost(3, 5, 55).
cost(3, 6, 45).
cost(3, 7, 46).
cost(3, 8, 65).
cost(3, 9, 33).
cost(3, 10, 14).
cost(3, 11, 83).
cost(3, 12, 93).
cost(3, 13, 60).
cost(3, 14, 21).
cost(3, 15, 75).
cost(3, 16, 52).
cost(3, 17, 83).
cost(3, 18, 44).
cost(3, 19, 86).
cost(3, 20, 50).
cost(3, 21, 64).
cost(3, 22, 66).
cost(3, 23, 65).
cost(4, 1, 22).
cost(4, 2, 74).
cost(4, 3, 74).
cost(4, 5, 47).
cost(4, 6, 29).
cost(4, 7, 56).
cost(4, 8, 19).
cost(4, 9, 41).
cost(4, 10, 64).
cost(4, 11, 25).
cost(4, 12, 58).
cost(4, 13, 21).
cost(4, 14, 60).
cost(4, 15, 94).
cost(4, 16, 26).
cost(4, 17, 91).
cost(4, 18, 59).
cost(4, 19, 41).
cost(4, 20, 28).
cost(4, 21, 87).
cost(4, 22, 34).
cost(4, 23, 12).
cost(5, 1, 42).
cost(5, 2, 28).
cost(5, 3, 55).
cost(5, 4, 47).
cost(5, 6, 34).
cost(5, 7, 12).
cost(5, 8, 55).
cost(5, 9, 41).
cost(5, 10, 41).
cost(5, 11, 39).
cost(5, 12, 38).
cost(5, 13, 27).
cost(5, 14, 34).
cost(5, 15, 47).
cost(5, 16, 48).
cost(5, 17, 46).
cost(5, 18, 15).
cost(5, 19, 34).
cost(5, 20, 24).
cost(5, 21, 40).
cost(5, 22, 18).
cost(5, 23, 36).
cost(6, 1, 42).
cost(6, 2, 62).
cost(6, 3, 45).
cost(6, 4, 29).
cost(6, 5, 34).
cost(6, 7, 37).
cost(6, 8, 24).
cost(6, 9, 14).
cost(6, 10, 36).
cost(6, 11, 41).
cost(6, 12, 63).
cost(6, 13, 18).
cost(6, 14, 33).
cost(6, 15, 79).
cost(6, 16, 14).
cost(6, 17, 79).
cost(6, 18, 39).
cost(6, 19, 50).
cost(6, 20, 11).
cost(6, 21, 69).
cost(6, 22, 32).
cost(6, 23, 20).
cost(7, 1, 54).
cost(7, 2, 27).
cost(7, 3, 46).
cost(7, 4, 56).
cost(7, 5, 12).
cost(7, 6, 37).
cost(7, 8, 60).
cost(7, 9, 40).
cost(7, 10, 32).
cost(7, 11, 51).
cost(7, 12, 49).
cost(7, 13, 36).
cost(7, 14, 25).
cost(7, 15, 41).
cost(7, 16, 51).
cost(7, 17, 43).
cost(7, 18, 3).
cost(7, 19, 46).
cost(7, 20, 30).
cost(7, 21, 32).
cost(7, 22, 30).
cost(7, 23, 44).
cost(8, 1, 41).
cost(8, 2, 83).
cost(8, 3, 65).
cost(8, 4, 19).
cost(8, 5, 55).
cost(8, 6, 24).
cost(8, 7, 60).
cost(8, 9, 32).
cost(8, 10, 58).
cost(8, 11, 43).
cost(8, 12, 74).
cost(8, 13, 29).
cost(8, 14, 56).
cost(8, 15, 101).
cost(8, 16, 13).
cost(8, 17, 100).
cost(8, 18, 62).
cost(8, 19, 58).
cost(8, 20, 31).
cost(8, 21, 93).
cost(8, 22, 46).
cost(8, 23, 23).
cost(9, 1, 55).
cost(9, 2, 67).
cost(9, 3, 33).
cost(9, 4, 41).
cost(9, 5, 41).
cost(9, 6, 14).
cost(9, 7, 40).
cost(9, 8, 32).
cost(9, 10, 27).
cost(9, 11, 55).
cost(9, 12, 74).
cost(9, 13, 32).
cost(9, 14, 26).
cost(9, 15, 81).
cost(9, 16, 19).
cost(9, 17, 84).
cost(9, 18, 41).
cost(9, 19, 63).
cost(9, 20, 23).
cost(9, 21, 71).
cost(9, 22, 44).
cost(9, 23, 34).
cost(10, 1, 72).
cost(10, 2, 57).
cost(10, 3, 14).
cost(10, 4, 64).
cost(10, 5, 41).
cost(10, 6, 36).
cost(10, 7, 32).
cost(10, 8, 58).
cost(10, 9, 27).
cost(10, 11, 70).
cost(10, 12, 79).
cost(10, 13, 48).
cost(10, 14, 7).
cost(10, 15, 64).
cost(10, 16, 45).
cost(10, 17, 71).
cost(10, 18, 30).
cost(10, 19, 72).
cost(10, 20, 38).
cost(10, 21, 53).
cost(10, 22, 53).
cost(10, 23, 54).
cost(11, 1, 4).
cost(11, 2, 60).
cost(11, 3, 83).
cost(11, 4, 25).
cost(11, 5, 39).
cost(11, 6, 41).
cost(11, 7, 51).
cost(11, 8, 43).
cost(11, 9, 55).
cost(11, 10, 70).
cost(11, 12, 34).
cost(11, 13, 24).
cost(11, 14, 65).
cost(11, 15, 81).
cost(11, 16, 46).
cost(11, 17, 75).
cost(11, 18, 54).
cost(11, 19, 17).
cost(11, 20, 33).
cost(11, 21, 76).
cost(11, 22, 21).
cost(11, 23, 22).
cost(12, 1, 38).
cost(12, 2, 40).
cost(12, 3, 93).
cost(12, 4, 58).
cost(12, 5, 38).
cost(12, 6, 63).
cost(12, 7, 49).
cost(12, 8, 74).
cost(12, 9, 74).
cost(12, 10, 79).
cost(12, 11, 34).
cost(12, 13, 46).
cost(12, 14, 72).
cost(12, 15, 60).
cost(12, 16, 73).
cost(12, 17, 50).
cost(12, 18, 51).
cost(12, 19, 17).
cost(12, 20, 52).
cost(12, 21, 60).
cost(12, 22, 31).
cost(12, 23, 51).
cost(13, 1, 25).
cost(13, 2, 55).
cost(13, 3, 60).
cost(13, 4, 21).
cost(13, 5, 27).
cost(13, 6, 18).
cost(13, 7, 36).
cost(13, 8, 29).
cost(13, 9, 32).
cost(13, 10, 48).
cost(13, 11, 24).
cost(13, 12, 46).
cost(13, 14, 43).
cost(13, 15, 74).
cost(13, 16, 27).
cost(13, 17, 72).
cost(13, 18, 38).
cost(13, 19, 32).
cost(13, 20, 10).
cost(13, 21, 67).
cost(13, 22, 17).
cost(13, 23, 9).
cost(14, 1, 67).
cost(14, 2, 51).
cost(14, 3, 21).
cost(14, 4, 60).
cost(14, 5, 34).
cost(14, 6, 33).
cost(14, 7, 25).
cost(14, 8, 56).
cost(14, 9, 26).
cost(14, 10, 7).
cost(14, 11, 65).
cost(14, 12, 72).
cost(14, 13, 43).
cost(14, 15, 60).
cost(14, 16, 44).
cost(14, 17, 65).
cost(14, 18, 24).
cost(14, 19, 66).
cost(14, 20, 33).
cost(14, 21, 49).
cost(14, 22, 47).
cost(14, 23, 50).
cost(15, 1, 85).
cost(15, 2, 21).
cost(15, 3, 75).
cost(15, 4, 94).
cost(15, 5, 47).
cost(15, 6, 79).
cost(15, 7, 41).
cost(15, 8, 101).
cost(15, 9, 81).
cost(15, 10, 64).
cost(15, 11, 81).
cost(15, 12, 60).
cost(15, 13, 74).
cost(15, 14, 60).
cost(15, 16, 93).
cost(15, 17, 13).
cost(15, 18, 40).
cost(15, 19, 69).
cost(15, 20, 71).
cost(15, 21, 11).
cost(15, 22, 62).
cost(15, 23, 83).
cost(16, 1, 45).
cost(16, 2, 76).
cost(16, 3, 52).
cost(16, 4, 26).
cost(16, 5, 48).
cost(16, 6, 14).
cost(16, 7, 51).
cost(16, 8, 13).
cost(16, 9, 19).
cost(16, 10, 45).
cost(16, 11, 46).
cost(16, 12, 73).
cost(16, 13, 27).
cost(16, 14, 44).
cost(16, 15, 93).
cost(16, 17, 93).
cost(16, 18, 53).
cost(16, 19, 58).
cost(16, 20, 24).
cost(16, 21, 83).
cost(16, 22, 43).
cost(16, 23, 24).
cost(17, 1, 79).
cost(17, 2, 17).
cost(17, 3, 83).
cost(17, 4, 91).
cost(17, 5, 46).
cost(17, 6, 79).
cost(17, 7, 43).
cost(17, 8, 100).
cost(17, 9, 84).
cost(17, 10, 71).
cost(17, 11, 75).
cost(17, 12, 50).
cost(17, 13, 72).
cost(17, 14, 65).
cost(17, 15, 13).
cost(17, 16, 93).
cost(17, 18, 43).
cost(17, 19, 61).
cost(17, 20, 70).
cost(17, 21, 21).
cost(17, 22, 57).
cost(17, 23, 80).
cost(18, 1, 57).
cost(18, 2, 27).
cost(18, 3, 44).
cost(18, 4, 59).
cost(18, 5, 15).
cost(18, 6, 39).
cost(18, 7, 3).
cost(18, 8, 62).
cost(18, 9, 41).
cost(18, 10, 30).
cost(18, 11, 54).
cost(18, 12, 51).
cost(18, 13, 38).
cost(18, 14, 24).
cost(18, 15, 40).
cost(18, 16, 53).
cost(18, 17, 43).
cost(18, 19, 49).
cost(18, 20, 32).
cost(18, 21, 30).
cost(18, 22, 33).
cost(18, 23, 47).
cost(19, 1, 22).
cost(19, 2, 47).
cost(19, 3, 86).
cost(19, 4, 41).
cost(19, 5, 34).
cost(19, 6, 50).
cost(19, 7, 46).
cost(19, 8, 58).
cost(19, 9, 63).
cost(19, 10, 72).
cost(19, 11, 17).
cost(19, 12, 17).
cost(19, 13, 32).
cost(19, 14, 66).
cost(19, 15, 69).
cost(19, 16, 58).
cost(19, 17, 61).
cost(19, 18, 49).
cost(19, 20, 39).
cost(19, 21, 66).
cost(19, 22, 19).
cost(19, 23, 35).
cost(20, 1, 34).
cost(20, 2, 53).
cost(20, 3, 50).
cost(20, 4, 28).
cost(20, 5, 24).
cost(20, 6, 11).
cost(20, 7, 30).
cost(20, 8, 31).
cost(20, 9, 23).
cost(20, 10, 38).
cost(20, 11, 33).
cost(20, 12, 52).
cost(20, 13, 10).
cost(20, 14, 33).
cost(20, 15, 71).
cost(20, 16, 24).
cost(20, 17, 70).
cost(20, 18, 32).
cost(20, 19, 39).
cost(20, 21, 62).
cost(20, 22, 21).
cost(20, 23, 16).
cost(21, 1, 81).
cost(21, 2, 20).
cost(21, 3, 64).
cost(21, 4, 87).
cost(21, 5, 40).
cost(21, 6, 69).
cost(21, 7, 32).
cost(21, 8, 93).
cost(21, 9, 71).
cost(21, 10, 53).
cost(21, 11, 76).
cost(21, 12, 60).
cost(21, 13, 67).
cost(21, 14, 49).
cost(21, 15, 11).
cost(21, 16, 83).
cost(21, 17, 21).
cost(21, 18, 30).
cost(21, 19, 66).
cost(21, 20, 62).
cost(21, 22, 56).
cost(21, 23, 75).
cost(22, 1, 25).
cost(22, 2, 41).
cost(22, 3, 66).
cost(22, 4, 34).
cost(22, 5, 18).
cost(22, 6, 32).
cost(22, 7, 30).
cost(22, 8, 46).
cost(22, 9, 44).
cost(22, 10, 53).
cost(22, 11, 21).
cost(22, 12, 31).
cost(22, 13, 17).
cost(22, 14, 47).
cost(22, 15, 62).
cost(22, 16, 43).
cost(22, 17, 57).
cost(22, 18, 33).
cost(22, 19, 19).
cost(22, 20, 21).
cost(22, 21, 56).
cost(22, 23, 24).
cost(23, 1, 22).
cost(23, 2, 63).
cost(23, 3, 65).
cost(23, 4, 12).
cost(23, 5, 36).
cost(23, 6, 20).
cost(23, 7, 44).
cost(23, 8, 23).
cost(23, 9, 34).
cost(23, 10, 54).
cost(23, 11, 22).
cost(23, 12, 51).
cost(23, 13, 9).
cost(23, 14, 50).
cost(23, 15, 83).
cost(23, 16, 24).
cost(23, 17, 80).
cost(23, 18, 47).
cost(23, 19, 35).
cost(23, 20, 16).
cost(23, 21, 75).
cost(23, 22, 24).
nocross(1,4).
nocross(1,11).
nocross(1,12).
nocross(1,13).
nocross(1,19).
nocross(1,22).
nocross(1,23).
nocross(2,5).
nocross(2,7).
nocross(2,12).
nocross(2,15).
nocross(2,17).
nocross(2,18).
nocross(2,21).
nocross(3,9).
nocross(3,10).
nocross(3,14).
nocross(3,18).
nocross(4,1).
nocross(4,6).
nocross(4,8).
nocross(4,11).
nocross(4,13).
nocross(4,16).
nocross(4,20).
nocross(4,22).
nocross(4,23).
nocross(5,2).
nocross(5,6).
nocross(5,7).
nocross(5,11).
nocross(5,13).
nocross(5,14).
nocross(5,18).
nocross(5,20).
nocross(5,22).
nocross(6,4).
nocross(6,7).
nocross(6,8).
nocross(6,9).
nocross(6,10).
nocross(6,13).
nocross(6,14).
nocross(6,16).
nocross(6,20).
nocross(6,23).
nocross(7,2).
nocross(7,5).
nocross(7,10).
nocross(7,13).
nocross(7,14).
nocross(7,18).
nocross(7,20).
nocross(7,21).
nocross(8,4).
nocross(8,6).
nocross(8,9).
nocross(8,13).
nocross(8,16).
nocross(8,20).
nocross(8,23).
nocross(9,3).
nocross(9,6).
nocross(9,7).
nocross(9,8).
nocross(9,10).
nocross(9,13).
nocross(9,14).
nocross(9,16).
nocross(9,18).
nocross(9,20).
nocross(9,23).
nocross(10,3).
nocross(10,6).
nocross(10,7).
nocross(10,9).
nocross(10,14).
nocross(10,18).
nocross(11,1).
nocross(11,4).
nocross(11,12).
nocross(11,13).
nocross(11,19).
nocross(11,20).
nocross(11,22).
nocross(11,23).
nocross(12,1).
nocross(12,2).
nocross(12,5).
nocross(12,11).
nocross(12,17).
nocross(12,19).
nocross(12,22).
nocross(13,1).
nocross(13,4).
nocross(13,5).
nocross(13,6).
nocross(13,7).
nocross(13,8).
nocross(13,11).
nocross(13,16).
nocross(13,20).
nocross(13,22).
nocross(13,23).
nocross(14,3).
nocross(14,6).
nocross(14,7).
nocross(14,9).
nocross(14,10).
nocross(14,18).
nocross(14,20).
nocross(15,2).
nocross(15,17).
nocross(15,18).
nocross(15,21).
nocross(16,4).
nocross(16,6).
nocross(16,8).
nocross(16,9).
nocross(16,13).
nocross(16,20).
nocross(16,23).
nocross(17,2).
nocross(17,7).
nocross(17,15).
nocross(17,18).
nocross(17,21).
nocross(18,2).
nocross(18,5).
nocross(18,7).
nocross(18,10).
nocross(18,14).
nocross(18,20).
nocross(18,21).
nocross(19,1).
nocross(19,5).
nocross(19,11).
nocross(19,12).
nocross(19,13).
nocross(19,22).
nocross(20,4).
nocross(20,5).
nocross(20,6).
nocross(20,7).
nocross(20,8).
nocross(20,9).
nocross(20,11).
nocross(20,13).
nocross(20,14).
nocross(20,16).
nocross(20,18).
nocross(20,22).
nocross(20,23).
nocross(21,2).
nocross(21,7).
nocross(21,14).
nocross(21,15).
nocross(21,17).
nocross(21,18).
nocross(22,1).
nocross(22,4).
nocross(22,5).
nocross(22,7).
nocross(22,11).
nocross(22,12).
nocross(22,13).
nocross(22,18).
nocross(22,19).
nocross(22,20).
nocross(22,23).
nocross(23,1).
nocross(23,4).
nocross(23,6).
nocross(23,8).
nocross(23,11).
nocross(23,13).
nocross(23,16).
nocross(23,20).
nocross(23,22).
