dimension(22).
point(1, 24.9172637123, 86.6913012131).
point(2, 73.3707270473, 22.9713988332).
point(3, 67.9087143245, 37.2582695772).
point(4, 25.6608353987, 66.8131117128).
point(5, 88.317236622, 28.6007766805).
point(6, 91.5482319397, 38.132760784).
point(7, 21.9914468076, 97.9064347991).
point(8, 81.6116570947, 19.4837488862).
point(9, 61.8116854097, 18.0242261956).
point(10, 65.1254823657, 26.8160093498).
point(11, 51.3223663494, 85.723325622).
point(12, 27.5389779641, 88.8226683178).
point(13, 77.3128969552, 49.4774758746).
point(14, 25.716690555, 76.132479664).
point(15, 40.6971801737, 90.1907857314).
point(16, 82.3867899804, 32.7212788609).
point(17, 92.1004577912, 57.3426011755).
point(18, 29.782611319, 51.7765385418).
point(19, 45.0982626075, 98.9564287385).
point(20, 23.3166756779, 63.8321375121).
point(21, 69.828007391, 19.4008705925).
point(22, 40.9106397889, 50.1492031899).
cost(1, 2, 80).
cost(1, 3, 66).
cost(1, 4, 20).
cost(1, 5, 86).
cost(1, 6, 82).
cost(1, 7, 12).
cost(1, 8, 88).
cost(1, 9, 78).
cost(1, 10, 72).
cost(1, 11, 26).
cost(1, 12, 3).
cost(1, 13, 64).
cost(1, 14, 11).
cost(1, 15, 16).
cost(1, 16, 79).
cost(1, 17, 73).
cost(1, 18, 35).
cost(1, 19, 24).
cost(1, 20, 23).
cost(1, 21, 81).
cost(1, 22, 40).
cost(2, 1, 80).
cost(2, 3, 15).
cost(2, 4, 65).
cost(2, 5, 16).
cost(2, 6, 24).
cost(2, 7, 91).
cost(2, 8, 9).
cost(2, 9, 13).
cost(2, 10, 9).
cost(2, 11, 67).
cost(2, 12, 80).
cost(2, 13, 27).
cost(2, 14, 71).
cost(2, 15, 75).
cost(2, 16, 13).
cost(2, 17, 39).
cost(2, 18, 52).
cost(2, 19, 81).
cost(2, 20, 65).
cost(2, 21, 5).
cost(2, 22, 42).
cost(3, 1, 66).
cost(3, 2, 15).
cost(3, 4, 52).
cost(3, 5, 22).
cost(3, 6, 24).
cost(3, 7, 76).
cost(3, 8, 22).
cost(3, 9, 20).
cost(3, 10, 11).
cost(3, 11, 51).
cost(3, 12, 65).
cost(3, 13, 15).
cost(3, 14, 57).
cost(3, 15, 60).
cost(3, 16, 15).
cost(3, 17, 31).
cost(3, 18, 41).
cost(3, 19, 66).
cost(3, 20, 52).
cost(3, 21, 18).
cost(3, 22, 30).
cost(4, 1, 20).
cost(4, 2, 65).
cost(4, 3, 52).
cost(4, 5, 73).
cost(4, 6, 72).
cost(4, 7, 31).
cost(4, 8, 73).
cost(4, 9, 61).
cost(4, 10, 56).
cost(4, 11, 32).
cost(4, 12, 22).
cost(4, 13, 54).
cost(4, 14, 9).
cost(4, 15, 28).
cost(4, 16, 66).
cost(4, 17, 67).
cost(4, 18, 16).
cost(4, 19, 38).
cost(4, 20, 4).
cost(4, 21, 65).
cost(4, 22, 23).
cost(5, 1, 86).
cost(5, 2, 16).
cost(5, 3, 22).
cost(5, 4, 73).
cost(5, 6, 10).
cost(5, 7, 96).
cost(5, 8, 11).
cost(5, 9, 29).
cost(5, 10, 23).
cost(5, 11, 68).
cost(5, 12, 86).
cost(5, 13, 24).
cost(5, 14, 79).
cost(5, 15, 78).
cost(5, 16, 7).
cost(5, 17, 29).
cost(5, 18, 63).
cost(5, 19, 83).
cost(5, 20, 74).
cost(5, 21, 21).
cost(5, 22, 52).
cost(6, 1, 82).
cost(6, 2, 24).
cost(6, 3, 24).
cost(6, 4, 72).
cost(6, 5, 10).
cost(6, 7, 92).
cost(6, 8, 21).
cost(6, 9, 36).
cost(6, 10, 29).
cost(6, 11, 62).
cost(6, 12, 82).
cost(6, 13, 18).
cost(6, 14, 76).
cost(6, 15, 73).
cost(6, 16, 11).
cost(6, 17, 19).
cost(6, 18, 63).
cost(6, 19, 77).
cost(6, 20, 73).
cost(6, 21, 29).
cost(6, 22, 52).
cost(7, 1, 12).
cost(7, 2, 91).
cost(7, 3, 76).
cost(7, 4, 31).
cost(7, 5, 96).
cost(7, 6, 92).
cost(7, 8, 99).
cost(7, 9, 89).
cost(7, 10, 83).
cost(7, 11, 32).
cost(7, 12, 11).
cost(7, 13, 74).
cost(7, 14, 22).
cost(7, 15, 20).
cost(7, 16, 89).
cost(7, 17, 81).
cost(7, 18, 47).
cost(7, 19, 23).
cost(7, 20, 34).
cost(7, 21, 92).
cost(7, 22, 51).
cost(8, 1, 88).
cost(8, 2, 9).
cost(8, 3, 22).
cost(8, 4, 73).
cost(8, 5, 11).
cost(8, 6, 21).
cost(8, 7, 99).
cost(8, 9, 20).
cost(8, 10, 18).
cost(8, 11, 73).
cost(8, 12, 88).
cost(8, 13, 30).
cost(8, 14, 80).
cost(8, 15, 82).
cost(8, 16, 13).
cost(8, 17, 39).
cost(8, 18, 61).
cost(8, 19, 87).
cost(8, 20, 73).
cost(8, 21, 12).
cost(8, 22, 51).
cost(9, 1, 78).
cost(9, 2, 13).
cost(9, 3, 20).
cost(9, 4, 61).
cost(9, 5, 29).
cost(9, 6, 36).
cost(9, 7, 89).
cost(9, 8, 20).
cost(9, 10, 9).
cost(9, 11, 69).
cost(9, 12, 79).
cost(9, 13, 35).
cost(9, 14, 68).
cost(9, 15, 75).
cost(9, 16, 25).
cost(9, 17, 50).
cost(9, 18, 47).
cost(9, 19, 83).
cost(9, 20, 60).
cost(9, 21, 8).
cost(9, 22, 38).
cost(10, 1, 72).
cost(10, 2, 9).
cost(10, 3, 11).
cost(10, 4, 56).
cost(10, 5, 23).
cost(10, 6, 29).
cost(10, 7, 83).
cost(10, 8, 18).
cost(10, 9, 9).
cost(10, 11, 61).
cost(10, 12, 73).
cost(10, 13, 26).
cost(10, 14, 63).
cost(10, 15, 68).
cost(10, 16, 18).
cost(10, 17, 41).
cost(10, 18, 43).
cost(10, 19, 75).
cost(10, 20, 56).
cost(10, 21, 9).
cost(10, 22, 34).
cost(11, 1, 26).
cost(11, 2, 67).
cost(11, 3, 51).
cost(11, 4, 32).
cost(11, 5, 68).
cost(11, 6, 62).
cost(11, 7, 32).
cost(11, 8, 73).
cost(11, 9, 69).
cost(11, 10, 61).
cost(11, 12, 24).
cost(11, 13, 45).
cost(11, 14, 27).
cost(11, 15, 12).
cost(11, 16, 61).
cost(11, 17, 50).
cost(11, 18, 40).
cost(11, 19, 15).
cost(11, 20, 36).
cost(11, 21, 69).
cost(11, 22, 37).
cost(12, 1, 3).
cost(12, 2, 80).
cost(12, 3, 65).
cost(12, 4, 22).
cost(12, 5, 86).
cost(12, 6, 82).
cost(12, 7, 11).
cost(12, 8, 88).
cost(12, 9, 79).
cost(12, 10, 73).
cost(12, 11, 24).
cost(12, 13, 63).
cost(12, 14, 13).
cost(12, 15, 13).
cost(12, 16, 78).
cost(12, 17, 72).
cost(12, 18, 37).
cost(12, 19, 20).
cost(12, 20, 25).
cost(12, 21, 81).
cost(12, 22, 41).
cost(13, 1, 64).
cost(13, 2, 27).
cost(13, 3, 15).
cost(13, 4, 54).
cost(13, 5, 24).
cost(13, 6, 18).
cost(13, 7, 74).
cost(13, 8, 30).
cost(13, 9, 35).
cost(13, 10, 26).
cost(13, 11, 45).
cost(13, 12, 63).
cost(13, 14, 58).
cost(13, 15, 55).
cost(13, 16, 18).
cost(13, 17, 17).
cost(13, 18, 48).
cost(13, 19, 59).
cost(13, 20, 56).
cost(13, 21, 31).
cost(13, 22, 36).
cost(14, 1, 11).
cost(14, 2, 71).
cost(14, 3, 57).
cost(14, 4, 9).
cost(14, 5, 79).
cost(14, 6, 76).
cost(14, 7, 22).
cost(14, 8, 80).
cost(14, 9, 68).
cost(14, 10, 63).
cost(14, 11, 27).
cost(14, 12, 13).
cost(14, 13, 58).
cost(14, 15, 21).
cost(14, 16, 71).
cost(14, 17, 69).
cost(14, 18, 25).
cost(14, 19, 30).
cost(14, 20, 13).
cost(14, 21, 72).
cost(14, 22, 30).
cost(15, 1, 16).
cost(15, 2, 75).
cost(15, 3, 60).
cost(15, 4, 28).
cost(15, 5, 78).
cost(15, 6, 73).
cost(15, 7, 20).
cost(15, 8, 82).
cost(15, 9, 75).
cost(15, 10, 68).
cost(15, 11, 12).
cost(15, 12, 13).
cost(15, 13, 55).
cost(15, 14, 21).
cost(15, 16, 71).
cost(15, 17, 61).
cost(15, 18, 40).
cost(15, 19, 10).
cost(15, 20, 32).
cost(15, 21, 77).
cost(15, 22, 40).
cost(16, 1, 79).
cost(16, 2, 13).
cost(16, 3, 15).
cost(16, 4, 66).
cost(16, 5, 7).
cost(16, 6, 11).
cost(16, 7, 89).
cost(16, 8, 13).
cost(16, 9, 25).
cost(16, 10, 18).
cost(16, 11, 61).
cost(16, 12, 78).
cost(16, 13, 18).
cost(16, 14, 71).
cost(16, 15, 71).
cost(16, 17, 26).
cost(16, 18, 56).
cost(16, 19, 76).
cost(16, 20, 67).
cost(16, 21, 18).
cost(16, 22, 45).
cost(17, 1, 73).
cost(17, 2, 39).
cost(17, 3, 31).
cost(17, 4, 67).
cost(17, 5, 29).
cost(17, 6, 19).
cost(17, 7, 81).
cost(17, 8, 39).
cost(17, 9, 50).
cost(17, 10, 41).
cost(17, 11, 50).
cost(17, 12, 72).
cost(17, 13, 17).
cost(17, 14, 69).
cost(17, 15, 61).
cost(17, 16, 26).
cost(17, 18, 63).
cost(17, 19, 63).
cost(17, 20, 69).
cost(17, 21, 44).
cost(17, 22, 52).
cost(18, 1, 35).
cost(18, 2, 52).
cost(18, 3, 41).
cost(18, 4, 16).
cost(18, 5, 63).
cost(18, 6, 63).
cost(18, 7, 47).
cost(18, 8, 61).
cost(18, 9, 47).
cost(18, 10, 43).
cost(18, 11, 40).
cost(18, 12, 37).
cost(18, 13, 48).
cost(18, 14, 25).
cost(18, 15, 40).
cost(18, 16, 56).
cost(18, 17, 63).
cost(18, 19, 50).
cost(18, 20, 14).
cost(18, 21, 51).
cost(18, 22, 11).
cost(19, 1, 24).
cost(19, 2, 81).
cost(19, 3, 66).
cost(19, 4, 38).
cost(19, 5, 83).
cost(19, 6, 77).
cost(19, 7, 23).
cost(19, 8, 87).
cost(19, 9, 83).
cost(19, 10, 75).
cost(19, 11, 15).
cost(19, 12, 20).
cost(19, 13, 59).
cost(19, 14, 30).
cost(19, 15, 10).
cost(19, 16, 76).
cost(19, 17, 63).
cost(19, 18, 50).
cost(19, 20, 41).
cost(19, 21, 83).
cost(19, 22, 49).
cost(20, 1, 23).
cost(20, 2, 65).
cost(20, 3, 52).
cost(20, 4, 4).
cost(20, 5, 74).
cost(20, 6, 73).
cost(20, 7, 34).
cost(20, 8, 73).
cost(20, 9, 60).
cost(20, 10, 56).
cost(20, 11, 36).
cost(20, 12, 25).
cost(20, 13, 56).
cost(20, 14, 13).
cost(20, 15, 32).
cost(20, 16, 67).
cost(20, 17, 69).
cost(20, 18, 14).
cost(20, 19, 41).
cost(20, 21, 64).
cost(20, 22, 22).
cost(21, 1, 81).
cost(21, 2, 5).
cost(21, 3, 18).
cost(21, 4, 65).
cost(21, 5, 21).
cost(21, 6, 29).
cost(21, 7, 92).
cost(21, 8, 12).
cost(21, 9, 8).
cost(21, 10, 9).
cost(21, 11, 69).
cost(21, 12, 81).
cost(21, 13, 31).
cost(21, 14, 72).
cost(21, 15, 77).
cost(21, 16, 18).
cost(21, 17, 44).
cost(21, 18, 51).
cost(21, 19, 83).
cost(21, 20, 64).
cost(21, 22, 42).
cost(22, 1, 40).
cost(22, 2, 42).
cost(22, 3, 30).
cost(22, 4, 23).
cost(22, 5, 52).
cost(22, 6, 52).
cost(22, 7, 51).
cost(22, 8, 51).
cost(22, 9, 38).
cost(22, 10, 34).
cost(22, 11, 37).
cost(22, 12, 41).
cost(22, 13, 36).
cost(22, 14, 30).
cost(22, 15, 40).
cost(22, 16, 45).
cost(22, 17, 52).
cost(22, 18, 11).
cost(22, 19, 49).
cost(22, 20, 22).
cost(22, 21, 42).
