dimension(22).
point(1, 24.313742611, 18.3835601986).
point(2, 82.9386436423, 71.3386507944).
point(3, 96.9100933048, 45.986405229).
point(4, 30.0834152585, 28.0260195044).
point(5, 22.8382026687, 48.1124782902).
point(6, 14.8459867177, 25.5434624016).
point(7, 24.9226156848, 39.36480925).
point(8, 79.3326215813, 70.0763533206).
point(9, 12.9711459721, 29.3795288073).
point(10, 48.3059084543, 81.387039594).
point(11, 67.5340215419, 81.6899329436).
point(12, 90.03699325, 78.0577555904).
point(13, 38.5600635213, 55.2202568193).
point(14, 67.4970777801, 87.8625348375).
point(15, 32.0937479308, 56.4132580261).
point(16, 68.4652628351, 79.6550888708).
point(17, 43.3887066596, 40.4808320585).
point(18, 50.0041091512, 40.4910067201).
point(19, 75.6136579991, 61.4068426481).
point(20, 24.0136619681, 44.0472191184).
point(21, 57.5073511207, 88.8605220183).
point(22, 82.7042996962, 40.0333308999).
cost(1, 2, 79).
cost(1, 3, 78).
cost(1, 4, 11).
cost(1, 5, 30).
cost(1, 6, 12).
cost(1, 7, 21).
cost(1, 8, 75).
cost(1, 9, 16).
cost(1, 10, 67).
cost(1, 11, 77).
cost(1, 12, 89).
cost(1, 13, 39).
cost(1, 14, 82).
cost(1, 15, 39).
cost(1, 16, 76).
cost(1, 17, 29).
cost(1, 18, 34).
cost(1, 19, 67).
cost(1, 20, 26).
cost(1, 21, 78).
cost(1, 22, 62).
cost(2, 1, 79).
cost(2, 3, 29).
cost(2, 4, 68).
cost(2, 5, 64).
cost(2, 6, 82).
cost(2, 7, 66).
cost(2, 8, 4).
cost(2, 9, 82).
cost(2, 10, 36).
cost(2, 11, 19).
cost(2, 12, 10).
cost(2, 13, 47).
cost(2, 14, 23).
cost(2, 15, 53).
cost(2, 16, 17).
cost(2, 17, 50).
cost(2, 18, 45).
cost(2, 19, 12).
cost(2, 20, 65).
cost(2, 21, 31).
cost(2, 22, 31).
cost(3, 1, 78).
cost(3, 2, 29).
cost(3, 4, 69).
cost(3, 5, 74).
cost(3, 6, 85).
cost(3, 7, 72).
cost(3, 8, 30).
cost(3, 9, 86).
cost(3, 10, 60).
cost(3, 11, 46).
cost(3, 12, 33).
cost(3, 13, 59).
cost(3, 14, 51).
cost(3, 15, 66).
cost(3, 16, 44).
cost(3, 17, 54).
cost(3, 18, 47).
cost(3, 19, 26).
cost(3, 20, 73).
cost(3, 21, 58).
cost(3, 22, 15).
cost(4, 1, 11).
cost(4, 2, 68).
cost(4, 3, 69).
cost(4, 5, 21).
cost(4, 6, 15).
cost(4, 7, 12).
cost(4, 8, 65).
cost(4, 9, 17).
cost(4, 10, 56).
cost(4, 11, 65).
cost(4, 12, 78).
cost(4, 13, 28).
cost(4, 14, 71).
cost(4, 15, 28).
cost(4, 16, 64).
cost(4, 17, 18).
cost(4, 18, 23).
cost(4, 19, 56).
cost(4, 20, 17).
cost(4, 21, 67).
cost(4, 22, 54).
cost(5, 1, 30).
cost(5, 2, 64).
cost(5, 3, 74).
cost(5, 4, 21).
cost(5, 6, 24).
cost(5, 7, 9).
cost(5, 8, 61).
cost(5, 9, 21).
cost(5, 10, 42).
cost(5, 11, 56).
cost(5, 12, 74).
cost(5, 13, 17).
cost(5, 14, 60).
cost(5, 15, 12).
cost(5, 16, 55).
cost(5, 17, 22).
cost(5, 18, 28).
cost(5, 19, 54).
cost(5, 20, 4).
cost(5, 21, 54).
cost(5, 22, 60).
cost(6, 1, 12).
cost(6, 2, 82).
cost(6, 3, 85).
cost(6, 4, 15).
cost(6, 5, 24).
cost(6, 7, 17).
cost(6, 8, 78).
cost(6, 9, 4).
cost(6, 10, 65).
cost(6, 11, 77).
cost(6, 12, 92).
cost(6, 13, 38).
cost(6, 14, 82).
cost(6, 15, 35).
cost(6, 16, 76).
cost(6, 17, 32).
cost(6, 18, 38).
cost(6, 19, 71).
cost(6, 20, 21).
cost(6, 21, 76).
cost(6, 22, 69).
cost(7, 1, 21).
cost(7, 2, 66).
cost(7, 3, 72).
cost(7, 4, 12).
cost(7, 5, 9).
cost(7, 6, 17).
cost(7, 8, 62).
cost(7, 9, 16).
cost(7, 10, 48).
cost(7, 11, 60).
cost(7, 12, 76).
cost(7, 13, 21).
cost(7, 14, 65).
cost(7, 15, 18).
cost(7, 16, 59).
cost(7, 17, 18).
cost(7, 18, 25).
cost(7, 19, 55).
cost(7, 20, 5).
cost(7, 21, 59).
cost(7, 22, 58).
cost(8, 1, 75).
cost(8, 2, 4).
cost(8, 3, 30).
cost(8, 4, 65).
cost(8, 5, 61).
cost(8, 6, 78).
cost(8, 7, 62).
cost(8, 9, 78).
cost(8, 10, 33).
cost(8, 11, 17).
cost(8, 12, 13).
cost(8, 13, 43).
cost(8, 14, 21).
cost(8, 15, 49).
cost(8, 16, 14).
cost(8, 17, 47).
cost(8, 18, 42).
cost(8, 19, 9).
cost(8, 20, 61).
cost(8, 21, 29).
cost(8, 22, 30).
cost(9, 1, 16).
cost(9, 2, 82).
cost(9, 3, 86).
cost(9, 4, 17).
cost(9, 5, 21).
cost(9, 6, 4).
cost(9, 7, 16).
cost(9, 8, 78).
cost(9, 10, 63).
cost(9, 11, 76).
cost(9, 12, 91).
cost(9, 13, 36).
cost(9, 14, 80).
cost(9, 15, 33).
cost(9, 16, 75).
cost(9, 17, 32).
cost(9, 18, 39).
cost(9, 19, 70).
cost(9, 20, 18).
cost(9, 21, 74).
cost(9, 22, 71).
cost(10, 1, 67).
cost(10, 2, 36).
cost(10, 3, 60).
cost(10, 4, 56).
cost(10, 5, 42).
cost(10, 6, 65).
cost(10, 7, 48).
cost(10, 8, 33).
cost(10, 9, 63).
cost(10, 11, 19).
cost(10, 12, 42).
cost(10, 13, 28).
cost(10, 14, 20).
cost(10, 15, 30).
cost(10, 16, 20).
cost(10, 17, 41).
cost(10, 18, 41).
cost(10, 19, 34).
cost(10, 20, 45).
cost(10, 21, 12).
cost(10, 22, 54).
cost(11, 1, 77).
cost(11, 2, 19).
cost(11, 3, 46).
cost(11, 4, 65).
cost(11, 5, 56).
cost(11, 6, 77).
cost(11, 7, 60).
cost(11, 8, 17).
cost(11, 9, 76).
cost(11, 10, 19).
cost(11, 12, 23).
cost(11, 13, 39).
cost(11, 14, 6).
cost(11, 15, 44).
cost(11, 16, 2).
cost(11, 17, 48).
cost(11, 18, 45).
cost(11, 19, 22).
cost(11, 20, 58).
cost(11, 21, 12).
cost(11, 22, 44).
cost(12, 1, 89).
cost(12, 2, 10).
cost(12, 3, 33).
cost(12, 4, 78).
cost(12, 5, 74).
cost(12, 6, 92).
cost(12, 7, 76).
cost(12, 8, 13).
cost(12, 9, 91).
cost(12, 10, 42).
cost(12, 11, 23).
cost(12, 13, 56).
cost(12, 14, 25).
cost(12, 15, 62).
cost(12, 16, 22).
cost(12, 17, 60).
cost(12, 18, 55).
cost(12, 19, 22).
cost(12, 20, 74).
cost(12, 21, 34).
cost(12, 22, 39).
cost(13, 1, 39).
cost(13, 2, 47).
cost(13, 3, 59).
cost(13, 4, 28).
cost(13, 5, 17).
cost(13, 6, 38).
cost(13, 7, 21).
cost(13, 8, 43).
cost(13, 9, 36).
cost(13, 10, 28).
cost(13, 11, 39).
cost(13, 12, 56).
cost(13, 14, 44).
cost(13, 15, 7).
cost(13, 16, 39).
cost(13, 17, 16).
cost(13, 18, 19).
cost(13, 19, 38).
cost(13, 20, 18).
cost(13, 21, 39).
cost(13, 22, 47).
cost(14, 1, 82).
cost(14, 2, 23).
cost(14, 3, 51).
cost(14, 4, 71).
cost(14, 5, 60).
cost(14, 6, 82).
cost(14, 7, 65).
cost(14, 8, 21).
cost(14, 9, 80).
cost(14, 10, 20).
cost(14, 11, 6).
cost(14, 12, 25).
cost(14, 13, 44).
cost(14, 15, 47).
cost(14, 16, 8).
cost(14, 17, 53).
cost(14, 18, 50).
cost(14, 19, 28).
cost(14, 20, 62).
cost(14, 21, 10).
cost(14, 22, 50).
cost(15, 1, 39).
cost(15, 2, 53).
cost(15, 3, 66).
cost(15, 4, 28).
cost(15, 5, 12).
cost(15, 6, 35).
cost(15, 7, 18).
cost(15, 8, 49).
cost(15, 9, 33).
cost(15, 10, 30).
cost(15, 11, 44).
cost(15, 12, 62).
cost(15, 13, 7).
cost(15, 14, 47).
cost(15, 16, 43).
cost(15, 17, 20).
cost(15, 18, 24).
cost(15, 19, 44).
cost(15, 20, 15).
cost(15, 21, 41).
cost(15, 22, 53).
cost(16, 1, 76).
cost(16, 2, 17).
cost(16, 3, 44).
cost(16, 4, 64).
cost(16, 5, 55).
cost(16, 6, 76).
cost(16, 7, 59).
cost(16, 8, 14).
cost(16, 9, 75).
cost(16, 10, 20).
cost(16, 11, 2).
cost(16, 12, 22).
cost(16, 13, 39).
cost(16, 14, 8).
cost(16, 15, 43).
cost(16, 17, 47).
cost(16, 18, 43).
cost(16, 19, 20).
cost(16, 20, 57).
cost(16, 21, 14).
cost(16, 22, 42).
cost(17, 1, 29).
cost(17, 2, 50).
cost(17, 3, 54).
cost(17, 4, 18).
cost(17, 5, 22).
cost(17, 6, 32).
cost(17, 7, 18).
cost(17, 8, 47).
cost(17, 9, 32).
cost(17, 10, 41).
cost(17, 11, 48).
cost(17, 12, 60).
cost(17, 13, 16).
cost(17, 14, 53).
cost(17, 15, 20).
cost(17, 16, 47).
cost(17, 18, 7).
cost(17, 19, 38).
cost(17, 20, 20).
cost(17, 21, 50).
cost(17, 22, 39).
cost(18, 1, 34).
cost(18, 2, 45).
cost(18, 3, 47).
cost(18, 4, 23).
cost(18, 5, 28).
cost(18, 6, 38).
cost(18, 7, 25).
cost(18, 8, 42).
cost(18, 9, 39).
cost(18, 10, 41).
cost(18, 11, 45).
cost(18, 12, 55).
cost(18, 13, 19).
cost(18, 14, 50).
cost(18, 15, 24).
cost(18, 16, 43).
cost(18, 17, 7).
cost(18, 19, 33).
cost(18, 20, 26).
cost(18, 21, 49).
cost(18, 22, 33).
cost(19, 1, 67).
cost(19, 2, 12).
cost(19, 3, 26).
cost(19, 4, 56).
cost(19, 5, 54).
cost(19, 6, 71).
cost(19, 7, 55).
cost(19, 8, 9).
cost(19, 9, 70).
cost(19, 10, 34).
cost(19, 11, 22).
cost(19, 12, 22).
cost(19, 13, 38).
cost(19, 14, 28).
cost(19, 15, 44).
cost(19, 16, 20).
cost(19, 17, 38).
cost(19, 18, 33).
cost(19, 20, 54).
cost(19, 21, 33).
cost(19, 22, 23).
cost(20, 1, 26).
cost(20, 2, 65).
cost(20, 3, 73).
cost(20, 4, 17).
cost(20, 5, 4).
cost(20, 6, 21).
cost(20, 7, 5).
cost(20, 8, 61).
cost(20, 9, 18).
cost(20, 10, 45).
cost(20, 11, 58).
cost(20, 12, 74).
cost(20, 13, 18).
cost(20, 14, 62).
cost(20, 15, 15).
cost(20, 16, 57).
cost(20, 17, 20).
cost(20, 18, 26).
cost(20, 19, 54).
cost(20, 21, 56).
cost(20, 22, 59).
cost(21, 1, 78).
cost(21, 2, 31).
cost(21, 3, 58).
cost(21, 4, 67).
cost(21, 5, 54).
cost(21, 6, 76).
cost(21, 7, 59).
cost(21, 8, 29).
cost(21, 9, 74).
cost(21, 10, 12).
cost(21, 11, 12).
cost(21, 12, 34).
cost(21, 13, 39).
cost(21, 14, 10).
cost(21, 15, 41).
cost(21, 16, 14).
cost(21, 17, 50).
cost(21, 18, 49).
cost(21, 19, 33).
cost(21, 20, 56).
cost(21, 22, 55).
cost(22, 1, 62).
cost(22, 2, 31).
cost(22, 3, 15).
cost(22, 4, 54).
cost(22, 5, 60).
cost(22, 6, 69).
cost(22, 7, 58).
cost(22, 8, 30).
cost(22, 9, 71).
cost(22, 10, 54).
cost(22, 11, 44).
cost(22, 12, 39).
cost(22, 13, 47).
cost(22, 14, 50).
cost(22, 15, 53).
cost(22, 16, 42).
cost(22, 17, 39).
cost(22, 18, 33).
cost(22, 19, 23).
cost(22, 20, 59).
cost(22, 21, 55).
