dimension(22).
point(1, 75.9159013528, 67.2458941638).
point(2, 25.3099727974, 32.2207858291).
point(3, 36.4787156002, 17.3936557666).
point(4, 22.7379499063, 38.0636074853).
point(5, 87.0436386714, 94.9381435039).
point(6, 51.7581303124, 98.2503009066).
point(7, 11.6879782604, 42.6667968582).
point(8, 89.1551454223, 62.6867976846).
point(9, 63.5710370614, 2.5889044947).
point(10, 49.7033480811, 91.9862962804).
point(11, 58.2705515018, 78.9619522362).
point(12, 77.8495088673, 91.246465245).
point(13, 17.6221315083, 41.521160695).
point(14, 80.6078054771, 64.6017543656).
point(15, 47.4963687572, 28.5718893573).
point(16, 59.4690350501, 93.7002256559).
point(17, 91.4442294909, 88.6414210102).
point(18, 53.9491634524, 24.8450673066).
point(19, 60.8204119516, 3.4761377757).
point(20, 12.1039156611, 22.2174939197).
point(21, 97.8730174853, 61.2100528389).
point(22, 54.6542691401, 3.6045067812).
cost(1, 2, 62).
cost(1, 3, 64).
cost(1, 4, 61).
cost(1, 5, 30).
cost(1, 6, 39).
cost(1, 7, 69).
cost(1, 8, 14).
cost(1, 9, 66).
cost(1, 10, 36).
cost(1, 11, 21).
cost(1, 12, 24).
cost(1, 13, 64).
cost(1, 14, 5).
cost(1, 15, 48).
cost(1, 16, 31).
cost(1, 17, 26).
cost(1, 18, 48).
cost(1, 19, 66).
cost(1, 20, 78).
cost(1, 21, 23).
cost(1, 22, 67).
cost(2, 1, 62).
cost(2, 3, 19).
cost(2, 4, 6).
cost(2, 5, 88).
cost(2, 6, 71).
cost(2, 7, 17).
cost(2, 8, 71).
cost(2, 9, 48).
cost(2, 10, 65).
cost(2, 11, 57).
cost(2, 12, 79).
cost(2, 13, 12).
cost(2, 14, 64).
cost(2, 15, 22).
cost(2, 16, 70).
cost(2, 17, 87).
cost(2, 18, 30).
cost(2, 19, 46).
cost(2, 20, 17).
cost(2, 21, 78).
cost(2, 22, 41).
cost(3, 1, 64).
cost(3, 2, 19).
cost(3, 4, 25).
cost(3, 5, 93).
cost(3, 6, 82).
cost(3, 7, 35).
cost(3, 8, 69).
cost(3, 9, 31).
cost(3, 10, 76).
cost(3, 11, 65).
cost(3, 12, 85).
cost(3, 13, 31).
cost(3, 14, 65).
cost(3, 15, 16).
cost(3, 16, 80).
cost(3, 17, 90).
cost(3, 18, 19).
cost(3, 19, 28).
cost(3, 20, 25).
cost(3, 21, 75).
cost(3, 22, 23).
cost(4, 1, 61).
cost(4, 2, 6).
cost(4, 3, 25).
cost(4, 5, 86).
cost(4, 6, 67).
cost(4, 7, 12).
cost(4, 8, 71).
cost(4, 9, 54).
cost(4, 10, 60).
cost(4, 11, 54).
cost(4, 12, 77).
cost(4, 13, 6).
cost(4, 14, 64).
cost(4, 15, 27).
cost(4, 16, 67).
cost(4, 17, 85).
cost(4, 18, 34).
cost(4, 19, 51).
cost(4, 20, 19).
cost(4, 21, 79).
cost(4, 22, 47).
cost(5, 1, 30).
cost(5, 2, 88).
cost(5, 3, 93).
cost(5, 4, 86).
cost(5, 6, 35).
cost(5, 7, 92).
cost(5, 8, 32).
cost(5, 9, 95).
cost(5, 10, 37).
cost(5, 11, 33).
cost(5, 12, 10).
cost(5, 13, 88).
cost(5, 14, 31).
cost(5, 15, 77).
cost(5, 16, 28).
cost(5, 17, 8).
cost(5, 18, 78).
cost(5, 19, 95).
cost(5, 20, 104).
cost(5, 21, 35).
cost(5, 22, 97).
cost(6, 1, 39).
cost(6, 2, 71).
cost(6, 3, 82).
cost(6, 4, 67).
cost(6, 5, 35).
cost(6, 7, 69).
cost(6, 8, 52).
cost(6, 9, 96).
cost(6, 10, 7).
cost(6, 11, 20).
cost(6, 12, 27).
cost(6, 13, 66).
cost(6, 14, 44).
cost(6, 15, 70).
cost(6, 16, 9).
cost(6, 17, 41).
cost(6, 18, 73).
cost(6, 19, 95).
cost(6, 20, 86).
cost(6, 21, 59).
cost(6, 22, 95).
cost(7, 1, 69).
cost(7, 2, 17).
cost(7, 3, 35).
cost(7, 4, 12).
cost(7, 5, 92).
cost(7, 6, 69).
cost(7, 8, 80).
cost(7, 9, 66).
cost(7, 10, 62).
cost(7, 11, 59).
cost(7, 12, 82).
cost(7, 13, 6).
cost(7, 14, 72).
cost(7, 15, 38).
cost(7, 16, 70).
cost(7, 17, 92).
cost(7, 18, 46).
cost(7, 19, 63).
cost(7, 20, 20).
cost(7, 21, 88).
cost(7, 22, 58).
cost(8, 1, 14).
cost(8, 2, 71).
cost(8, 3, 69).
cost(8, 4, 71).
cost(8, 5, 32).
cost(8, 6, 52).
cost(8, 7, 80).
cost(8, 9, 65).
cost(8, 10, 49).
cost(8, 11, 35).
cost(8, 12, 31).
cost(8, 13, 75).
cost(8, 14, 9).
cost(8, 15, 54).
cost(8, 16, 43).
cost(8, 17, 26).
cost(8, 18, 52).
cost(8, 19, 66).
cost(8, 20, 87).
cost(8, 21, 9).
cost(8, 22, 68).
cost(9, 1, 66).
cost(9, 2, 48).
cost(9, 3, 31).
cost(9, 4, 54).
cost(9, 5, 95).
cost(9, 6, 96).
cost(9, 7, 66).
cost(9, 8, 65).
cost(9, 10, 90).
cost(9, 11, 77).
cost(9, 12, 90).
cost(9, 13, 60).
cost(9, 14, 64).
cost(9, 15, 31).
cost(9, 16, 91).
cost(9, 17, 90).
cost(9, 18, 24).
cost(9, 19, 3).
cost(9, 20, 55).
cost(9, 21, 68).
cost(9, 22, 9).
cost(10, 1, 36).
cost(10, 2, 65).
cost(10, 3, 76).
cost(10, 4, 60).
cost(10, 5, 37).
cost(10, 6, 7).
cost(10, 7, 62).
cost(10, 8, 49).
cost(10, 9, 90).
cost(10, 11, 16).
cost(10, 12, 28).
cost(10, 13, 60).
cost(10, 14, 41).
cost(10, 15, 63).
cost(10, 16, 10).
cost(10, 17, 42).
cost(10, 18, 67).
cost(10, 19, 89).
cost(10, 20, 79).
cost(10, 21, 57).
cost(10, 22, 89).
cost(11, 1, 21).
cost(11, 2, 57).
cost(11, 3, 65).
cost(11, 4, 54).
cost(11, 5, 33).
cost(11, 6, 20).
cost(11, 7, 59).
cost(11, 8, 35).
cost(11, 9, 77).
cost(11, 10, 16).
cost(11, 12, 23).
cost(11, 13, 55).
cost(11, 14, 27).
cost(11, 15, 52).
cost(11, 16, 15).
cost(11, 17, 35).
cost(11, 18, 54).
cost(11, 19, 76).
cost(11, 20, 73).
cost(11, 21, 43).
cost(11, 22, 75).
cost(12, 1, 24).
cost(12, 2, 79).
cost(12, 3, 85).
cost(12, 4, 77).
cost(12, 5, 10).
cost(12, 6, 27).
cost(12, 7, 82).
cost(12, 8, 31).
cost(12, 9, 90).
cost(12, 10, 28).
cost(12, 11, 23).
cost(12, 13, 78).
cost(12, 14, 27).
cost(12, 15, 70).
cost(12, 16, 19).
cost(12, 17, 14).
cost(12, 18, 71).
cost(12, 19, 89).
cost(12, 20, 95).
cost(12, 21, 36).
cost(12, 22, 91).
cost(13, 1, 64).
cost(13, 2, 12).
cost(13, 3, 31).
cost(13, 4, 6).
cost(13, 5, 88).
cost(13, 6, 66).
cost(13, 7, 6).
cost(13, 8, 75).
cost(13, 9, 60).
cost(13, 10, 60).
cost(13, 11, 55).
cost(13, 12, 78).
cost(13, 14, 67).
cost(13, 15, 33).
cost(13, 16, 67).
cost(13, 17, 88).
cost(13, 18, 40).
cost(13, 19, 58).
cost(13, 20, 20).
cost(13, 21, 83).
cost(13, 22, 53).
cost(14, 1, 5).
cost(14, 2, 64).
cost(14, 3, 65).
cost(14, 4, 64).
cost(14, 5, 31).
cost(14, 6, 44).
cost(14, 7, 72).
cost(14, 8, 9).
cost(14, 9, 64).
cost(14, 10, 41).
cost(14, 11, 27).
cost(14, 12, 27).
cost(14, 13, 67).
cost(14, 15, 49).
cost(14, 16, 36).
cost(14, 17, 26).
cost(14, 18, 48).
cost(14, 19, 64).
cost(14, 20, 81).
cost(14, 21, 18).
cost(14, 22, 66).
cost(15, 1, 48).
cost(15, 2, 22).
cost(15, 3, 16).
cost(15, 4, 27).
cost(15, 5, 77).
cost(15, 6, 70).
cost(15, 7, 38).
cost(15, 8, 54).
cost(15, 9, 31).
cost(15, 10, 63).
cost(15, 11, 52).
cost(15, 12, 70).
cost(15, 13, 33).
cost(15, 14, 49).
cost(15, 16, 66).
cost(15, 17, 74).
cost(15, 18, 7).
cost(15, 19, 28).
cost(15, 20, 36).
cost(15, 21, 60).
cost(15, 22, 26).
cost(16, 1, 31).
cost(16, 2, 70).
cost(16, 3, 80).
cost(16, 4, 67).
cost(16, 5, 28).
cost(16, 6, 9).
cost(16, 7, 70).
cost(16, 8, 43).
cost(16, 9, 91).
cost(16, 10, 10).
cost(16, 11, 15).
cost(16, 12, 19).
cost(16, 13, 67).
cost(16, 14, 36).
cost(16, 15, 66).
cost(16, 17, 32).
cost(16, 18, 69).
cost(16, 19, 90).
cost(16, 20, 86).
cost(16, 21, 50).
cost(16, 22, 90).
cost(17, 1, 26).
cost(17, 2, 87).
cost(17, 3, 90).
cost(17, 4, 85).
cost(17, 5, 8).
cost(17, 6, 41).
cost(17, 7, 92).
cost(17, 8, 26).
cost(17, 9, 90).
cost(17, 10, 42).
cost(17, 11, 35).
cost(17, 12, 14).
cost(17, 13, 88).
cost(17, 14, 26).
cost(17, 15, 74).
cost(17, 16, 32).
cost(17, 18, 74).
cost(17, 19, 91).
cost(17, 20, 103).
cost(17, 21, 28).
cost(17, 22, 93).
cost(18, 1, 48).
cost(18, 2, 30).
cost(18, 3, 19).
cost(18, 4, 34).
cost(18, 5, 78).
cost(18, 6, 73).
cost(18, 7, 46).
cost(18, 8, 52).
cost(18, 9, 24).
cost(18, 10, 67).
cost(18, 11, 54).
cost(18, 12, 71).
cost(18, 13, 40).
cost(18, 14, 48).
cost(18, 15, 7).
cost(18, 16, 69).
cost(18, 17, 74).
cost(18, 19, 22).
cost(18, 20, 42).
cost(18, 21, 57).
cost(18, 22, 21).
cost(19, 1, 66).
cost(19, 2, 46).
cost(19, 3, 28).
cost(19, 4, 51).
cost(19, 5, 95).
cost(19, 6, 95).
cost(19, 7, 63).
cost(19, 8, 66).
cost(19, 9, 3).
cost(19, 10, 89).
cost(19, 11, 76).
cost(19, 12, 89).
cost(19, 13, 58).
cost(19, 14, 64).
cost(19, 15, 28).
cost(19, 16, 90).
cost(19, 17, 91).
cost(19, 18, 22).
cost(19, 20, 52).
cost(19, 21, 69).
cost(19, 22, 6).
cost(20, 1, 78).
cost(20, 2, 17).
cost(20, 3, 25).
cost(20, 4, 19).
cost(20, 5, 104).
cost(20, 6, 86).
cost(20, 7, 20).
cost(20, 8, 87).
cost(20, 9, 55).
cost(20, 10, 79).
cost(20, 11, 73).
cost(20, 12, 95).
cost(20, 13, 20).
cost(20, 14, 81).
cost(20, 15, 36).
cost(20, 16, 86).
cost(20, 17, 103).
cost(20, 18, 42).
cost(20, 19, 52).
cost(20, 21, 94).
cost(20, 22, 46).
cost(21, 1, 23).
cost(21, 2, 78).
cost(21, 3, 75).
cost(21, 4, 79).
cost(21, 5, 35).
cost(21, 6, 59).
cost(21, 7, 88).
cost(21, 8, 9).
cost(21, 9, 68).
cost(21, 10, 57).
cost(21, 11, 43).
cost(21, 12, 36).
cost(21, 13, 83).
cost(21, 14, 18).
cost(21, 15, 60).
cost(21, 16, 50).
cost(21, 17, 28).
cost(21, 18, 57).
cost(21, 19, 69).
cost(21, 20, 94).
cost(21, 22, 72).
cost(22, 1, 67).
cost(22, 2, 41).
cost(22, 3, 23).
cost(22, 4, 47).
cost(22, 5, 97).
cost(22, 6, 95).
cost(22, 7, 58).
cost(22, 8, 68).
cost(22, 9, 9).
cost(22, 10, 89).
cost(22, 11, 75).
cost(22, 12, 91).
cost(22, 13, 53).
cost(22, 14, 66).
cost(22, 15, 26).
cost(22, 16, 90).
cost(22, 17, 93).
cost(22, 18, 21).
cost(22, 19, 6).
cost(22, 20, 46).
cost(22, 21, 72).
