dimension(22).
point(1, 58.0172052845, 57.0841750423).
point(2, 16.3797318621, 62.8752699361).
point(3, 37.3776657809, 72.3513167895).
point(4, 31.0358125466, 83.1163048266).
point(5, 83.0783455749, 25.7994585853).
point(6, 35.5074940286, 89.9464822692).
point(7, 76.1031012018, 31.5208074879).
point(8, 89.0121479853, 32.0188369936).
point(9, 94.8196388066, 29.473190829).
point(10, 36.9057215939, 15.7744154301).
point(11, 62.4929965207, 84.4566315575).
point(12, 31.3269019111, 68.9455200327).
point(13, 29.6112178449, 62.4596348791).
point(14, 80.5930191184, 94.3778477417).
point(15, 60.4762144554, 23.061647485).
point(16, 46.6222568303, 68.2891076414).
point(17, 97.4605716201, 20.5074948054).
point(18, 65.9854281525, 0.8540463661).
point(19, 76.7401863014, 87.4596625437).
point(20, 77.5693691686, 14.5025026774).
point(21, 76.3900313218, 32.8194617773).
point(22, 98.8932129556, 10.0124567658).
cost(1, 2, 42).
cost(1, 3, 26).
cost(1, 4, 37).
cost(1, 5, 40).
cost(1, 6, 40).
cost(1, 7, 31).
cost(1, 8, 40).
cost(1, 9, 46).
cost(1, 10, 46).
cost(1, 11, 28).
cost(1, 12, 29).
cost(1, 13, 29).
cost(1, 14, 44).
cost(1, 15, 34).
cost(1, 16, 16).
cost(1, 17, 54).
cost(1, 18, 57).
cost(1, 19, 36).
cost(1, 20, 47).
cost(1, 21, 30).
cost(1, 22, 62).
cost(2, 1, 42).
cost(2, 3, 23).
cost(2, 4, 25).
cost(2, 5, 76).
cost(2, 6, 33).
cost(2, 7, 67).
cost(2, 8, 79).
cost(2, 9, 85).
cost(2, 10, 51).
cost(2, 11, 51).
cost(2, 12, 16).
cost(2, 13, 13).
cost(2, 14, 72).
cost(2, 15, 59).
cost(2, 16, 31).
cost(2, 17, 91).
cost(2, 18, 79).
cost(2, 19, 65).
cost(2, 20, 78).
cost(2, 21, 67).
cost(2, 22, 98).
cost(3, 1, 26).
cost(3, 2, 23).
cost(3, 4, 12).
cost(3, 5, 65).
cost(3, 6, 18).
cost(3, 7, 56).
cost(3, 8, 66).
cost(3, 9, 72).
cost(3, 10, 57).
cost(3, 11, 28).
cost(3, 12, 7).
cost(3, 13, 13).
cost(3, 14, 49).
cost(3, 15, 54).
cost(3, 16, 10).
cost(3, 17, 79).
cost(3, 18, 77).
cost(3, 19, 42).
cost(3, 20, 70).
cost(3, 21, 56).
cost(3, 22, 88).
cost(4, 1, 37).
cost(4, 2, 25).
cost(4, 3, 12).
cost(4, 5, 77).
cost(4, 6, 8).
cost(4, 7, 69).
cost(4, 8, 77).
cost(4, 9, 83).
cost(4, 10, 68).
cost(4, 11, 31).
cost(4, 12, 14).
cost(4, 13, 21).
cost(4, 14, 51).
cost(4, 15, 67).
cost(4, 16, 22).
cost(4, 17, 91).
cost(4, 18, 89).
cost(4, 19, 46).
cost(4, 20, 83).
cost(4, 21, 68).
cost(4, 22, 100).
cost(5, 1, 40).
cost(5, 2, 76).
cost(5, 3, 65).
cost(5, 4, 77).
cost(5, 6, 80).
cost(5, 7, 9).
cost(5, 8, 9).
cost(5, 9, 12).
cost(5, 10, 47).
cost(5, 11, 62).
cost(5, 12, 67).
cost(5, 13, 65).
cost(5, 14, 69).
cost(5, 15, 23).
cost(5, 16, 56).
cost(5, 17, 15).
cost(5, 18, 30).
cost(5, 19, 62).
cost(5, 20, 13).
cost(5, 21, 10).
cost(5, 22, 22).
cost(6, 1, 40).
cost(6, 2, 33).
cost(6, 3, 18).
cost(6, 4, 8).
cost(6, 5, 80).
cost(6, 7, 71).
cost(6, 8, 79).
cost(6, 9, 85).
cost(6, 10, 74).
cost(6, 11, 28).
cost(6, 12, 21).
cost(6, 13, 28).
cost(6, 14, 45).
cost(6, 15, 71).
cost(6, 16, 24).
cost(6, 17, 93).
cost(6, 18, 94).
cost(6, 19, 41).
cost(6, 20, 86).
cost(6, 21, 70).
cost(6, 22, 102).
cost(7, 1, 31).
cost(7, 2, 67).
cost(7, 3, 56).
cost(7, 4, 69).
cost(7, 5, 9).
cost(7, 6, 71).
cost(7, 8, 13).
cost(7, 9, 19).
cost(7, 10, 42).
cost(7, 11, 55).
cost(7, 12, 58).
cost(7, 13, 56).
cost(7, 14, 63).
cost(7, 15, 18).
cost(7, 16, 47).
cost(7, 17, 24).
cost(7, 18, 32).
cost(7, 19, 56).
cost(7, 20, 17).
cost(7, 21, 1).
cost(7, 22, 31).
cost(8, 1, 40).
cost(8, 2, 79).
cost(8, 3, 66).
cost(8, 4, 77).
cost(8, 5, 9).
cost(8, 6, 79).
cost(8, 7, 13).
cost(8, 9, 6).
cost(8, 10, 55).
cost(8, 11, 59).
cost(8, 12, 68).
cost(8, 13, 67).
cost(8, 14, 63).
cost(8, 15, 30).
cost(8, 16, 56).
cost(8, 17, 14).
cost(8, 18, 39).
cost(8, 19, 57).
cost(8, 20, 21).
cost(8, 21, 13).
cost(8, 22, 24).
cost(9, 1, 46).
cost(9, 2, 85).
cost(9, 3, 72).
cost(9, 4, 83).
cost(9, 5, 12).
cost(9, 6, 85).
cost(9, 7, 19).
cost(9, 8, 6).
cost(9, 10, 60).
cost(9, 11, 64).
cost(9, 12, 75).
cost(9, 13, 73).
cost(9, 14, 66).
cost(9, 15, 35).
cost(9, 16, 62).
cost(9, 17, 9).
cost(9, 18, 41).
cost(9, 19, 61).
cost(9, 20, 23).
cost(9, 21, 19).
cost(9, 22, 20).
cost(10, 1, 46).
cost(10, 2, 51).
cost(10, 3, 57).
cost(10, 4, 68).
cost(10, 5, 47).
cost(10, 6, 74).
cost(10, 7, 42).
cost(10, 8, 55).
cost(10, 9, 60).
cost(10, 11, 73).
cost(10, 12, 53).
cost(10, 13, 47).
cost(10, 14, 90).
cost(10, 15, 25).
cost(10, 16, 53).
cost(10, 17, 61).
cost(10, 18, 33).
cost(10, 19, 82).
cost(10, 20, 41).
cost(10, 21, 43).
cost(10, 22, 62).
cost(11, 1, 28).
cost(11, 2, 51).
cost(11, 3, 28).
cost(11, 4, 31).
cost(11, 5, 62).
cost(11, 6, 28).
cost(11, 7, 55).
cost(11, 8, 59).
cost(11, 9, 64).
cost(11, 10, 73).
cost(11, 12, 35).
cost(11, 13, 40).
cost(11, 14, 21).
cost(11, 15, 61).
cost(11, 16, 23).
cost(11, 17, 73).
cost(11, 18, 84).
cost(11, 19, 15).
cost(11, 20, 72).
cost(11, 21, 53).
cost(11, 22, 83).
cost(12, 1, 29).
cost(12, 2, 16).
cost(12, 3, 7).
cost(12, 4, 14).
cost(12, 5, 67).
cost(12, 6, 21).
cost(12, 7, 58).
cost(12, 8, 68).
cost(12, 9, 75).
cost(12, 10, 53).
cost(12, 11, 35).
cost(12, 13, 7).
cost(12, 14, 55).
cost(12, 15, 54).
cost(12, 16, 15).
cost(12, 17, 82).
cost(12, 18, 76).
cost(12, 19, 49).
cost(12, 20, 71).
cost(12, 21, 58).
cost(12, 22, 90).
cost(13, 1, 29).
cost(13, 2, 13).
cost(13, 3, 13).
cost(13, 4, 21).
cost(13, 5, 65).
cost(13, 6, 28).
cost(13, 7, 56).
cost(13, 8, 67).
cost(13, 9, 73).
cost(13, 10, 47).
cost(13, 11, 40).
cost(13, 12, 7).
cost(13, 14, 60).
cost(13, 15, 50).
cost(13, 16, 18).
cost(13, 17, 80).
cost(13, 18, 72).
cost(13, 19, 53).
cost(13, 20, 68).
cost(13, 21, 55).
cost(13, 22, 87).
cost(14, 1, 44).
cost(14, 2, 72).
cost(14, 3, 49).
cost(14, 4, 51).
cost(14, 5, 69).
cost(14, 6, 45).
cost(14, 7, 63).
cost(14, 8, 63).
cost(14, 9, 66).
cost(14, 10, 90).
cost(14, 11, 21).
cost(14, 12, 55).
cost(14, 13, 60).
cost(14, 15, 74).
cost(14, 16, 43).
cost(14, 17, 76).
cost(14, 18, 95).
cost(14, 19, 8).
cost(14, 20, 80).
cost(14, 21, 62).
cost(14, 22, 86).
cost(15, 1, 34).
cost(15, 2, 59).
cost(15, 3, 54).
cost(15, 4, 67).
cost(15, 5, 23).
cost(15, 6, 71).
cost(15, 7, 18).
cost(15, 8, 30).
cost(15, 9, 35).
cost(15, 10, 25).
cost(15, 11, 61).
cost(15, 12, 54).
cost(15, 13, 50).
cost(15, 14, 74).
cost(15, 16, 47).
cost(15, 17, 37).
cost(15, 18, 23).
cost(15, 19, 66).
cost(15, 20, 19).
cost(15, 21, 19).
cost(15, 22, 41).
cost(16, 1, 16).
cost(16, 2, 31).
cost(16, 3, 10).
cost(16, 4, 22).
cost(16, 5, 56).
cost(16, 6, 24).
cost(16, 7, 47).
cost(16, 8, 56).
cost(16, 9, 62).
cost(16, 10, 53).
cost(16, 11, 23).
cost(16, 12, 15).
cost(16, 13, 18).
cost(16, 14, 43).
cost(16, 15, 47).
cost(16, 17, 70).
cost(16, 18, 70).
cost(16, 19, 36).
cost(16, 20, 62).
cost(16, 21, 46).
cost(16, 22, 78).
cost(17, 1, 54).
cost(17, 2, 91).
cost(17, 3, 79).
cost(17, 4, 91).
cost(17, 5, 15).
cost(17, 6, 93).
cost(17, 7, 24).
cost(17, 8, 14).
cost(17, 9, 9).
cost(17, 10, 61).
cost(17, 11, 73).
cost(17, 12, 82).
cost(17, 13, 80).
cost(17, 14, 76).
cost(17, 15, 37).
cost(17, 16, 70).
cost(17, 18, 37).
cost(17, 19, 70).
cost(17, 20, 21).
cost(17, 21, 24).
cost(17, 22, 11).
cost(18, 1, 57).
cost(18, 2, 79).
cost(18, 3, 77).
cost(18, 4, 89).
cost(18, 5, 30).
cost(18, 6, 94).
cost(18, 7, 32).
cost(18, 8, 39).
cost(18, 9, 41).
cost(18, 10, 33).
cost(18, 11, 84).
cost(18, 12, 76).
cost(18, 13, 72).
cost(18, 14, 95).
cost(18, 15, 23).
cost(18, 16, 70).
cost(18, 17, 37).
cost(18, 19, 87).
cost(18, 20, 18).
cost(18, 21, 34).
cost(18, 22, 34).
cost(19, 1, 36).
cost(19, 2, 65).
cost(19, 3, 42).
cost(19, 4, 46).
cost(19, 5, 62).
cost(19, 6, 41).
cost(19, 7, 56).
cost(19, 8, 57).
cost(19, 9, 61).
cost(19, 10, 82).
cost(19, 11, 15).
cost(19, 12, 49).
cost(19, 13, 53).
cost(19, 14, 8).
cost(19, 15, 66).
cost(19, 16, 36).
cost(19, 17, 70).
cost(19, 18, 87).
cost(19, 20, 73).
cost(19, 21, 55).
cost(19, 22, 81).
cost(20, 1, 47).
cost(20, 2, 78).
cost(20, 3, 70).
cost(20, 4, 83).
cost(20, 5, 13).
cost(20, 6, 86).
cost(20, 7, 17).
cost(20, 8, 21).
cost(20, 9, 23).
cost(20, 10, 41).
cost(20, 11, 72).
cost(20, 12, 71).
cost(20, 13, 68).
cost(20, 14, 80).
cost(20, 15, 19).
cost(20, 16, 62).
cost(20, 17, 21).
cost(20, 18, 18).
cost(20, 19, 73).
cost(20, 21, 18).
cost(20, 22, 22).
cost(21, 1, 30).
cost(21, 2, 67).
cost(21, 3, 56).
cost(21, 4, 68).
cost(21, 5, 10).
cost(21, 6, 70).
cost(21, 7, 1).
cost(21, 8, 13).
cost(21, 9, 19).
cost(21, 10, 43).
cost(21, 11, 53).
cost(21, 12, 58).
cost(21, 13, 55).
cost(21, 14, 62).
cost(21, 15, 19).
cost(21, 16, 46).
cost(21, 17, 24).
cost(21, 18, 34).
cost(21, 19, 55).
cost(21, 20, 18).
cost(21, 22, 32).
cost(22, 1, 62).
cost(22, 2, 98).
cost(22, 3, 88).
cost(22, 4, 100).
cost(22, 5, 22).
cost(22, 6, 102).
cost(22, 7, 31).
cost(22, 8, 24).
cost(22, 9, 20).
cost(22, 10, 62).
cost(22, 11, 83).
cost(22, 12, 90).
cost(22, 13, 87).
cost(22, 14, 86).
cost(22, 15, 41).
cost(22, 16, 78).
cost(22, 17, 11).
cost(22, 18, 34).
cost(22, 19, 81).
cost(22, 20, 22).
cost(22, 21, 32).
