dimension(22).
point(1, 10.260099359, 55.5446221854).
point(2, 64.3954834129, 18.0364330611).
point(3, 77.5805052439, 9.3468929764).
point(4, 16.8884821124, 68.9158105292).
point(5, 6.4952088894, 54.8280321655).
point(6, 50.6741635498, 94.6477695395).
point(7, 55.0355896089, 9.2198761003).
point(8, 47.9910501958, 92.8839668303).
point(9, 77.3606351627, 23.4260260878).
point(10, 22.1226688175, 6.5497550342).
point(11, 37.7733897694, 22.8030572481).
point(12, 53.1158564725, 3.409240289).
point(13, 43.0675696594, 2.2543418119).
point(14, 39.4183394154, 63.76291601).
point(15, 17.5346761716, 73.0756393079).
point(16, 13.0480973217, 69.2770776699).
point(17, 43.6400157544, 33.9615637459).
point(18, 78.7430522486, 26.9471042972).
point(19, 36.8513430047, 82.8888318826).
point(20, 75.7439605023, 15.4363547454).
point(21, 55.9354362944, 84.3814352549).
point(22, 44.5957267571, 68.5891150473).
cost(1, 2, 66).
cost(1, 3, 82).
cost(1, 4, 15).
cost(1, 5, 4).
cost(1, 6, 56).
cost(1, 7, 64).
cost(1, 8, 53).
cost(1, 9, 74).
cost(1, 10, 50).
cost(1, 11, 43).
cost(1, 12, 67).
cost(1, 13, 63).
cost(1, 14, 30).
cost(1, 15, 19).
cost(1, 16, 14).
cost(1, 17, 40).
cost(1, 18, 74).
cost(1, 19, 38).
cost(1, 20, 77).
cost(1, 21, 54).
cost(1, 22, 37).
cost(2, 1, 66).
cost(2, 3, 16).
cost(2, 4, 70).
cost(2, 5, 69).
cost(2, 6, 78).
cost(2, 7, 13).
cost(2, 8, 77).
cost(2, 9, 14).
cost(2, 10, 44).
cost(2, 11, 27).
cost(2, 12, 18).
cost(2, 13, 27).
cost(2, 14, 52).
cost(2, 15, 72).
cost(2, 16, 73).
cost(2, 17, 26).
cost(2, 18, 17).
cost(2, 19, 70).
cost(2, 20, 12).
cost(2, 21, 67).
cost(2, 22, 54).
cost(3, 1, 82).
cost(3, 2, 16).
cost(3, 4, 85).
cost(3, 5, 84).
cost(3, 6, 89).
cost(3, 7, 23).
cost(3, 8, 89).
cost(3, 9, 14).
cost(3, 10, 56).
cost(3, 11, 42).
cost(3, 12, 25).
cost(3, 13, 35).
cost(3, 14, 66).
cost(3, 15, 88).
cost(3, 16, 88).
cost(3, 17, 42).
cost(3, 18, 18).
cost(3, 19, 84).
cost(3, 20, 6).
cost(3, 21, 78).
cost(3, 22, 68).
cost(4, 1, 15).
cost(4, 2, 70).
cost(4, 3, 85).
cost(4, 5, 18).
cost(4, 6, 42).
cost(4, 7, 71).
cost(4, 8, 39).
cost(4, 9, 76).
cost(4, 10, 63).
cost(4, 11, 51).
cost(4, 12, 75).
cost(4, 13, 72).
cost(4, 14, 23).
cost(4, 15, 4).
cost(4, 16, 4).
cost(4, 17, 44).
cost(4, 18, 75).
cost(4, 19, 24).
cost(4, 20, 80).
cost(4, 21, 42).
cost(4, 22, 28).
cost(5, 1, 4).
cost(5, 2, 69).
cost(5, 3, 84).
cost(5, 4, 18).
cost(5, 6, 59).
cost(5, 7, 67).
cost(5, 8, 56).
cost(5, 9, 78).
cost(5, 10, 51).
cost(5, 11, 45).
cost(5, 12, 69).
cost(5, 13, 64).
cost(5, 14, 34).
cost(5, 15, 21).
cost(5, 16, 16).
cost(5, 17, 43).
cost(5, 18, 77).
cost(5, 19, 41).
cost(5, 20, 80).
cost(5, 21, 58).
cost(5, 22, 41).
cost(6, 1, 56).
cost(6, 2, 78).
cost(6, 3, 89).
cost(6, 4, 42).
cost(6, 5, 59).
cost(6, 7, 86).
cost(6, 8, 3).
cost(6, 9, 76).
cost(6, 10, 93).
cost(6, 11, 73).
cost(6, 12, 91).
cost(6, 13, 93).
cost(6, 14, 33).
cost(6, 15, 40).
cost(6, 16, 45).
cost(6, 17, 61).
cost(6, 18, 73).
cost(6, 19, 18).
cost(6, 20, 83).
cost(6, 21, 12).
cost(6, 22, 27).
cost(7, 1, 64).
cost(7, 2, 13).
cost(7, 3, 23).
cost(7, 4, 71).
cost(7, 5, 67).
cost(7, 6, 86).
cost(7, 8, 84).
cost(7, 9, 26).
cost(7, 10, 33).
cost(7, 11, 22).
cost(7, 12, 6).
cost(7, 13, 14).
cost(7, 14, 57).
cost(7, 15, 74).
cost(7, 16, 73).
cost(7, 17, 27).
cost(7, 18, 30).
cost(7, 19, 76).
cost(7, 20, 22).
cost(7, 21, 75).
cost(7, 22, 60).
cost(8, 1, 53).
cost(8, 2, 77).
cost(8, 3, 89).
cost(8, 4, 39).
cost(8, 5, 56).
cost(8, 6, 3).
cost(8, 7, 84).
cost(8, 9, 75).
cost(8, 10, 90).
cost(8, 11, 71).
cost(8, 12, 90).
cost(8, 13, 91).
cost(8, 14, 30).
cost(8, 15, 36).
cost(8, 16, 42).
cost(8, 17, 59).
cost(8, 18, 73).
cost(8, 19, 15).
cost(8, 20, 82).
cost(8, 21, 12).
cost(8, 22, 25).
cost(9, 1, 74).
cost(9, 2, 14).
cost(9, 3, 14).
cost(9, 4, 76).
cost(9, 5, 78).
cost(9, 6, 76).
cost(9, 7, 26).
cost(9, 8, 75).
cost(9, 10, 58).
cost(9, 11, 40).
cost(9, 12, 31).
cost(9, 13, 40).
cost(9, 14, 55).
cost(9, 15, 78).
cost(9, 16, 79).
cost(9, 17, 35).
cost(9, 18, 4).
cost(9, 19, 72).
cost(9, 20, 8).
cost(9, 21, 65).
cost(9, 22, 56).
cost(10, 1, 50).
cost(10, 2, 44).
cost(10, 3, 56).
cost(10, 4, 63).
cost(10, 5, 51).
cost(10, 6, 93).
cost(10, 7, 33).
cost(10, 8, 90).
cost(10, 9, 58).
cost(10, 11, 23).
cost(10, 12, 31).
cost(10, 13, 21).
cost(10, 14, 60).
cost(10, 15, 67).
cost(10, 16, 63).
cost(10, 17, 35).
cost(10, 18, 60).
cost(10, 19, 78).
cost(10, 20, 54).
cost(10, 21, 85).
cost(10, 22, 66).
cost(11, 1, 43).
cost(11, 2, 27).
cost(11, 3, 42).
cost(11, 4, 51).
cost(11, 5, 45).
cost(11, 6, 73).
cost(11, 7, 22).
cost(11, 8, 71).
cost(11, 9, 40).
cost(11, 10, 23).
cost(11, 12, 25).
cost(11, 13, 21).
cost(11, 14, 41).
cost(11, 15, 54).
cost(11, 16, 53).
cost(11, 17, 13).
cost(11, 18, 41).
cost(11, 19, 60).
cost(11, 20, 39).
cost(11, 21, 64).
cost(11, 22, 46).
cost(12, 1, 67).
cost(12, 2, 18).
cost(12, 3, 25).
cost(12, 4, 75).
cost(12, 5, 69).
cost(12, 6, 91).
cost(12, 7, 6).
cost(12, 8, 90).
cost(12, 9, 31).
cost(12, 10, 31).
cost(12, 11, 25).
cost(12, 13, 10).
cost(12, 14, 62).
cost(12, 15, 78).
cost(12, 16, 77).
cost(12, 17, 32).
cost(12, 18, 35).
cost(12, 19, 81).
cost(12, 20, 26).
cost(12, 21, 81).
cost(12, 22, 66).
cost(13, 1, 63).
cost(13, 2, 27).
cost(13, 3, 35).
cost(13, 4, 72).
cost(13, 5, 64).
cost(13, 6, 93).
cost(13, 7, 14).
cost(13, 8, 91).
cost(13, 9, 40).
cost(13, 10, 21).
cost(13, 11, 21).
cost(13, 12, 10).
cost(13, 14, 62).
cost(13, 15, 75).
cost(13, 16, 73).
cost(13, 17, 32).
cost(13, 18, 43).
cost(13, 19, 81).
cost(13, 20, 35).
cost(13, 21, 83).
cost(13, 22, 66).
cost(14, 1, 30).
cost(14, 2, 52).
cost(14, 3, 66).
cost(14, 4, 23).
cost(14, 5, 34).
cost(14, 6, 33).
cost(14, 7, 57).
cost(14, 8, 30).
cost(14, 9, 55).
cost(14, 10, 60).
cost(14, 11, 41).
cost(14, 12, 62).
cost(14, 13, 62).
cost(14, 15, 24).
cost(14, 16, 27).
cost(14, 17, 30).
cost(14, 18, 54).
cost(14, 19, 19).
cost(14, 20, 60).
cost(14, 21, 26).
cost(14, 22, 7).
cost(15, 1, 19).
cost(15, 2, 72).
cost(15, 3, 88).
cost(15, 4, 4).
cost(15, 5, 21).
cost(15, 6, 40).
cost(15, 7, 74).
cost(15, 8, 36).
cost(15, 9, 78).
cost(15, 10, 67).
cost(15, 11, 54).
cost(15, 12, 78).
cost(15, 13, 75).
cost(15, 14, 24).
cost(15, 16, 6).
cost(15, 17, 47).
cost(15, 18, 77).
cost(15, 19, 22).
cost(15, 20, 82).
cost(15, 21, 40).
cost(15, 22, 27).
cost(16, 1, 14).
cost(16, 2, 73).
cost(16, 3, 88).
cost(16, 4, 4).
cost(16, 5, 16).
cost(16, 6, 45).
cost(16, 7, 73).
cost(16, 8, 42).
cost(16, 9, 79).
cost(16, 10, 63).
cost(16, 11, 53).
cost(16, 12, 77).
cost(16, 13, 73).
cost(16, 14, 27).
cost(16, 15, 6).
cost(16, 17, 47).
cost(16, 18, 78).
cost(16, 19, 27).
cost(16, 20, 83).
cost(16, 21, 45).
cost(16, 22, 32).
cost(17, 1, 40).
cost(17, 2, 26).
cost(17, 3, 42).
cost(17, 4, 44).
cost(17, 5, 43).
cost(17, 6, 61).
cost(17, 7, 27).
cost(17, 8, 59).
cost(17, 9, 35).
cost(17, 10, 35).
cost(17, 11, 13).
cost(17, 12, 32).
cost(17, 13, 32).
cost(17, 14, 30).
cost(17, 15, 47).
cost(17, 16, 47).
cost(17, 18, 36).
cost(17, 19, 49).
cost(17, 20, 37).
cost(17, 21, 52).
cost(17, 22, 35).
cost(18, 1, 74).
cost(18, 2, 17).
cost(18, 3, 18).
cost(18, 4, 75).
cost(18, 5, 77).
cost(18, 6, 73).
cost(18, 7, 30).
cost(18, 8, 73).
cost(18, 9, 4).
cost(18, 10, 60).
cost(18, 11, 41).
cost(18, 12, 35).
cost(18, 13, 43).
cost(18, 14, 54).
cost(18, 15, 77).
cost(18, 16, 78).
cost(18, 17, 36).
cost(18, 19, 70).
cost(18, 20, 12).
cost(18, 21, 62).
cost(18, 22, 54).
cost(19, 1, 38).
cost(19, 2, 70).
cost(19, 3, 84).
cost(19, 4, 24).
cost(19, 5, 41).
cost(19, 6, 18).
cost(19, 7, 76).
cost(19, 8, 15).
cost(19, 9, 72).
cost(19, 10, 78).
cost(19, 11, 60).
cost(19, 12, 81).
cost(19, 13, 81).
cost(19, 14, 19).
cost(19, 15, 22).
cost(19, 16, 27).
cost(19, 17, 49).
cost(19, 18, 70).
cost(19, 20, 78).
cost(19, 21, 19).
cost(19, 22, 16).
cost(20, 1, 77).
cost(20, 2, 12).
cost(20, 3, 6).
cost(20, 4, 80).
cost(20, 5, 80).
cost(20, 6, 83).
cost(20, 7, 22).
cost(20, 8, 82).
cost(20, 9, 8).
cost(20, 10, 54).
cost(20, 11, 39).
cost(20, 12, 26).
cost(20, 13, 35).
cost(20, 14, 60).
cost(20, 15, 82).
cost(20, 16, 83).
cost(20, 17, 37).
cost(20, 18, 12).
cost(20, 19, 78).
cost(20, 21, 72).
cost(20, 22, 62).
cost(21, 1, 54).
cost(21, 2, 67).
cost(21, 3, 78).
cost(21, 4, 42).
cost(21, 5, 58).
cost(21, 6, 12).
cost(21, 7, 75).
cost(21, 8, 12).
cost(21, 9, 65).
cost(21, 10, 85).
cost(21, 11, 64).
cost(21, 12, 81).
cost(21, 13, 83).
cost(21, 14, 26).
cost(21, 15, 40).
cost(21, 16, 45).
cost(21, 17, 52).
cost(21, 18, 62).
cost(21, 19, 19).
cost(21, 20, 72).
cost(21, 22, 19).
cost(22, 1, 37).
cost(22, 2, 54).
cost(22, 3, 68).
cost(22, 4, 28).
cost(22, 5, 41).
cost(22, 6, 27).
cost(22, 7, 60).
cost(22, 8, 25).
cost(22, 9, 56).
cost(22, 10, 66).
cost(22, 11, 46).
cost(22, 12, 66).
cost(22, 13, 66).
cost(22, 14, 7).
cost(22, 15, 27).
cost(22, 16, 32).
cost(22, 17, 35).
cost(22, 18, 54).
cost(22, 19, 16).
cost(22, 20, 62).
cost(22, 21, 19).
