dimension(22).
point(1, 67.7312582454, 70.8123772502).
point(2, 17.1341221024, 45.837251099).
point(3, 20.6297066171, 13.6278465475).
point(4, 8.5365494058, 52.6786848469).
point(5, 51.3367278607, 15.5924745822).
point(6, 1.9227624675, 36.9011532608).
point(7, 32.9271885421, 32.8655972953).
point(8, 70.6954789781, 68.5607333687).
point(9, 73.6789441046, 59.562851579).
point(10, 4.499907846, 36.8311207192).
point(11, 62.9424277452, 94.7271271029).
point(12, 81.3084748018, 84.1054092575).
point(13, 79.717403526, 65.5472091502).
point(14, 35.407894623, 15.6840410081).
point(15, 61.8424966164, 48.0349302473).
point(16, 21.4641389782, 7.818826495).
point(17, 42.8444952198, 74.598998902).
point(18, 38.1407204384, 13.7855063009).
point(19, 80.5982477486, 67.2082158763).
point(20, 43.1826591929, 26.564398459).
point(21, 35.7102481609, 89.504482627).
point(22, 55.8713671375, 63.4023350897).
cost(1, 2, 56).
cost(1, 3, 74).
cost(1, 4, 62).
cost(1, 5, 58).
cost(1, 6, 74).
cost(1, 7, 51).
cost(1, 8, 4).
cost(1, 9, 13).
cost(1, 10, 72).
cost(1, 11, 24).
cost(1, 12, 19).
cost(1, 13, 13).
cost(1, 14, 64).
cost(1, 15, 24).
cost(1, 16, 78).
cost(1, 17, 25).
cost(1, 18, 64).
cost(1, 19, 13).
cost(1, 20, 51).
cost(1, 21, 37).
cost(1, 22, 14).
cost(2, 1, 56).
cost(2, 3, 32).
cost(2, 4, 11).
cost(2, 5, 46).
cost(2, 6, 18).
cost(2, 7, 20).
cost(2, 8, 58).
cost(2, 9, 58).
cost(2, 10, 16).
cost(2, 11, 67).
cost(2, 12, 75).
cost(2, 13, 66).
cost(2, 14, 35).
cost(2, 15, 45).
cost(2, 16, 38).
cost(2, 17, 39).
cost(2, 18, 38).
cost(2, 19, 67).
cost(2, 20, 32).
cost(2, 21, 47).
cost(2, 22, 43).
cost(3, 1, 74).
cost(3, 2, 32).
cost(3, 4, 41).
cost(3, 5, 31).
cost(3, 6, 30).
cost(3, 7, 23).
cost(3, 8, 74).
cost(3, 9, 70).
cost(3, 10, 28).
cost(3, 11, 91).
cost(3, 12, 93).
cost(3, 13, 79).
cost(3, 14, 15).
cost(3, 15, 54).
cost(3, 16, 6).
cost(3, 17, 65).
cost(3, 18, 18).
cost(3, 19, 80).
cost(3, 20, 26).
cost(3, 21, 77).
cost(3, 22, 61).
cost(4, 1, 62).
cost(4, 2, 11).
cost(4, 3, 41).
cost(4, 5, 57).
cost(4, 6, 17).
cost(4, 7, 31).
cost(4, 8, 64).
cost(4, 9, 66).
cost(4, 10, 16).
cost(4, 11, 69).
cost(4, 12, 79).
cost(4, 13, 72).
cost(4, 14, 46).
cost(4, 15, 54).
cost(4, 16, 47).
cost(4, 17, 41).
cost(4, 18, 49).
cost(4, 19, 74).
cost(4, 20, 43).
cost(4, 21, 46).
cost(4, 22, 49).
cost(5, 1, 58).
cost(5, 2, 46).
cost(5, 3, 31).
cost(5, 4, 57).
cost(5, 6, 54).
cost(5, 7, 25).
cost(5, 8, 56).
cost(5, 9, 49).
cost(5, 10, 51).
cost(5, 11, 80).
cost(5, 12, 75).
cost(5, 13, 57).
cost(5, 14, 16).
cost(5, 15, 34).
cost(5, 16, 31).
cost(5, 17, 60).
cost(5, 18, 13).
cost(5, 19, 59).
cost(5, 20, 14).
cost(5, 21, 76).
cost(5, 22, 48).
cost(6, 1, 74).
cost(6, 2, 18).
cost(6, 3, 30).
cost(6, 4, 17).
cost(6, 5, 54).
cost(6, 7, 31).
cost(6, 8, 76).
cost(6, 9, 75).
cost(6, 10, 3).
cost(6, 11, 84).
cost(6, 12, 92).
cost(6, 13, 83).
cost(6, 14, 40).
cost(6, 15, 61).
cost(6, 16, 35).
cost(6, 17, 56).
cost(6, 18, 43).
cost(6, 19, 84).
cost(6, 20, 43).
cost(6, 21, 63).
cost(6, 22, 60).
cost(7, 1, 51).
cost(7, 2, 20).
cost(7, 3, 23).
cost(7, 4, 31).
cost(7, 5, 25).
cost(7, 6, 31).
cost(7, 8, 52).
cost(7, 9, 49).
cost(7, 10, 29).
cost(7, 11, 69).
cost(7, 12, 70).
cost(7, 13, 57).
cost(7, 14, 17).
cost(7, 15, 33).
cost(7, 16, 28).
cost(7, 17, 43).
cost(7, 18, 20).
cost(7, 19, 59).
cost(7, 20, 12).
cost(7, 21, 57).
cost(7, 22, 38).
cost(8, 1, 4).
cost(8, 2, 58).
cost(8, 3, 74).
cost(8, 4, 64).
cost(8, 5, 56).
cost(8, 6, 76).
cost(8, 7, 52).
cost(8, 9, 9).
cost(8, 10, 73).
cost(8, 11, 27).
cost(8, 12, 19).
cost(8, 13, 10).
cost(8, 14, 64).
cost(8, 15, 22).
cost(8, 16, 78).
cost(8, 17, 28).
cost(8, 18, 64).
cost(8, 19, 10).
cost(8, 20, 50).
cost(8, 21, 41).
cost(8, 22, 16).
cost(9, 1, 13).
cost(9, 2, 58).
cost(9, 3, 70).
cost(9, 4, 66).
cost(9, 5, 49).
cost(9, 6, 75).
cost(9, 7, 49).
cost(9, 8, 9).
cost(9, 10, 73).
cost(9, 11, 37).
cost(9, 12, 26).
cost(9, 13, 9).
cost(9, 14, 58).
cost(9, 15, 17).
cost(9, 16, 74).
cost(9, 17, 34).
cost(9, 18, 58).
cost(9, 19, 10).
cost(9, 20, 45).
cost(9, 21, 48).
cost(9, 22, 18).
cost(10, 1, 72).
cost(10, 2, 16).
cost(10, 3, 28).
cost(10, 4, 16).
cost(10, 5, 51).
cost(10, 6, 3).
cost(10, 7, 29).
cost(10, 8, 73).
cost(10, 9, 73).
cost(10, 11, 82).
cost(10, 12, 90).
cost(10, 13, 81).
cost(10, 14, 37).
cost(10, 15, 58).
cost(10, 16, 34).
cost(10, 17, 54).
cost(10, 18, 41).
cost(10, 19, 82).
cost(10, 20, 40).
cost(10, 21, 61).
cost(10, 22, 58).
cost(11, 1, 24).
cost(11, 2, 67).
cost(11, 3, 91).
cost(11, 4, 69).
cost(11, 5, 80).
cost(11, 6, 84).
cost(11, 7, 69).
cost(11, 8, 27).
cost(11, 9, 37).
cost(11, 10, 82).
cost(11, 12, 21).
cost(11, 13, 34).
cost(11, 14, 84).
cost(11, 15, 47).
cost(11, 16, 96).
cost(11, 17, 28).
cost(11, 18, 85).
cost(11, 19, 33).
cost(11, 20, 71).
cost(11, 21, 28).
cost(11, 22, 32).
cost(12, 1, 19).
cost(12, 2, 75).
cost(12, 3, 93).
cost(12, 4, 79).
cost(12, 5, 75).
cost(12, 6, 92).
cost(12, 7, 70).
cost(12, 8, 19).
cost(12, 9, 26).
cost(12, 10, 90).
cost(12, 11, 21).
cost(12, 13, 19).
cost(12, 14, 82).
cost(12, 15, 41).
cost(12, 16, 97).
cost(12, 17, 40).
cost(12, 18, 83).
cost(12, 19, 17).
cost(12, 20, 69).
cost(12, 21, 46).
cost(12, 22, 33).
cost(13, 1, 13).
cost(13, 2, 66).
cost(13, 3, 79).
cost(13, 4, 72).
cost(13, 5, 57).
cost(13, 6, 83).
cost(13, 7, 57).
cost(13, 8, 10).
cost(13, 9, 9).
cost(13, 10, 81).
cost(13, 11, 34).
cost(13, 12, 19).
cost(13, 14, 67).
cost(13, 15, 25).
cost(13, 16, 82).
cost(13, 17, 38).
cost(13, 18, 66).
cost(13, 19, 2).
cost(13, 20, 53).
cost(13, 21, 50).
cost(13, 22, 24).
cost(14, 1, 64).
cost(14, 2, 35).
cost(14, 3, 15).
cost(14, 4, 46).
cost(14, 5, 16).
cost(14, 6, 40).
cost(14, 7, 17).
cost(14, 8, 64).
cost(14, 9, 58).
cost(14, 10, 37).
cost(14, 11, 84).
cost(14, 12, 82).
cost(14, 13, 67).
cost(14, 15, 42).
cost(14, 16, 16).
cost(14, 17, 59).
cost(14, 18, 3).
cost(14, 19, 69).
cost(14, 20, 13).
cost(14, 21, 74).
cost(14, 22, 52).
cost(15, 1, 24).
cost(15, 2, 45).
cost(15, 3, 54).
cost(15, 4, 54).
cost(15, 5, 34).
cost(15, 6, 61).
cost(15, 7, 33).
cost(15, 8, 22).
cost(15, 9, 17).
cost(15, 10, 58).
cost(15, 11, 47).
cost(15, 12, 41).
cost(15, 13, 25).
cost(15, 14, 42).
cost(15, 16, 57).
cost(15, 17, 33).
cost(15, 18, 42).
cost(15, 19, 27).
cost(15, 20, 28).
cost(15, 21, 49).
cost(15, 22, 16).
cost(16, 1, 78).
cost(16, 2, 38).
cost(16, 3, 6).
cost(16, 4, 47).
cost(16, 5, 31).
cost(16, 6, 35).
cost(16, 7, 28).
cost(16, 8, 78).
cost(16, 9, 74).
cost(16, 10, 34).
cost(16, 11, 96).
cost(16, 12, 97).
cost(16, 13, 82).
cost(16, 14, 16).
cost(16, 15, 57).
cost(16, 17, 70).
cost(16, 18, 18).
cost(16, 19, 84).
cost(16, 20, 29).
cost(16, 21, 83).
cost(16, 22, 65).
cost(17, 1, 25).
cost(17, 2, 39).
cost(17, 3, 65).
cost(17, 4, 41).
cost(17, 5, 60).
cost(17, 6, 56).
cost(17, 7, 43).
cost(17, 8, 28).
cost(17, 9, 34).
cost(17, 10, 54).
cost(17, 11, 28).
cost(17, 12, 40).
cost(17, 13, 38).
cost(17, 14, 59).
cost(17, 15, 33).
cost(17, 16, 70).
cost(17, 18, 61).
cost(17, 19, 38).
cost(17, 20, 48).
cost(17, 21, 17).
cost(17, 22, 17).
cost(18, 1, 64).
cost(18, 2, 38).
cost(18, 3, 18).
cost(18, 4, 49).
cost(18, 5, 13).
cost(18, 6, 43).
cost(18, 7, 20).
cost(18, 8, 64).
cost(18, 9, 58).
cost(18, 10, 41).
cost(18, 11, 85).
cost(18, 12, 83).
cost(18, 13, 66).
cost(18, 14, 3).
cost(18, 15, 42).
cost(18, 16, 18).
cost(18, 17, 61).
cost(18, 19, 68).
cost(18, 20, 14).
cost(18, 21, 76).
cost(18, 22, 53).
cost(19, 1, 13).
cost(19, 2, 67).
cost(19, 3, 80).
cost(19, 4, 74).
cost(19, 5, 59).
cost(19, 6, 84).
cost(19, 7, 59).
cost(19, 8, 10).
cost(19, 9, 10).
cost(19, 10, 82).
cost(19, 11, 33).
cost(19, 12, 17).
cost(19, 13, 2).
cost(19, 14, 69).
cost(19, 15, 27).
cost(19, 16, 84).
cost(19, 17, 38).
cost(19, 18, 68).
cost(19, 20, 55).
cost(19, 21, 50).
cost(19, 22, 25).
cost(20, 1, 51).
cost(20, 2, 32).
cost(20, 3, 26).
cost(20, 4, 43).
cost(20, 5, 14).
cost(20, 6, 43).
cost(20, 7, 12).
cost(20, 8, 50).
cost(20, 9, 45).
cost(20, 10, 40).
cost(20, 11, 71).
cost(20, 12, 69).
cost(20, 13, 53).
cost(20, 14, 13).
cost(20, 15, 28).
cost(20, 16, 29).
cost(20, 17, 48).
cost(20, 18, 14).
cost(20, 19, 55).
cost(20, 21, 63).
cost(20, 22, 39).
cost(21, 1, 37).
cost(21, 2, 47).
cost(21, 3, 77).
cost(21, 4, 46).
cost(21, 5, 76).
cost(21, 6, 63).
cost(21, 7, 57).
cost(21, 8, 41).
cost(21, 9, 48).
cost(21, 10, 61).
cost(21, 11, 28).
cost(21, 12, 46).
cost(21, 13, 50).
cost(21, 14, 74).
cost(21, 15, 49).
cost(21, 16, 83).
cost(21, 17, 17).
cost(21, 18, 76).
cost(21, 19, 50).
cost(21, 20, 63).
cost(21, 22, 33).
cost(22, 1, 14).
cost(22, 2, 43).
cost(22, 3, 61).
cost(22, 4, 49).
cost(22, 5, 48).
cost(22, 6, 60).
cost(22, 7, 38).
cost(22, 8, 16).
cost(22, 9, 18).
cost(22, 10, 58).
cost(22, 11, 32).
cost(22, 12, 33).
cost(22, 13, 24).
cost(22, 14, 52).
cost(22, 15, 16).
cost(22, 16, 65).
cost(22, 17, 17).
cost(22, 18, 53).
cost(22, 19, 25).
cost(22, 20, 39).
cost(22, 21, 33).
