dimension(22).
point(1, 19.2709403876, 56.9054836411).
point(2, 65.5421973399, 48.7891414775).
point(3, 87.4764390078, 56.9383861584).
point(4, 31.8388848791, 53.9503732159).
point(5, 92.5265032193, 34.2910415051).
point(6, 54.729724198, 45.0019528832).
point(7, 85.2401960228, 47.1436109495).
point(8, 22.805021773, 25.9244817374).
point(9, 26.400899695, 65.1066261576).
point(10, 27.1697296975, 23.4445192064).
point(11, 81.9837981922, 67.0683346695).
point(12, 12.5982157524, 61.1184687288).
point(13, 26.6499142423, 77.9292342087).
point(14, 86.1491924723, 16.2926700797).
point(15, 79.3797091613, 42.2004780869).
point(16, 73.2724582546, 45.7070807725).
point(17, 18.93888943, 75.2246811676).
point(18, 68.4730389236, 48.5155696878).
point(19, 82.2531761045, 17.3781101469).
point(20, 34.6711439603, 76.2422704612).
point(21, 21.0829138527, 43.2554064925).
point(22, 25.3748409973, 45.1290071444).
cost(1, 2, 47).
cost(1, 3, 68).
cost(1, 4, 13).
cost(1, 5, 77).
cost(1, 6, 37).
cost(1, 7, 67).
cost(1, 8, 31).
cost(1, 9, 11).
cost(1, 10, 34).
cost(1, 11, 64).
cost(1, 12, 8).
cost(1, 13, 22).
cost(1, 14, 78).
cost(1, 15, 62).
cost(1, 16, 55).
cost(1, 17, 18).
cost(1, 18, 50).
cost(1, 19, 74).
cost(1, 20, 25).
cost(1, 21, 14).
cost(1, 22, 13).
cost(2, 1, 47).
cost(2, 3, 23).
cost(2, 4, 34).
cost(2, 5, 31).
cost(2, 6, 11).
cost(2, 7, 20).
cost(2, 8, 48).
cost(2, 9, 42).
cost(2, 10, 46).
cost(2, 11, 25).
cost(2, 12, 54).
cost(2, 13, 49).
cost(2, 14, 38).
cost(2, 15, 15).
cost(2, 16, 8).
cost(2, 17, 54).
cost(2, 18, 3).
cost(2, 19, 36).
cost(2, 20, 41).
cost(2, 21, 45).
cost(2, 22, 40).
cost(3, 1, 68).
cost(3, 2, 23).
cost(3, 4, 56).
cost(3, 5, 23).
cost(3, 6, 35).
cost(3, 7, 10).
cost(3, 8, 72).
cost(3, 9, 62).
cost(3, 10, 69).
cost(3, 11, 12).
cost(3, 12, 75).
cost(3, 13, 64).
cost(3, 14, 41).
cost(3, 15, 17).
cost(3, 16, 18).
cost(3, 17, 71).
cost(3, 18, 21).
cost(3, 19, 40).
cost(3, 20, 56).
cost(3, 21, 68).
cost(3, 22, 63).
cost(4, 1, 13).
cost(4, 2, 34).
cost(4, 3, 56).
cost(4, 5, 64).
cost(4, 6, 25).
cost(4, 7, 54).
cost(4, 8, 29).
cost(4, 9, 12).
cost(4, 10, 31).
cost(4, 11, 52).
cost(4, 12, 21).
cost(4, 13, 25).
cost(4, 14, 66).
cost(4, 15, 49).
cost(4, 16, 42).
cost(4, 17, 25).
cost(4, 18, 37).
cost(4, 19, 62).
cost(4, 20, 22).
cost(4, 21, 15).
cost(4, 22, 11).
cost(5, 1, 77).
cost(5, 2, 31).
cost(5, 3, 23).
cost(5, 4, 64).
cost(5, 6, 39).
cost(5, 7, 15).
cost(5, 8, 70).
cost(5, 9, 73).
cost(5, 10, 66).
cost(5, 11, 34).
cost(5, 12, 84).
cost(5, 13, 79).
cost(5, 14, 19).
cost(5, 15, 15).
cost(5, 16, 22).
cost(5, 17, 84).
cost(5, 18, 28).
cost(5, 19, 20).
cost(5, 20, 71).
cost(5, 21, 72).
cost(5, 22, 68).
cost(6, 1, 37).
cost(6, 2, 11).
cost(6, 3, 35).
cost(6, 4, 25).
cost(6, 5, 39).
cost(6, 7, 31).
cost(6, 8, 37).
cost(6, 9, 35).
cost(6, 10, 35).
cost(6, 11, 35).
cost(6, 12, 45).
cost(6, 13, 43).
cost(6, 14, 43).
cost(6, 15, 25).
cost(6, 16, 19).
cost(6, 17, 47).
cost(6, 18, 14).
cost(6, 19, 39).
cost(6, 20, 37).
cost(6, 21, 34).
cost(6, 22, 29).
cost(7, 1, 67).
cost(7, 2, 20).
cost(7, 3, 10).
cost(7, 4, 54).
cost(7, 5, 15).
cost(7, 6, 31).
cost(7, 8, 66).
cost(7, 9, 62).
cost(7, 10, 63).
cost(7, 11, 20).
cost(7, 12, 74).
cost(7, 13, 66).
cost(7, 14, 31).
cost(7, 15, 8).
cost(7, 16, 12).
cost(7, 17, 72).
cost(7, 18, 17).
cost(7, 19, 30).
cost(7, 20, 58).
cost(7, 21, 64).
cost(7, 22, 60).
cost(8, 1, 31).
cost(8, 2, 48).
cost(8, 3, 72).
cost(8, 4, 29).
cost(8, 5, 70).
cost(8, 6, 37).
cost(8, 7, 66).
cost(8, 9, 39).
cost(8, 10, 5).
cost(8, 11, 72).
cost(8, 12, 37).
cost(8, 13, 52).
cost(8, 14, 64).
cost(8, 15, 59).
cost(8, 16, 54).
cost(8, 17, 49).
cost(8, 18, 51).
cost(8, 19, 60).
cost(8, 20, 52).
cost(8, 21, 17).
cost(8, 22, 19).
cost(9, 1, 11).
cost(9, 2, 42).
cost(9, 3, 62).
cost(9, 4, 12).
cost(9, 5, 73).
cost(9, 6, 35).
cost(9, 7, 62).
cost(9, 8, 39).
cost(9, 10, 42).
cost(9, 11, 56).
cost(9, 12, 14).
cost(9, 13, 13).
cost(9, 14, 77).
cost(9, 15, 58).
cost(9, 16, 51).
cost(9, 17, 13).
cost(9, 18, 45).
cost(9, 19, 73).
cost(9, 20, 14).
cost(9, 21, 22).
cost(9, 22, 20).
cost(10, 1, 34).
cost(10, 2, 46).
cost(10, 3, 69).
cost(10, 4, 31).
cost(10, 5, 66).
cost(10, 6, 35).
cost(10, 7, 63).
cost(10, 8, 5).
cost(10, 9, 42).
cost(10, 11, 70).
cost(10, 12, 40).
cost(10, 13, 54).
cost(10, 14, 59).
cost(10, 15, 55).
cost(10, 16, 51).
cost(10, 17, 52).
cost(10, 18, 48).
cost(10, 19, 55).
cost(10, 20, 53).
cost(10, 21, 21).
cost(10, 22, 22).
cost(11, 1, 64).
cost(11, 2, 25).
cost(11, 3, 12).
cost(11, 4, 52).
cost(11, 5, 34).
cost(11, 6, 35).
cost(11, 7, 20).
cost(11, 8, 72).
cost(11, 9, 56).
cost(11, 10, 70).
cost(11, 12, 70).
cost(11, 13, 56).
cost(11, 14, 51).
cost(11, 15, 25).
cost(11, 16, 23).
cost(11, 17, 64).
cost(11, 18, 23).
cost(11, 19, 50).
cost(11, 20, 48).
cost(11, 21, 65).
cost(11, 22, 61).
cost(12, 1, 8).
cost(12, 2, 54).
cost(12, 3, 75).
cost(12, 4, 21).
cost(12, 5, 84).
cost(12, 6, 45).
cost(12, 7, 74).
cost(12, 8, 37).
cost(12, 9, 14).
cost(12, 10, 40).
cost(12, 11, 70).
cost(12, 13, 22).
cost(12, 14, 86).
cost(12, 15, 69).
cost(12, 16, 63).
cost(12, 17, 15).
cost(12, 18, 57).
cost(12, 19, 82).
cost(12, 20, 27).
cost(12, 21, 20).
cost(12, 22, 20).
cost(13, 1, 22).
cost(13, 2, 49).
cost(13, 3, 64).
cost(13, 4, 25).
cost(13, 5, 79).
cost(13, 6, 43).
cost(13, 7, 66).
cost(13, 8, 52).
cost(13, 9, 13).
cost(13, 10, 54).
cost(13, 11, 56).
cost(13, 12, 22).
cost(13, 14, 86).
cost(13, 15, 64).
cost(13, 16, 57).
cost(13, 17, 8).
cost(13, 18, 51).
cost(13, 19, 82).
cost(13, 20, 8).
cost(13, 21, 35).
cost(13, 22, 33).
cost(14, 1, 78).
cost(14, 2, 38).
cost(14, 3, 41).
cost(14, 4, 66).
cost(14, 5, 19).
cost(14, 6, 43).
cost(14, 7, 31).
cost(14, 8, 64).
cost(14, 9, 77).
cost(14, 10, 59).
cost(14, 11, 51).
cost(14, 12, 86).
cost(14, 13, 86).
cost(14, 15, 27).
cost(14, 16, 32).
cost(14, 17, 89).
cost(14, 18, 37).
cost(14, 19, 4).
cost(14, 20, 79).
cost(14, 21, 70).
cost(14, 22, 67).
cost(15, 1, 62).
cost(15, 2, 15).
cost(15, 3, 17).
cost(15, 4, 49).
cost(15, 5, 15).
cost(15, 6, 25).
cost(15, 7, 8).
cost(15, 8, 59).
cost(15, 9, 58).
cost(15, 10, 55).
cost(15, 11, 25).
cost(15, 12, 69).
cost(15, 13, 64).
cost(15, 14, 27).
cost(15, 16, 7).
cost(15, 17, 69).
cost(15, 18, 13).
cost(15, 19, 25).
cost(15, 20, 56).
cost(15, 21, 58).
cost(15, 22, 54).
cost(16, 1, 55).
cost(16, 2, 8).
cost(16, 3, 18).
cost(16, 4, 42).
cost(16, 5, 22).
cost(16, 6, 19).
cost(16, 7, 12).
cost(16, 8, 54).
cost(16, 9, 51).
cost(16, 10, 51).
cost(16, 11, 23).
cost(16, 12, 63).
cost(16, 13, 57).
cost(16, 14, 32).
cost(16, 15, 7).
cost(16, 17, 62).
cost(16, 18, 6).
cost(16, 19, 30).
cost(16, 20, 49).
cost(16, 21, 52).
cost(16, 22, 48).
cost(17, 1, 18).
cost(17, 2, 54).
cost(17, 3, 71).
cost(17, 4, 25).
cost(17, 5, 84).
cost(17, 6, 47).
cost(17, 7, 72).
cost(17, 8, 49).
cost(17, 9, 13).
cost(17, 10, 52).
cost(17, 11, 64).
cost(17, 12, 15).
cost(17, 13, 8).
cost(17, 14, 89).
cost(17, 15, 69).
cost(17, 16, 62).
cost(17, 18, 56).
cost(17, 19, 86).
cost(17, 20, 16).
cost(17, 21, 32).
cost(17, 22, 31).
cost(18, 1, 50).
cost(18, 2, 3).
cost(18, 3, 21).
cost(18, 4, 37).
cost(18, 5, 28).
cost(18, 6, 14).
cost(18, 7, 17).
cost(18, 8, 51).
cost(18, 9, 45).
cost(18, 10, 48).
cost(18, 11, 23).
cost(18, 12, 57).
cost(18, 13, 51).
cost(18, 14, 37).
cost(18, 15, 13).
cost(18, 16, 6).
cost(18, 17, 56).
cost(18, 19, 34).
cost(18, 20, 44).
cost(18, 21, 48).
cost(18, 22, 43).
cost(19, 1, 74).
cost(19, 2, 36).
cost(19, 3, 40).
cost(19, 4, 62).
cost(19, 5, 20).
cost(19, 6, 39).
cost(19, 7, 30).
cost(19, 8, 60).
cost(19, 9, 73).
cost(19, 10, 55).
cost(19, 11, 50).
cost(19, 12, 82).
cost(19, 13, 82).
cost(19, 14, 4).
cost(19, 15, 25).
cost(19, 16, 30).
cost(19, 17, 86).
cost(19, 18, 34).
cost(19, 20, 76).
cost(19, 21, 66).
cost(19, 22, 63).
cost(20, 1, 25).
cost(20, 2, 41).
cost(20, 3, 56).
cost(20, 4, 22).
cost(20, 5, 71).
cost(20, 6, 37).
cost(20, 7, 58).
cost(20, 8, 52).
cost(20, 9, 14).
cost(20, 10, 53).
cost(20, 11, 48).
cost(20, 12, 27).
cost(20, 13, 8).
cost(20, 14, 79).
cost(20, 15, 56).
cost(20, 16, 49).
cost(20, 17, 16).
cost(20, 18, 44).
cost(20, 19, 76).
cost(20, 21, 36).
cost(20, 22, 32).
cost(21, 1, 14).
cost(21, 2, 45).
cost(21, 3, 68).
cost(21, 4, 15).
cost(21, 5, 72).
cost(21, 6, 34).
cost(21, 7, 64).
cost(21, 8, 17).
cost(21, 9, 22).
cost(21, 10, 21).
cost(21, 11, 65).
cost(21, 12, 20).
cost(21, 13, 35).
cost(21, 14, 70).
cost(21, 15, 58).
cost(21, 16, 52).
cost(21, 17, 32).
cost(21, 18, 48).
cost(21, 19, 66).
cost(21, 20, 36).
cost(21, 22, 5).
cost(22, 1, 13).
cost(22, 2, 40).
cost(22, 3, 63).
cost(22, 4, 11).
cost(22, 5, 68).
cost(22, 6, 29).
cost(22, 7, 60).
cost(22, 8, 19).
cost(22, 9, 20).
cost(22, 10, 22).
cost(22, 11, 61).
cost(22, 12, 20).
cost(22, 13, 33).
cost(22, 14, 67).
cost(22, 15, 54).
cost(22, 16, 48).
cost(22, 17, 31).
cost(22, 18, 43).
cost(22, 19, 63).
cost(22, 20, 32).
cost(22, 21, 5).
