dimension(22).
point(1, 43.709140224, 70.0342203008).
point(2, 50.6962477247, 18.8461469263).
point(3, 55.7883132761, 22.742826245).
point(4, 70.9699341617, 43.1683784505).
point(5, 14.4801052722, 74.3428399806).
point(6, 38.3882431184, 17.650307934).
point(7, 24.7727277383, 73.3213421171).
point(8, 26.9376200978, 42.4170660318).
point(9, 64.8079591749, 32.6872234327).
point(10, 53.0707901618, 5.0771481744).
point(11, 66.4844151258, 12.2617535674).
point(12, 46.9945172659, 76.7268284995).
point(13, 11.2850583036, 45.9010659549).
point(14, 46.6416586343, 65.5489991942).
point(15, 31.7324775378, 74.4639310558).
point(16, 36.2772202359, 73.7958484276).
point(17, 14.987674638, 61.3495280871).
point(18, 26.370987711, 49.8569062197).
point(19, 52.4223030242, 16.9722306327).
point(20, 79.1383540627, 12.422642521).
point(21, 82.3094685761, 1.9460400141).
point(22, 66.2461318021, 44.6446194827).
cost(1, 2, 52).
cost(1, 3, 49).
cost(1, 4, 38).
cost(1, 5, 30).
cost(1, 6, 53).
cost(1, 7, 19).
cost(1, 8, 32).
cost(1, 9, 43).
cost(1, 10, 66).
cost(1, 11, 62).
cost(1, 12, 7).
cost(1, 13, 40).
cost(1, 14, 5).
cost(1, 15, 13).
cost(1, 16, 8).
cost(1, 17, 30).
cost(1, 18, 27).
cost(1, 19, 54).
cost(1, 20, 68).
cost(1, 21, 78).
cost(1, 22, 34).
cost(2, 1, 52).
cost(2, 3, 6).
cost(2, 4, 32).
cost(2, 5, 66).
cost(2, 6, 12).
cost(2, 7, 60).
cost(2, 8, 33).
cost(2, 9, 20).
cost(2, 10, 14).
cost(2, 11, 17).
cost(2, 12, 58).
cost(2, 13, 48).
cost(2, 14, 47).
cost(2, 15, 59).
cost(2, 16, 57).
cost(2, 17, 56).
cost(2, 18, 39).
cost(2, 19, 3).
cost(2, 20, 29).
cost(2, 21, 36).
cost(2, 22, 30).
cost(3, 1, 49).
cost(3, 2, 6).
cost(3, 4, 25).
cost(3, 5, 66).
cost(3, 6, 18).
cost(3, 7, 59).
cost(3, 8, 35).
cost(3, 9, 13).
cost(3, 10, 18).
cost(3, 11, 15).
cost(3, 12, 55).
cost(3, 13, 50).
cost(3, 14, 44).
cost(3, 15, 57).
cost(3, 16, 55).
cost(3, 17, 56).
cost(3, 18, 40).
cost(3, 19, 7).
cost(3, 20, 26).
cost(3, 21, 34).
cost(3, 22, 24).
cost(4, 1, 38).
cost(4, 2, 32).
cost(4, 3, 25).
cost(4, 5, 65).
cost(4, 6, 41).
cost(4, 7, 55).
cost(4, 8, 44).
cost(4, 9, 12).
cost(4, 10, 42).
cost(4, 11, 31).
cost(4, 12, 41).
cost(4, 13, 60).
cost(4, 14, 33).
cost(4, 15, 50).
cost(4, 16, 46).
cost(4, 17, 59).
cost(4, 18, 45).
cost(4, 19, 32).
cost(4, 20, 32).
cost(4, 21, 43).
cost(4, 22, 5).
cost(5, 1, 30).
cost(5, 2, 66).
cost(5, 3, 66).
cost(5, 4, 65).
cost(5, 6, 62).
cost(5, 7, 10).
cost(5, 8, 34).
cost(5, 9, 65).
cost(5, 10, 79).
cost(5, 11, 81).
cost(5, 12, 33).
cost(5, 13, 29).
cost(5, 14, 33).
cost(5, 15, 17).
cost(5, 16, 22).
cost(5, 17, 13).
cost(5, 18, 27).
cost(5, 19, 69).
cost(5, 20, 90).
cost(5, 21, 99).
cost(5, 22, 60).
cost(6, 1, 53).
cost(6, 2, 12).
cost(6, 3, 18).
cost(6, 4, 41).
cost(6, 5, 62).
cost(6, 7, 57).
cost(6, 8, 27).
cost(6, 9, 30).
cost(6, 10, 19).
cost(6, 11, 29).
cost(6, 12, 60).
cost(6, 13, 39).
cost(6, 14, 49).
cost(6, 15, 57).
cost(6, 16, 56).
cost(6, 17, 50).
cost(6, 18, 34).
cost(6, 19, 14).
cost(6, 20, 41).
cost(6, 21, 47).
cost(6, 22, 39).
cost(7, 1, 19).
cost(7, 2, 60).
cost(7, 3, 59).
cost(7, 4, 55).
cost(7, 5, 10).
cost(7, 6, 57).
cost(7, 8, 31).
cost(7, 9, 57).
cost(7, 10, 74).
cost(7, 11, 74).
cost(7, 12, 22).
cost(7, 13, 31).
cost(7, 14, 23).
cost(7, 15, 7).
cost(7, 16, 12).
cost(7, 17, 15).
cost(7, 18, 24).
cost(7, 19, 63).
cost(7, 20, 82).
cost(7, 21, 92).
cost(7, 22, 50).
cost(8, 1, 32).
cost(8, 2, 33).
cost(8, 3, 35).
cost(8, 4, 44).
cost(8, 5, 34).
cost(8, 6, 27).
cost(8, 7, 31).
cost(8, 9, 39).
cost(8, 10, 46).
cost(8, 11, 50).
cost(8, 12, 40).
cost(8, 13, 16).
cost(8, 14, 30).
cost(8, 15, 32).
cost(8, 16, 33).
cost(8, 17, 22).
cost(8, 18, 7).
cost(8, 19, 36).
cost(8, 20, 60).
cost(8, 21, 69).
cost(8, 22, 39).
cost(9, 1, 43).
cost(9, 2, 20).
cost(9, 3, 13).
cost(9, 4, 12).
cost(9, 5, 65).
cost(9, 6, 30).
cost(9, 7, 57).
cost(9, 8, 39).
cost(9, 10, 30).
cost(9, 11, 20).
cost(9, 12, 48).
cost(9, 13, 55).
cost(9, 14, 38).
cost(9, 15, 53).
cost(9, 16, 50).
cost(9, 17, 57).
cost(9, 18, 42).
cost(9, 19, 20).
cost(9, 20, 25).
cost(9, 21, 35).
cost(9, 22, 12).
cost(10, 1, 66).
cost(10, 2, 14).
cost(10, 3, 18).
cost(10, 4, 42).
cost(10, 5, 79).
cost(10, 6, 19).
cost(10, 7, 74).
cost(10, 8, 46).
cost(10, 9, 30).
cost(10, 11, 15).
cost(10, 12, 72).
cost(10, 13, 58).
cost(10, 14, 61).
cost(10, 15, 73).
cost(10, 16, 71).
cost(10, 17, 68).
cost(10, 18, 52).
cost(10, 19, 12).
cost(10, 20, 27).
cost(10, 21, 29).
cost(10, 22, 42).
cost(11, 1, 62).
cost(11, 2, 17).
cost(11, 3, 15).
cost(11, 4, 31).
cost(11, 5, 81).
cost(11, 6, 29).
cost(11, 7, 74).
cost(11, 8, 50).
cost(11, 9, 20).
cost(11, 10, 15).
cost(11, 12, 67).
cost(11, 13, 65).
cost(11, 14, 57).
cost(11, 15, 71).
cost(11, 16, 69).
cost(11, 17, 71).
cost(11, 18, 55).
cost(11, 19, 15).
cost(11, 20, 13).
cost(11, 21, 19).
cost(11, 22, 32).
cost(12, 1, 7).
cost(12, 2, 58).
cost(12, 3, 55).
cost(12, 4, 41).
cost(12, 5, 33).
cost(12, 6, 60).
cost(12, 7, 22).
cost(12, 8, 40).
cost(12, 9, 48).
cost(12, 10, 72).
cost(12, 11, 67).
cost(12, 13, 47).
cost(12, 14, 11).
cost(12, 15, 15).
cost(12, 16, 11).
cost(12, 17, 36).
cost(12, 18, 34).
cost(12, 19, 60).
cost(12, 20, 72).
cost(12, 21, 83).
cost(12, 22, 37).
cost(13, 1, 40).
cost(13, 2, 48).
cost(13, 3, 50).
cost(13, 4, 60).
cost(13, 5, 29).
cost(13, 6, 39).
cost(13, 7, 31).
cost(13, 8, 16).
cost(13, 9, 55).
cost(13, 10, 58).
cost(13, 11, 65).
cost(13, 12, 47).
cost(13, 14, 40).
cost(13, 15, 35).
cost(13, 16, 37).
cost(13, 17, 16).
cost(13, 18, 16).
cost(13, 19, 50).
cost(13, 20, 76).
cost(13, 21, 84).
cost(13, 22, 55).
cost(14, 1, 5).
cost(14, 2, 47).
cost(14, 3, 44).
cost(14, 4, 33).
cost(14, 5, 33).
cost(14, 6, 49).
cost(14, 7, 23).
cost(14, 8, 30).
cost(14, 9, 38).
cost(14, 10, 61).
cost(14, 11, 57).
cost(14, 12, 11).
cost(14, 13, 40).
cost(14, 15, 17).
cost(14, 16, 13).
cost(14, 17, 32).
cost(14, 18, 26).
cost(14, 19, 49).
cost(14, 20, 62).
cost(14, 21, 73).
cost(14, 22, 29).
cost(15, 1, 13).
cost(15, 2, 59).
cost(15, 3, 57).
cost(15, 4, 50).
cost(15, 5, 17).
cost(15, 6, 57).
cost(15, 7, 7).
cost(15, 8, 32).
cost(15, 9, 53).
cost(15, 10, 73).
cost(15, 11, 71).
cost(15, 12, 15).
cost(15, 13, 35).
cost(15, 14, 17).
cost(15, 16, 5).
cost(15, 17, 21).
cost(15, 18, 25).
cost(15, 19, 61).
cost(15, 20, 78).
cost(15, 21, 88).
cost(15, 22, 46).
cost(16, 1, 8).
cost(16, 2, 57).
cost(16, 3, 55).
cost(16, 4, 46).
cost(16, 5, 22).
cost(16, 6, 56).
cost(16, 7, 12).
cost(16, 8, 33).
cost(16, 9, 50).
cost(16, 10, 71).
cost(16, 11, 69).
cost(16, 12, 11).
cost(16, 13, 37).
cost(16, 14, 13).
cost(16, 15, 5).
cost(16, 17, 25).
cost(16, 18, 26).
cost(16, 19, 59).
cost(16, 20, 75).
cost(16, 21, 85).
cost(16, 22, 42).
cost(17, 1, 30).
cost(17, 2, 56).
cost(17, 3, 56).
cost(17, 4, 59).
cost(17, 5, 13).
cost(17, 6, 50).
cost(17, 7, 15).
cost(17, 8, 22).
cost(17, 9, 57).
cost(17, 10, 68).
cost(17, 11, 71).
cost(17, 12, 36).
cost(17, 13, 16).
cost(17, 14, 32).
cost(17, 15, 21).
cost(17, 16, 25).
cost(17, 18, 16).
cost(17, 19, 58).
cost(17, 20, 81).
cost(17, 21, 90).
cost(17, 22, 54).
cost(18, 1, 27).
cost(18, 2, 39).
cost(18, 3, 40).
cost(18, 4, 45).
cost(18, 5, 27).
cost(18, 6, 34).
cost(18, 7, 24).
cost(18, 8, 7).
cost(18, 9, 42).
cost(18, 10, 52).
cost(18, 11, 55).
cost(18, 12, 34).
cost(18, 13, 16).
cost(18, 14, 26).
cost(18, 15, 25).
cost(18, 16, 26).
cost(18, 17, 16).
cost(18, 19, 42).
cost(18, 20, 65).
cost(18, 21, 74).
cost(18, 22, 40).
cost(19, 1, 54).
cost(19, 2, 3).
cost(19, 3, 7).
cost(19, 4, 32).
cost(19, 5, 69).
cost(19, 6, 14).
cost(19, 7, 63).
cost(19, 8, 36).
cost(19, 9, 20).
cost(19, 10, 12).
cost(19, 11, 15).
cost(19, 12, 60).
cost(19, 13, 50).
cost(19, 14, 49).
cost(19, 15, 61).
cost(19, 16, 59).
cost(19, 17, 58).
cost(19, 18, 42).
cost(19, 20, 27).
cost(19, 21, 33).
cost(19, 22, 31).
cost(20, 1, 68).
cost(20, 2, 29).
cost(20, 3, 26).
cost(20, 4, 32).
cost(20, 5, 90).
cost(20, 6, 41).
cost(20, 7, 82).
cost(20, 8, 60).
cost(20, 9, 25).
cost(20, 10, 27).
cost(20, 11, 13).
cost(20, 12, 72).
cost(20, 13, 76).
cost(20, 14, 62).
cost(20, 15, 78).
cost(20, 16, 75).
cost(20, 17, 81).
cost(20, 18, 65).
cost(20, 19, 27).
cost(20, 21, 11).
cost(20, 22, 35).
cost(21, 1, 78).
cost(21, 2, 36).
cost(21, 3, 34).
cost(21, 4, 43).
cost(21, 5, 99).
cost(21, 6, 47).
cost(21, 7, 92).
cost(21, 8, 69).
cost(21, 9, 35).
cost(21, 10, 29).
cost(21, 11, 19).
cost(21, 12, 83).
cost(21, 13, 84).
cost(21, 14, 73).
cost(21, 15, 88).
cost(21, 16, 85).
cost(21, 17, 90).
cost(21, 18, 74).
cost(21, 19, 33).
cost(21, 20, 11).
cost(21, 22, 46).
cost(22, 1, 34).
cost(22, 2, 30).
cost(22, 3, 24).
cost(22, 4, 5).
cost(22, 5, 60).
cost(22, 6, 39).
cost(22, 7, 50).
cost(22, 8, 39).
cost(22, 9, 12).
cost(22, 10, 42).
cost(22, 11, 32).
cost(22, 12, 37).
cost(22, 13, 55).
cost(22, 14, 29).
cost(22, 15, 46).
cost(22, 16, 42).
cost(22, 17, 54).
cost(22, 18, 40).
cost(22, 19, 31).
cost(22, 20, 35).
cost(22, 21, 46).
