dimension(22).
point(1, 48.7270912337, 22.7874577828).
point(2, 35.0879736618, 6.9831950858).
point(3, 17.8731688034, 52.3318007745).
point(4, 11.5712340746, 79.2735659997).
point(5, 57.2858790882, 30.2925960285).
point(6, 8.6691076178, 42.9322239926).
point(7, 20.9701254696, 80.3052913994).
point(8, 21.2708936162, 72.4025642461).
point(9, 70.6131233552, 17.5841603512).
point(10, 86.9104380986, 61.6578617716).
point(11, 6.8080551675, 49.7407585334).
point(12, 2.3654067938, 83.0814726364).
point(13, 86.189627911, 3.8532197326).
point(14, 22.0253377642, 80.2350525989).
point(15, 60.0705180732, 59.6458429578).
point(16, 34.6165206182, 80.9550057533).
point(17, 59.6144109193, 15.7095359815).
point(18, 92.8959579687, 42.8882697515).
point(19, 29.2385530982, 91.1644706447).
point(20, 61.4392863136, 45.3042739006).
point(21, 83.9114288816, 37.1169409138).
point(22, 1.2266266094, 34.3290847739).
cost(1, 2, 21).
cost(1, 3, 43).
cost(1, 4, 68).
cost(1, 5, 11).
cost(1, 6, 45).
cost(1, 7, 64).
cost(1, 8, 57).
cost(1, 9, 22).
cost(1, 10, 54).
cost(1, 11, 50).
cost(1, 12, 76).
cost(1, 13, 42).
cost(1, 14, 63).
cost(1, 15, 39).
cost(1, 16, 60).
cost(1, 17, 13).
cost(1, 18, 49).
cost(1, 19, 71).
cost(1, 20, 26).
cost(1, 21, 38).
cost(1, 22, 49).
cost(2, 1, 21).
cost(2, 3, 49).
cost(2, 4, 76).
cost(2, 5, 32).
cost(2, 6, 45).
cost(2, 7, 75).
cost(2, 8, 67).
cost(2, 9, 37).
cost(2, 10, 75).
cost(2, 11, 51).
cost(2, 12, 83).
cost(2, 13, 51).
cost(2, 14, 74).
cost(2, 15, 58).
cost(2, 16, 74).
cost(2, 17, 26).
cost(2, 18, 68).
cost(2, 19, 84).
cost(2, 20, 47).
cost(2, 21, 57).
cost(2, 22, 44).
cost(3, 1, 43).
cost(3, 2, 49).
cost(3, 4, 28).
cost(3, 5, 45).
cost(3, 6, 13).
cost(3, 7, 28).
cost(3, 8, 20).
cost(3, 9, 63).
cost(3, 10, 70).
cost(3, 11, 11).
cost(3, 12, 34).
cost(3, 13, 84).
cost(3, 14, 28).
cost(3, 15, 43).
cost(3, 16, 33).
cost(3, 17, 56).
cost(3, 18, 76).
cost(3, 19, 40).
cost(3, 20, 44).
cost(3, 21, 68).
cost(3, 22, 25).
cost(4, 1, 68).
cost(4, 2, 76).
cost(4, 3, 28).
cost(4, 5, 67).
cost(4, 6, 36).
cost(4, 7, 9).
cost(4, 8, 12).
cost(4, 9, 85).
cost(4, 10, 77).
cost(4, 11, 30).
cost(4, 12, 10).
cost(4, 13, 106).
cost(4, 14, 10).
cost(4, 15, 52).
cost(4, 16, 23).
cost(4, 17, 80).
cost(4, 18, 89).
cost(4, 19, 21).
cost(4, 20, 60).
cost(4, 21, 84).
cost(4, 22, 46).
cost(5, 1, 11).
cost(5, 2, 32).
cost(5, 3, 45).
cost(5, 4, 67).
cost(5, 6, 50).
cost(5, 7, 62).
cost(5, 8, 55).
cost(5, 9, 18).
cost(5, 10, 43).
cost(5, 11, 54).
cost(5, 12, 76).
cost(5, 13, 39).
cost(5, 14, 61).
cost(5, 15, 29).
cost(5, 16, 56).
cost(5, 17, 15).
cost(5, 18, 38).
cost(5, 19, 67).
cost(5, 20, 16).
cost(5, 21, 27).
cost(5, 22, 56).
cost(6, 1, 45).
cost(6, 2, 45).
cost(6, 3, 13).
cost(6, 4, 36).
cost(6, 5, 50).
cost(6, 7, 39).
cost(6, 8, 32).
cost(6, 9, 67).
cost(6, 10, 80).
cost(6, 11, 7).
cost(6, 12, 41).
cost(6, 13, 87).
cost(6, 14, 40).
cost(6, 15, 54).
cost(6, 16, 46).
cost(6, 17, 58).
cost(6, 18, 84).
cost(6, 19, 52).
cost(6, 20, 53).
cost(6, 21, 75).
cost(6, 22, 11).
cost(7, 1, 64).
cost(7, 2, 75).
cost(7, 3, 28).
cost(7, 4, 9).
cost(7, 5, 62).
cost(7, 6, 39).
cost(7, 8, 8).
cost(7, 9, 80).
cost(7, 10, 69).
cost(7, 11, 34).
cost(7, 12, 19).
cost(7, 13, 100).
cost(7, 14, 1).
cost(7, 15, 44).
cost(7, 16, 14).
cost(7, 17, 75).
cost(7, 18, 81).
cost(7, 19, 14).
cost(7, 20, 54).
cost(7, 21, 76).
cost(7, 22, 50).
cost(8, 1, 57).
cost(8, 2, 67).
cost(8, 3, 20).
cost(8, 4, 12).
cost(8, 5, 55).
cost(8, 6, 32).
cost(8, 7, 8).
cost(8, 9, 74).
cost(8, 10, 67).
cost(8, 11, 27).
cost(8, 12, 22).
cost(8, 13, 94).
cost(8, 14, 8).
cost(8, 15, 41).
cost(8, 16, 16).
cost(8, 17, 68).
cost(8, 18, 77).
cost(8, 19, 20).
cost(8, 20, 48).
cost(8, 21, 72).
cost(8, 22, 43).
cost(9, 1, 22).
cost(9, 2, 37).
cost(9, 3, 63).
cost(9, 4, 85).
cost(9, 5, 18).
cost(9, 6, 67).
cost(9, 7, 80).
cost(9, 8, 74).
cost(9, 10, 47).
cost(9, 11, 71).
cost(9, 12, 95).
cost(9, 13, 21).
cost(9, 14, 79).
cost(9, 15, 43).
cost(9, 16, 73).
cost(9, 17, 11).
cost(9, 18, 34).
cost(9, 19, 84).
cost(9, 20, 29).
cost(9, 21, 24).
cost(9, 22, 71).
cost(10, 1, 54).
cost(10, 2, 75).
cost(10, 3, 70).
cost(10, 4, 77).
cost(10, 5, 43).
cost(10, 6, 80).
cost(10, 7, 69).
cost(10, 8, 67).
cost(10, 9, 47).
cost(10, 11, 81).
cost(10, 12, 87).
cost(10, 13, 58).
cost(10, 14, 67).
cost(10, 15, 27).
cost(10, 16, 56).
cost(10, 17, 53).
cost(10, 18, 20).
cost(10, 19, 65).
cost(10, 20, 30).
cost(10, 21, 25).
cost(10, 22, 90).
cost(11, 1, 50).
cost(11, 2, 51).
cost(11, 3, 11).
cost(11, 4, 30).
cost(11, 5, 54).
cost(11, 6, 7).
cost(11, 7, 34).
cost(11, 8, 27).
cost(11, 9, 71).
cost(11, 10, 81).
cost(11, 12, 34).
cost(11, 13, 92).
cost(11, 14, 34).
cost(11, 15, 54).
cost(11, 16, 42).
cost(11, 17, 63).
cost(11, 18, 86).
cost(11, 19, 47).
cost(11, 20, 55).
cost(11, 21, 78).
cost(11, 22, 16).
cost(12, 1, 76).
cost(12, 2, 83).
cost(12, 3, 34).
cost(12, 4, 10).
cost(12, 5, 76).
cost(12, 6, 41).
cost(12, 7, 19).
cost(12, 8, 22).
cost(12, 9, 95).
cost(12, 10, 87).
cost(12, 11, 34).
cost(12, 13, 115).
cost(12, 14, 20).
cost(12, 15, 62).
cost(12, 16, 32).
cost(12, 17, 88).
cost(12, 18, 99).
cost(12, 19, 28).
cost(12, 20, 70).
cost(12, 21, 94).
cost(12, 22, 49).
cost(13, 1, 42).
cost(13, 2, 51).
cost(13, 3, 84).
cost(13, 4, 106).
cost(13, 5, 39).
cost(13, 6, 87).
cost(13, 7, 100).
cost(13, 8, 94).
cost(13, 9, 21).
cost(13, 10, 58).
cost(13, 11, 92).
cost(13, 12, 115).
cost(13, 14, 100).
cost(13, 15, 62).
cost(13, 16, 93).
cost(13, 17, 29).
cost(13, 18, 40).
cost(13, 19, 104).
cost(13, 20, 48).
cost(13, 21, 33).
cost(13, 22, 90).
cost(14, 1, 63).
cost(14, 2, 74).
cost(14, 3, 28).
cost(14, 4, 10).
cost(14, 5, 61).
cost(14, 6, 40).
cost(14, 7, 1).
cost(14, 8, 8).
cost(14, 9, 79).
cost(14, 10, 67).
cost(14, 11, 34).
cost(14, 12, 20).
cost(14, 13, 100).
cost(14, 15, 43).
cost(14, 16, 13).
cost(14, 17, 75).
cost(14, 18, 80).
cost(14, 19, 13).
cost(14, 20, 53).
cost(14, 21, 75).
cost(14, 22, 50).
cost(15, 1, 39).
cost(15, 2, 58).
cost(15, 3, 43).
cost(15, 4, 52).
cost(15, 5, 29).
cost(15, 6, 54).
cost(15, 7, 44).
cost(15, 8, 41).
cost(15, 9, 43).
cost(15, 10, 27).
cost(15, 11, 54).
cost(15, 12, 62).
cost(15, 13, 62).
cost(15, 14, 43).
cost(15, 16, 33).
cost(15, 17, 44).
cost(15, 18, 37).
cost(15, 19, 44).
cost(15, 20, 14).
cost(15, 21, 33).
cost(15, 22, 64).
cost(16, 1, 60).
cost(16, 2, 74).
cost(16, 3, 33).
cost(16, 4, 23).
cost(16, 5, 56).
cost(16, 6, 46).
cost(16, 7, 14).
cost(16, 8, 16).
cost(16, 9, 73).
cost(16, 10, 56).
cost(16, 11, 42).
cost(16, 12, 32).
cost(16, 13, 93).
cost(16, 14, 13).
cost(16, 15, 33).
cost(16, 17, 70).
cost(16, 18, 70).
cost(16, 19, 12).
cost(16, 20, 45).
cost(16, 21, 66).
cost(16, 22, 57).
cost(17, 1, 13).
cost(17, 2, 26).
cost(17, 3, 56).
cost(17, 4, 80).
cost(17, 5, 15).
cost(17, 6, 58).
cost(17, 7, 75).
cost(17, 8, 68).
cost(17, 9, 11).
cost(17, 10, 53).
cost(17, 11, 63).
cost(17, 12, 88).
cost(17, 13, 29).
cost(17, 14, 75).
cost(17, 15, 44).
cost(17, 16, 70).
cost(17, 18, 43).
cost(17, 19, 81).
cost(17, 20, 30).
cost(17, 21, 32).
cost(17, 22, 61).
cost(18, 1, 49).
cost(18, 2, 68).
cost(18, 3, 76).
cost(18, 4, 89).
cost(18, 5, 38).
cost(18, 6, 84).
cost(18, 7, 81).
cost(18, 8, 77).
cost(18, 9, 34).
cost(18, 10, 20).
cost(18, 11, 86).
cost(18, 12, 99).
cost(18, 13, 40).
cost(18, 14, 80).
cost(18, 15, 37).
cost(18, 16, 70).
cost(18, 17, 43).
cost(18, 19, 80).
cost(18, 20, 32).
cost(18, 21, 11).
cost(18, 22, 92).
cost(19, 1, 71).
cost(19, 2, 84).
cost(19, 3, 40).
cost(19, 4, 21).
cost(19, 5, 67).
cost(19, 6, 52).
cost(19, 7, 14).
cost(19, 8, 20).
cost(19, 9, 84).
cost(19, 10, 65).
cost(19, 11, 47).
cost(19, 12, 28).
cost(19, 13, 104).
cost(19, 14, 13).
cost(19, 15, 44).
cost(19, 16, 12).
cost(19, 17, 81).
cost(19, 18, 80).
cost(19, 20, 56).
cost(19, 21, 77).
cost(19, 22, 63).
cost(20, 1, 26).
cost(20, 2, 47).
cost(20, 3, 44).
cost(20, 4, 60).
cost(20, 5, 16).
cost(20, 6, 53).
cost(20, 7, 54).
cost(20, 8, 48).
cost(20, 9, 29).
cost(20, 10, 30).
cost(20, 11, 55).
cost(20, 12, 70).
cost(20, 13, 48).
cost(20, 14, 53).
cost(20, 15, 14).
cost(20, 16, 45).
cost(20, 17, 30).
cost(20, 18, 32).
cost(20, 19, 56).
cost(20, 21, 24).
cost(20, 22, 61).
cost(21, 1, 38).
cost(21, 2, 57).
cost(21, 3, 68).
cost(21, 4, 84).
cost(21, 5, 27).
cost(21, 6, 75).
cost(21, 7, 76).
cost(21, 8, 72).
cost(21, 9, 24).
cost(21, 10, 25).
cost(21, 11, 78).
cost(21, 12, 94).
cost(21, 13, 33).
cost(21, 14, 75).
cost(21, 15, 33).
cost(21, 16, 66).
cost(21, 17, 32).
cost(21, 18, 11).
cost(21, 19, 77).
cost(21, 20, 24).
cost(21, 22, 83).
cost(22, 1, 49).
cost(22, 2, 44).
cost(22, 3, 25).
cost(22, 4, 46).
cost(22, 5, 56).
cost(22, 6, 11).
cost(22, 7, 50).
cost(22, 8, 43).
cost(22, 9, 71).
cost(22, 10, 90).
cost(22, 11, 16).
cost(22, 12, 49).
cost(22, 13, 90).
cost(22, 14, 50).
cost(22, 15, 64).
cost(22, 16, 57).
cost(22, 17, 61).
cost(22, 18, 92).
cost(22, 19, 63).
cost(22, 20, 61).
cost(22, 21, 83).
