dimension(22).
point(1, 9.0232925058, 24.9088599634).
point(2, 72.7336618501, 29.3072786578).
point(3, 20.8728017023, 30.288415991).
point(4, 22.182575066, 61.4831365759).
point(5, 58.8682830626, 55.7488100028).
point(6, 61.8561526885, 75.4907434095).
point(7, 12.1462220857, 55.4382056335).
point(8, 19.7190515112, 60.0046724334).
point(9, 60.0984471542, 43.6128428503).
point(10, 63.4792489576, 42.1785488454).
point(11, 29.2731092898, 25.1746904619).
point(12, 51.811589178, 45.1700813675).
point(13, 32.0414823095, 31.7471791391).
point(14, 58.9002232892, 41.3794673455).
point(15, 77.4243208394, 72.5599179689).
point(16, 77.1517559595, 33.2936365416).
point(17, 8.7169971828, 54.779477418).
point(18, 67.5472013639, 32.1091471022).
point(19, 81.0373697435, 38.131583615).
point(20, 19.9345214261, 63.5092492491).
point(21, 14.9970156122, 23.9708548558).
point(22, 1.5811876475, 52.5917050239).
cost(1, 2, 64).
cost(1, 3, 13).
cost(1, 4, 39).
cost(1, 5, 59).
cost(1, 6, 73).
cost(1, 7, 31).
cost(1, 8, 37).
cost(1, 9, 54).
cost(1, 10, 57).
cost(1, 11, 20).
cost(1, 12, 47).
cost(1, 13, 24).
cost(1, 14, 53).
cost(1, 15, 83).
cost(1, 16, 69).
cost(1, 17, 30).
cost(1, 18, 59).
cost(1, 19, 73).
cost(1, 20, 40).
cost(1, 21, 6).
cost(1, 22, 29).
cost(2, 1, 64).
cost(2, 3, 52).
cost(2, 4, 60).
cost(2, 5, 30).
cost(2, 6, 47).
cost(2, 7, 66).
cost(2, 8, 61).
cost(2, 9, 19).
cost(2, 10, 16).
cost(2, 11, 44).
cost(2, 12, 26).
cost(2, 13, 41).
cost(2, 14, 18).
cost(2, 15, 44).
cost(2, 16, 6).
cost(2, 17, 69).
cost(2, 18, 6).
cost(2, 19, 12).
cost(2, 20, 63).
cost(2, 21, 58).
cost(2, 22, 75).
cost(3, 1, 13).
cost(3, 2, 52).
cost(3, 4, 31).
cost(3, 5, 46).
cost(3, 6, 61).
cost(3, 7, 27).
cost(3, 8, 30).
cost(3, 9, 41).
cost(3, 10, 44).
cost(3, 11, 10).
cost(3, 12, 34).
cost(3, 13, 11).
cost(3, 14, 40).
cost(3, 15, 71).
cost(3, 16, 56).
cost(3, 17, 27).
cost(3, 18, 47).
cost(3, 19, 61).
cost(3, 20, 33).
cost(3, 21, 9).
cost(3, 22, 29).
cost(4, 1, 39).
cost(4, 2, 60).
cost(4, 3, 31).
cost(4, 5, 37).
cost(4, 6, 42).
cost(4, 7, 12).
cost(4, 8, 3).
cost(4, 9, 42).
cost(4, 10, 46).
cost(4, 11, 37).
cost(4, 12, 34).
cost(4, 13, 31).
cost(4, 14, 42).
cost(4, 15, 56).
cost(4, 16, 62).
cost(4, 17, 15).
cost(4, 18, 54).
cost(4, 19, 63).
cost(4, 20, 3).
cost(4, 21, 38).
cost(4, 22, 22).
cost(5, 1, 59).
cost(5, 2, 30).
cost(5, 3, 46).
cost(5, 4, 37).
cost(5, 6, 20).
cost(5, 7, 47).
cost(5, 8, 39).
cost(5, 9, 12).
cost(5, 10, 14).
cost(5, 11, 43).
cost(5, 12, 13).
cost(5, 13, 36).
cost(5, 14, 14).
cost(5, 15, 25).
cost(5, 16, 29).
cost(5, 17, 50).
cost(5, 18, 25).
cost(5, 19, 28).
cost(5, 20, 40).
cost(5, 21, 54).
cost(5, 22, 57).
cost(6, 1, 73).
cost(6, 2, 47).
cost(6, 3, 61).
cost(6, 4, 42).
cost(6, 5, 20).
cost(6, 7, 54).
cost(6, 8, 45).
cost(6, 9, 32).
cost(6, 10, 33).
cost(6, 11, 60).
cost(6, 12, 32).
cost(6, 13, 53).
cost(6, 14, 34).
cost(6, 15, 16).
cost(6, 16, 45).
cost(6, 17, 57).
cost(6, 18, 44).
cost(6, 19, 42).
cost(6, 20, 44).
cost(6, 21, 70).
cost(6, 22, 64).
cost(7, 1, 31).
cost(7, 2, 66).
cost(7, 3, 27).
cost(7, 4, 12).
cost(7, 5, 47).
cost(7, 6, 54).
cost(7, 8, 9).
cost(7, 9, 49).
cost(7, 10, 53).
cost(7, 11, 35).
cost(7, 12, 41).
cost(7, 13, 31).
cost(7, 14, 49).
cost(7, 15, 67).
cost(7, 16, 69).
cost(7, 17, 3).
cost(7, 18, 60).
cost(7, 19, 71).
cost(7, 20, 11).
cost(7, 21, 32).
cost(7, 22, 11).
cost(8, 1, 37).
cost(8, 2, 61).
cost(8, 3, 30).
cost(8, 4, 3).
cost(8, 5, 39).
cost(8, 6, 45).
cost(8, 7, 9).
cost(8, 9, 44).
cost(8, 10, 47).
cost(8, 11, 36).
cost(8, 12, 35).
cost(8, 13, 31).
cost(8, 14, 43).
cost(8, 15, 59).
cost(8, 16, 63).
cost(8, 17, 12).
cost(8, 18, 55).
cost(8, 19, 65).
cost(8, 20, 4).
cost(8, 21, 36).
cost(8, 22, 20).
cost(9, 1, 54).
cost(9, 2, 19).
cost(9, 3, 41).
cost(9, 4, 42).
cost(9, 5, 12).
cost(9, 6, 32).
cost(9, 7, 49).
cost(9, 8, 44).
cost(9, 10, 4).
cost(9, 11, 36).
cost(9, 12, 8).
cost(9, 13, 30).
cost(9, 14, 3).
cost(9, 15, 34).
cost(9, 16, 20).
cost(9, 17, 53).
cost(9, 18, 14).
cost(9, 19, 22).
cost(9, 20, 45).
cost(9, 21, 49).
cost(9, 22, 59).
cost(10, 1, 57).
cost(10, 2, 16).
cost(10, 3, 44).
cost(10, 4, 46).
cost(10, 5, 14).
cost(10, 6, 33).
cost(10, 7, 53).
cost(10, 8, 47).
cost(10, 9, 4).
cost(10, 11, 38).
cost(10, 12, 12).
cost(10, 13, 33).
cost(10, 14, 5).
cost(10, 15, 33).
cost(10, 16, 16).
cost(10, 17, 56).
cost(10, 18, 11).
cost(10, 19, 18).
cost(10, 20, 48).
cost(10, 21, 52).
cost(10, 22, 63).
cost(11, 1, 20).
cost(11, 2, 44).
cost(11, 3, 10).
cost(11, 4, 37).
cost(11, 5, 43).
cost(11, 6, 60).
cost(11, 7, 35).
cost(11, 8, 36).
cost(11, 9, 36).
cost(11, 10, 38).
cost(11, 12, 30).
cost(11, 13, 7).
cost(11, 14, 34).
cost(11, 15, 68).
cost(11, 16, 49).
cost(11, 17, 36).
cost(11, 18, 39).
cost(11, 19, 53).
cost(11, 20, 39).
cost(11, 21, 14).
cost(11, 22, 39).
cost(12, 1, 47).
cost(12, 2, 26).
cost(12, 3, 34).
cost(12, 4, 34).
cost(12, 5, 13).
cost(12, 6, 32).
cost(12, 7, 41).
cost(12, 8, 35).
cost(12, 9, 8).
cost(12, 10, 12).
cost(12, 11, 30).
cost(12, 13, 24).
cost(12, 14, 8).
cost(12, 15, 37).
cost(12, 16, 28).
cost(12, 17, 44).
cost(12, 18, 20).
cost(12, 19, 30).
cost(12, 20, 37).
cost(12, 21, 42).
cost(12, 22, 51).
cost(13, 1, 24).
cost(13, 2, 41).
cost(13, 3, 11).
cost(13, 4, 31).
cost(13, 5, 36).
cost(13, 6, 53).
cost(13, 7, 31).
cost(13, 8, 31).
cost(13, 9, 30).
cost(13, 10, 33).
cost(13, 11, 7).
cost(13, 12, 24).
cost(13, 14, 29).
cost(13, 15, 61).
cost(13, 16, 45).
cost(13, 17, 33).
cost(13, 18, 36).
cost(13, 19, 49).
cost(13, 20, 34).
cost(13, 21, 19).
cost(13, 22, 37).
cost(14, 1, 53).
cost(14, 2, 18).
cost(14, 3, 40).
cost(14, 4, 42).
cost(14, 5, 14).
cost(14, 6, 34).
cost(14, 7, 49).
cost(14, 8, 43).
cost(14, 9, 3).
cost(14, 10, 5).
cost(14, 11, 34).
cost(14, 12, 8).
cost(14, 13, 29).
cost(14, 15, 36).
cost(14, 16, 20).
cost(14, 17, 52).
cost(14, 18, 13).
cost(14, 19, 22).
cost(14, 20, 45).
cost(14, 21, 47).
cost(14, 22, 58).
cost(15, 1, 83).
cost(15, 2, 44).
cost(15, 3, 71).
cost(15, 4, 56).
cost(15, 5, 25).
cost(15, 6, 16).
cost(15, 7, 67).
cost(15, 8, 59).
cost(15, 9, 34).
cost(15, 10, 33).
cost(15, 11, 68).
cost(15, 12, 37).
cost(15, 13, 61).
cost(15, 14, 36).
cost(15, 16, 39).
cost(15, 17, 71).
cost(15, 18, 42).
cost(15, 19, 35).
cost(15, 20, 58).
cost(15, 21, 79).
cost(15, 22, 78).
cost(16, 1, 69).
cost(16, 2, 6).
cost(16, 3, 56).
cost(16, 4, 62).
cost(16, 5, 29).
cost(16, 6, 45).
cost(16, 7, 69).
cost(16, 8, 63).
cost(16, 9, 20).
cost(16, 10, 16).
cost(16, 11, 49).
cost(16, 12, 28).
cost(16, 13, 45).
cost(16, 14, 20).
cost(16, 15, 39).
cost(16, 17, 72).
cost(16, 18, 10).
cost(16, 19, 6).
cost(16, 20, 65).
cost(16, 21, 63).
cost(16, 22, 78).
cost(17, 1, 30).
cost(17, 2, 69).
cost(17, 3, 27).
cost(17, 4, 15).
cost(17, 5, 50).
cost(17, 6, 57).
cost(17, 7, 3).
cost(17, 8, 12).
cost(17, 9, 53).
cost(17, 10, 56).
cost(17, 11, 36).
cost(17, 12, 44).
cost(17, 13, 33).
cost(17, 14, 52).
cost(17, 15, 71).
cost(17, 16, 72).
cost(17, 18, 63).
cost(17, 19, 74).
cost(17, 20, 14).
cost(17, 21, 31).
cost(17, 22, 7).
cost(18, 1, 59).
cost(18, 2, 6).
cost(18, 3, 47).
cost(18, 4, 54).
cost(18, 5, 25).
cost(18, 6, 44).
cost(18, 7, 60).
cost(18, 8, 55).
cost(18, 9, 14).
cost(18, 10, 11).
cost(18, 11, 39).
cost(18, 12, 20).
cost(18, 13, 36).
cost(18, 14, 13).
cost(18, 15, 42).
cost(18, 16, 10).
cost(18, 17, 63).
cost(18, 19, 15).
cost(18, 20, 57).
cost(18, 21, 53).
cost(18, 22, 69).
cost(19, 1, 73).
cost(19, 2, 12).
cost(19, 3, 61).
cost(19, 4, 63).
cost(19, 5, 28).
cost(19, 6, 42).
cost(19, 7, 71).
cost(19, 8, 65).
cost(19, 9, 22).
cost(19, 10, 18).
cost(19, 11, 53).
cost(19, 12, 30).
cost(19, 13, 49).
cost(19, 14, 22).
cost(19, 15, 35).
cost(19, 16, 6).
cost(19, 17, 74).
cost(19, 18, 15).
cost(19, 20, 66).
cost(19, 21, 68).
cost(19, 22, 81).
cost(20, 1, 40).
cost(20, 2, 63).
cost(20, 3, 33).
cost(20, 4, 3).
cost(20, 5, 40).
cost(20, 6, 44).
cost(20, 7, 11).
cost(20, 8, 4).
cost(20, 9, 45).
cost(20, 10, 48).
cost(20, 11, 39).
cost(20, 12, 37).
cost(20, 13, 34).
cost(20, 14, 45).
cost(20, 15, 58).
cost(20, 16, 65).
cost(20, 17, 14).
cost(20, 18, 57).
cost(20, 19, 66).
cost(20, 21, 40).
cost(20, 22, 21).
cost(21, 1, 6).
cost(21, 2, 58).
cost(21, 3, 9).
cost(21, 4, 38).
cost(21, 5, 54).
cost(21, 6, 70).
cost(21, 7, 32).
cost(21, 8, 36).
cost(21, 9, 49).
cost(21, 10, 52).
cost(21, 11, 14).
cost(21, 12, 42).
cost(21, 13, 19).
cost(21, 14, 47).
cost(21, 15, 79).
cost(21, 16, 63).
cost(21, 17, 31).
cost(21, 18, 53).
cost(21, 19, 68).
cost(21, 20, 40).
cost(21, 22, 32).
cost(22, 1, 29).
cost(22, 2, 75).
cost(22, 3, 29).
cost(22, 4, 22).
cost(22, 5, 57).
cost(22, 6, 64).
cost(22, 7, 11).
cost(22, 8, 20).
cost(22, 9, 59).
cost(22, 10, 63).
cost(22, 11, 39).
cost(22, 12, 51).
cost(22, 13, 37).
cost(22, 14, 58).
cost(22, 15, 78).
cost(22, 16, 78).
cost(22, 17, 7).
cost(22, 18, 69).
cost(22, 19, 81).
cost(22, 20, 21).
cost(22, 21, 32).
