dimension(22).
point(1, 28.4493608846, 76.6364752591).
point(2, 12.8703362751, 50.8661156169).
point(3, 86.6053261873, 65.2280825441).
point(4, 73.2184361832, 83.5575789466).
point(5, 56.2885765935, 21.2307800075).
point(6, 84.4765021156, 59.9851473081).
point(7, 16.6717773474, 71.3931064474).
point(8, 93.8540252916, 72.2685864958).
point(9, 82.6402806517, 25.8650977016).
point(10, 80.9064083478, 56.6854445355).
point(11, 29.1229610641, 96.0310261377).
point(12, 5.5464732475, 51.9581369983).
point(13, 67.1171421616, 42.4567647097).
point(14, 70.2629722336, 39.3166735594).
point(15, 10.3202468011, 94.9837467376).
point(16, 94.9212081339, 77.5867534775).
point(17, 0.4909698755, 68.5055091537).
point(18, 18.3117128421, 82.5595812632).
point(19, 14.3247492469, 94.3999238626).
point(20, 73.6465459409, 37.4374297179).
point(21, 13.1985369932, 69.3155598189).
point(22, 23.8267483302, 93.2414795595).
cost(1, 2, 30).
cost(1, 3, 59).
cost(1, 4, 45).
cost(1, 5, 62).
cost(1, 6, 58).
cost(1, 7, 13).
cost(1, 8, 66).
cost(1, 9, 74).
cost(1, 10, 56).
cost(1, 11, 19).
cost(1, 12, 34).
cost(1, 13, 52).
cost(1, 14, 56).
cost(1, 15, 26).
cost(1, 16, 66).
cost(1, 17, 29).
cost(1, 18, 12).
cost(1, 19, 23).
cost(1, 20, 60).
cost(1, 21, 17).
cost(1, 22, 17).
cost(2, 1, 30).
cost(2, 3, 75).
cost(2, 4, 69).
cost(2, 5, 53).
cost(2, 6, 72).
cost(2, 7, 21).
cost(2, 8, 84).
cost(2, 9, 74).
cost(2, 10, 68).
cost(2, 11, 48).
cost(2, 12, 7).
cost(2, 13, 55).
cost(2, 14, 59).
cost(2, 15, 44).
cost(2, 16, 86).
cost(2, 17, 22).
cost(2, 18, 32).
cost(2, 19, 44).
cost(2, 20, 62).
cost(2, 21, 18).
cost(2, 22, 44).
cost(3, 1, 59).
cost(3, 2, 75).
cost(3, 4, 23).
cost(3, 5, 53).
cost(3, 6, 6).
cost(3, 7, 70).
cost(3, 8, 10).
cost(3, 9, 40).
cost(3, 10, 10).
cost(3, 11, 65).
cost(3, 12, 82).
cost(3, 13, 30).
cost(3, 14, 31).
cost(3, 15, 82).
cost(3, 16, 15).
cost(3, 17, 86).
cost(3, 18, 70).
cost(3, 19, 78).
cost(3, 20, 31).
cost(3, 21, 74).
cost(3, 22, 69).
cost(4, 1, 45).
cost(4, 2, 69).
cost(4, 3, 23).
cost(4, 5, 65).
cost(4, 6, 26).
cost(4, 7, 58).
cost(4, 8, 24).
cost(4, 9, 58).
cost(4, 10, 28).
cost(4, 11, 46).
cost(4, 12, 75).
cost(4, 13, 42).
cost(4, 14, 44).
cost(4, 15, 64).
cost(4, 16, 23).
cost(4, 17, 74).
cost(4, 18, 55).
cost(4, 19, 60).
cost(4, 20, 46).
cost(4, 21, 62).
cost(4, 22, 50).
cost(5, 1, 62).
cost(5, 2, 53).
cost(5, 3, 53).
cost(5, 4, 65).
cost(5, 6, 48).
cost(5, 7, 64).
cost(5, 8, 63).
cost(5, 9, 27).
cost(5, 10, 43).
cost(5, 11, 80).
cost(5, 12, 59).
cost(5, 13, 24).
cost(5, 14, 23).
cost(5, 15, 87).
cost(5, 16, 68).
cost(5, 17, 73).
cost(5, 18, 72).
cost(5, 19, 84).
cost(5, 20, 24).
cost(5, 21, 65).
cost(5, 22, 79).
cost(6, 1, 58).
cost(6, 2, 72).
cost(6, 3, 6).
cost(6, 4, 26).
cost(6, 5, 48).
cost(6, 7, 69).
cost(6, 8, 15).
cost(6, 9, 34).
cost(6, 10, 5).
cost(6, 11, 66).
cost(6, 12, 79).
cost(6, 13, 25).
cost(6, 14, 25).
cost(6, 15, 82).
cost(6, 16, 20).
cost(6, 17, 84).
cost(6, 18, 70).
cost(6, 19, 78).
cost(6, 20, 25).
cost(6, 21, 72).
cost(6, 22, 69).
cost(7, 1, 13).
cost(7, 2, 21).
cost(7, 3, 70).
cost(7, 4, 58).
cost(7, 5, 64).
cost(7, 6, 69).
cost(7, 8, 77).
cost(7, 9, 80).
cost(7, 10, 66).
cost(7, 11, 28).
cost(7, 12, 22).
cost(7, 13, 58).
cost(7, 14, 62).
cost(7, 15, 24).
cost(7, 16, 78).
cost(7, 17, 16).
cost(7, 18, 11).
cost(7, 19, 23).
cost(7, 20, 66).
cost(7, 21, 4).
cost(7, 22, 23).
cost(8, 1, 66).
cost(8, 2, 84).
cost(8, 3, 10).
cost(8, 4, 24).
cost(8, 5, 63).
cost(8, 6, 15).
cost(8, 7, 77).
cost(8, 9, 48).
cost(8, 10, 20).
cost(8, 11, 69).
cost(8, 12, 91).
cost(8, 13, 40).
cost(8, 14, 41).
cost(8, 15, 87).
cost(8, 16, 5).
cost(8, 17, 93).
cost(8, 18, 76).
cost(8, 19, 83).
cost(8, 20, 40).
cost(8, 21, 81).
cost(8, 22, 73).
cost(9, 1, 74).
cost(9, 2, 74).
cost(9, 3, 40).
cost(9, 4, 58).
cost(9, 5, 27).
cost(9, 6, 34).
cost(9, 7, 80).
cost(9, 8, 48).
cost(9, 10, 31).
cost(9, 11, 88).
cost(9, 12, 81).
cost(9, 13, 23).
cost(9, 14, 18).
cost(9, 15, 100).
cost(9, 16, 53).
cost(9, 17, 93).
cost(9, 18, 86).
cost(9, 19, 97).
cost(9, 20, 15).
cost(9, 21, 82).
cost(9, 22, 89).
cost(10, 1, 56).
cost(10, 2, 68).
cost(10, 3, 10).
cost(10, 4, 28).
cost(10, 5, 43).
cost(10, 6, 5).
cost(10, 7, 66).
cost(10, 8, 20).
cost(10, 9, 31).
cost(10, 11, 65).
cost(10, 12, 76).
cost(10, 13, 20).
cost(10, 14, 20).
cost(10, 15, 80).
cost(10, 16, 25).
cost(10, 17, 81).
cost(10, 18, 68).
cost(10, 19, 77).
cost(10, 20, 21).
cost(10, 21, 69).
cost(10, 22, 68).
cost(11, 1, 19).
cost(11, 2, 48).
cost(11, 3, 65).
cost(11, 4, 46).
cost(11, 5, 80).
cost(11, 6, 66).
cost(11, 7, 28).
cost(11, 8, 69).
cost(11, 9, 88).
cost(11, 10, 65).
cost(11, 12, 50).
cost(11, 13, 66).
cost(11, 14, 70).
cost(11, 15, 19).
cost(11, 16, 68).
cost(11, 17, 40).
cost(11, 18, 17).
cost(11, 19, 15).
cost(11, 20, 74).
cost(11, 21, 31).
cost(11, 22, 6).
cost(12, 1, 34).
cost(12, 2, 7).
cost(12, 3, 82).
cost(12, 4, 75).
cost(12, 5, 59).
cost(12, 6, 79).
cost(12, 7, 22).
cost(12, 8, 91).
cost(12, 9, 81).
cost(12, 10, 76).
cost(12, 11, 50).
cost(12, 13, 62).
cost(12, 14, 66).
cost(12, 15, 43).
cost(12, 16, 93).
cost(12, 17, 17).
cost(12, 18, 33).
cost(12, 19, 43).
cost(12, 20, 70).
cost(12, 21, 19).
cost(12, 22, 45).
cost(13, 1, 52).
cost(13, 2, 55).
cost(13, 3, 30).
cost(13, 4, 42).
cost(13, 5, 24).
cost(13, 6, 25).
cost(13, 7, 58).
cost(13, 8, 40).
cost(13, 9, 23).
cost(13, 10, 20).
cost(13, 11, 66).
cost(13, 12, 62).
cost(13, 14, 4).
cost(13, 15, 77).
cost(13, 16, 45).
cost(13, 17, 72).
cost(13, 18, 63).
cost(13, 19, 74).
cost(13, 20, 8).
cost(13, 21, 60).
cost(13, 22, 67).
cost(14, 1, 56).
cost(14, 2, 59).
cost(14, 3, 31).
cost(14, 4, 44).
cost(14, 5, 23).
cost(14, 6, 25).
cost(14, 7, 62).
cost(14, 8, 41).
cost(14, 9, 18).
cost(14, 10, 20).
cost(14, 11, 70).
cost(14, 12, 66).
cost(14, 13, 4).
cost(14, 15, 82).
cost(14, 16, 46).
cost(14, 17, 76).
cost(14, 18, 68).
cost(14, 19, 79).
cost(14, 20, 4).
cost(14, 21, 64).
cost(14, 22, 71).
cost(15, 1, 26).
cost(15, 2, 44).
cost(15, 3, 82).
cost(15, 4, 64).
cost(15, 5, 87).
cost(15, 6, 82).
cost(15, 7, 24).
cost(15, 8, 87).
cost(15, 9, 100).
cost(15, 10, 80).
cost(15, 11, 19).
cost(15, 12, 43).
cost(15, 13, 77).
cost(15, 14, 82).
cost(15, 16, 86).
cost(15, 17, 28).
cost(15, 18, 15).
cost(15, 19, 4).
cost(15, 20, 86).
cost(15, 21, 26).
cost(15, 22, 14).
cost(16, 1, 66).
cost(16, 2, 86).
cost(16, 3, 15).
cost(16, 4, 23).
cost(16, 5, 68).
cost(16, 6, 20).
cost(16, 7, 78).
cost(16, 8, 5).
cost(16, 9, 53).
cost(16, 10, 25).
cost(16, 11, 68).
cost(16, 12, 93).
cost(16, 13, 45).
cost(16, 14, 46).
cost(16, 15, 86).
cost(16, 17, 95).
cost(16, 18, 77).
cost(16, 19, 82).
cost(16, 20, 45).
cost(16, 21, 82).
cost(16, 22, 73).
cost(17, 1, 29).
cost(17, 2, 22).
cost(17, 3, 86).
cost(17, 4, 74).
cost(17, 5, 73).
cost(17, 6, 84).
cost(17, 7, 16).
cost(17, 8, 93).
cost(17, 9, 93).
cost(17, 10, 81).
cost(17, 11, 40).
cost(17, 12, 17).
cost(17, 13, 72).
cost(17, 14, 76).
cost(17, 15, 28).
cost(17, 16, 95).
cost(17, 18, 23).
cost(17, 19, 29).
cost(17, 20, 79).
cost(17, 21, 13).
cost(17, 22, 34).
cost(18, 1, 12).
cost(18, 2, 32).
cost(18, 3, 70).
cost(18, 4, 55).
cost(18, 5, 72).
cost(18, 6, 70).
cost(18, 7, 11).
cost(18, 8, 76).
cost(18, 9, 86).
cost(18, 10, 68).
cost(18, 11, 17).
cost(18, 12, 33).
cost(18, 13, 63).
cost(18, 14, 68).
cost(18, 15, 15).
cost(18, 16, 77).
cost(18, 17, 23).
cost(18, 19, 12).
cost(18, 20, 71).
cost(18, 21, 14).
cost(18, 22, 12).
cost(19, 1, 23).
cost(19, 2, 44).
cost(19, 3, 78).
cost(19, 4, 60).
cost(19, 5, 84).
cost(19, 6, 78).
cost(19, 7, 23).
cost(19, 8, 83).
cost(19, 9, 97).
cost(19, 10, 77).
cost(19, 11, 15).
cost(19, 12, 43).
cost(19, 13, 74).
cost(19, 14, 79).
cost(19, 15, 4).
cost(19, 16, 82).
cost(19, 17, 29).
cost(19, 18, 12).
cost(19, 20, 82).
cost(19, 21, 25).
cost(19, 22, 10).
cost(20, 1, 60).
cost(20, 2, 62).
cost(20, 3, 31).
cost(20, 4, 46).
cost(20, 5, 24).
cost(20, 6, 25).
cost(20, 7, 66).
cost(20, 8, 40).
cost(20, 9, 15).
cost(20, 10, 21).
cost(20, 11, 74).
cost(20, 12, 70).
cost(20, 13, 8).
cost(20, 14, 4).
cost(20, 15, 86).
cost(20, 16, 45).
cost(20, 17, 79).
cost(20, 18, 71).
cost(20, 19, 82).
cost(20, 21, 68).
cost(20, 22, 75).
cost(21, 1, 17).
cost(21, 2, 18).
cost(21, 3, 74).
cost(21, 4, 62).
cost(21, 5, 65).
cost(21, 6, 72).
cost(21, 7, 4).
cost(21, 8, 81).
cost(21, 9, 82).
cost(21, 10, 69).
cost(21, 11, 31).
cost(21, 12, 19).
cost(21, 13, 60).
cost(21, 14, 64).
cost(21, 15, 26).
cost(21, 16, 82).
cost(21, 17, 13).
cost(21, 18, 14).
cost(21, 19, 25).
cost(21, 20, 68).
cost(21, 22, 26).
cost(22, 1, 17).
cost(22, 2, 44).
cost(22, 3, 69).
cost(22, 4, 50).
cost(22, 5, 79).
cost(22, 6, 69).
cost(22, 7, 23).
cost(22, 8, 73).
cost(22, 9, 89).
cost(22, 10, 68).
cost(22, 11, 6).
cost(22, 12, 45).
cost(22, 13, 67).
cost(22, 14, 71).
cost(22, 15, 14).
cost(22, 16, 73).
cost(22, 17, 34).
cost(22, 18, 12).
cost(22, 19, 10).
cost(22, 20, 75).
cost(22, 21, 26).
