dimension(20).
point(1, 27.1204474723, 88.2237949623).
point(2, 11.9189579039, 83.1721433321).
point(3, 26.3592358268, 88.6363482995).
point(4, 28.6952173678, 76.97505873).
point(5, 58.9319111694, 22.7124667732).
point(6, 50.7831055487, 33.6795823069).
point(7, 43.8865080472, 20.4060029504).
point(8, 53.2123167937, 27.4147133629).
point(9, 96.7211729759, 64.153019669).
point(10, 85.6780770189, 49.392224983).
point(11, 93.5188903445, 39.2422807811).
point(12, 95.2993156395, 45.2069424502).
point(13, 2.0076448005, 15.4974197946).
point(14, 6.2605649459, 11.4105365426).
point(15, 10.4334340307, 2.895106584).
point(16, 5.4040999988, 9.3512298456).
point(17, 69.9675466558, 75.3468960036).
point(18, 72.3832656564, 76.8973084892).
point(19, 68.16314045, 89.1269309306).
point(20, 71.4662507593, 76.9847373544).
cost(1, 2, 16).
cost(1, 3, 1).
cost(1, 4, 11).
cost(1, 5, 73).
cost(1, 6, 59).
cost(1, 7, 70).
cost(1, 8, 66).
cost(1, 9, 74).
cost(1, 10, 70).
cost(1, 11, 83).
cost(1, 12, 81).
cost(1, 13, 77).
cost(1, 14, 80).
cost(1, 15, 87).
cost(1, 16, 82).
cost(1, 17, 45).
cost(1, 18, 47).
cost(1, 19, 41).
cost(1, 20, 46).
cost(2, 1, 16).
cost(2, 3, 15).
cost(2, 4, 18).
cost(2, 5, 77).
cost(2, 6, 63).
cost(2, 7, 70).
cost(2, 8, 69).
cost(2, 9, 87).
cost(2, 10, 81).
cost(2, 11, 93).
cost(2, 12, 92).
cost(2, 13, 68).
cost(2, 14, 72).
cost(2, 15, 80).
cost(2, 16, 74).
cost(2, 17, 59).
cost(2, 18, 61).
cost(2, 19, 57).
cost(2, 20, 60).
cost(3, 1, 1).
cost(3, 2, 15).
cost(3, 4, 12).
cost(3, 5, 74).
cost(3, 6, 60).
cost(3, 7, 70).
cost(3, 8, 67).
cost(3, 9, 74).
cost(3, 10, 71).
cost(3, 11, 83).
cost(3, 12, 81).
cost(3, 13, 77).
cost(3, 14, 80).
cost(3, 15, 87).
cost(3, 16, 82).
cost(3, 17, 46).
cost(3, 18, 47).
cost(3, 19, 42).
cost(3, 20, 47).
cost(4, 1, 11).
cost(4, 2, 18).
cost(4, 3, 12).
cost(4, 5, 62).
cost(4, 6, 49).
cost(4, 7, 59).
cost(4, 8, 55).
cost(4, 9, 69).
cost(4, 10, 63).
cost(4, 11, 75).
cost(4, 12, 74).
cost(4, 13, 67).
cost(4, 14, 69).
cost(4, 15, 76).
cost(4, 16, 72).
cost(4, 17, 41).
cost(4, 18, 44).
cost(4, 19, 41).
cost(4, 20, 43).
cost(5, 1, 73).
cost(5, 2, 77).
cost(5, 3, 74).
cost(5, 4, 62).
cost(5, 6, 14).
cost(5, 7, 15).
cost(5, 8, 7).
cost(5, 9, 56).
cost(5, 10, 38).
cost(5, 11, 38).
cost(5, 12, 43).
cost(5, 13, 57).
cost(5, 14, 54).
cost(5, 15, 52).
cost(5, 16, 55).
cost(5, 17, 54).
cost(5, 18, 56).
cost(5, 19, 67).
cost(5, 20, 56).
cost(6, 1, 59).
cost(6, 2, 63).
cost(6, 3, 60).
cost(6, 4, 49).
cost(6, 5, 14).
cost(6, 7, 15).
cost(6, 8, 7).
cost(6, 9, 55).
cost(6, 10, 38).
cost(6, 11, 43).
cost(6, 12, 46).
cost(6, 13, 52).
cost(6, 14, 50).
cost(6, 15, 51).
cost(6, 16, 51).
cost(6, 17, 46).
cost(6, 18, 48).
cost(6, 19, 58).
cost(6, 20, 48).
cost(7, 1, 70).
cost(7, 2, 70).
cost(7, 3, 70).
cost(7, 4, 59).
cost(7, 5, 15).
cost(7, 6, 15).
cost(7, 8, 12).
cost(7, 9, 69).
cost(7, 10, 51).
cost(7, 11, 53).
cost(7, 12, 57).
cost(7, 13, 42).
cost(7, 14, 39).
cost(7, 15, 38).
cost(7, 16, 40).
cost(7, 17, 61).
cost(7, 18, 63).
cost(7, 19, 73).
cost(7, 20, 63).
cost(8, 1, 66).
cost(8, 2, 69).
cost(8, 3, 67).
cost(8, 4, 55).
cost(8, 5, 7).
cost(8, 6, 7).
cost(8, 7, 12).
cost(8, 9, 57).
cost(8, 10, 39).
cost(8, 11, 42).
cost(8, 12, 46).
cost(8, 13, 53).
cost(8, 14, 50).
cost(8, 15, 49).
cost(8, 16, 51).
cost(8, 17, 51).
cost(8, 18, 53).
cost(8, 19, 63).
cost(8, 20, 53).
cost(9, 1, 74).
cost(9, 2, 87).
cost(9, 3, 74).
cost(9, 4, 69).
cost(9, 5, 56).
cost(9, 6, 55).
cost(9, 7, 69).
cost(9, 8, 57).
cost(9, 10, 18).
cost(9, 11, 25).
cost(9, 12, 19).
cost(9, 13, 106).
cost(9, 14, 105).
cost(9, 15, 106).
cost(9, 16, 106).
cost(9, 17, 29).
cost(9, 18, 27).
cost(9, 19, 38).
cost(9, 20, 28).
cost(10, 1, 70).
cost(10, 2, 81).
cost(10, 3, 71).
cost(10, 4, 63).
cost(10, 5, 38).
cost(10, 6, 38).
cost(10, 7, 51).
cost(10, 8, 39).
cost(10, 9, 18).
cost(10, 11, 13).
cost(10, 12, 10).
cost(10, 13, 90).
cost(10, 14, 88).
cost(10, 15, 88).
cost(10, 16, 90).
cost(10, 17, 30).
cost(10, 18, 31).
cost(10, 19, 43).
cost(10, 20, 31).
cost(11, 1, 83).
cost(11, 2, 93).
cost(11, 3, 83).
cost(11, 4, 75).
cost(11, 5, 38).
cost(11, 6, 43).
cost(11, 7, 53).
cost(11, 8, 42).
cost(11, 9, 25).
cost(11, 10, 13).
cost(11, 12, 6).
cost(11, 13, 95).
cost(11, 14, 92).
cost(11, 15, 91).
cost(11, 16, 93).
cost(11, 17, 43).
cost(11, 18, 43).
cost(11, 19, 56).
cost(11, 20, 44).
cost(12, 1, 81).
cost(12, 2, 92).
cost(12, 3, 81).
cost(12, 4, 74).
cost(12, 5, 43).
cost(12, 6, 46).
cost(12, 7, 57).
cost(12, 8, 46).
cost(12, 9, 19).
cost(12, 10, 10).
cost(12, 11, 6).
cost(12, 13, 98).
cost(12, 14, 95).
cost(12, 15, 95).
cost(12, 16, 97).
cost(12, 17, 39).
cost(12, 18, 39).
cost(12, 19, 52).
cost(12, 20, 40).
cost(13, 1, 77).
cost(13, 2, 68).
cost(13, 3, 77).
cost(13, 4, 67).
cost(13, 5, 57).
cost(13, 6, 52).
cost(13, 7, 42).
cost(13, 8, 53).
cost(13, 9, 106).
cost(13, 10, 90).
cost(13, 11, 95).
cost(13, 12, 98).
cost(13, 14, 6).
cost(13, 15, 15).
cost(13, 16, 7).
cost(13, 17, 91).
cost(13, 18, 93).
cost(13, 19, 99).
cost(13, 20, 93).
cost(14, 1, 80).
cost(14, 2, 72).
cost(14, 3, 80).
cost(14, 4, 69).
cost(14, 5, 54).
cost(14, 6, 50).
cost(14, 7, 39).
cost(14, 8, 50).
cost(14, 9, 105).
cost(14, 10, 88).
cost(14, 11, 92).
cost(14, 12, 95).
cost(14, 13, 6).
cost(14, 15, 9).
cost(14, 16, 2).
cost(14, 17, 90).
cost(14, 18, 93).
cost(14, 19, 99).
cost(14, 20, 92).
cost(15, 1, 87).
cost(15, 2, 80).
cost(15, 3, 87).
cost(15, 4, 76).
cost(15, 5, 52).
cost(15, 6, 51).
cost(15, 7, 38).
cost(15, 8, 49).
cost(15, 9, 106).
cost(15, 10, 88).
cost(15, 11, 91).
cost(15, 12, 95).
cost(15, 13, 15).
cost(15, 14, 9).
cost(15, 16, 8).
cost(15, 17, 94).
cost(15, 18, 97).
cost(15, 19, 104).
cost(15, 20, 96).
cost(16, 1, 82).
cost(16, 2, 74).
cost(16, 3, 82).
cost(16, 4, 72).
cost(16, 5, 55).
cost(16, 6, 51).
cost(16, 7, 40).
cost(16, 8, 51).
cost(16, 9, 106).
cost(16, 10, 90).
cost(16, 11, 93).
cost(16, 12, 97).
cost(16, 13, 7).
cost(16, 14, 2).
cost(16, 15, 8).
cost(16, 17, 92).
cost(16, 18, 95).
cost(16, 19, 102).
cost(16, 20, 95).
cost(17, 1, 45).
cost(17, 2, 59).
cost(17, 3, 46).
cost(17, 4, 41).
cost(17, 5, 54).
cost(17, 6, 46).
cost(17, 7, 61).
cost(17, 8, 51).
cost(17, 9, 29).
cost(17, 10, 30).
cost(17, 11, 43).
cost(17, 12, 39).
cost(17, 13, 91).
cost(17, 14, 90).
cost(17, 15, 94).
cost(17, 16, 92).
cost(17, 18, 3).
cost(17, 19, 14).
cost(17, 20, 2).
cost(18, 1, 47).
cost(18, 2, 61).
cost(18, 3, 47).
cost(18, 4, 44).
cost(18, 5, 56).
cost(18, 6, 48).
cost(18, 7, 63).
cost(18, 8, 53).
cost(18, 9, 27).
cost(18, 10, 31).
cost(18, 11, 43).
cost(18, 12, 39).
cost(18, 13, 93).
cost(18, 14, 93).
cost(18, 15, 97).
cost(18, 16, 95).
cost(18, 17, 3).
cost(18, 19, 13).
cost(18, 20, 1).
cost(19, 1, 41).
cost(19, 2, 57).
cost(19, 3, 42).
cost(19, 4, 41).
cost(19, 5, 67).
cost(19, 6, 58).
cost(19, 7, 73).
cost(19, 8, 63).
cost(19, 9, 38).
cost(19, 10, 43).
cost(19, 11, 56).
cost(19, 12, 52).
cost(19, 13, 99).
cost(19, 14, 99).
cost(19, 15, 104).
cost(19, 16, 102).
cost(19, 17, 14).
cost(19, 18, 13).
cost(19, 20, 13).
cost(20, 1, 46).
cost(20, 2, 60).
cost(20, 3, 47).
cost(20, 4, 43).
cost(20, 5, 56).
cost(20, 6, 48).
cost(20, 7, 63).
cost(20, 8, 53).
cost(20, 9, 28).
cost(20, 10, 31).
cost(20, 11, 44).
cost(20, 12, 40).
cost(20, 13, 93).
cost(20, 14, 92).
cost(20, 15, 96).
cost(20, 16, 95).
cost(20, 17, 2).
cost(20, 18, 1).
cost(20, 19, 13).
