dimension(20).
point(1, 54.210833672, 56.3492392634).
point(2, 65.0984782782, 49.1180837578).
point(3, 58.0152380888, 48.7928556209).
point(4, 56.9381062005, 55.5670842673).
point(5, 31.2890592523, 23.6125762738).
point(6, 20.4637183616, 17.3528532013).
point(7, 11.734947538, 15.0991407991).
point(8, 18.1995755476, 23.0604103719).
point(9, 82.4433202551, 86.9474572118).
point(10, 78.5359320893, 88.9135490699).
point(11, 81.7774873969, 88.3547217456).
point(12, 78.7586922662, 96.9809680098).
point(13, 29.1775476129, 77.9630439347).
point(14, 11.8020019357, 78.403367361).
point(15, 19.897401795, 57.4992719366).
point(16, 15.2043023586, 74.8214327712).
point(17, 90.1644582693, 19.5748843647).
point(18, 92.319999369, 23.4407815535).
point(19, 89.9725972049, 14.2867333002).
point(20, 87.2500447061, 23.592573425).
cost(1, 2, 13).
cost(1, 3, 8).
cost(1, 4, 3).
cost(1, 5, 40).
cost(1, 6, 52).
cost(1, 7, 59).
cost(1, 8, 49).
cost(1, 9, 42).
cost(1, 10, 41).
cost(1, 11, 42).
cost(1, 12, 47).
cost(1, 13, 33).
cost(1, 14, 48).
cost(1, 15, 34).
cost(1, 16, 43).
cost(1, 17, 51).
cost(1, 18, 50).
cost(1, 19, 55).
cost(1, 20, 47).
cost(2, 1, 13).
cost(2, 3, 7).
cost(2, 4, 10).
cost(2, 5, 42).
cost(2, 6, 55).
cost(2, 7, 63).
cost(2, 8, 54).
cost(2, 9, 42).
cost(2, 10, 42).
cost(2, 11, 43).
cost(2, 12, 50).
cost(2, 13, 46).
cost(2, 14, 61).
cost(2, 15, 46).
cost(2, 16, 56).
cost(2, 17, 39).
cost(2, 18, 37).
cost(2, 19, 43).
cost(2, 20, 34).
cost(3, 1, 8).
cost(3, 2, 7).
cost(3, 4, 7).
cost(3, 5, 37).
cost(3, 6, 49).
cost(3, 7, 57).
cost(3, 8, 47).
cost(3, 9, 45).
cost(3, 10, 45).
cost(3, 11, 46).
cost(3, 12, 52).
cost(3, 13, 41).
cost(3, 14, 55).
cost(3, 15, 39).
cost(3, 16, 50).
cost(3, 17, 43).
cost(3, 18, 43).
cost(3, 19, 47).
cost(3, 20, 39).
cost(4, 1, 3).
cost(4, 2, 10).
cost(4, 3, 7).
cost(4, 5, 41).
cost(4, 6, 53).
cost(4, 7, 61).
cost(4, 8, 51).
cost(4, 9, 40).
cost(4, 10, 40).
cost(4, 11, 41).
cost(4, 12, 47).
cost(4, 13, 36).
cost(4, 14, 51).
cost(4, 15, 37).
cost(4, 16, 46).
cost(4, 17, 49).
cost(4, 18, 48).
cost(4, 19, 53).
cost(4, 20, 44).
cost(5, 1, 40).
cost(5, 2, 42).
cost(5, 3, 37).
cost(5, 4, 41).
cost(5, 6, 13).
cost(5, 7, 21).
cost(5, 8, 13).
cost(5, 9, 81).
cost(5, 10, 81).
cost(5, 11, 82).
cost(5, 12, 87).
cost(5, 13, 54).
cost(5, 14, 58).
cost(5, 15, 36).
cost(5, 16, 54).
cost(5, 17, 59).
cost(5, 18, 61).
cost(5, 19, 59).
cost(5, 20, 56).
cost(6, 1, 52).
cost(6, 2, 55).
cost(6, 3, 49).
cost(6, 4, 53).
cost(6, 5, 13).
cost(6, 7, 9).
cost(6, 8, 6).
cost(6, 9, 93).
cost(6, 10, 92).
cost(6, 11, 94).
cost(6, 12, 99).
cost(6, 13, 61).
cost(6, 14, 62).
cost(6, 15, 40).
cost(6, 16, 58).
cost(6, 17, 70).
cost(6, 18, 72).
cost(6, 19, 70).
cost(6, 20, 67).
cost(7, 1, 59).
cost(7, 2, 63).
cost(7, 3, 57).
cost(7, 4, 61).
cost(7, 5, 21).
cost(7, 6, 9).
cost(7, 8, 10).
cost(7, 9, 101).
cost(7, 10, 100).
cost(7, 11, 101).
cost(7, 12, 106).
cost(7, 13, 65).
cost(7, 14, 63).
cost(7, 15, 43).
cost(7, 16, 60).
cost(7, 17, 79).
cost(7, 18, 81).
cost(7, 19, 78).
cost(7, 20, 76).
cost(8, 1, 49).
cost(8, 2, 54).
cost(8, 3, 47).
cost(8, 4, 51).
cost(8, 5, 13).
cost(8, 6, 6).
cost(8, 7, 10).
cost(8, 9, 91).
cost(8, 10, 89).
cost(8, 11, 91).
cost(8, 12, 96).
cost(8, 13, 56).
cost(8, 14, 56).
cost(8, 15, 34).
cost(8, 16, 52).
cost(8, 17, 72).
cost(8, 18, 74).
cost(8, 19, 72).
cost(8, 20, 69).
cost(9, 1, 42).
cost(9, 2, 42).
cost(9, 3, 45).
cost(9, 4, 40).
cost(9, 5, 81).
cost(9, 6, 93).
cost(9, 7, 101).
cost(9, 8, 91).
cost(9, 10, 4).
cost(9, 11, 2).
cost(9, 12, 11).
cost(9, 13, 54).
cost(9, 14, 71).
cost(9, 15, 69).
cost(9, 16, 68).
cost(9, 17, 68).
cost(9, 18, 64).
cost(9, 19, 73).
cost(9, 20, 64).
cost(10, 1, 41).
cost(10, 2, 42).
cost(10, 3, 45).
cost(10, 4, 40).
cost(10, 5, 81).
cost(10, 6, 92).
cost(10, 7, 100).
cost(10, 8, 89).
cost(10, 9, 4).
cost(10, 11, 3).
cost(10, 12, 8).
cost(10, 13, 51).
cost(10, 14, 68).
cost(10, 15, 67).
cost(10, 16, 65).
cost(10, 17, 70).
cost(10, 18, 67).
cost(10, 19, 75).
cost(10, 20, 66).
cost(11, 1, 42).
cost(11, 2, 43).
cost(11, 3, 46).
cost(11, 4, 41).
cost(11, 5, 82).
cost(11, 6, 94).
cost(11, 7, 101).
cost(11, 8, 91).
cost(11, 9, 2).
cost(11, 10, 3).
cost(11, 12, 9).
cost(11, 13, 54).
cost(11, 14, 71).
cost(11, 15, 69).
cost(11, 16, 68).
cost(11, 17, 69).
cost(11, 18, 66).
cost(11, 19, 75).
cost(11, 20, 65).
cost(12, 1, 47).
cost(12, 2, 50).
cost(12, 3, 52).
cost(12, 4, 47).
cost(12, 5, 87).
cost(12, 6, 99).
cost(12, 7, 106).
cost(12, 8, 96).
cost(12, 9, 11).
cost(12, 10, 8).
cost(12, 11, 9).
cost(12, 13, 53).
cost(12, 14, 69).
cost(12, 15, 71).
cost(12, 16, 67).
cost(12, 17, 78).
cost(12, 18, 75).
cost(12, 19, 83).
cost(12, 20, 74).
cost(13, 1, 33).
cost(13, 2, 46).
cost(13, 3, 41).
cost(13, 4, 36).
cost(13, 5, 54).
cost(13, 6, 61).
cost(13, 7, 65).
cost(13, 8, 56).
cost(13, 9, 54).
cost(13, 10, 51).
cost(13, 11, 54).
cost(13, 12, 53).
cost(13, 14, 17).
cost(13, 15, 22).
cost(13, 16, 14).
cost(13, 17, 84).
cost(13, 18, 83).
cost(13, 19, 88).
cost(13, 20, 80).
cost(14, 1, 48).
cost(14, 2, 61).
cost(14, 3, 55).
cost(14, 4, 51).
cost(14, 5, 58).
cost(14, 6, 62).
cost(14, 7, 63).
cost(14, 8, 56).
cost(14, 9, 71).
cost(14, 10, 68).
cost(14, 11, 71).
cost(14, 12, 69).
cost(14, 13, 17).
cost(14, 15, 22).
cost(14, 16, 5).
cost(14, 17, 98).
cost(14, 18, 97).
cost(14, 19, 101).
cost(14, 20, 93).
cost(15, 1, 34).
cost(15, 2, 46).
cost(15, 3, 39).
cost(15, 4, 37).
cost(15, 5, 36).
cost(15, 6, 40).
cost(15, 7, 43).
cost(15, 8, 34).
cost(15, 9, 69).
cost(15, 10, 67).
cost(15, 11, 69).
cost(15, 12, 71).
cost(15, 13, 22).
cost(15, 14, 22).
cost(15, 16, 18).
cost(15, 17, 80).
cost(15, 18, 80).
cost(15, 19, 82).
cost(15, 20, 75).
cost(16, 1, 43).
cost(16, 2, 56).
cost(16, 3, 50).
cost(16, 4, 46).
cost(16, 5, 54).
cost(16, 6, 58).
cost(16, 7, 60).
cost(16, 8, 52).
cost(16, 9, 68).
cost(16, 10, 65).
cost(16, 11, 68).
cost(16, 12, 67).
cost(16, 13, 14).
cost(16, 14, 5).
cost(16, 15, 18).
cost(16, 17, 93).
cost(16, 18, 93).
cost(16, 19, 96).
cost(16, 20, 88).
cost(17, 1, 51).
cost(17, 2, 39).
cost(17, 3, 43).
cost(17, 4, 49).
cost(17, 5, 59).
cost(17, 6, 70).
cost(17, 7, 79).
cost(17, 8, 72).
cost(17, 9, 68).
cost(17, 10, 70).
cost(17, 11, 69).
cost(17, 12, 78).
cost(17, 13, 84).
cost(17, 14, 98).
cost(17, 15, 80).
cost(17, 16, 93).
cost(17, 18, 4).
cost(17, 19, 5).
cost(17, 20, 5).
cost(18, 1, 50).
cost(18, 2, 37).
cost(18, 3, 43).
cost(18, 4, 48).
cost(18, 5, 61).
cost(18, 6, 72).
cost(18, 7, 81).
cost(18, 8, 74).
cost(18, 9, 64).
cost(18, 10, 67).
cost(18, 11, 66).
cost(18, 12, 75).
cost(18, 13, 83).
cost(18, 14, 97).
cost(18, 15, 80).
cost(18, 16, 93).
cost(18, 17, 4).
cost(18, 19, 9).
cost(18, 20, 5).
cost(19, 1, 55).
cost(19, 2, 43).
cost(19, 3, 47).
cost(19, 4, 53).
cost(19, 5, 59).
cost(19, 6, 70).
cost(19, 7, 78).
cost(19, 8, 72).
cost(19, 9, 73).
cost(19, 10, 75).
cost(19, 11, 75).
cost(19, 12, 83).
cost(19, 13, 88).
cost(19, 14, 101).
cost(19, 15, 82).
cost(19, 16, 96).
cost(19, 17, 5).
cost(19, 18, 9).
cost(19, 20, 10).
cost(20, 1, 47).
cost(20, 2, 34).
cost(20, 3, 39).
cost(20, 4, 44).
cost(20, 5, 56).
cost(20, 6, 67).
cost(20, 7, 76).
cost(20, 8, 69).
cost(20, 9, 64).
cost(20, 10, 66).
cost(20, 11, 65).
cost(20, 12, 74).
cost(20, 13, 80).
cost(20, 14, 93).
cost(20, 15, 75).
cost(20, 16, 88).
cost(20, 17, 5).
cost(20, 18, 5).
cost(20, 19, 10).
