dimension(20).
point(1, 1.3749741083, 45.8871412491).
point(2, 7.4380791865, 48.0456418218).
point(3, 6.3837869911, 38.3297210814).
point(4, 5.8699845246, 47.8738753053).
point(5, 66.9297249532, 42.0616305012).
point(6, 90.9015139109, 46.8975515763).
point(7, 85.8678411993, 34.8209183102).
point(8, 97.8471177844, 42.2644981269).
point(9, 59.7385207539, 67.2409321703).
point(10, 58.3859055767, 71.9873460825).
point(11, 53.7731998204, 71.5991444572).
point(12, 47.4961870278, 72.9416427083).
point(13, 39.5994422142, 95.0588388535).
point(14, 40.1859602949, 95.511023659).
point(15, 37.5599838395, 78.1949389097).
point(16, 26.2172312215, 84.1777241533).
point(17, 58.4998814585, 1.0256295178).
point(18, 68.5958709226, 2.8202842567).
point(19, 62.4877130037, 13.5566018148).
point(20, 59.2275718868, 12.4058511547).
cost(1, 2, 6).
cost(1, 3, 9).
cost(1, 4, 5).
cost(1, 5, 66).
cost(1, 6, 90).
cost(1, 7, 85).
cost(1, 8, 97).
cost(1, 9, 62).
cost(1, 10, 63).
cost(1, 11, 58).
cost(1, 12, 53).
cost(1, 13, 62).
cost(1, 14, 63).
cost(1, 15, 49).
cost(1, 16, 46).
cost(1, 17, 73).
cost(1, 18, 80).
cost(1, 19, 69).
cost(1, 20, 67).
cost(2, 1, 6).
cost(2, 3, 10).
cost(2, 4, 2).
cost(2, 5, 60).
cost(2, 6, 83).
cost(2, 7, 80).
cost(2, 8, 91).
cost(2, 9, 56).
cost(2, 10, 56).
cost(2, 11, 52).
cost(2, 12, 47).
cost(2, 13, 57).
cost(2, 14, 58).
cost(2, 15, 43).
cost(2, 16, 41).
cost(2, 17, 69).
cost(2, 18, 76).
cost(2, 19, 65).
cost(2, 20, 63).
cost(3, 1, 9).
cost(3, 2, 10).
cost(3, 4, 10).
cost(3, 5, 61).
cost(3, 6, 85).
cost(3, 7, 80).
cost(3, 8, 92).
cost(3, 9, 61).
cost(3, 10, 62).
cost(3, 11, 58).
cost(3, 12, 54).
cost(3, 13, 66).
cost(3, 14, 66).
cost(3, 15, 51).
cost(3, 16, 50).
cost(3, 17, 64).
cost(3, 18, 72).
cost(3, 19, 61).
cost(3, 20, 59).
cost(4, 1, 5).
cost(4, 2, 2).
cost(4, 3, 10).
cost(4, 5, 61).
cost(4, 6, 85).
cost(4, 7, 81).
cost(4, 8, 92).
cost(4, 9, 57).
cost(4, 10, 58).
cost(4, 11, 53).
cost(4, 12, 49).
cost(4, 13, 58).
cost(4, 14, 59).
cost(4, 15, 44).
cost(4, 16, 42).
cost(4, 17, 70).
cost(4, 18, 77).
cost(4, 19, 66).
cost(4, 20, 64).
cost(5, 1, 66).
cost(5, 2, 60).
cost(5, 3, 61).
cost(5, 4, 61).
cost(5, 6, 24).
cost(5, 7, 20).
cost(5, 8, 31).
cost(5, 9, 26).
cost(5, 10, 31).
cost(5, 11, 32).
cost(5, 12, 36).
cost(5, 13, 60).
cost(5, 14, 60).
cost(5, 15, 47).
cost(5, 16, 59).
cost(5, 17, 42).
cost(5, 18, 39).
cost(5, 19, 29).
cost(5, 20, 31).
cost(6, 1, 90).
cost(6, 2, 83).
cost(6, 3, 85).
cost(6, 4, 85).
cost(6, 5, 24).
cost(6, 7, 13).
cost(6, 8, 8).
cost(6, 9, 37).
cost(6, 10, 41).
cost(6, 11, 45).
cost(6, 12, 51).
cost(6, 13, 70).
cost(6, 14, 70).
cost(6, 15, 62).
cost(6, 16, 75).
cost(6, 17, 56).
cost(6, 18, 49).
cost(6, 19, 44).
cost(6, 20, 47).
cost(7, 1, 85).
cost(7, 2, 80).
cost(7, 3, 80).
cost(7, 4, 81).
cost(7, 5, 20).
cost(7, 6, 13).
cost(7, 8, 14).
cost(7, 9, 42).
cost(7, 10, 46).
cost(7, 11, 49).
cost(7, 12, 54).
cost(7, 13, 76).
cost(7, 14, 76).
cost(7, 15, 65).
cost(7, 16, 77).
cost(7, 17, 43).
cost(7, 18, 36).
cost(7, 19, 32).
cost(7, 20, 35).
cost(8, 1, 97).
cost(8, 2, 91).
cost(8, 3, 92).
cost(8, 4, 92).
cost(8, 5, 31).
cost(8, 6, 8).
cost(8, 7, 14).
cost(8, 9, 46).
cost(8, 10, 49).
cost(8, 11, 53).
cost(8, 12, 59).
cost(8, 13, 79).
cost(8, 14, 78).
cost(8, 15, 70).
cost(8, 16, 83).
cost(8, 17, 57).
cost(8, 18, 49).
cost(8, 19, 46).
cost(8, 20, 49).
cost(9, 1, 62).
cost(9, 2, 56).
cost(9, 3, 61).
cost(9, 4, 57).
cost(9, 5, 26).
cost(9, 6, 37).
cost(9, 7, 42).
cost(9, 8, 46).
cost(9, 10, 5).
cost(9, 11, 7).
cost(9, 12, 14).
cost(9, 13, 34).
cost(9, 14, 34).
cost(9, 15, 25).
cost(9, 16, 38).
cost(9, 17, 66).
cost(9, 18, 65).
cost(9, 19, 54).
cost(9, 20, 55).
cost(10, 1, 63).
cost(10, 2, 56).
cost(10, 3, 62).
cost(10, 4, 58).
cost(10, 5, 31).
cost(10, 6, 41).
cost(10, 7, 46).
cost(10, 8, 49).
cost(10, 9, 5).
cost(10, 11, 5).
cost(10, 12, 11).
cost(10, 13, 30).
cost(10, 14, 30).
cost(10, 15, 22).
cost(10, 16, 34).
cost(10, 17, 71).
cost(10, 18, 70).
cost(10, 19, 59).
cost(10, 20, 60).
cost(11, 1, 58).
cost(11, 2, 52).
cost(11, 3, 58).
cost(11, 4, 53).
cost(11, 5, 32).
cost(11, 6, 45).
cost(11, 7, 49).
cost(11, 8, 53).
cost(11, 9, 7).
cost(11, 10, 5).
cost(11, 12, 6).
cost(11, 13, 27).
cost(11, 14, 28).
cost(11, 15, 18).
cost(11, 16, 30).
cost(11, 17, 71).
cost(11, 18, 70).
cost(11, 19, 59).
cost(11, 20, 59).
cost(12, 1, 53).
cost(12, 2, 47).
cost(12, 3, 54).
cost(12, 4, 49).
cost(12, 5, 36).
cost(12, 6, 51).
cost(12, 7, 54).
cost(12, 8, 59).
cost(12, 9, 14).
cost(12, 10, 11).
cost(12, 11, 6).
cost(12, 13, 23).
cost(12, 14, 24).
cost(12, 15, 11).
cost(12, 16, 24).
cost(12, 17, 73).
cost(12, 18, 73).
cost(12, 19, 61).
cost(12, 20, 62).
cost(13, 1, 62).
cost(13, 2, 57).
cost(13, 3, 66).
cost(13, 4, 58).
cost(13, 5, 60).
cost(13, 6, 70).
cost(13, 7, 76).
cost(13, 8, 79).
cost(13, 9, 34).
cost(13, 10, 30).
cost(13, 11, 27).
cost(13, 12, 23).
cost(13, 14, 1).
cost(13, 15, 17).
cost(13, 16, 17).
cost(13, 17, 96).
cost(13, 18, 97).
cost(13, 19, 85).
cost(13, 20, 85).
cost(14, 1, 63).
cost(14, 2, 58).
cost(14, 3, 66).
cost(14, 4, 59).
cost(14, 5, 60).
cost(14, 6, 70).
cost(14, 7, 76).
cost(14, 8, 78).
cost(14, 9, 34).
cost(14, 10, 30).
cost(14, 11, 28).
cost(14, 12, 24).
cost(14, 13, 1).
cost(14, 15, 18).
cost(14, 16, 18).
cost(14, 17, 96).
cost(14, 18, 97).
cost(14, 19, 85).
cost(14, 20, 85).
cost(15, 1, 49).
cost(15, 2, 43).
cost(15, 3, 51).
cost(15, 4, 44).
cost(15, 5, 47).
cost(15, 6, 62).
cost(15, 7, 65).
cost(15, 8, 70).
cost(15, 9, 25).
cost(15, 10, 22).
cost(15, 11, 18).
cost(15, 12, 11).
cost(15, 13, 17).
cost(15, 14, 18).
cost(15, 16, 13).
cost(15, 17, 80).
cost(15, 18, 82).
cost(15, 19, 69).
cost(15, 20, 69).
cost(16, 1, 46).
cost(16, 2, 41).
cost(16, 3, 50).
cost(16, 4, 42).
cost(16, 5, 59).
cost(16, 6, 75).
cost(16, 7, 77).
cost(16, 8, 83).
cost(16, 9, 38).
cost(16, 10, 34).
cost(16, 11, 30).
cost(16, 12, 24).
cost(16, 13, 17).
cost(16, 14, 18).
cost(16, 15, 13).
cost(16, 17, 89).
cost(16, 18, 92).
cost(16, 19, 79).
cost(16, 20, 79).
cost(17, 1, 73).
cost(17, 2, 69).
cost(17, 3, 64).
cost(17, 4, 70).
cost(17, 5, 42).
cost(17, 6, 56).
cost(17, 7, 43).
cost(17, 8, 57).
cost(17, 9, 66).
cost(17, 10, 71).
cost(17, 11, 71).
cost(17, 12, 73).
cost(17, 13, 96).
cost(17, 14, 96).
cost(17, 15, 80).
cost(17, 16, 89).
cost(17, 18, 10).
cost(17, 19, 13).
cost(17, 20, 11).
cost(18, 1, 80).
cost(18, 2, 76).
cost(18, 3, 72).
cost(18, 4, 77).
cost(18, 5, 39).
cost(18, 6, 49).
cost(18, 7, 36).
cost(18, 8, 49).
cost(18, 9, 65).
cost(18, 10, 70).
cost(18, 11, 70).
cost(18, 12, 73).
cost(18, 13, 97).
cost(18, 14, 97).
cost(18, 15, 82).
cost(18, 16, 92).
cost(18, 17, 10).
cost(18, 19, 12).
cost(18, 20, 13).
cost(19, 1, 69).
cost(19, 2, 65).
cost(19, 3, 61).
cost(19, 4, 66).
cost(19, 5, 29).
cost(19, 6, 44).
cost(19, 7, 32).
cost(19, 8, 46).
cost(19, 9, 54).
cost(19, 10, 59).
cost(19, 11, 59).
cost(19, 12, 61).
cost(19, 13, 85).
cost(19, 14, 85).
cost(19, 15, 69).
cost(19, 16, 79).
cost(19, 17, 13).
cost(19, 18, 12).
cost(19, 20, 3).
cost(20, 1, 67).
cost(20, 2, 63).
cost(20, 3, 59).
cost(20, 4, 64).
cost(20, 5, 31).
cost(20, 6, 47).
cost(20, 7, 35).
cost(20, 8, 49).
cost(20, 9, 55).
cost(20, 10, 60).
cost(20, 11, 59).
cost(20, 12, 62).
cost(20, 13, 85).
cost(20, 14, 85).
cost(20, 15, 69).
cost(20, 16, 79).
cost(20, 17, 11).
cost(20, 18, 13).
cost(20, 19, 3).
