dimension(22).
point(1, 19.0110319234, 23.60415351).
point(2, 76.1635712153, 55.997860045).
point(3, 90.7222876807, 47.5347590736).
point(4, 21.2989545517, 50.4370054068).
point(5, 7.378064407, 46.7824234848).
point(6, 74.448998974, 97.4945773712).
point(7, 29.9971681846, 35.1237393268).
point(8, 85.3321959278, 97.0562018974).
point(9, 94.1191817283, 64.269617099).
point(10, 6.9962993423, 23.5951581748).
point(11, 17.2532183214, 39.6056159834).
point(12, 26.4014881494, 25.0403129386).
point(13, 18.2871335305, 21.1980545232).
point(14, 67.3746130651, 71.2446917804).
point(15, 27.1134392352, 59.6656157121).
point(16, 11.313639044, 60.5083761656).
point(17, 26.1036725812, 45.9234719666).
point(18, 87.6853586916, 66.7060855364).
point(19, 60.7771709538, 90.5394660281).
point(20, 85.123402394, 56.1888587642).
point(21, 89.6016893379, 88.2423620848).
point(22, 78.1057652692, 72.8225017727).
cost(1, 2, 66).
cost(1, 3, 76).
cost(1, 4, 27).
cost(1, 5, 26).
cost(1, 6, 92).
cost(1, 7, 16).
cost(1, 8, 99).
cost(1, 9, 85).
cost(1, 10, 12).
cost(1, 11, 16).
cost(1, 12, 8).
cost(1, 13, 3).
cost(1, 14, 68).
cost(1, 15, 37).
cost(1, 16, 38).
cost(1, 17, 23).
cost(1, 18, 81).
cost(1, 19, 79).
cost(1, 20, 74).
cost(1, 21, 96).
cost(1, 22, 77).
cost(2, 1, 66).
cost(2, 3, 17).
cost(2, 4, 55).
cost(2, 5, 69).
cost(2, 6, 42).
cost(2, 7, 51).
cost(2, 8, 42).
cost(2, 9, 20).
cost(2, 10, 76).
cost(2, 11, 61).
cost(2, 12, 59).
cost(2, 13, 68).
cost(2, 14, 18).
cost(2, 15, 49).
cost(2, 16, 65).
cost(2, 17, 51).
cost(2, 18, 16).
cost(2, 19, 38).
cost(2, 20, 9).
cost(2, 21, 35).
cost(2, 22, 17).
cost(3, 1, 76).
cost(3, 2, 17).
cost(3, 4, 69).
cost(3, 5, 83).
cost(3, 6, 53).
cost(3, 7, 62).
cost(3, 8, 50).
cost(3, 9, 17).
cost(3, 10, 87).
cost(3, 11, 74).
cost(3, 12, 68).
cost(3, 13, 77).
cost(3, 14, 33).
cost(3, 15, 65).
cost(3, 16, 80).
cost(3, 17, 65).
cost(3, 18, 19).
cost(3, 19, 52).
cost(3, 20, 10).
cost(3, 21, 41).
cost(3, 22, 28).
cost(4, 1, 27).
cost(4, 2, 55).
cost(4, 3, 69).
cost(4, 5, 14).
cost(4, 6, 71).
cost(4, 7, 18).
cost(4, 8, 79).
cost(4, 9, 74).
cost(4, 10, 30).
cost(4, 11, 12).
cost(4, 12, 26).
cost(4, 13, 29).
cost(4, 14, 51).
cost(4, 15, 11).
cost(4, 16, 14).
cost(4, 17, 7).
cost(4, 18, 68).
cost(4, 19, 56).
cost(4, 20, 64).
cost(4, 21, 78).
cost(4, 22, 61).
cost(5, 1, 26).
cost(5, 2, 69).
cost(5, 3, 83).
cost(5, 4, 14).
cost(5, 6, 84).
cost(5, 7, 25).
cost(5, 8, 93).
cost(5, 9, 88).
cost(5, 10, 23).
cost(5, 11, 12).
cost(5, 12, 29).
cost(5, 13, 28).
cost(5, 14, 65).
cost(5, 15, 24).
cost(5, 16, 14).
cost(5, 17, 19).
cost(5, 18, 83).
cost(5, 19, 69).
cost(5, 20, 78).
cost(5, 21, 92).
cost(5, 22, 75).
cost(6, 1, 92).
cost(6, 2, 42).
cost(6, 3, 53).
cost(6, 4, 71).
cost(6, 5, 84).
cost(6, 7, 77).
cost(6, 8, 11).
cost(6, 9, 39).
cost(6, 10, 100).
cost(6, 11, 81).
cost(6, 12, 87).
cost(6, 13, 95).
cost(6, 14, 27).
cost(6, 15, 61).
cost(6, 16, 73).
cost(6, 17, 71).
cost(6, 18, 34).
cost(6, 19, 15).
cost(6, 20, 43).
cost(6, 21, 18).
cost(6, 22, 25).
cost(7, 1, 16).
cost(7, 2, 51).
cost(7, 3, 62).
cost(7, 4, 18).
cost(7, 5, 25).
cost(7, 6, 77).
cost(7, 8, 83).
cost(7, 9, 70).
cost(7, 10, 26).
cost(7, 11, 14).
cost(7, 12, 11).
cost(7, 13, 18).
cost(7, 14, 52).
cost(7, 15, 25).
cost(7, 16, 32).
cost(7, 17, 11).
cost(7, 18, 66).
cost(7, 19, 63).
cost(7, 20, 59).
cost(7, 21, 80).
cost(7, 22, 61).
cost(8, 1, 99).
cost(8, 2, 42).
cost(8, 3, 50).
cost(8, 4, 79).
cost(8, 5, 93).
cost(8, 6, 11).
cost(8, 7, 83).
cost(8, 9, 34).
cost(8, 10, 107).
cost(8, 11, 89).
cost(8, 12, 93).
cost(8, 13, 101).
cost(8, 14, 31).
cost(8, 15, 69).
cost(8, 16, 83).
cost(8, 17, 78).
cost(8, 18, 30).
cost(8, 19, 25).
cost(8, 20, 41).
cost(8, 21, 10).
cost(8, 22, 25).
cost(9, 1, 85).
cost(9, 2, 20).
cost(9, 3, 17).
cost(9, 4, 74).
cost(9, 5, 88).
cost(9, 6, 39).
cost(9, 7, 70).
cost(9, 8, 34).
cost(9, 10, 96).
cost(9, 11, 81).
cost(9, 12, 78).
cost(9, 13, 87).
cost(9, 14, 28).
cost(9, 15, 67).
cost(9, 16, 83).
cost(9, 17, 70).
cost(9, 18, 7).
cost(9, 19, 42).
cost(9, 20, 12).
cost(9, 21, 24).
cost(9, 22, 18).
cost(10, 1, 12).
cost(10, 2, 76).
cost(10, 3, 87).
cost(10, 4, 30).
cost(10, 5, 23).
cost(10, 6, 100).
cost(10, 7, 26).
cost(10, 8, 107).
cost(10, 9, 96).
cost(10, 11, 19).
cost(10, 12, 19).
cost(10, 13, 12).
cost(10, 14, 77).
cost(10, 15, 41).
cost(10, 16, 37).
cost(10, 17, 29).
cost(10, 18, 91).
cost(10, 19, 86).
cost(10, 20, 85).
cost(10, 21, 105).
cost(10, 22, 86).
cost(11, 1, 16).
cost(11, 2, 61).
cost(11, 3, 74).
cost(11, 4, 12).
cost(11, 5, 12).
cost(11, 6, 81).
cost(11, 7, 14).
cost(11, 8, 89).
cost(11, 9, 81).
cost(11, 10, 19).
cost(11, 12, 17).
cost(11, 13, 18).
cost(11, 14, 59).
cost(11, 15, 22).
cost(11, 16, 22).
cost(11, 17, 11).
cost(11, 18, 75).
cost(11, 19, 67).
cost(11, 20, 70).
cost(11, 21, 87).
cost(11, 22, 69).
cost(12, 1, 8).
cost(12, 2, 59).
cost(12, 3, 68).
cost(12, 4, 26).
cost(12, 5, 29).
cost(12, 6, 87).
cost(12, 7, 11).
cost(12, 8, 93).
cost(12, 9, 78).
cost(12, 10, 19).
cost(12, 11, 17).
cost(12, 13, 9).
cost(12, 14, 62).
cost(12, 15, 35).
cost(12, 16, 39).
cost(12, 17, 21).
cost(12, 18, 74).
cost(12, 19, 74).
cost(12, 20, 66).
cost(12, 21, 89).
cost(12, 22, 70).
cost(13, 1, 3).
cost(13, 2, 68).
cost(13, 3, 77).
cost(13, 4, 29).
cost(13, 5, 28).
cost(13, 6, 95).
cost(13, 7, 18).
cost(13, 8, 101).
cost(13, 9, 87).
cost(13, 10, 12).
cost(13, 11, 18).
cost(13, 12, 9).
cost(13, 14, 70).
cost(13, 15, 39).
cost(13, 16, 40).
cost(13, 17, 26).
cost(13, 18, 83).
cost(13, 19, 81).
cost(13, 20, 75).
cost(13, 21, 98).
cost(13, 22, 79).
cost(14, 1, 68).
cost(14, 2, 18).
cost(14, 3, 33).
cost(14, 4, 51).
cost(14, 5, 65).
cost(14, 6, 27).
cost(14, 7, 52).
cost(14, 8, 31).
cost(14, 9, 28).
cost(14, 10, 77).
cost(14, 11, 59).
cost(14, 12, 62).
cost(14, 13, 70).
cost(14, 15, 42).
cost(14, 16, 57).
cost(14, 17, 48).
cost(14, 18, 21).
cost(14, 19, 20).
cost(14, 20, 23).
cost(14, 21, 28).
cost(14, 22, 11).
cost(15, 1, 37).
cost(15, 2, 49).
cost(15, 3, 65).
cost(15, 4, 11).
cost(15, 5, 24).
cost(15, 6, 61).
cost(15, 7, 25).
cost(15, 8, 69).
cost(15, 9, 67).
cost(15, 10, 41).
cost(15, 11, 22).
cost(15, 12, 35).
cost(15, 13, 39).
cost(15, 14, 42).
cost(15, 16, 16).
cost(15, 17, 14).
cost(15, 18, 61).
cost(15, 19, 46).
cost(15, 20, 58).
cost(15, 21, 69).
cost(15, 22, 53).
cost(16, 1, 38).
cost(16, 2, 65).
cost(16, 3, 80).
cost(16, 4, 14).
cost(16, 5, 14).
cost(16, 6, 73).
cost(16, 7, 32).
cost(16, 8, 83).
cost(16, 9, 83).
cost(16, 10, 37).
cost(16, 11, 22).
cost(16, 12, 39).
cost(16, 13, 40).
cost(16, 14, 57).
cost(16, 15, 16).
cost(16, 17, 21).
cost(16, 18, 77).
cost(16, 19, 58).
cost(16, 20, 74).
cost(16, 21, 83).
cost(16, 22, 68).
cost(17, 1, 23).
cost(17, 2, 51).
cost(17, 3, 65).
cost(17, 4, 7).
cost(17, 5, 19).
cost(17, 6, 71).
cost(17, 7, 11).
cost(17, 8, 78).
cost(17, 9, 70).
cost(17, 10, 29).
cost(17, 11, 11).
cost(17, 12, 21).
cost(17, 13, 26).
cost(17, 14, 48).
cost(17, 15, 14).
cost(17, 16, 21).
cost(17, 18, 65).
cost(17, 19, 57).
cost(17, 20, 60).
cost(17, 21, 76).
cost(17, 22, 59).
cost(18, 1, 81).
cost(18, 2, 16).
cost(18, 3, 19).
cost(18, 4, 68).
cost(18, 5, 83).
cost(18, 6, 34).
cost(18, 7, 66).
cost(18, 8, 30).
cost(18, 9, 7).
cost(18, 10, 91).
cost(18, 11, 75).
cost(18, 12, 74).
cost(18, 13, 83).
cost(18, 14, 21).
cost(18, 15, 61).
cost(18, 16, 77).
cost(18, 17, 65).
cost(18, 19, 36).
cost(18, 20, 11).
cost(18, 21, 22).
cost(18, 22, 11).
cost(19, 1, 79).
cost(19, 2, 38).
cost(19, 3, 52).
cost(19, 4, 56).
cost(19, 5, 69).
cost(19, 6, 15).
cost(19, 7, 63).
cost(19, 8, 25).
cost(19, 9, 42).
cost(19, 10, 86).
cost(19, 11, 67).
cost(19, 12, 74).
cost(19, 13, 81).
cost(19, 14, 20).
cost(19, 15, 46).
cost(19, 16, 58).
cost(19, 17, 57).
cost(19, 18, 36).
cost(19, 20, 42).
cost(19, 21, 29).
cost(19, 22, 25).
cost(20, 1, 74).
cost(20, 2, 9).
cost(20, 3, 10).
cost(20, 4, 64).
cost(20, 5, 78).
cost(20, 6, 43).
cost(20, 7, 59).
cost(20, 8, 41).
cost(20, 9, 12).
cost(20, 10, 85).
cost(20, 11, 70).
cost(20, 12, 66).
cost(20, 13, 75).
cost(20, 14, 23).
cost(20, 15, 58).
cost(20, 16, 74).
cost(20, 17, 60).
cost(20, 18, 11).
cost(20, 19, 42).
cost(20, 21, 32).
cost(20, 22, 18).
cost(21, 1, 96).
cost(21, 2, 35).
cost(21, 3, 41).
cost(21, 4, 78).
cost(21, 5, 92).
cost(21, 6, 18).
cost(21, 7, 80).
cost(21, 8, 10).
cost(21, 9, 24).
cost(21, 10, 105).
cost(21, 11, 87).
cost(21, 12, 89).
cost(21, 13, 98).
cost(21, 14, 28).
cost(21, 15, 69).
cost(21, 16, 83).
cost(21, 17, 76).
cost(21, 18, 22).
cost(21, 19, 29).
cost(21, 20, 32).
cost(21, 22, 19).
cost(22, 1, 77).
cost(22, 2, 17).
cost(22, 3, 28).
cost(22, 4, 61).
cost(22, 5, 75).
cost(22, 6, 25).
cost(22, 7, 61).
cost(22, 8, 25).
cost(22, 9, 18).
cost(22, 10, 86).
cost(22, 11, 69).
cost(22, 12, 70).
cost(22, 13, 79).
cost(22, 14, 11).
cost(22, 15, 53).
cost(22, 16, 68).
cost(22, 17, 59).
cost(22, 18, 11).
cost(22, 19, 25).
cost(22, 20, 18).
cost(22, 21, 19).
nocross(1,4).
nocross(1,5).
nocross(1,7).
nocross(1,10).
nocross(1,11).
nocross(1,12).
nocross(1,13).
nocross(1,15).
nocross(1,16).
nocross(1,17).
nocross(2,3).
nocross(2,9).
nocross(2,14).
nocross(2,18).
nocross(2,19).
nocross(2,20).
nocross(2,22).
nocross(3,2).
nocross(3,9).
nocross(3,14).
nocross(3,18).
nocross(3,20).
nocross(3,21).
nocross(3,22).
nocross(4,1).
nocross(4,5).
nocross(4,7).
nocross(4,10).
nocross(4,11).
nocross(4,12).
nocross(4,13).
nocross(4,15).
nocross(4,16).
nocross(4,17).
nocross(5,1).
nocross(5,4).
nocross(5,7).
nocross(5,10).
nocross(5,11).
nocross(5,12).
nocross(5,13).
nocross(5,15).
nocross(5,16).
nocross(5,17).
nocross(6,8).
nocross(6,9).
nocross(6,14).
nocross(6,18).
nocross(6,19).
nocross(6,21).
nocross(6,22).
nocross(7,1).
nocross(7,4).
nocross(7,5).
nocross(7,10).
nocross(7,11).
nocross(7,12).
nocross(7,13).
nocross(7,15).
nocross(7,16).
nocross(7,17).
nocross(8,2).
nocross(8,6).
nocross(8,9).
nocross(8,14).
nocross(8,18).
nocross(8,19).
nocross(8,20).
nocross(8,21).
nocross(8,22).
nocross(9,2).
nocross(9,3).
nocross(9,8).
nocross(9,14).
nocross(9,18).
nocross(9,20).
nocross(9,21).
nocross(9,22).
nocross(10,1).
nocross(10,4).
nocross(10,5).
nocross(10,7).
nocross(10,11).
nocross(10,12).
nocross(10,13).
nocross(10,15).
nocross(10,16).
nocross(10,17).
nocross(11,1).
nocross(11,4).
nocross(11,5).
nocross(11,7).
nocross(11,10).
nocross(11,12).
nocross(11,13).
nocross(11,15).
nocross(11,16).
nocross(11,17).
nocross(12,1).
nocross(12,4).
nocross(12,5).
nocross(12,7).
nocross(12,10).
nocross(12,11).
nocross(12,13).
nocross(12,15).
nocross(12,16).
nocross(12,17).
nocross(13,1).
nocross(13,4).
nocross(13,5).
nocross(13,7).
nocross(13,10).
nocross(13,11).
nocross(13,12).
nocross(13,15).
nocross(13,16).
nocross(13,17).
nocross(14,2).
nocross(14,3).
nocross(14,6).
nocross(14,8).
nocross(14,9).
nocross(14,15).
nocross(14,18).
nocross(14,19).
nocross(14,20).
nocross(14,21).
nocross(14,22).
nocross(15,1).
nocross(15,4).
nocross(15,5).
nocross(15,7).
nocross(15,10).
nocross(15,11).
nocross(15,12).
nocross(15,13).
nocross(15,14).
nocross(15,16).
nocross(15,17).
nocross(15,19).
nocross(16,1).
nocross(16,4).
nocross(16,5).
nocross(16,7).
nocross(16,10).
nocross(16,11).
nocross(16,12).
nocross(16,13).
nocross(16,15).
nocross(16,17).
nocross(17,1).
nocross(17,4).
nocross(17,5).
nocross(17,7).
nocross(17,10).
nocross(17,11).
nocross(17,12).
nocross(17,13).
nocross(17,15).
nocross(17,16).
nocross(18,2).
nocross(18,3).
nocross(18,6).
nocross(18,8).
nocross(18,9).
nocross(18,14).
nocross(18,19).
nocross(18,20).
nocross(18,21).
nocross(18,22).
nocross(19,2).
nocross(19,6).
nocross(19,8).
nocross(19,9).
nocross(19,14).
nocross(19,15).
nocross(19,18).
nocross(19,20).
nocross(19,21).
nocross(19,22).
nocross(20,2).
nocross(20,3).
nocross(20,8).
nocross(20,9).
nocross(20,14).
nocross(20,18).
nocross(20,19).
nocross(20,21).
nocross(20,22).
nocross(21,2).
nocross(21,3).
nocross(21,6).
nocross(21,8).
nocross(21,9).
nocross(21,14).
nocross(21,18).
nocross(21,19).
nocross(21,20).
nocross(21,22).
nocross(22,2).
nocross(22,3).
nocross(22,6).
nocross(22,8).
nocross(22,9).
nocross(22,14).
nocross(22,18).
nocross(22,19).
nocross(22,20).
nocross(22,21).
