dimension(22).
point(1, 48.2332314271, 70.2420229106).
point(2, 57.9959906124, 33.1604846707).
point(3, 86.2701872197, 59.9636397833).
point(4, 59.7820381443, 96.9700175186).
point(5, 65.9547688272, 27.0659981031).
point(6, 79.8692071914, 56.6575089833).
point(7, 40.0961308268, 72.5657819216).
point(8, 95.0903457381, 67.5005500562).
point(9, 87.4202228875, 27.6129616122).
point(10, 79.6723080408, 55.0624176812).
point(11, 46.5749385902, 94.9052452214).
point(12, 30.9083098195, 53.0721963261).
point(13, 62.0256684314, 41.5324350162).
point(14, 76.4391685307, 40.6477741385).
point(15, 24.4656366697, 96.9390007487).
point(16, 95.2618923078, 71.9796608433).
point(17, 20.3468257802, 63.7466149414).
point(18, 29.5381453308, 78.6176890169).
point(19, 31.2561063391, 93.802593995).
point(20, 74.0345380801, 36.9485122264).
point(21, 33.4794397073, 66.368391093).
point(22, 41.8076719862, 91.51238405).
cost(1, 2, 38).
cost(1, 3, 39).
cost(1, 4, 29).
cost(1, 5, 47).
cost(1, 6, 34).
cost(1, 7, 8).
cost(1, 8, 47).
cost(1, 9, 58).
cost(1, 10, 35).
cost(1, 11, 25).
cost(1, 12, 24).
cost(1, 13, 32).
cost(1, 14, 41).
cost(1, 15, 36).
cost(1, 16, 47).
cost(1, 17, 29).
cost(1, 18, 20).
cost(1, 19, 29).
cost(1, 20, 42).
cost(1, 21, 15).
cost(1, 22, 22).
cost(2, 1, 38).
cost(2, 3, 39).
cost(2, 4, 64).
cost(2, 5, 10).
cost(2, 6, 32).
cost(2, 7, 43).
cost(2, 8, 51).
cost(2, 9, 30).
cost(2, 10, 31).
cost(2, 11, 63).
cost(2, 12, 34).
cost(2, 13, 9).
cost(2, 14, 20).
cost(2, 15, 72).
cost(2, 16, 54).
cost(2, 17, 49).
cost(2, 18, 54).
cost(2, 19, 66).
cost(2, 20, 16).
cost(2, 21, 41).
cost(2, 22, 61).
cost(3, 1, 39).
cost(3, 2, 39).
cost(3, 4, 46).
cost(3, 5, 39).
cost(3, 6, 7).
cost(3, 7, 48).
cost(3, 8, 12).
cost(3, 9, 32).
cost(3, 10, 8).
cost(3, 11, 53).
cost(3, 12, 56).
cost(3, 13, 30).
cost(3, 14, 22).
cost(3, 15, 72).
cost(3, 16, 15).
cost(3, 17, 66).
cost(3, 18, 60).
cost(3, 19, 65).
cost(3, 20, 26).
cost(3, 21, 53).
cost(3, 22, 55).
cost(4, 1, 29).
cost(4, 2, 64).
cost(4, 3, 46).
cost(4, 5, 70).
cost(4, 6, 45).
cost(4, 7, 31).
cost(4, 8, 46).
cost(4, 9, 75).
cost(4, 10, 46).
cost(4, 11, 13).
cost(4, 12, 53).
cost(4, 13, 55).
cost(4, 14, 59).
cost(4, 15, 35).
cost(4, 16, 43).
cost(4, 17, 52).
cost(4, 18, 35).
cost(4, 19, 29).
cost(4, 20, 62).
cost(4, 21, 40).
cost(4, 22, 19).
cost(5, 1, 47).
cost(5, 2, 10).
cost(5, 3, 39).
cost(5, 4, 70).
cost(5, 6, 33).
cost(5, 7, 52).
cost(5, 8, 50).
cost(5, 9, 21).
cost(5, 10, 31).
cost(5, 11, 71).
cost(5, 12, 44).
cost(5, 13, 15).
cost(5, 14, 17).
cost(5, 15, 81).
cost(5, 16, 54).
cost(5, 17, 59).
cost(5, 18, 63).
cost(5, 19, 75).
cost(5, 20, 13).
cost(5, 21, 51).
cost(5, 22, 69).
cost(6, 1, 34).
cost(6, 2, 32).
cost(6, 3, 7).
cost(6, 4, 45).
cost(6, 5, 33).
cost(6, 7, 43).
cost(6, 8, 19).
cost(6, 9, 30).
cost(6, 10, 2).
cost(6, 11, 51).
cost(6, 12, 49).
cost(6, 13, 23).
cost(6, 14, 16).
cost(6, 15, 68).
cost(6, 16, 22).
cost(6, 17, 60).
cost(6, 18, 55).
cost(6, 19, 61).
cost(6, 20, 21).
cost(6, 21, 47).
cost(6, 22, 52).
cost(7, 1, 8).
cost(7, 2, 43).
cost(7, 3, 48).
cost(7, 4, 31).
cost(7, 5, 52).
cost(7, 6, 43).
cost(7, 8, 55).
cost(7, 9, 65).
cost(7, 10, 43).
cost(7, 11, 23).
cost(7, 12, 22).
cost(7, 13, 38).
cost(7, 14, 48).
cost(7, 15, 29).
cost(7, 16, 55).
cost(7, 17, 22).
cost(7, 18, 12).
cost(7, 19, 23).
cost(7, 20, 49).
cost(7, 21, 9).
cost(7, 22, 19).
cost(8, 1, 47).
cost(8, 2, 51).
cost(8, 3, 12).
cost(8, 4, 46).
cost(8, 5, 50).
cost(8, 6, 19).
cost(8, 7, 55).
cost(8, 9, 41).
cost(8, 10, 20).
cost(8, 11, 56).
cost(8, 12, 66).
cost(8, 13, 42).
cost(8, 14, 33).
cost(8, 15, 77).
cost(8, 16, 4).
cost(8, 17, 75).
cost(8, 18, 66).
cost(8, 19, 69).
cost(8, 20, 37).
cost(8, 21, 62).
cost(8, 22, 58).
cost(9, 1, 58).
cost(9, 2, 30).
cost(9, 3, 32).
cost(9, 4, 75).
cost(9, 5, 21).
cost(9, 6, 30).
cost(9, 7, 65).
cost(9, 8, 41).
cost(9, 10, 29).
cost(9, 11, 79).
cost(9, 12, 62).
cost(9, 13, 29).
cost(9, 14, 17).
cost(9, 15, 94).
cost(9, 16, 45).
cost(9, 17, 76).
cost(9, 18, 77).
cost(9, 19, 87).
cost(9, 20, 16).
cost(9, 21, 66).
cost(9, 22, 79).
cost(10, 1, 35).
cost(10, 2, 31).
cost(10, 3, 8).
cost(10, 4, 46).
cost(10, 5, 31).
cost(10, 6, 2).
cost(10, 7, 43).
cost(10, 8, 20).
cost(10, 9, 29).
cost(10, 11, 52).
cost(10, 12, 49).
cost(10, 13, 22).
cost(10, 14, 15).
cost(10, 15, 69).
cost(10, 16, 23).
cost(10, 17, 60).
cost(10, 18, 55).
cost(10, 19, 62).
cost(10, 20, 19).
cost(10, 21, 48).
cost(10, 22, 53).
cost(11, 1, 25).
cost(11, 2, 63).
cost(11, 3, 53).
cost(11, 4, 13).
cost(11, 5, 71).
cost(11, 6, 51).
cost(11, 7, 23).
cost(11, 8, 56).
cost(11, 9, 79).
cost(11, 10, 52).
cost(11, 12, 45).
cost(11, 13, 56).
cost(11, 14, 62).
cost(11, 15, 22).
cost(11, 16, 54).
cost(11, 17, 41).
cost(11, 18, 24).
cost(11, 19, 15).
cost(11, 20, 64).
cost(11, 21, 31).
cost(11, 22, 6).
cost(12, 1, 24).
cost(12, 2, 34).
cost(12, 3, 56).
cost(12, 4, 53).
cost(12, 5, 44).
cost(12, 6, 49).
cost(12, 7, 22).
cost(12, 8, 66).
cost(12, 9, 62).
cost(12, 10, 49).
cost(12, 11, 45).
cost(12, 13, 33).
cost(12, 14, 47).
cost(12, 15, 44).
cost(12, 16, 67).
cost(12, 17, 15).
cost(12, 18, 26).
cost(12, 19, 41).
cost(12, 20, 46).
cost(12, 21, 14).
cost(12, 22, 40).
cost(13, 1, 32).
cost(13, 2, 9).
cost(13, 3, 30).
cost(13, 4, 55).
cost(13, 5, 15).
cost(13, 6, 23).
cost(13, 7, 38).
cost(13, 8, 42).
cost(13, 9, 29).
cost(13, 10, 22).
cost(13, 11, 56).
cost(13, 12, 33).
cost(13, 14, 14).
cost(13, 15, 67).
cost(13, 16, 45).
cost(13, 17, 47).
cost(13, 18, 49).
cost(13, 19, 61).
cost(13, 20, 13).
cost(13, 21, 38).
cost(13, 22, 54).
cost(14, 1, 41).
cost(14, 2, 20).
cost(14, 3, 22).
cost(14, 4, 59).
cost(14, 5, 17).
cost(14, 6, 16).
cost(14, 7, 48).
cost(14, 8, 33).
cost(14, 9, 17).
cost(14, 10, 15).
cost(14, 11, 62).
cost(14, 12, 47).
cost(14, 13, 14).
cost(14, 15, 77).
cost(14, 16, 37).
cost(14, 17, 61).
cost(14, 18, 60).
cost(14, 19, 70).
cost(14, 20, 4).
cost(14, 21, 50).
cost(14, 22, 62).
cost(15, 1, 36).
cost(15, 2, 72).
cost(15, 3, 72).
cost(15, 4, 35).
cost(15, 5, 81).
cost(15, 6, 68).
cost(15, 7, 29).
cost(15, 8, 77).
cost(15, 9, 94).
cost(15, 10, 69).
cost(15, 11, 22).
cost(15, 12, 44).
cost(15, 13, 67).
cost(15, 14, 77).
cost(15, 16, 75).
cost(15, 17, 33).
cost(15, 18, 19).
cost(15, 19, 7).
cost(15, 20, 78).
cost(15, 21, 32).
cost(15, 22, 18).
cost(16, 1, 47).
cost(16, 2, 54).
cost(16, 3, 15).
cost(16, 4, 43).
cost(16, 5, 54).
cost(16, 6, 22).
cost(16, 7, 55).
cost(16, 8, 4).
cost(16, 9, 45).
cost(16, 10, 23).
cost(16, 11, 54).
cost(16, 12, 67).
cost(16, 13, 45).
cost(16, 14, 37).
cost(16, 15, 75).
cost(16, 17, 75).
cost(16, 18, 66).
cost(16, 19, 68).
cost(16, 20, 41).
cost(16, 21, 62).
cost(16, 22, 57).
cost(17, 1, 29).
cost(17, 2, 49).
cost(17, 3, 66).
cost(17, 4, 52).
cost(17, 5, 59).
cost(17, 6, 60).
cost(17, 7, 22).
cost(17, 8, 75).
cost(17, 9, 76).
cost(17, 10, 60).
cost(17, 11, 41).
cost(17, 12, 15).
cost(17, 13, 47).
cost(17, 14, 61).
cost(17, 15, 33).
cost(17, 16, 75).
cost(17, 18, 17).
cost(17, 19, 32).
cost(17, 20, 60).
cost(17, 21, 13).
cost(17, 22, 35).
cost(18, 1, 20).
cost(18, 2, 54).
cost(18, 3, 60).
cost(18, 4, 35).
cost(18, 5, 63).
cost(18, 6, 55).
cost(18, 7, 12).
cost(18, 8, 66).
cost(18, 9, 77).
cost(18, 10, 55).
cost(18, 11, 24).
cost(18, 12, 26).
cost(18, 13, 49).
cost(18, 14, 60).
cost(18, 15, 19).
cost(18, 16, 66).
cost(18, 17, 17).
cost(18, 19, 15).
cost(18, 20, 61).
cost(18, 21, 13).
cost(18, 22, 18).
cost(19, 1, 29).
cost(19, 2, 66).
cost(19, 3, 65).
cost(19, 4, 29).
cost(19, 5, 75).
cost(19, 6, 61).
cost(19, 7, 23).
cost(19, 8, 69).
cost(19, 9, 87).
cost(19, 10, 62).
cost(19, 11, 15).
cost(19, 12, 41).
cost(19, 13, 61).
cost(19, 14, 70).
cost(19, 15, 7).
cost(19, 16, 68).
cost(19, 17, 32).
cost(19, 18, 15).
cost(19, 20, 71).
cost(19, 21, 28).
cost(19, 22, 11).
cost(20, 1, 42).
cost(20, 2, 16).
cost(20, 3, 26).
cost(20, 4, 62).
cost(20, 5, 13).
cost(20, 6, 21).
cost(20, 7, 49).
cost(20, 8, 37).
cost(20, 9, 16).
cost(20, 10, 19).
cost(20, 11, 64).
cost(20, 12, 46).
cost(20, 13, 13).
cost(20, 14, 4).
cost(20, 15, 78).
cost(20, 16, 41).
cost(20, 17, 60).
cost(20, 18, 61).
cost(20, 19, 71).
cost(20, 21, 50).
cost(20, 22, 63).
cost(21, 1, 15).
cost(21, 2, 41).
cost(21, 3, 53).
cost(21, 4, 40).
cost(21, 5, 51).
cost(21, 6, 47).
cost(21, 7, 9).
cost(21, 8, 62).
cost(21, 9, 66).
cost(21, 10, 48).
cost(21, 11, 31).
cost(21, 12, 14).
cost(21, 13, 38).
cost(21, 14, 50).
cost(21, 15, 32).
cost(21, 16, 62).
cost(21, 17, 13).
cost(21, 18, 13).
cost(21, 19, 28).
cost(21, 20, 50).
cost(21, 22, 26).
cost(22, 1, 22).
cost(22, 2, 61).
cost(22, 3, 55).
cost(22, 4, 19).
cost(22, 5, 69).
cost(22, 6, 52).
cost(22, 7, 19).
cost(22, 8, 58).
cost(22, 9, 79).
cost(22, 10, 53).
cost(22, 11, 6).
cost(22, 12, 40).
cost(22, 13, 54).
cost(22, 14, 62).
cost(22, 15, 18).
cost(22, 16, 57).
cost(22, 17, 35).
cost(22, 18, 18).
cost(22, 19, 11).
cost(22, 20, 63).
cost(22, 21, 26).
nocross(1,4).
nocross(1,6).
nocross(1,7).
nocross(1,10).
nocross(1,11).
nocross(1,12).
nocross(1,13).
nocross(1,17).
nocross(1,18).
nocross(1,19).
nocross(1,21).
nocross(1,22).
nocross(2,5).
nocross(2,6).
nocross(2,9).
nocross(2,10).
nocross(2,12).
nocross(2,13).
nocross(2,14).
nocross(2,20).
nocross(3,6).
nocross(3,8).
nocross(3,9).
nocross(3,10).
nocross(3,13).
nocross(3,14).
nocross(3,16).
nocross(3,20).
nocross(4,1).
nocross(4,7).
nocross(4,11).
nocross(4,15).
nocross(4,16).
nocross(4,19).
nocross(4,22).
nocross(5,2).
nocross(5,9).
nocross(5,10).
nocross(5,12).
nocross(5,13).
nocross(5,14).
nocross(5,20).
nocross(6,1).
nocross(6,3).
nocross(6,8).
nocross(6,10).
nocross(6,13).
nocross(6,14).
nocross(6,16).
nocross(6,20).
nocross(7,1).
nocross(7,11).
nocross(7,12).
nocross(7,15).
nocross(7,17).
nocross(7,18).
nocross(7,19).
nocross(7,21).
nocross(7,22).
nocross(8,3).
nocross(8,6).
nocross(8,9).
nocross(8,10).
nocross(8,14).
nocross(8,16).
nocross(9,2).
nocross(9,3).
nocross(9,5).
nocross(9,6).
nocross(9,8).
nocross(9,10).
nocross(9,13).
nocross(9,14).
nocross(9,20).
nocross(10,1).
nocross(10,2).
nocross(10,3).
nocross(10,6).
nocross(10,8).
nocross(10,9).
nocross(10,13).
nocross(10,14).
nocross(10,20).
nocross(11,1).
nocross(11,4).
nocross(11,7).
nocross(11,15).
nocross(11,18).
nocross(11,19).
nocross(11,22).
nocross(12,1).
nocross(12,2).
nocross(12,5).
nocross(12,7).
nocross(12,13).
nocross(12,17).
nocross(12,18).
nocross(12,21).
nocross(12,22).
nocross(13,1).
nocross(13,2).
nocross(13,3).
nocross(13,5).
nocross(13,6).
nocross(13,9).
nocross(13,10).
nocross(13,12).
nocross(13,14).
nocross(13,20).
nocross(14,2).
nocross(14,3).
nocross(14,5).
nocross(14,6).
nocross(14,8).
nocross(14,9).
nocross(14,10).
nocross(14,13).
nocross(14,16).
nocross(14,20).
nocross(15,1).
nocross(15,4).
nocross(15,7).
nocross(15,11).
nocross(15,17).
nocross(15,18).
nocross(15,19).
nocross(15,21).
nocross(15,22).
nocross(16,3).
nocross(16,6).
nocross(16,8).
nocross(16,10).
nocross(17,1).
nocross(17,7).
nocross(17,11).
nocross(17,12).
nocross(17,15).
nocross(17,18).
nocross(17,19).
nocross(17,21).
nocross(17,22).
nocross(18,1).
nocross(18,7).
nocross(18,11).
nocross(18,12).
nocross(18,15).
nocross(18,17).
nocross(18,19).
nocross(18,21).
nocross(18,22).
nocross(19,1).
nocross(19,4).
nocross(19,7).
nocross(19,11).
nocross(19,15).
nocross(19,17).
nocross(19,18).
nocross(19,21).
nocross(19,22).
nocross(20,2).
nocross(20,3).
nocross(20,5).
nocross(20,6).
nocross(20,9).
nocross(20,10).
nocross(20,13).
nocross(20,14).
nocross(21,1).
nocross(21,7).
nocross(21,11).
nocross(21,12).
nocross(21,15).
nocross(21,17).
nocross(21,18).
nocross(21,19).
nocross(21,22).
nocross(22,1).
nocross(22,4).
nocross(22,7).
nocross(22,11).
nocross(22,15).
nocross(22,17).
nocross(22,18).
nocross(22,19).
nocross(22,21).
