dimension(22).
point(1, 30.1684956123, 37.1785040654).
point(2, 13.441693051, 35.9490379814).
point(3, 53.9235185204, 29.6240411811).
point(4, 11.7092366308, 45.6573510438).
point(5, 19.5918389829, 38.9781511308).
point(6, 77.925951492, 26.9770836494).
point(7, 16.4680101938, 20.7944791842).
point(8, 32.5327999114, 39.6928916664).
point(9, 73.3634245071, 52.3479608594).
point(10, 19.070659947, 33.5704845524).
point(11, 23.5496164269, 41.0070039006).
point(12, 44.1923704201, 29.3599254811).
point(13, 72.1999137996, 70.3450622511).
point(14, 73.7255185455, 60.296782835).
point(15, 66.3544207358, 39.5688492421).
point(16, 57.2023481718, 31.1341936349).
point(17, 51.0528566319, 40.5719898203).
point(18, 33.3382634158, 18.5859932269).
point(19, 21.5313643597, 29.6849968669).
point(20, 51.0033013375, 36.5866507329).
point(21, 36.9991416886, 53.0249576595).
point(22, 63.073767672, 61.9310881166).
cost(1, 2, 17).
cost(1, 3, 25).
cost(1, 4, 20).
cost(1, 5, 11).
cost(1, 6, 49).
cost(1, 7, 21).
cost(1, 8, 3).
cost(1, 9, 46).
cost(1, 10, 12).
cost(1, 11, 8).
cost(1, 12, 16).
cost(1, 13, 54).
cost(1, 14, 49).
cost(1, 15, 36).
cost(1, 16, 28).
cost(1, 17, 21).
cost(1, 18, 19).
cost(1, 19, 11).
cost(1, 20, 21).
cost(1, 21, 17).
cost(1, 22, 41).
cost(2, 1, 17).
cost(2, 3, 41).
cost(2, 4, 10).
cost(2, 5, 7).
cost(2, 6, 65).
cost(2, 7, 15).
cost(2, 8, 19).
cost(2, 9, 62).
cost(2, 10, 6).
cost(2, 11, 11).
cost(2, 12, 31).
cost(2, 13, 68).
cost(2, 14, 65).
cost(2, 15, 53).
cost(2, 16, 44).
cost(2, 17, 38).
cost(2, 18, 26).
cost(2, 19, 10).
cost(2, 20, 38).
cost(2, 21, 29).
cost(2, 22, 56).
cost(3, 1, 25).
cost(3, 2, 41).
cost(3, 4, 45).
cost(3, 5, 36).
cost(3, 6, 24).
cost(3, 7, 38).
cost(3, 8, 24).
cost(3, 9, 30).
cost(3, 10, 35).
cost(3, 11, 32).
cost(3, 12, 10).
cost(3, 13, 45).
cost(3, 14, 37).
cost(3, 15, 16).
cost(3, 16, 4).
cost(3, 17, 11).
cost(3, 18, 23).
cost(3, 19, 32).
cost(3, 20, 8).
cost(3, 21, 29).
cost(3, 22, 34).
cost(4, 1, 20).
cost(4, 2, 10).
cost(4, 3, 45).
cost(4, 5, 10).
cost(4, 6, 69).
cost(4, 7, 25).
cost(4, 8, 22).
cost(4, 9, 62).
cost(4, 10, 14).
cost(4, 11, 13).
cost(4, 12, 36).
cost(4, 13, 65).
cost(4, 14, 64).
cost(4, 15, 55).
cost(4, 16, 48).
cost(4, 17, 40).
cost(4, 18, 35).
cost(4, 19, 19).
cost(4, 20, 40).
cost(4, 21, 26).
cost(4, 22, 54).
cost(5, 1, 11).
cost(5, 2, 7).
cost(5, 3, 36).
cost(5, 4, 10).
cost(5, 6, 60).
cost(5, 7, 18).
cost(5, 8, 13).
cost(5, 9, 55).
cost(5, 10, 5).
cost(5, 11, 4).
cost(5, 12, 26).
cost(5, 13, 61).
cost(5, 14, 58).
cost(5, 15, 47).
cost(5, 16, 38).
cost(5, 17, 32).
cost(5, 18, 25).
cost(5, 19, 9).
cost(5, 20, 32).
cost(5, 21, 22).
cost(5, 22, 49).
cost(6, 1, 49).
cost(6, 2, 65).
cost(6, 3, 24).
cost(6, 4, 69).
cost(6, 5, 60).
cost(6, 7, 62).
cost(6, 8, 47).
cost(6, 9, 26).
cost(6, 10, 59).
cost(6, 11, 56).
cost(6, 12, 34).
cost(6, 13, 44).
cost(6, 14, 34).
cost(6, 15, 17).
cost(6, 16, 21).
cost(6, 17, 30).
cost(6, 18, 45).
cost(6, 19, 56).
cost(6, 20, 29).
cost(6, 21, 49).
cost(6, 22, 38).
cost(7, 1, 21).
cost(7, 2, 15).
cost(7, 3, 38).
cost(7, 4, 25).
cost(7, 5, 18).
cost(7, 6, 62).
cost(7, 8, 25).
cost(7, 9, 65).
cost(7, 10, 13).
cost(7, 11, 21).
cost(7, 12, 29).
cost(7, 13, 75).
cost(7, 14, 70).
cost(7, 15, 53).
cost(7, 16, 42).
cost(7, 17, 40).
cost(7, 18, 17).
cost(7, 19, 10).
cost(7, 20, 38).
cost(7, 21, 38).
cost(7, 22, 62).
cost(8, 1, 3).
cost(8, 2, 19).
cost(8, 3, 24).
cost(8, 4, 22).
cost(8, 5, 13).
cost(8, 6, 47).
cost(8, 7, 25).
cost(8, 9, 43).
cost(8, 10, 15).
cost(8, 11, 9).
cost(8, 12, 16).
cost(8, 13, 50).
cost(8, 14, 46).
cost(8, 15, 34).
cost(8, 16, 26).
cost(8, 17, 19).
cost(8, 18, 21).
cost(8, 19, 15).
cost(8, 20, 19).
cost(8, 21, 14).
cost(8, 22, 38).
cost(9, 1, 46).
cost(9, 2, 62).
cost(9, 3, 30).
cost(9, 4, 62).
cost(9, 5, 55).
cost(9, 6, 26).
cost(9, 7, 65).
cost(9, 8, 43).
cost(9, 10, 57).
cost(9, 11, 51).
cost(9, 12, 37).
cost(9, 13, 18).
cost(9, 14, 8).
cost(9, 15, 15).
cost(9, 16, 27).
cost(9, 17, 25).
cost(9, 18, 52).
cost(9, 19, 57).
cost(9, 20, 27).
cost(9, 21, 36).
cost(9, 22, 14).
cost(10, 1, 12).
cost(10, 2, 6).
cost(10, 3, 35).
cost(10, 4, 14).
cost(10, 5, 5).
cost(10, 6, 59).
cost(10, 7, 13).
cost(10, 8, 15).
cost(10, 9, 57).
cost(10, 11, 9).
cost(10, 12, 25).
cost(10, 13, 65).
cost(10, 14, 61).
cost(10, 15, 48).
cost(10, 16, 38).
cost(10, 17, 33).
cost(10, 18, 21).
cost(10, 19, 5).
cost(10, 20, 32).
cost(10, 21, 26).
cost(10, 22, 52).
cost(11, 1, 8).
cost(11, 2, 11).
cost(11, 3, 32).
cost(11, 4, 13).
cost(11, 5, 4).
cost(11, 6, 56).
cost(11, 7, 21).
cost(11, 8, 9).
cost(11, 9, 51).
cost(11, 10, 9).
cost(11, 12, 24).
cost(11, 13, 57).
cost(11, 14, 54).
cost(11, 15, 43).
cost(11, 16, 35).
cost(11, 17, 28).
cost(11, 18, 24).
cost(11, 19, 12).
cost(11, 20, 28).
cost(11, 21, 18).
cost(11, 22, 45).
cost(12, 1, 16).
cost(12, 2, 31).
cost(12, 3, 10).
cost(12, 4, 36).
cost(12, 5, 26).
cost(12, 6, 34).
cost(12, 7, 29).
cost(12, 8, 16).
cost(12, 9, 37).
cost(12, 10, 25).
cost(12, 11, 24).
cost(12, 13, 50).
cost(12, 14, 43).
cost(12, 15, 24).
cost(12, 16, 13).
cost(12, 17, 13).
cost(12, 18, 15).
cost(12, 19, 23).
cost(12, 20, 10).
cost(12, 21, 25).
cost(12, 22, 38).
cost(13, 1, 54).
cost(13, 2, 68).
cost(13, 3, 45).
cost(13, 4, 65).
cost(13, 5, 61).
cost(13, 6, 44).
cost(13, 7, 75).
cost(13, 8, 50).
cost(13, 9, 18).
cost(13, 10, 65).
cost(13, 11, 57).
cost(13, 12, 50).
cost(13, 14, 10).
cost(13, 15, 31).
cost(13, 16, 42).
cost(13, 17, 37).
cost(13, 18, 65).
cost(13, 19, 65).
cost(13, 20, 40).
cost(13, 21, 39).
cost(13, 22, 12).
cost(14, 1, 49).
cost(14, 2, 65).
cost(14, 3, 37).
cost(14, 4, 64).
cost(14, 5, 58).
cost(14, 6, 34).
cost(14, 7, 70).
cost(14, 8, 46).
cost(14, 9, 8).
cost(14, 10, 61).
cost(14, 11, 54).
cost(14, 12, 43).
cost(14, 13, 10).
cost(14, 15, 22).
cost(14, 16, 34).
cost(14, 17, 30).
cost(14, 18, 58).
cost(14, 19, 61).
cost(14, 20, 33).
cost(14, 21, 37).
cost(14, 22, 11).
cost(15, 1, 36).
cost(15, 2, 53).
cost(15, 3, 16).
cost(15, 4, 55).
cost(15, 5, 47).
cost(15, 6, 17).
cost(15, 7, 53).
cost(15, 8, 34).
cost(15, 9, 15).
cost(15, 10, 48).
cost(15, 11, 43).
cost(15, 12, 24).
cost(15, 13, 31).
cost(15, 14, 22).
cost(15, 16, 12).
cost(15, 17, 15).
cost(15, 18, 39).
cost(15, 19, 46).
cost(15, 20, 16).
cost(15, 21, 32).
cost(15, 22, 23).
cost(16, 1, 28).
cost(16, 2, 44).
cost(16, 3, 4).
cost(16, 4, 48).
cost(16, 5, 38).
cost(16, 6, 21).
cost(16, 7, 42).
cost(16, 8, 26).
cost(16, 9, 27).
cost(16, 10, 38).
cost(16, 11, 35).
cost(16, 12, 13).
cost(16, 13, 42).
cost(16, 14, 34).
cost(16, 15, 12).
cost(16, 17, 11).
cost(16, 18, 27).
cost(16, 19, 36).
cost(16, 20, 8).
cost(16, 21, 30).
cost(16, 22, 31).
cost(17, 1, 21).
cost(17, 2, 38).
cost(17, 3, 11).
cost(17, 4, 40).
cost(17, 5, 32).
cost(17, 6, 30).
cost(17, 7, 40).
cost(17, 8, 19).
cost(17, 9, 25).
cost(17, 10, 33).
cost(17, 11, 28).
cost(17, 12, 13).
cost(17, 13, 37).
cost(17, 14, 30).
cost(17, 15, 15).
cost(17, 16, 11).
cost(17, 18, 28).
cost(17, 19, 31).
cost(17, 20, 4).
cost(17, 21, 19).
cost(17, 22, 25).
cost(18, 1, 19).
cost(18, 2, 26).
cost(18, 3, 23).
cost(18, 4, 35).
cost(18, 5, 25).
cost(18, 6, 45).
cost(18, 7, 17).
cost(18, 8, 21).
cost(18, 9, 52).
cost(18, 10, 21).
cost(18, 11, 24).
cost(18, 12, 15).
cost(18, 13, 65).
cost(18, 14, 58).
cost(18, 15, 39).
cost(18, 16, 27).
cost(18, 17, 28).
cost(18, 19, 16).
cost(18, 20, 25).
cost(18, 21, 35).
cost(18, 22, 53).
cost(19, 1, 11).
cost(19, 2, 10).
cost(19, 3, 32).
cost(19, 4, 19).
cost(19, 5, 9).
cost(19, 6, 56).
cost(19, 7, 10).
cost(19, 8, 15).
cost(19, 9, 57).
cost(19, 10, 5).
cost(19, 11, 12).
cost(19, 12, 23).
cost(19, 13, 65).
cost(19, 14, 61).
cost(19, 15, 46).
cost(19, 16, 36).
cost(19, 17, 31).
cost(19, 18, 16).
cost(19, 20, 30).
cost(19, 21, 28).
cost(19, 22, 53).
cost(20, 1, 21).
cost(20, 2, 38).
cost(20, 3, 8).
cost(20, 4, 40).
cost(20, 5, 32).
cost(20, 6, 29).
cost(20, 7, 38).
cost(20, 8, 19).
cost(20, 9, 27).
cost(20, 10, 32).
cost(20, 11, 28).
cost(20, 12, 10).
cost(20, 13, 40).
cost(20, 14, 33).
cost(20, 15, 16).
cost(20, 16, 8).
cost(20, 17, 4).
cost(20, 18, 25).
cost(20, 19, 30).
cost(20, 21, 22).
cost(20, 22, 28).
cost(21, 1, 17).
cost(21, 2, 29).
cost(21, 3, 29).
cost(21, 4, 26).
cost(21, 5, 22).
cost(21, 6, 49).
cost(21, 7, 38).
cost(21, 8, 14).
cost(21, 9, 36).
cost(21, 10, 26).
cost(21, 11, 18).
cost(21, 12, 25).
cost(21, 13, 39).
cost(21, 14, 37).
cost(21, 15, 32).
cost(21, 16, 30).
cost(21, 17, 19).
cost(21, 18, 35).
cost(21, 19, 28).
cost(21, 20, 22).
cost(21, 22, 28).
cost(22, 1, 41).
cost(22, 2, 56).
cost(22, 3, 34).
cost(22, 4, 54).
cost(22, 5, 49).
cost(22, 6, 38).
cost(22, 7, 62).
cost(22, 8, 38).
cost(22, 9, 14).
cost(22, 10, 52).
cost(22, 11, 45).
cost(22, 12, 38).
cost(22, 13, 12).
cost(22, 14, 11).
cost(22, 15, 23).
cost(22, 16, 31).
cost(22, 17, 25).
cost(22, 18, 53).
cost(22, 19, 53).
cost(22, 20, 28).
cost(22, 21, 28).
nocross(1,2).
nocross(1,5).
nocross(1,8).
nocross(1,10).
nocross(1,11).
nocross(1,12).
nocross(1,17).
nocross(1,19).
nocross(1,20).
nocross(2,1).
nocross(2,4).
nocross(2,5).
nocross(2,7).
nocross(2,10).
nocross(2,11).
nocross(3,1).
nocross(3,6).
nocross(3,8).
nocross(3,9).
nocross(3,12).
nocross(3,16).
nocross(3,17).
nocross(3,20).
nocross(4,1).
nocross(4,2).
nocross(4,5).
nocross(4,7).
nocross(4,8).
nocross(4,10).
nocross(4,11).
nocross(4,19).
nocross(4,21).
nocross(5,1).
nocross(5,2).
nocross(5,4).
nocross(5,8).
nocross(5,10).
nocross(5,11).
nocross(5,19).
nocross(5,21).
nocross(6,12).
nocross(6,14).
nocross(6,15).
nocross(6,16).
nocross(6,20).
nocross(7,1).
nocross(7,2).
nocross(7,4).
nocross(7,5).
nocross(7,10).
nocross(7,12).
nocross(7,18).
nocross(7,19).
nocross(8,1).
nocross(8,5).
nocross(8,10).
nocross(8,12).
nocross(8,17).
nocross(8,19).
nocross(8,20).
nocross(8,21).
nocross(9,6).
nocross(9,13).
nocross(9,14).
nocross(9,15).
nocross(9,16).
nocross(9,17).
nocross(9,20).
nocross(10,1).
nocross(10,2).
nocross(10,4).
nocross(10,5).
nocross(10,8).
nocross(10,11).
nocross(11,1).
nocross(11,2).
nocross(11,4).
nocross(11,5).
nocross(11,8).
nocross(11,10).
nocross(11,17).
nocross(11,19).
nocross(11,21).
nocross(12,1).
nocross(12,3).
nocross(12,7).
nocross(12,8).
nocross(12,16).
nocross(12,17).
nocross(12,18).
nocross(12,19).
nocross(12,20).
nocross(13,9).
nocross(13,14).
nocross(13,22).
nocross(14,9).
nocross(14,13).
nocross(15,6).
nocross(15,9).
nocross(15,14).
nocross(15,16).
nocross(15,17).
nocross(16,1).
nocross(16,3).
nocross(16,8).
nocross(16,9).
nocross(16,15).
nocross(16,17).
nocross(16,20).
nocross(17,1).
nocross(17,3).
nocross(17,8).
nocross(17,9).
nocross(17,11).
nocross(17,12).
nocross(17,15).
nocross(17,16).
nocross(17,20).
nocross(17,21).
nocross(17,22).
nocross(18,1).
nocross(18,2).
nocross(18,7).
nocross(18,8).
nocross(18,10).
nocross(18,16).
nocross(18,19).
nocross(18,20).
nocross(19,1).
nocross(19,2).
nocross(19,5).
nocross(19,7).
nocross(19,8).
nocross(19,10).
nocross(19,11).
nocross(19,12).
nocross(19,18).
nocross(20,1).
nocross(20,3).
nocross(20,6).
nocross(20,9).
nocross(20,15).
nocross(20,16).
nocross(20,17).
nocross(21,1).
nocross(21,4).
nocross(21,8).
nocross(21,9).
nocross(21,11).
nocross(21,14).
nocross(21,17).
nocross(21,20).
nocross(21,22).
nocross(22,13).
nocross(22,17).
nocross(22,21).
