dimension(22).
point(1, 17.0525200463, 41.9114631735).
point(2, 70.2457948833, 75.1076150841).
point(3, 92.4277404735, 78.4582967702).
point(4, 59.4248094923, 61.356272195).
point(5, 89.4259803908, 58.4008217735).
point(6, 32.9602467809, 34.7561203234).
point(7, 87.651846038, 75.2178339825).
point(8, 23.1484865416, 7.5149529395).
point(9, 60.3183717196, 83.325722504).
point(10, 20.0136543729, 12.8132354861).
point(11, 84.0986112669, 92.8483716015).
point(12, 10.679229396, 47.5694128456).
point(13, 52.7147122743, 97.1799089922).
point(14, 44.9354649689, 11.824550034).
point(15, 82.4855087345, 67.2970530176).
point(16, 47.49156686, 33.59398038).
point(17, 19.52016608, 55.0010317192).
point(18, 66.9628135473, 64.5837476978).
point(19, 44.4284624102, 9.9109169069).
point(20, 63.5400333213, 92.0366536869).
point(21, 19.58464792, 28.7884589137).
point(22, 26.965730301, 31.8618158578).
cost(1, 2, 63).
cost(1, 3, 84).
cost(1, 4, 47).
cost(1, 5, 74).
cost(1, 6, 17).
cost(1, 7, 78).
cost(1, 8, 35).
cost(1, 9, 60).
cost(1, 10, 29).
cost(1, 11, 84).
cost(1, 12, 9).
cost(1, 13, 66).
cost(1, 14, 41).
cost(1, 15, 70).
cost(1, 16, 32).
cost(1, 17, 13).
cost(1, 18, 55).
cost(1, 19, 42).
cost(1, 20, 68).
cost(1, 21, 13).
cost(1, 22, 14).
cost(2, 1, 63).
cost(2, 3, 22).
cost(2, 4, 17).
cost(2, 5, 25).
cost(2, 6, 55).
cost(2, 7, 17).
cost(2, 8, 82).
cost(2, 9, 13).
cost(2, 10, 80).
cost(2, 11, 23).
cost(2, 12, 66).
cost(2, 13, 28).
cost(2, 14, 68).
cost(2, 15, 15).
cost(2, 16, 47).
cost(2, 17, 55).
cost(2, 18, 11).
cost(2, 19, 70).
cost(2, 20, 18).
cost(2, 21, 69).
cost(2, 22, 61).
cost(3, 1, 84).
cost(3, 2, 22).
cost(3, 4, 37).
cost(3, 5, 20).
cost(3, 6, 74).
cost(3, 7, 6).
cost(3, 8, 99).
cost(3, 9, 32).
cost(3, 10, 98).
cost(3, 11, 17).
cost(3, 12, 87).
cost(3, 13, 44).
cost(3, 14, 82).
cost(3, 15, 15).
cost(3, 16, 63).
cost(3, 17, 77).
cost(3, 18, 29).
cost(3, 19, 84).
cost(3, 20, 32).
cost(3, 21, 88).
cost(3, 22, 80).
cost(4, 1, 47).
cost(4, 2, 17).
cost(4, 3, 37).
cost(4, 5, 30).
cost(4, 6, 38).
cost(4, 7, 31).
cost(4, 8, 65).
cost(4, 9, 22).
cost(4, 10, 63).
cost(4, 11, 40).
cost(4, 12, 51).
cost(4, 13, 36).
cost(4, 14, 52).
cost(4, 15, 24).
cost(4, 16, 30).
cost(4, 17, 40).
cost(4, 18, 8).
cost(4, 19, 54).
cost(4, 20, 31).
cost(4, 21, 51).
cost(4, 22, 44).
cost(5, 1, 74).
cost(5, 2, 25).
cost(5, 3, 20).
cost(5, 4, 30).
cost(5, 6, 61).
cost(5, 7, 17).
cost(5, 8, 84).
cost(5, 9, 38).
cost(5, 10, 83).
cost(5, 11, 35).
cost(5, 12, 79).
cost(5, 13, 53).
cost(5, 14, 64).
cost(5, 15, 11).
cost(5, 16, 49).
cost(5, 17, 70).
cost(5, 18, 23).
cost(5, 19, 66).
cost(5, 20, 42).
cost(5, 21, 76).
cost(5, 22, 68).
cost(6, 1, 17).
cost(6, 2, 55).
cost(6, 3, 74).
cost(6, 4, 38).
cost(6, 5, 61).
cost(6, 7, 68).
cost(6, 8, 29).
cost(6, 9, 56).
cost(6, 10, 25).
cost(6, 11, 77).
cost(6, 12, 26).
cost(6, 13, 65).
cost(6, 14, 26).
cost(6, 15, 59).
cost(6, 16, 15).
cost(6, 17, 24).
cost(6, 18, 45).
cost(6, 19, 27).
cost(6, 20, 65).
cost(6, 21, 15).
cost(6, 22, 7).
cost(7, 1, 78).
cost(7, 2, 17).
cost(7, 3, 6).
cost(7, 4, 31).
cost(7, 5, 17).
cost(7, 6, 68).
cost(7, 8, 94).
cost(7, 9, 29).
cost(7, 10, 92).
cost(7, 11, 18).
cost(7, 12, 82).
cost(7, 13, 41).
cost(7, 14, 76).
cost(7, 15, 9).
cost(7, 16, 58).
cost(7, 17, 71).
cost(7, 18, 23).
cost(7, 19, 78).
cost(7, 20, 29).
cost(7, 21, 82).
cost(7, 22, 75).
cost(8, 1, 35).
cost(8, 2, 82).
cost(8, 3, 99).
cost(8, 4, 65).
cost(8, 5, 84).
cost(8, 6, 29).
cost(8, 7, 94).
cost(8, 9, 84).
cost(8, 10, 6).
cost(8, 11, 105).
cost(8, 12, 42).
cost(8, 13, 94).
cost(8, 14, 22).
cost(8, 15, 84).
cost(8, 16, 36).
cost(8, 17, 48).
cost(8, 18, 72).
cost(8, 19, 21).
cost(8, 20, 94).
cost(8, 21, 22).
cost(8, 22, 25).
cost(9, 1, 60).
cost(9, 2, 13).
cost(9, 3, 32).
cost(9, 4, 22).
cost(9, 5, 38).
cost(9, 6, 56).
cost(9, 7, 29).
cost(9, 8, 84).
cost(9, 10, 81).
cost(9, 11, 26).
cost(9, 12, 61).
cost(9, 13, 16).
cost(9, 14, 73).
cost(9, 15, 27).
cost(9, 16, 51).
cost(9, 17, 50).
cost(9, 18, 20).
cost(9, 19, 75).
cost(9, 20, 9).
cost(9, 21, 68).
cost(9, 22, 61).
cost(10, 1, 29).
cost(10, 2, 80).
cost(10, 3, 98).
cost(10, 4, 63).
cost(10, 5, 83).
cost(10, 6, 25).
cost(10, 7, 92).
cost(10, 8, 6).
cost(10, 9, 81).
cost(10, 11, 103).
cost(10, 12, 36).
cost(10, 13, 90).
cost(10, 14, 25).
cost(10, 15, 83).
cost(10, 16, 34).
cost(10, 17, 42).
cost(10, 18, 70).
cost(10, 19, 25).
cost(10, 20, 90).
cost(10, 21, 16).
cost(10, 22, 20).
cost(11, 1, 84).
cost(11, 2, 23).
cost(11, 3, 17).
cost(11, 4, 40).
cost(11, 5, 35).
cost(11, 6, 77).
cost(11, 7, 18).
cost(11, 8, 105).
cost(11, 9, 26).
cost(11, 10, 103).
cost(11, 12, 86).
cost(11, 13, 32).
cost(11, 14, 90).
cost(11, 15, 26).
cost(11, 16, 70).
cost(11, 17, 75).
cost(11, 18, 33).
cost(11, 19, 92).
cost(11, 20, 21).
cost(11, 21, 91).
cost(11, 22, 84).
cost(12, 1, 9).
cost(12, 2, 66).
cost(12, 3, 87).
cost(12, 4, 51).
cost(12, 5, 79).
cost(12, 6, 26).
cost(12, 7, 82).
cost(12, 8, 42).
cost(12, 9, 61).
cost(12, 10, 36).
cost(12, 11, 86).
cost(12, 13, 65).
cost(12, 14, 50).
cost(12, 15, 74).
cost(12, 16, 39).
cost(12, 17, 12).
cost(12, 18, 59).
cost(12, 19, 51).
cost(12, 20, 69).
cost(12, 21, 21).
cost(12, 22, 23).
cost(13, 1, 66).
cost(13, 2, 28).
cost(13, 3, 44).
cost(13, 4, 36).
cost(13, 5, 53).
cost(13, 6, 65).
cost(13, 7, 41).
cost(13, 8, 94).
cost(13, 9, 16).
cost(13, 10, 90).
cost(13, 11, 32).
cost(13, 12, 65).
cost(13, 14, 86).
cost(13, 15, 42).
cost(13, 16, 64).
cost(13, 17, 54).
cost(13, 18, 36).
cost(13, 19, 88).
cost(13, 20, 12).
cost(13, 21, 76).
cost(13, 22, 70).
cost(14, 1, 41).
cost(14, 2, 68).
cost(14, 3, 82).
cost(14, 4, 52).
cost(14, 5, 64).
cost(14, 6, 26).
cost(14, 7, 76).
cost(14, 8, 22).
cost(14, 9, 73).
cost(14, 10, 25).
cost(14, 11, 90).
cost(14, 12, 50).
cost(14, 13, 86).
cost(14, 15, 67).
cost(14, 16, 22).
cost(14, 17, 50).
cost(14, 18, 57).
cost(14, 19, 2).
cost(14, 20, 82).
cost(14, 21, 31).
cost(14, 22, 27).
cost(15, 1, 70).
cost(15, 2, 15).
cost(15, 3, 15).
cost(15, 4, 24).
cost(15, 5, 11).
cost(15, 6, 59).
cost(15, 7, 9).
cost(15, 8, 84).
cost(15, 9, 27).
cost(15, 10, 83).
cost(15, 11, 26).
cost(15, 12, 74).
cost(15, 13, 42).
cost(15, 14, 67).
cost(15, 16, 49).
cost(15, 17, 64).
cost(15, 18, 16).
cost(15, 19, 69).
cost(15, 20, 31).
cost(15, 21, 74).
cost(15, 22, 66).
cost(16, 1, 32).
cost(16, 2, 47).
cost(16, 3, 63).
cost(16, 4, 30).
cost(16, 5, 49).
cost(16, 6, 15).
cost(16, 7, 58).
cost(16, 8, 36).
cost(16, 9, 51).
cost(16, 10, 34).
cost(16, 11, 70).
cost(16, 12, 39).
cost(16, 13, 64).
cost(16, 14, 22).
cost(16, 15, 49).
cost(16, 17, 35).
cost(16, 18, 37).
cost(16, 19, 24).
cost(16, 20, 61).
cost(16, 21, 28).
cost(16, 22, 21).
cost(17, 1, 13).
cost(17, 2, 55).
cost(17, 3, 77).
cost(17, 4, 40).
cost(17, 5, 70).
cost(17, 6, 24).
cost(17, 7, 71).
cost(17, 8, 48).
cost(17, 9, 50).
cost(17, 10, 42).
cost(17, 11, 75).
cost(17, 12, 12).
cost(17, 13, 54).
cost(17, 14, 50).
cost(17, 15, 64).
cost(17, 16, 35).
cost(17, 18, 48).
cost(17, 19, 52).
cost(17, 20, 58).
cost(17, 21, 26).
cost(17, 22, 24).
cost(18, 1, 55).
cost(18, 2, 11).
cost(18, 3, 29).
cost(18, 4, 8).
cost(18, 5, 23).
cost(18, 6, 45).
cost(18, 7, 23).
cost(18, 8, 72).
cost(18, 9, 20).
cost(18, 10, 70).
cost(18, 11, 33).
cost(18, 12, 59).
cost(18, 13, 36).
cost(18, 14, 57).
cost(18, 15, 16).
cost(18, 16, 37).
cost(18, 17, 48).
cost(18, 19, 59).
cost(18, 20, 28).
cost(18, 21, 59).
cost(18, 22, 52).
cost(19, 1, 42).
cost(19, 2, 70).
cost(19, 3, 84).
cost(19, 4, 54).
cost(19, 5, 66).
cost(19, 6, 27).
cost(19, 7, 78).
cost(19, 8, 21).
cost(19, 9, 75).
cost(19, 10, 25).
cost(19, 11, 92).
cost(19, 12, 51).
cost(19, 13, 88).
cost(19, 14, 2).
cost(19, 15, 69).
cost(19, 16, 24).
cost(19, 17, 52).
cost(19, 18, 59).
cost(19, 20, 84).
cost(19, 21, 31).
cost(19, 22, 28).
cost(20, 1, 68).
cost(20, 2, 18).
cost(20, 3, 32).
cost(20, 4, 31).
cost(20, 5, 42).
cost(20, 6, 65).
cost(20, 7, 29).
cost(20, 8, 94).
cost(20, 9, 9).
cost(20, 10, 90).
cost(20, 11, 21).
cost(20, 12, 69).
cost(20, 13, 12).
cost(20, 14, 82).
cost(20, 15, 31).
cost(20, 16, 61).
cost(20, 17, 58).
cost(20, 18, 28).
cost(20, 19, 84).
cost(20, 21, 77).
cost(20, 22, 70).
cost(21, 1, 13).
cost(21, 2, 69).
cost(21, 3, 88).
cost(21, 4, 51).
cost(21, 5, 76).
cost(21, 6, 15).
cost(21, 7, 82).
cost(21, 8, 22).
cost(21, 9, 68).
cost(21, 10, 16).
cost(21, 11, 91).
cost(21, 12, 21).
cost(21, 13, 76).
cost(21, 14, 31).
cost(21, 15, 74).
cost(21, 16, 28).
cost(21, 17, 26).
cost(21, 18, 59).
cost(21, 19, 31).
cost(21, 20, 77).
cost(21, 22, 8).
cost(22, 1, 14).
cost(22, 2, 61).
cost(22, 3, 80).
cost(22, 4, 44).
cost(22, 5, 68).
cost(22, 6, 7).
cost(22, 7, 75).
cost(22, 8, 25).
cost(22, 9, 61).
cost(22, 10, 20).
cost(22, 11, 84).
cost(22, 12, 23).
cost(22, 13, 70).
cost(22, 14, 27).
cost(22, 15, 66).
cost(22, 16, 21).
cost(22, 17, 24).
cost(22, 18, 52).
cost(22, 19, 28).
cost(22, 20, 70).
cost(22, 21, 8).
nocross(1,6).
nocross(1,8).
nocross(1,10).
nocross(1,12).
nocross(1,14).
nocross(1,16).
nocross(1,17).
nocross(1,19).
nocross(1,21).
nocross(1,22).
nocross(2,3).
nocross(2,4).
nocross(2,5).
nocross(2,7).
nocross(2,9).
nocross(2,11).
nocross(2,13).
nocross(2,15).
nocross(2,18).
nocross(2,20).
nocross(3,2).
nocross(3,5).
nocross(3,7).
nocross(3,9).
nocross(3,11).
nocross(3,15).
nocross(3,18).
nocross(3,20).
nocross(4,2).
nocross(4,3).
nocross(4,5).
nocross(4,6).
nocross(4,7).
nocross(4,9).
nocross(4,11).
nocross(4,15).
nocross(4,16).
nocross(4,18).
nocross(4,20).
nocross(5,2).
nocross(5,3).
nocross(5,4).
nocross(5,7).
nocross(5,11).
nocross(5,15).
nocross(5,18).
nocross(6,1).
nocross(6,4).
nocross(6,8).
nocross(6,10).
nocross(6,12).
nocross(6,14).
nocross(6,16).
nocross(6,17).
nocross(6,19).
nocross(6,21).
nocross(6,22).
nocross(7,2).
nocross(7,3).
nocross(7,4).
nocross(7,5).
nocross(7,9).
nocross(7,11).
nocross(7,15).
nocross(7,18).
nocross(7,20).
nocross(8,1).
nocross(8,6).
nocross(8,10).
nocross(8,12).
nocross(8,14).
nocross(8,16).
nocross(8,19).
nocross(8,21).
nocross(8,22).
nocross(9,2).
nocross(9,3).
nocross(9,4).
nocross(9,7).
nocross(9,11).
nocross(9,13).
nocross(9,15).
nocross(9,18).
nocross(9,20).
nocross(10,1).
nocross(10,6).
nocross(10,8).
nocross(10,12).
nocross(10,14).
nocross(10,16).
nocross(10,19).
nocross(10,21).
nocross(10,22).
nocross(11,2).
nocross(11,3).
nocross(11,4).
nocross(11,5).
nocross(11,7).
nocross(11,9).
nocross(11,13).
nocross(11,15).
nocross(11,18).
nocross(11,20).
nocross(12,1).
nocross(12,6).
nocross(12,10).
nocross(12,17).
nocross(12,21).
nocross(12,22).
nocross(13,2).
nocross(13,3).
nocross(13,4).
nocross(13,9).
nocross(13,11).
nocross(13,18).
nocross(13,20).
nocross(14,6).
nocross(14,8).
nocross(14,10).
nocross(14,16).
nocross(14,19).
nocross(14,21).
nocross(14,22).
nocross(15,2).
nocross(15,3).
nocross(15,4).
nocross(15,5).
nocross(15,7).
nocross(15,9).
nocross(15,11).
nocross(15,18).
nocross(15,20).
nocross(16,1).
nocross(16,4).
nocross(16,6).
nocross(16,8).
nocross(16,10).
nocross(16,12).
nocross(16,14).
nocross(16,17).
nocross(16,18).
nocross(16,19).
nocross(16,21).
nocross(16,22).
nocross(17,1).
nocross(17,4).
nocross(17,6).
nocross(17,12).
nocross(17,21).
nocross(17,22).
nocross(18,2).
nocross(18,3).
nocross(18,4).
nocross(18,5).
nocross(18,7).
nocross(18,9).
nocross(18,11).
nocross(18,13).
nocross(18,15).
nocross(18,16).
nocross(18,20).
nocross(19,1).
nocross(19,6).
nocross(19,8).
nocross(19,10).
nocross(19,14).
nocross(19,16).
nocross(19,21).
nocross(19,22).
nocross(20,2).
nocross(20,3).
nocross(20,4).
nocross(20,7).
nocross(20,9).
nocross(20,11).
nocross(20,13).
nocross(20,15).
nocross(20,18).
nocross(21,1).
nocross(21,6).
nocross(21,8).
nocross(21,10).
nocross(21,12).
nocross(21,14).
nocross(21,16).
nocross(21,17).
nocross(21,19).
nocross(21,22).
nocross(22,1).
nocross(22,6).
nocross(22,8).
nocross(22,10).
nocross(22,12).
nocross(22,14).
nocross(22,16).
nocross(22,17).
nocross(22,19).
nocross(22,21).
