dimension(22).
point(1, 61.7809894718, 72.3782633922).
point(2, 22.7189241997, 50.4682983009).
point(3, 32.2743997374, 20.2655558298).
point(4, 14.0494048327, 53.9317139332).
point(5, 61.3405524857, 20.5882962441).
point(6, 8.5549366965, 44.1563615409).
point(7, 46.3191230448, 38.9898813734).
point(8, 64.4283103122, 69.0937320276).
point(9, 69.7570253959, 58.6419190986).
point(10, 10.6723546307, 40.0888247477).
point(11, 62.4646738398, 90.9057164174).
point(12, 72.3157198558, 84.6878314679).
point(13, 71.0012953379, 64.214088766).
point(14, 44.273313226, 22.1897027946).
point(15, 53.5286858108, 55.2755087081).
point(16, 28.8377180139, 15.9731520039).
point(17, 42.2832123338, 74.302847431).
point(18, 41.4743032515, 21.1264829036).
point(19, 71.6557050544, 72.1452731577).
point(20, 50.4425408947, 30.7036612458).
point(21, 34.6324749453, 93.2265425892).
point(22, 53.1376810541, 67.0165510356).
cost(1, 2, 45).
cost(1, 3, 60).
cost(1, 4, 51).
cost(1, 5, 52).
cost(1, 6, 60).
cost(1, 7, 37).
cost(1, 8, 4).
cost(1, 9, 16).
cost(1, 10, 60).
cost(1, 11, 19).
cost(1, 12, 16).
cost(1, 13, 12).
cost(1, 14, 53).
cost(1, 15, 19).
cost(1, 16, 65).
cost(1, 17, 20).
cost(1, 18, 55).
cost(1, 19, 10).
cost(1, 20, 43).
cost(1, 21, 34).
cost(1, 22, 10).
cost(2, 1, 45).
cost(2, 3, 32).
cost(2, 4, 9).
cost(2, 5, 49).
cost(2, 6, 16).
cost(2, 7, 26).
cost(2, 8, 46).
cost(2, 9, 48).
cost(2, 10, 16).
cost(2, 11, 57).
cost(2, 12, 60).
cost(2, 13, 50).
cost(2, 14, 36).
cost(2, 15, 31).
cost(2, 16, 35).
cost(2, 17, 31).
cost(2, 18, 35).
cost(2, 19, 54).
cost(2, 20, 34).
cost(2, 21, 44).
cost(2, 22, 35).
cost(3, 1, 60).
cost(3, 2, 32).
cost(3, 4, 38).
cost(3, 5, 29).
cost(3, 6, 34).
cost(3, 7, 23).
cost(3, 8, 58).
cost(3, 9, 54).
cost(3, 10, 29).
cost(3, 11, 77).
cost(3, 12, 76).
cost(3, 13, 59).
cost(3, 14, 12).
cost(3, 15, 41).
cost(3, 16, 5).
cost(3, 17, 55).
cost(3, 18, 9).
cost(3, 19, 65).
cost(3, 20, 21).
cost(3, 21, 73).
cost(3, 22, 51).
cost(4, 1, 51).
cost(4, 2, 9).
cost(4, 3, 38).
cost(4, 5, 58).
cost(4, 6, 11).
cost(4, 7, 36).
cost(4, 8, 53).
cost(4, 9, 56).
cost(4, 10, 14).
cost(4, 11, 61).
cost(4, 12, 66).
cost(4, 13, 58).
cost(4, 14, 44).
cost(4, 15, 40).
cost(4, 16, 41).
cost(4, 17, 35).
cost(4, 18, 43).
cost(4, 19, 60).
cost(4, 20, 43).
cost(4, 21, 44).
cost(4, 22, 41).
cost(5, 1, 52).
cost(5, 2, 49).
cost(5, 3, 29).
cost(5, 4, 58).
cost(5, 6, 58).
cost(5, 7, 24).
cost(5, 8, 49).
cost(5, 9, 39).
cost(5, 10, 54).
cost(5, 11, 70).
cost(5, 12, 65).
cost(5, 13, 45).
cost(5, 14, 17).
cost(5, 15, 36).
cost(5, 16, 33).
cost(5, 17, 57).
cost(5, 18, 20).
cost(5, 19, 53).
cost(5, 20, 15).
cost(5, 21, 77).
cost(5, 22, 47).
cost(6, 1, 60).
cost(6, 2, 16).
cost(6, 3, 34).
cost(6, 4, 11).
cost(6, 5, 58).
cost(6, 7, 38).
cost(6, 8, 61).
cost(6, 9, 63).
cost(6, 10, 5).
cost(6, 11, 71).
cost(6, 12, 76).
cost(6, 13, 66).
cost(6, 14, 42).
cost(6, 15, 46).
cost(6, 16, 35).
cost(6, 17, 45).
cost(6, 18, 40).
cost(6, 19, 69).
cost(6, 20, 44).
cost(6, 21, 56).
cost(6, 22, 50).
cost(7, 1, 37).
cost(7, 2, 26).
cost(7, 3, 23).
cost(7, 4, 36).
cost(7, 5, 24).
cost(7, 6, 38).
cost(7, 8, 35).
cost(7, 9, 31).
cost(7, 10, 36).
cost(7, 11, 54).
cost(7, 12, 53).
cost(7, 13, 35).
cost(7, 14, 17).
cost(7, 15, 18).
cost(7, 16, 29).
cost(7, 17, 36).
cost(7, 18, 19).
cost(7, 19, 42).
cost(7, 20, 9).
cost(7, 21, 55).
cost(7, 22, 29).
cost(8, 1, 4).
cost(8, 2, 46).
cost(8, 3, 58).
cost(8, 4, 53).
cost(8, 5, 49).
cost(8, 6, 61).
cost(8, 7, 35).
cost(8, 9, 12).
cost(8, 10, 61).
cost(8, 11, 22).
cost(8, 12, 17).
cost(8, 13, 8).
cost(8, 14, 51).
cost(8, 15, 18).
cost(8, 16, 64).
cost(8, 17, 23).
cost(8, 18, 53).
cost(8, 19, 8).
cost(8, 20, 41).
cost(8, 21, 38).
cost(8, 22, 11).
cost(9, 1, 16).
cost(9, 2, 48).
cost(9, 3, 54).
cost(9, 4, 56).
cost(9, 5, 39).
cost(9, 6, 63).
cost(9, 7, 31).
cost(9, 8, 12).
cost(9, 10, 62).
cost(9, 11, 33).
cost(9, 12, 26).
cost(9, 13, 6).
cost(9, 14, 44).
cost(9, 15, 17).
cost(9, 16, 59).
cost(9, 17, 32).
cost(9, 18, 47).
cost(9, 19, 14).
cost(9, 20, 34).
cost(9, 21, 49).
cost(9, 22, 19).
cost(10, 1, 60).
cost(10, 2, 16).
cost(10, 3, 29).
cost(10, 4, 14).
cost(10, 5, 54).
cost(10, 6, 5).
cost(10, 7, 36).
cost(10, 8, 61).
cost(10, 9, 62).
cost(10, 11, 73).
cost(10, 12, 76).
cost(10, 13, 65).
cost(10, 14, 38).
cost(10, 15, 45).
cost(10, 16, 30).
cost(10, 17, 47).
cost(10, 18, 36).
cost(10, 19, 69).
cost(10, 20, 41).
cost(10, 21, 58).
cost(10, 22, 50).
cost(11, 1, 19).
cost(11, 2, 57).
cost(11, 3, 77).
cost(11, 4, 61).
cost(11, 5, 70).
cost(11, 6, 71).
cost(11, 7, 54).
cost(11, 8, 22).
cost(11, 9, 33).
cost(11, 10, 73).
cost(11, 12, 12).
cost(11, 13, 28).
cost(11, 14, 71).
cost(11, 15, 37).
cost(11, 16, 82).
cost(11, 17, 26).
cost(11, 18, 73).
cost(11, 19, 21).
cost(11, 20, 61).
cost(11, 21, 28).
cost(11, 22, 26).
cost(12, 1, 16).
cost(12, 2, 60).
cost(12, 3, 76).
cost(12, 4, 66).
cost(12, 5, 65).
cost(12, 6, 76).
cost(12, 7, 53).
cost(12, 8, 17).
cost(12, 9, 26).
cost(12, 10, 76).
cost(12, 11, 12).
cost(12, 13, 21).
cost(12, 14, 69).
cost(12, 15, 35).
cost(12, 16, 81).
cost(12, 17, 32).
cost(12, 18, 71).
cost(12, 19, 13).
cost(12, 20, 58).
cost(12, 21, 39).
cost(12, 22, 26).
cost(13, 1, 12).
cost(13, 2, 50).
cost(13, 3, 59).
cost(13, 4, 58).
cost(13, 5, 45).
cost(13, 6, 66).
cost(13, 7, 35).
cost(13, 8, 8).
cost(13, 9, 6).
cost(13, 10, 65).
cost(13, 11, 28).
cost(13, 12, 21).
cost(13, 14, 50).
cost(13, 15, 20).
cost(13, 16, 64).
cost(13, 17, 30).
cost(13, 18, 52).
cost(13, 19, 8).
cost(13, 20, 39).
cost(13, 21, 47).
cost(13, 22, 18).
cost(14, 1, 53).
cost(14, 2, 36).
cost(14, 3, 12).
cost(14, 4, 44).
cost(14, 5, 17).
cost(14, 6, 42).
cost(14, 7, 17).
cost(14, 8, 51).
cost(14, 9, 44).
cost(14, 10, 38).
cost(14, 11, 71).
cost(14, 12, 69).
cost(14, 13, 50).
cost(14, 15, 34).
cost(14, 16, 17).
cost(14, 17, 52).
cost(14, 18, 3).
cost(14, 19, 57).
cost(14, 20, 11).
cost(14, 21, 72).
cost(14, 22, 46).
cost(15, 1, 19).
cost(15, 2, 31).
cost(15, 3, 41).
cost(15, 4, 40).
cost(15, 5, 36).
cost(15, 6, 46).
cost(15, 7, 18).
cost(15, 8, 18).
cost(15, 9, 17).
cost(15, 10, 45).
cost(15, 11, 37).
cost(15, 12, 35).
cost(15, 13, 20).
cost(15, 14, 34).
cost(15, 16, 46).
cost(15, 17, 22).
cost(15, 18, 36).
cost(15, 19, 25).
cost(15, 20, 25).
cost(15, 21, 42).
cost(15, 22, 12).
cost(16, 1, 65).
cost(16, 2, 35).
cost(16, 3, 5).
cost(16, 4, 41).
cost(16, 5, 33).
cost(16, 6, 35).
cost(16, 7, 29).
cost(16, 8, 64).
cost(16, 9, 59).
cost(16, 10, 30).
cost(16, 11, 82).
cost(16, 12, 81).
cost(16, 13, 64).
cost(16, 14, 17).
cost(16, 15, 46).
cost(16, 17, 60).
cost(16, 18, 14).
cost(16, 19, 71).
cost(16, 20, 26).
cost(16, 21, 77).
cost(16, 22, 57).
cost(17, 1, 20).
cost(17, 2, 31).
cost(17, 3, 55).
cost(17, 4, 35).
cost(17, 5, 57).
cost(17, 6, 45).
cost(17, 7, 36).
cost(17, 8, 23).
cost(17, 9, 32).
cost(17, 10, 47).
cost(17, 11, 26).
cost(17, 12, 32).
cost(17, 13, 30).
cost(17, 14, 52).
cost(17, 15, 22).
cost(17, 16, 60).
cost(17, 18, 53).
cost(17, 19, 29).
cost(17, 20, 44).
cost(17, 21, 20).
cost(17, 22, 13).
cost(18, 1, 55).
cost(18, 2, 35).
cost(18, 3, 9).
cost(18, 4, 43).
cost(18, 5, 20).
cost(18, 6, 40).
cost(18, 7, 19).
cost(18, 8, 53).
cost(18, 9, 47).
cost(18, 10, 36).
cost(18, 11, 73).
cost(18, 12, 71).
cost(18, 13, 52).
cost(18, 14, 3).
cost(18, 15, 36).
cost(18, 16, 14).
cost(18, 17, 53).
cost(18, 19, 59).
cost(18, 20, 13).
cost(18, 21, 72).
cost(18, 22, 47).
cost(19, 1, 10).
cost(19, 2, 54).
cost(19, 3, 65).
cost(19, 4, 60).
cost(19, 5, 53).
cost(19, 6, 69).
cost(19, 7, 42).
cost(19, 8, 8).
cost(19, 9, 14).
cost(19, 10, 69).
cost(19, 11, 21).
cost(19, 12, 13).
cost(19, 13, 8).
cost(19, 14, 57).
cost(19, 15, 25).
cost(19, 16, 71).
cost(19, 17, 29).
cost(19, 18, 59).
cost(19, 20, 47).
cost(19, 21, 43).
cost(19, 22, 19).
cost(20, 1, 43).
cost(20, 2, 34).
cost(20, 3, 21).
cost(20, 4, 43).
cost(20, 5, 15).
cost(20, 6, 44).
cost(20, 7, 9).
cost(20, 8, 41).
cost(20, 9, 34).
cost(20, 10, 41).
cost(20, 11, 61).
cost(20, 12, 58).
cost(20, 13, 39).
cost(20, 14, 11).
cost(20, 15, 25).
cost(20, 16, 26).
cost(20, 17, 44).
cost(20, 18, 13).
cost(20, 19, 47).
cost(20, 21, 64).
cost(20, 22, 36).
cost(21, 1, 34).
cost(21, 2, 44).
cost(21, 3, 73).
cost(21, 4, 44).
cost(21, 5, 77).
cost(21, 6, 56).
cost(21, 7, 55).
cost(21, 8, 38).
cost(21, 9, 49).
cost(21, 10, 58).
cost(21, 11, 28).
cost(21, 12, 39).
cost(21, 13, 47).
cost(21, 14, 72).
cost(21, 15, 42).
cost(21, 16, 77).
cost(21, 17, 20).
cost(21, 18, 72).
cost(21, 19, 43).
cost(21, 20, 64).
cost(21, 22, 32).
cost(22, 1, 10).
cost(22, 2, 35).
cost(22, 3, 51).
cost(22, 4, 41).
cost(22, 5, 47).
cost(22, 6, 50).
cost(22, 7, 29).
cost(22, 8, 11).
cost(22, 9, 19).
cost(22, 10, 50).
cost(22, 11, 26).
cost(22, 12, 26).
cost(22, 13, 18).
cost(22, 14, 46).
cost(22, 15, 12).
cost(22, 16, 57).
cost(22, 17, 13).
cost(22, 18, 47).
cost(22, 19, 19).
cost(22, 20, 36).
cost(22, 21, 32).
nocross(1,8).
nocross(1,9).
nocross(1,11).
nocross(1,12).
nocross(1,13).
nocross(1,15).
nocross(1,17).
nocross(1,19).
nocross(1,22).
nocross(2,3).
nocross(2,4).
nocross(2,6).
nocross(2,7).
nocross(2,10).
nocross(2,14).
nocross(2,15).
nocross(2,16).
nocross(2,17).
nocross(2,18).
nocross(3,2).
nocross(3,5).
nocross(3,6).
nocross(3,7).
nocross(3,10).
nocross(3,14).
nocross(3,16).
nocross(3,18).
nocross(3,20).
nocross(4,2).
nocross(4,3).
nocross(4,6).
nocross(4,10).
nocross(4,16).
nocross(4,17).
nocross(4,21).
nocross(5,3).
nocross(5,7).
nocross(5,9).
nocross(5,13).
nocross(5,14).
nocross(5,15).
nocross(5,16).
nocross(5,18).
nocross(5,20).
nocross(6,2).
nocross(6,3).
nocross(6,4).
nocross(6,10).
nocross(6,16).
nocross(7,1).
nocross(7,2).
nocross(7,3).
nocross(7,5).
nocross(7,8).
nocross(7,9).
nocross(7,14).
nocross(7,15).
nocross(7,16).
nocross(7,18).
nocross(7,20).
nocross(7,22).
nocross(8,1).
nocross(8,9).
nocross(8,11).
nocross(8,12).
nocross(8,13).
nocross(8,15).
nocross(8,17).
nocross(8,19).
nocross(8,22).
nocross(9,1).
nocross(9,5).
nocross(9,7).
nocross(9,8).
nocross(9,13).
nocross(9,15).
nocross(9,19).
nocross(9,20).
nocross(9,22).
nocross(10,2).
nocross(10,3).
nocross(10,4).
nocross(10,6).
nocross(10,16).
nocross(11,1).
nocross(11,8).
nocross(11,9).
nocross(11,12).
nocross(11,15).
nocross(11,17).
nocross(11,19).
nocross(11,21).
nocross(11,22).
nocross(12,1).
nocross(12,8).
nocross(12,9).
nocross(12,11).
nocross(12,13).
nocross(12,17).
nocross(12,19).
nocross(12,22).
nocross(13,1).
nocross(13,8).
nocross(13,9).
nocross(13,12).
nocross(13,15).
nocross(13,19).
nocross(13,22).
nocross(14,3).
nocross(14,5).
nocross(14,7).
nocross(14,15).
nocross(14,16).
nocross(14,18).
nocross(14,20).
nocross(15,1).
nocross(15,2).
nocross(15,7).
nocross(15,8).
nocross(15,9).
nocross(15,14).
nocross(15,17).
nocross(15,18).
nocross(15,20).
nocross(15,22).
nocross(16,2).
nocross(16,3).
nocross(16,6).
nocross(16,7).
nocross(16,10).
nocross(16,14).
nocross(16,18).
nocross(16,20).
nocross(17,1).
nocross(17,2).
nocross(17,4).
nocross(17,8).
nocross(17,9).
nocross(17,11).
nocross(17,15).
nocross(17,21).
nocross(17,22).
nocross(18,2).
nocross(18,3).
nocross(18,5).
nocross(18,7).
nocross(18,14).
nocross(18,16).
nocross(18,20).
nocross(19,1).
nocross(19,8).
nocross(19,9).
nocross(19,11).
nocross(19,12).
nocross(19,13).
nocross(19,15).
nocross(19,22).
nocross(20,3).
nocross(20,5).
nocross(20,7).
nocross(20,9).
nocross(20,14).
nocross(20,15).
nocross(20,16).
nocross(20,18).
nocross(21,1).
nocross(21,4).
nocross(21,8).
nocross(21,11).
nocross(21,17).
nocross(21,22).
nocross(22,1).
nocross(22,7).
nocross(22,8).
nocross(22,9).
nocross(22,11).
nocross(22,12).
nocross(22,13).
nocross(22,15).
nocross(22,17).
nocross(22,19).
nocross(22,21).
