dimension(22).
point(1, 23.1684743382, 41.189640332).
point(2, 30.5923367412, 13.561942257).
point(3, 40.070542411, 21.031515788).
point(4, 91.5054680527, 63.1027015517).
point(5, 11.1676340946, 1.6149412383).
point(6, 90.6802772742, 65.7908740846).
point(7, 95.0504645995, 89.8927777728).
point(8, 43.3075873335, 25.6598233479).
point(9, 74.35264653, 70.0195582918).
point(10, 6.0482008512, 39.1702609392).
point(11, 16.3452445328, 33.2431506933).
point(12, 15.7142053419, 16.047897745).
point(13, 69.9977105323, 83.7980255668).
point(14, 32.7368724313, 46.334996604).
point(15, 77.7508347587, 83.323244422).
point(16, 38.1844050492, 11.8636853697).
point(17, 75.238237748, 80.720722623).
point(18, 99.1491156728, 69.9041060359).
point(19, 52.6381946161, 87.3726337726).
point(20, 84.1001901601, 78.7017353096).
point(21, 93.3063252473, 84.7949378343).
point(22, 16.0176220764, 34.4057531041).
cost(1, 2, 29).
cost(1, 3, 26).
cost(1, 4, 72).
cost(1, 5, 41).
cost(1, 6, 72).
cost(1, 7, 87).
cost(1, 8, 25).
cost(1, 9, 59).
cost(1, 10, 17).
cost(1, 11, 10).
cost(1, 12, 26).
cost(1, 13, 63).
cost(1, 14, 11).
cost(1, 15, 69).
cost(1, 16, 33).
cost(1, 17, 65).
cost(1, 18, 81).
cost(1, 19, 55).
cost(1, 20, 72).
cost(1, 21, 83).
cost(1, 22, 10).
cost(2, 1, 29).
cost(2, 3, 12).
cost(2, 4, 79).
cost(2, 5, 23).
cost(2, 6, 80).
cost(2, 7, 100).
cost(2, 8, 18).
cost(2, 9, 71).
cost(2, 10, 35).
cost(2, 11, 24).
cost(2, 12, 15).
cost(2, 13, 81).
cost(2, 14, 33).
cost(2, 15, 84).
cost(2, 16, 8).
cost(2, 17, 81).
cost(2, 18, 89).
cost(2, 19, 77).
cost(2, 20, 84).
cost(2, 21, 95).
cost(2, 22, 25).
cost(3, 1, 26).
cost(3, 2, 12).
cost(3, 4, 66).
cost(3, 5, 35).
cost(3, 6, 68).
cost(3, 7, 88).
cost(3, 8, 6).
cost(3, 9, 60).
cost(3, 10, 39).
cost(3, 11, 27).
cost(3, 12, 25).
cost(3, 13, 70).
cost(3, 14, 26).
cost(3, 15, 73).
cost(3, 16, 9).
cost(3, 17, 69).
cost(3, 18, 77).
cost(3, 19, 68).
cost(3, 20, 73).
cost(3, 21, 83).
cost(3, 22, 28).
cost(4, 1, 72).
cost(4, 2, 79).
cost(4, 3, 66).
cost(4, 5, 101).
cost(4, 6, 3).
cost(4, 7, 27).
cost(4, 8, 61).
cost(4, 9, 18).
cost(4, 10, 89).
cost(4, 11, 81).
cost(4, 12, 89).
cost(4, 13, 30).
cost(4, 14, 61).
cost(4, 15, 24).
cost(4, 16, 74).
cost(4, 17, 24).
cost(4, 18, 10).
cost(4, 19, 46).
cost(4, 20, 17).
cost(4, 21, 22).
cost(4, 22, 81).
cost(5, 1, 41).
cost(5, 2, 23).
cost(5, 3, 35).
cost(5, 4, 101).
cost(5, 6, 102).
cost(5, 7, 122).
cost(5, 8, 40).
cost(5, 9, 93).
cost(5, 10, 38).
cost(5, 11, 32).
cost(5, 12, 15).
cost(5, 13, 101).
cost(5, 14, 50).
cost(5, 15, 105).
cost(5, 16, 29).
cost(5, 17, 102).
cost(5, 18, 111).
cost(5, 19, 95).
cost(5, 20, 106).
cost(5, 21, 117).
cost(5, 22, 33).
cost(6, 1, 72).
cost(6, 2, 80).
cost(6, 3, 68).
cost(6, 4, 3).
cost(6, 5, 102).
cost(6, 7, 24).
cost(6, 8, 62).
cost(6, 9, 17).
cost(6, 10, 89).
cost(6, 11, 81).
cost(6, 12, 90).
cost(6, 13, 27).
cost(6, 14, 61).
cost(6, 15, 22).
cost(6, 16, 75).
cost(6, 17, 21).
cost(6, 18, 9).
cost(6, 19, 44).
cost(6, 20, 14).
cost(6, 21, 19).
cost(6, 22, 81).
cost(7, 1, 87).
cost(7, 2, 100).
cost(7, 3, 88).
cost(7, 4, 27).
cost(7, 5, 122).
cost(7, 6, 24).
cost(7, 8, 82).
cost(7, 9, 29).
cost(7, 10, 102).
cost(7, 11, 97).
cost(7, 12, 108).
cost(7, 13, 26).
cost(7, 14, 76).
cost(7, 15, 19).
cost(7, 16, 97).
cost(7, 17, 22).
cost(7, 18, 20).
cost(7, 19, 42).
cost(7, 20, 16).
cost(7, 21, 5).
cost(7, 22, 97).
cost(8, 1, 25).
cost(8, 2, 18).
cost(8, 3, 6).
cost(8, 4, 61).
cost(8, 5, 40).
cost(8, 6, 62).
cost(8, 7, 82).
cost(8, 9, 54).
cost(8, 10, 40).
cost(8, 11, 28).
cost(8, 12, 29).
cost(8, 13, 64).
cost(8, 14, 23).
cost(8, 15, 67).
cost(8, 16, 15).
cost(8, 17, 64).
cost(8, 18, 71).
cost(8, 19, 62).
cost(8, 20, 67).
cost(8, 21, 77).
cost(8, 22, 29).
cost(9, 1, 59).
cost(9, 2, 71).
cost(9, 3, 60).
cost(9, 4, 18).
cost(9, 5, 93).
cost(9, 6, 17).
cost(9, 7, 29).
cost(9, 8, 54).
cost(9, 10, 75).
cost(9, 11, 69).
cost(9, 12, 80).
cost(9, 13, 14).
cost(9, 14, 48).
cost(9, 15, 14).
cost(9, 16, 68).
cost(9, 17, 11).
cost(9, 18, 25).
cost(9, 19, 28).
cost(9, 20, 13).
cost(9, 21, 24).
cost(9, 22, 68).
cost(10, 1, 17).
cost(10, 2, 35).
cost(10, 3, 39).
cost(10, 4, 89).
cost(10, 5, 38).
cost(10, 6, 89).
cost(10, 7, 102).
cost(10, 8, 40).
cost(10, 9, 75).
cost(10, 11, 12).
cost(10, 12, 25).
cost(10, 13, 78).
cost(10, 14, 28).
cost(10, 15, 84).
cost(10, 16, 42).
cost(10, 17, 81).
cost(10, 18, 98).
cost(10, 19, 67).
cost(10, 20, 87).
cost(10, 21, 98).
cost(10, 22, 11).
cost(11, 1, 10).
cost(11, 2, 24).
cost(11, 3, 27).
cost(11, 4, 81).
cost(11, 5, 32).
cost(11, 6, 81).
cost(11, 7, 97).
cost(11, 8, 28).
cost(11, 9, 69).
cost(11, 10, 12).
cost(11, 12, 17).
cost(11, 13, 74).
cost(11, 14, 21).
cost(11, 15, 79).
cost(11, 16, 31).
cost(11, 17, 76).
cost(11, 18, 91).
cost(11, 19, 65).
cost(11, 20, 82).
cost(11, 21, 93).
cost(11, 22, 1).
cost(12, 1, 26).
cost(12, 2, 15).
cost(12, 3, 25).
cost(12, 4, 89).
cost(12, 5, 15).
cost(12, 6, 90).
cost(12, 7, 108).
cost(12, 8, 29).
cost(12, 9, 80).
cost(12, 10, 25).
cost(12, 11, 17).
cost(12, 13, 87).
cost(12, 14, 35).
cost(12, 15, 92).
cost(12, 16, 23).
cost(12, 17, 88).
cost(12, 18, 99).
cost(12, 19, 80).
cost(12, 20, 93).
cost(12, 21, 104).
cost(12, 22, 18).
cost(13, 1, 63).
cost(13, 2, 81).
cost(13, 3, 70).
cost(13, 4, 30).
cost(13, 5, 101).
cost(13, 6, 27).
cost(13, 7, 26).
cost(13, 8, 64).
cost(13, 9, 14).
cost(13, 10, 78).
cost(13, 11, 74).
cost(13, 12, 87).
cost(13, 14, 53).
cost(13, 15, 8).
cost(13, 16, 79).
cost(13, 17, 6).
cost(13, 18, 32).
cost(13, 19, 18).
cost(13, 20, 15).
cost(13, 21, 23).
cost(13, 22, 73).
cost(14, 1, 11).
cost(14, 2, 33).
cost(14, 3, 26).
cost(14, 4, 61).
cost(14, 5, 50).
cost(14, 6, 61).
cost(14, 7, 76).
cost(14, 8, 23).
cost(14, 9, 48).
cost(14, 10, 28).
cost(14, 11, 21).
cost(14, 12, 35).
cost(14, 13, 53).
cost(14, 15, 58).
cost(14, 16, 35).
cost(14, 17, 55).
cost(14, 18, 70).
cost(14, 19, 46).
cost(14, 20, 61).
cost(14, 21, 72).
cost(14, 22, 21).
cost(15, 1, 69).
cost(15, 2, 84).
cost(15, 3, 73).
cost(15, 4, 24).
cost(15, 5, 105).
cost(15, 6, 22).
cost(15, 7, 19).
cost(15, 8, 67).
cost(15, 9, 14).
cost(15, 10, 84).
cost(15, 11, 79).
cost(15, 12, 92).
cost(15, 13, 8).
cost(15, 14, 58).
cost(15, 16, 82).
cost(15, 17, 4).
cost(15, 18, 25).
cost(15, 19, 25).
cost(15, 20, 8).
cost(15, 21, 16).
cost(15, 22, 79).
cost(16, 1, 33).
cost(16, 2, 8).
cost(16, 3, 9).
cost(16, 4, 74).
cost(16, 5, 29).
cost(16, 6, 75).
cost(16, 7, 97).
cost(16, 8, 15).
cost(16, 9, 68).
cost(16, 10, 42).
cost(16, 11, 31).
cost(16, 12, 23).
cost(16, 13, 79).
cost(16, 14, 35).
cost(16, 15, 82).
cost(16, 17, 78).
cost(16, 18, 84).
cost(16, 19, 77).
cost(16, 20, 81).
cost(16, 21, 91).
cost(16, 22, 32).
cost(17, 1, 65).
cost(17, 2, 81).
cost(17, 3, 69).
cost(17, 4, 24).
cost(17, 5, 102).
cost(17, 6, 21).
cost(17, 7, 22).
cost(17, 8, 64).
cost(17, 9, 11).
cost(17, 10, 81).
cost(17, 11, 76).
cost(17, 12, 88).
cost(17, 13, 6).
cost(17, 14, 55).
cost(17, 15, 4).
cost(17, 16, 78).
cost(17, 18, 26).
cost(17, 19, 24).
cost(17, 20, 9).
cost(17, 21, 19).
cost(17, 22, 75).
cost(18, 1, 81).
cost(18, 2, 89).
cost(18, 3, 77).
cost(18, 4, 10).
cost(18, 5, 111).
cost(18, 6, 9).
cost(18, 7, 20).
cost(18, 8, 71).
cost(18, 9, 25).
cost(18, 10, 98).
cost(18, 11, 91).
cost(18, 12, 99).
cost(18, 13, 32).
cost(18, 14, 70).
cost(18, 15, 25).
cost(18, 16, 84).
cost(18, 17, 26).
cost(18, 19, 50).
cost(18, 20, 17).
cost(18, 21, 16).
cost(18, 22, 90).
cost(19, 1, 55).
cost(19, 2, 77).
cost(19, 3, 68).
cost(19, 4, 46).
cost(19, 5, 95).
cost(19, 6, 44).
cost(19, 7, 42).
cost(19, 8, 62).
cost(19, 9, 28).
cost(19, 10, 67).
cost(19, 11, 65).
cost(19, 12, 80).
cost(19, 13, 18).
cost(19, 14, 46).
cost(19, 15, 25).
cost(19, 16, 77).
cost(19, 17, 24).
cost(19, 18, 50).
cost(19, 20, 33).
cost(19, 21, 41).
cost(19, 22, 64).
cost(20, 1, 72).
cost(20, 2, 84).
cost(20, 3, 73).
cost(20, 4, 17).
cost(20, 5, 106).
cost(20, 6, 14).
cost(20, 7, 16).
cost(20, 8, 67).
cost(20, 9, 13).
cost(20, 10, 87).
cost(20, 11, 82).
cost(20, 12, 93).
cost(20, 13, 15).
cost(20, 14, 61).
cost(20, 15, 8).
cost(20, 16, 81).
cost(20, 17, 9).
cost(20, 18, 17).
cost(20, 19, 33).
cost(20, 21, 11).
cost(20, 22, 81).
cost(21, 1, 83).
cost(21, 2, 95).
cost(21, 3, 83).
cost(21, 4, 22).
cost(21, 5, 117).
cost(21, 6, 19).
cost(21, 7, 5).
cost(21, 8, 77).
cost(21, 9, 24).
cost(21, 10, 98).
cost(21, 11, 93).
cost(21, 12, 104).
cost(21, 13, 23).
cost(21, 14, 72).
cost(21, 15, 16).
cost(21, 16, 91).
cost(21, 17, 19).
cost(21, 18, 16).
cost(21, 19, 41).
cost(21, 20, 11).
cost(21, 22, 92).
cost(22, 1, 10).
cost(22, 2, 25).
cost(22, 3, 28).
cost(22, 4, 81).
cost(22, 5, 33).
cost(22, 6, 81).
cost(22, 7, 97).
cost(22, 8, 29).
cost(22, 9, 68).
cost(22, 10, 11).
cost(22, 11, 1).
cost(22, 12, 18).
cost(22, 13, 73).
cost(22, 14, 21).
cost(22, 15, 79).
cost(22, 16, 32).
cost(22, 17, 75).
cost(22, 18, 90).
cost(22, 19, 64).
cost(22, 20, 81).
cost(22, 21, 92).
nocross(1,2).
nocross(1,3).
nocross(1,5).
nocross(1,8).
nocross(1,10).
nocross(1,11).
nocross(1,12).
nocross(1,14).
nocross(1,16).
nocross(1,22).
nocross(2,1).
nocross(2,5).
nocross(2,8).
nocross(2,11).
nocross(2,12).
nocross(2,14).
nocross(2,16).
nocross(2,22).
nocross(3,1).
nocross(3,2).
nocross(3,8).
nocross(3,10).
nocross(3,11).
nocross(3,14).
nocross(3,16).
nocross(3,22).
nocross(4,6).
nocross(4,7).
nocross(4,9).
nocross(4,13).
nocross(4,15).
nocross(4,17).
nocross(4,18).
nocross(4,20).
nocross(5,1).
nocross(5,2).
nocross(5,3).
nocross(5,10).
nocross(5,11).
nocross(5,12).
nocross(5,14).
nocross(5,16).
nocross(6,4).
nocross(6,9).
nocross(6,13).
nocross(6,15).
nocross(6,17).
nocross(6,18).
nocross(6,19).
nocross(6,20).
nocross(6,21).
nocross(7,6).
nocross(7,9).
nocross(7,15).
nocross(7,18).
nocross(7,20).
nocross(7,21).
nocross(8,1).
nocross(8,2).
nocross(8,5).
nocross(8,10).
nocross(8,11).
nocross(8,12).
nocross(8,14).
nocross(8,16).
nocross(8,22).
nocross(9,4).
nocross(9,6).
nocross(9,7).
nocross(9,13).
nocross(9,15).
nocross(9,17).
nocross(9,18).
nocross(9,19).
nocross(9,20).
nocross(9,21).
nocross(10,1).
nocross(10,2).
nocross(10,3).
nocross(10,5).
nocross(10,8).
nocross(10,11).
nocross(10,12).
nocross(10,14).
nocross(10,22).
nocross(11,1).
nocross(11,2).
nocross(11,3).
nocross(11,5).
nocross(11,8).
nocross(11,10).
nocross(11,12).
nocross(11,14).
nocross(11,22).
nocross(12,1).
nocross(12,2).
nocross(12,3).
nocross(12,5).
nocross(12,8).
nocross(12,10).
nocross(12,11).
nocross(12,14).
nocross(12,16).
nocross(12,22).
nocross(13,4).
nocross(13,6).
nocross(13,7).
nocross(13,9).
nocross(13,15).
nocross(13,17).
nocross(13,19).
nocross(13,20).
nocross(13,21).
nocross(14,1).
nocross(14,2).
nocross(14,3).
nocross(14,5).
nocross(14,8).
nocross(14,10).
nocross(14,11).
nocross(14,12).
nocross(14,13).
nocross(14,16).
nocross(14,17).
nocross(14,19).
nocross(15,4).
nocross(15,6).
nocross(15,7).
nocross(15,9).
nocross(15,13).
nocross(15,18).
nocross(15,20).
nocross(15,21).
nocross(16,1).
nocross(16,2).
nocross(16,3).
nocross(16,5).
nocross(16,11).
nocross(16,12).
nocross(16,14).
nocross(17,4).
nocross(17,6).
nocross(17,7).
nocross(17,9).
nocross(17,13).
nocross(17,15).
nocross(17,18).
nocross(17,19).
nocross(17,20).
nocross(17,21).
nocross(18,4).
nocross(18,6).
nocross(18,7).
nocross(18,15).
nocross(18,17).
nocross(18,20).
nocross(18,21).
nocross(19,4).
nocross(19,6).
nocross(19,7).
nocross(19,9).
nocross(19,13).
nocross(19,14).
nocross(19,15).
nocross(19,17).
nocross(19,18).
nocross(19,21).
nocross(20,4).
nocross(20,6).
nocross(20,7).
nocross(20,13).
nocross(20,15).
nocross(20,17).
nocross(20,18).
nocross(20,19).
nocross(20,21).
nocross(21,6).
nocross(21,7).
nocross(21,9).
nocross(21,15).
nocross(21,17).
nocross(21,18).
nocross(21,19).
nocross(21,20).
nocross(22,1).
nocross(22,2).
nocross(22,3).
nocross(22,5).
nocross(22,8).
nocross(22,10).
nocross(22,11).
nocross(22,12).
nocross(22,14).
