dimension(22).
point(1, 68.7052605907, 26.2227331504).
point(2, 11.3946714904, 52.1789916116).
point(3, 96.9600225793, 44.9307495325).
point(4, 41.1637833652, 80.8018891101).
point(5, 51.7779079721, 6.2860762277).
point(6, 97.3991103929, 17.9734300043).
point(7, 50.3421609845, 95.6071644882).
point(8, 16.081003618, 72.6711224787).
point(9, 47.4565110514, 69.0482469072).
point(10, 90.4714424292, 25.3528458791).
point(11, 5.9050148068, 67.4731090052).
point(12, 71.8388911068, 10.7867648538).
point(13, 32.3131680995, 74.5672508002).
point(14, 49.4166406455, 80.2991180254).
point(15, 90.675569082, 10.2243198487).
point(16, 91.0195220005, 40.3942676357).
point(17, 29.4463597706, 62.1961919594).
point(18, 97.5949146372, 53.2126122611).
point(19, 13.9185266699, 91.828550445).
point(20, 81.9467907446, 38.1342689483).
point(21, 52.9950126453, 94.0187245817).
point(22, 79.8111916604, 26.5567072676).
cost(1, 2, 63).
cost(1, 3, 34).
cost(1, 4, 61).
cost(1, 5, 26).
cost(1, 6, 30).
cost(1, 7, 72).
cost(1, 8, 70).
cost(1, 9, 48).
cost(1, 10, 22).
cost(1, 11, 75).
cost(1, 12, 16).
cost(1, 13, 61).
cost(1, 14, 57).
cost(1, 15, 27).
cost(1, 16, 26).
cost(1, 17, 53).
cost(1, 18, 40).
cost(1, 19, 85).
cost(1, 20, 18).
cost(1, 21, 70).
cost(1, 22, 11).
cost(2, 1, 63).
cost(2, 3, 86).
cost(2, 4, 41).
cost(2, 5, 61).
cost(2, 6, 93).
cost(2, 7, 58).
cost(2, 8, 21).
cost(2, 9, 40).
cost(2, 10, 84).
cost(2, 11, 16).
cost(2, 12, 73).
cost(2, 13, 31).
cost(2, 14, 47).
cost(2, 15, 90).
cost(2, 16, 80).
cost(2, 17, 21).
cost(2, 18, 86).
cost(2, 19, 40).
cost(2, 20, 72).
cost(2, 21, 59).
cost(2, 22, 73).
cost(3, 1, 34).
cost(3, 2, 86).
cost(3, 4, 66).
cost(3, 5, 59).
cost(3, 6, 27).
cost(3, 7, 69).
cost(3, 8, 86).
cost(3, 9, 55).
cost(3, 10, 21).
cost(3, 11, 94).
cost(3, 12, 42).
cost(3, 13, 71).
cost(3, 14, 59).
cost(3, 15, 35).
cost(3, 16, 7).
cost(3, 17, 70).
cost(3, 18, 8).
cost(3, 19, 95).
cost(3, 20, 16).
cost(3, 21, 66).
cost(3, 22, 25).
cost(4, 1, 61).
cost(4, 2, 41).
cost(4, 3, 66).
cost(4, 5, 75).
cost(4, 6, 84).
cost(4, 7, 17).
cost(4, 8, 26).
cost(4, 9, 13).
cost(4, 10, 74).
cost(4, 11, 38).
cost(4, 12, 76).
cost(4, 13, 11).
cost(4, 14, 8).
cost(4, 15, 86).
cost(4, 16, 64).
cost(4, 17, 22).
cost(4, 18, 63).
cost(4, 19, 29).
cost(4, 20, 59).
cost(4, 21, 18).
cost(4, 22, 67).
cost(5, 1, 26).
cost(5, 2, 61).
cost(5, 3, 59).
cost(5, 4, 75).
cost(5, 6, 47).
cost(5, 7, 89).
cost(5, 8, 75).
cost(5, 9, 63).
cost(5, 10, 43).
cost(5, 11, 76).
cost(5, 12, 21).
cost(5, 13, 71).
cost(5, 14, 74).
cost(5, 15, 39).
cost(5, 16, 52).
cost(5, 17, 60).
cost(5, 18, 66).
cost(5, 19, 94).
cost(5, 20, 44).
cost(5, 21, 88).
cost(5, 22, 35).
cost(6, 1, 30).
cost(6, 2, 93).
cost(6, 3, 27).
cost(6, 4, 84).
cost(6, 5, 47).
cost(6, 7, 91).
cost(6, 8, 98).
cost(6, 9, 71).
cost(6, 10, 10).
cost(6, 11, 104).
cost(6, 12, 27).
cost(6, 13, 86).
cost(6, 14, 79).
cost(6, 15, 10).
cost(6, 16, 23).
cost(6, 17, 81).
cost(6, 18, 35).
cost(6, 19, 111).
cost(6, 20, 25).
cost(6, 21, 88).
cost(6, 22, 20).
cost(7, 1, 72).
cost(7, 2, 58).
cost(7, 3, 69).
cost(7, 4, 17).
cost(7, 5, 89).
cost(7, 6, 91).
cost(7, 8, 41).
cost(7, 9, 27).
cost(7, 10, 81).
cost(7, 11, 53).
cost(7, 12, 88).
cost(7, 13, 28).
cost(7, 14, 15).
cost(7, 15, 94).
cost(7, 16, 69).
cost(7, 17, 39).
cost(7, 18, 63).
cost(7, 19, 37).
cost(7, 20, 66).
cost(7, 21, 3).
cost(7, 22, 75).
cost(8, 1, 70).
cost(8, 2, 21).
cost(8, 3, 86).
cost(8, 4, 26).
cost(8, 5, 75).
cost(8, 6, 98).
cost(8, 7, 41).
cost(8, 9, 32).
cost(8, 10, 88).
cost(8, 11, 11).
cost(8, 12, 83).
cost(8, 13, 16).
cost(8, 14, 34).
cost(8, 15, 97).
cost(8, 16, 82).
cost(8, 17, 17).
cost(8, 18, 84).
cost(8, 19, 19).
cost(8, 20, 74).
cost(8, 21, 43).
cost(8, 22, 79).
cost(9, 1, 48).
cost(9, 2, 40).
cost(9, 3, 55).
cost(9, 4, 13).
cost(9, 5, 63).
cost(9, 6, 71).
cost(9, 7, 27).
cost(9, 8, 32).
cost(9, 10, 61).
cost(9, 11, 42).
cost(9, 12, 63).
cost(9, 13, 16).
cost(9, 14, 11).
cost(9, 15, 73).
cost(9, 16, 52).
cost(9, 17, 19).
cost(9, 18, 53).
cost(9, 19, 41).
cost(9, 20, 46).
cost(9, 21, 26).
cost(9, 22, 53).
cost(10, 1, 22).
cost(10, 2, 84).
cost(10, 3, 21).
cost(10, 4, 74).
cost(10, 5, 43).
cost(10, 6, 10).
cost(10, 7, 81).
cost(10, 8, 88).
cost(10, 9, 61).
cost(10, 11, 94).
cost(10, 12, 24).
cost(10, 13, 76).
cost(10, 14, 69).
cost(10, 15, 15).
cost(10, 16, 15).
cost(10, 17, 71).
cost(10, 18, 29).
cost(10, 19, 101).
cost(10, 20, 15).
cost(10, 21, 78).
cost(10, 22, 11).
cost(11, 1, 75).
cost(11, 2, 16).
cost(11, 3, 94).
cost(11, 4, 38).
cost(11, 5, 76).
cost(11, 6, 104).
cost(11, 7, 53).
cost(11, 8, 11).
cost(11, 9, 42).
cost(11, 10, 94).
cost(11, 12, 87).
cost(11, 13, 27).
cost(11, 14, 45).
cost(11, 15, 102).
cost(11, 16, 89).
cost(11, 17, 24).
cost(11, 18, 93).
cost(11, 19, 26).
cost(11, 20, 82).
cost(11, 21, 54).
cost(11, 22, 84).
cost(12, 1, 16).
cost(12, 2, 73).
cost(12, 3, 42).
cost(12, 4, 76).
cost(12, 5, 21).
cost(12, 6, 27).
cost(12, 7, 88).
cost(12, 8, 83).
cost(12, 9, 63).
cost(12, 10, 24).
cost(12, 11, 87).
cost(12, 13, 75).
cost(12, 14, 73).
cost(12, 15, 19).
cost(12, 16, 35).
cost(12, 17, 67).
cost(12, 18, 50).
cost(12, 19, 100).
cost(12, 20, 29).
cost(12, 21, 85).
cost(12, 22, 18).
cost(13, 1, 61).
cost(13, 2, 31).
cost(13, 3, 71).
cost(13, 4, 11).
cost(13, 5, 71).
cost(13, 6, 86).
cost(13, 7, 28).
cost(13, 8, 16).
cost(13, 9, 16).
cost(13, 10, 76).
cost(13, 11, 27).
cost(13, 12, 75).
cost(13, 14, 18).
cost(13, 15, 87).
cost(13, 16, 68).
cost(13, 17, 13).
cost(13, 18, 69).
cost(13, 19, 25).
cost(13, 20, 62).
cost(13, 21, 28).
cost(13, 22, 68).
cost(14, 1, 57).
cost(14, 2, 47).
cost(14, 3, 59).
cost(14, 4, 8).
cost(14, 5, 74).
cost(14, 6, 79).
cost(14, 7, 15).
cost(14, 8, 34).
cost(14, 9, 11).
cost(14, 10, 69).
cost(14, 11, 45).
cost(14, 12, 73).
cost(14, 13, 18).
cost(14, 15, 81).
cost(14, 16, 58).
cost(14, 17, 27).
cost(14, 18, 55).
cost(14, 19, 37).
cost(14, 20, 53).
cost(14, 21, 14).
cost(14, 22, 62).
cost(15, 1, 27).
cost(15, 2, 90).
cost(15, 3, 35).
cost(15, 4, 86).
cost(15, 5, 39).
cost(15, 6, 10).
cost(15, 7, 94).
cost(15, 8, 97).
cost(15, 9, 73).
cost(15, 10, 15).
cost(15, 11, 102).
cost(15, 12, 19).
cost(15, 13, 87).
cost(15, 14, 81).
cost(15, 16, 30).
cost(15, 17, 80).
cost(15, 18, 44).
cost(15, 19, 112).
cost(15, 20, 29).
cost(15, 21, 92).
cost(15, 22, 20).
cost(16, 1, 26).
cost(16, 2, 80).
cost(16, 3, 7).
cost(16, 4, 64).
cost(16, 5, 52).
cost(16, 6, 23).
cost(16, 7, 69).
cost(16, 8, 82).
cost(16, 9, 52).
cost(16, 10, 15).
cost(16, 11, 89).
cost(16, 12, 35).
cost(16, 13, 68).
cost(16, 14, 58).
cost(16, 15, 30).
cost(16, 17, 65).
cost(16, 18, 14).
cost(16, 19, 93).
cost(16, 20, 9).
cost(16, 21, 66).
cost(16, 22, 18).
cost(17, 1, 53).
cost(17, 2, 21).
cost(17, 3, 70).
cost(17, 4, 22).
cost(17, 5, 60).
cost(17, 6, 81).
cost(17, 7, 39).
cost(17, 8, 17).
cost(17, 9, 19).
cost(17, 10, 71).
cost(17, 11, 24).
cost(17, 12, 67).
cost(17, 13, 13).
cost(17, 14, 27).
cost(17, 15, 80).
cost(17, 16, 65).
cost(17, 18, 69).
cost(17, 19, 33).
cost(17, 20, 58).
cost(17, 21, 40).
cost(17, 22, 62).
cost(18, 1, 40).
cost(18, 2, 86).
cost(18, 3, 8).
cost(18, 4, 63).
cost(18, 5, 66).
cost(18, 6, 35).
cost(18, 7, 63).
cost(18, 8, 84).
cost(18, 9, 53).
cost(18, 10, 29).
cost(18, 11, 93).
cost(18, 12, 50).
cost(18, 13, 69).
cost(18, 14, 55).
cost(18, 15, 44).
cost(18, 16, 14).
cost(18, 17, 69).
cost(18, 19, 92).
cost(18, 20, 22).
cost(18, 21, 60).
cost(18, 22, 32).
cost(19, 1, 85).
cost(19, 2, 40).
cost(19, 3, 95).
cost(19, 4, 29).
cost(19, 5, 94).
cost(19, 6, 111).
cost(19, 7, 37).
cost(19, 8, 19).
cost(19, 9, 41).
cost(19, 10, 101).
cost(19, 11, 26).
cost(19, 12, 100).
cost(19, 13, 25).
cost(19, 14, 37).
cost(19, 15, 112).
cost(19, 16, 93).
cost(19, 17, 33).
cost(19, 18, 92).
cost(19, 20, 87).
cost(19, 21, 39).
cost(19, 22, 93).
cost(20, 1, 18).
cost(20, 2, 72).
cost(20, 3, 16).
cost(20, 4, 59).
cost(20, 5, 44).
cost(20, 6, 25).
cost(20, 7, 66).
cost(20, 8, 74).
cost(20, 9, 46).
cost(20, 10, 15).
cost(20, 11, 82).
cost(20, 12, 29).
cost(20, 13, 62).
cost(20, 14, 53).
cost(20, 15, 29).
cost(20, 16, 9).
cost(20, 17, 58).
cost(20, 18, 22).
cost(20, 19, 87).
cost(20, 21, 63).
cost(20, 22, 12).
cost(21, 1, 70).
cost(21, 2, 59).
cost(21, 3, 66).
cost(21, 4, 18).
cost(21, 5, 88).
cost(21, 6, 88).
cost(21, 7, 3).
cost(21, 8, 43).
cost(21, 9, 26).
cost(21, 10, 78).
cost(21, 11, 54).
cost(21, 12, 85).
cost(21, 13, 28).
cost(21, 14, 14).
cost(21, 15, 92).
cost(21, 16, 66).
cost(21, 17, 40).
cost(21, 18, 60).
cost(21, 19, 39).
cost(21, 20, 63).
cost(21, 22, 73).
cost(22, 1, 11).
cost(22, 2, 73).
cost(22, 3, 25).
cost(22, 4, 67).
cost(22, 5, 35).
cost(22, 6, 20).
cost(22, 7, 75).
cost(22, 8, 79).
cost(22, 9, 53).
cost(22, 10, 11).
cost(22, 11, 84).
cost(22, 12, 18).
cost(22, 13, 68).
cost(22, 14, 62).
cost(22, 15, 20).
cost(22, 16, 18).
cost(22, 17, 62).
cost(22, 18, 32).
cost(22, 19, 93).
cost(22, 20, 12).
cost(22, 21, 73).
nocross(1,2).
nocross(1,3).
nocross(1,5).
nocross(1,6).
nocross(1,10).
nocross(1,12).
nocross(1,15).
nocross(1,18).
nocross(1,20).
nocross(1,22).
nocross(2,1).
nocross(2,5).
nocross(2,8).
nocross(2,9).
nocross(2,11).
nocross(2,17).
nocross(2,19).
nocross(3,1).
nocross(3,6).
nocross(3,10).
nocross(3,15).
nocross(3,16).
nocross(3,18).
nocross(3,20).
nocross(3,22).
nocross(4,2).
nocross(4,7).
nocross(4,8).
nocross(4,9).
nocross(4,14).
nocross(4,17).
nocross(4,19).
nocross(4,21).
nocross(5,1).
nocross(5,2).
nocross(5,10).
nocross(5,12).
nocross(5,15).
nocross(5,16).
nocross(5,17).
nocross(5,20).
nocross(5,22).
nocross(6,1).
nocross(6,3).
nocross(6,5).
nocross(6,10).
nocross(6,12).
nocross(6,15).
nocross(6,16).
nocross(6,18).
nocross(6,20).
nocross(6,22).
nocross(7,4).
nocross(7,8).
nocross(7,9).
nocross(7,13).
nocross(7,14).
nocross(7,19).
nocross(7,21).
nocross(8,2).
nocross(8,4).
nocross(8,7).
nocross(8,9).
nocross(8,11).
nocross(8,13).
nocross(8,14).
nocross(8,17).
nocross(8,19).
nocross(9,1).
nocross(9,4).
nocross(9,8).
nocross(9,13).
nocross(9,14).
nocross(9,17).
nocross(9,18).
nocross(9,19).
nocross(9,20).
nocross(10,1).
nocross(10,3).
nocross(10,5).
nocross(10,6).
nocross(10,12).
nocross(10,15).
nocross(10,16).
nocross(10,18).
nocross(10,20).
nocross(10,22).
nocross(11,2).
nocross(11,4).
nocross(11,8).
nocross(11,13).
nocross(11,17).
nocross(11,19).
nocross(12,1).
nocross(12,5).
nocross(12,6).
nocross(12,10).
nocross(12,15).
nocross(12,16).
nocross(12,20).
nocross(12,22).
nocross(13,2).
nocross(13,4).
nocross(13,7).
nocross(13,8).
nocross(13,9).
nocross(13,11).
nocross(13,14).
nocross(13,17).
nocross(13,19).
nocross(14,2).
nocross(14,4).
nocross(14,7).
nocross(14,9).
nocross(14,13).
nocross(14,17).
nocross(14,21).
nocross(15,1).
nocross(15,3).
nocross(15,5).
nocross(15,6).
nocross(15,10).
nocross(15,12).
nocross(15,16).
nocross(15,18).
nocross(15,20).
nocross(16,1).
nocross(16,3).
nocross(16,5).
nocross(16,6).
nocross(16,10).
nocross(16,15).
nocross(16,18).
nocross(16,20).
nocross(16,22).
nocross(17,1).
nocross(17,2).
nocross(17,4).
nocross(17,5).
nocross(17,7).
nocross(17,8).
nocross(17,9).
nocross(17,11).
nocross(17,13).
nocross(17,14).
nocross(17,19).
nocross(17,21).
nocross(18,1).
nocross(18,3).
nocross(18,6).
nocross(18,10).
nocross(18,15).
nocross(18,16).
nocross(18,20).
nocross(18,21).
nocross(18,22).
nocross(19,2).
nocross(19,4).
nocross(19,7).
nocross(19,8).
nocross(19,9).
nocross(19,11).
nocross(19,13).
nocross(19,14).
nocross(19,17).
nocross(20,1).
nocross(20,3).
nocross(20,5).
nocross(20,10).
nocross(20,12).
nocross(20,16).
nocross(20,18).
nocross(20,22).
nocross(21,4).
nocross(21,7).
nocross(21,9).
nocross(21,14).
nocross(21,18).
nocross(21,19).
nocross(22,1).
nocross(22,3).
nocross(22,5).
nocross(22,10).
nocross(22,12).
nocross(22,15).
nocross(22,16).
nocross(22,18).
nocross(22,20).
