dimension(22).
point(1, 16.931542926, 22.8939877315).
point(2, 89.8264790986, 21.2756191222).
point(3, 29.4461679604, 34.7131556153).
point(4, 29.1162503055, 66.1664710404).
point(5, 70.9388849709, 56.0673638537).
point(6, 76.6452186094, 68.87664835).
point(7, 11.2137975716, 50.4942459768).
point(8, 24.9329628978, 67.4751620783).
point(9, 72.4351846647, 43.2434797346).
point(10, 71.2642532012, 39.5563214168).
point(11, 40.0887117042, 31.4489462536).
point(12, 35.7135134446, 47.7358638756).
point(13, 65.8769214684, 30.9902680552).
point(14, 73.1269087404, 38.9449581623).
point(15, 91.329105913, 68.6011533067).
point(16, 90.9013654423, 28.0464531698).
point(17, 11.0108772561, 58.5125063703).
point(18, 81.7178615606, 32.005281498).
point(19, 94.796035311, 35.3238112826).
point(20, 20.2630324776, 70.7439937314).
point(21, 19.5806162851, 27.4261278328).
point(22, 3.4377812244, 58.4799383798).
cost(1, 2, 73).
cost(1, 3, 17).
cost(1, 4, 45).
cost(1, 5, 63).
cost(1, 6, 75).
cost(1, 7, 28).
cost(1, 8, 45).
cost(1, 9, 59).
cost(1, 10, 57).
cost(1, 11, 25).
cost(1, 12, 31).
cost(1, 13, 50).
cost(1, 14, 58).
cost(1, 15, 87).
cost(1, 16, 74).
cost(1, 17, 36).
cost(1, 18, 65).
cost(1, 19, 79).
cost(1, 20, 48).
cost(1, 21, 5).
cost(1, 22, 38).
cost(2, 1, 73).
cost(2, 3, 62).
cost(2, 4, 76).
cost(2, 5, 40).
cost(2, 6, 49).
cost(2, 7, 84).
cost(2, 8, 80).
cost(2, 9, 28).
cost(2, 10, 26).
cost(2, 11, 51).
cost(2, 12, 60).
cost(2, 13, 26).
cost(2, 14, 24).
cost(2, 15, 47).
cost(2, 16, 7).
cost(2, 17, 87).
cost(2, 18, 13).
cost(2, 19, 15).
cost(2, 20, 85).
cost(2, 21, 71).
cost(2, 22, 94).
cost(3, 1, 17).
cost(3, 2, 62).
cost(3, 4, 31).
cost(3, 5, 47).
cost(3, 6, 58).
cost(3, 7, 24).
cost(3, 8, 33).
cost(3, 9, 44).
cost(3, 10, 42).
cost(3, 11, 11).
cost(3, 12, 14).
cost(3, 13, 37).
cost(3, 14, 44).
cost(3, 15, 71).
cost(3, 16, 62).
cost(3, 17, 30).
cost(3, 18, 52).
cost(3, 19, 65).
cost(3, 20, 37).
cost(3, 21, 12).
cost(3, 22, 35).
cost(4, 1, 45).
cost(4, 2, 76).
cost(4, 3, 31).
cost(4, 5, 43).
cost(4, 6, 48).
cost(4, 7, 24).
cost(4, 8, 4).
cost(4, 9, 49).
cost(4, 10, 50).
cost(4, 11, 36).
cost(4, 12, 20).
cost(4, 13, 51).
cost(4, 14, 52).
cost(4, 15, 62).
cost(4, 16, 73).
cost(4, 17, 20).
cost(4, 18, 63).
cost(4, 19, 73).
cost(4, 20, 10).
cost(4, 21, 40).
cost(4, 22, 27).
cost(5, 1, 63).
cost(5, 2, 40).
cost(5, 3, 47).
cost(5, 4, 43).
cost(5, 6, 14).
cost(5, 7, 60).
cost(5, 8, 47).
cost(5, 9, 13).
cost(5, 10, 17).
cost(5, 11, 39).
cost(5, 12, 36).
cost(5, 13, 26).
cost(5, 14, 17).
cost(5, 15, 24).
cost(5, 16, 34).
cost(5, 17, 60).
cost(5, 18, 26).
cost(5, 19, 32).
cost(5, 20, 53).
cost(5, 21, 59).
cost(5, 22, 68).
cost(6, 1, 75).
cost(6, 2, 49).
cost(6, 3, 58).
cost(6, 4, 48).
cost(6, 5, 14).
cost(6, 7, 68).
cost(6, 8, 52).
cost(6, 9, 26).
cost(6, 10, 30).
cost(6, 11, 52).
cost(6, 12, 46).
cost(6, 13, 39).
cost(6, 14, 30).
cost(6, 15, 15).
cost(6, 16, 43).
cost(6, 17, 66).
cost(6, 18, 37).
cost(6, 19, 38).
cost(6, 20, 56).
cost(6, 21, 71).
cost(6, 22, 74).
cost(7, 1, 28).
cost(7, 2, 84).
cost(7, 3, 24).
cost(7, 4, 24).
cost(7, 5, 60).
cost(7, 6, 68).
cost(7, 8, 22).
cost(7, 9, 62).
cost(7, 10, 61).
cost(7, 11, 35).
cost(7, 12, 25).
cost(7, 13, 58).
cost(7, 14, 63).
cost(7, 15, 82).
cost(7, 16, 83).
cost(7, 17, 8).
cost(7, 18, 73).
cost(7, 19, 85).
cost(7, 20, 22).
cost(7, 21, 25).
cost(7, 22, 11).
cost(8, 1, 45).
cost(8, 2, 80).
cost(8, 3, 33).
cost(8, 4, 4).
cost(8, 5, 47).
cost(8, 6, 52).
cost(8, 7, 22).
cost(8, 9, 53).
cost(8, 10, 54).
cost(8, 11, 39).
cost(8, 12, 22).
cost(8, 13, 55).
cost(8, 14, 56).
cost(8, 15, 66).
cost(8, 16, 77).
cost(8, 17, 17).
cost(8, 18, 67).
cost(8, 19, 77).
cost(8, 20, 6).
cost(8, 21, 40).
cost(8, 22, 23).
cost(9, 1, 59).
cost(9, 2, 28).
cost(9, 3, 44).
cost(9, 4, 49).
cost(9, 5, 13).
cost(9, 6, 26).
cost(9, 7, 62).
cost(9, 8, 53).
cost(9, 10, 4).
cost(9, 11, 34).
cost(9, 12, 37).
cost(9, 13, 14).
cost(9, 14, 4).
cost(9, 15, 32).
cost(9, 16, 24).
cost(9, 17, 63).
cost(9, 18, 15).
cost(9, 19, 24).
cost(9, 20, 59).
cost(9, 21, 55).
cost(9, 22, 71).
cost(10, 1, 57).
cost(10, 2, 26).
cost(10, 3, 42).
cost(10, 4, 50).
cost(10, 5, 17).
cost(10, 6, 30).
cost(10, 7, 61).
cost(10, 8, 54).
cost(10, 9, 4).
cost(10, 11, 32).
cost(10, 12, 36).
cost(10, 13, 10).
cost(10, 14, 2).
cost(10, 15, 35).
cost(10, 16, 23).
cost(10, 17, 63).
cost(10, 18, 13).
cost(10, 19, 24).
cost(10, 20, 60).
cost(10, 21, 53).
cost(10, 22, 70).
cost(11, 1, 25).
cost(11, 2, 51).
cost(11, 3, 11).
cost(11, 4, 36).
cost(11, 5, 39).
cost(11, 6, 52).
cost(11, 7, 35).
cost(11, 8, 39).
cost(11, 9, 34).
cost(11, 10, 32).
cost(11, 12, 17).
cost(11, 13, 26).
cost(11, 14, 34).
cost(11, 15, 63).
cost(11, 16, 51).
cost(11, 17, 40).
cost(11, 18, 42).
cost(11, 19, 55).
cost(11, 20, 44).
cost(11, 21, 21).
cost(11, 22, 46).
cost(12, 1, 31).
cost(12, 2, 60).
cost(12, 3, 14).
cost(12, 4, 20).
cost(12, 5, 36).
cost(12, 6, 46).
cost(12, 7, 25).
cost(12, 8, 22).
cost(12, 9, 37).
cost(12, 10, 36).
cost(12, 11, 17).
cost(12, 13, 34).
cost(12, 14, 38).
cost(12, 15, 59).
cost(12, 16, 59).
cost(12, 17, 27).
cost(12, 18, 49).
cost(12, 19, 60).
cost(12, 20, 28).
cost(12, 21, 26).
cost(12, 22, 34).
cost(13, 1, 50).
cost(13, 2, 26).
cost(13, 3, 37).
cost(13, 4, 51).
cost(13, 5, 26).
cost(13, 6, 39).
cost(13, 7, 58).
cost(13, 8, 55).
cost(13, 9, 14).
cost(13, 10, 10).
cost(13, 11, 26).
cost(13, 12, 34).
cost(13, 14, 11).
cost(13, 15, 45).
cost(13, 16, 25).
cost(13, 17, 61).
cost(13, 18, 16).
cost(13, 19, 29).
cost(13, 20, 61).
cost(13, 21, 46).
cost(13, 22, 68).
cost(14, 1, 58).
cost(14, 2, 24).
cost(14, 3, 44).
cost(14, 4, 52).
cost(14, 5, 17).
cost(14, 6, 30).
cost(14, 7, 63).
cost(14, 8, 56).
cost(14, 9, 4).
cost(14, 10, 2).
cost(14, 11, 34).
cost(14, 12, 38).
cost(14, 13, 11).
cost(14, 15, 35).
cost(14, 16, 21).
cost(14, 17, 65).
cost(14, 18, 11).
cost(14, 19, 22).
cost(14, 20, 62).
cost(14, 21, 55).
cost(14, 22, 72).
cost(15, 1, 87).
cost(15, 2, 47).
cost(15, 3, 71).
cost(15, 4, 62).
cost(15, 5, 24).
cost(15, 6, 15).
cost(15, 7, 82).
cost(15, 8, 66).
cost(15, 9, 32).
cost(15, 10, 35).
cost(15, 11, 63).
cost(15, 12, 59).
cost(15, 13, 45).
cost(15, 14, 35).
cost(15, 16, 41).
cost(15, 17, 81).
cost(15, 18, 38).
cost(15, 19, 33).
cost(15, 20, 71).
cost(15, 21, 83).
cost(15, 22, 88).
cost(16, 1, 74).
cost(16, 2, 7).
cost(16, 3, 62).
cost(16, 4, 73).
cost(16, 5, 34).
cost(16, 6, 43).
cost(16, 7, 83).
cost(16, 8, 77).
cost(16, 9, 24).
cost(16, 10, 23).
cost(16, 11, 51).
cost(16, 12, 59).
cost(16, 13, 25).
cost(16, 14, 21).
cost(16, 15, 41).
cost(16, 17, 86).
cost(16, 18, 10).
cost(16, 19, 8).
cost(16, 20, 83).
cost(16, 21, 71).
cost(16, 22, 93).
cost(17, 1, 36).
cost(17, 2, 87).
cost(17, 3, 30).
cost(17, 4, 20).
cost(17, 5, 60).
cost(17, 6, 66).
cost(17, 7, 8).
cost(17, 8, 17).
cost(17, 9, 63).
cost(17, 10, 63).
cost(17, 11, 40).
cost(17, 12, 27).
cost(17, 13, 61).
cost(17, 14, 65).
cost(17, 15, 81).
cost(17, 16, 86).
cost(17, 18, 76).
cost(17, 19, 87).
cost(17, 20, 15).
cost(17, 21, 32).
cost(17, 22, 8).
cost(18, 1, 65).
cost(18, 2, 13).
cost(18, 3, 52).
cost(18, 4, 63).
cost(18, 5, 26).
cost(18, 6, 37).
cost(18, 7, 73).
cost(18, 8, 67).
cost(18, 9, 15).
cost(18, 10, 13).
cost(18, 11, 42).
cost(18, 12, 49).
cost(18, 13, 16).
cost(18, 14, 11).
cost(18, 15, 38).
cost(18, 16, 10).
cost(18, 17, 76).
cost(18, 19, 13).
cost(18, 20, 73).
cost(18, 21, 62).
cost(18, 22, 83).
cost(19, 1, 79).
cost(19, 2, 15).
cost(19, 3, 65).
cost(19, 4, 73).
cost(19, 5, 32).
cost(19, 6, 38).
cost(19, 7, 85).
cost(19, 8, 77).
cost(19, 9, 24).
cost(19, 10, 24).
cost(19, 11, 55).
cost(19, 12, 60).
cost(19, 13, 29).
cost(19, 14, 22).
cost(19, 15, 33).
cost(19, 16, 8).
cost(19, 17, 87).
cost(19, 18, 13).
cost(19, 20, 83).
cost(19, 21, 76).
cost(19, 22, 94).
cost(20, 1, 48).
cost(20, 2, 85).
cost(20, 3, 37).
cost(20, 4, 10).
cost(20, 5, 53).
cost(20, 6, 56).
cost(20, 7, 22).
cost(20, 8, 6).
cost(20, 9, 59).
cost(20, 10, 60).
cost(20, 11, 44).
cost(20, 12, 28).
cost(20, 13, 61).
cost(20, 14, 62).
cost(20, 15, 71).
cost(20, 16, 83).
cost(20, 17, 15).
cost(20, 18, 73).
cost(20, 19, 83).
cost(20, 21, 43).
cost(20, 22, 21).
cost(21, 1, 5).
cost(21, 2, 71).
cost(21, 3, 12).
cost(21, 4, 40).
cost(21, 5, 59).
cost(21, 6, 71).
cost(21, 7, 25).
cost(21, 8, 40).
cost(21, 9, 55).
cost(21, 10, 53).
cost(21, 11, 21).
cost(21, 12, 26).
cost(21, 13, 46).
cost(21, 14, 55).
cost(21, 15, 83).
cost(21, 16, 71).
cost(21, 17, 32).
cost(21, 18, 62).
cost(21, 19, 76).
cost(21, 20, 43).
cost(21, 22, 35).
cost(22, 1, 38).
cost(22, 2, 94).
cost(22, 3, 35).
cost(22, 4, 27).
cost(22, 5, 68).
cost(22, 6, 74).
cost(22, 7, 11).
cost(22, 8, 23).
cost(22, 9, 71).
cost(22, 10, 70).
cost(22, 11, 46).
cost(22, 12, 34).
cost(22, 13, 68).
cost(22, 14, 72).
cost(22, 15, 88).
cost(22, 16, 93).
cost(22, 17, 8).
cost(22, 18, 83).
cost(22, 19, 94).
cost(22, 20, 21).
cost(22, 21, 35).
nocross(1,3).
nocross(1,7).
nocross(1,11).
nocross(1,21).
nocross(2,10).
nocross(2,11).
nocross(2,13).
nocross(2,14).
nocross(2,16).
nocross(2,18).
nocross(2,19).
nocross(3,1).
nocross(3,7).
nocross(3,11).
nocross(3,12).
nocross(3,13).
nocross(3,17).
nocross(3,21).
nocross(3,22).
nocross(4,6).
nocross(4,7).
nocross(4,8).
nocross(4,12).
nocross(4,17).
nocross(4,20).
nocross(4,22).
nocross(5,4).
nocross(5,6).
nocross(5,8).
nocross(5,9).
nocross(5,10).
nocross(5,12).
nocross(5,14).
nocross(5,15).
nocross(5,18).
nocross(5,19).
nocross(5,20).
nocross(6,4).
nocross(6,5).
nocross(6,8).
nocross(6,9).
nocross(6,15).
nocross(6,20).
nocross(7,1).
nocross(7,3).
nocross(7,4).
nocross(7,8).
nocross(7,11).
nocross(7,12).
nocross(7,17).
nocross(7,21).
nocross(7,22).
nocross(8,4).
nocross(8,7).
nocross(8,12).
nocross(8,17).
nocross(8,20).
nocross(8,22).
nocross(9,5).
nocross(9,10).
nocross(9,12).
nocross(9,13).
nocross(9,14).
nocross(9,15).
nocross(9,16).
nocross(9,18).
nocross(9,19).
nocross(10,5).
nocross(10,9).
nocross(10,11).
nocross(10,12).
nocross(10,13).
nocross(10,14).
nocross(10,16).
nocross(10,18).
nocross(10,19).
nocross(11,1).
nocross(11,3).
nocross(11,10).
nocross(11,12).
nocross(11,13).
nocross(11,14).
nocross(11,18).
nocross(11,21).
nocross(12,1).
nocross(12,3).
nocross(12,4).
nocross(12,5).
nocross(12,7).
nocross(12,8).
nocross(12,9).
nocross(12,10).
nocross(12,11).
nocross(12,13).
nocross(12,14).
nocross(12,17).
nocross(12,21).
nocross(12,22).
nocross(13,1).
nocross(13,2).
nocross(13,3).
nocross(13,9).
nocross(13,10).
nocross(13,11).
nocross(13,14).
nocross(13,16).
nocross(13,18).
nocross(13,19).
nocross(13,21).
nocross(14,2).
nocross(14,5).
nocross(14,9).
nocross(14,10).
nocross(14,11).
nocross(14,13).
nocross(14,16).
nocross(14,18).
nocross(14,19).
nocross(15,5).
nocross(15,6).
nocross(15,9).
nocross(15,19).
nocross(16,2).
nocross(16,9).
nocross(16,10).
nocross(16,13).
nocross(16,14).
nocross(16,18).
nocross(16,19).
nocross(17,4).
nocross(17,7).
nocross(17,8).
nocross(17,12).
nocross(17,20).
nocross(17,22).
nocross(18,2).
nocross(18,9).
nocross(18,10).
nocross(18,11).
nocross(18,13).
nocross(18,14).
nocross(18,16).
nocross(18,19).
nocross(19,2).
nocross(19,9).
nocross(19,10).
nocross(19,13).
nocross(19,14).
nocross(19,15).
nocross(19,16).
nocross(19,18).
nocross(20,4).
nocross(20,7).
nocross(20,8).
nocross(20,17).
nocross(20,22).
nocross(21,1).
nocross(21,3).
nocross(21,7).
nocross(21,11).
nocross(21,13).
nocross(22,4).
nocross(22,7).
nocross(22,8).
nocross(22,12).
nocross(22,17).
nocross(22,20).
