dimension(30).
point(1, 371364.0, 443118.0).
point(2, 171671.0, 345301.0).
point(3, 99586.0, 771556.0).
point(4, 32214.0, 161926.0).
point(5, 188662.0, 593595.0).
point(6, 732409.0, 228764.0).
point(7, 58183.0, 308248.0).
point(8, 382273.0, 746675.0).
point(9, 33352.0, 343672.0).
point(10, 179180.0, 244950.0).
point(11, 588255.0, 882293.0).
point(12, 78302.0, 6434.0).
point(13, 598956.0, 508593.0).
point(14, 423453.0, 182721.0).
point(15, 694380.0, 43806.0).
point(16, 895042.0, 736213.0).
point(17, 967108.0, 374497.0).
point(18, 523941.0, 900936.0).
point(19, 368127.0, 355503.0).
point(20, 12946.0, 760013.0).
point(21, 566775.0, 616192.0).
point(22, 157500.0, 804444.0).
point(23, 113742.0, 635807.0).
point(24, 671230.0, 4401.0).
point(25, 226320.0, 790506.0).
point(26, 192461.0, 479628.0).
point(27, 710860.0, 382233.0).
point(28, 561289.0, 635150.0).
point(29, 476009.0, 797173.0).
point(30, 821360.0, 198650.0).
cost(1, 2, 222363).
cost(1, 3, 426304).
cost(1, 4, 440558).
cost(1, 5, 236693).
cost(1, 6, 419882).
cost(1, 7, 340987).
cost(1, 8, 303753).
cost(1, 9, 352337).
cost(1, 10, 276053).
cost(1, 11, 489813).
cost(1, 12, 525907).
cost(1, 13, 236823).
cost(1, 14, 265556).
cost(1, 15, 513604).
cost(1, 16, 600119).
cost(1, 17, 599683).
cost(1, 18, 482573).
cost(1, 19, 87675).
cost(1, 20, 478420).
cost(1, 21, 261037).
cost(1, 22, 419874).
cost(1, 23, 321711).
cost(1, 24, 531406).
cost(1, 25, 376452).
cost(1, 26, 182590).
cost(1, 27, 344912).
cost(1, 28, 270088).
cost(1, 29, 369196).
cost(1, 30, 512114).
cost(2, 1, 222363).
cost(2, 3, 432307).
cost(2, 4, 230379).
cost(2, 5, 248875).
cost(2, 6, 572720).
cost(2, 7, 119384).
cost(2, 8, 453271).
cost(2, 9, 138329).
cost(2, 10, 100632).
cost(2, 11, 679634).
cost(2, 12, 351495).
cost(2, 13, 457424).
cost(2, 14, 299711).
cost(2, 15, 603427).
cost(2, 16, 822240).
cost(2, 17, 795973).
cost(2, 18, 657894).
cost(2, 19, 196721).
cost(2, 20, 444049).
cost(2, 21, 479050).
cost(2, 22, 459362).
cost(2, 23, 296225).
cost(2, 24, 604791).
cost(2, 25, 448547).
cost(2, 26, 135926).
cost(2, 27, 540452).
cost(2, 28, 485607).
cost(2, 29, 544803).
cost(2, 30, 666035).
cost(3, 1, 426304).
cost(3, 2, 432307).
cost(3, 4, 613341).
cost(3, 5, 199009).
cost(3, 6, 833719).
cost(3, 7, 465154).
cost(3, 8, 283780).
cost(3, 9, 432980).
cost(3, 10, 532587).
cost(3, 11, 501059).
cost(3, 12, 765418).
cost(3, 13, 564376).
cost(3, 14, 672024).
cost(3, 15, 939894).
cost(3, 16, 796241).
cost(3, 17, 954070).
cost(3, 18, 443640).
cost(3, 19, 495191).
cost(3, 20, 87406).
cost(3, 21, 492345).
cost(3, 22, 66601).
cost(3, 23, 136485).
cost(3, 24, 956715).
cost(3, 25, 128143).
cost(3, 26, 306346).
cost(3, 27, 724726).
cost(3, 28, 481431).
cost(3, 29, 377294).
cost(3, 30, 921509).
cost(4, 1, 440558).
cost(4, 2, 230379).
cost(4, 3, 613341).
cost(4, 5, 459145).
cost(4, 6, 703378).
cost(4, 7, 148609).
cost(4, 8, 681522).
cost(4, 9, 181750).
cost(4, 10, 168796).
cost(4, 11, 910006).
cost(4, 12, 162178).
cost(4, 13, 664360).
cost(4, 14, 391791).
cost(4, 15, 672619).
cost(4, 16, 1036474).
cost(4, 17, 958756).
cost(4, 18, 887655).
cost(4, 19, 387698).
cost(4, 20, 598397).
cost(4, 21, 701508).
cost(4, 22, 654619).
cost(4, 23, 480843).
cost(4, 24, 658146).
cost(4, 25, 657868).
cost(4, 26, 355828).
cost(4, 27, 713509).
cost(4, 28, 709832).
cost(4, 29, 774915).
cost(4, 30, 790000).
cost(5, 1, 236693).
cost(5, 2, 248875).
cost(5, 3, 199009).
cost(5, 4, 459145).
cost(5, 6, 654800).
cost(5, 7, 313764).
cost(5, 8, 246817).
cost(5, 9, 294249).
cost(5, 10, 348774).
cost(5, 11, 492972).
cost(5, 12, 597442).
cost(5, 13, 419007).
cost(5, 14, 473227).
cost(5, 15, 747006).
cost(5, 16, 720633).
cost(5, 17, 808692).
cost(5, 18, 454830).
cost(5, 19, 298153).
cost(5, 20, 242015).
cost(5, 21, 378788).
cost(5, 22, 213139).
cost(5, 23, 85993).
cost(5, 24, 761591).
cost(5, 25, 200480).
cost(5, 26, 114030).
cost(5, 27, 563351).
cost(5, 28, 374937).
cost(5, 29, 352154).
cost(5, 30, 745847).
cost(6, 1, 419882).
cost(6, 2, 572720).
cost(6, 3, 833719).
cost(6, 4, 703378).
cost(6, 5, 654800).
cost(6, 7, 678895).
cost(6, 8, 625162).
cost(6, 9, 708438).
cost(6, 10, 553466).
cost(6, 11, 669239).
cost(6, 12, 690859).
cost(6, 13, 310023).
cost(6, 14, 312368).
cost(6, 15, 188827).
cost(6, 16, 532873).
cost(6, 17, 276264).
cost(6, 18, 703757).
cost(6, 19, 385700).
cost(6, 20, 894345).
cost(6, 21, 421349).
cost(6, 22, 813589).
cost(6, 23, 740563).
cost(6, 24, 232555).
cost(6, 25, 756095).
cost(6, 26, 595379).
cost(6, 27, 154974).
cost(6, 28, 440944).
cost(6, 29, 623562).
cost(6, 30, 93910).
cost(7, 1, 340987).
cost(7, 2, 119384).
cost(7, 3, 465154).
cost(7, 4, 148609).
cost(7, 5, 313764).
cost(7, 6, 678895).
cost(7, 8, 545209).
cost(7, 9, 43260).
cost(7, 10, 136554).
cost(7, 11, 781348).
cost(7, 12, 302484).
cost(7, 13, 576692).
cost(7, 14, 386237).
cost(7, 15, 688967).
cost(7, 16, 939940).
cost(7, 17, 911336).
cost(7, 18, 753797).
cost(7, 19, 313526).
cost(7, 20, 454024).
cost(7, 21, 594555).
cost(7, 22, 506038).
cost(7, 23, 332237).
cost(7, 24, 684215).
cost(7, 25, 510728).
cost(7, 26, 217719).
cost(7, 27, 656857).
cost(7, 28, 599984).
cost(7, 29, 643138).
cost(7, 30, 771006).
cost(8, 1, 303753).
cost(8, 2, 453271).
cost(8, 3, 283780).
cost(8, 4, 681522).
cost(8, 5, 246817).
cost(8, 6, 625162).
cost(8, 7, 545209).
cost(8, 9, 533064).
cost(8, 10, 541271).
cost(8, 11, 246619).
cost(8, 12, 800222).
cost(8, 13, 321923).
cost(8, 14, 565455).
cost(8, 15, 769049).
cost(8, 16, 512876).
cost(8, 17, 693216).
cost(8, 18, 209443).
cost(8, 19, 391428).
cost(8, 20, 369568).
cost(8, 21, 225980).
cost(8, 22, 232078).
cost(8, 23, 290518).
cost(8, 24, 796534).
cost(8, 25, 161995).
cost(8, 26, 327632).
cost(8, 27, 490701).
cost(8, 28, 210914).
cost(8, 29, 106473).
cost(8, 30, 702231).
cost(9, 1, 352337).
cost(9, 2, 138329).
cost(9, 3, 432980).
cost(9, 4, 181750).
cost(9, 5, 294249).
cost(9, 6, 708438).
cost(9, 7, 43260).
cost(9, 8, 533064).
cost(9, 10, 176102).
cost(9, 11, 773324).
cost(9, 12, 340220).
cost(9, 13, 589158).
cost(9, 14, 422000).
cost(9, 15, 725863).
cost(9, 16, 946889).
cost(9, 17, 934265).
cost(9, 18, 742442).
cost(9, 19, 334984).
cost(9, 20, 416841).
cost(9, 21, 599005).
cost(9, 22, 477204).
cost(9, 23, 302994).
cost(9, 24, 722491).
cost(9, 25, 486721).
cost(9, 26, 209284).
cost(9, 27, 678604).
cost(9, 28, 603056).
cost(9, 29, 633726).
cost(9, 30, 801242).
cost(10, 1, 276053).
cost(10, 2, 100632).
cost(10, 3, 532587).
cost(10, 4, 168796).
cost(10, 5, 348774).
cost(10, 6, 553466).
cost(10, 7, 136554).
cost(10, 8, 541271).
cost(10, 9, 176102).
cost(10, 11, 757330).
cost(10, 12, 258972).
cost(10, 13, 495701).
cost(10, 14, 252075).
cost(10, 15, 553073).
cost(10, 16, 868215).
cost(10, 17, 798507).
cost(10, 18, 741065).
cost(10, 19, 218913).
cost(10, 20, 541224).
cost(10, 21, 536703).
cost(10, 22, 559914).
cost(10, 23, 396297).
cost(10, 24, 547702).
cost(10, 25, 547589).
cost(10, 26, 235054).
cost(10, 27, 549118).
cost(10, 28, 546135).
cost(10, 29, 626943).
cost(10, 30, 643847).
cost(11, 1, 489813).
cost(11, 2, 679634).
cost(11, 3, 501059).
cost(11, 4, 910006).
cost(11, 5, 492972).
cost(11, 6, 669239).
cost(11, 7, 781348).
cost(11, 8, 246619).
cost(11, 9, 773324).
cost(11, 10, 757330).
cost(11, 12, 1013499).
cost(11, 13, 373853).
cost(11, 14, 718722).
cost(11, 15, 845176).
cost(11, 16, 339791).
cost(11, 17, 633551).
cost(11, 18, 66962).
cost(11, 19, 570933).
cost(11, 20, 588161).
cost(11, 21, 266967).
cost(11, 22, 437733).
cost(11, 23, 534713).
cost(11, 24, 881805).
cost(11, 25, 373392).
cost(11, 26, 564617).
cost(11, 27, 514871).
cost(11, 28, 248610).
cost(11, 29, 140871).
cost(11, 30, 722292).
cost(12, 1, 525907).
cost(12, 2, 351495).
cost(12, 3, 765418).
cost(12, 4, 162178).
cost(12, 5, 597442).
cost(12, 6, 690859).
cost(12, 7, 302484).
cost(12, 8, 800222).
cost(12, 9, 340220).
cost(12, 10, 258972).
cost(12, 11, 1013499).
cost(12, 13, 723356).
cost(12, 14, 387565).
cost(12, 15, 617210).
cost(12, 16, 1095282).
cost(12, 17, 962001).
cost(12, 18, 999364).
cost(12, 19, 453704).
cost(12, 20, 756408).
cost(12, 21, 781288).
cost(12, 22, 801930).
cost(12, 23, 630370).
cost(12, 24, 592931).
cost(12, 25, 797921).
cost(12, 26, 486770).
cost(12, 27, 735768).
cost(12, 28, 792818).
cost(12, 29, 885121).
cost(12, 30, 767517).
cost(13, 1, 236823).
cost(13, 2, 457424).
cost(13, 3, 564376).
cost(13, 4, 664360).
cost(13, 5, 419007).
cost(13, 6, 310023).
cost(13, 7, 576692).
cost(13, 8, 321923).
cost(13, 9, 589158).
cost(13, 10, 495701).
cost(13, 11, 373853).
cost(13, 12, 723356).
cost(13, 14, 370127).
cost(13, 15, 474482).
cost(13, 16, 373467).
cost(13, 17, 391813).
cost(13, 18, 399450).
cost(13, 19, 276981).
cost(13, 20, 637667).
cost(13, 21, 112308).
cost(13, 22, 531424).
cost(13, 23, 501613).
cost(13, 24, 509346).
cost(13, 25, 467261).
cost(13, 26, 407526).
cost(13, 27, 168788).
cost(13, 28, 132043).
cost(13, 29, 313679).
cost(13, 30, 381482).
cost(14, 1, 265556).
cost(14, 2, 299711).
cost(14, 3, 672024).
cost(14, 4, 391791).
cost(14, 5, 473227).
cost(14, 6, 312368).
cost(14, 7, 386237).
cost(14, 8, 565455).
cost(14, 9, 422000).
cost(14, 10, 252075).
cost(14, 11, 718722).
cost(14, 12, 387565).
cost(14, 13, 370127).
cost(14, 15, 304465).
cost(14, 16, 727152).
cost(14, 17, 576488).
cost(14, 18, 725211).
cost(14, 19, 181424).
cost(14, 20, 708366).
cost(14, 21, 456550).
cost(14, 22, 676218).
cost(14, 23, 548824).
cost(14, 24, 305273).
cost(14, 25, 638955).
cost(14, 26, 376180).
cost(14, 27, 349868).
cost(14, 28, 472960).
cost(14, 29, 616696).
cost(14, 30, 398226).
cost(15, 1, 513604).
cost(15, 2, 603427).
cost(15, 3, 939894).
cost(15, 4, 672619).
cost(15, 5, 747006).
cost(15, 6, 188827).
cost(15, 7, 688967).
cost(15, 8, 769049).
cost(15, 9, 725863).
cost(15, 10, 553073).
cost(15, 11, 845176).
cost(15, 12, 617210).
cost(15, 13, 474482).
cost(15, 14, 304465).
cost(15, 16, 720897).
cost(15, 17, 428646).
cost(15, 18, 873911).
cost(15, 19, 451216).
cost(15, 20, 988587).
cost(15, 21, 586437).
cost(15, 22, 931026).
cost(15, 23, 829220).
cost(15, 24, 45702).
cost(15, 25, 881272).
cost(15, 26, 664728).
cost(15, 27, 338828).
cost(15, 28, 606136).
cost(15, 29, 784377).
cost(15, 30, 200251).
cost(16, 1, 600119).
cost(16, 2, 822240).
cost(16, 3, 796241).
cost(16, 4, 1036474).
cost(16, 5, 720633).
cost(16, 6, 532873).
cost(16, 7, 939940).
cost(16, 8, 512876).
cost(16, 9, 946889).
cost(16, 10, 868215).
cost(16, 11, 339791).
cost(16, 12, 1095282).
cost(16, 13, 373467).
cost(16, 14, 727152).
cost(16, 15, 720897).
cost(16, 17, 368825).
cost(16, 18, 406017).
cost(16, 19, 650061).
cost(16, 20, 882417).
cost(16, 21, 349520).
cost(16, 22, 740691).
cost(16, 23, 787725).
cost(16, 24, 765272).
cost(16, 25, 670922).
cost(16, 26, 747968).
cost(16, 27, 399030).
cost(16, 28, 348719).
cost(16, 29, 423444).
cost(16, 30, 542589).
cost(17, 1, 599683).
cost(17, 2, 795973).
cost(17, 3, 954070).
cost(17, 4, 958756).
cost(17, 5, 808692).
cost(17, 6, 276264).
cost(17, 7, 911336).
cost(17, 8, 693216).
cost(17, 9, 934265).
cost(17, 10, 798507).
cost(17, 11, 633551).
cost(17, 12, 962001).
cost(17, 13, 391813).
cost(17, 14, 576488).
cost(17, 15, 428646).
cost(17, 16, 368825).
cost(17, 18, 688139).
cost(17, 19, 599282).
cost(17, 20, 1029100).
cost(17, 21, 467636).
cost(17, 22, 916689).
cost(17, 23, 892478).
cost(17, 24, 473830).
cost(17, 25, 849606).
cost(17, 26, 781748).
cost(17, 27, 256365).
cost(17, 28, 482316).
cost(17, 29, 647945).
cost(17, 30, 228396).
cost(18, 1, 482573).
cost(18, 2, 657894).
cost(18, 3, 443640).
cost(18, 4, 887655).
cost(18, 5, 454830).
cost(18, 6, 703757).
cost(18, 7, 753797).
cost(18, 8, 209443).
cost(18, 9, 742442).
cost(18, 10, 741065).
cost(18, 11, 66962).
cost(18, 12, 999364).
cost(18, 13, 399450).
cost(18, 14, 725211).
cost(18, 15, 873911).
cost(18, 16, 406017).
cost(18, 17, 688139).
cost(18, 19, 567252).
cost(18, 20, 530071).
cost(18, 21, 287948).
cost(18, 22, 378932).
cost(18, 23, 488423).
cost(18, 24, 908553).
cost(18, 25, 317448).
cost(18, 26, 536078).
cost(18, 27, 551354).
cost(18, 28, 268397).
cost(18, 29, 114299).
cost(18, 30, 762669).
cost(19, 1, 87675).
cost(19, 2, 196721).
cost(19, 3, 495191).
cost(19, 4, 387698).
cost(19, 5, 298153).
cost(19, 6, 385700).
cost(19, 7, 313526).
cost(19, 8, 391428).
cost(19, 9, 334984).
cost(19, 10, 218913).
cost(19, 11, 570933).
cost(19, 12, 453704).
cost(19, 13, 276981).
cost(19, 14, 181424).
cost(19, 15, 451216).
cost(19, 16, 650061).
cost(19, 17, 599282).
cost(19, 18, 567252).
cost(19, 20, 538314).
cost(19, 21, 327750).
cost(19, 22, 495895).
cost(19, 23, 378526).
cost(19, 24, 463836).
cost(19, 25, 457533).
cost(19, 26, 215094).
cost(19, 27, 343774).
cost(19, 28, 339874).
cost(19, 29, 454655).
cost(19, 30, 479607).
cost(20, 1, 478420).
cost(20, 2, 444049).
cost(20, 3, 87406).
cost(20, 4, 598397).
cost(20, 5, 242015).
cost(20, 6, 894345).
cost(20, 7, 454024).
cost(20, 8, 369568).
cost(20, 9, 416841).
cost(20, 10, 541224).
cost(20, 11, 588161).
cost(20, 12, 756408).
cost(20, 13, 637667).
cost(20, 14, 708366).
cost(20, 15, 988587).
cost(20, 16, 882417).
cost(20, 17, 1029100).
cost(20, 18, 530071).
cost(20, 19, 538314).
cost(20, 21, 572198).
cost(20, 22, 151228).
cost(20, 23, 159959).
cost(20, 24, 1002141).
cost(20, 25, 215542).
cost(20, 26, 332928).
cost(20, 27, 793600).
cost(20, 28, 562380).
cost(20, 29, 464552).
cost(20, 30, 984206).
cost(21, 1, 261037).
cost(21, 2, 479050).
cost(21, 3, 492345).
cost(21, 4, 701508).
cost(21, 5, 378788).
cost(21, 6, 421349).
cost(21, 7, 594555).
cost(21, 8, 225980).
cost(21, 9, 599005).
cost(21, 10, 536703).
cost(21, 11, 266967).
cost(21, 12, 781288).
cost(21, 13, 112308).
cost(21, 14, 456550).
cost(21, 15, 586437).
cost(21, 16, 349520).
cost(21, 17, 467636).
cost(21, 18, 287948).
cost(21, 19, 327750).
cost(21, 20, 572198).
cost(21, 22, 450494).
cost(21, 23, 453457).
cost(21, 24, 620644).
cost(21, 25, 382485).
cost(21, 26, 398448).
cost(21, 27, 274768).
cost(21, 28, 19736).
cost(21, 29, 202466).
cost(21, 30, 489035).
cost(22, 1, 419874).
cost(22, 2, 459362).
cost(22, 3, 66601).
cost(22, 4, 654619).
cost(22, 5, 213139).
cost(22, 6, 813589).
cost(22, 7, 506038).
cost(22, 8, 232078).
cost(22, 9, 477204).
cost(22, 10, 559914).
cost(22, 11, 437733).
cost(22, 12, 801930).
cost(22, 13, 531424).
cost(22, 14, 676218).
cost(22, 15, 931026).
cost(22, 16, 740691).
cost(22, 17, 916689).
cost(22, 18, 378932).
cost(22, 19, 495895).
cost(22, 20, 151228).
cost(22, 21, 450494).
cost(22, 23, 174222).
cost(22, 24, 950782).
cost(22, 25, 70217).
cost(22, 26, 326692).
cost(22, 27, 696038).
cost(22, 28, 437842).
cost(22, 29, 318592).
cost(22, 30, 898719).
cost(23, 1, 321711).
cost(23, 2, 296225).
cost(23, 3, 136485).
cost(23, 4, 480843).
cost(23, 5, 85993).
cost(23, 6, 740563).
cost(23, 7, 332237).
cost(23, 8, 290518).
cost(23, 9, 302994).
cost(23, 10, 396297).
cost(23, 11, 534713).
cost(23, 12, 630370).
cost(23, 13, 501613).
cost(23, 14, 548824).
cost(23, 15, 829220).
cost(23, 16, 787725).
cost(23, 17, 892478).
cost(23, 18, 488423).
cost(23, 19, 378526).
cost(23, 20, 159959).
cost(23, 21, 453457).
cost(23, 22, 174222).
cost(23, 24, 842298).
cost(23, 25, 191326).
cost(23, 26, 174896).
cost(23, 27, 648729).
cost(23, 28, 447547).
cost(23, 29, 396581).
cost(23, 30, 831763).
cost(24, 1, 531406).
cost(24, 2, 604791).
cost(24, 3, 956715).
cost(24, 4, 658146).
cost(24, 5, 761591).
cost(24, 6, 232555).
cost(24, 7, 684215).
cost(24, 8, 796534).
cost(24, 9, 722491).
cost(24, 10, 547702).
cost(24, 11, 881805).
cost(24, 12, 592931).
cost(24, 13, 509346).
cost(24, 14, 305273).
cost(24, 15, 45702).
cost(24, 16, 765272).
cost(24, 17, 473830).
cost(24, 18, 908553).
cost(24, 19, 463836).
cost(24, 20, 1002141).
cost(24, 21, 620644).
cost(24, 22, 950782).
cost(24, 23, 842298).
cost(24, 25, 903275).
cost(24, 26, 674582).
cost(24, 27, 379905).
cost(24, 28, 640259).
cost(24, 29, 816455).
cost(24, 30, 245503).
cost(25, 1, 376452).
cost(25, 2, 448547).
cost(25, 3, 128143).
cost(25, 4, 657868).
cost(25, 5, 200480).
cost(25, 6, 756095).
cost(25, 7, 510728).
cost(25, 8, 161995).
cost(25, 9, 486721).
cost(25, 10, 547589).
cost(25, 11, 373392).
cost(25, 12, 797921).
cost(25, 13, 467261).
cost(25, 14, 638955).
cost(25, 15, 881272).
cost(25, 16, 670922).
cost(25, 17, 849606).
cost(25, 18, 317448).
cost(25, 19, 457533).
cost(25, 20, 215542).
cost(25, 21, 382485).
cost(25, 22, 70217).
cost(25, 23, 191326).
cost(25, 24, 903275).
cost(25, 26, 312716).
cost(25, 27, 633613).
cost(25, 28, 369242).
cost(25, 29, 249778).
cost(25, 30, 839265).
cost(26, 1, 182590).
cost(26, 2, 135926).
cost(26, 3, 306346).
cost(26, 4, 355828).
cost(26, 5, 114030).
cost(26, 6, 595379).
cost(26, 7, 217719).
cost(26, 8, 327632).
cost(26, 9, 209284).
cost(26, 10, 235054).
cost(26, 11, 564617).
cost(26, 12, 486770).
cost(26, 13, 407526).
cost(26, 14, 376180).
cost(26, 15, 664728).
cost(26, 16, 747968).
cost(26, 17, 781748).
cost(26, 18, 536078).
cost(26, 19, 215094).
cost(26, 20, 332928).
cost(26, 21, 398448).
cost(26, 22, 326692).
cost(26, 23, 174896).
cost(26, 24, 674582).
cost(26, 25, 312716).
cost(26, 27, 527469).
cost(26, 28, 400276).
cost(26, 29, 425716).
cost(26, 30, 688812).
cost(27, 1, 344912).
cost(27, 2, 540452).
cost(27, 3, 724726).
cost(27, 4, 713509).
cost(27, 5, 563351).
cost(27, 6, 154974).
cost(27, 7, 656857).
cost(27, 8, 490701).
cost(27, 9, 678604).
cost(27, 10, 549118).
cost(27, 11, 514871).
cost(27, 12, 735768).
cost(27, 13, 168788).
cost(27, 14, 349868).
cost(27, 15, 338828).
cost(27, 16, 399030).
cost(27, 17, 256365).
cost(27, 18, 551354).
cost(27, 19, 343774).
cost(27, 20, 793600).
cost(27, 21, 274768).
cost(27, 22, 696038).
cost(27, 23, 648729).
cost(27, 24, 379905).
cost(27, 25, 633613).
cost(27, 26, 527469).
cost(27, 28, 293834).
cost(27, 29, 476792).
cost(27, 30, 214273).
cost(28, 1, 270088).
cost(28, 2, 485607).
cost(28, 3, 481431).
cost(28, 4, 709832).
cost(28, 5, 374937).
cost(28, 6, 440944).
cost(28, 7, 599984).
cost(28, 8, 210914).
cost(28, 9, 603056).
cost(28, 10, 546135).
cost(28, 11, 248610).
cost(28, 12, 792818).
cost(28, 13, 132043).
cost(28, 14, 472960).
cost(28, 15, 606136).
cost(28, 16, 348719).
cost(28, 17, 482316).
cost(28, 18, 268397).
cost(28, 19, 339874).
cost(28, 20, 562380).
cost(28, 21, 19736).
cost(28, 22, 437842).
cost(28, 23, 447547).
cost(28, 24, 640259).
cost(28, 25, 369242).
cost(28, 26, 400276).
cost(28, 27, 293834).
cost(28, 29, 183096).
cost(28, 30, 508104).
cost(29, 1, 369196).
cost(29, 2, 544803).
cost(29, 3, 377294).
cost(29, 4, 774915).
cost(29, 5, 352154).
cost(29, 6, 623562).
cost(29, 7, 643138).
cost(29, 8, 106473).
cost(29, 9, 633726).
cost(29, 10, 626943).
cost(29, 11, 140871).
cost(29, 12, 885121).
cost(29, 13, 313679).
cost(29, 14, 616696).
cost(29, 15, 784377).
cost(29, 16, 423444).
cost(29, 17, 647945).
cost(29, 18, 114299).
cost(29, 19, 454655).
cost(29, 20, 464552).
cost(29, 21, 202466).
cost(29, 22, 318592).
cost(29, 23, 396581).
cost(29, 24, 816455).
cost(29, 25, 249778).
cost(29, 26, 425716).
cost(29, 27, 476792).
cost(29, 28, 183096).
cost(29, 30, 691012).
cost(30, 1, 512114).
cost(30, 2, 666035).
cost(30, 3, 921509).
cost(30, 4, 790000).
cost(30, 5, 745847).
cost(30, 6, 93910).
cost(30, 7, 771006).
cost(30, 8, 702231).
cost(30, 9, 801242).
cost(30, 10, 643847).
cost(30, 11, 722292).
cost(30, 12, 767517).
cost(30, 13, 381482).
cost(30, 14, 398226).
cost(30, 15, 200251).
cost(30, 16, 542589).
cost(30, 17, 228396).
cost(30, 18, 762669).
cost(30, 19, 479607).
cost(30, 20, 984206).
cost(30, 21, 489035).
cost(30, 22, 898719).
cost(30, 23, 831763).
cost(30, 24, 245503).
cost(30, 25, 839265).
cost(30, 26, 688812).
cost(30, 27, 214273).
cost(30, 28, 508104).
cost(30, 29, 691012).
