dimension(30).
point(1, 663311.0, 417746.0).
point(2, 339215.0, 940797.0).
point(3, 506541.0, 586905.0).
point(4, 969062.0, 484169.0).
point(5, 924304.0, 68251.0).
point(6, 662864.0, 200746.0).
point(7, 483767.0, 170626.0).
point(8, 585376.0, 431116.0).
point(9, 506875.0, 610838.0).
point(10, 293493.0, 727539.0).
point(11, 498450.0, 7784.0).
point(12, 963996.0, 561081.0).
point(13, 72645.0, 915419.0).
point(14, 809769.0, 12762.0).
point(15, 192258.0, 62698.0).
point(16, 375260.0, 828837.0).
point(17, 67718.0, 268773.0).
point(18, 366351.0, 862455.0).
point(19, 269961.0, 6199.0).
point(20, 79011.0, 500498.0).
point(21, 204260.0, 466113.0).
point(22, 793156.0, 481532.0).
point(23, 510813.0, 541582.0).
point(24, 711049.0, 324952.0).
point(25, 329000.0, 146086.0).
point(26, 579584.0, 447489.0).
point(27, 318409.0, 519621.0).
point(28, 797384.0, 834474.0).
point(29, 350027.0, 70442.0).
point(30, 574446.0, 644086.0).
cost(1, 2, 615322).
cost(1, 3, 230633).
cost(1, 4, 312883).
cost(1, 5, 436193).
cost(1, 6, 217000).
cost(1, 7, 305458).
cost(1, 8, 79074).
cost(1, 9, 248509).
cost(1, 10, 482428).
cost(1, 11, 441869).
cost(1, 12, 333101).
cost(1, 13, 772376).
cost(1, 14, 430653).
cost(1, 15, 589873).
cost(1, 16, 501965).
cost(1, 17, 613941).
cost(1, 18, 534744).
cost(1, 19, 569294).
cost(1, 20, 590131).
cost(1, 21, 461592).
cost(1, 22, 144666).
cost(1, 23, 196446).
cost(1, 24, 104353).
cost(1, 25, 430770).
cost(1, 26, 88853).
cost(1, 27, 359633).
cost(1, 28, 437765).
cost(1, 29, 467725).
cost(1, 30, 243160).
cost(2, 1, 615322).
cost(2, 3, 391456).
cost(2, 4, 777957).
cost(2, 5, 1050555).
cost(2, 6, 807728).
cost(2, 7, 783619).
cost(2, 8, 566012).
cost(2, 9, 370112).
cost(2, 10, 218104).
cost(2, 11, 946504).
cost(2, 12, 731119).
cost(2, 13, 267775).
cost(2, 14, 1040514).
cost(2, 15, 890311).
cost(2, 16, 117619).
cost(2, 17, 724794).
cost(2, 18, 82909).
cost(2, 19, 937160).
cost(2, 20, 511438).
cost(2, 21, 493495).
cost(2, 22, 645745).
cost(2, 23, 434532).
cost(2, 24, 719393).
cost(2, 25, 794777).
cost(2, 26, 548753).
cost(2, 27, 421690).
cost(2, 28, 470344).
cost(2, 29, 870422).
cost(2, 30, 378644).
cost(3, 1, 230633).
cost(3, 2, 391456).
cost(3, 4, 473794).
cost(3, 5, 665979).
cost(3, 6, 416600).
cost(3, 7, 416902).
cost(3, 8, 174600).
cost(3, 9, 23935).
cost(3, 10, 255279).
cost(3, 11, 579178).
cost(3, 12, 458183).
cost(3, 13, 544231).
cost(3, 14, 649298).
cost(3, 15, 611201).
cost(3, 16, 275256).
cost(3, 17, 542009).
cost(3, 18, 309162).
cost(3, 19, 627048).
cost(3, 20, 436174).
cost(3, 21, 325522).
cost(3, 22, 305371).
cost(3, 23, 45524).
cost(3, 24, 332329).
cost(3, 25, 475229).
cost(3, 26, 157392).
cost(3, 27, 199802).
cost(3, 28, 381942).
cost(3, 29, 539658).
cost(3, 30, 88774).
cost(4, 1, 312883).
cost(4, 2, 777957).
cost(4, 3, 473794).
cost(4, 5, 418319).
cost(4, 6, 417236).
cost(4, 7, 577772).
cost(4, 8, 387337).
cost(4, 9, 479230).
cost(4, 10, 718069).
cost(4, 11, 669640).
cost(4, 12, 77079).
cost(4, 13, 994756).
cost(4, 14, 497593).
cost(4, 15, 883777).
cost(4, 16, 686583).
cost(4, 17, 926723).
cost(4, 18, 711590).
cost(4, 19, 846875).
cost(4, 20, 890201).
cost(4, 21, 765015).
cost(4, 22, 175926).
cost(4, 23, 461832).
cost(4, 24, 303184).
cost(4, 25, 723864).
cost(4, 26, 391201).
cost(4, 27, 651618).
cost(4, 28, 390111).
cost(4, 29, 744563).
cost(4, 30, 425788).
cost(5, 1, 436193).
cost(5, 2, 1050555).
cost(5, 3, 665979).
cost(5, 4, 418319).
cost(5, 6, 293097).
cost(5, 7, 452276).
cost(5, 8, 496531).
cost(5, 9, 684578).
cost(5, 10, 912460).
cost(5, 11, 430125).
cost(5, 12, 494426).
cost(5, 13, 1201256).
cost(5, 14, 127269).
cost(5, 15, 732067).
cost(5, 16, 938051).
cost(5, 17, 879744).
cost(5, 18, 970604).
cost(5, 19, 657279).
cost(5, 20, 949399).
cost(5, 21, 822653).
cost(5, 22, 433591).
cost(5, 23, 628504).
cost(5, 24, 333726).
cost(5, 25, 600371).
cost(5, 26, 512497).
cost(5, 27, 755542).
cost(5, 28, 776664).
cost(5, 29, 574281).
cost(5, 30, 673785).
cost(6, 1, 217000).
cost(6, 2, 807728).
cost(6, 3, 416600).
cost(6, 4, 417236).
cost(6, 5, 293097).
cost(6, 7, 181612).
cost(6, 8, 243053).
cost(6, 9, 438757).
cost(6, 10, 643386).
cost(6, 11, 253508).
cost(6, 12, 469597).
cost(6, 13, 926885).
cost(6, 14, 238577).
cost(6, 15, 490436).
cost(6, 16, 690807).
cost(6, 17, 599021).
cost(6, 18, 725106).
cost(6, 19, 438430).
cost(6, 20, 656304).
cost(6, 21, 529846).
cost(6, 22, 309543).
cost(6, 23, 373214).
cost(6, 24, 133225).
cost(6, 25, 338309).
cost(6, 26, 260418).
cost(6, 27, 469394).
cost(6, 28, 647848).
cost(6, 29, 338890).
cost(6, 30, 452071).
cost(7, 1, 305458).
cost(7, 2, 783619).
cost(7, 3, 416902).
cost(7, 4, 577772).
cost(7, 5, 452276).
cost(7, 6, 181612).
cost(7, 8, 279606).
cost(7, 9, 440818).
cost(7, 10, 588520).
cost(7, 11, 163503).
cost(7, 12, 618931).
cost(7, 13, 850728).
cost(7, 14, 362213).
cost(7, 15, 310847).
cost(7, 16, 667095).
cost(7, 17, 427469).
cost(7, 18, 701722).
cost(7, 19, 269721).
cost(7, 20, 522152).
cost(7, 21, 406739).
cost(7, 22, 438616).
cost(7, 23, 371941).
cost(7, 24, 274725).
cost(7, 25, 156700).
cost(7, 26, 292974).
cost(7, 27, 386187).
cost(7, 28, 734200).
cost(7, 29, 167102).
cost(7, 30, 482065).
cost(8, 1, 79074).
cost(8, 2, 566012).
cost(8, 3, 174600).
cost(8, 4, 387337).
cost(8, 5, 496531).
cost(8, 6, 243053).
cost(8, 7, 279606).
cost(8, 9, 196118).
cost(8, 10, 416008).
cost(8, 11, 432164).
cost(8, 12, 400305).
cost(8, 13, 705296).
cost(8, 14, 474734).
cost(8, 15, 538770).
cost(8, 16, 449812).
cost(8, 17, 542517).
cost(8, 18, 483762).
cost(8, 19, 529189).
cost(8, 20, 511096).
cost(8, 21, 382719).
cost(8, 22, 213809).
cost(8, 23, 133276).
cost(8, 24, 164513).
cost(8, 25, 383368).
cost(8, 26, 17367).
cost(8, 27, 281255).
cost(8, 28, 455681).
cost(8, 29, 430668).
cost(8, 30, 213250).
cost(9, 1, 248509).
cost(9, 2, 370112).
cost(9, 3, 23935).
cost(9, 4, 479230).
cost(9, 5, 684578).
cost(9, 6, 438757).
cost(9, 7, 440818).
cost(9, 8, 196118).
cost(9, 10, 243210).
cost(9, 11, 603113).
cost(9, 12, 459821).
cost(9, 13, 530401).
cost(9, 14, 670403).
cost(9, 15, 632014).
cost(9, 16, 254649).
cost(9, 17, 556657).
cost(9, 18, 288198).
cost(9, 19, 649397).
cost(9, 20, 441863).
cost(9, 21, 335442).
cost(9, 22, 314129).
cost(9, 23, 69368).
cost(9, 24, 351309).
cost(9, 25, 497628).
cost(9, 26, 178800).
cost(9, 27, 209380).
cost(9, 28, 366618).
cost(9, 29, 562698).
cost(9, 30, 75308).
cost(10, 1, 482428).
cost(10, 2, 218104).
cost(10, 3, 255279).
cost(10, 4, 718069).
cost(10, 5, 912460).
cost(10, 6, 643386).
cost(10, 7, 588520).
cost(10, 8, 416008).
cost(10, 9, 243210).
cost(10, 11, 748368).
cost(10, 12, 690856).
cost(10, 13, 289953).
cost(10, 14, 881730).
cost(10, 15, 672504).
cost(10, 16, 130181).
cost(10, 17, 511313).
cost(10, 18, 153332).
cost(10, 19, 721724).
cost(10, 20, 312330).
cost(10, 21, 276236).
cost(10, 22, 556940).
cost(10, 23, 286021).
cost(10, 24, 580025).
cost(10, 25, 582536).
cost(10, 26, 400345).
cost(10, 27, 209406).
cost(10, 28, 515113).
cost(10, 29, 659524).
cost(10, 30, 293085).
cost(11, 1, 441869).
cost(11, 2, 946504).
cost(11, 3, 579178).
cost(11, 4, 669640).
cost(11, 5, 430125).
cost(11, 6, 253508).
cost(11, 7, 163503).
cost(11, 8, 432164).
cost(11, 9, 603113).
cost(11, 10, 748368).
cost(11, 12, 723098).
cost(11, 13, 1002552).
cost(11, 14, 311359).
cost(11, 15, 311077).
cost(11, 16, 830243).
cost(11, 17, 503632).
cost(11, 18, 864819).
cost(11, 19, 228494).
cost(11, 20, 647067).
cost(11, 21, 544622).
cost(11, 22, 557933).
cost(11, 23, 533941).
cost(11, 24, 381830).
cost(11, 25, 218725).
cost(11, 26, 447128).
cost(11, 27, 542579).
cost(11, 28, 879078).
cost(11, 29, 161107).
cost(11, 30, 640824).
cost(12, 1, 333101).
cost(12, 2, 731119).
cost(12, 3, 458183).
cost(12, 4, 77079).
cost(12, 5, 494426).
cost(12, 6, 469597).
cost(12, 7, 618931).
cost(12, 8, 400305).
cost(12, 9, 459821).
cost(12, 10, 690856).
cost(12, 11, 723098).
cost(12, 13, 959199).
cost(12, 14, 569596).
cost(12, 15, 918676).
cost(12, 16, 646764).
cost(12, 17, 942740).
cost(12, 18, 669332).
cost(12, 19, 888582).
cost(12, 20, 887056).
cost(12, 21, 765649).
cost(12, 22, 188453).
cost(12, 23, 453602).
cost(12, 24, 346033).
cost(12, 25, 758578).
cost(12, 26, 400844).
cost(12, 27, 646917).
cost(12, 28, 320161).
cost(12, 29, 785929).
cost(12, 30, 398295).
cost(13, 1, 772376).
cost(13, 2, 267775).
cost(13, 3, 544231).
cost(13, 4, 994756).
cost(13, 5, 1201256).
cost(13, 6, 926885).
cost(13, 7, 850728).
cost(13, 8, 705296).
cost(13, 9, 530401).
cost(13, 10, 289953).
cost(13, 11, 1002552).
cost(13, 12, 959199).
cost(13, 14, 1165393).
cost(13, 15, 861069).
cost(13, 16, 314757).
cost(13, 17, 646665).
cost(13, 18, 298443).
cost(13, 19, 930384).
cost(13, 20, 414970).
cost(13, 21, 468186).
cost(13, 22, 841067).
cost(13, 23, 575973).
cost(13, 24, 869604).
cost(13, 25, 810920).
cost(13, 26, 689888).
cost(13, 27, 465893).
cost(13, 28, 729245).
cost(13, 29, 889341).
cost(13, 30, 570461).
cost(14, 1, 430653).
cost(14, 2, 1040514).
cost(14, 3, 649298).
cost(14, 4, 497593).
cost(14, 5, 127269).
cost(14, 6, 238577).
cost(14, 7, 362213).
cost(14, 8, 474734).
cost(14, 9, 670403).
cost(14, 10, 881730).
cost(14, 11, 311359).
cost(14, 12, 569596).
cost(14, 13, 1165393).
cost(14, 15, 619527).
cost(14, 16, 924541).
cost(14, 17, 784972).
cost(14, 18, 958435).
cost(14, 19, 539848).
cost(14, 20, 878575).
cost(14, 21, 756418).
cost(14, 22, 469064).
cost(14, 23, 607475).
cost(14, 24, 327427).
cost(14, 25, 498913).
cost(14, 26, 491907).
cost(14, 27, 705933).
cost(14, 28, 821805).
cost(14, 29, 463346).
cost(14, 30, 673756).
cost(15, 1, 589873).
cost(15, 2, 890311).
cost(15, 3, 611201).
cost(15, 4, 883777).
cost(15, 5, 732067).
cost(15, 6, 490436).
cost(15, 7, 310847).
cost(15, 8, 538770).
cost(15, 9, 632014).
cost(15, 10, 672504).
cost(15, 11, 311077).
cost(15, 12, 918676).
cost(15, 13, 861069).
cost(15, 14, 619527).
cost(15, 16, 787692).
cost(15, 17, 240784).
cost(15, 18, 818486).
cost(15, 19, 96072).
cost(15, 20, 452210).
cost(15, 21, 403593).
cost(15, 22, 732462).
cost(15, 23, 575158).
cost(15, 24, 581310).
cost(15, 25, 160162).
cost(15, 26, 545972).
cost(15, 27, 474018).
cost(15, 28, 980722).
cost(15, 29, 157959).
cost(15, 30, 695758).
cost(16, 1, 501965).
cost(16, 2, 117619).
cost(16, 3, 275256).
cost(16, 4, 686583).
cost(16, 5, 938051).
cost(16, 6, 690807).
cost(16, 7, 667095).
cost(16, 8, 449812).
cost(16, 9, 254649).
cost(16, 10, 130181).
cost(16, 11, 830243).
cost(16, 12, 646764).
cost(16, 13, 314757).
cost(16, 14, 924541).
cost(16, 15, 787692).
cost(16, 17, 638947).
cost(16, 18, 34778).
cost(16, 19, 829350).
cost(16, 20, 442233).
cost(16, 21, 401011).
cost(16, 22, 543376).
cost(16, 23, 317632).
cost(16, 24, 605520).
cost(16, 25, 684316).
cost(16, 26, 432637).
cost(16, 27, 314399).
cost(16, 28, 422162).
cost(16, 29, 758815).
cost(16, 30, 271676).
cost(17, 1, 613941).
cost(17, 2, 724794).
cost(17, 3, 542009).
cost(17, 4, 926723).
cost(17, 5, 879744).
cost(17, 6, 599021).
cost(17, 7, 427469).
cost(17, 8, 542517).
cost(17, 9, 556657).
cost(17, 10, 511313).
cost(17, 11, 503632).
cost(17, 12, 942740).
cost(17, 13, 646665).
cost(17, 14, 784972).
cost(17, 15, 240784).
cost(17, 16, 638947).
cost(17, 18, 664560).
cost(17, 19, 331432).
cost(17, 20, 232000).
cost(17, 21, 239972).
cost(17, 22, 755994).
cost(17, 23, 520344).
cost(17, 24, 645779).
cost(17, 25, 288653).
cost(17, 26, 542168).
cost(17, 27, 354642).
cost(17, 28, 923271).
cost(17, 29, 345012).
cost(17, 30, 630582).
cost(18, 1, 534744).
cost(18, 2, 82909).
cost(18, 3, 309162).
cost(18, 4, 711590).
cost(18, 5, 970604).
cost(18, 6, 725106).
cost(18, 7, 701722).
cost(18, 8, 483762).
cost(18, 9, 288198).
cost(18, 10, 153332).
cost(18, 11, 864819).
cost(18, 12, 669332).
cost(18, 13, 298443).
cost(18, 14, 958435).
cost(18, 15, 818486).
cost(18, 16, 34778).
cost(18, 17, 664560).
cost(18, 19, 861664).
cost(18, 20, 462144).
cost(18, 21, 428206).
cost(18, 22, 572071).
cost(18, 23, 351893).
cost(18, 24, 638534).
cost(18, 25, 717342).
cost(18, 26, 466546).
cost(18, 27, 346170).
cost(18, 28, 431940).
cost(18, 29, 792181).
cost(18, 30, 301643).
cost(19, 1, 569294).
cost(19, 2, 937160).
cost(19, 3, 627048).
cost(19, 4, 846875).
cost(19, 5, 657279).
cost(19, 6, 438430).
cost(19, 7, 269721).
cost(19, 8, 529189).
cost(19, 9, 649397).
cost(19, 10, 721724).
cost(19, 11, 228494).
cost(19, 12, 888582).
cost(19, 13, 930384).
cost(19, 14, 539848).
cost(19, 15, 96072).
cost(19, 16, 829350).
cost(19, 17, 331432).
cost(19, 18, 861664).
cost(19, 20, 529899).
cost(19, 21, 464583).
cost(19, 22, 706877).
cost(19, 23, 587064).
cost(19, 24, 544208).
cost(19, 25, 151835).
cost(19, 26, 539076).
cost(19, 27, 515703).
cost(19, 28, 981944).
cost(19, 29, 102653).
cost(19, 30, 706832).
cost(20, 1, 590131).
cost(20, 2, 511438).
cost(20, 3, 436174).
cost(20, 4, 890201).
cost(20, 5, 949399).
cost(20, 6, 656304).
cost(20, 7, 522152).
cost(20, 8, 511096).
cost(20, 9, 441863).
cost(20, 10, 312330).
cost(20, 11, 647067).
cost(20, 12, 887056).
cost(20, 13, 414970).
cost(20, 14, 878575).
cost(20, 15, 452210).
cost(20, 16, 442233).
cost(20, 17, 232000).
cost(20, 18, 462144).
cost(20, 19, 529899).
cost(20, 21, 129883).
cost(20, 22, 714397).
cost(20, 23, 433752).
cost(20, 24, 655964).
cost(20, 25, 433708).
cost(20, 26, 503372).
cost(20, 27, 240161).
cost(20, 28, 792212).
cost(20, 29, 508328).
cost(20, 30, 515823).
cost(21, 1, 461592).
cost(21, 2, 493495).
cost(21, 3, 325522).
cost(21, 4, 765015).
cost(21, 5, 822653).
cost(21, 6, 529846).
cost(21, 7, 406739).
cost(21, 8, 382719).
cost(21, 9, 335442).
cost(21, 10, 276236).
cost(21, 11, 544622).
cost(21, 12, 765649).
cost(21, 13, 468186).
cost(21, 14, 756418).
cost(21, 15, 403593).
cost(21, 16, 401011).
cost(21, 17, 239972).
cost(21, 18, 428206).
cost(21, 19, 464583).
cost(21, 20, 129883).
cost(21, 22, 589098).
cost(21, 23, 315706).
cost(21, 24, 526081).
cost(21, 25, 343478).
cost(21, 26, 375786).
cost(21, 27, 126068).
cost(21, 28, 698202).
cost(21, 29, 421668).
cost(21, 30, 410746).
cost(22, 1, 144666).
cost(22, 2, 645745).
cost(22, 3, 305371).
cost(22, 4, 175926).
cost(22, 5, 433591).
cost(22, 6, 309543).
cost(22, 7, 438616).
cost(22, 8, 213809).
cost(22, 9, 314129).
cost(22, 10, 556940).
cost(22, 11, 557933).
cost(22, 12, 188453).
cost(22, 13, 841067).
cost(22, 14, 469064).
cost(22, 15, 732462).
cost(22, 16, 543376).
cost(22, 17, 755994).
cost(22, 18, 572071).
cost(22, 19, 706877).
cost(22, 20, 714397).
cost(22, 21, 589098).
cost(22, 23, 288658).
cost(22, 24, 176802).
cost(22, 25, 572682).
cost(22, 26, 216268).
cost(22, 27, 476272).
cost(22, 28, 352967).
cost(22, 29, 604449).
cost(22, 30, 272503).
cost(23, 1, 196446).
cost(23, 2, 434532).
cost(23, 3, 45524).
cost(23, 4, 461832).
cost(23, 5, 628504).
cost(23, 6, 373214).
cost(23, 7, 371941).
cost(23, 8, 133276).
cost(23, 9, 69368).
cost(23, 10, 286021).
cost(23, 11, 533941).
cost(23, 12, 453602).
cost(23, 13, 575973).
cost(23, 14, 607475).
cost(23, 15, 575158).
cost(23, 16, 317632).
cost(23, 17, 520344).
cost(23, 18, 351893).
cost(23, 19, 587064).
cost(23, 20, 433752).
cost(23, 21, 315706).
cost(23, 22, 288658).
cost(23, 24, 294997).
cost(23, 25, 435285).
cost(23, 26, 116546).
cost(23, 27, 193653).
cost(23, 28, 409767).
cost(23, 29, 497820).
cost(23, 30, 120649).
cost(24, 1, 104353).
cost(24, 2, 719393).
cost(24, 3, 332329).
cost(24, 4, 303184).
cost(24, 5, 333726).
cost(24, 6, 133225).
cost(24, 7, 274725).
cost(24, 8, 164513).
cost(24, 9, 351309).
cost(24, 10, 580025).
cost(24, 11, 381830).
cost(24, 12, 346033).
cost(24, 13, 869604).
cost(24, 14, 327427).
cost(24, 15, 581310).
cost(24, 16, 605520).
cost(24, 17, 645779).
cost(24, 18, 638534).
cost(24, 19, 544208).
cost(24, 20, 655964).
cost(24, 21, 526081).
cost(24, 22, 176802).
cost(24, 23, 294997).
cost(24, 25, 421847).
cost(24, 26, 179717).
cost(24, 27, 438249).
cost(24, 28, 516785).
cost(24, 29, 441715).
cost(24, 30, 347141).
cost(25, 1, 430770).
cost(25, 2, 794777).
cost(25, 3, 475229).
cost(25, 4, 723864).
cost(25, 5, 600371).
cost(25, 6, 338309).
cost(25, 7, 156700).
cost(25, 8, 383368).
cost(25, 9, 497628).
cost(25, 10, 582536).
cost(25, 11, 218725).
cost(25, 12, 758578).
cost(25, 13, 810920).
cost(25, 14, 498913).
cost(25, 15, 160162).
cost(25, 16, 684316).
cost(25, 17, 288653).
cost(25, 18, 717342).
cost(25, 19, 151835).
cost(25, 20, 433708).
cost(25, 21, 343478).
cost(25, 22, 572682).
cost(25, 23, 435285).
cost(25, 24, 421847).
cost(25, 26, 391964).
cost(25, 27, 373685).
cost(25, 28, 832623).
cost(25, 29, 78512).
cost(25, 30, 555201).
cost(26, 1, 88853).
cost(26, 2, 548753).
cost(26, 3, 157392).
cost(26, 4, 391201).
cost(26, 5, 512497).
cost(26, 6, 260418).
cost(26, 7, 292974).
cost(26, 8, 17367).
cost(26, 9, 178800).
cost(26, 10, 400345).
cost(26, 11, 447128).
cost(26, 12, 400844).
cost(26, 13, 689888).
cost(26, 14, 491907).
cost(26, 15, 545972).
cost(26, 16, 432637).
cost(26, 17, 542168).
cost(26, 18, 466546).
cost(26, 19, 539076).
cost(26, 20, 503372).
cost(26, 21, 375786).
cost(26, 22, 216268).
cost(26, 23, 116546).
cost(26, 24, 179717).
cost(26, 25, 391964).
cost(26, 27, 270953).
cost(26, 28, 444066).
cost(26, 29, 441430).
cost(26, 30, 196664).
cost(27, 1, 359633).
cost(27, 2, 421690).
cost(27, 3, 199802).
cost(27, 4, 651618).
cost(27, 5, 755542).
cost(27, 6, 469394).
cost(27, 7, 386187).
cost(27, 8, 281255).
cost(27, 9, 209380).
cost(27, 10, 209406).
cost(27, 11, 542579).
cost(27, 12, 646917).
cost(27, 13, 465893).
cost(27, 14, 705933).
cost(27, 15, 474018).
cost(27, 16, 314399).
cost(27, 17, 354642).
cost(27, 18, 346170).
cost(27, 19, 515703).
cost(27, 20, 240161).
cost(27, 21, 126068).
cost(27, 22, 476272).
cost(27, 23, 193653).
cost(27, 24, 438249).
cost(27, 25, 373685).
cost(27, 26, 270953).
cost(27, 28, 573192).
cost(27, 29, 450290).
cost(27, 30, 284687).
cost(28, 1, 437765).
cost(28, 2, 470344).
cost(28, 3, 381942).
cost(28, 4, 390111).
cost(28, 5, 776664).
cost(28, 6, 647848).
cost(28, 7, 734200).
cost(28, 8, 455681).
cost(28, 9, 366618).
cost(28, 10, 515113).
cost(28, 11, 879078).
cost(28, 12, 320161).
cost(28, 13, 729245).
cost(28, 14, 821805).
cost(28, 15, 980722).
cost(28, 16, 422162).
cost(28, 17, 923271).
cost(28, 18, 431940).
cost(28, 19, 981944).
cost(28, 20, 792212).
cost(28, 21, 698202).
cost(28, 22, 352967).
cost(28, 23, 409767).
cost(28, 24, 516785).
cost(28, 25, 832623).
cost(28, 26, 444066).
cost(28, 27, 573192).
cost(28, 29, 885366).
cost(28, 30, 293171).
cost(29, 1, 467725).
cost(29, 2, 870422).
cost(29, 3, 539658).
cost(29, 4, 744563).
cost(29, 5, 574281).
cost(29, 6, 338890).
cost(29, 7, 167102).
cost(29, 8, 430668).
cost(29, 9, 562698).
cost(29, 10, 659524).
cost(29, 11, 161107).
cost(29, 12, 785929).
cost(29, 13, 889341).
cost(29, 14, 463346).
cost(29, 15, 157959).
cost(29, 16, 758815).
cost(29, 17, 345012).
cost(29, 18, 792181).
cost(29, 19, 102653).
cost(29, 20, 508328).
cost(29, 21, 421668).
cost(29, 22, 604449).
cost(29, 23, 497820).
cost(29, 24, 441715).
cost(29, 25, 78512).
cost(29, 26, 441430).
cost(29, 27, 450290).
cost(29, 28, 885366).
cost(29, 30, 615980).
cost(30, 1, 243160).
cost(30, 2, 378644).
cost(30, 3, 88774).
cost(30, 4, 425788).
cost(30, 5, 673785).
cost(30, 6, 452071).
cost(30, 7, 482065).
cost(30, 8, 213250).
cost(30, 9, 75308).
cost(30, 10, 293085).
cost(30, 11, 640824).
cost(30, 12, 398295).
cost(30, 13, 570461).
cost(30, 14, 673756).
cost(30, 15, 695758).
cost(30, 16, 271676).
cost(30, 17, 630582).
cost(30, 18, 301643).
cost(30, 19, 706832).
cost(30, 20, 515823).
cost(30, 21, 410746).
cost(30, 22, 272503).
cost(30, 23, 120649).
cost(30, 24, 347141).
cost(30, 25, 555201).
cost(30, 26, 196664).
cost(30, 27, 284687).
cost(30, 28, 293171).
cost(30, 29, 615980).
