dimension(30).
point(1, 955259.0, 392374.0).
point(2, 506760.0, 536293.0).
point(3, 913495.0, 402254.0).
point(4, 905911.0, 806412.0).
point(5, 659946.0, 542907.0).
point(6, 593318.0, 172728.0).
point(7, 909351.0, 33004.0).
point(8, 788479.0, 115556.0).
point(9, 980399.0, 878003.0).
point(10, 407807.0, 210128.0).
point(11, 408645.0, 133275.0).
point(12, 849690.0, 115728.0).
point(13, 546334.0, 322244.0).
point(14, 196086.0, 842803.0).
point(15, 690136.0, 81590.0).
point(16, 855478.0, 921461.0).
point(17, 168328.0, 163049.0).
point(18, 208760.0, 823973.0).
point(19, 171795.0, 656895.0).
point(20, 145076.0, 240984.0).
point(21, 841746.0, 316034.0).
point(22, 428813.0, 158620.0).
point(23, 907884.0, 447357.0).
point(24, 750868.0, 645504.0).
point(25, 431680.0, 501666.0).
point(26, 966707.0, 415350.0).
point(27, 925959.0, 657008.0).
point(28, 33480.0, 33797.0).
point(29, 224045.0, 343711.0).
point(30, 327532.0, 89522.0).
cost(1, 2, 471024).
cost(1, 3, 42917).
cost(1, 4, 416968).
cost(1, 5, 331466).
cost(1, 6, 423374).
cost(1, 7, 362290).
cost(1, 8, 323178).
cost(1, 9, 486279).
cost(1, 10, 576990).
cost(1, 11, 604913).
cost(1, 12, 296104).
cost(1, 13, 414895).
cost(1, 14, 882740).
cost(1, 15, 408506).
cost(1, 16, 538414).
cost(1, 17, 819665).
cost(1, 18, 862287).
cost(1, 19, 826914).
cost(1, 20, 824206).
cost(1, 21, 136795).
cost(1, 22, 576009).
cost(1, 23, 72578).
cost(1, 24, 325347).
cost(1, 25, 534864).
cost(1, 26, 25670).
cost(1, 27, 266251).
cost(1, 28, 989067).
cost(1, 29, 732831).
cost(1, 30, 696965).
cost(2, 1, 471024).
cost(2, 3, 428252).
cost(2, 4, 481960).
cost(2, 5, 153329).
cost(2, 6, 373727).
cost(2, 7, 644499).
cost(2, 8, 506345).
cost(2, 9, 584037).
cost(2, 10, 340845).
cost(2, 11, 414789).
cost(2, 12, 542656).
cost(2, 13, 217677).
cost(2, 14, 436425).
cost(2, 15, 490287).
cost(2, 16, 519575).
cost(2, 17, 503833).
cost(2, 18, 414203).
cost(2, 19, 356015).
cost(2, 20, 466929).
cost(2, 21, 400911).
cost(2, 22, 385633).
cost(2, 23, 410865).
cost(2, 24, 267424).
cost(2, 25, 82680).
cost(2, 26, 475582).
cost(2, 27, 436234).
cost(2, 28, 690287).
cost(2, 29, 342075).
cost(2, 30, 481380).
cost(3, 1, 42917).
cost(3, 2, 428252).
cost(3, 4, 404229).
cost(3, 5, 289949).
cost(3, 6, 393949).
cost(3, 7, 369273).
cost(3, 8, 312769).
cost(3, 9, 480430).
cost(3, 10, 540955).
cost(3, 11, 572034).
cost(3, 12, 293544).
cost(3, 13, 375778).
cost(3, 14, 841878).
cost(3, 15, 390787).
cost(3, 16, 522438).
cost(3, 17, 782619).
cost(3, 18, 821278).
cost(3, 19, 784194).
cost(3, 20, 785160).
cost(3, 21, 112169).
cost(3, 22, 542470).
cost(3, 23, 45451).
cost(3, 24, 292606).
cost(3, 25, 491964).
cost(3, 26, 54800).
cost(3, 27, 255059).
cost(3, 28, 954037).
cost(3, 29, 691931).
cost(3, 30, 664194).
cost(4, 1, 416968).
cost(4, 2, 481960).
cost(4, 3, 404229).
cost(4, 5, 360463).
cost(4, 6, 706590).
cost(4, 7, 773416).
cost(4, 8, 700766).
cost(4, 9, 103314).
cost(4, 10, 776957).
cost(4, 11, 836891).
cost(4, 12, 692968).
cost(4, 13, 603087).
cost(4, 14, 710757).
cost(4, 15, 756258).
cost(4, 16, 125618).
cost(4, 17, 978746).
cost(4, 18, 697372).
cost(4, 19, 749187).
cost(4, 20, 947934).
cost(4, 21, 494558).
cost(4, 22, 804523).
cost(4, 23, 359060).
cost(4, 24, 223450).
cost(4, 25, 563707).
cost(4, 26, 395760).
cost(4, 27, 150743).
cost(4, 28, 1165363).
cost(4, 29, 824035).
cost(4, 30, 921115).
cost(5, 1, 331466).
cost(5, 2, 153329).
cost(5, 3, 289949).
cost(5, 4, 360463).
cost(5, 6, 376127).
cost(5, 7, 567630).
cost(5, 8, 446262).
cost(5, 9, 463659).
cost(5, 10, 417512).
cost(5, 11, 480573).
cost(5, 12, 467423).
cost(5, 13, 248193).
cost(5, 14, 552362).
cost(5, 15, 462304).
cost(5, 16, 426070).
cost(5, 17, 621273).
cost(5, 18, 531570).
cost(5, 19, 501283).
cost(5, 20, 596866).
cost(5, 21, 290728).
cost(5, 22, 448441).
cost(5, 23, 265712).
cost(5, 24, 137087).
cost(5, 25, 231962).
cost(5, 26, 332224).
cost(5, 27, 289451).
cost(5, 28, 807250).
cost(5, 29, 479259).
cost(5, 30, 562189).
cost(6, 1, 423374).
cost(6, 2, 373727).
cost(6, 3, 393949).
cost(6, 4, 706590).
cost(6, 5, 376127).
cost(6, 7, 345543).
cost(6, 8, 203363).
cost(6, 9, 804515).
cost(6, 10, 189243).
cost(6, 11, 188840).
cost(6, 12, 262632).
cost(6, 13, 156724).
cost(6, 14, 778970).
cost(6, 15, 132966).
cost(6, 16, 793303).
cost(6, 17, 425100).
cost(6, 18, 756310).
cost(6, 19, 641950).
cost(6, 20, 453409).
cost(6, 21, 286798).
cost(6, 22, 165109).
cost(6, 23, 417580).
cost(6, 24, 498336).
cost(6, 25, 366507).
cost(6, 26, 445292).
cost(6, 27, 587518).
cost(6, 28, 576819).
cost(6, 29, 406937).
cost(6, 30, 278506).
cost(7, 1, 362290).
cost(7, 2, 644499).
cost(7, 3, 369273).
cost(7, 4, 773416).
cost(7, 5, 567630).
cost(7, 6, 345543).
cost(7, 8, 146372).
cost(7, 9, 847981).
cost(7, 10, 531902).
cost(7, 11, 510647).
cost(7, 12, 101994).
cost(7, 13, 464156).
cost(7, 14, 1079130).
cost(7, 15, 224535).
cost(7, 16, 890089).
cost(7, 17, 752348).
cost(7, 18, 1056627).
cost(7, 19, 966038).
cost(7, 20, 792068).
cost(7, 21, 290992).
cost(7, 22, 496685).
cost(7, 23, 414356).
cost(7, 24, 632671).
cost(7, 25, 669189).
cost(7, 26, 386624).
cost(7, 27, 624225).
cost(7, 28, 875871).
cost(7, 29, 752451).
cost(7, 30, 584558).
cost(8, 1, 323178).
cost(8, 2, 506345).
cost(8, 3, 312769).
cost(8, 4, 700766).
cost(8, 5, 446262).
cost(8, 6, 203363).
cost(8, 7, 146372).
cost(8, 9, 786231).
cost(8, 10, 392244).
cost(8, 11, 380247).
cost(8, 12, 61211).
cost(8, 13, 318362).
cost(8, 14, 937986).
cost(8, 15, 104043).
cost(8, 16, 808685).
cost(8, 17, 621967).
cost(8, 18, 915384).
cost(8, 19, 820577).
cost(8, 20, 655515).
cost(8, 21, 207434).
cost(8, 22, 362235).
cost(8, 23, 352632).
cost(8, 24, 531281).
cost(8, 25, 525725).
cost(8, 26, 348772).
cost(8, 27, 558633).
cost(8, 28, 759413).
cost(8, 29, 608802).
cost(8, 30, 461682).
cost(9, 1, 486279).
cost(9, 2, 584037).
cost(9, 3, 480430).
cost(9, 4, 103314).
cost(9, 5, 463659).
cost(9, 6, 804515).
cost(9, 7, 847981).
cost(9, 8, 786231).
cost(9, 10, 879726).
cost(9, 11, 938894).
cost(9, 12, 773400).
cost(9, 13, 705181).
cost(9, 14, 785102).
cost(9, 15, 847659).
cost(9, 16, 132264).
cost(9, 17, 1081951).
cost(9, 18, 773528).
cost(9, 19, 838289).
cost(9, 20, 1050504).
cost(9, 21, 578821).
cost(9, 22, 906509).
cost(9, 23, 436709).
cost(9, 24, 326711).
cost(9, 25, 665374).
cost(9, 26, 462856).
cost(9, 27, 227602).
cost(9, 28, 1268597).
cost(9, 29, 926034).
cost(9, 30, 1023688).
cost(10, 1, 576990).
cost(10, 2, 340845).
cost(10, 3, 540955).
cost(10, 4, 776957).
cost(10, 5, 417512).
cost(10, 6, 189243).
cost(10, 7, 531902).
cost(10, 8, 392244).
cost(10, 9, 879726).
cost(10, 11, 76858).
cost(10, 12, 451854).
cost(10, 13, 178213).
cost(10, 14, 667161).
cost(10, 15, 310212).
cost(10, 16, 840478).
cost(10, 17, 244063).
cost(10, 18, 645310).
cost(10, 19, 505275).
cost(10, 20, 264537).
cost(10, 21, 446676).
cost(10, 22, 55627).
cost(10, 23, 553493).
cost(10, 24, 554295).
cost(10, 25, 292514).
cost(10, 26, 595387).
cost(10, 27, 684239).
cost(10, 28, 413779).
cost(10, 29, 227185).
cost(10, 30, 144879).
cost(11, 1, 604913).
cost(11, 2, 414789).
cost(11, 3, 572034).
cost(11, 4, 836891).
cost(11, 5, 480573).
cost(11, 6, 188840).
cost(11, 7, 510647).
cost(11, 8, 380247).
cost(11, 9, 938894).
cost(11, 10, 76858).
cost(11, 12, 441394).
cost(11, 13, 233811).
cost(11, 14, 740683).
cost(11, 15, 286197).
cost(11, 16, 906034).
cost(11, 17, 242154).
cost(11, 18, 719039).
cost(11, 19, 574696).
cost(11, 20, 284728).
cost(11, 21, 470082).
cost(11, 22, 32390).
cost(11, 23, 589820).
cost(11, 24, 616032).
cost(11, 25, 369110).
cost(11, 26, 625300).
cost(11, 27, 736145).
cost(11, 28, 388130).
cost(11, 29, 279929).
cost(11, 30, 92161).
cost(12, 1, 296104).
cost(12, 2, 542656).
cost(12, 3, 293544).
cost(12, 4, 692968).
cost(12, 5, 467423).
cost(12, 6, 262632).
cost(12, 7, 101994).
cost(12, 8, 61211).
cost(12, 9, 773400).
cost(12, 10, 451854).
cost(12, 11, 441394).
cost(12, 13, 366979).
cost(12, 14, 977669).
cost(12, 15, 163165).
cost(12, 16, 805754).
cost(12, 17, 683003).
cost(12, 18, 955197).
cost(12, 19, 867412).
cost(12, 20, 715661).
cost(12, 21, 200463).
cost(12, 22, 423057).
cost(12, 23, 336696).
cost(12, 24, 538914).
cost(12, 25, 568929).
cost(12, 26, 321662).
cost(12, 27, 546627).
cost(12, 28, 820312).
cost(12, 29, 665889).
cost(12, 30, 522815).
cost(13, 1, 414895).
cost(13, 2, 217677).
cost(13, 3, 375778).
cost(13, 4, 603087).
cost(13, 5, 248193).
cost(13, 6, 156724).
cost(13, 7, 464156).
cost(13, 8, 318362).
cost(13, 9, 705181).
cost(13, 10, 178213).
cost(13, 11, 233811).
cost(13, 12, 366979).
cost(13, 14, 627420).
cost(13, 15, 280345).
cost(13, 16, 674263).
cost(13, 17, 410160).
cost(13, 18, 604722).
cost(13, 19, 502266).
cost(13, 20, 409403).
cost(13, 21, 295477).
cost(13, 22, 201455).
cost(13, 23, 382586).
cost(13, 24, 382533).
cost(13, 25, 212927).
cost(13, 26, 430560).
cost(13, 27, 506144).
cost(13, 28, 588405).
cost(13, 29, 323003).
cost(13, 30, 319427).
cost(14, 1, 882740).
cost(14, 2, 436425).
cost(14, 3, 841878).
cost(14, 4, 710757).
cost(14, 5, 552362).
cost(14, 6, 778970).
cost(14, 7, 1079130).
cost(14, 8, 937986).
cost(14, 9, 785102).
cost(14, 10, 667161).
cost(14, 11, 740683).
cost(14, 12, 977669).
cost(14, 13, 627420).
cost(14, 15, 907486).
cost(14, 16, 664067).
cost(14, 17, 680321).
cost(14, 18, 22698).
cost(14, 19, 187488).
cost(14, 20, 603977).
cost(14, 21, 833284).
cost(14, 22, 722681).
cost(14, 23, 814269).
cost(14, 24, 588821).
cost(14, 25, 414583).
cost(14, 26, 881234).
cost(14, 27, 753150).
cost(14, 28, 825186).
cost(14, 29, 499875).
cost(14, 30, 764664).
cost(15, 1, 408506).
cost(15, 2, 490287).
cost(15, 3, 390787).
cost(15, 4, 756258).
cost(15, 5, 462304).
cost(15, 6, 132966).
cost(15, 7, 224535).
cost(15, 8, 104043).
cost(15, 9, 847659).
cost(15, 10, 310212).
cost(15, 11, 286197).
cost(15, 12, 163165).
cost(15, 13, 280345).
cost(15, 14, 907486).
cost(15, 16, 855991).
cost(15, 17, 528128).
cost(15, 18, 884791).
cost(15, 19, 774373).
cost(15, 20, 567888).
cost(15, 21, 279195).
cost(15, 22, 272440).
cost(15, 23, 425676).
cost(15, 24, 567175).
cost(15, 25, 493217).
cost(15, 26, 433460).
cost(15, 27, 621867).
cost(15, 28, 658393).
cost(15, 29, 534741).
cost(15, 30, 362691).
cost(16, 1, 538414).
cost(16, 2, 519575).
cost(16, 3, 522438).
cost(16, 4, 125618).
cost(16, 5, 426070).
cost(16, 6, 793303).
cost(16, 7, 890089).
cost(16, 8, 808685).
cost(16, 9, 132264).
cost(16, 10, 840478).
cost(16, 11, 906034).
cost(16, 12, 805754).
cost(16, 13, 674263).
cost(16, 14, 664067).
cost(16, 15, 855991).
cost(16, 17, 1023408).
cost(16, 18, 654025).
cost(16, 19, 733088).
cost(16, 20, 983728).
cost(16, 21, 605583).
cost(16, 22, 874053).
cost(16, 23, 476992).
cost(16, 24, 295119).
cost(16, 25, 596517).
cost(16, 26, 518189).
cost(16, 27, 273684).
cost(16, 28, 1209805).
cost(16, 29, 855864).
cost(16, 30, 985317).
cost(17, 1, 819665).
cost(17, 2, 503833).
cost(17, 3, 782619).
cost(17, 4, 978746).
cost(17, 5, 621273).
cost(17, 6, 425100).
cost(17, 7, 752348).
cost(17, 8, 621967).
cost(17, 9, 1081951).
cost(17, 10, 244063).
cost(17, 11, 242154).
cost(17, 12, 683003).
cost(17, 13, 410160).
cost(17, 14, 680321).
cost(17, 15, 528128).
cost(17, 16, 1023408).
cost(17, 18, 662160).
cost(17, 19, 493858).
cost(17, 20, 81330).
cost(17, 21, 690577).
cost(17, 22, 260523).
cost(17, 23, 792322).
cost(17, 24, 756383).
cost(17, 25, 428971).
cost(17, 26, 837296).
cost(17, 27, 904434).
cost(17, 28, 186789).
cost(17, 29, 189059).
cost(17, 30, 175363).
cost(18, 1, 862287).
cost(18, 2, 414203).
cost(18, 3, 821278).
cost(18, 4, 697372).
cost(18, 5, 531570).
cost(18, 6, 756310).
cost(18, 7, 1056627).
cost(18, 8, 915384).
cost(18, 9, 773528).
cost(18, 10, 645310).
cost(18, 11, 719039).
cost(18, 12, 955197).
cost(18, 13, 604722).
cost(18, 14, 22698).
cost(18, 15, 884791).
cost(18, 16, 654025).
cost(18, 17, 662160).
cost(18, 19, 171118).
cost(18, 20, 586457).
cost(18, 21, 811587).
cost(18, 22, 700798).
cost(18, 23, 794112).
cost(18, 24, 570730).
cost(18, 25, 391887).
cost(18, 26, 861079).
cost(18, 27, 736377).
cost(18, 28, 809383).
cost(18, 29, 480505).
cost(18, 30, 743993).
cost(19, 1, 826914).
cost(19, 2, 356015).
cost(19, 3, 784194).
cost(19, 4, 749187).
cost(19, 5, 501283).
cost(19, 6, 641950).
cost(19, 7, 966038).
cost(19, 8, 820577).
cost(19, 9, 838289).
cost(19, 10, 505275).
cost(19, 11, 574696).
cost(19, 12, 867412).
cost(19, 13, 502266).
cost(19, 14, 187488).
cost(19, 15, 774373).
cost(19, 16, 733088).
cost(19, 17, 493858).
cost(19, 18, 171118).
cost(19, 20, 416768).
cost(19, 21, 751678).
cost(19, 22, 560657).
cost(19, 23, 765332).
cost(19, 24, 579185).
cost(19, 25, 302715).
cost(19, 26, 830800).
cost(19, 27, 754164).
cost(19, 28, 638265).
cost(19, 29, 317513).
cost(19, 30, 588359).
cost(20, 1, 824206).
cost(20, 2, 466929).
cost(20, 3, 785160).
cost(20, 4, 947934).
cost(20, 5, 596866).
cost(20, 6, 453409).
cost(20, 7, 792068).
cost(20, 8, 655515).
cost(20, 9, 1050504).
cost(20, 10, 264537).
cost(20, 11, 284728).
cost(20, 12, 715661).
cost(20, 13, 409403).
cost(20, 14, 603977).
cost(20, 15, 567888).
cost(20, 16, 983728).
cost(20, 17, 81330).
cost(20, 18, 586457).
cost(20, 19, 416768).
cost(20, 21, 700701).
cost(20, 22, 295450).
cost(20, 23, 790232).
cost(20, 24, 728437).
cost(20, 25, 387423).
cost(20, 26, 839929).
cost(20, 27, 884790).
cost(20, 28, 235330).
cost(20, 29, 129572).
cost(20, 30, 237131).
cost(21, 1, 136795).
cost(21, 2, 400911).
cost(21, 3, 112169).
cost(21, 4, 494558).
cost(21, 5, 290728).
cost(21, 6, 286798).
cost(21, 7, 290992).
cost(21, 8, 207434).
cost(21, 9, 578821).
cost(21, 10, 446676).
cost(21, 11, 470082).
cost(21, 12, 200463).
cost(21, 13, 295477).
cost(21, 14, 833284).
cost(21, 15, 279195).
cost(21, 16, 605583).
cost(21, 17, 690577).
cost(21, 18, 811587).
cost(21, 19, 751678).
cost(21, 20, 700701).
cost(21, 22, 441919).
cost(21, 23, 147037).
cost(21, 24, 341774).
cost(21, 25, 450126).
cost(21, 26, 159621).
cost(21, 27, 351219).
cost(21, 28, 856126).
cost(21, 29, 618321).
cost(21, 30, 561893).
cost(22, 1, 576009).
cost(22, 2, 385633).
cost(22, 3, 542470).
cost(22, 4, 804523).
cost(22, 5, 448441).
cost(22, 6, 165109).
cost(22, 7, 496685).
cost(22, 8, 362235).
cost(22, 9, 906509).
cost(22, 10, 55627).
cost(22, 11, 32390).
cost(22, 12, 423057).
cost(22, 13, 201455).
cost(22, 14, 722681).
cost(22, 15, 272440).
cost(22, 16, 874053).
cost(22, 17, 260523).
cost(22, 18, 700798).
cost(22, 19, 560657).
cost(22, 20, 295450).
cost(22, 21, 441919).
cost(22, 23, 559355).
cost(22, 24, 583760).
cost(22, 25, 343058).
cost(22, 26, 596020).
cost(22, 27, 703949).
cost(22, 28, 414571).
cost(22, 29, 276023).
cost(22, 30, 122607).
cost(23, 1, 72578).
cost(23, 2, 410865).
cost(23, 3, 45451).
cost(23, 4, 359060).
cost(23, 5, 265712).
cost(23, 6, 417580).
cost(23, 7, 414356).
cost(23, 8, 352632).
cost(23, 9, 436709).
cost(23, 10, 553493).
cost(23, 11, 589820).
cost(23, 12, 336696).
cost(23, 13, 382586).
cost(23, 14, 814269).
cost(23, 15, 425676).
cost(23, 16, 476992).
cost(23, 17, 792322).
cost(23, 18, 794112).
cost(23, 19, 765332).
cost(23, 20, 790232).
cost(23, 21, 147037).
cost(23, 22, 559355).
cost(23, 24, 252817).
cost(23, 25, 479291).
cost(23, 26, 66967).
cost(23, 27, 210429).
cost(23, 28, 967272).
cost(23, 29, 691649).
cost(23, 30, 681802).
cost(24, 1, 325347).
cost(24, 2, 267424).
cost(24, 3, 292606).
cost(24, 4, 223450).
cost(24, 5, 137087).
cost(24, 6, 498336).
cost(24, 7, 632671).
cost(24, 8, 531281).
cost(24, 9, 326711).
cost(24, 10, 554295).
cost(24, 11, 616032).
cost(24, 12, 538914).
cost(24, 13, 382533).
cost(24, 14, 588821).
cost(24, 15, 567175).
cost(24, 16, 295119).
cost(24, 17, 756383).
cost(24, 18, 570730).
cost(24, 19, 579185).
cost(24, 20, 728437).
cost(24, 21, 341774).
cost(24, 22, 583760).
cost(24, 23, 252817).
cost(24, 25, 350100).
cost(24, 26, 315527).
cost(24, 27, 175469).
cost(24, 28, 942778).
cost(24, 29, 607142).
cost(24, 30, 698806).
cost(25, 1, 534864).
cost(25, 2, 82680).
cost(25, 3, 491964).
cost(25, 4, 563707).
cost(25, 5, 231962).
cost(25, 6, 366507).
cost(25, 7, 669189).
cost(25, 8, 525725).
cost(25, 9, 665374).
cost(25, 10, 292514).
cost(25, 11, 369110).
cost(25, 12, 568929).
cost(25, 13, 212927).
cost(25, 14, 414583).
cost(25, 15, 493217).
cost(25, 16, 596517).
cost(25, 17, 428971).
cost(25, 18, 391887).
cost(25, 19, 302715).
cost(25, 20, 387423).
cost(25, 21, 450126).
cost(25, 22, 343058).
cost(25, 23, 479291).
cost(25, 24, 350100).
cost(25, 26, 541945).
cost(25, 27, 518115).
cost(25, 28, 614382).
cost(25, 29, 260887).
cost(25, 30, 425099).
cost(26, 1, 25670).
cost(26, 2, 475582).
cost(26, 3, 54800).
cost(26, 4, 395760).
cost(26, 5, 332224).
cost(26, 6, 445292).
cost(26, 7, 386624).
cost(26, 8, 348772).
cost(26, 9, 462856).
cost(26, 10, 595387).
cost(26, 11, 625300).
cost(26, 12, 321662).
cost(26, 13, 430560).
cost(26, 14, 881234).
cost(26, 15, 433460).
cost(26, 16, 518189).
cost(26, 17, 837296).
cost(26, 18, 861079).
cost(26, 19, 830800).
cost(26, 20, 839929).
cost(26, 21, 159621).
cost(26, 22, 596020).
cost(26, 23, 66967).
cost(26, 24, 315527).
cost(26, 25, 541945).
cost(26, 27, 245069).
cost(26, 28, 1008214).
cost(26, 29, 746109).
cost(26, 30, 717432).
cost(27, 1, 266251).
cost(27, 2, 436234).
cost(27, 3, 255059).
cost(27, 4, 150743).
cost(27, 5, 289451).
cost(27, 6, 587518).
cost(27, 7, 624225).
cost(27, 8, 558633).
cost(27, 9, 227602).
cost(27, 10, 684239).
cost(27, 11, 736145).
cost(27, 12, 546627).
cost(27, 13, 506144).
cost(27, 14, 753150).
cost(27, 15, 621867).
cost(27, 16, 273684).
cost(27, 17, 904434).
cost(27, 18, 736377).
cost(27, 19, 754164).
cost(27, 20, 884790).
cost(27, 21, 351219).
cost(27, 22, 703949).
cost(27, 23, 210429).
cost(27, 24, 175469).
cost(27, 25, 518115).
cost(27, 26, 245069).
cost(27, 28, 1088536).
cost(27, 29, 768660).
cost(27, 30, 824715).
cost(28, 1, 989067).
cost(28, 2, 690287).
cost(28, 3, 954037).
cost(28, 4, 1165363).
cost(28, 5, 807250).
cost(28, 6, 576819).
cost(28, 7, 875871).
cost(28, 8, 759413).
cost(28, 9, 1268597).
cost(28, 10, 413779).
cost(28, 11, 388130).
cost(28, 12, 820312).
cost(28, 13, 588405).
cost(28, 14, 825186).
cost(28, 15, 658393).
cost(28, 16, 1209805).
cost(28, 17, 186789).
cost(28, 18, 809383).
cost(28, 19, 638265).
cost(28, 20, 235330).
cost(28, 21, 856126).
cost(28, 22, 414571).
cost(28, 23, 967272).
cost(28, 24, 942778).
cost(28, 25, 614382).
cost(28, 26, 1008214).
cost(28, 27, 1088536).
cost(28, 29, 363815).
cost(28, 30, 299286).
cost(29, 1, 732831).
cost(29, 2, 342075).
cost(29, 3, 691931).
cost(29, 4, 824035).
cost(29, 5, 479259).
cost(29, 6, 406937).
cost(29, 7, 752451).
cost(29, 8, 608802).
cost(29, 9, 926034).
cost(29, 10, 227185).
cost(29, 11, 279929).
cost(29, 12, 665889).
cost(29, 13, 323003).
cost(29, 14, 499875).
cost(29, 15, 534741).
cost(29, 16, 855864).
cost(29, 17, 189059).
cost(29, 18, 480505).
cost(29, 19, 317513).
cost(29, 20, 129572).
cost(29, 21, 618321).
cost(29, 22, 276023).
cost(29, 23, 691649).
cost(29, 24, 607142).
cost(29, 25, 260887).
cost(29, 26, 746109).
cost(29, 27, 768660).
cost(29, 28, 363815).
cost(29, 30, 274448).
cost(30, 1, 696965).
cost(30, 2, 481380).
cost(30, 3, 664194).
cost(30, 4, 921115).
cost(30, 5, 562189).
cost(30, 6, 278506).
cost(30, 7, 584558).
cost(30, 8, 461682).
cost(30, 9, 1023688).
cost(30, 10, 144879).
cost(30, 11, 92161).
cost(30, 12, 522815).
cost(30, 13, 319427).
cost(30, 14, 764664).
cost(30, 15, 362691).
cost(30, 16, 985317).
cost(30, 17, 175363).
cost(30, 18, 743993).
cost(30, 19, 588359).
cost(30, 20, 237131).
cost(30, 21, 561893).
cost(30, 22, 122607).
cost(30, 23, 681802).
cost(30, 24, 698806).
cost(30, 25, 425099).
cost(30, 26, 717432).
cost(30, 27, 824715).
cost(30, 28, 299286).
cost(30, 29, 274448).
