dimension(25).
point(1, 15.3060471741, 41.9502713018).
point(2, 41.9591267773, 0.8533207669).
point(3, 51.4167332403, 30.1002501449).
point(4, 83.9679540383, 73.4168186631).
point(5, 10.1422372083, 37.5146007697).
point(6, 93.7190279907, 38.6218998798).
point(7, 96.7155533572, 45.939869657).
point(8, 67.448367714, 51.8659254074).
point(9, 54.5699180424, 14.2144043084).
point(10, 13.3176022256, 87.3713542253).
point(11, 13.4375823771, 59.3699912739).
point(12, 20.783839552, 82.068125835).
point(13, 58.2748941317, 9.3500677133).
point(14, 36.1477034821, 78.7319928924).
point(15, 86.507547856, 29.3163602873).
point(16, 45.4987088995, 81.0378500208).
point(17, 71.0482687988, 65.8536713855).
point(18, 94.5215666585, 72.1895224012).
point(19, 22.0629859626, 52.0316702976).
point(20, 84.9536567094, 38.3280237844).
point(21, 89.2677782114, 71.4196955164).
point(22, 30.1538722282, 5.6440030959).
point(23, 81.5856598256, 30.128936096).
point(24, 7.8532307779, 62.9463558758).
point(25, 29.927592811, 75.478302243).
cost(1, 2, 49).
cost(1, 3, 38).
cost(1, 4, 76).
cost(1, 5, 7).
cost(1, 6, 78).
cost(1, 7, 82).
cost(1, 8, 53).
cost(1, 9, 48).
cost(1, 10, 45).
cost(1, 11, 18).
cost(1, 12, 40).
cost(1, 13, 54).
cost(1, 14, 42).
cost(1, 15, 72).
cost(1, 16, 49).
cost(1, 17, 61).
cost(1, 18, 85).
cost(1, 19, 12).
cost(1, 20, 70).
cost(1, 21, 80).
cost(1, 22, 39).
cost(1, 23, 67).
cost(1, 24, 22).
cost(1, 25, 37).
cost(2, 1, 49).
cost(2, 3, 31).
cost(2, 4, 84).
cost(2, 5, 49).
cost(2, 6, 64).
cost(2, 7, 71).
cost(2, 8, 57).
cost(2, 9, 18).
cost(2, 10, 91).
cost(2, 11, 65).
cost(2, 12, 84).
cost(2, 13, 18).
cost(2, 14, 78).
cost(2, 15, 53).
cost(2, 16, 80).
cost(2, 17, 71).
cost(2, 18, 89).
cost(2, 19, 55).
cost(2, 20, 57).
cost(2, 21, 85).
cost(2, 22, 13).
cost(2, 23, 49).
cost(2, 24, 71).
cost(2, 25, 76).
cost(3, 1, 38).
cost(3, 2, 31).
cost(3, 4, 54).
cost(3, 5, 42).
cost(3, 6, 43).
cost(3, 7, 48).
cost(3, 8, 27).
cost(3, 9, 16).
cost(3, 10, 69).
cost(3, 11, 48).
cost(3, 12, 60).
cost(3, 13, 22).
cost(3, 14, 51).
cost(3, 15, 35).
cost(3, 16, 51).
cost(3, 17, 41).
cost(3, 18, 60).
cost(3, 19, 37).
cost(3, 20, 35).
cost(3, 21, 56).
cost(3, 22, 32).
cost(3, 23, 30).
cost(3, 24, 55).
cost(3, 25, 50).
cost(4, 1, 76).
cost(4, 2, 84).
cost(4, 3, 54).
cost(4, 5, 82).
cost(4, 6, 36).
cost(4, 7, 30).
cost(4, 8, 27).
cost(4, 9, 66).
cost(4, 10, 72).
cost(4, 11, 72).
cost(4, 12, 64).
cost(4, 13, 69).
cost(4, 14, 48).
cost(4, 15, 44).
cost(4, 16, 39).
cost(4, 17, 15).
cost(4, 18, 11).
cost(4, 19, 65).
cost(4, 20, 35).
cost(4, 21, 6).
cost(4, 22, 87).
cost(4, 23, 43).
cost(4, 24, 77).
cost(4, 25, 54).
cost(5, 1, 7).
cost(5, 2, 49).
cost(5, 3, 42).
cost(5, 4, 82).
cost(5, 6, 84).
cost(5, 7, 87).
cost(5, 8, 59).
cost(5, 9, 50).
cost(5, 10, 50).
cost(5, 11, 22).
cost(5, 12, 46).
cost(5, 13, 56).
cost(5, 14, 49).
cost(5, 15, 77).
cost(5, 16, 56).
cost(5, 17, 67).
cost(5, 18, 91).
cost(5, 19, 19).
cost(5, 20, 75).
cost(5, 21, 86).
cost(5, 22, 38).
cost(5, 23, 72).
cost(5, 24, 26).
cost(5, 25, 43).
cost(6, 1, 78).
cost(6, 2, 64).
cost(6, 3, 43).
cost(6, 4, 36).
cost(6, 5, 84).
cost(6, 7, 8).
cost(6, 8, 29).
cost(6, 9, 46).
cost(6, 10, 94).
cost(6, 11, 83).
cost(6, 12, 85).
cost(6, 13, 46).
cost(6, 14, 70).
cost(6, 15, 12).
cost(6, 16, 64).
cost(6, 17, 35).
cost(6, 18, 34).
cost(6, 19, 73).
cost(6, 20, 9).
cost(6, 21, 33).
cost(6, 22, 72).
cost(6, 23, 15).
cost(6, 24, 89).
cost(6, 25, 74).
cost(7, 1, 82).
cost(7, 2, 71).
cost(7, 3, 48).
cost(7, 4, 30).
cost(7, 5, 87).
cost(7, 6, 8).
cost(7, 8, 30).
cost(7, 9, 53).
cost(7, 10, 93).
cost(7, 11, 84).
cost(7, 12, 84).
cost(7, 13, 53).
cost(7, 14, 69).
cost(7, 15, 20).
cost(7, 16, 62).
cost(7, 17, 32).
cost(7, 18, 26).
cost(7, 19, 75).
cost(7, 20, 14).
cost(7, 21, 27).
cost(7, 22, 78).
cost(7, 23, 22).
cost(7, 24, 90).
cost(7, 25, 73).
cost(8, 1, 53).
cost(8, 2, 57).
cost(8, 3, 27).
cost(8, 4, 27).
cost(8, 5, 59).
cost(8, 6, 29).
cost(8, 7, 30).
cost(8, 9, 40).
cost(8, 10, 65).
cost(8, 11, 55).
cost(8, 12, 56).
cost(8, 13, 43).
cost(8, 14, 41).
cost(8, 15, 30).
cost(8, 16, 37).
cost(8, 17, 14).
cost(8, 18, 34).
cost(8, 19, 45).
cost(8, 20, 22).
cost(8, 21, 29).
cost(8, 22, 59).
cost(8, 23, 26).
cost(8, 24, 61).
cost(8, 25, 44).
cost(9, 1, 48).
cost(9, 2, 18).
cost(9, 3, 16).
cost(9, 4, 66).
cost(9, 5, 50).
cost(9, 6, 46).
cost(9, 7, 53).
cost(9, 8, 40).
cost(9, 10, 84).
cost(9, 11, 61).
cost(9, 12, 76).
cost(9, 13, 6).
cost(9, 14, 67).
cost(9, 15, 35).
cost(9, 16, 67).
cost(9, 17, 54).
cost(9, 18, 70).
cost(9, 19, 50).
cost(9, 20, 39).
cost(9, 21, 67).
cost(9, 22, 26).
cost(9, 23, 31).
cost(9, 24, 68).
cost(9, 25, 66).
cost(10, 1, 45).
cost(10, 2, 91).
cost(10, 3, 69).
cost(10, 4, 72).
cost(10, 5, 50).
cost(10, 6, 94).
cost(10, 7, 93).
cost(10, 8, 65).
cost(10, 9, 84).
cost(10, 11, 28).
cost(10, 12, 9).
cost(10, 13, 90).
cost(10, 14, 24).
cost(10, 15, 93).
cost(10, 16, 33).
cost(10, 17, 62).
cost(10, 18, 83).
cost(10, 19, 36).
cost(10, 20, 87).
cost(10, 21, 78).
cost(10, 22, 83).
cost(10, 23, 89).
cost(10, 24, 25).
cost(10, 25, 20).
cost(11, 1, 18).
cost(11, 2, 65).
cost(11, 3, 48).
cost(11, 4, 72).
cost(11, 5, 22).
cost(11, 6, 83).
cost(11, 7, 84).
cost(11, 8, 55).
cost(11, 9, 61).
cost(11, 10, 28).
cost(11, 12, 24).
cost(11, 13, 67).
cost(11, 14, 30).
cost(11, 15, 79).
cost(11, 16, 39).
cost(11, 17, 58).
cost(11, 18, 82).
cost(11, 19, 11).
cost(11, 20, 75).
cost(11, 21, 77).
cost(11, 22, 56).
cost(11, 23, 74).
cost(11, 24, 7).
cost(11, 25, 23).
cost(12, 1, 40).
cost(12, 2, 84).
cost(12, 3, 60).
cost(12, 4, 64).
cost(12, 5, 46).
cost(12, 6, 85).
cost(12, 7, 84).
cost(12, 8, 56).
cost(12, 9, 76).
cost(12, 10, 9).
cost(12, 11, 24).
cost(12, 13, 82).
cost(12, 14, 16).
cost(12, 15, 84).
cost(12, 16, 25).
cost(12, 17, 53).
cost(12, 18, 74).
cost(12, 19, 30).
cost(12, 20, 78).
cost(12, 21, 69).
cost(12, 22, 77).
cost(12, 23, 80).
cost(12, 24, 23).
cost(12, 25, 11).
cost(13, 1, 54).
cost(13, 2, 18).
cost(13, 3, 22).
cost(13, 4, 69).
cost(13, 5, 56).
cost(13, 6, 46).
cost(13, 7, 53).
cost(13, 8, 43).
cost(13, 9, 6).
cost(13, 10, 90).
cost(13, 11, 67).
cost(13, 12, 82).
cost(13, 14, 73).
cost(13, 15, 35).
cost(13, 16, 73).
cost(13, 17, 58).
cost(13, 18, 73).
cost(13, 19, 56).
cost(13, 20, 39).
cost(13, 21, 69).
cost(13, 22, 28).
cost(13, 23, 31).
cost(13, 24, 74).
cost(13, 25, 72).
cost(14, 1, 42).
cost(14, 2, 78).
cost(14, 3, 51).
cost(14, 4, 48).
cost(14, 5, 49).
cost(14, 6, 70).
cost(14, 7, 69).
cost(14, 8, 41).
cost(14, 9, 67).
cost(14, 10, 24).
cost(14, 11, 30).
cost(14, 12, 16).
cost(14, 13, 73).
cost(14, 15, 71).
cost(14, 16, 10).
cost(14, 17, 37).
cost(14, 18, 59).
cost(14, 19, 30).
cost(14, 20, 63).
cost(14, 21, 54).
cost(14, 22, 73).
cost(14, 23, 67).
cost(14, 24, 32).
cost(14, 25, 7).
cost(15, 1, 72).
cost(15, 2, 53).
cost(15, 3, 35).
cost(15, 4, 44).
cost(15, 5, 77).
cost(15, 6, 12).
cost(15, 7, 20).
cost(15, 8, 30).
cost(15, 9, 35).
cost(15, 10, 93).
cost(15, 11, 79).
cost(15, 12, 84).
cost(15, 13, 35).
cost(15, 14, 71).
cost(15, 16, 66).
cost(15, 17, 40).
cost(15, 18, 44).
cost(15, 19, 68).
cost(15, 20, 9).
cost(15, 21, 42).
cost(15, 22, 61).
cost(15, 23, 5).
cost(15, 24, 86).
cost(15, 25, 73).
cost(16, 1, 49).
cost(16, 2, 80).
cost(16, 3, 51).
cost(16, 4, 39).
cost(16, 5, 56).
cost(16, 6, 64).
cost(16, 7, 62).
cost(16, 8, 37).
cost(16, 9, 67).
cost(16, 10, 33).
cost(16, 11, 39).
cost(16, 12, 25).
cost(16, 13, 73).
cost(16, 14, 10).
cost(16, 15, 66).
cost(16, 17, 30).
cost(16, 18, 50).
cost(16, 19, 37).
cost(16, 20, 58).
cost(16, 21, 45).
cost(16, 22, 77).
cost(16, 23, 62).
cost(16, 24, 42).
cost(16, 25, 17).
cost(17, 1, 61).
cost(17, 2, 71).
cost(17, 3, 41).
cost(17, 4, 15).
cost(17, 5, 67).
cost(17, 6, 35).
cost(17, 7, 32).
cost(17, 8, 14).
cost(17, 9, 54).
cost(17, 10, 62).
cost(17, 11, 58).
cost(17, 12, 53).
cost(17, 13, 58).
cost(17, 14, 37).
cost(17, 15, 40).
cost(17, 16, 30).
cost(17, 18, 24).
cost(17, 19, 51).
cost(17, 20, 31).
cost(17, 21, 19).
cost(17, 22, 73).
cost(17, 23, 37).
cost(17, 24, 63).
cost(17, 25, 42).
cost(18, 1, 85).
cost(18, 2, 89).
cost(18, 3, 60).
cost(18, 4, 11).
cost(18, 5, 91).
cost(18, 6, 34).
cost(18, 7, 26).
cost(18, 8, 34).
cost(18, 9, 70).
cost(18, 10, 83).
cost(18, 11, 82).
cost(18, 12, 74).
cost(18, 13, 73).
cost(18, 14, 59).
cost(18, 15, 44).
cost(18, 16, 50).
cost(18, 17, 24).
cost(18, 19, 75).
cost(18, 20, 35).
cost(18, 21, 5).
cost(18, 22, 93).
cost(18, 23, 44).
cost(18, 24, 87).
cost(18, 25, 65).
cost(19, 1, 12).
cost(19, 2, 55).
cost(19, 3, 37).
cost(19, 4, 65).
cost(19, 5, 19).
cost(19, 6, 73).
cost(19, 7, 75).
cost(19, 8, 45).
cost(19, 9, 50).
cost(19, 10, 36).
cost(19, 11, 11).
cost(19, 12, 30).
cost(19, 13, 56).
cost(19, 14, 30).
cost(19, 15, 68).
cost(19, 16, 37).
cost(19, 17, 51).
cost(19, 18, 75).
cost(19, 20, 64).
cost(19, 21, 70).
cost(19, 22, 47).
cost(19, 23, 63).
cost(19, 24, 18).
cost(19, 25, 25).
cost(20, 1, 70).
cost(20, 2, 57).
cost(20, 3, 35).
cost(20, 4, 35).
cost(20, 5, 75).
cost(20, 6, 9).
cost(20, 7, 14).
cost(20, 8, 22).
cost(20, 9, 39).
cost(20, 10, 87).
cost(20, 11, 75).
cost(20, 12, 78).
cost(20, 13, 39).
cost(20, 14, 63).
cost(20, 15, 9).
cost(20, 16, 58).
cost(20, 17, 31).
cost(20, 18, 35).
cost(20, 19, 64).
cost(20, 21, 33).
cost(20, 22, 64).
cost(20, 23, 9).
cost(20, 24, 81).
cost(20, 25, 66).
cost(21, 1, 80).
cost(21, 2, 85).
cost(21, 3, 56).
cost(21, 4, 6).
cost(21, 5, 86).
cost(21, 6, 33).
cost(21, 7, 27).
cost(21, 8, 29).
cost(21, 9, 67).
cost(21, 10, 78).
cost(21, 11, 77).
cost(21, 12, 69).
cost(21, 13, 69).
cost(21, 14, 54).
cost(21, 15, 42).
cost(21, 16, 45).
cost(21, 17, 19).
cost(21, 18, 5).
cost(21, 19, 70).
cost(21, 20, 33).
cost(21, 22, 88).
cost(21, 23, 42).
cost(21, 24, 82).
cost(21, 25, 59).
cost(22, 1, 39).
cost(22, 2, 13).
cost(22, 3, 32).
cost(22, 4, 87).
cost(22, 5, 38).
cost(22, 6, 72).
cost(22, 7, 78).
cost(22, 8, 59).
cost(22, 9, 26).
cost(22, 10, 83).
cost(22, 11, 56).
cost(22, 12, 77).
cost(22, 13, 28).
cost(22, 14, 73).
cost(22, 15, 61).
cost(22, 16, 77).
cost(22, 17, 73).
cost(22, 18, 93).
cost(22, 19, 47).
cost(22, 20, 64).
cost(22, 21, 88).
cost(22, 23, 57).
cost(22, 24, 61).
cost(22, 25, 70).
cost(23, 1, 67).
cost(23, 2, 49).
cost(23, 3, 30).
cost(23, 4, 43).
cost(23, 5, 72).
cost(23, 6, 15).
cost(23, 7, 22).
cost(23, 8, 26).
cost(23, 9, 31).
cost(23, 10, 89).
cost(23, 11, 74).
cost(23, 12, 80).
cost(23, 13, 31).
cost(23, 14, 67).
cost(23, 15, 5).
cost(23, 16, 62).
cost(23, 17, 37).
cost(23, 18, 44).
cost(23, 19, 63).
cost(23, 20, 9).
cost(23, 21, 42).
cost(23, 22, 57).
cost(23, 24, 81).
cost(23, 25, 69).
cost(24, 1, 22).
cost(24, 2, 71).
cost(24, 3, 55).
cost(24, 4, 77).
cost(24, 5, 26).
cost(24, 6, 89).
cost(24, 7, 90).
cost(24, 8, 61).
cost(24, 9, 68).
cost(24, 10, 25).
cost(24, 11, 7).
cost(24, 12, 23).
cost(24, 13, 74).
cost(24, 14, 32).
cost(24, 15, 86).
cost(24, 16, 42).
cost(24, 17, 63).
cost(24, 18, 87).
cost(24, 19, 18).
cost(24, 20, 81).
cost(24, 21, 82).
cost(24, 22, 61).
cost(24, 23, 81).
cost(24, 25, 25).
cost(25, 1, 37).
cost(25, 2, 76).
cost(25, 3, 50).
cost(25, 4, 54).
cost(25, 5, 43).
cost(25, 6, 74).
cost(25, 7, 73).
cost(25, 8, 44).
cost(25, 9, 66).
cost(25, 10, 20).
cost(25, 11, 23).
cost(25, 12, 11).
cost(25, 13, 72).
cost(25, 14, 7).
cost(25, 15, 73).
cost(25, 16, 17).
cost(25, 17, 42).
cost(25, 18, 65).
cost(25, 19, 25).
cost(25, 20, 66).
cost(25, 21, 59).
cost(25, 22, 70).
cost(25, 23, 69).
cost(25, 24, 25).
nocross(1,3).
nocross(1,5).
nocross(1,11).
nocross(1,14).
nocross(1,19).
nocross(1,22).
nocross(1,24).
nocross(1,25).
nocross(2,1).
nocross(2,3).
nocross(2,5).
nocross(2,9).
nocross(2,13).
nocross(2,15).
nocross(2,22).
nocross(2,23).
nocross(3,1).
nocross(3,2).
nocross(3,4).
nocross(3,5).
nocross(3,6).
nocross(3,8).
nocross(3,9).
nocross(3,11).
nocross(3,13).
nocross(3,14).
nocross(3,15).
nocross(3,17).
nocross(3,19).
nocross(3,20).
nocross(3,21).
nocross(3,22).
nocross(3,23).
nocross(3,24).
nocross(3,25).
nocross(4,8).
nocross(4,14).
nocross(4,16).
nocross(4,17).
nocross(4,18).
nocross(4,21).
nocross(4,25).
nocross(5,1).
nocross(5,11).
nocross(5,19).
nocross(5,22).
nocross(5,24).
nocross(6,3).
nocross(6,7).
nocross(6,8).
nocross(6,9).
nocross(6,13).
nocross(6,15).
nocross(6,17).
nocross(6,20).
nocross(6,21).
nocross(6,23).
nocross(7,6).
nocross(7,8).
nocross(7,9).
nocross(7,15).
nocross(7,17).
nocross(7,18).
nocross(7,20).
nocross(7,21).
nocross(7,23).
nocross(8,1).
nocross(8,3).
nocross(8,4).
nocross(8,5).
nocross(8,6).
nocross(8,7).
nocross(8,9).
nocross(8,13).
nocross(8,14).
nocross(8,15).
nocross(8,16).
nocross(8,17).
nocross(8,18).
nocross(8,19).
nocross(8,20).
nocross(8,21).
nocross(8,23).
nocross(8,25).
nocross(9,2).
nocross(9,3).
nocross(9,5).
nocross(9,13).
nocross(9,15).
nocross(9,20).
nocross(9,22).
nocross(9,23).
nocross(10,1).
nocross(10,5).
nocross(10,11).
nocross(10,12).
nocross(10,14).
nocross(10,16).
nocross(10,19).
nocross(10,24).
nocross(10,25).
nocross(11,1).
nocross(11,5).
nocross(11,10).
nocross(11,12).
nocross(11,14).
nocross(11,19).
nocross(11,24).
nocross(11,25).
nocross(12,1).
nocross(12,5).
nocross(12,10).
nocross(12,11).
nocross(12,14).
nocross(12,16).
nocross(12,19).
nocross(12,24).
nocross(12,25).
nocross(13,2).
nocross(13,3).
nocross(13,6).
nocross(13,9).
nocross(13,15).
nocross(13,20).
nocross(13,22).
nocross(13,23).
nocross(14,1).
nocross(14,4).
nocross(14,8).
nocross(14,10).
nocross(14,11).
nocross(14,12).
nocross(14,16).
nocross(14,17).
nocross(14,19).
nocross(14,24).
nocross(14,25).
nocross(15,3).
nocross(15,6).
nocross(15,7).
nocross(15,8).
nocross(15,9).
nocross(15,13).
nocross(15,20).
nocross(15,23).
nocross(16,4).
nocross(16,8).
nocross(16,10).
nocross(16,11).
nocross(16,12).
nocross(16,14).
nocross(16,17).
nocross(16,18).
nocross(16,19).
nocross(16,21).
nocross(16,25).
nocross(17,3).
nocross(17,4).
nocross(17,6).
nocross(17,7).
nocross(17,8).
nocross(17,14).
nocross(17,16).
nocross(17,18).
nocross(17,20).
nocross(17,21).
nocross(17,23).
nocross(17,25).
nocross(18,4).
nocross(18,6).
nocross(18,7).
nocross(18,8).
nocross(18,16).
nocross(18,17).
nocross(18,20).
nocross(18,21).
nocross(18,23).
nocross(19,1).
nocross(19,3).
nocross(19,5).
nocross(19,8).
nocross(19,9).
nocross(19,11).
nocross(19,12).
nocross(19,14).
nocross(19,16).
nocross(19,22).
nocross(19,24).
nocross(19,25).
nocross(20,3).
nocross(20,6).
nocross(20,7).
nocross(20,8).
nocross(20,9).
nocross(20,13).
nocross(20,15).
nocross(20,17).
nocross(20,21).
nocross(20,23).
nocross(21,4).
nocross(21,6).
nocross(21,7).
nocross(21,8).
nocross(21,14).
nocross(21,16).
nocross(21,17).
nocross(21,18).
nocross(21,20).
nocross(22,1).
nocross(22,2).
nocross(22,3).
nocross(22,5).
nocross(22,9).
nocross(22,13).
nocross(23,3).
nocross(23,6).
nocross(23,8).
nocross(23,9).
nocross(23,13).
nocross(23,15).
nocross(23,17).
nocross(23,20).
nocross(24,1).
nocross(24,5).
nocross(24,10).
nocross(24,11).
nocross(24,12).
nocross(24,14).
nocross(24,19).
nocross(24,25).
nocross(25,1).
nocross(25,4).
nocross(25,5).
nocross(25,8).
nocross(25,10).
nocross(25,11).
nocross(25,12).
nocross(25,14).
nocross(25,16).
nocross(25,17).
nocross(25,19).
nocross(25,24).
