dimension(25).
point(1, 32.45450906, 64.4057737672).
point(2, 0.3626437395, 59.0932198885).
point(3, 72.2049579333, 7.8072561936).
point(4, 23.215376087, 22.217672126).
point(5, 4.3053146851, 60.2781950895).
point(6, 82.959528105, 48.7350831427).
point(7, 7.7094784563, 51.5520422785).
point(8, 31.875064165, 40.0982394661).
point(9, 89.8171897503, 19.127884918).
point(10, 8.6201857726, 81.7709352663).
point(11, 26.5345521252, 72.1406537593).
point(12, 48.723837093, 29.955483559).
point(13, 92.1704355767, 11.1673860742).
point(14, 90.4391681662, 21.596907375).
point(15, 81.0474208676, 6.772422831).
point(16, 64.032644415, 33.2998273266).
point(17, 56.7380178122, 31.0891209927).
point(18, 40.0109566352, 46.6181268737).
point(19, 22.8979034017, 73.162104826).
point(20, 52.3440647099, 34.2744137992).
point(21, 28.9858500894, 88.7002176003).
point(22, 65.890450724, 61.3227959795).
point(23, 53.1865552214, 22.7961675244).
point(24, 37.8454756766, 70.0301071473).
point(25, 3.9895294043, 83.2163547938).
cost(1, 2, 33).
cost(1, 3, 69).
cost(1, 4, 43).
cost(1, 5, 28).
cost(1, 6, 53).
cost(1, 7, 28).
cost(1, 8, 24).
cost(1, 9, 73).
cost(1, 10, 29).
cost(1, 11, 10).
cost(1, 12, 38).
cost(1, 13, 80).
cost(1, 14, 72).
cost(1, 15, 75).
cost(1, 16, 44).
cost(1, 17, 41).
cost(1, 18, 19).
cost(1, 19, 13).
cost(1, 20, 36).
cost(1, 21, 25).
cost(1, 22, 34).
cost(1, 23, 46).
cost(1, 24, 8).
cost(1, 25, 34).
cost(2, 1, 33).
cost(2, 3, 88).
cost(2, 4, 43).
cost(2, 5, 4).
cost(2, 6, 83).
cost(2, 7, 11).
cost(2, 8, 37).
cost(2, 9, 98).
cost(2, 10, 24).
cost(2, 11, 29).
cost(2, 12, 56).
cost(2, 13, 104).
cost(2, 14, 98).
cost(2, 15, 96).
cost(2, 16, 69).
cost(2, 17, 63).
cost(2, 18, 42).
cost(2, 19, 27).
cost(2, 20, 58).
cost(2, 21, 41).
cost(2, 22, 66).
cost(2, 23, 64).
cost(2, 24, 39).
cost(2, 25, 24).
cost(3, 1, 69).
cost(3, 2, 88).
cost(3, 4, 51).
cost(3, 5, 86).
cost(3, 6, 42).
cost(3, 7, 78).
cost(3, 8, 52).
cost(3, 9, 21).
cost(3, 10, 98).
cost(3, 11, 79).
cost(3, 12, 32).
cost(3, 13, 20).
cost(3, 14, 23).
cost(3, 15, 9).
cost(3, 16, 27).
cost(3, 17, 28).
cost(3, 18, 50).
cost(3, 19, 82).
cost(3, 20, 33).
cost(3, 21, 92).
cost(3, 22, 54).
cost(3, 23, 24).
cost(3, 24, 71).
cost(3, 25, 102).
cost(4, 1, 43).
cost(4, 2, 43).
cost(4, 3, 51).
cost(4, 5, 42).
cost(4, 6, 65).
cost(4, 7, 33).
cost(4, 8, 20).
cost(4, 9, 67).
cost(4, 10, 61).
cost(4, 11, 50).
cost(4, 12, 27).
cost(4, 13, 70).
cost(4, 14, 67).
cost(4, 15, 60).
cost(4, 16, 42).
cost(4, 17, 35).
cost(4, 18, 30).
cost(4, 19, 51).
cost(4, 20, 32).
cost(4, 21, 67).
cost(4, 22, 58).
cost(4, 23, 30).
cost(4, 24, 50).
cost(4, 25, 64).
cost(5, 1, 28).
cost(5, 2, 4).
cost(5, 3, 86).
cost(5, 4, 42).
cost(5, 6, 79).
cost(5, 7, 9).
cost(5, 8, 34).
cost(5, 9, 95).
cost(5, 10, 22).
cost(5, 11, 25).
cost(5, 12, 54).
cost(5, 13, 101).
cost(5, 14, 94).
cost(5, 15, 94).
cost(5, 16, 66).
cost(5, 17, 60).
cost(5, 18, 38).
cost(5, 19, 23).
cost(5, 20, 55).
cost(5, 21, 38).
cost(5, 22, 62).
cost(5, 23, 62).
cost(5, 24, 35).
cost(5, 25, 23).
cost(6, 1, 53).
cost(6, 2, 83).
cost(6, 3, 42).
cost(6, 4, 65).
cost(6, 5, 79).
cost(6, 7, 75).
cost(6, 8, 52).
cost(6, 9, 30).
cost(6, 10, 81).
cost(6, 11, 61).
cost(6, 12, 39).
cost(6, 13, 39).
cost(6, 14, 28).
cost(6, 15, 42).
cost(6, 16, 24).
cost(6, 17, 32).
cost(6, 18, 43).
cost(6, 19, 65).
cost(6, 20, 34).
cost(6, 21, 67).
cost(6, 22, 21).
cost(6, 23, 39).
cost(6, 24, 50).
cost(6, 25, 86).
cost(7, 1, 28).
cost(7, 2, 11).
cost(7, 3, 78).
cost(7, 4, 33).
cost(7, 5, 9).
cost(7, 6, 75).
cost(7, 8, 27).
cost(7, 9, 88).
cost(7, 10, 30).
cost(7, 11, 28).
cost(7, 12, 46).
cost(7, 13, 94).
cost(7, 14, 88).
cost(7, 15, 86).
cost(7, 16, 59).
cost(7, 17, 53).
cost(7, 18, 33).
cost(7, 19, 26).
cost(7, 20, 48).
cost(7, 21, 43).
cost(7, 22, 59).
cost(7, 23, 54).
cost(7, 24, 35).
cost(7, 25, 32).
cost(8, 1, 24).
cost(8, 2, 37).
cost(8, 3, 52).
cost(8, 4, 20).
cost(8, 5, 34).
cost(8, 6, 52).
cost(8, 7, 27).
cost(8, 9, 62).
cost(8, 10, 48).
cost(8, 11, 32).
cost(8, 12, 20).
cost(8, 13, 67).
cost(8, 14, 61).
cost(8, 15, 59).
cost(8, 16, 33).
cost(8, 17, 26).
cost(8, 18, 10).
cost(8, 19, 34).
cost(8, 20, 21).
cost(8, 21, 49).
cost(8, 22, 40).
cost(8, 23, 27).
cost(8, 24, 31).
cost(8, 25, 51).
cost(9, 1, 73).
cost(9, 2, 98).
cost(9, 3, 21).
cost(9, 4, 67).
cost(9, 5, 95).
cost(9, 6, 30).
cost(9, 7, 88).
cost(9, 8, 62).
cost(9, 10, 103).
cost(9, 11, 83).
cost(9, 12, 42).
cost(9, 13, 8).
cost(9, 14, 3).
cost(9, 15, 15).
cost(9, 16, 29).
cost(9, 17, 35).
cost(9, 18, 57).
cost(9, 19, 86).
cost(9, 20, 40).
cost(9, 21, 92).
cost(9, 22, 49).
cost(9, 23, 37).
cost(9, 24, 73).
cost(9, 25, 107).
cost(10, 1, 29).
cost(10, 2, 24).
cost(10, 3, 98).
cost(10, 4, 61).
cost(10, 5, 22).
cost(10, 6, 81).
cost(10, 7, 30).
cost(10, 8, 48).
cost(10, 9, 103).
cost(10, 11, 20).
cost(10, 12, 66).
cost(10, 13, 109).
cost(10, 14, 102).
cost(10, 15, 104).
cost(10, 16, 74).
cost(10, 17, 70).
cost(10, 18, 47).
cost(10, 19, 17).
cost(10, 20, 65).
cost(10, 21, 22).
cost(10, 22, 61).
cost(10, 23, 74).
cost(10, 24, 31).
cost(10, 25, 5).
cost(11, 1, 10).
cost(11, 2, 29).
cost(11, 3, 79).
cost(11, 4, 50).
cost(11, 5, 25).
cost(11, 6, 61).
cost(11, 7, 28).
cost(11, 8, 32).
cost(11, 9, 83).
cost(11, 10, 20).
cost(11, 12, 48).
cost(11, 13, 90).
cost(11, 14, 81).
cost(11, 15, 85).
cost(11, 16, 54).
cost(11, 17, 51).
cost(11, 18, 29).
cost(11, 19, 4).
cost(11, 20, 46).
cost(11, 21, 17).
cost(11, 22, 41).
cost(11, 23, 56).
cost(11, 24, 12).
cost(11, 25, 25).
cost(12, 1, 38).
cost(12, 2, 56).
cost(12, 3, 32).
cost(12, 4, 27).
cost(12, 5, 54).
cost(12, 6, 39).
cost(12, 7, 46).
cost(12, 8, 20).
cost(12, 9, 42).
cost(12, 10, 66).
cost(12, 11, 48).
cost(12, 13, 47).
cost(12, 14, 43).
cost(12, 15, 40).
cost(12, 16, 16).
cost(12, 17, 8).
cost(12, 18, 19).
cost(12, 19, 50).
cost(12, 20, 6).
cost(12, 21, 62).
cost(12, 22, 36).
cost(12, 23, 8).
cost(12, 24, 42).
cost(12, 25, 70).
cost(13, 1, 80).
cost(13, 2, 104).
cost(13, 3, 20).
cost(13, 4, 70).
cost(13, 5, 101).
cost(13, 6, 39).
cost(13, 7, 94).
cost(13, 8, 67).
cost(13, 9, 8).
cost(13, 10, 109).
cost(13, 11, 90).
cost(13, 12, 47).
cost(13, 14, 11).
cost(13, 15, 12).
cost(13, 16, 36).
cost(13, 17, 41).
cost(13, 18, 63).
cost(13, 19, 93).
cost(13, 20, 46).
cost(13, 21, 100).
cost(13, 22, 57).
cost(13, 23, 41).
cost(13, 24, 80).
cost(13, 25, 114).
cost(14, 1, 72).
cost(14, 2, 98).
cost(14, 3, 23).
cost(14, 4, 67).
cost(14, 5, 94).
cost(14, 6, 28).
cost(14, 7, 88).
cost(14, 8, 61).
cost(14, 9, 3).
cost(14, 10, 102).
cost(14, 11, 81).
cost(14, 12, 43).
cost(14, 13, 11).
cost(14, 15, 18).
cost(14, 16, 29).
cost(14, 17, 35).
cost(14, 18, 56).
cost(14, 19, 85).
cost(14, 20, 40).
cost(14, 21, 91).
cost(14, 22, 47).
cost(14, 23, 37).
cost(14, 24, 71).
cost(14, 25, 106).
cost(15, 1, 75).
cost(15, 2, 96).
cost(15, 3, 9).
cost(15, 4, 60).
cost(15, 5, 94).
cost(15, 6, 42).
cost(15, 7, 86).
cost(15, 8, 59).
cost(15, 9, 15).
cost(15, 10, 104).
cost(15, 11, 85).
cost(15, 12, 40).
cost(15, 13, 12).
cost(15, 14, 18).
cost(15, 16, 32).
cost(15, 17, 34).
cost(15, 18, 57).
cost(15, 19, 88).
cost(15, 20, 40).
cost(15, 21, 97).
cost(15, 22, 57).
cost(15, 23, 32).
cost(15, 24, 77).
cost(15, 25, 109).
cost(16, 1, 44).
cost(16, 2, 69).
cost(16, 3, 27).
cost(16, 4, 42).
cost(16, 5, 66).
cost(16, 6, 24).
cost(16, 7, 59).
cost(16, 8, 33).
cost(16, 9, 29).
cost(16, 10, 74).
cost(16, 11, 54).
cost(16, 12, 16).
cost(16, 13, 36).
cost(16, 14, 29).
cost(16, 15, 32).
cost(16, 17, 8).
cost(16, 18, 27).
cost(16, 19, 57).
cost(16, 20, 12).
cost(16, 21, 66).
cost(16, 22, 28).
cost(16, 23, 15).
cost(16, 24, 45).
cost(16, 25, 78).
cost(17, 1, 41).
cost(17, 2, 63).
cost(17, 3, 28).
cost(17, 4, 35).
cost(17, 5, 60).
cost(17, 6, 32).
cost(17, 7, 53).
cost(17, 8, 26).
cost(17, 9, 35).
cost(17, 10, 70).
cost(17, 11, 51).
cost(17, 12, 8).
cost(17, 13, 41).
cost(17, 14, 35).
cost(17, 15, 34).
cost(17, 16, 8).
cost(17, 18, 23).
cost(17, 19, 54).
cost(17, 20, 5).
cost(17, 21, 64).
cost(17, 22, 32).
cost(17, 23, 9).
cost(17, 24, 43).
cost(17, 25, 74).
cost(18, 1, 19).
cost(18, 2, 42).
cost(18, 3, 50).
cost(18, 4, 30).
cost(18, 5, 38).
cost(18, 6, 43).
cost(18, 7, 33).
cost(18, 8, 10).
cost(18, 9, 57).
cost(18, 10, 47).
cost(18, 11, 29).
cost(18, 12, 19).
cost(18, 13, 63).
cost(18, 14, 56).
cost(18, 15, 57).
cost(18, 16, 27).
cost(18, 17, 23).
cost(18, 19, 32).
cost(18, 20, 17).
cost(18, 21, 44).
cost(18, 22, 30).
cost(18, 23, 27).
cost(18, 24, 24).
cost(18, 25, 51).
cost(19, 1, 13).
cost(19, 2, 27).
cost(19, 3, 82).
cost(19, 4, 51).
cost(19, 5, 23).
cost(19, 6, 65).
cost(19, 7, 26).
cost(19, 8, 34).
cost(19, 9, 86).
cost(19, 10, 17).
cost(19, 11, 4).
cost(19, 12, 50).
cost(19, 13, 93).
cost(19, 14, 85).
cost(19, 15, 88).
cost(19, 16, 57).
cost(19, 17, 54).
cost(19, 18, 32).
cost(19, 20, 49).
cost(19, 21, 17).
cost(19, 22, 45).
cost(19, 23, 59).
cost(19, 24, 15).
cost(19, 25, 21).
cost(20, 1, 36).
cost(20, 2, 58).
cost(20, 3, 33).
cost(20, 4, 32).
cost(20, 5, 55).
cost(20, 6, 34).
cost(20, 7, 48).
cost(20, 8, 21).
cost(20, 9, 40).
cost(20, 10, 65).
cost(20, 11, 46).
cost(20, 12, 6).
cost(20, 13, 46).
cost(20, 14, 40).
cost(20, 15, 40).
cost(20, 16, 12).
cost(20, 17, 5).
cost(20, 18, 17).
cost(20, 19, 49).
cost(20, 21, 59).
cost(20, 22, 30).
cost(20, 23, 12).
cost(20, 24, 39).
cost(20, 25, 69).
cost(21, 1, 25).
cost(21, 2, 41).
cost(21, 3, 92).
cost(21, 4, 67).
cost(21, 5, 38).
cost(21, 6, 67).
cost(21, 7, 43).
cost(21, 8, 49).
cost(21, 9, 92).
cost(21, 10, 22).
cost(21, 11, 17).
cost(21, 12, 62).
cost(21, 13, 100).
cost(21, 14, 91).
cost(21, 15, 97).
cost(21, 16, 66).
cost(21, 17, 64).
cost(21, 18, 44).
cost(21, 19, 17).
cost(21, 20, 59).
cost(21, 22, 46).
cost(21, 23, 70).
cost(21, 24, 21).
cost(21, 25, 26).
cost(22, 1, 34).
cost(22, 2, 66).
cost(22, 3, 54).
cost(22, 4, 58).
cost(22, 5, 62).
cost(22, 6, 21).
cost(22, 7, 59).
cost(22, 8, 40).
cost(22, 9, 49).
cost(22, 10, 61).
cost(22, 11, 41).
cost(22, 12, 36).
cost(22, 13, 57).
cost(22, 14, 47).
cost(22, 15, 57).
cost(22, 16, 28).
cost(22, 17, 32).
cost(22, 18, 30).
cost(22, 19, 45).
cost(22, 20, 30).
cost(22, 21, 46).
cost(22, 23, 41).
cost(22, 24, 29).
cost(22, 25, 66).
cost(23, 1, 46).
cost(23, 2, 64).
cost(23, 3, 24).
cost(23, 4, 30).
cost(23, 5, 62).
cost(23, 6, 39).
cost(23, 7, 54).
cost(23, 8, 27).
cost(23, 9, 37).
cost(23, 10, 74).
cost(23, 11, 56).
cost(23, 12, 8).
cost(23, 13, 41).
cost(23, 14, 37).
cost(23, 15, 32).
cost(23, 16, 15).
cost(23, 17, 9).
cost(23, 18, 27).
cost(23, 19, 59).
cost(23, 20, 12).
cost(23, 21, 70).
cost(23, 22, 41).
cost(23, 24, 50).
cost(23, 25, 78).
cost(24, 1, 8).
cost(24, 2, 39).
cost(24, 3, 71).
cost(24, 4, 50).
cost(24, 5, 35).
cost(24, 6, 50).
cost(24, 7, 35).
cost(24, 8, 31).
cost(24, 9, 73).
cost(24, 10, 31).
cost(24, 11, 12).
cost(24, 12, 42).
cost(24, 13, 80).
cost(24, 14, 71).
cost(24, 15, 77).
cost(24, 16, 45).
cost(24, 17, 43).
cost(24, 18, 24).
cost(24, 19, 15).
cost(24, 20, 39).
cost(24, 21, 21).
cost(24, 22, 29).
cost(24, 23, 50).
cost(24, 25, 36).
cost(25, 1, 34).
cost(25, 2, 24).
cost(25, 3, 102).
cost(25, 4, 64).
cost(25, 5, 23).
cost(25, 6, 86).
cost(25, 7, 32).
cost(25, 8, 51).
cost(25, 9, 107).
cost(25, 10, 5).
cost(25, 11, 25).
cost(25, 12, 70).
cost(25, 13, 114).
cost(25, 14, 106).
cost(25, 15, 109).
cost(25, 16, 78).
cost(25, 17, 74).
cost(25, 18, 51).
cost(25, 19, 21).
cost(25, 20, 69).
cost(25, 21, 26).
cost(25, 22, 66).
cost(25, 23, 78).
cost(25, 24, 36).
nocross(1,2).
nocross(1,5).
nocross(1,7).
nocross(1,8).
nocross(1,10).
nocross(1,11).
nocross(1,12).
nocross(1,17).
nocross(1,18).
nocross(1,19).
nocross(1,20).
nocross(1,21).
nocross(1,24).
nocross(1,25).
nocross(2,1).
nocross(2,5).
nocross(2,7).
nocross(2,8).
nocross(2,10).
nocross(2,11).
nocross(2,19).
nocross(2,25).
nocross(3,9).
nocross(3,12).
nocross(3,13).
nocross(3,14).
nocross(3,15).
nocross(3,16).
nocross(3,17).
nocross(3,20).
nocross(3,23).
nocross(4,2).
nocross(4,3).
nocross(4,5).
nocross(4,7).
nocross(4,8).
nocross(4,12).
nocross(4,17).
nocross(4,18).
nocross(4,20).
nocross(4,23).
nocross(5,1).
nocross(5,2).
nocross(5,7).
nocross(5,8).
nocross(5,10).
nocross(5,11).
nocross(5,18).
nocross(5,19).
nocross(5,24).
nocross(5,25).
nocross(6,9).
nocross(6,12).
nocross(6,13).
nocross(6,14).
nocross(6,16).
nocross(6,17).
nocross(6,18).
nocross(6,20).
nocross(6,22).
nocross(6,23).
nocross(6,24).
nocross(7,1).
nocross(7,2).
nocross(7,4).
nocross(7,5).
nocross(7,8).
nocross(7,10).
nocross(7,11).
nocross(7,18).
nocross(7,19).
nocross(7,25).
nocross(8,1).
nocross(8,2).
nocross(8,4).
nocross(8,5).
nocross(8,7).
nocross(8,11).
nocross(8,12).
nocross(8,16).
nocross(8,17).
nocross(8,18).
nocross(8,19).
nocross(8,20).
nocross(8,23).
nocross(8,24).
nocross(9,3).
nocross(9,6).
nocross(9,12).
nocross(9,13).
nocross(9,14).
nocross(9,15).
nocross(9,16).
nocross(9,17).
nocross(9,20).
nocross(9,23).
nocross(10,1).
nocross(10,2).
nocross(10,5).
nocross(10,7).
nocross(10,11).
nocross(10,19).
nocross(10,21).
nocross(10,24).
nocross(10,25).
nocross(11,1).
nocross(11,2).
nocross(11,5).
nocross(11,7).
nocross(11,8).
nocross(11,10).
nocross(11,18).
nocross(11,19).
nocross(11,21).
nocross(11,24).
nocross(11,25).
nocross(12,2).
nocross(12,3).
nocross(12,4).
nocross(12,8).
nocross(12,9).
nocross(12,14).
nocross(12,15).
nocross(12,16).
nocross(12,17).
nocross(12,18).
nocross(12,20).
nocross(12,23).
nocross(13,3).
nocross(13,9).
nocross(13,14).
nocross(13,15).
nocross(13,16).
nocross(13,17).
nocross(14,3).
nocross(14,6).
nocross(14,9).
nocross(14,12).
nocross(14,13).
nocross(14,15).
nocross(14,16).
nocross(14,17).
nocross(14,20).
nocross(14,23).
nocross(15,3).
nocross(15,9).
nocross(15,12).
nocross(15,13).
nocross(15,14).
nocross(15,16).
nocross(15,17).
nocross(15,20).
nocross(15,23).
nocross(16,3).
nocross(16,6).
nocross(16,8).
nocross(16,9).
nocross(16,12).
nocross(16,13).
nocross(16,14).
nocross(16,15).
nocross(16,17).
nocross(16,18).
nocross(16,20).
nocross(16,22).
nocross(16,23).
nocross(17,3).
nocross(17,8).
nocross(17,9).
nocross(17,12).
nocross(17,13).
nocross(17,14).
nocross(17,15).
nocross(17,16).
nocross(17,18).
nocross(17,20).
nocross(17,23).
nocross(18,1).
nocross(18,2).
nocross(18,4).
nocross(18,5).
nocross(18,7).
nocross(18,8).
nocross(18,11).
nocross(18,12).
nocross(18,16).
nocross(18,17).
nocross(18,19).
nocross(18,20).
nocross(18,22).
nocross(18,23).
nocross(18,24).
nocross(19,1).
nocross(19,2).
nocross(19,5).
nocross(19,7).
nocross(19,10).
nocross(19,11).
nocross(19,18).
nocross(19,21).
nocross(19,24).
nocross(19,25).
nocross(20,1).
nocross(20,3).
nocross(20,8).
nocross(20,9).
nocross(20,12).
nocross(20,13).
nocross(20,14).
nocross(20,15).
nocross(20,16).
nocross(20,17).
nocross(20,18).
nocross(20,22).
nocross(20,23).
nocross(20,24).
nocross(21,1).
nocross(21,2).
nocross(21,5).
nocross(21,10).
nocross(21,11).
nocross(21,19).
nocross(21,24).
nocross(21,25).
nocross(22,1).
nocross(22,6).
nocross(22,8).
nocross(22,9).
nocross(22,11).
nocross(22,12).
nocross(22,14).
nocross(22,16).
nocross(22,17).
nocross(22,18).
nocross(22,19).
nocross(22,20).
nocross(22,23).
nocross(22,24).
nocross(23,3).
nocross(23,4).
nocross(23,8).
nocross(23,9).
nocross(23,12).
nocross(23,13).
nocross(23,14).
nocross(23,15).
nocross(23,16).
nocross(23,17).
nocross(23,18).
nocross(23,20).
nocross(24,1).
nocross(24,2).
nocross(24,5).
nocross(24,7).
nocross(24,8).
nocross(24,10).
nocross(24,11).
nocross(24,12).
nocross(24,18).
nocross(24,19).
nocross(24,20).
nocross(24,21).
nocross(24,22).
nocross(24,25).
nocross(25,1).
nocross(25,2).
nocross(25,5).
nocross(25,10).
nocross(25,11).
nocross(25,19).
nocross(25,21).
nocross(25,24).
