dimension(25).
point(1, 57.7105380244, 60.5177630166).
point(2, 30.815367288, 84.6798233634).
point(3, 46.5036740182, 24.0589511682).
point(4, 75.4645058491, 75.3425229147).
point(5, 10.0569242946, 23.7463648546).
point(6, 20.5615394358, 66.3418386571).
point(7, 23.3843227117, 11.3957128388).
point(8, 22.5883054148, 17.0315082263).
point(9, 69.2477243807, 85.5521729996).
point(10, 49.8382822039, 43.288516637).
point(11, 70.0701164126, 69.806374571).
point(12, 68.6944390832, 75.4271337461).
point(13, 15.0207228643, 94.741641567).
point(14, 68.5063165863, 65.7413217585).
point(15, 49.6613733312, 50.2918308658).
point(16, 47.8556402089, 28.8560853849).
point(17, 7.0808993625, 18.3539445754).
point(18, 18.4028016092, 3.3589502523).
point(19, 36.8341343096, 74.9792607322).
point(20, 74.2912126568, 30.5179342643).
point(21, 71.5181521608, 21.0456806977).
point(22, 61.1484167474, 8.312158364).
point(23, 74.0448461556, 46.9046817292).
point(24, 42.0736622499, 15.8612198523).
point(25, 36.3851873112, 82.2495828938).
cost(1, 2, 36).
cost(1, 3, 38).
cost(1, 4, 23).
cost(1, 5, 60).
cost(1, 6, 38).
cost(1, 7, 60).
cost(1, 8, 56).
cost(1, 9, 28).
cost(1, 10, 19).
cost(1, 11, 15).
cost(1, 12, 19).
cost(1, 13, 55).
cost(1, 14, 12).
cost(1, 15, 13).
cost(1, 16, 33).
cost(1, 17, 66).
cost(1, 18, 69).
cost(1, 19, 25).
cost(1, 20, 34).
cost(1, 21, 42).
cost(1, 22, 52).
cost(1, 23, 21).
cost(1, 24, 47).
cost(1, 25, 30).
cost(2, 1, 36).
cost(2, 3, 63).
cost(2, 4, 46).
cost(2, 5, 64).
cost(2, 6, 21).
cost(2, 7, 74).
cost(2, 8, 68).
cost(2, 9, 38).
cost(2, 10, 46).
cost(2, 11, 42).
cost(2, 12, 39).
cost(2, 13, 19).
cost(2, 14, 42).
cost(2, 15, 39).
cost(2, 16, 58).
cost(2, 17, 70).
cost(2, 18, 82).
cost(2, 19, 11).
cost(2, 20, 69).
cost(2, 21, 76).
cost(2, 22, 82).
cost(2, 23, 57).
cost(2, 24, 70).
cost(2, 25, 6).
cost(3, 1, 38).
cost(3, 2, 63).
cost(3, 4, 59).
cost(3, 5, 36).
cost(3, 6, 50).
cost(3, 7, 26).
cost(3, 8, 25).
cost(3, 9, 66).
cost(3, 10, 20).
cost(3, 11, 51).
cost(3, 12, 56).
cost(3, 13, 77).
cost(3, 14, 47).
cost(3, 15, 26).
cost(3, 16, 5).
cost(3, 17, 40).
cost(3, 18, 35).
cost(3, 19, 52).
cost(3, 20, 29).
cost(3, 21, 25).
cost(3, 22, 22).
cost(3, 23, 36).
cost(3, 24, 9).
cost(3, 25, 59).
cost(4, 1, 23).
cost(4, 2, 46).
cost(4, 3, 59).
cost(4, 5, 83).
cost(4, 6, 56).
cost(4, 7, 82).
cost(4, 8, 79).
cost(4, 9, 12).
cost(4, 10, 41).
cost(4, 11, 8).
cost(4, 12, 7).
cost(4, 13, 63).
cost(4, 14, 12).
cost(4, 15, 36).
cost(4, 16, 54).
cost(4, 17, 89).
cost(4, 18, 92).
cost(4, 19, 39).
cost(4, 20, 45).
cost(4, 21, 54).
cost(4, 22, 69).
cost(4, 23, 28).
cost(4, 24, 68).
cost(4, 25, 40).
cost(5, 1, 60).
cost(5, 2, 64).
cost(5, 3, 36).
cost(5, 4, 83).
cost(5, 6, 44).
cost(5, 7, 18).
cost(5, 8, 14).
cost(5, 9, 86).
cost(5, 10, 44).
cost(5, 11, 76).
cost(5, 12, 78).
cost(5, 13, 71).
cost(5, 14, 72).
cost(5, 15, 48).
cost(5, 16, 38).
cost(5, 17, 6).
cost(5, 18, 22).
cost(5, 19, 58).
cost(5, 20, 65).
cost(5, 21, 62).
cost(5, 22, 53).
cost(5, 23, 68).
cost(5, 24, 33).
cost(5, 25, 64).
cost(6, 1, 38).
cost(6, 2, 21).
cost(6, 3, 50).
cost(6, 4, 56).
cost(6, 5, 44).
cost(6, 7, 55).
cost(6, 8, 49).
cost(6, 9, 52).
cost(6, 10, 37).
cost(6, 11, 50).
cost(6, 12, 49).
cost(6, 13, 29).
cost(6, 14, 48).
cost(6, 15, 33).
cost(6, 16, 46).
cost(6, 17, 50).
cost(6, 18, 63).
cost(6, 19, 18).
cost(6, 20, 65).
cost(6, 21, 68).
cost(6, 22, 71).
cost(6, 23, 57).
cost(6, 24, 55).
cost(6, 25, 22).
cost(7, 1, 60).
cost(7, 2, 74).
cost(7, 3, 26).
cost(7, 4, 82).
cost(7, 5, 18).
cost(7, 6, 55).
cost(7, 8, 6).
cost(7, 9, 87).
cost(7, 10, 41).
cost(7, 11, 75).
cost(7, 12, 78).
cost(7, 13, 84).
cost(7, 14, 71).
cost(7, 15, 47).
cost(7, 16, 30).
cost(7, 17, 18).
cost(7, 18, 9).
cost(7, 19, 65).
cost(7, 20, 54).
cost(7, 21, 49).
cost(7, 22, 38).
cost(7, 23, 62).
cost(7, 24, 19).
cost(7, 25, 72).
cost(8, 1, 56).
cost(8, 2, 68).
cost(8, 3, 25).
cost(8, 4, 79).
cost(8, 5, 14).
cost(8, 6, 49).
cost(8, 7, 6).
cost(8, 9, 83).
cost(8, 10, 38).
cost(8, 11, 71).
cost(8, 12, 74).
cost(8, 13, 78).
cost(8, 14, 67).
cost(8, 15, 43).
cost(8, 16, 28).
cost(8, 17, 16).
cost(8, 18, 14).
cost(8, 19, 60).
cost(8, 20, 53).
cost(8, 21, 49).
cost(8, 22, 40).
cost(8, 23, 59).
cost(8, 24, 20).
cost(8, 25, 67).
cost(9, 1, 28).
cost(9, 2, 38).
cost(9, 3, 66).
cost(9, 4, 12).
cost(9, 5, 86).
cost(9, 6, 52).
cost(9, 7, 87).
cost(9, 8, 83).
cost(9, 10, 47).
cost(9, 11, 16).
cost(9, 12, 10).
cost(9, 13, 55).
cost(9, 14, 20).
cost(9, 15, 40).
cost(9, 16, 61).
cost(9, 17, 92).
cost(9, 18, 97).
cost(9, 19, 34).
cost(9, 20, 55).
cost(9, 21, 65).
cost(9, 22, 78).
cost(9, 23, 39).
cost(9, 24, 75).
cost(9, 25, 33).
cost(10, 1, 19).
cost(10, 2, 46).
cost(10, 3, 20).
cost(10, 4, 41).
cost(10, 5, 44).
cost(10, 6, 37).
cost(10, 7, 41).
cost(10, 8, 38).
cost(10, 9, 47).
cost(10, 11, 33).
cost(10, 12, 37).
cost(10, 13, 62).
cost(10, 14, 29).
cost(10, 15, 7).
cost(10, 16, 15).
cost(10, 17, 49).
cost(10, 18, 51).
cost(10, 19, 34).
cost(10, 20, 28).
cost(10, 21, 31).
cost(10, 22, 37).
cost(10, 23, 24).
cost(10, 24, 29).
cost(10, 25, 41).
cost(11, 1, 15).
cost(11, 2, 42).
cost(11, 3, 51).
cost(11, 4, 8).
cost(11, 5, 76).
cost(11, 6, 50).
cost(11, 7, 75).
cost(11, 8, 71).
cost(11, 9, 16).
cost(11, 10, 33).
cost(11, 12, 6).
cost(11, 13, 60).
cost(11, 14, 4).
cost(11, 15, 28).
cost(11, 16, 47).
cost(11, 17, 81).
cost(11, 18, 84).
cost(11, 19, 34).
cost(11, 20, 40).
cost(11, 21, 49).
cost(11, 22, 62).
cost(11, 23, 23).
cost(11, 24, 61).
cost(11, 25, 36).
cost(12, 1, 19).
cost(12, 2, 39).
cost(12, 3, 56).
cost(12, 4, 7).
cost(12, 5, 78).
cost(12, 6, 49).
cost(12, 7, 78).
cost(12, 8, 74).
cost(12, 9, 10).
cost(12, 10, 37).
cost(12, 11, 6).
cost(12, 13, 57).
cost(12, 14, 10).
cost(12, 15, 32).
cost(12, 16, 51).
cost(12, 17, 84).
cost(12, 18, 88).
cost(12, 19, 32).
cost(12, 20, 45).
cost(12, 21, 54).
cost(12, 22, 68).
cost(12, 23, 29).
cost(12, 24, 65).
cost(12, 25, 33).
cost(13, 1, 55).
cost(13, 2, 19).
cost(13, 3, 77).
cost(13, 4, 63).
cost(13, 5, 71).
cost(13, 6, 29).
cost(13, 7, 84).
cost(13, 8, 78).
cost(13, 9, 55).
cost(13, 10, 62).
cost(13, 11, 60).
cost(13, 12, 57).
cost(13, 14, 61).
cost(13, 15, 56).
cost(13, 16, 74).
cost(13, 17, 77).
cost(13, 18, 91).
cost(13, 19, 29).
cost(13, 20, 87).
cost(13, 21, 93).
cost(13, 22, 98).
cost(13, 23, 76).
cost(13, 24, 83).
cost(13, 25, 25).
cost(14, 1, 12).
cost(14, 2, 42).
cost(14, 3, 47).
cost(14, 4, 12).
cost(14, 5, 72).
cost(14, 6, 48).
cost(14, 7, 71).
cost(14, 8, 67).
cost(14, 9, 20).
cost(14, 10, 29).
cost(14, 11, 4).
cost(14, 12, 10).
cost(14, 13, 61).
cost(14, 15, 24).
cost(14, 16, 42).
cost(14, 17, 78).
cost(14, 18, 80).
cost(14, 19, 33).
cost(14, 20, 36).
cost(14, 21, 45).
cost(14, 22, 58).
cost(14, 23, 20).
cost(14, 24, 56).
cost(14, 25, 36).
cost(15, 1, 13).
cost(15, 2, 39).
cost(15, 3, 26).
cost(15, 4, 36).
cost(15, 5, 48).
cost(15, 6, 33).
cost(15, 7, 47).
cost(15, 8, 43).
cost(15, 9, 40).
cost(15, 10, 7).
cost(15, 11, 28).
cost(15, 12, 32).
cost(15, 13, 56).
cost(15, 14, 24).
cost(15, 16, 22).
cost(15, 17, 53).
cost(15, 18, 56).
cost(15, 19, 28).
cost(15, 20, 32).
cost(15, 21, 37).
cost(15, 22, 44).
cost(15, 23, 25).
cost(15, 24, 35).
cost(15, 25, 35).
cost(16, 1, 33).
cost(16, 2, 58).
cost(16, 3, 5).
cost(16, 4, 54).
cost(16, 5, 38).
cost(16, 6, 46).
cost(16, 7, 30).
cost(16, 8, 28).
cost(16, 9, 61).
cost(16, 10, 15).
cost(16, 11, 47).
cost(16, 12, 51).
cost(16, 13, 74).
cost(16, 14, 42).
cost(16, 15, 22).
cost(16, 17, 42).
cost(16, 18, 39).
cost(16, 19, 47).
cost(16, 20, 26).
cost(16, 21, 25).
cost(16, 22, 24).
cost(16, 23, 32).
cost(16, 24, 14).
cost(16, 25, 55).
cost(17, 1, 66).
cost(17, 2, 70).
cost(17, 3, 40).
cost(17, 4, 89).
cost(17, 5, 6).
cost(17, 6, 50).
cost(17, 7, 18).
cost(17, 8, 16).
cost(17, 9, 92).
cost(17, 10, 49).
cost(17, 11, 81).
cost(17, 12, 84).
cost(17, 13, 77).
cost(17, 14, 78).
cost(17, 15, 53).
cost(17, 16, 42).
cost(17, 18, 19).
cost(17, 19, 64).
cost(17, 20, 68).
cost(17, 21, 64).
cost(17, 22, 55).
cost(17, 23, 73).
cost(17, 24, 35).
cost(17, 25, 70).
cost(18, 1, 69).
cost(18, 2, 82).
cost(18, 3, 35).
cost(18, 4, 92).
cost(18, 5, 22).
cost(18, 6, 63).
cost(18, 7, 9).
cost(18, 8, 14).
cost(18, 9, 97).
cost(18, 10, 51).
cost(18, 11, 84).
cost(18, 12, 88).
cost(18, 13, 91).
cost(18, 14, 80).
cost(18, 15, 56).
cost(18, 16, 39).
cost(18, 17, 19).
cost(18, 19, 74).
cost(18, 20, 62).
cost(18, 21, 56).
cost(18, 22, 43).
cost(18, 23, 71).
cost(18, 24, 27).
cost(18, 25, 81).
cost(19, 1, 25).
cost(19, 2, 11).
cost(19, 3, 52).
cost(19, 4, 39).
cost(19, 5, 58).
cost(19, 6, 18).
cost(19, 7, 65).
cost(19, 8, 60).
cost(19, 9, 34).
cost(19, 10, 34).
cost(19, 11, 34).
cost(19, 12, 32).
cost(19, 13, 29).
cost(19, 14, 33).
cost(19, 15, 28).
cost(19, 16, 47).
cost(19, 17, 64).
cost(19, 18, 74).
cost(19, 20, 58).
cost(19, 21, 64).
cost(19, 22, 71).
cost(19, 23, 47).
cost(19, 24, 59).
cost(19, 25, 7).
cost(20, 1, 34).
cost(20, 2, 69).
cost(20, 3, 29).
cost(20, 4, 45).
cost(20, 5, 65).
cost(20, 6, 65).
cost(20, 7, 54).
cost(20, 8, 53).
cost(20, 9, 55).
cost(20, 10, 28).
cost(20, 11, 40).
cost(20, 12, 45).
cost(20, 13, 87).
cost(20, 14, 36).
cost(20, 15, 32).
cost(20, 16, 26).
cost(20, 17, 68).
cost(20, 18, 62).
cost(20, 19, 58).
cost(20, 21, 10).
cost(20, 22, 26).
cost(20, 23, 16).
cost(20, 24, 35).
cost(20, 25, 64).
cost(21, 1, 42).
cost(21, 2, 76).
cost(21, 3, 25).
cost(21, 4, 54).
cost(21, 5, 62).
cost(21, 6, 68).
cost(21, 7, 49).
cost(21, 8, 49).
cost(21, 9, 65).
cost(21, 10, 31).
cost(21, 11, 49).
cost(21, 12, 54).
cost(21, 13, 93).
cost(21, 14, 45).
cost(21, 15, 37).
cost(21, 16, 25).
cost(21, 17, 64).
cost(21, 18, 56).
cost(21, 19, 64).
cost(21, 20, 10).
cost(21, 22, 16).
cost(21, 23, 26).
cost(21, 24, 30).
cost(21, 25, 71).
cost(22, 1, 52).
cost(22, 2, 82).
cost(22, 3, 22).
cost(22, 4, 69).
cost(22, 5, 53).
cost(22, 6, 71).
cost(22, 7, 38).
cost(22, 8, 40).
cost(22, 9, 78).
cost(22, 10, 37).
cost(22, 11, 62).
cost(22, 12, 68).
cost(22, 13, 98).
cost(22, 14, 58).
cost(22, 15, 44).
cost(22, 16, 24).
cost(22, 17, 55).
cost(22, 18, 43).
cost(22, 19, 71).
cost(22, 20, 26).
cost(22, 21, 16).
cost(22, 23, 41).
cost(22, 24, 21).
cost(22, 25, 78).
cost(23, 1, 21).
cost(23, 2, 57).
cost(23, 3, 36).
cost(23, 4, 28).
cost(23, 5, 68).
cost(23, 6, 57).
cost(23, 7, 62).
cost(23, 8, 59).
cost(23, 9, 39).
cost(23, 10, 24).
cost(23, 11, 23).
cost(23, 12, 29).
cost(23, 13, 76).
cost(23, 14, 20).
cost(23, 15, 25).
cost(23, 16, 32).
cost(23, 17, 73).
cost(23, 18, 71).
cost(23, 19, 47).
cost(23, 20, 16).
cost(23, 21, 26).
cost(23, 22, 41).
cost(23, 24, 45).
cost(23, 25, 52).
cost(24, 1, 47).
cost(24, 2, 70).
cost(24, 3, 9).
cost(24, 4, 68).
cost(24, 5, 33).
cost(24, 6, 55).
cost(24, 7, 19).
cost(24, 8, 20).
cost(24, 9, 75).
cost(24, 10, 29).
cost(24, 11, 61).
cost(24, 12, 65).
cost(24, 13, 83).
cost(24, 14, 56).
cost(24, 15, 35).
cost(24, 16, 14).
cost(24, 17, 35).
cost(24, 18, 27).
cost(24, 19, 59).
cost(24, 20, 35).
cost(24, 21, 30).
cost(24, 22, 21).
cost(24, 23, 45).
cost(24, 25, 67).
cost(25, 1, 30).
cost(25, 2, 6).
cost(25, 3, 59).
cost(25, 4, 40).
cost(25, 5, 64).
cost(25, 6, 22).
cost(25, 7, 72).
cost(25, 8, 67).
cost(25, 9, 33).
cost(25, 10, 41).
cost(25, 11, 36).
cost(25, 12, 33).
cost(25, 13, 25).
cost(25, 14, 36).
cost(25, 15, 35).
cost(25, 16, 55).
cost(25, 17, 70).
cost(25, 18, 81).
cost(25, 19, 7).
cost(25, 20, 64).
cost(25, 21, 71).
cost(25, 22, 78).
cost(25, 23, 52).
cost(25, 24, 67).
nocross(1,2).
nocross(1,3).
nocross(1,4).
nocross(1,9).
nocross(1,10).
nocross(1,11).
nocross(1,12).
nocross(1,14).
nocross(1,15).
nocross(1,16).
nocross(1,19).
nocross(1,20).
nocross(1,23).
nocross(1,24).
nocross(1,25).
nocross(2,1).
nocross(2,6).
nocross(2,9).
nocross(2,13).
nocross(2,15).
nocross(2,19).
nocross(2,25).
nocross(3,1).
nocross(3,5).
nocross(3,7).
nocross(3,8).
nocross(3,10).
nocross(3,15).
nocross(3,16).
nocross(3,18).
nocross(3,20).
nocross(3,21).
nocross(3,22).
nocross(3,24).
nocross(4,1).
nocross(4,9).
nocross(4,11).
nocross(4,12).
nocross(4,14).
nocross(4,15).
nocross(4,20).
nocross(4,23).
nocross(5,3).
nocross(5,7).
nocross(5,8).
nocross(5,16).
nocross(5,17).
nocross(5,18).
nocross(5,24).
nocross(6,1).
nocross(6,2).
nocross(6,3).
nocross(6,5).
nocross(6,8).
nocross(6,10).
nocross(6,13).
nocross(6,15).
nocross(6,16).
nocross(6,17).
nocross(6,19).
nocross(6,25).
nocross(7,3).
nocross(7,5).
nocross(7,8).
nocross(7,10).
nocross(7,16).
nocross(7,17).
nocross(7,18).
nocross(7,22).
nocross(7,24).
nocross(8,3).
nocross(8,5).
nocross(8,7).
nocross(8,10).
nocross(8,15).
nocross(8,16).
nocross(8,17).
nocross(8,18).
nocross(8,22).
nocross(8,24).
nocross(9,1).
nocross(9,2).
nocross(9,4).
nocross(9,11).
nocross(9,12).
nocross(9,14).
nocross(9,15).
nocross(9,19).
nocross(9,25).
nocross(10,1).
nocross(10,3).
nocross(10,5).
nocross(10,7).
nocross(10,8).
nocross(10,15).
nocross(10,16).
nocross(10,17).
nocross(10,18).
nocross(10,19).
nocross(10,20).
nocross(10,21).
nocross(10,22).
nocross(10,23).
nocross(10,24).
nocross(11,1).
nocross(11,4).
nocross(11,9).
nocross(11,10).
nocross(11,12).
nocross(11,14).
nocross(11,15).
nocross(11,19).
nocross(11,20).
nocross(11,23).
nocross(11,25).
nocross(12,1).
nocross(12,2).
nocross(12,4).
nocross(12,9).
nocross(12,10).
nocross(12,11).
nocross(12,14).
nocross(12,15).
nocross(12,19).
nocross(12,23).
nocross(12,25).
nocross(13,2).
nocross(13,6).
nocross(13,9).
nocross(13,17).
nocross(13,19).
nocross(13,25).
nocross(14,1).
nocross(14,3).
nocross(14,4).
nocross(14,10).
nocross(14,11).
nocross(14,12).
nocross(14,15).
nocross(14,16).
nocross(14,20).
nocross(14,21).
nocross(14,23).
nocross(14,25).
nocross(15,1).
nocross(15,3).
nocross(15,5).
nocross(15,6).
nocross(15,7).
nocross(15,8).
nocross(15,10).
nocross(15,16).
nocross(15,17).
nocross(15,19).
nocross(15,23).
nocross(15,24).
nocross(15,25).
nocross(16,1).
nocross(16,3).
nocross(16,5).
nocross(16,7).
nocross(16,8).
nocross(16,10).
nocross(16,15).
nocross(16,17).
nocross(16,18).
nocross(16,20).
nocross(16,21).
nocross(16,22).
nocross(16,23).
nocross(16,24).
nocross(17,5).
nocross(17,7).
nocross(17,8).
nocross(17,18).
nocross(18,3).
nocross(18,5).
nocross(18,7).
nocross(18,8).
nocross(18,16).
nocross(18,17).
nocross(18,22).
nocross(18,24).
nocross(19,1).
nocross(19,2).
nocross(19,5).
nocross(19,6).
nocross(19,9).
nocross(19,10).
nocross(19,12).
nocross(19,15).
nocross(19,16).
nocross(19,17).
nocross(19,25).
nocross(20,1).
nocross(20,3).
nocross(20,4).
nocross(20,10).
nocross(20,11).
nocross(20,14).
nocross(20,15).
nocross(20,16).
nocross(20,21).
nocross(20,22).
nocross(20,23).
nocross(21,3).
nocross(21,10).
nocross(21,11).
nocross(21,14).
nocross(21,15).
nocross(21,16).
nocross(21,20).
nocross(21,22).
nocross(21,23).
nocross(21,24).
nocross(22,3).
nocross(22,7).
nocross(22,8).
nocross(22,10).
nocross(22,15).
nocross(22,16).
nocross(22,18).
nocross(22,20).
nocross(22,21).
nocross(22,24).
nocross(23,1).
nocross(23,3).
nocross(23,4).
nocross(23,10).
nocross(23,11).
nocross(23,12).
nocross(23,14).
nocross(23,15).
nocross(23,16).
nocross(23,20).
nocross(23,21).
nocross(24,3).
nocross(24,5).
nocross(24,7).
nocross(24,8).
nocross(24,10).
nocross(24,15).
nocross(24,16).
nocross(24,18).
nocross(24,21).
nocross(24,22).
nocross(25,1).
nocross(25,2).
nocross(25,6).
nocross(25,9).
nocross(25,10).
nocross(25,12).
nocross(25,13).
nocross(25,15).
nocross(25,19).
