dimension(25).
point(1, 23.4767177048, 17.2162892237).
point(2, 84.3799699374, 39.4900219629).
point(3, 93.7481783855, 24.3038456201).
point(4, 41.1164918342, 42.9250393438).
point(5, 12.8312686754, 65.223073202).
point(6, 19.7174322644, 16.543954866).
point(7, 27.3186727949, 93.4259843214).
point(8, 53.2811351199, 91.8265555619).
point(9, 1.6204626036, 79.7662451143).
point(10, 0.7921258738, 68.6468045066).
point(11, 39.5336177248, 94.9502791438).
point(12, 86.9520388518, 51.6679866137).
point(13, 38.2090131319, 86.3588485463).
point(14, 47.8685789848, 39.8391648387).
point(15, 34.7132163327, 21.8342841513).
point(16, 54.0486455668, 49.547474015).
point(17, 51.8930403231, 48.136312494).
point(18, 51.8786367101, 98.0872000207).
point(19, 66.2639425322, 27.0054235453).
point(20, 7.1258610752, 79.0686530236).
point(21, 30.042365706, 6.4950495972).
point(22, 82.3992720538, 33.8791275994).
point(23, 25.9907279707, 2.6588792751).
point(24, 75.8129081493, 18.9172706763).
point(25, 19.0891505205, 76.7301484248).
cost(1, 2, 65).
cost(1, 3, 71).
cost(1, 4, 31).
cost(1, 5, 49).
cost(1, 6, 4).
cost(1, 7, 76).
cost(1, 8, 80).
cost(1, 9, 66).
cost(1, 10, 56).
cost(1, 11, 79).
cost(1, 12, 72).
cost(1, 13, 71).
cost(1, 14, 33).
cost(1, 15, 12).
cost(1, 16, 44).
cost(1, 17, 42).
cost(1, 18, 86).
cost(1, 19, 44).
cost(1, 20, 64).
cost(1, 21, 13).
cost(1, 22, 61).
cost(1, 23, 15).
cost(1, 24, 52).
cost(1, 25, 60).
cost(2, 1, 65).
cost(2, 3, 18).
cost(2, 4, 43).
cost(2, 5, 76).
cost(2, 6, 69).
cost(2, 7, 79).
cost(2, 8, 61).
cost(2, 9, 92).
cost(2, 10, 89).
cost(2, 11, 71).
cost(2, 12, 12).
cost(2, 13, 66).
cost(2, 14, 37).
cost(2, 15, 53).
cost(2, 16, 32).
cost(2, 17, 34).
cost(2, 18, 67).
cost(2, 19, 22).
cost(2, 20, 87).
cost(2, 21, 64).
cost(2, 22, 6).
cost(2, 23, 69).
cost(2, 24, 22).
cost(2, 25, 75).
cost(3, 1, 71).
cost(3, 2, 18).
cost(3, 4, 56).
cost(3, 5, 91).
cost(3, 6, 74).
cost(3, 7, 96).
cost(3, 8, 79).
cost(3, 9, 108).
cost(3, 10, 103).
cost(3, 11, 89).
cost(3, 12, 28).
cost(3, 13, 83).
cost(3, 14, 48).
cost(3, 15, 59).
cost(3, 16, 47).
cost(3, 17, 48).
cost(3, 18, 85).
cost(3, 19, 28).
cost(3, 20, 102).
cost(3, 21, 66).
cost(3, 22, 15).
cost(3, 23, 71).
cost(3, 24, 19).
cost(3, 25, 91).
cost(4, 1, 31).
cost(4, 2, 43).
cost(4, 3, 56).
cost(4, 5, 36).
cost(4, 6, 34).
cost(4, 7, 52).
cost(4, 8, 50).
cost(4, 9, 54).
cost(4, 10, 48).
cost(4, 11, 52).
cost(4, 12, 47).
cost(4, 13, 44).
cost(4, 14, 7).
cost(4, 15, 22).
cost(4, 16, 15).
cost(4, 17, 12).
cost(4, 18, 56).
cost(4, 19, 30).
cost(4, 20, 50).
cost(4, 21, 38).
cost(4, 22, 42).
cost(4, 23, 43).
cost(4, 24, 42).
cost(4, 25, 40).
cost(5, 1, 49).
cost(5, 2, 76).
cost(5, 3, 91).
cost(5, 4, 36).
cost(5, 6, 49).
cost(5, 7, 32).
cost(5, 8, 48).
cost(5, 9, 18).
cost(5, 10, 13).
cost(5, 11, 40).
cost(5, 12, 75).
cost(5, 13, 33).
cost(5, 14, 43).
cost(5, 15, 49).
cost(5, 16, 44).
cost(5, 17, 43).
cost(5, 18, 51).
cost(5, 19, 66).
cost(5, 20, 15).
cost(5, 21, 61).
cost(5, 22, 76).
cost(5, 23, 64).
cost(5, 24, 78).
cost(5, 25, 13).
cost(6, 1, 4).
cost(6, 2, 69).
cost(6, 3, 74).
cost(6, 4, 34).
cost(6, 5, 49).
cost(6, 7, 77).
cost(6, 8, 82).
cost(6, 9, 66).
cost(6, 10, 55).
cost(6, 11, 81).
cost(6, 12, 76).
cost(6, 13, 72).
cost(6, 14, 37).
cost(6, 15, 16).
cost(6, 16, 48).
cost(6, 17, 45).
cost(6, 18, 88).
cost(6, 19, 48).
cost(6, 20, 64).
cost(6, 21, 14).
cost(6, 22, 65).
cost(6, 23, 15).
cost(6, 24, 56).
cost(6, 25, 60).
cost(7, 1, 76).
cost(7, 2, 79).
cost(7, 3, 96).
cost(7, 4, 52).
cost(7, 5, 32).
cost(7, 6, 77).
cost(7, 8, 26).
cost(7, 9, 29).
cost(7, 10, 36).
cost(7, 11, 12).
cost(7, 12, 73).
cost(7, 13, 13).
cost(7, 14, 57).
cost(7, 15, 72).
cost(7, 16, 51).
cost(7, 17, 52).
cost(7, 18, 25).
cost(7, 19, 77).
cost(7, 20, 25).
cost(7, 21, 87).
cost(7, 22, 81).
cost(7, 23, 91).
cost(7, 24, 89).
cost(7, 25, 19).
cost(8, 1, 80).
cost(8, 2, 61).
cost(8, 3, 79).
cost(8, 4, 50).
cost(8, 5, 48).
cost(8, 6, 82).
cost(8, 7, 26).
cost(8, 9, 53).
cost(8, 10, 57).
cost(8, 11, 14).
cost(8, 12, 52).
cost(8, 13, 16).
cost(8, 14, 52).
cost(8, 15, 72).
cost(8, 16, 42).
cost(8, 17, 44).
cost(8, 18, 6).
cost(8, 19, 66).
cost(8, 20, 48).
cost(8, 21, 88).
cost(8, 22, 65).
cost(8, 23, 93).
cost(8, 24, 76).
cost(8, 25, 37).
cost(9, 1, 66).
cost(9, 2, 92).
cost(9, 3, 108).
cost(9, 4, 54).
cost(9, 5, 18).
cost(9, 6, 66).
cost(9, 7, 29).
cost(9, 8, 53).
cost(9, 10, 11).
cost(9, 11, 41).
cost(9, 12, 90).
cost(9, 13, 37).
cost(9, 14, 61).
cost(9, 15, 67).
cost(9, 16, 61).
cost(9, 17, 59).
cost(9, 18, 53).
cost(9, 19, 83).
cost(9, 20, 6).
cost(9, 21, 79).
cost(9, 22, 93).
cost(9, 23, 81).
cost(9, 24, 96).
cost(9, 25, 18).
cost(10, 1, 56).
cost(10, 2, 89).
cost(10, 3, 103).
cost(10, 4, 48).
cost(10, 5, 13).
cost(10, 6, 55).
cost(10, 7, 36).
cost(10, 8, 57).
cost(10, 9, 11).
cost(10, 11, 47).
cost(10, 12, 88).
cost(10, 13, 41).
cost(10, 14, 55).
cost(10, 15, 58).
cost(10, 16, 57).
cost(10, 17, 55).
cost(10, 18, 59).
cost(10, 19, 78).
cost(10, 20, 12).
cost(10, 21, 69).
cost(10, 22, 89).
cost(10, 23, 71).
cost(10, 24, 90).
cost(10, 25, 20).
cost(11, 1, 79).
cost(11, 2, 71).
cost(11, 3, 89).
cost(11, 4, 52).
cost(11, 5, 40).
cost(11, 6, 81).
cost(11, 7, 12).
cost(11, 8, 14).
cost(11, 9, 41).
cost(11, 10, 47).
cost(11, 12, 64).
cost(11, 13, 9).
cost(11, 14, 56).
cost(11, 15, 73).
cost(11, 16, 48).
cost(11, 17, 48).
cost(11, 18, 13).
cost(11, 19, 73).
cost(11, 20, 36).
cost(11, 21, 89).
cost(11, 22, 75).
cost(11, 23, 93).
cost(11, 24, 84).
cost(11, 25, 27).
cost(12, 1, 72).
cost(12, 2, 12).
cost(12, 3, 28).
cost(12, 4, 47).
cost(12, 5, 75).
cost(12, 6, 76).
cost(12, 7, 73).
cost(12, 8, 52).
cost(12, 9, 90).
cost(12, 10, 88).
cost(12, 11, 64).
cost(12, 13, 60).
cost(12, 14, 41).
cost(12, 15, 60).
cost(12, 16, 33).
cost(12, 17, 35).
cost(12, 18, 58).
cost(12, 19, 32).
cost(12, 20, 84).
cost(12, 21, 73).
cost(12, 22, 18).
cost(12, 23, 78).
cost(12, 24, 35).
cost(12, 25, 72).
cost(13, 1, 71).
cost(13, 2, 66).
cost(13, 3, 83).
cost(13, 4, 44).
cost(13, 5, 33).
cost(13, 6, 72).
cost(13, 7, 13).
cost(13, 8, 16).
cost(13, 9, 37).
cost(13, 10, 41).
cost(13, 11, 9).
cost(13, 12, 60).
cost(13, 14, 48).
cost(13, 15, 65).
cost(13, 16, 40).
cost(13, 17, 41).
cost(13, 18, 18).
cost(13, 19, 66).
cost(13, 20, 32).
cost(13, 21, 80).
cost(13, 22, 69).
cost(13, 23, 85).
cost(13, 24, 77).
cost(13, 25, 21).
cost(14, 1, 33).
cost(14, 2, 37).
cost(14, 3, 48).
cost(14, 4, 7).
cost(14, 5, 43).
cost(14, 6, 37).
cost(14, 7, 57).
cost(14, 8, 52).
cost(14, 9, 61).
cost(14, 10, 55).
cost(14, 11, 56).
cost(14, 12, 41).
cost(14, 13, 48).
cost(14, 15, 22).
cost(14, 16, 12).
cost(14, 17, 9).
cost(14, 18, 58).
cost(14, 19, 22).
cost(14, 20, 57).
cost(14, 21, 38).
cost(14, 22, 35).
cost(14, 23, 43).
cost(14, 24, 35).
cost(14, 25, 47).
cost(15, 1, 12).
cost(15, 2, 53).
cost(15, 3, 59).
cost(15, 4, 22).
cost(15, 5, 49).
cost(15, 6, 16).
cost(15, 7, 72).
cost(15, 8, 72).
cost(15, 9, 67).
cost(15, 10, 58).
cost(15, 11, 73).
cost(15, 12, 60).
cost(15, 13, 65).
cost(15, 14, 22).
cost(15, 16, 34).
cost(15, 17, 31).
cost(15, 18, 78).
cost(15, 19, 32).
cost(15, 20, 64).
cost(15, 21, 16).
cost(15, 22, 49).
cost(15, 23, 21).
cost(15, 24, 41).
cost(15, 25, 57).
cost(16, 1, 44).
cost(16, 2, 32).
cost(16, 3, 47).
cost(16, 4, 15).
cost(16, 5, 44).
cost(16, 6, 48).
cost(16, 7, 51).
cost(16, 8, 42).
cost(16, 9, 61).
cost(16, 10, 57).
cost(16, 11, 48).
cost(16, 12, 33).
cost(16, 13, 40).
cost(16, 14, 12).
cost(16, 15, 34).
cost(16, 17, 3).
cost(16, 18, 49).
cost(16, 19, 26).
cost(16, 20, 55).
cost(16, 21, 49).
cost(16, 22, 32).
cost(16, 23, 55).
cost(16, 24, 38).
cost(16, 25, 44).
cost(17, 1, 42).
cost(17, 2, 34).
cost(17, 3, 48).
cost(17, 4, 12).
cost(17, 5, 43).
cost(17, 6, 45).
cost(17, 7, 52).
cost(17, 8, 44).
cost(17, 9, 59).
cost(17, 10, 55).
cost(17, 11, 48).
cost(17, 12, 35).
cost(17, 13, 41).
cost(17, 14, 9).
cost(17, 15, 31).
cost(17, 16, 3).
cost(17, 18, 50).
cost(17, 19, 26).
cost(17, 20, 54).
cost(17, 21, 47).
cost(17, 22, 34).
cost(17, 23, 52).
cost(17, 24, 38).
cost(17, 25, 44).
cost(18, 1, 86).
cost(18, 2, 67).
cost(18, 3, 85).
cost(18, 4, 56).
cost(18, 5, 51).
cost(18, 6, 88).
cost(18, 7, 25).
cost(18, 8, 6).
cost(18, 9, 53).
cost(18, 10, 59).
cost(18, 11, 13).
cost(18, 12, 58).
cost(18, 13, 18).
cost(18, 14, 58).
cost(18, 15, 78).
cost(18, 16, 49).
cost(18, 17, 50).
cost(18, 19, 73).
cost(18, 20, 49).
cost(18, 21, 94).
cost(18, 22, 71).
cost(18, 23, 99).
cost(18, 24, 83).
cost(18, 25, 39).
cost(19, 1, 44).
cost(19, 2, 22).
cost(19, 3, 28).
cost(19, 4, 30).
cost(19, 5, 66).
cost(19, 6, 48).
cost(19, 7, 77).
cost(19, 8, 66).
cost(19, 9, 83).
cost(19, 10, 78).
cost(19, 11, 73).
cost(19, 12, 32).
cost(19, 13, 66).
cost(19, 14, 22).
cost(19, 15, 32).
cost(19, 16, 26).
cost(19, 17, 26).
cost(19, 18, 73).
cost(19, 20, 79).
cost(19, 21, 42).
cost(19, 22, 18).
cost(19, 23, 47).
cost(19, 24, 13).
cost(19, 25, 69).
cost(20, 1, 64).
cost(20, 2, 87).
cost(20, 3, 102).
cost(20, 4, 50).
cost(20, 5, 15).
cost(20, 6, 64).
cost(20, 7, 25).
cost(20, 8, 48).
cost(20, 9, 6).
cost(20, 10, 12).
cost(20, 11, 36).
cost(20, 12, 84).
cost(20, 13, 32).
cost(20, 14, 57).
cost(20, 15, 64).
cost(20, 16, 55).
cost(20, 17, 54).
cost(20, 18, 49).
cost(20, 19, 79).
cost(20, 21, 76).
cost(20, 22, 88).
cost(20, 23, 79).
cost(20, 24, 91).
cost(20, 25, 12).
cost(21, 1, 13).
cost(21, 2, 64).
cost(21, 3, 66).
cost(21, 4, 38).
cost(21, 5, 61).
cost(21, 6, 14).
cost(21, 7, 87).
cost(21, 8, 88).
cost(21, 9, 79).
cost(21, 10, 69).
cost(21, 11, 89).
cost(21, 12, 73).
cost(21, 13, 80).
cost(21, 14, 38).
cost(21, 15, 16).
cost(21, 16, 49).
cost(21, 17, 47).
cost(21, 18, 94).
cost(21, 19, 42).
cost(21, 20, 76).
cost(21, 22, 59).
cost(21, 23, 6).
cost(21, 24, 47).
cost(21, 25, 71).
cost(22, 1, 61).
cost(22, 2, 6).
cost(22, 3, 15).
cost(22, 4, 42).
cost(22, 5, 76).
cost(22, 6, 65).
cost(22, 7, 81).
cost(22, 8, 65).
cost(22, 9, 93).
cost(22, 10, 89).
cost(22, 11, 75).
cost(22, 12, 18).
cost(22, 13, 69).
cost(22, 14, 35).
cost(22, 15, 49).
cost(22, 16, 32).
cost(22, 17, 34).
cost(22, 18, 71).
cost(22, 19, 18).
cost(22, 20, 88).
cost(22, 21, 59).
cost(22, 23, 64).
cost(22, 24, 16).
cost(22, 25, 76).
cost(23, 1, 15).
cost(23, 2, 69).
cost(23, 3, 71).
cost(23, 4, 43).
cost(23, 5, 64).
cost(23, 6, 15).
cost(23, 7, 91).
cost(23, 8, 93).
cost(23, 9, 81).
cost(23, 10, 71).
cost(23, 11, 93).
cost(23, 12, 78).
cost(23, 13, 85).
cost(23, 14, 43).
cost(23, 15, 21).
cost(23, 16, 55).
cost(23, 17, 52).
cost(23, 18, 99).
cost(23, 19, 47).
cost(23, 20, 79).
cost(23, 21, 6).
cost(23, 22, 64).
cost(23, 24, 52).
cost(23, 25, 74).
cost(24, 1, 52).
cost(24, 2, 22).
cost(24, 3, 19).
cost(24, 4, 42).
cost(24, 5, 78).
cost(24, 6, 56).
cost(24, 7, 89).
cost(24, 8, 76).
cost(24, 9, 96).
cost(24, 10, 90).
cost(24, 11, 84).
cost(24, 12, 35).
cost(24, 13, 77).
cost(24, 14, 35).
cost(24, 15, 41).
cost(24, 16, 38).
cost(24, 17, 38).
cost(24, 18, 83).
cost(24, 19, 13).
cost(24, 20, 91).
cost(24, 21, 47).
cost(24, 22, 16).
cost(24, 23, 52).
cost(24, 25, 81).
cost(25, 1, 60).
cost(25, 2, 75).
cost(25, 3, 91).
cost(25, 4, 40).
cost(25, 5, 13).
cost(25, 6, 60).
cost(25, 7, 19).
cost(25, 8, 37).
cost(25, 9, 18).
cost(25, 10, 20).
cost(25, 11, 27).
cost(25, 12, 72).
cost(25, 13, 21).
cost(25, 14, 47).
cost(25, 15, 57).
cost(25, 16, 44).
cost(25, 17, 44).
cost(25, 18, 39).
cost(25, 19, 69).
cost(25, 20, 12).
cost(25, 21, 71).
cost(25, 22, 76).
cost(25, 23, 74).
cost(25, 24, 81).
nocross(1,4).
nocross(1,6).
nocross(1,14).
nocross(1,15).
nocross(1,16).
nocross(1,17).
nocross(1,21).
nocross(1,23).
nocross(2,3).
nocross(2,4).
nocross(2,12).
nocross(2,14).
nocross(2,16).
nocross(2,17).
nocross(2,19).
nocross(2,22).
nocross(2,24).
nocross(3,2).
nocross(3,12).
nocross(3,14).
nocross(3,16).
nocross(3,17).
nocross(3,19).
nocross(3,22).
nocross(3,24).
nocross(4,1).
nocross(4,2).
nocross(4,5).
nocross(4,6).
nocross(4,12).
nocross(4,13).
nocross(4,14).
nocross(4,15).
nocross(4,16).
nocross(4,17).
nocross(4,19).
nocross(4,21).
nocross(4,22).
nocross(4,24).
nocross(4,25).
nocross(5,1).
nocross(5,4).
nocross(5,6).
nocross(5,7).
nocross(5,9).
nocross(5,10).
nocross(5,11).
nocross(5,13).
nocross(5,14).
nocross(5,16).
nocross(5,17).
nocross(5,18).
nocross(5,20).
nocross(5,25).
nocross(6,1).
nocross(6,4).
nocross(6,14).
nocross(6,15).
nocross(6,16).
nocross(6,17).
nocross(6,21).
nocross(6,23).
nocross(7,4).
nocross(7,5).
nocross(7,8).
nocross(7,9).
nocross(7,10).
nocross(7,11).
nocross(7,13).
nocross(7,16).
nocross(7,17).
nocross(7,18).
nocross(7,20).
nocross(7,25).
nocross(8,7).
nocross(8,9).
nocross(8,11).
nocross(8,12).
nocross(8,13).
nocross(8,16).
nocross(8,17).
nocross(8,18).
nocross(8,20).
nocross(8,25).
nocross(9,5).
nocross(9,7).
nocross(9,10).
nocross(9,11).
nocross(9,13).
nocross(9,17).
nocross(9,18).
nocross(9,20).
nocross(9,25).
nocross(10,1).
nocross(10,4).
nocross(10,5).
nocross(10,6).
nocross(10,7).
nocross(10,9).
nocross(10,11).
nocross(10,16).
nocross(10,17).
nocross(10,18).
nocross(10,20).
nocross(10,25).
nocross(11,5).
nocross(11,7).
nocross(11,8).
nocross(11,9).
nocross(11,10).
nocross(11,13).
nocross(11,16).
nocross(11,17).
nocross(11,18).
nocross(11,20).
nocross(11,25).
nocross(12,2).
nocross(12,3).
nocross(12,4).
nocross(12,8).
nocross(12,14).
nocross(12,16).
nocross(12,17).
nocross(12,18).
nocross(12,19).
nocross(12,22).
nocross(12,24).
nocross(13,4).
nocross(13,5).
nocross(13,7).
nocross(13,8).
nocross(13,10).
nocross(13,11).
nocross(13,12).
nocross(13,16).
nocross(13,17).
nocross(13,18).
nocross(13,20).
nocross(13,25).
nocross(14,1).
nocross(14,2).
nocross(14,3).
nocross(14,4).
nocross(14,6).
nocross(14,12).
nocross(14,15).
nocross(14,16).
nocross(14,17).
nocross(14,19).
nocross(14,21).
nocross(14,22).
nocross(14,24).
nocross(15,1).
nocross(15,4).
nocross(15,6).
nocross(15,14).
nocross(15,16).
nocross(15,17).
nocross(15,19).
nocross(15,21).
nocross(15,23).
nocross(15,24).
nocross(16,2).
nocross(16,3).
nocross(16,4).
nocross(16,7).
nocross(16,8).
nocross(16,11).
nocross(16,12).
nocross(16,13).
nocross(16,14).
nocross(16,15).
nocross(16,17).
nocross(16,18).
nocross(16,19).
nocross(16,22).
nocross(16,24).
nocross(17,1).
nocross(17,2).
nocross(17,4).
nocross(17,5).
nocross(17,7).
nocross(17,8).
nocross(17,12).
nocross(17,13).
nocross(17,14).
nocross(17,15).
nocross(17,16).
nocross(17,18).
nocross(17,19).
nocross(17,21).
nocross(17,22).
nocross(17,24).
nocross(17,25).
nocross(18,7).
nocross(18,8).
nocross(18,11).
nocross(18,12).
nocross(18,13).
nocross(18,16).
nocross(18,17).
nocross(18,25).
nocross(19,1).
nocross(19,2).
nocross(19,3).
nocross(19,4).
nocross(19,12).
nocross(19,14).
nocross(19,15).
nocross(19,16).
nocross(19,17).
nocross(19,21).
nocross(19,22).
nocross(19,23).
nocross(19,24).
nocross(20,5).
nocross(20,7).
nocross(20,8).
nocross(20,9).
nocross(20,10).
nocross(20,11).
nocross(20,13).
nocross(20,16).
nocross(20,17).
nocross(20,18).
nocross(20,25).
nocross(21,1).
nocross(21,4).
nocross(21,6).
nocross(21,14).
nocross(21,15).
nocross(21,17).
nocross(21,23).
nocross(22,2).
nocross(22,3).
nocross(22,4).
nocross(22,12).
nocross(22,14).
nocross(22,16).
nocross(22,17).
nocross(22,19).
nocross(22,24).
nocross(23,1).
nocross(23,4).
nocross(23,6).
nocross(23,15).
nocross(23,21).
nocross(24,2).
nocross(24,3).
nocross(24,4).
nocross(24,12).
nocross(24,14).
nocross(24,15).
nocross(24,16).
nocross(24,17).
nocross(24,19).
nocross(24,21).
nocross(24,22).
nocross(24,23).
nocross(25,4).
nocross(25,5).
nocross(25,7).
nocross(25,8).
nocross(25,9).
nocross(25,10).
nocross(25,11).
nocross(25,13).
nocross(25,14).
nocross(25,16).
nocross(25,17).
nocross(25,18).
nocross(25,20).
