dimension(25).
point(1, 31.7093399962, 50.4862500466).
point(2, 59.65223682, 17.5258010197).
point(3, 55.380883719, 41.4748227889).
point(4, 10.8643992853, 82.0255541631).
point(5, 88.3330136321, 18.1076327359).
point(6, 87.516899334, 12.0687947041).
point(7, 21.1556749264, 21.8032577254).
point(8, 84.1657017488, 80.8067348689).
point(9, 62.317610662, 84.1162620004).
point(10, 52.037307807, 50.9556112449).
point(11, 55.2960582701, 60.8063093692).
point(12, 15.5188119405, 76.3081591752).
point(13, 78.8232697874, 26.7376355086).
point(14, 9.2003305915, 62.6355183172).
point(15, 37.1696142331, 22.1444995528).
point(16, 85.0072087235, 96.3801359843).
point(17, 92.2626650928, 31.3104108818).
point(18, 28.126525556, 12.6552357254).
point(19, 42.9316607757, 19.1046244767).
point(20, 4.0263995863, 79.8011733211).
point(21, 75.07649762, 78.9080607413).
point(22, 59.4664602648, 93.3161367952).
point(23, 82.0764637125, 32.9240897552).
point(24, 10.2597204179, 53.7090532144).
point(25, 45.6204547305, 73.2979851468).
cost(1, 2, 43).
cost(1, 3, 25).
cost(1, 4, 38).
cost(1, 5, 65).
cost(1, 6, 68).
cost(1, 7, 31).
cost(1, 8, 61).
cost(1, 9, 45).
cost(1, 10, 20).
cost(1, 11, 26).
cost(1, 12, 30).
cost(1, 13, 53).
cost(1, 14, 26).
cost(1, 15, 29).
cost(1, 16, 70).
cost(1, 17, 64).
cost(1, 18, 38).
cost(1, 19, 33).
cost(1, 20, 40).
cost(1, 21, 52).
cost(1, 22, 51).
cost(1, 23, 53).
cost(1, 24, 22).
cost(1, 25, 27).
cost(2, 1, 43).
cost(2, 3, 24).
cost(2, 4, 81).
cost(2, 5, 29).
cost(2, 6, 28).
cost(2, 7, 39).
cost(2, 8, 68).
cost(2, 9, 67).
cost(2, 10, 34).
cost(2, 11, 43).
cost(2, 12, 74).
cost(2, 13, 21).
cost(2, 14, 68).
cost(2, 15, 23).
cost(2, 16, 83).
cost(2, 17, 35).
cost(2, 18, 32).
cost(2, 19, 17).
cost(2, 20, 84).
cost(2, 21, 63).
cost(2, 22, 76).
cost(2, 23, 27).
cost(2, 24, 61).
cost(2, 25, 58).
cost(3, 1, 25).
cost(3, 2, 24).
cost(3, 4, 60).
cost(3, 5, 40).
cost(3, 6, 44).
cost(3, 7, 39).
cost(3, 8, 49).
cost(3, 9, 43).
cost(3, 10, 10).
cost(3, 11, 19).
cost(3, 12, 53).
cost(3, 13, 28).
cost(3, 14, 51).
cost(3, 15, 27).
cost(3, 16, 62).
cost(3, 17, 38).
cost(3, 18, 40).
cost(3, 19, 26).
cost(3, 20, 64).
cost(3, 21, 42).
cost(3, 22, 52).
cost(3, 23, 28).
cost(3, 24, 47).
cost(3, 25, 33).
cost(4, 1, 38).
cost(4, 2, 81).
cost(4, 3, 60).
cost(4, 5, 100).
cost(4, 6, 104).
cost(4, 7, 61).
cost(4, 8, 73).
cost(4, 9, 51).
cost(4, 10, 52).
cost(4, 11, 49).
cost(4, 12, 7).
cost(4, 13, 88).
cost(4, 14, 19).
cost(4, 15, 65).
cost(4, 16, 76).
cost(4, 17, 96).
cost(4, 18, 71).
cost(4, 19, 71).
cost(4, 20, 7).
cost(4, 21, 64).
cost(4, 22, 50).
cost(4, 23, 86).
cost(4, 24, 28).
cost(4, 25, 36).
cost(5, 1, 65).
cost(5, 2, 29).
cost(5, 3, 40).
cost(5, 4, 100).
cost(5, 6, 6).
cost(5, 7, 67).
cost(5, 8, 63).
cost(5, 9, 71).
cost(5, 10, 49).
cost(5, 11, 54).
cost(5, 12, 93).
cost(5, 13, 13).
cost(5, 14, 91).
cost(5, 15, 51).
cost(5, 16, 78).
cost(5, 17, 14).
cost(5, 18, 60).
cost(5, 19, 45).
cost(5, 20, 104).
cost(5, 21, 62).
cost(5, 22, 81).
cost(5, 23, 16).
cost(5, 24, 86).
cost(5, 25, 70).
cost(6, 1, 68).
cost(6, 2, 28).
cost(6, 3, 44).
cost(6, 4, 104).
cost(6, 5, 6).
cost(6, 7, 67).
cost(6, 8, 69).
cost(6, 9, 76).
cost(6, 10, 53).
cost(6, 11, 58).
cost(6, 12, 96).
cost(6, 13, 17).
cost(6, 14, 93).
cost(6, 15, 51).
cost(6, 16, 84).
cost(6, 17, 20).
cost(6, 18, 59).
cost(6, 19, 45).
cost(6, 20, 108).
cost(6, 21, 68).
cost(6, 22, 86).
cost(6, 23, 22).
cost(6, 24, 88).
cost(6, 25, 74).
cost(7, 1, 31).
cost(7, 2, 39).
cost(7, 3, 39).
cost(7, 4, 61).
cost(7, 5, 67).
cost(7, 6, 67).
cost(7, 8, 86).
cost(7, 9, 75).
cost(7, 10, 42).
cost(7, 11, 52).
cost(7, 12, 55).
cost(7, 13, 58).
cost(7, 14, 43).
cost(7, 15, 16).
cost(7, 16, 98).
cost(7, 17, 72).
cost(7, 18, 12).
cost(7, 19, 22).
cost(7, 20, 60).
cost(7, 21, 79).
cost(7, 22, 81).
cost(7, 23, 62).
cost(7, 24, 34).
cost(7, 25, 57).
cost(8, 1, 61).
cost(8, 2, 68).
cost(8, 3, 49).
cost(8, 4, 73).
cost(8, 5, 63).
cost(8, 6, 69).
cost(8, 7, 86).
cost(8, 9, 22).
cost(8, 10, 44).
cost(8, 11, 35).
cost(8, 12, 69).
cost(8, 13, 54).
cost(8, 14, 77).
cost(8, 15, 75).
cost(8, 16, 16).
cost(8, 17, 50).
cost(8, 18, 88).
cost(8, 19, 74).
cost(8, 20, 80).
cost(8, 21, 9).
cost(8, 22, 28).
cost(8, 23, 48).
cost(8, 24, 79).
cost(8, 25, 39).
cost(9, 1, 45).
cost(9, 2, 67).
cost(9, 3, 43).
cost(9, 4, 51).
cost(9, 5, 71).
cost(9, 6, 76).
cost(9, 7, 75).
cost(9, 8, 22).
cost(9, 10, 35).
cost(9, 11, 24).
cost(9, 12, 47).
cost(9, 13, 60).
cost(9, 14, 57).
cost(9, 15, 67).
cost(9, 16, 26).
cost(9, 17, 61).
cost(9, 18, 79).
cost(9, 19, 68).
cost(9, 20, 58).
cost(9, 21, 14).
cost(9, 22, 10).
cost(9, 23, 55).
cost(9, 24, 60).
cost(9, 25, 20).
cost(10, 1, 20).
cost(10, 2, 34).
cost(10, 3, 10).
cost(10, 4, 52).
cost(10, 5, 49).
cost(10, 6, 53).
cost(10, 7, 42).
cost(10, 8, 44).
cost(10, 9, 35).
cost(10, 11, 10).
cost(10, 12, 44).
cost(10, 13, 36).
cost(10, 14, 44).
cost(10, 15, 32).
cost(10, 16, 56).
cost(10, 17, 45).
cost(10, 18, 45).
cost(10, 19, 33).
cost(10, 20, 56).
cost(10, 21, 36).
cost(10, 22, 43).
cost(10, 23, 35).
cost(10, 24, 42).
cost(10, 25, 23).
cost(11, 1, 26).
cost(11, 2, 43).
cost(11, 3, 19).
cost(11, 4, 49).
cost(11, 5, 54).
cost(11, 6, 58).
cost(11, 7, 52).
cost(11, 8, 35).
cost(11, 9, 24).
cost(11, 10, 10).
cost(11, 12, 43).
cost(11, 13, 41).
cost(11, 14, 46).
cost(11, 15, 43).
cost(11, 16, 46).
cost(11, 17, 47).
cost(11, 18, 55).
cost(11, 19, 43).
cost(11, 20, 55).
cost(11, 21, 27).
cost(11, 22, 33).
cost(11, 23, 39).
cost(11, 24, 46).
cost(11, 25, 16).
cost(12, 1, 30).
cost(12, 2, 74).
cost(12, 3, 53).
cost(12, 4, 7).
cost(12, 5, 93).
cost(12, 6, 96).
cost(12, 7, 55).
cost(12, 8, 69).
cost(12, 9, 47).
cost(12, 10, 44).
cost(12, 11, 43).
cost(12, 13, 80).
cost(12, 14, 15).
cost(12, 15, 58).
cost(12, 16, 72).
cost(12, 17, 89).
cost(12, 18, 65).
cost(12, 19, 63).
cost(12, 20, 12).
cost(12, 21, 60).
cost(12, 22, 47).
cost(12, 23, 79).
cost(12, 24, 23).
cost(12, 25, 30).
cost(13, 1, 53).
cost(13, 2, 21).
cost(13, 3, 28).
cost(13, 4, 88).
cost(13, 5, 13).
cost(13, 6, 17).
cost(13, 7, 58).
cost(13, 8, 54).
cost(13, 9, 60).
cost(13, 10, 36).
cost(13, 11, 41).
cost(13, 12, 80).
cost(13, 14, 78).
cost(13, 15, 42).
cost(13, 16, 70).
cost(13, 17, 14).
cost(13, 18, 53).
cost(13, 19, 37).
cost(13, 20, 92).
cost(13, 21, 52).
cost(13, 22, 69).
cost(13, 23, 7).
cost(13, 24, 74).
cost(13, 25, 57).
cost(14, 1, 26).
cost(14, 2, 68).
cost(14, 3, 51).
cost(14, 4, 19).
cost(14, 5, 91).
cost(14, 6, 93).
cost(14, 7, 43).
cost(14, 8, 77).
cost(14, 9, 57).
cost(14, 10, 44).
cost(14, 11, 46).
cost(14, 12, 15).
cost(14, 13, 78).
cost(14, 15, 49).
cost(14, 16, 83).
cost(14, 17, 89).
cost(14, 18, 53).
cost(14, 19, 55).
cost(14, 20, 18).
cost(14, 21, 68).
cost(14, 22, 59).
cost(14, 23, 79).
cost(14, 24, 9).
cost(14, 25, 38).
cost(15, 1, 29).
cost(15, 2, 23).
cost(15, 3, 27).
cost(15, 4, 65).
cost(15, 5, 51).
cost(15, 6, 51).
cost(15, 7, 16).
cost(15, 8, 75).
cost(15, 9, 67).
cost(15, 10, 32).
cost(15, 11, 43).
cost(15, 12, 58).
cost(15, 13, 42).
cost(15, 14, 49).
cost(15, 16, 88).
cost(15, 17, 56).
cost(15, 18, 13).
cost(15, 19, 7).
cost(15, 20, 67).
cost(15, 21, 68).
cost(15, 22, 75).
cost(15, 23, 46).
cost(15, 24, 41).
cost(15, 25, 52).
cost(16, 1, 70).
cost(16, 2, 83).
cost(16, 3, 62).
cost(16, 4, 76).
cost(16, 5, 78).
cost(16, 6, 84).
cost(16, 7, 98).
cost(16, 8, 16).
cost(16, 9, 26).
cost(16, 10, 56).
cost(16, 11, 46).
cost(16, 12, 72).
cost(16, 13, 70).
cost(16, 14, 83).
cost(16, 15, 88).
cost(16, 17, 65).
cost(16, 18, 101).
cost(16, 19, 88).
cost(16, 20, 83).
cost(16, 21, 20).
cost(16, 22, 26).
cost(16, 23, 64).
cost(16, 24, 86).
cost(16, 25, 46).
cost(17, 1, 64).
cost(17, 2, 35).
cost(17, 3, 38).
cost(17, 4, 96).
cost(17, 5, 14).
cost(17, 6, 20).
cost(17, 7, 72).
cost(17, 8, 50).
cost(17, 9, 61).
cost(17, 10, 45).
cost(17, 11, 47).
cost(17, 12, 89).
cost(17, 13, 14).
cost(17, 14, 89).
cost(17, 15, 56).
cost(17, 16, 65).
cost(17, 18, 67).
cost(17, 19, 51).
cost(17, 20, 101).
cost(17, 21, 51).
cost(17, 22, 70).
cost(17, 23, 10).
cost(17, 24, 85).
cost(17, 25, 63).
cost(18, 1, 38).
cost(18, 2, 32).
cost(18, 3, 40).
cost(18, 4, 71).
cost(18, 5, 60).
cost(18, 6, 59).
cost(18, 7, 12).
cost(18, 8, 88).
cost(18, 9, 79).
cost(18, 10, 45).
cost(18, 11, 55).
cost(18, 12, 65).
cost(18, 13, 53).
cost(18, 14, 53).
cost(18, 15, 13).
cost(18, 16, 101).
cost(18, 17, 67).
cost(18, 19, 16).
cost(18, 20, 71).
cost(18, 21, 81).
cost(18, 22, 87).
cost(18, 23, 58).
cost(18, 24, 45).
cost(18, 25, 63).
cost(19, 1, 33).
cost(19, 2, 17).
cost(19, 3, 26).
cost(19, 4, 71).
cost(19, 5, 45).
cost(19, 6, 45).
cost(19, 7, 22).
cost(19, 8, 74).
cost(19, 9, 68).
cost(19, 10, 33).
cost(19, 11, 43).
cost(19, 12, 63).
cost(19, 13, 37).
cost(19, 14, 55).
cost(19, 15, 7).
cost(19, 16, 88).
cost(19, 17, 51).
cost(19, 18, 16).
cost(19, 20, 72).
cost(19, 21, 68).
cost(19, 22, 76).
cost(19, 23, 42).
cost(19, 24, 48).
cost(19, 25, 54).
cost(20, 1, 40).
cost(20, 2, 84).
cost(20, 3, 64).
cost(20, 4, 7).
cost(20, 5, 104).
cost(20, 6, 108).
cost(20, 7, 60).
cost(20, 8, 80).
cost(20, 9, 58).
cost(20, 10, 56).
cost(20, 11, 55).
cost(20, 12, 12).
cost(20, 13, 92).
cost(20, 14, 18).
cost(20, 15, 67).
cost(20, 16, 83).
cost(20, 17, 101).
cost(20, 18, 71).
cost(20, 19, 72).
cost(20, 21, 71).
cost(20, 22, 57).
cost(20, 23, 91).
cost(20, 24, 27).
cost(20, 25, 42).
cost(21, 1, 52).
cost(21, 2, 63).
cost(21, 3, 42).
cost(21, 4, 64).
cost(21, 5, 62).
cost(21, 6, 68).
cost(21, 7, 79).
cost(21, 8, 9).
cost(21, 9, 14).
cost(21, 10, 36).
cost(21, 11, 27).
cost(21, 12, 60).
cost(21, 13, 52).
cost(21, 14, 68).
cost(21, 15, 68).
cost(21, 16, 20).
cost(21, 17, 51).
cost(21, 18, 81).
cost(21, 19, 68).
cost(21, 20, 71).
cost(21, 22, 21).
cost(21, 23, 47).
cost(21, 24, 70).
cost(21, 25, 30).
cost(22, 1, 51).
cost(22, 2, 76).
cost(22, 3, 52).
cost(22, 4, 50).
cost(22, 5, 81).
cost(22, 6, 86).
cost(22, 7, 81).
cost(22, 8, 28).
cost(22, 9, 10).
cost(22, 10, 43).
cost(22, 11, 33).
cost(22, 12, 47).
cost(22, 13, 69).
cost(22, 14, 59).
cost(22, 15, 75).
cost(22, 16, 26).
cost(22, 17, 70).
cost(22, 18, 87).
cost(22, 19, 76).
cost(22, 20, 57).
cost(22, 21, 21).
cost(22, 23, 64).
cost(22, 24, 63).
cost(22, 25, 24).
cost(23, 1, 53).
cost(23, 2, 27).
cost(23, 3, 28).
cost(23, 4, 86).
cost(23, 5, 16).
cost(23, 6, 22).
cost(23, 7, 62).
cost(23, 8, 48).
cost(23, 9, 55).
cost(23, 10, 35).
cost(23, 11, 39).
cost(23, 12, 79).
cost(23, 13, 7).
cost(23, 14, 79).
cost(23, 15, 46).
cost(23, 16, 64).
cost(23, 17, 10).
cost(23, 18, 58).
cost(23, 19, 42).
cost(23, 20, 91).
cost(23, 21, 47).
cost(23, 22, 64).
cost(23, 24, 75).
cost(23, 25, 54).
cost(24, 1, 22).
cost(24, 2, 61).
cost(24, 3, 47).
cost(24, 4, 28).
cost(24, 5, 86).
cost(24, 6, 88).
cost(24, 7, 34).
cost(24, 8, 79).
cost(24, 9, 60).
cost(24, 10, 42).
cost(24, 11, 46).
cost(24, 12, 23).
cost(24, 13, 74).
cost(24, 14, 9).
cost(24, 15, 41).
cost(24, 16, 86).
cost(24, 17, 85).
cost(24, 18, 45).
cost(24, 19, 48).
cost(24, 20, 27).
cost(24, 21, 70).
cost(24, 22, 63).
cost(24, 23, 75).
cost(24, 25, 40).
cost(25, 1, 27).
cost(25, 2, 58).
cost(25, 3, 33).
cost(25, 4, 36).
cost(25, 5, 70).
cost(25, 6, 74).
cost(25, 7, 57).
cost(25, 8, 39).
cost(25, 9, 20).
cost(25, 10, 23).
cost(25, 11, 16).
cost(25, 12, 30).
cost(25, 13, 57).
cost(25, 14, 38).
cost(25, 15, 52).
cost(25, 16, 46).
cost(25, 17, 63).
cost(25, 18, 63).
cost(25, 19, 54).
cost(25, 20, 42).
cost(25, 21, 30).
cost(25, 22, 24).
cost(25, 23, 54).
cost(25, 24, 40).
nocross(1,3).
nocross(1,4).
nocross(1,7).
nocross(1,10).
nocross(1,11).
nocross(1,12).
nocross(1,14).
nocross(1,15).
nocross(1,18).
nocross(1,19).
nocross(1,20).
nocross(1,24).
nocross(1,25).
nocross(2,3).
nocross(2,5).
nocross(2,6).
nocross(2,7).
nocross(2,10).
nocross(2,13).
nocross(2,15).
nocross(2,18).
nocross(2,19).
nocross(2,23).
nocross(3,1).
nocross(3,2).
nocross(3,5).
nocross(3,6).
nocross(3,7).
nocross(3,10).
nocross(3,11).
nocross(3,13).
nocross(3,15).
nocross(3,17).
nocross(3,18).
nocross(3,19).
nocross(3,23).
nocross(3,24).
nocross(4,12).
nocross(4,14).
nocross(4,20).
nocross(4,22).
nocross(4,24).
nocross(4,25).
nocross(5,2).
nocross(5,6).
nocross(5,13).
nocross(5,17).
nocross(5,19).
nocross(5,23).
nocross(6,2).
nocross(6,5).
nocross(6,13).
nocross(6,17).
nocross(6,19).
nocross(6,23).
nocross(7,1).
nocross(7,3).
nocross(7,14).
nocross(7,15).
nocross(7,18).
nocross(7,19).
nocross(7,20).
nocross(7,24).
nocross(8,9).
nocross(8,11).
nocross(8,16).
nocross(8,17).
nocross(8,21).
nocross(8,22).
nocross(8,23).
nocross(8,25).
nocross(9,4).
nocross(9,8).
nocross(9,10).
nocross(9,11).
nocross(9,12).
nocross(9,16).
nocross(9,20).
nocross(9,21).
nocross(9,22).
nocross(9,25).
nocross(10,1).
nocross(10,2).
nocross(10,3).
nocross(10,4).
nocross(10,6).
nocross(10,7).
nocross(10,9).
nocross(10,11).
nocross(10,12).
nocross(10,13).
nocross(10,14).
nocross(10,15).
nocross(10,17).
nocross(10,19).
nocross(10,20).
nocross(10,21).
nocross(10,22).
nocross(10,23).
nocross(10,24).
nocross(10,25).
nocross(11,1).
nocross(11,3).
nocross(11,4).
nocross(11,7).
nocross(11,8).
nocross(11,9).
nocross(11,10).
nocross(11,12).
nocross(11,15).
nocross(11,17).
nocross(11,19).
nocross(11,21).
nocross(11,22).
nocross(11,23).
nocross(11,24).
nocross(11,25).
nocross(12,1).
nocross(12,4).
nocross(12,14).
nocross(12,20).
nocross(12,22).
nocross(12,24).
nocross(12,25).
nocross(13,2).
nocross(13,3).
nocross(13,5).
nocross(13,10).
nocross(13,15).
nocross(13,17).
nocross(13,19).
nocross(13,23).
nocross(14,1).
nocross(14,4).
nocross(14,7).
nocross(14,12).
nocross(14,15).
nocross(14,20).
nocross(14,24).
nocross(14,25).
nocross(15,1).
nocross(15,2).
nocross(15,3).
nocross(15,6).
nocross(15,7).
nocross(15,10).
nocross(15,18).
nocross(15,19).
nocross(15,24).
nocross(16,8).
nocross(16,9).
nocross(16,21).
nocross(16,22).
nocross(17,3).
nocross(17,5).
nocross(17,6).
nocross(17,8).
nocross(17,13).
nocross(17,23).
nocross(18,2).
nocross(18,3).
nocross(18,6).
nocross(18,7).
nocross(18,15).
nocross(18,19).
nocross(18,24).
nocross(19,1).
nocross(19,2).
nocross(19,3).
nocross(19,5).
nocross(19,6).
nocross(19,7).
nocross(19,10).
nocross(19,13).
nocross(19,15).
nocross(19,18).
nocross(20,4).
nocross(20,12).
nocross(20,14).
nocross(20,22).
nocross(20,24).
nocross(21,8).
nocross(21,9).
nocross(21,10).
nocross(21,11).
nocross(21,16).
nocross(21,17).
nocross(21,22).
nocross(21,23).
nocross(21,25).
nocross(22,4).
nocross(22,8).
nocross(22,9).
nocross(22,11).
nocross(22,12).
nocross(22,16).
nocross(22,20).
nocross(22,21).
nocross(22,25).
nocross(23,2).
nocross(23,3).
nocross(23,5).
nocross(23,8).
nocross(23,10).
nocross(23,13).
nocross(23,17).
nocross(23,19).
nocross(24,1).
nocross(24,4).
nocross(24,7).
nocross(24,10).
nocross(24,12).
nocross(24,14).
nocross(24,15).
nocross(24,18).
nocross(24,20).
nocross(25,1).
nocross(25,3).
nocross(25,4).
nocross(25,8).
nocross(25,9).
nocross(25,10).
nocross(25,11).
nocross(25,12).
nocross(25,14).
nocross(25,20).
nocross(25,21).
nocross(25,22).
nocross(25,24).
