dimension(25).
point(1, 56.95885887, 80.0557501026).
point(2, 15.8131444028, 9.5720071402).
point(3, 96.4938641971, 26.7566498312).
point(4, 61.3445586937, 92.8121931994).
point(5, 38.8930370035, 60.8035404041).
point(6, 99.3381258528, 46.5458728247).
point(7, 81.6794935674, 25.9051803819).
point(8, 13.1351350825, 26.5394053294).
point(9, 70.4670045897, 17.7848035371).
point(10, 91.0811907028, 46.3706851998).
point(11, 19.3470547229, 68.3206274401).
point(12, 44.2611266318, 6.8813263066).
point(13, 51.9457153386, 69.834258117).
point(14, 77.9129404053, 29.7916203481).
point(15, 88.3428386099, 64.6220819871).
point(16, 71.7306714772, 94.5455988032).
point(17, 44.7688497601, 57.7716180265).
point(18, 79.5502555069, 94.9911830302).
point(19, 7.6330540158, 14.2606262302).
point(20, 81.1190258545, 32.6505713025).
point(21, 87.7163426416, 42.3252664747).
point(22, 80.3729012317, 31.9139884329).
point(23, 35.6573854329, 76.6994786223).
point(24, 20.5524434204, 82.1024982136).
point(25, 38.9368249233, 0.6790936506).
cost(1, 2, 82).
cost(1, 3, 66).
cost(1, 4, 13).
cost(1, 5, 26).
cost(1, 6, 54).
cost(1, 7, 60).
cost(1, 8, 69).
cost(1, 9, 64).
cost(1, 10, 48).
cost(1, 11, 39).
cost(1, 12, 74).
cost(1, 13, 11).
cost(1, 14, 54).
cost(1, 15, 35).
cost(1, 16, 21).
cost(1, 17, 25).
cost(1, 18, 27).
cost(1, 19, 82).
cost(1, 20, 53).
cost(1, 21, 49).
cost(1, 22, 54).
cost(1, 23, 22).
cost(1, 24, 36).
cost(1, 25, 81).
cost(2, 1, 82).
cost(2, 3, 82).
cost(2, 4, 95).
cost(2, 5, 56).
cost(2, 6, 91).
cost(2, 7, 68).
cost(2, 8, 17).
cost(2, 9, 55).
cost(2, 10, 84).
cost(2, 11, 59).
cost(2, 12, 29).
cost(2, 13, 70).
cost(2, 14, 65).
cost(2, 15, 91).
cost(2, 16, 102).
cost(2, 17, 56).
cost(2, 18, 107).
cost(2, 19, 9).
cost(2, 20, 69).
cost(2, 21, 79).
cost(2, 22, 68).
cost(2, 23, 70).
cost(2, 24, 73).
cost(2, 25, 25).
cost(3, 1, 66).
cost(3, 2, 82).
cost(3, 4, 75).
cost(3, 5, 67).
cost(3, 6, 20).
cost(3, 7, 15).
cost(3, 8, 83).
cost(3, 9, 28).
cost(3, 10, 20).
cost(3, 11, 88).
cost(3, 12, 56).
cost(3, 13, 62).
cost(3, 14, 19).
cost(3, 15, 39).
cost(3, 16, 72).
cost(3, 17, 60).
cost(3, 18, 70).
cost(3, 19, 90).
cost(3, 20, 16).
cost(3, 21, 18).
cost(3, 22, 17).
cost(3, 23, 79).
cost(3, 24, 94).
cost(3, 25, 63).
cost(4, 1, 13).
cost(4, 2, 95).
cost(4, 3, 75).
cost(4, 5, 39).
cost(4, 6, 60).
cost(4, 7, 70).
cost(4, 8, 82).
cost(4, 9, 76).
cost(4, 10, 55).
cost(4, 11, 49).
cost(4, 12, 88).
cost(4, 13, 25).
cost(4, 14, 65).
cost(4, 15, 39).
cost(4, 16, 11).
cost(4, 17, 39).
cost(4, 18, 18).
cost(4, 19, 95).
cost(4, 20, 63).
cost(4, 21, 57).
cost(4, 22, 64).
cost(4, 23, 30).
cost(4, 24, 42).
cost(4, 25, 95).
cost(5, 1, 26).
cost(5, 2, 56).
cost(5, 3, 67).
cost(5, 4, 39).
cost(5, 6, 62).
cost(5, 7, 55).
cost(5, 8, 43).
cost(5, 9, 53).
cost(5, 10, 54).
cost(5, 11, 21).
cost(5, 12, 54).
cost(5, 13, 16).
cost(5, 14, 50).
cost(5, 15, 50).
cost(5, 16, 47).
cost(5, 17, 7).
cost(5, 18, 53).
cost(5, 19, 56).
cost(5, 20, 51).
cost(5, 21, 52).
cost(5, 22, 51).
cost(5, 23, 16).
cost(5, 24, 28).
cost(5, 25, 60).
cost(6, 1, 54).
cost(6, 2, 91).
cost(6, 3, 20).
cost(6, 4, 60).
cost(6, 5, 62).
cost(6, 7, 27).
cost(6, 8, 88).
cost(6, 9, 41).
cost(6, 10, 8).
cost(6, 11, 83).
cost(6, 12, 68).
cost(6, 13, 53).
cost(6, 14, 27).
cost(6, 15, 21).
cost(6, 16, 55).
cost(6, 17, 56).
cost(6, 18, 52).
cost(6, 19, 97).
cost(6, 20, 23).
cost(6, 21, 12).
cost(6, 22, 24).
cost(6, 23, 70).
cost(6, 24, 86).
cost(6, 25, 76).
cost(7, 1, 60).
cost(7, 2, 68).
cost(7, 3, 15).
cost(7, 4, 70).
cost(7, 5, 55).
cost(7, 6, 27).
cost(7, 8, 69).
cost(7, 9, 14).
cost(7, 10, 23).
cost(7, 11, 75).
cost(7, 12, 42).
cost(7, 13, 53).
cost(7, 14, 5).
cost(7, 15, 39).
cost(7, 16, 69).
cost(7, 17, 49).
cost(7, 18, 69).
cost(7, 19, 75).
cost(7, 20, 7).
cost(7, 21, 17).
cost(7, 22, 6).
cost(7, 23, 69).
cost(7, 24, 83).
cost(7, 25, 50).
cost(8, 1, 69).
cost(8, 2, 17).
cost(8, 3, 83).
cost(8, 4, 82).
cost(8, 5, 43).
cost(8, 6, 88).
cost(8, 7, 69).
cost(8, 9, 58).
cost(8, 10, 80).
cost(8, 11, 42).
cost(8, 12, 37).
cost(8, 13, 58).
cost(8, 14, 65).
cost(8, 15, 84).
cost(8, 16, 90).
cost(8, 17, 44).
cost(8, 18, 95).
cost(8, 19, 13).
cost(8, 20, 68).
cost(8, 21, 76).
cost(8, 22, 67).
cost(8, 23, 55).
cost(8, 24, 56).
cost(8, 25, 37).
cost(9, 1, 64).
cost(9, 2, 55).
cost(9, 3, 28).
cost(9, 4, 76).
cost(9, 5, 53).
cost(9, 6, 41).
cost(9, 7, 14).
cost(9, 8, 58).
cost(9, 10, 35).
cost(9, 11, 72).
cost(9, 12, 28).
cost(9, 13, 55).
cost(9, 14, 14).
cost(9, 15, 50).
cost(9, 16, 77).
cost(9, 17, 48).
cost(9, 18, 78).
cost(9, 19, 63).
cost(9, 20, 18).
cost(9, 21, 30).
cost(9, 22, 17).
cost(9, 23, 68).
cost(9, 24, 81).
cost(9, 25, 36).
cost(10, 1, 48).
cost(10, 2, 84).
cost(10, 3, 20).
cost(10, 4, 55).
cost(10, 5, 54).
cost(10, 6, 8).
cost(10, 7, 23).
cost(10, 8, 80).
cost(10, 9, 35).
cost(10, 11, 75).
cost(10, 12, 61).
cost(10, 13, 46).
cost(10, 14, 21).
cost(10, 15, 18).
cost(10, 16, 52).
cost(10, 17, 48).
cost(10, 18, 50).
cost(10, 19, 89).
cost(10, 20, 17).
cost(10, 21, 5).
cost(10, 22, 18).
cost(10, 23, 63).
cost(10, 24, 79).
cost(10, 25, 69).
cost(11, 1, 39).
cost(11, 2, 59).
cost(11, 3, 88).
cost(11, 4, 49).
cost(11, 5, 21).
cost(11, 6, 83).
cost(11, 7, 75).
cost(11, 8, 42).
cost(11, 9, 72).
cost(11, 10, 75).
cost(11, 12, 66).
cost(11, 13, 33).
cost(11, 14, 70).
cost(11, 15, 69).
cost(11, 16, 59).
cost(11, 17, 28).
cost(11, 18, 66).
cost(11, 19, 55).
cost(11, 20, 71).
cost(11, 21, 73).
cost(11, 22, 71).
cost(11, 23, 18).
cost(11, 24, 14).
cost(11, 25, 70).
cost(12, 1, 74).
cost(12, 2, 29).
cost(12, 3, 56).
cost(12, 4, 88).
cost(12, 5, 54).
cost(12, 6, 68).
cost(12, 7, 42).
cost(12, 8, 37).
cost(12, 9, 28).
cost(12, 10, 61).
cost(12, 11, 66).
cost(12, 13, 63).
cost(12, 14, 41).
cost(12, 15, 73).
cost(12, 16, 92).
cost(12, 17, 51).
cost(12, 18, 95).
cost(12, 19, 37).
cost(12, 20, 45).
cost(12, 21, 56).
cost(12, 22, 44).
cost(12, 23, 70).
cost(12, 24, 79).
cost(12, 25, 8).
cost(13, 1, 11).
cost(13, 2, 70).
cost(13, 3, 62).
cost(13, 4, 25).
cost(13, 5, 16).
cost(13, 6, 53).
cost(13, 7, 53).
cost(13, 8, 58).
cost(13, 9, 55).
cost(13, 10, 46).
cost(13, 11, 33).
cost(13, 12, 63).
cost(13, 14, 48).
cost(13, 15, 37).
cost(13, 16, 32).
cost(13, 17, 14).
cost(13, 18, 37).
cost(13, 19, 71).
cost(13, 20, 47).
cost(13, 21, 45).
cost(13, 22, 47).
cost(13, 23, 18).
cost(13, 24, 34).
cost(13, 25, 70).
cost(14, 1, 54).
cost(14, 2, 65).
cost(14, 3, 19).
cost(14, 4, 65).
cost(14, 5, 50).
cost(14, 6, 27).
cost(14, 7, 5).
cost(14, 8, 65).
cost(14, 9, 14).
cost(14, 10, 21).
cost(14, 11, 70).
cost(14, 12, 41).
cost(14, 13, 48).
cost(14, 15, 36).
cost(14, 16, 65).
cost(14, 17, 43).
cost(14, 18, 65).
cost(14, 19, 72).
cost(14, 20, 4).
cost(14, 21, 16).
cost(14, 22, 3).
cost(14, 23, 63).
cost(14, 24, 78).
cost(14, 25, 49).
cost(15, 1, 35).
cost(15, 2, 91).
cost(15, 3, 39).
cost(15, 4, 39).
cost(15, 5, 50).
cost(15, 6, 21).
cost(15, 7, 39).
cost(15, 8, 84).
cost(15, 9, 50).
cost(15, 10, 18).
cost(15, 11, 69).
cost(15, 12, 73).
cost(15, 13, 37).
cost(15, 14, 36).
cost(15, 16, 34).
cost(15, 17, 44).
cost(15, 18, 32).
cost(15, 19, 95).
cost(15, 20, 33).
cost(15, 21, 22).
cost(15, 22, 34).
cost(15, 23, 54).
cost(15, 24, 70).
cost(15, 25, 81).
cost(16, 1, 21).
cost(16, 2, 102).
cost(16, 3, 72).
cost(16, 4, 11).
cost(16, 5, 47).
cost(16, 6, 55).
cost(16, 7, 69).
cost(16, 8, 90).
cost(16, 9, 77).
cost(16, 10, 52).
cost(16, 11, 59).
cost(16, 12, 92).
cost(16, 13, 32).
cost(16, 14, 65).
cost(16, 15, 34).
cost(16, 17, 46).
cost(16, 18, 8).
cost(16, 19, 103).
cost(16, 20, 63).
cost(16, 21, 55).
cost(16, 22, 63).
cost(16, 23, 40).
cost(16, 24, 53).
cost(16, 25, 99).
cost(17, 1, 25).
cost(17, 2, 56).
cost(17, 3, 60).
cost(17, 4, 39).
cost(17, 5, 7).
cost(17, 6, 56).
cost(17, 7, 49).
cost(17, 8, 44).
cost(17, 9, 48).
cost(17, 10, 48).
cost(17, 11, 28).
cost(17, 12, 51).
cost(17, 13, 14).
cost(17, 14, 43).
cost(17, 15, 44).
cost(17, 16, 46).
cost(17, 18, 51).
cost(17, 19, 57).
cost(17, 20, 44).
cost(17, 21, 46).
cost(17, 22, 44).
cost(17, 23, 21).
cost(17, 24, 34).
cost(17, 25, 57).
cost(18, 1, 27).
cost(18, 2, 107).
cost(18, 3, 70).
cost(18, 4, 18).
cost(18, 5, 53).
cost(18, 6, 52).
cost(18, 7, 69).
cost(18, 8, 95).
cost(18, 9, 78).
cost(18, 10, 50).
cost(18, 11, 66).
cost(18, 12, 95).
cost(18, 13, 37).
cost(18, 14, 65).
cost(18, 15, 32).
cost(18, 16, 8).
cost(18, 17, 51).
cost(18, 19, 108).
cost(18, 20, 62).
cost(18, 21, 53).
cost(18, 22, 63).
cost(18, 23, 48).
cost(18, 24, 60).
cost(18, 25, 103).
cost(19, 1, 82).
cost(19, 2, 9).
cost(19, 3, 90).
cost(19, 4, 95).
cost(19, 5, 56).
cost(19, 6, 97).
cost(19, 7, 75).
cost(19, 8, 13).
cost(19, 9, 63).
cost(19, 10, 89).
cost(19, 11, 55).
cost(19, 12, 37).
cost(19, 13, 71).
cost(19, 14, 72).
cost(19, 15, 95).
cost(19, 16, 103).
cost(19, 17, 57).
cost(19, 18, 108).
cost(19, 20, 76).
cost(19, 21, 85).
cost(19, 22, 75).
cost(19, 23, 68).
cost(19, 24, 69).
cost(19, 25, 34).
cost(20, 1, 53).
cost(20, 2, 69).
cost(20, 3, 16).
cost(20, 4, 63).
cost(20, 5, 51).
cost(20, 6, 23).
cost(20, 7, 7).
cost(20, 8, 68).
cost(20, 9, 18).
cost(20, 10, 17).
cost(20, 11, 71).
cost(20, 12, 45).
cost(20, 13, 47).
cost(20, 14, 4).
cost(20, 15, 33).
cost(20, 16, 63).
cost(20, 17, 44).
cost(20, 18, 62).
cost(20, 19, 76).
cost(20, 21, 12).
cost(20, 22, 1).
cost(20, 23, 63).
cost(20, 24, 78).
cost(20, 25, 53).
cost(21, 1, 49).
cost(21, 2, 79).
cost(21, 3, 18).
cost(21, 4, 57).
cost(21, 5, 52).
cost(21, 6, 12).
cost(21, 7, 17).
cost(21, 8, 76).
cost(21, 9, 30).
cost(21, 10, 5).
cost(21, 11, 73).
cost(21, 12, 56).
cost(21, 13, 45).
cost(21, 14, 16).
cost(21, 15, 22).
cost(21, 16, 55).
cost(21, 17, 46).
cost(21, 18, 53).
cost(21, 19, 85).
cost(21, 20, 12).
cost(21, 22, 13).
cost(21, 23, 62).
cost(21, 24, 78).
cost(21, 25, 64).
cost(22, 1, 54).
cost(22, 2, 68).
cost(22, 3, 17).
cost(22, 4, 64).
cost(22, 5, 51).
cost(22, 6, 24).
cost(22, 7, 6).
cost(22, 8, 67).
cost(22, 9, 17).
cost(22, 10, 18).
cost(22, 11, 71).
cost(22, 12, 44).
cost(22, 13, 47).
cost(22, 14, 3).
cost(22, 15, 34).
cost(22, 16, 63).
cost(22, 17, 44).
cost(22, 18, 63).
cost(22, 19, 75).
cost(22, 20, 1).
cost(22, 21, 13).
cost(22, 23, 63).
cost(22, 24, 78).
cost(22, 25, 52).
cost(23, 1, 22).
cost(23, 2, 70).
cost(23, 3, 79).
cost(23, 4, 30).
cost(23, 5, 16).
cost(23, 6, 70).
cost(23, 7, 69).
cost(23, 8, 55).
cost(23, 9, 68).
cost(23, 10, 63).
cost(23, 11, 18).
cost(23, 12, 70).
cost(23, 13, 18).
cost(23, 14, 63).
cost(23, 15, 54).
cost(23, 16, 40).
cost(23, 17, 21).
cost(23, 18, 48).
cost(23, 19, 68).
cost(23, 20, 63).
cost(23, 21, 62).
cost(23, 22, 63).
cost(23, 24, 16).
cost(23, 25, 76).
cost(24, 1, 36).
cost(24, 2, 73).
cost(24, 3, 94).
cost(24, 4, 42).
cost(24, 5, 28).
cost(24, 6, 86).
cost(24, 7, 83).
cost(24, 8, 56).
cost(24, 9, 81).
cost(24, 10, 79).
cost(24, 11, 14).
cost(24, 12, 79).
cost(24, 13, 34).
cost(24, 14, 78).
cost(24, 15, 70).
cost(24, 16, 53).
cost(24, 17, 34).
cost(24, 18, 60).
cost(24, 19, 69).
cost(24, 20, 78).
cost(24, 21, 78).
cost(24, 22, 78).
cost(24, 23, 16).
cost(24, 25, 83).
cost(25, 1, 81).
cost(25, 2, 25).
cost(25, 3, 63).
cost(25, 4, 95).
cost(25, 5, 60).
cost(25, 6, 76).
cost(25, 7, 50).
cost(25, 8, 37).
cost(25, 9, 36).
cost(25, 10, 69).
cost(25, 11, 70).
cost(25, 12, 8).
cost(25, 13, 70).
cost(25, 14, 49).
cost(25, 15, 81).
cost(25, 16, 99).
cost(25, 17, 57).
cost(25, 18, 103).
cost(25, 19, 34).
cost(25, 20, 53).
cost(25, 21, 64).
cost(25, 22, 52).
cost(25, 23, 76).
cost(25, 24, 83).
nocross(1,4).
nocross(1,5).
nocross(1,10).
nocross(1,11).
nocross(1,13).
nocross(1,15).
nocross(1,16).
nocross(1,17).
nocross(1,18).
nocross(1,20).
nocross(1,21).
nocross(1,23).
nocross(1,24).
nocross(2,8).
nocross(2,12).
nocross(2,19).
nocross(2,25).
nocross(3,6).
nocross(3,7).
nocross(3,9).
nocross(3,10).
nocross(3,14).
nocross(3,15).
nocross(3,20).
nocross(3,21).
nocross(3,22).
nocross(4,1).
nocross(4,5).
nocross(4,11).
nocross(4,13).
nocross(4,16).
nocross(4,17).
nocross(4,18).
nocross(4,23).
nocross(4,24).
nocross(5,1).
nocross(5,2).
nocross(5,4).
nocross(5,8).
nocross(5,11).
nocross(5,13).
nocross(5,14).
nocross(5,17).
nocross(5,19).
nocross(5,20).
nocross(5,22).
nocross(5,23).
nocross(5,24).
nocross(6,3).
nocross(6,7).
nocross(6,9).
nocross(6,10).
nocross(6,14).
nocross(6,15).
nocross(6,18).
nocross(6,20).
nocross(6,21).
nocross(6,22).
nocross(7,3).
nocross(7,6).
nocross(7,9).
nocross(7,10).
nocross(7,12).
nocross(7,14).
nocross(7,17).
nocross(7,20).
nocross(7,21).
nocross(7,22).
nocross(7,25).
nocross(8,2).
nocross(8,5).
nocross(8,11).
nocross(8,12).
nocross(8,17).
nocross(8,19).
nocross(8,25).
nocross(9,2).
nocross(9,3).
nocross(9,5).
nocross(9,7).
nocross(9,10).
nocross(9,12).
nocross(9,14).
nocross(9,17).
nocross(9,20).
nocross(9,21).
nocross(9,22).
nocross(9,25).
nocross(10,3).
nocross(10,6).
nocross(10,7).
nocross(10,9).
nocross(10,14).
nocross(10,15).
nocross(10,16).
nocross(10,17).
nocross(10,18).
nocross(10,20).
nocross(10,21).
nocross(10,22).
nocross(11,4).
nocross(11,5).
nocross(11,8).
nocross(11,13).
nocross(11,17).
nocross(11,19).
nocross(11,23).
nocross(11,24).
nocross(12,2).
nocross(12,3).
nocross(12,7).
nocross(12,8).
nocross(12,9).
nocross(12,14).
nocross(12,17).
nocross(12,19).
nocross(12,20).
nocross(12,22).
nocross(12,25).
nocross(13,1).
nocross(13,4).
nocross(13,5).
nocross(13,7).
nocross(13,10).
nocross(13,11).
nocross(13,14).
nocross(13,15).
nocross(13,16).
nocross(13,17).
nocross(13,18).
nocross(13,20).
nocross(13,21).
nocross(13,22).
nocross(13,23).
nocross(13,24).
nocross(14,3).
nocross(14,6).
nocross(14,7).
nocross(14,9).
nocross(14,10).
nocross(14,12).
nocross(14,17).
nocross(14,20).
nocross(14,21).
nocross(14,22).
nocross(14,25).
nocross(15,1).
nocross(15,4).
nocross(15,5).
nocross(15,6).
nocross(15,7).
nocross(15,10).
nocross(15,13).
nocross(15,14).
nocross(15,16).
nocross(15,17).
nocross(15,18).
nocross(15,20).
nocross(15,21).
nocross(15,22).
nocross(16,1).
nocross(16,4).
nocross(16,5).
nocross(16,6).
nocross(16,10).
nocross(16,13).
nocross(16,15).
nocross(16,17).
nocross(16,18).
nocross(16,23).
nocross(16,24).
nocross(17,1).
nocross(17,2).
nocross(17,4).
nocross(17,5).
nocross(17,7).
nocross(17,8).
nocross(17,10).
nocross(17,11).
nocross(17,12).
nocross(17,13).
nocross(17,14).
nocross(17,16).
nocross(17,19).
nocross(17,20).
nocross(17,21).
nocross(17,22).
nocross(17,23).
nocross(17,24).
nocross(17,25).
nocross(18,1).
nocross(18,4).
nocross(18,6).
nocross(18,10).
nocross(18,13).
nocross(18,15).
nocross(18,16).
nocross(18,17).
nocross(18,21).
nocross(19,2).
nocross(19,8).
nocross(19,12).
nocross(19,25).
nocross(20,3).
nocross(20,6).
nocross(20,7).
nocross(20,9).
nocross(20,10).
nocross(20,12).
nocross(20,14).
nocross(20,17).
nocross(20,21).
nocross(20,22).
nocross(20,25).
nocross(21,3).
nocross(21,6).
nocross(21,7).
nocross(21,9).
nocross(21,10).
nocross(21,13).
nocross(21,14).
nocross(21,15).
nocross(21,17).
nocross(21,18).
nocross(21,20).
nocross(21,22).
nocross(22,3).
nocross(22,6).
nocross(22,7).
nocross(22,9).
nocross(22,10).
nocross(22,12).
nocross(22,14).
nocross(22,17).
nocross(22,20).
nocross(22,21).
nocross(22,25).
nocross(23,1).
nocross(23,4).
nocross(23,5).
nocross(23,11).
nocross(23,13).
nocross(23,16).
nocross(23,17).
nocross(23,18).
nocross(23,24).
nocross(24,1).
nocross(24,4).
nocross(24,5).
nocross(24,11).
nocross(24,13).
nocross(24,16).
nocross(24,17).
nocross(24,23).
nocross(25,2).
nocross(25,8).
nocross(25,9).
nocross(25,12).
nocross(25,19).
