dimension(25).
point(1, 35.5822128012, 88.991905414).
point(2, 18.5940539627, 27.2389419653).
point(3, 18.5602679872, 87.7739071774).
point(4, 29.2861606796, 56.3213370695).
point(5, 79.7930607898, 38.6316098696).
point(6, 25.6842624179, 61.1621614994).
point(7, 74.5352459284, 22.0201214013).
point(8, 93.8514208625, 79.3462456404).
point(9, 96.0199043477, 56.3670487365).
point(10, 9.7935687542, 53.0162719505).
point(11, 44.4628652706, 98.4151543313).
point(12, 34.7843697555, 30.7916413473).
point(13, 13.7926601336, 65.4002920323).
point(14, 94.8528876593, 41.6808428987).
point(15, 38.9971391141, 1.1121515241).
point(16, 31.1451810575, 96.024660699).
point(17, 89.5992890534, 21.5222112653).
point(18, 50.5472978306, 33.6627646723).
point(19, 89.830370051, 16.4791061972).
point(20, 84.2641826995, 78.2429399925).
point(21, 73.6425747952, 13.4842676764).
point(22, 99.4195984149, 79.4572902919).
point(23, 30.6081487017, 93.0822635021).
point(24, 40.4771095704, 71.2355807777).
point(25, 58.5916731297, 33.9045479296).
cost(1, 2, 64).
cost(1, 3, 17).
cost(1, 4, 33).
cost(1, 5, 67).
cost(1, 6, 30).
cost(1, 7, 77).
cost(1, 8, 59).
cost(1, 9, 69).
cost(1, 10, 44).
cost(1, 11, 13).
cost(1, 12, 58).
cost(1, 13, 32).
cost(1, 14, 76).
cost(1, 15, 88).
cost(1, 16, 8).
cost(1, 17, 86).
cost(1, 18, 57).
cost(1, 19, 91).
cost(1, 20, 50).
cost(1, 21, 85).
cost(1, 22, 65).
cost(1, 23, 6).
cost(1, 24, 18).
cost(1, 25, 60).
cost(2, 1, 64).
cost(2, 3, 61).
cost(2, 4, 31).
cost(2, 5, 62).
cost(2, 6, 35).
cost(2, 7, 56).
cost(2, 8, 92).
cost(2, 9, 83).
cost(2, 10, 27).
cost(2, 11, 76).
cost(2, 12, 17).
cost(2, 13, 38).
cost(2, 14, 78).
cost(2, 15, 33).
cost(2, 16, 70).
cost(2, 17, 71).
cost(2, 18, 33).
cost(2, 19, 72).
cost(2, 20, 83).
cost(2, 21, 57).
cost(2, 22, 96).
cost(2, 23, 67).
cost(2, 24, 49).
cost(2, 25, 41).
cost(3, 1, 17).
cost(3, 2, 61).
cost(3, 4, 33).
cost(3, 5, 79).
cost(3, 6, 28).
cost(3, 7, 86).
cost(3, 8, 76).
cost(3, 9, 84).
cost(3, 10, 36).
cost(3, 11, 28).
cost(3, 12, 59).
cost(3, 13, 23).
cost(3, 14, 89).
cost(3, 15, 89).
cost(3, 16, 15).
cost(3, 17, 97).
cost(3, 18, 63).
cost(3, 19, 101).
cost(3, 20, 66).
cost(3, 21, 92).
cost(3, 22, 81).
cost(3, 23, 13).
cost(3, 24, 27).
cost(3, 25, 67).
cost(4, 1, 33).
cost(4, 2, 31).
cost(4, 3, 33).
cost(4, 5, 54).
cost(4, 6, 6).
cost(4, 7, 57).
cost(4, 8, 69).
cost(4, 9, 67).
cost(4, 10, 20).
cost(4, 11, 45).
cost(4, 12, 26).
cost(4, 13, 18).
cost(4, 14, 67).
cost(4, 15, 56).
cost(4, 16, 40).
cost(4, 17, 70).
cost(4, 18, 31).
cost(4, 19, 72).
cost(4, 20, 59).
cost(4, 21, 62).
cost(4, 22, 74).
cost(4, 23, 37).
cost(4, 24, 19).
cost(4, 25, 37).
cost(5, 1, 67).
cost(5, 2, 62).
cost(5, 3, 79).
cost(5, 4, 54).
cost(5, 6, 59).
cost(5, 7, 17).
cost(5, 8, 43).
cost(5, 9, 24).
cost(5, 10, 71).
cost(5, 11, 69).
cost(5, 12, 46).
cost(5, 13, 71).
cost(5, 14, 15).
cost(5, 15, 55).
cost(5, 16, 75).
cost(5, 17, 20).
cost(5, 18, 30).
cost(5, 19, 24).
cost(5, 20, 40).
cost(5, 21, 26).
cost(5, 22, 45).
cost(5, 23, 73).
cost(5, 24, 51).
cost(5, 25, 22).
cost(6, 1, 30).
cost(6, 2, 35).
cost(6, 3, 28).
cost(6, 4, 6).
cost(6, 5, 59).
cost(6, 7, 63).
cost(6, 8, 71).
cost(6, 9, 70).
cost(6, 10, 18).
cost(6, 11, 42).
cost(6, 12, 32).
cost(6, 13, 13).
cost(6, 14, 72).
cost(6, 15, 62).
cost(6, 16, 35).
cost(6, 17, 75).
cost(6, 18, 37).
cost(6, 19, 78).
cost(6, 20, 61).
cost(6, 21, 68).
cost(6, 22, 76).
cost(6, 23, 32).
cost(6, 24, 18).
cost(6, 25, 43).
cost(7, 1, 77).
cost(7, 2, 56).
cost(7, 3, 86).
cost(7, 4, 57).
cost(7, 5, 17).
cost(7, 6, 63).
cost(7, 8, 60).
cost(7, 9, 41).
cost(7, 10, 72).
cost(7, 11, 82).
cost(7, 12, 41).
cost(7, 13, 75).
cost(7, 14, 28).
cost(7, 15, 41).
cost(7, 16, 86).
cost(7, 17, 15).
cost(7, 18, 27).
cost(7, 19, 16).
cost(7, 20, 57).
cost(7, 21, 9).
cost(7, 22, 63).
cost(7, 23, 84).
cost(7, 24, 60).
cost(7, 25, 20).
cost(8, 1, 59).
cost(8, 2, 92).
cost(8, 3, 76).
cost(8, 4, 69).
cost(8, 5, 43).
cost(8, 6, 71).
cost(8, 7, 60).
cost(8, 9, 23).
cost(8, 10, 88).
cost(8, 11, 53).
cost(8, 12, 76).
cost(8, 13, 81).
cost(8, 14, 38).
cost(8, 15, 96).
cost(8, 16, 65).
cost(8, 17, 58).
cost(8, 18, 63).
cost(8, 19, 63).
cost(8, 20, 10).
cost(8, 21, 69).
cost(8, 22, 6).
cost(8, 23, 65).
cost(8, 24, 54).
cost(8, 25, 58).
cost(9, 1, 69).
cost(9, 2, 83).
cost(9, 3, 84).
cost(9, 4, 67).
cost(9, 5, 24).
cost(9, 6, 70).
cost(9, 7, 41).
cost(9, 8, 23).
cost(9, 10, 86).
cost(9, 11, 67).
cost(9, 12, 66).
cost(9, 13, 83).
cost(9, 14, 15).
cost(9, 15, 79).
cost(9, 16, 76).
cost(9, 17, 35).
cost(9, 18, 51).
cost(9, 19, 40).
cost(9, 20, 25).
cost(9, 21, 48).
cost(9, 22, 23).
cost(9, 23, 75).
cost(9, 24, 57).
cost(9, 25, 44).
cost(10, 1, 44).
cost(10, 2, 27).
cost(10, 3, 36).
cost(10, 4, 20).
cost(10, 5, 71).
cost(10, 6, 18).
cost(10, 7, 72).
cost(10, 8, 88).
cost(10, 9, 86).
cost(10, 11, 57).
cost(10, 12, 33).
cost(10, 13, 13).
cost(10, 14, 86).
cost(10, 15, 60).
cost(10, 16, 48).
cost(10, 17, 86).
cost(10, 18, 45).
cost(10, 19, 88).
cost(10, 20, 79).
cost(10, 21, 75).
cost(10, 22, 93).
cost(10, 23, 45).
cost(10, 24, 36).
cost(10, 25, 52).
cost(11, 1, 13).
cost(11, 2, 76).
cost(11, 3, 28).
cost(11, 4, 45).
cost(11, 5, 69).
cost(11, 6, 42).
cost(11, 7, 82).
cost(11, 8, 53).
cost(11, 9, 67).
cost(11, 10, 57).
cost(11, 12, 68).
cost(11, 13, 45).
cost(11, 14, 76).
cost(11, 15, 97).
cost(11, 16, 14).
cost(11, 17, 89).
cost(11, 18, 65).
cost(11, 19, 94).
cost(11, 20, 45).
cost(11, 21, 90).
cost(11, 22, 58).
cost(11, 23, 15).
cost(11, 24, 27).
cost(11, 25, 66).
cost(12, 1, 58).
cost(12, 2, 17).
cost(12, 3, 59).
cost(12, 4, 26).
cost(12, 5, 46).
cost(12, 6, 32).
cost(12, 7, 41).
cost(12, 8, 76).
cost(12, 9, 66).
cost(12, 10, 33).
cost(12, 11, 68).
cost(12, 13, 40).
cost(12, 14, 61).
cost(12, 15, 30).
cost(12, 16, 65).
cost(12, 17, 56).
cost(12, 18, 16).
cost(12, 19, 57).
cost(12, 20, 69).
cost(12, 21, 43).
cost(12, 22, 81).
cost(12, 23, 62).
cost(12, 24, 41).
cost(12, 25, 24).
cost(13, 1, 32).
cost(13, 2, 38).
cost(13, 3, 23).
cost(13, 4, 18).
cost(13, 5, 71).
cost(13, 6, 13).
cost(13, 7, 75).
cost(13, 8, 81).
cost(13, 9, 83).
cost(13, 10, 13).
cost(13, 11, 45).
cost(13, 12, 40).
cost(13, 14, 84).
cost(13, 15, 69).
cost(13, 16, 35).
cost(13, 17, 88).
cost(13, 18, 49).
cost(13, 19, 90).
cost(13, 20, 72).
cost(13, 21, 79).
cost(13, 22, 87).
cost(13, 23, 32).
cost(13, 24, 27).
cost(13, 25, 55).
cost(14, 1, 76).
cost(14, 2, 78).
cost(14, 3, 89).
cost(14, 4, 67).
cost(14, 5, 15).
cost(14, 6, 72).
cost(14, 7, 28).
cost(14, 8, 38).
cost(14, 9, 15).
cost(14, 10, 86).
cost(14, 11, 76).
cost(14, 12, 61).
cost(14, 13, 84).
cost(14, 15, 69).
cost(14, 16, 84).
cost(14, 17, 21).
cost(14, 18, 45).
cost(14, 19, 26).
cost(14, 20, 38).
cost(14, 21, 35).
cost(14, 22, 38).
cost(14, 23, 82).
cost(14, 24, 62).
cost(14, 25, 37).
cost(15, 1, 88).
cost(15, 2, 33).
cost(15, 3, 89).
cost(15, 4, 56).
cost(15, 5, 55).
cost(15, 6, 62).
cost(15, 7, 41).
cost(15, 8, 96).
cost(15, 9, 79).
cost(15, 10, 60).
cost(15, 11, 97).
cost(15, 12, 30).
cost(15, 13, 69).
cost(15, 14, 69).
cost(15, 16, 95).
cost(15, 17, 55).
cost(15, 18, 35).
cost(15, 19, 53).
cost(15, 20, 89).
cost(15, 21, 37).
cost(15, 22, 99).
cost(15, 23, 92).
cost(15, 24, 70).
cost(15, 25, 38).
cost(16, 1, 8).
cost(16, 2, 70).
cost(16, 3, 15).
cost(16, 4, 40).
cost(16, 5, 75).
cost(16, 6, 35).
cost(16, 7, 86).
cost(16, 8, 65).
cost(16, 9, 76).
cost(16, 10, 48).
cost(16, 11, 14).
cost(16, 12, 65).
cost(16, 13, 35).
cost(16, 14, 84).
cost(16, 15, 95).
cost(16, 17, 95).
cost(16, 18, 65).
cost(16, 19, 99).
cost(16, 20, 56).
cost(16, 21, 93).
cost(16, 22, 70).
cost(16, 23, 3).
cost(16, 24, 26).
cost(16, 25, 68).
cost(17, 1, 86).
cost(17, 2, 71).
cost(17, 3, 97).
cost(17, 4, 70).
cost(17, 5, 20).
cost(17, 6, 75).
cost(17, 7, 15).
cost(17, 8, 58).
cost(17, 9, 35).
cost(17, 10, 86).
cost(17, 11, 89).
cost(17, 12, 56).
cost(17, 13, 88).
cost(17, 14, 21).
cost(17, 15, 55).
cost(17, 16, 95).
cost(17, 18, 41).
cost(17, 19, 5).
cost(17, 20, 57).
cost(17, 21, 18).
cost(17, 22, 59).
cost(17, 23, 93).
cost(17, 24, 70).
cost(17, 25, 33).
cost(18, 1, 57).
cost(18, 2, 33).
cost(18, 3, 63).
cost(18, 4, 31).
cost(18, 5, 30).
cost(18, 6, 37).
cost(18, 7, 27).
cost(18, 8, 63).
cost(18, 9, 51).
cost(18, 10, 45).
cost(18, 11, 65).
cost(18, 12, 16).
cost(18, 13, 49).
cost(18, 14, 45).
cost(18, 15, 35).
cost(18, 16, 65).
cost(18, 17, 41).
cost(18, 19, 43).
cost(18, 20, 56).
cost(18, 21, 31).
cost(18, 22, 67).
cost(18, 23, 63).
cost(18, 24, 39).
cost(18, 25, 8).
cost(19, 1, 91).
cost(19, 2, 72).
cost(19, 3, 101).
cost(19, 4, 72).
cost(19, 5, 24).
cost(19, 6, 78).
cost(19, 7, 16).
cost(19, 8, 63).
cost(19, 9, 40).
cost(19, 10, 88).
cost(19, 11, 94).
cost(19, 12, 57).
cost(19, 13, 90).
cost(19, 14, 26).
cost(19, 15, 53).
cost(19, 16, 99).
cost(19, 17, 5).
cost(19, 18, 43).
cost(19, 20, 62).
cost(19, 21, 16).
cost(19, 22, 64).
cost(19, 23, 97).
cost(19, 24, 74).
cost(19, 25, 36).
cost(20, 1, 50).
cost(20, 2, 83).
cost(20, 3, 66).
cost(20, 4, 59).
cost(20, 5, 40).
cost(20, 6, 61).
cost(20, 7, 57).
cost(20, 8, 10).
cost(20, 9, 25).
cost(20, 10, 79).
cost(20, 11, 45).
cost(20, 12, 69).
cost(20, 13, 72).
cost(20, 14, 38).
cost(20, 15, 89).
cost(20, 16, 56).
cost(20, 17, 57).
cost(20, 18, 56).
cost(20, 19, 62).
cost(20, 21, 66).
cost(20, 22, 15).
cost(20, 23, 56).
cost(20, 24, 44).
cost(20, 25, 51).
cost(21, 1, 85).
cost(21, 2, 57).
cost(21, 3, 92).
cost(21, 4, 62).
cost(21, 5, 26).
cost(21, 6, 68).
cost(21, 7, 9).
cost(21, 8, 69).
cost(21, 9, 48).
cost(21, 10, 75).
cost(21, 11, 90).
cost(21, 12, 43).
cost(21, 13, 79).
cost(21, 14, 35).
cost(21, 15, 37).
cost(21, 16, 93).
cost(21, 17, 18).
cost(21, 18, 31).
cost(21, 19, 16).
cost(21, 20, 66).
cost(21, 22, 71).
cost(21, 23, 90).
cost(21, 24, 67).
cost(21, 25, 25).
cost(22, 1, 65).
cost(22, 2, 96).
cost(22, 3, 81).
cost(22, 4, 74).
cost(22, 5, 45).
cost(22, 6, 76).
cost(22, 7, 63).
cost(22, 8, 6).
cost(22, 9, 23).
cost(22, 10, 93).
cost(22, 11, 58).
cost(22, 12, 81).
cost(22, 13, 87).
cost(22, 14, 38).
cost(22, 15, 99).
cost(22, 16, 70).
cost(22, 17, 59).
cost(22, 18, 67).
cost(22, 19, 64).
cost(22, 20, 15).
cost(22, 21, 71).
cost(22, 23, 70).
cost(22, 24, 60).
cost(22, 25, 61).
cost(23, 1, 6).
cost(23, 2, 67).
cost(23, 3, 13).
cost(23, 4, 37).
cost(23, 5, 73).
cost(23, 6, 32).
cost(23, 7, 84).
cost(23, 8, 65).
cost(23, 9, 75).
cost(23, 10, 45).
cost(23, 11, 15).
cost(23, 12, 62).
cost(23, 13, 32).
cost(23, 14, 82).
cost(23, 15, 92).
cost(23, 16, 3).
cost(23, 17, 93).
cost(23, 18, 63).
cost(23, 19, 97).
cost(23, 20, 56).
cost(23, 21, 90).
cost(23, 22, 70).
cost(23, 24, 24).
cost(23, 25, 65).
cost(24, 1, 18).
cost(24, 2, 49).
cost(24, 3, 27).
cost(24, 4, 19).
cost(24, 5, 51).
cost(24, 6, 18).
cost(24, 7, 60).
cost(24, 8, 54).
cost(24, 9, 57).
cost(24, 10, 36).
cost(24, 11, 27).
cost(24, 12, 41).
cost(24, 13, 27).
cost(24, 14, 62).
cost(24, 15, 70).
cost(24, 16, 26).
cost(24, 17, 70).
cost(24, 18, 39).
cost(24, 19, 74).
cost(24, 20, 44).
cost(24, 21, 67).
cost(24, 22, 60).
cost(24, 23, 24).
cost(24, 25, 41).
cost(25, 1, 60).
cost(25, 2, 41).
cost(25, 3, 67).
cost(25, 4, 37).
cost(25, 5, 22).
cost(25, 6, 43).
cost(25, 7, 20).
cost(25, 8, 58).
cost(25, 9, 44).
cost(25, 10, 52).
cost(25, 11, 66).
cost(25, 12, 24).
cost(25, 13, 55).
cost(25, 14, 37).
cost(25, 15, 38).
cost(25, 16, 68).
cost(25, 17, 33).
cost(25, 18, 8).
cost(25, 19, 36).
cost(25, 20, 51).
cost(25, 21, 25).
cost(25, 22, 61).
cost(25, 23, 65).
cost(25, 24, 41).
nocross(1,3).
nocross(1,4).
nocross(1,6).
nocross(1,11).
nocross(1,13).
nocross(1,16).
nocross(1,23).
nocross(1,24).
nocross(2,4).
nocross(2,6).
nocross(2,10).
nocross(2,12).
nocross(2,13).
nocross(2,15).
nocross(2,18).
nocross(2,25).
nocross(3,1).
nocross(3,4).
nocross(3,6).
nocross(3,10).
nocross(3,11).
nocross(3,13).
nocross(3,16).
nocross(3,23).
nocross(3,24).
nocross(4,1).
nocross(4,2).
nocross(4,3).
nocross(4,6).
nocross(4,10).
nocross(4,12).
nocross(4,13).
nocross(4,18).
nocross(4,23).
nocross(4,24).
nocross(4,25).
nocross(5,7).
nocross(5,8).
nocross(5,9).
nocross(5,14).
nocross(5,17).
nocross(5,18).
nocross(5,19).
nocross(5,20).
nocross(5,21).
nocross(5,25).
nocross(6,1).
nocross(6,2).
nocross(6,3).
nocross(6,4).
nocross(6,10).
nocross(6,12).
nocross(6,13).
nocross(6,16).
nocross(6,18).
nocross(6,23).
nocross(6,24).
nocross(6,25).
nocross(7,5).
nocross(7,9).
nocross(7,14).
nocross(7,17).
nocross(7,18).
nocross(7,19).
nocross(7,21).
nocross(7,25).
nocross(8,5).
nocross(8,9).
nocross(8,11).
nocross(8,14).
nocross(8,20).
nocross(8,22).
nocross(9,5).
nocross(9,7).
nocross(9,8).
nocross(9,14).
nocross(9,17).
nocross(9,19).
nocross(9,20).
nocross(9,22).
nocross(9,25).
nocross(10,1).
nocross(10,2).
nocross(10,3).
nocross(10,4).
nocross(10,6).
nocross(10,12).
nocross(10,13).
nocross(10,18).
nocross(10,23).
nocross(10,24).
nocross(11,1).
nocross(11,3).
nocross(11,4).
nocross(11,6).
nocross(11,8).
nocross(11,16).
nocross(11,20).
nocross(11,23).
nocross(11,24).
nocross(12,2).
nocross(12,4).
nocross(12,6).
nocross(12,7).
nocross(12,10).
nocross(12,15).
nocross(12,18).
nocross(12,25).
nocross(13,1).
nocross(13,3).
nocross(13,4).
nocross(13,6).
nocross(13,10).
nocross(13,16).
nocross(13,23).
nocross(13,24).
nocross(14,5).
nocross(14,7).
nocross(14,8).
nocross(14,9).
nocross(14,17).
nocross(14,19).
nocross(14,20).
nocross(14,21).
nocross(14,22).
nocross(14,25).
nocross(15,2).
nocross(15,4).
nocross(15,6).
nocross(15,7).
nocross(15,12).
nocross(15,17).
nocross(15,18).
nocross(15,19).
nocross(15,21).
nocross(15,25).
nocross(16,1).
nocross(16,3).
nocross(16,4).
nocross(16,6).
nocross(16,11).
nocross(16,13).
nocross(16,23).
nocross(16,24).
nocross(17,5).
nocross(17,7).
nocross(17,9).
nocross(17,14).
nocross(17,19).
nocross(17,21).
nocross(17,25).
nocross(18,2).
nocross(18,4).
nocross(18,5).
nocross(18,6).
nocross(18,7).
nocross(18,12).
nocross(18,15).
nocross(18,17).
nocross(18,21).
nocross(18,24).
nocross(18,25).
nocross(19,5).
nocross(19,7).
nocross(19,9).
nocross(19,14).
nocross(19,17).
nocross(19,21).
nocross(19,25).
nocross(20,1).
nocross(20,5).
nocross(20,8).
nocross(20,9).
nocross(20,11).
nocross(20,14).
nocross(20,22).
nocross(20,24).
nocross(21,5).
nocross(21,7).
nocross(21,12).
nocross(21,14).
nocross(21,15).
nocross(21,17).
nocross(21,18).
nocross(21,19).
nocross(21,25).
nocross(22,8).
nocross(22,9).
nocross(22,14).
nocross(22,20).
nocross(23,1).
nocross(23,3).
nocross(23,4).
nocross(23,6).
nocross(23,11).
nocross(23,13).
nocross(23,16).
nocross(23,24).
nocross(24,1).
nocross(24,3).
nocross(24,4).
nocross(24,6).
nocross(24,8).
nocross(24,11).
nocross(24,13).
nocross(24,16).
nocross(24,18).
nocross(24,20).
nocross(24,23).
nocross(24,25).
nocross(25,4).
nocross(25,5).
nocross(25,6).
nocross(25,7).
nocross(25,9).
nocross(25,12).
nocross(25,14).
nocross(25,15).
nocross(25,17).
nocross(25,18).
nocross(25,19).
nocross(25,21).
nocross(25,24).
