dimension(25).
point(1, 16.6467301858, 80.7867101212).
point(2, 71.5536018275, 56.1122574966).
point(3, 37.6741722599, 88.0950870984).
point(4, 35.0236813256, 65.5406057143).
point(5, 49.9760809866, 75.9767752007).
point(6, 59.8539367186, 44.8056611822).
point(7, 14.0028873358, 55.4524083147).
point(8, 37.2633847687, 19.8455558484).
point(9, 57.7770978856, 48.9866641211).
point(10, 72.1682900132, 19.0554309126).
point(11, 50.5913488516, 33.1880177498).
point(12, 42.5886758073, 83.2565525152).
point(13, 52.9138900293, 23.3307283069).
point(14, 55.3280373482, 56.6773694069).
point(15, 89.7380434599, 13.3054915744).
point(16, 86.2182993392, 17.3030603266).
point(17, 12.5368064774, 78.7258997044).
point(18, 75.6467370951, 10.2669738374).
point(19, 77.3188319307, 52.7502422261).
point(20, 29.7373367266, 57.3560915031).
point(21, 33.8976865093, 29.5223461448).
point(22, 41.5449178334, 3.555859083).
point(23, 29.1807976808, 19.4864456543).
point(24, 12.6151016024, 55.1161268897).
point(25, 20.4075459658, 81.5342173693).
cost(1, 2, 60).
cost(1, 3, 22).
cost(1, 4, 24).
cost(1, 5, 34).
cost(1, 6, 56).
cost(1, 7, 25).
cost(1, 8, 64).
cost(1, 9, 52).
cost(1, 10, 83).
cost(1, 11, 58).
cost(1, 12, 26).
cost(1, 13, 68).
cost(1, 14, 46).
cost(1, 15, 99).
cost(1, 16, 94).
cost(1, 17, 5).
cost(1, 18, 92).
cost(1, 19, 67).
cost(1, 20, 27).
cost(1, 21, 54).
cost(1, 22, 81).
cost(1, 23, 63).
cost(1, 24, 26).
cost(1, 25, 4).
cost(2, 1, 60).
cost(2, 3, 47).
cost(2, 4, 38).
cost(2, 5, 29).
cost(2, 6, 16).
cost(2, 7, 58).
cost(2, 8, 50).
cost(2, 9, 16).
cost(2, 10, 37).
cost(2, 11, 31).
cost(2, 12, 40).
cost(2, 13, 38).
cost(2, 14, 16).
cost(2, 15, 47).
cost(2, 16, 41).
cost(2, 17, 63).
cost(2, 18, 46).
cost(2, 19, 7).
cost(2, 20, 42).
cost(2, 21, 46).
cost(2, 22, 61).
cost(2, 23, 56).
cost(2, 24, 59).
cost(2, 25, 57).
cost(3, 1, 22).
cost(3, 2, 47).
cost(3, 4, 23).
cost(3, 5, 17).
cost(3, 6, 49).
cost(3, 7, 40).
cost(3, 8, 68).
cost(3, 9, 44).
cost(3, 10, 77).
cost(3, 11, 56).
cost(3, 12, 7).
cost(3, 13, 67).
cost(3, 14, 36).
cost(3, 15, 91).
cost(3, 16, 86).
cost(3, 17, 27).
cost(3, 18, 87).
cost(3, 19, 53).
cost(3, 20, 32).
cost(3, 21, 59).
cost(3, 22, 85).
cost(3, 23, 69).
cost(3, 24, 41).
cost(3, 25, 18).
cost(4, 1, 24).
cost(4, 2, 38).
cost(4, 3, 23).
cost(4, 5, 18).
cost(4, 6, 32).
cost(4, 7, 23).
cost(4, 8, 46).
cost(4, 9, 28).
cost(4, 10, 60).
cost(4, 11, 36).
cost(4, 12, 19).
cost(4, 13, 46).
cost(4, 14, 22).
cost(4, 15, 76).
cost(4, 16, 70).
cost(4, 17, 26).
cost(4, 18, 69).
cost(4, 19, 44).
cost(4, 20, 10).
cost(4, 21, 36).
cost(4, 22, 62).
cost(4, 23, 46).
cost(4, 24, 25).
cost(4, 25, 22).
cost(5, 1, 34).
cost(5, 2, 29).
cost(5, 3, 17).
cost(5, 4, 18).
cost(5, 6, 33).
cost(5, 7, 41).
cost(5, 8, 58).
cost(5, 9, 28).
cost(5, 10, 61).
cost(5, 11, 43).
cost(5, 12, 10).
cost(5, 13, 53).
cost(5, 14, 20).
cost(5, 15, 74).
cost(5, 16, 69).
cost(5, 17, 38).
cost(5, 18, 71).
cost(5, 19, 36).
cost(5, 20, 28).
cost(5, 21, 49).
cost(5, 22, 73).
cost(5, 23, 60).
cost(5, 24, 43).
cost(5, 25, 30).
cost(6, 1, 56).
cost(6, 2, 16).
cost(6, 3, 49).
cost(6, 4, 32).
cost(6, 5, 33).
cost(6, 7, 47).
cost(6, 8, 34).
cost(6, 9, 5).
cost(6, 10, 29).
cost(6, 11, 15).
cost(6, 12, 42).
cost(6, 13, 23).
cost(6, 14, 13).
cost(6, 15, 43).
cost(6, 16, 38).
cost(6, 17, 58).
cost(6, 18, 38).
cost(6, 19, 19).
cost(6, 20, 33).
cost(6, 21, 30).
cost(6, 22, 45).
cost(6, 23, 40).
cost(6, 24, 48).
cost(6, 25, 54).
cost(7, 1, 25).
cost(7, 2, 58).
cost(7, 3, 40).
cost(7, 4, 23).
cost(7, 5, 41).
cost(7, 6, 47).
cost(7, 8, 43).
cost(7, 9, 44).
cost(7, 10, 69).
cost(7, 11, 43).
cost(7, 12, 40).
cost(7, 13, 50).
cost(7, 14, 41).
cost(7, 15, 87).
cost(7, 16, 82).
cost(7, 17, 23).
cost(7, 18, 76).
cost(7, 19, 63).
cost(7, 20, 16).
cost(7, 21, 33).
cost(7, 22, 59).
cost(7, 23, 39).
cost(7, 24, 1).
cost(7, 25, 27).
cost(8, 1, 64).
cost(8, 2, 50).
cost(8, 3, 68).
cost(8, 4, 46).
cost(8, 5, 58).
cost(8, 6, 34).
cost(8, 7, 43).
cost(8, 9, 36).
cost(8, 10, 35).
cost(8, 11, 19).
cost(8, 12, 64).
cost(8, 13, 16).
cost(8, 14, 41).
cost(8, 15, 53).
cost(8, 16, 49).
cost(8, 17, 64).
cost(8, 18, 40).
cost(8, 19, 52).
cost(8, 20, 38).
cost(8, 21, 10).
cost(8, 22, 17).
cost(8, 23, 8).
cost(8, 24, 43).
cost(8, 25, 64).
cost(9, 1, 52).
cost(9, 2, 16).
cost(9, 3, 44).
cost(9, 4, 28).
cost(9, 5, 28).
cost(9, 6, 5).
cost(9, 7, 44).
cost(9, 8, 36).
cost(9, 10, 33).
cost(9, 11, 17).
cost(9, 12, 37).
cost(9, 13, 26).
cost(9, 14, 8).
cost(9, 15, 48).
cost(9, 16, 43).
cost(9, 17, 54).
cost(9, 18, 43).
cost(9, 19, 20).
cost(9, 20, 29).
cost(9, 21, 31).
cost(9, 22, 48).
cost(9, 23, 41).
cost(9, 24, 46).
cost(9, 25, 50).
cost(10, 1, 83).
cost(10, 2, 37).
cost(10, 3, 77).
cost(10, 4, 60).
cost(10, 5, 61).
cost(10, 6, 29).
cost(10, 7, 69).
cost(10, 8, 35).
cost(10, 9, 33).
cost(10, 11, 26).
cost(10, 12, 71).
cost(10, 13, 20).
cost(10, 14, 41).
cost(10, 15, 18).
cost(10, 16, 14).
cost(10, 17, 84).
cost(10, 18, 9).
cost(10, 19, 34).
cost(10, 20, 57).
cost(10, 21, 40).
cost(10, 22, 34).
cost(10, 23, 43).
cost(10, 24, 70).
cost(10, 25, 81).
cost(11, 1, 58).
cost(11, 2, 31).
cost(11, 3, 56).
cost(11, 4, 36).
cost(11, 5, 43).
cost(11, 6, 15).
cost(11, 7, 43).
cost(11, 8, 19).
cost(11, 9, 17).
cost(11, 10, 26).
cost(11, 12, 51).
cost(11, 13, 10).
cost(11, 14, 24).
cost(11, 15, 44).
cost(11, 16, 39).
cost(11, 17, 59).
cost(11, 18, 34).
cost(11, 19, 33).
cost(11, 20, 32).
cost(11, 21, 17).
cost(11, 22, 31).
cost(11, 23, 25).
cost(11, 24, 44).
cost(11, 25, 57).
cost(12, 1, 26).
cost(12, 2, 40).
cost(12, 3, 7).
cost(12, 4, 19).
cost(12, 5, 10).
cost(12, 6, 42).
cost(12, 7, 40).
cost(12, 8, 64).
cost(12, 9, 37).
cost(12, 10, 71).
cost(12, 11, 51).
cost(12, 13, 61).
cost(12, 14, 29).
cost(12, 15, 84).
cost(12, 16, 79).
cost(12, 17, 30).
cost(12, 18, 80).
cost(12, 19, 46).
cost(12, 20, 29).
cost(12, 21, 54).
cost(12, 22, 80).
cost(12, 23, 65).
cost(12, 24, 41).
cost(12, 25, 22).
cost(13, 1, 68).
cost(13, 2, 38).
cost(13, 3, 67).
cost(13, 4, 46).
cost(13, 5, 53).
cost(13, 6, 23).
cost(13, 7, 50).
cost(13, 8, 16).
cost(13, 9, 26).
cost(13, 10, 20).
cost(13, 11, 10).
cost(13, 12, 61).
cost(13, 14, 33).
cost(13, 15, 38).
cost(13, 16, 34).
cost(13, 17, 69).
cost(13, 18, 26).
cost(13, 19, 38).
cost(13, 20, 41).
cost(13, 21, 20).
cost(13, 22, 23).
cost(13, 23, 24).
cost(13, 24, 51).
cost(13, 25, 67).
cost(14, 1, 46).
cost(14, 2, 16).
cost(14, 3, 36).
cost(14, 4, 22).
cost(14, 5, 20).
cost(14, 6, 13).
cost(14, 7, 41).
cost(14, 8, 41).
cost(14, 9, 8).
cost(14, 10, 41).
cost(14, 11, 24).
cost(14, 12, 29).
cost(14, 13, 33).
cost(14, 15, 55).
cost(14, 16, 50).
cost(14, 17, 48).
cost(14, 18, 51).
cost(14, 19, 22).
cost(14, 20, 26).
cost(14, 21, 35).
cost(14, 22, 55).
cost(14, 23, 45).
cost(14, 24, 43).
cost(14, 25, 43).
cost(15, 1, 99).
cost(15, 2, 47).
cost(15, 3, 91).
cost(15, 4, 76).
cost(15, 5, 74).
cost(15, 6, 43).
cost(15, 7, 87).
cost(15, 8, 53).
cost(15, 9, 48).
cost(15, 10, 18).
cost(15, 11, 44).
cost(15, 12, 84).
cost(15, 13, 38).
cost(15, 14, 55).
cost(15, 16, 5).
cost(15, 17, 101).
cost(15, 18, 14).
cost(15, 19, 41).
cost(15, 20, 74).
cost(15, 21, 58).
cost(15, 22, 49).
cost(15, 23, 61).
cost(15, 24, 88).
cost(15, 25, 97).
cost(16, 1, 94).
cost(16, 2, 41).
cost(16, 3, 86).
cost(16, 4, 70).
cost(16, 5, 69).
cost(16, 6, 38).
cost(16, 7, 82).
cost(16, 8, 49).
cost(16, 9, 43).
cost(16, 10, 14).
cost(16, 11, 39).
cost(16, 12, 79).
cost(16, 13, 34).
cost(16, 14, 50).
cost(16, 15, 5).
cost(16, 17, 96).
cost(16, 18, 13).
cost(16, 19, 37).
cost(16, 20, 69).
cost(16, 21, 54).
cost(16, 22, 47).
cost(16, 23, 57).
cost(16, 24, 83).
cost(16, 25, 92).
cost(17, 1, 5).
cost(17, 2, 63).
cost(17, 3, 27).
cost(17, 4, 26).
cost(17, 5, 38).
cost(17, 6, 58).
cost(17, 7, 23).
cost(17, 8, 64).
cost(17, 9, 54).
cost(17, 10, 84).
cost(17, 11, 59).
cost(17, 12, 30).
cost(17, 13, 69).
cost(17, 14, 48).
cost(17, 15, 101).
cost(17, 16, 96).
cost(17, 18, 93).
cost(17, 19, 70).
cost(17, 20, 27).
cost(17, 21, 54).
cost(17, 22, 81).
cost(17, 23, 62).
cost(17, 24, 24).
cost(17, 25, 8).
cost(18, 1, 92).
cost(18, 2, 46).
cost(18, 3, 87).
cost(18, 4, 69).
cost(18, 5, 71).
cost(18, 6, 38).
cost(18, 7, 76).
cost(18, 8, 40).
cost(18, 9, 43).
cost(18, 10, 9).
cost(18, 11, 34).
cost(18, 12, 80).
cost(18, 13, 26).
cost(18, 14, 51).
cost(18, 15, 14).
cost(18, 16, 13).
cost(18, 17, 93).
cost(18, 19, 43).
cost(18, 20, 66).
cost(18, 21, 46).
cost(18, 22, 35).
cost(18, 23, 47).
cost(18, 24, 77).
cost(18, 25, 90).
cost(19, 1, 67).
cost(19, 2, 7).
cost(19, 3, 53).
cost(19, 4, 44).
cost(19, 5, 36).
cost(19, 6, 19).
cost(19, 7, 63).
cost(19, 8, 52).
cost(19, 9, 20).
cost(19, 10, 34).
cost(19, 11, 33).
cost(19, 12, 46).
cost(19, 13, 38).
cost(19, 14, 22).
cost(19, 15, 41).
cost(19, 16, 37).
cost(19, 17, 70).
cost(19, 18, 43).
cost(19, 20, 48).
cost(19, 21, 49).
cost(19, 22, 61).
cost(19, 23, 59).
cost(19, 24, 65).
cost(19, 25, 64).
cost(20, 1, 27).
cost(20, 2, 42).
cost(20, 3, 32).
cost(20, 4, 10).
cost(20, 5, 28).
cost(20, 6, 33).
cost(20, 7, 16).
cost(20, 8, 38).
cost(20, 9, 29).
cost(20, 10, 57).
cost(20, 11, 32).
cost(20, 12, 29).
cost(20, 13, 41).
cost(20, 14, 26).
cost(20, 15, 74).
cost(20, 16, 69).
cost(20, 17, 27).
cost(20, 18, 66).
cost(20, 19, 48).
cost(20, 21, 28).
cost(20, 22, 55).
cost(20, 23, 38).
cost(20, 24, 17).
cost(20, 25, 26).
cost(21, 1, 54).
cost(21, 2, 46).
cost(21, 3, 59).
cost(21, 4, 36).
cost(21, 5, 49).
cost(21, 6, 30).
cost(21, 7, 33).
cost(21, 8, 10).
cost(21, 9, 31).
cost(21, 10, 40).
cost(21, 11, 17).
cost(21, 12, 54).
cost(21, 13, 20).
cost(21, 14, 35).
cost(21, 15, 58).
cost(21, 16, 54).
cost(21, 17, 54).
cost(21, 18, 46).
cost(21, 19, 49).
cost(21, 20, 28).
cost(21, 22, 27).
cost(21, 23, 11).
cost(21, 24, 33).
cost(21, 25, 54).
cost(22, 1, 81).
cost(22, 2, 61).
cost(22, 3, 85).
cost(22, 4, 62).
cost(22, 5, 73).
cost(22, 6, 45).
cost(22, 7, 59).
cost(22, 8, 17).
cost(22, 9, 48).
cost(22, 10, 34).
cost(22, 11, 31).
cost(22, 12, 80).
cost(22, 13, 23).
cost(22, 14, 55).
cost(22, 15, 49).
cost(22, 16, 47).
cost(22, 17, 81).
cost(22, 18, 35).
cost(22, 19, 61).
cost(22, 20, 55).
cost(22, 21, 27).
cost(22, 23, 20).
cost(22, 24, 59).
cost(22, 25, 81).
cost(23, 1, 63).
cost(23, 2, 56).
cost(23, 3, 69).
cost(23, 4, 46).
cost(23, 5, 60).
cost(23, 6, 40).
cost(23, 7, 39).
cost(23, 8, 8).
cost(23, 9, 41).
cost(23, 10, 43).
cost(23, 11, 25).
cost(23, 12, 65).
cost(23, 13, 24).
cost(23, 14, 45).
cost(23, 15, 61).
cost(23, 16, 57).
cost(23, 17, 62).
cost(23, 18, 47).
cost(23, 19, 59).
cost(23, 20, 38).
cost(23, 21, 11).
cost(23, 22, 20).
cost(23, 24, 39).
cost(23, 25, 63).
cost(24, 1, 26).
cost(24, 2, 59).
cost(24, 3, 41).
cost(24, 4, 25).
cost(24, 5, 43).
cost(24, 6, 48).
cost(24, 7, 1).
cost(24, 8, 43).
cost(24, 9, 46).
cost(24, 10, 70).
cost(24, 11, 44).
cost(24, 12, 41).
cost(24, 13, 51).
cost(24, 14, 43).
cost(24, 15, 88).
cost(24, 16, 83).
cost(24, 17, 24).
cost(24, 18, 77).
cost(24, 19, 65).
cost(24, 20, 17).
cost(24, 21, 33).
cost(24, 22, 59).
cost(24, 23, 39).
cost(24, 25, 28).
cost(25, 1, 4).
cost(25, 2, 57).
cost(25, 3, 18).
cost(25, 4, 22).
cost(25, 5, 30).
cost(25, 6, 54).
cost(25, 7, 27).
cost(25, 8, 64).
cost(25, 9, 50).
cost(25, 10, 81).
cost(25, 11, 57).
cost(25, 12, 22).
cost(25, 13, 67).
cost(25, 14, 43).
cost(25, 15, 97).
cost(25, 16, 92).
cost(25, 17, 8).
cost(25, 18, 90).
cost(25, 19, 64).
cost(25, 20, 26).
cost(25, 21, 54).
cost(25, 22, 81).
cost(25, 23, 63).
cost(25, 24, 28).
nocross(1,3).
nocross(1,4).
nocross(1,5).
nocross(1,7).
nocross(1,12).
nocross(1,17).
nocross(1,20).
nocross(1,24).
nocross(1,25).
nocross(2,3).
nocross(2,5).
nocross(2,6).
nocross(2,9).
nocross(2,10).
nocross(2,12).
nocross(2,14).
nocross(2,15).
nocross(2,16).
nocross(2,19).
nocross(3,1).
nocross(3,4).
nocross(3,5).
nocross(3,7).
nocross(3,9).
nocross(3,12).
nocross(3,14).
nocross(3,17).
nocross(3,20).
nocross(3,24).
nocross(3,25).
nocross(4,1).
nocross(4,2).
nocross(4,3).
nocross(4,5).
nocross(4,6).
nocross(4,7).
nocross(4,9).
nocross(4,12).
nocross(4,14).
nocross(4,17).
nocross(4,20).
nocross(4,21).
nocross(4,24).
nocross(4,25).
nocross(5,1).
nocross(5,2).
nocross(5,3).
nocross(5,4).
nocross(5,6).
nocross(5,7).
nocross(5,9).
nocross(5,12).
nocross(5,14).
nocross(5,19).
nocross(5,20).
nocross(5,24).
nocross(5,25).
nocross(6,2).
nocross(6,4).
nocross(6,5).
nocross(6,9).
nocross(6,10).
nocross(6,11).
nocross(6,12).
nocross(6,13).
nocross(6,14).
nocross(6,15).
nocross(6,16).
nocross(6,18).
nocross(6,19).
nocross(6,20).
nocross(6,21).
nocross(6,24).
nocross(7,1).
nocross(7,4).
nocross(7,12).
nocross(7,17).
nocross(7,20).
nocross(7,21).
nocross(7,24).
nocross(7,25).
nocross(8,6).
nocross(8,7).
nocross(8,9).
nocross(8,10).
nocross(8,11).
nocross(8,13).
nocross(8,18).
nocross(8,21).
nocross(8,22).
nocross(8,23).
nocross(8,24).
nocross(9,2).
nocross(9,4).
nocross(9,5).
nocross(9,6).
nocross(9,7).
nocross(9,10).
nocross(9,11).
nocross(9,12).
nocross(9,13).
nocross(9,14).
nocross(9,16).
nocross(9,18).
nocross(9,19).
nocross(9,20).
nocross(9,21).
nocross(9,24).
nocross(10,2).
nocross(10,6).
nocross(10,8).
nocross(10,9).
nocross(10,11).
nocross(10,13).
nocross(10,15).
nocross(10,16).
nocross(10,18).
nocross(10,19).
nocross(11,2).
nocross(11,4).
nocross(11,6).
nocross(11,7).
nocross(11,8).
nocross(11,9).
nocross(11,10).
nocross(11,13).
nocross(11,14).
nocross(11,15).
nocross(11,16).
nocross(11,18).
nocross(11,20).
nocross(11,21).
nocross(11,23).
nocross(11,24).
nocross(12,1).
nocross(12,2).
nocross(12,3).
nocross(12,4).
nocross(12,5).
nocross(12,6).
nocross(12,7).
nocross(12,9).
nocross(12,14).
nocross(12,19).
nocross(12,20).
nocross(12,24).
nocross(12,25).
nocross(13,2).
nocross(13,6).
nocross(13,8).
nocross(13,9).
nocross(13,10).
nocross(13,11).
nocross(13,14).
nocross(13,15).
nocross(13,16).
nocross(13,18).
nocross(13,21).
nocross(13,22).
nocross(14,1).
nocross(14,2).
nocross(14,3).
nocross(14,4).
nocross(14,5).
nocross(14,6).
nocross(14,7).
nocross(14,9).
nocross(14,10).
nocross(14,11).
nocross(14,12).
nocross(14,19).
nocross(14,20).
nocross(14,24).
nocross(14,25).
nocross(15,10).
nocross(15,16).
nocross(15,18).
nocross(15,19).
nocross(16,2).
nocross(16,6).
nocross(16,9).
nocross(16,10).
nocross(16,15).
nocross(16,18).
nocross(16,19).
nocross(17,1).
nocross(17,4).
nocross(17,7).
nocross(17,12).
nocross(17,20).
nocross(17,24).
nocross(17,25).
nocross(18,6).
nocross(18,9).
nocross(18,10).
nocross(18,11).
nocross(18,13).
nocross(18,15).
nocross(18,16).
nocross(18,22).
nocross(19,2).
nocross(19,5).
nocross(19,6).
nocross(19,9).
nocross(19,10).
nocross(19,14).
nocross(19,15).
nocross(19,16).
nocross(20,1).
nocross(20,3).
nocross(20,4).
nocross(20,5).
nocross(20,6).
nocross(20,7).
nocross(20,9).
nocross(20,11).
nocross(20,12).
nocross(20,14).
nocross(20,17).
nocross(20,21).
nocross(20,23).
nocross(20,24).
nocross(20,25).
nocross(21,4).
nocross(21,6).
nocross(21,7).
nocross(21,8).
nocross(21,9).
nocross(21,11).
nocross(21,13).
nocross(21,14).
nocross(21,17).
nocross(21,20).
nocross(21,23).
nocross(21,24).
nocross(22,8).
nocross(22,10).
nocross(22,11).
nocross(22,13).
nocross(22,15).
nocross(22,16).
nocross(22,18).
nocross(22,21).
nocross(22,23).
nocross(22,24).
nocross(23,7).
nocross(23,8).
nocross(23,11).
nocross(23,13).
nocross(23,20).
nocross(23,21).
nocross(23,22).
nocross(23,24).
nocross(24,1).
nocross(24,4).
nocross(24,7).
nocross(24,17).
nocross(24,20).
nocross(24,21).
nocross(24,23).
nocross(24,25).
nocross(25,1).
nocross(25,3).
nocross(25,4).
nocross(25,5).
nocross(25,7).
nocross(25,12).
nocross(25,17).
nocross(25,20).
