dimension(25).
point(1, 24.863416229, 62.1991489658).
point(2, 60.2915273075, 32.287917653).
point(3, 95.0212794379, 50.0666044041).
point(4, 46.6093590256, 71.0581562588).
point(5, 98.6156986922, 20.7420427113).
point(6, 52.063571683, 82.9540610482).
point(7, 83.9715486159, 20.4881195132).
point(8, 39.9172847993, 91.685775565).
point(9, 37.7012668774, 64.6311048142).
point(10, 31.0589672181, 79.8377860973).
point(11, 77.9926801853, 17.9957224896).
point(12, 19.8332013214, 55.8707415349).
point(13, 30.2206605686, 28.529871944).
point(14, 69.5880860104, 87.9100351097).
point(15, 89.2704556978, 52.4556946685).
point(16, 48.0873542748, 6.3245027642).
point(17, 25.6390657489, 80.548447502).
point(18, 67.1976390405, 37.2339496276).
point(19, 87.177091027, 43.3031014714).
point(20, 37.4714243218, 28.1327802676).
point(21, 29.3183614303, 15.2633436743).
point(22, 25.0020829711, 19.9299597013).
point(23, 60.3668237256, 22.8121939202).
point(24, 62.749555278, 79.1635296161).
point(25, 80.5590881731, 60.834731088).
cost(1, 2, 46).
cost(1, 3, 71).
cost(1, 4, 23).
cost(1, 5, 85).
cost(1, 6, 34).
cost(1, 7, 72).
cost(1, 8, 33).
cost(1, 9, 13).
cost(1, 10, 19).
cost(1, 11, 69).
cost(1, 12, 8).
cost(1, 13, 34).
cost(1, 14, 52).
cost(1, 15, 65).
cost(1, 16, 61).
cost(1, 17, 18).
cost(1, 18, 49).
cost(1, 19, 65).
cost(1, 20, 36).
cost(1, 21, 47).
cost(1, 22, 42).
cost(1, 23, 53).
cost(1, 24, 42).
cost(1, 25, 56).
cost(2, 1, 46).
cost(2, 3, 39).
cost(2, 4, 41).
cost(2, 5, 40).
cost(2, 6, 51).
cost(2, 7, 26).
cost(2, 8, 63).
cost(2, 9, 39).
cost(2, 10, 56).
cost(2, 11, 23).
cost(2, 12, 47).
cost(2, 13, 30).
cost(2, 14, 56).
cost(2, 15, 35).
cost(2, 16, 29).
cost(2, 17, 59).
cost(2, 18, 8).
cost(2, 19, 29).
cost(2, 20, 23).
cost(2, 21, 35).
cost(2, 22, 37).
cost(2, 23, 9).
cost(2, 24, 47).
cost(2, 25, 35).
cost(3, 1, 71).
cost(3, 2, 39).
cost(3, 4, 53).
cost(3, 5, 30).
cost(3, 6, 54).
cost(3, 7, 32).
cost(3, 8, 69).
cost(3, 9, 59).
cost(3, 10, 71).
cost(3, 11, 36).
cost(3, 12, 75).
cost(3, 13, 68).
cost(3, 14, 46).
cost(3, 15, 6).
cost(3, 16, 64).
cost(3, 17, 76).
cost(3, 18, 31).
cost(3, 19, 10).
cost(3, 20, 62).
cost(3, 21, 74).
cost(3, 22, 76).
cost(3, 23, 44).
cost(3, 24, 43).
cost(3, 25, 18).
cost(4, 1, 23).
cost(4, 2, 41).
cost(4, 3, 53).
cost(4, 5, 72).
cost(4, 6, 13).
cost(4, 7, 63).
cost(4, 8, 22).
cost(4, 9, 11).
cost(4, 10, 18).
cost(4, 11, 62).
cost(4, 12, 31).
cost(4, 13, 46).
cost(4, 14, 28).
cost(4, 15, 47).
cost(4, 16, 65).
cost(4, 17, 23).
cost(4, 18, 40).
cost(4, 19, 49).
cost(4, 20, 44).
cost(4, 21, 58).
cost(4, 22, 56).
cost(4, 23, 50).
cost(4, 24, 18).
cost(4, 25, 35).
cost(5, 1, 85).
cost(5, 2, 40).
cost(5, 3, 30).
cost(5, 4, 72).
cost(5, 6, 78).
cost(5, 7, 15).
cost(5, 8, 92).
cost(5, 9, 75).
cost(5, 10, 90).
cost(5, 11, 21).
cost(5, 12, 86).
cost(5, 13, 69).
cost(5, 14, 73).
cost(5, 15, 33).
cost(5, 16, 53).
cost(5, 17, 94).
cost(5, 18, 35).
cost(5, 19, 25).
cost(5, 20, 62).
cost(5, 21, 70).
cost(5, 22, 74).
cost(5, 23, 38).
cost(5, 24, 69).
cost(5, 25, 44).
cost(6, 1, 34).
cost(6, 2, 51).
cost(6, 3, 54).
cost(6, 4, 13).
cost(6, 5, 78).
cost(6, 7, 70).
cost(6, 8, 15).
cost(6, 9, 23).
cost(6, 10, 21).
cost(6, 11, 70).
cost(6, 12, 42).
cost(6, 13, 59).
cost(6, 14, 18).
cost(6, 15, 48).
cost(6, 16, 77).
cost(6, 17, 27).
cost(6, 18, 48).
cost(6, 19, 53).
cost(6, 20, 57).
cost(6, 21, 71).
cost(6, 22, 69).
cost(6, 23, 61).
cost(6, 24, 11).
cost(6, 25, 36).
cost(7, 1, 72).
cost(7, 2, 26).
cost(7, 3, 32).
cost(7, 4, 63).
cost(7, 5, 15).
cost(7, 6, 70).
cost(7, 8, 84).
cost(7, 9, 64).
cost(7, 10, 80).
cost(7, 11, 6).
cost(7, 12, 73).
cost(7, 13, 54).
cost(7, 14, 69).
cost(7, 15, 32).
cost(7, 16, 39).
cost(7, 17, 84).
cost(7, 18, 24).
cost(7, 19, 23).
cost(7, 20, 47).
cost(7, 21, 55).
cost(7, 22, 59).
cost(7, 23, 24).
cost(7, 24, 62).
cost(7, 25, 40).
cost(8, 1, 33).
cost(8, 2, 63).
cost(8, 3, 69).
cost(8, 4, 22).
cost(8, 5, 92).
cost(8, 6, 15).
cost(8, 7, 84).
cost(8, 9, 27).
cost(8, 10, 15).
cost(8, 11, 83).
cost(8, 12, 41).
cost(8, 13, 64).
cost(8, 14, 30).
cost(8, 15, 63).
cost(8, 16, 86).
cost(8, 17, 18).
cost(8, 18, 61).
cost(8, 19, 68).
cost(8, 20, 64).
cost(8, 21, 77).
cost(8, 22, 73).
cost(8, 23, 72).
cost(8, 24, 26).
cost(8, 25, 51).
cost(9, 1, 13).
cost(9, 2, 39).
cost(9, 3, 59).
cost(9, 4, 11).
cost(9, 5, 75).
cost(9, 6, 23).
cost(9, 7, 64).
cost(9, 8, 27).
cost(9, 10, 17).
cost(9, 11, 62).
cost(9, 12, 20).
cost(9, 13, 37).
cost(9, 14, 39).
cost(9, 15, 53).
cost(9, 16, 59).
cost(9, 17, 20).
cost(9, 18, 40).
cost(9, 19, 54).
cost(9, 20, 36).
cost(9, 21, 50).
cost(9, 22, 46).
cost(9, 23, 48).
cost(9, 24, 29).
cost(9, 25, 43).
cost(10, 1, 19).
cost(10, 2, 56).
cost(10, 3, 71).
cost(10, 4, 18).
cost(10, 5, 90).
cost(10, 6, 21).
cost(10, 7, 80).
cost(10, 8, 15).
cost(10, 9, 17).
cost(10, 11, 78).
cost(10, 12, 26).
cost(10, 13, 51).
cost(10, 14, 39).
cost(10, 15, 64).
cost(10, 16, 75).
cost(10, 17, 5).
cost(10, 18, 56).
cost(10, 19, 67).
cost(10, 20, 52).
cost(10, 21, 65).
cost(10, 22, 60).
cost(10, 23, 64).
cost(10, 24, 32).
cost(10, 25, 53).
cost(11, 1, 69).
cost(11, 2, 23).
cost(11, 3, 36).
cost(11, 4, 62).
cost(11, 5, 21).
cost(11, 6, 70).
cost(11, 7, 6).
cost(11, 8, 83).
cost(11, 9, 62).
cost(11, 10, 78).
cost(11, 12, 69).
cost(11, 13, 49).
cost(11, 14, 70).
cost(11, 15, 36).
cost(11, 16, 32).
cost(11, 17, 82).
cost(11, 18, 22).
cost(11, 19, 27).
cost(11, 20, 42).
cost(11, 21, 49).
cost(11, 22, 53).
cost(11, 23, 18).
cost(11, 24, 63).
cost(11, 25, 43).
cost(12, 1, 8).
cost(12, 2, 47).
cost(12, 3, 75).
cost(12, 4, 31).
cost(12, 5, 86).
cost(12, 6, 42).
cost(12, 7, 73).
cost(12, 8, 41).
cost(12, 9, 20).
cost(12, 10, 26).
cost(12, 11, 69).
cost(12, 13, 29).
cost(12, 14, 59).
cost(12, 15, 70).
cost(12, 16, 57).
cost(12, 17, 25).
cost(12, 18, 51).
cost(12, 19, 69).
cost(12, 20, 33).
cost(12, 21, 42).
cost(12, 22, 36).
cost(12, 23, 52).
cost(12, 24, 49).
cost(12, 25, 61).
cost(13, 1, 34).
cost(13, 2, 30).
cost(13, 3, 68).
cost(13, 4, 46).
cost(13, 5, 69).
cost(13, 6, 59).
cost(13, 7, 54).
cost(13, 8, 64).
cost(13, 9, 37).
cost(13, 10, 51).
cost(13, 11, 49).
cost(13, 12, 29).
cost(13, 14, 71).
cost(13, 15, 64).
cost(13, 16, 29).
cost(13, 17, 52).
cost(13, 18, 38).
cost(13, 19, 59).
cost(13, 20, 7).
cost(13, 21, 13).
cost(13, 22, 10).
cost(13, 23, 31).
cost(13, 24, 60).
cost(13, 25, 60).
cost(14, 1, 52).
cost(14, 2, 56).
cost(14, 3, 46).
cost(14, 4, 28).
cost(14, 5, 73).
cost(14, 6, 18).
cost(14, 7, 69).
cost(14, 8, 30).
cost(14, 9, 39).
cost(14, 10, 39).
cost(14, 11, 70).
cost(14, 12, 59).
cost(14, 13, 71).
cost(14, 15, 41).
cost(14, 16, 84).
cost(14, 17, 45).
cost(14, 18, 51).
cost(14, 19, 48).
cost(14, 20, 68).
cost(14, 21, 83).
cost(14, 22, 81).
cost(14, 23, 66).
cost(14, 24, 11).
cost(14, 25, 29).
cost(15, 1, 65).
cost(15, 2, 35).
cost(15, 3, 6).
cost(15, 4, 47).
cost(15, 5, 33).
cost(15, 6, 48).
cost(15, 7, 32).
cost(15, 8, 63).
cost(15, 9, 53).
cost(15, 10, 64).
cost(15, 11, 36).
cost(15, 12, 70).
cost(15, 13, 64).
cost(15, 14, 41).
cost(15, 16, 62).
cost(15, 17, 70).
cost(15, 18, 27).
cost(15, 19, 9).
cost(15, 20, 57).
cost(15, 21, 71).
cost(15, 22, 72).
cost(15, 23, 41).
cost(15, 24, 38).
cost(15, 25, 12).
cost(16, 1, 61).
cost(16, 2, 29).
cost(16, 3, 64).
cost(16, 4, 65).
cost(16, 5, 53).
cost(16, 6, 77).
cost(16, 7, 39).
cost(16, 8, 86).
cost(16, 9, 59).
cost(16, 10, 75).
cost(16, 11, 32).
cost(16, 12, 57).
cost(16, 13, 29).
cost(16, 14, 84).
cost(16, 15, 62).
cost(16, 17, 78).
cost(16, 18, 36).
cost(16, 19, 54).
cost(16, 20, 24).
cost(16, 21, 21).
cost(16, 22, 27).
cost(16, 23, 21).
cost(16, 24, 74).
cost(16, 25, 63).
cost(17, 1, 18).
cost(17, 2, 59).
cost(17, 3, 76).
cost(17, 4, 23).
cost(17, 5, 94).
cost(17, 6, 27).
cost(17, 7, 84).
cost(17, 8, 18).
cost(17, 9, 20).
cost(17, 10, 5).
cost(17, 11, 82).
cost(17, 12, 25).
cost(17, 13, 52).
cost(17, 14, 45).
cost(17, 15, 70).
cost(17, 16, 78).
cost(17, 18, 60).
cost(17, 19, 72).
cost(17, 20, 54).
cost(17, 21, 65).
cost(17, 22, 61).
cost(17, 23, 67).
cost(17, 24, 37).
cost(17, 25, 58).
cost(18, 1, 49).
cost(18, 2, 8).
cost(18, 3, 31).
cost(18, 4, 40).
cost(18, 5, 35).
cost(18, 6, 48).
cost(18, 7, 24).
cost(18, 8, 61).
cost(18, 9, 40).
cost(18, 10, 56).
cost(18, 11, 22).
cost(18, 12, 51).
cost(18, 13, 38).
cost(18, 14, 51).
cost(18, 15, 27).
cost(18, 16, 36).
cost(18, 17, 60).
cost(18, 19, 21).
cost(18, 20, 31).
cost(18, 21, 44).
cost(18, 22, 46).
cost(18, 23, 16).
cost(18, 24, 42).
cost(18, 25, 27).
cost(19, 1, 65).
cost(19, 2, 29).
cost(19, 3, 10).
cost(19, 4, 49).
cost(19, 5, 25).
cost(19, 6, 53).
cost(19, 7, 23).
cost(19, 8, 68).
cost(19, 9, 54).
cost(19, 10, 67).
cost(19, 11, 27).
cost(19, 12, 69).
cost(19, 13, 59).
cost(19, 14, 48).
cost(19, 15, 9).
cost(19, 16, 54).
cost(19, 17, 72).
cost(19, 18, 21).
cost(19, 20, 52).
cost(19, 21, 64).
cost(19, 22, 66).
cost(19, 23, 34).
cost(19, 24, 43).
cost(19, 25, 19).
cost(20, 1, 36).
cost(20, 2, 23).
cost(20, 3, 62).
cost(20, 4, 44).
cost(20, 5, 62).
cost(20, 6, 57).
cost(20, 7, 47).
cost(20, 8, 64).
cost(20, 9, 36).
cost(20, 10, 52).
cost(20, 11, 42).
cost(20, 12, 33).
cost(20, 13, 7).
cost(20, 14, 68).
cost(20, 15, 57).
cost(20, 16, 24).
cost(20, 17, 54).
cost(20, 18, 31).
cost(20, 19, 52).
cost(20, 21, 15).
cost(20, 22, 15).
cost(20, 23, 24).
cost(20, 24, 57).
cost(20, 25, 54).
cost(21, 1, 47).
cost(21, 2, 35).
cost(21, 3, 74).
cost(21, 4, 58).
cost(21, 5, 70).
cost(21, 6, 71).
cost(21, 7, 55).
cost(21, 8, 77).
cost(21, 9, 50).
cost(21, 10, 65).
cost(21, 11, 49).
cost(21, 12, 42).
cost(21, 13, 13).
cost(21, 14, 83).
cost(21, 15, 71).
cost(21, 16, 21).
cost(21, 17, 65).
cost(21, 18, 44).
cost(21, 19, 64).
cost(21, 20, 15).
cost(21, 22, 6).
cost(21, 23, 32).
cost(21, 24, 72).
cost(21, 25, 69).
cost(22, 1, 42).
cost(22, 2, 37).
cost(22, 3, 76).
cost(22, 4, 56).
cost(22, 5, 74).
cost(22, 6, 69).
cost(22, 7, 59).
cost(22, 8, 73).
cost(22, 9, 46).
cost(22, 10, 60).
cost(22, 11, 53).
cost(22, 12, 36).
cost(22, 13, 10).
cost(22, 14, 81).
cost(22, 15, 72).
cost(22, 16, 27).
cost(22, 17, 61).
cost(22, 18, 46).
cost(22, 19, 66).
cost(22, 20, 15).
cost(22, 21, 6).
cost(22, 23, 35).
cost(22, 24, 70).
cost(22, 25, 69).
cost(23, 1, 53).
cost(23, 2, 9).
cost(23, 3, 44).
cost(23, 4, 50).
cost(23, 5, 38).
cost(23, 6, 61).
cost(23, 7, 24).
cost(23, 8, 72).
cost(23, 9, 48).
cost(23, 10, 64).
cost(23, 11, 18).
cost(23, 12, 52).
cost(23, 13, 31).
cost(23, 14, 66).
cost(23, 15, 41).
cost(23, 16, 21).
cost(23, 17, 67).
cost(23, 18, 16).
cost(23, 19, 34).
cost(23, 20, 24).
cost(23, 21, 32).
cost(23, 22, 35).
cost(23, 24, 56).
cost(23, 25, 43).
cost(24, 1, 42).
cost(24, 2, 47).
cost(24, 3, 43).
cost(24, 4, 18).
cost(24, 5, 69).
cost(24, 6, 11).
cost(24, 7, 62).
cost(24, 8, 26).
cost(24, 9, 29).
cost(24, 10, 32).
cost(24, 11, 63).
cost(24, 12, 49).
cost(24, 13, 60).
cost(24, 14, 11).
cost(24, 15, 38).
cost(24, 16, 74).
cost(24, 17, 37).
cost(24, 18, 42).
cost(24, 19, 43).
cost(24, 20, 57).
cost(24, 21, 72).
cost(24, 22, 70).
cost(24, 23, 56).
cost(24, 25, 26).
cost(25, 1, 56).
cost(25, 2, 35).
cost(25, 3, 18).
cost(25, 4, 35).
cost(25, 5, 44).
cost(25, 6, 36).
cost(25, 7, 40).
cost(25, 8, 51).
cost(25, 9, 43).
cost(25, 10, 53).
cost(25, 11, 43).
cost(25, 12, 61).
cost(25, 13, 60).
cost(25, 14, 29).
cost(25, 15, 12).
cost(25, 16, 63).
cost(25, 17, 58).
cost(25, 18, 27).
cost(25, 19, 19).
cost(25, 20, 54).
cost(25, 21, 69).
cost(25, 22, 69).
cost(25, 23, 43).
cost(25, 24, 26).
nocross(1,4).
nocross(1,8).
nocross(1,9).
nocross(1,10).
nocross(1,12).
nocross(1,13).
nocross(1,17).
nocross(1,20).
nocross(2,5).
nocross(2,7).
nocross(2,11).
nocross(2,12).
nocross(2,13).
nocross(2,15).
nocross(2,16).
nocross(2,18).
nocross(2,19).
nocross(2,20).
nocross(2,21).
nocross(2,22).
nocross(2,23).
nocross(2,25).
nocross(3,5).
nocross(3,7).
nocross(3,11).
nocross(3,14).
nocross(3,15).
nocross(3,18).
nocross(3,19).
nocross(3,25).
nocross(4,1).
nocross(4,2).
nocross(4,6).
nocross(4,8).
nocross(4,9).
nocross(4,10).
nocross(4,12).
nocross(4,13).
nocross(4,14).
nocross(4,17).
nocross(4,18).
nocross(4,24).
nocross(5,3).
nocross(5,7).
nocross(5,11).
nocross(5,15).
nocross(5,18).
nocross(5,19).
nocross(6,1).
nocross(6,4).
nocross(6,8).
nocross(6,9).
nocross(6,10).
nocross(6,12).
nocross(6,14).
nocross(6,15).
nocross(6,17).
nocross(6,24).
nocross(6,25).
nocross(7,2).
nocross(7,3).
nocross(7,5).
nocross(7,11).
nocross(7,15).
nocross(7,18).
nocross(7,19).
nocross(7,23).
nocross(8,1).
nocross(8,4).
nocross(8,6).
nocross(8,9).
nocross(8,10).
nocross(8,12).
nocross(8,14).
nocross(8,17).
nocross(8,24).
nocross(9,1).
nocross(9,2).
nocross(9,4).
nocross(9,6).
nocross(9,8).
nocross(9,10).
nocross(9,12).
nocross(9,13).
nocross(9,17).
nocross(9,20).
nocross(9,22).
nocross(9,24).
nocross(10,1).
nocross(10,4).
nocross(10,6).
nocross(10,8).
nocross(10,9).
nocross(10,12).
nocross(10,14).
nocross(10,17).
nocross(10,24).
nocross(11,2).
nocross(11,5).
nocross(11,7).
nocross(11,15).
nocross(11,16).
nocross(11,18).
nocross(11,19).
nocross(11,23).
nocross(12,1).
nocross(12,4).
nocross(12,9).
nocross(12,10).
nocross(12,13).
nocross(12,17).
nocross(12,20).
nocross(12,22).
nocross(13,1).
nocross(13,2).
nocross(13,12).
nocross(13,20).
nocross(13,21).
nocross(13,22).
nocross(13,23).
nocross(14,3).
nocross(14,4).
nocross(14,6).
nocross(14,8).
nocross(14,10).
nocross(14,15).
nocross(14,17).
nocross(14,24).
nocross(14,25).
nocross(15,2).
nocross(15,3).
nocross(15,5).
nocross(15,7).
nocross(15,11).
nocross(15,14).
nocross(15,18).
nocross(15,19).
nocross(15,24).
nocross(15,25).
nocross(16,2).
nocross(16,7).
nocross(16,11).
nocross(16,13).
nocross(16,18).
nocross(16,20).
nocross(16,21).
nocross(16,22).
nocross(16,23).
nocross(17,1).
nocross(17,4).
nocross(17,6).
nocross(17,8).
nocross(17,9).
nocross(17,10).
nocross(17,12).
nocross(18,2).
nocross(18,4).
nocross(18,5).
nocross(18,7).
nocross(18,11).
nocross(18,13).
nocross(18,15).
nocross(18,19).
nocross(18,20).
nocross(18,22).
nocross(18,23).
nocross(18,25).
nocross(19,2).
nocross(19,3).
nocross(19,5).
nocross(19,7).
nocross(19,11).
nocross(19,15).
nocross(19,18).
nocross(19,23).
nocross(19,25).
nocross(20,1).
nocross(20,2).
nocross(20,12).
nocross(20,13).
nocross(20,16).
nocross(20,18).
nocross(20,21).
nocross(20,22).
nocross(20,23).
nocross(21,12).
nocross(21,13).
nocross(21,16).
nocross(21,20).
nocross(21,22).
nocross(21,23).
nocross(22,12).
nocross(22,13).
nocross(22,16).
nocross(22,20).
nocross(22,21).
nocross(23,2).
nocross(23,5).
nocross(23,7).
nocross(23,11).
nocross(23,13).
nocross(23,15).
nocross(23,16).
nocross(23,18).
nocross(23,19).
nocross(23,20).
nocross(23,21).
nocross(23,22).
nocross(24,1).
nocross(24,2).
nocross(24,3).
nocross(24,4).
nocross(24,6).
nocross(24,8).
nocross(24,9).
nocross(24,10).
nocross(24,12).
nocross(24,14).
nocross(24,15).
nocross(24,18).
nocross(24,19).
nocross(24,25).
nocross(25,2).
nocross(25,3).
nocross(25,4).
nocross(25,6).
nocross(25,7).
nocross(25,11).
nocross(25,14).
nocross(25,15).
nocross(25,18).
nocross(25,19).
nocross(25,24).
