dimension(25).
point(1, 73.0957825689, 59.1746832337).
point(2, 20.6107902871, 93.9160086793).
point(3, 63.1277884419, 77.9316587887).
point(4, 13.2911103286, 85.9579153035).
point(5, 85.3392301625, 50.3881922333).
point(6, 29.6984091349, 10.855418006).
point(7, 4.5088018794, 90.960103071).
point(8, 82.0735719324, 70.1903789135).
point(9, 84.0476408493, 79.4961818855).
point(10, 19.6940911595, 54.5466728605).
point(11, 30.8217544707, 33.0720609594).
point(12, 58.9167265637, 22.8887474257).
point(13, 15.6192540367, 89.0590457742).
point(14, 71.8986156486, 76.5994087494).
point(15, 53.6795975725, 25.2683015211).
point(16, 23.9580714051, 11.0120641831).
point(17, 84.0407960785, 42.2059241602).
point(18, 71.027637269, 43.089992341).
point(19, 65.3477188184, 3.9943491082).
point(20, 17.8079227434, 31.2466024191).
point(21, 89.2206615377, 66.7257312018).
point(22, 80.7024396156, 80.2033351755).
point(23, 56.238791953, 23.2208844115).
point(24, 49.4744452335, 12.2987895829).
point(25, 14.3687197686, 87.7695469156).
cost(1, 2, 63).
cost(1, 3, 21).
cost(1, 4, 66).
cost(1, 5, 15).
cost(1, 6, 65).
cost(1, 7, 76).
cost(1, 8, 14).
cost(1, 9, 23).
cost(1, 10, 54).
cost(1, 11, 50).
cost(1, 12, 39).
cost(1, 13, 65).
cost(1, 14, 17).
cost(1, 15, 39).
cost(1, 16, 69).
cost(1, 17, 20).
cost(1, 18, 16).
cost(1, 19, 56).
cost(1, 20, 62).
cost(1, 21, 18).
cost(1, 22, 22).
cost(1, 23, 40).
cost(1, 24, 52).
cost(1, 25, 65).
cost(2, 1, 63).
cost(2, 3, 45).
cost(2, 4, 11).
cost(2, 5, 78).
cost(2, 6, 84).
cost(2, 7, 16).
cost(2, 8, 66).
cost(2, 9, 65).
cost(2, 10, 39).
cost(2, 11, 62).
cost(2, 12, 81).
cost(2, 13, 7).
cost(2, 14, 54).
cost(2, 15, 76).
cost(2, 16, 83).
cost(2, 17, 82).
cost(2, 18, 72).
cost(2, 19, 100).
cost(2, 20, 63).
cost(2, 21, 74).
cost(2, 22, 62).
cost(2, 23, 79).
cost(2, 24, 87).
cost(2, 25, 9).
cost(3, 1, 21).
cost(3, 2, 45).
cost(3, 4, 50).
cost(3, 5, 35).
cost(3, 6, 75).
cost(3, 7, 60).
cost(3, 8, 20).
cost(3, 9, 21).
cost(3, 10, 49).
cost(3, 11, 55).
cost(3, 12, 55).
cost(3, 13, 49).
cost(3, 14, 9).
cost(3, 15, 54).
cost(3, 16, 78).
cost(3, 17, 41).
cost(3, 18, 36).
cost(3, 19, 74).
cost(3, 20, 65).
cost(3, 21, 28).
cost(3, 22, 18).
cost(3, 23, 55).
cost(3, 24, 67).
cost(3, 25, 50).
cost(4, 1, 66).
cost(4, 2, 11).
cost(4, 3, 50).
cost(4, 5, 80).
cost(4, 6, 77).
cost(4, 7, 10).
cost(4, 8, 71).
cost(4, 9, 71).
cost(4, 10, 32).
cost(4, 11, 56).
cost(4, 12, 78).
cost(4, 13, 4).
cost(4, 14, 59).
cost(4, 15, 73).
cost(4, 16, 76).
cost(4, 17, 83).
cost(4, 18, 72).
cost(4, 19, 97).
cost(4, 20, 55).
cost(4, 21, 78).
cost(4, 22, 68).
cost(4, 23, 76).
cost(4, 24, 82).
cost(4, 25, 2).
cost(5, 1, 15).
cost(5, 2, 78).
cost(5, 3, 35).
cost(5, 4, 80).
cost(5, 6, 68).
cost(5, 7, 90).
cost(5, 8, 20).
cost(5, 9, 29).
cost(5, 10, 66).
cost(5, 11, 57).
cost(5, 12, 38).
cost(5, 13, 80).
cost(5, 14, 29).
cost(5, 15, 40).
cost(5, 16, 73).
cost(5, 17, 8).
cost(5, 18, 16).
cost(5, 19, 51).
cost(5, 20, 70).
cost(5, 21, 17).
cost(5, 22, 30).
cost(5, 23, 40).
cost(5, 24, 52).
cost(5, 25, 80).
cost(6, 1, 65).
cost(6, 2, 84).
cost(6, 3, 75).
cost(6, 4, 77).
cost(6, 5, 68).
cost(6, 7, 84).
cost(6, 8, 79).
cost(6, 9, 88).
cost(6, 10, 45).
cost(6, 11, 22).
cost(6, 12, 32).
cost(6, 13, 79).
cost(6, 14, 78).
cost(6, 15, 28).
cost(6, 16, 6).
cost(6, 17, 63).
cost(6, 18, 52).
cost(6, 19, 36).
cost(6, 20, 24).
cost(6, 21, 82).
cost(6, 22, 86).
cost(6, 23, 29).
cost(6, 24, 20).
cost(6, 25, 78).
cost(7, 1, 76).
cost(7, 2, 16).
cost(7, 3, 60).
cost(7, 4, 10).
cost(7, 5, 90).
cost(7, 6, 84).
cost(7, 8, 80).
cost(7, 9, 80).
cost(7, 10, 39).
cost(7, 11, 64).
cost(7, 12, 87).
cost(7, 13, 11).
cost(7, 14, 69).
cost(7, 15, 82).
cost(7, 16, 82).
cost(7, 17, 93).
cost(7, 18, 82).
cost(7, 19, 106).
cost(7, 20, 61).
cost(7, 21, 88).
cost(7, 22, 77).
cost(7, 23, 85).
cost(7, 24, 91).
cost(7, 25, 10).
cost(8, 1, 14).
cost(8, 2, 66).
cost(8, 3, 20).
cost(8, 4, 71).
cost(8, 5, 20).
cost(8, 6, 79).
cost(8, 7, 80).
cost(8, 9, 10).
cost(8, 10, 64).
cost(8, 11, 63).
cost(8, 12, 53).
cost(8, 13, 69).
cost(8, 14, 12).
cost(8, 15, 53).
cost(8, 16, 83).
cost(8, 17, 28).
cost(8, 18, 29).
cost(8, 19, 68).
cost(8, 20, 75).
cost(8, 21, 8).
cost(8, 22, 10).
cost(8, 23, 54).
cost(8, 24, 66).
cost(8, 25, 70).
cost(9, 1, 23).
cost(9, 2, 65).
cost(9, 3, 21).
cost(9, 4, 71).
cost(9, 5, 29).
cost(9, 6, 88).
cost(9, 7, 80).
cost(9, 8, 10).
cost(9, 10, 69).
cost(9, 11, 71).
cost(9, 12, 62).
cost(9, 13, 69).
cost(9, 14, 12).
cost(9, 15, 62).
cost(9, 16, 91).
cost(9, 17, 37).
cost(9, 18, 39).
cost(9, 19, 78).
cost(9, 20, 82).
cost(9, 21, 14).
cost(9, 22, 3).
cost(9, 23, 63).
cost(9, 24, 76).
cost(9, 25, 70).
cost(10, 1, 54).
cost(10, 2, 39).
cost(10, 3, 49).
cost(10, 4, 32).
cost(10, 5, 66).
cost(10, 6, 45).
cost(10, 7, 39).
cost(10, 8, 64).
cost(10, 9, 69).
cost(10, 11, 24).
cost(10, 12, 50).
cost(10, 13, 35).
cost(10, 14, 57).
cost(10, 15, 45).
cost(10, 16, 44).
cost(10, 17, 66).
cost(10, 18, 53).
cost(10, 19, 68).
cost(10, 20, 23).
cost(10, 21, 71).
cost(10, 22, 66).
cost(10, 23, 48).
cost(10, 24, 52).
cost(10, 25, 34).
cost(11, 1, 50).
cost(11, 2, 62).
cost(11, 3, 55).
cost(11, 4, 56).
cost(11, 5, 57).
cost(11, 6, 22).
cost(11, 7, 64).
cost(11, 8, 63).
cost(11, 9, 71).
cost(11, 10, 24).
cost(11, 12, 30).
cost(11, 13, 58).
cost(11, 14, 60).
cost(11, 15, 24).
cost(11, 16, 23).
cost(11, 17, 54).
cost(11, 18, 41).
cost(11, 19, 45).
cost(11, 20, 13).
cost(11, 21, 67).
cost(11, 22, 69).
cost(11, 23, 27).
cost(11, 24, 28).
cost(11, 25, 57).
cost(12, 1, 39).
cost(12, 2, 81).
cost(12, 3, 55).
cost(12, 4, 78).
cost(12, 5, 38).
cost(12, 6, 32).
cost(12, 7, 87).
cost(12, 8, 53).
cost(12, 9, 62).
cost(12, 10, 50).
cost(12, 11, 30).
cost(12, 13, 79).
cost(12, 14, 55).
cost(12, 15, 6).
cost(12, 16, 37).
cost(12, 17, 32).
cost(12, 18, 24).
cost(12, 19, 20).
cost(12, 20, 42).
cost(12, 21, 53).
cost(12, 22, 61).
cost(12, 23, 3).
cost(12, 24, 14).
cost(12, 25, 79).
cost(13, 1, 65).
cost(13, 2, 7).
cost(13, 3, 49).
cost(13, 4, 4).
cost(13, 5, 80).
cost(13, 6, 79).
cost(13, 7, 11).
cost(13, 8, 69).
cost(13, 9, 69).
cost(13, 10, 35).
cost(13, 11, 58).
cost(13, 12, 79).
cost(13, 14, 58).
cost(13, 15, 74).
cost(13, 16, 78).
cost(13, 17, 83).
cost(13, 18, 72).
cost(13, 19, 99).
cost(13, 20, 58).
cost(13, 21, 77).
cost(13, 22, 66).
cost(13, 23, 77).
cost(13, 24, 84).
cost(13, 25, 2).
cost(14, 1, 17).
cost(14, 2, 54).
cost(14, 3, 9).
cost(14, 4, 59).
cost(14, 5, 29).
cost(14, 6, 78).
cost(14, 7, 69).
cost(14, 8, 12).
cost(14, 9, 12).
cost(14, 10, 57).
cost(14, 11, 60).
cost(14, 12, 55).
cost(14, 13, 58).
cost(14, 15, 54).
cost(14, 16, 81).
cost(14, 17, 36).
cost(14, 18, 34).
cost(14, 19, 73).
cost(14, 20, 71).
cost(14, 21, 20).
cost(14, 22, 10).
cost(14, 23, 56).
cost(14, 24, 68).
cost(14, 25, 59).
cost(15, 1, 39).
cost(15, 2, 76).
cost(15, 3, 54).
cost(15, 4, 73).
cost(15, 5, 40).
cost(15, 6, 28).
cost(15, 7, 82).
cost(15, 8, 53).
cost(15, 9, 62).
cost(15, 10, 45).
cost(15, 11, 24).
cost(15, 12, 6).
cost(15, 13, 74).
cost(15, 14, 54).
cost(15, 16, 33).
cost(15, 17, 35).
cost(15, 18, 25).
cost(15, 19, 24).
cost(15, 20, 36).
cost(15, 21, 55).
cost(15, 22, 61).
cost(15, 23, 3).
cost(15, 24, 14).
cost(15, 25, 74).
cost(16, 1, 69).
cost(16, 2, 83).
cost(16, 3, 78).
cost(16, 4, 76).
cost(16, 5, 73).
cost(16, 6, 6).
cost(16, 7, 82).
cost(16, 8, 83).
cost(16, 9, 91).
cost(16, 10, 44).
cost(16, 11, 23).
cost(16, 12, 37).
cost(16, 13, 78).
cost(16, 14, 81).
cost(16, 15, 33).
cost(16, 17, 68).
cost(16, 18, 57).
cost(16, 19, 42).
cost(16, 20, 21).
cost(16, 21, 86).
cost(16, 22, 89).
cost(16, 23, 35).
cost(16, 24, 26).
cost(16, 25, 77).
cost(17, 1, 20).
cost(17, 2, 82).
cost(17, 3, 41).
cost(17, 4, 83).
cost(17, 5, 8).
cost(17, 6, 63).
cost(17, 7, 93).
cost(17, 8, 28).
cost(17, 9, 37).
cost(17, 10, 66).
cost(17, 11, 54).
cost(17, 12, 32).
cost(17, 13, 83).
cost(17, 14, 36).
cost(17, 15, 35).
cost(17, 16, 68).
cost(17, 18, 13).
cost(17, 19, 43).
cost(17, 20, 67).
cost(17, 21, 25).
cost(17, 22, 38).
cost(17, 23, 34).
cost(17, 24, 46).
cost(17, 25, 83).
cost(18, 1, 16).
cost(18, 2, 72).
cost(18, 3, 36).
cost(18, 4, 72).
cost(18, 5, 16).
cost(18, 6, 52).
cost(18, 7, 82).
cost(18, 8, 29).
cost(18, 9, 39).
cost(18, 10, 53).
cost(18, 11, 41).
cost(18, 12, 24).
cost(18, 13, 72).
cost(18, 14, 34).
cost(18, 15, 25).
cost(18, 16, 57).
cost(18, 17, 13).
cost(18, 19, 40).
cost(18, 20, 55).
cost(18, 21, 30).
cost(18, 22, 38).
cost(18, 23, 25).
cost(18, 24, 38).
cost(18, 25, 72).
cost(19, 1, 56).
cost(19, 2, 100).
cost(19, 3, 74).
cost(19, 4, 97).
cost(19, 5, 51).
cost(19, 6, 36).
cost(19, 7, 106).
cost(19, 8, 68).
cost(19, 9, 78).
cost(19, 10, 68).
cost(19, 11, 45).
cost(19, 12, 20).
cost(19, 13, 99).
cost(19, 14, 73).
cost(19, 15, 24).
cost(19, 16, 42).
cost(19, 17, 43).
cost(19, 18, 40).
cost(19, 20, 55).
cost(19, 21, 67).
cost(19, 22, 78).
cost(19, 23, 21).
cost(19, 24, 18).
cost(19, 25, 98).
cost(20, 1, 62).
cost(20, 2, 63).
cost(20, 3, 65).
cost(20, 4, 55).
cost(20, 5, 70).
cost(20, 6, 24).
cost(20, 7, 61).
cost(20, 8, 75).
cost(20, 9, 82).
cost(20, 10, 23).
cost(20, 11, 13).
cost(20, 12, 42).
cost(20, 13, 58).
cost(20, 14, 71).
cost(20, 15, 36).
cost(20, 16, 21).
cost(20, 17, 67).
cost(20, 18, 55).
cost(20, 19, 55).
cost(20, 21, 80).
cost(20, 22, 80).
cost(20, 23, 39).
cost(20, 24, 37).
cost(20, 25, 57).
cost(21, 1, 18).
cost(21, 2, 74).
cost(21, 3, 28).
cost(21, 4, 78).
cost(21, 5, 17).
cost(21, 6, 82).
cost(21, 7, 88).
cost(21, 8, 8).
cost(21, 9, 14).
cost(21, 10, 71).
cost(21, 11, 67).
cost(21, 12, 53).
cost(21, 13, 77).
cost(21, 14, 20).
cost(21, 15, 55).
cost(21, 16, 86).
cost(21, 17, 25).
cost(21, 18, 30).
cost(21, 19, 67).
cost(21, 20, 80).
cost(21, 22, 16).
cost(21, 23, 55).
cost(21, 24, 67).
cost(21, 25, 78).
cost(22, 1, 22).
cost(22, 2, 62).
cost(22, 3, 18).
cost(22, 4, 68).
cost(22, 5, 30).
cost(22, 6, 86).
cost(22, 7, 77).
cost(22, 8, 10).
cost(22, 9, 3).
cost(22, 10, 66).
cost(22, 11, 69).
cost(22, 12, 61).
cost(22, 13, 66).
cost(22, 14, 10).
cost(22, 15, 61).
cost(22, 16, 89).
cost(22, 17, 38).
cost(22, 18, 38).
cost(22, 19, 78).
cost(22, 20, 80).
cost(22, 21, 16).
cost(22, 23, 62).
cost(22, 24, 75).
cost(22, 25, 67).
cost(23, 1, 40).
cost(23, 2, 79).
cost(23, 3, 55).
cost(23, 4, 76).
cost(23, 5, 40).
cost(23, 6, 29).
cost(23, 7, 85).
cost(23, 8, 54).
cost(23, 9, 63).
cost(23, 10, 48).
cost(23, 11, 27).
cost(23, 12, 3).
cost(23, 13, 77).
cost(23, 14, 56).
cost(23, 15, 3).
cost(23, 16, 35).
cost(23, 17, 34).
cost(23, 18, 25).
cost(23, 19, 21).
cost(23, 20, 39).
cost(23, 21, 55).
cost(23, 22, 62).
cost(23, 24, 13).
cost(23, 25, 77).
cost(24, 1, 52).
cost(24, 2, 87).
cost(24, 3, 67).
cost(24, 4, 82).
cost(24, 5, 52).
cost(24, 6, 20).
cost(24, 7, 91).
cost(24, 8, 66).
cost(24, 9, 76).
cost(24, 10, 52).
cost(24, 11, 28).
cost(24, 12, 14).
cost(24, 13, 84).
cost(24, 14, 68).
cost(24, 15, 14).
cost(24, 16, 26).
cost(24, 17, 46).
cost(24, 18, 38).
cost(24, 19, 18).
cost(24, 20, 37).
cost(24, 21, 67).
cost(24, 22, 75).
cost(24, 23, 13).
cost(24, 25, 83).
cost(25, 1, 65).
cost(25, 2, 9).
cost(25, 3, 50).
cost(25, 4, 2).
cost(25, 5, 80).
cost(25, 6, 78).
cost(25, 7, 10).
cost(25, 8, 70).
cost(25, 9, 70).
cost(25, 10, 34).
cost(25, 11, 57).
cost(25, 12, 79).
cost(25, 13, 2).
cost(25, 14, 59).
cost(25, 15, 74).
cost(25, 16, 77).
cost(25, 17, 83).
cost(25, 18, 72).
cost(25, 19, 98).
cost(25, 20, 57).
cost(25, 21, 78).
cost(25, 22, 67).
cost(25, 23, 77).
cost(25, 24, 83).
nocross(1,2).
nocross(1,3).
nocross(1,5).
nocross(1,8).
nocross(1,9).
nocross(1,11).
nocross(1,12).
nocross(1,13).
nocross(1,14).
nocross(1,15).
nocross(1,17).
nocross(1,18).
nocross(1,21).
nocross(1,22).
nocross(1,23).
nocross(2,3).
nocross(2,4).
nocross(2,7).
nocross(2,10).
nocross(2,13).
nocross(2,14).
nocross(2,25).
nocross(3,1).
nocross(3,2).
nocross(3,4).
nocross(3,8).
nocross(3,9).
nocross(3,13).
nocross(3,14).
nocross(3,15).
nocross(3,18).
nocross(3,22).
nocross(3,23).
nocross(3,25).
nocross(4,2).
nocross(4,3).
nocross(4,7).
nocross(4,10).
nocross(4,13).
nocross(4,25).
nocross(5,1).
nocross(5,8).
nocross(5,9).
nocross(5,12).
nocross(5,14).
nocross(5,15).
nocross(5,17).
nocross(5,18).
nocross(5,21).
nocross(5,22).
nocross(5,23).
nocross(6,11).
nocross(6,12).
nocross(6,15).
nocross(6,16).
nocross(6,19).
nocross(6,20).
nocross(6,23).
nocross(6,24).
nocross(7,2).
nocross(7,4).
nocross(7,10).
nocross(7,13).
nocross(7,25).
nocross(8,1).
nocross(8,3).
nocross(8,5).
nocross(8,9).
nocross(8,12).
nocross(8,14).
nocross(8,15).
nocross(8,17).
nocross(8,18).
nocross(8,21).
nocross(8,22).
nocross(8,23).
nocross(9,1).
nocross(9,3).
nocross(9,5).
nocross(9,8).
nocross(9,14).
nocross(9,17).
nocross(9,18).
nocross(9,21).
nocross(9,22).
nocross(10,3).
nocross(10,4).
nocross(10,6).
nocross(10,7).
nocross(10,11).
nocross(10,12).
nocross(10,13).
nocross(10,15).
nocross(10,16).
nocross(10,20).
nocross(10,22).
nocross(10,23).
nocross(10,25).
nocross(11,3).
nocross(11,4).
nocross(11,6).
nocross(11,10).
nocross(11,12).
nocross(11,13).
nocross(11,15).
nocross(11,16).
nocross(11,18).
nocross(11,20).
nocross(11,23).
nocross(11,24).
nocross(11,25).
nocross(12,1).
nocross(12,5).
nocross(12,6).
nocross(12,11).
nocross(12,15).
nocross(12,16).
nocross(12,17).
nocross(12,18).
nocross(12,19).
nocross(12,21).
nocross(12,23).
nocross(12,24).
nocross(13,2).
nocross(13,3).
nocross(13,4).
nocross(13,7).
nocross(13,10).
nocross(13,25).
nocross(14,1).
nocross(14,2).
nocross(14,3).
nocross(14,5).
nocross(14,8).
nocross(14,9).
nocross(14,13).
nocross(14,15).
nocross(14,18).
nocross(14,21).
nocross(14,22).
nocross(14,25).
nocross(15,1).
nocross(15,3).
nocross(15,5).
nocross(15,6).
nocross(15,11).
nocross(15,12).
nocross(15,16).
nocross(15,17).
nocross(15,18).
nocross(15,19).
nocross(15,20).
nocross(15,23).
nocross(15,24).
nocross(16,6).
nocross(16,11).
nocross(16,12).
nocross(16,15).
nocross(16,20).
nocross(16,23).
nocross(16,24).
nocross(17,1).
nocross(17,5).
nocross(17,8).
nocross(17,12).
nocross(17,15).
nocross(17,18).
nocross(17,19).
nocross(17,21).
nocross(17,23).
nocross(17,24).
nocross(18,1).
nocross(18,3).
nocross(18,5).
nocross(18,6).
nocross(18,8).
nocross(18,11).
nocross(18,12).
nocross(18,14).
nocross(18,15).
nocross(18,17).
nocross(18,19).
nocross(18,21).
nocross(18,22).
nocross(18,23).
nocross(18,24).
nocross(19,5).
nocross(19,6).
nocross(19,11).
nocross(19,12).
nocross(19,15).
nocross(19,16).
nocross(19,17).
nocross(19,18).
nocross(19,21).
nocross(19,23).
nocross(19,24).
nocross(20,4).
nocross(20,6).
nocross(20,10).
nocross(20,11).
nocross(20,12).
nocross(20,13).
nocross(20,15).
nocross(20,16).
nocross(20,23).
nocross(20,24).
nocross(20,25).
nocross(21,1).
nocross(21,5).
nocross(21,8).
nocross(21,9).
nocross(21,12).
nocross(21,14).
nocross(21,17).
nocross(21,18).
nocross(21,22).
nocross(21,23).
nocross(22,1).
nocross(22,3).
nocross(22,5).
nocross(22,8).
nocross(22,9).
nocross(22,14).
nocross(22,18).
nocross(22,21).
nocross(23,1).
nocross(23,5).
nocross(23,6).
nocross(23,11).
nocross(23,12).
nocross(23,15).
nocross(23,16).
nocross(23,17).
nocross(23,18).
nocross(23,19).
nocross(23,24).
nocross(24,5).
nocross(24,6).
nocross(24,11).
nocross(24,12).
nocross(24,15).
nocross(24,16).
nocross(24,17).
nocross(24,18).
nocross(24,19).
nocross(24,20).
nocross(24,23).
nocross(25,2).
nocross(25,3).
nocross(25,4).
nocross(25,7).
nocross(25,10).
nocross(25,13).
