dimension(25).
point(1, 66.6435675462, 4.2948904302).
point(2, 43.8655187077, 66.001668486).
point(3, 7.0242136509, 46.5417973535).
point(4, 29.1335808911, 87.0964850533).
point(5, 15.3327921618, 33.3965950949).
point(6, 79.7869882034, 79.8869418505).
point(7, 36.4464902917, 17.7234499624).
point(8, 79.7981194889, 21.6585191714).
point(9, 21.7399889425, 15.2010338199).
point(10, 42.9515757427, 25.5418898091).
point(11, 35.1374159279, 79.1474949928).
point(12, 14.6344682036, 46.9286364477).
point(13, 76.8458547953, 85.5679269406).
point(14, 28.7305407894, 77.3293590571).
point(15, 52.5668658455, 39.663241213).
point(16, 5.1183854008, 64.955639547).
point(17, 57.687433271, 37.2720342755).
point(18, 1.371235445, 64.9903283529).
point(19, 81.603163159, 38.5843196778).
point(20, 45.320171121, 83.3538082147).
point(21, 63.2590903255, 30.8756117969).
point(22, 30.6846199321, 4.4177053853).
point(23, 93.7906483279, 85.562809754).
point(24, 86.2824960334, 91.0815292614).
point(25, 92.5288494155, 94.5038766112).
cost(1, 2, 66).
cost(1, 3, 73).
cost(1, 4, 91).
cost(1, 5, 59).
cost(1, 6, 77).
cost(1, 7, 33).
cost(1, 8, 22).
cost(1, 9, 46).
cost(1, 10, 32).
cost(1, 11, 81).
cost(1, 12, 67).
cost(1, 13, 82).
cost(1, 14, 82).
cost(1, 15, 38).
cost(1, 16, 86).
cost(1, 17, 34).
cost(1, 18, 89).
cost(1, 19, 37).
cost(1, 20, 82).
cost(1, 21, 27).
cost(1, 22, 36).
cost(1, 23, 86).
cost(1, 24, 89).
cost(1, 25, 94).
cost(2, 1, 66).
cost(2, 3, 42).
cost(2, 4, 26).
cost(2, 5, 43).
cost(2, 6, 39).
cost(2, 7, 49).
cost(2, 8, 57).
cost(2, 9, 55).
cost(2, 10, 40).
cost(2, 11, 16).
cost(2, 12, 35).
cost(2, 13, 38).
cost(2, 14, 19).
cost(2, 15, 28).
cost(2, 16, 39).
cost(2, 17, 32).
cost(2, 18, 43).
cost(2, 19, 47).
cost(2, 20, 17).
cost(2, 21, 40).
cost(2, 22, 63).
cost(2, 23, 54).
cost(2, 24, 49).
cost(2, 25, 56).
cost(3, 1, 73).
cost(3, 2, 42).
cost(3, 4, 46).
cost(3, 5, 16).
cost(3, 6, 80).
cost(3, 7, 41).
cost(3, 8, 77).
cost(3, 9, 35).
cost(3, 10, 42).
cost(3, 11, 43).
cost(3, 12, 8).
cost(3, 13, 80).
cost(3, 14, 38).
cost(3, 15, 46).
cost(3, 16, 19).
cost(3, 17, 52).
cost(3, 18, 19).
cost(3, 19, 75).
cost(3, 20, 53).
cost(3, 21, 58).
cost(3, 22, 48).
cost(3, 23, 95).
cost(3, 24, 91).
cost(3, 25, 98).
cost(4, 1, 91).
cost(4, 2, 26).
cost(4, 3, 46).
cost(4, 5, 55).
cost(4, 6, 51).
cost(4, 7, 70).
cost(4, 8, 83).
cost(4, 9, 72).
cost(4, 10, 63).
cost(4, 11, 10).
cost(4, 12, 43).
cost(4, 13, 48).
cost(4, 14, 10).
cost(4, 15, 53).
cost(4, 16, 33).
cost(4, 17, 57).
cost(4, 18, 35).
cost(4, 19, 71).
cost(4, 20, 17).
cost(4, 21, 66).
cost(4, 22, 83).
cost(4, 23, 65).
cost(4, 24, 57).
cost(4, 25, 64).
cost(5, 1, 59).
cost(5, 2, 43).
cost(5, 3, 16).
cost(5, 4, 55).
cost(5, 6, 79).
cost(5, 7, 26).
cost(5, 8, 66).
cost(5, 9, 19).
cost(5, 10, 29).
cost(5, 11, 50).
cost(5, 12, 14).
cost(5, 13, 81).
cost(5, 14, 46).
cost(5, 15, 38).
cost(5, 16, 33).
cost(5, 17, 43).
cost(5, 18, 35).
cost(5, 19, 66).
cost(5, 20, 58).
cost(5, 21, 48).
cost(5, 22, 33).
cost(5, 23, 94).
cost(5, 24, 91).
cost(5, 25, 98).
cost(6, 1, 77).
cost(6, 2, 39).
cost(6, 3, 80).
cost(6, 4, 51).
cost(6, 5, 79).
cost(6, 7, 76).
cost(6, 8, 58).
cost(6, 9, 87).
cost(6, 10, 66).
cost(6, 11, 45).
cost(6, 12, 73).
cost(6, 13, 6).
cost(6, 14, 51).
cost(6, 15, 49).
cost(6, 16, 76).
cost(6, 17, 48).
cost(6, 18, 80).
cost(6, 19, 41).
cost(6, 20, 35).
cost(6, 21, 52).
cost(6, 22, 90).
cost(6, 23, 15).
cost(6, 24, 13).
cost(6, 25, 19).
cost(7, 1, 33).
cost(7, 2, 49).
cost(7, 3, 41).
cost(7, 4, 70).
cost(7, 5, 26).
cost(7, 6, 76).
cost(7, 8, 44).
cost(7, 9, 15).
cost(7, 10, 10).
cost(7, 11, 61).
cost(7, 12, 36).
cost(7, 13, 79).
cost(7, 14, 60).
cost(7, 15, 27).
cost(7, 16, 57).
cost(7, 17, 29).
cost(7, 18, 59).
cost(7, 19, 50).
cost(7, 20, 66).
cost(7, 21, 30).
cost(7, 22, 14).
cost(7, 23, 89).
cost(7, 24, 89).
cost(7, 25, 95).
cost(8, 1, 22).
cost(8, 2, 57).
cost(8, 3, 77).
cost(8, 4, 83).
cost(8, 5, 66).
cost(8, 6, 58).
cost(8, 7, 44).
cost(8, 9, 58).
cost(8, 10, 37).
cost(8, 11, 73).
cost(8, 12, 70).
cost(8, 13, 64).
cost(8, 14, 76).
cost(8, 15, 33).
cost(8, 16, 86).
cost(8, 17, 27).
cost(8, 18, 90).
cost(8, 19, 17).
cost(8, 20, 71).
cost(8, 21, 19).
cost(8, 22, 52).
cost(8, 23, 65).
cost(8, 24, 70).
cost(8, 25, 74).
cost(9, 1, 46).
cost(9, 2, 55).
cost(9, 3, 35).
cost(9, 4, 72).
cost(9, 5, 19).
cost(9, 6, 87).
cost(9, 7, 15).
cost(9, 8, 58).
cost(9, 10, 24).
cost(9, 11, 65).
cost(9, 12, 33).
cost(9, 13, 89).
cost(9, 14, 63).
cost(9, 15, 39).
cost(9, 16, 52).
cost(9, 17, 42).
cost(9, 18, 54).
cost(9, 19, 64).
cost(9, 20, 72).
cost(9, 21, 44).
cost(9, 22, 14).
cost(9, 23, 101).
cost(9, 24, 100).
cost(9, 25, 106).
cost(10, 1, 32).
cost(10, 2, 40).
cost(10, 3, 42).
cost(10, 4, 63).
cost(10, 5, 29).
cost(10, 6, 66).
cost(10, 7, 10).
cost(10, 8, 37).
cost(10, 9, 24).
cost(10, 11, 54).
cost(10, 12, 35).
cost(10, 13, 69).
cost(10, 14, 54).
cost(10, 15, 17).
cost(10, 16, 55).
cost(10, 17, 19).
cost(10, 18, 57).
cost(10, 19, 41).
cost(10, 20, 58).
cost(10, 21, 21).
cost(10, 22, 24).
cost(10, 23, 79).
cost(10, 24, 79).
cost(10, 25, 85).
cost(11, 1, 81).
cost(11, 2, 16).
cost(11, 3, 43).
cost(11, 4, 10).
cost(11, 5, 50).
cost(11, 6, 45).
cost(11, 7, 61).
cost(11, 8, 73).
cost(11, 9, 65).
cost(11, 10, 54).
cost(11, 12, 38).
cost(11, 13, 42).
cost(11, 14, 7).
cost(11, 15, 43).
cost(11, 16, 33).
cost(11, 17, 48).
cost(11, 18, 37).
cost(11, 19, 62).
cost(11, 20, 11).
cost(11, 21, 56).
cost(11, 22, 75).
cost(11, 23, 59).
cost(11, 24, 53).
cost(11, 25, 59).
cost(12, 1, 67).
cost(12, 2, 35).
cost(12, 3, 8).
cost(12, 4, 43).
cost(12, 5, 14).
cost(12, 6, 73).
cost(12, 7, 36).
cost(12, 8, 70).
cost(12, 9, 33).
cost(12, 10, 35).
cost(12, 11, 38).
cost(12, 13, 73).
cost(12, 14, 34).
cost(12, 15, 39).
cost(12, 16, 20).
cost(12, 17, 44).
cost(12, 18, 22).
cost(12, 19, 67).
cost(12, 20, 48).
cost(12, 21, 51).
cost(12, 22, 45).
cost(12, 23, 88).
cost(12, 24, 84).
cost(12, 25, 91).
cost(13, 1, 82).
cost(13, 2, 38).
cost(13, 3, 80).
cost(13, 4, 48).
cost(13, 5, 81).
cost(13, 6, 6).
cost(13, 7, 79).
cost(13, 8, 64).
cost(13, 9, 89).
cost(13, 10, 69).
cost(13, 11, 42).
cost(13, 12, 73).
cost(13, 14, 49).
cost(13, 15, 52).
cost(13, 16, 75).
cost(13, 17, 52).
cost(13, 18, 78).
cost(13, 19, 47).
cost(13, 20, 32).
cost(13, 21, 56).
cost(13, 22, 93).
cost(13, 23, 17).
cost(13, 24, 11).
cost(13, 25, 18).
cost(14, 1, 82).
cost(14, 2, 19).
cost(14, 3, 38).
cost(14, 4, 10).
cost(14, 5, 46).
cost(14, 6, 51).
cost(14, 7, 60).
cost(14, 8, 76).
cost(14, 9, 63).
cost(14, 10, 54).
cost(14, 11, 7).
cost(14, 12, 34).
cost(14, 13, 49).
cost(14, 15, 45).
cost(14, 16, 27).
cost(14, 17, 49).
cost(14, 18, 30).
cost(14, 19, 66).
cost(14, 20, 18).
cost(14, 21, 58).
cost(14, 22, 73).
cost(14, 23, 66).
cost(14, 24, 59).
cost(14, 25, 66).
cost(15, 1, 38).
cost(15, 2, 28).
cost(15, 3, 46).
cost(15, 4, 53).
cost(15, 5, 38).
cost(15, 6, 49).
cost(15, 7, 27).
cost(15, 8, 33).
cost(15, 9, 39).
cost(15, 10, 17).
cost(15, 11, 43).
cost(15, 12, 39).
cost(15, 13, 52).
cost(15, 14, 45).
cost(15, 16, 54).
cost(15, 17, 6).
cost(15, 18, 57).
cost(15, 19, 29).
cost(15, 20, 44).
cost(15, 21, 14).
cost(15, 22, 41).
cost(15, 23, 62).
cost(15, 24, 61).
cost(15, 25, 68).
cost(16, 1, 86).
cost(16, 2, 39).
cost(16, 3, 19).
cost(16, 4, 33).
cost(16, 5, 33).
cost(16, 6, 76).
cost(16, 7, 57).
cost(16, 8, 86).
cost(16, 9, 52).
cost(16, 10, 55).
cost(16, 11, 33).
cost(16, 12, 20).
cost(16, 13, 75).
cost(16, 14, 27).
cost(16, 15, 54).
cost(16, 17, 59).
cost(16, 18, 4).
cost(16, 19, 81).
cost(16, 20, 44).
cost(16, 21, 67).
cost(16, 22, 66).
cost(16, 23, 91).
cost(16, 24, 85).
cost(16, 25, 92).
cost(17, 1, 34).
cost(17, 2, 32).
cost(17, 3, 52).
cost(17, 4, 57).
cost(17, 5, 43).
cost(17, 6, 48).
cost(17, 7, 29).
cost(17, 8, 27).
cost(17, 9, 42).
cost(17, 10, 19).
cost(17, 11, 48).
cost(17, 12, 44).
cost(17, 13, 52).
cost(17, 14, 49).
cost(17, 15, 6).
cost(17, 16, 59).
cost(17, 18, 63).
cost(17, 19, 24).
cost(17, 20, 48).
cost(17, 21, 8).
cost(17, 22, 43).
cost(17, 23, 60).
cost(17, 24, 61).
cost(17, 25, 67).
cost(18, 1, 89).
cost(18, 2, 43).
cost(18, 3, 19).
cost(18, 4, 35).
cost(18, 5, 35).
cost(18, 6, 80).
cost(18, 7, 59).
cost(18, 8, 90).
cost(18, 9, 54).
cost(18, 10, 57).
cost(18, 11, 37).
cost(18, 12, 22).
cost(18, 13, 78).
cost(18, 14, 30).
cost(18, 15, 57).
cost(18, 16, 4).
cost(18, 17, 63).
cost(18, 19, 84).
cost(18, 20, 48).
cost(18, 21, 71).
cost(18, 22, 67).
cost(18, 23, 95).
cost(18, 24, 89).
cost(18, 25, 96).
cost(19, 1, 37).
cost(19, 2, 47).
cost(19, 3, 75).
cost(19, 4, 71).
cost(19, 5, 66).
cost(19, 6, 41).
cost(19, 7, 50).
cost(19, 8, 17).
cost(19, 9, 64).
cost(19, 10, 41).
cost(19, 11, 62).
cost(19, 12, 67).
cost(19, 13, 47).
cost(19, 14, 66).
cost(19, 15, 29).
cost(19, 16, 81).
cost(19, 17, 24).
cost(19, 18, 84).
cost(19, 20, 58).
cost(19, 21, 20).
cost(19, 22, 61).
cost(19, 23, 49).
cost(19, 24, 53).
cost(19, 25, 57).
cost(20, 1, 82).
cost(20, 2, 17).
cost(20, 3, 53).
cost(20, 4, 17).
cost(20, 5, 58).
cost(20, 6, 35).
cost(20, 7, 66).
cost(20, 8, 71).
cost(20, 9, 72).
cost(20, 10, 58).
cost(20, 11, 11).
cost(20, 12, 48).
cost(20, 13, 32).
cost(20, 14, 18).
cost(20, 15, 44).
cost(20, 16, 44).
cost(20, 17, 48).
cost(20, 18, 48).
cost(20, 19, 58).
cost(20, 21, 55).
cost(20, 22, 80).
cost(20, 23, 49).
cost(20, 24, 42).
cost(20, 25, 49).
cost(21, 1, 27).
cost(21, 2, 40).
cost(21, 3, 58).
cost(21, 4, 66).
cost(21, 5, 48).
cost(21, 6, 52).
cost(21, 7, 30).
cost(21, 8, 19).
cost(21, 9, 44).
cost(21, 10, 21).
cost(21, 11, 56).
cost(21, 12, 51).
cost(21, 13, 56).
cost(21, 14, 58).
cost(21, 15, 14).
cost(21, 16, 67).
cost(21, 17, 8).
cost(21, 18, 71).
cost(21, 19, 20).
cost(21, 20, 55).
cost(21, 22, 42).
cost(21, 23, 63).
cost(21, 24, 64).
cost(21, 25, 70).
cost(22, 1, 36).
cost(22, 2, 63).
cost(22, 3, 48).
cost(22, 4, 83).
cost(22, 5, 33).
cost(22, 6, 90).
cost(22, 7, 14).
cost(22, 8, 52).
cost(22, 9, 14).
cost(22, 10, 24).
cost(22, 11, 75).
cost(22, 12, 45).
cost(22, 13, 93).
cost(22, 14, 73).
cost(22, 15, 41).
cost(22, 16, 66).
cost(22, 17, 43).
cost(22, 18, 67).
cost(22, 19, 61).
cost(22, 20, 80).
cost(22, 21, 42).
cost(22, 23, 103).
cost(22, 24, 103).
cost(22, 25, 109).
cost(23, 1, 86).
cost(23, 2, 54).
cost(23, 3, 95).
cost(23, 4, 65).
cost(23, 5, 94).
cost(23, 6, 15).
cost(23, 7, 89).
cost(23, 8, 65).
cost(23, 9, 101).
cost(23, 10, 79).
cost(23, 11, 59).
cost(23, 12, 88).
cost(23, 13, 17).
cost(23, 14, 66).
cost(23, 15, 62).
cost(23, 16, 91).
cost(23, 17, 60).
cost(23, 18, 95).
cost(23, 19, 49).
cost(23, 20, 49).
cost(23, 21, 63).
cost(23, 22, 103).
cost(23, 24, 9).
cost(23, 25, 9).
cost(24, 1, 89).
cost(24, 2, 49).
cost(24, 3, 91).
cost(24, 4, 57).
cost(24, 5, 91).
cost(24, 6, 13).
cost(24, 7, 89).
cost(24, 8, 70).
cost(24, 9, 100).
cost(24, 10, 79).
cost(24, 11, 53).
cost(24, 12, 84).
cost(24, 13, 11).
cost(24, 14, 59).
cost(24, 15, 61).
cost(24, 16, 85).
cost(24, 17, 61).
cost(24, 18, 89).
cost(24, 19, 53).
cost(24, 20, 42).
cost(24, 21, 64).
cost(24, 22, 103).
cost(24, 23, 9).
cost(24, 25, 7).
cost(25, 1, 94).
cost(25, 2, 56).
cost(25, 3, 98).
cost(25, 4, 64).
cost(25, 5, 98).
cost(25, 6, 19).
cost(25, 7, 95).
cost(25, 8, 74).
cost(25, 9, 106).
cost(25, 10, 85).
cost(25, 11, 59).
cost(25, 12, 91).
cost(25, 13, 18).
cost(25, 14, 66).
cost(25, 15, 68).
cost(25, 16, 92).
cost(25, 17, 67).
cost(25, 18, 96).
cost(25, 19, 57).
cost(25, 20, 49).
cost(25, 21, 70).
cost(25, 22, 109).
cost(25, 23, 9).
cost(25, 24, 7).
nocross(1,7).
nocross(1,8).
nocross(1,9).
nocross(1,10).
nocross(1,15).
nocross(1,17).
nocross(1,19).
nocross(1,21).
nocross(1,22).
nocross(2,3).
nocross(2,5).
nocross(2,6).
nocross(2,10).
nocross(2,11).
nocross(2,12).
nocross(2,13).
nocross(2,14).
nocross(2,15).
nocross(2,16).
nocross(2,17).
nocross(2,20).
nocross(2,21).
nocross(2,24).
nocross(2,25).
nocross(3,2).
nocross(3,5).
nocross(3,7).
nocross(3,9).
nocross(3,10).
nocross(3,11).
nocross(3,12).
nocross(3,14).
nocross(3,15).
nocross(3,16).
nocross(3,18).
nocross(4,2).
nocross(4,6).
nocross(4,11).
nocross(4,13).
nocross(4,14).
nocross(4,16).
nocross(4,18).
nocross(4,20).
nocross(4,25).
nocross(5,2).
nocross(5,3).
nocross(5,7).
nocross(5,9).
nocross(5,10).
nocross(5,12).
nocross(5,14).
nocross(5,15).
nocross(5,16).
nocross(5,17).
nocross(5,18).
nocross(5,21).
nocross(5,22).
nocross(6,2).
nocross(6,11).
nocross(6,13).
nocross(6,15).
nocross(6,17).
nocross(6,19).
nocross(6,20).
nocross(6,23).
nocross(6,24).
nocross(7,1).
nocross(7,3).
nocross(7,5).
nocross(7,9).
nocross(7,10).
nocross(7,12).
nocross(7,15).
nocross(7,17).
nocross(7,21).
nocross(7,22).
nocross(8,1).
nocross(8,6).
nocross(8,7).
nocross(8,10).
nocross(8,15).
nocross(8,17).
nocross(8,19).
nocross(8,21).
nocross(8,23).
nocross(8,25).
nocross(9,1).
nocross(9,3).
nocross(9,5).
nocross(9,7).
nocross(9,10).
nocross(9,12).
nocross(9,15).
nocross(9,17).
nocross(9,18).
nocross(9,21).
nocross(9,22).
nocross(10,1).
nocross(10,2).
nocross(10,3).
nocross(10,5).
nocross(10,7).
nocross(10,9).
nocross(10,12).
nocross(10,15).
nocross(10,17).
nocross(10,19).
nocross(10,21).
nocross(10,22).
nocross(11,2).
nocross(11,4).
nocross(11,6).
nocross(11,12).
nocross(11,13).
nocross(11,14).
nocross(11,15).
nocross(11,16).
nocross(11,17).
nocross(11,20).
nocross(11,24).
nocross(12,2).
nocross(12,3).
nocross(12,5).
nocross(12,7).
nocross(12,9).
nocross(12,10).
nocross(12,11).
nocross(12,14).
nocross(12,15).
nocross(12,16).
nocross(12,17).
nocross(12,18).
nocross(13,2).
nocross(13,4).
nocross(13,6).
nocross(13,11).
nocross(13,14).
nocross(13,15).
nocross(13,19).
nocross(13,20).
nocross(13,24).
nocross(13,25).
nocross(14,2).
nocross(14,4).
nocross(14,11).
nocross(14,12).
nocross(14,15).
nocross(14,16).
nocross(14,18).
nocross(14,20).
nocross(15,1).
nocross(15,2).
nocross(15,3).
nocross(15,5).
nocross(15,6).
nocross(15,7).
nocross(15,10).
nocross(15,11).
nocross(15,12).
nocross(15,17).
nocross(15,19).
nocross(15,21).
nocross(15,22).
nocross(16,2).
nocross(16,3).
nocross(16,4).
nocross(16,5).
nocross(16,11).
nocross(16,12).
nocross(16,14).
nocross(16,18).
nocross(17,1).
nocross(17,2).
nocross(17,6).
nocross(17,7).
nocross(17,8).
nocross(17,10).
nocross(17,15).
nocross(17,19).
nocross(17,21).
nocross(17,22).
nocross(17,23).
nocross(18,3).
nocross(18,4).
nocross(18,5).
nocross(18,11).
nocross(18,12).
nocross(18,14).
nocross(18,16).
nocross(19,1).
nocross(19,2).
nocross(19,6).
nocross(19,8).
nocross(19,10).
nocross(19,13).
nocross(19,15).
nocross(19,17).
nocross(19,21).
nocross(19,23).
nocross(19,24).
nocross(19,25).
nocross(20,2).
nocross(20,4).
nocross(20,6).
nocross(20,11).
nocross(20,13).
nocross(20,14).
nocross(20,15).
nocross(20,16).
nocross(20,17).
nocross(20,24).
nocross(20,25).
nocross(21,1).
nocross(21,2).
nocross(21,6).
nocross(21,7).
nocross(21,8).
nocross(21,10).
nocross(21,15).
nocross(21,17).
nocross(21,19).
nocross(21,22).
nocross(21,23).
nocross(22,1).
nocross(22,3).
nocross(22,5).
nocross(22,7).
nocross(22,9).
nocross(22,10).
nocross(22,12).
nocross(22,15).
nocross(22,17).
nocross(22,21).
nocross(23,6).
nocross(23,13).
nocross(23,19).
nocross(23,24).
nocross(23,25).
nocross(24,4).
nocross(24,6).
nocross(24,11).
nocross(24,13).
nocross(24,14).
nocross(24,20).
nocross(24,23).
nocross(24,25).
nocross(25,4).
nocross(25,6).
nocross(25,13).
nocross(25,20).
nocross(25,23).
nocross(25,24).
