dimension(25).
point(1, 72.4647833789, 98.5751508566).
point(2, 13.0209807857, 9.5988775891).
point(3, 83.0187361687, 73.0440543761).
point(4, 57.4920163108, 58.6486791809).
point(5, 37.2850765554, 73.7185705991).
point(6, 75.5195556556, 13.4115422426).
point(7, 30.4657669273, 62.1178419769).
point(8, 96.0079389124, 95.3643955575).
point(9, 82.3836896146, 9.5710814457).
point(10, 73.3797075275, 27.6759486555).
point(11, 27.7801934259, 26.2031689201).
point(12, 22.8733358514, 76.7476247276).
point(13, 63.8366248467, 96.6171632934).
point(14, 49.3324454315, 51.224013276).
point(15, 8.5265958236, 53.700176866).
point(16, 94.2312128291, 91.2102783506).
point(17, 0.9519082654, 26.0892922015).
point(18, 30.4821720365, 48.5473200297).
point(19, 36.1573056134, 78.0905771639).
point(20, 47.19267952, 43.7255856041).
point(21, 12.5205659411, 24.4457242487).
point(22, 39.28933187, 54.7021926666).
point(23, 61.7865074443, 12.8739575029).
point(24, 34.1895184218, 82.6336041671).
point(25, 70.9350082075, 7.2651874079).
cost(1, 2, 107).
cost(1, 3, 28).
cost(1, 4, 43).
cost(1, 5, 43).
cost(1, 6, 85).
cost(1, 7, 56).
cost(1, 8, 24).
cost(1, 9, 90).
cost(1, 10, 71).
cost(1, 11, 85).
cost(1, 12, 54).
cost(1, 13, 9).
cost(1, 14, 53).
cost(1, 15, 78).
cost(1, 16, 23).
cost(1, 17, 102).
cost(1, 18, 65).
cost(1, 19, 42).
cost(1, 20, 60).
cost(1, 21, 95).
cost(1, 22, 55).
cost(1, 23, 86).
cost(1, 24, 41).
cost(1, 25, 91).
cost(2, 1, 107).
cost(2, 3, 94).
cost(2, 4, 66).
cost(2, 5, 69).
cost(2, 6, 63).
cost(2, 7, 55).
cost(2, 8, 119).
cost(2, 9, 69).
cost(2, 10, 63).
cost(2, 11, 22).
cost(2, 12, 68).
cost(2, 13, 101).
cost(2, 14, 55).
cost(2, 15, 44).
cost(2, 16, 115).
cost(2, 17, 20).
cost(2, 18, 43).
cost(2, 19, 72).
cost(2, 20, 48).
cost(2, 21, 15).
cost(2, 22, 52).
cost(2, 23, 49).
cost(2, 24, 76).
cost(2, 25, 58).
cost(3, 1, 28).
cost(3, 2, 94).
cost(3, 4, 29).
cost(3, 5, 46).
cost(3, 6, 60).
cost(3, 7, 54).
cost(3, 8, 26).
cost(3, 9, 63).
cost(3, 10, 46).
cost(3, 11, 72).
cost(3, 12, 60).
cost(3, 13, 30).
cost(3, 14, 40).
cost(3, 15, 77).
cost(3, 16, 21).
cost(3, 17, 95).
cost(3, 18, 58).
cost(3, 19, 47).
cost(3, 20, 46).
cost(3, 21, 86).
cost(3, 22, 47).
cost(3, 23, 64).
cost(3, 24, 50).
cost(3, 25, 67).
cost(4, 1, 43).
cost(4, 2, 66).
cost(4, 3, 29).
cost(4, 5, 25).
cost(4, 6, 49).
cost(4, 7, 27).
cost(4, 8, 53).
cost(4, 9, 55).
cost(4, 10, 35).
cost(4, 11, 44).
cost(4, 12, 39).
cost(4, 13, 38).
cost(4, 14, 11).
cost(4, 15, 49).
cost(4, 16, 49).
cost(4, 17, 65).
cost(4, 18, 29).
cost(4, 19, 29).
cost(4, 20, 18).
cost(4, 21, 57).
cost(4, 22, 19).
cost(4, 23, 46).
cost(4, 24, 33).
cost(4, 25, 53).
cost(5, 1, 43).
cost(5, 2, 69).
cost(5, 3, 46).
cost(5, 4, 25).
cost(5, 6, 71).
cost(5, 7, 13).
cost(5, 8, 63).
cost(5, 9, 78).
cost(5, 10, 59).
cost(5, 11, 48).
cost(5, 12, 15).
cost(5, 13, 35).
cost(5, 14, 26).
cost(5, 15, 35).
cost(5, 16, 60).
cost(5, 17, 60).
cost(5, 18, 26).
cost(5, 19, 5).
cost(5, 20, 32).
cost(5, 21, 55).
cost(5, 22, 19).
cost(5, 23, 66).
cost(5, 24, 9).
cost(5, 25, 74).
cost(6, 1, 85).
cost(6, 2, 63).
cost(6, 3, 60).
cost(6, 4, 49).
cost(6, 5, 71).
cost(6, 7, 66).
cost(6, 8, 84).
cost(6, 9, 8).
cost(6, 10, 14).
cost(6, 11, 49).
cost(6, 12, 82).
cost(6, 13, 84).
cost(6, 14, 46).
cost(6, 15, 78).
cost(6, 16, 80).
cost(6, 17, 76).
cost(6, 18, 57).
cost(6, 19, 76).
cost(6, 20, 41).
cost(6, 21, 64).
cost(6, 22, 55).
cost(6, 23, 14).
cost(6, 24, 81).
cost(6, 25, 8).
cost(7, 1, 56).
cost(7, 2, 55).
cost(7, 3, 54).
cost(7, 4, 27).
cost(7, 5, 13).
cost(7, 6, 66).
cost(7, 8, 73).
cost(7, 9, 74).
cost(7, 10, 55).
cost(7, 11, 36).
cost(7, 12, 16).
cost(7, 13, 48).
cost(7, 14, 22).
cost(7, 15, 23).
cost(7, 16, 70).
cost(7, 17, 47).
cost(7, 18, 14).
cost(7, 19, 17).
cost(7, 20, 25).
cost(7, 21, 42).
cost(7, 22, 12).
cost(7, 23, 58).
cost(7, 24, 21).
cost(7, 25, 68).
cost(8, 1, 24).
cost(8, 2, 119).
cost(8, 3, 26).
cost(8, 4, 53).
cost(8, 5, 63).
cost(8, 6, 84).
cost(8, 7, 73).
cost(8, 9, 87).
cost(8, 10, 71).
cost(8, 11, 97).
cost(8, 12, 75).
cost(8, 13, 32).
cost(8, 14, 64).
cost(8, 15, 97).
cost(8, 16, 5).
cost(8, 17, 118).
cost(8, 18, 81).
cost(8, 19, 62).
cost(8, 20, 71).
cost(8, 21, 110).
cost(8, 22, 70).
cost(8, 23, 89).
cost(8, 24, 63).
cost(8, 25, 92).
cost(9, 1, 90).
cost(9, 2, 69).
cost(9, 3, 63).
cost(9, 4, 55).
cost(9, 5, 78).
cost(9, 6, 8).
cost(9, 7, 74).
cost(9, 8, 87).
cost(9, 10, 20).
cost(9, 11, 57).
cost(9, 12, 90).
cost(9, 13, 89).
cost(9, 14, 53).
cost(9, 15, 86).
cost(9, 16, 82).
cost(9, 17, 83).
cost(9, 18, 65).
cost(9, 19, 83).
cost(9, 20, 49).
cost(9, 21, 71).
cost(9, 22, 62).
cost(9, 23, 21).
cost(9, 24, 88).
cost(9, 25, 12).
cost(10, 1, 71).
cost(10, 2, 63).
cost(10, 3, 46).
cost(10, 4, 35).
cost(10, 5, 59).
cost(10, 6, 14).
cost(10, 7, 55).
cost(10, 8, 71).
cost(10, 9, 20).
cost(10, 11, 46).
cost(10, 12, 70).
cost(10, 13, 70).
cost(10, 14, 34).
cost(10, 15, 70).
cost(10, 16, 67).
cost(10, 17, 72).
cost(10, 18, 48).
cost(10, 19, 63).
cost(10, 20, 31).
cost(10, 21, 61).
cost(10, 22, 44).
cost(10, 23, 19).
cost(10, 24, 67).
cost(10, 25, 21).
cost(11, 1, 85).
cost(11, 2, 22).
cost(11, 3, 72).
cost(11, 4, 44).
cost(11, 5, 48).
cost(11, 6, 49).
cost(11, 7, 36).
cost(11, 8, 97).
cost(11, 9, 57).
cost(11, 10, 46).
cost(11, 12, 51).
cost(11, 13, 79).
cost(11, 14, 33).
cost(11, 15, 34).
cost(11, 16, 93).
cost(11, 17, 27).
cost(11, 18, 23).
cost(11, 19, 53).
cost(11, 20, 26).
cost(11, 21, 15).
cost(11, 22, 31).
cost(11, 23, 37).
cost(11, 24, 57).
cost(11, 25, 47).
cost(12, 1, 54).
cost(12, 2, 68).
cost(12, 3, 60).
cost(12, 4, 39).
cost(12, 5, 15).
cost(12, 6, 82).
cost(12, 7, 16).
cost(12, 8, 75).
cost(12, 9, 90).
cost(12, 10, 70).
cost(12, 11, 51).
cost(12, 13, 46).
cost(12, 14, 37).
cost(12, 15, 27).
cost(12, 16, 73).
cost(12, 17, 55).
cost(12, 18, 29).
cost(12, 19, 13).
cost(12, 20, 41).
cost(12, 21, 53).
cost(12, 22, 27).
cost(12, 23, 75).
cost(12, 24, 13).
cost(12, 25, 84).
cost(13, 1, 9).
cost(13, 2, 101).
cost(13, 3, 30).
cost(13, 4, 38).
cost(13, 5, 35).
cost(13, 6, 84).
cost(13, 7, 48).
cost(13, 8, 32).
cost(13, 9, 89).
cost(13, 10, 70).
cost(13, 11, 79).
cost(13, 12, 46).
cost(13, 14, 48).
cost(13, 15, 70).
cost(13, 16, 31).
cost(13, 17, 94).
cost(13, 18, 59).
cost(13, 19, 33).
cost(13, 20, 55).
cost(13, 21, 89).
cost(13, 22, 49).
cost(13, 23, 84).
cost(13, 24, 33).
cost(13, 25, 90).
cost(14, 1, 53).
cost(14, 2, 55).
cost(14, 3, 40).
cost(14, 4, 11).
cost(14, 5, 26).
cost(14, 6, 46).
cost(14, 7, 22).
cost(14, 8, 64).
cost(14, 9, 53).
cost(14, 10, 34).
cost(14, 11, 33).
cost(14, 12, 37).
cost(14, 13, 48).
cost(14, 15, 41).
cost(14, 16, 60).
cost(14, 17, 55).
cost(14, 18, 19).
cost(14, 19, 30).
cost(14, 20, 8).
cost(14, 21, 46).
cost(14, 22, 11).
cost(14, 23, 40).
cost(14, 24, 35).
cost(14, 25, 49).
cost(15, 1, 78).
cost(15, 2, 44).
cost(15, 3, 77).
cost(15, 4, 49).
cost(15, 5, 35).
cost(15, 6, 78).
cost(15, 7, 23).
cost(15, 8, 97).
cost(15, 9, 86).
cost(15, 10, 70).
cost(15, 11, 34).
cost(15, 12, 27).
cost(15, 13, 70).
cost(15, 14, 41).
cost(15, 16, 94).
cost(15, 17, 29).
cost(15, 18, 23).
cost(15, 19, 37).
cost(15, 20, 40).
cost(15, 21, 30).
cost(15, 22, 31).
cost(15, 23, 67).
cost(15, 24, 39).
cost(15, 25, 78).
cost(16, 1, 23).
cost(16, 2, 115).
cost(16, 3, 21).
cost(16, 4, 49).
cost(16, 5, 60).
cost(16, 6, 80).
cost(16, 7, 70).
cost(16, 8, 5).
cost(16, 9, 82).
cost(16, 10, 67).
cost(16, 11, 93).
cost(16, 12, 73).
cost(16, 13, 31).
cost(16, 14, 60).
cost(16, 15, 94).
cost(16, 17, 114).
cost(16, 18, 77).
cost(16, 19, 60).
cost(16, 20, 67).
cost(16, 21, 106).
cost(16, 22, 66).
cost(16, 23, 85).
cost(16, 24, 61).
cost(16, 25, 87).
cost(17, 1, 102).
cost(17, 2, 20).
cost(17, 3, 95).
cost(17, 4, 65).
cost(17, 5, 60).
cost(17, 6, 76).
cost(17, 7, 47).
cost(17, 8, 118).
cost(17, 9, 83).
cost(17, 10, 72).
cost(17, 11, 27).
cost(17, 12, 55).
cost(17, 13, 94).
cost(17, 14, 55).
cost(17, 15, 29).
cost(17, 16, 114).
cost(17, 18, 37).
cost(17, 19, 63).
cost(17, 20, 49).
cost(17, 21, 12).
cost(17, 22, 48).
cost(17, 23, 62).
cost(17, 24, 66).
cost(17, 25, 72).
cost(18, 1, 65).
cost(18, 2, 43).
cost(18, 3, 58).
cost(18, 4, 29).
cost(18, 5, 26).
cost(18, 6, 57).
cost(18, 7, 14).
cost(18, 8, 81).
cost(18, 9, 65).
cost(18, 10, 48).
cost(18, 11, 23).
cost(18, 12, 29).
cost(18, 13, 59).
cost(18, 14, 19).
cost(18, 15, 23).
cost(18, 16, 77).
cost(18, 17, 37).
cost(18, 19, 30).
cost(18, 20, 17).
cost(18, 21, 30).
cost(18, 22, 11).
cost(18, 23, 47).
cost(18, 24, 34).
cost(18, 25, 58).
cost(19, 1, 42).
cost(19, 2, 72).
cost(19, 3, 47).
cost(19, 4, 29).
cost(19, 5, 5).
cost(19, 6, 76).
cost(19, 7, 17).
cost(19, 8, 62).
cost(19, 9, 83).
cost(19, 10, 63).
cost(19, 11, 53).
cost(19, 12, 13).
cost(19, 13, 33).
cost(19, 14, 30).
cost(19, 15, 37).
cost(19, 16, 60).
cost(19, 17, 63).
cost(19, 18, 30).
cost(19, 20, 36).
cost(19, 21, 59).
cost(19, 22, 24).
cost(19, 23, 70).
cost(19, 24, 5).
cost(19, 25, 79).
cost(20, 1, 60).
cost(20, 2, 48).
cost(20, 3, 46).
cost(20, 4, 18).
cost(20, 5, 32).
cost(20, 6, 41).
cost(20, 7, 25).
cost(20, 8, 71).
cost(20, 9, 49).
cost(20, 10, 31).
cost(20, 11, 26).
cost(20, 12, 41).
cost(20, 13, 55).
cost(20, 14, 8).
cost(20, 15, 40).
cost(20, 16, 67).
cost(20, 17, 49).
cost(20, 18, 17).
cost(20, 19, 36).
cost(20, 21, 40).
cost(20, 22, 14).
cost(20, 23, 34).
cost(20, 24, 41).
cost(20, 25, 44).
cost(21, 1, 95).
cost(21, 2, 15).
cost(21, 3, 86).
cost(21, 4, 57).
cost(21, 5, 55).
cost(21, 6, 64).
cost(21, 7, 42).
cost(21, 8, 110).
cost(21, 9, 71).
cost(21, 10, 61).
cost(21, 11, 15).
cost(21, 12, 53).
cost(21, 13, 89).
cost(21, 14, 46).
cost(21, 15, 30).
cost(21, 16, 106).
cost(21, 17, 12).
cost(21, 18, 30).
cost(21, 19, 59).
cost(21, 20, 40).
cost(21, 22, 40).
cost(21, 23, 51).
cost(21, 24, 62).
cost(21, 25, 61).
cost(22, 1, 55).
cost(22, 2, 52).
cost(22, 3, 47).
cost(22, 4, 19).
cost(22, 5, 19).
cost(22, 6, 55).
cost(22, 7, 12).
cost(22, 8, 70).
cost(22, 9, 62).
cost(22, 10, 44).
cost(22, 11, 31).
cost(22, 12, 27).
cost(22, 13, 49).
cost(22, 14, 11).
cost(22, 15, 31).
cost(22, 16, 66).
cost(22, 17, 48).
cost(22, 18, 11).
cost(22, 19, 24).
cost(22, 20, 14).
cost(22, 21, 40).
cost(22, 23, 47).
cost(22, 24, 28).
cost(22, 25, 57).
cost(23, 1, 86).
cost(23, 2, 49).
cost(23, 3, 64).
cost(23, 4, 46).
cost(23, 5, 66).
cost(23, 6, 14).
cost(23, 7, 58).
cost(23, 8, 89).
cost(23, 9, 21).
cost(23, 10, 19).
cost(23, 11, 37).
cost(23, 12, 75).
cost(23, 13, 84).
cost(23, 14, 40).
cost(23, 15, 67).
cost(23, 16, 85).
cost(23, 17, 62).
cost(23, 18, 47).
cost(23, 19, 70).
cost(23, 20, 34).
cost(23, 21, 51).
cost(23, 22, 47).
cost(23, 24, 75).
cost(23, 25, 11).
cost(24, 1, 41).
cost(24, 2, 76).
cost(24, 3, 50).
cost(24, 4, 33).
cost(24, 5, 9).
cost(24, 6, 81).
cost(24, 7, 21).
cost(24, 8, 63).
cost(24, 9, 88).
cost(24, 10, 67).
cost(24, 11, 57).
cost(24, 12, 13).
cost(24, 13, 33).
cost(24, 14, 35).
cost(24, 15, 39).
cost(24, 16, 61).
cost(24, 17, 66).
cost(24, 18, 34).
cost(24, 19, 5).
cost(24, 20, 41).
cost(24, 21, 62).
cost(24, 22, 28).
cost(24, 23, 75).
cost(24, 25, 84).
cost(25, 1, 91).
cost(25, 2, 58).
cost(25, 3, 67).
cost(25, 4, 53).
cost(25, 5, 74).
cost(25, 6, 8).
cost(25, 7, 68).
cost(25, 8, 92).
cost(25, 9, 12).
cost(25, 10, 21).
cost(25, 11, 47).
cost(25, 12, 84).
cost(25, 13, 90).
cost(25, 14, 49).
cost(25, 15, 78).
cost(25, 16, 87).
cost(25, 17, 72).
cost(25, 18, 58).
cost(25, 19, 79).
cost(25, 20, 44).
cost(25, 21, 61).
cost(25, 22, 57).
cost(25, 23, 11).
cost(25, 24, 84).
nocross(1,3).
nocross(1,4).
nocross(1,5).
nocross(1,8).
nocross(1,13).
nocross(1,16).
nocross(1,19).
nocross(1,24).
nocross(2,9).
nocross(2,11).
nocross(2,17).
nocross(2,18).
nocross(2,20).
nocross(2,21).
nocross(2,23).
nocross(2,25).
nocross(3,1).
nocross(3,4).
nocross(3,5).
nocross(3,8).
nocross(3,9).
nocross(3,10).
nocross(3,13).
nocross(3,14).
nocross(3,16).
nocross(3,19).
nocross(3,20).
nocross(3,22).
nocross(4,1).
nocross(4,3).
nocross(4,5).
nocross(4,7).
nocross(4,8).
nocross(4,9).
nocross(4,10).
nocross(4,12).
nocross(4,13).
nocross(4,14).
nocross(4,16).
nocross(4,18).
nocross(4,19).
nocross(4,20).
nocross(4,22).
nocross(4,23).
nocross(4,24).
nocross(5,1).
nocross(5,4).
nocross(5,7).
nocross(5,12).
nocross(5,13).
nocross(5,14).
nocross(5,15).
nocross(5,18).
nocross(5,19).
nocross(5,20).
nocross(5,22).
nocross(5,24).
nocross(6,9).
nocross(6,10).
nocross(6,20).
nocross(6,23).
nocross(6,25).
nocross(7,4).
nocross(7,5).
nocross(7,11).
nocross(7,12).
nocross(7,13).
nocross(7,14).
nocross(7,15).
nocross(7,17).
nocross(7,18).
nocross(7,19).
nocross(7,20).
nocross(7,22).
nocross(7,24).
nocross(8,1).
nocross(8,3).
nocross(8,13).
nocross(8,16).
nocross(9,6).
nocross(9,10).
nocross(9,23).
nocross(9,25).
nocross(10,3).
nocross(10,4).
nocross(10,6).
nocross(10,8).
nocross(10,9).
nocross(10,14).
nocross(10,16).
nocross(10,20).
nocross(10,23).
nocross(10,25).
nocross(11,2).
nocross(11,7).
nocross(11,9).
nocross(11,14).
nocross(11,15).
nocross(11,17).
nocross(11,18).
nocross(11,20).
nocross(11,21).
nocross(11,22).
nocross(11,23).
nocross(11,25).
nocross(12,1).
nocross(12,5).
nocross(12,7).
nocross(12,13).
nocross(12,14).
nocross(12,15).
nocross(12,18).
nocross(12,19).
nocross(12,22).
nocross(12,24).
nocross(13,1).
nocross(13,3).
nocross(13,4).
nocross(13,5).
nocross(13,8).
nocross(13,12).
nocross(13,16).
nocross(13,19).
nocross(13,24).
nocross(14,4).
nocross(14,5).
nocross(14,6).
nocross(14,7).
nocross(14,9).
nocross(14,10).
nocross(14,11).
nocross(14,12).
nocross(14,13).
nocross(14,18).
nocross(14,19).
nocross(14,20).
nocross(14,22).
nocross(14,23).
nocross(14,24).
nocross(14,25).
nocross(15,5).
nocross(15,7).
nocross(15,11).
nocross(15,12).
nocross(15,14).
nocross(15,17).
nocross(15,18).
nocross(15,19).
nocross(15,20).
nocross(15,21).
nocross(15,22).
nocross(15,24).
nocross(16,1).
nocross(16,3).
nocross(16,8).
nocross(16,13).
nocross(17,2).
nocross(17,11).
nocross(17,15).
nocross(17,18).
nocross(17,21).
nocross(18,4).
nocross(18,5).
nocross(18,7).
nocross(18,11).
nocross(18,12).
nocross(18,14).
nocross(18,15).
nocross(18,17).
nocross(18,19).
nocross(18,20).
nocross(18,21).
nocross(18,22).
nocross(18,23).
nocross(18,24).
nocross(19,1).
nocross(19,4).
nocross(19,5).
nocross(19,7).
nocross(19,12).
nocross(19,13).
nocross(19,14).
nocross(19,18).
nocross(19,22).
nocross(19,24).
nocross(20,4).
nocross(20,5).
nocross(20,6).
nocross(20,7).
nocross(20,9).
nocross(20,10).
nocross(20,11).
nocross(20,12).
nocross(20,14).
nocross(20,15).
nocross(20,18).
nocross(20,19).
nocross(20,21).
nocross(20,22).
nocross(20,23).
nocross(20,25).
nocross(21,2).
nocross(21,11).
nocross(21,15).
nocross(21,17).
nocross(21,18).
nocross(21,20).
nocross(21,22).
nocross(21,23).
nocross(22,4).
nocross(22,5).
nocross(22,7).
nocross(22,11).
nocross(22,12).
nocross(22,13).
nocross(22,14).
nocross(22,15).
nocross(22,18).
nocross(22,19).
nocross(22,20).
nocross(22,21).
nocross(22,23).
nocross(22,24).
nocross(23,2).
nocross(23,6).
nocross(23,9).
nocross(23,10).
nocross(23,11).
nocross(23,14).
nocross(23,20).
nocross(23,25).
nocross(24,1).
nocross(24,4).
nocross(24,5).
nocross(24,7).
nocross(24,12).
nocross(24,13).
nocross(24,14).
nocross(24,19).
nocross(24,22).
nocross(25,6).
nocross(25,9).
nocross(25,10).
nocross(25,23).
