dimension(21).
point(1, 32.6809455116, 72.5192867649).
point(2, 81.8494086821, 17.2077202244).
point(3, 92.176377431, 76.3272692387).
point(4, 27.9044798334, 16.2571910088).
point(5, 15.9775510793, 23.6583330578).
point(6, 17.0380335656, 51.9763869927).
point(7, 19.2004026081, 19.9581013464).
point(8, 72.2198812644, 39.7125223825).
point(9, 18.4519934166, 61.8158009988).
point(10, 4.0251373273, 20.010329111).
point(11, 60.6576395373, 86.7779048604).
point(12, 83.0282924847, 85.2644228074).
point(13, 47.6994385876, 76.2551339484).
point(14, 46.7519795844, 63.7990741875).
point(15, 48.3095639336, 92.4245139664).
point(16, 49.4196498325, 67.7757058146).
point(17, 62.5356623008, 80.7615624376).
point(18, 61.5010896096, 33.6705151769).
point(19, 71.2527680772, 34.838994156).
point(20, 26.3610739069, 56.5566169471).
point(21, 28.6811551679, 53.717408675).
cost(1, 2, 74).
cost(1, 3, 60).
cost(1, 4, 56).
cost(1, 5, 52).
cost(1, 6, 26).
cost(1, 7, 54).
cost(1, 8, 51).
cost(1, 9, 18).
cost(1, 10, 60).
cost(1, 11, 31).
cost(1, 12, 52).
cost(1, 13, 15).
cost(1, 14, 17).
cost(1, 15, 25).
cost(1, 16, 17).
cost(1, 17, 31).
cost(1, 18, 48).
cost(1, 19, 54).
cost(1, 20, 17).
cost(1, 21, 19).
cost(2, 1, 74).
cost(2, 3, 60).
cost(2, 4, 54).
cost(2, 5, 66).
cost(2, 6, 74).
cost(2, 7, 63).
cost(2, 8, 24).
cost(2, 9, 78).
cost(2, 10, 78).
cost(2, 11, 73).
cost(2, 12, 68).
cost(2, 13, 68).
cost(2, 14, 58).
cost(2, 15, 82).
cost(2, 16, 60).
cost(2, 17, 66).
cost(2, 18, 26).
cost(2, 19, 21).
cost(2, 20, 68).
cost(2, 21, 64).
cost(3, 1, 60).
cost(3, 2, 60).
cost(3, 4, 88).
cost(3, 5, 93).
cost(3, 6, 79).
cost(3, 7, 92).
cost(3, 8, 42).
cost(3, 9, 75).
cost(3, 10, 105).
cost(3, 11, 33).
cost(3, 12, 13).
cost(3, 13, 44).
cost(3, 14, 47).
cost(3, 15, 47).
cost(3, 16, 44).
cost(3, 17, 30).
cost(3, 18, 53).
cost(3, 19, 46).
cost(3, 20, 69).
cost(3, 21, 67).
cost(4, 1, 56).
cost(4, 2, 54).
cost(4, 3, 88).
cost(4, 5, 14).
cost(4, 6, 37).
cost(4, 7, 9).
cost(4, 8, 50).
cost(4, 9, 47).
cost(4, 10, 24).
cost(4, 11, 78).
cost(4, 12, 88).
cost(4, 13, 63).
cost(4, 14, 51).
cost(4, 15, 79).
cost(4, 16, 56).
cost(4, 17, 73).
cost(4, 18, 38).
cost(4, 19, 47).
cost(4, 20, 40).
cost(4, 21, 37).
cost(5, 1, 52).
cost(5, 2, 66).
cost(5, 3, 93).
cost(5, 4, 14).
cost(5, 6, 28).
cost(5, 7, 5).
cost(5, 8, 58).
cost(5, 9, 38).
cost(5, 10, 12).
cost(5, 11, 77).
cost(5, 12, 91).
cost(5, 13, 61).
cost(5, 14, 51).
cost(5, 15, 76).
cost(5, 16, 55).
cost(5, 17, 74).
cost(5, 18, 47).
cost(5, 19, 56).
cost(5, 20, 34).
cost(5, 21, 33).
cost(6, 1, 26).
cost(6, 2, 74).
cost(6, 3, 79).
cost(6, 4, 37).
cost(6, 5, 28).
cost(6, 7, 32).
cost(6, 8, 57).
cost(6, 9, 10).
cost(6, 10, 35).
cost(6, 11, 56).
cost(6, 12, 74).
cost(6, 13, 39).
cost(6, 14, 32).
cost(6, 15, 51).
cost(6, 16, 36).
cost(6, 17, 54).
cost(6, 18, 48).
cost(6, 19, 57).
cost(6, 20, 10).
cost(6, 21, 12).
cost(7, 1, 54).
cost(7, 2, 63).
cost(7, 3, 92).
cost(7, 4, 9).
cost(7, 5, 5).
cost(7, 6, 32).
cost(7, 8, 57).
cost(7, 9, 42).
cost(7, 10, 15).
cost(7, 11, 79).
cost(7, 12, 91).
cost(7, 13, 63).
cost(7, 14, 52).
cost(7, 15, 78).
cost(7, 16, 57).
cost(7, 17, 75).
cost(7, 18, 44).
cost(7, 19, 54).
cost(7, 20, 37).
cost(7, 21, 35).
cost(8, 1, 51).
cost(8, 2, 24).
cost(8, 3, 42).
cost(8, 4, 50).
cost(8, 5, 58).
cost(8, 6, 57).
cost(8, 7, 57).
cost(8, 9, 58).
cost(8, 10, 71).
cost(8, 11, 48).
cost(8, 12, 47).
cost(8, 13, 44).
cost(8, 14, 35).
cost(8, 15, 58).
cost(8, 16, 36).
cost(8, 17, 42).
cost(8, 18, 12).
cost(8, 19, 5).
cost(8, 20, 49).
cost(8, 21, 46).
cost(9, 1, 18).
cost(9, 2, 78).
cost(9, 3, 75).
cost(9, 4, 47).
cost(9, 5, 38).
cost(9, 6, 10).
cost(9, 7, 42).
cost(9, 8, 58).
cost(9, 10, 44).
cost(9, 11, 49).
cost(9, 12, 69).
cost(9, 13, 33).
cost(9, 14, 28).
cost(9, 15, 43).
cost(9, 16, 32).
cost(9, 17, 48).
cost(9, 18, 51).
cost(9, 19, 59).
cost(9, 20, 9).
cost(9, 21, 13).
cost(10, 1, 60).
cost(10, 2, 78).
cost(10, 3, 105).
cost(10, 4, 24).
cost(10, 5, 12).
cost(10, 6, 35).
cost(10, 7, 15).
cost(10, 8, 71).
cost(10, 9, 44).
cost(10, 11, 88).
cost(10, 12, 102).
cost(10, 13, 71).
cost(10, 14, 61).
cost(10, 15, 85).
cost(10, 16, 66).
cost(10, 17, 84).
cost(10, 18, 59).
cost(10, 19, 69).
cost(10, 20, 43).
cost(10, 21, 42).
cost(11, 1, 31).
cost(11, 2, 73).
cost(11, 3, 33).
cost(11, 4, 78).
cost(11, 5, 77).
cost(11, 6, 56).
cost(11, 7, 79).
cost(11, 8, 48).
cost(11, 9, 49).
cost(11, 10, 88).
cost(11, 12, 22).
cost(11, 13, 17).
cost(11, 14, 27).
cost(11, 15, 14).
cost(11, 16, 22).
cost(11, 17, 6).
cost(11, 18, 53).
cost(11, 19, 53).
cost(11, 20, 46).
cost(11, 21, 46).
cost(12, 1, 52).
cost(12, 2, 68).
cost(12, 3, 13).
cost(12, 4, 88).
cost(12, 5, 91).
cost(12, 6, 74).
cost(12, 7, 91).
cost(12, 8, 47).
cost(12, 9, 69).
cost(12, 10, 102).
cost(12, 11, 22).
cost(12, 13, 36).
cost(12, 14, 42).
cost(12, 15, 35).
cost(12, 16, 38).
cost(12, 17, 21).
cost(12, 18, 56).
cost(12, 19, 52).
cost(12, 20, 64).
cost(12, 21, 63).
cost(13, 1, 15).
cost(13, 2, 68).
cost(13, 3, 44).
cost(13, 4, 63).
cost(13, 5, 61).
cost(13, 6, 39).
cost(13, 7, 63).
cost(13, 8, 44).
cost(13, 9, 33).
cost(13, 10, 71).
cost(13, 11, 17).
cost(13, 12, 36).
cost(13, 14, 12).
cost(13, 15, 16).
cost(13, 16, 9).
cost(13, 17, 16).
cost(13, 18, 45).
cost(13, 19, 48).
cost(13, 20, 29).
cost(13, 21, 29).
cost(14, 1, 17).
cost(14, 2, 58).
cost(14, 3, 47).
cost(14, 4, 51).
cost(14, 5, 51).
cost(14, 6, 32).
cost(14, 7, 52).
cost(14, 8, 35).
cost(14, 9, 28).
cost(14, 10, 61).
cost(14, 11, 27).
cost(14, 12, 42).
cost(14, 13, 12).
cost(14, 15, 29).
cost(14, 16, 5).
cost(14, 17, 23).
cost(14, 18, 34).
cost(14, 19, 38).
cost(14, 20, 22).
cost(14, 21, 21).
cost(15, 1, 25).
cost(15, 2, 82).
cost(15, 3, 47).
cost(15, 4, 79).
cost(15, 5, 76).
cost(15, 6, 51).
cost(15, 7, 78).
cost(15, 8, 58).
cost(15, 9, 43).
cost(15, 10, 85).
cost(15, 11, 14).
cost(15, 12, 35).
cost(15, 13, 16).
cost(15, 14, 29).
cost(15, 16, 25).
cost(15, 17, 18).
cost(15, 18, 60).
cost(15, 19, 62).
cost(15, 20, 42).
cost(15, 21, 43).
cost(16, 1, 17).
cost(16, 2, 60).
cost(16, 3, 44).
cost(16, 4, 56).
cost(16, 5, 55).
cost(16, 6, 36).
cost(16, 7, 57).
cost(16, 8, 36).
cost(16, 9, 32).
cost(16, 10, 66).
cost(16, 11, 22).
cost(16, 12, 38).
cost(16, 13, 9).
cost(16, 14, 5).
cost(16, 15, 25).
cost(16, 17, 18).
cost(16, 18, 36).
cost(16, 19, 40).
cost(16, 20, 26).
cost(16, 21, 25).
cost(17, 1, 31).
cost(17, 2, 66).
cost(17, 3, 30).
cost(17, 4, 73).
cost(17, 5, 74).
cost(17, 6, 54).
cost(17, 7, 75).
cost(17, 8, 42).
cost(17, 9, 48).
cost(17, 10, 84).
cost(17, 11, 6).
cost(17, 12, 21).
cost(17, 13, 16).
cost(17, 14, 23).
cost(17, 15, 18).
cost(17, 16, 18).
cost(17, 18, 47).
cost(17, 19, 47).
cost(17, 20, 44).
cost(17, 21, 43).
cost(18, 1, 48).
cost(18, 2, 26).
cost(18, 3, 53).
cost(18, 4, 38).
cost(18, 5, 47).
cost(18, 6, 48).
cost(18, 7, 44).
cost(18, 8, 12).
cost(18, 9, 51).
cost(18, 10, 59).
cost(18, 11, 53).
cost(18, 12, 56).
cost(18, 13, 45).
cost(18, 14, 34).
cost(18, 15, 60).
cost(18, 16, 36).
cost(18, 17, 47).
cost(18, 19, 10).
cost(18, 20, 42).
cost(18, 21, 38).
cost(19, 1, 54).
cost(19, 2, 21).
cost(19, 3, 46).
cost(19, 4, 47).
cost(19, 5, 56).
cost(19, 6, 57).
cost(19, 7, 54).
cost(19, 8, 5).
cost(19, 9, 59).
cost(19, 10, 69).
cost(19, 11, 53).
cost(19, 12, 52).
cost(19, 13, 48).
cost(19, 14, 38).
cost(19, 15, 62).
cost(19, 16, 40).
cost(19, 17, 47).
cost(19, 18, 10).
cost(19, 20, 50).
cost(19, 21, 47).
cost(20, 1, 17).
cost(20, 2, 68).
cost(20, 3, 69).
cost(20, 4, 40).
cost(20, 5, 34).
cost(20, 6, 10).
cost(20, 7, 37).
cost(20, 8, 49).
cost(20, 9, 9).
cost(20, 10, 43).
cost(20, 11, 46).
cost(20, 12, 64).
cost(20, 13, 29).
cost(20, 14, 22).
cost(20, 15, 42).
cost(20, 16, 26).
cost(20, 17, 44).
cost(20, 18, 42).
cost(20, 19, 50).
cost(20, 21, 4).
cost(21, 1, 19).
cost(21, 2, 64).
cost(21, 3, 67).
cost(21, 4, 37).
cost(21, 5, 33).
cost(21, 6, 12).
cost(21, 7, 35).
cost(21, 8, 46).
cost(21, 9, 13).
cost(21, 10, 42).
cost(21, 11, 46).
cost(21, 12, 63).
cost(21, 13, 29).
cost(21, 14, 21).
cost(21, 15, 43).
cost(21, 16, 25).
cost(21, 17, 43).
cost(21, 18, 38).
cost(21, 19, 47).
cost(21, 20, 4).
nocross(1,6).
nocross(1,9).
nocross(1,11).
nocross(1,13).
nocross(1,14).
nocross(1,15).
nocross(1,16).
nocross(1,17).
nocross(1,20).
nocross(1,21).
nocross(2,4).
nocross(2,8).
nocross(2,18).
nocross(2,19).
nocross(3,8).
nocross(3,11).
nocross(3,12).
nocross(3,14).
nocross(3,16).
nocross(3,17).
nocross(3,19).
nocross(4,2).
nocross(4,5).
nocross(4,6).
nocross(4,7).
nocross(4,8).
nocross(4,10).
nocross(4,18).
nocross(4,19).
nocross(4,21).
nocross(5,4).
nocross(5,6).
nocross(5,7).
nocross(5,9).
nocross(5,10).
nocross(5,18).
nocross(5,20).
nocross(5,21).
nocross(6,1).
nocross(6,4).
nocross(6,5).
nocross(6,7).
nocross(6,9).
nocross(6,10).
nocross(6,13).
nocross(6,14).
nocross(6,16).
nocross(6,20).
nocross(6,21).
nocross(7,4).
nocross(7,5).
nocross(7,6).
nocross(7,10).
nocross(7,18).
nocross(7,20).
nocross(7,21).
nocross(8,2).
nocross(8,3).
nocross(8,14).
nocross(8,16).
nocross(8,18).
nocross(8,19).
nocross(8,21).
nocross(9,1).
nocross(9,5).
nocross(9,6).
nocross(9,13).
nocross(9,14).
nocross(9,15).
nocross(9,16).
nocross(9,20).
nocross(9,21).
nocross(10,4).
nocross(10,5).
nocross(10,6).
nocross(10,7).
nocross(10,20).
nocross(10,21).
nocross(11,1).
nocross(11,3).
nocross(11,12).
nocross(11,13).
nocross(11,14).
nocross(11,15).
nocross(11,16).
nocross(11,17).
nocross(12,3).
nocross(12,11).
nocross(12,13).
nocross(12,14).
nocross(12,15).
nocross(12,16).
nocross(12,17).
nocross(13,1).
nocross(13,9).
nocross(13,11).
nocross(13,12).
nocross(13,14).
nocross(13,15).
nocross(13,16).
nocross(13,17).
nocross(13,20).
nocross(13,21).
nocross(14,1).
nocross(14,6).
nocross(14,8).
nocross(14,9).
nocross(14,11).
nocross(14,13).
nocross(14,16).
nocross(14,17).
nocross(14,18).
nocross(14,19).
nocross(14,20).
nocross(14,21).
nocross(15,1).
nocross(15,3).
nocross(15,9).
nocross(15,11).
nocross(15,12).
nocross(15,13).
nocross(15,14).
nocross(15,16).
nocross(15,17).
nocross(15,20).
nocross(16,1).
nocross(16,3).
nocross(16,6).
nocross(16,8).
nocross(16,9).
nocross(16,11).
nocross(16,12).
nocross(16,13).
nocross(16,14).
nocross(16,15).
nocross(16,17).
nocross(16,18).
nocross(16,19).
nocross(16,20).
nocross(16,21).
nocross(17,1).
nocross(17,3).
nocross(17,8).
nocross(17,11).
nocross(17,12).
nocross(17,13).
nocross(17,14).
nocross(17,15).
nocross(17,16).
nocross(18,2).
nocross(18,4).
nocross(18,7).
nocross(18,8).
nocross(18,14).
nocross(18,16).
nocross(18,19).
nocross(18,20).
nocross(18,21).
nocross(19,2).
nocross(19,4).
nocross(19,8).
nocross(19,14).
nocross(19,16).
nocross(19,18).
nocross(20,1).
nocross(20,5).
nocross(20,6).
nocross(20,7).
nocross(20,9).
nocross(20,13).
nocross(20,14).
nocross(20,16).
nocross(20,18).
nocross(20,21).
nocross(21,1).
nocross(21,4).
nocross(21,5).
nocross(21,6).
nocross(21,7).
nocross(21,9).
nocross(21,13).
nocross(21,14).
nocross(21,16).
nocross(21,18).
nocross(21,20).
