dimension(21).
point(1, 74.6937386484, 50.1283125335).
point(2, 15.697535522, 77.8966169166).
point(3, 37.9731411361, 59.3669790945).
point(4, 28.5312216303, 20.7047501837).
point(5, 93.4982694608, 58.9374960629).
point(6, 1.287127699, 47.2057854613).
point(7, 53.1802674304, 41.0499937666).
point(8, 76.249195484, 23.7697511535).
point(9, 86.5059202866, 55.7361475237).
point(10, 4.9669559126, 61.665486939).
point(11, 69.2388155371, 25.7694262259).
point(12, 48.1670249697, 94.5082358446).
point(13, 83.8004485905, 67.9834074659).
point(14, 49.6974233362, 58.7466064324).
point(15, 61.6692432586, 8.9658659072).
point(16, 39.5347719591, 47.1001458552).
point(17, 46.4351205898, 9.8783946602).
point(18, 51.3239742573, 77.6377060345).
point(19, 81.8849069147, 9.3611453595).
point(20, 51.797544771, 66.2565188234).
point(21, 26.0966853658, 31.2414820282).
cost(1, 2, 65).
cost(1, 3, 38).
cost(1, 4, 55).
cost(1, 5, 21).
cost(1, 6, 73).
cost(1, 7, 23).
cost(1, 8, 26).
cost(1, 9, 13).
cost(1, 10, 71).
cost(1, 11, 25).
cost(1, 12, 52).
cost(1, 13, 20).
cost(1, 14, 26).
cost(1, 15, 43).
cost(1, 16, 35).
cost(1, 17, 49).
cost(1, 18, 36).
cost(1, 19, 41).
cost(1, 20, 28).
cost(1, 21, 52).
cost(2, 1, 65).
cost(2, 3, 29).
cost(2, 4, 59).
cost(2, 5, 80).
cost(2, 6, 34).
cost(2, 7, 53).
cost(2, 8, 81).
cost(2, 9, 74).
cost(2, 10, 19).
cost(2, 11, 75).
cost(2, 12, 36).
cost(2, 13, 69).
cost(2, 14, 39).
cost(2, 15, 83).
cost(2, 16, 39).
cost(2, 17, 75).
cost(2, 18, 36).
cost(2, 19, 95).
cost(2, 20, 38).
cost(2, 21, 48).
cost(3, 1, 38).
cost(3, 2, 29).
cost(3, 4, 40).
cost(3, 5, 56).
cost(3, 6, 39).
cost(3, 7, 24).
cost(3, 8, 52).
cost(3, 9, 49).
cost(3, 10, 33).
cost(3, 11, 46).
cost(3, 12, 37).
cost(3, 13, 47).
cost(3, 14, 12).
cost(3, 15, 56).
cost(3, 16, 12).
cost(3, 17, 50).
cost(3, 18, 23).
cost(3, 19, 67).
cost(3, 20, 15).
cost(3, 21, 31).
cost(4, 1, 55).
cost(4, 2, 59).
cost(4, 3, 40).
cost(4, 5, 75).
cost(4, 6, 38).
cost(4, 7, 32).
cost(4, 8, 48).
cost(4, 9, 68).
cost(4, 10, 47).
cost(4, 11, 41).
cost(4, 12, 76).
cost(4, 13, 73).
cost(4, 14, 44).
cost(4, 15, 35).
cost(4, 16, 29).
cost(4, 17, 21).
cost(4, 18, 61).
cost(4, 19, 55).
cost(4, 20, 51).
cost(4, 21, 11).
cost(5, 1, 21).
cost(5, 2, 80).
cost(5, 3, 56).
cost(5, 4, 75).
cost(5, 6, 93).
cost(5, 7, 44).
cost(5, 8, 39).
cost(5, 9, 8).
cost(5, 10, 89).
cost(5, 11, 41).
cost(5, 12, 58).
cost(5, 13, 13).
cost(5, 14, 44).
cost(5, 15, 59).
cost(5, 16, 55).
cost(5, 17, 68).
cost(5, 18, 46).
cost(5, 19, 51).
cost(5, 20, 42).
cost(5, 21, 73).
cost(6, 1, 73).
cost(6, 2, 34).
cost(6, 3, 39).
cost(6, 4, 38).
cost(6, 5, 93).
cost(6, 7, 52).
cost(6, 8, 79).
cost(6, 9, 86).
cost(6, 10, 15).
cost(6, 11, 71).
cost(6, 12, 67).
cost(6, 13, 85).
cost(6, 14, 50).
cost(6, 15, 71).
cost(6, 16, 38).
cost(6, 17, 59).
cost(6, 18, 59).
cost(6, 19, 89).
cost(6, 20, 54).
cost(6, 21, 30).
cost(7, 1, 23).
cost(7, 2, 53).
cost(7, 3, 24).
cost(7, 4, 32).
cost(7, 5, 44).
cost(7, 6, 52).
cost(7, 8, 29).
cost(7, 9, 36).
cost(7, 10, 52).
cost(7, 11, 22).
cost(7, 12, 54).
cost(7, 13, 41).
cost(7, 14, 18).
cost(7, 15, 33).
cost(7, 16, 15).
cost(7, 17, 32).
cost(7, 18, 37).
cost(7, 19, 43).
cost(7, 20, 25).
cost(7, 21, 29).
cost(8, 1, 26).
cost(8, 2, 81).
cost(8, 3, 52).
cost(8, 4, 48).
cost(8, 5, 39).
cost(8, 6, 79).
cost(8, 7, 29).
cost(8, 9, 34).
cost(8, 10, 81).
cost(8, 11, 7).
cost(8, 12, 76).
cost(8, 13, 45).
cost(8, 14, 44).
cost(8, 15, 21).
cost(8, 16, 44).
cost(8, 17, 33).
cost(8, 18, 59).
cost(8, 19, 15).
cost(8, 20, 49).
cost(8, 21, 51).
cost(9, 1, 13).
cost(9, 2, 74).
cost(9, 3, 49).
cost(9, 4, 68).
cost(9, 5, 8).
cost(9, 6, 86).
cost(9, 7, 36).
cost(9, 8, 34).
cost(9, 10, 82).
cost(9, 11, 35).
cost(9, 12, 55).
cost(9, 13, 13).
cost(9, 14, 37).
cost(9, 15, 53).
cost(9, 16, 48).
cost(9, 17, 61).
cost(9, 18, 41).
cost(9, 19, 47).
cost(9, 20, 36).
cost(9, 21, 65).
cost(10, 1, 71).
cost(10, 2, 19).
cost(10, 3, 33).
cost(10, 4, 47).
cost(10, 5, 89).
cost(10, 6, 15).
cost(10, 7, 52).
cost(10, 8, 81).
cost(10, 9, 82).
cost(10, 11, 74).
cost(10, 12, 54).
cost(10, 13, 79).
cost(10, 14, 45).
cost(10, 15, 77).
cost(10, 16, 38).
cost(10, 17, 66).
cost(10, 18, 49).
cost(10, 19, 93).
cost(10, 20, 47).
cost(10, 21, 37).
cost(11, 1, 25).
cost(11, 2, 75).
cost(11, 3, 46).
cost(11, 4, 41).
cost(11, 5, 41).
cost(11, 6, 71).
cost(11, 7, 22).
cost(11, 8, 7).
cost(11, 9, 35).
cost(11, 10, 74).
cost(11, 12, 72).
cost(11, 13, 45).
cost(11, 14, 38).
cost(11, 15, 18).
cost(11, 16, 37).
cost(11, 17, 28).
cost(11, 18, 55).
cost(11, 19, 21).
cost(11, 20, 44).
cost(11, 21, 43).
cost(12, 1, 52).
cost(12, 2, 36).
cost(12, 3, 37).
cost(12, 4, 76).
cost(12, 5, 58).
cost(12, 6, 67).
cost(12, 7, 54).
cost(12, 8, 76).
cost(12, 9, 55).
cost(12, 10, 54).
cost(12, 11, 72).
cost(12, 13, 44).
cost(12, 14, 36).
cost(12, 15, 87).
cost(12, 16, 48).
cost(12, 17, 85).
cost(12, 18, 17).
cost(12, 19, 92).
cost(12, 20, 28).
cost(12, 21, 67).
cost(13, 1, 20).
cost(13, 2, 69).
cost(13, 3, 47).
cost(13, 4, 73).
cost(13, 5, 13).
cost(13, 6, 85).
cost(13, 7, 41).
cost(13, 8, 45).
cost(13, 9, 13).
cost(13, 10, 79).
cost(13, 11, 45).
cost(13, 12, 44).
cost(13, 14, 35).
cost(13, 15, 63).
cost(13, 16, 49).
cost(13, 17, 69).
cost(13, 18, 34).
cost(13, 19, 59).
cost(13, 20, 32).
cost(13, 21, 68).
cost(14, 1, 26).
cost(14, 2, 39).
cost(14, 3, 12).
cost(14, 4, 44).
cost(14, 5, 44).
cost(14, 6, 50).
cost(14, 7, 18).
cost(14, 8, 44).
cost(14, 9, 37).
cost(14, 10, 45).
cost(14, 11, 38).
cost(14, 12, 36).
cost(14, 13, 35).
cost(14, 15, 51).
cost(14, 16, 15).
cost(14, 17, 49).
cost(14, 18, 19).
cost(14, 19, 59).
cost(14, 20, 8).
cost(14, 21, 36).
cost(15, 1, 43).
cost(15, 2, 83).
cost(15, 3, 56).
cost(15, 4, 35).
cost(15, 5, 59).
cost(15, 6, 71).
cost(15, 7, 33).
cost(15, 8, 21).
cost(15, 9, 53).
cost(15, 10, 77).
cost(15, 11, 18).
cost(15, 12, 87).
cost(15, 13, 63).
cost(15, 14, 51).
cost(15, 16, 44).
cost(15, 17, 15).
cost(15, 18, 69).
cost(15, 19, 20).
cost(15, 20, 58).
cost(15, 21, 42).
cost(16, 1, 35).
cost(16, 2, 39).
cost(16, 3, 12).
cost(16, 4, 29).
cost(16, 5, 55).
cost(16, 6, 38).
cost(16, 7, 15).
cost(16, 8, 44).
cost(16, 9, 48).
cost(16, 10, 38).
cost(16, 11, 37).
cost(16, 12, 48).
cost(16, 13, 49).
cost(16, 14, 15).
cost(16, 15, 44).
cost(16, 17, 38).
cost(16, 18, 33).
cost(16, 19, 57).
cost(16, 20, 23).
cost(16, 21, 21).
cost(17, 1, 49).
cost(17, 2, 75).
cost(17, 3, 50).
cost(17, 4, 21).
cost(17, 5, 68).
cost(17, 6, 59).
cost(17, 7, 32).
cost(17, 8, 33).
cost(17, 9, 61).
cost(17, 10, 66).
cost(17, 11, 28).
cost(17, 12, 85).
cost(17, 13, 69).
cost(17, 14, 49).
cost(17, 15, 15).
cost(17, 16, 38).
cost(17, 18, 68).
cost(17, 19, 35).
cost(17, 20, 57).
cost(17, 21, 29).
cost(18, 1, 36).
cost(18, 2, 36).
cost(18, 3, 23).
cost(18, 4, 61).
cost(18, 5, 46).
cost(18, 6, 59).
cost(18, 7, 37).
cost(18, 8, 59).
cost(18, 9, 41).
cost(18, 10, 49).
cost(18, 11, 55).
cost(18, 12, 17).
cost(18, 13, 34).
cost(18, 14, 19).
cost(18, 15, 69).
cost(18, 16, 33).
cost(18, 17, 68).
cost(18, 19, 75).
cost(18, 20, 11).
cost(18, 21, 53).
cost(19, 1, 41).
cost(19, 2, 95).
cost(19, 3, 67).
cost(19, 4, 55).
cost(19, 5, 51).
cost(19, 6, 89).
cost(19, 7, 43).
cost(19, 8, 15).
cost(19, 9, 47).
cost(19, 10, 93).
cost(19, 11, 21).
cost(19, 12, 92).
cost(19, 13, 59).
cost(19, 14, 59).
cost(19, 15, 20).
cost(19, 16, 57).
cost(19, 17, 35).
cost(19, 18, 75).
cost(19, 20, 64).
cost(19, 21, 60).
cost(20, 1, 28).
cost(20, 2, 38).
cost(20, 3, 15).
cost(20, 4, 51).
cost(20, 5, 42).
cost(20, 6, 54).
cost(20, 7, 25).
cost(20, 8, 49).
cost(20, 9, 36).
cost(20, 10, 47).
cost(20, 11, 44).
cost(20, 12, 28).
cost(20, 13, 32).
cost(20, 14, 8).
cost(20, 15, 58).
cost(20, 16, 23).
cost(20, 17, 57).
cost(20, 18, 11).
cost(20, 19, 64).
cost(20, 21, 43).
cost(21, 1, 52).
cost(21, 2, 48).
cost(21, 3, 31).
cost(21, 4, 11).
cost(21, 5, 73).
cost(21, 6, 30).
cost(21, 7, 29).
cost(21, 8, 51).
cost(21, 9, 65).
cost(21, 10, 37).
cost(21, 11, 43).
cost(21, 12, 67).
cost(21, 13, 68).
cost(21, 14, 36).
cost(21, 15, 42).
cost(21, 16, 21).
cost(21, 17, 29).
cost(21, 18, 53).
cost(21, 19, 60).
cost(21, 20, 43).
nocross(1,5).
nocross(1,7).
nocross(1,8).
nocross(1,9).
nocross(1,11).
nocross(1,13).
nocross(1,14).
nocross(1,16).
nocross(1,18).
nocross(1,19).
nocross(1,20).
nocross(2,3).
nocross(2,6).
nocross(2,10).
nocross(2,12).
nocross(2,14).
nocross(2,16).
nocross(2,18).
nocross(2,20).
nocross(3,2).
nocross(3,6).
nocross(3,7).
nocross(3,10).
nocross(3,14).
nocross(3,16).
nocross(3,18).
nocross(3,20).
nocross(3,21).
nocross(4,6).
nocross(4,7).
nocross(4,11).
nocross(4,15).
nocross(4,16).
nocross(4,17).
nocross(4,21).
nocross(5,1).
nocross(5,8).
nocross(5,9).
nocross(5,11).
nocross(5,13).
nocross(6,2).
nocross(6,3).
nocross(6,4).
nocross(6,10).
nocross(6,16).
nocross(6,21).
nocross(7,1).
nocross(7,3).
nocross(7,4).
nocross(7,8).
nocross(7,9).
nocross(7,11).
nocross(7,14).
nocross(7,15).
nocross(7,16).
nocross(7,17).
nocross(7,18).
nocross(7,20).
nocross(7,21).
nocross(8,1).
nocross(8,5).
nocross(8,7).
nocross(8,9).
nocross(8,11).
nocross(8,15).
nocross(8,17).
nocross(8,19).
nocross(9,1).
nocross(9,5).
nocross(9,8).
nocross(9,11).
nocross(9,13).
nocross(9,14).
nocross(9,20).
nocross(10,2).
nocross(10,3).
nocross(10,6).
nocross(10,14).
nocross(10,16).
nocross(10,21).
nocross(11,1).
nocross(11,7).
nocross(11,8).
nocross(11,9).
nocross(11,15).
nocross(11,17).
nocross(11,19).
nocross(12,2).
nocross(12,3).
nocross(12,13).
nocross(12,14).
nocross(12,18).
nocross(12,20).
nocross(13,1).
nocross(13,5).
nocross(13,9).
nocross(13,11).
nocross(13,12).
nocross(13,14).
nocross(13,18).
nocross(13,20).
nocross(14,1).
nocross(14,2).
nocross(14,3).
nocross(14,7).
nocross(14,9).
nocross(14,16).
nocross(14,18).
nocross(14,20).
nocross(15,4).
nocross(15,7).
nocross(15,8).
nocross(15,11).
nocross(15,17).
nocross(15,19).
nocross(16,1).
nocross(16,3).
nocross(16,4).
nocross(16,6).
nocross(16,7).
nocross(16,10).
nocross(16,11).
nocross(16,14).
nocross(16,18).
nocross(16,20).
nocross(16,21).
nocross(17,4).
nocross(17,7).
nocross(17,8).
nocross(17,11).
nocross(17,15).
nocross(17,19).
nocross(17,21).
nocross(18,1).
nocross(18,2).
nocross(18,3).
nocross(18,5).
nocross(18,9).
nocross(18,12).
nocross(18,13).
nocross(18,14).
nocross(18,16).
nocross(18,20).
nocross(19,1).
nocross(19,8).
nocross(19,11).
nocross(19,15).
nocross(19,17).
nocross(20,1).
nocross(20,2).
nocross(20,3).
nocross(20,7).
nocross(20,9).
nocross(20,12).
nocross(20,14).
nocross(20,16).
nocross(20,18).
nocross(21,3).
nocross(21,4).
nocross(21,6).
nocross(21,7).
nocross(21,10).
nocross(21,14).
nocross(21,16).
nocross(21,17).
