dimension(21).
point(1, 97.4564655673, 35.1972387903).
point(2, 40.4214931213, 99.1380405417).
point(3, 13.0245584307, 78.2936412665).
point(4, 23.625582074, 97.5236568821).
point(5, 24.2566421056, 4.1135053917).
point(6, 75.9269186348, 67.5516631638).
point(7, 23.4203733473, 55.8798657355).
point(8, 84.6466115303, 93.4465491695).
point(9, 27.4044759894, 23.1625866273).
point(10, 56.7436427341, 70.4517381128).
point(11, 19.6301784502, 13.5148180265).
point(12, 27.5774657592, 10.326908656).
point(13, 84.8530784244, 25.2402403846).
point(14, 13.0409403278, 21.5195760146).
point(15, 48.1880324252, 91.1992098208).
point(16, 8.947855593, 54.2697138314).
point(17, 65.3273006065, 76.9569343499).
point(18, 6.0328985259, 74.7544670435).
point(19, 96.1480022051, 47.2350437427).
point(20, 37.4851588644, 87.7722935228).
point(21, 72.5939158063, 39.0083103112).
cost(1, 2, 86).
cost(1, 3, 95).
cost(1, 4, 97).
cost(1, 5, 80).
cost(1, 6, 39).
cost(1, 7, 77).
cost(1, 8, 60).
cost(1, 9, 71).
cost(1, 10, 54).
cost(1, 11, 81).
cost(1, 12, 74).
cost(1, 13, 16).
cost(1, 14, 86).
cost(1, 15, 75).
cost(1, 16, 91).
cost(1, 17, 53).
cost(1, 18, 100).
cost(1, 19, 12).
cost(1, 20, 80).
cost(1, 21, 25).
cost(2, 1, 86).
cost(2, 3, 34).
cost(2, 4, 17).
cost(2, 5, 96).
cost(2, 6, 48).
cost(2, 7, 46).
cost(2, 8, 45).
cost(2, 9, 77).
cost(2, 10, 33).
cost(2, 11, 88).
cost(2, 12, 90).
cost(2, 13, 86).
cost(2, 14, 82).
cost(2, 15, 11).
cost(2, 16, 55).
cost(2, 17, 33).
cost(2, 18, 42).
cost(2, 19, 76).
cost(2, 20, 12).
cost(2, 21, 68).
cost(3, 1, 95).
cost(3, 2, 34).
cost(3, 4, 22).
cost(3, 5, 75).
cost(3, 6, 64).
cost(3, 7, 25).
cost(3, 8, 73).
cost(3, 9, 57).
cost(3, 10, 44).
cost(3, 11, 65).
cost(3, 12, 70).
cost(3, 13, 89).
cost(3, 14, 57).
cost(3, 15, 37).
cost(3, 16, 24).
cost(3, 17, 52).
cost(3, 18, 8).
cost(3, 19, 89).
cost(3, 20, 26).
cost(3, 21, 71).
cost(4, 1, 97).
cost(4, 2, 17).
cost(4, 3, 22).
cost(4, 5, 93).
cost(4, 6, 60).
cost(4, 7, 42).
cost(4, 8, 61).
cost(4, 9, 74).
cost(4, 10, 43).
cost(4, 11, 84).
cost(4, 12, 87).
cost(4, 13, 95).
cost(4, 14, 77).
cost(4, 15, 25).
cost(4, 16, 46).
cost(4, 17, 46).
cost(4, 18, 29).
cost(4, 19, 88).
cost(4, 20, 17).
cost(4, 21, 76).
cost(5, 1, 80).
cost(5, 2, 96).
cost(5, 3, 75).
cost(5, 4, 93).
cost(5, 6, 82).
cost(5, 7, 52).
cost(5, 8, 108).
cost(5, 9, 19).
cost(5, 10, 74).
cost(5, 11, 10).
cost(5, 12, 7).
cost(5, 13, 64).
cost(5, 14, 21).
cost(5, 15, 90).
cost(5, 16, 52).
cost(5, 17, 84).
cost(5, 18, 73).
cost(5, 19, 84).
cost(5, 20, 85).
cost(5, 21, 60).
cost(6, 1, 39).
cost(6, 2, 48).
cost(6, 3, 64).
cost(6, 4, 60).
cost(6, 5, 82).
cost(6, 7, 54).
cost(6, 8, 27).
cost(6, 9, 66).
cost(6, 10, 19).
cost(6, 11, 78).
cost(6, 12, 75).
cost(6, 13, 43).
cost(6, 14, 78).
cost(6, 15, 36).
cost(6, 16, 68).
cost(6, 17, 14).
cost(6, 18, 70).
cost(6, 19, 29).
cost(6, 20, 43).
cost(6, 21, 29).
cost(7, 1, 77).
cost(7, 2, 46).
cost(7, 3, 25).
cost(7, 4, 42).
cost(7, 5, 52).
cost(7, 6, 54).
cost(7, 8, 72).
cost(7, 9, 33).
cost(7, 10, 36).
cost(7, 11, 43).
cost(7, 12, 46).
cost(7, 13, 69).
cost(7, 14, 36).
cost(7, 15, 43).
cost(7, 16, 15).
cost(7, 17, 47).
cost(7, 18, 26).
cost(7, 19, 73).
cost(7, 20, 35).
cost(7, 21, 52).
cost(8, 1, 60).
cost(8, 2, 45).
cost(8, 3, 73).
cost(8, 4, 61).
cost(8, 5, 108).
cost(8, 6, 27).
cost(8, 7, 72).
cost(8, 9, 91).
cost(8, 10, 36).
cost(8, 11, 103).
cost(8, 12, 101).
cost(8, 13, 68).
cost(8, 14, 101).
cost(8, 15, 37).
cost(8, 16, 85).
cost(8, 17, 25).
cost(8, 18, 81).
cost(8, 19, 48).
cost(8, 20, 48).
cost(8, 21, 56).
cost(9, 1, 71).
cost(9, 2, 77).
cost(9, 3, 57).
cost(9, 4, 74).
cost(9, 5, 19).
cost(9, 6, 66).
cost(9, 7, 33).
cost(9, 8, 91).
cost(9, 10, 56).
cost(9, 11, 12).
cost(9, 12, 13).
cost(9, 13, 57).
cost(9, 14, 14).
cost(9, 15, 71).
cost(9, 16, 36).
cost(9, 17, 66).
cost(9, 18, 56).
cost(9, 19, 73).
cost(9, 20, 65).
cost(9, 21, 48).
cost(10, 1, 54).
cost(10, 2, 33).
cost(10, 3, 44).
cost(10, 4, 43).
cost(10, 5, 74).
cost(10, 6, 19).
cost(10, 7, 36).
cost(10, 8, 36).
cost(10, 9, 56).
cost(10, 11, 68).
cost(10, 12, 67).
cost(10, 13, 53).
cost(10, 14, 66).
cost(10, 15, 22).
cost(10, 16, 50).
cost(10, 17, 11).
cost(10, 18, 51).
cost(10, 19, 46).
cost(10, 20, 26).
cost(10, 21, 35).
cost(11, 1, 81).
cost(11, 2, 88).
cost(11, 3, 65).
cost(11, 4, 84).
cost(11, 5, 10).
cost(11, 6, 78).
cost(11, 7, 43).
cost(11, 8, 103).
cost(11, 9, 12).
cost(11, 10, 68).
cost(11, 12, 9).
cost(11, 13, 66).
cost(11, 14, 10).
cost(11, 15, 83).
cost(11, 16, 42).
cost(11, 17, 78).
cost(11, 18, 63).
cost(11, 19, 84).
cost(11, 20, 76).
cost(11, 21, 59).
cost(12, 1, 74).
cost(12, 2, 90).
cost(12, 3, 70).
cost(12, 4, 87).
cost(12, 5, 7).
cost(12, 6, 75).
cost(12, 7, 46).
cost(12, 8, 101).
cost(12, 9, 13).
cost(12, 10, 67).
cost(12, 11, 9).
cost(12, 13, 59).
cost(12, 14, 18).
cost(12, 15, 83).
cost(12, 16, 48).
cost(12, 17, 77).
cost(12, 18, 68).
cost(12, 19, 78).
cost(12, 20, 78).
cost(12, 21, 53).
cost(13, 1, 16).
cost(13, 2, 86).
cost(13, 3, 89).
cost(13, 4, 95).
cost(13, 5, 64).
cost(13, 6, 43).
cost(13, 7, 69).
cost(13, 8, 68).
cost(13, 9, 57).
cost(13, 10, 53).
cost(13, 11, 66).
cost(13, 12, 59).
cost(13, 14, 72).
cost(13, 15, 75).
cost(13, 16, 81).
cost(13, 17, 55).
cost(13, 18, 93).
cost(13, 19, 25).
cost(13, 20, 78).
cost(13, 21, 18).
cost(14, 1, 86).
cost(14, 2, 82).
cost(14, 3, 57).
cost(14, 4, 77).
cost(14, 5, 21).
cost(14, 6, 78).
cost(14, 7, 36).
cost(14, 8, 101).
cost(14, 9, 14).
cost(14, 10, 66).
cost(14, 11, 10).
cost(14, 12, 18).
cost(14, 13, 72).
cost(14, 15, 78).
cost(14, 16, 33).
cost(14, 17, 76).
cost(14, 18, 54).
cost(14, 19, 87).
cost(14, 20, 71).
cost(14, 21, 62).
cost(15, 1, 75).
cost(15, 2, 11).
cost(15, 3, 37).
cost(15, 4, 25).
cost(15, 5, 90).
cost(15, 6, 36).
cost(15, 7, 43).
cost(15, 8, 37).
cost(15, 9, 71).
cost(15, 10, 22).
cost(15, 11, 83).
cost(15, 12, 83).
cost(15, 13, 75).
cost(15, 14, 78).
cost(15, 16, 54).
cost(15, 17, 22).
cost(15, 18, 45).
cost(15, 19, 65).
cost(15, 20, 11).
cost(15, 21, 58).
cost(16, 1, 91).
cost(16, 2, 55).
cost(16, 3, 24).
cost(16, 4, 46).
cost(16, 5, 52).
cost(16, 6, 68).
cost(16, 7, 15).
cost(16, 8, 85).
cost(16, 9, 36).
cost(16, 10, 50).
cost(16, 11, 42).
cost(16, 12, 48).
cost(16, 13, 81).
cost(16, 14, 33).
cost(16, 15, 54).
cost(16, 17, 61).
cost(16, 18, 21).
cost(16, 19, 87).
cost(16, 20, 44).
cost(16, 21, 65).
cost(17, 1, 53).
cost(17, 2, 33).
cost(17, 3, 52).
cost(17, 4, 46).
cost(17, 5, 84).
cost(17, 6, 14).
cost(17, 7, 47).
cost(17, 8, 25).
cost(17, 9, 66).
cost(17, 10, 11).
cost(17, 11, 78).
cost(17, 12, 77).
cost(17, 13, 55).
cost(17, 14, 76).
cost(17, 15, 22).
cost(17, 16, 61).
cost(17, 18, 59).
cost(17, 19, 43).
cost(17, 20, 30).
cost(17, 21, 39).
cost(18, 1, 100).
cost(18, 2, 42).
cost(18, 3, 8).
cost(18, 4, 29).
cost(18, 5, 73).
cost(18, 6, 70).
cost(18, 7, 26).
cost(18, 8, 81).
cost(18, 9, 56).
cost(18, 10, 51).
cost(18, 11, 63).
cost(18, 12, 68).
cost(18, 13, 93).
cost(18, 14, 54).
cost(18, 15, 45).
cost(18, 16, 21).
cost(18, 17, 59).
cost(18, 19, 94).
cost(18, 20, 34).
cost(18, 21, 76).
cost(19, 1, 12).
cost(19, 2, 76).
cost(19, 3, 89).
cost(19, 4, 88).
cost(19, 5, 84).
cost(19, 6, 29).
cost(19, 7, 73).
cost(19, 8, 48).
cost(19, 9, 73).
cost(19, 10, 46).
cost(19, 11, 84).
cost(19, 12, 78).
cost(19, 13, 25).
cost(19, 14, 87).
cost(19, 15, 65).
cost(19, 16, 87).
cost(19, 17, 43).
cost(19, 18, 94).
cost(19, 20, 71).
cost(19, 21, 25).
cost(20, 1, 80).
cost(20, 2, 12).
cost(20, 3, 26).
cost(20, 4, 17).
cost(20, 5, 85).
cost(20, 6, 43).
cost(20, 7, 35).
cost(20, 8, 48).
cost(20, 9, 65).
cost(20, 10, 26).
cost(20, 11, 76).
cost(20, 12, 78).
cost(20, 13, 78).
cost(20, 14, 71).
cost(20, 15, 11).
cost(20, 16, 44).
cost(20, 17, 30).
cost(20, 18, 34).
cost(20, 19, 71).
cost(20, 21, 60).
cost(21, 1, 25).
cost(21, 2, 68).
cost(21, 3, 71).
cost(21, 4, 76).
cost(21, 5, 60).
cost(21, 6, 29).
cost(21, 7, 52).
cost(21, 8, 56).
cost(21, 9, 48).
cost(21, 10, 35).
cost(21, 11, 59).
cost(21, 12, 53).
cost(21, 13, 18).
cost(21, 14, 62).
cost(21, 15, 58).
cost(21, 16, 65).
cost(21, 17, 39).
cost(21, 18, 76).
cost(21, 19, 25).
cost(21, 20, 60).
nocross(1,6).
nocross(1,13).
nocross(1,19).
nocross(1,21).
nocross(2,3).
nocross(2,4).
nocross(2,6).
nocross(2,8).
nocross(2,10).
nocross(2,15).
nocross(2,17).
nocross(2,18).
nocross(2,20).
nocross(3,2).
nocross(3,4).
nocross(3,7).
nocross(3,10).
nocross(3,15).
nocross(3,16).
nocross(3,18).
nocross(3,20).
nocross(4,2).
nocross(4,3).
nocross(4,10).
nocross(4,15).
nocross(4,17).
nocross(4,18).
nocross(4,20).
nocross(5,9).
nocross(5,11).
nocross(5,12).
nocross(5,14).
nocross(6,1).
nocross(6,8).
nocross(6,10).
nocross(6,15).
nocross(6,17).
nocross(6,19).
nocross(6,21).
nocross(7,2).
nocross(7,3).
nocross(7,5).
nocross(7,9).
nocross(7,10).
nocross(7,11).
nocross(7,12).
nocross(7,15).
nocross(7,16).
nocross(7,18).
nocross(7,20).
nocross(8,2).
nocross(8,6).
nocross(8,10).
nocross(8,15).
nocross(8,17).
nocross(8,19).
nocross(9,5).
nocross(9,7).
nocross(9,11).
nocross(9,12).
nocross(9,14).
nocross(9,16).
nocross(10,2).
nocross(10,3).
nocross(10,7).
nocross(10,15).
nocross(10,17).
nocross(10,20).
nocross(10,21).
nocross(11,5).
nocross(11,9).
nocross(11,12).
nocross(11,14).
nocross(11,16).
nocross(12,5).
nocross(12,9).
nocross(12,11).
nocross(12,14).
nocross(13,1).
nocross(13,6).
nocross(13,19).
nocross(13,21).
nocross(14,5).
nocross(14,7).
nocross(14,9).
nocross(14,11).
nocross(14,12).
nocross(14,16).
nocross(14,18).
nocross(15,2).
nocross(15,3).
nocross(15,4).
nocross(15,6).
nocross(15,8).
nocross(15,10).
nocross(15,17).
nocross(15,20).
nocross(16,3).
nocross(16,7).
nocross(16,9).
nocross(16,11).
nocross(16,12).
nocross(16,14).
nocross(16,18).
nocross(16,20).
nocross(17,2).
nocross(17,6).
nocross(17,8).
nocross(17,10).
nocross(17,15).
nocross(17,19).
nocross(17,20).
nocross(18,2).
nocross(18,3).
nocross(18,4).
nocross(18,7).
nocross(18,14).
nocross(18,16).
nocross(18,20).
nocross(19,1).
nocross(19,6).
nocross(19,13).
nocross(19,17).
nocross(19,21).
nocross(20,2).
nocross(20,3).
nocross(20,4).
nocross(20,7).
nocross(20,10).
nocross(20,15).
nocross(20,17).
nocross(20,18).
nocross(21,1).
nocross(21,6).
nocross(21,9).
nocross(21,10).
nocross(21,11).
nocross(21,13).
nocross(21,17).
nocross(21,19).
