dimension(21).
point(1, 66.6015522167, 33.5459729567).
point(2, 15.9320805562, 52.5550238682).
point(3, 79.3127911265, 20.7902358559).
point(4, 59.4306968585, 70.2419609627).
point(5, 36.2113520055, 97.1362656789).
point(6, 74.2082314939, 6.0194346951).
point(7, 35.8780442694, 65.3865321499).
point(8, 93.1807251, 44.5096931228).
point(9, 82.3147531427, 59.0746846997).
point(10, 67.8812528358, 18.7788597708).
point(11, 48.3492985328, 69.0801552799).
point(12, 21.2296894573, 89.9497212283).
point(13, 54.5623993758, 13.7395359836).
point(14, 73.3899870085, 34.5461071731).
point(15, 12.5582429956, 38.2226366481).
point(16, 90.8993842454, 66.15223722).
point(17, 17.1813650761, 93.9214088057).
point(18, 27.8366039762, 44.313870796).
point(19, 38.3955387683, 76.2571329386).
point(20, 49.7778584257, 86.7914692237).
point(21, 20.6993879673, 31.2484513355).
cost(1, 2, 54).
cost(1, 3, 18).
cost(1, 4, 37).
cost(1, 5, 70).
cost(1, 6, 29).
cost(1, 7, 44).
cost(1, 8, 29).
cost(1, 9, 30).
cost(1, 10, 15).
cost(1, 11, 40).
cost(1, 12, 72).
cost(1, 13, 23).
cost(1, 14, 7).
cost(1, 15, 54).
cost(1, 16, 41).
cost(1, 17, 78).
cost(1, 18, 40).
cost(1, 19, 51).
cost(1, 20, 56).
cost(1, 21, 46).
cost(2, 1, 54).
cost(2, 3, 71).
cost(2, 4, 47).
cost(2, 5, 49).
cost(2, 6, 75).
cost(2, 7, 24).
cost(2, 8, 78).
cost(2, 9, 67).
cost(2, 10, 62).
cost(2, 11, 36).
cost(2, 12, 38).
cost(2, 13, 55).
cost(2, 14, 60).
cost(2, 15, 15).
cost(2, 16, 76).
cost(2, 17, 41).
cost(2, 18, 14).
cost(2, 19, 33).
cost(2, 20, 48).
cost(2, 21, 22).
cost(3, 1, 18).
cost(3, 2, 71).
cost(3, 4, 53).
cost(3, 5, 88).
cost(3, 6, 16).
cost(3, 7, 62).
cost(3, 8, 27).
cost(3, 9, 38).
cost(3, 10, 12).
cost(3, 11, 57).
cost(3, 12, 90).
cost(3, 13, 26).
cost(3, 14, 15).
cost(3, 15, 69).
cost(3, 16, 47).
cost(3, 17, 96).
cost(3, 18, 57).
cost(3, 19, 69).
cost(3, 20, 72).
cost(3, 21, 60).
cost(4, 1, 37).
cost(4, 2, 47).
cost(4, 3, 53).
cost(4, 5, 36).
cost(4, 6, 66).
cost(4, 7, 24).
cost(4, 8, 42).
cost(4, 9, 25).
cost(4, 10, 52).
cost(4, 11, 11).
cost(4, 12, 43).
cost(4, 13, 57).
cost(4, 14, 38).
cost(4, 15, 57).
cost(4, 16, 32).
cost(4, 17, 48).
cost(4, 18, 41).
cost(4, 19, 22).
cost(4, 20, 19).
cost(4, 21, 55).
cost(5, 1, 70).
cost(5, 2, 49).
cost(5, 3, 88).
cost(5, 4, 36).
cost(5, 6, 99).
cost(5, 7, 32).
cost(5, 8, 78).
cost(5, 9, 60).
cost(5, 10, 85).
cost(5, 11, 31).
cost(5, 12, 17).
cost(5, 13, 85).
cost(5, 14, 73).
cost(5, 15, 63).
cost(5, 16, 63).
cost(5, 17, 19).
cost(5, 18, 53).
cost(5, 19, 21).
cost(5, 20, 17).
cost(5, 21, 68).
cost(6, 1, 29).
cost(6, 2, 75).
cost(6, 3, 16).
cost(6, 4, 66).
cost(6, 5, 99).
cost(6, 7, 71).
cost(6, 8, 43).
cost(6, 9, 54).
cost(6, 10, 14).
cost(6, 11, 68).
cost(6, 12, 99).
cost(6, 13, 21).
cost(6, 14, 29).
cost(6, 15, 70).
cost(6, 16, 62).
cost(6, 17, 105).
cost(6, 18, 60).
cost(6, 19, 79).
cost(6, 20, 84).
cost(6, 21, 59).
cost(7, 1, 44).
cost(7, 2, 24).
cost(7, 3, 62).
cost(7, 4, 24).
cost(7, 5, 32).
cost(7, 6, 71).
cost(7, 8, 61).
cost(7, 9, 47).
cost(7, 10, 57).
cost(7, 11, 13).
cost(7, 12, 29).
cost(7, 13, 55).
cost(7, 14, 49).
cost(7, 15, 36).
cost(7, 16, 55).
cost(7, 17, 34).
cost(7, 18, 23).
cost(7, 19, 11).
cost(7, 20, 26).
cost(7, 21, 37).
cost(8, 1, 29).
cost(8, 2, 78).
cost(8, 3, 27).
cost(8, 4, 42).
cost(8, 5, 78).
cost(8, 6, 43).
cost(8, 7, 61).
cost(8, 9, 18).
cost(8, 10, 36).
cost(8, 11, 51).
cost(8, 12, 85).
cost(8, 13, 49).
cost(8, 14, 22).
cost(8, 15, 81).
cost(8, 16, 22).
cost(8, 17, 91).
cost(8, 18, 65).
cost(8, 19, 63).
cost(8, 20, 61).
cost(8, 21, 74).
cost(9, 1, 30).
cost(9, 2, 67).
cost(9, 3, 38).
cost(9, 4, 25).
cost(9, 5, 60).
cost(9, 6, 54).
cost(9, 7, 47).
cost(9, 8, 18).
cost(9, 10, 43).
cost(9, 11, 35).
cost(9, 12, 68).
cost(9, 13, 53).
cost(9, 14, 26).
cost(9, 15, 73).
cost(9, 16, 11).
cost(9, 17, 74).
cost(9, 18, 56).
cost(9, 19, 47).
cost(9, 20, 43).
cost(9, 21, 68).
cost(10, 1, 15).
cost(10, 2, 62).
cost(10, 3, 12).
cost(10, 4, 52).
cost(10, 5, 85).
cost(10, 6, 14).
cost(10, 7, 57).
cost(10, 8, 36).
cost(10, 9, 43).
cost(10, 11, 54).
cost(10, 12, 85).
cost(10, 13, 14).
cost(10, 14, 17).
cost(10, 15, 59).
cost(10, 16, 53).
cost(10, 17, 91).
cost(10, 18, 47).
cost(10, 19, 65).
cost(10, 20, 70).
cost(10, 21, 49).
cost(11, 1, 40).
cost(11, 2, 36).
cost(11, 3, 57).
cost(11, 4, 11).
cost(11, 5, 31).
cost(11, 6, 68).
cost(11, 7, 13).
cost(11, 8, 51).
cost(11, 9, 35).
cost(11, 10, 54).
cost(11, 12, 34).
cost(11, 13, 56).
cost(11, 14, 43).
cost(11, 15, 47).
cost(11, 16, 43).
cost(11, 17, 40).
cost(11, 18, 32).
cost(11, 19, 12).
cost(11, 20, 18).
cost(11, 21, 47).
cost(12, 1, 72).
cost(12, 2, 38).
cost(12, 3, 90).
cost(12, 4, 43).
cost(12, 5, 17).
cost(12, 6, 99).
cost(12, 7, 29).
cost(12, 8, 85).
cost(12, 9, 68).
cost(12, 10, 85).
cost(12, 11, 34).
cost(12, 13, 83).
cost(12, 14, 76).
cost(12, 15, 52).
cost(12, 16, 74).
cost(12, 17, 6).
cost(12, 18, 46).
cost(12, 19, 22).
cost(12, 20, 29).
cost(12, 21, 59).
cost(13, 1, 23).
cost(13, 2, 55).
cost(13, 3, 26).
cost(13, 4, 57).
cost(13, 5, 85).
cost(13, 6, 21).
cost(13, 7, 55).
cost(13, 8, 49).
cost(13, 9, 53).
cost(13, 10, 14).
cost(13, 11, 56).
cost(13, 12, 83).
cost(13, 14, 28).
cost(13, 15, 49).
cost(13, 16, 64).
cost(13, 17, 88).
cost(13, 18, 41).
cost(13, 19, 65).
cost(13, 20, 73).
cost(13, 21, 38).
cost(14, 1, 7).
cost(14, 2, 60).
cost(14, 3, 15).
cost(14, 4, 38).
cost(14, 5, 73).
cost(14, 6, 29).
cost(14, 7, 49).
cost(14, 8, 22).
cost(14, 9, 26).
cost(14, 10, 17).
cost(14, 11, 43).
cost(14, 12, 76).
cost(14, 13, 28).
cost(14, 15, 61).
cost(14, 16, 36).
cost(14, 17, 82).
cost(14, 18, 47).
cost(14, 19, 54).
cost(14, 20, 57).
cost(14, 21, 53).
cost(15, 1, 54).
cost(15, 2, 15).
cost(15, 3, 69).
cost(15, 4, 57).
cost(15, 5, 63).
cost(15, 6, 70).
cost(15, 7, 36).
cost(15, 8, 81).
cost(15, 9, 73).
cost(15, 10, 59).
cost(15, 11, 47).
cost(15, 12, 52).
cost(15, 13, 49).
cost(15, 14, 61).
cost(15, 16, 83).
cost(15, 17, 56).
cost(15, 18, 16).
cost(15, 19, 46).
cost(15, 20, 61).
cost(15, 21, 11).
cost(16, 1, 41).
cost(16, 2, 76).
cost(16, 3, 47).
cost(16, 4, 32).
cost(16, 5, 63).
cost(16, 6, 62).
cost(16, 7, 55).
cost(16, 8, 22).
cost(16, 9, 11).
cost(16, 10, 53).
cost(16, 11, 43).
cost(16, 12, 74).
cost(16, 13, 64).
cost(16, 14, 36).
cost(16, 15, 83).
cost(16, 17, 79).
cost(16, 18, 67).
cost(16, 19, 53).
cost(16, 20, 46).
cost(16, 21, 78).
cost(17, 1, 78).
cost(17, 2, 41).
cost(17, 3, 96).
cost(17, 4, 48).
cost(17, 5, 19).
cost(17, 6, 105).
cost(17, 7, 34).
cost(17, 8, 91).
cost(17, 9, 74).
cost(17, 10, 91).
cost(17, 11, 40).
cost(17, 12, 6).
cost(17, 13, 88).
cost(17, 14, 82).
cost(17, 15, 56).
cost(17, 16, 79).
cost(17, 18, 51).
cost(17, 19, 28).
cost(17, 20, 33).
cost(17, 21, 63).
cost(18, 1, 40).
cost(18, 2, 14).
cost(18, 3, 57).
cost(18, 4, 41).
cost(18, 5, 53).
cost(18, 6, 60).
cost(18, 7, 23).
cost(18, 8, 65).
cost(18, 9, 56).
cost(18, 10, 47).
cost(18, 11, 32).
cost(18, 12, 46).
cost(18, 13, 41).
cost(18, 14, 47).
cost(18, 15, 16).
cost(18, 16, 67).
cost(18, 17, 51).
cost(18, 19, 34).
cost(18, 20, 48).
cost(18, 21, 15).
cost(19, 1, 51).
cost(19, 2, 33).
cost(19, 3, 69).
cost(19, 4, 22).
cost(19, 5, 21).
cost(19, 6, 79).
cost(19, 7, 11).
cost(19, 8, 63).
cost(19, 9, 47).
cost(19, 10, 65).
cost(19, 11, 12).
cost(19, 12, 22).
cost(19, 13, 65).
cost(19, 14, 54).
cost(19, 15, 46).
cost(19, 16, 53).
cost(19, 17, 28).
cost(19, 18, 34).
cost(19, 20, 16).
cost(19, 21, 48).
cost(20, 1, 56).
cost(20, 2, 48).
cost(20, 3, 72).
cost(20, 4, 19).
cost(20, 5, 17).
cost(20, 6, 84).
cost(20, 7, 26).
cost(20, 8, 61).
cost(20, 9, 43).
cost(20, 10, 70).
cost(20, 11, 18).
cost(20, 12, 29).
cost(20, 13, 73).
cost(20, 14, 57).
cost(20, 15, 61).
cost(20, 16, 46).
cost(20, 17, 33).
cost(20, 18, 48).
cost(20, 19, 16).
cost(20, 21, 63).
cost(21, 1, 46).
cost(21, 2, 22).
cost(21, 3, 60).
cost(21, 4, 55).
cost(21, 5, 68).
cost(21, 6, 59).
cost(21, 7, 37).
cost(21, 8, 74).
cost(21, 9, 68).
cost(21, 10, 49).
cost(21, 11, 47).
cost(21, 12, 59).
cost(21, 13, 38).
cost(21, 14, 53).
cost(21, 15, 11).
cost(21, 16, 78).
cost(21, 17, 63).
cost(21, 18, 15).
cost(21, 19, 48).
cost(21, 20, 63).
nocross(1,3).
nocross(1,4).
nocross(1,6).
nocross(1,9).
nocross(1,10).
nocross(1,11).
nocross(1,13).
nocross(1,14).
nocross(2,7).
nocross(2,11).
nocross(2,12).
nocross(2,15).
nocross(2,17).
nocross(2,18).
nocross(2,19).
nocross(2,21).
nocross(3,1).
nocross(3,6).
nocross(3,8).
nocross(3,9).
nocross(3,10).
nocross(3,13).
nocross(3,14).
nocross(4,1).
nocross(4,5).
nocross(4,7).
nocross(4,9).
nocross(4,11).
nocross(4,14).
nocross(4,16).
nocross(4,19).
nocross(4,20).
nocross(5,4).
nocross(5,7).
nocross(5,11).
nocross(5,12).
nocross(5,17).
nocross(5,19).
nocross(5,20).
nocross(6,1).
nocross(6,3).
nocross(6,8).
nocross(6,10).
nocross(6,13).
nocross(6,14).
nocross(7,2).
nocross(7,4).
nocross(7,5).
nocross(7,11).
nocross(7,12).
nocross(7,15).
nocross(7,17).
nocross(7,18).
nocross(7,19).
nocross(7,20).
nocross(7,21).
nocross(8,1).
nocross(8,3).
nocross(8,6).
nocross(8,9).
nocross(8,10).
nocross(8,14).
nocross(8,16).
nocross(9,1).
nocross(9,3).
nocross(9,4).
nocross(9,8).
nocross(9,11).
nocross(9,14).
nocross(9,16).
nocross(9,20).
nocross(10,1).
nocross(10,3).
nocross(10,6).
nocross(10,13).
nocross(10,14).
nocross(11,1).
nocross(11,4).
nocross(11,5).
nocross(11,7).
nocross(11,12).
nocross(11,14).
nocross(11,18).
nocross(11,19).
nocross(11,20).
nocross(12,2).
nocross(12,5).
nocross(12,7).
nocross(12,11).
nocross(12,17).
nocross(12,19).
nocross(13,1).
nocross(13,3).
nocross(13,6).
nocross(13,10).
nocross(13,14).
nocross(13,18).
nocross(13,21).
nocross(14,1).
nocross(14,3).
nocross(14,6).
nocross(14,8).
nocross(14,9).
nocross(14,10).
nocross(14,13).
nocross(15,2).
nocross(15,7).
nocross(15,17).
nocross(15,18).
nocross(15,21).
nocross(16,4).
nocross(16,8).
nocross(16,9).
nocross(16,14).
nocross(16,20).
nocross(17,2).
nocross(17,5).
nocross(17,7).
nocross(17,12).
nocross(17,19).
nocross(17,20).
nocross(18,1).
nocross(18,2).
nocross(18,7).
nocross(18,11).
nocross(18,12).
nocross(18,13).
nocross(18,15).
nocross(18,19).
nocross(18,21).
nocross(19,2).
nocross(19,4).
nocross(19,5).
nocross(19,7).
nocross(19,11).
nocross(19,12).
nocross(19,17).
nocross(19,20).
nocross(20,4).
nocross(20,5).
nocross(20,7).
nocross(20,9).
nocross(20,11).
nocross(20,12).
nocross(20,16).
nocross(20,19).
nocross(21,2).
nocross(21,7).
nocross(21,13).
nocross(21,15).
nocross(21,18).
