dimension(21).
point(1, 68.2287294502, 74.4000276875).
point(2, 38.0882663255, 50.6160575811).
point(3, 46.1490134388, 44.0788561524).
point(4, 25.5107838186, 15.3016695203).
point(5, 86.5508143278, 54.2981262059).
point(6, 22.8872278104, 97.4452642334).
point(7, 5.5580032764, 98.0290110199).
point(8, 80.3437402896, 72.6201039985).
point(9, 87.1756544185, 42.289363538).
point(10, 13.6122462782, 2.9674793222).
point(11, 22.8505399851, 93.2383366105).
point(12, 55.7622599347, 59.8260680999).
point(13, 12.7352905232, 90.1789423659).
point(14, 65.6569545509, 67.8256827422).
point(15, 53.4809676569, 44.3150739009).
point(16, 27.1162572418, 18.0335851293).
point(17, 90.9768789047, 66.5352158245).
point(18, 68.8524534788, 74.9796001446).
point(19, 58.3736647386, 18.2647094196).
point(20, 8.4826744724, 5.8444182126).
point(21, 95.9435342387, 38.5654759396).
cost(1, 2, 38).
cost(1, 3, 38).
cost(1, 4, 73).
cost(1, 5, 27).
cost(1, 6, 51).
cost(1, 7, 67).
cost(1, 8, 12).
cost(1, 9, 37).
cost(1, 10, 90).
cost(1, 11, 49).
cost(1, 12, 19).
cost(1, 13, 58).
cost(1, 14, 7).
cost(1, 15, 34).
cost(1, 16, 70).
cost(1, 17, 24).
cost(1, 18, 1).
cost(1, 19, 57).
cost(1, 20, 91).
cost(1, 21, 45).
cost(2, 1, 38).
cost(2, 3, 10).
cost(2, 4, 37).
cost(2, 5, 49).
cost(2, 6, 49).
cost(2, 7, 57).
cost(2, 8, 48).
cost(2, 9, 50).
cost(2, 10, 54).
cost(2, 11, 45).
cost(2, 12, 20).
cost(2, 13, 47).
cost(2, 14, 32).
cost(2, 15, 17).
cost(2, 16, 34).
cost(2, 17, 55).
cost(2, 18, 39).
cost(2, 19, 38).
cost(2, 20, 54).
cost(2, 21, 59).
cost(3, 1, 38).
cost(3, 2, 10).
cost(3, 4, 35).
cost(3, 5, 42).
cost(3, 6, 58).
cost(3, 7, 68).
cost(3, 8, 45).
cost(3, 9, 41).
cost(3, 10, 52).
cost(3, 11, 54).
cost(3, 12, 18).
cost(3, 13, 57).
cost(3, 14, 31).
cost(3, 15, 7).
cost(3, 16, 32).
cost(3, 17, 50).
cost(3, 18, 38).
cost(3, 19, 29).
cost(3, 20, 54).
cost(3, 21, 50).
cost(4, 1, 73).
cost(4, 2, 37).
cost(4, 3, 35).
cost(4, 5, 72).
cost(4, 6, 82).
cost(4, 7, 85).
cost(4, 8, 79).
cost(4, 9, 67).
cost(4, 10, 17).
cost(4, 11, 78).
cost(4, 12, 54).
cost(4, 13, 76).
cost(4, 14, 66).
cost(4, 15, 40).
cost(4, 16, 3).
cost(4, 17, 83).
cost(4, 18, 74).
cost(4, 19, 33).
cost(4, 20, 19).
cost(4, 21, 74).
cost(5, 1, 27).
cost(5, 2, 49).
cost(5, 3, 42).
cost(5, 4, 72).
cost(5, 6, 77).
cost(5, 7, 92).
cost(5, 8, 19).
cost(5, 9, 12).
cost(5, 10, 89).
cost(5, 11, 75).
cost(5, 12, 31).
cost(5, 13, 82).
cost(5, 14, 25).
cost(5, 15, 35).
cost(5, 16, 70).
cost(5, 17, 13).
cost(5, 18, 27).
cost(5, 19, 46).
cost(5, 20, 92).
cost(5, 21, 18).
cost(6, 1, 51).
cost(6, 2, 49).
cost(6, 3, 58).
cost(6, 4, 82).
cost(6, 5, 77).
cost(6, 7, 17).
cost(6, 8, 63).
cost(6, 9, 85).
cost(6, 10, 95).
cost(6, 11, 4).
cost(6, 12, 50).
cost(6, 13, 12).
cost(6, 14, 52).
cost(6, 15, 61).
cost(6, 16, 80).
cost(6, 17, 75).
cost(6, 18, 51).
cost(6, 19, 87).
cost(6, 20, 93).
cost(6, 21, 94).
cost(7, 1, 67).
cost(7, 2, 57).
cost(7, 3, 68).
cost(7, 4, 85).
cost(7, 5, 92).
cost(7, 6, 17).
cost(7, 8, 79).
cost(7, 9, 99).
cost(7, 10, 95).
cost(7, 11, 18).
cost(7, 12, 63).
cost(7, 13, 11).
cost(7, 14, 67).
cost(7, 15, 72).
cost(7, 16, 83).
cost(7, 17, 91).
cost(7, 18, 67).
cost(7, 19, 96).
cost(7, 20, 92).
cost(7, 21, 108).
cost(8, 1, 12).
cost(8, 2, 48).
cost(8, 3, 45).
cost(8, 4, 79).
cost(8, 5, 19).
cost(8, 6, 63).
cost(8, 7, 79).
cost(8, 9, 31).
cost(8, 10, 96).
cost(8, 11, 61).
cost(8, 12, 28).
cost(8, 13, 70).
cost(8, 14, 15).
cost(8, 15, 39).
cost(8, 16, 76).
cost(8, 17, 12).
cost(8, 18, 12).
cost(8, 19, 59).
cost(8, 20, 98).
cost(8, 21, 37).
cost(9, 1, 37).
cost(9, 2, 50).
cost(9, 3, 41).
cost(9, 4, 67).
cost(9, 5, 12).
cost(9, 6, 85).
cost(9, 7, 99).
cost(9, 8, 31).
cost(9, 10, 83).
cost(9, 11, 82).
cost(9, 12, 36).
cost(9, 13, 89).
cost(9, 14, 33).
cost(9, 15, 34).
cost(9, 16, 65).
cost(9, 17, 25).
cost(9, 18, 37).
cost(9, 19, 38).
cost(9, 20, 87).
cost(9, 21, 10).
cost(10, 1, 90).
cost(10, 2, 54).
cost(10, 3, 52).
cost(10, 4, 17).
cost(10, 5, 89).
cost(10, 6, 95).
cost(10, 7, 95).
cost(10, 8, 96).
cost(10, 9, 83).
cost(10, 11, 91).
cost(10, 12, 71).
cost(10, 13, 87).
cost(10, 14, 83).
cost(10, 15, 57).
cost(10, 16, 20).
cost(10, 17, 100).
cost(10, 18, 91).
cost(10, 19, 47).
cost(10, 20, 6).
cost(10, 21, 90).
cost(11, 1, 49).
cost(11, 2, 45).
cost(11, 3, 54).
cost(11, 4, 78).
cost(11, 5, 75).
cost(11, 6, 4).
cost(11, 7, 18).
cost(11, 8, 61).
cost(11, 9, 82).
cost(11, 10, 91).
cost(11, 12, 47).
cost(11, 13, 11).
cost(11, 14, 50).
cost(11, 15, 58).
cost(11, 16, 75).
cost(11, 17, 73).
cost(11, 18, 49).
cost(11, 19, 83).
cost(11, 20, 89).
cost(11, 21, 91).
cost(12, 1, 19).
cost(12, 2, 20).
cost(12, 3, 18).
cost(12, 4, 54).
cost(12, 5, 31).
cost(12, 6, 50).
cost(12, 7, 63).
cost(12, 8, 28).
cost(12, 9, 36).
cost(12, 10, 71).
cost(12, 11, 47).
cost(12, 13, 53).
cost(12, 14, 13).
cost(12, 15, 16).
cost(12, 16, 51).
cost(12, 17, 36).
cost(12, 18, 20).
cost(12, 19, 42).
cost(12, 20, 72).
cost(12, 21, 45).
cost(13, 1, 58).
cost(13, 2, 47).
cost(13, 3, 57).
cost(13, 4, 76).
cost(13, 5, 82).
cost(13, 6, 12).
cost(13, 7, 11).
cost(13, 8, 70).
cost(13, 9, 89).
cost(13, 10, 87).
cost(13, 11, 11).
cost(13, 12, 53).
cost(13, 14, 57).
cost(13, 15, 61).
cost(13, 16, 74).
cost(13, 17, 82).
cost(13, 18, 58).
cost(13, 19, 85).
cost(13, 20, 84).
cost(13, 21, 98).
cost(14, 1, 7).
cost(14, 2, 32).
cost(14, 3, 31).
cost(14, 4, 66).
cost(14, 5, 25).
cost(14, 6, 52).
cost(14, 7, 67).
cost(14, 8, 15).
cost(14, 9, 33).
cost(14, 10, 83).
cost(14, 11, 50).
cost(14, 12, 13).
cost(14, 13, 57).
cost(14, 15, 26).
cost(14, 16, 63).
cost(14, 17, 25).
cost(14, 18, 8).
cost(14, 19, 50).
cost(14, 20, 84).
cost(14, 21, 42).
cost(15, 1, 34).
cost(15, 2, 17).
cost(15, 3, 7).
cost(15, 4, 40).
cost(15, 5, 35).
cost(15, 6, 61).
cost(15, 7, 72).
cost(15, 8, 39).
cost(15, 9, 34).
cost(15, 10, 57).
cost(15, 11, 58).
cost(15, 12, 16).
cost(15, 13, 61).
cost(15, 14, 26).
cost(15, 16, 37).
cost(15, 17, 44).
cost(15, 18, 34).
cost(15, 19, 27).
cost(15, 20, 59).
cost(15, 21, 43).
cost(16, 1, 70).
cost(16, 2, 34).
cost(16, 3, 32).
cost(16, 4, 3).
cost(16, 5, 70).
cost(16, 6, 80).
cost(16, 7, 83).
cost(16, 8, 76).
cost(16, 9, 65).
cost(16, 10, 20).
cost(16, 11, 75).
cost(16, 12, 51).
cost(16, 13, 74).
cost(16, 14, 63).
cost(16, 15, 37).
cost(16, 17, 80).
cost(16, 18, 71).
cost(16, 19, 31).
cost(16, 20, 22).
cost(16, 21, 72).
cost(17, 1, 24).
cost(17, 2, 55).
cost(17, 3, 50).
cost(17, 4, 83).
cost(17, 5, 13).
cost(17, 6, 75).
cost(17, 7, 91).
cost(17, 8, 12).
cost(17, 9, 25).
cost(17, 10, 100).
cost(17, 11, 73).
cost(17, 12, 36).
cost(17, 13, 82).
cost(17, 14, 25).
cost(17, 15, 44).
cost(17, 16, 80).
cost(17, 18, 24).
cost(17, 19, 58).
cost(17, 20, 102).
cost(17, 21, 28).
cost(18, 1, 1).
cost(18, 2, 39).
cost(18, 3, 38).
cost(18, 4, 74).
cost(18, 5, 27).
cost(18, 6, 51).
cost(18, 7, 67).
cost(18, 8, 12).
cost(18, 9, 37).
cost(18, 10, 91).
cost(18, 11, 49).
cost(18, 12, 20).
cost(18, 13, 58).
cost(18, 14, 8).
cost(18, 15, 34).
cost(18, 16, 71).
cost(18, 17, 24).
cost(18, 19, 58).
cost(18, 20, 92).
cost(18, 21, 45).
cost(19, 1, 57).
cost(19, 2, 38).
cost(19, 3, 29).
cost(19, 4, 33).
cost(19, 5, 46).
cost(19, 6, 87).
cost(19, 7, 96).
cost(19, 8, 59).
cost(19, 9, 38).
cost(19, 10, 47).
cost(19, 11, 83).
cost(19, 12, 42).
cost(19, 13, 85).
cost(19, 14, 50).
cost(19, 15, 27).
cost(19, 16, 31).
cost(19, 17, 58).
cost(19, 18, 58).
cost(19, 20, 51).
cost(19, 21, 43).
cost(20, 1, 91).
cost(20, 2, 54).
cost(20, 3, 54).
cost(20, 4, 19).
cost(20, 5, 92).
cost(20, 6, 93).
cost(20, 7, 92).
cost(20, 8, 98).
cost(20, 9, 87).
cost(20, 10, 6).
cost(20, 11, 89).
cost(20, 12, 72).
cost(20, 13, 84).
cost(20, 14, 84).
cost(20, 15, 59).
cost(20, 16, 22).
cost(20, 17, 102).
cost(20, 18, 92).
cost(20, 19, 51).
cost(20, 21, 93).
cost(21, 1, 45).
cost(21, 2, 59).
cost(21, 3, 50).
cost(21, 4, 74).
cost(21, 5, 18).
cost(21, 6, 94).
cost(21, 7, 108).
cost(21, 8, 37).
cost(21, 9, 10).
cost(21, 10, 90).
cost(21, 11, 91).
cost(21, 12, 45).
cost(21, 13, 98).
cost(21, 14, 42).
cost(21, 15, 43).
cost(21, 16, 72).
cost(21, 17, 28).
cost(21, 18, 45).
cost(21, 19, 43).
cost(21, 20, 93).
nocross(1,2).
nocross(1,3).
nocross(1,5).
nocross(1,6).
nocross(1,8).
nocross(1,9).
nocross(1,11).
nocross(1,12).
nocross(1,14).
nocross(1,15).
nocross(1,17).
nocross(1,18).
nocross(1,21).
nocross(2,1).
nocross(2,3).
nocross(2,4).
nocross(2,5).
nocross(2,9).
nocross(2,10).
nocross(2,11).
nocross(2,12).
nocross(2,13).
nocross(2,14).
nocross(2,15).
nocross(2,16).
nocross(2,18).
nocross(2,19).
nocross(2,20).
nocross(3,1).
nocross(3,2).
nocross(3,4).
nocross(3,5).
nocross(3,8).
nocross(3,9).
nocross(3,10).
nocross(3,12).
nocross(3,14).
nocross(3,15).
nocross(3,16).
nocross(3,18).
nocross(3,19).
nocross(3,20).
nocross(4,2).
nocross(4,3).
nocross(4,10).
nocross(4,15).
nocross(4,16).
nocross(4,19).
nocross(4,20).
nocross(5,1).
nocross(5,3).
nocross(5,8).
nocross(5,9).
nocross(5,12).
nocross(5,14).
nocross(5,15).
nocross(5,17).
nocross(5,18).
nocross(5,19).
nocross(5,21).
nocross(6,1).
nocross(6,7).
nocross(6,11).
nocross(6,12).
nocross(6,13).
nocross(6,14).
nocross(6,18).
nocross(7,6).
nocross(7,11).
nocross(7,13).
nocross(8,1).
nocross(8,3).
nocross(8,5).
nocross(8,6).
nocross(8,9).
nocross(8,12).
nocross(8,14).
nocross(8,15).
nocross(8,17).
nocross(8,18).
nocross(8,21).
nocross(9,1).
nocross(9,3).
nocross(9,5).
nocross(9,8).
nocross(9,12).
nocross(9,14).
nocross(9,15).
nocross(9,17).
nocross(9,18).
nocross(9,19).
nocross(9,21).
nocross(10,2).
nocross(10,3).
nocross(10,4).
nocross(10,16).
nocross(10,19).
nocross(10,20).
nocross(11,1).
nocross(11,2).
nocross(11,6).
nocross(11,7).
nocross(11,12).
nocross(11,13).
nocross(11,14).
nocross(11,18).
nocross(12,1).
nocross(12,2).
nocross(12,3).
nocross(12,4).
nocross(12,5).
nocross(12,6).
nocross(12,8).
nocross(12,9).
nocross(12,11).
nocross(12,13).
nocross(12,14).
nocross(12,15).
nocross(12,16).
nocross(12,17).
nocross(12,18).
nocross(12,19).
nocross(12,21).
nocross(13,2).
nocross(13,6).
nocross(13,7).
nocross(13,11).
nocross(13,12).
nocross(13,14).
nocross(14,1).
nocross(14,2).
nocross(14,3).
nocross(14,5).
nocross(14,6).
nocross(14,8).
nocross(14,9).
nocross(14,11).
nocross(14,12).
nocross(14,15).
nocross(14,17).
nocross(14,18).
nocross(14,21).
nocross(15,1).
nocross(15,2).
nocross(15,3).
nocross(15,4).
nocross(15,5).
nocross(15,8).
nocross(15,9).
nocross(15,10).
nocross(15,12).
nocross(15,14).
nocross(15,16).
nocross(15,17).
nocross(15,18).
nocross(15,19).
nocross(15,21).
nocross(16,2).
nocross(16,3).
nocross(16,4).
nocross(16,10).
nocross(16,12).
nocross(16,15).
nocross(16,19).
nocross(16,20).
nocross(17,1).
nocross(17,3).
nocross(17,5).
nocross(17,8).
nocross(17,9).
nocross(17,12).
nocross(17,14).
nocross(17,15).
nocross(17,18).
nocross(17,21).
nocross(18,1).
nocross(18,2).
nocross(18,3).
nocross(18,5).
nocross(18,6).
nocross(18,8).
nocross(18,9).
nocross(18,11).
nocross(18,12).
nocross(18,14).
nocross(18,15).
nocross(18,17).
nocross(18,21).
nocross(19,2).
nocross(19,3).
nocross(19,4).
nocross(19,5).
nocross(19,9).
nocross(19,10).
nocross(19,12).
nocross(19,14).
nocross(19,15).
nocross(19,16).
nocross(19,20).
nocross(19,21).
nocross(20,2).
nocross(20,3).
nocross(20,4).
nocross(20,10).
nocross(20,16).
nocross(20,19).
nocross(21,1).
nocross(21,3).
nocross(21,5).
nocross(21,8).
nocross(21,9).
nocross(21,12).
nocross(21,14).
nocross(21,15).
nocross(21,17).
nocross(21,18).
nocross(21,19).
