dimension(21).
point(1, 16.6139909873, 2.3983814018).
point(2, 73.6899770379, 22.6453545791).
point(3, 31.0855483746, 6.853796513).
point(4, 24.6033401141, 16.2501588847).
point(5, 70.7347282239, 89.1862006763).
point(6, 51.3641004839, 62.6104033245).
point(7, 27.6472200302, 81.5840002051).
point(8, 27.6865599046, 55.6276371589).
point(9, 72.834255193, 87.7686778871).
point(10, 65.0270215683, 39.8942011149).
point(11, 38.6273410128, 44.1863795878).
point(12, 36.6163015666, 11.5206037628).
point(13, 48.3076946323, 54.5507355709).
point(14, 38.8813456012, 38.2499611498).
point(15, 78.8477239347, 39.2448121417).
point(16, 89.4114319924, 92.1830941664).
point(17, 9.2328821368, 11.831008467).
point(18, 80.2203383027, 73.6446010714).
point(19, 81.888672075, 29.7628063676).
point(20, 22.1045712201, 38.0670633189).
point(21, 30.9640630787, 72.6557600821).
cost(1, 2, 61).
cost(1, 3, 15).
cost(1, 4, 16).
cost(1, 5, 102).
cost(1, 6, 70).
cost(1, 7, 80).
cost(1, 8, 54).
cost(1, 9, 102).
cost(1, 10, 61).
cost(1, 11, 47).
cost(1, 12, 22).
cost(1, 13, 61).
cost(1, 14, 42).
cost(1, 15, 72).
cost(1, 16, 116).
cost(1, 17, 12).
cost(1, 18, 96).
cost(1, 19, 71).
cost(1, 20, 36).
cost(1, 21, 72).
cost(2, 1, 61).
cost(2, 3, 45).
cost(2, 4, 50).
cost(2, 5, 67).
cost(2, 6, 46).
cost(2, 7, 75).
cost(2, 8, 57).
cost(2, 9, 65).
cost(2, 10, 19).
cost(2, 11, 41).
cost(2, 12, 39).
cost(2, 13, 41).
cost(2, 14, 38).
cost(2, 15, 17).
cost(2, 16, 71).
cost(2, 17, 65).
cost(2, 18, 51).
cost(2, 19, 11).
cost(2, 20, 54).
cost(2, 21, 66).
cost(3, 1, 15).
cost(3, 2, 45).
cost(3, 4, 11).
cost(3, 5, 91).
cost(3, 6, 59).
cost(3, 7, 75).
cost(3, 8, 49).
cost(3, 9, 91).
cost(3, 10, 47).
cost(3, 11, 38).
cost(3, 12, 7).
cost(3, 13, 51).
cost(3, 14, 32).
cost(3, 15, 58).
cost(3, 16, 103).
cost(3, 17, 22).
cost(3, 18, 83).
cost(3, 19, 56).
cost(3, 20, 32).
cost(3, 21, 66).
cost(4, 1, 16).
cost(4, 2, 50).
cost(4, 3, 11).
cost(4, 5, 86).
cost(4, 6, 54).
cost(4, 7, 65).
cost(4, 8, 39).
cost(4, 9, 86).
cost(4, 10, 47).
cost(4, 11, 31).
cost(4, 12, 13).
cost(4, 13, 45).
cost(4, 14, 26).
cost(4, 15, 59).
cost(4, 16, 100).
cost(4, 17, 16).
cost(4, 18, 80).
cost(4, 19, 59).
cost(4, 20, 22).
cost(4, 21, 57).
cost(5, 1, 102).
cost(5, 2, 67).
cost(5, 3, 91).
cost(5, 4, 86).
cost(5, 6, 33).
cost(5, 7, 44).
cost(5, 8, 55).
cost(5, 9, 3).
cost(5, 10, 50).
cost(5, 11, 55).
cost(5, 12, 85).
cost(5, 13, 41).
cost(5, 14, 60).
cost(5, 15, 51).
cost(5, 16, 19).
cost(5, 17, 99).
cost(5, 18, 18).
cost(5, 19, 60).
cost(5, 20, 71).
cost(5, 21, 43).
cost(6, 1, 70).
cost(6, 2, 46).
cost(6, 3, 59).
cost(6, 4, 54).
cost(6, 5, 33).
cost(6, 7, 30).
cost(6, 8, 25).
cost(6, 9, 33).
cost(6, 10, 27).
cost(6, 11, 22).
cost(6, 12, 53).
cost(6, 13, 9).
cost(6, 14, 27).
cost(6, 15, 36).
cost(6, 16, 48).
cost(6, 17, 66).
cost(6, 18, 31).
cost(6, 19, 45).
cost(6, 20, 38).
cost(6, 21, 23).
cost(7, 1, 80).
cost(7, 2, 75).
cost(7, 3, 75).
cost(7, 4, 65).
cost(7, 5, 44).
cost(7, 6, 30).
cost(7, 8, 26).
cost(7, 9, 46).
cost(7, 10, 56).
cost(7, 11, 39).
cost(7, 12, 71).
cost(7, 13, 34).
cost(7, 14, 45).
cost(7, 15, 66).
cost(7, 16, 63).
cost(7, 17, 72).
cost(7, 18, 53).
cost(7, 19, 75).
cost(7, 20, 44).
cost(7, 21, 10).
cost(8, 1, 54).
cost(8, 2, 57).
cost(8, 3, 49).
cost(8, 4, 39).
cost(8, 5, 55).
cost(8, 6, 25).
cost(8, 7, 26).
cost(8, 9, 55).
cost(8, 10, 41).
cost(8, 11, 16).
cost(8, 12, 45).
cost(8, 13, 21).
cost(8, 14, 21).
cost(8, 15, 54).
cost(8, 16, 72).
cost(8, 17, 48).
cost(8, 18, 56).
cost(8, 19, 60).
cost(8, 20, 18).
cost(8, 21, 17).
cost(9, 1, 102).
cost(9, 2, 65).
cost(9, 3, 91).
cost(9, 4, 86).
cost(9, 5, 3).
cost(9, 6, 33).
cost(9, 7, 46).
cost(9, 8, 55).
cost(9, 10, 49).
cost(9, 11, 55).
cost(9, 12, 84).
cost(9, 13, 41).
cost(9, 14, 60).
cost(9, 15, 49).
cost(9, 16, 17).
cost(9, 17, 99).
cost(9, 18, 16).
cost(9, 19, 59).
cost(9, 20, 71).
cost(9, 21, 45).
cost(10, 1, 61).
cost(10, 2, 19).
cost(10, 3, 47).
cost(10, 4, 47).
cost(10, 5, 50).
cost(10, 6, 27).
cost(10, 7, 56).
cost(10, 8, 41).
cost(10, 9, 49).
cost(10, 11, 27).
cost(10, 12, 40).
cost(10, 13, 22).
cost(10, 14, 26).
cost(10, 15, 14).
cost(10, 16, 58).
cost(10, 17, 62).
cost(10, 18, 37).
cost(10, 19, 20).
cost(10, 20, 43).
cost(10, 21, 47).
cost(11, 1, 47).
cost(11, 2, 41).
cost(11, 3, 38).
cost(11, 4, 31).
cost(11, 5, 55).
cost(11, 6, 22).
cost(11, 7, 39).
cost(11, 8, 16).
cost(11, 9, 55).
cost(11, 10, 27).
cost(11, 12, 33).
cost(11, 13, 14).
cost(11, 14, 6).
cost(11, 15, 41).
cost(11, 16, 70).
cost(11, 17, 44).
cost(11, 18, 51).
cost(11, 19, 46).
cost(11, 20, 18).
cost(11, 21, 29).
cost(12, 1, 22).
cost(12, 2, 39).
cost(12, 3, 7).
cost(12, 4, 13).
cost(12, 5, 85).
cost(12, 6, 53).
cost(12, 7, 71).
cost(12, 8, 45).
cost(12, 9, 84).
cost(12, 10, 40).
cost(12, 11, 33).
cost(12, 13, 45).
cost(12, 14, 27).
cost(12, 15, 51).
cost(12, 16, 96).
cost(12, 17, 27).
cost(12, 18, 76).
cost(12, 19, 49).
cost(12, 20, 30).
cost(12, 21, 61).
cost(13, 1, 61).
cost(13, 2, 41).
cost(13, 3, 51).
cost(13, 4, 45).
cost(13, 5, 41).
cost(13, 6, 9).
cost(13, 7, 34).
cost(13, 8, 21).
cost(13, 9, 41).
cost(13, 10, 22).
cost(13, 11, 14).
cost(13, 12, 45).
cost(13, 14, 19).
cost(13, 15, 34).
cost(13, 16, 56).
cost(13, 17, 58).
cost(13, 18, 37).
cost(13, 19, 42).
cost(13, 20, 31).
cost(13, 21, 25).
cost(14, 1, 42).
cost(14, 2, 38).
cost(14, 3, 32).
cost(14, 4, 26).
cost(14, 5, 60).
cost(14, 6, 27).
cost(14, 7, 45).
cost(14, 8, 21).
cost(14, 9, 60).
cost(14, 10, 26).
cost(14, 11, 6).
cost(14, 12, 27).
cost(14, 13, 19).
cost(14, 15, 40).
cost(14, 16, 74).
cost(14, 17, 40).
cost(14, 18, 54).
cost(14, 19, 44).
cost(14, 20, 17).
cost(14, 21, 35).
cost(15, 1, 72).
cost(15, 2, 17).
cost(15, 3, 58).
cost(15, 4, 59).
cost(15, 5, 51).
cost(15, 6, 36).
cost(15, 7, 66).
cost(15, 8, 54).
cost(15, 9, 49).
cost(15, 10, 14).
cost(15, 11, 41).
cost(15, 12, 51).
cost(15, 13, 34).
cost(15, 14, 40).
cost(15, 16, 54).
cost(15, 17, 75).
cost(15, 18, 34).
cost(15, 19, 10).
cost(15, 20, 57).
cost(15, 21, 58).
cost(16, 1, 116).
cost(16, 2, 71).
cost(16, 3, 103).
cost(16, 4, 100).
cost(16, 5, 19).
cost(16, 6, 48).
cost(16, 7, 63).
cost(16, 8, 72).
cost(16, 9, 17).
cost(16, 10, 58).
cost(16, 11, 70).
cost(16, 12, 96).
cost(16, 13, 56).
cost(16, 14, 74).
cost(16, 15, 54).
cost(16, 17, 114).
cost(16, 18, 21).
cost(16, 19, 63).
cost(16, 20, 86).
cost(16, 21, 62).
cost(17, 1, 12).
cost(17, 2, 65).
cost(17, 3, 22).
cost(17, 4, 16).
cost(17, 5, 99).
cost(17, 6, 66).
cost(17, 7, 72).
cost(17, 8, 48).
cost(17, 9, 99).
cost(17, 10, 62).
cost(17, 11, 44).
cost(17, 12, 27).
cost(17, 13, 58).
cost(17, 14, 40).
cost(17, 15, 75).
cost(17, 16, 114).
cost(17, 18, 94).
cost(17, 19, 75).
cost(17, 20, 29).
cost(17, 21, 65).
cost(18, 1, 96).
cost(18, 2, 51).
cost(18, 3, 83).
cost(18, 4, 80).
cost(18, 5, 18).
cost(18, 6, 31).
cost(18, 7, 53).
cost(18, 8, 56).
cost(18, 9, 16).
cost(18, 10, 37).
cost(18, 11, 51).
cost(18, 12, 76).
cost(18, 13, 37).
cost(18, 14, 54).
cost(18, 15, 34).
cost(18, 16, 21).
cost(18, 17, 94).
cost(18, 19, 44).
cost(18, 20, 68).
cost(18, 21, 49).
cost(19, 1, 71).
cost(19, 2, 11).
cost(19, 3, 56).
cost(19, 4, 59).
cost(19, 5, 60).
cost(19, 6, 45).
cost(19, 7, 75).
cost(19, 8, 60).
cost(19, 9, 59).
cost(19, 10, 20).
cost(19, 11, 46).
cost(19, 12, 49).
cost(19, 13, 42).
cost(19, 14, 44).
cost(19, 15, 10).
cost(19, 16, 63).
cost(19, 17, 75).
cost(19, 18, 44).
cost(19, 20, 60).
cost(19, 21, 67).
cost(20, 1, 36).
cost(20, 2, 54).
cost(20, 3, 32).
cost(20, 4, 22).
cost(20, 5, 71).
cost(20, 6, 38).
cost(20, 7, 44).
cost(20, 8, 18).
cost(20, 9, 71).
cost(20, 10, 43).
cost(20, 11, 18).
cost(20, 12, 30).
cost(20, 13, 31).
cost(20, 14, 17).
cost(20, 15, 57).
cost(20, 16, 86).
cost(20, 17, 29).
cost(20, 18, 68).
cost(20, 19, 60).
cost(20, 21, 36).
cost(21, 1, 72).
cost(21, 2, 66).
cost(21, 3, 66).
cost(21, 4, 57).
cost(21, 5, 43).
cost(21, 6, 23).
cost(21, 7, 10).
cost(21, 8, 17).
cost(21, 9, 45).
cost(21, 10, 47).
cost(21, 11, 29).
cost(21, 12, 61).
cost(21, 13, 25).
cost(21, 14, 35).
cost(21, 15, 58).
cost(21, 16, 62).
cost(21, 17, 65).
cost(21, 18, 49).
cost(21, 19, 67).
cost(21, 20, 36).
nocross(1,3).
nocross(1,4).
nocross(1,11).
nocross(1,12).
nocross(1,17).
nocross(1,20).
nocross(2,3).
nocross(2,10).
nocross(2,12).
nocross(2,13).
nocross(2,14).
nocross(2,15).
nocross(2,19).
nocross(3,1).
nocross(3,2).
nocross(3,4).
nocross(3,11).
nocross(3,12).
nocross(3,14).
nocross(3,17).
nocross(4,1).
nocross(4,3).
nocross(4,8).
nocross(4,11).
nocross(4,12).
nocross(4,14).
nocross(4,17).
nocross(4,20).
nocross(5,6).
nocross(5,7).
nocross(5,9).
nocross(5,13).
nocross(5,16).
nocross(5,21).
nocross(6,5).
nocross(6,7).
nocross(6,8).
nocross(6,9).
nocross(6,10).
nocross(6,11).
nocross(6,13).
nocross(6,14).
nocross(6,18).
nocross(6,21).
nocross(7,5).
nocross(7,6).
nocross(7,8).
nocross(7,9).
nocross(7,11).
nocross(7,13).
nocross(7,20).
nocross(7,21).
nocross(8,4).
nocross(8,5).
nocross(8,6).
nocross(8,7).
nocross(8,11).
nocross(8,13).
nocross(8,14).
nocross(8,17).
nocross(8,20).
nocross(8,21).
nocross(9,5).
nocross(9,6).
nocross(9,13).
nocross(9,16).
nocross(9,18).
nocross(10,2).
nocross(10,6).
nocross(10,11).
nocross(10,12).
nocross(10,13).
nocross(10,14).
nocross(10,15).
nocross(10,18).
nocross(10,19).
nocross(11,2).
nocross(11,3).
nocross(11,4).
nocross(11,6).
nocross(11,8).
nocross(11,10).
nocross(11,12).
nocross(11,13).
nocross(11,14).
nocross(11,20).
nocross(11,21).
nocross(12,1).
nocross(12,2).
nocross(12,3).
nocross(12,4).
nocross(12,10).
nocross(12,11).
nocross(12,14).
nocross(12,17).
nocross(12,20).
nocross(13,2).
nocross(13,5).
nocross(13,6).
nocross(13,7).
nocross(13,8).
nocross(13,9).
nocross(13,10).
nocross(13,11).
nocross(13,14).
nocross(13,15).
nocross(13,20).
nocross(13,21).
nocross(14,2).
nocross(14,3).
nocross(14,4).
nocross(14,6).
nocross(14,8).
nocross(14,10).
nocross(14,11).
nocross(14,12).
nocross(14,13).
nocross(14,17).
nocross(14,20).
nocross(14,21).
nocross(15,2).
nocross(15,6).
nocross(15,10).
nocross(15,13).
nocross(15,14).
nocross(15,18).
nocross(15,19).
nocross(16,5).
nocross(16,9).
nocross(16,15).
nocross(16,18).
nocross(17,1).
nocross(17,3).
nocross(17,4).
nocross(17,8).
nocross(17,11).
nocross(17,12).
nocross(17,14).
nocross(17,20).
nocross(18,5).
nocross(18,6).
nocross(18,9).
nocross(18,10).
nocross(18,13).
nocross(18,15).
nocross(18,16).
nocross(18,19).
nocross(19,2).
nocross(19,10).
nocross(19,15).
nocross(19,18).
nocross(20,1).
nocross(20,3).
nocross(20,4).
nocross(20,6).
nocross(20,7).
nocross(20,8).
nocross(20,11).
nocross(20,12).
nocross(20,13).
nocross(20,14).
nocross(20,17).
nocross(20,21).
nocross(21,5).
nocross(21,6).
nocross(21,7).
nocross(21,8).
nocross(21,11).
nocross(21,13).
nocross(21,14).
nocross(21,20).
