dimension(21).
point(1, 50.1976593702, 76.1831321478).
point(2, 95.0857138984, 6.7684110738).
point(3, 17.0905239509, 30.7141200936).
point(4, 35.5166528802, 72.332427978).
point(5, 83.6234982746, 23.4895790038).
point(6, 97.1679488167, 23.4517511858).
point(7, 66.1224735563, 93.3628483765).
point(8, 74.3991926391, 26.9714960238).
point(9, 59.4433187552, 35.6442539931).
point(10, 4.9470636305, 46.8656281022).
point(11, 80.7251831638, 6.3681482825).
point(12, 68.5054381639, 97.3840043588).
point(13, 9.0436110611, 61.3682137096).
point(14, 42.8227700443, 19.2267728366).
point(15, 54.0204545306, 95.5715646304).
point(16, 17.8302575171, 41.4421816668).
point(17, 53.9911432971, 13.6920578243).
point(18, 58.8185772155, 98.7869489834).
point(19, 23.6329001764, 70.9634926291).
point(20, 54.0368703629, 69.0786946334).
point(21, 93.4801667664, 45.5322858093).
cost(1, 2, 83).
cost(1, 3, 56).
cost(1, 4, 15).
cost(1, 5, 62).
cost(1, 6, 71).
cost(1, 7, 23).
cost(1, 8, 55).
cost(1, 9, 42).
cost(1, 10, 54).
cost(1, 11, 76).
cost(1, 12, 28).
cost(1, 13, 44).
cost(1, 14, 57).
cost(1, 15, 20).
cost(1, 16, 47).
cost(1, 17, 63).
cost(1, 18, 24).
cost(1, 19, 27).
cost(1, 20, 8).
cost(1, 21, 53).
cost(2, 1, 83).
cost(2, 3, 82).
cost(2, 4, 89).
cost(2, 5, 20).
cost(2, 6, 17).
cost(2, 7, 91).
cost(2, 8, 29).
cost(2, 9, 46).
cost(2, 10, 99).
cost(2, 11, 14).
cost(2, 12, 94).
cost(2, 13, 102).
cost(2, 14, 54).
cost(2, 15, 98).
cost(2, 16, 85).
cost(2, 17, 42).
cost(2, 18, 99).
cost(2, 19, 96).
cost(2, 20, 75).
cost(2, 21, 39).
cost(3, 1, 56).
cost(3, 2, 82).
cost(3, 4, 46).
cost(3, 5, 67).
cost(3, 6, 80).
cost(3, 7, 80).
cost(3, 8, 57).
cost(3, 9, 43).
cost(3, 10, 20).
cost(3, 11, 68).
cost(3, 12, 84).
cost(3, 13, 32).
cost(3, 14, 28).
cost(3, 15, 75).
cost(3, 16, 11).
cost(3, 17, 41).
cost(3, 18, 80).
cost(3, 19, 41).
cost(3, 20, 53).
cost(3, 21, 78).
cost(4, 1, 15).
cost(4, 2, 89).
cost(4, 3, 46).
cost(4, 5, 69).
cost(4, 6, 79).
cost(4, 7, 37).
cost(4, 8, 60).
cost(4, 9, 44).
cost(4, 10, 40).
cost(4, 11, 80).
cost(4, 12, 41).
cost(4, 13, 29).
cost(4, 14, 54).
cost(4, 15, 30).
cost(4, 16, 36).
cost(4, 17, 61).
cost(4, 18, 35).
cost(4, 19, 12).
cost(4, 20, 19).
cost(4, 21, 64).
cost(5, 1, 62).
cost(5, 2, 20).
cost(5, 3, 67).
cost(5, 4, 69).
cost(5, 6, 14).
cost(5, 7, 72).
cost(5, 8, 10).
cost(5, 9, 27).
cost(5, 10, 82).
cost(5, 11, 17).
cost(5, 12, 75).
cost(5, 13, 84).
cost(5, 14, 41).
cost(5, 15, 78).
cost(5, 16, 68).
cost(5, 17, 31).
cost(5, 18, 79).
cost(5, 19, 77).
cost(5, 20, 54).
cost(5, 21, 24).
cost(6, 1, 71).
cost(6, 2, 17).
cost(6, 3, 80).
cost(6, 4, 79).
cost(6, 5, 14).
cost(6, 7, 76).
cost(6, 8, 23).
cost(6, 9, 40).
cost(6, 10, 95).
cost(6, 11, 24).
cost(6, 12, 79).
cost(6, 13, 96).
cost(6, 14, 55).
cost(6, 15, 84).
cost(6, 16, 81).
cost(6, 17, 44).
cost(6, 18, 85).
cost(6, 19, 88).
cost(6, 20, 63).
cost(6, 21, 22).
cost(7, 1, 23).
cost(7, 2, 91).
cost(7, 3, 80).
cost(7, 4, 37).
cost(7, 5, 72).
cost(7, 6, 76).
cost(7, 8, 67).
cost(7, 9, 58).
cost(7, 10, 77).
cost(7, 11, 88).
cost(7, 12, 5).
cost(7, 13, 65).
cost(7, 14, 78).
cost(7, 15, 12).
cost(7, 16, 71).
cost(7, 17, 81).
cost(7, 18, 9).
cost(7, 19, 48).
cost(7, 20, 27).
cost(7, 21, 55).
cost(8, 1, 55).
cost(8, 2, 29).
cost(8, 3, 57).
cost(8, 4, 60).
cost(8, 5, 10).
cost(8, 6, 23).
cost(8, 7, 67).
cost(8, 9, 17).
cost(8, 10, 72).
cost(8, 11, 22).
cost(8, 12, 71).
cost(8, 13, 74).
cost(8, 14, 33).
cost(8, 15, 72).
cost(8, 16, 58).
cost(8, 17, 24).
cost(8, 18, 73).
cost(8, 19, 67).
cost(8, 20, 47).
cost(8, 21, 27).
cost(9, 1, 42).
cost(9, 2, 46).
cost(9, 3, 43).
cost(9, 4, 44).
cost(9, 5, 27).
cost(9, 6, 40).
cost(9, 7, 58).
cost(9, 8, 17).
cost(9, 10, 56).
cost(9, 11, 36).
cost(9, 12, 62).
cost(9, 13, 57).
cost(9, 14, 23).
cost(9, 15, 60).
cost(9, 16, 42).
cost(9, 17, 23).
cost(9, 18, 63).
cost(9, 19, 50).
cost(9, 20, 34).
cost(9, 21, 35).
cost(10, 1, 54).
cost(10, 2, 99).
cost(10, 3, 20).
cost(10, 4, 40).
cost(10, 5, 82).
cost(10, 6, 95).
cost(10, 7, 77).
cost(10, 8, 72).
cost(10, 9, 56).
cost(10, 11, 86).
cost(10, 12, 81).
cost(10, 13, 15).
cost(10, 14, 47).
cost(10, 15, 69).
cost(10, 16, 14).
cost(10, 17, 59).
cost(10, 18, 75).
cost(10, 19, 30).
cost(10, 20, 54).
cost(10, 21, 89).
cost(11, 1, 76).
cost(11, 2, 14).
cost(11, 3, 68).
cost(11, 4, 80).
cost(11, 5, 17).
cost(11, 6, 24).
cost(11, 7, 88).
cost(11, 8, 22).
cost(11, 9, 36).
cost(11, 10, 86).
cost(11, 12, 92).
cost(11, 13, 90).
cost(11, 14, 40).
cost(11, 15, 93).
cost(11, 16, 72).
cost(11, 17, 28).
cost(11, 18, 95).
cost(11, 19, 86).
cost(11, 20, 68).
cost(11, 21, 41).
cost(12, 1, 28).
cost(12, 2, 94).
cost(12, 3, 84).
cost(12, 4, 41).
cost(12, 5, 75).
cost(12, 6, 79).
cost(12, 7, 5).
cost(12, 8, 71).
cost(12, 9, 62).
cost(12, 10, 81).
cost(12, 11, 92).
cost(12, 13, 70).
cost(12, 14, 82).
cost(12, 15, 15).
cost(12, 16, 75).
cost(12, 17, 85).
cost(12, 18, 10).
cost(12, 19, 52).
cost(12, 20, 32).
cost(12, 21, 58).
cost(13, 1, 44).
cost(13, 2, 102).
cost(13, 3, 32).
cost(13, 4, 29).
cost(13, 5, 84).
cost(13, 6, 96).
cost(13, 7, 65).
cost(13, 8, 74).
cost(13, 9, 57).
cost(13, 10, 15).
cost(13, 11, 90).
cost(13, 12, 70).
cost(13, 14, 54).
cost(13, 15, 57).
cost(13, 16, 22).
cost(13, 17, 66).
cost(13, 18, 62).
cost(13, 19, 17).
cost(13, 20, 46).
cost(13, 21, 86).
cost(14, 1, 57).
cost(14, 2, 54).
cost(14, 3, 28).
cost(14, 4, 54).
cost(14, 5, 41).
cost(14, 6, 55).
cost(14, 7, 78).
cost(14, 8, 33).
cost(14, 9, 23).
cost(14, 10, 47).
cost(14, 11, 40).
cost(14, 12, 82).
cost(14, 13, 54).
cost(14, 15, 77).
cost(14, 16, 33).
cost(14, 17, 12).
cost(14, 18, 81).
cost(14, 19, 55).
cost(14, 20, 51).
cost(14, 21, 57).
cost(15, 1, 20).
cost(15, 2, 98).
cost(15, 3, 75).
cost(15, 4, 30).
cost(15, 5, 78).
cost(15, 6, 84).
cost(15, 7, 12).
cost(15, 8, 72).
cost(15, 9, 60).
cost(15, 10, 69).
cost(15, 11, 93).
cost(15, 12, 15).
cost(15, 13, 57).
cost(15, 14, 77).
cost(15, 16, 65).
cost(15, 17, 82).
cost(15, 18, 6).
cost(15, 19, 39).
cost(15, 20, 26).
cost(15, 21, 64).
cost(16, 1, 47).
cost(16, 2, 85).
cost(16, 3, 11).
cost(16, 4, 36).
cost(16, 5, 68).
cost(16, 6, 81).
cost(16, 7, 71).
cost(16, 8, 58).
cost(16, 9, 42).
cost(16, 10, 14).
cost(16, 11, 72).
cost(16, 12, 75).
cost(16, 13, 22).
cost(16, 14, 33).
cost(16, 15, 65).
cost(16, 17, 46).
cost(16, 18, 70).
cost(16, 19, 30).
cost(16, 20, 46).
cost(16, 21, 76).
cost(17, 1, 63).
cost(17, 2, 42).
cost(17, 3, 41).
cost(17, 4, 61).
cost(17, 5, 31).
cost(17, 6, 44).
cost(17, 7, 81).
cost(17, 8, 24).
cost(17, 9, 23).
cost(17, 10, 59).
cost(17, 11, 28).
cost(17, 12, 85).
cost(17, 13, 66).
cost(17, 14, 12).
cost(17, 15, 82).
cost(17, 16, 46).
cost(17, 18, 85).
cost(17, 19, 65).
cost(17, 20, 55).
cost(17, 21, 51).
cost(18, 1, 24).
cost(18, 2, 99).
cost(18, 3, 80).
cost(18, 4, 35).
cost(18, 5, 79).
cost(18, 6, 85).
cost(18, 7, 9).
cost(18, 8, 73).
cost(18, 9, 63).
cost(18, 10, 75).
cost(18, 11, 95).
cost(18, 12, 10).
cost(18, 13, 62).
cost(18, 14, 81).
cost(18, 15, 6).
cost(18, 16, 70).
cost(18, 17, 85).
cost(18, 19, 45).
cost(18, 20, 30).
cost(18, 21, 64).
cost(19, 1, 27).
cost(19, 2, 96).
cost(19, 3, 41).
cost(19, 4, 12).
cost(19, 5, 77).
cost(19, 6, 88).
cost(19, 7, 48).
cost(19, 8, 67).
cost(19, 9, 50).
cost(19, 10, 30).
cost(19, 11, 86).
cost(19, 12, 52).
cost(19, 13, 17).
cost(19, 14, 55).
cost(19, 15, 39).
cost(19, 16, 30).
cost(19, 17, 65).
cost(19, 18, 45).
cost(19, 20, 30).
cost(19, 21, 74).
cost(20, 1, 8).
cost(20, 2, 75).
cost(20, 3, 53).
cost(20, 4, 19).
cost(20, 5, 54).
cost(20, 6, 63).
cost(20, 7, 27).
cost(20, 8, 47).
cost(20, 9, 34).
cost(20, 10, 54).
cost(20, 11, 68).
cost(20, 12, 32).
cost(20, 13, 46).
cost(20, 14, 51).
cost(20, 15, 26).
cost(20, 16, 46).
cost(20, 17, 55).
cost(20, 18, 30).
cost(20, 19, 30).
cost(20, 21, 46).
cost(21, 1, 53).
cost(21, 2, 39).
cost(21, 3, 78).
cost(21, 4, 64).
cost(21, 5, 24).
cost(21, 6, 22).
cost(21, 7, 55).
cost(21, 8, 27).
cost(21, 9, 35).
cost(21, 10, 89).
cost(21, 11, 41).
cost(21, 12, 58).
cost(21, 13, 86).
cost(21, 14, 57).
cost(21, 15, 64).
cost(21, 16, 76).
cost(21, 17, 51).
cost(21, 18, 64).
cost(21, 19, 74).
cost(21, 20, 46).
nocross(1,4).
nocross(1,7).
nocross(1,12).
nocross(1,15).
nocross(1,16).
nocross(1,18).
nocross(1,19).
nocross(1,20).
nocross(2,5).
nocross(2,6).
nocross(2,8).
nocross(2,11).
nocross(2,17).
nocross(2,21).
nocross(3,10).
nocross(3,13).
nocross(3,14).
nocross(3,16).
nocross(3,17).
nocross(4,1).
nocross(4,7).
nocross(4,10).
nocross(4,12).
nocross(4,13).
nocross(4,15).
nocross(4,16).
nocross(4,18).
nocross(4,19).
nocross(4,20).
nocross(5,2).
nocross(5,6).
nocross(5,8).
nocross(5,9).
nocross(5,11).
nocross(5,17).
nocross(5,21).
nocross(6,2).
nocross(6,5).
nocross(6,8).
nocross(6,11).
nocross(6,21).
nocross(7,1).
nocross(7,4).
nocross(7,12).
nocross(7,15).
nocross(7,18).
nocross(7,20).
nocross(8,2).
nocross(8,5).
nocross(8,6).
nocross(8,9).
nocross(8,11).
nocross(8,14).
nocross(8,17).
nocross(8,20).
nocross(8,21).
nocross(9,1).
nocross(9,3).
nocross(9,4).
nocross(9,5).
nocross(9,8).
nocross(9,14).
nocross(9,16).
nocross(9,17).
nocross(9,20).
nocross(9,21).
nocross(10,3).
nocross(10,4).
nocross(10,13).
nocross(10,14).
nocross(10,16).
nocross(10,19).
nocross(11,2).
nocross(11,5).
nocross(11,6).
nocross(11,8).
nocross(11,9).
nocross(11,14).
nocross(11,17).
nocross(12,1).
nocross(12,4).
nocross(12,7).
nocross(12,15).
nocross(12,18).
nocross(12,20).
nocross(13,3).
nocross(13,4).
nocross(13,10).
nocross(13,16).
nocross(13,19).
nocross(14,3).
nocross(14,5).
nocross(14,8).
nocross(14,9).
nocross(14,10).
nocross(14,16).
nocross(14,17).
nocross(15,1).
nocross(15,4).
nocross(15,7).
nocross(15,12).
nocross(15,13).
nocross(15,18).
nocross(15,19).
nocross(15,20).
nocross(16,1).
nocross(16,3).
nocross(16,4).
nocross(16,10).
nocross(16,13).
nocross(16,14).
nocross(16,19).
nocross(17,3).
nocross(17,5).
nocross(17,8).
nocross(17,9).
nocross(17,11).
nocross(17,14).
nocross(17,16).
nocross(18,1).
nocross(18,4).
nocross(18,7).
nocross(18,12).
nocross(18,15).
nocross(18,19).
nocross(18,20).
nocross(19,1).
nocross(19,3).
nocross(19,4).
nocross(19,10).
nocross(19,12).
nocross(19,13).
nocross(19,15).
nocross(19,16).
nocross(19,18).
nocross(19,20).
nocross(20,1).
nocross(20,4).
nocross(20,7).
nocross(20,8).
nocross(20,9).
nocross(20,12).
nocross(20,15).
nocross(20,18).
nocross(20,19).
nocross(21,2).
nocross(21,5).
nocross(21,6).
nocross(21,7).
nocross(21,8).
nocross(21,9).
nocross(21,12).
nocross(21,20).
