dimension(21).
point(1, 61.7804971397, 89.4217177489).
point(2, 11.3648059816, 51.972712893).
point(3, 70.6571956546, 10.1233380625).
point(4, 64.85833687, 76.1734233109).
point(5, 21.1254490603, 69.9364346137).
point(6, 98.6008527228, 27.7805883485).
point(7, 65.6500013798, 15.9776650915).
point(8, 15.3230421261, 88.0458645498).
point(9, 50.3120243076, 39.9046261407).
point(10, 83.405835523, 51.5468541555).
point(11, 18.5604161442, 27.21540084).
point(12, 53.2278360181, 43.9356916605).
point(13, 48.544800282, 12.6350982246).
point(14, 68.6806452718, 72.0527152355).
point(15, 76.667826375, 79.6518685877).
point(16, 60.7714990704, 14.0714792502).
point(17, 38.5858140195, 45.6150952873).
point(18, 96.7104601889, 39.7742855876).
point(19, 7.3032399175, 77.7657653368).
point(20, 72.6400521847, 95.4749493162).
point(21, 88.6136941842, 49.8823659063).
cost(1, 2, 63).
cost(1, 3, 80).
cost(1, 4, 14).
cost(1, 5, 45).
cost(1, 6, 72).
cost(1, 7, 74).
cost(1, 8, 46).
cost(1, 9, 51).
cost(1, 10, 44).
cost(1, 11, 76).
cost(1, 12, 46).
cost(1, 13, 78).
cost(1, 14, 19).
cost(1, 15, 18).
cost(1, 16, 75).
cost(1, 17, 50).
cost(1, 18, 61).
cost(1, 19, 56).
cost(1, 20, 12).
cost(1, 21, 48).
cost(2, 1, 63).
cost(2, 3, 73).
cost(2, 4, 59).
cost(2, 5, 20).
cost(2, 6, 91).
cost(2, 7, 65).
cost(2, 8, 36).
cost(2, 9, 41).
cost(2, 10, 72).
cost(2, 11, 26).
cost(2, 12, 43).
cost(2, 13, 54).
cost(2, 14, 61).
cost(2, 15, 71).
cost(2, 16, 62).
cost(2, 17, 28).
cost(2, 18, 86).
cost(2, 19, 26).
cost(2, 20, 75).
cost(2, 21, 77).
cost(3, 1, 80).
cost(3, 2, 73).
cost(3, 4, 66).
cost(3, 5, 78).
cost(3, 6, 33).
cost(3, 7, 8).
cost(3, 8, 96).
cost(3, 9, 36).
cost(3, 10, 43).
cost(3, 11, 55).
cost(3, 12, 38).
cost(3, 13, 22).
cost(3, 14, 62).
cost(3, 15, 70).
cost(3, 16, 11).
cost(3, 17, 48).
cost(3, 18, 39).
cost(3, 19, 93).
cost(3, 20, 85).
cost(3, 21, 44).
cost(4, 1, 14).
cost(4, 2, 59).
cost(4, 3, 66).
cost(4, 5, 44).
cost(4, 6, 59).
cost(4, 7, 60).
cost(4, 8, 51).
cost(4, 9, 39).
cost(4, 10, 31).
cost(4, 11, 67).
cost(4, 12, 34).
cost(4, 13, 66).
cost(4, 14, 6).
cost(4, 15, 12).
cost(4, 16, 62).
cost(4, 17, 40).
cost(4, 18, 48).
cost(4, 19, 58).
cost(4, 20, 21).
cost(4, 21, 35).
cost(5, 1, 45).
cost(5, 2, 20).
cost(5, 3, 78).
cost(5, 4, 44).
cost(5, 6, 88).
cost(5, 7, 70).
cost(5, 8, 19).
cost(5, 9, 42).
cost(5, 10, 65).
cost(5, 11, 43).
cost(5, 12, 41).
cost(5, 13, 64).
cost(5, 14, 48).
cost(5, 15, 56).
cost(5, 16, 69).
cost(5, 17, 30).
cost(5, 18, 81).
cost(5, 19, 16).
cost(5, 20, 57).
cost(5, 21, 70).
cost(6, 1, 72).
cost(6, 2, 91).
cost(6, 3, 33).
cost(6, 4, 59).
cost(6, 5, 88).
cost(6, 7, 35).
cost(6, 8, 103).
cost(6, 9, 50).
cost(6, 10, 28).
cost(6, 11, 80).
cost(6, 12, 48).
cost(6, 13, 52).
cost(6, 14, 53).
cost(6, 15, 56).
cost(6, 16, 40).
cost(6, 17, 63).
cost(6, 18, 12).
cost(6, 19, 104).
cost(6, 20, 73).
cost(6, 21, 24).
cost(7, 1, 74).
cost(7, 2, 65).
cost(7, 3, 8).
cost(7, 4, 60).
cost(7, 5, 70).
cost(7, 6, 35).
cost(7, 8, 88).
cost(7, 9, 28).
cost(7, 10, 40).
cost(7, 11, 48).
cost(7, 12, 31).
cost(7, 13, 17).
cost(7, 14, 56).
cost(7, 15, 65).
cost(7, 16, 5).
cost(7, 17, 40).
cost(7, 18, 39).
cost(7, 19, 85).
cost(7, 20, 80).
cost(7, 21, 41).
cost(8, 1, 46).
cost(8, 2, 36).
cost(8, 3, 96).
cost(8, 4, 51).
cost(8, 5, 19).
cost(8, 6, 103).
cost(8, 7, 88).
cost(8, 9, 60).
cost(8, 10, 77).
cost(8, 11, 61).
cost(8, 12, 58).
cost(8, 13, 82).
cost(8, 14, 56).
cost(8, 15, 62).
cost(8, 16, 87).
cost(8, 17, 48).
cost(8, 18, 95).
cost(8, 19, 13).
cost(8, 20, 58).
cost(8, 21, 83).
cost(9, 1, 51).
cost(9, 2, 41).
cost(9, 3, 36).
cost(9, 4, 39).
cost(9, 5, 42).
cost(9, 6, 50).
cost(9, 7, 28).
cost(9, 8, 60).
cost(9, 10, 35).
cost(9, 11, 34).
cost(9, 12, 5).
cost(9, 13, 27).
cost(9, 14, 37).
cost(9, 15, 48).
cost(9, 16, 28).
cost(9, 17, 13).
cost(9, 18, 46).
cost(9, 19, 57).
cost(9, 20, 60).
cost(9, 21, 40).
cost(10, 1, 44).
cost(10, 2, 72).
cost(10, 3, 43).
cost(10, 4, 31).
cost(10, 5, 65).
cost(10, 6, 28).
cost(10, 7, 40).
cost(10, 8, 77).
cost(10, 9, 35).
cost(10, 11, 69).
cost(10, 12, 31).
cost(10, 13, 52).
cost(10, 14, 25).
cost(10, 15, 29).
cost(10, 16, 44).
cost(10, 17, 45).
cost(10, 18, 18).
cost(10, 19, 80).
cost(10, 20, 45).
cost(10, 21, 5).
cost(11, 1, 76).
cost(11, 2, 26).
cost(11, 3, 55).
cost(11, 4, 67).
cost(11, 5, 43).
cost(11, 6, 80).
cost(11, 7, 48).
cost(11, 8, 61).
cost(11, 9, 34).
cost(11, 10, 69).
cost(11, 12, 38).
cost(11, 13, 33).
cost(11, 14, 67).
cost(11, 15, 78).
cost(11, 16, 44).
cost(11, 17, 27).
cost(11, 18, 79).
cost(11, 19, 52).
cost(11, 20, 87).
cost(11, 21, 74).
cost(12, 1, 46).
cost(12, 2, 43).
cost(12, 3, 38).
cost(12, 4, 34).
cost(12, 5, 41).
cost(12, 6, 48).
cost(12, 7, 31).
cost(12, 8, 58).
cost(12, 9, 5).
cost(12, 10, 31).
cost(12, 11, 38).
cost(12, 13, 32).
cost(12, 14, 32).
cost(12, 15, 43).
cost(12, 16, 31).
cost(12, 17, 15).
cost(12, 18, 44).
cost(12, 19, 57).
cost(12, 20, 55).
cost(12, 21, 36).
cost(13, 1, 78).
cost(13, 2, 54).
cost(13, 3, 22).
cost(13, 4, 66).
cost(13, 5, 64).
cost(13, 6, 52).
cost(13, 7, 17).
cost(13, 8, 82).
cost(13, 9, 27).
cost(13, 10, 52).
cost(13, 11, 33).
cost(13, 12, 32).
cost(13, 14, 63).
cost(13, 15, 73).
cost(13, 16, 12).
cost(13, 17, 34).
cost(13, 18, 55).
cost(13, 19, 77).
cost(13, 20, 86).
cost(13, 21, 55).
cost(14, 1, 19).
cost(14, 2, 61).
cost(14, 3, 62).
cost(14, 4, 6).
cost(14, 5, 48).
cost(14, 6, 53).
cost(14, 7, 56).
cost(14, 8, 56).
cost(14, 9, 37).
cost(14, 10, 25).
cost(14, 11, 67).
cost(14, 12, 32).
cost(14, 13, 63).
cost(14, 15, 11).
cost(14, 16, 59).
cost(14, 17, 40).
cost(14, 18, 43).
cost(14, 19, 62).
cost(14, 20, 24).
cost(14, 21, 30).
cost(15, 1, 18).
cost(15, 2, 71).
cost(15, 3, 70).
cost(15, 4, 12).
cost(15, 5, 56).
cost(15, 6, 56).
cost(15, 7, 65).
cost(15, 8, 62).
cost(15, 9, 48).
cost(15, 10, 29).
cost(15, 11, 78).
cost(15, 12, 43).
cost(15, 13, 73).
cost(15, 14, 11).
cost(15, 16, 67).
cost(15, 17, 51).
cost(15, 18, 45).
cost(15, 19, 69).
cost(15, 20, 16).
cost(15, 21, 32).
cost(16, 1, 75).
cost(16, 2, 62).
cost(16, 3, 11).
cost(16, 4, 62).
cost(16, 5, 69).
cost(16, 6, 40).
cost(16, 7, 5).
cost(16, 8, 87).
cost(16, 9, 28).
cost(16, 10, 44).
cost(16, 11, 44).
cost(16, 12, 31).
cost(16, 13, 12).
cost(16, 14, 59).
cost(16, 15, 67).
cost(16, 17, 39).
cost(16, 18, 44).
cost(16, 19, 83).
cost(16, 20, 82).
cost(16, 21, 45).
cost(17, 1, 50).
cost(17, 2, 28).
cost(17, 3, 48).
cost(17, 4, 40).
cost(17, 5, 30).
cost(17, 6, 63).
cost(17, 7, 40).
cost(17, 8, 48).
cost(17, 9, 13).
cost(17, 10, 45).
cost(17, 11, 27).
cost(17, 12, 15).
cost(17, 13, 34).
cost(17, 14, 40).
cost(17, 15, 51).
cost(17, 16, 39).
cost(17, 18, 58).
cost(17, 19, 45).
cost(17, 20, 60).
cost(17, 21, 50).
cost(18, 1, 61).
cost(18, 2, 86).
cost(18, 3, 39).
cost(18, 4, 48).
cost(18, 5, 81).
cost(18, 6, 12).
cost(18, 7, 39).
cost(18, 8, 95).
cost(18, 9, 46).
cost(18, 10, 18).
cost(18, 11, 79).
cost(18, 12, 44).
cost(18, 13, 55).
cost(18, 14, 43).
cost(18, 15, 45).
cost(18, 16, 44).
cost(18, 17, 58).
cost(18, 19, 97).
cost(18, 20, 61).
cost(18, 21, 13).
cost(19, 1, 56).
cost(19, 2, 26).
cost(19, 3, 93).
cost(19, 4, 58).
cost(19, 5, 16).
cost(19, 6, 104).
cost(19, 7, 85).
cost(19, 8, 13).
cost(19, 9, 57).
cost(19, 10, 80).
cost(19, 11, 52).
cost(19, 12, 57).
cost(19, 13, 77).
cost(19, 14, 62).
cost(19, 15, 69).
cost(19, 16, 83).
cost(19, 17, 45).
cost(19, 18, 97).
cost(19, 20, 68).
cost(19, 21, 86).
cost(20, 1, 12).
cost(20, 2, 75).
cost(20, 3, 85).
cost(20, 4, 21).
cost(20, 5, 57).
cost(20, 6, 73).
cost(20, 7, 80).
cost(20, 8, 58).
cost(20, 9, 60).
cost(20, 10, 45).
cost(20, 11, 87).
cost(20, 12, 55).
cost(20, 13, 86).
cost(20, 14, 24).
cost(20, 15, 16).
cost(20, 16, 82).
cost(20, 17, 60).
cost(20, 18, 61).
cost(20, 19, 68).
cost(20, 21, 48).
cost(21, 1, 48).
cost(21, 2, 77).
cost(21, 3, 44).
cost(21, 4, 35).
cost(21, 5, 70).
cost(21, 6, 24).
cost(21, 7, 41).
cost(21, 8, 83).
cost(21, 9, 40).
cost(21, 10, 5).
cost(21, 11, 74).
cost(21, 12, 36).
cost(21, 13, 55).
cost(21, 14, 30).
cost(21, 15, 32).
cost(21, 16, 45).
cost(21, 17, 50).
cost(21, 18, 13).
cost(21, 19, 86).
cost(21, 20, 48).
nocross(1,4).
nocross(1,8).
nocross(1,14).
nocross(1,15).
nocross(1,20).
nocross(2,5).
nocross(2,8).
nocross(2,9).
nocross(2,11).
nocross(2,12).
nocross(2,17).
nocross(2,19).
nocross(3,6).
nocross(3,7).
nocross(3,9).
nocross(3,12).
nocross(3,13).
nocross(3,16).
nocross(4,1).
nocross(4,5).
nocross(4,9).
nocross(4,10).
nocross(4,12).
nocross(4,14).
nocross(4,15).
nocross(4,20).
nocross(4,21).
nocross(5,1).
nocross(5,2).
nocross(5,4).
nocross(5,8).
nocross(5,9).
nocross(5,12).
nocross(5,17).
nocross(5,19).
nocross(6,3).
nocross(6,7).
nocross(6,10).
nocross(6,16).
nocross(6,18).
nocross(6,21).
nocross(7,3).
nocross(7,6).
nocross(7,9).
nocross(7,10).
nocross(7,12).
nocross(7,13).
nocross(7,16).
nocross(7,18).
nocross(8,1).
nocross(8,2).
nocross(8,4).
nocross(8,5).
nocross(8,19).
nocross(8,20).
nocross(9,4).
nocross(9,7).
nocross(9,10).
nocross(9,12).
nocross(9,13).
nocross(9,14).
nocross(9,16).
nocross(9,17).
nocross(9,21).
nocross(10,4).
nocross(10,6).
nocross(10,7).
nocross(10,9).
nocross(10,12).
nocross(10,14).
nocross(10,15).
nocross(10,18).
nocross(10,21).
nocross(11,2).
nocross(11,5).
nocross(11,7).
nocross(11,9).
nocross(11,12).
nocross(11,13).
nocross(11,16).
nocross(11,17).
nocross(12,3).
nocross(12,4).
nocross(12,7).
nocross(12,9).
nocross(12,10).
nocross(12,14).
nocross(12,16).
nocross(12,17).
nocross(12,21).
nocross(13,3).
nocross(13,7).
nocross(13,9).
nocross(13,11).
nocross(13,12).
nocross(13,16).
nocross(13,17).
nocross(14,1).
nocross(14,4).
nocross(14,9).
nocross(14,10).
nocross(14,12).
nocross(14,15).
nocross(14,21).
nocross(15,1).
nocross(15,4).
nocross(15,10).
nocross(15,14).
nocross(15,18).
nocross(15,20).
nocross(15,21).
nocross(16,3).
nocross(16,6).
nocross(16,7).
nocross(16,9).
nocross(16,12).
nocross(16,13).
nocross(17,2).
nocross(17,5).
nocross(17,7).
nocross(17,9).
nocross(17,11).
nocross(17,12).
nocross(17,13).
nocross(18,3).
nocross(18,6).
nocross(18,7).
nocross(18,10).
nocross(18,14).
nocross(18,15).
nocross(18,21).
nocross(19,2).
nocross(19,5).
nocross(19,8).
nocross(20,1).
nocross(20,4).
nocross(20,10).
nocross(20,14).
nocross(20,15).
nocross(21,4).
nocross(21,6).
nocross(21,7).
nocross(21,9).
nocross(21,10).
nocross(21,12).
nocross(21,14).
nocross(21,15).
nocross(21,18).
nocross(21,20).
