dimension(21).
point(1, 58.4697054999, 88.2696422535).
point(2, 2.0125143685, 44.771767067).
point(3, 18.647793037, 34.5518325846).
point(4, 41.2563304824, 69.4814650431).
point(5, 88.1382104491, 89.4006610271).
point(6, 15.5597443746, 32.7697077331).
point(7, 74.3805682666, 88.2057270469).
point(8, 80.0628090878, 50.5902258774).
point(9, 79.951772563, 51.9388920044).
point(10, 7.5968962833, 50.2491756566).
point(11, 55.5414407441, 14.947894179).
point(12, 41.1532877566, 83.0744342379).
point(13, 10.8118532276, 53.5689577958).
point(14, 83.0185973138, 47.3870355987).
point(15, 48.541176095, 87.8683456704).
point(16, 36.0551451904, 31.5483143497).
point(17, 96.5759179869, 78.8032316122).
point(18, 61.3702581555, 44.2070200103).
point(19, 70.9991660439, 2.6042630831).
point(20, 78.9042244548, 95.3872333492).
point(21, 52.0604443202, 15.1298079422).
cost(1, 2, 71).
cost(1, 3, 67).
cost(1, 4, 25).
cost(1, 5, 30).
cost(1, 6, 70).
cost(1, 7, 16).
cost(1, 8, 43).
cost(1, 9, 42).
cost(1, 10, 64).
cost(1, 11, 73).
cost(1, 12, 18).
cost(1, 13, 59).
cost(1, 14, 48).
cost(1, 15, 10).
cost(1, 16, 61).
cost(1, 17, 39).
cost(1, 18, 44).
cost(1, 19, 87).
cost(1, 20, 22).
cost(1, 21, 73).
cost(2, 1, 71).
cost(2, 3, 20).
cost(2, 4, 46).
cost(2, 5, 97).
cost(2, 6, 18).
cost(2, 7, 84).
cost(2, 8, 78).
cost(2, 9, 78).
cost(2, 10, 8).
cost(2, 11, 61).
cost(2, 12, 55).
cost(2, 13, 12).
cost(2, 14, 81).
cost(2, 15, 63).
cost(2, 16, 37).
cost(2, 17, 101).
cost(2, 18, 59).
cost(2, 19, 81).
cost(2, 20, 92).
cost(2, 21, 58).
cost(3, 1, 67).
cost(3, 2, 20).
cost(3, 4, 42).
cost(3, 5, 89).
cost(3, 6, 4).
cost(3, 7, 77).
cost(3, 8, 63).
cost(3, 9, 64).
cost(3, 10, 19).
cost(3, 11, 42).
cost(3, 12, 53).
cost(3, 13, 21).
cost(3, 14, 66).
cost(3, 15, 61).
cost(3, 16, 18).
cost(3, 17, 90).
cost(3, 18, 44).
cost(3, 19, 61).
cost(3, 20, 86).
cost(3, 21, 39).
cost(4, 1, 25).
cost(4, 2, 46).
cost(4, 3, 42).
cost(4, 5, 51).
cost(4, 6, 45).
cost(4, 7, 38).
cost(4, 8, 43).
cost(4, 9, 42).
cost(4, 10, 39).
cost(4, 11, 56).
cost(4, 12, 14).
cost(4, 13, 34).
cost(4, 14, 47).
cost(4, 15, 20).
cost(4, 16, 38).
cost(4, 17, 56).
cost(4, 18, 32).
cost(4, 19, 73).
cost(4, 20, 46).
cost(4, 21, 55).
cost(5, 1, 30).
cost(5, 2, 97).
cost(5, 3, 89).
cost(5, 4, 51).
cost(5, 6, 92).
cost(5, 7, 14).
cost(5, 8, 40).
cost(5, 9, 38).
cost(5, 10, 90).
cost(5, 11, 81).
cost(5, 12, 47).
cost(5, 13, 85).
cost(5, 14, 42).
cost(5, 15, 40).
cost(5, 16, 78).
cost(5, 17, 14).
cost(5, 18, 53).
cost(5, 19, 88).
cost(5, 20, 11).
cost(5, 21, 83).
cost(6, 1, 70).
cost(6, 2, 18).
cost(6, 3, 4).
cost(6, 4, 45).
cost(6, 5, 92).
cost(6, 7, 81).
cost(6, 8, 67).
cost(6, 9, 67).
cost(6, 10, 19).
cost(6, 11, 44).
cost(6, 12, 56).
cost(6, 13, 21).
cost(6, 14, 69).
cost(6, 15, 64).
cost(6, 16, 21).
cost(6, 17, 93).
cost(6, 18, 47).
cost(6, 19, 63).
cost(6, 20, 89).
cost(6, 21, 41).
cost(7, 1, 16).
cost(7, 2, 84).
cost(7, 3, 77).
cost(7, 4, 38).
cost(7, 5, 14).
cost(7, 6, 81).
cost(7, 8, 38).
cost(7, 9, 37).
cost(7, 10, 77).
cost(7, 11, 76).
cost(7, 12, 34).
cost(7, 13, 72).
cost(7, 14, 42).
cost(7, 15, 26).
cost(7, 16, 68).
cost(7, 17, 24).
cost(7, 18, 46).
cost(7, 19, 86).
cost(7, 20, 8).
cost(7, 21, 76).
cost(8, 1, 43).
cost(8, 2, 78).
cost(8, 3, 63).
cost(8, 4, 43).
cost(8, 5, 40).
cost(8, 6, 67).
cost(8, 7, 38).
cost(8, 9, 1).
cost(8, 10, 72).
cost(8, 11, 43).
cost(8, 12, 51).
cost(8, 13, 69).
cost(8, 14, 4).
cost(8, 15, 49).
cost(8, 16, 48).
cost(8, 17, 33).
cost(8, 18, 20).
cost(8, 19, 49).
cost(8, 20, 45).
cost(8, 21, 45).
cost(9, 1, 42).
cost(9, 2, 78).
cost(9, 3, 64).
cost(9, 4, 42).
cost(9, 5, 38).
cost(9, 6, 67).
cost(9, 7, 37).
cost(9, 8, 1).
cost(9, 10, 72).
cost(9, 11, 44).
cost(9, 12, 50).
cost(9, 13, 69).
cost(9, 14, 5).
cost(9, 15, 48).
cost(9, 16, 48).
cost(9, 17, 32).
cost(9, 18, 20).
cost(9, 19, 50).
cost(9, 20, 43).
cost(9, 21, 46).
cost(10, 1, 64).
cost(10, 2, 8).
cost(10, 3, 19).
cost(10, 4, 39).
cost(10, 5, 90).
cost(10, 6, 19).
cost(10, 7, 77).
cost(10, 8, 72).
cost(10, 9, 72).
cost(10, 11, 60).
cost(10, 12, 47).
cost(10, 13, 5).
cost(10, 14, 75).
cost(10, 15, 56).
cost(10, 16, 34).
cost(10, 17, 93).
cost(10, 18, 54).
cost(10, 19, 79).
cost(10, 20, 84).
cost(10, 21, 57).
cost(11, 1, 73).
cost(11, 2, 61).
cost(11, 3, 42).
cost(11, 4, 56).
cost(11, 5, 81).
cost(11, 6, 44).
cost(11, 7, 76).
cost(11, 8, 43).
cost(11, 9, 44).
cost(11, 10, 60).
cost(11, 12, 70).
cost(11, 13, 59).
cost(11, 14, 43).
cost(11, 15, 73).
cost(11, 16, 26).
cost(11, 17, 76).
cost(11, 18, 30).
cost(11, 19, 20).
cost(11, 20, 84).
cost(11, 21, 3).
cost(12, 1, 18).
cost(12, 2, 55).
cost(12, 3, 53).
cost(12, 4, 14).
cost(12, 5, 47).
cost(12, 6, 56).
cost(12, 7, 34).
cost(12, 8, 51).
cost(12, 9, 50).
cost(12, 10, 47).
cost(12, 11, 70).
cost(12, 13, 42).
cost(12, 14, 55).
cost(12, 15, 9).
cost(12, 16, 52).
cost(12, 17, 56).
cost(12, 18, 44).
cost(12, 19, 86).
cost(12, 20, 40).
cost(12, 21, 69).
cost(13, 1, 59).
cost(13, 2, 12).
cost(13, 3, 21).
cost(13, 4, 34).
cost(13, 5, 85).
cost(13, 6, 21).
cost(13, 7, 72).
cost(13, 8, 69).
cost(13, 9, 69).
cost(13, 10, 5).
cost(13, 11, 59).
cost(13, 12, 42).
cost(13, 14, 72).
cost(13, 15, 51).
cost(13, 16, 33).
cost(13, 17, 89).
cost(13, 18, 51).
cost(13, 19, 79).
cost(13, 20, 80).
cost(13, 21, 56).
cost(14, 1, 48).
cost(14, 2, 81).
cost(14, 3, 66).
cost(14, 4, 47).
cost(14, 5, 42).
cost(14, 6, 69).
cost(14, 7, 42).
cost(14, 8, 4).
cost(14, 9, 5).
cost(14, 10, 75).
cost(14, 11, 43).
cost(14, 12, 55).
cost(14, 13, 72).
cost(14, 15, 53).
cost(14, 16, 50).
cost(14, 17, 34).
cost(14, 18, 22).
cost(14, 19, 46).
cost(14, 20, 48).
cost(14, 21, 45).
cost(15, 1, 10).
cost(15, 2, 63).
cost(15, 3, 61).
cost(15, 4, 20).
cost(15, 5, 40).
cost(15, 6, 64).
cost(15, 7, 26).
cost(15, 8, 49).
cost(15, 9, 48).
cost(15, 10, 56).
cost(15, 11, 73).
cost(15, 12, 9).
cost(15, 13, 51).
cost(15, 14, 53).
cost(15, 16, 58).
cost(15, 17, 49).
cost(15, 18, 46).
cost(15, 19, 88).
cost(15, 20, 31).
cost(15, 21, 73).
cost(16, 1, 61).
cost(16, 2, 37).
cost(16, 3, 18).
cost(16, 4, 38).
cost(16, 5, 78).
cost(16, 6, 21).
cost(16, 7, 68).
cost(16, 8, 48).
cost(16, 9, 48).
cost(16, 10, 34).
cost(16, 11, 26).
cost(16, 12, 52).
cost(16, 13, 33).
cost(16, 14, 50).
cost(16, 15, 58).
cost(16, 17, 77).
cost(16, 18, 28).
cost(16, 19, 45).
cost(16, 20, 77).
cost(16, 21, 23).
cost(17, 1, 39).
cost(17, 2, 101).
cost(17, 3, 90).
cost(17, 4, 56).
cost(17, 5, 14).
cost(17, 6, 93).
cost(17, 7, 24).
cost(17, 8, 33).
cost(17, 9, 32).
cost(17, 10, 93).
cost(17, 11, 76).
cost(17, 12, 56).
cost(17, 13, 89).
cost(17, 14, 34).
cost(17, 15, 49).
cost(17, 16, 77).
cost(17, 18, 49).
cost(17, 19, 80).
cost(17, 20, 24).
cost(17, 21, 78).
cost(18, 1, 44).
cost(18, 2, 59).
cost(18, 3, 44).
cost(18, 4, 32).
cost(18, 5, 53).
cost(18, 6, 47).
cost(18, 7, 46).
cost(18, 8, 20).
cost(18, 9, 20).
cost(18, 10, 54).
cost(18, 11, 30).
cost(18, 12, 44).
cost(18, 13, 51).
cost(18, 14, 22).
cost(18, 15, 46).
cost(18, 16, 28).
cost(18, 17, 49).
cost(18, 19, 43).
cost(18, 20, 54).
cost(18, 21, 31).
cost(19, 1, 87).
cost(19, 2, 81).
cost(19, 3, 61).
cost(19, 4, 73).
cost(19, 5, 88).
cost(19, 6, 63).
cost(19, 7, 86).
cost(19, 8, 49).
cost(19, 9, 50).
cost(19, 10, 79).
cost(19, 11, 20).
cost(19, 12, 86).
cost(19, 13, 79).
cost(19, 14, 46).
cost(19, 15, 88).
cost(19, 16, 45).
cost(19, 17, 80).
cost(19, 18, 43).
cost(19, 20, 93).
cost(19, 21, 23).
cost(20, 1, 22).
cost(20, 2, 92).
cost(20, 3, 86).
cost(20, 4, 46).
cost(20, 5, 11).
cost(20, 6, 89).
cost(20, 7, 8).
cost(20, 8, 45).
cost(20, 9, 43).
cost(20, 10, 84).
cost(20, 11, 84).
cost(20, 12, 40).
cost(20, 13, 80).
cost(20, 14, 48).
cost(20, 15, 31).
cost(20, 16, 77).
cost(20, 17, 24).
cost(20, 18, 54).
cost(20, 19, 93).
cost(20, 21, 85).
cost(21, 1, 73).
cost(21, 2, 58).
cost(21, 3, 39).
cost(21, 4, 55).
cost(21, 5, 83).
cost(21, 6, 41).
cost(21, 7, 76).
cost(21, 8, 45).
cost(21, 9, 46).
cost(21, 10, 57).
cost(21, 11, 3).
cost(21, 12, 69).
cost(21, 13, 56).
cost(21, 14, 45).
cost(21, 15, 73).
cost(21, 16, 23).
cost(21, 17, 78).
cost(21, 18, 31).
cost(21, 19, 23).
cost(21, 20, 85).
nocross(1,4).
nocross(1,5).
nocross(1,7).
nocross(1,9).
nocross(1,12).
nocross(1,15).
nocross(1,18).
nocross(1,20).
nocross(2,3).
nocross(2,6).
nocross(2,10).
nocross(2,13).
nocross(2,16).
nocross(3,2).
nocross(3,4).
nocross(3,6).
nocross(3,10).
nocross(3,11).
nocross(3,13).
nocross(3,16).
nocross(3,21).
nocross(4,1).
nocross(4,2).
nocross(4,3).
nocross(4,6).
nocross(4,7).
nocross(4,8).
nocross(4,9).
nocross(4,10).
nocross(4,12).
nocross(4,13).
nocross(4,15).
nocross(4,16).
nocross(4,18).
nocross(4,20).
nocross(5,1).
nocross(5,7).
nocross(5,8).
nocross(5,9).
nocross(5,14).
nocross(5,15).
nocross(5,17).
nocross(5,20).
nocross(6,2).
nocross(6,3).
nocross(6,4).
nocross(6,10).
nocross(6,13).
nocross(6,16).
nocross(6,21).
nocross(7,1).
nocross(7,4).
nocross(7,5).
nocross(7,8).
nocross(7,9).
nocross(7,12).
nocross(7,15).
nocross(7,17).
nocross(7,20).
nocross(8,5).
nocross(8,7).
nocross(8,9).
nocross(8,11).
nocross(8,14).
nocross(8,17).
nocross(8,18).
nocross(8,21).
nocross(9,1).
nocross(9,5).
nocross(9,7).
nocross(9,8).
nocross(9,11).
nocross(9,14).
nocross(9,17).
nocross(9,18).
nocross(9,20).
nocross(9,21).
nocross(10,2).
nocross(10,3).
nocross(10,4).
nocross(10,6).
nocross(10,12).
nocross(10,13).
nocross(10,16).
nocross(11,3).
nocross(11,6).
nocross(11,8).
nocross(11,9).
nocross(11,14).
nocross(11,16).
nocross(11,18).
nocross(11,19).
nocross(11,21).
nocross(12,1).
nocross(12,4).
nocross(12,7).
nocross(12,10).
nocross(12,13).
nocross(12,15).
nocross(12,18).
nocross(12,20).
nocross(13,2).
nocross(13,3).
nocross(13,4).
nocross(13,6).
nocross(13,10).
nocross(13,12).
nocross(13,16).
nocross(14,5).
nocross(14,7).
nocross(14,8).
nocross(14,9).
nocross(14,11).
nocross(14,17).
nocross(14,18).
nocross(14,19).
nocross(14,21).
nocross(15,1).
nocross(15,4).
nocross(15,7).
nocross(15,12).
nocross(15,13).
nocross(15,20).
nocross(16,2).
nocross(16,3).
nocross(16,4).
nocross(16,6).
nocross(16,8).
nocross(16,10).
nocross(16,11).
nocross(16,13).
nocross(16,14).
nocross(16,18).
nocross(16,21).
nocross(17,1).
nocross(17,5).
nocross(17,7).
nocross(17,8).
nocross(17,9).
nocross(17,14).
nocross(17,20).
nocross(18,1).
nocross(18,3).
nocross(18,4).
nocross(18,6).
nocross(18,8).
nocross(18,9).
nocross(18,11).
nocross(18,12).
nocross(18,14).
nocross(18,16).
nocross(18,19).
nocross(18,21).
nocross(19,11).
nocross(19,14).
nocross(19,16).
nocross(19,18).
nocross(19,21).
nocross(20,1).
nocross(20,5).
nocross(20,7).
nocross(20,12).
nocross(20,15).
nocross(20,17).
nocross(21,3).
nocross(21,6).
nocross(21,8).
nocross(21,11).
nocross(21,14).
nocross(21,16).
nocross(21,18).
nocross(21,19).
