dimension(27).
point(1, 42.6265787776, 72.3205134265).
point(2, 8.7972233233, 53.0975257106).
point(3, 24.1121473636, 50.8071883658).
point(4, 25.6648191459, 56.9493081061).
point(5, 71.3160040969, 16.0433099013).
point(6, 23.717363911, 75.6548845085).
point(7, 67.3315552914, 44.1551034395).
point(8, 75.1311888547, 30.1303013939).
point(9, 91.2879662044, 97.7986732653).
point(10, 12.8669418568, 46.8847196007).
point(11, 68.5616667915, 40.7907356758).
point(12, 25.5694313548, 42.3101998145).
point(13, 31.4074417164, 1.8905859013).
point(14, 96.878996205, 93.7613417168).
point(15, 48.6809099035, 16.7701355044).
point(16, 33.6596849618, 52.241115516).
point(17, 80.9764258533, 11.7333566439).
point(18, 39.9793905213, 75.0014553324).
point(19, 77.4172341212, 6.1288410704).
point(20, 79.5401923441, 94.4732867216).
point(21, 75.395869877, 78.3248641445).
point(22, 82.0190459646, 46.931320064).
point(23, 55.4945094298, 40.552752786).
point(24, 52.6228423539, 24.4932423318).
point(25, 62.8803476615, 48.6174793734).
point(26, 83.0223148929, 80.2790781192).
point(27, 38.9900673268, 73.5771522076).
cost(1, 2, 39).
cost(1, 3, 28).
cost(1, 4, 23).
cost(1, 5, 63).
cost(1, 6, 19).
cost(1, 7, 37).
cost(1, 8, 53).
cost(1, 9, 55).
cost(1, 10, 39).
cost(1, 11, 41).
cost(1, 12, 35).
cost(1, 13, 71).
cost(1, 14, 58).
cost(1, 15, 56).
cost(1, 16, 22).
cost(1, 17, 72).
cost(1, 18, 4).
cost(1, 19, 75).
cost(1, 20, 43).
cost(1, 21, 33).
cost(1, 22, 47).
cost(1, 23, 34).
cost(1, 24, 49).
cost(1, 25, 31).
cost(1, 26, 41).
cost(1, 27, 4).
cost(2, 1, 39).
cost(2, 3, 15).
cost(2, 4, 17).
cost(2, 5, 73).
cost(2, 6, 27).
cost(2, 7, 59).
cost(2, 8, 70).
cost(2, 9, 94).
cost(2, 10, 7).
cost(2, 11, 61).
cost(2, 12, 20).
cost(2, 13, 56).
cost(2, 14, 97).
cost(2, 15, 54).
cost(2, 16, 25).
cost(2, 17, 83).
cost(2, 18, 38).
cost(2, 19, 83).
cost(2, 20, 82).
cost(2, 21, 71).
cost(2, 22, 73).
cost(2, 23, 48).
cost(2, 24, 52).
cost(2, 25, 54).
cost(2, 26, 79).
cost(2, 27, 36).
cost(3, 1, 28).
cost(3, 2, 15).
cost(3, 4, 6).
cost(3, 5, 59).
cost(3, 6, 25).
cost(3, 7, 44).
cost(3, 8, 55).
cost(3, 9, 82).
cost(3, 10, 12).
cost(3, 11, 46).
cost(3, 12, 9).
cost(3, 13, 49).
cost(3, 14, 84).
cost(3, 15, 42).
cost(3, 16, 10).
cost(3, 17, 69).
cost(3, 18, 29).
cost(3, 19, 70).
cost(3, 20, 71).
cost(3, 21, 58).
cost(3, 22, 58).
cost(3, 23, 33).
cost(3, 24, 39).
cost(3, 25, 39).
cost(3, 26, 66).
cost(3, 27, 27).
cost(4, 1, 23).
cost(4, 2, 17).
cost(4, 3, 6).
cost(4, 5, 61).
cost(4, 6, 19).
cost(4, 7, 44).
cost(4, 8, 56).
cost(4, 9, 77).
cost(4, 10, 16).
cost(4, 11, 46).
cost(4, 12, 15).
cost(4, 13, 55).
cost(4, 14, 80).
cost(4, 15, 46).
cost(4, 16, 9).
cost(4, 17, 71).
cost(4, 18, 23).
cost(4, 19, 73).
cost(4, 20, 66).
cost(4, 21, 54).
cost(4, 22, 57).
cost(4, 23, 34).
cost(4, 24, 42).
cost(4, 25, 38).
cost(4, 26, 62).
cost(4, 27, 21).
cost(5, 1, 63).
cost(5, 2, 73).
cost(5, 3, 59).
cost(5, 4, 61).
cost(5, 6, 76).
cost(5, 7, 28).
cost(5, 8, 15).
cost(5, 9, 84).
cost(5, 10, 66).
cost(5, 11, 25).
cost(5, 12, 53).
cost(5, 13, 42).
cost(5, 14, 82).
cost(5, 15, 23).
cost(5, 16, 52).
cost(5, 17, 11).
cost(5, 18, 67).
cost(5, 19, 12).
cost(5, 20, 79).
cost(5, 21, 62).
cost(5, 22, 33).
cost(5, 23, 29).
cost(5, 24, 21).
cost(5, 25, 34).
cost(5, 26, 65).
cost(5, 27, 66).
cost(6, 1, 19).
cost(6, 2, 27).
cost(6, 3, 25).
cost(6, 4, 19).
cost(6, 5, 76).
cost(6, 7, 54).
cost(6, 8, 69).
cost(6, 9, 71).
cost(6, 10, 31).
cost(6, 11, 57).
cost(6, 12, 33).
cost(6, 13, 74).
cost(6, 14, 75).
cost(6, 15, 64).
cost(6, 16, 25).
cost(6, 17, 86).
cost(6, 18, 16).
cost(6, 19, 88).
cost(6, 20, 59).
cost(6, 21, 52).
cost(6, 22, 65).
cost(6, 23, 47).
cost(6, 24, 59).
cost(6, 25, 48).
cost(6, 26, 59).
cost(6, 27, 15).
cost(7, 1, 37).
cost(7, 2, 59).
cost(7, 3, 44).
cost(7, 4, 44).
cost(7, 5, 28).
cost(7, 6, 54).
cost(7, 8, 16).
cost(7, 9, 59).
cost(7, 10, 55).
cost(7, 11, 4).
cost(7, 12, 42).
cost(7, 13, 55).
cost(7, 14, 58).
cost(7, 15, 33).
cost(7, 16, 35).
cost(7, 17, 35).
cost(7, 18, 41).
cost(7, 19, 39).
cost(7, 20, 52).
cost(7, 21, 35).
cost(7, 22, 15).
cost(7, 23, 12).
cost(7, 24, 25).
cost(7, 25, 6).
cost(7, 26, 39).
cost(7, 27, 41).
cost(8, 1, 53).
cost(8, 2, 70).
cost(8, 3, 55).
cost(8, 4, 56).
cost(8, 5, 15).
cost(8, 6, 69).
cost(8, 7, 16).
cost(8, 9, 70).
cost(8, 10, 64).
cost(8, 11, 13).
cost(8, 12, 51).
cost(8, 13, 52).
cost(8, 14, 67).
cost(8, 15, 30).
cost(8, 16, 47).
cost(8, 17, 19).
cost(8, 18, 57).
cost(8, 19, 24).
cost(8, 20, 64).
cost(8, 21, 48).
cost(8, 22, 18).
cost(8, 23, 22).
cost(8, 24, 23).
cost(8, 25, 22).
cost(8, 26, 51).
cost(8, 27, 57).
cost(9, 1, 55).
cost(9, 2, 94).
cost(9, 3, 82).
cost(9, 4, 77).
cost(9, 5, 84).
cost(9, 6, 71).
cost(9, 7, 59).
cost(9, 8, 70).
cost(9, 10, 93).
cost(9, 11, 61).
cost(9, 12, 86).
cost(9, 13, 113).
cost(9, 14, 7).
cost(9, 15, 92).
cost(9, 16, 73).
cost(9, 17, 87).
cost(9, 18, 56).
cost(9, 19, 93).
cost(9, 20, 12).
cost(9, 21, 25).
cost(9, 22, 52).
cost(9, 23, 68).
cost(9, 24, 83).
cost(9, 25, 57).
cost(9, 26, 19).
cost(9, 27, 58).
cost(10, 1, 39).
cost(10, 2, 7).
cost(10, 3, 12).
cost(10, 4, 16).
cost(10, 5, 66).
cost(10, 6, 31).
cost(10, 7, 55).
cost(10, 8, 64).
cost(10, 9, 93).
cost(10, 11, 56).
cost(10, 12, 14).
cost(10, 13, 49).
cost(10, 14, 96).
cost(10, 15, 47).
cost(10, 16, 21).
cost(10, 17, 77).
cost(10, 18, 39).
cost(10, 19, 76).
cost(10, 20, 82).
cost(10, 21, 70).
cost(10, 22, 69).
cost(10, 23, 43).
cost(10, 24, 46).
cost(10, 25, 50).
cost(10, 26, 78).
cost(10, 27, 37).
cost(11, 1, 41).
cost(11, 2, 61).
cost(11, 3, 46).
cost(11, 4, 46).
cost(11, 5, 25).
cost(11, 6, 57).
cost(11, 7, 4).
cost(11, 8, 13).
cost(11, 9, 61).
cost(11, 10, 56).
cost(11, 12, 43).
cost(11, 13, 54).
cost(11, 14, 60).
cost(11, 15, 31).
cost(11, 16, 37).
cost(11, 17, 32).
cost(11, 18, 45).
cost(11, 19, 36).
cost(11, 20, 55).
cost(11, 21, 38).
cost(11, 22, 15).
cost(11, 23, 13).
cost(11, 24, 23).
cost(11, 25, 10).
cost(11, 26, 42).
cost(11, 27, 44).
cost(12, 1, 35).
cost(12, 2, 20).
cost(12, 3, 9).
cost(12, 4, 15).
cost(12, 5, 53).
cost(12, 6, 33).
cost(12, 7, 42).
cost(12, 8, 51).
cost(12, 9, 86).
cost(12, 10, 14).
cost(12, 11, 43).
cost(12, 13, 41).
cost(12, 14, 88).
cost(12, 15, 34).
cost(12, 16, 13).
cost(12, 17, 63).
cost(12, 18, 36).
cost(12, 19, 63).
cost(12, 20, 75).
cost(12, 21, 61).
cost(12, 22, 57).
cost(12, 23, 30).
cost(12, 24, 32).
cost(12, 25, 38).
cost(12, 26, 69).
cost(12, 27, 34).
cost(13, 1, 71).
cost(13, 2, 56).
cost(13, 3, 49).
cost(13, 4, 55).
cost(13, 5, 42).
cost(13, 6, 74).
cost(13, 7, 55).
cost(13, 8, 52).
cost(13, 9, 113).
cost(13, 10, 49).
cost(13, 11, 54).
cost(13, 12, 41).
cost(13, 14, 113).
cost(13, 15, 23).
cost(13, 16, 50).
cost(13, 17, 51).
cost(13, 18, 74).
cost(13, 19, 46).
cost(13, 20, 104).
cost(13, 21, 88).
cost(13, 22, 68).
cost(13, 23, 46).
cost(13, 24, 31).
cost(13, 25, 56).
cost(13, 26, 94).
cost(13, 27, 72).
cost(14, 1, 58).
cost(14, 2, 97).
cost(14, 3, 84).
cost(14, 4, 80).
cost(14, 5, 82).
cost(14, 6, 75).
cost(14, 7, 58).
cost(14, 8, 67).
cost(14, 9, 7).
cost(14, 10, 96).
cost(14, 11, 60).
cost(14, 12, 88).
cost(14, 13, 113).
cost(14, 15, 91).
cost(14, 16, 76).
cost(14, 17, 84).
cost(14, 18, 60).
cost(14, 19, 90).
cost(14, 20, 17).
cost(14, 21, 26).
cost(14, 22, 49).
cost(14, 23, 67).
cost(14, 24, 82).
cost(14, 25, 57).
cost(14, 26, 19).
cost(14, 27, 61).
cost(15, 1, 56).
cost(15, 2, 54).
cost(15, 3, 42).
cost(15, 4, 46).
cost(15, 5, 23).
cost(15, 6, 64).
cost(15, 7, 33).
cost(15, 8, 30).
cost(15, 9, 92).
cost(15, 10, 47).
cost(15, 11, 31).
cost(15, 12, 34).
cost(15, 13, 23).
cost(15, 14, 91).
cost(15, 16, 39).
cost(15, 17, 33).
cost(15, 18, 59).
cost(15, 19, 31).
cost(15, 20, 84).
cost(15, 21, 67).
cost(15, 22, 45).
cost(15, 23, 25).
cost(15, 24, 9).
cost(15, 25, 35).
cost(15, 26, 72).
cost(15, 27, 58).
cost(16, 1, 22).
cost(16, 2, 25).
cost(16, 3, 10).
cost(16, 4, 9).
cost(16, 5, 52).
cost(16, 6, 25).
cost(16, 7, 35).
cost(16, 8, 47).
cost(16, 9, 73).
cost(16, 10, 21).
cost(16, 11, 37).
cost(16, 12, 13).
cost(16, 13, 50).
cost(16, 14, 76).
cost(16, 15, 39).
cost(16, 17, 62).
cost(16, 18, 24).
cost(16, 19, 64).
cost(16, 20, 62).
cost(16, 21, 49).
cost(16, 22, 49).
cost(16, 23, 25).
cost(16, 24, 34).
cost(16, 25, 29).
cost(16, 26, 57).
cost(16, 27, 22).
cost(17, 1, 72).
cost(17, 2, 83).
cost(17, 3, 69).
cost(17, 4, 71).
cost(17, 5, 11).
cost(17, 6, 86).
cost(17, 7, 35).
cost(17, 8, 19).
cost(17, 9, 87).
cost(17, 10, 77).
cost(17, 11, 32).
cost(17, 12, 63).
cost(17, 13, 51).
cost(17, 14, 84).
cost(17, 15, 33).
cost(17, 16, 62).
cost(17, 18, 75).
cost(17, 19, 7).
cost(17, 20, 83).
cost(17, 21, 67).
cost(17, 22, 35).
cost(17, 23, 38).
cost(17, 24, 31).
cost(17, 25, 41).
cost(17, 26, 69).
cost(17, 27, 75).
cost(18, 1, 4).
cost(18, 2, 38).
cost(18, 3, 29).
cost(18, 4, 23).
cost(18, 5, 67).
cost(18, 6, 16).
cost(18, 7, 41).
cost(18, 8, 57).
cost(18, 9, 56).
cost(18, 10, 39).
cost(18, 11, 45).
cost(18, 12, 36).
cost(18, 13, 74).
cost(18, 14, 60).
cost(18, 15, 59).
cost(18, 16, 24).
cost(18, 17, 75).
cost(18, 19, 78).
cost(18, 20, 44).
cost(18, 21, 36).
cost(18, 22, 51).
cost(18, 23, 38).
cost(18, 24, 52).
cost(18, 25, 35).
cost(18, 26, 43).
cost(18, 27, 2).
cost(19, 1, 75).
cost(19, 2, 83).
cost(19, 3, 70).
cost(19, 4, 73).
cost(19, 5, 12).
cost(19, 6, 88).
cost(19, 7, 39).
cost(19, 8, 24).
cost(19, 9, 93).
cost(19, 10, 76).
cost(19, 11, 36).
cost(19, 12, 63).
cost(19, 13, 46).
cost(19, 14, 90).
cost(19, 15, 31).
cost(19, 16, 64).
cost(19, 17, 7).
cost(19, 18, 78).
cost(19, 20, 88).
cost(19, 21, 72).
cost(19, 22, 41).
cost(19, 23, 41).
cost(19, 24, 31).
cost(19, 25, 45).
cost(19, 26, 74).
cost(19, 27, 78).
cost(20, 1, 43).
cost(20, 2, 82).
cost(20, 3, 71).
cost(20, 4, 66).
cost(20, 5, 79).
cost(20, 6, 59).
cost(20, 7, 52).
cost(20, 8, 64).
cost(20, 9, 12).
cost(20, 10, 82).
cost(20, 11, 55).
cost(20, 12, 75).
cost(20, 13, 104).
cost(20, 14, 17).
cost(20, 15, 84).
cost(20, 16, 62).
cost(20, 17, 83).
cost(20, 18, 44).
cost(20, 19, 88).
cost(20, 21, 17).
cost(20, 22, 48).
cost(20, 23, 59).
cost(20, 24, 75).
cost(20, 25, 49).
cost(20, 26, 15).
cost(20, 27, 46).
cost(21, 1, 33).
cost(21, 2, 71).
cost(21, 3, 58).
cost(21, 4, 54).
cost(21, 5, 62).
cost(21, 6, 52).
cost(21, 7, 35).
cost(21, 8, 48).
cost(21, 9, 25).
cost(21, 10, 70).
cost(21, 11, 38).
cost(21, 12, 61).
cost(21, 13, 88).
cost(21, 14, 26).
cost(21, 15, 67).
cost(21, 16, 49).
cost(21, 17, 67).
cost(21, 18, 36).
cost(21, 19, 72).
cost(21, 20, 17).
cost(21, 22, 32).
cost(21, 23, 43).
cost(21, 24, 58).
cost(21, 25, 32).
cost(21, 26, 8).
cost(21, 27, 37).
cost(22, 1, 47).
cost(22, 2, 73).
cost(22, 3, 58).
cost(22, 4, 57).
cost(22, 5, 33).
cost(22, 6, 65).
cost(22, 7, 15).
cost(22, 8, 18).
cost(22, 9, 52).
cost(22, 10, 69).
cost(22, 11, 15).
cost(22, 12, 57).
cost(22, 13, 68).
cost(22, 14, 49).
cost(22, 15, 45).
cost(22, 16, 49).
cost(22, 17, 35).
cost(22, 18, 51).
cost(22, 19, 41).
cost(22, 20, 48).
cost(22, 21, 32).
cost(22, 23, 27).
cost(22, 24, 37).
cost(22, 25, 19).
cost(22, 26, 33).
cost(22, 27, 51).
cost(23, 1, 34).
cost(23, 2, 48).
cost(23, 3, 33).
cost(23, 4, 34).
cost(23, 5, 29).
cost(23, 6, 47).
cost(23, 7, 12).
cost(23, 8, 22).
cost(23, 9, 68).
cost(23, 10, 43).
cost(23, 11, 13).
cost(23, 12, 30).
cost(23, 13, 46).
cost(23, 14, 67).
cost(23, 15, 25).
cost(23, 16, 25).
cost(23, 17, 38).
cost(23, 18, 38).
cost(23, 19, 41).
cost(23, 20, 59).
cost(23, 21, 43).
cost(23, 22, 27).
cost(23, 24, 16).
cost(23, 25, 11).
cost(23, 26, 48).
cost(23, 27, 37).
cost(24, 1, 49).
cost(24, 2, 52).
cost(24, 3, 39).
cost(24, 4, 42).
cost(24, 5, 21).
cost(24, 6, 59).
cost(24, 7, 25).
cost(24, 8, 23).
cost(24, 9, 83).
cost(24, 10, 46).
cost(24, 11, 23).
cost(24, 12, 32).
cost(24, 13, 31).
cost(24, 14, 82).
cost(24, 15, 9).
cost(24, 16, 34).
cost(24, 17, 31).
cost(24, 18, 52).
cost(24, 19, 31).
cost(24, 20, 75).
cost(24, 21, 58).
cost(24, 22, 37).
cost(24, 23, 16).
cost(24, 25, 26).
cost(24, 26, 64).
cost(24, 27, 51).
cost(25, 1, 31).
cost(25, 2, 54).
cost(25, 3, 39).
cost(25, 4, 38).
cost(25, 5, 34).
cost(25, 6, 48).
cost(25, 7, 6).
cost(25, 8, 22).
cost(25, 9, 57).
cost(25, 10, 50).
cost(25, 11, 10).
cost(25, 12, 38).
cost(25, 13, 56).
cost(25, 14, 57).
cost(25, 15, 35).
cost(25, 16, 29).
cost(25, 17, 41).
cost(25, 18, 35).
cost(25, 19, 45).
cost(25, 20, 49).
cost(25, 21, 32).
cost(25, 22, 19).
cost(25, 23, 11).
cost(25, 24, 26).
cost(25, 26, 38).
cost(25, 27, 35).
cost(26, 1, 41).
cost(26, 2, 79).
cost(26, 3, 66).
cost(26, 4, 62).
cost(26, 5, 65).
cost(26, 6, 59).
cost(26, 7, 39).
cost(26, 8, 51).
cost(26, 9, 19).
cost(26, 10, 78).
cost(26, 11, 42).
cost(26, 12, 69).
cost(26, 13, 94).
cost(26, 14, 19).
cost(26, 15, 72).
cost(26, 16, 57).
cost(26, 17, 69).
cost(26, 18, 43).
cost(26, 19, 74).
cost(26, 20, 15).
cost(26, 21, 8).
cost(26, 22, 33).
cost(26, 23, 48).
cost(26, 24, 64).
cost(26, 25, 38).
cost(26, 27, 45).
cost(27, 1, 4).
cost(27, 2, 36).
cost(27, 3, 27).
cost(27, 4, 21).
cost(27, 5, 66).
cost(27, 6, 15).
cost(27, 7, 41).
cost(27, 8, 57).
cost(27, 9, 58).
cost(27, 10, 37).
cost(27, 11, 44).
cost(27, 12, 34).
cost(27, 13, 72).
cost(27, 14, 61).
cost(27, 15, 58).
cost(27, 16, 22).
cost(27, 17, 75).
cost(27, 18, 2).
cost(27, 19, 78).
cost(27, 20, 46).
cost(27, 21, 37).
cost(27, 22, 51).
cost(27, 23, 37).
cost(27, 24, 51).
cost(27, 25, 35).
cost(27, 26, 45).
nocross(1,2).
nocross(1,3).
nocross(1,4).
nocross(1,6).
nocross(1,7).
nocross(1,10).
nocross(1,12).
nocross(1,16).
nocross(1,18).
nocross(1,20).
nocross(1,21).
nocross(1,23).
nocross(1,25).
nocross(1,26).
nocross(1,27).
nocross(2,1).
nocross(2,3).
nocross(2,4).
nocross(2,6).
nocross(2,10).
nocross(2,12).
nocross(2,16).
nocross(2,27).
nocross(3,1).
nocross(3,2).
nocross(3,4).
nocross(3,6).
nocross(3,10).
nocross(3,12).
nocross(3,15).
nocross(3,16).
nocross(3,18).
nocross(3,23).
nocross(3,24).
nocross(3,25).
nocross(3,27).
nocross(4,1).
nocross(4,2).
nocross(4,3).
nocross(4,6).
nocross(4,10).
nocross(4,12).
nocross(4,16).
nocross(4,18).
nocross(4,23).
nocross(4,25).
nocross(4,27).
nocross(5,7).
nocross(5,8).
nocross(5,11).
nocross(5,13).
nocross(5,15).
nocross(5,17).
nocross(5,19).
nocross(5,22).
nocross(5,23).
nocross(5,24).
nocross(5,25).
nocross(6,1).
nocross(6,2).
nocross(6,3).
nocross(6,4).
nocross(6,10).
nocross(6,12).
nocross(6,16).
nocross(6,18).
nocross(6,27).
nocross(7,1).
nocross(7,5).
nocross(7,8).
nocross(7,11).
nocross(7,15).
nocross(7,16).
nocross(7,17).
nocross(7,19).
nocross(7,21).
nocross(7,22).
nocross(7,23).
nocross(7,24).
nocross(7,25).
nocross(7,26).
nocross(7,27).
nocross(8,5).
nocross(8,7).
nocross(8,11).
nocross(8,15).
nocross(8,17).
nocross(8,19).
nocross(8,22).
nocross(8,23).
nocross(8,24).
nocross(8,25).
nocross(9,14).
nocross(9,20).
nocross(9,21).
nocross(9,26).
nocross(10,1).
nocross(10,2).
nocross(10,3).
nocross(10,4).
nocross(10,6).
nocross(10,12).
nocross(10,13).
nocross(10,16).
nocross(10,18).
nocross(10,27).
nocross(11,5).
nocross(11,7).
nocross(11,8).
nocross(11,15).
nocross(11,16).
nocross(11,17).
nocross(11,19).
nocross(11,21).
nocross(11,22).
nocross(11,23).
nocross(11,24).
nocross(11,25).
nocross(11,26).
nocross(12,1).
nocross(12,2).
nocross(12,3).
nocross(12,4).
nocross(12,10).
nocross(12,15).
nocross(12,16).
nocross(12,18).
nocross(12,23).
nocross(12,24).
nocross(12,25).
nocross(12,27).
nocross(13,2).
nocross(13,3).
nocross(13,5).
nocross(13,10).
nocross(13,12).
nocross(13,15).
nocross(13,19).
nocross(13,23).
nocross(13,24).
nocross(14,9).
nocross(14,20).
nocross(14,21).
nocross(14,26).
nocross(15,3).
nocross(15,5).
nocross(15,7).
nocross(15,8).
nocross(15,11).
nocross(15,12).
nocross(15,13).
nocross(15,16).
nocross(15,17).
nocross(15,19).
nocross(15,23).
nocross(15,24).
nocross(15,25).
nocross(16,1).
nocross(16,2).
nocross(16,3).
nocross(16,4).
nocross(16,6).
nocross(16,7).
nocross(16,10).
nocross(16,11).
nocross(16,12).
nocross(16,15).
nocross(16,18).
nocross(16,23).
nocross(16,24).
nocross(16,25).
nocross(16,27).
nocross(17,5).
nocross(17,7).
nocross(17,8).
nocross(17,11).
nocross(17,15).
nocross(17,19).
nocross(17,22).
nocross(17,24).
nocross(17,25).
nocross(18,1).
nocross(18,2).
nocross(18,3).
nocross(18,4).
nocross(18,6).
nocross(18,10).
nocross(18,16).
nocross(18,20).
nocross(18,21).
nocross(18,23).
nocross(18,25).
nocross(18,27).
nocross(19,5).
nocross(19,7).
nocross(19,8).
nocross(19,11).
nocross(19,13).
nocross(19,15).
nocross(19,17).
nocross(19,22).
nocross(19,24).
nocross(20,1).
nocross(20,9).
nocross(20,14).
nocross(20,18).
nocross(20,21).
nocross(20,25).
nocross(20,26).
nocross(20,27).
nocross(21,1).
nocross(21,7).
nocross(21,9).
nocross(21,11).
nocross(21,14).
nocross(21,18).
nocross(21,20).
nocross(21,22).
nocross(21,25).
nocross(21,26).
nocross(21,27).
nocross(22,5).
nocross(22,7).
nocross(22,8).
nocross(22,9).
nocross(22,11).
nocross(22,14).
nocross(22,17).
nocross(22,19).
nocross(22,21).
nocross(22,23).
nocross(22,24).
nocross(22,25).
nocross(22,26).
nocross(23,1).
nocross(23,3).
nocross(23,4).
nocross(23,5).
nocross(23,7).
nocross(23,8).
nocross(23,11).
nocross(23,12).
nocross(23,15).
nocross(23,16).
nocross(23,17).
nocross(23,18).
nocross(23,19).
nocross(23,21).
nocross(23,22).
nocross(23,24).
nocross(23,25).
nocross(23,27).
nocross(24,3).
nocross(24,4).
nocross(24,5).
nocross(24,7).
nocross(24,8).
nocross(24,11).
nocross(24,12).
nocross(24,13).
nocross(24,15).
nocross(24,16).
nocross(24,17).
nocross(24,19).
nocross(24,23).
nocross(24,25).
nocross(25,1).
nocross(25,3).
nocross(25,4).
nocross(25,5).
nocross(25,7).
nocross(25,8).
nocross(25,11).
nocross(25,12).
nocross(25,15).
nocross(25,16).
nocross(25,17).
nocross(25,18).
nocross(25,19).
nocross(25,21).
nocross(25,22).
nocross(25,23).
nocross(25,24).
nocross(25,26).
nocross(25,27).
nocross(26,1).
nocross(26,7).
nocross(26,9).
nocross(26,11).
nocross(26,14).
nocross(26,18).
nocross(26,20).
nocross(26,21).
nocross(26,22).
nocross(26,25).
nocross(26,27).
nocross(27,1).
nocross(27,2).
nocross(27,3).
nocross(27,4).
nocross(27,6).
nocross(27,10).
nocross(27,12).
nocross(27,16).
nocross(27,18).
nocross(27,21).
nocross(27,23).
nocross(27,25).
