dimension(27).
point(1, 23.5894109472, 78.1864010376).
point(2, 86.2589573158, 66.2886949609).
point(3, 34.7621429654, 72.6536250028).
point(4, 30.7261926516, 51.1093847394).
point(5, 59.6355287915, 45.6615230816).
point(6, 61.128152027, 9.2034715692).
point(7, 17.324793997, 44.7213833295).
point(8, 28.6845675514, 30.667228041).
point(9, 55.9343339873, 46.0574815102).
point(10, 71.5497492679, 87.2453990621).
point(11, 52.6364371843, 11.1599407658).
point(12, 50.483746135, 59.8306155445).
point(13, 54.4699103307, 16.6964379782).
point(14, 50.7475144506, 42.870422135).
point(15, 90.8903223481, 80.8330894869).
point(16, 73.1901591428, 9.3396397931).
point(17, 17.1920009903, 61.5905349198).
point(18, 63.0940612889, 51.7358703305).
point(19, 77.8588106781, 15.8686888421).
point(20, 26.524063114, 22.1477169042).
point(21, 21.2546407839, 25.9274311365).
point(22, 7.2768383578, 33.9822989481).
point(23, 17.8766158708, 74.7348634489).
point(24, 13.7943907266, 31.4523569765).
point(25, 23.8545265009, 30.0901130983).
point(26, 87.7197400781, 85.4592296962).
point(27, 71.3048268764, 98.7904592064).
cost(1, 2, 64).
cost(1, 3, 12).
cost(1, 4, 28).
cost(1, 5, 49).
cost(1, 6, 79).
cost(1, 7, 34).
cost(1, 8, 48).
cost(1, 9, 46).
cost(1, 10, 49).
cost(1, 11, 73).
cost(1, 12, 33).
cost(1, 13, 69).
cost(1, 14, 45).
cost(1, 15, 67).
cost(1, 16, 85).
cost(1, 17, 18).
cost(1, 18, 48).
cost(1, 19, 83).
cost(1, 20, 56).
cost(1, 21, 52).
cost(1, 22, 47).
cost(1, 23, 7).
cost(1, 24, 48).
cost(1, 25, 48).
cost(1, 26, 65).
cost(1, 27, 52).
cost(2, 1, 64).
cost(2, 3, 52).
cost(2, 4, 58).
cost(2, 5, 34).
cost(2, 6, 62).
cost(2, 7, 72).
cost(2, 8, 68).
cost(2, 9, 36).
cost(2, 10, 26).
cost(2, 11, 65).
cost(2, 12, 36).
cost(2, 13, 59).
cost(2, 14, 43).
cost(2, 15, 15).
cost(2, 16, 58).
cost(2, 17, 69).
cost(2, 18, 27).
cost(2, 19, 51).
cost(2, 20, 74).
cost(2, 21, 77).
cost(2, 22, 85).
cost(2, 23, 69).
cost(2, 24, 80).
cost(2, 25, 72).
cost(2, 26, 19).
cost(2, 27, 36).
cost(3, 1, 12).
cost(3, 2, 52).
cost(3, 4, 22).
cost(3, 5, 37).
cost(3, 6, 69).
cost(3, 7, 33).
cost(3, 8, 42).
cost(3, 9, 34).
cost(3, 10, 40).
cost(3, 11, 64).
cost(3, 12, 20).
cost(3, 13, 59).
cost(3, 14, 34).
cost(3, 15, 57).
cost(3, 16, 74).
cost(3, 17, 21).
cost(3, 18, 35).
cost(3, 19, 71).
cost(3, 20, 51).
cost(3, 21, 49).
cost(3, 22, 47).
cost(3, 23, 17).
cost(3, 24, 46).
cost(3, 25, 44).
cost(3, 26, 54).
cost(3, 27, 45).
cost(4, 1, 28).
cost(4, 2, 58).
cost(4, 3, 22).
cost(4, 5, 29).
cost(4, 6, 52).
cost(4, 7, 15).
cost(4, 8, 21).
cost(4, 9, 26).
cost(4, 10, 55).
cost(4, 11, 46).
cost(4, 12, 22).
cost(4, 13, 42).
cost(4, 14, 22).
cost(4, 15, 67).
cost(4, 16, 60).
cost(4, 17, 17).
cost(4, 18, 32).
cost(4, 19, 59).
cost(4, 20, 29).
cost(4, 21, 27).
cost(4, 22, 29).
cost(4, 23, 27).
cost(4, 24, 26).
cost(4, 25, 22).
cost(4, 26, 67).
cost(4, 27, 63).
cost(5, 1, 49).
cost(5, 2, 34).
cost(5, 3, 37).
cost(5, 4, 29).
cost(5, 6, 36).
cost(5, 7, 42).
cost(5, 8, 34).
cost(5, 9, 4).
cost(5, 10, 43).
cost(5, 11, 35).
cost(5, 12, 17).
cost(5, 13, 29).
cost(5, 14, 9).
cost(5, 15, 47).
cost(5, 16, 39).
cost(5, 17, 45).
cost(5, 18, 7).
cost(5, 19, 35).
cost(5, 20, 41).
cost(5, 21, 43).
cost(5, 22, 54).
cost(5, 23, 51).
cost(5, 24, 48).
cost(5, 25, 39).
cost(5, 26, 49).
cost(5, 27, 54).
cost(6, 1, 79).
cost(6, 2, 62).
cost(6, 3, 69).
cost(6, 4, 52).
cost(6, 5, 36).
cost(6, 7, 56).
cost(6, 8, 39).
cost(6, 9, 37).
cost(6, 10, 79).
cost(6, 11, 9).
cost(6, 12, 52).
cost(6, 13, 10).
cost(6, 14, 35).
cost(6, 15, 78).
cost(6, 16, 12).
cost(6, 17, 68).
cost(6, 18, 43).
cost(6, 19, 18).
cost(6, 20, 37).
cost(6, 21, 43).
cost(6, 22, 59).
cost(6, 23, 79).
cost(6, 24, 52).
cost(6, 25, 43).
cost(6, 26, 81).
cost(6, 27, 90).
cost(7, 1, 34).
cost(7, 2, 72).
cost(7, 3, 33).
cost(7, 4, 15).
cost(7, 5, 42).
cost(7, 6, 56).
cost(7, 8, 18).
cost(7, 9, 39).
cost(7, 10, 69).
cost(7, 11, 49).
cost(7, 12, 36).
cost(7, 13, 47).
cost(7, 14, 33).
cost(7, 15, 82).
cost(7, 16, 66).
cost(7, 17, 17).
cost(7, 18, 46).
cost(7, 19, 67).
cost(7, 20, 24).
cost(7, 21, 19).
cost(7, 22, 15).
cost(7, 23, 30).
cost(7, 24, 14).
cost(7, 25, 16).
cost(7, 26, 81).
cost(7, 27, 76).
cost(8, 1, 48).
cost(8, 2, 68).
cost(8, 3, 42).
cost(8, 4, 21).
cost(8, 5, 34).
cost(8, 6, 39).
cost(8, 7, 18).
cost(8, 9, 31).
cost(8, 10, 71).
cost(8, 11, 31).
cost(8, 12, 36).
cost(8, 13, 29).
cost(8, 14, 25).
cost(8, 15, 80).
cost(8, 16, 49).
cost(8, 17, 33).
cost(8, 18, 40).
cost(8, 19, 51).
cost(8, 20, 9).
cost(8, 21, 9).
cost(8, 22, 22).
cost(8, 23, 45).
cost(8, 24, 15).
cost(8, 25, 5).
cost(8, 26, 81).
cost(8, 27, 80).
cost(9, 1, 46).
cost(9, 2, 36).
cost(9, 3, 34).
cost(9, 4, 26).
cost(9, 5, 4).
cost(9, 6, 37).
cost(9, 7, 39).
cost(9, 8, 31).
cost(9, 10, 44).
cost(9, 11, 35).
cost(9, 12, 15).
cost(9, 13, 29).
cost(9, 14, 6).
cost(9, 15, 49).
cost(9, 16, 41).
cost(9, 17, 42).
cost(9, 18, 9).
cost(9, 19, 37).
cost(9, 20, 38).
cost(9, 21, 40).
cost(9, 22, 50).
cost(9, 23, 48).
cost(9, 24, 45).
cost(9, 25, 36).
cost(9, 26, 51).
cost(9, 27, 55).
cost(10, 1, 49).
cost(10, 2, 26).
cost(10, 3, 40).
cost(10, 4, 55).
cost(10, 5, 43).
cost(10, 6, 79).
cost(10, 7, 69).
cost(10, 8, 71).
cost(10, 9, 44).
cost(10, 11, 78).
cost(10, 12, 35).
cost(10, 13, 73).
cost(10, 14, 49).
cost(10, 15, 20).
cost(10, 16, 78).
cost(10, 17, 60).
cost(10, 18, 37).
cost(10, 19, 72).
cost(10, 20, 79).
cost(10, 21, 79).
cost(10, 22, 83).
cost(10, 23, 55).
cost(10, 24, 80).
cost(10, 25, 74).
cost(10, 26, 16).
cost(10, 27, 12).
cost(11, 1, 73).
cost(11, 2, 65).
cost(11, 3, 64).
cost(11, 4, 46).
cost(11, 5, 35).
cost(11, 6, 9).
cost(11, 7, 49).
cost(11, 8, 31).
cost(11, 9, 35).
cost(11, 10, 78).
cost(11, 12, 49).
cost(11, 13, 6).
cost(11, 14, 32).
cost(11, 15, 79).
cost(11, 16, 21).
cost(11, 17, 62).
cost(11, 18, 42).
cost(11, 19, 26).
cost(11, 20, 28).
cost(11, 21, 35).
cost(11, 22, 51).
cost(11, 23, 72).
cost(11, 24, 44).
cost(11, 25, 34).
cost(11, 26, 82).
cost(11, 27, 90).
cost(12, 1, 33).
cost(12, 2, 36).
cost(12, 3, 20).
cost(12, 4, 22).
cost(12, 5, 17).
cost(12, 6, 52).
cost(12, 7, 36).
cost(12, 8, 36).
cost(12, 9, 15).
cost(12, 10, 35).
cost(12, 11, 49).
cost(12, 13, 43).
cost(12, 14, 17).
cost(12, 15, 46).
cost(12, 16, 55).
cost(12, 17, 33).
cost(12, 18, 15).
cost(12, 19, 52).
cost(12, 20, 45).
cost(12, 21, 45).
cost(12, 22, 50).
cost(12, 23, 36).
cost(12, 24, 46).
cost(12, 25, 40).
cost(12, 26, 45).
cost(12, 27, 44).
cost(13, 1, 69).
cost(13, 2, 59).
cost(13, 3, 59).
cost(13, 4, 42).
cost(13, 5, 29).
cost(13, 6, 10).
cost(13, 7, 47).
cost(13, 8, 29).
cost(13, 9, 29).
cost(13, 10, 73).
cost(13, 11, 6).
cost(13, 12, 43).
cost(13, 14, 26).
cost(13, 15, 74).
cost(13, 16, 20).
cost(13, 17, 58).
cost(13, 18, 36).
cost(13, 19, 23).
cost(13, 20, 28).
cost(13, 21, 34).
cost(13, 22, 50).
cost(13, 23, 69).
cost(13, 24, 43).
cost(13, 25, 33).
cost(13, 26, 76).
cost(13, 27, 84).
cost(14, 1, 45).
cost(14, 2, 43).
cost(14, 3, 34).
cost(14, 4, 22).
cost(14, 5, 9).
cost(14, 6, 35).
cost(14, 7, 33).
cost(14, 8, 25).
cost(14, 9, 6).
cost(14, 10, 49).
cost(14, 11, 32).
cost(14, 12, 17).
cost(14, 13, 26).
cost(14, 15, 55).
cost(14, 16, 40).
cost(14, 17, 38).
cost(14, 18, 15).
cost(14, 19, 38).
cost(14, 20, 32).
cost(14, 21, 34).
cost(14, 22, 44).
cost(14, 23, 46).
cost(14, 24, 39).
cost(14, 25, 30).
cost(14, 26, 56).
cost(14, 27, 60).
cost(15, 1, 67).
cost(15, 2, 15).
cost(15, 3, 57).
cost(15, 4, 67).
cost(15, 5, 47).
cost(15, 6, 78).
cost(15, 7, 82).
cost(15, 8, 80).
cost(15, 9, 49).
cost(15, 10, 20).
cost(15, 11, 79).
cost(15, 12, 46).
cost(15, 13, 74).
cost(15, 14, 55).
cost(15, 16, 74).
cost(15, 17, 76).
cost(15, 18, 40).
cost(15, 19, 66).
cost(15, 20, 87).
cost(15, 21, 89).
cost(15, 22, 96).
cost(15, 23, 73).
cost(15, 24, 92).
cost(15, 25, 84).
cost(15, 26, 6).
cost(15, 27, 27).
cost(16, 1, 85).
cost(16, 2, 58).
cost(16, 3, 74).
cost(16, 4, 60).
cost(16, 5, 39).
cost(16, 6, 12).
cost(16, 7, 66).
cost(16, 8, 49).
cost(16, 9, 41).
cost(16, 10, 78).
cost(16, 11, 21).
cost(16, 12, 55).
cost(16, 13, 20).
cost(16, 14, 40).
cost(16, 15, 74).
cost(16, 17, 77).
cost(16, 18, 44).
cost(16, 19, 8).
cost(16, 20, 48).
cost(16, 21, 55).
cost(16, 22, 70).
cost(16, 23, 86).
cost(16, 24, 63).
cost(16, 25, 54).
cost(16, 26, 77).
cost(16, 27, 89).
cost(17, 1, 18).
cost(17, 2, 69).
cost(17, 3, 21).
cost(17, 4, 17).
cost(17, 5, 45).
cost(17, 6, 68).
cost(17, 7, 17).
cost(17, 8, 33).
cost(17, 9, 42).
cost(17, 10, 60).
cost(17, 11, 62).
cost(17, 12, 33).
cost(17, 13, 58).
cost(17, 14, 38).
cost(17, 15, 76).
cost(17, 16, 77).
cost(17, 18, 47).
cost(17, 19, 76).
cost(17, 20, 41).
cost(17, 21, 36).
cost(17, 22, 29).
cost(17, 23, 13).
cost(17, 24, 30).
cost(17, 25, 32).
cost(17, 26, 74).
cost(17, 27, 66).
cost(18, 1, 48).
cost(18, 2, 27).
cost(18, 3, 35).
cost(18, 4, 32).
cost(18, 5, 7).
cost(18, 6, 43).
cost(18, 7, 46).
cost(18, 8, 40).
cost(18, 9, 9).
cost(18, 10, 37).
cost(18, 11, 42).
cost(18, 12, 15).
cost(18, 13, 36).
cost(18, 14, 15).
cost(18, 15, 40).
cost(18, 16, 44).
cost(18, 17, 47).
cost(18, 19, 39).
cost(18, 20, 47).
cost(18, 21, 49).
cost(18, 22, 59).
cost(18, 23, 51).
cost(18, 24, 53).
cost(18, 25, 45).
cost(18, 26, 42).
cost(18, 27, 48).
cost(19, 1, 83).
cost(19, 2, 51).
cost(19, 3, 71).
cost(19, 4, 59).
cost(19, 5, 35).
cost(19, 6, 18).
cost(19, 7, 67).
cost(19, 8, 51).
cost(19, 9, 37).
cost(19, 10, 72).
cost(19, 11, 26).
cost(19, 12, 52).
cost(19, 13, 23).
cost(19, 14, 38).
cost(19, 15, 66).
cost(19, 16, 8).
cost(19, 17, 76).
cost(19, 18, 39).
cost(19, 20, 52).
cost(19, 21, 57).
cost(19, 22, 73).
cost(19, 23, 84).
cost(19, 24, 66).
cost(19, 25, 56).
cost(19, 26, 70).
cost(19, 27, 83).
cost(20, 1, 56).
cost(20, 2, 74).
cost(20, 3, 51).
cost(20, 4, 29).
cost(20, 5, 41).
cost(20, 6, 37).
cost(20, 7, 24).
cost(20, 8, 9).
cost(20, 9, 38).
cost(20, 10, 79).
cost(20, 11, 28).
cost(20, 12, 45).
cost(20, 13, 28).
cost(20, 14, 32).
cost(20, 15, 87).
cost(20, 16, 48).
cost(20, 17, 41).
cost(20, 18, 47).
cost(20, 19, 52).
cost(20, 21, 6).
cost(20, 22, 23).
cost(20, 23, 53).
cost(20, 24, 16).
cost(20, 25, 8).
cost(20, 26, 88).
cost(20, 27, 89).
cost(21, 1, 52).
cost(21, 2, 77).
cost(21, 3, 49).
cost(21, 4, 27).
cost(21, 5, 43).
cost(21, 6, 43).
cost(21, 7, 19).
cost(21, 8, 9).
cost(21, 9, 40).
cost(21, 10, 79).
cost(21, 11, 35).
cost(21, 12, 45).
cost(21, 13, 34).
cost(21, 14, 34).
cost(21, 15, 89).
cost(21, 16, 55).
cost(21, 17, 36).
cost(21, 18, 49).
cost(21, 19, 57).
cost(21, 20, 6).
cost(21, 22, 16).
cost(21, 23, 49).
cost(21, 24, 9).
cost(21, 25, 5).
cost(21, 26, 89).
cost(21, 27, 88).
cost(22, 1, 47).
cost(22, 2, 85).
cost(22, 3, 47).
cost(22, 4, 29).
cost(22, 5, 54).
cost(22, 6, 59).
cost(22, 7, 15).
cost(22, 8, 22).
cost(22, 9, 50).
cost(22, 10, 83).
cost(22, 11, 51).
cost(22, 12, 50).
cost(22, 13, 50).
cost(22, 14, 44).
cost(22, 15, 96).
cost(22, 16, 70).
cost(22, 17, 29).
cost(22, 18, 59).
cost(22, 19, 73).
cost(22, 20, 23).
cost(22, 21, 16).
cost(22, 23, 42).
cost(22, 24, 7).
cost(22, 25, 17).
cost(22, 26, 96).
cost(22, 27, 91).
cost(23, 1, 7).
cost(23, 2, 69).
cost(23, 3, 17).
cost(23, 4, 27).
cost(23, 5, 51).
cost(23, 6, 79).
cost(23, 7, 30).
cost(23, 8, 45).
cost(23, 9, 48).
cost(23, 10, 55).
cost(23, 11, 72).
cost(23, 12, 36).
cost(23, 13, 69).
cost(23, 14, 46).
cost(23, 15, 73).
cost(23, 16, 86).
cost(23, 17, 13).
cost(23, 18, 51).
cost(23, 19, 84).
cost(23, 20, 53).
cost(23, 21, 49).
cost(23, 22, 42).
cost(23, 24, 43).
cost(23, 25, 45).
cost(23, 26, 71).
cost(23, 27, 59).
cost(24, 1, 48).
cost(24, 2, 80).
cost(24, 3, 46).
cost(24, 4, 26).
cost(24, 5, 48).
cost(24, 6, 52).
cost(24, 7, 14).
cost(24, 8, 15).
cost(24, 9, 45).
cost(24, 10, 80).
cost(24, 11, 44).
cost(24, 12, 46).
cost(24, 13, 43).
cost(24, 14, 39).
cost(24, 15, 92).
cost(24, 16, 63).
cost(24, 17, 30).
cost(24, 18, 53).
cost(24, 19, 66).
cost(24, 20, 16).
cost(24, 21, 9).
cost(24, 22, 7).
cost(24, 23, 43).
cost(24, 25, 10).
cost(24, 26, 92).
cost(24, 27, 89).
cost(25, 1, 48).
cost(25, 2, 72).
cost(25, 3, 44).
cost(25, 4, 22).
cost(25, 5, 39).
cost(25, 6, 43).
cost(25, 7, 16).
cost(25, 8, 5).
cost(25, 9, 36).
cost(25, 10, 74).
cost(25, 11, 34).
cost(25, 12, 40).
cost(25, 13, 33).
cost(25, 14, 30).
cost(25, 15, 84).
cost(25, 16, 54).
cost(25, 17, 32).
cost(25, 18, 45).
cost(25, 19, 56).
cost(25, 20, 8).
cost(25, 21, 5).
cost(25, 22, 17).
cost(25, 23, 45).
cost(25, 24, 10).
cost(25, 26, 85).
cost(25, 27, 83).
cost(26, 1, 65).
cost(26, 2, 19).
cost(26, 3, 54).
cost(26, 4, 67).
cost(26, 5, 49).
cost(26, 6, 81).
cost(26, 7, 81).
cost(26, 8, 81).
cost(26, 9, 51).
cost(26, 10, 16).
cost(26, 11, 82).
cost(26, 12, 45).
cost(26, 13, 76).
cost(26, 14, 56).
cost(26, 15, 6).
cost(26, 16, 77).
cost(26, 17, 74).
cost(26, 18, 42).
cost(26, 19, 70).
cost(26, 20, 88).
cost(26, 21, 89).
cost(26, 22, 96).
cost(26, 23, 71).
cost(26, 24, 92).
cost(26, 25, 85).
cost(26, 27, 21).
cost(27, 1, 52).
cost(27, 2, 36).
cost(27, 3, 45).
cost(27, 4, 63).
cost(27, 5, 54).
cost(27, 6, 90).
cost(27, 7, 76).
cost(27, 8, 80).
cost(27, 9, 55).
cost(27, 10, 12).
cost(27, 11, 90).
cost(27, 12, 44).
cost(27, 13, 84).
cost(27, 14, 60).
cost(27, 15, 27).
cost(27, 16, 89).
cost(27, 17, 66).
cost(27, 18, 48).
cost(27, 19, 83).
cost(27, 20, 89).
cost(27, 21, 88).
cost(27, 22, 91).
cost(27, 23, 59).
cost(27, 24, 89).
cost(27, 25, 83).
cost(27, 26, 21).
nocross(1,3).
nocross(1,4).
nocross(1,7).
nocross(1,12).
nocross(1,17).
nocross(1,23).
nocross(2,5).
nocross(2,9).
nocross(2,10).
nocross(2,12).
nocross(2,15).
nocross(2,18).
nocross(2,19).
nocross(2,26).
nocross(3,1).
nocross(3,4).
nocross(3,7).
nocross(3,8).
nocross(3,9).
nocross(3,10).
nocross(3,12).
nocross(3,14).
nocross(3,17).
nocross(3,18).
nocross(3,23).
nocross(3,27).
nocross(4,1).
nocross(4,3).
nocross(4,5).
nocross(4,7).
nocross(4,8).
nocross(4,9).
nocross(4,12).
nocross(4,14).
nocross(4,17).
nocross(4,18).
nocross(4,21).
nocross(4,22).
nocross(4,23).
nocross(4,24).
nocross(4,25).
nocross(5,2).
nocross(5,4).
nocross(5,6).
nocross(5,8).
nocross(5,9).
nocross(5,10).
nocross(5,11).
nocross(5,12).
nocross(5,13).
nocross(5,14).
nocross(5,18).
nocross(5,19).
nocross(6,5).
nocross(6,8).
nocross(6,9).
nocross(6,11).
nocross(6,13).
nocross(6,14).
nocross(6,16).
nocross(6,19).
nocross(6,20).
nocross(7,1).
nocross(7,3).
nocross(7,4).
nocross(7,8).
nocross(7,14).
nocross(7,17).
nocross(7,20).
nocross(7,21).
nocross(7,22).
nocross(7,23).
nocross(7,24).
nocross(7,25).
nocross(8,4).
nocross(8,5).
nocross(8,6).
nocross(8,7).
nocross(8,9).
nocross(8,11).
nocross(8,13).
nocross(8,14).
nocross(8,17).
nocross(8,18).
nocross(8,20).
nocross(8,21).
nocross(8,24).
nocross(8,25).
nocross(9,3).
nocross(9,4).
nocross(9,5).
nocross(9,8).
nocross(9,10).
nocross(9,11).
nocross(9,12).
nocross(9,13).
nocross(9,14).
nocross(9,16).
nocross(9,18).
nocross(9,19).
nocross(10,2).
nocross(10,3).
nocross(10,5).
nocross(10,9).
nocross(10,12).
nocross(10,15).
nocross(10,18).
nocross(10,26).
nocross(10,27).
nocross(11,5).
nocross(11,6).
nocross(11,8).
nocross(11,9).
nocross(11,13).
nocross(11,14).
nocross(11,16).
nocross(11,18).
nocross(11,19).
nocross(11,20).
nocross(11,21).
nocross(11,25).
nocross(12,1).
nocross(12,2).
nocross(12,3).
nocross(12,4).
nocross(12,5).
nocross(12,7).
nocross(12,9).
nocross(12,10).
nocross(12,13).
nocross(12,14).
nocross(12,15).
nocross(12,17).
nocross(12,18).
nocross(12,23).
nocross(12,27).
nocross(13,5).
nocross(13,6).
nocross(13,8).
nocross(13,9).
nocross(13,11).
nocross(13,14).
nocross(13,16).
nocross(13,18).
nocross(13,19).
nocross(13,20).
nocross(13,25).
nocross(14,3).
nocross(14,4).
nocross(14,5).
nocross(14,6).
nocross(14,8).
nocross(14,9).
nocross(14,11).
nocross(14,12).
nocross(14,13).
nocross(14,17).
nocross(14,18).
nocross(14,19).
nocross(14,20).
nocross(14,21).
nocross(14,25).
nocross(15,2).
nocross(15,10).
nocross(15,18).
nocross(15,26).
nocross(15,27).
nocross(16,6).
nocross(16,9).
nocross(16,11).
nocross(16,13).
nocross(16,19).
nocross(17,1).
nocross(17,3).
nocross(17,4).
nocross(17,7).
nocross(17,8).
nocross(17,14).
nocross(17,22).
nocross(17,23).
nocross(17,24).
nocross(17,25).
nocross(18,2).
nocross(18,3).
nocross(18,5).
nocross(18,9).
nocross(18,10).
nocross(18,11).
nocross(18,12).
nocross(18,13).
nocross(18,14).
nocross(18,15).
nocross(18,19).
nocross(18,26).
nocross(19,5).
nocross(19,6).
nocross(19,9).
nocross(19,11).
nocross(19,13).
nocross(19,16).
nocross(19,18).
nocross(20,4).
nocross(20,6).
nocross(20,7).
nocross(20,8).
nocross(20,11).
nocross(20,13).
nocross(20,14).
nocross(20,21).
nocross(20,22).
nocross(20,24).
nocross(20,25).
nocross(21,4).
nocross(21,7).
nocross(21,8).
nocross(21,11).
nocross(21,13).
nocross(21,14).
nocross(21,20).
nocross(21,22).
nocross(21,24).
nocross(21,25).
nocross(22,4).
nocross(22,7).
nocross(22,8).
nocross(22,17).
nocross(22,20).
nocross(22,21).
nocross(22,23).
nocross(22,24).
nocross(22,25).
nocross(23,1).
nocross(23,3).
nocross(23,4).
nocross(23,7).
nocross(23,17).
nocross(23,22).
nocross(24,4).
nocross(24,7).
nocross(24,8).
nocross(24,17).
nocross(24,20).
nocross(24,21).
nocross(24,22).
nocross(24,25).
nocross(25,4).
nocross(25,7).
nocross(25,8).
nocross(25,11).
nocross(25,13).
nocross(25,14).
nocross(25,17).
nocross(25,20).
nocross(25,21).
nocross(25,22).
nocross(25,24).
nocross(26,2).
nocross(26,10).
nocross(26,15).
nocross(26,27).
nocross(27,1).
nocross(27,2).
nocross(27,10).
nocross(27,15).
nocross(27,26).
