dimension(27).
point(1, 52.9824419887, 74.406373502).
point(2, 87.3309940759, 30.0142897878).
point(3, 27.7517695396, 46.0245481592).
point(4, 38.5390229354, 55.4256706686).
point(5, 84.1071486664, 16.266429328).
point(6, 82.8463868527, 79.7685716351).
point(7, 82.816798548, 67.1940883284).
point(8, 66.1071914638, 8.7298052906).
point(9, 42.6937032964, 76.9226244191).
point(10, 18.5704126471, 45.7045901997).
point(11, 60.5716002805, 4.8059037374).
point(12, 81.2768635292, 88.1406005702).
point(13, 5.7483125864, 83.2411007655).
point(14, 29.9538471159, 66.4307966457).
point(15, 74.5975993845, 69.5784283185).
point(16, 39.2439116105, 11.4786748605).
point(17, 38.2220190877, 92.5721756815).
point(18, 68.1934677801, 85.4552706032).
point(19, 11.8995216444, 83.1031492293).
point(20, 62.304641237, 7.8507696179).
point(21, 94.1428847295, 39.0059720652).
point(22, 79.0050912868, 53.5489624727).
point(23, 8.1645440783, 94.6061213493).
point(24, 36.8917871099, 15.7251597165).
point(25, 69.9550089835, 33.1278528609).
point(26, 34.2169457918, 53.944303103).
point(27, 29.4617318853, 81.8377286415).
cost(1, 2, 56).
cost(1, 3, 38).
cost(1, 4, 24).
cost(1, 5, 66).
cost(1, 6, 30).
cost(1, 7, 31).
cost(1, 8, 67).
cost(1, 9, 11).
cost(1, 10, 45).
cost(1, 11, 70).
cost(1, 12, 31).
cost(1, 13, 48).
cost(1, 14, 24).
cost(1, 15, 22).
cost(1, 16, 64).
cost(1, 17, 23).
cost(1, 18, 19).
cost(1, 19, 42).
cost(1, 20, 67).
cost(1, 21, 54).
cost(1, 22, 33).
cost(1, 23, 49).
cost(1, 24, 61).
cost(1, 25, 45).
cost(1, 26, 28).
cost(1, 27, 25).
cost(2, 1, 56).
cost(2, 3, 62).
cost(2, 4, 55).
cost(2, 5, 14).
cost(2, 6, 50).
cost(2, 7, 37).
cost(2, 8, 30).
cost(2, 9, 65).
cost(2, 10, 71).
cost(2, 11, 37).
cost(2, 12, 58).
cost(2, 13, 97).
cost(2, 14, 68).
cost(2, 15, 42).
cost(2, 16, 52).
cost(2, 17, 80).
cost(2, 18, 59).
cost(2, 19, 92).
cost(2, 20, 33).
cost(2, 21, 11).
cost(2, 22, 25).
cost(2, 23, 102).
cost(2, 24, 52).
cost(2, 25, 18).
cost(2, 26, 58).
cost(2, 27, 78).
cost(3, 1, 38).
cost(3, 2, 62).
cost(3, 4, 14).
cost(3, 5, 64).
cost(3, 6, 65).
cost(3, 7, 59).
cost(3, 8, 53).
cost(3, 9, 34).
cost(3, 10, 9).
cost(3, 11, 53).
cost(3, 12, 68).
cost(3, 13, 43).
cost(3, 14, 21).
cost(3, 15, 52).
cost(3, 16, 36).
cost(3, 17, 48).
cost(3, 18, 56).
cost(3, 19, 40).
cost(3, 20, 51).
cost(3, 21, 67).
cost(3, 22, 52).
cost(3, 23, 52).
cost(3, 24, 32).
cost(3, 25, 44).
cost(3, 26, 10).
cost(3, 27, 36).
cost(4, 1, 24).
cost(4, 2, 55).
cost(4, 3, 14).
cost(4, 5, 60).
cost(4, 6, 51).
cost(4, 7, 46).
cost(4, 8, 54).
cost(4, 9, 22).
cost(4, 10, 22).
cost(4, 11, 55).
cost(4, 12, 54).
cost(4, 13, 43).
cost(4, 14, 14).
cost(4, 15, 39).
cost(4, 16, 44).
cost(4, 17, 37).
cost(4, 18, 42).
cost(4, 19, 38).
cost(4, 20, 53).
cost(4, 21, 58).
cost(4, 22, 41).
cost(4, 23, 50).
cost(4, 24, 40).
cost(4, 25, 39).
cost(4, 26, 5).
cost(4, 27, 28).
cost(5, 1, 66).
cost(5, 2, 14).
cost(5, 3, 64).
cost(5, 4, 60).
cost(5, 6, 64).
cost(5, 7, 51).
cost(5, 8, 20).
cost(5, 9, 73).
cost(5, 10, 72).
cost(5, 11, 26).
cost(5, 12, 72).
cost(5, 13, 103).
cost(5, 14, 74).
cost(5, 15, 54).
cost(5, 16, 45).
cost(5, 17, 89).
cost(5, 18, 71).
cost(5, 19, 98).
cost(5, 20, 23).
cost(5, 21, 25).
cost(5, 22, 38).
cost(5, 23, 109).
cost(5, 24, 47).
cost(5, 25, 22).
cost(5, 26, 63).
cost(5, 27, 85).
cost(6, 1, 30).
cost(6, 2, 50).
cost(6, 3, 65).
cost(6, 4, 51).
cost(6, 5, 64).
cost(6, 7, 13).
cost(6, 8, 73).
cost(6, 9, 40).
cost(6, 10, 73).
cost(6, 11, 78).
cost(6, 12, 9).
cost(6, 13, 77).
cost(6, 14, 55).
cost(6, 15, 13).
cost(6, 16, 81).
cost(6, 17, 46).
cost(6, 18, 16).
cost(6, 19, 71).
cost(6, 20, 75).
cost(6, 21, 42).
cost(6, 22, 26).
cost(6, 23, 76).
cost(6, 24, 79).
cost(6, 25, 48).
cost(6, 26, 55).
cost(6, 27, 53).
cost(7, 1, 31).
cost(7, 2, 37).
cost(7, 3, 59).
cost(7, 4, 46).
cost(7, 5, 51).
cost(7, 6, 13).
cost(7, 8, 61).
cost(7, 9, 41).
cost(7, 10, 68).
cost(7, 11, 66).
cost(7, 12, 21).
cost(7, 13, 79).
cost(7, 14, 53).
cost(7, 15, 9).
cost(7, 16, 71).
cost(7, 17, 51).
cost(7, 18, 23).
cost(7, 19, 73).
cost(7, 20, 63).
cost(7, 21, 30).
cost(7, 22, 14).
cost(7, 23, 80).
cost(7, 24, 69).
cost(7, 25, 36).
cost(7, 26, 50).
cost(7, 27, 55).
cost(8, 1, 67).
cost(8, 2, 30).
cost(8, 3, 53).
cost(8, 4, 54).
cost(8, 5, 20).
cost(8, 6, 73).
cost(8, 7, 61).
cost(8, 9, 72).
cost(8, 10, 60).
cost(8, 11, 7).
cost(8, 12, 81).
cost(8, 13, 96).
cost(8, 14, 68).
cost(8, 15, 61).
cost(8, 16, 27).
cost(8, 17, 88).
cost(8, 18, 77).
cost(8, 19, 92).
cost(8, 20, 4).
cost(8, 21, 41).
cost(8, 22, 47).
cost(8, 23, 104).
cost(8, 24, 30).
cost(8, 25, 25).
cost(8, 26, 55).
cost(8, 27, 82).
cost(9, 1, 11).
cost(9, 2, 65).
cost(9, 3, 34).
cost(9, 4, 22).
cost(9, 5, 73).
cost(9, 6, 40).
cost(9, 7, 41).
cost(9, 8, 72).
cost(9, 10, 39).
cost(9, 11, 74).
cost(9, 12, 40).
cost(9, 13, 37).
cost(9, 14, 17).
cost(9, 15, 33).
cost(9, 16, 66).
cost(9, 17, 16).
cost(9, 18, 27).
cost(9, 19, 31).
cost(9, 20, 72).
cost(9, 21, 64).
cost(9, 22, 43).
cost(9, 23, 39).
cost(9, 24, 61).
cost(9, 25, 52).
cost(9, 26, 24).
cost(9, 27, 14).
cost(10, 1, 45).
cost(10, 2, 71).
cost(10, 3, 9).
cost(10, 4, 22).
cost(10, 5, 72).
cost(10, 6, 73).
cost(10, 7, 68).
cost(10, 8, 60).
cost(10, 9, 39).
cost(10, 11, 59).
cost(10, 12, 76).
cost(10, 13, 40).
cost(10, 14, 24).
cost(10, 15, 61).
cost(10, 16, 40).
cost(10, 17, 51).
cost(10, 18, 64).
cost(10, 19, 38).
cost(10, 20, 58).
cost(10, 21, 76).
cost(10, 22, 61).
cost(10, 23, 50).
cost(10, 24, 35).
cost(10, 25, 53).
cost(10, 26, 18).
cost(10, 27, 38).
cost(11, 1, 70).
cost(11, 2, 37).
cost(11, 3, 53).
cost(11, 4, 55).
cost(11, 5, 26).
cost(11, 6, 78).
cost(11, 7, 66).
cost(11, 8, 7).
cost(11, 9, 74).
cost(11, 10, 59).
cost(11, 12, 86).
cost(11, 13, 96).
cost(11, 14, 69).
cost(11, 15, 66).
cost(11, 16, 22).
cost(11, 17, 91).
cost(11, 18, 81).
cost(11, 19, 92).
cost(11, 20, 4).
cost(11, 21, 48).
cost(11, 22, 52).
cost(11, 23, 104).
cost(11, 24, 26).
cost(11, 25, 30).
cost(11, 26, 56).
cost(11, 27, 83).
cost(12, 1, 31).
cost(12, 2, 58).
cost(12, 3, 68).
cost(12, 4, 54).
cost(12, 5, 72).
cost(12, 6, 9).
cost(12, 7, 21).
cost(12, 8, 81).
cost(12, 9, 40).
cost(12, 10, 76).
cost(12, 11, 86).
cost(12, 13, 76).
cost(12, 14, 56).
cost(12, 15, 20).
cost(12, 16, 87).
cost(12, 17, 43).
cost(12, 18, 13).
cost(12, 19, 70).
cost(12, 20, 83).
cost(12, 21, 51).
cost(12, 22, 35).
cost(12, 23, 73).
cost(12, 24, 85).
cost(12, 25, 56).
cost(12, 26, 58).
cost(12, 27, 52).
cost(13, 1, 48).
cost(13, 2, 97).
cost(13, 3, 43).
cost(13, 4, 43).
cost(13, 5, 103).
cost(13, 6, 77).
cost(13, 7, 79).
cost(13, 8, 96).
cost(13, 9, 37).
cost(13, 10, 40).
cost(13, 11, 96).
cost(13, 12, 76).
cost(13, 14, 29).
cost(13, 15, 70).
cost(13, 16, 79).
cost(13, 17, 34).
cost(13, 18, 62).
cost(13, 19, 6).
cost(13, 20, 94).
cost(13, 21, 99).
cost(13, 22, 79).
cost(13, 23, 12).
cost(13, 24, 74).
cost(13, 25, 81).
cost(13, 26, 41).
cost(13, 27, 24).
cost(14, 1, 24).
cost(14, 2, 68).
cost(14, 3, 21).
cost(14, 4, 14).
cost(14, 5, 74).
cost(14, 6, 55).
cost(14, 7, 53).
cost(14, 8, 68).
cost(14, 9, 17).
cost(14, 10, 24).
cost(14, 11, 69).
cost(14, 12, 56).
cost(14, 13, 29).
cost(14, 15, 45).
cost(14, 16, 56).
cost(14, 17, 27).
cost(14, 18, 43).
cost(14, 19, 25).
cost(14, 20, 67).
cost(14, 21, 70).
cost(14, 22, 51).
cost(14, 23, 36).
cost(14, 24, 51).
cost(14, 25, 52).
cost(14, 26, 13).
cost(14, 27, 15).
cost(15, 1, 22).
cost(15, 2, 42).
cost(15, 3, 52).
cost(15, 4, 39).
cost(15, 5, 54).
cost(15, 6, 13).
cost(15, 7, 9).
cost(15, 8, 61).
cost(15, 9, 33).
cost(15, 10, 61).
cost(15, 11, 66).
cost(15, 12, 20).
cost(15, 13, 70).
cost(15, 14, 45).
cost(15, 16, 68).
cost(15, 17, 43).
cost(15, 18, 17).
cost(15, 19, 64).
cost(15, 20, 63).
cost(15, 21, 36).
cost(15, 22, 17).
cost(15, 23, 71).
cost(15, 24, 66).
cost(15, 25, 37).
cost(15, 26, 43).
cost(15, 27, 47).
cost(16, 1, 64).
cost(16, 2, 52).
cost(16, 3, 36).
cost(16, 4, 44).
cost(16, 5, 45).
cost(16, 6, 81).
cost(16, 7, 71).
cost(16, 8, 27).
cost(16, 9, 66).
cost(16, 10, 40).
cost(16, 11, 22).
cost(16, 12, 87).
cost(16, 13, 79).
cost(16, 14, 56).
cost(16, 15, 68).
cost(16, 17, 81).
cost(16, 18, 79).
cost(16, 19, 77).
cost(16, 20, 23).
cost(16, 21, 61).
cost(16, 22, 58).
cost(16, 23, 89).
cost(16, 24, 5).
cost(16, 25, 38).
cost(16, 26, 43).
cost(16, 27, 71).
cost(17, 1, 23).
cost(17, 2, 80).
cost(17, 3, 48).
cost(17, 4, 37).
cost(17, 5, 89).
cost(17, 6, 46).
cost(17, 7, 51).
cost(17, 8, 88).
cost(17, 9, 16).
cost(17, 10, 51).
cost(17, 11, 91).
cost(17, 12, 43).
cost(17, 13, 34).
cost(17, 14, 27).
cost(17, 15, 43).
cost(17, 16, 81).
cost(17, 18, 31).
cost(17, 19, 28).
cost(17, 20, 88).
cost(17, 21, 77).
cost(17, 22, 56).
cost(17, 23, 30).
cost(17, 24, 77).
cost(17, 25, 67).
cost(17, 26, 39).
cost(17, 27, 14).
cost(18, 1, 19).
cost(18, 2, 59).
cost(18, 3, 56).
cost(18, 4, 42).
cost(18, 5, 71).
cost(18, 6, 16).
cost(18, 7, 23).
cost(18, 8, 77).
cost(18, 9, 27).
cost(18, 10, 64).
cost(18, 11, 81).
cost(18, 12, 13).
cost(18, 13, 62).
cost(18, 14, 43).
cost(18, 15, 17).
cost(18, 16, 79).
cost(18, 17, 31).
cost(18, 19, 56).
cost(18, 20, 78).
cost(18, 21, 53).
cost(18, 22, 34).
cost(18, 23, 61).
cost(18, 24, 76).
cost(18, 25, 52).
cost(18, 26, 46).
cost(18, 27, 39).
cost(19, 1, 42).
cost(19, 2, 92).
cost(19, 3, 40).
cost(19, 4, 38).
cost(19, 5, 98).
cost(19, 6, 71).
cost(19, 7, 73).
cost(19, 8, 92).
cost(19, 9, 31).
cost(19, 10, 38).
cost(19, 11, 92).
cost(19, 12, 70).
cost(19, 13, 6).
cost(19, 14, 25).
cost(19, 15, 64).
cost(19, 16, 77).
cost(19, 17, 28).
cost(19, 18, 56).
cost(19, 20, 91).
cost(19, 21, 93).
cost(19, 22, 73).
cost(19, 23, 12).
cost(19, 24, 72).
cost(19, 25, 77).
cost(19, 26, 37).
cost(19, 27, 18).
cost(20, 1, 67).
cost(20, 2, 33).
cost(20, 3, 51).
cost(20, 4, 53).
cost(20, 5, 23).
cost(20, 6, 75).
cost(20, 7, 63).
cost(20, 8, 4).
cost(20, 9, 72).
cost(20, 10, 58).
cost(20, 11, 4).
cost(20, 12, 83).
cost(20, 13, 94).
cost(20, 14, 67).
cost(20, 15, 63).
cost(20, 16, 23).
cost(20, 17, 88).
cost(20, 18, 78).
cost(20, 19, 91).
cost(20, 21, 45).
cost(20, 22, 49).
cost(20, 23, 102).
cost(20, 24, 27).
cost(20, 25, 26).
cost(20, 26, 54).
cost(20, 27, 81).
cost(21, 1, 54).
cost(21, 2, 11).
cost(21, 3, 67).
cost(21, 4, 58).
cost(21, 5, 25).
cost(21, 6, 42).
cost(21, 7, 30).
cost(21, 8, 41).
cost(21, 9, 64).
cost(21, 10, 76).
cost(21, 11, 48).
cost(21, 12, 51).
cost(21, 13, 99).
cost(21, 14, 70).
cost(21, 15, 36).
cost(21, 16, 61).
cost(21, 17, 77).
cost(21, 18, 53).
cost(21, 19, 93).
cost(21, 20, 45).
cost(21, 22, 21).
cost(21, 23, 102).
cost(21, 24, 62).
cost(21, 25, 25).
cost(21, 26, 62).
cost(21, 27, 78).
cost(22, 1, 33).
cost(22, 2, 25).
cost(22, 3, 52).
cost(22, 4, 41).
cost(22, 5, 38).
cost(22, 6, 26).
cost(22, 7, 14).
cost(22, 8, 47).
cost(22, 9, 43).
cost(22, 10, 61).
cost(22, 11, 52).
cost(22, 12, 35).
cost(22, 13, 79).
cost(22, 14, 51).
cost(22, 15, 17).
cost(22, 16, 58).
cost(22, 17, 56).
cost(22, 18, 34).
cost(22, 19, 73).
cost(22, 20, 49).
cost(22, 21, 21).
cost(22, 23, 82).
cost(22, 24, 57).
cost(22, 25, 22).
cost(22, 26, 45).
cost(22, 27, 57).
cost(23, 1, 49).
cost(23, 2, 102).
cost(23, 3, 52).
cost(23, 4, 50).
cost(23, 5, 109).
cost(23, 6, 76).
cost(23, 7, 80).
cost(23, 8, 104).
cost(23, 9, 39).
cost(23, 10, 50).
cost(23, 11, 104).
cost(23, 12, 73).
cost(23, 13, 12).
cost(23, 14, 36).
cost(23, 15, 71).
cost(23, 16, 89).
cost(23, 17, 30).
cost(23, 18, 61).
cost(23, 19, 12).
cost(23, 20, 102).
cost(23, 21, 102).
cost(23, 22, 82).
cost(23, 24, 84).
cost(23, 25, 87).
cost(23, 26, 48).
cost(23, 27, 25).
cost(24, 1, 61).
cost(24, 2, 52).
cost(24, 3, 32).
cost(24, 4, 40).
cost(24, 5, 47).
cost(24, 6, 79).
cost(24, 7, 69).
cost(24, 8, 30).
cost(24, 9, 61).
cost(24, 10, 35).
cost(24, 11, 26).
cost(24, 12, 85).
cost(24, 13, 74).
cost(24, 14, 51).
cost(24, 15, 66).
cost(24, 16, 5).
cost(24, 17, 77).
cost(24, 18, 76).
cost(24, 19, 72).
cost(24, 20, 27).
cost(24, 21, 62).
cost(24, 22, 57).
cost(24, 23, 84).
cost(24, 25, 37).
cost(24, 26, 38).
cost(24, 27, 67).
cost(25, 1, 45).
cost(25, 2, 18).
cost(25, 3, 44).
cost(25, 4, 39).
cost(25, 5, 22).
cost(25, 6, 48).
cost(25, 7, 36).
cost(25, 8, 25).
cost(25, 9, 52).
cost(25, 10, 53).
cost(25, 11, 30).
cost(25, 12, 56).
cost(25, 13, 81).
cost(25, 14, 52).
cost(25, 15, 37).
cost(25, 16, 38).
cost(25, 17, 67).
cost(25, 18, 52).
cost(25, 19, 77).
cost(25, 20, 26).
cost(25, 21, 25).
cost(25, 22, 22).
cost(25, 23, 87).
cost(25, 24, 37).
cost(25, 26, 41).
cost(25, 27, 63).
cost(26, 1, 28).
cost(26, 2, 58).
cost(26, 3, 10).
cost(26, 4, 5).
cost(26, 5, 63).
cost(26, 6, 55).
cost(26, 7, 50).
cost(26, 8, 55).
cost(26, 9, 24).
cost(26, 10, 18).
cost(26, 11, 56).
cost(26, 12, 58).
cost(26, 13, 41).
cost(26, 14, 13).
cost(26, 15, 43).
cost(26, 16, 43).
cost(26, 17, 39).
cost(26, 18, 46).
cost(26, 19, 37).
cost(26, 20, 54).
cost(26, 21, 62).
cost(26, 22, 45).
cost(26, 23, 48).
cost(26, 24, 38).
cost(26, 25, 41).
cost(26, 27, 28).
cost(27, 1, 25).
cost(27, 2, 78).
cost(27, 3, 36).
cost(27, 4, 28).
cost(27, 5, 85).
cost(27, 6, 53).
cost(27, 7, 55).
cost(27, 8, 82).
cost(27, 9, 14).
cost(27, 10, 38).
cost(27, 11, 83).
cost(27, 12, 52).
cost(27, 13, 24).
cost(27, 14, 15).
cost(27, 15, 47).
cost(27, 16, 71).
cost(27, 17, 14).
cost(27, 18, 39).
cost(27, 19, 18).
cost(27, 20, 81).
cost(27, 21, 78).
cost(27, 22, 57).
cost(27, 23, 25).
cost(27, 24, 67).
cost(27, 25, 63).
cost(27, 26, 28).
nocross(1,4).
nocross(1,6).
nocross(1,7).
nocross(1,9).
nocross(1,12).
nocross(1,14).
nocross(1,15).
nocross(1,17).
nocross(1,18).
nocross(1,22).
nocross(1,26).
nocross(1,27).
nocross(2,5).
nocross(2,8).
nocross(2,15).
nocross(2,20).
nocross(2,21).
nocross(2,22).
nocross(2,25).
nocross(3,4).
nocross(3,10).
nocross(3,14).
nocross(3,16).
nocross(3,24).
nocross(3,26).
nocross(3,27).
nocross(4,1).
nocross(4,3).
nocross(4,9).
nocross(4,10).
nocross(4,14).
nocross(4,15).
nocross(4,24).
nocross(4,26).
nocross(4,27).
nocross(5,2).
nocross(5,8).
nocross(5,11).
nocross(5,20).
nocross(5,21).
nocross(5,25).
nocross(6,1).
nocross(6,7).
nocross(6,9).
nocross(6,12).
nocross(6,15).
nocross(6,18).
nocross(6,21).
nocross(6,22).
nocross(7,1).
nocross(7,2).
nocross(7,6).
nocross(7,12).
nocross(7,15).
nocross(7,18).
nocross(7,21).
nocross(7,22).
nocross(8,2).
nocross(8,5).
nocross(8,11).
nocross(8,16).
nocross(8,20).
nocross(8,24).
nocross(8,25).
nocross(9,1).
nocross(9,4).
nocross(9,14).
nocross(9,15).
nocross(9,17).
nocross(9,18).
nocross(9,19).
nocross(9,23).
nocross(9,26).
nocross(9,27).
nocross(10,3).
nocross(10,4).
nocross(10,14).
nocross(10,16).
nocross(10,19).
nocross(10,24).
nocross(10,26).
nocross(11,5).
nocross(11,8).
nocross(11,16).
nocross(11,20).
nocross(11,24).
nocross(11,25).
nocross(12,1).
nocross(12,6).
nocross(12,7).
nocross(12,15).
nocross(12,18).
nocross(13,10).
nocross(13,14).
nocross(13,17).
nocross(13,19).
nocross(13,23).
nocross(13,27).
nocross(14,1).
nocross(14,3).
nocross(14,4).
nocross(14,9).
nocross(14,10).
nocross(14,13).
nocross(14,17).
nocross(14,19).
nocross(14,23).
nocross(14,24).
nocross(14,26).
nocross(14,27).
nocross(15,1).
nocross(15,4).
nocross(15,6).
nocross(15,7).
nocross(15,9).
nocross(15,12).
nocross(15,18).
nocross(15,22).
nocross(16,3).
nocross(16,4).
nocross(16,8).
nocross(16,10).
nocross(16,11).
nocross(16,20).
nocross(16,24).
nocross(16,26).
nocross(17,1).
nocross(17,9).
nocross(17,12).
nocross(17,13).
nocross(17,14).
nocross(17,18).
nocross(17,19).
nocross(17,23).
nocross(17,27).
nocross(18,1).
nocross(18,6).
nocross(18,7).
nocross(18,9).
nocross(18,12).
nocross(18,15).
nocross(18,17).
nocross(18,22).
nocross(19,4).
nocross(19,9).
nocross(19,10).
nocross(19,13).
nocross(19,14).
nocross(19,17).
nocross(19,23).
nocross(19,26).
nocross(19,27).
nocross(20,5).
nocross(20,8).
nocross(20,11).
nocross(20,16).
nocross(20,24).
nocross(20,25).
nocross(21,2).
nocross(21,5).
nocross(21,7).
nocross(21,15).
nocross(21,22).
nocross(21,25).
nocross(22,1).
nocross(22,2).
nocross(22,4).
nocross(22,6).
nocross(22,7).
nocross(22,12).
nocross(22,15).
nocross(22,21).
nocross(22,25).
nocross(23,13).
nocross(23,17).
nocross(23,19).
nocross(23,27).
nocross(24,3).
nocross(24,4).
nocross(24,8).
nocross(24,10).
nocross(24,11).
nocross(24,16).
nocross(24,20).
nocross(24,26).
nocross(25,2).
nocross(25,4).
nocross(25,5).
nocross(25,7).
nocross(25,8).
nocross(25,11).
nocross(25,15).
nocross(25,16).
nocross(25,20).
nocross(25,21).
nocross(25,22).
nocross(25,24).
nocross(25,26).
nocross(26,1).
nocross(26,3).
nocross(26,4).
nocross(26,9).
nocross(26,10).
nocross(26,14).
nocross(26,16).
nocross(26,19).
nocross(26,24).
nocross(26,27).
nocross(27,1).
nocross(27,3).
nocross(27,4).
nocross(27,9).
nocross(27,13).
nocross(27,14).
nocross(27,17).
nocross(27,19).
nocross(27,23).
nocross(27,26).
