dimension(27).
point(1, 93.5979727788, 40.2472355583).
point(2, 51.3493547973, 92.4012355454).
point(3, 13.4501773736, 37.4347313163).
point(4, 11.1256410856, 53.6496516871).
point(5, 22.6066531956, 31.0061025913).
point(6, 86.4648792362, 10.6237079366).
point(7, 27.8627526242, 28.3302769067).
point(8, 91.9557351128, 29.50027539).
point(9, 33.0131254537, 77.6890408303).
point(10, 34.7351926318, 45.4218184586).
point(11, 20.5941054061, 60.8833567978).
point(12, 33.4634298822, 79.013565246).
point(13, 80.5599181283, 36.0850106877).
point(14, 14.6732801165, 59.7113606915).
point(15, 33.5752532578, 38.8034463778).
point(16, 13.0096604582, 58.2346668765).
point(17, 54.1617537159, 52.3777818009).
point(18, 6.4303840271, 65.3370536921).
point(19, 96.0472348732, 25.5869384246).
point(20, 26.1663767312, 22.9050558832).
point(21, 65.6011635252, 84.7573957558).
point(22, 40.9771755871, 80.2901545056).
point(23, 87.7734009993, 93.3042660517).
point(24, 81.2508353292, 71.4964640175).
point(25, 84.7127613926, 79.9635700144).
point(26, 11.6670277686, 59.7069663879).
point(27, 57.9571070045, 66.3988736783).
cost(1, 2, 67).
cost(1, 3, 80).
cost(1, 4, 84).
cost(1, 5, 72).
cost(1, 6, 30).
cost(1, 7, 67).
cost(1, 8, 11).
cost(1, 9, 71).
cost(1, 10, 59).
cost(1, 11, 76).
cost(1, 12, 72).
cost(1, 13, 14).
cost(1, 14, 81).
cost(1, 15, 60).
cost(1, 16, 83).
cost(1, 17, 41).
cost(1, 18, 91).
cost(1, 19, 15).
cost(1, 20, 70).
cost(1, 21, 53).
cost(1, 22, 66).
cost(1, 23, 53).
cost(1, 24, 34).
cost(1, 25, 41).
cost(1, 26, 84).
cost(1, 27, 44).
cost(2, 1, 67).
cost(2, 3, 67).
cost(2, 4, 56).
cost(2, 5, 68).
cost(2, 6, 89).
cost(2, 7, 68).
cost(2, 8, 75).
cost(2, 9, 24).
cost(2, 10, 50).
cost(2, 11, 44).
cost(2, 12, 22).
cost(2, 13, 63).
cost(2, 14, 49).
cost(2, 15, 56).
cost(2, 16, 51).
cost(2, 17, 40).
cost(2, 18, 52).
cost(2, 19, 80).
cost(2, 20, 74).
cost(2, 21, 16).
cost(2, 22, 16).
cost(2, 23, 36).
cost(2, 24, 36).
cost(2, 25, 36).
cost(2, 26, 51).
cost(2, 27, 27).
cost(3, 1, 80).
cost(3, 2, 67).
cost(3, 4, 16).
cost(3, 5, 11).
cost(3, 6, 78).
cost(3, 7, 17).
cost(3, 8, 79).
cost(3, 9, 45).
cost(3, 10, 23).
cost(3, 11, 25).
cost(3, 12, 46).
cost(3, 13, 67).
cost(3, 14, 22).
cost(3, 15, 20).
cost(3, 16, 21).
cost(3, 17, 43).
cost(3, 18, 29).
cost(3, 19, 83).
cost(3, 20, 19).
cost(3, 21, 70).
cost(3, 22, 51).
cost(3, 23, 93).
cost(3, 24, 76).
cost(3, 25, 83).
cost(3, 26, 22).
cost(3, 27, 53).
cost(4, 1, 84).
cost(4, 2, 56).
cost(4, 3, 16).
cost(4, 5, 25).
cost(4, 6, 87).
cost(4, 7, 30).
cost(4, 8, 84).
cost(4, 9, 33).
cost(4, 10, 25).
cost(4, 11, 12).
cost(4, 12, 34).
cost(4, 13, 72).
cost(4, 14, 7).
cost(4, 15, 27).
cost(4, 16, 5).
cost(4, 17, 43).
cost(4, 18, 13).
cost(4, 19, 89).
cost(4, 20, 34).
cost(4, 21, 63).
cost(4, 22, 40).
cost(4, 23, 86).
cost(4, 24, 72).
cost(4, 25, 78).
cost(4, 26, 6).
cost(4, 27, 49).
cost(5, 1, 72).
cost(5, 2, 68).
cost(5, 3, 11).
cost(5, 4, 25).
cost(5, 6, 67).
cost(5, 7, 6).
cost(5, 8, 69).
cost(5, 9, 48).
cost(5, 10, 19).
cost(5, 11, 30).
cost(5, 12, 49).
cost(5, 13, 58).
cost(5, 14, 30).
cost(5, 15, 13).
cost(5, 16, 29).
cost(5, 17, 38).
cost(5, 18, 38).
cost(5, 19, 74).
cost(5, 20, 9).
cost(5, 21, 69).
cost(5, 22, 53).
cost(5, 23, 90).
cost(5, 24, 71).
cost(5, 25, 79).
cost(5, 26, 31).
cost(5, 27, 50).
cost(6, 1, 30).
cost(6, 2, 89).
cost(6, 3, 78).
cost(6, 4, 87).
cost(6, 5, 67).
cost(6, 7, 61).
cost(6, 8, 20).
cost(6, 9, 86).
cost(6, 10, 62).
cost(6, 11, 83).
cost(6, 12, 87).
cost(6, 13, 26).
cost(6, 14, 87).
cost(6, 15, 60).
cost(6, 16, 88).
cost(6, 17, 53).
cost(6, 18, 97).
cost(6, 19, 18).
cost(6, 20, 62).
cost(6, 21, 77).
cost(6, 22, 83).
cost(6, 23, 83).
cost(6, 24, 61).
cost(6, 25, 69).
cost(6, 26, 89).
cost(6, 27, 63).
cost(7, 1, 67).
cost(7, 2, 68).
cost(7, 3, 17).
cost(7, 4, 30).
cost(7, 5, 6).
cost(7, 6, 61).
cost(7, 8, 64).
cost(7, 9, 50).
cost(7, 10, 18).
cost(7, 11, 33).
cost(7, 12, 51).
cost(7, 13, 53).
cost(7, 14, 34).
cost(7, 15, 12).
cost(7, 16, 33).
cost(7, 17, 36).
cost(7, 18, 43).
cost(7, 19, 68).
cost(7, 20, 6).
cost(7, 21, 68).
cost(7, 22, 54).
cost(7, 23, 88).
cost(7, 24, 69).
cost(7, 25, 77).
cost(7, 26, 35).
cost(7, 27, 49).
cost(8, 1, 11).
cost(8, 2, 75).
cost(8, 3, 79).
cost(8, 4, 84).
cost(8, 5, 69).
cost(8, 6, 20).
cost(8, 7, 64).
cost(8, 9, 76).
cost(8, 10, 59).
cost(8, 11, 78).
cost(8, 12, 77).
cost(8, 13, 13).
cost(8, 14, 83).
cost(8, 15, 59).
cost(8, 16, 84).
cost(8, 17, 44).
cost(8, 18, 93).
cost(8, 19, 6).
cost(8, 20, 66).
cost(8, 21, 61).
cost(8, 22, 72).
cost(8, 23, 64).
cost(8, 24, 43).
cost(8, 25, 51).
cost(8, 26, 86).
cost(8, 27, 50).
cost(9, 1, 71).
cost(9, 2, 24).
cost(9, 3, 45).
cost(9, 4, 33).
cost(9, 5, 48).
cost(9, 6, 86).
cost(9, 7, 50).
cost(9, 8, 76).
cost(9, 10, 32).
cost(9, 11, 21).
cost(9, 12, 1).
cost(9, 13, 63).
cost(9, 14, 26).
cost(9, 15, 39).
cost(9, 16, 28).
cost(9, 17, 33).
cost(9, 18, 29).
cost(9, 19, 82).
cost(9, 20, 55).
cost(9, 21, 33).
cost(9, 22, 8).
cost(9, 23, 57).
cost(9, 24, 49).
cost(9, 25, 52).
cost(9, 26, 28).
cost(9, 27, 27).
cost(10, 1, 59).
cost(10, 2, 50).
cost(10, 3, 23).
cost(10, 4, 25).
cost(10, 5, 19).
cost(10, 6, 62).
cost(10, 7, 18).
cost(10, 8, 59).
cost(10, 9, 32).
cost(10, 11, 21).
cost(10, 12, 34).
cost(10, 13, 47).
cost(10, 14, 25).
cost(10, 15, 7).
cost(10, 16, 25).
cost(10, 17, 21).
cost(10, 18, 35).
cost(10, 19, 64).
cost(10, 20, 24).
cost(10, 21, 50).
cost(10, 22, 35).
cost(10, 23, 71).
cost(10, 24, 53).
cost(10, 25, 61).
cost(10, 26, 27).
cost(10, 27, 31).
cost(11, 1, 76).
cost(11, 2, 44).
cost(11, 3, 25).
cost(11, 4, 12).
cost(11, 5, 30).
cost(11, 6, 83).
cost(11, 7, 33).
cost(11, 8, 78).
cost(11, 9, 21).
cost(11, 10, 21).
cost(11, 12, 22).
cost(11, 13, 65).
cost(11, 14, 6).
cost(11, 15, 26).
cost(11, 16, 8).
cost(11, 17, 35).
cost(11, 18, 15).
cost(11, 19, 83).
cost(11, 20, 38).
cost(11, 21, 51).
cost(11, 22, 28).
cost(11, 23, 75).
cost(11, 24, 62).
cost(11, 25, 67).
cost(11, 26, 9).
cost(11, 27, 38).
cost(12, 1, 72).
cost(12, 2, 22).
cost(12, 3, 46).
cost(12, 4, 34).
cost(12, 5, 49).
cost(12, 6, 87).
cost(12, 7, 51).
cost(12, 8, 77).
cost(12, 9, 1).
cost(12, 10, 34).
cost(12, 11, 22).
cost(12, 13, 64).
cost(12, 14, 27).
cost(12, 15, 40).
cost(12, 16, 29).
cost(12, 17, 34).
cost(12, 18, 30).
cost(12, 19, 82).
cost(12, 20, 57).
cost(12, 21, 33).
cost(12, 22, 8).
cost(12, 23, 56).
cost(12, 24, 48).
cost(12, 25, 51).
cost(12, 26, 29).
cost(12, 27, 28).
cost(13, 1, 14).
cost(13, 2, 63).
cost(13, 3, 67).
cost(13, 4, 72).
cost(13, 5, 58).
cost(13, 6, 26).
cost(13, 7, 53).
cost(13, 8, 13).
cost(13, 9, 63).
cost(13, 10, 47).
cost(13, 11, 65).
cost(13, 12, 64).
cost(13, 14, 70).
cost(13, 15, 47).
cost(13, 16, 71).
cost(13, 17, 31).
cost(13, 18, 80).
cost(13, 19, 19).
cost(13, 20, 56).
cost(13, 21, 51).
cost(13, 22, 59).
cost(13, 23, 58).
cost(13, 24, 35).
cost(13, 25, 44).
cost(13, 26, 73).
cost(13, 27, 38).
cost(14, 1, 81).
cost(14, 2, 49).
cost(14, 3, 22).
cost(14, 4, 7).
cost(14, 5, 30).
cost(14, 6, 87).
cost(14, 7, 34).
cost(14, 8, 83).
cost(14, 9, 26).
cost(14, 10, 25).
cost(14, 11, 6).
cost(14, 12, 27).
cost(14, 13, 70).
cost(14, 15, 28).
cost(14, 16, 2).
cost(14, 17, 40).
cost(14, 18, 10).
cost(14, 19, 88).
cost(14, 20, 39).
cost(14, 21, 57).
cost(14, 22, 33).
cost(14, 23, 80).
cost(14, 24, 68).
cost(14, 25, 73).
cost(14, 26, 3).
cost(14, 27, 44).
cost(15, 1, 60).
cost(15, 2, 56).
cost(15, 3, 20).
cost(15, 4, 27).
cost(15, 5, 13).
cost(15, 6, 60).
cost(15, 7, 12).
cost(15, 8, 59).
cost(15, 9, 39).
cost(15, 10, 7).
cost(15, 11, 26).
cost(15, 12, 40).
cost(15, 13, 47).
cost(15, 14, 28).
cost(15, 16, 28).
cost(15, 17, 25).
cost(15, 18, 38).
cost(15, 19, 64).
cost(15, 20, 18).
cost(15, 21, 56).
cost(15, 22, 42).
cost(15, 23, 77).
cost(15, 24, 58).
cost(15, 25, 66).
cost(15, 26, 30).
cost(15, 27, 37).
cost(16, 1, 83).
cost(16, 2, 51).
cost(16, 3, 21).
cost(16, 4, 5).
cost(16, 5, 29).
cost(16, 6, 88).
cost(16, 7, 33).
cost(16, 8, 84).
cost(16, 9, 28).
cost(16, 10, 25).
cost(16, 11, 8).
cost(16, 12, 29).
cost(16, 13, 71).
cost(16, 14, 2).
cost(16, 15, 28).
cost(16, 17, 42).
cost(16, 18, 10).
cost(16, 19, 89).
cost(16, 20, 38).
cost(16, 21, 59).
cost(16, 22, 36).
cost(16, 23, 83).
cost(16, 24, 70).
cost(16, 25, 75).
cost(16, 26, 2).
cost(16, 27, 46).
cost(17, 1, 41).
cost(17, 2, 40).
cost(17, 3, 43).
cost(17, 4, 43).
cost(17, 5, 38).
cost(17, 6, 53).
cost(17, 7, 36).
cost(17, 8, 44).
cost(17, 9, 33).
cost(17, 10, 21).
cost(17, 11, 35).
cost(17, 12, 34).
cost(17, 13, 31).
cost(17, 14, 40).
cost(17, 15, 25).
cost(17, 16, 42).
cost(17, 18, 49).
cost(17, 19, 50).
cost(17, 20, 41).
cost(17, 21, 34).
cost(17, 22, 31).
cost(17, 23, 53).
cost(17, 24, 33).
cost(17, 25, 41).
cost(17, 26, 43).
cost(17, 27, 15).
cost(18, 1, 91).
cost(18, 2, 52).
cost(18, 3, 29).
cost(18, 4, 13).
cost(18, 5, 38).
cost(18, 6, 97).
cost(18, 7, 43).
cost(18, 8, 93).
cost(18, 9, 29).
cost(18, 10, 35).
cost(18, 11, 15).
cost(18, 12, 30).
cost(18, 13, 80).
cost(18, 14, 10).
cost(18, 15, 38).
cost(18, 16, 10).
cost(18, 17, 49).
cost(18, 19, 98).
cost(18, 20, 47).
cost(18, 21, 62).
cost(18, 22, 38).
cost(18, 23, 86).
cost(18, 24, 75).
cost(18, 25, 80).
cost(18, 26, 8).
cost(18, 27, 52).
cost(19, 1, 15).
cost(19, 2, 80).
cost(19, 3, 83).
cost(19, 4, 89).
cost(19, 5, 74).
cost(19, 6, 18).
cost(19, 7, 68).
cost(19, 8, 6).
cost(19, 9, 82).
cost(19, 10, 64).
cost(19, 11, 83).
cost(19, 12, 82).
cost(19, 13, 19).
cost(19, 14, 88).
cost(19, 15, 64).
cost(19, 16, 89).
cost(19, 17, 50).
cost(19, 18, 98).
cost(19, 20, 70).
cost(19, 21, 67).
cost(19, 22, 78).
cost(19, 23, 68).
cost(19, 24, 48).
cost(19, 25, 56).
cost(19, 26, 91).
cost(19, 27, 56).
cost(20, 1, 70).
cost(20, 2, 74).
cost(20, 3, 19).
cost(20, 4, 34).
cost(20, 5, 9).
cost(20, 6, 62).
cost(20, 7, 6).
cost(20, 8, 66).
cost(20, 9, 55).
cost(20, 10, 24).
cost(20, 11, 38).
cost(20, 12, 57).
cost(20, 13, 56).
cost(20, 14, 39).
cost(20, 15, 18).
cost(20, 16, 38).
cost(20, 17, 41).
cost(20, 18, 47).
cost(20, 19, 70).
cost(20, 21, 73).
cost(20, 22, 59).
cost(20, 23, 94).
cost(20, 24, 73).
cost(20, 25, 82).
cost(20, 26, 40).
cost(20, 27, 54).
cost(21, 1, 53).
cost(21, 2, 16).
cost(21, 3, 70).
cost(21, 4, 63).
cost(21, 5, 69).
cost(21, 6, 77).
cost(21, 7, 68).
cost(21, 8, 61).
cost(21, 9, 33).
cost(21, 10, 50).
cost(21, 11, 51).
cost(21, 12, 33).
cost(21, 13, 51).
cost(21, 14, 57).
cost(21, 15, 56).
cost(21, 16, 59).
cost(21, 17, 34).
cost(21, 18, 62).
cost(21, 19, 67).
cost(21, 20, 73).
cost(21, 22, 25).
cost(21, 23, 24).
cost(21, 24, 21).
cost(21, 25, 20).
cost(21, 26, 59).
cost(21, 27, 20).
cost(22, 1, 66).
cost(22, 2, 16).
cost(22, 3, 51).
cost(22, 4, 40).
cost(22, 5, 53).
cost(22, 6, 83).
cost(22, 7, 54).
cost(22, 8, 72).
cost(22, 9, 8).
cost(22, 10, 35).
cost(22, 11, 28).
cost(22, 12, 8).
cost(22, 13, 59).
cost(22, 14, 33).
cost(22, 15, 42).
cost(22, 16, 36).
cost(22, 17, 31).
cost(22, 18, 38).
cost(22, 19, 78).
cost(22, 20, 59).
cost(22, 21, 25).
cost(22, 23, 49).
cost(22, 24, 41).
cost(22, 25, 44).
cost(22, 26, 36).
cost(22, 27, 22).
cost(23, 1, 53).
cost(23, 2, 36).
cost(23, 3, 93).
cost(23, 4, 86).
cost(23, 5, 90).
cost(23, 6, 83).
cost(23, 7, 88).
cost(23, 8, 64).
cost(23, 9, 57).
cost(23, 10, 71).
cost(23, 11, 75).
cost(23, 12, 56).
cost(23, 13, 58).
cost(23, 14, 80).
cost(23, 15, 77).
cost(23, 16, 83).
cost(23, 17, 53).
cost(23, 18, 86).
cost(23, 19, 68).
cost(23, 20, 94).
cost(23, 21, 24).
cost(23, 22, 49).
cost(23, 24, 23).
cost(23, 25, 14).
cost(23, 26, 83).
cost(23, 27, 40).
cost(24, 1, 34).
cost(24, 2, 36).
cost(24, 3, 76).
cost(24, 4, 72).
cost(24, 5, 71).
cost(24, 6, 61).
cost(24, 7, 69).
cost(24, 8, 43).
cost(24, 9, 49).
cost(24, 10, 53).
cost(24, 11, 62).
cost(24, 12, 48).
cost(24, 13, 35).
cost(24, 14, 68).
cost(24, 15, 58).
cost(24, 16, 70).
cost(24, 17, 33).
cost(24, 18, 75).
cost(24, 19, 48).
cost(24, 20, 73).
cost(24, 21, 21).
cost(24, 22, 41).
cost(24, 23, 23).
cost(24, 25, 9).
cost(24, 26, 71).
cost(24, 27, 24).
cost(25, 1, 41).
cost(25, 2, 36).
cost(25, 3, 83).
cost(25, 4, 78).
cost(25, 5, 79).
cost(25, 6, 69).
cost(25, 7, 77).
cost(25, 8, 51).
cost(25, 9, 52).
cost(25, 10, 61).
cost(25, 11, 67).
cost(25, 12, 51).
cost(25, 13, 44).
cost(25, 14, 73).
cost(25, 15, 66).
cost(25, 16, 75).
cost(25, 17, 41).
cost(25, 18, 80).
cost(25, 19, 56).
cost(25, 20, 82).
cost(25, 21, 20).
cost(25, 22, 44).
cost(25, 23, 14).
cost(25, 24, 9).
cost(25, 26, 76).
cost(25, 27, 30).
cost(26, 1, 84).
cost(26, 2, 51).
cost(26, 3, 22).
cost(26, 4, 6).
cost(26, 5, 31).
cost(26, 6, 89).
cost(26, 7, 35).
cost(26, 8, 86).
cost(26, 9, 28).
cost(26, 10, 27).
cost(26, 11, 9).
cost(26, 12, 29).
cost(26, 13, 73).
cost(26, 14, 3).
cost(26, 15, 30).
cost(26, 16, 2).
cost(26, 17, 43).
cost(26, 18, 8).
cost(26, 19, 91).
cost(26, 20, 40).
cost(26, 21, 59).
cost(26, 22, 36).
cost(26, 23, 83).
cost(26, 24, 71).
cost(26, 25, 76).
cost(26, 27, 47).
cost(27, 1, 44).
cost(27, 2, 27).
cost(27, 3, 53).
cost(27, 4, 49).
cost(27, 5, 50).
cost(27, 6, 63).
cost(27, 7, 49).
cost(27, 8, 50).
cost(27, 9, 27).
cost(27, 10, 31).
cost(27, 11, 38).
cost(27, 12, 28).
cost(27, 13, 38).
cost(27, 14, 44).
cost(27, 15, 37).
cost(27, 16, 46).
cost(27, 17, 15).
cost(27, 18, 52).
cost(27, 19, 56).
cost(27, 20, 54).
cost(27, 21, 20).
cost(27, 22, 22).
cost(27, 23, 40).
cost(27, 24, 24).
cost(27, 25, 30).
cost(27, 26, 47).
nocross(1,8).
nocross(1,13).
nocross(1,17).
nocross(1,19).
nocross(1,24).
nocross(1,25).
nocross(2,9).
nocross(2,11).
nocross(2,12).
nocross(2,21).
nocross(2,22).
nocross(2,23).
nocross(2,25).
nocross(2,27).
nocross(3,4).
nocross(3,5).
nocross(3,7).
nocross(3,10).
nocross(3,11).
nocross(3,14).
nocross(3,15).
nocross(3,16).
nocross(3,18).
nocross(3,20).
nocross(3,26).
nocross(4,3).
nocross(4,5).
nocross(4,9).
nocross(4,10).
nocross(4,11).
nocross(4,14).
nocross(4,15).
nocross(4,16).
nocross(4,18).
nocross(4,20).
nocross(4,26).
nocross(5,3).
nocross(5,4).
nocross(5,7).
nocross(5,10).
nocross(5,11).
nocross(5,14).
nocross(5,15).
nocross(5,16).
nocross(5,18).
nocross(5,20).
nocross(5,26).
nocross(6,1).
nocross(6,8).
nocross(6,13).
nocross(6,19).
nocross(7,3).
nocross(7,4).
nocross(7,5).
nocross(7,10).
nocross(7,11).
nocross(7,14).
nocross(7,15).
nocross(7,16).
nocross(7,17).
nocross(7,20).
nocross(7,26).
nocross(8,1).
nocross(8,6).
nocross(8,13).
nocross(8,17).
nocross(8,19).
nocross(8,24).
nocross(9,2).
nocross(9,4).
nocross(9,10).
nocross(9,11).
nocross(9,12).
nocross(9,14).
nocross(9,16).
nocross(9,17).
nocross(9,18).
nocross(9,21).
nocross(9,22).
nocross(9,26).
nocross(9,27).
nocross(10,3).
nocross(10,4).
nocross(10,5).
nocross(10,7).
nocross(10,11).
nocross(10,14).
nocross(10,15).
nocross(10,16).
nocross(10,17).
nocross(10,18).
nocross(10,20).
nocross(10,22).
nocross(10,26).
nocross(10,27).
nocross(11,3).
nocross(11,4).
nocross(11,5).
nocross(11,7).
nocross(11,9).
nocross(11,10).
nocross(11,12).
nocross(11,14).
nocross(11,15).
nocross(11,16).
nocross(11,17).
nocross(11,18).
nocross(11,22).
nocross(11,26).
nocross(12,2).
nocross(12,4).
nocross(12,9).
nocross(12,10).
nocross(12,11).
nocross(12,14).
nocross(12,16).
nocross(12,18).
nocross(12,21).
nocross(12,22).
nocross(12,26).
nocross(12,27).
nocross(13,1).
nocross(13,6).
nocross(13,8).
nocross(13,10).
nocross(13,15).
nocross(13,17).
nocross(13,19).
nocross(13,24).
nocross(13,27).
nocross(14,3).
nocross(14,4).
nocross(14,5).
nocross(14,9).
nocross(14,10).
nocross(14,11).
nocross(14,12).
nocross(14,15).
nocross(14,16).
nocross(14,18).
nocross(14,22).
nocross(14,26).
nocross(15,3).
nocross(15,4).
nocross(15,5).
nocross(15,7).
nocross(15,9).
nocross(15,10).
nocross(15,11).
nocross(15,14).
nocross(15,16).
nocross(15,17).
nocross(15,18).
nocross(15,20).
nocross(15,26).
nocross(15,27).
nocross(16,3).
nocross(16,4).
nocross(16,5).
nocross(16,7).
nocross(16,9).
nocross(16,10).
nocross(16,11).
nocross(16,12).
nocross(16,14).
nocross(16,15).
nocross(16,18).
nocross(16,22).
nocross(16,26).
nocross(17,1).
nocross(17,5).
nocross(17,7).
nocross(17,8).
nocross(17,9).
nocross(17,10).
nocross(17,11).
nocross(17,12).
nocross(17,13).
nocross(17,14).
nocross(17,15).
nocross(17,16).
nocross(17,22).
nocross(17,24).
nocross(17,25).
nocross(17,26).
nocross(17,27).
nocross(18,3).
nocross(18,4).
nocross(18,5).
nocross(18,9).
nocross(18,10).
nocross(18,11).
nocross(18,12).
nocross(18,14).
nocross(18,15).
nocross(18,16).
nocross(18,26).
nocross(19,1).
nocross(19,6).
nocross(19,8).
nocross(19,13).
nocross(20,3).
nocross(20,4).
nocross(20,5).
nocross(20,7).
nocross(20,10).
nocross(20,11).
nocross(20,14).
nocross(20,15).
nocross(20,26).
nocross(21,2).
nocross(21,9).
nocross(21,12).
nocross(21,17).
nocross(21,22).
nocross(21,23).
nocross(21,24).
nocross(21,25).
nocross(21,27).
nocross(22,2).
nocross(22,9).
nocross(22,10).
nocross(22,11).
nocross(22,12).
nocross(22,14).
nocross(22,16).
nocross(22,17).
nocross(22,18).
nocross(22,21).
nocross(22,26).
nocross(22,27).
nocross(23,2).
nocross(23,21).
nocross(23,22).
nocross(23,24).
nocross(23,25).
nocross(23,27).
nocross(24,1).
nocross(24,8).
nocross(24,13).
nocross(24,17).
nocross(24,21).
nocross(24,22).
nocross(24,23).
nocross(24,25).
nocross(24,27).
nocross(25,1).
nocross(25,2).
nocross(25,21).
nocross(25,23).
nocross(25,24).
nocross(25,27).
nocross(26,3).
nocross(26,4).
nocross(26,5).
nocross(26,7).
nocross(26,9).
nocross(26,10).
nocross(26,11).
nocross(26,12).
nocross(26,14).
nocross(26,15).
nocross(26,16).
nocross(26,18).
nocross(26,22).
nocross(27,2).
nocross(27,9).
nocross(27,10).
nocross(27,11).
nocross(27,12).
nocross(27,13).
nocross(27,14).
nocross(27,15).
nocross(27,17).
nocross(27,21).
nocross(27,22).
nocross(27,23).
nocross(27,24).
nocross(27,25).
