dimension(27).
point(1, 73.8220960176, 45.5944715497).
point(2, 33.1417883406, 23.5570247977).
point(3, 24.8391681233, 77.9689391652).
point(4, 10.2465999477, 49.0349021).
point(5, 97.9291899716, 40.471510928).
point(6, 1.725025646, 94.572271123).
point(7, 35.8269567855, 87.8736295617).
point(8, 86.4005326355, 49.1146866582).
point(9, 92.9356308967, 22.3488642454).
point(10, 5.8924752137, 68.8955081292).
point(11, 53.2957425302, 4.7942569196).
point(12, 87.8134956337, 68.8284057101).
point(13, 93.6511314301, 20.0088223736).
point(14, 47.7701255213, 54.1892271042).
point(15, 53.3954103221, 18.0701210325).
point(16, 25.8574261675, 97.5125627083).
point(17, 33.1195110082, 54.4390115285).
point(18, 69.419810842, 61.4192035905).
point(19, 85.3241627303, 78.6508807488).
point(20, 75.8924797862, 23.7081013208).
point(21, 23.5006336712, 20.1779681404).
point(22, 32.3138584732, 84.3093007806).
point(23, 68.6982428427, 68.9352757518).
point(24, 47.9389059319, 50.6597398227).
point(25, 17.5605586904, 41.6368928144).
point(26, 61.163049573, 8.9740695487).
point(27, 5.6603241745, 98.3574296255).
cost(1, 2, 46).
cost(1, 3, 59).
cost(1, 4, 64).
cost(1, 5, 25).
cost(1, 6, 87).
cost(1, 7, 57).
cost(1, 8, 13).
cost(1, 9, 30).
cost(1, 10, 72).
cost(1, 11, 46).
cost(1, 12, 27).
cost(1, 13, 32).
cost(1, 14, 27).
cost(1, 15, 34).
cost(1, 16, 71).
cost(1, 17, 42).
cost(1, 18, 16).
cost(1, 19, 35).
cost(1, 20, 22).
cost(1, 21, 56).
cost(1, 22, 57).
cost(1, 23, 24).
cost(1, 24, 26).
cost(1, 25, 56).
cost(1, 26, 39).
cost(1, 27, 86).
cost(2, 1, 46).
cost(2, 3, 55).
cost(2, 4, 34).
cost(2, 5, 67).
cost(2, 6, 78).
cost(2, 7, 64).
cost(2, 8, 59).
cost(2, 9, 60).
cost(2, 10, 53).
cost(2, 11, 28).
cost(2, 12, 71).
cost(2, 13, 61).
cost(2, 14, 34).
cost(2, 15, 21).
cost(2, 16, 74).
cost(2, 17, 31).
cost(2, 18, 52).
cost(2, 19, 76).
cost(2, 20, 43).
cost(2, 21, 10).
cost(2, 22, 61).
cost(2, 23, 58).
cost(2, 24, 31).
cost(2, 25, 24).
cost(2, 26, 32).
cost(2, 27, 80).
cost(3, 1, 59).
cost(3, 2, 55).
cost(3, 4, 32).
cost(3, 5, 82).
cost(3, 6, 28).
cost(3, 7, 15).
cost(3, 8, 68).
cost(3, 9, 88).
cost(3, 10, 21).
cost(3, 11, 79).
cost(3, 12, 64).
cost(3, 13, 90).
cost(3, 14, 33).
cost(3, 15, 66).
cost(3, 16, 20).
cost(3, 17, 25).
cost(3, 18, 48).
cost(3, 19, 60).
cost(3, 20, 75).
cost(3, 21, 58).
cost(3, 22, 10).
cost(3, 23, 45).
cost(3, 24, 36).
cost(3, 25, 37).
cost(3, 26, 78).
cost(3, 27, 28).
cost(4, 1, 64).
cost(4, 2, 34).
cost(4, 3, 32).
cost(4, 5, 88).
cost(4, 6, 46).
cost(4, 7, 47).
cost(4, 8, 76).
cost(4, 9, 87).
cost(4, 10, 20).
cost(4, 11, 62).
cost(4, 12, 80).
cost(4, 13, 88).
cost(4, 14, 38).
cost(4, 15, 53).
cost(4, 16, 51).
cost(4, 17, 24).
cost(4, 18, 60).
cost(4, 19, 81).
cost(4, 20, 70).
cost(4, 21, 32).
cost(4, 22, 42).
cost(4, 23, 62).
cost(4, 24, 38).
cost(4, 25, 10).
cost(4, 26, 65).
cost(4, 27, 50).
cost(5, 1, 25).
cost(5, 2, 67).
cost(5, 3, 82).
cost(5, 4, 88).
cost(5, 6, 110).
cost(5, 7, 78).
cost(5, 8, 14).
cost(5, 9, 19).
cost(5, 10, 96).
cost(5, 11, 57).
cost(5, 12, 30).
cost(5, 13, 21).
cost(5, 14, 52).
cost(5, 15, 50).
cost(5, 16, 92).
cost(5, 17, 66).
cost(5, 18, 35).
cost(5, 19, 40).
cost(5, 20, 28).
cost(5, 21, 77).
cost(5, 22, 79).
cost(5, 23, 41).
cost(5, 24, 51).
cost(5, 25, 80).
cost(5, 26, 48).
cost(5, 27, 109).
cost(6, 1, 87).
cost(6, 2, 78).
cost(6, 3, 28).
cost(6, 4, 46).
cost(6, 5, 110).
cost(6, 7, 35).
cost(6, 8, 96).
cost(6, 9, 116).
cost(6, 10, 26).
cost(6, 11, 104).
cost(6, 12, 90).
cost(6, 13, 118).
cost(6, 14, 61).
cost(6, 15, 92).
cost(6, 16, 24).
cost(6, 17, 51).
cost(6, 18, 75).
cost(6, 19, 85).
cost(6, 20, 103).
cost(6, 21, 78).
cost(6, 22, 32).
cost(6, 23, 72).
cost(6, 24, 64).
cost(6, 25, 55).
cost(6, 26, 104).
cost(6, 27, 5).
cost(7, 1, 57).
cost(7, 2, 64).
cost(7, 3, 15).
cost(7, 4, 47).
cost(7, 5, 78).
cost(7, 6, 35).
cost(7, 8, 64).
cost(7, 9, 87).
cost(7, 10, 35).
cost(7, 11, 85).
cost(7, 12, 55).
cost(7, 13, 89).
cost(7, 14, 36).
cost(7, 15, 72).
cost(7, 16, 14).
cost(7, 17, 34).
cost(7, 18, 43).
cost(7, 19, 50).
cost(7, 20, 76).
cost(7, 21, 69).
cost(7, 22, 5).
cost(7, 23, 38).
cost(7, 24, 39).
cost(7, 25, 50).
cost(7, 26, 83).
cost(7, 27, 32).
cost(8, 1, 13).
cost(8, 2, 59).
cost(8, 3, 68).
cost(8, 4, 76).
cost(8, 5, 14).
cost(8, 6, 96).
cost(8, 7, 64).
cost(8, 9, 28).
cost(8, 10, 83).
cost(8, 11, 55).
cost(8, 12, 20).
cost(8, 13, 30).
cost(8, 14, 39).
cost(8, 15, 45).
cost(8, 16, 78).
cost(8, 17, 54).
cost(8, 18, 21).
cost(8, 19, 30).
cost(8, 20, 27).
cost(8, 21, 69).
cost(8, 22, 65).
cost(8, 23, 27).
cost(8, 24, 38).
cost(8, 25, 69).
cost(8, 26, 47).
cost(8, 27, 95).
cost(9, 1, 30).
cost(9, 2, 60).
cost(9, 3, 88).
cost(9, 4, 87).
cost(9, 5, 19).
cost(9, 6, 116).
cost(9, 7, 87).
cost(9, 8, 28).
cost(9, 10, 99).
cost(9, 11, 43).
cost(9, 12, 47).
cost(9, 13, 2).
cost(9, 14, 55).
cost(9, 15, 40).
cost(9, 16, 101).
cost(9, 17, 68).
cost(9, 18, 46).
cost(9, 19, 57).
cost(9, 20, 17).
cost(9, 21, 69).
cost(9, 22, 87).
cost(9, 23, 53).
cost(9, 24, 53).
cost(9, 25, 78).
cost(9, 26, 34).
cost(9, 27, 116).
cost(10, 1, 72).
cost(10, 2, 53).
cost(10, 3, 21).
cost(10, 4, 20).
cost(10, 5, 96).
cost(10, 6, 26).
cost(10, 7, 35).
cost(10, 8, 83).
cost(10, 9, 99).
cost(10, 11, 80).
cost(10, 12, 82).
cost(10, 13, 100).
cost(10, 14, 44).
cost(10, 15, 70).
cost(10, 16, 35).
cost(10, 17, 31).
cost(10, 18, 64).
cost(10, 19, 80).
cost(10, 20, 83).
cost(10, 21, 52).
cost(10, 22, 31).
cost(10, 23, 63).
cost(10, 24, 46).
cost(10, 25, 30).
cost(10, 26, 82).
cost(10, 27, 29).
cost(11, 1, 46).
cost(11, 2, 28).
cost(11, 3, 79).
cost(11, 4, 62).
cost(11, 5, 57).
cost(11, 6, 104).
cost(11, 7, 85).
cost(11, 8, 55).
cost(11, 9, 43).
cost(11, 10, 80).
cost(11, 12, 73).
cost(11, 13, 43).
cost(11, 14, 50).
cost(11, 15, 13).
cost(11, 16, 97).
cost(11, 17, 54).
cost(11, 18, 59).
cost(11, 19, 81).
cost(11, 20, 29).
cost(11, 21, 34).
cost(11, 22, 82).
cost(11, 23, 66).
cost(11, 24, 46).
cost(11, 25, 51).
cost(11, 26, 9).
cost(11, 27, 105).
cost(12, 1, 27).
cost(12, 2, 71).
cost(12, 3, 64).
cost(12, 4, 80).
cost(12, 5, 30).
cost(12, 6, 90).
cost(12, 7, 55).
cost(12, 8, 20).
cost(12, 9, 47).
cost(12, 10, 82).
cost(12, 11, 73).
cost(12, 13, 49).
cost(12, 14, 43).
cost(12, 15, 61).
cost(12, 16, 68).
cost(12, 17, 57).
cost(12, 18, 20).
cost(12, 19, 10).
cost(12, 20, 47).
cost(12, 21, 81).
cost(12, 22, 58).
cost(12, 23, 19).
cost(12, 24, 44).
cost(12, 25, 75).
cost(12, 26, 66).
cost(12, 27, 87).
cost(13, 1, 32).
cost(13, 2, 61).
cost(13, 3, 90).
cost(13, 4, 88).
cost(13, 5, 21).
cost(13, 6, 118).
cost(13, 7, 89).
cost(13, 8, 30).
cost(13, 9, 2).
cost(13, 10, 100).
cost(13, 11, 43).
cost(13, 12, 49).
cost(13, 14, 57).
cost(13, 15, 40).
cost(13, 16, 103).
cost(13, 17, 70).
cost(13, 18, 48).
cost(13, 19, 59).
cost(13, 20, 18).
cost(13, 21, 70).
cost(13, 22, 89).
cost(13, 23, 55).
cost(13, 24, 55).
cost(13, 25, 79).
cost(13, 26, 34).
cost(13, 27, 118).
cost(14, 1, 27).
cost(14, 2, 34).
cost(14, 3, 33).
cost(14, 4, 38).
cost(14, 5, 52).
cost(14, 6, 61).
cost(14, 7, 36).
cost(14, 8, 39).
cost(14, 9, 55).
cost(14, 10, 44).
cost(14, 11, 50).
cost(14, 12, 43).
cost(14, 13, 57).
cost(14, 15, 37).
cost(14, 16, 49).
cost(14, 17, 15).
cost(14, 18, 23).
cost(14, 19, 45).
cost(14, 20, 41).
cost(14, 21, 42).
cost(14, 22, 34).
cost(14, 23, 26).
cost(14, 24, 4).
cost(14, 25, 33).
cost(14, 26, 47).
cost(14, 27, 61).
cost(15, 1, 34).
cost(15, 2, 21).
cost(15, 3, 66).
cost(15, 4, 53).
cost(15, 5, 50).
cost(15, 6, 92).
cost(15, 7, 72).
cost(15, 8, 45).
cost(15, 9, 40).
cost(15, 10, 70).
cost(15, 11, 13).
cost(15, 12, 61).
cost(15, 13, 40).
cost(15, 14, 37).
cost(15, 16, 84).
cost(15, 17, 42).
cost(15, 18, 46).
cost(15, 19, 68).
cost(15, 20, 23).
cost(15, 21, 30).
cost(15, 22, 70).
cost(15, 23, 53).
cost(15, 24, 33).
cost(15, 25, 43).
cost(15, 26, 12).
cost(15, 27, 93).
cost(16, 1, 71).
cost(16, 2, 74).
cost(16, 3, 20).
cost(16, 4, 51).
cost(16, 5, 92).
cost(16, 6, 24).
cost(16, 7, 14).
cost(16, 8, 78).
cost(16, 9, 101).
cost(16, 10, 35).
cost(16, 11, 97).
cost(16, 12, 68).
cost(16, 13, 103).
cost(16, 14, 49).
cost(16, 15, 84).
cost(16, 17, 44).
cost(16, 18, 57).
cost(16, 19, 62).
cost(16, 20, 89).
cost(16, 21, 77).
cost(16, 22, 15).
cost(16, 23, 51).
cost(16, 24, 52).
cost(16, 25, 56).
cost(16, 26, 95).
cost(16, 27, 20).
cost(17, 1, 42).
cost(17, 2, 31).
cost(17, 3, 25).
cost(17, 4, 24).
cost(17, 5, 66).
cost(17, 6, 51).
cost(17, 7, 34).
cost(17, 8, 54).
cost(17, 9, 68).
cost(17, 10, 31).
cost(17, 11, 54).
cost(17, 12, 57).
cost(17, 13, 70).
cost(17, 14, 15).
cost(17, 15, 42).
cost(17, 16, 44).
cost(17, 18, 37).
cost(17, 19, 58).
cost(17, 20, 53).
cost(17, 21, 36).
cost(17, 22, 30).
cost(17, 23, 38).
cost(17, 24, 15).
cost(17, 25, 20).
cost(17, 26, 53).
cost(17, 27, 52).
cost(18, 1, 16).
cost(18, 2, 52).
cost(18, 3, 48).
cost(18, 4, 60).
cost(18, 5, 35).
cost(18, 6, 75).
cost(18, 7, 43).
cost(18, 8, 21).
cost(18, 9, 46).
cost(18, 10, 64).
cost(18, 11, 59).
cost(18, 12, 20).
cost(18, 13, 48).
cost(18, 14, 23).
cost(18, 15, 46).
cost(18, 16, 57).
cost(18, 17, 37).
cost(18, 19, 23).
cost(18, 20, 38).
cost(18, 21, 62).
cost(18, 22, 44).
cost(18, 23, 8).
cost(18, 24, 24).
cost(18, 25, 56).
cost(18, 26, 53).
cost(18, 27, 74).
cost(19, 1, 35).
cost(19, 2, 76).
cost(19, 3, 60).
cost(19, 4, 81).
cost(19, 5, 40).
cost(19, 6, 85).
cost(19, 7, 50).
cost(19, 8, 30).
cost(19, 9, 57).
cost(19, 10, 80).
cost(19, 11, 81).
cost(19, 12, 10).
cost(19, 13, 59).
cost(19, 14, 45).
cost(19, 15, 68).
cost(19, 16, 62).
cost(19, 17, 58).
cost(19, 18, 23).
cost(19, 20, 56).
cost(19, 21, 85).
cost(19, 22, 53).
cost(19, 23, 19).
cost(19, 24, 47).
cost(19, 25, 77).
cost(19, 26, 74).
cost(19, 27, 82).
cost(20, 1, 22).
cost(20, 2, 43).
cost(20, 3, 75).
cost(20, 4, 70).
cost(20, 5, 28).
cost(20, 6, 103).
cost(20, 7, 76).
cost(20, 8, 27).
cost(20, 9, 17).
cost(20, 10, 83).
cost(20, 11, 29).
cost(20, 12, 47).
cost(20, 13, 18).
cost(20, 14, 41).
cost(20, 15, 23).
cost(20, 16, 89).
cost(20, 17, 53).
cost(20, 18, 38).
cost(20, 19, 56).
cost(20, 21, 53).
cost(20, 22, 75).
cost(20, 23, 46).
cost(20, 24, 39).
cost(20, 25, 61).
cost(20, 26, 21).
cost(20, 27, 102).
cost(21, 1, 56).
cost(21, 2, 10).
cost(21, 3, 58).
cost(21, 4, 32).
cost(21, 5, 77).
cost(21, 6, 78).
cost(21, 7, 69).
cost(21, 8, 69).
cost(21, 9, 69).
cost(21, 10, 52).
cost(21, 11, 34).
cost(21, 12, 81).
cost(21, 13, 70).
cost(21, 14, 42).
cost(21, 15, 30).
cost(21, 16, 77).
cost(21, 17, 36).
cost(21, 18, 62).
cost(21, 19, 85).
cost(21, 20, 53).
cost(21, 22, 65).
cost(21, 23, 66).
cost(21, 24, 39).
cost(21, 25, 22).
cost(21, 26, 39).
cost(21, 27, 80).
cost(22, 1, 57).
cost(22, 2, 61).
cost(22, 3, 10).
cost(22, 4, 42).
cost(22, 5, 79).
cost(22, 6, 32).
cost(22, 7, 5).
cost(22, 8, 65).
cost(22, 9, 87).
cost(22, 10, 31).
cost(22, 11, 82).
cost(22, 12, 58).
cost(22, 13, 89).
cost(22, 14, 34).
cost(22, 15, 70).
cost(22, 16, 15).
cost(22, 17, 30).
cost(22, 18, 44).
cost(22, 19, 53).
cost(22, 20, 75).
cost(22, 21, 65).
cost(22, 23, 39).
cost(22, 24, 37).
cost(22, 25, 45).
cost(22, 26, 81).
cost(22, 27, 30).
cost(23, 1, 24).
cost(23, 2, 58).
cost(23, 3, 45).
cost(23, 4, 62).
cost(23, 5, 41).
cost(23, 6, 72).
cost(23, 7, 38).
cost(23, 8, 27).
cost(23, 9, 53).
cost(23, 10, 63).
cost(23, 11, 66).
cost(23, 12, 19).
cost(23, 13, 55).
cost(23, 14, 26).
cost(23, 15, 53).
cost(23, 16, 51).
cost(23, 17, 38).
cost(23, 18, 8).
cost(23, 19, 19).
cost(23, 20, 46).
cost(23, 21, 66).
cost(23, 22, 39).
cost(23, 24, 28).
cost(23, 25, 58).
cost(23, 26, 60).
cost(23, 27, 70).
cost(24, 1, 26).
cost(24, 2, 31).
cost(24, 3, 36).
cost(24, 4, 38).
cost(24, 5, 51).
cost(24, 6, 64).
cost(24, 7, 39).
cost(24, 8, 38).
cost(24, 9, 53).
cost(24, 10, 46).
cost(24, 11, 46).
cost(24, 12, 44).
cost(24, 13, 55).
cost(24, 14, 4).
cost(24, 15, 33).
cost(24, 16, 52).
cost(24, 17, 15).
cost(24, 18, 24).
cost(24, 19, 47).
cost(24, 20, 39).
cost(24, 21, 39).
cost(24, 22, 37).
cost(24, 23, 28).
cost(24, 25, 32).
cost(24, 26, 44).
cost(24, 27, 64).
cost(25, 1, 56).
cost(25, 2, 24).
cost(25, 3, 37).
cost(25, 4, 10).
cost(25, 5, 80).
cost(25, 6, 55).
cost(25, 7, 50).
cost(25, 8, 69).
cost(25, 9, 78).
cost(25, 10, 30).
cost(25, 11, 51).
cost(25, 12, 75).
cost(25, 13, 79).
cost(25, 14, 33).
cost(25, 15, 43).
cost(25, 16, 56).
cost(25, 17, 20).
cost(25, 18, 56).
cost(25, 19, 77).
cost(25, 20, 61).
cost(25, 21, 22).
cost(25, 22, 45).
cost(25, 23, 58).
cost(25, 24, 32).
cost(25, 26, 54).
cost(25, 27, 58).
cost(26, 1, 39).
cost(26, 2, 32).
cost(26, 3, 78).
cost(26, 4, 65).
cost(26, 5, 48).
cost(26, 6, 104).
cost(26, 7, 83).
cost(26, 8, 47).
cost(26, 9, 34).
cost(26, 10, 82).
cost(26, 11, 9).
cost(26, 12, 66).
cost(26, 13, 34).
cost(26, 14, 47).
cost(26, 15, 12).
cost(26, 16, 95).
cost(26, 17, 53).
cost(26, 18, 53).
cost(26, 19, 74).
cost(26, 20, 21).
cost(26, 21, 39).
cost(26, 22, 81).
cost(26, 23, 60).
cost(26, 24, 44).
cost(26, 25, 54).
cost(26, 27, 105).
cost(27, 1, 86).
cost(27, 2, 80).
cost(27, 3, 28).
cost(27, 4, 50).
cost(27, 5, 109).
cost(27, 6, 5).
cost(27, 7, 32).
cost(27, 8, 95).
cost(27, 9, 116).
cost(27, 10, 29).
cost(27, 11, 105).
cost(27, 12, 87).
cost(27, 13, 118).
cost(27, 14, 61).
cost(27, 15, 93).
cost(27, 16, 20).
cost(27, 17, 52).
cost(27, 18, 74).
cost(27, 19, 82).
cost(27, 20, 102).
cost(27, 21, 80).
cost(27, 22, 30).
cost(27, 23, 70).
cost(27, 24, 64).
cost(27, 25, 58).
cost(27, 26, 105).
nocross(1,5).
nocross(1,8).
nocross(1,9).
nocross(1,12).
nocross(1,13).
nocross(1,14).
nocross(1,15).
nocross(1,18).
nocross(1,20).
nocross(1,23).
nocross(1,24).
nocross(1,26).
nocross(2,4).
nocross(2,11).
nocross(2,14).
nocross(2,15).
nocross(2,17).
nocross(2,21).
nocross(2,24).
nocross(2,25).
nocross(2,26).
nocross(3,4).
nocross(3,6).
nocross(3,7).
nocross(3,10).
nocross(3,14).
nocross(3,16).
nocross(3,17).
nocross(3,22).
nocross(3,24).
nocross(3,25).
nocross(3,27).
nocross(4,2).
nocross(4,3).
nocross(4,6).
nocross(4,10).
nocross(4,14).
nocross(4,17).
nocross(4,21).
nocross(4,24).
nocross(4,25).
nocross(5,1).
nocross(5,8).
nocross(5,9).
nocross(5,12).
nocross(5,13).
nocross(5,18).
nocross(5,19).
nocross(5,20).
nocross(6,3).
nocross(6,4).
nocross(6,7).
nocross(6,10).
nocross(6,16).
nocross(6,22).
nocross(6,27).
nocross(7,3).
nocross(7,6).
nocross(7,14).
nocross(7,16).
nocross(7,17).
nocross(7,22).
nocross(7,23).
nocross(7,27).
nocross(8,1).
nocross(8,5).
nocross(8,9).
nocross(8,12).
nocross(8,13).
nocross(8,18).
nocross(8,19).
nocross(8,20).
nocross(8,23).
nocross(9,1).
nocross(9,5).
nocross(9,8).
nocross(9,13).
nocross(9,20).
nocross(9,26).
nocross(10,3).
nocross(10,4).
nocross(10,6).
nocross(10,7).
nocross(10,16).
nocross(10,17).
nocross(10,21).
nocross(10,22).
nocross(10,25).
nocross(10,27).
nocross(11,2).
nocross(11,13).
nocross(11,15).
nocross(11,20).
nocross(11,21).
nocross(11,26).
nocross(12,1).
nocross(12,5).
nocross(12,8).
nocross(12,18).
nocross(12,19).
nocross(12,23).
nocross(13,1).
nocross(13,5).
nocross(13,8).
nocross(13,9).
nocross(13,11).
nocross(13,20).
nocross(13,26).
nocross(14,1).
nocross(14,2).
nocross(14,3).
nocross(14,7).
nocross(14,15).
nocross(14,17).
nocross(14,18).
nocross(14,22).
nocross(14,23).
nocross(14,24).
nocross(14,25).
nocross(15,1).
nocross(15,2).
nocross(15,9).
nocross(15,11).
nocross(15,13).
nocross(15,14).
nocross(15,20).
nocross(15,21).
nocross(15,24).
nocross(15,26).
nocross(16,3).
nocross(16,6).
nocross(16,7).
nocross(16,10).
nocross(16,22).
nocross(16,27).
nocross(17,2).
nocross(17,3).
nocross(17,4).
nocross(17,7).
nocross(17,10).
nocross(17,14).
nocross(17,15).
nocross(17,21).
nocross(17,22).
nocross(17,23).
nocross(17,24).
nocross(17,25).
nocross(18,1).
nocross(18,5).
nocross(18,8).
nocross(18,12).
nocross(18,14).
nocross(18,17).
nocross(18,19).
nocross(18,22).
nocross(18,23).
nocross(18,24).
nocross(19,1).
nocross(19,5).
nocross(19,8).
nocross(19,12).
nocross(19,18).
nocross(19,23).
nocross(20,1).
nocross(20,2).
nocross(20,5).
nocross(20,8).
nocross(20,9).
nocross(20,11).
nocross(20,13).
nocross(20,14).
nocross(20,15).
nocross(20,18).
nocross(20,24).
nocross(20,26).
nocross(21,2).
nocross(21,4).
nocross(21,11).
nocross(21,15).
nocross(21,17).
nocross(21,24).
nocross(21,25).
nocross(21,26).
nocross(22,3).
nocross(22,6).
nocross(22,7).
nocross(22,10).
nocross(22,14).
nocross(22,16).
nocross(22,17).
nocross(22,23).
nocross(22,27).
nocross(23,1).
nocross(23,7).
nocross(23,8).
nocross(23,12).
nocross(23,14).
nocross(23,18).
nocross(23,19).
nocross(23,22).
nocross(23,24).
nocross(24,1).
nocross(24,14).
nocross(24,15).
nocross(24,17).
nocross(24,18).
nocross(24,22).
nocross(24,23).
nocross(25,2).
nocross(25,4).
nocross(25,10).
nocross(25,14).
nocross(25,17).
nocross(25,21).
nocross(25,24).
nocross(26,1).
nocross(26,2).
nocross(26,9).
nocross(26,11).
nocross(26,13).
nocross(26,15).
nocross(26,20).
nocross(26,21).
nocross(27,3).
nocross(27,6).
nocross(27,7).
nocross(27,10).
nocross(27,16).
nocross(27,22).
