dimension(27).
point(1, 19.4584311778, 29.8331036305).
point(2, 31.2482071971, 90.8748240128).
point(3, 55.4574603308, 33.788028226).
point(4, 80.3068308769, 42.4703545103).
point(5, 10.6857048745, 36.1584303248).
point(6, 79.0269915772, 43.9927213613).
point(7, 79.8356304612, 26.7994340871).
point(8, 75.0898193592, 82.3882023486).
point(9, 62.3394094366, 52.4202900052).
point(10, 9.3853099195, 87.5318818834).
point(11, 14.310674047, 10.1672787419).
point(12, 19.5936955976, 79.4346783378).
point(13, 67.857871967, 40.7679209551).
point(14, 45.6695439048, 65.8288422902).
point(15, 80.5468096998, 68.0163408175).
point(16, 52.425703942, 60.7975969759).
point(17, 66.7776994823, 45.6392780162).
point(18, 95.7914672038, 65.7372306972).
point(19, 45.7226142424, 60.5141525325).
point(20, 69.9347149784, 18.0819026834).
point(21, 90.0646255815, 60.4187504838).
point(22, 22.7674975682, 77.4887757791).
point(23, 75.2604336151, 73.4643665769).
point(24, 6.6662641367, 36.4274137892).
point(25, 24.5349379836, 85.8201645707).
point(26, 45.0512020657, 42.3999664027).
point(27, 0.8233982308, 23.8051893572).
cost(1, 2, 62).
cost(1, 3, 36).
cost(1, 4, 62).
cost(1, 5, 11).
cost(1, 6, 61).
cost(1, 7, 60).
cost(1, 8, 77).
cost(1, 9, 48).
cost(1, 10, 59).
cost(1, 11, 20).
cost(1, 12, 50).
cost(1, 13, 50).
cost(1, 14, 45).
cost(1, 15, 72).
cost(1, 16, 45).
cost(1, 17, 50).
cost(1, 18, 84).
cost(1, 19, 40).
cost(1, 20, 52).
cost(1, 21, 77).
cost(1, 22, 48).
cost(1, 23, 71).
cost(1, 24, 14).
cost(1, 25, 56).
cost(1, 26, 29).
cost(1, 27, 20).
cost(2, 1, 62).
cost(2, 3, 62).
cost(2, 4, 69).
cost(2, 5, 58).
cost(2, 6, 67).
cost(2, 7, 80).
cost(2, 8, 45).
cost(2, 9, 49).
cost(2, 10, 22).
cost(2, 11, 82).
cost(2, 12, 16).
cost(2, 13, 62).
cost(2, 14, 29).
cost(2, 15, 54).
cost(2, 16, 37).
cost(2, 17, 58).
cost(2, 18, 69).
cost(2, 19, 34).
cost(2, 20, 82).
cost(2, 21, 66).
cost(2, 22, 16).
cost(2, 23, 47).
cost(2, 24, 60).
cost(2, 25, 8).
cost(2, 26, 50).
cost(2, 27, 74).
cost(3, 1, 36).
cost(3, 2, 62).
cost(3, 4, 26).
cost(3, 5, 45).
cost(3, 6, 26).
cost(3, 7, 25).
cost(3, 8, 52).
cost(3, 9, 20).
cost(3, 10, 71).
cost(3, 11, 47).
cost(3, 12, 58).
cost(3, 13, 14).
cost(3, 14, 34).
cost(3, 15, 42).
cost(3, 16, 27).
cost(3, 17, 16).
cost(3, 18, 51).
cost(3, 19, 28).
cost(3, 20, 21).
cost(3, 21, 44).
cost(3, 22, 55).
cost(3, 23, 44).
cost(3, 24, 49).
cost(3, 25, 61).
cost(3, 26, 14).
cost(3, 27, 56).
cost(4, 1, 62).
cost(4, 2, 69).
cost(4, 3, 26).
cost(4, 5, 70).
cost(4, 6, 2).
cost(4, 7, 16).
cost(4, 8, 40).
cost(4, 9, 21).
cost(4, 10, 84).
cost(4, 11, 73).
cost(4, 12, 71).
cost(4, 13, 13).
cost(4, 14, 42).
cost(4, 15, 26).
cost(4, 16, 33).
cost(4, 17, 14).
cost(4, 18, 28).
cost(4, 19, 39).
cost(4, 20, 27).
cost(4, 21, 20).
cost(4, 22, 67).
cost(4, 23, 31).
cost(4, 24, 74).
cost(4, 25, 71).
cost(4, 26, 35).
cost(4, 27, 82).
cost(5, 1, 11).
cost(5, 2, 58).
cost(5, 3, 45).
cost(5, 4, 70).
cost(5, 6, 69).
cost(5, 7, 70).
cost(5, 8, 79).
cost(5, 9, 54).
cost(5, 10, 51).
cost(5, 11, 26).
cost(5, 12, 44).
cost(5, 13, 57).
cost(5, 14, 46).
cost(5, 15, 77).
cost(5, 16, 48).
cost(5, 17, 57).
cost(5, 18, 90).
cost(5, 19, 43).
cost(5, 20, 62).
cost(5, 21, 83).
cost(5, 22, 43).
cost(5, 23, 75).
cost(5, 24, 4).
cost(5, 25, 52).
cost(5, 26, 35).
cost(5, 27, 16).
cost(6, 1, 61).
cost(6, 2, 67).
cost(6, 3, 26).
cost(6, 4, 2).
cost(6, 5, 69).
cost(6, 7, 17).
cost(6, 8, 39).
cost(6, 9, 19).
cost(6, 10, 82).
cost(6, 11, 73).
cost(6, 12, 69).
cost(6, 13, 12).
cost(6, 14, 40).
cost(6, 15, 24).
cost(6, 16, 31).
cost(6, 17, 12).
cost(6, 18, 27).
cost(6, 19, 37).
cost(6, 20, 27).
cost(6, 21, 20).
cost(6, 22, 65).
cost(6, 23, 30).
cost(6, 24, 73).
cost(6, 25, 69).
cost(6, 26, 34).
cost(6, 27, 81).
cost(7, 1, 60).
cost(7, 2, 80).
cost(7, 3, 25).
cost(7, 4, 16).
cost(7, 5, 70).
cost(7, 6, 17).
cost(7, 8, 56).
cost(7, 9, 31).
cost(7, 10, 93).
cost(7, 11, 68).
cost(7, 12, 80).
cost(7, 13, 18).
cost(7, 14, 52).
cost(7, 15, 41).
cost(7, 16, 44).
cost(7, 17, 23).
cost(7, 18, 42).
cost(7, 19, 48).
cost(7, 20, 13).
cost(7, 21, 35).
cost(7, 22, 76).
cost(7, 23, 47).
cost(7, 24, 74).
cost(7, 25, 81).
cost(7, 26, 38).
cost(7, 27, 79).
cost(8, 1, 77).
cost(8, 2, 45).
cost(8, 3, 52).
cost(8, 4, 40).
cost(8, 5, 79).
cost(8, 6, 39).
cost(8, 7, 56).
cost(8, 9, 33).
cost(8, 10, 66).
cost(8, 11, 94).
cost(8, 12, 56).
cost(8, 13, 42).
cost(8, 14, 34).
cost(8, 15, 15).
cost(8, 16, 31).
cost(8, 17, 38).
cost(8, 18, 27).
cost(8, 19, 37).
cost(8, 20, 65).
cost(8, 21, 27).
cost(8, 22, 53).
cost(8, 23, 9).
cost(8, 24, 82).
cost(8, 25, 51).
cost(8, 26, 50).
cost(8, 27, 95).
cost(9, 1, 48).
cost(9, 2, 49).
cost(9, 3, 20).
cost(9, 4, 21).
cost(9, 5, 54).
cost(9, 6, 19).
cost(9, 7, 31).
cost(9, 8, 33).
cost(9, 10, 64).
cost(9, 11, 64).
cost(9, 12, 51).
cost(9, 13, 13).
cost(9, 14, 21).
cost(9, 15, 24).
cost(9, 16, 13).
cost(9, 17, 8).
cost(9, 18, 36).
cost(9, 19, 18).
cost(9, 20, 35).
cost(9, 21, 29).
cost(9, 22, 47).
cost(9, 23, 25).
cost(9, 24, 58).
cost(9, 25, 50).
cost(9, 26, 20).
cost(9, 27, 68).
cost(10, 1, 59).
cost(10, 2, 22).
cost(10, 3, 71).
cost(10, 4, 84).
cost(10, 5, 51).
cost(10, 6, 82).
cost(10, 7, 93).
cost(10, 8, 66).
cost(10, 9, 64).
cost(10, 11, 78).
cost(10, 12, 13).
cost(10, 13, 75).
cost(10, 14, 42).
cost(10, 15, 74).
cost(10, 16, 51).
cost(10, 17, 71).
cost(10, 18, 89).
cost(10, 19, 45).
cost(10, 20, 92).
cost(10, 21, 85).
cost(10, 22, 17).
cost(10, 23, 67).
cost(10, 24, 51).
cost(10, 25, 15).
cost(10, 26, 58).
cost(10, 27, 64).
cost(11, 1, 20).
cost(11, 2, 82).
cost(11, 3, 47).
cost(11, 4, 73).
cost(11, 5, 26).
cost(11, 6, 73).
cost(11, 7, 68).
cost(11, 8, 94).
cost(11, 9, 64).
cost(11, 10, 78).
cost(11, 12, 69).
cost(11, 13, 62).
cost(11, 14, 64).
cost(11, 15, 88).
cost(11, 16, 63).
cost(11, 17, 63).
cost(11, 18, 99).
cost(11, 19, 59).
cost(11, 20, 56).
cost(11, 21, 91).
cost(11, 22, 68).
cost(11, 23, 88).
cost(11, 24, 27).
cost(11, 25, 76).
cost(11, 26, 45).
cost(11, 27, 19).
cost(12, 1, 50).
cost(12, 2, 16).
cost(12, 3, 58).
cost(12, 4, 71).
cost(12, 5, 44).
cost(12, 6, 69).
cost(12, 7, 80).
cost(12, 8, 56).
cost(12, 9, 51).
cost(12, 10, 13).
cost(12, 11, 69).
cost(12, 13, 62).
cost(12, 14, 29).
cost(12, 15, 62).
cost(12, 16, 38).
cost(12, 17, 58).
cost(12, 18, 77).
cost(12, 19, 32).
cost(12, 20, 79).
cost(12, 21, 73).
cost(12, 22, 4).
cost(12, 23, 56).
cost(12, 24, 45).
cost(12, 25, 8).
cost(12, 26, 45).
cost(12, 27, 59).
cost(13, 1, 50).
cost(13, 2, 62).
cost(13, 3, 14).
cost(13, 4, 13).
cost(13, 5, 57).
cost(13, 6, 12).
cost(13, 7, 18).
cost(13, 8, 42).
cost(13, 9, 13).
cost(13, 10, 75).
cost(13, 11, 62).
cost(13, 12, 62).
cost(13, 14, 33).
cost(13, 15, 30).
cost(13, 16, 25).
cost(13, 17, 5).
cost(13, 18, 37).
cost(13, 19, 30).
cost(13, 20, 23).
cost(13, 21, 30).
cost(13, 22, 58).
cost(13, 23, 34).
cost(13, 24, 61).
cost(13, 25, 63).
cost(13, 26, 23).
cost(13, 27, 69).
cost(14, 1, 45).
cost(14, 2, 29).
cost(14, 3, 34).
cost(14, 4, 42).
cost(14, 5, 46).
cost(14, 6, 40).
cost(14, 7, 52).
cost(14, 8, 34).
cost(14, 9, 21).
cost(14, 10, 42).
cost(14, 11, 64).
cost(14, 12, 29).
cost(14, 13, 33).
cost(14, 15, 35).
cost(14, 16, 8).
cost(14, 17, 29).
cost(14, 18, 50).
cost(14, 19, 5).
cost(14, 20, 54).
cost(14, 21, 45).
cost(14, 22, 26).
cost(14, 23, 31).
cost(14, 24, 49).
cost(14, 25, 29).
cost(14, 26, 23).
cost(14, 27, 61).
cost(15, 1, 72).
cost(15, 2, 54).
cost(15, 3, 42).
cost(15, 4, 26).
cost(15, 5, 77).
cost(15, 6, 24).
cost(15, 7, 41).
cost(15, 8, 15).
cost(15, 9, 24).
cost(15, 10, 74).
cost(15, 11, 88).
cost(15, 12, 62).
cost(15, 13, 30).
cost(15, 14, 35).
cost(15, 16, 29).
cost(15, 17, 26).
cost(15, 18, 15).
cost(15, 19, 36).
cost(15, 20, 51).
cost(15, 21, 12).
cost(15, 22, 59).
cost(15, 23, 8).
cost(15, 24, 80).
cost(15, 25, 59).
cost(15, 26, 44).
cost(15, 27, 91).
cost(16, 1, 45).
cost(16, 2, 37).
cost(16, 3, 27).
cost(16, 4, 33).
cost(16, 5, 48).
cost(16, 6, 31).
cost(16, 7, 44).
cost(16, 8, 31).
cost(16, 9, 13).
cost(16, 10, 51).
cost(16, 11, 63).
cost(16, 12, 38).
cost(16, 13, 25).
cost(16, 14, 8).
cost(16, 15, 29).
cost(16, 17, 21).
cost(16, 18, 44).
cost(16, 19, 7).
cost(16, 20, 46).
cost(16, 21, 38).
cost(16, 22, 34).
cost(16, 23, 26).
cost(16, 24, 52).
cost(16, 25, 37).
cost(16, 26, 20).
cost(16, 27, 63).
cost(17, 1, 50).
cost(17, 2, 58).
cost(17, 3, 16).
cost(17, 4, 14).
cost(17, 5, 57).
cost(17, 6, 12).
cost(17, 7, 23).
cost(17, 8, 38).
cost(17, 9, 8).
cost(17, 10, 71).
cost(17, 11, 63).
cost(17, 12, 58).
cost(17, 13, 5).
cost(17, 14, 29).
cost(17, 15, 26).
cost(17, 16, 21).
cost(17, 18, 35).
cost(17, 19, 26).
cost(17, 20, 28).
cost(17, 21, 28).
cost(17, 22, 54).
cost(17, 23, 29).
cost(17, 24, 61).
cost(17, 25, 58).
cost(17, 26, 22).
cost(17, 27, 69).
cost(18, 1, 84).
cost(18, 2, 69).
cost(18, 3, 51).
cost(18, 4, 28).
cost(18, 5, 90).
cost(18, 6, 27).
cost(18, 7, 42).
cost(18, 8, 27).
cost(18, 9, 36).
cost(18, 10, 89).
cost(18, 11, 99).
cost(18, 12, 77).
cost(18, 13, 37).
cost(18, 14, 50).
cost(18, 15, 15).
cost(18, 16, 44).
cost(18, 17, 35).
cost(18, 19, 50).
cost(18, 20, 54).
cost(18, 21, 8).
cost(18, 22, 74).
cost(18, 23, 22).
cost(18, 24, 94).
cost(18, 25, 74).
cost(18, 26, 56).
cost(18, 27, 104).
cost(19, 1, 40).
cost(19, 2, 34).
cost(19, 3, 28).
cost(19, 4, 39).
cost(19, 5, 43).
cost(19, 6, 37).
cost(19, 7, 48).
cost(19, 8, 37).
cost(19, 9, 18).
cost(19, 10, 45).
cost(19, 11, 59).
cost(19, 12, 32).
cost(19, 13, 30).
cost(19, 14, 5).
cost(19, 15, 36).
cost(19, 16, 7).
cost(19, 17, 26).
cost(19, 18, 50).
cost(19, 20, 49).
cost(19, 21, 44).
cost(19, 22, 29).
cost(19, 23, 32).
cost(19, 24, 46).
cost(19, 25, 33).
cost(19, 26, 18).
cost(19, 27, 58).
cost(20, 1, 52).
cost(20, 2, 82).
cost(20, 3, 21).
cost(20, 4, 27).
cost(20, 5, 62).
cost(20, 6, 27).
cost(20, 7, 13).
cost(20, 8, 65).
cost(20, 9, 35).
cost(20, 10, 92).
cost(20, 11, 56).
cost(20, 12, 79).
cost(20, 13, 23).
cost(20, 14, 54).
cost(20, 15, 51).
cost(20, 16, 46).
cost(20, 17, 28).
cost(20, 18, 54).
cost(20, 19, 49).
cost(20, 21, 47).
cost(20, 22, 76).
cost(20, 23, 56).
cost(20, 24, 66).
cost(20, 25, 82).
cost(20, 26, 35).
cost(20, 27, 69).
cost(21, 1, 77).
cost(21, 2, 66).
cost(21, 3, 44).
cost(21, 4, 20).
cost(21, 5, 83).
cost(21, 6, 20).
cost(21, 7, 35).
cost(21, 8, 27).
cost(21, 9, 29).
cost(21, 10, 85).
cost(21, 11, 91).
cost(21, 12, 73).
cost(21, 13, 30).
cost(21, 14, 45).
cost(21, 15, 12).
cost(21, 16, 38).
cost(21, 17, 28).
cost(21, 18, 8).
cost(21, 19, 44).
cost(21, 20, 47).
cost(21, 22, 69).
cost(21, 23, 20).
cost(21, 24, 87).
cost(21, 25, 70).
cost(21, 26, 48).
cost(21, 27, 96).
cost(22, 1, 48).
cost(22, 2, 16).
cost(22, 3, 55).
cost(22, 4, 67).
cost(22, 5, 43).
cost(22, 6, 65).
cost(22, 7, 76).
cost(22, 8, 53).
cost(22, 9, 47).
cost(22, 10, 17).
cost(22, 11, 68).
cost(22, 12, 4).
cost(22, 13, 58).
cost(22, 14, 26).
cost(22, 15, 59).
cost(22, 16, 34).
cost(22, 17, 54).
cost(22, 18, 74).
cost(22, 19, 29).
cost(22, 20, 76).
cost(22, 21, 69).
cost(22, 23, 53).
cost(22, 24, 44).
cost(22, 25, 9).
cost(22, 26, 42).
cost(22, 27, 58).
cost(23, 1, 71).
cost(23, 2, 47).
cost(23, 3, 44).
cost(23, 4, 31).
cost(23, 5, 75).
cost(23, 6, 30).
cost(23, 7, 47).
cost(23, 8, 9).
cost(23, 9, 25).
cost(23, 10, 67).
cost(23, 11, 88).
cost(23, 12, 56).
cost(23, 13, 34).
cost(23, 14, 31).
cost(23, 15, 8).
cost(23, 16, 26).
cost(23, 17, 29).
cost(23, 18, 22).
cost(23, 19, 32).
cost(23, 20, 56).
cost(23, 21, 20).
cost(23, 22, 53).
cost(23, 24, 78).
cost(23, 25, 52).
cost(23, 26, 43).
cost(23, 27, 89).
cost(24, 1, 14).
cost(24, 2, 60).
cost(24, 3, 49).
cost(24, 4, 74).
cost(24, 5, 4).
cost(24, 6, 73).
cost(24, 7, 74).
cost(24, 8, 82).
cost(24, 9, 58).
cost(24, 10, 51).
cost(24, 11, 27).
cost(24, 12, 45).
cost(24, 13, 61).
cost(24, 14, 49).
cost(24, 15, 80).
cost(24, 16, 52).
cost(24, 17, 61).
cost(24, 18, 94).
cost(24, 19, 46).
cost(24, 20, 66).
cost(24, 21, 87).
cost(24, 22, 44).
cost(24, 23, 78).
cost(24, 25, 53).
cost(24, 26, 39).
cost(24, 27, 14).
cost(25, 1, 56).
cost(25, 2, 8).
cost(25, 3, 61).
cost(25, 4, 71).
cost(25, 5, 52).
cost(25, 6, 69).
cost(25, 7, 81).
cost(25, 8, 51).
cost(25, 9, 50).
cost(25, 10, 15).
cost(25, 11, 76).
cost(25, 12, 8).
cost(25, 13, 63).
cost(25, 14, 29).
cost(25, 15, 59).
cost(25, 16, 37).
cost(25, 17, 58).
cost(25, 18, 74).
cost(25, 19, 33).
cost(25, 20, 82).
cost(25, 21, 70).
cost(25, 22, 9).
cost(25, 23, 52).
cost(25, 24, 53).
cost(25, 26, 48).
cost(25, 27, 66).
cost(26, 1, 29).
cost(26, 2, 50).
cost(26, 3, 14).
cost(26, 4, 35).
cost(26, 5, 35).
cost(26, 6, 34).
cost(26, 7, 38).
cost(26, 8, 50).
cost(26, 9, 20).
cost(26, 10, 58).
cost(26, 11, 45).
cost(26, 12, 45).
cost(26, 13, 23).
cost(26, 14, 23).
cost(26, 15, 44).
cost(26, 16, 20).
cost(26, 17, 22).
cost(26, 18, 56).
cost(26, 19, 18).
cost(26, 20, 35).
cost(26, 21, 48).
cost(26, 22, 42).
cost(26, 23, 43).
cost(26, 24, 39).
cost(26, 25, 48).
cost(26, 27, 48).
cost(27, 1, 20).
cost(27, 2, 74).
cost(27, 3, 56).
cost(27, 4, 82).
cost(27, 5, 16).
cost(27, 6, 81).
cost(27, 7, 79).
cost(27, 8, 95).
cost(27, 9, 68).
cost(27, 10, 64).
cost(27, 11, 19).
cost(27, 12, 59).
cost(27, 13, 69).
cost(27, 14, 61).
cost(27, 15, 91).
cost(27, 16, 63).
cost(27, 17, 69).
cost(27, 18, 104).
cost(27, 19, 58).
cost(27, 20, 69).
cost(27, 21, 96).
cost(27, 22, 58).
cost(27, 23, 89).
cost(27, 24, 14).
cost(27, 25, 66).
cost(27, 26, 48).
nocross(1,3).
nocross(1,5).
nocross(1,11).
nocross(1,19).
nocross(1,24).
nocross(1,26).
nocross(1,27).
nocross(2,8).
nocross(2,10).
nocross(2,12).
nocross(2,14).
nocross(2,22).
nocross(2,25).
nocross(3,1).
nocross(3,4).
nocross(3,5).
nocross(3,6).
nocross(3,7).
nocross(3,9).
nocross(3,11).
nocross(3,13).
nocross(3,17).
nocross(3,19).
nocross(3,20).
nocross(3,26).
nocross(4,3).
nocross(4,6).
nocross(4,7).
nocross(4,9).
nocross(4,13).
nocross(4,15).
nocross(4,16).
nocross(4,17).
nocross(4,18).
nocross(4,20).
nocross(4,21).
nocross(5,1).
nocross(5,11).
nocross(5,19).
nocross(5,24).
nocross(5,26).
nocross(5,27).
nocross(6,3).
nocross(6,4).
nocross(6,7).
nocross(6,9).
nocross(6,13).
nocross(6,15).
nocross(6,16).
nocross(6,17).
nocross(6,18).
nocross(6,20).
nocross(6,21).
nocross(6,23).
nocross(7,3).
nocross(7,4).
nocross(7,6).
nocross(7,9).
nocross(7,13).
nocross(7,17).
nocross(7,18).
nocross(7,20).
nocross(7,21).
nocross(8,2).
nocross(8,9).
nocross(8,14).
nocross(8,15).
nocross(8,16).
nocross(8,18).
nocross(8,19).
nocross(8,21).
nocross(8,23).
nocross(9,3).
nocross(9,4).
nocross(9,6).
nocross(9,8).
nocross(9,13).
nocross(9,14).
nocross(9,15).
nocross(9,16).
nocross(9,17).
nocross(9,18).
nocross(9,19).
nocross(9,21).
nocross(9,23).
nocross(9,26).
nocross(10,2).
nocross(10,12).
nocross(10,14).
nocross(10,22).
nocross(10,25).
nocross(11,1).
nocross(11,5).
nocross(11,20).
nocross(11,24).
nocross(11,27).
nocross(12,2).
nocross(12,10).
nocross(12,14).
nocross(12,16).
nocross(12,19).
nocross(12,22).
nocross(12,25).
nocross(13,3).
nocross(13,4).
nocross(13,6).
nocross(13,7).
nocross(13,9).
nocross(13,15).
nocross(13,16).
nocross(13,17).
nocross(13,18).
nocross(13,19).
nocross(13,20).
nocross(13,21).
nocross(13,26).
nocross(14,2).
nocross(14,8).
nocross(14,9).
nocross(14,12).
nocross(14,15).
nocross(14,16).
nocross(14,17).
nocross(14,19).
nocross(14,22).
nocross(14,23).
nocross(14,25).
nocross(14,26).
nocross(15,4).
nocross(15,6).
nocross(15,8).
nocross(15,9).
nocross(15,13).
nocross(15,14).
nocross(15,16).
nocross(15,17).
nocross(15,18).
nocross(15,19).
nocross(15,21).
nocross(15,23).
nocross(16,4).
nocross(16,6).
nocross(16,8).
nocross(16,9).
nocross(16,12).
nocross(16,13).
nocross(16,14).
nocross(16,15).
nocross(16,17).
nocross(16,18).
nocross(16,19).
nocross(16,21).
nocross(16,22).
nocross(16,23).
nocross(16,26).
nocross(17,3).
nocross(17,4).
nocross(17,6).
nocross(17,7).
nocross(17,9).
nocross(17,13).
nocross(17,14).
nocross(17,15).
nocross(17,16).
nocross(17,18).
nocross(17,19).
nocross(17,20).
nocross(17,21).
nocross(17,23).
nocross(17,26).
nocross(18,4).
nocross(18,6).
nocross(18,8).
nocross(18,9).
nocross(18,15).
nocross(18,21).
nocross(18,23).
nocross(19,1).
nocross(19,2).
nocross(19,5).
nocross(19,9).
nocross(19,12).
nocross(19,13).
nocross(19,14).
nocross(19,15).
nocross(19,16).
nocross(19,17).
nocross(19,22).
nocross(19,23).
nocross(19,25).
nocross(19,26).
nocross(20,3).
nocross(20,4).
nocross(20,6).
nocross(20,7).
nocross(20,11).
nocross(20,13).
nocross(20,17).
nocross(20,26).
nocross(21,4).
nocross(21,6).
nocross(21,7).
nocross(21,8).
nocross(21,9).
nocross(21,13).
nocross(21,15).
nocross(21,17).
nocross(21,18).
nocross(21,23).
nocross(22,2).
nocross(22,10).
nocross(22,12).
nocross(22,14).
nocross(22,16).
nocross(22,19).
nocross(22,25).
nocross(23,4).
nocross(23,6).
nocross(23,8).
nocross(23,9).
nocross(23,14).
nocross(23,15).
nocross(23,16).
nocross(23,17).
nocross(23,18).
nocross(23,19).
nocross(23,21).
nocross(24,1).
nocross(24,5).
nocross(24,11).
nocross(24,26).
nocross(24,27).
nocross(25,2).
nocross(25,10).
nocross(25,12).
nocross(25,14).
nocross(25,16).
nocross(25,19).
nocross(25,22).
nocross(26,1).
nocross(26,3).
nocross(26,4).
nocross(26,5).
nocross(26,6).
nocross(26,9).
nocross(26,11).
nocross(26,13).
nocross(26,14).
nocross(26,16).
nocross(26,17).
nocross(26,19).
nocross(26,20).
nocross(26,24).
nocross(27,1).
nocross(27,5).
nocross(27,11).
nocross(27,24).
