dimension(27).
point(1, 43.5382805798, 38.8281809137).
point(2, 8.943267244, 78.1630565366).
point(3, 23.218963271, 75.3862742615).
point(4, 29.8780344625, 17.0303085218).
point(5, 45.2111960695, 92.5395522562).
point(6, 15.4505651108, 51.2445634951).
point(7, 36.4644248687, 84.4200226766).
point(8, 60.7698439982, 16.5025239921).
point(9, 70.9372968977, 65.7372201228).
point(10, 93.9474853036, 57.4760304338).
point(11, 14.9513201952, 77.8584691442).
point(12, 19.290043944, 26.7555040983).
point(13, 82.8807205964, 62.559258299).
point(14, 31.6739276634, 88.3633481777).
point(15, 61.4040401768, 57.5224105164).
point(16, 61.7986774526, 49.056682502).
point(17, 46.8653348849, 22.5756602378).
point(18, 97.7583789817, 36.9204691521).
point(19, 42.1677077387, 24.2239584619).
point(20, 62.4135379403, 61.7918697869).
point(21, 87.687980026, 53.387539413).
point(22, 27.402730297, 28.4834195517).
point(23, 33.1258297487, 90.2225125266).
point(24, 19.3030716071, 79.0748784326).
point(25, 61.5726703847, 47.750523822).
point(26, 89.5359743333, 48.1285255474).
point(27, 41.3363506964, 84.8857722336).
cost(1, 2, 52).
cost(1, 3, 42).
cost(1, 4, 26).
cost(1, 5, 54).
cost(1, 6, 31).
cost(1, 7, 46).
cost(1, 8, 28).
cost(1, 9, 38).
cost(1, 10, 54).
cost(1, 11, 48).
cost(1, 12, 27).
cost(1, 13, 46).
cost(1, 14, 51).
cost(1, 15, 26).
cost(1, 16, 21).
cost(1, 17, 17).
cost(1, 18, 54).
cost(1, 19, 15).
cost(1, 20, 30).
cost(1, 21, 46).
cost(1, 22, 19).
cost(1, 23, 52).
cost(1, 24, 47).
cost(1, 25, 20).
cost(1, 26, 47).
cost(1, 27, 46).
cost(2, 1, 52).
cost(2, 3, 15).
cost(2, 4, 65).
cost(2, 5, 39).
cost(2, 6, 28).
cost(2, 7, 28).
cost(2, 8, 81).
cost(2, 9, 63).
cost(2, 10, 87).
cost(2, 11, 6).
cost(2, 12, 52).
cost(2, 13, 76).
cost(2, 14, 25).
cost(2, 15, 56).
cost(2, 16, 60).
cost(2, 17, 67).
cost(2, 18, 98).
cost(2, 19, 63).
cost(2, 20, 56).
cost(2, 21, 83).
cost(2, 22, 53).
cost(2, 23, 27).
cost(2, 24, 10).
cost(2, 25, 61).
cost(2, 26, 86).
cost(2, 27, 33).
cost(3, 1, 42).
cost(3, 2, 15).
cost(3, 4, 59).
cost(3, 5, 28).
cost(3, 6, 25).
cost(3, 7, 16).
cost(3, 8, 70).
cost(3, 9, 49).
cost(3, 10, 73).
cost(3, 11, 9).
cost(3, 12, 49).
cost(3, 13, 61).
cost(3, 14, 15).
cost(3, 15, 42).
cost(3, 16, 47).
cost(3, 17, 58).
cost(3, 18, 84).
cost(3, 19, 55).
cost(3, 20, 41).
cost(3, 21, 68).
cost(3, 22, 47).
cost(3, 23, 18).
cost(3, 24, 5).
cost(3, 25, 47).
cost(3, 26, 72).
cost(3, 27, 20).
cost(4, 1, 26).
cost(4, 2, 65).
cost(4, 3, 59).
cost(4, 5, 77).
cost(4, 6, 37).
cost(4, 7, 68).
cost(4, 8, 31).
cost(4, 9, 64).
cost(4, 10, 76).
cost(4, 11, 63).
cost(4, 12, 14).
cost(4, 13, 70).
cost(4, 14, 71).
cost(4, 15, 51).
cost(4, 16, 45).
cost(4, 17, 18).
cost(4, 18, 71).
cost(4, 19, 14).
cost(4, 20, 55).
cost(4, 21, 68).
cost(4, 22, 12).
cost(4, 23, 73).
cost(4, 24, 63).
cost(4, 25, 44).
cost(4, 26, 67).
cost(4, 27, 69).
cost(5, 1, 54).
cost(5, 2, 39).
cost(5, 3, 28).
cost(5, 4, 77).
cost(5, 6, 51).
cost(5, 7, 12).
cost(5, 8, 78).
cost(5, 9, 37).
cost(5, 10, 60).
cost(5, 11, 34).
cost(5, 12, 71).
cost(5, 13, 48).
cost(5, 14, 14).
cost(5, 15, 39).
cost(5, 16, 47).
cost(5, 17, 70).
cost(5, 18, 77).
cost(5, 19, 68).
cost(5, 20, 35).
cost(5, 21, 58).
cost(5, 22, 66).
cost(5, 23, 12).
cost(5, 24, 29).
cost(5, 25, 48).
cost(5, 26, 63).
cost(5, 27, 9).
cost(6, 1, 31).
cost(6, 2, 28).
cost(6, 3, 25).
cost(6, 4, 37).
cost(6, 5, 51).
cost(6, 7, 39).
cost(6, 8, 57).
cost(6, 9, 57).
cost(6, 10, 79).
cost(6, 11, 27).
cost(6, 12, 25).
cost(6, 13, 68).
cost(6, 14, 41).
cost(6, 15, 46).
cost(6, 16, 46).
cost(6, 17, 43).
cost(6, 18, 84).
cost(6, 19, 38).
cost(6, 20, 48).
cost(6, 21, 72).
cost(6, 22, 26).
cost(6, 23, 43).
cost(6, 24, 28).
cost(6, 25, 46).
cost(6, 26, 74).
cost(6, 27, 42).
cost(7, 1, 46).
cost(7, 2, 28).
cost(7, 3, 16).
cost(7, 4, 68).
cost(7, 5, 12).
cost(7, 6, 39).
cost(7, 8, 72).
cost(7, 9, 39).
cost(7, 10, 63).
cost(7, 11, 22).
cost(7, 12, 60).
cost(7, 13, 51).
cost(7, 14, 6).
cost(7, 15, 37).
cost(7, 16, 44).
cost(7, 17, 63).
cost(7, 18, 78).
cost(7, 19, 60).
cost(7, 20, 34).
cost(7, 21, 60).
cost(7, 22, 57).
cost(7, 23, 7).
cost(7, 24, 18).
cost(7, 25, 44).
cost(7, 26, 64).
cost(7, 27, 5).
cost(8, 1, 28).
cost(8, 2, 81).
cost(8, 3, 70).
cost(8, 4, 31).
cost(8, 5, 78).
cost(8, 6, 57).
cost(8, 7, 72).
cost(8, 9, 50).
cost(8, 10, 53).
cost(8, 11, 77).
cost(8, 12, 43).
cost(8, 13, 51).
cost(8, 14, 78).
cost(8, 15, 41).
cost(8, 16, 33).
cost(8, 17, 15).
cost(8, 18, 42).
cost(8, 19, 20).
cost(8, 20, 45).
cost(8, 21, 46).
cost(8, 22, 35).
cost(8, 23, 79).
cost(8, 24, 75).
cost(8, 25, 31).
cost(8, 26, 43).
cost(8, 27, 71).
cost(9, 1, 38).
cost(9, 2, 63).
cost(9, 3, 49).
cost(9, 4, 64).
cost(9, 5, 37).
cost(9, 6, 57).
cost(9, 7, 39).
cost(9, 8, 50).
cost(9, 10, 24).
cost(9, 11, 57).
cost(9, 12, 65).
cost(9, 13, 12).
cost(9, 14, 45).
cost(9, 15, 13).
cost(9, 16, 19).
cost(9, 17, 49).
cost(9, 18, 39).
cost(9, 19, 51).
cost(9, 20, 9).
cost(9, 21, 21).
cost(9, 22, 57).
cost(9, 23, 45).
cost(9, 24, 53).
cost(9, 25, 20).
cost(9, 26, 26).
cost(9, 27, 35).
cost(10, 1, 54).
cost(10, 2, 87).
cost(10, 3, 73).
cost(10, 4, 76).
cost(10, 5, 60).
cost(10, 6, 79).
cost(10, 7, 63).
cost(10, 8, 53).
cost(10, 9, 24).
cost(10, 11, 82).
cost(10, 12, 81).
cost(10, 13, 12).
cost(10, 14, 70).
cost(10, 15, 33).
cost(10, 16, 33).
cost(10, 17, 59).
cost(10, 18, 21).
cost(10, 19, 62).
cost(10, 20, 32).
cost(10, 21, 7).
cost(10, 22, 73).
cost(10, 23, 69).
cost(10, 24, 78).
cost(10, 25, 34).
cost(10, 26, 10).
cost(10, 27, 59).
cost(11, 1, 48).
cost(11, 2, 6).
cost(11, 3, 9).
cost(11, 4, 63).
cost(11, 5, 34).
cost(11, 6, 27).
cost(11, 7, 22).
cost(11, 8, 77).
cost(11, 9, 57).
cost(11, 10, 82).
cost(11, 12, 51).
cost(11, 13, 70).
cost(11, 14, 20).
cost(11, 15, 51).
cost(11, 16, 55).
cost(11, 17, 64).
cost(11, 18, 92).
cost(11, 19, 60).
cost(11, 20, 50).
cost(11, 21, 77).
cost(11, 22, 51).
cost(11, 23, 22).
cost(11, 24, 5).
cost(11, 25, 55).
cost(11, 26, 80).
cost(11, 27, 27).
cost(12, 1, 27).
cost(12, 2, 52).
cost(12, 3, 49).
cost(12, 4, 14).
cost(12, 5, 71).
cost(12, 6, 25).
cost(12, 7, 60).
cost(12, 8, 43).
cost(12, 9, 65).
cost(12, 10, 81).
cost(12, 11, 51).
cost(12, 13, 73).
cost(12, 14, 63).
cost(12, 15, 52).
cost(12, 16, 48).
cost(12, 17, 28).
cost(12, 18, 79).
cost(12, 19, 23).
cost(12, 20, 56).
cost(12, 21, 73).
cost(12, 22, 8).
cost(12, 23, 65).
cost(12, 24, 52).
cost(12, 25, 47).
cost(12, 26, 73).
cost(12, 27, 62).
cost(13, 1, 46).
cost(13, 2, 76).
cost(13, 3, 61).
cost(13, 4, 70).
cost(13, 5, 48).
cost(13, 6, 68).
cost(13, 7, 51).
cost(13, 8, 51).
cost(13, 9, 12).
cost(13, 10, 12).
cost(13, 11, 70).
cost(13, 12, 73).
cost(13, 14, 57).
cost(13, 15, 22).
cost(13, 16, 25).
cost(13, 17, 54).
cost(13, 18, 30).
cost(13, 19, 56).
cost(13, 20, 20).
cost(13, 21, 10).
cost(13, 22, 65).
cost(13, 23, 57).
cost(13, 24, 66).
cost(13, 25, 26).
cost(13, 26, 16).
cost(13, 27, 47).
cost(14, 1, 51).
cost(14, 2, 25).
cost(14, 3, 15).
cost(14, 4, 71).
cost(14, 5, 14).
cost(14, 6, 41).
cost(14, 7, 6).
cost(14, 8, 78).
cost(14, 9, 45).
cost(14, 10, 70).
cost(14, 11, 20).
cost(14, 12, 63).
cost(14, 13, 57).
cost(14, 15, 43).
cost(14, 16, 50).
cost(14, 17, 68).
cost(14, 18, 84).
cost(14, 19, 65).
cost(14, 20, 41).
cost(14, 21, 66).
cost(14, 22, 60).
cost(14, 23, 2).
cost(14, 24, 15).
cost(14, 25, 50).
cost(14, 26, 70).
cost(14, 27, 10).
cost(15, 1, 26).
cost(15, 2, 56).
cost(15, 3, 42).
cost(15, 4, 51).
cost(15, 5, 39).
cost(15, 6, 46).
cost(15, 7, 37).
cost(15, 8, 41).
cost(15, 9, 13).
cost(15, 10, 33).
cost(15, 11, 51).
cost(15, 12, 52).
cost(15, 13, 22).
cost(15, 14, 43).
cost(15, 16, 8).
cost(15, 17, 38).
cost(15, 18, 42).
cost(15, 19, 38).
cost(15, 20, 4).
cost(15, 21, 27).
cost(15, 22, 45).
cost(15, 23, 43).
cost(15, 24, 47).
cost(15, 25, 10).
cost(15, 26, 30).
cost(15, 27, 34).
cost(16, 1, 21).
cost(16, 2, 60).
cost(16, 3, 47).
cost(16, 4, 45).
cost(16, 5, 47).
cost(16, 6, 46).
cost(16, 7, 44).
cost(16, 8, 33).
cost(16, 9, 19).
cost(16, 10, 33).
cost(16, 11, 55).
cost(16, 12, 48).
cost(16, 13, 25).
cost(16, 14, 50).
cost(16, 15, 8).
cost(16, 17, 30).
cost(16, 18, 38).
cost(16, 19, 32).
cost(16, 20, 13).
cost(16, 21, 26).
cost(16, 22, 40).
cost(16, 23, 50).
cost(16, 24, 52).
cost(16, 25, 1).
cost(16, 26, 28).
cost(16, 27, 41).
cost(17, 1, 17).
cost(17, 2, 67).
cost(17, 3, 58).
cost(17, 4, 18).
cost(17, 5, 70).
cost(17, 6, 43).
cost(17, 7, 63).
cost(17, 8, 15).
cost(17, 9, 49).
cost(17, 10, 59).
cost(17, 11, 64).
cost(17, 12, 28).
cost(17, 13, 54).
cost(17, 14, 68).
cost(17, 15, 38).
cost(17, 16, 30).
cost(17, 18, 53).
cost(17, 19, 5).
cost(17, 20, 42).
cost(17, 21, 51).
cost(17, 22, 20).
cost(17, 23, 69).
cost(17, 24, 63).
cost(17, 25, 29).
cost(17, 26, 50).
cost(17, 27, 63).
cost(18, 1, 54).
cost(18, 2, 98).
cost(18, 3, 84).
cost(18, 4, 71).
cost(18, 5, 77).
cost(18, 6, 84).
cost(18, 7, 78).
cost(18, 8, 42).
cost(18, 9, 39).
cost(18, 10, 21).
cost(18, 11, 92).
cost(18, 12, 79).
cost(18, 13, 30).
cost(18, 14, 84).
cost(18, 15, 42).
cost(18, 16, 38).
cost(18, 17, 53).
cost(18, 19, 57).
cost(18, 20, 43).
cost(18, 21, 19).
cost(18, 22, 71).
cost(18, 23, 84).
cost(18, 24, 89).
cost(18, 25, 38).
cost(18, 26, 14).
cost(18, 27, 74).
cost(19, 1, 15).
cost(19, 2, 63).
cost(19, 3, 55).
cost(19, 4, 14).
cost(19, 5, 68).
cost(19, 6, 38).
cost(19, 7, 60).
cost(19, 8, 20).
cost(19, 9, 51).
cost(19, 10, 62).
cost(19, 11, 60).
cost(19, 12, 23).
cost(19, 13, 56).
cost(19, 14, 65).
cost(19, 15, 38).
cost(19, 16, 32).
cost(19, 17, 5).
cost(19, 18, 57).
cost(19, 20, 43).
cost(19, 21, 54).
cost(19, 22, 15).
cost(19, 23, 67).
cost(19, 24, 59).
cost(19, 25, 30).
cost(19, 26, 53).
cost(19, 27, 61).
cost(20, 1, 30).
cost(20, 2, 56).
cost(20, 3, 41).
cost(20, 4, 55).
cost(20, 5, 35).
cost(20, 6, 48).
cost(20, 7, 34).
cost(20, 8, 45).
cost(20, 9, 9).
cost(20, 10, 32).
cost(20, 11, 50).
cost(20, 12, 56).
cost(20, 13, 20).
cost(20, 14, 41).
cost(20, 15, 4).
cost(20, 16, 13).
cost(20, 17, 42).
cost(20, 18, 43).
cost(20, 19, 43).
cost(20, 21, 27).
cost(20, 22, 48).
cost(20, 23, 41).
cost(20, 24, 46).
cost(20, 25, 14).
cost(20, 26, 30).
cost(20, 27, 31).
cost(21, 1, 46).
cost(21, 2, 83).
cost(21, 3, 68).
cost(21, 4, 68).
cost(21, 5, 58).
cost(21, 6, 72).
cost(21, 7, 60).
cost(21, 8, 46).
cost(21, 9, 21).
cost(21, 10, 7).
cost(21, 11, 77).
cost(21, 12, 73).
cost(21, 13, 10).
cost(21, 14, 66).
cost(21, 15, 27).
cost(21, 16, 26).
cost(21, 17, 51).
cost(21, 18, 19).
cost(21, 19, 54).
cost(21, 20, 27).
cost(21, 22, 65).
cost(21, 23, 66).
cost(21, 24, 73).
cost(21, 25, 27).
cost(21, 26, 6).
cost(21, 27, 56).
cost(22, 1, 19).
cost(22, 2, 53).
cost(22, 3, 47).
cost(22, 4, 12).
cost(22, 5, 66).
cost(22, 6, 26).
cost(22, 7, 57).
cost(22, 8, 35).
cost(22, 9, 57).
cost(22, 10, 73).
cost(22, 11, 51).
cost(22, 12, 8).
cost(22, 13, 65).
cost(22, 14, 60).
cost(22, 15, 45).
cost(22, 16, 40).
cost(22, 17, 20).
cost(22, 18, 71).
cost(22, 19, 15).
cost(22, 20, 48).
cost(22, 21, 65).
cost(22, 23, 62).
cost(22, 24, 51).
cost(22, 25, 39).
cost(22, 26, 65).
cost(22, 27, 58).
cost(23, 1, 52).
cost(23, 2, 27).
cost(23, 3, 18).
cost(23, 4, 73).
cost(23, 5, 12).
cost(23, 6, 43).
cost(23, 7, 7).
cost(23, 8, 79).
cost(23, 9, 45).
cost(23, 10, 69).
cost(23, 11, 22).
cost(23, 12, 65).
cost(23, 13, 57).
cost(23, 14, 2).
cost(23, 15, 43).
cost(23, 16, 50).
cost(23, 17, 69).
cost(23, 18, 84).
cost(23, 19, 67).
cost(23, 20, 41).
cost(23, 21, 66).
cost(23, 22, 62).
cost(23, 24, 18).
cost(23, 25, 51).
cost(23, 26, 70).
cost(23, 27, 10).
cost(24, 1, 47).
cost(24, 2, 10).
cost(24, 3, 5).
cost(24, 4, 63).
cost(24, 5, 29).
cost(24, 6, 28).
cost(24, 7, 18).
cost(24, 8, 75).
cost(24, 9, 53).
cost(24, 10, 78).
cost(24, 11, 5).
cost(24, 12, 52).
cost(24, 13, 66).
cost(24, 14, 15).
cost(24, 15, 47).
cost(24, 16, 52).
cost(24, 17, 63).
cost(24, 18, 89).
cost(24, 19, 59).
cost(24, 20, 46).
cost(24, 21, 73).
cost(24, 22, 51).
cost(24, 23, 18).
cost(24, 25, 53).
cost(24, 26, 77).
cost(24, 27, 23).
cost(25, 1, 20).
cost(25, 2, 61).
cost(25, 3, 47).
cost(25, 4, 44).
cost(25, 5, 48).
cost(25, 6, 46).
cost(25, 7, 44).
cost(25, 8, 31).
cost(25, 9, 20).
cost(25, 10, 34).
cost(25, 11, 55).
cost(25, 12, 47).
cost(25, 13, 26).
cost(25, 14, 50).
cost(25, 15, 10).
cost(25, 16, 1).
cost(25, 17, 29).
cost(25, 18, 38).
cost(25, 19, 30).
cost(25, 20, 14).
cost(25, 21, 27).
cost(25, 22, 39).
cost(25, 23, 51).
cost(25, 24, 53).
cost(25, 26, 28).
cost(25, 27, 42).
cost(26, 1, 47).
cost(26, 2, 86).
cost(26, 3, 72).
cost(26, 4, 67).
cost(26, 5, 63).
cost(26, 6, 74).
cost(26, 7, 64).
cost(26, 8, 43).
cost(26, 9, 26).
cost(26, 10, 10).
cost(26, 11, 80).
cost(26, 12, 73).
cost(26, 13, 16).
cost(26, 14, 70).
cost(26, 15, 30).
cost(26, 16, 28).
cost(26, 17, 50).
cost(26, 18, 14).
cost(26, 19, 53).
cost(26, 20, 30).
cost(26, 21, 6).
cost(26, 22, 65).
cost(26, 23, 70).
cost(26, 24, 77).
cost(26, 25, 28).
cost(26, 27, 61).
cost(27, 1, 46).
cost(27, 2, 33).
cost(27, 3, 20).
cost(27, 4, 69).
cost(27, 5, 9).
cost(27, 6, 42).
cost(27, 7, 5).
cost(27, 8, 71).
cost(27, 9, 35).
cost(27, 10, 59).
cost(27, 11, 27).
cost(27, 12, 62).
cost(27, 13, 47).
cost(27, 14, 10).
cost(27, 15, 34).
cost(27, 16, 41).
cost(27, 17, 63).
cost(27, 18, 74).
cost(27, 19, 61).
cost(27, 20, 31).
cost(27, 21, 56).
cost(27, 22, 58).
cost(27, 23, 10).
cost(27, 24, 23).
cost(27, 25, 42).
cost(27, 26, 61).
nocross(1,3).
nocross(1,4).
nocross(1,6).
nocross(1,8).
nocross(1,9).
nocross(1,12).
nocross(1,15).
nocross(1,16).
nocross(1,17).
nocross(1,19).
nocross(1,20).
nocross(1,22).
nocross(1,25).
nocross(2,3).
nocross(2,5).
nocross(2,6).
nocross(2,7).
nocross(2,11).
nocross(2,14).
nocross(2,23).
nocross(2,24).
nocross(3,2).
nocross(3,5).
nocross(3,6).
nocross(3,7).
nocross(3,11).
nocross(3,14).
nocross(3,15).
nocross(3,20).
nocross(3,23).
nocross(3,24).
nocross(3,27).
nocross(4,1).
nocross(4,6).
nocross(4,8).
nocross(4,12).
nocross(4,17).
nocross(4,19).
nocross(4,22).
nocross(5,3).
nocross(5,7).
nocross(5,9).
nocross(5,11).
nocross(5,14).
nocross(5,20).
nocross(5,23).
nocross(5,24).
nocross(5,27).
nocross(6,1).
nocross(6,2).
nocross(6,3).
nocross(6,4).
nocross(6,7).
nocross(6,11).
nocross(6,12).
nocross(6,14).
nocross(6,19).
nocross(6,22).
nocross(6,24).
nocross(7,2).
nocross(7,3).
nocross(7,5).
nocross(7,11).
nocross(7,14).
nocross(7,15).
nocross(7,20).
nocross(7,23).
nocross(7,24).
nocross(7,27).
nocross(8,1).
nocross(8,4).
nocross(8,15).
nocross(8,16).
nocross(8,17).
nocross(8,18).
nocross(8,19).
nocross(8,22).
nocross(8,25).
nocross(9,5).
nocross(9,7).
nocross(9,10).
nocross(9,13).
nocross(9,15).
nocross(9,16).
nocross(9,20).
nocross(9,21).
nocross(9,25).
nocross(9,26).
nocross(9,27).
nocross(10,9).
nocross(10,13).
nocross(10,15).
nocross(10,16).
nocross(10,18).
nocross(10,20).
nocross(10,21).
nocross(10,25).
nocross(10,26).
nocross(11,2).
nocross(11,3).
nocross(11,6).
nocross(11,7).
nocross(11,14).
nocross(11,23).
nocross(11,24).
nocross(11,27).
nocross(12,1).
nocross(12,4).
nocross(12,6).
nocross(12,17).
nocross(12,19).
nocross(12,22).
nocross(13,9).
nocross(13,10).
nocross(13,15).
nocross(13,16).
nocross(13,18).
nocross(13,20).
nocross(13,21).
nocross(13,25).
nocross(13,26).
nocross(14,2).
nocross(14,3).
nocross(14,5).
nocross(14,7).
nocross(14,11).
nocross(14,20).
nocross(14,23).
nocross(14,24).
nocross(14,27).
nocross(15,1).
nocross(15,3).
nocross(15,7).
nocross(15,9).
nocross(15,10).
nocross(15,13).
nocross(15,16).
nocross(15,19).
nocross(15,20).
nocross(15,21).
nocross(15,25).
nocross(15,26).
nocross(15,27).
nocross(16,1).
nocross(16,9).
nocross(16,10).
nocross(16,13).
nocross(16,15).
nocross(16,17).
nocross(16,19).
nocross(16,20).
nocross(16,21).
nocross(16,22).
nocross(16,25).
nocross(16,26).
nocross(17,1).
nocross(17,4).
nocross(17,8).
nocross(17,12).
nocross(17,16).
nocross(17,19).
nocross(17,22).
nocross(17,25).
nocross(18,8).
nocross(18,10).
nocross(18,13).
nocross(18,16).
nocross(18,21).
nocross(18,25).
nocross(18,26).
nocross(19,1).
nocross(19,4).
nocross(19,8).
nocross(19,12).
nocross(19,15).
nocross(19,16).
nocross(19,17).
nocross(19,22).
nocross(19,25).
nocross(20,1).
nocross(20,3).
nocross(20,7).
nocross(20,9).
nocross(20,10).
nocross(20,13).
nocross(20,15).
nocross(20,16).
nocross(20,21).
nocross(20,25).
nocross(20,26).
nocross(20,27).
nocross(21,9).
nocross(21,10).
nocross(21,13).
nocross(21,15).
nocross(21,16).
nocross(21,18).
nocross(21,20).
nocross(21,25).
nocross(21,26).
nocross(22,1).
nocross(22,4).
nocross(22,6).
nocross(22,8).
nocross(22,12).
nocross(22,16).
nocross(22,17).
nocross(22,19).
nocross(22,25).
nocross(23,2).
nocross(23,3).
nocross(23,5).
nocross(23,7).
nocross(23,11).
nocross(23,14).
nocross(23,24).
nocross(23,27).
nocross(24,2).
nocross(24,3).
nocross(24,6).
nocross(24,7).
nocross(24,11).
nocross(24,14).
nocross(24,23).
nocross(24,27).
nocross(25,1).
nocross(25,8).
nocross(25,9).
nocross(25,10).
nocross(25,13).
nocross(25,15).
nocross(25,16).
nocross(25,17).
nocross(25,19).
nocross(25,20).
nocross(25,21).
nocross(25,26).
nocross(26,9).
nocross(26,10).
nocross(26,13).
nocross(26,15).
nocross(26,16).
nocross(26,18).
nocross(26,20).
nocross(26,21).
nocross(26,25).
nocross(27,3).
nocross(27,5).
nocross(27,7).
nocross(27,9).
nocross(27,11).
nocross(27,14).
nocross(27,15).
nocross(27,20).
nocross(27,23).
nocross(27,24).
