dimension(27).
point(1, 51.3397149425, 18.0825987579).
point(2, 36.3617780943, 76.7055398922).
point(3, 90.889571361, 59.5164246546).
point(4, 63.0759441316, 51.8455979218).
point(5, 34.5704662934, 22.2947683079).
point(6, 92.5182794846, 61.8650275566).
point(7, 55.8519366251, 7.6182862908).
point(8, 35.9327362956, 51.6841938063).
point(9, 69.8433231376, 70.4230221396).
point(10, 64.5371430636, 18.4494351812).
point(11, 12.9603703103, 25.900678045).
point(12, 52.2291863225, 29.4226593324).
point(13, 56.9207984569, 78.2973261117).
point(14, 68.7957918273, 87.2458525648).
point(15, 83.1806245669, 58.1773167612).
point(16, 79.7016308656, 87.6639410349).
point(17, 43.3829564734, 26.0495802178).
point(18, 88.0660650498, 53.317071817).
point(19, 17.627200673, 23.1330675331).
point(20, 69.9702321225, 42.0555260267).
point(21, 81.0288880639, 74.820404123).
point(22, 74.3744424274, 81.7002437184).
point(23, 32.1952265433, 1.8907837293).
point(24, 10.5455257489, 33.8260700132).
point(25, 59.4942023089, 73.7884633477).
point(26, 65.8112319257, 78.2180726153).
point(27, 32.0792363583, 76.6022193001).
cost(1, 2, 61).
cost(1, 3, 57).
cost(1, 4, 36).
cost(1, 5, 17).
cost(1, 6, 60).
cost(1, 7, 11).
cost(1, 8, 37).
cost(1, 9, 56).
cost(1, 10, 13).
cost(1, 11, 39).
cost(1, 12, 11).
cost(1, 13, 60).
cost(1, 14, 71).
cost(1, 15, 51).
cost(1, 16, 75).
cost(1, 17, 11).
cost(1, 18, 51).
cost(1, 19, 34).
cost(1, 20, 30).
cost(1, 21, 64).
cost(1, 22, 68).
cost(1, 23, 25).
cost(1, 24, 44).
cost(1, 25, 56).
cost(1, 26, 62).
cost(1, 27, 62).
cost(2, 1, 61).
cost(2, 3, 57).
cost(2, 4, 36).
cost(2, 5, 54).
cost(2, 6, 58).
cost(2, 7, 72).
cost(2, 8, 25).
cost(2, 9, 34).
cost(2, 10, 65).
cost(2, 11, 56).
cost(2, 12, 50).
cost(2, 13, 21).
cost(2, 14, 34).
cost(2, 15, 50).
cost(2, 16, 45).
cost(2, 17, 51).
cost(2, 18, 57).
cost(2, 19, 57).
cost(2, 20, 48).
cost(2, 21, 45).
cost(2, 22, 38).
cost(2, 23, 75).
cost(2, 24, 50).
cost(2, 25, 23).
cost(2, 26, 29).
cost(2, 27, 4).
cost(3, 1, 57).
cost(3, 2, 57).
cost(3, 4, 29).
cost(3, 5, 68).
cost(3, 6, 3).
cost(3, 7, 63).
cost(3, 8, 56).
cost(3, 9, 24).
cost(3, 10, 49).
cost(3, 11, 85).
cost(3, 12, 49).
cost(3, 13, 39).
cost(3, 14, 35).
cost(3, 15, 8).
cost(3, 16, 30).
cost(3, 17, 58).
cost(3, 18, 7).
cost(3, 19, 82).
cost(3, 20, 27).
cost(3, 21, 18).
cost(3, 22, 28).
cost(3, 23, 82).
cost(3, 24, 84).
cost(3, 25, 34).
cost(3, 26, 31).
cost(3, 27, 61).
cost(4, 1, 36).
cost(4, 2, 36).
cost(4, 3, 29).
cost(4, 5, 41).
cost(4, 6, 31).
cost(4, 7, 45).
cost(4, 8, 27).
cost(4, 9, 20).
cost(4, 10, 33).
cost(4, 11, 56).
cost(4, 12, 25).
cost(4, 13, 27).
cost(4, 14, 36).
cost(4, 15, 21).
cost(4, 16, 39).
cost(4, 17, 32).
cost(4, 18, 25).
cost(4, 19, 54).
cost(4, 20, 12).
cost(4, 21, 29).
cost(4, 22, 32).
cost(4, 23, 59).
cost(4, 24, 56).
cost(4, 25, 22).
cost(4, 26, 27).
cost(4, 27, 40).
cost(5, 1, 17).
cost(5, 2, 54).
cost(5, 3, 68).
cost(5, 4, 41).
cost(5, 6, 70).
cost(5, 7, 26).
cost(5, 8, 29).
cost(5, 9, 60).
cost(5, 10, 30).
cost(5, 11, 22).
cost(5, 12, 19).
cost(5, 13, 60).
cost(5, 14, 73).
cost(5, 15, 60).
cost(5, 16, 79).
cost(5, 17, 10).
cost(5, 18, 62).
cost(5, 19, 17).
cost(5, 20, 41).
cost(5, 21, 70).
cost(5, 22, 72).
cost(5, 23, 21).
cost(5, 24, 27).
cost(5, 25, 57).
cost(5, 26, 64).
cost(5, 27, 54).
cost(6, 1, 60).
cost(6, 2, 58).
cost(6, 3, 3).
cost(6, 4, 31).
cost(6, 5, 70).
cost(6, 7, 65).
cost(6, 8, 57).
cost(6, 9, 24).
cost(6, 10, 52).
cost(6, 11, 87).
cost(6, 12, 52).
cost(6, 13, 39).
cost(6, 14, 35).
cost(6, 15, 10).
cost(6, 16, 29).
cost(6, 17, 61).
cost(6, 18, 10).
cost(6, 19, 84).
cost(6, 20, 30).
cost(6, 21, 17).
cost(6, 22, 27).
cost(6, 23, 85).
cost(6, 24, 87).
cost(6, 25, 35).
cost(6, 26, 31).
cost(6, 27, 62).
cost(7, 1, 11).
cost(7, 2, 72).
cost(7, 3, 63).
cost(7, 4, 45).
cost(7, 5, 26).
cost(7, 6, 65).
cost(7, 8, 48).
cost(7, 9, 64).
cost(7, 10, 14).
cost(7, 11, 47).
cost(7, 12, 22).
cost(7, 13, 71).
cost(7, 14, 81).
cost(7, 15, 57).
cost(7, 16, 84).
cost(7, 17, 22).
cost(7, 18, 56).
cost(7, 19, 41).
cost(7, 20, 37).
cost(7, 21, 72).
cost(7, 22, 76).
cost(7, 23, 24).
cost(7, 24, 52).
cost(7, 25, 66).
cost(7, 26, 71).
cost(7, 27, 73).
cost(8, 1, 37).
cost(8, 2, 25).
cost(8, 3, 56).
cost(8, 4, 27).
cost(8, 5, 29).
cost(8, 6, 57).
cost(8, 7, 48).
cost(8, 9, 39).
cost(8, 10, 44).
cost(8, 11, 35).
cost(8, 12, 28).
cost(8, 13, 34).
cost(8, 14, 48).
cost(8, 15, 48).
cost(8, 16, 57).
cost(8, 17, 27).
cost(8, 18, 52).
cost(8, 19, 34).
cost(8, 20, 35).
cost(8, 21, 51).
cost(8, 22, 49).
cost(8, 23, 50).
cost(8, 24, 31).
cost(8, 25, 32).
cost(8, 26, 40).
cost(8, 27, 25).
cost(9, 1, 56).
cost(9, 2, 34).
cost(9, 3, 24).
cost(9, 4, 20).
cost(9, 5, 60).
cost(9, 6, 24).
cost(9, 7, 64).
cost(9, 8, 39).
cost(9, 10, 52).
cost(9, 11, 72).
cost(9, 12, 45).
cost(9, 13, 15).
cost(9, 14, 17).
cost(9, 15, 18).
cost(9, 16, 20).
cost(9, 17, 52).
cost(9, 18, 25).
cost(9, 19, 70).
cost(9, 20, 28).
cost(9, 21, 12).
cost(9, 22, 12).
cost(9, 23, 78).
cost(9, 24, 70).
cost(9, 25, 11).
cost(9, 26, 9).
cost(9, 27, 38).
cost(10, 1, 13).
cost(10, 2, 65).
cost(10, 3, 49).
cost(10, 4, 33).
cost(10, 5, 30).
cost(10, 6, 52).
cost(10, 7, 14).
cost(10, 8, 44).
cost(10, 9, 52).
cost(10, 11, 52).
cost(10, 12, 16).
cost(10, 13, 60).
cost(10, 14, 69).
cost(10, 15, 44).
cost(10, 16, 71).
cost(10, 17, 22).
cost(10, 18, 42).
cost(10, 19, 47).
cost(10, 20, 24).
cost(10, 21, 59).
cost(10, 22, 64).
cost(10, 23, 36).
cost(10, 24, 56).
cost(10, 25, 56).
cost(10, 26, 60).
cost(10, 27, 67).
cost(11, 1, 39).
cost(11, 2, 56).
cost(11, 3, 85).
cost(11, 4, 56).
cost(11, 5, 22).
cost(11, 6, 87).
cost(11, 7, 47).
cost(11, 8, 35).
cost(11, 9, 72).
cost(11, 10, 52).
cost(11, 12, 39).
cost(11, 13, 68).
cost(11, 14, 83).
cost(11, 15, 77).
cost(11, 16, 91).
cost(11, 17, 30).
cost(11, 18, 80).
cost(11, 19, 5).
cost(11, 20, 59).
cost(11, 21, 84).
cost(11, 22, 83).
cost(11, 23, 31).
cost(11, 24, 8).
cost(11, 25, 67).
cost(11, 26, 74).
cost(11, 27, 54).
cost(12, 1, 11).
cost(12, 2, 50).
cost(12, 3, 49).
cost(12, 4, 25).
cost(12, 5, 19).
cost(12, 6, 52).
cost(12, 7, 22).
cost(12, 8, 28).
cost(12, 9, 45).
cost(12, 10, 16).
cost(12, 11, 39).
cost(12, 13, 49).
cost(12, 14, 60).
cost(12, 15, 42).
cost(12, 16, 64).
cost(12, 17, 9).
cost(12, 18, 43).
cost(12, 19, 35).
cost(12, 20, 22).
cost(12, 21, 54).
cost(12, 22, 57).
cost(12, 23, 34).
cost(12, 24, 42).
cost(12, 25, 45).
cost(12, 26, 51).
cost(12, 27, 51).
cost(13, 1, 60).
cost(13, 2, 21).
cost(13, 3, 39).
cost(13, 4, 27).
cost(13, 5, 60).
cost(13, 6, 39).
cost(13, 7, 71).
cost(13, 8, 34).
cost(13, 9, 15).
cost(13, 10, 60).
cost(13, 11, 68).
cost(13, 12, 49).
cost(13, 14, 15).
cost(13, 15, 33).
cost(13, 16, 25).
cost(13, 17, 54).
cost(13, 18, 40).
cost(13, 19, 68).
cost(13, 20, 39).
cost(13, 21, 24).
cost(13, 22, 18).
cost(13, 23, 80).
cost(13, 24, 64).
cost(13, 25, 5).
cost(13, 26, 9).
cost(13, 27, 25).
cost(14, 1, 71).
cost(14, 2, 34).
cost(14, 3, 35).
cost(14, 4, 36).
cost(14, 5, 73).
cost(14, 6, 35).
cost(14, 7, 81).
cost(14, 8, 48).
cost(14, 9, 17).
cost(14, 10, 69).
cost(14, 11, 83).
cost(14, 12, 60).
cost(14, 13, 15).
cost(14, 15, 32).
cost(14, 16, 11).
cost(14, 17, 66).
cost(14, 18, 39).
cost(14, 19, 82).
cost(14, 20, 45).
cost(14, 21, 17).
cost(14, 22, 8).
cost(14, 23, 93).
cost(14, 24, 79).
cost(14, 25, 16).
cost(14, 26, 10).
cost(14, 27, 38).
cost(15, 1, 51).
cost(15, 2, 50).
cost(15, 3, 8).
cost(15, 4, 21).
cost(15, 5, 60).
cost(15, 6, 10).
cost(15, 7, 57).
cost(15, 8, 48).
cost(15, 9, 18).
cost(15, 10, 44).
cost(15, 11, 77).
cost(15, 12, 42).
cost(15, 13, 33).
cost(15, 14, 32).
cost(15, 16, 30).
cost(15, 17, 51).
cost(15, 18, 7).
cost(15, 19, 74).
cost(15, 20, 21).
cost(15, 21, 17).
cost(15, 22, 25).
cost(15, 23, 76).
cost(15, 24, 77).
cost(15, 25, 28).
cost(15, 26, 27).
cost(15, 27, 54).
cost(16, 1, 75).
cost(16, 2, 45).
cost(16, 3, 30).
cost(16, 4, 39).
cost(16, 5, 79).
cost(16, 6, 29).
cost(16, 7, 84).
cost(16, 8, 57).
cost(16, 9, 20).
cost(16, 10, 71).
cost(16, 11, 91).
cost(16, 12, 64).
cost(16, 13, 25).
cost(16, 14, 11).
cost(16, 15, 30).
cost(16, 17, 72).
cost(16, 18, 35).
cost(16, 19, 90).
cost(16, 20, 47).
cost(16, 21, 13).
cost(16, 22, 8).
cost(16, 23, 98).
cost(16, 24, 88).
cost(16, 25, 25).
cost(16, 26, 17).
cost(16, 27, 49).
cost(17, 1, 11).
cost(17, 2, 51).
cost(17, 3, 58).
cost(17, 4, 32).
cost(17, 5, 10).
cost(17, 6, 61).
cost(17, 7, 22).
cost(17, 8, 27).
cost(17, 9, 52).
cost(17, 10, 22).
cost(17, 11, 30).
cost(17, 12, 9).
cost(17, 13, 54).
cost(17, 14, 66).
cost(17, 15, 51).
cost(17, 16, 72).
cost(17, 18, 52).
cost(17, 19, 26).
cost(17, 20, 31).
cost(17, 21, 62).
cost(17, 22, 64).
cost(17, 23, 27).
cost(17, 24, 34).
cost(17, 25, 50).
cost(17, 26, 57).
cost(17, 27, 52).
cost(18, 1, 51).
cost(18, 2, 57).
cost(18, 3, 7).
cost(18, 4, 25).
cost(18, 5, 62).
cost(18, 6, 10).
cost(18, 7, 56).
cost(18, 8, 52).
cost(18, 9, 25).
cost(18, 10, 42).
cost(18, 11, 80).
cost(18, 12, 43).
cost(18, 13, 40).
cost(18, 14, 39).
cost(18, 15, 7).
cost(18, 16, 35).
cost(18, 17, 52).
cost(18, 19, 77).
cost(18, 20, 21).
cost(18, 21, 23).
cost(18, 22, 32).
cost(18, 23, 76).
cost(18, 24, 80).
cost(18, 25, 35).
cost(18, 26, 33).
cost(18, 27, 61).
cost(19, 1, 34).
cost(19, 2, 57).
cost(19, 3, 82).
cost(19, 4, 54).
cost(19, 5, 17).
cost(19, 6, 84).
cost(19, 7, 41).
cost(19, 8, 34).
cost(19, 9, 70).
cost(19, 10, 47).
cost(19, 11, 5).
cost(19, 12, 35).
cost(19, 13, 68).
cost(19, 14, 82).
cost(19, 15, 74).
cost(19, 16, 90).
cost(19, 17, 26).
cost(19, 18, 77).
cost(19, 20, 56).
cost(19, 21, 82).
cost(19, 22, 82).
cost(19, 23, 26).
cost(19, 24, 13).
cost(19, 25, 66).
cost(19, 26, 73).
cost(19, 27, 55).
cost(20, 1, 30).
cost(20, 2, 48).
cost(20, 3, 27).
cost(20, 4, 12).
cost(20, 5, 41).
cost(20, 6, 30).
cost(20, 7, 37).
cost(20, 8, 35).
cost(20, 9, 28).
cost(20, 10, 24).
cost(20, 11, 59).
cost(20, 12, 22).
cost(20, 13, 39).
cost(20, 14, 45).
cost(20, 15, 21).
cost(20, 16, 47).
cost(20, 17, 31).
cost(20, 18, 21).
cost(20, 19, 56).
cost(20, 21, 35).
cost(20, 22, 40).
cost(20, 23, 55).
cost(20, 24, 60).
cost(20, 25, 33).
cost(20, 26, 36).
cost(20, 27, 51).
cost(21, 1, 64).
cost(21, 2, 45).
cost(21, 3, 18).
cost(21, 4, 29).
cost(21, 5, 70).
cost(21, 6, 17).
cost(21, 7, 72).
cost(21, 8, 51).
cost(21, 9, 12).
cost(21, 10, 59).
cost(21, 11, 84).
cost(21, 12, 54).
cost(21, 13, 24).
cost(21, 14, 17).
cost(21, 15, 17).
cost(21, 16, 13).
cost(21, 17, 62).
cost(21, 18, 23).
cost(21, 19, 82).
cost(21, 20, 35).
cost(21, 22, 10).
cost(21, 23, 88).
cost(21, 24, 82).
cost(21, 25, 22).
cost(21, 26, 16).
cost(21, 27, 49).
cost(22, 1, 68).
cost(22, 2, 38).
cost(22, 3, 28).
cost(22, 4, 32).
cost(22, 5, 72).
cost(22, 6, 27).
cost(22, 7, 76).
cost(22, 8, 49).
cost(22, 9, 12).
cost(22, 10, 64).
cost(22, 11, 83).
cost(22, 12, 57).
cost(22, 13, 18).
cost(22, 14, 8).
cost(22, 15, 25).
cost(22, 16, 8).
cost(22, 17, 64).
cost(22, 18, 32).
cost(22, 19, 82).
cost(22, 20, 40).
cost(22, 21, 10).
cost(22, 23, 90).
cost(22, 24, 80).
cost(22, 25, 17).
cost(22, 26, 9).
cost(22, 27, 43).
cost(23, 1, 25).
cost(23, 2, 75).
cost(23, 3, 82).
cost(23, 4, 59).
cost(23, 5, 21).
cost(23, 6, 85).
cost(23, 7, 24).
cost(23, 8, 50).
cost(23, 9, 78).
cost(23, 10, 36).
cost(23, 11, 31).
cost(23, 12, 34).
cost(23, 13, 80).
cost(23, 14, 93).
cost(23, 15, 76).
cost(23, 16, 98).
cost(23, 17, 27).
cost(23, 18, 76).
cost(23, 19, 26).
cost(23, 20, 55).
cost(23, 21, 88).
cost(23, 22, 90).
cost(23, 24, 39).
cost(23, 25, 77).
cost(23, 26, 83).
cost(23, 27, 75).
cost(24, 1, 44).
cost(24, 2, 50).
cost(24, 3, 84).
cost(24, 4, 56).
cost(24, 5, 27).
cost(24, 6, 87).
cost(24, 7, 52).
cost(24, 8, 31).
cost(24, 9, 70).
cost(24, 10, 56).
cost(24, 11, 8).
cost(24, 12, 42).
cost(24, 13, 64).
cost(24, 14, 79).
cost(24, 15, 77).
cost(24, 16, 88).
cost(24, 17, 34).
cost(24, 18, 80).
cost(24, 19, 13).
cost(24, 20, 60).
cost(24, 21, 82).
cost(24, 22, 80).
cost(24, 23, 39).
cost(24, 25, 63).
cost(24, 26, 71).
cost(24, 27, 48).
cost(25, 1, 56).
cost(25, 2, 23).
cost(25, 3, 34).
cost(25, 4, 22).
cost(25, 5, 57).
cost(25, 6, 35).
cost(25, 7, 66).
cost(25, 8, 32).
cost(25, 9, 11).
cost(25, 10, 56).
cost(25, 11, 67).
cost(25, 12, 45).
cost(25, 13, 5).
cost(25, 14, 16).
cost(25, 15, 28).
cost(25, 16, 25).
cost(25, 17, 50).
cost(25, 18, 35).
cost(25, 19, 66).
cost(25, 20, 33).
cost(25, 21, 22).
cost(25, 22, 17).
cost(25, 23, 77).
cost(25, 24, 63).
cost(25, 26, 8).
cost(25, 27, 28).
cost(26, 1, 62).
cost(26, 2, 29).
cost(26, 3, 31).
cost(26, 4, 27).
cost(26, 5, 64).
cost(26, 6, 31).
cost(26, 7, 71).
cost(26, 8, 40).
cost(26, 9, 9).
cost(26, 10, 60).
cost(26, 11, 74).
cost(26, 12, 51).
cost(26, 13, 9).
cost(26, 14, 10).
cost(26, 15, 27).
cost(26, 16, 17).
cost(26, 17, 57).
cost(26, 18, 33).
cost(26, 19, 73).
cost(26, 20, 36).
cost(26, 21, 16).
cost(26, 22, 9).
cost(26, 23, 83).
cost(26, 24, 71).
cost(26, 25, 8).
cost(26, 27, 34).
cost(27, 1, 62).
cost(27, 2, 4).
cost(27, 3, 61).
cost(27, 4, 40).
cost(27, 5, 54).
cost(27, 6, 62).
cost(27, 7, 73).
cost(27, 8, 25).
cost(27, 9, 38).
cost(27, 10, 67).
cost(27, 11, 54).
cost(27, 12, 51).
cost(27, 13, 25).
cost(27, 14, 38).
cost(27, 15, 54).
cost(27, 16, 49).
cost(27, 17, 52).
cost(27, 18, 61).
cost(27, 19, 55).
cost(27, 20, 51).
cost(27, 21, 49).
cost(27, 22, 43).
cost(27, 23, 75).
cost(27, 24, 48).
cost(27, 25, 28).
cost(27, 26, 34).
nocross(1,5).
nocross(1,7).
nocross(1,10).
nocross(1,12).
nocross(1,17).
nocross(1,19).
nocross(1,20).
nocross(1,23).
nocross(2,8).
nocross(2,13).
nocross(2,14).
nocross(2,25).
nocross(2,26).
nocross(2,27).
nocross(3,4).
nocross(3,6).
nocross(3,9).
nocross(3,15).
nocross(3,16).
nocross(3,18).
nocross(3,20).
nocross(3,21).
nocross(3,22).
nocross(4,2).
nocross(4,3).
nocross(4,6).
nocross(4,8).
nocross(4,9).
nocross(4,10).
nocross(4,12).
nocross(4,13).
nocross(4,15).
nocross(4,17).
nocross(4,18).
nocross(4,20).
nocross(4,21).
nocross(4,22).
nocross(4,25).
nocross(4,26).
nocross(5,1).
nocross(5,7).
nocross(5,8).
nocross(5,11).
nocross(5,12).
nocross(5,17).
nocross(5,19).
nocross(5,23).
nocross(5,24).
nocross(6,3).
nocross(6,9).
nocross(6,15).
nocross(6,16).
nocross(6,18).
nocross(6,20).
nocross(6,21).
nocross(6,22).
nocross(6,26).
nocross(7,1).
nocross(7,5).
nocross(7,10).
nocross(7,12).
nocross(7,17).
nocross(7,23).
nocross(8,1).
nocross(8,2).
nocross(8,4).
nocross(8,5).
nocross(8,9).
nocross(8,11).
nocross(8,12).
nocross(8,13).
nocross(8,17).
nocross(8,19).
nocross(8,20).
nocross(8,24).
nocross(8,25).
nocross(8,27).
nocross(9,2).
nocross(9,3).
nocross(9,4).
nocross(9,6).
nocross(9,13).
nocross(9,14).
nocross(9,15).
nocross(9,16).
nocross(9,18).
nocross(9,20).
nocross(9,21).
nocross(9,22).
nocross(9,25).
nocross(9,26).
nocross(10,1).
nocross(10,4).
nocross(10,5).
nocross(10,7).
nocross(10,12).
nocross(10,17).
nocross(10,18).
nocross(10,20).
nocross(11,5).
nocross(11,17).
nocross(11,19).
nocross(11,23).
nocross(11,24).
nocross(12,1).
nocross(12,4).
nocross(12,5).
nocross(12,7).
nocross(12,8).
nocross(12,10).
nocross(12,17).
nocross(12,19).
nocross(12,20).
nocross(13,2).
nocross(13,4).
nocross(13,9).
nocross(13,14).
nocross(13,16).
nocross(13,21).
nocross(13,22).
nocross(13,25).
nocross(13,26).
nocross(13,27).
nocross(14,2).
nocross(14,9).
nocross(14,13).
nocross(14,16).
nocross(14,21).
nocross(14,22).
nocross(14,25).
nocross(14,26).
nocross(14,27).
nocross(15,3).
nocross(15,4).
nocross(15,6).
nocross(15,9).
nocross(15,16).
nocross(15,18).
nocross(15,20).
nocross(15,21).
nocross(15,22).
nocross(15,25).
nocross(16,3).
nocross(16,6).
nocross(16,9).
nocross(16,13).
nocross(16,14).
nocross(16,15).
nocross(16,21).
nocross(16,22).
nocross(16,25).
nocross(16,26).
nocross(17,1).
nocross(17,4).
nocross(17,5).
nocross(17,7).
nocross(17,8).
nocross(17,10).
nocross(17,11).
nocross(17,12).
nocross(17,19).
nocross(17,20).
nocross(17,23).
nocross(18,3).
nocross(18,4).
nocross(18,6).
nocross(18,9).
nocross(18,10).
nocross(18,15).
nocross(18,20).
nocross(18,21).
nocross(19,5).
nocross(19,8).
nocross(19,11).
nocross(19,17).
nocross(19,23).
nocross(19,24).
nocross(20,1).
nocross(20,3).
nocross(20,4).
nocross(20,6).
nocross(20,7).
nocross(20,9).
nocross(20,10).
nocross(20,12).
nocross(20,15).
nocross(20,17).
nocross(20,18).
nocross(20,21).
nocross(21,3).
nocross(21,4).
nocross(21,6).
nocross(21,9).
nocross(21,13).
nocross(21,14).
nocross(21,15).
nocross(21,16).
nocross(21,18).
nocross(21,22).
nocross(21,25).
nocross(21,26).
nocross(22,3).
nocross(22,6).
nocross(22,9).
nocross(22,13).
nocross(22,14).
nocross(22,15).
nocross(22,16).
nocross(22,18).
nocross(22,21).
nocross(22,25).
nocross(22,26).
nocross(23,1).
nocross(23,5).
nocross(23,7).
nocross(23,10).
nocross(23,11).
nocross(23,17).
nocross(23,19).
nocross(23,24).
nocross(24,5).
nocross(24,8).
nocross(24,11).
nocross(24,19).
nocross(25,2).
nocross(25,4).
nocross(25,8).
nocross(25,9).
nocross(25,13).
nocross(25,14).
nocross(25,15).
nocross(25,16).
nocross(25,21).
nocross(25,22).
nocross(25,26).
nocross(25,27).
nocross(26,2).
nocross(26,3).
nocross(26,4).
nocross(26,6).
nocross(26,9).
nocross(26,13).
nocross(26,14).
nocross(26,15).
nocross(26,16).
nocross(26,18).
nocross(26,21).
nocross(26,22).
nocross(26,25).
nocross(26,27).
nocross(27,2).
nocross(27,8).
nocross(27,13).
nocross(27,14).
nocross(27,24).
nocross(27,25).
