dimension(27).
point(1, 49.5083499075, 24.0362393187).
point(2, 22.0616861746, 64.310099313).
point(3, 42.1055806835, 30.7529342183).
point(4, 75.7428827825, 60.8300791671).
point(5, 6.4821655031, 30.6466954945).
point(6, 30.373419071, 14.2447445039).
point(7, 45.1825735985, 92.4162069517).
point(8, 22.6404146651, 41.0433089025).
point(9, 64.3129905392, 79.9963428109).
point(10, 53.0065804773, 84.8310230525).
point(11, 68.5788776078, 95.6198641006).
point(12, 72.7597681489, 72.8060278266).
point(13, 9.7404353474, 50.2934294316).
point(14, 51.0024432245, 25.8096976923).
point(15, 36.5577819527, 24.4099652537).
point(16, 41.0755189208, 5.9367822671).
point(17, 3.5623084965, 62.6157491997).
point(18, 30.4846283524, 22.4874264505).
point(19, 39.298610141, 14.3299802183).
point(20, 89.9738340811, 37.1622341026).
point(21, 90.5095275904, 63.0491216498).
point(22, 53.2471896924, 13.3237635108).
point(23, 86.7308911744, 80.0165312594).
point(24, 36.8212330586, 33.6897489544).
point(25, 53.9454322207, 95.5933301944).
point(26, 80.019587272, 49.5274333513).
point(27, 87.9211920698, 59.2232056776).
cost(1, 2, 49).
cost(1, 3, 10).
cost(1, 4, 45).
cost(1, 5, 44).
cost(1, 6, 21).
cost(1, 7, 69).
cost(1, 8, 32).
cost(1, 9, 58).
cost(1, 10, 61).
cost(1, 11, 74).
cost(1, 12, 54).
cost(1, 13, 48).
cost(1, 14, 2).
cost(1, 15, 13).
cost(1, 16, 20).
cost(1, 17, 60).
cost(1, 18, 19).
cost(1, 19, 14).
cost(1, 20, 43).
cost(1, 21, 57).
cost(1, 22, 11).
cost(1, 23, 67).
cost(1, 24, 16).
cost(1, 25, 72).
cost(1, 26, 40).
cost(1, 27, 52).
cost(2, 1, 49).
cost(2, 3, 39).
cost(2, 4, 54).
cost(2, 5, 37).
cost(2, 6, 51).
cost(2, 7, 36).
cost(2, 8, 23).
cost(2, 9, 45).
cost(2, 10, 37).
cost(2, 11, 56).
cost(2, 12, 51).
cost(2, 13, 19).
cost(2, 14, 48).
cost(2, 15, 42).
cost(2, 16, 61).
cost(2, 17, 19).
cost(2, 18, 43).
cost(2, 19, 53).
cost(2, 20, 73).
cost(2, 21, 68).
cost(2, 22, 60).
cost(2, 23, 67).
cost(2, 24, 34).
cost(2, 25, 45).
cost(2, 26, 60).
cost(2, 27, 66).
cost(3, 1, 10).
cost(3, 2, 39).
cost(3, 4, 45).
cost(3, 5, 36).
cost(3, 6, 20).
cost(3, 7, 62).
cost(3, 8, 22).
cost(3, 9, 54).
cost(3, 10, 55).
cost(3, 11, 70).
cost(3, 12, 52).
cost(3, 13, 38).
cost(3, 14, 10).
cost(3, 15, 8).
cost(3, 16, 25).
cost(3, 17, 50).
cost(3, 18, 14).
cost(3, 19, 17).
cost(3, 20, 48).
cost(3, 21, 58).
cost(3, 22, 21).
cost(3, 23, 66).
cost(3, 24, 6).
cost(3, 25, 66).
cost(3, 26, 42).
cost(3, 27, 54).
cost(4, 1, 45).
cost(4, 2, 54).
cost(4, 3, 45).
cost(4, 5, 76).
cost(4, 6, 65).
cost(4, 7, 44).
cost(4, 8, 57).
cost(4, 9, 22).
cost(4, 10, 33).
cost(4, 11, 36).
cost(4, 12, 12).
cost(4, 13, 67).
cost(4, 14, 43).
cost(4, 15, 53).
cost(4, 16, 65).
cost(4, 17, 72).
cost(4, 18, 59).
cost(4, 19, 59).
cost(4, 20, 28).
cost(4, 21, 15).
cost(4, 22, 53).
cost(4, 23, 22).
cost(4, 24, 47).
cost(4, 25, 41).
cost(4, 26, 12).
cost(4, 27, 12).
cost(5, 1, 44).
cost(5, 2, 37).
cost(5, 3, 36).
cost(5, 4, 76).
cost(5, 6, 29).
cost(5, 7, 73).
cost(5, 8, 19).
cost(5, 9, 76).
cost(5, 10, 71).
cost(5, 11, 90).
cost(5, 12, 79).
cost(5, 13, 20).
cost(5, 14, 45).
cost(5, 15, 31).
cost(5, 16, 43).
cost(5, 17, 32).
cost(5, 18, 25).
cost(5, 19, 37).
cost(5, 20, 84).
cost(5, 21, 90).
cost(5, 22, 50).
cost(5, 23, 94).
cost(5, 24, 30).
cost(5, 25, 80).
cost(5, 26, 76).
cost(5, 27, 86).
cost(6, 1, 21).
cost(6, 2, 51).
cost(6, 3, 20).
cost(6, 4, 65).
cost(6, 5, 29).
cost(6, 7, 80).
cost(6, 8, 28).
cost(6, 9, 74).
cost(6, 10, 74).
cost(6, 11, 90).
cost(6, 12, 72).
cost(6, 13, 42).
cost(6, 14, 24).
cost(6, 15, 12).
cost(6, 16, 14).
cost(6, 17, 55).
cost(6, 18, 8).
cost(6, 19, 9).
cost(6, 20, 64).
cost(6, 21, 77).
cost(6, 22, 23).
cost(6, 23, 87).
cost(6, 24, 20).
cost(6, 25, 85).
cost(6, 26, 61).
cost(6, 27, 73).
cost(7, 1, 69).
cost(7, 2, 36).
cost(7, 3, 62).
cost(7, 4, 44).
cost(7, 5, 73).
cost(7, 6, 80).
cost(7, 8, 56).
cost(7, 9, 23).
cost(7, 10, 11).
cost(7, 11, 24).
cost(7, 12, 34).
cost(7, 13, 55).
cost(7, 14, 67).
cost(7, 15, 69).
cost(7, 16, 87).
cost(7, 17, 51).
cost(7, 18, 71).
cost(7, 19, 78).
cost(7, 20, 71).
cost(7, 21, 54).
cost(7, 22, 80).
cost(7, 23, 43).
cost(7, 24, 59).
cost(7, 25, 9).
cost(7, 26, 55).
cost(7, 27, 54).
cost(8, 1, 32).
cost(8, 2, 23).
cost(8, 3, 22).
cost(8, 4, 57).
cost(8, 5, 19).
cost(8, 6, 28).
cost(8, 7, 56).
cost(8, 9, 57).
cost(8, 10, 53).
cost(8, 11, 71).
cost(8, 12, 59).
cost(8, 13, 16).
cost(8, 14, 32).
cost(8, 15, 22).
cost(8, 16, 40).
cost(8, 17, 29).
cost(8, 18, 20).
cost(8, 19, 31).
cost(8, 20, 67).
cost(8, 21, 71).
cost(8, 22, 41).
cost(8, 23, 75).
cost(8, 24, 16).
cost(8, 25, 63).
cost(8, 26, 58).
cost(8, 27, 68).
cost(9, 1, 58).
cost(9, 2, 45).
cost(9, 3, 54).
cost(9, 4, 22).
cost(9, 5, 76).
cost(9, 6, 74).
cost(9, 7, 23).
cost(9, 8, 57).
cost(9, 10, 12).
cost(9, 11, 16).
cost(9, 12, 11).
cost(9, 13, 62).
cost(9, 14, 56).
cost(9, 15, 62).
cost(9, 16, 78).
cost(9, 17, 63).
cost(9, 18, 67).
cost(9, 19, 70).
cost(9, 20, 50).
cost(9, 21, 31).
cost(9, 22, 68).
cost(9, 23, 22).
cost(9, 24, 54).
cost(9, 25, 19).
cost(9, 26, 34).
cost(9, 27, 31).
cost(10, 1, 61).
cost(10, 2, 37).
cost(10, 3, 55).
cost(10, 4, 33).
cost(10, 5, 71).
cost(10, 6, 74).
cost(10, 7, 11).
cost(10, 8, 53).
cost(10, 9, 12).
cost(10, 11, 19).
cost(10, 12, 23).
cost(10, 13, 55).
cost(10, 14, 59).
cost(10, 15, 63).
cost(10, 16, 80).
cost(10, 17, 54).
cost(10, 18, 66).
cost(10, 19, 72).
cost(10, 20, 60).
cost(10, 21, 43).
cost(10, 22, 72).
cost(10, 23, 34).
cost(10, 24, 54).
cost(10, 25, 11).
cost(10, 26, 44).
cost(10, 27, 43).
cost(11, 1, 74).
cost(11, 2, 56).
cost(11, 3, 70).
cost(11, 4, 36).
cost(11, 5, 90).
cost(11, 6, 90).
cost(11, 7, 24).
cost(11, 8, 71).
cost(11, 9, 16).
cost(11, 10, 19).
cost(11, 12, 23).
cost(11, 13, 74).
cost(11, 14, 72).
cost(11, 15, 78).
cost(11, 16, 94).
cost(11, 17, 73).
cost(11, 18, 82).
cost(11, 19, 86).
cost(11, 20, 62).
cost(11, 21, 39).
cost(11, 22, 84).
cost(11, 23, 24).
cost(11, 24, 70).
cost(11, 25, 15).
cost(11, 26, 47).
cost(11, 27, 41).
cost(12, 1, 54).
cost(12, 2, 51).
cost(12, 3, 52).
cost(12, 4, 12).
cost(12, 5, 79).
cost(12, 6, 72).
cost(12, 7, 34).
cost(12, 8, 59).
cost(12, 9, 11).
cost(12, 10, 23).
cost(12, 11, 23).
cost(12, 13, 67).
cost(12, 14, 52).
cost(12, 15, 60).
cost(12, 16, 74).
cost(12, 17, 70).
cost(12, 18, 66).
cost(12, 19, 67).
cost(12, 20, 40).
cost(12, 21, 20).
cost(12, 22, 63).
cost(12, 23, 16).
cost(12, 24, 53).
cost(12, 25, 30).
cost(12, 26, 24).
cost(12, 27, 20).
cost(13, 1, 48).
cost(13, 2, 19).
cost(13, 3, 38).
cost(13, 4, 67).
cost(13, 5, 20).
cost(13, 6, 42).
cost(13, 7, 55).
cost(13, 8, 16).
cost(13, 9, 62).
cost(13, 10, 55).
cost(13, 11, 74).
cost(13, 12, 67).
cost(13, 14, 48).
cost(13, 15, 37).
cost(13, 16, 54).
cost(13, 17, 14).
cost(13, 18, 35).
cost(13, 19, 47).
cost(13, 20, 81).
cost(13, 21, 82).
cost(13, 22, 57).
cost(13, 23, 83).
cost(13, 24, 32).
cost(13, 25, 63).
cost(13, 26, 70).
cost(13, 27, 79).
cost(14, 1, 2).
cost(14, 2, 48).
cost(14, 3, 10).
cost(14, 4, 43).
cost(14, 5, 45).
cost(14, 6, 24).
cost(14, 7, 67).
cost(14, 8, 32).
cost(14, 9, 56).
cost(14, 10, 59).
cost(14, 11, 72).
cost(14, 12, 52).
cost(14, 13, 48).
cost(14, 15, 15).
cost(14, 16, 22).
cost(14, 17, 60).
cost(14, 18, 21).
cost(14, 19, 16).
cost(14, 20, 41).
cost(14, 21, 54).
cost(14, 22, 13).
cost(14, 23, 65).
cost(14, 24, 16).
cost(14, 25, 70).
cost(14, 26, 37).
cost(14, 27, 50).
cost(15, 1, 13).
cost(15, 2, 42).
cost(15, 3, 8).
cost(15, 4, 53).
cost(15, 5, 31).
cost(15, 6, 12).
cost(15, 7, 69).
cost(15, 8, 22).
cost(15, 9, 62).
cost(15, 10, 63).
cost(15, 11, 78).
cost(15, 12, 60).
cost(15, 13, 37).
cost(15, 14, 15).
cost(15, 16, 19).
cost(15, 17, 50).
cost(15, 18, 6).
cost(15, 19, 10).
cost(15, 20, 55).
cost(15, 21, 66).
cost(15, 22, 20).
cost(15, 23, 75).
cost(15, 24, 9).
cost(15, 25, 73).
cost(15, 26, 50).
cost(15, 27, 62).
cost(16, 1, 20).
cost(16, 2, 61).
cost(16, 3, 25).
cost(16, 4, 65).
cost(16, 5, 43).
cost(16, 6, 14).
cost(16, 7, 87).
cost(16, 8, 40).
cost(16, 9, 78).
cost(16, 10, 80).
cost(16, 11, 94).
cost(16, 12, 74).
cost(16, 13, 54).
cost(16, 14, 22).
cost(16, 15, 19).
cost(16, 17, 68).
cost(16, 18, 20).
cost(16, 19, 9).
cost(16, 20, 58).
cost(16, 21, 76).
cost(16, 22, 14).
cost(16, 23, 87).
cost(16, 24, 28).
cost(16, 25, 91).
cost(16, 26, 58).
cost(16, 27, 71).
cost(17, 1, 60).
cost(17, 2, 19).
cost(17, 3, 50).
cost(17, 4, 72).
cost(17, 5, 32).
cost(17, 6, 55).
cost(17, 7, 51).
cost(17, 8, 29).
cost(17, 9, 63).
cost(17, 10, 54).
cost(17, 11, 73).
cost(17, 12, 70).
cost(17, 13, 14).
cost(17, 14, 60).
cost(17, 15, 50).
cost(17, 16, 68).
cost(17, 18, 48).
cost(17, 19, 60).
cost(17, 20, 90).
cost(17, 21, 87).
cost(17, 22, 70).
cost(17, 23, 85).
cost(17, 24, 44).
cost(17, 25, 60).
cost(17, 26, 78).
cost(17, 27, 84).
cost(18, 1, 19).
cost(18, 2, 43).
cost(18, 3, 14).
cost(18, 4, 59).
cost(18, 5, 25).
cost(18, 6, 8).
cost(18, 7, 71).
cost(18, 8, 20).
cost(18, 9, 67).
cost(18, 10, 66).
cost(18, 11, 82).
cost(18, 12, 66).
cost(18, 13, 35).
cost(18, 14, 21).
cost(18, 15, 6).
cost(18, 16, 20).
cost(18, 17, 48).
cost(18, 19, 12).
cost(18, 20, 61).
cost(18, 21, 72).
cost(18, 22, 25).
cost(18, 23, 80).
cost(18, 24, 13).
cost(18, 25, 77).
cost(18, 26, 56).
cost(18, 27, 68).
cost(19, 1, 14).
cost(19, 2, 53).
cost(19, 3, 17).
cost(19, 4, 59).
cost(19, 5, 37).
cost(19, 6, 9).
cost(19, 7, 78).
cost(19, 8, 31).
cost(19, 9, 70).
cost(19, 10, 72).
cost(19, 11, 86).
cost(19, 12, 67).
cost(19, 13, 47).
cost(19, 14, 16).
cost(19, 15, 10).
cost(19, 16, 9).
cost(19, 17, 60).
cost(19, 18, 12).
cost(19, 20, 56).
cost(19, 21, 71).
cost(19, 22, 14).
cost(19, 23, 81).
cost(19, 24, 20).
cost(19, 25, 83).
cost(19, 26, 54).
cost(19, 27, 66).
cost(20, 1, 43).
cost(20, 2, 73).
cost(20, 3, 48).
cost(20, 4, 28).
cost(20, 5, 84).
cost(20, 6, 64).
cost(20, 7, 71).
cost(20, 8, 67).
cost(20, 9, 50).
cost(20, 10, 60).
cost(20, 11, 62).
cost(20, 12, 40).
cost(20, 13, 81).
cost(20, 14, 41).
cost(20, 15, 55).
cost(20, 16, 58).
cost(20, 17, 90).
cost(20, 18, 61).
cost(20, 19, 56).
cost(20, 21, 26).
cost(20, 22, 44).
cost(20, 23, 43).
cost(20, 24, 53).
cost(20, 25, 69).
cost(20, 26, 16).
cost(20, 27, 22).
cost(21, 1, 57).
cost(21, 2, 68).
cost(21, 3, 58).
cost(21, 4, 15).
cost(21, 5, 90).
cost(21, 6, 77).
cost(21, 7, 54).
cost(21, 8, 71).
cost(21, 9, 31).
cost(21, 10, 43).
cost(21, 11, 39).
cost(21, 12, 20).
cost(21, 13, 82).
cost(21, 14, 54).
cost(21, 15, 66).
cost(21, 16, 76).
cost(21, 17, 87).
cost(21, 18, 72).
cost(21, 19, 71).
cost(21, 20, 26).
cost(21, 22, 62).
cost(21, 23, 17).
cost(21, 24, 61).
cost(21, 25, 49).
cost(21, 26, 17).
cost(21, 27, 5).
cost(22, 1, 11).
cost(22, 2, 60).
cost(22, 3, 21).
cost(22, 4, 53).
cost(22, 5, 50).
cost(22, 6, 23).
cost(22, 7, 80).
cost(22, 8, 41).
cost(22, 9, 68).
cost(22, 10, 72).
cost(22, 11, 84).
cost(22, 12, 63).
cost(22, 13, 57).
cost(22, 14, 13).
cost(22, 15, 20).
cost(22, 16, 14).
cost(22, 17, 70).
cost(22, 18, 25).
cost(22, 19, 14).
cost(22, 20, 44).
cost(22, 21, 62).
cost(22, 23, 75).
cost(22, 24, 26).
cost(22, 25, 82).
cost(22, 26, 45).
cost(22, 27, 58).
cost(23, 1, 67).
cost(23, 2, 67).
cost(23, 3, 66).
cost(23, 4, 22).
cost(23, 5, 94).
cost(23, 6, 87).
cost(23, 7, 43).
cost(23, 8, 75).
cost(23, 9, 22).
cost(23, 10, 34).
cost(23, 11, 24).
cost(23, 12, 16).
cost(23, 13, 83).
cost(23, 14, 65).
cost(23, 15, 75).
cost(23, 16, 87).
cost(23, 17, 85).
cost(23, 18, 80).
cost(23, 19, 81).
cost(23, 20, 43).
cost(23, 21, 17).
cost(23, 22, 75).
cost(23, 24, 68).
cost(23, 25, 36).
cost(23, 26, 31).
cost(23, 27, 21).
cost(24, 1, 16).
cost(24, 2, 34).
cost(24, 3, 6).
cost(24, 4, 47).
cost(24, 5, 30).
cost(24, 6, 20).
cost(24, 7, 59).
cost(24, 8, 16).
cost(24, 9, 54).
cost(24, 10, 54).
cost(24, 11, 70).
cost(24, 12, 53).
cost(24, 13, 32).
cost(24, 14, 16).
cost(24, 15, 9).
cost(24, 16, 28).
cost(24, 17, 44).
cost(24, 18, 13).
cost(24, 19, 20).
cost(24, 20, 53).
cost(24, 21, 61).
cost(24, 22, 26).
cost(24, 23, 68).
cost(24, 25, 64).
cost(24, 26, 46).
cost(24, 27, 57).
cost(25, 1, 72).
cost(25, 2, 45).
cost(25, 3, 66).
cost(25, 4, 41).
cost(25, 5, 80).
cost(25, 6, 85).
cost(25, 7, 9).
cost(25, 8, 63).
cost(25, 9, 19).
cost(25, 10, 11).
cost(25, 11, 15).
cost(25, 12, 30).
cost(25, 13, 63).
cost(25, 14, 70).
cost(25, 15, 73).
cost(25, 16, 91).
cost(25, 17, 60).
cost(25, 18, 77).
cost(25, 19, 83).
cost(25, 20, 69).
cost(25, 21, 49).
cost(25, 22, 82).
cost(25, 23, 36).
cost(25, 24, 64).
cost(25, 26, 53).
cost(25, 27, 50).
cost(26, 1, 40).
cost(26, 2, 60).
cost(26, 3, 42).
cost(26, 4, 12).
cost(26, 5, 76).
cost(26, 6, 61).
cost(26, 7, 55).
cost(26, 8, 58).
cost(26, 9, 34).
cost(26, 10, 44).
cost(26, 11, 47).
cost(26, 12, 24).
cost(26, 13, 70).
cost(26, 14, 37).
cost(26, 15, 50).
cost(26, 16, 58).
cost(26, 17, 78).
cost(26, 18, 56).
cost(26, 19, 54).
cost(26, 20, 16).
cost(26, 21, 17).
cost(26, 22, 45).
cost(26, 23, 31).
cost(26, 24, 46).
cost(26, 25, 53).
cost(26, 27, 13).
cost(27, 1, 52).
cost(27, 2, 66).
cost(27, 3, 54).
cost(27, 4, 12).
cost(27, 5, 86).
cost(27, 6, 73).
cost(27, 7, 54).
cost(27, 8, 68).
cost(27, 9, 31).
cost(27, 10, 43).
cost(27, 11, 41).
cost(27, 12, 20).
cost(27, 13, 79).
cost(27, 14, 50).
cost(27, 15, 62).
cost(27, 16, 71).
cost(27, 17, 84).
cost(27, 18, 68).
cost(27, 19, 66).
cost(27, 20, 22).
cost(27, 21, 5).
cost(27, 22, 58).
cost(27, 23, 21).
cost(27, 24, 57).
cost(27, 25, 50).
cost(27, 26, 13).
nocross(1,3).
nocross(1,6).
nocross(1,14).
nocross(1,15).
nocross(1,16).
nocross(1,18).
nocross(1,19).
nocross(1,22).
nocross(1,24).
nocross(1,26).
nocross(2,3).
nocross(2,5).
nocross(2,7).
nocross(2,8).
nocross(2,10).
nocross(2,13).
nocross(2,17).
nocross(2,24).
nocross(2,25).
nocross(3,1).
nocross(3,6).
nocross(3,8).
nocross(3,14).
nocross(3,15).
nocross(3,16).
nocross(3,18).
nocross(3,19).
nocross(3,22).
nocross(3,24).
nocross(4,9).
nocross(4,10).
nocross(4,11).
nocross(4,12).
nocross(4,14).
nocross(4,21).
nocross(4,23).
nocross(4,26).
nocross(4,27).
nocross(5,2).
nocross(5,3).
nocross(5,6).
nocross(5,8).
nocross(5,13).
nocross(5,15).
nocross(5,16).
nocross(5,17).
nocross(5,18).
nocross(5,19).
nocross(5,24).
nocross(6,1).
nocross(6,3).
nocross(6,5).
nocross(6,8).
nocross(6,14).
nocross(6,15).
nocross(6,16).
nocross(6,18).
nocross(6,19).
nocross(6,22).
nocross(6,24).
nocross(7,2).
nocross(7,9).
nocross(7,10).
nocross(7,11).
nocross(7,25).
nocross(8,1).
nocross(8,2).
nocross(8,3).
nocross(8,5).
nocross(8,6).
nocross(8,13).
nocross(8,14).
nocross(8,15).
nocross(8,16).
nocross(8,17).
nocross(8,18).
nocross(8,24).
nocross(9,4).
nocross(9,7).
nocross(9,10).
nocross(9,11).
nocross(9,12).
nocross(9,21).
nocross(9,23).
nocross(9,25).
nocross(9,27).
nocross(10,4).
nocross(10,7).
nocross(10,9).
nocross(10,11).
nocross(10,12).
nocross(10,25).
nocross(11,4).
nocross(11,7).
nocross(11,9).
nocross(11,10).
nocross(11,12).
nocross(11,21).
nocross(11,23).
nocross(11,25).
nocross(11,27).
nocross(12,4).
nocross(12,9).
nocross(12,10).
nocross(12,11).
nocross(12,21).
nocross(12,23).
nocross(12,25).
nocross(12,26).
nocross(12,27).
nocross(13,2).
nocross(13,3).
nocross(13,5).
nocross(13,8).
nocross(13,17).
nocross(13,18).
nocross(13,24).
nocross(14,1).
nocross(14,3).
nocross(14,6).
nocross(14,15).
nocross(14,16).
nocross(14,18).
nocross(14,19).
nocross(14,22).
nocross(14,24).
nocross(14,26).
nocross(15,1).
nocross(15,3).
nocross(15,5).
nocross(15,6).
nocross(15,8).
nocross(15,14).
nocross(15,16).
nocross(15,18).
nocross(15,19).
nocross(15,22).
nocross(15,24).
nocross(16,1).
nocross(16,3).
nocross(16,6).
nocross(16,14).
nocross(16,15).
nocross(16,18).
nocross(16,19).
nocross(16,22).
nocross(16,24).
nocross(17,2).
nocross(17,5).
nocross(17,8).
nocross(17,13).
nocross(18,1).
nocross(18,3).
nocross(18,5).
nocross(18,6).
nocross(18,8).
nocross(18,13).
nocross(18,14).
nocross(18,15).
nocross(18,16).
nocross(18,19).
nocross(18,22).
nocross(18,24).
nocross(19,1).
nocross(19,3).
nocross(19,6).
nocross(19,14).
nocross(19,15).
nocross(19,16).
nocross(19,18).
nocross(19,22).
nocross(19,24).
nocross(20,1).
nocross(20,4).
nocross(20,12).
nocross(20,14).
nocross(20,21).
nocross(20,22).
nocross(20,26).
nocross(20,27).
nocross(21,4).
nocross(21,9).
nocross(21,12).
nocross(21,20).
nocross(21,23).
nocross(21,26).
nocross(21,27).
nocross(22,1).
nocross(22,3).
nocross(22,6).
nocross(22,14).
nocross(22,15).
nocross(22,16).
nocross(22,18).
nocross(22,19).
nocross(22,20).
nocross(22,24).
nocross(23,4).
nocross(23,9).
nocross(23,10).
nocross(23,11).
nocross(23,12).
nocross(23,21).
nocross(23,25).
nocross(23,26).
nocross(23,27).
nocross(24,1).
nocross(24,2).
nocross(24,3).
nocross(24,6).
nocross(24,8).
nocross(24,13).
nocross(24,14).
nocross(24,15).
nocross(24,16).
nocross(24,18).
nocross(24,19).
nocross(24,22).
nocross(25,7).
nocross(25,9).
nocross(25,10).
nocross(25,11).
nocross(25,12).
nocross(26,1).
nocross(26,3).
nocross(26,4).
nocross(26,12).
nocross(26,14).
nocross(26,20).
nocross(26,21).
nocross(26,22).
nocross(26,27).
nocross(27,4).
nocross(27,9).
nocross(27,12).
nocross(27,20).
nocross(27,21).
nocross(27,23).
nocross(27,26).
