dimension(25).
point(1, 28.5366763004, 94.7376132255).
point(2, 24.1203976033, 98.611721098).
point(3, 37.5311138023, 98.8347919464).
point(4, 27.0328989599, 74.0842391782).
point(5, 22.7007936902, 79.6900531515).
point(6, 17.7248137379, 83.8273512769).
point(7, 5.7529560829, 95.0742485653).
point(8, 18.7774716275, 98.2642240849).
point(9, 17.2193685924, 83.9053910584).
point(10, 16.4600371793, 98.0103761177).
point(11, 5.9925453543, 96.7588075909).
point(12, 35.0199900893, 94.9675760826).
point(13, 26.4080470732, 84.3709142261).
point(14, 72.0076416492, 19.0446348522).
point(15, 83.4616178441, 8.058117486).
point(16, 86.2067069385, 17.6908122006).
point(17, 95.5680452417, 16.9029694603).
point(18, 91.692958735, 19.6275265779).
point(19, 87.5292684029, 23.0236702268).
point(20, 86.3389487806, 23.9413647782).
point(21, 91.6682837249, 11.2010735194).
point(22, 85.3119638441, 0.9407971354).
point(23, 93.2161082989, 2.158652799).
point(24, 89.5109995333, 0.9117622299).
point(25, 99.9612435091, 27.1069067834).
cost(1, 2, 6).
cost(1, 3, 10).
cost(1, 4, 21).
cost(1, 5, 16).
cost(1, 6, 15).
cost(1, 7, 23).
cost(1, 8, 10).
cost(1, 9, 16).
cost(1, 10, 13).
cost(1, 11, 23).
cost(1, 12, 6).
cost(1, 13, 11).
cost(1, 14, 87).
cost(1, 15, 103).
cost(1, 16, 96).
cost(1, 17, 103).
cost(1, 18, 98).
cost(1, 19, 93).
cost(1, 20, 91).
cost(1, 21, 105).
cost(1, 22, 110).
cost(1, 23, 113).
cost(1, 24, 112).
cost(1, 25, 98).
cost(2, 1, 6).
cost(2, 3, 13).
cost(2, 4, 25).
cost(2, 5, 19).
cost(2, 6, 16).
cost(2, 7, 19).
cost(2, 8, 5).
cost(2, 9, 16).
cost(2, 10, 8).
cost(2, 11, 18).
cost(2, 12, 11).
cost(2, 13, 14).
cost(2, 14, 93).
cost(2, 15, 108).
cost(2, 16, 102).
cost(2, 17, 109).
cost(2, 18, 104).
cost(2, 19, 99).
cost(2, 20, 97).
cost(2, 21, 110).
cost(2, 22, 115).
cost(2, 23, 119).
cost(2, 24, 118).
cost(2, 25, 104).
cost(3, 1, 10).
cost(3, 2, 13).
cost(3, 4, 27).
cost(3, 5, 24).
cost(3, 6, 25).
cost(3, 7, 32).
cost(3, 8, 19).
cost(3, 9, 25).
cost(3, 10, 21).
cost(3, 11, 32).
cost(3, 12, 5).
cost(3, 13, 18).
cost(3, 14, 87).
cost(3, 15, 102).
cost(3, 16, 95).
cost(3, 17, 100).
cost(3, 18, 96).
cost(3, 19, 91).
cost(3, 20, 89).
cost(3, 21, 103).
cost(3, 22, 109).
cost(3, 23, 112).
cost(3, 24, 111).
cost(3, 25, 95).
cost(4, 1, 21).
cost(4, 2, 25).
cost(4, 3, 27).
cost(4, 5, 7).
cost(4, 6, 13).
cost(4, 7, 30).
cost(4, 8, 26).
cost(4, 9, 14).
cost(4, 10, 26).
cost(4, 11, 31).
cost(4, 12, 22).
cost(4, 13, 10).
cost(4, 14, 71).
cost(4, 15, 87).
cost(4, 16, 82).
cost(4, 17, 89).
cost(4, 18, 85).
cost(4, 19, 79).
cost(4, 20, 78).
cost(4, 21, 90).
cost(4, 22, 94).
cost(4, 23, 98).
cost(4, 24, 96).
cost(4, 25, 87).
cost(5, 1, 16).
cost(5, 2, 19).
cost(5, 3, 24).
cost(5, 4, 7).
cost(5, 6, 6).
cost(5, 7, 23).
cost(5, 8, 19).
cost(5, 9, 7).
cost(5, 10, 19).
cost(5, 11, 24).
cost(5, 12, 20).
cost(5, 13, 6).
cost(5, 14, 78).
cost(5, 15, 94).
cost(5, 16, 89).
cost(5, 17, 96).
cost(5, 18, 91).
cost(5, 19, 86).
cost(5, 20, 85).
cost(5, 21, 97).
cost(5, 22, 101).
cost(5, 23, 105).
cost(5, 24, 103).
cost(5, 25, 93).
cost(6, 1, 15).
cost(6, 2, 16).
cost(6, 3, 25).
cost(6, 4, 13).
cost(6, 5, 6).
cost(6, 7, 16).
cost(6, 8, 14).
cost(6, 9, 1).
cost(6, 10, 14).
cost(6, 11, 17).
cost(6, 12, 21).
cost(6, 13, 9).
cost(6, 14, 85).
cost(6, 15, 100).
cost(6, 16, 95).
cost(6, 17, 103).
cost(6, 18, 98).
cost(6, 19, 93).
cost(6, 20, 91).
cost(6, 21, 104).
cost(6, 22, 107).
cost(6, 23, 111).
cost(6, 24, 110).
cost(6, 25, 100).
cost(7, 1, 23).
cost(7, 2, 19).
cost(7, 3, 32).
cost(7, 4, 30).
cost(7, 5, 23).
cost(7, 6, 16).
cost(7, 8, 13).
cost(7, 9, 16).
cost(7, 10, 11).
cost(7, 11, 2).
cost(7, 12, 29).
cost(7, 13, 23).
cost(7, 14, 101).
cost(7, 15, 117).
cost(7, 16, 112).
cost(7, 17, 119).
cost(7, 18, 114).
cost(7, 19, 109).
cost(7, 20, 107).
cost(7, 21, 120).
cost(7, 22, 123).
cost(7, 23, 128).
cost(7, 24, 126).
cost(7, 25, 116).
cost(8, 1, 10).
cost(8, 2, 5).
cost(8, 3, 19).
cost(8, 4, 26).
cost(8, 5, 19).
cost(8, 6, 14).
cost(8, 7, 13).
cost(8, 9, 14).
cost(8, 10, 2).
cost(8, 11, 13).
cost(8, 12, 17).
cost(8, 13, 16).
cost(8, 14, 95).
cost(8, 15, 111).
cost(8, 16, 105).
cost(8, 17, 112).
cost(8, 18, 107).
cost(8, 19, 102).
cost(8, 20, 100).
cost(8, 21, 114).
cost(8, 22, 118).
cost(8, 23, 122).
cost(8, 24, 120).
cost(8, 25, 108).
cost(9, 1, 16).
cost(9, 2, 16).
cost(9, 3, 25).
cost(9, 4, 14).
cost(9, 5, 7).
cost(9, 6, 1).
cost(9, 7, 16).
cost(9, 8, 14).
cost(9, 10, 14).
cost(9, 11, 17).
cost(9, 12, 21).
cost(9, 13, 9).
cost(9, 14, 85).
cost(9, 15, 101).
cost(9, 16, 96).
cost(9, 17, 103).
cost(9, 18, 98).
cost(9, 19, 93).
cost(9, 20, 92).
cost(9, 21, 104).
cost(9, 22, 107).
cost(9, 23, 112).
cost(9, 24, 110).
cost(9, 25, 100).
cost(10, 1, 13).
cost(10, 2, 8).
cost(10, 3, 21).
cost(10, 4, 26).
cost(10, 5, 19).
cost(10, 6, 14).
cost(10, 7, 11).
cost(10, 8, 2).
cost(10, 9, 14).
cost(10, 11, 11).
cost(10, 12, 19).
cost(10, 13, 17).
cost(10, 14, 97).
cost(10, 15, 112).
cost(10, 16, 106).
cost(10, 17, 113).
cost(10, 18, 109).
cost(10, 19, 103).
cost(10, 20, 102).
cost(10, 21, 115).
cost(10, 22, 119).
cost(10, 23, 123).
cost(10, 24, 122).
cost(10, 25, 110).
cost(11, 1, 23).
cost(11, 2, 18).
cost(11, 3, 32).
cost(11, 4, 31).
cost(11, 5, 24).
cost(11, 6, 17).
cost(11, 7, 2).
cost(11, 8, 13).
cost(11, 9, 17).
cost(11, 10, 11).
cost(11, 12, 29).
cost(11, 13, 24).
cost(11, 14, 102).
cost(11, 15, 118).
cost(11, 16, 113).
cost(11, 17, 120).
cost(11, 18, 115).
cost(11, 19, 110).
cost(11, 20, 108).
cost(11, 21, 121).
cost(11, 22, 124).
cost(11, 23, 129).
cost(11, 24, 127).
cost(11, 25, 117).
cost(12, 1, 6).
cost(12, 2, 11).
cost(12, 3, 5).
cost(12, 4, 22).
cost(12, 5, 20).
cost(12, 6, 21).
cost(12, 7, 29).
cost(12, 8, 17).
cost(12, 9, 21).
cost(12, 10, 19).
cost(12, 11, 29).
cost(12, 13, 14).
cost(12, 14, 84).
cost(12, 15, 99).
cost(12, 16, 93).
cost(12, 17, 99).
cost(12, 18, 94).
cost(12, 19, 89).
cost(12, 20, 88).
cost(12, 21, 101).
cost(12, 22, 107).
cost(12, 23, 110).
cost(12, 24, 109).
cost(12, 25, 94).
cost(13, 1, 11).
cost(13, 2, 14).
cost(13, 3, 18).
cost(13, 4, 10).
cost(13, 5, 6).
cost(13, 6, 9).
cost(13, 7, 23).
cost(13, 8, 16).
cost(13, 9, 9).
cost(13, 10, 17).
cost(13, 11, 24).
cost(13, 12, 14).
cost(13, 14, 80).
cost(13, 15, 95).
cost(13, 16, 90).
cost(13, 17, 97).
cost(13, 18, 92).
cost(13, 19, 87).
cost(13, 20, 85).
cost(13, 21, 98).
cost(13, 22, 102).
cost(13, 23, 106).
cost(13, 24, 105).
cost(13, 25, 93).
cost(14, 1, 87).
cost(14, 2, 93).
cost(14, 3, 87).
cost(14, 4, 71).
cost(14, 5, 78).
cost(14, 6, 85).
cost(14, 7, 101).
cost(14, 8, 95).
cost(14, 9, 85).
cost(14, 10, 97).
cost(14, 11, 102).
cost(14, 12, 84).
cost(14, 13, 80).
cost(14, 15, 16).
cost(14, 16, 14).
cost(14, 17, 24).
cost(14, 18, 20).
cost(14, 19, 16).
cost(14, 20, 15).
cost(14, 21, 21).
cost(14, 22, 22).
cost(14, 23, 27).
cost(14, 24, 25).
cost(14, 25, 29).
cost(15, 1, 103).
cost(15, 2, 108).
cost(15, 3, 102).
cost(15, 4, 87).
cost(15, 5, 94).
cost(15, 6, 100).
cost(15, 7, 117).
cost(15, 8, 111).
cost(15, 9, 101).
cost(15, 10, 112).
cost(15, 11, 118).
cost(15, 12, 99).
cost(15, 13, 95).
cost(15, 14, 16).
cost(15, 16, 10).
cost(15, 17, 15).
cost(15, 18, 14).
cost(15, 19, 16).
cost(15, 20, 16).
cost(15, 21, 9).
cost(15, 22, 7).
cost(15, 23, 11).
cost(15, 24, 9).
cost(15, 25, 25).
cost(16, 1, 96).
cost(16, 2, 102).
cost(16, 3, 95).
cost(16, 4, 82).
cost(16, 5, 89).
cost(16, 6, 95).
cost(16, 7, 112).
cost(16, 8, 105).
cost(16, 9, 96).
cost(16, 10, 106).
cost(16, 11, 113).
cost(16, 12, 93).
cost(16, 13, 90).
cost(16, 14, 14).
cost(16, 15, 10).
cost(16, 17, 9).
cost(16, 18, 6).
cost(16, 19, 5).
cost(16, 20, 6).
cost(16, 21, 8).
cost(16, 22, 17).
cost(16, 23, 17).
cost(16, 24, 17).
cost(16, 25, 17).
cost(17, 1, 103).
cost(17, 2, 109).
cost(17, 3, 100).
cost(17, 4, 89).
cost(17, 5, 96).
cost(17, 6, 103).
cost(17, 7, 119).
cost(17, 8, 112).
cost(17, 9, 103).
cost(17, 10, 113).
cost(17, 11, 120).
cost(17, 12, 99).
cost(17, 13, 97).
cost(17, 14, 24).
cost(17, 15, 15).
cost(17, 16, 9).
cost(17, 18, 5).
cost(17, 19, 10).
cost(17, 20, 12).
cost(17, 21, 7).
cost(17, 22, 19).
cost(17, 23, 15).
cost(17, 24, 17).
cost(17, 25, 11).
cost(18, 1, 98).
cost(18, 2, 104).
cost(18, 3, 96).
cost(18, 4, 85).
cost(18, 5, 91).
cost(18, 6, 98).
cost(18, 7, 114).
cost(18, 8, 107).
cost(18, 9, 98).
cost(18, 10, 109).
cost(18, 11, 115).
cost(18, 12, 94).
cost(18, 13, 92).
cost(18, 14, 20).
cost(18, 15, 14).
cost(18, 16, 6).
cost(18, 17, 5).
cost(18, 19, 5).
cost(18, 20, 7).
cost(18, 21, 8).
cost(18, 22, 20).
cost(18, 23, 18).
cost(18, 24, 19).
cost(18, 25, 11).
cost(19, 1, 93).
cost(19, 2, 99).
cost(19, 3, 91).
cost(19, 4, 79).
cost(19, 5, 86).
cost(19, 6, 93).
cost(19, 7, 109).
cost(19, 8, 102).
cost(19, 9, 93).
cost(19, 10, 103).
cost(19, 11, 110).
cost(19, 12, 89).
cost(19, 13, 87).
cost(19, 14, 16).
cost(19, 15, 16).
cost(19, 16, 5).
cost(19, 17, 10).
cost(19, 18, 5).
cost(19, 20, 2).
cost(19, 21, 13).
cost(19, 22, 22).
cost(19, 23, 22).
cost(19, 24, 22).
cost(19, 25, 13).
cost(20, 1, 91).
cost(20, 2, 97).
cost(20, 3, 89).
cost(20, 4, 78).
cost(20, 5, 85).
cost(20, 6, 91).
cost(20, 7, 107).
cost(20, 8, 100).
cost(20, 9, 92).
cost(20, 10, 102).
cost(20, 11, 108).
cost(20, 12, 88).
cost(20, 13, 85).
cost(20, 14, 15).
cost(20, 15, 16).
cost(20, 16, 6).
cost(20, 17, 12).
cost(20, 18, 7).
cost(20, 19, 2).
cost(20, 21, 14).
cost(20, 22, 23).
cost(20, 23, 23).
cost(20, 24, 23).
cost(20, 25, 14).
cost(21, 1, 105).
cost(21, 2, 110).
cost(21, 3, 103).
cost(21, 4, 90).
cost(21, 5, 97).
cost(21, 6, 104).
cost(21, 7, 120).
cost(21, 8, 114).
cost(21, 9, 104).
cost(21, 10, 115).
cost(21, 11, 121).
cost(21, 12, 101).
cost(21, 13, 98).
cost(21, 14, 21).
cost(21, 15, 9).
cost(21, 16, 8).
cost(21, 17, 7).
cost(21, 18, 8).
cost(21, 19, 13).
cost(21, 20, 14).
cost(21, 22, 12).
cost(21, 23, 9).
cost(21, 24, 11).
cost(21, 25, 18).
cost(22, 1, 110).
cost(22, 2, 115).
cost(22, 3, 109).
cost(22, 4, 94).
cost(22, 5, 101).
cost(22, 6, 107).
cost(22, 7, 123).
cost(22, 8, 118).
cost(22, 9, 107).
cost(22, 10, 119).
cost(22, 11, 124).
cost(22, 12, 107).
cost(22, 13, 102).
cost(22, 14, 22).
cost(22, 15, 7).
cost(22, 16, 17).
cost(22, 17, 19).
cost(22, 18, 20).
cost(22, 19, 22).
cost(22, 20, 23).
cost(22, 21, 12).
cost(22, 23, 8).
cost(22, 24, 4).
cost(22, 25, 30).
cost(23, 1, 113).
cost(23, 2, 119).
cost(23, 3, 112).
cost(23, 4, 98).
cost(23, 5, 105).
cost(23, 6, 111).
cost(23, 7, 128).
cost(23, 8, 122).
cost(23, 9, 112).
cost(23, 10, 123).
cost(23, 11, 129).
cost(23, 12, 110).
cost(23, 13, 106).
cost(23, 14, 27).
cost(23, 15, 11).
cost(23, 16, 17).
cost(23, 17, 15).
cost(23, 18, 18).
cost(23, 19, 22).
cost(23, 20, 23).
cost(23, 21, 9).
cost(23, 22, 8).
cost(23, 24, 4).
cost(23, 25, 26).
cost(24, 1, 112).
cost(24, 2, 118).
cost(24, 3, 111).
cost(24, 4, 96).
cost(24, 5, 103).
cost(24, 6, 110).
cost(24, 7, 126).
cost(24, 8, 120).
cost(24, 9, 110).
cost(24, 10, 122).
cost(24, 11, 127).
cost(24, 12, 109).
cost(24, 13, 105).
cost(24, 14, 25).
cost(24, 15, 9).
cost(24, 16, 17).
cost(24, 17, 17).
cost(24, 18, 19).
cost(24, 19, 22).
cost(24, 20, 23).
cost(24, 21, 11).
cost(24, 22, 4).
cost(24, 23, 4).
cost(24, 25, 28).
cost(25, 1, 98).
cost(25, 2, 104).
cost(25, 3, 95).
cost(25, 4, 87).
cost(25, 5, 93).
cost(25, 6, 100).
cost(25, 7, 116).
cost(25, 8, 108).
cost(25, 9, 100).
cost(25, 10, 110).
cost(25, 11, 117).
cost(25, 12, 94).
cost(25, 13, 93).
cost(25, 14, 29).
cost(25, 15, 25).
cost(25, 16, 17).
cost(25, 17, 11).
cost(25, 18, 11).
cost(25, 19, 13).
cost(25, 20, 14).
cost(25, 21, 18).
cost(25, 22, 30).
cost(25, 23, 26).
cost(25, 24, 28).
nocross(1,2).
nocross(1,3).
nocross(1,4).
nocross(1,5).
nocross(1,6).
nocross(1,8).
nocross(1,9).
nocross(1,12).
nocross(1,13).
nocross(1,14).
nocross(1,19).
nocross(1,20).
nocross(2,1).
nocross(2,5).
nocross(2,6).
nocross(2,8).
nocross(2,9).
nocross(2,10).
nocross(2,12).
nocross(2,13).
nocross(2,14).
nocross(2,19).
nocross(2,20).
nocross(3,1).
nocross(3,2).
nocross(3,12).
nocross(3,13).
nocross(3,14).
nocross(3,16).
nocross(3,20).
nocross(4,1).
nocross(4,5).
nocross(4,6).
nocross(4,9).
nocross(4,13).
nocross(4,15).
nocross(4,25).
nocross(5,1).
nocross(5,2).
nocross(5,4).
nocross(5,6).
nocross(5,8).
nocross(5,9).
nocross(5,10).
nocross(5,12).
nocross(5,13).
nocross(5,14).
nocross(5,15).
nocross(5,19).
nocross(5,20).
nocross(5,25).
nocross(6,1).
nocross(6,2).
nocross(6,4).
nocross(6,5).
nocross(6,7).
nocross(6,8).
nocross(6,9).
nocross(6,10).
nocross(6,12).
nocross(6,13).
nocross(6,14).
nocross(7,1).
nocross(7,10).
nocross(7,11).
nocross(8,1).
nocross(8,2).
nocross(8,5).
nocross(8,7).
nocross(8,10).
nocross(8,11).
nocross(8,12).
nocross(8,13).
nocross(9,1).
nocross(9,2).
nocross(9,4).
nocross(9,5).
nocross(9,6).
nocross(9,10).
nocross(9,12).
nocross(9,13).
nocross(9,14).
nocross(10,1).
nocross(10,2).
nocross(10,5).
nocross(10,7).
nocross(10,8).
nocross(10,11).
nocross(10,12).
nocross(11,1).
nocross(11,7).
nocross(12,1).
nocross(12,2).
nocross(12,3).
nocross(12,4).
nocross(12,5).
nocross(12,6).
nocross(12,8).
nocross(12,13).
nocross(12,14).
nocross(12,15).
nocross(12,16).
nocross(12,19).
nocross(12,20).
nocross(12,25).
nocross(13,1).
nocross(13,2).
nocross(13,3).
nocross(13,4).
nocross(13,5).
nocross(13,8).
nocross(13,9).
nocross(13,10).
nocross(13,12).
nocross(13,14).
nocross(13,19).
nocross(13,20).
nocross(13,25).
nocross(14,4).
nocross(14,12).
nocross(14,15).
nocross(14,16).
nocross(14,17).
nocross(14,18).
nocross(14,19).
nocross(14,20).
nocross(14,21).
nocross(14,22).
nocross(14,23).
nocross(14,24).
nocross(15,4).
nocross(15,14).
nocross(15,16).
nocross(15,17).
nocross(15,18).
nocross(15,19).
nocross(15,20).
nocross(15,21).
nocross(15,22).
nocross(15,23).
nocross(15,24).
nocross(16,3).
nocross(16,4).
nocross(16,14).
nocross(16,15).
nocross(16,17).
nocross(16,18).
nocross(16,19).
nocross(16,20).
nocross(16,21).
nocross(16,22).
nocross(16,23).
nocross(16,24).
nocross(16,25).
nocross(17,4).
nocross(17,15).
nocross(17,16).
nocross(17,18).
nocross(17,19).
nocross(17,20).
nocross(17,21).
nocross(17,22).
nocross(17,23).
nocross(17,24).
nocross(17,25).
nocross(18,1).
nocross(18,4).
nocross(18,12).
nocross(18,13).
nocross(18,14).
nocross(18,15).
nocross(18,16).
nocross(18,17).
nocross(18,19).
nocross(18,20).
nocross(18,21).
nocross(18,22).
nocross(18,23).
nocross(18,24).
nocross(18,25).
nocross(19,1).
nocross(19,4).
nocross(19,5).
nocross(19,12).
nocross(19,15).
nocross(19,16).
nocross(19,17).
nocross(19,18).
nocross(19,20).
nocross(19,21).
nocross(19,22).
nocross(19,23).
nocross(19,24).
nocross(19,25).
nocross(20,1).
nocross(20,4).
nocross(20,5).
nocross(20,12).
nocross(20,13).
nocross(20,14).
nocross(20,15).
nocross(20,16).
nocross(20,17).
nocross(20,18).
nocross(20,19).
nocross(20,21).
nocross(20,22).
nocross(20,23).
nocross(20,24).
nocross(20,25).
nocross(21,4).
nocross(21,14).
nocross(21,15).
nocross(21,16).
nocross(21,17).
nocross(21,18).
nocross(21,19).
nocross(21,20).
nocross(21,22).
nocross(21,23).
nocross(21,24).
nocross(21,25).
nocross(22,4).
nocross(22,14).
nocross(22,15).
nocross(22,16).
nocross(22,17).
nocross(22,18).
nocross(22,19).
nocross(22,20).
nocross(22,21).
nocross(22,23).
nocross(22,24).
nocross(23,4).
nocross(23,14).
nocross(23,15).
nocross(23,16).
nocross(23,17).
nocross(23,18).
nocross(23,19).
nocross(23,20).
nocross(23,21).
nocross(23,22).
nocross(23,24).
nocross(23,25).
nocross(24,4).
nocross(24,14).
nocross(24,15).
nocross(24,16).
nocross(24,17).
nocross(24,19).
nocross(24,20).
nocross(24,21).
nocross(24,22).
nocross(24,23).
nocross(24,25).
nocross(25,4).
nocross(25,15).
nocross(25,16).
nocross(25,17).
nocross(25,18).
nocross(25,19).
nocross(25,20).
nocross(25,21).
nocross(25,22).
nocross(25,23).
