dimension(30).
point(1, 52.51036706, 61.1252147015).
point(2, 5.3873528822, 44.8417900551).
point(3, 29.1484771376, 87.6457421994).
point(4, 26.6565258827, 71.8005210923).
point(5, 83.4862019297, 34.7948615746).
point(6, 22.261198269, 92.4836353073).
point(7, 76.8796535448, 33.4775332768).
point(8, 89.4851989089, 45.6773805569).
point(9, 95.4319436214, 28.9144497352).
point(10, 45.3265857998, 4.3203192804).
point(11, 60.57229192, 79.9054342708).
point(12, 29.6338082934, 41.625128336).
point(13, 12.2850606251, 66.2858945186).
point(14, 95.8975127749, 10.0666211745).
point(15, 41.4758432069, 88.3332995691).
point(16, 63.2793013828, 9.5258666922).
point(17, 94.2943501771, 56.6897027137).
point(18, 51.0215934169, 77.983297478).
point(19, 94.0956056098, 45.0224476697).
point(20, 80.1387818303, 40.1664334744).
point(21, 75.1943311758, 26.8232640623).
point(22, 98.9256195658, 42.6625414299).
point(23, 43.8256424826, 80.8414225066).
point(24, 44.13677512, 76.1024639477).
point(25, 58.4308776684, 76.3210202687).
point(26, 86.0207721377, 28.9976963124).
point(27, 63.167620217, 15.6394629875).
point(28, 83.9607127953, 14.9301236259).
point(29, 45.474675551, 81.8709665981).
point(30, 50.9766235177, 72.5305284916).
cost(1, 2, 50).
cost(1, 3, 35).
cost(1, 4, 28).
cost(1, 5, 41).
cost(1, 6, 44).
cost(1, 7, 37).
cost(1, 8, 40).
cost(1, 9, 54).
cost(1, 10, 57).
cost(1, 11, 20).
cost(1, 12, 30).
cost(1, 13, 41).
cost(1, 14, 67).
cost(1, 15, 29).
cost(1, 16, 53).
cost(1, 17, 42).
cost(1, 18, 17).
cost(1, 19, 45).
cost(1, 20, 35).
cost(1, 21, 41).
cost(1, 22, 50).
cost(1, 23, 22).
cost(1, 24, 17).
cost(1, 25, 16).
cost(1, 26, 46).
cost(1, 27, 47).
cost(1, 28, 56).
cost(1, 29, 22).
cost(1, 30, 12).
cost(2, 1, 50).
cost(2, 3, 49).
cost(2, 4, 34).
cost(2, 5, 79).
cost(2, 6, 51).
cost(2, 7, 72).
cost(2, 8, 84).
cost(2, 9, 91).
cost(2, 10, 57).
cost(2, 11, 65).
cost(2, 12, 24).
cost(2, 13, 23).
cost(2, 14, 97).
cost(2, 15, 57).
cost(2, 16, 68).
cost(2, 17, 90).
cost(2, 18, 56).
cost(2, 19, 89).
cost(2, 20, 75).
cost(2, 21, 72).
cost(2, 22, 94).
cost(2, 23, 53).
cost(2, 24, 50).
cost(2, 25, 62).
cost(2, 26, 82).
cost(2, 27, 65).
cost(2, 28, 84).
cost(2, 29, 55).
cost(2, 30, 53).
cost(3, 1, 35).
cost(3, 2, 49).
cost(3, 4, 16).
cost(3, 5, 76).
cost(3, 6, 8).
cost(3, 7, 72).
cost(3, 8, 73).
cost(3, 9, 89).
cost(3, 10, 85).
cost(3, 11, 32).
cost(3, 12, 46).
cost(3, 13, 27).
cost(3, 14, 102).
cost(3, 15, 12).
cost(3, 16, 85).
cost(3, 17, 72).
cost(3, 18, 24).
cost(3, 19, 78).
cost(3, 20, 70).
cost(3, 21, 76).
cost(3, 22, 83).
cost(3, 23, 16).
cost(3, 24, 19).
cost(3, 25, 31).
cost(3, 26, 82).
cost(3, 27, 80).
cost(3, 28, 91).
cost(3, 29, 17).
cost(3, 30, 27).
cost(4, 1, 28).
cost(4, 2, 34).
cost(4, 3, 16).
cost(4, 5, 68).
cost(4, 6, 21).
cost(4, 7, 63).
cost(4, 8, 68).
cost(4, 9, 81).
cost(4, 10, 70).
cost(4, 11, 35).
cost(4, 12, 30).
cost(4, 13, 15).
cost(4, 14, 93).
cost(4, 15, 22).
cost(4, 16, 72).
cost(4, 17, 69).
cost(4, 18, 25).
cost(4, 19, 73).
cost(4, 20, 62).
cost(4, 21, 66).
cost(4, 22, 78).
cost(4, 23, 19).
cost(4, 24, 18).
cost(4, 25, 32).
cost(4, 26, 73).
cost(4, 27, 67).
cost(4, 28, 81).
cost(4, 29, 21).
cost(4, 30, 24).
cost(5, 1, 41).
cost(5, 2, 79).
cost(5, 3, 76).
cost(5, 4, 68).
cost(5, 6, 84).
cost(5, 7, 7).
cost(5, 8, 12).
cost(5, 9, 13).
cost(5, 10, 49).
cost(5, 11, 51).
cost(5, 12, 54).
cost(5, 13, 78).
cost(5, 14, 28).
cost(5, 15, 68).
cost(5, 16, 32).
cost(5, 17, 24).
cost(5, 18, 54).
cost(5, 19, 15).
cost(5, 20, 6).
cost(5, 21, 12).
cost(5, 22, 17).
cost(5, 23, 61).
cost(5, 24, 57).
cost(5, 25, 48).
cost(5, 26, 6).
cost(5, 27, 28).
cost(5, 28, 20).
cost(5, 29, 61).
cost(5, 30, 50).
cost(6, 1, 44).
cost(6, 2, 51).
cost(6, 3, 8).
cost(6, 4, 21).
cost(6, 5, 84).
cost(6, 7, 80).
cost(6, 8, 82).
cost(6, 9, 97).
cost(6, 10, 91).
cost(6, 11, 40).
cost(6, 12, 51).
cost(6, 13, 28).
cost(6, 14, 111).
cost(6, 15, 20).
cost(6, 16, 93).
cost(6, 17, 80).
cost(6, 18, 32).
cost(6, 19, 86).
cost(6, 20, 78).
cost(6, 21, 84).
cost(6, 22, 91).
cost(6, 23, 25).
cost(6, 24, 27).
cost(6, 25, 40).
cost(6, 26, 90).
cost(6, 27, 87).
cost(6, 28, 99).
cost(6, 29, 26).
cost(6, 30, 35).
cost(7, 1, 37).
cost(7, 2, 72).
cost(7, 3, 72).
cost(7, 4, 63).
cost(7, 5, 7).
cost(7, 6, 80).
cost(7, 8, 18).
cost(7, 9, 19).
cost(7, 10, 43).
cost(7, 11, 49).
cost(7, 12, 48).
cost(7, 13, 72).
cost(7, 14, 30).
cost(7, 15, 65).
cost(7, 16, 28).
cost(7, 17, 29).
cost(7, 18, 51).
cost(7, 19, 21).
cost(7, 20, 7).
cost(7, 21, 7).
cost(7, 22, 24).
cost(7, 23, 58).
cost(7, 24, 54).
cost(7, 25, 47).
cost(7, 26, 10).
cost(7, 27, 22).
cost(7, 28, 20).
cost(7, 29, 58).
cost(7, 30, 47).
cost(8, 1, 40).
cost(8, 2, 84).
cost(8, 3, 73).
cost(8, 4, 68).
cost(8, 5, 12).
cost(8, 6, 82).
cost(8, 7, 18).
cost(8, 9, 18).
cost(8, 10, 61).
cost(8, 11, 45).
cost(8, 12, 60).
cost(8, 13, 80).
cost(8, 14, 36).
cost(8, 15, 64).
cost(8, 16, 45).
cost(8, 17, 12).
cost(8, 18, 50).
cost(8, 19, 5).
cost(8, 20, 11).
cost(8, 21, 24).
cost(8, 22, 10).
cost(8, 23, 58).
cost(8, 24, 55).
cost(8, 25, 44).
cost(8, 26, 17).
cost(8, 27, 40).
cost(8, 28, 31).
cost(8, 29, 57).
cost(8, 30, 47).
cost(9, 1, 54).
cost(9, 2, 91).
cost(9, 3, 89).
cost(9, 4, 81).
cost(9, 5, 13).
cost(9, 6, 97).
cost(9, 7, 19).
cost(9, 8, 18).
cost(9, 10, 56).
cost(9, 11, 62).
cost(9, 12, 67).
cost(9, 13, 91).
cost(9, 14, 19).
cost(9, 15, 80).
cost(9, 16, 38).
cost(9, 17, 28).
cost(9, 18, 66).
cost(9, 19, 16).
cost(9, 20, 19).
cost(9, 21, 20).
cost(9, 22, 14).
cost(9, 23, 73).
cost(9, 24, 70).
cost(9, 25, 60).
cost(9, 26, 9).
cost(9, 27, 35).
cost(9, 28, 18).
cost(9, 29, 73).
cost(9, 30, 62).
cost(10, 1, 57).
cost(10, 2, 57).
cost(10, 3, 85).
cost(10, 4, 70).
cost(10, 5, 49).
cost(10, 6, 91).
cost(10, 7, 43).
cost(10, 8, 61).
cost(10, 9, 56).
cost(10, 11, 77).
cost(10, 12, 40).
cost(10, 13, 70).
cost(10, 14, 51).
cost(10, 15, 84).
cost(10, 16, 19).
cost(10, 17, 72).
cost(10, 18, 74).
cost(10, 19, 64).
cost(10, 20, 50).
cost(10, 21, 37).
cost(10, 22, 66).
cost(10, 23, 77).
cost(10, 24, 72).
cost(10, 25, 73).
cost(10, 26, 48).
cost(10, 27, 21).
cost(10, 28, 40).
cost(10, 29, 78).
cost(10, 30, 68).
cost(11, 1, 20).
cost(11, 2, 65).
cost(11, 3, 32).
cost(11, 4, 35).
cost(11, 5, 51).
cost(11, 6, 40).
cost(11, 7, 49).
cost(11, 8, 45).
cost(11, 9, 62).
cost(11, 10, 77).
cost(11, 12, 49).
cost(11, 13, 50).
cost(11, 14, 78).
cost(11, 15, 21).
cost(11, 16, 70).
cost(11, 17, 41).
cost(11, 18, 10).
cost(11, 19, 48).
cost(11, 20, 44).
cost(11, 21, 55).
cost(11, 22, 53).
cost(11, 23, 17).
cost(11, 24, 17).
cost(11, 25, 4).
cost(11, 26, 57).
cost(11, 27, 64).
cost(11, 28, 69).
cost(11, 29, 15).
cost(11, 30, 12).
cost(12, 1, 30).
cost(12, 2, 24).
cost(12, 3, 46).
cost(12, 4, 30).
cost(12, 5, 54).
cost(12, 6, 51).
cost(12, 7, 48).
cost(12, 8, 60).
cost(12, 9, 67).
cost(12, 10, 40).
cost(12, 11, 49).
cost(12, 13, 30).
cost(12, 14, 73).
cost(12, 15, 48).
cost(12, 16, 47).
cost(12, 17, 66).
cost(12, 18, 42).
cost(12, 19, 65).
cost(12, 20, 51).
cost(12, 21, 48).
cost(12, 22, 69).
cost(12, 23, 42).
cost(12, 24, 37).
cost(12, 25, 45).
cost(12, 26, 58).
cost(12, 27, 42).
cost(12, 28, 61).
cost(12, 29, 43).
cost(12, 30, 38).
cost(13, 1, 41).
cost(13, 2, 23).
cost(13, 3, 27).
cost(13, 4, 15).
cost(13, 5, 78).
cost(13, 6, 28).
cost(13, 7, 72).
cost(13, 8, 80).
cost(13, 9, 91).
cost(13, 10, 70).
cost(13, 11, 50).
cost(13, 12, 30).
cost(13, 14, 101).
cost(13, 15, 37).
cost(13, 16, 76).
cost(13, 17, 83).
cost(13, 18, 40).
cost(13, 19, 85).
cost(13, 20, 73).
cost(13, 21, 74).
cost(13, 22, 90).
cost(13, 23, 35).
cost(13, 24, 33).
cost(13, 25, 47).
cost(13, 26, 83).
cost(13, 27, 72).
cost(13, 28, 88).
cost(13, 29, 37).
cost(13, 30, 39).
cost(14, 1, 67).
cost(14, 2, 97).
cost(14, 3, 102).
cost(14, 4, 93).
cost(14, 5, 28).
cost(14, 6, 111).
cost(14, 7, 30).
cost(14, 8, 36).
cost(14, 9, 19).
cost(14, 10, 51).
cost(14, 11, 78).
cost(14, 12, 73).
cost(14, 13, 101).
cost(14, 15, 95).
cost(14, 16, 33).
cost(14, 17, 47).
cost(14, 18, 81).
cost(14, 19, 35).
cost(14, 20, 34).
cost(14, 21, 27).
cost(14, 22, 33).
cost(14, 23, 88).
cost(14, 24, 84).
cost(14, 25, 76).
cost(14, 26, 21).
cost(14, 27, 33).
cost(14, 28, 13).
cost(14, 29, 88).
cost(14, 30, 77).
cost(15, 1, 29).
cost(15, 2, 57).
cost(15, 3, 12).
cost(15, 4, 22).
cost(15, 5, 68).
cost(15, 6, 20).
cost(15, 7, 65).
cost(15, 8, 64).
cost(15, 9, 80).
cost(15, 10, 84).
cost(15, 11, 21).
cost(15, 12, 48).
cost(15, 13, 37).
cost(15, 14, 95).
cost(15, 16, 82).
cost(15, 17, 62).
cost(15, 18, 14).
cost(15, 19, 68).
cost(15, 20, 62).
cost(15, 21, 70).
cost(15, 22, 73).
cost(15, 23, 8).
cost(15, 24, 13).
cost(15, 25, 21).
cost(15, 26, 74).
cost(15, 27, 76).
cost(15, 28, 85).
cost(15, 29, 8).
cost(15, 30, 18).
cost(16, 1, 53).
cost(16, 2, 68).
cost(16, 3, 85).
cost(16, 4, 72).
cost(16, 5, 32).
cost(16, 6, 93).
cost(16, 7, 28).
cost(16, 8, 45).
cost(16, 9, 38).
cost(16, 10, 19).
cost(16, 11, 70).
cost(16, 12, 47).
cost(16, 13, 76).
cost(16, 14, 33).
cost(16, 15, 82).
cost(16, 17, 56).
cost(16, 18, 70).
cost(16, 19, 47).
cost(16, 20, 35).
cost(16, 21, 21).
cost(16, 22, 49).
cost(16, 23, 74).
cost(16, 24, 69).
cost(16, 25, 67).
cost(16, 26, 30).
cost(16, 27, 6).
cost(16, 28, 21).
cost(16, 29, 75).
cost(16, 30, 64).
cost(17, 1, 42).
cost(17, 2, 90).
cost(17, 3, 72).
cost(17, 4, 69).
cost(17, 5, 24).
cost(17, 6, 80).
cost(17, 7, 29).
cost(17, 8, 12).
cost(17, 9, 28).
cost(17, 10, 72).
cost(17, 11, 41).
cost(17, 12, 66).
cost(17, 13, 83).
cost(17, 14, 47).
cost(17, 15, 62).
cost(17, 16, 56).
cost(17, 18, 48).
cost(17, 19, 12).
cost(17, 20, 22).
cost(17, 21, 35).
cost(17, 22, 15).
cost(17, 23, 56).
cost(17, 24, 54).
cost(17, 25, 41).
cost(17, 26, 29).
cost(17, 27, 52).
cost(17, 28, 43).
cost(17, 29, 55).
cost(17, 30, 46).
cost(18, 1, 17).
cost(18, 2, 56).
cost(18, 3, 24).
cost(18, 4, 25).
cost(18, 5, 54).
cost(18, 6, 32).
cost(18, 7, 51).
cost(18, 8, 50).
cost(18, 9, 66).
cost(18, 10, 74).
cost(18, 11, 10).
cost(18, 12, 42).
cost(18, 13, 40).
cost(18, 14, 81).
cost(18, 15, 14).
cost(18, 16, 70).
cost(18, 17, 48).
cost(18, 19, 54).
cost(18, 20, 48).
cost(18, 21, 57).
cost(18, 22, 60).
cost(18, 23, 8).
cost(18, 24, 7).
cost(18, 25, 8).
cost(18, 26, 60).
cost(18, 27, 64).
cost(18, 28, 71).
cost(18, 29, 7).
cost(18, 30, 5).
cost(19, 1, 45).
cost(19, 2, 89).
cost(19, 3, 78).
cost(19, 4, 73).
cost(19, 5, 15).
cost(19, 6, 86).
cost(19, 7, 21).
cost(19, 8, 5).
cost(19, 9, 16).
cost(19, 10, 64).
cost(19, 11, 48).
cost(19, 12, 65).
cost(19, 13, 85).
cost(19, 14, 35).
cost(19, 15, 68).
cost(19, 16, 47).
cost(19, 17, 12).
cost(19, 18, 54).
cost(19, 20, 15).
cost(19, 21, 26).
cost(19, 22, 5).
cost(19, 23, 62).
cost(19, 24, 59).
cost(19, 25, 47).
cost(19, 26, 18).
cost(19, 27, 43).
cost(19, 28, 32).
cost(19, 29, 61).
cost(19, 30, 51).
cost(20, 1, 35).
cost(20, 2, 75).
cost(20, 3, 70).
cost(20, 4, 62).
cost(20, 5, 6).
cost(20, 6, 78).
cost(20, 7, 7).
cost(20, 8, 11).
cost(20, 9, 19).
cost(20, 10, 50).
cost(20, 11, 44).
cost(20, 12, 51).
cost(20, 13, 73).
cost(20, 14, 34).
cost(20, 15, 62).
cost(20, 16, 35).
cost(20, 17, 22).
cost(20, 18, 48).
cost(20, 19, 15).
cost(20, 21, 14).
cost(20, 22, 19).
cost(20, 23, 55).
cost(20, 24, 51).
cost(20, 25, 42).
cost(20, 26, 13).
cost(20, 27, 30).
cost(20, 28, 26).
cost(20, 29, 54).
cost(20, 30, 44).
cost(21, 1, 41).
cost(21, 2, 72).
cost(21, 3, 76).
cost(21, 4, 66).
cost(21, 5, 12).
cost(21, 6, 84).
cost(21, 7, 7).
cost(21, 8, 24).
cost(21, 9, 20).
cost(21, 10, 37).
cost(21, 11, 55).
cost(21, 12, 48).
cost(21, 13, 74).
cost(21, 14, 27).
cost(21, 15, 70).
cost(21, 16, 21).
cost(21, 17, 35).
cost(21, 18, 57).
cost(21, 19, 26).
cost(21, 20, 14).
cost(21, 22, 29).
cost(21, 23, 62).
cost(21, 24, 58).
cost(21, 25, 52).
cost(21, 26, 11).
cost(21, 27, 16).
cost(21, 28, 15).
cost(21, 29, 63).
cost(21, 30, 52).
cost(22, 1, 50).
cost(22, 2, 94).
cost(22, 3, 83).
cost(22, 4, 78).
cost(22, 5, 17).
cost(22, 6, 91).
cost(22, 7, 24).
cost(22, 8, 10).
cost(22, 9, 14).
cost(22, 10, 66).
cost(22, 11, 53).
cost(22, 12, 69).
cost(22, 13, 90).
cost(22, 14, 33).
cost(22, 15, 73).
cost(22, 16, 49).
cost(22, 17, 15).
cost(22, 18, 60).
cost(22, 19, 5).
cost(22, 20, 19).
cost(22, 21, 29).
cost(22, 23, 67).
cost(22, 24, 64).
cost(22, 25, 53).
cost(22, 26, 19).
cost(22, 27, 45).
cost(22, 28, 32).
cost(22, 29, 66).
cost(22, 30, 56).
cost(23, 1, 22).
cost(23, 2, 53).
cost(23, 3, 16).
cost(23, 4, 19).
cost(23, 5, 61).
cost(23, 6, 25).
cost(23, 7, 58).
cost(23, 8, 58).
cost(23, 9, 73).
cost(23, 10, 77).
cost(23, 11, 17).
cost(23, 12, 42).
cost(23, 13, 35).
cost(23, 14, 88).
cost(23, 15, 8).
cost(23, 16, 74).
cost(23, 17, 56).
cost(23, 18, 8).
cost(23, 19, 62).
cost(23, 20, 55).
cost(23, 21, 62).
cost(23, 22, 67).
cost(23, 24, 5).
cost(23, 25, 15).
cost(23, 26, 67).
cost(23, 27, 68).
cost(23, 28, 77).
cost(23, 29, 2).
cost(23, 30, 11).
cost(24, 1, 17).
cost(24, 2, 50).
cost(24, 3, 19).
cost(24, 4, 18).
cost(24, 5, 57).
cost(24, 6, 27).
cost(24, 7, 54).
cost(24, 8, 55).
cost(24, 9, 70).
cost(24, 10, 72).
cost(24, 11, 17).
cost(24, 12, 37).
cost(24, 13, 33).
cost(24, 14, 84).
cost(24, 15, 13).
cost(24, 16, 69).
cost(24, 17, 54).
cost(24, 18, 7).
cost(24, 19, 59).
cost(24, 20, 51).
cost(24, 21, 58).
cost(24, 22, 64).
cost(24, 23, 5).
cost(24, 25, 14).
cost(24, 26, 63).
cost(24, 27, 63).
cost(24, 28, 73).
cost(24, 29, 6).
cost(24, 30, 8).
cost(25, 1, 16).
cost(25, 2, 62).
cost(25, 3, 31).
cost(25, 4, 32).
cost(25, 5, 48).
cost(25, 6, 40).
cost(25, 7, 47).
cost(25, 8, 44).
cost(25, 9, 60).
cost(25, 10, 73).
cost(25, 11, 4).
cost(25, 12, 45).
cost(25, 13, 47).
cost(25, 14, 76).
cost(25, 15, 21).
cost(25, 16, 67).
cost(25, 17, 41).
cost(25, 18, 8).
cost(25, 19, 47).
cost(25, 20, 42).
cost(25, 21, 52).
cost(25, 22, 53).
cost(25, 23, 15).
cost(25, 24, 14).
cost(25, 26, 55).
cost(25, 27, 61).
cost(25, 28, 66).
cost(25, 29, 14).
cost(25, 30, 8).
cost(26, 1, 46).
cost(26, 2, 82).
cost(26, 3, 82).
cost(26, 4, 73).
cost(26, 5, 6).
cost(26, 6, 90).
cost(26, 7, 10).
cost(26, 8, 17).
cost(26, 9, 9).
cost(26, 10, 48).
cost(26, 11, 57).
cost(26, 12, 58).
cost(26, 13, 83).
cost(26, 14, 21).
cost(26, 15, 74).
cost(26, 16, 30).
cost(26, 17, 29).
cost(26, 18, 60).
cost(26, 19, 18).
cost(26, 20, 13).
cost(26, 21, 11).
cost(26, 22, 19).
cost(26, 23, 67).
cost(26, 24, 63).
cost(26, 25, 55).
cost(26, 27, 26).
cost(26, 28, 14).
cost(26, 29, 67).
cost(26, 30, 56).
cost(27, 1, 47).
cost(27, 2, 65).
cost(27, 3, 80).
cost(27, 4, 67).
cost(27, 5, 28).
cost(27, 6, 87).
cost(27, 7, 22).
cost(27, 8, 40).
cost(27, 9, 35).
cost(27, 10, 21).
cost(27, 11, 64).
cost(27, 12, 42).
cost(27, 13, 72).
cost(27, 14, 33).
cost(27, 15, 76).
cost(27, 16, 6).
cost(27, 17, 52).
cost(27, 18, 64).
cost(27, 19, 43).
cost(27, 20, 30).
cost(27, 21, 16).
cost(27, 22, 45).
cost(27, 23, 68).
cost(27, 24, 63).
cost(27, 25, 61).
cost(27, 26, 26).
cost(27, 28, 21).
cost(27, 29, 69).
cost(27, 30, 58).
cost(28, 1, 56).
cost(28, 2, 84).
cost(28, 3, 91).
cost(28, 4, 81).
cost(28, 5, 20).
cost(28, 6, 99).
cost(28, 7, 20).
cost(28, 8, 31).
cost(28, 9, 18).
cost(28, 10, 40).
cost(28, 11, 69).
cost(28, 12, 61).
cost(28, 13, 88).
cost(28, 14, 13).
cost(28, 15, 85).
cost(28, 16, 21).
cost(28, 17, 43).
cost(28, 18, 71).
cost(28, 19, 32).
cost(28, 20, 26).
cost(28, 21, 15).
cost(28, 22, 32).
cost(28, 23, 77).
cost(28, 24, 73).
cost(28, 25, 66).
cost(28, 26, 14).
cost(28, 27, 21).
cost(28, 29, 77).
cost(28, 30, 66).
cost(29, 1, 22).
cost(29, 2, 55).
cost(29, 3, 17).
cost(29, 4, 21).
cost(29, 5, 61).
cost(29, 6, 26).
cost(29, 7, 58).
cost(29, 8, 57).
cost(29, 9, 73).
cost(29, 10, 78).
cost(29, 11, 15).
cost(29, 12, 43).
cost(29, 13, 37).
cost(29, 14, 88).
cost(29, 15, 8).
cost(29, 16, 75).
cost(29, 17, 55).
cost(29, 18, 7).
cost(29, 19, 61).
cost(29, 20, 54).
cost(29, 21, 63).
cost(29, 22, 66).
cost(29, 23, 2).
cost(29, 24, 6).
cost(29, 25, 14).
cost(29, 26, 67).
cost(29, 27, 69).
cost(29, 28, 77).
cost(29, 30, 11).
cost(30, 1, 12).
cost(30, 2, 53).
cost(30, 3, 27).
cost(30, 4, 24).
cost(30, 5, 50).
cost(30, 6, 35).
cost(30, 7, 47).
cost(30, 8, 47).
cost(30, 9, 62).
cost(30, 10, 68).
cost(30, 11, 12).
cost(30, 12, 38).
cost(30, 13, 39).
cost(30, 14, 77).
cost(30, 15, 18).
cost(30, 16, 64).
cost(30, 17, 46).
cost(30, 18, 5).
cost(30, 19, 51).
cost(30, 20, 44).
cost(30, 21, 52).
cost(30, 22, 56).
cost(30, 23, 11).
cost(30, 24, 8).
cost(30, 25, 8).
cost(30, 26, 56).
cost(30, 27, 58).
cost(30, 28, 66).
cost(30, 29, 11).
