dimension(30).
point(1, 58.4294664305, 34.69873902).
point(2, 20.2961317866, 65.4895453799).
point(3, 78.2292877106, 74.1248576318).
point(4, 77.6057468765, 31.0009580121).
point(5, 27.0961606104, 54.8607830102).
point(6, 79.3750542582, 39.3207787614).
point(7, 21.1894519275, 89.3428342233).
point(8, 93.2010606884, 74.2106749941).
point(9, 80.8648445622, 42.7490699688).
point(10, 66.9847115115, 68.1412963772).
point(11, 30.5896611993, 85.6329625813).
point(12, 8.5225867406, 43.2647355577).
point(13, 34.4125107529, 59.8601124008).
point(14, 38.1535846214, 82.6370783799).
point(15, 10.7071280753, 51.2543560627).
point(16, 94.7293585677, 37.9669519876).
point(17, 2.7767024387, 61.9634054331).
point(18, 23.3204079366, 46.1765945329).
point(19, 14.8722642063, 93.0661201286).
point(20, 69.1229803994, 26.7057601729).
point(21, 15.8663714306, 38.8697226137).
point(22, 55.3886621276, 19.0837656102).
point(23, 69.9752693957, 24.5669559078).
point(24, 19.249945104, 55.0394521436).
point(25, 40.9012122682, 90.0026923772).
point(26, 98.0649970782, 34.6982004794).
point(27, 10.1242496064, 76.1087294336).
point(28, 68.5336065146, 42.5653621871).
point(29, 66.530826948, 17.0537161225).
point(30, 87.0043575373, 72.122197739).
cost(1, 2, 49).
cost(1, 3, 44).
cost(1, 4, 20).
cost(1, 5, 37).
cost(1, 6, 21).
cost(1, 7, 66).
cost(1, 8, 53).
cost(1, 9, 24).
cost(1, 10, 35).
cost(1, 11, 58).
cost(1, 12, 51).
cost(1, 13, 35).
cost(1, 14, 52).
cost(1, 15, 51).
cost(1, 16, 36).
cost(1, 17, 62).
cost(1, 18, 37).
cost(1, 19, 73).
cost(1, 20, 13).
cost(1, 21, 43).
cost(1, 22, 16).
cost(1, 23, 15).
cost(1, 24, 44).
cost(1, 25, 58).
cost(1, 26, 40).
cost(1, 27, 64).
cost(1, 28, 13).
cost(1, 29, 19).
cost(1, 30, 47).
cost(2, 1, 49).
cost(2, 3, 59).
cost(2, 4, 67).
cost(2, 5, 13).
cost(2, 6, 65).
cost(2, 7, 24).
cost(2, 8, 73).
cost(2, 9, 65).
cost(2, 10, 47).
cost(2, 11, 23).
cost(2, 12, 25).
cost(2, 13, 15).
cost(2, 14, 25).
cost(2, 15, 17).
cost(2, 16, 79).
cost(2, 17, 18).
cost(2, 18, 20).
cost(2, 19, 28).
cost(2, 20, 62).
cost(2, 21, 27).
cost(2, 22, 58).
cost(2, 23, 64).
cost(2, 24, 11).
cost(2, 25, 32).
cost(2, 26, 84).
cost(2, 27, 15).
cost(2, 28, 53).
cost(2, 29, 67).
cost(2, 30, 67).
cost(3, 1, 44).
cost(3, 2, 59).
cost(3, 4, 43).
cost(3, 5, 55).
cost(3, 6, 35).
cost(3, 7, 59).
cost(3, 8, 15).
cost(3, 9, 31).
cost(3, 10, 13).
cost(3, 11, 49).
cost(3, 12, 76).
cost(3, 13, 46).
cost(3, 14, 41).
cost(3, 15, 71).
cost(3, 16, 40).
cost(3, 17, 76).
cost(3, 18, 62).
cost(3, 19, 66).
cost(3, 20, 48).
cost(3, 21, 72).
cost(3, 22, 60).
cost(3, 23, 50).
cost(3, 24, 62).
cost(3, 25, 41).
cost(3, 26, 44).
cost(3, 27, 68).
cost(3, 28, 33).
cost(3, 29, 58).
cost(3, 30, 9).
cost(4, 1, 20).
cost(4, 2, 67).
cost(4, 3, 43).
cost(4, 5, 56).
cost(4, 6, 9).
cost(4, 7, 81).
cost(4, 8, 46).
cost(4, 9, 12).
cost(4, 10, 39).
cost(4, 11, 72).
cost(4, 12, 70).
cost(4, 13, 52).
cost(4, 14, 65).
cost(4, 15, 70).
cost(4, 16, 18).
cost(4, 17, 81).
cost(4, 18, 56).
cost(4, 19, 88).
cost(4, 20, 10).
cost(4, 21, 62).
cost(4, 22, 25).
cost(4, 23, 10).
cost(4, 24, 63).
cost(4, 25, 69).
cost(4, 26, 21).
cost(4, 27, 81).
cost(4, 28, 15).
cost(4, 29, 18).
cost(4, 30, 42).
cost(5, 1, 37).
cost(5, 2, 13).
cost(5, 3, 55).
cost(5, 4, 56).
cost(5, 6, 55).
cost(5, 7, 35).
cost(5, 8, 69).
cost(5, 9, 55).
cost(5, 10, 42).
cost(5, 11, 31).
cost(5, 12, 22).
cost(5, 13, 9).
cost(5, 14, 30).
cost(5, 15, 17).
cost(5, 16, 70).
cost(5, 17, 25).
cost(5, 18, 9).
cost(5, 19, 40).
cost(5, 20, 51).
cost(5, 21, 20).
cost(5, 22, 46).
cost(5, 23, 53).
cost(5, 24, 8).
cost(5, 25, 38).
cost(5, 26, 74).
cost(5, 27, 27).
cost(5, 28, 43).
cost(5, 29, 55).
cost(5, 30, 62).
cost(6, 1, 21).
cost(6, 2, 65).
cost(6, 3, 35).
cost(6, 4, 9).
cost(6, 5, 55).
cost(6, 7, 77).
cost(6, 8, 38).
cost(6, 9, 4).
cost(6, 10, 31).
cost(6, 11, 67).
cost(6, 12, 71).
cost(6, 13, 49).
cost(6, 14, 60).
cost(6, 15, 70).
cost(6, 16, 15).
cost(6, 17, 80).
cost(6, 18, 56).
cost(6, 19, 84).
cost(6, 20, 16).
cost(6, 21, 64).
cost(6, 22, 31).
cost(6, 23, 17).
cost(6, 24, 62).
cost(6, 25, 64).
cost(6, 26, 19).
cost(6, 27, 78).
cost(6, 28, 11).
cost(6, 29, 26).
cost(6, 30, 34).
cost(7, 1, 66).
cost(7, 2, 24).
cost(7, 3, 59).
cost(7, 4, 81).
cost(7, 5, 35).
cost(7, 6, 77).
cost(7, 8, 74).
cost(7, 9, 76).
cost(7, 10, 50).
cost(7, 11, 10).
cost(7, 12, 48).
cost(7, 13, 32).
cost(7, 14, 18).
cost(7, 15, 40).
cost(7, 16, 90).
cost(7, 17, 33).
cost(7, 18, 43).
cost(7, 19, 7).
cost(7, 20, 79).
cost(7, 21, 51).
cost(7, 22, 78).
cost(7, 23, 81).
cost(7, 24, 34).
cost(7, 25, 20).
cost(7, 26, 94).
cost(7, 27, 17).
cost(7, 28, 67).
cost(7, 29, 85).
cost(7, 30, 68).
cost(8, 1, 53).
cost(8, 2, 73).
cost(8, 3, 15).
cost(8, 4, 46).
cost(8, 5, 69).
cost(8, 6, 38).
cost(8, 7, 74).
cost(8, 9, 34).
cost(8, 10, 27).
cost(8, 11, 64).
cost(8, 12, 90).
cost(8, 13, 61).
cost(8, 14, 56).
cost(8, 15, 86).
cost(8, 16, 36).
cost(8, 17, 91).
cost(8, 18, 75).
cost(8, 19, 81).
cost(8, 20, 53).
cost(8, 21, 85).
cost(8, 22, 67).
cost(8, 23, 55).
cost(8, 24, 76).
cost(8, 25, 55).
cost(8, 26, 40).
cost(8, 27, 83).
cost(8, 28, 40).
cost(8, 29, 63).
cost(8, 30, 7).
cost(9, 1, 24).
cost(9, 2, 65).
cost(9, 3, 31).
cost(9, 4, 12).
cost(9, 5, 55).
cost(9, 6, 4).
cost(9, 7, 76).
cost(9, 8, 34).
cost(9, 10, 29).
cost(9, 11, 66).
cost(9, 12, 72).
cost(9, 13, 50).
cost(9, 14, 58).
cost(9, 15, 71).
cost(9, 16, 15).
cost(9, 17, 80).
cost(9, 18, 58).
cost(9, 19, 83).
cost(9, 20, 20).
cost(9, 21, 65).
cost(9, 22, 35).
cost(9, 23, 21).
cost(9, 24, 63).
cost(9, 25, 62).
cost(9, 26, 19).
cost(9, 27, 78).
cost(9, 28, 12).
cost(9, 29, 29).
cost(9, 30, 30).
cost(10, 1, 35).
cost(10, 2, 47).
cost(10, 3, 13).
cost(10, 4, 39).
cost(10, 5, 42).
cost(10, 6, 31).
cost(10, 7, 50).
cost(10, 8, 27).
cost(10, 9, 29).
cost(10, 11, 40).
cost(10, 12, 64).
cost(10, 13, 34).
cost(10, 14, 32).
cost(10, 15, 59).
cost(10, 16, 41).
cost(10, 17, 65).
cost(10, 18, 49).
cost(10, 19, 58).
cost(10, 20, 41).
cost(10, 21, 59).
cost(10, 22, 50).
cost(10, 23, 44).
cost(10, 24, 50).
cost(10, 25, 34).
cost(10, 26, 46).
cost(10, 27, 57).
cost(10, 28, 26).
cost(10, 29, 51).
cost(10, 30, 20).
cost(11, 1, 58).
cost(11, 2, 23).
cost(11, 3, 49).
cost(11, 4, 72).
cost(11, 5, 31).
cost(11, 6, 67).
cost(11, 7, 10).
cost(11, 8, 64).
cost(11, 9, 66).
cost(11, 10, 40).
cost(11, 12, 48).
cost(11, 13, 26).
cost(11, 14, 8).
cost(11, 15, 40).
cost(11, 16, 80).
cost(11, 17, 37).
cost(11, 18, 40).
cost(11, 19, 17).
cost(11, 20, 70).
cost(11, 21, 49).
cost(11, 22, 71).
cost(11, 23, 73).
cost(11, 24, 33).
cost(11, 25, 11).
cost(11, 26, 85).
cost(11, 27, 23).
cost(11, 28, 57).
cost(11, 29, 77).
cost(11, 30, 58).
cost(12, 1, 51).
cost(12, 2, 25).
cost(12, 3, 76).
cost(12, 4, 70).
cost(12, 5, 22).
cost(12, 6, 71).
cost(12, 7, 48).
cost(12, 8, 90).
cost(12, 9, 72).
cost(12, 10, 64).
cost(12, 11, 48).
cost(12, 13, 31).
cost(12, 14, 49).
cost(12, 15, 8).
cost(12, 16, 86).
cost(12, 17, 20).
cost(12, 18, 15).
cost(12, 19, 50).
cost(12, 20, 63).
cost(12, 21, 9).
cost(12, 22, 53).
cost(12, 23, 64).
cost(12, 24, 16).
cost(12, 25, 57).
cost(12, 26, 90).
cost(12, 27, 33).
cost(12, 28, 60).
cost(12, 29, 64).
cost(12, 30, 84).
cost(13, 1, 35).
cost(13, 2, 15).
cost(13, 3, 46).
cost(13, 4, 52).
cost(13, 5, 9).
cost(13, 6, 49).
cost(13, 7, 32).
cost(13, 8, 61).
cost(13, 9, 50).
cost(13, 10, 34).
cost(13, 11, 26).
cost(13, 12, 31).
cost(13, 14, 23).
cost(13, 15, 25).
cost(13, 16, 64).
cost(13, 17, 32).
cost(13, 18, 18).
cost(13, 19, 39).
cost(13, 20, 48).
cost(13, 21, 28).
cost(13, 22, 46).
cost(13, 23, 50).
cost(13, 24, 16).
cost(13, 25, 31).
cost(13, 26, 68).
cost(13, 27, 29).
cost(13, 28, 38).
cost(13, 29, 54).
cost(13, 30, 54).
cost(14, 1, 52).
cost(14, 2, 25).
cost(14, 3, 41).
cost(14, 4, 65).
cost(14, 5, 30).
cost(14, 6, 60).
cost(14, 7, 18).
cost(14, 8, 56).
cost(14, 9, 58).
cost(14, 10, 32).
cost(14, 11, 8).
cost(14, 12, 49).
cost(14, 13, 23).
cost(14, 15, 42).
cost(14, 16, 72).
cost(14, 17, 41).
cost(14, 18, 39).
cost(14, 19, 26).
cost(14, 20, 64).
cost(14, 21, 49).
cost(14, 22, 66).
cost(14, 23, 66).
cost(14, 24, 33).
cost(14, 25, 8).
cost(14, 26, 77).
cost(14, 27, 29).
cost(14, 28, 50).
cost(14, 29, 71).
cost(14, 30, 50).
cost(15, 1, 51).
cost(15, 2, 17).
cost(15, 3, 71).
cost(15, 4, 70).
cost(15, 5, 17).
cost(15, 6, 70).
cost(15, 7, 40).
cost(15, 8, 86).
cost(15, 9, 71).
cost(15, 10, 59).
cost(15, 11, 40).
cost(15, 12, 8).
cost(15, 13, 25).
cost(15, 14, 42).
cost(15, 16, 85).
cost(15, 17, 13).
cost(15, 18, 14).
cost(15, 19, 42).
cost(15, 20, 63).
cost(15, 21, 13).
cost(15, 22, 55).
cost(15, 23, 65).
cost(15, 24, 9).
cost(15, 25, 49).
cost(15, 26, 89).
cost(15, 27, 25).
cost(15, 28, 58).
cost(15, 29, 65).
cost(15, 30, 79).
cost(16, 1, 36).
cost(16, 2, 79).
cost(16, 3, 40).
cost(16, 4, 18).
cost(16, 5, 70).
cost(16, 6, 15).
cost(16, 7, 90).
cost(16, 8, 36).
cost(16, 9, 15).
cost(16, 10, 41).
cost(16, 11, 80).
cost(16, 12, 86).
cost(16, 13, 64).
cost(16, 14, 72).
cost(16, 15, 85).
cost(16, 17, 95).
cost(16, 18, 72).
cost(16, 19, 97).
cost(16, 20, 28).
cost(16, 21, 79).
cost(16, 22, 44).
cost(16, 23, 28).
cost(16, 24, 77).
cost(16, 25, 75).
cost(16, 26, 5).
cost(16, 27, 93).
cost(16, 28, 27).
cost(16, 29, 35).
cost(16, 30, 35).
cost(17, 1, 62).
cost(17, 2, 18).
cost(17, 3, 76).
cost(17, 4, 81).
cost(17, 5, 25).
cost(17, 6, 80).
cost(17, 7, 33).
cost(17, 8, 91).
cost(17, 9, 80).
cost(17, 10, 65).
cost(17, 11, 37).
cost(17, 12, 20).
cost(17, 13, 32).
cost(17, 14, 41).
cost(17, 15, 13).
cost(17, 16, 95).
cost(17, 18, 26).
cost(17, 19, 33).
cost(17, 20, 75).
cost(17, 21, 27).
cost(17, 22, 68).
cost(17, 23, 77).
cost(17, 24, 18).
cost(17, 25, 47).
cost(17, 26, 99).
cost(17, 27, 16).
cost(17, 28, 69).
cost(17, 29, 78).
cost(17, 30, 85).
cost(18, 1, 37).
cost(18, 2, 20).
cost(18, 3, 62).
cost(18, 4, 56).
cost(18, 5, 9).
cost(18, 6, 56).
cost(18, 7, 43).
cost(18, 8, 75).
cost(18, 9, 58).
cost(18, 10, 49).
cost(18, 11, 40).
cost(18, 12, 15).
cost(18, 13, 18).
cost(18, 14, 39).
cost(18, 15, 14).
cost(18, 16, 72).
cost(18, 17, 26).
cost(18, 19, 48).
cost(18, 20, 50).
cost(18, 21, 10).
cost(18, 22, 42).
cost(18, 23, 51).
cost(18, 24, 10).
cost(18, 25, 47).
cost(18, 26, 76).
cost(18, 27, 33).
cost(18, 28, 45).
cost(18, 29, 52).
cost(18, 30, 69).
cost(19, 1, 73).
cost(19, 2, 28).
cost(19, 3, 66).
cost(19, 4, 88).
cost(19, 5, 40).
cost(19, 6, 84).
cost(19, 7, 7).
cost(19, 8, 81).
cost(19, 9, 83).
cost(19, 10, 58).
cost(19, 11, 17).
cost(19, 12, 50).
cost(19, 13, 39).
cost(19, 14, 26).
cost(19, 15, 42).
cost(19, 16, 97).
cost(19, 17, 33).
cost(19, 18, 48).
cost(19, 20, 86).
cost(19, 21, 54).
cost(19, 22, 84).
cost(19, 23, 88).
cost(19, 24, 38).
cost(19, 25, 26).
cost(19, 26, 102).
cost(19, 27, 18).
cost(19, 28, 74).
cost(19, 29, 92).
cost(19, 30, 75).
cost(20, 1, 13).
cost(20, 2, 62).
cost(20, 3, 48).
cost(20, 4, 10).
cost(20, 5, 51).
cost(20, 6, 16).
cost(20, 7, 79).
cost(20, 8, 53).
cost(20, 9, 20).
cost(20, 10, 41).
cost(20, 11, 70).
cost(20, 12, 63).
cost(20, 13, 48).
cost(20, 14, 64).
cost(20, 15, 63).
cost(20, 16, 28).
cost(20, 17, 75).
cost(20, 18, 50).
cost(20, 19, 86).
cost(20, 21, 55).
cost(20, 22, 16).
cost(20, 23, 2).
cost(20, 24, 57).
cost(20, 25, 69).
cost(20, 26, 30).
cost(20, 27, 77).
cost(20, 28, 16).
cost(20, 29, 10).
cost(20, 30, 49).
cost(21, 1, 43).
cost(21, 2, 27).
cost(21, 3, 72).
cost(21, 4, 62).
cost(21, 5, 20).
cost(21, 6, 64).
cost(21, 7, 51).
cost(21, 8, 85).
cost(21, 9, 65).
cost(21, 10, 59).
cost(21, 11, 49).
cost(21, 12, 9).
cost(21, 13, 28).
cost(21, 14, 49).
cost(21, 15, 13).
cost(21, 16, 79).
cost(21, 17, 27).
cost(21, 18, 10).
cost(21, 19, 54).
cost(21, 20, 55).
cost(21, 22, 44).
cost(21, 23, 56).
cost(21, 24, 17).
cost(21, 25, 57).
cost(21, 26, 82).
cost(21, 27, 38).
cost(21, 28, 53).
cost(21, 29, 55).
cost(21, 30, 79).
cost(22, 1, 16).
cost(22, 2, 58).
cost(22, 3, 60).
cost(22, 4, 25).
cost(22, 5, 46).
cost(22, 6, 31).
cost(22, 7, 78).
cost(22, 8, 67).
cost(22, 9, 35).
cost(22, 10, 50).
cost(22, 11, 71).
cost(22, 12, 53).
cost(22, 13, 46).
cost(22, 14, 66).
cost(22, 15, 55).
cost(22, 16, 44).
cost(22, 17, 68).
cost(22, 18, 42).
cost(22, 19, 84).
cost(22, 20, 16).
cost(22, 21, 44).
cost(22, 23, 16).
cost(22, 24, 51).
cost(22, 25, 72).
cost(22, 26, 45).
cost(22, 27, 73).
cost(22, 28, 27).
cost(22, 29, 11).
cost(22, 30, 62).
cost(23, 1, 15).
cost(23, 2, 64).
cost(23, 3, 50).
cost(23, 4, 10).
cost(23, 5, 53).
cost(23, 6, 17).
cost(23, 7, 81).
cost(23, 8, 55).
cost(23, 9, 21).
cost(23, 10, 44).
cost(23, 11, 73).
cost(23, 12, 64).
cost(23, 13, 50).
cost(23, 14, 66).
cost(23, 15, 65).
cost(23, 16, 28).
cost(23, 17, 77).
cost(23, 18, 51).
cost(23, 19, 88).
cost(23, 20, 2).
cost(23, 21, 56).
cost(23, 22, 16).
cost(23, 24, 59).
cost(23, 25, 72).
cost(23, 26, 30).
cost(23, 27, 79).
cost(23, 28, 18).
cost(23, 29, 8).
cost(23, 30, 51).
cost(24, 1, 44).
cost(24, 2, 11).
cost(24, 3, 62).
cost(24, 4, 63).
cost(24, 5, 8).
cost(24, 6, 62).
cost(24, 7, 34).
cost(24, 8, 76).
cost(24, 9, 63).
cost(24, 10, 50).
cost(24, 11, 33).
cost(24, 12, 16).
cost(24, 13, 16).
cost(24, 14, 33).
cost(24, 15, 9).
cost(24, 16, 77).
cost(24, 17, 18).
cost(24, 18, 10).
cost(24, 19, 38).
cost(24, 20, 57).
cost(24, 21, 17).
cost(24, 22, 51).
cost(24, 23, 59).
cost(24, 25, 41).
cost(24, 26, 81).
cost(24, 27, 23).
cost(24, 28, 51).
cost(24, 29, 61).
cost(24, 30, 70).
cost(25, 1, 58).
cost(25, 2, 32).
cost(25, 3, 41).
cost(25, 4, 69).
cost(25, 5, 38).
cost(25, 6, 64).
cost(25, 7, 20).
cost(25, 8, 55).
cost(25, 9, 62).
cost(25, 10, 34).
cost(25, 11, 11).
cost(25, 12, 57).
cost(25, 13, 31).
cost(25, 14, 8).
cost(25, 15, 49).
cost(25, 16, 75).
cost(25, 17, 47).
cost(25, 18, 47).
cost(25, 19, 26).
cost(25, 20, 69).
cost(25, 21, 57).
cost(25, 22, 72).
cost(25, 23, 72).
cost(25, 24, 41).
cost(25, 26, 80).
cost(25, 27, 34).
cost(25, 28, 55).
cost(25, 29, 77).
cost(25, 30, 49).
cost(26, 1, 40).
cost(26, 2, 84).
cost(26, 3, 44).
cost(26, 4, 21).
cost(26, 5, 74).
cost(26, 6, 19).
cost(26, 7, 94).
cost(26, 8, 40).
cost(26, 9, 19).
cost(26, 10, 46).
cost(26, 11, 85).
cost(26, 12, 90).
cost(26, 13, 68).
cost(26, 14, 77).
cost(26, 15, 89).
cost(26, 16, 5).
cost(26, 17, 99).
cost(26, 18, 76).
cost(26, 19, 102).
cost(26, 20, 30).
cost(26, 21, 82).
cost(26, 22, 45).
cost(26, 23, 30).
cost(26, 24, 81).
cost(26, 25, 80).
cost(26, 27, 97).
cost(26, 28, 31).
cost(26, 29, 36).
cost(26, 30, 39).
cost(27, 1, 64).
cost(27, 2, 15).
cost(27, 3, 68).
cost(27, 4, 81).
cost(27, 5, 27).
cost(27, 6, 78).
cost(27, 7, 17).
cost(27, 8, 83).
cost(27, 9, 78).
cost(27, 10, 57).
cost(27, 11, 23).
cost(27, 12, 33).
cost(27, 13, 29).
cost(27, 14, 29).
cost(27, 15, 25).
cost(27, 16, 93).
cost(27, 17, 16).
cost(27, 18, 33).
cost(27, 19, 18).
cost(27, 20, 77).
cost(27, 21, 38).
cost(27, 22, 73).
cost(27, 23, 79).
cost(27, 24, 23).
cost(27, 25, 34).
cost(27, 26, 97).
cost(27, 28, 67).
cost(27, 29, 82).
cost(27, 30, 77).
cost(28, 1, 13).
cost(28, 2, 53).
cost(28, 3, 33).
cost(28, 4, 15).
cost(28, 5, 43).
cost(28, 6, 11).
cost(28, 7, 67).
cost(28, 8, 40).
cost(28, 9, 12).
cost(28, 10, 26).
cost(28, 11, 57).
cost(28, 12, 60).
cost(28, 13, 38).
cost(28, 14, 50).
cost(28, 15, 58).
cost(28, 16, 27).
cost(28, 17, 69).
cost(28, 18, 45).
cost(28, 19, 74).
cost(28, 20, 16).
cost(28, 21, 53).
cost(28, 22, 27).
cost(28, 23, 18).
cost(28, 24, 51).
cost(28, 25, 55).
cost(28, 26, 31).
cost(28, 27, 67).
cost(28, 29, 26).
cost(28, 30, 35).
cost(29, 1, 19).
cost(29, 2, 67).
cost(29, 3, 58).
cost(29, 4, 18).
cost(29, 5, 55).
cost(29, 6, 26).
cost(29, 7, 85).
cost(29, 8, 63).
cost(29, 9, 29).
cost(29, 10, 51).
cost(29, 11, 77).
cost(29, 12, 64).
cost(29, 13, 54).
cost(29, 14, 71).
cost(29, 15, 65).
cost(29, 16, 35).
cost(29, 17, 78).
cost(29, 18, 52).
cost(29, 19, 92).
cost(29, 20, 10).
cost(29, 21, 55).
cost(29, 22, 11).
cost(29, 23, 8).
cost(29, 24, 61).
cost(29, 25, 77).
cost(29, 26, 36).
cost(29, 27, 82).
cost(29, 28, 26).
cost(29, 30, 59).
cost(30, 1, 47).
cost(30, 2, 67).
cost(30, 3, 9).
cost(30, 4, 42).
cost(30, 5, 62).
cost(30, 6, 34).
cost(30, 7, 68).
cost(30, 8, 7).
cost(30, 9, 30).
cost(30, 10, 20).
cost(30, 11, 58).
cost(30, 12, 84).
cost(30, 13, 54).
cost(30, 14, 50).
cost(30, 15, 79).
cost(30, 16, 35).
cost(30, 17, 85).
cost(30, 18, 69).
cost(30, 19, 75).
cost(30, 20, 49).
cost(30, 21, 79).
cost(30, 22, 62).
cost(30, 23, 51).
cost(30, 24, 70).
cost(30, 25, 49).
cost(30, 26, 39).
cost(30, 27, 77).
cost(30, 28, 35).
cost(30, 29, 59).
