dimension(30).
point(1, 65.8415840787, 3.5781117501).
point(2, 23.7738161504, 85.684872818).
point(3, 37.9430325262, 70.4481001307).
point(4, 22.6756151407, 91.4213784127).
point(5, 73.0393155303, 44.0381287483).
point(6, 30.997767104, 55.2127940231).
point(7, 30.3221492022, 20.6058710476).
point(8, 56.9892846146, 85.8856674055).
point(9, 60.7342300017, 78.6068159408).
point(10, 33.0573287878, 24.6264788073).
point(11, 40.3784710041, 4.4052887126).
point(12, 57.0605146276, 28.7711037446).
point(13, 16.5463872106, 55.1881240372).
point(14, 62.4860380063, 7.7797953237).
point(15, 53.6668034146, 33.911918622).
point(16, 23.0880974161, 78.5720443291).
point(17, 54.9241611098, 90.3021017603).
point(18, 63.9328754932, 20.524855712).
point(19, 68.0839016248, 16.4208935926).
point(20, 10.1095861819, 80.5641652996).
point(21, 67.4859982571, 93.2492945166).
point(22, 72.3692533879, 39.2902457692).
point(23, 44.9578872449, 84.4260930633).
point(24, 44.927982746, 28.317338015).
point(25, 21.2566970295, 83.638413098).
point(26, 54.5660987368, 66.2465981048).
point(27, 80.5958398532, 51.482038479).
point(28, 78.9858024236, 45.4792262712).
point(29, 67.8865936024, 39.3377700076).
point(30, 39.7862059643, 79.5411506562).
cost(1, 2, 92).
cost(1, 3, 72).
cost(1, 4, 98).
cost(1, 5, 41).
cost(1, 6, 62).
cost(1, 7, 39).
cost(1, 8, 83).
cost(1, 9, 75).
cost(1, 10, 39).
cost(1, 11, 25).
cost(1, 12, 27).
cost(1, 13, 71).
cost(1, 14, 5).
cost(1, 15, 33).
cost(1, 16, 86).
cost(1, 17, 87).
cost(1, 18, 17).
cost(1, 19, 13).
cost(1, 20, 95).
cost(1, 21, 90).
cost(1, 22, 36).
cost(1, 23, 84).
cost(1, 24, 32).
cost(1, 25, 92).
cost(1, 26, 64).
cost(1, 27, 50).
cost(1, 28, 44).
cost(1, 29, 36).
cost(1, 30, 80).
cost(2, 1, 92).
cost(2, 3, 21).
cost(2, 4, 6).
cost(2, 5, 65).
cost(2, 6, 31).
cost(2, 7, 65).
cost(2, 8, 33).
cost(2, 9, 38).
cost(2, 10, 62).
cost(2, 11, 83).
cost(2, 12, 66).
cost(2, 13, 31).
cost(2, 14, 87).
cost(2, 15, 60).
cost(2, 16, 7).
cost(2, 17, 31).
cost(2, 18, 77).
cost(2, 19, 82).
cost(2, 20, 15).
cost(2, 21, 44).
cost(2, 22, 67).
cost(2, 23, 21).
cost(2, 24, 61).
cost(2, 25, 3).
cost(2, 26, 36).
cost(2, 27, 66).
cost(2, 28, 68).
cost(2, 29, 64).
cost(2, 30, 17).
cost(3, 1, 72).
cost(3, 2, 21).
cost(3, 4, 26).
cost(3, 5, 44).
cost(3, 6, 17).
cost(3, 7, 50).
cost(3, 8, 25).
cost(3, 9, 24).
cost(3, 10, 46).
cost(3, 11, 66).
cost(3, 12, 46).
cost(3, 13, 26).
cost(3, 14, 67).
cost(3, 15, 40).
cost(3, 16, 17).
cost(3, 17, 26).
cost(3, 18, 56).
cost(3, 19, 62).
cost(3, 20, 30).
cost(3, 21, 37).
cost(3, 22, 46).
cost(3, 23, 16).
cost(3, 24, 43).
cost(3, 25, 21).
cost(3, 26, 17).
cost(3, 27, 47).
cost(3, 28, 48).
cost(3, 29, 43).
cost(3, 30, 9).
cost(4, 1, 98).
cost(4, 2, 6).
cost(4, 3, 26).
cost(4, 5, 69).
cost(4, 6, 37).
cost(4, 7, 71).
cost(4, 8, 35).
cost(4, 9, 40).
cost(4, 10, 68).
cost(4, 11, 89).
cost(4, 12, 71).
cost(4, 13, 37).
cost(4, 14, 93).
cost(4, 15, 65).
cost(4, 16, 13).
cost(4, 17, 32).
cost(4, 18, 82).
cost(4, 19, 88).
cost(4, 20, 17).
cost(4, 21, 45).
cost(4, 22, 72).
cost(4, 23, 23).
cost(4, 24, 67).
cost(4, 25, 8).
cost(4, 26, 41).
cost(4, 27, 70).
cost(4, 28, 73).
cost(4, 29, 69).
cost(4, 30, 21).
cost(5, 1, 41).
cost(5, 2, 65).
cost(5, 3, 44).
cost(5, 4, 69).
cost(5, 6, 44).
cost(5, 7, 49).
cost(5, 8, 45).
cost(5, 9, 37).
cost(5, 10, 44).
cost(5, 11, 51).
cost(5, 12, 22).
cost(5, 13, 58).
cost(5, 14, 38).
cost(5, 15, 22).
cost(5, 16, 61).
cost(5, 17, 50).
cost(5, 18, 25).
cost(5, 19, 28).
cost(5, 20, 73).
cost(5, 21, 50).
cost(5, 22, 5).
cost(5, 23, 49).
cost(5, 24, 32).
cost(5, 25, 65).
cost(5, 26, 29).
cost(5, 27, 11).
cost(5, 28, 6).
cost(5, 29, 7).
cost(5, 30, 49).
cost(6, 1, 62).
cost(6, 2, 31).
cost(6, 3, 17).
cost(6, 4, 37).
cost(6, 5, 44).
cost(6, 7, 35).
cost(6, 8, 40).
cost(6, 9, 38).
cost(6, 10, 31).
cost(6, 11, 52).
cost(6, 12, 37).
cost(6, 13, 14).
cost(6, 14, 57).
cost(6, 15, 31).
cost(6, 16, 25).
cost(6, 17, 42).
cost(6, 18, 48).
cost(6, 19, 54).
cost(6, 20, 33).
cost(6, 21, 53).
cost(6, 22, 44).
cost(6, 23, 32).
cost(6, 24, 30).
cost(6, 25, 30).
cost(6, 26, 26).
cost(6, 27, 50).
cost(6, 28, 49).
cost(6, 29, 40).
cost(6, 30, 26).
cost(7, 1, 39).
cost(7, 2, 65).
cost(7, 3, 50).
cost(7, 4, 71).
cost(7, 5, 49).
cost(7, 6, 35).
cost(7, 8, 71).
cost(7, 9, 65).
cost(7, 10, 5).
cost(7, 11, 19).
cost(7, 12, 28).
cost(7, 13, 37).
cost(7, 14, 35).
cost(7, 15, 27).
cost(7, 16, 58).
cost(7, 17, 74).
cost(7, 18, 34).
cost(7, 19, 38).
cost(7, 20, 63).
cost(7, 21, 82).
cost(7, 22, 46).
cost(7, 23, 65).
cost(7, 24, 17).
cost(7, 25, 64).
cost(7, 26, 52).
cost(7, 27, 59).
cost(7, 28, 55).
cost(7, 29, 42).
cost(7, 30, 60).
cost(8, 1, 83).
cost(8, 2, 33).
cost(8, 3, 25).
cost(8, 4, 35).
cost(8, 5, 45).
cost(8, 6, 40).
cost(8, 7, 71).
cost(8, 9, 8).
cost(8, 10, 66).
cost(8, 11, 83).
cost(8, 12, 57).
cost(8, 13, 51).
cost(8, 14, 78).
cost(8, 15, 52).
cost(8, 16, 35).
cost(8, 17, 5).
cost(8, 18, 66).
cost(8, 19, 70).
cost(8, 20, 47).
cost(8, 21, 13).
cost(8, 22, 49).
cost(8, 23, 12).
cost(8, 24, 59).
cost(8, 25, 36).
cost(8, 26, 20).
cost(8, 27, 42).
cost(8, 28, 46).
cost(8, 29, 48).
cost(8, 30, 18).
cost(9, 1, 75).
cost(9, 2, 38).
cost(9, 3, 24).
cost(9, 4, 40).
cost(9, 5, 37).
cost(9, 6, 38).
cost(9, 7, 65).
cost(9, 8, 8).
cost(9, 10, 61).
cost(9, 11, 77).
cost(9, 12, 50).
cost(9, 13, 50).
cost(9, 14, 71).
cost(9, 15, 45).
cost(9, 16, 38).
cost(9, 17, 13).
cost(9, 18, 58).
cost(9, 19, 63).
cost(9, 20, 51).
cost(9, 21, 16).
cost(9, 22, 41).
cost(9, 23, 17).
cost(9, 24, 53).
cost(9, 25, 40).
cost(9, 26, 14).
cost(9, 27, 34).
cost(9, 28, 38).
cost(9, 29, 40).
cost(9, 30, 21).
cost(10, 1, 39).
cost(10, 2, 62).
cost(10, 3, 46).
cost(10, 4, 68).
cost(10, 5, 44).
cost(10, 6, 31).
cost(10, 7, 5).
cost(10, 8, 66).
cost(10, 9, 61).
cost(10, 11, 22).
cost(10, 12, 24).
cost(10, 13, 35).
cost(10, 14, 34).
cost(10, 15, 23).
cost(10, 16, 55).
cost(10, 17, 69).
cost(10, 18, 31).
cost(10, 19, 36).
cost(10, 20, 60).
cost(10, 21, 77).
cost(10, 22, 42).
cost(10, 23, 61).
cost(10, 24, 12).
cost(10, 25, 60).
cost(10, 26, 47).
cost(10, 27, 55).
cost(10, 28, 50).
cost(10, 29, 38).
cost(10, 30, 55).
cost(11, 1, 25).
cost(11, 2, 83).
cost(11, 3, 66).
cost(11, 4, 89).
cost(11, 5, 51).
cost(11, 6, 52).
cost(11, 7, 19).
cost(11, 8, 83).
cost(11, 9, 77).
cost(11, 10, 22).
cost(11, 12, 30).
cost(11, 13, 56).
cost(11, 14, 22).
cost(11, 15, 32).
cost(11, 16, 76).
cost(11, 17, 87).
cost(11, 18, 29).
cost(11, 19, 30).
cost(11, 20, 82).
cost(11, 21, 93).
cost(11, 22, 47).
cost(11, 23, 80).
cost(11, 24, 24).
cost(11, 25, 82).
cost(11, 26, 63).
cost(11, 27, 62).
cost(11, 28, 56).
cost(11, 29, 44).
cost(11, 30, 75).
cost(12, 1, 27).
cost(12, 2, 66).
cost(12, 3, 46).
cost(12, 4, 71).
cost(12, 5, 22).
cost(12, 6, 37).
cost(12, 7, 28).
cost(12, 8, 57).
cost(12, 9, 50).
cost(12, 10, 24).
cost(12, 11, 30).
cost(12, 13, 48).
cost(12, 14, 22).
cost(12, 15, 6).
cost(12, 16, 60).
cost(12, 17, 62).
cost(12, 18, 11).
cost(12, 19, 17).
cost(12, 20, 70).
cost(12, 21, 65).
cost(12, 22, 19).
cost(12, 23, 57).
cost(12, 24, 12).
cost(12, 25, 66).
cost(12, 26, 38).
cost(12, 27, 33).
cost(12, 28, 28).
cost(12, 29, 15).
cost(12, 30, 54).
cost(13, 1, 71).
cost(13, 2, 31).
cost(13, 3, 26).
cost(13, 4, 37).
cost(13, 5, 58).
cost(13, 6, 14).
cost(13, 7, 37).
cost(13, 8, 51).
cost(13, 9, 50).
cost(13, 10, 35).
cost(13, 11, 56).
cost(13, 12, 48).
cost(13, 14, 66).
cost(13, 15, 43).
cost(13, 16, 24).
cost(13, 17, 52).
cost(13, 18, 59).
cost(13, 19, 64).
cost(13, 20, 26).
cost(13, 21, 64).
cost(13, 22, 58).
cost(13, 23, 41).
cost(13, 24, 39).
cost(13, 25, 29).
cost(13, 26, 40).
cost(13, 27, 64).
cost(13, 28, 63).
cost(13, 29, 54).
cost(13, 30, 34).
cost(14, 1, 5).
cost(14, 2, 87).
cost(14, 3, 67).
cost(14, 4, 93).
cost(14, 5, 38).
cost(14, 6, 57).
cost(14, 7, 35).
cost(14, 8, 78).
cost(14, 9, 71).
cost(14, 10, 34).
cost(14, 11, 22).
cost(14, 12, 22).
cost(14, 13, 66).
cost(14, 15, 28).
cost(14, 16, 81).
cost(14, 17, 83).
cost(14, 18, 13).
cost(14, 19, 10).
cost(14, 20, 90).
cost(14, 21, 86).
cost(14, 22, 33).
cost(14, 23, 79).
cost(14, 24, 27).
cost(14, 25, 86).
cost(14, 26, 59).
cost(14, 27, 47).
cost(14, 28, 41).
cost(14, 29, 32).
cost(14, 30, 75).
cost(15, 1, 33).
cost(15, 2, 60).
cost(15, 3, 40).
cost(15, 4, 65).
cost(15, 5, 22).
cost(15, 6, 31).
cost(15, 7, 27).
cost(15, 8, 52).
cost(15, 9, 45).
cost(15, 10, 23).
cost(15, 11, 32).
cost(15, 12, 6).
cost(15, 13, 43).
cost(15, 14, 28).
cost(15, 16, 54).
cost(15, 17, 56).
cost(15, 18, 17).
cost(15, 19, 23).
cost(15, 20, 64).
cost(15, 21, 61).
cost(15, 22, 19).
cost(15, 23, 51).
cost(15, 24, 10).
cost(15, 25, 59).
cost(15, 26, 32).
cost(15, 27, 32).
cost(15, 28, 28).
cost(15, 29, 15).
cost(15, 30, 48).
cost(16, 1, 86).
cost(16, 2, 7).
cost(16, 3, 17).
cost(16, 4, 13).
cost(16, 5, 61).
cost(16, 6, 25).
cost(16, 7, 58).
cost(16, 8, 35).
cost(16, 9, 38).
cost(16, 10, 55).
cost(16, 11, 76).
cost(16, 12, 60).
cost(16, 13, 24).
cost(16, 14, 81).
cost(16, 15, 54).
cost(16, 17, 34).
cost(16, 18, 71).
cost(16, 19, 77).
cost(16, 20, 13).
cost(16, 21, 47).
cost(16, 22, 63).
cost(16, 23, 23).
cost(16, 24, 55).
cost(16, 25, 5).
cost(16, 26, 34).
cost(16, 27, 64).
cost(16, 28, 65).
cost(16, 29, 60).
cost(16, 30, 17).
cost(17, 1, 87).
cost(17, 2, 31).
cost(17, 3, 26).
cost(17, 4, 32).
cost(17, 5, 50).
cost(17, 6, 42).
cost(17, 7, 74).
cost(17, 8, 5).
cost(17, 9, 13).
cost(17, 10, 69).
cost(17, 11, 87).
cost(17, 12, 62).
cost(17, 13, 52).
cost(17, 14, 83).
cost(17, 15, 56).
cost(17, 16, 34).
cost(17, 18, 70).
cost(17, 19, 75).
cost(17, 20, 46).
cost(17, 21, 13).
cost(17, 22, 54).
cost(17, 23, 12).
cost(17, 24, 63).
cost(17, 25, 34).
cost(17, 26, 24).
cost(17, 27, 47).
cost(17, 28, 51).
cost(17, 29, 53).
cost(17, 30, 19).
cost(18, 1, 17).
cost(18, 2, 77).
cost(18, 3, 56).
cost(18, 4, 82).
cost(18, 5, 25).
cost(18, 6, 48).
cost(18, 7, 34).
cost(18, 8, 66).
cost(18, 9, 58).
cost(18, 10, 31).
cost(18, 11, 29).
cost(18, 12, 11).
cost(18, 13, 59).
cost(18, 14, 13).
cost(18, 15, 17).
cost(18, 16, 71).
cost(18, 17, 70).
cost(18, 19, 6).
cost(18, 20, 81).
cost(18, 21, 73).
cost(18, 22, 21).
cost(18, 23, 67).
cost(18, 24, 21).
cost(18, 25, 76).
cost(18, 26, 47).
cost(18, 27, 35).
cost(18, 28, 29).
cost(18, 29, 19).
cost(18, 30, 64).
cost(19, 1, 13).
cost(19, 2, 82).
cost(19, 3, 62).
cost(19, 4, 88).
cost(19, 5, 28).
cost(19, 6, 54).
cost(19, 7, 38).
cost(19, 8, 70).
cost(19, 9, 63).
cost(19, 10, 36).
cost(19, 11, 30).
cost(19, 12, 17).
cost(19, 13, 64).
cost(19, 14, 10).
cost(19, 15, 23).
cost(19, 16, 77).
cost(19, 17, 75).
cost(19, 18, 6).
cost(19, 20, 86).
cost(19, 21, 77).
cost(19, 22, 23).
cost(19, 23, 72).
cost(19, 24, 26).
cost(19, 25, 82).
cost(19, 26, 52).
cost(19, 27, 37).
cost(19, 28, 31).
cost(19, 29, 23).
cost(19, 30, 69).
cost(20, 1, 95).
cost(20, 2, 15).
cost(20, 3, 30).
cost(20, 4, 17).
cost(20, 5, 73).
cost(20, 6, 33).
cost(20, 7, 63).
cost(20, 8, 47).
cost(20, 9, 51).
cost(20, 10, 60).
cost(20, 11, 82).
cost(20, 12, 70).
cost(20, 13, 26).
cost(20, 14, 90).
cost(20, 15, 64).
cost(20, 16, 13).
cost(20, 17, 46).
cost(20, 18, 81).
cost(20, 19, 86).
cost(20, 21, 59).
cost(20, 22, 75).
cost(20, 23, 35).
cost(20, 24, 63).
cost(20, 25, 12).
cost(20, 26, 47).
cost(20, 27, 76).
cost(20, 28, 77).
cost(20, 29, 71).
cost(20, 30, 30).
cost(21, 1, 90).
cost(21, 2, 44).
cost(21, 3, 37).
cost(21, 4, 45).
cost(21, 5, 50).
cost(21, 6, 53).
cost(21, 7, 82).
cost(21, 8, 13).
cost(21, 9, 16).
cost(21, 10, 77).
cost(21, 11, 93).
cost(21, 12, 65).
cost(21, 13, 64).
cost(21, 14, 86).
cost(21, 15, 61).
cost(21, 16, 47).
cost(21, 17, 13).
cost(21, 18, 73).
cost(21, 19, 77).
cost(21, 20, 59).
cost(21, 22, 54).
cost(21, 23, 24).
cost(21, 24, 69).
cost(21, 25, 47).
cost(21, 26, 30).
cost(21, 27, 44).
cost(21, 28, 49).
cost(21, 29, 54).
cost(21, 30, 31).
cost(22, 1, 36).
cost(22, 2, 67).
cost(22, 3, 46).
cost(22, 4, 72).
cost(22, 5, 5).
cost(22, 6, 44).
cost(22, 7, 46).
cost(22, 8, 49).
cost(22, 9, 41).
cost(22, 10, 42).
cost(22, 11, 47).
cost(22, 12, 19).
cost(22, 13, 58).
cost(22, 14, 33).
cost(22, 15, 19).
cost(22, 16, 63).
cost(22, 17, 54).
cost(22, 18, 21).
cost(22, 19, 23).
cost(22, 20, 75).
cost(22, 21, 54).
cost(22, 23, 53).
cost(22, 24, 30).
cost(22, 25, 68).
cost(22, 26, 32).
cost(22, 27, 15).
cost(22, 28, 9).
cost(22, 29, 4).
cost(22, 30, 52).
cost(23, 1, 84).
cost(23, 2, 21).
cost(23, 3, 16).
cost(23, 4, 23).
cost(23, 5, 49).
cost(23, 6, 32).
cost(23, 7, 65).
cost(23, 8, 12).
cost(23, 9, 17).
cost(23, 10, 61).
cost(23, 11, 80).
cost(23, 12, 57).
cost(23, 13, 41).
cost(23, 14, 79).
cost(23, 15, 51).
cost(23, 16, 23).
cost(23, 17, 12).
cost(23, 18, 67).
cost(23, 19, 72).
cost(23, 20, 35).
cost(23, 21, 24).
cost(23, 22, 53).
cost(23, 24, 56).
cost(23, 25, 24).
cost(23, 26, 21).
cost(23, 27, 49).
cost(23, 28, 52).
cost(23, 29, 51).
cost(23, 30, 7).
cost(24, 1, 32).
cost(24, 2, 61).
cost(24, 3, 43).
cost(24, 4, 67).
cost(24, 5, 32).
cost(24, 6, 30).
cost(24, 7, 17).
cost(24, 8, 59).
cost(24, 9, 53).
cost(24, 10, 12).
cost(24, 11, 24).
cost(24, 12, 12).
cost(24, 13, 39).
cost(24, 14, 27).
cost(24, 15, 10).
cost(24, 16, 55).
cost(24, 17, 63).
cost(24, 18, 21).
cost(24, 19, 26).
cost(24, 20, 63).
cost(24, 21, 69).
cost(24, 22, 30).
cost(24, 23, 56).
cost(24, 25, 60).
cost(24, 26, 39).
cost(24, 27, 43).
cost(24, 28, 38).
cost(24, 29, 25).
cost(24, 30, 51).
cost(25, 1, 92).
cost(25, 2, 3).
cost(25, 3, 21).
cost(25, 4, 8).
cost(25, 5, 65).
cost(25, 6, 30).
cost(25, 7, 64).
cost(25, 8, 36).
cost(25, 9, 40).
cost(25, 10, 60).
cost(25, 11, 82).
cost(25, 12, 66).
cost(25, 13, 29).
cost(25, 14, 86).
cost(25, 15, 59).
cost(25, 16, 5).
cost(25, 17, 34).
cost(25, 18, 76).
cost(25, 19, 82).
cost(25, 20, 12).
cost(25, 21, 47).
cost(25, 22, 68).
cost(25, 23, 24).
cost(25, 24, 60).
cost(25, 26, 38).
cost(25, 27, 67).
cost(25, 28, 69).
cost(25, 29, 64).
cost(25, 30, 19).
cost(26, 1, 64).
cost(26, 2, 36).
cost(26, 3, 17).
cost(26, 4, 41).
cost(26, 5, 29).
cost(26, 6, 26).
cost(26, 7, 52).
cost(26, 8, 20).
cost(26, 9, 14).
cost(26, 10, 47).
cost(26, 11, 63).
cost(26, 12, 38).
cost(26, 13, 40).
cost(26, 14, 59).
cost(26, 15, 32).
cost(26, 16, 34).
cost(26, 17, 24).
cost(26, 18, 47).
cost(26, 19, 52).
cost(26, 20, 47).
cost(26, 21, 30).
cost(26, 22, 32).
cost(26, 23, 21).
cost(26, 24, 39).
cost(26, 25, 38).
cost(26, 27, 30).
cost(26, 28, 32).
cost(26, 29, 30).
cost(26, 30, 20).
cost(27, 1, 50).
cost(27, 2, 66).
cost(27, 3, 47).
cost(27, 4, 70).
cost(27, 5, 11).
cost(27, 6, 50).
cost(27, 7, 59).
cost(27, 8, 42).
cost(27, 9, 34).
cost(27, 10, 55).
cost(27, 11, 62).
cost(27, 12, 33).
cost(27, 13, 64).
cost(27, 14, 47).
cost(27, 15, 32).
cost(27, 16, 64).
cost(27, 17, 47).
cost(27, 18, 35).
cost(27, 19, 37).
cost(27, 20, 76).
cost(27, 21, 44).
cost(27, 22, 15).
cost(27, 23, 49).
cost(27, 24, 43).
cost(27, 25, 67).
cost(27, 26, 30).
cost(27, 28, 6).
cost(27, 29, 18).
cost(27, 30, 50).
cost(28, 1, 44).
cost(28, 2, 68).
cost(28, 3, 48).
cost(28, 4, 73).
cost(28, 5, 6).
cost(28, 6, 49).
cost(28, 7, 55).
cost(28, 8, 46).
cost(28, 9, 38).
cost(28, 10, 50).
cost(28, 11, 56).
cost(28, 12, 28).
cost(28, 13, 63).
cost(28, 14, 41).
cost(28, 15, 28).
cost(28, 16, 65).
cost(28, 17, 51).
cost(28, 18, 29).
cost(28, 19, 31).
cost(28, 20, 77).
cost(28, 21, 49).
cost(28, 22, 9).
cost(28, 23, 52).
cost(28, 24, 38).
cost(28, 25, 69).
cost(28, 26, 32).
cost(28, 27, 6).
cost(28, 29, 13).
cost(28, 30, 52).
cost(29, 1, 36).
cost(29, 2, 64).
cost(29, 3, 43).
cost(29, 4, 69).
cost(29, 5, 7).
cost(29, 6, 40).
cost(29, 7, 42).
cost(29, 8, 48).
cost(29, 9, 40).
cost(29, 10, 38).
cost(29, 11, 44).
cost(29, 12, 15).
cost(29, 13, 54).
cost(29, 14, 32).
cost(29, 15, 15).
cost(29, 16, 60).
cost(29, 17, 53).
cost(29, 18, 19).
cost(29, 19, 23).
cost(29, 20, 71).
cost(29, 21, 54).
cost(29, 22, 4).
cost(29, 23, 51).
cost(29, 24, 25).
cost(29, 25, 64).
cost(29, 26, 30).
cost(29, 27, 18).
cost(29, 28, 13).
cost(29, 30, 49).
cost(30, 1, 80).
cost(30, 2, 17).
cost(30, 3, 9).
cost(30, 4, 21).
cost(30, 5, 49).
cost(30, 6, 26).
cost(30, 7, 60).
cost(30, 8, 18).
cost(30, 9, 21).
cost(30, 10, 55).
cost(30, 11, 75).
cost(30, 12, 54).
cost(30, 13, 34).
cost(30, 14, 75).
cost(30, 15, 48).
cost(30, 16, 17).
cost(30, 17, 19).
cost(30, 18, 64).
cost(30, 19, 69).
cost(30, 20, 30).
cost(30, 21, 31).
cost(30, 22, 52).
cost(30, 23, 7).
cost(30, 24, 51).
cost(30, 25, 19).
cost(30, 26, 20).
cost(30, 27, 50).
cost(30, 28, 52).
cost(30, 29, 49).
