dimension(30).
point(1, 38.4364398339, 73.1530957397).
point(2, 33.6776062328, 10.6078088322).
point(3, 47.066619231, 16.9555549531).
point(4, 51.5486707296, 93.4645823607).
point(5, 11.2475941384, 70.361936578).
point(6, 20.7454373279, 83.9041730942).
point(7, 26.3737070647, 87.220020534).
point(8, 26.9564657426, 97.2236499644).
point(9, 45.0147393064, 80.0071959373).
point(10, 45.7395815492, 41.8766758861).
point(11, 64.7716807832, 26.8121442611).
point(12, 56.9110870879, 20.9604373636).
point(13, 33.0930130476, 0.7984564981).
point(14, 45.5646730261, 81.3388318771).
point(15, 41.2629202847, 26.7832654744).
point(16, 48.1737024921, 13.8525738038).
point(17, 20.0017859471, 3.1318102283).
point(18, 22.9705156312, 68.7528275302).
point(19, 43.1865381547, 10.115931903).
point(20, 61.9565274114, 86.8291132704).
point(21, 73.8035198895, 27.3619655338).
point(22, 54.0179767331, 96.7523326182).
point(23, 67.1368792823, 19.6550039962).
point(24, 29.6964765992, 67.4948200309).
point(25, 42.5648405357, 18.489581322).
point(26, 50.2824895891, 74.1757770595).
point(27, 66.8305913179, 37.8543023637).
point(28, 19.8455839025, 72.5917838028).
point(29, 68.958391897, 29.7755767705).
point(30, 30.8871655902, 71.056130864).
cost(1, 2, 63).
cost(1, 3, 57).
cost(1, 4, 24).
cost(1, 5, 27).
cost(1, 6, 21).
cost(1, 7, 19).
cost(1, 8, 27).
cost(1, 9, 10).
cost(1, 10, 32).
cost(1, 11, 53).
cost(1, 12, 55).
cost(1, 13, 73).
cost(1, 14, 11).
cost(1, 15, 46).
cost(1, 16, 60).
cost(1, 17, 72).
cost(1, 18, 16).
cost(1, 19, 63).
cost(1, 20, 27).
cost(1, 21, 58).
cost(1, 22, 28).
cost(1, 23, 61).
cost(1, 24, 10).
cost(1, 25, 55).
cost(1, 26, 12).
cost(1, 27, 45).
cost(1, 28, 19).
cost(1, 29, 53).
cost(1, 30, 8).
cost(2, 1, 63).
cost(2, 3, 15).
cost(2, 4, 85).
cost(2, 5, 64).
cost(2, 6, 74).
cost(2, 7, 77).
cost(2, 8, 87).
cost(2, 9, 70).
cost(2, 10, 34).
cost(2, 11, 35).
cost(2, 12, 25).
cost(2, 13, 10).
cost(2, 14, 72).
cost(2, 15, 18).
cost(2, 16, 15).
cost(2, 17, 16).
cost(2, 18, 59).
cost(2, 19, 10).
cost(2, 20, 81).
cost(2, 21, 43).
cost(2, 22, 89).
cost(2, 23, 35).
cost(2, 24, 57).
cost(2, 25, 12).
cost(2, 26, 66).
cost(2, 27, 43).
cost(2, 28, 64).
cost(2, 29, 40).
cost(2, 30, 61).
cost(3, 1, 57).
cost(3, 2, 15).
cost(3, 4, 77).
cost(3, 5, 64).
cost(3, 6, 72).
cost(3, 7, 73).
cost(3, 8, 83).
cost(3, 9, 63).
cost(3, 10, 25).
cost(3, 11, 20).
cost(3, 12, 11).
cost(3, 13, 21).
cost(3, 14, 64).
cost(3, 15, 11).
cost(3, 16, 3).
cost(3, 17, 30).
cost(3, 18, 57).
cost(3, 19, 8).
cost(3, 20, 71).
cost(3, 21, 29).
cost(3, 22, 80).
cost(3, 23, 20).
cost(3, 24, 53).
cost(3, 25, 5).
cost(3, 26, 57).
cost(3, 27, 29).
cost(3, 28, 62).
cost(3, 29, 25).
cost(3, 30, 56).
cost(4, 1, 24).
cost(4, 2, 85).
cost(4, 3, 77).
cost(4, 5, 46).
cost(4, 6, 32).
cost(4, 7, 26).
cost(4, 8, 25).
cost(4, 9, 15).
cost(4, 10, 52).
cost(4, 11, 68).
cost(4, 12, 73).
cost(4, 13, 94).
cost(4, 14, 14).
cost(4, 15, 67).
cost(4, 16, 80).
cost(4, 17, 96).
cost(4, 18, 38).
cost(4, 19, 84).
cost(4, 20, 12).
cost(4, 21, 70).
cost(4, 22, 4).
cost(4, 23, 75).
cost(4, 24, 34).
cost(4, 25, 76).
cost(4, 26, 19).
cost(4, 27, 58).
cost(4, 28, 38).
cost(4, 29, 66).
cost(4, 30, 30).
cost(5, 1, 27).
cost(5, 2, 64).
cost(5, 3, 64).
cost(5, 4, 46).
cost(5, 6, 17).
cost(5, 7, 23).
cost(5, 8, 31).
cost(5, 9, 35).
cost(5, 10, 45).
cost(5, 11, 69).
cost(5, 12, 67).
cost(5, 13, 73).
cost(5, 14, 36).
cost(5, 15, 53).
cost(5, 16, 68).
cost(5, 17, 68).
cost(5, 18, 12).
cost(5, 19, 68).
cost(5, 20, 53).
cost(5, 21, 76).
cost(5, 22, 50).
cost(5, 23, 75).
cost(5, 24, 19).
cost(5, 25, 61).
cost(5, 26, 39).
cost(5, 27, 64).
cost(5, 28, 9).
cost(5, 29, 71).
cost(5, 30, 20).
cost(6, 1, 21).
cost(6, 2, 74).
cost(6, 3, 72).
cost(6, 4, 32).
cost(6, 5, 17).
cost(6, 7, 7).
cost(6, 8, 15).
cost(6, 9, 25).
cost(6, 10, 49).
cost(6, 11, 72).
cost(6, 12, 73).
cost(6, 13, 84).
cost(6, 14, 25).
cost(6, 15, 61).
cost(6, 16, 75).
cost(6, 17, 81).
cost(6, 18, 15).
cost(6, 19, 77).
cost(6, 20, 41).
cost(6, 21, 78).
cost(6, 22, 36).
cost(6, 23, 79).
cost(6, 24, 19).
cost(6, 25, 69).
cost(6, 26, 31).
cost(6, 27, 65).
cost(6, 28, 11).
cost(6, 29, 72).
cost(6, 30, 16).
cost(7, 1, 19).
cost(7, 2, 77).
cost(7, 3, 73).
cost(7, 4, 26).
cost(7, 5, 23).
cost(7, 6, 7).
cost(7, 8, 10).
cost(7, 9, 20).
cost(7, 10, 49).
cost(7, 11, 72).
cost(7, 12, 73).
cost(7, 13, 87).
cost(7, 14, 20).
cost(7, 15, 62).
cost(7, 16, 77).
cost(7, 17, 84).
cost(7, 18, 19).
cost(7, 19, 79).
cost(7, 20, 36).
cost(7, 21, 76).
cost(7, 22, 29).
cost(7, 23, 79).
cost(7, 24, 20).
cost(7, 25, 71).
cost(7, 26, 27).
cost(7, 27, 64).
cost(7, 28, 16).
cost(7, 29, 72).
cost(7, 30, 17).
cost(8, 1, 27).
cost(8, 2, 87).
cost(8, 3, 83).
cost(8, 4, 25).
cost(8, 5, 31).
cost(8, 6, 15).
cost(8, 7, 10).
cost(8, 9, 25).
cost(8, 10, 58).
cost(8, 11, 80).
cost(8, 12, 82).
cost(8, 13, 97).
cost(8, 14, 24).
cost(8, 15, 72).
cost(8, 16, 86).
cost(8, 17, 94).
cost(8, 18, 29).
cost(8, 19, 89).
cost(8, 20, 37).
cost(8, 21, 84).
cost(8, 22, 27).
cost(8, 23, 87).
cost(8, 24, 30).
cost(8, 25, 80).
cost(8, 26, 33).
cost(8, 27, 72).
cost(8, 28, 26).
cost(8, 29, 79).
cost(8, 30, 26).
cost(9, 1, 10).
cost(9, 2, 70).
cost(9, 3, 63).
cost(9, 4, 15).
cost(9, 5, 35).
cost(9, 6, 25).
cost(9, 7, 20).
cost(9, 8, 25).
cost(9, 10, 38).
cost(9, 11, 57).
cost(9, 12, 60).
cost(9, 13, 80).
cost(9, 14, 1).
cost(9, 15, 53).
cost(9, 16, 66).
cost(9, 17, 81).
cost(9, 18, 25).
cost(9, 19, 70).
cost(9, 20, 18).
cost(9, 21, 60).
cost(9, 22, 19).
cost(9, 23, 64).
cost(9, 24, 20).
cost(9, 25, 62).
cost(9, 26, 8).
cost(9, 27, 47).
cost(9, 28, 26).
cost(9, 29, 56).
cost(9, 30, 17).
cost(10, 1, 32).
cost(10, 2, 34).
cost(10, 3, 25).
cost(10, 4, 52).
cost(10, 5, 45).
cost(10, 6, 49).
cost(10, 7, 49).
cost(10, 8, 58).
cost(10, 9, 38).
cost(10, 11, 24).
cost(10, 12, 24).
cost(10, 13, 43).
cost(10, 14, 39).
cost(10, 15, 16).
cost(10, 16, 28).
cost(10, 17, 47).
cost(10, 18, 35).
cost(10, 19, 32).
cost(10, 20, 48).
cost(10, 21, 32).
cost(10, 22, 55).
cost(10, 23, 31).
cost(10, 24, 30).
cost(10, 25, 24).
cost(10, 26, 33).
cost(10, 27, 21).
cost(10, 28, 40).
cost(10, 29, 26).
cost(10, 30, 33).
cost(11, 1, 53).
cost(11, 2, 35).
cost(11, 3, 20).
cost(11, 4, 68).
cost(11, 5, 69).
cost(11, 6, 72).
cost(11, 7, 72).
cost(11, 8, 80).
cost(11, 9, 57).
cost(11, 10, 24).
cost(11, 12, 10).
cost(11, 13, 41).
cost(11, 14, 58).
cost(11, 15, 24).
cost(11, 16, 21).
cost(11, 17, 51).
cost(11, 18, 59).
cost(11, 19, 27).
cost(11, 20, 60).
cost(11, 21, 9).
cost(11, 22, 71).
cost(11, 23, 8).
cost(11, 24, 54).
cost(11, 25, 24).
cost(11, 26, 50).
cost(11, 27, 11).
cost(11, 28, 64).
cost(11, 29, 5).
cost(11, 30, 56).
cost(12, 1, 55).
cost(12, 2, 25).
cost(12, 3, 11).
cost(12, 4, 73).
cost(12, 5, 67).
cost(12, 6, 73).
cost(12, 7, 73).
cost(12, 8, 82).
cost(12, 9, 60).
cost(12, 10, 24).
cost(12, 11, 10).
cost(12, 13, 31).
cost(12, 14, 61).
cost(12, 15, 17).
cost(12, 16, 11).
cost(12, 17, 41).
cost(12, 18, 59).
cost(12, 19, 17).
cost(12, 20, 66).
cost(12, 21, 18).
cost(12, 22, 76).
cost(12, 23, 10).
cost(12, 24, 54).
cost(12, 25, 15).
cost(12, 26, 54).
cost(12, 27, 20).
cost(12, 28, 64).
cost(12, 29, 15).
cost(12, 30, 56).
cost(13, 1, 73).
cost(13, 2, 10).
cost(13, 3, 21).
cost(13, 4, 94).
cost(13, 5, 73).
cost(13, 6, 84).
cost(13, 7, 87).
cost(13, 8, 97).
cost(13, 9, 80).
cost(13, 10, 43).
cost(13, 11, 41).
cost(13, 12, 31).
cost(13, 14, 82).
cost(13, 15, 27).
cost(13, 16, 20).
cost(13, 17, 13).
cost(13, 18, 69).
cost(13, 19, 14).
cost(13, 20, 91).
cost(13, 21, 49).
cost(13, 22, 98).
cost(13, 23, 39).
cost(13, 24, 67).
cost(13, 25, 20).
cost(13, 26, 75).
cost(13, 27, 50).
cost(13, 28, 73).
cost(13, 29, 46).
cost(13, 30, 70).
cost(14, 1, 11).
cost(14, 2, 72).
cost(14, 3, 64).
cost(14, 4, 14).
cost(14, 5, 36).
cost(14, 6, 25).
cost(14, 7, 20).
cost(14, 8, 24).
cost(14, 9, 1).
cost(14, 10, 39).
cost(14, 11, 58).
cost(14, 12, 61).
cost(14, 13, 82).
cost(14, 15, 55).
cost(14, 16, 68).
cost(14, 17, 82).
cost(14, 18, 26).
cost(14, 19, 71).
cost(14, 20, 17).
cost(14, 21, 61).
cost(14, 22, 18).
cost(14, 23, 65).
cost(14, 24, 21).
cost(14, 25, 63).
cost(14, 26, 9).
cost(14, 27, 48).
cost(14, 28, 27).
cost(14, 29, 57).
cost(14, 30, 18).
cost(15, 1, 46).
cost(15, 2, 18).
cost(15, 3, 11).
cost(15, 4, 67).
cost(15, 5, 53).
cost(15, 6, 61).
cost(15, 7, 62).
cost(15, 8, 72).
cost(15, 9, 53).
cost(15, 10, 16).
cost(15, 11, 24).
cost(15, 12, 17).
cost(15, 13, 27).
cost(15, 14, 55).
cost(15, 16, 15).
cost(15, 17, 32).
cost(15, 18, 46).
cost(15, 19, 17).
cost(15, 20, 64).
cost(15, 21, 33).
cost(15, 22, 71).
cost(15, 23, 27).
cost(15, 24, 42).
cost(15, 25, 8).
cost(15, 26, 48).
cost(15, 27, 28).
cost(15, 28, 51).
cost(15, 29, 28).
cost(15, 30, 45).
cost(16, 1, 60).
cost(16, 2, 15).
cost(16, 3, 3).
cost(16, 4, 80).
cost(16, 5, 68).
cost(16, 6, 75).
cost(16, 7, 77).
cost(16, 8, 86).
cost(16, 9, 66).
cost(16, 10, 28).
cost(16, 11, 21).
cost(16, 12, 11).
cost(16, 13, 20).
cost(16, 14, 68).
cost(16, 15, 15).
cost(16, 17, 30).
cost(16, 18, 60).
cost(16, 19, 6).
cost(16, 20, 74).
cost(16, 21, 29).
cost(16, 22, 83).
cost(16, 23, 20).
cost(16, 24, 57).
cost(16, 25, 7).
cost(16, 26, 60).
cost(16, 27, 30).
cost(16, 28, 65).
cost(16, 29, 26).
cost(16, 30, 60).
cost(17, 1, 72).
cost(17, 2, 16).
cost(17, 3, 30).
cost(17, 4, 96).
cost(17, 5, 68).
cost(17, 6, 81).
cost(17, 7, 84).
cost(17, 8, 94).
cost(17, 9, 81).
cost(17, 10, 47).
cost(17, 11, 51).
cost(17, 12, 41).
cost(17, 13, 13).
cost(17, 14, 82).
cost(17, 15, 32).
cost(17, 16, 30).
cost(17, 18, 66).
cost(17, 19, 24).
cost(17, 20, 94).
cost(17, 21, 59).
cost(17, 22, 100).
cost(17, 23, 50).
cost(17, 24, 65).
cost(17, 25, 27).
cost(17, 26, 77).
cost(17, 27, 58).
cost(17, 28, 69).
cost(17, 29, 56).
cost(17, 30, 69).
cost(18, 1, 16).
cost(18, 2, 59).
cost(18, 3, 57).
cost(18, 4, 38).
cost(18, 5, 12).
cost(18, 6, 15).
cost(18, 7, 19).
cost(18, 8, 29).
cost(18, 9, 25).
cost(18, 10, 35).
cost(18, 11, 59).
cost(18, 12, 59).
cost(18, 13, 69).
cost(18, 14, 26).
cost(18, 15, 46).
cost(18, 16, 60).
cost(18, 17, 66).
cost(18, 19, 62).
cost(18, 20, 43).
cost(18, 21, 66).
cost(18, 22, 42).
cost(18, 23, 66).
cost(18, 24, 7).
cost(18, 25, 54).
cost(18, 26, 28).
cost(18, 27, 54).
cost(18, 28, 5).
cost(18, 29, 60).
cost(18, 30, 8).
cost(19, 1, 63).
cost(19, 2, 10).
cost(19, 3, 8).
cost(19, 4, 84).
cost(19, 5, 68).
cost(19, 6, 77).
cost(19, 7, 79).
cost(19, 8, 89).
cost(19, 9, 70).
cost(19, 10, 32).
cost(19, 11, 27).
cost(19, 12, 17).
cost(19, 13, 14).
cost(19, 14, 71).
cost(19, 15, 17).
cost(19, 16, 6).
cost(19, 17, 24).
cost(19, 18, 62).
cost(19, 20, 79).
cost(19, 21, 35).
cost(19, 22, 87).
cost(19, 23, 26).
cost(19, 24, 59).
cost(19, 25, 8).
cost(19, 26, 64).
cost(19, 27, 36).
cost(19, 28, 67).
cost(19, 29, 32).
cost(19, 30, 62).
cost(20, 1, 27).
cost(20, 2, 81).
cost(20, 3, 71).
cost(20, 4, 12).
cost(20, 5, 53).
cost(20, 6, 41).
cost(20, 7, 36).
cost(20, 8, 37).
cost(20, 9, 18).
cost(20, 10, 48).
cost(20, 11, 60).
cost(20, 12, 66).
cost(20, 13, 91).
cost(20, 14, 17).
cost(20, 15, 64).
cost(20, 16, 74).
cost(20, 17, 94).
cost(20, 18, 43).
cost(20, 19, 79).
cost(20, 21, 61).
cost(20, 22, 13).
cost(20, 23, 67).
cost(20, 24, 38).
cost(20, 25, 71).
cost(20, 26, 17).
cost(20, 27, 49).
cost(20, 28, 44).
cost(20, 29, 57).
cost(20, 30, 35).
cost(21, 1, 58).
cost(21, 2, 43).
cost(21, 3, 29).
cost(21, 4, 70).
cost(21, 5, 76).
cost(21, 6, 78).
cost(21, 7, 76).
cost(21, 8, 84).
cost(21, 9, 60).
cost(21, 10, 32).
cost(21, 11, 9).
cost(21, 12, 18).
cost(21, 13, 49).
cost(21, 14, 61).
cost(21, 15, 33).
cost(21, 16, 29).
cost(21, 17, 59).
cost(21, 18, 66).
cost(21, 19, 35).
cost(21, 20, 61).
cost(21, 22, 72).
cost(21, 23, 10).
cost(21, 24, 60).
cost(21, 25, 32).
cost(21, 26, 52).
cost(21, 27, 13).
cost(21, 28, 70).
cost(21, 29, 5).
cost(21, 30, 61).
cost(22, 1, 28).
cost(22, 2, 89).
cost(22, 3, 80).
cost(22, 4, 4).
cost(22, 5, 50).
cost(22, 6, 36).
cost(22, 7, 29).
cost(22, 8, 27).
cost(22, 9, 19).
cost(22, 10, 55).
cost(22, 11, 71).
cost(22, 12, 76).
cost(22, 13, 98).
cost(22, 14, 18).
cost(22, 15, 71).
cost(22, 16, 83).
cost(22, 17, 100).
cost(22, 18, 42).
cost(22, 19, 87).
cost(22, 20, 13).
cost(22, 21, 72).
cost(22, 23, 78).
cost(22, 24, 38).
cost(22, 25, 79).
cost(22, 26, 23).
cost(22, 27, 60).
cost(22, 28, 42).
cost(22, 29, 69).
cost(22, 30, 35).
cost(23, 1, 61).
cost(23, 2, 35).
cost(23, 3, 20).
cost(23, 4, 75).
cost(23, 5, 75).
cost(23, 6, 79).
cost(23, 7, 79).
cost(23, 8, 87).
cost(23, 9, 64).
cost(23, 10, 31).
cost(23, 11, 8).
cost(23, 12, 10).
cost(23, 13, 39).
cost(23, 14, 65).
cost(23, 15, 27).
cost(23, 16, 20).
cost(23, 17, 50).
cost(23, 18, 66).
cost(23, 19, 26).
cost(23, 20, 67).
cost(23, 21, 10).
cost(23, 22, 78).
cost(23, 24, 61).
cost(23, 25, 25).
cost(23, 26, 57).
cost(23, 27, 18).
cost(23, 28, 71).
cost(23, 29, 10).
cost(23, 30, 63).
cost(24, 1, 10).
cost(24, 2, 57).
cost(24, 3, 53).
cost(24, 4, 34).
cost(24, 5, 19).
cost(24, 6, 19).
cost(24, 7, 20).
cost(24, 8, 30).
cost(24, 9, 20).
cost(24, 10, 30).
cost(24, 11, 54).
cost(24, 12, 54).
cost(24, 13, 67).
cost(24, 14, 21).
cost(24, 15, 42).
cost(24, 16, 57).
cost(24, 17, 65).
cost(24, 18, 7).
cost(24, 19, 59).
cost(24, 20, 38).
cost(24, 21, 60).
cost(24, 22, 38).
cost(24, 23, 61).
cost(24, 25, 51).
cost(24, 26, 22).
cost(24, 27, 48).
cost(24, 28, 11).
cost(24, 29, 54).
cost(24, 30, 4).
cost(25, 1, 55).
cost(25, 2, 12).
cost(25, 3, 5).
cost(25, 4, 76).
cost(25, 5, 61).
cost(25, 6, 69).
cost(25, 7, 71).
cost(25, 8, 80).
cost(25, 9, 62).
cost(25, 10, 24).
cost(25, 11, 24).
cost(25, 12, 15).
cost(25, 13, 20).
cost(25, 14, 63).
cost(25, 15, 8).
cost(25, 16, 7).
cost(25, 17, 27).
cost(25, 18, 54).
cost(25, 19, 8).
cost(25, 20, 71).
cost(25, 21, 32).
cost(25, 22, 79).
cost(25, 23, 25).
cost(25, 24, 51).
cost(25, 26, 56).
cost(25, 27, 31).
cost(25, 28, 59).
cost(25, 29, 29).
cost(25, 30, 54).
cost(26, 1, 12).
cost(26, 2, 66).
cost(26, 3, 57).
cost(26, 4, 19).
cost(26, 5, 39).
cost(26, 6, 31).
cost(26, 7, 27).
cost(26, 8, 33).
cost(26, 9, 8).
cost(26, 10, 33).
cost(26, 11, 50).
cost(26, 12, 54).
cost(26, 13, 75).
cost(26, 14, 9).
cost(26, 15, 48).
cost(26, 16, 60).
cost(26, 17, 77).
cost(26, 18, 28).
cost(26, 19, 64).
cost(26, 20, 17).
cost(26, 21, 52).
cost(26, 22, 23).
cost(26, 23, 57).
cost(26, 24, 22).
cost(26, 25, 56).
cost(26, 27, 40).
cost(26, 28, 30).
cost(26, 29, 48).
cost(26, 30, 20).
cost(27, 1, 45).
cost(27, 2, 43).
cost(27, 3, 29).
cost(27, 4, 58).
cost(27, 5, 64).
cost(27, 6, 65).
cost(27, 7, 64).
cost(27, 8, 72).
cost(27, 9, 47).
cost(27, 10, 21).
cost(27, 11, 11).
cost(27, 12, 20).
cost(27, 13, 50).
cost(27, 14, 48).
cost(27, 15, 28).
cost(27, 16, 30).
cost(27, 17, 58).
cost(27, 18, 54).
cost(27, 19, 36).
cost(27, 20, 49).
cost(27, 21, 13).
cost(27, 22, 60).
cost(27, 23, 18).
cost(27, 24, 48).
cost(27, 25, 31).
cost(27, 26, 40).
cost(27, 28, 58).
cost(27, 29, 8).
cost(27, 30, 49).
cost(28, 1, 19).
cost(28, 2, 64).
cost(28, 3, 62).
cost(28, 4, 38).
cost(28, 5, 9).
cost(28, 6, 11).
cost(28, 7, 16).
cost(28, 8, 26).
cost(28, 9, 26).
cost(28, 10, 40).
cost(28, 11, 64).
cost(28, 12, 64).
cost(28, 13, 73).
cost(28, 14, 27).
cost(28, 15, 51).
cost(28, 16, 65).
cost(28, 17, 69).
cost(28, 18, 5).
cost(28, 19, 67).
cost(28, 20, 44).
cost(28, 21, 70).
cost(28, 22, 42).
cost(28, 23, 71).
cost(28, 24, 11).
cost(28, 25, 59).
cost(28, 26, 30).
cost(28, 27, 58).
cost(28, 29, 65).
cost(28, 30, 11).
cost(29, 1, 53).
cost(29, 2, 40).
cost(29, 3, 25).
cost(29, 4, 66).
cost(29, 5, 71).
cost(29, 6, 72).
cost(29, 7, 72).
cost(29, 8, 79).
cost(29, 9, 56).
cost(29, 10, 26).
cost(29, 11, 5).
cost(29, 12, 15).
cost(29, 13, 46).
cost(29, 14, 57).
cost(29, 15, 28).
cost(29, 16, 26).
cost(29, 17, 56).
cost(29, 18, 60).
cost(29, 19, 32).
cost(29, 20, 57).
cost(29, 21, 5).
cost(29, 22, 69).
cost(29, 23, 10).
cost(29, 24, 54).
cost(29, 25, 29).
cost(29, 26, 48).
cost(29, 27, 8).
cost(29, 28, 65).
cost(29, 30, 56).
cost(30, 1, 8).
cost(30, 2, 61).
cost(30, 3, 56).
cost(30, 4, 30).
cost(30, 5, 20).
cost(30, 6, 16).
cost(30, 7, 17).
cost(30, 8, 26).
cost(30, 9, 17).
cost(30, 10, 33).
cost(30, 11, 56).
cost(30, 12, 56).
cost(30, 13, 70).
cost(30, 14, 18).
cost(30, 15, 45).
cost(30, 16, 60).
cost(30, 17, 69).
cost(30, 18, 8).
cost(30, 19, 62).
cost(30, 20, 35).
cost(30, 21, 61).
cost(30, 22, 35).
cost(30, 23, 63).
cost(30, 24, 4).
cost(30, 25, 54).
cost(30, 26, 20).
cost(30, 27, 49).
cost(30, 28, 11).
cost(30, 29, 56).
