dimension(30).
point(1, 10.8537120211, 23.9418794601).
point(2, 42.7255903933, 3.4356986868).
point(3, 94.9819821508, 53.6163003541).
point(4, 18.8063267137, 2.9927707083).
point(5, 7.0412796583, 1.2158965276).
point(6, 78.7424784594, 61.2067598692).
point(7, 70.9410246979, 74.4068725271).
point(8, 87.4201170953, 70.0336602962).
point(9, 97.1627779189, 58.577208436).
point(10, 6.3083941681, 21.8758408085).
point(11, 18.1043472178, 53.5366423434).
point(12, 30.1463941219, 14.5301552568).
point(13, 56.2558015865, 87.206358033).
point(14, 34.8378783474, 35.3855590466).
point(15, 58.9851397413, 93.6807039535).
point(16, 12.2477784198, 33.6843942983).
point(17, 62.0617853291, 83.79977407).
point(18, 58.0904111853, 3.4805583805).
point(19, 72.5937129444, 85.5195565207).
point(20, 85.9560318771, 64.4653541004).
point(21, 92.2761212384, 54.2829328085).
point(22, 81.7845067856, 72.425020391).
point(23, 11.5240293948, 52.2189534984).
point(24, 59.4076868388, 97.9372094251).
point(25, 7.0557115165, 50.9112582878).
point(26, 30.8981324472, 27.3129243892).
point(27, 26.833592984, 15.3434322717).
point(28, 97.869279997, 47.5069731037).
point(29, 11.7225163661, 16.4991912551).
point(30, 97.6877451091, 52.2303190965).
cost(1, 2, 38).
cost(1, 3, 89).
cost(1, 4, 22).
cost(1, 5, 23).
cost(1, 6, 77).
cost(1, 7, 78).
cost(1, 8, 89).
cost(1, 9, 93).
cost(1, 10, 5).
cost(1, 11, 30).
cost(1, 12, 21).
cost(1, 13, 78).
cost(1, 14, 27).
cost(1, 15, 85).
cost(1, 16, 10).
cost(1, 17, 79).
cost(1, 18, 51).
cost(1, 19, 87).
cost(1, 20, 85).
cost(1, 21, 87).
cost(1, 22, 86).
cost(1, 23, 28).
cost(1, 24, 89).
cost(1, 25, 27).
cost(1, 26, 20).
cost(1, 27, 18).
cost(1, 28, 90).
cost(1, 29, 7).
cost(1, 30, 91).
cost(2, 1, 38).
cost(2, 3, 72).
cost(2, 4, 24).
cost(2, 5, 36).
cost(2, 6, 68).
cost(2, 7, 76).
cost(2, 8, 80).
cost(2, 9, 77).
cost(2, 10, 41).
cost(2, 11, 56).
cost(2, 12, 17).
cost(2, 13, 85).
cost(2, 14, 33).
cost(2, 15, 92).
cost(2, 16, 43).
cost(2, 17, 83).
cost(2, 18, 15).
cost(2, 19, 87).
cost(2, 20, 75).
cost(2, 21, 71).
cost(2, 22, 79).
cost(2, 23, 58).
cost(2, 24, 96).
cost(2, 25, 59).
cost(2, 26, 27).
cost(2, 27, 20).
cost(2, 28, 71).
cost(2, 29, 34).
cost(2, 30, 73).
cost(3, 1, 89).
cost(3, 2, 72).
cost(3, 4, 91).
cost(3, 5, 102).
cost(3, 6, 18).
cost(3, 7, 32).
cost(3, 8, 18).
cost(3, 9, 5).
cost(3, 10, 94).
cost(3, 11, 77).
cost(3, 12, 76).
cost(3, 13, 51).
cost(3, 14, 63).
cost(3, 15, 54).
cost(3, 16, 85).
cost(3, 17, 45).
cost(3, 18, 62).
cost(3, 19, 39).
cost(3, 20, 14).
cost(3, 21, 3).
cost(3, 22, 23).
cost(3, 23, 83).
cost(3, 24, 57).
cost(3, 25, 88).
cost(3, 26, 69).
cost(3, 27, 78).
cost(3, 28, 7).
cost(3, 29, 91).
cost(3, 30, 3).
cost(4, 1, 22).
cost(4, 2, 24).
cost(4, 3, 91).
cost(4, 5, 12).
cost(4, 6, 84).
cost(4, 7, 88).
cost(4, 8, 96).
cost(4, 9, 96).
cost(4, 10, 23).
cost(4, 11, 51).
cost(4, 12, 16).
cost(4, 13, 92).
cost(4, 14, 36).
cost(4, 15, 99).
cost(4, 16, 31).
cost(4, 17, 92).
cost(4, 18, 39).
cost(4, 19, 99).
cost(4, 20, 91).
cost(4, 21, 90).
cost(4, 22, 94).
cost(4, 23, 50).
cost(4, 24, 103).
cost(4, 25, 49).
cost(4, 26, 27).
cost(4, 27, 15).
cost(4, 28, 91).
cost(4, 29, 15).
cost(4, 30, 93).
cost(5, 1, 23).
cost(5, 2, 36).
cost(5, 3, 102).
cost(5, 4, 12).
cost(5, 6, 93).
cost(5, 7, 97).
cost(5, 8, 106).
cost(5, 9, 107).
cost(5, 10, 21).
cost(5, 11, 53).
cost(5, 12, 27).
cost(5, 13, 99).
cost(5, 14, 44).
cost(5, 15, 106).
cost(5, 16, 33).
cost(5, 17, 99).
cost(5, 18, 51).
cost(5, 19, 107).
cost(5, 20, 101).
cost(5, 21, 100).
cost(5, 22, 103).
cost(5, 23, 51).
cost(5, 24, 110).
cost(5, 25, 50).
cost(5, 26, 35).
cost(5, 27, 24).
cost(5, 28, 102).
cost(5, 29, 16).
cost(5, 30, 104).
cost(6, 1, 77).
cost(6, 2, 68).
cost(6, 3, 18).
cost(6, 4, 84).
cost(6, 5, 93).
cost(6, 7, 15).
cost(6, 8, 12).
cost(6, 9, 19).
cost(6, 10, 82).
cost(6, 11, 61).
cost(6, 12, 67).
cost(6, 13, 34).
cost(6, 14, 51).
cost(6, 15, 38).
cost(6, 16, 72).
cost(6, 17, 28).
cost(6, 18, 61).
cost(6, 19, 25).
cost(6, 20, 8).
cost(6, 21, 15).
cost(6, 22, 12).
cost(6, 23, 68).
cost(6, 24, 42).
cost(6, 25, 72).
cost(6, 26, 59).
cost(6, 27, 69).
cost(6, 28, 24).
cost(6, 29, 81).
cost(6, 30, 21).
cost(7, 1, 78).
cost(7, 2, 76).
cost(7, 3, 32).
cost(7, 4, 88).
cost(7, 5, 97).
cost(7, 6, 15).
cost(7, 8, 17).
cost(7, 9, 31).
cost(7, 10, 83).
cost(7, 11, 57).
cost(7, 12, 72).
cost(7, 13, 19).
cost(7, 14, 53).
cost(7, 15, 23).
cost(7, 16, 71).
cost(7, 17, 13).
cost(7, 18, 72).
cost(7, 19, 11).
cost(7, 20, 18).
cost(7, 21, 29).
cost(7, 22, 11).
cost(7, 23, 63).
cost(7, 24, 26).
cost(7, 25, 68).
cost(7, 26, 62).
cost(7, 27, 74).
cost(7, 28, 38).
cost(7, 29, 83).
cost(7, 30, 35).
cost(8, 1, 89).
cost(8, 2, 80).
cost(8, 3, 18).
cost(8, 4, 96).
cost(8, 5, 106).
cost(8, 6, 12).
cost(8, 7, 17).
cost(8, 9, 15).
cost(8, 10, 94).
cost(8, 11, 71).
cost(8, 12, 80).
cost(8, 13, 36).
cost(8, 14, 63).
cost(8, 15, 37).
cost(8, 16, 83).
cost(8, 17, 29).
cost(8, 18, 73).
cost(8, 19, 21).
cost(8, 20, 6).
cost(8, 21, 16).
cost(8, 22, 6).
cost(8, 23, 78).
cost(8, 24, 40).
cost(8, 25, 83).
cost(8, 26, 71).
cost(8, 27, 82).
cost(8, 28, 25).
cost(8, 29, 93).
cost(8, 30, 21).
cost(9, 1, 93).
cost(9, 2, 77).
cost(9, 3, 5).
cost(9, 4, 96).
cost(9, 5, 107).
cost(9, 6, 19).
cost(9, 7, 31).
cost(9, 8, 15).
cost(9, 10, 98).
cost(9, 11, 79).
cost(9, 12, 80).
cost(9, 13, 50).
cost(9, 14, 66).
cost(9, 15, 52).
cost(9, 16, 88).
cost(9, 17, 43).
cost(9, 18, 68).
cost(9, 19, 36).
cost(9, 20, 13).
cost(9, 21, 7).
cost(9, 22, 21).
cost(9, 23, 86).
cost(9, 24, 55).
cost(9, 25, 90).
cost(9, 26, 73).
cost(9, 27, 83).
cost(9, 28, 11).
cost(9, 29, 95).
cost(9, 30, 6).
cost(10, 1, 5).
cost(10, 2, 41).
cost(10, 3, 94).
cost(10, 4, 23).
cost(10, 5, 21).
cost(10, 6, 82).
cost(10, 7, 83).
cost(10, 8, 94).
cost(10, 9, 98).
cost(10, 11, 34).
cost(10, 12, 25).
cost(10, 13, 82).
cost(10, 14, 32).
cost(10, 15, 89).
cost(10, 16, 13).
cost(10, 17, 83).
cost(10, 18, 55).
cost(10, 19, 92).
cost(10, 20, 90).
cost(10, 21, 92).
cost(10, 22, 91).
cost(10, 23, 31).
cost(10, 24, 93).
cost(10, 25, 29).
cost(10, 26, 25).
cost(10, 27, 22).
cost(10, 28, 95).
cost(10, 29, 8).
cost(10, 30, 96).
cost(11, 1, 30).
cost(11, 2, 56).
cost(11, 3, 77).
cost(11, 4, 51).
cost(11, 5, 53).
cost(11, 6, 61).
cost(11, 7, 57).
cost(11, 8, 71).
cost(11, 9, 79).
cost(11, 10, 34).
cost(11, 12, 41).
cost(11, 13, 51).
cost(11, 14, 25).
cost(11, 15, 57).
cost(11, 16, 21).
cost(11, 17, 53).
cost(11, 18, 64).
cost(11, 19, 63).
cost(11, 20, 69).
cost(11, 21, 74).
cost(11, 22, 66).
cost(11, 23, 7).
cost(11, 24, 61).
cost(11, 25, 11).
cost(11, 26, 29).
cost(11, 27, 39).
cost(11, 28, 80).
cost(11, 29, 38).
cost(11, 30, 80).
cost(12, 1, 21).
cost(12, 2, 17).
cost(12, 3, 76).
cost(12, 4, 16).
cost(12, 5, 27).
cost(12, 6, 67).
cost(12, 7, 72).
cost(12, 8, 80).
cost(12, 9, 80).
cost(12, 10, 25).
cost(12, 11, 41).
cost(12, 13, 77).
cost(12, 14, 21).
cost(12, 15, 84).
cost(12, 16, 26).
cost(12, 17, 76).
cost(12, 18, 30).
cost(12, 19, 83).
cost(12, 20, 75).
cost(12, 21, 74).
cost(12, 22, 78).
cost(12, 23, 42).
cost(12, 24, 88).
cost(12, 25, 43).
cost(12, 26, 13).
cost(12, 27, 3).
cost(12, 28, 75).
cost(12, 29, 19).
cost(12, 30, 77).
cost(13, 1, 78).
cost(13, 2, 85).
cost(13, 3, 51).
cost(13, 4, 92).
cost(13, 5, 99).
cost(13, 6, 34).
cost(13, 7, 19).
cost(13, 8, 36).
cost(13, 9, 50).
cost(13, 10, 82).
cost(13, 11, 51).
cost(13, 12, 77).
cost(13, 14, 56).
cost(13, 15, 7).
cost(13, 16, 69).
cost(13, 17, 7).
cost(13, 18, 84).
cost(13, 19, 16).
cost(13, 20, 37).
cost(13, 21, 49).
cost(13, 22, 29).
cost(13, 23, 57).
cost(13, 24, 11).
cost(13, 25, 61).
cost(13, 26, 65).
cost(13, 27, 78).
cost(13, 28, 58).
cost(13, 29, 84).
cost(13, 30, 54).
cost(14, 1, 27).
cost(14, 2, 33).
cost(14, 3, 63).
cost(14, 4, 36).
cost(14, 5, 44).
cost(14, 6, 51).
cost(14, 7, 53).
cost(14, 8, 63).
cost(14, 9, 66).
cost(14, 10, 32).
cost(14, 11, 25).
cost(14, 12, 21).
cost(14, 13, 56).
cost(14, 15, 63).
cost(14, 16, 23).
cost(14, 17, 56).
cost(14, 18, 39).
cost(14, 19, 63).
cost(14, 20, 59).
cost(14, 21, 60).
cost(14, 22, 60).
cost(14, 23, 29).
cost(14, 24, 67).
cost(14, 25, 32).
cost(14, 26, 9).
cost(14, 27, 22).
cost(14, 28, 64).
cost(14, 29, 30).
cost(14, 30, 65).
cost(15, 1, 85).
cost(15, 2, 92).
cost(15, 3, 54).
cost(15, 4, 99).
cost(15, 5, 106).
cost(15, 6, 38).
cost(15, 7, 23).
cost(15, 8, 37).
cost(15, 9, 52).
cost(15, 10, 89).
cost(15, 11, 57).
cost(15, 12, 84).
cost(15, 13, 7).
cost(15, 14, 63).
cost(15, 16, 76).
cost(15, 17, 10).
cost(15, 18, 90).
cost(15, 19, 16).
cost(15, 20, 40).
cost(15, 21, 52).
cost(15, 22, 31).
cost(15, 23, 63).
cost(15, 24, 4).
cost(15, 25, 67).
cost(15, 26, 72).
cost(15, 27, 85).
cost(15, 28, 60).
cost(15, 29, 91).
cost(15, 30, 57).
cost(16, 1, 10).
cost(16, 2, 43).
cost(16, 3, 85).
cost(16, 4, 31).
cost(16, 5, 33).
cost(16, 6, 72).
cost(16, 7, 71).
cost(16, 8, 83).
cost(16, 9, 88).
cost(16, 10, 13).
cost(16, 11, 21).
cost(16, 12, 26).
cost(16, 13, 69).
cost(16, 14, 23).
cost(16, 15, 76).
cost(16, 17, 71).
cost(16, 18, 55).
cost(16, 19, 80).
cost(16, 20, 80).
cost(16, 21, 83).
cost(16, 22, 80).
cost(16, 23, 19).
cost(16, 24, 80).
cost(16, 25, 18).
cost(16, 26, 20).
cost(16, 27, 23).
cost(16, 28, 87).
cost(16, 29, 17).
cost(16, 30, 87).
cost(17, 1, 79).
cost(17, 2, 83).
cost(17, 3, 45).
cost(17, 4, 92).
cost(17, 5, 99).
cost(17, 6, 28).
cost(17, 7, 13).
cost(17, 8, 29).
cost(17, 9, 43).
cost(17, 10, 83).
cost(17, 11, 53).
cost(17, 12, 76).
cost(17, 13, 7).
cost(17, 14, 56).
cost(17, 15, 10).
cost(17, 16, 71).
cost(17, 18, 80).
cost(17, 19, 11).
cost(17, 20, 31).
cost(17, 21, 42).
cost(17, 22, 23).
cost(17, 23, 60).
cost(17, 24, 14).
cost(17, 25, 64).
cost(17, 26, 65).
cost(17, 27, 77).
cost(17, 28, 51).
cost(17, 29, 84).
cost(17, 30, 48).
cost(18, 1, 51).
cost(18, 2, 15).
cost(18, 3, 62).
cost(18, 4, 39).
cost(18, 5, 51).
cost(18, 6, 61).
cost(18, 7, 72).
cost(18, 8, 73).
cost(18, 9, 68).
cost(18, 10, 55).
cost(18, 11, 64).
cost(18, 12, 30).
cost(18, 13, 84).
cost(18, 14, 39).
cost(18, 15, 90).
cost(18, 16, 55).
cost(18, 17, 80).
cost(18, 19, 83).
cost(18, 20, 67).
cost(18, 21, 61).
cost(18, 22, 73).
cost(18, 23, 67).
cost(18, 24, 94).
cost(18, 25, 70).
cost(18, 26, 36).
cost(18, 27, 33).
cost(18, 28, 59).
cost(18, 29, 48).
cost(18, 30, 63).
cost(19, 1, 87).
cost(19, 2, 87).
cost(19, 3, 39).
cost(19, 4, 99).
cost(19, 5, 107).
cost(19, 6, 25).
cost(19, 7, 11).
cost(19, 8, 21).
cost(19, 9, 36).
cost(19, 10, 92).
cost(19, 11, 63).
cost(19, 12, 83).
cost(19, 13, 16).
cost(19, 14, 63).
cost(19, 15, 16).
cost(19, 16, 80).
cost(19, 17, 11).
cost(19, 18, 83).
cost(19, 20, 25).
cost(19, 21, 37).
cost(19, 22, 16).
cost(19, 23, 70).
cost(19, 24, 18).
cost(19, 25, 74).
cost(19, 26, 72).
cost(19, 27, 84).
cost(19, 28, 46).
cost(19, 29, 92).
cost(19, 30, 42).
cost(20, 1, 85).
cost(20, 2, 75).
cost(20, 3, 14).
cost(20, 4, 91).
cost(20, 5, 101).
cost(20, 6, 8).
cost(20, 7, 18).
cost(20, 8, 6).
cost(20, 9, 13).
cost(20, 10, 90).
cost(20, 11, 69).
cost(20, 12, 75).
cost(20, 13, 37).
cost(20, 14, 59).
cost(20, 15, 40).
cost(20, 16, 80).
cost(20, 17, 31).
cost(20, 18, 67).
cost(20, 19, 25).
cost(20, 21, 12).
cost(20, 22, 9).
cost(20, 23, 75).
cost(20, 24, 43).
cost(20, 25, 80).
cost(20, 26, 66).
cost(20, 27, 77).
cost(20, 28, 21).
cost(20, 29, 88).
cost(20, 30, 17).
cost(21, 1, 87).
cost(21, 2, 71).
cost(21, 3, 3).
cost(21, 4, 90).
cost(21, 5, 100).
cost(21, 6, 15).
cost(21, 7, 29).
cost(21, 8, 16).
cost(21, 9, 7).
cost(21, 10, 92).
cost(21, 11, 74).
cost(21, 12, 74).
cost(21, 13, 49).
cost(21, 14, 60).
cost(21, 15, 52).
cost(21, 16, 83).
cost(21, 17, 42).
cost(21, 18, 61).
cost(21, 19, 37).
cost(21, 20, 12).
cost(21, 22, 21).
cost(21, 23, 81).
cost(21, 24, 55).
cost(21, 25, 85).
cost(21, 26, 67).
cost(21, 27, 76).
cost(21, 28, 9).
cost(21, 29, 89).
cost(21, 30, 6).
cost(22, 1, 86).
cost(22, 2, 79).
cost(22, 3, 23).
cost(22, 4, 94).
cost(22, 5, 103).
cost(22, 6, 12).
cost(22, 7, 11).
cost(22, 8, 6).
cost(22, 9, 21).
cost(22, 10, 91).
cost(22, 11, 66).
cost(22, 12, 78).
cost(22, 13, 29).
cost(22, 14, 60).
cost(22, 15, 31).
cost(22, 16, 80).
cost(22, 17, 23).
cost(22, 18, 73).
cost(22, 19, 16).
cost(22, 20, 9).
cost(22, 21, 21).
cost(22, 23, 73).
cost(22, 24, 34).
cost(22, 25, 78).
cost(22, 26, 68).
cost(22, 27, 79).
cost(22, 28, 30).
cost(22, 29, 90).
cost(22, 30, 26).
cost(23, 1, 28).
cost(23, 2, 58).
cost(23, 3, 83).
cost(23, 4, 50).
cost(23, 5, 51).
cost(23, 6, 68).
cost(23, 7, 63).
cost(23, 8, 78).
cost(23, 9, 86).
cost(23, 10, 31).
cost(23, 11, 7).
cost(23, 12, 42).
cost(23, 13, 57).
cost(23, 14, 29).
cost(23, 15, 63).
cost(23, 16, 19).
cost(23, 17, 60).
cost(23, 18, 67).
cost(23, 19, 70).
cost(23, 20, 75).
cost(23, 21, 81).
cost(23, 22, 73).
cost(23, 24, 66).
cost(23, 25, 5).
cost(23, 26, 32).
cost(23, 27, 40).
cost(23, 28, 86).
cost(23, 29, 36).
cost(23, 30, 86).
cost(24, 1, 89).
cost(24, 2, 96).
cost(24, 3, 57).
cost(24, 4, 103).
cost(24, 5, 110).
cost(24, 6, 42).
cost(24, 7, 26).
cost(24, 8, 40).
cost(24, 9, 55).
cost(24, 10, 93).
cost(24, 11, 61).
cost(24, 12, 88).
cost(24, 13, 11).
cost(24, 14, 67).
cost(24, 15, 4).
cost(24, 16, 80).
cost(24, 17, 14).
cost(24, 18, 94).
cost(24, 19, 18).
cost(24, 20, 43).
cost(24, 21, 55).
cost(24, 22, 34).
cost(24, 23, 66).
cost(24, 25, 70).
cost(24, 26, 76).
cost(24, 27, 89).
cost(24, 28, 63).
cost(24, 29, 94).
cost(24, 30, 60).
cost(25, 1, 27).
cost(25, 2, 59).
cost(25, 3, 88).
cost(25, 4, 49).
cost(25, 5, 50).
cost(25, 6, 72).
cost(25, 7, 68).
cost(25, 8, 83).
cost(25, 9, 90).
cost(25, 10, 29).
cost(25, 11, 11).
cost(25, 12, 43).
cost(25, 13, 61).
cost(25, 14, 32).
cost(25, 15, 67).
cost(25, 16, 18).
cost(25, 17, 64).
cost(25, 18, 70).
cost(25, 19, 74).
cost(25, 20, 80).
cost(25, 21, 85).
cost(25, 22, 78).
cost(25, 23, 5).
cost(25, 24, 70).
cost(25, 26, 34).
cost(25, 27, 41).
cost(25, 28, 91).
cost(25, 29, 35).
cost(25, 30, 91).
cost(26, 1, 20).
cost(26, 2, 27).
cost(26, 3, 69).
cost(26, 4, 27).
cost(26, 5, 35).
cost(26, 6, 59).
cost(26, 7, 62).
cost(26, 8, 71).
cost(26, 9, 73).
cost(26, 10, 25).
cost(26, 11, 29).
cost(26, 12, 13).
cost(26, 13, 65).
cost(26, 14, 9).
cost(26, 15, 72).
cost(26, 16, 20).
cost(26, 17, 65).
cost(26, 18, 36).
cost(26, 19, 72).
cost(26, 20, 66).
cost(26, 21, 67).
cost(26, 22, 68).
cost(26, 23, 32).
cost(26, 24, 76).
cost(26, 25, 34).
cost(26, 27, 13).
cost(26, 28, 70).
cost(26, 29, 22).
cost(26, 30, 71).
cost(27, 1, 18).
cost(27, 2, 20).
cost(27, 3, 78).
cost(27, 4, 15).
cost(27, 5, 24).
cost(27, 6, 69).
cost(27, 7, 74).
cost(27, 8, 82).
cost(27, 9, 83).
cost(27, 10, 22).
cost(27, 11, 39).
cost(27, 12, 3).
cost(27, 13, 78).
cost(27, 14, 22).
cost(27, 15, 85).
cost(27, 16, 23).
cost(27, 17, 77).
cost(27, 18, 33).
cost(27, 19, 84).
cost(27, 20, 77).
cost(27, 21, 76).
cost(27, 22, 79).
cost(27, 23, 40).
cost(27, 24, 89).
cost(27, 25, 41).
cost(27, 26, 13).
cost(27, 28, 78).
cost(27, 29, 15).
cost(27, 30, 80).
cost(28, 1, 90).
cost(28, 2, 71).
cost(28, 3, 7).
cost(28, 4, 91).
cost(28, 5, 102).
cost(28, 6, 24).
cost(28, 7, 38).
cost(28, 8, 25).
cost(28, 9, 11).
cost(28, 10, 95).
cost(28, 11, 80).
cost(28, 12, 75).
cost(28, 13, 58).
cost(28, 14, 64).
cost(28, 15, 60).
cost(28, 16, 87).
cost(28, 17, 51).
cost(28, 18, 59).
cost(28, 19, 46).
cost(28, 20, 21).
cost(28, 21, 9).
cost(28, 22, 30).
cost(28, 23, 86).
cost(28, 24, 63).
cost(28, 25, 91).
cost(28, 26, 70).
cost(28, 27, 78).
cost(28, 29, 92).
cost(28, 30, 5).
cost(29, 1, 7).
cost(29, 2, 34).
cost(29, 3, 91).
cost(29, 4, 15).
cost(29, 5, 16).
cost(29, 6, 81).
cost(29, 7, 83).
cost(29, 8, 93).
cost(29, 9, 95).
cost(29, 10, 8).
cost(29, 11, 38).
cost(29, 12, 19).
cost(29, 13, 84).
cost(29, 14, 30).
cost(29, 15, 91).
cost(29, 16, 17).
cost(29, 17, 84).
cost(29, 18, 48).
cost(29, 19, 92).
cost(29, 20, 88).
cost(29, 21, 89).
cost(29, 22, 90).
cost(29, 23, 36).
cost(29, 24, 94).
cost(29, 25, 35).
cost(29, 26, 22).
cost(29, 27, 15).
cost(29, 28, 92).
cost(29, 30, 93).
cost(30, 1, 91).
cost(30, 2, 73).
cost(30, 3, 3).
cost(30, 4, 93).
cost(30, 5, 104).
cost(30, 6, 21).
cost(30, 7, 35).
cost(30, 8, 21).
cost(30, 9, 6).
cost(30, 10, 96).
cost(30, 11, 80).
cost(30, 12, 77).
cost(30, 13, 54).
cost(30, 14, 65).
cost(30, 15, 57).
cost(30, 16, 87).
cost(30, 17, 48).
cost(30, 18, 63).
cost(30, 19, 42).
cost(30, 20, 17).
cost(30, 21, 6).
cost(30, 22, 26).
cost(30, 23, 86).
cost(30, 24, 60).
cost(30, 25, 91).
cost(30, 26, 71).
cost(30, 27, 80).
cost(30, 28, 5).
cost(30, 29, 93).
