dimension(30).
point(1, 76.1672819907, 40.2670345318).
point(2, 93.8908966242, 16.8433389129).
point(3, 17.7049447488, 94.7362376766).
point(4, 34.2956524882, 76.8513870104).
point(5, 84.4629212706, 15.4556564882).
point(6, 98.8154258511, 59.1586059399).
point(7, 96.6595387234, 34.0968029953).
point(8, 83.9472369059, 6.448239933).
point(9, 32.7233071045, 98.6322386348).
point(10, 5.9435978096, 80.9963232573).
point(11, 74.4510475422, 55.8391480015).
point(12, 95.3030005692, 50.2582749426).
point(13, 4.7847089987, 47.9611950482).
point(14, 21.0583213513, 93.4658782108).
point(15, 57.9007485618, 96.0674035961).
point(16, 21.2679471072, 85.5502230053).
point(17, 68.1438185374, 15.6741102281).
point(18, 75.7990510993, 34.0538692124).
point(19, 14.3771488466, 61.9399265377).
point(20, 35.1532177662, 97.0462073163).
point(21, 95.9429804361, 12.6245012483).
point(22, 84.1633804892, 31.5862020347).
point(23, 10.1179337267, 65.9988065477).
point(24, 17.6134405559, 83.8684832791).
point(25, 47.901554451, 97.9854538351).
point(26, 22.0063903931, 90.3600487555).
point(27, 25.9595864243, 91.3432747507).
point(28, 93.4702041743, 35.0911874912).
point(29, 57.7364115291, 25.823712181).
point(30, 65.9291504224, 20.9608893271).
cost(1, 2, 29).
cost(1, 3, 80).
cost(1, 4, 56).
cost(1, 5, 26).
cost(1, 6, 29).
cost(1, 7, 21).
cost(1, 8, 35).
cost(1, 9, 73).
cost(1, 10, 81).
cost(1, 11, 16).
cost(1, 12, 22).
cost(1, 13, 72).
cost(1, 14, 77).
cost(1, 15, 59).
cost(1, 16, 71).
cost(1, 17, 26).
cost(1, 18, 6).
cost(1, 19, 65).
cost(1, 20, 70).
cost(1, 21, 34).
cost(1, 22, 12).
cost(1, 23, 71).
cost(1, 24, 73).
cost(1, 25, 64).
cost(1, 26, 74).
cost(1, 27, 72).
cost(1, 28, 18).
cost(1, 29, 23).
cost(1, 30, 22).
cost(2, 1, 29).
cost(2, 3, 109).
cost(2, 4, 85).
cost(2, 5, 10).
cost(2, 6, 43).
cost(2, 7, 17).
cost(2, 8, 14).
cost(2, 9, 102).
cost(2, 10, 109).
cost(2, 11, 44).
cost(2, 12, 33).
cost(2, 13, 94).
cost(2, 14, 106).
cost(2, 15, 87).
cost(2, 16, 100).
cost(2, 17, 26).
cost(2, 18, 25).
cost(2, 19, 91).
cost(2, 20, 99).
cost(2, 21, 5).
cost(2, 22, 18).
cost(2, 23, 97).
cost(2, 24, 102).
cost(2, 25, 93).
cost(2, 26, 103).
cost(2, 27, 101).
cost(2, 28, 18).
cost(2, 29, 37).
cost(2, 30, 28).
cost(3, 1, 80).
cost(3, 2, 109).
cost(3, 4, 24).
cost(3, 5, 104).
cost(3, 6, 89).
cost(3, 7, 100).
cost(3, 8, 110).
cost(3, 9, 16).
cost(3, 10, 18).
cost(3, 11, 69).
cost(3, 12, 89).
cost(3, 13, 49).
cost(3, 14, 4).
cost(3, 15, 40).
cost(3, 16, 10).
cost(3, 17, 94).
cost(3, 18, 84).
cost(3, 19, 33).
cost(3, 20, 18).
cost(3, 21, 113).
cost(3, 22, 92).
cost(3, 23, 30).
cost(3, 24, 11).
cost(3, 25, 30).
cost(3, 26, 6).
cost(3, 27, 9).
cost(3, 28, 96).
cost(3, 29, 80).
cost(3, 30, 88).
cost(4, 1, 56).
cost(4, 2, 85).
cost(4, 3, 24).
cost(4, 5, 79).
cost(4, 6, 67).
cost(4, 7, 76).
cost(4, 8, 86).
cost(4, 9, 22).
cost(4, 10, 29).
cost(4, 11, 45).
cost(4, 12, 67).
cost(4, 13, 41).
cost(4, 14, 21).
cost(4, 15, 30).
cost(4, 16, 16).
cost(4, 17, 70).
cost(4, 18, 60).
cost(4, 19, 25).
cost(4, 20, 20).
cost(4, 21, 89).
cost(4, 22, 67).
cost(4, 23, 27).
cost(4, 24, 18).
cost(4, 25, 25).
cost(4, 26, 18).
cost(4, 27, 17).
cost(4, 28, 72).
cost(4, 29, 56).
cost(4, 30, 64).
cost(5, 1, 26).
cost(5, 2, 10).
cost(5, 3, 104).
cost(5, 4, 79).
cost(5, 6, 46).
cost(5, 7, 22).
cost(5, 8, 9).
cost(5, 9, 98).
cost(5, 10, 102).
cost(5, 11, 42).
cost(5, 12, 36).
cost(5, 13, 86).
cost(5, 14, 101).
cost(5, 15, 85).
cost(5, 16, 94).
cost(5, 17, 16).
cost(5, 18, 21).
cost(5, 19, 84).
cost(5, 20, 95).
cost(5, 21, 12).
cost(5, 22, 16).
cost(5, 23, 90).
cost(5, 24, 96).
cost(5, 25, 90).
cost(5, 26, 98).
cost(5, 27, 96).
cost(5, 28, 22).
cost(5, 29, 29).
cost(5, 30, 19).
cost(6, 1, 29).
cost(6, 2, 43).
cost(6, 3, 89).
cost(6, 4, 67).
cost(6, 5, 46).
cost(6, 7, 25).
cost(6, 8, 55).
cost(6, 9, 77).
cost(6, 10, 95).
cost(6, 11, 25).
cost(6, 12, 10).
cost(6, 13, 95).
cost(6, 14, 85).
cost(6, 15, 55).
cost(6, 16, 82).
cost(6, 17, 53).
cost(6, 18, 34).
cost(6, 19, 84).
cost(6, 20, 74).
cost(6, 21, 47).
cost(6, 22, 31).
cost(6, 23, 89).
cost(6, 24, 85).
cost(6, 25, 64).
cost(6, 26, 83).
cost(6, 27, 80).
cost(6, 28, 25).
cost(6, 29, 53).
cost(6, 30, 50).
cost(7, 1, 21).
cost(7, 2, 17).
cost(7, 3, 100).
cost(7, 4, 76).
cost(7, 5, 22).
cost(7, 6, 25).
cost(7, 8, 30).
cost(7, 9, 91).
cost(7, 10, 102).
cost(7, 11, 31).
cost(7, 12, 16).
cost(7, 13, 93).
cost(7, 14, 96).
cost(7, 15, 73).
cost(7, 16, 91).
cost(7, 17, 34).
cost(7, 18, 21).
cost(7, 19, 87).
cost(7, 20, 88).
cost(7, 21, 21).
cost(7, 22, 13).
cost(7, 23, 92).
cost(7, 24, 93).
cost(7, 25, 80).
cost(7, 26, 93).
cost(7, 27, 91).
cost(7, 28, 3).
cost(7, 29, 40).
cost(7, 30, 33).
cost(8, 1, 35).
cost(8, 2, 14).
cost(8, 3, 110).
cost(8, 4, 86).
cost(8, 5, 9).
cost(8, 6, 55).
cost(8, 7, 30).
cost(8, 9, 105).
cost(8, 10, 108).
cost(8, 11, 50).
cost(8, 12, 45).
cost(8, 13, 89).
cost(8, 14, 107).
cost(8, 15, 93).
cost(8, 16, 101).
cost(8, 17, 18).
cost(8, 18, 29).
cost(8, 19, 89).
cost(8, 20, 103).
cost(8, 21, 13).
cost(8, 22, 25).
cost(8, 23, 95).
cost(8, 24, 102).
cost(8, 25, 98).
cost(8, 26, 104).
cost(8, 27, 103).
cost(8, 28, 30).
cost(8, 29, 33).
cost(8, 30, 23).
cost(9, 1, 73).
cost(9, 2, 102).
cost(9, 3, 16).
cost(9, 4, 22).
cost(9, 5, 98).
cost(9, 6, 77).
cost(9, 7, 91).
cost(9, 8, 105).
cost(9, 10, 32).
cost(9, 11, 60).
cost(9, 12, 79).
cost(9, 13, 58).
cost(9, 14, 13).
cost(9, 15, 25).
cost(9, 16, 17).
cost(9, 17, 90).
cost(9, 18, 78).
cost(9, 19, 41).
cost(9, 20, 3).
cost(9, 21, 107).
cost(9, 22, 85).
cost(9, 23, 40).
cost(9, 24, 21).
cost(9, 25, 15).
cost(9, 26, 14).
cost(9, 27, 10).
cost(9, 28, 88).
cost(9, 29, 77).
cost(9, 30, 84).
cost(10, 1, 81).
cost(10, 2, 109).
cost(10, 3, 18).
cost(10, 4, 29).
cost(10, 5, 102).
cost(10, 6, 95).
cost(10, 7, 102).
cost(10, 8, 108).
cost(10, 9, 32).
cost(10, 11, 73).
cost(10, 12, 94).
cost(10, 13, 33).
cost(10, 14, 20).
cost(10, 15, 54).
cost(10, 16, 16).
cost(10, 17, 90).
cost(10, 18, 84).
cost(10, 19, 21).
cost(10, 20, 33).
cost(10, 21, 113).
cost(10, 22, 93).
cost(10, 23, 16).
cost(10, 24, 12).
cost(10, 25, 45).
cost(10, 26, 19).
cost(10, 27, 23).
cost(10, 28, 99).
cost(10, 29, 76).
cost(10, 30, 85).
cost(11, 1, 16).
cost(11, 2, 44).
cost(11, 3, 69).
cost(11, 4, 45).
cost(11, 5, 42).
cost(11, 6, 25).
cost(11, 7, 31).
cost(11, 8, 50).
cost(11, 9, 60).
cost(11, 10, 73).
cost(11, 12, 22).
cost(11, 13, 70).
cost(11, 14, 65).
cost(11, 15, 43).
cost(11, 16, 61).
cost(11, 17, 41).
cost(11, 18, 22).
cost(11, 19, 60).
cost(11, 20, 57).
cost(11, 21, 48).
cost(11, 22, 26).
cost(11, 23, 65).
cost(11, 24, 63).
cost(11, 25, 50).
cost(11, 26, 63).
cost(11, 27, 60).
cost(11, 28, 28).
cost(11, 29, 34).
cost(11, 30, 36).
cost(12, 1, 22).
cost(12, 2, 33).
cost(12, 3, 89).
cost(12, 4, 67).
cost(12, 5, 36).
cost(12, 6, 10).
cost(12, 7, 16).
cost(12, 8, 45).
cost(12, 9, 79).
cost(12, 10, 94).
cost(12, 11, 22).
cost(12, 13, 91).
cost(12, 14, 86).
cost(12, 15, 59).
cost(12, 16, 82).
cost(12, 17, 44).
cost(12, 18, 25).
cost(12, 19, 82).
cost(12, 20, 76).
cost(12, 21, 38).
cost(12, 22, 22).
cost(12, 23, 87).
cost(12, 24, 85).
cost(12, 25, 67).
cost(12, 26, 84).
cost(12, 27, 81).
cost(12, 28, 15).
cost(12, 29, 45).
cost(12, 30, 41).
cost(13, 1, 72).
cost(13, 2, 94).
cost(13, 3, 49).
cost(13, 4, 41).
cost(13, 5, 86).
cost(13, 6, 95).
cost(13, 7, 93).
cost(13, 8, 89).
cost(13, 9, 58).
cost(13, 10, 33).
cost(13, 11, 70).
cost(13, 12, 91).
cost(13, 14, 48).
cost(13, 15, 72).
cost(13, 16, 41).
cost(13, 17, 71).
cost(13, 18, 72).
cost(13, 19, 17).
cost(13, 20, 58).
cost(13, 21, 98).
cost(13, 22, 81).
cost(13, 23, 19).
cost(13, 24, 38).
cost(13, 25, 66).
cost(13, 26, 46).
cost(13, 27, 48).
cost(13, 28, 90).
cost(13, 29, 57).
cost(13, 30, 67).
cost(14, 1, 77).
cost(14, 2, 106).
cost(14, 3, 4).
cost(14, 4, 21).
cost(14, 5, 101).
cost(14, 6, 85).
cost(14, 7, 96).
cost(14, 8, 107).
cost(14, 9, 13).
cost(14, 10, 20).
cost(14, 11, 65).
cost(14, 12, 86).
cost(14, 13, 48).
cost(14, 15, 37).
cost(14, 16, 8).
cost(14, 17, 91).
cost(14, 18, 81).
cost(14, 19, 32).
cost(14, 20, 15).
cost(14, 21, 110).
cost(14, 22, 88).
cost(14, 23, 30).
cost(14, 24, 10).
cost(14, 25, 27).
cost(14, 26, 3).
cost(14, 27, 5).
cost(14, 28, 93).
cost(14, 29, 77).
cost(14, 30, 85).
cost(15, 1, 59).
cost(15, 2, 87).
cost(15, 3, 40).
cost(15, 4, 30).
cost(15, 5, 85).
cost(15, 6, 55).
cost(15, 7, 73).
cost(15, 8, 93).
cost(15, 9, 25).
cost(15, 10, 54).
cost(15, 11, 43).
cost(15, 12, 59).
cost(15, 13, 72).
cost(15, 14, 37).
cost(15, 16, 38).
cost(15, 17, 81).
cost(15, 18, 65).
cost(15, 19, 55).
cost(15, 20, 23).
cost(15, 21, 92).
cost(15, 22, 70).
cost(15, 23, 56).
cost(15, 24, 42).
cost(15, 25, 10).
cost(15, 26, 36).
cost(15, 27, 32).
cost(15, 28, 71).
cost(15, 29, 70).
cost(15, 30, 76).
cost(16, 1, 71).
cost(16, 2, 100).
cost(16, 3, 10).
cost(16, 4, 16).
cost(16, 5, 94).
cost(16, 6, 82).
cost(16, 7, 91).
cost(16, 8, 101).
cost(16, 9, 17).
cost(16, 10, 16).
cost(16, 11, 61).
cost(16, 12, 82).
cost(16, 13, 41).
cost(16, 14, 8).
cost(16, 15, 38).
cost(16, 17, 84).
cost(16, 18, 75).
cost(16, 19, 25).
cost(16, 20, 18).
cost(16, 21, 104).
cost(16, 22, 83).
cost(16, 23, 23).
cost(16, 24, 4).
cost(16, 25, 29).
cost(16, 26, 5).
cost(16, 27, 7).
cost(16, 28, 88).
cost(16, 29, 70).
cost(16, 30, 79).
cost(17, 1, 26).
cost(17, 2, 26).
cost(17, 3, 94).
cost(17, 4, 70).
cost(17, 5, 16).
cost(17, 6, 53).
cost(17, 7, 34).
cost(17, 8, 18).
cost(17, 9, 90).
cost(17, 10, 90).
cost(17, 11, 41).
cost(17, 12, 44).
cost(17, 13, 71).
cost(17, 14, 91).
cost(17, 15, 81).
cost(17, 16, 84).
cost(17, 18, 20).
cost(17, 19, 71).
cost(17, 20, 88).
cost(17, 21, 28).
cost(17, 22, 23).
cost(17, 23, 77).
cost(17, 24, 85).
cost(17, 25, 85).
cost(17, 26, 88).
cost(17, 27, 87).
cost(17, 28, 32).
cost(17, 29, 15).
cost(17, 30, 6).
cost(18, 1, 6).
cost(18, 2, 25).
cost(18, 3, 84).
cost(18, 4, 60).
cost(18, 5, 21).
cost(18, 6, 34).
cost(18, 7, 21).
cost(18, 8, 29).
cost(18, 9, 78).
cost(18, 10, 84).
cost(18, 11, 22).
cost(18, 12, 25).
cost(18, 13, 72).
cost(18, 14, 81).
cost(18, 15, 65).
cost(18, 16, 75).
cost(18, 17, 20).
cost(18, 19, 67).
cost(18, 20, 75).
cost(18, 21, 29).
cost(18, 22, 9).
cost(18, 23, 73).
cost(18, 24, 77).
cost(18, 25, 70).
cost(18, 26, 78).
cost(18, 27, 76).
cost(18, 28, 18).
cost(18, 29, 20).
cost(18, 30, 16).
cost(19, 1, 65).
cost(19, 2, 91).
cost(19, 3, 33).
cost(19, 4, 25).
cost(19, 5, 84).
cost(19, 6, 84).
cost(19, 7, 87).
cost(19, 8, 89).
cost(19, 9, 41).
cost(19, 10, 21).
cost(19, 11, 60).
cost(19, 12, 82).
cost(19, 13, 17).
cost(19, 14, 32).
cost(19, 15, 55).
cost(19, 16, 25).
cost(19, 17, 71).
cost(19, 18, 67).
cost(19, 20, 41).
cost(19, 21, 95).
cost(19, 22, 76).
cost(19, 23, 6).
cost(19, 24, 22).
cost(19, 25, 49).
cost(19, 26, 29).
cost(19, 27, 32).
cost(19, 28, 84).
cost(19, 29, 56).
cost(19, 30, 66).
cost(20, 1, 70).
cost(20, 2, 99).
cost(20, 3, 18).
cost(20, 4, 20).
cost(20, 5, 95).
cost(20, 6, 74).
cost(20, 7, 88).
cost(20, 8, 103).
cost(20, 9, 3).
cost(20, 10, 33).
cost(20, 11, 57).
cost(20, 12, 76).
cost(20, 13, 58).
cost(20, 14, 15).
cost(20, 15, 23).
cost(20, 16, 18).
cost(20, 17, 88).
cost(20, 18, 75).
cost(20, 19, 41).
cost(20, 21, 104).
cost(20, 22, 82).
cost(20, 23, 40).
cost(20, 24, 22).
cost(20, 25, 13).
cost(20, 26, 15).
cost(20, 27, 11).
cost(20, 28, 85).
cost(20, 29, 75).
cost(20, 30, 82).
cost(21, 1, 34).
cost(21, 2, 5).
cost(21, 3, 113).
cost(21, 4, 89).
cost(21, 5, 12).
cost(21, 6, 47).
cost(21, 7, 21).
cost(21, 8, 13).
cost(21, 9, 107).
cost(21, 10, 113).
cost(21, 11, 48).
cost(21, 12, 38).
cost(21, 13, 98).
cost(21, 14, 110).
cost(21, 15, 92).
cost(21, 16, 104).
cost(21, 17, 28).
cost(21, 18, 29).
cost(21, 19, 95).
cost(21, 20, 104).
cost(21, 22, 22).
cost(21, 23, 101).
cost(21, 24, 106).
cost(21, 25, 98).
cost(21, 26, 107).
cost(21, 27, 105).
cost(21, 28, 23).
cost(21, 29, 40).
cost(21, 30, 31).
cost(22, 1, 12).
cost(22, 2, 18).
cost(22, 3, 92).
cost(22, 4, 67).
cost(22, 5, 16).
cost(22, 6, 31).
cost(22, 7, 13).
cost(22, 8, 25).
cost(22, 9, 85).
cost(22, 10, 93).
cost(22, 11, 26).
cost(22, 12, 22).
cost(22, 13, 81).
cost(22, 14, 88).
cost(22, 15, 70).
cost(22, 16, 83).
cost(22, 17, 23).
cost(22, 18, 9).
cost(22, 19, 76).
cost(22, 20, 82).
cost(22, 21, 22).
cost(22, 23, 82).
cost(22, 24, 85).
cost(22, 25, 76).
cost(22, 26, 86).
cost(22, 27, 83).
cost(22, 28, 10).
cost(22, 29, 27).
cost(22, 30, 21).
cost(23, 1, 71).
cost(23, 2, 97).
cost(23, 3, 30).
cost(23, 4, 27).
cost(23, 5, 90).
cost(23, 6, 89).
cost(23, 7, 92).
cost(23, 8, 95).
cost(23, 9, 40).
cost(23, 10, 16).
cost(23, 11, 65).
cost(23, 12, 87).
cost(23, 13, 19).
cost(23, 14, 30).
cost(23, 15, 56).
cost(23, 16, 23).
cost(23, 17, 77).
cost(23, 18, 73).
cost(23, 19, 6).
cost(23, 20, 40).
cost(23, 21, 101).
cost(23, 22, 82).
cost(23, 24, 19).
cost(23, 25, 50).
cost(23, 26, 27).
cost(23, 27, 30).
cost(23, 28, 89).
cost(23, 29, 62).
cost(23, 30, 72).
cost(24, 1, 73).
cost(24, 2, 102).
cost(24, 3, 11).
cost(24, 4, 18).
cost(24, 5, 96).
cost(24, 6, 85).
cost(24, 7, 93).
cost(24, 8, 102).
cost(24, 9, 21).
cost(24, 10, 12).
cost(24, 11, 63).
cost(24, 12, 85).
cost(24, 13, 38).
cost(24, 14, 10).
cost(24, 15, 42).
cost(24, 16, 4).
cost(24, 17, 85).
cost(24, 18, 77).
cost(24, 19, 22).
cost(24, 20, 22).
cost(24, 21, 106).
cost(24, 22, 85).
cost(24, 23, 19).
cost(24, 25, 33).
cost(24, 26, 8).
cost(24, 27, 11).
cost(24, 28, 90).
cost(24, 29, 71).
cost(24, 30, 79).
cost(25, 1, 64).
cost(25, 2, 93).
cost(25, 3, 30).
cost(25, 4, 25).
cost(25, 5, 90).
cost(25, 6, 64).
cost(25, 7, 80).
cost(25, 8, 98).
cost(25, 9, 15).
cost(25, 10, 45).
cost(25, 11, 50).
cost(25, 12, 67).
cost(25, 13, 66).
cost(25, 14, 27).
cost(25, 15, 10).
cost(25, 16, 29).
cost(25, 17, 85).
cost(25, 18, 70).
cost(25, 19, 49).
cost(25, 20, 13).
cost(25, 21, 98).
cost(25, 22, 76).
cost(25, 23, 50).
cost(25, 24, 33).
cost(25, 26, 27).
cost(25, 27, 23).
cost(25, 28, 78).
cost(25, 29, 73).
cost(25, 30, 79).
cost(26, 1, 74).
cost(26, 2, 103).
cost(26, 3, 6).
cost(26, 4, 18).
cost(26, 5, 98).
cost(26, 6, 83).
cost(26, 7, 93).
cost(26, 8, 104).
cost(26, 9, 14).
cost(26, 10, 19).
cost(26, 11, 63).
cost(26, 12, 84).
cost(26, 13, 46).
cost(26, 14, 3).
cost(26, 15, 36).
cost(26, 16, 5).
cost(26, 17, 88).
cost(26, 18, 78).
cost(26, 19, 29).
cost(26, 20, 15).
cost(26, 21, 107).
cost(26, 22, 86).
cost(26, 23, 27).
cost(26, 24, 8).
cost(26, 25, 27).
cost(26, 27, 4).
cost(26, 28, 90).
cost(26, 29, 74).
cost(26, 30, 82).
cost(27, 1, 72).
cost(27, 2, 101).
cost(27, 3, 9).
cost(27, 4, 17).
cost(27, 5, 96).
cost(27, 6, 80).
cost(27, 7, 91).
cost(27, 8, 103).
cost(27, 9, 10).
cost(27, 10, 23).
cost(27, 11, 60).
cost(27, 12, 81).
cost(27, 13, 48).
cost(27, 14, 5).
cost(27, 15, 32).
cost(27, 16, 7).
cost(27, 17, 87).
cost(27, 18, 76).
cost(27, 19, 32).
cost(27, 20, 11).
cost(27, 21, 105).
cost(27, 22, 83).
cost(27, 23, 30).
cost(27, 24, 11).
cost(27, 25, 23).
cost(27, 26, 4).
cost(27, 28, 88).
cost(27, 29, 73).
cost(27, 30, 81).
cost(28, 1, 18).
cost(28, 2, 18).
cost(28, 3, 96).
cost(28, 4, 72).
cost(28, 5, 22).
cost(28, 6, 25).
cost(28, 7, 3).
cost(28, 8, 30).
cost(28, 9, 88).
cost(28, 10, 99).
cost(28, 11, 28).
cost(28, 12, 15).
cost(28, 13, 90).
cost(28, 14, 93).
cost(28, 15, 71).
cost(28, 16, 88).
cost(28, 17, 32).
cost(28, 18, 18).
cost(28, 19, 84).
cost(28, 20, 85).
cost(28, 21, 23).
cost(28, 22, 10).
cost(28, 23, 89).
cost(28, 24, 90).
cost(28, 25, 78).
cost(28, 26, 90).
cost(28, 27, 88).
cost(28, 29, 37).
cost(28, 30, 31).
cost(29, 1, 23).
cost(29, 2, 37).
cost(29, 3, 80).
cost(29, 4, 56).
cost(29, 5, 29).
cost(29, 6, 53).
cost(29, 7, 40).
cost(29, 8, 33).
cost(29, 9, 77).
cost(29, 10, 76).
cost(29, 11, 34).
cost(29, 12, 45).
cost(29, 13, 57).
cost(29, 14, 77).
cost(29, 15, 70).
cost(29, 16, 70).
cost(29, 17, 15).
cost(29, 18, 20).
cost(29, 19, 56).
cost(29, 20, 75).
cost(29, 21, 40).
cost(29, 22, 27).
cost(29, 23, 62).
cost(29, 24, 71).
cost(29, 25, 73).
cost(29, 26, 74).
cost(29, 27, 73).
cost(29, 28, 37).
cost(29, 30, 10).
cost(30, 1, 22).
cost(30, 2, 28).
cost(30, 3, 88).
cost(30, 4, 64).
cost(30, 5, 19).
cost(30, 6, 50).
cost(30, 7, 33).
cost(30, 8, 23).
cost(30, 9, 84).
cost(30, 10, 85).
cost(30, 11, 36).
cost(30, 12, 41).
cost(30, 13, 67).
cost(30, 14, 85).
cost(30, 15, 76).
cost(30, 16, 79).
cost(30, 17, 6).
cost(30, 18, 16).
cost(30, 19, 66).
cost(30, 20, 82).
cost(30, 21, 31).
cost(30, 22, 21).
cost(30, 23, 72).
cost(30, 24, 79).
cost(30, 25, 79).
cost(30, 26, 82).
cost(30, 27, 81).
cost(30, 28, 31).
cost(30, 29, 10).
