dimension(30).
point(1, 29.556248961, 44.4882206228).
point(2, 65.3007341521, 5.3351360243).
point(3, 77.8697544097, 18.5427916734).
point(4, 32.3040506596, 18.1932618377).
point(5, 21.8680187763, 17.9975878849).
point(6, 60.4498783985, 48.2258099314).
point(7, 51.1072771065, 55.5148650525).
point(8, 81.2141090302, 63.0081683428).
point(9, 92.4591661391, 57.019203738).
point(10, 20.9662337989, 40.3185318555).
point(11, 17.9658202216, 80.0500757815).
point(12, 53.6572016835, 24.4554616096).
point(13, 24.6631468839, 79.3700314287).
point(14, 54.4772099768, 52.5834708692).
point(15, 19.7292726327, 89.4102974782).
point(16, 28.993346389, 51.886755635).
point(17, 41.4991607254, 64.7495503953).
point(18, 79.7265081694, 4.3722473736).
point(19, 63.0511010122, 76.4079163334).
point(20, 86.2433210861, 68.9827869314).
point(21, 88.3077744204, 52.6709247138).
point(22, 75.3860311228, 63.4059384585).
point(23, 15.7395599236, 88.8722865957).
point(24, 19.5591820266, 94.7991846212).
point(25, 7.3439261183, 94.196708528).
point(26, 48.4478824859, 42.4283305651).
point(27, 42.2215197414, 35.7085775108).
point(28, 80.2928094413, 17.4792864157).
point(29, 24.4632281387, 29.6989062672).
point(30, 83.9505634463, 12.2835132358).
cost(1, 2, 53).
cost(1, 3, 55).
cost(1, 4, 26).
cost(1, 5, 28).
cost(1, 6, 31).
cost(1, 7, 24).
cost(1, 8, 55).
cost(1, 9, 64).
cost(1, 10, 10).
cost(1, 11, 37).
cost(1, 12, 31).
cost(1, 13, 35).
cost(1, 14, 26).
cost(1, 15, 46).
cost(1, 16, 7).
cost(1, 17, 24).
cost(1, 18, 64).
cost(1, 19, 46).
cost(1, 20, 62).
cost(1, 21, 59).
cost(1, 22, 50).
cost(1, 23, 46).
cost(1, 24, 51).
cost(1, 25, 54).
cost(1, 26, 19).
cost(1, 27, 15).
cost(1, 28, 57).
cost(1, 29, 16).
cost(1, 30, 63).
cost(2, 1, 53).
cost(2, 3, 18).
cost(2, 4, 35).
cost(2, 5, 45).
cost(2, 6, 43).
cost(2, 7, 52).
cost(2, 8, 60).
cost(2, 9, 58).
cost(2, 10, 56).
cost(2, 11, 88).
cost(2, 12, 22).
cost(2, 13, 84).
cost(2, 14, 48).
cost(2, 15, 96).
cost(2, 16, 59).
cost(2, 17, 64).
cost(2, 18, 14).
cost(2, 19, 71).
cost(2, 20, 67).
cost(2, 21, 53).
cost(2, 22, 59).
cost(2, 23, 97).
cost(2, 24, 100).
cost(2, 25, 106).
cost(2, 26, 41).
cost(2, 27, 38).
cost(2, 28, 19).
cost(2, 29, 48).
cost(2, 30, 20).
cost(3, 1, 55).
cost(3, 2, 18).
cost(3, 4, 46).
cost(3, 5, 56).
cost(3, 6, 34).
cost(3, 7, 46).
cost(3, 8, 45).
cost(3, 9, 41).
cost(3, 10, 61).
cost(3, 11, 86).
cost(3, 12, 25).
cost(3, 13, 81).
cost(3, 14, 41).
cost(3, 15, 92).
cost(3, 16, 59).
cost(3, 17, 59).
cost(3, 18, 14).
cost(3, 19, 60).
cost(3, 20, 51).
cost(3, 21, 36).
cost(3, 22, 45).
cost(3, 23, 94).
cost(3, 24, 96).
cost(3, 25, 103).
cost(3, 26, 38).
cost(3, 27, 40).
cost(3, 28, 3).
cost(3, 29, 55).
cost(3, 30, 9).
cost(4, 1, 26).
cost(4, 2, 35).
cost(4, 3, 46).
cost(4, 5, 10).
cost(4, 6, 41).
cost(4, 7, 42).
cost(4, 8, 66).
cost(4, 9, 72).
cost(4, 10, 25).
cost(4, 11, 63).
cost(4, 12, 22).
cost(4, 13, 62).
cost(4, 14, 41).
cost(4, 15, 72).
cost(4, 16, 34).
cost(4, 17, 47).
cost(4, 18, 49).
cost(4, 19, 66).
cost(4, 20, 74).
cost(4, 21, 66).
cost(4, 22, 62).
cost(4, 23, 73).
cost(4, 24, 78).
cost(4, 25, 80).
cost(4, 26, 29).
cost(4, 27, 20).
cost(4, 28, 48).
cost(4, 29, 14).
cost(4, 30, 52).
cost(5, 1, 28).
cost(5, 2, 45).
cost(5, 3, 56).
cost(5, 4, 10).
cost(5, 6, 49).
cost(5, 7, 48).
cost(5, 8, 74).
cost(5, 9, 81).
cost(5, 10, 22).
cost(5, 11, 62).
cost(5, 12, 32).
cost(5, 13, 61).
cost(5, 14, 48).
cost(5, 15, 71).
cost(5, 16, 35).
cost(5, 17, 51).
cost(5, 18, 59).
cost(5, 19, 71).
cost(5, 20, 82).
cost(5, 21, 75).
cost(5, 22, 70).
cost(5, 23, 71).
cost(5, 24, 77).
cost(5, 25, 78).
cost(5, 26, 36).
cost(5, 27, 27).
cost(5, 28, 58).
cost(5, 29, 12).
cost(5, 30, 62).
cost(6, 1, 31).
cost(6, 2, 43).
cost(6, 3, 34).
cost(6, 4, 41).
cost(6, 5, 49).
cost(6, 7, 12).
cost(6, 8, 25).
cost(6, 9, 33).
cost(6, 10, 40).
cost(6, 11, 53).
cost(6, 12, 25).
cost(6, 13, 47).
cost(6, 14, 7).
cost(6, 15, 58).
cost(6, 16, 32).
cost(6, 17, 25).
cost(6, 18, 48).
cost(6, 19, 28).
cost(6, 20, 33).
cost(6, 21, 28).
cost(6, 22, 21).
cost(6, 23, 60).
cost(6, 24, 62).
cost(6, 25, 70).
cost(6, 26, 13).
cost(6, 27, 22).
cost(6, 28, 37).
cost(6, 29, 40).
cost(6, 30, 43).
cost(7, 1, 24).
cost(7, 2, 52).
cost(7, 3, 46).
cost(7, 4, 42).
cost(7, 5, 48).
cost(7, 6, 12).
cost(7, 8, 31).
cost(7, 9, 41).
cost(7, 10, 34).
cost(7, 11, 41).
cost(7, 12, 31).
cost(7, 13, 36).
cost(7, 14, 4).
cost(7, 15, 46).
cost(7, 16, 22).
cost(7, 17, 13).
cost(7, 18, 59).
cost(7, 19, 24).
cost(7, 20, 38).
cost(7, 21, 37).
cost(7, 22, 26).
cost(7, 23, 49).
cost(7, 24, 50).
cost(7, 25, 58).
cost(7, 26, 13).
cost(7, 27, 22).
cost(7, 28, 48).
cost(7, 29, 37).
cost(7, 30, 54).
cost(8, 1, 55).
cost(8, 2, 60).
cost(8, 3, 45).
cost(8, 4, 66).
cost(8, 5, 74).
cost(8, 6, 25).
cost(8, 7, 31).
cost(8, 9, 13).
cost(8, 10, 64).
cost(8, 11, 66).
cost(8, 12, 47).
cost(8, 13, 59).
cost(8, 14, 29).
cost(8, 15, 67).
cost(8, 16, 53).
cost(8, 17, 40).
cost(8, 18, 59).
cost(8, 19, 23).
cost(8, 20, 8).
cost(8, 21, 13).
cost(8, 22, 6).
cost(8, 23, 70).
cost(8, 24, 69).
cost(8, 25, 80).
cost(8, 26, 39).
cost(8, 27, 48).
cost(8, 28, 46).
cost(8, 29, 66).
cost(8, 30, 51).
cost(9, 1, 64).
cost(9, 2, 58).
cost(9, 3, 41).
cost(9, 4, 72).
cost(9, 5, 81).
cost(9, 6, 33).
cost(9, 7, 41).
cost(9, 8, 13).
cost(9, 10, 73).
cost(9, 11, 78).
cost(9, 12, 51).
cost(9, 13, 71).
cost(9, 14, 38).
cost(9, 15, 80).
cost(9, 16, 64).
cost(9, 17, 52).
cost(9, 18, 54).
cost(9, 19, 35).
cost(9, 20, 13).
cost(9, 21, 6).
cost(9, 22, 18).
cost(9, 23, 83).
cost(9, 24, 82).
cost(9, 25, 93).
cost(9, 26, 46).
cost(9, 27, 55).
cost(9, 28, 41).
cost(9, 29, 73).
cost(9, 30, 46).
cost(10, 1, 10).
cost(10, 2, 56).
cost(10, 3, 61).
cost(10, 4, 25).
cost(10, 5, 22).
cost(10, 6, 40).
cost(10, 7, 34).
cost(10, 8, 64).
cost(10, 9, 73).
cost(10, 11, 40).
cost(10, 12, 36).
cost(10, 13, 39).
cost(10, 14, 36).
cost(10, 15, 49).
cost(10, 16, 14).
cost(10, 17, 32).
cost(10, 18, 69).
cost(10, 19, 55).
cost(10, 20, 71).
cost(10, 21, 68).
cost(10, 22, 59).
cost(10, 23, 49).
cost(10, 24, 54).
cost(10, 25, 56).
cost(10, 26, 28).
cost(10, 27, 22).
cost(10, 28, 64).
cost(10, 29, 11).
cost(10, 30, 69).
cost(11, 1, 37).
cost(11, 2, 88).
cost(11, 3, 86).
cost(11, 4, 63).
cost(11, 5, 62).
cost(11, 6, 53).
cost(11, 7, 41).
cost(11, 8, 66).
cost(11, 9, 78).
cost(11, 10, 40).
cost(11, 12, 66).
cost(11, 13, 7).
cost(11, 14, 46).
cost(11, 15, 10).
cost(11, 16, 30).
cost(11, 17, 28).
cost(11, 18, 98).
cost(11, 19, 45).
cost(11, 20, 69).
cost(11, 21, 75).
cost(11, 22, 60).
cost(11, 23, 9).
cost(11, 24, 15).
cost(11, 25, 18).
cost(11, 26, 48).
cost(11, 27, 51).
cost(11, 28, 88).
cost(11, 29, 51).
cost(11, 30, 95).
cost(12, 1, 31).
cost(12, 2, 22).
cost(12, 3, 25).
cost(12, 4, 22).
cost(12, 5, 32).
cost(12, 6, 25).
cost(12, 7, 31).
cost(12, 8, 47).
cost(12, 9, 51).
cost(12, 10, 36).
cost(12, 11, 66).
cost(12, 13, 62).
cost(12, 14, 28).
cost(12, 15, 73).
cost(12, 16, 37).
cost(12, 17, 42).
cost(12, 18, 33).
cost(12, 19, 53).
cost(12, 20, 55).
cost(12, 21, 45).
cost(12, 22, 45).
cost(12, 23, 75).
cost(12, 24, 78).
cost(12, 25, 84).
cost(12, 26, 19).
cost(12, 27, 16).
cost(12, 28, 28).
cost(12, 29, 30).
cost(12, 30, 33).
cost(13, 1, 35).
cost(13, 2, 84).
cost(13, 3, 81).
cost(13, 4, 62).
cost(13, 5, 61).
cost(13, 6, 47).
cost(13, 7, 36).
cost(13, 8, 59).
cost(13, 9, 71).
cost(13, 10, 39).
cost(13, 11, 7).
cost(13, 12, 62).
cost(13, 14, 40).
cost(13, 15, 11).
cost(13, 16, 28).
cost(13, 17, 22).
cost(13, 18, 93).
cost(13, 19, 39).
cost(13, 20, 62).
cost(13, 21, 69).
cost(13, 22, 53).
cost(13, 23, 13).
cost(13, 24, 16).
cost(13, 25, 23).
cost(13, 26, 44).
cost(13, 27, 47).
cost(13, 28, 83).
cost(13, 29, 50).
cost(13, 30, 90).
cost(14, 1, 26).
cost(14, 2, 48).
cost(14, 3, 41).
cost(14, 4, 41).
cost(14, 5, 48).
cost(14, 6, 7).
cost(14, 7, 4).
cost(14, 8, 29).
cost(14, 9, 38).
cost(14, 10, 36).
cost(14, 11, 46).
cost(14, 12, 28).
cost(14, 13, 40).
cost(14, 15, 51).
cost(14, 16, 25).
cost(14, 17, 18).
cost(14, 18, 54).
cost(14, 19, 25).
cost(14, 20, 36).
cost(14, 21, 34).
cost(14, 22, 24).
cost(14, 23, 53).
cost(14, 24, 55).
cost(14, 25, 63).
cost(14, 26, 12).
cost(14, 27, 21).
cost(14, 28, 44).
cost(14, 29, 38).
cost(14, 30, 50).
cost(15, 1, 46).
cost(15, 2, 96).
cost(15, 3, 92).
cost(15, 4, 72).
cost(15, 5, 71).
cost(15, 6, 58).
cost(15, 7, 46).
cost(15, 8, 67).
cost(15, 9, 80).
cost(15, 10, 49).
cost(15, 11, 10).
cost(15, 12, 73).
cost(15, 13, 11).
cost(15, 14, 51).
cost(15, 16, 39).
cost(15, 17, 33).
cost(15, 18, 104).
cost(15, 19, 45).
cost(15, 20, 70).
cost(15, 21, 78).
cost(15, 22, 61).
cost(15, 23, 4).
cost(15, 24, 5).
cost(15, 25, 13).
cost(15, 26, 55).
cost(15, 27, 58).
cost(15, 28, 94).
cost(15, 29, 60).
cost(15, 30, 100).
cost(16, 1, 7).
cost(16, 2, 59).
cost(16, 3, 59).
cost(16, 4, 34).
cost(16, 5, 35).
cost(16, 6, 32).
cost(16, 7, 22).
cost(16, 8, 53).
cost(16, 9, 64).
cost(16, 10, 14).
cost(16, 11, 30).
cost(16, 12, 37).
cost(16, 13, 28).
cost(16, 14, 25).
cost(16, 15, 39).
cost(16, 17, 18).
cost(16, 18, 70).
cost(16, 19, 42).
cost(16, 20, 60).
cost(16, 21, 59).
cost(16, 22, 48).
cost(16, 23, 39).
cost(16, 24, 44).
cost(16, 25, 48).
cost(16, 26, 22).
cost(16, 27, 21).
cost(16, 28, 62).
cost(16, 29, 23).
cost(16, 30, 68).
cost(17, 1, 24).
cost(17, 2, 64).
cost(17, 3, 59).
cost(17, 4, 47).
cost(17, 5, 51).
cost(17, 6, 25).
cost(17, 7, 13).
cost(17, 8, 40).
cost(17, 9, 52).
cost(17, 10, 32).
cost(17, 11, 28).
cost(17, 12, 42).
cost(17, 13, 22).
cost(17, 14, 18).
cost(17, 15, 33).
cost(17, 16, 18).
cost(17, 18, 71).
cost(17, 19, 25).
cost(17, 20, 45).
cost(17, 21, 48).
cost(17, 22, 34).
cost(17, 23, 35).
cost(17, 24, 37).
cost(17, 25, 45).
cost(17, 26, 23).
cost(17, 27, 29).
cost(17, 28, 61).
cost(17, 29, 39).
cost(17, 30, 67).
cost(18, 1, 64).
cost(18, 2, 14).
cost(18, 3, 14).
cost(18, 4, 49).
cost(18, 5, 59).
cost(18, 6, 48).
cost(18, 7, 59).
cost(18, 8, 59).
cost(18, 9, 54).
cost(18, 10, 69).
cost(18, 11, 98).
cost(18, 12, 33).
cost(18, 13, 93).
cost(18, 14, 54).
cost(18, 15, 104).
cost(18, 16, 70).
cost(18, 17, 71).
cost(18, 19, 74).
cost(18, 20, 65).
cost(18, 21, 49).
cost(18, 22, 59).
cost(18, 23, 106).
cost(18, 24, 109).
cost(18, 25, 115).
cost(18, 26, 49).
cost(18, 27, 49).
cost(18, 28, 13).
cost(18, 29, 61).
cost(18, 30, 9).
cost(19, 1, 46).
cost(19, 2, 71).
cost(19, 3, 60).
cost(19, 4, 66).
cost(19, 5, 71).
cost(19, 6, 28).
cost(19, 7, 24).
cost(19, 8, 23).
cost(19, 9, 35).
cost(19, 10, 55).
cost(19, 11, 45).
cost(19, 12, 53).
cost(19, 13, 39).
cost(19, 14, 25).
cost(19, 15, 45).
cost(19, 16, 42).
cost(19, 17, 25).
cost(19, 18, 74).
cost(19, 20, 24).
cost(19, 21, 35).
cost(19, 22, 18).
cost(19, 23, 49).
cost(19, 24, 47).
cost(19, 25, 58).
cost(19, 26, 37).
cost(19, 27, 46).
cost(19, 28, 61).
cost(19, 29, 61).
cost(19, 30, 67).
cost(20, 1, 62).
cost(20, 2, 67).
cost(20, 3, 51).
cost(20, 4, 74).
cost(20, 5, 82).
cost(20, 6, 33).
cost(20, 7, 38).
cost(20, 8, 8).
cost(20, 9, 13).
cost(20, 10, 71).
cost(20, 11, 69).
cost(20, 12, 55).
cost(20, 13, 62).
cost(20, 14, 36).
cost(20, 15, 70).
cost(20, 16, 60).
cost(20, 17, 45).
cost(20, 18, 65).
cost(20, 19, 24).
cost(20, 21, 16).
cost(20, 22, 12).
cost(20, 23, 73).
cost(20, 24, 72).
cost(20, 25, 83).
cost(20, 26, 46).
cost(20, 27, 55).
cost(20, 28, 52).
cost(20, 29, 73).
cost(20, 30, 57).
cost(21, 1, 59).
cost(21, 2, 53).
cost(21, 3, 36).
cost(21, 4, 66).
cost(21, 5, 75).
cost(21, 6, 28).
cost(21, 7, 37).
cost(21, 8, 13).
cost(21, 9, 6).
cost(21, 10, 68).
cost(21, 11, 75).
cost(21, 12, 45).
cost(21, 13, 69).
cost(21, 14, 34).
cost(21, 15, 78).
cost(21, 16, 59).
cost(21, 17, 48).
cost(21, 18, 49).
cost(21, 19, 35).
cost(21, 20, 16).
cost(21, 22, 17).
cost(21, 23, 81).
cost(21, 24, 81).
cost(21, 25, 91).
cost(21, 26, 41).
cost(21, 27, 49).
cost(21, 28, 36).
cost(21, 29, 68).
cost(21, 30, 41).
cost(22, 1, 50).
cost(22, 2, 59).
cost(22, 3, 45).
cost(22, 4, 62).
cost(22, 5, 70).
cost(22, 6, 21).
cost(22, 7, 26).
cost(22, 8, 6).
cost(22, 9, 18).
cost(22, 10, 59).
cost(22, 11, 60).
cost(22, 12, 45).
cost(22, 13, 53).
cost(22, 14, 24).
cost(22, 15, 61).
cost(22, 16, 48).
cost(22, 17, 34).
cost(22, 18, 59).
cost(22, 19, 18).
cost(22, 20, 12).
cost(22, 21, 17).
cost(22, 23, 65).
cost(22, 24, 64).
cost(22, 25, 75).
cost(22, 26, 34).
cost(22, 27, 43).
cost(22, 28, 46).
cost(22, 29, 61).
cost(22, 30, 52).
cost(23, 1, 46).
cost(23, 2, 97).
cost(23, 3, 94).
cost(23, 4, 73).
cost(23, 5, 71).
cost(23, 6, 60).
cost(23, 7, 49).
cost(23, 8, 70).
cost(23, 9, 83).
cost(23, 10, 49).
cost(23, 11, 9).
cost(23, 12, 75).
cost(23, 13, 13).
cost(23, 14, 53).
cost(23, 15, 4).
cost(23, 16, 39).
cost(23, 17, 35).
cost(23, 18, 106).
cost(23, 19, 49).
cost(23, 20, 73).
cost(23, 21, 81).
cost(23, 22, 65).
cost(23, 24, 7).
cost(23, 25, 10).
cost(23, 26, 57).
cost(23, 27, 59).
cost(23, 28, 96).
cost(23, 29, 60).
cost(23, 30, 103).
cost(24, 1, 51).
cost(24, 2, 100).
cost(24, 3, 96).
cost(24, 4, 78).
cost(24, 5, 77).
cost(24, 6, 62).
cost(24, 7, 50).
cost(24, 8, 69).
cost(24, 9, 82).
cost(24, 10, 54).
cost(24, 11, 15).
cost(24, 12, 78).
cost(24, 13, 16).
cost(24, 14, 55).
cost(24, 15, 5).
cost(24, 16, 44).
cost(24, 17, 37).
cost(24, 18, 109).
cost(24, 19, 47).
cost(24, 20, 72).
cost(24, 21, 81).
cost(24, 22, 64).
cost(24, 23, 7).
cost(24, 25, 12).
cost(24, 26, 60).
cost(24, 27, 63).
cost(24, 28, 98).
cost(24, 29, 65).
cost(24, 30, 105).
cost(25, 1, 54).
cost(25, 2, 106).
cost(25, 3, 103).
cost(25, 4, 80).
cost(25, 5, 78).
cost(25, 6, 70).
cost(25, 7, 58).
cost(25, 8, 80).
cost(25, 9, 93).
cost(25, 10, 56).
cost(25, 11, 18).
cost(25, 12, 84).
cost(25, 13, 23).
cost(25, 14, 63).
cost(25, 15, 13).
cost(25, 16, 48).
cost(25, 17, 45).
cost(25, 18, 115).
cost(25, 19, 58).
cost(25, 20, 83).
cost(25, 21, 91).
cost(25, 22, 75).
cost(25, 23, 10).
cost(25, 24, 12).
cost(25, 26, 66).
cost(25, 27, 68).
cost(25, 28, 106).
cost(25, 29, 67).
cost(25, 30, 112).
cost(26, 1, 19).
cost(26, 2, 41).
cost(26, 3, 38).
cost(26, 4, 29).
cost(26, 5, 36).
cost(26, 6, 13).
cost(26, 7, 13).
cost(26, 8, 39).
cost(26, 9, 46).
cost(26, 10, 28).
cost(26, 11, 48).
cost(26, 12, 19).
cost(26, 13, 44).
cost(26, 14, 12).
cost(26, 15, 55).
cost(26, 16, 22).
cost(26, 17, 23).
cost(26, 18, 49).
cost(26, 19, 37).
cost(26, 20, 46).
cost(26, 21, 41).
cost(26, 22, 34).
cost(26, 23, 57).
cost(26, 24, 60).
cost(26, 25, 66).
cost(26, 27, 9).
cost(26, 28, 40).
cost(26, 29, 27).
cost(26, 30, 47).
cost(27, 1, 15).
cost(27, 2, 38).
cost(27, 3, 40).
cost(27, 4, 20).
cost(27, 5, 27).
cost(27, 6, 22).
cost(27, 7, 22).
cost(27, 8, 48).
cost(27, 9, 55).
cost(27, 10, 22).
cost(27, 11, 51).
cost(27, 12, 16).
cost(27, 13, 47).
cost(27, 14, 21).
cost(27, 15, 58).
cost(27, 16, 21).
cost(27, 17, 29).
cost(27, 18, 49).
cost(27, 19, 46).
cost(27, 20, 55).
cost(27, 21, 49).
cost(27, 22, 43).
cost(27, 23, 59).
cost(27, 24, 63).
cost(27, 25, 68).
cost(27, 26, 9).
cost(27, 28, 42).
cost(27, 29, 19).
cost(27, 30, 48).
cost(28, 1, 57).
cost(28, 2, 19).
cost(28, 3, 3).
cost(28, 4, 48).
cost(28, 5, 58).
cost(28, 6, 37).
cost(28, 7, 48).
cost(28, 8, 46).
cost(28, 9, 41).
cost(28, 10, 64).
cost(28, 11, 88).
cost(28, 12, 28).
cost(28, 13, 83).
cost(28, 14, 44).
cost(28, 15, 94).
cost(28, 16, 62).
cost(28, 17, 61).
cost(28, 18, 13).
cost(28, 19, 61).
cost(28, 20, 52).
cost(28, 21, 36).
cost(28, 22, 46).
cost(28, 23, 96).
cost(28, 24, 98).
cost(28, 25, 106).
cost(28, 26, 40).
cost(28, 27, 42).
cost(28, 29, 57).
cost(28, 30, 6).
cost(29, 1, 16).
cost(29, 2, 48).
cost(29, 3, 55).
cost(29, 4, 14).
cost(29, 5, 12).
cost(29, 6, 40).
cost(29, 7, 37).
cost(29, 8, 66).
cost(29, 9, 73).
cost(29, 10, 11).
cost(29, 11, 51).
cost(29, 12, 30).
cost(29, 13, 50).
cost(29, 14, 38).
cost(29, 15, 60).
cost(29, 16, 23).
cost(29, 17, 39).
cost(29, 18, 61).
cost(29, 19, 61).
cost(29, 20, 73).
cost(29, 21, 68).
cost(29, 22, 61).
cost(29, 23, 60).
cost(29, 24, 65).
cost(29, 25, 67).
cost(29, 26, 27).
cost(29, 27, 19).
cost(29, 28, 57).
cost(29, 30, 62).
cost(30, 1, 63).
cost(30, 2, 20).
cost(30, 3, 9).
cost(30, 4, 52).
cost(30, 5, 62).
cost(30, 6, 43).
cost(30, 7, 54).
cost(30, 8, 51).
cost(30, 9, 46).
cost(30, 10, 69).
cost(30, 11, 95).
cost(30, 12, 33).
cost(30, 13, 90).
cost(30, 14, 50).
cost(30, 15, 100).
cost(30, 16, 68).
cost(30, 17, 67).
cost(30, 18, 9).
cost(30, 19, 67).
cost(30, 20, 57).
cost(30, 21, 41).
cost(30, 22, 52).
cost(30, 23, 103).
cost(30, 24, 105).
cost(30, 25, 112).
cost(30, 26, 47).
cost(30, 27, 48).
cost(30, 28, 6).
cost(30, 29, 62).
