dimension(30).
point(1, 73.1594977775, 31.0375094765).
point(2, 27.1086691227, 42.515516333).
point(3, 29.0447699481, 95.0519728616).
point(4, 8.8247815076, 84.7538414841).
point(5, 80.4743023534, 58.8359889596).
point(6, 2.6423797311, 44.3475532195).
point(7, 59.5215557195, 49.7210776094).
point(8, 80.8139955793, 4.1580240412).
point(9, 73.9173485496, 78.2477724244).
point(10, 13.9700627945, 20.3944198248).
point(11, 66.087107467, 61.0833164433).
point(12, 90.3447857109, 15.8172699564).
point(13, 75.110015008, 90.319062626).
point(14, 58.0682492266, 60.0366749762).
point(15, 57.0150769316, 68.4501698058).
point(16, 26.3138546826, 92.9494297576).
point(17, 33.9107062274, 18.7078424658).
point(18, 68.0699422713, 24.1535122309).
point(19, 76.2052560101, 76.2282331146).
point(20, 65.838941387, 71.0603651758).
point(21, 14.2062937156, 73.8439250915).
point(22, 56.6155505286, 48.8979110764).
point(23, 76.0722758689, 4.4436214766).
point(24, 52.2109543137, 93.0889819791).
point(25, 19.1467589969, 10.0620878464).
point(26, 63.3162047398, 52.939485188).
point(27, 4.2540676705, 46.3795915402).
point(28, 42.150931285, 40.5329406142).
point(29, 33.2827946611, 29.2760470966).
point(30, 68.6920639542, 12.6940846633).
cost(1, 2, 47).
cost(1, 3, 78).
cost(1, 4, 84).
cost(1, 5, 29).
cost(1, 6, 72).
cost(1, 7, 23).
cost(1, 8, 28).
cost(1, 9, 47).
cost(1, 10, 60).
cost(1, 11, 31).
cost(1, 12, 23).
cost(1, 13, 59).
cost(1, 14, 33).
cost(1, 15, 41).
cost(1, 16, 78).
cost(1, 17, 41).
cost(1, 18, 9).
cost(1, 19, 45).
cost(1, 20, 41).
cost(1, 21, 73).
cost(1, 22, 24).
cost(1, 23, 27).
cost(1, 24, 65).
cost(1, 25, 58).
cost(1, 26, 24).
cost(1, 27, 71).
cost(1, 28, 32).
cost(1, 29, 40).
cost(1, 30, 19).
cost(2, 1, 47).
cost(2, 3, 53).
cost(2, 4, 46).
cost(2, 5, 56).
cost(2, 6, 25).
cost(2, 7, 33).
cost(2, 8, 66).
cost(2, 9, 59).
cost(2, 10, 26).
cost(2, 11, 43).
cost(2, 12, 69).
cost(2, 13, 68).
cost(2, 14, 36).
cost(2, 15, 40).
cost(2, 16, 50).
cost(2, 17, 25).
cost(2, 18, 45).
cost(2, 19, 60).
cost(2, 20, 48).
cost(2, 21, 34).
cost(2, 22, 30).
cost(2, 23, 62).
cost(2, 24, 56).
cost(2, 25, 33).
cost(2, 26, 38).
cost(2, 27, 23).
cost(2, 28, 15).
cost(2, 29, 15).
cost(2, 30, 51).
cost(3, 1, 78).
cost(3, 2, 53).
cost(3, 4, 23).
cost(3, 5, 63).
cost(3, 6, 57).
cost(3, 7, 55).
cost(3, 8, 105).
cost(3, 9, 48).
cost(3, 10, 76).
cost(3, 11, 50).
cost(3, 12, 100).
cost(3, 13, 46).
cost(3, 14, 45).
cost(3, 15, 39).
cost(3, 16, 3).
cost(3, 17, 76).
cost(3, 18, 81).
cost(3, 19, 51).
cost(3, 20, 44).
cost(3, 21, 26).
cost(3, 22, 54).
cost(3, 23, 102).
cost(3, 24, 23).
cost(3, 25, 86).
cost(3, 26, 54).
cost(3, 27, 55).
cost(3, 28, 56).
cost(3, 29, 66).
cost(3, 30, 91).
cost(4, 1, 84).
cost(4, 2, 46).
cost(4, 3, 23).
cost(4, 5, 76).
cost(4, 6, 41).
cost(4, 7, 62).
cost(4, 8, 108).
cost(4, 9, 65).
cost(4, 10, 65).
cost(4, 11, 62).
cost(4, 12, 107).
cost(4, 13, 67).
cost(4, 14, 55).
cost(4, 15, 51).
cost(4, 16, 19).
cost(4, 17, 71).
cost(4, 18, 85).
cost(4, 19, 68).
cost(4, 20, 59).
cost(4, 21, 12).
cost(4, 22, 60).
cost(4, 23, 105).
cost(4, 24, 44).
cost(4, 25, 75).
cost(4, 26, 63).
cost(4, 27, 39).
cost(4, 28, 55).
cost(4, 29, 61).
cost(4, 30, 94).
cost(5, 1, 29).
cost(5, 2, 56).
cost(5, 3, 63).
cost(5, 4, 76).
cost(5, 6, 79).
cost(5, 7, 23).
cost(5, 8, 55).
cost(5, 9, 20).
cost(5, 10, 77).
cost(5, 11, 15).
cost(5, 12, 44).
cost(5, 13, 32).
cost(5, 14, 22).
cost(5, 15, 25).
cost(5, 16, 64).
cost(5, 17, 61).
cost(5, 18, 37).
cost(5, 19, 18).
cost(5, 20, 19).
cost(5, 21, 68).
cost(5, 22, 26).
cost(5, 23, 55).
cost(5, 24, 44).
cost(5, 25, 78).
cost(5, 26, 18).
cost(5, 27, 77).
cost(5, 28, 42).
cost(5, 29, 56).
cost(5, 30, 48).
cost(6, 1, 72).
cost(6, 2, 25).
cost(6, 3, 57).
cost(6, 4, 41).
cost(6, 5, 79).
cost(6, 7, 57).
cost(6, 8, 88).
cost(6, 9, 79).
cost(6, 10, 26).
cost(6, 11, 66).
cost(6, 12, 92).
cost(6, 13, 86).
cost(6, 14, 58).
cost(6, 15, 59).
cost(6, 16, 54).
cost(6, 17, 40).
cost(6, 18, 68).
cost(6, 19, 80).
cost(6, 20, 69).
cost(6, 21, 32).
cost(6, 22, 54).
cost(6, 23, 84).
cost(6, 24, 70).
cost(6, 25, 38).
cost(6, 26, 61).
cost(6, 27, 3).
cost(6, 28, 40).
cost(6, 29, 34).
cost(6, 30, 73).
cost(7, 1, 23).
cost(7, 2, 33).
cost(7, 3, 55).
cost(7, 4, 62).
cost(7, 5, 23).
cost(7, 6, 57).
cost(7, 8, 50).
cost(7, 9, 32).
cost(7, 10, 54).
cost(7, 11, 13).
cost(7, 12, 46).
cost(7, 13, 43).
cost(7, 14, 10).
cost(7, 15, 19).
cost(7, 16, 55).
cost(7, 17, 40).
cost(7, 18, 27).
cost(7, 19, 31).
cost(7, 20, 22).
cost(7, 21, 51).
cost(7, 22, 3).
cost(7, 23, 48).
cost(7, 24, 44).
cost(7, 25, 57).
cost(7, 26, 5).
cost(7, 27, 55).
cost(7, 28, 20).
cost(7, 29, 33).
cost(7, 30, 38).
cost(8, 1, 28).
cost(8, 2, 66).
cost(8, 3, 105).
cost(8, 4, 108).
cost(8, 5, 55).
cost(8, 6, 88).
cost(8, 7, 50).
cost(8, 9, 74).
cost(8, 10, 69).
cost(8, 11, 59).
cost(8, 12, 15).
cost(8, 13, 86).
cost(8, 14, 60).
cost(8, 15, 69).
cost(8, 16, 104).
cost(8, 17, 49).
cost(8, 18, 24).
cost(8, 19, 72).
cost(8, 20, 69).
cost(8, 21, 96).
cost(8, 22, 51).
cost(8, 23, 5).
cost(8, 24, 93).
cost(8, 25, 62).
cost(8, 26, 52).
cost(8, 27, 87).
cost(8, 28, 53).
cost(8, 29, 54).
cost(8, 30, 15).
cost(9, 1, 47).
cost(9, 2, 59).
cost(9, 3, 48).
cost(9, 4, 65).
cost(9, 5, 20).
cost(9, 6, 79).
cost(9, 7, 32).
cost(9, 8, 74).
cost(9, 10, 83).
cost(9, 11, 19).
cost(9, 12, 65).
cost(9, 13, 12).
cost(9, 14, 24).
cost(9, 15, 20).
cost(9, 16, 50).
cost(9, 17, 72).
cost(9, 18, 54).
cost(9, 19, 3).
cost(9, 20, 11).
cost(9, 21, 60).
cost(9, 22, 34).
cost(9, 23, 74).
cost(9, 24, 26).
cost(9, 25, 87).
cost(9, 26, 27).
cost(9, 27, 77).
cost(9, 28, 49).
cost(9, 29, 64).
cost(9, 30, 66).
cost(10, 1, 60).
cost(10, 2, 26).
cost(10, 3, 76).
cost(10, 4, 65).
cost(10, 5, 77).
cost(10, 6, 26).
cost(10, 7, 54).
cost(10, 8, 69).
cost(10, 9, 83).
cost(10, 11, 66).
cost(10, 12, 77).
cost(10, 13, 93).
cost(10, 14, 59).
cost(10, 15, 65).
cost(10, 16, 74).
cost(10, 17, 20).
cost(10, 18, 54).
cost(10, 19, 84).
cost(10, 20, 73).
cost(10, 21, 53).
cost(10, 22, 51).
cost(10, 23, 64).
cost(10, 24, 82).
cost(10, 25, 12).
cost(10, 26, 59).
cost(10, 27, 28).
cost(10, 28, 35).
cost(10, 29, 21).
cost(10, 30, 55).
cost(11, 1, 31).
cost(11, 2, 43).
cost(11, 3, 50).
cost(11, 4, 62).
cost(11, 5, 15).
cost(11, 6, 66).
cost(11, 7, 13).
cost(11, 8, 59).
cost(11, 9, 19).
cost(11, 10, 66).
cost(11, 12, 51).
cost(11, 13, 31).
cost(11, 14, 8).
cost(11, 15, 12).
cost(11, 16, 51).
cost(11, 17, 53).
cost(11, 18, 37).
cost(11, 19, 18).
cost(11, 20, 10).
cost(11, 21, 53).
cost(11, 22, 15).
cost(11, 23, 58).
cost(11, 24, 35).
cost(11, 25, 69).
cost(11, 26, 9).
cost(11, 27, 64).
cost(11, 28, 32).
cost(11, 29, 46).
cost(11, 30, 48).
cost(12, 1, 23).
cost(12, 2, 69).
cost(12, 3, 100).
cost(12, 4, 107).
cost(12, 5, 44).
cost(12, 6, 92).
cost(12, 7, 46).
cost(12, 8, 15).
cost(12, 9, 65).
cost(12, 10, 77).
cost(12, 11, 51).
cost(12, 13, 76).
cost(12, 14, 55).
cost(12, 15, 62).
cost(12, 16, 100).
cost(12, 17, 57).
cost(12, 18, 24).
cost(12, 19, 62).
cost(12, 20, 60).
cost(12, 21, 96).
cost(12, 22, 47).
cost(12, 23, 18).
cost(12, 24, 86).
cost(12, 25, 71).
cost(12, 26, 46).
cost(12, 27, 91).
cost(12, 28, 54).
cost(12, 29, 59).
cost(12, 30, 22).
cost(13, 1, 59).
cost(13, 2, 68).
cost(13, 3, 46).
cost(13, 4, 67).
cost(13, 5, 32).
cost(13, 6, 86).
cost(13, 7, 43).
cost(13, 8, 86).
cost(13, 9, 12).
cost(13, 10, 93).
cost(13, 11, 31).
cost(13, 12, 76).
cost(13, 14, 35).
cost(13, 15, 28).
cost(13, 16, 49).
cost(13, 17, 83).
cost(13, 18, 67).
cost(13, 19, 14).
cost(13, 20, 21).
cost(13, 21, 63).
cost(13, 22, 45).
cost(13, 23, 86).
cost(13, 24, 23).
cost(13, 25, 98).
cost(13, 26, 39).
cost(13, 27, 83).
cost(13, 28, 60).
cost(13, 29, 74).
cost(13, 30, 78).
cost(14, 1, 33).
cost(14, 2, 36).
cost(14, 3, 45).
cost(14, 4, 55).
cost(14, 5, 22).
cost(14, 6, 58).
cost(14, 7, 10).
cost(14, 8, 60).
cost(14, 9, 24).
cost(14, 10, 59).
cost(14, 11, 8).
cost(14, 12, 55).
cost(14, 13, 35).
cost(14, 15, 8).
cost(14, 16, 46).
cost(14, 17, 48).
cost(14, 18, 37).
cost(14, 19, 24).
cost(14, 20, 13).
cost(14, 21, 46).
cost(14, 22, 11).
cost(14, 23, 58).
cost(14, 24, 34).
cost(14, 25, 63).
cost(14, 26, 9).
cost(14, 27, 56).
cost(14, 28, 25).
cost(14, 29, 40).
cost(14, 30, 49).
cost(15, 1, 41).
cost(15, 2, 40).
cost(15, 3, 39).
cost(15, 4, 51).
cost(15, 5, 25).
cost(15, 6, 59).
cost(15, 7, 19).
cost(15, 8, 69).
cost(15, 9, 20).
cost(15, 10, 65).
cost(15, 11, 12).
cost(15, 12, 62).
cost(15, 13, 28).
cost(15, 14, 8).
cost(15, 16, 39).
cost(15, 17, 55).
cost(15, 18, 46).
cost(15, 19, 21).
cost(15, 20, 9).
cost(15, 21, 43).
cost(15, 22, 20).
cost(15, 23, 67).
cost(15, 24, 25).
cost(15, 25, 70).
cost(15, 26, 17).
cost(15, 27, 57).
cost(15, 28, 32).
cost(15, 29, 46).
cost(15, 30, 57).
cost(16, 1, 78).
cost(16, 2, 50).
cost(16, 3, 3).
cost(16, 4, 19).
cost(16, 5, 64).
cost(16, 6, 54).
cost(16, 7, 55).
cost(16, 8, 104).
cost(16, 9, 50).
cost(16, 10, 74).
cost(16, 11, 51).
cost(16, 12, 100).
cost(16, 13, 49).
cost(16, 14, 46).
cost(16, 15, 39).
cost(16, 17, 75).
cost(16, 18, 80).
cost(16, 19, 53).
cost(16, 20, 45).
cost(16, 21, 23).
cost(16, 22, 53).
cost(16, 23, 102).
cost(16, 24, 26).
cost(16, 25, 83).
cost(16, 26, 54).
cost(16, 27, 52).
cost(16, 28, 55).
cost(16, 29, 64).
cost(16, 30, 91).
cost(17, 1, 41).
cost(17, 2, 25).
cost(17, 3, 76).
cost(17, 4, 71).
cost(17, 5, 61).
cost(17, 6, 40).
cost(17, 7, 40).
cost(17, 8, 49).
cost(17, 9, 72).
cost(17, 10, 20).
cost(17, 11, 53).
cost(17, 12, 57).
cost(17, 13, 83).
cost(17, 14, 48).
cost(17, 15, 55).
cost(17, 16, 75).
cost(17, 18, 35).
cost(17, 19, 71).
cost(17, 20, 61).
cost(17, 21, 59).
cost(17, 22, 38).
cost(17, 23, 45).
cost(17, 24, 77).
cost(17, 25, 17).
cost(17, 26, 45).
cost(17, 27, 41).
cost(17, 28, 23).
cost(17, 29, 11).
cost(17, 30, 35).
cost(18, 1, 9).
cost(18, 2, 45).
cost(18, 3, 81).
cost(18, 4, 85).
cost(18, 5, 37).
cost(18, 6, 68).
cost(18, 7, 27).
cost(18, 8, 24).
cost(18, 9, 54).
cost(18, 10, 54).
cost(18, 11, 37).
cost(18, 12, 24).
cost(18, 13, 67).
cost(18, 14, 37).
cost(18, 15, 46).
cost(18, 16, 80).
cost(18, 17, 35).
cost(18, 19, 53).
cost(18, 20, 47).
cost(18, 21, 73).
cost(18, 22, 27).
cost(18, 23, 21).
cost(18, 24, 71).
cost(18, 25, 51).
cost(18, 26, 29).
cost(18, 27, 68).
cost(18, 28, 31).
cost(18, 29, 35).
cost(18, 30, 11).
cost(19, 1, 45).
cost(19, 2, 60).
cost(19, 3, 51).
cost(19, 4, 68).
cost(19, 5, 18).
cost(19, 6, 80).
cost(19, 7, 31).
cost(19, 8, 72).
cost(19, 9, 3).
cost(19, 10, 84).
cost(19, 11, 18).
cost(19, 12, 62).
cost(19, 13, 14).
cost(19, 14, 24).
cost(19, 15, 21).
cost(19, 16, 53).
cost(19, 17, 71).
cost(19, 18, 53).
cost(19, 20, 12).
cost(19, 21, 62).
cost(19, 22, 34).
cost(19, 23, 72).
cost(19, 24, 29).
cost(19, 25, 87).
cost(19, 26, 27).
cost(19, 27, 78).
cost(19, 28, 49).
cost(19, 29, 64).
cost(19, 30, 64).
cost(20, 1, 41).
cost(20, 2, 48).
cost(20, 3, 44).
cost(20, 4, 59).
cost(20, 5, 19).
cost(20, 6, 69).
cost(20, 7, 22).
cost(20, 8, 69).
cost(20, 9, 11).
cost(20, 10, 73).
cost(20, 11, 10).
cost(20, 12, 60).
cost(20, 13, 21).
cost(20, 14, 13).
cost(20, 15, 9).
cost(20, 16, 45).
cost(20, 17, 61).
cost(20, 18, 47).
cost(20, 19, 12).
cost(20, 21, 52).
cost(20, 22, 24).
cost(20, 23, 67).
cost(20, 24, 26).
cost(20, 25, 77).
cost(20, 26, 18).
cost(20, 27, 66).
cost(20, 28, 39).
cost(20, 29, 53).
cost(20, 30, 58).
cost(21, 1, 73).
cost(21, 2, 34).
cost(21, 3, 26).
cost(21, 4, 12).
cost(21, 5, 68).
cost(21, 6, 32).
cost(21, 7, 51).
cost(21, 8, 96).
cost(21, 9, 60).
cost(21, 10, 53).
cost(21, 11, 53).
cost(21, 12, 96).
cost(21, 13, 63).
cost(21, 14, 46).
cost(21, 15, 43).
cost(21, 16, 23).
cost(21, 17, 59).
cost(21, 18, 73).
cost(21, 19, 62).
cost(21, 20, 52).
cost(21, 22, 49).
cost(21, 23, 93).
cost(21, 24, 43).
cost(21, 25, 64).
cost(21, 26, 53).
cost(21, 27, 29).
cost(21, 28, 43).
cost(21, 29, 48).
cost(21, 30, 82).
cost(22, 1, 24).
cost(22, 2, 30).
cost(22, 3, 54).
cost(22, 4, 60).
cost(22, 5, 26).
cost(22, 6, 54).
cost(22, 7, 3).
cost(22, 8, 51).
cost(22, 9, 34).
cost(22, 10, 51).
cost(22, 11, 15).
cost(22, 12, 47).
cost(22, 13, 45).
cost(22, 14, 11).
cost(22, 15, 20).
cost(22, 16, 53).
cost(22, 17, 38).
cost(22, 18, 27).
cost(22, 19, 34).
cost(22, 20, 24).
cost(22, 21, 49).
cost(22, 23, 49).
cost(22, 24, 44).
cost(22, 25, 54).
cost(22, 26, 8).
cost(22, 27, 52).
cost(22, 28, 17).
cost(22, 29, 30).
cost(22, 30, 38).
cost(23, 1, 27).
cost(23, 2, 62).
cost(23, 3, 102).
cost(23, 4, 105).
cost(23, 5, 55).
cost(23, 6, 84).
cost(23, 7, 48).
cost(23, 8, 5).
cost(23, 9, 74).
cost(23, 10, 64).
cost(23, 11, 58).
cost(23, 12, 18).
cost(23, 13, 86).
cost(23, 14, 58).
cost(23, 15, 67).
cost(23, 16, 102).
cost(23, 17, 45).
cost(23, 18, 21).
cost(23, 19, 72).
cost(23, 20, 67).
cost(23, 21, 93).
cost(23, 22, 49).
cost(23, 24, 92).
cost(23, 25, 57).
cost(23, 26, 50).
cost(23, 27, 83).
cost(23, 28, 50).
cost(23, 29, 49).
cost(23, 30, 11).
cost(24, 1, 65).
cost(24, 2, 56).
cost(24, 3, 23).
cost(24, 4, 44).
cost(24, 5, 44).
cost(24, 6, 70).
cost(24, 7, 44).
cost(24, 8, 93).
cost(24, 9, 26).
cost(24, 10, 82).
cost(24, 11, 35).
cost(24, 12, 86).
cost(24, 13, 23).
cost(24, 14, 34).
cost(24, 15, 25).
cost(24, 16, 26).
cost(24, 17, 77).
cost(24, 18, 71).
cost(24, 19, 29).
cost(24, 20, 26).
cost(24, 21, 43).
cost(24, 22, 44).
cost(24, 23, 92).
cost(24, 25, 89).
cost(24, 26, 42).
cost(24, 27, 67).
cost(24, 28, 54).
cost(24, 29, 67).
cost(24, 30, 82).
cost(25, 1, 58).
cost(25, 2, 33).
cost(25, 3, 86).
cost(25, 4, 75).
cost(25, 5, 78).
cost(25, 6, 38).
cost(25, 7, 57).
cost(25, 8, 62).
cost(25, 9, 87).
cost(25, 10, 12).
cost(25, 11, 69).
cost(25, 12, 71).
cost(25, 13, 98).
cost(25, 14, 63).
cost(25, 15, 70).
cost(25, 16, 83).
cost(25, 17, 17).
cost(25, 18, 51).
cost(25, 19, 87).
cost(25, 20, 77).
cost(25, 21, 64).
cost(25, 22, 54).
cost(25, 23, 57).
cost(25, 24, 89).
cost(25, 26, 62).
cost(25, 27, 39).
cost(25, 28, 38).
cost(25, 29, 24).
cost(25, 30, 50).
cost(26, 1, 24).
cost(26, 2, 38).
cost(26, 3, 54).
cost(26, 4, 63).
cost(26, 5, 18).
cost(26, 6, 61).
cost(26, 7, 5).
cost(26, 8, 52).
cost(26, 9, 27).
cost(26, 10, 59).
cost(26, 11, 9).
cost(26, 12, 46).
cost(26, 13, 39).
cost(26, 14, 9).
cost(26, 15, 17).
cost(26, 16, 54).
cost(26, 17, 45).
cost(26, 18, 29).
cost(26, 19, 27).
cost(26, 20, 18).
cost(26, 21, 53).
cost(26, 22, 8).
cost(26, 23, 50).
cost(26, 24, 42).
cost(26, 25, 62).
cost(26, 27, 59).
cost(26, 28, 25).
cost(26, 29, 38).
cost(26, 30, 41).
cost(27, 1, 71).
cost(27, 2, 23).
cost(27, 3, 55).
cost(27, 4, 39).
cost(27, 5, 77).
cost(27, 6, 3).
cost(27, 7, 55).
cost(27, 8, 87).
cost(27, 9, 77).
cost(27, 10, 28).
cost(27, 11, 64).
cost(27, 12, 91).
cost(27, 13, 83).
cost(27, 14, 56).
cost(27, 15, 57).
cost(27, 16, 52).
cost(27, 17, 41).
cost(27, 18, 68).
cost(27, 19, 78).
cost(27, 20, 66).
cost(27, 21, 29).
cost(27, 22, 52).
cost(27, 23, 83).
cost(27, 24, 67).
cost(27, 25, 39).
cost(27, 26, 59).
cost(27, 28, 38).
cost(27, 29, 34).
cost(27, 30, 73).
cost(28, 1, 32).
cost(28, 2, 15).
cost(28, 3, 56).
cost(28, 4, 55).
cost(28, 5, 42).
cost(28, 6, 40).
cost(28, 7, 20).
cost(28, 8, 53).
cost(28, 9, 49).
cost(28, 10, 35).
cost(28, 11, 32).
cost(28, 12, 54).
cost(28, 13, 60).
cost(28, 14, 25).
cost(28, 15, 32).
cost(28, 16, 55).
cost(28, 17, 23).
cost(28, 18, 31).
cost(28, 19, 49).
cost(28, 20, 39).
cost(28, 21, 43).
cost(28, 22, 17).
cost(28, 23, 50).
cost(28, 24, 54).
cost(28, 25, 38).
cost(28, 26, 25).
cost(28, 27, 38).
cost(28, 29, 14).
cost(28, 30, 38).
cost(29, 1, 40).
cost(29, 2, 15).
cost(29, 3, 66).
cost(29, 4, 61).
cost(29, 5, 56).
cost(29, 6, 34).
cost(29, 7, 33).
cost(29, 8, 54).
cost(29, 9, 64).
cost(29, 10, 21).
cost(29, 11, 46).
cost(29, 12, 59).
cost(29, 13, 74).
cost(29, 14, 40).
cost(29, 15, 46).
cost(29, 16, 64).
cost(29, 17, 11).
cost(29, 18, 35).
cost(29, 19, 64).
cost(29, 20, 53).
cost(29, 21, 48).
cost(29, 22, 30).
cost(29, 23, 49).
cost(29, 24, 67).
cost(29, 25, 24).
cost(29, 26, 38).
cost(29, 27, 34).
cost(29, 28, 14).
cost(29, 30, 39).
cost(30, 1, 19).
cost(30, 2, 51).
cost(30, 3, 91).
cost(30, 4, 94).
cost(30, 5, 48).
cost(30, 6, 73).
cost(30, 7, 38).
cost(30, 8, 15).
cost(30, 9, 66).
cost(30, 10, 55).
cost(30, 11, 48).
cost(30, 12, 22).
cost(30, 13, 78).
cost(30, 14, 49).
cost(30, 15, 57).
cost(30, 16, 91).
cost(30, 17, 35).
cost(30, 18, 11).
cost(30, 19, 64).
cost(30, 20, 58).
cost(30, 21, 82).
cost(30, 22, 38).
cost(30, 23, 11).
cost(30, 24, 82).
cost(30, 25, 50).
cost(30, 26, 41).
cost(30, 27, 73).
cost(30, 28, 38).
cost(30, 29, 39).
