dimension(30).
point(1, 56.8186525747, 54.2811868804).
point(2, 20.2698892299, 25.5407445972).
point(3, 46.8690490518, 23.9155159139).
point(4, 54.0155908372, 90.6426438197).
point(5, 8.6776236618, 42.0499926928).
point(6, 27.7549167497, 80.1474917433).
point(7, 29.4501585549, 85.8979980518).
point(8, 28.7347514739, 97.3123769172).
point(9, 62.0603810497, 63.0366159005).
point(10, 45.6014817716, 47.0617692344).
point(11, 75.5602499688, 17.3769826059).
point(12, 57.5284431173, 31.4570720809).
point(13, 9.660000412, 20.5951999657).
point(14, 60.0838872505, 66.8628198322).
point(15, 38.4084493174, 27.8778244868).
point(16, 69.341069992, 8.8877522882).
point(17, 4.01920511, 23.1143770504).
point(18, 25.8390097882, 48.9834754566).
point(19, 66.8926739364, 5.8931374365).
point(20, 77.6051745275, 71.9002364248).
point(21, 91.3375189801, 22.3511662987).
point(22, 51.3449186104, 95.0184710545).
point(23, 86.6320904265, 13.5910192522).
point(24, 41.3496265057, 44.1295287843).
point(25, 46.2598857329, 30.6503302802).
point(26, 68.5385856795, 57.6633240457).
point(27, 81.593384292, 53.9066574747).
point(28, 17.9489199475, 45.4745130589).
point(29, 88.4786762874, 20.0930225194).
point(30, 35.5148317151, 69.2013618233).
cost(1, 2, 46).
cost(1, 3, 32).
cost(1, 4, 36).
cost(1, 5, 50).
cost(1, 6, 39).
cost(1, 7, 42).
cost(1, 8, 51).
cost(1, 9, 10).
cost(1, 10, 13).
cost(1, 11, 41).
cost(1, 12, 23).
cost(1, 13, 58).
cost(1, 14, 13).
cost(1, 15, 32).
cost(1, 16, 47).
cost(1, 17, 61).
cost(1, 18, 31).
cost(1, 19, 49).
cost(1, 20, 27).
cost(1, 21, 47).
cost(1, 22, 41).
cost(1, 23, 50).
cost(1, 24, 19).
cost(1, 25, 26).
cost(1, 26, 12).
cost(1, 27, 25).
cost(1, 28, 40).
cost(1, 29, 47).
cost(1, 30, 26).
cost(2, 1, 46).
cost(2, 3, 27).
cost(2, 4, 73).
cost(2, 5, 20).
cost(2, 6, 55).
cost(2, 7, 61).
cost(2, 8, 72).
cost(2, 9, 56).
cost(2, 10, 33).
cost(2, 11, 56).
cost(2, 12, 38).
cost(2, 13, 12).
cost(2, 14, 57).
cost(2, 15, 18).
cost(2, 16, 52).
cost(2, 17, 16).
cost(2, 18, 24).
cost(2, 19, 51).
cost(2, 20, 74).
cost(2, 21, 71).
cost(2, 22, 76).
cost(2, 23, 67).
cost(2, 24, 28).
cost(2, 25, 26).
cost(2, 26, 58).
cost(2, 27, 68).
cost(2, 28, 20).
cost(2, 29, 68).
cost(2, 30, 46).
cost(3, 1, 32).
cost(3, 2, 27).
cost(3, 4, 67).
cost(3, 5, 42).
cost(3, 6, 59).
cost(3, 7, 64).
cost(3, 8, 76).
cost(3, 9, 42).
cost(3, 10, 23).
cost(3, 11, 29).
cost(3, 12, 13).
cost(3, 13, 37).
cost(3, 14, 45).
cost(3, 15, 9).
cost(3, 16, 27).
cost(3, 17, 43).
cost(3, 18, 33).
cost(3, 19, 27).
cost(3, 20, 57).
cost(3, 21, 44).
cost(3, 22, 71).
cost(3, 23, 41).
cost(3, 24, 21).
cost(3, 25, 7).
cost(3, 26, 40).
cost(3, 27, 46).
cost(3, 28, 36).
cost(3, 29, 42).
cost(3, 30, 47).
cost(4, 1, 36).
cost(4, 2, 73).
cost(4, 3, 67).
cost(4, 5, 66).
cost(4, 6, 28).
cost(4, 7, 25).
cost(4, 8, 26).
cost(4, 9, 29).
cost(4, 10, 44).
cost(4, 11, 76).
cost(4, 12, 59).
cost(4, 13, 83).
cost(4, 14, 25).
cost(4, 15, 65).
cost(4, 16, 83).
cost(4, 17, 84).
cost(4, 18, 50).
cost(4, 19, 86).
cost(4, 20, 30).
cost(4, 21, 78).
cost(4, 22, 5).
cost(4, 23, 84).
cost(4, 24, 48).
cost(4, 25, 60).
cost(4, 26, 36).
cost(4, 27, 46).
cost(4, 28, 58).
cost(4, 29, 79).
cost(4, 30, 28).
cost(5, 1, 50).
cost(5, 2, 20).
cost(5, 3, 42).
cost(5, 4, 66).
cost(5, 6, 43).
cost(5, 7, 49).
cost(5, 8, 59).
cost(5, 9, 57).
cost(5, 10, 37).
cost(5, 11, 71).
cost(5, 12, 50).
cost(5, 13, 21).
cost(5, 14, 57).
cost(5, 15, 33).
cost(5, 16, 69).
cost(5, 17, 20).
cost(5, 18, 19).
cost(5, 19, 69).
cost(5, 20, 75).
cost(5, 21, 85).
cost(5, 22, 68).
cost(5, 23, 83).
cost(5, 24, 33).
cost(5, 25, 39).
cost(5, 26, 62).
cost(5, 27, 74).
cost(5, 28, 10).
cost(5, 29, 83).
cost(5, 30, 38).
cost(6, 1, 39).
cost(6, 2, 55).
cost(6, 3, 59).
cost(6, 4, 28).
cost(6, 5, 43).
cost(6, 7, 6).
cost(6, 8, 17).
cost(6, 9, 38).
cost(6, 10, 38).
cost(6, 11, 79).
cost(6, 12, 57).
cost(6, 13, 62).
cost(6, 14, 35).
cost(6, 15, 53).
cost(6, 16, 83).
cost(6, 17, 62).
cost(6, 18, 31).
cost(6, 19, 84).
cost(6, 20, 51).
cost(6, 21, 86).
cost(6, 22, 28).
cost(6, 23, 89).
cost(6, 24, 38).
cost(6, 25, 53).
cost(6, 26, 47).
cost(6, 27, 60).
cost(6, 28, 36).
cost(6, 29, 85).
cost(6, 30, 13).
cost(7, 1, 42).
cost(7, 2, 61).
cost(7, 3, 64).
cost(7, 4, 25).
cost(7, 5, 49).
cost(7, 6, 6).
cost(7, 8, 11).
cost(7, 9, 40).
cost(7, 10, 42).
cost(7, 11, 83).
cost(7, 12, 61).
cost(7, 13, 68).
cost(7, 14, 36).
cost(7, 15, 59).
cost(7, 16, 87).
cost(7, 17, 68).
cost(7, 18, 37).
cost(7, 19, 88).
cost(7, 20, 50).
cost(7, 21, 89).
cost(7, 22, 24).
cost(7, 23, 92).
cost(7, 24, 43).
cost(7, 25, 58).
cost(7, 26, 48).
cost(7, 27, 61).
cost(7, 28, 42).
cost(7, 29, 88).
cost(7, 30, 18).
cost(8, 1, 51).
cost(8, 2, 72).
cost(8, 3, 76).
cost(8, 4, 26).
cost(8, 5, 59).
cost(8, 6, 17).
cost(8, 7, 11).
cost(8, 9, 48).
cost(8, 10, 53).
cost(8, 11, 93).
cost(8, 12, 72).
cost(8, 13, 79).
cost(8, 14, 44).
cost(8, 15, 70).
cost(8, 16, 97).
cost(8, 17, 78).
cost(8, 18, 48).
cost(8, 19, 99).
cost(8, 20, 55).
cost(8, 21, 98).
cost(8, 22, 23).
cost(8, 23, 102).
cost(8, 24, 55).
cost(8, 25, 69).
cost(8, 26, 56).
cost(8, 27, 68).
cost(8, 28, 53).
cost(8, 29, 98).
cost(8, 30, 29).
cost(9, 1, 10).
cost(9, 2, 56).
cost(9, 3, 42).
cost(9, 4, 29).
cost(9, 5, 57).
cost(9, 6, 38).
cost(9, 7, 40).
cost(9, 8, 48).
cost(9, 10, 23).
cost(9, 11, 48).
cost(9, 12, 32).
cost(9, 13, 67).
cost(9, 14, 4).
cost(9, 15, 42).
cost(9, 16, 55).
cost(9, 17, 70).
cost(9, 18, 39).
cost(9, 19, 57).
cost(9, 20, 18).
cost(9, 21, 50).
cost(9, 22, 34).
cost(9, 23, 55).
cost(9, 24, 28).
cost(9, 25, 36).
cost(9, 26, 8).
cost(9, 27, 22).
cost(9, 28, 47).
cost(9, 29, 50).
cost(9, 30, 27).
cost(10, 1, 13).
cost(10, 2, 33).
cost(10, 3, 23).
cost(10, 4, 44).
cost(10, 5, 37).
cost(10, 6, 38).
cost(10, 7, 42).
cost(10, 8, 53).
cost(10, 9, 23).
cost(10, 11, 42).
cost(10, 12, 20).
cost(10, 13, 45).
cost(10, 14, 25).
cost(10, 15, 20).
cost(10, 16, 45).
cost(10, 17, 48).
cost(10, 18, 20).
cost(10, 19, 46).
cost(10, 20, 41).
cost(10, 21, 52).
cost(10, 22, 48).
cost(10, 23, 53).
cost(10, 24, 5).
cost(10, 25, 16).
cost(10, 26, 25).
cost(10, 27, 37).
cost(10, 28, 28).
cost(10, 29, 51).
cost(10, 30, 24).
cost(11, 1, 41).
cost(11, 2, 56).
cost(11, 3, 29).
cost(11, 4, 76).
cost(11, 5, 71).
cost(11, 6, 79).
cost(11, 7, 83).
cost(11, 8, 93).
cost(11, 9, 48).
cost(11, 10, 42).
cost(11, 12, 23).
cost(11, 13, 66).
cost(11, 14, 52).
cost(11, 15, 39).
cost(11, 16, 11).
cost(11, 17, 72).
cost(11, 18, 59).
cost(11, 19, 14).
cost(11, 20, 55).
cost(11, 21, 17).
cost(11, 22, 81).
cost(11, 23, 12).
cost(11, 24, 43).
cost(11, 25, 32).
cost(11, 26, 41).
cost(11, 27, 37).
cost(11, 28, 64).
cost(11, 29, 13).
cost(11, 30, 65).
cost(12, 1, 23).
cost(12, 2, 38).
cost(12, 3, 13).
cost(12, 4, 59).
cost(12, 5, 50).
cost(12, 6, 57).
cost(12, 7, 61).
cost(12, 8, 72).
cost(12, 9, 32).
cost(12, 10, 20).
cost(12, 11, 23).
cost(12, 13, 49).
cost(12, 14, 35).
cost(12, 15, 19).
cost(12, 16, 25).
cost(12, 17, 54).
cost(12, 18, 36).
cost(12, 19, 27).
cost(12, 20, 45).
cost(12, 21, 35).
cost(12, 22, 64).
cost(12, 23, 34).
cost(12, 24, 21).
cost(12, 25, 11).
cost(12, 26, 28).
cost(12, 27, 33).
cost(12, 28, 42).
cost(12, 29, 33).
cost(12, 30, 44).
cost(13, 1, 58).
cost(13, 2, 12).
cost(13, 3, 37).
cost(13, 4, 83).
cost(13, 5, 21).
cost(13, 6, 62).
cost(13, 7, 68).
cost(13, 8, 79).
cost(13, 9, 67).
cost(13, 10, 45).
cost(13, 11, 66).
cost(13, 12, 49).
cost(13, 14, 68).
cost(13, 15, 30).
cost(13, 16, 61).
cost(13, 17, 6).
cost(13, 18, 33).
cost(13, 19, 59).
cost(13, 20, 85).
cost(13, 21, 82).
cost(13, 22, 85).
cost(13, 23, 77).
cost(13, 24, 39).
cost(13, 25, 38).
cost(13, 26, 70).
cost(13, 27, 79).
cost(13, 28, 26).
cost(13, 29, 79).
cost(13, 30, 55).
cost(14, 1, 13).
cost(14, 2, 57).
cost(14, 3, 45).
cost(14, 4, 25).
cost(14, 5, 57).
cost(14, 6, 35).
cost(14, 7, 36).
cost(14, 8, 44).
cost(14, 9, 4).
cost(14, 10, 25).
cost(14, 11, 52).
cost(14, 12, 35).
cost(14, 13, 68).
cost(14, 15, 45).
cost(14, 16, 59).
cost(14, 17, 71).
cost(14, 18, 39).
cost(14, 19, 61).
cost(14, 20, 18).
cost(14, 21, 54).
cost(14, 22, 29).
cost(14, 23, 60).
cost(14, 24, 29).
cost(14, 25, 39).
cost(14, 26, 12).
cost(14, 27, 25).
cost(14, 28, 47).
cost(14, 29, 55).
cost(14, 30, 25).
cost(15, 1, 32).
cost(15, 2, 18).
cost(15, 3, 9).
cost(15, 4, 65).
cost(15, 5, 33).
cost(15, 6, 53).
cost(15, 7, 59).
cost(15, 8, 70).
cost(15, 9, 42).
cost(15, 10, 20).
cost(15, 11, 39).
cost(15, 12, 19).
cost(15, 13, 30).
cost(15, 14, 45).
cost(15, 16, 36).
cost(15, 17, 35).
cost(15, 18, 25).
cost(15, 19, 36).
cost(15, 20, 59).
cost(15, 21, 53).
cost(15, 22, 68).
cost(15, 23, 50).
cost(15, 24, 17).
cost(15, 25, 8).
cost(15, 26, 42).
cost(15, 27, 50).
cost(15, 28, 27).
cost(15, 29, 51).
cost(15, 30, 41).
cost(16, 1, 47).
cost(16, 2, 52).
cost(16, 3, 27).
cost(16, 4, 83).
cost(16, 5, 69).
cost(16, 6, 83).
cost(16, 7, 87).
cost(16, 8, 97).
cost(16, 9, 55).
cost(16, 10, 45).
cost(16, 11, 11).
cost(16, 12, 25).
cost(16, 13, 61).
cost(16, 14, 59).
cost(16, 15, 36).
cost(16, 17, 67).
cost(16, 18, 59).
cost(16, 19, 4).
cost(16, 20, 64).
cost(16, 21, 26).
cost(16, 22, 88).
cost(16, 23, 18).
cost(16, 24, 45).
cost(16, 25, 32).
cost(16, 26, 49).
cost(16, 27, 47).
cost(16, 28, 63).
cost(16, 29, 22).
cost(16, 30, 69).
cost(17, 1, 61).
cost(17, 2, 16).
cost(17, 3, 43).
cost(17, 4, 84).
cost(17, 5, 20).
cost(17, 6, 62).
cost(17, 7, 68).
cost(17, 8, 78).
cost(17, 9, 70).
cost(17, 10, 48).
cost(17, 11, 72).
cost(17, 12, 54).
cost(17, 13, 6).
cost(17, 14, 71).
cost(17, 15, 35).
cost(17, 16, 67).
cost(17, 18, 34).
cost(17, 19, 65).
cost(17, 20, 88).
cost(17, 21, 87).
cost(17, 22, 86).
cost(17, 23, 83).
cost(17, 24, 43).
cost(17, 25, 43).
cost(17, 26, 73).
cost(17, 27, 83).
cost(17, 28, 26).
cost(17, 29, 85).
cost(17, 30, 56).
cost(18, 1, 31).
cost(18, 2, 24).
cost(18, 3, 33).
cost(18, 4, 50).
cost(18, 5, 19).
cost(18, 6, 31).
cost(18, 7, 37).
cost(18, 8, 48).
cost(18, 9, 39).
cost(18, 10, 20).
cost(18, 11, 59).
cost(18, 12, 36).
cost(18, 13, 33).
cost(18, 14, 39).
cost(18, 15, 25).
cost(18, 16, 59).
cost(18, 17, 34).
cost(18, 19, 60).
cost(18, 20, 57).
cost(18, 21, 71).
cost(18, 22, 53).
cost(18, 23, 70).
cost(18, 24, 16).
cost(18, 25, 27).
cost(18, 26, 44).
cost(18, 27, 56).
cost(18, 28, 9).
cost(18, 29, 69).
cost(18, 30, 22).
cost(19, 1, 49).
cost(19, 2, 51).
cost(19, 3, 27).
cost(19, 4, 86).
cost(19, 5, 69).
cost(19, 6, 84).
cost(19, 7, 88).
cost(19, 8, 99).
cost(19, 9, 57).
cost(19, 10, 46).
cost(19, 11, 14).
cost(19, 12, 27).
cost(19, 13, 59).
cost(19, 14, 61).
cost(19, 15, 36).
cost(19, 16, 4).
cost(19, 17, 65).
cost(19, 18, 60).
cost(19, 20, 67).
cost(19, 21, 29).
cost(19, 22, 90).
cost(19, 23, 21).
cost(19, 24, 46).
cost(19, 25, 32).
cost(19, 26, 52).
cost(19, 27, 50).
cost(19, 28, 63).
cost(19, 29, 26).
cost(19, 30, 71).
cost(20, 1, 27).
cost(20, 2, 74).
cost(20, 3, 57).
cost(20, 4, 30).
cost(20, 5, 75).
cost(20, 6, 51).
cost(20, 7, 50).
cost(20, 8, 55).
cost(20, 9, 18).
cost(20, 10, 41).
cost(20, 11, 55).
cost(20, 12, 45).
cost(20, 13, 85).
cost(20, 14, 18).
cost(20, 15, 59).
cost(20, 16, 64).
cost(20, 17, 88).
cost(20, 18, 57).
cost(20, 19, 67).
cost(20, 21, 51).
cost(20, 22, 35).
cost(20, 23, 59).
cost(20, 24, 46).
cost(20, 25, 52).
cost(20, 26, 17).
cost(20, 27, 18).
cost(20, 28, 65).
cost(20, 29, 53).
cost(20, 30, 42).
cost(21, 1, 47).
cost(21, 2, 71).
cost(21, 3, 44).
cost(21, 4, 78).
cost(21, 5, 85).
cost(21, 6, 86).
cost(21, 7, 89).
cost(21, 8, 98).
cost(21, 9, 50).
cost(21, 10, 52).
cost(21, 11, 17).
cost(21, 12, 35).
cost(21, 13, 82).
cost(21, 14, 54).
cost(21, 15, 53).
cost(21, 16, 26).
cost(21, 17, 87).
cost(21, 18, 71).
cost(21, 19, 29).
cost(21, 20, 51).
cost(21, 22, 83).
cost(21, 23, 10).
cost(21, 24, 55).
cost(21, 25, 46).
cost(21, 26, 42).
cost(21, 27, 33).
cost(21, 28, 77).
cost(21, 29, 4).
cost(21, 30, 73).
cost(22, 1, 41).
cost(22, 2, 76).
cost(22, 3, 71).
cost(22, 4, 5).
cost(22, 5, 68).
cost(22, 6, 28).
cost(22, 7, 24).
cost(22, 8, 23).
cost(22, 9, 34).
cost(22, 10, 48).
cost(22, 11, 81).
cost(22, 12, 64).
cost(22, 13, 85).
cost(22, 14, 29).
cost(22, 15, 68).
cost(22, 16, 88).
cost(22, 17, 86).
cost(22, 18, 53).
cost(22, 19, 90).
cost(22, 20, 35).
cost(22, 21, 83).
cost(22, 23, 89).
cost(22, 24, 52).
cost(22, 25, 65).
cost(22, 26, 41).
cost(22, 27, 51).
cost(22, 28, 60).
cost(22, 29, 84).
cost(22, 30, 30).
cost(23, 1, 50).
cost(23, 2, 67).
cost(23, 3, 41).
cost(23, 4, 84).
cost(23, 5, 83).
cost(23, 6, 89).
cost(23, 7, 92).
cost(23, 8, 102).
cost(23, 9, 55).
cost(23, 10, 53).
cost(23, 11, 12).
cost(23, 12, 34).
cost(23, 13, 77).
cost(23, 14, 60).
cost(23, 15, 50).
cost(23, 16, 18).
cost(23, 17, 83).
cost(23, 18, 70).
cost(23, 19, 21).
cost(23, 20, 59).
cost(23, 21, 10).
cost(23, 22, 89).
cost(23, 24, 55).
cost(23, 25, 44).
cost(23, 26, 48).
cost(23, 27, 41).
cost(23, 28, 76).
cost(23, 29, 7).
cost(23, 30, 76).
cost(24, 1, 19).
cost(24, 2, 28).
cost(24, 3, 21).
cost(24, 4, 48).
cost(24, 5, 33).
cost(24, 6, 38).
cost(24, 7, 43).
cost(24, 8, 55).
cost(24, 9, 28).
cost(24, 10, 5).
cost(24, 11, 43).
cost(24, 12, 21).
cost(24, 13, 39).
cost(24, 14, 29).
cost(24, 15, 17).
cost(24, 16, 45).
cost(24, 17, 43).
cost(24, 18, 16).
cost(24, 19, 46).
cost(24, 20, 46).
cost(24, 21, 55).
cost(24, 22, 52).
cost(24, 23, 55).
cost(24, 25, 14).
cost(24, 26, 30).
cost(24, 27, 41).
cost(24, 28, 23).
cost(24, 29, 53).
cost(24, 30, 26).
cost(25, 1, 26).
cost(25, 2, 26).
cost(25, 3, 7).
cost(25, 4, 60).
cost(25, 5, 39).
cost(25, 6, 53).
cost(25, 7, 58).
cost(25, 8, 69).
cost(25, 9, 36).
cost(25, 10, 16).
cost(25, 11, 32).
cost(25, 12, 11).
cost(25, 13, 38).
cost(25, 14, 39).
cost(25, 15, 8).
cost(25, 16, 32).
cost(25, 17, 43).
cost(25, 18, 27).
cost(25, 19, 32).
cost(25, 20, 52).
cost(25, 21, 46).
cost(25, 22, 65).
cost(25, 23, 44).
cost(25, 24, 14).
cost(25, 26, 35).
cost(25, 27, 42).
cost(25, 28, 32).
cost(25, 29, 44).
cost(25, 30, 40).
cost(26, 1, 12).
cost(26, 2, 58).
cost(26, 3, 40).
cost(26, 4, 36).
cost(26, 5, 62).
cost(26, 6, 47).
cost(26, 7, 48).
cost(26, 8, 56).
cost(26, 9, 8).
cost(26, 10, 25).
cost(26, 11, 41).
cost(26, 12, 28).
cost(26, 13, 70).
cost(26, 14, 12).
cost(26, 15, 42).
cost(26, 16, 49).
cost(26, 17, 73).
cost(26, 18, 44).
cost(26, 19, 52).
cost(26, 20, 17).
cost(26, 21, 42).
cost(26, 22, 41).
cost(26, 23, 48).
cost(26, 24, 30).
cost(26, 25, 35).
cost(26, 27, 14).
cost(26, 28, 52).
cost(26, 29, 43).
cost(26, 30, 35).
cost(27, 1, 25).
cost(27, 2, 68).
cost(27, 3, 46).
cost(27, 4, 46).
cost(27, 5, 74).
cost(27, 6, 60).
cost(27, 7, 61).
cost(27, 8, 68).
cost(27, 9, 22).
cost(27, 10, 37).
cost(27, 11, 37).
cost(27, 12, 33).
cost(27, 13, 79).
cost(27, 14, 25).
cost(27, 15, 50).
cost(27, 16, 47).
cost(27, 17, 83).
cost(27, 18, 56).
cost(27, 19, 50).
cost(27, 20, 18).
cost(27, 21, 33).
cost(27, 22, 51).
cost(27, 23, 41).
cost(27, 24, 41).
cost(27, 25, 42).
cost(27, 26, 14).
cost(27, 28, 64).
cost(27, 29, 35).
cost(27, 30, 49).
cost(28, 1, 40).
cost(28, 2, 20).
cost(28, 3, 36).
cost(28, 4, 58).
cost(28, 5, 10).
cost(28, 6, 36).
cost(28, 7, 42).
cost(28, 8, 53).
cost(28, 9, 47).
cost(28, 10, 28).
cost(28, 11, 64).
cost(28, 12, 42).
cost(28, 13, 26).
cost(28, 14, 47).
cost(28, 15, 27).
cost(28, 16, 63).
cost(28, 17, 26).
cost(28, 18, 9).
cost(28, 19, 63).
cost(28, 20, 65).
cost(28, 21, 77).
cost(28, 22, 60).
cost(28, 23, 76).
cost(28, 24, 23).
cost(28, 25, 32).
cost(28, 26, 52).
cost(28, 27, 64).
cost(28, 29, 75).
cost(28, 30, 30).
cost(29, 1, 47).
cost(29, 2, 68).
cost(29, 3, 42).
cost(29, 4, 79).
cost(29, 5, 83).
cost(29, 6, 85).
cost(29, 7, 88).
cost(29, 8, 98).
cost(29, 9, 50).
cost(29, 10, 51).
cost(29, 11, 13).
cost(29, 12, 33).
cost(29, 13, 79).
cost(29, 14, 55).
cost(29, 15, 51).
cost(29, 16, 22).
cost(29, 17, 85).
cost(29, 18, 69).
cost(29, 19, 26).
cost(29, 20, 53).
cost(29, 21, 4).
cost(29, 22, 84).
cost(29, 23, 7).
cost(29, 24, 53).
cost(29, 25, 44).
cost(29, 26, 43).
cost(29, 27, 35).
cost(29, 28, 75).
cost(29, 30, 72).
cost(30, 1, 26).
cost(30, 2, 46).
cost(30, 3, 47).
cost(30, 4, 28).
cost(30, 5, 38).
cost(30, 6, 13).
cost(30, 7, 18).
cost(30, 8, 29).
cost(30, 9, 27).
cost(30, 10, 24).
cost(30, 11, 65).
cost(30, 12, 44).
cost(30, 13, 55).
cost(30, 14, 25).
cost(30, 15, 41).
cost(30, 16, 69).
cost(30, 17, 56).
cost(30, 18, 22).
cost(30, 19, 71).
cost(30, 20, 42).
cost(30, 21, 73).
cost(30, 22, 30).
cost(30, 23, 76).
cost(30, 24, 26).
cost(30, 25, 40).
cost(30, 26, 35).
cost(30, 27, 49).
cost(30, 28, 30).
cost(30, 29, 72).
