dimension(30).
point(1, 97.3255672743, 72.7362484472).
point(2, 48.9415424915, 27.9843556073).
point(3, 33.0858855153, 13.2393956915).
point(4, 25.2970447441, 11.4383127654).
point(5, 23.757522232, 42.3428529407).
point(6, 89.0607161719, 88.0407332475).
point(7, 26.9574142805, 50.4986078563).
point(8, 97.4129790748, 81.6227000019).
point(9, 22.6331958819, 78.2906312587).
point(10, 55.2174110055, 42.7019236561).
point(11, 22.5806188173, 75.8332987629).
point(12, 19.9594495951, 41.6239660173).
point(13, 74.4598480617, 61.3524751795).
point(14, 13.2611158642, 46.9954828798).
point(15, 37.7019571044, 82.8945394767).
point(16, 11.396970823, 38.3449968714).
point(17, 59.3925146689, 6.5996664869).
point(18, 10.3982594378, 75.3599675682).
point(19, 98.9168261734, 89.5691258008).
point(20, 30.4856832813, 86.1003651028).
point(21, 64.9253776721, 49.3354963932).
point(22, 29.4974041734, 70.9750432592).
point(23, 99.6481988323, 82.883856219).
point(24, 79.2620122591, 49.6644786324).
point(25, 98.9229538101, 77.2816481792).
point(26, 8.022694074, 40.7842429962).
point(27, 61.0624113812, 13.8934462043).
point(28, 51.8192204133, 14.7968972078).
point(29, 82.773464559, 37.8962390436).
point(30, 43.3917349683, 21.2973772477).
cost(1, 2, 66).
cost(1, 3, 88).
cost(1, 4, 95).
cost(1, 5, 80).
cost(1, 6, 17).
cost(1, 7, 74).
cost(1, 8, 9).
cost(1, 9, 75).
cost(1, 10, 52).
cost(1, 11, 75).
cost(1, 12, 83).
cost(1, 13, 26).
cost(1, 14, 88).
cost(1, 15, 60).
cost(1, 16, 93).
cost(1, 17, 76).
cost(1, 18, 87).
cost(1, 19, 17).
cost(1, 20, 68).
cost(1, 21, 40).
cost(1, 22, 68).
cost(1, 23, 10).
cost(1, 24, 29).
cost(1, 25, 5).
cost(1, 26, 95).
cost(1, 27, 69).
cost(1, 28, 74).
cost(1, 29, 38).
cost(1, 30, 75).
cost(2, 1, 66).
cost(2, 3, 22).
cost(2, 4, 29).
cost(2, 5, 29).
cost(2, 6, 72).
cost(2, 7, 31).
cost(2, 8, 72).
cost(2, 9, 57).
cost(2, 10, 16).
cost(2, 11, 55).
cost(2, 12, 32).
cost(2, 13, 42).
cost(2, 14, 40).
cost(2, 15, 56).
cost(2, 16, 39).
cost(2, 17, 24).
cost(2, 18, 61).
cost(2, 19, 79).
cost(2, 20, 61).
cost(2, 21, 27).
cost(2, 22, 47).
cost(2, 23, 75).
cost(2, 24, 37).
cost(2, 25, 70).
cost(2, 26, 43).
cost(2, 27, 19).
cost(2, 28, 13).
cost(2, 29, 35).
cost(2, 30, 9).
cost(3, 1, 88).
cost(3, 2, 22).
cost(3, 4, 8).
cost(3, 5, 31).
cost(3, 6, 93).
cost(3, 7, 38).
cost(3, 8, 94).
cost(3, 9, 66).
cost(3, 10, 37).
cost(3, 11, 63).
cost(3, 12, 31).
cost(3, 13, 63).
cost(3, 14, 39).
cost(3, 15, 70).
cost(3, 16, 33).
cost(3, 17, 27).
cost(3, 18, 66).
cost(3, 19, 101).
cost(3, 20, 73).
cost(3, 21, 48).
cost(3, 22, 58).
cost(3, 23, 96).
cost(3, 24, 59).
cost(3, 25, 92).
cost(3, 26, 37).
cost(3, 27, 28).
cost(3, 28, 19).
cost(3, 29, 55).
cost(3, 30, 13).
cost(4, 1, 95).
cost(4, 2, 29).
cost(4, 3, 8).
cost(4, 5, 31).
cost(4, 6, 100).
cost(4, 7, 39).
cost(4, 8, 101).
cost(4, 9, 67).
cost(4, 10, 43).
cost(4, 11, 64).
cost(4, 12, 31).
cost(4, 13, 70).
cost(4, 14, 38).
cost(4, 15, 73).
cost(4, 16, 30).
cost(4, 17, 34).
cost(4, 18, 66).
cost(4, 19, 107).
cost(4, 20, 75).
cost(4, 21, 55).
cost(4, 22, 60).
cost(4, 23, 103).
cost(4, 24, 66).
cost(4, 25, 99).
cost(4, 26, 34).
cost(4, 27, 36).
cost(4, 28, 27).
cost(4, 29, 63).
cost(4, 30, 21).
cost(5, 1, 80).
cost(5, 2, 29).
cost(5, 3, 31).
cost(5, 4, 31).
cost(5, 6, 80).
cost(5, 7, 9).
cost(5, 8, 83).
cost(5, 9, 36).
cost(5, 10, 31).
cost(5, 11, 34).
cost(5, 12, 4).
cost(5, 13, 54).
cost(5, 14, 11).
cost(5, 15, 43).
cost(5, 16, 13).
cost(5, 17, 50).
cost(5, 18, 36).
cost(5, 19, 89).
cost(5, 20, 44).
cost(5, 21, 42).
cost(5, 22, 29).
cost(5, 23, 86).
cost(5, 24, 56).
cost(5, 25, 83).
cost(5, 26, 16).
cost(5, 27, 47).
cost(5, 28, 39).
cost(5, 29, 59).
cost(5, 30, 29).
cost(6, 1, 17).
cost(6, 2, 72).
cost(6, 3, 93).
cost(6, 4, 100).
cost(6, 5, 80).
cost(6, 7, 73).
cost(6, 8, 11).
cost(6, 9, 67).
cost(6, 10, 57).
cost(6, 11, 68).
cost(6, 12, 83).
cost(6, 13, 30).
cost(6, 14, 86).
cost(6, 15, 52).
cost(6, 16, 92).
cost(6, 17, 87).
cost(6, 18, 80).
cost(6, 19, 10).
cost(6, 20, 59).
cost(6, 21, 46).
cost(6, 22, 62).
cost(6, 23, 12).
cost(6, 24, 40).
cost(6, 25, 15).
cost(6, 26, 94).
cost(6, 27, 79).
cost(6, 28, 82).
cost(6, 29, 51).
cost(6, 30, 81).
cost(7, 1, 74).
cost(7, 2, 31).
cost(7, 3, 38).
cost(7, 4, 39).
cost(7, 5, 9).
cost(7, 6, 73).
cost(7, 8, 77).
cost(7, 9, 28).
cost(7, 10, 29).
cost(7, 11, 26).
cost(7, 12, 11).
cost(7, 13, 49).
cost(7, 14, 14).
cost(7, 15, 34).
cost(7, 16, 20).
cost(7, 17, 55).
cost(7, 18, 30).
cost(7, 19, 82).
cost(7, 20, 36).
cost(7, 21, 38).
cost(7, 22, 21).
cost(7, 23, 80).
cost(7, 24, 52).
cost(7, 25, 77).
cost(7, 26, 21).
cost(7, 27, 50).
cost(7, 28, 44).
cost(7, 29, 57).
cost(7, 30, 34).
cost(8, 1, 9).
cost(8, 2, 72).
cost(8, 3, 94).
cost(8, 4, 101).
cost(8, 5, 83).
cost(8, 6, 11).
cost(8, 7, 77).
cost(8, 9, 75).
cost(8, 10, 57).
cost(8, 11, 75).
cost(8, 12, 87).
cost(8, 13, 31).
cost(8, 14, 91).
cost(8, 15, 60).
cost(8, 16, 96).
cost(8, 17, 84).
cost(8, 18, 87).
cost(8, 19, 8).
cost(8, 20, 67).
cost(8, 21, 46).
cost(8, 22, 69).
cost(8, 23, 3).
cost(8, 24, 37).
cost(8, 25, 5).
cost(8, 26, 98).
cost(8, 27, 77).
cost(8, 28, 81).
cost(8, 29, 46).
cost(8, 30, 81).
cost(9, 1, 75).
cost(9, 2, 57).
cost(9, 3, 66).
cost(9, 4, 67).
cost(9, 5, 36).
cost(9, 6, 67).
cost(9, 7, 28).
cost(9, 8, 75).
cost(9, 10, 48).
cost(9, 11, 2).
cost(9, 12, 37).
cost(9, 13, 55).
cost(9, 14, 33).
cost(9, 15, 16).
cost(9, 16, 41).
cost(9, 17, 81).
cost(9, 18, 13).
cost(9, 19, 77).
cost(9, 20, 11).
cost(9, 21, 51).
cost(9, 22, 10).
cost(9, 23, 77).
cost(9, 24, 63).
cost(9, 25, 76).
cost(9, 26, 40).
cost(9, 27, 75).
cost(9, 28, 70).
cost(9, 29, 72).
cost(9, 30, 61).
cost(10, 1, 52).
cost(10, 2, 16).
cost(10, 3, 37).
cost(10, 4, 43).
cost(10, 5, 31).
cost(10, 6, 57).
cost(10, 7, 29).
cost(10, 8, 57).
cost(10, 9, 48).
cost(10, 11, 47).
cost(10, 12, 35).
cost(10, 13, 27).
cost(10, 14, 42).
cost(10, 15, 44).
cost(10, 16, 44).
cost(10, 17, 36).
cost(10, 18, 55).
cost(10, 19, 64).
cost(10, 20, 50).
cost(10, 21, 12).
cost(10, 22, 38).
cost(10, 23, 60).
cost(10, 24, 25).
cost(10, 25, 56).
cost(10, 26, 47).
cost(10, 27, 29).
cost(10, 28, 28).
cost(10, 29, 28).
cost(10, 30, 24).
cost(11, 1, 75).
cost(11, 2, 55).
cost(11, 3, 63).
cost(11, 4, 64).
cost(11, 5, 34).
cost(11, 6, 68).
cost(11, 7, 26).
cost(11, 8, 75).
cost(11, 9, 2).
cost(11, 10, 47).
cost(11, 12, 34).
cost(11, 13, 54).
cost(11, 14, 30).
cost(11, 15, 17).
cost(11, 16, 39).
cost(11, 17, 78).
cost(11, 18, 12).
cost(11, 19, 78).
cost(11, 20, 13).
cost(11, 21, 50).
cost(11, 22, 8).
cost(11, 23, 77).
cost(11, 24, 62).
cost(11, 25, 76).
cost(11, 26, 38).
cost(11, 27, 73).
cost(11, 28, 68).
cost(11, 29, 71).
cost(11, 30, 58).
cost(12, 1, 83).
cost(12, 2, 32).
cost(12, 3, 31).
cost(12, 4, 31).
cost(12, 5, 4).
cost(12, 6, 83).
cost(12, 7, 11).
cost(12, 8, 87).
cost(12, 9, 37).
cost(12, 10, 35).
cost(12, 11, 34).
cost(12, 13, 58).
cost(12, 14, 9).
cost(12, 15, 45).
cost(12, 16, 9).
cost(12, 17, 53).
cost(12, 18, 35).
cost(12, 19, 92).
cost(12, 20, 46).
cost(12, 21, 46).
cost(12, 22, 31).
cost(12, 23, 90).
cost(12, 24, 60).
cost(12, 25, 87).
cost(12, 26, 12).
cost(12, 27, 50).
cost(12, 28, 42).
cost(12, 29, 63).
cost(12, 30, 31).
cost(13, 1, 26).
cost(13, 2, 42).
cost(13, 3, 63).
cost(13, 4, 70).
cost(13, 5, 54).
cost(13, 6, 30).
cost(13, 7, 49).
cost(13, 8, 31).
cost(13, 9, 55).
cost(13, 10, 27).
cost(13, 11, 54).
cost(13, 12, 58).
cost(13, 14, 63).
cost(13, 15, 43).
cost(13, 16, 67).
cost(13, 17, 57).
cost(13, 18, 66).
cost(13, 19, 37).
cost(13, 20, 50).
cost(13, 21, 15).
cost(13, 22, 46).
cost(13, 23, 33).
cost(13, 24, 13).
cost(13, 25, 29).
cost(13, 26, 70).
cost(13, 27, 49).
cost(13, 28, 52).
cost(13, 29, 25).
cost(13, 30, 51).
cost(14, 1, 88).
cost(14, 2, 40).
cost(14, 3, 39).
cost(14, 4, 38).
cost(14, 5, 11).
cost(14, 6, 86).
cost(14, 7, 14).
cost(14, 8, 91).
cost(14, 9, 33).
cost(14, 10, 42).
cost(14, 11, 30).
cost(14, 12, 9).
cost(14, 13, 63).
cost(14, 15, 43).
cost(14, 16, 9).
cost(14, 17, 61).
cost(14, 18, 29).
cost(14, 19, 96).
cost(14, 20, 43).
cost(14, 21, 52).
cost(14, 22, 29).
cost(14, 23, 94).
cost(14, 24, 66).
cost(14, 25, 91).
cost(14, 26, 8).
cost(14, 27, 58).
cost(14, 28, 50).
cost(14, 29, 70).
cost(14, 30, 40).
cost(15, 1, 60).
cost(15, 2, 56).
cost(15, 3, 70).
cost(15, 4, 73).
cost(15, 5, 43).
cost(15, 6, 52).
cost(15, 7, 34).
cost(15, 8, 60).
cost(15, 9, 16).
cost(15, 10, 44).
cost(15, 11, 17).
cost(15, 12, 45).
cost(15, 13, 43).
cost(15, 14, 43).
cost(15, 16, 52).
cost(15, 17, 79).
cost(15, 18, 28).
cost(15, 19, 62).
cost(15, 20, 8).
cost(15, 21, 43).
cost(15, 22, 14).
cost(15, 23, 62).
cost(15, 24, 53).
cost(15, 25, 61).
cost(15, 26, 52).
cost(15, 27, 73).
cost(15, 28, 70).
cost(15, 29, 64).
cost(15, 30, 62).
cost(16, 1, 93).
cost(16, 2, 39).
cost(16, 3, 33).
cost(16, 4, 30).
cost(16, 5, 13).
cost(16, 6, 92).
cost(16, 7, 20).
cost(16, 8, 96).
cost(16, 9, 41).
cost(16, 10, 44).
cost(16, 11, 39).
cost(16, 12, 9).
cost(16, 13, 67).
cost(16, 14, 9).
cost(16, 15, 52).
cost(16, 17, 58).
cost(16, 18, 37).
cost(16, 19, 101).
cost(16, 20, 51).
cost(16, 21, 55).
cost(16, 22, 37).
cost(16, 23, 99).
cost(16, 24, 69).
cost(16, 25, 96).
cost(16, 26, 4).
cost(16, 27, 55).
cost(16, 28, 47).
cost(16, 29, 71).
cost(16, 30, 36).
cost(17, 1, 76).
cost(17, 2, 24).
cost(17, 3, 27).
cost(17, 4, 34).
cost(17, 5, 50).
cost(17, 6, 87).
cost(17, 7, 55).
cost(17, 8, 84).
cost(17, 9, 81).
cost(17, 10, 36).
cost(17, 11, 78).
cost(17, 12, 53).
cost(17, 13, 57).
cost(17, 14, 61).
cost(17, 15, 79).
cost(17, 16, 58).
cost(17, 18, 84).
cost(17, 19, 92).
cost(17, 20, 85).
cost(17, 21, 43).
cost(17, 22, 71).
cost(17, 23, 86).
cost(17, 24, 47).
cost(17, 25, 81).
cost(17, 26, 62).
cost(17, 27, 7).
cost(17, 28, 11).
cost(17, 29, 39).
cost(17, 30, 22).
cost(18, 1, 87).
cost(18, 2, 61).
cost(18, 3, 66).
cost(18, 4, 66).
cost(18, 5, 36).
cost(18, 6, 80).
cost(18, 7, 30).
cost(18, 8, 87).
cost(18, 9, 13).
cost(18, 10, 55).
cost(18, 11, 12).
cost(18, 12, 35).
cost(18, 13, 66).
cost(18, 14, 29).
cost(18, 15, 28).
cost(18, 16, 37).
cost(18, 17, 84).
cost(18, 19, 90).
cost(18, 20, 23).
cost(18, 21, 60).
cost(18, 22, 20).
cost(18, 23, 90).
cost(18, 24, 74).
cost(18, 25, 89).
cost(18, 26, 35).
cost(18, 27, 80).
cost(18, 28, 73).
cost(18, 29, 81).
cost(18, 30, 63).
cost(19, 1, 17).
cost(19, 2, 79).
cost(19, 3, 101).
cost(19, 4, 107).
cost(19, 5, 89).
cost(19, 6, 10).
cost(19, 7, 82).
cost(19, 8, 8).
cost(19, 9, 77).
cost(19, 10, 64).
cost(19, 11, 78).
cost(19, 12, 92).
cost(19, 13, 37).
cost(19, 14, 96).
cost(19, 15, 62).
cost(19, 16, 101).
cost(19, 17, 92).
cost(19, 18, 90).
cost(19, 20, 69).
cost(19, 21, 53).
cost(19, 22, 72).
cost(19, 23, 7).
cost(19, 24, 44).
cost(19, 25, 12).
cost(19, 26, 103).
cost(19, 27, 85).
cost(19, 28, 88).
cost(19, 29, 54).
cost(19, 30, 88).
cost(20, 1, 68).
cost(20, 2, 61).
cost(20, 3, 73).
cost(20, 4, 75).
cost(20, 5, 44).
cost(20, 6, 59).
cost(20, 7, 36).
cost(20, 8, 67).
cost(20, 9, 11).
cost(20, 10, 50).
cost(20, 11, 13).
cost(20, 12, 46).
cost(20, 13, 50).
cost(20, 14, 43).
cost(20, 15, 8).
cost(20, 16, 51).
cost(20, 17, 85).
cost(20, 18, 23).
cost(20, 19, 69).
cost(20, 21, 50).
cost(20, 22, 15).
cost(20, 23, 69).
cost(20, 24, 61).
cost(20, 25, 69).
cost(20, 26, 51).
cost(20, 27, 78).
cost(20, 28, 74).
cost(20, 29, 71).
cost(20, 30, 66).
cost(21, 1, 40).
cost(21, 2, 27).
cost(21, 3, 48).
cost(21, 4, 55).
cost(21, 5, 42).
cost(21, 6, 46).
cost(21, 7, 38).
cost(21, 8, 46).
cost(21, 9, 51).
cost(21, 10, 12).
cost(21, 11, 50).
cost(21, 12, 46).
cost(21, 13, 15).
cost(21, 14, 52).
cost(21, 15, 43).
cost(21, 16, 55).
cost(21, 17, 43).
cost(21, 18, 60).
cost(21, 19, 53).
cost(21, 20, 50).
cost(21, 22, 42).
cost(21, 23, 48).
cost(21, 24, 14).
cost(21, 25, 44).
cost(21, 26, 58).
cost(21, 27, 36).
cost(21, 28, 37).
cost(21, 29, 21).
cost(21, 30, 35).
cost(22, 1, 68).
cost(22, 2, 47).
cost(22, 3, 58).
cost(22, 4, 60).
cost(22, 5, 29).
cost(22, 6, 62).
cost(22, 7, 21).
cost(22, 8, 69).
cost(22, 9, 10).
cost(22, 10, 38).
cost(22, 11, 8).
cost(22, 12, 31).
cost(22, 13, 46).
cost(22, 14, 29).
cost(22, 15, 14).
cost(22, 16, 37).
cost(22, 17, 71).
cost(22, 18, 20).
cost(22, 19, 72).
cost(22, 20, 15).
cost(22, 21, 42).
cost(22, 23, 71).
cost(22, 24, 54).
cost(22, 25, 70).
cost(22, 26, 37).
cost(22, 27, 65).
cost(22, 28, 60).
cost(22, 29, 63).
cost(22, 30, 52).
cost(23, 1, 10).
cost(23, 2, 75).
cost(23, 3, 96).
cost(23, 4, 103).
cost(23, 5, 86).
cost(23, 6, 12).
cost(23, 7, 80).
cost(23, 8, 3).
cost(23, 9, 77).
cost(23, 10, 60).
cost(23, 11, 77).
cost(23, 12, 90).
cost(23, 13, 33).
cost(23, 14, 94).
cost(23, 15, 62).
cost(23, 16, 99).
cost(23, 17, 86).
cost(23, 18, 90).
cost(23, 19, 7).
cost(23, 20, 69).
cost(23, 21, 48).
cost(23, 22, 71).
cost(23, 24, 39).
cost(23, 25, 6).
cost(23, 26, 101).
cost(23, 27, 79).
cost(23, 28, 83).
cost(23, 29, 48).
cost(23, 30, 83).
cost(24, 1, 29).
cost(24, 2, 37).
cost(24, 3, 59).
cost(24, 4, 66).
cost(24, 5, 56).
cost(24, 6, 40).
cost(24, 7, 52).
cost(24, 8, 37).
cost(24, 9, 63).
cost(24, 10, 25).
cost(24, 11, 62).
cost(24, 12, 60).
cost(24, 13, 13).
cost(24, 14, 66).
cost(24, 15, 53).
cost(24, 16, 69).
cost(24, 17, 47).
cost(24, 18, 74).
cost(24, 19, 44).
cost(24, 20, 61).
cost(24, 21, 14).
cost(24, 22, 54).
cost(24, 23, 39).
cost(24, 25, 34).
cost(24, 26, 72).
cost(24, 27, 40).
cost(24, 28, 44).
cost(24, 29, 12).
cost(24, 30, 46).
cost(25, 1, 5).
cost(25, 2, 70).
cost(25, 3, 92).
cost(25, 4, 99).
cost(25, 5, 83).
cost(25, 6, 15).
cost(25, 7, 77).
cost(25, 8, 5).
cost(25, 9, 76).
cost(25, 10, 56).
cost(25, 11, 76).
cost(25, 12, 87).
cost(25, 13, 29).
cost(25, 14, 91).
cost(25, 15, 61).
cost(25, 16, 96).
cost(25, 17, 81).
cost(25, 18, 89).
cost(25, 19, 12).
cost(25, 20, 69).
cost(25, 21, 44).
cost(25, 22, 70).
cost(25, 23, 6).
cost(25, 24, 34).
cost(25, 26, 98).
cost(25, 27, 74).
cost(25, 28, 78).
cost(25, 29, 43).
cost(25, 30, 79).
cost(26, 1, 95).
cost(26, 2, 43).
cost(26, 3, 37).
cost(26, 4, 34).
cost(26, 5, 16).
cost(26, 6, 94).
cost(26, 7, 21).
cost(26, 8, 98).
cost(26, 9, 40).
cost(26, 10, 47).
cost(26, 11, 38).
cost(26, 12, 12).
cost(26, 13, 70).
cost(26, 14, 8).
cost(26, 15, 52).
cost(26, 16, 4).
cost(26, 17, 62).
cost(26, 18, 35).
cost(26, 19, 103).
cost(26, 20, 51).
cost(26, 21, 58).
cost(26, 22, 37).
cost(26, 23, 101).
cost(26, 24, 72).
cost(26, 25, 98).
cost(26, 27, 59).
cost(26, 28, 51).
cost(26, 29, 75).
cost(26, 30, 40).
cost(27, 1, 69).
cost(27, 2, 19).
cost(27, 3, 28).
cost(27, 4, 36).
cost(27, 5, 47).
cost(27, 6, 79).
cost(27, 7, 50).
cost(27, 8, 77).
cost(27, 9, 75).
cost(27, 10, 29).
cost(27, 11, 73).
cost(27, 12, 50).
cost(27, 13, 49).
cost(27, 14, 58).
cost(27, 15, 73).
cost(27, 16, 55).
cost(27, 17, 7).
cost(27, 18, 80).
cost(27, 19, 85).
cost(27, 20, 78).
cost(27, 21, 36).
cost(27, 22, 65).
cost(27, 23, 79).
cost(27, 24, 40).
cost(27, 25, 74).
cost(27, 26, 59).
cost(27, 28, 9).
cost(27, 29, 32).
cost(27, 30, 19).
cost(28, 1, 74).
cost(28, 2, 13).
cost(28, 3, 19).
cost(28, 4, 27).
cost(28, 5, 39).
cost(28, 6, 82).
cost(28, 7, 44).
cost(28, 8, 81).
cost(28, 9, 70).
cost(28, 10, 28).
cost(28, 11, 68).
cost(28, 12, 42).
cost(28, 13, 52).
cost(28, 14, 50).
cost(28, 15, 70).
cost(28, 16, 47).
cost(28, 17, 11).
cost(28, 18, 73).
cost(28, 19, 88).
cost(28, 20, 74).
cost(28, 21, 37).
cost(28, 22, 60).
cost(28, 23, 83).
cost(28, 24, 44).
cost(28, 25, 78).
cost(28, 26, 51).
cost(28, 27, 9).
cost(28, 29, 39).
cost(28, 30, 11).
cost(29, 1, 38).
cost(29, 2, 35).
cost(29, 3, 55).
cost(29, 4, 63).
cost(29, 5, 59).
cost(29, 6, 51).
cost(29, 7, 57).
cost(29, 8, 46).
cost(29, 9, 72).
cost(29, 10, 28).
cost(29, 11, 71).
cost(29, 12, 63).
cost(29, 13, 25).
cost(29, 14, 70).
cost(29, 15, 64).
cost(29, 16, 71).
cost(29, 17, 39).
cost(29, 18, 81).
cost(29, 19, 54).
cost(29, 20, 71).
cost(29, 21, 21).
cost(29, 22, 63).
cost(29, 23, 48).
cost(29, 24, 12).
cost(29, 25, 43).
cost(29, 26, 75).
cost(29, 27, 32).
cost(29, 28, 39).
cost(29, 30, 43).
cost(30, 1, 75).
cost(30, 2, 9).
cost(30, 3, 13).
cost(30, 4, 21).
cost(30, 5, 29).
cost(30, 6, 81).
cost(30, 7, 34).
cost(30, 8, 81).
cost(30, 9, 61).
cost(30, 10, 24).
cost(30, 11, 58).
cost(30, 12, 31).
cost(30, 13, 51).
cost(30, 14, 40).
cost(30, 15, 62).
cost(30, 16, 36).
cost(30, 17, 22).
cost(30, 18, 63).
cost(30, 19, 88).
cost(30, 20, 66).
cost(30, 21, 35).
cost(30, 22, 52).
cost(30, 23, 83).
cost(30, 24, 46).
cost(30, 25, 79).
cost(30, 26, 40).
cost(30, 27, 19).
cost(30, 28, 11).
cost(30, 29, 43).
