dimension(30).
point(1, 56.704103808, 49.7681333729).
point(2, 23.0417260617, 14.1997981491).
point(3, 19.3871640302, 88.2970035203).
point(4, 30.556559449, 64.8306129618).
point(5, 78.0507977739, 44.1391829483).
point(6, 16.2470366337, 95.371981314).
point(7, 66.8378500199, 41.217970675).
point(8, 84.5740809382, 52.324142015).
point(9, 93.4252041098, 35.0322901134).
point(10, 15.4770221618, 0.5631279555).
point(11, 58.8857497141, 84.1009417225).
point(12, 33.0989545236, 20.2961706417).
point(13, 6.4140136996, 71.9884778451).
point(14, 90.2196933289, 22.5858565846).
point(15, 26.2468026262, 91.8663199034).
point(16, 45.45948791, 7.6360788861).
point(17, 85.1336491723, 65.0633050984).
point(18, 43.2801555127, 83.0928013211).
point(19, 92.3198507872, 53.201421388).
point(20, 68.8113848413, 47.6559984042).
point(21, 71.263613927, 38.3799775642).
point(22, 95.2035419918, 58.0788454668).
point(23, 28.9972251377, 90.8322610567).
point(24, 43.3031234924, 77.7710624077).
point(25, 51.9355988806, 74.7009760567).
point(26, 82.7001021709, 39.6931876217).
point(27, 49.039171285, 9.1380487317).
point(28, 67.306396539, 8.8313847552).
point(29, 31.2996723863, 89.5810642848).
point(30, 44.0556281309, 68.6130379787).
cost(1, 2, 49).
cost(1, 3, 54).
cost(1, 4, 30).
cost(1, 5, 22).
cost(1, 6, 61).
cost(1, 7, 13).
cost(1, 8, 28).
cost(1, 9, 40).
cost(1, 10, 64).
cost(1, 11, 34).
cost(1, 12, 38).
cost(1, 13, 55).
cost(1, 14, 43).
cost(1, 15, 52).
cost(1, 16, 44).
cost(1, 17, 32).
cost(1, 18, 36).
cost(1, 19, 36).
cost(1, 20, 12).
cost(1, 21, 18).
cost(1, 22, 39).
cost(1, 23, 50).
cost(1, 24, 31).
cost(1, 25, 25).
cost(1, 26, 28).
cost(1, 27, 41).
cost(1, 28, 42).
cost(1, 29, 47).
cost(1, 30, 23).
cost(2, 1, 49).
cost(2, 3, 74).
cost(2, 4, 51).
cost(2, 5, 63).
cost(2, 6, 81).
cost(2, 7, 51).
cost(2, 8, 72).
cost(2, 9, 73).
cost(2, 10, 16).
cost(2, 11, 79).
cost(2, 12, 12).
cost(2, 13, 60).
cost(2, 14, 68).
cost(2, 15, 78).
cost(2, 16, 23).
cost(2, 17, 80).
cost(2, 18, 72).
cost(2, 19, 80).
cost(2, 20, 57).
cost(2, 21, 54).
cost(2, 22, 84).
cost(2, 23, 77).
cost(2, 24, 67).
cost(2, 25, 67).
cost(2, 26, 65).
cost(2, 27, 26).
cost(2, 28, 45).
cost(2, 29, 76).
cost(2, 30, 58).
cost(3, 1, 54).
cost(3, 2, 74).
cost(3, 4, 26).
cost(3, 5, 73).
cost(3, 6, 8).
cost(3, 7, 67).
cost(3, 8, 74).
cost(3, 9, 91).
cost(3, 10, 88).
cost(3, 11, 40).
cost(3, 12, 69).
cost(3, 13, 21).
cost(3, 14, 97).
cost(3, 15, 8).
cost(3, 16, 85).
cost(3, 17, 70).
cost(3, 18, 24).
cost(3, 19, 81).
cost(3, 20, 64).
cost(3, 21, 72).
cost(3, 22, 82).
cost(3, 23, 10).
cost(3, 24, 26).
cost(3, 25, 35).
cost(3, 26, 80).
cost(3, 27, 85).
cost(3, 28, 93).
cost(3, 29, 12).
cost(3, 30, 32).
cost(4, 1, 30).
cost(4, 2, 51).
cost(4, 3, 26).
cost(4, 5, 52).
cost(4, 6, 34).
cost(4, 7, 43).
cost(4, 8, 55).
cost(4, 9, 70).
cost(4, 10, 66).
cost(4, 11, 34).
cost(4, 12, 45).
cost(4, 13, 25).
cost(4, 14, 73).
cost(4, 15, 27).
cost(4, 16, 59).
cost(4, 17, 55).
cost(4, 18, 22).
cost(4, 19, 63).
cost(4, 20, 42).
cost(4, 21, 49).
cost(4, 22, 65).
cost(4, 23, 26).
cost(4, 24, 18).
cost(4, 25, 24).
cost(4, 26, 58).
cost(4, 27, 59).
cost(4, 28, 67).
cost(4, 29, 25).
cost(4, 30, 14).
cost(5, 1, 22).
cost(5, 2, 63).
cost(5, 3, 73).
cost(5, 4, 52).
cost(5, 6, 80).
cost(5, 7, 12).
cost(5, 8, 10).
cost(5, 9, 18).
cost(5, 10, 76).
cost(5, 11, 44).
cost(5, 12, 51).
cost(5, 13, 77).
cost(5, 14, 25).
cost(5, 15, 70).
cost(5, 16, 49).
cost(5, 17, 22).
cost(5, 18, 52).
cost(5, 19, 17).
cost(5, 20, 10).
cost(5, 21, 9).
cost(5, 22, 22).
cost(5, 23, 68).
cost(5, 24, 48).
cost(5, 25, 40).
cost(5, 26, 6).
cost(5, 27, 45).
cost(5, 28, 37).
cost(5, 29, 65).
cost(5, 30, 42).
cost(6, 1, 61).
cost(6, 2, 81).
cost(6, 3, 8).
cost(6, 4, 34).
cost(6, 5, 80).
cost(6, 7, 74).
cost(6, 8, 81).
cost(6, 9, 98).
cost(6, 10, 95).
cost(6, 11, 44).
cost(6, 12, 77).
cost(6, 13, 25).
cost(6, 14, 104).
cost(6, 15, 11).
cost(6, 16, 92).
cost(6, 17, 75).
cost(6, 18, 30).
cost(6, 19, 87).
cost(6, 20, 71).
cost(6, 21, 79).
cost(6, 22, 87).
cost(6, 23, 14).
cost(6, 24, 32).
cost(6, 25, 41).
cost(6, 26, 87).
cost(6, 27, 92).
cost(6, 28, 100).
cost(6, 29, 16).
cost(6, 30, 39).
cost(7, 1, 13).
cost(7, 2, 51).
cost(7, 3, 67).
cost(7, 4, 43).
cost(7, 5, 12).
cost(7, 6, 74).
cost(7, 8, 21).
cost(7, 9, 27).
cost(7, 10, 66).
cost(7, 11, 44).
cost(7, 12, 40).
cost(7, 13, 68).
cost(7, 14, 30).
cost(7, 15, 65).
cost(7, 16, 40).
cost(7, 17, 30).
cost(7, 18, 48).
cost(7, 19, 28).
cost(7, 20, 7).
cost(7, 21, 5).
cost(7, 22, 33).
cost(7, 23, 62).
cost(7, 24, 43).
cost(7, 25, 37).
cost(7, 26, 16).
cost(7, 27, 37).
cost(7, 28, 32).
cost(7, 29, 60).
cost(7, 30, 36).
cost(8, 1, 28).
cost(8, 2, 72).
cost(8, 3, 74).
cost(8, 4, 55).
cost(8, 5, 10).
cost(8, 6, 81).
cost(8, 7, 21).
cost(8, 9, 19).
cost(8, 10, 86).
cost(8, 11, 41).
cost(8, 12, 61).
cost(8, 13, 81).
cost(8, 14, 30).
cost(8, 15, 70).
cost(8, 16, 59).
cost(8, 17, 13).
cost(8, 18, 51).
cost(8, 19, 8).
cost(8, 20, 16).
cost(8, 21, 19).
cost(8, 22, 12).
cost(8, 23, 68).
cost(8, 24, 48).
cost(8, 25, 40).
cost(8, 26, 13).
cost(8, 27, 56).
cost(8, 28, 47).
cost(8, 29, 65).
cost(8, 30, 44).
cost(9, 1, 40).
cost(9, 2, 73).
cost(9, 3, 91).
cost(9, 4, 70).
cost(9, 5, 18).
cost(9, 6, 98).
cost(9, 7, 27).
cost(9, 8, 19).
cost(9, 10, 85).
cost(9, 11, 60).
cost(9, 12, 62).
cost(9, 13, 95).
cost(9, 14, 13).
cost(9, 15, 88).
cost(9, 16, 55).
cost(9, 17, 31).
cost(9, 18, 69).
cost(9, 19, 18).
cost(9, 20, 28).
cost(9, 21, 22).
cost(9, 22, 23).
cost(9, 23, 85).
cost(9, 24, 66).
cost(9, 25, 57).
cost(9, 26, 12).
cost(9, 27, 51).
cost(9, 28, 37).
cost(9, 29, 83).
cost(9, 30, 60).
cost(10, 1, 64).
cost(10, 2, 16).
cost(10, 3, 88).
cost(10, 4, 66).
cost(10, 5, 76).
cost(10, 6, 95).
cost(10, 7, 66).
cost(10, 8, 86).
cost(10, 9, 85).
cost(10, 11, 94).
cost(10, 12, 26).
cost(10, 13, 72).
cost(10, 14, 78).
cost(10, 15, 92).
cost(10, 16, 31).
cost(10, 17, 95).
cost(10, 18, 87).
cost(10, 19, 93).
cost(10, 20, 71).
cost(10, 21, 67).
cost(10, 22, 98).
cost(10, 23, 91).
cost(10, 24, 82).
cost(10, 25, 83).
cost(10, 26, 78).
cost(10, 27, 35).
cost(10, 28, 52).
cost(10, 29, 90).
cost(10, 30, 74).
cost(11, 1, 34).
cost(11, 2, 79).
cost(11, 3, 40).
cost(11, 4, 34).
cost(11, 5, 44).
cost(11, 6, 44).
cost(11, 7, 44).
cost(11, 8, 41).
cost(11, 9, 60).
cost(11, 10, 94).
cost(11, 12, 69).
cost(11, 13, 54).
cost(11, 14, 69).
cost(11, 15, 34).
cost(11, 16, 78).
cost(11, 17, 32).
cost(11, 18, 16).
cost(11, 19, 46).
cost(11, 20, 38).
cost(11, 21, 47).
cost(11, 22, 45).
cost(11, 23, 31).
cost(11, 24, 17).
cost(11, 25, 12).
cost(11, 26, 50).
cost(11, 27, 76).
cost(11, 28, 76).
cost(11, 29, 28).
cost(11, 30, 21).
cost(12, 1, 38).
cost(12, 2, 12).
cost(12, 3, 69).
cost(12, 4, 45).
cost(12, 5, 51).
cost(12, 6, 77).
cost(12, 7, 40).
cost(12, 8, 61).
cost(12, 9, 62).
cost(12, 10, 26).
cost(12, 11, 69).
cost(12, 13, 58).
cost(12, 14, 57).
cost(12, 15, 72).
cost(12, 16, 18).
cost(12, 17, 69).
cost(12, 18, 64).
cost(12, 19, 68).
cost(12, 20, 45).
cost(12, 21, 42).
cost(12, 22, 73).
cost(12, 23, 71).
cost(12, 24, 58).
cost(12, 25, 58).
cost(12, 26, 53).
cost(12, 27, 19).
cost(12, 28, 36).
cost(12, 29, 69).
cost(12, 30, 50).
cost(13, 1, 55).
cost(13, 2, 60).
cost(13, 3, 21).
cost(13, 4, 25).
cost(13, 5, 77).
cost(13, 6, 25).
cost(13, 7, 68).
cost(13, 8, 81).
cost(13, 9, 95).
cost(13, 10, 72).
cost(13, 11, 54).
cost(13, 12, 58).
cost(13, 14, 97).
cost(13, 15, 28).
cost(13, 16, 75).
cost(13, 17, 79).
cost(13, 18, 39).
cost(13, 19, 88).
cost(13, 20, 67).
cost(13, 21, 73).
cost(13, 22, 90).
cost(13, 23, 29).
cost(13, 24, 37).
cost(13, 25, 46).
cost(13, 26, 83).
cost(13, 27, 76).
cost(13, 28, 88).
cost(13, 29, 30).
cost(13, 30, 38).
cost(14, 1, 43).
cost(14, 2, 68).
cost(14, 3, 97).
cost(14, 4, 73).
cost(14, 5, 25).
cost(14, 6, 104).
cost(14, 7, 30).
cost(14, 8, 30).
cost(14, 9, 13).
cost(14, 10, 78).
cost(14, 11, 69).
cost(14, 12, 57).
cost(14, 13, 97).
cost(14, 15, 94).
cost(14, 16, 47).
cost(14, 17, 43).
cost(14, 18, 77).
cost(14, 19, 31).
cost(14, 20, 33).
cost(14, 21, 25).
cost(14, 22, 36).
cost(14, 23, 92).
cost(14, 24, 72).
cost(14, 25, 65).
cost(14, 26, 19).
cost(14, 27, 43).
cost(14, 28, 27).
cost(14, 29, 89).
cost(14, 30, 65).
cost(15, 1, 52).
cost(15, 2, 78).
cost(15, 3, 8).
cost(15, 4, 27).
cost(15, 5, 70).
cost(15, 6, 11).
cost(15, 7, 65).
cost(15, 8, 70).
cost(15, 9, 88).
cost(15, 10, 92).
cost(15, 11, 34).
cost(15, 12, 72).
cost(15, 13, 28).
cost(15, 14, 94).
cost(15, 16, 86).
cost(15, 17, 65).
cost(15, 18, 19).
cost(15, 19, 77).
cost(15, 20, 61).
cost(15, 21, 70).
cost(15, 22, 77).
cost(15, 23, 3).
cost(15, 24, 22).
cost(15, 25, 31).
cost(15, 26, 77).
cost(15, 27, 86).
cost(15, 28, 93).
cost(15, 29, 6).
cost(15, 30, 29).
cost(16, 1, 44).
cost(16, 2, 23).
cost(16, 3, 85).
cost(16, 4, 59).
cost(16, 5, 49).
cost(16, 6, 92).
cost(16, 7, 40).
cost(16, 8, 59).
cost(16, 9, 55).
cost(16, 10, 31).
cost(16, 11, 78).
cost(16, 12, 18).
cost(16, 13, 75).
cost(16, 14, 47).
cost(16, 15, 86).
cost(16, 17, 70).
cost(16, 18, 75).
cost(16, 19, 65).
cost(16, 20, 46).
cost(16, 21, 40).
cost(16, 22, 71).
cost(16, 23, 85).
cost(16, 24, 70).
cost(16, 25, 67).
cost(16, 26, 49).
cost(16, 27, 4).
cost(16, 28, 22).
cost(16, 29, 83).
cost(16, 30, 61).
cost(17, 1, 32).
cost(17, 2, 80).
cost(17, 3, 70).
cost(17, 4, 55).
cost(17, 5, 22).
cost(17, 6, 75).
cost(17, 7, 30).
cost(17, 8, 13).
cost(17, 9, 31).
cost(17, 10, 95).
cost(17, 11, 32).
cost(17, 12, 69).
cost(17, 13, 79).
cost(17, 14, 43).
cost(17, 15, 65).
cost(17, 16, 70).
cost(17, 18, 46).
cost(17, 19, 14).
cost(17, 20, 24).
cost(17, 21, 30).
cost(17, 22, 12).
cost(17, 23, 62).
cost(17, 24, 44).
cost(17, 25, 35).
cost(17, 26, 25).
cost(17, 27, 67).
cost(17, 28, 59).
cost(17, 29, 59).
cost(17, 30, 41).
cost(18, 1, 36).
cost(18, 2, 72).
cost(18, 3, 24).
cost(18, 4, 22).
cost(18, 5, 52).
cost(18, 6, 30).
cost(18, 7, 48).
cost(18, 8, 51).
cost(18, 9, 69).
cost(18, 10, 87).
cost(18, 11, 16).
cost(18, 12, 64).
cost(18, 13, 39).
cost(18, 14, 77).
cost(18, 15, 19).
cost(18, 16, 75).
cost(18, 17, 46).
cost(18, 19, 57).
cost(18, 20, 44).
cost(18, 21, 53).
cost(18, 22, 58).
cost(18, 23, 16).
cost(18, 24, 5).
cost(18, 25, 12).
cost(18, 26, 59).
cost(18, 27, 74).
cost(18, 28, 78).
cost(18, 29, 14).
cost(18, 30, 15).
cost(19, 1, 36).
cost(19, 2, 80).
cost(19, 3, 81).
cost(19, 4, 63).
cost(19, 5, 17).
cost(19, 6, 87).
cost(19, 7, 28).
cost(19, 8, 8).
cost(19, 9, 18).
cost(19, 10, 93).
cost(19, 11, 46).
cost(19, 12, 68).
cost(19, 13, 88).
cost(19, 14, 31).
cost(19, 15, 77).
cost(19, 16, 65).
cost(19, 17, 14).
cost(19, 18, 57).
cost(19, 20, 24).
cost(19, 21, 26).
cost(19, 22, 6).
cost(19, 23, 74).
cost(19, 24, 55).
cost(19, 25, 46).
cost(19, 26, 17).
cost(19, 27, 62).
cost(19, 28, 51).
cost(19, 29, 71).
cost(19, 30, 51).
cost(20, 1, 12).
cost(20, 2, 57).
cost(20, 3, 64).
cost(20, 4, 42).
cost(20, 5, 10).
cost(20, 6, 71).
cost(20, 7, 7).
cost(20, 8, 16).
cost(20, 9, 28).
cost(20, 10, 71).
cost(20, 11, 38).
cost(20, 12, 45).
cost(20, 13, 67).
cost(20, 14, 33).
cost(20, 15, 61).
cost(20, 16, 46).
cost(20, 17, 24).
cost(20, 18, 44).
cost(20, 19, 24).
cost(20, 21, 10).
cost(20, 22, 28).
cost(20, 23, 59).
cost(20, 24, 39).
cost(20, 25, 32).
cost(20, 26, 16).
cost(20, 27, 43).
cost(20, 28, 39).
cost(20, 29, 56).
cost(20, 30, 32).
cost(21, 1, 18).
cost(21, 2, 54).
cost(21, 3, 72).
cost(21, 4, 49).
cost(21, 5, 9).
cost(21, 6, 79).
cost(21, 7, 5).
cost(21, 8, 19).
cost(21, 9, 22).
cost(21, 10, 67).
cost(21, 11, 47).
cost(21, 12, 42).
cost(21, 13, 73).
cost(21, 14, 25).
cost(21, 15, 70).
cost(21, 16, 40).
cost(21, 17, 30).
cost(21, 18, 53).
cost(21, 19, 26).
cost(21, 20, 10).
cost(21, 22, 31).
cost(21, 23, 67).
cost(21, 24, 48).
cost(21, 25, 41).
cost(21, 26, 12).
cost(21, 27, 37).
cost(21, 28, 30).
cost(21, 29, 65).
cost(21, 30, 41).
cost(22, 1, 39).
cost(22, 2, 84).
cost(22, 3, 82).
cost(22, 4, 65).
cost(22, 5, 22).
cost(22, 6, 87).
cost(22, 7, 33).
cost(22, 8, 12).
cost(22, 9, 23).
cost(22, 10, 98).
cost(22, 11, 45).
cost(22, 12, 73).
cost(22, 13, 90).
cost(22, 14, 36).
cost(22, 15, 77).
cost(22, 16, 71).
cost(22, 17, 12).
cost(22, 18, 58).
cost(22, 19, 6).
cost(22, 20, 28).
cost(22, 21, 31).
cost(22, 23, 74).
cost(22, 24, 56).
cost(22, 25, 46).
cost(22, 26, 22).
cost(22, 27, 67).
cost(22, 28, 57).
cost(22, 29, 71).
cost(22, 30, 52).
cost(23, 1, 50).
cost(23, 2, 77).
cost(23, 3, 10).
cost(23, 4, 26).
cost(23, 5, 68).
cost(23, 6, 14).
cost(23, 7, 62).
cost(23, 8, 68).
cost(23, 9, 85).
cost(23, 10, 91).
cost(23, 11, 31).
cost(23, 12, 71).
cost(23, 13, 29).
cost(23, 14, 92).
cost(23, 15, 3).
cost(23, 16, 85).
cost(23, 17, 62).
cost(23, 18, 16).
cost(23, 19, 74).
cost(23, 20, 59).
cost(23, 21, 67).
cost(23, 22, 74).
cost(23, 24, 19).
cost(23, 25, 28).
cost(23, 26, 74).
cost(23, 27, 84).
cost(23, 28, 91).
cost(23, 29, 3).
cost(23, 30, 27).
cost(24, 1, 31).
cost(24, 2, 67).
cost(24, 3, 26).
cost(24, 4, 18).
cost(24, 5, 48).
cost(24, 6, 32).
cost(24, 7, 43).
cost(24, 8, 48).
cost(24, 9, 66).
cost(24, 10, 82).
cost(24, 11, 17).
cost(24, 12, 58).
cost(24, 13, 37).
cost(24, 14, 72).
cost(24, 15, 22).
cost(24, 16, 70).
cost(24, 17, 44).
cost(24, 18, 5).
cost(24, 19, 55).
cost(24, 20, 39).
cost(24, 21, 48).
cost(24, 22, 56).
cost(24, 23, 19).
cost(24, 25, 9).
cost(24, 26, 55).
cost(24, 27, 69).
cost(24, 28, 73).
cost(24, 29, 17).
cost(24, 30, 9).
cost(25, 1, 25).
cost(25, 2, 67).
cost(25, 3, 35).
cost(25, 4, 24).
cost(25, 5, 40).
cost(25, 6, 41).
cost(25, 7, 37).
cost(25, 8, 40).
cost(25, 9, 57).
cost(25, 10, 83).
cost(25, 11, 12).
cost(25, 12, 58).
cost(25, 13, 46).
cost(25, 14, 65).
cost(25, 15, 31).
cost(25, 16, 67).
cost(25, 17, 35).
cost(25, 18, 12).
cost(25, 19, 46).
cost(25, 20, 32).
cost(25, 21, 41).
cost(25, 22, 46).
cost(25, 23, 28).
cost(25, 24, 9).
cost(25, 26, 47).
cost(25, 27, 66).
cost(25, 28, 68).
cost(25, 29, 25).
cost(25, 30, 10).
cost(26, 1, 28).
cost(26, 2, 65).
cost(26, 3, 80).
cost(26, 4, 58).
cost(26, 5, 6).
cost(26, 6, 87).
cost(26, 7, 16).
cost(26, 8, 13).
cost(26, 9, 12).
cost(26, 10, 78).
cost(26, 11, 50).
cost(26, 12, 53).
cost(26, 13, 83).
cost(26, 14, 19).
cost(26, 15, 77).
cost(26, 16, 49).
cost(26, 17, 25).
cost(26, 18, 59).
cost(26, 19, 17).
cost(26, 20, 16).
cost(26, 21, 12).
cost(26, 22, 22).
cost(26, 23, 74).
cost(26, 24, 55).
cost(26, 25, 47).
cost(26, 27, 45).
cost(26, 28, 34).
cost(26, 29, 72).
cost(26, 30, 48).
cost(27, 1, 41).
cost(27, 2, 26).
cost(27, 3, 85).
cost(27, 4, 59).
cost(27, 5, 45).
cost(27, 6, 92).
cost(27, 7, 37).
cost(27, 8, 56).
cost(27, 9, 51).
cost(27, 10, 35).
cost(27, 11, 76).
cost(27, 12, 19).
cost(27, 13, 76).
cost(27, 14, 43).
cost(27, 15, 86).
cost(27, 16, 4).
cost(27, 17, 67).
cost(27, 18, 74).
cost(27, 19, 62).
cost(27, 20, 43).
cost(27, 21, 37).
cost(27, 22, 67).
cost(27, 23, 84).
cost(27, 24, 69).
cost(27, 25, 66).
cost(27, 26, 45).
cost(27, 28, 18).
cost(27, 29, 82).
cost(27, 30, 60).
cost(28, 1, 42).
cost(28, 2, 45).
cost(28, 3, 93).
cost(28, 4, 67).
cost(28, 5, 37).
cost(28, 6, 100).
cost(28, 7, 32).
cost(28, 8, 47).
cost(28, 9, 37).
cost(28, 10, 52).
cost(28, 11, 76).
cost(28, 12, 36).
cost(28, 13, 88).
cost(28, 14, 27).
cost(28, 15, 93).
cost(28, 16, 22).
cost(28, 17, 59).
cost(28, 18, 78).
cost(28, 19, 51).
cost(28, 20, 39).
cost(28, 21, 30).
cost(28, 22, 57).
cost(28, 23, 91).
cost(28, 24, 73).
cost(28, 25, 68).
cost(28, 26, 34).
cost(28, 27, 18).
cost(28, 29, 88).
cost(28, 30, 64).
cost(29, 1, 47).
cost(29, 2, 76).
cost(29, 3, 12).
cost(29, 4, 25).
cost(29, 5, 65).
cost(29, 6, 16).
cost(29, 7, 60).
cost(29, 8, 65).
cost(29, 9, 83).
cost(29, 10, 90).
cost(29, 11, 28).
cost(29, 12, 69).
cost(29, 13, 30).
cost(29, 14, 89).
cost(29, 15, 6).
cost(29, 16, 83).
cost(29, 17, 59).
cost(29, 18, 14).
cost(29, 19, 71).
cost(29, 20, 56).
cost(29, 21, 65).
cost(29, 22, 71).
cost(29, 23, 3).
cost(29, 24, 17).
cost(29, 25, 25).
cost(29, 26, 72).
cost(29, 27, 82).
cost(29, 28, 88).
cost(29, 30, 25).
cost(30, 1, 23).
cost(30, 2, 58).
cost(30, 3, 32).
cost(30, 4, 14).
cost(30, 5, 42).
cost(30, 6, 39).
cost(30, 7, 36).
cost(30, 8, 44).
cost(30, 9, 60).
cost(30, 10, 74).
cost(30, 11, 21).
cost(30, 12, 50).
cost(30, 13, 38).
cost(30, 14, 65).
cost(30, 15, 29).
cost(30, 16, 61).
cost(30, 17, 41).
cost(30, 18, 15).
cost(30, 19, 51).
cost(30, 20, 32).
cost(30, 21, 41).
cost(30, 22, 52).
cost(30, 23, 27).
cost(30, 24, 9).
cost(30, 25, 10).
cost(30, 26, 48).
cost(30, 27, 60).
cost(30, 28, 64).
cost(30, 29, 25).
