dimension(30).
point(1, 25.3521782519, 75.1601905932).
point(2, 65.914493018, 12.9131453524).
point(3, 94.8590345757, 97.991528456).
point(4, 45.6395659913, 60.8543463505).
point(5, 98.9274850828, 95.0438201942).
point(6, 52.4269460279, 20.2683506604).
point(7, 95.5606825271, 65.1890898974).
point(8, 27.0070827635, 42.9642911143).
point(9, 38.3876296486, 78.2330346157).
point(10, 31.9592905395, 63.1940415798).
point(11, 88.2149896489, 8.2916596546).
point(12, 8.7231244635, 69.5357163538).
point(13, 50.4075786857, 40.4732104178).
point(14, 71.5852764036, 40.1220136189).
point(15, 70.3732505685, 44.6548533533).
point(16, 76.0833721214, 14.4643430558).
point(17, 19.8312774295, 37.370135406).
point(18, 65.4660023397, 21.707880999).
point(19, 89.9605331626, 76.2734876047).
point(20, 48.2776317522, 68.4377284342).
point(21, 20.4908179287, 28.5720515676).
point(22, 24.6074538784, 24.3772206201).
point(23, 72.2116686246, 95.9069210187).
point(24, 73.8787245597, 2.4712303936).
point(25, 84.1838432068, 84.3938514896).
point(26, 71.9852341811, 7.2610262366).
point(27, 40.9633613284, 34.276982516).
point(28, 42.1358643399, 73.3674446144).
point(29, 74.8064593319, 5.8793260616).
point(30, 5.2823266609, 45.2432247484).
cost(1, 2, 74).
cost(1, 3, 73).
cost(1, 4, 25).
cost(1, 5, 76).
cost(1, 6, 61).
cost(1, 7, 71).
cost(1, 8, 32).
cost(1, 9, 13).
cost(1, 10, 14).
cost(1, 11, 92).
cost(1, 12, 18).
cost(1, 13, 43).
cost(1, 14, 58).
cost(1, 15, 54).
cost(1, 16, 79).
cost(1, 17, 38).
cost(1, 18, 67).
cost(1, 19, 65).
cost(1, 20, 24).
cost(1, 21, 47).
cost(1, 22, 51).
cost(1, 23, 51).
cost(1, 24, 87).
cost(1, 25, 60).
cost(1, 26, 82).
cost(1, 27, 44).
cost(1, 28, 17).
cost(1, 29, 85).
cost(1, 30, 36).
cost(2, 1, 74).
cost(2, 3, 90).
cost(2, 4, 52).
cost(2, 5, 89).
cost(2, 6, 15).
cost(2, 7, 60).
cost(2, 8, 49).
cost(2, 9, 71).
cost(2, 10, 61).
cost(2, 11, 23).
cost(2, 12, 80).
cost(2, 13, 32).
cost(2, 14, 28).
cost(2, 15, 32).
cost(2, 16, 10).
cost(2, 17, 52).
cost(2, 18, 9).
cost(2, 19, 68).
cost(2, 20, 58).
cost(2, 21, 48).
cost(2, 22, 43).
cost(2, 23, 83).
cost(2, 24, 13).
cost(2, 25, 74).
cost(2, 26, 8).
cost(2, 27, 33).
cost(2, 28, 65).
cost(2, 29, 11).
cost(2, 30, 69).
cost(3, 1, 73).
cost(3, 2, 90).
cost(3, 4, 62).
cost(3, 5, 5).
cost(3, 6, 89).
cost(3, 7, 33).
cost(3, 8, 87).
cost(3, 9, 60).
cost(3, 10, 72).
cost(3, 11, 90).
cost(3, 12, 91).
cost(3, 13, 73).
cost(3, 14, 62).
cost(3, 15, 59).
cost(3, 16, 86).
cost(3, 17, 96).
cost(3, 18, 82).
cost(3, 19, 22).
cost(3, 20, 55).
cost(3, 21, 102).
cost(3, 22, 102).
cost(3, 23, 23).
cost(3, 24, 98).
cost(3, 25, 17).
cost(3, 26, 94).
cost(3, 27, 83).
cost(3, 28, 58).
cost(3, 29, 94).
cost(3, 30, 104).
cost(4, 1, 25).
cost(4, 2, 52).
cost(4, 3, 62).
cost(4, 5, 63).
cost(4, 6, 41).
cost(4, 7, 50).
cost(4, 8, 26).
cost(4, 9, 19).
cost(4, 10, 14).
cost(4, 11, 68).
cost(4, 12, 38).
cost(4, 13, 21).
cost(4, 14, 33).
cost(4, 15, 30).
cost(4, 16, 55).
cost(4, 17, 35).
cost(4, 18, 44).
cost(4, 19, 47).
cost(4, 20, 8).
cost(4, 21, 41).
cost(4, 22, 42).
cost(4, 23, 44).
cost(4, 24, 65).
cost(4, 25, 45).
cost(4, 26, 60).
cost(4, 27, 27).
cost(4, 28, 13).
cost(4, 29, 62).
cost(4, 30, 43).
cost(5, 1, 76).
cost(5, 2, 89).
cost(5, 3, 5).
cost(5, 4, 63).
cost(5, 6, 88).
cost(5, 7, 30).
cost(5, 8, 89).
cost(5, 9, 63).
cost(5, 10, 74).
cost(5, 11, 87).
cost(5, 12, 94).
cost(5, 13, 73).
cost(5, 14, 61).
cost(5, 15, 58).
cost(5, 16, 84).
cost(5, 17, 98).
cost(5, 18, 81).
cost(5, 19, 21).
cost(5, 20, 57).
cost(5, 21, 103).
cost(5, 22, 103).
cost(5, 23, 27).
cost(5, 24, 96).
cost(5, 25, 18).
cost(5, 26, 92).
cost(5, 27, 84).
cost(5, 28, 61).
cost(5, 29, 92).
cost(5, 30, 106).
cost(6, 1, 61).
cost(6, 2, 15).
cost(6, 3, 89).
cost(6, 4, 41).
cost(6, 5, 88).
cost(6, 7, 62).
cost(6, 8, 34).
cost(6, 9, 60).
cost(6, 10, 48).
cost(6, 11, 38).
cost(6, 12, 66).
cost(6, 13, 20).
cost(6, 14, 28).
cost(6, 15, 30).
cost(6, 16, 24).
cost(6, 17, 37).
cost(6, 18, 13).
cost(6, 19, 67).
cost(6, 20, 48).
cost(6, 21, 33).
cost(6, 22, 28).
cost(6, 23, 78).
cost(6, 24, 28).
cost(6, 25, 72).
cost(6, 26, 23).
cost(6, 27, 18).
cost(6, 28, 54).
cost(6, 29, 27).
cost(6, 30, 53).
cost(7, 1, 71).
cost(7, 2, 60).
cost(7, 3, 33).
cost(7, 4, 50).
cost(7, 5, 30).
cost(7, 6, 62).
cost(7, 8, 72).
cost(7, 9, 59).
cost(7, 10, 64).
cost(7, 11, 57).
cost(7, 12, 87).
cost(7, 13, 51).
cost(7, 14, 35).
cost(7, 15, 32).
cost(7, 16, 54).
cost(7, 17, 81).
cost(7, 18, 53).
cost(7, 19, 12).
cost(7, 20, 47).
cost(7, 21, 84).
cost(7, 22, 82).
cost(7, 23, 39).
cost(7, 24, 66).
cost(7, 25, 22).
cost(7, 26, 63).
cost(7, 27, 63).
cost(7, 28, 54).
cost(7, 29, 63).
cost(7, 30, 92).
cost(8, 1, 32).
cost(8, 2, 49).
cost(8, 3, 87).
cost(8, 4, 26).
cost(8, 5, 89).
cost(8, 6, 34).
cost(8, 7, 72).
cost(8, 9, 37).
cost(8, 10, 21).
cost(8, 11, 70).
cost(8, 12, 32).
cost(8, 13, 24).
cost(8, 14, 45).
cost(8, 15, 43).
cost(8, 16, 57).
cost(8, 17, 9).
cost(8, 18, 44).
cost(8, 19, 71).
cost(8, 20, 33).
cost(8, 21, 16).
cost(8, 22, 19).
cost(8, 23, 70).
cost(8, 24, 62).
cost(8, 25, 71).
cost(8, 26, 57).
cost(8, 27, 16).
cost(8, 28, 34).
cost(8, 29, 60).
cost(8, 30, 22).
cost(9, 1, 13).
cost(9, 2, 71).
cost(9, 3, 60).
cost(9, 4, 19).
cost(9, 5, 63).
cost(9, 6, 60).
cost(9, 7, 59).
cost(9, 8, 37).
cost(9, 10, 16).
cost(9, 11, 86).
cost(9, 12, 31).
cost(9, 13, 40).
cost(9, 14, 51).
cost(9, 15, 46).
cost(9, 16, 74).
cost(9, 17, 45).
cost(9, 18, 63).
cost(9, 19, 52).
cost(9, 20, 14).
cost(9, 21, 53).
cost(9, 22, 56).
cost(9, 23, 38).
cost(9, 24, 84).
cost(9, 25, 46).
cost(9, 26, 79).
cost(9, 27, 44).
cost(9, 28, 6).
cost(9, 29, 81).
cost(9, 30, 47).
cost(10, 1, 14).
cost(10, 2, 61).
cost(10, 3, 72).
cost(10, 4, 14).
cost(10, 5, 74).
cost(10, 6, 48).
cost(10, 7, 64).
cost(10, 8, 21).
cost(10, 9, 16).
cost(10, 11, 79).
cost(10, 12, 24).
cost(10, 13, 29).
cost(10, 14, 46).
cost(10, 15, 43).
cost(10, 16, 66).
cost(10, 17, 29).
cost(10, 18, 53).
cost(10, 19, 59).
cost(10, 20, 17).
cost(10, 21, 36).
cost(10, 22, 40).
cost(10, 23, 52).
cost(10, 24, 74).
cost(10, 25, 56).
cost(10, 26, 69).
cost(10, 27, 30).
cost(10, 28, 14).
cost(10, 29, 72).
cost(10, 30, 32).
cost(11, 1, 92).
cost(11, 2, 23).
cost(11, 3, 90).
cost(11, 4, 68).
cost(11, 5, 87).
cost(11, 6, 38).
cost(11, 7, 57).
cost(11, 8, 70).
cost(11, 9, 86).
cost(11, 10, 79).
cost(11, 12, 100).
cost(11, 13, 50).
cost(11, 14, 36).
cost(11, 15, 41).
cost(11, 16, 14).
cost(11, 17, 74).
cost(11, 18, 26).
cost(11, 19, 68).
cost(11, 20, 72).
cost(11, 21, 71).
cost(11, 22, 66).
cost(11, 23, 89).
cost(11, 24, 15).
cost(11, 25, 76).
cost(11, 26, 16).
cost(11, 27, 54).
cost(11, 28, 80).
cost(11, 29, 14).
cost(11, 30, 91).
cost(12, 1, 18).
cost(12, 2, 80).
cost(12, 3, 91).
cost(12, 4, 38).
cost(12, 5, 94).
cost(12, 6, 66).
cost(12, 7, 87).
cost(12, 8, 32).
cost(12, 9, 31).
cost(12, 10, 24).
cost(12, 11, 100).
cost(12, 13, 51).
cost(12, 14, 69).
cost(12, 15, 66).
cost(12, 16, 87).
cost(12, 17, 34).
cost(12, 18, 74).
cost(12, 19, 82).
cost(12, 20, 40).
cost(12, 21, 43).
cost(12, 22, 48).
cost(12, 23, 69).
cost(12, 24, 94).
cost(12, 25, 77).
cost(12, 26, 89).
cost(12, 27, 48).
cost(12, 28, 34).
cost(12, 29, 92).
cost(12, 30, 25).
cost(13, 1, 43).
cost(13, 2, 32).
cost(13, 3, 73).
cost(13, 4, 21).
cost(13, 5, 73).
cost(13, 6, 20).
cost(13, 7, 51).
cost(13, 8, 24).
cost(13, 9, 40).
cost(13, 10, 29).
cost(13, 11, 50).
cost(13, 12, 51).
cost(13, 14, 21).
cost(13, 15, 20).
cost(13, 16, 37).
cost(13, 17, 31).
cost(13, 18, 24).
cost(13, 19, 53).
cost(13, 20, 28).
cost(13, 21, 32).
cost(13, 22, 30).
cost(13, 23, 60).
cost(13, 24, 45).
cost(13, 25, 55).
cost(13, 26, 40).
cost(13, 27, 11).
cost(13, 28, 34).
cost(13, 29, 42).
cost(13, 30, 45).
cost(14, 1, 58).
cost(14, 2, 28).
cost(14, 3, 62).
cost(14, 4, 33).
cost(14, 5, 61).
cost(14, 6, 28).
cost(14, 7, 35).
cost(14, 8, 45).
cost(14, 9, 51).
cost(14, 10, 46).
cost(14, 11, 36).
cost(14, 12, 69).
cost(14, 13, 21).
cost(14, 15, 5).
cost(14, 16, 26).
cost(14, 17, 52).
cost(14, 18, 19).
cost(14, 19, 41).
cost(14, 20, 37).
cost(14, 21, 52).
cost(14, 22, 50).
cost(14, 23, 56).
cost(14, 24, 38).
cost(14, 25, 46).
cost(14, 26, 33).
cost(14, 27, 31).
cost(14, 28, 44).
cost(14, 29, 34).
cost(14, 30, 67).
cost(15, 1, 54).
cost(15, 2, 32).
cost(15, 3, 59).
cost(15, 4, 30).
cost(15, 5, 58).
cost(15, 6, 30).
cost(15, 7, 32).
cost(15, 8, 43).
cost(15, 9, 46).
cost(15, 10, 43).
cost(15, 11, 41).
cost(15, 12, 66).
cost(15, 13, 20).
cost(15, 14, 5).
cost(15, 16, 31).
cost(15, 17, 51).
cost(15, 18, 23).
cost(15, 19, 37).
cost(15, 20, 32).
cost(15, 21, 52).
cost(15, 22, 50).
cost(15, 23, 51).
cost(15, 24, 42).
cost(15, 25, 42).
cost(15, 26, 37).
cost(15, 27, 31).
cost(15, 28, 40).
cost(15, 29, 39).
cost(15, 30, 65).
cost(16, 1, 79).
cost(16, 2, 10).
cost(16, 3, 86).
cost(16, 4, 55).
cost(16, 5, 84).
cost(16, 6, 24).
cost(16, 7, 54).
cost(16, 8, 57).
cost(16, 9, 74).
cost(16, 10, 66).
cost(16, 11, 14).
cost(16, 12, 87).
cost(16, 13, 37).
cost(16, 14, 26).
cost(16, 15, 31).
cost(16, 17, 61).
cost(16, 18, 13).
cost(16, 19, 63).
cost(16, 20, 61).
cost(16, 21, 57).
cost(16, 22, 52).
cost(16, 23, 82).
cost(16, 24, 12).
cost(16, 25, 70).
cost(16, 26, 8).
cost(16, 27, 40).
cost(16, 28, 68).
cost(16, 29, 9).
cost(16, 30, 77).
cost(17, 1, 38).
cost(17, 2, 52).
cost(17, 3, 96).
cost(17, 4, 35).
cost(17, 5, 98).
cost(17, 6, 37).
cost(17, 7, 81).
cost(17, 8, 9).
cost(17, 9, 45).
cost(17, 10, 29).
cost(17, 11, 74).
cost(17, 12, 34).
cost(17, 13, 31).
cost(17, 14, 52).
cost(17, 15, 51).
cost(17, 16, 61).
cost(17, 18, 48).
cost(17, 19, 80).
cost(17, 20, 42).
cost(17, 21, 9).
cost(17, 22, 14).
cost(17, 23, 79).
cost(17, 24, 64).
cost(17, 25, 80).
cost(17, 26, 60).
cost(17, 27, 21).
cost(17, 28, 42).
cost(17, 29, 63).
cost(17, 30, 17).
cost(18, 1, 67).
cost(18, 2, 9).
cost(18, 3, 82).
cost(18, 4, 44).
cost(18, 5, 81).
cost(18, 6, 13).
cost(18, 7, 53).
cost(18, 8, 44).
cost(18, 9, 63).
cost(18, 10, 53).
cost(18, 11, 26).
cost(18, 12, 74).
cost(18, 13, 24).
cost(18, 14, 19).
cost(18, 15, 23).
cost(18, 16, 13).
cost(18, 17, 48).
cost(18, 19, 60).
cost(18, 20, 50).
cost(18, 21, 45).
cost(18, 22, 41).
cost(18, 23, 75).
cost(18, 24, 21).
cost(18, 25, 65).
cost(18, 26, 16).
cost(18, 27, 28).
cost(18, 28, 57).
cost(18, 29, 18).
cost(18, 30, 65).
cost(19, 1, 65).
cost(19, 2, 68).
cost(19, 3, 22).
cost(19, 4, 47).
cost(19, 5, 21).
cost(19, 6, 67).
cost(19, 7, 12).
cost(19, 8, 71).
cost(19, 9, 52).
cost(19, 10, 59).
cost(19, 11, 68).
cost(19, 12, 82).
cost(19, 13, 53).
cost(19, 14, 41).
cost(19, 15, 37).
cost(19, 16, 63).
cost(19, 17, 80).
cost(19, 18, 60).
cost(19, 20, 42).
cost(19, 21, 84).
cost(19, 22, 83).
cost(19, 23, 26).
cost(19, 24, 76).
cost(19, 25, 10).
cost(19, 26, 71).
cost(19, 27, 65).
cost(19, 28, 48).
cost(19, 29, 72).
cost(19, 30, 90).
cost(20, 1, 24).
cost(20, 2, 58).
cost(20, 3, 55).
cost(20, 4, 8).
cost(20, 5, 57).
cost(20, 6, 48).
cost(20, 7, 47).
cost(20, 8, 33).
cost(20, 9, 14).
cost(20, 10, 17).
cost(20, 11, 72).
cost(20, 12, 40).
cost(20, 13, 28).
cost(20, 14, 37).
cost(20, 15, 32).
cost(20, 16, 61).
cost(20, 17, 42).
cost(20, 18, 50).
cost(20, 19, 42).
cost(20, 21, 49).
cost(20, 22, 50).
cost(20, 23, 36).
cost(20, 24, 71).
cost(20, 25, 39).
cost(20, 26, 66).
cost(20, 27, 35).
cost(20, 28, 8).
cost(20, 29, 68).
cost(20, 30, 49).
cost(21, 1, 47).
cost(21, 2, 48).
cost(21, 3, 102).
cost(21, 4, 41).
cost(21, 5, 103).
cost(21, 6, 33).
cost(21, 7, 84).
cost(21, 8, 16).
cost(21, 9, 53).
cost(21, 10, 36).
cost(21, 11, 71).
cost(21, 12, 43).
cost(21, 13, 32).
cost(21, 14, 52).
cost(21, 15, 52).
cost(21, 16, 57).
cost(21, 17, 9).
cost(21, 18, 45).
cost(21, 19, 84).
cost(21, 20, 49).
cost(21, 22, 6).
cost(21, 23, 85).
cost(21, 24, 59).
cost(21, 25, 85).
cost(21, 26, 56).
cost(21, 27, 21).
cost(21, 28, 50).
cost(21, 29, 59).
cost(21, 30, 23).
cost(22, 1, 51).
cost(22, 2, 43).
cost(22, 3, 102).
cost(22, 4, 42).
cost(22, 5, 103).
cost(22, 6, 28).
cost(22, 7, 82).
cost(22, 8, 19).
cost(22, 9, 56).
cost(22, 10, 40).
cost(22, 11, 66).
cost(22, 12, 48).
cost(22, 13, 30).
cost(22, 14, 50).
cost(22, 15, 50).
cost(22, 16, 52).
cost(22, 17, 14).
cost(22, 18, 41).
cost(22, 19, 83).
cost(22, 20, 50).
cost(22, 21, 6).
cost(22, 23, 86).
cost(22, 24, 54).
cost(22, 25, 85).
cost(22, 26, 50).
cost(22, 27, 19).
cost(22, 28, 52).
cost(22, 29, 53).
cost(22, 30, 28).
cost(23, 1, 51).
cost(23, 2, 83).
cost(23, 3, 23).
cost(23, 4, 44).
cost(23, 5, 27).
cost(23, 6, 78).
cost(23, 7, 39).
cost(23, 8, 70).
cost(23, 9, 38).
cost(23, 10, 52).
cost(23, 11, 89).
cost(23, 12, 69).
cost(23, 13, 60).
cost(23, 14, 56).
cost(23, 15, 51).
cost(23, 16, 82).
cost(23, 17, 79).
cost(23, 18, 75).
cost(23, 19, 26).
cost(23, 20, 36).
cost(23, 21, 85).
cost(23, 22, 86).
cost(23, 24, 93).
cost(23, 25, 17).
cost(23, 26, 89).
cost(23, 27, 69).
cost(23, 28, 38).
cost(23, 29, 90).
cost(23, 30, 84).
cost(24, 1, 87).
cost(24, 2, 13).
cost(24, 3, 98).
cost(24, 4, 65).
cost(24, 5, 96).
cost(24, 6, 28).
cost(24, 7, 66).
cost(24, 8, 62).
cost(24, 9, 84).
cost(24, 10, 74).
cost(24, 11, 15).
cost(24, 12, 94).
cost(24, 13, 45).
cost(24, 14, 38).
cost(24, 15, 42).
cost(24, 16, 12).
cost(24, 17, 64).
cost(24, 18, 21).
cost(24, 19, 76).
cost(24, 20, 71).
cost(24, 21, 59).
cost(24, 22, 54).
cost(24, 23, 93).
cost(24, 25, 83).
cost(24, 26, 5).
cost(24, 27, 46).
cost(24, 28, 78).
cost(24, 29, 4).
cost(24, 30, 81).
cost(25, 1, 60).
cost(25, 2, 74).
cost(25, 3, 17).
cost(25, 4, 45).
cost(25, 5, 18).
cost(25, 6, 72).
cost(25, 7, 22).
cost(25, 8, 71).
cost(25, 9, 46).
cost(25, 10, 56).
cost(25, 11, 76).
cost(25, 12, 77).
cost(25, 13, 55).
cost(25, 14, 46).
cost(25, 15, 42).
cost(25, 16, 70).
cost(25, 17, 80).
cost(25, 18, 65).
cost(25, 19, 10).
cost(25, 20, 39).
cost(25, 21, 85).
cost(25, 22, 85).
cost(25, 23, 17).
cost(25, 24, 83).
cost(25, 26, 78).
cost(25, 27, 66).
cost(25, 28, 43).
cost(25, 29, 79).
cost(25, 30, 88).
cost(26, 1, 82).
cost(26, 2, 8).
cost(26, 3, 94).
cost(26, 4, 60).
cost(26, 5, 92).
cost(26, 6, 23).
cost(26, 7, 63).
cost(26, 8, 57).
cost(26, 9, 79).
cost(26, 10, 69).
cost(26, 11, 16).
cost(26, 12, 89).
cost(26, 13, 40).
cost(26, 14, 33).
cost(26, 15, 37).
cost(26, 16, 8).
cost(26, 17, 60).
cost(26, 18, 16).
cost(26, 19, 71).
cost(26, 20, 66).
cost(26, 21, 56).
cost(26, 22, 50).
cost(26, 23, 89).
cost(26, 24, 5).
cost(26, 25, 78).
cost(26, 27, 41).
cost(26, 28, 73).
cost(26, 29, 3).
cost(26, 30, 77).
cost(27, 1, 44).
cost(27, 2, 33).
cost(27, 3, 83).
cost(27, 4, 27).
cost(27, 5, 84).
cost(27, 6, 18).
cost(27, 7, 63).
cost(27, 8, 16).
cost(27, 9, 44).
cost(27, 10, 30).
cost(27, 11, 54).
cost(27, 12, 48).
cost(27, 13, 11).
cost(27, 14, 31).
cost(27, 15, 31).
cost(27, 16, 40).
cost(27, 17, 21).
cost(27, 18, 28).
cost(27, 19, 65).
cost(27, 20, 35).
cost(27, 21, 21).
cost(27, 22, 19).
cost(27, 23, 69).
cost(27, 24, 46).
cost(27, 25, 66).
cost(27, 26, 41).
cost(27, 28, 39).
cost(27, 29, 44).
cost(27, 30, 37).
cost(28, 1, 17).
cost(28, 2, 65).
cost(28, 3, 58).
cost(28, 4, 13).
cost(28, 5, 61).
cost(28, 6, 54).
cost(28, 7, 54).
cost(28, 8, 34).
cost(28, 9, 6).
cost(28, 10, 14).
cost(28, 11, 80).
cost(28, 12, 34).
cost(28, 13, 34).
cost(28, 14, 44).
cost(28, 15, 40).
cost(28, 16, 68).
cost(28, 17, 42).
cost(28, 18, 57).
cost(28, 19, 48).
cost(28, 20, 8).
cost(28, 21, 50).
cost(28, 22, 52).
cost(28, 23, 38).
cost(28, 24, 78).
cost(28, 25, 43).
cost(28, 26, 73).
cost(28, 27, 39).
cost(28, 29, 75).
cost(28, 30, 46).
cost(29, 1, 85).
cost(29, 2, 11).
cost(29, 3, 94).
cost(29, 4, 62).
cost(29, 5, 92).
cost(29, 6, 27).
cost(29, 7, 63).
cost(29, 8, 60).
cost(29, 9, 81).
cost(29, 10, 72).
cost(29, 11, 14).
cost(29, 12, 92).
cost(29, 13, 42).
cost(29, 14, 34).
cost(29, 15, 39).
cost(29, 16, 9).
cost(29, 17, 63).
cost(29, 18, 18).
cost(29, 19, 72).
cost(29, 20, 68).
cost(29, 21, 59).
cost(29, 22, 53).
cost(29, 23, 90).
cost(29, 24, 4).
cost(29, 25, 79).
cost(29, 26, 3).
cost(29, 27, 44).
cost(29, 28, 75).
cost(29, 30, 80).
cost(30, 1, 36).
cost(30, 2, 69).
cost(30, 3, 104).
cost(30, 4, 43).
cost(30, 5, 106).
cost(30, 6, 53).
cost(30, 7, 92).
cost(30, 8, 22).
cost(30, 9, 47).
cost(30, 10, 32).
cost(30, 11, 91).
cost(30, 12, 25).
cost(30, 13, 45).
cost(30, 14, 67).
cost(30, 15, 65).
cost(30, 16, 77).
cost(30, 17, 17).
cost(30, 18, 65).
cost(30, 19, 90).
cost(30, 20, 49).
cost(30, 21, 23).
cost(30, 22, 28).
cost(30, 23, 84).
cost(30, 24, 81).
cost(30, 25, 88).
cost(30, 26, 77).
cost(30, 27, 37).
cost(30, 28, 46).
cost(30, 29, 80).
