dimension(30).
point(1, 49.0206008977, 24.0524110886).
point(2, 17.5321795258, 70.8638347808).
point(3, 61.3201974743, 87.8829790997).
point(4, 74.5689242068, 18.7828441752).
point(5, 38.9873190911, 37.8359261863).
point(6, 72.4088579401, 35.9988229847).
point(7, 20.597919556, 87.9701745498).
point(8, 83.8207242013, 67.8871019811).
point(9, 76.2811647877, 40.6731878277).
point(10, 44.7510589758, 75.2814232426).
point(11, 39.7481445752, 90.3704684418).
point(12, 5.9541810225, 49.5222362697).
point(13, 53.5705685898, 45.044577215).
point(14, 45.6083835401, 86.7162152826).
point(15, 11.0050892214, 55.309343674).
point(16, 94.0311834083, 16.5070725203).
point(17, 0.9428775921, 66.7628730901).
point(18, 36.8319596797, 25.9255993632).
point(19, 26.5694193839, 95.6941346613).
point(20, 68.2933636618, 9.9249787295).
point(21, 32.4433602727, 16.2760662846).
point(22, 47.2338920482, 16.8997565944).
point(23, 75.0725587311, 12.288666659).
point(24, 32.7607448737, 33.8223898516).
point(25, 52.6055477646, 95.0773636792).
point(26, 97.0047363962, 16.6614979492).
point(27, 9.963992005, 74.2180667564).
point(28, 63.5071189165, 32.002887553).
point(29, 72.3490533143, 2.5466181789).
point(30, 76.8832403042, 62.2668932157).
cost(1, 2, 56).
cost(1, 3, 65).
cost(1, 4, 26).
cost(1, 5, 17).
cost(1, 6, 26).
cost(1, 7, 70).
cost(1, 8, 56).
cost(1, 9, 32).
cost(1, 10, 51).
cost(1, 11, 67).
cost(1, 12, 50).
cost(1, 13, 21).
cost(1, 14, 63).
cost(1, 15, 49).
cost(1, 16, 46).
cost(1, 17, 64).
cost(1, 18, 12).
cost(1, 19, 75).
cost(1, 20, 24).
cost(1, 21, 18).
cost(1, 22, 7).
cost(1, 23, 29).
cost(1, 24, 19).
cost(1, 25, 71).
cost(1, 26, 49).
cost(1, 27, 64).
cost(1, 28, 17).
cost(1, 29, 32).
cost(1, 30, 47).
cost(2, 1, 56).
cost(2, 3, 47).
cost(2, 4, 77).
cost(2, 5, 39).
cost(2, 6, 65).
cost(2, 7, 17).
cost(2, 8, 66).
cost(2, 9, 66).
cost(2, 10, 28).
cost(2, 11, 30).
cost(2, 12, 24).
cost(2, 13, 44).
cost(2, 14, 32).
cost(2, 15, 17).
cost(2, 16, 94).
cost(2, 17, 17).
cost(2, 18, 49).
cost(2, 19, 26).
cost(2, 20, 79).
cost(2, 21, 57).
cost(2, 22, 62).
cost(2, 23, 82).
cost(2, 24, 40).
cost(2, 25, 43).
cost(2, 26, 96).
cost(2, 27, 8).
cost(2, 28, 60).
cost(2, 29, 88).
cost(2, 30, 60).
cost(3, 1, 65).
cost(3, 2, 47).
cost(3, 4, 70).
cost(3, 5, 55).
cost(3, 6, 53).
cost(3, 7, 41).
cost(3, 8, 30).
cost(3, 9, 50).
cost(3, 10, 21).
cost(3, 11, 22).
cost(3, 12, 67).
cost(3, 13, 44).
cost(3, 14, 16).
cost(3, 15, 60).
cost(3, 16, 79).
cost(3, 17, 64).
cost(3, 18, 67).
cost(3, 19, 36).
cost(3, 20, 78).
cost(3, 21, 77).
cost(3, 22, 72).
cost(3, 23, 77).
cost(3, 24, 61).
cost(3, 25, 11).
cost(3, 26, 80).
cost(3, 27, 53).
cost(3, 28, 56).
cost(3, 29, 86).
cost(3, 30, 30).
cost(4, 1, 26).
cost(4, 2, 77).
cost(4, 3, 70).
cost(4, 5, 40).
cost(4, 6, 17).
cost(4, 7, 88).
cost(4, 8, 50).
cost(4, 9, 22).
cost(4, 10, 64).
cost(4, 11, 80).
cost(4, 12, 75).
cost(4, 13, 34).
cost(4, 14, 74).
cost(4, 15, 73).
cost(4, 16, 20).
cost(4, 17, 88).
cost(4, 18, 38).
cost(4, 19, 91).
cost(4, 20, 11).
cost(4, 21, 42).
cost(4, 22, 27).
cost(4, 23, 7).
cost(4, 24, 44).
cost(4, 25, 79).
cost(4, 26, 23).
cost(4, 27, 85).
cost(4, 28, 17).
cost(4, 29, 16).
cost(4, 30, 44).
cost(5, 1, 17).
cost(5, 2, 39).
cost(5, 3, 55).
cost(5, 4, 40).
cost(5, 6, 33).
cost(5, 7, 53).
cost(5, 8, 54).
cost(5, 9, 37).
cost(5, 10, 38).
cost(5, 11, 53).
cost(5, 12, 35).
cost(5, 13, 16).
cost(5, 14, 49).
cost(5, 15, 33).
cost(5, 16, 59).
cost(5, 17, 48).
cost(5, 18, 12).
cost(5, 19, 59).
cost(5, 20, 40).
cost(5, 21, 23).
cost(5, 22, 23).
cost(5, 23, 44).
cost(5, 24, 7).
cost(5, 25, 59).
cost(5, 26, 62).
cost(5, 27, 47).
cost(5, 28, 25).
cost(5, 29, 49).
cost(5, 30, 45).
cost(6, 1, 26).
cost(6, 2, 65).
cost(6, 3, 53).
cost(6, 4, 17).
cost(6, 5, 33).
cost(6, 7, 73).
cost(6, 8, 34).
cost(6, 9, 6).
cost(6, 10, 48).
cost(6, 11, 63).
cost(6, 12, 68).
cost(6, 13, 21).
cost(6, 14, 57).
cost(6, 15, 64).
cost(6, 16, 29).
cost(6, 17, 78).
cost(6, 18, 37).
cost(6, 19, 75).
cost(6, 20, 26).
cost(6, 21, 45).
cost(6, 22, 32).
cost(6, 23, 24).
cost(6, 24, 40).
cost(6, 25, 62).
cost(6, 26, 31).
cost(6, 27, 73).
cost(6, 28, 10).
cost(6, 29, 33).
cost(6, 30, 27).
cost(7, 1, 70).
cost(7, 2, 17).
cost(7, 3, 41).
cost(7, 4, 88).
cost(7, 5, 53).
cost(7, 6, 73).
cost(7, 8, 66).
cost(7, 9, 73).
cost(7, 10, 27).
cost(7, 11, 19).
cost(7, 12, 41).
cost(7, 13, 54).
cost(7, 14, 25).
cost(7, 15, 34).
cost(7, 16, 102).
cost(7, 17, 29).
cost(7, 18, 64).
cost(7, 19, 10).
cost(7, 20, 91).
cost(7, 21, 73).
cost(7, 22, 76).
cost(7, 23, 93).
cost(7, 24, 55).
cost(7, 25, 33).
cost(7, 26, 105).
cost(7, 27, 17).
cost(7, 28, 71).
cost(7, 29, 100).
cost(7, 30, 62).
cost(8, 1, 56).
cost(8, 2, 66).
cost(8, 3, 30).
cost(8, 4, 50).
cost(8, 5, 54).
cost(8, 6, 34).
cost(8, 7, 66).
cost(8, 9, 28).
cost(8, 10, 40).
cost(8, 11, 49).
cost(8, 12, 80).
cost(8, 13, 38).
cost(8, 14, 43).
cost(8, 15, 74).
cost(8, 16, 52).
cost(8, 17, 83).
cost(8, 18, 63).
cost(8, 19, 64).
cost(8, 20, 60).
cost(8, 21, 73).
cost(8, 22, 63).
cost(8, 23, 56).
cost(8, 24, 61).
cost(8, 25, 41).
cost(8, 26, 53).
cost(8, 27, 74).
cost(8, 28, 41).
cost(8, 29, 66).
cost(8, 30, 9).
cost(9, 1, 32).
cost(9, 2, 66).
cost(9, 3, 50).
cost(9, 4, 22).
cost(9, 5, 37).
cost(9, 6, 6).
cost(9, 7, 73).
cost(9, 8, 28).
cost(9, 10, 47).
cost(9, 11, 62).
cost(9, 12, 71).
cost(9, 13, 23).
cost(9, 14, 55).
cost(9, 15, 67).
cost(9, 16, 30).
cost(9, 17, 80).
cost(9, 18, 42).
cost(9, 19, 74).
cost(9, 20, 32).
cost(9, 21, 50).
cost(9, 22, 38).
cost(9, 23, 28).
cost(9, 24, 44).
cost(9, 25, 59).
cost(9, 26, 32).
cost(9, 27, 74).
cost(9, 28, 15).
cost(9, 29, 38).
cost(9, 30, 22).
cost(10, 1, 51).
cost(10, 2, 28).
cost(10, 3, 21).
cost(10, 4, 64).
cost(10, 5, 38).
cost(10, 6, 48).
cost(10, 7, 27).
cost(10, 8, 40).
cost(10, 9, 47).
cost(10, 11, 16).
cost(10, 12, 47).
cost(10, 13, 31).
cost(10, 14, 11).
cost(10, 15, 39).
cost(10, 16, 77).
cost(10, 17, 45).
cost(10, 18, 50).
cost(10, 19, 27).
cost(10, 20, 69).
cost(10, 21, 60).
cost(10, 22, 58).
cost(10, 23, 70).
cost(10, 24, 43).
cost(10, 25, 21).
cost(10, 26, 79).
cost(10, 27, 35).
cost(10, 28, 47).
cost(10, 29, 78).
cost(10, 30, 35).
cost(11, 1, 67).
cost(11, 2, 30).
cost(11, 3, 22).
cost(11, 4, 80).
cost(11, 5, 53).
cost(11, 6, 63).
cost(11, 7, 19).
cost(11, 8, 49).
cost(11, 9, 62).
cost(11, 10, 16).
cost(11, 12, 53).
cost(11, 13, 47).
cost(11, 14, 7).
cost(11, 15, 45).
cost(11, 16, 92).
cost(11, 17, 45).
cost(11, 18, 65).
cost(11, 19, 14).
cost(11, 20, 85).
cost(11, 21, 74).
cost(11, 22, 74).
cost(11, 23, 86).
cost(11, 24, 57).
cost(11, 25, 14).
cost(11, 26, 93).
cost(11, 27, 34).
cost(11, 28, 63).
cost(11, 29, 94).
cost(11, 30, 47).
cost(12, 1, 50).
cost(12, 2, 24).
cost(12, 3, 67).
cost(12, 4, 75).
cost(12, 5, 35).
cost(12, 6, 68).
cost(12, 7, 41).
cost(12, 8, 80).
cost(12, 9, 71).
cost(12, 10, 47).
cost(12, 11, 53).
cost(12, 13, 48).
cost(12, 14, 54).
cost(12, 15, 8).
cost(12, 16, 94).
cost(12, 17, 18).
cost(12, 18, 39).
cost(12, 19, 51).
cost(12, 20, 74).
cost(12, 21, 43).
cost(12, 22, 53).
cost(12, 23, 79).
cost(12, 24, 31).
cost(12, 25, 65).
cost(12, 26, 97).
cost(12, 27, 25).
cost(12, 28, 60).
cost(12, 29, 81).
cost(12, 30, 72).
cost(13, 1, 21).
cost(13, 2, 44).
cost(13, 3, 44).
cost(13, 4, 34).
cost(13, 5, 16).
cost(13, 6, 21).
cost(13, 7, 54).
cost(13, 8, 38).
cost(13, 9, 23).
cost(13, 10, 31).
cost(13, 11, 47).
cost(13, 12, 48).
cost(13, 14, 42).
cost(13, 15, 44).
cost(13, 16, 50).
cost(13, 17, 57).
cost(13, 18, 25).
cost(13, 19, 57).
cost(13, 20, 38).
cost(13, 21, 36).
cost(13, 22, 29).
cost(13, 23, 39).
cost(13, 24, 24).
cost(13, 25, 50).
cost(13, 26, 52).
cost(13, 27, 52).
cost(13, 28, 16).
cost(13, 29, 46).
cost(13, 30, 29).
cost(14, 1, 63).
cost(14, 2, 32).
cost(14, 3, 16).
cost(14, 4, 74).
cost(14, 5, 49).
cost(14, 6, 57).
cost(14, 7, 25).
cost(14, 8, 43).
cost(14, 9, 55).
cost(14, 10, 11).
cost(14, 11, 7).
cost(14, 12, 54).
cost(14, 13, 42).
cost(14, 15, 47).
cost(14, 16, 85).
cost(14, 17, 49).
cost(14, 18, 61).
cost(14, 19, 21).
cost(14, 20, 80).
cost(14, 21, 72).
cost(14, 22, 70).
cost(14, 23, 80).
cost(14, 24, 54).
cost(14, 25, 11).
cost(14, 26, 87).
cost(14, 27, 38).
cost(14, 28, 58).
cost(14, 29, 88).
cost(14, 30, 40).
cost(15, 1, 49).
cost(15, 2, 17).
cost(15, 3, 60).
cost(15, 4, 73).
cost(15, 5, 33).
cost(15, 6, 64).
cost(15, 7, 34).
cost(15, 8, 74).
cost(15, 9, 67).
cost(15, 10, 39).
cost(15, 11, 45).
cost(15, 12, 8).
cost(15, 13, 44).
cost(15, 14, 47).
cost(15, 16, 92).
cost(15, 17, 15).
cost(15, 18, 39).
cost(15, 19, 43).
cost(15, 20, 73).
cost(15, 21, 45).
cost(15, 22, 53).
cost(15, 23, 77).
cost(15, 24, 31).
cost(15, 25, 58).
cost(15, 26, 94).
cost(15, 27, 19).
cost(15, 28, 57).
cost(15, 29, 81).
cost(15, 30, 66).
cost(16, 1, 46).
cost(16, 2, 94).
cost(16, 3, 79).
cost(16, 4, 20).
cost(16, 5, 59).
cost(16, 6, 29).
cost(16, 7, 102).
cost(16, 8, 52).
cost(16, 9, 30).
cost(16, 10, 77).
cost(16, 11, 92).
cost(16, 12, 94).
cost(16, 13, 50).
cost(16, 14, 85).
cost(16, 15, 92).
cost(16, 17, 106).
cost(16, 18, 58).
cost(16, 19, 104).
cost(16, 20, 27).
cost(16, 21, 62).
cost(16, 22, 47).
cost(16, 23, 19).
cost(16, 24, 64).
cost(16, 25, 89).
cost(16, 26, 3).
cost(16, 27, 102).
cost(16, 28, 34).
cost(16, 29, 26).
cost(16, 30, 49).
cost(17, 1, 64).
cost(17, 2, 17).
cost(17, 3, 64).
cost(17, 4, 88).
cost(17, 5, 48).
cost(17, 6, 78).
cost(17, 7, 29).
cost(17, 8, 83).
cost(17, 9, 80).
cost(17, 10, 45).
cost(17, 11, 45).
cost(17, 12, 18).
cost(17, 13, 57).
cost(17, 14, 49).
cost(17, 15, 15).
cost(17, 16, 106).
cost(17, 18, 54).
cost(17, 19, 39).
cost(17, 20, 88).
cost(17, 21, 60).
cost(17, 22, 68).
cost(17, 23, 92).
cost(17, 24, 46).
cost(17, 25, 59).
cost(17, 26, 108).
cost(17, 27, 12).
cost(17, 28, 72).
cost(17, 29, 96).
cost(17, 30, 76).
cost(18, 1, 12).
cost(18, 2, 49).
cost(18, 3, 67).
cost(18, 4, 38).
cost(18, 5, 12).
cost(18, 6, 37).
cost(18, 7, 64).
cost(18, 8, 63).
cost(18, 9, 42).
cost(18, 10, 50).
cost(18, 11, 65).
cost(18, 12, 39).
cost(18, 13, 25).
cost(18, 14, 61).
cost(18, 15, 39).
cost(18, 16, 58).
cost(18, 17, 54).
cost(18, 19, 71).
cost(18, 20, 35).
cost(18, 21, 11).
cost(18, 22, 14).
cost(18, 23, 41).
cost(18, 24, 9).
cost(18, 25, 71).
cost(18, 26, 61).
cost(18, 27, 55).
cost(18, 28, 27).
cost(18, 29, 43).
cost(18, 30, 54).
cost(19, 1, 75).
cost(19, 2, 26).
cost(19, 3, 36).
cost(19, 4, 91).
cost(19, 5, 59).
cost(19, 6, 75).
cost(19, 7, 10).
cost(19, 8, 64).
cost(19, 9, 74).
cost(19, 10, 27).
cost(19, 11, 14).
cost(19, 12, 51).
cost(19, 13, 57).
cost(19, 14, 21).
cost(19, 15, 43).
cost(19, 16, 104).
cost(19, 17, 39).
cost(19, 18, 71).
cost(19, 20, 95).
cost(19, 21, 80).
cost(19, 22, 81).
cost(19, 23, 96).
cost(19, 24, 62).
cost(19, 25, 26).
cost(19, 26, 106).
cost(19, 27, 27).
cost(19, 28, 74).
cost(19, 29, 104).
cost(19, 30, 60).
cost(20, 1, 24).
cost(20, 2, 79).
cost(20, 3, 78).
cost(20, 4, 11).
cost(20, 5, 40).
cost(20, 6, 26).
cost(20, 7, 91).
cost(20, 8, 60).
cost(20, 9, 32).
cost(20, 10, 69).
cost(20, 11, 85).
cost(20, 12, 74).
cost(20, 13, 38).
cost(20, 14, 80).
cost(20, 15, 73).
cost(20, 16, 27).
cost(20, 17, 88).
cost(20, 18, 35).
cost(20, 19, 95).
cost(20, 21, 36).
cost(20, 22, 22).
cost(20, 23, 7).
cost(20, 24, 43).
cost(20, 25, 87).
cost(20, 26, 29).
cost(20, 27, 87).
cost(20, 28, 23).
cost(20, 29, 8).
cost(20, 30, 53).
cost(21, 1, 18).
cost(21, 2, 57).
cost(21, 3, 77).
cost(21, 4, 42).
cost(21, 5, 23).
cost(21, 6, 45).
cost(21, 7, 73).
cost(21, 8, 73).
cost(21, 9, 50).
cost(21, 10, 60).
cost(21, 11, 74).
cost(21, 12, 43).
cost(21, 13, 36).
cost(21, 14, 72).
cost(21, 15, 45).
cost(21, 16, 62).
cost(21, 17, 60).
cost(21, 18, 11).
cost(21, 19, 80).
cost(21, 20, 36).
cost(21, 22, 15).
cost(21, 23, 43).
cost(21, 24, 18).
cost(21, 25, 81).
cost(21, 26, 65).
cost(21, 27, 62).
cost(21, 28, 35).
cost(21, 29, 42).
cost(21, 30, 64).
cost(22, 1, 7).
cost(22, 2, 62).
cost(22, 3, 72).
cost(22, 4, 27).
cost(22, 5, 23).
cost(22, 6, 32).
cost(22, 7, 76).
cost(22, 8, 63).
cost(22, 9, 38).
cost(22, 10, 58).
cost(22, 11, 74).
cost(22, 12, 53).
cost(22, 13, 29).
cost(22, 14, 70).
cost(22, 15, 53).
cost(22, 16, 47).
cost(22, 17, 68).
cost(22, 18, 14).
cost(22, 19, 81).
cost(22, 20, 22).
cost(22, 21, 15).
cost(22, 23, 28).
cost(22, 24, 22).
cost(22, 25, 78).
cost(22, 26, 50).
cost(22, 27, 68).
cost(22, 28, 22).
cost(22, 29, 29).
cost(22, 30, 54).
cost(23, 1, 29).
cost(23, 2, 82).
cost(23, 3, 77).
cost(23, 4, 7).
cost(23, 5, 44).
cost(23, 6, 24).
cost(23, 7, 93).
cost(23, 8, 56).
cost(23, 9, 28).
cost(23, 10, 70).
cost(23, 11, 86).
cost(23, 12, 79).
cost(23, 13, 39).
cost(23, 14, 80).
cost(23, 15, 77).
cost(23, 16, 19).
cost(23, 17, 92).
cost(23, 18, 41).
cost(23, 19, 96).
cost(23, 20, 7).
cost(23, 21, 43).
cost(23, 22, 28).
cost(23, 24, 47).
cost(23, 25, 86).
cost(23, 26, 22).
cost(23, 27, 90).
cost(23, 28, 23).
cost(23, 29, 10).
cost(23, 30, 50).
cost(24, 1, 19).
cost(24, 2, 40).
cost(24, 3, 61).
cost(24, 4, 44).
cost(24, 5, 7).
cost(24, 6, 40).
cost(24, 7, 55).
cost(24, 8, 61).
cost(24, 9, 44).
cost(24, 10, 43).
cost(24, 11, 57).
cost(24, 12, 31).
cost(24, 13, 24).
cost(24, 14, 54).
cost(24, 15, 31).
cost(24, 16, 64).
cost(24, 17, 46).
cost(24, 18, 9).
cost(24, 19, 62).
cost(24, 20, 43).
cost(24, 21, 18).
cost(24, 22, 22).
cost(24, 23, 47).
cost(24, 25, 64).
cost(24, 26, 66).
cost(24, 27, 46).
cost(24, 28, 31).
cost(24, 29, 50).
cost(24, 30, 52).
cost(25, 1, 71).
cost(25, 2, 43).
cost(25, 3, 11).
cost(25, 4, 79).
cost(25, 5, 59).
cost(25, 6, 62).
cost(25, 7, 33).
cost(25, 8, 41).
cost(25, 9, 59).
cost(25, 10, 21).
cost(25, 11, 14).
cost(25, 12, 65).
cost(25, 13, 50).
cost(25, 14, 11).
cost(25, 15, 58).
cost(25, 16, 89).
cost(25, 17, 59).
cost(25, 18, 71).
cost(25, 19, 26).
cost(25, 20, 87).
cost(25, 21, 81).
cost(25, 22, 78).
cost(25, 23, 86).
cost(25, 24, 64).
cost(25, 26, 90).
cost(25, 27, 47).
cost(25, 28, 64).
cost(25, 29, 95).
cost(25, 30, 41).
cost(26, 1, 49).
cost(26, 2, 96).
cost(26, 3, 80).
cost(26, 4, 23).
cost(26, 5, 62).
cost(26, 6, 31).
cost(26, 7, 105).
cost(26, 8, 53).
cost(26, 9, 32).
cost(26, 10, 79).
cost(26, 11, 93).
cost(26, 12, 97).
cost(26, 13, 52).
cost(26, 14, 87).
cost(26, 15, 94).
cost(26, 16, 3).
cost(26, 17, 108).
cost(26, 18, 61).
cost(26, 19, 106).
cost(26, 20, 29).
cost(26, 21, 65).
cost(26, 22, 50).
cost(26, 23, 22).
cost(26, 24, 66).
cost(26, 25, 90).
cost(26, 27, 104).
cost(26, 28, 37).
cost(26, 29, 28).
cost(26, 30, 50).
cost(27, 1, 64).
cost(27, 2, 8).
cost(27, 3, 53).
cost(27, 4, 85).
cost(27, 5, 47).
cost(27, 6, 73).
cost(27, 7, 17).
cost(27, 8, 74).
cost(27, 9, 74).
cost(27, 10, 35).
cost(27, 11, 34).
cost(27, 12, 25).
cost(27, 13, 52).
cost(27, 14, 38).
cost(27, 15, 19).
cost(27, 16, 102).
cost(27, 17, 12).
cost(27, 18, 55).
cost(27, 19, 27).
cost(27, 20, 87).
cost(27, 21, 62).
cost(27, 22, 68).
cost(27, 23, 90).
cost(27, 24, 46).
cost(27, 25, 47).
cost(27, 26, 104).
cost(27, 28, 68).
cost(27, 29, 95).
cost(27, 30, 68).
cost(28, 1, 17).
cost(28, 2, 60).
cost(28, 3, 56).
cost(28, 4, 17).
cost(28, 5, 25).
cost(28, 6, 10).
cost(28, 7, 71).
cost(28, 8, 41).
cost(28, 9, 15).
cost(28, 10, 47).
cost(28, 11, 63).
cost(28, 12, 60).
cost(28, 13, 16).
cost(28, 14, 58).
cost(28, 15, 57).
cost(28, 16, 34).
cost(28, 17, 72).
cost(28, 18, 27).
cost(28, 19, 74).
cost(28, 20, 23).
cost(28, 21, 35).
cost(28, 22, 22).
cost(28, 23, 23).
cost(28, 24, 31).
cost(28, 25, 64).
cost(28, 26, 37).
cost(28, 27, 68).
cost(28, 29, 31).
cost(28, 30, 33).
cost(29, 1, 32).
cost(29, 2, 88).
cost(29, 3, 86).
cost(29, 4, 16).
cost(29, 5, 49).
cost(29, 6, 33).
cost(29, 7, 100).
cost(29, 8, 66).
cost(29, 9, 38).
cost(29, 10, 78).
cost(29, 11, 94).
cost(29, 12, 81).
cost(29, 13, 46).
cost(29, 14, 88).
cost(29, 15, 81).
cost(29, 16, 26).
cost(29, 17, 96).
cost(29, 18, 43).
cost(29, 19, 104).
cost(29, 20, 8).
cost(29, 21, 42).
cost(29, 22, 29).
cost(29, 23, 10).
cost(29, 24, 50).
cost(29, 25, 95).
cost(29, 26, 28).
cost(29, 27, 95).
cost(29, 28, 31).
cost(29, 30, 60).
cost(30, 1, 47).
cost(30, 2, 60).
cost(30, 3, 30).
cost(30, 4, 44).
cost(30, 5, 45).
cost(30, 6, 27).
cost(30, 7, 62).
cost(30, 8, 9).
cost(30, 9, 22).
cost(30, 10, 35).
cost(30, 11, 47).
cost(30, 12, 72).
cost(30, 13, 29).
cost(30, 14, 40).
cost(30, 15, 66).
cost(30, 16, 49).
cost(30, 17, 76).
cost(30, 18, 54).
cost(30, 19, 60).
cost(30, 20, 53).
cost(30, 21, 64).
cost(30, 22, 54).
cost(30, 23, 50).
cost(30, 24, 52).
cost(30, 25, 41).
cost(30, 26, 50).
cost(30, 27, 68).
cost(30, 28, 33).
cost(30, 29, 60).
