dimension(30).
point(1, 32.7529997089, 65.5496489693).
point(2, 1.1353583851, 34.8217505745).
point(3, 65.129887541, 45.9108680776).
point(4, 2.0154940997, 15.6064216388).
point(5, 22.8870699885, 84.4193321185).
point(6, 89.4200750091, 59.4972096413).
point(7, 4.3709763855, 26.5742598739).
point(8, 54.0102853987, 15.3769012737).
point(9, 85.9468979347, 21.8046404464).
point(10, 7.0217859935, 5.4443208955).
point(11, 32.5819433971, 47.1434701232).
point(12, 60.2895890358, 21.1573450598).
point(13, 89.8112070269, 51.519500222).
point(14, 82.9752847733, 63.2814451569).
point(15, 73.1646373675, 30.9142487981).
point(16, 58.7582434239, 79.3804179773).
point(17, 49.9042161411, 67.915199541).
point(18, 54.0628009021, 8.6111877217).
point(19, 22.3633747084, 66.7743437328).
point(20, 44.1298794962, 85.5584624536).
point(21, 28.651683221, 66.2271168562).
point(22, 69.3815854334, 60.3935802085).
point(23, 43.9676306152, 57.2820403704).
point(24, 56.2445306747, 27.1860934462).
point(25, 6.9880761076, 22.5515304748).
point(26, 59.2592353556, 50.2846735884).
point(27, 47.0045667713, 57.2133517107).
point(28, 17.5154928801, 84.8896875617).
point(29, 11.2034512603, 16.8050758433).
point(30, 44.5751765523, 66.9009369705).
cost(1, 2, 44).
cost(1, 3, 38).
cost(1, 4, 59).
cost(1, 5, 21).
cost(1, 6, 57).
cost(1, 7, 48).
cost(1, 8, 54).
cost(1, 9, 69).
cost(1, 10, 65).
cost(1, 11, 18).
cost(1, 12, 52).
cost(1, 13, 59).
cost(1, 14, 50).
cost(1, 15, 53).
cost(1, 16, 29).
cost(1, 17, 17).
cost(1, 18, 61).
cost(1, 19, 10).
cost(1, 20, 23).
cost(1, 21, 4).
cost(1, 22, 37).
cost(1, 23, 14).
cost(1, 24, 45).
cost(1, 25, 50).
cost(1, 26, 31).
cost(1, 27, 17).
cost(1, 28, 25).
cost(1, 29, 53).
cost(1, 30, 12).
cost(2, 1, 44).
cost(2, 3, 65).
cost(2, 4, 19).
cost(2, 5, 54).
cost(2, 6, 92).
cost(2, 7, 9).
cost(2, 8, 56).
cost(2, 9, 86).
cost(2, 10, 30).
cost(2, 11, 34).
cost(2, 12, 61).
cost(2, 13, 90).
cost(2, 14, 87).
cost(2, 15, 72).
cost(2, 16, 73).
cost(2, 17, 59).
cost(2, 18, 59).
cost(2, 19, 38).
cost(2, 20, 67).
cost(2, 21, 42).
cost(2, 22, 73).
cost(2, 23, 48).
cost(2, 24, 56).
cost(2, 25, 14).
cost(2, 26, 60).
cost(2, 27, 51).
cost(2, 28, 53).
cost(2, 29, 21).
cost(2, 30, 54).
cost(3, 1, 38).
cost(3, 2, 65).
cost(3, 4, 70).
cost(3, 5, 57).
cost(3, 6, 28).
cost(3, 7, 64).
cost(3, 8, 32).
cost(3, 9, 32).
cost(3, 10, 71).
cost(3, 11, 33).
cost(3, 12, 25).
cost(3, 13, 25).
cost(3, 14, 25).
cost(3, 15, 17).
cost(3, 16, 34).
cost(3, 17, 27).
cost(3, 18, 39).
cost(3, 19, 48).
cost(3, 20, 45).
cost(3, 21, 42).
cost(3, 22, 15).
cost(3, 23, 24).
cost(3, 24, 21).
cost(3, 25, 63).
cost(3, 26, 7).
cost(3, 27, 21).
cost(3, 28, 62).
cost(3, 29, 61).
cost(3, 30, 29).
cost(4, 1, 59).
cost(4, 2, 19).
cost(4, 3, 70).
cost(4, 5, 72).
cost(4, 6, 98).
cost(4, 7, 11).
cost(4, 8, 52).
cost(4, 9, 84).
cost(4, 10, 11).
cost(4, 11, 44).
cost(4, 12, 59).
cost(4, 13, 95).
cost(4, 14, 94).
cost(4, 15, 73).
cost(4, 16, 85).
cost(4, 17, 71).
cost(4, 18, 53).
cost(4, 19, 55).
cost(4, 20, 82).
cost(4, 21, 57).
cost(4, 22, 81).
cost(4, 23, 59).
cost(4, 24, 55).
cost(4, 25, 9).
cost(4, 26, 67).
cost(4, 27, 61).
cost(4, 28, 71).
cost(4, 29, 9).
cost(4, 30, 67).
cost(5, 1, 21).
cost(5, 2, 54).
cost(5, 3, 57).
cost(5, 4, 72).
cost(5, 6, 71).
cost(5, 7, 61).
cost(5, 8, 76).
cost(5, 9, 89).
cost(5, 10, 81).
cost(5, 11, 39).
cost(5, 12, 73).
cost(5, 13, 75).
cost(5, 14, 64).
cost(5, 15, 73).
cost(5, 16, 36).
cost(5, 17, 32).
cost(5, 18, 82).
cost(5, 19, 18).
cost(5, 20, 21).
cost(5, 21, 19).
cost(5, 22, 52).
cost(5, 23, 34).
cost(5, 24, 66).
cost(5, 25, 64).
cost(5, 26, 50).
cost(5, 27, 36).
cost(5, 28, 5).
cost(5, 29, 69).
cost(5, 30, 28).
cost(6, 1, 57).
cost(6, 2, 92).
cost(6, 3, 28).
cost(6, 4, 98).
cost(6, 5, 71).
cost(6, 7, 91).
cost(6, 8, 57).
cost(6, 9, 38).
cost(6, 10, 99).
cost(6, 11, 58).
cost(6, 12, 48).
cost(6, 13, 8).
cost(6, 14, 7).
cost(6, 15, 33).
cost(6, 16, 37).
cost(6, 17, 40).
cost(6, 18, 62).
cost(6, 19, 67).
cost(6, 20, 52).
cost(6, 21, 61).
cost(6, 22, 20).
cost(6, 23, 46).
cost(6, 24, 46).
cost(6, 25, 90).
cost(6, 26, 32).
cost(6, 27, 42).
cost(6, 28, 76).
cost(6, 29, 89).
cost(6, 30, 45).
cost(7, 1, 48).
cost(7, 2, 9).
cost(7, 3, 64).
cost(7, 4, 11).
cost(7, 5, 61).
cost(7, 6, 91).
cost(7, 8, 51).
cost(7, 9, 82).
cost(7, 10, 21).
cost(7, 11, 35).
cost(7, 12, 56).
cost(7, 13, 89).
cost(7, 14, 87).
cost(7, 15, 69).
cost(7, 16, 76).
cost(7, 17, 62).
cost(7, 18, 53).
cost(7, 19, 44).
cost(7, 20, 71).
cost(7, 21, 46).
cost(7, 22, 73).
cost(7, 23, 50).
cost(7, 24, 52).
cost(7, 25, 5).
cost(7, 26, 60).
cost(7, 27, 53).
cost(7, 28, 60).
cost(7, 29, 12).
cost(7, 30, 57).
cost(8, 1, 54).
cost(8, 2, 56).
cost(8, 3, 32).
cost(8, 4, 52).
cost(8, 5, 76).
cost(8, 6, 57).
cost(8, 7, 51).
cost(8, 9, 33).
cost(8, 10, 48).
cost(8, 11, 38).
cost(8, 12, 9).
cost(8, 13, 51).
cost(8, 14, 56).
cost(8, 15, 25).
cost(8, 16, 64).
cost(8, 17, 53).
cost(8, 18, 7).
cost(8, 19, 60).
cost(8, 20, 71).
cost(8, 21, 57).
cost(8, 22, 48).
cost(8, 23, 43).
cost(8, 24, 12).
cost(8, 25, 48).
cost(8, 26, 35).
cost(8, 27, 42).
cost(8, 28, 79).
cost(8, 29, 43).
cost(8, 30, 52).
cost(9, 1, 69).
cost(9, 2, 86).
cost(9, 3, 32).
cost(9, 4, 84).
cost(9, 5, 89).
cost(9, 6, 38).
cost(9, 7, 82).
cost(9, 8, 33).
cost(9, 10, 81).
cost(9, 11, 59).
cost(9, 12, 26).
cost(9, 13, 30).
cost(9, 14, 42).
cost(9, 15, 16).
cost(9, 16, 64).
cost(9, 17, 59).
cost(9, 18, 35).
cost(9, 19, 78).
cost(9, 20, 76).
cost(9, 21, 72).
cost(9, 22, 42).
cost(9, 23, 55).
cost(9, 24, 30).
cost(9, 25, 79).
cost(9, 26, 39).
cost(9, 27, 53).
cost(9, 28, 93).
cost(9, 29, 75).
cost(9, 30, 61).
cost(10, 1, 65).
cost(10, 2, 30).
cost(10, 3, 71).
cost(10, 4, 11).
cost(10, 5, 81).
cost(10, 6, 99).
cost(10, 7, 21).
cost(10, 8, 48).
cost(10, 9, 81).
cost(10, 11, 49).
cost(10, 12, 56).
cost(10, 13, 95).
cost(10, 14, 95).
cost(10, 15, 71).
cost(10, 16, 90).
cost(10, 17, 76).
cost(10, 18, 47).
cost(10, 19, 63).
cost(10, 20, 88).
cost(10, 21, 65).
cost(10, 22, 83).
cost(10, 23, 64).
cost(10, 24, 54).
cost(10, 25, 17).
cost(10, 26, 69).
cost(10, 27, 65).
cost(10, 28, 80).
cost(10, 29, 12).
cost(10, 30, 72).
cost(11, 1, 18).
cost(11, 2, 34).
cost(11, 3, 33).
cost(11, 4, 44).
cost(11, 5, 39).
cost(11, 6, 58).
cost(11, 7, 35).
cost(11, 8, 38).
cost(11, 9, 59).
cost(11, 10, 49).
cost(11, 12, 38).
cost(11, 13, 57).
cost(11, 14, 53).
cost(11, 15, 44).
cost(11, 16, 42).
cost(11, 17, 27).
cost(11, 18, 44).
cost(11, 19, 22).
cost(11, 20, 40).
cost(11, 21, 19).
cost(11, 22, 39).
cost(11, 23, 15).
cost(11, 24, 31).
cost(11, 25, 35).
cost(11, 26, 27).
cost(11, 27, 18).
cost(11, 28, 41).
cost(11, 29, 37).
cost(11, 30, 23).
cost(12, 1, 52).
cost(12, 2, 61).
cost(12, 3, 25).
cost(12, 4, 59).
cost(12, 5, 73).
cost(12, 6, 48).
cost(12, 7, 56).
cost(12, 8, 9).
cost(12, 9, 26).
cost(12, 10, 56).
cost(12, 11, 38).
cost(12, 13, 42).
cost(12, 14, 48).
cost(12, 15, 16).
cost(12, 16, 58).
cost(12, 17, 48).
cost(12, 18, 14).
cost(12, 19, 59).
cost(12, 20, 66).
cost(12, 21, 55).
cost(12, 22, 40).
cost(12, 23, 40).
cost(12, 24, 7).
cost(12, 25, 53).
cost(12, 26, 29).
cost(12, 27, 38).
cost(12, 28, 77).
cost(12, 29, 49).
cost(12, 30, 48).
cost(13, 1, 59).
cost(13, 2, 90).
cost(13, 3, 25).
cost(13, 4, 95).
cost(13, 5, 75).
cost(13, 6, 8).
cost(13, 7, 89).
cost(13, 8, 51).
cost(13, 9, 30).
cost(13, 10, 95).
cost(13, 11, 57).
cost(13, 12, 42).
cost(13, 14, 14).
cost(13, 15, 26).
cost(13, 16, 42).
cost(13, 17, 43).
cost(13, 18, 56).
cost(13, 19, 69).
cost(13, 20, 57).
cost(13, 21, 63).
cost(13, 22, 22).
cost(13, 23, 46).
cost(13, 24, 41).
cost(13, 25, 88).
cost(13, 26, 31).
cost(13, 27, 43).
cost(13, 28, 80).
cost(13, 29, 86).
cost(13, 30, 48).
cost(14, 1, 50).
cost(14, 2, 87).
cost(14, 3, 25).
cost(14, 4, 94).
cost(14, 5, 64).
cost(14, 6, 7).
cost(14, 7, 87).
cost(14, 8, 56).
cost(14, 9, 42).
cost(14, 10, 95).
cost(14, 11, 53).
cost(14, 12, 48).
cost(14, 13, 14).
cost(14, 15, 34).
cost(14, 16, 29).
cost(14, 17, 33).
cost(14, 18, 62).
cost(14, 19, 61).
cost(14, 20, 45).
cost(14, 21, 54).
cost(14, 22, 14).
cost(14, 23, 39).
cost(14, 24, 45).
cost(14, 25, 86).
cost(14, 26, 27).
cost(14, 27, 36).
cost(14, 28, 69).
cost(14, 29, 86).
cost(14, 30, 39).
cost(15, 1, 53).
cost(15, 2, 72).
cost(15, 3, 17).
cost(15, 4, 73).
cost(15, 5, 73).
cost(15, 6, 33).
cost(15, 7, 69).
cost(15, 8, 25).
cost(15, 9, 16).
cost(15, 10, 71).
cost(15, 11, 44).
cost(15, 12, 16).
cost(15, 13, 26).
cost(15, 14, 34).
cost(15, 16, 51).
cost(15, 17, 44).
cost(15, 18, 29).
cost(15, 19, 62).
cost(15, 20, 62).
cost(15, 21, 57).
cost(15, 22, 30).
cost(15, 23, 39).
cost(15, 24, 17).
cost(15, 25, 67).
cost(15, 26, 24).
cost(15, 27, 37).
cost(15, 28, 78).
cost(15, 29, 64).
cost(15, 30, 46).
cost(16, 1, 29).
cost(16, 2, 73).
cost(16, 3, 34).
cost(16, 4, 85).
cost(16, 5, 36).
cost(16, 6, 37).
cost(16, 7, 76).
cost(16, 8, 64).
cost(16, 9, 64).
cost(16, 10, 90).
cost(16, 11, 42).
cost(16, 12, 58).
cost(16, 13, 42).
cost(16, 14, 29).
cost(16, 15, 51).
cost(16, 17, 14).
cost(16, 18, 71).
cost(16, 19, 39).
cost(16, 20, 16).
cost(16, 21, 33).
cost(16, 22, 22).
cost(16, 23, 27).
cost(16, 24, 52).
cost(16, 25, 77).
cost(16, 26, 29).
cost(16, 27, 25).
cost(16, 28, 42).
cost(16, 29, 79).
cost(16, 30, 19).
cost(17, 1, 17).
cost(17, 2, 59).
cost(17, 3, 27).
cost(17, 4, 71).
cost(17, 5, 32).
cost(17, 6, 40).
cost(17, 7, 62).
cost(17, 8, 53).
cost(17, 9, 59).
cost(17, 10, 76).
cost(17, 11, 27).
cost(17, 12, 48).
cost(17, 13, 43).
cost(17, 14, 33).
cost(17, 15, 44).
cost(17, 16, 14).
cost(17, 18, 59).
cost(17, 19, 28).
cost(17, 20, 19).
cost(17, 21, 21).
cost(17, 22, 21).
cost(17, 23, 12).
cost(17, 24, 41).
cost(17, 25, 62).
cost(17, 26, 20).
cost(17, 27, 11).
cost(17, 28, 37).
cost(17, 29, 64).
cost(17, 30, 5).
cost(18, 1, 61).
cost(18, 2, 59).
cost(18, 3, 39).
cost(18, 4, 53).
cost(18, 5, 82).
cost(18, 6, 62).
cost(18, 7, 53).
cost(18, 8, 7).
cost(18, 9, 35).
cost(18, 10, 47).
cost(18, 11, 44).
cost(18, 12, 14).
cost(18, 13, 56).
cost(18, 14, 62).
cost(18, 15, 29).
cost(18, 16, 71).
cost(18, 17, 59).
cost(18, 19, 66).
cost(18, 20, 78).
cost(18, 21, 63).
cost(18, 22, 54).
cost(18, 23, 50).
cost(18, 24, 19).
cost(18, 25, 49).
cost(18, 26, 42).
cost(18, 27, 49).
cost(18, 28, 85).
cost(18, 29, 44).
cost(18, 30, 59).
cost(19, 1, 10).
cost(19, 2, 38).
cost(19, 3, 48).
cost(19, 4, 55).
cost(19, 5, 18).
cost(19, 6, 67).
cost(19, 7, 44).
cost(19, 8, 60).
cost(19, 9, 78).
cost(19, 10, 63).
cost(19, 11, 22).
cost(19, 12, 59).
cost(19, 13, 69).
cost(19, 14, 61).
cost(19, 15, 62).
cost(19, 16, 39).
cost(19, 17, 28).
cost(19, 18, 66).
cost(19, 20, 29).
cost(19, 21, 6).
cost(19, 22, 47).
cost(19, 23, 24).
cost(19, 24, 52).
cost(19, 25, 47).
cost(19, 26, 40).
cost(19, 27, 26).
cost(19, 28, 19).
cost(19, 29, 51).
cost(19, 30, 22).
cost(20, 1, 23).
cost(20, 2, 67).
cost(20, 3, 45).
cost(20, 4, 82).
cost(20, 5, 21).
cost(20, 6, 52).
cost(20, 7, 71).
cost(20, 8, 71).
cost(20, 9, 76).
cost(20, 10, 88).
cost(20, 11, 40).
cost(20, 12, 66).
cost(20, 13, 57).
cost(20, 14, 45).
cost(20, 15, 62).
cost(20, 16, 16).
cost(20, 17, 19).
cost(20, 18, 78).
cost(20, 19, 29).
cost(20, 21, 25).
cost(20, 22, 36).
cost(20, 23, 28).
cost(20, 24, 60).
cost(20, 25, 73).
cost(20, 26, 38).
cost(20, 27, 28).
cost(20, 28, 27).
cost(20, 29, 76).
cost(20, 30, 19).
cost(21, 1, 4).
cost(21, 2, 42).
cost(21, 3, 42).
cost(21, 4, 57).
cost(21, 5, 19).
cost(21, 6, 61).
cost(21, 7, 46).
cost(21, 8, 57).
cost(21, 9, 72).
cost(21, 10, 65).
cost(21, 11, 19).
cost(21, 12, 55).
cost(21, 13, 63).
cost(21, 14, 54).
cost(21, 15, 57).
cost(21, 16, 33).
cost(21, 17, 21).
cost(21, 18, 63).
cost(21, 19, 6).
cost(21, 20, 25).
cost(21, 22, 41).
cost(21, 23, 18).
cost(21, 24, 48).
cost(21, 25, 49).
cost(21, 26, 35).
cost(21, 27, 20).
cost(21, 28, 22).
cost(21, 29, 52).
cost(21, 30, 16).
cost(22, 1, 37).
cost(22, 2, 73).
cost(22, 3, 15).
cost(22, 4, 81).
cost(22, 5, 52).
cost(22, 6, 20).
cost(22, 7, 73).
cost(22, 8, 48).
cost(22, 9, 42).
cost(22, 10, 83).
cost(22, 11, 39).
cost(22, 12, 40).
cost(22, 13, 22).
cost(22, 14, 14).
cost(22, 15, 30).
cost(22, 16, 22).
cost(22, 17, 21).
cost(22, 18, 54).
cost(22, 19, 47).
cost(22, 20, 36).
cost(22, 21, 41).
cost(22, 23, 26).
cost(22, 24, 36).
cost(22, 25, 73).
cost(22, 26, 14).
cost(22, 27, 23).
cost(22, 28, 57).
cost(22, 29, 73).
cost(22, 30, 26).
cost(23, 1, 14).
cost(23, 2, 48).
cost(23, 3, 24).
cost(23, 4, 59).
cost(23, 5, 34).
cost(23, 6, 46).
cost(23, 7, 50).
cost(23, 8, 43).
cost(23, 9, 55).
cost(23, 10, 64).
cost(23, 11, 15).
cost(23, 12, 40).
cost(23, 13, 46).
cost(23, 14, 39).
cost(23, 15, 39).
cost(23, 16, 27).
cost(23, 17, 12).
cost(23, 18, 50).
cost(23, 19, 24).
cost(23, 20, 28).
cost(23, 21, 18).
cost(23, 22, 26).
cost(23, 24, 33).
cost(23, 25, 51).
cost(23, 26, 17).
cost(23, 27, 3).
cost(23, 28, 38).
cost(23, 29, 52).
cost(23, 30, 10).
cost(24, 1, 45).
cost(24, 2, 56).
cost(24, 3, 21).
cost(24, 4, 55).
cost(24, 5, 66).
cost(24, 6, 46).
cost(24, 7, 52).
cost(24, 8, 12).
cost(24, 9, 30).
cost(24, 10, 54).
cost(24, 11, 31).
cost(24, 12, 7).
cost(24, 13, 41).
cost(24, 14, 45).
cost(24, 15, 17).
cost(24, 16, 52).
cost(24, 17, 41).
cost(24, 18, 19).
cost(24, 19, 52).
cost(24, 20, 60).
cost(24, 21, 48).
cost(24, 22, 36).
cost(24, 23, 33).
cost(24, 25, 49).
cost(24, 26, 23).
cost(24, 27, 31).
cost(24, 28, 69).
cost(24, 29, 46).
cost(24, 30, 41).
cost(25, 1, 50).
cost(25, 2, 14).
cost(25, 3, 63).
cost(25, 4, 9).
cost(25, 5, 64).
cost(25, 6, 90).
cost(25, 7, 5).
cost(25, 8, 48).
cost(25, 9, 79).
cost(25, 10, 17).
cost(25, 11, 35).
cost(25, 12, 53).
cost(25, 13, 88).
cost(25, 14, 86).
cost(25, 15, 67).
cost(25, 16, 77).
cost(25, 17, 62).
cost(25, 18, 49).
cost(25, 19, 47).
cost(25, 20, 73).
cost(25, 21, 49).
cost(25, 22, 73).
cost(25, 23, 51).
cost(25, 24, 49).
cost(25, 26, 59).
cost(25, 27, 53).
cost(25, 28, 63).
cost(25, 29, 7).
cost(25, 30, 58).
cost(26, 1, 31).
cost(26, 2, 60).
cost(26, 3, 7).
cost(26, 4, 67).
cost(26, 5, 50).
cost(26, 6, 32).
cost(26, 7, 60).
cost(26, 8, 35).
cost(26, 9, 39).
cost(26, 10, 69).
cost(26, 11, 27).
cost(26, 12, 29).
cost(26, 13, 31).
cost(26, 14, 27).
cost(26, 15, 24).
cost(26, 16, 29).
cost(26, 17, 20).
cost(26, 18, 42).
cost(26, 19, 40).
cost(26, 20, 38).
cost(26, 21, 35).
cost(26, 22, 14).
cost(26, 23, 17).
cost(26, 24, 23).
cost(26, 25, 59).
cost(26, 27, 14).
cost(26, 28, 54).
cost(26, 29, 59).
cost(26, 30, 22).
cost(27, 1, 17).
cost(27, 2, 51).
cost(27, 3, 21).
cost(27, 4, 61).
cost(27, 5, 36).
cost(27, 6, 42).
cost(27, 7, 53).
cost(27, 8, 42).
cost(27, 9, 53).
cost(27, 10, 65).
cost(27, 11, 18).
cost(27, 12, 38).
cost(27, 13, 43).
cost(27, 14, 36).
cost(27, 15, 37).
cost(27, 16, 25).
cost(27, 17, 11).
cost(27, 18, 49).
cost(27, 19, 26).
cost(27, 20, 28).
cost(27, 21, 20).
cost(27, 22, 23).
cost(27, 23, 3).
cost(27, 24, 31).
cost(27, 25, 53).
cost(27, 26, 14).
cost(27, 28, 40).
cost(27, 29, 54).
cost(27, 30, 10).
cost(28, 1, 25).
cost(28, 2, 53).
cost(28, 3, 62).
cost(28, 4, 71).
cost(28, 5, 5).
cost(28, 6, 76).
cost(28, 7, 60).
cost(28, 8, 79).
cost(28, 9, 93).
cost(28, 10, 80).
cost(28, 11, 41).
cost(28, 12, 77).
cost(28, 13, 80).
cost(28, 14, 69).
cost(28, 15, 78).
cost(28, 16, 42).
cost(28, 17, 37).
cost(28, 18, 85).
cost(28, 19, 19).
cost(28, 20, 27).
cost(28, 21, 22).
cost(28, 22, 57).
cost(28, 23, 38).
cost(28, 24, 69).
cost(28, 25, 63).
cost(28, 26, 54).
cost(28, 27, 40).
cost(28, 29, 68).
cost(28, 30, 32).
cost(29, 1, 53).
cost(29, 2, 21).
cost(29, 3, 61).
cost(29, 4, 9).
cost(29, 5, 69).
cost(29, 6, 89).
cost(29, 7, 12).
cost(29, 8, 43).
cost(29, 9, 75).
cost(29, 10, 12).
cost(29, 11, 37).
cost(29, 12, 49).
cost(29, 13, 86).
cost(29, 14, 86).
cost(29, 15, 64).
cost(29, 16, 79).
cost(29, 17, 64).
cost(29, 18, 44).
cost(29, 19, 51).
cost(29, 20, 76).
cost(29, 21, 52).
cost(29, 22, 73).
cost(29, 23, 52).
cost(29, 24, 46).
cost(29, 25, 7).
cost(29, 26, 59).
cost(29, 27, 54).
cost(29, 28, 68).
cost(29, 30, 60).
cost(30, 1, 12).
cost(30, 2, 54).
cost(30, 3, 29).
cost(30, 4, 67).
cost(30, 5, 28).
cost(30, 6, 45).
cost(30, 7, 57).
cost(30, 8, 52).
cost(30, 9, 61).
cost(30, 10, 72).
cost(30, 11, 23).
cost(30, 12, 48).
cost(30, 13, 48).
cost(30, 14, 39).
cost(30, 15, 46).
cost(30, 16, 19).
cost(30, 17, 5).
cost(30, 18, 59).
cost(30, 19, 22).
cost(30, 20, 19).
cost(30, 21, 16).
cost(30, 22, 26).
cost(30, 23, 10).
cost(30, 24, 41).
cost(30, 25, 58).
cost(30, 26, 22).
cost(30, 27, 10).
cost(30, 28, 32).
cost(30, 29, 60).
