dimension(30).
point(1, 52.6256153258, 48.1021336311).
point(2, 19.1253166462, 31.6378525306).
point(3, 97.3477365054, 30.4925844138).
point(4, 44.2537604843, 23.2044878935).
point(5, 36.5961465555, 48.5602430652).
point(6, 99.1976403516, 36.6665557162).
point(7, 84.7468273933, 10.6848511463).
point(8, 23.6221916151, 45.8406201716).
point(9, 58.4481165029, 35.2875429732).
point(10, 78.9909049281, 78.2866010136).
point(11, 6.7928535713, 92.9529640114).
point(12, 56.8357952767, 44.5401714252).
point(13, 30.7061818105, 94.9058946962).
point(14, 56.7325639882, 34.4938649605).
point(15, 90.7235459079, 24.3881135457).
point(16, 89.9291743752, 29.052984431).
point(17, 40.9175753784, 36.1685070104).
point(18, 90.54445171, 76.5845853834).
point(19, 11.9419952811, 85.8102436519).
point(20, 86.1549938962, 4.3649334519).
point(21, 73.346630792, 70.0619220658).
point(22, 76.9075797802, 74.9549122953).
point(23, 18.1236258979, 84.734923769).
point(24, 2.9718114263, 94.8288393144).
point(25, 41.8647058981, 31.5985471519).
point(26, 70.5756760294, 87.0167684273).
point(27, 12.4804835735, 50.0036808161).
point(28, 9.0964175281, 81.3889296463).
point(29, 86.3379180953, 81.4038006015).
point(30, 34.7420242777, 31.4866139263).
cost(1, 2, 37).
cost(1, 3, 48).
cost(1, 4, 26).
cost(1, 5, 16).
cost(1, 6, 48).
cost(1, 7, 49).
cost(1, 8, 29).
cost(1, 9, 14).
cost(1, 10, 40).
cost(1, 11, 64).
cost(1, 12, 6).
cost(1, 13, 52).
cost(1, 14, 14).
cost(1, 15, 45).
cost(1, 16, 42).
cost(1, 17, 17).
cost(1, 18, 47).
cost(1, 19, 55).
cost(1, 20, 55).
cost(1, 21, 30).
cost(1, 22, 36).
cost(1, 23, 50).
cost(1, 24, 68).
cost(1, 25, 20).
cost(1, 26, 43).
cost(1, 27, 40).
cost(1, 28, 55).
cost(1, 29, 47).
cost(1, 30, 24).
cost(2, 1, 37).
cost(2, 3, 78).
cost(2, 4, 27).
cost(2, 5, 24).
cost(2, 6, 80).
cost(2, 7, 69).
cost(2, 8, 15).
cost(2, 9, 39).
cost(2, 10, 76).
cost(2, 11, 63).
cost(2, 12, 40).
cost(2, 13, 64).
cost(2, 14, 38).
cost(2, 15, 72).
cost(2, 16, 71).
cost(2, 17, 22).
cost(2, 18, 84).
cost(2, 19, 55).
cost(2, 20, 72).
cost(2, 21, 66).
cost(2, 22, 72).
cost(2, 23, 53).
cost(2, 24, 65).
cost(2, 25, 23).
cost(2, 26, 76).
cost(2, 27, 20).
cost(2, 28, 51).
cost(2, 29, 84).
cost(2, 30, 16).
cost(3, 1, 48).
cost(3, 2, 78).
cost(3, 4, 54).
cost(3, 5, 63).
cost(3, 6, 6).
cost(3, 7, 23).
cost(3, 8, 75).
cost(3, 9, 39).
cost(3, 10, 51).
cost(3, 11, 110).
cost(3, 12, 43).
cost(3, 13, 93).
cost(3, 14, 41).
cost(3, 15, 9).
cost(3, 16, 8).
cost(3, 17, 57).
cost(3, 18, 47).
cost(3, 19, 102).
cost(3, 20, 28).
cost(3, 21, 46).
cost(3, 22, 49).
cost(3, 23, 96).
cost(3, 24, 114).
cost(3, 25, 55).
cost(3, 26, 63).
cost(3, 27, 87).
cost(3, 28, 102).
cost(3, 29, 52).
cost(3, 30, 63).
cost(4, 1, 26).
cost(4, 2, 27).
cost(4, 3, 54).
cost(4, 5, 26).
cost(4, 6, 57).
cost(4, 7, 42).
cost(4, 8, 31).
cost(4, 9, 19).
cost(4, 10, 65).
cost(4, 11, 79).
cost(4, 12, 25).
cost(4, 13, 73).
cost(4, 14, 17).
cost(4, 15, 46).
cost(4, 16, 46).
cost(4, 17, 13).
cost(4, 18, 71).
cost(4, 19, 70).
cost(4, 20, 46).
cost(4, 21, 55).
cost(4, 22, 61).
cost(4, 23, 67).
cost(4, 24, 83).
cost(4, 25, 9).
cost(4, 26, 69).
cost(4, 27, 42).
cost(4, 28, 68).
cost(4, 29, 72).
cost(4, 30, 13).
cost(5, 1, 16).
cost(5, 2, 24).
cost(5, 3, 63).
cost(5, 4, 26).
cost(5, 6, 64).
cost(5, 7, 61).
cost(5, 8, 13).
cost(5, 9, 26).
cost(5, 10, 52).
cost(5, 11, 53).
cost(5, 12, 21).
cost(5, 13, 47).
cost(5, 14, 25).
cost(5, 15, 59).
cost(5, 16, 57).
cost(5, 17, 13).
cost(5, 18, 61).
cost(5, 19, 45).
cost(5, 20, 66).
cost(5, 21, 43).
cost(5, 22, 48).
cost(5, 23, 41).
cost(5, 24, 57).
cost(5, 25, 18).
cost(5, 26, 51).
cost(5, 27, 24).
cost(5, 28, 43).
cost(5, 29, 60).
cost(5, 30, 17).
cost(6, 1, 48).
cost(6, 2, 80).
cost(6, 3, 6).
cost(6, 4, 57).
cost(6, 5, 64).
cost(6, 7, 30).
cost(6, 8, 76).
cost(6, 9, 41).
cost(6, 10, 46).
cost(6, 11, 108).
cost(6, 12, 43).
cost(6, 13, 90).
cost(6, 14, 43).
cost(6, 15, 15).
cost(6, 16, 12).
cost(6, 17, 58).
cost(6, 18, 41).
cost(6, 19, 100).
cost(6, 20, 35).
cost(6, 21, 42).
cost(6, 22, 44).
cost(6, 23, 94).
cost(6, 24, 112).
cost(6, 25, 58).
cost(6, 26, 58).
cost(6, 27, 88).
cost(6, 28, 101).
cost(6, 29, 47).
cost(6, 30, 65).
cost(7, 1, 49).
cost(7, 2, 69).
cost(7, 3, 23).
cost(7, 4, 42).
cost(7, 5, 61).
cost(7, 6, 30).
cost(7, 8, 71).
cost(7, 9, 36).
cost(7, 10, 68).
cost(7, 11, 113).
cost(7, 12, 44).
cost(7, 13, 100).
cost(7, 14, 37).
cost(7, 15, 15).
cost(7, 16, 19).
cost(7, 17, 51).
cost(7, 18, 66).
cost(7, 19, 105).
cost(7, 20, 6).
cost(7, 21, 60).
cost(7, 22, 65).
cost(7, 23, 100).
cost(7, 24, 117).
cost(7, 25, 48).
cost(7, 26, 78).
cost(7, 27, 82).
cost(7, 28, 104).
cost(7, 29, 71).
cost(7, 30, 54).
cost(8, 1, 29).
cost(8, 2, 15).
cost(8, 3, 75).
cost(8, 4, 31).
cost(8, 5, 13).
cost(8, 6, 76).
cost(8, 7, 71).
cost(8, 9, 36).
cost(8, 10, 64).
cost(8, 11, 50).
cost(8, 12, 33).
cost(8, 13, 50).
cost(8, 14, 35).
cost(8, 15, 70).
cost(8, 16, 68).
cost(8, 17, 20).
cost(8, 18, 74).
cost(8, 19, 42).
cost(8, 20, 75).
cost(8, 21, 55).
cost(8, 22, 61).
cost(8, 23, 39).
cost(8, 24, 53).
cost(8, 25, 23).
cost(8, 26, 62).
cost(8, 27, 12).
cost(8, 28, 38).
cost(8, 29, 72).
cost(8, 30, 18).
cost(9, 1, 14).
cost(9, 2, 39).
cost(9, 3, 39).
cost(9, 4, 19).
cost(9, 5, 26).
cost(9, 6, 41).
cost(9, 7, 36).
cost(9, 8, 36).
cost(9, 10, 48).
cost(9, 11, 77).
cost(9, 12, 9).
cost(9, 13, 66).
cost(9, 14, 2).
cost(9, 15, 34).
cost(9, 16, 32).
cost(9, 17, 18).
cost(9, 18, 52).
cost(9, 19, 69).
cost(9, 20, 42).
cost(9, 21, 38).
cost(9, 22, 44).
cost(9, 23, 64).
cost(9, 24, 81).
cost(9, 25, 17).
cost(9, 26, 53).
cost(9, 27, 48).
cost(9, 28, 68).
cost(9, 29, 54).
cost(9, 30, 24).
cost(10, 1, 40).
cost(10, 2, 76).
cost(10, 3, 51).
cost(10, 4, 65).
cost(10, 5, 52).
cost(10, 6, 46).
cost(10, 7, 68).
cost(10, 8, 64).
cost(10, 9, 48).
cost(10, 11, 74).
cost(10, 12, 40).
cost(10, 13, 51).
cost(10, 14, 49).
cost(10, 15, 55).
cost(10, 16, 50).
cost(10, 17, 57).
cost(10, 18, 12).
cost(10, 19, 67).
cost(10, 20, 74).
cost(10, 21, 10).
cost(10, 22, 4).
cost(10, 23, 61).
cost(10, 24, 78).
cost(10, 25, 60).
cost(10, 26, 12).
cost(10, 27, 72).
cost(10, 28, 70).
cost(10, 29, 8).
cost(10, 30, 64).
cost(11, 1, 64).
cost(11, 2, 63).
cost(11, 3, 110).
cost(11, 4, 79).
cost(11, 5, 53).
cost(11, 6, 108).
cost(11, 7, 113).
cost(11, 8, 50).
cost(11, 9, 77).
cost(11, 10, 74).
cost(11, 12, 70).
cost(11, 13, 24).
cost(11, 14, 77).
cost(11, 15, 108).
cost(11, 16, 105).
cost(11, 17, 66).
cost(11, 18, 85).
cost(11, 19, 9).
cost(11, 20, 119).
cost(11, 21, 70).
cost(11, 22, 72).
cost(11, 23, 14).
cost(11, 24, 4).
cost(11, 25, 71).
cost(11, 26, 64).
cost(11, 27, 43).
cost(11, 28, 12).
cost(11, 29, 80).
cost(11, 30, 68).
cost(12, 1, 6).
cost(12, 2, 40).
cost(12, 3, 43).
cost(12, 4, 25).
cost(12, 5, 21).
cost(12, 6, 43).
cost(12, 7, 44).
cost(12, 8, 33).
cost(12, 9, 9).
cost(12, 10, 40).
cost(12, 11, 70).
cost(12, 13, 57).
cost(12, 14, 10).
cost(12, 15, 39).
cost(12, 16, 37).
cost(12, 17, 18).
cost(12, 18, 47).
cost(12, 19, 61).
cost(12, 20, 50).
cost(12, 21, 30).
cost(12, 22, 36).
cost(12, 23, 56).
cost(12, 24, 74).
cost(12, 25, 20).
cost(12, 26, 45).
cost(12, 27, 45).
cost(12, 28, 60).
cost(12, 29, 47).
cost(12, 30, 26).
cost(13, 1, 52).
cost(13, 2, 64).
cost(13, 3, 93).
cost(13, 4, 73).
cost(13, 5, 47).
cost(13, 6, 90).
cost(13, 7, 100).
cost(13, 8, 50).
cost(13, 9, 66).
cost(13, 10, 51).
cost(13, 11, 24).
cost(13, 12, 57).
cost(13, 14, 66).
cost(13, 15, 93).
cost(13, 16, 89).
cost(13, 17, 60).
cost(13, 18, 63).
cost(13, 19, 21).
cost(13, 20, 106).
cost(13, 21, 49).
cost(13, 22, 50).
cost(13, 23, 16).
cost(13, 24, 28).
cost(13, 25, 64).
cost(13, 26, 41).
cost(13, 27, 48).
cost(13, 28, 25).
cost(13, 29, 57).
cost(13, 30, 64).
cost(14, 1, 14).
cost(14, 2, 38).
cost(14, 3, 41).
cost(14, 4, 17).
cost(14, 5, 25).
cost(14, 6, 43).
cost(14, 7, 37).
cost(14, 8, 35).
cost(14, 9, 2).
cost(14, 10, 49).
cost(14, 11, 77).
cost(14, 12, 10).
cost(14, 13, 66).
cost(14, 15, 35).
cost(14, 16, 34).
cost(14, 17, 16).
cost(14, 18, 54).
cost(14, 19, 68).
cost(14, 20, 42).
cost(14, 21, 39).
cost(14, 22, 45).
cost(14, 23, 63).
cost(14, 24, 81).
cost(14, 25, 15).
cost(14, 26, 54).
cost(14, 27, 47).
cost(14, 28, 67).
cost(14, 29, 55).
cost(14, 30, 22).
cost(15, 1, 45).
cost(15, 2, 72).
cost(15, 3, 9).
cost(15, 4, 46).
cost(15, 5, 59).
cost(15, 6, 15).
cost(15, 7, 15).
cost(15, 8, 70).
cost(15, 9, 34).
cost(15, 10, 55).
cost(15, 11, 108).
cost(15, 12, 39).
cost(15, 13, 93).
cost(15, 14, 35).
cost(15, 16, 5).
cost(15, 17, 51).
cost(15, 18, 52).
cost(15, 19, 100).
cost(15, 20, 21).
cost(15, 21, 49).
cost(15, 22, 52).
cost(15, 23, 94).
cost(15, 24, 113).
cost(15, 25, 49).
cost(15, 26, 66).
cost(15, 27, 82).
cost(15, 28, 100).
cost(15, 29, 57).
cost(15, 30, 56).
cost(16, 1, 42).
cost(16, 2, 71).
cost(16, 3, 8).
cost(16, 4, 46).
cost(16, 5, 57).
cost(16, 6, 12).
cost(16, 7, 19).
cost(16, 8, 68).
cost(16, 9, 32).
cost(16, 10, 50).
cost(16, 11, 105).
cost(16, 12, 37).
cost(16, 13, 89).
cost(16, 14, 34).
cost(16, 15, 5).
cost(16, 17, 50).
cost(16, 18, 48).
cost(16, 19, 96).
cost(16, 20, 25).
cost(16, 21, 44).
cost(16, 22, 48).
cost(16, 23, 91).
cost(16, 24, 109).
cost(16, 25, 48).
cost(16, 26, 61).
cost(16, 27, 80).
cost(16, 28, 96).
cost(16, 29, 52).
cost(16, 30, 55).
cost(17, 1, 17).
cost(17, 2, 22).
cost(17, 3, 57).
cost(17, 4, 13).
cost(17, 5, 13).
cost(17, 6, 58).
cost(17, 7, 51).
cost(17, 8, 20).
cost(17, 9, 18).
cost(17, 10, 57).
cost(17, 11, 66).
cost(17, 12, 18).
cost(17, 13, 60).
cost(17, 14, 16).
cost(17, 15, 51).
cost(17, 16, 50).
cost(17, 18, 64).
cost(17, 19, 57).
cost(17, 20, 55).
cost(17, 21, 47).
cost(17, 22, 53).
cost(17, 23, 54).
cost(17, 24, 70).
cost(17, 25, 5).
cost(17, 26, 59).
cost(17, 27, 32).
cost(17, 28, 55).
cost(17, 29, 64).
cost(17, 30, 8).
cost(18, 1, 47).
cost(18, 2, 84).
cost(18, 3, 47).
cost(18, 4, 71).
cost(18, 5, 61).
cost(18, 6, 41).
cost(18, 7, 66).
cost(18, 8, 74).
cost(18, 9, 52).
cost(18, 10, 12).
cost(18, 11, 85).
cost(18, 12, 47).
cost(18, 13, 63).
cost(18, 14, 54).
cost(18, 15, 52).
cost(18, 16, 48).
cost(18, 17, 64).
cost(18, 19, 79).
cost(18, 20, 72).
cost(18, 21, 18).
cost(18, 22, 14).
cost(18, 23, 73).
cost(18, 24, 89).
cost(18, 25, 66).
cost(18, 26, 23).
cost(18, 27, 82).
cost(18, 28, 82).
cost(18, 29, 6).
cost(18, 30, 72).
cost(19, 1, 55).
cost(19, 2, 55).
cost(19, 3, 102).
cost(19, 4, 70).
cost(19, 5, 45).
cost(19, 6, 100).
cost(19, 7, 105).
cost(19, 8, 42).
cost(19, 9, 69).
cost(19, 10, 67).
cost(19, 11, 9).
cost(19, 12, 61).
cost(19, 13, 21).
cost(19, 14, 68).
cost(19, 15, 100).
cost(19, 16, 96).
cost(19, 17, 57).
cost(19, 18, 79).
cost(19, 20, 110).
cost(19, 21, 63).
cost(19, 22, 66).
cost(19, 23, 6).
cost(19, 24, 13).
cost(19, 25, 62).
cost(19, 26, 59).
cost(19, 27, 36).
cost(19, 28, 5).
cost(19, 29, 75).
cost(19, 30, 59).
cost(20, 1, 55).
cost(20, 2, 72).
cost(20, 3, 28).
cost(20, 4, 46).
cost(20, 5, 66).
cost(20, 6, 35).
cost(20, 7, 6).
cost(20, 8, 75).
cost(20, 9, 42).
cost(20, 10, 74).
cost(20, 11, 119).
cost(20, 12, 50).
cost(20, 13, 106).
cost(20, 14, 42).
cost(20, 15, 21).
cost(20, 16, 25).
cost(20, 17, 55).
cost(20, 18, 72).
cost(20, 19, 110).
cost(20, 21, 67).
cost(20, 22, 71).
cost(20, 23, 105).
cost(20, 24, 123).
cost(20, 25, 52).
cost(20, 26, 84).
cost(20, 27, 87).
cost(20, 28, 109).
cost(20, 29, 77).
cost(20, 30, 58).
cost(21, 1, 30).
cost(21, 2, 66).
cost(21, 3, 46).
cost(21, 4, 55).
cost(21, 5, 43).
cost(21, 6, 42).
cost(21, 7, 60).
cost(21, 8, 55).
cost(21, 9, 38).
cost(21, 10, 10).
cost(21, 11, 70).
cost(21, 12, 30).
cost(21, 13, 49).
cost(21, 14, 39).
cost(21, 15, 49).
cost(21, 16, 44).
cost(21, 17, 47).
cost(21, 18, 18).
cost(21, 19, 63).
cost(21, 20, 67).
cost(21, 22, 6).
cost(21, 23, 57).
cost(21, 24, 75).
cost(21, 25, 50).
cost(21, 26, 17).
cost(21, 27, 64).
cost(21, 28, 65).
cost(21, 29, 17).
cost(21, 30, 55).
cost(22, 1, 36).
cost(22, 2, 72).
cost(22, 3, 49).
cost(22, 4, 61).
cost(22, 5, 48).
cost(22, 6, 44).
cost(22, 7, 65).
cost(22, 8, 61).
cost(22, 9, 44).
cost(22, 10, 4).
cost(22, 11, 72).
cost(22, 12, 36).
cost(22, 13, 50).
cost(22, 14, 45).
cost(22, 15, 52).
cost(22, 16, 48).
cost(22, 17, 53).
cost(22, 18, 14).
cost(22, 19, 66).
cost(22, 20, 71).
cost(22, 21, 6).
cost(22, 23, 60).
cost(22, 24, 77).
cost(22, 25, 56).
cost(22, 26, 14).
cost(22, 27, 69).
cost(22, 28, 68).
cost(22, 29, 11).
cost(22, 30, 61).
cost(23, 1, 50).
cost(23, 2, 53).
cost(23, 3, 96).
cost(23, 4, 67).
cost(23, 5, 41).
cost(23, 6, 94).
cost(23, 7, 100).
cost(23, 8, 39).
cost(23, 9, 64).
cost(23, 10, 61).
cost(23, 11, 14).
cost(23, 12, 56).
cost(23, 13, 16).
cost(23, 14, 63).
cost(23, 15, 94).
cost(23, 16, 91).
cost(23, 17, 54).
cost(23, 18, 73).
cost(23, 19, 6).
cost(23, 20, 105).
cost(23, 21, 57).
cost(23, 22, 60).
cost(23, 24, 18).
cost(23, 25, 58).
cost(23, 26, 53).
cost(23, 27, 35).
cost(23, 28, 10).
cost(23, 29, 68).
cost(23, 30, 56).
cost(24, 1, 68).
cost(24, 2, 65).
cost(24, 3, 114).
cost(24, 4, 83).
cost(24, 5, 57).
cost(24, 6, 112).
cost(24, 7, 117).
cost(24, 8, 53).
cost(24, 9, 81).
cost(24, 10, 78).
cost(24, 11, 4).
cost(24, 12, 74).
cost(24, 13, 28).
cost(24, 14, 81).
cost(24, 15, 113).
cost(24, 16, 109).
cost(24, 17, 70).
cost(24, 18, 89).
cost(24, 19, 13).
cost(24, 20, 123).
cost(24, 21, 75).
cost(24, 22, 77).
cost(24, 23, 18).
cost(24, 25, 74).
cost(24, 26, 68).
cost(24, 27, 46).
cost(24, 28, 15).
cost(24, 29, 84).
cost(24, 30, 71).
cost(25, 1, 20).
cost(25, 2, 23).
cost(25, 3, 55).
cost(25, 4, 9).
cost(25, 5, 18).
cost(25, 6, 58).
cost(25, 7, 48).
cost(25, 8, 23).
cost(25, 9, 17).
cost(25, 10, 60).
cost(25, 11, 71).
cost(25, 12, 20).
cost(25, 13, 64).
cost(25, 14, 15).
cost(25, 15, 49).
cost(25, 16, 48).
cost(25, 17, 5).
cost(25, 18, 66).
cost(25, 19, 62).
cost(25, 20, 52).
cost(25, 21, 50).
cost(25, 22, 56).
cost(25, 23, 58).
cost(25, 24, 74).
cost(25, 26, 62).
cost(25, 27, 35).
cost(25, 28, 60).
cost(25, 29, 67).
cost(25, 30, 7).
cost(26, 1, 43).
cost(26, 2, 76).
cost(26, 3, 63).
cost(26, 4, 69).
cost(26, 5, 51).
cost(26, 6, 58).
cost(26, 7, 78).
cost(26, 8, 62).
cost(26, 9, 53).
cost(26, 10, 12).
cost(26, 11, 64).
cost(26, 12, 45).
cost(26, 13, 41).
cost(26, 14, 54).
cost(26, 15, 66).
cost(26, 16, 61).
cost(26, 17, 59).
cost(26, 18, 23).
cost(26, 19, 59).
cost(26, 20, 84).
cost(26, 21, 17).
cost(26, 22, 14).
cost(26, 23, 53).
cost(26, 24, 68).
cost(26, 25, 62).
cost(26, 27, 69).
cost(26, 28, 62).
cost(26, 29, 17).
cost(26, 30, 66).
cost(27, 1, 40).
cost(27, 2, 20).
cost(27, 3, 87).
cost(27, 4, 42).
cost(27, 5, 24).
cost(27, 6, 88).
cost(27, 7, 82).
cost(27, 8, 12).
cost(27, 9, 48).
cost(27, 10, 72).
cost(27, 11, 43).
cost(27, 12, 45).
cost(27, 13, 48).
cost(27, 14, 47).
cost(27, 15, 82).
cost(27, 16, 80).
cost(27, 17, 32).
cost(27, 18, 82).
cost(27, 19, 36).
cost(27, 20, 87).
cost(27, 21, 64).
cost(27, 22, 69).
cost(27, 23, 35).
cost(27, 24, 46).
cost(27, 25, 35).
cost(27, 26, 69).
cost(27, 28, 32).
cost(27, 29, 80).
cost(27, 30, 29).
cost(28, 1, 55).
cost(28, 2, 51).
cost(28, 3, 102).
cost(28, 4, 68).
cost(28, 5, 43).
cost(28, 6, 101).
cost(28, 7, 104).
cost(28, 8, 38).
cost(28, 9, 68).
cost(28, 10, 70).
cost(28, 11, 12).
cost(28, 12, 60).
cost(28, 13, 25).
cost(28, 14, 67).
cost(28, 15, 100).
cost(28, 16, 96).
cost(28, 17, 55).
cost(28, 18, 82).
cost(28, 19, 5).
cost(28, 20, 109).
cost(28, 21, 65).
cost(28, 22, 68).
cost(28, 23, 10).
cost(28, 24, 15).
cost(28, 25, 60).
cost(28, 26, 62).
cost(28, 27, 32).
cost(28, 29, 77).
cost(28, 30, 56).
cost(29, 1, 47).
cost(29, 2, 84).
cost(29, 3, 52).
cost(29, 4, 72).
cost(29, 5, 60).
cost(29, 6, 47).
cost(29, 7, 71).
cost(29, 8, 72).
cost(29, 9, 54).
cost(29, 10, 8).
cost(29, 11, 80).
cost(29, 12, 47).
cost(29, 13, 57).
cost(29, 14, 55).
cost(29, 15, 57).
cost(29, 16, 52).
cost(29, 17, 64).
cost(29, 18, 6).
cost(29, 19, 75).
cost(29, 20, 77).
cost(29, 21, 17).
cost(29, 22, 11).
cost(29, 23, 68).
cost(29, 24, 84).
cost(29, 25, 67).
cost(29, 26, 17).
cost(29, 27, 80).
cost(29, 28, 77).
cost(29, 30, 72).
cost(30, 1, 24).
cost(30, 2, 16).
cost(30, 3, 63).
cost(30, 4, 13).
cost(30, 5, 17).
cost(30, 6, 65).
cost(30, 7, 54).
cost(30, 8, 18).
cost(30, 9, 24).
cost(30, 10, 64).
cost(30, 11, 68).
cost(30, 12, 26).
cost(30, 13, 64).
cost(30, 14, 22).
cost(30, 15, 56).
cost(30, 16, 55).
cost(30, 17, 8).
cost(30, 18, 72).
cost(30, 19, 59).
cost(30, 20, 58).
cost(30, 21, 55).
cost(30, 22, 61).
cost(30, 23, 56).
cost(30, 24, 71).
cost(30, 25, 7).
cost(30, 26, 66).
cost(30, 27, 29).
cost(30, 28, 56).
cost(30, 29, 72).
