dimension(30).
point(1, 63.8168421429, 6.201062179).
point(2, 16.6839353528, 80.161520592).
point(3, 49.7054875652, 45.0470862841).
point(4, 17.7748036149, 83.2227074752).
point(5, 83.659518108, 50.4054640188).
point(6, 33.6230465674, 35.7763679278).
point(7, 18.3094625183, 25.1540217458).
point(8, 85.1822820432, 90.4988740038).
point(9, 88.1407177979, 91.0770268874).
point(10, 18.9229548874, 31.7753256148).
point(11, 33.3201915795, 12.4478934734).
point(12, 62.930264232, 37.8221233113).
point(13, 23.453158649, 32.7924228537).
point(14, 61.3946579765, 10.4201061697).
point(15, 53.4051439469, 33.238438767).
point(16, 16.3664654489, 71.9697418838).
point(17, 85.6192145771, 96.3484905492).
point(18, 64.8768443172, 25.9721056807).
point(19, 62.5067041282, 17.6331641029).
point(20, 4.7214002027, 77.9437032769).
point(21, 95.2151740374, 92.5267142463).
point(22, 79.1489505952, 49.2250963315).
point(23, 63.1590746437, 63.1433748416).
point(24, 39.7899674469, 28.1905183111).
point(25, 16.055188396, 79.1538297117).
point(26, 69.4924362976, 53.9477681812).
point(27, 94.4565048072, 79.5816600964).
point(28, 96.1097965726, 82.4446017839).
point(29, 76.0586722484, 50.1324676836).
point(30, 30.4603583717, 74.9924716607).
cost(1, 2, 88).
cost(1, 3, 41).
cost(1, 4, 90).
cost(1, 5, 48).
cost(1, 6, 42).
cost(1, 7, 49).
cost(1, 8, 87).
cost(1, 9, 88).
cost(1, 10, 52).
cost(1, 11, 31).
cost(1, 12, 32).
cost(1, 13, 48).
cost(1, 14, 5).
cost(1, 15, 29).
cost(1, 16, 81).
cost(1, 17, 93).
cost(1, 18, 20).
cost(1, 19, 12).
cost(1, 20, 93).
cost(1, 21, 92).
cost(1, 22, 46).
cost(1, 23, 57).
cost(1, 24, 33).
cost(1, 25, 87).
cost(1, 26, 48).
cost(1, 27, 80).
cost(1, 28, 83).
cost(1, 29, 46).
cost(1, 30, 76).
cost(2, 1, 88).
cost(2, 3, 48).
cost(2, 4, 3).
cost(2, 5, 73).
cost(2, 6, 48).
cost(2, 7, 55).
cost(2, 8, 69).
cost(2, 9, 72).
cost(2, 10, 48).
cost(2, 11, 70).
cost(2, 12, 63).
cost(2, 13, 48).
cost(2, 14, 83).
cost(2, 15, 60).
cost(2, 16, 8).
cost(2, 17, 71).
cost(2, 18, 73).
cost(2, 19, 78).
cost(2, 20, 12).
cost(2, 21, 79).
cost(2, 22, 70).
cost(2, 23, 49).
cost(2, 24, 57).
cost(2, 25, 1).
cost(2, 26, 59).
cost(2, 27, 78).
cost(2, 28, 79).
cost(2, 29, 67).
cost(2, 30, 15).
cost(3, 1, 41).
cost(3, 2, 48).
cost(3, 4, 50).
cost(3, 5, 34).
cost(3, 6, 19).
cost(3, 7, 37).
cost(3, 8, 58).
cost(3, 9, 60).
cost(3, 10, 34).
cost(3, 11, 36).
cost(3, 12, 15).
cost(3, 13, 29).
cost(3, 14, 37).
cost(3, 15, 12).
cost(3, 16, 43).
cost(3, 17, 63).
cost(3, 18, 24).
cost(3, 19, 30).
cost(3, 20, 56).
cost(3, 21, 66).
cost(3, 22, 30).
cost(3, 23, 23).
cost(3, 24, 20).
cost(3, 25, 48).
cost(3, 26, 22).
cost(3, 27, 57).
cost(3, 28, 60).
cost(3, 29, 27).
cost(3, 30, 36).
cost(4, 1, 90).
cost(4, 2, 3).
cost(4, 3, 50).
cost(4, 5, 74).
cost(4, 6, 50).
cost(4, 7, 58).
cost(4, 8, 68).
cost(4, 9, 71).
cost(4, 10, 51).
cost(4, 11, 72).
cost(4, 12, 64).
cost(4, 13, 51).
cost(4, 14, 85).
cost(4, 15, 61).
cost(4, 16, 11).
cost(4, 17, 69).
cost(4, 18, 74).
cost(4, 19, 79).
cost(4, 20, 14).
cost(4, 21, 78).
cost(4, 22, 70).
cost(4, 23, 50).
cost(4, 24, 59).
cost(4, 25, 4).
cost(4, 26, 59).
cost(4, 27, 77).
cost(4, 28, 78).
cost(4, 29, 67).
cost(4, 30, 15).
cost(5, 1, 48).
cost(5, 2, 73).
cost(5, 3, 34).
cost(5, 4, 74).
cost(5, 6, 52).
cost(5, 7, 70).
cost(5, 8, 40).
cost(5, 9, 41).
cost(5, 10, 67).
cost(5, 11, 63).
cost(5, 12, 24).
cost(5, 13, 63).
cost(5, 14, 46).
cost(5, 15, 35).
cost(5, 16, 71).
cost(5, 17, 46).
cost(5, 18, 31).
cost(5, 19, 39).
cost(5, 20, 84).
cost(5, 21, 44).
cost(5, 22, 5).
cost(5, 23, 24).
cost(5, 24, 49).
cost(5, 25, 73).
cost(5, 26, 15).
cost(5, 27, 31).
cost(5, 28, 34).
cost(5, 29, 8).
cost(5, 30, 59).
cost(6, 1, 42).
cost(6, 2, 48).
cost(6, 3, 19).
cost(6, 4, 50).
cost(6, 5, 52).
cost(6, 7, 19).
cost(6, 8, 75).
cost(6, 9, 78).
cost(6, 10, 15).
cost(6, 11, 23).
cost(6, 12, 29).
cost(6, 13, 11).
cost(6, 14, 38).
cost(6, 15, 20).
cost(6, 16, 40).
cost(6, 17, 80).
cost(6, 18, 33).
cost(6, 19, 34).
cost(6, 20, 51).
cost(6, 21, 84).
cost(6, 22, 47).
cost(6, 23, 40).
cost(6, 24, 10).
cost(6, 25, 47).
cost(6, 26, 40).
cost(6, 27, 75).
cost(6, 28, 78).
cost(6, 29, 45).
cost(6, 30, 39).
cost(7, 1, 49).
cost(7, 2, 55).
cost(7, 3, 37).
cost(7, 4, 58).
cost(7, 5, 70).
cost(7, 6, 19).
cost(7, 8, 93).
cost(7, 9, 96).
cost(7, 10, 7).
cost(7, 11, 20).
cost(7, 12, 46).
cost(7, 13, 9).
cost(7, 14, 46).
cost(7, 15, 36).
cost(7, 16, 47).
cost(7, 17, 98).
cost(7, 18, 47).
cost(7, 19, 45).
cost(7, 20, 55).
cost(7, 21, 102).
cost(7, 22, 65).
cost(7, 23, 59).
cost(7, 24, 22).
cost(7, 25, 54).
cost(7, 26, 59).
cost(7, 27, 94).
cost(7, 28, 97).
cost(7, 29, 63).
cost(7, 30, 51).
cost(8, 1, 87).
cost(8, 2, 69).
cost(8, 3, 58).
cost(8, 4, 68).
cost(8, 5, 40).
cost(8, 6, 75).
cost(8, 7, 93).
cost(8, 9, 3).
cost(8, 10, 89).
cost(8, 11, 94).
cost(8, 12, 57).
cost(8, 13, 85).
cost(8, 14, 84).
cost(8, 15, 65).
cost(8, 16, 71).
cost(8, 17, 6).
cost(8, 18, 68).
cost(8, 19, 76).
cost(8, 20, 81).
cost(8, 21, 10).
cost(8, 22, 42).
cost(8, 23, 35).
cost(8, 24, 77).
cost(8, 25, 70).
cost(8, 26, 40).
cost(8, 27, 14).
cost(8, 28, 14).
cost(8, 29, 41).
cost(8, 30, 57).
cost(9, 1, 88).
cost(9, 2, 72).
cost(9, 3, 60).
cost(9, 4, 71).
cost(9, 5, 41).
cost(9, 6, 78).
cost(9, 7, 96).
cost(9, 8, 3).
cost(9, 10, 91).
cost(9, 11, 96).
cost(9, 12, 59).
cost(9, 13, 87).
cost(9, 14, 85).
cost(9, 15, 67).
cost(9, 16, 74).
cost(9, 17, 6).
cost(9, 18, 69).
cost(9, 19, 78).
cost(9, 20, 84).
cost(9, 21, 7).
cost(9, 22, 43).
cost(9, 23, 37).
cost(9, 24, 79).
cost(9, 25, 73).
cost(9, 26, 42).
cost(9, 27, 13).
cost(9, 28, 12).
cost(9, 29, 43).
cost(9, 30, 60).
cost(10, 1, 52).
cost(10, 2, 48).
cost(10, 3, 34).
cost(10, 4, 51).
cost(10, 5, 67).
cost(10, 6, 15).
cost(10, 7, 7).
cost(10, 8, 89).
cost(10, 9, 91).
cost(10, 11, 24).
cost(10, 12, 44).
cost(10, 13, 5).
cost(10, 14, 48).
cost(10, 15, 35).
cost(10, 16, 40).
cost(10, 17, 93).
cost(10, 18, 46).
cost(10, 19, 46).
cost(10, 20, 48).
cost(10, 21, 98).
cost(10, 22, 63).
cost(10, 23, 54).
cost(10, 24, 21).
cost(10, 25, 47).
cost(10, 26, 55).
cost(10, 27, 89).
cost(10, 28, 92).
cost(10, 29, 60).
cost(10, 30, 45).
cost(11, 1, 31).
cost(11, 2, 70).
cost(11, 3, 36).
cost(11, 4, 72).
cost(11, 5, 63).
cost(11, 6, 23).
cost(11, 7, 20).
cost(11, 8, 94).
cost(11, 9, 96).
cost(11, 10, 24).
cost(11, 12, 39).
cost(11, 13, 23).
cost(11, 14, 28).
cost(11, 15, 29).
cost(11, 16, 62).
cost(11, 17, 99).
cost(11, 18, 34).
cost(11, 19, 30).
cost(11, 20, 71).
cost(11, 21, 101).
cost(11, 22, 59).
cost(11, 23, 59).
cost(11, 24, 17).
cost(11, 25, 69).
cost(11, 26, 55).
cost(11, 27, 91).
cost(11, 28, 94).
cost(11, 29, 57).
cost(11, 30, 63).
cost(12, 1, 32).
cost(12, 2, 63).
cost(12, 3, 15).
cost(12, 4, 64).
cost(12, 5, 24).
cost(12, 6, 29).
cost(12, 7, 46).
cost(12, 8, 57).
cost(12, 9, 59).
cost(12, 10, 44).
cost(12, 11, 39).
cost(12, 13, 40).
cost(12, 14, 27).
cost(12, 15, 11).
cost(12, 16, 58).
cost(12, 17, 63).
cost(12, 18, 12).
cost(12, 19, 20).
cost(12, 20, 71).
cost(12, 21, 64).
cost(12, 22, 20).
cost(12, 23, 25).
cost(12, 24, 25).
cost(12, 25, 62).
cost(12, 26, 17).
cost(12, 27, 52).
cost(12, 28, 56).
cost(12, 29, 18).
cost(12, 30, 49).
cost(13, 1, 48).
cost(13, 2, 48).
cost(13, 3, 29).
cost(13, 4, 51).
cost(13, 5, 63).
cost(13, 6, 11).
cost(13, 7, 9).
cost(13, 8, 85).
cost(13, 9, 87).
cost(13, 10, 5).
cost(13, 11, 23).
cost(13, 12, 40).
cost(13, 14, 44).
cost(13, 15, 30).
cost(13, 16, 40).
cost(13, 17, 89).
cost(13, 18, 42).
cost(13, 19, 42).
cost(13, 20, 49).
cost(13, 21, 93).
cost(13, 22, 58).
cost(13, 23, 50).
cost(13, 24, 17).
cost(13, 25, 47).
cost(13, 26, 51).
cost(13, 27, 85).
cost(13, 28, 88).
cost(13, 29, 55).
cost(13, 30, 43).
cost(14, 1, 5).
cost(14, 2, 83).
cost(14, 3, 37).
cost(14, 4, 85).
cost(14, 5, 46).
cost(14, 6, 38).
cost(14, 7, 46).
cost(14, 8, 84).
cost(14, 9, 85).
cost(14, 10, 48).
cost(14, 11, 28).
cost(14, 12, 27).
cost(14, 13, 44).
cost(14, 15, 24).
cost(14, 16, 76).
cost(14, 17, 89).
cost(14, 18, 16).
cost(14, 19, 7).
cost(14, 20, 88).
cost(14, 21, 89).
cost(14, 22, 43).
cost(14, 23, 53).
cost(14, 24, 28).
cost(14, 25, 82).
cost(14, 26, 44).
cost(14, 27, 77).
cost(14, 28, 80).
cost(14, 29, 42).
cost(14, 30, 72).
cost(15, 1, 29).
cost(15, 2, 60).
cost(15, 3, 12).
cost(15, 4, 61).
cost(15, 5, 35).
cost(15, 6, 20).
cost(15, 7, 36).
cost(15, 8, 65).
cost(15, 9, 67).
cost(15, 10, 35).
cost(15, 11, 29).
cost(15, 12, 11).
cost(15, 13, 30).
cost(15, 14, 24).
cost(15, 16, 54).
cost(15, 17, 71).
cost(15, 18, 14).
cost(15, 19, 18).
cost(15, 20, 66).
cost(15, 21, 73).
cost(15, 22, 30).
cost(15, 23, 31).
cost(15, 24, 15).
cost(15, 25, 59).
cost(15, 26, 26).
cost(15, 27, 62).
cost(15, 28, 65).
cost(15, 29, 28).
cost(15, 30, 48).
cost(16, 1, 81).
cost(16, 2, 8).
cost(16, 3, 43).
cost(16, 4, 11).
cost(16, 5, 71).
cost(16, 6, 40).
cost(16, 7, 47).
cost(16, 8, 71).
cost(16, 9, 74).
cost(16, 10, 40).
cost(16, 11, 62).
cost(16, 12, 58).
cost(16, 13, 40).
cost(16, 14, 76).
cost(16, 15, 54).
cost(16, 17, 73).
cost(16, 18, 67).
cost(16, 19, 71).
cost(16, 20, 13).
cost(16, 21, 81).
cost(16, 22, 67).
cost(16, 23, 48).
cost(16, 24, 50).
cost(16, 25, 7).
cost(16, 26, 56).
cost(16, 27, 78).
cost(16, 28, 80).
cost(16, 29, 64).
cost(16, 30, 14).
cost(17, 1, 93).
cost(17, 2, 71).
cost(17, 3, 63).
cost(17, 4, 69).
cost(17, 5, 46).
cost(17, 6, 80).
cost(17, 7, 98).
cost(17, 8, 6).
cost(17, 9, 6).
cost(17, 10, 93).
cost(17, 11, 99).
cost(17, 12, 63).
cost(17, 13, 89).
cost(17, 14, 89).
cost(17, 15, 71).
cost(17, 16, 73).
cost(17, 18, 73).
cost(17, 19, 82).
cost(17, 20, 83).
cost(17, 21, 10).
cost(17, 22, 48).
cost(17, 23, 40).
cost(17, 24, 82).
cost(17, 25, 72).
cost(17, 26, 45).
cost(17, 27, 19).
cost(17, 28, 17).
cost(17, 29, 47).
cost(17, 30, 59).
cost(18, 1, 20).
cost(18, 2, 73).
cost(18, 3, 24).
cost(18, 4, 74).
cost(18, 5, 31).
cost(18, 6, 33).
cost(18, 7, 47).
cost(18, 8, 68).
cost(18, 9, 69).
cost(18, 10, 46).
cost(18, 11, 34).
cost(18, 12, 12).
cost(18, 13, 42).
cost(18, 14, 16).
cost(18, 15, 14).
cost(18, 16, 67).
cost(18, 17, 73).
cost(18, 19, 9).
cost(18, 20, 79).
cost(18, 21, 73).
cost(18, 22, 27).
cost(18, 23, 37).
cost(18, 24, 25).
cost(18, 25, 72).
cost(18, 26, 28).
cost(18, 27, 61).
cost(18, 28, 65).
cost(18, 29, 27).
cost(18, 30, 60).
cost(19, 1, 12).
cost(19, 2, 78).
cost(19, 3, 30).
cost(19, 4, 79).
cost(19, 5, 39).
cost(19, 6, 34).
cost(19, 7, 45).
cost(19, 8, 76).
cost(19, 9, 78).
cost(19, 10, 46).
cost(19, 11, 30).
cost(19, 12, 20).
cost(19, 13, 42).
cost(19, 14, 7).
cost(19, 15, 18).
cost(19, 16, 71).
cost(19, 17, 82).
cost(19, 18, 9).
cost(19, 20, 84).
cost(19, 21, 82).
cost(19, 22, 36).
cost(19, 23, 46).
cost(19, 24, 25).
cost(19, 25, 77).
cost(19, 26, 37).
cost(19, 27, 70).
cost(19, 28, 73).
cost(19, 29, 35).
cost(19, 30, 66).
cost(20, 1, 93).
cost(20, 2, 12).
cost(20, 3, 56).
cost(20, 4, 14).
cost(20, 5, 84).
cost(20, 6, 51).
cost(20, 7, 55).
cost(20, 8, 81).
cost(20, 9, 84).
cost(20, 10, 48).
cost(20, 11, 71).
cost(20, 12, 71).
cost(20, 13, 49).
cost(20, 14, 88).
cost(20, 15, 66).
cost(20, 16, 13).
cost(20, 17, 83).
cost(20, 18, 79).
cost(20, 19, 84).
cost(20, 21, 92).
cost(20, 22, 80).
cost(20, 23, 60).
cost(20, 24, 61).
cost(20, 25, 11).
cost(20, 26, 69).
cost(20, 27, 90).
cost(20, 28, 91).
cost(20, 29, 77).
cost(20, 30, 26).
cost(21, 1, 92).
cost(21, 2, 79).
cost(21, 3, 66).
cost(21, 4, 78).
cost(21, 5, 44).
cost(21, 6, 84).
cost(21, 7, 102).
cost(21, 8, 10).
cost(21, 9, 7).
cost(21, 10, 98).
cost(21, 11, 101).
cost(21, 12, 64).
cost(21, 13, 93).
cost(21, 14, 89).
cost(21, 15, 73).
cost(21, 16, 81).
cost(21, 17, 10).
cost(21, 18, 73).
cost(21, 19, 82).
cost(21, 20, 92).
cost(21, 22, 46).
cost(21, 23, 43).
cost(21, 24, 85).
cost(21, 25, 80).
cost(21, 26, 46).
cost(21, 27, 13).
cost(21, 28, 10).
cost(21, 29, 47).
cost(21, 30, 67).
cost(22, 1, 46).
cost(22, 2, 70).
cost(22, 3, 30).
cost(22, 4, 70).
cost(22, 5, 5).
cost(22, 6, 47).
cost(22, 7, 65).
cost(22, 8, 42).
cost(22, 9, 43).
cost(22, 10, 63).
cost(22, 11, 59).
cost(22, 12, 20).
cost(22, 13, 58).
cost(22, 14, 43).
cost(22, 15, 30).
cost(22, 16, 67).
cost(22, 17, 48).
cost(22, 18, 27).
cost(22, 19, 36).
cost(22, 20, 80).
cost(22, 21, 46).
cost(22, 23, 21).
cost(22, 24, 45).
cost(22, 25, 70).
cost(22, 26, 11).
cost(22, 27, 34).
cost(22, 28, 37).
cost(22, 29, 3).
cost(22, 30, 55).
cost(23, 1, 57).
cost(23, 2, 49).
cost(23, 3, 23).
cost(23, 4, 50).
cost(23, 5, 24).
cost(23, 6, 40).
cost(23, 7, 59).
cost(23, 8, 35).
cost(23, 9, 37).
cost(23, 10, 54).
cost(23, 11, 59).
cost(23, 12, 25).
cost(23, 13, 50).
cost(23, 14, 53).
cost(23, 15, 31).
cost(23, 16, 48).
cost(23, 17, 40).
cost(23, 18, 37).
cost(23, 19, 46).
cost(23, 20, 60).
cost(23, 21, 43).
cost(23, 22, 21).
cost(23, 24, 42).
cost(23, 25, 50).
cost(23, 26, 11).
cost(23, 27, 35).
cost(23, 28, 38).
cost(23, 29, 18).
cost(23, 30, 35).
cost(24, 1, 33).
cost(24, 2, 57).
cost(24, 3, 20).
cost(24, 4, 59).
cost(24, 5, 49).
cost(24, 6, 10).
cost(24, 7, 22).
cost(24, 8, 77).
cost(24, 9, 79).
cost(24, 10, 21).
cost(24, 11, 17).
cost(24, 12, 25).
cost(24, 13, 17).
cost(24, 14, 28).
cost(24, 15, 15).
cost(24, 16, 50).
cost(24, 17, 82).
cost(24, 18, 25).
cost(24, 19, 25).
cost(24, 20, 61).
cost(24, 21, 85).
cost(24, 22, 45).
cost(24, 23, 42).
cost(24, 25, 56).
cost(24, 26, 39).
cost(24, 27, 75).
cost(24, 28, 78).
cost(24, 29, 42).
cost(24, 30, 48).
cost(25, 1, 87).
cost(25, 2, 1).
cost(25, 3, 48).
cost(25, 4, 4).
cost(25, 5, 73).
cost(25, 6, 47).
cost(25, 7, 54).
cost(25, 8, 70).
cost(25, 9, 73).
cost(25, 10, 47).
cost(25, 11, 69).
cost(25, 12, 62).
cost(25, 13, 47).
cost(25, 14, 82).
cost(25, 15, 59).
cost(25, 16, 7).
cost(25, 17, 72).
cost(25, 18, 72).
cost(25, 19, 77).
cost(25, 20, 11).
cost(25, 21, 80).
cost(25, 22, 70).
cost(25, 23, 50).
cost(25, 24, 56).
cost(25, 26, 59).
cost(25, 27, 78).
cost(25, 28, 80).
cost(25, 29, 67).
cost(25, 30, 15).
cost(26, 1, 48).
cost(26, 2, 59).
cost(26, 3, 22).
cost(26, 4, 59).
cost(26, 5, 15).
cost(26, 6, 40).
cost(26, 7, 59).
cost(26, 8, 40).
cost(26, 9, 42).
cost(26, 10, 55).
cost(26, 11, 55).
cost(26, 12, 17).
cost(26, 13, 51).
cost(26, 14, 44).
cost(26, 15, 26).
cost(26, 16, 56).
cost(26, 17, 45).
cost(26, 18, 28).
cost(26, 19, 37).
cost(26, 20, 69).
cost(26, 21, 46).
cost(26, 22, 11).
cost(26, 23, 11).
cost(26, 24, 39).
cost(26, 25, 59).
cost(26, 27, 36).
cost(26, 28, 39).
cost(26, 29, 8).
cost(26, 30, 44).
cost(27, 1, 80).
cost(27, 2, 78).
cost(27, 3, 57).
cost(27, 4, 77).
cost(27, 5, 31).
cost(27, 6, 75).
cost(27, 7, 94).
cost(27, 8, 14).
cost(27, 9, 13).
cost(27, 10, 89).
cost(27, 11, 91).
cost(27, 12, 52).
cost(27, 13, 85).
cost(27, 14, 77).
cost(27, 15, 62).
cost(27, 16, 78).
cost(27, 17, 19).
cost(27, 18, 61).
cost(27, 19, 70).
cost(27, 20, 90).
cost(27, 21, 13).
cost(27, 22, 34).
cost(27, 23, 35).
cost(27, 24, 75).
cost(27, 25, 78).
cost(27, 26, 36).
cost(27, 28, 3).
cost(27, 29, 35).
cost(27, 30, 64).
cost(28, 1, 83).
cost(28, 2, 79).
cost(28, 3, 60).
cost(28, 4, 78).
cost(28, 5, 34).
cost(28, 6, 78).
cost(28, 7, 97).
cost(28, 8, 14).
cost(28, 9, 12).
cost(28, 10, 92).
cost(28, 11, 94).
cost(28, 12, 56).
cost(28, 13, 88).
cost(28, 14, 80).
cost(28, 15, 65).
cost(28, 16, 80).
cost(28, 17, 17).
cost(28, 18, 65).
cost(28, 19, 73).
cost(28, 20, 91).
cost(28, 21, 10).
cost(28, 22, 37).
cost(28, 23, 38).
cost(28, 24, 78).
cost(28, 25, 80).
cost(28, 26, 39).
cost(28, 27, 3).
cost(28, 29, 38).
cost(28, 30, 66).
cost(29, 1, 46).
cost(29, 2, 67).
cost(29, 3, 27).
cost(29, 4, 67).
cost(29, 5, 8).
cost(29, 6, 45).
cost(29, 7, 63).
cost(29, 8, 41).
cost(29, 9, 43).
cost(29, 10, 60).
cost(29, 11, 57).
cost(29, 12, 18).
cost(29, 13, 55).
cost(29, 14, 42).
cost(29, 15, 28).
cost(29, 16, 64).
cost(29, 17, 47).
cost(29, 18, 27).
cost(29, 19, 35).
cost(29, 20, 77).
cost(29, 21, 47).
cost(29, 22, 3).
cost(29, 23, 18).
cost(29, 24, 42).
cost(29, 25, 67).
cost(29, 26, 8).
cost(29, 27, 35).
cost(29, 28, 38).
cost(29, 30, 52).
cost(30, 1, 76).
cost(30, 2, 15).
cost(30, 3, 36).
cost(30, 4, 15).
cost(30, 5, 59).
cost(30, 6, 39).
cost(30, 7, 51).
cost(30, 8, 57).
cost(30, 9, 60).
cost(30, 10, 45).
cost(30, 11, 63).
cost(30, 12, 49).
cost(30, 13, 43).
cost(30, 14, 72).
cost(30, 15, 48).
cost(30, 16, 14).
cost(30, 17, 59).
cost(30, 18, 60).
cost(30, 19, 66).
cost(30, 20, 26).
cost(30, 21, 67).
cost(30, 22, 55).
cost(30, 23, 35).
cost(30, 24, 48).
cost(30, 25, 15).
cost(30, 26, 44).
cost(30, 27, 64).
cost(30, 28, 66).
cost(30, 29, 52).
