dimension(30).
point(1, 11.5188643251, 44.7980517624).
point(2, 79.4774205474, 51.9160351146).
point(3, 40.0269588521, 18.9859568975).
point(4, 22.6727095947, 50.8590175035).
point(5, 55.8724563111, 24.945426487).
point(6, 54.3412945497, 32.2081818118).
point(7, 9.0149366928, 74.9773747601).
point(8, 33.2687594112, 11.3570866406).
point(9, 61.9462087341, 63.303086364).
point(10, 55.2764108249, 22.2101559136).
point(11, 51.2970581958, 28.2157793184).
point(12, 60.3933848273, 78.8038085447).
point(13, 45.2372276895, 9.3073725384).
point(14, 61.0522308726, 64.4896137006).
point(15, 89.3326064022, 68.1250157119).
point(16, 86.7070166514, 58.6710494646).
point(17, 23.826441761, 2.4738274453).
point(18, 56.2249217716, 5.4491977369).
point(19, 91.6545395095, 58.706969779).
point(20, 45.4542723145, 80.1373232499).
point(21, 29.1951230418, 12.1332167083).
point(22, 2.4442490371, 36.6606593521).
point(23, 8.6184159447, 70.0393424658).
point(24, 6.1743322699, 82.1078301969).
point(25, 56.8131458613, 91.5706946328).
point(26, 82.9030485788, 92.3804772162).
point(27, 64.6840329445, 54.799554259).
point(28, 93.2414013494, 60.1585498646).
point(29, 48.7347786894, 6.6835564684).
point(30, 60.0152989759, 26.6001406627).
cost(1, 2, 68).
cost(1, 3, 38).
cost(1, 4, 13).
cost(1, 5, 49).
cost(1, 6, 45).
cost(1, 7, 30).
cost(1, 8, 40).
cost(1, 9, 54).
cost(1, 10, 49).
cost(1, 11, 43).
cost(1, 12, 60).
cost(1, 13, 49).
cost(1, 14, 53).
cost(1, 15, 81).
cost(1, 16, 76).
cost(1, 17, 44).
cost(1, 18, 60).
cost(1, 19, 81).
cost(1, 20, 49).
cost(1, 21, 37).
cost(1, 22, 12).
cost(1, 23, 25).
cost(1, 24, 38).
cost(1, 25, 65).
cost(1, 26, 86).
cost(1, 27, 54).
cost(1, 28, 83).
cost(1, 29, 53).
cost(1, 30, 52).
cost(2, 1, 68).
cost(2, 3, 51).
cost(2, 4, 57).
cost(2, 5, 36).
cost(2, 6, 32).
cost(2, 7, 74).
cost(2, 8, 61).
cost(2, 9, 21).
cost(2, 10, 38).
cost(2, 11, 37).
cost(2, 12, 33).
cost(2, 13, 55).
cost(2, 14, 22).
cost(2, 15, 19).
cost(2, 16, 10).
cost(2, 17, 74).
cost(2, 18, 52).
cost(2, 19, 14).
cost(2, 20, 44).
cost(2, 21, 64).
cost(2, 22, 79).
cost(2, 23, 73).
cost(2, 24, 79).
cost(2, 25, 46).
cost(2, 26, 41).
cost(2, 27, 15).
cost(2, 28, 16).
cost(2, 29, 55).
cost(2, 30, 32).
cost(3, 1, 38).
cost(3, 2, 51).
cost(3, 4, 36).
cost(3, 5, 17).
cost(3, 6, 19).
cost(3, 7, 64).
cost(3, 8, 10).
cost(3, 9, 49).
cost(3, 10, 16).
cost(3, 11, 15).
cost(3, 12, 63).
cost(3, 13, 11).
cost(3, 14, 50).
cost(3, 15, 70).
cost(3, 16, 61).
cost(3, 17, 23).
cost(3, 18, 21).
cost(3, 19, 65).
cost(3, 20, 61).
cost(3, 21, 13).
cost(3, 22, 42).
cost(3, 23, 60).
cost(3, 24, 72).
cost(3, 25, 75).
cost(3, 26, 85).
cost(3, 27, 43).
cost(3, 28, 67).
cost(3, 29, 15).
cost(3, 30, 21).
cost(4, 1, 13).
cost(4, 2, 57).
cost(4, 3, 36).
cost(4, 5, 42).
cost(4, 6, 37).
cost(4, 7, 28).
cost(4, 8, 41).
cost(4, 9, 41).
cost(4, 10, 43).
cost(4, 11, 36).
cost(4, 12, 47).
cost(4, 13, 47).
cost(4, 14, 41).
cost(4, 15, 69).
cost(4, 16, 65).
cost(4, 17, 48).
cost(4, 18, 56).
cost(4, 19, 69).
cost(4, 20, 37).
cost(4, 21, 39).
cost(4, 22, 25).
cost(4, 23, 24).
cost(4, 24, 35).
cost(4, 25, 53).
cost(4, 26, 73).
cost(4, 27, 42).
cost(4, 28, 71).
cost(4, 29, 51).
cost(4, 30, 45).
cost(5, 1, 49).
cost(5, 2, 36).
cost(5, 3, 17).
cost(5, 4, 42).
cost(5, 6, 7).
cost(5, 7, 69).
cost(5, 8, 26).
cost(5, 9, 39).
cost(5, 10, 3).
cost(5, 11, 6).
cost(5, 12, 54).
cost(5, 13, 19).
cost(5, 14, 40).
cost(5, 15, 55).
cost(5, 16, 46).
cost(5, 17, 39).
cost(5, 18, 19).
cost(5, 19, 49).
cost(5, 20, 56).
cost(5, 21, 30).
cost(5, 22, 55).
cost(5, 23, 65).
cost(5, 24, 76).
cost(5, 25, 67).
cost(5, 26, 73).
cost(5, 27, 31).
cost(5, 28, 51).
cost(5, 29, 20).
cost(5, 30, 4).
cost(6, 1, 45).
cost(6, 2, 32).
cost(6, 3, 19).
cost(6, 4, 37).
cost(6, 5, 7).
cost(6, 7, 62).
cost(6, 8, 30).
cost(6, 9, 32).
cost(6, 10, 10).
cost(6, 11, 5).
cost(6, 12, 47).
cost(6, 13, 25).
cost(6, 14, 33).
cost(6, 15, 50).
cost(6, 16, 42).
cost(6, 17, 43).
cost(6, 18, 27).
cost(6, 19, 46).
cost(6, 20, 49).
cost(6, 21, 32).
cost(6, 22, 52).
cost(6, 23, 59).
cost(6, 24, 69).
cost(6, 25, 59).
cost(6, 26, 67).
cost(6, 27, 25).
cost(6, 28, 48).
cost(6, 29, 26).
cost(6, 30, 8).
cost(7, 1, 30).
cost(7, 2, 74).
cost(7, 3, 64).
cost(7, 4, 28).
cost(7, 5, 69).
cost(7, 6, 62).
cost(7, 8, 68).
cost(7, 9, 54).
cost(7, 10, 70).
cost(7, 11, 63).
cost(7, 12, 52).
cost(7, 13, 75).
cost(7, 14, 53).
cost(7, 15, 81).
cost(7, 16, 79).
cost(7, 17, 74).
cost(7, 18, 84).
cost(7, 19, 84).
cost(7, 20, 37).
cost(7, 21, 66).
cost(7, 22, 39).
cost(7, 23, 5).
cost(7, 24, 8).
cost(7, 25, 51).
cost(7, 26, 76).
cost(7, 27, 59).
cost(7, 28, 86).
cost(7, 29, 79).
cost(7, 30, 70).
cost(8, 1, 40).
cost(8, 2, 61).
cost(8, 3, 10).
cost(8, 4, 41).
cost(8, 5, 26).
cost(8, 6, 30).
cost(8, 7, 68).
cost(8, 9, 59).
cost(8, 10, 25).
cost(8, 11, 25).
cost(8, 12, 73).
cost(8, 13, 12).
cost(8, 14, 60).
cost(8, 15, 80).
cost(8, 16, 71).
cost(8, 17, 13).
cost(8, 18, 24).
cost(8, 19, 75).
cost(8, 20, 70).
cost(8, 21, 4).
cost(8, 22, 40).
cost(8, 23, 64).
cost(8, 24, 76).
cost(8, 25, 84).
cost(8, 26, 95).
cost(8, 27, 54).
cost(8, 28, 77).
cost(8, 29, 16).
cost(8, 30, 31).
cost(9, 1, 54).
cost(9, 2, 21).
cost(9, 3, 49).
cost(9, 4, 41).
cost(9, 5, 39).
cost(9, 6, 32).
cost(9, 7, 54).
cost(9, 8, 59).
cost(9, 10, 42).
cost(9, 11, 37).
cost(9, 12, 16).
cost(9, 13, 57).
cost(9, 14, 1).
cost(9, 15, 28).
cost(9, 16, 25).
cost(9, 17, 72).
cost(9, 18, 58).
cost(9, 19, 30).
cost(9, 20, 24).
cost(9, 21, 61).
cost(9, 22, 65).
cost(9, 23, 54).
cost(9, 24, 59).
cost(9, 25, 29).
cost(9, 26, 36).
cost(9, 27, 9).
cost(9, 28, 31).
cost(9, 29, 58).
cost(9, 30, 37).
cost(10, 1, 49).
cost(10, 2, 38).
cost(10, 3, 16).
cost(10, 4, 43).
cost(10, 5, 3).
cost(10, 6, 10).
cost(10, 7, 70).
cost(10, 8, 25).
cost(10, 9, 42).
cost(10, 11, 7).
cost(10, 12, 57).
cost(10, 13, 16).
cost(10, 14, 43).
cost(10, 15, 57).
cost(10, 16, 48).
cost(10, 17, 37).
cost(10, 18, 17).
cost(10, 19, 52).
cost(10, 20, 59).
cost(10, 21, 28).
cost(10, 22, 55).
cost(10, 23, 67).
cost(10, 24, 77).
cost(10, 25, 69).
cost(10, 26, 75).
cost(10, 27, 34).
cost(10, 28, 54).
cost(10, 29, 17).
cost(10, 30, 6).
cost(11, 1, 43).
cost(11, 2, 37).
cost(11, 3, 15).
cost(11, 4, 36).
cost(11, 5, 6).
cost(11, 6, 5).
cost(11, 7, 63).
cost(11, 8, 25).
cost(11, 9, 37).
cost(11, 10, 7).
cost(11, 12, 51).
cost(11, 13, 20).
cost(11, 14, 38).
cost(11, 15, 55).
cost(11, 16, 47).
cost(11, 17, 38).
cost(11, 18, 23).
cost(11, 19, 51).
cost(11, 20, 52).
cost(11, 21, 27).
cost(11, 22, 50).
cost(11, 23, 60).
cost(11, 24, 70).
cost(11, 25, 64).
cost(11, 26, 72).
cost(11, 27, 30).
cost(11, 28, 53).
cost(11, 29, 22).
cost(11, 30, 9).
cost(12, 1, 60).
cost(12, 2, 33).
cost(12, 3, 63).
cost(12, 4, 47).
cost(12, 5, 54).
cost(12, 6, 47).
cost(12, 7, 52).
cost(12, 8, 73).
cost(12, 9, 16).
cost(12, 10, 57).
cost(12, 11, 51).
cost(12, 13, 71).
cost(12, 14, 14).
cost(12, 15, 31).
cost(12, 16, 33).
cost(12, 17, 85).
cost(12, 18, 73).
cost(12, 19, 37).
cost(12, 20, 15).
cost(12, 21, 74).
cost(12, 22, 72).
cost(12, 23, 53).
cost(12, 24, 54).
cost(12, 25, 13).
cost(12, 26, 26).
cost(12, 27, 24).
cost(12, 28, 38).
cost(12, 29, 73).
cost(12, 30, 52).
cost(13, 1, 49).
cost(13, 2, 55).
cost(13, 3, 11).
cost(13, 4, 47).
cost(13, 5, 19).
cost(13, 6, 25).
cost(13, 7, 75).
cost(13, 8, 12).
cost(13, 9, 57).
cost(13, 10, 16).
cost(13, 11, 20).
cost(13, 12, 71).
cost(13, 14, 57).
cost(13, 15, 74).
cost(13, 16, 64).
cost(13, 17, 22).
cost(13, 18, 12).
cost(13, 19, 68).
cost(13, 20, 71).
cost(13, 21, 16).
cost(13, 22, 51).
cost(13, 23, 71).
cost(13, 24, 83).
cost(13, 25, 83).
cost(13, 26, 91).
cost(13, 27, 49).
cost(13, 28, 70).
cost(13, 29, 4).
cost(13, 30, 23).
cost(14, 1, 53).
cost(14, 2, 22).
cost(14, 3, 50).
cost(14, 4, 41).
cost(14, 5, 40).
cost(14, 6, 33).
cost(14, 7, 53).
cost(14, 8, 60).
cost(14, 9, 1).
cost(14, 10, 43).
cost(14, 11, 38).
cost(14, 12, 14).
cost(14, 13, 57).
cost(14, 15, 29).
cost(14, 16, 26).
cost(14, 17, 72).
cost(14, 18, 59).
cost(14, 19, 31).
cost(14, 20, 22).
cost(14, 21, 61).
cost(14, 22, 65).
cost(14, 23, 53).
cost(14, 24, 58).
cost(14, 25, 27).
cost(14, 26, 35).
cost(14, 27, 10).
cost(14, 28, 32).
cost(14, 29, 59).
cost(14, 30, 38).
cost(15, 1, 81).
cost(15, 2, 19).
cost(15, 3, 70).
cost(15, 4, 69).
cost(15, 5, 55).
cost(15, 6, 50).
cost(15, 7, 81).
cost(15, 8, 80).
cost(15, 9, 28).
cost(15, 10, 57).
cost(15, 11, 55).
cost(15, 12, 31).
cost(15, 13, 74).
cost(15, 14, 29).
cost(15, 16, 10).
cost(15, 17, 93).
cost(15, 18, 71).
cost(15, 19, 10).
cost(15, 20, 45).
cost(15, 21, 82).
cost(15, 22, 92).
cost(15, 23, 81).
cost(15, 24, 84).
cost(15, 25, 40).
cost(15, 26, 25).
cost(15, 27, 28).
cost(15, 28, 9).
cost(15, 29, 74).
cost(15, 30, 51).
cost(16, 1, 76).
cost(16, 2, 10).
cost(16, 3, 61).
cost(16, 4, 65).
cost(16, 5, 46).
cost(16, 6, 42).
cost(16, 7, 79).
cost(16, 8, 71).
cost(16, 9, 25).
cost(16, 10, 48).
cost(16, 11, 47).
cost(16, 12, 33).
cost(16, 13, 64).
cost(16, 14, 26).
cost(16, 15, 10).
cost(16, 17, 84).
cost(16, 18, 61).
cost(16, 19, 5).
cost(16, 20, 47).
cost(16, 21, 74).
cost(16, 22, 87).
cost(16, 23, 79).
cost(16, 24, 84).
cost(16, 25, 44).
cost(16, 26, 34).
cost(16, 27, 22).
cost(16, 28, 7).
cost(16, 29, 64).
cost(16, 30, 42).
cost(17, 1, 44).
cost(17, 2, 74).
cost(17, 3, 23).
cost(17, 4, 48).
cost(17, 5, 39).
cost(17, 6, 43).
cost(17, 7, 74).
cost(17, 8, 13).
cost(17, 9, 72).
cost(17, 10, 37).
cost(17, 11, 38).
cost(17, 12, 85).
cost(17, 13, 22).
cost(17, 14, 72).
cost(17, 15, 93).
cost(17, 16, 84).
cost(17, 18, 33).
cost(17, 19, 88).
cost(17, 20, 81).
cost(17, 21, 11).
cost(17, 22, 40).
cost(17, 23, 69).
cost(17, 24, 82).
cost(17, 25, 95).
cost(17, 26, 108).
cost(17, 27, 66).
cost(17, 28, 90).
cost(17, 29, 25).
cost(17, 30, 43).
cost(18, 1, 60).
cost(18, 2, 52).
cost(18, 3, 21).
cost(18, 4, 56).
cost(18, 5, 19).
cost(18, 6, 27).
cost(18, 7, 84).
cost(18, 8, 24).
cost(18, 9, 58).
cost(18, 10, 17).
cost(18, 11, 23).
cost(18, 12, 73).
cost(18, 13, 12).
cost(18, 14, 59).
cost(18, 15, 71).
cost(18, 16, 61).
cost(18, 17, 33).
cost(18, 19, 64).
cost(18, 20, 75).
cost(18, 21, 28).
cost(18, 22, 62).
cost(18, 23, 80).
cost(18, 24, 92).
cost(18, 25, 86).
cost(18, 26, 91).
cost(18, 27, 50).
cost(18, 28, 66).
cost(18, 29, 8).
cost(18, 30, 21).
cost(19, 1, 81).
cost(19, 2, 14).
cost(19, 3, 65).
cost(19, 4, 69).
cost(19, 5, 49).
cost(19, 6, 46).
cost(19, 7, 84).
cost(19, 8, 75).
cost(19, 9, 30).
cost(19, 10, 52).
cost(19, 11, 51).
cost(19, 12, 37).
cost(19, 13, 68).
cost(19, 14, 31).
cost(19, 15, 10).
cost(19, 16, 5).
cost(19, 17, 88).
cost(19, 18, 64).
cost(19, 20, 51).
cost(19, 21, 78).
cost(19, 22, 92).
cost(19, 23, 84).
cost(19, 24, 89).
cost(19, 25, 48).
cost(19, 26, 35).
cost(19, 27, 27).
cost(19, 28, 2).
cost(19, 29, 67).
cost(19, 30, 45).
cost(20, 1, 49).
cost(20, 2, 44).
cost(20, 3, 61).
cost(20, 4, 37).
cost(20, 5, 56).
cost(20, 6, 49).
cost(20, 7, 37).
cost(20, 8, 70).
cost(20, 9, 24).
cost(20, 10, 59).
cost(20, 11, 52).
cost(20, 12, 15).
cost(20, 13, 71).
cost(20, 14, 22).
cost(20, 15, 45).
cost(20, 16, 47).
cost(20, 17, 81).
cost(20, 18, 75).
cost(20, 19, 51).
cost(20, 21, 70).
cost(20, 22, 61).
cost(20, 23, 38).
cost(20, 24, 39).
cost(20, 25, 16).
cost(20, 26, 39).
cost(20, 27, 32).
cost(20, 28, 52).
cost(20, 29, 74).
cost(20, 30, 55).
cost(21, 1, 37).
cost(21, 2, 64).
cost(21, 3, 13).
cost(21, 4, 39).
cost(21, 5, 30).
cost(21, 6, 32).
cost(21, 7, 66).
cost(21, 8, 4).
cost(21, 9, 61).
cost(21, 10, 28).
cost(21, 11, 27).
cost(21, 12, 74).
cost(21, 13, 16).
cost(21, 14, 61).
cost(21, 15, 82).
cost(21, 16, 74).
cost(21, 17, 11).
cost(21, 18, 28).
cost(21, 19, 78).
cost(21, 20, 70).
cost(21, 22, 36).
cost(21, 23, 61).
cost(21, 24, 74).
cost(21, 25, 84).
cost(21, 26, 97).
cost(21, 27, 55).
cost(21, 28, 80).
cost(21, 29, 20).
cost(21, 30, 34).
cost(22, 1, 12).
cost(22, 2, 79).
cost(22, 3, 42).
cost(22, 4, 25).
cost(22, 5, 55).
cost(22, 6, 52).
cost(22, 7, 39).
cost(22, 8, 40).
cost(22, 9, 65).
cost(22, 10, 55).
cost(22, 11, 50).
cost(22, 12, 72).
cost(22, 13, 51).
cost(22, 14, 65).
cost(22, 15, 92).
cost(22, 16, 87).
cost(22, 17, 40).
cost(22, 18, 62).
cost(22, 19, 92).
cost(22, 20, 61).
cost(22, 21, 36).
cost(22, 23, 34).
cost(22, 24, 46).
cost(22, 25, 77).
cost(22, 26, 98).
cost(22, 27, 65).
cost(22, 28, 94).
cost(22, 29, 55).
cost(22, 30, 58).
cost(23, 1, 25).
cost(23, 2, 73).
cost(23, 3, 60).
cost(23, 4, 24).
cost(23, 5, 65).
cost(23, 6, 59).
cost(23, 7, 5).
cost(23, 8, 64).
cost(23, 9, 54).
cost(23, 10, 67).
cost(23, 11, 60).
cost(23, 12, 53).
cost(23, 13, 71).
cost(23, 14, 53).
cost(23, 15, 81).
cost(23, 16, 79).
cost(23, 17, 69).
cost(23, 18, 80).
cost(23, 19, 84).
cost(23, 20, 38).
cost(23, 21, 61).
cost(23, 22, 34).
cost(23, 24, 12).
cost(23, 25, 53).
cost(23, 26, 78).
cost(23, 27, 58).
cost(23, 28, 85).
cost(23, 29, 75).
cost(23, 30, 67).
cost(24, 1, 38).
cost(24, 2, 79).
cost(24, 3, 72).
cost(24, 4, 35).
cost(24, 5, 76).
cost(24, 6, 69).
cost(24, 7, 8).
cost(24, 8, 76).
cost(24, 9, 59).
cost(24, 10, 77).
cost(24, 11, 70).
cost(24, 12, 54).
cost(24, 13, 83).
cost(24, 14, 58).
cost(24, 15, 84).
cost(24, 16, 84).
cost(24, 17, 82).
cost(24, 18, 92).
cost(24, 19, 89).
cost(24, 20, 39).
cost(24, 21, 74).
cost(24, 22, 46).
cost(24, 23, 12).
cost(24, 25, 52).
cost(24, 26, 77).
cost(24, 27, 65).
cost(24, 28, 90).
cost(24, 29, 87).
cost(24, 30, 77).
cost(25, 1, 65).
cost(25, 2, 46).
cost(25, 3, 75).
cost(25, 4, 53).
cost(25, 5, 67).
cost(25, 6, 59).
cost(25, 7, 51).
cost(25, 8, 84).
cost(25, 9, 29).
cost(25, 10, 69).
cost(25, 11, 64).
cost(25, 12, 13).
cost(25, 13, 83).
cost(25, 14, 27).
cost(25, 15, 40).
cost(25, 16, 44).
cost(25, 17, 95).
cost(25, 18, 86).
cost(25, 19, 48).
cost(25, 20, 16).
cost(25, 21, 84).
cost(25, 22, 77).
cost(25, 23, 53).
cost(25, 24, 52).
cost(25, 26, 26).
cost(25, 27, 38).
cost(25, 28, 48).
cost(25, 29, 85).
cost(25, 30, 65).
cost(26, 1, 86).
cost(26, 2, 41).
cost(26, 3, 85).
cost(26, 4, 73).
cost(26, 5, 73).
cost(26, 6, 67).
cost(26, 7, 76).
cost(26, 8, 95).
cost(26, 9, 36).
cost(26, 10, 75).
cost(26, 11, 72).
cost(26, 12, 26).
cost(26, 13, 91).
cost(26, 14, 35).
cost(26, 15, 25).
cost(26, 16, 34).
cost(26, 17, 108).
cost(26, 18, 91).
cost(26, 19, 35).
cost(26, 20, 39).
cost(26, 21, 97).
cost(26, 22, 98).
cost(26, 23, 78).
cost(26, 24, 77).
cost(26, 25, 26).
cost(26, 27, 42).
cost(26, 28, 34).
cost(26, 29, 92).
cost(26, 30, 70).
cost(27, 1, 54).
cost(27, 2, 15).
cost(27, 3, 43).
cost(27, 4, 42).
cost(27, 5, 31).
cost(27, 6, 25).
cost(27, 7, 59).
cost(27, 8, 54).
cost(27, 9, 9).
cost(27, 10, 34).
cost(27, 11, 30).
cost(27, 12, 24).
cost(27, 13, 49).
cost(27, 14, 10).
cost(27, 15, 28).
cost(27, 16, 22).
cost(27, 17, 66).
cost(27, 18, 50).
cost(27, 19, 27).
cost(27, 20, 32).
cost(27, 21, 55).
cost(27, 22, 65).
cost(27, 23, 58).
cost(27, 24, 65).
cost(27, 25, 38).
cost(27, 26, 42).
cost(27, 28, 29).
cost(27, 29, 51).
cost(27, 30, 29).
cost(28, 1, 83).
cost(28, 2, 16).
cost(28, 3, 67).
cost(28, 4, 71).
cost(28, 5, 51).
cost(28, 6, 48).
cost(28, 7, 86).
cost(28, 8, 77).
cost(28, 9, 31).
cost(28, 10, 54).
cost(28, 11, 53).
cost(28, 12, 38).
cost(28, 13, 70).
cost(28, 14, 32).
cost(28, 15, 9).
cost(28, 16, 7).
cost(28, 17, 90).
cost(28, 18, 66).
cost(28, 19, 2).
cost(28, 20, 52).
cost(28, 21, 80).
cost(28, 22, 94).
cost(28, 23, 85).
cost(28, 24, 90).
cost(28, 25, 48).
cost(28, 26, 34).
cost(28, 27, 29).
cost(28, 29, 70).
cost(28, 30, 47).
cost(29, 1, 53).
cost(29, 2, 55).
cost(29, 3, 15).
cost(29, 4, 51).
cost(29, 5, 20).
cost(29, 6, 26).
cost(29, 7, 79).
cost(29, 8, 16).
cost(29, 9, 58).
cost(29, 10, 17).
cost(29, 11, 22).
cost(29, 12, 73).
cost(29, 13, 4).
cost(29, 14, 59).
cost(29, 15, 74).
cost(29, 16, 64).
cost(29, 17, 25).
cost(29, 18, 8).
cost(29, 19, 67).
cost(29, 20, 74).
cost(29, 21, 20).
cost(29, 22, 55).
cost(29, 23, 75).
cost(29, 24, 87).
cost(29, 25, 85).
cost(29, 26, 92).
cost(29, 27, 51).
cost(29, 28, 70).
cost(29, 30, 23).
cost(30, 1, 52).
cost(30, 2, 32).
cost(30, 3, 21).
cost(30, 4, 45).
cost(30, 5, 4).
cost(30, 6, 8).
cost(30, 7, 70).
cost(30, 8, 31).
cost(30, 9, 37).
cost(30, 10, 6).
cost(30, 11, 9).
cost(30, 12, 52).
cost(30, 13, 23).
cost(30, 14, 38).
cost(30, 15, 51).
cost(30, 16, 42).
cost(30, 17, 43).
cost(30, 18, 21).
cost(30, 19, 45).
cost(30, 20, 55).
cost(30, 21, 34).
cost(30, 22, 58).
cost(30, 23, 67).
cost(30, 24, 77).
cost(30, 25, 65).
cost(30, 26, 70).
cost(30, 27, 29).
cost(30, 28, 47).
cost(30, 29, 23).
