dimension(30).
point(1, 15.6999541213, 18.0364388094).
point(2, 5.0079817864, 58.7526035848).
point(3, 20.2842130662, 45.3900266184).
point(4, 46.8870413575, 84.8080833627).
point(5, 25.6610036443, 4.899663812).
point(6, 19.4175403424, 64.9524764922).
point(7, 56.2949884153, 79.875609108).
point(8, 52.9256810022, 90.9005475611).
point(9, 58.1204592272, 27.9366509293).
point(10, 98.0882710501, 80.0534439544).
point(11, 19.9447353826, 69.7417581541).
point(12, 0.6054105149, 50.0060964277).
point(13, 91.8071397563, 67.5138087531).
point(14, 18.6515051775, 14.2533662983).
point(15, 43.3833105528, 37.8537548943).
point(16, 45.7909448468, 20.8383793023).
point(17, 55.8676539712, 80.8706928207).
point(18, 97.2083638261, 73.0974498132).
point(19, 37.7304524012, 28.9012258039).
point(20, 61.6835891194, 91.8116783711).
point(21, 91.33969768, 97.9505311148).
point(22, 1.8449689431, 35.39111353).
point(23, 30.4626190397, 54.9581984838).
point(24, 14.5988000474, 70.5394686929).
point(25, 47.6083229887, 25.9464322257).
point(26, 94.2831813743, 90.1500779551).
point(27, 35.8589227948, 60.7134248456).
point(28, 56.2574757651, 74.7936508842).
point(29, 96.5918636027, 71.5730071065).
point(30, 62.5840924347, 23.0120838286).
cost(1, 2, 42).
cost(1, 3, 28).
cost(1, 4, 74).
cost(1, 5, 16).
cost(1, 6, 47).
cost(1, 7, 74).
cost(1, 8, 82).
cost(1, 9, 44).
cost(1, 10, 103).
cost(1, 11, 52).
cost(1, 12, 35).
cost(1, 13, 91).
cost(1, 14, 5).
cost(1, 15, 34).
cost(1, 16, 30).
cost(1, 17, 75).
cost(1, 18, 98).
cost(1, 19, 25).
cost(1, 20, 87).
cost(1, 21, 110).
cost(1, 22, 22).
cost(1, 23, 40).
cost(1, 24, 53).
cost(1, 25, 33).
cost(1, 26, 107).
cost(1, 27, 47).
cost(1, 28, 70).
cost(1, 29, 97).
cost(1, 30, 47).
cost(2, 1, 42).
cost(2, 3, 20).
cost(2, 4, 49).
cost(2, 5, 58).
cost(2, 6, 16).
cost(2, 7, 55).
cost(2, 8, 58).
cost(2, 9, 61).
cost(2, 10, 95).
cost(2, 11, 19).
cost(2, 12, 10).
cost(2, 13, 87).
cost(2, 14, 47).
cost(2, 15, 44).
cost(2, 16, 56).
cost(2, 17, 55).
cost(2, 18, 93).
cost(2, 19, 44).
cost(2, 20, 66).
cost(2, 21, 95).
cost(2, 22, 24).
cost(2, 23, 26).
cost(2, 24, 15).
cost(2, 25, 54).
cost(2, 26, 95).
cost(2, 27, 31).
cost(2, 28, 54).
cost(2, 29, 92).
cost(2, 30, 68).
cost(3, 1, 28).
cost(3, 2, 20).
cost(3, 4, 48).
cost(3, 5, 41).
cost(3, 6, 20).
cost(3, 7, 50).
cost(3, 8, 56).
cost(3, 9, 42).
cost(3, 10, 85).
cost(3, 11, 24).
cost(3, 12, 20).
cost(3, 13, 75).
cost(3, 14, 31).
cost(3, 15, 24).
cost(3, 16, 35).
cost(3, 17, 50).
cost(3, 18, 82).
cost(3, 19, 24).
cost(3, 20, 62).
cost(3, 21, 88).
cost(3, 22, 21).
cost(3, 23, 14).
cost(3, 24, 26).
cost(3, 25, 34).
cost(3, 26, 86).
cost(3, 27, 22).
cost(3, 28, 46).
cost(3, 29, 81).
cost(3, 30, 48).
cost(4, 1, 74).
cost(4, 2, 49).
cost(4, 3, 48).
cost(4, 5, 83).
cost(4, 6, 34).
cost(4, 7, 11).
cost(4, 8, 9).
cost(4, 9, 58).
cost(4, 10, 51).
cost(4, 11, 31).
cost(4, 12, 58).
cost(4, 13, 48).
cost(4, 14, 76).
cost(4, 15, 47).
cost(4, 16, 64).
cost(4, 17, 10).
cost(4, 18, 52).
cost(4, 19, 57).
cost(4, 20, 16).
cost(4, 21, 46).
cost(4, 22, 67).
cost(4, 23, 34).
cost(4, 24, 35).
cost(4, 25, 59).
cost(4, 26, 48).
cost(4, 27, 26).
cost(4, 28, 14).
cost(4, 29, 51).
cost(4, 30, 64).
cost(5, 1, 16).
cost(5, 2, 58).
cost(5, 3, 41).
cost(5, 4, 83).
cost(5, 6, 60).
cost(5, 7, 81).
cost(5, 8, 90).
cost(5, 9, 40).
cost(5, 10, 104).
cost(5, 11, 65).
cost(5, 12, 52).
cost(5, 13, 91).
cost(5, 14, 12).
cost(5, 15, 37).
cost(5, 16, 26).
cost(5, 17, 82).
cost(5, 18, 99).
cost(5, 19, 27).
cost(5, 20, 94).
cost(5, 21, 114).
cost(5, 22, 39).
cost(5, 23, 50).
cost(5, 24, 67).
cost(5, 25, 30).
cost(5, 26, 109).
cost(5, 27, 57).
cost(5, 28, 76).
cost(5, 29, 97).
cost(5, 30, 41).
cost(6, 1, 47).
cost(6, 2, 16).
cost(6, 3, 20).
cost(6, 4, 34).
cost(6, 5, 60).
cost(6, 7, 40).
cost(6, 8, 42).
cost(6, 9, 54).
cost(6, 10, 80).
cost(6, 11, 5).
cost(6, 12, 24).
cost(6, 13, 72).
cost(6, 14, 51).
cost(6, 15, 36).
cost(6, 16, 51).
cost(6, 17, 40).
cost(6, 18, 78).
cost(6, 19, 40).
cost(6, 20, 50).
cost(6, 21, 79).
cost(6, 22, 34).
cost(6, 23, 15).
cost(6, 24, 7).
cost(6, 25, 48).
cost(6, 26, 79).
cost(6, 27, 17).
cost(6, 28, 38).
cost(6, 29, 77).
cost(6, 30, 60).
cost(7, 1, 74).
cost(7, 2, 55).
cost(7, 3, 50).
cost(7, 4, 11).
cost(7, 5, 81).
cost(7, 6, 40).
cost(7, 8, 12).
cost(7, 9, 52).
cost(7, 10, 42).
cost(7, 11, 38).
cost(7, 12, 63).
cost(7, 13, 38).
cost(7, 14, 76).
cost(7, 15, 44).
cost(7, 16, 60).
cost(7, 17, 1).
cost(7, 18, 41).
cost(7, 19, 54).
cost(7, 20, 13).
cost(7, 21, 39).
cost(7, 22, 70).
cost(7, 23, 36).
cost(7, 24, 43).
cost(7, 25, 55).
cost(7, 26, 39).
cost(7, 27, 28).
cost(7, 28, 5).
cost(7, 29, 41).
cost(7, 30, 57).
cost(8, 1, 82).
cost(8, 2, 58).
cost(8, 3, 56).
cost(8, 4, 9).
cost(8, 5, 90).
cost(8, 6, 42).
cost(8, 7, 12).
cost(8, 9, 63).
cost(8, 10, 46).
cost(8, 11, 39).
cost(8, 12, 66).
cost(8, 13, 45).
cost(8, 14, 84).
cost(8, 15, 54).
cost(8, 16, 70).
cost(8, 17, 10).
cost(8, 18, 48).
cost(8, 19, 64).
cost(8, 20, 9).
cost(8, 21, 39).
cost(8, 22, 75).
cost(8, 23, 42).
cost(8, 24, 43).
cost(8, 25, 65).
cost(8, 26, 41).
cost(8, 27, 35).
cost(8, 28, 16).
cost(8, 29, 48).
cost(8, 30, 69).
cost(9, 1, 44).
cost(9, 2, 61).
cost(9, 3, 42).
cost(9, 4, 58).
cost(9, 5, 40).
cost(9, 6, 54).
cost(9, 7, 52).
cost(9, 8, 63).
cost(9, 10, 66).
cost(9, 11, 57).
cost(9, 12, 62).
cost(9, 13, 52).
cost(9, 14, 42).
cost(9, 15, 18).
cost(9, 16, 14).
cost(9, 17, 53).
cost(9, 18, 60).
cost(9, 19, 20).
cost(9, 20, 64).
cost(9, 21, 77).
cost(9, 22, 57).
cost(9, 23, 39).
cost(9, 24, 61).
cost(9, 25, 11).
cost(9, 26, 72).
cost(9, 27, 40).
cost(9, 28, 47).
cost(9, 29, 58).
cost(9, 30, 7).
cost(10, 1, 103).
cost(10, 2, 95).
cost(10, 3, 85).
cost(10, 4, 51).
cost(10, 5, 104).
cost(10, 6, 80).
cost(10, 7, 42).
cost(10, 8, 46).
cost(10, 9, 66).
cost(10, 11, 79).
cost(10, 12, 102).
cost(10, 13, 14).
cost(10, 14, 103).
cost(10, 15, 69).
cost(10, 16, 79).
cost(10, 17, 42).
cost(10, 18, 7).
cost(10, 19, 79).
cost(10, 20, 38).
cost(10, 21, 19).
cost(10, 22, 106).
cost(10, 23, 72).
cost(10, 24, 84).
cost(10, 25, 74).
cost(10, 26, 11).
cost(10, 27, 65).
cost(10, 28, 42).
cost(10, 29, 9).
cost(10, 30, 67).
cost(11, 1, 52).
cost(11, 2, 19).
cost(11, 3, 24).
cost(11, 4, 31).
cost(11, 5, 65).
cost(11, 6, 5).
cost(11, 7, 38).
cost(11, 8, 39).
cost(11, 9, 57).
cost(11, 10, 79).
cost(11, 12, 28).
cost(11, 13, 72).
cost(11, 14, 56).
cost(11, 15, 40).
cost(11, 16, 55).
cost(11, 17, 38).
cost(11, 18, 77).
cost(11, 19, 45).
cost(11, 20, 47).
cost(11, 21, 77).
cost(11, 22, 39).
cost(11, 23, 18).
cost(11, 24, 5).
cost(11, 25, 52).
cost(11, 26, 77).
cost(11, 27, 18).
cost(11, 28, 37).
cost(11, 29, 77).
cost(11, 30, 63).
cost(12, 1, 35).
cost(12, 2, 10).
cost(12, 3, 20).
cost(12, 4, 58).
cost(12, 5, 52).
cost(12, 6, 24).
cost(12, 7, 63).
cost(12, 8, 66).
cost(12, 9, 62).
cost(12, 10, 102).
cost(12, 11, 28).
cost(12, 13, 93).
cost(12, 14, 40).
cost(12, 15, 44).
cost(12, 16, 54).
cost(12, 17, 63).
cost(12, 18, 99).
cost(12, 19, 43).
cost(12, 20, 74).
cost(12, 21, 103).
cost(12, 22, 15).
cost(12, 23, 30).
cost(12, 24, 25).
cost(12, 25, 53).
cost(12, 26, 102).
cost(12, 27, 37).
cost(12, 28, 61).
cost(12, 29, 98).
cost(12, 30, 68).
cost(13, 1, 91).
cost(13, 2, 87).
cost(13, 3, 75).
cost(13, 4, 48).
cost(13, 5, 91).
cost(13, 6, 72).
cost(13, 7, 38).
cost(13, 8, 45).
cost(13, 9, 52).
cost(13, 10, 14).
cost(13, 11, 72).
cost(13, 12, 93).
cost(13, 14, 90).
cost(13, 15, 57).
cost(13, 16, 66).
cost(13, 17, 38).
cost(13, 18, 8).
cost(13, 19, 66).
cost(13, 20, 39).
cost(13, 21, 30).
cost(13, 22, 96).
cost(13, 23, 63).
cost(13, 24, 77).
cost(13, 25, 61).
cost(13, 26, 23).
cost(13, 27, 56).
cost(13, 28, 36).
cost(13, 29, 6).
cost(13, 30, 53).
cost(14, 1, 5).
cost(14, 2, 47).
cost(14, 3, 31).
cost(14, 4, 76).
cost(14, 5, 12).
cost(14, 6, 51).
cost(14, 7, 76).
cost(14, 8, 84).
cost(14, 9, 42).
cost(14, 10, 103).
cost(14, 11, 56).
cost(14, 12, 40).
cost(14, 13, 90).
cost(14, 15, 34).
cost(14, 16, 28).
cost(14, 17, 76).
cost(14, 18, 98).
cost(14, 19, 24).
cost(14, 20, 89).
cost(14, 21, 111).
cost(14, 22, 27).
cost(14, 23, 42).
cost(14, 24, 56).
cost(14, 25, 31).
cost(14, 26, 107).
cost(14, 27, 50).
cost(14, 28, 71).
cost(14, 29, 97).
cost(14, 30, 45).
cost(15, 1, 34).
cost(15, 2, 44).
cost(15, 3, 24).
cost(15, 4, 47).
cost(15, 5, 37).
cost(15, 6, 36).
cost(15, 7, 44).
cost(15, 8, 54).
cost(15, 9, 18).
cost(15, 10, 69).
cost(15, 11, 40).
cost(15, 12, 44).
cost(15, 13, 57).
cost(15, 14, 34).
cost(15, 16, 17).
cost(15, 17, 45).
cost(15, 18, 64).
cost(15, 19, 11).
cost(15, 20, 57).
cost(15, 21, 77).
cost(15, 22, 42).
cost(15, 23, 21).
cost(15, 24, 44).
cost(15, 25, 13).
cost(15, 26, 73).
cost(15, 27, 24).
cost(15, 28, 39).
cost(15, 29, 63).
cost(15, 30, 24).
cost(16, 1, 30).
cost(16, 2, 56).
cost(16, 3, 35).
cost(16, 4, 64).
cost(16, 5, 26).
cost(16, 6, 51).
cost(16, 7, 60).
cost(16, 8, 70).
cost(16, 9, 14).
cost(16, 10, 79).
cost(16, 11, 55).
cost(16, 12, 54).
cost(16, 13, 66).
cost(16, 14, 28).
cost(16, 15, 17).
cost(16, 17, 61).
cost(16, 18, 73).
cost(16, 19, 11).
cost(16, 20, 73).
cost(16, 21, 90).
cost(16, 22, 46).
cost(16, 23, 37).
cost(16, 24, 59).
cost(16, 25, 5).
cost(16, 26, 85).
cost(16, 27, 41).
cost(16, 28, 55).
cost(16, 29, 72).
cost(16, 30, 17).
cost(17, 1, 75).
cost(17, 2, 55).
cost(17, 3, 50).
cost(17, 4, 10).
cost(17, 5, 82).
cost(17, 6, 40).
cost(17, 7, 1).
cost(17, 8, 10).
cost(17, 9, 53).
cost(17, 10, 42).
cost(17, 11, 38).
cost(17, 12, 63).
cost(17, 13, 38).
cost(17, 14, 76).
cost(17, 15, 45).
cost(17, 16, 61).
cost(17, 18, 42).
cost(17, 19, 55).
cost(17, 20, 12).
cost(17, 21, 39).
cost(17, 22, 71).
cost(17, 23, 36).
cost(17, 24, 43).
cost(17, 25, 56).
cost(17, 26, 40).
cost(17, 27, 28).
cost(17, 28, 6).
cost(17, 29, 42).
cost(17, 30, 58).
cost(18, 1, 98).
cost(18, 2, 93).
cost(18, 3, 82).
cost(18, 4, 52).
cost(18, 5, 99).
cost(18, 6, 78).
cost(18, 7, 41).
cost(18, 8, 48).
cost(18, 9, 60).
cost(18, 10, 7).
cost(18, 11, 77).
cost(18, 12, 99).
cost(18, 13, 8).
cost(18, 14, 98).
cost(18, 15, 64).
cost(18, 16, 73).
cost(18, 17, 42).
cost(18, 19, 74).
cost(18, 20, 40).
cost(18, 21, 26).
cost(18, 22, 103).
cost(18, 23, 69).
cost(18, 24, 83).
cost(18, 25, 68).
cost(18, 26, 17).
cost(18, 27, 63).
cost(18, 28, 41).
cost(18, 29, 2).
cost(18, 30, 61).
cost(19, 1, 25).
cost(19, 2, 44).
cost(19, 3, 24).
cost(19, 4, 57).
cost(19, 5, 27).
cost(19, 6, 40).
cost(19, 7, 54).
cost(19, 8, 64).
cost(19, 9, 20).
cost(19, 10, 79).
cost(19, 11, 45).
cost(19, 12, 43).
cost(19, 13, 66).
cost(19, 14, 24).
cost(19, 15, 11).
cost(19, 16, 11).
cost(19, 17, 55).
cost(19, 18, 74).
cost(19, 20, 67).
cost(19, 21, 87).
cost(19, 22, 36).
cost(19, 23, 27).
cost(19, 24, 48).
cost(19, 25, 10).
cost(19, 26, 83).
cost(19, 27, 32).
cost(19, 28, 49).
cost(19, 29, 73).
cost(19, 30, 26).
cost(20, 1, 87).
cost(20, 2, 66).
cost(20, 3, 62).
cost(20, 4, 16).
cost(20, 5, 94).
cost(20, 6, 50).
cost(20, 7, 13).
cost(20, 8, 9).
cost(20, 9, 64).
cost(20, 10, 38).
cost(20, 11, 47).
cost(20, 12, 74).
cost(20, 13, 39).
cost(20, 14, 89).
cost(20, 15, 57).
cost(20, 16, 73).
cost(20, 17, 12).
cost(20, 18, 40).
cost(20, 19, 67).
cost(20, 21, 30).
cost(20, 22, 82).
cost(20, 23, 48).
cost(20, 24, 52).
cost(20, 25, 67).
cost(20, 26, 33).
cost(20, 27, 40).
cost(20, 28, 18).
cost(20, 29, 40).
cost(20, 30, 69).
cost(21, 1, 110).
cost(21, 2, 95).
cost(21, 3, 88).
cost(21, 4, 46).
cost(21, 5, 114).
cost(21, 6, 79).
cost(21, 7, 39).
cost(21, 8, 39).
cost(21, 9, 77).
cost(21, 10, 19).
cost(21, 11, 77).
cost(21, 12, 103).
cost(21, 13, 30).
cost(21, 14, 111).
cost(21, 15, 77).
cost(21, 16, 90).
cost(21, 17, 39).
cost(21, 18, 26).
cost(21, 19, 87).
cost(21, 20, 30).
cost(21, 22, 109).
cost(21, 23, 75).
cost(21, 24, 81).
cost(21, 25, 84).
cost(21, 26, 8).
cost(21, 27, 67).
cost(21, 28, 42).
cost(21, 29, 27).
cost(21, 30, 80).
cost(22, 1, 22).
cost(22, 2, 24).
cost(22, 3, 21).
cost(22, 4, 67).
cost(22, 5, 39).
cost(22, 6, 34).
cost(22, 7, 70).
cost(22, 8, 75).
cost(22, 9, 57).
cost(22, 10, 106).
cost(22, 11, 39).
cost(22, 12, 15).
cost(22, 13, 96).
cost(22, 14, 27).
cost(22, 15, 42).
cost(22, 16, 46).
cost(22, 17, 71).
cost(22, 18, 103).
cost(22, 19, 36).
cost(22, 20, 82).
cost(22, 21, 109).
cost(22, 23, 35).
cost(22, 24, 37).
cost(22, 25, 47).
cost(22, 26, 107).
cost(22, 27, 42).
cost(22, 28, 67).
cost(22, 29, 101).
cost(22, 30, 62).
cost(23, 1, 40).
cost(23, 2, 26).
cost(23, 3, 14).
cost(23, 4, 34).
cost(23, 5, 50).
cost(23, 6, 15).
cost(23, 7, 36).
cost(23, 8, 42).
cost(23, 9, 39).
cost(23, 10, 72).
cost(23, 11, 18).
cost(23, 12, 30).
cost(23, 13, 63).
cost(23, 14, 42).
cost(23, 15, 21).
cost(23, 16, 37).
cost(23, 17, 36).
cost(23, 18, 69).
cost(23, 19, 27).
cost(23, 20, 48).
cost(23, 21, 75).
cost(23, 22, 35).
cost(23, 24, 22).
cost(23, 25, 34).
cost(23, 26, 73).
cost(23, 27, 8).
cost(23, 28, 33).
cost(23, 29, 68).
cost(23, 30, 45).
cost(24, 1, 53).
cost(24, 2, 15).
cost(24, 3, 26).
cost(24, 4, 35).
cost(24, 5, 67).
cost(24, 6, 7).
cost(24, 7, 43).
cost(24, 8, 43).
cost(24, 9, 61).
cost(24, 10, 84).
cost(24, 11, 5).
cost(24, 12, 25).
cost(24, 13, 77).
cost(24, 14, 56).
cost(24, 15, 44).
cost(24, 16, 59).
cost(24, 17, 43).
cost(24, 18, 83).
cost(24, 19, 48).
cost(24, 20, 52).
cost(24, 21, 81).
cost(24, 22, 37).
cost(24, 23, 22).
cost(24, 25, 55).
cost(24, 26, 82).
cost(24, 27, 23).
cost(24, 28, 42).
cost(24, 29, 82).
cost(24, 30, 68).
cost(25, 1, 33).
cost(25, 2, 54).
cost(25, 3, 34).
cost(25, 4, 59).
cost(25, 5, 30).
cost(25, 6, 48).
cost(25, 7, 55).
cost(25, 8, 65).
cost(25, 9, 11).
cost(25, 10, 74).
cost(25, 11, 52).
cost(25, 12, 53).
cost(25, 13, 61).
cost(25, 14, 31).
cost(25, 15, 13).
cost(25, 16, 5).
cost(25, 17, 56).
cost(25, 18, 68).
cost(25, 19, 10).
cost(25, 20, 67).
cost(25, 21, 84).
cost(25, 22, 47).
cost(25, 23, 34).
cost(25, 24, 55).
cost(25, 26, 79).
cost(25, 27, 37).
cost(25, 28, 50).
cost(25, 29, 67).
cost(25, 30, 15).
cost(26, 1, 107).
cost(26, 2, 95).
cost(26, 3, 86).
cost(26, 4, 48).
cost(26, 5, 109).
cost(26, 6, 79).
cost(26, 7, 39).
cost(26, 8, 41).
cost(26, 9, 72).
cost(26, 10, 11).
cost(26, 11, 77).
cost(26, 12, 102).
cost(26, 13, 23).
cost(26, 14, 107).
cost(26, 15, 73).
cost(26, 16, 85).
cost(26, 17, 40).
cost(26, 18, 17).
cost(26, 19, 83).
cost(26, 20, 33).
cost(26, 21, 8).
cost(26, 22, 107).
cost(26, 23, 73).
cost(26, 24, 82).
cost(26, 25, 79).
cost(26, 27, 65).
cost(26, 28, 41).
cost(26, 29, 19).
cost(26, 30, 74).
cost(27, 1, 47).
cost(27, 2, 31).
cost(27, 3, 22).
cost(27, 4, 26).
cost(27, 5, 57).
cost(27, 6, 17).
cost(27, 7, 28).
cost(27, 8, 35).
cost(27, 9, 40).
cost(27, 10, 65).
cost(27, 11, 18).
cost(27, 12, 37).
cost(27, 13, 56).
cost(27, 14, 50).
cost(27, 15, 24).
cost(27, 16, 41).
cost(27, 17, 28).
cost(27, 18, 63).
cost(27, 19, 32).
cost(27, 20, 40).
cost(27, 21, 67).
cost(27, 22, 42).
cost(27, 23, 8).
cost(27, 24, 23).
cost(27, 25, 37).
cost(27, 26, 65).
cost(27, 28, 25).
cost(27, 29, 62).
cost(27, 30, 46).
cost(28, 1, 70).
cost(28, 2, 54).
cost(28, 3, 46).
cost(28, 4, 14).
cost(28, 5, 76).
cost(28, 6, 38).
cost(28, 7, 5).
cost(28, 8, 16).
cost(28, 9, 47).
cost(28, 10, 42).
cost(28, 11, 37).
cost(28, 12, 61).
cost(28, 13, 36).
cost(28, 14, 71).
cost(28, 15, 39).
cost(28, 16, 55).
cost(28, 17, 6).
cost(28, 18, 41).
cost(28, 19, 49).
cost(28, 20, 18).
cost(28, 21, 42).
cost(28, 22, 67).
cost(28, 23, 33).
cost(28, 24, 42).
cost(28, 25, 50).
cost(28, 26, 41).
cost(28, 27, 25).
cost(28, 29, 40).
cost(28, 30, 52).
cost(29, 1, 97).
cost(29, 2, 92).
cost(29, 3, 81).
cost(29, 4, 51).
cost(29, 5, 97).
cost(29, 6, 77).
cost(29, 7, 41).
cost(29, 8, 48).
cost(29, 9, 58).
cost(29, 10, 9).
cost(29, 11, 77).
cost(29, 12, 98).
cost(29, 13, 6).
cost(29, 14, 97).
cost(29, 15, 63).
cost(29, 16, 72).
cost(29, 17, 42).
cost(29, 18, 2).
cost(29, 19, 73).
cost(29, 20, 40).
cost(29, 21, 27).
cost(29, 22, 101).
cost(29, 23, 68).
cost(29, 24, 82).
cost(29, 25, 67).
cost(29, 26, 19).
cost(29, 27, 62).
cost(29, 28, 40).
cost(29, 30, 59).
cost(30, 1, 47).
cost(30, 2, 68).
cost(30, 3, 48).
cost(30, 4, 64).
cost(30, 5, 41).
cost(30, 6, 60).
cost(30, 7, 57).
cost(30, 8, 69).
cost(30, 9, 7).
cost(30, 10, 67).
cost(30, 11, 63).
cost(30, 12, 68).
cost(30, 13, 53).
cost(30, 14, 45).
cost(30, 15, 24).
cost(30, 16, 17).
cost(30, 17, 58).
cost(30, 18, 61).
cost(30, 19, 26).
cost(30, 20, 69).
cost(30, 21, 80).
cost(30, 22, 62).
cost(30, 23, 45).
cost(30, 24, 68).
cost(30, 25, 15).
cost(30, 26, 74).
cost(30, 27, 46).
cost(30, 28, 52).
cost(30, 29, 59).
