dimension(30).
point(1, 54.5383920339, 51.5742741576).
point(2, 94.5870941766, 10.8296504108).
point(3, 22.4709794705, 97.2892468472).
point(4, 39.1834058277, 72.6888531397).
point(5, 83.9444536654, 12.0314291982).
point(6, 83.513053451, 64.1979565479).
point(7, 95.1629212966, 27.0568535718).
point(8, 83.1510230512, 6.3234682327).
point(9, 36.7277258616, 98.4125743782).
point(10, 3.4621274178, 73.6414133182).
point(11, 61.0348465301, 66.6054572681).
point(12, 82.3837518391, 54.5834598768).
point(13, 5.0337252099, 37.3593151491).
point(14, 29.2477454662, 94.7752886801).
point(15, 63.0271253765, 79.8161775273).
point(16, 25.8320464444, 78.3852454099).
point(17, 57.5779485686, 21.5709295236).
point(18, 65.5403396961, 38.2030769653).
point(19, 12.9665861904, 62.8821313599).
point(20, 51.2897630561, 92.2533551023).
point(21, 96.470540484, 9.8398596526).
point(22, 79.9447279337, 34.4581102471).
point(23, 11.4030477822, 55.7718587348).
point(24, 23.0050506052, 82.3781331005).
point(25, 57.9096963434, 85.075175629).
point(26, 29.2764888946, 88.5251163641).
point(27, 31.9318929385, 89.6604273682).
point(28, 92.5686945651, 29.0205119552).
point(29, 37.3426585138, 40.4307710244).
point(30, 53.4346821613, 27.2221508786).
cost(1, 2, 57).
cost(1, 3, 56).
cost(1, 4, 26).
cost(1, 5, 49).
cost(1, 6, 32).
cost(1, 7, 47).
cost(1, 8, 54).
cost(1, 9, 50).
cost(1, 10, 56).
cost(1, 11, 16).
cost(1, 12, 28).
cost(1, 13, 52).
cost(1, 14, 50).
cost(1, 15, 29).
cost(1, 16, 39).
cost(1, 17, 30).
cost(1, 18, 17).
cost(1, 19, 43).
cost(1, 20, 41).
cost(1, 21, 59).
cost(1, 22, 31).
cost(1, 23, 43).
cost(1, 24, 44).
cost(1, 25, 34).
cost(1, 26, 45).
cost(1, 27, 44).
cost(1, 28, 44).
cost(1, 29, 20).
cost(1, 30, 24).
cost(2, 1, 57).
cost(2, 3, 113).
cost(2, 4, 83).
cost(2, 5, 11).
cost(2, 6, 55).
cost(2, 7, 16).
cost(2, 8, 12).
cost(2, 9, 105).
cost(2, 10, 111).
cost(2, 11, 65).
cost(2, 12, 45).
cost(2, 13, 93).
cost(2, 14, 106).
cost(2, 15, 76).
cost(2, 16, 96).
cost(2, 17, 39).
cost(2, 18, 40).
cost(2, 19, 97).
cost(2, 20, 92).
cost(2, 21, 2).
cost(2, 22, 28).
cost(2, 23, 95).
cost(2, 24, 101).
cost(2, 25, 83).
cost(2, 26, 101).
cost(2, 27, 101).
cost(2, 28, 18).
cost(2, 29, 64).
cost(2, 30, 44).
cost(3, 1, 56).
cost(3, 2, 113).
cost(3, 4, 30).
cost(3, 5, 105).
cost(3, 6, 69).
cost(3, 7, 101).
cost(3, 8, 109).
cost(3, 9, 14).
cost(3, 10, 30).
cost(3, 11, 49).
cost(3, 12, 74).
cost(3, 13, 62).
cost(3, 14, 7).
cost(3, 15, 44).
cost(3, 16, 19).
cost(3, 17, 83).
cost(3, 18, 73).
cost(3, 19, 36).
cost(3, 20, 29).
cost(3, 21, 115).
cost(3, 22, 85).
cost(3, 23, 43).
cost(3, 24, 15).
cost(3, 25, 37).
cost(3, 26, 11).
cost(3, 27, 12).
cost(3, 28, 98).
cost(3, 29, 59).
cost(3, 30, 77).
cost(4, 1, 26).
cost(4, 2, 83).
cost(4, 3, 30).
cost(4, 5, 75).
cost(4, 6, 45).
cost(4, 7, 72).
cost(4, 8, 80).
cost(4, 9, 26).
cost(4, 10, 36).
cost(4, 11, 23).
cost(4, 12, 47).
cost(4, 13, 49).
cost(4, 14, 24).
cost(4, 15, 25).
cost(4, 16, 15).
cost(4, 17, 54).
cost(4, 18, 43).
cost(4, 19, 28).
cost(4, 20, 23).
cost(4, 21, 85).
cost(4, 22, 56).
cost(4, 23, 33).
cost(4, 24, 19).
cost(4, 25, 22).
cost(4, 26, 19).
cost(4, 27, 18).
cost(4, 28, 69).
cost(4, 29, 32).
cost(4, 30, 48).
cost(5, 1, 49).
cost(5, 2, 11).
cost(5, 3, 105).
cost(5, 4, 75).
cost(5, 6, 52).
cost(5, 7, 19).
cost(5, 8, 6).
cost(5, 9, 98).
cost(5, 10, 101).
cost(5, 11, 59).
cost(5, 12, 43).
cost(5, 13, 83).
cost(5, 14, 99).
cost(5, 15, 71).
cost(5, 16, 88).
cost(5, 17, 28).
cost(5, 18, 32).
cost(5, 19, 87).
cost(5, 20, 87).
cost(5, 21, 13).
cost(5, 22, 23).
cost(5, 23, 85).
cost(5, 24, 93).
cost(5, 25, 78).
cost(5, 26, 94).
cost(5, 27, 93).
cost(5, 28, 19).
cost(5, 29, 55).
cost(5, 30, 34).
cost(6, 1, 32).
cost(6, 2, 55).
cost(6, 3, 69).
cost(6, 4, 45).
cost(6, 5, 52).
cost(6, 7, 39).
cost(6, 8, 58).
cost(6, 9, 58).
cost(6, 10, 81).
cost(6, 11, 23).
cost(6, 12, 10).
cost(6, 13, 83).
cost(6, 14, 62).
cost(6, 15, 26).
cost(6, 16, 59).
cost(6, 17, 50).
cost(6, 18, 32).
cost(6, 19, 71).
cost(6, 20, 43).
cost(6, 21, 56).
cost(6, 22, 30).
cost(6, 23, 73).
cost(6, 24, 63).
cost(6, 25, 33).
cost(6, 26, 59).
cost(6, 27, 58).
cost(6, 28, 36).
cost(6, 29, 52).
cost(6, 30, 48).
cost(7, 1, 47).
cost(7, 2, 16).
cost(7, 3, 101).
cost(7, 4, 72).
cost(7, 5, 19).
cost(7, 6, 39).
cost(7, 8, 24).
cost(7, 9, 92).
cost(7, 10, 103).
cost(7, 11, 52).
cost(7, 12, 30).
cost(7, 13, 91).
cost(7, 14, 95).
cost(7, 15, 62).
cost(7, 16, 86).
cost(7, 17, 38).
cost(7, 18, 32).
cost(7, 19, 90).
cost(7, 20, 79).
cost(7, 21, 17).
cost(7, 22, 17).
cost(7, 23, 89).
cost(7, 24, 91).
cost(7, 25, 69).
cost(7, 26, 90).
cost(7, 27, 89).
cost(7, 28, 3).
cost(7, 29, 59).
cost(7, 30, 42).
cost(8, 1, 54).
cost(8, 2, 12).
cost(8, 3, 109).
cost(8, 4, 80).
cost(8, 5, 6).
cost(8, 6, 58).
cost(8, 7, 24).
cost(8, 9, 103).
cost(8, 10, 104).
cost(8, 11, 64).
cost(8, 12, 48).
cost(8, 13, 84).
cost(8, 14, 104).
cost(8, 15, 76).
cost(8, 16, 92).
cost(8, 17, 30).
cost(8, 18, 36).
cost(8, 19, 90).
cost(8, 20, 92).
cost(8, 21, 14).
cost(8, 22, 28).
cost(8, 23, 87).
cost(8, 24, 97).
cost(8, 25, 83).
cost(8, 26, 98).
cost(8, 27, 98).
cost(8, 28, 25).
cost(8, 29, 57).
cost(8, 30, 36).
cost(9, 1, 50).
cost(9, 2, 105).
cost(9, 3, 14).
cost(9, 4, 26).
cost(9, 5, 98).
cost(9, 6, 58).
cost(9, 7, 92).
cost(9, 8, 103).
cost(9, 10, 41).
cost(9, 11, 40).
cost(9, 12, 63).
cost(9, 13, 69).
cost(9, 14, 8).
cost(9, 15, 32).
cost(9, 16, 23).
cost(9, 17, 80).
cost(9, 18, 67).
cost(9, 19, 43).
cost(9, 20, 16).
cost(9, 21, 107).
cost(9, 22, 77).
cost(9, 23, 50).
cost(9, 24, 21).
cost(9, 25, 25).
cost(9, 26, 12).
cost(9, 27, 10).
cost(9, 28, 89).
cost(9, 29, 58).
cost(9, 30, 73).
cost(10, 1, 56).
cost(10, 2, 111).
cost(10, 3, 30).
cost(10, 4, 36).
cost(10, 5, 101).
cost(10, 6, 81).
cost(10, 7, 103).
cost(10, 8, 104).
cost(10, 9, 41).
cost(10, 11, 58).
cost(10, 12, 81).
cost(10, 13, 36).
cost(10, 14, 33).
cost(10, 15, 60).
cost(10, 16, 23).
cost(10, 17, 75).
cost(10, 18, 71).
cost(10, 19, 14).
cost(10, 20, 51).
cost(10, 21, 113).
cost(10, 22, 86).
cost(10, 23, 20).
cost(10, 24, 21).
cost(10, 25, 56).
cost(10, 26, 30).
cost(10, 27, 33).
cost(10, 28, 100).
cost(10, 29, 47).
cost(10, 30, 68).
cost(11, 1, 16).
cost(11, 2, 65).
cost(11, 3, 49).
cost(11, 4, 23).
cost(11, 5, 59).
cost(11, 6, 23).
cost(11, 7, 52).
cost(11, 8, 64).
cost(11, 9, 40).
cost(11, 10, 58).
cost(11, 12, 25).
cost(11, 13, 63).
cost(11, 14, 42).
cost(11, 15, 13).
cost(11, 16, 37).
cost(11, 17, 45).
cost(11, 18, 29).
cost(11, 19, 48).
cost(11, 20, 27).
cost(11, 21, 67).
cost(11, 22, 37).
cost(11, 23, 51).
cost(11, 24, 41).
cost(11, 25, 19).
cost(11, 26, 39).
cost(11, 27, 37).
cost(11, 28, 49).
cost(11, 29, 35).
cost(11, 30, 40).
cost(12, 1, 28).
cost(12, 2, 45).
cost(12, 3, 74).
cost(12, 4, 47).
cost(12, 5, 43).
cost(12, 6, 10).
cost(12, 7, 30).
cost(12, 8, 48).
cost(12, 9, 63).
cost(12, 10, 81).
cost(12, 11, 25).
cost(12, 13, 79).
cost(12, 14, 67).
cost(12, 15, 32).
cost(12, 16, 61).
cost(12, 17, 41).
cost(12, 18, 23).
cost(12, 19, 70).
cost(12, 20, 49).
cost(12, 21, 47).
cost(12, 22, 20).
cost(12, 23, 71).
cost(12, 24, 66).
cost(12, 25, 39).
cost(12, 26, 63).
cost(12, 27, 61).
cost(12, 28, 28).
cost(12, 29, 47).
cost(12, 30, 40).
cost(13, 1, 52).
cost(13, 2, 93).
cost(13, 3, 62).
cost(13, 4, 49).
cost(13, 5, 83).
cost(13, 6, 83).
cost(13, 7, 91).
cost(13, 8, 84).
cost(13, 9, 69).
cost(13, 10, 36).
cost(13, 11, 63).
cost(13, 12, 79).
cost(13, 14, 62).
cost(13, 15, 72).
cost(13, 16, 46).
cost(13, 17, 55).
cost(13, 18, 61).
cost(13, 19, 27).
cost(13, 20, 72).
cost(13, 21, 95).
cost(13, 22, 75).
cost(13, 23, 19).
cost(13, 24, 48).
cost(13, 25, 71).
cost(13, 26, 57).
cost(13, 27, 59).
cost(13, 28, 88).
cost(13, 29, 32).
cost(13, 30, 49).
cost(14, 1, 50).
cost(14, 2, 106).
cost(14, 3, 7).
cost(14, 4, 24).
cost(14, 5, 99).
cost(14, 6, 62).
cost(14, 7, 95).
cost(14, 8, 104).
cost(14, 9, 8).
cost(14, 10, 33).
cost(14, 11, 42).
cost(14, 12, 67).
cost(14, 13, 62).
cost(14, 15, 37).
cost(14, 16, 17).
cost(14, 17, 78).
cost(14, 18, 67).
cost(14, 19, 36).
cost(14, 20, 22).
cost(14, 21, 108).
cost(14, 22, 79).
cost(14, 23, 43).
cost(14, 24, 14).
cost(14, 25, 30).
cost(14, 26, 6).
cost(14, 27, 6).
cost(14, 28, 91).
cost(14, 29, 55).
cost(14, 30, 72).
cost(15, 1, 29).
cost(15, 2, 76).
cost(15, 3, 44).
cost(15, 4, 25).
cost(15, 5, 71).
cost(15, 6, 26).
cost(15, 7, 62).
cost(15, 8, 76).
cost(15, 9, 32).
cost(15, 10, 60).
cost(15, 11, 13).
cost(15, 12, 32).
cost(15, 13, 72).
cost(15, 14, 37).
cost(15, 16, 37).
cost(15, 17, 58).
cost(15, 18, 42).
cost(15, 19, 53).
cost(15, 20, 17).
cost(15, 21, 78).
cost(15, 22, 48).
cost(15, 23, 57).
cost(15, 24, 40).
cost(15, 25, 7).
cost(15, 26, 35).
cost(15, 27, 33).
cost(15, 28, 59).
cost(15, 29, 47).
cost(15, 30, 53).
cost(16, 1, 39).
cost(16, 2, 96).
cost(16, 3, 19).
cost(16, 4, 15).
cost(16, 5, 88).
cost(16, 6, 59).
cost(16, 7, 86).
cost(16, 8, 92).
cost(16, 9, 23).
cost(16, 10, 23).
cost(16, 11, 37).
cost(16, 12, 61).
cost(16, 13, 46).
cost(16, 14, 17).
cost(16, 15, 37).
cost(16, 17, 65).
cost(16, 18, 56).
cost(16, 19, 20).
cost(16, 20, 29).
cost(16, 21, 98).
cost(16, 22, 70).
cost(16, 23, 27).
cost(16, 24, 5).
cost(16, 25, 33).
cost(16, 26, 11).
cost(16, 27, 13).
cost(16, 28, 83).
cost(16, 29, 40).
cost(16, 30, 58).
cost(17, 1, 30).
cost(17, 2, 39).
cost(17, 3, 83).
cost(17, 4, 54).
cost(17, 5, 28).
cost(17, 6, 50).
cost(17, 7, 38).
cost(17, 8, 30).
cost(17, 9, 80).
cost(17, 10, 75).
cost(17, 11, 45).
cost(17, 12, 41).
cost(17, 13, 55).
cost(17, 14, 78).
cost(17, 15, 58).
cost(17, 16, 65).
cost(17, 18, 18).
cost(17, 19, 61).
cost(17, 20, 71).
cost(17, 21, 41).
cost(17, 22, 26).
cost(17, 23, 57).
cost(17, 24, 70).
cost(17, 25, 64).
cost(17, 26, 73).
cost(17, 27, 73).
cost(17, 28, 36).
cost(17, 29, 28).
cost(17, 30, 7).
cost(18, 1, 17).
cost(18, 2, 40).
cost(18, 3, 73).
cost(18, 4, 43).
cost(18, 5, 32).
cost(18, 6, 32).
cost(18, 7, 32).
cost(18, 8, 36).
cost(18, 9, 67).
cost(18, 10, 71).
cost(18, 11, 29).
cost(18, 12, 23).
cost(18, 13, 61).
cost(18, 14, 67).
cost(18, 15, 42).
cost(18, 16, 56).
cost(18, 17, 18).
cost(18, 19, 58).
cost(18, 20, 56).
cost(18, 21, 42).
cost(18, 22, 15).
cost(18, 23, 57).
cost(18, 24, 61).
cost(18, 25, 47).
cost(18, 26, 62).
cost(18, 27, 61).
cost(18, 28, 29).
cost(18, 29, 28).
cost(18, 30, 16).
cost(19, 1, 43).
cost(19, 2, 97).
cost(19, 3, 36).
cost(19, 4, 28).
cost(19, 5, 87).
cost(19, 6, 71).
cost(19, 7, 90).
cost(19, 8, 90).
cost(19, 9, 43).
cost(19, 10, 14).
cost(19, 11, 48).
cost(19, 12, 70).
cost(19, 13, 27).
cost(19, 14, 36).
cost(19, 15, 53).
cost(19, 16, 20).
cost(19, 17, 61).
cost(19, 18, 58).
cost(19, 20, 48).
cost(19, 21, 99).
cost(19, 22, 73).
cost(19, 23, 7).
cost(19, 24, 22).
cost(19, 25, 50).
cost(19, 26, 30).
cost(19, 27, 33).
cost(19, 28, 87).
cost(19, 29, 33).
cost(19, 30, 54).
cost(20, 1, 41).
cost(20, 2, 92).
cost(20, 3, 29).
cost(20, 4, 23).
cost(20, 5, 87).
cost(20, 6, 43).
cost(20, 7, 79).
cost(20, 8, 92).
cost(20, 9, 16).
cost(20, 10, 51).
cost(20, 11, 27).
cost(20, 12, 49).
cost(20, 13, 72).
cost(20, 14, 22).
cost(20, 15, 17).
cost(20, 16, 29).
cost(20, 17, 71).
cost(20, 18, 56).
cost(20, 19, 48).
cost(20, 21, 94).
cost(20, 22, 65).
cost(20, 23, 54).
cost(20, 24, 30).
cost(20, 25, 10).
cost(20, 26, 22).
cost(20, 27, 20).
cost(20, 28, 76).
cost(20, 29, 54).
cost(20, 30, 65).
cost(21, 1, 59).
cost(21, 2, 2).
cost(21, 3, 115).
cost(21, 4, 85).
cost(21, 5, 13).
cost(21, 6, 56).
cost(21, 7, 17).
cost(21, 8, 14).
cost(21, 9, 107).
cost(21, 10, 113).
cost(21, 11, 67).
cost(21, 12, 47).
cost(21, 13, 95).
cost(21, 14, 108).
cost(21, 15, 78).
cost(21, 16, 98).
cost(21, 17, 41).
cost(21, 18, 42).
cost(21, 19, 99).
cost(21, 20, 94).
cost(21, 22, 30).
cost(21, 23, 97).
cost(21, 24, 103).
cost(21, 25, 85).
cost(21, 26, 103).
cost(21, 27, 103).
cost(21, 28, 20).
cost(21, 29, 67).
cost(21, 30, 46).
cost(22, 1, 31).
cost(22, 2, 28).
cost(22, 3, 85).
cost(22, 4, 56).
cost(22, 5, 23).
cost(22, 6, 30).
cost(22, 7, 17).
cost(22, 8, 28).
cost(22, 9, 77).
cost(22, 10, 86).
cost(22, 11, 37).
cost(22, 12, 20).
cost(22, 13, 75).
cost(22, 14, 79).
cost(22, 15, 48).
cost(22, 16, 70).
cost(22, 17, 26).
cost(22, 18, 15).
cost(22, 19, 73).
cost(22, 20, 65).
cost(22, 21, 30).
cost(22, 23, 72).
cost(22, 24, 74).
cost(22, 25, 55).
cost(22, 26, 74).
cost(22, 27, 73).
cost(22, 28, 14).
cost(22, 29, 43).
cost(22, 30, 27).
cost(23, 1, 43).
cost(23, 2, 95).
cost(23, 3, 43).
cost(23, 4, 33).
cost(23, 5, 85).
cost(23, 6, 73).
cost(23, 7, 89).
cost(23, 8, 87).
cost(23, 9, 50).
cost(23, 10, 20).
cost(23, 11, 51).
cost(23, 12, 71).
cost(23, 13, 19).
cost(23, 14, 43).
cost(23, 15, 57).
cost(23, 16, 27).
cost(23, 17, 57).
cost(23, 18, 57).
cost(23, 19, 7).
cost(23, 20, 54).
cost(23, 21, 97).
cost(23, 22, 72).
cost(23, 24, 29).
cost(23, 25, 55).
cost(23, 26, 37).
cost(23, 27, 40).
cost(23, 28, 85).
cost(23, 29, 30).
cost(23, 30, 51).
cost(24, 1, 44).
cost(24, 2, 101).
cost(24, 3, 15).
cost(24, 4, 19).
cost(24, 5, 93).
cost(24, 6, 63).
cost(24, 7, 91).
cost(24, 8, 97).
cost(24, 9, 21).
cost(24, 10, 21).
cost(24, 11, 41).
cost(24, 12, 66).
cost(24, 13, 48).
cost(24, 14, 14).
cost(24, 15, 40).
cost(24, 16, 5).
cost(24, 17, 70).
cost(24, 18, 61).
cost(24, 19, 22).
cost(24, 20, 30).
cost(24, 21, 103).
cost(24, 22, 74).
cost(24, 23, 29).
cost(24, 25, 35).
cost(24, 26, 9).
cost(24, 27, 12).
cost(24, 28, 88).
cost(24, 29, 44).
cost(24, 30, 63).
cost(25, 1, 34).
cost(25, 2, 83).
cost(25, 3, 37).
cost(25, 4, 22).
cost(25, 5, 78).
cost(25, 6, 33).
cost(25, 7, 69).
cost(25, 8, 83).
cost(25, 9, 25).
cost(25, 10, 56).
cost(25, 11, 19).
cost(25, 12, 39).
cost(25, 13, 71).
cost(25, 14, 30).
cost(25, 15, 7).
cost(25, 16, 33).
cost(25, 17, 64).
cost(25, 18, 47).
cost(25, 19, 50).
cost(25, 20, 10).
cost(25, 21, 85).
cost(25, 22, 55).
cost(25, 23, 55).
cost(25, 24, 35).
cost(25, 26, 29).
cost(25, 27, 26).
cost(25, 28, 66).
cost(25, 29, 49).
cost(25, 30, 58).
cost(26, 1, 45).
cost(26, 2, 101).
cost(26, 3, 11).
cost(26, 4, 19).
cost(26, 5, 94).
cost(26, 6, 59).
cost(26, 7, 90).
cost(26, 8, 98).
cost(26, 9, 12).
cost(26, 10, 30).
cost(26, 11, 39).
cost(26, 12, 63).
cost(26, 13, 57).
cost(26, 14, 6).
cost(26, 15, 35).
cost(26, 16, 11).
cost(26, 17, 73).
cost(26, 18, 62).
cost(26, 19, 30).
cost(26, 20, 22).
cost(26, 21, 103).
cost(26, 22, 74).
cost(26, 23, 37).
cost(26, 24, 9).
cost(26, 25, 29).
cost(26, 27, 3).
cost(26, 28, 87).
cost(26, 29, 49).
cost(26, 30, 66).
cost(27, 1, 44).
cost(27, 2, 101).
cost(27, 3, 12).
cost(27, 4, 18).
cost(27, 5, 93).
cost(27, 6, 58).
cost(27, 7, 89).
cost(27, 8, 98).
cost(27, 9, 10).
cost(27, 10, 33).
cost(27, 11, 37).
cost(27, 12, 61).
cost(27, 13, 59).
cost(27, 14, 6).
cost(27, 15, 33).
cost(27, 16, 13).
cost(27, 17, 73).
cost(27, 18, 61).
cost(27, 19, 33).
cost(27, 20, 20).
cost(27, 21, 103).
cost(27, 22, 73).
cost(27, 23, 40).
cost(27, 24, 12).
cost(27, 25, 26).
cost(27, 26, 3).
cost(27, 28, 86).
cost(27, 29, 50).
cost(27, 30, 66).
cost(28, 1, 44).
cost(28, 2, 18).
cost(28, 3, 98).
cost(28, 4, 69).
cost(28, 5, 19).
cost(28, 6, 36).
cost(28, 7, 3).
cost(28, 8, 25).
cost(28, 9, 89).
cost(28, 10, 100).
cost(28, 11, 49).
cost(28, 12, 28).
cost(28, 13, 88).
cost(28, 14, 91).
cost(28, 15, 59).
cost(28, 16, 83).
cost(28, 17, 36).
cost(28, 18, 29).
cost(28, 19, 87).
cost(28, 20, 76).
cost(28, 21, 20).
cost(28, 22, 14).
cost(28, 23, 85).
cost(28, 24, 88).
cost(28, 25, 66).
cost(28, 26, 87).
cost(28, 27, 86).
cost(28, 29, 56).
cost(28, 30, 39).
cost(29, 1, 20).
cost(29, 2, 64).
cost(29, 3, 59).
cost(29, 4, 32).
cost(29, 5, 55).
cost(29, 6, 52).
cost(29, 7, 59).
cost(29, 8, 57).
cost(29, 9, 58).
cost(29, 10, 47).
cost(29, 11, 35).
cost(29, 12, 47).
cost(29, 13, 32).
cost(29, 14, 55).
cost(29, 15, 47).
cost(29, 16, 40).
cost(29, 17, 28).
cost(29, 18, 28).
cost(29, 19, 33).
cost(29, 20, 54).
cost(29, 21, 67).
cost(29, 22, 43).
cost(29, 23, 30).
cost(29, 24, 44).
cost(29, 25, 49).
cost(29, 26, 49).
cost(29, 27, 50).
cost(29, 28, 56).
cost(29, 30, 21).
cost(30, 1, 24).
cost(30, 2, 44).
cost(30, 3, 77).
cost(30, 4, 48).
cost(30, 5, 34).
cost(30, 6, 48).
cost(30, 7, 42).
cost(30, 8, 36).
cost(30, 9, 73).
cost(30, 10, 68).
cost(30, 11, 40).
cost(30, 12, 40).
cost(30, 13, 49).
cost(30, 14, 72).
cost(30, 15, 53).
cost(30, 16, 58).
cost(30, 17, 7).
cost(30, 18, 16).
cost(30, 19, 54).
cost(30, 20, 65).
cost(30, 21, 46).
cost(30, 22, 27).
cost(30, 23, 51).
cost(30, 24, 63).
cost(30, 25, 58).
cost(30, 26, 66).
cost(30, 27, 66).
cost(30, 28, 39).
cost(30, 29, 21).
