dimension(30).
point(1, 19.3509077008, 8.8812613454).
point(2, 61.9822999353, 12.055887028).
point(3, 64.6589155321, 78.4308347014).
point(4, 18.2432670923, 68.1013114183).
point(5, 90.8076167054, 54.2295521571).
point(6, 88.5609568068, 60.9719782235).
point(7, 9.649221254, 70.8525565245).
point(8, 71.3992966551, 20.6852426837).
point(9, 63.3126060101, 63.1020360158).
point(10, 51.5598031681, 10.4828106456).
point(11, 63.7697143225, 90.6137182415).
point(12, 23.2445872993, 30.1109709048).
point(13, 62.1833129979, 6.2184501156).
point(14, 21.1466938522, 20.5743354432).
point(15, 54.4915893322, 86.4370151963).
point(16, 86.5462644511, 74.1690805034).
point(17, 85.5811882584, 91.3795917284).
point(18, 23.4263374402, 35.7499644011).
point(19, 41.560427439, 41.7855078092).
point(20, 5.0157095934, 68.2357948295).
point(21, 57.9491502754, 0.8712367373).
point(22, 43.4802969994, 0.8287684125).
point(23, 84.0840344581, 66.624190749).
point(24, 10.6551047874, 68.3875653203).
point(25, 31.7938178535, 29.2157131835).
point(26, 57.9505957099, 78.7377897442).
point(27, 13.9536275003, 64.7202853456).
point(28, 53.2073640401, 90.836528796).
point(29, 92.1199052326, 60.0363634095).
point(30, 10.3145753488, 59.1991401834).
cost(1, 2, 43).
cost(1, 3, 83).
cost(1, 4, 59).
cost(1, 5, 85).
cost(1, 6, 87).
cost(1, 7, 63).
cost(1, 8, 53).
cost(1, 9, 70).
cost(1, 10, 32).
cost(1, 11, 93).
cost(1, 12, 22).
cost(1, 13, 43).
cost(1, 14, 12).
cost(1, 15, 85).
cost(1, 16, 94).
cost(1, 17, 106).
cost(1, 18, 27).
cost(1, 19, 40).
cost(1, 20, 61).
cost(1, 21, 39).
cost(1, 22, 25).
cost(1, 23, 87).
cost(1, 24, 60).
cost(1, 25, 24).
cost(1, 26, 80).
cost(1, 27, 56).
cost(1, 28, 89).
cost(1, 29, 89).
cost(1, 30, 51).
cost(2, 1, 43).
cost(2, 3, 66).
cost(2, 4, 71).
cost(2, 5, 51).
cost(2, 6, 56).
cost(2, 7, 79).
cost(2, 8, 13).
cost(2, 9, 51).
cost(2, 10, 11).
cost(2, 11, 79).
cost(2, 12, 43).
cost(2, 13, 6).
cost(2, 14, 42).
cost(2, 15, 75).
cost(2, 16, 67).
cost(2, 17, 83).
cost(2, 18, 45).
cost(2, 19, 36).
cost(2, 20, 80).
cost(2, 21, 12).
cost(2, 22, 22).
cost(2, 23, 59).
cost(2, 24, 76).
cost(2, 25, 35).
cost(2, 26, 67).
cost(2, 27, 71).
cost(2, 28, 79).
cost(2, 29, 57).
cost(2, 30, 70).
cost(3, 1, 83).
cost(3, 2, 66).
cost(3, 4, 48).
cost(3, 5, 36).
cost(3, 6, 30).
cost(3, 7, 56).
cost(3, 8, 58).
cost(3, 9, 15).
cost(3, 10, 69).
cost(3, 11, 12).
cost(3, 12, 64).
cost(3, 13, 72).
cost(3, 14, 72).
cost(3, 15, 13).
cost(3, 16, 22).
cost(3, 17, 25).
cost(3, 18, 59).
cost(3, 19, 43).
cost(3, 20, 61).
cost(3, 21, 78).
cost(3, 22, 80).
cost(3, 23, 23).
cost(3, 24, 55).
cost(3, 25, 59).
cost(3, 26, 7).
cost(3, 27, 53).
cost(3, 28, 17).
cost(3, 29, 33).
cost(3, 30, 58).
cost(4, 1, 59).
cost(4, 2, 71).
cost(4, 3, 48).
cost(4, 5, 74).
cost(4, 6, 71).
cost(4, 7, 9).
cost(4, 8, 71).
cost(4, 9, 45).
cost(4, 10, 67).
cost(4, 11, 51).
cost(4, 12, 38).
cost(4, 13, 76).
cost(4, 14, 48).
cost(4, 15, 41).
cost(4, 16, 69).
cost(4, 17, 71).
cost(4, 18, 33).
cost(4, 19, 35).
cost(4, 20, 13).
cost(4, 21, 78).
cost(4, 22, 72).
cost(4, 23, 66).
cost(4, 24, 8).
cost(4, 25, 41).
cost(4, 26, 41).
cost(4, 27, 5).
cost(4, 28, 42).
cost(4, 29, 74).
cost(4, 30, 12).
cost(5, 1, 85).
cost(5, 2, 51).
cost(5, 3, 36).
cost(5, 4, 74).
cost(5, 6, 7).
cost(5, 7, 83).
cost(5, 8, 39).
cost(5, 9, 29).
cost(5, 10, 59).
cost(5, 11, 45).
cost(5, 12, 72).
cost(5, 13, 56).
cost(5, 14, 77).
cost(5, 15, 49).
cost(5, 16, 20).
cost(5, 17, 38).
cost(5, 18, 70).
cost(5, 19, 51).
cost(5, 20, 87).
cost(5, 21, 63).
cost(5, 22, 71).
cost(5, 23, 14).
cost(5, 24, 81).
cost(5, 25, 64).
cost(5, 26, 41).
cost(5, 27, 78).
cost(5, 28, 52).
cost(5, 29, 6).
cost(5, 30, 81).
cost(6, 1, 87).
cost(6, 2, 56).
cost(6, 3, 30).
cost(6, 4, 71).
cost(6, 5, 7).
cost(6, 7, 80).
cost(6, 8, 44).
cost(6, 9, 25).
cost(6, 10, 63).
cost(6, 11, 39).
cost(6, 12, 72).
cost(6, 13, 61).
cost(6, 14, 79).
cost(6, 15, 43).
cost(6, 16, 13).
cost(6, 17, 31).
cost(6, 18, 70).
cost(6, 19, 51).
cost(6, 20, 84).
cost(6, 21, 67).
cost(6, 22, 75).
cost(6, 23, 7).
cost(6, 24, 78).
cost(6, 25, 65).
cost(6, 26, 35).
cost(6, 27, 75).
cost(6, 28, 46).
cost(6, 29, 4).
cost(6, 30, 78).
cost(7, 1, 63).
cost(7, 2, 79).
cost(7, 3, 56).
cost(7, 4, 9).
cost(7, 5, 83).
cost(7, 6, 80).
cost(7, 8, 80).
cost(7, 9, 54).
cost(7, 10, 73).
cost(7, 11, 58).
cost(7, 12, 43).
cost(7, 13, 83).
cost(7, 14, 52).
cost(7, 15, 47).
cost(7, 16, 77).
cost(7, 17, 79).
cost(7, 18, 38).
cost(7, 19, 43).
cost(7, 20, 5).
cost(7, 21, 85).
cost(7, 22, 78).
cost(7, 23, 75).
cost(7, 24, 3).
cost(7, 25, 47).
cost(7, 26, 49).
cost(7, 27, 7).
cost(7, 28, 48).
cost(7, 29, 83).
cost(7, 30, 12).
cost(8, 1, 53).
cost(8, 2, 13).
cost(8, 3, 58).
cost(8, 4, 71).
cost(8, 5, 39).
cost(8, 6, 44).
cost(8, 7, 80).
cost(8, 9, 43).
cost(8, 10, 22).
cost(8, 11, 70).
cost(8, 12, 49).
cost(8, 13, 17).
cost(8, 14, 50).
cost(8, 15, 68).
cost(8, 16, 56).
cost(8, 17, 72).
cost(8, 18, 50).
cost(8, 19, 37).
cost(8, 20, 82).
cost(8, 21, 24).
cost(8, 22, 34).
cost(8, 23, 48).
cost(8, 24, 77).
cost(8, 25, 41).
cost(8, 26, 60).
cost(8, 27, 72).
cost(8, 28, 72).
cost(8, 29, 44).
cost(8, 30, 72).
cost(9, 1, 70).
cost(9, 2, 51).
cost(9, 3, 15).
cost(9, 4, 45).
cost(9, 5, 29).
cost(9, 6, 25).
cost(9, 7, 54).
cost(9, 8, 43).
cost(9, 10, 54).
cost(9, 11, 28).
cost(9, 12, 52).
cost(9, 13, 57).
cost(9, 14, 60).
cost(9, 15, 25).
cost(9, 16, 26).
cost(9, 17, 36).
cost(9, 18, 48).
cost(9, 19, 30).
cost(9, 20, 59).
cost(9, 21, 62).
cost(9, 22, 65).
cost(9, 23, 21).
cost(9, 24, 53).
cost(9, 25, 46).
cost(9, 26, 17).
cost(9, 27, 49).
cost(9, 28, 30).
cost(9, 29, 29).
cost(9, 30, 53).
cost(10, 1, 32).
cost(10, 2, 11).
cost(10, 3, 69).
cost(10, 4, 67).
cost(10, 5, 59).
cost(10, 6, 63).
cost(10, 7, 73).
cost(10, 8, 22).
cost(10, 9, 54).
cost(10, 11, 81).
cost(10, 12, 34).
cost(10, 13, 11).
cost(10, 14, 32).
cost(10, 15, 76).
cost(10, 16, 73).
cost(10, 17, 88).
cost(10, 18, 38).
cost(10, 19, 33).
cost(10, 20, 74).
cost(10, 21, 12).
cost(10, 22, 13).
cost(10, 23, 65).
cost(10, 24, 71).
cost(10, 25, 27).
cost(10, 26, 69).
cost(10, 27, 66).
cost(10, 28, 80).
cost(10, 29, 64).
cost(10, 30, 64).
cost(11, 1, 93).
cost(11, 2, 79).
cost(11, 3, 12).
cost(11, 4, 51).
cost(11, 5, 45).
cost(11, 6, 39).
cost(11, 7, 58).
cost(11, 8, 70).
cost(11, 9, 28).
cost(11, 10, 81).
cost(11, 12, 73).
cost(11, 13, 84).
cost(11, 14, 82).
cost(11, 15, 10).
cost(11, 16, 28).
cost(11, 17, 22).
cost(11, 18, 68).
cost(11, 19, 54).
cost(11, 20, 63).
cost(11, 21, 90).
cost(11, 22, 92).
cost(11, 23, 31).
cost(11, 24, 58).
cost(11, 25, 69).
cost(11, 26, 13).
cost(11, 27, 56).
cost(11, 28, 11).
cost(11, 29, 42).
cost(11, 30, 62).
cost(12, 1, 22).
cost(12, 2, 43).
cost(12, 3, 64).
cost(12, 4, 38).
cost(12, 5, 72).
cost(12, 6, 72).
cost(12, 7, 43).
cost(12, 8, 49).
cost(12, 9, 52).
cost(12, 10, 34).
cost(12, 11, 73).
cost(12, 13, 46).
cost(12, 14, 10).
cost(12, 15, 64).
cost(12, 16, 77).
cost(12, 17, 87).
cost(12, 18, 6).
cost(12, 19, 22).
cost(12, 20, 42).
cost(12, 21, 45).
cost(12, 22, 36).
cost(12, 23, 71).
cost(12, 24, 40).
cost(12, 25, 9).
cost(12, 26, 60).
cost(12, 27, 36).
cost(12, 28, 68).
cost(12, 29, 75).
cost(12, 30, 32).
cost(13, 1, 43).
cost(13, 2, 6).
cost(13, 3, 72).
cost(13, 4, 76).
cost(13, 5, 56).
cost(13, 6, 61).
cost(13, 7, 83).
cost(13, 8, 17).
cost(13, 9, 57).
cost(13, 10, 11).
cost(13, 11, 84).
cost(13, 12, 46).
cost(13, 14, 43).
cost(13, 15, 81).
cost(13, 16, 72).
cost(13, 17, 88).
cost(13, 18, 49).
cost(13, 19, 41).
cost(13, 20, 84).
cost(13, 21, 7).
cost(13, 22, 19).
cost(13, 23, 64).
cost(13, 24, 81).
cost(13, 25, 38).
cost(13, 26, 73).
cost(13, 27, 76).
cost(13, 28, 85).
cost(13, 29, 62).
cost(13, 30, 74).
cost(14, 1, 12).
cost(14, 2, 42).
cost(14, 3, 72).
cost(14, 4, 48).
cost(14, 5, 77).
cost(14, 6, 79).
cost(14, 7, 52).
cost(14, 8, 50).
cost(14, 9, 60).
cost(14, 10, 32).
cost(14, 11, 82).
cost(14, 12, 10).
cost(14, 13, 43).
cost(14, 15, 74).
cost(14, 16, 85).
cost(14, 17, 96).
cost(14, 18, 15).
cost(14, 19, 29).
cost(14, 20, 50).
cost(14, 21, 42).
cost(14, 22, 30).
cost(14, 23, 78).
cost(14, 24, 49).
cost(14, 25, 14).
cost(14, 26, 69).
cost(14, 27, 45).
cost(14, 28, 77).
cost(14, 29, 81).
cost(14, 30, 40).
cost(15, 1, 85).
cost(15, 2, 75).
cost(15, 3, 13).
cost(15, 4, 41).
cost(15, 5, 49).
cost(15, 6, 43).
cost(15, 7, 47).
cost(15, 8, 68).
cost(15, 9, 25).
cost(15, 10, 76).
cost(15, 11, 10).
cost(15, 12, 64).
cost(15, 13, 81).
cost(15, 14, 74).
cost(15, 16, 34).
cost(15, 17, 31).
cost(15, 18, 59).
cost(15, 19, 46).
cost(15, 20, 53).
cost(15, 21, 86).
cost(15, 22, 86).
cost(15, 23, 36).
cost(15, 24, 47).
cost(15, 25, 62).
cost(15, 26, 8).
cost(15, 27, 46).
cost(15, 28, 5).
cost(15, 29, 46).
cost(15, 30, 52).
cost(16, 1, 94).
cost(16, 2, 67).
cost(16, 3, 22).
cost(16, 4, 69).
cost(16, 5, 20).
cost(16, 6, 13).
cost(16, 7, 77).
cost(16, 8, 56).
cost(16, 9, 26).
cost(16, 10, 73).
cost(16, 11, 28).
cost(16, 12, 77).
cost(16, 13, 72).
cost(16, 14, 85).
cost(16, 15, 34).
cost(16, 17, 17).
cost(16, 18, 74).
cost(16, 19, 55).
cost(16, 20, 82).
cost(16, 21, 79).
cost(16, 22, 85).
cost(16, 23, 8).
cost(16, 24, 76).
cost(16, 25, 71).
cost(16, 26, 29).
cost(16, 27, 73).
cost(16, 28, 37).
cost(16, 29, 15).
cost(16, 30, 78).
cost(17, 1, 106).
cost(17, 2, 83).
cost(17, 3, 25).
cost(17, 4, 71).
cost(17, 5, 38).
cost(17, 6, 31).
cost(17, 7, 79).
cost(17, 8, 72).
cost(17, 9, 36).
cost(17, 10, 88).
cost(17, 11, 22).
cost(17, 12, 87).
cost(17, 13, 88).
cost(17, 14, 96).
cost(17, 15, 31).
cost(17, 16, 17).
cost(17, 18, 83).
cost(17, 19, 66).
cost(17, 20, 84).
cost(17, 21, 95).
cost(17, 22, 100).
cost(17, 23, 25).
cost(17, 24, 78).
cost(17, 25, 82).
cost(17, 26, 30).
cost(17, 27, 76).
cost(17, 28, 32).
cost(17, 29, 32).
cost(17, 30, 82).
cost(18, 1, 27).
cost(18, 2, 45).
cost(18, 3, 59).
cost(18, 4, 33).
cost(18, 5, 70).
cost(18, 6, 70).
cost(18, 7, 38).
cost(18, 8, 50).
cost(18, 9, 48).
cost(18, 10, 38).
cost(18, 11, 68).
cost(18, 12, 6).
cost(18, 13, 49).
cost(18, 14, 15).
cost(18, 15, 59).
cost(18, 16, 74).
cost(18, 17, 83).
cost(18, 19, 19).
cost(18, 20, 37).
cost(18, 21, 49).
cost(18, 22, 40).
cost(18, 23, 68).
cost(18, 24, 35).
cost(18, 25, 11).
cost(18, 26, 55).
cost(18, 27, 30).
cost(18, 28, 63).
cost(18, 29, 73).
cost(18, 30, 27).
cost(19, 1, 40).
cost(19, 2, 36).
cost(19, 3, 43).
cost(19, 4, 35).
cost(19, 5, 51).
cost(19, 6, 51).
cost(19, 7, 43).
cost(19, 8, 37).
cost(19, 9, 30).
cost(19, 10, 33).
cost(19, 11, 54).
cost(19, 12, 22).
cost(19, 13, 41).
cost(19, 14, 29).
cost(19, 15, 46).
cost(19, 16, 55).
cost(19, 17, 66).
cost(19, 18, 19).
cost(19, 20, 45).
cost(19, 21, 44).
cost(19, 22, 41).
cost(19, 23, 49).
cost(19, 24, 41).
cost(19, 25, 16).
cost(19, 26, 40).
cost(19, 27, 36).
cost(19, 28, 50).
cost(19, 29, 54).
cost(19, 30, 36).
cost(20, 1, 61).
cost(20, 2, 80).
cost(20, 3, 61).
cost(20, 4, 13).
cost(20, 5, 87).
cost(20, 6, 84).
cost(20, 7, 5).
cost(20, 8, 82).
cost(20, 9, 59).
cost(20, 10, 74).
cost(20, 11, 63).
cost(20, 12, 42).
cost(20, 13, 84).
cost(20, 14, 50).
cost(20, 15, 53).
cost(20, 16, 82).
cost(20, 17, 84).
cost(20, 18, 37).
cost(20, 19, 45).
cost(20, 21, 86).
cost(20, 22, 78).
cost(20, 23, 79).
cost(20, 24, 6).
cost(20, 25, 47).
cost(20, 26, 54).
cost(20, 27, 10).
cost(20, 28, 53).
cost(20, 29, 87).
cost(20, 30, 10).
cost(21, 1, 39).
cost(21, 2, 12).
cost(21, 3, 78).
cost(21, 4, 78).
cost(21, 5, 63).
cost(21, 6, 67).
cost(21, 7, 85).
cost(21, 8, 24).
cost(21, 9, 62).
cost(21, 10, 12).
cost(21, 11, 90).
cost(21, 12, 45).
cost(21, 13, 7).
cost(21, 14, 42).
cost(21, 15, 86).
cost(21, 16, 79).
cost(21, 17, 95).
cost(21, 18, 49).
cost(21, 19, 44).
cost(21, 20, 86).
cost(21, 22, 14).
cost(21, 23, 71).
cost(21, 24, 82).
cost(21, 25, 39).
cost(21, 26, 78).
cost(21, 27, 78).
cost(21, 28, 90).
cost(21, 29, 68).
cost(21, 30, 75).
cost(22, 1, 25).
cost(22, 2, 22).
cost(22, 3, 80).
cost(22, 4, 72).
cost(22, 5, 71).
cost(22, 6, 75).
cost(22, 7, 78).
cost(22, 8, 34).
cost(22, 9, 65).
cost(22, 10, 13).
cost(22, 11, 92).
cost(22, 12, 36).
cost(22, 13, 19).
cost(22, 14, 30).
cost(22, 15, 86).
cost(22, 16, 85).
cost(22, 17, 100).
cost(22, 18, 40).
cost(22, 19, 41).
cost(22, 20, 78).
cost(22, 21, 14).
cost(22, 23, 77).
cost(22, 24, 75).
cost(22, 25, 31).
cost(22, 26, 79).
cost(22, 27, 70).
cost(22, 28, 91).
cost(22, 29, 77).
cost(22, 30, 67).
cost(23, 1, 87).
cost(23, 2, 59).
cost(23, 3, 23).
cost(23, 4, 66).
cost(23, 5, 14).
cost(23, 6, 7).
cost(23, 7, 75).
cost(23, 8, 48).
cost(23, 9, 21).
cost(23, 10, 65).
cost(23, 11, 31).
cost(23, 12, 71).
cost(23, 13, 64).
cost(23, 14, 78).
cost(23, 15, 36).
cost(23, 16, 8).
cost(23, 17, 25).
cost(23, 18, 68).
cost(23, 19, 49).
cost(23, 20, 79).
cost(23, 21, 71).
cost(23, 22, 77).
cost(23, 24, 73).
cost(23, 25, 64).
cost(23, 26, 29).
cost(23, 27, 70).
cost(23, 28, 39).
cost(23, 29, 10).
cost(23, 30, 74).
cost(24, 1, 60).
cost(24, 2, 76).
cost(24, 3, 55).
cost(24, 4, 8).
cost(24, 5, 81).
cost(24, 6, 78).
cost(24, 7, 3).
cost(24, 8, 77).
cost(24, 9, 53).
cost(24, 10, 71).
cost(24, 11, 58).
cost(24, 12, 40).
cost(24, 13, 81).
cost(24, 14, 49).
cost(24, 15, 47).
cost(24, 16, 76).
cost(24, 17, 78).
cost(24, 18, 35).
cost(24, 19, 41).
cost(24, 20, 6).
cost(24, 21, 82).
cost(24, 22, 75).
cost(24, 23, 73).
cost(24, 25, 45).
cost(24, 26, 48).
cost(24, 27, 5).
cost(24, 28, 48).
cost(24, 29, 82).
cost(24, 30, 9).
cost(25, 1, 24).
cost(25, 2, 35).
cost(25, 3, 59).
cost(25, 4, 41).
cost(25, 5, 64).
cost(25, 6, 65).
cost(25, 7, 47).
cost(25, 8, 41).
cost(25, 9, 46).
cost(25, 10, 27).
cost(25, 11, 69).
cost(25, 12, 9).
cost(25, 13, 38).
cost(25, 14, 14).
cost(25, 15, 62).
cost(25, 16, 71).
cost(25, 17, 82).
cost(25, 18, 11).
cost(25, 19, 16).
cost(25, 20, 47).
cost(25, 21, 39).
cost(25, 22, 31).
cost(25, 23, 64).
cost(25, 24, 45).
cost(25, 26, 56).
cost(25, 27, 40).
cost(25, 28, 65).
cost(25, 29, 68).
cost(25, 30, 37).
cost(26, 1, 80).
cost(26, 2, 67).
cost(26, 3, 7).
cost(26, 4, 41).
cost(26, 5, 41).
cost(26, 6, 35).
cost(26, 7, 49).
cost(26, 8, 60).
cost(26, 9, 17).
cost(26, 10, 69).
cost(26, 11, 13).
cost(26, 12, 60).
cost(26, 13, 73).
cost(26, 14, 69).
cost(26, 15, 8).
cost(26, 16, 29).
cost(26, 17, 30).
cost(26, 18, 55).
cost(26, 19, 40).
cost(26, 20, 54).
cost(26, 21, 78).
cost(26, 22, 79).
cost(26, 23, 29).
cost(26, 24, 48).
cost(26, 25, 56).
cost(26, 27, 46).
cost(26, 28, 13).
cost(26, 29, 39).
cost(26, 30, 51).
cost(27, 1, 56).
cost(27, 2, 71).
cost(27, 3, 53).
cost(27, 4, 5).
cost(27, 5, 78).
cost(27, 6, 75).
cost(27, 7, 7).
cost(27, 8, 72).
cost(27, 9, 49).
cost(27, 10, 66).
cost(27, 11, 56).
cost(27, 12, 36).
cost(27, 13, 76).
cost(27, 14, 45).
cost(27, 15, 46).
cost(27, 16, 73).
cost(27, 17, 76).
cost(27, 18, 30).
cost(27, 19, 36).
cost(27, 20, 10).
cost(27, 21, 78).
cost(27, 22, 70).
cost(27, 23, 70).
cost(27, 24, 5).
cost(27, 25, 40).
cost(27, 26, 46).
cost(27, 28, 47).
cost(27, 29, 78).
cost(27, 30, 7).
cost(28, 1, 89).
cost(28, 2, 79).
cost(28, 3, 17).
cost(28, 4, 42).
cost(28, 5, 52).
cost(28, 6, 46).
cost(28, 7, 48).
cost(28, 8, 72).
cost(28, 9, 30).
cost(28, 10, 80).
cost(28, 11, 11).
cost(28, 12, 68).
cost(28, 13, 85).
cost(28, 14, 77).
cost(28, 15, 5).
cost(28, 16, 37).
cost(28, 17, 32).
cost(28, 18, 63).
cost(28, 19, 50).
cost(28, 20, 53).
cost(28, 21, 90).
cost(28, 22, 91).
cost(28, 23, 39).
cost(28, 24, 48).
cost(28, 25, 65).
cost(28, 26, 13).
cost(28, 27, 47).
cost(28, 29, 50).
cost(28, 30, 53).
cost(29, 1, 89).
cost(29, 2, 57).
cost(29, 3, 33).
cost(29, 4, 74).
cost(29, 5, 6).
cost(29, 6, 4).
cost(29, 7, 83).
cost(29, 8, 44).
cost(29, 9, 29).
cost(29, 10, 64).
cost(29, 11, 42).
cost(29, 12, 75).
cost(29, 13, 62).
cost(29, 14, 81).
cost(29, 15, 46).
cost(29, 16, 15).
cost(29, 17, 32).
cost(29, 18, 73).
cost(29, 19, 54).
cost(29, 20, 87).
cost(29, 21, 68).
cost(29, 22, 77).
cost(29, 23, 10).
cost(29, 24, 82).
cost(29, 25, 68).
cost(29, 26, 39).
cost(29, 27, 78).
cost(29, 28, 50).
cost(29, 30, 82).
cost(30, 1, 51).
cost(30, 2, 70).
cost(30, 3, 58).
cost(30, 4, 12).
cost(30, 5, 81).
cost(30, 6, 78).
cost(30, 7, 12).
cost(30, 8, 72).
cost(30, 9, 53).
cost(30, 10, 64).
cost(30, 11, 62).
cost(30, 12, 32).
cost(30, 13, 74).
cost(30, 14, 40).
cost(30, 15, 52).
cost(30, 16, 78).
cost(30, 17, 82).
cost(30, 18, 27).
cost(30, 19, 36).
cost(30, 20, 10).
cost(30, 21, 75).
cost(30, 22, 67).
cost(30, 23, 74).
cost(30, 24, 9).
cost(30, 25, 37).
cost(30, 26, 51).
cost(30, 27, 7).
cost(30, 28, 53).
cost(30, 29, 82).
