dimension(22).
point(1, 52575.0, 717250.0).
point(2, 895941.0, 401458.0).
point(3, 715813.0, 340704.0).
point(4, 551527.0, 580493.0).
point(5, 571827.0, 367792.0).
point(6, 570137.0, 830055.0).
point(7, 51213.0, 320464.0).
point(8, 189513.0, 343703.0).
point(9, 138240.0, 633725.0).
point(10, 445911.0, 704324.0).
point(11, 378710.0, 841771.0).
point(12, 811588.0, 967277.0).
point(13, 370897.0, 124520.0).
point(14, 324858.0, 452817.0).
point(15, 189429.0, 87887.0).
point(16, 348884.0, 952336.0).
point(17, 868532.0, 127807.0).
point(18, 489564.0, 477812.0).
point(19, 139073.0, 873794.0).
point(20, 167097.0, 487812.0).
point(21, 54241.0, 599341.0).
point(22, 307365.0, 384316.0).
cost(1, 2, 900550).
cost(1, 3, 762674).
cost(1, 4, 517354).
cost(1, 5, 625894).
cost(1, 6, 529713).
cost(1, 7, 396788).
cost(1, 8, 397856).
cost(1, 9, 119645).
cost(1, 10, 393548).
cost(1, 11, 349098).
cost(1, 12, 799133).
cost(1, 13, 672798).
cost(1, 14, 379556).
cost(1, 15, 644070).
cost(1, 16, 378239).
cost(1, 17, 1006593).
cost(1, 18, 498287).
cost(1, 19, 178852).
cost(1, 20, 256431).
cost(1, 21, 117921).
cost(1, 22, 419241).
cost(2, 1, 900550).
cost(2, 3, 190098).
cost(2, 4, 388168).
cost(2, 5, 325858).
cost(2, 6, 538371).
cost(2, 7, 848602).
cost(2, 8, 708785).
cost(2, 9, 792502).
cost(2, 10, 542453).
cost(2, 11, 679267).
cost(2, 12, 572072).
cost(2, 13, 593604).
cost(2, 14, 573388).
cost(2, 15, 772972).
cost(2, 16, 776362).
cost(2, 17, 275020).
cost(2, 18, 413488).
cost(2, 19, 892161).
cost(2, 20, 733942).
cost(2, 21, 864648).
cost(2, 22, 588826).
cost(3, 1, 762674).
cost(3, 2, 190098).
cost(3, 4, 290669).
cost(3, 5, 146512).
cost(3, 6, 510574).
cost(3, 7, 664908).
cost(3, 8, 526309).
cost(3, 9, 647651).
cost(3, 10, 452843).
cost(3, 11, 603909).
cost(3, 12, 633851).
cost(3, 13, 407066).
cost(3, 14, 406713).
cost(3, 15, 583949).
cost(3, 16, 713254).
cost(3, 17, 262008).
cost(3, 18, 264551).
cost(3, 19, 785375).
cost(3, 20, 568093).
cost(3, 21, 710331).
cost(3, 22, 410770).
cost(4, 1, 517354).
cost(4, 2, 388168).
cost(4, 3, 290669).
cost(4, 5, 213668).
cost(4, 6, 250255).
cost(4, 7, 563852).
cost(4, 8, 432578).
cost(4, 9, 416701).
cost(4, 10, 162754).
cost(4, 11, 313260).
cost(4, 12, 466083).
cost(4, 13, 490447).
cost(4, 14, 260154).
cost(4, 15, 611372).
cost(4, 16, 423475).
cost(4, 17, 552645).
cost(4, 18, 119928).
cost(4, 19, 506106).
cost(4, 20, 395444).
cost(4, 21, 497643).
cost(4, 22, 313210).
cost(5, 1, 625894).
cost(5, 2, 325858).
cost(5, 3, 146512).
cost(5, 4, 213668).
cost(5, 6, 462266).
cost(5, 7, 522761).
cost(5, 8, 383072).
cost(5, 9, 508643).
cost(5, 10, 359317).
cost(5, 11, 511811).
cost(5, 12, 645653).
cost(5, 13, 315522).
cost(5, 14, 261195).
cost(5, 15, 473893).
cost(5, 16, 625616).
cost(5, 17, 381611).
cost(5, 18, 137374).
cost(5, 19, 665818).
cost(5, 20, 422151).
cost(5, 21, 567019).
cost(5, 22, 264978).
cost(6, 1, 529713).
cost(6, 2, 538371).
cost(6, 3, 510574).
cost(6, 4, 250255).
cost(6, 5, 462266).
cost(6, 7, 727300).
cost(6, 8, 617586).
cost(6, 9, 474426).
cost(6, 10, 176749).
cost(6, 11, 191785).
cost(6, 12, 277720).
cost(6, 13, 733128).
cost(6, 14, 449967).
cost(6, 15, 834117).
cost(6, 16, 252795).
cost(6, 17, 763015).
cost(6, 18, 361341).
cost(6, 19, 433277).
cost(6, 20, 528745).
cost(6, 21, 565135).
cost(6, 22, 517429).
cost(7, 1, 396788).
cost(7, 2, 848602).
cost(7, 3, 664908).
cost(7, 4, 563852).
cost(7, 5, 522761).
cost(7, 6, 727300).
cost(7, 8, 140239).
cost(7, 9, 325125).
cost(7, 10, 550577).
cost(7, 11, 615642).
cost(7, 12, 998267).
cost(7, 13, 374956).
cost(7, 14, 303972).
cost(7, 15, 270547).
cost(7, 16, 698477).
cost(7, 17, 839718).
cost(7, 18, 465736).
cost(7, 19, 560262).
cost(7, 20, 203555).
cost(7, 21, 278893).
cost(7, 22, 263990).
cost(8, 1, 397856).
cost(8, 2, 708785).
cost(8, 3, 526309).
cost(8, 4, 432578).
cost(8, 5, 383072).
cost(8, 6, 617586).
cost(8, 7, 140239).
cost(8, 9, 294519).
cost(8, 10, 442479).
cost(8, 11, 532792).
cost(8, 12, 880807).
cost(8, 13, 284502).
cost(8, 14, 173851).
cost(8, 15, 255816).
cost(8, 16, 629153).
cost(8, 17, 712515).
cost(8, 18, 328658).
cost(8, 19, 532485).
cost(8, 20, 145842).
cost(8, 21, 289222).
cost(8, 22, 124654).
cost(9, 1, 119645).
cost(9, 2, 792502).
cost(9, 3, 647651).
cost(9, 4, 416701).
cost(9, 5, 508643).
cost(9, 6, 474426).
cost(9, 7, 325125).
cost(9, 8, 294519).
cost(9, 10, 315667).
cost(9, 11, 317976).
cost(9, 12, 751435).
cost(9, 13, 559838).
cost(9, 14, 259911).
cost(9, 15, 548233).
cost(9, 16, 381947).
cost(9, 17, 888414).
cost(9, 18, 384366).
cost(9, 19, 240070).
cost(9, 20, 148739).
cost(9, 21, 90764).
cost(9, 22, 301344).
cost(10, 1, 393548).
cost(10, 2, 542453).
cost(10, 3, 452843).
cost(10, 4, 162754).
cost(10, 5, 359317).
cost(10, 6, 176749).
cost(10, 7, 550577).
cost(10, 8, 442479).
cost(10, 9, 315667).
cost(10, 11, 152996).
cost(10, 12, 450404).
cost(10, 13, 584636).
cost(10, 14, 279123).
cost(10, 15, 667666).
cost(10, 16, 266316).
cost(10, 17, 714829).
cost(10, 18, 230680).
cost(10, 19, 350528).
cost(10, 20, 353008).
cost(10, 21, 405496).
cost(10, 22, 348712).
cost(11, 1, 349098).
cost(11, 2, 679267).
cost(11, 3, 603909).
cost(11, 4, 313260).
cost(11, 5, 511811).
cost(11, 6, 191785).
cost(11, 7, 615642).
cost(11, 8, 532792).
cost(11, 9, 317976).
cost(11, 10, 152996).
cost(11, 12, 450705).
cost(11, 13, 717294).
cost(11, 14, 392664).
cost(11, 15, 777283).
cost(11, 16, 114517).
cost(11, 17, 865835).
cost(11, 18, 380467).
cost(11, 19, 241767).
cost(11, 20, 412392).
cost(11, 21, 405034).
cost(11, 22, 462985).
cost(12, 1, 799133).
cost(12, 2, 572072).
cost(12, 3, 633851).
cost(12, 4, 466083).
cost(12, 5, 645653).
cost(12, 6, 277720).
cost(12, 7, 998267).
cost(12, 8, 880807).
cost(12, 9, 751435).
cost(12, 10, 450404).
cost(12, 11, 450705).
cost(12, 13, 951025).
cost(12, 14, 708220).
cost(12, 15, 1077223).
cost(12, 16, 462945).
cost(12, 17, 841399).
cost(12, 18, 585897).
cost(12, 19, 678981).
cost(12, 20, 803278).
cost(12, 21, 841993).
cost(12, 22, 770769).
cost(13, 1, 672798).
cost(13, 2, 593604).
cost(13, 3, 407066).
cost(13, 4, 490447).
cost(13, 5, 315522).
cost(13, 6, 733128).
cost(13, 7, 374956).
cost(13, 8, 284502).
cost(13, 9, 559838).
cost(13, 10, 584636).
cost(13, 11, 717294).
cost(13, 12, 951025).
cost(13, 14, 331509).
cost(13, 15, 185129).
cost(13, 16, 828109).
cost(13, 17, 497646).
cost(13, 18, 372689).
cost(13, 19, 784317).
cost(13, 20, 416552).
cost(13, 21, 570724).
cost(13, 22, 267451).
cost(14, 1, 379556).
cost(14, 2, 573388).
cost(14, 3, 406713).
cost(14, 4, 260154).
cost(14, 5, 261195).
cost(14, 6, 449967).
cost(14, 7, 303972).
cost(14, 8, 173851).
cost(14, 9, 259911).
cost(14, 10, 279123).
cost(14, 11, 392664).
cost(14, 12, 708220).
cost(14, 13, 331509).
cost(14, 15, 389249).
cost(14, 16, 500096).
cost(14, 17, 633414).
cost(14, 18, 166592).
cost(14, 19, 460150).
cost(14, 20, 161596).
cost(14, 21, 307738).
cost(14, 22, 70699).
cost(15, 1, 644070).
cost(15, 2, 772972).
cost(15, 3, 583949).
cost(15, 4, 611372).
cost(15, 5, 473893).
cost(15, 6, 834117).
cost(15, 7, 270547).
cost(15, 8, 255816).
cost(15, 9, 548233).
cost(15, 10, 667666).
cost(15, 11, 777283).
cost(15, 12, 1077223).
cost(15, 13, 185129).
cost(15, 14, 389249).
cost(15, 16, 879032).
cost(15, 17, 680275).
cost(15, 18, 492059).
cost(15, 19, 787519).
cost(15, 20, 400548).
cost(15, 21, 529019).
cost(15, 22, 319028).
cost(16, 1, 378239).
cost(16, 2, 776362).
cost(16, 3, 713254).
cost(16, 4, 423475).
cost(16, 5, 625616).
cost(16, 6, 252795).
cost(16, 7, 698477).
cost(16, 8, 629153).
cost(16, 9, 381947).
cost(16, 10, 266316).
cost(16, 11, 114517).
cost(16, 12, 462945).
cost(16, 13, 828109).
cost(16, 14, 500096).
cost(16, 15, 879032).
cost(16, 17, 974619).
cost(16, 18, 494938).
cost(16, 19, 224030).
cost(16, 20, 498828).
cost(16, 21, 459804).
cost(16, 22, 569535).
cost(17, 1, 1006593).
cost(17, 2, 275020).
cost(17, 3, 262008).
cost(17, 4, 552645).
cost(17, 5, 381611).
cost(17, 6, 763015).
cost(17, 7, 839718).
cost(17, 8, 712515).
cost(17, 9, 888414).
cost(17, 10, 714829).
cost(17, 11, 865835).
cost(17, 12, 841399).
cost(17, 13, 497646).
cost(17, 14, 633414).
cost(17, 15, 680275).
cost(17, 16, 974619).
cost(17, 18, 515868).
cost(17, 19, 1043363).
cost(17, 20, 788425).
cost(17, 21, 940964).
cost(17, 22, 617013).
cost(18, 1, 498287).
cost(18, 2, 413488).
cost(18, 3, 264551).
cost(18, 4, 119928).
cost(18, 5, 137374).
cost(18, 6, 361341).
cost(18, 7, 465736).
cost(18, 8, 328658).
cost(18, 9, 384366).
cost(18, 10, 230680).
cost(18, 11, 380467).
cost(18, 12, 585897).
cost(18, 13, 372689).
cost(18, 14, 166592).
cost(18, 15, 492059).
cost(18, 16, 494938).
cost(18, 17, 515868).
cost(18, 19, 528815).
cost(18, 20, 322622).
cost(18, 21, 451968).
cost(18, 22, 204788).
cost(19, 1, 178852).
cost(19, 2, 892161).
cost(19, 3, 785375).
cost(19, 4, 506106).
cost(19, 5, 665818).
cost(19, 6, 433277).
cost(19, 7, 560262).
cost(19, 8, 532485).
cost(19, 9, 240070).
cost(19, 10, 350528).
cost(19, 11, 241767).
cost(19, 12, 678981).
cost(19, 13, 784317).
cost(19, 14, 460150).
cost(19, 15, 787519).
cost(19, 16, 224030).
cost(19, 17, 1043363).
cost(19, 18, 528815).
cost(19, 20, 386998).
cost(19, 21, 287265).
cost(19, 22, 517601).
cost(20, 1, 256431).
cost(20, 2, 733942).
cost(20, 3, 568093).
cost(20, 4, 395444).
cost(20, 5, 422151).
cost(20, 6, 528745).
cost(20, 7, 203555).
cost(20, 8, 145842).
cost(20, 9, 148739).
cost(20, 10, 353008).
cost(20, 11, 412392).
cost(20, 12, 803278).
cost(20, 13, 416552).
cost(20, 14, 161596).
cost(20, 15, 400548).
cost(20, 16, 498828).
cost(20, 17, 788425).
cost(20, 18, 322622).
cost(20, 19, 386998).
cost(20, 21, 158667).
cost(20, 22, 174317).
cost(21, 1, 117921).
cost(21, 2, 864648).
cost(21, 3, 710331).
cost(21, 4, 497643).
cost(21, 5, 567019).
cost(21, 6, 565135).
cost(21, 7, 278893).
cost(21, 8, 289222).
cost(21, 9, 90764).
cost(21, 10, 405496).
cost(21, 11, 405034).
cost(21, 12, 841993).
cost(21, 13, 570724).
cost(21, 14, 307738).
cost(21, 15, 529019).
cost(21, 16, 459804).
cost(21, 17, 940964).
cost(21, 18, 451968).
cost(21, 19, 287265).
cost(21, 20, 158667).
cost(21, 22, 332126).
cost(22, 1, 419241).
cost(22, 2, 588826).
cost(22, 3, 410770).
cost(22, 4, 313210).
cost(22, 5, 264978).
cost(22, 6, 517429).
cost(22, 7, 263990).
cost(22, 8, 124654).
cost(22, 9, 301344).
cost(22, 10, 348712).
cost(22, 11, 462985).
cost(22, 12, 770769).
cost(22, 13, 267451).
cost(22, 14, 70699).
cost(22, 15, 319028).
cost(22, 16, 569535).
cost(22, 17, 617013).
cost(22, 18, 204788).
cost(22, 19, 517601).
cost(22, 20, 174317).
cost(22, 21, 332126).
