dimension(22).
point(1, 690152.0, 168986.0).
point(2, 447400.0, 289145.0).
point(3, 483360.0, 202409.0).
point(4, 512901.0, 743358.0).
point(5, 805497.0, 819399.0).
point(6, 894681.0, 627472.0).
point(7, 65154.0, 296031.0).
point(8, 575033.0, 149648.0).
point(9, 928463.0, 53620.0).
point(10, 912449.0, 785576.0).
point(11, 797801.0, 922815.0).
point(12, 345017.0, 45590.0).
point(13, 827015.0, 892666.0).
point(14, 522047.0, 912624.0).
point(15, 199332.0, 999724.0).
point(16, 441201.0, 520090.0).
point(17, 65685.0, 621187.0).
point(18, 558318.0, 324060.0).
point(19, 597182.0, 837213.0).
point(20, 858795.0, 32214.0).
point(21, 79308.0, 633043.0).
point(22, 7635.0, 224571.0).
cost(1, 2, 270863).
cost(1, 3, 209476).
cost(1, 4, 601100).
cost(1, 5, 660562).
cost(1, 6, 502037).
cost(1, 7, 637780).
cost(1, 8, 116732).
cost(1, 9, 264767).
cost(1, 10, 655438).
cost(1, 11, 761477).
cost(1, 12, 366531).
cost(1, 13, 736508).
cost(1, 14, 762402).
cost(1, 15, 964899).
cost(1, 16, 430408).
cost(1, 17, 771002).
cost(1, 18, 203539).
cost(1, 19, 674663).
cost(1, 20, 217134).
cost(1, 21, 767124).
cost(1, 22, 684777).
cost(2, 1, 270863).
cost(2, 3, 93895).
cost(2, 4, 458912).
cost(2, 5, 639846).
cost(2, 6, 560826).
cost(2, 7, 382308).
cost(2, 8, 189076).
cost(2, 9, 535625).
cost(2, 10, 680231).
cost(2, 11, 724098).
cost(2, 12, 264199).
cost(2, 13, 712983).
cost(2, 14, 627932).
cost(2, 15, 752636).
cost(2, 16, 231028).
cost(2, 17, 505923).
cost(2, 18, 116284).
cost(2, 19, 568167).
cost(2, 20, 485035).
cost(2, 21, 503744).
cost(2, 22, 444481).
cost(3, 1, 209476).
cost(3, 2, 93895).
cost(3, 4, 541755).
cost(3, 5, 696024).
cost(3, 6, 591493).
cost(3, 7, 428557).
cost(3, 8, 105772).
cost(3, 9, 469313).
cost(3, 10, 724017).
cost(3, 11, 786039).
cost(3, 12, 209120).
cost(3, 13, 771073).
cost(3, 14, 711268).
cost(3, 15, 846394).
cost(3, 16, 320466).
cost(3, 17, 591462).
cost(3, 18, 142890).
cost(3, 19, 644928).
cost(3, 20, 412211).
cost(3, 21, 590511).
cost(3, 22, 476241).
cost(4, 1, 601100).
cost(4, 2, 458912).
cost(4, 3, 541755).
cost(4, 5, 302315).
cost(4, 6, 398981).
cost(4, 7, 632913).
cost(4, 8, 596952).
cost(4, 9, 805252).
cost(4, 10, 401772).
cost(4, 11, 336709).
cost(4, 12, 717680).
cost(4, 13, 347794).
cost(4, 14, 169513).
cost(4, 15, 405030).
cost(4, 16, 234498).
cost(4, 17, 463603).
cost(4, 18, 421751).
cost(4, 19, 126143).
cost(4, 20, 790802).
cost(4, 21, 447406).
cost(4, 22, 724178).
cost(5, 1, 660562).
cost(5, 2, 639846).
cost(5, 3, 696024).
cost(5, 4, 302315).
cost(5, 6, 211636).
cost(5, 7, 906654).
cost(5, 8, 708294).
cost(5, 9, 775589).
cost(5, 10, 112173).
cost(5, 11, 103702).
cost(5, 12, 900457).
cost(5, 13, 76361).
cost(5, 14, 298387).
cost(5, 15, 632418).
cost(5, 16, 471484).
cost(5, 17, 765905).
cost(5, 18, 553587).
cost(5, 19, 209075).
cost(5, 20, 788987).
cost(5, 21, 749719).
cost(5, 22, 995190).
cost(6, 1, 502037).
cost(6, 2, 560826).
cost(6, 3, 591493).
cost(6, 4, 398981).
cost(6, 5, 211636).
cost(6, 7, 893291).
cost(6, 8, 574883).
cost(6, 9, 574845).
cost(6, 10, 159099).
cost(6, 11, 310827).
cost(6, 12, 800448).
cost(6, 13, 273691).
cost(6, 14, 469220).
cost(6, 15, 788722).
cost(6, 16, 466020).
cost(6, 17, 829020).
cost(6, 18, 452989).
cost(6, 19, 364001).
cost(6, 20, 596339).
cost(6, 21, 815392).
cost(6, 22, 974259).
cost(7, 1, 637780).
cost(7, 2, 382308).
cost(7, 3, 428557).
cost(7, 4, 632913).
cost(7, 5, 906654).
cost(7, 6, 893291).
cost(7, 8, 530476).
cost(7, 9, 896697).
cost(7, 10, 978552).
cost(7, 11, 964173).
cost(7, 12, 375558).
cost(7, 13, 967680).
cost(7, 14, 767423).
cost(7, 15, 716371).
cost(7, 16, 437737).
cost(7, 17, 325156).
cost(7, 18, 493960).
cost(7, 19, 758902).
cost(7, 20, 836341).
cost(7, 21, 337309).
cost(7, 22, 91733).
cost(8, 1, 116732).
cost(8, 2, 189076).
cost(8, 3, 105772).
cost(8, 4, 596952).
cost(8, 5, 708294).
cost(8, 6, 574883).
cost(8, 7, 530476).
cost(8, 9, 366243).
cost(8, 10, 719899).
cost(8, 11, 804620).
cost(8, 12, 252459).
cost(8, 13, 784583).
cost(8, 14, 764814).
cost(8, 15, 929398).
cost(8, 16, 393876).
cost(8, 17, 694107).
cost(8, 18, 175211).
cost(8, 19, 687922).
cost(8, 20, 307102).
cost(8, 21, 692397).
cost(8, 22, 572323).
cost(9, 1, 264767).
cost(9, 2, 535625).
cost(9, 3, 469313).
cost(9, 4, 805252).
cost(9, 5, 775589).
cost(9, 6, 574845).
cost(9, 7, 896697).
cost(9, 8, 366243).
cost(9, 10, 732131).
cost(9, 11, 878961).
cost(9, 12, 583501).
cost(9, 13, 845157).
cost(9, 14, 950296).
cost(9, 15, 1194464).
cost(9, 16, 674551).
cost(9, 17, 1032724).
cost(9, 18, 458416).
cost(9, 19, 850744).
cost(9, 20, 72882).
cost(9, 21, 1028005).
cost(9, 22, 936562).
cost(10, 1, 655438).
cost(10, 2, 680231).
cost(10, 3, 724017).
cost(10, 4, 401772).
cost(10, 5, 112173).
cost(10, 6, 159099).
cost(10, 7, 978552).
cost(10, 8, 719899).
cost(10, 9, 732131).
cost(10, 11, 178826).
cost(10, 12, 932501).
cost(10, 13, 136994).
cost(10, 14, 410554).
cost(10, 15, 744577).
cost(10, 16, 540886).
cost(10, 17, 862573).
cost(10, 18, 581727).
cost(10, 19, 319468).
cost(10, 20, 755270).
cost(10, 21, 846989).
cost(10, 22, 1064620).
cost(11, 1, 761477).
cost(11, 2, 724098).
cost(11, 3, 786039).
cost(11, 4, 336709).
cost(11, 5, 103702).
cost(11, 6, 310827).
cost(11, 7, 964173).
cost(11, 8, 804620).
cost(11, 9, 878961).
cost(11, 10, 178826).
cost(11, 12, 987186).
cost(11, 13, 41981).
cost(11, 14, 275942).
cost(11, 15, 603391).
cost(11, 16, 537914).
cost(11, 17, 791816).
cost(11, 18, 644872).
cost(11, 19, 218119).
cost(11, 20, 892687).
cost(11, 21, 774726).
cost(11, 22, 1054470).
cost(12, 1, 366531).
cost(12, 2, 264199).
cost(12, 3, 209120).
cost(12, 4, 717680).
cost(12, 5, 900457).
cost(12, 6, 800448).
cost(12, 7, 375558).
cost(12, 8, 252459).
cost(12, 9, 583501).
cost(12, 10, 932501).
cost(12, 11, 987186).
cost(12, 13, 974608).
cost(12, 14, 884922).
cost(12, 15, 965192).
cost(12, 16, 484150).
cost(12, 17, 639795).
cost(12, 18, 350775).
cost(12, 19, 830815).
cost(12, 20, 513952).
cost(12, 21, 644750).
cost(12, 22, 381917).
cost(13, 1, 736508).
cost(13, 2, 712983).
cost(13, 3, 771073).
cost(13, 4, 347794).
cost(13, 5, 76361).
cost(13, 6, 273691).
cost(13, 7, 967680).
cost(13, 8, 784583).
cost(13, 9, 845157).
cost(13, 10, 136994).
cost(13, 11, 41981).
cost(13, 12, 974608).
cost(13, 14, 305620).
cost(13, 15, 636747).
cost(13, 16, 536344).
cost(13, 17, 808285).
cost(13, 18, 628897).
cost(13, 19, 236428).
cost(13, 20, 861039).
cost(13, 21, 791498).
cost(13, 22, 1057230).
cost(14, 1, 762402).
cost(14, 2, 627932).
cost(14, 3, 711268).
cost(14, 4, 169513).
cost(14, 5, 298387).
cost(14, 6, 469220).
cost(14, 7, 767423).
cost(14, 8, 764814).
cost(14, 9, 950296).
cost(14, 10, 410554).
cost(14, 11, 275942).
cost(14, 12, 884922).
cost(14, 13, 305620).
cost(14, 15, 334262).
cost(14, 16, 400773).
cost(14, 17, 541481).
cost(14, 18, 589681).
cost(14, 19, 106452).
cost(14, 20, 942614).
cost(14, 21, 523625).
cost(14, 22, 859091).
cost(15, 1, 964899).
cost(15, 2, 752636).
cost(15, 3, 846394).
cost(15, 4, 405030).
cost(15, 5, 632418).
cost(15, 6, 788722).
cost(15, 7, 716371).
cost(15, 8, 929398).
cost(15, 9, 1194464).
cost(15, 10, 744577).
cost(15, 11, 603391).
cost(15, 12, 965192).
cost(15, 13, 636747).
cost(15, 14, 334262).
cost(15, 16, 537168).
cost(15, 17, 401437).
cost(15, 18, 765110).
cost(15, 19, 429761).
cost(15, 20, 1170883).
cost(15, 21, 385825).
cost(15, 22, 798505).
cost(16, 1, 430408).
cost(16, 2, 231028).
cost(16, 3, 320466).
cost(16, 4, 234498).
cost(16, 5, 471484).
cost(16, 6, 466020).
cost(16, 7, 437737).
cost(16, 8, 393876).
cost(16, 9, 674551).
cost(16, 10, 540886).
cost(16, 11, 537914).
cost(16, 12, 484150).
cost(16, 13, 536344).
cost(16, 14, 400773).
cost(16, 15, 537168).
cost(16, 17, 388887).
cost(16, 18, 228351).
cost(16, 19, 353408).
cost(16, 20, 642190).
cost(16, 21, 379111).
cost(16, 22, 524701).
cost(17, 1, 771002).
cost(17, 2, 505923).
cost(17, 3, 591462).
cost(17, 4, 463603).
cost(17, 5, 765905).
cost(17, 6, 829020).
cost(17, 7, 325156).
cost(17, 8, 694107).
cost(17, 9, 1032724).
cost(17, 10, 862573).
cost(17, 11, 791816).
cost(17, 12, 639795).
cost(17, 13, 808285).
cost(17, 14, 541481).
cost(17, 15, 401437).
cost(17, 16, 388887).
cost(17, 18, 575301).
cost(17, 19, 573721).
cost(17, 20, 987883).
cost(17, 21, 18060).
cost(17, 22, 400842).
cost(18, 1, 203539).
cost(18, 2, 116284).
cost(18, 3, 142890).
cost(18, 4, 421751).
cost(18, 5, 553587).
cost(18, 6, 452989).
cost(18, 7, 493960).
cost(18, 8, 175211).
cost(18, 9, 458416).
cost(18, 10, 581727).
cost(18, 11, 644872).
cost(18, 12, 350775).
cost(18, 13, 628897).
cost(18, 14, 589681).
cost(18, 15, 765110).
cost(18, 16, 228351).
cost(18, 17, 575301).
cost(18, 19, 514623).
cost(18, 20, 418880).
cost(18, 21, 570018).
cost(18, 22, 559598).
cost(19, 1, 674663).
cost(19, 2, 568167).
cost(19, 3, 644928).
cost(19, 4, 126143).
cost(19, 5, 209075).
cost(19, 6, 364001).
cost(19, 7, 758902).
cost(19, 8, 687922).
cost(19, 9, 850744).
cost(19, 10, 319468).
cost(19, 11, 218119).
cost(19, 12, 830815).
cost(19, 13, 236428).
cost(19, 14, 106452).
cost(19, 15, 429761).
cost(19, 16, 353408).
cost(19, 17, 573721).
cost(19, 18, 514623).
cost(19, 20, 846442).
cost(19, 21, 556668).
cost(19, 22, 850233).
cost(20, 1, 217134).
cost(20, 2, 485035).
cost(20, 3, 412211).
cost(20, 4, 790802).
cost(20, 5, 788987).
cost(20, 6, 596339).
cost(20, 7, 836341).
cost(20, 8, 307102).
cost(20, 9, 72882).
cost(20, 10, 755270).
cost(20, 11, 892687).
cost(20, 12, 513952).
cost(20, 13, 861039).
cost(20, 14, 942614).
cost(20, 15, 1170883).
cost(20, 16, 642190).
cost(20, 17, 987883).
cost(20, 18, 418880).
cost(20, 19, 846442).
cost(20, 21, 984172).
cost(20, 22, 872625).
cost(21, 1, 767124).
cost(21, 2, 503744).
cost(21, 3, 590511).
cost(21, 4, 447406).
cost(21, 5, 749719).
cost(21, 6, 815392).
cost(21, 7, 337309).
cost(21, 8, 692397).
cost(21, 9, 1028005).
cost(21, 10, 846989).
cost(21, 11, 774726).
cost(21, 12, 644750).
cost(21, 13, 791498).
cost(21, 14, 523625).
cost(21, 15, 385825).
cost(21, 16, 379111).
cost(21, 17, 18060).
cost(21, 18, 570018).
cost(21, 19, 556668).
cost(21, 20, 984172).
cost(21, 22, 414712).
cost(22, 1, 684777).
cost(22, 2, 444481).
cost(22, 3, 476241).
cost(22, 4, 724178).
cost(22, 5, 995190).
cost(22, 6, 974259).
cost(22, 7, 91733).
cost(22, 8, 572323).
cost(22, 9, 936562).
cost(22, 10, 1064620).
cost(22, 11, 1054470).
cost(22, 12, 381917).
cost(22, 13, 1057230).
cost(22, 14, 859091).
cost(22, 15, 798505).
cost(22, 16, 524701).
cost(22, 17, 400842).
cost(22, 18, 559598).
cost(22, 19, 850233).
cost(22, 20, 872625).
cost(22, 21, 414712).
