dimension(22).
point(1, 565995.0, 92870.0).
point(2, 950034.0, 75632.0).
point(3, 704223.0, 648456.0).
point(4, 323446.0, 710088.0).
point(5, 12423.0, 243366.0).
point(6, 686046.0, 543418.0).
point(7, 341906.0, 883167.0).
point(8, 184342.0, 202969.0).
point(9, 349034.0, 855116.0).
point(10, 255389.0, 233343.0).
point(11, 528385.0, 299287.0).
point(12, 2098.0, 709532.0).
point(13, 248082.0, 113143.0).
point(14, 680997.0, 402748.0).
point(15, 692965.0, 56400.0).
point(16, 881854.0, 797962.0).
point(17, 367515.0, 304014.0).
point(18, 85547.0, 208615.0).
point(19, 302683.0, 789301.0).
point(20, 56990.0, 253670.0).
point(21, 991765.0, 182806.0).
point(22, 914604.0, 255836.0).
cost(1, 2, 384426).
cost(1, 3, 572523).
cost(1, 4, 663165).
cost(1, 5, 573665).
cost(1, 6, 466268).
cost(1, 7, 821453).
cost(1, 8, 397216).
cost(1, 9, 792522).
cost(1, 10, 340894).
cost(1, 11, 209815).
cost(1, 12, 835615).
cost(1, 13, 318559).
cost(1, 14, 330530).
cost(1, 15, 132104).
cost(1, 16, 772607).
cost(1, 17, 289786).
cost(1, 18, 494193).
cost(1, 19, 744546).
cost(1, 20, 533800).
cost(1, 21, 435165).
cost(1, 22, 384820).
cost(2, 1, 384426).
cost(2, 3, 623338).
cost(2, 4, 891710).
cost(2, 5, 952496).
cost(2, 6, 537134).
cost(2, 7, 1010907).
cost(2, 8, 776208).
cost(2, 9, 984275).
cost(2, 10, 712323).
cost(2, 11, 477294).
cost(2, 12, 1140356).
cost(2, 13, 702954).
cost(2, 14, 423540).
cost(2, 15, 257787).
cost(2, 16, 725541).
cost(2, 17, 625689).
cost(2, 18, 874656).
cost(2, 19, 963528).
cost(2, 20, 910618).
cost(2, 21, 115012).
cost(2, 22, 183654).
cost(3, 1, 572523).
cost(3, 2, 623338).
cost(3, 4, 385733).
cost(3, 5, 801676).
cost(3, 6, 106599).
cost(3, 7, 431698).
cost(3, 8, 684642).
cost(3, 9, 410935).
cost(3, 10, 611368).
cost(3, 11, 390945).
cost(3, 12, 704776).
cost(3, 13, 703296).
cost(3, 14, 246803).
cost(3, 15, 592163).
cost(3, 16, 232174).
cost(3, 17, 481677).
cost(3, 18, 759092).
cost(3, 19, 425525).
cost(3, 20, 758134).
cost(3, 21, 547275).
cost(3, 22, 445433).
cost(4, 1, 663165).
cost(4, 2, 891710).
cost(4, 3, 385733).
cost(4, 5, 560861).
cost(4, 6, 399071).
cost(4, 7, 174061).
cost(4, 8, 525851).
cost(4, 9, 147268).
cost(4, 10, 481578).
cost(4, 11, 459083).
cost(4, 12, 321348).
cost(4, 13, 601684).
cost(4, 14, 471488).
cost(4, 15, 750901).
cost(4, 16, 565280).
cost(4, 17, 408458).
cost(4, 18, 555042).
cost(4, 19, 81889).
cost(4, 20, 528504).
cost(4, 21, 851279).
cost(4, 22, 745528).
cost(5, 1, 573665).
cost(5, 2, 952496).
cost(5, 3, 801676).
cost(5, 4, 560861).
cost(5, 6, 737427).
cost(5, 7, 719656).
cost(5, 8, 176601).
cost(5, 9, 698244).
cost(5, 10, 243173).
cost(5, 11, 518984).
cost(5, 12, 466280).
cost(5, 13, 269246).
cost(5, 14, 687309).
cost(5, 15, 705758).
cost(5, 16, 1031255).
cost(5, 17, 360234).
cost(5, 18, 80961).
cost(5, 19, 618301).
cost(5, 20, 45743).
cost(5, 21, 981213).
cost(5, 22, 902267).
cost(6, 1, 466268).
cost(6, 2, 537134).
cost(6, 3, 106599).
cost(6, 4, 399071).
cost(6, 5, 737427).
cost(6, 7, 483593).
cost(6, 8, 606311).
cost(6, 9, 459056).
cost(6, 10, 530671).
cost(6, 11, 290615).
cost(6, 12, 703831).
cost(6, 13, 613962).
cost(6, 14, 140761).
cost(6, 15, 487067).
cost(6, 16, 321144).
cost(6, 17, 398467).
cost(6, 18, 687526).
cost(6, 19, 455440).
cost(6, 20, 692579).
cost(6, 21, 472763).
cost(6, 22, 367345).
cost(7, 1, 821453).
cost(7, 2, 1010907).
cost(7, 3, 431698).
cost(7, 4, 174061).
cost(7, 5, 719656).
cost(7, 6, 483593).
cost(7, 8, 698209).
cost(7, 9, 28942).
cost(7, 10, 655558).
cost(7, 11, 612936).
cost(7, 12, 381600).
cost(7, 13, 775719).
cost(7, 14, 588035).
cost(7, 15, 898213).
cost(7, 16, 546629).
cost(7, 17, 579719).
cost(7, 18, 721623).
cost(7, 19, 101731).
cost(7, 20, 690973).
cost(7, 21, 955417).
cost(7, 22, 849428).
cost(8, 1, 397216).
cost(8, 2, 776208).
cost(8, 3, 684642).
cost(8, 4, 525851).
cost(8, 5, 176601).
cost(8, 6, 606311).
cost(8, 7, 698209).
cost(8, 9, 672621).
cost(8, 10, 77267).
cost(8, 11, 357271).
cost(8, 12, 538348).
cost(8, 13, 110143).
cost(8, 14, 535330).
cost(8, 15, 529320).
cost(8, 16, 916810).
cost(8, 17, 209195).
cost(8, 18, 98956).
cost(8, 19, 598155).
cost(8, 20, 137073).
cost(8, 21, 807675).
cost(8, 22, 732173).
cost(9, 1, 792522).
cost(9, 2, 984275).
cost(9, 3, 410935).
cost(9, 4, 147268).
cost(9, 5, 698244).
cost(9, 6, 459056).
cost(9, 7, 28942).
cost(9, 8, 672621).
cost(9, 10, 628785).
cost(9, 11, 584049).
cost(9, 12, 376244).
cost(9, 13, 748809).
cost(9, 14, 561103).
cost(9, 15, 869618).
cost(9, 16, 535877).
cost(9, 17, 551412).
cost(9, 18, 698132).
cost(9, 19, 80499).
cost(9, 20, 668601).
cost(9, 21, 930110).
cost(9, 22, 824018).
cost(10, 1, 340894).
cost(10, 2, 712323).
cost(10, 3, 611368).
cost(10, 4, 481578).
cost(10, 5, 243173).
cost(10, 6, 530671).
cost(10, 7, 655558).
cost(10, 8, 77267).
cost(10, 9, 628785).
cost(10, 11, 280848).
cost(10, 12, 539363).
cost(10, 13, 120422).
cost(10, 14, 458083).
cost(10, 15, 471997).
cost(10, 16, 843358).
cost(10, 17, 132539).
cost(10, 18, 171633).
cost(10, 19, 557966).
cost(10, 20, 199438).
cost(10, 21, 738108).
cost(10, 22, 659599).
cost(11, 1, 209815).
cost(11, 2, 477294).
cost(11, 3, 390945).
cost(11, 4, 459083).
cost(11, 5, 518984).
cost(11, 6, 290615).
cost(11, 7, 612936).
cost(11, 8, 357271).
cost(11, 9, 584049).
cost(11, 10, 280848).
cost(11, 12, 667292).
cost(11, 13, 336481).
cost(11, 14, 184376).
cost(11, 15, 293395).
cost(11, 16, 611242).
cost(11, 17, 160939).
cost(11, 18, 452025).
cost(11, 19, 539495).
cost(11, 20, 473597).
cost(11, 21, 477796).
cost(11, 22, 388656).
cost(12, 1, 835615).
cost(12, 2, 1140356).
cost(12, 3, 704776).
cost(12, 4, 321348).
cost(12, 5, 466280).
cost(12, 6, 703831).
cost(12, 7, 381600).
cost(12, 8, 538348).
cost(12, 9, 376244).
cost(12, 10, 539363).
cost(12, 11, 667292).
cost(12, 13, 645126).
cost(12, 14, 744997).
cost(12, 15, 950725).
cost(12, 16, 884189).
cost(12, 17, 545870).
cost(12, 18, 507820).
cost(12, 19, 310989).
cost(12, 20, 459155).
cost(12, 21, 1121107).
cost(12, 22, 1019072).
cost(13, 1, 318559).
cost(13, 2, 702954).
cost(13, 3, 703296).
cost(13, 4, 601684).
cost(13, 5, 269246).
cost(13, 6, 613962).
cost(13, 7, 775719).
cost(13, 8, 110143).
cost(13, 9, 748809).
cost(13, 10, 120422).
cost(13, 11, 336481).
cost(13, 12, 645126).
cost(13, 14, 520852).
cost(13, 15, 448487).
cost(13, 16, 933083).
cost(13, 17, 225158).
cost(13, 18, 188501).
cost(13, 19, 678359).
cost(13, 20, 237200).
cost(13, 21, 746939).
cost(13, 22, 681625).
cost(14, 1, 330530).
cost(14, 2, 423540).
cost(14, 3, 246803).
cost(14, 4, 471488).
cost(14, 5, 687309).
cost(14, 6, 140761).
cost(14, 7, 588035).
cost(14, 8, 535330).
cost(14, 9, 561103).
cost(14, 10, 458083).
cost(14, 11, 184376).
cost(14, 12, 744997).
cost(14, 13, 520852).
cost(14, 15, 346555).
cost(14, 16, 443326).
cost(14, 17, 328663).
cost(14, 18, 626297).
cost(14, 19, 540874).
cost(14, 20, 641568).
cost(14, 21, 380725).
cost(14, 22, 275963).
cost(15, 1, 132104).
cost(15, 2, 257787).
cost(15, 3, 592163).
cost(15, 4, 750901).
cost(15, 5, 705758).
cost(15, 6, 487067).
cost(15, 7, 898213).
cost(15, 8, 529320).
cost(15, 9, 869618).
cost(15, 10, 471997).
cost(15, 11, 293395).
cost(15, 12, 950725).
cost(15, 13, 448487).
cost(15, 14, 346555).
cost(15, 16, 765241).
cost(15, 17, 408938).
cost(15, 18, 626200).
cost(15, 19, 830340).
cost(15, 20, 665868).
cost(15, 21, 324438).
cost(15, 22, 298159).
cost(16, 1, 772607).
cost(16, 2, 725541).
cost(16, 3, 232174).
cost(16, 4, 565280).
cost(16, 5, 1031255).
cost(16, 6, 321144).
cost(16, 7, 546629).
cost(16, 8, 916810).
cost(16, 9, 535877).
cost(16, 10, 843358).
cost(16, 11, 611242).
cost(16, 12, 884189).
cost(16, 13, 933083).
cost(16, 14, 443326).
cost(16, 15, 765241).
cost(16, 17, 713112).
cost(16, 18, 990674).
cost(16, 19, 579236).
cost(16, 20, 988258).
cost(16, 21, 624898).
cost(16, 22, 543114).
cost(17, 1, 289786).
cost(17, 2, 625689).
cost(17, 3, 481677).
cost(17, 4, 408458).
cost(17, 5, 360234).
cost(17, 6, 398467).
cost(17, 7, 579719).
cost(17, 8, 209195).
cost(17, 9, 551412).
cost(17, 10, 132539).
cost(17, 11, 160939).
cost(17, 12, 545870).
cost(17, 13, 225158).
cost(17, 14, 328663).
cost(17, 15, 408938).
cost(17, 16, 713112).
cost(17, 18, 297669).
cost(17, 19, 489598).
cost(17, 20, 314580).
cost(17, 21, 635908).
cost(17, 22, 549206).
cost(18, 1, 494193).
cost(18, 2, 874656).
cost(18, 3, 759092).
cost(18, 4, 555042).
cost(18, 5, 80961).
cost(18, 6, 687526).
cost(18, 7, 721623).
cost(18, 8, 98956).
cost(18, 9, 698132).
cost(18, 10, 171633).
cost(18, 11, 452025).
cost(18, 12, 507820).
cost(18, 13, 188501).
cost(18, 14, 626297).
cost(18, 15, 626200).
cost(18, 16, 990674).
cost(18, 17, 297669).
cost(18, 19, 619955).
cost(18, 20, 53343).
cost(18, 21, 906585).
cost(18, 22, 830401).
cost(19, 1, 744546).
cost(19, 2, 963528).
cost(19, 3, 425525).
cost(19, 4, 81889).
cost(19, 5, 618301).
cost(19, 6, 455440).
cost(19, 7, 101731).
cost(19, 8, 598155).
cost(19, 9, 80499).
cost(19, 10, 557966).
cost(19, 11, 539495).
cost(19, 12, 310989).
cost(19, 13, 678359).
cost(19, 14, 540874).
cost(19, 15, 830340).
cost(19, 16, 579236).
cost(19, 17, 489598).
cost(19, 18, 619955).
cost(19, 20, 589292).
cost(19, 21, 917971).
cost(19, 22, 811808).
cost(20, 1, 533800).
cost(20, 2, 910618).
cost(20, 3, 758134).
cost(20, 4, 528504).
cost(20, 5, 45743).
cost(20, 6, 692579).
cost(20, 7, 690973).
cost(20, 8, 137073).
cost(20, 9, 668601).
cost(20, 10, 199438).
cost(20, 11, 473597).
cost(20, 12, 459155).
cost(20, 13, 237200).
cost(20, 14, 641568).
cost(20, 15, 665868).
cost(20, 16, 988258).
cost(20, 17, 314580).
cost(20, 18, 53343).
cost(20, 19, 589292).
cost(20, 21, 937457).
cost(20, 22, 857617).
cost(21, 1, 435165).
cost(21, 2, 115012).
cost(21, 3, 547275).
cost(21, 4, 851279).
cost(21, 5, 981213).
cost(21, 6, 472763).
cost(21, 7, 955417).
cost(21, 8, 807675).
cost(21, 9, 930110).
cost(21, 10, 738108).
cost(21, 11, 477796).
cost(21, 12, 1121107).
cost(21, 13, 746939).
cost(21, 14, 380725).
cost(21, 15, 324438).
cost(21, 16, 624898).
cost(21, 17, 635908).
cost(21, 18, 906585).
cost(21, 19, 917971).
cost(21, 20, 937457).
cost(21, 22, 106241).
cost(22, 1, 384820).
cost(22, 2, 183654).
cost(22, 3, 445433).
cost(22, 4, 745528).
cost(22, 5, 902267).
cost(22, 6, 367345).
cost(22, 7, 849428).
cost(22, 8, 732173).
cost(22, 9, 824018).
cost(22, 10, 659599).
cost(22, 11, 388656).
cost(22, 12, 1019072).
cost(22, 13, 681625).
cost(22, 14, 275963).
cost(22, 15, 298159).
cost(22, 16, 543114).
cost(22, 17, 549206).
cost(22, 18, 830401).
cost(22, 19, 811808).
cost(22, 20, 857617).
cost(22, 21, 106241).
