dimension(22).
point(1, 22.0546035434, 58.2930284555).
point(2, 30.0276688904, 74.8891435695).
point(3, 77.7175073965, 60.9302369506).
point(4, 26.0600483009, 83.9120615566).
point(5, 68.8760658578, 42.5703817933).
point(6, 36.3007719356, 90.7826634435).
point(7, 58.3513823569, 24.3696486621).
point(8, 67.8223474996, 26.8346765344).
point(9, 45.0581632221, 23.8287878446).
point(10, 41.5241905259, 33.2150491152).
point(11, 61.4160132708, 76.5776812889).
point(12, 55.3229536805, 21.1822270568).
point(13, 23.8388934716, 92.2585898285).
point(14, 72.5135732302, 14.307134501).
point(15, 23.2120331111, 76.2929364939).
point(16, 5.0194704898, 28.9647603329).
point(17, 46.1094555918, 13.9572885291).
point(18, 8.8247633475, 54.4448084744).
point(19, 58.468396483, 30.1191149691).
point(20, 25.5799664941, 52.037526864).
point(21, 12.3900517879, 59.1760670879).
point(22, 41.5940034469, 12.3853778692).
cost(1, 2, 18).
cost(1, 3, 56).
cost(1, 4, 26).
cost(1, 5, 49).
cost(1, 6, 35).
cost(1, 7, 50).
cost(1, 8, 56).
cost(1, 9, 41).
cost(1, 10, 32).
cost(1, 11, 43).
cost(1, 12, 50).
cost(1, 13, 34).
cost(1, 14, 67).
cost(1, 15, 18).
cost(1, 16, 34).
cost(1, 17, 50).
cost(1, 18, 14).
cost(1, 19, 46).
cost(1, 20, 7).
cost(1, 21, 10).
cost(1, 22, 50).
cost(2, 1, 18).
cost(2, 3, 50).
cost(2, 4, 10).
cost(2, 5, 51).
cost(2, 6, 17).
cost(2, 7, 58).
cost(2, 8, 61).
cost(2, 9, 53).
cost(2, 10, 43).
cost(2, 11, 31).
cost(2, 12, 59).
cost(2, 13, 18).
cost(2, 14, 74).
cost(2, 15, 7).
cost(2, 16, 52).
cost(2, 17, 63).
cost(2, 18, 29).
cost(2, 19, 53).
cost(2, 20, 23).
cost(2, 21, 24).
cost(2, 22, 64).
cost(3, 1, 56).
cost(3, 2, 50).
cost(3, 4, 57).
cost(3, 5, 20).
cost(3, 6, 51).
cost(3, 7, 41).
cost(3, 8, 36).
cost(3, 9, 49).
cost(3, 10, 46).
cost(3, 11, 23).
cost(3, 12, 46).
cost(3, 13, 62).
cost(3, 14, 47).
cost(3, 15, 57).
cost(3, 16, 79).
cost(3, 17, 57).
cost(3, 18, 69).
cost(3, 19, 36).
cost(3, 20, 53).
cost(3, 21, 65).
cost(3, 22, 61).
cost(4, 1, 26).
cost(4, 2, 10).
cost(4, 3, 57).
cost(4, 5, 60).
cost(4, 6, 12).
cost(4, 7, 68).
cost(4, 8, 71).
cost(4, 9, 63).
cost(4, 10, 53).
cost(4, 11, 36).
cost(4, 12, 69).
cost(4, 13, 9).
cost(4, 14, 84).
cost(4, 15, 8).
cost(4, 16, 59).
cost(4, 17, 73).
cost(4, 18, 34).
cost(4, 19, 63).
cost(4, 20, 32).
cost(4, 21, 28).
cost(4, 22, 73).
cost(5, 1, 49).
cost(5, 2, 51).
cost(5, 3, 20).
cost(5, 4, 60).
cost(5, 6, 58).
cost(5, 7, 21).
cost(5, 8, 16).
cost(5, 9, 30).
cost(5, 10, 29).
cost(5, 11, 35).
cost(5, 12, 25).
cost(5, 13, 67).
cost(5, 14, 28).
cost(5, 15, 57).
cost(5, 16, 65).
cost(5, 17, 37).
cost(5, 18, 61).
cost(5, 19, 16).
cost(5, 20, 44).
cost(5, 21, 59).
cost(5, 22, 41).
cost(6, 1, 35).
cost(6, 2, 17).
cost(6, 3, 51).
cost(6, 4, 12).
cost(6, 5, 58).
cost(6, 7, 70).
cost(6, 8, 71).
cost(6, 9, 68).
cost(6, 10, 58).
cost(6, 11, 29).
cost(6, 12, 72).
cost(6, 13, 13).
cost(6, 14, 85).
cost(6, 15, 20).
cost(6, 16, 69).
cost(6, 17, 77).
cost(6, 18, 46).
cost(6, 19, 65).
cost(6, 20, 40).
cost(6, 21, 40).
cost(6, 22, 79).
cost(7, 1, 50).
cost(7, 2, 58).
cost(7, 3, 41).
cost(7, 4, 68).
cost(7, 5, 21).
cost(7, 6, 70).
cost(7, 8, 10).
cost(7, 9, 13).
cost(7, 10, 19).
cost(7, 11, 52).
cost(7, 12, 4).
cost(7, 13, 76).
cost(7, 14, 17).
cost(7, 15, 63).
cost(7, 16, 54).
cost(7, 17, 16).
cost(7, 18, 58).
cost(7, 19, 6).
cost(7, 20, 43).
cost(7, 21, 58).
cost(7, 22, 21).
cost(8, 1, 56).
cost(8, 2, 61).
cost(8, 3, 36).
cost(8, 4, 71).
cost(8, 5, 16).
cost(8, 6, 71).
cost(8, 7, 10).
cost(8, 9, 23).
cost(8, 10, 27).
cost(8, 11, 50).
cost(8, 12, 14).
cost(8, 13, 79).
cost(8, 14, 13).
cost(8, 15, 67).
cost(8, 16, 63).
cost(8, 17, 25).
cost(8, 18, 65).
cost(8, 19, 10).
cost(8, 20, 49).
cost(8, 21, 64).
cost(8, 22, 30).
cost(9, 1, 41).
cost(9, 2, 53).
cost(9, 3, 49).
cost(9, 4, 63).
cost(9, 5, 30).
cost(9, 6, 68).
cost(9, 7, 13).
cost(9, 8, 23).
cost(9, 10, 10).
cost(9, 11, 55).
cost(9, 12, 11).
cost(9, 13, 72).
cost(9, 14, 29).
cost(9, 15, 57).
cost(9, 16, 40).
cost(9, 17, 10).
cost(9, 18, 47).
cost(9, 19, 15).
cost(9, 20, 34).
cost(9, 21, 48).
cost(9, 22, 12).
cost(10, 1, 32).
cost(10, 2, 43).
cost(10, 3, 46).
cost(10, 4, 53).
cost(10, 5, 29).
cost(10, 6, 58).
cost(10, 7, 19).
cost(10, 8, 27).
cost(10, 9, 10).
cost(10, 11, 48).
cost(10, 12, 18).
cost(10, 13, 62).
cost(10, 14, 36).
cost(10, 15, 47).
cost(10, 16, 37).
cost(10, 17, 20).
cost(10, 18, 39).
cost(10, 19, 17).
cost(10, 20, 25).
cost(10, 21, 39).
cost(10, 22, 21).
cost(11, 1, 43).
cost(11, 2, 31).
cost(11, 3, 23).
cost(11, 4, 36).
cost(11, 5, 35).
cost(11, 6, 29).
cost(11, 7, 52).
cost(11, 8, 50).
cost(11, 9, 55).
cost(11, 10, 48).
cost(11, 12, 56).
cost(11, 13, 41).
cost(11, 14, 63).
cost(11, 15, 38).
cost(11, 16, 74).
cost(11, 17, 64).
cost(11, 18, 57).
cost(11, 19, 47).
cost(11, 20, 43).
cost(11, 21, 52).
cost(11, 22, 67).
cost(12, 1, 50).
cost(12, 2, 59).
cost(12, 3, 46).
cost(12, 4, 69).
cost(12, 5, 25).
cost(12, 6, 72).
cost(12, 7, 4).
cost(12, 8, 14).
cost(12, 9, 11).
cost(12, 10, 18).
cost(12, 11, 56).
cost(12, 13, 78).
cost(12, 14, 19).
cost(12, 15, 64).
cost(12, 16, 51).
cost(12, 17, 12).
cost(12, 18, 57).
cost(12, 19, 9).
cost(12, 20, 43).
cost(12, 21, 57).
cost(12, 22, 16).
cost(13, 1, 34).
cost(13, 2, 18).
cost(13, 3, 62).
cost(13, 4, 9).
cost(13, 5, 67).
cost(13, 6, 13).
cost(13, 7, 76).
cost(13, 8, 79).
cost(13, 9, 72).
cost(13, 10, 62).
cost(13, 11, 41).
cost(13, 12, 78).
cost(13, 14, 92).
cost(13, 15, 16).
cost(13, 16, 66).
cost(13, 17, 81).
cost(13, 18, 41).
cost(13, 19, 71).
cost(13, 20, 40).
cost(13, 21, 35).
cost(13, 22, 82).
cost(14, 1, 67).
cost(14, 2, 74).
cost(14, 3, 47).
cost(14, 4, 84).
cost(14, 5, 28).
cost(14, 6, 85).
cost(14, 7, 17).
cost(14, 8, 13).
cost(14, 9, 29).
cost(14, 10, 36).
cost(14, 11, 63).
cost(14, 12, 19).
cost(14, 13, 92).
cost(14, 15, 79).
cost(14, 16, 69).
cost(14, 17, 26).
cost(14, 18, 75).
cost(14, 19, 21).
cost(14, 20, 60).
cost(14, 21, 75).
cost(14, 22, 31).
cost(15, 1, 18).
cost(15, 2, 7).
cost(15, 3, 57).
cost(15, 4, 8).
cost(15, 5, 57).
cost(15, 6, 20).
cost(15, 7, 63).
cost(15, 8, 67).
cost(15, 9, 57).
cost(15, 10, 47).
cost(15, 11, 38).
cost(15, 12, 64).
cost(15, 13, 16).
cost(15, 14, 79).
cost(15, 16, 51).
cost(15, 17, 66).
cost(15, 18, 26).
cost(15, 19, 58).
cost(15, 20, 24).
cost(15, 21, 20).
cost(15, 22, 66).
cost(16, 1, 34).
cost(16, 2, 52).
cost(16, 3, 79).
cost(16, 4, 59).
cost(16, 5, 65).
cost(16, 6, 69).
cost(16, 7, 54).
cost(16, 8, 63).
cost(16, 9, 40).
cost(16, 10, 37).
cost(16, 11, 74).
cost(16, 12, 51).
cost(16, 13, 66).
cost(16, 14, 69).
cost(16, 15, 51).
cost(16, 17, 44).
cost(16, 18, 26).
cost(16, 19, 53).
cost(16, 20, 31).
cost(16, 21, 31).
cost(16, 22, 40).
cost(17, 1, 50).
cost(17, 2, 63).
cost(17, 3, 57).
cost(17, 4, 73).
cost(17, 5, 37).
cost(17, 6, 77).
cost(17, 7, 16).
cost(17, 8, 25).
cost(17, 9, 10).
cost(17, 10, 20).
cost(17, 11, 64).
cost(17, 12, 12).
cost(17, 13, 81).
cost(17, 14, 26).
cost(17, 15, 66).
cost(17, 16, 44).
cost(17, 18, 55).
cost(17, 19, 20).
cost(17, 20, 43).
cost(17, 21, 56).
cost(17, 22, 5).
cost(18, 1, 14).
cost(18, 2, 29).
cost(18, 3, 69).
cost(18, 4, 34).
cost(18, 5, 61).
cost(18, 6, 46).
cost(18, 7, 58).
cost(18, 8, 65).
cost(18, 9, 47).
cost(18, 10, 39).
cost(18, 11, 57).
cost(18, 12, 57).
cost(18, 13, 41).
cost(18, 14, 75).
cost(18, 15, 26).
cost(18, 16, 26).
cost(18, 17, 55).
cost(18, 19, 55).
cost(18, 20, 17).
cost(18, 21, 6).
cost(18, 22, 53).
cost(19, 1, 46).
cost(19, 2, 53).
cost(19, 3, 36).
cost(19, 4, 63).
cost(19, 5, 16).
cost(19, 6, 65).
cost(19, 7, 6).
cost(19, 8, 10).
cost(19, 9, 15).
cost(19, 10, 17).
cost(19, 11, 47).
cost(19, 12, 9).
cost(19, 13, 71).
cost(19, 14, 21).
cost(19, 15, 58).
cost(19, 16, 53).
cost(19, 17, 20).
cost(19, 18, 55).
cost(19, 20, 40).
cost(19, 21, 54).
cost(19, 22, 24).
cost(20, 1, 7).
cost(20, 2, 23).
cost(20, 3, 53).
cost(20, 4, 32).
cost(20, 5, 44).
cost(20, 6, 40).
cost(20, 7, 43).
cost(20, 8, 49).
cost(20, 9, 34).
cost(20, 10, 25).
cost(20, 11, 43).
cost(20, 12, 43).
cost(20, 13, 40).
cost(20, 14, 60).
cost(20, 15, 24).
cost(20, 16, 31).
cost(20, 17, 43).
cost(20, 18, 17).
cost(20, 19, 40).
cost(20, 21, 15).
cost(20, 22, 43).
cost(21, 1, 10).
cost(21, 2, 24).
cost(21, 3, 65).
cost(21, 4, 28).
cost(21, 5, 59).
cost(21, 6, 40).
cost(21, 7, 58).
cost(21, 8, 64).
cost(21, 9, 48).
cost(21, 10, 39).
cost(21, 11, 52).
cost(21, 12, 57).
cost(21, 13, 35).
cost(21, 14, 75).
cost(21, 15, 20).
cost(21, 16, 31).
cost(21, 17, 56).
cost(21, 18, 6).
cost(21, 19, 54).
cost(21, 20, 15).
cost(21, 22, 55).
cost(22, 1, 50).
cost(22, 2, 64).
cost(22, 3, 61).
cost(22, 4, 73).
cost(22, 5, 41).
cost(22, 6, 79).
cost(22, 7, 21).
cost(22, 8, 30).
cost(22, 9, 12).
cost(22, 10, 21).
cost(22, 11, 67).
cost(22, 12, 16).
cost(22, 13, 82).
cost(22, 14, 31).
cost(22, 15, 66).
cost(22, 16, 40).
cost(22, 17, 5).
cost(22, 18, 53).
cost(22, 19, 24).
cost(22, 20, 43).
cost(22, 21, 55).
