dimension(22).
point(1, 68.2506190026, 72.7840002402).
point(2, 64.5356614691, 85.1065148899).
point(3, 75.0838309375, 36.6442245879).
point(4, 9.4634113489, 52.9375443584).
point(5, 6.5075406634, 45.6308570155).
point(6, 53.3810674791, 51.4077551071).
point(7, 27.6433690164, 24.5158012256).
point(8, 50.578243653, 42.8205791468).
point(9, 42.6508235218, 81.2391821905).
point(10, 20.9735194106, 43.088144443).
point(11, 45.2825794748, 25.7103972863).
point(12, 64.8923645587, 37.7436735346).
point(13, 7.4780847356, 23.294802067).
point(14, 37.9205192658, 66.6311377085).
point(15, 84.9080199722, 77.4697720442).
point(16, 13.6873438406, 43.7883599178).
point(17, 53.0812016444, 66.4567854191).
point(18, 5.4297659678, 37.1018260773).
point(19, 74.4612409111, 32.6714547128).
point(20, 5.4182822568, 9.2253495545).
point(21, 6.2983537108, 59.4880119371).
point(22, 9.5184035993, 10.6461804629).
cost(1, 2, 13).
cost(1, 3, 37).
cost(1, 4, 62).
cost(1, 5, 67).
cost(1, 6, 26).
cost(1, 7, 63).
cost(1, 8, 35).
cost(1, 9, 27).
cost(1, 10, 56).
cost(1, 11, 52).
cost(1, 12, 35).
cost(1, 13, 78).
cost(1, 14, 31).
cost(1, 15, 17).
cost(1, 16, 62).
cost(1, 17, 16).
cost(1, 18, 72).
cost(1, 19, 41).
cost(1, 20, 89).
cost(1, 21, 63).
cost(1, 22, 86).
cost(2, 1, 13).
cost(2, 3, 50).
cost(2, 4, 64).
cost(2, 5, 70).
cost(2, 6, 35).
cost(2, 7, 71).
cost(2, 8, 45).
cost(2, 9, 22).
cost(2, 10, 61).
cost(2, 11, 62).
cost(2, 12, 47).
cost(2, 13, 84).
cost(2, 14, 32).
cost(2, 15, 22).
cost(2, 16, 66).
cost(2, 17, 22).
cost(2, 18, 76).
cost(2, 19, 53).
cost(2, 20, 96).
cost(2, 21, 64).
cost(2, 22, 93).
cost(3, 1, 37).
cost(3, 2, 50).
cost(3, 4, 68).
cost(3, 5, 69).
cost(3, 6, 26).
cost(3, 7, 49).
cost(3, 8, 25).
cost(3, 9, 55).
cost(3, 10, 54).
cost(3, 11, 32).
cost(3, 12, 10).
cost(3, 13, 69).
cost(3, 14, 48).
cost(3, 15, 42).
cost(3, 16, 62).
cost(3, 17, 37).
cost(3, 18, 70).
cost(3, 19, 4).
cost(3, 20, 75).
cost(3, 21, 72).
cost(3, 22, 71).
cost(4, 1, 62).
cost(4, 2, 64).
cost(4, 3, 68).
cost(4, 5, 8).
cost(4, 6, 44).
cost(4, 7, 34).
cost(4, 8, 42).
cost(4, 9, 44).
cost(4, 10, 15).
cost(4, 11, 45).
cost(4, 12, 57).
cost(4, 13, 30).
cost(4, 14, 32).
cost(4, 15, 79).
cost(4, 16, 10).
cost(4, 17, 46).
cost(4, 18, 16).
cost(4, 19, 68).
cost(4, 20, 44).
cost(4, 21, 7).
cost(4, 22, 42).
cost(5, 1, 67).
cost(5, 2, 70).
cost(5, 3, 69).
cost(5, 4, 8).
cost(5, 6, 47).
cost(5, 7, 30).
cost(5, 8, 44).
cost(5, 9, 51).
cost(5, 10, 15).
cost(5, 11, 44).
cost(5, 12, 59).
cost(5, 13, 22).
cost(5, 14, 38).
cost(5, 15, 85).
cost(5, 16, 7).
cost(5, 17, 51).
cost(5, 18, 9).
cost(5, 19, 69).
cost(5, 20, 36).
cost(5, 21, 14).
cost(5, 22, 35).
cost(6, 1, 26).
cost(6, 2, 35).
cost(6, 3, 26).
cost(6, 4, 44).
cost(6, 5, 47).
cost(6, 7, 37).
cost(6, 8, 9).
cost(6, 9, 32).
cost(6, 10, 33).
cost(6, 11, 27).
cost(6, 12, 18).
cost(6, 13, 54).
cost(6, 14, 22).
cost(6, 15, 41).
cost(6, 16, 40).
cost(6, 17, 15).
cost(6, 18, 50).
cost(6, 19, 28).
cost(6, 20, 64).
cost(6, 21, 48).
cost(6, 22, 60).
cost(7, 1, 63).
cost(7, 2, 71).
cost(7, 3, 49).
cost(7, 4, 34).
cost(7, 5, 30).
cost(7, 6, 37).
cost(7, 8, 29).
cost(7, 9, 59).
cost(7, 10, 20).
cost(7, 11, 18).
cost(7, 12, 40).
cost(7, 13, 20).
cost(7, 14, 43).
cost(7, 15, 78).
cost(7, 16, 24).
cost(7, 17, 49).
cost(7, 18, 26).
cost(7, 19, 48).
cost(7, 20, 27).
cost(7, 21, 41).
cost(7, 22, 23).
cost(8, 1, 35).
cost(8, 2, 45).
cost(8, 3, 25).
cost(8, 4, 42).
cost(8, 5, 44).
cost(8, 6, 9).
cost(8, 7, 29).
cost(8, 9, 39).
cost(8, 10, 30).
cost(8, 11, 18).
cost(8, 12, 15).
cost(8, 13, 47).
cost(8, 14, 27).
cost(8, 15, 49).
cost(8, 16, 37).
cost(8, 17, 24).
cost(8, 18, 46).
cost(8, 19, 26).
cost(8, 20, 56).
cost(8, 21, 47).
cost(8, 22, 52).
cost(9, 1, 27).
cost(9, 2, 22).
cost(9, 3, 55).
cost(9, 4, 44).
cost(9, 5, 51).
cost(9, 6, 32).
cost(9, 7, 59).
cost(9, 8, 39).
cost(9, 10, 44).
cost(9, 11, 56).
cost(9, 12, 49).
cost(9, 13, 68).
cost(9, 14, 15).
cost(9, 15, 42).
cost(9, 16, 47).
cost(9, 17, 18).
cost(9, 18, 58).
cost(9, 19, 58).
cost(9, 20, 81).
cost(9, 21, 42).
cost(9, 22, 78).
cost(10, 1, 56).
cost(10, 2, 61).
cost(10, 3, 54).
cost(10, 4, 15).
cost(10, 5, 15).
cost(10, 6, 33).
cost(10, 7, 20).
cost(10, 8, 30).
cost(10, 9, 44).
cost(10, 11, 30).
cost(10, 12, 44).
cost(10, 13, 24).
cost(10, 14, 29).
cost(10, 15, 73).
cost(10, 16, 7).
cost(10, 17, 40).
cost(10, 18, 17).
cost(10, 19, 54).
cost(10, 20, 37).
cost(10, 21, 22).
cost(10, 22, 34).
cost(11, 1, 52).
cost(11, 2, 62).
cost(11, 3, 32).
cost(11, 4, 45).
cost(11, 5, 44).
cost(11, 6, 27).
cost(11, 7, 18).
cost(11, 8, 18).
cost(11, 9, 56).
cost(11, 10, 30).
cost(11, 12, 23).
cost(11, 13, 38).
cost(11, 14, 42).
cost(11, 15, 65).
cost(11, 16, 36).
cost(11, 17, 41).
cost(11, 18, 41).
cost(11, 19, 30).
cost(11, 20, 43).
cost(11, 21, 52).
cost(11, 22, 39).
cost(12, 1, 35).
cost(12, 2, 47).
cost(12, 3, 10).
cost(12, 4, 57).
cost(12, 5, 59).
cost(12, 6, 18).
cost(12, 7, 40).
cost(12, 8, 15).
cost(12, 9, 49).
cost(12, 10, 44).
cost(12, 11, 23).
cost(12, 13, 59).
cost(12, 14, 40).
cost(12, 15, 44).
cost(12, 16, 52).
cost(12, 17, 31).
cost(12, 18, 59).
cost(12, 19, 11).
cost(12, 20, 66).
cost(12, 21, 62).
cost(12, 22, 62).
cost(13, 1, 78).
cost(13, 2, 84).
cost(13, 3, 69).
cost(13, 4, 30).
cost(13, 5, 22).
cost(13, 6, 54).
cost(13, 7, 20).
cost(13, 8, 47).
cost(13, 9, 68).
cost(13, 10, 24).
cost(13, 11, 38).
cost(13, 12, 59).
cost(13, 14, 53).
cost(13, 15, 95).
cost(13, 16, 21).
cost(13, 17, 63).
cost(13, 18, 14).
cost(13, 19, 68).
cost(13, 20, 14).
cost(13, 21, 36).
cost(13, 22, 13).
cost(14, 1, 31).
cost(14, 2, 32).
cost(14, 3, 48).
cost(14, 4, 32).
cost(14, 5, 38).
cost(14, 6, 22).
cost(14, 7, 43).
cost(14, 8, 27).
cost(14, 9, 15).
cost(14, 10, 29).
cost(14, 11, 42).
cost(14, 12, 40).
cost(14, 13, 53).
cost(14, 15, 48).
cost(14, 16, 33).
cost(14, 17, 15).
cost(14, 18, 44).
cost(14, 19, 50).
cost(14, 20, 66).
cost(14, 21, 32).
cost(14, 22, 63).
cost(15, 1, 17).
cost(15, 2, 22).
cost(15, 3, 42).
cost(15, 4, 79).
cost(15, 5, 85).
cost(15, 6, 41).
cost(15, 7, 78).
cost(15, 8, 49).
cost(15, 9, 42).
cost(15, 10, 73).
cost(15, 11, 65).
cost(15, 12, 44).
cost(15, 13, 95).
cost(15, 14, 48).
cost(15, 16, 79).
cost(15, 17, 34).
cost(15, 18, 89).
cost(15, 19, 46).
cost(15, 20, 105).
cost(15, 21, 81).
cost(15, 22, 101).
cost(16, 1, 62).
cost(16, 2, 66).
cost(16, 3, 62).
cost(16, 4, 10).
cost(16, 5, 7).
cost(16, 6, 40).
cost(16, 7, 24).
cost(16, 8, 37).
cost(16, 9, 47).
cost(16, 10, 7).
cost(16, 11, 36).
cost(16, 12, 52).
cost(16, 13, 21).
cost(16, 14, 33).
cost(16, 15, 79).
cost(16, 17, 45).
cost(16, 18, 11).
cost(16, 19, 62).
cost(16, 20, 36).
cost(16, 21, 17).
cost(16, 22, 33).
cost(17, 1, 16).
cost(17, 2, 22).
cost(17, 3, 37).
cost(17, 4, 46).
cost(17, 5, 51).
cost(17, 6, 15).
cost(17, 7, 49).
cost(17, 8, 24).
cost(17, 9, 18).
cost(17, 10, 40).
cost(17, 11, 41).
cost(17, 12, 31).
cost(17, 13, 63).
cost(17, 14, 15).
cost(17, 15, 34).
cost(17, 16, 45).
cost(17, 18, 56).
cost(17, 19, 40).
cost(17, 20, 74).
cost(17, 21, 47).
cost(17, 22, 71).
cost(18, 1, 72).
cost(18, 2, 76).
cost(18, 3, 70).
cost(18, 4, 16).
cost(18, 5, 9).
cost(18, 6, 50).
cost(18, 7, 26).
cost(18, 8, 46).
cost(18, 9, 58).
cost(18, 10, 17).
cost(18, 11, 41).
cost(18, 12, 59).
cost(18, 13, 14).
cost(18, 14, 44).
cost(18, 15, 89).
cost(18, 16, 11).
cost(18, 17, 56).
cost(18, 19, 69).
cost(18, 20, 28).
cost(18, 21, 22).
cost(18, 22, 27).
cost(19, 1, 41).
cost(19, 2, 53).
cost(19, 3, 4).
cost(19, 4, 68).
cost(19, 5, 69).
cost(19, 6, 28).
cost(19, 7, 48).
cost(19, 8, 26).
cost(19, 9, 58).
cost(19, 10, 54).
cost(19, 11, 30).
cost(19, 12, 11).
cost(19, 13, 68).
cost(19, 14, 50).
cost(19, 15, 46).
cost(19, 16, 62).
cost(19, 17, 40).
cost(19, 18, 69).
cost(19, 20, 73).
cost(19, 21, 73).
cost(19, 22, 69).
cost(20, 1, 89).
cost(20, 2, 96).
cost(20, 3, 75).
cost(20, 4, 44).
cost(20, 5, 36).
cost(20, 6, 64).
cost(20, 7, 27).
cost(20, 8, 56).
cost(20, 9, 81).
cost(20, 10, 37).
cost(20, 11, 43).
cost(20, 12, 66).
cost(20, 13, 14).
cost(20, 14, 66).
cost(20, 15, 105).
cost(20, 16, 36).
cost(20, 17, 74).
cost(20, 18, 28).
cost(20, 19, 73).
cost(20, 21, 50).
cost(20, 22, 4).
cost(21, 1, 63).
cost(21, 2, 64).
cost(21, 3, 72).
cost(21, 4, 7).
cost(21, 5, 14).
cost(21, 6, 48).
cost(21, 7, 41).
cost(21, 8, 47).
cost(21, 9, 42).
cost(21, 10, 22).
cost(21, 11, 52).
cost(21, 12, 62).
cost(21, 13, 36).
cost(21, 14, 32).
cost(21, 15, 81).
cost(21, 16, 17).
cost(21, 17, 47).
cost(21, 18, 22).
cost(21, 19, 73).
cost(21, 20, 50).
cost(21, 22, 49).
cost(22, 1, 86).
cost(22, 2, 93).
cost(22, 3, 71).
cost(22, 4, 42).
cost(22, 5, 35).
cost(22, 6, 60).
cost(22, 7, 23).
cost(22, 8, 52).
cost(22, 9, 78).
cost(22, 10, 34).
cost(22, 11, 39).
cost(22, 12, 62).
cost(22, 13, 13).
cost(22, 14, 63).
cost(22, 15, 101).
cost(22, 16, 33).
cost(22, 17, 71).
cost(22, 18, 27).
cost(22, 19, 69).
cost(22, 20, 4).
cost(22, 21, 49).
