dimension(22).
point(1, 14.4475102914, 88.0659468079).
point(2, 43.0902008904, 89.4534471429).
point(3, 50.785738419, 81.7038692306).
point(4, 12.3856214171, 68.8628516839).
point(5, 50.1060609849, 39.4808627395).
point(6, 27.4490783117, 73.0670980646).
point(7, 30.7809874187, 83.7106854504).
point(8, 61.2110274389, 42.6379180449).
point(9, 80.9531298066, 38.4392491025).
point(10, 69.0937502362, 54.2483678098).
point(11, 53.1503954762, 30.4795750378).
point(12, 41.6557978565, 84.1166700117).
point(13, 64.2248245856, 95.2758790853).
point(14, 65.5477341448, 88.1269496043).
point(15, 26.6606087545, 79.1354257634).
point(16, 82.1692754951, 54.717587604).
point(17, 54.1357988063, 27.3704322379).
point(18, 62.977939018, 22.9373661585).
point(19, 41.0298134403, 92.646043152).
point(20, 82.2831352979, 29.6330144924).
point(21, 76.960920468, 17.1094724609).
point(22, 88.4842613684, 42.6983948908).
cost(1, 2, 29).
cost(1, 3, 37).
cost(1, 4, 19).
cost(1, 5, 60).
cost(1, 6, 20).
cost(1, 7, 17).
cost(1, 8, 65).
cost(1, 9, 83).
cost(1, 10, 64).
cost(1, 11, 69).
cost(1, 12, 27).
cost(1, 13, 50).
cost(1, 14, 51).
cost(1, 15, 15).
cost(1, 16, 75).
cost(1, 17, 73).
cost(1, 18, 81).
cost(1, 19, 27).
cost(1, 20, 90).
cost(1, 21, 95).
cost(1, 22, 87).
cost(2, 1, 29).
cost(2, 3, 11).
cost(2, 4, 37).
cost(2, 5, 50).
cost(2, 6, 23).
cost(2, 7, 14).
cost(2, 8, 50).
cost(2, 9, 64).
cost(2, 10, 44).
cost(2, 11, 60).
cost(2, 12, 6).
cost(2, 13, 22).
cost(2, 14, 22).
cost(2, 15, 19).
cost(2, 16, 52).
cost(2, 17, 63).
cost(2, 18, 69).
cost(2, 19, 4).
cost(2, 20, 72).
cost(2, 21, 80).
cost(2, 22, 65).
cost(3, 1, 37).
cost(3, 2, 11).
cost(3, 4, 40).
cost(3, 5, 42).
cost(3, 6, 25).
cost(3, 7, 20).
cost(3, 8, 40).
cost(3, 9, 53).
cost(3, 10, 33).
cost(3, 11, 51).
cost(3, 12, 9).
cost(3, 13, 19).
cost(3, 14, 16).
cost(3, 15, 24).
cost(3, 16, 41).
cost(3, 17, 54).
cost(3, 18, 60).
cost(3, 19, 15).
cost(3, 20, 61).
cost(3, 21, 70).
cost(3, 22, 54).
cost(4, 1, 19).
cost(4, 2, 37).
cost(4, 3, 40).
cost(4, 5, 48).
cost(4, 6, 16).
cost(4, 7, 24).
cost(4, 8, 55).
cost(4, 9, 75).
cost(4, 10, 59).
cost(4, 11, 56).
cost(4, 12, 33).
cost(4, 13, 58).
cost(4, 14, 57).
cost(4, 15, 18).
cost(4, 16, 71).
cost(4, 17, 59).
cost(4, 18, 68).
cost(4, 19, 37).
cost(4, 20, 80).
cost(4, 21, 83).
cost(4, 22, 80).
cost(5, 1, 60).
cost(5, 2, 50).
cost(5, 3, 42).
cost(5, 4, 48).
cost(5, 6, 41).
cost(5, 7, 48).
cost(5, 8, 12).
cost(5, 9, 31).
cost(5, 10, 24).
cost(5, 11, 10).
cost(5, 12, 45).
cost(5, 13, 58).
cost(5, 14, 51).
cost(5, 15, 46).
cost(5, 16, 35).
cost(5, 17, 13).
cost(5, 18, 21).
cost(5, 19, 54).
cost(5, 20, 34).
cost(5, 21, 35).
cost(5, 22, 39).
cost(6, 1, 20).
cost(6, 2, 23).
cost(6, 3, 25).
cost(6, 4, 16).
cost(6, 5, 41).
cost(6, 7, 11).
cost(6, 8, 45).
cost(6, 9, 64).
cost(6, 10, 46).
cost(6, 11, 50).
cost(6, 12, 18).
cost(6, 13, 43).
cost(6, 14, 41).
cost(6, 15, 6).
cost(6, 16, 58).
cost(6, 17, 53).
cost(6, 18, 61).
cost(6, 19, 24).
cost(6, 20, 70).
cost(6, 21, 75).
cost(6, 22, 68).
cost(7, 1, 17).
cost(7, 2, 14).
cost(7, 3, 20).
cost(7, 4, 24).
cost(7, 5, 48).
cost(7, 6, 11).
cost(7, 8, 51).
cost(7, 9, 68).
cost(7, 10, 48).
cost(7, 11, 58).
cost(7, 12, 11).
cost(7, 13, 35).
cost(7, 14, 35).
cost(7, 15, 6).
cost(7, 16, 59).
cost(7, 17, 61).
cost(7, 18, 69).
cost(7, 19, 14).
cost(7, 20, 75).
cost(7, 21, 81).
cost(7, 22, 71).
cost(8, 1, 65).
cost(8, 2, 50).
cost(8, 3, 40).
cost(8, 4, 55).
cost(8, 5, 12).
cost(8, 6, 45).
cost(8, 7, 51).
cost(8, 9, 20).
cost(8, 10, 14).
cost(8, 11, 15).
cost(8, 12, 46).
cost(8, 13, 53).
cost(8, 14, 46).
cost(8, 15, 50).
cost(8, 16, 24).
cost(8, 17, 17).
cost(8, 18, 20).
cost(8, 19, 54).
cost(8, 20, 25).
cost(8, 21, 30).
cost(8, 22, 27).
cost(9, 1, 83).
cost(9, 2, 64).
cost(9, 3, 53).
cost(9, 4, 75).
cost(9, 5, 31).
cost(9, 6, 64).
cost(9, 7, 68).
cost(9, 8, 20).
cost(9, 10, 20).
cost(9, 11, 29).
cost(9, 12, 60).
cost(9, 13, 59).
cost(9, 14, 52).
cost(9, 15, 68).
cost(9, 16, 16).
cost(9, 17, 29).
cost(9, 18, 24).
cost(9, 19, 67).
cost(9, 20, 9).
cost(9, 21, 22).
cost(9, 22, 9).
cost(10, 1, 64).
cost(10, 2, 44).
cost(10, 3, 33).
cost(10, 4, 59).
cost(10, 5, 24).
cost(10, 6, 46).
cost(10, 7, 48).
cost(10, 8, 14).
cost(10, 9, 20).
cost(10, 11, 29).
cost(10, 12, 41).
cost(10, 13, 41).
cost(10, 14, 34).
cost(10, 15, 49).
cost(10, 16, 13).
cost(10, 17, 31).
cost(10, 18, 32).
cost(10, 19, 48).
cost(10, 20, 28).
cost(10, 21, 38).
cost(10, 22, 23).
cost(11, 1, 69).
cost(11, 2, 60).
cost(11, 3, 51).
cost(11, 4, 56).
cost(11, 5, 10).
cost(11, 6, 50).
cost(11, 7, 58).
cost(11, 8, 15).
cost(11, 9, 29).
cost(11, 10, 29).
cost(11, 12, 55).
cost(11, 13, 66).
cost(11, 14, 59).
cost(11, 15, 55).
cost(11, 16, 38).
cost(11, 17, 3).
cost(11, 18, 12).
cost(11, 19, 63).
cost(11, 20, 29).
cost(11, 21, 27).
cost(11, 22, 37).
cost(12, 1, 27).
cost(12, 2, 6).
cost(12, 3, 9).
cost(12, 4, 33).
cost(12, 5, 45).
cost(12, 6, 18).
cost(12, 7, 11).
cost(12, 8, 46).
cost(12, 9, 60).
cost(12, 10, 41).
cost(12, 11, 55).
cost(12, 13, 25).
cost(12, 14, 24).
cost(12, 15, 16).
cost(12, 16, 50).
cost(12, 17, 58).
cost(12, 18, 65).
cost(12, 19, 9).
cost(12, 20, 68).
cost(12, 21, 76).
cost(12, 22, 63).
cost(13, 1, 50).
cost(13, 2, 22).
cost(13, 3, 19).
cost(13, 4, 58).
cost(13, 5, 58).
cost(13, 6, 43).
cost(13, 7, 35).
cost(13, 8, 53).
cost(13, 9, 59).
cost(13, 10, 41).
cost(13, 11, 66).
cost(13, 12, 25).
cost(13, 14, 7).
cost(13, 15, 41).
cost(13, 16, 44).
cost(13, 17, 69).
cost(13, 18, 72).
cost(13, 19, 23).
cost(13, 20, 68).
cost(13, 21, 79).
cost(13, 22, 58).
cost(14, 1, 51).
cost(14, 2, 22).
cost(14, 3, 16).
cost(14, 4, 57).
cost(14, 5, 51).
cost(14, 6, 41).
cost(14, 7, 35).
cost(14, 8, 46).
cost(14, 9, 52).
cost(14, 10, 34).
cost(14, 11, 59).
cost(14, 12, 24).
cost(14, 13, 7).
cost(14, 15, 40).
cost(14, 16, 37).
cost(14, 17, 62).
cost(14, 18, 65).
cost(14, 19, 25).
cost(14, 20, 61).
cost(14, 21, 72).
cost(14, 22, 51).
cost(15, 1, 15).
cost(15, 2, 19).
cost(15, 3, 24).
cost(15, 4, 18).
cost(15, 5, 46).
cost(15, 6, 6).
cost(15, 7, 6).
cost(15, 8, 50).
cost(15, 9, 68).
cost(15, 10, 49).
cost(15, 11, 55).
cost(15, 12, 16).
cost(15, 13, 41).
cost(15, 14, 40).
cost(15, 16, 61).
cost(15, 17, 59).
cost(15, 18, 67).
cost(15, 19, 20).
cost(15, 20, 74).
cost(15, 21, 80).
cost(15, 22, 72).
cost(16, 1, 75).
cost(16, 2, 52).
cost(16, 3, 41).
cost(16, 4, 71).
cost(16, 5, 35).
cost(16, 6, 58).
cost(16, 7, 59).
cost(16, 8, 24).
cost(16, 9, 16).
cost(16, 10, 13).
cost(16, 11, 38).
cost(16, 12, 50).
cost(16, 13, 44).
cost(16, 14, 37).
cost(16, 15, 61).
cost(16, 17, 39).
cost(16, 18, 37).
cost(16, 19, 56).
cost(16, 20, 25).
cost(16, 21, 38).
cost(16, 22, 14).
cost(17, 1, 73).
cost(17, 2, 63).
cost(17, 3, 54).
cost(17, 4, 59).
cost(17, 5, 13).
cost(17, 6, 53).
cost(17, 7, 61).
cost(17, 8, 17).
cost(17, 9, 29).
cost(17, 10, 31).
cost(17, 11, 3).
cost(17, 12, 58).
cost(17, 13, 69).
cost(17, 14, 62).
cost(17, 15, 59).
cost(17, 16, 39).
cost(17, 18, 10).
cost(17, 19, 67).
cost(17, 20, 28).
cost(17, 21, 25).
cost(17, 22, 38).
cost(18, 1, 81).
cost(18, 2, 69).
cost(18, 3, 60).
cost(18, 4, 68).
cost(18, 5, 21).
cost(18, 6, 61).
cost(18, 7, 69).
cost(18, 8, 20).
cost(18, 9, 24).
cost(18, 10, 32).
cost(18, 11, 12).
cost(18, 12, 65).
cost(18, 13, 72).
cost(18, 14, 65).
cost(18, 15, 67).
cost(18, 16, 37).
cost(18, 17, 10).
cost(18, 19, 73).
cost(18, 20, 20).
cost(18, 21, 15).
cost(18, 22, 32).
cost(19, 1, 27).
cost(19, 2, 4).
cost(19, 3, 15).
cost(19, 4, 37).
cost(19, 5, 54).
cost(19, 6, 24).
cost(19, 7, 14).
cost(19, 8, 54).
cost(19, 9, 67).
cost(19, 10, 48).
cost(19, 11, 63).
cost(19, 12, 9).
cost(19, 13, 23).
cost(19, 14, 25).
cost(19, 15, 20).
cost(19, 16, 56).
cost(19, 17, 67).
cost(19, 18, 73).
cost(19, 20, 75).
cost(19, 21, 84).
cost(19, 22, 69).
cost(20, 1, 90).
cost(20, 2, 72).
cost(20, 3, 61).
cost(20, 4, 80).
cost(20, 5, 34).
cost(20, 6, 70).
cost(20, 7, 75).
cost(20, 8, 25).
cost(20, 9, 9).
cost(20, 10, 28).
cost(20, 11, 29).
cost(20, 12, 68).
cost(20, 13, 68).
cost(20, 14, 61).
cost(20, 15, 74).
cost(20, 16, 25).
cost(20, 17, 28).
cost(20, 18, 20).
cost(20, 19, 75).
cost(20, 21, 14).
cost(20, 22, 14).
cost(21, 1, 95).
cost(21, 2, 80).
cost(21, 3, 70).
cost(21, 4, 83).
cost(21, 5, 35).
cost(21, 6, 75).
cost(21, 7, 81).
cost(21, 8, 30).
cost(21, 9, 22).
cost(21, 10, 38).
cost(21, 11, 27).
cost(21, 12, 76).
cost(21, 13, 79).
cost(21, 14, 72).
cost(21, 15, 80).
cost(21, 16, 38).
cost(21, 17, 25).
cost(21, 18, 15).
cost(21, 19, 84).
cost(21, 20, 14).
cost(21, 22, 28).
cost(22, 1, 87).
cost(22, 2, 65).
cost(22, 3, 54).
cost(22, 4, 80).
cost(22, 5, 39).
cost(22, 6, 68).
cost(22, 7, 71).
cost(22, 8, 27).
cost(22, 9, 9).
cost(22, 10, 23).
cost(22, 11, 37).
cost(22, 12, 63).
cost(22, 13, 58).
cost(22, 14, 51).
cost(22, 15, 72).
cost(22, 16, 14).
cost(22, 17, 38).
cost(22, 18, 32).
cost(22, 19, 69).
cost(22, 20, 14).
cost(22, 21, 28).
