dimension(22).
point(1, 87.1367070169, 34.2368151699).
point(2, 68.9552735739, 14.1513162742).
point(3, 18.5249607835, 34.444309584).
point(4, 51.1862206475, 6.4263648654).
point(5, 84.6589660008, 58.6613989815).
point(6, 81.7209003262, 60.7539753735).
point(7, 6.4013031488, 22.5131652566).
point(8, 6.8732982783, 67.68354514).
point(9, 40.4465313353, 33.8405944716).
point(10, 18.8373381249, 55.3218411096).
point(11, 65.2488032651, 60.0680934199).
point(12, 76.2513699514, 19.0721838518).
point(13, 0.246888398, 50.9122827242).
point(14, 67.862010221, 34.8717341021).
point(15, 18.7676017614, 46.637568443).
point(16, 25.6044312423, 82.2615371966).
point(17, 20.6059918476, 65.6438608946).
point(18, 10.9110205295, 28.9965525974).
point(19, 16.9749606796, 61.9787386249).
point(20, 72.7646736593, 5.3722148833).
point(21, 53.7594419212, 37.8024804993).
point(22, 2.7117568176, 45.5452737254).
cost(1, 2, 27).
cost(1, 3, 69).
cost(1, 4, 45).
cost(1, 5, 25).
cost(1, 6, 27).
cost(1, 7, 82).
cost(1, 8, 87).
cost(1, 9, 47).
cost(1, 10, 71).
cost(1, 11, 34).
cost(1, 12, 19).
cost(1, 13, 88).
cost(1, 14, 19).
cost(1, 15, 69).
cost(1, 16, 78).
cost(1, 17, 74).
cost(1, 18, 76).
cost(1, 19, 75).
cost(1, 20, 32).
cost(1, 21, 34).
cost(1, 22, 85).
cost(2, 1, 27).
cost(2, 3, 54).
cost(2, 4, 19).
cost(2, 5, 47).
cost(2, 6, 48).
cost(2, 7, 63).
cost(2, 8, 82).
cost(2, 9, 35).
cost(2, 10, 65).
cost(2, 11, 46).
cost(2, 12, 9).
cost(2, 13, 78).
cost(2, 14, 21).
cost(2, 15, 60).
cost(2, 16, 81).
cost(2, 17, 71).
cost(2, 18, 60).
cost(2, 19, 71).
cost(2, 20, 10).
cost(2, 21, 28).
cost(2, 22, 73).
cost(3, 1, 69).
cost(3, 2, 54).
cost(3, 4, 43).
cost(3, 5, 70).
cost(3, 6, 68).
cost(3, 7, 17).
cost(3, 8, 35).
cost(3, 9, 22).
cost(3, 10, 21).
cost(3, 11, 53).
cost(3, 12, 60).
cost(3, 13, 25).
cost(3, 14, 49).
cost(3, 15, 12).
cost(3, 16, 48).
cost(3, 17, 31).
cost(3, 18, 9).
cost(3, 19, 28).
cost(3, 20, 62).
cost(3, 21, 35).
cost(3, 22, 19).
cost(4, 1, 45).
cost(4, 2, 19).
cost(4, 3, 43).
cost(4, 5, 62).
cost(4, 6, 62).
cost(4, 7, 48).
cost(4, 8, 76).
cost(4, 9, 29).
cost(4, 10, 59).
cost(4, 11, 55).
cost(4, 12, 28).
cost(4, 13, 68).
cost(4, 14, 33).
cost(4, 15, 52).
cost(4, 16, 80).
cost(4, 17, 67).
cost(4, 18, 46).
cost(4, 19, 65).
cost(4, 20, 22).
cost(4, 21, 31).
cost(4, 22, 62).
cost(5, 1, 25).
cost(5, 2, 47).
cost(5, 3, 70).
cost(5, 4, 62).
cost(5, 6, 4).
cost(5, 7, 86).
cost(5, 8, 78).
cost(5, 9, 51).
cost(5, 10, 66).
cost(5, 11, 19).
cost(5, 12, 40).
cost(5, 13, 85).
cost(5, 14, 29).
cost(5, 15, 67).
cost(5, 16, 64).
cost(5, 17, 64).
cost(5, 18, 79).
cost(5, 19, 68).
cost(5, 20, 55).
cost(5, 21, 37).
cost(5, 22, 83).
cost(6, 1, 27).
cost(6, 2, 48).
cost(6, 3, 68).
cost(6, 4, 62).
cost(6, 5, 4).
cost(6, 7, 84).
cost(6, 8, 75).
cost(6, 9, 49).
cost(6, 10, 63).
cost(6, 11, 16).
cost(6, 12, 42).
cost(6, 13, 82).
cost(6, 14, 29).
cost(6, 15, 65).
cost(6, 16, 60).
cost(6, 17, 61).
cost(6, 18, 78).
cost(6, 19, 65).
cost(6, 20, 56).
cost(6, 21, 36).
cost(6, 22, 80).
cost(7, 1, 82).
cost(7, 2, 63).
cost(7, 3, 17).
cost(7, 4, 48).
cost(7, 5, 86).
cost(7, 6, 84).
cost(7, 8, 45).
cost(7, 9, 36).
cost(7, 10, 35).
cost(7, 11, 70).
cost(7, 12, 70).
cost(7, 13, 29).
cost(7, 14, 63).
cost(7, 15, 27).
cost(7, 16, 63).
cost(7, 17, 45).
cost(7, 18, 8).
cost(7, 19, 41).
cost(7, 20, 69).
cost(7, 21, 50).
cost(7, 22, 23).
cost(8, 1, 87).
cost(8, 2, 82).
cost(8, 3, 35).
cost(8, 4, 76).
cost(8, 5, 78).
cost(8, 6, 75).
cost(8, 7, 45).
cost(8, 9, 48).
cost(8, 10, 17).
cost(8, 11, 59).
cost(8, 12, 85).
cost(8, 13, 18).
cost(8, 14, 69).
cost(8, 15, 24).
cost(8, 16, 24).
cost(8, 17, 14).
cost(8, 18, 39).
cost(8, 19, 12).
cost(8, 20, 91).
cost(8, 21, 56).
cost(8, 22, 23).
cost(9, 1, 47).
cost(9, 2, 35).
cost(9, 3, 22).
cost(9, 4, 29).
cost(9, 5, 51).
cost(9, 6, 49).
cost(9, 7, 36).
cost(9, 8, 48).
cost(9, 10, 30).
cost(9, 11, 36).
cost(9, 12, 39).
cost(9, 13, 44).
cost(9, 14, 27).
cost(9, 15, 25).
cost(9, 16, 51).
cost(9, 17, 37).
cost(9, 18, 30).
cost(9, 19, 37).
cost(9, 20, 43).
cost(9, 21, 14).
cost(9, 22, 40).
cost(10, 1, 71).
cost(10, 2, 65).
cost(10, 3, 21).
cost(10, 4, 59).
cost(10, 5, 66).
cost(10, 6, 63).
cost(10, 7, 35).
cost(10, 8, 17).
cost(10, 9, 30).
cost(10, 11, 47).
cost(10, 12, 68).
cost(10, 13, 19).
cost(10, 14, 53).
cost(10, 15, 9).
cost(10, 16, 28).
cost(10, 17, 10).
cost(10, 18, 27).
cost(10, 19, 7).
cost(10, 20, 74).
cost(10, 21, 39).
cost(10, 22, 19).
cost(11, 1, 34).
cost(11, 2, 46).
cost(11, 3, 53).
cost(11, 4, 55).
cost(11, 5, 19).
cost(11, 6, 16).
cost(11, 7, 70).
cost(11, 8, 59).
cost(11, 9, 36).
cost(11, 10, 47).
cost(11, 12, 42).
cost(11, 13, 66).
cost(11, 14, 25).
cost(11, 15, 48).
cost(11, 16, 45).
cost(11, 17, 45).
cost(11, 18, 63).
cost(11, 19, 48).
cost(11, 20, 55).
cost(11, 21, 25).
cost(11, 22, 64).
cost(12, 1, 19).
cost(12, 2, 9).
cost(12, 3, 60).
cost(12, 4, 28).
cost(12, 5, 40).
cost(12, 6, 42).
cost(12, 7, 70).
cost(12, 8, 85).
cost(12, 9, 39).
cost(12, 10, 68).
cost(12, 11, 42).
cost(12, 13, 82).
cost(12, 14, 18).
cost(12, 15, 64).
cost(12, 16, 81).
cost(12, 17, 73).
cost(12, 18, 66).
cost(12, 19, 73).
cost(12, 20, 14).
cost(12, 21, 29).
cost(12, 22, 78).
cost(13, 1, 88).
cost(13, 2, 78).
cost(13, 3, 25).
cost(13, 4, 68).
cost(13, 5, 85).
cost(13, 6, 82).
cost(13, 7, 29).
cost(13, 8, 18).
cost(13, 9, 44).
cost(13, 10, 19).
cost(13, 11, 66).
cost(13, 12, 82).
cost(13, 14, 69).
cost(13, 15, 19).
cost(13, 16, 40).
cost(13, 17, 25).
cost(13, 18, 24).
cost(13, 19, 20).
cost(13, 20, 86).
cost(13, 21, 55).
cost(13, 22, 6).
cost(14, 1, 19).
cost(14, 2, 21).
cost(14, 3, 49).
cost(14, 4, 33).
cost(14, 5, 29).
cost(14, 6, 29).
cost(14, 7, 63).
cost(14, 8, 69).
cost(14, 9, 27).
cost(14, 10, 53).
cost(14, 11, 25).
cost(14, 12, 18).
cost(14, 13, 69).
cost(14, 15, 50).
cost(14, 16, 63).
cost(14, 17, 56).
cost(14, 18, 57).
cost(14, 19, 58).
cost(14, 20, 30).
cost(14, 21, 14).
cost(14, 22, 66).
cost(15, 1, 69).
cost(15, 2, 60).
cost(15, 3, 12).
cost(15, 4, 52).
cost(15, 5, 67).
cost(15, 6, 65).
cost(15, 7, 27).
cost(15, 8, 24).
cost(15, 9, 25).
cost(15, 10, 9).
cost(15, 11, 48).
cost(15, 12, 64).
cost(15, 13, 19).
cost(15, 14, 50).
cost(15, 16, 36).
cost(15, 17, 19).
cost(15, 18, 19).
cost(15, 19, 15).
cost(15, 20, 68).
cost(15, 21, 36).
cost(15, 22, 16).
cost(16, 1, 78).
cost(16, 2, 81).
cost(16, 3, 48).
cost(16, 4, 80).
cost(16, 5, 64).
cost(16, 6, 60).
cost(16, 7, 63).
cost(16, 8, 24).
cost(16, 9, 51).
cost(16, 10, 28).
cost(16, 11, 45).
cost(16, 12, 81).
cost(16, 13, 40).
cost(16, 14, 63).
cost(16, 15, 36).
cost(16, 17, 17).
cost(16, 18, 55).
cost(16, 19, 22).
cost(16, 20, 90).
cost(16, 21, 53).
cost(16, 22, 43).
cost(17, 1, 74).
cost(17, 2, 71).
cost(17, 3, 31).
cost(17, 4, 67).
cost(17, 5, 64).
cost(17, 6, 61).
cost(17, 7, 45).
cost(17, 8, 14).
cost(17, 9, 37).
cost(17, 10, 10).
cost(17, 11, 45).
cost(17, 12, 73).
cost(17, 13, 25).
cost(17, 14, 56).
cost(17, 15, 19).
cost(17, 16, 17).
cost(17, 18, 38).
cost(17, 19, 5).
cost(17, 20, 80).
cost(17, 21, 43).
cost(17, 22, 27).
cost(18, 1, 76).
cost(18, 2, 60).
cost(18, 3, 9).
cost(18, 4, 46).
cost(18, 5, 79).
cost(18, 6, 78).
cost(18, 7, 8).
cost(18, 8, 39).
cost(18, 9, 30).
cost(18, 10, 27).
cost(18, 11, 63).
cost(18, 12, 66).
cost(18, 13, 24).
cost(18, 14, 57).
cost(18, 15, 19).
cost(18, 16, 55).
cost(18, 17, 38).
cost(18, 19, 34).
cost(18, 20, 66).
cost(18, 21, 44).
cost(18, 22, 18).
cost(19, 1, 75).
cost(19, 2, 71).
cost(19, 3, 28).
cost(19, 4, 65).
cost(19, 5, 68).
cost(19, 6, 65).
cost(19, 7, 41).
cost(19, 8, 12).
cost(19, 9, 37).
cost(19, 10, 7).
cost(19, 11, 48).
cost(19, 12, 73).
cost(19, 13, 20).
cost(19, 14, 58).
cost(19, 15, 15).
cost(19, 16, 22).
cost(19, 17, 5).
cost(19, 18, 34).
cost(19, 20, 79).
cost(19, 21, 44).
cost(19, 22, 22).
cost(20, 1, 32).
cost(20, 2, 10).
cost(20, 3, 62).
cost(20, 4, 22).
cost(20, 5, 55).
cost(20, 6, 56).
cost(20, 7, 69).
cost(20, 8, 91).
cost(20, 9, 43).
cost(20, 10, 74).
cost(20, 11, 55).
cost(20, 12, 14).
cost(20, 13, 86).
cost(20, 14, 30).
cost(20, 15, 68).
cost(20, 16, 90).
cost(20, 17, 80).
cost(20, 18, 66).
cost(20, 19, 79).
cost(20, 21, 38).
cost(20, 22, 81).
cost(21, 1, 34).
cost(21, 2, 28).
cost(21, 3, 35).
cost(21, 4, 31).
cost(21, 5, 37).
cost(21, 6, 36).
cost(21, 7, 50).
cost(21, 8, 56).
cost(21, 9, 14).
cost(21, 10, 39).
cost(21, 11, 25).
cost(21, 12, 29).
cost(21, 13, 55).
cost(21, 14, 14).
cost(21, 15, 36).
cost(21, 16, 53).
cost(21, 17, 43).
cost(21, 18, 44).
cost(21, 19, 44).
cost(21, 20, 38).
cost(21, 22, 52).
cost(22, 1, 85).
cost(22, 2, 73).
cost(22, 3, 19).
cost(22, 4, 62).
cost(22, 5, 83).
cost(22, 6, 80).
cost(22, 7, 23).
cost(22, 8, 23).
cost(22, 9, 40).
cost(22, 10, 19).
cost(22, 11, 64).
cost(22, 12, 78).
cost(22, 13, 6).
cost(22, 14, 66).
cost(22, 15, 16).
cost(22, 16, 43).
cost(22, 17, 27).
cost(22, 18, 18).
cost(22, 19, 22).
cost(22, 20, 81).
cost(22, 21, 52).
