dimension(22).
point(1, 2.3039325376, 65.6292238823).
point(2, 5.2778271015, 21.5971677752).
point(3, 46.8929759217, 54.4200581965).
point(4, 75.9885111811, 50.0014060325).
point(5, 7.2226374084, 26.1299953222).
point(6, 45.4451814201, 27.7821079687).
point(7, 3.4418839131, 10.1484940037).
point(8, 53.696149147, 15.3193583972).
point(9, 56.1557608084, 73.4300591839).
point(10, 82.2431567251, 49.0258858002).
point(11, 69.9097741714, 84.2886425728).
point(12, 65.4160168827, 76.2440850235).
point(13, 56.6606869512, 42.4747945339).
point(14, 78.4215795652, 77.4271836945).
point(15, 53.0261590441, 55.363283035).
point(16, 23.3220917478, 37.3041928802).
point(17, 24.0987154588, 55.5876056897).
point(18, 61.7574379695, 46.7930838604).
point(19, 78.510190623, 47.7625262694).
point(20, 25.14072079, 40.6183793758).
point(21, 16.7461434651, 28.6243349837).
point(22, 18.7211830704, 11.2396901598).
cost(1, 2, 44).
cost(1, 3, 46).
cost(1, 4, 75).
cost(1, 5, 40).
cost(1, 6, 57).
cost(1, 7, 55).
cost(1, 8, 72).
cost(1, 9, 54).
cost(1, 10, 82).
cost(1, 11, 70).
cost(1, 12, 64).
cost(1, 13, 59).
cost(1, 14, 77).
cost(1, 15, 52).
cost(1, 16, 35).
cost(1, 17, 24).
cost(1, 18, 62).
cost(1, 19, 78).
cost(1, 20, 34).
cost(1, 21, 40).
cost(1, 22, 57).
cost(2, 1, 44).
cost(2, 3, 53).
cost(2, 4, 76).
cost(2, 5, 5).
cost(2, 6, 41).
cost(2, 7, 12).
cost(2, 8, 49).
cost(2, 9, 73).
cost(2, 10, 82).
cost(2, 11, 90).
cost(2, 12, 81).
cost(2, 13, 55).
cost(2, 14, 92).
cost(2, 15, 58).
cost(2, 16, 24).
cost(2, 17, 39).
cost(2, 18, 62).
cost(2, 19, 78).
cost(2, 20, 28).
cost(2, 21, 13).
cost(2, 22, 17).
cost(3, 1, 46).
cost(3, 2, 53).
cost(3, 4, 29).
cost(3, 5, 49).
cost(3, 6, 27).
cost(3, 7, 62).
cost(3, 8, 40).
cost(3, 9, 21).
cost(3, 10, 36).
cost(3, 11, 38).
cost(3, 12, 29).
cost(3, 13, 15).
cost(3, 14, 39).
cost(3, 15, 6).
cost(3, 16, 29).
cost(3, 17, 23).
cost(3, 18, 17).
cost(3, 19, 32).
cost(3, 20, 26).
cost(3, 21, 40).
cost(3, 22, 52).
cost(4, 1, 75).
cost(4, 2, 76).
cost(4, 3, 29).
cost(4, 5, 73).
cost(4, 6, 38).
cost(4, 7, 83).
cost(4, 8, 41).
cost(4, 9, 31).
cost(4, 10, 6).
cost(4, 11, 35).
cost(4, 12, 28).
cost(4, 13, 21).
cost(4, 14, 28).
cost(4, 15, 24).
cost(4, 16, 54).
cost(4, 17, 52).
cost(4, 18, 15).
cost(4, 19, 3).
cost(4, 20, 52).
cost(4, 21, 63).
cost(4, 22, 69).
cost(5, 1, 40).
cost(5, 2, 5).
cost(5, 3, 49).
cost(5, 4, 73).
cost(5, 6, 38).
cost(5, 7, 16).
cost(5, 8, 48).
cost(5, 9, 68).
cost(5, 10, 78).
cost(5, 11, 86).
cost(5, 12, 77).
cost(5, 13, 52).
cost(5, 14, 88).
cost(5, 15, 54).
cost(5, 16, 20).
cost(5, 17, 34).
cost(5, 18, 58).
cost(5, 19, 74).
cost(5, 20, 23).
cost(5, 21, 10).
cost(5, 22, 19).
cost(6, 1, 57).
cost(6, 2, 41).
cost(6, 3, 27).
cost(6, 4, 38).
cost(6, 5, 38).
cost(6, 7, 46).
cost(6, 8, 15).
cost(6, 9, 47).
cost(6, 10, 42).
cost(6, 11, 62).
cost(6, 12, 52).
cost(6, 13, 18).
cost(6, 14, 60).
cost(6, 15, 29).
cost(6, 16, 24).
cost(6, 17, 35).
cost(6, 18, 25).
cost(6, 19, 39).
cost(6, 20, 24).
cost(6, 21, 29).
cost(6, 22, 31).
cost(7, 1, 55).
cost(7, 2, 12).
cost(7, 3, 62).
cost(7, 4, 83).
cost(7, 5, 16).
cost(7, 6, 46).
cost(7, 8, 51).
cost(7, 9, 82).
cost(7, 10, 88).
cost(7, 11, 100).
cost(7, 12, 91).
cost(7, 13, 62).
cost(7, 14, 101).
cost(7, 15, 67).
cost(7, 16, 34).
cost(7, 17, 50).
cost(7, 18, 69).
cost(7, 19, 84).
cost(7, 20, 37).
cost(7, 21, 23).
cost(7, 22, 15).
cost(8, 1, 72).
cost(8, 2, 49).
cost(8, 3, 40).
cost(8, 4, 41).
cost(8, 5, 48).
cost(8, 6, 15).
cost(8, 7, 51).
cost(8, 9, 58).
cost(8, 10, 44).
cost(8, 11, 71).
cost(8, 12, 62).
cost(8, 13, 27).
cost(8, 14, 67).
cost(8, 15, 40).
cost(8, 16, 37).
cost(8, 17, 50).
cost(8, 18, 32).
cost(8, 19, 41).
cost(8, 20, 38).
cost(8, 21, 39).
cost(8, 22, 35).
cost(9, 1, 54).
cost(9, 2, 73).
cost(9, 3, 21).
cost(9, 4, 31).
cost(9, 5, 68).
cost(9, 6, 47).
cost(9, 7, 82).
cost(9, 8, 58).
cost(9, 10, 36).
cost(9, 11, 18).
cost(9, 12, 10).
cost(9, 13, 31).
cost(9, 14, 23).
cost(9, 15, 18).
cost(9, 16, 49).
cost(9, 17, 37).
cost(9, 18, 27).
cost(9, 19, 34).
cost(9, 20, 45).
cost(9, 21, 60).
cost(9, 22, 73).
cost(10, 1, 82).
cost(10, 2, 82).
cost(10, 3, 36).
cost(10, 4, 6).
cost(10, 5, 78).
cost(10, 6, 42).
cost(10, 7, 88).
cost(10, 8, 44).
cost(10, 9, 36).
cost(10, 11, 37).
cost(10, 12, 32).
cost(10, 13, 26).
cost(10, 14, 29).
cost(10, 15, 30).
cost(10, 16, 60).
cost(10, 17, 59).
cost(10, 18, 21).
cost(10, 19, 4).
cost(10, 20, 58).
cost(10, 21, 69).
cost(10, 22, 74).
cost(11, 1, 70).
cost(11, 2, 90).
cost(11, 3, 38).
cost(11, 4, 35).
cost(11, 5, 86).
cost(11, 6, 62).
cost(11, 7, 100).
cost(11, 8, 71).
cost(11, 9, 18).
cost(11, 10, 37).
cost(11, 12, 9).
cost(11, 13, 44).
cost(11, 14, 11).
cost(11, 15, 33).
cost(11, 16, 66).
cost(11, 17, 54).
cost(11, 18, 38).
cost(11, 19, 38).
cost(11, 20, 63).
cost(11, 21, 77).
cost(11, 22, 89).
cost(12, 1, 64).
cost(12, 2, 81).
cost(12, 3, 29).
cost(12, 4, 28).
cost(12, 5, 77).
cost(12, 6, 52).
cost(12, 7, 91).
cost(12, 8, 62).
cost(12, 9, 10).
cost(12, 10, 32).
cost(12, 11, 9).
cost(12, 13, 35).
cost(12, 14, 13).
cost(12, 15, 24).
cost(12, 16, 57).
cost(12, 17, 46).
cost(12, 18, 30).
cost(12, 19, 31).
cost(12, 20, 54).
cost(12, 21, 68).
cost(12, 22, 80).
cost(13, 1, 59).
cost(13, 2, 55).
cost(13, 3, 15).
cost(13, 4, 21).
cost(13, 5, 52).
cost(13, 6, 18).
cost(13, 7, 62).
cost(13, 8, 27).
cost(13, 9, 31).
cost(13, 10, 26).
cost(13, 11, 44).
cost(13, 12, 35).
cost(13, 14, 41).
cost(13, 15, 13).
cost(13, 16, 34).
cost(13, 17, 35).
cost(13, 18, 7).
cost(13, 19, 22).
cost(13, 20, 32).
cost(13, 21, 42).
cost(13, 22, 49).
cost(14, 1, 77).
cost(14, 2, 92).
cost(14, 3, 39).
cost(14, 4, 28).
cost(14, 5, 88).
cost(14, 6, 60).
cost(14, 7, 101).
cost(14, 8, 67).
cost(14, 9, 23).
cost(14, 10, 29).
cost(14, 11, 11).
cost(14, 12, 13).
cost(14, 13, 41).
cost(14, 15, 34).
cost(14, 16, 68).
cost(14, 17, 59).
cost(14, 18, 35).
cost(14, 19, 30).
cost(14, 20, 65).
cost(14, 21, 79).
cost(14, 22, 89).
cost(15, 1, 52).
cost(15, 2, 58).
cost(15, 3, 6).
cost(15, 4, 24).
cost(15, 5, 54).
cost(15, 6, 29).
cost(15, 7, 67).
cost(15, 8, 40).
cost(15, 9, 18).
cost(15, 10, 30).
cost(15, 11, 33).
cost(15, 12, 24).
cost(15, 13, 13).
cost(15, 14, 34).
cost(15, 16, 35).
cost(15, 17, 29).
cost(15, 18, 12).
cost(15, 19, 27).
cost(15, 20, 32).
cost(15, 21, 45).
cost(15, 22, 56).
cost(16, 1, 35).
cost(16, 2, 24).
cost(16, 3, 29).
cost(16, 4, 54).
cost(16, 5, 20).
cost(16, 6, 24).
cost(16, 7, 34).
cost(16, 8, 37).
cost(16, 9, 49).
cost(16, 10, 60).
cost(16, 11, 66).
cost(16, 12, 57).
cost(16, 13, 34).
cost(16, 14, 68).
cost(16, 15, 35).
cost(16, 17, 18).
cost(16, 18, 40).
cost(16, 19, 56).
cost(16, 20, 4).
cost(16, 21, 11).
cost(16, 22, 26).
cost(17, 1, 24).
cost(17, 2, 39).
cost(17, 3, 23).
cost(17, 4, 52).
cost(17, 5, 34).
cost(17, 6, 35).
cost(17, 7, 50).
cost(17, 8, 50).
cost(17, 9, 37).
cost(17, 10, 59).
cost(17, 11, 54).
cost(17, 12, 46).
cost(17, 13, 35).
cost(17, 14, 59).
cost(17, 15, 29).
cost(17, 16, 18).
cost(17, 18, 39).
cost(17, 19, 55).
cost(17, 20, 15).
cost(17, 21, 28).
cost(17, 22, 45).
cost(18, 1, 62).
cost(18, 2, 62).
cost(18, 3, 17).
cost(18, 4, 15).
cost(18, 5, 58).
cost(18, 6, 25).
cost(18, 7, 69).
cost(18, 8, 32).
cost(18, 9, 27).
cost(18, 10, 21).
cost(18, 11, 38).
cost(18, 12, 30).
cost(18, 13, 7).
cost(18, 14, 35).
cost(18, 15, 12).
cost(18, 16, 40).
cost(18, 17, 39).
cost(18, 19, 17).
cost(18, 20, 37).
cost(18, 21, 49).
cost(18, 22, 56).
cost(19, 1, 78).
cost(19, 2, 78).
cost(19, 3, 32).
cost(19, 4, 3).
cost(19, 5, 74).
cost(19, 6, 39).
cost(19, 7, 84).
cost(19, 8, 41).
cost(19, 9, 34).
cost(19, 10, 4).
cost(19, 11, 38).
cost(19, 12, 31).
cost(19, 13, 22).
cost(19, 14, 30).
cost(19, 15, 27).
cost(19, 16, 56).
cost(19, 17, 55).
cost(19, 18, 17).
cost(19, 20, 54).
cost(19, 21, 65).
cost(19, 22, 70).
cost(20, 1, 34).
cost(20, 2, 28).
cost(20, 3, 26).
cost(20, 4, 52).
cost(20, 5, 23).
cost(20, 6, 24).
cost(20, 7, 37).
cost(20, 8, 38).
cost(20, 9, 45).
cost(20, 10, 58).
cost(20, 11, 63).
cost(20, 12, 54).
cost(20, 13, 32).
cost(20, 14, 65).
cost(20, 15, 32).
cost(20, 16, 4).
cost(20, 17, 15).
cost(20, 18, 37).
cost(20, 19, 54).
cost(20, 21, 15).
cost(20, 22, 30).
cost(21, 1, 40).
cost(21, 2, 13).
cost(21, 3, 40).
cost(21, 4, 63).
cost(21, 5, 10).
cost(21, 6, 29).
cost(21, 7, 23).
cost(21, 8, 39).
cost(21, 9, 60).
cost(21, 10, 69).
cost(21, 11, 77).
cost(21, 12, 68).
cost(21, 13, 42).
cost(21, 14, 79).
cost(21, 15, 45).
cost(21, 16, 11).
cost(21, 17, 28).
cost(21, 18, 49).
cost(21, 19, 65).
cost(21, 20, 15).
cost(21, 22, 17).
cost(22, 1, 57).
cost(22, 2, 17).
cost(22, 3, 52).
cost(22, 4, 69).
cost(22, 5, 19).
cost(22, 6, 31).
cost(22, 7, 15).
cost(22, 8, 35).
cost(22, 9, 73).
cost(22, 10, 74).
cost(22, 11, 89).
cost(22, 12, 80).
cost(22, 13, 49).
cost(22, 14, 89).
cost(22, 15, 56).
cost(22, 16, 26).
cost(22, 17, 45).
cost(22, 18, 56).
cost(22, 19, 70).
cost(22, 20, 30).
cost(22, 21, 17).
