dimension(22).
point(1, 74.840645916, 39.0156792771).
point(2, 19.6460284335, 94.7008122359).
point(3, 67.4136317921, 17.6811735103).
point(4, 16.4287466355, 85.219126607).
point(5, 86.3110944207, 30.02949795).
point(6, 84.5419303888, 52.1850244378).
point(7, 7.2352012651, 78.4093942038).
point(8, 13.0852539517, 82.1350808482).
point(9, 61.5464265936, 95.8160371756).
point(10, 79.0573762302, 26.6335869706).
point(11, 41.4299872179, 82.7310110462).
point(12, 85.7127363956, 46.9682478846).
point(13, 4.6904586077, 91.4997029066).
point(14, 57.8490079213, 12.6027670191).
point(15, 31.7767143843, 14.960309472).
point(16, 3.8833417695, 75.705215462).
point(17, 51.4319702709, 21.1104523847).
point(18, 39.0389690353, 29.0957038956).
point(19, 36.0408678601, 71.17463636).
point(20, 38.29850047, 97.7600652661).
point(21, 1.5613291307, 70.4646959867).
point(22, 61.6880466493, 4.2897570323).
cost(1, 2, 78).
cost(1, 3, 23).
cost(1, 4, 74).
cost(1, 5, 15).
cost(1, 6, 16).
cost(1, 7, 78).
cost(1, 8, 75).
cost(1, 9, 58).
cost(1, 10, 13).
cost(1, 11, 55).
cost(1, 12, 13).
cost(1, 13, 88).
cost(1, 14, 31).
cost(1, 15, 49).
cost(1, 16, 80).
cost(1, 17, 29).
cost(1, 18, 37).
cost(1, 19, 50).
cost(1, 20, 69).
cost(1, 21, 80).
cost(1, 22, 37).
cost(2, 1, 78).
cost(2, 3, 91).
cost(2, 4, 10).
cost(2, 5, 93).
cost(2, 6, 78).
cost(2, 7, 20).
cost(2, 8, 14).
cost(2, 9, 42).
cost(2, 10, 90).
cost(2, 11, 25).
cost(2, 12, 82).
cost(2, 13, 15).
cost(2, 14, 91).
cost(2, 15, 81).
cost(2, 16, 25).
cost(2, 17, 80).
cost(2, 18, 68).
cost(2, 19, 29).
cost(2, 20, 19).
cost(2, 21, 30).
cost(2, 22, 100).
cost(3, 1, 23).
cost(3, 2, 91).
cost(3, 4, 85).
cost(3, 5, 23).
cost(3, 6, 39).
cost(3, 7, 85).
cost(3, 8, 84).
cost(3, 9, 78).
cost(3, 10, 15).
cost(3, 11, 70).
cost(3, 12, 35).
cost(3, 13, 97).
cost(3, 14, 11).
cost(3, 15, 36).
cost(3, 16, 86).
cost(3, 17, 16).
cost(3, 18, 31).
cost(3, 19, 62).
cost(3, 20, 85).
cost(3, 21, 84).
cost(3, 22, 15).
cost(4, 1, 74).
cost(4, 2, 10).
cost(4, 3, 85).
cost(4, 5, 89).
cost(4, 6, 76).
cost(4, 7, 11).
cost(4, 8, 5).
cost(4, 9, 46).
cost(4, 10, 86).
cost(4, 11, 25).
cost(4, 12, 79).
cost(4, 13, 13).
cost(4, 14, 84).
cost(4, 15, 72).
cost(4, 16, 16).
cost(4, 17, 73).
cost(4, 18, 61).
cost(4, 19, 24).
cost(4, 20, 25).
cost(4, 21, 21).
cost(4, 22, 93).
cost(5, 1, 15).
cost(5, 2, 93).
cost(5, 3, 23).
cost(5, 4, 89).
cost(5, 6, 22).
cost(5, 7, 93).
cost(5, 8, 90).
cost(5, 9, 70).
cost(5, 10, 8).
cost(5, 11, 69).
cost(5, 12, 17).
cost(5, 13, 102).
cost(5, 14, 33).
cost(5, 15, 57).
cost(5, 16, 94).
cost(5, 17, 36).
cost(5, 18, 47).
cost(5, 19, 65).
cost(5, 20, 83).
cost(5, 21, 94).
cost(5, 22, 36).
cost(6, 1, 16).
cost(6, 2, 78).
cost(6, 3, 39).
cost(6, 4, 76).
cost(6, 5, 22).
cost(6, 7, 82).
cost(6, 8, 77).
cost(6, 9, 49).
cost(6, 10, 26).
cost(6, 11, 53).
cost(6, 12, 5).
cost(6, 13, 89).
cost(6, 14, 48).
cost(6, 15, 65).
cost(6, 16, 84).
cost(6, 17, 45).
cost(6, 18, 51).
cost(6, 19, 52).
cost(6, 20, 65).
cost(6, 21, 85).
cost(6, 22, 53).
cost(7, 1, 78).
cost(7, 2, 20).
cost(7, 3, 85).
cost(7, 4, 11).
cost(7, 5, 93).
cost(7, 6, 82).
cost(7, 8, 7).
cost(7, 9, 57).
cost(7, 10, 89).
cost(7, 11, 34).
cost(7, 12, 85).
cost(7, 13, 13).
cost(7, 14, 83).
cost(7, 15, 68).
cost(7, 16, 4).
cost(7, 17, 72).
cost(7, 18, 59).
cost(7, 19, 30).
cost(7, 20, 37).
cost(7, 21, 10).
cost(7, 22, 92).
cost(8, 1, 75).
cost(8, 2, 14).
cost(8, 3, 84).
cost(8, 4, 5).
cost(8, 5, 90).
cost(8, 6, 77).
cost(8, 7, 7).
cost(8, 9, 50).
cost(8, 10, 86).
cost(8, 11, 28).
cost(8, 12, 81).
cost(8, 13, 13).
cost(8, 14, 83).
cost(8, 15, 70).
cost(8, 16, 11).
cost(8, 17, 72).
cost(8, 18, 59).
cost(8, 19, 25).
cost(8, 20, 30).
cost(8, 21, 16).
cost(8, 22, 92).
cost(9, 1, 58).
cost(9, 2, 42).
cost(9, 3, 78).
cost(9, 4, 46).
cost(9, 5, 70).
cost(9, 6, 49).
cost(9, 7, 57).
cost(9, 8, 50).
cost(9, 10, 71).
cost(9, 11, 24).
cost(9, 12, 54).
cost(9, 13, 57).
cost(9, 14, 83).
cost(9, 15, 86).
cost(9, 16, 61).
cost(9, 17, 75).
cost(9, 18, 70).
cost(9, 19, 35).
cost(9, 20, 23).
cost(9, 21, 65).
cost(9, 22, 92).
cost(10, 1, 13).
cost(10, 2, 90).
cost(10, 3, 15).
cost(10, 4, 86).
cost(10, 5, 8).
cost(10, 6, 26).
cost(10, 7, 89).
cost(10, 8, 86).
cost(10, 9, 71).
cost(10, 11, 68).
cost(10, 12, 21).
cost(10, 13, 99).
cost(10, 14, 25).
cost(10, 15, 49).
cost(10, 16, 90).
cost(10, 17, 28).
cost(10, 18, 40).
cost(10, 19, 62).
cost(10, 20, 82).
cost(10, 21, 89).
cost(10, 22, 28).
cost(11, 1, 55).
cost(11, 2, 25).
cost(11, 3, 70).
cost(11, 4, 25).
cost(11, 5, 69).
cost(11, 6, 53).
cost(11, 7, 34).
cost(11, 8, 28).
cost(11, 9, 24).
cost(11, 10, 68).
cost(11, 12, 57).
cost(11, 13, 38).
cost(11, 14, 72).
cost(11, 15, 68).
cost(11, 16, 38).
cost(11, 17, 62).
cost(11, 18, 54).
cost(11, 19, 13).
cost(11, 20, 15).
cost(11, 21, 42).
cost(11, 22, 81).
cost(12, 1, 13).
cost(12, 2, 82).
cost(12, 3, 35).
cost(12, 4, 79).
cost(12, 5, 17).
cost(12, 6, 5).
cost(12, 7, 85).
cost(12, 8, 81).
cost(12, 9, 54).
cost(12, 10, 21).
cost(12, 11, 57).
cost(12, 13, 92).
cost(12, 14, 44).
cost(12, 15, 63).
cost(12, 16, 87).
cost(12, 17, 43).
cost(12, 18, 50).
cost(12, 19, 55).
cost(12, 20, 69).
cost(12, 21, 87).
cost(12, 22, 49).
cost(13, 1, 88).
cost(13, 2, 15).
cost(13, 3, 97).
cost(13, 4, 13).
cost(13, 5, 102).
cost(13, 6, 89).
cost(13, 7, 13).
cost(13, 8, 13).
cost(13, 9, 57).
cost(13, 10, 99).
cost(13, 11, 38).
cost(13, 12, 92).
cost(13, 14, 95).
cost(13, 15, 81).
cost(13, 16, 16).
cost(13, 17, 84).
cost(13, 18, 71).
cost(13, 19, 37).
cost(13, 20, 34).
cost(13, 21, 21).
cost(13, 22, 104).
cost(14, 1, 31).
cost(14, 2, 91).
cost(14, 3, 11).
cost(14, 4, 84).
cost(14, 5, 33).
cost(14, 6, 48).
cost(14, 7, 83).
cost(14, 8, 83).
cost(14, 9, 83).
cost(14, 10, 25).
cost(14, 11, 72).
cost(14, 12, 44).
cost(14, 13, 95).
cost(14, 15, 26).
cost(14, 16, 83).
cost(14, 17, 11).
cost(14, 18, 25).
cost(14, 19, 63).
cost(14, 20, 87).
cost(14, 21, 81).
cost(14, 22, 9).
cost(15, 1, 49).
cost(15, 2, 81).
cost(15, 3, 36).
cost(15, 4, 72).
cost(15, 5, 57).
cost(15, 6, 65).
cost(15, 7, 68).
cost(15, 8, 70).
cost(15, 9, 86).
cost(15, 10, 49).
cost(15, 11, 68).
cost(15, 12, 63).
cost(15, 13, 81).
cost(15, 14, 26).
cost(15, 16, 67).
cost(15, 17, 21).
cost(15, 18, 16).
cost(15, 19, 56).
cost(15, 20, 83).
cost(15, 21, 63).
cost(15, 22, 32).
cost(16, 1, 80).
cost(16, 2, 25).
cost(16, 3, 86).
cost(16, 4, 16).
cost(16, 5, 94).
cost(16, 6, 84).
cost(16, 7, 4).
cost(16, 8, 11).
cost(16, 9, 61).
cost(16, 10, 90).
cost(16, 11, 38).
cost(16, 12, 87).
cost(16, 13, 16).
cost(16, 14, 83).
cost(16, 15, 67).
cost(16, 17, 72).
cost(16, 18, 58).
cost(16, 19, 32).
cost(16, 20, 41).
cost(16, 21, 6).
cost(16, 22, 92).
cost(17, 1, 29).
cost(17, 2, 80).
cost(17, 3, 16).
cost(17, 4, 73).
cost(17, 5, 36).
cost(17, 6, 45).
cost(17, 7, 72).
cost(17, 8, 72).
cost(17, 9, 75).
cost(17, 10, 28).
cost(17, 11, 62).
cost(17, 12, 43).
cost(17, 13, 84).
cost(17, 14, 11).
cost(17, 15, 21).
cost(17, 16, 72).
cost(17, 18, 15).
cost(17, 19, 52).
cost(17, 20, 78).
cost(17, 21, 70).
cost(17, 22, 20).
cost(18, 1, 37).
cost(18, 2, 68).
cost(18, 3, 31).
cost(18, 4, 61).
cost(18, 5, 47).
cost(18, 6, 51).
cost(18, 7, 59).
cost(18, 8, 59).
cost(18, 9, 70).
cost(18, 10, 40).
cost(18, 11, 54).
cost(18, 12, 50).
cost(18, 13, 71).
cost(18, 14, 25).
cost(18, 15, 16).
cost(18, 16, 58).
cost(18, 17, 15).
cost(18, 19, 42).
cost(18, 20, 69).
cost(18, 21, 56).
cost(18, 22, 34).
cost(19, 1, 50).
cost(19, 2, 29).
cost(19, 3, 62).
cost(19, 4, 24).
cost(19, 5, 65).
cost(19, 6, 52).
cost(19, 7, 30).
cost(19, 8, 25).
cost(19, 9, 35).
cost(19, 10, 62).
cost(19, 11, 13).
cost(19, 12, 55).
cost(19, 13, 37).
cost(19, 14, 63).
cost(19, 15, 56).
cost(19, 16, 32).
cost(19, 17, 52).
cost(19, 18, 42).
cost(19, 20, 27).
cost(19, 21, 34).
cost(19, 22, 72).
cost(20, 1, 69).
cost(20, 2, 19).
cost(20, 3, 85).
cost(20, 4, 25).
cost(20, 5, 83).
cost(20, 6, 65).
cost(20, 7, 37).
cost(20, 8, 30).
cost(20, 9, 23).
cost(20, 10, 82).
cost(20, 11, 15).
cost(20, 12, 69).
cost(20, 13, 34).
cost(20, 14, 87).
cost(20, 15, 83).
cost(20, 16, 41).
cost(20, 17, 78).
cost(20, 18, 69).
cost(20, 19, 27).
cost(20, 21, 46).
cost(20, 22, 96).
cost(21, 1, 80).
cost(21, 2, 30).
cost(21, 3, 84).
cost(21, 4, 21).
cost(21, 5, 94).
cost(21, 6, 85).
cost(21, 7, 10).
cost(21, 8, 16).
cost(21, 9, 65).
cost(21, 10, 89).
cost(21, 11, 42).
cost(21, 12, 87).
cost(21, 13, 21).
cost(21, 14, 81).
cost(21, 15, 63).
cost(21, 16, 6).
cost(21, 17, 70).
cost(21, 18, 56).
cost(21, 19, 34).
cost(21, 20, 46).
cost(21, 22, 89).
cost(22, 1, 37).
cost(22, 2, 100).
cost(22, 3, 15).
cost(22, 4, 93).
cost(22, 5, 36).
cost(22, 6, 53).
cost(22, 7, 92).
cost(22, 8, 92).
cost(22, 9, 92).
cost(22, 10, 28).
cost(22, 11, 81).
cost(22, 12, 49).
cost(22, 13, 104).
cost(22, 14, 9).
cost(22, 15, 32).
cost(22, 16, 92).
cost(22, 17, 20).
cost(22, 18, 34).
cost(22, 19, 72).
cost(22, 20, 96).
cost(22, 21, 89).
