dimension(22).
point(1, 81.8864309315, 64.7626281657).
point(2, 23.2643175835, 38.1744080925).
point(3, 72.2841038908, 90.1390714638).
point(4, 31.1921833821, 14.0792679959).
point(5, 32.2046158072, 65.73832822).
point(6, 37.5648553083, 16.9592042387).
point(7, 15.8257334856, 22.1084284136).
point(8, 14.2371634238, 38.708469539).
point(9, 21.7966813477, 17.9976189324).
point(10, 29.9461279479, 60.315874203).
point(11, 53.5465024084, 15.0513750156).
point(12, 78.4678692212, 40.5606739943).
point(13, 41.3497788606, 19.2255892269).
point(14, 68.3825203948, 56.8435604512).
point(15, 73.0910939197, 64.2129548502).
point(16, 72.1305766191, 68.8981026943).
point(17, 80.3936215443, 73.5204380634).
point(18, 21.1411799401, 33.6341246421).
point(19, 60.437815781, 44.7562803821).
point(20, 14.5185220879, 9.905724127).
point(21, 20.5677881237, 17.2651066698).
point(22, 81.4501928819, 82.870425318).
cost(1, 2, 64).
cost(1, 3, 27).
cost(1, 4, 72).
cost(1, 5, 50).
cost(1, 6, 65).
cost(1, 7, 79).
cost(1, 8, 72).
cost(1, 9, 76).
cost(1, 10, 52).
cost(1, 11, 57).
cost(1, 12, 24).
cost(1, 13, 61).
cost(1, 14, 16).
cost(1, 15, 9).
cost(1, 16, 11).
cost(1, 17, 9).
cost(1, 18, 68).
cost(1, 19, 29).
cost(1, 20, 87).
cost(1, 21, 78).
cost(1, 22, 18).
cost(2, 1, 64).
cost(2, 3, 71).
cost(2, 4, 25).
cost(2, 5, 29).
cost(2, 6, 26).
cost(2, 7, 18).
cost(2, 8, 9).
cost(2, 9, 20).
cost(2, 10, 23).
cost(2, 11, 38).
cost(2, 12, 55).
cost(2, 13, 26).
cost(2, 14, 49).
cost(2, 15, 56).
cost(2, 16, 58).
cost(2, 17, 67).
cost(2, 18, 5).
cost(2, 19, 38).
cost(2, 20, 30).
cost(2, 21, 21).
cost(2, 22, 73).
cost(3, 1, 27).
cost(3, 2, 71).
cost(3, 4, 86).
cost(3, 5, 47).
cost(3, 6, 81).
cost(3, 7, 88).
cost(3, 8, 78).
cost(3, 9, 88).
cost(3, 10, 52).
cost(3, 11, 77).
cost(3, 12, 50).
cost(3, 13, 77).
cost(3, 14, 34).
cost(3, 15, 26).
cost(3, 16, 21).
cost(3, 17, 18).
cost(3, 18, 76).
cost(3, 19, 47).
cost(3, 20, 99).
cost(3, 21, 89).
cost(3, 22, 12).
cost(4, 1, 72).
cost(4, 2, 25).
cost(4, 3, 86).
cost(4, 5, 52).
cost(4, 6, 7).
cost(4, 7, 17).
cost(4, 8, 30).
cost(4, 9, 10).
cost(4, 10, 46).
cost(4, 11, 22).
cost(4, 12, 54).
cost(4, 13, 11).
cost(4, 14, 57).
cost(4, 15, 65).
cost(4, 16, 68).
cost(4, 17, 77).
cost(4, 18, 22).
cost(4, 19, 42).
cost(4, 20, 17).
cost(4, 21, 11).
cost(4, 22, 85).
cost(5, 1, 50).
cost(5, 2, 29).
cost(5, 3, 47).
cost(5, 4, 52).
cost(5, 6, 49).
cost(5, 7, 47).
cost(5, 8, 32).
cost(5, 9, 49).
cost(5, 10, 6).
cost(5, 11, 55).
cost(5, 12, 53).
cost(5, 13, 47).
cost(5, 14, 37).
cost(5, 15, 41).
cost(5, 16, 40).
cost(5, 17, 49).
cost(5, 18, 34).
cost(5, 19, 35).
cost(5, 20, 59).
cost(5, 21, 50).
cost(5, 22, 52).
cost(6, 1, 65).
cost(6, 2, 26).
cost(6, 3, 81).
cost(6, 4, 7).
cost(6, 5, 49).
cost(6, 7, 22).
cost(6, 8, 32).
cost(6, 9, 16).
cost(6, 10, 44).
cost(6, 11, 16).
cost(6, 12, 47).
cost(6, 13, 4).
cost(6, 14, 50).
cost(6, 15, 59).
cost(6, 16, 62).
cost(6, 17, 71).
cost(6, 18, 23).
cost(6, 19, 36).
cost(6, 20, 24).
cost(6, 21, 17).
cost(6, 22, 79).
cost(7, 1, 79).
cost(7, 2, 18).
cost(7, 3, 88).
cost(7, 4, 17).
cost(7, 5, 47).
cost(7, 6, 22).
cost(7, 8, 17).
cost(7, 9, 7).
cost(7, 10, 41).
cost(7, 11, 38).
cost(7, 12, 65).
cost(7, 13, 26).
cost(7, 14, 63).
cost(7, 15, 71).
cost(7, 16, 73).
cost(7, 17, 83).
cost(7, 18, 13).
cost(7, 19, 50).
cost(7, 20, 12).
cost(7, 21, 7).
cost(7, 22, 89).
cost(8, 1, 72).
cost(8, 2, 9).
cost(8, 3, 78).
cost(8, 4, 30).
cost(8, 5, 32).
cost(8, 6, 32).
cost(8, 7, 17).
cost(8, 9, 22).
cost(8, 10, 27).
cost(8, 11, 46).
cost(8, 12, 64).
cost(8, 13, 33).
cost(8, 14, 57).
cost(8, 15, 64).
cost(8, 16, 65).
cost(8, 17, 75).
cost(8, 18, 9).
cost(8, 19, 47).
cost(8, 20, 29).
cost(8, 21, 22).
cost(8, 22, 80).
cost(9, 1, 76).
cost(9, 2, 20).
cost(9, 3, 88).
cost(9, 4, 10).
cost(9, 5, 49).
cost(9, 6, 16).
cost(9, 7, 7).
cost(9, 8, 22).
cost(9, 10, 43).
cost(9, 11, 32).
cost(9, 12, 61).
cost(9, 13, 20).
cost(9, 14, 61).
cost(9, 15, 69).
cost(9, 16, 72).
cost(9, 17, 81).
cost(9, 18, 16).
cost(9, 19, 47).
cost(9, 20, 11).
cost(9, 21, 1).
cost(9, 22, 88).
cost(10, 1, 52).
cost(10, 2, 23).
cost(10, 3, 52).
cost(10, 4, 46).
cost(10, 5, 6).
cost(10, 6, 44).
cost(10, 7, 41).
cost(10, 8, 27).
cost(10, 9, 43).
cost(10, 11, 51).
cost(10, 12, 52).
cost(10, 13, 43).
cost(10, 14, 39).
cost(10, 15, 43).
cost(10, 16, 43).
cost(10, 17, 52).
cost(10, 18, 28).
cost(10, 19, 34).
cost(10, 20, 53).
cost(10, 21, 44).
cost(10, 22, 56).
cost(11, 1, 57).
cost(11, 2, 38).
cost(11, 3, 77).
cost(11, 4, 22).
cost(11, 5, 55).
cost(11, 6, 16).
cost(11, 7, 38).
cost(11, 8, 46).
cost(11, 9, 32).
cost(11, 10, 51).
cost(11, 12, 36).
cost(11, 13, 13).
cost(11, 14, 44).
cost(11, 15, 53).
cost(11, 16, 57).
cost(11, 17, 64).
cost(11, 18, 37).
cost(11, 19, 30).
cost(11, 20, 39).
cost(11, 21, 33).
cost(11, 22, 73).
cost(12, 1, 24).
cost(12, 2, 55).
cost(12, 3, 50).
cost(12, 4, 54).
cost(12, 5, 53).
cost(12, 6, 47).
cost(12, 7, 65).
cost(12, 8, 64).
cost(12, 9, 61).
cost(12, 10, 52).
cost(12, 11, 36).
cost(12, 13, 43).
cost(12, 14, 19).
cost(12, 15, 24).
cost(12, 16, 29).
cost(12, 17, 33).
cost(12, 18, 58).
cost(12, 19, 19).
cost(12, 20, 71).
cost(12, 21, 62).
cost(12, 22, 42).
cost(13, 1, 61).
cost(13, 2, 26).
cost(13, 3, 77).
cost(13, 4, 11).
cost(13, 5, 47).
cost(13, 6, 4).
cost(13, 7, 26).
cost(13, 8, 33).
cost(13, 9, 20).
cost(13, 10, 43).
cost(13, 11, 13).
cost(13, 12, 43).
cost(13, 14, 46).
cost(13, 15, 55).
cost(13, 16, 58).
cost(13, 17, 67).
cost(13, 18, 25).
cost(13, 19, 32).
cost(13, 20, 28).
cost(13, 21, 21).
cost(13, 22, 75).
cost(14, 1, 16).
cost(14, 2, 49).
cost(14, 3, 34).
cost(14, 4, 57).
cost(14, 5, 37).
cost(14, 6, 50).
cost(14, 7, 63).
cost(14, 8, 57).
cost(14, 9, 61).
cost(14, 10, 39).
cost(14, 11, 44).
cost(14, 12, 19).
cost(14, 13, 46).
cost(14, 15, 9).
cost(14, 16, 13).
cost(14, 17, 21).
cost(14, 18, 53).
cost(14, 19, 14).
cost(14, 20, 71).
cost(14, 21, 62).
cost(14, 22, 29).
cost(15, 1, 9).
cost(15, 2, 56).
cost(15, 3, 26).
cost(15, 4, 65).
cost(15, 5, 41).
cost(15, 6, 59).
cost(15, 7, 71).
cost(15, 8, 64).
cost(15, 9, 69).
cost(15, 10, 43).
cost(15, 11, 53).
cost(15, 12, 24).
cost(15, 13, 55).
cost(15, 14, 9).
cost(15, 16, 5).
cost(15, 17, 12).
cost(15, 18, 60).
cost(15, 19, 23).
cost(15, 20, 80).
cost(15, 21, 70).
cost(15, 22, 20).
cost(16, 1, 11).
cost(16, 2, 58).
cost(16, 3, 21).
cost(16, 4, 68).
cost(16, 5, 40).
cost(16, 6, 62).
cost(16, 7, 73).
cost(16, 8, 65).
cost(16, 9, 72).
cost(16, 10, 43).
cost(16, 11, 57).
cost(16, 12, 29).
cost(16, 13, 58).
cost(16, 14, 13).
cost(16, 15, 5).
cost(16, 17, 9).
cost(16, 18, 62).
cost(16, 19, 27).
cost(16, 20, 82).
cost(16, 21, 73).
cost(16, 22, 17).
cost(17, 1, 9).
cost(17, 2, 67).
cost(17, 3, 18).
cost(17, 4, 77).
cost(17, 5, 49).
cost(17, 6, 71).
cost(17, 7, 83).
cost(17, 8, 75).
cost(17, 9, 81).
cost(17, 10, 52).
cost(17, 11, 64).
cost(17, 12, 33).
cost(17, 13, 67).
cost(17, 14, 21).
cost(17, 15, 12).
cost(17, 16, 9).
cost(17, 18, 71).
cost(17, 19, 35).
cost(17, 20, 92).
cost(17, 21, 82).
cost(17, 22, 9).
cost(18, 1, 68).
cost(18, 2, 5).
cost(18, 3, 76).
cost(18, 4, 22).
cost(18, 5, 34).
cost(18, 6, 23).
cost(18, 7, 13).
cost(18, 8, 9).
cost(18, 9, 16).
cost(18, 10, 28).
cost(18, 11, 37).
cost(18, 12, 58).
cost(18, 13, 25).
cost(18, 14, 53).
cost(18, 15, 60).
cost(18, 16, 62).
cost(18, 17, 71).
cost(18, 19, 41).
cost(18, 20, 25).
cost(18, 21, 16).
cost(18, 22, 78).
cost(19, 1, 29).
cost(19, 2, 38).
cost(19, 3, 47).
cost(19, 4, 42).
cost(19, 5, 35).
cost(19, 6, 36).
cost(19, 7, 50).
cost(19, 8, 47).
cost(19, 9, 47).
cost(19, 10, 34).
cost(19, 11, 30).
cost(19, 12, 19).
cost(19, 13, 32).
cost(19, 14, 14).
cost(19, 15, 23).
cost(19, 16, 27).
cost(19, 17, 35).
cost(19, 18, 41).
cost(19, 20, 58).
cost(19, 21, 48).
cost(19, 22, 44).
cost(20, 1, 87).
cost(20, 2, 30).
cost(20, 3, 99).
cost(20, 4, 17).
cost(20, 5, 59).
cost(20, 6, 24).
cost(20, 7, 12).
cost(20, 8, 29).
cost(20, 9, 11).
cost(20, 10, 53).
cost(20, 11, 39).
cost(20, 12, 71).
cost(20, 13, 28).
cost(20, 14, 71).
cost(20, 15, 80).
cost(20, 16, 82).
cost(20, 17, 92).
cost(20, 18, 25).
cost(20, 19, 58).
cost(20, 21, 10).
cost(20, 22, 99).
cost(21, 1, 78).
cost(21, 2, 21).
cost(21, 3, 89).
cost(21, 4, 11).
cost(21, 5, 50).
cost(21, 6, 17).
cost(21, 7, 7).
cost(21, 8, 22).
cost(21, 9, 1).
cost(21, 10, 44).
cost(21, 11, 33).
cost(21, 12, 62).
cost(21, 13, 21).
cost(21, 14, 62).
cost(21, 15, 70).
cost(21, 16, 73).
cost(21, 17, 82).
cost(21, 18, 16).
cost(21, 19, 48).
cost(21, 20, 10).
cost(21, 22, 90).
cost(22, 1, 18).
cost(22, 2, 73).
cost(22, 3, 12).
cost(22, 4, 85).
cost(22, 5, 52).
cost(22, 6, 79).
cost(22, 7, 89).
cost(22, 8, 80).
cost(22, 9, 88).
cost(22, 10, 56).
cost(22, 11, 73).
cost(22, 12, 42).
cost(22, 13, 75).
cost(22, 14, 29).
cost(22, 15, 20).
cost(22, 16, 17).
cost(22, 17, 9).
cost(22, 18, 78).
cost(22, 19, 44).
cost(22, 20, 99).
cost(22, 21, 90).
