dimension(22).
point(1, 38.0330426868, 4.0143623357).
point(2, 46.011221424, 41.67273165).
point(3, 48.7301900711, 17.0944603515).
point(4, 56.3896600914, 17.5173892034).
point(5, 33.8297168821, 50.552191691).
point(6, 28.1236002723, 39.3888416063).
point(7, 70.0747509435, 69.4171234758).
point(8, 31.2215045267, 51.2964182333).
point(9, 98.0954261347, 34.9955207975).
point(10, 26.8594054149, 37.2343932636).
point(11, 20.2998886423, 52.847478286).
point(12, 41.8815929535, 58.9039658759).
point(13, 65.9320156417, 20.8067771403).
point(14, 84.9148766754, 36.8887938601).
point(15, 43.8478613165, 6.310686336).
point(16, 89.15734816, 24.6439159451).
point(17, 47.1040491456, 2.5679086476).
point(18, 81.9830104142, 15.9084773862).
point(19, 66.8225454916, 32.0294102056).
point(20, 43.68238141, 61.1195259798).
point(21, 28.7160738418, 70.4736266119).
point(22, 54.3584195108, 52.4876711917).
cost(1, 2, 38).
cost(1, 3, 17).
cost(1, 4, 23).
cost(1, 5, 47).
cost(1, 6, 37).
cost(1, 7, 73).
cost(1, 8, 48).
cost(1, 9, 68).
cost(1, 10, 35).
cost(1, 11, 52).
cost(1, 12, 55).
cost(1, 13, 33).
cost(1, 14, 57).
cost(1, 15, 6).
cost(1, 16, 55).
cost(1, 17, 9).
cost(1, 18, 46).
cost(1, 19, 40).
cost(1, 20, 57).
cost(1, 21, 67).
cost(1, 22, 51).
cost(2, 1, 38).
cost(2, 3, 25).
cost(2, 4, 26).
cost(2, 5, 15).
cost(2, 6, 18).
cost(2, 7, 37).
cost(2, 8, 18).
cost(2, 9, 53).
cost(2, 10, 20).
cost(2, 11, 28).
cost(2, 12, 18).
cost(2, 13, 29).
cost(2, 14, 39).
cost(2, 15, 35).
cost(2, 16, 46).
cost(2, 17, 39).
cost(2, 18, 44).
cost(2, 19, 23).
cost(2, 20, 20).
cost(2, 21, 34).
cost(2, 22, 14).
cost(3, 1, 17).
cost(3, 2, 25).
cost(3, 4, 8).
cost(3, 5, 37).
cost(3, 6, 30).
cost(3, 7, 57).
cost(3, 8, 38).
cost(3, 9, 53).
cost(3, 10, 30).
cost(3, 11, 46).
cost(3, 12, 42).
cost(3, 13, 18).
cost(3, 14, 41).
cost(3, 15, 12).
cost(3, 16, 41).
cost(3, 17, 15).
cost(3, 18, 33).
cost(3, 19, 23).
cost(3, 20, 44).
cost(3, 21, 57).
cost(3, 22, 36).
cost(4, 1, 23).
cost(4, 2, 26).
cost(4, 3, 8).
cost(4, 5, 40).
cost(4, 6, 36).
cost(4, 7, 54).
cost(4, 8, 42).
cost(4, 9, 45).
cost(4, 10, 36).
cost(4, 11, 51).
cost(4, 12, 44).
cost(4, 13, 10).
cost(4, 14, 34).
cost(4, 15, 17).
cost(4, 16, 34).
cost(4, 17, 18).
cost(4, 18, 26).
cost(4, 19, 18).
cost(4, 20, 45).
cost(4, 21, 60).
cost(4, 22, 35).
cost(5, 1, 47).
cost(5, 2, 15).
cost(5, 3, 37).
cost(5, 4, 40).
cost(5, 6, 13).
cost(5, 7, 41).
cost(5, 8, 3).
cost(5, 9, 66).
cost(5, 10, 15).
cost(5, 11, 14).
cost(5, 12, 12).
cost(5, 13, 44).
cost(5, 14, 53).
cost(5, 15, 45).
cost(5, 16, 61).
cost(5, 17, 50).
cost(5, 18, 59).
cost(5, 19, 38).
cost(5, 20, 14).
cost(5, 21, 21).
cost(5, 22, 21).
cost(6, 1, 37).
cost(6, 2, 18).
cost(6, 3, 30).
cost(6, 4, 36).
cost(6, 5, 13).
cost(6, 7, 52).
cost(6, 8, 12).
cost(6, 9, 70).
cost(6, 10, 2).
cost(6, 11, 16).
cost(6, 12, 24).
cost(6, 13, 42).
cost(6, 14, 57).
cost(6, 15, 37).
cost(6, 16, 63).
cost(6, 17, 41).
cost(6, 18, 59).
cost(6, 19, 39).
cost(6, 20, 27).
cost(6, 21, 31).
cost(6, 22, 29).
cost(7, 1, 73).
cost(7, 2, 37).
cost(7, 3, 57).
cost(7, 4, 54).
cost(7, 5, 41).
cost(7, 6, 52).
cost(7, 8, 43).
cost(7, 9, 44).
cost(7, 10, 54).
cost(7, 11, 52).
cost(7, 12, 30).
cost(7, 13, 49).
cost(7, 14, 36).
cost(7, 15, 68).
cost(7, 16, 49).
cost(7, 17, 71).
cost(7, 18, 55).
cost(7, 19, 38).
cost(7, 20, 28).
cost(7, 21, 41).
cost(7, 22, 23).
cost(8, 1, 48).
cost(8, 2, 18).
cost(8, 3, 38).
cost(8, 4, 42).
cost(8, 5, 3).
cost(8, 6, 12).
cost(8, 7, 43).
cost(8, 9, 69).
cost(8, 10, 15).
cost(8, 11, 11).
cost(8, 12, 13).
cost(8, 13, 46).
cost(8, 14, 56).
cost(8, 15, 47).
cost(8, 16, 64).
cost(8, 17, 51).
cost(8, 18, 62).
cost(8, 19, 40).
cost(8, 20, 16).
cost(8, 21, 19).
cost(8, 22, 23).
cost(9, 1, 68).
cost(9, 2, 53).
cost(9, 3, 53).
cost(9, 4, 45).
cost(9, 5, 66).
cost(9, 6, 70).
cost(9, 7, 44).
cost(9, 8, 69).
cost(9, 10, 71).
cost(9, 11, 80).
cost(9, 12, 61).
cost(9, 13, 35).
cost(9, 14, 13).
cost(9, 15, 61).
cost(9, 16, 14).
cost(9, 17, 60).
cost(9, 18, 25).
cost(9, 19, 31).
cost(9, 20, 60).
cost(9, 21, 78).
cost(9, 22, 47).
cost(10, 1, 35).
cost(10, 2, 20).
cost(10, 3, 30).
cost(10, 4, 36).
cost(10, 5, 15).
cost(10, 6, 2).
cost(10, 7, 54).
cost(10, 8, 15).
cost(10, 9, 71).
cost(10, 11, 17).
cost(10, 12, 26).
cost(10, 13, 42).
cost(10, 14, 58).
cost(10, 15, 35).
cost(10, 16, 64).
cost(10, 17, 40).
cost(10, 18, 59).
cost(10, 19, 40).
cost(10, 20, 29).
cost(10, 21, 33).
cost(10, 22, 31).
cost(11, 1, 52).
cost(11, 2, 28).
cost(11, 3, 46).
cost(11, 4, 51).
cost(11, 5, 14).
cost(11, 6, 16).
cost(11, 7, 52).
cost(11, 8, 11).
cost(11, 9, 80).
cost(11, 10, 17).
cost(11, 12, 22).
cost(11, 13, 56).
cost(11, 14, 67).
cost(11, 15, 52).
cost(11, 16, 74).
cost(11, 17, 57).
cost(11, 18, 72).
cost(11, 19, 51).
cost(11, 20, 25).
cost(11, 21, 20).
cost(11, 22, 34).
cost(12, 1, 55).
cost(12, 2, 18).
cost(12, 3, 42).
cost(12, 4, 44).
cost(12, 5, 12).
cost(12, 6, 24).
cost(12, 7, 30).
cost(12, 8, 13).
cost(12, 9, 61).
cost(12, 10, 26).
cost(12, 11, 22).
cost(12, 13, 45).
cost(12, 14, 48).
cost(12, 15, 53).
cost(12, 16, 58).
cost(12, 17, 57).
cost(12, 18, 59).
cost(12, 19, 37).
cost(12, 20, 3).
cost(12, 21, 18).
cost(12, 22, 14).
cost(13, 1, 33).
cost(13, 2, 29).
cost(13, 3, 18).
cost(13, 4, 10).
cost(13, 5, 44).
cost(13, 6, 42).
cost(13, 7, 49).
cost(13, 8, 46).
cost(13, 9, 35).
cost(13, 10, 42).
cost(13, 11, 56).
cost(13, 12, 45).
cost(13, 14, 25).
cost(13, 15, 26).
cost(13, 16, 24).
cost(13, 17, 26).
cost(13, 18, 17).
cost(13, 19, 11).
cost(13, 20, 46).
cost(13, 21, 62).
cost(13, 22, 34).
cost(14, 1, 57).
cost(14, 2, 39).
cost(14, 3, 41).
cost(14, 4, 34).
cost(14, 5, 53).
cost(14, 6, 57).
cost(14, 7, 36).
cost(14, 8, 56).
cost(14, 9, 13).
cost(14, 10, 58).
cost(14, 11, 67).
cost(14, 12, 48).
cost(14, 13, 25).
cost(14, 15, 51).
cost(14, 16, 13).
cost(14, 17, 51).
cost(14, 18, 21).
cost(14, 19, 19).
cost(14, 20, 48).
cost(14, 21, 65).
cost(14, 22, 34).
cost(15, 1, 6).
cost(15, 2, 35).
cost(15, 3, 12).
cost(15, 4, 17).
cost(15, 5, 45).
cost(15, 6, 37).
cost(15, 7, 68).
cost(15, 8, 47).
cost(15, 9, 61).
cost(15, 10, 35).
cost(15, 11, 52).
cost(15, 12, 53).
cost(15, 13, 26).
cost(15, 14, 51).
cost(15, 16, 49).
cost(15, 17, 5).
cost(15, 18, 39).
cost(15, 19, 34).
cost(15, 20, 55).
cost(15, 21, 66).
cost(15, 22, 47).
cost(16, 1, 55).
cost(16, 2, 46).
cost(16, 3, 41).
cost(16, 4, 34).
cost(16, 5, 61).
cost(16, 6, 63).
cost(16, 7, 49).
cost(16, 8, 64).
cost(16, 9, 14).
cost(16, 10, 64).
cost(16, 11, 74).
cost(16, 12, 58).
cost(16, 13, 24).
cost(16, 14, 13).
cost(16, 15, 49).
cost(16, 17, 47).
cost(16, 18, 11).
cost(16, 19, 24).
cost(16, 20, 58).
cost(16, 21, 76).
cost(16, 22, 45).
cost(17, 1, 9).
cost(17, 2, 39).
cost(17, 3, 15).
cost(17, 4, 18).
cost(17, 5, 50).
cost(17, 6, 41).
cost(17, 7, 71).
cost(17, 8, 51).
cost(17, 9, 60).
cost(17, 10, 40).
cost(17, 11, 57).
cost(17, 12, 57).
cost(17, 13, 26).
cost(17, 14, 51).
cost(17, 15, 5).
cost(17, 16, 47).
cost(17, 18, 37).
cost(17, 19, 35).
cost(17, 20, 59).
cost(17, 21, 70).
cost(17, 22, 50).
cost(18, 1, 46).
cost(18, 2, 44).
cost(18, 3, 33).
cost(18, 4, 26).
cost(18, 5, 59).
cost(18, 6, 59).
cost(18, 7, 55).
cost(18, 8, 62).
cost(18, 9, 25).
cost(18, 10, 59).
cost(18, 11, 72).
cost(18, 12, 59).
cost(18, 13, 17).
cost(18, 14, 21).
cost(18, 15, 39).
cost(18, 16, 11).
cost(18, 17, 37).
cost(18, 19, 22).
cost(18, 20, 59).
cost(18, 21, 76).
cost(18, 22, 46).
cost(19, 1, 40).
cost(19, 2, 23).
cost(19, 3, 23).
cost(19, 4, 18).
cost(19, 5, 38).
cost(19, 6, 39).
cost(19, 7, 38).
cost(19, 8, 40).
cost(19, 9, 31).
cost(19, 10, 40).
cost(19, 11, 51).
cost(19, 12, 37).
cost(19, 13, 11).
cost(19, 14, 19).
cost(19, 15, 34).
cost(19, 16, 24).
cost(19, 17, 35).
cost(19, 18, 22).
cost(19, 20, 37).
cost(19, 21, 54).
cost(19, 22, 24).
cost(20, 1, 57).
cost(20, 2, 20).
cost(20, 3, 44).
cost(20, 4, 45).
cost(20, 5, 14).
cost(20, 6, 27).
cost(20, 7, 28).
cost(20, 8, 16).
cost(20, 9, 60).
cost(20, 10, 29).
cost(20, 11, 25).
cost(20, 12, 3).
cost(20, 13, 46).
cost(20, 14, 48).
cost(20, 15, 55).
cost(20, 16, 58).
cost(20, 17, 59).
cost(20, 18, 59).
cost(20, 19, 37).
cost(20, 21, 18).
cost(20, 22, 14).
cost(21, 1, 67).
cost(21, 2, 34).
cost(21, 3, 57).
cost(21, 4, 60).
cost(21, 5, 21).
cost(21, 6, 31).
cost(21, 7, 41).
cost(21, 8, 19).
cost(21, 9, 78).
cost(21, 10, 33).
cost(21, 11, 20).
cost(21, 12, 18).
cost(21, 13, 62).
cost(21, 14, 65).
cost(21, 15, 66).
cost(21, 16, 76).
cost(21, 17, 70).
cost(21, 18, 76).
cost(21, 19, 54).
cost(21, 20, 18).
cost(21, 22, 31).
cost(22, 1, 51).
cost(22, 2, 14).
cost(22, 3, 36).
cost(22, 4, 35).
cost(22, 5, 21).
cost(22, 6, 29).
cost(22, 7, 23).
cost(22, 8, 23).
cost(22, 9, 47).
cost(22, 10, 31).
cost(22, 11, 34).
cost(22, 12, 14).
cost(22, 13, 34).
cost(22, 14, 34).
cost(22, 15, 47).
cost(22, 16, 45).
cost(22, 17, 50).
cost(22, 18, 46).
cost(22, 19, 24).
cost(22, 20, 14).
cost(22, 21, 31).
