dimension(22).
point(1, 38.9095533127, 25.7937583455).
point(2, 86.5054312941, 68.6637168162).
point(3, 56.8893667799, 75.2882227967).
point(4, 30.9755063211, 3.4864872459).
point(5, 67.5682925911, 10.3912276919).
point(6, 51.8829532168, 86.2607722829).
point(7, 57.5234117149, 11.5721564336).
point(8, 16.7055922073, 4.5901136754).
point(9, 85.6545998995, 49.4881621362).
point(10, 37.3720611613, 76.7749426127).
point(11, 30.4658350927, 35.1040440996).
point(12, 79.2861114519, 80.292292762).
point(13, 68.417884789, 84.7985685546).
point(14, 23.3981580898, 85.0293818704).
point(15, 75.9763882429, 63.1072502234).
point(16, 12.8702710441, 14.1086214099).
point(17, 9.8829012829, 16.9965569809).
point(18, 38.0972109529, 19.045061909).
point(19, 20.712948509, 4.3319204829).
point(20, 42.583987964, 86.8219036421).
point(21, 17.0884457056, 25.5215994786).
point(22, 62.7412513893, 77.5592680096).
cost(1, 2, 64).
cost(1, 3, 53).
cost(1, 4, 24).
cost(1, 5, 33).
cost(1, 6, 62).
cost(1, 7, 23).
cost(1, 8, 31).
cost(1, 9, 52).
cost(1, 10, 51).
cost(1, 11, 13).
cost(1, 12, 68).
cost(1, 13, 66).
cost(1, 14, 61).
cost(1, 15, 53).
cost(1, 16, 29).
cost(1, 17, 30).
cost(1, 18, 7).
cost(1, 19, 28).
cost(1, 20, 61).
cost(1, 21, 22).
cost(1, 22, 57).
cost(2, 1, 64).
cost(2, 3, 30).
cost(2, 4, 86).
cost(2, 5, 61).
cost(2, 6, 39).
cost(2, 7, 64).
cost(2, 8, 95).
cost(2, 9, 19).
cost(2, 10, 50).
cost(2, 11, 65).
cost(2, 12, 14).
cost(2, 13, 24).
cost(2, 14, 65).
cost(2, 15, 12).
cost(2, 16, 92).
cost(2, 17, 92).
cost(2, 18, 69).
cost(2, 19, 92).
cost(2, 20, 48).
cost(2, 21, 82).
cost(2, 22, 25).
cost(3, 1, 53).
cost(3, 2, 30).
cost(3, 4, 76).
cost(3, 5, 66).
cost(3, 6, 12).
cost(3, 7, 64).
cost(3, 8, 81).
cost(3, 9, 39).
cost(3, 10, 20).
cost(3, 11, 48).
cost(3, 12, 23).
cost(3, 13, 15).
cost(3, 14, 35).
cost(3, 15, 23).
cost(3, 16, 75).
cost(3, 17, 75).
cost(3, 18, 59).
cost(3, 19, 80).
cost(3, 20, 18).
cost(3, 21, 64).
cost(3, 22, 6).
cost(4, 1, 24).
cost(4, 2, 86).
cost(4, 3, 76).
cost(4, 5, 37).
cost(4, 6, 85).
cost(4, 7, 28).
cost(4, 8, 14).
cost(4, 9, 71).
cost(4, 10, 74).
cost(4, 11, 32).
cost(4, 12, 91).
cost(4, 13, 90).
cost(4, 14, 82).
cost(4, 15, 75).
cost(4, 16, 21).
cost(4, 17, 25).
cost(4, 18, 17).
cost(4, 19, 10).
cost(4, 20, 84).
cost(4, 21, 26).
cost(4, 22, 81).
cost(5, 1, 33).
cost(5, 2, 61).
cost(5, 3, 66).
cost(5, 4, 37).
cost(5, 6, 77).
cost(5, 7, 10).
cost(5, 8, 51).
cost(5, 9, 43).
cost(5, 10, 73).
cost(5, 11, 45).
cost(5, 12, 71).
cost(5, 13, 74).
cost(5, 14, 87).
cost(5, 15, 53).
cost(5, 16, 55).
cost(5, 17, 58).
cost(5, 18, 31).
cost(5, 19, 47).
cost(5, 20, 80).
cost(5, 21, 53).
cost(5, 22, 67).
cost(6, 1, 62).
cost(6, 2, 39).
cost(6, 3, 12).
cost(6, 4, 85).
cost(6, 5, 77).
cost(6, 7, 75).
cost(6, 8, 89).
cost(6, 9, 50).
cost(6, 10, 17).
cost(6, 11, 55).
cost(6, 12, 28).
cost(6, 13, 17).
cost(6, 14, 29).
cost(6, 15, 33).
cost(6, 16, 82).
cost(6, 17, 81).
cost(6, 18, 69).
cost(6, 19, 88).
cost(6, 20, 9).
cost(6, 21, 70).
cost(6, 22, 14).
cost(7, 1, 23).
cost(7, 2, 64).
cost(7, 3, 64).
cost(7, 4, 28).
cost(7, 5, 10).
cost(7, 6, 75).
cost(7, 8, 41).
cost(7, 9, 47).
cost(7, 10, 68).
cost(7, 11, 36).
cost(7, 12, 72).
cost(7, 13, 74).
cost(7, 14, 81).
cost(7, 15, 55).
cost(7, 16, 45).
cost(7, 17, 48).
cost(7, 18, 21).
cost(7, 19, 38).
cost(7, 20, 77).
cost(7, 21, 43).
cost(7, 22, 66).
cost(8, 1, 31).
cost(8, 2, 95).
cost(8, 3, 81).
cost(8, 4, 14).
cost(8, 5, 51).
cost(8, 6, 89).
cost(8, 7, 41).
cost(8, 9, 82).
cost(8, 10, 75).
cost(8, 11, 33).
cost(8, 12, 98).
cost(8, 13, 95).
cost(8, 14, 81).
cost(8, 15, 83).
cost(8, 16, 10).
cost(8, 17, 14).
cost(8, 18, 26).
cost(8, 19, 4).
cost(8, 20, 86).
cost(8, 21, 21).
cost(8, 22, 86).
cost(9, 1, 52).
cost(9, 2, 19).
cost(9, 3, 39).
cost(9, 4, 71).
cost(9, 5, 43).
cost(9, 6, 50).
cost(9, 7, 47).
cost(9, 8, 82).
cost(9, 10, 55).
cost(9, 11, 57).
cost(9, 12, 31).
cost(9, 13, 39).
cost(9, 14, 72).
cost(9, 15, 17).
cost(9, 16, 81).
cost(9, 17, 82).
cost(9, 18, 56).
cost(9, 19, 79).
cost(9, 20, 57).
cost(9, 21, 73).
cost(9, 22, 36).
cost(10, 1, 51).
cost(10, 2, 50).
cost(10, 3, 20).
cost(10, 4, 74).
cost(10, 5, 73).
cost(10, 6, 17).
cost(10, 7, 68).
cost(10, 8, 75).
cost(10, 9, 55).
cost(10, 11, 42).
cost(10, 12, 42).
cost(10, 13, 32).
cost(10, 14, 16).
cost(10, 15, 41).
cost(10, 16, 67).
cost(10, 17, 66).
cost(10, 18, 58).
cost(10, 19, 74).
cost(10, 20, 11).
cost(10, 21, 55).
cost(10, 22, 25).
cost(11, 1, 13).
cost(11, 2, 65).
cost(11, 3, 48).
cost(11, 4, 32).
cost(11, 5, 45).
cost(11, 6, 55).
cost(11, 7, 36).
cost(11, 8, 33).
cost(11, 9, 57).
cost(11, 10, 42).
cost(11, 12, 67).
cost(11, 13, 63).
cost(11, 14, 50).
cost(11, 15, 53).
cost(11, 16, 27).
cost(11, 17, 27).
cost(11, 18, 18).
cost(11, 19, 32).
cost(11, 20, 53).
cost(11, 21, 16).
cost(11, 22, 53).
cost(12, 1, 68).
cost(12, 2, 14).
cost(12, 3, 23).
cost(12, 4, 91).
cost(12, 5, 71).
cost(12, 6, 28).
cost(12, 7, 72).
cost(12, 8, 98).
cost(12, 9, 31).
cost(12, 10, 42).
cost(12, 11, 67).
cost(12, 13, 12).
cost(12, 14, 56).
cost(12, 15, 18).
cost(12, 16, 94).
cost(12, 17, 94).
cost(12, 18, 74).
cost(12, 19, 96).
cost(12, 20, 37).
cost(12, 21, 83).
cost(12, 22, 17).
cost(13, 1, 66).
cost(13, 2, 24).
cost(13, 3, 15).
cost(13, 4, 90).
cost(13, 5, 74).
cost(13, 6, 17).
cost(13, 7, 74).
cost(13, 8, 95).
cost(13, 9, 39).
cost(13, 10, 32).
cost(13, 11, 63).
cost(13, 12, 12).
cost(13, 14, 45).
cost(13, 15, 23).
cost(13, 16, 90).
cost(13, 17, 90).
cost(13, 18, 72).
cost(13, 19, 94).
cost(13, 20, 26).
cost(13, 21, 78).
cost(13, 22, 9).
cost(14, 1, 61).
cost(14, 2, 65).
cost(14, 3, 35).
cost(14, 4, 82).
cost(14, 5, 87).
cost(14, 6, 29).
cost(14, 7, 81).
cost(14, 8, 81).
cost(14, 9, 72).
cost(14, 10, 16).
cost(14, 11, 50).
cost(14, 12, 56).
cost(14, 13, 45).
cost(14, 15, 57).
cost(14, 16, 72).
cost(14, 17, 69).
cost(14, 18, 68).
cost(14, 19, 81).
cost(14, 20, 19).
cost(14, 21, 60).
cost(14, 22, 40).
cost(15, 1, 53).
cost(15, 2, 12).
cost(15, 3, 23).
cost(15, 4, 75).
cost(15, 5, 53).
cost(15, 6, 33).
cost(15, 7, 55).
cost(15, 8, 83).
cost(15, 9, 17).
cost(15, 10, 41).
cost(15, 11, 53).
cost(15, 12, 18).
cost(15, 13, 23).
cost(15, 14, 57).
cost(15, 16, 80).
cost(15, 17, 81).
cost(15, 18, 58).
cost(15, 19, 81).
cost(15, 20, 41).
cost(15, 21, 70).
cost(15, 22, 20).
cost(16, 1, 29).
cost(16, 2, 92).
cost(16, 3, 75).
cost(16, 4, 21).
cost(16, 5, 55).
cost(16, 6, 82).
cost(16, 7, 45).
cost(16, 8, 10).
cost(16, 9, 81).
cost(16, 10, 67).
cost(16, 11, 27).
cost(16, 12, 94).
cost(16, 13, 90).
cost(16, 14, 72).
cost(16, 15, 80).
cost(16, 17, 4).
cost(16, 18, 26).
cost(16, 19, 13).
cost(16, 20, 79).
cost(16, 21, 12).
cost(16, 22, 81).
cost(17, 1, 30).
cost(17, 2, 92).
cost(17, 3, 75).
cost(17, 4, 25).
cost(17, 5, 58).
cost(17, 6, 81).
cost(17, 7, 48).
cost(17, 8, 14).
cost(17, 9, 82).
cost(17, 10, 66).
cost(17, 11, 27).
cost(17, 12, 94).
cost(17, 13, 90).
cost(17, 14, 69).
cost(17, 15, 81).
cost(17, 16, 4).
cost(17, 18, 28).
cost(17, 19, 17).
cost(17, 20, 77).
cost(17, 21, 11).
cost(17, 22, 80).
cost(18, 1, 7).
cost(18, 2, 69).
cost(18, 3, 59).
cost(18, 4, 17).
cost(18, 5, 31).
cost(18, 6, 69).
cost(18, 7, 21).
cost(18, 8, 26).
cost(18, 9, 56).
cost(18, 10, 58).
cost(18, 11, 18).
cost(18, 12, 74).
cost(18, 13, 72).
cost(18, 14, 68).
cost(18, 15, 58).
cost(18, 16, 26).
cost(18, 17, 28).
cost(18, 19, 23).
cost(18, 20, 68).
cost(18, 21, 22).
cost(18, 22, 63).
cost(19, 1, 28).
cost(19, 2, 92).
cost(19, 3, 80).
cost(19, 4, 10).
cost(19, 5, 47).
cost(19, 6, 88).
cost(19, 7, 38).
cost(19, 8, 4).
cost(19, 9, 79).
cost(19, 10, 74).
cost(19, 11, 32).
cost(19, 12, 96).
cost(19, 13, 94).
cost(19, 14, 81).
cost(19, 15, 81).
cost(19, 16, 13).
cost(19, 17, 17).
cost(19, 18, 23).
cost(19, 20, 85).
cost(19, 21, 21).
cost(19, 22, 84).
cost(20, 1, 61).
cost(20, 2, 48).
cost(20, 3, 18).
cost(20, 4, 84).
cost(20, 5, 80).
cost(20, 6, 9).
cost(20, 7, 77).
cost(20, 8, 86).
cost(20, 9, 57).
cost(20, 10, 11).
cost(20, 11, 53).
cost(20, 12, 37).
cost(20, 13, 26).
cost(20, 14, 19).
cost(20, 15, 41).
cost(20, 16, 79).
cost(20, 17, 77).
cost(20, 18, 68).
cost(20, 19, 85).
cost(20, 21, 66).
cost(20, 22, 22).
cost(21, 1, 22).
cost(21, 2, 82).
cost(21, 3, 64).
cost(21, 4, 26).
cost(21, 5, 53).
cost(21, 6, 70).
cost(21, 7, 43).
cost(21, 8, 21).
cost(21, 9, 73).
cost(21, 10, 55).
cost(21, 11, 16).
cost(21, 12, 83).
cost(21, 13, 78).
cost(21, 14, 60).
cost(21, 15, 70).
cost(21, 16, 12).
cost(21, 17, 11).
cost(21, 18, 22).
cost(21, 19, 21).
cost(21, 20, 66).
cost(21, 22, 69).
cost(22, 1, 57).
cost(22, 2, 25).
cost(22, 3, 6).
cost(22, 4, 81).
cost(22, 5, 67).
cost(22, 6, 14).
cost(22, 7, 66).
cost(22, 8, 86).
cost(22, 9, 36).
cost(22, 10, 25).
cost(22, 11, 53).
cost(22, 12, 17).
cost(22, 13, 9).
cost(22, 14, 40).
cost(22, 15, 20).
cost(22, 16, 81).
cost(22, 17, 80).
cost(22, 18, 63).
cost(22, 19, 84).
cost(22, 20, 22).
cost(22, 21, 69).
