dimension(22).
point(1, 11.6546857729, 41.2073769544).
point(2, 80.2038075374, 83.5954070689).
point(3, 49.496191337, 87.8870133057).
point(4, 47.5573275077, 4.9411517385).
point(5, 27.6871538607, 33.9311244066).
point(6, 37.0443871666, 36.9085857523).
point(7, 33.5069905321, 89.8041062624).
point(8, 15.385141919, 14.3358240202).
point(9, 49.7118591438, 31.4630459041).
point(10, 16.5652236811, 3.8366146442).
point(11, 46.6529622592, 76.7159450855).
point(12, 1.1954766689, 22.2823881294).
point(13, 72.3097976246, 59.9733878).
point(14, 50.4393204967, 14.1477256131).
point(15, 77.3183579656, 79.1301510331).
point(16, 76.6684366281, 68.9567988219).
point(17, 56.0644537846, 73.621881637).
point(18, 31.2818687175, 81.3041647457).
point(19, 60.6140579871, 76.0622513073).
point(20, 51.9188154223, 67.3097387282).
point(21, 55.5962338202, 13.4578778643).
point(22, 40.0740965387, 34.6185856385).
cost(1, 2, 81).
cost(1, 3, 60).
cost(1, 4, 51).
cost(1, 5, 18).
cost(1, 6, 26).
cost(1, 7, 53).
cost(1, 8, 27).
cost(1, 9, 39).
cost(1, 10, 38).
cost(1, 11, 50).
cost(1, 12, 22).
cost(1, 13, 63).
cost(1, 14, 47).
cost(1, 15, 76).
cost(1, 16, 71).
cost(1, 17, 55).
cost(1, 18, 45).
cost(1, 19, 60).
cost(1, 20, 48).
cost(1, 21, 52).
cost(1, 22, 29).
cost(2, 1, 81).
cost(2, 3, 31).
cost(2, 4, 85).
cost(2, 5, 72).
cost(2, 6, 64).
cost(2, 7, 47).
cost(2, 8, 95).
cost(2, 9, 60).
cost(2, 10, 102).
cost(2, 11, 34).
cost(2, 12, 100).
cost(2, 13, 25).
cost(2, 14, 76).
cost(2, 15, 5).
cost(2, 16, 15).
cost(2, 17, 26).
cost(2, 18, 49).
cost(2, 19, 21).
cost(2, 20, 33).
cost(2, 21, 74).
cost(2, 22, 63).
cost(3, 1, 60).
cost(3, 2, 31).
cost(3, 4, 83).
cost(3, 5, 58).
cost(3, 6, 52).
cost(3, 7, 16).
cost(3, 8, 81).
cost(3, 9, 56).
cost(3, 10, 90).
cost(3, 11, 12).
cost(3, 12, 81).
cost(3, 13, 36).
cost(3, 14, 74).
cost(3, 15, 29).
cost(3, 16, 33).
cost(3, 17, 16).
cost(3, 18, 19).
cost(3, 19, 16).
cost(3, 20, 21).
cost(3, 21, 75).
cost(3, 22, 54).
cost(4, 1, 51).
cost(4, 2, 85).
cost(4, 3, 83).
cost(4, 5, 35).
cost(4, 6, 34).
cost(4, 7, 86).
cost(4, 8, 34).
cost(4, 9, 27).
cost(4, 10, 31).
cost(4, 11, 72).
cost(4, 12, 49).
cost(4, 13, 60).
cost(4, 14, 10).
cost(4, 15, 80).
cost(4, 16, 70).
cost(4, 17, 69).
cost(4, 18, 78).
cost(4, 19, 72).
cost(4, 20, 63).
cost(4, 21, 12).
cost(4, 22, 31).
cost(5, 1, 18).
cost(5, 2, 72).
cost(5, 3, 58).
cost(5, 4, 35).
cost(5, 6, 10).
cost(5, 7, 56).
cost(5, 8, 23).
cost(5, 9, 22).
cost(5, 10, 32).
cost(5, 11, 47).
cost(5, 12, 29).
cost(5, 13, 52).
cost(5, 14, 30).
cost(5, 15, 67).
cost(5, 16, 60).
cost(5, 17, 49).
cost(5, 18, 48).
cost(5, 19, 53).
cost(5, 20, 41).
cost(5, 21, 35).
cost(5, 22, 12).
cost(6, 1, 26).
cost(6, 2, 64).
cost(6, 3, 52).
cost(6, 4, 34).
cost(6, 5, 10).
cost(6, 7, 53).
cost(6, 8, 31).
cost(6, 9, 14).
cost(6, 10, 39).
cost(6, 11, 41).
cost(6, 12, 39).
cost(6, 13, 42).
cost(6, 14, 26).
cost(6, 15, 58).
cost(6, 16, 51).
cost(6, 17, 41).
cost(6, 18, 45).
cost(6, 19, 46).
cost(6, 20, 34).
cost(6, 21, 30).
cost(6, 22, 4).
cost(7, 1, 53).
cost(7, 2, 47).
cost(7, 3, 16).
cost(7, 4, 86).
cost(7, 5, 56).
cost(7, 6, 53).
cost(7, 8, 78).
cost(7, 9, 61).
cost(7, 10, 88).
cost(7, 11, 19).
cost(7, 12, 75).
cost(7, 13, 49).
cost(7, 14, 78).
cost(7, 15, 45).
cost(7, 16, 48).
cost(7, 17, 28).
cost(7, 18, 9).
cost(7, 19, 30).
cost(7, 20, 29).
cost(7, 21, 79).
cost(7, 22, 56).
cost(8, 1, 27).
cost(8, 2, 95).
cost(8, 3, 81).
cost(8, 4, 34).
cost(8, 5, 23).
cost(8, 6, 31).
cost(8, 7, 78).
cost(8, 9, 38).
cost(8, 10, 11).
cost(8, 11, 70).
cost(8, 12, 16).
cost(8, 13, 73).
cost(8, 14, 35).
cost(8, 15, 90).
cost(8, 16, 82).
cost(8, 17, 72).
cost(8, 18, 69).
cost(8, 19, 77).
cost(8, 20, 64).
cost(8, 21, 40).
cost(8, 22, 32).
cost(9, 1, 39).
cost(9, 2, 60).
cost(9, 3, 56).
cost(9, 4, 27).
cost(9, 5, 22).
cost(9, 6, 14).
cost(9, 7, 61).
cost(9, 8, 38).
cost(9, 10, 43).
cost(9, 11, 45).
cost(9, 12, 49).
cost(9, 13, 36).
cost(9, 14, 17).
cost(9, 15, 55).
cost(9, 16, 46).
cost(9, 17, 43).
cost(9, 18, 53).
cost(9, 19, 46).
cost(9, 20, 36).
cost(9, 21, 19).
cost(9, 22, 10).
cost(10, 1, 38).
cost(10, 2, 102).
cost(10, 3, 90).
cost(10, 4, 31).
cost(10, 5, 32).
cost(10, 6, 39).
cost(10, 7, 88).
cost(10, 8, 11).
cost(10, 9, 43).
cost(10, 11, 79).
cost(10, 12, 24).
cost(10, 13, 79).
cost(10, 14, 35).
cost(10, 15, 97).
cost(10, 16, 89).
cost(10, 17, 80).
cost(10, 18, 79).
cost(10, 19, 85).
cost(10, 20, 73).
cost(10, 21, 40).
cost(10, 22, 39).
cost(11, 1, 50).
cost(11, 2, 34).
cost(11, 3, 12).
cost(11, 4, 72).
cost(11, 5, 47).
cost(11, 6, 41).
cost(11, 7, 19).
cost(11, 8, 70).
cost(11, 9, 45).
cost(11, 10, 79).
cost(11, 12, 71).
cost(11, 13, 31).
cost(11, 14, 63).
cost(11, 15, 31).
cost(11, 16, 31).
cost(11, 17, 10).
cost(11, 18, 16).
cost(11, 19, 14).
cost(11, 20, 11).
cost(11, 21, 64).
cost(11, 22, 43).
cost(12, 1, 22).
cost(12, 2, 100).
cost(12, 3, 81).
cost(12, 4, 49).
cost(12, 5, 29).
cost(12, 6, 39).
cost(12, 7, 75).
cost(12, 8, 16).
cost(12, 9, 49).
cost(12, 10, 24).
cost(12, 11, 71).
cost(12, 13, 80).
cost(12, 14, 50).
cost(12, 15, 95).
cost(12, 16, 89).
cost(12, 17, 75).
cost(12, 18, 66).
cost(12, 19, 80).
cost(12, 20, 68).
cost(12, 21, 55).
cost(12, 22, 41).
cost(13, 1, 63).
cost(13, 2, 25).
cost(13, 3, 36).
cost(13, 4, 60).
cost(13, 5, 52).
cost(13, 6, 42).
cost(13, 7, 49).
cost(13, 8, 73).
cost(13, 9, 36).
cost(13, 10, 79).
cost(13, 11, 31).
cost(13, 12, 80).
cost(13, 14, 51).
cost(13, 15, 20).
cost(13, 16, 10).
cost(13, 17, 21).
cost(13, 18, 46).
cost(13, 19, 20).
cost(13, 20, 22).
cost(13, 21, 49).
cost(13, 22, 41).
cost(14, 1, 47).
cost(14, 2, 76).
cost(14, 3, 74).
cost(14, 4, 10).
cost(14, 5, 30).
cost(14, 6, 26).
cost(14, 7, 78).
cost(14, 8, 35).
cost(14, 9, 17).
cost(14, 10, 35).
cost(14, 11, 63).
cost(14, 12, 50).
cost(14, 13, 51).
cost(14, 15, 70).
cost(14, 16, 61).
cost(14, 17, 60).
cost(14, 18, 70).
cost(14, 19, 63).
cost(14, 20, 53).
cost(14, 21, 5).
cost(14, 22, 23).
cost(15, 1, 76).
cost(15, 2, 5).
cost(15, 3, 29).
cost(15, 4, 80).
cost(15, 5, 67).
cost(15, 6, 58).
cost(15, 7, 45).
cost(15, 8, 90).
cost(15, 9, 55).
cost(15, 10, 97).
cost(15, 11, 31).
cost(15, 12, 95).
cost(15, 13, 20).
cost(15, 14, 70).
cost(15, 16, 10).
cost(15, 17, 22).
cost(15, 18, 46).
cost(15, 19, 17).
cost(15, 20, 28).
cost(15, 21, 69).
cost(15, 22, 58).
cost(16, 1, 71).
cost(16, 2, 15).
cost(16, 3, 33).
cost(16, 4, 70).
cost(16, 5, 60).
cost(16, 6, 51).
cost(16, 7, 48).
cost(16, 8, 82).
cost(16, 9, 46).
cost(16, 10, 89).
cost(16, 11, 31).
cost(16, 12, 89).
cost(16, 13, 10).
cost(16, 14, 61).
cost(16, 15, 10).
cost(16, 17, 21).
cost(16, 18, 47).
cost(16, 19, 18).
cost(16, 20, 25).
cost(16, 21, 59).
cost(16, 22, 50).
cost(17, 1, 55).
cost(17, 2, 26).
cost(17, 3, 16).
cost(17, 4, 69).
cost(17, 5, 49).
cost(17, 6, 41).
cost(17, 7, 28).
cost(17, 8, 72).
cost(17, 9, 43).
cost(17, 10, 80).
cost(17, 11, 10).
cost(17, 12, 75).
cost(17, 13, 21).
cost(17, 14, 60).
cost(17, 15, 22).
cost(17, 16, 21).
cost(17, 18, 26).
cost(17, 19, 5).
cost(17, 20, 8).
cost(17, 21, 60).
cost(17, 22, 42).
cost(18, 1, 45).
cost(18, 2, 49).
cost(18, 3, 19).
cost(18, 4, 78).
cost(18, 5, 48).
cost(18, 6, 45).
cost(18, 7, 9).
cost(18, 8, 69).
cost(18, 9, 53).
cost(18, 10, 79).
cost(18, 11, 16).
cost(18, 12, 66).
cost(18, 13, 46).
cost(18, 14, 70).
cost(18, 15, 46).
cost(18, 16, 47).
cost(18, 17, 26).
cost(18, 19, 30).
cost(18, 20, 25).
cost(18, 21, 72).
cost(18, 22, 48).
cost(19, 1, 60).
cost(19, 2, 21).
cost(19, 3, 16).
cost(19, 4, 72).
cost(19, 5, 53).
cost(19, 6, 46).
cost(19, 7, 30).
cost(19, 8, 77).
cost(19, 9, 46).
cost(19, 10, 85).
cost(19, 11, 14).
cost(19, 12, 80).
cost(19, 13, 20).
cost(19, 14, 63).
cost(19, 15, 17).
cost(19, 16, 18).
cost(19, 17, 5).
cost(19, 18, 30).
cost(19, 20, 12).
cost(19, 21, 63).
cost(19, 22, 46).
cost(20, 1, 48).
cost(20, 2, 33).
cost(20, 3, 21).
cost(20, 4, 63).
cost(20, 5, 41).
cost(20, 6, 34).
cost(20, 7, 29).
cost(20, 8, 64).
cost(20, 9, 36).
cost(20, 10, 73).
cost(20, 11, 11).
cost(20, 12, 68).
cost(20, 13, 22).
cost(20, 14, 53).
cost(20, 15, 28).
cost(20, 16, 25).
cost(20, 17, 8).
cost(20, 18, 25).
cost(20, 19, 12).
cost(20, 21, 54).
cost(20, 22, 35).
cost(21, 1, 52).
cost(21, 2, 74).
cost(21, 3, 75).
cost(21, 4, 12).
cost(21, 5, 35).
cost(21, 6, 30).
cost(21, 7, 79).
cost(21, 8, 40).
cost(21, 9, 19).
cost(21, 10, 40).
cost(21, 11, 64).
cost(21, 12, 55).
cost(21, 13, 49).
cost(21, 14, 5).
cost(21, 15, 69).
cost(21, 16, 59).
cost(21, 17, 60).
cost(21, 18, 72).
cost(21, 19, 63).
cost(21, 20, 54).
cost(21, 22, 26).
cost(22, 1, 29).
cost(22, 2, 63).
cost(22, 3, 54).
cost(22, 4, 31).
cost(22, 5, 12).
cost(22, 6, 4).
cost(22, 7, 56).
cost(22, 8, 32).
cost(22, 9, 10).
cost(22, 10, 39).
cost(22, 11, 43).
cost(22, 12, 41).
cost(22, 13, 41).
cost(22, 14, 23).
cost(22, 15, 58).
cost(22, 16, 50).
cost(22, 17, 42).
cost(22, 18, 48).
cost(22, 19, 46).
cost(22, 20, 35).
cost(22, 21, 26).
