dimension(22).
point(1, 74.4495991594, 10.7310268397).
point(2, 20.3717460762, 72.2132291289).
point(3, 27.6037011152, 48.171478413).
point(4, 53.1975634438, 73.3703139816).
point(5, 62.0856033387, 63.6499631536).
point(6, 33.3794475127, 76.7544318305).
point(7, 97.4111492831, 13.5787617931).
point(8, 97.8004887064, 53.3775781963).
point(9, 86.9838323159, 43.4017844997).
point(10, 99.4929173995, 22.1656918078).
point(11, 88.3904873841, 26.6316463521).
point(12, 76.4144732494, 32.4309710937).
point(13, 38.086576904, 42.9861859245).
point(14, 25.9434683821, 73.4966105012).
point(15, 86.9682382916, 23.3228046327).
point(16, 16.3204456144, 82.4694932709).
point(17, 47.599183443, 88.2213477048).
point(18, 75.0578012623, 14.3125800457).
point(19, 95.273278868, 50.2730427139).
point(20, 79.3940940006, 5.4932417996).
point(21, 50.046419904, 40.8166812689).
point(22, 26.3447827593, 64.1150552333).
cost(1, 2, 82).
cost(1, 3, 60).
cost(1, 4, 66).
cost(1, 5, 54).
cost(1, 6, 78).
cost(1, 7, 23).
cost(1, 8, 49).
cost(1, 9, 35).
cost(1, 10, 28).
cost(1, 11, 21).
cost(1, 12, 22).
cost(1, 13, 49).
cost(1, 14, 79).
cost(1, 15, 18).
cost(1, 16, 92).
cost(1, 17, 82).
cost(1, 18, 4).
cost(1, 19, 45).
cost(1, 20, 7).
cost(1, 21, 39).
cost(1, 22, 72).
cost(2, 1, 82).
cost(2, 3, 25).
cost(2, 4, 33).
cost(2, 5, 43).
cost(2, 6, 14).
cost(2, 7, 97).
cost(2, 8, 80).
cost(2, 9, 73).
cost(2, 10, 94).
cost(2, 11, 82).
cost(2, 12, 69).
cost(2, 13, 34).
cost(2, 14, 6).
cost(2, 15, 83).
cost(2, 16, 11).
cost(2, 17, 32).
cost(2, 18, 80).
cost(2, 19, 78).
cost(2, 20, 89).
cost(2, 21, 43).
cost(2, 22, 10).
cost(3, 1, 60).
cost(3, 2, 25).
cost(3, 4, 36).
cost(3, 5, 38).
cost(3, 6, 29).
cost(3, 7, 78).
cost(3, 8, 70).
cost(3, 9, 60).
cost(3, 10, 76).
cost(3, 11, 64).
cost(3, 12, 51).
cost(3, 13, 12).
cost(3, 14, 25).
cost(3, 15, 64).
cost(3, 16, 36).
cost(3, 17, 45).
cost(3, 18, 58).
cost(3, 19, 68).
cost(3, 20, 67).
cost(3, 21, 24).
cost(3, 22, 16).
cost(4, 1, 66).
cost(4, 2, 33).
cost(4, 3, 36).
cost(4, 5, 13).
cost(4, 6, 20).
cost(4, 7, 74).
cost(4, 8, 49).
cost(4, 9, 45).
cost(4, 10, 69).
cost(4, 11, 59).
cost(4, 12, 47).
cost(4, 13, 34).
cost(4, 14, 27).
cost(4, 15, 60).
cost(4, 16, 38).
cost(4, 17, 16).
cost(4, 18, 63).
cost(4, 19, 48).
cost(4, 20, 73).
cost(4, 21, 33).
cost(4, 22, 28).
cost(5, 1, 54).
cost(5, 2, 43).
cost(5, 3, 38).
cost(5, 4, 13).
cost(5, 6, 32).
cost(5, 7, 61).
cost(5, 8, 37).
cost(5, 9, 32).
cost(5, 10, 56).
cost(5, 11, 45).
cost(5, 12, 34).
cost(5, 13, 32).
cost(5, 14, 37).
cost(5, 15, 47).
cost(5, 16, 49).
cost(5, 17, 29).
cost(5, 18, 51).
cost(5, 19, 36).
cost(5, 20, 61).
cost(5, 21, 26).
cost(5, 22, 36).
cost(6, 1, 78).
cost(6, 2, 14).
cost(6, 3, 29).
cost(6, 4, 20).
cost(6, 5, 32).
cost(6, 7, 90).
cost(6, 8, 69).
cost(6, 9, 63).
cost(6, 10, 86).
cost(6, 11, 74).
cost(6, 12, 62).
cost(6, 13, 34).
cost(6, 14, 8).
cost(6, 15, 76).
cost(6, 16, 18).
cost(6, 17, 18).
cost(6, 18, 75).
cost(6, 19, 67).
cost(6, 20, 85).
cost(6, 21, 40).
cost(6, 22, 14).
cost(7, 1, 23).
cost(7, 2, 97).
cost(7, 3, 78).
cost(7, 4, 74).
cost(7, 5, 61).
cost(7, 6, 90).
cost(7, 8, 40).
cost(7, 9, 32).
cost(7, 10, 9).
cost(7, 11, 16).
cost(7, 12, 28).
cost(7, 13, 66).
cost(7, 14, 93).
cost(7, 15, 14).
cost(7, 16, 106).
cost(7, 17, 90).
cost(7, 18, 22).
cost(7, 19, 37).
cost(7, 20, 20).
cost(7, 21, 55).
cost(7, 22, 87).
cost(8, 1, 49).
cost(8, 2, 80).
cost(8, 3, 70).
cost(8, 4, 49).
cost(8, 5, 37).
cost(8, 6, 69).
cost(8, 7, 40).
cost(8, 9, 15).
cost(8, 10, 31).
cost(8, 11, 28).
cost(8, 12, 30).
cost(8, 13, 61).
cost(8, 14, 75).
cost(8, 15, 32).
cost(8, 16, 87).
cost(8, 17, 61).
cost(8, 18, 45).
cost(8, 19, 4).
cost(8, 20, 51).
cost(8, 21, 49).
cost(8, 22, 72).
cost(9, 1, 35).
cost(9, 2, 73).
cost(9, 3, 60).
cost(9, 4, 45).
cost(9, 5, 32).
cost(9, 6, 63).
cost(9, 7, 32).
cost(9, 8, 15).
cost(9, 10, 25).
cost(9, 11, 17).
cost(9, 12, 15).
cost(9, 13, 49).
cost(9, 14, 68).
cost(9, 15, 20).
cost(9, 16, 81).
cost(9, 17, 60).
cost(9, 18, 31).
cost(9, 19, 11).
cost(9, 20, 39).
cost(9, 21, 37).
cost(9, 22, 64).
cost(10, 1, 28).
cost(10, 2, 94).
cost(10, 3, 76).
cost(10, 4, 69).
cost(10, 5, 56).
cost(10, 6, 86).
cost(10, 7, 9).
cost(10, 8, 31).
cost(10, 9, 25).
cost(10, 11, 12).
cost(10, 12, 25).
cost(10, 13, 65).
cost(10, 14, 90).
cost(10, 15, 13).
cost(10, 16, 103).
cost(10, 17, 84).
cost(10, 18, 26).
cost(10, 19, 28).
cost(10, 20, 26).
cost(10, 21, 53).
cost(10, 22, 84).
cost(11, 1, 21).
cost(11, 2, 82).
cost(11, 3, 64).
cost(11, 4, 59).
cost(11, 5, 45).
cost(11, 6, 74).
cost(11, 7, 16).
cost(11, 8, 28).
cost(11, 9, 17).
cost(11, 10, 12).
cost(11, 12, 13).
cost(11, 13, 53).
cost(11, 14, 78).
cost(11, 15, 4).
cost(11, 16, 91).
cost(11, 17, 74).
cost(11, 18, 18).
cost(11, 19, 25).
cost(11, 20, 23).
cost(11, 21, 41).
cost(11, 22, 72).
cost(12, 1, 22).
cost(12, 2, 69).
cost(12, 3, 51).
cost(12, 4, 47).
cost(12, 5, 34).
cost(12, 6, 62).
cost(12, 7, 28).
cost(12, 8, 30).
cost(12, 9, 15).
cost(12, 10, 25).
cost(12, 11, 13).
cost(12, 13, 40).
cost(12, 14, 65).
cost(12, 15, 14).
cost(12, 16, 78).
cost(12, 17, 63).
cost(12, 18, 18).
cost(12, 19, 26).
cost(12, 20, 27).
cost(12, 21, 28).
cost(12, 22, 59).
cost(13, 1, 49).
cost(13, 2, 34).
cost(13, 3, 12).
cost(13, 4, 34).
cost(13, 5, 32).
cost(13, 6, 34).
cost(13, 7, 66).
cost(13, 8, 61).
cost(13, 9, 49).
cost(13, 10, 65).
cost(13, 11, 53).
cost(13, 12, 40).
cost(13, 14, 33).
cost(13, 15, 53).
cost(13, 16, 45).
cost(13, 17, 46).
cost(13, 18, 47).
cost(13, 19, 58).
cost(13, 20, 56).
cost(13, 21, 12).
cost(13, 22, 24).
cost(14, 1, 79).
cost(14, 2, 6).
cost(14, 3, 25).
cost(14, 4, 27).
cost(14, 5, 37).
cost(14, 6, 8).
cost(14, 7, 93).
cost(14, 8, 75).
cost(14, 9, 68).
cost(14, 10, 90).
cost(14, 11, 78).
cost(14, 12, 65).
cost(14, 13, 33).
cost(14, 15, 79).
cost(14, 16, 13).
cost(14, 17, 26).
cost(14, 18, 77).
cost(14, 19, 73).
cost(14, 20, 86).
cost(14, 21, 41).
cost(14, 22, 9).
cost(15, 1, 18).
cost(15, 2, 83).
cost(15, 3, 64).
cost(15, 4, 60).
cost(15, 5, 47).
cost(15, 6, 76).
cost(15, 7, 14).
cost(15, 8, 32).
cost(15, 9, 20).
cost(15, 10, 13).
cost(15, 11, 4).
cost(15, 12, 14).
cost(15, 13, 53).
cost(15, 14, 79).
cost(15, 16, 92).
cost(15, 17, 76).
cost(15, 18, 15).
cost(15, 19, 28).
cost(15, 20, 19).
cost(15, 21, 41).
cost(15, 22, 73).
cost(16, 1, 92).
cost(16, 2, 11).
cost(16, 3, 36).
cost(16, 4, 38).
cost(16, 5, 49).
cost(16, 6, 18).
cost(16, 7, 106).
cost(16, 8, 87).
cost(16, 9, 81).
cost(16, 10, 103).
cost(16, 11, 91).
cost(16, 12, 78).
cost(16, 13, 45).
cost(16, 14, 13).
cost(16, 15, 92).
cost(16, 17, 32).
cost(16, 18, 90).
cost(16, 19, 85).
cost(16, 20, 100).
cost(16, 21, 54).
cost(16, 22, 21).
cost(17, 1, 82).
cost(17, 2, 32).
cost(17, 3, 45).
cost(17, 4, 16).
cost(17, 5, 29).
cost(17, 6, 18).
cost(17, 7, 90).
cost(17, 8, 61).
cost(17, 9, 60).
cost(17, 10, 84).
cost(17, 11, 74).
cost(17, 12, 63).
cost(17, 13, 46).
cost(17, 14, 26).
cost(17, 15, 76).
cost(17, 16, 32).
cost(17, 18, 79).
cost(17, 19, 61).
cost(17, 20, 89).
cost(17, 21, 47).
cost(17, 22, 32).
cost(18, 1, 4).
cost(18, 2, 80).
cost(18, 3, 58).
cost(18, 4, 63).
cost(18, 5, 51).
cost(18, 6, 75).
cost(18, 7, 22).
cost(18, 8, 45).
cost(18, 9, 31).
cost(18, 10, 26).
cost(18, 11, 18).
cost(18, 12, 18).
cost(18, 13, 47).
cost(18, 14, 77).
cost(18, 15, 15).
cost(18, 16, 90).
cost(18, 17, 79).
cost(18, 19, 41).
cost(18, 20, 10).
cost(18, 21, 36).
cost(18, 22, 70).
cost(19, 1, 45).
cost(19, 2, 78).
cost(19, 3, 68).
cost(19, 4, 48).
cost(19, 5, 36).
cost(19, 6, 67).
cost(19, 7, 37).
cost(19, 8, 4).
cost(19, 9, 11).
cost(19, 10, 28).
cost(19, 11, 25).
cost(19, 12, 26).
cost(19, 13, 58).
cost(19, 14, 73).
cost(19, 15, 28).
cost(19, 16, 85).
cost(19, 17, 61).
cost(19, 18, 41).
cost(19, 20, 48).
cost(19, 21, 46).
cost(19, 22, 70).
cost(20, 1, 7).
cost(20, 2, 89).
cost(20, 3, 67).
cost(20, 4, 73).
cost(20, 5, 61).
cost(20, 6, 85).
cost(20, 7, 20).
cost(20, 8, 51).
cost(20, 9, 39).
cost(20, 10, 26).
cost(20, 11, 23).
cost(20, 12, 27).
cost(20, 13, 56).
cost(20, 14, 86).
cost(20, 15, 19).
cost(20, 16, 100).
cost(20, 17, 89).
cost(20, 18, 10).
cost(20, 19, 48).
cost(20, 21, 46).
cost(20, 22, 79).
cost(21, 1, 39).
cost(21, 2, 43).
cost(21, 3, 24).
cost(21, 4, 33).
cost(21, 5, 26).
cost(21, 6, 40).
cost(21, 7, 55).
cost(21, 8, 49).
cost(21, 9, 37).
cost(21, 10, 53).
cost(21, 11, 41).
cost(21, 12, 28).
cost(21, 13, 12).
cost(21, 14, 41).
cost(21, 15, 41).
cost(21, 16, 54).
cost(21, 17, 47).
cost(21, 18, 36).
cost(21, 19, 46).
cost(21, 20, 46).
cost(21, 22, 33).
cost(22, 1, 72).
cost(22, 2, 10).
cost(22, 3, 16).
cost(22, 4, 28).
cost(22, 5, 36).
cost(22, 6, 14).
cost(22, 7, 87).
cost(22, 8, 72).
cost(22, 9, 64).
cost(22, 10, 84).
cost(22, 11, 72).
cost(22, 12, 59).
cost(22, 13, 24).
cost(22, 14, 9).
cost(22, 15, 73).
cost(22, 16, 21).
cost(22, 17, 32).
cost(22, 18, 70).
cost(22, 19, 70).
cost(22, 20, 79).
cost(22, 21, 33).
