dimension(22).
point(1, 47.8090866679, 33.3343832279).
point(2, 54.8928128258, 9.8782713891).
point(3, 79.3393942693, 64.8286274209).
point(4, 72.1260161362, 98.9770311784).
point(5, 26.2031539867, 24.5260770298).
point(6, 79.5738308751, 37.6791005735).
point(7, 64.5574607636, 33.1824730327).
point(8, 80.5364692343, 72.4868048051).
point(9, 58.1880539286, 23.0337252975).
point(10, 54.0532845172, 84.8564569726).
point(11, 69.1345670693, 89.313499792).
point(12, 46.6615040302, 86.6623970632).
point(13, 52.9756264776, 25.2039692014).
point(14, 77.0678305869, 77.5645732586).
point(15, 31.4560807519, 30.3106055714).
point(16, 68.953962835, 7.6958751068).
point(17, 79.7742879704, 82.6325925275).
point(18, 54.0936848553, 98.0305612992).
point(19, 55.0105518696, 21.4510756807).
point(20, 92.5836000855, 87.960616251).
point(21, 59.111981669, 7.5532697517).
point(22, 85.1515969641, 72.0873083766).
cost(1, 2, 25).
cost(1, 3, 45).
cost(1, 4, 70).
cost(1, 5, 23).
cost(1, 6, 32).
cost(1, 7, 17).
cost(1, 8, 51).
cost(1, 9, 15).
cost(1, 10, 52).
cost(1, 11, 60).
cost(1, 12, 53).
cost(1, 13, 10).
cost(1, 14, 53).
cost(1, 15, 17).
cost(1, 16, 33).
cost(1, 17, 59).
cost(1, 18, 65).
cost(1, 19, 14).
cost(1, 20, 71).
cost(1, 21, 28).
cost(1, 22, 54).
cost(2, 1, 25).
cost(2, 3, 60).
cost(2, 4, 91).
cost(2, 5, 32).
cost(2, 6, 37).
cost(2, 7, 25).
cost(2, 8, 68).
cost(2, 9, 14).
cost(2, 10, 75).
cost(2, 11, 81).
cost(2, 12, 77).
cost(2, 13, 15).
cost(2, 14, 71).
cost(2, 15, 31).
cost(2, 16, 14).
cost(2, 17, 77).
cost(2, 18, 88).
cost(2, 19, 12).
cost(2, 20, 87).
cost(2, 21, 5).
cost(2, 22, 69).
cost(3, 1, 45).
cost(3, 2, 60).
cost(3, 4, 35).
cost(3, 5, 67).
cost(3, 6, 27).
cost(3, 7, 35).
cost(3, 8, 8).
cost(3, 9, 47).
cost(3, 10, 32).
cost(3, 11, 27).
cost(3, 12, 39).
cost(3, 13, 48).
cost(3, 14, 13).
cost(3, 15, 59).
cost(3, 16, 58).
cost(3, 17, 18).
cost(3, 18, 42).
cost(3, 19, 50).
cost(3, 20, 27).
cost(3, 21, 61).
cost(3, 22, 9).
cost(4, 1, 70).
cost(4, 2, 91).
cost(4, 3, 35).
cost(4, 5, 87).
cost(4, 6, 62).
cost(4, 7, 66).
cost(4, 8, 28).
cost(4, 9, 77).
cost(4, 10, 23).
cost(4, 11, 10).
cost(4, 12, 28).
cost(4, 13, 76).
cost(4, 14, 22).
cost(4, 15, 80).
cost(4, 16, 91).
cost(4, 17, 18).
cost(4, 18, 18).
cost(4, 19, 79).
cost(4, 20, 23).
cost(4, 21, 92).
cost(4, 22, 30).
cost(5, 1, 23).
cost(5, 2, 32).
cost(5, 3, 67).
cost(5, 4, 87).
cost(5, 6, 55).
cost(5, 7, 39).
cost(5, 8, 72).
cost(5, 9, 32).
cost(5, 10, 66).
cost(5, 11, 78).
cost(5, 12, 65).
cost(5, 13, 27).
cost(5, 14, 73).
cost(5, 15, 8).
cost(5, 16, 46).
cost(5, 17, 79).
cost(5, 18, 79).
cost(5, 19, 29).
cost(5, 20, 92).
cost(5, 21, 37).
cost(5, 22, 76).
cost(6, 1, 32).
cost(6, 2, 37).
cost(6, 3, 27).
cost(6, 4, 62).
cost(6, 5, 55).
cost(6, 7, 16).
cost(6, 8, 35).
cost(6, 9, 26).
cost(6, 10, 54).
cost(6, 11, 53).
cost(6, 12, 59).
cost(6, 13, 29).
cost(6, 14, 40).
cost(6, 15, 49).
cost(6, 16, 32).
cost(6, 17, 45).
cost(6, 18, 66).
cost(6, 19, 29).
cost(6, 20, 52).
cost(6, 21, 36).
cost(6, 22, 35).
cost(7, 1, 17).
cost(7, 2, 25).
cost(7, 3, 35).
cost(7, 4, 66).
cost(7, 5, 39).
cost(7, 6, 16).
cost(7, 8, 42).
cost(7, 9, 12).
cost(7, 10, 53).
cost(7, 11, 56).
cost(7, 12, 56).
cost(7, 13, 14).
cost(7, 14, 46).
cost(7, 15, 33).
cost(7, 16, 26).
cost(7, 17, 52).
cost(7, 18, 66).
cost(7, 19, 15).
cost(7, 20, 62).
cost(7, 21, 26).
cost(7, 22, 44).
cost(8, 1, 51).
cost(8, 2, 68).
cost(8, 3, 8).
cost(8, 4, 28).
cost(8, 5, 72).
cost(8, 6, 35).
cost(8, 7, 42).
cost(8, 9, 54).
cost(8, 10, 29).
cost(8, 11, 20).
cost(8, 12, 37).
cost(8, 13, 55).
cost(8, 14, 6).
cost(8, 15, 65).
cost(8, 16, 66).
cost(8, 17, 10).
cost(8, 18, 37).
cost(8, 19, 57).
cost(8, 20, 20).
cost(8, 21, 68).
cost(8, 22, 5).
cost(9, 1, 15).
cost(9, 2, 14).
cost(9, 3, 47).
cost(9, 4, 77).
cost(9, 5, 32).
cost(9, 6, 26).
cost(9, 7, 12).
cost(9, 8, 54).
cost(9, 10, 62).
cost(9, 11, 67).
cost(9, 12, 65).
cost(9, 13, 6).
cost(9, 14, 58).
cost(9, 15, 28).
cost(9, 16, 19).
cost(9, 17, 63).
cost(9, 18, 75).
cost(9, 19, 4).
cost(9, 20, 73).
cost(9, 21, 16).
cost(9, 22, 56).
cost(10, 1, 52).
cost(10, 2, 75).
cost(10, 3, 32).
cost(10, 4, 23).
cost(10, 5, 66).
cost(10, 6, 54).
cost(10, 7, 53).
cost(10, 8, 29).
cost(10, 9, 62).
cost(10, 11, 16).
cost(10, 12, 8).
cost(10, 13, 60).
cost(10, 14, 24).
cost(10, 15, 59).
cost(10, 16, 79).
cost(10, 17, 26).
cost(10, 18, 13).
cost(10, 19, 63).
cost(10, 20, 39).
cost(10, 21, 77).
cost(10, 22, 34).
cost(11, 1, 60).
cost(11, 2, 81).
cost(11, 3, 27).
cost(11, 4, 10).
cost(11, 5, 78).
cost(11, 6, 53).
cost(11, 7, 56).
cost(11, 8, 20).
cost(11, 9, 67).
cost(11, 10, 16).
cost(11, 12, 23).
cost(11, 13, 66).
cost(11, 14, 14).
cost(11, 15, 70).
cost(11, 16, 82).
cost(11, 17, 13).
cost(11, 18, 17).
cost(11, 19, 69).
cost(11, 20, 23).
cost(11, 21, 82).
cost(11, 22, 24).
cost(12, 1, 53).
cost(12, 2, 77).
cost(12, 3, 39).
cost(12, 4, 28).
cost(12, 5, 65).
cost(12, 6, 59).
cost(12, 7, 56).
cost(12, 8, 37).
cost(12, 9, 65).
cost(12, 10, 8).
cost(12, 11, 23).
cost(12, 13, 62).
cost(12, 14, 32).
cost(12, 15, 58).
cost(12, 16, 82).
cost(12, 17, 33).
cost(12, 18, 14).
cost(12, 19, 66).
cost(12, 20, 46).
cost(12, 21, 80).
cost(12, 22, 41).
cost(13, 1, 10).
cost(13, 2, 15).
cost(13, 3, 48).
cost(13, 4, 76).
cost(13, 5, 27).
cost(13, 6, 29).
cost(13, 7, 14).
cost(13, 8, 55).
cost(13, 9, 6).
cost(13, 10, 60).
cost(13, 11, 66).
cost(13, 12, 62).
cost(13, 14, 58).
cost(13, 15, 22).
cost(13, 16, 24).
cost(13, 17, 63).
cost(13, 18, 73).
cost(13, 19, 4).
cost(13, 20, 74).
cost(13, 21, 19).
cost(13, 22, 57).
cost(14, 1, 53).
cost(14, 2, 71).
cost(14, 3, 13).
cost(14, 4, 22).
cost(14, 5, 73).
cost(14, 6, 40).
cost(14, 7, 46).
cost(14, 8, 6).
cost(14, 9, 58).
cost(14, 10, 24).
cost(14, 11, 14).
cost(14, 12, 32).
cost(14, 13, 58).
cost(14, 15, 66).
cost(14, 16, 70).
cost(14, 17, 6).
cost(14, 18, 31).
cost(14, 19, 60).
cost(14, 20, 19).
cost(14, 21, 72).
cost(14, 22, 10).
cost(15, 1, 17).
cost(15, 2, 31).
cost(15, 3, 59).
cost(15, 4, 80).
cost(15, 5, 8).
cost(15, 6, 49).
cost(15, 7, 33).
cost(15, 8, 65).
cost(15, 9, 28).
cost(15, 10, 59).
cost(15, 11, 70).
cost(15, 12, 58).
cost(15, 13, 22).
cost(15, 14, 66).
cost(15, 16, 44).
cost(15, 17, 71).
cost(15, 18, 71).
cost(15, 19, 25).
cost(15, 20, 84).
cost(15, 21, 36).
cost(15, 22, 68).
cost(16, 1, 33).
cost(16, 2, 14).
cost(16, 3, 58).
cost(16, 4, 91).
cost(16, 5, 46).
cost(16, 6, 32).
cost(16, 7, 26).
cost(16, 8, 66).
cost(16, 9, 19).
cost(16, 10, 79).
cost(16, 11, 82).
cost(16, 12, 82).
cost(16, 13, 24).
cost(16, 14, 70).
cost(16, 15, 44).
cost(16, 17, 76).
cost(16, 18, 92).
cost(16, 19, 20).
cost(16, 20, 84).
cost(16, 21, 10).
cost(16, 22, 66).
cost(17, 1, 59).
cost(17, 2, 77).
cost(17, 3, 18).
cost(17, 4, 18).
cost(17, 5, 79).
cost(17, 6, 45).
cost(17, 7, 52).
cost(17, 8, 10).
cost(17, 9, 63).
cost(17, 10, 26).
cost(17, 11, 13).
cost(17, 12, 33).
cost(17, 13, 63).
cost(17, 14, 6).
cost(17, 15, 71).
cost(17, 16, 76).
cost(17, 18, 30).
cost(17, 19, 66).
cost(17, 20, 14).
cost(17, 21, 78).
cost(17, 22, 12).
cost(18, 1, 65).
cost(18, 2, 88).
cost(18, 3, 42).
cost(18, 4, 18).
cost(18, 5, 79).
cost(18, 6, 66).
cost(18, 7, 66).
cost(18, 8, 37).
cost(18, 9, 75).
cost(18, 10, 13).
cost(18, 11, 17).
cost(18, 12, 14).
cost(18, 13, 73).
cost(18, 14, 31).
cost(18, 15, 71).
cost(18, 16, 92).
cost(18, 17, 30).
cost(18, 19, 77).
cost(18, 20, 40).
cost(18, 21, 91).
cost(18, 22, 40).
cost(19, 1, 14).
cost(19, 2, 12).
cost(19, 3, 50).
cost(19, 4, 79).
cost(19, 5, 29).
cost(19, 6, 29).
cost(19, 7, 15).
cost(19, 8, 57).
cost(19, 9, 4).
cost(19, 10, 63).
cost(19, 11, 69).
cost(19, 12, 66).
cost(19, 13, 4).
cost(19, 14, 60).
cost(19, 15, 25).
cost(19, 16, 20).
cost(19, 17, 66).
cost(19, 18, 77).
cost(19, 20, 76).
cost(19, 21, 14).
cost(19, 22, 59).
cost(20, 1, 71).
cost(20, 2, 87).
cost(20, 3, 27).
cost(20, 4, 23).
cost(20, 5, 92).
cost(20, 6, 52).
cost(20, 7, 62).
cost(20, 8, 20).
cost(20, 9, 73).
cost(20, 10, 39).
cost(20, 11, 23).
cost(20, 12, 46).
cost(20, 13, 74).
cost(20, 14, 19).
cost(20, 15, 84).
cost(20, 16, 84).
cost(20, 17, 14).
cost(20, 18, 40).
cost(20, 19, 76).
cost(20, 21, 87).
cost(20, 22, 18).
cost(21, 1, 28).
cost(21, 2, 5).
cost(21, 3, 61).
cost(21, 4, 92).
cost(21, 5, 37).
cost(21, 6, 36).
cost(21, 7, 26).
cost(21, 8, 68).
cost(21, 9, 16).
cost(21, 10, 77).
cost(21, 11, 82).
cost(21, 12, 80).
cost(21, 13, 19).
cost(21, 14, 72).
cost(21, 15, 36).
cost(21, 16, 10).
cost(21, 17, 78).
cost(21, 18, 91).
cost(21, 19, 14).
cost(21, 20, 87).
cost(21, 22, 70).
cost(22, 1, 54).
cost(22, 2, 69).
cost(22, 3, 9).
cost(22, 4, 30).
cost(22, 5, 76).
cost(22, 6, 35).
cost(22, 7, 44).
cost(22, 8, 5).
cost(22, 9, 56).
cost(22, 10, 34).
cost(22, 11, 24).
cost(22, 12, 41).
cost(22, 13, 57).
cost(22, 14, 10).
cost(22, 15, 68).
cost(22, 16, 66).
cost(22, 17, 12).
cost(22, 18, 40).
cost(22, 19, 59).
cost(22, 20, 18).
cost(22, 21, 70).
