dimension(22).
point(1, 14.1169532717, 49.1661929533).
point(2, 36.705580141, 40.5242088802).
point(3, 84.1710336316, 18.6972776726).
point(4, 81.0869597723, 51.4862097627).
point(5, 38.5081200036, 73.7964785175).
point(6, 47.4601822627, 68.2516934634).
point(7, 80.4231506413, 35.1063410468).
point(8, 75.3244582886, 27.8283593594).
point(9, 40.1984370022, 64.856560419).
point(10, 71.1056880371, 31.3132180981).
point(11, 55.7728608715, 49.9928534652).
point(12, 49.231986378, 5.8921623165).
point(13, 66.9102705131, 7.9096614754).
point(14, 20.496267668, 74.2988642407).
point(15, 80.949268916, 4.0265981772).
point(16, 49.1461572002, 20.3046725922).
point(17, 50.3547113298, 71.5897801534).
point(18, 42.0126136162, 74.8855199392).
point(19, 66.5464137451, 23.8200945405).
point(20, 64.3161657286, 70.7922714697).
point(21, 91.5078401591, 35.4829141602).
point(22, 61.8125117793, 74.0172078558).
cost(1, 2, 24).
cost(1, 3, 76).
cost(1, 4, 67).
cost(1, 5, 35).
cost(1, 6, 38).
cost(1, 7, 68).
cost(1, 8, 65).
cost(1, 9, 30).
cost(1, 10, 60).
cost(1, 11, 42).
cost(1, 12, 56).
cost(1, 13, 67).
cost(1, 14, 26).
cost(1, 15, 81).
cost(1, 16, 45).
cost(1, 17, 43).
cost(1, 18, 38).
cost(1, 19, 58).
cost(1, 20, 55).
cost(1, 21, 79).
cost(1, 22, 54).
cost(2, 1, 24).
cost(2, 3, 52).
cost(2, 4, 46).
cost(2, 5, 33).
cost(2, 6, 30).
cost(2, 7, 44).
cost(2, 8, 41).
cost(2, 9, 25).
cost(2, 10, 36).
cost(2, 11, 21).
cost(2, 12, 37).
cost(2, 13, 44).
cost(2, 14, 37).
cost(2, 15, 57).
cost(2, 16, 24).
cost(2, 17, 34).
cost(2, 18, 35).
cost(2, 19, 34).
cost(2, 20, 41).
cost(2, 21, 55).
cost(2, 22, 42).
cost(3, 1, 76).
cost(3, 2, 52).
cost(3, 4, 33).
cost(3, 5, 72).
cost(3, 6, 62).
cost(3, 7, 17).
cost(3, 8, 13).
cost(3, 9, 64).
cost(3, 10, 18).
cost(3, 11, 42).
cost(3, 12, 37).
cost(3, 13, 20).
cost(3, 14, 85).
cost(3, 15, 15).
cost(3, 16, 35).
cost(3, 17, 63).
cost(3, 18, 70).
cost(3, 19, 18).
cost(3, 20, 56).
cost(3, 21, 18).
cost(3, 22, 60).
cost(4, 1, 67).
cost(4, 2, 46).
cost(4, 3, 33).
cost(4, 5, 48).
cost(4, 6, 38).
cost(4, 7, 16).
cost(4, 8, 24).
cost(4, 9, 43).
cost(4, 10, 23).
cost(4, 11, 25).
cost(4, 12, 56).
cost(4, 13, 46).
cost(4, 14, 65).
cost(4, 15, 47).
cost(4, 16, 45).
cost(4, 17, 37).
cost(4, 18, 46).
cost(4, 19, 31).
cost(4, 20, 26).
cost(4, 21, 19).
cost(4, 22, 30).
cost(5, 1, 35).
cost(5, 2, 33).
cost(5, 3, 72).
cost(5, 4, 48).
cost(5, 6, 11).
cost(5, 7, 57).
cost(5, 8, 59).
cost(5, 9, 9).
cost(5, 10, 54).
cost(5, 11, 29).
cost(5, 12, 69).
cost(5, 13, 72).
cost(5, 14, 18).
cost(5, 15, 82).
cost(5, 16, 55).
cost(5, 17, 12).
cost(5, 18, 4).
cost(5, 19, 57).
cost(5, 20, 26).
cost(5, 21, 65).
cost(5, 22, 23).
cost(6, 1, 38).
cost(6, 2, 30).
cost(6, 3, 62).
cost(6, 4, 38).
cost(6, 5, 11).
cost(6, 7, 47).
cost(6, 8, 49).
cost(6, 9, 8).
cost(6, 10, 44).
cost(6, 11, 20).
cost(6, 12, 62).
cost(6, 13, 63).
cost(6, 14, 28).
cost(6, 15, 72).
cost(6, 16, 48).
cost(6, 17, 4).
cost(6, 18, 9).
cost(6, 19, 48).
cost(6, 20, 17).
cost(6, 21, 55).
cost(6, 22, 15).
cost(7, 1, 68).
cost(7, 2, 44).
cost(7, 3, 17).
cost(7, 4, 16).
cost(7, 5, 57).
cost(7, 6, 47).
cost(7, 8, 9).
cost(7, 9, 50).
cost(7, 10, 10).
cost(7, 11, 29).
cost(7, 12, 43).
cost(7, 13, 30).
cost(7, 14, 72).
cost(7, 15, 31).
cost(7, 16, 35).
cost(7, 17, 47).
cost(7, 18, 55).
cost(7, 19, 18).
cost(7, 20, 39).
cost(7, 21, 11).
cost(7, 22, 43).
cost(8, 1, 65).
cost(8, 2, 41).
cost(8, 3, 13).
cost(8, 4, 24).
cost(8, 5, 59).
cost(8, 6, 49).
cost(8, 7, 9).
cost(8, 9, 51).
cost(8, 10, 5).
cost(8, 11, 30).
cost(8, 12, 34).
cost(8, 13, 22).
cost(8, 14, 72).
cost(8, 15, 24).
cost(8, 16, 27).
cost(8, 17, 50).
cost(8, 18, 58).
cost(8, 19, 10).
cost(8, 20, 44).
cost(8, 21, 18).
cost(8, 22, 48).
cost(9, 1, 30).
cost(9, 2, 25).
cost(9, 3, 64).
cost(9, 4, 43).
cost(9, 5, 9).
cost(9, 6, 8).
cost(9, 7, 50).
cost(9, 8, 51).
cost(9, 10, 46).
cost(9, 11, 22).
cost(9, 12, 60).
cost(9, 13, 63).
cost(9, 14, 22).
cost(9, 15, 73).
cost(9, 16, 45).
cost(9, 17, 12).
cost(9, 18, 10).
cost(9, 19, 49).
cost(9, 20, 25).
cost(9, 21, 59).
cost(9, 22, 23).
cost(10, 1, 60).
cost(10, 2, 36).
cost(10, 3, 18).
cost(10, 4, 23).
cost(10, 5, 54).
cost(10, 6, 44).
cost(10, 7, 10).
cost(10, 8, 5).
cost(10, 9, 46).
cost(10, 11, 24).
cost(10, 12, 34).
cost(10, 13, 24).
cost(10, 14, 66).
cost(10, 15, 29).
cost(10, 16, 25).
cost(10, 17, 45).
cost(10, 18, 52).
cost(10, 19, 9).
cost(10, 20, 40).
cost(10, 21, 21).
cost(10, 22, 44).
cost(11, 1, 42).
cost(11, 2, 21).
cost(11, 3, 42).
cost(11, 4, 25).
cost(11, 5, 29).
cost(11, 6, 20).
cost(11, 7, 29).
cost(11, 8, 30).
cost(11, 9, 22).
cost(11, 10, 24).
cost(11, 12, 45).
cost(11, 13, 44).
cost(11, 14, 43).
cost(11, 15, 52).
cost(11, 16, 30).
cost(11, 17, 22).
cost(11, 18, 28).
cost(11, 19, 28).
cost(11, 20, 22).
cost(11, 21, 39).
cost(11, 22, 25).
cost(12, 1, 56).
cost(12, 2, 37).
cost(12, 3, 37).
cost(12, 4, 56).
cost(12, 5, 69).
cost(12, 6, 62).
cost(12, 7, 43).
cost(12, 8, 34).
cost(12, 9, 60).
cost(12, 10, 34).
cost(12, 11, 45).
cost(12, 13, 18).
cost(12, 14, 74).
cost(12, 15, 32).
cost(12, 16, 14).
cost(12, 17, 66).
cost(12, 18, 69).
cost(12, 19, 25).
cost(12, 20, 67).
cost(12, 21, 52).
cost(12, 22, 69).
cost(13, 1, 67).
cost(13, 2, 44).
cost(13, 3, 20).
cost(13, 4, 46).
cost(13, 5, 72).
cost(13, 6, 63).
cost(13, 7, 30).
cost(13, 8, 22).
cost(13, 9, 63).
cost(13, 10, 24).
cost(13, 11, 44).
cost(13, 12, 18).
cost(13, 14, 81).
cost(13, 15, 15).
cost(13, 16, 22).
cost(13, 17, 66).
cost(13, 18, 71).
cost(13, 19, 16).
cost(13, 20, 63).
cost(13, 21, 37).
cost(13, 22, 66).
cost(14, 1, 26).
cost(14, 2, 37).
cost(14, 3, 85).
cost(14, 4, 65).
cost(14, 5, 18).
cost(14, 6, 28).
cost(14, 7, 72).
cost(14, 8, 72).
cost(14, 9, 22).
cost(14, 10, 66).
cost(14, 11, 43).
cost(14, 12, 74).
cost(14, 13, 81).
cost(14, 15, 93).
cost(14, 16, 61).
cost(14, 17, 30).
cost(14, 18, 22).
cost(14, 19, 68).
cost(14, 20, 44).
cost(14, 21, 81).
cost(14, 22, 41).
cost(15, 1, 81).
cost(15, 2, 57).
cost(15, 3, 15).
cost(15, 4, 47).
cost(15, 5, 82).
cost(15, 6, 72).
cost(15, 7, 31).
cost(15, 8, 24).
cost(15, 9, 73).
cost(15, 10, 29).
cost(15, 11, 52).
cost(15, 12, 32).
cost(15, 13, 15).
cost(15, 14, 93).
cost(15, 16, 36).
cost(15, 17, 74).
cost(15, 18, 81).
cost(15, 19, 24).
cost(15, 20, 69).
cost(15, 21, 33).
cost(15, 22, 73).
cost(16, 1, 45).
cost(16, 2, 24).
cost(16, 3, 35).
cost(16, 4, 45).
cost(16, 5, 55).
cost(16, 6, 48).
cost(16, 7, 35).
cost(16, 8, 27).
cost(16, 9, 45).
cost(16, 10, 25).
cost(16, 11, 30).
cost(16, 12, 14).
cost(16, 13, 22).
cost(16, 14, 61).
cost(16, 15, 36).
cost(16, 17, 51).
cost(16, 18, 55).
cost(16, 19, 18).
cost(16, 20, 53).
cost(16, 21, 45).
cost(16, 22, 55).
cost(17, 1, 43).
cost(17, 2, 34).
cost(17, 3, 63).
cost(17, 4, 37).
cost(17, 5, 12).
cost(17, 6, 4).
cost(17, 7, 47).
cost(17, 8, 50).
cost(17, 9, 12).
cost(17, 10, 45).
cost(17, 11, 22).
cost(17, 12, 66).
cost(17, 13, 66).
cost(17, 14, 30).
cost(17, 15, 74).
cost(17, 16, 51).
cost(17, 18, 9).
cost(17, 19, 50).
cost(17, 20, 14).
cost(17, 21, 55).
cost(17, 22, 12).
cost(18, 1, 38).
cost(18, 2, 35).
cost(18, 3, 70).
cost(18, 4, 46).
cost(18, 5, 4).
cost(18, 6, 9).
cost(18, 7, 55).
cost(18, 8, 58).
cost(18, 9, 10).
cost(18, 10, 52).
cost(18, 11, 28).
cost(18, 12, 69).
cost(18, 13, 71).
cost(18, 14, 22).
cost(18, 15, 81).
cost(18, 16, 55).
cost(18, 17, 9).
cost(18, 19, 57).
cost(18, 20, 23).
cost(18, 21, 63).
cost(18, 22, 20).
cost(19, 1, 58).
cost(19, 2, 34).
cost(19, 3, 18).
cost(19, 4, 31).
cost(19, 5, 57).
cost(19, 6, 48).
cost(19, 7, 18).
cost(19, 8, 10).
cost(19, 9, 49).
cost(19, 10, 9).
cost(19, 11, 28).
cost(19, 12, 25).
cost(19, 13, 16).
cost(19, 14, 68).
cost(19, 15, 24).
cost(19, 16, 18).
cost(19, 17, 50).
cost(19, 18, 57).
cost(19, 20, 47).
cost(19, 21, 28).
cost(19, 22, 50).
cost(20, 1, 55).
cost(20, 2, 41).
cost(20, 3, 56).
cost(20, 4, 26).
cost(20, 5, 26).
cost(20, 6, 17).
cost(20, 7, 39).
cost(20, 8, 44).
cost(20, 9, 25).
cost(20, 10, 40).
cost(20, 11, 22).
cost(20, 12, 67).
cost(20, 13, 63).
cost(20, 14, 44).
cost(20, 15, 69).
cost(20, 16, 53).
cost(20, 17, 14).
cost(20, 18, 23).
cost(20, 19, 47).
cost(20, 21, 45).
cost(20, 22, 4).
cost(21, 1, 79).
cost(21, 2, 55).
cost(21, 3, 18).
cost(21, 4, 19).
cost(21, 5, 65).
cost(21, 6, 55).
cost(21, 7, 11).
cost(21, 8, 18).
cost(21, 9, 59).
cost(21, 10, 21).
cost(21, 11, 39).
cost(21, 12, 52).
cost(21, 13, 37).
cost(21, 14, 81).
cost(21, 15, 33).
cost(21, 16, 45).
cost(21, 17, 55).
cost(21, 18, 63).
cost(21, 19, 28).
cost(21, 20, 45).
cost(21, 22, 49).
cost(22, 1, 54).
cost(22, 2, 42).
cost(22, 3, 60).
cost(22, 4, 30).
cost(22, 5, 23).
cost(22, 6, 15).
cost(22, 7, 43).
cost(22, 8, 48).
cost(22, 9, 23).
cost(22, 10, 44).
cost(22, 11, 25).
cost(22, 12, 69).
cost(22, 13, 66).
cost(22, 14, 41).
cost(22, 15, 73).
cost(22, 16, 55).
cost(22, 17, 12).
cost(22, 18, 20).
cost(22, 19, 50).
cost(22, 20, 4).
cost(22, 21, 49).
