dimension(22).
point(1, 14.42563756, 90.1671066945).
point(2, 24.5643720763, 87.5231713338).
point(3, 17.9070727281, 62.972801223).
point(4, 42.3853879763, 25.5968961006).
point(5, 56.634365116, 35.7536614184).
point(6, 14.5626135128, 81.5544621371).
point(7, 60.6180038732, 63.5514071564).
point(8, 81.4334390267, 11.1810433798).
point(9, 16.7789554679, 45.2004257695).
point(10, 35.7377928591, 10.4877319046).
point(11, 81.242357987, 4.249646292).
point(12, 36.6908482412, 71.1604743857).
point(13, 26.7636412536, 53.5139780951).
point(14, 61.5352374055, 9.3969053932).
point(15, 21.3383847697, 81.1797024985).
point(16, 77.1428549281, 21.5728383072).
point(17, 61.2733725992, 23.6060883355).
point(18, 43.8513910806, 5.9643761766).
point(19, 77.1656188552, 34.183902646).
point(20, 47.5950307639, 0.3957230209).
point(21, 46.5411644936, 83.6837190344).
point(22, 46.4681410133, 67.2732381883).
cost(1, 2, 10).
cost(1, 3, 27).
cost(1, 4, 70).
cost(1, 5, 69).
cost(1, 6, 9).
cost(1, 7, 53).
cost(1, 8, 104).
cost(1, 9, 45).
cost(1, 10, 82).
cost(1, 11, 109).
cost(1, 12, 29).
cost(1, 13, 39).
cost(1, 14, 94).
cost(1, 15, 11).
cost(1, 16, 93).
cost(1, 17, 81).
cost(1, 18, 89).
cost(1, 19, 84).
cost(1, 20, 96).
cost(1, 21, 33).
cost(1, 22, 39).
cost(2, 1, 10).
cost(2, 3, 25).
cost(2, 4, 64).
cost(2, 5, 61).
cost(2, 6, 12).
cost(2, 7, 43).
cost(2, 8, 95).
cost(2, 9, 43).
cost(2, 10, 78).
cost(2, 11, 101).
cost(2, 12, 20).
cost(2, 13, 34).
cost(2, 14, 86).
cost(2, 15, 7).
cost(2, 16, 84).
cost(2, 17, 74).
cost(2, 18, 84).
cost(2, 19, 75).
cost(2, 20, 90).
cost(2, 21, 22).
cost(2, 22, 30).
cost(3, 1, 27).
cost(3, 2, 25).
cost(3, 4, 45).
cost(3, 5, 47).
cost(3, 6, 19).
cost(3, 7, 43).
cost(3, 8, 82).
cost(3, 9, 18).
cost(3, 10, 55).
cost(3, 11, 86).
cost(3, 12, 20).
cost(3, 13, 13).
cost(3, 14, 69).
cost(3, 15, 19).
cost(3, 16, 72).
cost(3, 17, 59).
cost(3, 18, 63).
cost(3, 19, 66).
cost(3, 20, 69).
cost(3, 21, 35).
cost(3, 22, 29).
cost(4, 1, 70).
cost(4, 2, 64).
cost(4, 3, 45).
cost(4, 5, 17).
cost(4, 6, 62).
cost(4, 7, 42).
cost(4, 8, 42).
cost(4, 9, 32).
cost(4, 10, 17).
cost(4, 11, 44).
cost(4, 12, 46).
cost(4, 13, 32).
cost(4, 14, 25).
cost(4, 15, 59).
cost(4, 16, 35).
cost(4, 17, 19).
cost(4, 18, 20).
cost(4, 19, 36).
cost(4, 20, 26).
cost(4, 21, 58).
cost(4, 22, 42).
cost(5, 1, 69).
cost(5, 2, 61).
cost(5, 3, 47).
cost(5, 4, 17).
cost(5, 6, 62).
cost(5, 7, 28).
cost(5, 8, 35).
cost(5, 9, 41).
cost(5, 10, 33).
cost(5, 11, 40).
cost(5, 12, 41).
cost(5, 13, 35).
cost(5, 14, 27).
cost(5, 15, 58).
cost(5, 16, 25).
cost(5, 17, 13).
cost(5, 18, 32).
cost(5, 19, 21).
cost(5, 20, 36).
cost(5, 21, 49).
cost(5, 22, 33).
cost(6, 1, 9).
cost(6, 2, 12).
cost(6, 3, 19).
cost(6, 4, 62).
cost(6, 5, 62).
cost(6, 7, 49).
cost(6, 8, 97).
cost(6, 9, 36).
cost(6, 10, 74).
cost(6, 11, 102).
cost(6, 12, 24).
cost(6, 13, 31).
cost(6, 14, 86).
cost(6, 15, 7).
cost(6, 16, 87).
cost(6, 17, 74).
cost(6, 18, 81).
cost(6, 19, 79).
cost(6, 20, 88).
cost(6, 21, 32).
cost(6, 22, 35).
cost(7, 1, 53).
cost(7, 2, 43).
cost(7, 3, 43).
cost(7, 4, 42).
cost(7, 5, 28).
cost(7, 6, 49).
cost(7, 8, 56).
cost(7, 9, 48).
cost(7, 10, 59).
cost(7, 11, 63).
cost(7, 12, 25).
cost(7, 13, 35).
cost(7, 14, 54).
cost(7, 15, 43).
cost(7, 16, 45).
cost(7, 17, 40).
cost(7, 18, 60).
cost(7, 19, 34).
cost(7, 20, 64).
cost(7, 21, 25).
cost(7, 22, 15).
cost(8, 1, 104).
cost(8, 2, 95).
cost(8, 3, 82).
cost(8, 4, 42).
cost(8, 5, 35).
cost(8, 6, 97).
cost(8, 7, 56).
cost(8, 9, 73).
cost(8, 10, 46).
cost(8, 11, 7).
cost(8, 12, 75).
cost(8, 13, 69).
cost(8, 14, 20).
cost(8, 15, 92).
cost(8, 16, 11).
cost(8, 17, 24).
cost(8, 18, 38).
cost(8, 19, 23).
cost(8, 20, 36).
cost(8, 21, 80).
cost(8, 22, 66).
cost(9, 1, 45).
cost(9, 2, 43).
cost(9, 3, 18).
cost(9, 4, 32).
cost(9, 5, 41).
cost(9, 6, 36).
cost(9, 7, 48).
cost(9, 8, 73).
cost(9, 10, 40).
cost(9, 11, 76).
cost(9, 12, 33).
cost(9, 13, 13).
cost(9, 14, 57).
cost(9, 15, 36).
cost(9, 16, 65).
cost(9, 17, 49).
cost(9, 18, 48).
cost(9, 19, 61).
cost(9, 20, 54).
cost(9, 21, 49).
cost(9, 22, 37).
cost(10, 1, 82).
cost(10, 2, 78).
cost(10, 3, 55).
cost(10, 4, 17).
cost(10, 5, 33).
cost(10, 6, 74).
cost(10, 7, 59).
cost(10, 8, 46).
cost(10, 9, 40).
cost(10, 11, 46).
cost(10, 12, 61).
cost(10, 13, 44).
cost(10, 14, 26).
cost(10, 15, 72).
cost(10, 16, 43).
cost(10, 17, 29).
cost(10, 18, 9).
cost(10, 19, 48).
cost(10, 20, 16).
cost(10, 21, 74).
cost(10, 22, 58).
cost(11, 1, 109).
cost(11, 2, 101).
cost(11, 3, 86).
cost(11, 4, 44).
cost(11, 5, 40).
cost(11, 6, 102).
cost(11, 7, 63).
cost(11, 8, 7).
cost(11, 9, 76).
cost(11, 10, 46).
cost(11, 12, 80).
cost(11, 13, 73).
cost(11, 14, 20).
cost(11, 15, 98).
cost(11, 16, 18).
cost(11, 17, 28).
cost(11, 18, 37).
cost(11, 19, 30).
cost(11, 20, 34).
cost(11, 21, 87).
cost(11, 22, 72).
cost(12, 1, 29).
cost(12, 2, 20).
cost(12, 3, 20).
cost(12, 4, 46).
cost(12, 5, 41).
cost(12, 6, 24).
cost(12, 7, 25).
cost(12, 8, 75).
cost(12, 9, 33).
cost(12, 10, 61).
cost(12, 11, 80).
cost(12, 13, 20).
cost(12, 14, 67).
cost(12, 15, 18).
cost(12, 16, 64).
cost(12, 17, 54).
cost(12, 18, 66).
cost(12, 19, 55).
cost(12, 20, 72).
cost(12, 21, 16).
cost(12, 22, 11).
cost(13, 1, 39).
cost(13, 2, 34).
cost(13, 3, 13).
cost(13, 4, 32).
cost(13, 5, 35).
cost(13, 6, 31).
cost(13, 7, 35).
cost(13, 8, 69).
cost(13, 9, 13).
cost(13, 10, 44).
cost(13, 11, 73).
cost(13, 12, 20).
cost(13, 14, 56).
cost(13, 15, 28).
cost(13, 16, 60).
cost(13, 17, 46).
cost(13, 18, 51).
cost(13, 19, 54).
cost(13, 20, 57).
cost(13, 21, 36).
cost(13, 22, 24).
cost(14, 1, 94).
cost(14, 2, 86).
cost(14, 3, 69).
cost(14, 4, 25).
cost(14, 5, 27).
cost(14, 6, 86).
cost(14, 7, 54).
cost(14, 8, 20).
cost(14, 9, 57).
cost(14, 10, 26).
cost(14, 11, 20).
cost(14, 12, 67).
cost(14, 13, 56).
cost(14, 15, 82).
cost(14, 16, 20).
cost(14, 17, 14).
cost(14, 18, 18).
cost(14, 19, 29).
cost(14, 20, 17).
cost(14, 21, 76).
cost(14, 22, 60).
cost(15, 1, 11).
cost(15, 2, 7).
cost(15, 3, 19).
cost(15, 4, 59).
cost(15, 5, 58).
cost(15, 6, 7).
cost(15, 7, 43).
cost(15, 8, 92).
cost(15, 9, 36).
cost(15, 10, 72).
cost(15, 11, 98).
cost(15, 12, 18).
cost(15, 13, 28).
cost(15, 14, 82).
cost(15, 16, 82).
cost(15, 17, 70).
cost(15, 18, 79).
cost(15, 19, 73).
cost(15, 20, 85).
cost(15, 21, 25).
cost(15, 22, 29).
cost(16, 1, 93).
cost(16, 2, 84).
cost(16, 3, 72).
cost(16, 4, 35).
cost(16, 5, 25).
cost(16, 6, 87).
cost(16, 7, 45).
cost(16, 8, 11).
cost(16, 9, 65).
cost(16, 10, 43).
cost(16, 11, 18).
cost(16, 12, 64).
cost(16, 13, 60).
cost(16, 14, 20).
cost(16, 15, 82).
cost(16, 17, 16).
cost(16, 18, 37).
cost(16, 19, 13).
cost(16, 20, 36).
cost(16, 21, 69).
cost(16, 22, 55).
cost(17, 1, 81).
cost(17, 2, 74).
cost(17, 3, 59).
cost(17, 4, 19).
cost(17, 5, 13).
cost(17, 6, 74).
cost(17, 7, 40).
cost(17, 8, 24).
cost(17, 9, 49).
cost(17, 10, 29).
cost(17, 11, 28).
cost(17, 12, 54).
cost(17, 13, 46).
cost(17, 14, 14).
cost(17, 15, 70).
cost(17, 16, 16).
cost(17, 18, 25).
cost(17, 19, 19).
cost(17, 20, 27).
cost(17, 21, 62).
cost(17, 22, 46).
cost(18, 1, 89).
cost(18, 2, 84).
cost(18, 3, 63).
cost(18, 4, 20).
cost(18, 5, 32).
cost(18, 6, 81).
cost(18, 7, 60).
cost(18, 8, 38).
cost(18, 9, 48).
cost(18, 10, 9).
cost(18, 11, 37).
cost(18, 12, 66).
cost(18, 13, 51).
cost(18, 14, 18).
cost(18, 15, 79).
cost(18, 16, 37).
cost(18, 17, 25).
cost(18, 19, 44).
cost(18, 20, 7).
cost(18, 21, 78).
cost(18, 22, 61).
cost(19, 1, 84).
cost(19, 2, 75).
cost(19, 3, 66).
cost(19, 4, 36).
cost(19, 5, 21).
cost(19, 6, 79).
cost(19, 7, 34).
cost(19, 8, 23).
cost(19, 9, 61).
cost(19, 10, 48).
cost(19, 11, 30).
cost(19, 12, 55).
cost(19, 13, 54).
cost(19, 14, 29).
cost(19, 15, 73).
cost(19, 16, 13).
cost(19, 17, 19).
cost(19, 18, 44).
cost(19, 20, 45).
cost(19, 21, 58).
cost(19, 22, 45).
cost(20, 1, 96).
cost(20, 2, 90).
cost(20, 3, 69).
cost(20, 4, 26).
cost(20, 5, 36).
cost(20, 6, 88).
cost(20, 7, 64).
cost(20, 8, 36).
cost(20, 9, 54).
cost(20, 10, 16).
cost(20, 11, 34).
cost(20, 12, 72).
cost(20, 13, 57).
cost(20, 14, 17).
cost(20, 15, 85).
cost(20, 16, 36).
cost(20, 17, 27).
cost(20, 18, 7).
cost(20, 19, 45).
cost(20, 21, 83).
cost(20, 22, 67).
cost(21, 1, 33).
cost(21, 2, 22).
cost(21, 3, 35).
cost(21, 4, 58).
cost(21, 5, 49).
cost(21, 6, 32).
cost(21, 7, 25).
cost(21, 8, 80).
cost(21, 9, 49).
cost(21, 10, 74).
cost(21, 11, 87).
cost(21, 12, 16).
cost(21, 13, 36).
cost(21, 14, 76).
cost(21, 15, 25).
cost(21, 16, 69).
cost(21, 17, 62).
cost(21, 18, 78).
cost(21, 19, 58).
cost(21, 20, 83).
cost(21, 22, 16).
cost(22, 1, 39).
cost(22, 2, 30).
cost(22, 3, 29).
cost(22, 4, 42).
cost(22, 5, 33).
cost(22, 6, 35).
cost(22, 7, 15).
cost(22, 8, 66).
cost(22, 9, 37).
cost(22, 10, 58).
cost(22, 11, 72).
cost(22, 12, 11).
cost(22, 13, 24).
cost(22, 14, 60).
cost(22, 15, 29).
cost(22, 16, 55).
cost(22, 17, 46).
cost(22, 18, 61).
cost(22, 19, 45).
cost(22, 20, 67).
cost(22, 21, 16).
