dimension(22).
point(1, 33.0115549121, 68.6936177312).
point(2, 18.1149278063, 14.2185945695).
point(3, 65.0949687476, 42.4414104391).
point(4, 52.8805784454, 70.8171586569).
point(5, 38.2800962513, 10.9500543517).
point(6, 76.6326228225, 63.4254434111).
point(7, 22.9544429073, 47.6496216408).
point(8, 40.0095574743, 2.5495293738).
point(9, 72.8451799873, 47.1916489309).
point(10, 24.3370077548, 23.9532072176).
point(11, 55.9431574717, 48.9082291065).
point(12, 25.115326741, 14.9533540399).
point(13, 64.6061231456, 83.2165329332).
point(14, 33.758882747, 20.8610884436).
point(15, 40.2077487609, 66.8384226941).
point(16, 76.137816037, 64.9596098824).
point(17, 10.9162382824, 56.6671876289).
point(18, 24.9234181477, 91.24209597).
point(19, 50.5892607784, 51.0606528161).
point(20, 9.5660225197, 34.4972858159).
point(21, 8.8588070698, 26.793610649).
point(22, 28.8519517412, 21.6341267388).
cost(1, 2, 56).
cost(1, 3, 41).
cost(1, 4, 20).
cost(1, 5, 58).
cost(1, 6, 44).
cost(1, 7, 23).
cost(1, 8, 67).
cost(1, 9, 45).
cost(1, 10, 46).
cost(1, 11, 30).
cost(1, 12, 54).
cost(1, 13, 35).
cost(1, 14, 48).
cost(1, 15, 7).
cost(1, 16, 43).
cost(1, 17, 25).
cost(1, 18, 24).
cost(1, 19, 25).
cost(1, 20, 41).
cost(1, 21, 48).
cost(1, 22, 47).
cost(2, 1, 56).
cost(2, 3, 55).
cost(2, 4, 66).
cost(2, 5, 20).
cost(2, 6, 76).
cost(2, 7, 34).
cost(2, 8, 25).
cost(2, 9, 64).
cost(2, 10, 12).
cost(2, 11, 51).
cost(2, 12, 7).
cost(2, 13, 83).
cost(2, 14, 17).
cost(2, 15, 57).
cost(2, 16, 77).
cost(2, 17, 43).
cost(2, 18, 77).
cost(2, 19, 49).
cost(2, 20, 22).
cost(2, 21, 16).
cost(2, 22, 13).
cost(3, 1, 41).
cost(3, 2, 55).
cost(3, 4, 31).
cost(3, 5, 41).
cost(3, 6, 24).
cost(3, 7, 42).
cost(3, 8, 47).
cost(3, 9, 9).
cost(3, 10, 45).
cost(3, 11, 11).
cost(3, 12, 49).
cost(3, 13, 41).
cost(3, 14, 38).
cost(3, 15, 35).
cost(3, 16, 25).
cost(3, 17, 56).
cost(3, 18, 63).
cost(3, 19, 17).
cost(3, 20, 56).
cost(3, 21, 58).
cost(3, 22, 42).
cost(4, 1, 20).
cost(4, 2, 66).
cost(4, 3, 31).
cost(4, 5, 62).
cost(4, 6, 25).
cost(4, 7, 38).
cost(4, 8, 69).
cost(4, 9, 31).
cost(4, 10, 55).
cost(4, 11, 22).
cost(4, 12, 62).
cost(4, 13, 17).
cost(4, 14, 53).
cost(4, 15, 13).
cost(4, 16, 24).
cost(4, 17, 44).
cost(4, 18, 35).
cost(4, 19, 20).
cost(4, 20, 57).
cost(4, 21, 62).
cost(4, 22, 55).
cost(5, 1, 58).
cost(5, 2, 20).
cost(5, 3, 41).
cost(5, 4, 62).
cost(5, 6, 65).
cost(5, 7, 40).
cost(5, 8, 9).
cost(5, 9, 50).
cost(5, 10, 19).
cost(5, 11, 42).
cost(5, 12, 14).
cost(5, 13, 77).
cost(5, 14, 11).
cost(5, 15, 56).
cost(5, 16, 66).
cost(5, 17, 53).
cost(5, 18, 81).
cost(5, 19, 42).
cost(5, 20, 37).
cost(5, 21, 33).
cost(5, 22, 14).
cost(6, 1, 44).
cost(6, 2, 76).
cost(6, 3, 24).
cost(6, 4, 25).
cost(6, 5, 65).
cost(6, 7, 56).
cost(6, 8, 71).
cost(6, 9, 17).
cost(6, 10, 66).
cost(6, 11, 25).
cost(6, 12, 71).
cost(6, 13, 23).
cost(6, 14, 60).
cost(6, 15, 37).
cost(6, 16, 2).
cost(6, 17, 66).
cost(6, 18, 59).
cost(6, 19, 29).
cost(6, 20, 73).
cost(6, 21, 77).
cost(6, 22, 63).
cost(7, 1, 23).
cost(7, 2, 34).
cost(7, 3, 42).
cost(7, 4, 38).
cost(7, 5, 40).
cost(7, 6, 56).
cost(7, 8, 48).
cost(7, 9, 50).
cost(7, 10, 24).
cost(7, 11, 33).
cost(7, 12, 33).
cost(7, 13, 55).
cost(7, 14, 29).
cost(7, 15, 26).
cost(7, 16, 56).
cost(7, 17, 15).
cost(7, 18, 44).
cost(7, 19, 28).
cost(7, 20, 19).
cost(7, 21, 25).
cost(7, 22, 27).
cost(8, 1, 67).
cost(8, 2, 25).
cost(8, 3, 47).
cost(8, 4, 69).
cost(8, 5, 9).
cost(8, 6, 71).
cost(8, 7, 48).
cost(8, 9, 55).
cost(8, 10, 27).
cost(8, 11, 49).
cost(8, 12, 19).
cost(8, 13, 84).
cost(8, 14, 19).
cost(8, 15, 64).
cost(8, 16, 72).
cost(8, 17, 61).
cost(8, 18, 90).
cost(8, 19, 50).
cost(8, 20, 44).
cost(8, 21, 39).
cost(8, 22, 22).
cost(9, 1, 45).
cost(9, 2, 64).
cost(9, 3, 9).
cost(9, 4, 31).
cost(9, 5, 50).
cost(9, 6, 17).
cost(9, 7, 50).
cost(9, 8, 55).
cost(9, 10, 54).
cost(9, 11, 17).
cost(9, 12, 58).
cost(9, 13, 37).
cost(9, 14, 47).
cost(9, 15, 38).
cost(9, 16, 18).
cost(9, 17, 63).
cost(9, 18, 65).
cost(9, 19, 23).
cost(9, 20, 65).
cost(9, 21, 67).
cost(9, 22, 51).
cost(10, 1, 46).
cost(10, 2, 12).
cost(10, 3, 45).
cost(10, 4, 55).
cost(10, 5, 19).
cost(10, 6, 66).
cost(10, 7, 24).
cost(10, 8, 27).
cost(10, 9, 54).
cost(10, 11, 40).
cost(10, 12, 9).
cost(10, 13, 72).
cost(10, 14, 10).
cost(10, 15, 46).
cost(10, 16, 66).
cost(10, 17, 35).
cost(10, 18, 67).
cost(10, 19, 38).
cost(10, 20, 18).
cost(10, 21, 16).
cost(10, 22, 5).
cost(11, 1, 30).
cost(11, 2, 51).
cost(11, 3, 11).
cost(11, 4, 22).
cost(11, 5, 42).
cost(11, 6, 25).
cost(11, 7, 33).
cost(11, 8, 49).
cost(11, 9, 17).
cost(11, 10, 40).
cost(11, 12, 46).
cost(11, 13, 35).
cost(11, 14, 36).
cost(11, 15, 24).
cost(11, 16, 26).
cost(11, 17, 46).
cost(11, 18, 52).
cost(11, 19, 6).
cost(11, 20, 49).
cost(11, 21, 52).
cost(11, 22, 38).
cost(12, 1, 54).
cost(12, 2, 7).
cost(12, 3, 49).
cost(12, 4, 62).
cost(12, 5, 14).
cost(12, 6, 71).
cost(12, 7, 33).
cost(12, 8, 19).
cost(12, 9, 58).
cost(12, 10, 9).
cost(12, 11, 46).
cost(12, 13, 79).
cost(12, 14, 10).
cost(12, 15, 54).
cost(12, 16, 71).
cost(12, 17, 44).
cost(12, 18, 76).
cost(12, 19, 44).
cost(12, 20, 25).
cost(12, 21, 20).
cost(12, 22, 8).
cost(13, 1, 35).
cost(13, 2, 83).
cost(13, 3, 41).
cost(13, 4, 17).
cost(13, 5, 77).
cost(13, 6, 23).
cost(13, 7, 55).
cost(13, 8, 84).
cost(13, 9, 37).
cost(13, 10, 72).
cost(13, 11, 35).
cost(13, 12, 79).
cost(13, 14, 70).
cost(13, 15, 29).
cost(13, 16, 22).
cost(13, 17, 60).
cost(13, 18, 40).
cost(13, 19, 35).
cost(13, 20, 74).
cost(13, 21, 79).
cost(13, 22, 71).
cost(14, 1, 48).
cost(14, 2, 17).
cost(14, 3, 38).
cost(14, 4, 53).
cost(14, 5, 11).
cost(14, 6, 60).
cost(14, 7, 29).
cost(14, 8, 19).
cost(14, 9, 47).
cost(14, 10, 10).
cost(14, 11, 36).
cost(14, 12, 10).
cost(14, 13, 70).
cost(14, 15, 46).
cost(14, 16, 61).
cost(14, 17, 42).
cost(14, 18, 71).
cost(14, 19, 35).
cost(14, 20, 28).
cost(14, 21, 26).
cost(14, 22, 5).
cost(15, 1, 7).
cost(15, 2, 57).
cost(15, 3, 35).
cost(15, 4, 13).
cost(15, 5, 56).
cost(15, 6, 37).
cost(15, 7, 26).
cost(15, 8, 64).
cost(15, 9, 38).
cost(15, 10, 46).
cost(15, 11, 24).
cost(15, 12, 54).
cost(15, 13, 29).
cost(15, 14, 46).
cost(15, 16, 36).
cost(15, 17, 31).
cost(15, 18, 29).
cost(15, 19, 19).
cost(15, 20, 45).
cost(15, 21, 51).
cost(15, 22, 47).
cost(16, 1, 43).
cost(16, 2, 77).
cost(16, 3, 25).
cost(16, 4, 24).
cost(16, 5, 66).
cost(16, 6, 2).
cost(16, 7, 56).
cost(16, 8, 72).
cost(16, 9, 18).
cost(16, 10, 66).
cost(16, 11, 26).
cost(16, 12, 71).
cost(16, 13, 22).
cost(16, 14, 61).
cost(16, 15, 36).
cost(16, 17, 66).
cost(16, 18, 58).
cost(16, 19, 29).
cost(16, 20, 73).
cost(16, 21, 77).
cost(16, 22, 64).
cost(17, 1, 25).
cost(17, 2, 43).
cost(17, 3, 56).
cost(17, 4, 44).
cost(17, 5, 53).
cost(17, 6, 66).
cost(17, 7, 15).
cost(17, 8, 61).
cost(17, 9, 63).
cost(17, 10, 35).
cost(17, 11, 46).
cost(17, 12, 44).
cost(17, 13, 60).
cost(17, 14, 42).
cost(17, 15, 31).
cost(17, 16, 66).
cost(17, 18, 37).
cost(17, 19, 40).
cost(17, 20, 22).
cost(17, 21, 30).
cost(17, 22, 39).
cost(18, 1, 24).
cost(18, 2, 77).
cost(18, 3, 63).
cost(18, 4, 35).
cost(18, 5, 81).
cost(18, 6, 59).
cost(18, 7, 44).
cost(18, 8, 90).
cost(18, 9, 65).
cost(18, 10, 67).
cost(18, 11, 52).
cost(18, 12, 76).
cost(18, 13, 40).
cost(18, 14, 71).
cost(18, 15, 29).
cost(18, 16, 58).
cost(18, 17, 37).
cost(18, 19, 48).
cost(18, 20, 59).
cost(18, 21, 66).
cost(18, 22, 70).
cost(19, 1, 25).
cost(19, 2, 49).
cost(19, 3, 17).
cost(19, 4, 20).
cost(19, 5, 42).
cost(19, 6, 29).
cost(19, 7, 28).
cost(19, 8, 50).
cost(19, 9, 23).
cost(19, 10, 38).
cost(19, 11, 6).
cost(19, 12, 44).
cost(19, 13, 35).
cost(19, 14, 35).
cost(19, 15, 19).
cost(19, 16, 29).
cost(19, 17, 40).
cost(19, 18, 48).
cost(19, 20, 44).
cost(19, 21, 48).
cost(19, 22, 37).
cost(20, 1, 41).
cost(20, 2, 22).
cost(20, 3, 56).
cost(20, 4, 57).
cost(20, 5, 37).
cost(20, 6, 73).
cost(20, 7, 19).
cost(20, 8, 44).
cost(20, 9, 65).
cost(20, 10, 18).
cost(20, 11, 49).
cost(20, 12, 25).
cost(20, 13, 74).
cost(20, 14, 28).
cost(20, 15, 45).
cost(20, 16, 73).
cost(20, 17, 22).
cost(20, 18, 59).
cost(20, 19, 44).
cost(20, 21, 8).
cost(20, 22, 23).
cost(21, 1, 48).
cost(21, 2, 16).
cost(21, 3, 58).
cost(21, 4, 62).
cost(21, 5, 33).
cost(21, 6, 77).
cost(21, 7, 25).
cost(21, 8, 39).
cost(21, 9, 67).
cost(21, 10, 16).
cost(21, 11, 52).
cost(21, 12, 20).
cost(21, 13, 79).
cost(21, 14, 26).
cost(21, 15, 51).
cost(21, 16, 77).
cost(21, 17, 30).
cost(21, 18, 66).
cost(21, 19, 48).
cost(21, 20, 8).
cost(21, 22, 21).
cost(22, 1, 47).
cost(22, 2, 13).
cost(22, 3, 42).
cost(22, 4, 55).
cost(22, 5, 14).
cost(22, 6, 63).
cost(22, 7, 27).
cost(22, 8, 22).
cost(22, 9, 51).
cost(22, 10, 5).
cost(22, 11, 38).
cost(22, 12, 8).
cost(22, 13, 71).
cost(22, 14, 5).
cost(22, 15, 47).
cost(22, 16, 64).
cost(22, 17, 39).
cost(22, 18, 70).
cost(22, 19, 37).
cost(22, 20, 23).
cost(22, 21, 21).
