dimension(22).
point(1, 45.8600404925, 7.4563982962).
point(2, 66.6758531973, 14.7269593743).
point(3, 8.2335636604, 41.6281403287).
point(4, 73.472059977, 21.506518256).
point(5, 7.1904757835, 29.9134510465).
point(6, 76.8196896249, 38.6530695914).
point(7, 34.8436005005, 55.1232969095).
point(8, 35.9411983133, 22.2748419473).
point(9, 3.5456921723, 72.1251728042).
point(10, 23.7441067106, 42.5929303131).
point(11, 37.2886727222, 19.8333367041).
point(12, 40.8667124388, 6.3333155636).
point(13, 54.3774850146, 73.4859850075).
point(14, 57.5011954715, 36.5074316989).
point(15, 38.2815466467, 80.0652317898).
point(16, 10.4895458352, 46.9509457223).
point(17, 53.2705390648, 13.8539229011).
point(18, 66.7754608745, 12.187427293).
point(19, 25.5575018202, 66.3478294028).
point(20, 65.977270604, 22.5629135801).
point(21, 3.51720086, 57.4971400365).
point(22, 26.7752214059, 69.2252794665).
cost(1, 2, 22).
cost(1, 3, 51).
cost(1, 4, 31).
cost(1, 5, 45).
cost(1, 6, 44).
cost(1, 7, 49).
cost(1, 8, 18).
cost(1, 9, 77).
cost(1, 10, 42).
cost(1, 11, 15).
cost(1, 12, 5).
cost(1, 13, 67).
cost(1, 14, 31).
cost(1, 15, 73).
cost(1, 16, 53).
cost(1, 17, 10).
cost(1, 18, 21).
cost(1, 19, 62).
cost(1, 20, 25).
cost(1, 21, 66).
cost(1, 22, 65).
cost(2, 1, 22).
cost(2, 3, 64).
cost(2, 4, 10).
cost(2, 5, 61).
cost(2, 6, 26).
cost(2, 7, 51).
cost(2, 8, 32).
cost(2, 9, 85).
cost(2, 10, 51).
cost(2, 11, 30).
cost(2, 12, 27).
cost(2, 13, 60).
cost(2, 14, 24).
cost(2, 15, 71).
cost(2, 16, 65).
cost(2, 17, 13).
cost(2, 18, 3).
cost(2, 19, 66).
cost(2, 20, 8).
cost(2, 21, 76).
cost(2, 22, 68).
cost(3, 1, 51).
cost(3, 2, 64).
cost(3, 4, 68).
cost(3, 5, 12).
cost(3, 6, 69).
cost(3, 7, 30).
cost(3, 8, 34).
cost(3, 9, 31).
cost(3, 10, 16).
cost(3, 11, 36).
cost(3, 12, 48).
cost(3, 13, 56).
cost(3, 14, 50).
cost(3, 15, 49).
cost(3, 16, 6).
cost(3, 17, 53).
cost(3, 18, 66).
cost(3, 19, 30).
cost(3, 20, 61).
cost(3, 21, 17).
cost(3, 22, 33).
cost(4, 1, 31).
cost(4, 2, 10).
cost(4, 3, 68).
cost(4, 5, 67).
cost(4, 6, 17).
cost(4, 7, 51).
cost(4, 8, 38).
cost(4, 9, 86).
cost(4, 10, 54).
cost(4, 11, 36).
cost(4, 12, 36).
cost(4, 13, 55).
cost(4, 14, 22).
cost(4, 15, 68).
cost(4, 16, 68).
cost(4, 17, 22).
cost(4, 18, 11).
cost(4, 19, 66).
cost(4, 20, 8).
cost(4, 21, 79).
cost(4, 22, 67).
cost(5, 1, 45).
cost(5, 2, 61).
cost(5, 3, 12).
cost(5, 4, 67).
cost(5, 6, 70).
cost(5, 7, 37).
cost(5, 8, 30).
cost(5, 9, 42).
cost(5, 10, 21).
cost(5, 11, 32).
cost(5, 12, 41).
cost(5, 13, 64).
cost(5, 14, 51).
cost(5, 15, 59).
cost(5, 16, 17).
cost(5, 17, 49).
cost(5, 18, 62).
cost(5, 19, 41).
cost(5, 20, 59).
cost(5, 21, 28).
cost(5, 22, 44).
cost(6, 1, 44).
cost(6, 2, 26).
cost(6, 3, 69).
cost(6, 4, 17).
cost(6, 5, 70).
cost(6, 7, 45).
cost(6, 8, 44).
cost(6, 9, 81).
cost(6, 10, 53).
cost(6, 11, 44).
cost(6, 12, 48).
cost(6, 13, 41).
cost(6, 14, 19).
cost(6, 15, 57).
cost(6, 16, 67).
cost(6, 17, 34).
cost(6, 18, 28).
cost(6, 19, 58).
cost(6, 20, 19).
cost(6, 21, 76).
cost(6, 22, 59).
cost(7, 1, 49).
cost(7, 2, 51).
cost(7, 3, 30).
cost(7, 4, 51).
cost(7, 5, 37).
cost(7, 6, 45).
cost(7, 8, 33).
cost(7, 9, 36).
cost(7, 10, 17).
cost(7, 11, 35).
cost(7, 12, 49).
cost(7, 13, 27).
cost(7, 14, 29).
cost(7, 15, 25).
cost(7, 16, 26).
cost(7, 17, 45).
cost(7, 18, 54).
cost(7, 19, 15).
cost(7, 20, 45).
cost(7, 21, 31).
cost(7, 22, 16).
cost(8, 1, 18).
cost(8, 2, 32).
cost(8, 3, 34).
cost(8, 4, 38).
cost(8, 5, 30).
cost(8, 6, 44).
cost(8, 7, 33).
cost(8, 9, 59).
cost(8, 10, 24).
cost(8, 11, 3).
cost(8, 12, 17).
cost(8, 13, 54).
cost(8, 14, 26).
cost(8, 15, 58).
cost(8, 16, 35).
cost(8, 17, 19).
cost(8, 18, 32).
cost(8, 19, 45).
cost(8, 20, 30).
cost(8, 21, 48).
cost(8, 22, 48).
cost(9, 1, 77).
cost(9, 2, 85).
cost(9, 3, 31).
cost(9, 4, 86).
cost(9, 5, 42).
cost(9, 6, 81).
cost(9, 7, 36).
cost(9, 8, 59).
cost(9, 10, 36).
cost(9, 11, 62).
cost(9, 12, 76).
cost(9, 13, 51).
cost(9, 14, 65).
cost(9, 15, 36).
cost(9, 16, 26).
cost(9, 17, 77).
cost(9, 18, 87).
cost(9, 19, 23).
cost(9, 20, 80).
cost(9, 21, 15).
cost(9, 22, 23).
cost(10, 1, 42).
cost(10, 2, 51).
cost(10, 3, 16).
cost(10, 4, 54).
cost(10, 5, 21).
cost(10, 6, 53).
cost(10, 7, 17).
cost(10, 8, 24).
cost(10, 9, 36).
cost(10, 11, 26).
cost(10, 12, 40).
cost(10, 13, 44).
cost(10, 14, 34).
cost(10, 15, 40).
cost(10, 16, 14).
cost(10, 17, 41).
cost(10, 18, 53).
cost(10, 19, 24).
cost(10, 20, 47).
cost(10, 21, 25).
cost(10, 22, 27).
cost(11, 1, 15).
cost(11, 2, 30).
cost(11, 3, 36).
cost(11, 4, 36).
cost(11, 5, 32).
cost(11, 6, 44).
cost(11, 7, 35).
cost(11, 8, 3).
cost(11, 9, 62).
cost(11, 10, 26).
cost(11, 12, 14).
cost(11, 13, 56).
cost(11, 14, 26).
cost(11, 15, 60).
cost(11, 16, 38).
cost(11, 17, 17).
cost(11, 18, 30).
cost(11, 19, 48).
cost(11, 20, 29).
cost(11, 21, 51).
cost(11, 22, 50).
cost(12, 1, 5).
cost(12, 2, 27).
cost(12, 3, 48).
cost(12, 4, 36).
cost(12, 5, 41).
cost(12, 6, 48).
cost(12, 7, 49).
cost(12, 8, 17).
cost(12, 9, 76).
cost(12, 10, 40).
cost(12, 11, 14).
cost(12, 13, 68).
cost(12, 14, 34).
cost(12, 15, 74).
cost(12, 16, 51).
cost(12, 17, 15).
cost(12, 18, 27).
cost(12, 19, 62).
cost(12, 20, 30).
cost(12, 21, 63).
cost(12, 22, 64).
cost(13, 1, 67).
cost(13, 2, 60).
cost(13, 3, 56).
cost(13, 4, 55).
cost(13, 5, 64).
cost(13, 6, 41).
cost(13, 7, 27).
cost(13, 8, 54).
cost(13, 9, 51).
cost(13, 10, 44).
cost(13, 11, 56).
cost(13, 12, 68).
cost(13, 14, 37).
cost(13, 15, 17).
cost(13, 16, 51).
cost(13, 17, 60).
cost(13, 18, 63).
cost(13, 19, 30).
cost(13, 20, 52).
cost(13, 21, 53).
cost(13, 22, 28).
cost(14, 1, 31).
cost(14, 2, 24).
cost(14, 3, 50).
cost(14, 4, 22).
cost(14, 5, 51).
cost(14, 6, 19).
cost(14, 7, 29).
cost(14, 8, 26).
cost(14, 9, 65).
cost(14, 10, 34).
cost(14, 11, 26).
cost(14, 12, 34).
cost(14, 13, 37).
cost(14, 15, 48).
cost(14, 16, 48).
cost(14, 17, 23).
cost(14, 18, 26).
cost(14, 19, 44).
cost(14, 20, 16).
cost(14, 21, 58).
cost(14, 22, 45).
cost(15, 1, 73).
cost(15, 2, 71).
cost(15, 3, 49).
cost(15, 4, 68).
cost(15, 5, 59).
cost(15, 6, 57).
cost(15, 7, 25).
cost(15, 8, 58).
cost(15, 9, 36).
cost(15, 10, 40).
cost(15, 11, 60).
cost(15, 12, 74).
cost(15, 13, 17).
cost(15, 14, 48).
cost(15, 16, 43).
cost(15, 17, 68).
cost(15, 18, 74).
cost(15, 19, 19).
cost(15, 20, 64).
cost(15, 21, 41).
cost(15, 22, 16).
cost(16, 1, 53).
cost(16, 2, 65).
cost(16, 3, 6).
cost(16, 4, 68).
cost(16, 5, 17).
cost(16, 6, 67).
cost(16, 7, 26).
cost(16, 8, 35).
cost(16, 9, 26).
cost(16, 10, 14).
cost(16, 11, 38).
cost(16, 12, 51).
cost(16, 13, 51).
cost(16, 14, 48).
cost(16, 15, 43).
cost(16, 17, 54).
cost(16, 18, 66).
cost(16, 19, 25).
cost(16, 20, 61).
cost(16, 21, 13).
cost(16, 22, 28).
cost(17, 1, 10).
cost(17, 2, 13).
cost(17, 3, 53).
cost(17, 4, 22).
cost(17, 5, 49).
cost(17, 6, 34).
cost(17, 7, 45).
cost(17, 8, 19).
cost(17, 9, 77).
cost(17, 10, 41).
cost(17, 11, 17).
cost(17, 12, 15).
cost(17, 13, 60).
cost(17, 14, 23).
cost(17, 15, 68).
cost(17, 16, 54).
cost(17, 18, 14).
cost(17, 19, 59).
cost(17, 20, 15).
cost(17, 21, 66).
cost(17, 22, 61).
cost(18, 1, 21).
cost(18, 2, 3).
cost(18, 3, 66).
cost(18, 4, 11).
cost(18, 5, 62).
cost(18, 6, 28).
cost(18, 7, 54).
cost(18, 8, 32).
cost(18, 9, 87).
cost(18, 10, 53).
cost(18, 11, 30).
cost(18, 12, 27).
cost(18, 13, 63).
cost(18, 14, 26).
cost(18, 15, 74).
cost(18, 16, 66).
cost(18, 17, 14).
cost(18, 19, 68).
cost(18, 20, 10).
cost(18, 21, 78).
cost(18, 22, 70).
cost(19, 1, 62).
cost(19, 2, 66).
cost(19, 3, 30).
cost(19, 4, 66).
cost(19, 5, 41).
cost(19, 6, 58).
cost(19, 7, 15).
cost(19, 8, 45).
cost(19, 9, 23).
cost(19, 10, 24).
cost(19, 11, 48).
cost(19, 12, 62).
cost(19, 13, 30).
cost(19, 14, 44).
cost(19, 15, 19).
cost(19, 16, 25).
cost(19, 17, 59).
cost(19, 18, 68).
cost(19, 20, 60).
cost(19, 21, 24).
cost(19, 22, 3).
cost(20, 1, 25).
cost(20, 2, 8).
cost(20, 3, 61).
cost(20, 4, 8).
cost(20, 5, 59).
cost(20, 6, 19).
cost(20, 7, 45).
cost(20, 8, 30).
cost(20, 9, 80).
cost(20, 10, 47).
cost(20, 11, 29).
cost(20, 12, 30).
cost(20, 13, 52).
cost(20, 14, 16).
cost(20, 15, 64).
cost(20, 16, 61).
cost(20, 17, 15).
cost(20, 18, 10).
cost(20, 19, 60).
cost(20, 21, 72).
cost(20, 22, 61).
cost(21, 1, 66).
cost(21, 2, 76).
cost(21, 3, 17).
cost(21, 4, 79).
cost(21, 5, 28).
cost(21, 6, 76).
cost(21, 7, 31).
cost(21, 8, 48).
cost(21, 9, 15).
cost(21, 10, 25).
cost(21, 11, 51).
cost(21, 12, 63).
cost(21, 13, 53).
cost(21, 14, 58).
cost(21, 15, 41).
cost(21, 16, 13).
cost(21, 17, 66).
cost(21, 18, 78).
cost(21, 19, 24).
cost(21, 20, 72).
cost(21, 22, 26).
cost(22, 1, 65).
cost(22, 2, 68).
cost(22, 3, 33).
cost(22, 4, 67).
cost(22, 5, 44).
cost(22, 6, 59).
cost(22, 7, 16).
cost(22, 8, 48).
cost(22, 9, 23).
cost(22, 10, 27).
cost(22, 11, 50).
cost(22, 12, 64).
cost(22, 13, 28).
cost(22, 14, 45).
cost(22, 15, 16).
cost(22, 16, 28).
cost(22, 17, 61).
cost(22, 18, 70).
cost(22, 19, 3).
cost(22, 20, 61).
cost(22, 21, 26).
