dimension(32).
point(1, 78.0836116548, 31.3945574007).
point(2, 70.2543602377, 26.5883804745).
point(3, 91.4880068236, 33.8624743522).
point(4, 20.4673558293, 76.8893267913).
point(5, 16.3487503901, 94.5154032831).
point(6, 64.2831181389, 48.8555485271).
point(7, 34.9864625663, 71.7633428624).
point(8, 59.9487440086, 42.7256818794).
point(9, 38.6399878246, 9.7510550721).
point(10, 15.9805872915, 7.4899672675).
point(11, 80.2695247689, 92.6738640682).
point(12, 74.3413128698, 20.5826716889).
point(13, 7.899602055, 18.1912800941).
point(14, 40.3699310252, 39.342878489).
point(15, 99.1013773055, 59.489532467).
point(16, 9.2339738646, 12.0459811587).
point(17, 73.2537024487, 81.5141291569).
point(18, 13.0177417693, 69.2868997233).
point(19, 86.1223639986, 20.1292287788).
point(20, 5.9078532945, 23.0289823084).
point(21, 2.4779748124, 13.3925497871).
point(22, 20.0989596078, 83.699698161).
point(23, 82.0432305532, 47.274822568).
point(24, 93.2546744573, 68.5242372111).
point(25, 9.7250162889, 32.2055785328).
point(26, 61.703855752, 17.1904708227).
point(27, 46.9072419635, 9.059252222).
point(28, 44.7622881314, 25.0789496725).
point(29, 32.2140310559, 20.3606890792).
point(30, 31.4387526319, 67.464448203).
point(31, 93.1195079932, 77.2424647683).
point(32, 72.0703073017, 99.2632340646).
cost(1, 2, 9).
cost(1, 3, 14).
cost(1, 4, 73).
cost(1, 5, 88).
cost(1, 6, 22).
cost(1, 7, 59).
cost(1, 8, 21).
cost(1, 9, 45).
cost(1, 10, 67).
cost(1, 11, 61).
cost(1, 12, 11).
cost(1, 13, 71).
cost(1, 14, 39).
cost(1, 15, 35).
cost(1, 16, 72).
cost(1, 17, 50).
cost(1, 18, 75).
cost(1, 19, 14).
cost(1, 20, 73).
cost(1, 21, 78).
cost(1, 22, 78).
cost(1, 23, 16).
cost(1, 24, 40).
cost(1, 25, 68).
cost(1, 26, 22).
cost(1, 27, 38).
cost(1, 28, 34).
cost(1, 29, 47).
cost(1, 30, 59).
cost(1, 31, 48).
cost(1, 32, 68).
cost(2, 1, 9).
cost(2, 3, 22).
cost(2, 4, 71).
cost(2, 5, 87).
cost(2, 6, 23).
cost(2, 7, 57).
cost(2, 8, 19).
cost(2, 9, 36).
cost(2, 10, 58).
cost(2, 11, 67).
cost(2, 12, 7).
cost(2, 13, 63).
cost(2, 14, 32).
cost(2, 15, 44).
cost(2, 16, 63).
cost(2, 17, 55).
cost(2, 18, 71).
cost(2, 19, 17).
cost(2, 20, 64).
cost(2, 21, 69).
cost(2, 22, 76).
cost(2, 23, 24).
cost(2, 24, 48).
cost(2, 25, 61).
cost(2, 26, 13).
cost(2, 27, 29).
cost(2, 28, 26).
cost(2, 29, 39).
cost(2, 30, 56).
cost(2, 31, 56).
cost(2, 32, 73).
cost(3, 1, 14).
cost(3, 2, 22).
cost(3, 4, 83).
cost(3, 5, 97).
cost(3, 6, 31).
cost(3, 7, 68).
cost(3, 8, 33).
cost(3, 9, 58).
cost(3, 10, 80).
cost(3, 11, 60).
cost(3, 12, 22).
cost(3, 13, 85).
cost(3, 14, 51).
cost(3, 15, 27).
cost(3, 16, 85).
cost(3, 17, 51).
cost(3, 18, 86).
cost(3, 19, 15).
cost(3, 20, 86).
cost(3, 21, 91).
cost(3, 22, 87).
cost(3, 23, 16).
cost(3, 24, 35).
cost(3, 25, 82).
cost(3, 26, 34).
cost(3, 27, 51).
cost(3, 28, 48).
cost(3, 29, 61).
cost(3, 30, 69).
cost(3, 31, 43).
cost(3, 32, 68).
cost(4, 1, 73).
cost(4, 2, 71).
cost(4, 3, 83).
cost(4, 5, 18).
cost(4, 6, 52).
cost(4, 7, 15).
cost(4, 8, 52).
cost(4, 9, 70).
cost(4, 10, 70).
cost(4, 11, 62).
cost(4, 12, 78).
cost(4, 13, 60).
cost(4, 14, 42).
cost(4, 15, 81).
cost(4, 16, 66).
cost(4, 17, 53).
cost(4, 18, 11).
cost(4, 19, 87).
cost(4, 20, 56).
cost(4, 21, 66).
cost(4, 22, 7).
cost(4, 23, 68).
cost(4, 24, 73).
cost(4, 25, 46).
cost(4, 26, 73).
cost(4, 27, 73).
cost(4, 28, 57).
cost(4, 29, 58).
cost(4, 30, 14).
cost(4, 31, 73).
cost(4, 32, 56).
cost(5, 1, 88).
cost(5, 2, 87).
cost(5, 3, 97).
cost(5, 4, 18).
cost(5, 6, 66).
cost(5, 7, 29).
cost(5, 8, 68).
cost(5, 9, 88).
cost(5, 10, 87).
cost(5, 11, 64).
cost(5, 12, 94).
cost(5, 13, 77).
cost(5, 14, 60).
cost(5, 15, 90).
cost(5, 16, 83).
cost(5, 17, 58).
cost(5, 18, 25).
cost(5, 19, 102).
cost(5, 20, 72).
cost(5, 21, 82).
cost(5, 22, 11).
cost(5, 23, 81).
cost(5, 24, 81).
cost(5, 25, 63).
cost(5, 26, 90).
cost(5, 27, 91).
cost(5, 28, 75).
cost(5, 29, 76).
cost(5, 30, 31).
cost(5, 31, 79).
cost(5, 32, 56).
cost(6, 1, 22).
cost(6, 2, 23).
cost(6, 3, 31).
cost(6, 4, 52).
cost(6, 5, 66).
cost(6, 7, 37).
cost(6, 8, 8).
cost(6, 9, 47).
cost(6, 10, 64).
cost(6, 11, 47).
cost(6, 12, 30).
cost(6, 13, 64).
cost(6, 14, 26).
cost(6, 15, 36).
cost(6, 16, 66).
cost(6, 17, 34).
cost(6, 18, 55).
cost(6, 19, 36).
cost(6, 20, 64).
cost(6, 21, 71).
cost(6, 22, 56).
cost(6, 23, 18).
cost(6, 24, 35).
cost(6, 25, 57).
cost(6, 26, 32).
cost(6, 27, 43).
cost(6, 28, 31).
cost(6, 29, 43).
cost(6, 30, 38).
cost(6, 31, 40).
cost(6, 32, 51).
cost(7, 1, 59).
cost(7, 2, 57).
cost(7, 3, 68).
cost(7, 4, 15).
cost(7, 5, 29).
cost(7, 6, 37).
cost(7, 8, 38).
cost(7, 9, 62).
cost(7, 10, 67).
cost(7, 11, 50).
cost(7, 12, 65).
cost(7, 13, 60).
cost(7, 14, 33).
cost(7, 15, 65).
cost(7, 16, 65).
cost(7, 17, 39).
cost(7, 18, 22).
cost(7, 19, 73).
cost(7, 20, 57).
cost(7, 21, 67).
cost(7, 22, 19).
cost(7, 23, 53).
cost(7, 24, 58).
cost(7, 25, 47).
cost(7, 26, 61).
cost(7, 27, 64).
cost(7, 28, 48).
cost(7, 29, 51).
cost(7, 30, 6).
cost(7, 31, 58).
cost(7, 32, 46).
cost(8, 1, 21).
cost(8, 2, 19).
cost(8, 3, 33).
cost(8, 4, 52).
cost(8, 5, 68).
cost(8, 6, 8).
cost(8, 7, 38).
cost(8, 9, 39).
cost(8, 10, 56).
cost(8, 11, 54).
cost(8, 12, 26).
cost(8, 13, 58).
cost(8, 14, 20).
cost(8, 15, 43).
cost(8, 16, 59).
cost(8, 17, 41).
cost(8, 18, 54).
cost(8, 19, 35).
cost(8, 20, 58).
cost(8, 21, 65).
cost(8, 22, 57).
cost(8, 23, 23).
cost(8, 24, 42).
cost(8, 25, 51).
cost(8, 26, 26).
cost(8, 27, 36).
cost(8, 28, 23).
cost(8, 29, 36).
cost(8, 30, 38).
cost(8, 31, 48).
cost(8, 32, 58).
cost(9, 1, 45).
cost(9, 2, 36).
cost(9, 3, 58).
cost(9, 4, 70).
cost(9, 5, 88).
cost(9, 6, 47).
cost(9, 7, 62).
cost(9, 8, 39).
cost(9, 10, 23).
cost(9, 11, 93).
cost(9, 12, 37).
cost(9, 13, 32).
cost(9, 14, 30).
cost(9, 15, 78).
cost(9, 16, 29).
cost(9, 17, 80).
cost(9, 18, 65).
cost(9, 19, 49).
cost(9, 20, 35).
cost(9, 21, 36).
cost(9, 22, 76).
cost(9, 23, 57).
cost(9, 24, 80).
cost(9, 25, 37).
cost(9, 26, 24).
cost(9, 27, 8).
cost(9, 28, 17).
cost(9, 29, 12).
cost(9, 30, 58).
cost(9, 31, 87).
cost(9, 32, 96).
cost(10, 1, 67).
cost(10, 2, 58).
cost(10, 3, 80).
cost(10, 4, 70).
cost(10, 5, 87).
cost(10, 6, 64).
cost(10, 7, 67).
cost(10, 8, 56).
cost(10, 9, 23).
cost(10, 11, 107).
cost(10, 12, 60).
cost(10, 13, 13).
cost(10, 14, 40).
cost(10, 15, 98).
cost(10, 16, 8).
cost(10, 17, 94).
cost(10, 18, 62).
cost(10, 19, 71).
cost(10, 20, 19).
cost(10, 21, 15).
cost(10, 22, 76).
cost(10, 23, 77).
cost(10, 24, 98).
cost(10, 25, 25).
cost(10, 26, 47).
cost(10, 27, 31).
cost(10, 28, 34).
cost(10, 29, 21).
cost(10, 30, 62).
cost(10, 31, 104).
cost(10, 32, 108).
cost(11, 1, 61).
cost(11, 2, 67).
cost(11, 3, 60).
cost(11, 4, 62).
cost(11, 5, 64).
cost(11, 6, 47).
cost(11, 7, 50).
cost(11, 8, 54).
cost(11, 9, 93).
cost(11, 10, 107).
cost(11, 12, 72).
cost(11, 13, 104).
cost(11, 14, 67).
cost(11, 15, 38).
cost(11, 16, 107).
cost(11, 17, 13).
cost(11, 18, 71).
cost(11, 19, 73).
cost(11, 20, 102).
cost(11, 21, 111).
cost(11, 22, 61).
cost(11, 23, 45).
cost(11, 24, 27).
cost(11, 25, 93).
cost(11, 26, 78).
cost(11, 27, 90).
cost(11, 28, 76).
cost(11, 29, 87).
cost(11, 30, 55).
cost(11, 31, 20).
cost(11, 32, 11).
cost(12, 1, 11).
cost(12, 2, 7).
cost(12, 3, 22).
cost(12, 4, 78).
cost(12, 5, 94).
cost(12, 6, 30).
cost(12, 7, 65).
cost(12, 8, 26).
cost(12, 9, 37).
cost(12, 10, 60).
cost(12, 11, 72).
cost(12, 13, 66).
cost(12, 14, 39).
cost(12, 15, 46).
cost(12, 16, 66).
cost(12, 17, 61).
cost(12, 18, 78).
cost(12, 19, 12).
cost(12, 20, 68).
cost(12, 21, 72).
cost(12, 22, 83).
cost(12, 23, 28).
cost(12, 24, 52).
cost(12, 25, 66).
cost(12, 26, 13).
cost(12, 27, 30).
cost(12, 28, 30).
cost(12, 29, 42).
cost(12, 30, 64).
cost(12, 31, 60).
cost(12, 32, 79).
cost(13, 1, 71).
cost(13, 2, 63).
cost(13, 3, 85).
cost(13, 4, 60).
cost(13, 5, 77).
cost(13, 6, 64).
cost(13, 7, 60).
cost(13, 8, 58).
cost(13, 9, 32).
cost(13, 10, 13).
cost(13, 11, 104).
cost(13, 12, 66).
cost(13, 14, 39).
cost(13, 15, 100).
cost(13, 16, 6).
cost(13, 17, 91).
cost(13, 18, 51).
cost(13, 19, 78).
cost(13, 20, 5).
cost(13, 21, 7).
cost(13, 22, 67).
cost(13, 23, 80).
cost(13, 24, 99).
cost(13, 25, 14).
cost(13, 26, 54).
cost(13, 27, 40).
cost(13, 28, 38).
cost(13, 29, 24).
cost(13, 30, 55).
cost(13, 31, 104).
cost(13, 32, 103).
cost(14, 1, 39).
cost(14, 2, 32).
cost(14, 3, 51).
cost(14, 4, 42).
cost(14, 5, 60).
cost(14, 6, 26).
cost(14, 7, 33).
cost(14, 8, 20).
cost(14, 9, 30).
cost(14, 10, 40).
cost(14, 11, 67).
cost(14, 12, 39).
cost(14, 13, 39).
cost(14, 15, 62).
cost(14, 16, 41).
cost(14, 17, 53).
cost(14, 18, 41).
cost(14, 19, 50).
cost(14, 20, 38).
cost(14, 21, 46).
cost(14, 22, 49).
cost(14, 23, 42).
cost(14, 24, 60).
cost(14, 25, 31).
cost(14, 26, 31).
cost(14, 27, 31).
cost(14, 28, 15).
cost(14, 29, 21).
cost(14, 30, 30).
cost(14, 31, 65).
cost(14, 32, 68).
cost(15, 1, 35).
cost(15, 2, 44).
cost(15, 3, 27).
cost(15, 4, 81).
cost(15, 5, 90).
cost(15, 6, 36).
cost(15, 7, 65).
cost(15, 8, 43).
cost(15, 9, 78).
cost(15, 10, 98).
cost(15, 11, 38).
cost(15, 12, 46).
cost(15, 13, 100).
cost(15, 14, 62).
cost(15, 16, 102).
cost(15, 17, 34).
cost(15, 18, 87).
cost(15, 19, 41).
cost(15, 20, 100).
cost(15, 21, 107).
cost(15, 22, 83).
cost(15, 23, 21).
cost(15, 24, 11).
cost(15, 25, 93).
cost(15, 26, 56).
cost(15, 27, 73).
cost(15, 28, 64).
cost(15, 29, 77).
cost(15, 30, 68).
cost(15, 31, 19).
cost(15, 32, 48).
cost(16, 1, 72).
cost(16, 2, 63).
cost(16, 3, 85).
cost(16, 4, 66).
cost(16, 5, 83).
cost(16, 6, 66).
cost(16, 7, 65).
cost(16, 8, 59).
cost(16, 9, 29).
cost(16, 10, 8).
cost(16, 11, 107).
cost(16, 12, 66).
cost(16, 13, 6).
cost(16, 14, 41).
cost(16, 15, 102).
cost(16, 17, 94).
cost(16, 18, 57).
cost(16, 19, 77).
cost(16, 20, 11).
cost(16, 21, 7).
cost(16, 22, 72).
cost(16, 23, 81).
cost(16, 24, 101).
cost(16, 25, 20).
cost(16, 26, 53).
cost(16, 27, 38).
cost(16, 28, 38).
cost(16, 29, 24).
cost(16, 30, 60).
cost(16, 31, 106).
cost(16, 32, 107).
cost(17, 1, 50).
cost(17, 2, 55).
cost(17, 3, 51).
cost(17, 4, 53).
cost(17, 5, 58).
cost(17, 6, 34).
cost(17, 7, 39).
cost(17, 8, 41).
cost(17, 9, 80).
cost(17, 10, 94).
cost(17, 11, 13).
cost(17, 12, 61).
cost(17, 13, 91).
cost(17, 14, 53).
cost(17, 15, 34).
cost(17, 16, 94).
cost(17, 18, 61).
cost(17, 19, 63).
cost(17, 20, 89).
cost(17, 21, 98).
cost(17, 22, 53).
cost(17, 23, 35).
cost(17, 24, 24).
cost(17, 25, 80).
cost(17, 26, 65).
cost(17, 27, 77).
cost(17, 28, 63).
cost(17, 29, 74).
cost(17, 30, 44).
cost(17, 31, 20).
cost(17, 32, 18).
cost(18, 1, 75).
cost(18, 2, 71).
cost(18, 3, 86).
cost(18, 4, 11).
cost(18, 5, 25).
cost(18, 6, 55).
cost(18, 7, 22).
cost(18, 8, 54).
cost(18, 9, 65).
cost(18, 10, 62).
cost(18, 11, 71).
cost(18, 12, 78).
cost(18, 13, 51).
cost(18, 14, 41).
cost(18, 15, 87).
cost(18, 16, 57).
cost(18, 17, 61).
cost(18, 19, 88).
cost(18, 20, 47).
cost(18, 21, 57).
cost(18, 22, 16).
cost(18, 23, 72).
cost(18, 24, 80).
cost(18, 25, 37).
cost(18, 26, 71).
cost(18, 27, 69).
cost(18, 28, 54).
cost(18, 29, 53).
cost(18, 30, 19).
cost(18, 31, 80).
cost(18, 32, 66).
cost(19, 1, 14).
cost(19, 2, 17).
cost(19, 3, 15).
cost(19, 4, 87).
cost(19, 5, 102).
cost(19, 6, 36).
cost(19, 7, 73).
cost(19, 8, 35).
cost(19, 9, 49).
cost(19, 10, 71).
cost(19, 11, 73).
cost(19, 12, 12).
cost(19, 13, 78).
cost(19, 14, 50).
cost(19, 15, 41).
cost(19, 16, 77).
cost(19, 17, 63).
cost(19, 18, 88).
cost(19, 20, 80).
cost(19, 21, 84).
cost(19, 22, 92).
cost(19, 23, 27).
cost(19, 24, 49).
cost(19, 25, 77).
cost(19, 26, 25).
cost(19, 27, 41).
cost(19, 28, 42).
cost(19, 29, 54).
cost(19, 30, 72).
cost(19, 31, 58).
cost(19, 32, 80).
cost(20, 1, 73).
cost(20, 2, 64).
cost(20, 3, 86).
cost(20, 4, 56).
cost(20, 5, 72).
cost(20, 6, 64).
cost(20, 7, 57).
cost(20, 8, 58).
cost(20, 9, 35).
cost(20, 10, 19).
cost(20, 11, 102).
cost(20, 12, 68).
cost(20, 13, 5).
cost(20, 14, 38).
cost(20, 15, 100).
cost(20, 16, 11).
cost(20, 17, 89).
cost(20, 18, 47).
cost(20, 19, 80).
cost(20, 21, 10).
cost(20, 22, 62).
cost(20, 23, 80).
cost(20, 24, 98).
cost(20, 25, 10).
cost(20, 26, 56).
cost(20, 27, 43).
cost(20, 28, 39).
cost(20, 29, 26).
cost(20, 30, 51).
cost(20, 31, 103).
cost(20, 32, 101).
cost(21, 1, 78).
cost(21, 2, 69).
cost(21, 3, 91).
cost(21, 4, 66).
cost(21, 5, 82).
cost(21, 6, 71).
cost(21, 7, 67).
cost(21, 8, 65).
cost(21, 9, 36).
cost(21, 10, 15).
cost(21, 11, 111).
cost(21, 12, 72).
cost(21, 13, 7).
cost(21, 14, 46).
cost(21, 15, 107).
cost(21, 16, 7).
cost(21, 17, 98).
cost(21, 18, 57).
cost(21, 19, 84).
cost(21, 20, 10).
cost(21, 22, 72).
cost(21, 23, 86).
cost(21, 24, 106).
cost(21, 25, 20).
cost(21, 26, 59).
cost(21, 27, 45).
cost(21, 28, 44).
cost(21, 29, 31).
cost(21, 30, 61).
cost(21, 31, 111).
cost(21, 32, 111).
cost(22, 1, 78).
cost(22, 2, 76).
cost(22, 3, 87).
cost(22, 4, 7).
cost(22, 5, 11).
cost(22, 6, 56).
cost(22, 7, 19).
cost(22, 8, 57).
cost(22, 9, 76).
cost(22, 10, 76).
cost(22, 11, 61).
cost(22, 12, 83).
cost(22, 13, 67).
cost(22, 14, 49).
cost(22, 15, 83).
cost(22, 16, 72).
cost(22, 17, 53).
cost(22, 18, 16).
cost(22, 19, 92).
cost(22, 20, 62).
cost(22, 21, 72).
cost(22, 23, 72).
cost(22, 24, 75).
cost(22, 25, 53).
cost(22, 26, 78).
cost(22, 27, 79).
cost(22, 28, 64).
cost(22, 29, 64).
cost(22, 30, 20).
cost(22, 31, 73).
cost(22, 32, 54).
cost(23, 1, 16).
cost(23, 2, 24).
cost(23, 3, 16).
cost(23, 4, 68).
cost(23, 5, 81).
cost(23, 6, 18).
cost(23, 7, 53).
cost(23, 8, 23).
cost(23, 9, 57).
cost(23, 10, 77).
cost(23, 11, 45).
cost(23, 12, 28).
cost(23, 13, 80).
cost(23, 14, 42).
cost(23, 15, 21).
cost(23, 16, 81).
cost(23, 17, 35).
cost(23, 18, 72).
cost(23, 19, 27).
cost(23, 20, 80).
cost(23, 21, 86).
cost(23, 22, 72).
cost(23, 24, 24).
cost(23, 25, 74).
cost(23, 26, 36).
cost(23, 27, 52).
cost(23, 28, 43).
cost(23, 29, 57).
cost(23, 30, 54).
cost(23, 31, 32).
cost(23, 32, 53).
cost(24, 1, 40).
cost(24, 2, 48).
cost(24, 3, 35).
cost(24, 4, 73).
cost(24, 5, 81).
cost(24, 6, 35).
cost(24, 7, 58).
cost(24, 8, 42).
cost(24, 9, 80).
cost(24, 10, 98).
cost(24, 11, 27).
cost(24, 12, 52).
cost(24, 13, 99).
cost(24, 14, 60).
cost(24, 15, 11).
cost(24, 16, 101).
cost(24, 17, 24).
cost(24, 18, 80).
cost(24, 19, 49).
cost(24, 20, 98).
cost(24, 21, 106).
cost(24, 22, 75).
cost(24, 23, 24).
cost(24, 25, 91).
cost(24, 26, 60).
cost(24, 27, 75).
cost(24, 28, 65).
cost(24, 29, 78).
cost(24, 30, 62).
cost(24, 31, 9).
cost(24, 32, 37).
cost(25, 1, 68).
cost(25, 2, 61).
cost(25, 3, 82).
cost(25, 4, 46).
cost(25, 5, 63).
cost(25, 6, 57).
cost(25, 7, 47).
cost(25, 8, 51).
cost(25, 9, 37).
cost(25, 10, 25).
cost(25, 11, 93).
cost(25, 12, 66).
cost(25, 13, 14).
cost(25, 14, 31).
cost(25, 15, 93).
cost(25, 16, 20).
cost(25, 17, 80).
cost(25, 18, 37).
cost(25, 19, 77).
cost(25, 20, 10).
cost(25, 21, 20).
cost(25, 22, 53).
cost(25, 23, 74).
cost(25, 24, 91).
cost(25, 26, 54).
cost(25, 27, 44).
cost(25, 28, 36).
cost(25, 29, 25).
cost(25, 30, 41).
cost(25, 31, 95).
cost(25, 32, 92).
cost(26, 1, 22).
cost(26, 2, 13).
cost(26, 3, 34).
cost(26, 4, 73).
cost(26, 5, 90).
cost(26, 6, 32).
cost(26, 7, 61).
cost(26, 8, 26).
cost(26, 9, 24).
cost(26, 10, 47).
cost(26, 11, 78).
cost(26, 12, 13).
cost(26, 13, 54).
cost(26, 14, 31).
cost(26, 15, 56).
cost(26, 16, 53).
cost(26, 17, 65).
cost(26, 18, 71).
cost(26, 19, 25).
cost(26, 20, 56).
cost(26, 21, 59).
cost(26, 22, 78).
cost(26, 23, 36).
cost(26, 24, 60).
cost(26, 25, 54).
cost(26, 27, 17).
cost(26, 28, 19).
cost(26, 29, 30).
cost(26, 30, 59).
cost(26, 31, 68).
cost(26, 32, 83).
cost(27, 1, 38).
cost(27, 2, 29).
cost(27, 3, 51).
cost(27, 4, 73).
cost(27, 5, 91).
cost(27, 6, 43).
cost(27, 7, 64).
cost(27, 8, 36).
cost(27, 9, 8).
cost(27, 10, 31).
cost(27, 11, 90).
cost(27, 12, 30).
cost(27, 13, 40).
cost(27, 14, 31).
cost(27, 15, 73).
cost(27, 16, 38).
cost(27, 17, 77).
cost(27, 18, 69).
cost(27, 19, 41).
cost(27, 20, 43).
cost(27, 21, 45).
cost(27, 22, 79).
cost(27, 23, 52).
cost(27, 24, 75).
cost(27, 25, 44).
cost(27, 26, 17).
cost(27, 28, 16).
cost(27, 29, 19).
cost(27, 30, 60).
cost(27, 31, 82).
cost(27, 32, 94).
cost(28, 1, 34).
cost(28, 2, 26).
cost(28, 3, 48).
cost(28, 4, 57).
cost(28, 5, 75).
cost(28, 6, 31).
cost(28, 7, 48).
cost(28, 8, 23).
cost(28, 9, 17).
cost(28, 10, 34).
cost(28, 11, 76).
cost(28, 12, 30).
cost(28, 13, 38).
cost(28, 14, 15).
cost(28, 15, 64).
cost(28, 16, 38).
cost(28, 17, 63).
cost(28, 18, 54).
cost(28, 19, 42).
cost(28, 20, 39).
cost(28, 21, 44).
cost(28, 22, 64).
cost(28, 23, 43).
cost(28, 24, 65).
cost(28, 25, 36).
cost(28, 26, 19).
cost(28, 27, 16).
cost(28, 29, 13).
cost(28, 30, 44).
cost(28, 31, 71).
cost(28, 32, 79).
cost(29, 1, 47).
cost(29, 2, 39).
cost(29, 3, 61).
cost(29, 4, 58).
cost(29, 5, 76).
cost(29, 6, 43).
cost(29, 7, 51).
cost(29, 8, 36).
cost(29, 9, 12).
cost(29, 10, 21).
cost(29, 11, 87).
cost(29, 12, 42).
cost(29, 13, 24).
cost(29, 14, 21).
cost(29, 15, 77).
cost(29, 16, 24).
cost(29, 17, 74).
cost(29, 18, 53).
cost(29, 19, 54).
cost(29, 20, 26).
cost(29, 21, 31).
cost(29, 22, 64).
cost(29, 23, 57).
cost(29, 24, 78).
cost(29, 25, 25).
cost(29, 26, 30).
cost(29, 27, 19).
cost(29, 28, 13).
cost(29, 30, 47).
cost(29, 31, 83).
cost(29, 32, 88).
cost(30, 1, 59).
cost(30, 2, 56).
cost(30, 3, 69).
cost(30, 4, 14).
cost(30, 5, 31).
cost(30, 6, 38).
cost(30, 7, 6).
cost(30, 8, 38).
cost(30, 9, 58).
cost(30, 10, 62).
cost(30, 11, 55).
cost(30, 12, 64).
cost(30, 13, 55).
cost(30, 14, 30).
cost(30, 15, 68).
cost(30, 16, 60).
cost(30, 17, 44).
cost(30, 18, 19).
cost(30, 19, 72).
cost(30, 20, 51).
cost(30, 21, 61).
cost(30, 22, 20).
cost(30, 23, 54).
cost(30, 24, 62).
cost(30, 25, 41).
cost(30, 26, 59).
cost(30, 27, 60).
cost(30, 28, 44).
cost(30, 29, 47).
cost(30, 31, 62).
cost(30, 32, 52).
cost(31, 1, 48).
cost(31, 2, 56).
cost(31, 3, 43).
cost(31, 4, 73).
cost(31, 5, 79).
cost(31, 6, 40).
cost(31, 7, 58).
cost(31, 8, 48).
cost(31, 9, 87).
cost(31, 10, 104).
cost(31, 11, 20).
cost(31, 12, 60).
cost(31, 13, 104).
cost(31, 14, 65).
cost(31, 15, 19).
cost(31, 16, 106).
cost(31, 17, 20).
cost(31, 18, 80).
cost(31, 19, 58).
cost(31, 20, 103).
cost(31, 21, 111).
cost(31, 22, 73).
cost(31, 23, 32).
cost(31, 24, 9).
cost(31, 25, 95).
cost(31, 26, 68).
cost(31, 27, 82).
cost(31, 28, 71).
cost(31, 29, 83).
cost(31, 30, 62).
cost(31, 32, 30).
cost(32, 1, 68).
cost(32, 2, 73).
cost(32, 3, 68).
cost(32, 4, 56).
cost(32, 5, 56).
cost(32, 6, 51).
cost(32, 7, 46).
cost(32, 8, 58).
cost(32, 9, 96).
cost(32, 10, 108).
cost(32, 11, 11).
cost(32, 12, 79).
cost(32, 13, 103).
cost(32, 14, 68).
cost(32, 15, 48).
cost(32, 16, 107).
cost(32, 17, 18).
cost(32, 18, 66).
cost(32, 19, 80).
cost(32, 20, 101).
cost(32, 21, 111).
cost(32, 22, 54).
cost(32, 23, 53).
cost(32, 24, 37).
cost(32, 25, 92).
cost(32, 26, 83).
cost(32, 27, 94).
cost(32, 28, 79).
cost(32, 29, 88).
cost(32, 30, 52).
cost(32, 31, 30).
