dimension(32).
point(1, 68.6416492572, 17.9651051757).
point(2, 18.4030015791, 37.9717208155).
point(3, 27.4603699494, 31.618828653).
point(4, 59.2308831946, 74.2814617625).
point(5, 84.7238874745, 18.7010498651).
point(6, 34.2960795367, 91.148205483).
point(7, 85.5717173161, 70.2155557322).
point(8, 96.5504086319, 16.2976688938).
point(9, 79.8733247468, 67.4954927668).
point(10, 97.8641185289, 6.4625143815).
point(11, 90.5994582379, 16.7509393869).
point(12, 59.1763151076, 64.4766483841).
point(13, 36.3346543049, 80.0301199572).
point(14, 32.3874334545, 79.7698326499).
point(15, 85.1275768245, 6.865420162).
point(16, 11.724643837, 36.9534915328).
point(17, 63.6870278317, 16.0440367901).
point(18, 53.616244157, 72.5756719896).
point(19, 86.1098829258, 48.6337263669).
point(20, 53.1697732887, 77.8102976286).
point(21, 65.1738772866, 36.0402005858).
point(22, 28.4759335957, 84.1873787553).
point(23, 16.8616201515, 84.5059886338).
point(24, 82.4922553408, 1.7784143743).
point(25, 32.4903927673, 25.3993638897).
point(26, 56.4615732405, 90.6708015816).
point(27, 69.6980819559, 54.6223499772).
point(28, 70.466456339, 81.5314262531).
point(29, 12.2244459001, 30.2962479592).
point(30, 77.2566542076, 44.0105250045).
point(31, 56.6680285734, 55.9893546324).
point(32, 27.7565190709, 37.9877321625).
cost(1, 2, 54).
cost(1, 3, 43).
cost(1, 4, 57).
cost(1, 5, 16).
cost(1, 6, 81).
cost(1, 7, 55).
cost(1, 8, 28).
cost(1, 9, 51).
cost(1, 10, 31).
cost(1, 11, 22).
cost(1, 12, 47).
cost(1, 13, 70).
cost(1, 14, 72).
cost(1, 15, 20).
cost(1, 16, 60).
cost(1, 17, 5).
cost(1, 18, 57).
cost(1, 19, 35).
cost(1, 20, 62).
cost(1, 21, 18).
cost(1, 22, 77).
cost(1, 23, 84).
cost(1, 24, 21).
cost(1, 25, 37).
cost(1, 26, 74).
cost(1, 27, 37).
cost(1, 28, 64).
cost(1, 29, 58).
cost(1, 30, 27).
cost(1, 31, 40).
cost(1, 32, 46).
cost(2, 1, 54).
cost(2, 3, 11).
cost(2, 4, 55).
cost(2, 5, 69).
cost(2, 6, 56).
cost(2, 7, 75).
cost(2, 8, 81).
cost(2, 9, 68).
cost(2, 10, 85).
cost(2, 11, 75).
cost(2, 12, 49).
cost(2, 13, 46).
cost(2, 14, 44).
cost(2, 15, 74).
cost(2, 16, 7).
cost(2, 17, 50).
cost(2, 18, 49).
cost(2, 19, 69).
cost(2, 20, 53).
cost(2, 21, 47).
cost(2, 22, 47).
cost(2, 23, 47).
cost(2, 24, 74).
cost(2, 25, 19).
cost(2, 26, 65).
cost(2, 27, 54).
cost(2, 28, 68).
cost(2, 29, 10).
cost(2, 30, 59).
cost(2, 31, 42).
cost(2, 32, 9).
cost(3, 1, 43).
cost(3, 2, 11).
cost(3, 4, 53).
cost(3, 5, 59).
cost(3, 6, 60).
cost(3, 7, 70).
cost(3, 8, 71).
cost(3, 9, 64).
cost(3, 10, 75).
cost(3, 11, 65).
cost(3, 12, 46).
cost(3, 13, 49).
cost(3, 14, 48).
cost(3, 15, 63).
cost(3, 16, 17).
cost(3, 17, 39).
cost(3, 18, 49).
cost(3, 19, 61).
cost(3, 20, 53).
cost(3, 21, 38).
cost(3, 22, 53).
cost(3, 23, 54).
cost(3, 24, 63).
cost(3, 25, 8).
cost(3, 26, 66).
cost(3, 27, 48).
cost(3, 28, 66).
cost(3, 29, 15).
cost(3, 30, 51).
cost(3, 31, 38).
cost(3, 32, 6).
cost(4, 1, 57).
cost(4, 2, 55).
cost(4, 3, 53).
cost(4, 5, 61).
cost(4, 6, 30).
cost(4, 7, 27).
cost(4, 8, 69).
cost(4, 9, 22).
cost(4, 10, 78).
cost(4, 11, 66).
cost(4, 12, 10).
cost(4, 13, 24).
cost(4, 14, 27).
cost(4, 15, 72).
cost(4, 16, 60).
cost(4, 17, 58).
cost(4, 18, 6).
cost(4, 19, 37).
cost(4, 20, 7).
cost(4, 21, 39).
cost(4, 22, 32).
cost(4, 23, 44).
cost(4, 24, 76).
cost(4, 25, 56).
cost(4, 26, 17).
cost(4, 27, 22).
cost(4, 28, 13).
cost(4, 29, 64).
cost(4, 30, 35).
cost(4, 31, 18).
cost(4, 32, 48).
cost(5, 1, 16).
cost(5, 2, 69).
cost(5, 3, 59).
cost(5, 4, 61).
cost(5, 6, 88).
cost(5, 7, 52).
cost(5, 8, 12).
cost(5, 9, 49).
cost(5, 10, 18).
cost(5, 11, 6).
cost(5, 12, 52).
cost(5, 13, 78).
cost(5, 14, 80).
cost(5, 15, 12).
cost(5, 16, 75).
cost(5, 17, 21).
cost(5, 18, 62).
cost(5, 19, 30).
cost(5, 20, 67).
cost(5, 21, 26).
cost(5, 22, 86).
cost(5, 23, 95).
cost(5, 24, 17).
cost(5, 25, 53).
cost(5, 26, 77).
cost(5, 27, 39).
cost(5, 28, 64).
cost(5, 29, 73).
cost(5, 30, 26).
cost(5, 31, 47).
cost(5, 32, 60).
cost(6, 1, 81).
cost(6, 2, 56).
cost(6, 3, 60).
cost(6, 4, 30).
cost(6, 5, 88).
cost(6, 7, 55).
cost(6, 8, 97).
cost(6, 9, 51).
cost(6, 10, 106).
cost(6, 11, 93).
cost(6, 12, 36).
cost(6, 13, 11).
cost(6, 14, 12).
cost(6, 15, 98).
cost(6, 16, 59).
cost(6, 17, 81).
cost(6, 18, 27).
cost(6, 19, 67).
cost(6, 20, 23).
cost(6, 21, 63).
cost(6, 22, 9).
cost(6, 23, 19).
cost(6, 24, 102).
cost(6, 25, 66).
cost(6, 26, 22).
cost(6, 27, 51).
cost(6, 28, 37).
cost(6, 29, 65).
cost(6, 30, 64).
cost(6, 31, 42).
cost(6, 32, 54).
cost(7, 1, 55).
cost(7, 2, 75).
cost(7, 3, 70).
cost(7, 4, 27).
cost(7, 5, 52).
cost(7, 6, 55).
cost(7, 8, 55).
cost(7, 9, 6).
cost(7, 10, 65).
cost(7, 11, 54).
cost(7, 12, 27).
cost(7, 13, 50).
cost(7, 14, 54).
cost(7, 15, 63).
cost(7, 16, 81).
cost(7, 17, 58).
cost(7, 18, 32).
cost(7, 19, 22).
cost(7, 20, 33).
cost(7, 21, 40).
cost(7, 22, 59).
cost(7, 23, 70).
cost(7, 24, 69).
cost(7, 25, 69).
cost(7, 26, 36).
cost(7, 27, 22).
cost(7, 28, 19).
cost(7, 29, 84).
cost(7, 30, 27).
cost(7, 31, 32).
cost(7, 32, 66).
cost(8, 1, 28).
cost(8, 2, 81).
cost(8, 3, 71).
cost(8, 4, 69).
cost(8, 5, 12).
cost(8, 6, 97).
cost(8, 7, 55).
cost(8, 9, 54).
cost(8, 10, 10).
cost(8, 11, 6).
cost(8, 12, 61).
cost(8, 13, 88).
cost(8, 14, 90).
cost(8, 15, 15).
cost(8, 16, 87).
cost(8, 17, 33).
cost(8, 18, 71).
cost(8, 19, 34).
cost(8, 20, 75).
cost(8, 21, 37).
cost(8, 22, 96).
cost(8, 23, 105).
cost(8, 24, 20).
cost(8, 25, 65).
cost(8, 26, 84).
cost(8, 27, 47).
cost(8, 28, 70).
cost(8, 29, 85).
cost(8, 30, 34).
cost(8, 31, 56).
cost(8, 32, 72).
cost(9, 1, 51).
cost(9, 2, 68).
cost(9, 3, 64).
cost(9, 4, 22).
cost(9, 5, 49).
cost(9, 6, 51).
cost(9, 7, 6).
cost(9, 8, 54).
cost(9, 10, 64).
cost(9, 11, 52).
cost(9, 12, 21).
cost(9, 13, 45).
cost(9, 14, 49).
cost(9, 15, 61).
cost(9, 16, 75).
cost(9, 17, 54).
cost(9, 18, 27).
cost(9, 19, 20).
cost(9, 20, 29).
cost(9, 21, 35).
cost(9, 22, 54).
cost(9, 23, 65).
cost(9, 24, 66).
cost(9, 25, 63).
cost(9, 26, 33).
cost(9, 27, 16).
cost(9, 28, 17).
cost(9, 29, 77).
cost(9, 30, 24).
cost(9, 31, 26).
cost(9, 32, 60).
cost(10, 1, 31).
cost(10, 2, 85).
cost(10, 3, 75).
cost(10, 4, 78).
cost(10, 5, 18).
cost(10, 6, 106).
cost(10, 7, 65).
cost(10, 8, 10).
cost(10, 9, 64).
cost(10, 11, 13).
cost(10, 12, 70).
cost(10, 13, 96).
cost(10, 14, 98).
cost(10, 15, 13).
cost(10, 16, 91).
cost(10, 17, 35).
cost(10, 18, 80).
cost(10, 19, 44).
cost(10, 20, 84).
cost(10, 21, 44).
cost(10, 22, 104).
cost(10, 23, 112).
cost(10, 24, 16).
cost(10, 25, 68).
cost(10, 26, 94).
cost(10, 27, 56).
cost(10, 28, 80).
cost(10, 29, 89).
cost(10, 30, 43).
cost(10, 31, 64).
cost(10, 32, 77).
cost(11, 1, 22).
cost(11, 2, 75).
cost(11, 3, 65).
cost(11, 4, 66).
cost(11, 5, 6).
cost(11, 6, 93).
cost(11, 7, 54).
cost(11, 8, 6).
cost(11, 9, 52).
cost(11, 10, 13).
cost(11, 12, 57).
cost(11, 13, 83).
cost(11, 14, 86).
cost(11, 15, 11).
cost(11, 16, 81).
cost(11, 17, 27).
cost(11, 18, 67).
cost(11, 19, 32).
cost(11, 20, 72).
cost(11, 21, 32).
cost(11, 22, 92).
cost(11, 23, 100).
cost(11, 24, 17).
cost(11, 25, 59).
cost(11, 26, 81).
cost(11, 27, 43).
cost(11, 28, 68).
cost(11, 29, 80).
cost(11, 30, 30).
cost(11, 31, 52).
cost(11, 32, 66).
cost(12, 1, 47).
cost(12, 2, 49).
cost(12, 3, 46).
cost(12, 4, 10).
cost(12, 5, 52).
cost(12, 6, 36).
cost(12, 7, 27).
cost(12, 8, 61).
cost(12, 9, 21).
cost(12, 10, 70).
cost(12, 11, 57).
cost(12, 13, 28).
cost(12, 14, 31).
cost(12, 15, 63).
cost(12, 16, 55).
cost(12, 17, 49).
cost(12, 18, 10).
cost(12, 19, 31).
cost(12, 20, 15).
cost(12, 21, 29).
cost(12, 22, 36).
cost(12, 23, 47).
cost(12, 24, 67).
cost(12, 25, 47).
cost(12, 26, 26).
cost(12, 27, 14).
cost(12, 28, 20).
cost(12, 29, 58).
cost(12, 30, 27).
cost(12, 31, 9).
cost(12, 32, 41).
cost(13, 1, 70).
cost(13, 2, 46).
cost(13, 3, 49).
cost(13, 4, 24).
cost(13, 5, 78).
cost(13, 6, 11).
cost(13, 7, 50).
cost(13, 8, 88).
cost(13, 9, 45).
cost(13, 10, 96).
cost(13, 11, 83).
cost(13, 12, 28).
cost(13, 14, 4).
cost(13, 15, 88).
cost(13, 16, 50).
cost(13, 17, 70).
cost(13, 18, 19).
cost(13, 19, 59).
cost(13, 20, 17).
cost(13, 21, 53).
cost(13, 22, 9).
cost(13, 23, 20).
cost(13, 24, 91).
cost(13, 25, 55).
cost(13, 26, 23).
cost(13, 27, 42).
cost(13, 28, 34).
cost(13, 29, 55).
cost(13, 30, 55).
cost(13, 31, 31).
cost(13, 32, 43).
cost(14, 1, 72).
cost(14, 2, 44).
cost(14, 3, 48).
cost(14, 4, 27).
cost(14, 5, 80).
cost(14, 6, 12).
cost(14, 7, 54).
cost(14, 8, 90).
cost(14, 9, 49).
cost(14, 10, 98).
cost(14, 11, 86).
cost(14, 12, 31).
cost(14, 13, 4).
cost(14, 15, 90).
cost(14, 16, 48).
cost(14, 17, 71).
cost(14, 18, 22).
cost(14, 19, 62).
cost(14, 20, 21).
cost(14, 21, 55).
cost(14, 22, 6).
cost(14, 23, 16).
cost(14, 24, 93).
cost(14, 25, 54).
cost(14, 26, 26).
cost(14, 27, 45).
cost(14, 28, 38).
cost(14, 29, 53).
cost(14, 30, 57).
cost(14, 31, 34).
cost(14, 32, 42).
cost(15, 1, 20).
cost(15, 2, 74).
cost(15, 3, 63).
cost(15, 4, 72).
cost(15, 5, 12).
cost(15, 6, 98).
cost(15, 7, 63).
cost(15, 8, 15).
cost(15, 9, 61).
cost(15, 10, 13).
cost(15, 11, 11).
cost(15, 12, 63).
cost(15, 13, 88).
cost(15, 14, 90).
cost(15, 16, 79).
cost(15, 17, 23).
cost(15, 18, 73).
cost(15, 19, 42).
cost(15, 20, 78).
cost(15, 21, 35).
cost(15, 22, 96).
cost(15, 23, 103).
cost(15, 24, 6).
cost(15, 25, 56).
cost(15, 26, 89).
cost(15, 27, 50).
cost(15, 28, 76).
cost(15, 29, 77).
cost(15, 30, 38).
cost(15, 31, 57).
cost(15, 32, 65).
cost(16, 1, 60).
cost(16, 2, 7).
cost(16, 3, 17).
cost(16, 4, 60).
cost(16, 5, 75).
cost(16, 6, 59).
cost(16, 7, 81).
cost(16, 8, 87).
cost(16, 9, 75).
cost(16, 10, 91).
cost(16, 11, 81).
cost(16, 12, 55).
cost(16, 13, 50).
cost(16, 14, 48).
cost(16, 15, 79).
cost(16, 17, 56).
cost(16, 18, 55).
cost(16, 19, 75).
cost(16, 20, 58).
cost(16, 21, 53).
cost(16, 22, 50).
cost(16, 23, 48).
cost(16, 24, 79).
cost(16, 25, 24).
cost(16, 26, 70).
cost(16, 27, 61).
cost(16, 28, 74).
cost(16, 29, 7).
cost(16, 30, 66).
cost(16, 31, 49).
cost(16, 32, 16).
cost(17, 1, 5).
cost(17, 2, 50).
cost(17, 3, 39).
cost(17, 4, 58).
cost(17, 5, 21).
cost(17, 6, 81).
cost(17, 7, 58).
cost(17, 8, 33).
cost(17, 9, 54).
cost(17, 10, 35).
cost(17, 11, 27).
cost(17, 12, 49).
cost(17, 13, 70).
cost(17, 14, 71).
cost(17, 15, 23).
cost(17, 16, 56).
cost(17, 18, 57).
cost(17, 19, 40).
cost(17, 20, 63).
cost(17, 21, 20).
cost(17, 22, 77).
cost(17, 23, 83).
cost(17, 24, 24).
cost(17, 25, 33).
cost(17, 26, 75).
cost(17, 27, 39).
cost(17, 28, 66).
cost(17, 29, 53).
cost(17, 30, 31).
cost(17, 31, 41).
cost(17, 32, 42).
cost(18, 1, 57).
cost(18, 2, 49).
cost(18, 3, 49).
cost(18, 4, 6).
cost(18, 5, 62).
cost(18, 6, 27).
cost(18, 7, 32).
cost(18, 8, 71).
cost(18, 9, 27).
cost(18, 10, 80).
cost(18, 11, 67).
cost(18, 12, 10).
cost(18, 13, 19).
cost(18, 14, 22).
cost(18, 15, 73).
cost(18, 16, 55).
cost(18, 17, 57).
cost(18, 19, 40).
cost(18, 20, 5).
cost(18, 21, 38).
cost(18, 22, 28).
cost(18, 23, 39).
cost(18, 24, 76).
cost(18, 25, 52).
cost(18, 26, 18).
cost(18, 27, 24).
cost(18, 28, 19).
cost(18, 29, 59).
cost(18, 30, 37).
cost(18, 31, 17).
cost(18, 32, 43).
cost(19, 1, 35).
cost(19, 2, 69).
cost(19, 3, 61).
cost(19, 4, 37).
cost(19, 5, 30).
cost(19, 6, 67).
cost(19, 7, 22).
cost(19, 8, 34).
cost(19, 9, 20).
cost(19, 10, 44).
cost(19, 11, 32).
cost(19, 12, 31).
cost(19, 13, 59).
cost(19, 14, 62).
cost(19, 15, 42).
cost(19, 16, 75).
cost(19, 17, 40).
cost(19, 18, 40).
cost(19, 20, 44).
cost(19, 21, 24).
cost(19, 22, 68).
cost(19, 23, 78).
cost(19, 24, 47).
cost(19, 25, 58).
cost(19, 26, 51).
cost(19, 27, 17).
cost(19, 28, 36).
cost(19, 29, 76).
cost(19, 30, 10).
cost(19, 31, 30).
cost(19, 32, 59).
cost(20, 1, 62).
cost(20, 2, 53).
cost(20, 3, 53).
cost(20, 4, 7).
cost(20, 5, 67).
cost(20, 6, 23).
cost(20, 7, 33).
cost(20, 8, 75).
cost(20, 9, 29).
cost(20, 10, 84).
cost(20, 11, 72).
cost(20, 12, 15).
cost(20, 13, 17).
cost(20, 14, 21).
cost(20, 15, 78).
cost(20, 16, 58).
cost(20, 17, 63).
cost(20, 18, 5).
cost(20, 19, 44).
cost(20, 21, 43).
cost(20, 22, 26).
cost(20, 23, 37).
cost(20, 24, 81).
cost(20, 25, 56).
cost(20, 26, 13).
cost(20, 27, 28).
cost(20, 28, 18).
cost(20, 29, 63).
cost(20, 30, 42).
cost(20, 31, 22).
cost(20, 32, 47).
cost(21, 1, 18).
cost(21, 2, 47).
cost(21, 3, 38).
cost(21, 4, 39).
cost(21, 5, 26).
cost(21, 6, 63).
cost(21, 7, 40).
cost(21, 8, 37).
cost(21, 9, 35).
cost(21, 10, 44).
cost(21, 11, 32).
cost(21, 12, 29).
cost(21, 13, 53).
cost(21, 14, 55).
cost(21, 15, 35).
cost(21, 16, 53).
cost(21, 17, 20).
cost(21, 18, 38).
cost(21, 19, 24).
cost(21, 20, 43).
cost(21, 22, 61).
cost(21, 23, 68).
cost(21, 24, 38).
cost(21, 25, 34).
cost(21, 26, 55).
cost(21, 27, 19).
cost(21, 28, 46).
cost(21, 29, 53).
cost(21, 30, 14).
cost(21, 31, 22).
cost(21, 32, 37).
cost(22, 1, 77).
cost(22, 2, 47).
cost(22, 3, 53).
cost(22, 4, 32).
cost(22, 5, 86).
cost(22, 6, 9).
cost(22, 7, 59).
cost(22, 8, 96).
cost(22, 9, 54).
cost(22, 10, 104).
cost(22, 11, 92).
cost(22, 12, 36).
cost(22, 13, 9).
cost(22, 14, 6).
cost(22, 15, 96).
cost(22, 16, 50).
cost(22, 17, 77).
cost(22, 18, 28).
cost(22, 19, 68).
cost(22, 20, 26).
cost(22, 21, 61).
cost(22, 23, 12).
cost(22, 24, 99).
cost(22, 25, 59).
cost(22, 26, 29).
cost(22, 27, 51).
cost(22, 28, 42).
cost(22, 29, 56).
cost(22, 30, 63).
cost(22, 31, 40).
cost(22, 32, 46).
cost(23, 1, 84).
cost(23, 2, 47).
cost(23, 3, 54).
cost(23, 4, 44).
cost(23, 5, 95).
cost(23, 6, 19).
cost(23, 7, 70).
cost(23, 8, 105).
cost(23, 9, 65).
cost(23, 10, 112).
cost(23, 11, 100).
cost(23, 12, 47).
cost(23, 13, 20).
cost(23, 14, 16).
cost(23, 15, 103).
cost(23, 16, 48).
cost(23, 17, 83).
cost(23, 18, 39).
cost(23, 19, 78).
cost(23, 20, 37).
cost(23, 21, 68).
cost(23, 22, 12).
cost(23, 24, 106).
cost(23, 25, 61).
cost(23, 26, 40).
cost(23, 27, 61).
cost(23, 28, 54).
cost(23, 29, 54).
cost(23, 30, 73).
cost(23, 31, 49).
cost(23, 32, 48).
cost(24, 1, 21).
cost(24, 2, 74).
cost(24, 3, 63).
cost(24, 4, 76).
cost(24, 5, 17).
cost(24, 6, 102).
cost(24, 7, 69).
cost(24, 8, 20).
cost(24, 9, 66).
cost(24, 10, 16).
cost(24, 11, 17).
cost(24, 12, 67).
cost(24, 13, 91).
cost(24, 14, 93).
cost(24, 15, 6).
cost(24, 16, 79).
cost(24, 17, 24).
cost(24, 18, 76).
cost(24, 19, 47).
cost(24, 20, 81).
cost(24, 21, 38).
cost(24, 22, 99).
cost(24, 23, 106).
cost(24, 25, 55).
cost(24, 26, 93).
cost(24, 27, 54).
cost(24, 28, 81).
cost(24, 29, 76).
cost(24, 30, 43).
cost(24, 31, 60).
cost(24, 32, 66).
cost(25, 1, 37).
cost(25, 2, 19).
cost(25, 3, 8).
cost(25, 4, 56).
cost(25, 5, 53).
cost(25, 6, 66).
cost(25, 7, 69).
cost(25, 8, 65).
cost(25, 9, 63).
cost(25, 10, 68).
cost(25, 11, 59).
cost(25, 12, 47).
cost(25, 13, 55).
cost(25, 14, 54).
cost(25, 15, 56).
cost(25, 16, 24).
cost(25, 17, 33).
cost(25, 18, 52).
cost(25, 19, 58).
cost(25, 20, 56).
cost(25, 21, 34).
cost(25, 22, 59).
cost(25, 23, 61).
cost(25, 24, 55).
cost(25, 26, 70).
cost(25, 27, 47).
cost(25, 28, 68).
cost(25, 29, 21).
cost(25, 30, 48).
cost(25, 31, 39).
cost(25, 32, 13).
cost(26, 1, 74).
cost(26, 2, 65).
cost(26, 3, 66).
cost(26, 4, 17).
cost(26, 5, 77).
cost(26, 6, 22).
cost(26, 7, 36).
cost(26, 8, 84).
cost(26, 9, 33).
cost(26, 10, 94).
cost(26, 11, 81).
cost(26, 12, 26).
cost(26, 13, 23).
cost(26, 14, 26).
cost(26, 15, 89).
cost(26, 16, 70).
cost(26, 17, 75).
cost(26, 18, 18).
cost(26, 19, 51).
cost(26, 20, 13).
cost(26, 21, 55).
cost(26, 22, 29).
cost(26, 23, 40).
cost(26, 24, 93).
cost(26, 25, 70).
cost(26, 27, 38).
cost(26, 28, 17).
cost(26, 29, 75).
cost(26, 30, 51).
cost(26, 31, 35).
cost(26, 32, 60).
cost(27, 1, 37).
cost(27, 2, 54).
cost(27, 3, 48).
cost(27, 4, 22).
cost(27, 5, 39).
cost(27, 6, 51).
cost(27, 7, 22).
cost(27, 8, 47).
cost(27, 9, 16).
cost(27, 10, 56).
cost(27, 11, 43).
cost(27, 12, 14).
cost(27, 13, 42).
cost(27, 14, 45).
cost(27, 15, 50).
cost(27, 16, 61).
cost(27, 17, 39).
cost(27, 18, 24).
cost(27, 19, 17).
cost(27, 20, 28).
cost(27, 21, 19).
cost(27, 22, 51).
cost(27, 23, 61).
cost(27, 24, 54).
cost(27, 25, 47).
cost(27, 26, 38).
cost(27, 28, 27).
cost(27, 29, 62).
cost(27, 30, 13).
cost(27, 31, 13).
cost(27, 32, 45).
cost(28, 1, 64).
cost(28, 2, 68).
cost(28, 3, 66).
cost(28, 4, 13).
cost(28, 5, 64).
cost(28, 6, 37).
cost(28, 7, 19).
cost(28, 8, 70).
cost(28, 9, 17).
cost(28, 10, 80).
cost(28, 11, 68).
cost(28, 12, 20).
cost(28, 13, 34).
cost(28, 14, 38).
cost(28, 15, 76).
cost(28, 16, 74).
cost(28, 17, 66).
cost(28, 18, 19).
cost(28, 19, 36).
cost(28, 20, 18).
cost(28, 21, 46).
cost(28, 22, 42).
cost(28, 23, 54).
cost(28, 24, 81).
cost(28, 25, 68).
cost(28, 26, 17).
cost(28, 27, 27).
cost(28, 29, 78).
cost(28, 30, 38).
cost(28, 31, 29).
cost(28, 32, 61).
cost(29, 1, 58).
cost(29, 2, 10).
cost(29, 3, 15).
cost(29, 4, 64).
cost(29, 5, 73).
cost(29, 6, 65).
cost(29, 7, 84).
cost(29, 8, 85).
cost(29, 9, 77).
cost(29, 10, 89).
cost(29, 11, 80).
cost(29, 12, 58).
cost(29, 13, 55).
cost(29, 14, 53).
cost(29, 15, 77).
cost(29, 16, 7).
cost(29, 17, 53).
cost(29, 18, 59).
cost(29, 19, 76).
cost(29, 20, 63).
cost(29, 21, 53).
cost(29, 22, 56).
cost(29, 23, 54).
cost(29, 24, 76).
cost(29, 25, 21).
cost(29, 26, 75).
cost(29, 27, 62).
cost(29, 28, 78).
cost(29, 30, 66).
cost(29, 31, 51).
cost(29, 32, 17).
cost(30, 1, 27).
cost(30, 2, 59).
cost(30, 3, 51).
cost(30, 4, 35).
cost(30, 5, 26).
cost(30, 6, 64).
cost(30, 7, 27).
cost(30, 8, 34).
cost(30, 9, 24).
cost(30, 10, 43).
cost(30, 11, 30).
cost(30, 12, 27).
cost(30, 13, 55).
cost(30, 14, 57).
cost(30, 15, 38).
cost(30, 16, 66).
cost(30, 17, 31).
cost(30, 18, 37).
cost(30, 19, 10).
cost(30, 20, 42).
cost(30, 21, 14).
cost(30, 22, 63).
cost(30, 23, 73).
cost(30, 24, 43).
cost(30, 25, 48).
cost(30, 26, 51).
cost(30, 27, 13).
cost(30, 28, 38).
cost(30, 29, 66).
cost(30, 31, 24).
cost(30, 32, 50).
cost(31, 1, 40).
cost(31, 2, 42).
cost(31, 3, 38).
cost(31, 4, 18).
cost(31, 5, 47).
cost(31, 6, 42).
cost(31, 7, 32).
cost(31, 8, 56).
cost(31, 9, 26).
cost(31, 10, 64).
cost(31, 11, 52).
cost(31, 12, 9).
cost(31, 13, 31).
cost(31, 14, 34).
cost(31, 15, 57).
cost(31, 16, 49).
cost(31, 17, 41).
cost(31, 18, 17).
cost(31, 19, 30).
cost(31, 20, 22).
cost(31, 21, 22).
cost(31, 22, 40).
cost(31, 23, 49).
cost(31, 24, 60).
cost(31, 25, 39).
cost(31, 26, 35).
cost(31, 27, 13).
cost(31, 28, 29).
cost(31, 29, 51).
cost(31, 30, 24).
cost(31, 32, 34).
cost(32, 1, 46).
cost(32, 2, 9).
cost(32, 3, 6).
cost(32, 4, 48).
cost(32, 5, 60).
cost(32, 6, 54).
cost(32, 7, 66).
cost(32, 8, 72).
cost(32, 9, 60).
cost(32, 10, 77).
cost(32, 11, 66).
cost(32, 12, 41).
cost(32, 13, 43).
cost(32, 14, 42).
cost(32, 15, 65).
cost(32, 16, 16).
cost(32, 17, 42).
cost(32, 18, 43).
cost(32, 19, 59).
cost(32, 20, 47).
cost(32, 21, 37).
cost(32, 22, 46).
cost(32, 23, 48).
cost(32, 24, 66).
cost(32, 25, 13).
cost(32, 26, 60).
cost(32, 27, 45).
cost(32, 28, 61).
cost(32, 29, 17).
cost(32, 30, 50).
cost(32, 31, 34).
