dimension(32).
point(1, 3.2638065262, 94.1903949365).
point(2, 10.2332297687, 92.4644442958).
point(3, 44.1072876104, 38.3105517304).
point(4, 93.9573487598, 66.7612113542).
point(5, 11.5576855784, 72.1245876863).
point(6, 81.6635374415, 42.1095149436).
point(7, 2.7104576489, 73.7383105046).
point(8, 86.276972666, 38.4230289519).
point(9, 52.6606969809, 53.1902323665).
point(10, 93.6601016895, 45.0030592081).
point(11, 71.7392115348, 26.3077776826).
point(12, 68.5938401078, 8.6209706665).
point(13, 66.793012754, 27.1012847144).
point(14, 81.9228314193, 62.4998357655).
point(15, 49.6838554202, 74.5513456326).
point(16, 35.5132430095, 31.8472263773).
point(17, 52.2643372341, 9.6062731991).
point(18, 58.020684407, 63.7493599953).
point(19, 97.0891642511, 38.9241578302).
point(20, 45.8600772787, 81.4060677184).
point(21, 19.3721100822, 83.4121198327).
point(22, 32.4485111197, 63.8756640071).
point(23, 87.8074841006, 18.9183121987).
point(24, 29.7356916861, 54.7219853142).
point(25, 48.1151422193, 54.3928040969).
point(26, 44.1090556659, 29.4464446719).
point(27, 28.1919253241, 30.642296241).
point(28, 29.6478440519, 24.4671601191).
point(29, 20.0195504424, 32.6668150104).
point(30, 10.016767745, 69.6504515512).
point(31, 63.8058055118, 85.7124525933).
point(32, 52.4555886343, 16.7622592429).
cost(1, 2, 7).
cost(1, 3, 69).
cost(1, 4, 95).
cost(1, 5, 24).
cost(1, 6, 94).
cost(1, 7, 20).
cost(1, 8, 100).
cost(1, 9, 64).
cost(1, 10, 103).
cost(1, 11, 96).
cost(1, 12, 108).
cost(1, 13, 92).
cost(1, 14, 85).
cost(1, 15, 50).
cost(1, 16, 70).
cost(1, 17, 98).
cost(1, 18, 63).
cost(1, 19, 109).
cost(1, 20, 44).
cost(1, 21, 19).
cost(1, 22, 42).
cost(1, 23, 113).
cost(1, 24, 48).
cost(1, 25, 60).
cost(1, 26, 77).
cost(1, 27, 68).
cost(1, 28, 75).
cost(1, 29, 64).
cost(1, 30, 25).
cost(1, 31, 61).
cost(1, 32, 92).
cost(2, 1, 7).
cost(2, 3, 64).
cost(2, 4, 88).
cost(2, 5, 20).
cost(2, 6, 87).
cost(2, 7, 20).
cost(2, 8, 93).
cost(2, 9, 58).
cost(2, 10, 96).
cost(2, 11, 90).
cost(2, 12, 102).
cost(2, 13, 86).
cost(2, 14, 78).
cost(2, 15, 43).
cost(2, 16, 66).
cost(2, 17, 93).
cost(2, 18, 56).
cost(2, 19, 102).
cost(2, 20, 37).
cost(2, 21, 13).
cost(2, 22, 36).
cost(2, 23, 107).
cost(2, 24, 42).
cost(2, 25, 54).
cost(2, 26, 72).
cost(2, 27, 64).
cost(2, 28, 71).
cost(2, 29, 61).
cost(2, 30, 23).
cost(2, 31, 54).
cost(2, 32, 87).
cost(3, 1, 69).
cost(3, 2, 64).
cost(3, 4, 57).
cost(3, 5, 47).
cost(3, 6, 38).
cost(3, 7, 54).
cost(3, 8, 42).
cost(3, 9, 17).
cost(3, 10, 50).
cost(3, 11, 30).
cost(3, 12, 38).
cost(3, 13, 25).
cost(3, 14, 45).
cost(3, 15, 37).
cost(3, 16, 11).
cost(3, 17, 30).
cost(3, 18, 29).
cost(3, 19, 53).
cost(3, 20, 43).
cost(3, 21, 51).
cost(3, 22, 28).
cost(3, 23, 48).
cost(3, 24, 22).
cost(3, 25, 17).
cost(3, 26, 9).
cost(3, 27, 18).
cost(3, 28, 20).
cost(3, 29, 25).
cost(3, 30, 46).
cost(3, 31, 51).
cost(3, 32, 23).
cost(4, 1, 95).
cost(4, 2, 88).
cost(4, 3, 57).
cost(4, 5, 83).
cost(4, 6, 28).
cost(4, 7, 92).
cost(4, 8, 29).
cost(4, 9, 43).
cost(4, 10, 22).
cost(4, 11, 46).
cost(4, 12, 63).
cost(4, 13, 48).
cost(4, 14, 13).
cost(4, 15, 45).
cost(4, 16, 68).
cost(4, 17, 71).
cost(4, 18, 36).
cost(4, 19, 28).
cost(4, 20, 50).
cost(4, 21, 76).
cost(4, 22, 62).
cost(4, 23, 48).
cost(4, 24, 65).
cost(4, 25, 47).
cost(4, 26, 62).
cost(4, 27, 75).
cost(4, 28, 77).
cost(4, 29, 81).
cost(4, 30, 84).
cost(4, 31, 36).
cost(4, 32, 65).
cost(5, 1, 24).
cost(5, 2, 20).
cost(5, 3, 47).
cost(5, 4, 83).
cost(5, 6, 76).
cost(5, 7, 9).
cost(5, 8, 82).
cost(5, 9, 45).
cost(5, 10, 86).
cost(5, 11, 76).
cost(5, 12, 85).
cost(5, 13, 71).
cost(5, 14, 71).
cost(5, 15, 38).
cost(5, 16, 47).
cost(5, 17, 75).
cost(5, 18, 47).
cost(5, 19, 92).
cost(5, 20, 36).
cost(5, 21, 14).
cost(5, 22, 22).
cost(5, 23, 93).
cost(5, 24, 25).
cost(5, 25, 41).
cost(5, 26, 54).
cost(5, 27, 45).
cost(5, 28, 51).
cost(5, 29, 40).
cost(5, 30, 3).
cost(5, 31, 54).
cost(5, 32, 69).
cost(6, 1, 94).
cost(6, 2, 87).
cost(6, 3, 38).
cost(6, 4, 28).
cost(6, 5, 76).
cost(6, 7, 85).
cost(6, 8, 6).
cost(6, 9, 31).
cost(6, 10, 12).
cost(6, 11, 19).
cost(6, 12, 36).
cost(6, 13, 21).
cost(6, 14, 20).
cost(6, 15, 46).
cost(6, 16, 47).
cost(6, 17, 44).
cost(6, 18, 32).
cost(6, 19, 16).
cost(6, 20, 53).
cost(6, 21, 75).
cost(6, 22, 54).
cost(6, 23, 24).
cost(6, 24, 53).
cost(6, 25, 36).
cost(6, 26, 40).
cost(6, 27, 55).
cost(6, 28, 55).
cost(6, 29, 62).
cost(6, 30, 77).
cost(6, 31, 47).
cost(6, 32, 39).
cost(7, 1, 20).
cost(7, 2, 20).
cost(7, 3, 54).
cost(7, 4, 92).
cost(7, 5, 9).
cost(7, 6, 85).
cost(7, 8, 91).
cost(7, 9, 54).
cost(7, 10, 95).
cost(7, 11, 84).
cost(7, 12, 93).
cost(7, 13, 79).
cost(7, 14, 80).
cost(7, 15, 47).
cost(7, 16, 53).
cost(7, 17, 81).
cost(7, 18, 56).
cost(7, 19, 101).
cost(7, 20, 44).
cost(7, 21, 19).
cost(7, 22, 31).
cost(7, 23, 101).
cost(7, 24, 33).
cost(7, 25, 49).
cost(7, 26, 61).
cost(7, 27, 50).
cost(7, 28, 56).
cost(7, 29, 45).
cost(7, 30, 8).
cost(7, 31, 62).
cost(7, 32, 76).
cost(8, 1, 100).
cost(8, 2, 93).
cost(8, 3, 42).
cost(8, 4, 29).
cost(8, 5, 82).
cost(8, 6, 6).
cost(8, 7, 91).
cost(8, 9, 37).
cost(8, 10, 10).
cost(8, 11, 19).
cost(8, 12, 35).
cost(8, 13, 23).
cost(8, 14, 24).
cost(8, 15, 51).
cost(8, 16, 51).
cost(8, 17, 45).
cost(8, 18, 38).
cost(8, 19, 11).
cost(8, 20, 59).
cost(8, 21, 81).
cost(8, 22, 60).
cost(8, 23, 20).
cost(8, 24, 59).
cost(8, 25, 41).
cost(8, 26, 43).
cost(8, 27, 59).
cost(8, 28, 58).
cost(8, 29, 67).
cost(8, 30, 82).
cost(8, 31, 52).
cost(8, 32, 40).
cost(9, 1, 64).
cost(9, 2, 58).
cost(9, 3, 17).
cost(9, 4, 43).
cost(9, 5, 45).
cost(9, 6, 31).
cost(9, 7, 54).
cost(9, 8, 37).
cost(9, 10, 42).
cost(9, 11, 33).
cost(9, 12, 47).
cost(9, 13, 30).
cost(9, 14, 31).
cost(9, 15, 22).
cost(9, 16, 27).
cost(9, 17, 44).
cost(9, 18, 12).
cost(9, 19, 47).
cost(9, 20, 29).
cost(9, 21, 45).
cost(9, 22, 23).
cost(9, 23, 49).
cost(9, 24, 23).
cost(9, 25, 5).
cost(9, 26, 25).
cost(9, 27, 33).
cost(9, 28, 37).
cost(9, 29, 39).
cost(9, 30, 46).
cost(9, 31, 34).
cost(9, 32, 36).
cost(10, 1, 103).
cost(10, 2, 96).
cost(10, 3, 50).
cost(10, 4, 22).
cost(10, 5, 86).
cost(10, 6, 12).
cost(10, 7, 95).
cost(10, 8, 10).
cost(10, 9, 42).
cost(10, 11, 29).
cost(10, 12, 44).
cost(10, 13, 32).
cost(10, 14, 21).
cost(10, 15, 53).
cost(10, 16, 60).
cost(10, 17, 54).
cost(10, 18, 40).
cost(10, 19, 7).
cost(10, 20, 60).
cost(10, 21, 84).
cost(10, 22, 64).
cost(10, 23, 27).
cost(10, 24, 65).
cost(10, 25, 47).
cost(10, 26, 52).
cost(10, 27, 67).
cost(10, 28, 67).
cost(10, 29, 75).
cost(10, 30, 87).
cost(10, 31, 50).
cost(10, 32, 50).
cost(11, 1, 96).
cost(11, 2, 90).
cost(11, 3, 30).
cost(11, 4, 46).
cost(11, 5, 76).
cost(11, 6, 19).
cost(11, 7, 84).
cost(11, 8, 19).
cost(11, 9, 33).
cost(11, 10, 29).
cost(11, 12, 18).
cost(11, 13, 5).
cost(11, 14, 38).
cost(11, 15, 53).
cost(11, 16, 37).
cost(11, 17, 26).
cost(11, 18, 40).
cost(11, 19, 28).
cost(11, 20, 61).
cost(11, 21, 77).
cost(11, 22, 54).
cost(11, 23, 18).
cost(11, 24, 51).
cost(11, 25, 37).
cost(11, 26, 28).
cost(11, 27, 44).
cost(11, 28, 42).
cost(11, 29, 52).
cost(11, 30, 75).
cost(11, 31, 60).
cost(11, 32, 22).
cost(12, 1, 108).
cost(12, 2, 102).
cost(12, 3, 38).
cost(12, 4, 63).
cost(12, 5, 85).
cost(12, 6, 36).
cost(12, 7, 93).
cost(12, 8, 35).
cost(12, 9, 47).
cost(12, 10, 44).
cost(12, 11, 18).
cost(12, 13, 19).
cost(12, 14, 56).
cost(12, 15, 69).
cost(12, 16, 40).
cost(12, 17, 16).
cost(12, 18, 56).
cost(12, 19, 42).
cost(12, 20, 76).
cost(12, 21, 90).
cost(12, 22, 66).
cost(12, 23, 22).
cost(12, 24, 60).
cost(12, 25, 50).
cost(12, 26, 32).
cost(12, 27, 46).
cost(12, 28, 42).
cost(12, 29, 54).
cost(12, 30, 85).
cost(12, 31, 77).
cost(12, 32, 18).
cost(13, 1, 92).
cost(13, 2, 86).
cost(13, 3, 25).
cost(13, 4, 48).
cost(13, 5, 71).
cost(13, 6, 21).
cost(13, 7, 79).
cost(13, 8, 23).
cost(13, 9, 30).
cost(13, 10, 32).
cost(13, 11, 5).
cost(13, 12, 19).
cost(13, 14, 38).
cost(13, 15, 50).
cost(13, 16, 32).
cost(13, 17, 23).
cost(13, 18, 38).
cost(13, 19, 33).
cost(13, 20, 58).
cost(13, 21, 74).
cost(13, 22, 50).
cost(13, 23, 23).
cost(13, 24, 46).
cost(13, 25, 33).
cost(13, 26, 23).
cost(13, 27, 39).
cost(13, 28, 37).
cost(13, 29, 47).
cost(13, 30, 71).
cost(13, 31, 59).
cost(13, 32, 18).
cost(14, 1, 85).
cost(14, 2, 78).
cost(14, 3, 45).
cost(14, 4, 13).
cost(14, 5, 71).
cost(14, 6, 20).
cost(14, 7, 80).
cost(14, 8, 24).
cost(14, 9, 31).
cost(14, 10, 21).
cost(14, 11, 38).
cost(14, 12, 56).
cost(14, 13, 38).
cost(14, 15, 34).
cost(14, 16, 56).
cost(14, 17, 61).
cost(14, 18, 24).
cost(14, 19, 28).
cost(14, 20, 41).
cost(14, 21, 66).
cost(14, 22, 49).
cost(14, 23, 44).
cost(14, 24, 53).
cost(14, 25, 35).
cost(14, 26, 50).
cost(14, 27, 62).
cost(14, 28, 65).
cost(14, 29, 69).
cost(14, 30, 72).
cost(14, 31, 29).
cost(14, 32, 54).
cost(15, 1, 50).
cost(15, 2, 43).
cost(15, 3, 37).
cost(15, 4, 45).
cost(15, 5, 38).
cost(15, 6, 46).
cost(15, 7, 47).
cost(15, 8, 51).
cost(15, 9, 22).
cost(15, 10, 53).
cost(15, 11, 53).
cost(15, 12, 69).
cost(15, 13, 50).
cost(15, 14, 34).
cost(15, 16, 45).
cost(15, 17, 65).
cost(15, 18, 14).
cost(15, 19, 59).
cost(15, 20, 8).
cost(15, 21, 32).
cost(15, 22, 20).
cost(15, 23, 67).
cost(15, 24, 28).
cost(15, 25, 20).
cost(15, 26, 45).
cost(15, 27, 49).
cost(15, 28, 54).
cost(15, 29, 51).
cost(15, 30, 40).
cost(15, 31, 18).
cost(15, 32, 58).
cost(16, 1, 70).
cost(16, 2, 66).
cost(16, 3, 11).
cost(16, 4, 68).
cost(16, 5, 47).
cost(16, 6, 47).
cost(16, 7, 53).
cost(16, 8, 51).
cost(16, 9, 27).
cost(16, 10, 60).
cost(16, 11, 37).
cost(16, 12, 40).
cost(16, 13, 32).
cost(16, 14, 56).
cost(16, 15, 45).
cost(16, 17, 28).
cost(16, 18, 39).
cost(16, 19, 62).
cost(16, 20, 51).
cost(16, 21, 54).
cost(16, 22, 32).
cost(16, 23, 54).
cost(16, 24, 24).
cost(16, 25, 26).
cost(16, 26, 9).
cost(16, 27, 7).
cost(16, 28, 9).
cost(16, 29, 16).
cost(16, 30, 46).
cost(16, 31, 61).
cost(16, 32, 23).
cost(17, 1, 98).
cost(17, 2, 93).
cost(17, 3, 30).
cost(17, 4, 71).
cost(17, 5, 75).
cost(17, 6, 44).
cost(17, 7, 81).
cost(17, 8, 45).
cost(17, 9, 44).
cost(17, 10, 54).
cost(17, 11, 26).
cost(17, 12, 16).
cost(17, 13, 23).
cost(17, 14, 61).
cost(17, 15, 65).
cost(17, 16, 28).
cost(17, 18, 54).
cost(17, 19, 54).
cost(17, 20, 72).
cost(17, 21, 81).
cost(17, 22, 58).
cost(17, 23, 37).
cost(17, 24, 50).
cost(17, 25, 45).
cost(17, 26, 21).
cost(17, 27, 32).
cost(17, 28, 27).
cost(17, 29, 40).
cost(17, 30, 73).
cost(17, 31, 77).
cost(17, 32, 7).
cost(18, 1, 63).
cost(18, 2, 56).
cost(18, 3, 29).
cost(18, 4, 36).
cost(18, 5, 47).
cost(18, 6, 32).
cost(18, 7, 56).
cost(18, 8, 38).
cost(18, 9, 12).
cost(18, 10, 40).
cost(18, 11, 40).
cost(18, 12, 56).
cost(18, 13, 38).
cost(18, 14, 24).
cost(18, 15, 14).
cost(18, 16, 39).
cost(18, 17, 54).
cost(18, 19, 46).
cost(18, 20, 21).
cost(18, 21, 43).
cost(18, 22, 26).
cost(18, 23, 54).
cost(18, 24, 30).
cost(18, 25, 14).
cost(18, 26, 37).
cost(18, 27, 45).
cost(18, 28, 48).
cost(18, 29, 49).
cost(18, 30, 48).
cost(18, 31, 23).
cost(18, 32, 47).
cost(19, 1, 109).
cost(19, 2, 102).
cost(19, 3, 53).
cost(19, 4, 28).
cost(19, 5, 92).
cost(19, 6, 16).
cost(19, 7, 101).
cost(19, 8, 11).
cost(19, 9, 47).
cost(19, 10, 7).
cost(19, 11, 28).
cost(19, 12, 42).
cost(19, 13, 33).
cost(19, 14, 28).
cost(19, 15, 59).
cost(19, 16, 62).
cost(19, 17, 54).
cost(19, 18, 46).
cost(19, 20, 67).
cost(19, 21, 90).
cost(19, 22, 69).
cost(19, 23, 22).
cost(19, 24, 69).
cost(19, 25, 51).
cost(19, 26, 54).
cost(19, 27, 69).
cost(19, 28, 69).
cost(19, 29, 77).
cost(19, 30, 92).
cost(19, 31, 57).
cost(19, 32, 50).
cost(20, 1, 44).
cost(20, 2, 37).
cost(20, 3, 43).
cost(20, 4, 50).
cost(20, 5, 36).
cost(20, 6, 53).
cost(20, 7, 44).
cost(20, 8, 59).
cost(20, 9, 29).
cost(20, 10, 60).
cost(20, 11, 61).
cost(20, 12, 76).
cost(20, 13, 58).
cost(20, 14, 41).
cost(20, 15, 8).
cost(20, 16, 51).
cost(20, 17, 72).
cost(20, 18, 21).
cost(20, 19, 67).
cost(20, 21, 27).
cost(20, 22, 22).
cost(20, 23, 75).
cost(20, 24, 31).
cost(20, 25, 27).
cost(20, 26, 52).
cost(20, 27, 54).
cost(20, 28, 59).
cost(20, 29, 55).
cost(20, 30, 38).
cost(20, 31, 18).
cost(20, 32, 65).
cost(21, 1, 19).
cost(21, 2, 13).
cost(21, 3, 51).
cost(21, 4, 76).
cost(21, 5, 14).
cost(21, 6, 75).
cost(21, 7, 19).
cost(21, 8, 81).
cost(21, 9, 45).
cost(21, 10, 84).
cost(21, 11, 77).
cost(21, 12, 90).
cost(21, 13, 74).
cost(21, 14, 66).
cost(21, 15, 32).
cost(21, 16, 54).
cost(21, 17, 81).
cost(21, 18, 43).
cost(21, 19, 90).
cost(21, 20, 27).
cost(21, 22, 24).
cost(21, 23, 94).
cost(21, 24, 31).
cost(21, 25, 41).
cost(21, 26, 59).
cost(21, 27, 54).
cost(21, 28, 60).
cost(21, 29, 51).
cost(21, 30, 17).
cost(21, 31, 44).
cost(21, 32, 74).
cost(22, 1, 42).
cost(22, 2, 36).
cost(22, 3, 28).
cost(22, 4, 62).
cost(22, 5, 22).
cost(22, 6, 54).
cost(22, 7, 31).
cost(22, 8, 60).
cost(22, 9, 23).
cost(22, 10, 64).
cost(22, 11, 54).
cost(22, 12, 66).
cost(22, 13, 50).
cost(22, 14, 49).
cost(22, 15, 20).
cost(22, 16, 32).
cost(22, 17, 58).
cost(22, 18, 26).
cost(22, 19, 69).
cost(22, 20, 22).
cost(22, 21, 24).
cost(22, 23, 71).
cost(22, 24, 10).
cost(22, 25, 18).
cost(22, 26, 36).
cost(22, 27, 34).
cost(22, 28, 40).
cost(22, 29, 34).
cost(22, 30, 23).
cost(22, 31, 38).
cost(22, 32, 51).
cost(23, 1, 113).
cost(23, 2, 107).
cost(23, 3, 48).
cost(23, 4, 48).
cost(23, 5, 93).
cost(23, 6, 24).
cost(23, 7, 101).
cost(23, 8, 20).
cost(23, 9, 49).
cost(23, 10, 27).
cost(23, 11, 18).
cost(23, 12, 22).
cost(23, 13, 23).
cost(23, 14, 44).
cost(23, 15, 67).
cost(23, 16, 54).
cost(23, 17, 37).
cost(23, 18, 54).
cost(23, 19, 22).
cost(23, 20, 75).
cost(23, 21, 94).
cost(23, 22, 71).
cost(23, 24, 68).
cost(23, 25, 53).
cost(23, 26, 45).
cost(23, 27, 61).
cost(23, 28, 58).
cost(23, 29, 69).
cost(23, 30, 93).
cost(23, 31, 71).
cost(23, 32, 35).
cost(24, 1, 48).
cost(24, 2, 42).
cost(24, 3, 22).
cost(24, 4, 65).
cost(24, 5, 25).
cost(24, 6, 53).
cost(24, 7, 33).
cost(24, 8, 59).
cost(24, 9, 23).
cost(24, 10, 65).
cost(24, 11, 51).
cost(24, 12, 60).
cost(24, 13, 46).
cost(24, 14, 53).
cost(24, 15, 28).
cost(24, 16, 24).
cost(24, 17, 50).
cost(24, 18, 30).
cost(24, 19, 69).
cost(24, 20, 31).
cost(24, 21, 31).
cost(24, 22, 10).
cost(24, 23, 68).
cost(24, 25, 18).
cost(24, 26, 29).
cost(24, 27, 24).
cost(24, 28, 30).
cost(24, 29, 24).
cost(24, 30, 25).
cost(24, 31, 46).
cost(24, 32, 44).
cost(25, 1, 60).
cost(25, 2, 54).
cost(25, 3, 17).
cost(25, 4, 47).
cost(25, 5, 41).
cost(25, 6, 36).
cost(25, 7, 49).
cost(25, 8, 41).
cost(25, 9, 5).
cost(25, 10, 47).
cost(25, 11, 37).
cost(25, 12, 50).
cost(25, 13, 33).
cost(25, 14, 35).
cost(25, 15, 20).
cost(25, 16, 26).
cost(25, 17, 45).
cost(25, 18, 14).
cost(25, 19, 51).
cost(25, 20, 27).
cost(25, 21, 41).
cost(25, 22, 18).
cost(25, 23, 53).
cost(25, 24, 18).
cost(25, 26, 25).
cost(25, 27, 31).
cost(25, 28, 35).
cost(25, 29, 36).
cost(25, 30, 41).
cost(25, 31, 35).
cost(25, 32, 38).
cost(26, 1, 77).
cost(26, 2, 72).
cost(26, 3, 9).
cost(26, 4, 62).
cost(26, 5, 54).
cost(26, 6, 40).
cost(26, 7, 61).
cost(26, 8, 43).
cost(26, 9, 25).
cost(26, 10, 52).
cost(26, 11, 28).
cost(26, 12, 32).
cost(26, 13, 23).
cost(26, 14, 50).
cost(26, 15, 45).
cost(26, 16, 9).
cost(26, 17, 21).
cost(26, 18, 37).
cost(26, 19, 54).
cost(26, 20, 52).
cost(26, 21, 59).
cost(26, 22, 36).
cost(26, 23, 45).
cost(26, 24, 29).
cost(26, 25, 25).
cost(26, 27, 16).
cost(26, 28, 15).
cost(26, 29, 24).
cost(26, 30, 53).
cost(26, 31, 60).
cost(26, 32, 15).
cost(27, 1, 68).
cost(27, 2, 64).
cost(27, 3, 18).
cost(27, 4, 75).
cost(27, 5, 45).
cost(27, 6, 55).
cost(27, 7, 50).
cost(27, 8, 59).
cost(27, 9, 33).
cost(27, 10, 67).
cost(27, 11, 44).
cost(27, 12, 46).
cost(27, 13, 39).
cost(27, 14, 62).
cost(27, 15, 49).
cost(27, 16, 7).
cost(27, 17, 32).
cost(27, 18, 45).
cost(27, 19, 69).
cost(27, 20, 54).
cost(27, 21, 54).
cost(27, 22, 34).
cost(27, 23, 61).
cost(27, 24, 24).
cost(27, 25, 31).
cost(27, 26, 16).
cost(27, 28, 6).
cost(27, 29, 8).
cost(27, 30, 43).
cost(27, 31, 66).
cost(27, 32, 28).
cost(28, 1, 75).
cost(28, 2, 71).
cost(28, 3, 20).
cost(28, 4, 77).
cost(28, 5, 51).
cost(28, 6, 55).
cost(28, 7, 56).
cost(28, 8, 58).
cost(28, 9, 37).
cost(28, 10, 67).
cost(28, 11, 42).
cost(28, 12, 42).
cost(28, 13, 37).
cost(28, 14, 65).
cost(28, 15, 54).
cost(28, 16, 9).
cost(28, 17, 27).
cost(28, 18, 48).
cost(28, 19, 69).
cost(28, 20, 59).
cost(28, 21, 60).
cost(28, 22, 40).
cost(28, 23, 58).
cost(28, 24, 30).
cost(28, 25, 35).
cost(28, 26, 15).
cost(28, 27, 6).
cost(28, 29, 13).
cost(28, 30, 49).
cost(28, 31, 70).
cost(28, 32, 24).
cost(29, 1, 64).
cost(29, 2, 61).
cost(29, 3, 25).
cost(29, 4, 81).
cost(29, 5, 40).
cost(29, 6, 62).
cost(29, 7, 45).
cost(29, 8, 67).
cost(29, 9, 39).
cost(29, 10, 75).
cost(29, 11, 52).
cost(29, 12, 54).
cost(29, 13, 47).
cost(29, 14, 69).
cost(29, 15, 51).
cost(29, 16, 16).
cost(29, 17, 40).
cost(29, 18, 49).
cost(29, 19, 77).
cost(29, 20, 55).
cost(29, 21, 51).
cost(29, 22, 34).
cost(29, 23, 69).
cost(29, 24, 24).
cost(29, 25, 36).
cost(29, 26, 24).
cost(29, 27, 8).
cost(29, 28, 13).
cost(29, 30, 38).
cost(29, 31, 69).
cost(29, 32, 36).
cost(30, 1, 25).
cost(30, 2, 23).
cost(30, 3, 46).
cost(30, 4, 84).
cost(30, 5, 3).
cost(30, 6, 77).
cost(30, 7, 8).
cost(30, 8, 82).
cost(30, 9, 46).
cost(30, 10, 87).
cost(30, 11, 75).
cost(30, 12, 85).
cost(30, 13, 71).
cost(30, 14, 72).
cost(30, 15, 40).
cost(30, 16, 46).
cost(30, 17, 73).
cost(30, 18, 48).
cost(30, 19, 92).
cost(30, 20, 38).
cost(30, 21, 17).
cost(30, 22, 23).
cost(30, 23, 93).
cost(30, 24, 25).
cost(30, 25, 41).
cost(30, 26, 53).
cost(30, 27, 43).
cost(30, 28, 49).
cost(30, 29, 38).
cost(30, 31, 56).
cost(30, 32, 68).
cost(31, 1, 61).
cost(31, 2, 54).
cost(31, 3, 51).
cost(31, 4, 36).
cost(31, 5, 54).
cost(31, 6, 47).
cost(31, 7, 62).
cost(31, 8, 52).
cost(31, 9, 34).
cost(31, 10, 50).
cost(31, 11, 60).
cost(31, 12, 77).
cost(31, 13, 59).
cost(31, 14, 29).
cost(31, 15, 18).
cost(31, 16, 61).
cost(31, 17, 77).
cost(31, 18, 23).
cost(31, 19, 57).
cost(31, 20, 18).
cost(31, 21, 44).
cost(31, 22, 38).
cost(31, 23, 71).
cost(31, 24, 46).
cost(31, 25, 35).
cost(31, 26, 60).
cost(31, 27, 66).
cost(31, 28, 70).
cost(31, 29, 69).
cost(31, 30, 56).
cost(31, 32, 70).
cost(32, 1, 92).
cost(32, 2, 87).
cost(32, 3, 23).
cost(32, 4, 65).
cost(32, 5, 69).
cost(32, 6, 39).
cost(32, 7, 76).
cost(32, 8, 40).
cost(32, 9, 36).
cost(32, 10, 50).
cost(32, 11, 22).
cost(32, 12, 18).
cost(32, 13, 18).
cost(32, 14, 54).
cost(32, 15, 58).
cost(32, 16, 23).
cost(32, 17, 7).
cost(32, 18, 47).
cost(32, 19, 50).
cost(32, 20, 65).
cost(32, 21, 74).
cost(32, 22, 51).
cost(32, 23, 35).
cost(32, 24, 44).
cost(32, 25, 38).
cost(32, 26, 15).
cost(32, 27, 28).
cost(32, 28, 24).
cost(32, 29, 36).
cost(32, 30, 68).
cost(32, 31, 70).
