dimension(32).
point(1, 75.1868905499, 76.6211823765).
point(2, 82.1003616787, 23.9576889146).
point(3, 30.0754151226, 52.1055758521).
point(4, 55.8356233226, 57.3337645721).
point(5, 96.4367262833, 44.6196374601).
point(6, 79.453578043, 89.391646154).
point(7, 6.6133796357, 74.5213572347).
point(8, 15.9573968223, 42.6147647334).
point(9, 32.4990623355, 60.347627914).
point(10, 55.9261999721, 10.3145443018).
point(11, 74.3393375421, 40.4696767115).
point(12, 83.5440846627, 43.1940715446).
point(13, 2.0502819727, 80.4888416825).
point(14, 84.3159465067, 38.2873004187).
point(15, 17.5984980992, 78.5707484114).
point(16, 50.5827477898, 75.2911380569).
point(17, 37.4373107234, 52.3534189093).
point(18, 9.7598683574, 78.2645610182).
point(19, 49.9682389629, 11.5055426854).
point(20, 90.7406207623, 42.4883007925).
point(21, 51.8369315119, 49.403502353).
point(22, 3.2542892089, 96.978423626).
point(23, 56.1779419646, 14.7873260209).
point(24, 6.2968284984, 65.1003791082).
point(25, 56.6090022238, 2.2799713024).
point(26, 14.5011155613, 52.3584213737).
point(27, 94.5919627291, 28.6205320918).
point(28, 96.8552793353, 11.2256129667).
point(29, 12.1714563752, 47.7408924478).
point(30, 71.3299341251, 10.4171798464).
point(31, 42.5140899544, 93.0948127037).
point(32, 63.266185988, 5.3508276555).
cost(1, 2, 53).
cost(1, 3, 51).
cost(1, 4, 27).
cost(1, 5, 38).
cost(1, 6, 13).
cost(1, 7, 69).
cost(1, 8, 68).
cost(1, 9, 46).
cost(1, 10, 69).
cost(1, 11, 36).
cost(1, 12, 34).
cost(1, 13, 73).
cost(1, 14, 39).
cost(1, 15, 58).
cost(1, 16, 25).
cost(1, 17, 45).
cost(1, 18, 65).
cost(1, 19, 70).
cost(1, 20, 38).
cost(1, 21, 36).
cost(1, 22, 75).
cost(1, 23, 65).
cost(1, 24, 70).
cost(1, 25, 77).
cost(1, 26, 65).
cost(1, 27, 52).
cost(1, 28, 69).
cost(1, 29, 69).
cost(1, 30, 66).
cost(1, 31, 37).
cost(1, 32, 72).
cost(2, 1, 53).
cost(2, 3, 59).
cost(2, 4, 42).
cost(2, 5, 25).
cost(2, 6, 65).
cost(2, 7, 91).
cost(2, 8, 69).
cost(2, 9, 62).
cost(2, 10, 30).
cost(2, 11, 18).
cost(2, 12, 19).
cost(2, 13, 98).
cost(2, 14, 14).
cost(2, 15, 85).
cost(2, 16, 60).
cost(2, 17, 53).
cost(2, 18, 90).
cost(2, 19, 34).
cost(2, 20, 20).
cost(2, 21, 40).
cost(2, 22, 107).
cost(2, 23, 27).
cost(2, 24, 86).
cost(2, 25, 33).
cost(2, 26, 73).
cost(2, 27, 13).
cost(2, 28, 19).
cost(2, 29, 74).
cost(2, 30, 17).
cost(2, 31, 80).
cost(2, 32, 26).
cost(3, 1, 51).
cost(3, 2, 59).
cost(3, 4, 26).
cost(3, 5, 67).
cost(3, 6, 62).
cost(3, 7, 32).
cost(3, 8, 17).
cost(3, 9, 9).
cost(3, 10, 49).
cost(3, 11, 46).
cost(3, 12, 54).
cost(3, 13, 40).
cost(3, 14, 56).
cost(3, 15, 29).
cost(3, 16, 31).
cost(3, 17, 7).
cost(3, 18, 33).
cost(3, 19, 45).
cost(3, 20, 61).
cost(3, 21, 22).
cost(3, 22, 52).
cost(3, 23, 46).
cost(3, 24, 27).
cost(3, 25, 56).
cost(3, 26, 16).
cost(3, 27, 69).
cost(3, 28, 78).
cost(3, 29, 18).
cost(3, 30, 59).
cost(3, 31, 43).
cost(3, 32, 57).
cost(4, 1, 27).
cost(4, 2, 42).
cost(4, 3, 26).
cost(4, 5, 43).
cost(4, 6, 40).
cost(4, 7, 52).
cost(4, 8, 43).
cost(4, 9, 24).
cost(4, 10, 47).
cost(4, 11, 25).
cost(4, 12, 31).
cost(4, 13, 59).
cost(4, 14, 34).
cost(4, 15, 44).
cost(4, 16, 19).
cost(4, 17, 19).
cost(4, 18, 51).
cost(4, 19, 46).
cost(4, 20, 38).
cost(4, 21, 9).
cost(4, 22, 66).
cost(4, 23, 43).
cost(4, 24, 50).
cost(4, 25, 55).
cost(4, 26, 42).
cost(4, 27, 48).
cost(4, 28, 62).
cost(4, 29, 45).
cost(4, 30, 49).
cost(4, 31, 38).
cost(4, 32, 53).
cost(5, 1, 38).
cost(5, 2, 25).
cost(5, 3, 67).
cost(5, 4, 43).
cost(5, 6, 48).
cost(5, 7, 95).
cost(5, 8, 81).
cost(5, 9, 66).
cost(5, 10, 53).
cost(5, 11, 22).
cost(5, 12, 13).
cost(5, 13, 101).
cost(5, 14, 14).
cost(5, 15, 86).
cost(5, 16, 55).
cost(5, 17, 60).
cost(5, 18, 93).
cost(5, 19, 57).
cost(5, 20, 6).
cost(5, 21, 45).
cost(5, 22, 107).
cost(5, 23, 50).
cost(5, 24, 92).
cost(5, 25, 58).
cost(5, 26, 82).
cost(5, 27, 16).
cost(5, 28, 33).
cost(5, 29, 84).
cost(5, 30, 42).
cost(5, 31, 73).
cost(5, 32, 51).
cost(6, 1, 13).
cost(6, 2, 65).
cost(6, 3, 62).
cost(6, 4, 40).
cost(6, 5, 48).
cost(6, 7, 74).
cost(6, 8, 79).
cost(6, 9, 55).
cost(6, 10, 83).
cost(6, 11, 49).
cost(6, 12, 46).
cost(6, 13, 78).
cost(6, 14, 51).
cost(6, 15, 63).
cost(6, 16, 32).
cost(6, 17, 56).
cost(6, 18, 71).
cost(6, 19, 83).
cost(6, 20, 48).
cost(6, 21, 49).
cost(6, 22, 77).
cost(6, 23, 78).
cost(6, 24, 77).
cost(6, 25, 90).
cost(6, 26, 75).
cost(6, 27, 63).
cost(6, 28, 80).
cost(6, 29, 79).
cost(6, 30, 79).
cost(6, 31, 37).
cost(6, 32, 86).
cost(7, 1, 69).
cost(7, 2, 91).
cost(7, 3, 32).
cost(7, 4, 52).
cost(7, 5, 95).
cost(7, 6, 74).
cost(7, 8, 33).
cost(7, 9, 30).
cost(7, 10, 81).
cost(7, 11, 76).
cost(7, 12, 83).
cost(7, 13, 8).
cost(7, 14, 86).
cost(7, 15, 12).
cost(7, 16, 44).
cost(7, 17, 38).
cost(7, 18, 5).
cost(7, 19, 76).
cost(7, 20, 90).
cost(7, 21, 52).
cost(7, 22, 23).
cost(7, 23, 78).
cost(7, 24, 9).
cost(7, 25, 88).
cost(7, 26, 24).
cost(7, 27, 99).
cost(7, 28, 110).
cost(7, 29, 27).
cost(7, 30, 91).
cost(7, 31, 40).
cost(7, 32, 89).
cost(8, 1, 68).
cost(8, 2, 69).
cost(8, 3, 17).
cost(8, 4, 43).
cost(8, 5, 81).
cost(8, 6, 79).
cost(8, 7, 33).
cost(8, 9, 24).
cost(8, 10, 51).
cost(8, 11, 58).
cost(8, 12, 68).
cost(8, 13, 40).
cost(8, 14, 68).
cost(8, 15, 36).
cost(8, 16, 48).
cost(8, 17, 24).
cost(8, 18, 36).
cost(8, 19, 46).
cost(8, 20, 75).
cost(8, 21, 37).
cost(8, 22, 56).
cost(8, 23, 49).
cost(8, 24, 24).
cost(8, 25, 57).
cost(8, 26, 10).
cost(8, 27, 80).
cost(8, 28, 87).
cost(8, 29, 6).
cost(8, 30, 64).
cost(8, 31, 57).
cost(8, 32, 60).
cost(9, 1, 46).
cost(9, 2, 62).
cost(9, 3, 9).
cost(9, 4, 24).
cost(9, 5, 66).
cost(9, 6, 55).
cost(9, 7, 30).
cost(9, 8, 24).
cost(9, 10, 55).
cost(9, 11, 46).
cost(9, 12, 54).
cost(9, 13, 37).
cost(9, 14, 56).
cost(9, 15, 24).
cost(9, 16, 23).
cost(9, 17, 9).
cost(9, 18, 29).
cost(9, 19, 52).
cost(9, 20, 61).
cost(9, 21, 22).
cost(9, 22, 47).
cost(9, 23, 51).
cost(9, 24, 27).
cost(9, 25, 63).
cost(9, 26, 20).
cost(9, 27, 70).
cost(9, 28, 81).
cost(9, 29, 24).
cost(9, 30, 63).
cost(9, 31, 34).
cost(9, 32, 63).
cost(10, 1, 69).
cost(10, 2, 30).
cost(10, 3, 49).
cost(10, 4, 47).
cost(10, 5, 53).
cost(10, 6, 83).
cost(10, 7, 81).
cost(10, 8, 51).
cost(10, 9, 55).
cost(10, 11, 35).
cost(10, 12, 43).
cost(10, 13, 88).
cost(10, 14, 40).
cost(10, 15, 78).
cost(10, 16, 65).
cost(10, 17, 46).
cost(10, 18, 82).
cost(10, 19, 6).
cost(10, 20, 47).
cost(10, 21, 39).
cost(10, 22, 101).
cost(10, 23, 4).
cost(10, 24, 74).
cost(10, 25, 8).
cost(10, 26, 59).
cost(10, 27, 43).
cost(10, 28, 41).
cost(10, 29, 58).
cost(10, 30, 15).
cost(10, 31, 84).
cost(10, 32, 9).
cost(11, 1, 36).
cost(11, 2, 18).
cost(11, 3, 46).
cost(11, 4, 25).
cost(11, 5, 22).
cost(11, 6, 49).
cost(11, 7, 76).
cost(11, 8, 58).
cost(11, 9, 46).
cost(11, 10, 35).
cost(11, 12, 10).
cost(11, 13, 83).
cost(11, 14, 10).
cost(11, 15, 68).
cost(11, 16, 42).
cost(11, 17, 39).
cost(11, 18, 75).
cost(11, 19, 38).
cost(11, 20, 17).
cost(11, 21, 24).
cost(11, 22, 91).
cost(11, 23, 31).
cost(11, 24, 72).
cost(11, 25, 42).
cost(11, 26, 61).
cost(11, 27, 23).
cost(11, 28, 37).
cost(11, 29, 63).
cost(11, 30, 30).
cost(11, 31, 62).
cost(11, 32, 37).
cost(12, 1, 34).
cost(12, 2, 19).
cost(12, 3, 54).
cost(12, 4, 31).
cost(12, 5, 13).
cost(12, 6, 46).
cost(12, 7, 83).
cost(12, 8, 68).
cost(12, 9, 54).
cost(12, 10, 43).
cost(12, 11, 10).
cost(12, 13, 90).
cost(12, 14, 5).
cost(12, 15, 75).
cost(12, 16, 46).
cost(12, 17, 47).
cost(12, 18, 82).
cost(12, 19, 46).
cost(12, 20, 7).
cost(12, 21, 32).
cost(12, 22, 97).
cost(12, 23, 39).
cost(12, 24, 80).
cost(12, 25, 49).
cost(12, 26, 70).
cost(12, 27, 18).
cost(12, 28, 35).
cost(12, 29, 72).
cost(12, 30, 35).
cost(12, 31, 65).
cost(12, 32, 43).
cost(13, 1, 73).
cost(13, 2, 98).
cost(13, 3, 40).
cost(13, 4, 59).
cost(13, 5, 101).
cost(13, 6, 78).
cost(13, 7, 8).
cost(13, 8, 40).
cost(13, 9, 37).
cost(13, 10, 88).
cost(13, 11, 83).
cost(13, 12, 90).
cost(13, 14, 92).
cost(13, 15, 16).
cost(13, 16, 49).
cost(13, 17, 45).
cost(13, 18, 8).
cost(13, 19, 84).
cost(13, 20, 96).
cost(13, 21, 59).
cost(13, 22, 17).
cost(13, 23, 85).
cost(13, 24, 16).
cost(13, 25, 95).
cost(13, 26, 31).
cost(13, 27, 106).
cost(13, 28, 117).
cost(13, 29, 34).
cost(13, 30, 99).
cost(13, 31, 42).
cost(13, 32, 97).
cost(14, 1, 39).
cost(14, 2, 14).
cost(14, 3, 56).
cost(14, 4, 34).
cost(14, 5, 14).
cost(14, 6, 51).
cost(14, 7, 86).
cost(14, 8, 68).
cost(14, 9, 56).
cost(14, 10, 40).
cost(14, 11, 10).
cost(14, 12, 5).
cost(14, 13, 92).
cost(14, 15, 78).
cost(14, 16, 50).
cost(14, 17, 49).
cost(14, 18, 85).
cost(14, 19, 44).
cost(14, 20, 8).
cost(14, 21, 34).
cost(14, 22, 100).
cost(14, 23, 37).
cost(14, 24, 82).
cost(14, 25, 45).
cost(14, 26, 71).
cost(14, 27, 14).
cost(14, 28, 30).
cost(14, 29, 73).
cost(14, 30, 31).
cost(14, 31, 69).
cost(14, 32, 39).
cost(15, 1, 58).
cost(15, 2, 85).
cost(15, 3, 29).
cost(15, 4, 44).
cost(15, 5, 86).
cost(15, 6, 63).
cost(15, 7, 12).
cost(15, 8, 36).
cost(15, 9, 24).
cost(15, 10, 78).
cost(15, 11, 68).
cost(15, 12, 75).
cost(15, 13, 16).
cost(15, 14, 78).
cost(15, 16, 33).
cost(15, 17, 33).
cost(15, 18, 8).
cost(15, 19, 74).
cost(15, 20, 82).
cost(15, 21, 45).
cost(15, 22, 23).
cost(15, 23, 75).
cost(15, 24, 18).
cost(15, 25, 86).
cost(15, 26, 26).
cost(15, 27, 92).
cost(15, 28, 104).
cost(15, 29, 31).
cost(15, 30, 87).
cost(15, 31, 29).
cost(15, 32, 86).
cost(16, 1, 25).
cost(16, 2, 60).
cost(16, 3, 31).
cost(16, 4, 19).
cost(16, 5, 55).
cost(16, 6, 32).
cost(16, 7, 44).
cost(16, 8, 48).
cost(16, 9, 23).
cost(16, 10, 65).
cost(16, 11, 42).
cost(16, 12, 46).
cost(16, 13, 49).
cost(16, 14, 50).
cost(16, 15, 33).
cost(16, 17, 26).
cost(16, 18, 41).
cost(16, 19, 64).
cost(16, 20, 52).
cost(16, 21, 26).
cost(16, 22, 52).
cost(16, 23, 61).
cost(16, 24, 45).
cost(16, 25, 73).
cost(16, 26, 43).
cost(16, 27, 64).
cost(16, 28, 79).
cost(16, 29, 47).
cost(16, 30, 68).
cost(16, 31, 20).
cost(16, 32, 71).
cost(17, 1, 45).
cost(17, 2, 53).
cost(17, 3, 7).
cost(17, 4, 19).
cost(17, 5, 60).
cost(17, 6, 56).
cost(17, 7, 38).
cost(17, 8, 24).
cost(17, 9, 9).
cost(17, 10, 46).
cost(17, 11, 39).
cost(17, 12, 47).
cost(17, 13, 45).
cost(17, 14, 49).
cost(17, 15, 33).
cost(17, 16, 26).
cost(17, 18, 38).
cost(17, 19, 43).
cost(17, 20, 54).
cost(17, 21, 15).
cost(17, 22, 56).
cost(17, 23, 42).
cost(17, 24, 34).
cost(17, 25, 54).
cost(17, 26, 23).
cost(17, 27, 62).
cost(17, 28, 72).
cost(17, 29, 26).
cost(17, 30, 54).
cost(17, 31, 41).
cost(17, 32, 54).
cost(18, 1, 65).
cost(18, 2, 90).
cost(18, 3, 33).
cost(18, 4, 51).
cost(18, 5, 93).
cost(18, 6, 71).
cost(18, 7, 5).
cost(18, 8, 36).
cost(18, 9, 29).
cost(18, 10, 82).
cost(18, 11, 75).
cost(18, 12, 82).
cost(18, 13, 8).
cost(18, 14, 85).
cost(18, 15, 8).
cost(18, 16, 41).
cost(18, 17, 38).
cost(18, 19, 78).
cost(18, 20, 89).
cost(18, 21, 51).
cost(18, 22, 20).
cost(18, 23, 79).
cost(18, 24, 14).
cost(18, 25, 89).
cost(18, 26, 26).
cost(18, 27, 98).
cost(18, 28, 110).
cost(18, 29, 31).
cost(18, 30, 92).
cost(18, 31, 36).
cost(18, 32, 90).
cost(19, 1, 70).
cost(19, 2, 34).
cost(19, 3, 45).
cost(19, 4, 46).
cost(19, 5, 57).
cost(19, 6, 83).
cost(19, 7, 76).
cost(19, 8, 46).
cost(19, 9, 52).
cost(19, 10, 6).
cost(19, 11, 38).
cost(19, 12, 46).
cost(19, 13, 84).
cost(19, 14, 44).
cost(19, 15, 74).
cost(19, 16, 64).
cost(19, 17, 43).
cost(19, 18, 78).
cost(19, 20, 51).
cost(19, 21, 38).
cost(19, 22, 97).
cost(19, 23, 7).
cost(19, 24, 69).
cost(19, 25, 11).
cost(19, 26, 54).
cost(19, 27, 48).
cost(19, 28, 47).
cost(19, 29, 52).
cost(19, 30, 21).
cost(19, 31, 82).
cost(19, 32, 15).
cost(20, 1, 38).
cost(20, 2, 20).
cost(20, 3, 61).
cost(20, 4, 38).
cost(20, 5, 6).
cost(20, 6, 48).
cost(20, 7, 90).
cost(20, 8, 75).
cost(20, 9, 61).
cost(20, 10, 47).
cost(20, 11, 17).
cost(20, 12, 7).
cost(20, 13, 96).
cost(20, 14, 8).
cost(20, 15, 82).
cost(20, 16, 52).
cost(20, 17, 54).
cost(20, 18, 89).
cost(20, 19, 51).
cost(20, 21, 40).
cost(20, 22, 103).
cost(20, 23, 44).
cost(20, 24, 87).
cost(20, 25, 53).
cost(20, 26, 77).
cost(20, 27, 14).
cost(20, 28, 32).
cost(20, 29, 79).
cost(20, 30, 37).
cost(20, 31, 70).
cost(20, 32, 46).
cost(21, 1, 36).
cost(21, 2, 40).
cost(21, 3, 22).
cost(21, 4, 9).
cost(21, 5, 45).
cost(21, 6, 49).
cost(21, 7, 52).
cost(21, 8, 37).
cost(21, 9, 22).
cost(21, 10, 39).
cost(21, 11, 24).
cost(21, 12, 32).
cost(21, 13, 59).
cost(21, 14, 34).
cost(21, 15, 45).
cost(21, 16, 26).
cost(21, 17, 15).
cost(21, 18, 51).
cost(21, 19, 38).
cost(21, 20, 40).
cost(21, 22, 68).
cost(21, 23, 35).
cost(21, 24, 48).
cost(21, 25, 47).
cost(21, 26, 37).
cost(21, 27, 48).
cost(21, 28, 59).
cost(21, 29, 40).
cost(21, 30, 44).
cost(21, 31, 45).
cost(21, 32, 46).
cost(22, 1, 75).
cost(22, 2, 107).
cost(22, 3, 52).
cost(22, 4, 66).
cost(22, 5, 107).
cost(22, 6, 77).
cost(22, 7, 23).
cost(22, 8, 56).
cost(22, 9, 47).
cost(22, 10, 101).
cost(22, 11, 91).
cost(22, 12, 97).
cost(22, 13, 17).
cost(22, 14, 100).
cost(22, 15, 23).
cost(22, 16, 52).
cost(22, 17, 56).
cost(22, 18, 20).
cost(22, 19, 97).
cost(22, 20, 103).
cost(22, 21, 68).
cost(22, 23, 98).
cost(22, 24, 32).
cost(22, 25, 109).
cost(22, 26, 46).
cost(22, 27, 114).
cost(22, 28, 127).
cost(22, 29, 50).
cost(22, 30, 110).
cost(22, 31, 39).
cost(22, 32, 110).
cost(23, 1, 65).
cost(23, 2, 27).
cost(23, 3, 46).
cost(23, 4, 43).
cost(23, 5, 50).
cost(23, 6, 78).
cost(23, 7, 78).
cost(23, 8, 49).
cost(23, 9, 51).
cost(23, 10, 4).
cost(23, 11, 31).
cost(23, 12, 39).
cost(23, 13, 85).
cost(23, 14, 37).
cost(23, 15, 75).
cost(23, 16, 61).
cost(23, 17, 42).
cost(23, 18, 79).
cost(23, 19, 7).
cost(23, 20, 44).
cost(23, 21, 35).
cost(23, 22, 98).
cost(23, 24, 71).
cost(23, 25, 13).
cost(23, 26, 56).
cost(23, 27, 41).
cost(23, 28, 41).
cost(23, 29, 55).
cost(23, 30, 16).
cost(23, 31, 79).
cost(23, 32, 12).
cost(24, 1, 70).
cost(24, 2, 86).
cost(24, 3, 27).
cost(24, 4, 50).
cost(24, 5, 92).
cost(24, 6, 77).
cost(24, 7, 9).
cost(24, 8, 24).
cost(24, 9, 27).
cost(24, 10, 74).
cost(24, 11, 72).
cost(24, 12, 80).
cost(24, 13, 16).
cost(24, 14, 82).
cost(24, 15, 18).
cost(24, 16, 45).
cost(24, 17, 34).
cost(24, 18, 14).
cost(24, 19, 69).
cost(24, 20, 87).
cost(24, 21, 48).
cost(24, 22, 32).
cost(24, 23, 71).
cost(24, 25, 80).
cost(24, 26, 15).
cost(24, 27, 96).
cost(24, 28, 105).
cost(24, 29, 18).
cost(24, 30, 85).
cost(24, 31, 46).
cost(24, 32, 83).
cost(25, 1, 77).
cost(25, 2, 33).
cost(25, 3, 56).
cost(25, 4, 55).
cost(25, 5, 58).
cost(25, 6, 90).
cost(25, 7, 88).
cost(25, 8, 57).
cost(25, 9, 63).
cost(25, 10, 8).
cost(25, 11, 42).
cost(25, 12, 49).
cost(25, 13, 95).
cost(25, 14, 45).
cost(25, 15, 86).
cost(25, 16, 73).
cost(25, 17, 54).
cost(25, 18, 89).
cost(25, 19, 11).
cost(25, 20, 53).
cost(25, 21, 47).
cost(25, 22, 109).
cost(25, 23, 13).
cost(25, 24, 80).
cost(25, 26, 65).
cost(25, 27, 46).
cost(25, 28, 41).
cost(25, 29, 64).
cost(25, 30, 17).
cost(25, 31, 92).
cost(25, 32, 7).
cost(26, 1, 65).
cost(26, 2, 73).
cost(26, 3, 16).
cost(26, 4, 42).
cost(26, 5, 82).
cost(26, 6, 75).
cost(26, 7, 24).
cost(26, 8, 10).
cost(26, 9, 20).
cost(26, 10, 59).
cost(26, 11, 61).
cost(26, 12, 70).
cost(26, 13, 31).
cost(26, 14, 71).
cost(26, 15, 26).
cost(26, 16, 43).
cost(26, 17, 23).
cost(26, 18, 26).
cost(26, 19, 54).
cost(26, 20, 77).
cost(26, 21, 37).
cost(26, 22, 46).
cost(26, 23, 56).
cost(26, 24, 15).
cost(26, 25, 65).
cost(26, 27, 84).
cost(26, 28, 92).
cost(26, 29, 5).
cost(26, 30, 71).
cost(26, 31, 49).
cost(26, 32, 68).
cost(27, 1, 52).
cost(27, 2, 13).
cost(27, 3, 69).
cost(27, 4, 48).
cost(27, 5, 16).
cost(27, 6, 63).
cost(27, 7, 99).
cost(27, 8, 80).
cost(27, 9, 70).
cost(27, 10, 43).
cost(27, 11, 23).
cost(27, 12, 18).
cost(27, 13, 106).
cost(27, 14, 14).
cost(27, 15, 92).
cost(27, 16, 64).
cost(27, 17, 62).
cost(27, 18, 98).
cost(27, 19, 48).
cost(27, 20, 14).
cost(27, 21, 48).
cost(27, 22, 114).
cost(27, 23, 41).
cost(27, 24, 96).
cost(27, 25, 46).
cost(27, 26, 84).
cost(27, 28, 18).
cost(27, 29, 85).
cost(27, 30, 30).
cost(27, 31, 83).
cost(27, 32, 39).
cost(28, 1, 69).
cost(28, 2, 19).
cost(28, 3, 78).
cost(28, 4, 62).
cost(28, 5, 33).
cost(28, 6, 80).
cost(28, 7, 110).
cost(28, 8, 87).
cost(28, 9, 81).
cost(28, 10, 41).
cost(28, 11, 37).
cost(28, 12, 35).
cost(28, 13, 117).
cost(28, 14, 30).
cost(28, 15, 104).
cost(28, 16, 79).
cost(28, 17, 72).
cost(28, 18, 110).
cost(28, 19, 47).
cost(28, 20, 32).
cost(28, 21, 59).
cost(28, 22, 127).
cost(28, 23, 41).
cost(28, 24, 105).
cost(28, 25, 41).
cost(28, 26, 92).
cost(28, 27, 18).
cost(28, 29, 92).
cost(28, 30, 26).
cost(28, 31, 98).
cost(28, 32, 34).
cost(29, 1, 69).
cost(29, 2, 74).
cost(29, 3, 18).
cost(29, 4, 45).
cost(29, 5, 84).
cost(29, 6, 79).
cost(29, 7, 27).
cost(29, 8, 6).
cost(29, 9, 24).
cost(29, 10, 58).
cost(29, 11, 63).
cost(29, 12, 72).
cost(29, 13, 34).
cost(29, 14, 73).
cost(29, 15, 31).
cost(29, 16, 47).
cost(29, 17, 26).
cost(29, 18, 31).
cost(29, 19, 52).
cost(29, 20, 79).
cost(29, 21, 40).
cost(29, 22, 50).
cost(29, 23, 55).
cost(29, 24, 18).
cost(29, 25, 64).
cost(29, 26, 5).
cost(29, 27, 85).
cost(29, 28, 92).
cost(29, 30, 70).
cost(29, 31, 55).
cost(29, 32, 66).
cost(30, 1, 66).
cost(30, 2, 17).
cost(30, 3, 59).
cost(30, 4, 49).
cost(30, 5, 42).
cost(30, 6, 79).
cost(30, 7, 91).
cost(30, 8, 64).
cost(30, 9, 63).
cost(30, 10, 15).
cost(30, 11, 30).
cost(30, 12, 35).
cost(30, 13, 99).
cost(30, 14, 31).
cost(30, 15, 87).
cost(30, 16, 68).
cost(30, 17, 54).
cost(30, 18, 92).
cost(30, 19, 21).
cost(30, 20, 37).
cost(30, 21, 44).
cost(30, 22, 110).
cost(30, 23, 16).
cost(30, 24, 85).
cost(30, 25, 17).
cost(30, 26, 71).
cost(30, 27, 30).
cost(30, 28, 26).
cost(30, 29, 70).
cost(30, 31, 88).
cost(30, 32, 10).
cost(31, 1, 37).
cost(31, 2, 80).
cost(31, 3, 43).
cost(31, 4, 38).
cost(31, 5, 73).
cost(31, 6, 37).
cost(31, 7, 40).
cost(31, 8, 57).
cost(31, 9, 34).
cost(31, 10, 84).
cost(31, 11, 62).
cost(31, 12, 65).
cost(31, 13, 42).
cost(31, 14, 69).
cost(31, 15, 29).
cost(31, 16, 20).
cost(31, 17, 41).
cost(31, 18, 36).
cost(31, 19, 82).
cost(31, 20, 70).
cost(31, 21, 45).
cost(31, 22, 39).
cost(31, 23, 79).
cost(31, 24, 46).
cost(31, 25, 92).
cost(31, 26, 49).
cost(31, 27, 83).
cost(31, 28, 98).
cost(31, 29, 55).
cost(31, 30, 88).
cost(31, 32, 90).
cost(32, 1, 72).
cost(32, 2, 26).
cost(32, 3, 57).
cost(32, 4, 53).
cost(32, 5, 51).
cost(32, 6, 86).
cost(32, 7, 89).
cost(32, 8, 60).
cost(32, 9, 63).
cost(32, 10, 9).
cost(32, 11, 37).
cost(32, 12, 43).
cost(32, 13, 97).
cost(32, 14, 39).
cost(32, 15, 86).
cost(32, 16, 71).
cost(32, 17, 54).
cost(32, 18, 90).
cost(32, 19, 15).
cost(32, 20, 46).
cost(32, 21, 46).
cost(32, 22, 110).
cost(32, 23, 12).
cost(32, 24, 83).
cost(32, 25, 7).
cost(32, 26, 68).
cost(32, 27, 39).
cost(32, 28, 34).
cost(32, 29, 66).
cost(32, 30, 10).
cost(32, 31, 90).
