dimension(32).
point(1, 96.6479239212, 3.6753121622).
point(2, 15.2206491406, 31.6304339782).
point(3, 93.3433174337, 13.9088085243).
point(4, 32.6544731559, 48.5384924406).
point(5, 17.4436938109, 72.2465404271).
point(6, 30.6475250285, 79.3364013145).
point(7, 7.7557046752, 75.6734815928).
point(8, 4.4269690241, 68.5343892252).
point(9, 24.4899635308, 33.3534950774).
point(10, 37.8391651191, 9.9327228821).
point(11, 67.0899717827, 15.5228377061).
point(12, 75.5696564137, 75.7123525653).
point(13, 60.5821927151, 39.1629421892).
point(14, 71.2960676432, 85.2904809262).
point(15, 90.4213735192, 33.5242267668).
point(16, 86.4033731909, 15.4731927868).
point(17, 97.3296543403, 1.018779204).
point(18, 9.483794563, 78.72033429).
point(19, 70.883699071, 11.5129463797).
point(20, 5.3126781552, 89.7068288912).
point(21, 42.8763902115, 18.5055229796).
point(22, 96.2082815875, 38.2801049977).
point(23, 53.6388443052, 64.7246833426).
point(24, 45.4604711199, 89.3238213617).
point(25, 97.0899886277, 52.1694006741).
point(26, 14.5683543549, 35.7325004679).
point(27, 60.5462956961, 63.9965233029).
point(28, 36.2164880618, 15.4176816054).
point(29, 26.8936398423, 42.8947180187).
point(30, 38.8822597158, 46.1653382686).
point(31, 38.4046292887, 22.0985754056).
point(32, 46.674086435, 65.4867548177).
cost(1, 2, 86).
cost(1, 3, 11).
cost(1, 4, 78).
cost(1, 5, 105).
cost(1, 6, 100).
cost(1, 7, 114).
cost(1, 8, 113).
cost(1, 9, 78).
cost(1, 10, 59).
cost(1, 11, 32).
cost(1, 12, 75).
cost(1, 13, 51).
cost(1, 14, 85).
cost(1, 15, 30).
cost(1, 16, 16).
cost(1, 17, 3).
cost(1, 18, 115).
cost(1, 19, 27).
cost(1, 20, 125).
cost(1, 21, 56).
cost(1, 22, 35).
cost(1, 23, 75).
cost(1, 24, 100).
cost(1, 25, 48).
cost(1, 26, 88).
cost(1, 27, 70).
cost(1, 28, 62).
cost(1, 29, 80).
cost(1, 30, 72).
cost(1, 31, 61).
cost(1, 32, 79).
cost(2, 1, 86).
cost(2, 3, 80).
cost(2, 4, 24).
cost(2, 5, 41).
cost(2, 6, 50).
cost(2, 7, 45).
cost(2, 8, 38).
cost(2, 9, 9).
cost(2, 10, 31).
cost(2, 11, 54).
cost(2, 12, 75).
cost(2, 13, 46).
cost(2, 14, 78).
cost(2, 15, 75).
cost(2, 16, 73).
cost(2, 17, 88).
cost(2, 18, 47).
cost(2, 19, 59).
cost(2, 20, 59).
cost(2, 21, 31).
cost(2, 22, 81).
cost(2, 23, 51).
cost(2, 24, 65).
cost(2, 25, 84).
cost(2, 26, 4).
cost(2, 27, 56).
cost(2, 28, 27).
cost(2, 29, 16).
cost(2, 30, 28).
cost(2, 31, 25).
cost(2, 32, 46).
cost(3, 1, 11).
cost(3, 2, 80).
cost(3, 4, 70).
cost(3, 5, 96).
cost(3, 6, 91).
cost(3, 7, 106).
cost(3, 8, 104).
cost(3, 9, 72).
cost(3, 10, 56).
cost(3, 11, 26).
cost(3, 12, 64).
cost(3, 13, 41).
cost(3, 14, 75).
cost(3, 15, 20).
cost(3, 16, 7).
cost(3, 17, 13).
cost(3, 18, 106).
cost(3, 19, 23).
cost(3, 20, 116).
cost(3, 21, 51).
cost(3, 22, 25).
cost(3, 23, 64).
cost(3, 24, 89).
cost(3, 25, 38).
cost(3, 26, 82).
cost(3, 27, 60).
cost(3, 28, 57).
cost(3, 29, 72).
cost(3, 30, 63).
cost(3, 31, 56).
cost(3, 32, 70).
cost(4, 1, 78).
cost(4, 2, 24).
cost(4, 3, 70).
cost(4, 5, 28).
cost(4, 6, 31).
cost(4, 7, 37).
cost(4, 8, 35).
cost(4, 9, 17).
cost(4, 10, 39).
cost(4, 11, 48).
cost(4, 12, 51).
cost(4, 13, 29).
cost(4, 14, 53).
cost(4, 15, 60).
cost(4, 16, 63).
cost(4, 17, 80).
cost(4, 18, 38).
cost(4, 19, 53).
cost(4, 20, 49).
cost(4, 21, 32).
cost(4, 22, 64).
cost(4, 23, 27).
cost(4, 24, 43).
cost(4, 25, 65).
cost(4, 26, 22).
cost(4, 27, 32).
cost(4, 28, 33).
cost(4, 29, 8).
cost(4, 30, 7).
cost(4, 31, 27).
cost(4, 32, 22).
cost(5, 1, 105).
cost(5, 2, 41).
cost(5, 3, 96).
cost(5, 4, 28).
cost(5, 6, 15).
cost(5, 7, 10).
cost(5, 8, 14).
cost(5, 9, 40).
cost(5, 10, 66).
cost(5, 11, 75).
cost(5, 12, 58).
cost(5, 13, 54).
cost(5, 14, 55).
cost(5, 15, 83).
cost(5, 16, 89).
cost(5, 17, 107).
cost(5, 18, 10).
cost(5, 19, 81).
cost(5, 20, 21).
cost(5, 21, 59).
cost(5, 22, 86).
cost(5, 23, 37).
cost(5, 24, 33).
cost(5, 25, 82).
cost(5, 26, 37).
cost(5, 27, 44).
cost(5, 28, 60).
cost(5, 29, 31).
cost(5, 30, 34).
cost(5, 31, 54).
cost(5, 32, 30).
cost(6, 1, 100).
cost(6, 2, 50).
cost(6, 3, 91).
cost(6, 4, 31).
cost(6, 5, 15).
cost(6, 7, 23).
cost(6, 8, 28).
cost(6, 9, 46).
cost(6, 10, 70).
cost(6, 11, 73).
cost(6, 12, 45).
cost(6, 13, 50).
cost(6, 14, 41).
cost(6, 15, 75).
cost(6, 16, 85).
cost(6, 17, 103).
cost(6, 18, 21).
cost(6, 19, 79).
cost(6, 20, 27).
cost(6, 21, 62).
cost(6, 22, 77).
cost(6, 23, 27).
cost(6, 24, 18).
cost(6, 25, 72).
cost(6, 26, 46).
cost(6, 27, 34).
cost(6, 28, 64).
cost(6, 29, 37).
cost(6, 30, 34).
cost(6, 31, 58).
cost(6, 32, 21).
cost(7, 1, 114).
cost(7, 2, 45).
cost(7, 3, 106).
cost(7, 4, 37).
cost(7, 5, 10).
cost(7, 6, 23).
cost(7, 8, 8).
cost(7, 9, 46).
cost(7, 10, 72).
cost(7, 11, 84).
cost(7, 12, 68).
cost(7, 13, 64).
cost(7, 14, 64).
cost(7, 15, 93).
cost(7, 16, 99).
cost(7, 17, 117).
cost(7, 18, 4).
cost(7, 19, 90).
cost(7, 20, 14).
cost(7, 21, 67).
cost(7, 22, 96).
cost(7, 23, 47).
cost(7, 24, 40).
cost(7, 25, 92).
cost(7, 26, 41).
cost(7, 27, 54).
cost(7, 28, 67).
cost(7, 29, 38).
cost(7, 30, 43).
cost(7, 31, 62).
cost(7, 32, 40).
cost(8, 1, 113).
cost(8, 2, 38).
cost(8, 3, 104).
cost(8, 4, 35).
cost(8, 5, 14).
cost(8, 6, 28).
cost(8, 7, 8).
cost(8, 9, 40).
cost(8, 10, 67).
cost(8, 11, 82).
cost(8, 12, 72).
cost(8, 13, 63).
cost(8, 14, 69).
cost(8, 15, 93).
cost(8, 16, 98).
cost(8, 17, 115).
cost(8, 18, 11).
cost(8, 19, 88).
cost(8, 20, 21).
cost(8, 21, 63).
cost(8, 22, 97).
cost(8, 23, 49).
cost(8, 24, 46).
cost(8, 25, 94).
cost(8, 26, 34).
cost(8, 27, 56).
cost(8, 28, 62).
cost(8, 29, 34).
cost(8, 30, 41).
cost(8, 31, 58).
cost(8, 32, 42).
cost(9, 1, 78).
cost(9, 2, 9).
cost(9, 3, 72).
cost(9, 4, 17).
cost(9, 5, 40).
cost(9, 6, 46).
cost(9, 7, 46).
cost(9, 8, 40).
cost(9, 10, 27).
cost(9, 11, 46).
cost(9, 12, 66).
cost(9, 13, 37).
cost(9, 14, 70).
cost(9, 15, 66).
cost(9, 16, 64).
cost(9, 17, 80).
cost(9, 18, 48).
cost(9, 19, 51).
cost(9, 20, 60).
cost(9, 21, 24).
cost(9, 22, 72).
cost(9, 23, 43).
cost(9, 24, 60).
cost(9, 25, 75).
cost(9, 26, 10).
cost(9, 27, 47).
cost(9, 28, 21).
cost(9, 29, 10).
cost(9, 30, 19).
cost(9, 31, 18).
cost(9, 32, 39).
cost(10, 1, 59).
cost(10, 2, 31).
cost(10, 3, 56).
cost(10, 4, 39).
cost(10, 5, 66).
cost(10, 6, 70).
cost(10, 7, 72).
cost(10, 8, 67).
cost(10, 9, 27).
cost(10, 11, 30).
cost(10, 12, 76).
cost(10, 13, 37).
cost(10, 14, 82).
cost(10, 15, 58).
cost(10, 16, 49).
cost(10, 17, 60).
cost(10, 18, 74).
cost(10, 19, 33).
cost(10, 20, 86).
cost(10, 21, 10).
cost(10, 22, 65).
cost(10, 23, 57).
cost(10, 24, 80).
cost(10, 25, 73).
cost(10, 26, 35).
cost(10, 27, 59).
cost(10, 28, 6).
cost(10, 29, 35).
cost(10, 30, 36).
cost(10, 31, 12).
cost(10, 32, 56).
cost(11, 1, 32).
cost(11, 2, 54).
cost(11, 3, 26).
cost(11, 4, 48).
cost(11, 5, 75).
cost(11, 6, 73).
cost(11, 7, 84).
cost(11, 8, 82).
cost(11, 9, 46).
cost(11, 10, 30).
cost(11, 12, 61).
cost(11, 13, 25).
cost(11, 14, 70).
cost(11, 15, 29).
cost(11, 16, 19).
cost(11, 17, 34).
cost(11, 18, 86).
cost(11, 19, 6).
cost(11, 20, 97).
cost(11, 21, 24).
cost(11, 22, 37).
cost(11, 23, 51).
cost(11, 24, 77).
cost(11, 25, 47).
cost(11, 26, 56).
cost(11, 27, 49).
cost(11, 28, 31).
cost(11, 29, 49).
cost(11, 30, 42).
cost(11, 31, 29).
cost(11, 32, 54).
cost(12, 1, 75).
cost(12, 2, 75).
cost(12, 3, 64).
cost(12, 4, 51).
cost(12, 5, 58).
cost(12, 6, 45).
cost(12, 7, 68).
cost(12, 8, 72).
cost(12, 9, 66).
cost(12, 10, 76).
cost(12, 11, 61).
cost(12, 13, 40).
cost(12, 14, 10).
cost(12, 15, 45).
cost(12, 16, 61).
cost(12, 17, 78).
cost(12, 18, 66).
cost(12, 19, 64).
cost(12, 20, 72).
cost(12, 21, 66).
cost(12, 22, 43).
cost(12, 23, 25).
cost(12, 24, 33).
cost(12, 25, 32).
cost(12, 26, 73).
cost(12, 27, 19).
cost(12, 28, 72).
cost(12, 29, 59).
cost(12, 30, 47).
cost(12, 31, 65).
cost(12, 32, 31).
cost(13, 1, 51).
cost(13, 2, 46).
cost(13, 3, 41).
cost(13, 4, 29).
cost(13, 5, 54).
cost(13, 6, 50).
cost(13, 7, 64).
cost(13, 8, 63).
cost(13, 9, 37).
cost(13, 10, 37).
cost(13, 11, 25).
cost(13, 12, 40).
cost(13, 14, 47).
cost(13, 15, 30).
cost(13, 16, 35).
cost(13, 17, 53).
cost(13, 18, 65).
cost(13, 19, 30).
cost(13, 20, 75).
cost(13, 21, 27).
cost(13, 22, 36).
cost(13, 23, 26).
cost(13, 24, 52).
cost(13, 25, 39).
cost(13, 26, 46).
cost(13, 27, 25).
cost(13, 28, 34).
cost(13, 29, 34).
cost(13, 30, 23).
cost(13, 31, 28).
cost(13, 32, 30).
cost(14, 1, 85).
cost(14, 2, 78).
cost(14, 3, 75).
cost(14, 4, 53).
cost(14, 5, 55).
cost(14, 6, 41).
cost(14, 7, 64).
cost(14, 8, 69).
cost(14, 9, 70).
cost(14, 10, 82).
cost(14, 11, 70).
cost(14, 12, 10).
cost(14, 13, 47).
cost(14, 15, 55).
cost(14, 16, 71).
cost(14, 17, 88).
cost(14, 18, 62).
cost(14, 19, 74).
cost(14, 20, 66).
cost(14, 21, 73).
cost(14, 22, 53).
cost(14, 23, 27).
cost(14, 24, 26).
cost(14, 25, 42).
cost(14, 26, 75).
cost(14, 27, 24).
cost(14, 28, 78).
cost(14, 29, 61).
cost(14, 30, 51).
cost(14, 31, 71).
cost(14, 32, 32).
cost(15, 1, 30).
cost(15, 2, 75).
cost(15, 3, 20).
cost(15, 4, 60).
cost(15, 5, 83).
cost(15, 6, 75).
cost(15, 7, 93).
cost(15, 8, 93).
cost(15, 9, 66).
cost(15, 10, 58).
cost(15, 11, 29).
cost(15, 12, 45).
cost(15, 13, 30).
cost(15, 14, 55).
cost(15, 16, 18).
cost(15, 17, 33).
cost(15, 18, 93).
cost(15, 19, 29).
cost(15, 20, 102).
cost(15, 21, 50).
cost(15, 22, 7).
cost(15, 23, 48).
cost(15, 24, 72).
cost(15, 25, 20).
cost(15, 26, 76).
cost(15, 27, 43).
cost(15, 28, 57).
cost(15, 29, 64).
cost(15, 30, 53).
cost(15, 31, 53).
cost(15, 32, 54).
cost(16, 1, 16).
cost(16, 2, 73).
cost(16, 3, 7).
cost(16, 4, 63).
cost(16, 5, 89).
cost(16, 6, 85).
cost(16, 7, 99).
cost(16, 8, 98).
cost(16, 9, 64).
cost(16, 10, 49).
cost(16, 11, 19).
cost(16, 12, 61).
cost(16, 13, 35).
cost(16, 14, 71).
cost(16, 15, 18).
cost(16, 17, 18).
cost(16, 18, 100).
cost(16, 19, 16).
cost(16, 20, 110).
cost(16, 21, 44).
cost(16, 22, 25).
cost(16, 23, 59).
cost(16, 24, 84).
cost(16, 25, 38).
cost(16, 26, 75).
cost(16, 27, 55).
cost(16, 28, 50).
cost(16, 29, 66).
cost(16, 30, 57).
cost(16, 31, 48).
cost(16, 32, 64).
cost(17, 1, 3).
cost(17, 2, 88).
cost(17, 3, 13).
cost(17, 4, 80).
cost(17, 5, 107).
cost(17, 6, 103).
cost(17, 7, 117).
cost(17, 8, 115).
cost(17, 9, 80).
cost(17, 10, 60).
cost(17, 11, 34).
cost(17, 12, 78).
cost(17, 13, 53).
cost(17, 14, 88).
cost(17, 15, 33).
cost(17, 16, 18).
cost(17, 18, 117).
cost(17, 19, 28).
cost(17, 20, 128).
cost(17, 21, 57).
cost(17, 22, 37).
cost(17, 23, 77).
cost(17, 24, 102).
cost(17, 25, 51).
cost(17, 26, 90).
cost(17, 27, 73).
cost(17, 28, 63).
cost(17, 29, 82).
cost(17, 30, 74).
cost(17, 31, 63).
cost(17, 32, 82).
cost(18, 1, 115).
cost(18, 2, 47).
cost(18, 3, 106).
cost(18, 4, 38).
cost(18, 5, 10).
cost(18, 6, 21).
cost(18, 7, 4).
cost(18, 8, 11).
cost(18, 9, 48).
cost(18, 10, 74).
cost(18, 11, 86).
cost(18, 12, 66).
cost(18, 13, 65).
cost(18, 14, 62).
cost(18, 15, 93).
cost(18, 16, 100).
cost(18, 17, 117).
cost(18, 19, 91).
cost(18, 20, 12).
cost(18, 21, 69).
cost(18, 22, 96).
cost(18, 23, 46).
cost(18, 24, 38).
cost(18, 25, 92).
cost(18, 26, 43).
cost(18, 27, 53).
cost(18, 28, 69).
cost(18, 29, 40).
cost(18, 30, 44).
cost(18, 31, 64).
cost(18, 32, 39).
cost(19, 1, 27).
cost(19, 2, 59).
cost(19, 3, 23).
cost(19, 4, 53).
cost(19, 5, 81).
cost(19, 6, 79).
cost(19, 7, 90).
cost(19, 8, 88).
cost(19, 9, 51).
cost(19, 10, 33).
cost(19, 11, 6).
cost(19, 12, 64).
cost(19, 13, 30).
cost(19, 14, 74).
cost(19, 15, 29).
cost(19, 16, 16).
cost(19, 17, 28).
cost(19, 18, 91).
cost(19, 20, 102).
cost(19, 21, 29).
cost(19, 22, 37).
cost(19, 23, 56).
cost(19, 24, 82).
cost(19, 25, 48).
cost(19, 26, 61).
cost(19, 27, 53).
cost(19, 28, 35).
cost(19, 29, 54).
cost(19, 30, 47).
cost(19, 31, 34).
cost(19, 32, 59).
cost(20, 1, 125).
cost(20, 2, 59).
cost(20, 3, 116).
cost(20, 4, 49).
cost(20, 5, 21).
cost(20, 6, 27).
cost(20, 7, 14).
cost(20, 8, 21).
cost(20, 9, 60).
cost(20, 10, 86).
cost(20, 11, 97).
cost(20, 12, 72).
cost(20, 13, 75).
cost(20, 14, 66).
cost(20, 15, 102).
cost(20, 16, 110).
cost(20, 17, 128).
cost(20, 18, 12).
cost(20, 19, 102).
cost(20, 21, 81).
cost(20, 22, 104).
cost(20, 23, 54).
cost(20, 24, 40).
cost(20, 25, 99).
cost(20, 26, 55).
cost(20, 27, 61).
cost(20, 28, 80).
cost(20, 29, 52).
cost(20, 30, 55).
cost(20, 31, 75).
cost(20, 32, 48).
cost(21, 1, 56).
cost(21, 2, 31).
cost(21, 3, 51).
cost(21, 4, 32).
cost(21, 5, 59).
cost(21, 6, 62).
cost(21, 7, 67).
cost(21, 8, 63).
cost(21, 9, 24).
cost(21, 10, 10).
cost(21, 11, 24).
cost(21, 12, 66).
cost(21, 13, 27).
cost(21, 14, 73).
cost(21, 15, 50).
cost(21, 16, 44).
cost(21, 17, 57).
cost(21, 18, 69).
cost(21, 19, 29).
cost(21, 20, 81).
cost(21, 22, 57).
cost(21, 23, 47).
cost(21, 24, 71).
cost(21, 25, 64).
cost(21, 26, 33).
cost(21, 27, 49).
cost(21, 28, 7).
cost(21, 29, 29).
cost(21, 30, 28).
cost(21, 31, 6).
cost(21, 32, 47).
cost(22, 1, 35).
cost(22, 2, 81).
cost(22, 3, 25).
cost(22, 4, 64).
cost(22, 5, 86).
cost(22, 6, 77).
cost(22, 7, 96).
cost(22, 8, 97).
cost(22, 9, 72).
cost(22, 10, 65).
cost(22, 11, 37).
cost(22, 12, 43).
cost(22, 13, 36).
cost(22, 14, 53).
cost(22, 15, 7).
cost(22, 16, 25).
cost(22, 17, 37).
cost(22, 18, 96).
cost(22, 19, 37).
cost(22, 20, 104).
cost(22, 21, 57).
cost(22, 23, 50).
cost(22, 24, 72).
cost(22, 25, 14).
cost(22, 26, 82).
cost(22, 27, 44).
cost(22, 28, 64).
cost(22, 29, 69).
cost(22, 30, 58).
cost(22, 31, 60).
cost(22, 32, 57).
cost(23, 1, 75).
cost(23, 2, 51).
cost(23, 3, 64).
cost(23, 4, 27).
cost(23, 5, 37).
cost(23, 6, 27).
cost(23, 7, 47).
cost(23, 8, 49).
cost(23, 9, 43).
cost(23, 10, 57).
cost(23, 11, 51).
cost(23, 12, 25).
cost(23, 13, 26).
cost(23, 14, 27).
cost(23, 15, 48).
cost(23, 16, 59).
cost(23, 17, 77).
cost(23, 18, 46).
cost(23, 19, 56).
cost(23, 20, 54).
cost(23, 21, 47).
cost(23, 22, 50).
cost(23, 24, 26).
cost(23, 25, 45).
cost(23, 26, 49).
cost(23, 27, 7).
cost(23, 28, 52).
cost(23, 29, 35).
cost(23, 30, 24).
cost(23, 31, 45).
cost(23, 32, 7).
cost(24, 1, 100).
cost(24, 2, 65).
cost(24, 3, 89).
cost(24, 4, 43).
cost(24, 5, 33).
cost(24, 6, 18).
cost(24, 7, 40).
cost(24, 8, 46).
cost(24, 9, 60).
cost(24, 10, 80).
cost(24, 11, 77).
cost(24, 12, 33).
cost(24, 13, 52).
cost(24, 14, 26).
cost(24, 15, 72).
cost(24, 16, 84).
cost(24, 17, 102).
cost(24, 18, 38).
cost(24, 19, 82).
cost(24, 20, 40).
cost(24, 21, 71).
cost(24, 22, 72).
cost(24, 23, 26).
cost(24, 25, 64).
cost(24, 26, 62).
cost(24, 27, 29).
cost(24, 28, 74).
cost(24, 29, 50).
cost(24, 30, 44).
cost(24, 31, 68).
cost(24, 32, 24).
cost(25, 1, 48).
cost(25, 2, 84).
cost(25, 3, 38).
cost(25, 4, 65).
cost(25, 5, 82).
cost(25, 6, 72).
cost(25, 7, 92).
cost(25, 8, 94).
cost(25, 9, 75).
cost(25, 10, 73).
cost(25, 11, 47).
cost(25, 12, 32).
cost(25, 13, 39).
cost(25, 14, 42).
cost(25, 15, 20).
cost(25, 16, 38).
cost(25, 17, 51).
cost(25, 18, 92).
cost(25, 19, 48).
cost(25, 20, 99).
cost(25, 21, 64).
cost(25, 22, 14).
cost(25, 23, 45).
cost(25, 24, 64).
cost(25, 26, 84).
cost(25, 27, 38).
cost(25, 28, 71).
cost(25, 29, 71).
cost(25, 30, 59).
cost(25, 31, 66).
cost(25, 32, 52).
cost(26, 1, 88).
cost(26, 2, 4).
cost(26, 3, 82).
cost(26, 4, 22).
cost(26, 5, 37).
cost(26, 6, 46).
cost(26, 7, 41).
cost(26, 8, 34).
cost(26, 9, 10).
cost(26, 10, 35).
cost(26, 11, 56).
cost(26, 12, 73).
cost(26, 13, 46).
cost(26, 14, 75).
cost(26, 15, 76).
cost(26, 16, 75).
cost(26, 17, 90).
cost(26, 18, 43).
cost(26, 19, 61).
cost(26, 20, 55).
cost(26, 21, 33).
cost(26, 22, 82).
cost(26, 23, 49).
cost(26, 24, 62).
cost(26, 25, 84).
cost(26, 27, 54).
cost(26, 28, 30).
cost(26, 29, 14).
cost(26, 30, 26).
cost(26, 31, 27).
cost(26, 32, 44).
cost(27, 1, 70).
cost(27, 2, 56).
cost(27, 3, 60).
cost(27, 4, 32).
cost(27, 5, 44).
cost(27, 6, 34).
cost(27, 7, 54).
cost(27, 8, 56).
cost(27, 9, 47).
cost(27, 10, 59).
cost(27, 11, 49).
cost(27, 12, 19).
cost(27, 13, 25).
cost(27, 14, 24).
cost(27, 15, 43).
cost(27, 16, 55).
cost(27, 17, 73).
cost(27, 18, 53).
cost(27, 19, 53).
cost(27, 20, 61).
cost(27, 21, 49).
cost(27, 22, 44).
cost(27, 23, 7).
cost(27, 24, 29).
cost(27, 25, 38).
cost(27, 26, 54).
cost(27, 28, 54).
cost(27, 29, 40).
cost(27, 30, 28).
cost(27, 31, 47).
cost(27, 32, 14).
cost(28, 1, 62).
cost(28, 2, 27).
cost(28, 3, 57).
cost(28, 4, 33).
cost(28, 5, 60).
cost(28, 6, 64).
cost(28, 7, 67).
cost(28, 8, 62).
cost(28, 9, 21).
cost(28, 10, 6).
cost(28, 11, 31).
cost(28, 12, 72).
cost(28, 13, 34).
cost(28, 14, 78).
cost(28, 15, 57).
cost(28, 16, 50).
cost(28, 17, 63).
cost(28, 18, 69).
cost(28, 19, 35).
cost(28, 20, 80).
cost(28, 21, 7).
cost(28, 22, 64).
cost(28, 23, 52).
cost(28, 24, 74).
cost(28, 25, 71).
cost(28, 26, 30).
cost(28, 27, 54).
cost(28, 29, 29).
cost(28, 30, 31).
cost(28, 31, 7).
cost(28, 32, 51).
cost(29, 1, 80).
cost(29, 2, 16).
cost(29, 3, 72).
cost(29, 4, 8).
cost(29, 5, 31).
cost(29, 6, 37).
cost(29, 7, 38).
cost(29, 8, 34).
cost(29, 9, 10).
cost(29, 10, 35).
cost(29, 11, 49).
cost(29, 12, 59).
cost(29, 13, 34).
cost(29, 14, 61).
cost(29, 15, 64).
cost(29, 16, 66).
cost(29, 17, 82).
cost(29, 18, 40).
cost(29, 19, 54).
cost(29, 20, 52).
cost(29, 21, 29).
cost(29, 22, 69).
cost(29, 23, 35).
cost(29, 24, 50).
cost(29, 25, 71).
cost(29, 26, 14).
cost(29, 27, 40).
cost(29, 28, 29).
cost(29, 30, 12).
cost(29, 31, 24).
cost(29, 32, 30).
cost(30, 1, 72).
cost(30, 2, 28).
cost(30, 3, 63).
cost(30, 4, 7).
cost(30, 5, 34).
cost(30, 6, 34).
cost(30, 7, 43).
cost(30, 8, 41).
cost(30, 9, 19).
cost(30, 10, 36).
cost(30, 11, 42).
cost(30, 12, 47).
cost(30, 13, 23).
cost(30, 14, 51).
cost(30, 15, 53).
cost(30, 16, 57).
cost(30, 17, 74).
cost(30, 18, 44).
cost(30, 19, 47).
cost(30, 20, 55).
cost(30, 21, 28).
cost(30, 22, 58).
cost(30, 23, 24).
cost(30, 24, 44).
cost(30, 25, 59).
cost(30, 26, 26).
cost(30, 27, 28).
cost(30, 28, 31).
cost(30, 29, 12).
cost(30, 31, 24).
cost(30, 32, 21).
cost(31, 1, 61).
cost(31, 2, 25).
cost(31, 3, 56).
cost(31, 4, 27).
cost(31, 5, 54).
cost(31, 6, 58).
cost(31, 7, 62).
cost(31, 8, 58).
cost(31, 9, 18).
cost(31, 10, 12).
cost(31, 11, 29).
cost(31, 12, 65).
cost(31, 13, 28).
cost(31, 14, 71).
cost(31, 15, 53).
cost(31, 16, 48).
cost(31, 17, 63).
cost(31, 18, 64).
cost(31, 19, 34).
cost(31, 20, 75).
cost(31, 21, 6).
cost(31, 22, 60).
cost(31, 23, 45).
cost(31, 24, 68).
cost(31, 25, 66).
cost(31, 26, 27).
cost(31, 27, 47).
cost(31, 28, 7).
cost(31, 29, 24).
cost(31, 30, 24).
cost(31, 32, 44).
cost(32, 1, 79).
cost(32, 2, 46).
cost(32, 3, 70).
cost(32, 4, 22).
cost(32, 5, 30).
cost(32, 6, 21).
cost(32, 7, 40).
cost(32, 8, 42).
cost(32, 9, 39).
cost(32, 10, 56).
cost(32, 11, 54).
cost(32, 12, 31).
cost(32, 13, 30).
cost(32, 14, 32).
cost(32, 15, 54).
cost(32, 16, 64).
cost(32, 17, 82).
cost(32, 18, 39).
cost(32, 19, 59).
cost(32, 20, 48).
cost(32, 21, 47).
cost(32, 22, 57).
cost(32, 23, 7).
cost(32, 24, 24).
cost(32, 25, 52).
cost(32, 26, 44).
cost(32, 27, 14).
cost(32, 28, 51).
cost(32, 29, 30).
cost(32, 30, 21).
cost(32, 31, 44).
