dimension(32).
point(1, 8.619700573, 44.3147083498).
point(2, 24.5373541169, 16.8909908347).
point(3, 85.1116555368, 11.1122441087).
point(4, 45.7755440459, 98.7727373774).
point(5, 25.0912014723, 9.2177935626).
point(6, 37.9593215135, 25.125497075).
point(7, 87.2620170592, 72.6422270006).
point(8, 47.2965018847, 93.9496661026).
point(9, 26.4642883, 28.7595389746).
point(10, 59.2792112884, 69.9951983468).
point(11, 49.8359868852, 54.9818631092).
point(12, 20.7842816135, 86.7087659096).
point(13, 33.7397395221, 99.0695003718).
point(14, 4.5156696197, 80.6211719392).
point(15, 86.5647758406, 61.3133113136).
point(16, 25.22356734, 33.0616415237).
point(17, 45.1789214324, 55.4754493119).
point(18, 38.8943049462, 65.1448433683).
point(19, 66.8543926632, 10.8811482617).
point(20, 62.4475325091, 50.9016907432).
point(21, 85.9020773583, 5.9671324734).
point(22, 69.7771911595, 16.862433066).
point(23, 57.865030255, 5.0841049709).
point(24, 30.8089805172, 87.4500994187).
point(25, 15.6360056126, 13.6314808821).
point(26, 89.2481635867, 83.6416727404).
point(27, 98.109611194, 54.6453233522).
point(28, 86.5531568135, 84.493877476).
point(29, 59.4355091067, 15.4001493384).
point(30, 32.2155068525, 14.694898394).
point(31, 91.4090489609, 75.9417541906).
point(32, 43.4652808407, 58.4648152032).
cost(1, 2, 32).
cost(1, 3, 83).
cost(1, 4, 66).
cost(1, 5, 39).
cost(1, 6, 35).
cost(1, 7, 84).
cost(1, 8, 63).
cost(1, 9, 24).
cost(1, 10, 57).
cost(1, 11, 43).
cost(1, 12, 44).
cost(1, 13, 60).
cost(1, 14, 37).
cost(1, 15, 80).
cost(1, 16, 20).
cost(1, 17, 38).
cost(1, 18, 37).
cost(1, 19, 67).
cost(1, 20, 54).
cost(1, 21, 86).
cost(1, 22, 67).
cost(1, 23, 63).
cost(1, 24, 49).
cost(1, 25, 31).
cost(1, 26, 90).
cost(1, 27, 90).
cost(1, 28, 88).
cost(1, 29, 58).
cost(1, 30, 38).
cost(1, 31, 89).
cost(1, 32, 38).
cost(2, 1, 32).
cost(2, 3, 61).
cost(2, 4, 85).
cost(2, 5, 8).
cost(2, 6, 16).
cost(2, 7, 84).
cost(2, 8, 80).
cost(2, 9, 12).
cost(2, 10, 63).
cost(2, 11, 46).
cost(2, 12, 70).
cost(2, 13, 83).
cost(2, 14, 67).
cost(2, 15, 76).
cost(2, 16, 16).
cost(2, 17, 44).
cost(2, 18, 50).
cost(2, 19, 43).
cost(2, 20, 51).
cost(2, 21, 62).
cost(2, 22, 45).
cost(2, 23, 35).
cost(2, 24, 71).
cost(2, 25, 9).
cost(2, 26, 93).
cost(2, 27, 83).
cost(2, 28, 92).
cost(2, 29, 35).
cost(2, 30, 8).
cost(2, 31, 89).
cost(2, 32, 46).
cost(3, 1, 83).
cost(3, 2, 61).
cost(3, 4, 96).
cost(3, 5, 60).
cost(3, 6, 49).
cost(3, 7, 62).
cost(3, 8, 91).
cost(3, 9, 61).
cost(3, 10, 64).
cost(3, 11, 56).
cost(3, 12, 99).
cost(3, 13, 102).
cost(3, 14, 106).
cost(3, 15, 50).
cost(3, 16, 64).
cost(3, 17, 60).
cost(3, 18, 71).
cost(3, 19, 18).
cost(3, 20, 46).
cost(3, 21, 5).
cost(3, 22, 16).
cost(3, 23, 28).
cost(3, 24, 94).
cost(3, 25, 70).
cost(3, 26, 73).
cost(3, 27, 45).
cost(3, 28, 73).
cost(3, 29, 26).
cost(3, 30, 53).
cost(3, 31, 65).
cost(3, 32, 63).
cost(4, 1, 66).
cost(4, 2, 85).
cost(4, 3, 96).
cost(4, 5, 92).
cost(4, 6, 74).
cost(4, 7, 49).
cost(4, 8, 5).
cost(4, 9, 73).
cost(4, 10, 32).
cost(4, 11, 44).
cost(4, 12, 28).
cost(4, 13, 12).
cost(4, 14, 45).
cost(4, 15, 55).
cost(4, 16, 69).
cost(4, 17, 43).
cost(4, 18, 34).
cost(4, 19, 90).
cost(4, 20, 51).
cost(4, 21, 101).
cost(4, 22, 85).
cost(4, 23, 94).
cost(4, 24, 19).
cost(4, 25, 90).
cost(4, 26, 46).
cost(4, 27, 68).
cost(4, 28, 43).
cost(4, 29, 84).
cost(4, 30, 85).
cost(4, 31, 51).
cost(4, 32, 40).
cost(5, 1, 39).
cost(5, 2, 8).
cost(5, 3, 60).
cost(5, 4, 92).
cost(5, 6, 20).
cost(5, 7, 89).
cost(5, 8, 88).
cost(5, 9, 20).
cost(5, 10, 70).
cost(5, 11, 52).
cost(5, 12, 78).
cost(5, 13, 90).
cost(5, 14, 74).
cost(5, 15, 81).
cost(5, 16, 24).
cost(5, 17, 50).
cost(5, 18, 58).
cost(5, 19, 42).
cost(5, 20, 56).
cost(5, 21, 61).
cost(5, 22, 45).
cost(5, 23, 33).
cost(5, 24, 78).
cost(5, 25, 10).
cost(5, 26, 98).
cost(5, 27, 86).
cost(5, 28, 97).
cost(5, 29, 35).
cost(5, 30, 9).
cost(5, 31, 94).
cost(5, 32, 53).
cost(6, 1, 35).
cost(6, 2, 16).
cost(6, 3, 49).
cost(6, 4, 74).
cost(6, 5, 20).
cost(6, 7, 68).
cost(6, 8, 69).
cost(6, 9, 12).
cost(6, 10, 50).
cost(6, 11, 32).
cost(6, 12, 64).
cost(6, 13, 74).
cost(6, 14, 65).
cost(6, 15, 61).
cost(6, 16, 15).
cost(6, 17, 31).
cost(6, 18, 40).
cost(6, 19, 32).
cost(6, 20, 36).
cost(6, 21, 52).
cost(6, 22, 33).
cost(6, 23, 28).
cost(6, 24, 63).
cost(6, 25, 25).
cost(6, 26, 78).
cost(6, 27, 67).
cost(6, 28, 77).
cost(6, 29, 24).
cost(6, 30, 12).
cost(6, 31, 74).
cost(6, 32, 34).
cost(7, 1, 84).
cost(7, 2, 84).
cost(7, 3, 62).
cost(7, 4, 49).
cost(7, 5, 89).
cost(7, 6, 68).
cost(7, 8, 45).
cost(7, 9, 75).
cost(7, 10, 28).
cost(7, 11, 41).
cost(7, 12, 68).
cost(7, 13, 60).
cost(7, 14, 83).
cost(7, 15, 11).
cost(7, 16, 74).
cost(7, 17, 45).
cost(7, 18, 49).
cost(7, 19, 65).
cost(7, 20, 33).
cost(7, 21, 67).
cost(7, 22, 58).
cost(7, 23, 74).
cost(7, 24, 58).
cost(7, 25, 93).
cost(7, 26, 11).
cost(7, 27, 21).
cost(7, 28, 12).
cost(7, 29, 64).
cost(7, 30, 80).
cost(7, 31, 5).
cost(7, 32, 46).
cost(8, 1, 63).
cost(8, 2, 80).
cost(8, 3, 91).
cost(8, 4, 5).
cost(8, 5, 88).
cost(8, 6, 69).
cost(8, 7, 45).
cost(8, 9, 68).
cost(8, 10, 27).
cost(8, 11, 39).
cost(8, 12, 27).
cost(8, 13, 14).
cost(8, 14, 45).
cost(8, 15, 51).
cost(8, 16, 65).
cost(8, 17, 39).
cost(8, 18, 30).
cost(8, 19, 85).
cost(8, 20, 46).
cost(8, 21, 96).
cost(8, 22, 80).
cost(8, 23, 89).
cost(8, 24, 18).
cost(8, 25, 86).
cost(8, 26, 43).
cost(8, 27, 64).
cost(8, 28, 40).
cost(8, 29, 79).
cost(8, 30, 81).
cost(8, 31, 48).
cost(8, 32, 36).
cost(9, 1, 24).
cost(9, 2, 12).
cost(9, 3, 61).
cost(9, 4, 73).
cost(9, 5, 20).
cost(9, 6, 12).
cost(9, 7, 75).
cost(9, 8, 68).
cost(9, 10, 53).
cost(9, 11, 35).
cost(9, 12, 58).
cost(9, 13, 71).
cost(9, 14, 56).
cost(9, 15, 68).
cost(9, 16, 4).
cost(9, 17, 33).
cost(9, 18, 38).
cost(9, 19, 44).
cost(9, 20, 42).
cost(9, 21, 64).
cost(9, 22, 45).
cost(9, 23, 39).
cost(9, 24, 59).
cost(9, 25, 19).
cost(9, 26, 83).
cost(9, 27, 76).
cost(9, 28, 82).
cost(9, 29, 36).
cost(9, 30, 15).
cost(9, 31, 80).
cost(9, 32, 34).
cost(10, 1, 57).
cost(10, 2, 63).
cost(10, 3, 64).
cost(10, 4, 32).
cost(10, 5, 70).
cost(10, 6, 50).
cost(10, 7, 28).
cost(10, 8, 27).
cost(10, 9, 53).
cost(10, 11, 18).
cost(10, 12, 42).
cost(10, 13, 39).
cost(10, 14, 56).
cost(10, 15, 29).
cost(10, 16, 50).
cost(10, 17, 20).
cost(10, 18, 21).
cost(10, 19, 60).
cost(10, 20, 19).
cost(10, 21, 69).
cost(10, 22, 54).
cost(10, 23, 65).
cost(10, 24, 33).
cost(10, 25, 71).
cost(10, 26, 33).
cost(10, 27, 42).
cost(10, 28, 31).
cost(10, 29, 55).
cost(10, 30, 62).
cost(10, 31, 33).
cost(10, 32, 20).
cost(11, 1, 43).
cost(11, 2, 46).
cost(11, 3, 56).
cost(11, 4, 44).
cost(11, 5, 52).
cost(11, 6, 32).
cost(11, 7, 41).
cost(11, 8, 39).
cost(11, 9, 35).
cost(11, 10, 18).
cost(11, 12, 43).
cost(11, 13, 47).
cost(11, 14, 52).
cost(11, 15, 37).
cost(11, 16, 33).
cost(11, 17, 5).
cost(11, 18, 15).
cost(11, 19, 47).
cost(11, 20, 13).
cost(11, 21, 61).
cost(11, 22, 43).
cost(11, 23, 51).
cost(11, 24, 38).
cost(11, 25, 54).
cost(11, 26, 49).
cost(11, 27, 48).
cost(11, 28, 47).
cost(11, 29, 41).
cost(11, 30, 44).
cost(11, 31, 47).
cost(11, 32, 7).
cost(12, 1, 44).
cost(12, 2, 70).
cost(12, 3, 99).
cost(12, 4, 28).
cost(12, 5, 78).
cost(12, 6, 64).
cost(12, 7, 68).
cost(12, 8, 27).
cost(12, 9, 58).
cost(12, 10, 42).
cost(12, 11, 43).
cost(12, 13, 18).
cost(12, 14, 17).
cost(12, 15, 71).
cost(12, 16, 54).
cost(12, 17, 40).
cost(12, 18, 28).
cost(12, 19, 89).
cost(12, 20, 55).
cost(12, 21, 104).
cost(12, 22, 85).
cost(12, 23, 90).
cost(12, 24, 10).
cost(12, 25, 73).
cost(12, 26, 69).
cost(12, 27, 84).
cost(12, 28, 66).
cost(12, 29, 81).
cost(12, 30, 73).
cost(12, 31, 71).
cost(12, 32, 36).
cost(13, 1, 60).
cost(13, 2, 83).
cost(13, 3, 102).
cost(13, 4, 12).
cost(13, 5, 90).
cost(13, 6, 74).
cost(13, 7, 60).
cost(13, 8, 14).
cost(13, 9, 71).
cost(13, 10, 39).
cost(13, 11, 47).
cost(13, 12, 18).
cost(13, 14, 35).
cost(13, 15, 65).
cost(13, 16, 67).
cost(13, 17, 45).
cost(13, 18, 34).
cost(13, 19, 94).
cost(13, 20, 56).
cost(13, 21, 107).
cost(13, 22, 90).
cost(13, 23, 97).
cost(13, 24, 12).
cost(13, 25, 87).
cost(13, 26, 58).
cost(13, 27, 78).
cost(13, 28, 55).
cost(13, 29, 88).
cost(13, 30, 84).
cost(13, 31, 62).
cost(13, 32, 42).
cost(14, 1, 37).
cost(14, 2, 67).
cost(14, 3, 106).
cost(14, 4, 45).
cost(14, 5, 74).
cost(14, 6, 65).
cost(14, 7, 83).
cost(14, 8, 45).
cost(14, 9, 56).
cost(14, 10, 56).
cost(14, 11, 52).
cost(14, 12, 17).
cost(14, 13, 35).
cost(14, 15, 84).
cost(14, 16, 52).
cost(14, 17, 48).
cost(14, 18, 38).
cost(14, 19, 94).
cost(14, 20, 65).
cost(14, 21, 110).
cost(14, 22, 91).
cost(14, 23, 92).
cost(14, 24, 27).
cost(14, 25, 68).
cost(14, 26, 85).
cost(14, 27, 97).
cost(14, 28, 82).
cost(14, 29, 85).
cost(14, 30, 72).
cost(14, 31, 87).
cost(14, 32, 45).
cost(15, 1, 80).
cost(15, 2, 76).
cost(15, 3, 50).
cost(15, 4, 55).
cost(15, 5, 81).
cost(15, 6, 61).
cost(15, 7, 11).
cost(15, 8, 51).
cost(15, 9, 68).
cost(15, 10, 29).
cost(15, 11, 37).
cost(15, 12, 71).
cost(15, 13, 65).
cost(15, 14, 84).
cost(15, 16, 68).
cost(15, 17, 42).
cost(15, 18, 48).
cost(15, 19, 54).
cost(15, 20, 26).
cost(15, 21, 55).
cost(15, 22, 48).
cost(15, 23, 63).
cost(15, 24, 62).
cost(15, 25, 85).
cost(15, 26, 22).
cost(15, 27, 13).
cost(15, 28, 23).
cost(15, 29, 53).
cost(15, 30, 72).
cost(15, 31, 15).
cost(15, 32, 43).
cost(16, 1, 20).
cost(16, 2, 16).
cost(16, 3, 64).
cost(16, 4, 69).
cost(16, 5, 24).
cost(16, 6, 15).
cost(16, 7, 74).
cost(16, 8, 65).
cost(16, 9, 4).
cost(16, 10, 50).
cost(16, 11, 33).
cost(16, 12, 54).
cost(16, 13, 67).
cost(16, 14, 52).
cost(16, 15, 68).
cost(16, 17, 30).
cost(16, 18, 35).
cost(16, 19, 47).
cost(16, 20, 41).
cost(16, 21, 66).
cost(16, 22, 47).
cost(16, 23, 43).
cost(16, 24, 55).
cost(16, 25, 22).
cost(16, 26, 82).
cost(16, 27, 76).
cost(16, 28, 80).
cost(16, 29, 39).
cost(16, 30, 20).
cost(16, 31, 79).
cost(16, 32, 31).
cost(17, 1, 38).
cost(17, 2, 44).
cost(17, 3, 60).
cost(17, 4, 43).
cost(17, 5, 50).
cost(17, 6, 31).
cost(17, 7, 45).
cost(17, 8, 39).
cost(17, 9, 33).
cost(17, 10, 20).
cost(17, 11, 5).
cost(17, 12, 40).
cost(17, 13, 45).
cost(17, 14, 48).
cost(17, 15, 42).
cost(17, 16, 30).
cost(17, 18, 12).
cost(17, 19, 50).
cost(17, 20, 18).
cost(17, 21, 64).
cost(17, 22, 46).
cost(17, 23, 52).
cost(17, 24, 35).
cost(17, 25, 51).
cost(17, 26, 52).
cost(17, 27, 53).
cost(17, 28, 51).
cost(17, 29, 43).
cost(17, 30, 43).
cost(17, 31, 51).
cost(17, 32, 3).
cost(18, 1, 37).
cost(18, 2, 50).
cost(18, 3, 71).
cost(18, 4, 34).
cost(18, 5, 58).
cost(18, 6, 40).
cost(18, 7, 49).
cost(18, 8, 30).
cost(18, 9, 38).
cost(18, 10, 21).
cost(18, 11, 15).
cost(18, 12, 28).
cost(18, 13, 34).
cost(18, 14, 38).
cost(18, 15, 48).
cost(18, 16, 35).
cost(18, 17, 12).
cost(18, 19, 61).
cost(18, 20, 28).
cost(18, 21, 76).
cost(18, 22, 57).
cost(18, 23, 63).
cost(18, 24, 24).
cost(18, 25, 57).
cost(18, 26, 54).
cost(18, 27, 60).
cost(18, 28, 51).
cost(18, 29, 54).
cost(18, 30, 51).
cost(18, 31, 54).
cost(18, 32, 8).
cost(19, 1, 67).
cost(19, 2, 43).
cost(19, 3, 18).
cost(19, 4, 90).
cost(19, 5, 42).
cost(19, 6, 32).
cost(19, 7, 65).
cost(19, 8, 85).
cost(19, 9, 44).
cost(19, 10, 60).
cost(19, 11, 47).
cost(19, 12, 89).
cost(19, 13, 94).
cost(19, 14, 94).
cost(19, 15, 54).
cost(19, 16, 47).
cost(19, 17, 50).
cost(19, 18, 61).
cost(19, 20, 40).
cost(19, 21, 20).
cost(19, 22, 7).
cost(19, 23, 11).
cost(19, 24, 85).
cost(19, 25, 51).
cost(19, 26, 76).
cost(19, 27, 54).
cost(19, 28, 76).
cost(19, 29, 9).
cost(19, 30, 35).
cost(19, 31, 70).
cost(19, 32, 53).
cost(20, 1, 54).
cost(20, 2, 51).
cost(20, 3, 46).
cost(20, 4, 51).
cost(20, 5, 56).
cost(20, 6, 36).
cost(20, 7, 33).
cost(20, 8, 46).
cost(20, 9, 42).
cost(20, 10, 19).
cost(20, 11, 13).
cost(20, 12, 55).
cost(20, 13, 56).
cost(20, 14, 65).
cost(20, 15, 26).
cost(20, 16, 41).
cost(20, 17, 18).
cost(20, 18, 28).
cost(20, 19, 40).
cost(20, 21, 51).
cost(20, 22, 35).
cost(20, 23, 46).
cost(20, 24, 48).
cost(20, 25, 60).
cost(20, 26, 42).
cost(20, 27, 36).
cost(20, 28, 41).
cost(20, 29, 36).
cost(20, 30, 47).
cost(20, 31, 38).
cost(20, 32, 20).
cost(21, 1, 86).
cost(21, 2, 62).
cost(21, 3, 5).
cost(21, 4, 101).
cost(21, 5, 61).
cost(21, 6, 52).
cost(21, 7, 67).
cost(21, 8, 96).
cost(21, 9, 64).
cost(21, 10, 69).
cost(21, 11, 61).
cost(21, 12, 104).
cost(21, 13, 107).
cost(21, 14, 110).
cost(21, 15, 55).
cost(21, 16, 66).
cost(21, 17, 64).
cost(21, 18, 76).
cost(21, 19, 20).
cost(21, 20, 51).
cost(21, 22, 19).
cost(21, 23, 28).
cost(21, 24, 98).
cost(21, 25, 71).
cost(21, 26, 78).
cost(21, 27, 50).
cost(21, 28, 79).
cost(21, 29, 28).
cost(21, 30, 54).
cost(21, 31, 70).
cost(21, 32, 68).
cost(22, 1, 67).
cost(22, 2, 45).
cost(22, 3, 16).
cost(22, 4, 85).
cost(22, 5, 45).
cost(22, 6, 33).
cost(22, 7, 58).
cost(22, 8, 80).
cost(22, 9, 45).
cost(22, 10, 54).
cost(22, 11, 43).
cost(22, 12, 85).
cost(22, 13, 90).
cost(22, 14, 91).
cost(22, 15, 48).
cost(22, 16, 47).
cost(22, 17, 46).
cost(22, 18, 57).
cost(22, 19, 7).
cost(22, 20, 35).
cost(22, 21, 19).
cost(22, 23, 17).
cost(22, 24, 81).
cost(22, 25, 54).
cost(22, 26, 70).
cost(22, 27, 47).
cost(22, 28, 70).
cost(22, 29, 10).
cost(22, 30, 38).
cost(22, 31, 63).
cost(22, 32, 49).
cost(23, 1, 63).
cost(23, 2, 35).
cost(23, 3, 28).
cost(23, 4, 94).
cost(23, 5, 33).
cost(23, 6, 28).
cost(23, 7, 74).
cost(23, 8, 89).
cost(23, 9, 39).
cost(23, 10, 65).
cost(23, 11, 51).
cost(23, 12, 90).
cost(23, 13, 97).
cost(23, 14, 92).
cost(23, 15, 63).
cost(23, 16, 43).
cost(23, 17, 52).
cost(23, 18, 63).
cost(23, 19, 11).
cost(23, 20, 46).
cost(23, 21, 28).
cost(23, 22, 17).
cost(23, 24, 87).
cost(23, 25, 43).
cost(23, 26, 85).
cost(23, 27, 64).
cost(23, 28, 84).
cost(23, 29, 10).
cost(23, 30, 27).
cost(23, 31, 78).
cost(23, 32, 55).
cost(24, 1, 49).
cost(24, 2, 71).
cost(24, 3, 94).
cost(24, 4, 19).
cost(24, 5, 78).
cost(24, 6, 63).
cost(24, 7, 58).
cost(24, 8, 18).
cost(24, 9, 59).
cost(24, 10, 33).
cost(24, 11, 38).
cost(24, 12, 10).
cost(24, 13, 12).
cost(24, 14, 27).
cost(24, 15, 62).
cost(24, 16, 55).
cost(24, 17, 35).
cost(24, 18, 24).
cost(24, 19, 85).
cost(24, 20, 48).
cost(24, 21, 98).
cost(24, 22, 81).
cost(24, 23, 87).
cost(24, 25, 75).
cost(24, 26, 59).
cost(24, 27, 75).
cost(24, 28, 56).
cost(24, 29, 78).
cost(24, 30, 73).
cost(24, 31, 62).
cost(24, 32, 32).
cost(25, 1, 31).
cost(25, 2, 9).
cost(25, 3, 70).
cost(25, 4, 90).
cost(25, 5, 10).
cost(25, 6, 25).
cost(25, 7, 93).
cost(25, 8, 86).
cost(25, 9, 19).
cost(25, 10, 71).
cost(25, 11, 54).
cost(25, 12, 73).
cost(25, 13, 87).
cost(25, 14, 68).
cost(25, 15, 85).
cost(25, 16, 22).
cost(25, 17, 51).
cost(25, 18, 57).
cost(25, 19, 51).
cost(25, 20, 60).
cost(25, 21, 71).
cost(25, 22, 54).
cost(25, 23, 43).
cost(25, 24, 75).
cost(25, 26, 102).
cost(25, 27, 92).
cost(25, 28, 100).
cost(25, 29, 44).
cost(25, 30, 17).
cost(25, 31, 98).
cost(25, 32, 53).
cost(26, 1, 90).
cost(26, 2, 93).
cost(26, 3, 73).
cost(26, 4, 46).
cost(26, 5, 98).
cost(26, 6, 78).
cost(26, 7, 11).
cost(26, 8, 43).
cost(26, 9, 83).
cost(26, 10, 33).
cost(26, 11, 49).
cost(26, 12, 69).
cost(26, 13, 58).
cost(26, 14, 85).
cost(26, 15, 22).
cost(26, 16, 82).
cost(26, 17, 52).
cost(26, 18, 54).
cost(26, 19, 76).
cost(26, 20, 42).
cost(26, 21, 78).
cost(26, 22, 70).
cost(26, 23, 85).
cost(26, 24, 59).
cost(26, 25, 102).
cost(26, 27, 30).
cost(26, 28, 3).
cost(26, 29, 74).
cost(26, 30, 89).
cost(26, 31, 8).
cost(26, 32, 52).
cost(27, 1, 90).
cost(27, 2, 83).
cost(27, 3, 45).
cost(27, 4, 68).
cost(27, 5, 86).
cost(27, 6, 67).
cost(27, 7, 21).
cost(27, 8, 64).
cost(27, 9, 76).
cost(27, 10, 42).
cost(27, 11, 48).
cost(27, 12, 84).
cost(27, 13, 78).
cost(27, 14, 97).
cost(27, 15, 13).
cost(27, 16, 76).
cost(27, 17, 53).
cost(27, 18, 60).
cost(27, 19, 54).
cost(27, 20, 36).
cost(27, 21, 50).
cost(27, 22, 47).
cost(27, 23, 64).
cost(27, 24, 75).
cost(27, 25, 92).
cost(27, 26, 30).
cost(27, 28, 32).
cost(27, 29, 55).
cost(27, 30, 77).
cost(27, 31, 22).
cost(27, 32, 55).
cost(28, 1, 88).
cost(28, 2, 92).
cost(28, 3, 73).
cost(28, 4, 43).
cost(28, 5, 97).
cost(28, 6, 77).
cost(28, 7, 12).
cost(28, 8, 40).
cost(28, 9, 82).
cost(28, 10, 31).
cost(28, 11, 47).
cost(28, 12, 66).
cost(28, 13, 55).
cost(28, 14, 82).
cost(28, 15, 23).
cost(28, 16, 80).
cost(28, 17, 51).
cost(28, 18, 51).
cost(28, 19, 76).
cost(28, 20, 41).
cost(28, 21, 79).
cost(28, 22, 70).
cost(28, 23, 84).
cost(28, 24, 56).
cost(28, 25, 100).
cost(28, 26, 3).
cost(28, 27, 32).
cost(28, 29, 74).
cost(28, 30, 88).
cost(28, 31, 10).
cost(28, 32, 50).
cost(29, 1, 58).
cost(29, 2, 35).
cost(29, 3, 26).
cost(29, 4, 84).
cost(29, 5, 35).
cost(29, 6, 24).
cost(29, 7, 64).
cost(29, 8, 79).
cost(29, 9, 36).
cost(29, 10, 55).
cost(29, 11, 41).
cost(29, 12, 81).
cost(29, 13, 88).
cost(29, 14, 85).
cost(29, 15, 53).
cost(29, 16, 39).
cost(29, 17, 43).
cost(29, 18, 54).
cost(29, 19, 9).
cost(29, 20, 36).
cost(29, 21, 28).
cost(29, 22, 10).
cost(29, 23, 10).
cost(29, 24, 78).
cost(29, 25, 44).
cost(29, 26, 74).
cost(29, 27, 55).
cost(29, 28, 74).
cost(29, 30, 27).
cost(29, 31, 68).
cost(29, 32, 46).
cost(30, 1, 38).
cost(30, 2, 8).
cost(30, 3, 53).
cost(30, 4, 85).
cost(30, 5, 9).
cost(30, 6, 12).
cost(30, 7, 80).
cost(30, 8, 81).
cost(30, 9, 15).
cost(30, 10, 62).
cost(30, 11, 44).
cost(30, 12, 73).
cost(30, 13, 84).
cost(30, 14, 72).
cost(30, 15, 72).
cost(30, 16, 20).
cost(30, 17, 43).
cost(30, 18, 51).
cost(30, 19, 35).
cost(30, 20, 47).
cost(30, 21, 54).
cost(30, 22, 38).
cost(30, 23, 27).
cost(30, 24, 73).
cost(30, 25, 17).
cost(30, 26, 89).
cost(30, 27, 77).
cost(30, 28, 88).
cost(30, 29, 27).
cost(30, 31, 85).
cost(30, 32, 45).
cost(31, 1, 89).
cost(31, 2, 89).
cost(31, 3, 65).
cost(31, 4, 51).
cost(31, 5, 94).
cost(31, 6, 74).
cost(31, 7, 5).
cost(31, 8, 48).
cost(31, 9, 80).
cost(31, 10, 33).
cost(31, 11, 47).
cost(31, 12, 71).
cost(31, 13, 62).
cost(31, 14, 87).
cost(31, 15, 15).
cost(31, 16, 79).
cost(31, 17, 51).
cost(31, 18, 54).
cost(31, 19, 70).
cost(31, 20, 38).
cost(31, 21, 70).
cost(31, 22, 63).
cost(31, 23, 78).
cost(31, 24, 62).
cost(31, 25, 98).
cost(31, 26, 8).
cost(31, 27, 22).
cost(31, 28, 10).
cost(31, 29, 68).
cost(31, 30, 85).
cost(31, 32, 51).
cost(32, 1, 38).
cost(32, 2, 46).
cost(32, 3, 63).
cost(32, 4, 40).
cost(32, 5, 53).
cost(32, 6, 34).
cost(32, 7, 46).
cost(32, 8, 36).
cost(32, 9, 34).
cost(32, 10, 20).
cost(32, 11, 7).
cost(32, 12, 36).
cost(32, 13, 42).
cost(32, 14, 45).
cost(32, 15, 43).
cost(32, 16, 31).
cost(32, 17, 3).
cost(32, 18, 8).
cost(32, 19, 53).
cost(32, 20, 20).
cost(32, 21, 68).
cost(32, 22, 49).
cost(32, 23, 55).
cost(32, 24, 32).
cost(32, 25, 53).
cost(32, 26, 52).
cost(32, 27, 55).
cost(32, 28, 50).
cost(32, 29, 46).
cost(32, 30, 45).
cost(32, 31, 51).
