dimension(20).
point(1, 7.381744365, 34.5880425091).
point(2, 3.4213708394, 52.8305247848).
point(3, 17.2900884762, 40.0805593331).
point(4, 3.9987441619, 50.2226154463).
point(5, 83.8315804948, 43.1063147421).
point(6, 76.9390780106, 40.5779215462).
point(7, 86.7846163493, 35.6859990694).
point(8, 81.1891666593, 47.5492208051).
point(9, 55.2496410137, 74.5781075318).
point(10, 53.7639403555, 68.268019753).
point(11, 56.7128389669, 66.1806775278).
point(12, 44.4342056407, 71.4193152449).
point(13, 36.9501940149, 97.0372637619).
point(14, 28.0308269157, 88.2016272664).
point(15, 39.737134638, 84.0725778739).
point(16, 41.3326529742, 93.6723586197).
point(17, 67.933147, 9.3738867037).
point(18, 68.4595341744, 3.6435899189).
point(19, 72.5426946133, 7.672275507).
point(20, 56.6295191688, 0.8004769719).
cost(1, 2, 19).
cost(1, 3, 11).
cost(1, 4, 16).
cost(1, 5, 77).
cost(1, 6, 70).
cost(1, 7, 79).
cost(1, 8, 75).
cost(1, 9, 62).
cost(1, 10, 57).
cost(1, 11, 59).
cost(1, 12, 52).
cost(1, 13, 69).
cost(1, 14, 57).
cost(1, 15, 59).
cost(1, 16, 68).
cost(1, 17, 66).
cost(1, 18, 68).
cost(1, 19, 71).
cost(1, 20, 60).
cost(2, 1, 19).
cost(2, 3, 19).
cost(2, 4, 3).
cost(2, 5, 81).
cost(2, 6, 75).
cost(2, 7, 85).
cost(2, 8, 78).
cost(2, 9, 56).
cost(2, 10, 53).
cost(2, 11, 55).
cost(2, 12, 45).
cost(2, 13, 55).
cost(2, 14, 43).
cost(2, 15, 48).
cost(2, 16, 56).
cost(2, 17, 78).
cost(2, 18, 82).
cost(2, 19, 83).
cost(2, 20, 74).
cost(3, 1, 11).
cost(3, 2, 19).
cost(3, 4, 17).
cost(3, 5, 67).
cost(3, 6, 60).
cost(3, 7, 70).
cost(3, 8, 64).
cost(3, 9, 51).
cost(3, 10, 46).
cost(3, 11, 47).
cost(3, 12, 41).
cost(3, 13, 60).
cost(3, 14, 49).
cost(3, 15, 49).
cost(3, 16, 59).
cost(3, 17, 59).
cost(3, 18, 63).
cost(3, 19, 64).
cost(3, 20, 56).
cost(4, 1, 16).
cost(4, 2, 3).
cost(4, 3, 17).
cost(4, 5, 80).
cost(4, 6, 74).
cost(4, 7, 84).
cost(4, 8, 77).
cost(4, 9, 57).
cost(4, 10, 53).
cost(4, 11, 55).
cost(4, 12, 46).
cost(4, 13, 57).
cost(4, 14, 45).
cost(4, 15, 49).
cost(4, 16, 57).
cost(4, 17, 76).
cost(4, 18, 80).
cost(4, 19, 81).
cost(4, 20, 72).
cost(5, 1, 77).
cost(5, 2, 81).
cost(5, 3, 67).
cost(5, 4, 80).
cost(5, 6, 7).
cost(5, 7, 8).
cost(5, 8, 5).
cost(5, 9, 43).
cost(5, 10, 39).
cost(5, 11, 36).
cost(5, 12, 49).
cost(5, 13, 71).
cost(5, 14, 72).
cost(5, 15, 60).
cost(5, 16, 66).
cost(5, 17, 37).
cost(5, 18, 42).
cost(5, 19, 37).
cost(5, 20, 50).
cost(6, 1, 70).
cost(6, 2, 75).
cost(6, 3, 60).
cost(6, 4, 74).
cost(6, 5, 7).
cost(6, 7, 11).
cost(6, 8, 8).
cost(6, 9, 40).
cost(6, 10, 36).
cost(6, 11, 33).
cost(6, 12, 45).
cost(6, 13, 69).
cost(6, 14, 68).
cost(6, 15, 57).
cost(6, 16, 64).
cost(6, 17, 32).
cost(6, 18, 38).
cost(6, 19, 33).
cost(6, 20, 45).
cost(7, 1, 79).
cost(7, 2, 85).
cost(7, 3, 70).
cost(7, 4, 84).
cost(7, 5, 8).
cost(7, 6, 11).
cost(7, 8, 13).
cost(7, 9, 50).
cost(7, 10, 46).
cost(7, 11, 43).
cost(7, 12, 55).
cost(7, 13, 79).
cost(7, 14, 79).
cost(7, 15, 67).
cost(7, 16, 74).
cost(7, 17, 32).
cost(7, 18, 37).
cost(7, 19, 31).
cost(7, 20, 46).
cost(8, 1, 75).
cost(8, 2, 78).
cost(8, 3, 64).
cost(8, 4, 77).
cost(8, 5, 5).
cost(8, 6, 8).
cost(8, 7, 13).
cost(8, 9, 37).
cost(8, 10, 34).
cost(8, 11, 31).
cost(8, 12, 44).
cost(8, 13, 66).
cost(8, 14, 67).
cost(8, 15, 55).
cost(8, 16, 61).
cost(8, 17, 40).
cost(8, 18, 46).
cost(8, 19, 41).
cost(8, 20, 53).
cost(9, 1, 62).
cost(9, 2, 56).
cost(9, 3, 51).
cost(9, 4, 57).
cost(9, 5, 43).
cost(9, 6, 40).
cost(9, 7, 50).
cost(9, 8, 37).
cost(9, 10, 6).
cost(9, 11, 9).
cost(9, 12, 11).
cost(9, 13, 29).
cost(9, 14, 30).
cost(9, 15, 18).
cost(9, 16, 24).
cost(9, 17, 66).
cost(9, 18, 72).
cost(9, 19, 69).
cost(9, 20, 74).
cost(10, 1, 57).
cost(10, 2, 53).
cost(10, 3, 46).
cost(10, 4, 53).
cost(10, 5, 39).
cost(10, 6, 36).
cost(10, 7, 46).
cost(10, 8, 34).
cost(10, 9, 6).
cost(10, 11, 4).
cost(10, 12, 10).
cost(10, 13, 33).
cost(10, 14, 33).
cost(10, 15, 21).
cost(10, 16, 28).
cost(10, 17, 61).
cost(10, 18, 66).
cost(10, 19, 63).
cost(10, 20, 68).
cost(11, 1, 59).
cost(11, 2, 55).
cost(11, 3, 47).
cost(11, 4, 55).
cost(11, 5, 36).
cost(11, 6, 33).
cost(11, 7, 43).
cost(11, 8, 31).
cost(11, 9, 9).
cost(11, 10, 4).
cost(11, 12, 13).
cost(11, 13, 37).
cost(11, 14, 36).
cost(11, 15, 25).
cost(11, 16, 32).
cost(11, 17, 58).
cost(11, 18, 64).
cost(11, 19, 61).
cost(11, 20, 65).
cost(12, 1, 52).
cost(12, 2, 45).
cost(12, 3, 41).
cost(12, 4, 46).
cost(12, 5, 49).
cost(12, 6, 45).
cost(12, 7, 55).
cost(12, 8, 44).
cost(12, 9, 11).
cost(12, 10, 10).
cost(12, 11, 13).
cost(12, 13, 27).
cost(12, 14, 23).
cost(12, 15, 13).
cost(12, 16, 22).
cost(12, 17, 66).
cost(12, 18, 72).
cost(12, 19, 70).
cost(12, 20, 72).
cost(13, 1, 69).
cost(13, 2, 55).
cost(13, 3, 60).
cost(13, 4, 57).
cost(13, 5, 71).
cost(13, 6, 69).
cost(13, 7, 79).
cost(13, 8, 66).
cost(13, 9, 29).
cost(13, 10, 33).
cost(13, 11, 37).
cost(13, 12, 27).
cost(13, 14, 13).
cost(13, 15, 13).
cost(13, 16, 6).
cost(13, 17, 93).
cost(13, 18, 99).
cost(13, 19, 96).
cost(13, 20, 98).
cost(14, 1, 57).
cost(14, 2, 43).
cost(14, 3, 49).
cost(14, 4, 45).
cost(14, 5, 72).
cost(14, 6, 68).
cost(14, 7, 79).
cost(14, 8, 67).
cost(14, 9, 30).
cost(14, 10, 33).
cost(14, 11, 36).
cost(14, 12, 23).
cost(14, 13, 13).
cost(14, 15, 12).
cost(14, 16, 14).
cost(14, 17, 88).
cost(14, 18, 94).
cost(14, 19, 92).
cost(14, 20, 92).
cost(15, 1, 59).
cost(15, 2, 48).
cost(15, 3, 49).
cost(15, 4, 49).
cost(15, 5, 60).
cost(15, 6, 57).
cost(15, 7, 67).
cost(15, 8, 55).
cost(15, 9, 18).
cost(15, 10, 21).
cost(15, 11, 25).
cost(15, 12, 13).
cost(15, 13, 13).
cost(15, 14, 12).
cost(15, 16, 10).
cost(15, 17, 80).
cost(15, 18, 85).
cost(15, 19, 83).
cost(15, 20, 85).
cost(16, 1, 68).
cost(16, 2, 56).
cost(16, 3, 59).
cost(16, 4, 57).
cost(16, 5, 66).
cost(16, 6, 64).
cost(16, 7, 74).
cost(16, 8, 61).
cost(16, 9, 24).
cost(16, 10, 28).
cost(16, 11, 32).
cost(16, 12, 22).
cost(16, 13, 6).
cost(16, 14, 14).
cost(16, 15, 10).
cost(16, 17, 88).
cost(16, 18, 94).
cost(16, 19, 91).
cost(16, 20, 94).
cost(17, 1, 66).
cost(17, 2, 78).
cost(17, 3, 59).
cost(17, 4, 76).
cost(17, 5, 37).
cost(17, 6, 32).
cost(17, 7, 32).
cost(17, 8, 40).
cost(17, 9, 66).
cost(17, 10, 61).
cost(17, 11, 58).
cost(17, 12, 66).
cost(17, 13, 93).
cost(17, 14, 88).
cost(17, 15, 80).
cost(17, 16, 88).
cost(17, 18, 6).
cost(17, 19, 5).
cost(17, 20, 14).
cost(18, 1, 68).
cost(18, 2, 82).
cost(18, 3, 63).
cost(18, 4, 80).
cost(18, 5, 42).
cost(18, 6, 38).
cost(18, 7, 37).
cost(18, 8, 46).
cost(18, 9, 72).
cost(18, 10, 66).
cost(18, 11, 64).
cost(18, 12, 72).
cost(18, 13, 99).
cost(18, 14, 94).
cost(18, 15, 85).
cost(18, 16, 94).
cost(18, 17, 6).
cost(18, 19, 6).
cost(18, 20, 12).
cost(19, 1, 71).
cost(19, 2, 83).
cost(19, 3, 64).
cost(19, 4, 81).
cost(19, 5, 37).
cost(19, 6, 33).
cost(19, 7, 31).
cost(19, 8, 41).
cost(19, 9, 69).
cost(19, 10, 63).
cost(19, 11, 61).
cost(19, 12, 70).
cost(19, 13, 96).
cost(19, 14, 92).
cost(19, 15, 83).
cost(19, 16, 91).
cost(19, 17, 5).
cost(19, 18, 6).
cost(19, 20, 17).
cost(20, 1, 60).
cost(20, 2, 74).
cost(20, 3, 56).
cost(20, 4, 72).
cost(20, 5, 50).
cost(20, 6, 45).
cost(20, 7, 46).
cost(20, 8, 53).
cost(20, 9, 74).
cost(20, 10, 68).
cost(20, 11, 65).
cost(20, 12, 72).
cost(20, 13, 98).
cost(20, 14, 92).
cost(20, 15, 85).
cost(20, 16, 94).
cost(20, 17, 14).
cost(20, 18, 12).
cost(20, 19, 17).
nocross(1,2).
nocross(1,3).
nocross(1,4).
nocross(1,17).
nocross(1,18).
nocross(1,20).
nocross(2,1).
nocross(2,3).
nocross(2,4).
nocross(2,12).
nocross(2,14).
nocross(2,15).
nocross(3,1).
nocross(3,2).
nocross(3,4).
nocross(3,10).
nocross(3,11).
nocross(3,12).
nocross(3,14).
nocross(3,17).
nocross(3,18).
nocross(3,19).
nocross(3,20).
nocross(4,1).
nocross(4,2).
nocross(4,3).
nocross(4,12).
nocross(4,14).
nocross(5,6).
nocross(5,7).
nocross(5,8).
nocross(5,9).
nocross(5,10).
nocross(5,11).
nocross(5,12).
nocross(5,13).
nocross(5,15).
nocross(5,16).
nocross(5,17).
nocross(5,19).
nocross(6,5).
nocross(6,7).
nocross(6,8).
nocross(6,9).
nocross(6,10).
nocross(6,11).
nocross(6,12).
nocross(6,13).
nocross(6,15).
nocross(6,16).
nocross(6,17).
nocross(6,18).
nocross(6,19).
nocross(7,5).
nocross(7,6).
nocross(7,8).
nocross(7,9).
nocross(7,10).
nocross(7,11).
nocross(7,12).
nocross(7,16).
nocross(7,17).
nocross(7,18).
nocross(7,19).
nocross(8,5).
nocross(8,6).
nocross(8,7).
nocross(8,9).
nocross(8,10).
nocross(8,11).
nocross(8,12).
nocross(8,13).
nocross(8,15).
nocross(8,16).
nocross(8,17).
nocross(9,5).
nocross(9,6).
nocross(9,7).
nocross(9,8).
nocross(9,10).
nocross(9,11).
nocross(9,12).
nocross(9,15).
nocross(9,16).
nocross(10,2).
nocross(10,4).
nocross(10,5).
nocross(10,6).
nocross(10,7).
nocross(10,8).
nocross(10,9).
nocross(10,11).
nocross(10,12).
nocross(10,13).
nocross(10,15).
nocross(10,16).
nocross(10,17).
nocross(10,19).
nocross(11,4).
nocross(11,5).
nocross(11,6).
nocross(11,7).
nocross(11,8).
nocross(11,9).
nocross(11,10).
nocross(11,12).
nocross(11,13).
nocross(11,15).
nocross(11,16).
nocross(11,17).
nocross(11,19).
nocross(12,2).
nocross(12,4).
nocross(12,5).
nocross(12,6).
nocross(12,9).
nocross(12,10).
nocross(12,11).
nocross(12,14).
nocross(12,15).
nocross(12,17).
nocross(12,19).
nocross(13,2).
nocross(13,4).
nocross(13,5).
nocross(13,8).
nocross(13,9).
nocross(13,10).
nocross(13,11).
nocross(13,12).
nocross(13,14).
nocross(13,15).
nocross(13,16).
nocross(14,2).
nocross(14,3).
nocross(14,4).
nocross(14,10).
nocross(14,11).
nocross(14,12).
nocross(14,13).
nocross(14,15).
nocross(14,16).
nocross(15,2).
nocross(15,4).
nocross(15,5).
nocross(15,6).
nocross(15,7).
nocross(15,8).
nocross(15,9).
nocross(15,10).
nocross(15,11).
nocross(15,12).
nocross(15,13).
nocross(15,14).
nocross(15,16).
nocross(16,2).
nocross(16,5).
nocross(16,6).
nocross(16,8).
nocross(16,9).
nocross(16,10).
nocross(16,11).
nocross(16,12).
nocross(16,13).
nocross(16,14).
nocross(16,15).
nocross(17,6).
nocross(17,7).
nocross(17,9).
nocross(17,10).
nocross(17,11).
nocross(17,18).
nocross(17,19).
nocross(17,20).
nocross(18,5).
nocross(18,6).
nocross(18,7).
nocross(18,17).
nocross(18,19).
nocross(18,20).
nocross(19,5).
nocross(19,6).
nocross(19,7).
nocross(19,17).
nocross(19,18).
nocross(20,17).
nocross(20,18).
nocross(20,19).
