dimension(20).
point(1, 82.470753134, 48.4236176149).
point(2, 84.70812584, 44.7986467614).
point(3, 71.4619879358, 48.1094680699).
point(4, 70.1171125132, 44.6021503985).
point(5, 31.5865304998, 96.526064046).
point(6, 26.7554609244, 96.5255196227).
point(7, 26.6796760635, 95.4854211585).
point(8, 20.7559156603, 94.0358721373).
point(9, 92.295566507, 6.3412387499).
point(10, 83.5547215603, 7.6265207016).
point(11, 88.4970218477, 7.7960693683).
point(12, 98.5117096486, 2.3294008159).
point(13, 13.660811639, 72.3749729577).
point(14, 3.2480452535, 67.5434590729).
point(15, 9.0956878167, 73.6569882942).
point(16, 14.3601888699, 75.8530216377).
point(17, 57.3205180492, 11.6281018737).
point(18, 48.36513019, 20.5898348219).
point(19, 63.4027702507, 21.5505325889).
point(20, 55.7470019224, 27.3338794719).
cost(1, 2, 4).
cost(1, 3, 11).
cost(1, 4, 13).
cost(1, 5, 70).
cost(1, 6, 74).
cost(1, 7, 73).
cost(1, 8, 77).
cost(1, 9, 43).
cost(1, 10, 41).
cost(1, 11, 41).
cost(1, 12, 49).
cost(1, 13, 73).
cost(1, 14, 81).
cost(1, 15, 78).
cost(1, 16, 73).
cost(1, 17, 45).
cost(1, 18, 44).
cost(1, 19, 33).
cost(1, 20, 34).
cost(2, 1, 4).
cost(2, 3, 14).
cost(2, 4, 15).
cost(2, 5, 74).
cost(2, 6, 78).
cost(2, 7, 77).
cost(2, 8, 81).
cost(2, 9, 39).
cost(2, 10, 37).
cost(2, 11, 37).
cost(2, 12, 45).
cost(2, 13, 76).
cost(2, 14, 85).
cost(2, 15, 81).
cost(2, 16, 77).
cost(2, 17, 43).
cost(2, 18, 44).
cost(2, 19, 32).
cost(2, 20, 34).
cost(3, 1, 11).
cost(3, 2, 14).
cost(3, 4, 4).
cost(3, 5, 63).
cost(3, 6, 66).
cost(3, 7, 65).
cost(3, 8, 68).
cost(3, 9, 47).
cost(3, 10, 42).
cost(3, 11, 44).
cost(3, 12, 53).
cost(3, 13, 63).
cost(3, 14, 71).
cost(3, 15, 67).
cost(3, 16, 63).
cost(3, 17, 39).
cost(3, 18, 36).
cost(3, 19, 28).
cost(3, 20, 26).
cost(4, 1, 13).
cost(4, 2, 15).
cost(4, 3, 4).
cost(4, 5, 65).
cost(4, 6, 68).
cost(4, 7, 67).
cost(4, 8, 70).
cost(4, 9, 44).
cost(4, 10, 39).
cost(4, 11, 41).
cost(4, 12, 51).
cost(4, 13, 63).
cost(4, 14, 71).
cost(4, 15, 68).
cost(4, 16, 64).
cost(4, 17, 35).
cost(4, 18, 32).
cost(4, 19, 24).
cost(4, 20, 22).
cost(5, 1, 70).
cost(5, 2, 74).
cost(5, 3, 63).
cost(5, 4, 65).
cost(5, 6, 5).
cost(5, 7, 5).
cost(5, 8, 11).
cost(5, 9, 109).
cost(5, 10, 103).
cost(5, 11, 105).
cost(5, 12, 116).
cost(5, 13, 30).
cost(5, 14, 41).
cost(5, 15, 32).
cost(5, 16, 27).
cost(5, 17, 89).
cost(5, 18, 78).
cost(5, 19, 81).
cost(5, 20, 73).
cost(6, 1, 74).
cost(6, 2, 78).
cost(6, 3, 66).
cost(6, 4, 68).
cost(6, 5, 5).
cost(6, 7, 1).
cost(6, 8, 6).
cost(6, 9, 111).
cost(6, 10, 105).
cost(6, 11, 108).
cost(6, 12, 118).
cost(6, 13, 27).
cost(6, 14, 37).
cost(6, 15, 29).
cost(6, 16, 24).
cost(6, 17, 90).
cost(6, 18, 79).
cost(6, 19, 83).
cost(6, 20, 75).
cost(7, 1, 73).
cost(7, 2, 77).
cost(7, 3, 65).
cost(7, 4, 67).
cost(7, 5, 5).
cost(7, 6, 1).
cost(7, 8, 6).
cost(7, 9, 111).
cost(7, 10, 105).
cost(7, 11, 107).
cost(7, 12, 118).
cost(7, 13, 27).
cost(7, 14, 36).
cost(7, 15, 28).
cost(7, 16, 23).
cost(7, 17, 89).
cost(7, 18, 78).
cost(7, 19, 83).
cost(7, 20, 74).
cost(8, 1, 77).
cost(8, 2, 81).
cost(8, 3, 68).
cost(8, 4, 70).
cost(8, 5, 11).
cost(8, 6, 6).
cost(8, 7, 6).
cost(8, 9, 113).
cost(8, 10, 107).
cost(8, 11, 110).
cost(8, 12, 120).
cost(8, 13, 23).
cost(8, 14, 32).
cost(8, 15, 23).
cost(8, 16, 19).
cost(8, 17, 90).
cost(8, 18, 78).
cost(8, 19, 84).
cost(8, 20, 75).
cost(9, 1, 43).
cost(9, 2, 39).
cost(9, 3, 47).
cost(9, 4, 44).
cost(9, 5, 109).
cost(9, 6, 111).
cost(9, 7, 111).
cost(9, 8, 113).
cost(9, 10, 9).
cost(9, 11, 4).
cost(9, 12, 7).
cost(9, 13, 103).
cost(9, 14, 108).
cost(9, 15, 107).
cost(9, 16, 104).
cost(9, 17, 35).
cost(9, 18, 46).
cost(9, 19, 33).
cost(9, 20, 42).
cost(10, 1, 41).
cost(10, 2, 37).
cost(10, 3, 42).
cost(10, 4, 39).
cost(10, 5, 103).
cost(10, 6, 105).
cost(10, 7, 105).
cost(10, 8, 107).
cost(10, 9, 9).
cost(10, 11, 5).
cost(10, 12, 16).
cost(10, 13, 95).
cost(10, 14, 100).
cost(10, 15, 100).
cost(10, 16, 97).
cost(10, 17, 27).
cost(10, 18, 38).
cost(10, 19, 24).
cost(10, 20, 34).
cost(11, 1, 41).
cost(11, 2, 37).
cost(11, 3, 44).
cost(11, 4, 41).
cost(11, 5, 105).
cost(11, 6, 108).
cost(11, 7, 107).
cost(11, 8, 110).
cost(11, 9, 4).
cost(11, 10, 5).
cost(11, 12, 11).
cost(11, 13, 99).
cost(11, 14, 104).
cost(11, 15, 103).
cost(11, 16, 101).
cost(11, 17, 31).
cost(11, 18, 42).
cost(11, 19, 29).
cost(11, 20, 38).
cost(12, 1, 49).
cost(12, 2, 45).
cost(12, 3, 53).
cost(12, 4, 51).
cost(12, 5, 116).
cost(12, 6, 118).
cost(12, 7, 118).
cost(12, 8, 120).
cost(12, 9, 7).
cost(12, 10, 16).
cost(12, 11, 11).
cost(12, 13, 110).
cost(12, 14, 115).
cost(12, 15, 114).
cost(12, 16, 112).
cost(12, 17, 42).
cost(12, 18, 53).
cost(12, 19, 40).
cost(12, 20, 50).
cost(13, 1, 73).
cost(13, 2, 76).
cost(13, 3, 63).
cost(13, 4, 63).
cost(13, 5, 30).
cost(13, 6, 27).
cost(13, 7, 27).
cost(13, 8, 23).
cost(13, 9, 103).
cost(13, 10, 95).
cost(13, 11, 99).
cost(13, 12, 110).
cost(13, 14, 11).
cost(13, 15, 5).
cost(13, 16, 4).
cost(13, 17, 75).
cost(13, 18, 62).
cost(13, 19, 71).
cost(13, 20, 62).
cost(14, 1, 81).
cost(14, 2, 85).
cost(14, 3, 71).
cost(14, 4, 71).
cost(14, 5, 41).
cost(14, 6, 37).
cost(14, 7, 36).
cost(14, 8, 32).
cost(14, 9, 108).
cost(14, 10, 100).
cost(14, 11, 104).
cost(14, 12, 115).
cost(14, 13, 11).
cost(14, 15, 8).
cost(14, 16, 14).
cost(14, 17, 78).
cost(14, 18, 65).
cost(14, 19, 76).
cost(14, 20, 66).
cost(15, 1, 78).
cost(15, 2, 81).
cost(15, 3, 67).
cost(15, 4, 68).
cost(15, 5, 32).
cost(15, 6, 29).
cost(15, 7, 28).
cost(15, 8, 23).
cost(15, 9, 107).
cost(15, 10, 100).
cost(15, 11, 103).
cost(15, 12, 114).
cost(15, 13, 5).
cost(15, 14, 8).
cost(15, 16, 6).
cost(15, 17, 79).
cost(15, 18, 66).
cost(15, 19, 75).
cost(15, 20, 66).
cost(16, 1, 73).
cost(16, 2, 77).
cost(16, 3, 63).
cost(16, 4, 64).
cost(16, 5, 27).
cost(16, 6, 24).
cost(16, 7, 23).
cost(16, 8, 19).
cost(16, 9, 104).
cost(16, 10, 97).
cost(16, 11, 101).
cost(16, 12, 112).
cost(16, 13, 4).
cost(16, 14, 14).
cost(16, 15, 6).
cost(16, 17, 77).
cost(16, 18, 65).
cost(16, 19, 73).
cost(16, 20, 64).
cost(17, 1, 45).
cost(17, 2, 43).
cost(17, 3, 39).
cost(17, 4, 35).
cost(17, 5, 89).
cost(17, 6, 90).
cost(17, 7, 89).
cost(17, 8, 90).
cost(17, 9, 35).
cost(17, 10, 27).
cost(17, 11, 31).
cost(17, 12, 42).
cost(17, 13, 75).
cost(17, 14, 78).
cost(17, 15, 79).
cost(17, 16, 77).
cost(17, 18, 13).
cost(17, 19, 12).
cost(17, 20, 16).
cost(18, 1, 44).
cost(18, 2, 44).
cost(18, 3, 36).
cost(18, 4, 32).
cost(18, 5, 78).
cost(18, 6, 79).
cost(18, 7, 78).
cost(18, 8, 78).
cost(18, 9, 46).
cost(18, 10, 38).
cost(18, 11, 42).
cost(18, 12, 53).
cost(18, 13, 62).
cost(18, 14, 65).
cost(18, 15, 66).
cost(18, 16, 65).
cost(18, 17, 13).
cost(18, 19, 15).
cost(18, 20, 10).
cost(19, 1, 33).
cost(19, 2, 32).
cost(19, 3, 28).
cost(19, 4, 24).
cost(19, 5, 81).
cost(19, 6, 83).
cost(19, 7, 83).
cost(19, 8, 84).
cost(19, 9, 33).
cost(19, 10, 24).
cost(19, 11, 29).
cost(19, 12, 40).
cost(19, 13, 71).
cost(19, 14, 76).
cost(19, 15, 75).
cost(19, 16, 73).
cost(19, 17, 12).
cost(19, 18, 15).
cost(19, 20, 10).
cost(20, 1, 34).
cost(20, 2, 34).
cost(20, 3, 26).
cost(20, 4, 22).
cost(20, 5, 73).
cost(20, 6, 75).
cost(20, 7, 74).
cost(20, 8, 75).
cost(20, 9, 42).
cost(20, 10, 34).
cost(20, 11, 38).
cost(20, 12, 50).
cost(20, 13, 62).
cost(20, 14, 66).
cost(20, 15, 66).
cost(20, 16, 64).
cost(20, 17, 16).
cost(20, 18, 10).
cost(20, 19, 10).
nocross(1,2).
nocross(1,3).
nocross(1,4).
nocross(1,5).
nocross(1,9).
nocross(1,10).
nocross(1,11).
nocross(1,12).
nocross(1,17).
nocross(1,18).
nocross(1,19).
nocross(1,20).
nocross(2,1).
nocross(2,3).
nocross(2,4).
nocross(2,5).
nocross(2,9).
nocross(2,10).
nocross(2,11).
nocross(2,12).
nocross(2,17).
nocross(2,18).
nocross(2,19).
nocross(2,20).
nocross(3,1).
nocross(3,2).
nocross(3,4).
nocross(3,5).
nocross(3,6).
nocross(3,9).
nocross(3,10).
nocross(3,11).
nocross(3,12).
nocross(3,13).
nocross(3,16).
nocross(3,17).
nocross(3,18).
nocross(3,19).
nocross(3,20).
nocross(4,1).
nocross(4,2).
nocross(4,3).
nocross(4,5).
nocross(4,9).
nocross(4,10).
nocross(4,11).
nocross(4,12).
nocross(4,13).
nocross(4,17).
nocross(4,18).
nocross(4,19).
nocross(4,20).
nocross(5,1).
nocross(5,2).
nocross(5,3).
nocross(5,4).
nocross(5,6).
nocross(5,7).
nocross(5,8).
nocross(5,13).
nocross(5,14).
nocross(5,15).
nocross(5,16).
nocross(5,18).
nocross(5,20).
nocross(6,1).
nocross(6,5).
nocross(6,7).
nocross(6,8).
nocross(6,13).
nocross(6,14).
nocross(6,15).
nocross(6,16).
nocross(6,20).
nocross(7,1).
nocross(7,3).
nocross(7,5).
nocross(7,6).
nocross(7,8).
nocross(7,13).
nocross(7,14).
nocross(7,15).
nocross(7,16).
nocross(7,18).
nocross(7,20).
nocross(8,5).
nocross(8,6).
nocross(8,7).
nocross(8,13).
nocross(8,14).
nocross(8,15).
nocross(8,16).
nocross(8,18).
nocross(8,20).
nocross(9,1).
nocross(9,2).
nocross(9,3).
nocross(9,4).
nocross(9,10).
nocross(9,11).
nocross(9,12).
nocross(9,17).
nocross(9,18).
nocross(9,19).
nocross(9,20).
nocross(10,1).
nocross(10,2).
nocross(10,3).
nocross(10,4).
nocross(10,9).
nocross(10,11).
nocross(10,12).
nocross(10,17).
nocross(10,18).
nocross(10,19).
nocross(10,20).
nocross(11,1).
nocross(11,2).
nocross(11,3).
nocross(11,4).
nocross(11,9).
nocross(11,10).
nocross(11,12).
nocross(11,17).
nocross(11,18).
nocross(11,19).
nocross(11,20).
nocross(12,1).
nocross(12,2).
nocross(12,3).
nocross(12,4).
nocross(12,9).
nocross(12,10).
nocross(12,11).
nocross(12,17).
nocross(12,18).
nocross(12,19).
nocross(12,20).
nocross(13,5).
nocross(13,6).
nocross(13,7).
nocross(13,8).
nocross(13,14).
nocross(13,15).
nocross(13,16).
nocross(13,18).
nocross(13,20).
nocross(14,5).
nocross(14,6).
nocross(14,7).
nocross(14,8).
nocross(14,13).
nocross(14,15).
nocross(14,16).
nocross(14,18).
nocross(14,19).
nocross(14,20).
nocross(15,5).
nocross(15,6).
nocross(15,7).
nocross(15,8).
nocross(15,13).
nocross(15,14).
nocross(15,16).
nocross(15,18).
nocross(15,20).
nocross(16,3).
nocross(16,5).
nocross(16,6).
nocross(16,7).
nocross(16,8).
nocross(16,13).
nocross(16,14).
nocross(16,15).
nocross(16,18).
nocross(16,20).
nocross(17,1).
nocross(17,2).
nocross(17,3).
nocross(17,4).
nocross(17,9).
nocross(17,10).
nocross(17,11).
nocross(17,12).
nocross(17,14).
nocross(17,18).
nocross(17,19).
nocross(17,20).
nocross(18,1).
nocross(18,2).
nocross(18,3).
nocross(18,4).
nocross(18,9).
nocross(18,10).
nocross(18,11).
nocross(18,12).
nocross(18,13).
nocross(18,14).
nocross(18,15).
nocross(18,16).
nocross(18,17).
nocross(18,19).
nocross(18,20).
nocross(19,1).
nocross(19,2).
nocross(19,3).
nocross(19,4).
nocross(19,9).
nocross(19,10).
nocross(19,11).
nocross(19,12).
nocross(19,17).
nocross(19,18).
nocross(19,20).
nocross(20,1).
nocross(20,2).
nocross(20,3).
nocross(20,4).
nocross(20,9).
nocross(20,10).
nocross(20,11).
nocross(20,12).
nocross(20,13).
nocross(20,14).
nocross(20,15).
nocross(20,16).
nocross(20,17).
nocross(20,18).
nocross(20,19).
