dimension(20).
point(1, 76.774015036, 95.8147235087).
point(2, 94.1451845274, 83.1860804135).
point(3, 31.6752386366, 15.3180543975).
point(4, 37.3990333582, 23.846113672).
point(5, 86.355750015, 82.940505107).
point(6, 98.6105861283, 62.7725616017).
point(7, 97.4022379332, 66.7871588673).
point(8, 81.0813068388, 90.6397755506).
point(9, 49.1841429682, 26.5743903319).
point(10, 20.4956897392, 36.5513078284).
point(11, 59.4271337557, 40.3091667204).
point(12, 76.4941692033, 19.4407873693).
point(13, 53.5581751902, 97.1087045601).
point(14, 31.6386639538, 58.1286336405).
point(15, 57.1058670526, 17.6142468309).
point(16, 56.9446622795, 93.8202370379).
point(17, 48.4379154903, 34.062206337).
point(18, 55.8067326725, 10.5329917277).
point(19, 56.321542531, 99.303167063).
point(20, 74.0463936262, 79.6513347021).
cost(1, 2, 21).
cost(1, 3, 92).
cost(1, 4, 82).
cost(1, 5, 16).
cost(1, 6, 40).
cost(1, 7, 36).
cost(1, 8, 7).
cost(1, 9, 75).
cost(1, 10, 82).
cost(1, 11, 58).
cost(1, 12, 76).
cost(1, 13, 23).
cost(1, 14, 59).
cost(1, 15, 81).
cost(1, 16, 20).
cost(1, 17, 68).
cost(1, 18, 88).
cost(1, 19, 21).
cost(1, 20, 16).
cost(2, 1, 21).
cost(2, 3, 92).
cost(2, 4, 82).
cost(2, 5, 8).
cost(2, 6, 21).
cost(2, 7, 17).
cost(2, 8, 15).
cost(2, 9, 72).
cost(2, 10, 87).
cost(2, 11, 55).
cost(2, 12, 66).
cost(2, 13, 43).
cost(2, 14, 67).
cost(2, 15, 75).
cost(2, 16, 39).
cost(2, 17, 67).
cost(2, 18, 82).
cost(2, 19, 41).
cost(2, 20, 20).
cost(3, 1, 92).
cost(3, 2, 92).
cost(3, 4, 10).
cost(3, 5, 87).
cost(3, 6, 82).
cost(3, 7, 83).
cost(3, 8, 90).
cost(3, 9, 21).
cost(3, 10, 24).
cost(3, 11, 37).
cost(3, 12, 45).
cost(3, 13, 85).
cost(3, 14, 43).
cost(3, 15, 26).
cost(3, 16, 82).
cost(3, 17, 25).
cost(3, 18, 25).
cost(3, 19, 88).
cost(3, 20, 77).
cost(4, 1, 82).
cost(4, 2, 82).
cost(4, 3, 10).
cost(4, 5, 77).
cost(4, 6, 73).
cost(4, 7, 74).
cost(4, 8, 80).
cost(4, 9, 12).
cost(4, 10, 21).
cost(4, 11, 28).
cost(4, 12, 39).
cost(4, 13, 75).
cost(4, 14, 35).
cost(4, 15, 21).
cost(4, 16, 73).
cost(4, 17, 15).
cost(4, 18, 23).
cost(4, 19, 78).
cost(4, 20, 67).
cost(5, 1, 16).
cost(5, 2, 8).
cost(5, 3, 87).
cost(5, 4, 77).
cost(5, 6, 24).
cost(5, 7, 20).
cost(5, 8, 9).
cost(5, 9, 68).
cost(5, 10, 81).
cost(5, 11, 50).
cost(5, 12, 64).
cost(5, 13, 36).
cost(5, 14, 60).
cost(5, 15, 72).
cost(5, 16, 31).
cost(5, 17, 62).
cost(5, 18, 79).
cost(5, 19, 34).
cost(5, 20, 13).
cost(6, 1, 40).
cost(6, 2, 21).
cost(6, 3, 82).
cost(6, 4, 73).
cost(6, 5, 24).
cost(6, 7, 4).
cost(6, 8, 33).
cost(6, 9, 61).
cost(6, 10, 82).
cost(6, 11, 45).
cost(6, 12, 49).
cost(6, 13, 57).
cost(6, 14, 67).
cost(6, 15, 61).
cost(6, 16, 52).
cost(6, 17, 58).
cost(6, 18, 68).
cost(6, 19, 56).
cost(6, 20, 30).
cost(7, 1, 36).
cost(7, 2, 17).
cost(7, 3, 83).
cost(7, 4, 74).
cost(7, 5, 20).
cost(7, 6, 4).
cost(7, 8, 29).
cost(7, 9, 63).
cost(7, 10, 83).
cost(7, 11, 46).
cost(7, 12, 52).
cost(7, 13, 53).
cost(7, 14, 66).
cost(7, 15, 64).
cost(7, 16, 49).
cost(7, 17, 59).
cost(7, 18, 70).
cost(7, 19, 52).
cost(7, 20, 27).
cost(8, 1, 7).
cost(8, 2, 15).
cost(8, 3, 90).
cost(8, 4, 80).
cost(8, 5, 9).
cost(8, 6, 33).
cost(8, 7, 29).
cost(8, 9, 72).
cost(8, 10, 81).
cost(8, 11, 55).
cost(8, 12, 71).
cost(8, 13, 28).
cost(8, 14, 59).
cost(8, 15, 77).
cost(8, 16, 24).
cost(8, 17, 65).
cost(8, 18, 84).
cost(8, 19, 26).
cost(8, 20, 13).
cost(9, 1, 75).
cost(9, 2, 72).
cost(9, 3, 21).
cost(9, 4, 12).
cost(9, 5, 68).
cost(9, 6, 61).
cost(9, 7, 63).
cost(9, 8, 72).
cost(9, 10, 30).
cost(9, 11, 17).
cost(9, 12, 28).
cost(9, 13, 71).
cost(9, 14, 36).
cost(9, 15, 12).
cost(9, 16, 68).
cost(9, 17, 8).
cost(9, 18, 17).
cost(9, 19, 73).
cost(9, 20, 59).
cost(10, 1, 82).
cost(10, 2, 87).
cost(10, 3, 24).
cost(10, 4, 21).
cost(10, 5, 81).
cost(10, 6, 82).
cost(10, 7, 83).
cost(10, 8, 81).
cost(10, 9, 30).
cost(10, 11, 39).
cost(10, 12, 59).
cost(10, 13, 69).
cost(10, 14, 24).
cost(10, 15, 41).
cost(10, 16, 68).
cost(10, 17, 28).
cost(10, 18, 44).
cost(10, 19, 72).
cost(10, 20, 69).
cost(11, 1, 58).
cost(11, 2, 55).
cost(11, 3, 37).
cost(11, 4, 28).
cost(11, 5, 50).
cost(11, 6, 45).
cost(11, 7, 46).
cost(11, 8, 55).
cost(11, 9, 17).
cost(11, 10, 39).
cost(11, 12, 27).
cost(11, 13, 57).
cost(11, 14, 33).
cost(11, 15, 23).
cost(11, 16, 54).
cost(11, 17, 13).
cost(11, 18, 30).
cost(11, 19, 59).
cost(11, 20, 42).
cost(12, 1, 76).
cost(12, 2, 66).
cost(12, 3, 45).
cost(12, 4, 39).
cost(12, 5, 64).
cost(12, 6, 49).
cost(12, 7, 52).
cost(12, 8, 71).
cost(12, 9, 28).
cost(12, 10, 59).
cost(12, 11, 27).
cost(12, 13, 81).
cost(12, 14, 59).
cost(12, 15, 19).
cost(12, 16, 77).
cost(12, 17, 32).
cost(12, 18, 23).
cost(12, 19, 82).
cost(12, 20, 60).
cost(13, 1, 23).
cost(13, 2, 43).
cost(13, 3, 85).
cost(13, 4, 75).
cost(13, 5, 36).
cost(13, 6, 57).
cost(13, 7, 53).
cost(13, 8, 28).
cost(13, 9, 71).
cost(13, 10, 69).
cost(13, 11, 57).
cost(13, 12, 81).
cost(13, 14, 45).
cost(13, 15, 80).
cost(13, 16, 5).
cost(13, 17, 63).
cost(13, 18, 87).
cost(13, 19, 4).
cost(13, 20, 27).
cost(14, 1, 59).
cost(14, 2, 67).
cost(14, 3, 43).
cost(14, 4, 35).
cost(14, 5, 60).
cost(14, 6, 67).
cost(14, 7, 66).
cost(14, 8, 59).
cost(14, 9, 36).
cost(14, 10, 24).
cost(14, 11, 33).
cost(14, 12, 59).
cost(14, 13, 45).
cost(14, 15, 48).
cost(14, 16, 44).
cost(14, 17, 29).
cost(14, 18, 53).
cost(14, 19, 48).
cost(14, 20, 48).
cost(15, 1, 81).
cost(15, 2, 75).
cost(15, 3, 26).
cost(15, 4, 21).
cost(15, 5, 72).
cost(15, 6, 61).
cost(15, 7, 64).
cost(15, 8, 77).
cost(15, 9, 12).
cost(15, 10, 41).
cost(15, 11, 23).
cost(15, 12, 19).
cost(15, 13, 80).
cost(15, 14, 48).
cost(15, 16, 76).
cost(15, 17, 19).
cost(15, 18, 7).
cost(15, 19, 82).
cost(15, 20, 64).
cost(16, 1, 20).
cost(16, 2, 39).
cost(16, 3, 82).
cost(16, 4, 73).
cost(16, 5, 31).
cost(16, 6, 52).
cost(16, 7, 49).
cost(16, 8, 24).
cost(16, 9, 68).
cost(16, 10, 68).
cost(16, 11, 54).
cost(16, 12, 77).
cost(16, 13, 5).
cost(16, 14, 44).
cost(16, 15, 76).
cost(16, 17, 60).
cost(16, 18, 83).
cost(16, 19, 6).
cost(16, 20, 22).
cost(17, 1, 68).
cost(17, 2, 67).
cost(17, 3, 25).
cost(17, 4, 15).
cost(17, 5, 62).
cost(17, 6, 58).
cost(17, 7, 59).
cost(17, 8, 65).
cost(17, 9, 8).
cost(17, 10, 28).
cost(17, 11, 13).
cost(17, 12, 32).
cost(17, 13, 63).
cost(17, 14, 29).
cost(17, 15, 19).
cost(17, 16, 60).
cost(17, 18, 25).
cost(17, 19, 66).
cost(17, 20, 52).
cost(18, 1, 88).
cost(18, 2, 82).
cost(18, 3, 25).
cost(18, 4, 23).
cost(18, 5, 79).
cost(18, 6, 68).
cost(18, 7, 70).
cost(18, 8, 84).
cost(18, 9, 17).
cost(18, 10, 44).
cost(18, 11, 30).
cost(18, 12, 23).
cost(18, 13, 87).
cost(18, 14, 53).
cost(18, 15, 7).
cost(18, 16, 83).
cost(18, 17, 25).
cost(18, 19, 89).
cost(18, 20, 71).
cost(19, 1, 21).
cost(19, 2, 41).
cost(19, 3, 88).
cost(19, 4, 78).
cost(19, 5, 34).
cost(19, 6, 56).
cost(19, 7, 52).
cost(19, 8, 26).
cost(19, 9, 73).
cost(19, 10, 72).
cost(19, 11, 59).
cost(19, 12, 82).
cost(19, 13, 4).
cost(19, 14, 48).
cost(19, 15, 82).
cost(19, 16, 6).
cost(19, 17, 66).
cost(19, 18, 89).
cost(19, 20, 26).
cost(20, 1, 16).
cost(20, 2, 20).
cost(20, 3, 77).
cost(20, 4, 67).
cost(20, 5, 13).
cost(20, 6, 30).
cost(20, 7, 27).
cost(20, 8, 13).
cost(20, 9, 59).
cost(20, 10, 69).
cost(20, 11, 42).
cost(20, 12, 60).
cost(20, 13, 27).
cost(20, 14, 48).
cost(20, 15, 64).
cost(20, 16, 22).
cost(20, 17, 52).
cost(20, 18, 71).
cost(20, 19, 26).
nocross(1,2).
nocross(1,5).
nocross(1,7).
nocross(1,8).
nocross(1,13).
nocross(1,16).
nocross(1,19).
nocross(1,20).
nocross(2,1).
nocross(2,5).
nocross(2,6).
nocross(2,7).
nocross(2,8).
nocross(2,16).
nocross(2,20).
nocross(3,4).
nocross(3,9).
nocross(3,10).
nocross(3,11).
nocross(3,12).
nocross(3,14).
nocross(3,15).
nocross(3,17).
nocross(3,18).
nocross(4,3).
nocross(4,9).
nocross(4,10).
nocross(4,11).
nocross(4,12).
nocross(4,14).
nocross(4,15).
nocross(4,17).
nocross(4,18).
nocross(5,1).
nocross(5,2).
nocross(5,7).
nocross(5,8).
nocross(5,16).
nocross(5,20).
nocross(6,2).
nocross(6,5).
nocross(6,7).
nocross(6,8).
nocross(6,11).
nocross(6,20).
nocross(7,2).
nocross(7,5).
nocross(7,6).
nocross(7,8).
nocross(7,20).
nocross(8,1).
nocross(8,2).
nocross(8,5).
nocross(8,7).
nocross(8,13).
nocross(8,16).
nocross(8,19).
nocross(8,20).
nocross(9,3).
nocross(9,4).
nocross(9,6).
nocross(9,7).
nocross(9,10).
nocross(9,11).
nocross(9,12).
nocross(9,14).
nocross(9,15).
nocross(9,17).
nocross(9,18).
nocross(10,3).
nocross(10,4).
nocross(10,9).
nocross(10,11).
nocross(10,13).
nocross(10,14).
nocross(10,15).
nocross(10,17).
nocross(10,18).
nocross(10,19).
nocross(11,1).
nocross(11,2).
nocross(11,4).
nocross(11,5).
nocross(11,6).
nocross(11,7).
nocross(11,8).
nocross(11,9).
nocross(11,12).
nocross(11,13).
nocross(11,14).
nocross(11,15).
nocross(11,16).
nocross(11,17).
nocross(11,18).
nocross(11,19).
nocross(12,3).
nocross(12,4).
nocross(12,6).
nocross(12,7).
nocross(12,9).
nocross(12,11).
nocross(12,15).
nocross(12,17).
nocross(12,18).
nocross(13,1).
nocross(13,5).
nocross(13,8).
nocross(13,16).
nocross(13,19).
nocross(13,20).
nocross(14,3).
nocross(14,4).
nocross(14,9).
nocross(14,10).
nocross(14,11).
nocross(14,13).
nocross(14,16).
nocross(14,17).
nocross(14,19).
nocross(15,3).
nocross(15,4).
nocross(15,6).
nocross(15,7).
nocross(15,9).
nocross(15,11).
nocross(15,12).
nocross(15,17).
nocross(15,18).
nocross(16,1).
nocross(16,5).
nocross(16,7).
nocross(16,8).
nocross(16,13).
nocross(16,14).
nocross(16,19).
nocross(16,20).
nocross(17,3).
nocross(17,4).
nocross(17,6).
nocross(17,7).
nocross(17,9).
nocross(17,10).
nocross(17,11).
nocross(17,12).
nocross(17,13).
nocross(17,14).
nocross(17,15).
nocross(17,16).
nocross(17,18).
nocross(17,19).
nocross(18,3).
nocross(18,4).
nocross(18,6).
nocross(18,9).
nocross(18,11).
nocross(18,12).
nocross(18,15).
nocross(18,17).
nocross(19,1).
nocross(19,5).
nocross(19,8).
nocross(19,13).
nocross(19,16).
nocross(19,20).
nocross(20,1).
nocross(20,2).
nocross(20,5).
nocross(20,7).
nocross(20,8).
nocross(20,13).
nocross(20,14).
nocross(20,16).
nocross(20,19).
