dimension(20).
point(1, 87.1149118115, 61.702952509).
point(2, 38.9637025645, 20.032814402).
point(3, 39.3344086087, 77.9454432853).
point(4, 34.6729459331, 74.8467680363).
point(5, 48.1459648253, 82.2585683864).
point(6, 60.2058738315, 4.7287983055).
point(7, 44.9549094747, 57.7973475341).
point(8, 87.0428542668, 53.941159015).
point(9, 41.9351150806, 80.7000665043).
point(10, 46.8731138218, 26.7422586109).
point(11, 27.3706379835, 36.6163176232).
point(12, 27.3006954386, 17.2987696165).
point(13, 59.5013351622, 12.5344922231).
point(14, 13.5515465933, 9.7839665812).
point(15, 42.7247802649, 24.636076276).
point(16, 35.9054442781, 70.2179829866).
point(17, 58.8237215253, 49.7581449735).
point(18, 18.3317490667, 42.8555765198).
point(19, 85.5430925729, 75.0262999094).
point(20, 34.5703010279, 26.3051761654).
cost(1, 2, 64).
cost(1, 3, 50).
cost(1, 4, 54).
cost(1, 5, 44).
cost(1, 6, 63).
cost(1, 7, 42).
cost(1, 8, 8).
cost(1, 9, 49).
cost(1, 10, 53).
cost(1, 11, 65).
cost(1, 12, 74).
cost(1, 13, 56).
cost(1, 14, 90).
cost(1, 15, 58).
cost(1, 16, 52).
cost(1, 17, 31).
cost(1, 18, 71).
cost(1, 19, 13).
cost(1, 20, 63).
cost(2, 1, 64).
cost(2, 3, 58).
cost(2, 4, 55).
cost(2, 5, 63).
cost(2, 6, 26).
cost(2, 7, 38).
cost(2, 8, 59).
cost(2, 9, 61).
cost(2, 10, 10).
cost(2, 11, 20).
cost(2, 12, 12).
cost(2, 13, 22).
cost(2, 14, 27).
cost(2, 15, 6).
cost(2, 16, 50).
cost(2, 17, 36).
cost(2, 18, 31).
cost(2, 19, 72).
cost(2, 20, 8).
cost(3, 1, 50).
cost(3, 2, 58).
cost(3, 4, 6).
cost(3, 5, 10).
cost(3, 6, 76).
cost(3, 7, 21).
cost(3, 8, 53).
cost(3, 9, 4).
cost(3, 10, 52).
cost(3, 11, 43).
cost(3, 12, 62).
cost(3, 13, 68).
cost(3, 14, 73).
cost(3, 15, 53).
cost(3, 16, 8).
cost(3, 17, 34).
cost(3, 18, 41).
cost(3, 19, 46).
cost(3, 20, 52).
cost(4, 1, 54).
cost(4, 2, 55).
cost(4, 3, 6).
cost(4, 5, 15).
cost(4, 6, 75).
cost(4, 7, 20).
cost(4, 8, 56).
cost(4, 9, 9).
cost(4, 10, 50).
cost(4, 11, 39).
cost(4, 12, 58).
cost(4, 13, 67).
cost(4, 14, 68).
cost(4, 15, 51).
cost(4, 16, 5).
cost(4, 17, 35).
cost(4, 18, 36).
cost(4, 19, 51).
cost(4, 20, 49).
cost(5, 1, 44).
cost(5, 2, 63).
cost(5, 3, 10).
cost(5, 4, 15).
cost(5, 6, 78).
cost(5, 7, 25).
cost(5, 8, 48).
cost(5, 9, 6).
cost(5, 10, 56).
cost(5, 11, 50).
cost(5, 12, 68).
cost(5, 13, 71).
cost(5, 14, 80).
cost(5, 15, 58).
cost(5, 16, 17).
cost(5, 17, 34).
cost(5, 18, 49).
cost(5, 19, 38).
cost(5, 20, 58).
cost(6, 1, 63).
cost(6, 2, 26).
cost(6, 3, 76).
cost(6, 4, 75).
cost(6, 5, 78).
cost(6, 7, 55).
cost(6, 8, 56).
cost(6, 9, 78).
cost(6, 10, 26).
cost(6, 11, 46).
cost(6, 12, 35).
cost(6, 13, 8).
cost(6, 14, 47).
cost(6, 15, 26).
cost(6, 16, 70).
cost(6, 17, 45).
cost(6, 18, 57).
cost(6, 19, 75).
cost(6, 20, 34).
cost(7, 1, 42).
cost(7, 2, 38).
cost(7, 3, 21).
cost(7, 4, 20).
cost(7, 5, 25).
cost(7, 6, 55).
cost(7, 8, 42).
cost(7, 9, 23).
cost(7, 10, 31).
cost(7, 11, 28).
cost(7, 12, 44).
cost(7, 13, 48).
cost(7, 14, 57).
cost(7, 15, 33).
cost(7, 16, 15).
cost(7, 17, 16).
cost(7, 18, 31).
cost(7, 19, 44).
cost(7, 20, 33).
cost(8, 1, 8).
cost(8, 2, 59).
cost(8, 3, 53).
cost(8, 4, 56).
cost(8, 5, 48).
cost(8, 6, 56).
cost(8, 7, 42).
cost(8, 9, 52).
cost(8, 10, 49).
cost(8, 11, 62).
cost(8, 12, 70).
cost(8, 13, 50).
cost(8, 14, 86).
cost(8, 15, 53).
cost(8, 16, 54).
cost(8, 17, 29).
cost(8, 18, 70).
cost(8, 19, 21).
cost(8, 20, 59).
cost(9, 1, 49).
cost(9, 2, 61).
cost(9, 3, 4).
cost(9, 4, 9).
cost(9, 5, 6).
cost(9, 6, 78).
cost(9, 7, 23).
cost(9, 8, 52).
cost(9, 10, 54).
cost(9, 11, 46).
cost(9, 12, 65).
cost(9, 13, 70).
cost(9, 14, 76).
cost(9, 15, 56).
cost(9, 16, 12).
cost(9, 17, 35).
cost(9, 18, 45).
cost(9, 19, 44).
cost(9, 20, 55).
cost(10, 1, 53).
cost(10, 2, 10).
cost(10, 3, 52).
cost(10, 4, 50).
cost(10, 5, 56).
cost(10, 6, 26).
cost(10, 7, 31).
cost(10, 8, 49).
cost(10, 9, 54).
cost(10, 11, 22).
cost(10, 12, 22).
cost(10, 13, 19).
cost(10, 14, 37).
cost(10, 15, 5).
cost(10, 16, 45).
cost(10, 17, 26).
cost(10, 18, 33).
cost(10, 19, 62).
cost(10, 20, 12).
cost(11, 1, 65).
cost(11, 2, 20).
cost(11, 3, 43).
cost(11, 4, 39).
cost(11, 5, 50).
cost(11, 6, 46).
cost(11, 7, 28).
cost(11, 8, 62).
cost(11, 9, 46).
cost(11, 10, 22).
cost(11, 12, 19).
cost(11, 13, 40).
cost(11, 14, 30).
cost(11, 15, 19).
cost(11, 16, 35).
cost(11, 17, 34).
cost(11, 18, 11).
cost(11, 19, 70).
cost(11, 20, 13).
cost(12, 1, 74).
cost(12, 2, 12).
cost(12, 3, 62).
cost(12, 4, 58).
cost(12, 5, 68).
cost(12, 6, 35).
cost(12, 7, 44).
cost(12, 8, 70).
cost(12, 9, 65).
cost(12, 10, 22).
cost(12, 11, 19).
cost(12, 13, 33).
cost(12, 14, 16).
cost(12, 15, 17).
cost(12, 16, 54).
cost(12, 17, 45).
cost(12, 18, 27).
cost(12, 19, 82).
cost(12, 20, 12).
cost(13, 1, 56).
cost(13, 2, 22).
cost(13, 3, 68).
cost(13, 4, 67).
cost(13, 5, 71).
cost(13, 6, 8).
cost(13, 7, 48).
cost(13, 8, 50).
cost(13, 9, 70).
cost(13, 10, 19).
cost(13, 11, 40).
cost(13, 12, 33).
cost(13, 14, 46).
cost(13, 15, 21).
cost(13, 16, 62).
cost(13, 17, 37).
cost(13, 18, 51).
cost(13, 19, 68).
cost(13, 20, 28).
cost(14, 1, 90).
cost(14, 2, 27).
cost(14, 3, 73).
cost(14, 4, 68).
cost(14, 5, 80).
cost(14, 6, 47).
cost(14, 7, 57).
cost(14, 8, 86).
cost(14, 9, 76).
cost(14, 10, 37).
cost(14, 11, 30).
cost(14, 12, 16).
cost(14, 13, 46).
cost(14, 15, 33).
cost(14, 16, 64).
cost(14, 17, 60).
cost(14, 18, 33).
cost(14, 19, 97).
cost(14, 20, 27).
cost(15, 1, 58).
cost(15, 2, 6).
cost(15, 3, 53).
cost(15, 4, 51).
cost(15, 5, 58).
cost(15, 6, 26).
cost(15, 7, 33).
cost(15, 8, 53).
cost(15, 9, 56).
cost(15, 10, 5).
cost(15, 11, 19).
cost(15, 12, 17).
cost(15, 13, 21).
cost(15, 14, 33).
cost(15, 16, 46).
cost(15, 17, 30).
cost(15, 18, 30).
cost(15, 19, 66).
cost(15, 20, 8).
cost(16, 1, 52).
cost(16, 2, 50).
cost(16, 3, 8).
cost(16, 4, 5).
cost(16, 5, 17).
cost(16, 6, 70).
cost(16, 7, 15).
cost(16, 8, 54).
cost(16, 9, 12).
cost(16, 10, 45).
cost(16, 11, 35).
cost(16, 12, 54).
cost(16, 13, 62).
cost(16, 14, 64).
cost(16, 15, 46).
cost(16, 17, 31).
cost(16, 18, 33).
cost(16, 19, 50).
cost(16, 20, 44).
cost(17, 1, 31).
cost(17, 2, 36).
cost(17, 3, 34).
cost(17, 4, 35).
cost(17, 5, 34).
cost(17, 6, 45).
cost(17, 7, 16).
cost(17, 8, 29).
cost(17, 9, 35).
cost(17, 10, 26).
cost(17, 11, 34).
cost(17, 12, 45).
cost(17, 13, 37).
cost(17, 14, 60).
cost(17, 15, 30).
cost(17, 16, 31).
cost(17, 18, 41).
cost(17, 19, 37).
cost(17, 20, 34).
cost(18, 1, 71).
cost(18, 2, 31).
cost(18, 3, 41).
cost(18, 4, 36).
cost(18, 5, 49).
cost(18, 6, 57).
cost(18, 7, 31).
cost(18, 8, 70).
cost(18, 9, 45).
cost(18, 10, 33).
cost(18, 11, 11).
cost(18, 12, 27).
cost(18, 13, 51).
cost(18, 14, 33).
cost(18, 15, 30).
cost(18, 16, 33).
cost(18, 17, 41).
cost(18, 19, 75).
cost(18, 20, 23).
cost(19, 1, 13).
cost(19, 2, 72).
cost(19, 3, 46).
cost(19, 4, 51).
cost(19, 5, 38).
cost(19, 6, 75).
cost(19, 7, 44).
cost(19, 8, 21).
cost(19, 9, 44).
cost(19, 10, 62).
cost(19, 11, 70).
cost(19, 12, 82).
cost(19, 13, 68).
cost(19, 14, 97).
cost(19, 15, 66).
cost(19, 16, 50).
cost(19, 17, 37).
cost(19, 18, 75).
cost(19, 20, 71).
cost(20, 1, 63).
cost(20, 2, 8).
cost(20, 3, 52).
cost(20, 4, 49).
cost(20, 5, 58).
cost(20, 6, 34).
cost(20, 7, 33).
cost(20, 8, 59).
cost(20, 9, 55).
cost(20, 10, 12).
cost(20, 11, 13).
cost(20, 12, 12).
cost(20, 13, 28).
cost(20, 14, 27).
cost(20, 15, 8).
cost(20, 16, 44).
cost(20, 17, 34).
cost(20, 18, 23).
cost(20, 19, 71).
nocross(1,5).
nocross(1,8).
nocross(1,9).
nocross(1,10).
nocross(1,17).
nocross(1,19).
nocross(2,6).
nocross(2,10).
nocross(2,11).
nocross(2,12).
nocross(2,13).
nocross(2,14).
nocross(2,15).
nocross(2,18).
nocross(2,20).
nocross(3,1).
nocross(3,4).
nocross(3,7).
nocross(3,9).
nocross(3,16).
nocross(3,19).
nocross(4,1).
nocross(4,3).
nocross(4,7).
nocross(4,9).
nocross(4,16).
nocross(4,18).
nocross(4,19).
nocross(5,1).
nocross(5,3).
nocross(5,7).
nocross(5,8).
nocross(5,9).
nocross(5,16).
nocross(5,17).
nocross(5,19).
nocross(6,2).
nocross(6,8).
nocross(6,10).
nocross(6,13).
nocross(6,15).
nocross(6,20).
nocross(7,1).
nocross(7,2).
nocross(7,3).
nocross(7,5).
nocross(7,8).
nocross(7,9).
nocross(7,10).
nocross(7,11).
nocross(7,15).
nocross(7,16).
nocross(7,17).
nocross(7,18).
nocross(7,19).
nocross(7,20).
nocross(8,1).
nocross(8,5).
nocross(8,6).
nocross(8,10).
nocross(8,13).
nocross(8,17).
nocross(8,19).
nocross(9,1).
nocross(9,3).
nocross(9,4).
nocross(9,5).
nocross(9,7).
nocross(9,8).
nocross(9,16).
nocross(9,19).
nocross(10,1).
nocross(10,2).
nocross(10,6).
nocross(10,7).
nocross(10,8).
nocross(10,11).
nocross(10,12).
nocross(10,13).
nocross(10,15).
nocross(10,17).
nocross(10,20).
nocross(11,2).
nocross(11,3).
nocross(11,4).
nocross(11,7).
nocross(11,10).
nocross(11,12).
nocross(11,14).
nocross(11,15).
nocross(11,16).
nocross(11,17).
nocross(11,18).
nocross(11,20).
nocross(12,2).
nocross(12,6).
nocross(12,10).
nocross(12,11).
nocross(12,13).
nocross(12,14).
nocross(12,15).
nocross(12,18).
nocross(12,20).
nocross(13,1).
nocross(13,2).
nocross(13,6).
nocross(13,8).
nocross(13,10).
nocross(13,12).
nocross(13,15).
nocross(13,17).
nocross(13,20).
nocross(14,2).
nocross(14,6).
nocross(14,10).
nocross(14,11).
nocross(14,12).
nocross(14,15).
nocross(14,18).
nocross(14,20).
nocross(15,2).
nocross(15,6).
nocross(15,7).
nocross(15,10).
nocross(15,11).
nocross(15,12).
nocross(15,13).
nocross(15,14).
nocross(15,17).
nocross(15,18).
nocross(15,20).
nocross(16,1).
nocross(16,3).
nocross(16,4).
nocross(16,7).
nocross(16,11).
nocross(16,17).
nocross(16,18).
nocross(16,19).
nocross(17,1).
nocross(17,2).
nocross(17,3).
nocross(17,4).
nocross(17,5).
nocross(17,6).
nocross(17,7).
nocross(17,8).
nocross(17,9).
nocross(17,10).
nocross(17,11).
nocross(17,13).
nocross(17,15).
nocross(17,16).
nocross(17,19).
nocross(17,20).
nocross(18,2).
nocross(18,3).
nocross(18,4).
nocross(18,7).
nocross(18,9).
nocross(18,10).
nocross(18,11).
nocross(18,12).
nocross(18,14).
nocross(18,15).
nocross(18,16).
nocross(18,20).
nocross(19,1).
nocross(19,5).
nocross(19,7).
nocross(19,8).
nocross(19,9).
nocross(19,17).
nocross(20,2).
nocross(20,7).
nocross(20,10).
nocross(20,11).
nocross(20,12).
nocross(20,13).
nocross(20,14).
nocross(20,15).
nocross(20,16).
nocross(20,17).
nocross(20,18).
