dimension(20).
point(1, 13.1699184604, 70.255744745).
point(2, 1.893554432, 15.25090885).
point(3, 19.375325113, 33.1674801107).
point(4, 15.1474065026, 21.3850625186).
point(5, 67.2297765402, 63.2208623925).
point(6, 6.8822602959, 68.3882933862).
point(7, 21.1612268598, 41.1602485694).
point(8, 22.2440892439, 39.7416053973).
point(9, 75.52827656, 97.2799181076).
point(10, 96.5818250144, 83.028601785).
point(11, 7.3188070914, 23.309353637).
point(12, 0.5882894034, 80.1017781356).
point(13, 92.3451531409, 59.8824598603).
point(14, 58.79634307, 91.8777442944).
point(15, 70.7496819346, 34.5113151394).
point(16, 69.2570490405, 89.9905263312).
point(17, 64.9997221434, 84.9935102186).
point(18, 97.5911428214, 94.2287121943).
point(19, 24.8573656838, 27.6212766697).
point(20, 70.632902587, 82.3439831815).
cost(1, 2, 56).
cost(1, 3, 38).
cost(1, 4, 49).
cost(1, 5, 55).
cost(1, 6, 7).
cost(1, 7, 30).
cost(1, 8, 32).
cost(1, 9, 68).
cost(1, 10, 84).
cost(1, 11, 47).
cost(1, 12, 16).
cost(1, 13, 80).
cost(1, 14, 50).
cost(1, 15, 68).
cost(1, 16, 59).
cost(1, 17, 54).
cost(1, 18, 88).
cost(1, 19, 44).
cost(1, 20, 59).
cost(2, 1, 56).
cost(2, 3, 25).
cost(2, 4, 15).
cost(2, 5, 81).
cost(2, 6, 53).
cost(2, 7, 32).
cost(2, 8, 32).
cost(2, 9, 110).
cost(2, 10, 116).
cost(2, 11, 10).
cost(2, 12, 65).
cost(2, 13, 101).
cost(2, 14, 95).
cost(2, 15, 71).
cost(2, 16, 101).
cost(2, 17, 94).
cost(2, 18, 124).
cost(2, 19, 26).
cost(2, 20, 96).
cost(3, 1, 38).
cost(3, 2, 25).
cost(3, 4, 13).
cost(3, 5, 57).
cost(3, 6, 37).
cost(3, 7, 8).
cost(3, 8, 7).
cost(3, 9, 85).
cost(3, 10, 92).
cost(3, 11, 16).
cost(3, 12, 51).
cost(3, 13, 78).
cost(3, 14, 71).
cost(3, 15, 51).
cost(3, 16, 76).
cost(3, 17, 69).
cost(3, 18, 99).
cost(3, 19, 8).
cost(3, 20, 71).
cost(4, 1, 49).
cost(4, 2, 15).
cost(4, 3, 13).
cost(4, 5, 67).
cost(4, 6, 48).
cost(4, 7, 21).
cost(4, 8, 20).
cost(4, 9, 97).
cost(4, 10, 102).
cost(4, 11, 8).
cost(4, 12, 60).
cost(4, 13, 86).
cost(4, 14, 83).
cost(4, 15, 57).
cost(4, 16, 87).
cost(4, 17, 81).
cost(4, 18, 110).
cost(4, 19, 12).
cost(4, 20, 82).
cost(5, 1, 55).
cost(5, 2, 81).
cost(5, 3, 57).
cost(5, 4, 67).
cost(5, 6, 61).
cost(5, 7, 51).
cost(5, 8, 51).
cost(5, 9, 35).
cost(5, 10, 35).
cost(5, 11, 72).
cost(5, 12, 69).
cost(5, 13, 25).
cost(5, 14, 30).
cost(5, 15, 29).
cost(5, 16, 27).
cost(5, 17, 22).
cost(5, 18, 43).
cost(5, 19, 55).
cost(5, 20, 19).
cost(6, 1, 7).
cost(6, 2, 53).
cost(6, 3, 37).
cost(6, 4, 48).
cost(6, 5, 61).
cost(6, 7, 31).
cost(6, 8, 33).
cost(6, 9, 74).
cost(6, 10, 91).
cost(6, 11, 45).
cost(6, 12, 13).
cost(6, 13, 86).
cost(6, 14, 57).
cost(6, 15, 72).
cost(6, 16, 66).
cost(6, 17, 60).
cost(6, 18, 94).
cost(6, 19, 45).
cost(6, 20, 65).
cost(7, 1, 30).
cost(7, 2, 32).
cost(7, 3, 8).
cost(7, 4, 21).
cost(7, 5, 51).
cost(7, 6, 31).
cost(7, 8, 2).
cost(7, 9, 78).
cost(7, 10, 86).
cost(7, 11, 23).
cost(7, 12, 44).
cost(7, 13, 74).
cost(7, 14, 63).
cost(7, 15, 50).
cost(7, 16, 69).
cost(7, 17, 62).
cost(7, 18, 93).
cost(7, 19, 14).
cost(7, 20, 64).
cost(8, 1, 32).
cost(8, 2, 32).
cost(8, 3, 7).
cost(8, 4, 20).
cost(8, 5, 51).
cost(8, 6, 33).
cost(8, 7, 2).
cost(8, 9, 78).
cost(8, 10, 86).
cost(8, 11, 22).
cost(8, 12, 46).
cost(8, 13, 73).
cost(8, 14, 64).
cost(8, 15, 49).
cost(8, 16, 69).
cost(8, 17, 62).
cost(8, 18, 93).
cost(8, 19, 12).
cost(8, 20, 64).
cost(9, 1, 68).
cost(9, 2, 110).
cost(9, 3, 85).
cost(9, 4, 97).
cost(9, 5, 35).
cost(9, 6, 74).
cost(9, 7, 78).
cost(9, 8, 78).
cost(9, 10, 25).
cost(9, 11, 101).
cost(9, 12, 77).
cost(9, 13, 41).
cost(9, 14, 18).
cost(9, 15, 63).
cost(9, 16, 10).
cost(9, 17, 16).
cost(9, 18, 22).
cost(9, 19, 86).
cost(9, 20, 16).
cost(10, 1, 84).
cost(10, 2, 116).
cost(10, 3, 92).
cost(10, 4, 102).
cost(10, 5, 35).
cost(10, 6, 91).
cost(10, 7, 86).
cost(10, 8, 86).
cost(10, 9, 25).
cost(10, 11, 107).
cost(10, 12, 96).
cost(10, 13, 24).
cost(10, 14, 39).
cost(10, 15, 55).
cost(10, 16, 28).
cost(10, 17, 32).
cost(10, 18, 11).
cost(10, 19, 91).
cost(10, 20, 26).
cost(11, 1, 47).
cost(11, 2, 10).
cost(11, 3, 16).
cost(11, 4, 8).
cost(11, 5, 72).
cost(11, 6, 45).
cost(11, 7, 23).
cost(11, 8, 22).
cost(11, 9, 101).
cost(11, 10, 107).
cost(11, 12, 57).
cost(11, 13, 93).
cost(11, 14, 86).
cost(11, 15, 64).
cost(11, 16, 91).
cost(11, 17, 84).
cost(11, 18, 115).
cost(11, 19, 18).
cost(11, 20, 87).
cost(12, 1, 16).
cost(12, 2, 65).
cost(12, 3, 51).
cost(12, 4, 60).
cost(12, 5, 69).
cost(12, 6, 13).
cost(12, 7, 44).
cost(12, 8, 46).
cost(12, 9, 77).
cost(12, 10, 96).
cost(12, 11, 57).
cost(12, 13, 94).
cost(12, 14, 59).
cost(12, 15, 84).
cost(12, 16, 69).
cost(12, 17, 65).
cost(12, 18, 98).
cost(12, 19, 58).
cost(12, 20, 70).
cost(13, 1, 80).
cost(13, 2, 101).
cost(13, 3, 78).
cost(13, 4, 86).
cost(13, 5, 25).
cost(13, 6, 86).
cost(13, 7, 74).
cost(13, 8, 73).
cost(13, 9, 41).
cost(13, 10, 24).
cost(13, 11, 93).
cost(13, 12, 94).
cost(13, 14, 46).
cost(13, 15, 33).
cost(13, 16, 38).
cost(13, 17, 37).
cost(13, 18, 35).
cost(13, 19, 75).
cost(13, 20, 31).
cost(14, 1, 50).
cost(14, 2, 95).
cost(14, 3, 71).
cost(14, 4, 83).
cost(14, 5, 30).
cost(14, 6, 57).
cost(14, 7, 63).
cost(14, 8, 64).
cost(14, 9, 18).
cost(14, 10, 39).
cost(14, 11, 86).
cost(14, 12, 59).
cost(14, 13, 46).
cost(14, 15, 59).
cost(14, 16, 11).
cost(14, 17, 9).
cost(14, 18, 39).
cost(14, 19, 73).
cost(14, 20, 15).
cost(15, 1, 68).
cost(15, 2, 71).
cost(15, 3, 51).
cost(15, 4, 57).
cost(15, 5, 29).
cost(15, 6, 72).
cost(15, 7, 50).
cost(15, 8, 49).
cost(15, 9, 63).
cost(15, 10, 55).
cost(15, 11, 64).
cost(15, 12, 84).
cost(15, 13, 33).
cost(15, 14, 59).
cost(15, 16, 55).
cost(15, 17, 51).
cost(15, 18, 65).
cost(15, 19, 46).
cost(15, 20, 48).
cost(16, 1, 59).
cost(16, 2, 101).
cost(16, 3, 76).
cost(16, 4, 87).
cost(16, 5, 27).
cost(16, 6, 66).
cost(16, 7, 69).
cost(16, 8, 69).
cost(16, 9, 10).
cost(16, 10, 28).
cost(16, 11, 91).
cost(16, 12, 69).
cost(16, 13, 38).
cost(16, 14, 11).
cost(16, 15, 55).
cost(16, 17, 7).
cost(16, 18, 29).
cost(16, 19, 77).
cost(16, 20, 8).
cost(17, 1, 54).
cost(17, 2, 94).
cost(17, 3, 69).
cost(17, 4, 81).
cost(17, 5, 22).
cost(17, 6, 60).
cost(17, 7, 62).
cost(17, 8, 62).
cost(17, 9, 16).
cost(17, 10, 32).
cost(17, 11, 84).
cost(17, 12, 65).
cost(17, 13, 37).
cost(17, 14, 9).
cost(17, 15, 51).
cost(17, 16, 7).
cost(17, 18, 34).
cost(17, 19, 70).
cost(17, 20, 6).
cost(18, 1, 88).
cost(18, 2, 124).
cost(18, 3, 99).
cost(18, 4, 110).
cost(18, 5, 43).
cost(18, 6, 94).
cost(18, 7, 93).
cost(18, 8, 93).
cost(18, 9, 22).
cost(18, 10, 11).
cost(18, 11, 115).
cost(18, 12, 98).
cost(18, 13, 35).
cost(18, 14, 39).
cost(18, 15, 65).
cost(18, 16, 29).
cost(18, 17, 34).
cost(18, 19, 99).
cost(18, 20, 29).
cost(19, 1, 44).
cost(19, 2, 26).
cost(19, 3, 8).
cost(19, 4, 12).
cost(19, 5, 55).
cost(19, 6, 45).
cost(19, 7, 14).
cost(19, 8, 12).
cost(19, 9, 86).
cost(19, 10, 91).
cost(19, 11, 18).
cost(19, 12, 58).
cost(19, 13, 75).
cost(19, 14, 73).
cost(19, 15, 46).
cost(19, 16, 77).
cost(19, 17, 70).
cost(19, 18, 99).
cost(19, 20, 71).
cost(20, 1, 59).
cost(20, 2, 96).
cost(20, 3, 71).
cost(20, 4, 82).
cost(20, 5, 19).
cost(20, 6, 65).
cost(20, 7, 64).
cost(20, 8, 64).
cost(20, 9, 16).
cost(20, 10, 26).
cost(20, 11, 87).
cost(20, 12, 70).
cost(20, 13, 31).
cost(20, 14, 15).
cost(20, 15, 48).
cost(20, 16, 8).
cost(20, 17, 6).
cost(20, 18, 29).
cost(20, 19, 71).
nocross(1,3).
nocross(1,4).
nocross(1,6).
nocross(1,7).
nocross(1,8).
nocross(1,11).
nocross(1,12).
nocross(1,14).
nocross(1,16).
nocross(1,17).
nocross(1,19).
nocross(1,20).
nocross(2,3).
nocross(2,4).
nocross(2,6).
nocross(2,7).
nocross(2,8).
nocross(2,11).
nocross(2,12).
nocross(2,19).
nocross(3,1).
nocross(3,2).
nocross(3,4).
nocross(3,5).
nocross(3,6).
nocross(3,7).
nocross(3,8).
nocross(3,11).
nocross(3,12).
nocross(3,15).
nocross(3,19).
nocross(4,1).
nocross(4,2).
nocross(4,3).
nocross(4,6).
nocross(4,7).
nocross(4,8).
nocross(4,11).
nocross(4,15).
nocross(4,19).
nocross(5,1).
nocross(5,3).
nocross(5,6).
nocross(5,7).
nocross(5,8).
nocross(5,9).
nocross(5,10).
nocross(5,13).
nocross(5,14).
nocross(5,15).
nocross(5,16).
nocross(5,17).
nocross(5,18).
nocross(5,19).
nocross(5,20).
nocross(6,1).
nocross(6,2).
nocross(6,3).
nocross(6,4).
nocross(6,7).
nocross(6,8).
nocross(6,11).
nocross(6,12).
nocross(6,14).
nocross(6,17).
nocross(6,19).
nocross(7,1).
nocross(7,2).
nocross(7,3).
nocross(7,4).
nocross(7,5).
nocross(7,6).
nocross(7,8).
nocross(7,11).
nocross(7,12).
nocross(7,15).
nocross(7,17).
nocross(7,19).
nocross(8,1).
nocross(8,2).
nocross(8,3).
nocross(8,4).
nocross(8,5).
nocross(8,6).
nocross(8,7).
nocross(8,11).
nocross(8,12).
nocross(8,15).
nocross(8,19).
nocross(9,5).
nocross(9,10).
nocross(9,12).
nocross(9,13).
nocross(9,14).
nocross(9,16).
nocross(9,17).
nocross(9,18).
nocross(9,20).
nocross(10,5).
nocross(10,9).
nocross(10,13).
nocross(10,14).
nocross(10,15).
nocross(10,16).
nocross(10,17).
nocross(10,18).
nocross(10,20).
nocross(11,1).
nocross(11,2).
nocross(11,3).
nocross(11,4).
nocross(11,6).
nocross(11,7).
nocross(11,8).
nocross(11,12).
nocross(11,19).
nocross(12,1).
nocross(12,6).
nocross(12,7).
nocross(12,8).
nocross(12,9).
nocross(12,14).
nocross(12,16).
nocross(12,17).
nocross(13,5).
nocross(13,7).
nocross(13,8).
nocross(13,10).
nocross(13,15).
nocross(13,16).
nocross(13,17).
nocross(13,18).
nocross(13,20).
nocross(14,1).
nocross(14,5).
nocross(14,6).
nocross(14,9).
nocross(14,12).
nocross(14,16).
nocross(14,17).
nocross(14,18).
nocross(14,20).
nocross(15,1).
nocross(15,3).
nocross(15,4).
nocross(15,5).
nocross(15,7).
nocross(15,8).
nocross(15,10).
nocross(15,13).
nocross(15,16).
nocross(15,17).
nocross(15,19).
nocross(15,20).
nocross(16,5).
nocross(16,9).
nocross(16,10).
nocross(16,13).
nocross(16,14).
nocross(16,17).
nocross(16,18).
nocross(16,20).
nocross(17,1).
nocross(17,5).
nocross(17,7).
nocross(17,8).
nocross(17,9).
nocross(17,10).
nocross(17,13).
nocross(17,14).
nocross(17,16).
nocross(17,18).
nocross(17,20).
nocross(18,5).
nocross(18,9).
nocross(18,10).
nocross(18,13).
nocross(18,14).
nocross(18,16).
nocross(18,17).
nocross(18,20).
nocross(19,1).
nocross(19,2).
nocross(19,3).
nocross(19,4).
nocross(19,6).
nocross(19,7).
nocross(19,8).
nocross(19,11).
nocross(19,15).
nocross(20,5).
nocross(20,7).
nocross(20,8).
nocross(20,9).
nocross(20,10).
nocross(20,13).
nocross(20,14).
nocross(20,15).
nocross(20,16).
nocross(20,17).
nocross(20,18).
