dimension(20).
point(1, 13.6789768207, 37.5151764396).
point(2, 86.0372564319, 2.2329620702).
point(3, 67.861425281, 10.6287049871).
point(4, 60.7961421737, 6.6175082204).
point(5, 73.3527169589, 21.1129223345).
point(6, 44.644622377, 71.9844328131).
point(7, 12.0727636462, 59.0400738354).
point(8, 24.5815266713, 78.1045856034).
point(9, 46.0744143111, 54.0005147704).
point(10, 44.5118595965, 67.6027150798).
point(11, 41.6108261077, 43.5354719653).
point(12, 40.3827254699, 43.1289405127).
point(13, 76.0685282269, 13.3446383611).
point(14, 74.0005238081, 31.5273396179).
point(15, 91.4843464979, 22.4567173785).
point(16, 88.4987920327, 27.6355815372).
point(17, 12.5819266287, 78.9522336103).
point(18, 81.4305371821, 15.8840674098).
point(19, 93.7596745526, 37.9640838379).
point(20, 26.9992876426, 30.5704310689).
cost(1, 2, 81).
cost(1, 3, 60).
cost(1, 4, 56).
cost(1, 5, 62).
cost(1, 6, 46).
cost(1, 7, 22).
cost(1, 8, 42).
cost(1, 9, 36).
cost(1, 10, 43).
cost(1, 11, 29).
cost(1, 12, 27).
cost(1, 13, 67).
cost(1, 14, 61).
cost(1, 15, 79).
cost(1, 16, 75).
cost(1, 17, 41).
cost(1, 18, 71).
cost(1, 19, 80).
cost(1, 20, 15).
cost(2, 1, 81).
cost(2, 3, 20).
cost(2, 4, 26).
cost(2, 5, 23).
cost(2, 6, 81).
cost(2, 7, 93).
cost(2, 8, 98).
cost(2, 9, 65).
cost(2, 10, 77).
cost(2, 11, 61).
cost(2, 12, 61).
cost(2, 13, 15).
cost(2, 14, 32).
cost(2, 15, 21).
cost(2, 16, 26).
cost(2, 17, 106).
cost(2, 18, 14).
cost(2, 19, 37).
cost(2, 20, 65).
cost(3, 1, 60).
cost(3, 2, 20).
cost(3, 4, 8).
cost(3, 5, 12).
cost(3, 6, 66).
cost(3, 7, 74).
cost(3, 8, 80).
cost(3, 9, 49).
cost(3, 10, 62).
cost(3, 11, 42).
cost(3, 12, 43).
cost(3, 13, 9).
cost(3, 14, 22).
cost(3, 15, 26).
cost(3, 16, 27).
cost(3, 17, 88).
cost(3, 18, 15).
cost(3, 19, 38).
cost(3, 20, 45).
cost(4, 1, 56).
cost(4, 2, 26).
cost(4, 3, 8).
cost(4, 5, 19).
cost(4, 6, 67).
cost(4, 7, 72).
cost(4, 8, 80).
cost(4, 9, 50).
cost(4, 10, 63).
cost(4, 11, 42).
cost(4, 12, 42).
cost(4, 13, 17).
cost(4, 14, 28).
cost(4, 15, 35).
cost(4, 16, 35).
cost(4, 17, 87).
cost(4, 18, 23).
cost(4, 19, 45).
cost(4, 20, 41).
cost(5, 1, 62).
cost(5, 2, 23).
cost(5, 3, 12).
cost(5, 4, 19).
cost(5, 6, 58).
cost(5, 7, 72).
cost(5, 8, 75).
cost(5, 9, 43).
cost(5, 10, 55).
cost(5, 11, 39).
cost(5, 12, 40).
cost(5, 13, 8).
cost(5, 14, 10).
cost(5, 15, 18).
cost(5, 16, 16).
cost(5, 17, 84).
cost(5, 18, 10).
cost(5, 19, 26).
cost(5, 20, 47).
cost(6, 1, 46).
cost(6, 2, 81).
cost(6, 3, 66).
cost(6, 4, 67).
cost(6, 5, 58).
cost(6, 7, 35).
cost(6, 8, 21).
cost(6, 9, 18).
cost(6, 10, 4).
cost(6, 11, 29).
cost(6, 12, 29).
cost(6, 13, 67).
cost(6, 14, 50).
cost(6, 15, 68).
cost(6, 16, 62).
cost(6, 17, 33).
cost(6, 18, 67).
cost(6, 19, 60).
cost(6, 20, 45).
cost(7, 1, 22).
cost(7, 2, 93).
cost(7, 3, 74).
cost(7, 4, 72).
cost(7, 5, 72).
cost(7, 6, 35).
cost(7, 8, 23).
cost(7, 9, 34).
cost(7, 10, 34).
cost(7, 11, 33).
cost(7, 12, 32).
cost(7, 13, 79).
cost(7, 14, 68).
cost(7, 15, 87).
cost(7, 16, 83).
cost(7, 17, 20).
cost(7, 18, 82).
cost(7, 19, 84).
cost(7, 20, 32).
cost(8, 1, 42).
cost(8, 2, 98).
cost(8, 3, 80).
cost(8, 4, 80).
cost(8, 5, 75).
cost(8, 6, 21).
cost(8, 7, 23).
cost(8, 9, 32).
cost(8, 10, 23).
cost(8, 11, 39).
cost(8, 12, 38).
cost(8, 13, 83).
cost(8, 14, 68).
cost(8, 15, 87).
cost(8, 16, 81).
cost(8, 17, 12).
cost(8, 18, 84).
cost(8, 19, 80).
cost(8, 20, 48).
cost(9, 1, 36).
cost(9, 2, 65).
cost(9, 3, 49).
cost(9, 4, 50).
cost(9, 5, 43).
cost(9, 6, 18).
cost(9, 7, 34).
cost(9, 8, 32).
cost(9, 10, 14).
cost(9, 11, 11).
cost(9, 12, 12).
cost(9, 13, 51).
cost(9, 14, 36).
cost(9, 15, 55).
cost(9, 16, 50).
cost(9, 17, 42).
cost(9, 18, 52).
cost(9, 19, 50).
cost(9, 20, 30).
cost(10, 1, 43).
cost(10, 2, 77).
cost(10, 3, 62).
cost(10, 4, 63).
cost(10, 5, 55).
cost(10, 6, 4).
cost(10, 7, 34).
cost(10, 8, 23).
cost(10, 9, 14).
cost(10, 11, 24).
cost(10, 12, 25).
cost(10, 13, 63).
cost(10, 14, 47).
cost(10, 15, 65).
cost(10, 16, 59).
cost(10, 17, 34).
cost(10, 18, 64).
cost(10, 19, 57).
cost(10, 20, 41).
cost(11, 1, 29).
cost(11, 2, 61).
cost(11, 3, 42).
cost(11, 4, 42).
cost(11, 5, 39).
cost(11, 6, 29).
cost(11, 7, 33).
cost(11, 8, 39).
cost(11, 9, 11).
cost(11, 10, 24).
cost(11, 12, 1).
cost(11, 13, 46).
cost(11, 14, 35).
cost(11, 15, 54).
cost(11, 16, 50).
cost(11, 17, 46).
cost(11, 18, 48).
cost(11, 19, 52).
cost(11, 20, 20).
cost(12, 1, 27).
cost(12, 2, 61).
cost(12, 3, 43).
cost(12, 4, 42).
cost(12, 5, 40).
cost(12, 6, 29).
cost(12, 7, 32).
cost(12, 8, 38).
cost(12, 9, 12).
cost(12, 10, 25).
cost(12, 11, 1).
cost(12, 13, 46).
cost(12, 14, 36).
cost(12, 15, 55).
cost(12, 16, 51).
cost(12, 17, 45).
cost(12, 18, 49).
cost(12, 19, 54).
cost(12, 20, 18).
cost(13, 1, 67).
cost(13, 2, 15).
cost(13, 3, 9).
cost(13, 4, 17).
cost(13, 5, 8).
cost(13, 6, 67).
cost(13, 7, 79).
cost(13, 8, 83).
cost(13, 9, 51).
cost(13, 10, 63).
cost(13, 11, 46).
cost(13, 12, 46).
cost(13, 14, 18).
cost(13, 15, 18).
cost(13, 16, 19).
cost(13, 17, 91).
cost(13, 18, 6).
cost(13, 19, 30).
cost(13, 20, 52).
cost(14, 1, 61).
cost(14, 2, 32).
cost(14, 3, 22).
cost(14, 4, 28).
cost(14, 5, 10).
cost(14, 6, 50).
cost(14, 7, 68).
cost(14, 8, 68).
cost(14, 9, 36).
cost(14, 10, 47).
cost(14, 11, 35).
cost(14, 12, 36).
cost(14, 13, 18).
cost(14, 15, 20).
cost(14, 16, 15).
cost(14, 17, 78).
cost(14, 18, 17).
cost(14, 19, 21).
cost(14, 20, 47).
cost(15, 1, 79).
cost(15, 2, 21).
cost(15, 3, 26).
cost(15, 4, 35).
cost(15, 5, 18).
cost(15, 6, 68).
cost(15, 7, 87).
cost(15, 8, 87).
cost(15, 9, 55).
cost(15, 10, 65).
cost(15, 11, 54).
cost(15, 12, 55).
cost(15, 13, 18).
cost(15, 14, 20).
cost(15, 16, 6).
cost(15, 17, 97).
cost(15, 18, 12).
cost(15, 19, 16).
cost(15, 20, 65).
cost(16, 1, 75).
cost(16, 2, 26).
cost(16, 3, 27).
cost(16, 4, 35).
cost(16, 5, 16).
cost(16, 6, 62).
cost(16, 7, 83).
cost(16, 8, 81).
cost(16, 9, 50).
cost(16, 10, 59).
cost(16, 11, 50).
cost(16, 12, 51).
cost(16, 13, 19).
cost(16, 14, 15).
cost(16, 15, 6).
cost(16, 17, 92).
cost(16, 18, 14).
cost(16, 19, 12).
cost(16, 20, 62).
cost(17, 1, 41).
cost(17, 2, 106).
cost(17, 3, 88).
cost(17, 4, 87).
cost(17, 5, 84).
cost(17, 6, 33).
cost(17, 7, 20).
cost(17, 8, 12).
cost(17, 9, 42).
cost(17, 10, 34).
cost(17, 11, 46).
cost(17, 12, 45).
cost(17, 13, 91).
cost(17, 14, 78).
cost(17, 15, 97).
cost(17, 16, 92).
cost(17, 18, 93).
cost(17, 19, 91).
cost(17, 20, 50).
cost(18, 1, 71).
cost(18, 2, 14).
cost(18, 3, 15).
cost(18, 4, 23).
cost(18, 5, 10).
cost(18, 6, 67).
cost(18, 7, 82).
cost(18, 8, 84).
cost(18, 9, 52).
cost(18, 10, 64).
cost(18, 11, 48).
cost(18, 12, 49).
cost(18, 13, 6).
cost(18, 14, 17).
cost(18, 15, 12).
cost(18, 16, 14).
cost(18, 17, 93).
cost(18, 19, 25).
cost(18, 20, 56).
cost(19, 1, 80).
cost(19, 2, 37).
cost(19, 3, 38).
cost(19, 4, 45).
cost(19, 5, 26).
cost(19, 6, 60).
cost(19, 7, 84).
cost(19, 8, 80).
cost(19, 9, 50).
cost(19, 10, 57).
cost(19, 11, 52).
cost(19, 12, 54).
cost(19, 13, 30).
cost(19, 14, 21).
cost(19, 15, 16).
cost(19, 16, 12).
cost(19, 17, 91).
cost(19, 18, 25).
cost(19, 20, 67).
cost(20, 1, 15).
cost(20, 2, 65).
cost(20, 3, 45).
cost(20, 4, 41).
cost(20, 5, 47).
cost(20, 6, 45).
cost(20, 7, 32).
cost(20, 8, 48).
cost(20, 9, 30).
cost(20, 10, 41).
cost(20, 11, 20).
cost(20, 12, 18).
cost(20, 13, 52).
cost(20, 14, 47).
cost(20, 15, 65).
cost(20, 16, 62).
cost(20, 17, 50).
cost(20, 18, 56).
cost(20, 19, 67).
nocross(1,4).
nocross(1,7).
nocross(1,8).
nocross(1,9).
nocross(1,10).
nocross(1,11).
nocross(1,12).
nocross(1,17).
nocross(1,20).
nocross(2,3).
nocross(2,4).
nocross(2,5).
nocross(2,11).
nocross(2,13).
nocross(2,14).
nocross(2,15).
nocross(2,16).
nocross(2,18).
nocross(2,19).
nocross(3,2).
nocross(3,4).
nocross(3,5).
nocross(3,11).
nocross(3,12).
nocross(3,13).
nocross(3,14).
nocross(3,15).
nocross(3,16).
nocross(3,18).
nocross(4,2).
nocross(4,3).
nocross(4,5).
nocross(4,11).
nocross(4,12).
nocross(4,13).
nocross(4,14).
nocross(4,15).
nocross(4,16).
nocross(4,18).
nocross(5,2).
nocross(5,3).
nocross(5,4).
nocross(5,11).
nocross(5,12).
nocross(5,13).
nocross(5,14).
nocross(5,15).
nocross(5,16).
nocross(5,18).
nocross(5,19).
nocross(6,8).
nocross(6,9).
nocross(6,10).
nocross(6,11).
nocross(6,12).
nocross(6,17).
nocross(6,19).
nocross(7,1).
nocross(7,6).
nocross(7,8).
nocross(7,9).
nocross(7,10).
nocross(7,11).
nocross(7,12).
nocross(7,17).
nocross(7,20).
nocross(8,6).
nocross(8,7).
nocross(8,9).
nocross(8,10).
nocross(8,11).
nocross(8,12).
nocross(8,17).
nocross(9,1).
nocross(9,5).
nocross(9,6).
nocross(9,7).
nocross(9,8).
nocross(9,10).
nocross(9,11).
nocross(9,12).
nocross(9,14).
nocross(9,17).
nocross(9,19).
nocross(9,20).
nocross(10,6).
nocross(10,7).
nocross(10,8).
nocross(10,9).
nocross(10,11).
nocross(10,12).
nocross(10,17).
nocross(11,1).
nocross(11,3).
nocross(11,4).
nocross(11,5).
nocross(11,7).
nocross(11,8).
nocross(11,9).
nocross(11,10).
nocross(11,12).
nocross(11,13).
nocross(11,14).
nocross(11,20).
nocross(12,1).
nocross(12,3).
nocross(12,4).
nocross(12,5).
nocross(12,6).
nocross(12,7).
nocross(12,8).
nocross(12,9).
nocross(12,10).
nocross(12,11).
nocross(12,13).
nocross(12,14).
nocross(12,17).
nocross(12,20).
nocross(13,2).
nocross(13,3).
nocross(13,4).
nocross(13,5).
nocross(13,11).
nocross(13,12).
nocross(13,14).
nocross(13,15).
nocross(13,16).
nocross(13,18).
nocross(14,3).
nocross(14,5).
nocross(14,6).
nocross(14,9).
nocross(14,10).
nocross(14,11).
nocross(14,12).
nocross(14,13).
nocross(14,15).
nocross(14,16).
nocross(14,18).
nocross(14,19).
nocross(15,2).
nocross(15,3).
nocross(15,4).
nocross(15,5).
nocross(15,11).
nocross(15,13).
nocross(15,14).
nocross(15,16).
nocross(15,18).
nocross(15,19).
nocross(16,2).
nocross(16,3).
nocross(16,4).
nocross(16,5).
nocross(16,11).
nocross(16,12).
nocross(16,13).
nocross(16,14).
nocross(16,15).
nocross(16,18).
nocross(16,19).
nocross(17,6).
nocross(17,7).
nocross(17,8).
nocross(17,9).
nocross(17,10).
nocross(17,11).
nocross(17,12).
nocross(18,2).
nocross(18,3).
nocross(18,4).
nocross(18,5).
nocross(18,11).
nocross(18,13).
nocross(18,14).
nocross(18,15).
nocross(18,16).
nocross(18,19).
nocross(19,2).
nocross(19,3).
nocross(19,5).
nocross(19,6).
nocross(19,10).
nocross(19,11).
nocross(19,13).
nocross(19,14).
nocross(19,15).
nocross(19,16).
nocross(19,18).
nocross(20,1).
nocross(20,3).
nocross(20,4).
nocross(20,7).
nocross(20,9).
nocross(20,10).
nocross(20,11).
nocross(20,12).
