dimension(28).
point(1, 32.081313647, 79.9155458974).
point(2, 47.6253573838, 31.1354083858).
point(3, 25.7557636762, 65.7570304221).
point(4, 71.1995961127, 12.3394256021).
point(5, 5.8720207213, 48.6270657147).
point(6, 12.0411679727, 91.869366433).
point(7, 16.4051055318, 58.4611904285).
point(8, 15.6239654255, 77.9930144308).
point(9, 39.2025999899, 86.0741597197).
point(10, 23.9248309916, 97.2280783841).
point(11, 72.313264411, 53.6705877235).
point(12, 63.9928903236, 43.3910577656).
point(13, 9.0730925182, 44.9354054439).
point(14, 67.1069019314, 21.4940363052).
point(15, 52.1811375962, 9.0477400471).
point(16, 26.0009145035, 77.6882610047).
point(17, 3.579752005, 48.9591036493).
point(18, 43.5388043258, 17.6661548537).
point(19, 57.7178605288, 10.5904316325).
point(20, 87.0007617971, 41.8781334417).
point(21, 91.6880118854, 19.3778424835).
point(22, 37.3198876801, 81.5997296599).
point(23, 80.5280324827, 33.4809673969).
point(24, 17.8540619165, 95.7702692919).
point(25, 54.268493631, 22.7934129741).
point(26, 73.372237799, 38.3519628236).
point(27, 80.8811037875, 19.256575263).
point(28, 19.1008389299, 62.7983451942).
cost(1, 2, 51).
cost(1, 3, 16).
cost(1, 4, 78).
cost(1, 5, 41).
cost(1, 6, 23).
cost(1, 7, 27).
cost(1, 8, 17).
cost(1, 9, 9).
cost(1, 10, 19).
cost(1, 11, 48).
cost(1, 12, 49).
cost(1, 13, 42).
cost(1, 14, 68).
cost(1, 15, 74).
cost(1, 16, 6).
cost(1, 17, 42).
cost(1, 18, 63).
cost(1, 19, 74).
cost(1, 20, 67).
cost(1, 21, 85).
cost(1, 22, 6).
cost(1, 23, 67).
cost(1, 24, 21).
cost(1, 25, 61).
cost(1, 26, 59).
cost(1, 27, 78).
cost(1, 28, 21).
cost(2, 1, 51).
cost(2, 3, 41).
cost(2, 4, 30).
cost(2, 5, 45).
cost(2, 6, 70).
cost(2, 7, 41).
cost(2, 8, 57).
cost(2, 9, 56).
cost(2, 10, 70).
cost(2, 11, 33).
cost(2, 12, 20).
cost(2, 13, 41).
cost(2, 14, 22).
cost(2, 15, 23).
cost(2, 16, 51).
cost(2, 17, 48).
cost(2, 18, 14).
cost(2, 19, 23).
cost(2, 20, 41).
cost(2, 21, 46).
cost(2, 22, 52).
cost(2, 23, 33).
cost(2, 24, 71).
cost(2, 25, 11).
cost(2, 26, 27).
cost(2, 27, 35).
cost(2, 28, 43).
cost(3, 1, 16).
cost(3, 2, 41).
cost(3, 4, 70).
cost(3, 5, 26).
cost(3, 6, 29).
cost(3, 7, 12).
cost(3, 8, 16).
cost(3, 9, 24).
cost(3, 10, 32).
cost(3, 11, 48).
cost(3, 12, 44).
cost(3, 13, 27).
cost(3, 14, 61).
cost(3, 15, 63).
cost(3, 16, 12).
cost(3, 17, 28).
cost(3, 18, 51).
cost(3, 19, 64).
cost(3, 20, 66).
cost(3, 21, 81).
cost(3, 22, 20).
cost(3, 23, 64).
cost(3, 24, 31).
cost(3, 25, 52).
cost(3, 26, 55).
cost(3, 27, 72).
cost(3, 28, 7).
cost(4, 1, 78).
cost(4, 2, 30).
cost(4, 3, 70).
cost(4, 5, 75).
cost(4, 6, 99).
cost(4, 7, 72).
cost(4, 8, 86).
cost(4, 9, 80).
cost(4, 10, 97).
cost(4, 11, 41).
cost(4, 12, 32).
cost(4, 13, 70).
cost(4, 14, 10).
cost(4, 15, 19).
cost(4, 16, 79).
cost(4, 17, 77).
cost(4, 18, 28).
cost(4, 19, 14).
cost(4, 20, 33).
cost(4, 21, 22).
cost(4, 22, 77).
cost(4, 23, 23).
cost(4, 24, 99).
cost(4, 25, 20).
cost(4, 26, 26).
cost(4, 27, 12).
cost(4, 28, 73).
cost(5, 1, 41).
cost(5, 2, 45).
cost(5, 3, 26).
cost(5, 4, 75).
cost(5, 6, 44).
cost(5, 7, 14).
cost(5, 8, 31).
cost(5, 9, 50).
cost(5, 10, 52).
cost(5, 11, 67).
cost(5, 12, 58).
cost(5, 13, 5).
cost(5, 14, 67).
cost(5, 15, 61).
cost(5, 16, 35).
cost(5, 17, 2).
cost(5, 18, 49).
cost(5, 19, 64).
cost(5, 20, 81).
cost(5, 21, 91).
cost(5, 22, 46).
cost(5, 23, 76).
cost(5, 24, 49).
cost(5, 25, 55).
cost(5, 26, 68).
cost(5, 27, 81).
cost(5, 28, 19).
cost(6, 1, 23).
cost(6, 2, 70).
cost(6, 3, 29).
cost(6, 4, 99).
cost(6, 5, 44).
cost(6, 7, 34).
cost(6, 8, 14).
cost(6, 9, 28).
cost(6, 10, 13).
cost(6, 11, 71).
cost(6, 12, 71).
cost(6, 13, 47).
cost(6, 14, 89).
cost(6, 15, 92).
cost(6, 16, 20).
cost(6, 17, 44).
cost(6, 18, 81).
cost(6, 19, 93).
cost(6, 20, 90).
cost(6, 21, 108).
cost(6, 22, 27).
cost(6, 23, 90).
cost(6, 24, 7).
cost(6, 25, 81).
cost(6, 26, 81).
cost(6, 27, 100).
cost(6, 28, 30).
cost(7, 1, 27).
cost(7, 2, 41).
cost(7, 3, 12).
cost(7, 4, 72).
cost(7, 5, 14).
cost(7, 6, 34).
cost(7, 8, 20).
cost(7, 9, 36).
cost(7, 10, 39).
cost(7, 11, 56).
cost(7, 12, 50).
cost(7, 13, 15).
cost(7, 14, 63).
cost(7, 15, 61).
cost(7, 16, 21).
cost(7, 17, 16).
cost(7, 18, 49).
cost(7, 19, 63).
cost(7, 20, 73).
cost(7, 21, 85).
cost(7, 22, 31).
cost(7, 23, 69).
cost(7, 24, 37).
cost(7, 25, 52).
cost(7, 26, 60).
cost(7, 27, 75).
cost(7, 28, 5).
cost(8, 1, 17).
cost(8, 2, 57).
cost(8, 3, 16).
cost(8, 4, 86).
cost(8, 5, 31).
cost(8, 6, 14).
cost(8, 7, 20).
cost(8, 9, 25).
cost(8, 10, 21).
cost(8, 11, 62).
cost(8, 12, 59).
cost(8, 13, 34).
cost(8, 14, 76).
cost(8, 15, 78).
cost(8, 16, 10).
cost(8, 17, 31).
cost(8, 18, 66).
cost(8, 19, 79).
cost(8, 20, 80).
cost(8, 21, 96).
cost(8, 22, 22).
cost(8, 23, 79).
cost(8, 24, 18).
cost(8, 25, 67).
cost(8, 26, 70).
cost(8, 27, 88).
cost(8, 28, 16).
cost(9, 1, 9).
cost(9, 2, 56).
cost(9, 3, 24).
cost(9, 4, 80).
cost(9, 5, 50).
cost(9, 6, 28).
cost(9, 7, 36).
cost(9, 8, 25).
cost(9, 10, 19).
cost(9, 11, 46).
cost(9, 12, 49).
cost(9, 13, 51).
cost(9, 14, 70).
cost(9, 15, 78).
cost(9, 16, 16).
cost(9, 17, 51).
cost(9, 18, 69).
cost(9, 19, 78).
cost(9, 20, 65).
cost(9, 21, 85).
cost(9, 22, 5).
cost(9, 23, 67).
cost(9, 24, 23).
cost(9, 25, 65).
cost(9, 26, 59).
cost(9, 27, 79).
cost(9, 28, 31).
cost(10, 1, 19).
cost(10, 2, 70).
cost(10, 3, 32).
cost(10, 4, 97).
cost(10, 5, 52).
cost(10, 6, 13).
cost(10, 7, 39).
cost(10, 8, 21).
cost(10, 9, 19).
cost(10, 11, 65).
cost(10, 12, 67).
cost(10, 13, 54).
cost(10, 14, 87).
cost(10, 15, 93).
cost(10, 16, 20).
cost(10, 17, 52).
cost(10, 18, 82).
cost(10, 19, 93).
cost(10, 20, 84).
cost(10, 21, 103).
cost(10, 22, 21).
cost(10, 23, 85).
cost(10, 24, 6).
cost(10, 25, 80).
cost(10, 26, 77).
cost(10, 27, 97).
cost(10, 28, 35).
cost(11, 1, 48).
cost(11, 2, 33).
cost(11, 3, 48).
cost(11, 4, 41).
cost(11, 5, 67).
cost(11, 6, 71).
cost(11, 7, 56).
cost(11, 8, 62).
cost(11, 9, 46).
cost(11, 10, 65).
cost(11, 12, 13).
cost(11, 13, 64).
cost(11, 14, 33).
cost(11, 15, 49).
cost(11, 16, 52).
cost(11, 17, 69).
cost(11, 18, 46).
cost(11, 19, 45).
cost(11, 20, 19).
cost(11, 21, 39).
cost(11, 22, 45).
cost(11, 23, 22).
cost(11, 24, 69).
cost(11, 25, 36).
cost(11, 26, 15).
cost(11, 27, 35).
cost(11, 28, 54).
cost(12, 1, 49).
cost(12, 2, 20).
cost(12, 3, 44).
cost(12, 4, 32).
cost(12, 5, 58).
cost(12, 6, 71).
cost(12, 7, 50).
cost(12, 8, 59).
cost(12, 9, 49).
cost(12, 10, 67).
cost(12, 11, 13).
cost(12, 13, 55).
cost(12, 14, 22).
cost(12, 15, 36).
cost(12, 16, 51).
cost(12, 17, 61).
cost(12, 18, 33).
cost(12, 19, 33).
cost(12, 20, 23).
cost(12, 21, 37).
cost(12, 22, 47).
cost(12, 23, 19).
cost(12, 24, 70).
cost(12, 25, 23).
cost(12, 26, 11).
cost(12, 27, 29).
cost(12, 28, 49).
cost(13, 1, 42).
cost(13, 2, 41).
cost(13, 3, 27).
cost(13, 4, 70).
cost(13, 5, 5).
cost(13, 6, 47).
cost(13, 7, 15).
cost(13, 8, 34).
cost(13, 9, 51).
cost(13, 10, 54).
cost(13, 11, 64).
cost(13, 12, 55).
cost(13, 14, 63).
cost(13, 15, 56).
cost(13, 16, 37).
cost(13, 17, 7).
cost(13, 18, 44).
cost(13, 19, 60).
cost(13, 20, 78).
cost(13, 21, 86).
cost(13, 22, 46).
cost(13, 23, 72).
cost(13, 24, 52).
cost(13, 25, 50).
cost(13, 26, 65).
cost(13, 27, 76).
cost(13, 28, 20).
cost(14, 1, 68).
cost(14, 2, 22).
cost(14, 3, 61).
cost(14, 4, 10).
cost(14, 5, 67).
cost(14, 6, 89).
cost(14, 7, 63).
cost(14, 8, 76).
cost(14, 9, 70).
cost(14, 10, 87).
cost(14, 11, 33).
cost(14, 12, 22).
cost(14, 13, 63).
cost(14, 15, 19).
cost(14, 16, 70).
cost(14, 17, 69).
cost(14, 18, 24).
cost(14, 19, 14).
cost(14, 20, 28).
cost(14, 21, 25).
cost(14, 22, 67).
cost(14, 23, 18).
cost(14, 24, 89).
cost(14, 25, 13).
cost(14, 26, 18).
cost(14, 27, 14).
cost(14, 28, 63).
cost(15, 1, 74).
cost(15, 2, 23).
cost(15, 3, 63).
cost(15, 4, 19).
cost(15, 5, 61).
cost(15, 6, 92).
cost(15, 7, 61).
cost(15, 8, 78).
cost(15, 9, 78).
cost(15, 10, 93).
cost(15, 11, 49).
cost(15, 12, 36).
cost(15, 13, 56).
cost(15, 14, 19).
cost(15, 16, 73).
cost(15, 17, 63).
cost(15, 18, 12).
cost(15, 19, 6).
cost(15, 20, 48).
cost(15, 21, 41).
cost(15, 22, 74).
cost(15, 23, 37).
cost(15, 24, 93).
cost(15, 25, 14).
cost(15, 26, 36).
cost(15, 27, 30).
cost(15, 28, 63).
cost(16, 1, 6).
cost(16, 2, 51).
cost(16, 3, 12).
cost(16, 4, 79).
cost(16, 5, 35).
cost(16, 6, 20).
cost(16, 7, 21).
cost(16, 8, 10).
cost(16, 9, 16).
cost(16, 10, 20).
cost(16, 11, 52).
cost(16, 12, 51).
cost(16, 13, 37).
cost(16, 14, 70).
cost(16, 15, 73).
cost(16, 17, 36).
cost(16, 18, 63).
cost(16, 19, 74).
cost(16, 20, 71).
cost(16, 21, 88).
cost(16, 22, 12).
cost(16, 23, 70).
cost(16, 24, 20).
cost(16, 25, 62).
cost(16, 26, 62).
cost(16, 27, 80).
cost(16, 28, 16).
cost(17, 1, 42).
cost(17, 2, 48).
cost(17, 3, 28).
cost(17, 4, 77).
cost(17, 5, 2).
cost(17, 6, 44).
cost(17, 7, 16).
cost(17, 8, 31).
cost(17, 9, 51).
cost(17, 10, 52).
cost(17, 11, 69).
cost(17, 12, 61).
cost(17, 13, 7).
cost(17, 14, 69).
cost(17, 15, 63).
cost(17, 16, 36).
cost(17, 18, 51).
cost(17, 19, 66).
cost(17, 20, 84).
cost(17, 21, 93).
cost(17, 22, 47).
cost(17, 23, 78).
cost(17, 24, 49).
cost(17, 25, 57).
cost(17, 26, 71).
cost(17, 27, 83).
cost(17, 28, 21).
cost(18, 1, 63).
cost(18, 2, 14).
cost(18, 3, 51).
cost(18, 4, 28).
cost(18, 5, 49).
cost(18, 6, 81).
cost(18, 7, 49).
cost(18, 8, 66).
cost(18, 9, 69).
cost(18, 10, 82).
cost(18, 11, 46).
cost(18, 12, 33).
cost(18, 13, 44).
cost(18, 14, 24).
cost(18, 15, 12).
cost(18, 16, 63).
cost(18, 17, 51).
cost(18, 19, 16).
cost(18, 20, 50).
cost(18, 21, 48).
cost(18, 22, 64).
cost(18, 23, 40).
cost(18, 24, 82).
cost(18, 25, 12).
cost(18, 26, 36).
cost(18, 27, 37).
cost(18, 28, 51).
cost(19, 1, 74).
cost(19, 2, 23).
cost(19, 3, 64).
cost(19, 4, 14).
cost(19, 5, 64).
cost(19, 6, 93).
cost(19, 7, 63).
cost(19, 8, 79).
cost(19, 9, 78).
cost(19, 10, 93).
cost(19, 11, 45).
cost(19, 12, 33).
cost(19, 13, 60).
cost(19, 14, 14).
cost(19, 15, 6).
cost(19, 16, 74).
cost(19, 17, 66).
cost(19, 18, 16).
cost(19, 20, 43).
cost(19, 21, 35).
cost(19, 22, 74).
cost(19, 23, 32).
cost(19, 24, 94).
cost(19, 25, 13).
cost(19, 26, 32).
cost(19, 27, 25).
cost(19, 28, 65).
cost(20, 1, 67).
cost(20, 2, 41).
cost(20, 3, 66).
cost(20, 4, 33).
cost(20, 5, 81).
cost(20, 6, 90).
cost(20, 7, 73).
cost(20, 8, 80).
cost(20, 9, 65).
cost(20, 10, 84).
cost(20, 11, 19).
cost(20, 12, 23).
cost(20, 13, 78).
cost(20, 14, 28).
cost(20, 15, 48).
cost(20, 16, 71).
cost(20, 17, 84).
cost(20, 18, 50).
cost(20, 19, 43).
cost(20, 21, 23).
cost(20, 22, 64).
cost(20, 23, 11).
cost(20, 24, 88).
cost(20, 25, 38).
cost(20, 26, 14).
cost(20, 27, 23).
cost(20, 28, 71).
cost(21, 1, 85).
cost(21, 2, 46).
cost(21, 3, 81).
cost(21, 4, 22).
cost(21, 5, 91).
cost(21, 6, 108).
cost(21, 7, 85).
cost(21, 8, 96).
cost(21, 9, 85).
cost(21, 10, 103).
cost(21, 11, 39).
cost(21, 12, 37).
cost(21, 13, 86).
cost(21, 14, 25).
cost(21, 15, 41).
cost(21, 16, 88).
cost(21, 17, 93).
cost(21, 18, 48).
cost(21, 19, 35).
cost(21, 20, 23).
cost(21, 22, 83).
cost(21, 23, 18).
cost(21, 24, 106).
cost(21, 25, 38).
cost(21, 26, 26).
cost(21, 27, 11).
cost(21, 28, 85).
cost(22, 1, 6).
cost(22, 2, 52).
cost(22, 3, 20).
cost(22, 4, 77).
cost(22, 5, 46).
cost(22, 6, 27).
cost(22, 7, 31).
cost(22, 8, 22).
cost(22, 9, 5).
cost(22, 10, 21).
cost(22, 11, 45).
cost(22, 12, 47).
cost(22, 13, 46).
cost(22, 14, 67).
cost(22, 15, 74).
cost(22, 16, 12).
cost(22, 17, 47).
cost(22, 18, 64).
cost(22, 19, 74).
cost(22, 20, 64).
cost(22, 21, 83).
cost(22, 23, 65).
cost(22, 24, 24).
cost(22, 25, 61).
cost(22, 26, 56).
cost(22, 27, 76).
cost(22, 28, 26).
cost(23, 1, 67).
cost(23, 2, 33).
cost(23, 3, 64).
cost(23, 4, 23).
cost(23, 5, 76).
cost(23, 6, 90).
cost(23, 7, 69).
cost(23, 8, 79).
cost(23, 9, 67).
cost(23, 10, 85).
cost(23, 11, 22).
cost(23, 12, 19).
cost(23, 13, 72).
cost(23, 14, 18).
cost(23, 15, 37).
cost(23, 16, 70).
cost(23, 17, 78).
cost(23, 18, 40).
cost(23, 19, 32).
cost(23, 20, 11).
cost(23, 21, 18).
cost(23, 22, 65).
cost(23, 24, 88).
cost(23, 25, 28).
cost(23, 26, 9).
cost(23, 27, 14).
cost(23, 28, 68).
cost(24, 1, 21).
cost(24, 2, 71).
cost(24, 3, 31).
cost(24, 4, 99).
cost(24, 5, 49).
cost(24, 6, 7).
cost(24, 7, 37).
cost(24, 8, 18).
cost(24, 9, 23).
cost(24, 10, 6).
cost(24, 11, 69).
cost(24, 12, 70).
cost(24, 13, 52).
cost(24, 14, 89).
cost(24, 15, 93).
cost(24, 16, 20).
cost(24, 17, 49).
cost(24, 18, 82).
cost(24, 19, 94).
cost(24, 20, 88).
cost(24, 21, 106).
cost(24, 22, 24).
cost(24, 23, 88).
cost(24, 25, 82).
cost(24, 26, 80).
cost(24, 27, 99).
cost(24, 28, 33).
cost(25, 1, 61).
cost(25, 2, 11).
cost(25, 3, 52).
cost(25, 4, 20).
cost(25, 5, 55).
cost(25, 6, 81).
cost(25, 7, 52).
cost(25, 8, 67).
cost(25, 9, 65).
cost(25, 10, 80).
cost(25, 11, 36).
cost(25, 12, 23).
cost(25, 13, 50).
cost(25, 14, 13).
cost(25, 15, 14).
cost(25, 16, 62).
cost(25, 17, 57).
cost(25, 18, 12).
cost(25, 19, 13).
cost(25, 20, 38).
cost(25, 21, 38).
cost(25, 22, 61).
cost(25, 23, 28).
cost(25, 24, 82).
cost(25, 26, 25).
cost(25, 27, 27).
cost(25, 28, 53).
cost(26, 1, 59).
cost(26, 2, 27).
cost(26, 3, 55).
cost(26, 4, 26).
cost(26, 5, 68).
cost(26, 6, 81).
cost(26, 7, 60).
cost(26, 8, 70).
cost(26, 9, 59).
cost(26, 10, 77).
cost(26, 11, 15).
cost(26, 12, 11).
cost(26, 13, 65).
cost(26, 14, 18).
cost(26, 15, 36).
cost(26, 16, 62).
cost(26, 17, 71).
cost(26, 18, 36).
cost(26, 19, 32).
cost(26, 20, 14).
cost(26, 21, 26).
cost(26, 22, 56).
cost(26, 23, 9).
cost(26, 24, 80).
cost(26, 25, 25).
cost(26, 27, 21).
cost(26, 28, 60).
cost(27, 1, 78).
cost(27, 2, 35).
cost(27, 3, 72).
cost(27, 4, 12).
cost(27, 5, 81).
cost(27, 6, 100).
cost(27, 7, 75).
cost(27, 8, 88).
cost(27, 9, 79).
cost(27, 10, 97).
cost(27, 11, 35).
cost(27, 12, 29).
cost(27, 13, 76).
cost(27, 14, 14).
cost(27, 15, 30).
cost(27, 16, 80).
cost(27, 17, 83).
cost(27, 18, 37).
cost(27, 19, 25).
cost(27, 20, 23).
cost(27, 21, 11).
cost(27, 22, 76).
cost(27, 23, 14).
cost(27, 24, 99).
cost(27, 25, 27).
cost(27, 26, 21).
cost(27, 28, 76).
cost(28, 1, 21).
cost(28, 2, 43).
cost(28, 3, 7).
cost(28, 4, 73).
cost(28, 5, 19).
cost(28, 6, 30).
cost(28, 7, 5).
cost(28, 8, 16).
cost(28, 9, 31).
cost(28, 10, 35).
cost(28, 11, 54).
cost(28, 12, 49).
cost(28, 13, 20).
cost(28, 14, 63).
cost(28, 15, 63).
cost(28, 16, 16).
cost(28, 17, 21).
cost(28, 18, 51).
cost(28, 19, 65).
cost(28, 20, 71).
cost(28, 21, 85).
cost(28, 22, 26).
cost(28, 23, 68).
cost(28, 24, 33).
cost(28, 25, 53).
cost(28, 26, 60).
cost(28, 27, 76).
nocross(1,3).
nocross(1,5).
nocross(1,6).
nocross(1,8).
nocross(1,9).
nocross(1,10).
nocross(1,16).
nocross(1,17).
nocross(1,22).
nocross(1,24).
nocross(1,28).
nocross(2,3).
nocross(2,4).
nocross(2,12).
nocross(2,13).
nocross(2,14).
nocross(2,15).
nocross(2,17).
nocross(2,18).
nocross(2,25).
nocross(2,26).
nocross(3,1).
nocross(3,2).
nocross(3,5).
nocross(3,6).
nocross(3,7).
nocross(3,8).
nocross(3,9).
nocross(3,13).
nocross(3,16).
nocross(3,17).
nocross(3,22).
nocross(3,24).
nocross(3,28).
nocross(4,2).
nocross(4,12).
nocross(4,14).
nocross(4,15).
nocross(4,18).
nocross(4,19).
nocross(4,25).
nocross(4,26).
nocross(4,27).
nocross(5,2).
nocross(5,3).
nocross(5,6).
nocross(5,7).
nocross(5,8).
nocross(5,13).
nocross(5,16).
nocross(5,17).
nocross(5,22).
nocross(5,28).
nocross(6,1).
nocross(6,3).
nocross(6,5).
nocross(6,8).
nocross(6,9).
nocross(6,10).
nocross(6,13).
nocross(6,16).
nocross(6,17).
nocross(6,22).
nocross(6,24).
nocross(6,28).
nocross(7,2).
nocross(7,3).
nocross(7,5).
nocross(7,8).
nocross(7,13).
nocross(7,16).
nocross(7,17).
nocross(7,28).
nocross(8,1).
nocross(8,3).
nocross(8,5).
nocross(8,6).
nocross(8,7).
nocross(8,9).
nocross(8,10).
nocross(8,16).
nocross(8,17).
nocross(8,24).
nocross(8,28).
nocross(9,1).
nocross(9,3).
nocross(9,6).
nocross(9,7).
nocross(9,10).
nocross(9,16).
nocross(9,17).
nocross(9,22).
nocross(9,24).
nocross(9,28).
nocross(10,1).
nocross(10,3).
nocross(10,5).
nocross(10,6).
nocross(10,8).
nocross(10,9).
nocross(10,16).
nocross(10,17).
nocross(10,22).
nocross(10,24).
nocross(11,2).
nocross(11,3).
nocross(11,9).
nocross(11,12).
nocross(11,20).
nocross(11,22).
nocross(11,26).
nocross(12,2).
nocross(12,3).
nocross(12,11).
nocross(12,19).
nocross(12,25).
nocross(12,26).
nocross(13,2).
nocross(13,3).
nocross(13,5).
nocross(13,6).
nocross(13,8).
nocross(13,16).
nocross(13,17).
nocross(13,22).
nocross(13,28).
nocross(14,2).
nocross(14,3).
nocross(14,12).
nocross(14,15).
nocross(14,18).
nocross(14,19).
nocross(14,20).
nocross(14,23).
nocross(14,26).
nocross(14,27).
nocross(15,2).
nocross(15,4).
nocross(15,14).
nocross(15,18).
nocross(15,19).
nocross(15,25).
nocross(15,27).
nocross(16,1).
nocross(16,3).
nocross(16,5).
nocross(16,6).
nocross(16,7).
nocross(16,8).
nocross(16,9).
nocross(16,10).
nocross(16,17).
nocross(16,22).
nocross(16,24).
nocross(16,28).
nocross(17,2).
nocross(17,3).
nocross(17,5).
nocross(17,6).
nocross(17,7).
nocross(17,8).
nocross(17,13).
nocross(17,16).
nocross(17,22).
nocross(17,28).
nocross(18,2).
nocross(18,3).
nocross(18,4).
nocross(18,12).
nocross(18,13).
nocross(18,15).
nocross(18,19).
nocross(18,25).
nocross(18,28).
nocross(19,2).
nocross(19,4).
nocross(19,12).
nocross(19,14).
nocross(19,15).
nocross(19,18).
nocross(19,21).
nocross(19,23).
nocross(19,25).
nocross(19,26).
nocross(19,27).
nocross(20,3).
nocross(20,11).
nocross(20,12).
nocross(20,14).
nocross(20,21).
nocross(20,23).
nocross(20,26).
nocross(20,27).
nocross(21,4).
nocross(21,14).
nocross(21,19).
nocross(21,26).
nocross(21,27).
nocross(22,1).
nocross(22,3).
nocross(22,6).
nocross(22,7).
nocross(22,9).
nocross(22,10).
nocross(22,16).
nocross(22,24).
nocross(22,28).
nocross(23,4).
nocross(23,12).
nocross(23,14).
nocross(23,19).
nocross(23,20).
nocross(23,21).
nocross(23,26).
nocross(23,27).
nocross(24,1).
nocross(24,3).
nocross(24,5).
nocross(24,6).
nocross(24,8).
nocross(24,9).
nocross(24,10).
nocross(24,13).
nocross(24,16).
nocross(24,17).
nocross(24,22).
nocross(25,2).
nocross(25,3).
nocross(25,4).
nocross(25,12).
nocross(25,14).
nocross(25,15).
nocross(25,18).
nocross(25,23).
nocross(25,26).
nocross(25,27).
nocross(26,2).
nocross(26,3).
nocross(26,4).
nocross(26,12).
nocross(26,14).
nocross(26,19).
nocross(26,20).
nocross(26,27).
nocross(27,4).
nocross(27,14).
nocross(27,15).
nocross(27,19).
nocross(27,21).
nocross(27,26).
nocross(28,1).
nocross(28,3).
nocross(28,5).
nocross(28,6).
nocross(28,7).
nocross(28,8).
nocross(28,13).
nocross(28,16).
nocross(28,17).
nocross(28,22).
