dimension(28).
point(1, 9.6618459919, 54.6708355902).
point(2, 40.9033738668, 8.3712951019).
point(3, 29.4792634724, 1.0283013681).
point(4, 15.3152578087, 16.2850375641).
point(5, 78.578582635, 69.718169624).
point(6, 85.0532272634, 80.572514631).
point(7, 7.8006536201, 27.2970413051).
point(8, 76.707099894, 57.2914106849).
point(9, 53.6335900117, 77.5716357348).
point(10, 55.5506903451, 35.0252716177).
point(11, 57.2331439003, 63.688946557).
point(12, 17.4753021977, 10.5603012064).
point(13, 69.3336892267, 82.9092038572).
point(14, 17.2879053127, 26.99035142).
point(15, 28.1929834904, 8.1844870584).
point(16, 73.7130283337, 28.9722351479).
point(17, 84.3770779619, 85.7665658483).
point(18, 13.1733800895, 43.0481012212).
point(19, 51.2171793085, 86.9061967862).
point(20, 4.4336205916, 23.7766443828).
point(21, 65.0268028742, 49.3278018971).
point(22, 44.1002467053, 79.2655549779).
point(23, 46.1094608226, 1.8763299733).
point(24, 8.9577833846, 1.2945104285).
point(25, 26.2321064271, 46.9435253579).
point(26, 53.430740281, 85.3892651371).
point(27, 10.5483725592, 19.8395041327).
point(28, 48.1001084604, 69.1019390966).
cost(1, 2, 56).
cost(1, 3, 57).
cost(1, 4, 39).
cost(1, 5, 71).
cost(1, 6, 80).
cost(1, 7, 27).
cost(1, 8, 67).
cost(1, 9, 50).
cost(1, 10, 50).
cost(1, 11, 48).
cost(1, 12, 45).
cost(1, 13, 66).
cost(1, 14, 29).
cost(1, 15, 50).
cost(1, 16, 69).
cost(1, 17, 81).
cost(1, 18, 12).
cost(1, 19, 53).
cost(1, 20, 31).
cost(1, 21, 56).
cost(1, 22, 42).
cost(1, 23, 64).
cost(1, 24, 53).
cost(1, 25, 18).
cost(1, 26, 53).
cost(1, 27, 35).
cost(1, 28, 41).
cost(2, 1, 56).
cost(2, 3, 14).
cost(2, 4, 27).
cost(2, 5, 72).
cost(2, 6, 85).
cost(2, 7, 38).
cost(2, 8, 61).
cost(2, 9, 70).
cost(2, 10, 30).
cost(2, 11, 58).
cost(2, 12, 24).
cost(2, 13, 80).
cost(2, 14, 30).
cost(2, 15, 13).
cost(2, 16, 39).
cost(2, 17, 89).
cost(2, 18, 44).
cost(2, 19, 79).
cost(2, 20, 40).
cost(2, 21, 48).
cost(2, 22, 71).
cost(2, 23, 8).
cost(2, 24, 33).
cost(2, 25, 41).
cost(2, 26, 78).
cost(2, 27, 32).
cost(2, 28, 61).
cost(3, 1, 57).
cost(3, 2, 14).
cost(3, 4, 21).
cost(3, 5, 84).
cost(3, 6, 97).
cost(3, 7, 34).
cost(3, 8, 73).
cost(3, 9, 80).
cost(3, 10, 43).
cost(3, 11, 69).
cost(3, 12, 15).
cost(3, 13, 91).
cost(3, 14, 29).
cost(3, 15, 7).
cost(3, 16, 52).
cost(3, 17, 101).
cost(3, 18, 45).
cost(3, 19, 89).
cost(3, 20, 34).
cost(3, 21, 60).
cost(3, 22, 80).
cost(3, 23, 17).
cost(3, 24, 21).
cost(3, 25, 46).
cost(3, 26, 88).
cost(3, 27, 27).
cost(3, 28, 71).
cost(4, 1, 39).
cost(4, 2, 27).
cost(4, 3, 21).
cost(4, 5, 83).
cost(4, 6, 95).
cost(4, 7, 13).
cost(4, 8, 74).
cost(4, 9, 72).
cost(4, 10, 44).
cost(4, 11, 63).
cost(4, 12, 6).
cost(4, 13, 86).
cost(4, 14, 11).
cost(4, 15, 15).
cost(4, 16, 60).
cost(4, 17, 98).
cost(4, 18, 27).
cost(4, 19, 79).
cost(4, 20, 13).
cost(4, 21, 60).
cost(4, 22, 69).
cost(4, 23, 34).
cost(4, 24, 16).
cost(4, 25, 33).
cost(4, 26, 79).
cost(4, 27, 6).
cost(4, 28, 62).
cost(5, 1, 71).
cost(5, 2, 72).
cost(5, 3, 84).
cost(5, 4, 83).
cost(5, 6, 13).
cost(5, 7, 83).
cost(5, 8, 13).
cost(5, 9, 26).
cost(5, 10, 42).
cost(5, 11, 22).
cost(5, 12, 85).
cost(5, 13, 16).
cost(5, 14, 75).
cost(5, 15, 80).
cost(5, 16, 41).
cost(5, 17, 17).
cost(5, 18, 71).
cost(5, 19, 32).
cost(5, 20, 87).
cost(5, 21, 24).
cost(5, 22, 36).
cost(5, 23, 75).
cost(5, 24, 98).
cost(5, 25, 57).
cost(5, 26, 30).
cost(5, 27, 84).
cost(5, 28, 30).
cost(6, 1, 80).
cost(6, 2, 85).
cost(6, 3, 97).
cost(6, 4, 95).
cost(6, 5, 13).
cost(6, 7, 94).
cost(6, 8, 25).
cost(6, 9, 32).
cost(6, 10, 54).
cost(6, 11, 33).
cost(6, 12, 97).
cost(6, 13, 16).
cost(6, 14, 86).
cost(6, 15, 92).
cost(6, 16, 53).
cost(6, 17, 5).
cost(6, 18, 81).
cost(6, 19, 34).
cost(6, 20, 99).
cost(6, 21, 37).
cost(6, 22, 41).
cost(6, 23, 88).
cost(6, 24, 110).
cost(6, 25, 68).
cost(6, 26, 32).
cost(6, 27, 96).
cost(6, 28, 39).
cost(7, 1, 27).
cost(7, 2, 38).
cost(7, 3, 34).
cost(7, 4, 13).
cost(7, 5, 83).
cost(7, 6, 94).
cost(7, 8, 75).
cost(7, 9, 68).
cost(7, 10, 48).
cost(7, 11, 61).
cost(7, 12, 19).
cost(7, 13, 83).
cost(7, 14, 9).
cost(7, 15, 28).
cost(7, 16, 66).
cost(7, 17, 96).
cost(7, 18, 17).
cost(7, 19, 74).
cost(7, 20, 5).
cost(7, 21, 61).
cost(7, 22, 63).
cost(7, 23, 46).
cost(7, 24, 26).
cost(7, 25, 27).
cost(7, 26, 74).
cost(7, 27, 8).
cost(7, 28, 58).
cost(8, 1, 67).
cost(8, 2, 61).
cost(8, 3, 73).
cost(8, 4, 74).
cost(8, 5, 13).
cost(8, 6, 25).
cost(8, 7, 75).
cost(8, 9, 31).
cost(8, 10, 31).
cost(8, 11, 20).
cost(8, 12, 75).
cost(8, 13, 27).
cost(8, 14, 67).
cost(8, 15, 69).
cost(8, 16, 28).
cost(8, 17, 29).
cost(8, 18, 65).
cost(8, 19, 39).
cost(8, 20, 80).
cost(8, 21, 14).
cost(8, 22, 39).
cost(8, 23, 63).
cost(8, 24, 88).
cost(8, 25, 52).
cost(8, 26, 36).
cost(8, 27, 76).
cost(8, 28, 31).
cost(9, 1, 50).
cost(9, 2, 70).
cost(9, 3, 80).
cost(9, 4, 72).
cost(9, 5, 26).
cost(9, 6, 32).
cost(9, 7, 68).
cost(9, 8, 31).
cost(9, 10, 43).
cost(9, 11, 14).
cost(9, 12, 76).
cost(9, 13, 17).
cost(9, 14, 62).
cost(9, 15, 74).
cost(9, 16, 53).
cost(9, 17, 32).
cost(9, 18, 53).
cost(9, 19, 10).
cost(9, 20, 73).
cost(9, 21, 30).
cost(9, 22, 10).
cost(9, 23, 76).
cost(9, 24, 88).
cost(9, 25, 41).
cost(9, 26, 8).
cost(9, 27, 72).
cost(9, 28, 10).
cost(10, 1, 50).
cost(10, 2, 30).
cost(10, 3, 43).
cost(10, 4, 44).
cost(10, 5, 42).
cost(10, 6, 54).
cost(10, 7, 48).
cost(10, 8, 31).
cost(10, 9, 43).
cost(10, 11, 29).
cost(10, 12, 45).
cost(10, 13, 50).
cost(10, 14, 39).
cost(10, 15, 38).
cost(10, 16, 19).
cost(10, 17, 58).
cost(10, 18, 43).
cost(10, 19, 52).
cost(10, 20, 52).
cost(10, 21, 17).
cost(10, 22, 46).
cost(10, 23, 34).
cost(10, 24, 58).
cost(10, 25, 32).
cost(10, 26, 50).
cost(10, 27, 47).
cost(10, 28, 35).
cost(11, 1, 48).
cost(11, 2, 58).
cost(11, 3, 69).
cost(11, 4, 63).
cost(11, 5, 22).
cost(11, 6, 33).
cost(11, 7, 61).
cost(11, 8, 20).
cost(11, 9, 14).
cost(11, 10, 29).
cost(11, 12, 66).
cost(11, 13, 23).
cost(11, 14, 54).
cost(11, 15, 63).
cost(11, 16, 38).
cost(11, 17, 35).
cost(11, 18, 49).
cost(11, 19, 24).
cost(11, 20, 66).
cost(11, 21, 16).
cost(11, 22, 20).
cost(11, 23, 63).
cost(11, 24, 79).
cost(11, 25, 35).
cost(11, 26, 22).
cost(11, 27, 64).
cost(11, 28, 11).
cost(12, 1, 45).
cost(12, 2, 24).
cost(12, 3, 15).
cost(12, 4, 6).
cost(12, 5, 85).
cost(12, 6, 97).
cost(12, 7, 19).
cost(12, 8, 75).
cost(12, 9, 76).
cost(12, 10, 45).
cost(12, 11, 66).
cost(12, 13, 89).
cost(12, 14, 16).
cost(12, 15, 11).
cost(12, 16, 59).
cost(12, 17, 101).
cost(12, 18, 33).
cost(12, 19, 83).
cost(12, 20, 19).
cost(12, 21, 61).
cost(12, 22, 74).
cost(12, 23, 30).
cost(12, 24, 13).
cost(12, 25, 37).
cost(12, 26, 83).
cost(12, 27, 12).
cost(12, 28, 66).
cost(13, 1, 66).
cost(13, 2, 80).
cost(13, 3, 91).
cost(13, 4, 86).
cost(13, 5, 16).
cost(13, 6, 16).
cost(13, 7, 83).
cost(13, 8, 27).
cost(13, 9, 17).
cost(13, 10, 50).
cost(13, 11, 23).
cost(13, 12, 89).
cost(13, 14, 76).
cost(13, 15, 85).
cost(13, 16, 54).
cost(13, 17, 15).
cost(13, 18, 69).
cost(13, 19, 19).
cost(13, 20, 88).
cost(13, 21, 34).
cost(13, 22, 25).
cost(13, 23, 84).
cost(13, 24, 102).
cost(13, 25, 56).
cost(13, 26, 16).
cost(13, 27, 86).
cost(13, 28, 25).
cost(14, 1, 29).
cost(14, 2, 30).
cost(14, 3, 29).
cost(14, 4, 11).
cost(14, 5, 75).
cost(14, 6, 86).
cost(14, 7, 9).
cost(14, 8, 67).
cost(14, 9, 62).
cost(14, 10, 39).
cost(14, 11, 54).
cost(14, 12, 16).
cost(14, 13, 76).
cost(14, 15, 22).
cost(14, 16, 56).
cost(14, 17, 89).
cost(14, 18, 17).
cost(14, 19, 69).
cost(14, 20, 13).
cost(14, 21, 53).
cost(14, 22, 59).
cost(14, 23, 38).
cost(14, 24, 27).
cost(14, 25, 22).
cost(14, 26, 69).
cost(14, 27, 10).
cost(14, 28, 52).
cost(15, 1, 50).
cost(15, 2, 13).
cost(15, 3, 7).
cost(15, 4, 15).
cost(15, 5, 80).
cost(15, 6, 92).
cost(15, 7, 28).
cost(15, 8, 69).
cost(15, 9, 74).
cost(15, 10, 38).
cost(15, 11, 63).
cost(15, 12, 11).
cost(15, 13, 85).
cost(15, 14, 22).
cost(15, 16, 50).
cost(15, 17, 96).
cost(15, 18, 38).
cost(15, 19, 82).
cost(15, 20, 28).
cost(15, 21, 55).
cost(15, 22, 73).
cost(15, 23, 19).
cost(15, 24, 20).
cost(15, 25, 39).
cost(15, 26, 81).
cost(15, 27, 21).
cost(15, 28, 64).
cost(16, 1, 69).
cost(16, 2, 39).
cost(16, 3, 52).
cost(16, 4, 60).
cost(16, 5, 41).
cost(16, 6, 53).
cost(16, 7, 66).
cost(16, 8, 28).
cost(16, 9, 53).
cost(16, 10, 19).
cost(16, 11, 38).
cost(16, 12, 59).
cost(16, 13, 54).
cost(16, 14, 56).
cost(16, 15, 50).
cost(16, 17, 58).
cost(16, 18, 62).
cost(16, 19, 62).
cost(16, 20, 69).
cost(16, 21, 22).
cost(16, 22, 58).
cost(16, 23, 39).
cost(16, 24, 70).
cost(16, 25, 51).
cost(16, 26, 60).
cost(16, 27, 64).
cost(16, 28, 48).
cost(17, 1, 81).
cost(17, 2, 89).
cost(17, 3, 101).
cost(17, 4, 98).
cost(17, 5, 17).
cost(17, 6, 5).
cost(17, 7, 96).
cost(17, 8, 29).
cost(17, 9, 32).
cost(17, 10, 58).
cost(17, 11, 35).
cost(17, 12, 101).
cost(17, 13, 15).
cost(17, 14, 89).
cost(17, 15, 96).
cost(17, 16, 58).
cost(17, 18, 83).
cost(17, 19, 33).
cost(17, 20, 101).
cost(17, 21, 41).
cost(17, 22, 41).
cost(17, 23, 92).
cost(17, 24, 113).
cost(17, 25, 70).
cost(17, 26, 31).
cost(17, 27, 99).
cost(17, 28, 40).
cost(18, 1, 12).
cost(18, 2, 44).
cost(18, 3, 45).
cost(18, 4, 27).
cost(18, 5, 71).
cost(18, 6, 81).
cost(18, 7, 17).
cost(18, 8, 65).
cost(18, 9, 53).
cost(18, 10, 43).
cost(18, 11, 49).
cost(18, 12, 33).
cost(18, 13, 69).
cost(18, 14, 17).
cost(18, 15, 38).
cost(18, 16, 62).
cost(18, 17, 83).
cost(18, 19, 58).
cost(18, 20, 21).
cost(18, 21, 52).
cost(18, 22, 48).
cost(18, 23, 53).
cost(18, 24, 42).
cost(18, 25, 14).
cost(18, 26, 58).
cost(18, 27, 23).
cost(18, 28, 44).
cost(19, 1, 53).
cost(19, 2, 79).
cost(19, 3, 89).
cost(19, 4, 79).
cost(19, 5, 32).
cost(19, 6, 34).
cost(19, 7, 74).
cost(19, 8, 39).
cost(19, 9, 10).
cost(19, 10, 52).
cost(19, 11, 24).
cost(19, 12, 83).
cost(19, 13, 19).
cost(19, 14, 69).
cost(19, 15, 82).
cost(19, 16, 62).
cost(19, 17, 33).
cost(19, 18, 58).
cost(19, 20, 79).
cost(19, 21, 40).
cost(19, 22, 10).
cost(19, 23, 85).
cost(19, 24, 95).
cost(19, 25, 47).
cost(19, 26, 3).
cost(19, 27, 78).
cost(19, 28, 18).
cost(20, 1, 31).
cost(20, 2, 40).
cost(20, 3, 34).
cost(20, 4, 13).
cost(20, 5, 87).
cost(20, 6, 99).
cost(20, 7, 5).
cost(20, 8, 80).
cost(20, 9, 73).
cost(20, 10, 52).
cost(20, 11, 66).
cost(20, 12, 19).
cost(20, 13, 88).
cost(20, 14, 13).
cost(20, 15, 28).
cost(20, 16, 69).
cost(20, 17, 101).
cost(20, 18, 21).
cost(20, 19, 79).
cost(20, 21, 66).
cost(20, 22, 68).
cost(20, 23, 47).
cost(20, 24, 23).
cost(20, 25, 32).
cost(20, 26, 79).
cost(20, 27, 7).
cost(20, 28, 63).
cost(21, 1, 56).
cost(21, 2, 48).
cost(21, 3, 60).
cost(21, 4, 60).
cost(21, 5, 24).
cost(21, 6, 37).
cost(21, 7, 61).
cost(21, 8, 14).
cost(21, 9, 30).
cost(21, 10, 17).
cost(21, 11, 16).
cost(21, 12, 61).
cost(21, 13, 34).
cost(21, 14, 53).
cost(21, 15, 55).
cost(21, 16, 22).
cost(21, 17, 41).
cost(21, 18, 52).
cost(21, 19, 40).
cost(21, 20, 66).
cost(21, 22, 37).
cost(21, 23, 51).
cost(21, 24, 74).
cost(21, 25, 39).
cost(21, 26, 38).
cost(21, 27, 62).
cost(21, 28, 26).
cost(22, 1, 42).
cost(22, 2, 71).
cost(22, 3, 80).
cost(22, 4, 69).
cost(22, 5, 36).
cost(22, 6, 41).
cost(22, 7, 63).
cost(22, 8, 39).
cost(22, 9, 10).
cost(22, 10, 46).
cost(22, 11, 20).
cost(22, 12, 74).
cost(22, 13, 25).
cost(22, 14, 59).
cost(22, 15, 73).
cost(22, 16, 58).
cost(22, 17, 41).
cost(22, 18, 48).
cost(22, 19, 10).
cost(22, 20, 68).
cost(22, 21, 37).
cost(22, 23, 77).
cost(22, 24, 86).
cost(22, 25, 37).
cost(22, 26, 11).
cost(22, 27, 68).
cost(22, 28, 11).
cost(23, 1, 64).
cost(23, 2, 8).
cost(23, 3, 17).
cost(23, 4, 34).
cost(23, 5, 75).
cost(23, 6, 88).
cost(23, 7, 46).
cost(23, 8, 63).
cost(23, 9, 76).
cost(23, 10, 34).
cost(23, 11, 63).
cost(23, 12, 30).
cost(23, 13, 84).
cost(23, 14, 38).
cost(23, 15, 19).
cost(23, 16, 39).
cost(23, 17, 92).
cost(23, 18, 53).
cost(23, 19, 85).
cost(23, 20, 47).
cost(23, 21, 51).
cost(23, 22, 77).
cost(23, 24, 37).
cost(23, 25, 49).
cost(23, 26, 84).
cost(23, 27, 40).
cost(23, 28, 67).
cost(24, 1, 53).
cost(24, 2, 33).
cost(24, 3, 21).
cost(24, 4, 16).
cost(24, 5, 98).
cost(24, 6, 110).
cost(24, 7, 26).
cost(24, 8, 88).
cost(24, 9, 88).
cost(24, 10, 58).
cost(24, 11, 79).
cost(24, 12, 13).
cost(24, 13, 102).
cost(24, 14, 27).
cost(24, 15, 20).
cost(24, 16, 70).
cost(24, 17, 113).
cost(24, 18, 42).
cost(24, 19, 95).
cost(24, 20, 23).
cost(24, 21, 74).
cost(24, 22, 86).
cost(24, 23, 37).
cost(24, 25, 49).
cost(24, 26, 95).
cost(24, 27, 19).
cost(24, 28, 78).
cost(25, 1, 18).
cost(25, 2, 41).
cost(25, 3, 46).
cost(25, 4, 33).
cost(25, 5, 57).
cost(25, 6, 68).
cost(25, 7, 27).
cost(25, 8, 52).
cost(25, 9, 41).
cost(25, 10, 32).
cost(25, 11, 35).
cost(25, 12, 37).
cost(25, 13, 56).
cost(25, 14, 22).
cost(25, 15, 39).
cost(25, 16, 51).
cost(25, 17, 70).
cost(25, 18, 14).
cost(25, 19, 47).
cost(25, 20, 32).
cost(25, 21, 39).
cost(25, 22, 37).
cost(25, 23, 49).
cost(25, 24, 49).
cost(25, 26, 47).
cost(25, 27, 31).
cost(25, 28, 31).
cost(26, 1, 53).
cost(26, 2, 78).
cost(26, 3, 88).
cost(26, 4, 79).
cost(26, 5, 30).
cost(26, 6, 32).
cost(26, 7, 74).
cost(26, 8, 36).
cost(26, 9, 8).
cost(26, 10, 50).
cost(26, 11, 22).
cost(26, 12, 83).
cost(26, 13, 16).
cost(26, 14, 69).
cost(26, 15, 81).
cost(26, 16, 60).
cost(26, 17, 31).
cost(26, 18, 58).
cost(26, 19, 3).
cost(26, 20, 79).
cost(26, 21, 38).
cost(26, 22, 11).
cost(26, 23, 84).
cost(26, 24, 95).
cost(26, 25, 47).
cost(26, 27, 78).
cost(26, 28, 17).
cost(27, 1, 35).
cost(27, 2, 32).
cost(27, 3, 27).
cost(27, 4, 6).
cost(27, 5, 84).
cost(27, 6, 96).
cost(27, 7, 8).
cost(27, 8, 76).
cost(27, 9, 72).
cost(27, 10, 47).
cost(27, 11, 64).
cost(27, 12, 12).
cost(27, 13, 86).
cost(27, 14, 10).
cost(27, 15, 21).
cost(27, 16, 64).
cost(27, 17, 99).
cost(27, 18, 23).
cost(27, 19, 78).
cost(27, 20, 7).
cost(27, 21, 62).
cost(27, 22, 68).
cost(27, 23, 40).
cost(27, 24, 19).
cost(27, 25, 31).
cost(27, 26, 78).
cost(27, 28, 62).
cost(28, 1, 41).
cost(28, 2, 61).
cost(28, 3, 71).
cost(28, 4, 62).
cost(28, 5, 30).
cost(28, 6, 39).
cost(28, 7, 58).
cost(28, 8, 31).
cost(28, 9, 10).
cost(28, 10, 35).
cost(28, 11, 11).
cost(28, 12, 66).
cost(28, 13, 25).
cost(28, 14, 52).
cost(28, 15, 64).
cost(28, 16, 48).
cost(28, 17, 40).
cost(28, 18, 44).
cost(28, 19, 18).
cost(28, 20, 63).
cost(28, 21, 26).
cost(28, 22, 11).
cost(28, 23, 67).
cost(28, 24, 78).
cost(28, 25, 31).
cost(28, 26, 17).
cost(28, 27, 62).
nocross(1,7).
nocross(1,14).
nocross(1,18).
nocross(1,20).
nocross(1,22).
nocross(1,25).
nocross(1,27).
nocross(2,3).
nocross(2,4).
nocross(2,10).
nocross(2,12).
nocross(2,14).
nocross(2,15).
nocross(2,16).
nocross(2,23).
nocross(2,27).
nocross(3,2).
nocross(3,4).
nocross(3,7).
nocross(3,12).
nocross(3,14).
nocross(3,15).
nocross(3,23).
nocross(3,24).
nocross(3,27).
nocross(4,2).
nocross(4,3).
nocross(4,7).
nocross(4,12).
nocross(4,14).
nocross(4,15).
nocross(4,18).
nocross(4,20).
nocross(4,24).
nocross(4,27).
nocross(5,6).
nocross(5,8).
nocross(5,9).
nocross(5,11).
nocross(5,13).
nocross(5,17).
nocross(5,21).
nocross(5,26).
nocross(5,28).
nocross(6,5).
nocross(6,8).
nocross(6,9).
nocross(6,11).
nocross(6,13).
nocross(6,17).
nocross(6,19).
nocross(6,21).
nocross(6,26).
nocross(7,1).
nocross(7,4).
nocross(7,12).
nocross(7,14).
nocross(7,15).
nocross(7,18).
nocross(7,20).
nocross(7,24).
nocross(7,25).
nocross(7,27).
nocross(8,5).
nocross(8,6).
nocross(8,9).
nocross(8,10).
nocross(8,11).
nocross(8,13).
nocross(8,16).
nocross(8,17).
nocross(8,19).
nocross(8,21).
nocross(8,26).
nocross(8,28).
nocross(9,5).
nocross(9,6).
nocross(9,8).
nocross(9,11).
nocross(9,13).
nocross(9,17).
nocross(9,19).
nocross(9,21).
nocross(9,22).
nocross(9,26).
nocross(9,28).
nocross(10,2).
nocross(10,8).
nocross(10,11).
nocross(10,14).
nocross(10,15).
nocross(10,16).
nocross(10,21).
nocross(10,23).
nocross(10,25).
nocross(10,28).
nocross(11,5).
nocross(11,6).
nocross(11,8).
nocross(11,9).
nocross(11,10).
nocross(11,13).
nocross(11,17).
nocross(11,19).
nocross(11,21).
nocross(11,22).
nocross(11,25).
nocross(11,26).
nocross(11,28).
nocross(12,2).
nocross(12,3).
nocross(12,4).
nocross(12,7).
nocross(12,14).
nocross(12,15).
nocross(12,18).
nocross(12,20).
nocross(12,23).
nocross(12,24).
nocross(12,27).
nocross(13,5).
nocross(13,6).
nocross(13,8).
nocross(13,9).
nocross(13,11).
nocross(13,17).
nocross(13,19).
nocross(13,21).
nocross(13,22).
nocross(13,26).
nocross(13,28).
nocross(14,1).
nocross(14,2).
nocross(14,3).
nocross(14,4).
nocross(14,7).
nocross(14,12).
nocross(14,15).
nocross(14,18).
nocross(14,20).
nocross(14,23).
nocross(14,24).
nocross(14,25).
nocross(14,27).
nocross(15,2).
nocross(15,3).
nocross(15,4).
nocross(15,7).
nocross(15,12).
nocross(15,14).
nocross(15,20).
nocross(15,23).
nocross(15,24).
nocross(15,27).
nocross(16,2).
nocross(16,5).
nocross(16,8).
nocross(16,10).
nocross(16,21).
nocross(16,23).
nocross(17,5).
nocross(17,6).
nocross(17,8).
nocross(17,9).
nocross(17,11).
nocross(17,13).
nocross(17,19).
nocross(17,26).
nocross(18,1).
nocross(18,4).
nocross(18,7).
nocross(18,12).
nocross(18,14).
nocross(18,20).
nocross(18,25).
nocross(18,27).
nocross(19,6).
nocross(19,9).
nocross(19,11).
nocross(19,13).
nocross(19,17).
nocross(19,22).
nocross(19,26).
nocross(19,28).
nocross(20,1).
nocross(20,4).
nocross(20,7).
nocross(20,12).
nocross(20,14).
nocross(20,15).
nocross(20,18).
nocross(20,24).
nocross(20,25).
nocross(20,27).
nocross(21,5).
nocross(21,6).
nocross(21,8).
nocross(21,9).
nocross(21,10).
nocross(21,11).
nocross(21,16).
nocross(21,17).
nocross(21,26).
nocross(21,28).
nocross(22,1).
nocross(22,9).
nocross(22,11).
nocross(22,13).
nocross(22,19).
nocross(22,25).
nocross(22,26).
nocross(22,28).
nocross(23,2).
nocross(23,3).
nocross(23,4).
nocross(23,12).
nocross(23,15).
nocross(23,16).
nocross(24,2).
nocross(24,3).
nocross(24,4).
nocross(24,7).
nocross(24,12).
nocross(24,14).
nocross(24,15).
nocross(24,20).
nocross(24,27).
nocross(25,1).
nocross(25,4).
nocross(25,7).
nocross(25,9).
nocross(25,10).
nocross(25,11).
nocross(25,14).
nocross(25,18).
nocross(25,20).
nocross(25,22).
nocross(25,28).
nocross(26,5).
nocross(26,6).
nocross(26,9).
nocross(26,11).
nocross(26,13).
nocross(26,17).
nocross(26,19).
nocross(26,22).
nocross(26,28).
nocross(27,1).
nocross(27,2).
nocross(27,3).
nocross(27,4).
nocross(27,7).
nocross(27,12).
nocross(27,14).
nocross(27,15).
nocross(27,18).
nocross(27,20).
nocross(27,24).
nocross(27,25).
nocross(28,1).
nocross(28,5).
nocross(28,8).
nocross(28,9).
nocross(28,11).
nocross(28,13).
nocross(28,19).
nocross(28,21).
nocross(28,22).
nocross(28,25).
nocross(28,26).
