dimension(28).
point(1, 22.4473734317, 72.3195008314).
point(2, 89.4856055472, 56.5495303593).
point(3, 64.8162969874, 36.4290190536).
point(4, 37.0813453602, 56.936597095).
point(5, 74.184825729, 19.7032679981).
point(6, 74.6739662619, 40.610655481).
point(7, 26.4835485596, 62.0725426038).
point(8, 62.1610584107, 31.9389650876).
point(9, 56.0635882923, 89.8184549306).
point(10, 80.15110507, 22.9479690522).
point(11, 47.3768633703, 75.3905958925).
point(12, 68.0854417492, 22.5093894278).
point(13, 73.2726249417, 28.7967683755).
point(14, 50.3751969212, 84.5820274266).
point(15, 92.030443623, 17.2732106624).
point(16, 90.18080544, 45.0107321202).
point(17, 22.4042048724, 65.8010137159).
point(18, 76.5726781073, 27.1571424314).
point(19, 94.5688406945, 11.0130708334).
point(20, 57.4658265634, 13.2994648523).
point(21, 31.7138505641, 56.5116507).
point(22, 13.0055508069, 87.0099554212).
point(23, 53.946617353, 25.6322214618).
point(24, 22.9102510549, 56.0594108853).
point(25, 26.1596064206, 90.884208972).
point(26, 62.3567809603, 97.3264926196).
point(27, 53.4151606313, 87.5970658262).
point(28, 70.1701964109, 92.3685853882).
cost(1, 2, 69).
cost(1, 3, 56).
cost(1, 4, 21).
cost(1, 5, 74).
cost(1, 6, 61).
cost(1, 7, 11).
cost(1, 8, 57).
cost(1, 9, 38).
cost(1, 10, 76).
cost(1, 11, 25).
cost(1, 12, 68).
cost(1, 13, 67).
cost(1, 14, 31).
cost(1, 15, 89).
cost(1, 16, 73).
cost(1, 17, 7).
cost(1, 18, 70).
cost(1, 19, 95).
cost(1, 20, 69).
cost(1, 21, 18).
cost(1, 22, 17).
cost(1, 23, 56).
cost(1, 24, 16).
cost(1, 25, 19).
cost(1, 26, 47).
cost(1, 27, 35).
cost(1, 28, 52).
cost(2, 1, 69).
cost(2, 3, 32).
cost(2, 4, 52).
cost(2, 5, 40).
cost(2, 6, 22).
cost(2, 7, 63).
cost(2, 8, 37).
cost(2, 9, 47).
cost(2, 10, 35).
cost(2, 11, 46).
cost(2, 12, 40).
cost(2, 13, 32).
cost(2, 14, 48).
cost(2, 15, 39).
cost(2, 16, 12).
cost(2, 17, 68).
cost(2, 18, 32).
cost(2, 19, 46).
cost(2, 20, 54).
cost(2, 21, 58).
cost(2, 22, 82).
cost(2, 23, 47).
cost(2, 24, 67).
cost(2, 25, 72).
cost(2, 26, 49).
cost(2, 27, 48).
cost(2, 28, 41).
cost(3, 1, 56).
cost(3, 2, 32).
cost(3, 4, 34).
cost(3, 5, 19).
cost(3, 6, 11).
cost(3, 7, 46).
cost(3, 8, 5).
cost(3, 9, 54).
cost(3, 10, 20).
cost(3, 11, 43).
cost(3, 12, 14).
cost(3, 13, 11).
cost(3, 14, 50).
cost(3, 15, 33).
cost(3, 16, 27).
cost(3, 17, 52).
cost(3, 18, 15).
cost(3, 19, 39).
cost(3, 20, 24).
cost(3, 21, 39).
cost(3, 22, 72).
cost(3, 23, 15).
cost(3, 24, 46).
cost(3, 25, 67).
cost(3, 26, 61).
cost(3, 27, 52).
cost(3, 28, 56).
cost(4, 1, 21).
cost(4, 2, 52).
cost(4, 3, 34).
cost(4, 5, 53).
cost(4, 6, 41).
cost(4, 7, 12).
cost(4, 8, 35).
cost(4, 9, 38).
cost(4, 10, 55).
cost(4, 11, 21).
cost(4, 12, 46).
cost(4, 13, 46).
cost(4, 14, 31).
cost(4, 15, 68).
cost(4, 16, 54).
cost(4, 17, 17).
cost(4, 18, 49).
cost(4, 19, 74).
cost(4, 20, 48).
cost(4, 21, 5).
cost(4, 22, 39).
cost(4, 23, 36).
cost(4, 24, 14).
cost(4, 25, 36).
cost(4, 26, 48).
cost(4, 27, 35).
cost(4, 28, 48).
cost(5, 1, 74).
cost(5, 2, 40).
cost(5, 3, 19).
cost(5, 4, 53).
cost(5, 6, 21).
cost(5, 7, 64).
cost(5, 8, 17).
cost(5, 9, 72).
cost(5, 10, 7).
cost(5, 11, 62).
cost(5, 12, 7).
cost(5, 13, 9).
cost(5, 14, 69).
cost(5, 15, 18).
cost(5, 16, 30).
cost(5, 17, 69).
cost(5, 18, 8).
cost(5, 19, 22).
cost(5, 20, 18).
cost(5, 21, 56).
cost(5, 22, 91).
cost(5, 23, 21).
cost(5, 24, 63).
cost(5, 25, 86).
cost(5, 26, 79).
cost(5, 27, 71).
cost(5, 28, 73).
cost(6, 1, 61).
cost(6, 2, 22).
cost(6, 3, 11).
cost(6, 4, 41).
cost(6, 5, 21).
cost(6, 7, 53).
cost(6, 8, 15).
cost(6, 9, 53).
cost(6, 10, 18).
cost(6, 11, 44).
cost(6, 12, 19).
cost(6, 13, 12).
cost(6, 14, 50).
cost(6, 15, 29).
cost(6, 16, 16).
cost(6, 17, 58).
cost(6, 18, 14).
cost(6, 19, 36).
cost(6, 20, 32).
cost(6, 21, 46).
cost(6, 22, 77).
cost(6, 23, 26).
cost(6, 24, 54).
cost(6, 25, 70).
cost(6, 26, 58).
cost(6, 27, 52).
cost(6, 28, 52).
cost(7, 1, 11).
cost(7, 2, 63).
cost(7, 3, 46).
cost(7, 4, 12).
cost(7, 5, 64).
cost(7, 6, 53).
cost(7, 8, 47).
cost(7, 9, 41).
cost(7, 10, 66).
cost(7, 11, 25).
cost(7, 12, 57).
cost(7, 13, 57).
cost(7, 14, 33).
cost(7, 15, 79).
cost(7, 16, 66).
cost(7, 17, 6).
cost(7, 18, 61).
cost(7, 19, 85).
cost(7, 20, 58).
cost(7, 21, 8).
cost(7, 22, 28).
cost(7, 23, 46).
cost(7, 24, 7).
cost(7, 25, 29).
cost(7, 26, 50).
cost(7, 27, 37).
cost(7, 28, 53).
cost(8, 1, 57).
cost(8, 2, 37).
cost(8, 3, 5).
cost(8, 4, 35).
cost(8, 5, 17).
cost(8, 6, 15).
cost(8, 7, 47).
cost(8, 9, 58).
cost(8, 10, 20).
cost(8, 11, 46).
cost(8, 12, 11).
cost(8, 13, 12).
cost(8, 14, 54).
cost(8, 15, 33).
cost(8, 16, 31).
cost(8, 17, 52).
cost(8, 18, 15).
cost(8, 19, 39).
cost(8, 20, 19).
cost(8, 21, 39).
cost(8, 22, 74).
cost(8, 23, 10).
cost(8, 24, 46).
cost(8, 25, 69).
cost(8, 26, 65).
cost(8, 27, 56).
cost(8, 28, 61).
cost(9, 1, 38).
cost(9, 2, 47).
cost(9, 3, 54).
cost(9, 4, 38).
cost(9, 5, 72).
cost(9, 6, 53).
cost(9, 7, 41).
cost(9, 8, 58).
cost(9, 10, 71).
cost(9, 11, 17).
cost(9, 12, 68).
cost(9, 13, 63).
cost(9, 14, 8).
cost(9, 15, 81).
cost(9, 16, 56).
cost(9, 17, 41).
cost(9, 18, 66).
cost(9, 19, 88).
cost(9, 20, 77).
cost(9, 21, 41).
cost(9, 22, 43).
cost(9, 23, 64).
cost(9, 24, 47).
cost(9, 25, 30).
cost(9, 26, 10).
cost(9, 27, 3).
cost(9, 28, 14).
cost(10, 1, 76).
cost(10, 2, 35).
cost(10, 3, 20).
cost(10, 4, 55).
cost(10, 5, 7).
cost(10, 6, 18).
cost(10, 7, 66).
cost(10, 8, 20).
cost(10, 9, 71).
cost(10, 11, 62).
cost(10, 12, 12).
cost(10, 13, 9).
cost(10, 14, 68).
cost(10, 15, 13).
cost(10, 16, 24).
cost(10, 17, 72).
cost(10, 18, 6).
cost(10, 19, 19).
cost(10, 20, 25).
cost(10, 21, 59).
cost(10, 22, 93).
cost(10, 23, 26).
cost(10, 24, 66).
cost(10, 25, 87).
cost(10, 26, 76).
cost(10, 27, 70).
cost(10, 28, 70).
cost(11, 1, 25).
cost(11, 2, 46).
cost(11, 3, 43).
cost(11, 4, 21).
cost(11, 5, 62).
cost(11, 6, 44).
cost(11, 7, 25).
cost(11, 8, 46).
cost(11, 9, 17).
cost(11, 10, 62).
cost(11, 12, 57).
cost(11, 13, 53).
cost(11, 14, 10).
cost(11, 15, 73).
cost(11, 16, 52).
cost(11, 17, 27).
cost(11, 18, 56).
cost(11, 19, 80).
cost(11, 20, 63).
cost(11, 21, 25).
cost(11, 22, 36).
cost(11, 23, 50).
cost(11, 24, 31).
cost(11, 25, 26).
cost(11, 26, 27).
cost(11, 27, 14).
cost(11, 28, 28).
cost(12, 1, 68).
cost(12, 2, 40).
cost(12, 3, 14).
cost(12, 4, 46).
cost(12, 5, 7).
cost(12, 6, 19).
cost(12, 7, 57).
cost(12, 8, 11).
cost(12, 9, 68).
cost(12, 10, 12).
cost(12, 11, 57).
cost(12, 13, 8).
cost(12, 14, 65).
cost(12, 15, 25).
cost(12, 16, 32).
cost(12, 17, 63).
cost(12, 18, 10).
cost(12, 19, 29).
cost(12, 20, 14).
cost(12, 21, 50).
cost(12, 22, 85).
cost(12, 23, 14).
cost(12, 24, 56).
cost(12, 25, 80).
cost(12, 26, 75).
cost(12, 27, 67).
cost(12, 28, 70).
cost(13, 1, 67).
cost(13, 2, 32).
cost(13, 3, 11).
cost(13, 4, 46).
cost(13, 5, 9).
cost(13, 6, 12).
cost(13, 7, 57).
cost(13, 8, 12).
cost(13, 9, 63).
cost(13, 10, 9).
cost(13, 11, 53).
cost(13, 12, 8).
cost(13, 14, 60).
cost(13, 15, 22).
cost(13, 16, 23).
cost(13, 17, 63).
cost(13, 18, 4).
cost(13, 19, 28).
cost(13, 20, 22).
cost(13, 21, 50).
cost(13, 22, 84).
cost(13, 23, 20).
cost(13, 24, 57).
cost(13, 25, 78).
cost(13, 26, 69).
cost(13, 27, 62).
cost(13, 28, 64).
cost(14, 1, 31).
cost(14, 2, 48).
cost(14, 3, 50).
cost(14, 4, 31).
cost(14, 5, 69).
cost(14, 6, 50).
cost(14, 7, 33).
cost(14, 8, 54).
cost(14, 9, 8).
cost(14, 10, 68).
cost(14, 11, 10).
cost(14, 12, 65).
cost(14, 13, 60).
cost(14, 15, 79).
cost(14, 16, 56).
cost(14, 17, 34).
cost(14, 18, 63).
cost(14, 19, 86).
cost(14, 20, 72).
cost(14, 21, 34).
cost(14, 22, 37).
cost(14, 23, 59).
cost(14, 24, 40).
cost(14, 25, 25).
cost(14, 26, 17).
cost(14, 27, 4).
cost(14, 28, 21).
cost(15, 1, 89).
cost(15, 2, 39).
cost(15, 3, 33).
cost(15, 4, 68).
cost(15, 5, 18).
cost(15, 6, 29).
cost(15, 7, 79).
cost(15, 8, 33).
cost(15, 9, 81).
cost(15, 10, 13).
cost(15, 11, 73).
cost(15, 12, 25).
cost(15, 13, 22).
cost(15, 14, 79).
cost(15, 16, 28).
cost(15, 17, 85).
cost(15, 18, 18).
cost(15, 19, 7).
cost(15, 20, 35).
cost(15, 21, 72).
cost(15, 22, 105).
cost(15, 23, 39).
cost(15, 24, 79).
cost(15, 25, 99).
cost(15, 26, 85).
cost(15, 27, 80).
cost(15, 28, 78).
cost(16, 1, 73).
cost(16, 2, 12).
cost(16, 3, 27).
cost(16, 4, 54).
cost(16, 5, 30).
cost(16, 6, 16).
cost(16, 7, 66).
cost(16, 8, 31).
cost(16, 9, 56).
cost(16, 10, 24).
cost(16, 11, 52).
cost(16, 12, 32).
cost(16, 13, 23).
cost(16, 14, 56).
cost(16, 15, 28).
cost(16, 17, 71).
cost(16, 18, 22).
cost(16, 19, 34).
cost(16, 20, 46).
cost(16, 21, 60).
cost(16, 22, 88).
cost(16, 23, 41).
cost(16, 24, 68).
cost(16, 25, 79).
cost(16, 26, 59).
cost(16, 27, 56).
cost(16, 28, 51).
cost(17, 1, 7).
cost(17, 2, 68).
cost(17, 3, 52).
cost(17, 4, 17).
cost(17, 5, 69).
cost(17, 6, 58).
cost(17, 7, 6).
cost(17, 8, 52).
cost(17, 9, 41).
cost(17, 10, 72).
cost(17, 11, 27).
cost(17, 12, 63).
cost(17, 13, 63).
cost(17, 14, 34).
cost(17, 15, 85).
cost(17, 16, 71).
cost(17, 18, 67).
cost(17, 19, 91).
cost(17, 20, 63).
cost(17, 21, 13).
cost(17, 22, 23).
cost(17, 23, 51).
cost(17, 24, 10).
cost(17, 25, 25).
cost(17, 26, 51).
cost(17, 27, 38).
cost(17, 28, 55).
cost(18, 1, 70).
cost(18, 2, 32).
cost(18, 3, 15).
cost(18, 4, 49).
cost(18, 5, 8).
cost(18, 6, 14).
cost(18, 7, 61).
cost(18, 8, 15).
cost(18, 9, 66).
cost(18, 10, 6).
cost(18, 11, 56).
cost(18, 12, 10).
cost(18, 13, 4).
cost(18, 14, 63).
cost(18, 15, 18).
cost(18, 16, 22).
cost(18, 17, 67).
cost(18, 19, 24).
cost(18, 20, 24).
cost(18, 21, 54).
cost(18, 22, 87).
cost(18, 23, 23).
cost(18, 24, 61).
cost(18, 25, 81).
cost(18, 26, 72).
cost(18, 27, 65).
cost(18, 28, 66).
cost(19, 1, 95).
cost(19, 2, 46).
cost(19, 3, 39).
cost(19, 4, 74).
cost(19, 5, 22).
cost(19, 6, 36).
cost(19, 7, 85).
cost(19, 8, 39).
cost(19, 9, 88).
cost(19, 10, 19).
cost(19, 11, 80).
cost(19, 12, 29).
cost(19, 13, 28).
cost(19, 14, 86).
cost(19, 15, 7).
cost(19, 16, 34).
cost(19, 17, 91).
cost(19, 18, 24).
cost(19, 20, 37).
cost(19, 21, 78).
cost(19, 22, 111).
cost(19, 23, 43).
cost(19, 24, 85).
cost(19, 25, 105).
cost(19, 26, 92).
cost(19, 27, 87).
cost(19, 28, 85).
cost(20, 1, 69).
cost(20, 2, 54).
cost(20, 3, 24).
cost(20, 4, 48).
cost(20, 5, 18).
cost(20, 6, 32).
cost(20, 7, 58).
cost(20, 8, 19).
cost(20, 9, 77).
cost(20, 10, 25).
cost(20, 11, 63).
cost(20, 12, 14).
cost(20, 13, 22).
cost(20, 14, 72).
cost(20, 15, 35).
cost(20, 16, 46).
cost(20, 17, 63).
cost(20, 18, 24).
cost(20, 19, 37).
cost(20, 21, 50).
cost(20, 22, 86).
cost(20, 23, 13).
cost(20, 24, 55).
cost(20, 25, 84).
cost(20, 26, 84).
cost(20, 27, 74).
cost(20, 28, 80).
cost(21, 1, 18).
cost(21, 2, 58).
cost(21, 3, 39).
cost(21, 4, 5).
cost(21, 5, 56).
cost(21, 6, 46).
cost(21, 7, 8).
cost(21, 8, 39).
cost(21, 9, 41).
cost(21, 10, 59).
cost(21, 11, 25).
cost(21, 12, 50).
cost(21, 13, 50).
cost(21, 14, 34).
cost(21, 15, 72).
cost(21, 16, 60).
cost(21, 17, 13).
cost(21, 18, 54).
cost(21, 19, 78).
cost(21, 20, 50).
cost(21, 22, 36).
cost(21, 23, 38).
cost(21, 24, 9).
cost(21, 25, 35).
cost(21, 26, 51).
cost(21, 27, 38).
cost(21, 28, 53).
cost(22, 1, 17).
cost(22, 2, 82).
cost(22, 3, 72).
cost(22, 4, 39).
cost(22, 5, 91).
cost(22, 6, 77).
cost(22, 7, 28).
cost(22, 8, 74).
cost(22, 9, 43).
cost(22, 10, 93).
cost(22, 11, 36).
cost(22, 12, 85).
cost(22, 13, 84).
cost(22, 14, 37).
cost(22, 15, 105).
cost(22, 16, 88).
cost(22, 17, 23).
cost(22, 18, 87).
cost(22, 19, 111).
cost(22, 20, 86).
cost(22, 21, 36).
cost(22, 23, 74).
cost(22, 24, 32).
cost(22, 25, 14).
cost(22, 26, 50).
cost(22, 27, 40).
cost(22, 28, 57).
cost(23, 1, 56).
cost(23, 2, 47).
cost(23, 3, 15).
cost(23, 4, 36).
cost(23, 5, 21).
cost(23, 6, 26).
cost(23, 7, 46).
cost(23, 8, 10).
cost(23, 9, 64).
cost(23, 10, 26).
cost(23, 11, 50).
cost(23, 12, 14).
cost(23, 13, 20).
cost(23, 14, 59).
cost(23, 15, 39).
cost(23, 16, 41).
cost(23, 17, 51).
cost(23, 18, 23).
cost(23, 19, 43).
cost(23, 20, 13).
cost(23, 21, 38).
cost(23, 22, 74).
cost(23, 24, 43).
cost(23, 25, 71).
cost(23, 26, 72).
cost(23, 27, 62).
cost(23, 28, 69).
cost(24, 1, 16).
cost(24, 2, 67).
cost(24, 3, 46).
cost(24, 4, 14).
cost(24, 5, 63).
cost(24, 6, 54).
cost(24, 7, 7).
cost(24, 8, 46).
cost(24, 9, 47).
cost(24, 10, 66).
cost(24, 11, 31).
cost(24, 12, 56).
cost(24, 13, 57).
cost(24, 14, 40).
cost(24, 15, 79).
cost(24, 16, 68).
cost(24, 17, 10).
cost(24, 18, 61).
cost(24, 19, 85).
cost(24, 20, 55).
cost(24, 21, 9).
cost(24, 22, 32).
cost(24, 23, 43).
cost(24, 25, 35).
cost(24, 26, 57).
cost(24, 27, 44).
cost(24, 28, 60).
cost(25, 1, 19).
cost(25, 2, 72).
cost(25, 3, 67).
cost(25, 4, 36).
cost(25, 5, 86).
cost(25, 6, 70).
cost(25, 7, 29).
cost(25, 8, 69).
cost(25, 9, 30).
cost(25, 10, 87).
cost(25, 11, 26).
cost(25, 12, 80).
cost(25, 13, 78).
cost(25, 14, 25).
cost(25, 15, 99).
cost(25, 16, 79).
cost(25, 17, 25).
cost(25, 18, 81).
cost(25, 19, 105).
cost(25, 20, 84).
cost(25, 21, 35).
cost(25, 22, 14).
cost(25, 23, 71).
cost(25, 24, 35).
cost(25, 26, 37).
cost(25, 27, 27).
cost(25, 28, 44).
cost(26, 1, 47).
cost(26, 2, 49).
cost(26, 3, 61).
cost(26, 4, 48).
cost(26, 5, 79).
cost(26, 6, 58).
cost(26, 7, 50).
cost(26, 8, 65).
cost(26, 9, 10).
cost(26, 10, 76).
cost(26, 11, 27).
cost(26, 12, 75).
cost(26, 13, 69).
cost(26, 14, 17).
cost(26, 15, 85).
cost(26, 16, 59).
cost(26, 17, 51).
cost(26, 18, 72).
cost(26, 19, 92).
cost(26, 20, 84).
cost(26, 21, 51).
cost(26, 22, 50).
cost(26, 23, 72).
cost(26, 24, 57).
cost(26, 25, 37).
cost(26, 27, 13).
cost(26, 28, 9).
cost(27, 1, 35).
cost(27, 2, 48).
cost(27, 3, 52).
cost(27, 4, 35).
cost(27, 5, 71).
cost(27, 6, 52).
cost(27, 7, 37).
cost(27, 8, 56).
cost(27, 9, 3).
cost(27, 10, 70).
cost(27, 11, 14).
cost(27, 12, 67).
cost(27, 13, 62).
cost(27, 14, 4).
cost(27, 15, 80).
cost(27, 16, 56).
cost(27, 17, 38).
cost(27, 18, 65).
cost(27, 19, 87).
cost(27, 20, 74).
cost(27, 21, 38).
cost(27, 22, 40).
cost(27, 23, 62).
cost(27, 24, 44).
cost(27, 25, 27).
cost(27, 26, 13).
cost(27, 28, 17).
cost(28, 1, 52).
cost(28, 2, 41).
cost(28, 3, 56).
cost(28, 4, 48).
cost(28, 5, 73).
cost(28, 6, 52).
cost(28, 7, 53).
cost(28, 8, 61).
cost(28, 9, 14).
cost(28, 10, 70).
cost(28, 11, 28).
cost(28, 12, 70).
cost(28, 13, 64).
cost(28, 14, 21).
cost(28, 15, 78).
cost(28, 16, 51).
cost(28, 17, 55).
cost(28, 18, 66).
cost(28, 19, 85).
cost(28, 20, 80).
cost(28, 21, 53).
cost(28, 22, 57).
cost(28, 23, 69).
cost(28, 24, 60).
cost(28, 25, 44).
cost(28, 26, 9).
cost(28, 27, 17).
nocross(1,4).
nocross(1,7).
nocross(1,9).
nocross(1,11).
nocross(1,14).
nocross(1,17).
nocross(1,21).
nocross(1,22).
nocross(1,24).
nocross(1,25).
nocross(1,27).
nocross(2,3).
nocross(2,6).
nocross(2,10).
nocross(2,13).
nocross(2,15).
nocross(2,16).
nocross(2,18).
nocross(2,28).
nocross(3,4).
nocross(3,5).
nocross(3,6).
nocross(3,8).
nocross(3,10).
nocross(3,12).
nocross(3,13).
nocross(3,16).
nocross(3,18).
nocross(3,20).
nocross(3,21).
nocross(3,23).
nocross(4,1).
nocross(4,3).
nocross(4,7).
nocross(4,8).
nocross(4,11).
nocross(4,14).
nocross(4,17).
nocross(4,21).
nocross(4,23).
nocross(4,24).
nocross(4,27).
nocross(5,3).
nocross(5,6).
nocross(5,8).
nocross(5,10).
nocross(5,12).
nocross(5,13).
nocross(5,15).
nocross(5,18).
nocross(5,19).
nocross(5,20).
nocross(5,23).
nocross(6,2).
nocross(6,3).
nocross(6,5).
nocross(6,8).
nocross(6,10).
nocross(6,12).
nocross(6,13).
nocross(6,15).
nocross(6,16).
nocross(6,18).
nocross(6,19).
nocross(6,23).
nocross(7,1).
nocross(7,4).
nocross(7,11).
nocross(7,14).
nocross(7,17).
nocross(7,21).
nocross(7,22).
nocross(7,24).
nocross(7,25).
nocross(8,3).
nocross(8,4).
nocross(8,5).
nocross(8,6).
nocross(8,10).
nocross(8,12).
nocross(8,13).
nocross(8,18).
nocross(8,20).
nocross(8,21).
nocross(8,23).
nocross(9,1).
nocross(9,11).
nocross(9,14).
nocross(9,26).
nocross(9,27).
nocross(9,28).
nocross(10,3).
nocross(10,5).
nocross(10,6).
nocross(10,8).
nocross(10,12).
nocross(10,13).
nocross(10,15).
nocross(10,16).
nocross(10,18).
nocross(10,19).
nocross(10,20).
nocross(10,23).
nocross(11,1).
nocross(11,4).
nocross(11,7).
nocross(11,9).
nocross(11,14).
nocross(11,17).
nocross(11,21).
nocross(11,25).
nocross(11,26).
nocross(11,27).
nocross(11,28).
nocross(12,3).
nocross(12,5).
nocross(12,6).
nocross(12,8).
nocross(12,10).
nocross(12,13).
nocross(12,15).
nocross(12,18).
nocross(12,19).
nocross(12,20).
nocross(12,23).
nocross(13,2).
nocross(13,3).
nocross(13,5).
nocross(13,6).
nocross(13,8).
nocross(13,10).
nocross(13,12).
nocross(13,15).
nocross(13,16).
nocross(13,18).
nocross(13,20).
nocross(13,23).
nocross(14,1).
nocross(14,4).
nocross(14,7).
nocross(14,9).
nocross(14,11).
nocross(14,17).
nocross(14,21).
nocross(14,25).
nocross(14,26).
nocross(14,27).
nocross(15,2).
nocross(15,3).
nocross(15,5).
nocross(15,6).
nocross(15,8).
nocross(15,10).
nocross(15,12).
nocross(15,13).
nocross(15,16).
nocross(15,18).
nocross(15,19).
nocross(16,2).
nocross(16,3).
nocross(16,5).
nocross(16,6).
nocross(16,8).
nocross(16,10).
nocross(16,12).
nocross(16,13).
nocross(16,15).
nocross(16,18).
nocross(16,19).
nocross(17,1).
nocross(17,4).
nocross(17,7).
nocross(17,11).
nocross(17,14).
nocross(17,21).
nocross(17,22).
nocross(17,24).
nocross(17,25).
nocross(18,2).
nocross(18,3).
nocross(18,5).
nocross(18,6).
nocross(18,8).
nocross(18,10).
nocross(18,12).
nocross(18,13).
nocross(18,15).
nocross(18,16).
nocross(18,19).
nocross(18,20).
nocross(18,23).
nocross(19,3).
nocross(19,5).
nocross(19,6).
nocross(19,8).
nocross(19,10).
nocross(19,12).
nocross(19,13).
nocross(19,15).
nocross(19,16).
nocross(19,18).
nocross(20,3).
nocross(20,5).
nocross(20,8).
nocross(20,10).
nocross(20,12).
nocross(20,13).
nocross(20,15).
nocross(20,18).
nocross(20,19).
nocross(20,23).
nocross(21,1).
nocross(21,3).
nocross(21,4).
nocross(21,7).
nocross(21,11).
nocross(21,17).
nocross(21,24).
nocross(22,1).
nocross(22,4).
nocross(22,7).
nocross(22,11).
nocross(22,14).
nocross(22,17).
nocross(22,24).
nocross(22,25).
nocross(22,27).
nocross(23,3).
nocross(23,4).
nocross(23,5).
nocross(23,6).
nocross(23,8).
nocross(23,10).
nocross(23,12).
nocross(23,13).
nocross(23,18).
nocross(23,20).
nocross(23,21).
nocross(23,24).
nocross(24,1).
nocross(24,4).
nocross(24,7).
nocross(24,17).
nocross(24,21).
nocross(24,22).
nocross(25,1).
nocross(25,4).
nocross(25,7).
nocross(25,9).
nocross(25,11).
nocross(25,14).
nocross(25,17).
nocross(25,22).
nocross(25,24).
nocross(25,26).
nocross(25,27).
nocross(26,9).
nocross(26,11).
nocross(26,14).
nocross(26,27).
nocross(26,28).
nocross(27,1).
nocross(27,4).
nocross(27,7).
nocross(27,9).
nocross(27,11).
nocross(27,14).
nocross(27,17).
nocross(27,25).
nocross(27,26).
nocross(27,28).
nocross(28,2).
nocross(28,9).
nocross(28,11).
nocross(28,14).
nocross(28,26).
nocross(28,27).
