dimension(28).
point(1, 857943.0, 67498.0).
point(2, 117578.0, 671128.0).
point(3, 111177.0, 463804.0).
point(4, 260295.0, 32331.0).
point(5, 748065.0, 718022.0).
point(6, 616500.0, 515400.0).
point(7, 767490.0, 745545.0).
point(8, 387444.0, 887410.0).
point(9, 822558.0, 122281.0).
point(10, 369702.0, 715932.0).
point(11, 438580.0, 424778.0).
point(12, 887792.0, 264179.0).
point(13, 721771.0, 519969.0).
point(14, 67313.0, 232789.0).
point(15, 190843.0, 75292.0).
point(16, 362072.0, 890587.0).
point(17, 468125.0, 198290.0).
point(18, 927957.0, 170134.0).
point(19, 204517.0, 439996.0).
point(20, 123054.0, 994155.0).
point(21, 629250.0, 32727.0).
point(22, 550261.0, 932924.0).
point(23, 108861.0, 812099.0).
point(24, 737595.0, 205320.0).
point(25, 730787.0, 716473.0).
point(26, 170999.0, 92730.0).
point(27, 390109.0, 611212.0).
point(28, 954781.0, 967356.0).
cost(1, 2, 955254).
cost(1, 3, 845410).
cost(1, 4, 598682).
cost(1, 5, 659738).
cost(1, 6, 508833).
cost(1, 7, 684054).
cost(1, 8, 945317).
cost(1, 9, 65217).
cost(1, 10, 811693).
cost(1, 11, 550921).
cost(1, 12, 198933).
cost(1, 13, 472518).
cost(1, 14, 807723).
cost(1, 15, 667146).
cost(1, 16, 960918).
cost(1, 17, 411175).
cost(1, 18, 124242).
cost(1, 19, 752144).
cost(1, 20, 1182690).
cost(1, 21, 231321).
cost(1, 22, 918494).
cost(1, 23, 1056198).
cost(1, 24, 182971).
cost(1, 25, 661315).
cost(1, 26, 687407).
cost(1, 27, 717282).
cost(1, 28, 905054).
cost(2, 1, 955254).
cost(2, 3, 207423).
cost(2, 4, 654545).
cost(2, 5, 632229).
cost(2, 6, 522661).
cost(2, 7, 654159).
cost(2, 8, 345840).
cost(2, 9, 893437).
cost(2, 10, 256074).
cost(2, 11, 404636).
cost(2, 12, 871113).
cost(2, 13, 622815).
cost(2, 14, 441212).
cost(2, 15, 600323).
cost(2, 16, 328542).
cost(2, 17, 588608).
cost(2, 18, 952738).
cost(2, 19, 246942).
cost(2, 20, 323073).
cost(2, 21, 818147).
cost(2, 22, 505719).
cost(2, 23, 141240).
cost(2, 24, 775499).
cost(2, 25, 614883).
cost(2, 26, 580860).
cost(2, 27, 279040).
cost(2, 28, 888065).
cost(3, 1, 845410).
cost(3, 2, 207423).
cost(3, 4, 456514).
cost(3, 5, 685750).
cost(3, 6, 507950).
cost(3, 7, 714230).
cost(3, 8, 505733).
cost(3, 9, 789114).
cost(3, 10, 361115).
cost(3, 11, 329721).
cost(3, 12, 801861).
cost(3, 13, 613172).
cost(3, 14, 235142).
cost(3, 15, 396596).
cost(3, 16, 495068).
cost(3, 17, 444870).
cost(3, 18, 867970).
cost(3, 19, 96328).
cost(3, 20, 530484).
cost(3, 21, 673964).
cost(3, 22, 642548).
cost(3, 23, 348303).
cost(3, 24, 677653).
cost(3, 25, 669147).
cost(3, 26, 375865).
cost(3, 27, 315487).
cost(3, 28, 982462).
cost(4, 1, 598682).
cost(4, 2, 654545).
cost(4, 3, 456514).
cost(4, 5, 841482).
cost(4, 6, 600198).
cost(4, 7, 875169).
cost(4, 8, 864481).
cost(4, 9, 569413).
cost(4, 10, 692301).
cost(4, 11, 431045).
cost(4, 12, 668959).
cost(4, 13, 671380).
cost(4, 14, 278254).
cost(4, 15, 81665).
cost(4, 16, 864270).
cost(4, 17, 265962).
cost(4, 18, 681735).
cost(4, 19, 411463).
cost(4, 20, 971566).
cost(4, 21, 368955).
cost(4, 22, 946123).
cost(4, 23, 794336).
cost(4, 24, 507681).
cost(4, 25, 830309).
cost(4, 26, 107805).
cost(4, 27, 593258).
cost(4, 28, 1164724).
cost(5, 1, 659738).
cost(5, 2, 632229).
cost(5, 3, 685750).
cost(5, 4, 841482).
cost(5, 6, 241589).
cost(5, 7, 33687).
cost(5, 8, 398422).
cost(5, 9, 600380).
cost(5, 10, 378369).
cost(5, 11, 426348).
cost(5, 12, 474865).
cost(5, 13, 199791).
cost(5, 14, 835987).
cost(5, 15, 850646).
cost(5, 16, 422811).
cost(5, 17, 590329).
cost(5, 18, 576665).
cost(5, 19, 610527).
cost(5, 20, 683292).
cost(5, 21, 695519).
cost(5, 22, 292078).
cost(5, 23, 646090).
cost(5, 24, 512809).
cost(5, 25, 17347).
cost(5, 26, 850879).
cost(5, 27, 373552).
cost(5, 28, 323881).
cost(6, 1, 508833).
cost(6, 2, 522661).
cost(6, 3, 507950).
cost(6, 4, 600198).
cost(6, 5, 241589).
cost(6, 7, 275254).
cost(6, 8, 436873).
cost(6, 9, 443850).
cost(6, 10, 317997).
cost(6, 11, 199669).
cost(6, 12, 369745).
cost(6, 13, 105370).
cost(6, 14, 617637).
cost(6, 15, 612274).
cost(6, 16, 453320).
cost(6, 17, 350106).
cost(6, 18, 464988).
cost(6, 19, 418827).
cost(6, 20, 687528).
cost(6, 21, 482841).
cost(6, 22, 422746).
cost(6, 23, 587986).
cost(6, 24, 332887).
cost(6, 25, 231283).
cost(6, 26, 614102).
cost(6, 27, 245831).
cost(6, 28, 564534).
cost(7, 1, 684054).
cost(7, 2, 654159).
cost(7, 3, 714230).
cost(7, 4, 875169).
cost(7, 5, 33687).
cost(7, 6, 275254).
cost(7, 8, 405661).
cost(7, 9, 625692).
cost(7, 10, 398889).
cost(7, 11, 459427).
cost(7, 12, 496171).
cost(7, 13, 230162).
cost(7, 14, 867852).
cost(7, 15, 884172).
cost(7, 16, 430582).
cost(7, 17, 623785).
cost(7, 18, 597367).
cost(7, 19, 640546).
cost(7, 20, 690728).
cost(7, 21, 726099).
cost(7, 22, 286879).
cost(7, 23, 661983).
cost(7, 24, 541052).
cost(7, 25, 46822).
cost(7, 26, 884290).
cost(7, 27, 400577).
cost(7, 28, 290307).
cost(8, 1, 945317).
cost(8, 2, 345840).
cost(8, 3, 505733).
cost(8, 4, 864481).
cost(8, 5, 398422).
cost(8, 6, 436873).
cost(8, 7, 405661).
cost(8, 9, 880197).
cost(8, 10, 172393).
cost(8, 11, 465450).
cost(8, 12, 799228).
cost(8, 13, 496777).
cost(8, 14, 728706).
cost(8, 15, 835576).
cost(8, 16, 25570).
cost(8, 17, 693827).
cost(8, 18, 898131).
cost(8, 19, 483365).
cost(8, 20, 285126).
cost(8, 21, 888230).
cost(8, 22, 169059).
cost(8, 23, 288583).
cost(8, 24, 766715).
cost(8, 25, 383541).
cost(8, 26, 823629).
cost(8, 27, 276211).
cost(8, 28, 572942).
cost(9, 1, 65217).
cost(9, 2, 893437).
cost(9, 3, 789114).
cost(9, 4, 569413).
cost(9, 5, 600380).
cost(9, 6, 443850).
cost(9, 7, 625692).
cost(9, 8, 880197).
cost(9, 10, 746659).
cost(9, 11, 488819).
cost(9, 12, 156175).
cost(9, 13, 410261).
cost(9, 14, 763287).
cost(9, 15, 633460).
cost(9, 16, 895735).
cost(9, 17, 362492).
cost(9, 18, 115753).
cost(9, 19, 694923).
cost(9, 20, 1117797).
cost(9, 21, 213044).
cost(9, 22, 855154).
cost(9, 23, 992579).
cost(9, 24, 118803).
cost(9, 25, 601237).
cost(9, 26, 652229).
cost(9, 27, 652737).
cost(9, 28, 855356).
cost(10, 1, 811693).
cost(10, 2, 256074).
cost(10, 3, 361115).
cost(10, 4, 692301).
cost(10, 5, 378369).
cost(10, 6, 317997).
cost(10, 7, 398889).
cost(10, 8, 172393).
cost(10, 9, 746659).
cost(10, 11, 299190).
cost(10, 12, 687385).
cost(10, 13, 402932).
cost(10, 14, 569970).
cost(10, 15, 665139).
cost(10, 16, 174822).
cost(10, 17, 526916).
cost(10, 18, 780733).
cost(10, 19, 321600).
cost(10, 20, 371811).
cost(10, 21, 730845).
cost(10, 22, 282289).
cost(10, 23, 278004).
cost(10, 24, 629341).
cost(10, 25, 361085).
cost(10, 26, 654113).
cost(10, 27, 106690).
cost(10, 28, 636814).
cost(11, 1, 550921).
cost(11, 2, 404636).
cost(11, 3, 329721).
cost(11, 4, 431045).
cost(11, 5, 426348).
cost(11, 6, 199669).
cost(11, 7, 459427).
cost(11, 8, 465450).
cost(11, 9, 488819).
cost(11, 10, 299190).
cost(11, 12, 477057).
cost(11, 13, 298762).
cost(11, 14, 417970).
cost(11, 15, 428385).
cost(11, 16, 472050).
cost(11, 17, 228407).
cost(11, 18, 551664).
cost(11, 19, 234557).
cost(11, 20, 650958).
cost(11, 21, 435958).
cost(11, 22, 520274).
cost(11, 23, 508657).
cost(11, 24, 370907).
cost(11, 25, 412881).
cost(11, 26, 426445).
cost(11, 27, 192632).
cost(11, 28, 748902).
cost(12, 1, 198933).
cost(12, 2, 871113).
cost(12, 3, 801861).
cost(12, 4, 668959).
cost(12, 5, 474865).
cost(12, 6, 369745).
cost(12, 7, 496171).
cost(12, 8, 799228).
cost(12, 9, 156175).
cost(12, 10, 687385).
cost(12, 11, 477057).
cost(12, 13, 304945).
cost(12, 14, 821079).
cost(12, 15, 722092).
cost(12, 16, 817783).
cost(12, 17, 424808).
cost(12, 18, 102263).
cost(12, 19, 705533).
cost(12, 20, 1057208).
cost(12, 21, 347007).
cost(12, 22, 749097).
cost(12, 23, 952339).
cost(12, 24, 161318).
cost(12, 25, 478770).
cost(12, 26, 737012).
cost(12, 27, 606729).
cost(12, 28, 706361).
cost(13, 1, 472518).
cost(13, 2, 622815).
cost(13, 3, 613172).
cost(13, 4, 671380).
cost(13, 5, 199791).
cost(13, 6, 105370).
cost(13, 7, 230162).
cost(13, 8, 496777).
cost(13, 9, 410261).
cost(13, 10, 402932).
cost(13, 11, 298762).
cost(13, 12, 304945).
cost(13, 14, 714694).
cost(13, 15, 692548).
cost(13, 16, 516470).
cost(13, 17, 409651).
cost(13, 18, 406075).
cost(13, 19, 523400).
cost(13, 20, 763750).
cost(13, 21, 495948).
cost(13, 22, 447155).
cost(13, 23, 678969).
cost(13, 24, 315047).
cost(13, 25, 196711).
cost(13, 26, 697053).
cost(13, 27, 343984).
cost(13, 28, 504429).
cost(14, 1, 807723).
cost(14, 2, 441212).
cost(14, 3, 235142).
cost(14, 4, 278254).
cost(14, 5, 835987).
cost(14, 6, 617637).
cost(14, 7, 867852).
cost(14, 8, 728706).
cost(14, 9, 763287).
cost(14, 10, 569970).
cost(14, 11, 417970).
cost(14, 12, 821079).
cost(14, 13, 714694).
cost(14, 15, 200162).
cost(14, 16, 720820).
cost(14, 17, 402294).
cost(14, 18, 862922).
cost(14, 19, 248515).
cost(14, 20, 763404).
cost(14, 21, 596488).
cost(14, 22, 850546).
cost(14, 23, 580798).
cost(14, 24, 670845).
cost(14, 25, 821065).
cost(14, 26, 174262).
cost(14, 27, 497394).
cost(14, 28, 1152037).
cost(15, 1, 667146).
cost(15, 2, 600323).
cost(15, 3, 396596).
cost(15, 4, 81665).
cost(15, 5, 850646).
cost(15, 6, 612274).
cost(15, 7, 884172).
cost(15, 8, 835576).
cost(15, 9, 633460).
cost(15, 10, 665139).
cost(15, 11, 428385).
cost(15, 12, 722092).
cost(15, 13, 692548).
cost(15, 14, 200162).
cost(15, 16, 833082).
cost(15, 17, 303338).
cost(15, 18, 743190).
cost(15, 19, 364960).
cost(15, 20, 921360).
cost(15, 21, 440468).
cost(15, 22, 929900).
cost(15, 23, 741354).
cost(15, 24, 562001).
cost(15, 25, 838244).
cost(15, 26, 26417).
cost(15, 27, 571767).
cost(15, 28, 1174470).
cost(16, 1, 960918).
cost(16, 2, 328542).
cost(16, 3, 495068).
cost(16, 4, 864270).
cost(16, 5, 422811).
cost(16, 6, 453320).
cost(16, 7, 430582).
cost(16, 8, 25570).
cost(16, 9, 895735).
cost(16, 10, 174822).
cost(16, 11, 472050).
cost(16, 12, 817783).
cost(16, 13, 516470).
cost(16, 14, 720820).
cost(16, 15, 833082).
cost(16, 17, 700373).
cost(16, 18, 916121).
cost(16, 19, 477342).
cost(16, 20, 260492).
cost(16, 21, 898503).
cost(16, 22, 192893).
cost(16, 23, 265097).
cost(16, 24, 781414).
cost(16, 25, 407758).
cost(16, 26, 820417).
cost(16, 27, 280778).
cost(16, 28, 597660).
cost(17, 1, 411175).
cost(17, 2, 588608).
cost(17, 3, 444870).
cost(17, 4, 265962).
cost(17, 5, 590329).
cost(17, 6, 350106).
cost(17, 7, 623785).
cost(17, 8, 693827).
cost(17, 9, 362492).
cost(17, 10, 526916).
cost(17, 11, 228407).
cost(17, 12, 424808).
cost(17, 13, 409651).
cost(17, 14, 402294).
cost(17, 15, 303338).
cost(17, 16, 700373).
cost(17, 18, 460693).
cost(17, 19, 357646).
cost(17, 20, 867453).
cost(17, 21, 231025).
cost(17, 22, 739211).
cost(17, 23, 711219).
cost(17, 24, 269562).
cost(17, 25, 580952).
cost(17, 26, 315320).
cost(17, 27, 420227).
cost(17, 28, 910108).
cost(18, 1, 124242).
cost(18, 2, 952738).
cost(18, 3, 867970).
cost(18, 4, 681735).
cost(18, 5, 576665).
cost(18, 6, 464988).
cost(18, 7, 597367).
cost(18, 8, 898131).
cost(18, 9, 115753).
cost(18, 10, 780733).
cost(18, 11, 551664).
cost(18, 12, 102263).
cost(18, 13, 406075).
cost(18, 14, 862922).
cost(18, 15, 743190).
cost(18, 16, 916121).
cost(18, 17, 460693).
cost(18, 19, 772134).
cost(18, 20, 1151903).
cost(18, 21, 328796).
cost(18, 22, 851177).
cost(18, 23, 1040691).
cost(18, 24, 193587).
cost(18, 25, 580829).
cost(18, 26, 760905).
cost(18, 27, 695579).
cost(18, 28, 797673).
cost(19, 1, 752144).
cost(19, 2, 246942).
cost(19, 3, 96328).
cost(19, 4, 411463).
cost(19, 5, 610527).
cost(19, 6, 418827).
cost(19, 7, 640546).
cost(19, 8, 483365).
cost(19, 9, 694923).
cost(19, 10, 321600).
cost(19, 11, 234557).
cost(19, 12, 705533).
cost(19, 13, 523400).
cost(19, 14, 248515).
cost(19, 15, 364960).
cost(19, 16, 477342).
cost(19, 17, 357646).
cost(19, 18, 772134).
cost(19, 20, 560115).
cost(19, 21, 588444).
cost(19, 22, 602094).
cost(19, 23, 384201).
cost(19, 24, 582447).
cost(19, 25, 594474).
cost(19, 26, 348880).
cost(19, 27, 252506).
cost(19, 28, 917063).
cost(20, 1, 1182690).
cost(20, 2, 323073).
cost(20, 3, 530484).
cost(20, 4, 971566).
cost(20, 5, 683292).
cost(20, 6, 687528).
cost(20, 7, 690728).
cost(20, 8, 285126).
cost(20, 9, 1117797).
cost(20, 10, 371811).
cost(20, 11, 650958).
cost(20, 12, 1057208).
cost(20, 13, 763750).
cost(20, 14, 763404).
cost(20, 15, 921360).
cost(20, 16, 260492).
cost(20, 17, 867453).
cost(20, 18, 1151903).
cost(20, 19, 560115).
cost(20, 21, 1086544).
cost(20, 22, 431573).
cost(20, 23, 182608).
cost(20, 24, 999961).
cost(20, 25, 668167).
cost(20, 26, 902699).
cost(20, 27, 466866).
cost(20, 28, 832159).
cost(21, 1, 231321).
cost(21, 2, 818147).
cost(21, 3, 673964).
cost(21, 4, 368955).
cost(21, 5, 695519).
cost(21, 6, 482841).
cost(21, 7, 726099).
cost(21, 8, 888230).
cost(21, 9, 213044).
cost(21, 10, 730845).
cost(21, 11, 435958).
cost(21, 12, 347007).
cost(21, 13, 495948).
cost(21, 14, 596488).
cost(21, 15, 440468).
cost(21, 16, 898503).
cost(21, 17, 231025).
cost(21, 18, 328796).
cost(21, 19, 588444).
cost(21, 20, 1086544).
cost(21, 22, 903656).
cost(21, 23, 937137).
cost(21, 24, 203782).
cost(21, 25, 691244).
cost(21, 26, 462163).
cost(21, 27, 625966).
cost(21, 28, 989698).
cost(22, 1, 918494).
cost(22, 2, 505719).
cost(22, 3, 642548).
cost(22, 4, 946123).
cost(22, 5, 292078).
cost(22, 6, 422746).
cost(22, 7, 286879).
cost(22, 8, 169059).
cost(22, 9, 855154).
cost(22, 10, 282289).
cost(22, 11, 520274).
cost(22, 12, 749097).
cost(22, 13, 447155).
cost(22, 14, 850546).
cost(22, 15, 929900).
cost(22, 16, 192893).
cost(22, 17, 739211).
cost(22, 18, 851177).
cost(22, 19, 602094).
cost(22, 20, 431573).
cost(22, 21, 903656).
cost(22, 23, 457638).
cost(22, 24, 751333).
cost(22, 25, 281852).
cost(22, 26, 921827).
cost(22, 27, 359371).
cost(22, 28, 405983).
cost(23, 1, 1056198).
cost(23, 2, 141240).
cost(23, 3, 348303).
cost(23, 4, 794336).
cost(23, 5, 646090).
cost(23, 6, 587986).
cost(23, 7, 661983).
cost(23, 8, 288583).
cost(23, 9, 992579).
cost(23, 10, 278004).
cost(23, 11, 508657).
cost(23, 12, 952339).
cost(23, 13, 678969).
cost(23, 14, 580798).
cost(23, 15, 741354).
cost(23, 16, 265097).
cost(23, 17, 711219).
cost(23, 18, 1040691).
cost(23, 19, 384201).
cost(23, 20, 182608).
cost(23, 21, 937137).
cost(23, 22, 457638).
cost(23, 24, 873778).
cost(23, 25, 629235).
cost(23, 26, 722048).
cost(23, 27, 345624).
cost(23, 28, 860050).
cost(24, 1, 182971).
cost(24, 2, 775499).
cost(24, 3, 677653).
cost(24, 4, 507681).
cost(24, 5, 512809).
cost(24, 6, 332887).
cost(24, 7, 541052).
cost(24, 8, 766715).
cost(24, 9, 118803).
cost(24, 10, 629341).
cost(24, 11, 370907).
cost(24, 12, 161318).
cost(24, 13, 315047).
cost(24, 14, 670845).
cost(24, 15, 562001).
cost(24, 16, 781414).
cost(24, 17, 269562).
cost(24, 18, 193587).
cost(24, 19, 582447).
cost(24, 20, 999961).
cost(24, 21, 203782).
cost(24, 22, 751333).
cost(24, 23, 873778).
cost(24, 25, 511198).
cost(24, 26, 577674).
cost(24, 27, 534317).
cost(24, 28, 792382).
cost(25, 1, 661315).
cost(25, 2, 614883).
cost(25, 3, 669147).
cost(25, 4, 830309).
cost(25, 5, 17347).
cost(25, 6, 231283).
cost(25, 7, 46822).
cost(25, 8, 383541).
cost(25, 9, 601237).
cost(25, 10, 361085).
cost(25, 11, 412881).
cost(25, 12, 478770).
cost(25, 13, 196711).
cost(25, 14, 821065).
cost(25, 15, 838244).
cost(25, 16, 407758).
cost(25, 17, 580952).
cost(25, 18, 580829).
cost(25, 19, 594474).
cost(25, 20, 668167).
cost(25, 21, 691244).
cost(25, 22, 281852).
cost(25, 23, 629235).
cost(25, 24, 511198).
cost(25, 26, 838104).
cost(25, 27, 356569).
cost(25, 28, 336327).
cost(26, 1, 687407).
cost(26, 2, 580860).
cost(26, 3, 375865).
cost(26, 4, 107805).
cost(26, 5, 850879).
cost(26, 6, 614102).
cost(26, 7, 884290).
cost(26, 8, 823629).
cost(26, 9, 652229).
cost(26, 10, 654113).
cost(26, 11, 426445).
cost(26, 12, 737012).
cost(26, 13, 697053).
cost(26, 14, 174262).
cost(26, 15, 26417).
cost(26, 16, 820417).
cost(26, 17, 315320).
cost(26, 18, 760905).
cost(26, 19, 348880).
cost(26, 20, 902699).
cost(26, 21, 462163).
cost(26, 22, 921827).
cost(26, 23, 722048).
cost(26, 24, 577674).
cost(26, 25, 838104).
cost(26, 27, 562879).
cost(26, 28, 1174430).
cost(27, 1, 717282).
cost(27, 2, 279040).
cost(27, 3, 315487).
cost(27, 4, 593258).
cost(27, 5, 373552).
cost(27, 6, 245831).
cost(27, 7, 400577).
cost(27, 8, 276211).
cost(27, 9, 652737).
cost(27, 10, 106690).
cost(27, 11, 192632).
cost(27, 12, 606729).
cost(27, 13, 343984).
cost(27, 14, 497394).
cost(27, 15, 571767).
cost(27, 16, 280778).
cost(27, 17, 420227).
cost(27, 18, 695579).
cost(27, 19, 252506).
cost(27, 20, 466866).
cost(27, 21, 625966).
cost(27, 22, 359371).
cost(27, 23, 345624).
cost(27, 24, 534317).
cost(27, 25, 356569).
cost(27, 26, 562879).
cost(27, 28, 667602).
cost(28, 1, 905054).
cost(28, 2, 888065).
cost(28, 3, 982462).
cost(28, 4, 1164724).
cost(28, 5, 323881).
cost(28, 6, 564534).
cost(28, 7, 290307).
cost(28, 8, 572942).
cost(28, 9, 855356).
cost(28, 10, 636814).
cost(28, 11, 748902).
cost(28, 12, 706361).
cost(28, 13, 504429).
cost(28, 14, 1152037).
cost(28, 15, 1174470).
cost(28, 16, 597660).
cost(28, 17, 910108).
cost(28, 18, 797673).
cost(28, 19, 917063).
cost(28, 20, 832159).
cost(28, 21, 989698).
cost(28, 22, 405983).
cost(28, 23, 860050).
cost(28, 24, 792382).
cost(28, 25, 336327).
cost(28, 26, 1174430).
cost(28, 27, 667602).
