dimension(28).
point(1, 760627.0, 742622.0).
point(2, 728397.0, 805962.0).
point(3, 308859.0, 525355.0).
point(4, 614678.0, 258250.0).
point(5, 836185.0, 893136.0).
point(6, 639682.0, 858073.0).
point(7, 625629.0, 458086.0).
point(8, 986410.0, 659263.0).
point(9, 664716.0, 366559.0).
point(10, 331598.0, 221735.0).
point(11, 468515.0, 716281.0).
point(12, 925894.0, 412630.0).
point(13, 897208.0, 717694.0).
point(14, 938541.0, 622776.0).
point(15, 691551.0, 68995.0).
point(16, 868666.0, 859712.0).
point(17, 767922.0, 233532.0).
point(18, 647154.0, 516294.0).
point(19, 237239.0, 223098.0).
point(20, 101033.0, 747327.0).
point(21, 416755.0, 749420.0).
point(22, 671709.0, 707228.0).
point(23, 309837.0, 176841.0).
point(24, 724322.0, 765136.0).
point(25, 29894.0, 931279.0).
point(26, 375292.0, 770109.0).
point(27, 854259.0, 565416.0).
point(28, 876083.0, 900915.0).
cost(1, 2, 71068).
cost(1, 3, 501298).
cost(1, 4, 505883).
cost(1, 5, 168415).
cost(1, 6, 167202).
cost(1, 7, 314937).
cost(1, 8, 240680).
cost(1, 9, 388101).
cost(1, 10, 674825).
cost(1, 11, 293297).
cost(1, 12, 369064).
cost(1, 13, 138837).
cost(1, 14, 214514).
cost(1, 15, 677159).
cost(1, 16, 159319).
cost(1, 17, 509142).
cost(1, 18, 253181).
cost(1, 19, 737455).
cost(1, 20, 659611).
cost(1, 21, 343939).
cost(1, 22, 95703).
cost(1, 23, 723408).
cost(1, 24, 42719).
cost(1, 25, 754693).
cost(1, 26, 386314).
cost(1, 27, 200422).
cost(1, 28, 195925).
cost(2, 1, 71068).
cost(2, 3, 504730).
cost(2, 4, 559393).
cost(2, 5, 138627).
cost(2, 6, 102888).
cost(2, 7, 362738).
cost(2, 8, 296802).
cost(2, 9, 443994).
cost(2, 10, 706237).
cost(2, 11, 274921).
cost(2, 12, 440131).
cost(2, 13, 190495).
cost(2, 14, 278779).
cost(2, 15, 737888).
cost(2, 16, 150215).
cost(2, 17, 573793).
cost(2, 18, 300845).
cost(2, 19, 762212).
cost(2, 20, 630098).
cost(2, 21, 316730).
cost(2, 22, 113850).
cost(2, 23, 755636).
cost(2, 24, 41029).
cost(2, 25, 709655).
cost(2, 26, 354921).
cost(2, 27, 271484).
cost(2, 28, 175577).
cost(3, 1, 501298).
cost(3, 2, 504730).
cost(3, 4, 406042).
cost(3, 5, 642912).
cost(3, 6, 469196).
cost(3, 7, 323834).
cost(3, 8, 690657).
cost(3, 9, 389680).
cost(3, 10, 304470).
cost(3, 11, 248883).
cost(3, 12, 627247).
cost(3, 13, 618990).
cost(3, 14, 637174).
cost(3, 15, 595582).
cost(3, 16, 652057).
cost(3, 17, 543966).
cost(3, 18, 338416).
cost(3, 19, 310626).
cost(3, 20, 304078).
cost(3, 21, 248690).
cost(3, 22, 405879).
cost(3, 23, 348515).
cost(3, 24, 479692).
cost(3, 25, 492540).
cost(3, 26, 253610).
cost(3, 27, 546869).
cost(3, 28, 680286).
cost(4, 1, 505883).
cost(4, 2, 559393).
cost(4, 3, 406042).
cost(4, 5, 672418).
cost(4, 6, 600344).
cost(4, 7, 200136).
cost(4, 8, 546805).
cost(4, 9, 119309).
cost(4, 10, 285425).
cost(4, 11, 480787).
cost(4, 12, 347403).
cost(4, 13, 539363).
cost(4, 14, 487613).
cost(4, 15, 204272).
cost(4, 16, 652891).
cost(4, 17, 155225).
cost(4, 18, 260080).
cost(4, 19, 379072).
cost(4, 20, 709244).
cost(4, 21, 529548).
cost(4, 22, 452586).
cost(4, 23, 315524).
cost(4, 24, 518609).
cost(4, 25, 891594).
cost(4, 26, 565071).
cost(4, 27, 389551).
cost(4, 28, 693795).
cost(5, 1, 168415).
cost(5, 2, 138627).
cost(5, 3, 642912).
cost(5, 4, 672418).
cost(5, 6, 199607).
cost(5, 7, 483324).
cost(5, 8, 277964).
cost(5, 9, 553791).
cost(5, 10, 839873).
cost(5, 11, 407994).
cost(5, 12, 488808).
cost(5, 13, 185752).
cost(5, 14, 289087).
cost(5, 15, 836736).
cost(5, 16, 46607).
cost(5, 17, 663127).
cost(5, 18, 421595).
cost(5, 19, 898714).
cost(5, 20, 749472).
cost(5, 21, 443369).
cost(5, 22, 248222).
cost(5, 23, 888887).
cost(5, 24, 169992).
cost(5, 25, 807193).
cost(5, 26, 477030).
cost(5, 27, 328218).
cost(5, 28, 40649).
cost(6, 1, 167202).
cost(6, 2, 102888).
cost(6, 3, 469196).
cost(6, 4, 600344).
cost(6, 5, 199607).
cost(6, 7, 400234).
cost(6, 8, 399682).
cost(6, 9, 492151).
cost(6, 10, 706995).
cost(6, 11, 222268).
cost(6, 12, 529468).
cost(6, 13, 293302).
cost(6, 14, 380370).
cost(6, 15, 790781).
cost(6, 16, 228990).
cost(6, 17, 637571).
cost(6, 18, 341861).
cost(6, 19, 751767).
cost(6, 20, 549916).
cost(6, 21, 247996).
cost(6, 22, 154207).
cost(6, 23, 756885).
cost(6, 24, 125703).
cost(6, 25, 614167).
cost(6, 26, 278639).
cost(6, 27, 362893).
cost(6, 28, 240252).
cost(7, 1, 314937).
cost(7, 2, 362738).
cost(7, 3, 323834).
cost(7, 4, 200136).
cost(7, 5, 483324).
cost(7, 6, 400234).
cost(7, 8, 413080).
cost(7, 9, 99524).
cost(7, 10, 377248).
cost(7, 11, 302241).
cost(7, 12, 303686).
cost(7, 13, 375701).
cost(7, 14, 353605).
cost(7, 15, 394636).
cost(7, 16, 469436).
cost(7, 17, 265842).
cost(7, 18, 62060).
cost(7, 19, 453945).
cost(7, 20, 599050).
cost(7, 21, 358474).
cost(7, 22, 253368).
cost(7, 23, 422875).
cost(7, 24, 322521).
cost(7, 25, 760797).
cost(7, 26, 400034).
cost(7, 27, 252570).
cost(7, 28, 508748).
cost(8, 1, 240680).
cost(8, 2, 296802).
cost(8, 3, 690657).
cost(8, 4, 546805).
cost(8, 5, 277964).
cost(8, 6, 399682).
cost(8, 7, 413080).
cost(8, 9, 434928).
cost(8, 10, 787534).
cost(8, 11, 521024).
cost(8, 12, 253949).
cost(8, 13, 106636).
cost(8, 14, 60189).
cost(8, 15, 659817).
cost(8, 16, 232472).
cost(8, 17, 478523).
cost(8, 18, 368150).
cost(8, 19, 866889).
cost(8, 20, 889746).
cost(8, 21, 576745).
cost(8, 22, 318335).
cost(8, 23, 830952).
cost(8, 24, 282664).
cost(8, 25, 994442).
cost(8, 26, 621089).
cost(8, 27, 162084).
cost(8, 28, 265646).
cost(9, 1, 388101).
cost(9, 2, 443994).
cost(9, 3, 389680).
cost(9, 4, 119309).
cost(9, 5, 553791).
cost(9, 6, 492151).
cost(9, 7, 99524).
cost(9, 8, 434928).
cost(9, 10, 363238).
cost(9, 11, 400999).
cost(9, 12, 265210).
cost(9, 13, 421127).
cost(9, 14, 375003).
cost(9, 15, 298772).
cost(9, 16, 533662).
cost(9, 17, 168368).
cost(9, 18, 150761).
cost(9, 19, 450908).
cost(9, 20, 680237).
cost(9, 21, 456144).
cost(9, 22, 340741).
cost(9, 23, 402408).
cost(9, 24, 403009).
cost(9, 25, 849651).
cost(9, 26, 496607).
cost(9, 27, 274719).
cost(9, 28, 574641).
cost(10, 1, 674825).
cost(10, 2, 706237).
cost(10, 3, 304470).
cost(10, 4, 285425).
cost(10, 5, 839873).
cost(10, 6, 706995).
cost(10, 7, 377248).
cost(10, 8, 787534).
cost(10, 9, 363238).
cost(10, 11, 513149).
cost(10, 12, 624202).
cost(10, 13, 752257).
cost(10, 14, 727471).
cost(10, 15, 391019).
cost(10, 16, 833940).
cost(10, 17, 436483).
cost(10, 18, 431672).
cost(10, 19, 94369).
cost(10, 20, 573940).
cost(10, 21, 534512).
cost(10, 22, 592772).
cost(10, 23, 49890).
cost(10, 24, 670460).
cost(10, 25, 771024).
cost(10, 26, 550112).
cost(10, 27, 625533).
cost(10, 28, 870488).
cost(11, 1, 293297).
cost(11, 2, 274921).
cost(11, 3, 248883).
cost(11, 4, 480787).
cost(11, 5, 407994).
cost(11, 6, 222268).
cost(11, 7, 302241).
cost(11, 8, 521024).
cost(11, 9, 400999).
cost(11, 10, 513149).
cost(11, 12, 548999).
cost(11, 13, 428695).
cost(11, 14, 479237).
cost(11, 15, 684634).
cost(11, 16, 425080).
cost(11, 17, 568059).
cost(11, 18, 268154).
cost(11, 19, 544718).
cost(11, 20, 368791).
cost(11, 21, 61460).
cost(11, 22, 203396).
cost(11, 23, 562294).
cost(11, 24, 260430).
cost(11, 25, 488480).
cost(11, 26, 107647).
cost(11, 27, 414196).
cost(11, 28, 447439).
cost(12, 1, 369064).
cost(12, 2, 440131).
cost(12, 3, 627247).
cost(12, 4, 347403).
cost(12, 5, 488808).
cost(12, 6, 529468).
cost(12, 7, 303686).
cost(12, 8, 253949).
cost(12, 9, 265210).
cost(12, 10, 624202).
cost(12, 11, 548999).
cost(12, 13, 306410).
cost(12, 14, 210526).
cost(12, 15, 415935).
cost(12, 16, 450730).
cost(12, 17, 238812).
cost(12, 18, 297392).
cost(12, 19, 714261).
cost(12, 20, 890178).
cost(12, 21, 610451).
cost(12, 22, 389099).
cost(12, 23, 659638).
cost(12, 24, 406069).
cost(12, 25, 1035284).
cost(12, 26, 656471).
cost(12, 27, 168746).
cost(12, 28, 490819).
cost(13, 1, 138837).
cost(13, 2, 190495).
cost(13, 3, 618990).
cost(13, 4, 539363).
cost(13, 5, 185752).
cost(13, 6, 293302).
cost(13, 7, 375701).
cost(13, 8, 106636).
cost(13, 9, 421127).
cost(13, 10, 752257).
cost(13, 11, 428695).
cost(13, 12, 306410).
cost(13, 14, 103527).
cost(13, 15, 680518).
cost(13, 16, 144858).
cost(13, 17, 501126).
cost(13, 18, 321075).
cost(13, 19, 824733).
cost(13, 20, 796726).
cost(13, 21, 481499).
cost(13, 22, 225742).
cost(13, 23, 798453).
cost(13, 24, 179277).
cost(13, 25, 893226).
cost(13, 26, 524541).
cost(13, 27, 158219).
cost(13, 28, 184435).
cost(14, 1, 214514).
cost(14, 2, 278779).
cost(14, 3, 637174).
cost(14, 4, 487613).
cost(14, 5, 289087).
cost(14, 6, 380370).
cost(14, 7, 353605).
cost(14, 8, 60189).
cost(14, 9, 375003).
cost(14, 10, 727471).
cost(14, 11, 479237).
cost(14, 12, 210526).
cost(14, 13, 103527).
cost(14, 15, 606364).
cost(14, 16, 247025).
cost(14, 17, 424996).
cost(14, 18, 310233).
cost(14, 19, 807197).
cost(14, 20, 846719).
cost(14, 21, 536935).
cost(14, 22, 279878).
cost(14, 23, 770796).
cost(14, 24, 257208).
cost(14, 25, 959590).
cost(14, 26, 582200).
cost(14, 27, 101949).
cost(14, 28, 285065).
cost(15, 1, 677159).
cost(15, 2, 737888).
cost(15, 3, 595582).
cost(15, 4, 204272).
cost(15, 5, 836736).
cost(15, 6, 790781).
cost(15, 7, 394636).
cost(15, 8, 659817).
cost(15, 9, 298772).
cost(15, 10, 391019).
cost(15, 11, 684634).
cost(15, 12, 415935).
cost(15, 13, 680518).
cost(15, 14, 606364).
cost(15, 16, 810310).
cost(15, 17, 181397).
cost(15, 18, 449497).
cost(15, 19, 479737).
cost(15, 20, 899359).
cost(15, 21, 733819).
cost(15, 22, 638541).
cost(15, 23, 396656).
cost(15, 24, 696912).
cost(15, 25, 1086887).
cost(15, 26, 769143).
cost(15, 27, 522406).
cost(15, 28, 852140).
cost(16, 1, 159319).
cost(16, 2, 150215).
cost(16, 3, 652057).
cost(16, 4, 652891).
cost(16, 5, 46607).
cost(16, 6, 228990).
cost(16, 7, 469436).
cost(16, 8, 232472).
cost(16, 9, 533662).
cost(16, 10, 833940).
cost(16, 11, 425080).
cost(16, 12, 450730).
cost(16, 13, 144858).
cost(16, 14, 247025).
cost(16, 15, 810310).
cost(16, 17, 634232).
cost(16, 18, 408661).
cost(16, 19, 896648).
cost(16, 20, 775816).
cost(16, 21, 465175).
cost(16, 22, 249085).
cost(16, 23, 882385).
cost(16, 24, 172568).
cost(16, 25, 841820).
cost(16, 26, 501445).
cost(16, 27, 294648).
cost(16, 28, 41865).
cost(17, 1, 509142).
cost(17, 2, 573793).
cost(17, 3, 543966).
cost(17, 4, 155225).
cost(17, 5, 663127).
cost(17, 6, 637571).
cost(17, 7, 265842).
cost(17, 8, 478523).
cost(17, 9, 168368).
cost(17, 10, 436483).
cost(17, 11, 568059).
cost(17, 12, 238812).
cost(17, 13, 501126).
cost(17, 14, 424996).
cost(17, 15, 181397).
cost(17, 16, 634232).
cost(17, 18, 307472).
cost(17, 19, 530786).
cost(17, 20, 841859).
cost(17, 21, 624066).
cost(17, 22, 483368).
cost(17, 23, 461580).
cost(17, 24, 533389).
cost(17, 25, 1015646).
cost(17, 26, 664886).
cost(17, 27, 342930).
cost(17, 28, 676091).
cost(18, 1, 253181).
cost(18, 2, 300845).
cost(18, 3, 338416).
cost(18, 4, 260080).
cost(18, 5, 421595).
cost(18, 6, 341861).
cost(18, 7, 62060).
cost(18, 8, 368150).
cost(18, 9, 150761).
cost(18, 10, 431672).
cost(18, 11, 268154).
cost(18, 12, 297392).
cost(18, 13, 321075).
cost(18, 14, 310233).
cost(18, 15, 449497).
cost(18, 16, 408661).
cost(18, 17, 307472).
cost(18, 19, 503978).
cost(18, 20, 592979).
cost(18, 21, 327767).
cost(18, 22, 192506).
cost(18, 23, 478551).
cost(18, 24, 260533).
cost(18, 25, 743789).
cost(18, 26, 371929).
cost(18, 27, 212851).
cost(18, 28, 447596).
cost(19, 1, 737455).
cost(19, 2, 762212).
cost(19, 3, 310626).
cost(19, 4, 379072).
cost(19, 5, 898714).
cost(19, 6, 751767).
cost(19, 7, 453945).
cost(19, 8, 866889).
cost(19, 9, 450908).
cost(19, 10, 94369).
cost(19, 11, 544718).
cost(19, 12, 714261).
cost(19, 13, 824733).
cost(19, 14, 807197).
cost(19, 15, 479737).
cost(19, 16, 896648).
cost(19, 17, 530786).
cost(19, 18, 503978).
cost(19, 20, 541635).
cost(19, 21, 556094).
cost(19, 22, 650497).
cost(19, 23, 86082).
cost(19, 24, 728735).
cost(19, 25, 737911).
cost(19, 26, 564163).
cost(19, 27, 705617).
cost(19, 28, 931428).
cost(20, 1, 659611).
cost(20, 2, 630098).
cost(20, 3, 304078).
cost(20, 4, 709244).
cost(20, 5, 749472).
cost(20, 6, 549916).
cost(20, 7, 599050).
cost(20, 8, 889746).
cost(20, 9, 680237).
cost(20, 10, 573940).
cost(20, 11, 368791).
cost(20, 12, 890178).
cost(20, 13, 796726).
cost(20, 14, 846719).
cost(20, 15, 899359).
cost(20, 16, 775816).
cost(20, 17, 841859).
cost(20, 18, 592979).
cost(20, 19, 541635).
cost(20, 21, 315729).
cost(20, 22, 572083).
cost(20, 23, 607498).
cost(20, 24, 623543).
cost(20, 25, 197229).
cost(20, 26, 275204).
cost(20, 27, 774881).
cost(20, 28, 790121).
cost(21, 1, 343939).
cost(21, 2, 316730).
cost(21, 3, 248690).
cost(21, 4, 529548).
cost(21, 5, 443369).
cost(21, 6, 247996).
cost(21, 7, 358474).
cost(21, 8, 576745).
cost(21, 9, 456144).
cost(21, 10, 534512).
cost(21, 11, 61460).
cost(21, 12, 610451).
cost(21, 13, 481499).
cost(21, 14, 536935).
cost(21, 15, 733819).
cost(21, 16, 465175).
cost(21, 17, 624066).
cost(21, 18, 327767).
cost(21, 19, 556094).
cost(21, 20, 315729).
cost(21, 22, 258422).
cost(21, 23, 582476).
cost(21, 24, 307968).
cost(21, 25, 427474).
cost(21, 26, 46338).
cost(21, 27, 474623).
cost(21, 28, 483666).
cost(22, 1, 95703).
cost(22, 2, 113850).
cost(22, 3, 405879).
cost(22, 4, 452586).
cost(22, 5, 248222).
cost(22, 6, 154207).
cost(22, 7, 253368).
cost(22, 8, 318335).
cost(22, 9, 340741).
cost(22, 10, 592772).
cost(22, 11, 203396).
cost(22, 12, 389099).
cost(22, 13, 225742).
cost(22, 14, 279878).
cost(22, 15, 638541).
cost(22, 16, 249085).
cost(22, 17, 483368).
cost(22, 18, 192506).
cost(22, 19, 650497).
cost(22, 20, 572083).
cost(22, 21, 258422).
cost(22, 23, 642076).
cost(22, 24, 78240).
cost(22, 25, 679798).
cost(22, 26, 303013).
cost(22, 27, 231160).
cost(22, 28, 281573).
cost(23, 1, 723408).
cost(23, 2, 755636).
cost(23, 3, 348515).
cost(23, 4, 315524).
cost(23, 5, 888887).
cost(23, 6, 756885).
cost(23, 7, 422875).
cost(23, 8, 830952).
cost(23, 9, 402408).
cost(23, 10, 49890).
cost(23, 11, 562294).
cost(23, 12, 659638).
cost(23, 13, 798453).
cost(23, 14, 770796).
cost(23, 15, 396656).
cost(23, 16, 882385).
cost(23, 17, 461580).
cost(23, 18, 478551).
cost(23, 19, 86082).
cost(23, 20, 607498).
cost(23, 21, 582476).
cost(23, 22, 642076).
cost(23, 24, 719645).
cost(23, 25, 804702).
cost(23, 26, 596868).
cost(23, 27, 668869).
cost(23, 28, 919194).
cost(24, 1, 42719).
cost(24, 2, 41029).
cost(24, 3, 479692).
cost(24, 4, 518609).
cost(24, 5, 169992).
cost(24, 6, 125703).
cost(24, 7, 322521).
cost(24, 8, 282664).
cost(24, 9, 403009).
cost(24, 10, 670460).
cost(24, 11, 260430).
cost(24, 12, 406069).
cost(24, 13, 179277).
cost(24, 14, 257208).
cost(24, 15, 696912).
cost(24, 16, 172568).
cost(24, 17, 533389).
cost(24, 18, 260533).
cost(24, 19, 728735).
cost(24, 20, 623543).
cost(24, 21, 307968).
cost(24, 22, 78240).
cost(24, 23, 719645).
cost(24, 25, 714026).
cost(24, 26, 349065).
cost(24, 27, 238268).
cost(24, 28, 203635).
cost(25, 1, 754693).
cost(25, 2, 709655).
cost(25, 3, 492540).
cost(25, 4, 891594).
cost(25, 5, 807193).
cost(25, 6, 614167).
cost(25, 7, 760797).
cost(25, 8, 994442).
cost(25, 9, 849651).
cost(25, 10, 771024).
cost(25, 11, 488480).
cost(25, 12, 1035284).
cost(25, 13, 893226).
cost(25, 14, 959590).
cost(25, 15, 1086887).
cost(25, 16, 841820).
cost(25, 17, 1015646).
cost(25, 18, 743789).
cost(25, 19, 737911).
cost(25, 20, 197229).
cost(25, 21, 427474).
cost(25, 22, 679798).
cost(25, 23, 804702).
cost(25, 24, 714026).
cost(25, 26, 381150).
cost(25, 27, 901905).
cost(25, 28, 846734).
cost(26, 1, 386314).
cost(26, 2, 354921).
cost(26, 3, 253610).
cost(26, 4, 565071).
cost(26, 5, 477030).
cost(26, 6, 278639).
cost(26, 7, 400034).
cost(26, 8, 621089).
cost(26, 9, 496607).
cost(26, 10, 550112).
cost(26, 11, 107647).
cost(26, 12, 656471).
cost(26, 13, 524541).
cost(26, 14, 582200).
cost(26, 15, 769143).
cost(26, 16, 501445).
cost(26, 17, 664886).
cost(26, 18, 371929).
cost(26, 19, 564163).
cost(26, 20, 275204).
cost(26, 21, 46338).
cost(26, 22, 303013).
cost(26, 23, 596868).
cost(26, 24, 349065).
cost(26, 25, 381150).
cost(26, 27, 520873).
cost(26, 28, 517592).
cost(27, 1, 200422).
cost(27, 2, 271484).
cost(27, 3, 546869).
cost(27, 4, 389551).
cost(27, 5, 328218).
cost(27, 6, 362893).
cost(27, 7, 252570).
cost(27, 8, 162084).
cost(27, 9, 274719).
cost(27, 10, 625533).
cost(27, 11, 414196).
cost(27, 12, 168746).
cost(27, 13, 158219).
cost(27, 14, 101949).
cost(27, 15, 522406).
cost(27, 16, 294648).
cost(27, 17, 342930).
cost(27, 18, 212851).
cost(27, 19, 705617).
cost(27, 20, 774881).
cost(27, 21, 474623).
cost(27, 22, 231160).
cost(27, 23, 668869).
cost(27, 24, 238268).
cost(27, 25, 901905).
cost(27, 26, 520873).
cost(27, 28, 336208).
cost(28, 1, 195925).
cost(28, 2, 175577).
cost(28, 3, 680286).
cost(28, 4, 693795).
cost(28, 5, 40649).
cost(28, 6, 240252).
cost(28, 7, 508748).
cost(28, 8, 265646).
cost(28, 9, 574641).
cost(28, 10, 870488).
cost(28, 11, 447439).
cost(28, 12, 490819).
cost(28, 13, 184435).
cost(28, 14, 285065).
cost(28, 15, 852140).
cost(28, 16, 41865).
cost(28, 17, 676091).
cost(28, 18, 447596).
cost(28, 19, 931428).
cost(28, 20, 790121).
cost(28, 21, 483666).
cost(28, 22, 281573).
cost(28, 23, 919194).
cost(28, 24, 203635).
cost(28, 25, 846734).
cost(28, 26, 517592).
cost(28, 27, 336208).
