dimension(18).
point(1, 663311.0, 417746.0).
point(2, 339215.0, 940797.0).
point(3, 506541.0, 586905.0).
point(4, 969062.0, 484169.0).
point(5, 924304.0, 68251.0).
point(6, 662864.0, 200746.0).
point(7, 483767.0, 170626.0).
point(8, 585376.0, 431116.0).
point(9, 506875.0, 610838.0).
point(10, 293493.0, 727539.0).
point(11, 498450.0, 7784.0).
point(12, 963996.0, 561081.0).
point(13, 72645.0, 915419.0).
point(14, 809769.0, 12762.0).
point(15, 192258.0, 62698.0).
point(16, 375260.0, 828837.0).
point(17, 67718.0, 268773.0).
point(18, 366351.0, 862455.0).
cost(1, 2, 615322).
cost(1, 3, 230633).
cost(1, 4, 312883).
cost(1, 5, 436193).
cost(1, 6, 217000).
cost(1, 7, 305458).
cost(1, 8, 79074).
cost(1, 9, 248509).
cost(1, 10, 482428).
cost(1, 11, 441869).
cost(1, 12, 333101).
cost(1, 13, 772376).
cost(1, 14, 430653).
cost(1, 15, 589873).
cost(1, 16, 501965).
cost(1, 17, 613941).
cost(1, 18, 534744).
cost(2, 1, 615322).
cost(2, 3, 391456).
cost(2, 4, 777957).
cost(2, 5, 1050555).
cost(2, 6, 807728).
cost(2, 7, 783619).
cost(2, 8, 566012).
cost(2, 9, 370112).
cost(2, 10, 218104).
cost(2, 11, 946504).
cost(2, 12, 731119).
cost(2, 13, 267775).
cost(2, 14, 1040514).
cost(2, 15, 890311).
cost(2, 16, 117619).
cost(2, 17, 724794).
cost(2, 18, 82909).
cost(3, 1, 230633).
cost(3, 2, 391456).
cost(3, 4, 473794).
cost(3, 5, 665979).
cost(3, 6, 416600).
cost(3, 7, 416902).
cost(3, 8, 174600).
cost(3, 9, 23935).
cost(3, 10, 255279).
cost(3, 11, 579178).
cost(3, 12, 458183).
cost(3, 13, 544231).
cost(3, 14, 649298).
cost(3, 15, 611201).
cost(3, 16, 275256).
cost(3, 17, 542009).
cost(3, 18, 309162).
cost(4, 1, 312883).
cost(4, 2, 777957).
cost(4, 3, 473794).
cost(4, 5, 418319).
cost(4, 6, 417236).
cost(4, 7, 577772).
cost(4, 8, 387337).
cost(4, 9, 479230).
cost(4, 10, 718069).
cost(4, 11, 669640).
cost(4, 12, 77079).
cost(4, 13, 994756).
cost(4, 14, 497593).
cost(4, 15, 883777).
cost(4, 16, 686583).
cost(4, 17, 926723).
cost(4, 18, 711590).
cost(5, 1, 436193).
cost(5, 2, 1050555).
cost(5, 3, 665979).
cost(5, 4, 418319).
cost(5, 6, 293097).
cost(5, 7, 452276).
cost(5, 8, 496531).
cost(5, 9, 684578).
cost(5, 10, 912460).
cost(5, 11, 430125).
cost(5, 12, 494426).
cost(5, 13, 1201256).
cost(5, 14, 127269).
cost(5, 15, 732067).
cost(5, 16, 938051).
cost(5, 17, 879744).
cost(5, 18, 970604).
cost(6, 1, 217000).
cost(6, 2, 807728).
cost(6, 3, 416600).
cost(6, 4, 417236).
cost(6, 5, 293097).
cost(6, 7, 181612).
cost(6, 8, 243053).
cost(6, 9, 438757).
cost(6, 10, 643386).
cost(6, 11, 253508).
cost(6, 12, 469597).
cost(6, 13, 926885).
cost(6, 14, 238577).
cost(6, 15, 490436).
cost(6, 16, 690807).
cost(6, 17, 599021).
cost(6, 18, 725106).
cost(7, 1, 305458).
cost(7, 2, 783619).
cost(7, 3, 416902).
cost(7, 4, 577772).
cost(7, 5, 452276).
cost(7, 6, 181612).
cost(7, 8, 279606).
cost(7, 9, 440818).
cost(7, 10, 588520).
cost(7, 11, 163503).
cost(7, 12, 618931).
cost(7, 13, 850728).
cost(7, 14, 362213).
cost(7, 15, 310847).
cost(7, 16, 667095).
cost(7, 17, 427469).
cost(7, 18, 701722).
cost(8, 1, 79074).
cost(8, 2, 566012).
cost(8, 3, 174600).
cost(8, 4, 387337).
cost(8, 5, 496531).
cost(8, 6, 243053).
cost(8, 7, 279606).
cost(8, 9, 196118).
cost(8, 10, 416008).
cost(8, 11, 432164).
cost(8, 12, 400305).
cost(8, 13, 705296).
cost(8, 14, 474734).
cost(8, 15, 538770).
cost(8, 16, 449812).
cost(8, 17, 542517).
cost(8, 18, 483762).
cost(9, 1, 248509).
cost(9, 2, 370112).
cost(9, 3, 23935).
cost(9, 4, 479230).
cost(9, 5, 684578).
cost(9, 6, 438757).
cost(9, 7, 440818).
cost(9, 8, 196118).
cost(9, 10, 243210).
cost(9, 11, 603113).
cost(9, 12, 459821).
cost(9, 13, 530401).
cost(9, 14, 670403).
cost(9, 15, 632014).
cost(9, 16, 254649).
cost(9, 17, 556657).
cost(9, 18, 288198).
cost(10, 1, 482428).
cost(10, 2, 218104).
cost(10, 3, 255279).
cost(10, 4, 718069).
cost(10, 5, 912460).
cost(10, 6, 643386).
cost(10, 7, 588520).
cost(10, 8, 416008).
cost(10, 9, 243210).
cost(10, 11, 748368).
cost(10, 12, 690856).
cost(10, 13, 289953).
cost(10, 14, 881730).
cost(10, 15, 672504).
cost(10, 16, 130181).
cost(10, 17, 511313).
cost(10, 18, 153332).
cost(11, 1, 441869).
cost(11, 2, 946504).
cost(11, 3, 579178).
cost(11, 4, 669640).
cost(11, 5, 430125).
cost(11, 6, 253508).
cost(11, 7, 163503).
cost(11, 8, 432164).
cost(11, 9, 603113).
cost(11, 10, 748368).
cost(11, 12, 723098).
cost(11, 13, 1002552).
cost(11, 14, 311359).
cost(11, 15, 311077).
cost(11, 16, 830243).
cost(11, 17, 503632).
cost(11, 18, 864819).
cost(12, 1, 333101).
cost(12, 2, 731119).
cost(12, 3, 458183).
cost(12, 4, 77079).
cost(12, 5, 494426).
cost(12, 6, 469597).
cost(12, 7, 618931).
cost(12, 8, 400305).
cost(12, 9, 459821).
cost(12, 10, 690856).
cost(12, 11, 723098).
cost(12, 13, 959199).
cost(12, 14, 569596).
cost(12, 15, 918676).
cost(12, 16, 646764).
cost(12, 17, 942740).
cost(12, 18, 669332).
cost(13, 1, 772376).
cost(13, 2, 267775).
cost(13, 3, 544231).
cost(13, 4, 994756).
cost(13, 5, 1201256).
cost(13, 6, 926885).
cost(13, 7, 850728).
cost(13, 8, 705296).
cost(13, 9, 530401).
cost(13, 10, 289953).
cost(13, 11, 1002552).
cost(13, 12, 959199).
cost(13, 14, 1165393).
cost(13, 15, 861069).
cost(13, 16, 314757).
cost(13, 17, 646665).
cost(13, 18, 298443).
cost(14, 1, 430653).
cost(14, 2, 1040514).
cost(14, 3, 649298).
cost(14, 4, 497593).
cost(14, 5, 127269).
cost(14, 6, 238577).
cost(14, 7, 362213).
cost(14, 8, 474734).
cost(14, 9, 670403).
cost(14, 10, 881730).
cost(14, 11, 311359).
cost(14, 12, 569596).
cost(14, 13, 1165393).
cost(14, 15, 619527).
cost(14, 16, 924541).
cost(14, 17, 784972).
cost(14, 18, 958435).
cost(15, 1, 589873).
cost(15, 2, 890311).
cost(15, 3, 611201).
cost(15, 4, 883777).
cost(15, 5, 732067).
cost(15, 6, 490436).
cost(15, 7, 310847).
cost(15, 8, 538770).
cost(15, 9, 632014).
cost(15, 10, 672504).
cost(15, 11, 311077).
cost(15, 12, 918676).
cost(15, 13, 861069).
cost(15, 14, 619527).
cost(15, 16, 787692).
cost(15, 17, 240784).
cost(15, 18, 818486).
cost(16, 1, 501965).
cost(16, 2, 117619).
cost(16, 3, 275256).
cost(16, 4, 686583).
cost(16, 5, 938051).
cost(16, 6, 690807).
cost(16, 7, 667095).
cost(16, 8, 449812).
cost(16, 9, 254649).
cost(16, 10, 130181).
cost(16, 11, 830243).
cost(16, 12, 646764).
cost(16, 13, 314757).
cost(16, 14, 924541).
cost(16, 15, 787692).
cost(16, 17, 638947).
cost(16, 18, 34778).
cost(17, 1, 613941).
cost(17, 2, 724794).
cost(17, 3, 542009).
cost(17, 4, 926723).
cost(17, 5, 879744).
cost(17, 6, 599021).
cost(17, 7, 427469).
cost(17, 8, 542517).
cost(17, 9, 556657).
cost(17, 10, 511313).
cost(17, 11, 503632).
cost(17, 12, 942740).
cost(17, 13, 646665).
cost(17, 14, 784972).
cost(17, 15, 240784).
cost(17, 16, 638947).
cost(17, 18, 664560).
cost(18, 1, 534744).
cost(18, 2, 82909).
cost(18, 3, 309162).
cost(18, 4, 711590).
cost(18, 5, 970604).
cost(18, 6, 725106).
cost(18, 7, 701722).
cost(18, 8, 483762).
cost(18, 9, 288198).
cost(18, 10, 153332).
cost(18, 11, 864819).
cost(18, 12, 669332).
cost(18, 13, 298443).
cost(18, 14, 958435).
cost(18, 15, 818486).
cost(18, 16, 34778).
cost(18, 17, 664560).
