dimension(18).
point(1, 760627.0, 742622.0).
point(2, 728397.0, 805962.0).
point(3, 308859.0, 525355.0).
point(4, 614678.0, 258250.0).
point(5, 836185.0, 893136.0).
point(6, 639682.0, 858073.0).
point(7, 625629.0, 458086.0).
point(8, 986410.0, 659263.0).
point(9, 664716.0, 366559.0).
point(10, 331598.0, 221735.0).
point(11, 468515.0, 716281.0).
point(12, 925894.0, 412630.0).
point(13, 897208.0, 717694.0).
point(14, 938541.0, 622776.0).
point(15, 691551.0, 68995.0).
point(16, 868666.0, 859712.0).
point(17, 767922.0, 233532.0).
point(18, 647154.0, 516294.0).
cost(1, 2, 71068).
cost(1, 3, 501298).
cost(1, 4, 505883).
cost(1, 5, 168415).
cost(1, 6, 167202).
cost(1, 7, 314937).
cost(1, 8, 240680).
cost(1, 9, 388101).
cost(1, 10, 674825).
cost(1, 11, 293297).
cost(1, 12, 369064).
cost(1, 13, 138837).
cost(1, 14, 214514).
cost(1, 15, 677159).
cost(1, 16, 159319).
cost(1, 17, 509142).
cost(1, 18, 253181).
cost(2, 1, 71068).
cost(2, 3, 504730).
cost(2, 4, 559393).
cost(2, 5, 138627).
cost(2, 6, 102888).
cost(2, 7, 362738).
cost(2, 8, 296802).
cost(2, 9, 443994).
cost(2, 10, 706237).
cost(2, 11, 274921).
cost(2, 12, 440131).
cost(2, 13, 190495).
cost(2, 14, 278779).
cost(2, 15, 737888).
cost(2, 16, 150215).
cost(2, 17, 573793).
cost(2, 18, 300845).
cost(3, 1, 501298).
cost(3, 2, 504730).
cost(3, 4, 406042).
cost(3, 5, 642912).
cost(3, 6, 469196).
cost(3, 7, 323834).
cost(3, 8, 690657).
cost(3, 9, 389680).
cost(3, 10, 304470).
cost(3, 11, 248883).
cost(3, 12, 627247).
cost(3, 13, 618990).
cost(3, 14, 637174).
cost(3, 15, 595582).
cost(3, 16, 652057).
cost(3, 17, 543966).
cost(3, 18, 338416).
cost(4, 1, 505883).
cost(4, 2, 559393).
cost(4, 3, 406042).
cost(4, 5, 672418).
cost(4, 6, 600344).
cost(4, 7, 200136).
cost(4, 8, 546805).
cost(4, 9, 119309).
cost(4, 10, 285425).
cost(4, 11, 480787).
cost(4, 12, 347403).
cost(4, 13, 539363).
cost(4, 14, 487613).
cost(4, 15, 204272).
cost(4, 16, 652891).
cost(4, 17, 155225).
cost(4, 18, 260080).
cost(5, 1, 168415).
cost(5, 2, 138627).
cost(5, 3, 642912).
cost(5, 4, 672418).
cost(5, 6, 199607).
cost(5, 7, 483324).
cost(5, 8, 277964).
cost(5, 9, 553791).
cost(5, 10, 839873).
cost(5, 11, 407994).
cost(5, 12, 488808).
cost(5, 13, 185752).
cost(5, 14, 289087).
cost(5, 15, 836736).
cost(5, 16, 46607).
cost(5, 17, 663127).
cost(5, 18, 421595).
cost(6, 1, 167202).
cost(6, 2, 102888).
cost(6, 3, 469196).
cost(6, 4, 600344).
cost(6, 5, 199607).
cost(6, 7, 400234).
cost(6, 8, 399682).
cost(6, 9, 492151).
cost(6, 10, 706995).
cost(6, 11, 222268).
cost(6, 12, 529468).
cost(6, 13, 293302).
cost(6, 14, 380370).
cost(6, 15, 790781).
cost(6, 16, 228990).
cost(6, 17, 637571).
cost(6, 18, 341861).
cost(7, 1, 314937).
cost(7, 2, 362738).
cost(7, 3, 323834).
cost(7, 4, 200136).
cost(7, 5, 483324).
cost(7, 6, 400234).
cost(7, 8, 413080).
cost(7, 9, 99524).
cost(7, 10, 377248).
cost(7, 11, 302241).
cost(7, 12, 303686).
cost(7, 13, 375701).
cost(7, 14, 353605).
cost(7, 15, 394636).
cost(7, 16, 469436).
cost(7, 17, 265842).
cost(7, 18, 62060).
cost(8, 1, 240680).
cost(8, 2, 296802).
cost(8, 3, 690657).
cost(8, 4, 546805).
cost(8, 5, 277964).
cost(8, 6, 399682).
cost(8, 7, 413080).
cost(8, 9, 434928).
cost(8, 10, 787534).
cost(8, 11, 521024).
cost(8, 12, 253949).
cost(8, 13, 106636).
cost(8, 14, 60189).
cost(8, 15, 659817).
cost(8, 16, 232472).
cost(8, 17, 478523).
cost(8, 18, 368150).
cost(9, 1, 388101).
cost(9, 2, 443994).
cost(9, 3, 389680).
cost(9, 4, 119309).
cost(9, 5, 553791).
cost(9, 6, 492151).
cost(9, 7, 99524).
cost(9, 8, 434928).
cost(9, 10, 363238).
cost(9, 11, 400999).
cost(9, 12, 265210).
cost(9, 13, 421127).
cost(9, 14, 375003).
cost(9, 15, 298772).
cost(9, 16, 533662).
cost(9, 17, 168368).
cost(9, 18, 150761).
cost(10, 1, 674825).
cost(10, 2, 706237).
cost(10, 3, 304470).
cost(10, 4, 285425).
cost(10, 5, 839873).
cost(10, 6, 706995).
cost(10, 7, 377248).
cost(10, 8, 787534).
cost(10, 9, 363238).
cost(10, 11, 513149).
cost(10, 12, 624202).
cost(10, 13, 752257).
cost(10, 14, 727471).
cost(10, 15, 391019).
cost(10, 16, 833940).
cost(10, 17, 436483).
cost(10, 18, 431672).
cost(11, 1, 293297).
cost(11, 2, 274921).
cost(11, 3, 248883).
cost(11, 4, 480787).
cost(11, 5, 407994).
cost(11, 6, 222268).
cost(11, 7, 302241).
cost(11, 8, 521024).
cost(11, 9, 400999).
cost(11, 10, 513149).
cost(11, 12, 548999).
cost(11, 13, 428695).
cost(11, 14, 479237).
cost(11, 15, 684634).
cost(11, 16, 425080).
cost(11, 17, 568059).
cost(11, 18, 268154).
cost(12, 1, 369064).
cost(12, 2, 440131).
cost(12, 3, 627247).
cost(12, 4, 347403).
cost(12, 5, 488808).
cost(12, 6, 529468).
cost(12, 7, 303686).
cost(12, 8, 253949).
cost(12, 9, 265210).
cost(12, 10, 624202).
cost(12, 11, 548999).
cost(12, 13, 306410).
cost(12, 14, 210526).
cost(12, 15, 415935).
cost(12, 16, 450730).
cost(12, 17, 238812).
cost(12, 18, 297392).
cost(13, 1, 138837).
cost(13, 2, 190495).
cost(13, 3, 618990).
cost(13, 4, 539363).
cost(13, 5, 185752).
cost(13, 6, 293302).
cost(13, 7, 375701).
cost(13, 8, 106636).
cost(13, 9, 421127).
cost(13, 10, 752257).
cost(13, 11, 428695).
cost(13, 12, 306410).
cost(13, 14, 103527).
cost(13, 15, 680518).
cost(13, 16, 144858).
cost(13, 17, 501126).
cost(13, 18, 321075).
cost(14, 1, 214514).
cost(14, 2, 278779).
cost(14, 3, 637174).
cost(14, 4, 487613).
cost(14, 5, 289087).
cost(14, 6, 380370).
cost(14, 7, 353605).
cost(14, 8, 60189).
cost(14, 9, 375003).
cost(14, 10, 727471).
cost(14, 11, 479237).
cost(14, 12, 210526).
cost(14, 13, 103527).
cost(14, 15, 606364).
cost(14, 16, 247025).
cost(14, 17, 424996).
cost(14, 18, 310233).
cost(15, 1, 677159).
cost(15, 2, 737888).
cost(15, 3, 595582).
cost(15, 4, 204272).
cost(15, 5, 836736).
cost(15, 6, 790781).
cost(15, 7, 394636).
cost(15, 8, 659817).
cost(15, 9, 298772).
cost(15, 10, 391019).
cost(15, 11, 684634).
cost(15, 12, 415935).
cost(15, 13, 680518).
cost(15, 14, 606364).
cost(15, 16, 810310).
cost(15, 17, 181397).
cost(15, 18, 449497).
cost(16, 1, 159319).
cost(16, 2, 150215).
cost(16, 3, 652057).
cost(16, 4, 652891).
cost(16, 5, 46607).
cost(16, 6, 228990).
cost(16, 7, 469436).
cost(16, 8, 232472).
cost(16, 9, 533662).
cost(16, 10, 833940).
cost(16, 11, 425080).
cost(16, 12, 450730).
cost(16, 13, 144858).
cost(16, 14, 247025).
cost(16, 15, 810310).
cost(16, 17, 634232).
cost(16, 18, 408661).
cost(17, 1, 509142).
cost(17, 2, 573793).
cost(17, 3, 543966).
cost(17, 4, 155225).
cost(17, 5, 663127).
cost(17, 6, 637571).
cost(17, 7, 265842).
cost(17, 8, 478523).
cost(17, 9, 168368).
cost(17, 10, 436483).
cost(17, 11, 568059).
cost(17, 12, 238812).
cost(17, 13, 501126).
cost(17, 14, 424996).
cost(17, 15, 181397).
cost(17, 16, 634232).
cost(17, 18, 307472).
cost(18, 1, 253181).
cost(18, 2, 300845).
cost(18, 3, 338416).
cost(18, 4, 260080).
cost(18, 5, 421595).
cost(18, 6, 341861).
cost(18, 7, 62060).
cost(18, 8, 368150).
cost(18, 9, 150761).
cost(18, 10, 431672).
cost(18, 11, 268154).
cost(18, 12, 297392).
cost(18, 13, 321075).
cost(18, 14, 310233).
cost(18, 15, 449497).
cost(18, 16, 408661).
cost(18, 17, 307472).
