dimension(18).
point(1, 592837.0, 844111.0).
point(2, 58219.0, 423979.0).
point(3, 681041.0, 263960.0).
point(4, 867284.0, 969277.0).
point(5, 893616.0, 994514.0).
point(6, 917863.0, 970145.0).
point(7, 923293.0, 8572.0).
point(8, 173999.0, 921501.0).
point(9, 770622.0, 297898.0).
point(10, 874345.0, 291380.0).
point(11, 827736.0, 214319.0).
point(12, 383119.0, 194041.0).
point(13, 2451.0, 90391.0).
point(14, 393275.0, 302611.0).
point(15, 700039.0, 993427.0).
point(16, 947795.0, 489215.0).
point(17, 365481.0, 656429.0).
point(18, 277514.0, 670221.0).
cost(1, 2, 679947).
cost(1, 3, 586818).
cost(1, 4, 301642).
cost(1, 5, 336287).
cost(1, 6, 348606).
cost(1, 7, 898514).
cost(1, 8, 425928).
cost(1, 9, 574418).
cost(1, 10, 620289).
cost(1, 11, 672172).
cost(1, 12, 683061).
cost(1, 13, 957418).
cost(1, 14, 577102).
cost(1, 15, 183814).
cost(1, 16, 501943).
cost(1, 17, 294814).
cost(1, 18, 360092).
cost(2, 1, 679947).
cost(2, 3, 643050).
cost(2, 4, 975672).
cost(2, 5, 1011632).
cost(2, 6, 1018472).
cost(2, 7, 959644).
cost(2, 8, 510816).
cost(2, 9, 723474).
cost(2, 10, 826828).
cost(2, 11, 797567).
cost(2, 12, 398035).
cost(2, 13, 338217).
cost(2, 14, 356360).
cost(2, 15, 858023).
cost(2, 16, 891965).
cost(2, 17, 385283).
cost(2, 18, 329735).
cost(3, 1, 586818).
cost(3, 2, 643050).
cost(3, 4, 729492).
cost(3, 5, 760853).
cost(3, 6, 744837).
cost(3, 7, 352007).
cost(3, 8, 830332).
cost(3, 9, 95794).
cost(3, 10, 195239).
cost(3, 11, 154867).
cost(3, 12, 306017).
cost(3, 13, 700436).
cost(3, 14, 290350).
cost(3, 15, 729714).
cost(3, 16, 349138).
cost(3, 17, 503597).
cost(3, 18, 572610).
cost(4, 1, 301642).
cost(4, 2, 975672).
cost(4, 3, 729492).
cost(4, 5, 36473).
cost(4, 6, 50586).
cost(4, 7, 962336).
cost(4, 8, 694929).
cost(4, 9, 678302).
cost(4, 10, 677934).
cost(4, 11, 755993).
cost(4, 12, 914006).
cost(4, 13, 1233036).
cost(4, 14, 818002).
cost(4, 15, 168980).
cost(4, 16, 486766).
cost(4, 17, 591338).
cost(4, 18, 661259).
cost(5, 1, 336287).
cost(5, 2, 1011632).
cost(5, 3, 760853).
cost(5, 4, 36473).
cost(5, 6, 34377).
cost(5, 7, 986389).
cost(5, 8, 723311).
cost(5, 9, 707391).
cost(5, 10, 703398).
cost(5, 11, 782972).
cost(5, 12, 949402).
cost(5, 13, 1269493).
cost(5, 14, 853856).
cost(5, 15, 193580).
cost(5, 16, 508195).
cost(5, 17, 627079).
cost(5, 18, 696238).
cost(6, 1, 348606).
cost(6, 2, 1018472).
cost(6, 3, 744837).
cost(6, 4, 50586).
cost(6, 5, 34377).
cost(6, 7, 961588).
cost(6, 8, 745453).
cost(6, 9, 688183).
cost(6, 10, 680159).
cost(6, 11, 761181).
cost(6, 12, 942491).
cost(6, 13, 1269624).
cost(6, 14, 848996).
cost(6, 15, 219065).
cost(6, 16, 481861).
cost(6, 17, 635251).
cost(6, 18, 707108).
cost(7, 1, 898514).
cost(7, 2, 959644).
cost(7, 3, 352007).
cost(7, 4, 962336).
cost(7, 5, 986389).
cost(7, 6, 961588).
cost(7, 8, 1181051).
cost(7, 9, 327136).
cost(7, 10, 287013).
cost(7, 11, 226855).
cost(7, 12, 571128).
cost(7, 13, 924470).
cost(7, 14, 606117).
cost(7, 15, 1009842).
cost(7, 16, 481267).
cost(7, 17, 854911).
cost(7, 18, 924559).
cost(8, 1, 425928).
cost(8, 2, 510816).
cost(8, 3, 830332).
cost(8, 4, 694929).
cost(8, 5, 723311).
cost(8, 6, 745453).
cost(8, 7, 1181051).
cost(8, 9, 863041).
cost(8, 10, 942092).
cost(8, 11, 963057).
cost(8, 12, 756921).
cost(8, 13, 848630).
cost(8, 14, 656587).
cost(8, 15, 530934).
cost(8, 16, 886359).
cost(8, 17, 326999).
cost(8, 18, 271766).
cost(9, 1, 574418).
cost(9, 2, 723474).
cost(9, 3, 95794).
cost(9, 4, 678302).
cost(9, 5, 707391).
cost(9, 6, 688183).
cost(9, 7, 327136).
cost(9, 8, 863041).
cost(9, 10, 103928).
cost(9, 11, 101230).
cost(9, 12, 401179).
cost(9, 13, 795705).
cost(9, 14, 377376).
cost(9, 15, 699101).
cost(9, 16, 260754).
cost(9, 17, 541003).
cost(9, 18, 617883).
cost(10, 1, 620289).
cost(10, 2, 826828).
cost(10, 3, 195239).
cost(10, 4, 677934).
cost(10, 5, 703398).
cost(10, 6, 680159).
cost(10, 7, 287013).
cost(10, 8, 942092).
cost(10, 9, 103928).
cost(10, 11, 90060).
cost(10, 12, 500777).
cost(10, 13, 894760).
cost(10, 14, 481201).
cost(10, 15, 723362).
cost(10, 16, 211030).
cost(10, 17, 626261).
cost(10, 18, 706914).
cost(11, 1, 672172).
cost(11, 2, 797567).
cost(11, 3, 154867).
cost(11, 4, 755993).
cost(11, 5, 782972).
cost(11, 6, 761181).
cost(11, 7, 226855).
cost(11, 8, 963057).
cost(11, 9, 101230).
cost(11, 10, 90060).
cost(11, 12, 445079).
cost(11, 13, 834538).
cost(11, 14, 443342).
cost(11, 15, 789504).
cost(11, 16, 299970).
cost(11, 17, 639641).
cost(11, 18, 714556).
cost(12, 1, 683061).
cost(12, 2, 398035).
cost(12, 3, 306017).
cost(12, 4, 914006).
cost(12, 5, 949402).
cost(12, 6, 942491).
cost(12, 7, 571128).
cost(12, 8, 756921).
cost(12, 9, 401179).
cost(12, 10, 500777).
cost(12, 11, 445079).
cost(12, 13, 394527).
cost(12, 14, 109044).
cost(12, 15, 859916).
cost(12, 16, 637171).
cost(12, 17, 462724).
cost(12, 18, 487750).
cost(13, 1, 957418).
cost(13, 2, 338217).
cost(13, 3, 700436).
cost(13, 4, 1233036).
cost(13, 5, 1269493).
cost(13, 6, 1269624).
cost(13, 7, 924470).
cost(13, 8, 848630).
cost(13, 9, 795705).
cost(13, 10, 894760).
cost(13, 11, 834538).
cost(13, 12, 394527).
cost(13, 14, 444725).
cost(13, 15, 1141097).
cost(13, 16, 1026029).
cost(13, 17, 672451).
cost(13, 18, 641765).
cost(14, 1, 577102).
cost(14, 2, 356360).
cost(14, 3, 290350).
cost(14, 4, 818002).
cost(14, 5, 853856).
cost(14, 6, 848996).
cost(14, 7, 606117).
cost(14, 8, 656587).
cost(14, 9, 377376).
cost(14, 10, 481201).
cost(14, 11, 443342).
cost(14, 12, 109044).
cost(14, 13, 444725).
cost(14, 15, 755864).
cost(14, 16, 585076).
cost(14, 17, 354908).
cost(14, 18, 385406).
cost(15, 1, 183814).
cost(15, 2, 858023).
cost(15, 3, 729714).
cost(15, 4, 168980).
cost(15, 5, 193580).
cost(15, 6, 219065).
cost(15, 7, 1009842).
cost(15, 8, 530934).
cost(15, 9, 699101).
cost(15, 10, 723362).
cost(15, 11, 789504).
cost(15, 12, 859916).
cost(15, 13, 1141097).
cost(15, 14, 755864).
cost(15, 16, 561794).
cost(15, 17, 474865).
cost(15, 18, 531968).
cost(16, 1, 501943).
cost(16, 2, 891965).
cost(16, 3, 349138).
cost(16, 4, 486766).
cost(16, 5, 508195).
cost(16, 6, 481861).
cost(16, 7, 481267).
cost(16, 8, 886359).
cost(16, 9, 260754).
cost(16, 10, 211030).
cost(16, 11, 299970).
cost(16, 12, 637171).
cost(16, 13, 1026029).
cost(16, 14, 585076).
cost(16, 15, 561794).
cost(16, 17, 605847).
cost(16, 18, 694291).
cost(17, 1, 294814).
cost(17, 2, 385283).
cost(17, 3, 503597).
cost(17, 4, 591338).
cost(17, 5, 627079).
cost(17, 6, 635251).
cost(17, 7, 854911).
cost(17, 8, 326999).
cost(17, 9, 541003).
cost(17, 10, 626261).
cost(17, 11, 639641).
cost(17, 12, 462724).
cost(17, 13, 672451).
cost(17, 14, 354908).
cost(17, 15, 474865).
cost(17, 16, 605847).
cost(17, 18, 89042).
cost(18, 1, 360092).
cost(18, 2, 329735).
cost(18, 3, 572610).
cost(18, 4, 661259).
cost(18, 5, 696238).
cost(18, 6, 707108).
cost(18, 7, 924559).
cost(18, 8, 271766).
cost(18, 9, 617883).
cost(18, 10, 706914).
cost(18, 11, 714556).
cost(18, 12, 487750).
cost(18, 13, 641765).
cost(18, 14, 385406).
cost(18, 15, 531968).
cost(18, 16, 694291).
cost(18, 17, 89042).
