dimension(18).
point(1, 982100.0, 143614.0).
point(2, 614945.0, 884640.0).
point(3, 890314.0, 17758.0).
point(4, 449749.0, 65601.0).
point(5, 541139.0, 294054.0).
point(6, 825136.0, 599454.0).
point(7, 490738.0, 158410.0).
point(8, 778136.0, 834088.0).
point(9, 401987.0, 320785.0).
point(10, 26763.0, 268165.0).
point(11, 707996.0, 48306.0).
point(12, 230710.0, 600237.0).
point(13, 300704.0, 299492.0).
point(14, 908364.0, 742666.0).
point(15, 697210.0, 18616.0).
point(16, 921418.0, 612714.0).
point(17, 166295.0, 515463.0).
point(18, 400727.0, 285579.0).
cost(1, 2, 826996).
cost(1, 3, 155770).
cost(1, 4, 538037).
cost(1, 5, 465917).
cost(1, 6, 482108).
cost(1, 7, 491585).
cost(1, 8, 719969).
cost(1, 9, 606565).
cost(1, 10, 963422).
cost(1, 11, 290201).
cost(1, 12, 879256).
cost(1, 13, 698998).
cost(1, 14, 603573).
cost(1, 15, 311106).
cost(1, 16, 473009).
cost(1, 17, 896554).
cost(1, 18, 598455).
cost(2, 1, 826996).
cost(2, 3, 909567).
cost(2, 4, 835533).
cost(2, 5, 595180).
cost(2, 6, 354276).
cost(2, 7, 736775).
cost(2, 8, 170841).
cost(2, 9, 602730).
cost(2, 10, 852056).
cost(2, 11, 841495).
cost(2, 12, 478039).
cost(2, 13, 664188).
cost(2, 14, 325962).
cost(2, 15, 869922).
cost(2, 16, 409719).
cost(2, 17, 581015).
cost(2, 18, 636210).
cost(3, 1, 155770).
cost(3, 2, 909567).
cost(3, 4, 443155).
cost(3, 5, 445267).
cost(3, 6, 585336).
cost(3, 7, 423608).
cost(3, 8, 824002).
cost(3, 9, 574707).
cost(3, 10, 899124).
cost(3, 11, 184859).
cost(3, 12, 879977).
cost(3, 13, 653463).
cost(3, 14, 725133).
cost(3, 15, 193106).
cost(3, 16, 595768).
cost(3, 17, 878586).
cost(3, 18, 558053).
cost(4, 1, 538037).
cost(4, 2, 835533).
cost(4, 3, 443155).
cost(4, 5, 246055).
cost(4, 6, 652621).
cost(4, 7, 101457).
cost(4, 8, 835709).
cost(4, 9, 259615).
cost(4, 10, 468988).
cost(4, 11, 258825).
cost(4, 12, 577766).
cost(4, 13, 277343).
cost(4, 14, 817768).
cost(4, 15, 251882).
cost(4, 16, 722360).
cost(4, 17, 531716).
cost(4, 18, 225374).
cost(5, 1, 465917).
cost(5, 2, 595180).
cost(5, 3, 445267).
cost(5, 4, 246055).
cost(5, 6, 417041).
cost(5, 7, 144705).
cost(5, 8, 589749).
cost(5, 9, 141696).
cost(5, 10, 515027).
cost(5, 11, 297041).
cost(5, 12, 436021).
cost(5, 13, 240496).
cost(5, 14, 579747).
cost(5, 15, 316582).
cost(5, 16, 496141).
cost(5, 17, 435350).
cost(5, 18, 140668).
cost(6, 1, 482108).
cost(6, 2, 354276).
cost(6, 3, 585336).
cost(6, 4, 652621).
cost(6, 5, 417041).
cost(6, 7, 553482).
cost(6, 8, 239295).
cost(6, 9, 506667).
cost(6, 10, 864379).
cost(6, 11, 563459).
cost(6, 12, 594427).
cost(6, 13, 604157).
cost(6, 14, 165640).
cost(6, 15, 594759).
cost(6, 16, 97191).
cost(6, 17, 664173).
cost(6, 18, 527864).
cost(7, 1, 491585).
cost(7, 2, 736775).
cost(7, 3, 423608).
cost(7, 4, 101457).
cost(7, 5, 144705).
cost(7, 6, 553482).
cost(7, 8, 734260).
cost(7, 9, 185047).
cost(7, 10, 476780).
cost(7, 11, 243565).
cost(7, 12, 512665).
cost(7, 13, 236679).
cost(7, 14, 718169).
cost(7, 15, 249345).
cost(7, 16, 626001).
cost(7, 17, 482442).
cost(7, 18, 155801).
cost(8, 1, 719969).
cost(8, 2, 170841).
cost(8, 3, 824002).
cost(8, 4, 835709).
cost(8, 5, 589749).
cost(8, 6, 239295).
cost(8, 7, 734260).
cost(8, 9, 636371).
cost(8, 10, 940654).
cost(8, 11, 788906).
cost(8, 12, 595283).
cost(8, 13, 716753).
cost(8, 14, 159114).
cost(8, 15, 819478).
cost(8, 16, 263697).
cost(8, 17, 689834).
cost(8, 18, 665808).
cost(9, 1, 606565).
cost(9, 2, 602730).
cost(9, 3, 574707).
cost(9, 4, 259615).
cost(9, 5, 141696).
cost(9, 6, 506667).
cost(9, 7, 185047).
cost(9, 8, 636371).
cost(9, 10, 378896).
cost(9, 11, 409739).
cost(9, 12, 327764).
cost(9, 13, 103497).
cost(9, 14, 659091).
cost(9, 15, 422448).
cost(9, 16, 595845).
cost(9, 17, 305696).
cost(9, 18, 35229).
cost(10, 1, 963422).
cost(10, 2, 852056).
cost(10, 3, 899124).
cost(10, 4, 468988).
cost(10, 5, 515027).
cost(10, 6, 864379).
cost(10, 7, 476780).
cost(10, 8, 940654).
cost(10, 9, 378896).
cost(10, 11, 715833).
cost(10, 12, 389700).
cost(10, 13, 275726).
cost(10, 14, 1001185).
cost(10, 15, 715384).
cost(10, 16, 958708).
cost(10, 17, 283946).
cost(10, 18, 374369).
cost(11, 1, 290201).
cost(11, 2, 841495).
cost(11, 3, 184859).
cost(11, 4, 258825).
cost(11, 5, 297041).
cost(11, 6, 563459).
cost(11, 7, 243565).
cost(11, 8, 788906).
cost(11, 9, 409739).
cost(11, 10, 715833).
cost(11, 12, 729678).
cost(11, 13, 478520).
cost(11, 14, 722692).
cost(11, 15, 31589).
cost(11, 16, 603411).
cost(11, 17, 715315).
cost(11, 18, 388217).
cost(12, 1, 879256).
cost(12, 2, 478039).
cost(12, 3, 879977).
cost(12, 4, 577766).
cost(12, 5, 436021).
cost(12, 6, 594427).
cost(12, 7, 512665).
cost(12, 8, 595283).
cost(12, 9, 327764).
cost(12, 10, 389700).
cost(12, 11, 729678).
cost(12, 13, 308783).
cost(12, 14, 692460).
cost(12, 15, 745591).
cost(12, 16, 690821).
cost(12, 17, 106470).
cost(12, 18, 357653).
cost(13, 1, 698998).
cost(13, 2, 664188).
cost(13, 3, 653463).
cost(13, 4, 277343).
cost(13, 5, 240496).
cost(13, 6, 604157).
cost(13, 7, 236679).
cost(13, 8, 716753).
cost(13, 9, 103497).
cost(13, 10, 275726).
cost(13, 11, 478520).
cost(13, 12, 308783).
cost(13, 14, 752100).
cost(13, 15, 485910).
cost(13, 16, 695265).
cost(13, 17, 254380).
cost(13, 18, 100986).
cost(14, 1, 603573).
cost(14, 2, 325962).
cost(14, 3, 725133).
cost(14, 4, 817768).
cost(14, 5, 579747).
cost(14, 6, 165640).
cost(14, 7, 718169).
cost(14, 8, 159114).
cost(14, 9, 659091).
cost(14, 10, 1001185).
cost(14, 11, 722692).
cost(14, 12, 692460).
cost(14, 13, 752100).
cost(14, 15, 754211).
cost(14, 16, 130606).
cost(14, 17, 776072).
cost(14, 18, 683099).
cost(15, 1, 311106).
cost(15, 2, 869922).
cost(15, 3, 193106).
cost(15, 4, 251882).
cost(15, 5, 316582).
cost(15, 6, 594759).
cost(15, 7, 249345).
cost(15, 8, 819478).
cost(15, 9, 422448).
cost(15, 10, 715384).
cost(15, 11, 31589).
cost(15, 12, 745591).
cost(15, 13, 485910).
cost(15, 14, 754211).
cost(15, 16, 634997).
cost(15, 17, 727137).
cost(15, 18, 398963).
cost(16, 1, 473009).
cost(16, 2, 409719).
cost(16, 3, 595768).
cost(16, 4, 722360).
cost(16, 5, 496141).
cost(16, 6, 97191).
cost(16, 7, 626001).
cost(16, 8, 263697).
cost(16, 9, 595845).
cost(16, 10, 958708).
cost(16, 11, 603411).
cost(16, 12, 690821).
cost(16, 13, 695265).
cost(16, 14, 130606).
cost(16, 15, 634997).
cost(16, 17, 761360).
cost(16, 18, 614928).
cost(17, 1, 896554).
cost(17, 2, 581015).
cost(17, 3, 878586).
cost(17, 4, 531716).
cost(17, 5, 435350).
cost(17, 6, 664173).
cost(17, 7, 482442).
cost(17, 8, 689834).
cost(17, 9, 305696).
cost(17, 10, 283946).
cost(17, 11, 715315).
cost(17, 12, 106470).
cost(17, 13, 254380).
cost(17, 14, 776072).
cost(17, 15, 727137).
cost(17, 16, 761360).
cost(17, 18, 328337).
cost(18, 1, 598455).
cost(18, 2, 636210).
cost(18, 3, 558053).
cost(18, 4, 225374).
cost(18, 5, 140668).
cost(18, 6, 527864).
cost(18, 7, 155801).
cost(18, 8, 665808).
cost(18, 9, 35229).
cost(18, 10, 374369).
cost(18, 11, 388217).
cost(18, 12, 357653).
cost(18, 13, 100986).
cost(18, 14, 683099).
cost(18, 15, 398963).
cost(18, 16, 614928).
cost(18, 17, 328337).
