dimension(18).
point(1, 274048.0, 118242.0).
point(2, 782489.0, 480136.0).
point(3, 297268.0, 833107.0).
point(4, 386598.0, 387844.0).
point(5, 276781.0, 768710.0).
point(6, 755591.0, 571436.0).
point(7, 916322.0, 20788.0).
point(8, 981239.0, 518529.0).
point(9, 875510.0, 587951.0).
point(10, 141076.0, 750754.0).
point(11, 618190.0, 173797.0).
point(12, 116404.0, 154885.0).
point(13, 774393.0, 706318.0).
point(14, 294680.0, 572707.0).
point(15, 195088.0, 37508.0).
point(16, 401636.0, 705338.0).
point(17, 266905.0, 409739.0).
point(18, 243137.0, 247097.0).
cost(1, 2, 624083).
cost(1, 3, 715242).
cost(1, 4, 292152).
cost(1, 5, 650474).
cost(1, 6, 661263).
cost(1, 7, 649625).
cost(1, 8, 812618).
cost(1, 9, 763140).
cost(1, 10, 646338).
cost(1, 11, 348597).
cost(1, 12, 161847).
cost(1, 13, 772126).
cost(1, 14, 454933).
cost(1, 15, 112928).
cost(1, 16, 600800).
cost(1, 17, 291585).
cost(1, 18, 132511).
cost(2, 1, 624083).
cost(2, 3, 600023).
cost(2, 4, 406506).
cost(2, 5, 582250).
cost(2, 6, 95180).
cost(2, 7, 478447).
cost(2, 8, 202424).
cost(2, 9, 142397).
cost(2, 10, 696164).
cost(2, 11, 347617).
cost(2, 12, 741254).
cost(2, 13, 226327).
cost(2, 14, 496515).
cost(2, 15, 735499).
cost(2, 16, 442453).
cost(2, 17, 520368).
cost(2, 18, 587544).
cost(3, 1, 715242).
cost(3, 2, 600023).
cost(3, 4, 454135).
cost(3, 5, 67577).
cost(3, 6, 527761).
cost(3, 7, 1021318).
cost(3, 8, 752845).
cost(3, 9, 628065).
cost(3, 10, 176573).
cost(3, 11, 733267).
cost(3, 12, 701924).
cost(3, 13, 493684).
cost(3, 14, 260413).
cost(3, 15, 802134).
cost(3, 16, 164978).
cost(3, 17, 424455).
cost(3, 18, 588505).
cost(4, 1, 292152).
cost(4, 2, 406506).
cost(4, 3, 454135).
cost(4, 5, 396382).
cost(4, 6, 412143).
cost(4, 7, 644467).
cost(4, 8, 608832).
cost(4, 9, 528278).
cost(4, 10, 438161).
cost(4, 11, 315358).
cost(4, 12, 356756).
cost(4, 13, 501807).
cost(4, 14, 206454).
cost(4, 15, 399264).
cost(4, 16, 317850).
cost(4, 17, 121679).
cost(4, 18, 200975).
cost(5, 1, 650474).
cost(5, 2, 582250).
cost(5, 3, 67577).
cost(5, 4, 396382).
cost(5, 6, 517857).
cost(5, 7, 984073).
cost(5, 8, 747564).
cost(5, 9, 625420).
cost(5, 10, 136888).
cost(5, 11, 685917).
cost(5, 12, 634430).
cost(5, 13, 501508).
cost(5, 14, 196819).
cost(5, 15, 735751).
cost(5, 16, 140017).
cost(5, 17, 359107).
cost(5, 18, 522697).
cost(6, 1, 661263).
cost(6, 2, 95180).
cost(6, 3, 527761).
cost(6, 4, 412143).
cost(6, 5, 517857).
cost(6, 7, 573627).
cost(6, 8, 231767).
cost(6, 9, 121051).
cost(6, 10, 640143).
cost(6, 11, 420709).
cost(6, 12, 762938).
cost(6, 13, 136186).
cost(6, 14, 460913).
cost(6, 15, 774108).
cost(6, 16, 378436).
cost(6, 17, 514743).
cost(6, 18, 606469).
cost(7, 1, 649625).
cost(7, 2, 478447).
cost(7, 3, 1021318).
cost(7, 4, 644467).
cost(7, 5, 984073).
cost(7, 6, 573627).
cost(7, 8, 501956).
cost(7, 9, 568629).
cost(7, 10, 1064827).
cost(7, 11, 335104).
cost(7, 12, 811080).
cost(7, 13, 700068).
cost(7, 14, 831296).
cost(7, 15, 721428).
cost(7, 16, 856452).
cost(7, 17, 756984).
cost(7, 18, 710207).
cost(8, 1, 812618).
cost(8, 2, 202424).
cost(8, 3, 752845).
cost(8, 4, 608832).
cost(8, 5, 747564).
cost(8, 6, 231767).
cost(8, 7, 501956).
cost(8, 9, 126483).
cost(8, 10, 871666).
cost(8, 11, 500644).
cost(8, 12, 938177).
cost(8, 13, 279374).
cost(8, 14, 688693).
cost(8, 15, 921637).
cost(8, 16, 608964).
cost(8, 17, 722571).
cost(8, 18, 786429).
cost(9, 1, 763140).
cost(9, 2, 142397).
cost(9, 3, 628065).
cost(9, 4, 528278).
cost(9, 5, 625420).
cost(9, 6, 121051).
cost(9, 7, 568629).
cost(9, 8, 126483).
cost(9, 10, 752262).
cost(9, 11, 487583).
cost(9, 12, 873950).
cost(9, 13, 155677).
cost(9, 14, 581030).
cost(9, 15, 875192).
cost(9, 16, 488197).
cost(9, 17, 634161).
cost(9, 18, 718385).
cost(10, 1, 646338).
cost(10, 2, 696164).
cost(10, 3, 176573).
cost(10, 4, 438161).
cost(10, 5, 136888).
cost(10, 6, 640143).
cost(10, 7, 1064827).
cost(10, 8, 871666).
cost(10, 9, 752262).
cost(10, 11, 748677).
cost(10, 12, 596380).
cost(10, 13, 634874).
cost(10, 14, 235149).
cost(10, 15, 715288).
cost(10, 16, 264488).
cost(10, 17, 363489).
cost(10, 18, 513894).
cost(11, 1, 348597).
cost(11, 2, 347617).
cost(11, 3, 733267).
cost(11, 4, 315358).
cost(11, 5, 685917).
cost(11, 6, 420709).
cost(11, 7, 335104).
cost(11, 8, 500644).
cost(11, 9, 487583).
cost(11, 10, 748677).
cost(11, 12, 502142).
cost(11, 13, 554958).
cost(11, 14, 513603).
cost(11, 15, 444511).
cost(11, 16, 573961).
cost(11, 17, 423166).
cost(11, 18, 382149).
cost(12, 1, 161847).
cost(12, 2, 741254).
cost(12, 3, 701924).
cost(12, 4, 356756).
cost(12, 5, 634430).
cost(12, 6, 762938).
cost(12, 7, 811080).
cost(12, 8, 938177).
cost(12, 9, 873950).
cost(12, 10, 596380).
cost(12, 11, 502142).
cost(12, 13, 858503).
cost(12, 14, 454266).
cost(12, 15, 141310).
cost(12, 16, 619964).
cost(12, 17, 295975).
cost(12, 18, 156730).
cost(13, 1, 772126).
cost(13, 2, 226327).
cost(13, 3, 493684).
cost(13, 4, 501807).
cost(13, 5, 501508).
cost(13, 6, 136186).
cost(13, 7, 700068).
cost(13, 8, 279374).
cost(13, 9, 155677).
cost(13, 10, 634874).
cost(13, 11, 554958).
cost(13, 12, 858503).
cost(13, 14, 497972).
cost(13, 15, 884817).
cost(13, 16, 372758).
cost(13, 17, 587795).
cost(13, 18, 702223).
cost(14, 1, 454933).
cost(14, 2, 496515).
cost(14, 3, 260413).
cost(14, 4, 206454).
cost(14, 5, 196819).
cost(14, 6, 460913).
cost(14, 7, 831296).
cost(14, 8, 688693).
cost(14, 9, 581030).
cost(14, 10, 235149).
cost(14, 11, 513603).
cost(14, 12, 454266).
cost(14, 13, 497972).
cost(14, 15, 544386).
cost(14, 16, 170384).
cost(14, 17, 165318).
cost(14, 18, 329664).
cost(15, 1, 112928).
cost(15, 2, 735499).
cost(15, 3, 802134).
cost(15, 4, 399264).
cost(15, 5, 735751).
cost(15, 6, 774108).
cost(15, 7, 721428).
cost(15, 8, 921637).
cost(15, 9, 875192).
cost(15, 10, 715288).
cost(15, 11, 444511).
cost(15, 12, 141310).
cost(15, 13, 884817).
cost(15, 14, 544386).
cost(15, 16, 699041).
cost(15, 17, 379096).
cost(15, 18, 215026).
cost(16, 1, 600800).
cost(16, 2, 442453).
cost(16, 3, 164978).
cost(16, 4, 317850).
cost(16, 5, 140017).
cost(16, 6, 378436).
cost(16, 7, 856452).
cost(16, 8, 608964).
cost(16, 9, 488197).
cost(16, 10, 264488).
cost(16, 11, 573961).
cost(16, 12, 619964).
cost(16, 13, 372758).
cost(16, 14, 170384).
cost(16, 15, 699041).
cost(16, 17, 324856).
cost(16, 18, 484878).
cost(17, 1, 291585).
cost(17, 2, 520368).
cost(17, 3, 424455).
cost(17, 4, 121679).
cost(17, 5, 359107).
cost(17, 6, 514743).
cost(17, 7, 756984).
cost(17, 8, 722571).
cost(17, 9, 634161).
cost(17, 10, 363489).
cost(17, 11, 423166).
cost(17, 12, 295975).
cost(17, 13, 587795).
cost(17, 14, 165318).
cost(17, 15, 379096).
cost(17, 16, 324856).
cost(17, 18, 164370).
cost(18, 1, 132511).
cost(18, 2, 587544).
cost(18, 3, 588505).
cost(18, 4, 200975).
cost(18, 5, 522697).
cost(18, 6, 606469).
cost(18, 7, 710207).
cost(18, 8, 786429).
cost(18, 9, 718385).
cost(18, 10, 513894).
cost(18, 11, 382149).
cost(18, 12, 156730).
cost(18, 13, 702223).
cost(18, 14, 329664).
cost(18, 15, 215026).
cost(18, 16, 484878).
cost(18, 17, 164370).
