dimension(18).
point(1, 371364.0, 443118.0).
point(2, 171671.0, 345301.0).
point(3, 99586.0, 771556.0).
point(4, 32214.0, 161926.0).
point(5, 188662.0, 593595.0).
point(6, 732409.0, 228764.0).
point(7, 58183.0, 308248.0).
point(8, 382273.0, 746675.0).
point(9, 33352.0, 343672.0).
point(10, 179180.0, 244950.0).
point(11, 588255.0, 882293.0).
point(12, 78302.0, 6434.0).
point(13, 598956.0, 508593.0).
point(14, 423453.0, 182721.0).
point(15, 694380.0, 43806.0).
point(16, 895042.0, 736213.0).
point(17, 967108.0, 374497.0).
point(18, 523941.0, 900936.0).
cost(1, 2, 222363).
cost(1, 3, 426304).
cost(1, 4, 440558).
cost(1, 5, 236693).
cost(1, 6, 419882).
cost(1, 7, 340987).
cost(1, 8, 303753).
cost(1, 9, 352337).
cost(1, 10, 276053).
cost(1, 11, 489813).
cost(1, 12, 525907).
cost(1, 13, 236823).
cost(1, 14, 265556).
cost(1, 15, 513604).
cost(1, 16, 600119).
cost(1, 17, 599683).
cost(1, 18, 482573).
cost(2, 1, 222363).
cost(2, 3, 432307).
cost(2, 4, 230379).
cost(2, 5, 248875).
cost(2, 6, 572720).
cost(2, 7, 119384).
cost(2, 8, 453271).
cost(2, 9, 138329).
cost(2, 10, 100632).
cost(2, 11, 679634).
cost(2, 12, 351495).
cost(2, 13, 457424).
cost(2, 14, 299711).
cost(2, 15, 603427).
cost(2, 16, 822240).
cost(2, 17, 795973).
cost(2, 18, 657894).
cost(3, 1, 426304).
cost(3, 2, 432307).
cost(3, 4, 613341).
cost(3, 5, 199009).
cost(3, 6, 833719).
cost(3, 7, 465154).
cost(3, 8, 283780).
cost(3, 9, 432980).
cost(3, 10, 532587).
cost(3, 11, 501059).
cost(3, 12, 765418).
cost(3, 13, 564376).
cost(3, 14, 672024).
cost(3, 15, 939894).
cost(3, 16, 796241).
cost(3, 17, 954070).
cost(3, 18, 443640).
cost(4, 1, 440558).
cost(4, 2, 230379).
cost(4, 3, 613341).
cost(4, 5, 459145).
cost(4, 6, 703378).
cost(4, 7, 148609).
cost(4, 8, 681522).
cost(4, 9, 181750).
cost(4, 10, 168796).
cost(4, 11, 910006).
cost(4, 12, 162178).
cost(4, 13, 664360).
cost(4, 14, 391791).
cost(4, 15, 672619).
cost(4, 16, 1036474).
cost(4, 17, 958756).
cost(4, 18, 887655).
cost(5, 1, 236693).
cost(5, 2, 248875).
cost(5, 3, 199009).
cost(5, 4, 459145).
cost(5, 6, 654800).
cost(5, 7, 313764).
cost(5, 8, 246817).
cost(5, 9, 294249).
cost(5, 10, 348774).
cost(5, 11, 492972).
cost(5, 12, 597442).
cost(5, 13, 419007).
cost(5, 14, 473227).
cost(5, 15, 747006).
cost(5, 16, 720633).
cost(5, 17, 808692).
cost(5, 18, 454830).
cost(6, 1, 419882).
cost(6, 2, 572720).
cost(6, 3, 833719).
cost(6, 4, 703378).
cost(6, 5, 654800).
cost(6, 7, 678895).
cost(6, 8, 625162).
cost(6, 9, 708438).
cost(6, 10, 553466).
cost(6, 11, 669239).
cost(6, 12, 690859).
cost(6, 13, 310023).
cost(6, 14, 312368).
cost(6, 15, 188827).
cost(6, 16, 532873).
cost(6, 17, 276264).
cost(6, 18, 703757).
cost(7, 1, 340987).
cost(7, 2, 119384).
cost(7, 3, 465154).
cost(7, 4, 148609).
cost(7, 5, 313764).
cost(7, 6, 678895).
cost(7, 8, 545209).
cost(7, 9, 43260).
cost(7, 10, 136554).
cost(7, 11, 781348).
cost(7, 12, 302484).
cost(7, 13, 576692).
cost(7, 14, 386237).
cost(7, 15, 688967).
cost(7, 16, 939940).
cost(7, 17, 911336).
cost(7, 18, 753797).
cost(8, 1, 303753).
cost(8, 2, 453271).
cost(8, 3, 283780).
cost(8, 4, 681522).
cost(8, 5, 246817).
cost(8, 6, 625162).
cost(8, 7, 545209).
cost(8, 9, 533064).
cost(8, 10, 541271).
cost(8, 11, 246619).
cost(8, 12, 800222).
cost(8, 13, 321923).
cost(8, 14, 565455).
cost(8, 15, 769049).
cost(8, 16, 512876).
cost(8, 17, 693216).
cost(8, 18, 209443).
cost(9, 1, 352337).
cost(9, 2, 138329).
cost(9, 3, 432980).
cost(9, 4, 181750).
cost(9, 5, 294249).
cost(9, 6, 708438).
cost(9, 7, 43260).
cost(9, 8, 533064).
cost(9, 10, 176102).
cost(9, 11, 773324).
cost(9, 12, 340220).
cost(9, 13, 589158).
cost(9, 14, 422000).
cost(9, 15, 725863).
cost(9, 16, 946889).
cost(9, 17, 934265).
cost(9, 18, 742442).
cost(10, 1, 276053).
cost(10, 2, 100632).
cost(10, 3, 532587).
cost(10, 4, 168796).
cost(10, 5, 348774).
cost(10, 6, 553466).
cost(10, 7, 136554).
cost(10, 8, 541271).
cost(10, 9, 176102).
cost(10, 11, 757330).
cost(10, 12, 258972).
cost(10, 13, 495701).
cost(10, 14, 252075).
cost(10, 15, 553073).
cost(10, 16, 868215).
cost(10, 17, 798507).
cost(10, 18, 741065).
cost(11, 1, 489813).
cost(11, 2, 679634).
cost(11, 3, 501059).
cost(11, 4, 910006).
cost(11, 5, 492972).
cost(11, 6, 669239).
cost(11, 7, 781348).
cost(11, 8, 246619).
cost(11, 9, 773324).
cost(11, 10, 757330).
cost(11, 12, 1013499).
cost(11, 13, 373853).
cost(11, 14, 718722).
cost(11, 15, 845176).
cost(11, 16, 339791).
cost(11, 17, 633551).
cost(11, 18, 66962).
cost(12, 1, 525907).
cost(12, 2, 351495).
cost(12, 3, 765418).
cost(12, 4, 162178).
cost(12, 5, 597442).
cost(12, 6, 690859).
cost(12, 7, 302484).
cost(12, 8, 800222).
cost(12, 9, 340220).
cost(12, 10, 258972).
cost(12, 11, 1013499).
cost(12, 13, 723356).
cost(12, 14, 387565).
cost(12, 15, 617210).
cost(12, 16, 1095282).
cost(12, 17, 962001).
cost(12, 18, 999364).
cost(13, 1, 236823).
cost(13, 2, 457424).
cost(13, 3, 564376).
cost(13, 4, 664360).
cost(13, 5, 419007).
cost(13, 6, 310023).
cost(13, 7, 576692).
cost(13, 8, 321923).
cost(13, 9, 589158).
cost(13, 10, 495701).
cost(13, 11, 373853).
cost(13, 12, 723356).
cost(13, 14, 370127).
cost(13, 15, 474482).
cost(13, 16, 373467).
cost(13, 17, 391813).
cost(13, 18, 399450).
cost(14, 1, 265556).
cost(14, 2, 299711).
cost(14, 3, 672024).
cost(14, 4, 391791).
cost(14, 5, 473227).
cost(14, 6, 312368).
cost(14, 7, 386237).
cost(14, 8, 565455).
cost(14, 9, 422000).
cost(14, 10, 252075).
cost(14, 11, 718722).
cost(14, 12, 387565).
cost(14, 13, 370127).
cost(14, 15, 304465).
cost(14, 16, 727152).
cost(14, 17, 576488).
cost(14, 18, 725211).
cost(15, 1, 513604).
cost(15, 2, 603427).
cost(15, 3, 939894).
cost(15, 4, 672619).
cost(15, 5, 747006).
cost(15, 6, 188827).
cost(15, 7, 688967).
cost(15, 8, 769049).
cost(15, 9, 725863).
cost(15, 10, 553073).
cost(15, 11, 845176).
cost(15, 12, 617210).
cost(15, 13, 474482).
cost(15, 14, 304465).
cost(15, 16, 720897).
cost(15, 17, 428646).
cost(15, 18, 873911).
cost(16, 1, 600119).
cost(16, 2, 822240).
cost(16, 3, 796241).
cost(16, 4, 1036474).
cost(16, 5, 720633).
cost(16, 6, 532873).
cost(16, 7, 939940).
cost(16, 8, 512876).
cost(16, 9, 946889).
cost(16, 10, 868215).
cost(16, 11, 339791).
cost(16, 12, 1095282).
cost(16, 13, 373467).
cost(16, 14, 727152).
cost(16, 15, 720897).
cost(16, 17, 368825).
cost(16, 18, 406017).
cost(17, 1, 599683).
cost(17, 2, 795973).
cost(17, 3, 954070).
cost(17, 4, 958756).
cost(17, 5, 808692).
cost(17, 6, 276264).
cost(17, 7, 911336).
cost(17, 8, 693216).
cost(17, 9, 934265).
cost(17, 10, 798507).
cost(17, 11, 633551).
cost(17, 12, 962001).
cost(17, 13, 391813).
cost(17, 14, 576488).
cost(17, 15, 428646).
cost(17, 16, 368825).
cost(17, 18, 688139).
cost(18, 1, 482573).
cost(18, 2, 657894).
cost(18, 3, 443640).
cost(18, 4, 887655).
cost(18, 5, 454830).
cost(18, 6, 703757).
cost(18, 7, 753797).
cost(18, 8, 209443).
cost(18, 9, 742442).
cost(18, 10, 741065).
cost(18, 11, 66962).
cost(18, 12, 999364).
cost(18, 13, 399450).
cost(18, 14, 725211).
cost(18, 15, 873911).
cost(18, 16, 406017).
cost(18, 17, 688139).
