dimension(28).
point(1, 32.5608848473, 48.45085513).
point(2, 32.0299280506, 21.6501194257).
point(3, 25.8412406745, 31.2482957899).
point(4, 21.6912195558, 44.4014953563).
point(5, 31.1250420172, 40.8887448385).
point(6, 75.4586952699, 48.9872252962).
point(7, 63.7195922224, 54.5045660396).
point(8, 60.3064987222, 59.1017389775).
point(9, 71.9219809963, 50.5150681254).
point(10, 82.1461036564, 52.4452023217).
point(11, 10.5405311317, 73.6449425313).
point(12, 12.0750038405, 63.7569309728).
point(13, 16.3734340333, 79.1176787963).
point(14, 3.3443739344, 84.6485382034).
point(15, 22.0212030656, 63.5706456839).
point(16, 92.373706494, 81.6916092588).
point(17, 95.6384079797, 95.0408592897).
point(18, 98.9334139796, 91.9124645346).
point(19, 97.9298363626, 85.7457106328).
point(20, 97.2514657893, 89.5520456513).
point(21, 49.5323802292, 4.9432650625).
point(22, 54.5996245282, 4.2130931633).
point(23, 47.9778610108, 0.9178131303).
point(24, 53.2896715337, 0.3637257291).
point(25, 47.2042885905, 0.6436606314).
point(26, 44.1172110661, 12.027349504).
point(27, 46.0042346078, 8.8928372688).
point(28, 52.346767587, 14.7123297047).
cost(1, 2, 27).
cost(1, 3, 18).
cost(1, 4, 12).
cost(1, 5, 8).
cost(1, 6, 43).
cost(1, 7, 32).
cost(1, 8, 30).
cost(1, 9, 39).
cost(1, 10, 50).
cost(1, 11, 33).
cost(1, 12, 26).
cost(1, 13, 35).
cost(1, 14, 47).
cost(1, 15, 18).
cost(1, 16, 68).
cost(1, 17, 78).
cost(1, 18, 79).
cost(1, 19, 75).
cost(1, 20, 77).
cost(1, 21, 47).
cost(1, 22, 49).
cost(1, 23, 50).
cost(1, 24, 52).
cost(1, 25, 50).
cost(1, 26, 38).
cost(1, 27, 42).
cost(1, 28, 39).
cost(2, 1, 27).
cost(2, 3, 11).
cost(2, 4, 25).
cost(2, 5, 19).
cost(2, 6, 51).
cost(2, 7, 46).
cost(2, 8, 47).
cost(2, 9, 49).
cost(2, 10, 59).
cost(2, 11, 56).
cost(2, 12, 47).
cost(2, 13, 60).
cost(2, 14, 69).
cost(2, 15, 43).
cost(2, 16, 85).
cost(2, 17, 97).
cost(2, 18, 97).
cost(2, 19, 92).
cost(2, 20, 94).
cost(2, 21, 24).
cost(2, 22, 29).
cost(2, 23, 26).
cost(2, 24, 30).
cost(2, 25, 26).
cost(2, 26, 15).
cost(2, 27, 19).
cost(2, 28, 21).
cost(3, 1, 18).
cost(3, 2, 11).
cost(3, 4, 14).
cost(3, 5, 11).
cost(3, 6, 53).
cost(3, 7, 44).
cost(3, 8, 44).
cost(3, 9, 50).
cost(3, 10, 60).
cost(3, 11, 45).
cost(3, 12, 35).
cost(3, 13, 49).
cost(3, 14, 58).
cost(3, 15, 33).
cost(3, 16, 83).
cost(3, 17, 95).
cost(3, 18, 95).
cost(3, 19, 90).
cost(3, 20, 92).
cost(3, 21, 35).
cost(3, 22, 39).
cost(3, 23, 38).
cost(3, 24, 41).
cost(3, 25, 37).
cost(3, 26, 27).
cost(3, 27, 30).
cost(3, 28, 31).
cost(4, 1, 12).
cost(4, 2, 25).
cost(4, 3, 14).
cost(4, 5, 10).
cost(4, 6, 54).
cost(4, 7, 43).
cost(4, 8, 41).
cost(4, 9, 51).
cost(4, 10, 61).
cost(4, 11, 31).
cost(4, 12, 22).
cost(4, 13, 35).
cost(4, 14, 44).
cost(4, 15, 19).
cost(4, 16, 80).
cost(4, 17, 90).
cost(4, 18, 91).
cost(4, 19, 87).
cost(4, 20, 88).
cost(4, 21, 48).
cost(4, 22, 52).
cost(4, 23, 51).
cost(4, 24, 54).
cost(4, 25, 51).
cost(4, 26, 39).
cost(4, 27, 43).
cost(4, 28, 43).
cost(5, 1, 8).
cost(5, 2, 19).
cost(5, 3, 11).
cost(5, 4, 10).
cost(5, 6, 45).
cost(5, 7, 35).
cost(5, 8, 34).
cost(5, 9, 42).
cost(5, 10, 52).
cost(5, 11, 39).
cost(5, 12, 30).
cost(5, 13, 41).
cost(5, 14, 52).
cost(5, 15, 24).
cost(5, 16, 74).
cost(5, 17, 84).
cost(5, 18, 85).
cost(5, 19, 80).
cost(5, 20, 82).
cost(5, 21, 40).
cost(5, 22, 44).
cost(5, 23, 43).
cost(5, 24, 46).
cost(5, 25, 43).
cost(5, 26, 32).
cost(5, 27, 35).
cost(5, 28, 34).
cost(6, 1, 43).
cost(6, 2, 51).
cost(6, 3, 53).
cost(6, 4, 54).
cost(6, 5, 45).
cost(6, 7, 13).
cost(6, 8, 18).
cost(6, 9, 4).
cost(6, 10, 8).
cost(6, 11, 69).
cost(6, 12, 65).
cost(6, 13, 66).
cost(6, 14, 80).
cost(6, 15, 55).
cost(6, 16, 37).
cost(6, 17, 50).
cost(6, 18, 49).
cost(6, 19, 43).
cost(6, 20, 46).
cost(6, 21, 51).
cost(6, 22, 49).
cost(6, 23, 55).
cost(6, 24, 53).
cost(6, 25, 56).
cost(6, 26, 48).
cost(6, 27, 50).
cost(6, 28, 41).
cost(7, 1, 32).
cost(7, 2, 46).
cost(7, 3, 44).
cost(7, 4, 43).
cost(7, 5, 35).
cost(7, 6, 13).
cost(7, 8, 6).
cost(7, 9, 9).
cost(7, 10, 19).
cost(7, 11, 57).
cost(7, 12, 52).
cost(7, 13, 53).
cost(7, 14, 67).
cost(7, 15, 43).
cost(7, 16, 39).
cost(7, 17, 52).
cost(7, 18, 51).
cost(7, 19, 46).
cost(7, 20, 49).
cost(7, 21, 52).
cost(7, 22, 51).
cost(7, 23, 56).
cost(7, 24, 55).
cost(7, 25, 56).
cost(7, 26, 47).
cost(7, 27, 49).
cost(7, 28, 41).
cost(8, 1, 30).
cost(8, 2, 47).
cost(8, 3, 44).
cost(8, 4, 41).
cost(8, 5, 34).
cost(8, 6, 18).
cost(8, 7, 6).
cost(8, 9, 14).
cost(8, 10, 23).
cost(8, 11, 52).
cost(8, 12, 48).
cost(8, 13, 48).
cost(8, 14, 62).
cost(8, 15, 39).
cost(8, 16, 39).
cost(8, 17, 50).
cost(8, 18, 51).
cost(8, 19, 46).
cost(8, 20, 48).
cost(8, 21, 55).
cost(8, 22, 55).
cost(8, 23, 59).
cost(8, 24, 59).
cost(8, 25, 60).
cost(8, 26, 50).
cost(8, 27, 52).
cost(8, 28, 45).
cost(9, 1, 39).
cost(9, 2, 49).
cost(9, 3, 50).
cost(9, 4, 51).
cost(9, 5, 42).
cost(9, 6, 4).
cost(9, 7, 9).
cost(9, 8, 14).
cost(9, 10, 10).
cost(9, 11, 66).
cost(9, 12, 61).
cost(9, 13, 62).
cost(9, 14, 77).
cost(9, 15, 52).
cost(9, 16, 37).
cost(9, 17, 50).
cost(9, 18, 49).
cost(9, 19, 44).
cost(9, 20, 47).
cost(9, 21, 51).
cost(9, 22, 49).
cost(9, 23, 55).
cost(9, 24, 54).
cost(9, 25, 56).
cost(9, 26, 47).
cost(9, 27, 49).
cost(9, 28, 41).
cost(10, 1, 50).
cost(10, 2, 59).
cost(10, 3, 60).
cost(10, 4, 61).
cost(10, 5, 52).
cost(10, 6, 8).
cost(10, 7, 19).
cost(10, 8, 23).
cost(10, 9, 10).
cost(10, 11, 75).
cost(10, 12, 71).
cost(10, 13, 71).
cost(10, 14, 85).
cost(10, 15, 61).
cost(10, 16, 31).
cost(10, 17, 45).
cost(10, 18, 43).
cost(10, 19, 37).
cost(10, 20, 40).
cost(10, 21, 58).
cost(10, 22, 56).
cost(10, 23, 62).
cost(10, 24, 60).
cost(10, 25, 62).
cost(10, 26, 55).
cost(10, 27, 57).
cost(10, 28, 48).
cost(11, 1, 33).
cost(11, 2, 56).
cost(11, 3, 45).
cost(11, 4, 31).
cost(11, 5, 39).
cost(11, 6, 69).
cost(11, 7, 57).
cost(11, 8, 52).
cost(11, 9, 66).
cost(11, 10, 75).
cost(11, 12, 10).
cost(11, 13, 8).
cost(11, 14, 13).
cost(11, 15, 15).
cost(11, 16, 82).
cost(11, 17, 88).
cost(11, 18, 90).
cost(11, 19, 88).
cost(11, 20, 88).
cost(11, 21, 79).
cost(11, 22, 82).
cost(11, 23, 82).
cost(11, 24, 85).
cost(11, 25, 82).
cost(11, 26, 70).
cost(11, 27, 74).
cost(11, 28, 72).
cost(12, 1, 26).
cost(12, 2, 47).
cost(12, 3, 35).
cost(12, 4, 22).
cost(12, 5, 30).
cost(12, 6, 65).
cost(12, 7, 52).
cost(12, 8, 48).
cost(12, 9, 61).
cost(12, 10, 71).
cost(12, 11, 10).
cost(12, 13, 16).
cost(12, 14, 23).
cost(12, 15, 10).
cost(12, 16, 82).
cost(12, 17, 89).
cost(12, 18, 91).
cost(12, 19, 89).
cost(12, 20, 89).
cost(12, 21, 70).
cost(12, 22, 73).
cost(12, 23, 72).
cost(12, 24, 76).
cost(12, 25, 72).
cost(12, 26, 61).
cost(12, 27, 65).
cost(12, 28, 63).
cost(13, 1, 35).
cost(13, 2, 60).
cost(13, 3, 49).
cost(13, 4, 35).
cost(13, 5, 41).
cost(13, 6, 66).
cost(13, 7, 53).
cost(13, 8, 48).
cost(13, 9, 62).
cost(13, 10, 71).
cost(13, 11, 8).
cost(13, 12, 16).
cost(13, 14, 14).
cost(13, 15, 17).
cost(13, 16, 76).
cost(13, 17, 81).
cost(13, 18, 84).
cost(13, 19, 82).
cost(13, 20, 82).
cost(13, 21, 81).
cost(13, 22, 84).
cost(13, 23, 84).
cost(13, 24, 87).
cost(13, 25, 84).
cost(13, 26, 73).
cost(13, 27, 76).
cost(13, 28, 74).
cost(14, 1, 47).
cost(14, 2, 69).
cost(14, 3, 58).
cost(14, 4, 44).
cost(14, 5, 52).
cost(14, 6, 80).
cost(14, 7, 67).
cost(14, 8, 62).
cost(14, 9, 77).
cost(14, 10, 85).
cost(14, 11, 13).
cost(14, 12, 23).
cost(14, 13, 14).
cost(14, 15, 28).
cost(14, 16, 89).
cost(14, 17, 93).
cost(14, 18, 96).
cost(14, 19, 95).
cost(14, 20, 94).
cost(14, 21, 92).
cost(14, 22, 95).
cost(14, 23, 95).
cost(14, 24, 98).
cost(14, 25, 95).
cost(14, 26, 83).
cost(14, 27, 87).
cost(14, 28, 85).
cost(15, 1, 18).
cost(15, 2, 43).
cost(15, 3, 33).
cost(15, 4, 19).
cost(15, 5, 24).
cost(15, 6, 55).
cost(15, 7, 43).
cost(15, 8, 39).
cost(15, 9, 52).
cost(15, 10, 61).
cost(15, 11, 15).
cost(15, 12, 10).
cost(15, 13, 17).
cost(15, 14, 28).
cost(15, 16, 73).
cost(15, 17, 80).
cost(15, 18, 82).
cost(15, 19, 79).
cost(15, 20, 80).
cost(15, 21, 65).
cost(15, 22, 68).
cost(15, 23, 68).
cost(15, 24, 71).
cost(15, 25, 68).
cost(15, 26, 56).
cost(15, 27, 60).
cost(15, 28, 58).
cost(16, 1, 68).
cost(16, 2, 85).
cost(16, 3, 83).
cost(16, 4, 80).
cost(16, 5, 74).
cost(16, 6, 37).
cost(16, 7, 39).
cost(16, 8, 39).
cost(16, 9, 37).
cost(16, 10, 31).
cost(16, 11, 82).
cost(16, 12, 82).
cost(16, 13, 76).
cost(16, 14, 89).
cost(16, 15, 73).
cost(16, 17, 14).
cost(16, 18, 12).
cost(16, 19, 7).
cost(16, 20, 9).
cost(16, 21, 88).
cost(16, 22, 86).
cost(16, 23, 92).
cost(16, 24, 90).
cost(16, 25, 93).
cost(16, 26, 85).
cost(16, 27, 86).
cost(16, 28, 78).
cost(17, 1, 78).
cost(17, 2, 97).
cost(17, 3, 95).
cost(17, 4, 90).
cost(17, 5, 84).
cost(17, 6, 50).
cost(17, 7, 52).
cost(17, 8, 50).
cost(17, 9, 50).
cost(17, 10, 45).
cost(17, 11, 88).
cost(17, 12, 89).
cost(17, 13, 81).
cost(17, 14, 93).
cost(17, 15, 80).
cost(17, 16, 14).
cost(17, 18, 5).
cost(17, 19, 10).
cost(17, 20, 6).
cost(17, 21, 101).
cost(17, 22, 100).
cost(17, 23, 106).
cost(17, 24, 104).
cost(17, 25, 106).
cost(17, 26, 98).
cost(17, 27, 99).
cost(17, 28, 91).
cost(18, 1, 79).
cost(18, 2, 97).
cost(18, 3, 95).
cost(18, 4, 91).
cost(18, 5, 85).
cost(18, 6, 49).
cost(18, 7, 51).
cost(18, 8, 51).
cost(18, 9, 49).
cost(18, 10, 43).
cost(18, 11, 90).
cost(18, 12, 91).
cost(18, 13, 84).
cost(18, 14, 96).
cost(18, 15, 82).
cost(18, 16, 12).
cost(18, 17, 5).
cost(18, 19, 6).
cost(18, 20, 3).
cost(18, 21, 100).
cost(18, 22, 98).
cost(18, 23, 104).
cost(18, 24, 102).
cost(18, 25, 105).
cost(18, 26, 97).
cost(18, 27, 98).
cost(18, 28, 90).
cost(19, 1, 75).
cost(19, 2, 92).
cost(19, 3, 90).
cost(19, 4, 87).
cost(19, 5, 80).
cost(19, 6, 43).
cost(19, 7, 46).
cost(19, 8, 46).
cost(19, 9, 44).
cost(19, 10, 37).
cost(19, 11, 88).
cost(19, 12, 89).
cost(19, 13, 82).
cost(19, 14, 95).
cost(19, 15, 79).
cost(19, 16, 7).
cost(19, 17, 10).
cost(19, 18, 6).
cost(19, 20, 4).
cost(19, 21, 94).
cost(19, 22, 92).
cost(19, 23, 98).
cost(19, 24, 96).
cost(19, 25, 99).
cost(19, 26, 91).
cost(19, 27, 93).
cost(19, 28, 84).
cost(20, 1, 77).
cost(20, 2, 94).
cost(20, 3, 92).
cost(20, 4, 88).
cost(20, 5, 82).
cost(20, 6, 46).
cost(20, 7, 49).
cost(20, 8, 48).
cost(20, 9, 47).
cost(20, 10, 40).
cost(20, 11, 88).
cost(20, 12, 89).
cost(20, 13, 82).
cost(20, 14, 94).
cost(20, 15, 80).
cost(20, 16, 9).
cost(20, 17, 6).
cost(20, 18, 3).
cost(20, 19, 4).
cost(20, 21, 97).
cost(20, 22, 95).
cost(20, 23, 101).
cost(20, 24, 99).
cost(20, 25, 102).
cost(20, 26, 94).
cost(20, 27, 96).
cost(20, 28, 87).
cost(21, 1, 47).
cost(21, 2, 24).
cost(21, 3, 35).
cost(21, 4, 48).
cost(21, 5, 40).
cost(21, 6, 51).
cost(21, 7, 52).
cost(21, 8, 55).
cost(21, 9, 51).
cost(21, 10, 58).
cost(21, 11, 79).
cost(21, 12, 70).
cost(21, 13, 81).
cost(21, 14, 92).
cost(21, 15, 65).
cost(21, 16, 88).
cost(21, 17, 101).
cost(21, 18, 100).
cost(21, 19, 94).
cost(21, 20, 97).
cost(21, 22, 5).
cost(21, 23, 4).
cost(21, 24, 6).
cost(21, 25, 5).
cost(21, 26, 9).
cost(21, 27, 5).
cost(21, 28, 10).
cost(22, 1, 49).
cost(22, 2, 29).
cost(22, 3, 39).
cost(22, 4, 52).
cost(22, 5, 44).
cost(22, 6, 49).
cost(22, 7, 51).
cost(22, 8, 55).
cost(22, 9, 49).
cost(22, 10, 56).
cost(22, 11, 82).
cost(22, 12, 73).
cost(22, 13, 84).
cost(22, 14, 95).
cost(22, 15, 68).
cost(22, 16, 86).
cost(22, 17, 100).
cost(22, 18, 98).
cost(22, 19, 92).
cost(22, 20, 95).
cost(22, 21, 5).
cost(22, 23, 7).
cost(22, 24, 4).
cost(22, 25, 8).
cost(22, 26, 13).
cost(22, 27, 10).
cost(22, 28, 11).
cost(23, 1, 50).
cost(23, 2, 26).
cost(23, 3, 38).
cost(23, 4, 51).
cost(23, 5, 43).
cost(23, 6, 55).
cost(23, 7, 56).
cost(23, 8, 59).
cost(23, 9, 55).
cost(23, 10, 62).
cost(23, 11, 82).
cost(23, 12, 72).
cost(23, 13, 84).
cost(23, 14, 95).
cost(23, 15, 68).
cost(23, 16, 92).
cost(23, 17, 106).
cost(23, 18, 104).
cost(23, 19, 98).
cost(23, 20, 101).
cost(23, 21, 4).
cost(23, 22, 7).
cost(23, 24, 5).
cost(23, 25, 1).
cost(23, 26, 12).
cost(23, 27, 8).
cost(23, 28, 14).
cost(24, 1, 52).
cost(24, 2, 30).
cost(24, 3, 41).
cost(24, 4, 54).
cost(24, 5, 46).
cost(24, 6, 53).
cost(24, 7, 55).
cost(24, 8, 59).
cost(24, 9, 54).
cost(24, 10, 60).
cost(24, 11, 85).
cost(24, 12, 76).
cost(24, 13, 87).
cost(24, 14, 98).
cost(24, 15, 71).
cost(24, 16, 90).
cost(24, 17, 104).
cost(24, 18, 102).
cost(24, 19, 96).
cost(24, 20, 99).
cost(24, 21, 6).
cost(24, 22, 4).
cost(24, 23, 5).
cost(24, 25, 6).
cost(24, 26, 15).
cost(24, 27, 11).
cost(24, 28, 14).
cost(25, 1, 50).
cost(25, 2, 26).
cost(25, 3, 37).
cost(25, 4, 51).
cost(25, 5, 43).
cost(25, 6, 56).
cost(25, 7, 56).
cost(25, 8, 60).
cost(25, 9, 56).
cost(25, 10, 62).
cost(25, 11, 82).
cost(25, 12, 72).
cost(25, 13, 84).
cost(25, 14, 95).
cost(25, 15, 68).
cost(25, 16, 93).
cost(25, 17, 106).
cost(25, 18, 105).
cost(25, 19, 99).
cost(25, 20, 102).
cost(25, 21, 5).
cost(25, 22, 8).
cost(25, 23, 1).
cost(25, 24, 6).
cost(25, 26, 12).
cost(25, 27, 8).
cost(25, 28, 15).
cost(26, 1, 38).
cost(26, 2, 15).
cost(26, 3, 27).
cost(26, 4, 39).
cost(26, 5, 32).
cost(26, 6, 48).
cost(26, 7, 47).
cost(26, 8, 50).
cost(26, 9, 47).
cost(26, 10, 55).
cost(26, 11, 70).
cost(26, 12, 61).
cost(26, 13, 73).
cost(26, 14, 83).
cost(26, 15, 56).
cost(26, 16, 85).
cost(26, 17, 98).
cost(26, 18, 97).
cost(26, 19, 91).
cost(26, 20, 94).
cost(26, 21, 9).
cost(26, 22, 13).
cost(26, 23, 12).
cost(26, 24, 15).
cost(26, 25, 12).
cost(26, 27, 4).
cost(26, 28, 9).
cost(27, 1, 42).
cost(27, 2, 19).
cost(27, 3, 30).
cost(27, 4, 43).
cost(27, 5, 35).
cost(27, 6, 50).
cost(27, 7, 49).
cost(27, 8, 52).
cost(27, 9, 49).
cost(27, 10, 57).
cost(27, 11, 74).
cost(27, 12, 65).
cost(27, 13, 76).
cost(27, 14, 87).
cost(27, 15, 60).
cost(27, 16, 86).
cost(27, 17, 99).
cost(27, 18, 98).
cost(27, 19, 93).
cost(27, 20, 96).
cost(27, 21, 5).
cost(27, 22, 10).
cost(27, 23, 8).
cost(27, 24, 11).
cost(27, 25, 8).
cost(27, 26, 4).
cost(27, 28, 9).
cost(28, 1, 39).
cost(28, 2, 21).
cost(28, 3, 31).
cost(28, 4, 43).
cost(28, 5, 34).
cost(28, 6, 41).
cost(28, 7, 41).
cost(28, 8, 45).
cost(28, 9, 41).
cost(28, 10, 48).
cost(28, 11, 72).
cost(28, 12, 63).
cost(28, 13, 74).
cost(28, 14, 85).
cost(28, 15, 58).
cost(28, 16, 78).
cost(28, 17, 91).
cost(28, 18, 90).
cost(28, 19, 84).
cost(28, 20, 87).
cost(28, 21, 10).
cost(28, 22, 11).
cost(28, 23, 14).
cost(28, 24, 14).
cost(28, 25, 15).
cost(28, 26, 9).
cost(28, 27, 9).
nocross(1,2).
nocross(1,3).
nocross(1,4).
nocross(1,5).
nocross(1,6).
nocross(1,7).
nocross(1,8).
nocross(1,9).
nocross(1,11).
nocross(1,12).
nocross(1,13).
nocross(1,15).
nocross(1,26).
nocross(1,28).
nocross(2,1).
nocross(2,3).
nocross(2,4).
nocross(2,5).
nocross(2,6).
nocross(2,7).
nocross(2,8).
nocross(2,9).
nocross(2,11).
nocross(2,12).
nocross(2,15).
nocross(2,21).
nocross(2,22).
nocross(2,23).
nocross(2,25).
nocross(2,26).
nocross(2,27).
nocross(2,28).
nocross(3,1).
nocross(3,2).
nocross(3,4).
nocross(3,5).
nocross(3,7).
nocross(3,8).
nocross(3,9).
nocross(3,11).
nocross(3,12).
nocross(3,13).
nocross(3,15).
nocross(3,21).
nocross(3,22).
nocross(3,23).
nocross(3,26).
nocross(3,27).
nocross(3,28).
nocross(4,1).
nocross(4,2).
nocross(4,3).
nocross(4,5).
nocross(4,7).
nocross(4,8).
nocross(4,9).
nocross(4,11).
nocross(4,12).
nocross(4,13).
nocross(4,15).
nocross(4,21).
nocross(4,26).
nocross(4,27).
nocross(4,28).
nocross(5,1).
nocross(5,2).
nocross(5,3).
nocross(5,4).
nocross(5,6).
nocross(5,7).
nocross(5,8).
nocross(5,9).
nocross(5,11).
nocross(5,12).
nocross(5,13).
nocross(5,15).
nocross(5,21).
nocross(5,22).
nocross(5,23).
nocross(5,26).
nocross(5,27).
nocross(5,28).
nocross(6,7).
nocross(6,8).
nocross(6,9).
nocross(6,10).
nocross(6,16).
nocross(6,28).
nocross(7,1).
nocross(7,5).
nocross(7,6).
nocross(7,8).
nocross(7,9).
nocross(7,10).
nocross(7,13).
nocross(7,15).
nocross(7,16).
nocross(7,17).
nocross(7,19).
nocross(7,20).
nocross(7,28).
nocross(8,1).
nocross(8,4).
nocross(8,5).
nocross(8,6).
nocross(8,7).
nocross(8,9).
nocross(8,10).
nocross(8,13).
nocross(8,15).
nocross(8,16).
nocross(8,17).
nocross(8,28).
nocross(9,6).
nocross(9,7).
nocross(9,8).
nocross(9,10).
nocross(9,16).
nocross(9,28).
nocross(10,6).
nocross(10,7).
nocross(10,8).
nocross(10,9).
nocross(10,16).
nocross(10,18).
nocross(10,19).
nocross(10,20).
nocross(10,22).
nocross(10,28).
nocross(11,1).
nocross(11,3).
nocross(11,4).
nocross(11,5).
nocross(11,7).
nocross(11,8).
nocross(11,12).
nocross(11,13).
nocross(11,14).
nocross(11,15).
nocross(12,1).
nocross(12,2).
nocross(12,3).
nocross(12,4).
nocross(12,5).
nocross(12,7).
nocross(12,8).
nocross(12,11).
nocross(12,13).
nocross(12,14).
nocross(12,15).
nocross(13,1).
nocross(13,3).
nocross(13,4).
nocross(13,5).
nocross(13,7).
nocross(13,8).
nocross(13,11).
nocross(13,12).
nocross(13,14).
nocross(13,15).
nocross(14,1).
nocross(14,4).
nocross(14,5).
nocross(14,8).
nocross(14,11).
nocross(14,12).
nocross(14,13).
nocross(14,15).
nocross(15,1).
nocross(15,2).
nocross(15,3).
nocross(15,4).
nocross(15,5).
nocross(15,7).
nocross(15,8).
nocross(15,11).
nocross(15,12).
nocross(15,13).
nocross(15,14).
nocross(16,6).
nocross(16,7).
nocross(16,8).
nocross(16,9).
nocross(16,10).
nocross(16,17).
nocross(16,18).
nocross(16,19).
nocross(16,20).
nocross(17,6).
nocross(17,7).
nocross(17,8).
nocross(17,9).
nocross(17,10).
nocross(17,16).
nocross(17,18).
nocross(17,19).
nocross(17,20).
nocross(18,6).
nocross(18,7).
nocross(18,8).
nocross(18,9).
nocross(18,10).
nocross(18,16).
nocross(18,17).
nocross(18,19).
nocross(18,20).
nocross(19,6).
nocross(19,7).
nocross(19,8).
nocross(19,9).
nocross(19,10).
nocross(19,16).
nocross(19,17).
nocross(19,18).
nocross(19,20).
nocross(20,6).
nocross(20,7).
nocross(20,8).
nocross(20,9).
nocross(20,10).
nocross(20,16).
nocross(20,17).
nocross(20,18).
nocross(20,19).
nocross(21,1).
nocross(21,2).
nocross(21,3).
nocross(21,4).
nocross(21,5).
nocross(21,7).
nocross(21,9).
nocross(21,22).
nocross(21,23).
nocross(21,24).
nocross(21,25).
nocross(21,26).
nocross(21,27).
nocross(21,28).
nocross(22,1).
nocross(22,2).
nocross(22,3).
nocross(22,4).
nocross(22,5).
nocross(22,6).
nocross(22,7).
nocross(22,8).
nocross(22,9).
nocross(22,21).
nocross(22,23).
nocross(22,24).
nocross(22,25).
nocross(22,26).
nocross(22,27).
nocross(22,28).
nocross(23,1).
nocross(23,2).
nocross(23,3).
nocross(23,4).
nocross(23,5).
nocross(23,7).
nocross(23,9).
nocross(23,10).
nocross(23,21).
nocross(23,22).
nocross(23,24).
nocross(23,25).
nocross(23,26).
nocross(23,27).
nocross(23,28).
nocross(24,2).
nocross(24,3).
nocross(24,4).
nocross(24,5).
nocross(24,6).
nocross(24,7).
nocross(24,9).
nocross(24,10).
nocross(24,21).
nocross(24,22).
nocross(24,23).
nocross(24,25).
nocross(24,26).
nocross(24,27).
nocross(24,28).
nocross(25,2).
nocross(25,3).
nocross(25,4).
nocross(25,5).
nocross(25,6).
nocross(25,9).
nocross(25,10).
nocross(25,21).
nocross(25,22).
nocross(25,23).
nocross(25,24).
nocross(25,26).
nocross(25,27).
nocross(25,28).
nocross(26,1).
nocross(26,2).
nocross(26,3).
nocross(26,4).
nocross(26,5).
nocross(26,6).
nocross(26,7).
nocross(26,8).
nocross(26,9).
nocross(26,15).
nocross(26,21).
nocross(26,22).
nocross(26,23).
nocross(26,24).
nocross(26,25).
nocross(26,27).
nocross(26,28).
nocross(27,1).
nocross(27,2).
nocross(27,3).
nocross(27,4).
nocross(27,5).
nocross(27,6).
nocross(27,7).
nocross(27,8).
nocross(27,9).
nocross(27,15).
nocross(27,21).
nocross(27,22).
nocross(27,23).
nocross(27,24).
nocross(27,25).
nocross(27,26).
nocross(27,28).
nocross(28,1).
nocross(28,2).
nocross(28,3).
nocross(28,5).
nocross(28,6).
nocross(28,7).
nocross(28,8).
nocross(28,9).
nocross(28,21).
nocross(28,22).
nocross(28,23).
nocross(28,26).
nocross(28,27).
