dimension(28).
point(1, 14.1902744232, 74.7133898223).
point(2, 15.9263472244, 71.8255958068).
point(3, 9.9520227501, 62.0571821091).
point(4, 1.3045608925, 70.4488433693).
point(5, 15.4787659011, 68.190079988).
point(6, 49.8544300634, 67.4499629727).
point(7, 46.2829867836, 52.9540609861).
point(8, 39.4499048828, 50.4045765549).
point(9, 38.3303181231, 56.6800540995).
point(10, 47.1984133154, 54.0929721748).
point(11, 48.1085485258, 52.3317936856).
point(12, 60.2061055792, 57.3808985889).
point(13, 41.2900677527, 60.485854374).
point(14, 69.4789924305, 29.5420645227).
point(15, 78.0260303972, 32.271544389).
point(16, 81.0922025247, 40.6099427438).
point(17, 71.343109986, 32.115016445).
point(18, 74.3331289007, 32.6949471572).
point(19, 98.2429206918, 82.8213160165).
point(20, 93.643120617, 79.7454195835).
point(21, 99.2123905956, 81.542874512).
point(22, 84.3110323978, 75.5949919745).
point(23, 94.0591010287, 93.142438414).
point(24, 29.0496747404, 15.8868334909).
point(25, 18.8901871265, 23.9990549621).
point(26, 32.3581561479, 24.7297330382).
point(27, 18.3959099693, 14.3960398373).
point(28, 17.6848079318, 16.572584121).
cost(1, 2, 3).
cost(1, 3, 13).
cost(1, 4, 14).
cost(1, 5, 7).
cost(1, 6, 36).
cost(1, 7, 39).
cost(1, 8, 35).
cost(1, 9, 30).
cost(1, 10, 39).
cost(1, 11, 41).
cost(1, 12, 49).
cost(1, 13, 31).
cost(1, 14, 71).
cost(1, 15, 77).
cost(1, 16, 75).
cost(1, 17, 71).
cost(1, 18, 73).
cost(1, 19, 84).
cost(1, 20, 80).
cost(1, 21, 85).
cost(1, 22, 70).
cost(1, 23, 82).
cost(1, 24, 61).
cost(1, 25, 51).
cost(1, 26, 53).
cost(1, 27, 60).
cost(1, 28, 58).
cost(2, 1, 3).
cost(2, 3, 11).
cost(2, 4, 15).
cost(2, 5, 4).
cost(2, 6, 34).
cost(2, 7, 36).
cost(2, 8, 32).
cost(2, 9, 27).
cost(2, 10, 36).
cost(2, 11, 38).
cost(2, 12, 47).
cost(2, 13, 28).
cost(2, 14, 68).
cost(2, 15, 74).
cost(2, 16, 72).
cost(2, 17, 68).
cost(2, 18, 70).
cost(2, 19, 83).
cost(2, 20, 78).
cost(2, 21, 84).
cost(2, 22, 68).
cost(2, 23, 81).
cost(2, 24, 57).
cost(2, 25, 48).
cost(2, 26, 50).
cost(2, 27, 57).
cost(2, 28, 55).
cost(3, 1, 13).
cost(3, 2, 11).
cost(3, 4, 12).
cost(3, 5, 8).
cost(3, 6, 40).
cost(3, 7, 37).
cost(3, 8, 32).
cost(3, 9, 29).
cost(3, 10, 38).
cost(3, 11, 39).
cost(3, 12, 50).
cost(3, 13, 31).
cost(3, 14, 68).
cost(3, 15, 74).
cost(3, 16, 74).
cost(3, 17, 68).
cost(3, 18, 71).
cost(3, 19, 91).
cost(3, 20, 86).
cost(3, 21, 91).
cost(3, 22, 76).
cost(3, 23, 90).
cost(3, 24, 50).
cost(3, 25, 39).
cost(3, 26, 44).
cost(3, 27, 48).
cost(3, 28, 46).
cost(4, 1, 14).
cost(4, 2, 15).
cost(4, 3, 12).
cost(4, 5, 14).
cost(4, 6, 49).
cost(4, 7, 48).
cost(4, 8, 43).
cost(4, 9, 40).
cost(4, 10, 49).
cost(4, 11, 50).
cost(4, 12, 60).
cost(4, 13, 41).
cost(4, 14, 80).
cost(4, 15, 86).
cost(4, 16, 85).
cost(4, 17, 80).
cost(4, 18, 82).
cost(4, 19, 98).
cost(4, 20, 93).
cost(4, 21, 99).
cost(4, 22, 83).
cost(4, 23, 95).
cost(4, 24, 61).
cost(4, 25, 50).
cost(4, 26, 55).
cost(4, 27, 59).
cost(4, 28, 56).
cost(5, 1, 7).
cost(5, 2, 4).
cost(5, 3, 8).
cost(5, 4, 14).
cost(5, 6, 34).
cost(5, 7, 34).
cost(5, 8, 30).
cost(5, 9, 26).
cost(5, 10, 35).
cost(5, 11, 36).
cost(5, 12, 46).
cost(5, 13, 27).
cost(5, 14, 66).
cost(5, 15, 72).
cost(5, 16, 71).
cost(5, 17, 66).
cost(5, 18, 69).
cost(5, 19, 84).
cost(5, 20, 79).
cost(5, 21, 85).
cost(5, 22, 69).
cost(5, 23, 82).
cost(5, 24, 54).
cost(5, 25, 44).
cost(5, 26, 47).
cost(5, 27, 54).
cost(5, 28, 52).
cost(6, 1, 36).
cost(6, 2, 34).
cost(6, 3, 40).
cost(6, 4, 49).
cost(6, 5, 34).
cost(6, 7, 15).
cost(6, 8, 20).
cost(6, 9, 16).
cost(6, 10, 14).
cost(6, 11, 15).
cost(6, 12, 14).
cost(6, 13, 11).
cost(6, 14, 43).
cost(6, 15, 45).
cost(6, 16, 41).
cost(6, 17, 41).
cost(6, 18, 43).
cost(6, 19, 51).
cost(6, 20, 45).
cost(6, 21, 51).
cost(6, 22, 35).
cost(6, 23, 51).
cost(6, 24, 56).
cost(6, 25, 53).
cost(6, 26, 46).
cost(6, 27, 62).
cost(6, 28, 60).
cost(7, 1, 39).
cost(7, 2, 36).
cost(7, 3, 37).
cost(7, 4, 48).
cost(7, 5, 34).
cost(7, 6, 15).
cost(7, 8, 7).
cost(7, 9, 9).
cost(7, 10, 1).
cost(7, 11, 2).
cost(7, 12, 15).
cost(7, 13, 9).
cost(7, 14, 33).
cost(7, 15, 38).
cost(7, 16, 37).
cost(7, 17, 33).
cost(7, 18, 35).
cost(7, 19, 60).
cost(7, 20, 54).
cost(7, 21, 60).
cost(7, 22, 44).
cost(7, 23, 62).
cost(7, 24, 41).
cost(7, 25, 40).
cost(7, 26, 31).
cost(7, 27, 48).
cost(7, 28, 46).
cost(8, 1, 35).
cost(8, 2, 32).
cost(8, 3, 32).
cost(8, 4, 43).
cost(8, 5, 30).
cost(8, 6, 20).
cost(8, 7, 7).
cost(8, 9, 6).
cost(8, 10, 9).
cost(8, 11, 9).
cost(8, 12, 22).
cost(8, 13, 10).
cost(8, 14, 37).
cost(8, 15, 43).
cost(8, 16, 43).
cost(8, 17, 37).
cost(8, 18, 39).
cost(8, 19, 67).
cost(8, 20, 62).
cost(8, 21, 67).
cost(8, 22, 51).
cost(8, 23, 69).
cost(8, 24, 36).
cost(8, 25, 33).
cost(8, 26, 27).
cost(8, 27, 42).
cost(8, 28, 40).
cost(9, 1, 30).
cost(9, 2, 27).
cost(9, 3, 29).
cost(9, 4, 40).
cost(9, 5, 26).
cost(9, 6, 16).
cost(9, 7, 9).
cost(9, 8, 6).
cost(9, 10, 9).
cost(9, 11, 11).
cost(9, 12, 22).
cost(9, 13, 5).
cost(9, 14, 41).
cost(9, 15, 47).
cost(9, 16, 46).
cost(9, 17, 41).
cost(9, 18, 43).
cost(9, 19, 65).
cost(9, 20, 60).
cost(9, 21, 66).
cost(9, 22, 50).
cost(9, 23, 67).
cost(9, 24, 42).
cost(9, 25, 38).
cost(9, 26, 33).
cost(9, 27, 47).
cost(9, 28, 45).
cost(10, 1, 39).
cost(10, 2, 36).
cost(10, 3, 38).
cost(10, 4, 49).
cost(10, 5, 35).
cost(10, 6, 14).
cost(10, 7, 1).
cost(10, 8, 9).
cost(10, 9, 9).
cost(10, 11, 2).
cost(10, 12, 13).
cost(10, 13, 9).
cost(10, 14, 33).
cost(10, 15, 38).
cost(10, 16, 36).
cost(10, 17, 33).
cost(10, 18, 35).
cost(10, 19, 59).
cost(10, 20, 53).
cost(10, 21, 59).
cost(10, 22, 43).
cost(10, 23, 61).
cost(10, 24, 42).
cost(10, 25, 41).
cost(10, 26, 33).
cost(10, 27, 49).
cost(10, 28, 48).
cost(11, 1, 41).
cost(11, 2, 38).
cost(11, 3, 39).
cost(11, 4, 50).
cost(11, 5, 36).
cost(11, 6, 15).
cost(11, 7, 2).
cost(11, 8, 9).
cost(11, 9, 11).
cost(11, 10, 2).
cost(11, 12, 13).
cost(11, 13, 11).
cost(11, 14, 31).
cost(11, 15, 36).
cost(11, 16, 35).
cost(11, 17, 31).
cost(11, 18, 33).
cost(11, 19, 59).
cost(11, 20, 53).
cost(11, 21, 59).
cost(11, 22, 43).
cost(11, 23, 61).
cost(11, 24, 41).
cost(11, 25, 41).
cost(11, 26, 32).
cost(11, 27, 48).
cost(11, 28, 47).
cost(12, 1, 49).
cost(12, 2, 47).
cost(12, 3, 50).
cost(12, 4, 60).
cost(12, 5, 46).
cost(12, 6, 14).
cost(12, 7, 15).
cost(12, 8, 22).
cost(12, 9, 22).
cost(12, 10, 13).
cost(12, 11, 13).
cost(12, 13, 19).
cost(12, 14, 29).
cost(12, 15, 31).
cost(12, 16, 27).
cost(12, 17, 28).
cost(12, 18, 28).
cost(12, 19, 46).
cost(12, 20, 40).
cost(12, 21, 46).
cost(12, 22, 30).
cost(12, 23, 49).
cost(12, 24, 52).
cost(12, 25, 53).
cost(12, 26, 43).
cost(12, 27, 60).
cost(12, 28, 59).
cost(13, 1, 31).
cost(13, 2, 28).
cost(13, 3, 31).
cost(13, 4, 41).
cost(13, 5, 27).
cost(13, 6, 11).
cost(13, 7, 9).
cost(13, 8, 10).
cost(13, 9, 5).
cost(13, 10, 9).
cost(13, 11, 11).
cost(13, 12, 19).
cost(13, 14, 42).
cost(13, 15, 46).
cost(13, 16, 44).
cost(13, 17, 41).
cost(13, 18, 43).
cost(13, 19, 61).
cost(13, 20, 56).
cost(13, 21, 62).
cost(13, 22, 46).
cost(13, 23, 62).
cost(13, 24, 46).
cost(13, 25, 43).
cost(13, 26, 37).
cost(13, 27, 51).
cost(13, 28, 50).
cost(14, 1, 71).
cost(14, 2, 68).
cost(14, 3, 68).
cost(14, 4, 80).
cost(14, 5, 66).
cost(14, 6, 43).
cost(14, 7, 33).
cost(14, 8, 37).
cost(14, 9, 41).
cost(14, 10, 33).
cost(14, 11, 31).
cost(14, 12, 29).
cost(14, 13, 42).
cost(14, 15, 9).
cost(14, 16, 16).
cost(14, 17, 3).
cost(14, 18, 6).
cost(14, 19, 61).
cost(14, 20, 56).
cost(14, 21, 60).
cost(14, 22, 48).
cost(14, 23, 68).
cost(14, 24, 43).
cost(14, 25, 51).
cost(14, 26, 37).
cost(14, 27, 53).
cost(14, 28, 53).
cost(15, 1, 77).
cost(15, 2, 74).
cost(15, 3, 74).
cost(15, 4, 86).
cost(15, 5, 72).
cost(15, 6, 45).
cost(15, 7, 38).
cost(15, 8, 43).
cost(15, 9, 47).
cost(15, 10, 38).
cost(15, 11, 36).
cost(15, 12, 31).
cost(15, 13, 46).
cost(15, 14, 9).
cost(15, 16, 9).
cost(15, 17, 7).
cost(15, 18, 4).
cost(15, 19, 54).
cost(15, 20, 50).
cost(15, 21, 54).
cost(15, 22, 44).
cost(15, 23, 63).
cost(15, 24, 52).
cost(15, 25, 60).
cost(15, 26, 46).
cost(15, 27, 62).
cost(15, 28, 62).
cost(16, 1, 75).
cost(16, 2, 72).
cost(16, 3, 74).
cost(16, 4, 85).
cost(16, 5, 71).
cost(16, 6, 41).
cost(16, 7, 37).
cost(16, 8, 43).
cost(16, 9, 46).
cost(16, 10, 36).
cost(16, 11, 35).
cost(16, 12, 27).
cost(16, 13, 44).
cost(16, 14, 16).
cost(16, 15, 9).
cost(16, 17, 13).
cost(16, 18, 10).
cost(16, 19, 46).
cost(16, 20, 41).
cost(16, 21, 45).
cost(16, 22, 35).
cost(16, 23, 54).
cost(16, 24, 58).
cost(16, 25, 64).
cost(16, 26, 51).
cost(16, 27, 68).
cost(16, 28, 68).
cost(17, 1, 71).
cost(17, 2, 68).
cost(17, 3, 68).
cost(17, 4, 80).
cost(17, 5, 66).
cost(17, 6, 41).
cost(17, 7, 33).
cost(17, 8, 37).
cost(17, 9, 41).
cost(17, 10, 33).
cost(17, 11, 31).
cost(17, 12, 28).
cost(17, 13, 41).
cost(17, 14, 3).
cost(17, 15, 7).
cost(17, 16, 13).
cost(17, 18, 3).
cost(17, 19, 57).
cost(17, 20, 53).
cost(17, 21, 57).
cost(17, 22, 45).
cost(17, 23, 65).
cost(17, 24, 45).
cost(17, 25, 53).
cost(17, 26, 40).
cost(17, 27, 56).
cost(17, 28, 56).
cost(18, 1, 73).
cost(18, 2, 70).
cost(18, 3, 71).
cost(18, 4, 82).
cost(18, 5, 69).
cost(18, 6, 43).
cost(18, 7, 35).
cost(18, 8, 39).
cost(18, 9, 43).
cost(18, 10, 35).
cost(18, 11, 33).
cost(18, 12, 28).
cost(18, 13, 43).
cost(18, 14, 6).
cost(18, 15, 4).
cost(18, 16, 10).
cost(18, 17, 3).
cost(18, 19, 56).
cost(18, 20, 51).
cost(18, 21, 55).
cost(18, 22, 44).
cost(18, 23, 64).
cost(18, 24, 48).
cost(18, 25, 56).
cost(18, 26, 43).
cost(18, 27, 59).
cost(18, 28, 59).
cost(19, 1, 84).
cost(19, 2, 83).
cost(19, 3, 91).
cost(19, 4, 98).
cost(19, 5, 84).
cost(19, 6, 51).
cost(19, 7, 60).
cost(19, 8, 67).
cost(19, 9, 65).
cost(19, 10, 59).
cost(19, 11, 59).
cost(19, 12, 46).
cost(19, 13, 61).
cost(19, 14, 61).
cost(19, 15, 54).
cost(19, 16, 46).
cost(19, 17, 57).
cost(19, 18, 56).
cost(19, 20, 6).
cost(19, 21, 2).
cost(19, 22, 16).
cost(19, 23, 11).
cost(19, 24, 96).
cost(19, 25, 99).
cost(19, 26, 88).
cost(19, 27, 105).
cost(19, 28, 104).
cost(20, 1, 80).
cost(20, 2, 78).
cost(20, 3, 86).
cost(20, 4, 93).
cost(20, 5, 79).
cost(20, 6, 45).
cost(20, 7, 54).
cost(20, 8, 62).
cost(20, 9, 60).
cost(20, 10, 53).
cost(20, 11, 53).
cost(20, 12, 40).
cost(20, 13, 56).
cost(20, 14, 56).
cost(20, 15, 50).
cost(20, 16, 41).
cost(20, 17, 53).
cost(20, 18, 51).
cost(20, 19, 6).
cost(20, 21, 6).
cost(20, 22, 10).
cost(20, 23, 13).
cost(20, 24, 91).
cost(20, 25, 93).
cost(20, 26, 82).
cost(20, 27, 100).
cost(20, 28, 99).
cost(21, 1, 85).
cost(21, 2, 84).
cost(21, 3, 91).
cost(21, 4, 99).
cost(21, 5, 85).
cost(21, 6, 51).
cost(21, 7, 60).
cost(21, 8, 67).
cost(21, 9, 66).
cost(21, 10, 59).
cost(21, 11, 59).
cost(21, 12, 46).
cost(21, 13, 62).
cost(21, 14, 60).
cost(21, 15, 54).
cost(21, 16, 45).
cost(21, 17, 57).
cost(21, 18, 55).
cost(21, 19, 2).
cost(21, 20, 6).
cost(21, 22, 16).
cost(21, 23, 13).
cost(21, 24, 96).
cost(21, 25, 99).
cost(21, 26, 88).
cost(21, 27, 105).
cost(21, 28, 104).
cost(22, 1, 70).
cost(22, 2, 68).
cost(22, 3, 76).
cost(22, 4, 83).
cost(22, 5, 69).
cost(22, 6, 35).
cost(22, 7, 44).
cost(22, 8, 51).
cost(22, 9, 50).
cost(22, 10, 43).
cost(22, 11, 43).
cost(22, 12, 30).
cost(22, 13, 46).
cost(22, 14, 48).
cost(22, 15, 44).
cost(22, 16, 35).
cost(22, 17, 45).
cost(22, 18, 44).
cost(22, 19, 16).
cost(22, 20, 10).
cost(22, 21, 16).
cost(22, 23, 20).
cost(22, 24, 81).
cost(22, 25, 83).
cost(22, 26, 73).
cost(22, 27, 90).
cost(22, 28, 89).
cost(23, 1, 82).
cost(23, 2, 81).
cost(23, 3, 90).
cost(23, 4, 95).
cost(23, 5, 82).
cost(23, 6, 51).
cost(23, 7, 62).
cost(23, 8, 69).
cost(23, 9, 67).
cost(23, 10, 61).
cost(23, 11, 61).
cost(23, 12, 49).
cost(23, 13, 62).
cost(23, 14, 68).
cost(23, 15, 63).
cost(23, 16, 54).
cost(23, 17, 65).
cost(23, 18, 64).
cost(23, 19, 11).
cost(23, 20, 13).
cost(23, 21, 13).
cost(23, 22, 20).
cost(23, 24, 101).
cost(23, 25, 102).
cost(23, 26, 92).
cost(23, 27, 109).
cost(23, 28, 108).
cost(24, 1, 61).
cost(24, 2, 57).
cost(24, 3, 50).
cost(24, 4, 61).
cost(24, 5, 54).
cost(24, 6, 56).
cost(24, 7, 41).
cost(24, 8, 36).
cost(24, 9, 42).
cost(24, 10, 42).
cost(24, 11, 41).
cost(24, 12, 52).
cost(24, 13, 46).
cost(24, 14, 43).
cost(24, 15, 52).
cost(24, 16, 58).
cost(24, 17, 45).
cost(24, 18, 48).
cost(24, 19, 96).
cost(24, 20, 91).
cost(24, 21, 96).
cost(24, 22, 81).
cost(24, 23, 101).
cost(24, 25, 13).
cost(24, 26, 9).
cost(24, 27, 11).
cost(24, 28, 11).
cost(25, 1, 51).
cost(25, 2, 48).
cost(25, 3, 39).
cost(25, 4, 50).
cost(25, 5, 44).
cost(25, 6, 53).
cost(25, 7, 40).
cost(25, 8, 33).
cost(25, 9, 38).
cost(25, 10, 41).
cost(25, 11, 41).
cost(25, 12, 53).
cost(25, 13, 43).
cost(25, 14, 51).
cost(25, 15, 60).
cost(25, 16, 64).
cost(25, 17, 53).
cost(25, 18, 56).
cost(25, 19, 99).
cost(25, 20, 93).
cost(25, 21, 99).
cost(25, 22, 83).
cost(25, 23, 102).
cost(25, 24, 13).
cost(25, 26, 13).
cost(25, 27, 10).
cost(25, 28, 8).
cost(26, 1, 53).
cost(26, 2, 50).
cost(26, 3, 44).
cost(26, 4, 55).
cost(26, 5, 47).
cost(26, 6, 46).
cost(26, 7, 31).
cost(26, 8, 27).
cost(26, 9, 33).
cost(26, 10, 33).
cost(26, 11, 32).
cost(26, 12, 43).
cost(26, 13, 37).
cost(26, 14, 37).
cost(26, 15, 46).
cost(26, 16, 51).
cost(26, 17, 40).
cost(26, 18, 43).
cost(26, 19, 88).
cost(26, 20, 82).
cost(26, 21, 88).
cost(26, 22, 73).
cost(26, 23, 92).
cost(26, 24, 9).
cost(26, 25, 13).
cost(26, 27, 17).
cost(26, 28, 17).
cost(27, 1, 60).
cost(27, 2, 57).
cost(27, 3, 48).
cost(27, 4, 59).
cost(27, 5, 54).
cost(27, 6, 62).
cost(27, 7, 48).
cost(27, 8, 42).
cost(27, 9, 47).
cost(27, 10, 49).
cost(27, 11, 48).
cost(27, 12, 60).
cost(27, 13, 51).
cost(27, 14, 53).
cost(27, 15, 62).
cost(27, 16, 68).
cost(27, 17, 56).
cost(27, 18, 59).
cost(27, 19, 105).
cost(27, 20, 100).
cost(27, 21, 105).
cost(27, 22, 90).
cost(27, 23, 109).
cost(27, 24, 11).
cost(27, 25, 10).
cost(27, 26, 17).
cost(27, 28, 2).
cost(28, 1, 58).
cost(28, 2, 55).
cost(28, 3, 46).
cost(28, 4, 56).
cost(28, 5, 52).
cost(28, 6, 60).
cost(28, 7, 46).
cost(28, 8, 40).
cost(28, 9, 45).
cost(28, 10, 48).
cost(28, 11, 47).
cost(28, 12, 59).
cost(28, 13, 50).
cost(28, 14, 53).
cost(28, 15, 62).
cost(28, 16, 68).
cost(28, 17, 56).
cost(28, 18, 59).
cost(28, 19, 104).
cost(28, 20, 99).
cost(28, 21, 104).
cost(28, 22, 89).
cost(28, 23, 108).
cost(28, 24, 11).
cost(28, 25, 8).
cost(28, 26, 17).
cost(28, 27, 2).
nocross(1,2).
nocross(1,3).
nocross(1,4).
nocross(1,5).
nocross(1,6).
nocross(1,8).
nocross(1,9).
nocross(1,13).
nocross(2,1).
nocross(2,3).
nocross(2,4).
nocross(2,5).
nocross(2,7).
nocross(2,8).
nocross(2,9).
nocross(2,13).
nocross(3,2).
nocross(3,4).
nocross(3,5).
nocross(3,7).
nocross(3,8).
nocross(3,9).
nocross(3,13).
nocross(3,25).
nocross(3,28).
nocross(4,1).
nocross(4,2).
nocross(4,3).
nocross(4,5).
nocross(4,9).
nocross(5,2).
nocross(5,3).
nocross(5,4).
nocross(5,7).
nocross(5,8).
nocross(5,9).
nocross(5,13).
nocross(5,28).
nocross(6,2).
nocross(6,3).
nocross(6,5).
nocross(6,7).
nocross(6,8).
nocross(6,9).
nocross(6,10).
nocross(6,11).
nocross(6,12).
nocross(6,13).
nocross(6,16).
nocross(6,19).
nocross(6,20).
nocross(6,22).
nocross(7,2).
nocross(7,3).
nocross(7,5).
nocross(7,6).
nocross(7,8).
nocross(7,9).
nocross(7,10).
nocross(7,11).
nocross(7,12).
nocross(7,13).
nocross(7,14).
nocross(7,15).
nocross(7,16).
nocross(7,17).
nocross(7,18).
nocross(7,25).
nocross(7,26).
nocross(7,27).
nocross(7,28).
nocross(8,2).
nocross(8,3).
nocross(8,5).
nocross(8,7).
nocross(8,9).
nocross(8,10).
nocross(8,11).
nocross(8,12).
nocross(8,13).
nocross(8,14).
nocross(8,15).
nocross(8,16).
nocross(8,17).
nocross(8,18).
nocross(8,24).
nocross(8,25).
nocross(8,26).
nocross(8,27).
nocross(8,28).
nocross(9,2).
nocross(9,3).
nocross(9,5).
nocross(9,6).
nocross(9,7).
nocross(9,8).
nocross(9,10).
nocross(9,11).
nocross(9,12).
nocross(9,13).
nocross(9,16).
nocross(9,18).
nocross(9,26).
nocross(9,28).
nocross(10,2).
nocross(10,3).
nocross(10,5).
nocross(10,6).
nocross(10,7).
nocross(10,8).
nocross(10,9).
nocross(10,11).
nocross(10,12).
nocross(10,13).
nocross(10,14).
nocross(10,15).
nocross(10,16).
nocross(10,17).
nocross(10,18).
nocross(10,26).
nocross(11,3).
nocross(11,5).
nocross(11,6).
nocross(11,7).
nocross(11,8).
nocross(11,9).
nocross(11,10).
nocross(11,12).
nocross(11,13).
nocross(11,14).
nocross(11,16).
nocross(11,17).
nocross(11,18).
nocross(11,24).
nocross(11,25).
nocross(11,26).
nocross(12,2).
nocross(12,3).
nocross(12,5).
nocross(12,6).
nocross(12,7).
nocross(12,8).
nocross(12,9).
nocross(12,10).
nocross(12,11).
nocross(12,13).
nocross(12,14).
nocross(12,15).
nocross(12,16).
nocross(12,17).
nocross(12,18).
nocross(12,19).
nocross(12,20).
nocross(12,21).
nocross(12,22).
nocross(12,26).
nocross(13,2).
nocross(13,3).
nocross(13,5).
nocross(13,6).
nocross(13,7).
nocross(13,8).
nocross(13,9).
nocross(13,10).
nocross(13,11).
nocross(13,12).
nocross(13,16).
nocross(13,26).
nocross(14,7).
nocross(14,8).
nocross(14,11).
nocross(14,12).
nocross(14,16).
nocross(14,17).
nocross(14,18).
nocross(14,24).
nocross(14,26).
nocross(14,28).
nocross(15,12).
nocross(15,14).
nocross(15,16).
nocross(15,17).
nocross(15,18).
nocross(15,21).
nocross(15,24).
nocross(15,26).
nocross(16,6).
nocross(16,7).
nocross(16,8).
nocross(16,10).
nocross(16,11).
nocross(16,12).
nocross(16,14).
nocross(16,15).
nocross(16,17).
nocross(16,18).
nocross(16,19).
nocross(16,20).
nocross(16,21).
nocross(16,22).
nocross(17,7).
nocross(17,8).
nocross(17,11).
nocross(17,12).
nocross(17,14).
nocross(17,16).
nocross(17,18).
nocross(17,24).
nocross(17,26).
nocross(17,28).
nocross(18,7).
nocross(18,8).
nocross(18,11).
nocross(18,12).
nocross(18,14).
nocross(18,15).
nocross(18,16).
nocross(18,17).
nocross(18,24).
nocross(18,26).
nocross(19,20).
nocross(19,21).
nocross(19,22).
nocross(19,23).
nocross(20,16).
nocross(20,19).
nocross(20,22).
nocross(20,23).
nocross(21,16).
nocross(21,19).
nocross(21,20).
nocross(21,22).
nocross(21,23).
nocross(22,6).
nocross(22,12).
nocross(22,16).
nocross(22,19).
nocross(22,20).
nocross(23,19).
nocross(23,20).
nocross(23,22).
nocross(24,8).
nocross(24,14).
nocross(24,15).
nocross(24,16).
nocross(24,18).
nocross(24,25).
nocross(24,26).
nocross(24,27).
nocross(24,28).
nocross(25,8).
nocross(25,24).
nocross(25,26).
nocross(25,27).
nocross(25,28).
nocross(26,7).
nocross(26,8).
nocross(26,9).
nocross(26,14).
nocross(26,15).
nocross(26,16).
nocross(26,17).
nocross(26,18).
nocross(26,24).
nocross(26,25).
nocross(26,27).
nocross(26,28).
nocross(27,24).
nocross(27,25).
nocross(27,26).
nocross(27,28).
nocross(28,8).
nocross(28,24).
nocross(28,25).
nocross(28,26).
nocross(28,27).
