dimension(28).
point(1, 59.4879820538, 80.8015736857).
point(2, 42.5176294455, 79.8592548506).
point(3, 48.5405825808, 91.0285805444).
point(4, 63.0527645539, 86.2249889627).
point(5, 56.7456790864, 87.4698433514).
point(6, 72.9365777796, 88.4442896034).
point(7, 50.7763142064, 80.4148950616).
point(8, 54.8090080768, 91.4240684647).
point(9, 29.9368303152, 39.3008668718).
point(10, 29.6199882005, 43.7247611526).
point(11, 25.2736076133, 54.692998484).
point(12, 30.0789753928, 48.6490882307).
point(13, 29.8969164751, 45.5764110592).
point(14, 82.9175416994, 11.5407425433).
point(15, 98.2163349258, 20.5085729285).
point(16, 89.2039513883, 10.3104336027).
point(17, 86.2106353821, 17.8786920576).
point(18, 83.0791706496, 14.2642045602).
point(19, 2.6852813345, 62.3870460073).
point(20, 15.1957995946, 61.4066302533).
point(21, 12.0002041528, 63.7212213165).
point(22, 11.7812380833, 76.1128180211).
point(23, 6.5030598627, 69.471557667).
point(24, 49.7510730528, 20.4603585515).
point(25, 69.4214625342, 33.680080071).
point(26, 55.8453863442, 36.1451806179).
point(27, 61.5188652872, 23.8299126476).
point(28, 54.6145494516, 30.9711597358).
cost(1, 2, 17).
cost(1, 3, 15).
cost(1, 4, 6).
cost(1, 5, 7).
cost(1, 6, 15).
cost(1, 7, 9).
cost(1, 8, 12).
cost(1, 9, 51).
cost(1, 10, 48).
cost(1, 11, 43).
cost(1, 12, 44).
cost(1, 13, 46).
cost(1, 14, 73).
cost(1, 15, 72).
cost(1, 16, 76).
cost(1, 17, 68).
cost(1, 18, 71).
cost(1, 19, 60).
cost(1, 20, 48).
cost(1, 21, 50).
cost(1, 22, 48).
cost(1, 23, 54).
cost(1, 24, 61).
cost(1, 25, 48).
cost(1, 26, 45).
cost(1, 27, 57).
cost(1, 28, 50).
cost(2, 1, 17).
cost(2, 3, 13).
cost(2, 4, 21).
cost(2, 5, 16).
cost(2, 6, 32).
cost(2, 7, 8).
cost(2, 8, 17).
cost(2, 9, 42).
cost(2, 10, 38).
cost(2, 11, 31).
cost(2, 12, 34).
cost(2, 13, 37).
cost(2, 14, 79).
cost(2, 15, 81).
cost(2, 16, 84).
cost(2, 17, 76).
cost(2, 18, 77).
cost(2, 19, 43).
cost(2, 20, 33).
cost(2, 21, 35).
cost(2, 22, 31).
cost(2, 23, 37).
cost(2, 24, 60).
cost(2, 25, 53).
cost(2, 26, 46).
cost(2, 27, 59).
cost(2, 28, 50).
cost(3, 1, 15).
cost(3, 2, 13).
cost(3, 4, 15).
cost(3, 5, 9).
cost(3, 6, 25).
cost(3, 7, 11).
cost(3, 8, 6).
cost(3, 9, 55).
cost(3, 10, 51).
cost(3, 11, 43).
cost(3, 12, 46).
cost(3, 13, 49).
cost(3, 14, 87).
cost(3, 15, 86).
cost(3, 16, 90).
cost(3, 17, 82).
cost(3, 18, 84).
cost(3, 19, 54).
cost(3, 20, 45).
cost(3, 21, 46).
cost(3, 22, 40).
cost(3, 23, 47).
cost(3, 24, 71).
cost(3, 25, 61).
cost(3, 26, 55).
cost(3, 27, 68).
cost(3, 28, 60).
cost(4, 1, 6).
cost(4, 2, 21).
cost(4, 3, 15).
cost(4, 5, 6).
cost(4, 6, 10).
cost(4, 7, 14).
cost(4, 8, 10).
cost(4, 9, 57).
cost(4, 10, 54).
cost(4, 11, 49).
cost(4, 12, 50).
cost(4, 13, 52).
cost(4, 14, 77).
cost(4, 15, 75).
cost(4, 16, 80).
cost(4, 17, 72).
cost(4, 18, 75).
cost(4, 19, 65).
cost(4, 20, 54).
cost(4, 21, 56).
cost(4, 22, 52).
cost(4, 23, 59).
cost(4, 24, 67).
cost(4, 25, 53).
cost(4, 26, 51).
cost(4, 27, 62).
cost(4, 28, 56).
cost(5, 1, 7).
cost(5, 2, 16).
cost(5, 3, 9).
cost(5, 4, 6).
cost(5, 6, 16).
cost(5, 7, 9).
cost(5, 8, 4).
cost(5, 9, 55).
cost(5, 10, 51).
cost(5, 11, 45).
cost(5, 12, 47).
cost(5, 13, 50).
cost(5, 14, 80).
cost(5, 15, 79).
cost(5, 16, 84).
cost(5, 17, 76).
cost(5, 18, 78).
cost(5, 19, 60).
cost(5, 20, 49).
cost(5, 21, 51).
cost(5, 22, 46).
cost(5, 23, 53).
cost(5, 24, 67).
cost(5, 25, 55).
cost(5, 26, 51).
cost(5, 27, 64).
cost(5, 28, 57).
cost(6, 1, 15).
cost(6, 2, 32).
cost(6, 3, 25).
cost(6, 4, 10).
cost(6, 5, 16).
cost(6, 7, 24).
cost(6, 8, 18).
cost(6, 9, 65).
cost(6, 10, 62).
cost(6, 11, 58).
cost(6, 12, 58).
cost(6, 13, 61).
cost(6, 14, 78).
cost(6, 15, 72).
cost(6, 16, 80).
cost(6, 17, 72).
cost(6, 18, 75).
cost(6, 19, 75).
cost(6, 20, 64).
cost(6, 21, 66).
cost(6, 22, 62).
cost(6, 23, 69).
cost(6, 24, 72).
cost(6, 25, 55).
cost(6, 26, 55).
cost(6, 27, 66).
cost(6, 28, 60).
cost(7, 1, 9).
cost(7, 2, 8).
cost(7, 3, 11).
cost(7, 4, 14).
cost(7, 5, 9).
cost(7, 6, 24).
cost(7, 8, 12).
cost(7, 9, 46).
cost(7, 10, 42).
cost(7, 11, 36).
cost(7, 12, 38).
cost(7, 13, 41).
cost(7, 14, 76).
cost(7, 15, 76).
cost(7, 16, 80).
cost(7, 17, 72).
cost(7, 18, 74).
cost(7, 19, 51).
cost(7, 20, 40).
cost(7, 21, 42).
cost(7, 22, 39).
cost(7, 23, 46).
cost(7, 24, 60).
cost(7, 25, 50).
cost(7, 26, 45).
cost(7, 27, 58).
cost(7, 28, 50).
cost(8, 1, 12).
cost(8, 2, 17).
cost(8, 3, 6).
cost(8, 4, 10).
cost(8, 5, 4).
cost(8, 6, 18).
cost(8, 7, 12).
cost(8, 9, 58).
cost(8, 10, 54).
cost(8, 11, 47).
cost(8, 12, 49).
cost(8, 13, 52).
cost(8, 14, 85).
cost(8, 15, 83).
cost(8, 16, 88).
cost(8, 17, 80).
cost(8, 18, 82).
cost(8, 19, 60).
cost(8, 20, 50).
cost(8, 21, 51).
cost(8, 22, 46).
cost(8, 23, 53).
cost(8, 24, 71).
cost(8, 25, 60).
cost(8, 26, 55).
cost(8, 27, 68).
cost(8, 28, 60).
cost(9, 1, 51).
cost(9, 2, 42).
cost(9, 3, 55).
cost(9, 4, 57).
cost(9, 5, 55).
cost(9, 6, 65).
cost(9, 7, 46).
cost(9, 8, 58).
cost(9, 10, 4).
cost(9, 11, 16).
cost(9, 12, 9).
cost(9, 13, 6).
cost(9, 14, 60).
cost(9, 15, 71).
cost(9, 16, 66).
cost(9, 17, 60).
cost(9, 18, 59).
cost(9, 19, 36).
cost(9, 20, 27).
cost(9, 21, 30).
cost(9, 22, 41).
cost(9, 23, 38).
cost(9, 24, 27).
cost(9, 25, 40).
cost(9, 26, 26).
cost(9, 27, 35).
cost(9, 28, 26).
cost(10, 1, 48).
cost(10, 2, 38).
cost(10, 3, 51).
cost(10, 4, 54).
cost(10, 5, 51).
cost(10, 6, 62).
cost(10, 7, 42).
cost(10, 8, 54).
cost(10, 9, 4).
cost(10, 11, 12).
cost(10, 12, 5).
cost(10, 13, 2).
cost(10, 14, 62).
cost(10, 15, 72).
cost(10, 16, 68).
cost(10, 17, 62).
cost(10, 18, 61).
cost(10, 19, 33).
cost(10, 20, 23).
cost(10, 21, 27).
cost(10, 22, 37).
cost(10, 23, 35).
cost(10, 24, 31).
cost(10, 25, 41).
cost(10, 26, 27).
cost(10, 27, 38).
cost(10, 28, 28).
cost(11, 1, 43).
cost(11, 2, 31).
cost(11, 3, 43).
cost(11, 4, 49).
cost(11, 5, 45).
cost(11, 6, 58).
cost(11, 7, 36).
cost(11, 8, 47).
cost(11, 9, 16).
cost(11, 10, 12).
cost(11, 12, 8).
cost(11, 13, 10).
cost(11, 14, 72).
cost(11, 15, 81).
cost(11, 16, 78).
cost(11, 17, 71).
cost(11, 18, 71).
cost(11, 19, 24).
cost(11, 20, 12).
cost(11, 21, 16).
cost(11, 22, 25).
cost(11, 23, 24).
cost(11, 24, 42).
cost(11, 25, 49).
cost(11, 26, 36).
cost(11, 27, 48).
cost(11, 28, 38).
cost(12, 1, 44).
cost(12, 2, 34).
cost(12, 3, 46).
cost(12, 4, 50).
cost(12, 5, 47).
cost(12, 6, 58).
cost(12, 7, 38).
cost(12, 8, 49).
cost(12, 9, 9).
cost(12, 10, 5).
cost(12, 11, 8).
cost(12, 13, 3).
cost(12, 14, 65).
cost(12, 15, 74).
cost(12, 16, 70).
cost(12, 17, 64).
cost(12, 18, 63).
cost(12, 19, 31).
cost(12, 20, 20).
cost(12, 21, 24).
cost(12, 22, 33).
cost(12, 23, 31).
cost(12, 24, 34).
cost(12, 25, 42).
cost(12, 26, 29).
cost(12, 27, 40).
cost(12, 28, 30).
cost(13, 1, 46).
cost(13, 2, 37).
cost(13, 3, 49).
cost(13, 4, 52).
cost(13, 5, 50).
cost(13, 6, 61).
cost(13, 7, 41).
cost(13, 8, 52).
cost(13, 9, 6).
cost(13, 10, 2).
cost(13, 11, 10).
cost(13, 12, 3).
cost(13, 14, 63).
cost(13, 15, 73).
cost(13, 16, 69).
cost(13, 17, 63).
cost(13, 18, 62).
cost(13, 19, 32).
cost(13, 20, 22).
cost(13, 21, 25).
cost(13, 22, 36).
cost(13, 23, 33).
cost(13, 24, 32).
cost(13, 25, 41).
cost(13, 26, 28).
cost(13, 27, 38).
cost(13, 28, 29).
cost(14, 1, 73).
cost(14, 2, 79).
cost(14, 3, 87).
cost(14, 4, 77).
cost(14, 5, 80).
cost(14, 6, 78).
cost(14, 7, 76).
cost(14, 8, 85).
cost(14, 9, 60).
cost(14, 10, 62).
cost(14, 11, 72).
cost(14, 12, 65).
cost(14, 13, 63).
cost(14, 15, 18).
cost(14, 16, 6).
cost(14, 17, 7).
cost(14, 18, 3).
cost(14, 19, 95).
cost(14, 20, 84).
cost(14, 21, 88).
cost(14, 22, 96).
cost(14, 23, 96).
cost(14, 24, 34).
cost(14, 25, 26).
cost(14, 26, 37).
cost(14, 27, 25).
cost(14, 28, 34).
cost(15, 1, 72).
cost(15, 2, 81).
cost(15, 3, 86).
cost(15, 4, 75).
cost(15, 5, 79).
cost(15, 6, 72).
cost(15, 7, 76).
cost(15, 8, 83).
cost(15, 9, 71).
cost(15, 10, 72).
cost(15, 11, 81).
cost(15, 12, 74).
cost(15, 13, 73).
cost(15, 14, 18).
cost(15, 16, 14).
cost(15, 17, 12).
cost(15, 18, 16).
cost(15, 19, 104).
cost(15, 20, 93).
cost(15, 21, 96).
cost(15, 22, 103).
cost(15, 23, 104).
cost(15, 24, 48).
cost(15, 25, 32).
cost(15, 26, 45).
cost(15, 27, 37).
cost(15, 28, 45).
cost(16, 1, 76).
cost(16, 2, 84).
cost(16, 3, 90).
cost(16, 4, 80).
cost(16, 5, 84).
cost(16, 6, 80).
cost(16, 7, 80).
cost(16, 8, 88).
cost(16, 9, 66).
cost(16, 10, 68).
cost(16, 11, 78).
cost(16, 12, 70).
cost(16, 13, 69).
cost(16, 14, 6).
cost(16, 15, 14).
cost(16, 17, 8).
cost(16, 18, 7).
cost(16, 19, 101).
cost(16, 20, 90).
cost(16, 21, 94).
cost(16, 22, 102).
cost(16, 23, 102).
cost(16, 24, 41).
cost(16, 25, 31).
cost(16, 26, 42).
cost(16, 27, 31).
cost(16, 28, 40).
cost(17, 1, 68).
cost(17, 2, 76).
cost(17, 3, 82).
cost(17, 4, 72).
cost(17, 5, 76).
cost(17, 6, 72).
cost(17, 7, 72).
cost(17, 8, 80).
cost(17, 9, 60).
cost(17, 10, 62).
cost(17, 11, 71).
cost(17, 12, 64).
cost(17, 13, 63).
cost(17, 14, 7).
cost(17, 15, 12).
cost(17, 16, 8).
cost(17, 18, 5).
cost(17, 19, 95).
cost(17, 20, 83).
cost(17, 21, 87).
cost(17, 22, 95).
cost(17, 23, 95).
cost(17, 24, 37).
cost(17, 25, 23).
cost(17, 26, 35).
cost(17, 27, 25).
cost(17, 28, 34).
cost(18, 1, 71).
cost(18, 2, 77).
cost(18, 3, 84).
cost(18, 4, 75).
cost(18, 5, 78).
cost(18, 6, 75).
cost(18, 7, 74).
cost(18, 8, 82).
cost(18, 9, 59).
cost(18, 10, 61).
cost(18, 11, 71).
cost(18, 12, 63).
cost(18, 13, 62).
cost(18, 14, 3).
cost(18, 15, 16).
cost(18, 16, 7).
cost(18, 17, 5).
cost(18, 19, 94).
cost(18, 20, 83).
cost(18, 21, 87).
cost(18, 22, 94).
cost(18, 23, 94).
cost(18, 24, 34).
cost(18, 25, 24).
cost(18, 26, 35).
cost(18, 27, 24).
cost(18, 28, 33).
cost(19, 1, 60).
cost(19, 2, 43).
cost(19, 3, 54).
cost(19, 4, 65).
cost(19, 5, 60).
cost(19, 6, 75).
cost(19, 7, 51).
cost(19, 8, 60).
cost(19, 9, 36).
cost(19, 10, 33).
cost(19, 11, 24).
cost(19, 12, 31).
cost(19, 13, 32).
cost(19, 14, 95).
cost(19, 15, 104).
cost(19, 16, 101).
cost(19, 17, 95).
cost(19, 18, 94).
cost(19, 20, 13).
cost(19, 21, 9).
cost(19, 22, 16).
cost(19, 23, 8).
cost(19, 24, 63).
cost(19, 25, 73).
cost(19, 26, 59).
cost(19, 27, 70).
cost(19, 28, 61).
cost(20, 1, 48).
cost(20, 2, 33).
cost(20, 3, 45).
cost(20, 4, 54).
cost(20, 5, 49).
cost(20, 6, 64).
cost(20, 7, 40).
cost(20, 8, 50).
cost(20, 9, 27).
cost(20, 10, 23).
cost(20, 11, 12).
cost(20, 12, 20).
cost(20, 13, 22).
cost(20, 14, 84).
cost(20, 15, 93).
cost(20, 16, 90).
cost(20, 17, 83).
cost(20, 18, 83).
cost(20, 19, 13).
cost(20, 21, 4).
cost(20, 22, 15).
cost(20, 23, 12).
cost(20, 24, 54).
cost(20, 25, 61).
cost(20, 26, 48).
cost(20, 27, 60).
cost(20, 28, 50).
cost(21, 1, 50).
cost(21, 2, 35).
cost(21, 3, 46).
cost(21, 4, 56).
cost(21, 5, 51).
cost(21, 6, 66).
cost(21, 7, 42).
cost(21, 8, 51).
cost(21, 9, 30).
cost(21, 10, 27).
cost(21, 11, 16).
cost(21, 12, 24).
cost(21, 13, 25).
cost(21, 14, 88).
cost(21, 15, 96).
cost(21, 16, 94).
cost(21, 17, 87).
cost(21, 18, 87).
cost(21, 19, 9).
cost(21, 20, 4).
cost(21, 22, 12).
cost(21, 23, 8).
cost(21, 24, 57).
cost(21, 25, 65).
cost(21, 26, 52).
cost(21, 27, 64).
cost(21, 28, 54).
cost(22, 1, 48).
cost(22, 2, 31).
cost(22, 3, 40).
cost(22, 4, 52).
cost(22, 5, 46).
cost(22, 6, 62).
cost(22, 7, 39).
cost(22, 8, 46).
cost(22, 9, 41).
cost(22, 10, 37).
cost(22, 11, 25).
cost(22, 12, 33).
cost(22, 13, 36).
cost(22, 14, 96).
cost(22, 15, 103).
cost(22, 16, 102).
cost(22, 17, 95).
cost(22, 18, 94).
cost(22, 19, 16).
cost(22, 20, 15).
cost(22, 21, 12).
cost(22, 23, 8).
cost(22, 24, 67).
cost(22, 25, 72).
cost(22, 26, 59).
cost(22, 27, 72).
cost(22, 28, 62).
cost(23, 1, 54).
cost(23, 2, 37).
cost(23, 3, 47).
cost(23, 4, 59).
cost(23, 5, 53).
cost(23, 6, 69).
cost(23, 7, 46).
cost(23, 8, 53).
cost(23, 9, 38).
cost(23, 10, 35).
cost(23, 11, 24).
cost(23, 12, 31).
cost(23, 13, 33).
cost(23, 14, 96).
cost(23, 15, 104).
cost(23, 16, 102).
cost(23, 17, 95).
cost(23, 18, 94).
cost(23, 19, 8).
cost(23, 20, 12).
cost(23, 21, 8).
cost(23, 22, 8).
cost(23, 24, 65).
cost(23, 25, 72).
cost(23, 26, 60).
cost(23, 27, 71).
cost(23, 28, 62).
cost(24, 1, 61).
cost(24, 2, 60).
cost(24, 3, 71).
cost(24, 4, 67).
cost(24, 5, 67).
cost(24, 6, 72).
cost(24, 7, 60).
cost(24, 8, 71).
cost(24, 9, 27).
cost(24, 10, 31).
cost(24, 11, 42).
cost(24, 12, 34).
cost(24, 13, 32).
cost(24, 14, 34).
cost(24, 15, 48).
cost(24, 16, 41).
cost(24, 17, 37).
cost(24, 18, 34).
cost(24, 19, 63).
cost(24, 20, 54).
cost(24, 21, 57).
cost(24, 22, 67).
cost(24, 23, 65).
cost(24, 25, 24).
cost(24, 26, 17).
cost(24, 27, 12).
cost(24, 28, 12).
cost(25, 1, 48).
cost(25, 2, 53).
cost(25, 3, 61).
cost(25, 4, 53).
cost(25, 5, 55).
cost(25, 6, 55).
cost(25, 7, 50).
cost(25, 8, 60).
cost(25, 9, 40).
cost(25, 10, 41).
cost(25, 11, 49).
cost(25, 12, 42).
cost(25, 13, 41).
cost(25, 14, 26).
cost(25, 15, 32).
cost(25, 16, 31).
cost(25, 17, 23).
cost(25, 18, 24).
cost(25, 19, 73).
cost(25, 20, 61).
cost(25, 21, 65).
cost(25, 22, 72).
cost(25, 23, 72).
cost(25, 24, 24).
cost(25, 26, 14).
cost(25, 27, 13).
cost(25, 28, 15).
cost(26, 1, 45).
cost(26, 2, 46).
cost(26, 3, 55).
cost(26, 4, 51).
cost(26, 5, 51).
cost(26, 6, 55).
cost(26, 7, 45).
cost(26, 8, 55).
cost(26, 9, 26).
cost(26, 10, 27).
cost(26, 11, 36).
cost(26, 12, 29).
cost(26, 13, 28).
cost(26, 14, 37).
cost(26, 15, 45).
cost(26, 16, 42).
cost(26, 17, 35).
cost(26, 18, 35).
cost(26, 19, 59).
cost(26, 20, 48).
cost(26, 21, 52).
cost(26, 22, 59).
cost(26, 23, 60).
cost(26, 24, 17).
cost(26, 25, 14).
cost(26, 27, 14).
cost(26, 28, 5).
cost(27, 1, 57).
cost(27, 2, 59).
cost(27, 3, 68).
cost(27, 4, 62).
cost(27, 5, 64).
cost(27, 6, 66).
cost(27, 7, 58).
cost(27, 8, 68).
cost(27, 9, 35).
cost(27, 10, 38).
cost(27, 11, 48).
cost(27, 12, 40).
cost(27, 13, 38).
cost(27, 14, 25).
cost(27, 15, 37).
cost(27, 16, 31).
cost(27, 17, 25).
cost(27, 18, 24).
cost(27, 19, 70).
cost(27, 20, 60).
cost(27, 21, 64).
cost(27, 22, 72).
cost(27, 23, 71).
cost(27, 24, 12).
cost(27, 25, 13).
cost(27, 26, 14).
cost(27, 28, 10).
cost(28, 1, 50).
cost(28, 2, 50).
cost(28, 3, 60).
cost(28, 4, 56).
cost(28, 5, 57).
cost(28, 6, 60).
cost(28, 7, 50).
cost(28, 8, 60).
cost(28, 9, 26).
cost(28, 10, 28).
cost(28, 11, 38).
cost(28, 12, 30).
cost(28, 13, 29).
cost(28, 14, 34).
cost(28, 15, 45).
cost(28, 16, 40).
cost(28, 17, 34).
cost(28, 18, 33).
cost(28, 19, 61).
cost(28, 20, 50).
cost(28, 21, 54).
cost(28, 22, 62).
cost(28, 23, 62).
cost(28, 24, 12).
cost(28, 25, 15).
cost(28, 26, 5).
cost(28, 27, 10).
nocross(1,2).
nocross(1,3).
nocross(1,4).
nocross(1,5).
nocross(1,6).
nocross(1,7).
nocross(1,8).
nocross(1,11).
nocross(1,26).
nocross(2,1).
nocross(2,3).
nocross(2,4).
nocross(2,5).
nocross(2,6).
nocross(2,7).
nocross(2,8).
nocross(2,11).
nocross(2,20).
nocross(2,21).
nocross(2,22).
nocross(2,23).
nocross(3,1).
nocross(3,2).
nocross(3,4).
nocross(3,5).
nocross(3,7).
nocross(3,8).
nocross(3,11).
nocross(3,20).
nocross(3,21).
nocross(3,22).
nocross(3,23).
nocross(4,1).
nocross(4,2).
nocross(4,3).
nocross(4,5).
nocross(4,6).
nocross(4,7).
nocross(4,8).
nocross(5,1).
nocross(5,2).
nocross(5,3).
nocross(5,4).
nocross(5,6).
nocross(5,7).
nocross(5,8).
nocross(5,11).
nocross(5,22).
nocross(6,1).
nocross(6,2).
nocross(6,3).
nocross(6,4).
nocross(6,5).
nocross(6,7).
nocross(6,8).
nocross(6,26).
nocross(7,1).
nocross(7,2).
nocross(7,3).
nocross(7,4).
nocross(7,5).
nocross(7,6).
nocross(7,8).
nocross(7,11).
nocross(7,20).
nocross(7,22).
nocross(7,26).
nocross(8,1).
nocross(8,2).
nocross(8,3).
nocross(8,4).
nocross(8,5).
nocross(8,6).
nocross(8,7).
nocross(8,11).
nocross(8,20).
nocross(8,21).
nocross(8,22).
nocross(9,10).
nocross(9,11).
nocross(9,12).
nocross(9,13).
nocross(9,19).
nocross(9,20).
nocross(9,21).
nocross(9,23).
nocross(9,24).
nocross(9,25).
nocross(9,26).
nocross(9,27).
nocross(9,28).
nocross(10,9).
nocross(10,11).
nocross(10,12).
nocross(10,13).
nocross(10,19).
nocross(10,20).
nocross(10,21).
nocross(10,23).
nocross(10,24).
nocross(10,25).
nocross(10,26).
nocross(10,27).
nocross(10,28).
nocross(11,1).
nocross(11,2).
nocross(11,3).
nocross(11,7).
nocross(11,9).
nocross(11,10).
nocross(11,12).
nocross(11,13).
nocross(11,19).
nocross(11,20).
nocross(11,21).
nocross(11,22).
nocross(11,23).
nocross(11,26).
nocross(12,2).
nocross(12,7).
nocross(12,9).
nocross(12,10).
nocross(12,11).
nocross(12,13).
nocross(12,20).
nocross(12,21).
nocross(12,23).
nocross(12,24).
nocross(12,25).
nocross(12,26).
nocross(12,27).
nocross(12,28).
nocross(13,2).
nocross(13,9).
nocross(13,10).
nocross(13,11).
nocross(13,12).
nocross(13,19).
nocross(13,20).
nocross(13,21).
nocross(13,23).
nocross(13,24).
nocross(13,26).
nocross(13,27).
nocross(13,28).
nocross(14,15).
nocross(14,16).
nocross(14,17).
nocross(14,18).
nocross(14,24).
nocross(14,25).
nocross(14,26).
nocross(14,27).
nocross(14,28).
nocross(15,14).
nocross(15,16).
nocross(15,17).
nocross(15,18).
nocross(15,25).
nocross(15,26).
nocross(15,27).
nocross(15,28).
nocross(16,14).
nocross(16,15).
nocross(16,17).
nocross(16,18).
nocross(16,24).
nocross(16,25).
nocross(16,26).
nocross(16,27).
nocross(16,28).
nocross(17,14).
nocross(17,15).
nocross(17,16).
nocross(17,18).
nocross(17,24).
nocross(17,25).
nocross(17,26).
nocross(17,27).
nocross(17,28).
nocross(18,14).
nocross(18,15).
nocross(18,16).
nocross(18,17).
nocross(18,24).
nocross(18,25).
nocross(18,26).
nocross(18,27).
nocross(18,28).
nocross(19,9).
nocross(19,10).
nocross(19,11).
nocross(19,12).
nocross(19,13).
nocross(19,20).
nocross(19,21).
nocross(19,22).
nocross(19,23).
nocross(20,1).
nocross(20,2).
nocross(20,7).
nocross(20,9).
nocross(20,10).
nocross(20,11).
nocross(20,12).
nocross(20,13).
nocross(20,19).
nocross(20,21).
nocross(20,22).
nocross(20,23).
nocross(20,26).
nocross(21,2).
nocross(21,3).
nocross(21,7).
nocross(21,9).
nocross(21,10).
nocross(21,11).
nocross(21,12).
nocross(21,13).
nocross(21,19).
nocross(21,20).
nocross(21,22).
nocross(21,23).
nocross(22,1).
nocross(22,2).
nocross(22,3).
nocross(22,5).
nocross(22,7).
nocross(22,8).
nocross(22,9).
nocross(22,11).
nocross(22,12).
nocross(22,19).
nocross(22,20).
nocross(22,21).
nocross(22,23).
nocross(23,2).
nocross(23,3).
nocross(23,7).
nocross(23,9).
nocross(23,10).
nocross(23,11).
nocross(23,12).
nocross(23,13).
nocross(23,19).
nocross(23,20).
nocross(23,21).
nocross(23,22).
nocross(24,9).
nocross(24,10).
nocross(24,11).
nocross(24,12).
nocross(24,13).
nocross(24,14).
nocross(24,16).
nocross(24,17).
nocross(24,18).
nocross(24,25).
nocross(24,26).
nocross(24,27).
nocross(24,28).
nocross(25,9).
nocross(25,14).
nocross(25,16).
nocross(25,17).
nocross(25,18).
nocross(25,24).
nocross(25,26).
nocross(25,27).
nocross(25,28).
nocross(26,9).
nocross(26,10).
nocross(26,11).
nocross(26,12).
nocross(26,13).
nocross(26,17).
nocross(26,18).
nocross(26,24).
nocross(26,25).
nocross(26,27).
nocross(26,28).
nocross(27,9).
nocross(27,10).
nocross(27,11).
nocross(27,12).
nocross(27,13).
nocross(27,14).
nocross(27,16).
nocross(27,17).
nocross(27,18).
nocross(27,24).
nocross(27,25).
nocross(27,26).
nocross(27,28).
nocross(28,9).
nocross(28,10).
nocross(28,11).
nocross(28,12).
nocross(28,13).
nocross(28,14).
nocross(28,16).
nocross(28,17).
nocross(28,18).
nocross(28,24).
nocross(28,25).
nocross(28,26).
nocross(28,27).
