dimension(28).
point(1, 47.6586538571, 50.2732378721).
point(2, 45.5759234486, 46.2962945256).
point(3, 55.3077058076, 48.4512597113).
point(4, 57.8796157554, 47.3036270121).
point(5, 56.0682761086, 54.1907328358).
point(6, 48.8697063347, 39.9066125653).
point(7, 53.3150527231, 46.2273637498).
point(8, 49.7619669376, 45.0365802783).
point(9, 2.0236467469, 82.4681446369).
point(10, 10.5539938854, 84.3212908325).
point(11, 0.4878496285, 86.039918553).
point(12, 0.5606469836, 89.667868801).
point(13, 6.4263499523, 74.2323832696).
point(14, 79.3400497611, 1.6114686953).
point(15, 77.6546773505, 4.4779088343).
point(16, 93.690455817, 12.8113712038).
point(17, 83.703916865, 8.7275356285).
point(18, 82.6259729916, 24.4248623365).
point(19, 62.4173822157, 89.2755704069).
point(20, 69.3907206131, 93.7652755343).
point(21, 66.5708857528, 74.80822181).
point(22, 59.2939934083, 92.0343185082).
point(23, 67.64860868, 83.3674869146).
point(24, 19.5698296688, 27.0802193549).
point(25, 21.7277148515, 23.4035062113).
point(26, 22.4730108486, 33.4882803054).
point(27, 20.6612409137, 32.1067551745).
point(28, 21.818557947, 28.0803055573).
cost(1, 2, 4).
cost(1, 3, 8).
cost(1, 4, 11).
cost(1, 5, 9).
cost(1, 6, 10).
cost(1, 7, 7).
cost(1, 8, 6).
cost(1, 9, 56).
cost(1, 10, 50).
cost(1, 11, 59).
cost(1, 12, 61).
cost(1, 13, 48).
cost(1, 14, 58).
cost(1, 15, 55).
cost(1, 16, 59).
cost(1, 17, 55).
cost(1, 18, 43).
cost(1, 19, 42).
cost(1, 20, 49).
cost(1, 21, 31).
cost(1, 22, 43).
cost(1, 23, 39).
cost(1, 24, 36).
cost(1, 25, 37).
cost(1, 26, 30).
cost(1, 27, 33).
cost(1, 28, 34).
cost(2, 1, 4).
cost(2, 3, 10).
cost(2, 4, 12).
cost(2, 5, 13).
cost(2, 6, 7).
cost(2, 7, 8).
cost(2, 8, 4).
cost(2, 9, 57).
cost(2, 10, 52).
cost(2, 11, 60).
cost(2, 12, 63).
cost(2, 13, 48).
cost(2, 14, 56).
cost(2, 15, 53).
cost(2, 16, 59).
cost(2, 17, 54).
cost(2, 18, 43).
cost(2, 19, 46).
cost(2, 20, 53).
cost(2, 21, 35).
cost(2, 22, 48).
cost(2, 23, 43).
cost(2, 24, 32).
cost(2, 25, 33).
cost(2, 26, 26).
cost(2, 27, 29).
cost(2, 28, 30).
cost(3, 1, 8).
cost(3, 2, 10).
cost(3, 4, 3).
cost(3, 5, 6).
cost(3, 6, 11).
cost(3, 7, 3).
cost(3, 8, 7).
cost(3, 9, 63).
cost(3, 10, 57).
cost(3, 11, 66).
cost(3, 12, 69).
cost(3, 13, 55).
cost(3, 14, 53).
cost(3, 15, 49).
cost(3, 16, 52).
cost(3, 17, 49).
cost(3, 18, 36).
cost(3, 19, 41).
cost(3, 20, 47).
cost(3, 21, 29).
cost(3, 22, 44).
cost(3, 23, 37).
cost(3, 24, 42).
cost(3, 25, 42).
cost(3, 26, 36).
cost(3, 27, 38).
cost(3, 28, 39).
cost(4, 1, 11).
cost(4, 2, 12).
cost(4, 3, 3).
cost(4, 5, 7).
cost(4, 6, 12).
cost(4, 7, 5).
cost(4, 8, 8).
cost(4, 9, 66).
cost(4, 10, 60).
cost(4, 11, 69).
cost(4, 12, 71).
cost(4, 13, 58).
cost(4, 14, 50).
cost(4, 15, 47).
cost(4, 16, 50).
cost(4, 17, 46).
cost(4, 18, 34).
cost(4, 19, 42).
cost(4, 20, 48).
cost(4, 21, 29).
cost(4, 22, 45).
cost(4, 23, 37).
cost(4, 24, 43).
cost(4, 25, 43).
cost(4, 26, 38).
cost(4, 27, 40).
cost(4, 28, 41).
cost(5, 1, 9).
cost(5, 2, 13).
cost(5, 3, 6).
cost(5, 4, 7).
cost(5, 6, 16).
cost(5, 7, 8).
cost(5, 8, 11).
cost(5, 9, 61).
cost(5, 10, 55).
cost(5, 11, 64).
cost(5, 12, 66).
cost(5, 13, 54).
cost(5, 14, 57).
cost(5, 15, 54).
cost(5, 16, 56).
cost(5, 17, 53).
cost(5, 18, 40).
cost(5, 19, 36).
cost(5, 20, 42).
cost(5, 21, 23).
cost(5, 22, 38).
cost(5, 23, 31).
cost(5, 24, 45).
cost(5, 25, 46).
cost(5, 26, 39).
cost(5, 27, 42).
cost(5, 28, 43).
cost(6, 1, 10).
cost(6, 2, 7).
cost(6, 3, 11).
cost(6, 4, 12).
cost(6, 5, 16).
cost(6, 7, 8).
cost(6, 8, 5).
cost(6, 9, 63).
cost(6, 10, 59).
cost(6, 11, 67).
cost(6, 12, 69).
cost(6, 13, 55).
cost(6, 14, 49).
cost(6, 15, 46).
cost(6, 16, 52).
cost(6, 17, 47).
cost(6, 18, 37).
cost(6, 19, 51).
cost(6, 20, 58).
cost(6, 21, 39).
cost(6, 22, 53).
cost(6, 23, 47).
cost(6, 24, 32).
cost(6, 25, 32).
cost(6, 26, 27).
cost(6, 27, 29).
cost(6, 28, 30).
cost(7, 1, 7).
cost(7, 2, 8).
cost(7, 3, 3).
cost(7, 4, 5).
cost(7, 5, 8).
cost(7, 6, 8).
cost(7, 8, 4).
cost(7, 9, 63).
cost(7, 10, 57).
cost(7, 11, 66).
cost(7, 12, 68).
cost(7, 13, 55).
cost(7, 14, 52).
cost(7, 15, 48).
cost(7, 16, 52).
cost(7, 17, 48).
cost(7, 18, 37).
cost(7, 19, 44).
cost(7, 20, 50).
cost(7, 21, 32).
cost(7, 22, 46).
cost(7, 23, 40).
cost(7, 24, 39).
cost(7, 25, 39).
cost(7, 26, 33).
cost(7, 27, 36).
cost(7, 28, 36).
cost(8, 1, 6).
cost(8, 2, 4).
cost(8, 3, 7).
cost(8, 4, 8).
cost(8, 5, 11).
cost(8, 6, 5).
cost(8, 7, 4).
cost(8, 9, 61).
cost(8, 10, 56).
cost(8, 11, 64).
cost(8, 12, 66).
cost(8, 13, 52).
cost(8, 14, 53).
cost(8, 15, 49).
cost(8, 16, 54).
cost(8, 17, 50).
cost(8, 18, 39).
cost(8, 19, 46).
cost(8, 20, 53).
cost(8, 21, 34).
cost(8, 22, 48).
cost(8, 23, 42).
cost(8, 24, 35).
cost(8, 25, 35).
cost(8, 26, 30).
cost(8, 27, 32).
cost(8, 28, 33).
cost(9, 1, 56).
cost(9, 2, 57).
cost(9, 3, 63).
cost(9, 4, 66).
cost(9, 5, 61).
cost(9, 6, 63).
cost(9, 7, 63).
cost(9, 8, 61).
cost(9, 10, 9).
cost(9, 11, 4).
cost(9, 12, 7).
cost(9, 13, 9).
cost(9, 14, 112).
cost(9, 15, 109).
cost(9, 16, 115).
cost(9, 17, 110).
cost(9, 18, 99).
cost(9, 19, 61).
cost(9, 20, 68).
cost(9, 21, 65).
cost(9, 22, 58).
cost(9, 23, 66).
cost(9, 24, 58).
cost(9, 25, 62).
cost(9, 26, 53).
cost(9, 27, 54).
cost(9, 28, 58).
cost(10, 1, 50).
cost(10, 2, 52).
cost(10, 3, 57).
cost(10, 4, 60).
cost(10, 5, 55).
cost(10, 6, 59).
cost(10, 7, 57).
cost(10, 8, 56).
cost(10, 9, 9).
cost(10, 11, 10).
cost(10, 12, 11).
cost(10, 13, 11).
cost(10, 14, 108).
cost(10, 15, 104).
cost(10, 16, 110).
cost(10, 17, 105).
cost(10, 18, 94).
cost(10, 19, 52).
cost(10, 20, 60).
cost(10, 21, 57).
cost(10, 22, 49).
cost(10, 23, 57).
cost(10, 24, 58).
cost(10, 25, 62).
cost(10, 26, 52).
cost(10, 27, 53).
cost(10, 28, 57).
cost(11, 1, 59).
cost(11, 2, 60).
cost(11, 3, 66).
cost(11, 4, 69).
cost(11, 5, 64).
cost(11, 6, 67).
cost(11, 7, 66).
cost(11, 8, 64).
cost(11, 9, 4).
cost(11, 10, 10).
cost(11, 12, 4).
cost(11, 13, 13).
cost(11, 14, 116).
cost(11, 15, 112).
cost(11, 16, 119).
cost(11, 17, 114).
cost(11, 18, 103).
cost(11, 19, 62).
cost(11, 20, 69).
cost(11, 21, 67).
cost(11, 22, 59).
cost(11, 23, 67).
cost(11, 24, 62).
cost(11, 25, 66).
cost(11, 26, 57).
cost(11, 27, 58).
cost(11, 28, 62).
cost(12, 1, 61).
cost(12, 2, 63).
cost(12, 3, 69).
cost(12, 4, 71).
cost(12, 5, 66).
cost(12, 6, 69).
cost(12, 7, 68).
cost(12, 8, 66).
cost(12, 9, 7).
cost(12, 10, 11).
cost(12, 11, 4).
cost(12, 13, 17).
cost(12, 14, 118).
cost(12, 15, 115).
cost(12, 16, 121).
cost(12, 17, 116).
cost(12, 18, 105).
cost(12, 19, 62).
cost(12, 20, 69).
cost(12, 21, 68).
cost(12, 22, 59).
cost(12, 23, 67).
cost(12, 24, 65).
cost(12, 25, 70).
cost(12, 26, 60).
cost(12, 27, 61).
cost(12, 28, 65).
cost(13, 1, 48).
cost(13, 2, 48).
cost(13, 3, 55).
cost(13, 4, 58).
cost(13, 5, 54).
cost(13, 6, 55).
cost(13, 7, 55).
cost(13, 8, 52).
cost(13, 9, 9).
cost(13, 10, 11).
cost(13, 11, 13).
cost(13, 12, 17).
cost(13, 14, 103).
cost(13, 15, 100).
cost(13, 16, 107).
cost(13, 17, 101).
cost(13, 18, 91).
cost(13, 19, 58).
cost(13, 20, 66).
cost(13, 21, 60).
cost(13, 22, 56).
cost(13, 23, 62).
cost(13, 24, 49).
cost(13, 25, 53).
cost(13, 26, 44).
cost(13, 27, 44).
cost(13, 28, 49).
cost(14, 1, 58).
cost(14, 2, 56).
cost(14, 3, 53).
cost(14, 4, 50).
cost(14, 5, 57).
cost(14, 6, 49).
cost(14, 7, 52).
cost(14, 8, 53).
cost(14, 9, 112).
cost(14, 10, 108).
cost(14, 11, 116).
cost(14, 12, 118).
cost(14, 13, 103).
cost(14, 15, 3).
cost(14, 16, 18).
cost(14, 17, 8).
cost(14, 18, 23).
cost(14, 19, 89).
cost(14, 20, 93).
cost(14, 21, 74).
cost(14, 22, 93).
cost(14, 23, 83).
cost(14, 24, 65).
cost(14, 25, 62).
cost(14, 26, 65).
cost(14, 27, 66).
cost(14, 28, 63).
cost(15, 1, 55).
cost(15, 2, 53).
cost(15, 3, 49).
cost(15, 4, 47).
cost(15, 5, 54).
cost(15, 6, 46).
cost(15, 7, 48).
cost(15, 8, 49).
cost(15, 9, 109).
cost(15, 10, 104).
cost(15, 11, 112).
cost(15, 12, 115).
cost(15, 13, 100).
cost(15, 14, 3).
cost(15, 16, 18).
cost(15, 17, 7).
cost(15, 18, 21).
cost(15, 19, 86).
cost(15, 20, 90).
cost(15, 21, 71).
cost(15, 22, 89).
cost(15, 23, 80).
cost(15, 24, 62).
cost(15, 25, 59).
cost(15, 26, 62).
cost(15, 27, 63).
cost(15, 28, 61).
cost(16, 1, 59).
cost(16, 2, 59).
cost(16, 3, 52).
cost(16, 4, 50).
cost(16, 5, 56).
cost(16, 6, 52).
cost(16, 7, 52).
cost(16, 8, 54).
cost(16, 9, 115).
cost(16, 10, 110).
cost(16, 11, 119).
cost(16, 12, 121).
cost(16, 13, 107).
cost(16, 14, 18).
cost(16, 15, 18).
cost(16, 17, 11).
cost(16, 18, 16).
cost(16, 19, 83).
cost(16, 20, 85).
cost(16, 21, 68).
cost(16, 22, 86).
cost(16, 23, 75).
cost(16, 24, 75).
cost(16, 25, 73).
cost(16, 26, 74).
cost(16, 27, 76).
cost(16, 28, 73).
cost(17, 1, 55).
cost(17, 2, 54).
cost(17, 3, 49).
cost(17, 4, 46).
cost(17, 5, 53).
cost(17, 6, 47).
cost(17, 7, 48).
cost(17, 8, 50).
cost(17, 9, 110).
cost(17, 10, 105).
cost(17, 11, 114).
cost(17, 12, 116).
cost(17, 13, 101).
cost(17, 14, 8).
cost(17, 15, 7).
cost(17, 16, 11).
cost(17, 18, 16).
cost(17, 19, 83).
cost(17, 20, 86).
cost(17, 21, 68).
cost(17, 22, 87).
cost(17, 23, 76).
cost(17, 24, 67).
cost(17, 25, 64).
cost(17, 26, 66).
cost(17, 27, 67).
cost(17, 28, 65).
cost(18, 1, 43).
cost(18, 2, 43).
cost(18, 3, 36).
cost(18, 4, 34).
cost(18, 5, 40).
cost(18, 6, 37).
cost(18, 7, 37).
cost(18, 8, 39).
cost(18, 9, 99).
cost(18, 10, 94).
cost(18, 11, 103).
cost(18, 12, 105).
cost(18, 13, 91).
cost(18, 14, 23).
cost(18, 15, 21).
cost(18, 16, 16).
cost(18, 17, 16).
cost(18, 19, 68).
cost(18, 20, 71).
cost(18, 21, 53).
cost(18, 22, 72).
cost(18, 23, 61).
cost(18, 24, 63).
cost(18, 25, 61).
cost(18, 26, 61).
cost(18, 27, 62).
cost(18, 28, 61).
cost(19, 1, 42).
cost(19, 2, 46).
cost(19, 3, 41).
cost(19, 4, 42).
cost(19, 5, 36).
cost(19, 6, 51).
cost(19, 7, 44).
cost(19, 8, 46).
cost(19, 9, 61).
cost(19, 10, 52).
cost(19, 11, 62).
cost(19, 12, 62).
cost(19, 13, 58).
cost(19, 14, 89).
cost(19, 15, 86).
cost(19, 16, 83).
cost(19, 17, 83).
cost(19, 18, 68).
cost(19, 20, 8).
cost(19, 21, 15).
cost(19, 22, 4).
cost(19, 23, 8).
cost(19, 24, 76).
cost(19, 25, 77).
cost(19, 26, 69).
cost(19, 27, 71).
cost(19, 28, 73).
cost(20, 1, 49).
cost(20, 2, 53).
cost(20, 3, 47).
cost(20, 4, 48).
cost(20, 5, 42).
cost(20, 6, 58).
cost(20, 7, 50).
cost(20, 8, 53).
cost(20, 9, 68).
cost(20, 10, 60).
cost(20, 11, 69).
cost(20, 12, 69).
cost(20, 13, 66).
cost(20, 14, 93).
cost(20, 15, 90).
cost(20, 16, 85).
cost(20, 17, 86).
cost(20, 18, 71).
cost(20, 19, 8).
cost(20, 21, 19).
cost(20, 22, 10).
cost(20, 23, 11).
cost(20, 24, 83).
cost(20, 25, 85).
cost(20, 26, 76).
cost(20, 27, 79).
cost(20, 28, 81).
cost(21, 1, 31).
cost(21, 2, 35).
cost(21, 3, 29).
cost(21, 4, 29).
cost(21, 5, 23).
cost(21, 6, 39).
cost(21, 7, 32).
cost(21, 8, 34).
cost(21, 9, 65).
cost(21, 10, 57).
cost(21, 11, 67).
cost(21, 12, 68).
cost(21, 13, 60).
cost(21, 14, 74).
cost(21, 15, 71).
cost(21, 16, 68).
cost(21, 17, 68).
cost(21, 18, 53).
cost(21, 19, 15).
cost(21, 20, 19).
cost(21, 22, 19).
cost(21, 23, 9).
cost(21, 24, 67).
cost(21, 25, 68).
cost(21, 26, 60).
cost(21, 27, 63).
cost(21, 28, 65).
cost(22, 1, 43).
cost(22, 2, 48).
cost(22, 3, 44).
cost(22, 4, 45).
cost(22, 5, 38).
cost(22, 6, 53).
cost(22, 7, 46).
cost(22, 8, 48).
cost(22, 9, 58).
cost(22, 10, 49).
cost(22, 11, 59).
cost(22, 12, 59).
cost(22, 13, 56).
cost(22, 14, 93).
cost(22, 15, 89).
cost(22, 16, 86).
cost(22, 17, 87).
cost(22, 18, 72).
cost(22, 19, 4).
cost(22, 20, 10).
cost(22, 21, 19).
cost(22, 23, 12).
cost(22, 24, 76).
cost(22, 25, 78).
cost(22, 26, 69).
cost(22, 27, 71).
cost(22, 28, 74).
cost(23, 1, 39).
cost(23, 2, 43).
cost(23, 3, 37).
cost(23, 4, 37).
cost(23, 5, 31).
cost(23, 6, 47).
cost(23, 7, 40).
cost(23, 8, 42).
cost(23, 9, 66).
cost(23, 10, 57).
cost(23, 11, 67).
cost(23, 12, 67).
cost(23, 13, 62).
cost(23, 14, 83).
cost(23, 15, 80).
cost(23, 16, 75).
cost(23, 17, 76).
cost(23, 18, 61).
cost(23, 19, 8).
cost(23, 20, 11).
cost(23, 21, 9).
cost(23, 22, 12).
cost(23, 24, 74).
cost(23, 25, 76).
cost(23, 26, 67).
cost(23, 27, 70).
cost(23, 28, 72).
cost(24, 1, 36).
cost(24, 2, 32).
cost(24, 3, 42).
cost(24, 4, 43).
cost(24, 5, 45).
cost(24, 6, 32).
cost(24, 7, 39).
cost(24, 8, 35).
cost(24, 9, 58).
cost(24, 10, 58).
cost(24, 11, 62).
cost(24, 12, 65).
cost(24, 13, 49).
cost(24, 14, 65).
cost(24, 15, 62).
cost(24, 16, 75).
cost(24, 17, 67).
cost(24, 18, 63).
cost(24, 19, 76).
cost(24, 20, 83).
cost(24, 21, 67).
cost(24, 22, 76).
cost(24, 23, 74).
cost(24, 25, 4).
cost(24, 26, 7).
cost(24, 27, 5).
cost(24, 28, 2).
cost(25, 1, 37).
cost(25, 2, 33).
cost(25, 3, 42).
cost(25, 4, 43).
cost(25, 5, 46).
cost(25, 6, 32).
cost(25, 7, 39).
cost(25, 8, 35).
cost(25, 9, 62).
cost(25, 10, 62).
cost(25, 11, 66).
cost(25, 12, 70).
cost(25, 13, 53).
cost(25, 14, 62).
cost(25, 15, 59).
cost(25, 16, 73).
cost(25, 17, 64).
cost(25, 18, 61).
cost(25, 19, 77).
cost(25, 20, 85).
cost(25, 21, 68).
cost(25, 22, 78).
cost(25, 23, 76).
cost(25, 24, 4).
cost(25, 26, 10).
cost(25, 27, 9).
cost(25, 28, 5).
cost(26, 1, 30).
cost(26, 2, 26).
cost(26, 3, 36).
cost(26, 4, 38).
cost(26, 5, 39).
cost(26, 6, 27).
cost(26, 7, 33).
cost(26, 8, 30).
cost(26, 9, 53).
cost(26, 10, 52).
cost(26, 11, 57).
cost(26, 12, 60).
cost(26, 13, 44).
cost(26, 14, 65).
cost(26, 15, 62).
cost(26, 16, 74).
cost(26, 17, 66).
cost(26, 18, 61).
cost(26, 19, 69).
cost(26, 20, 76).
cost(26, 21, 60).
cost(26, 22, 69).
cost(26, 23, 67).
cost(26, 24, 7).
cost(26, 25, 10).
cost(26, 27, 2).
cost(26, 28, 5).
cost(27, 1, 33).
cost(27, 2, 29).
cost(27, 3, 38).
cost(27, 4, 40).
cost(27, 5, 42).
cost(27, 6, 29).
cost(27, 7, 36).
cost(27, 8, 32).
cost(27, 9, 54).
cost(27, 10, 53).
cost(27, 11, 58).
cost(27, 12, 61).
cost(27, 13, 44).
cost(27, 14, 66).
cost(27, 15, 63).
cost(27, 16, 76).
cost(27, 17, 67).
cost(27, 18, 62).
cost(27, 19, 71).
cost(27, 20, 79).
cost(27, 21, 63).
cost(27, 22, 71).
cost(27, 23, 70).
cost(27, 24, 5).
cost(27, 25, 9).
cost(27, 26, 2).
cost(27, 28, 4).
cost(28, 1, 34).
cost(28, 2, 30).
cost(28, 3, 39).
cost(28, 4, 41).
cost(28, 5, 43).
cost(28, 6, 30).
cost(28, 7, 36).
cost(28, 8, 33).
cost(28, 9, 58).
cost(28, 10, 57).
cost(28, 11, 62).
cost(28, 12, 65).
cost(28, 13, 49).
cost(28, 14, 63).
cost(28, 15, 61).
cost(28, 16, 73).
cost(28, 17, 65).
cost(28, 18, 61).
cost(28, 19, 73).
cost(28, 20, 81).
cost(28, 21, 65).
cost(28, 22, 74).
cost(28, 23, 72).
cost(28, 24, 2).
cost(28, 25, 5).
cost(28, 26, 5).
cost(28, 27, 4).
nocross(1,2).
nocross(1,3).
nocross(1,4).
nocross(1,5).
nocross(1,6).
nocross(1,7).
nocross(1,8).
nocross(1,13).
nocross(1,26).
nocross(1,27).
nocross(1,28).
nocross(2,1).
nocross(2,3).
nocross(2,4).
nocross(2,5).
nocross(2,6).
nocross(2,7).
nocross(2,8).
nocross(2,13).
nocross(2,18).
nocross(2,26).
nocross(2,27).
nocross(2,28).
nocross(3,1).
nocross(3,2).
nocross(3,4).
nocross(3,5).
nocross(3,6).
nocross(3,7).
nocross(3,8).
nocross(3,18).
nocross(3,21).
nocross(3,26).
nocross(3,27).
nocross(3,28).
nocross(4,1).
nocross(4,2).
nocross(4,3).
nocross(4,5).
nocross(4,6).
nocross(4,7).
nocross(4,8).
nocross(4,18).
nocross(4,26).
nocross(4,28).
nocross(5,1).
nocross(5,2).
nocross(5,3).
nocross(5,4).
nocross(5,6).
nocross(5,7).
nocross(5,8).
nocross(5,21).
nocross(6,1).
nocross(6,2).
nocross(6,3).
nocross(6,4).
nocross(6,5).
nocross(6,7).
nocross(6,8).
nocross(6,18).
nocross(6,24).
nocross(6,26).
nocross(6,27).
nocross(6,28).
nocross(7,1).
nocross(7,2).
nocross(7,3).
nocross(7,4).
nocross(7,5).
nocross(7,6).
nocross(7,8).
nocross(7,18).
nocross(7,26).
nocross(7,27).
nocross(7,28).
nocross(8,1).
nocross(8,2).
nocross(8,3).
nocross(8,4).
nocross(8,5).
nocross(8,6).
nocross(8,7).
nocross(8,18).
nocross(8,26).
nocross(8,27).
nocross(8,28).
nocross(9,10).
nocross(9,11).
nocross(9,13).
nocross(9,24).
nocross(9,26).
nocross(9,28).
nocross(10,9).
nocross(10,13).
nocross(11,9).
nocross(11,10).
nocross(11,13).
nocross(12,9).
nocross(12,10).
nocross(12,11).
nocross(12,13).
nocross(13,1).
nocross(13,2).
nocross(13,8).
nocross(13,9).
nocross(13,10).
nocross(13,24).
nocross(13,26).
nocross(13,27).
nocross(13,28).
nocross(14,15).
nocross(14,16).
nocross(14,17).
nocross(14,18).
nocross(14,25).
nocross(15,6).
nocross(15,14).
nocross(15,16).
nocross(15,17).
nocross(15,18).
nocross(15,25).
nocross(16,15).
nocross(16,17).
nocross(16,18).
nocross(17,15).
nocross(17,16).
nocross(17,18).
nocross(18,2).
nocross(18,3).
nocross(18,4).
nocross(18,5).
nocross(18,6).
nocross(18,7).
nocross(18,8).
nocross(18,15).
nocross(18,16).
nocross(18,17).
nocross(19,21).
nocross(19,22).
nocross(19,23).
nocross(20,19).
nocross(20,21).
nocross(20,22).
nocross(20,23).
nocross(21,1).
nocross(21,2).
nocross(21,3).
nocross(21,4).
nocross(21,5).
nocross(21,7).
nocross(21,8).
nocross(21,19).
nocross(21,23).
nocross(22,19).
nocross(23,3).
nocross(23,5).
nocross(23,19).
nocross(23,21).
nocross(24,2).
nocross(24,3).
nocross(24,8).
nocross(24,9).
nocross(24,13).
nocross(24,25).
nocross(24,26).
nocross(24,27).
nocross(24,28).
nocross(25,2).
nocross(25,24).
nocross(25,26).
nocross(25,27).
nocross(25,28).
nocross(26,1).
nocross(26,2).
nocross(26,3).
nocross(26,4).
nocross(26,5).
nocross(26,6).
nocross(26,7).
nocross(26,8).
nocross(26,9).
nocross(26,13).
nocross(26,24).
nocross(26,27).
nocross(26,28).
nocross(27,1).
nocross(27,2).
nocross(27,3).
nocross(27,6).
nocross(27,7).
nocross(27,8).
nocross(27,9).
nocross(27,13).
nocross(27,24).
nocross(27,26).
nocross(27,28).
nocross(28,2).
nocross(28,3).
nocross(28,6).
nocross(28,7).
nocross(28,8).
nocross(28,9).
nocross(28,13).
nocross(28,18).
nocross(28,24).
nocross(28,25).
nocross(28,26).
nocross(28,27).
