dimension(28).
point(1, 66.8370395074, 9.7972959279).
point(2, 82.1367471146, 16.193442407).
point(3, 68.9331606919, 19.2127130677).
point(4, 68.4788614784, 6.6302145984).
point(5, 64.7095740145, 3.1957808169).
point(6, 22.2370215144, 87.5470441266).
point(7, 22.3825259891, 96.187177391).
point(8, 38.9031544626, 92.5274479804).
point(9, 15.9066186348, 84.7666931844).
point(10, 21.7933715386, 90.5081701502).
point(11, 26.6056773053, 92.0533899059).
point(12, 31.5812136502, 96.392190862).
point(13, 26.6917846121, 95.1874261328).
point(14, 89.16776664, 52.6749069699).
point(15, 88.6719095064, 60.3215282307).
point(16, 94.7694014048, 50.9128286705).
point(17, 92.7312652565, 54.1147621332).
point(18, 85.6448327851, 55.0165433124).
point(19, 23.0695094201, 66.1869650113).
point(20, 24.0844418197, 70.1405230332).
point(21, 17.5742509544, 64.8724768517).
point(22, 26.1350714728, 72.2745612175).
point(23, 17.3775978746, 61.7558474542).
point(24, 30.6866800642, 25.427762402).
point(25, 53.535428965, 34.8249956337).
point(26, 48.1687474417, 38.1384532373).
point(27, 42.6538819453, 24.9383277748).
point(28, 31.7364688059, 44.8745816427).
cost(1, 2, 17).
cost(1, 3, 10).
cost(1, 4, 4).
cost(1, 5, 7).
cost(1, 6, 90).
cost(1, 7, 97).
cost(1, 8, 87).
cost(1, 9, 91).
cost(1, 10, 92).
cost(1, 11, 92).
cost(1, 12, 93).
cost(1, 13, 94).
cost(1, 14, 48).
cost(1, 15, 55).
cost(1, 16, 50).
cost(1, 17, 51).
cost(1, 18, 49).
cost(1, 19, 71).
cost(1, 20, 74).
cost(1, 21, 74).
cost(1, 22, 75).
cost(1, 23, 72).
cost(1, 24, 39).
cost(1, 25, 28).
cost(1, 26, 34).
cost(1, 27, 29).
cost(1, 28, 50).
cost(2, 1, 17).
cost(2, 3, 14).
cost(2, 4, 17).
cost(2, 5, 22).
cost(2, 6, 93).
cost(2, 7, 100).
cost(2, 8, 88).
cost(2, 9, 95).
cost(2, 10, 96).
cost(2, 11, 94).
cost(2, 12, 95).
cost(2, 13, 97).
cost(2, 14, 37).
cost(2, 15, 45).
cost(2, 16, 37).
cost(2, 17, 39).
cost(2, 18, 39).
cost(2, 19, 77).
cost(2, 20, 79).
cost(2, 21, 81).
cost(2, 22, 79).
cost(2, 23, 79).
cost(2, 24, 52).
cost(2, 25, 34).
cost(2, 26, 40).
cost(2, 27, 40).
cost(2, 28, 58).
cost(3, 1, 10).
cost(3, 2, 14).
cost(3, 4, 13).
cost(3, 5, 17).
cost(3, 6, 83).
cost(3, 7, 90).
cost(3, 8, 79).
cost(3, 9, 84).
cost(3, 10, 85).
cost(3, 11, 84).
cost(3, 12, 86).
cost(3, 13, 87).
cost(3, 14, 39).
cost(3, 15, 46).
cost(3, 16, 41).
cost(3, 17, 42).
cost(3, 18, 40).
cost(3, 19, 66).
cost(3, 20, 68).
cost(3, 21, 69).
cost(3, 22, 68).
cost(3, 23, 67).
cost(3, 24, 39).
cost(3, 25, 22).
cost(3, 26, 28).
cost(3, 27, 27).
cost(3, 28, 45).
cost(4, 1, 4).
cost(4, 2, 17).
cost(4, 3, 13).
cost(4, 5, 5).
cost(4, 6, 93).
cost(4, 7, 101).
cost(4, 8, 91).
cost(4, 9, 94).
cost(4, 10, 96).
cost(4, 11, 95).
cost(4, 12, 97).
cost(4, 13, 98).
cost(4, 14, 50).
cost(4, 15, 57).
cost(4, 16, 51).
cost(4, 17, 53).
cost(4, 18, 51).
cost(4, 19, 75).
cost(4, 20, 77).
cost(4, 21, 77).
cost(4, 22, 78).
cost(4, 23, 75).
cost(4, 24, 42).
cost(4, 25, 32).
cost(4, 26, 37).
cost(4, 27, 32).
cost(4, 28, 53).
cost(5, 1, 7).
cost(5, 2, 22).
cost(5, 3, 17).
cost(5, 4, 5).
cost(5, 6, 94).
cost(5, 7, 102).
cost(5, 8, 93).
cost(5, 9, 95).
cost(5, 10, 97).
cost(5, 11, 97).
cost(5, 12, 99).
cost(5, 13, 100).
cost(5, 14, 55).
cost(5, 15, 62).
cost(5, 16, 56).
cost(5, 17, 58).
cost(5, 18, 56).
cost(5, 19, 76).
cost(5, 20, 78).
cost(5, 21, 78).
cost(5, 22, 79).
cost(5, 23, 75).
cost(5, 24, 41).
cost(5, 25, 34).
cost(5, 26, 39).
cost(5, 27, 31).
cost(5, 28, 53).
cost(6, 1, 90).
cost(6, 2, 93).
cost(6, 3, 83).
cost(6, 4, 93).
cost(6, 5, 94).
cost(6, 7, 9).
cost(6, 8, 17).
cost(6, 9, 7).
cost(6, 10, 3).
cost(6, 11, 6).
cost(6, 12, 13).
cost(6, 13, 9).
cost(6, 14, 75).
cost(6, 15, 72).
cost(6, 16, 81).
cost(6, 17, 78).
cost(6, 18, 71).
cost(6, 19, 21).
cost(6, 20, 18).
cost(6, 21, 23).
cost(6, 22, 16).
cost(6, 23, 26).
cost(6, 24, 63).
cost(6, 25, 61).
cost(6, 26, 56).
cost(6, 27, 66).
cost(6, 28, 44).
cost(7, 1, 97).
cost(7, 2, 100).
cost(7, 3, 90).
cost(7, 4, 101).
cost(7, 5, 102).
cost(7, 6, 9).
cost(7, 8, 17).
cost(7, 9, 13).
cost(7, 10, 6).
cost(7, 11, 6).
cost(7, 12, 9).
cost(7, 13, 4).
cost(7, 14, 80).
cost(7, 15, 75).
cost(7, 16, 85).
cost(7, 17, 82).
cost(7, 18, 75).
cost(7, 19, 30).
cost(7, 20, 26).
cost(7, 21, 32).
cost(7, 22, 24).
cost(7, 23, 35).
cost(7, 24, 71).
cost(7, 25, 69).
cost(7, 26, 64).
cost(7, 27, 74).
cost(7, 28, 52).
cost(8, 1, 87).
cost(8, 2, 88).
cost(8, 3, 79).
cost(8, 4, 91).
cost(8, 5, 93).
cost(8, 6, 17).
cost(8, 7, 17).
cost(8, 9, 24).
cost(8, 10, 17).
cost(8, 11, 12).
cost(8, 12, 8).
cost(8, 13, 12).
cost(8, 14, 64).
cost(8, 15, 59).
cost(8, 16, 70).
cost(8, 17, 66).
cost(8, 18, 60).
cost(8, 19, 31).
cost(8, 20, 27).
cost(8, 21, 35).
cost(8, 22, 24).
cost(8, 23, 38).
cost(8, 24, 68).
cost(8, 25, 60).
cost(8, 26, 55).
cost(8, 27, 68).
cost(8, 28, 48).
cost(9, 1, 91).
cost(9, 2, 95).
cost(9, 3, 84).
cost(9, 4, 94).
cost(9, 5, 95).
cost(9, 6, 7).
cost(9, 7, 13).
cost(9, 8, 24).
cost(9, 10, 8).
cost(9, 11, 13).
cost(9, 12, 20).
cost(9, 13, 15).
cost(9, 14, 80).
cost(9, 15, 77).
cost(9, 16, 86).
cost(9, 17, 83).
cost(9, 18, 76).
cost(9, 19, 20).
cost(9, 20, 17).
cost(9, 21, 20).
cost(9, 22, 16).
cost(9, 23, 23).
cost(9, 24, 61).
cost(9, 25, 63).
cost(9, 26, 57).
cost(9, 27, 66).
cost(9, 28, 43).
cost(10, 1, 92).
cost(10, 2, 96).
cost(10, 3, 85).
cost(10, 4, 96).
cost(10, 5, 97).
cost(10, 6, 3).
cost(10, 7, 6).
cost(10, 8, 17).
cost(10, 9, 8).
cost(10, 11, 5).
cost(10, 12, 11).
cost(10, 13, 7).
cost(10, 14, 77).
cost(10, 15, 73).
cost(10, 16, 83).
cost(10, 17, 80).
cost(10, 18, 73).
cost(10, 19, 24).
cost(10, 20, 20).
cost(10, 21, 26).
cost(10, 22, 19).
cost(10, 23, 29).
cost(10, 24, 66).
cost(10, 25, 64).
cost(10, 26, 59).
cost(10, 27, 69).
cost(10, 28, 47).
cost(11, 1, 92).
cost(11, 2, 94).
cost(11, 3, 84).
cost(11, 4, 95).
cost(11, 5, 97).
cost(11, 6, 6).
cost(11, 7, 6).
cost(11, 8, 12).
cost(11, 9, 13).
cost(11, 10, 5).
cost(11, 12, 7).
cost(11, 13, 3).
cost(11, 14, 74).
cost(11, 15, 70).
cost(11, 16, 80).
cost(11, 17, 76).
cost(11, 18, 70).
cost(11, 19, 26).
cost(11, 20, 22).
cost(11, 21, 29).
cost(11, 22, 20).
cost(11, 23, 32).
cost(11, 24, 67).
cost(11, 25, 63).
cost(11, 26, 58).
cost(11, 27, 69).
cost(11, 28, 47).
cost(12, 1, 93).
cost(12, 2, 95).
cost(12, 3, 86).
cost(12, 4, 97).
cost(12, 5, 99).
cost(12, 6, 13).
cost(12, 7, 9).
cost(12, 8, 8).
cost(12, 9, 20).
cost(12, 10, 11).
cost(12, 11, 7).
cost(12, 13, 5).
cost(12, 14, 72).
cost(12, 15, 68).
cost(12, 16, 78).
cost(12, 17, 74).
cost(12, 18, 68).
cost(12, 19, 31).
cost(12, 20, 27).
cost(12, 21, 34).
cost(12, 22, 25).
cost(12, 23, 37).
cost(12, 24, 71).
cost(12, 25, 65).
cost(12, 26, 61).
cost(12, 27, 72).
cost(12, 28, 52).
cost(13, 1, 94).
cost(13, 2, 97).
cost(13, 3, 87).
cost(13, 4, 98).
cost(13, 5, 100).
cost(13, 6, 9).
cost(13, 7, 4).
cost(13, 8, 12).
cost(13, 9, 15).
cost(13, 10, 7).
cost(13, 11, 3).
cost(13, 12, 5).
cost(13, 14, 76).
cost(13, 15, 71).
cost(13, 16, 81).
cost(13, 17, 78).
cost(13, 18, 71).
cost(13, 19, 29).
cost(13, 20, 25).
cost(13, 21, 32).
cost(13, 22, 23).
cost(13, 23, 35).
cost(13, 24, 70).
cost(13, 25, 66).
cost(13, 26, 61).
cost(13, 27, 72).
cost(13, 28, 51).
cost(14, 1, 48).
cost(14, 2, 37).
cost(14, 3, 39).
cost(14, 4, 50).
cost(14, 5, 55).
cost(14, 6, 75).
cost(14, 7, 80).
cost(14, 8, 64).
cost(14, 9, 80).
cost(14, 10, 77).
cost(14, 11, 74).
cost(14, 12, 72).
cost(14, 13, 76).
cost(14, 15, 8).
cost(14, 16, 6).
cost(14, 17, 4).
cost(14, 18, 4).
cost(14, 19, 67).
cost(14, 20, 67).
cost(14, 21, 73).
cost(14, 22, 66).
cost(14, 23, 72).
cost(14, 24, 65).
cost(14, 25, 40).
cost(14, 26, 43).
cost(14, 27, 54).
cost(14, 28, 58).
cost(15, 1, 55).
cost(15, 2, 45).
cost(15, 3, 46).
cost(15, 4, 57).
cost(15, 5, 62).
cost(15, 6, 72).
cost(15, 7, 75).
cost(15, 8, 59).
cost(15, 9, 77).
cost(15, 10, 73).
cost(15, 11, 70).
cost(15, 12, 68).
cost(15, 13, 71).
cost(15, 14, 8).
cost(15, 16, 11).
cost(15, 17, 7).
cost(15, 18, 6).
cost(15, 19, 66).
cost(15, 20, 65).
cost(15, 21, 71).
cost(15, 22, 64).
cost(15, 23, 71).
cost(15, 24, 68).
cost(15, 25, 43).
cost(15, 26, 46).
cost(15, 27, 58).
cost(15, 28, 59).
cost(16, 1, 50).
cost(16, 2, 37).
cost(16, 3, 41).
cost(16, 4, 51).
cost(16, 5, 56).
cost(16, 6, 81).
cost(16, 7, 85).
cost(16, 8, 70).
cost(16, 9, 86).
cost(16, 10, 83).
cost(16, 11, 80).
cost(16, 12, 78).
cost(16, 13, 81).
cost(16, 14, 6).
cost(16, 15, 11).
cost(16, 17, 4).
cost(16, 18, 10).
cost(16, 19, 73).
cost(16, 20, 73).
cost(16, 21, 78).
cost(16, 22, 72).
cost(16, 23, 78).
cost(16, 24, 69).
cost(16, 25, 44).
cost(16, 26, 48).
cost(16, 27, 58).
cost(16, 28, 63).
cost(17, 1, 51).
cost(17, 2, 39).
cost(17, 3, 42).
cost(17, 4, 53).
cost(17, 5, 58).
cost(17, 6, 78).
cost(17, 7, 82).
cost(17, 8, 66).
cost(17, 9, 83).
cost(17, 10, 80).
cost(17, 11, 76).
cost(17, 12, 74).
cost(17, 13, 78).
cost(17, 14, 4).
cost(17, 15, 7).
cost(17, 16, 4).
cost(17, 18, 7).
cost(17, 19, 71).
cost(17, 20, 70).
cost(17, 21, 76).
cost(17, 22, 69).
cost(17, 23, 76).
cost(17, 24, 68).
cost(17, 25, 44).
cost(17, 26, 47).
cost(17, 27, 58).
cost(17, 28, 62).
cost(18, 1, 49).
cost(18, 2, 39).
cost(18, 3, 40).
cost(18, 4, 51).
cost(18, 5, 56).
cost(18, 6, 71).
cost(18, 7, 75).
cost(18, 8, 60).
cost(18, 9, 76).
cost(18, 10, 73).
cost(18, 11, 70).
cost(18, 12, 68).
cost(18, 13, 71).
cost(18, 14, 4).
cost(18, 15, 6).
cost(18, 16, 10).
cost(18, 17, 7).
cost(18, 19, 64).
cost(18, 20, 63).
cost(18, 21, 69).
cost(18, 22, 62).
cost(18, 23, 69).
cost(18, 24, 62).
cost(18, 25, 38).
cost(18, 26, 41).
cost(18, 27, 52).
cost(18, 28, 55).
cost(19, 1, 71).
cost(19, 2, 77).
cost(19, 3, 66).
cost(19, 4, 75).
cost(19, 5, 76).
cost(19, 6, 21).
cost(19, 7, 30).
cost(19, 8, 31).
cost(19, 9, 20).
cost(19, 10, 24).
cost(19, 11, 26).
cost(19, 12, 31).
cost(19, 13, 29).
cost(19, 14, 67).
cost(19, 15, 66).
cost(19, 16, 73).
cost(19, 17, 71).
cost(19, 18, 64).
cost(19, 20, 4).
cost(19, 21, 6).
cost(19, 22, 7).
cost(19, 23, 7).
cost(19, 24, 41).
cost(19, 25, 44).
cost(19, 26, 38).
cost(19, 27, 46).
cost(19, 28, 23).
cost(20, 1, 74).
cost(20, 2, 79).
cost(20, 3, 68).
cost(20, 4, 77).
cost(20, 5, 78).
cost(20, 6, 18).
cost(20, 7, 26).
cost(20, 8, 27).
cost(20, 9, 17).
cost(20, 10, 20).
cost(20, 11, 22).
cost(20, 12, 27).
cost(20, 13, 25).
cost(20, 14, 67).
cost(20, 15, 65).
cost(20, 16, 73).
cost(20, 17, 70).
cost(20, 18, 63).
cost(20, 19, 4).
cost(20, 21, 8).
cost(20, 22, 3).
cost(20, 23, 11).
cost(20, 24, 45).
cost(20, 25, 46).
cost(20, 26, 40).
cost(20, 27, 49).
cost(20, 28, 26).
cost(21, 1, 74).
cost(21, 2, 81).
cost(21, 3, 69).
cost(21, 4, 77).
cost(21, 5, 78).
cost(21, 6, 23).
cost(21, 7, 32).
cost(21, 8, 35).
cost(21, 9, 20).
cost(21, 10, 26).
cost(21, 11, 29).
cost(21, 12, 34).
cost(21, 13, 32).
cost(21, 14, 73).
cost(21, 15, 71).
cost(21, 16, 78).
cost(21, 17, 76).
cost(21, 18, 69).
cost(21, 19, 6).
cost(21, 20, 8).
cost(21, 22, 11).
cost(21, 23, 3).
cost(21, 24, 42).
cost(21, 25, 47).
cost(21, 26, 41).
cost(21, 27, 47).
cost(21, 28, 25).
cost(22, 1, 75).
cost(22, 2, 79).
cost(22, 3, 68).
cost(22, 4, 78).
cost(22, 5, 79).
cost(22, 6, 16).
cost(22, 7, 24).
cost(22, 8, 24).
cost(22, 9, 16).
cost(22, 10, 19).
cost(22, 11, 20).
cost(22, 12, 25).
cost(22, 13, 23).
cost(22, 14, 66).
cost(22, 15, 64).
cost(22, 16, 72).
cost(22, 17, 69).
cost(22, 18, 62).
cost(22, 19, 7).
cost(22, 20, 3).
cost(22, 21, 11).
cost(22, 23, 14).
cost(22, 24, 47).
cost(22, 25, 46).
cost(22, 26, 41).
cost(22, 27, 50).
cost(22, 28, 28).
cost(23, 1, 72).
cost(23, 2, 79).
cost(23, 3, 67).
cost(23, 4, 75).
cost(23, 5, 75).
cost(23, 6, 26).
cost(23, 7, 35).
cost(23, 8, 38).
cost(23, 9, 23).
cost(23, 10, 29).
cost(23, 11, 32).
cost(23, 12, 37).
cost(23, 13, 35).
cost(23, 14, 72).
cost(23, 15, 71).
cost(23, 16, 78).
cost(23, 17, 76).
cost(23, 18, 69).
cost(23, 19, 7).
cost(23, 20, 11).
cost(23, 21, 3).
cost(23, 22, 14).
cost(23, 24, 39).
cost(23, 25, 45).
cost(23, 26, 39).
cost(23, 27, 45).
cost(23, 28, 22).
cost(24, 1, 39).
cost(24, 2, 52).
cost(24, 3, 39).
cost(24, 4, 42).
cost(24, 5, 41).
cost(24, 6, 63).
cost(24, 7, 71).
cost(24, 8, 68).
cost(24, 9, 61).
cost(24, 10, 66).
cost(24, 11, 67).
cost(24, 12, 71).
cost(24, 13, 70).
cost(24, 14, 65).
cost(24, 15, 68).
cost(24, 16, 69).
cost(24, 17, 68).
cost(24, 18, 62).
cost(24, 19, 41).
cost(24, 20, 45).
cost(24, 21, 42).
cost(24, 22, 47).
cost(24, 23, 39).
cost(24, 25, 25).
cost(24, 26, 22).
cost(24, 27, 12).
cost(24, 28, 19).
cost(25, 1, 28).
cost(25, 2, 34).
cost(25, 3, 22).
cost(25, 4, 32).
cost(25, 5, 34).
cost(25, 6, 61).
cost(25, 7, 69).
cost(25, 8, 60).
cost(25, 9, 63).
cost(25, 10, 64).
cost(25, 11, 63).
cost(25, 12, 65).
cost(25, 13, 66).
cost(25, 14, 40).
cost(25, 15, 43).
cost(25, 16, 44).
cost(25, 17, 44).
cost(25, 18, 38).
cost(25, 19, 44).
cost(25, 20, 46).
cost(25, 21, 47).
cost(25, 22, 46).
cost(25, 23, 45).
cost(25, 24, 25).
cost(25, 26, 6).
cost(25, 27, 15).
cost(25, 28, 24).
cost(26, 1, 34).
cost(26, 2, 40).
cost(26, 3, 28).
cost(26, 4, 37).
cost(26, 5, 39).
cost(26, 6, 56).
cost(26, 7, 64).
cost(26, 8, 55).
cost(26, 9, 57).
cost(26, 10, 59).
cost(26, 11, 58).
cost(26, 12, 61).
cost(26, 13, 61).
cost(26, 14, 43).
cost(26, 15, 46).
cost(26, 16, 48).
cost(26, 17, 47).
cost(26, 18, 41).
cost(26, 19, 38).
cost(26, 20, 40).
cost(26, 21, 41).
cost(26, 22, 41).
cost(26, 23, 39).
cost(26, 24, 22).
cost(26, 25, 6).
cost(26, 27, 14).
cost(26, 28, 18).
cost(27, 1, 29).
cost(27, 2, 40).
cost(27, 3, 27).
cost(27, 4, 32).
cost(27, 5, 31).
cost(27, 6, 66).
cost(27, 7, 74).
cost(27, 8, 68).
cost(27, 9, 66).
cost(27, 10, 69).
cost(27, 11, 69).
cost(27, 12, 72).
cost(27, 13, 72).
cost(27, 14, 54).
cost(27, 15, 58).
cost(27, 16, 58).
cost(27, 17, 58).
cost(27, 18, 52).
cost(27, 19, 46).
cost(27, 20, 49).
cost(27, 21, 47).
cost(27, 22, 50).
cost(27, 23, 45).
cost(27, 24, 12).
cost(27, 25, 15).
cost(27, 26, 14).
cost(27, 28, 23).
cost(28, 1, 50).
cost(28, 2, 58).
cost(28, 3, 45).
cost(28, 4, 53).
cost(28, 5, 53).
cost(28, 6, 44).
cost(28, 7, 52).
cost(28, 8, 48).
cost(28, 9, 43).
cost(28, 10, 47).
cost(28, 11, 47).
cost(28, 12, 52).
cost(28, 13, 51).
cost(28, 14, 58).
cost(28, 15, 59).
cost(28, 16, 63).
cost(28, 17, 62).
cost(28, 18, 55).
cost(28, 19, 23).
cost(28, 20, 26).
cost(28, 21, 25).
cost(28, 22, 28).
cost(28, 23, 22).
cost(28, 24, 19).
cost(28, 25, 24).
cost(28, 26, 18).
cost(28, 27, 23).
nocross(1,2).
nocross(1,3).
nocross(1,4).
nocross(1,5).
nocross(1,14).
nocross(1,16).
nocross(1,18).
nocross(1,24).
nocross(1,25).
nocross(1,26).
nocross(1,27).
nocross(2,1).
nocross(2,3).
nocross(2,4).
nocross(2,5).
nocross(2,14).
nocross(2,16).
nocross(2,17).
nocross(2,18).
nocross(2,25).
nocross(2,26).
nocross(2,27).
nocross(3,1).
nocross(3,2).
nocross(3,4).
nocross(3,5).
nocross(3,14).
nocross(3,15).
nocross(3,16).
nocross(3,17).
nocross(3,18).
nocross(3,25).
nocross(3,26).
nocross(3,27).
nocross(4,1).
nocross(4,2).
nocross(4,3).
nocross(4,5).
nocross(4,14).
nocross(4,16).
nocross(4,18).
nocross(4,24).
nocross(4,25).
nocross(4,26).
nocross(4,27).
nocross(5,1).
nocross(5,2).
nocross(5,3).
nocross(5,4).
nocross(5,24).
nocross(5,25).
nocross(5,26).
nocross(5,27).
nocross(6,7).
nocross(6,8).
nocross(6,9).
nocross(6,10).
nocross(6,11).
nocross(6,12).
nocross(6,13).
nocross(6,19).
nocross(6,20).
nocross(6,21).
nocross(6,22).
nocross(6,23).
nocross(6,28).
nocross(7,6).
nocross(7,8).
nocross(7,9).
nocross(7,10).
nocross(7,11).
nocross(7,12).
nocross(7,13).
nocross(7,19).
nocross(7,20).
nocross(7,21).
nocross(7,22).
nocross(7,23).
nocross(8,6).
nocross(8,7).
nocross(8,10).
nocross(8,11).
nocross(8,12).
nocross(8,13).
nocross(8,19).
nocross(8,20).
nocross(8,21).
nocross(8,22).
nocross(8,26).
nocross(9,6).
nocross(9,7).
nocross(9,10).
nocross(9,11).
nocross(9,12).
nocross(9,13).
nocross(9,19).
nocross(9,20).
nocross(9,21).
nocross(9,22).
nocross(9,23).
nocross(9,26).
nocross(9,28).
nocross(10,6).
nocross(10,7).
nocross(10,8).
nocross(10,9).
nocross(10,11).
nocross(10,12).
nocross(10,13).
nocross(10,19).
nocross(10,20).
nocross(10,21).
nocross(10,22).
nocross(10,23).
nocross(11,6).
nocross(11,7).
nocross(11,8).
nocross(11,9).
nocross(11,10).
nocross(11,12).
nocross(11,13).
nocross(11,19).
nocross(11,20).
nocross(11,21).
nocross(11,22).
nocross(11,23).
nocross(12,6).
nocross(12,7).
nocross(12,8).
nocross(12,9).
nocross(12,10).
nocross(12,11).
nocross(12,13).
nocross(12,19).
nocross(12,20).
nocross(12,21).
nocross(12,22).
nocross(13,6).
nocross(13,7).
nocross(13,8).
nocross(13,9).
nocross(13,10).
nocross(13,11).
nocross(13,12).
nocross(13,19).
nocross(13,20).
nocross(13,21).
nocross(13,22).
nocross(13,23).
nocross(14,1).
nocross(14,2).
nocross(14,3).
nocross(14,4).
nocross(14,15).
nocross(14,16).
nocross(14,17).
nocross(14,18).
nocross(14,25).
nocross(14,26).
nocross(15,1).
nocross(15,3).
nocross(15,14).
nocross(15,16).
nocross(15,17).
nocross(15,18).
nocross(15,25).
nocross(15,26).
nocross(16,1).
nocross(16,2).
nocross(16,3).
nocross(16,4).
nocross(16,14).
nocross(16,15).
nocross(16,17).
nocross(16,18).
nocross(16,25).
nocross(16,26).
nocross(17,1).
nocross(17,2).
nocross(17,3).
nocross(17,4).
nocross(17,14).
nocross(17,15).
nocross(17,16).
nocross(17,18).
nocross(17,25).
nocross(17,26).
nocross(18,1).
nocross(18,2).
nocross(18,3).
nocross(18,4).
nocross(18,8).
nocross(18,14).
nocross(18,15).
nocross(18,16).
nocross(18,17).
nocross(18,25).
nocross(18,26).
nocross(19,6).
nocross(19,7).
nocross(19,8).
nocross(19,9).
nocross(19,10).
nocross(19,11).
nocross(19,12).
nocross(19,13).
nocross(19,20).
nocross(19,21).
nocross(19,22).
nocross(19,23).
nocross(19,24).
nocross(19,25).
nocross(19,26).
nocross(19,27).
nocross(19,28).
nocross(20,6).
nocross(20,7).
nocross(20,8).
nocross(20,9).
nocross(20,10).
nocross(20,11).
nocross(20,12).
nocross(20,13).
nocross(20,19).
nocross(20,21).
nocross(20,22).
nocross(20,23).
nocross(20,24).
nocross(20,25).
nocross(20,26).
nocross(20,28).
nocross(21,6).
nocross(21,7).
nocross(21,9).
nocross(21,10).
nocross(21,11).
nocross(21,12).
nocross(21,13).
nocross(21,19).
nocross(21,20).
nocross(21,22).
nocross(21,23).
nocross(21,24).
nocross(21,25).
nocross(21,26).
nocross(21,27).
nocross(21,28).
nocross(22,6).
nocross(22,7).
nocross(22,8).
nocross(22,9).
nocross(22,10).
nocross(22,11).
nocross(22,12).
nocross(22,13).
nocross(22,19).
nocross(22,20).
nocross(22,21).
nocross(22,23).
nocross(22,24).
nocross(22,25).
nocross(22,26).
nocross(22,28).
nocross(23,6).
nocross(23,7).
nocross(23,9).
nocross(23,10).
nocross(23,11).
nocross(23,13).
nocross(23,19).
nocross(23,20).
nocross(23,21).
nocross(23,22).
nocross(23,24).
nocross(23,25).
nocross(23,26).
nocross(23,27).
nocross(23,28).
nocross(24,1).
nocross(24,3).
nocross(24,5).
nocross(24,19).
nocross(24,20).
nocross(24,21).
nocross(24,22).
nocross(24,23).
nocross(24,25).
nocross(24,26).
nocross(24,27).
nocross(24,28).
nocross(25,1).
nocross(25,2).
nocross(25,3).
nocross(25,4).
nocross(25,5).
nocross(25,14).
nocross(25,15).
nocross(25,18).
nocross(25,20).
nocross(25,22).
nocross(25,24).
nocross(25,26).
nocross(25,27).
nocross(25,28).
nocross(26,1).
nocross(26,3).
nocross(26,4).
nocross(26,5).
nocross(26,14).
nocross(26,18).
nocross(26,19).
nocross(26,20).
nocross(26,22).
nocross(26,24).
nocross(26,25).
nocross(26,27).
nocross(26,28).
nocross(27,1).
nocross(27,2).
nocross(27,3).
nocross(27,4).
nocross(27,5).
nocross(27,6).
nocross(27,18).
nocross(27,19).
nocross(27,20).
nocross(27,21).
nocross(27,22).
nocross(27,24).
nocross(27,25).
nocross(27,26).
nocross(27,28).
nocross(28,1).
nocross(28,3).
nocross(28,6).
nocross(28,8).
nocross(28,10).
nocross(28,11).
nocross(28,13).
nocross(28,18).
nocross(28,19).
nocross(28,20).
nocross(28,21).
nocross(28,22).
nocross(28,23).
nocross(28,24).
nocross(28,25).
nocross(28,26).
nocross(28,27).
