dimension(28).
point(1, 32.3221734288, 67.8205794375).
point(2, 27.2705217985, 82.2608573603).
point(3, 32.7347267659, 84.5968389013).
point(4, 21.0734371964, 93.0161940381).
point(5, 19.4913453605, 84.5189938377).
point(6, 52.9983713085, 24.5677190456).
point(7, 39.724791952, 33.8935277922).
point(8, 46.7335023645, 27.2929269126).
point(9, 59.8552953676, 16.5620094072).
point(10, 45.5117751532, 24.1811699487).
point(11, 85.4392890901, 58.5036760516).
point(12, 91.4039507591, 40.101018313).
point(13, 99.9270206119, 48.6097626563).
point(14, 95.8672025853, 52.9040267486).
point(15, 87.1040460238, 47.728381862).
point(16, 5.231712415, 13.1981376786).
point(17, 0.6576614425, 15.5455664623).
point(18, 0.848922268, 11.4447404233).
point(19, 12.7328242146, 14.6544747567).
point(20, 0.9338795973, 8.1229043804).
point(21, 17.3636641543, 13.1939626398).
point(22, 1.1374174469, 10.0225594924).
point(23, 7.9723967822, 12.8208125904).
point(24, 67.2288671595, 87.6007277945).
point(25, 66.3602216767, 77.6818110808).
point(26, 59.3930078831, 95.0254306232).
point(27, 64.8239392578, 77.2996073819).
point(28, 71.5525519044, 75.757582848).
cost(1, 2, 15).
cost(1, 3, 17).
cost(1, 4, 28).
cost(1, 5, 21).
cost(1, 6, 48).
cost(1, 7, 35).
cost(1, 8, 43).
cost(1, 9, 58).
cost(1, 10, 46).
cost(1, 11, 54).
cost(1, 12, 65).
cost(1, 13, 70).
cost(1, 14, 65).
cost(1, 15, 58).
cost(1, 16, 61).
cost(1, 17, 61).
cost(1, 18, 65).
cost(1, 19, 57).
cost(1, 20, 67).
cost(1, 21, 57).
cost(1, 22, 66).
cost(1, 23, 60).
cost(1, 24, 40).
cost(1, 25, 35).
cost(1, 26, 38).
cost(1, 27, 34).
cost(1, 28, 40).
cost(2, 1, 15).
cost(2, 3, 6).
cost(2, 4, 12).
cost(2, 5, 8).
cost(2, 6, 63).
cost(2, 7, 50).
cost(2, 8, 58).
cost(2, 9, 73).
cost(2, 10, 61).
cost(2, 11, 63).
cost(2, 12, 77).
cost(2, 13, 80).
cost(2, 14, 75).
cost(2, 15, 69).
cost(2, 16, 72).
cost(2, 17, 72).
cost(2, 18, 76).
cost(2, 19, 69).
cost(2, 20, 79).
cost(2, 21, 70).
cost(2, 22, 77).
cost(2, 23, 72).
cost(2, 24, 40).
cost(2, 25, 39).
cost(2, 26, 35).
cost(2, 27, 38).
cost(2, 28, 45).
cost(3, 1, 17).
cost(3, 2, 6).
cost(3, 4, 14).
cost(3, 5, 13).
cost(3, 6, 63).
cost(3, 7, 51).
cost(3, 8, 59).
cost(3, 9, 73).
cost(3, 10, 62).
cost(3, 11, 59).
cost(3, 12, 74).
cost(3, 13, 76).
cost(3, 14, 71).
cost(3, 15, 66).
cost(3, 16, 77).
cost(3, 17, 76).
cost(3, 18, 80).
cost(3, 19, 73).
cost(3, 20, 83).
cost(3, 21, 73).
cost(3, 22, 81).
cost(3, 23, 76).
cost(3, 24, 35).
cost(3, 25, 34).
cost(3, 26, 29).
cost(3, 27, 33).
cost(3, 28, 40).
cost(4, 1, 28).
cost(4, 2, 12).
cost(4, 3, 14).
cost(4, 5, 9).
cost(4, 6, 76).
cost(4, 7, 62).
cost(4, 8, 71).
cost(4, 9, 86).
cost(4, 10, 73).
cost(4, 11, 73).
cost(4, 12, 88).
cost(4, 13, 90).
cost(4, 14, 85).
cost(4, 15, 80).
cost(4, 16, 81).
cost(4, 17, 80).
cost(4, 18, 84).
cost(4, 19, 79).
cost(4, 20, 87).
cost(4, 21, 80).
cost(4, 22, 85).
cost(4, 23, 81).
cost(4, 24, 46).
cost(4, 25, 48).
cost(4, 26, 38).
cost(4, 27, 46).
cost(4, 28, 53).
cost(5, 1, 21).
cost(5, 2, 8).
cost(5, 3, 13).
cost(5, 4, 9).
cost(5, 6, 69).
cost(5, 7, 55).
cost(5, 8, 63).
cost(5, 9, 79).
cost(5, 10, 66).
cost(5, 11, 71).
cost(5, 12, 85).
cost(5, 13, 88).
cost(5, 14, 83).
cost(5, 15, 77).
cost(5, 16, 73).
cost(5, 17, 71).
cost(5, 18, 75).
cost(5, 19, 70).
cost(5, 20, 79).
cost(5, 21, 71).
cost(5, 22, 77).
cost(5, 23, 73).
cost(5, 24, 48).
cost(5, 25, 47).
cost(5, 26, 41).
cost(5, 27, 46).
cost(5, 28, 53).
cost(6, 1, 48).
cost(6, 2, 63).
cost(6, 3, 63).
cost(6, 4, 76).
cost(6, 5, 69).
cost(6, 7, 16).
cost(6, 8, 7).
cost(6, 9, 11).
cost(6, 10, 7).
cost(6, 11, 47).
cost(6, 12, 41).
cost(6, 13, 53).
cost(6, 14, 51).
cost(6, 15, 41).
cost(6, 16, 49).
cost(6, 17, 53).
cost(6, 18, 54).
cost(6, 19, 41).
cost(6, 20, 55).
cost(6, 21, 37).
cost(6, 22, 54).
cost(6, 23, 47).
cost(6, 24, 65).
cost(6, 25, 55).
cost(6, 26, 71).
cost(6, 27, 54).
cost(6, 28, 54).
cost(7, 1, 35).
cost(7, 2, 50).
cost(7, 3, 51).
cost(7, 4, 62).
cost(7, 5, 55).
cost(7, 6, 16).
cost(7, 8, 10).
cost(7, 9, 27).
cost(7, 10, 11).
cost(7, 11, 52).
cost(7, 12, 52).
cost(7, 13, 62).
cost(7, 14, 59).
cost(7, 15, 49).
cost(7, 16, 40).
cost(7, 17, 43).
cost(7, 18, 45).
cost(7, 19, 33).
cost(7, 20, 47).
cost(7, 21, 30).
cost(7, 22, 45).
cost(7, 23, 38).
cost(7, 24, 60).
cost(7, 25, 51).
cost(7, 26, 64).
cost(7, 27, 50).
cost(7, 28, 53).
cost(8, 1, 43).
cost(8, 2, 58).
cost(8, 3, 59).
cost(8, 4, 71).
cost(8, 5, 63).
cost(8, 6, 7).
cost(8, 7, 10).
cost(8, 9, 17).
cost(8, 10, 3).
cost(8, 11, 50).
cost(8, 12, 46).
cost(8, 13, 57).
cost(8, 14, 55).
cost(8, 15, 45).
cost(8, 16, 44).
cost(8, 17, 48).
cost(8, 18, 49).
cost(8, 19, 36).
cost(8, 20, 50).
cost(8, 21, 33).
cost(8, 22, 49).
cost(8, 23, 41).
cost(8, 24, 64).
cost(8, 25, 54).
cost(8, 26, 69).
cost(8, 27, 53).
cost(8, 28, 54).
cost(9, 1, 58).
cost(9, 2, 73).
cost(9, 3, 73).
cost(9, 4, 86).
cost(9, 5, 79).
cost(9, 6, 11).
cost(9, 7, 27).
cost(9, 8, 17).
cost(9, 10, 16).
cost(9, 11, 49).
cost(9, 12, 39).
cost(9, 13, 51).
cost(9, 14, 51).
cost(9, 15, 41).
cost(9, 16, 55).
cost(9, 17, 59).
cost(9, 18, 59).
cost(9, 19, 47).
cost(9, 20, 60).
cost(9, 21, 43).
cost(9, 22, 59).
cost(9, 23, 52).
cost(9, 24, 71).
cost(9, 25, 61).
cost(9, 26, 78).
cost(9, 27, 61).
cost(9, 28, 60).
cost(10, 1, 46).
cost(10, 2, 61).
cost(10, 3, 62).
cost(10, 4, 73).
cost(10, 5, 66).
cost(10, 6, 7).
cost(10, 7, 11).
cost(10, 8, 3).
cost(10, 9, 16).
cost(10, 11, 53).
cost(10, 12, 49).
cost(10, 13, 60).
cost(10, 14, 58).
cost(10, 15, 48).
cost(10, 16, 42).
cost(10, 17, 46).
cost(10, 18, 46).
cost(10, 19, 34).
cost(10, 20, 47).
cost(10, 21, 30).
cost(10, 22, 47).
cost(10, 23, 39).
cost(10, 24, 67).
cost(10, 25, 57).
cost(10, 26, 72).
cost(10, 27, 57).
cost(10, 28, 58).
cost(11, 1, 54).
cost(11, 2, 63).
cost(11, 3, 59).
cost(11, 4, 73).
cost(11, 5, 71).
cost(11, 6, 47).
cost(11, 7, 52).
cost(11, 8, 50).
cost(11, 9, 49).
cost(11, 10, 53).
cost(11, 12, 19).
cost(11, 13, 18).
cost(11, 14, 12).
cost(11, 15, 11).
cost(11, 16, 92).
cost(11, 17, 95).
cost(11, 18, 97).
cost(11, 19, 85).
cost(11, 20, 98).
cost(11, 21, 82).
cost(11, 22, 97).
cost(11, 23, 90).
cost(11, 24, 34).
cost(11, 25, 27).
cost(11, 26, 45).
cost(11, 27, 28).
cost(11, 28, 22).
cost(12, 1, 65).
cost(12, 2, 77).
cost(12, 3, 74).
cost(12, 4, 88).
cost(12, 5, 85).
cost(12, 6, 41).
cost(12, 7, 52).
cost(12, 8, 46).
cost(12, 9, 39).
cost(12, 10, 49).
cost(12, 11, 19).
cost(12, 13, 12).
cost(12, 14, 14).
cost(12, 15, 9).
cost(12, 16, 90).
cost(12, 17, 94).
cost(12, 18, 95).
cost(12, 19, 83).
cost(12, 20, 96).
cost(12, 21, 79).
cost(12, 22, 95).
cost(12, 23, 88).
cost(12, 24, 53).
cost(12, 25, 45).
cost(12, 26, 64).
cost(12, 27, 46).
cost(12, 28, 41).
cost(13, 1, 70).
cost(13, 2, 80).
cost(13, 3, 76).
cost(13, 4, 90).
cost(13, 5, 88).
cost(13, 6, 53).
cost(13, 7, 62).
cost(13, 8, 57).
cost(13, 9, 51).
cost(13, 10, 60).
cost(13, 11, 18).
cost(13, 12, 12).
cost(13, 14, 6).
cost(13, 15, 13).
cost(13, 16, 101).
cost(13, 17, 105).
cost(13, 18, 106).
cost(13, 19, 94).
cost(13, 20, 107).
cost(13, 21, 90).
cost(13, 22, 106).
cost(13, 23, 99).
cost(13, 24, 51).
cost(13, 25, 44).
cost(13, 26, 62).
cost(13, 27, 45).
cost(13, 28, 39).
cost(14, 1, 65).
cost(14, 2, 75).
cost(14, 3, 71).
cost(14, 4, 85).
cost(14, 5, 83).
cost(14, 6, 51).
cost(14, 7, 59).
cost(14, 8, 55).
cost(14, 9, 51).
cost(14, 10, 58).
cost(14, 11, 12).
cost(14, 12, 14).
cost(14, 13, 6).
cost(14, 15, 10).
cost(14, 16, 99).
cost(14, 17, 102).
cost(14, 18, 104).
cost(14, 19, 92).
cost(14, 20, 105).
cost(14, 21, 88).
cost(14, 22, 104).
cost(14, 23, 97).
cost(14, 24, 45).
cost(14, 25, 39).
cost(14, 26, 56).
cost(14, 27, 39).
cost(14, 28, 33).
cost(15, 1, 58).
cost(15, 2, 69).
cost(15, 3, 66).
cost(15, 4, 80).
cost(15, 5, 77).
cost(15, 6, 41).
cost(15, 7, 49).
cost(15, 8, 45).
cost(15, 9, 41).
cost(15, 10, 48).
cost(15, 11, 11).
cost(15, 12, 9).
cost(15, 13, 13).
cost(15, 14, 10).
cost(15, 16, 89).
cost(15, 17, 92).
cost(15, 18, 94).
cost(15, 19, 81).
cost(15, 20, 95).
cost(15, 21, 78).
cost(15, 22, 94).
cost(15, 23, 86).
cost(15, 24, 45).
cost(15, 25, 36).
cost(15, 26, 55).
cost(15, 27, 37).
cost(15, 28, 32).
cost(16, 1, 61).
cost(16, 2, 72).
cost(16, 3, 77).
cost(16, 4, 81).
cost(16, 5, 73).
cost(16, 6, 49).
cost(16, 7, 40).
cost(16, 8, 44).
cost(16, 9, 55).
cost(16, 10, 42).
cost(16, 11, 92).
cost(16, 12, 90).
cost(16, 13, 101).
cost(16, 14, 99).
cost(16, 15, 89).
cost(16, 17, 5).
cost(16, 18, 5).
cost(16, 19, 8).
cost(16, 20, 7).
cost(16, 21, 12).
cost(16, 22, 5).
cost(16, 23, 3).
cost(16, 24, 97).
cost(16, 25, 89).
cost(16, 26, 98).
cost(16, 27, 88).
cost(16, 28, 91).
cost(17, 1, 61).
cost(17, 2, 72).
cost(17, 3, 76).
cost(17, 4, 80).
cost(17, 5, 71).
cost(17, 6, 53).
cost(17, 7, 43).
cost(17, 8, 48).
cost(17, 9, 59).
cost(17, 10, 46).
cost(17, 11, 95).
cost(17, 12, 94).
cost(17, 13, 105).
cost(17, 14, 102).
cost(17, 15, 92).
cost(17, 16, 5).
cost(17, 18, 4).
cost(17, 19, 12).
cost(17, 20, 7).
cost(17, 21, 17).
cost(17, 22, 6).
cost(17, 23, 8).
cost(17, 24, 98).
cost(17, 25, 90).
cost(17, 26, 99).
cost(17, 27, 89).
cost(17, 28, 93).
cost(18, 1, 65).
cost(18, 2, 76).
cost(18, 3, 80).
cost(18, 4, 84).
cost(18, 5, 75).
cost(18, 6, 54).
cost(18, 7, 45).
cost(18, 8, 49).
cost(18, 9, 59).
cost(18, 10, 46).
cost(18, 11, 97).
cost(18, 12, 95).
cost(18, 13, 106).
cost(18, 14, 104).
cost(18, 15, 94).
cost(18, 16, 5).
cost(18, 17, 4).
cost(18, 19, 12).
cost(18, 20, 3).
cost(18, 21, 17).
cost(18, 22, 1).
cost(18, 23, 7).
cost(18, 24, 101).
cost(18, 25, 93).
cost(18, 26, 102).
cost(18, 27, 92).
cost(18, 28, 96).
cost(19, 1, 57).
cost(19, 2, 69).
cost(19, 3, 73).
cost(19, 4, 79).
cost(19, 5, 70).
cost(19, 6, 41).
cost(19, 7, 33).
cost(19, 8, 36).
cost(19, 9, 47).
cost(19, 10, 34).
cost(19, 11, 85).
cost(19, 12, 83).
cost(19, 13, 94).
cost(19, 14, 92).
cost(19, 15, 81).
cost(19, 16, 8).
cost(19, 17, 12).
cost(19, 18, 12).
cost(19, 20, 13).
cost(19, 21, 5).
cost(19, 22, 12).
cost(19, 23, 5).
cost(19, 24, 91).
cost(19, 25, 83).
cost(19, 26, 93).
cost(19, 27, 81).
cost(19, 28, 85).
cost(20, 1, 67).
cost(20, 2, 79).
cost(20, 3, 83).
cost(20, 4, 87).
cost(20, 5, 79).
cost(20, 6, 55).
cost(20, 7, 47).
cost(20, 8, 50).
cost(20, 9, 60).
cost(20, 10, 47).
cost(20, 11, 98).
cost(20, 12, 96).
cost(20, 13, 107).
cost(20, 14, 105).
cost(20, 15, 95).
cost(20, 16, 7).
cost(20, 17, 7).
cost(20, 18, 3).
cost(20, 19, 13).
cost(20, 21, 17).
cost(20, 22, 2).
cost(20, 23, 8).
cost(20, 24, 103).
cost(20, 25, 95).
cost(20, 26, 105).
cost(20, 27, 94).
cost(20, 28, 98).
cost(21, 1, 57).
cost(21, 2, 70).
cost(21, 3, 73).
cost(21, 4, 80).
cost(21, 5, 71).
cost(21, 6, 37).
cost(21, 7, 30).
cost(21, 8, 33).
cost(21, 9, 43).
cost(21, 10, 30).
cost(21, 11, 82).
cost(21, 12, 79).
cost(21, 13, 90).
cost(21, 14, 88).
cost(21, 15, 78).
cost(21, 16, 12).
cost(21, 17, 17).
cost(21, 18, 17).
cost(21, 19, 5).
cost(21, 20, 17).
cost(21, 22, 17).
cost(21, 23, 9).
cost(21, 24, 90).
cost(21, 25, 81).
cost(21, 26, 92).
cost(21, 27, 80).
cost(21, 28, 83).
cost(22, 1, 66).
cost(22, 2, 77).
cost(22, 3, 81).
cost(22, 4, 85).
cost(22, 5, 77).
cost(22, 6, 54).
cost(22, 7, 45).
cost(22, 8, 49).
cost(22, 9, 59).
cost(22, 10, 47).
cost(22, 11, 97).
cost(22, 12, 95).
cost(22, 13, 106).
cost(22, 14, 104).
cost(22, 15, 94).
cost(22, 16, 5).
cost(22, 17, 6).
cost(22, 18, 1).
cost(22, 19, 12).
cost(22, 20, 2).
cost(22, 21, 17).
cost(22, 23, 7).
cost(22, 24, 102).
cost(22, 25, 94).
cost(22, 26, 103).
cost(22, 27, 93).
cost(22, 28, 96).
cost(23, 1, 60).
cost(23, 2, 72).
cost(23, 3, 76).
cost(23, 4, 81).
cost(23, 5, 73).
cost(23, 6, 47).
cost(23, 7, 38).
cost(23, 8, 41).
cost(23, 9, 52).
cost(23, 10, 39).
cost(23, 11, 90).
cost(23, 12, 88).
cost(23, 13, 99).
cost(23, 14, 97).
cost(23, 15, 86).
cost(23, 16, 3).
cost(23, 17, 8).
cost(23, 18, 7).
cost(23, 19, 5).
cost(23, 20, 8).
cost(23, 21, 9).
cost(23, 22, 7).
cost(23, 24, 95).
cost(23, 25, 87).
cost(23, 26, 97).
cost(23, 27, 86).
cost(23, 28, 89).
cost(24, 1, 40).
cost(24, 2, 40).
cost(24, 3, 35).
cost(24, 4, 46).
cost(24, 5, 48).
cost(24, 6, 65).
cost(24, 7, 60).
cost(24, 8, 64).
cost(24, 9, 71).
cost(24, 10, 67).
cost(24, 11, 34).
cost(24, 12, 53).
cost(24, 13, 51).
cost(24, 14, 45).
cost(24, 15, 45).
cost(24, 16, 97).
cost(24, 17, 98).
cost(24, 18, 101).
cost(24, 19, 91).
cost(24, 20, 103).
cost(24, 21, 90).
cost(24, 22, 102).
cost(24, 23, 95).
cost(24, 25, 10).
cost(24, 26, 11).
cost(24, 27, 11).
cost(24, 28, 13).
cost(25, 1, 35).
cost(25, 2, 39).
cost(25, 3, 34).
cost(25, 4, 48).
cost(25, 5, 47).
cost(25, 6, 55).
cost(25, 7, 51).
cost(25, 8, 54).
cost(25, 9, 61).
cost(25, 10, 57).
cost(25, 11, 27).
cost(25, 12, 45).
cost(25, 13, 44).
cost(25, 14, 39).
cost(25, 15, 36).
cost(25, 16, 89).
cost(25, 17, 90).
cost(25, 18, 93).
cost(25, 19, 83).
cost(25, 20, 95).
cost(25, 21, 81).
cost(25, 22, 94).
cost(25, 23, 87).
cost(25, 24, 10).
cost(25, 26, 19).
cost(25, 27, 2).
cost(25, 28, 6).
cost(26, 1, 38).
cost(26, 2, 35).
cost(26, 3, 29).
cost(26, 4, 38).
cost(26, 5, 41).
cost(26, 6, 71).
cost(26, 7, 64).
cost(26, 8, 69).
cost(26, 9, 78).
cost(26, 10, 72).
cost(26, 11, 45).
cost(26, 12, 64).
cost(26, 13, 62).
cost(26, 14, 56).
cost(26, 15, 55).
cost(26, 16, 98).
cost(26, 17, 99).
cost(26, 18, 102).
cost(26, 19, 93).
cost(26, 20, 105).
cost(26, 21, 92).
cost(26, 22, 103).
cost(26, 23, 97).
cost(26, 24, 11).
cost(26, 25, 19).
cost(26, 27, 19).
cost(26, 28, 23).
cost(27, 1, 34).
cost(27, 2, 38).
cost(27, 3, 33).
cost(27, 4, 46).
cost(27, 5, 46).
cost(27, 6, 54).
cost(27, 7, 50).
cost(27, 8, 53).
cost(27, 9, 61).
cost(27, 10, 57).
cost(27, 11, 28).
cost(27, 12, 46).
cost(27, 13, 45).
cost(27, 14, 39).
cost(27, 15, 37).
cost(27, 16, 88).
cost(27, 17, 89).
cost(27, 18, 92).
cost(27, 19, 81).
cost(27, 20, 94).
cost(27, 21, 80).
cost(27, 22, 93).
cost(27, 23, 86).
cost(27, 24, 11).
cost(27, 25, 2).
cost(27, 26, 19).
cost(27, 28, 7).
cost(28, 1, 40).
cost(28, 2, 45).
cost(28, 3, 40).
cost(28, 4, 53).
cost(28, 5, 53).
cost(28, 6, 54).
cost(28, 7, 53).
cost(28, 8, 54).
cost(28, 9, 60).
cost(28, 10, 58).
cost(28, 11, 22).
cost(28, 12, 41).
cost(28, 13, 39).
cost(28, 14, 33).
cost(28, 15, 32).
cost(28, 16, 91).
cost(28, 17, 93).
cost(28, 18, 96).
cost(28, 19, 85).
cost(28, 20, 98).
cost(28, 21, 83).
cost(28, 22, 96).
cost(28, 23, 89).
cost(28, 24, 13).
cost(28, 25, 6).
cost(28, 26, 23).
cost(28, 27, 7).
nocross(1,2).
nocross(1,3).
nocross(1,5).
nocross(1,7).
nocross(1,8).
nocross(1,11).
nocross(1,25).
nocross(1,27).
nocross(1,28).
nocross(2,1).
nocross(2,3).
nocross(2,4).
nocross(2,5).
nocross(2,7).
nocross(2,24).
nocross(2,25).
nocross(2,26).
nocross(2,27).
nocross(3,1).
nocross(3,2).
nocross(3,4).
nocross(3,5).
nocross(3,24).
nocross(3,25).
nocross(3,26).
nocross(3,27).
nocross(3,28).
nocross(4,1).
nocross(4,2).
nocross(4,3).
nocross(4,5).
nocross(4,24).
nocross(4,25).
nocross(4,26).
nocross(4,27).
nocross(4,28).
nocross(5,1).
nocross(5,2).
nocross(5,3).
nocross(5,4).
nocross(5,24).
nocross(5,26).
nocross(5,27).
nocross(6,7).
nocross(6,8).
nocross(6,9).
nocross(6,10).
nocross(6,12).
nocross(6,14).
nocross(6,15).
nocross(6,17).
nocross(6,21).
nocross(7,1).
nocross(7,6).
nocross(7,8).
nocross(7,10).
nocross(7,16).
nocross(7,19).
nocross(7,21).
nocross(7,23).
nocross(7,27).
nocross(8,1).
nocross(8,6).
nocross(8,7).
nocross(8,9).
nocross(8,10).
nocross(8,11).
nocross(8,12).
nocross(8,15).
nocross(8,19).
nocross(8,21).
nocross(8,23).
nocross(8,27).
nocross(9,6).
nocross(9,7).
nocross(9,8).
nocross(9,10).
nocross(9,11).
nocross(9,12).
nocross(9,13).
nocross(9,14).
nocross(9,15).
nocross(9,21).
nocross(10,6).
nocross(10,7).
nocross(10,8).
nocross(10,9).
nocross(10,11).
nocross(10,12).
nocross(10,14).
nocross(10,15).
nocross(10,17).
nocross(10,19).
nocross(10,21).
nocross(10,23).
nocross(11,1).
nocross(11,6).
nocross(11,7).
nocross(11,12).
nocross(11,13).
nocross(11,14).
nocross(11,15).
nocross(11,24).
nocross(11,25).
nocross(11,26).
nocross(11,27).
nocross(11,28).
nocross(12,6).
nocross(12,7).
nocross(12,8).
nocross(12,9).
nocross(12,10).
nocross(12,11).
nocross(12,13).
nocross(12,14).
nocross(12,15).
nocross(12,28).
nocross(13,6).
nocross(13,9).
nocross(13,11).
nocross(13,12).
nocross(13,14).
nocross(13,15).
nocross(13,24).
nocross(13,26).
nocross(13,27).
nocross(13,28).
nocross(14,9).
nocross(14,11).
nocross(14,12).
nocross(14,13).
nocross(14,15).
nocross(14,24).
nocross(14,25).
nocross(14,26).
nocross(14,27).
nocross(14,28).
nocross(15,6).
nocross(15,7).
nocross(15,8).
nocross(15,9).
nocross(15,10).
nocross(15,11).
nocross(15,12).
nocross(15,13).
nocross(15,14).
nocross(15,24).
nocross(15,25).
nocross(15,27).
nocross(15,28).
nocross(16,6).
nocross(16,7).
nocross(16,8).
nocross(16,9).
nocross(16,10).
nocross(16,17).
nocross(16,18).
nocross(16,19).
nocross(16,20).
nocross(16,21).
nocross(16,22).
nocross(16,23).
nocross(17,6).
nocross(17,7).
nocross(17,8).
nocross(17,9).
nocross(17,10).
nocross(17,16).
nocross(17,18).
nocross(17,19).
nocross(17,20).
nocross(17,21).
nocross(17,22).
nocross(17,23).
nocross(18,6).
nocross(18,7).
nocross(18,8).
nocross(18,9).
nocross(18,10).
nocross(18,16).
nocross(18,17).
nocross(18,19).
nocross(18,20).
nocross(18,21).
nocross(18,22).
nocross(18,23).
nocross(19,6).
nocross(19,7).
nocross(19,8).
nocross(19,9).
nocross(19,10).
nocross(19,16).
nocross(19,17).
nocross(19,18).
nocross(19,21).
nocross(19,22).
nocross(19,23).
nocross(20,6).
nocross(20,8).
nocross(20,9).
nocross(20,10).
nocross(20,16).
nocross(20,17).
nocross(20,18).
nocross(20,19).
nocross(20,21).
nocross(20,22).
nocross(20,23).
nocross(21,6).
nocross(21,7).
nocross(21,8).
nocross(21,9).
nocross(21,10).
nocross(21,16).
nocross(21,17).
nocross(21,18).
nocross(21,19).
nocross(21,20).
nocross(21,22).
nocross(21,23).
nocross(22,6).
nocross(22,7).
nocross(22,8).
nocross(22,9).
nocross(22,10).
nocross(22,16).
nocross(22,17).
nocross(22,18).
nocross(22,19).
nocross(22,20).
nocross(22,21).
nocross(22,23).
nocross(23,6).
nocross(23,7).
nocross(23,8).
nocross(23,9).
nocross(23,10).
nocross(23,16).
nocross(23,17).
nocross(23,18).
nocross(23,19).
nocross(23,20).
nocross(23,21).
nocross(23,22).
nocross(24,1).
nocross(24,2).
nocross(24,3).
nocross(24,4).
nocross(24,5).
nocross(24,11).
nocross(24,12).
nocross(24,13).
nocross(24,14).
nocross(24,15).
nocross(24,25).
nocross(24,26).
nocross(24,27).
nocross(24,28).
nocross(25,1).
nocross(25,2).
nocross(25,3).
nocross(25,4).
nocross(25,5).
nocross(25,11).
nocross(25,14).
nocross(25,15).
nocross(25,24).
nocross(25,26).
nocross(25,27).
nocross(25,28).
nocross(26,1).
nocross(26,2).
nocross(26,3).
nocross(26,4).
nocross(26,5).
nocross(26,11).
nocross(26,14).
nocross(26,15).
nocross(26,24).
nocross(26,25).
nocross(26,27).
nocross(26,28).
nocross(27,1).
nocross(27,2).
nocross(27,3).
nocross(27,4).
nocross(27,5).
nocross(27,11).
nocross(27,14).
nocross(27,15).
nocross(27,24).
nocross(27,25).
nocross(27,26).
nocross(27,28).
nocross(28,1).
nocross(28,3).
nocross(28,11).
nocross(28,12).
nocross(28,13).
nocross(28,14).
nocross(28,15).
nocross(28,24).
nocross(28,25).
nocross(28,26).
nocross(28,27).
