dimension(20).
point(1, 15.7544708329, 86.7199407862).
point(2, 97.0048098886, 30.8575135971).
point(3, 41.3221425399, 74.8101109539).
point(4, 80.8973154231, 41.045828384).
point(5, 39.3209953697, 90.5480907588).
point(6, 67.871888108, 5.5006290001).
point(7, 25.4736566709, 63.3540699162).
point(8, 19.3643201432, 70.907515213).
point(9, 55.4345380635, 90.7280928003).
point(10, 43.6448075688, 16.4228110157).
point(11, 41.0569622319, 53.6134255505).
point(12, 41.7346232695, 2.5444655054).
point(13, 88.4961618548, 44.2123151157).
point(14, 86.0794505818, 21.0394268365).
point(15, 95.8616504824, 35.9441199628).
point(16, 95.1570383524, 21.7740006608).
point(17, 48.171917088, 76.7083660005).
point(18, 29.0868240707, 71.6556685943).
point(19, 71.2431458227, 43.7448264779).
point(20, 39.2392011153, 82.5809664576).
cost(1, 2, 99).
cost(1, 3, 28).
cost(1, 4, 80).
cost(1, 5, 24).
cost(1, 6, 97).
cost(1, 7, 25).
cost(1, 8, 16).
cost(1, 9, 40).
cost(1, 10, 76).
cost(1, 11, 42).
cost(1, 12, 88).
cost(1, 13, 84).
cost(1, 14, 96).
cost(1, 15, 95).
cost(1, 16, 103).
cost(1, 17, 34).
cost(1, 18, 20).
cost(1, 19, 70).
cost(1, 20, 24).
cost(2, 1, 99).
cost(2, 3, 71).
cost(2, 4, 19).
cost(2, 5, 83).
cost(2, 6, 39).
cost(2, 7, 79).
cost(2, 8, 87).
cost(2, 9, 73).
cost(2, 10, 55).
cost(2, 11, 60).
cost(2, 12, 62).
cost(2, 13, 16).
cost(2, 14, 15).
cost(2, 15, 5).
cost(2, 16, 9).
cost(2, 17, 67).
cost(2, 18, 79).
cost(2, 19, 29).
cost(2, 20, 78).
cost(3, 1, 28).
cost(3, 2, 71).
cost(3, 4, 52).
cost(3, 5, 16).
cost(3, 6, 74).
cost(3, 7, 20).
cost(3, 8, 22).
cost(3, 9, 21).
cost(3, 10, 58).
cost(3, 11, 21).
cost(3, 12, 72).
cost(3, 13, 56).
cost(3, 14, 70).
cost(3, 15, 67).
cost(3, 16, 76).
cost(3, 17, 7).
cost(3, 18, 13).
cost(3, 19, 43).
cost(3, 20, 8).
cost(4, 1, 80).
cost(4, 2, 19).
cost(4, 3, 52).
cost(4, 5, 65).
cost(4, 6, 38).
cost(4, 7, 60).
cost(4, 8, 68).
cost(4, 9, 56).
cost(4, 10, 45).
cost(4, 11, 42).
cost(4, 12, 55).
cost(4, 13, 8).
cost(4, 14, 21).
cost(4, 15, 16).
cost(4, 16, 24).
cost(4, 17, 48).
cost(4, 18, 60).
cost(4, 19, 10).
cost(4, 20, 59).
cost(5, 1, 24).
cost(5, 2, 83).
cost(5, 3, 16).
cost(5, 4, 65).
cost(5, 6, 90).
cost(5, 7, 31).
cost(5, 8, 28).
cost(5, 9, 16).
cost(5, 10, 74).
cost(5, 11, 37).
cost(5, 12, 88).
cost(5, 13, 68).
cost(5, 14, 84).
cost(5, 15, 79).
cost(5, 16, 89).
cost(5, 17, 16).
cost(5, 18, 21).
cost(5, 19, 57).
cost(5, 20, 8).
cost(6, 1, 97).
cost(6, 2, 39).
cost(6, 3, 74).
cost(6, 4, 38).
cost(6, 5, 90).
cost(6, 7, 72).
cost(6, 8, 81).
cost(6, 9, 86).
cost(6, 10, 27).
cost(6, 11, 55).
cost(6, 12, 26).
cost(6, 13, 44).
cost(6, 14, 24).
cost(6, 15, 41).
cost(6, 16, 32).
cost(6, 17, 74).
cost(6, 18, 77).
cost(6, 19, 38).
cost(6, 20, 82).
cost(7, 1, 25).
cost(7, 2, 79).
cost(7, 3, 20).
cost(7, 4, 60).
cost(7, 5, 31).
cost(7, 6, 72).
cost(7, 8, 10).
cost(7, 9, 41).
cost(7, 10, 50).
cost(7, 11, 18).
cost(7, 12, 63).
cost(7, 13, 66).
cost(7, 14, 74).
cost(7, 15, 76).
cost(7, 16, 81).
cost(7, 17, 26).
cost(7, 18, 9).
cost(7, 19, 50).
cost(7, 20, 24).
cost(8, 1, 16).
cost(8, 2, 87).
cost(8, 3, 22).
cost(8, 4, 68).
cost(8, 5, 28).
cost(8, 6, 81).
cost(8, 7, 10).
cost(8, 9, 41).
cost(8, 10, 60).
cost(8, 11, 28).
cost(8, 12, 72).
cost(8, 13, 74).
cost(8, 14, 83).
cost(8, 15, 84).
cost(8, 16, 90).
cost(8, 17, 29).
cost(8, 18, 10).
cost(8, 19, 59).
cost(8, 20, 23).
cost(9, 1, 40).
cost(9, 2, 73).
cost(9, 3, 21).
cost(9, 4, 56).
cost(9, 5, 16).
cost(9, 6, 86).
cost(9, 7, 41).
cost(9, 8, 41).
cost(9, 10, 75).
cost(9, 11, 40).
cost(9, 12, 89).
cost(9, 13, 57).
cost(9, 14, 76).
cost(9, 15, 68).
cost(9, 16, 80).
cost(9, 17, 16).
cost(9, 18, 33).
cost(9, 19, 50).
cost(9, 20, 18).
cost(10, 1, 76).
cost(10, 2, 55).
cost(10, 3, 58).
cost(10, 4, 45).
cost(10, 5, 74).
cost(10, 6, 27).
cost(10, 7, 50).
cost(10, 8, 60).
cost(10, 9, 75).
cost(10, 11, 37).
cost(10, 12, 14).
cost(10, 13, 53).
cost(10, 14, 43).
cost(10, 15, 56).
cost(10, 16, 52).
cost(10, 17, 60).
cost(10, 18, 57).
cost(10, 19, 39).
cost(10, 20, 66).
cost(11, 1, 42).
cost(11, 2, 60).
cost(11, 3, 21).
cost(11, 4, 42).
cost(11, 5, 37).
cost(11, 6, 55).
cost(11, 7, 18).
cost(11, 8, 28).
cost(11, 9, 40).
cost(11, 10, 37).
cost(11, 12, 51).
cost(11, 13, 48).
cost(11, 14, 56).
cost(11, 15, 58).
cost(11, 16, 63).
cost(11, 17, 24).
cost(11, 18, 22).
cost(11, 19, 32).
cost(11, 20, 29).
cost(12, 1, 88).
cost(12, 2, 62).
cost(12, 3, 72).
cost(12, 4, 55).
cost(12, 5, 88).
cost(12, 6, 26).
cost(12, 7, 63).
cost(12, 8, 72).
cost(12, 9, 89).
cost(12, 10, 14).
cost(12, 11, 51).
cost(12, 13, 63).
cost(12, 14, 48).
cost(12, 15, 64).
cost(12, 16, 57).
cost(12, 17, 74).
cost(12, 18, 70).
cost(12, 19, 51).
cost(12, 20, 80).
cost(13, 1, 84).
cost(13, 2, 16).
cost(13, 3, 56).
cost(13, 4, 8).
cost(13, 5, 68).
cost(13, 6, 44).
cost(13, 7, 66).
cost(13, 8, 74).
cost(13, 9, 57).
cost(13, 10, 53).
cost(13, 11, 48).
cost(13, 12, 63).
cost(13, 14, 23).
cost(13, 15, 11).
cost(13, 16, 23).
cost(13, 17, 52).
cost(13, 18, 65).
cost(13, 19, 17).
cost(13, 20, 62).
cost(14, 1, 96).
cost(14, 2, 15).
cost(14, 3, 70).
cost(14, 4, 21).
cost(14, 5, 84).
cost(14, 6, 24).
cost(14, 7, 74).
cost(14, 8, 83).
cost(14, 9, 76).
cost(14, 10, 43).
cost(14, 11, 56).
cost(14, 12, 48).
cost(14, 13, 23).
cost(14, 15, 18).
cost(14, 16, 9).
cost(14, 17, 67).
cost(14, 18, 76).
cost(14, 19, 27).
cost(14, 20, 77).
cost(15, 1, 95).
cost(15, 2, 5).
cost(15, 3, 67).
cost(15, 4, 16).
cost(15, 5, 79).
cost(15, 6, 41).
cost(15, 7, 76).
cost(15, 8, 84).
cost(15, 9, 68).
cost(15, 10, 56).
cost(15, 11, 58).
cost(15, 12, 64).
cost(15, 13, 11).
cost(15, 14, 18).
cost(15, 16, 14).
cost(15, 17, 63).
cost(15, 18, 76).
cost(15, 19, 26).
cost(15, 20, 73).
cost(16, 1, 103).
cost(16, 2, 9).
cost(16, 3, 76).
cost(16, 4, 24).
cost(16, 5, 89).
cost(16, 6, 32).
cost(16, 7, 81).
cost(16, 8, 90).
cost(16, 9, 80).
cost(16, 10, 52).
cost(16, 11, 63).
cost(16, 12, 57).
cost(16, 13, 23).
cost(16, 14, 9).
cost(16, 15, 14).
cost(16, 17, 72).
cost(16, 18, 83).
cost(16, 19, 32).
cost(16, 20, 83).
cost(17, 1, 34).
cost(17, 2, 67).
cost(17, 3, 7).
cost(17, 4, 48).
cost(17, 5, 16).
cost(17, 6, 74).
cost(17, 7, 26).
cost(17, 8, 29).
cost(17, 9, 16).
cost(17, 10, 60).
cost(17, 11, 24).
cost(17, 12, 74).
cost(17, 13, 52).
cost(17, 14, 67).
cost(17, 15, 63).
cost(17, 16, 72).
cost(17, 18, 20).
cost(17, 19, 40).
cost(17, 20, 11).
cost(18, 1, 20).
cost(18, 2, 79).
cost(18, 3, 13).
cost(18, 4, 60).
cost(18, 5, 21).
cost(18, 6, 77).
cost(18, 7, 9).
cost(18, 8, 10).
cost(18, 9, 33).
cost(18, 10, 57).
cost(18, 11, 22).
cost(18, 12, 70).
cost(18, 13, 65).
cost(18, 14, 76).
cost(18, 15, 76).
cost(18, 16, 83).
cost(18, 17, 20).
cost(18, 19, 51).
cost(18, 20, 15).
cost(19, 1, 70).
cost(19, 2, 29).
cost(19, 3, 43).
cost(19, 4, 10).
cost(19, 5, 57).
cost(19, 6, 38).
cost(19, 7, 50).
cost(19, 8, 59).
cost(19, 9, 50).
cost(19, 10, 39).
cost(19, 11, 32).
cost(19, 12, 51).
cost(19, 13, 17).
cost(19, 14, 27).
cost(19, 15, 26).
cost(19, 16, 32).
cost(19, 17, 40).
cost(19, 18, 51).
cost(19, 20, 50).
cost(20, 1, 24).
cost(20, 2, 78).
cost(20, 3, 8).
cost(20, 4, 59).
cost(20, 5, 8).
cost(20, 6, 82).
cost(20, 7, 24).
cost(20, 8, 23).
cost(20, 9, 18).
cost(20, 10, 66).
cost(20, 11, 29).
cost(20, 12, 80).
cost(20, 13, 62).
cost(20, 14, 77).
cost(20, 15, 73).
cost(20, 16, 83).
cost(20, 17, 11).
cost(20, 18, 15).
cost(20, 19, 50).
