dimension(20).
point(1, 75.6408829726, 52.00186409).
point(2, 54.2436801614, 8.0886940465).
point(3, 26.5436615497, 37.496461158).
point(4, 37.890152314, 11.2064201525).
point(5, 77.0172018842, 39.0075549431).
point(6, 68.3042841631, 11.6879477258).
point(7, 14.631608961, 63.7494631367).
point(8, 29.956478869, 80.8563974266).
point(9, 30.1148384487, 8.3472015903).
point(10, 45.871361976, 59.5014951878).
point(11, 62.9972612275, 41.6568877727).
point(12, 71.0576218074, 47.1129628983).
point(13, 7.032140784, 58.4820400451).
point(14, 58.6481600774, 22.2253409622).
point(15, 21.8488919151, 35.291877936).
point(16, 45.4219529994, 43.2883843566).
point(17, 30.982207775, 39.5330923312).
point(18, 31.6361782687, 74.7012088248).
point(19, 36.1634341673, 53.7677408382).
point(20, 69.1527813281, 32.8224795604).
cost(1, 2, 49).
cost(1, 3, 51).
cost(1, 4, 56).
cost(1, 5, 13).
cost(1, 6, 41).
cost(1, 7, 62).
cost(1, 8, 54).
cost(1, 9, 63).
cost(1, 10, 31).
cost(1, 11, 16).
cost(1, 12, 7).
cost(1, 13, 69).
cost(1, 14, 34).
cost(1, 15, 56).
cost(1, 16, 31).
cost(1, 17, 46).
cost(1, 18, 50).
cost(1, 19, 40).
cost(1, 20, 20).
cost(2, 1, 49).
cost(2, 3, 40).
cost(2, 4, 17).
cost(2, 5, 38).
cost(2, 6, 15).
cost(2, 7, 68).
cost(2, 8, 77).
cost(2, 9, 24).
cost(2, 10, 52).
cost(2, 11, 35).
cost(2, 12, 42).
cost(2, 13, 69).
cost(2, 14, 15).
cost(2, 15, 42).
cost(2, 16, 36).
cost(2, 17, 39).
cost(2, 18, 70).
cost(2, 19, 49).
cost(2, 20, 29).
cost(3, 1, 51).
cost(3, 2, 40).
cost(3, 4, 29).
cost(3, 5, 50).
cost(3, 6, 49).
cost(3, 7, 29).
cost(3, 8, 43).
cost(3, 9, 29).
cost(3, 10, 29).
cost(3, 11, 37).
cost(3, 12, 46).
cost(3, 13, 29).
cost(3, 14, 36).
cost(3, 15, 5).
cost(3, 16, 20).
cost(3, 17, 5).
cost(3, 18, 38).
cost(3, 19, 19).
cost(3, 20, 43).
cost(4, 1, 56).
cost(4, 2, 17).
cost(4, 3, 29).
cost(4, 5, 48).
cost(4, 6, 30).
cost(4, 7, 57).
cost(4, 8, 70).
cost(4, 9, 8).
cost(4, 10, 49).
cost(4, 11, 39).
cost(4, 12, 49).
cost(4, 13, 56).
cost(4, 14, 24).
cost(4, 15, 29).
cost(4, 16, 33).
cost(4, 17, 29).
cost(4, 18, 64).
cost(4, 19, 43).
cost(4, 20, 38).
cost(5, 1, 13).
cost(5, 2, 38).
cost(5, 3, 50).
cost(5, 4, 48).
cost(5, 6, 29).
cost(5, 7, 67).
cost(5, 8, 63).
cost(5, 9, 56).
cost(5, 10, 37).
cost(5, 11, 14).
cost(5, 12, 10).
cost(5, 13, 73).
cost(5, 14, 25).
cost(5, 15, 55).
cost(5, 16, 32).
cost(5, 17, 46).
cost(5, 18, 58).
cost(5, 19, 43).
cost(5, 20, 10).
cost(6, 1, 41).
cost(6, 2, 15).
cost(6, 3, 49).
cost(6, 4, 30).
cost(6, 5, 29).
cost(6, 7, 75).
cost(6, 8, 79).
cost(6, 9, 38).
cost(6, 10, 53).
cost(6, 11, 30).
cost(6, 12, 36).
cost(6, 13, 77).
cost(6, 14, 14).
cost(6, 15, 52).
cost(6, 16, 39).
cost(6, 17, 47).
cost(6, 18, 73).
cost(6, 19, 53).
cost(6, 20, 21).
cost(7, 1, 62).
cost(7, 2, 68).
cost(7, 3, 29).
cost(7, 4, 57).
cost(7, 5, 67).
cost(7, 6, 75).
cost(7, 8, 23).
cost(7, 9, 58).
cost(7, 10, 32).
cost(7, 11, 53).
cost(7, 12, 59).
cost(7, 13, 9).
cost(7, 14, 61).
cost(7, 15, 29).
cost(7, 16, 37).
cost(7, 17, 29).
cost(7, 18, 20).
cost(7, 19, 24).
cost(7, 20, 63).
cost(8, 1, 54).
cost(8, 2, 77).
cost(8, 3, 43).
cost(8, 4, 70).
cost(8, 5, 63).
cost(8, 6, 79).
cost(8, 7, 23).
cost(8, 9, 73).
cost(8, 10, 27).
cost(8, 11, 51).
cost(8, 12, 53).
cost(8, 13, 32).
cost(8, 14, 65).
cost(8, 15, 46).
cost(8, 16, 41).
cost(8, 17, 41).
cost(8, 18, 6).
cost(8, 19, 28).
cost(8, 20, 62).
cost(9, 1, 63).
cost(9, 2, 24).
cost(9, 3, 29).
cost(9, 4, 8).
cost(9, 5, 56).
cost(9, 6, 38).
cost(9, 7, 58).
cost(9, 8, 73).
cost(9, 10, 54).
cost(9, 11, 47).
cost(9, 12, 56).
cost(9, 13, 55).
cost(9, 14, 32).
cost(9, 15, 28).
cost(9, 16, 38).
cost(9, 17, 31).
cost(9, 18, 66).
cost(9, 19, 46).
cost(9, 20, 46).
cost(10, 1, 31).
cost(10, 2, 52).
cost(10, 3, 29).
cost(10, 4, 49).
cost(10, 5, 37).
cost(10, 6, 53).
cost(10, 7, 32).
cost(10, 8, 27).
cost(10, 9, 54).
cost(10, 11, 25).
cost(10, 12, 28).
cost(10, 13, 39).
cost(10, 14, 39).
cost(10, 15, 34).
cost(10, 16, 16).
cost(10, 17, 25).
cost(10, 18, 21).
cost(10, 19, 11).
cost(10, 20, 35).
cost(11, 1, 16).
cost(11, 2, 35).
cost(11, 3, 37).
cost(11, 4, 39).
cost(11, 5, 14).
cost(11, 6, 30).
cost(11, 7, 53).
cost(11, 8, 51).
cost(11, 9, 47).
cost(11, 10, 25).
cost(11, 12, 10).
cost(11, 13, 58).
cost(11, 14, 20).
cost(11, 15, 42).
cost(11, 16, 18).
cost(11, 17, 32).
cost(11, 18, 46).
cost(11, 19, 29).
cost(11, 20, 11).
cost(12, 1, 7).
cost(12, 2, 42).
cost(12, 3, 46).
cost(12, 4, 49).
cost(12, 5, 10).
cost(12, 6, 36).
cost(12, 7, 59).
cost(12, 8, 53).
cost(12, 9, 56).
cost(12, 10, 28).
cost(12, 11, 10).
cost(12, 13, 65).
cost(12, 14, 28).
cost(12, 15, 51).
cost(12, 16, 26).
cost(12, 17, 41).
cost(12, 18, 48).
cost(12, 19, 36).
cost(12, 20, 14).
cost(13, 1, 69).
cost(13, 2, 69).
cost(13, 3, 29).
cost(13, 4, 56).
cost(13, 5, 73).
cost(13, 6, 77).
cost(13, 7, 9).
cost(13, 8, 32).
cost(13, 9, 55).
cost(13, 10, 39).
cost(13, 11, 58).
cost(13, 12, 65).
cost(13, 14, 63).
cost(13, 15, 28).
cost(13, 16, 41).
cost(13, 17, 31).
cost(13, 18, 29).
cost(13, 19, 30).
cost(13, 20, 67).
cost(14, 1, 34).
cost(14, 2, 15).
cost(14, 3, 36).
cost(14, 4, 24).
cost(14, 5, 25).
cost(14, 6, 14).
cost(14, 7, 61).
cost(14, 8, 65).
cost(14, 9, 32).
cost(14, 10, 39).
cost(14, 11, 20).
cost(14, 12, 28).
cost(14, 13, 63).
cost(14, 15, 39).
cost(14, 16, 25).
cost(14, 17, 33).
cost(14, 18, 59).
cost(14, 19, 39).
cost(14, 20, 15).
cost(15, 1, 56).
cost(15, 2, 42).
cost(15, 3, 5).
cost(15, 4, 29).
cost(15, 5, 55).
cost(15, 6, 52).
cost(15, 7, 29).
cost(15, 8, 46).
cost(15, 9, 28).
cost(15, 10, 34).
cost(15, 11, 42).
cost(15, 12, 51).
cost(15, 13, 28).
cost(15, 14, 39).
cost(15, 16, 25).
cost(15, 17, 10).
cost(15, 18, 41).
cost(15, 19, 23).
cost(15, 20, 47).
cost(16, 1, 31).
cost(16, 2, 36).
cost(16, 3, 20).
cost(16, 4, 33).
cost(16, 5, 32).
cost(16, 6, 39).
cost(16, 7, 37).
cost(16, 8, 41).
cost(16, 9, 38).
cost(16, 10, 16).
cost(16, 11, 18).
cost(16, 12, 26).
cost(16, 13, 41).
cost(16, 14, 25).
cost(16, 15, 25).
cost(16, 17, 15).
cost(16, 18, 34).
cost(16, 19, 14).
cost(16, 20, 26).
cost(17, 1, 46).
cost(17, 2, 39).
cost(17, 3, 5).
cost(17, 4, 29).
cost(17, 5, 46).
cost(17, 6, 47).
cost(17, 7, 29).
cost(17, 8, 41).
cost(17, 9, 31).
cost(17, 10, 25).
cost(17, 11, 32).
cost(17, 12, 41).
cost(17, 13, 31).
cost(17, 14, 33).
cost(17, 15, 10).
cost(17, 16, 15).
cost(17, 18, 35).
cost(17, 19, 15).
cost(17, 20, 39).
cost(18, 1, 50).
cost(18, 2, 70).
cost(18, 3, 38).
cost(18, 4, 64).
cost(18, 5, 58).
cost(18, 6, 73).
cost(18, 7, 20).
cost(18, 8, 6).
cost(18, 9, 66).
cost(18, 10, 21).
cost(18, 11, 46).
cost(18, 12, 48).
cost(18, 13, 29).
cost(18, 14, 59).
cost(18, 15, 41).
cost(18, 16, 34).
cost(18, 17, 35).
cost(18, 19, 21).
cost(18, 20, 56).
cost(19, 1, 40).
cost(19, 2, 49).
cost(19, 3, 19).
cost(19, 4, 43).
cost(19, 5, 43).
cost(19, 6, 53).
cost(19, 7, 24).
cost(19, 8, 28).
cost(19, 9, 46).
cost(19, 10, 11).
cost(19, 11, 29).
cost(19, 12, 36).
cost(19, 13, 30).
cost(19, 14, 39).
cost(19, 15, 23).
cost(19, 16, 14).
cost(19, 17, 15).
cost(19, 18, 21).
cost(19, 20, 39).
cost(20, 1, 20).
cost(20, 2, 29).
cost(20, 3, 43).
cost(20, 4, 38).
cost(20, 5, 10).
cost(20, 6, 21).
cost(20, 7, 63).
cost(20, 8, 62).
cost(20, 9, 46).
cost(20, 10, 35).
cost(20, 11, 11).
cost(20, 12, 14).
cost(20, 13, 67).
cost(20, 14, 15).
cost(20, 15, 47).
cost(20, 16, 26).
cost(20, 17, 39).
cost(20, 18, 56).
cost(20, 19, 39).
