dimension(20).
point(1, 23.5684013738, 24.856624225).
point(2, 28.6047001226, 39.8573706673).
point(3, 94.5411605178, 61.746434485).
point(4, 61.122504406, 78.0659219398).
point(5, 89.8769676143, 79.2720627866).
point(6, 72.6202609058, 92.4589033899).
point(7, 68.4680539343, 52.7095216826).
point(8, 73.3890722198, 99.0740847422).
point(9, 21.0003748852, 28.6947948882).
point(10, 20.4627704598, 27.3612329635).
point(11, 93.4805967434, 42.45626286).
point(12, 40.2406992273, 30.9594503672).
point(13, 66.0123953282, 75.5783851854).
point(14, 85.2726781476, 40.7534006752).
point(15, 60.126423596, 88.0319894927).
point(16, 5.1977393637, 14.6401005724).
point(17, 21.300036792, 64.3878020399).
point(18, 11.6303480111, 14.3231065343).
point(19, 33.6497327808, 16.8931404637).
point(20, 25.0450668562, 51.2788298456).
cost(1, 2, 16).
cost(1, 3, 80).
cost(1, 4, 65).
cost(1, 5, 86).
cost(1, 6, 84).
cost(1, 7, 53).
cost(1, 8, 89).
cost(1, 9, 5).
cost(1, 10, 4).
cost(1, 11, 72).
cost(1, 12, 18).
cost(1, 13, 66).
cost(1, 14, 64).
cost(1, 15, 73).
cost(1, 16, 21).
cost(1, 17, 40).
cost(1, 18, 16).
cost(1, 19, 13).
cost(1, 20, 26).
cost(2, 1, 16).
cost(2, 3, 69).
cost(2, 4, 50).
cost(2, 5, 73).
cost(2, 6, 69).
cost(2, 7, 42).
cost(2, 8, 74).
cost(2, 9, 14).
cost(2, 10, 15).
cost(2, 11, 65).
cost(2, 12, 15).
cost(2, 13, 52).
cost(2, 14, 57).
cost(2, 15, 58).
cost(2, 16, 34).
cost(2, 17, 26).
cost(2, 18, 31).
cost(2, 19, 24).
cost(2, 20, 12).
cost(3, 1, 80).
cost(3, 2, 69).
cost(3, 4, 37).
cost(3, 5, 18).
cost(3, 6, 38).
cost(3, 7, 28).
cost(3, 8, 43).
cost(3, 9, 81).
cost(3, 10, 82).
cost(3, 11, 19).
cost(3, 12, 62).
cost(3, 13, 32).
cost(3, 14, 23).
cost(3, 15, 43).
cost(3, 16, 101).
cost(3, 17, 73).
cost(3, 18, 96).
cost(3, 19, 76).
cost(3, 20, 70).
cost(4, 1, 65).
cost(4, 2, 50).
cost(4, 3, 37).
cost(4, 5, 29).
cost(4, 6, 18).
cost(4, 7, 26).
cost(4, 8, 24).
cost(4, 9, 64).
cost(4, 10, 65).
cost(4, 11, 48).
cost(4, 12, 52).
cost(4, 13, 5).
cost(4, 14, 44).
cost(4, 15, 10).
cost(4, 16, 85).
cost(4, 17, 42).
cost(4, 18, 81).
cost(4, 19, 67).
cost(4, 20, 45).
cost(5, 1, 86).
cost(5, 2, 73).
cost(5, 3, 18).
cost(5, 4, 29).
cost(5, 6, 22).
cost(5, 7, 34).
cost(5, 8, 26).
cost(5, 9, 85).
cost(5, 10, 87).
cost(5, 11, 37).
cost(5, 12, 69).
cost(5, 13, 24).
cost(5, 14, 39).
cost(5, 15, 31).
cost(5, 16, 107).
cost(5, 17, 70).
cost(5, 18, 102).
cost(5, 19, 84).
cost(5, 20, 71).
cost(6, 1, 84).
cost(6, 2, 69).
cost(6, 3, 38).
cost(6, 4, 18).
cost(6, 5, 22).
cost(6, 7, 40).
cost(6, 8, 7).
cost(6, 9, 82).
cost(6, 10, 83).
cost(6, 11, 54).
cost(6, 12, 70).
cost(6, 13, 18).
cost(6, 14, 53).
cost(6, 15, 13).
cost(6, 16, 103).
cost(6, 17, 58).
cost(6, 18, 99).
cost(6, 19, 85).
cost(6, 20, 63).
cost(7, 1, 53).
cost(7, 2, 42).
cost(7, 3, 28).
cost(7, 4, 26).
cost(7, 5, 34).
cost(7, 6, 40).
cost(7, 8, 47).
cost(7, 9, 53).
cost(7, 10, 54).
cost(7, 11, 27).
cost(7, 12, 36).
cost(7, 13, 23).
cost(7, 14, 21).
cost(7, 15, 36).
cost(7, 16, 74).
cost(7, 17, 49).
cost(7, 18, 69).
cost(7, 19, 50).
cost(7, 20, 43).
cost(8, 1, 89).
cost(8, 2, 74).
cost(8, 3, 43).
cost(8, 4, 24).
cost(8, 5, 26).
cost(8, 6, 7).
cost(8, 7, 47).
cost(8, 9, 88).
cost(8, 10, 89).
cost(8, 11, 60).
cost(8, 12, 76).
cost(8, 13, 25).
cost(8, 14, 60).
cost(8, 15, 17).
cost(8, 16, 109).
cost(8, 17, 63).
cost(8, 18, 105).
cost(8, 19, 91).
cost(8, 20, 68).
cost(9, 1, 5).
cost(9, 2, 14).
cost(9, 3, 81).
cost(9, 4, 64).
cost(9, 5, 85).
cost(9, 6, 82).
cost(9, 7, 53).
cost(9, 8, 88).
cost(9, 10, 1).
cost(9, 11, 74).
cost(9, 12, 19).
cost(9, 13, 65).
cost(9, 14, 65).
cost(9, 15, 71).
cost(9, 16, 21).
cost(9, 17, 36).
cost(9, 18, 17).
cost(9, 19, 17).
cost(9, 20, 23).
cost(10, 1, 4).
cost(10, 2, 15).
cost(10, 3, 82).
cost(10, 4, 65).
cost(10, 5, 87).
cost(10, 6, 83).
cost(10, 7, 54).
cost(10, 8, 89).
cost(10, 9, 1).
cost(10, 11, 75).
cost(10, 12, 20).
cost(10, 13, 66).
cost(10, 14, 66).
cost(10, 15, 72).
cost(10, 16, 20).
cost(10, 17, 37).
cost(10, 18, 16).
cost(10, 19, 17).
cost(10, 20, 24).
cost(11, 1, 72).
cost(11, 2, 65).
cost(11, 3, 19).
cost(11, 4, 48).
cost(11, 5, 37).
cost(11, 6, 54).
cost(11, 7, 27).
cost(11, 8, 60).
cost(11, 9, 74).
cost(11, 10, 75).
cost(11, 12, 54).
cost(11, 13, 43).
cost(11, 14, 8).
cost(11, 15, 56).
cost(11, 16, 93).
cost(11, 17, 75).
cost(11, 18, 87).
cost(11, 19, 65).
cost(11, 20, 69).
cost(12, 1, 18).
cost(12, 2, 15).
cost(12, 3, 62).
cost(12, 4, 52).
cost(12, 5, 69).
cost(12, 6, 70).
cost(12, 7, 36).
cost(12, 8, 76).
cost(12, 9, 19).
cost(12, 10, 20).
cost(12, 11, 54).
cost(12, 13, 52).
cost(12, 14, 46).
cost(12, 15, 60).
cost(12, 16, 39).
cost(12, 17, 38).
cost(12, 18, 33).
cost(12, 19, 16).
cost(12, 20, 25).
cost(13, 1, 66).
cost(13, 2, 52).
cost(13, 3, 32).
cost(13, 4, 5).
cost(13, 5, 24).
cost(13, 6, 18).
cost(13, 7, 23).
cost(13, 8, 25).
cost(13, 9, 65).
cost(13, 10, 66).
cost(13, 11, 43).
cost(13, 12, 52).
cost(13, 14, 40).
cost(13, 15, 14).
cost(13, 16, 86).
cost(13, 17, 46).
cost(13, 18, 82).
cost(13, 19, 67).
cost(13, 20, 48).
cost(14, 1, 64).
cost(14, 2, 57).
cost(14, 3, 23).
cost(14, 4, 44).
cost(14, 5, 39).
cost(14, 6, 53).
cost(14, 7, 21).
cost(14, 8, 60).
cost(14, 9, 65).
cost(14, 10, 66).
cost(14, 11, 8).
cost(14, 12, 46).
cost(14, 13, 40).
cost(14, 15, 54).
cost(14, 16, 84).
cost(14, 17, 68).
cost(14, 18, 78).
cost(14, 19, 57).
cost(14, 20, 61).
cost(15, 1, 73).
cost(15, 2, 58).
cost(15, 3, 43).
cost(15, 4, 10).
cost(15, 5, 31).
cost(15, 6, 13).
cost(15, 7, 36).
cost(15, 8, 17).
cost(15, 9, 71).
cost(15, 10, 72).
cost(15, 11, 56).
cost(15, 12, 60).
cost(15, 13, 14).
cost(15, 14, 54).
cost(15, 16, 92).
cost(15, 17, 45).
cost(15, 18, 88).
cost(15, 19, 76).
cost(15, 20, 51).
cost(16, 1, 21).
cost(16, 2, 34).
cost(16, 3, 101).
cost(16, 4, 85).
cost(16, 5, 107).
cost(16, 6, 103).
cost(16, 7, 74).
cost(16, 8, 109).
cost(16, 9, 21).
cost(16, 10, 20).
cost(16, 11, 93).
cost(16, 12, 39).
cost(16, 13, 86).
cost(16, 14, 84).
cost(16, 15, 92).
cost(16, 17, 52).
cost(16, 18, 6).
cost(16, 19, 29).
cost(16, 20, 42).
cost(17, 1, 40).
cost(17, 2, 26).
cost(17, 3, 73).
cost(17, 4, 42).
cost(17, 5, 70).
cost(17, 6, 58).
cost(17, 7, 49).
cost(17, 8, 63).
cost(17, 9, 36).
cost(17, 10, 37).
cost(17, 11, 75).
cost(17, 12, 38).
cost(17, 13, 46).
cost(17, 14, 68).
cost(17, 15, 45).
cost(17, 16, 52).
cost(17, 18, 51).
cost(17, 19, 49).
cost(17, 20, 14).
cost(18, 1, 16).
cost(18, 2, 31).
cost(18, 3, 96).
cost(18, 4, 81).
cost(18, 5, 102).
cost(18, 6, 99).
cost(18, 7, 69).
cost(18, 8, 105).
cost(18, 9, 17).
cost(18, 10, 16).
cost(18, 11, 87).
cost(18, 12, 33).
cost(18, 13, 82).
cost(18, 14, 78).
cost(18, 15, 88).
cost(18, 16, 6).
cost(18, 17, 51).
cost(18, 19, 22).
cost(18, 20, 39).
cost(19, 1, 13).
cost(19, 2, 24).
cost(19, 3, 76).
cost(19, 4, 67).
cost(19, 5, 84).
cost(19, 6, 85).
cost(19, 7, 50).
cost(19, 8, 91).
cost(19, 9, 17).
cost(19, 10, 17).
cost(19, 11, 65).
cost(19, 12, 16).
cost(19, 13, 67).
cost(19, 14, 57).
cost(19, 15, 76).
cost(19, 16, 29).
cost(19, 17, 49).
cost(19, 18, 22).
cost(19, 20, 35).
cost(20, 1, 26).
cost(20, 2, 12).
cost(20, 3, 70).
cost(20, 4, 45).
cost(20, 5, 71).
cost(20, 6, 63).
cost(20, 7, 43).
cost(20, 8, 68).
cost(20, 9, 23).
cost(20, 10, 24).
cost(20, 11, 69).
cost(20, 12, 25).
cost(20, 13, 48).
cost(20, 14, 61).
cost(20, 15, 51).
cost(20, 16, 42).
cost(20, 17, 14).
cost(20, 18, 39).
cost(20, 19, 35).
