dimension(20).
point(1, 14.3715546433, 96.4693803713).
point(2, 29.5308258697, 79.5160393289).
point(3, 78.946729448, 31.463381653).
point(4, 69.3942702788, 23.7106788939).
point(5, 41.1343915549, 17.0470753663).
point(6, 47.0364400079, 84.5089236383).
point(7, 64.8204154238, 98.3853180345).
point(8, 62.5188628191, 84.6849239142).
point(9, 36.3703585453, 71.0748947545).
point(10, 63.7528778633, 28.2068630362).
point(11, 53.4619438737, 86.3304597091).
point(12, 39.5104559512, 29.689754736).
point(13, 56.2570942789, 36.0837656594).
point(14, 20.1002115884, 10.321538562).
point(15, 70.6649291533, 8.4032143502).
point(16, 33.8901811555, 98.7669045392).
point(17, 51.0155802933, 3.4761234927).
point(18, 45.0893166056, 18.4150876722).
point(19, 61.3708642697, 82.4144556435).
point(20, 57.3785069774, 94.9067086152).
cost(1, 2, 23).
cost(1, 3, 92).
cost(1, 4, 91).
cost(1, 5, 84).
cost(1, 6, 35).
cost(1, 7, 50).
cost(1, 8, 50).
cost(1, 9, 34).
cost(1, 10, 84).
cost(1, 11, 40).
cost(1, 12, 71).
cost(1, 13, 73).
cost(1, 14, 86).
cost(1, 15, 105).
cost(1, 16, 20).
cost(1, 17, 100).
cost(1, 18, 84).
cost(1, 19, 49).
cost(1, 20, 43).
cost(2, 1, 23).
cost(2, 3, 69).
cost(2, 4, 69).
cost(2, 5, 64).
cost(2, 6, 18).
cost(2, 7, 40).
cost(2, 8, 33).
cost(2, 9, 11).
cost(2, 10, 62).
cost(2, 11, 25).
cost(2, 12, 51).
cost(2, 13, 51).
cost(2, 14, 70).
cost(2, 15, 82).
cost(2, 16, 20).
cost(2, 17, 79).
cost(2, 18, 63).
cost(2, 19, 32).
cost(2, 20, 32).
cost(3, 1, 92).
cost(3, 2, 69).
cost(3, 4, 12).
cost(3, 5, 40).
cost(3, 6, 62).
cost(3, 7, 68).
cost(3, 8, 56).
cost(3, 9, 58).
cost(3, 10, 16).
cost(3, 11, 60).
cost(3, 12, 39).
cost(3, 13, 23).
cost(3, 14, 63).
cost(3, 15, 25).
cost(3, 16, 81).
cost(3, 17, 40).
cost(3, 18, 36).
cost(3, 19, 54).
cost(3, 20, 67).
cost(4, 1, 91).
cost(4, 2, 69).
cost(4, 3, 12).
cost(4, 5, 29).
cost(4, 6, 65).
cost(4, 7, 75).
cost(4, 8, 61).
cost(4, 9, 58).
cost(4, 10, 7).
cost(4, 11, 65).
cost(4, 12, 30).
cost(4, 13, 18).
cost(4, 14, 51).
cost(4, 15, 15).
cost(4, 16, 83).
cost(4, 17, 27).
cost(4, 18, 25).
cost(4, 19, 59).
cost(4, 20, 72).
cost(5, 1, 84).
cost(5, 2, 64).
cost(5, 3, 40).
cost(5, 4, 29).
cost(5, 6, 68).
cost(5, 7, 85).
cost(5, 8, 71).
cost(5, 9, 54).
cost(5, 10, 25).
cost(5, 11, 70).
cost(5, 12, 13).
cost(5, 13, 24).
cost(5, 14, 22).
cost(5, 15, 31).
cost(5, 16, 82).
cost(5, 17, 17).
cost(5, 18, 4).
cost(5, 19, 68).
cost(5, 20, 80).
cost(6, 1, 35).
cost(6, 2, 18).
cost(6, 3, 62).
cost(6, 4, 65).
cost(6, 5, 68).
cost(6, 7, 23).
cost(6, 8, 15).
cost(6, 9, 17).
cost(6, 10, 59).
cost(6, 11, 7).
cost(6, 12, 55).
cost(6, 13, 49).
cost(6, 14, 79).
cost(6, 15, 80).
cost(6, 16, 19).
cost(6, 17, 81).
cost(6, 18, 66).
cost(6, 19, 14).
cost(6, 20, 15).
cost(7, 1, 50).
cost(7, 2, 40).
cost(7, 3, 68).
cost(7, 4, 75).
cost(7, 5, 85).
cost(7, 6, 23).
cost(7, 8, 14).
cost(7, 9, 39).
cost(7, 10, 70).
cost(7, 11, 17).
cost(7, 12, 73).
cost(7, 13, 63).
cost(7, 14, 99).
cost(7, 15, 90).
cost(7, 16, 31).
cost(7, 17, 96).
cost(7, 18, 82).
cost(7, 19, 16).
cost(7, 20, 8).
cost(8, 1, 50).
cost(8, 2, 33).
cost(8, 3, 56).
cost(8, 4, 61).
cost(8, 5, 71).
cost(8, 6, 15).
cost(8, 7, 14).
cost(8, 9, 29).
cost(8, 10, 56).
cost(8, 11, 9).
cost(8, 12, 60).
cost(8, 13, 49).
cost(8, 14, 86).
cost(8, 15, 77).
cost(8, 16, 32).
cost(8, 17, 82).
cost(8, 18, 69).
cost(8, 19, 3).
cost(8, 20, 11).
cost(9, 1, 34).
cost(9, 2, 11).
cost(9, 3, 58).
cost(9, 4, 58).
cost(9, 5, 54).
cost(9, 6, 17).
cost(9, 7, 39).
cost(9, 8, 29).
cost(9, 10, 51).
cost(9, 11, 23).
cost(9, 12, 42).
cost(9, 13, 40).
cost(9, 14, 63).
cost(9, 15, 71).
cost(9, 16, 28).
cost(9, 17, 69).
cost(9, 18, 53).
cost(9, 19, 27).
cost(9, 20, 32).
cost(10, 1, 84).
cost(10, 2, 62).
cost(10, 3, 16).
cost(10, 4, 7).
cost(10, 5, 25).
cost(10, 6, 59).
cost(10, 7, 70).
cost(10, 8, 56).
cost(10, 9, 51).
cost(10, 11, 59).
cost(10, 12, 24).
cost(10, 13, 11).
cost(10, 14, 47).
cost(10, 15, 21).
cost(10, 16, 77).
cost(10, 17, 28).
cost(10, 18, 21).
cost(10, 19, 54).
cost(10, 20, 67).
cost(11, 1, 40).
cost(11, 2, 25).
cost(11, 3, 60).
cost(11, 4, 65).
cost(11, 5, 70).
cost(11, 6, 7).
cost(11, 7, 17).
cost(11, 8, 9).
cost(11, 9, 23).
cost(11, 10, 59).
cost(11, 12, 58).
cost(11, 13, 50).
cost(11, 14, 83).
cost(11, 15, 80).
cost(11, 16, 23).
cost(11, 17, 83).
cost(11, 18, 68).
cost(11, 19, 9).
cost(11, 20, 9).
cost(12, 1, 71).
cost(12, 2, 51).
cost(12, 3, 39).
cost(12, 4, 30).
cost(12, 5, 13).
cost(12, 6, 55).
cost(12, 7, 73).
cost(12, 8, 60).
cost(12, 9, 42).
cost(12, 10, 24).
cost(12, 11, 58).
cost(12, 13, 18).
cost(12, 14, 27).
cost(12, 15, 38).
cost(12, 16, 69).
cost(12, 17, 29).
cost(12, 18, 13).
cost(12, 19, 57).
cost(12, 20, 68).
cost(13, 1, 73).
cost(13, 2, 51).
cost(13, 3, 23).
cost(13, 4, 18).
cost(13, 5, 24).
cost(13, 6, 49).
cost(13, 7, 63).
cost(13, 8, 49).
cost(13, 9, 40).
cost(13, 10, 11).
cost(13, 11, 50).
cost(13, 12, 18).
cost(13, 14, 44).
cost(13, 15, 31).
cost(13, 16, 67).
cost(13, 17, 33).
cost(13, 18, 21).
cost(13, 19, 47).
cost(13, 20, 59).
cost(14, 1, 86).
cost(14, 2, 70).
cost(14, 3, 63).
cost(14, 4, 51).
cost(14, 5, 22).
cost(14, 6, 79).
cost(14, 7, 99).
cost(14, 8, 86).
cost(14, 9, 63).
cost(14, 10, 47).
cost(14, 11, 83).
cost(14, 12, 27).
cost(14, 13, 44).
cost(14, 15, 51).
cost(14, 16, 90).
cost(14, 17, 32).
cost(14, 18, 26).
cost(14, 19, 83).
cost(14, 20, 92).
cost(15, 1, 105).
cost(15, 2, 82).
cost(15, 3, 25).
cost(15, 4, 15).
cost(15, 5, 31).
cost(15, 6, 80).
cost(15, 7, 90).
cost(15, 8, 77).
cost(15, 9, 71).
cost(15, 10, 21).
cost(15, 11, 80).
cost(15, 12, 38).
cost(15, 13, 31).
cost(15, 14, 51).
cost(15, 16, 98).
cost(15, 17, 20).
cost(15, 18, 27).
cost(15, 19, 75).
cost(15, 20, 88).
cost(16, 1, 20).
cost(16, 2, 20).
cost(16, 3, 81).
cost(16, 4, 83).
cost(16, 5, 82).
cost(16, 6, 19).
cost(16, 7, 31).
cost(16, 8, 32).
cost(16, 9, 28).
cost(16, 10, 77).
cost(16, 11, 23).
cost(16, 12, 69).
cost(16, 13, 67).
cost(16, 14, 90).
cost(16, 15, 98).
cost(16, 17, 97).
cost(16, 18, 81).
cost(16, 19, 32).
cost(16, 20, 24).
cost(17, 1, 100).
cost(17, 2, 79).
cost(17, 3, 40).
cost(17, 4, 27).
cost(17, 5, 17).
cost(17, 6, 81).
cost(17, 7, 96).
cost(17, 8, 82).
cost(17, 9, 69).
cost(17, 10, 28).
cost(17, 11, 83).
cost(17, 12, 29).
cost(17, 13, 33).
cost(17, 14, 32).
cost(17, 15, 20).
cost(17, 16, 97).
cost(17, 18, 16).
cost(17, 19, 80).
cost(17, 20, 92).
cost(18, 1, 84).
cost(18, 2, 63).
cost(18, 3, 36).
cost(18, 4, 25).
cost(18, 5, 4).
cost(18, 6, 66).
cost(18, 7, 82).
cost(18, 8, 69).
cost(18, 9, 53).
cost(18, 10, 21).
cost(18, 11, 68).
cost(18, 12, 13).
cost(18, 13, 21).
cost(18, 14, 26).
cost(18, 15, 27).
cost(18, 16, 81).
cost(18, 17, 16).
cost(18, 19, 66).
cost(18, 20, 77).
cost(19, 1, 49).
cost(19, 2, 32).
cost(19, 3, 54).
cost(19, 4, 59).
cost(19, 5, 68).
cost(19, 6, 14).
cost(19, 7, 16).
cost(19, 8, 3).
cost(19, 9, 27).
cost(19, 10, 54).
cost(19, 11, 9).
cost(19, 12, 57).
cost(19, 13, 47).
cost(19, 14, 83).
cost(19, 15, 75).
cost(19, 16, 32).
cost(19, 17, 80).
cost(19, 18, 66).
cost(19, 20, 13).
cost(20, 1, 43).
cost(20, 2, 32).
cost(20, 3, 67).
cost(20, 4, 72).
cost(20, 5, 80).
cost(20, 6, 15).
cost(20, 7, 8).
cost(20, 8, 11).
cost(20, 9, 32).
cost(20, 10, 67).
cost(20, 11, 9).
cost(20, 12, 68).
cost(20, 13, 59).
cost(20, 14, 92).
cost(20, 15, 88).
cost(20, 16, 24).
cost(20, 17, 92).
cost(20, 18, 77).
cost(20, 19, 13).
