dimension(20).
point(1, 67.4417626743, 21.2499295182).
point(2, 91.5308373815, 50.838142609).
point(3, 37.0751215457, 54.9190190023).
point(4, 40.5159673563, 60.0564750742).
point(5, 91.0750788219, 50.6464726542).
point(6, 67.6296520211, 17.6548200491).
point(7, 83.3817161955, 16.7684386807).
point(8, 20.3602438316, 84.5768073198).
point(9, 91.6798988288, 19.9081065225).
point(10, 22.9624936726, 38.0357854966).
point(11, 29.6650128598, 48.5648358974).
point(12, 83.9798316569, 57.1576460028).
point(13, 64.5242568552, 46.8330892694).
point(14, 11.6783409509, 71.3777359219).
point(15, 84.6096389662, 66.0827899098).
point(16, 12.6045849985, 79.2997669189).
point(17, 14.5180683367, 60.1975759307).
point(18, 57.6521523364, 25.0586466126).
point(19, 21.8965240292, 41.1063654409).
point(20, 14.0710895423, 43.6135283451).
cost(1, 2, 38).
cost(1, 3, 45).
cost(1, 4, 47).
cost(1, 5, 38).
cost(1, 6, 4).
cost(1, 7, 17).
cost(1, 8, 79).
cost(1, 9, 24).
cost(1, 10, 48).
cost(1, 11, 47).
cost(1, 12, 40).
cost(1, 13, 26).
cost(1, 14, 75).
cost(1, 15, 48).
cost(1, 16, 80).
cost(1, 17, 66).
cost(1, 18, 11).
cost(1, 19, 50).
cost(1, 20, 58).
cost(2, 1, 38).
cost(2, 3, 55).
cost(2, 4, 52).
cost(2, 5, 0).
cost(2, 6, 41).
cost(2, 7, 35).
cost(2, 8, 79).
cost(2, 9, 31).
cost(2, 10, 70).
cost(2, 11, 62).
cost(2, 12, 10).
cost(2, 13, 27).
cost(2, 14, 82).
cost(2, 15, 17).
cost(2, 16, 84).
cost(2, 17, 78).
cost(2, 18, 43).
cost(2, 19, 70).
cost(2, 20, 78).
cost(3, 1, 45).
cost(3, 2, 55).
cost(3, 4, 6).
cost(3, 5, 54).
cost(3, 6, 48).
cost(3, 7, 60).
cost(3, 8, 34).
cost(3, 9, 65).
cost(3, 10, 22).
cost(3, 11, 10).
cost(3, 12, 47).
cost(3, 13, 29).
cost(3, 14, 30).
cost(3, 15, 49).
cost(3, 16, 35).
cost(3, 17, 23).
cost(3, 18, 36).
cost(3, 19, 21).
cost(3, 20, 26).
cost(4, 1, 47).
cost(4, 2, 52).
cost(4, 3, 6).
cost(4, 5, 51).
cost(4, 6, 50).
cost(4, 7, 61).
cost(4, 8, 32).
cost(4, 9, 65).
cost(4, 10, 28).
cost(4, 11, 16).
cost(4, 12, 44).
cost(4, 13, 27).
cost(4, 14, 31).
cost(4, 15, 45).
cost(4, 16, 34).
cost(4, 17, 26).
cost(4, 18, 39).
cost(4, 19, 27).
cost(4, 20, 31).
cost(5, 1, 38).
cost(5, 2, 0).
cost(5, 3, 54).
cost(5, 4, 51).
cost(5, 6, 40).
cost(5, 7, 35).
cost(5, 8, 78).
cost(5, 9, 31).
cost(5, 10, 69).
cost(5, 11, 61).
cost(5, 12, 10).
cost(5, 13, 27).
cost(5, 14, 82).
cost(5, 15, 17).
cost(5, 16, 84).
cost(5, 17, 77).
cost(5, 18, 42).
cost(5, 19, 70).
cost(5, 20, 77).
cost(6, 1, 4).
cost(6, 2, 41).
cost(6, 3, 48).
cost(6, 4, 50).
cost(6, 5, 40).
cost(6, 7, 16).
cost(6, 8, 82).
cost(6, 9, 24).
cost(6, 10, 49).
cost(6, 11, 49).
cost(6, 12, 43).
cost(6, 13, 29).
cost(6, 14, 78).
cost(6, 15, 51).
cost(6, 16, 83).
cost(6, 17, 68).
cost(6, 18, 12).
cost(6, 19, 51).
cost(6, 20, 60).
cost(7, 1, 17).
cost(7, 2, 35).
cost(7, 3, 60).
cost(7, 4, 61).
cost(7, 5, 35).
cost(7, 6, 16).
cost(7, 8, 93).
cost(7, 9, 9).
cost(7, 10, 64).
cost(7, 11, 62).
cost(7, 12, 40).
cost(7, 13, 35).
cost(7, 14, 90).
cost(7, 15, 49).
cost(7, 16, 94).
cost(7, 17, 81).
cost(7, 18, 27).
cost(7, 19, 66).
cost(7, 20, 74).
cost(8, 1, 79).
cost(8, 2, 79).
cost(8, 3, 34).
cost(8, 4, 32).
cost(8, 5, 78).
cost(8, 6, 82).
cost(8, 7, 93).
cost(8, 9, 96).
cost(8, 10, 47).
cost(8, 11, 37).
cost(8, 12, 69).
cost(8, 13, 58).
cost(8, 14, 16).
cost(8, 15, 67).
cost(8, 16, 9).
cost(8, 17, 25).
cost(8, 18, 70).
cost(8, 19, 43).
cost(8, 20, 41).
cost(9, 1, 24).
cost(9, 2, 31).
cost(9, 3, 65).
cost(9, 4, 65).
cost(9, 5, 31).
cost(9, 6, 24).
cost(9, 7, 9).
cost(9, 8, 96).
cost(9, 10, 71).
cost(9, 11, 68).
cost(9, 12, 38).
cost(9, 13, 38).
cost(9, 14, 95).
cost(9, 15, 47).
cost(9, 16, 99).
cost(9, 17, 87).
cost(9, 18, 34).
cost(9, 19, 73).
cost(9, 20, 81).
cost(10, 1, 48).
cost(10, 2, 70).
cost(10, 3, 22).
cost(10, 4, 28).
cost(10, 5, 69).
cost(10, 6, 49).
cost(10, 7, 64).
cost(10, 8, 47).
cost(10, 9, 71).
cost(10, 11, 12).
cost(10, 12, 64).
cost(10, 13, 42).
cost(10, 14, 35).
cost(10, 15, 68).
cost(10, 16, 43).
cost(10, 17, 24).
cost(10, 18, 37).
cost(10, 19, 3).
cost(10, 20, 10).
cost(11, 1, 47).
cost(11, 2, 62).
cost(11, 3, 10).
cost(11, 4, 16).
cost(11, 5, 61).
cost(11, 6, 49).
cost(11, 7, 62).
cost(11, 8, 37).
cost(11, 9, 68).
cost(11, 10, 12).
cost(11, 12, 55).
cost(11, 13, 35).
cost(11, 14, 29).
cost(11, 15, 58).
cost(11, 16, 35).
cost(11, 17, 19).
cost(11, 18, 37).
cost(11, 19, 11).
cost(11, 20, 16).
cost(12, 1, 40).
cost(12, 2, 10).
cost(12, 3, 47).
cost(12, 4, 44).
cost(12, 5, 10).
cost(12, 6, 43).
cost(12, 7, 40).
cost(12, 8, 69).
cost(12, 9, 38).
cost(12, 10, 64).
cost(12, 11, 55).
cost(12, 13, 22).
cost(12, 14, 74).
cost(12, 15, 9).
cost(12, 16, 75).
cost(12, 17, 70).
cost(12, 18, 42).
cost(12, 19, 64).
cost(12, 20, 71).
cost(13, 1, 26).
cost(13, 2, 27).
cost(13, 3, 29).
cost(13, 4, 27).
cost(13, 5, 27).
cost(13, 6, 29).
cost(13, 7, 35).
cost(13, 8, 58).
cost(13, 9, 38).
cost(13, 10, 42).
cost(13, 11, 35).
cost(13, 12, 22).
cost(13, 14, 58).
cost(13, 15, 28).
cost(13, 16, 61).
cost(13, 17, 52).
cost(13, 18, 23).
cost(13, 19, 43).
cost(13, 20, 51).
cost(14, 1, 75).
cost(14, 2, 82).
cost(14, 3, 30).
cost(14, 4, 31).
cost(14, 5, 82).
cost(14, 6, 78).
cost(14, 7, 90).
cost(14, 8, 16).
cost(14, 9, 95).
cost(14, 10, 35).
cost(14, 11, 29).
cost(14, 12, 74).
cost(14, 13, 58).
cost(14, 15, 73).
cost(14, 16, 8).
cost(14, 17, 12).
cost(14, 18, 65).
cost(14, 19, 32).
cost(14, 20, 28).
cost(15, 1, 48).
cost(15, 2, 17).
cost(15, 3, 49).
cost(15, 4, 45).
cost(15, 5, 17).
cost(15, 6, 51).
cost(15, 7, 49).
cost(15, 8, 67).
cost(15, 9, 47).
cost(15, 10, 68).
cost(15, 11, 58).
cost(15, 12, 9).
cost(15, 13, 28).
cost(15, 14, 73).
cost(15, 16, 73).
cost(15, 17, 70).
cost(15, 18, 49).
cost(15, 19, 68).
cost(15, 20, 74).
cost(16, 1, 80).
cost(16, 2, 84).
cost(16, 3, 35).
cost(16, 4, 34).
cost(16, 5, 84).
cost(16, 6, 83).
cost(16, 7, 94).
cost(16, 8, 9).
cost(16, 9, 99).
cost(16, 10, 43).
cost(16, 11, 35).
cost(16, 12, 75).
cost(16, 13, 61).
cost(16, 14, 8).
cost(16, 15, 73).
cost(16, 17, 19).
cost(16, 18, 71).
cost(16, 19, 39).
cost(16, 20, 36).
cost(17, 1, 66).
cost(17, 2, 78).
cost(17, 3, 23).
cost(17, 4, 26).
cost(17, 5, 77).
cost(17, 6, 68).
cost(17, 7, 81).
cost(17, 8, 25).
cost(17, 9, 87).
cost(17, 10, 24).
cost(17, 11, 19).
cost(17, 12, 70).
cost(17, 13, 52).
cost(17, 14, 12).
cost(17, 15, 70).
cost(17, 16, 19).
cost(17, 18, 56).
cost(17, 19, 20).
cost(17, 20, 17).
cost(18, 1, 11).
cost(18, 2, 43).
cost(18, 3, 36).
cost(18, 4, 39).
cost(18, 5, 42).
cost(18, 6, 12).
cost(18, 7, 27).
cost(18, 8, 70).
cost(18, 9, 34).
cost(18, 10, 37).
cost(18, 11, 37).
cost(18, 12, 42).
cost(18, 13, 23).
cost(18, 14, 65).
cost(18, 15, 49).
cost(18, 16, 71).
cost(18, 17, 56).
cost(18, 19, 39).
cost(18, 20, 47).
cost(19, 1, 50).
cost(19, 2, 70).
cost(19, 3, 21).
cost(19, 4, 27).
cost(19, 5, 70).
cost(19, 6, 51).
cost(19, 7, 66).
cost(19, 8, 43).
cost(19, 9, 73).
cost(19, 10, 3).
cost(19, 11, 11).
cost(19, 12, 64).
cost(19, 13, 43).
cost(19, 14, 32).
cost(19, 15, 68).
cost(19, 16, 39).
cost(19, 17, 20).
cost(19, 18, 39).
cost(19, 20, 8).
cost(20, 1, 58).
cost(20, 2, 78).
cost(20, 3, 26).
cost(20, 4, 31).
cost(20, 5, 77).
cost(20, 6, 60).
cost(20, 7, 74).
cost(20, 8, 41).
cost(20, 9, 81).
cost(20, 10, 10).
cost(20, 11, 16).
cost(20, 12, 71).
cost(20, 13, 51).
cost(20, 14, 28).
cost(20, 15, 74).
cost(20, 16, 36).
cost(20, 17, 17).
cost(20, 18, 47).
cost(20, 19, 8).
