dimension(20).
point(1, 35.9981924739, 74.3062024231).
point(2, 12.9480693245, 54.1348342922).
point(3, 61.009469935, 8.2093378866).
point(4, 38.1621689948, 88.3587975786).
point(5, 86.3551105542, 24.1706127858).
point(6, 26.7222402658, 88.1230993726).
point(7, 93.7238413094, 39.2029808513).
point(8, 54.6166781567, 92.8313410052).
point(9, 89.159686047, 6.425621518).
point(10, 98.0971581132, 45.4236451935).
point(11, 86.4978566676, 51.0545990431).
point(12, 77.4342668375, 21.0360587797).
point(13, 24.1969149116, 61.2953907718).
point(14, 18.059110654, 63.1207551814).
point(15, 87.1593670777, 23.2365685576).
point(16, 10.2501649019, 87.294523235).
point(17, 69.8348048991, 16.5055427174).
point(18, 32.1340862425, 96.2396642848).
point(19, 48.5090269149, 94.3233303988).
point(20, 74.7743912206, 10.9402633369).
cost(1, 2, 31).
cost(1, 3, 71).
cost(1, 4, 14).
cost(1, 5, 71).
cost(1, 6, 17).
cost(1, 7, 68).
cost(1, 8, 26).
cost(1, 9, 86).
cost(1, 10, 68).
cost(1, 11, 56).
cost(1, 12, 67).
cost(1, 13, 18).
cost(1, 14, 21).
cost(1, 15, 72).
cost(1, 16, 29).
cost(1, 17, 67).
cost(1, 18, 22).
cost(1, 19, 24).
cost(1, 20, 74).
cost(2, 1, 31).
cost(2, 3, 66).
cost(2, 4, 43).
cost(2, 5, 79).
cost(2, 6, 37).
cost(2, 7, 82).
cost(2, 8, 57).
cost(2, 9, 90).
cost(2, 10, 86).
cost(2, 11, 74).
cost(2, 12, 72).
cost(2, 13, 13).
cost(2, 14, 10).
cost(2, 15, 80).
cost(2, 16, 33).
cost(2, 17, 68).
cost(2, 18, 46).
cost(2, 19, 54).
cost(2, 20, 75).
cost(3, 1, 71).
cost(3, 2, 66).
cost(3, 4, 83).
cost(3, 5, 30).
cost(3, 6, 87).
cost(3, 7, 45).
cost(3, 8, 85).
cost(3, 9, 28).
cost(3, 10, 53).
cost(3, 11, 50).
cost(3, 12, 21).
cost(3, 13, 65).
cost(3, 14, 70).
cost(3, 15, 30).
cost(3, 16, 94).
cost(3, 17, 12).
cost(3, 18, 93).
cost(3, 19, 87).
cost(3, 20, 14).
cost(4, 1, 14).
cost(4, 2, 43).
cost(4, 3, 83).
cost(4, 5, 80).
cost(4, 6, 11).
cost(4, 7, 74).
cost(4, 8, 17).
cost(4, 9, 97).
cost(4, 10, 74).
cost(4, 11, 61).
cost(4, 12, 78).
cost(4, 13, 30).
cost(4, 14, 32).
cost(4, 15, 81).
cost(4, 16, 28).
cost(4, 17, 79).
cost(4, 18, 10).
cost(4, 19, 12).
cost(4, 20, 86).
cost(5, 1, 71).
cost(5, 2, 79).
cost(5, 3, 30).
cost(5, 4, 80).
cost(5, 6, 87).
cost(5, 7, 17).
cost(5, 8, 76).
cost(5, 9, 18).
cost(5, 10, 24).
cost(5, 11, 27).
cost(5, 12, 9).
cost(5, 13, 72).
cost(5, 14, 79).
cost(5, 15, 1).
cost(5, 16, 99).
cost(5, 17, 18).
cost(5, 18, 90).
cost(5, 19, 80).
cost(5, 20, 18).
cost(6, 1, 17).
cost(6, 2, 37).
cost(6, 3, 87).
cost(6, 4, 11).
cost(6, 5, 87).
cost(6, 7, 83).
cost(6, 8, 28).
cost(6, 9, 103).
cost(6, 10, 83).
cost(6, 11, 70).
cost(6, 12, 84).
cost(6, 13, 27).
cost(6, 14, 26).
cost(6, 15, 89).
cost(6, 16, 16).
cost(6, 17, 84).
cost(6, 18, 10).
cost(6, 19, 23).
cost(6, 20, 91).
cost(7, 1, 68).
cost(7, 2, 82).
cost(7, 3, 45).
cost(7, 4, 74).
cost(7, 5, 17).
cost(7, 6, 83).
cost(7, 8, 66).
cost(7, 9, 33).
cost(7, 10, 8).
cost(7, 11, 14).
cost(7, 12, 24).
cost(7, 13, 73).
cost(7, 14, 79).
cost(7, 15, 17).
cost(7, 16, 96).
cost(7, 17, 33).
cost(7, 18, 84).
cost(7, 19, 71).
cost(7, 20, 34).
cost(8, 1, 26).
cost(8, 2, 57).
cost(8, 3, 85).
cost(8, 4, 17).
cost(8, 5, 76).
cost(8, 6, 28).
cost(8, 7, 66).
cost(8, 9, 93).
cost(8, 10, 64).
cost(8, 11, 53).
cost(8, 12, 75).
cost(8, 13, 44).
cost(8, 14, 47).
cost(8, 15, 77).
cost(8, 16, 45).
cost(8, 17, 78).
cost(8, 18, 23).
cost(8, 19, 6).
cost(8, 20, 84).
cost(9, 1, 86).
cost(9, 2, 90).
cost(9, 3, 28).
cost(9, 4, 97).
cost(9, 5, 18).
cost(9, 6, 103).
cost(9, 7, 33).
cost(9, 8, 93).
cost(9, 10, 40).
cost(9, 11, 45).
cost(9, 12, 19).
cost(9, 13, 85).
cost(9, 14, 91).
cost(9, 15, 17).
cost(9, 16, 113).
cost(9, 17, 22).
cost(9, 18, 106).
cost(9, 19, 97).
cost(9, 20, 15).
cost(10, 1, 68).
cost(10, 2, 86).
cost(10, 3, 53).
cost(10, 4, 74).
cost(10, 5, 24).
cost(10, 6, 83).
cost(10, 7, 8).
cost(10, 8, 64).
cost(10, 9, 40).
cost(10, 11, 13).
cost(10, 12, 32).
cost(10, 13, 76).
cost(10, 14, 82).
cost(10, 15, 25).
cost(10, 16, 97).
cost(10, 17, 40).
cost(10, 18, 83).
cost(10, 19, 70).
cost(10, 20, 42).
cost(11, 1, 56).
cost(11, 2, 74).
cost(11, 3, 50).
cost(11, 4, 61).
cost(11, 5, 27).
cost(11, 6, 70).
cost(11, 7, 14).
cost(11, 8, 53).
cost(11, 9, 45).
cost(11, 10, 13).
cost(11, 12, 31).
cost(11, 13, 63).
cost(11, 14, 69).
cost(11, 15, 28).
cost(11, 16, 84).
cost(11, 17, 38).
cost(11, 18, 71).
cost(11, 19, 58).
cost(11, 20, 42).
cost(12, 1, 67).
cost(12, 2, 72).
cost(12, 3, 21).
cost(12, 4, 78).
cost(12, 5, 9).
cost(12, 6, 84).
cost(12, 7, 24).
cost(12, 8, 75).
cost(12, 9, 19).
cost(12, 10, 32).
cost(12, 11, 31).
cost(12, 13, 67).
cost(12, 14, 73).
cost(12, 15, 10).
cost(12, 16, 94).
cost(12, 17, 9).
cost(12, 18, 88).
cost(12, 19, 79).
cost(12, 20, 10).
cost(13, 1, 18).
cost(13, 2, 13).
cost(13, 3, 65).
cost(13, 4, 30).
cost(13, 5, 72).
cost(13, 6, 27).
cost(13, 7, 73).
cost(13, 8, 44).
cost(13, 9, 85).
cost(13, 10, 76).
cost(13, 11, 63).
cost(13, 12, 67).
cost(13, 14, 6).
cost(13, 15, 74).
cost(13, 16, 30).
cost(13, 17, 64).
cost(13, 18, 36).
cost(13, 19, 41).
cost(13, 20, 71).
cost(14, 1, 21).
cost(14, 2, 10).
cost(14, 3, 70).
cost(14, 4, 32).
cost(14, 5, 79).
cost(14, 6, 26).
cost(14, 7, 79).
cost(14, 8, 47).
cost(14, 9, 91).
cost(14, 10, 82).
cost(14, 11, 69).
cost(14, 12, 73).
cost(14, 13, 6).
cost(14, 15, 80).
cost(14, 16, 25).
cost(14, 17, 70).
cost(14, 18, 36).
cost(14, 19, 44).
cost(14, 20, 77).
cost(15, 1, 72).
cost(15, 2, 80).
cost(15, 3, 30).
cost(15, 4, 81).
cost(15, 5, 1).
cost(15, 6, 89).
cost(15, 7, 17).
cost(15, 8, 77).
cost(15, 9, 17).
cost(15, 10, 25).
cost(15, 11, 28).
cost(15, 12, 10).
cost(15, 13, 74).
cost(15, 14, 80).
cost(15, 16, 100).
cost(15, 17, 19).
cost(15, 18, 91).
cost(15, 19, 81).
cost(15, 20, 17).
cost(16, 1, 29).
cost(16, 2, 33).
cost(16, 3, 94).
cost(16, 4, 28).
cost(16, 5, 99).
cost(16, 6, 16).
cost(16, 7, 96).
cost(16, 8, 45).
cost(16, 9, 113).
cost(16, 10, 97).
cost(16, 11, 84).
cost(16, 12, 94).
cost(16, 13, 30).
cost(16, 14, 25).
cost(16, 15, 100).
cost(16, 17, 93).
cost(16, 18, 24).
cost(16, 19, 39).
cost(16, 20, 100).
cost(17, 1, 67).
cost(17, 2, 68).
cost(17, 3, 12).
cost(17, 4, 79).
cost(17, 5, 18).
cost(17, 6, 84).
cost(17, 7, 33).
cost(17, 8, 78).
cost(17, 9, 22).
cost(17, 10, 40).
cost(17, 11, 38).
cost(17, 12, 9).
cost(17, 13, 64).
cost(17, 14, 70).
cost(17, 15, 19).
cost(17, 16, 93).
cost(17, 18, 88).
cost(17, 19, 81).
cost(17, 20, 7).
cost(18, 1, 22).
cost(18, 2, 46).
cost(18, 3, 93).
cost(18, 4, 10).
cost(18, 5, 90).
cost(18, 6, 10).
cost(18, 7, 84).
cost(18, 8, 23).
cost(18, 9, 106).
cost(18, 10, 83).
cost(18, 11, 71).
cost(18, 12, 88).
cost(18, 13, 36).
cost(18, 14, 36).
cost(18, 15, 91).
cost(18, 16, 24).
cost(18, 17, 88).
cost(18, 19, 16).
cost(18, 20, 95).
cost(19, 1, 24).
cost(19, 2, 54).
cost(19, 3, 87).
cost(19, 4, 12).
cost(19, 5, 80).
cost(19, 6, 23).
cost(19, 7, 71).
cost(19, 8, 6).
cost(19, 9, 97).
cost(19, 10, 70).
cost(19, 11, 58).
cost(19, 12, 79).
cost(19, 13, 41).
cost(19, 14, 44).
cost(19, 15, 81).
cost(19, 16, 39).
cost(19, 17, 81).
cost(19, 18, 16).
cost(19, 20, 87).
cost(20, 1, 74).
cost(20, 2, 75).
cost(20, 3, 14).
cost(20, 4, 86).
cost(20, 5, 18).
cost(20, 6, 91).
cost(20, 7, 34).
cost(20, 8, 84).
cost(20, 9, 15).
cost(20, 10, 42).
cost(20, 11, 42).
cost(20, 12, 10).
cost(20, 13, 71).
cost(20, 14, 77).
cost(20, 15, 17).
cost(20, 16, 100).
cost(20, 17, 7).
cost(20, 18, 95).
cost(20, 19, 87).
