dimension(20).
point(1, 61.6785506934, 3.0211227253).
point(2, 48.7969001294, 7.4940805903).
point(3, 97.005142748, 79.2148632941).
point(4, 41.3062819433, 82.848564779).
point(5, 10.1994770193, 6.4433911571).
point(6, 60.4811092672, 70.5404153547).
point(7, 34.6857363851, 41.4553151359).
point(8, 60.0181798761, 56.7055940271).
point(9, 34.7633672696, 14.4445795865).
point(10, 21.2998740866, 19.3774237815).
point(11, 66.2583369024, 89.072774888).
point(12, 72.707824088, 55.9013352665).
point(13, 14.0551096252, 9.5471890673).
point(14, 28.7062999235, 14.2312763459).
point(15, 87.5918261787, 44.8689422287).
point(16, 39.1517968067, 73.3846714835).
point(17, 63.6705089029, 84.3734921979).
point(18, 7.8407412134, 36.9225759717).
point(19, 84.7380529951, 71.9031164967).
point(20, 10.3267549181, 31.1544757454).
cost(1, 2, 14).
cost(1, 3, 84).
cost(1, 4, 82).
cost(1, 5, 52).
cost(1, 6, 68).
cost(1, 7, 47).
cost(1, 8, 54).
cost(1, 9, 29).
cost(1, 10, 44).
cost(1, 11, 86).
cost(1, 12, 54).
cost(1, 13, 48).
cost(1, 14, 35).
cost(1, 15, 49).
cost(1, 16, 74).
cost(1, 17, 81).
cost(1, 18, 64).
cost(1, 19, 73).
cost(1, 20, 59).
cost(2, 1, 14).
cost(2, 3, 86).
cost(2, 4, 76).
cost(2, 5, 39).
cost(2, 6, 64).
cost(2, 7, 37).
cost(2, 8, 50).
cost(2, 9, 16).
cost(2, 10, 30).
cost(2, 11, 83).
cost(2, 12, 54).
cost(2, 13, 35).
cost(2, 14, 21).
cost(2, 15, 54).
cost(2, 16, 67).
cost(2, 17, 78).
cost(2, 18, 50).
cost(2, 19, 74).
cost(2, 20, 45).
cost(3, 1, 84).
cost(3, 2, 86).
cost(3, 4, 56).
cost(3, 5, 113).
cost(3, 6, 38).
cost(3, 7, 73).
cost(3, 8, 43).
cost(3, 9, 90).
cost(3, 10, 96).
cost(3, 11, 32).
cost(3, 12, 34).
cost(3, 13, 108).
cost(3, 14, 94).
cost(3, 15, 36).
cost(3, 16, 58).
cost(3, 17, 34).
cost(3, 18, 99).
cost(3, 19, 14).
cost(3, 20, 99).
cost(4, 1, 82).
cost(4, 2, 76).
cost(4, 3, 56).
cost(4, 5, 82).
cost(4, 6, 23).
cost(4, 7, 42).
cost(4, 8, 32).
cost(4, 9, 69).
cost(4, 10, 67).
cost(4, 11, 26).
cost(4, 12, 41).
cost(4, 13, 78).
cost(4, 14, 70).
cost(4, 15, 60).
cost(4, 16, 10).
cost(4, 17, 22).
cost(4, 18, 57).
cost(4, 19, 45).
cost(4, 20, 60).
cost(5, 1, 52).
cost(5, 2, 39).
cost(5, 3, 113).
cost(5, 4, 82).
cost(5, 6, 81).
cost(5, 7, 43).
cost(5, 8, 71).
cost(5, 9, 26).
cost(5, 10, 17).
cost(5, 11, 100).
cost(5, 12, 80).
cost(5, 13, 5).
cost(5, 14, 20).
cost(5, 15, 86).
cost(5, 16, 73).
cost(5, 17, 95).
cost(5, 18, 31).
cost(5, 19, 99).
cost(5, 20, 25).
cost(6, 1, 68).
cost(6, 2, 64).
cost(6, 3, 38).
cost(6, 4, 23).
cost(6, 5, 81).
cost(6, 7, 39).
cost(6, 8, 14).
cost(6, 9, 62).
cost(6, 10, 64).
cost(6, 11, 19).
cost(6, 12, 19).
cost(6, 13, 77).
cost(6, 14, 65).
cost(6, 15, 37).
cost(6, 16, 22).
cost(6, 17, 14).
cost(6, 18, 62).
cost(6, 19, 24).
cost(6, 20, 64).
cost(7, 1, 47).
cost(7, 2, 37).
cost(7, 3, 73).
cost(7, 4, 42).
cost(7, 5, 43).
cost(7, 6, 39).
cost(7, 8, 30).
cost(7, 9, 27).
cost(7, 10, 26).
cost(7, 11, 57).
cost(7, 12, 41).
cost(7, 13, 38).
cost(7, 14, 28).
cost(7, 15, 53).
cost(7, 16, 32).
cost(7, 17, 52).
cost(7, 18, 27).
cost(7, 19, 59).
cost(7, 20, 26).
cost(8, 1, 54).
cost(8, 2, 50).
cost(8, 3, 43).
cost(8, 4, 32).
cost(8, 5, 71).
cost(8, 6, 14).
cost(8, 7, 30).
cost(8, 9, 49).
cost(8, 10, 54).
cost(8, 11, 33).
cost(8, 12, 13).
cost(8, 13, 66).
cost(8, 14, 53).
cost(8, 15, 30).
cost(8, 16, 27).
cost(8, 17, 28).
cost(8, 18, 56).
cost(8, 19, 29).
cost(8, 20, 56).
cost(9, 1, 29).
cost(9, 2, 16).
cost(9, 3, 90).
cost(9, 4, 69).
cost(9, 5, 26).
cost(9, 6, 62).
cost(9, 7, 27).
cost(9, 8, 49).
cost(9, 10, 14).
cost(9, 11, 81).
cost(9, 12, 56).
cost(9, 13, 21).
cost(9, 14, 6).
cost(9, 15, 61).
cost(9, 16, 59).
cost(9, 17, 76).
cost(9, 18, 35).
cost(9, 19, 76).
cost(9, 20, 30).
cost(10, 1, 44).
cost(10, 2, 30).
cost(10, 3, 96).
cost(10, 4, 67).
cost(10, 5, 17).
cost(10, 6, 64).
cost(10, 7, 26).
cost(10, 8, 54).
cost(10, 9, 14).
cost(10, 11, 83).
cost(10, 12, 63).
cost(10, 13, 12).
cost(10, 14, 9).
cost(10, 15, 71).
cost(10, 16, 57).
cost(10, 17, 78).
cost(10, 18, 22).
cost(10, 19, 82).
cost(10, 20, 16).
cost(11, 1, 86).
cost(11, 2, 83).
cost(11, 3, 32).
cost(11, 4, 26).
cost(11, 5, 100).
cost(11, 6, 19).
cost(11, 7, 57).
cost(11, 8, 33).
cost(11, 9, 81).
cost(11, 10, 83).
cost(11, 12, 34).
cost(11, 13, 95).
cost(11, 14, 84).
cost(11, 15, 49).
cost(11, 16, 31).
cost(11, 17, 5).
cost(11, 18, 78).
cost(11, 19, 25).
cost(11, 20, 81).
cost(12, 1, 54).
cost(12, 2, 54).
cost(12, 3, 34).
cost(12, 4, 41).
cost(12, 5, 80).
cost(12, 6, 19).
cost(12, 7, 41).
cost(12, 8, 13).
cost(12, 9, 56).
cost(12, 10, 63).
cost(12, 11, 34).
cost(12, 13, 75).
cost(12, 14, 61).
cost(12, 15, 19).
cost(12, 16, 38).
cost(12, 17, 30).
cost(12, 18, 68).
cost(12, 19, 20).
cost(12, 20, 67).
cost(13, 1, 48).
cost(13, 2, 35).
cost(13, 3, 108).
cost(13, 4, 78).
cost(13, 5, 5).
cost(13, 6, 77).
cost(13, 7, 38).
cost(13, 8, 66).
cost(13, 9, 21).
cost(13, 10, 12).
cost(13, 11, 95).
cost(13, 12, 75).
cost(13, 14, 15).
cost(13, 15, 82).
cost(13, 16, 69).
cost(13, 17, 90).
cost(13, 18, 28).
cost(13, 19, 94).
cost(13, 20, 22).
cost(14, 1, 35).
cost(14, 2, 21).
cost(14, 3, 94).
cost(14, 4, 70).
cost(14, 5, 20).
cost(14, 6, 65).
cost(14, 7, 28).
cost(14, 8, 53).
cost(14, 9, 6).
cost(14, 10, 9).
cost(14, 11, 84).
cost(14, 12, 61).
cost(14, 13, 15).
cost(14, 15, 66).
cost(14, 16, 60).
cost(14, 17, 78).
cost(14, 18, 31).
cost(14, 19, 80).
cost(14, 20, 25).
cost(15, 1, 49).
cost(15, 2, 54).
cost(15, 3, 36).
cost(15, 4, 60).
cost(15, 5, 86).
cost(15, 6, 37).
cost(15, 7, 53).
cost(15, 8, 30).
cost(15, 9, 61).
cost(15, 10, 71).
cost(15, 11, 49).
cost(15, 12, 19).
cost(15, 13, 82).
cost(15, 14, 66).
cost(15, 16, 56).
cost(15, 17, 46).
cost(15, 18, 80).
cost(15, 19, 27).
cost(15, 20, 78).
cost(16, 1, 74).
cost(16, 2, 67).
cost(16, 3, 58).
cost(16, 4, 10).
cost(16, 5, 73).
cost(16, 6, 22).
cost(16, 7, 32).
cost(16, 8, 27).
cost(16, 9, 59).
cost(16, 10, 57).
cost(16, 11, 31).
cost(16, 12, 38).
cost(16, 13, 69).
cost(16, 14, 60).
cost(16, 15, 56).
cost(16, 17, 27).
cost(16, 18, 48).
cost(16, 19, 46).
cost(16, 20, 51).
cost(17, 1, 81).
cost(17, 2, 78).
cost(17, 3, 34).
cost(17, 4, 22).
cost(17, 5, 95).
cost(17, 6, 14).
cost(17, 7, 52).
cost(17, 8, 28).
cost(17, 9, 76).
cost(17, 10, 78).
cost(17, 11, 5).
cost(17, 12, 30).
cost(17, 13, 90).
cost(17, 14, 78).
cost(17, 15, 46).
cost(17, 16, 27).
cost(17, 18, 73).
cost(17, 19, 24).
cost(17, 20, 75).
cost(18, 1, 64).
cost(18, 2, 50).
cost(18, 3, 99).
cost(18, 4, 57).
cost(18, 5, 31).
cost(18, 6, 62).
cost(18, 7, 27).
cost(18, 8, 56).
cost(18, 9, 35).
cost(18, 10, 22).
cost(18, 11, 78).
cost(18, 12, 68).
cost(18, 13, 28).
cost(18, 14, 31).
cost(18, 15, 80).
cost(18, 16, 48).
cost(18, 17, 73).
cost(18, 19, 84).
cost(18, 20, 6).
cost(19, 1, 73).
cost(19, 2, 74).
cost(19, 3, 14).
cost(19, 4, 45).
cost(19, 5, 99).
cost(19, 6, 24).
cost(19, 7, 59).
cost(19, 8, 29).
cost(19, 9, 76).
cost(19, 10, 82).
cost(19, 11, 25).
cost(19, 12, 20).
cost(19, 13, 94).
cost(19, 14, 80).
cost(19, 15, 27).
cost(19, 16, 46).
cost(19, 17, 24).
cost(19, 18, 84).
cost(19, 20, 85).
cost(20, 1, 59).
cost(20, 2, 45).
cost(20, 3, 99).
cost(20, 4, 60).
cost(20, 5, 25).
cost(20, 6, 64).
cost(20, 7, 26).
cost(20, 8, 56).
cost(20, 9, 30).
cost(20, 10, 16).
cost(20, 11, 81).
cost(20, 12, 67).
cost(20, 13, 22).
cost(20, 14, 25).
cost(20, 15, 78).
cost(20, 16, 51).
cost(20, 17, 75).
cost(20, 18, 6).
cost(20, 19, 85).
