dimension(20).
point(1, 18.7330105176, 12.7213043591).
point(2, 47.3571371629, 58.386583307).
point(3, 39.0420004844, 2.057371775).
point(4, 43.2306763205, 44.0297327995).
point(5, 37.8822112026, 15.6279394019).
point(6, 29.8380091233, 14.8824694567).
point(7, 81.2493827248, 46.3030813258).
point(8, 32.8611752757, 14.0602075375).
point(9, 72.1951888242, 76.4210525757).
point(10, 27.9582198018, 52.2578585736).
point(11, 23.7982268543, 59.1257870508).
point(12, 41.8341920341, 17.5676337317).
point(13, 57.1297501522, 47.6128022115).
point(14, 71.5234207966, 59.0395088942).
point(15, 34.338643919, 17.0816340653).
point(16, 72.0323963881, 65.3961024921).
point(17, 32.4900828613, 5.3579508899).
point(18, 72.2112807645, 43.4594962805).
point(19, 56.0003209117, 4.404816794).
point(20, 47.2192250223, 17.0641797621).
cost(1, 2, 54).
cost(1, 3, 23).
cost(1, 4, 40).
cost(1, 5, 19).
cost(1, 6, 11).
cost(1, 7, 71).
cost(1, 8, 14).
cost(1, 9, 83).
cost(1, 10, 41).
cost(1, 11, 47).
cost(1, 12, 24).
cost(1, 13, 52).
cost(1, 14, 70).
cost(1, 15, 16).
cost(1, 16, 75).
cost(1, 17, 16).
cost(1, 18, 62).
cost(1, 19, 38).
cost(1, 20, 29).
cost(2, 1, 54).
cost(2, 3, 57).
cost(2, 4, 15).
cost(2, 5, 44).
cost(2, 6, 47).
cost(2, 7, 36).
cost(2, 8, 47).
cost(2, 9, 31).
cost(2, 10, 20).
cost(2, 11, 24).
cost(2, 12, 41).
cost(2, 13, 15).
cost(2, 14, 24).
cost(2, 15, 43).
cost(2, 16, 26).
cost(2, 17, 55).
cost(2, 18, 29).
cost(2, 19, 55).
cost(2, 20, 41).
cost(3, 1, 23).
cost(3, 2, 57).
cost(3, 4, 42).
cost(3, 5, 14).
cost(3, 6, 16).
cost(3, 7, 61).
cost(3, 8, 14).
cost(3, 9, 81).
cost(3, 10, 51).
cost(3, 11, 59).
cost(3, 12, 16).
cost(3, 13, 49).
cost(3, 14, 66).
cost(3, 15, 16).
cost(3, 16, 71).
cost(3, 17, 7).
cost(3, 18, 53).
cost(3, 19, 17).
cost(3, 20, 17).
cost(4, 1, 40).
cost(4, 2, 15).
cost(4, 3, 42).
cost(4, 5, 29).
cost(4, 6, 32).
cost(4, 7, 38).
cost(4, 8, 32).
cost(4, 9, 43).
cost(4, 10, 17).
cost(4, 11, 25).
cost(4, 12, 26).
cost(4, 13, 14).
cost(4, 14, 32).
cost(4, 15, 28).
cost(4, 16, 36).
cost(4, 17, 40).
cost(4, 18, 29).
cost(4, 19, 42).
cost(4, 20, 27).
cost(5, 1, 19).
cost(5, 2, 44).
cost(5, 3, 14).
cost(5, 4, 29).
cost(5, 6, 8).
cost(5, 7, 53).
cost(5, 8, 5).
cost(5, 9, 70).
cost(5, 10, 38).
cost(5, 11, 46).
cost(5, 12, 4).
cost(5, 13, 37).
cost(5, 14, 55).
cost(5, 15, 4).
cost(5, 16, 60).
cost(5, 17, 12).
cost(5, 18, 44).
cost(5, 19, 21).
cost(5, 20, 9).
cost(6, 1, 11).
cost(6, 2, 47).
cost(6, 3, 16).
cost(6, 4, 32).
cost(6, 5, 8).
cost(6, 7, 60).
cost(6, 8, 3).
cost(6, 9, 75).
cost(6, 10, 37).
cost(6, 11, 45).
cost(6, 12, 12).
cost(6, 13, 43).
cost(6, 14, 61).
cost(6, 15, 5).
cost(6, 16, 66).
cost(6, 17, 10).
cost(6, 18, 51).
cost(6, 19, 28).
cost(6, 20, 18).
cost(7, 1, 71).
cost(7, 2, 36).
cost(7, 3, 61).
cost(7, 4, 38).
cost(7, 5, 53).
cost(7, 6, 60).
cost(7, 8, 58).
cost(7, 9, 31).
cost(7, 10, 54).
cost(7, 11, 59).
cost(7, 12, 49).
cost(7, 13, 24).
cost(7, 14, 16).
cost(7, 15, 55).
cost(7, 16, 21).
cost(7, 17, 64).
cost(7, 18, 9).
cost(7, 19, 49).
cost(7, 20, 45).
cost(8, 1, 14).
cost(8, 2, 47).
cost(8, 3, 14).
cost(8, 4, 32).
cost(8, 5, 5).
cost(8, 6, 3).
cost(8, 7, 58).
cost(8, 9, 74).
cost(8, 10, 39).
cost(8, 11, 46).
cost(8, 12, 10).
cost(8, 13, 41).
cost(8, 14, 59).
cost(8, 15, 3).
cost(8, 16, 65).
cost(8, 17, 9).
cost(8, 18, 49).
cost(8, 19, 25).
cost(8, 20, 15).
cost(9, 1, 83).
cost(9, 2, 31).
cost(9, 3, 81).
cost(9, 4, 43).
cost(9, 5, 70).
cost(9, 6, 75).
cost(9, 7, 31).
cost(9, 8, 74).
cost(9, 10, 50).
cost(9, 11, 51).
cost(9, 12, 66).
cost(9, 13, 33).
cost(9, 14, 17).
cost(9, 15, 70).
cost(9, 16, 11).
cost(9, 17, 81).
cost(9, 18, 33).
cost(9, 19, 74).
cost(9, 20, 64).
cost(10, 1, 41).
cost(10, 2, 20).
cost(10, 3, 51).
cost(10, 4, 17).
cost(10, 5, 38).
cost(10, 6, 37).
cost(10, 7, 54).
cost(10, 8, 39).
cost(10, 9, 50).
cost(10, 11, 8).
cost(10, 12, 37).
cost(10, 13, 30).
cost(10, 14, 44).
cost(10, 15, 36).
cost(10, 16, 46).
cost(10, 17, 47).
cost(10, 18, 45).
cost(10, 19, 55).
cost(10, 20, 40).
cost(11, 1, 47).
cost(11, 2, 24).
cost(11, 3, 59).
cost(11, 4, 25).
cost(11, 5, 46).
cost(11, 6, 45).
cost(11, 7, 59).
cost(11, 8, 46).
cost(11, 9, 51).
cost(11, 10, 8).
cost(11, 12, 45).
cost(11, 13, 35).
cost(11, 14, 48).
cost(11, 15, 43).
cost(11, 16, 49).
cost(11, 17, 54).
cost(11, 18, 51).
cost(11, 19, 63).
cost(11, 20, 48).
cost(12, 1, 24).
cost(12, 2, 41).
cost(12, 3, 16).
cost(12, 4, 26).
cost(12, 5, 4).
cost(12, 6, 12).
cost(12, 7, 49).
cost(12, 8, 10).
cost(12, 9, 66).
cost(12, 10, 37).
cost(12, 11, 45).
cost(12, 13, 34).
cost(12, 14, 51).
cost(12, 15, 8).
cost(12, 16, 57).
cost(12, 17, 15).
cost(12, 18, 40).
cost(12, 19, 19).
cost(12, 20, 5).
cost(13, 1, 52).
cost(13, 2, 15).
cost(13, 3, 49).
cost(13, 4, 14).
cost(13, 5, 37).
cost(13, 6, 43).
cost(13, 7, 24).
cost(13, 8, 41).
cost(13, 9, 33).
cost(13, 10, 30).
cost(13, 11, 35).
cost(13, 12, 34).
cost(13, 14, 18).
cost(13, 15, 38).
cost(13, 16, 23).
cost(13, 17, 49).
cost(13, 18, 16).
cost(13, 19, 43).
cost(13, 20, 32).
cost(14, 1, 70).
cost(14, 2, 24).
cost(14, 3, 66).
cost(14, 4, 32).
cost(14, 5, 55).
cost(14, 6, 61).
cost(14, 7, 16).
cost(14, 8, 59).
cost(14, 9, 17).
cost(14, 10, 44).
cost(14, 11, 48).
cost(14, 12, 51).
cost(14, 13, 18).
cost(14, 15, 56).
cost(14, 16, 6).
cost(14, 17, 66).
cost(14, 18, 16).
cost(14, 19, 57).
cost(14, 20, 49).
cost(15, 1, 16).
cost(15, 2, 43).
cost(15, 3, 16).
cost(15, 4, 28).
cost(15, 5, 4).
cost(15, 6, 5).
cost(15, 7, 55).
cost(15, 8, 3).
cost(15, 9, 70).
cost(15, 10, 36).
cost(15, 11, 43).
cost(15, 12, 8).
cost(15, 13, 38).
cost(15, 14, 56).
cost(15, 16, 61).
cost(15, 17, 12).
cost(15, 18, 46).
cost(15, 19, 25).
cost(15, 20, 13).
cost(16, 1, 75).
cost(16, 2, 26).
cost(16, 3, 71).
cost(16, 4, 36).
cost(16, 5, 60).
cost(16, 6, 66).
cost(16, 7, 21).
cost(16, 8, 65).
cost(16, 9, 11).
cost(16, 10, 46).
cost(16, 11, 49).
cost(16, 12, 57).
cost(16, 13, 23).
cost(16, 14, 6).
cost(16, 15, 61).
cost(16, 17, 72).
cost(16, 18, 22).
cost(16, 19, 63).
cost(16, 20, 54).
cost(17, 1, 16).
cost(17, 2, 55).
cost(17, 3, 7).
cost(17, 4, 40).
cost(17, 5, 12).
cost(17, 6, 10).
cost(17, 7, 64).
cost(17, 8, 9).
cost(17, 9, 81).
cost(17, 10, 47).
cost(17, 11, 54).
cost(17, 12, 15).
cost(17, 13, 49).
cost(17, 14, 66).
cost(17, 15, 12).
cost(17, 16, 72).
cost(17, 18, 55).
cost(17, 19, 24).
cost(17, 20, 19).
cost(18, 1, 62).
cost(18, 2, 29).
cost(18, 3, 53).
cost(18, 4, 29).
cost(18, 5, 44).
cost(18, 6, 51).
cost(18, 7, 9).
cost(18, 8, 49).
cost(18, 9, 33).
cost(18, 10, 45).
cost(18, 11, 51).
cost(18, 12, 40).
cost(18, 13, 16).
cost(18, 14, 16).
cost(18, 15, 46).
cost(18, 16, 22).
cost(18, 17, 55).
cost(18, 19, 42).
cost(18, 20, 36).
cost(19, 1, 38).
cost(19, 2, 55).
cost(19, 3, 17).
cost(19, 4, 42).
cost(19, 5, 21).
cost(19, 6, 28).
cost(19, 7, 49).
cost(19, 8, 25).
cost(19, 9, 74).
cost(19, 10, 55).
cost(19, 11, 63).
cost(19, 12, 19).
cost(19, 13, 43).
cost(19, 14, 57).
cost(19, 15, 25).
cost(19, 16, 63).
cost(19, 17, 24).
cost(19, 18, 42).
cost(19, 20, 15).
cost(20, 1, 29).
cost(20, 2, 41).
cost(20, 3, 17).
cost(20, 4, 27).
cost(20, 5, 9).
cost(20, 6, 18).
cost(20, 7, 45).
cost(20, 8, 15).
cost(20, 9, 64).
cost(20, 10, 40).
cost(20, 11, 48).
cost(20, 12, 5).
cost(20, 13, 32).
cost(20, 14, 49).
cost(20, 15, 13).
cost(20, 16, 54).
cost(20, 17, 19).
cost(20, 18, 36).
cost(20, 19, 15).
