dimension(20).
point(1, 53.4213250608, 2.4960110826).
point(2, 67.4646585455, 29.5062375137).
point(3, 8.493527681, 39.4620445886).
point(4, 89.3215298885, 8.0033672304).
point(5, 7.9356742925, 52.1997888083).
point(6, 86.9852320714, 23.2830375404).
point(7, 64.9820683387, 4.7686599603).
point(8, 24.3820500563, 69.689563573).
point(9, 4.5089346093, 65.7683706309).
point(10, 17.4658278197, 51.2895021677).
point(11, 22.6289047743, 82.4181965452).
point(12, 20.2426555198, 59.9783218699).
point(13, 88.4172475198, 19.9382804823).
point(14, 63.75763676, 9.7799751785).
point(15, 39.2549489647, 85.3085392483).
point(16, 11.3668273714, 53.0685416465).
point(17, 35.4852775726, 91.1625234453).
point(18, 73.2444578522, 28.3356909235).
point(19, 54.1878842343, 14.5439148766).
point(20, 73.3398733499, 10.0511123557).
cost(1, 2, 30).
cost(1, 3, 58).
cost(1, 4, 36).
cost(1, 5, 67).
cost(1, 6, 39).
cost(1, 7, 12).
cost(1, 8, 73).
cost(1, 9, 80).
cost(1, 10, 61).
cost(1, 11, 86).
cost(1, 12, 66).
cost(1, 13, 39).
cost(1, 14, 13).
cost(1, 15, 84).
cost(1, 16, 66).
cost(1, 17, 90).
cost(1, 18, 33).
cost(1, 19, 12).
cost(1, 20, 21).
cost(2, 1, 30).
cost(2, 3, 60).
cost(2, 4, 31).
cost(2, 5, 64).
cost(2, 6, 20).
cost(2, 7, 25).
cost(2, 8, 59).
cost(2, 9, 73).
cost(2, 10, 55).
cost(2, 11, 69).
cost(2, 12, 56).
cost(2, 13, 23).
cost(2, 14, 20).
cost(2, 15, 63).
cost(2, 16, 61).
cost(2, 17, 69).
cost(2, 18, 6).
cost(2, 19, 20).
cost(2, 20, 20).
cost(3, 1, 58).
cost(3, 2, 60).
cost(3, 4, 87).
cost(3, 5, 13).
cost(3, 6, 80).
cost(3, 7, 66).
cost(3, 8, 34).
cost(3, 9, 27).
cost(3, 10, 15).
cost(3, 11, 45).
cost(3, 12, 24).
cost(3, 13, 82).
cost(3, 14, 63).
cost(3, 15, 55).
cost(3, 16, 14).
cost(3, 17, 58).
cost(3, 18, 66).
cost(3, 19, 52).
cost(3, 20, 71).
cost(4, 1, 36).
cost(4, 2, 31).
cost(4, 3, 87).
cost(4, 5, 93).
cost(4, 6, 15).
cost(4, 7, 25).
cost(4, 8, 90).
cost(4, 9, 103).
cost(4, 10, 84).
cost(4, 11, 100).
cost(4, 12, 86).
cost(4, 13, 12).
cost(4, 14, 26).
cost(4, 15, 92).
cost(4, 16, 90).
cost(4, 17, 99).
cost(4, 18, 26).
cost(4, 19, 36).
cost(4, 20, 16).
cost(5, 1, 67).
cost(5, 2, 64).
cost(5, 3, 13).
cost(5, 4, 93).
cost(5, 6, 84).
cost(5, 7, 74).
cost(5, 8, 24).
cost(5, 9, 14).
cost(5, 10, 10).
cost(5, 11, 34).
cost(5, 12, 15).
cost(5, 13, 87).
cost(5, 14, 70).
cost(5, 15, 46).
cost(5, 16, 4).
cost(5, 17, 48).
cost(5, 18, 70).
cost(5, 19, 60).
cost(5, 20, 78).
cost(6, 1, 39).
cost(6, 2, 20).
cost(6, 3, 80).
cost(6, 4, 15).
cost(6, 5, 84).
cost(6, 7, 29).
cost(6, 8, 78).
cost(6, 9, 93).
cost(6, 10, 75).
cost(6, 11, 87).
cost(6, 12, 76).
cost(6, 13, 4).
cost(6, 14, 27).
cost(6, 15, 78).
cost(6, 16, 81).
cost(6, 17, 85).
cost(6, 18, 15).
cost(6, 19, 34).
cost(6, 20, 19).
cost(7, 1, 12).
cost(7, 2, 25).
cost(7, 3, 66).
cost(7, 4, 25).
cost(7, 5, 74).
cost(7, 6, 29).
cost(7, 8, 77).
cost(7, 9, 86).
cost(7, 10, 66).
cost(7, 11, 88).
cost(7, 12, 71).
cost(7, 13, 28).
cost(7, 14, 5).
cost(7, 15, 85).
cost(7, 16, 72).
cost(7, 17, 91).
cost(7, 18, 25).
cost(7, 19, 15).
cost(7, 20, 10).
cost(8, 1, 73).
cost(8, 2, 59).
cost(8, 3, 34).
cost(8, 4, 90).
cost(8, 5, 24).
cost(8, 6, 78).
cost(8, 7, 77).
cost(8, 9, 20).
cost(8, 10, 20).
cost(8, 11, 13).
cost(8, 12, 11).
cost(8, 13, 81).
cost(8, 14, 72).
cost(8, 15, 22).
cost(8, 16, 21).
cost(8, 17, 24).
cost(8, 18, 64).
cost(8, 19, 63).
cost(8, 20, 77).
cost(9, 1, 80).
cost(9, 2, 73).
cost(9, 3, 27).
cost(9, 4, 103).
cost(9, 5, 14).
cost(9, 6, 93).
cost(9, 7, 86).
cost(9, 8, 20).
cost(9, 10, 19).
cost(9, 11, 25).
cost(9, 12, 17).
cost(9, 13, 96).
cost(9, 14, 82).
cost(9, 15, 40).
cost(9, 16, 14).
cost(9, 17, 40).
cost(9, 18, 78).
cost(9, 19, 71).
cost(9, 20, 89).
cost(10, 1, 61).
cost(10, 2, 55).
cost(10, 3, 15).
cost(10, 4, 84).
cost(10, 5, 10).
cost(10, 6, 75).
cost(10, 7, 66).
cost(10, 8, 20).
cost(10, 9, 19).
cost(10, 11, 32).
cost(10, 12, 9).
cost(10, 13, 78).
cost(10, 14, 62).
cost(10, 15, 40).
cost(10, 16, 6).
cost(10, 17, 44).
cost(10, 18, 60).
cost(10, 19, 52).
cost(10, 20, 69).
cost(11, 1, 86).
cost(11, 2, 69).
cost(11, 3, 45).
cost(11, 4, 100).
cost(11, 5, 34).
cost(11, 6, 87).
cost(11, 7, 88).
cost(11, 8, 13).
cost(11, 9, 25).
cost(11, 10, 32).
cost(11, 12, 23).
cost(11, 13, 91).
cost(11, 14, 83).
cost(11, 15, 17).
cost(11, 16, 31).
cost(11, 17, 16).
cost(11, 18, 74).
cost(11, 19, 75).
cost(11, 20, 88).
cost(12, 1, 66).
cost(12, 2, 56).
cost(12, 3, 24).
cost(12, 4, 86).
cost(12, 5, 15).
cost(12, 6, 76).
cost(12, 7, 71).
cost(12, 8, 11).
cost(12, 9, 17).
cost(12, 10, 9).
cost(12, 11, 23).
cost(12, 13, 79).
cost(12, 14, 66).
cost(12, 15, 32).
cost(12, 16, 11).
cost(12, 17, 35).
cost(12, 18, 62).
cost(12, 19, 57).
cost(12, 20, 73).
cost(13, 1, 39).
cost(13, 2, 23).
cost(13, 3, 82).
cost(13, 4, 12).
cost(13, 5, 87).
cost(13, 6, 4).
cost(13, 7, 28).
cost(13, 8, 81).
cost(13, 9, 96).
cost(13, 10, 78).
cost(13, 11, 91).
cost(13, 12, 79).
cost(13, 14, 27).
cost(13, 15, 82).
cost(13, 16, 84).
cost(13, 17, 89).
cost(13, 18, 17).
cost(13, 19, 35).
cost(13, 20, 18).
cost(14, 1, 13).
cost(14, 2, 20).
cost(14, 3, 63).
cost(14, 4, 26).
cost(14, 5, 70).
cost(14, 6, 27).
cost(14, 7, 5).
cost(14, 8, 72).
cost(14, 9, 82).
cost(14, 10, 62).
cost(14, 11, 83).
cost(14, 12, 66).
cost(14, 13, 27).
cost(14, 15, 79).
cost(14, 16, 68).
cost(14, 17, 86).
cost(14, 18, 21).
cost(14, 19, 11).
cost(14, 20, 10).
cost(15, 1, 84).
cost(15, 2, 63).
cost(15, 3, 55).
cost(15, 4, 92).
cost(15, 5, 46).
cost(15, 6, 78).
cost(15, 7, 85).
cost(15, 8, 22).
cost(15, 9, 40).
cost(15, 10, 40).
cost(15, 11, 17).
cost(15, 12, 32).
cost(15, 13, 82).
cost(15, 14, 79).
cost(15, 16, 43).
cost(15, 17, 7).
cost(15, 18, 66).
cost(15, 19, 72).
cost(15, 20, 83).
cost(16, 1, 66).
cost(16, 2, 61).
cost(16, 3, 14).
cost(16, 4, 90).
cost(16, 5, 4).
cost(16, 6, 81).
cost(16, 7, 72).
cost(16, 8, 21).
cost(16, 9, 14).
cost(16, 10, 6).
cost(16, 11, 31).
cost(16, 12, 11).
cost(16, 13, 84).
cost(16, 14, 68).
cost(16, 15, 43).
cost(16, 17, 45).
cost(16, 18, 67).
cost(16, 19, 58).
cost(16, 20, 75).
cost(17, 1, 90).
cost(17, 2, 69).
cost(17, 3, 58).
cost(17, 4, 99).
cost(17, 5, 48).
cost(17, 6, 85).
cost(17, 7, 91).
cost(17, 8, 24).
cost(17, 9, 40).
cost(17, 10, 44).
cost(17, 11, 16).
cost(17, 12, 35).
cost(17, 13, 89).
cost(17, 14, 86).
cost(17, 15, 7).
cost(17, 16, 45).
cost(17, 18, 73).
cost(17, 19, 79).
cost(17, 20, 90).
cost(18, 1, 33).
cost(18, 2, 6).
cost(18, 3, 66).
cost(18, 4, 26).
cost(18, 5, 70).
cost(18, 6, 15).
cost(18, 7, 25).
cost(18, 8, 64).
cost(18, 9, 78).
cost(18, 10, 60).
cost(18, 11, 74).
cost(18, 12, 62).
cost(18, 13, 17).
cost(18, 14, 21).
cost(18, 15, 66).
cost(18, 16, 67).
cost(18, 17, 73).
cost(18, 19, 24).
cost(18, 20, 18).
cost(19, 1, 12).
cost(19, 2, 20).
cost(19, 3, 52).
cost(19, 4, 36).
cost(19, 5, 60).
cost(19, 6, 34).
cost(19, 7, 15).
cost(19, 8, 63).
cost(19, 9, 71).
cost(19, 10, 52).
cost(19, 11, 75).
cost(19, 12, 57).
cost(19, 13, 35).
cost(19, 14, 11).
cost(19, 15, 72).
cost(19, 16, 58).
cost(19, 17, 79).
cost(19, 18, 24).
cost(19, 20, 20).
cost(20, 1, 21).
cost(20, 2, 20).
cost(20, 3, 71).
cost(20, 4, 16).
cost(20, 5, 78).
cost(20, 6, 19).
cost(20, 7, 10).
cost(20, 8, 77).
cost(20, 9, 89).
cost(20, 10, 69).
cost(20, 11, 88).
cost(20, 12, 73).
cost(20, 13, 18).
cost(20, 14, 10).
cost(20, 15, 83).
cost(20, 16, 75).
cost(20, 17, 90).
cost(20, 18, 18).
cost(20, 19, 20).
