dimension(20).
point(1, 24.0076719155, 39.7560464919).
point(2, 47.8243498913, 96.8041139751).
point(3, 60.5287861597, 87.9411690052).
point(4, 26.7452473777, 91.5580044131).
point(5, 39.7403224464, 82.2268085968).
point(6, 35.6404517404, 29.2467060667).
point(7, 39.4151718929, 23.5688813612).
point(8, 57.3465327474, 32.9674799766).
point(9, 72.1347676343, 85.9810008355).
point(10, 65.2833944989, 26.7161827601).
point(11, 46.1382033299, 27.012788163).
point(12, 50.4642342571, 39.2557361845).
point(13, 69.0502667501, 14.4936511392).
point(14, 79.0911052033, 89.8011257324).
point(15, 33.9866109914, 94.9416681262).
point(16, 77.0646944593, 89.2229517968).
point(17, 43.4603966749, 78.6113292004).
point(18, 53.8820058105, 79.180831265).
point(19, 47.254315909, 18.4306221017).
point(20, 76.7376191084, 13.5233304377).
cost(1, 2, 62).
cost(1, 3, 60).
cost(1, 4, 52).
cost(1, 5, 45).
cost(1, 6, 16).
cost(1, 7, 22).
cost(1, 8, 34).
cost(1, 9, 67).
cost(1, 10, 43).
cost(1, 11, 26).
cost(1, 12, 26).
cost(1, 13, 52).
cost(1, 14, 74).
cost(1, 15, 56).
cost(1, 16, 73).
cost(1, 17, 43).
cost(1, 18, 49).
cost(1, 19, 32).
cost(1, 20, 59).
cost(2, 1, 62).
cost(2, 3, 15).
cost(2, 4, 22).
cost(2, 5, 17).
cost(2, 6, 69).
cost(2, 7, 74).
cost(2, 8, 65).
cost(2, 9, 27).
cost(2, 10, 72).
cost(2, 11, 70).
cost(2, 12, 58).
cost(2, 13, 85).
cost(2, 14, 32).
cost(2, 15, 14).
cost(2, 16, 30).
cost(2, 17, 19).
cost(2, 18, 19).
cost(2, 19, 78).
cost(2, 20, 88).
cost(3, 1, 60).
cost(3, 2, 15).
cost(3, 4, 34).
cost(3, 5, 22).
cost(3, 6, 64).
cost(3, 7, 68).
cost(3, 8, 55).
cost(3, 9, 12).
cost(3, 10, 61).
cost(3, 11, 63).
cost(3, 12, 50).
cost(3, 13, 74).
cost(3, 14, 19).
cost(3, 15, 27).
cost(3, 16, 17).
cost(3, 17, 19).
cost(3, 18, 11).
cost(3, 19, 71).
cost(3, 20, 76).
cost(4, 1, 52).
cost(4, 2, 22).
cost(4, 3, 34).
cost(4, 5, 16).
cost(4, 6, 63).
cost(4, 7, 69).
cost(4, 8, 66).
cost(4, 9, 46).
cost(4, 10, 75).
cost(4, 11, 67).
cost(4, 12, 57).
cost(4, 13, 88).
cost(4, 14, 52).
cost(4, 15, 8).
cost(4, 16, 50).
cost(4, 17, 21).
cost(4, 18, 30).
cost(4, 19, 76).
cost(4, 20, 93).
cost(5, 1, 45).
cost(5, 2, 17).
cost(5, 3, 22).
cost(5, 4, 16).
cost(5, 6, 53).
cost(5, 7, 59).
cost(5, 8, 52).
cost(5, 9, 33).
cost(5, 10, 61).
cost(5, 11, 56).
cost(5, 12, 44).
cost(5, 13, 74).
cost(5, 14, 40).
cost(5, 15, 14).
cost(5, 16, 38).
cost(5, 17, 5).
cost(5, 18, 14).
cost(5, 19, 64).
cost(5, 20, 78).
cost(6, 1, 16).
cost(6, 2, 69).
cost(6, 3, 64).
cost(6, 4, 63).
cost(6, 5, 53).
cost(6, 7, 7).
cost(6, 8, 22).
cost(6, 9, 67).
cost(6, 10, 30).
cost(6, 11, 11).
cost(6, 12, 18).
cost(6, 13, 37).
cost(6, 14, 75).
cost(6, 15, 66).
cost(6, 16, 73).
cost(6, 17, 50).
cost(6, 18, 53).
cost(6, 19, 16).
cost(6, 20, 44).
cost(7, 1, 22).
cost(7, 2, 74).
cost(7, 3, 68).
cost(7, 4, 69).
cost(7, 5, 59).
cost(7, 6, 7).
cost(7, 8, 20).
cost(7, 9, 70).
cost(7, 10, 26).
cost(7, 11, 8).
cost(7, 12, 19).
cost(7, 13, 31).
cost(7, 14, 77).
cost(7, 15, 72).
cost(7, 16, 76).
cost(7, 17, 55).
cost(7, 18, 57).
cost(7, 19, 9).
cost(7, 20, 39).
cost(8, 1, 34).
cost(8, 2, 65).
cost(8, 3, 55).
cost(8, 4, 66).
cost(8, 5, 52).
cost(8, 6, 22).
cost(8, 7, 20).
cost(8, 9, 55).
cost(8, 10, 10).
cost(8, 11, 13).
cost(8, 12, 9).
cost(8, 13, 22).
cost(8, 14, 61).
cost(8, 15, 66).
cost(8, 16, 60).
cost(8, 17, 48).
cost(8, 18, 46).
cost(8, 19, 18).
cost(8, 20, 27).
cost(9, 1, 67).
cost(9, 2, 27).
cost(9, 3, 12).
cost(9, 4, 46).
cost(9, 5, 33).
cost(9, 6, 67).
cost(9, 7, 70).
cost(9, 8, 55).
cost(9, 10, 60).
cost(9, 11, 64).
cost(9, 12, 52).
cost(9, 13, 72).
cost(9, 14, 8).
cost(9, 15, 39).
cost(9, 16, 6).
cost(9, 17, 30).
cost(9, 18, 19).
cost(9, 19, 72).
cost(9, 20, 73).
cost(10, 1, 43).
cost(10, 2, 72).
cost(10, 3, 61).
cost(10, 4, 75).
cost(10, 5, 61).
cost(10, 6, 30).
cost(10, 7, 26).
cost(10, 8, 10).
cost(10, 9, 60).
cost(10, 11, 19).
cost(10, 12, 19).
cost(10, 13, 13).
cost(10, 14, 65).
cost(10, 15, 75).
cost(10, 16, 64).
cost(10, 17, 56).
cost(10, 18, 54).
cost(10, 19, 20).
cost(10, 20, 17).
cost(11, 1, 26).
cost(11, 2, 70).
cost(11, 3, 63).
cost(11, 4, 67).
cost(11, 5, 56).
cost(11, 6, 11).
cost(11, 7, 8).
cost(11, 8, 13).
cost(11, 9, 64).
cost(11, 10, 19).
cost(11, 12, 13).
cost(11, 13, 26).
cost(11, 14, 71).
cost(11, 15, 69).
cost(11, 16, 69).
cost(11, 17, 52).
cost(11, 18, 53).
cost(11, 19, 9).
cost(11, 20, 33).
cost(12, 1, 26).
cost(12, 2, 58).
cost(12, 3, 50).
cost(12, 4, 57).
cost(12, 5, 44).
cost(12, 6, 18).
cost(12, 7, 19).
cost(12, 8, 9).
cost(12, 9, 52).
cost(12, 10, 19).
cost(12, 11, 13).
cost(12, 13, 31).
cost(12, 14, 58).
cost(12, 15, 58).
cost(12, 16, 57).
cost(12, 17, 40).
cost(12, 18, 40).
cost(12, 19, 21).
cost(12, 20, 37).
cost(13, 1, 52).
cost(13, 2, 85).
cost(13, 3, 74).
cost(13, 4, 88).
cost(13, 5, 74).
cost(13, 6, 37).
cost(13, 7, 31).
cost(13, 8, 22).
cost(13, 9, 72).
cost(13, 10, 13).
cost(13, 11, 26).
cost(13, 12, 31).
cost(13, 14, 76).
cost(13, 15, 88).
cost(13, 16, 75).
cost(13, 17, 69).
cost(13, 18, 66).
cost(13, 19, 22).
cost(13, 20, 8).
cost(14, 1, 74).
cost(14, 2, 32).
cost(14, 3, 19).
cost(14, 4, 52).
cost(14, 5, 40).
cost(14, 6, 75).
cost(14, 7, 77).
cost(14, 8, 61).
cost(14, 9, 8).
cost(14, 10, 65).
cost(14, 11, 71).
cost(14, 12, 58).
cost(14, 13, 76).
cost(14, 15, 45).
cost(14, 16, 2).
cost(14, 17, 37).
cost(14, 18, 27).
cost(14, 19, 78).
cost(14, 20, 76).
cost(15, 1, 56).
cost(15, 2, 14).
cost(15, 3, 27).
cost(15, 4, 8).
cost(15, 5, 14).
cost(15, 6, 66).
cost(15, 7, 72).
cost(15, 8, 66).
cost(15, 9, 39).
cost(15, 10, 75).
cost(15, 11, 69).
cost(15, 12, 58).
cost(15, 13, 88).
cost(15, 14, 45).
cost(15, 16, 43).
cost(15, 17, 19).
cost(15, 18, 25).
cost(15, 19, 78).
cost(15, 20, 92).
cost(16, 1, 73).
cost(16, 2, 30).
cost(16, 3, 17).
cost(16, 4, 50).
cost(16, 5, 38).
cost(16, 6, 73).
cost(16, 7, 76).
cost(16, 8, 60).
cost(16, 9, 6).
cost(16, 10, 64).
cost(16, 11, 69).
cost(16, 12, 57).
cost(16, 13, 75).
cost(16, 14, 2).
cost(16, 15, 43).
cost(16, 17, 35).
cost(16, 18, 25).
cost(16, 19, 77).
cost(16, 20, 76).
cost(17, 1, 43).
cost(17, 2, 19).
cost(17, 3, 19).
cost(17, 4, 21).
cost(17, 5, 5).
cost(17, 6, 50).
cost(17, 7, 55).
cost(17, 8, 48).
cost(17, 9, 30).
cost(17, 10, 56).
cost(17, 11, 52).
cost(17, 12, 40).
cost(17, 13, 69).
cost(17, 14, 37).
cost(17, 15, 19).
cost(17, 16, 35).
cost(17, 18, 10).
cost(17, 19, 60).
cost(17, 20, 73).
cost(18, 1, 49).
cost(18, 2, 19).
cost(18, 3, 11).
cost(18, 4, 30).
cost(18, 5, 14).
cost(18, 6, 53).
cost(18, 7, 57).
cost(18, 8, 46).
cost(18, 9, 19).
cost(18, 10, 54).
cost(18, 11, 53).
cost(18, 12, 40).
cost(18, 13, 66).
cost(18, 14, 27).
cost(18, 15, 25).
cost(18, 16, 25).
cost(18, 17, 10).
cost(18, 19, 61).
cost(18, 20, 70).
cost(19, 1, 32).
cost(19, 2, 78).
cost(19, 3, 71).
cost(19, 4, 76).
cost(19, 5, 64).
cost(19, 6, 16).
cost(19, 7, 9).
cost(19, 8, 18).
cost(19, 9, 72).
cost(19, 10, 20).
cost(19, 11, 9).
cost(19, 12, 21).
cost(19, 13, 22).
cost(19, 14, 78).
cost(19, 15, 78).
cost(19, 16, 77).
cost(19, 17, 60).
cost(19, 18, 61).
cost(19, 20, 30).
cost(20, 1, 59).
cost(20, 2, 88).
cost(20, 3, 76).
cost(20, 4, 93).
cost(20, 5, 78).
cost(20, 6, 44).
cost(20, 7, 39).
cost(20, 8, 27).
cost(20, 9, 73).
cost(20, 10, 17).
cost(20, 11, 33).
cost(20, 12, 37).
cost(20, 13, 8).
cost(20, 14, 76).
cost(20, 15, 92).
cost(20, 16, 76).
cost(20, 17, 73).
cost(20, 18, 70).
cost(20, 19, 30).
