dimension(20).
point(1, 90.9179187506, 27.3479405003).
point(2, 26.1974405223, 85.9808815178).
point(3, 87.4134940623, 53.9745710843).
point(4, 40.3430283047, 48.0566353837).
point(5, 35.4097862145, 84.6636161947).
point(6, 57.1742523146, 27.5322684291).
point(7, 26.2256342766, 63.5104155322).
point(8, 25.8154634224, 40.6446742793).
point(9, 35.3121723696, 36.3706983276).
point(10, 28.2530839467, 50.2341074812).
point(11, 70.9204810816, 29.5836893236).
point(12, 84.0479149433, 49.4066428615).
point(13, 62.8634168564, 24.9107569967).
point(14, 76.847591061, 33.3291535174).
point(15, 85.0456362673, 30.6545101426).
point(16, 78.7092456943, 52.4519021393).
point(17, 96.0955123492, 48.3268707356).
point(18, 20.0059268752, 63.722710856).
point(19, 55.8140638734, 66.0638097232).
point(20, 23.9109175351, 51.7131072984).
cost(1, 2, 87).
cost(1, 3, 27).
cost(1, 4, 55).
cost(1, 5, 80).
cost(1, 6, 34).
cost(1, 7, 74).
cost(1, 8, 66).
cost(1, 9, 56).
cost(1, 10, 67).
cost(1, 11, 20).
cost(1, 12, 23).
cost(1, 13, 28).
cost(1, 14, 15).
cost(1, 15, 7).
cost(1, 16, 28).
cost(1, 17, 22).
cost(1, 18, 80).
cost(1, 19, 52).
cost(1, 20, 71).
cost(2, 1, 87).
cost(2, 3, 69).
cost(2, 4, 40).
cost(2, 5, 9).
cost(2, 6, 66).
cost(2, 7, 22).
cost(2, 8, 45).
cost(2, 9, 50).
cost(2, 10, 36).
cost(2, 11, 72).
cost(2, 12, 68).
cost(2, 13, 71).
cost(2, 14, 73).
cost(2, 15, 81).
cost(2, 16, 62).
cost(2, 17, 79).
cost(2, 18, 23).
cost(2, 19, 36).
cost(2, 20, 34).
cost(3, 1, 27).
cost(3, 2, 69).
cost(3, 4, 47).
cost(3, 5, 60).
cost(3, 6, 40).
cost(3, 7, 62).
cost(3, 8, 63).
cost(3, 9, 55).
cost(3, 10, 59).
cost(3, 11, 29).
cost(3, 12, 6).
cost(3, 13, 38).
cost(3, 14, 23).
cost(3, 15, 23).
cost(3, 16, 9).
cost(3, 17, 10).
cost(3, 18, 68).
cost(3, 19, 34).
cost(3, 20, 64).
cost(4, 1, 55).
cost(4, 2, 40).
cost(4, 3, 47).
cost(4, 5, 37).
cost(4, 6, 27).
cost(4, 7, 21).
cost(4, 8, 16).
cost(4, 9, 13).
cost(4, 10, 12).
cost(4, 11, 36).
cost(4, 12, 44).
cost(4, 13, 32).
cost(4, 14, 39).
cost(4, 15, 48).
cost(4, 16, 39).
cost(4, 17, 56).
cost(4, 18, 26).
cost(4, 19, 24).
cost(4, 20, 17).
cost(5, 1, 80).
cost(5, 2, 9).
cost(5, 3, 60).
cost(5, 4, 37).
cost(5, 6, 61).
cost(5, 7, 23).
cost(5, 8, 45).
cost(5, 9, 48).
cost(5, 10, 35).
cost(5, 11, 66).
cost(5, 12, 60).
cost(5, 13, 66).
cost(5, 14, 66).
cost(5, 15, 73).
cost(5, 16, 54).
cost(5, 17, 71).
cost(5, 18, 26).
cost(5, 19, 28).
cost(5, 20, 35).
cost(6, 1, 34).
cost(6, 2, 66).
cost(6, 3, 40).
cost(6, 4, 27).
cost(6, 5, 61).
cost(6, 7, 47).
cost(6, 8, 34).
cost(6, 9, 24).
cost(6, 10, 37).
cost(6, 11, 14).
cost(6, 12, 35).
cost(6, 13, 6).
cost(6, 14, 21).
cost(6, 15, 28).
cost(6, 16, 33).
cost(6, 17, 44).
cost(6, 18, 52).
cost(6, 19, 39).
cost(6, 20, 41).
cost(7, 1, 74).
cost(7, 2, 22).
cost(7, 3, 62).
cost(7, 4, 21).
cost(7, 5, 23).
cost(7, 6, 47).
cost(7, 8, 23).
cost(7, 9, 29).
cost(7, 10, 13).
cost(7, 11, 56).
cost(7, 12, 60).
cost(7, 13, 53).
cost(7, 14, 59).
cost(7, 15, 67).
cost(7, 16, 54).
cost(7, 17, 72).
cost(7, 18, 6).
cost(7, 19, 30).
cost(7, 20, 12).
cost(8, 1, 66).
cost(8, 2, 45).
cost(8, 3, 63).
cost(8, 4, 16).
cost(8, 5, 45).
cost(8, 6, 34).
cost(8, 7, 23).
cost(8, 9, 10).
cost(8, 10, 10).
cost(8, 11, 46).
cost(8, 12, 59).
cost(8, 13, 40).
cost(8, 14, 52).
cost(8, 15, 60).
cost(8, 16, 54).
cost(8, 17, 71).
cost(8, 18, 24).
cost(8, 19, 39).
cost(8, 20, 11).
cost(9, 1, 56).
cost(9, 2, 50).
cost(9, 3, 55).
cost(9, 4, 13).
cost(9, 5, 48).
cost(9, 6, 24).
cost(9, 7, 29).
cost(9, 8, 10).
cost(9, 10, 16).
cost(9, 11, 36).
cost(9, 12, 50).
cost(9, 13, 30).
cost(9, 14, 42).
cost(9, 15, 50).
cost(9, 16, 46).
cost(9, 17, 62).
cost(9, 18, 31).
cost(9, 19, 36).
cost(9, 20, 19).
cost(10, 1, 67).
cost(10, 2, 36).
cost(10, 3, 59).
cost(10, 4, 12).
cost(10, 5, 35).
cost(10, 6, 37).
cost(10, 7, 13).
cost(10, 8, 10).
cost(10, 9, 16).
cost(10, 11, 47).
cost(10, 12, 56).
cost(10, 13, 43).
cost(10, 14, 51).
cost(10, 15, 60).
cost(10, 16, 51).
cost(10, 17, 68).
cost(10, 18, 16).
cost(10, 19, 32).
cost(10, 20, 5).
cost(11, 1, 20).
cost(11, 2, 72).
cost(11, 3, 29).
cost(11, 4, 36).
cost(11, 5, 66).
cost(11, 6, 14).
cost(11, 7, 56).
cost(11, 8, 46).
cost(11, 9, 36).
cost(11, 10, 47).
cost(11, 12, 24).
cost(11, 13, 9).
cost(11, 14, 7).
cost(11, 15, 14).
cost(11, 16, 24).
cost(11, 17, 31).
cost(11, 18, 61).
cost(11, 19, 39).
cost(11, 20, 52).
cost(12, 1, 23).
cost(12, 2, 68).
cost(12, 3, 6).
cost(12, 4, 44).
cost(12, 5, 60).
cost(12, 6, 35).
cost(12, 7, 60).
cost(12, 8, 59).
cost(12, 9, 50).
cost(12, 10, 56).
cost(12, 11, 24).
cost(12, 13, 32).
cost(12, 14, 18).
cost(12, 15, 19).
cost(12, 16, 6).
cost(12, 17, 12).
cost(12, 18, 66).
cost(12, 19, 33).
cost(12, 20, 60).
cost(13, 1, 28).
cost(13, 2, 71).
cost(13, 3, 38).
cost(13, 4, 32).
cost(13, 5, 66).
cost(13, 6, 6).
cost(13, 7, 53).
cost(13, 8, 40).
cost(13, 9, 30).
cost(13, 10, 43).
cost(13, 11, 9).
cost(13, 12, 32).
cost(13, 14, 16).
cost(13, 15, 23).
cost(13, 16, 32).
cost(13, 17, 41).
cost(13, 18, 58).
cost(13, 19, 42).
cost(13, 20, 47).
cost(14, 1, 15).
cost(14, 2, 73).
cost(14, 3, 23).
cost(14, 4, 39).
cost(14, 5, 66).
cost(14, 6, 21).
cost(14, 7, 59).
cost(14, 8, 52).
cost(14, 9, 42).
cost(14, 10, 51).
cost(14, 11, 7).
cost(14, 12, 18).
cost(14, 13, 16).
cost(14, 15, 9).
cost(14, 16, 19).
cost(14, 17, 24).
cost(14, 18, 64).
cost(14, 19, 39).
cost(14, 20, 56).
cost(15, 1, 7).
cost(15, 2, 81).
cost(15, 3, 23).
cost(15, 4, 48).
cost(15, 5, 73).
cost(15, 6, 28).
cost(15, 7, 67).
cost(15, 8, 60).
cost(15, 9, 50).
cost(15, 10, 60).
cost(15, 11, 14).
cost(15, 12, 19).
cost(15, 13, 23).
cost(15, 14, 9).
cost(15, 16, 23).
cost(15, 17, 21).
cost(15, 18, 73).
cost(15, 19, 46).
cost(15, 20, 65).
cost(16, 1, 28).
cost(16, 2, 62).
cost(16, 3, 9).
cost(16, 4, 39).
cost(16, 5, 54).
cost(16, 6, 33).
cost(16, 7, 54).
cost(16, 8, 54).
cost(16, 9, 46).
cost(16, 10, 51).
cost(16, 11, 24).
cost(16, 12, 6).
cost(16, 13, 32).
cost(16, 14, 19).
cost(16, 15, 23).
cost(16, 17, 18).
cost(16, 18, 60).
cost(16, 19, 27).
cost(16, 20, 55).
cost(17, 1, 22).
cost(17, 2, 79).
cost(17, 3, 10).
cost(17, 4, 56).
cost(17, 5, 71).
cost(17, 6, 44).
cost(17, 7, 72).
cost(17, 8, 71).
cost(17, 9, 62).
cost(17, 10, 68).
cost(17, 11, 31).
cost(17, 12, 12).
cost(17, 13, 41).
cost(17, 14, 24).
cost(17, 15, 21).
cost(17, 16, 18).
cost(17, 18, 78).
cost(17, 19, 44).
cost(17, 20, 72).
cost(18, 1, 80).
cost(18, 2, 23).
cost(18, 3, 68).
cost(18, 4, 26).
cost(18, 5, 26).
cost(18, 6, 52).
cost(18, 7, 6).
cost(18, 8, 24).
cost(18, 9, 31).
cost(18, 10, 16).
cost(18, 11, 61).
cost(18, 12, 66).
cost(18, 13, 58).
cost(18, 14, 64).
cost(18, 15, 73).
cost(18, 16, 60).
cost(18, 17, 78).
cost(18, 19, 36).
cost(18, 20, 13).
cost(19, 1, 52).
cost(19, 2, 36).
cost(19, 3, 34).
cost(19, 4, 24).
cost(19, 5, 28).
cost(19, 6, 39).
cost(19, 7, 30).
cost(19, 8, 39).
cost(19, 9, 36).
cost(19, 10, 32).
cost(19, 11, 39).
cost(19, 12, 33).
cost(19, 13, 42).
cost(19, 14, 39).
cost(19, 15, 46).
cost(19, 16, 27).
cost(19, 17, 44).
cost(19, 18, 36).
cost(19, 20, 35).
cost(20, 1, 71).
cost(20, 2, 34).
cost(20, 3, 64).
cost(20, 4, 17).
cost(20, 5, 35).
cost(20, 6, 41).
cost(20, 7, 12).
cost(20, 8, 11).
cost(20, 9, 19).
cost(20, 10, 5).
cost(20, 11, 52).
cost(20, 12, 60).
cost(20, 13, 47).
cost(20, 14, 56).
cost(20, 15, 65).
cost(20, 16, 55).
cost(20, 17, 72).
cost(20, 18, 13).
cost(20, 19, 35).
