dimension(20).
point(1, 9.9919941009, 42.2956303807).
point(2, 24.6494678771, 20.2295410807).
point(3, 33.4976188852, 82.9105589132).
point(4, 75.2228608905, 17.2220743641).
point(5, 14.7733361145, 58.4542941716).
point(6, 66.5227485661, 34.6082271555).
point(7, 11.4827629053, 40.2014833458).
point(8, 71.4723310179, 20.5103148479).
point(9, 50.9079312493, 8.2504011343).
point(10, 73.9459137546, 10.5100888126).
point(11, 53.3614553015, 78.6144193609).
point(12, 63.8743531797, 40.7115225693).
point(13, 45.1501894512, 80.1217971202).
point(14, 52.2549361769, 77.2135442846).
point(15, 49.9851054518, 27.413581421).
point(16, 28.6829506066, 82.5160653402).
point(17, 33.4379668868, 56.5973212194).
point(18, 57.7618417341, 28.2345453241).
point(19, 63.0664322585, 65.2446664517).
point(20, 45.3517969957, 29.0990668495).
cost(1, 2, 26).
cost(1, 3, 47).
cost(1, 4, 70).
cost(1, 5, 17).
cost(1, 6, 57).
cost(1, 7, 3).
cost(1, 8, 65).
cost(1, 9, 53).
cost(1, 10, 71).
cost(1, 11, 57).
cost(1, 12, 54).
cost(1, 13, 52).
cost(1, 14, 55).
cost(1, 15, 43).
cost(1, 16, 44).
cost(1, 17, 27).
cost(1, 18, 50).
cost(1, 19, 58).
cost(1, 20, 38).
cost(2, 1, 26).
cost(2, 3, 63).
cost(2, 4, 51).
cost(2, 5, 39).
cost(2, 6, 44).
cost(2, 7, 24).
cost(2, 8, 47).
cost(2, 9, 29).
cost(2, 10, 50).
cost(2, 11, 65).
cost(2, 12, 44).
cost(2, 13, 63).
cost(2, 14, 63).
cost(2, 15, 26).
cost(2, 16, 62).
cost(2, 17, 37).
cost(2, 18, 34).
cost(2, 19, 59).
cost(2, 20, 23).
cost(3, 1, 47).
cost(3, 2, 63).
cost(3, 4, 78).
cost(3, 5, 31).
cost(3, 6, 59).
cost(3, 7, 48).
cost(3, 8, 73).
cost(3, 9, 77).
cost(3, 10, 83).
cost(3, 11, 20).
cost(3, 12, 52).
cost(3, 13, 12).
cost(3, 14, 20).
cost(3, 15, 58).
cost(3, 16, 5).
cost(3, 17, 26).
cost(3, 18, 60).
cost(3, 19, 34).
cost(3, 20, 55).
cost(4, 1, 70).
cost(4, 2, 51).
cost(4, 3, 78).
cost(4, 5, 73).
cost(4, 6, 19).
cost(4, 7, 68).
cost(4, 8, 5).
cost(4, 9, 26).
cost(4, 10, 7).
cost(4, 11, 65).
cost(4, 12, 26).
cost(4, 13, 70).
cost(4, 14, 64).
cost(4, 15, 27).
cost(4, 16, 80).
cost(4, 17, 57).
cost(4, 18, 21).
cost(4, 19, 50).
cost(4, 20, 32).
cost(5, 1, 17).
cost(5, 2, 39).
cost(5, 3, 31).
cost(5, 4, 73).
cost(5, 6, 57).
cost(5, 7, 19).
cost(5, 8, 68).
cost(5, 9, 62).
cost(5, 10, 76).
cost(5, 11, 44).
cost(5, 12, 52).
cost(5, 13, 37).
cost(5, 14, 42).
cost(5, 15, 47).
cost(5, 16, 28).
cost(5, 17, 19).
cost(5, 18, 53).
cost(5, 19, 49).
cost(5, 20, 42).
cost(6, 1, 57).
cost(6, 2, 44).
cost(6, 3, 59).
cost(6, 4, 19).
cost(6, 5, 57).
cost(6, 7, 55).
cost(6, 8, 15).
cost(6, 9, 31).
cost(6, 10, 25).
cost(6, 11, 46).
cost(6, 12, 7).
cost(6, 13, 50).
cost(6, 14, 45).
cost(6, 15, 18).
cost(6, 16, 61).
cost(6, 17, 40).
cost(6, 18, 11).
cost(6, 19, 31).
cost(6, 20, 22).
cost(7, 1, 3).
cost(7, 2, 24).
cost(7, 3, 48).
cost(7, 4, 68).
cost(7, 5, 19).
cost(7, 6, 55).
cost(7, 8, 63).
cost(7, 9, 51).
cost(7, 10, 69).
cost(7, 11, 57).
cost(7, 12, 52).
cost(7, 13, 52).
cost(7, 14, 55).
cost(7, 15, 41).
cost(7, 16, 46).
cost(7, 17, 27).
cost(7, 18, 48).
cost(7, 19, 57).
cost(7, 20, 36).
cost(8, 1, 65).
cost(8, 2, 47).
cost(8, 3, 73).
cost(8, 4, 5).
cost(8, 5, 68).
cost(8, 6, 15).
cost(8, 7, 63).
cost(8, 9, 24).
cost(8, 10, 10).
cost(8, 11, 61).
cost(8, 12, 22).
cost(8, 13, 65).
cost(8, 14, 60).
cost(8, 15, 23).
cost(8, 16, 75).
cost(8, 17, 52).
cost(8, 18, 16).
cost(8, 19, 46).
cost(8, 20, 27).
cost(9, 1, 53).
cost(9, 2, 29).
cost(9, 3, 77).
cost(9, 4, 26).
cost(9, 5, 62).
cost(9, 6, 31).
cost(9, 7, 51).
cost(9, 8, 24).
cost(9, 10, 23).
cost(9, 11, 70).
cost(9, 12, 35).
cost(9, 13, 72).
cost(9, 14, 69).
cost(9, 15, 19).
cost(9, 16, 78).
cost(9, 17, 51).
cost(9, 18, 21).
cost(9, 19, 58).
cost(9, 20, 22).
cost(10, 1, 71).
cost(10, 2, 50).
cost(10, 3, 83).
cost(10, 4, 7).
cost(10, 5, 76).
cost(10, 6, 25).
cost(10, 7, 69).
cost(10, 8, 10).
cost(10, 9, 23).
cost(10, 11, 71).
cost(10, 12, 32).
cost(10, 13, 75).
cost(10, 14, 70).
cost(10, 15, 29).
cost(10, 16, 85).
cost(10, 17, 61).
cost(10, 18, 24).
cost(10, 19, 56).
cost(10, 20, 34).
cost(11, 1, 57).
cost(11, 2, 65).
cost(11, 3, 20).
cost(11, 4, 65).
cost(11, 5, 44).
cost(11, 6, 46).
cost(11, 7, 57).
cost(11, 8, 61).
cost(11, 9, 70).
cost(11, 10, 71).
cost(11, 12, 39).
cost(11, 13, 8).
cost(11, 14, 2).
cost(11, 15, 51).
cost(11, 16, 25).
cost(11, 17, 30).
cost(11, 18, 51).
cost(11, 19, 17).
cost(11, 20, 50).
cost(12, 1, 54).
cost(12, 2, 44).
cost(12, 3, 52).
cost(12, 4, 26).
cost(12, 5, 52).
cost(12, 6, 7).
cost(12, 7, 52).
cost(12, 8, 22).
cost(12, 9, 35).
cost(12, 10, 32).
cost(12, 11, 39).
cost(12, 13, 44).
cost(12, 14, 38).
cost(12, 15, 19).
cost(12, 16, 55).
cost(12, 17, 34).
cost(12, 18, 14).
cost(12, 19, 25).
cost(12, 20, 22).
cost(13, 1, 52).
cost(13, 2, 63).
cost(13, 3, 12).
cost(13, 4, 70).
cost(13, 5, 37).
cost(13, 6, 50).
cost(13, 7, 52).
cost(13, 8, 65).
cost(13, 9, 72).
cost(13, 10, 75).
cost(13, 11, 8).
cost(13, 12, 44).
cost(13, 14, 8).
cost(13, 15, 53).
cost(13, 16, 17).
cost(13, 17, 26).
cost(13, 18, 53).
cost(13, 19, 23).
cost(13, 20, 51).
cost(14, 1, 55).
cost(14, 2, 63).
cost(14, 3, 20).
cost(14, 4, 64).
cost(14, 5, 42).
cost(14, 6, 45).
cost(14, 7, 55).
cost(14, 8, 60).
cost(14, 9, 69).
cost(14, 10, 70).
cost(14, 11, 2).
cost(14, 12, 38).
cost(14, 13, 8).
cost(14, 15, 50).
cost(14, 16, 24).
cost(14, 17, 28).
cost(14, 18, 49).
cost(14, 19, 16).
cost(14, 20, 49).
cost(15, 1, 43).
cost(15, 2, 26).
cost(15, 3, 58).
cost(15, 4, 27).
cost(15, 5, 47).
cost(15, 6, 18).
cost(15, 7, 41).
cost(15, 8, 23).
cost(15, 9, 19).
cost(15, 10, 29).
cost(15, 11, 51).
cost(15, 12, 19).
cost(15, 13, 53).
cost(15, 14, 50).
cost(15, 16, 59).
cost(15, 17, 34).
cost(15, 18, 8).
cost(15, 19, 40).
cost(15, 20, 5).
cost(16, 1, 44).
cost(16, 2, 62).
cost(16, 3, 5).
cost(16, 4, 80).
cost(16, 5, 28).
cost(16, 6, 61).
cost(16, 7, 46).
cost(16, 8, 75).
cost(16, 9, 78).
cost(16, 10, 85).
cost(16, 11, 25).
cost(16, 12, 55).
cost(16, 13, 17).
cost(16, 14, 24).
cost(16, 15, 59).
cost(16, 17, 26).
cost(16, 18, 62).
cost(16, 19, 38).
cost(16, 20, 56).
cost(17, 1, 27).
cost(17, 2, 37).
cost(17, 3, 26).
cost(17, 4, 57).
cost(17, 5, 19).
cost(17, 6, 40).
cost(17, 7, 27).
cost(17, 8, 52).
cost(17, 9, 51).
cost(17, 10, 61).
cost(17, 11, 30).
cost(17, 12, 34).
cost(17, 13, 26).
cost(17, 14, 28).
cost(17, 15, 34).
cost(17, 16, 26).
cost(17, 18, 37).
cost(17, 19, 31).
cost(17, 20, 30).
cost(18, 1, 50).
cost(18, 2, 34).
cost(18, 3, 60).
cost(18, 4, 21).
cost(18, 5, 53).
cost(18, 6, 11).
cost(18, 7, 48).
cost(18, 8, 16).
cost(18, 9, 21).
cost(18, 10, 24).
cost(18, 11, 51).
cost(18, 12, 14).
cost(18, 13, 53).
cost(18, 14, 49).
cost(18, 15, 8).
cost(18, 16, 62).
cost(18, 17, 37).
cost(18, 19, 37).
cost(18, 20, 12).
cost(19, 1, 58).
cost(19, 2, 59).
cost(19, 3, 34).
cost(19, 4, 50).
cost(19, 5, 49).
cost(19, 6, 31).
cost(19, 7, 57).
cost(19, 8, 46).
cost(19, 9, 58).
cost(19, 10, 56).
cost(19, 11, 17).
cost(19, 12, 25).
cost(19, 13, 23).
cost(19, 14, 16).
cost(19, 15, 40).
cost(19, 16, 38).
cost(19, 17, 31).
cost(19, 18, 37).
cost(19, 20, 40).
cost(20, 1, 38).
cost(20, 2, 23).
cost(20, 3, 55).
cost(20, 4, 32).
cost(20, 5, 42).
cost(20, 6, 22).
cost(20, 7, 36).
cost(20, 8, 27).
cost(20, 9, 22).
cost(20, 10, 34).
cost(20, 11, 50).
cost(20, 12, 22).
cost(20, 13, 51).
cost(20, 14, 49).
cost(20, 15, 5).
cost(20, 16, 56).
cost(20, 17, 30).
cost(20, 18, 12).
cost(20, 19, 40).
