dimension(20).
point(1, 50.7357295638, 0.6507990793).
point(2, 17.5098249533, 32.4408214349).
point(3, 73.6136827671, 82.4568820116).
point(4, 53.525618822, 94.6552046165).
point(5, 96.2058286258, 55.189186586).
point(6, 93.3929616558, 89.0006900395).
point(7, 7.7716409074, 37.3247798844).
point(8, 12.3340009861, 45.2997901241).
point(9, 99.1044527658, 77.4908167394).
point(10, 84.8456836225, 77.5326200296).
point(11, 71.4258144172, 94.1519336791).
point(12, 93.3562444039, 63.9272304891).
point(13, 5.3525746345, 46.7962239607).
point(14, 70.1222470413, 86.4542247736).
point(15, 13.3288203483, 56.9912861377).
point(16, 2.5641125818, 17.7849209506).
point(17, 37.0698761612, 17.59487397).
point(18, 25.1925464265, 51.0320202962).
point(19, 34.002593154, 23.2406544041).
point(20, 65.8325400492, 56.9976361791).
cost(1, 2, 46).
cost(1, 3, 85).
cost(1, 4, 94).
cost(1, 5, 71).
cost(1, 6, 98).
cost(1, 7, 56).
cost(1, 8, 59).
cost(1, 9, 91).
cost(1, 10, 84).
cost(1, 11, 96).
cost(1, 12, 76).
cost(1, 13, 65).
cost(1, 14, 88).
cost(1, 15, 68).
cost(1, 16, 51).
cost(1, 17, 22).
cost(1, 18, 56).
cost(1, 19, 28).
cost(1, 20, 58).
cost(2, 1, 46).
cost(2, 3, 75).
cost(2, 4, 72).
cost(2, 5, 82).
cost(2, 6, 95).
cost(2, 7, 11).
cost(2, 8, 14).
cost(2, 9, 93).
cost(2, 10, 81).
cost(2, 11, 82).
cost(2, 12, 82).
cost(2, 13, 19).
cost(2, 14, 75).
cost(2, 15, 25).
cost(2, 16, 21).
cost(2, 17, 25).
cost(2, 18, 20).
cost(2, 19, 19).
cost(2, 20, 54).
cost(3, 1, 85).
cost(3, 2, 75).
cost(3, 4, 24).
cost(3, 5, 35).
cost(3, 6, 21).
cost(3, 7, 80).
cost(3, 8, 72).
cost(3, 9, 26).
cost(3, 10, 12).
cost(3, 11, 12).
cost(3, 12, 27).
cost(3, 13, 77).
cost(3, 14, 5).
cost(3, 15, 65).
cost(3, 16, 96).
cost(3, 17, 74).
cost(3, 18, 58).
cost(3, 19, 71).
cost(3, 20, 27).
cost(4, 1, 94).
cost(4, 2, 72).
cost(4, 3, 24).
cost(4, 5, 58).
cost(4, 6, 40).
cost(4, 7, 73).
cost(4, 8, 64).
cost(4, 9, 49).
cost(4, 10, 36).
cost(4, 11, 18).
cost(4, 12, 50).
cost(4, 13, 68).
cost(4, 14, 19).
cost(4, 15, 55).
cost(4, 16, 92).
cost(4, 17, 79).
cost(4, 18, 52).
cost(4, 19, 74).
cost(4, 20, 40).
cost(5, 1, 71).
cost(5, 2, 82).
cost(5, 3, 35).
cost(5, 4, 58).
cost(5, 6, 34).
cost(5, 7, 90).
cost(5, 8, 84).
cost(5, 9, 22).
cost(5, 10, 25).
cost(5, 11, 46).
cost(5, 12, 9).
cost(5, 13, 91).
cost(5, 14, 41).
cost(5, 15, 83).
cost(5, 16, 101).
cost(5, 17, 70).
cost(5, 18, 71).
cost(5, 19, 70).
cost(5, 20, 30).
cost(6, 1, 98).
cost(6, 2, 95).
cost(6, 3, 21).
cost(6, 4, 40).
cost(6, 5, 34).
cost(6, 7, 100).
cost(6, 8, 92).
cost(6, 9, 13).
cost(6, 10, 14).
cost(6, 11, 23).
cost(6, 12, 25).
cost(6, 13, 98).
cost(6, 14, 23).
cost(6, 15, 86).
cost(6, 16, 115).
cost(6, 17, 91).
cost(6, 18, 78).
cost(6, 19, 89).
cost(6, 20, 42).
cost(7, 1, 56).
cost(7, 2, 11).
cost(7, 3, 80).
cost(7, 4, 73).
cost(7, 5, 90).
cost(7, 6, 100).
cost(7, 8, 9).
cost(7, 9, 100).
cost(7, 10, 87).
cost(7, 11, 85).
cost(7, 12, 90).
cost(7, 13, 10).
cost(7, 14, 79).
cost(7, 15, 20).
cost(7, 16, 20).
cost(7, 17, 35).
cost(7, 18, 22).
cost(7, 19, 30).
cost(7, 20, 61).
cost(8, 1, 59).
cost(8, 2, 14).
cost(8, 3, 72).
cost(8, 4, 64).
cost(8, 5, 84).
cost(8, 6, 92).
cost(8, 7, 9).
cost(8, 9, 93).
cost(8, 10, 79).
cost(8, 11, 77).
cost(8, 12, 83).
cost(8, 13, 7).
cost(8, 14, 71).
cost(8, 15, 12).
cost(8, 16, 29).
cost(8, 17, 37).
cost(8, 18, 14).
cost(8, 19, 31).
cost(8, 20, 55).
cost(9, 1, 91).
cost(9, 2, 93).
cost(9, 3, 26).
cost(9, 4, 49).
cost(9, 5, 22).
cost(9, 6, 13).
cost(9, 7, 100).
cost(9, 8, 93).
cost(9, 10, 14).
cost(9, 11, 32).
cost(9, 12, 15).
cost(9, 13, 99).
cost(9, 14, 30).
cost(9, 15, 88).
cost(9, 16, 114).
cost(9, 17, 86).
cost(9, 18, 79).
cost(9, 19, 85).
cost(9, 20, 39).
cost(10, 1, 84).
cost(10, 2, 81).
cost(10, 3, 12).
cost(10, 4, 36).
cost(10, 5, 25).
cost(10, 6, 14).
cost(10, 7, 87).
cost(10, 8, 79).
cost(10, 9, 14).
cost(10, 11, 21).
cost(10, 12, 16).
cost(10, 13, 85).
cost(10, 14, 17).
cost(10, 15, 74).
cost(10, 16, 102).
cost(10, 17, 77).
cost(10, 18, 65).
cost(10, 19, 74).
cost(10, 20, 28).
cost(11, 1, 96).
cost(11, 2, 82).
cost(11, 3, 12).
cost(11, 4, 18).
cost(11, 5, 46).
cost(11, 6, 23).
cost(11, 7, 85).
cost(11, 8, 77).
cost(11, 9, 32).
cost(11, 10, 21).
cost(11, 12, 37).
cost(11, 13, 81).
cost(11, 14, 8).
cost(11, 15, 69).
cost(11, 16, 103).
cost(11, 17, 84).
cost(11, 18, 63).
cost(11, 19, 80).
cost(11, 20, 38).
cost(12, 1, 76).
cost(12, 2, 82).
cost(12, 3, 27).
cost(12, 4, 50).
cost(12, 5, 9).
cost(12, 6, 25).
cost(12, 7, 90).
cost(12, 8, 83).
cost(12, 9, 15).
cost(12, 10, 16).
cost(12, 11, 37).
cost(12, 13, 90).
cost(12, 14, 32).
cost(12, 15, 80).
cost(12, 16, 102).
cost(12, 17, 73).
cost(12, 18, 69).
cost(12, 19, 72).
cost(12, 20, 28).
cost(13, 1, 65).
cost(13, 2, 19).
cost(13, 3, 77).
cost(13, 4, 68).
cost(13, 5, 91).
cost(13, 6, 98).
cost(13, 7, 10).
cost(13, 8, 7).
cost(13, 9, 99).
cost(13, 10, 85).
cost(13, 11, 81).
cost(13, 12, 90).
cost(13, 14, 76).
cost(13, 15, 13).
cost(13, 16, 29).
cost(13, 17, 43).
cost(13, 18, 20).
cost(13, 19, 37).
cost(13, 20, 61).
cost(14, 1, 88).
cost(14, 2, 75).
cost(14, 3, 5).
cost(14, 4, 19).
cost(14, 5, 41).
cost(14, 6, 23).
cost(14, 7, 79).
cost(14, 8, 71).
cost(14, 9, 30).
cost(14, 10, 17).
cost(14, 11, 8).
cost(14, 12, 32).
cost(14, 13, 76).
cost(14, 15, 64).
cost(14, 16, 96).
cost(14, 17, 76).
cost(14, 18, 57).
cost(14, 19, 73).
cost(14, 20, 30).
cost(15, 1, 68).
cost(15, 2, 25).
cost(15, 3, 65).
cost(15, 4, 55).
cost(15, 5, 83).
cost(15, 6, 86).
cost(15, 7, 20).
cost(15, 8, 12).
cost(15, 9, 88).
cost(15, 10, 74).
cost(15, 11, 69).
cost(15, 12, 80).
cost(15, 13, 13).
cost(15, 14, 64).
cost(15, 16, 41).
cost(15, 17, 46).
cost(15, 18, 13).
cost(15, 19, 40).
cost(15, 20, 53).
cost(16, 1, 51).
cost(16, 2, 21).
cost(16, 3, 96).
cost(16, 4, 92).
cost(16, 5, 101).
cost(16, 6, 115).
cost(16, 7, 20).
cost(16, 8, 29).
cost(16, 9, 114).
cost(16, 10, 102).
cost(16, 11, 103).
cost(16, 12, 102).
cost(16, 13, 29).
cost(16, 14, 96).
cost(16, 15, 41).
cost(16, 17, 35).
cost(16, 18, 40).
cost(16, 19, 32).
cost(16, 20, 74).
cost(17, 1, 22).
cost(17, 2, 25).
cost(17, 3, 74).
cost(17, 4, 79).
cost(17, 5, 70).
cost(17, 6, 91).
cost(17, 7, 35).
cost(17, 8, 37).
cost(17, 9, 86).
cost(17, 10, 77).
cost(17, 11, 84).
cost(17, 12, 73).
cost(17, 13, 43).
cost(17, 14, 76).
cost(17, 15, 46).
cost(17, 16, 35).
cost(17, 18, 35).
cost(17, 19, 6).
cost(17, 20, 49).
cost(18, 1, 56).
cost(18, 2, 20).
cost(18, 3, 58).
cost(18, 4, 52).
cost(18, 5, 71).
cost(18, 6, 78).
cost(18, 7, 22).
cost(18, 8, 14).
cost(18, 9, 79).
cost(18, 10, 65).
cost(18, 11, 63).
cost(18, 12, 69).
cost(18, 13, 20).
cost(18, 14, 57).
cost(18, 15, 13).
cost(18, 16, 40).
cost(18, 17, 35).
cost(18, 19, 29).
cost(18, 20, 41).
cost(19, 1, 28).
cost(19, 2, 19).
cost(19, 3, 71).
cost(19, 4, 74).
cost(19, 5, 70).
cost(19, 6, 89).
cost(19, 7, 30).
cost(19, 8, 31).
cost(19, 9, 85).
cost(19, 10, 74).
cost(19, 11, 80).
cost(19, 12, 72).
cost(19, 13, 37).
cost(19, 14, 73).
cost(19, 15, 40).
cost(19, 16, 32).
cost(19, 17, 6).
cost(19, 18, 29).
cost(19, 20, 46).
cost(20, 1, 58).
cost(20, 2, 54).
cost(20, 3, 27).
cost(20, 4, 40).
cost(20, 5, 30).
cost(20, 6, 42).
cost(20, 7, 61).
cost(20, 8, 55).
cost(20, 9, 39).
cost(20, 10, 28).
cost(20, 11, 38).
cost(20, 12, 28).
cost(20, 13, 61).
cost(20, 14, 30).
cost(20, 15, 53).
cost(20, 16, 74).
cost(20, 17, 49).
cost(20, 18, 41).
cost(20, 19, 46).
