dimension(20).
point(1, 12.2527593019, 78.8931327611).
point(2, 28.0692501518, 71.704515676).
point(3, 12.4430698338, 96.3737931035).
point(4, 25.755983642, 99.0106879853).
point(5, 65.1298967769, 47.2908107689).
point(6, 15.5389933124, 59.3352186802).
point(7, 78.0815351921, 36.188211064).
point(8, 61.2093039882, 90.2638012299).
point(9, 16.8702454579, 80.3171373909).
point(10, 47.5493190313, 20.6276650985).
point(11, 88.3162044593, 28.756043079).
point(12, 52.4253472614, 14.9053047398).
point(13, 50.0521419701, 9.5771718765).
point(14, 51.5863745237, 71.1622230598).
point(15, 21.9450771179, 65.6551462932).
point(16, 84.5435417209, 11.4438550939).
point(17, 44.8276684608, 95.3109299801).
point(18, 51.1404427079, 30.0262914025).
point(19, 84.1410582623, 28.9349697094).
point(20, 52.1152217096, 7.0085142511).
cost(1, 2, 17).
cost(1, 3, 17).
cost(1, 4, 24).
cost(1, 5, 62).
cost(1, 6, 20).
cost(1, 7, 78).
cost(1, 8, 50).
cost(1, 9, 5).
cost(1, 10, 68).
cost(1, 11, 91).
cost(1, 12, 76).
cost(1, 13, 79).
cost(1, 14, 40).
cost(1, 15, 16).
cost(1, 16, 99).
cost(1, 17, 36).
cost(1, 18, 62).
cost(1, 19, 88).
cost(1, 20, 82).
cost(2, 1, 17).
cost(2, 3, 29).
cost(2, 4, 27).
cost(2, 5, 44).
cost(2, 6, 18).
cost(2, 7, 61).
cost(2, 8, 38).
cost(2, 9, 14).
cost(2, 10, 55).
cost(2, 11, 74).
cost(2, 12, 62).
cost(2, 13, 66).
cost(2, 14, 24).
cost(2, 15, 9).
cost(2, 16, 83).
cost(2, 17, 29).
cost(2, 18, 48).
cost(2, 19, 71).
cost(2, 20, 69).
cost(3, 1, 17).
cost(3, 2, 29).
cost(3, 4, 14).
cost(3, 5, 72).
cost(3, 6, 37).
cost(3, 7, 89).
cost(3, 8, 49).
cost(3, 9, 17).
cost(3, 10, 83).
cost(3, 11, 102).
cost(3, 12, 91).
cost(3, 13, 95).
cost(3, 14, 47).
cost(3, 15, 32).
cost(3, 16, 111).
cost(3, 17, 32).
cost(3, 18, 77).
cost(3, 19, 98).
cost(3, 20, 98).
cost(4, 1, 24).
cost(4, 2, 27).
cost(4, 3, 14).
cost(4, 5, 65).
cost(4, 6, 41).
cost(4, 7, 82).
cost(4, 8, 37).
cost(4, 9, 21).
cost(4, 10, 81).
cost(4, 11, 94).
cost(4, 12, 88).
cost(4, 13, 93).
cost(4, 14, 38).
cost(4, 15, 34).
cost(4, 16, 105).
cost(4, 17, 19).
cost(4, 18, 74).
cost(4, 19, 91).
cost(4, 20, 96).
cost(5, 1, 62).
cost(5, 2, 44).
cost(5, 3, 72).
cost(5, 4, 65).
cost(5, 6, 51).
cost(5, 7, 17).
cost(5, 8, 43).
cost(5, 9, 58).
cost(5, 10, 32).
cost(5, 11, 30).
cost(5, 12, 35).
cost(5, 13, 41).
cost(5, 14, 27).
cost(5, 15, 47).
cost(5, 16, 41).
cost(5, 17, 52).
cost(5, 18, 22).
cost(5, 19, 26).
cost(5, 20, 42).
cost(6, 1, 20).
cost(6, 2, 18).
cost(6, 3, 37).
cost(6, 4, 41).
cost(6, 5, 51).
cost(6, 7, 67).
cost(6, 8, 55).
cost(6, 9, 21).
cost(6, 10, 50).
cost(6, 11, 79).
cost(6, 12, 58).
cost(6, 13, 61).
cost(6, 14, 38).
cost(6, 15, 9).
cost(6, 16, 84).
cost(6, 17, 46).
cost(6, 18, 46).
cost(6, 19, 75).
cost(6, 20, 64).
cost(7, 1, 78).
cost(7, 2, 61).
cost(7, 3, 89).
cost(7, 4, 82).
cost(7, 5, 17).
cost(7, 6, 67).
cost(7, 8, 57).
cost(7, 9, 75).
cost(7, 10, 34).
cost(7, 11, 13).
cost(7, 12, 33).
cost(7, 13, 39).
cost(7, 14, 44).
cost(7, 15, 63).
cost(7, 16, 26).
cost(7, 17, 68).
cost(7, 18, 28).
cost(7, 19, 9).
cost(7, 20, 39).
cost(8, 1, 50).
cost(8, 2, 38).
cost(8, 3, 49).
cost(8, 4, 37).
cost(8, 5, 43).
cost(8, 6, 55).
cost(8, 7, 57).
cost(8, 9, 45).
cost(8, 10, 71).
cost(8, 11, 67).
cost(8, 12, 76).
cost(8, 13, 81).
cost(8, 14, 21).
cost(8, 15, 46).
cost(8, 16, 82).
cost(8, 17, 17).
cost(8, 18, 61).
cost(8, 19, 65).
cost(8, 20, 84).
cost(9, 1, 5).
cost(9, 2, 14).
cost(9, 3, 17).
cost(9, 4, 21).
cost(9, 5, 58).
cost(9, 6, 21).
cost(9, 7, 75).
cost(9, 8, 45).
cost(9, 10, 67).
cost(9, 11, 88).
cost(9, 12, 74).
cost(9, 13, 78).
cost(9, 14, 36).
cost(9, 15, 16).
cost(9, 16, 97).
cost(9, 17, 32).
cost(9, 18, 61).
cost(9, 19, 85).
cost(9, 20, 81).
cost(10, 1, 68).
cost(10, 2, 55).
cost(10, 3, 83).
cost(10, 4, 81).
cost(10, 5, 32).
cost(10, 6, 50).
cost(10, 7, 34).
cost(10, 8, 71).
cost(10, 9, 67).
cost(10, 11, 42).
cost(10, 12, 8).
cost(10, 13, 11).
cost(10, 14, 51).
cost(10, 15, 52).
cost(10, 16, 38).
cost(10, 17, 75).
cost(10, 18, 10).
cost(10, 19, 38).
cost(10, 20, 14).
cost(11, 1, 91).
cost(11, 2, 74).
cost(11, 3, 102).
cost(11, 4, 94).
cost(11, 5, 30).
cost(11, 6, 79).
cost(11, 7, 13).
cost(11, 8, 67).
cost(11, 9, 88).
cost(11, 10, 42).
cost(11, 12, 38).
cost(11, 13, 43).
cost(11, 14, 56).
cost(11, 15, 76).
cost(11, 16, 18).
cost(11, 17, 80).
cost(11, 18, 37).
cost(11, 19, 4).
cost(11, 20, 42).
cost(12, 1, 76).
cost(12, 2, 62).
cost(12, 3, 91).
cost(12, 4, 88).
cost(12, 5, 35).
cost(12, 6, 58).
cost(12, 7, 33).
cost(12, 8, 76).
cost(12, 9, 74).
cost(12, 10, 8).
cost(12, 11, 38).
cost(12, 13, 6).
cost(12, 14, 56).
cost(12, 15, 59).
cost(12, 16, 32).
cost(12, 17, 81).
cost(12, 18, 15).
cost(12, 19, 35).
cost(12, 20, 8).
cost(13, 1, 79).
cost(13, 2, 66).
cost(13, 3, 95).
cost(13, 4, 93).
cost(13, 5, 41).
cost(13, 6, 61).
cost(13, 7, 39).
cost(13, 8, 81).
cost(13, 9, 78).
cost(13, 10, 11).
cost(13, 11, 43).
cost(13, 12, 6).
cost(13, 14, 62).
cost(13, 15, 63).
cost(13, 16, 35).
cost(13, 17, 86).
cost(13, 18, 20).
cost(13, 19, 39).
cost(13, 20, 3).
cost(14, 1, 40).
cost(14, 2, 24).
cost(14, 3, 47).
cost(14, 4, 38).
cost(14, 5, 27).
cost(14, 6, 38).
cost(14, 7, 44).
cost(14, 8, 21).
cost(14, 9, 36).
cost(14, 10, 51).
cost(14, 11, 56).
cost(14, 12, 56).
cost(14, 13, 62).
cost(14, 15, 30).
cost(14, 16, 68).
cost(14, 17, 25).
cost(14, 18, 41).
cost(14, 19, 53).
cost(14, 20, 64).
cost(15, 1, 16).
cost(15, 2, 9).
cost(15, 3, 32).
cost(15, 4, 34).
cost(15, 5, 47).
cost(15, 6, 9).
cost(15, 7, 63).
cost(15, 8, 46).
cost(15, 9, 16).
cost(15, 10, 52).
cost(15, 11, 76).
cost(15, 12, 59).
cost(15, 13, 63).
cost(15, 14, 30).
cost(15, 16, 83).
cost(15, 17, 37).
cost(15, 18, 46).
cost(15, 19, 72).
cost(15, 20, 66).
cost(16, 1, 99).
cost(16, 2, 83).
cost(16, 3, 111).
cost(16, 4, 105).
cost(16, 5, 41).
cost(16, 6, 84).
cost(16, 7, 26).
cost(16, 8, 82).
cost(16, 9, 97).
cost(16, 10, 38).
cost(16, 11, 18).
cost(16, 12, 32).
cost(16, 13, 35).
cost(16, 14, 68).
cost(16, 15, 83).
cost(16, 17, 93).
cost(16, 18, 38).
cost(16, 19, 17).
cost(16, 20, 33).
cost(17, 1, 36).
cost(17, 2, 29).
cost(17, 3, 32).
cost(17, 4, 19).
cost(17, 5, 52).
cost(17, 6, 46).
cost(17, 7, 68).
cost(17, 8, 17).
cost(17, 9, 32).
cost(17, 10, 75).
cost(17, 11, 80).
cost(17, 12, 81).
cost(17, 13, 86).
cost(17, 14, 25).
cost(17, 15, 37).
cost(17, 16, 93).
cost(17, 18, 66).
cost(17, 19, 77).
cost(17, 20, 89).
cost(18, 1, 62).
cost(18, 2, 48).
cost(18, 3, 77).
cost(18, 4, 74).
cost(18, 5, 22).
cost(18, 6, 46).
cost(18, 7, 28).
cost(18, 8, 61).
cost(18, 9, 61).
cost(18, 10, 10).
cost(18, 11, 37).
cost(18, 12, 15).
cost(18, 13, 20).
cost(18, 14, 41).
cost(18, 15, 46).
cost(18, 16, 38).
cost(18, 17, 66).
cost(18, 19, 33).
cost(18, 20, 23).
cost(19, 1, 88).
cost(19, 2, 71).
cost(19, 3, 98).
cost(19, 4, 91).
cost(19, 5, 26).
cost(19, 6, 75).
cost(19, 7, 9).
cost(19, 8, 65).
cost(19, 9, 85).
cost(19, 10, 38).
cost(19, 11, 4).
cost(19, 12, 35).
cost(19, 13, 39).
cost(19, 14, 53).
cost(19, 15, 72).
cost(19, 16, 17).
cost(19, 17, 77).
cost(19, 18, 33).
cost(19, 20, 39).
cost(20, 1, 82).
cost(20, 2, 69).
cost(20, 3, 98).
cost(20, 4, 96).
cost(20, 5, 42).
cost(20, 6, 64).
cost(20, 7, 39).
cost(20, 8, 84).
cost(20, 9, 81).
cost(20, 10, 14).
cost(20, 11, 42).
cost(20, 12, 8).
cost(20, 13, 3).
cost(20, 14, 64).
cost(20, 15, 66).
cost(20, 16, 33).
cost(20, 17, 89).
cost(20, 18, 23).
cost(20, 19, 39).
