dimension(18).
point(1, 66.932334294, 93.8021465791).
point(2, 4.3157873326, 48.8012831804).
point(3, 33.6587411603, 71.8005155014).
point(4, 35.3839115035, 88.5388093014).
point(5, 79.6569038412, 53.5114457767).
point(6, 28.0055992118, 29.4760187523).
point(7, 73.6257281721, 63.2406779812).
point(8, 95.0598600724, 85.539144257).
point(9, 87.4055180214, 52.8914966012).
point(10, 13.2392414506, 53.6543572372).
point(11, 74.1479552113, 52.1808667559).
point(12, 38.6628074911, 34.0031045397).
point(13, 8.9973998514, 40.4637763627).
point(14, 69.5833268193, 12.8175337945).
point(15, 44.2909460954, 83.2573101299).
point(16, 58.4854189831, 60.5708400097).
point(17, 89.7989276252, 53.324764719).
point(18, 77.9922087716, 92.5309497207).
cost(1, 2, 77).
cost(1, 3, 40).
cost(1, 4, 32).
cost(1, 5, 42).
cost(1, 6, 75).
cost(1, 7, 31).
cost(1, 8, 29).
cost(1, 9, 46).
cost(1, 10, 67).
cost(1, 11, 42).
cost(1, 12, 66).
cost(1, 13, 79).
cost(1, 14, 81).
cost(1, 15, 25).
cost(1, 16, 34).
cost(1, 17, 46).
cost(1, 18, 11).
cost(2, 1, 77).
cost(2, 3, 37).
cost(2, 4, 50).
cost(2, 5, 75).
cost(2, 6, 31).
cost(2, 7, 71).
cost(2, 8, 98).
cost(2, 9, 83).
cost(2, 10, 10).
cost(2, 11, 70).
cost(2, 12, 37).
cost(2, 13, 10).
cost(2, 14, 75).
cost(2, 15, 53).
cost(2, 16, 55).
cost(2, 17, 86).
cost(2, 18, 86).
cost(3, 1, 40).
cost(3, 2, 37).
cost(3, 4, 17).
cost(3, 5, 50).
cost(3, 6, 43).
cost(3, 7, 41).
cost(3, 8, 63).
cost(3, 9, 57).
cost(3, 10, 27).
cost(3, 11, 45).
cost(3, 12, 38).
cost(3, 13, 40).
cost(3, 14, 69).
cost(3, 15, 16).
cost(3, 16, 27).
cost(3, 17, 59).
cost(3, 18, 49).
cost(4, 1, 32).
cost(4, 2, 50).
cost(4, 3, 17).
cost(4, 5, 56).
cost(4, 6, 60).
cost(4, 7, 46).
cost(4, 8, 60).
cost(4, 9, 63).
cost(4, 10, 41).
cost(4, 11, 53).
cost(4, 12, 55).
cost(4, 13, 55).
cost(4, 14, 83).
cost(4, 15, 10).
cost(4, 16, 36).
cost(4, 17, 65).
cost(4, 18, 43).
cost(5, 1, 42).
cost(5, 2, 75).
cost(5, 3, 50).
cost(5, 4, 56).
cost(5, 6, 57).
cost(5, 7, 11).
cost(5, 8, 36).
cost(5, 9, 8).
cost(5, 10, 66).
cost(5, 11, 6).
cost(5, 12, 45).
cost(5, 13, 72).
cost(5, 14, 42).
cost(5, 15, 46).
cost(5, 16, 22).
cost(5, 17, 10).
cost(5, 18, 39).
cost(6, 1, 75).
cost(6, 2, 31).
cost(6, 3, 43).
cost(6, 4, 60).
cost(6, 5, 57).
cost(6, 7, 57).
cost(6, 8, 87).
cost(6, 9, 64).
cost(6, 10, 28).
cost(6, 11, 51).
cost(6, 12, 12).
cost(6, 13, 22).
cost(6, 14, 45).
cost(6, 15, 56).
cost(6, 16, 44).
cost(6, 17, 66).
cost(6, 18, 80).
cost(7, 1, 31).
cost(7, 2, 71).
cost(7, 3, 41).
cost(7, 4, 46).
cost(7, 5, 11).
cost(7, 6, 57).
cost(7, 8, 31).
cost(7, 9, 17).
cost(7, 10, 61).
cost(7, 11, 11).
cost(7, 12, 46).
cost(7, 13, 69).
cost(7, 14, 51).
cost(7, 15, 36).
cost(7, 16, 15).
cost(7, 17, 19).
cost(7, 18, 30).
cost(8, 1, 29).
cost(8, 2, 98).
cost(8, 3, 63).
cost(8, 4, 60).
cost(8, 5, 36).
cost(8, 6, 87).
cost(8, 7, 31).
cost(8, 9, 34).
cost(8, 10, 88).
cost(8, 11, 39).
cost(8, 12, 76).
cost(8, 13, 97).
cost(8, 14, 77).
cost(8, 15, 51).
cost(8, 16, 44).
cost(8, 17, 33).
cost(8, 18, 18).
cost(9, 1, 46).
cost(9, 2, 83).
cost(9, 3, 57).
cost(9, 4, 63).
cost(9, 5, 8).
cost(9, 6, 64).
cost(9, 7, 17).
cost(9, 8, 34).
cost(9, 10, 74).
cost(9, 11, 13).
cost(9, 12, 52).
cost(9, 13, 79).
cost(9, 14, 44).
cost(9, 15, 53).
cost(9, 16, 30).
cost(9, 17, 2).
cost(9, 18, 41).
cost(10, 1, 67).
cost(10, 2, 10).
cost(10, 3, 27).
cost(10, 4, 41).
cost(10, 5, 66).
cost(10, 6, 28).
cost(10, 7, 61).
cost(10, 8, 88).
cost(10, 9, 74).
cost(10, 11, 61).
cost(10, 12, 32).
cost(10, 13, 14).
cost(10, 14, 70).
cost(10, 15, 43).
cost(10, 16, 46).
cost(10, 17, 77).
cost(10, 18, 76).
cost(11, 1, 42).
cost(11, 2, 70).
cost(11, 3, 45).
cost(11, 4, 53).
cost(11, 5, 6).
cost(11, 6, 51).
cost(11, 7, 11).
cost(11, 8, 39).
cost(11, 9, 13).
cost(11, 10, 61).
cost(11, 12, 40).
cost(11, 13, 66).
cost(11, 14, 40).
cost(11, 15, 43).
cost(11, 16, 18).
cost(11, 17, 16).
cost(11, 18, 41).
cost(12, 1, 66).
cost(12, 2, 37).
cost(12, 3, 38).
cost(12, 4, 55).
cost(12, 5, 45).
cost(12, 6, 12).
cost(12, 7, 46).
cost(12, 8, 76).
cost(12, 9, 52).
cost(12, 10, 32).
cost(12, 11, 40).
cost(12, 13, 30).
cost(12, 14, 37).
cost(12, 15, 50).
cost(12, 16, 33).
cost(12, 17, 55).
cost(12, 18, 71).
cost(13, 1, 79).
cost(13, 2, 10).
cost(13, 3, 40).
cost(13, 4, 55).
cost(13, 5, 72).
cost(13, 6, 22).
cost(13, 7, 69).
cost(13, 8, 97).
cost(13, 9, 79).
cost(13, 10, 14).
cost(13, 11, 66).
cost(13, 12, 30).
cost(13, 14, 67).
cost(13, 15, 55).
cost(13, 16, 53).
cost(13, 17, 82).
cost(13, 18, 86).
cost(14, 1, 81).
cost(14, 2, 75).
cost(14, 3, 69).
cost(14, 4, 83).
cost(14, 5, 42).
cost(14, 6, 45).
cost(14, 7, 51).
cost(14, 8, 77).
cost(14, 9, 44).
cost(14, 10, 70).
cost(14, 11, 40).
cost(14, 12, 37).
cost(14, 13, 67).
cost(14, 15, 75).
cost(14, 16, 49).
cost(14, 17, 45).
cost(14, 18, 80).
cost(15, 1, 25).
cost(15, 2, 53).
cost(15, 3, 16).
cost(15, 4, 10).
cost(15, 5, 46).
cost(15, 6, 56).
cost(15, 7, 36).
cost(15, 8, 51).
cost(15, 9, 53).
cost(15, 10, 43).
cost(15, 11, 43).
cost(15, 12, 50).
cost(15, 13, 55).
cost(15, 14, 75).
cost(15, 16, 27).
cost(15, 17, 54).
cost(15, 18, 35).
cost(16, 1, 34).
cost(16, 2, 55).
cost(16, 3, 27).
cost(16, 4, 36).
cost(16, 5, 22).
cost(16, 6, 44).
cost(16, 7, 15).
cost(16, 8, 44).
cost(16, 9, 30).
cost(16, 10, 46).
cost(16, 11, 18).
cost(16, 12, 33).
cost(16, 13, 53).
cost(16, 14, 49).
cost(16, 15, 27).
cost(16, 17, 32).
cost(16, 18, 37).
cost(17, 1, 46).
cost(17, 2, 86).
cost(17, 3, 59).
cost(17, 4, 65).
cost(17, 5, 10).
cost(17, 6, 66).
cost(17, 7, 19).
cost(17, 8, 33).
cost(17, 9, 2).
cost(17, 10, 77).
cost(17, 11, 16).
cost(17, 12, 55).
cost(17, 13, 82).
cost(17, 14, 45).
cost(17, 15, 54).
cost(17, 16, 32).
cost(17, 18, 41).
cost(18, 1, 11).
cost(18, 2, 86).
cost(18, 3, 49).
cost(18, 4, 43).
cost(18, 5, 39).
cost(18, 6, 80).
cost(18, 7, 30).
cost(18, 8, 18).
cost(18, 9, 41).
cost(18, 10, 76).
cost(18, 11, 41).
cost(18, 12, 71).
cost(18, 13, 86).
cost(18, 14, 80).
cost(18, 15, 35).
cost(18, 16, 37).
cost(18, 17, 41).
