dimension(18).
point(1, 16.7008988193, 35.7913520795).
point(2, 3.0958846185, 46.1860035731).
point(3, 29.8605796433, 67.5461235626).
point(4, 21.2574443645, 3.8274848263).
point(5, 42.7825436242, 31.7395503556).
point(6, 20.4387928665, 13.8516725052).
point(7, 39.4265755534, 48.0024842272).
point(8, 57.6808396381, 87.9786820458).
point(9, 58.5656238741, 41.4776256764).
point(10, 95.1670168165, 58.6162366369).
point(11, 24.153109141, 72.5917208131).
point(12, 4.6901119435, 60.3599984158).
point(13, 89.0289484773, 46.7261096265).
point(14, 51.3571366301, 94.3793654215).
point(15, 45.7333200361, 42.8658374518).
point(16, 61.2812596114, 88.4103622867).
point(17, 34.1307213134, 2.8083422664).
point(18, 98.6864546699, 88.2778397104).
cost(1, 2, 17).
cost(1, 3, 34).
cost(1, 4, 32).
cost(1, 5, 26).
cost(1, 6, 22).
cost(1, 7, 26).
cost(1, 8, 66).
cost(1, 9, 42).
cost(1, 10, 82).
cost(1, 11, 38).
cost(1, 12, 27).
cost(1, 13, 73).
cost(1, 14, 68).
cost(1, 15, 30).
cost(1, 16, 69).
cost(1, 17, 37).
cost(1, 18, 97).
cost(2, 1, 17).
cost(2, 3, 34).
cost(2, 4, 46).
cost(2, 5, 42).
cost(2, 6, 37).
cost(2, 7, 36).
cost(2, 8, 69).
cost(2, 9, 56).
cost(2, 10, 93).
cost(2, 11, 34).
cost(2, 12, 14).
cost(2, 13, 86).
cost(2, 14, 68).
cost(2, 15, 43).
cost(2, 16, 72).
cost(2, 17, 53).
cost(2, 18, 104).
cost(3, 1, 34).
cost(3, 2, 34).
cost(3, 4, 64).
cost(3, 5, 38).
cost(3, 6, 55).
cost(3, 7, 22).
cost(3, 8, 35).
cost(3, 9, 39).
cost(3, 10, 66).
cost(3, 11, 8).
cost(3, 12, 26).
cost(3, 13, 63).
cost(3, 14, 34).
cost(3, 15, 29).
cost(3, 16, 38).
cost(3, 17, 65).
cost(3, 18, 72).
cost(4, 1, 32).
cost(4, 2, 46).
cost(4, 3, 64).
cost(4, 5, 35).
cost(4, 6, 10).
cost(4, 7, 48).
cost(4, 8, 92).
cost(4, 9, 53).
cost(4, 10, 92).
cost(4, 11, 69).
cost(4, 12, 59).
cost(4, 13, 80).
cost(4, 14, 95).
cost(4, 15, 46).
cost(4, 16, 94).
cost(4, 17, 13).
cost(4, 18, 115).
cost(5, 1, 26).
cost(5, 2, 42).
cost(5, 3, 38).
cost(5, 4, 35).
cost(5, 6, 29).
cost(5, 7, 17).
cost(5, 8, 58).
cost(5, 9, 19).
cost(5, 10, 59).
cost(5, 11, 45).
cost(5, 12, 48).
cost(5, 13, 49).
cost(5, 14, 63).
cost(5, 15, 12).
cost(5, 16, 60).
cost(5, 17, 30).
cost(5, 18, 80).
cost(6, 1, 22).
cost(6, 2, 37).
cost(6, 3, 55).
cost(6, 4, 10).
cost(6, 5, 29).
cost(6, 7, 39).
cost(6, 8, 83).
cost(6, 9, 47).
cost(6, 10, 87).
cost(6, 11, 59).
cost(6, 12, 49).
cost(6, 13, 76).
cost(6, 14, 86).
cost(6, 15, 38).
cost(6, 16, 85).
cost(6, 17, 18).
cost(6, 18, 108).
cost(7, 1, 26).
cost(7, 2, 36).
cost(7, 3, 22).
cost(7, 4, 48).
cost(7, 5, 17).
cost(7, 6, 39).
cost(7, 8, 44).
cost(7, 9, 20).
cost(7, 10, 57).
cost(7, 11, 29).
cost(7, 12, 37).
cost(7, 13, 50).
cost(7, 14, 48).
cost(7, 15, 8).
cost(7, 16, 46).
cost(7, 17, 46).
cost(7, 18, 72).
cost(8, 1, 66).
cost(8, 2, 69).
cost(8, 3, 35).
cost(8, 4, 92).
cost(8, 5, 58).
cost(8, 6, 83).
cost(8, 7, 44).
cost(8, 9, 47).
cost(8, 10, 48).
cost(8, 11, 37).
cost(8, 12, 60).
cost(8, 13, 52).
cost(8, 14, 9).
cost(8, 15, 47).
cost(8, 16, 4).
cost(8, 17, 88).
cost(8, 18, 41).
cost(9, 1, 42).
cost(9, 2, 56).
cost(9, 3, 39).
cost(9, 4, 53).
cost(9, 5, 19).
cost(9, 6, 47).
cost(9, 7, 20).
cost(9, 8, 47).
cost(9, 10, 40).
cost(9, 11, 46).
cost(9, 12, 57).
cost(9, 13, 31).
cost(9, 14, 53).
cost(9, 15, 13).
cost(9, 16, 47).
cost(9, 17, 46).
cost(9, 18, 62).
cost(10, 1, 82).
cost(10, 2, 93).
cost(10, 3, 66).
cost(10, 4, 92).
cost(10, 5, 59).
cost(10, 6, 87).
cost(10, 7, 57).
cost(10, 8, 48).
cost(10, 9, 40).
cost(10, 11, 72).
cost(10, 12, 90).
cost(10, 13, 13).
cost(10, 14, 57).
cost(10, 15, 52).
cost(10, 16, 45).
cost(10, 17, 83).
cost(10, 18, 30).
cost(11, 1, 38).
cost(11, 2, 34).
cost(11, 3, 8).
cost(11, 4, 69).
cost(11, 5, 45).
cost(11, 6, 59).
cost(11, 7, 29).
cost(11, 8, 37).
cost(11, 9, 46).
cost(11, 10, 72).
cost(11, 12, 23).
cost(11, 13, 70).
cost(11, 14, 35).
cost(11, 15, 37).
cost(11, 16, 40).
cost(11, 17, 70).
cost(11, 18, 76).
cost(12, 1, 27).
cost(12, 2, 14).
cost(12, 3, 26).
cost(12, 4, 59).
cost(12, 5, 48).
cost(12, 6, 49).
cost(12, 7, 37).
cost(12, 8, 60).
cost(12, 9, 57).
cost(12, 10, 90).
cost(12, 11, 23).
cost(12, 13, 85).
cost(12, 14, 58).
cost(12, 15, 45).
cost(12, 16, 63).
cost(12, 17, 65).
cost(12, 18, 98).
cost(13, 1, 73).
cost(13, 2, 86).
cost(13, 3, 63).
cost(13, 4, 80).
cost(13, 5, 49).
cost(13, 6, 76).
cost(13, 7, 50).
cost(13, 8, 52).
cost(13, 9, 31).
cost(13, 10, 13).
cost(13, 11, 70).
cost(13, 12, 85).
cost(13, 14, 61).
cost(13, 15, 43).
cost(13, 16, 50).
cost(13, 17, 70).
cost(13, 18, 43).
cost(14, 1, 68).
cost(14, 2, 68).
cost(14, 3, 34).
cost(14, 4, 95).
cost(14, 5, 63).
cost(14, 6, 86).
cost(14, 7, 48).
cost(14, 8, 9).
cost(14, 9, 53).
cost(14, 10, 57).
cost(14, 11, 35).
cost(14, 12, 58).
cost(14, 13, 61).
cost(14, 15, 52).
cost(14, 16, 12).
cost(14, 17, 93).
cost(14, 18, 48).
cost(15, 1, 30).
cost(15, 2, 43).
cost(15, 3, 29).
cost(15, 4, 46).
cost(15, 5, 12).
cost(15, 6, 38).
cost(15, 7, 8).
cost(15, 8, 47).
cost(15, 9, 13).
cost(15, 10, 52).
cost(15, 11, 37).
cost(15, 12, 45).
cost(15, 13, 43).
cost(15, 14, 52).
cost(15, 16, 48).
cost(15, 17, 42).
cost(15, 18, 70).
cost(16, 1, 69).
cost(16, 2, 72).
cost(16, 3, 38).
cost(16, 4, 94).
cost(16, 5, 60).
cost(16, 6, 85).
cost(16, 7, 46).
cost(16, 8, 4).
cost(16, 9, 47).
cost(16, 10, 45).
cost(16, 11, 40).
cost(16, 12, 63).
cost(16, 13, 50).
cost(16, 14, 12).
cost(16, 15, 48).
cost(16, 17, 90).
cost(16, 18, 37).
cost(17, 1, 37).
cost(17, 2, 53).
cost(17, 3, 65).
cost(17, 4, 13).
cost(17, 5, 30).
cost(17, 6, 18).
cost(17, 7, 46).
cost(17, 8, 88).
cost(17, 9, 46).
cost(17, 10, 83).
cost(17, 11, 70).
cost(17, 12, 65).
cost(17, 13, 70).
cost(17, 14, 93).
cost(17, 15, 42).
cost(17, 16, 90).
cost(17, 18, 107).
cost(18, 1, 97).
cost(18, 2, 104).
cost(18, 3, 72).
cost(18, 4, 115).
cost(18, 5, 80).
cost(18, 6, 108).
cost(18, 7, 72).
cost(18, 8, 41).
cost(18, 9, 62).
cost(18, 10, 30).
cost(18, 11, 76).
cost(18, 12, 98).
cost(18, 13, 43).
cost(18, 14, 48).
cost(18, 15, 70).
cost(18, 16, 37).
cost(18, 17, 107).
