dimension(18).
point(1, 97.0127628011, 57.0785998217).
point(2, 68.8409732195, 20.3123572519).
point(3, 32.823702598, 61.0443522595).
point(4, 15.5748618394, 29.3420977199).
point(5, 25.51656754, 99.1432710508).
point(6, 71.6578400156, 76.5618302186).
point(7, 45.386108403, 78.5583106179).
point(8, 98.3124969224, 7.4582445371).
point(9, 33.412377245, 57.0449161828).
point(10, 47.9144633223, 47.2691726958).
point(11, 17.5368046874, 94.92049455).
point(12, 23.7260789939, 35.5112087376).
point(13, 73.3306349907, 64.4329625599).
point(14, 12.9948799921, 26.6047456501).
point(15, 65.7408426015, 11.9404401863).
point(16, 46.4402010576, 9.5577183248).
point(17, 75.3084962061, 26.4804269849).
point(18, 11.7979627909, 86.8452945823).
cost(1, 2, 46).
cost(1, 3, 64).
cost(1, 4, 86).
cost(1, 5, 83).
cost(1, 6, 32).
cost(1, 7, 56).
cost(1, 8, 50).
cost(1, 9, 64).
cost(1, 10, 50).
cost(1, 11, 88).
cost(1, 12, 76).
cost(1, 13, 25).
cost(1, 14, 89).
cost(1, 15, 55).
cost(1, 16, 69).
cost(1, 17, 38).
cost(1, 18, 90).
cost(2, 1, 46).
cost(2, 3, 54).
cost(2, 4, 54).
cost(2, 5, 90).
cost(2, 6, 56).
cost(2, 7, 63).
cost(2, 8, 32).
cost(2, 9, 51).
cost(2, 10, 34).
cost(2, 11, 91).
cost(2, 12, 48).
cost(2, 13, 44).
cost(2, 14, 56).
cost(2, 15, 9).
cost(2, 16, 25).
cost(2, 17, 9).
cost(2, 18, 88).
cost(3, 1, 64).
cost(3, 2, 54).
cost(3, 4, 36).
cost(3, 5, 39).
cost(3, 6, 42).
cost(3, 7, 22).
cost(3, 8, 85).
cost(3, 9, 4).
cost(3, 10, 20).
cost(3, 11, 37).
cost(3, 12, 27).
cost(3, 13, 41).
cost(3, 14, 40).
cost(3, 15, 59).
cost(3, 16, 53).
cost(3, 17, 55).
cost(3, 18, 33).
cost(4, 1, 86).
cost(4, 2, 54).
cost(4, 3, 36).
cost(4, 5, 71).
cost(4, 6, 73).
cost(4, 7, 58).
cost(4, 8, 86).
cost(4, 9, 33).
cost(4, 10, 37).
cost(4, 11, 66).
cost(4, 12, 10).
cost(4, 13, 68).
cost(4, 14, 4).
cost(4, 15, 53).
cost(4, 16, 37).
cost(4, 17, 60).
cost(4, 18, 58).
cost(5, 1, 83).
cost(5, 2, 90).
cost(5, 3, 39).
cost(5, 4, 71).
cost(5, 6, 51).
cost(5, 7, 29).
cost(5, 8, 117).
cost(5, 9, 43).
cost(5, 10, 57).
cost(5, 11, 9).
cost(5, 12, 64).
cost(5, 13, 59).
cost(5, 14, 74).
cost(5, 15, 96).
cost(5, 16, 92).
cost(5, 17, 88).
cost(5, 18, 18).
cost(6, 1, 32).
cost(6, 2, 56).
cost(6, 3, 42).
cost(6, 4, 73).
cost(6, 5, 51).
cost(6, 7, 26).
cost(6, 8, 74).
cost(6, 9, 43).
cost(6, 10, 38).
cost(6, 11, 57).
cost(6, 12, 63).
cost(6, 13, 12).
cost(6, 14, 77).
cost(6, 15, 65).
cost(6, 16, 72).
cost(6, 17, 50).
cost(6, 18, 61).
cost(7, 1, 56).
cost(7, 2, 63).
cost(7, 3, 22).
cost(7, 4, 58).
cost(7, 5, 29).
cost(7, 6, 26).
cost(7, 8, 89).
cost(7, 9, 25).
cost(7, 10, 31).
cost(7, 11, 32).
cost(7, 12, 48).
cost(7, 13, 31).
cost(7, 14, 61).
cost(7, 15, 70).
cost(7, 16, 69).
cost(7, 17, 60).
cost(7, 18, 35).
cost(8, 1, 50).
cost(8, 2, 32).
cost(8, 3, 85).
cost(8, 4, 86).
cost(8, 5, 117).
cost(8, 6, 74).
cost(8, 7, 89).
cost(8, 9, 82).
cost(8, 10, 64).
cost(8, 11, 119).
cost(8, 12, 80).
cost(8, 13, 62).
cost(8, 14, 87).
cost(8, 15, 33).
cost(8, 16, 52).
cost(8, 17, 30).
cost(8, 18, 117).
cost(9, 1, 64).
cost(9, 2, 51).
cost(9, 3, 4).
cost(9, 4, 33).
cost(9, 5, 43).
cost(9, 6, 43).
cost(9, 7, 25).
cost(9, 8, 82).
cost(9, 10, 17).
cost(9, 11, 41).
cost(9, 12, 24).
cost(9, 13, 41).
cost(9, 14, 37).
cost(9, 15, 55).
cost(9, 16, 49).
cost(9, 17, 52).
cost(9, 18, 37).
cost(10, 1, 50).
cost(10, 2, 34).
cost(10, 3, 20).
cost(10, 4, 37).
cost(10, 5, 57).
cost(10, 6, 38).
cost(10, 7, 31).
cost(10, 8, 64).
cost(10, 9, 17).
cost(10, 11, 57).
cost(10, 12, 27).
cost(10, 13, 31).
cost(10, 14, 41).
cost(10, 15, 40).
cost(10, 16, 38).
cost(10, 17, 34).
cost(10, 18, 54).
cost(11, 1, 88).
cost(11, 2, 91).
cost(11, 3, 37).
cost(11, 4, 66).
cost(11, 5, 9).
cost(11, 6, 57).
cost(11, 7, 32).
cost(11, 8, 119).
cost(11, 9, 41).
cost(11, 10, 57).
cost(11, 12, 60).
cost(11, 13, 64).
cost(11, 14, 68).
cost(11, 15, 96).
cost(11, 16, 90).
cost(11, 17, 90).
cost(11, 18, 10).
cost(12, 1, 76).
cost(12, 2, 48).
cost(12, 3, 27).
cost(12, 4, 10).
cost(12, 5, 64).
cost(12, 6, 63).
cost(12, 7, 48).
cost(12, 8, 80).
cost(12, 9, 24).
cost(12, 10, 27).
cost(12, 11, 60).
cost(12, 13, 57).
cost(12, 14, 14).
cost(12, 15, 48).
cost(12, 16, 34).
cost(12, 17, 52).
cost(12, 18, 53).
cost(13, 1, 25).
cost(13, 2, 44).
cost(13, 3, 41).
cost(13, 4, 68).
cost(13, 5, 59).
cost(13, 6, 12).
cost(13, 7, 31).
cost(13, 8, 62).
cost(13, 9, 41).
cost(13, 10, 31).
cost(13, 11, 64).
cost(13, 12, 57).
cost(13, 14, 71).
cost(13, 15, 53).
cost(13, 16, 61).
cost(13, 17, 38).
cost(13, 18, 65).
cost(14, 1, 89).
cost(14, 2, 56).
cost(14, 3, 40).
cost(14, 4, 4).
cost(14, 5, 74).
cost(14, 6, 77).
cost(14, 7, 61).
cost(14, 8, 87).
cost(14, 9, 37).
cost(14, 10, 41).
cost(14, 11, 68).
cost(14, 12, 14).
cost(14, 13, 71).
cost(14, 15, 55).
cost(14, 16, 38).
cost(14, 17, 62).
cost(14, 18, 60).
cost(15, 1, 55).
cost(15, 2, 9).
cost(15, 3, 59).
cost(15, 4, 53).
cost(15, 5, 96).
cost(15, 6, 65).
cost(15, 7, 70).
cost(15, 8, 33).
cost(15, 9, 55).
cost(15, 10, 40).
cost(15, 11, 96).
cost(15, 12, 48).
cost(15, 13, 53).
cost(15, 14, 55).
cost(15, 16, 19).
cost(15, 17, 17).
cost(15, 18, 92).
cost(16, 1, 69).
cost(16, 2, 25).
cost(16, 3, 53).
cost(16, 4, 37).
cost(16, 5, 92).
cost(16, 6, 72).
cost(16, 7, 69).
cost(16, 8, 52).
cost(16, 9, 49).
cost(16, 10, 38).
cost(16, 11, 90).
cost(16, 12, 34).
cost(16, 13, 61).
cost(16, 14, 38).
cost(16, 15, 19).
cost(16, 17, 33).
cost(16, 18, 85).
cost(17, 1, 38).
cost(17, 2, 9).
cost(17, 3, 55).
cost(17, 4, 60).
cost(17, 5, 88).
cost(17, 6, 50).
cost(17, 7, 60).
cost(17, 8, 30).
cost(17, 9, 52).
cost(17, 10, 34).
cost(17, 11, 90).
cost(17, 12, 52).
cost(17, 13, 38).
cost(17, 14, 62).
cost(17, 15, 17).
cost(17, 16, 33).
cost(17, 18, 88).
cost(18, 1, 90).
cost(18, 2, 88).
cost(18, 3, 33).
cost(18, 4, 58).
cost(18, 5, 18).
cost(18, 6, 61).
cost(18, 7, 35).
cost(18, 8, 117).
cost(18, 9, 37).
cost(18, 10, 54).
cost(18, 11, 10).
cost(18, 12, 53).
cost(18, 13, 65).
cost(18, 14, 60).
cost(18, 15, 92).
cost(18, 16, 85).
cost(18, 17, 88).
