dimension(18).
point(1, 12.2143150626, 74.2710380127).
point(2, 81.202532369, 20.288617321).
point(3, 93.5549139872, 31.6143481861).
point(4, 56.0229604164, 65.696003085).
point(5, 28.2939400994, 11.2856659144).
point(6, 5.608802016, 76.4077229531).
point(7, 25.8239371455, 21.2396815903).
point(8, 67.6015111606, 26.543414027).
point(9, 42.1775155197, 48.2321688187).
point(10, 18.3544482064, 17.141446142).
point(11, 61.459793384, 44.2353120849).
point(12, 86.4615620008, 60.2033379624).
point(13, 55.085303851, 21.78580823).
point(14, 47.6120716343, 93.1591918309).
point(15, 21.5114838725, 87.9333619796).
point(16, 46.2947094293, 85.2291114558).
point(17, 66.3980349302, 54.6916529645).
point(18, 58.5461305548, 96.2138003813).
cost(1, 2, 88).
cost(1, 3, 92).
cost(1, 4, 45).
cost(1, 5, 65).
cost(1, 6, 7).
cost(1, 7, 55).
cost(1, 8, 73).
cost(1, 9, 40).
cost(1, 10, 57).
cost(1, 11, 58).
cost(1, 12, 76).
cost(1, 13, 68).
cost(1, 14, 40).
cost(1, 15, 17).
cost(1, 16, 36).
cost(1, 17, 58).
cost(1, 18, 51).
cost(2, 1, 88).
cost(2, 3, 17).
cost(2, 4, 52).
cost(2, 5, 54).
cost(2, 6, 94).
cost(2, 7, 55).
cost(2, 8, 15).
cost(2, 9, 48).
cost(2, 10, 63).
cost(2, 11, 31).
cost(2, 12, 40).
cost(2, 13, 26).
cost(2, 14, 80).
cost(2, 15, 90).
cost(2, 16, 74).
cost(2, 17, 37).
cost(2, 18, 79).
cost(3, 1, 92).
cost(3, 2, 17).
cost(3, 4, 51).
cost(3, 5, 68).
cost(3, 6, 99).
cost(3, 7, 69).
cost(3, 8, 26).
cost(3, 9, 54).
cost(3, 10, 77).
cost(3, 11, 34).
cost(3, 12, 29).
cost(3, 13, 40).
cost(3, 14, 77).
cost(3, 15, 91).
cost(3, 16, 71).
cost(3, 17, 36).
cost(3, 18, 73).
cost(4, 1, 45).
cost(4, 2, 52).
cost(4, 3, 51).
cost(4, 5, 61).
cost(4, 6, 52).
cost(4, 7, 54).
cost(4, 8, 41).
cost(4, 9, 22).
cost(4, 10, 61).
cost(4, 11, 22).
cost(4, 12, 31).
cost(4, 13, 44).
cost(4, 14, 29).
cost(4, 15, 41).
cost(4, 16, 22).
cost(4, 17, 15).
cost(4, 18, 31).
cost(5, 1, 65).
cost(5, 2, 54).
cost(5, 3, 68).
cost(5, 4, 61).
cost(5, 6, 69).
cost(5, 7, 10).
cost(5, 8, 42).
cost(5, 9, 39).
cost(5, 10, 12).
cost(5, 11, 47).
cost(5, 12, 76).
cost(5, 13, 29).
cost(5, 14, 84).
cost(5, 15, 77).
cost(5, 16, 76).
cost(5, 17, 58).
cost(5, 18, 90).
cost(6, 1, 7).
cost(6, 2, 94).
cost(6, 3, 99).
cost(6, 4, 52).
cost(6, 5, 69).
cost(6, 7, 59).
cost(6, 8, 80).
cost(6, 9, 46).
cost(6, 10, 61).
cost(6, 11, 64).
cost(6, 12, 82).
cost(6, 13, 74).
cost(6, 14, 45).
cost(6, 15, 20).
cost(6, 16, 42).
cost(6, 17, 65).
cost(6, 18, 57).
cost(7, 1, 55).
cost(7, 2, 55).
cost(7, 3, 69).
cost(7, 4, 54).
cost(7, 5, 10).
cost(7, 6, 59).
cost(7, 8, 42).
cost(7, 9, 32).
cost(7, 10, 9).
cost(7, 11, 42).
cost(7, 12, 72).
cost(7, 13, 29).
cost(7, 14, 75).
cost(7, 15, 67).
cost(7, 16, 67).
cost(7, 17, 53).
cost(7, 18, 82).
cost(8, 1, 73).
cost(8, 2, 15).
cost(8, 3, 26).
cost(8, 4, 41).
cost(8, 5, 42).
cost(8, 6, 80).
cost(8, 7, 42).
cost(8, 9, 33).
cost(8, 10, 50).
cost(8, 11, 19).
cost(8, 12, 39).
cost(8, 13, 13).
cost(8, 14, 70).
cost(8, 15, 77).
cost(8, 16, 62).
cost(8, 17, 28).
cost(8, 18, 70).
cost(9, 1, 40).
cost(9, 2, 48).
cost(9, 3, 54).
cost(9, 4, 22).
cost(9, 5, 39).
cost(9, 6, 46).
cost(9, 7, 32).
cost(9, 8, 33).
cost(9, 10, 39).
cost(9, 11, 20).
cost(9, 12, 46).
cost(9, 13, 29).
cost(9, 14, 45).
cost(9, 15, 45).
cost(9, 16, 37).
cost(9, 17, 25).
cost(9, 18, 51).
cost(10, 1, 57).
cost(10, 2, 63).
cost(10, 3, 77).
cost(10, 4, 61).
cost(10, 5, 12).
cost(10, 6, 61).
cost(10, 7, 9).
cost(10, 8, 50).
cost(10, 9, 39).
cost(10, 11, 51).
cost(10, 12, 81).
cost(10, 13, 37).
cost(10, 14, 81).
cost(10, 15, 71).
cost(10, 16, 74).
cost(10, 17, 61).
cost(10, 18, 89).
cost(11, 1, 58).
cost(11, 2, 31).
cost(11, 3, 34).
cost(11, 4, 22).
cost(11, 5, 47).
cost(11, 6, 64).
cost(11, 7, 42).
cost(11, 8, 19).
cost(11, 9, 20).
cost(11, 10, 51).
cost(11, 12, 30).
cost(11, 13, 23).
cost(11, 14, 51).
cost(11, 15, 59).
cost(11, 16, 44).
cost(11, 17, 12).
cost(11, 18, 52).
cost(12, 1, 76).
cost(12, 2, 40).
cost(12, 3, 29).
cost(12, 4, 31).
cost(12, 5, 76).
cost(12, 6, 82).
cost(12, 7, 72).
cost(12, 8, 39).
cost(12, 9, 46).
cost(12, 10, 81).
cost(12, 11, 30).
cost(12, 13, 50).
cost(12, 14, 51).
cost(12, 15, 71).
cost(12, 16, 47).
cost(12, 17, 21).
cost(12, 18, 46).
cost(13, 1, 68).
cost(13, 2, 26).
cost(13, 3, 40).
cost(13, 4, 44).
cost(13, 5, 29).
cost(13, 6, 74).
cost(13, 7, 29).
cost(13, 8, 13).
cost(13, 9, 29).
cost(13, 10, 37).
cost(13, 11, 23).
cost(13, 12, 50).
cost(13, 14, 72).
cost(13, 15, 74).
cost(13, 16, 64).
cost(13, 17, 35).
cost(13, 18, 75).
cost(14, 1, 40).
cost(14, 2, 80).
cost(14, 3, 77).
cost(14, 4, 29).
cost(14, 5, 84).
cost(14, 6, 45).
cost(14, 7, 75).
cost(14, 8, 70).
cost(14, 9, 45).
cost(14, 10, 81).
cost(14, 11, 51).
cost(14, 12, 51).
cost(14, 13, 72).
cost(14, 15, 27).
cost(14, 16, 8).
cost(14, 17, 43).
cost(14, 18, 11).
cost(15, 1, 17).
cost(15, 2, 90).
cost(15, 3, 91).
cost(15, 4, 41).
cost(15, 5, 77).
cost(15, 6, 20).
cost(15, 7, 67).
cost(15, 8, 77).
cost(15, 9, 45).
cost(15, 10, 71).
cost(15, 11, 59).
cost(15, 12, 71).
cost(15, 13, 74).
cost(15, 14, 27).
cost(15, 16, 25).
cost(15, 17, 56).
cost(15, 18, 38).
cost(16, 1, 36).
cost(16, 2, 74).
cost(16, 3, 71).
cost(16, 4, 22).
cost(16, 5, 76).
cost(16, 6, 42).
cost(16, 7, 67).
cost(16, 8, 62).
cost(16, 9, 37).
cost(16, 10, 74).
cost(16, 11, 44).
cost(16, 12, 47).
cost(16, 13, 64).
cost(16, 14, 8).
cost(16, 15, 25).
cost(16, 17, 37).
cost(16, 18, 16).
cost(17, 1, 58).
cost(17, 2, 37).
cost(17, 3, 36).
cost(17, 4, 15).
cost(17, 5, 58).
cost(17, 6, 65).
cost(17, 7, 53).
cost(17, 8, 28).
cost(17, 9, 25).
cost(17, 10, 61).
cost(17, 11, 12).
cost(17, 12, 21).
cost(17, 13, 35).
cost(17, 14, 43).
cost(17, 15, 56).
cost(17, 16, 37).
cost(17, 18, 42).
cost(18, 1, 51).
cost(18, 2, 79).
cost(18, 3, 73).
cost(18, 4, 31).
cost(18, 5, 90).
cost(18, 6, 57).
cost(18, 7, 82).
cost(18, 8, 70).
cost(18, 9, 51).
cost(18, 10, 89).
cost(18, 11, 52).
cost(18, 12, 46).
cost(18, 13, 75).
cost(18, 14, 11).
cost(18, 15, 38).
cost(18, 16, 16).
cost(18, 17, 42).
