dimension(18).
point(1, 58.563647418, 12.7636283245).
point(2, 91.9433554799, 66.8815073295).
point(3, 41.279723428, 97.8802503319).
point(4, 47.1097511883, 89.7331090045).
point(5, 67.6287025395, 6.5199579597).
point(6, 79.8407474448, 16.1874099389).
point(7, 93.3845231049, 73.8856798687).
point(8, 63.5646133114, 19.5858487188).
point(9, 40.5698808229, 29.6254507475).
point(10, 4.6060633279, 79.3404347136).
point(11, 51.3713652406, 25.6973738473).
point(12, 74.9458764397, 27.6613805657).
point(13, 11.025020462, 52.9176526204).
point(14, 26.8682700734, 16.8994151632).
point(15, 80.136334122, 88.1800246211).
point(16, 22.259944315, 64.0953296459).
point(17, 51.5705540736, 13.2731713873).
point(18, 67.9604243566, 94.940515683).
cost(1, 2, 64).
cost(1, 3, 87).
cost(1, 4, 78).
cost(1, 5, 11).
cost(1, 6, 22).
cost(1, 7, 70).
cost(1, 8, 8).
cost(1, 9, 25).
cost(1, 10, 86).
cost(1, 11, 15).
cost(1, 12, 22).
cost(1, 13, 62).
cost(1, 14, 32).
cost(1, 15, 78).
cost(1, 16, 63).
cost(1, 17, 7).
cost(1, 18, 83).
cost(2, 1, 64).
cost(2, 3, 59).
cost(2, 4, 50).
cost(2, 5, 65).
cost(2, 6, 52).
cost(2, 7, 7).
cost(2, 8, 55).
cost(2, 9, 63).
cost(2, 10, 88).
cost(2, 11, 58).
cost(2, 12, 43).
cost(2, 13, 82).
cost(2, 14, 82).
cost(2, 15, 24).
cost(2, 16, 70).
cost(2, 17, 67).
cost(2, 18, 37).
cost(3, 1, 87).
cost(3, 2, 59).
cost(3, 4, 10).
cost(3, 5, 95).
cost(3, 6, 90).
cost(3, 7, 57).
cost(3, 8, 81).
cost(3, 9, 68).
cost(3, 10, 41).
cost(3, 11, 73).
cost(3, 12, 78).
cost(3, 13, 54).
cost(3, 14, 82).
cost(3, 15, 40).
cost(3, 16, 39).
cost(3, 17, 85).
cost(3, 18, 27).
cost(4, 1, 78).
cost(4, 2, 50).
cost(4, 3, 10).
cost(4, 5, 86).
cost(4, 6, 81).
cost(4, 7, 49).
cost(4, 8, 72).
cost(4, 9, 60).
cost(4, 10, 44).
cost(4, 11, 64).
cost(4, 12, 68).
cost(4, 13, 52).
cost(4, 14, 76).
cost(4, 15, 33).
cost(4, 16, 36).
cost(4, 17, 77).
cost(4, 18, 21).
cost(5, 1, 11).
cost(5, 2, 65).
cost(5, 3, 95).
cost(5, 4, 86).
cost(5, 6, 16).
cost(5, 7, 72).
cost(5, 8, 14).
cost(5, 9, 36).
cost(5, 10, 96).
cost(5, 11, 25).
cost(5, 12, 22).
cost(5, 13, 73).
cost(5, 14, 42).
cost(5, 15, 83).
cost(5, 16, 73).
cost(5, 17, 17).
cost(5, 18, 88).
cost(6, 1, 22).
cost(6, 2, 52).
cost(6, 3, 90).
cost(6, 4, 81).
cost(6, 5, 16).
cost(6, 7, 59).
cost(6, 8, 17).
cost(6, 9, 42).
cost(6, 10, 98).
cost(6, 11, 30).
cost(6, 12, 12).
cost(6, 13, 78).
cost(6, 14, 53).
cost(6, 15, 72).
cost(6, 16, 75).
cost(6, 17, 28).
cost(6, 18, 80).
cost(7, 1, 70).
cost(7, 2, 7).
cost(7, 3, 57).
cost(7, 4, 49).
cost(7, 5, 72).
cost(7, 6, 59).
cost(7, 8, 62).
cost(7, 9, 69).
cost(7, 10, 89).
cost(7, 11, 64).
cost(7, 12, 50).
cost(7, 13, 85).
cost(7, 14, 88).
cost(7, 15, 19).
cost(7, 16, 72).
cost(7, 17, 74).
cost(7, 18, 33).
cost(8, 1, 8).
cost(8, 2, 55).
cost(8, 3, 81).
cost(8, 4, 72).
cost(8, 5, 14).
cost(8, 6, 17).
cost(8, 7, 62).
cost(8, 9, 25).
cost(8, 10, 84).
cost(8, 11, 14).
cost(8, 12, 14).
cost(8, 13, 62).
cost(8, 14, 37).
cost(8, 15, 71).
cost(8, 16, 61).
cost(8, 17, 14).
cost(8, 18, 75).
cost(9, 1, 25).
cost(9, 2, 63).
cost(9, 3, 68).
cost(9, 4, 60).
cost(9, 5, 36).
cost(9, 6, 42).
cost(9, 7, 69).
cost(9, 8, 25).
cost(9, 10, 61).
cost(9, 11, 11).
cost(9, 12, 34).
cost(9, 13, 38).
cost(9, 14, 19).
cost(9, 15, 71).
cost(9, 16, 39).
cost(9, 17, 20).
cost(9, 18, 71).
cost(10, 1, 86).
cost(10, 2, 88).
cost(10, 3, 41).
cost(10, 4, 44).
cost(10, 5, 96).
cost(10, 6, 98).
cost(10, 7, 89).
cost(10, 8, 84).
cost(10, 9, 61).
cost(10, 11, 71).
cost(10, 12, 87).
cost(10, 13, 27).
cost(10, 14, 66).
cost(10, 15, 76).
cost(10, 16, 23).
cost(10, 17, 81).
cost(10, 18, 65).
cost(11, 1, 15).
cost(11, 2, 58).
cost(11, 3, 73).
cost(11, 4, 64).
cost(11, 5, 25).
cost(11, 6, 30).
cost(11, 7, 64).
cost(11, 8, 14).
cost(11, 9, 11).
cost(11, 10, 71).
cost(11, 12, 24).
cost(11, 13, 49).
cost(11, 14, 26).
cost(11, 15, 69).
cost(11, 16, 48).
cost(11, 17, 12).
cost(11, 18, 71).
cost(12, 1, 22).
cost(12, 2, 43).
cost(12, 3, 78).
cost(12, 4, 68).
cost(12, 5, 22).
cost(12, 6, 12).
cost(12, 7, 50).
cost(12, 8, 14).
cost(12, 9, 34).
cost(12, 10, 87).
cost(12, 11, 24).
cost(12, 13, 69).
cost(12, 14, 49).
cost(12, 15, 61).
cost(12, 16, 64).
cost(12, 17, 27).
cost(12, 18, 68).
cost(13, 1, 62).
cost(13, 2, 82).
cost(13, 3, 54).
cost(13, 4, 52).
cost(13, 5, 73).
cost(13, 6, 78).
cost(13, 7, 85).
cost(13, 8, 62).
cost(13, 9, 38).
cost(13, 10, 27).
cost(13, 11, 49).
cost(13, 12, 69).
cost(13, 14, 39).
cost(13, 15, 78).
cost(13, 16, 16).
cost(13, 17, 57).
cost(13, 18, 71).
cost(14, 1, 32).
cost(14, 2, 82).
cost(14, 3, 82).
cost(14, 4, 76).
cost(14, 5, 42).
cost(14, 6, 53).
cost(14, 7, 88).
cost(14, 8, 37).
cost(14, 9, 19).
cost(14, 10, 66).
cost(14, 11, 26).
cost(14, 12, 49).
cost(14, 13, 39).
cost(14, 15, 89).
cost(14, 16, 47).
cost(14, 17, 25).
cost(14, 18, 88).
cost(15, 1, 78).
cost(15, 2, 24).
cost(15, 3, 40).
cost(15, 4, 33).
cost(15, 5, 83).
cost(15, 6, 72).
cost(15, 7, 19).
cost(15, 8, 71).
cost(15, 9, 71).
cost(15, 10, 76).
cost(15, 11, 69).
cost(15, 12, 61).
cost(15, 13, 78).
cost(15, 14, 89).
cost(15, 16, 63).
cost(15, 17, 80).
cost(15, 18, 14).
cost(16, 1, 63).
cost(16, 2, 70).
cost(16, 3, 39).
cost(16, 4, 36).
cost(16, 5, 73).
cost(16, 6, 75).
cost(16, 7, 72).
cost(16, 8, 61).
cost(16, 9, 39).
cost(16, 10, 23).
cost(16, 11, 48).
cost(16, 12, 64).
cost(16, 13, 16).
cost(16, 14, 47).
cost(16, 15, 63).
cost(16, 17, 59).
cost(16, 18, 55).
cost(17, 1, 7).
cost(17, 2, 67).
cost(17, 3, 85).
cost(17, 4, 77).
cost(17, 5, 17).
cost(17, 6, 28).
cost(17, 7, 74).
cost(17, 8, 14).
cost(17, 9, 20).
cost(17, 10, 81).
cost(17, 11, 12).
cost(17, 12, 27).
cost(17, 13, 57).
cost(17, 14, 25).
cost(17, 15, 80).
cost(17, 16, 59).
cost(17, 18, 83).
cost(18, 1, 83).
cost(18, 2, 37).
cost(18, 3, 27).
cost(18, 4, 21).
cost(18, 5, 88).
cost(18, 6, 80).
cost(18, 7, 33).
cost(18, 8, 75).
cost(18, 9, 71).
cost(18, 10, 65).
cost(18, 11, 71).
cost(18, 12, 68).
cost(18, 13, 71).
cost(18, 14, 88).
cost(18, 15, 14).
cost(18, 16, 55).
cost(18, 17, 83).
