dimension(18).
point(1, 36.5519578013, 28.4443078988).
point(2, 39.9072556564, 72.9396605327).
point(3, 71.2720267926, 96.6115009988).
point(4, 79.9112058971, 25.1118361298).
point(5, 15.5846099948, 59.8549086794).
point(6, 74.8196710717, 17.8839505722).
point(7, 96.6330870654, 62.268542746).
point(8, 61.4546253043, 30.4258684517).
point(9, 59.9271209681, 7.93633103).
point(10, 4.5687866832, 42.6543814846).
point(11, 24.2634176266, 81.7895365233).
point(12, 12.3533321306, 41.7053522053).
point(13, 78.9402755068, 72.2788446366).
point(14, 38.7733498969, 63.5882860913).
point(15, 83.5896276334, 74.3005045556).
point(16, 49.5623088556, 17.8736190995).
point(17, 75.2788379158, 84.9002777146).
point(18, 99.4408979939, 82.0220486107).
cost(1, 2, 45).
cost(1, 3, 76).
cost(1, 4, 43).
cost(1, 5, 38).
cost(1, 6, 40).
cost(1, 7, 69).
cost(1, 8, 25).
cost(1, 9, 31).
cost(1, 10, 35).
cost(1, 11, 55).
cost(1, 12, 28).
cost(1, 13, 61).
cost(1, 14, 35).
cost(1, 15, 66).
cost(1, 16, 17).
cost(1, 17, 68).
cost(1, 18, 83).
cost(2, 1, 45).
cost(2, 3, 39).
cost(2, 4, 62).
cost(2, 5, 28).
cost(2, 6, 65).
cost(2, 7, 58).
cost(2, 8, 48).
cost(2, 9, 68).
cost(2, 10, 47).
cost(2, 11, 18).
cost(2, 12, 42).
cost(2, 13, 39).
cost(2, 14, 9).
cost(2, 15, 44).
cost(2, 16, 56).
cost(2, 17, 37).
cost(2, 18, 60).
cost(3, 1, 76).
cost(3, 2, 39).
cost(3, 4, 72).
cost(3, 5, 67).
cost(3, 6, 79).
cost(3, 7, 43).
cost(3, 8, 67).
cost(3, 9, 89).
cost(3, 10, 86).
cost(3, 11, 49).
cost(3, 12, 81).
cost(3, 13, 26).
cost(3, 14, 46).
cost(3, 15, 25).
cost(3, 16, 82).
cost(3, 17, 12).
cost(3, 18, 32).
cost(4, 1, 43).
cost(4, 2, 62).
cost(4, 3, 72).
cost(4, 5, 73).
cost(4, 6, 9).
cost(4, 7, 41).
cost(4, 8, 19).
cost(4, 9, 26).
cost(4, 10, 77).
cost(4, 11, 79).
cost(4, 12, 70).
cost(4, 13, 47).
cost(4, 14, 56).
cost(4, 15, 49).
cost(4, 16, 31).
cost(4, 17, 60).
cost(4, 18, 60).
cost(5, 1, 38).
cost(5, 2, 28).
cost(5, 3, 67).
cost(5, 4, 73).
cost(5, 6, 73).
cost(5, 7, 81).
cost(5, 8, 54).
cost(5, 9, 68).
cost(5, 10, 20).
cost(5, 11, 24).
cost(5, 12, 18).
cost(5, 13, 65).
cost(5, 14, 23).
cost(5, 15, 70).
cost(5, 16, 54).
cost(5, 17, 65).
cost(5, 18, 87).
cost(6, 1, 40).
cost(6, 2, 65).
cost(6, 3, 79).
cost(6, 4, 9).
cost(6, 5, 73).
cost(6, 7, 49).
cost(6, 8, 18).
cost(6, 9, 18).
cost(6, 10, 74).
cost(6, 11, 81).
cost(6, 12, 67).
cost(6, 13, 55).
cost(6, 14, 58).
cost(6, 15, 57).
cost(6, 16, 25).
cost(6, 17, 67).
cost(6, 18, 69).
cost(7, 1, 69).
cost(7, 2, 58).
cost(7, 3, 43).
cost(7, 4, 41).
cost(7, 5, 81).
cost(7, 6, 49).
cost(7, 8, 47).
cost(7, 9, 66).
cost(7, 10, 94).
cost(7, 11, 75).
cost(7, 12, 87).
cost(7, 13, 20).
cost(7, 14, 58).
cost(7, 15, 18).
cost(7, 16, 65).
cost(7, 17, 31).
cost(7, 18, 20).
cost(8, 1, 25).
cost(8, 2, 48).
cost(8, 3, 67).
cost(8, 4, 19).
cost(8, 5, 54).
cost(8, 6, 18).
cost(8, 7, 47).
cost(8, 9, 23).
cost(8, 10, 58).
cost(8, 11, 63).
cost(8, 12, 50).
cost(8, 13, 45).
cost(8, 14, 40).
cost(8, 15, 49).
cost(8, 16, 17).
cost(8, 17, 56).
cost(8, 18, 64).
cost(9, 1, 31).
cost(9, 2, 68).
cost(9, 3, 89).
cost(9, 4, 26).
cost(9, 5, 68).
cost(9, 6, 18).
cost(9, 7, 66).
cost(9, 8, 23).
cost(9, 10, 65).
cost(9, 11, 82).
cost(9, 12, 58).
cost(9, 13, 67).
cost(9, 14, 60).
cost(9, 15, 70).
cost(9, 16, 14).
cost(9, 17, 78).
cost(9, 18, 84).
cost(10, 1, 35).
cost(10, 2, 47).
cost(10, 3, 86).
cost(10, 4, 77).
cost(10, 5, 20).
cost(10, 6, 74).
cost(10, 7, 94).
cost(10, 8, 58).
cost(10, 9, 65).
cost(10, 11, 44).
cost(10, 12, 8).
cost(10, 13, 80).
cost(10, 14, 40).
cost(10, 15, 85).
cost(10, 16, 51).
cost(10, 17, 82).
cost(10, 18, 103).
cost(11, 1, 55).
cost(11, 2, 18).
cost(11, 3, 49).
cost(11, 4, 79).
cost(11, 5, 24).
cost(11, 6, 81).
cost(11, 7, 75).
cost(11, 8, 63).
cost(11, 9, 82).
cost(11, 10, 44).
cost(11, 12, 42).
cost(11, 13, 55).
cost(11, 14, 23).
cost(11, 15, 60).
cost(11, 16, 69).
cost(11, 17, 51).
cost(11, 18, 75).
cost(12, 1, 28).
cost(12, 2, 42).
cost(12, 3, 81).
cost(12, 4, 70).
cost(12, 5, 18).
cost(12, 6, 67).
cost(12, 7, 87).
cost(12, 8, 50).
cost(12, 9, 58).
cost(12, 10, 8).
cost(12, 11, 42).
cost(12, 13, 73).
cost(12, 14, 34).
cost(12, 15, 78).
cost(12, 16, 44).
cost(12, 17, 76).
cost(12, 18, 96).
cost(13, 1, 61).
cost(13, 2, 39).
cost(13, 3, 26).
cost(13, 4, 47).
cost(13, 5, 65).
cost(13, 6, 55).
cost(13, 7, 20).
cost(13, 8, 45).
cost(13, 9, 67).
cost(13, 10, 80).
cost(13, 11, 55).
cost(13, 12, 73).
cost(13, 14, 41).
cost(13, 15, 5).
cost(13, 16, 62).
cost(13, 17, 13).
cost(13, 18, 23).
cost(14, 1, 35).
cost(14, 2, 9).
cost(14, 3, 46).
cost(14, 4, 56).
cost(14, 5, 23).
cost(14, 6, 58).
cost(14, 7, 58).
cost(14, 8, 40).
cost(14, 9, 60).
cost(14, 10, 40).
cost(14, 11, 23).
cost(14, 12, 34).
cost(14, 13, 41).
cost(14, 15, 46).
cost(14, 16, 47).
cost(14, 17, 42).
cost(14, 18, 63).
cost(15, 1, 66).
cost(15, 2, 44).
cost(15, 3, 25).
cost(15, 4, 49).
cost(15, 5, 70).
cost(15, 6, 57).
cost(15, 7, 18).
cost(15, 8, 49).
cost(15, 9, 70).
cost(15, 10, 85).
cost(15, 11, 60).
cost(15, 12, 78).
cost(15, 13, 5).
cost(15, 14, 46).
cost(15, 16, 66).
cost(15, 17, 13).
cost(15, 18, 18).
cost(16, 1, 17).
cost(16, 2, 56).
cost(16, 3, 82).
cost(16, 4, 31).
cost(16, 5, 54).
cost(16, 6, 25).
cost(16, 7, 65).
cost(16, 8, 17).
cost(16, 9, 14).
cost(16, 10, 51).
cost(16, 11, 69).
cost(16, 12, 44).
cost(16, 13, 62).
cost(16, 14, 47).
cost(16, 15, 66).
cost(16, 17, 72).
cost(16, 18, 81).
cost(17, 1, 68).
cost(17, 2, 37).
cost(17, 3, 12).
cost(17, 4, 60).
cost(17, 5, 65).
cost(17, 6, 67).
cost(17, 7, 31).
cost(17, 8, 56).
cost(17, 9, 78).
cost(17, 10, 82).
cost(17, 11, 51).
cost(17, 12, 76).
cost(17, 13, 13).
cost(17, 14, 42).
cost(17, 15, 13).
cost(17, 16, 72).
cost(17, 18, 24).
cost(18, 1, 83).
cost(18, 2, 60).
cost(18, 3, 32).
cost(18, 4, 60).
cost(18, 5, 87).
cost(18, 6, 69).
cost(18, 7, 20).
cost(18, 8, 64).
cost(18, 9, 84).
cost(18, 10, 103).
cost(18, 11, 75).
cost(18, 12, 96).
cost(18, 13, 23).
cost(18, 14, 63).
cost(18, 15, 18).
cost(18, 16, 81).
cost(18, 17, 24).
