dimension(18).
point(1, 20.3004108793, 58.691036359).
point(2, 63.3478286823, 81.3511143242).
point(3, 70.5433490779, 87.605090045).
point(4, 30.5107768242, 69.9277258008).
point(5, 12.5513646556, 40.20755077).
point(6, 70.7638611779, 20.2156436281).
point(7, 59.1657803972, 15.6810676496).
point(8, 85.3826629301, 37.0143351464).
point(9, 95.5559488773, 43.2423922559).
point(10, 13.5421783689, 79.8386601099).
point(11, 35.115265646, 35.7099359354).
point(12, 44.9060135796, 87.7008353041).
point(13, 33.6037823799, 48.5907682689).
point(14, 60.3082124881, 7.7668885541).
point(15, 31.533004706, 41.8767510496).
point(16, 28.474217363, 29.5451601348).
point(17, 40.1933437007, 26.0417621952).
point(18, 92.5482323402, 43.6320952002).
cost(1, 2, 49).
cost(1, 3, 58).
cost(1, 4, 15).
cost(1, 5, 20).
cost(1, 6, 63).
cost(1, 7, 58).
cost(1, 8, 69).
cost(1, 9, 77).
cost(1, 10, 22).
cost(1, 11, 27).
cost(1, 12, 38).
cost(1, 13, 17).
cost(1, 14, 65).
cost(1, 15, 20).
cost(1, 16, 30).
cost(1, 17, 38).
cost(1, 18, 74).
cost(2, 1, 49).
cost(2, 3, 10).
cost(2, 4, 35).
cost(2, 5, 65).
cost(2, 6, 62).
cost(2, 7, 66).
cost(2, 8, 50).
cost(2, 9, 50).
cost(2, 10, 50).
cost(2, 11, 54).
cost(2, 12, 20).
cost(2, 13, 44).
cost(2, 14, 74).
cost(2, 15, 51).
cost(2, 16, 62).
cost(2, 17, 60).
cost(2, 18, 48).
cost(3, 1, 58).
cost(3, 2, 10).
cost(3, 4, 44).
cost(3, 5, 75).
cost(3, 6, 67).
cost(3, 7, 73).
cost(3, 8, 53).
cost(3, 9, 51).
cost(3, 10, 58).
cost(3, 11, 63).
cost(3, 12, 26).
cost(3, 13, 54).
cost(3, 14, 80).
cost(3, 15, 60).
cost(3, 16, 72).
cost(3, 17, 69).
cost(3, 18, 49).
cost(4, 1, 15).
cost(4, 2, 35).
cost(4, 3, 44).
cost(4, 5, 35).
cost(4, 6, 64).
cost(4, 7, 61).
cost(4, 8, 64).
cost(4, 9, 70).
cost(4, 10, 20).
cost(4, 11, 35).
cost(4, 12, 23).
cost(4, 13, 22).
cost(4, 14, 69).
cost(4, 15, 28).
cost(4, 16, 40).
cost(4, 17, 45).
cost(4, 18, 67).
cost(5, 1, 20).
cost(5, 2, 65).
cost(5, 3, 75).
cost(5, 4, 35).
cost(5, 6, 62).
cost(5, 7, 53).
cost(5, 8, 73).
cost(5, 9, 83).
cost(5, 10, 40).
cost(5, 11, 23).
cost(5, 12, 57).
cost(5, 13, 23).
cost(5, 14, 58).
cost(5, 15, 19).
cost(5, 16, 19).
cost(5, 17, 31).
cost(5, 18, 80).
cost(6, 1, 63).
cost(6, 2, 62).
cost(6, 3, 67).
cost(6, 4, 64).
cost(6, 5, 62).
cost(6, 7, 12).
cost(6, 8, 22).
cost(6, 9, 34).
cost(6, 10, 83).
cost(6, 11, 39).
cost(6, 12, 72).
cost(6, 13, 47).
cost(6, 14, 16).
cost(6, 15, 45).
cost(6, 16, 43).
cost(6, 17, 31).
cost(6, 18, 32).
cost(7, 1, 58).
cost(7, 2, 66).
cost(7, 3, 73).
cost(7, 4, 61).
cost(7, 5, 53).
cost(7, 6, 12).
cost(7, 8, 34).
cost(7, 9, 46).
cost(7, 10, 79).
cost(7, 11, 31).
cost(7, 12, 73).
cost(7, 13, 42).
cost(7, 14, 8).
cost(7, 15, 38).
cost(7, 16, 34).
cost(7, 17, 22).
cost(7, 18, 44).
cost(8, 1, 69).
cost(8, 2, 50).
cost(8, 3, 53).
cost(8, 4, 64).
cost(8, 5, 73).
cost(8, 6, 22).
cost(8, 7, 34).
cost(8, 9, 12).
cost(8, 10, 84).
cost(8, 11, 50).
cost(8, 12, 65).
cost(8, 13, 53).
cost(8, 14, 39).
cost(8, 15, 54).
cost(8, 16, 57).
cost(8, 17, 47).
cost(8, 18, 10).
cost(9, 1, 77).
cost(9, 2, 50).
cost(9, 3, 51).
cost(9, 4, 70).
cost(9, 5, 83).
cost(9, 6, 34).
cost(9, 7, 46).
cost(9, 8, 12).
cost(9, 10, 90).
cost(9, 11, 61).
cost(9, 12, 67).
cost(9, 13, 62).
cost(9, 14, 50).
cost(9, 15, 64).
cost(9, 16, 68).
cost(9, 17, 58).
cost(9, 18, 3).
cost(10, 1, 22).
cost(10, 2, 50).
cost(10, 3, 58).
cost(10, 4, 20).
cost(10, 5, 40).
cost(10, 6, 83).
cost(10, 7, 79).
cost(10, 8, 84).
cost(10, 9, 90).
cost(10, 11, 49).
cost(10, 12, 32).
cost(10, 13, 37).
cost(10, 14, 86).
cost(10, 15, 42).
cost(10, 16, 52).
cost(10, 17, 60).
cost(10, 18, 87).
cost(11, 1, 27).
cost(11, 2, 54).
cost(11, 3, 63).
cost(11, 4, 35).
cost(11, 5, 23).
cost(11, 6, 39).
cost(11, 7, 31).
cost(11, 8, 50).
cost(11, 9, 61).
cost(11, 10, 49).
cost(11, 12, 53).
cost(11, 13, 13).
cost(11, 14, 38).
cost(11, 15, 7).
cost(11, 16, 9).
cost(11, 17, 11).
cost(11, 18, 58).
cost(12, 1, 38).
cost(12, 2, 20).
cost(12, 3, 26).
cost(12, 4, 23).
cost(12, 5, 57).
cost(12, 6, 72).
cost(12, 7, 73).
cost(12, 8, 65).
cost(12, 9, 67).
cost(12, 10, 32).
cost(12, 11, 53).
cost(12, 13, 41).
cost(12, 14, 81).
cost(12, 15, 48).
cost(12, 16, 60).
cost(12, 17, 62).
cost(12, 18, 65).
cost(13, 1, 17).
cost(13, 2, 44).
cost(13, 3, 54).
cost(13, 4, 22).
cost(13, 5, 23).
cost(13, 6, 47).
cost(13, 7, 42).
cost(13, 8, 53).
cost(13, 9, 62).
cost(13, 10, 37).
cost(13, 11, 13).
cost(13, 12, 41).
cost(13, 14, 49).
cost(13, 15, 7).
cost(13, 16, 20).
cost(13, 17, 23).
cost(13, 18, 59).
cost(14, 1, 65).
cost(14, 2, 74).
cost(14, 3, 80).
cost(14, 4, 69).
cost(14, 5, 58).
cost(14, 6, 16).
cost(14, 7, 8).
cost(14, 8, 39).
cost(14, 9, 50).
cost(14, 10, 86).
cost(14, 11, 38).
cost(14, 12, 81).
cost(14, 13, 49).
cost(14, 15, 45).
cost(14, 16, 39).
cost(14, 17, 27).
cost(14, 18, 48).
cost(15, 1, 20).
cost(15, 2, 51).
cost(15, 3, 60).
cost(15, 4, 28).
cost(15, 5, 19).
cost(15, 6, 45).
cost(15, 7, 38).
cost(15, 8, 54).
cost(15, 9, 64).
cost(15, 10, 42).
cost(15, 11, 7).
cost(15, 12, 48).
cost(15, 13, 7).
cost(15, 14, 45).
cost(15, 16, 13).
cost(15, 17, 18).
cost(15, 18, 61).
cost(16, 1, 30).
cost(16, 2, 62).
cost(16, 3, 72).
cost(16, 4, 40).
cost(16, 5, 19).
cost(16, 6, 43).
cost(16, 7, 34).
cost(16, 8, 57).
cost(16, 9, 68).
cost(16, 10, 52).
cost(16, 11, 9).
cost(16, 12, 60).
cost(16, 13, 20).
cost(16, 14, 39).
cost(16, 15, 13).
cost(16, 17, 12).
cost(16, 18, 66).
cost(17, 1, 38).
cost(17, 2, 60).
cost(17, 3, 69).
cost(17, 4, 45).
cost(17, 5, 31).
cost(17, 6, 31).
cost(17, 7, 22).
cost(17, 8, 47).
cost(17, 9, 58).
cost(17, 10, 60).
cost(17, 11, 11).
cost(17, 12, 62).
cost(17, 13, 23).
cost(17, 14, 27).
cost(17, 15, 18).
cost(17, 16, 12).
cost(17, 18, 55).
cost(18, 1, 74).
cost(18, 2, 48).
cost(18, 3, 49).
cost(18, 4, 67).
cost(18, 5, 80).
cost(18, 6, 32).
cost(18, 7, 44).
cost(18, 8, 10).
cost(18, 9, 3).
cost(18, 10, 87).
cost(18, 11, 58).
cost(18, 12, 65).
cost(18, 13, 59).
cost(18, 14, 48).
cost(18, 15, 61).
cost(18, 16, 66).
cost(18, 17, 55).
