dimension(18).
point(1, 56.6857354189, 60.1643263003).
point(2, 40.8916269784, 9.2823177694).
point(3, 39.2682413511, 90.8010447572).
point(4, 18.6482188084, 72.5134269215).
point(5, 89.2900878079, 39.9907733879).
point(6, 34.7027848587, 46.7007795575).
point(7, 10.9371467847, 38.4620923047).
point(8, 86.502074887, 40.9142828905).
point(9, 67.4026180996, 74.0753922509).
point(10, 16.1029046646, 95.2359333504).
point(11, 31.6298253489, 78.6897376285).
point(12, 56.2339785787, 45.2747734059).
point(13, 35.6927597897, 4.3656326648).
point(14, 52.5459618162, 70.275931997).
point(15, 46.4193995721, 63.8337624337).
point(16, 16.3435097748, 80.0318857177).
point(17, 91.5175122874, 45.5460092741).
point(18, 69.796483728, 32.1211603851).
cost(1, 2, 53).
cost(1, 3, 35).
cost(1, 4, 40).
cost(1, 5, 38).
cost(1, 6, 26).
cost(1, 7, 51).
cost(1, 8, 35).
cost(1, 9, 18).
cost(1, 10, 54).
cost(1, 11, 31).
cost(1, 12, 15).
cost(1, 13, 60).
cost(1, 14, 11).
cost(1, 15, 11).
cost(1, 16, 45).
cost(1, 17, 38).
cost(1, 18, 31).
cost(2, 1, 53).
cost(2, 3, 82).
cost(2, 4, 67).
cost(2, 5, 57).
cost(2, 6, 38).
cost(2, 7, 42).
cost(2, 8, 56).
cost(2, 9, 70).
cost(2, 10, 89).
cost(2, 11, 70).
cost(2, 12, 39).
cost(2, 13, 7).
cost(2, 14, 62).
cost(2, 15, 55).
cost(2, 16, 75).
cost(2, 17, 62).
cost(2, 18, 37).
cost(3, 1, 35).
cost(3, 2, 82).
cost(3, 4, 28).
cost(3, 5, 71).
cost(3, 6, 44).
cost(3, 7, 60).
cost(3, 8, 69).
cost(3, 9, 33).
cost(3, 10, 24).
cost(3, 11, 14).
cost(3, 12, 49).
cost(3, 13, 87).
cost(3, 14, 24).
cost(3, 15, 28).
cost(3, 16, 25).
cost(3, 17, 69).
cost(3, 18, 66).
cost(4, 1, 40).
cost(4, 2, 67).
cost(4, 3, 28).
cost(4, 5, 78).
cost(4, 6, 30).
cost(4, 7, 35).
cost(4, 8, 75).
cost(4, 9, 49).
cost(4, 10, 23).
cost(4, 11, 14).
cost(4, 12, 46).
cost(4, 13, 70).
cost(4, 14, 34).
cost(4, 15, 29).
cost(4, 16, 8).
cost(4, 17, 78).
cost(4, 18, 65).
cost(5, 1, 38).
cost(5, 2, 57).
cost(5, 3, 71).
cost(5, 4, 78).
cost(5, 6, 55).
cost(5, 7, 78).
cost(5, 8, 3).
cost(5, 9, 41).
cost(5, 10, 92).
cost(5, 11, 69).
cost(5, 12, 33).
cost(5, 13, 64).
cost(5, 14, 48).
cost(5, 15, 49).
cost(5, 16, 83).
cost(5, 17, 6).
cost(5, 18, 21).
cost(6, 1, 26).
cost(6, 2, 38).
cost(6, 3, 44).
cost(6, 4, 30).
cost(6, 5, 55).
cost(6, 7, 25).
cost(6, 8, 52).
cost(6, 9, 43).
cost(6, 10, 52).
cost(6, 11, 32).
cost(6, 12, 22).
cost(6, 13, 42).
cost(6, 14, 30).
cost(6, 15, 21).
cost(6, 16, 38).
cost(6, 17, 57).
cost(6, 18, 38).
cost(7, 1, 51).
cost(7, 2, 42).
cost(7, 3, 60).
cost(7, 4, 35).
cost(7, 5, 78).
cost(7, 6, 25).
cost(7, 8, 76).
cost(7, 9, 67).
cost(7, 10, 57).
cost(7, 11, 45).
cost(7, 12, 46).
cost(7, 13, 42).
cost(7, 14, 52).
cost(7, 15, 44).
cost(7, 16, 42).
cost(7, 17, 81).
cost(7, 18, 59).
cost(8, 1, 35).
cost(8, 2, 56).
cost(8, 3, 69).
cost(8, 4, 75).
cost(8, 5, 3).
cost(8, 6, 52).
cost(8, 7, 76).
cost(8, 9, 38).
cost(8, 10, 89).
cost(8, 11, 67).
cost(8, 12, 31).
cost(8, 13, 63).
cost(8, 14, 45).
cost(8, 15, 46).
cost(8, 16, 80).
cost(8, 17, 7).
cost(8, 18, 19).
cost(9, 1, 18).
cost(9, 2, 70).
cost(9, 3, 33).
cost(9, 4, 49).
cost(9, 5, 41).
cost(9, 6, 43).
cost(9, 7, 67).
cost(9, 8, 38).
cost(9, 10, 55).
cost(9, 11, 36).
cost(9, 12, 31).
cost(9, 13, 77).
cost(9, 14, 15).
cost(9, 15, 23).
cost(9, 16, 51).
cost(9, 17, 37).
cost(9, 18, 42).
cost(10, 1, 54).
cost(10, 2, 89).
cost(10, 3, 24).
cost(10, 4, 23).
cost(10, 5, 92).
cost(10, 6, 52).
cost(10, 7, 57).
cost(10, 8, 89).
cost(10, 9, 55).
cost(10, 11, 23).
cost(10, 12, 64).
cost(10, 13, 93).
cost(10, 14, 44).
cost(10, 15, 44).
cost(10, 16, 15).
cost(10, 17, 90).
cost(10, 18, 83).
cost(11, 1, 31).
cost(11, 2, 70).
cost(11, 3, 14).
cost(11, 4, 14).
cost(11, 5, 69).
cost(11, 6, 32).
cost(11, 7, 45).
cost(11, 8, 67).
cost(11, 9, 36).
cost(11, 10, 23).
cost(11, 12, 41).
cost(11, 13, 74).
cost(11, 14, 23).
cost(11, 15, 21).
cost(11, 16, 15).
cost(11, 17, 68).
cost(11, 18, 60).
cost(12, 1, 15).
cost(12, 2, 39).
cost(12, 3, 49).
cost(12, 4, 46).
cost(12, 5, 33).
cost(12, 6, 22).
cost(12, 7, 46).
cost(12, 8, 31).
cost(12, 9, 31).
cost(12, 10, 64).
cost(12, 11, 41).
cost(12, 13, 46).
cost(12, 14, 25).
cost(12, 15, 21).
cost(12, 16, 53).
cost(12, 17, 35).
cost(12, 18, 19).
cost(13, 1, 60).
cost(13, 2, 7).
cost(13, 3, 87).
cost(13, 4, 70).
cost(13, 5, 64).
cost(13, 6, 42).
cost(13, 7, 42).
cost(13, 8, 63).
cost(13, 9, 77).
cost(13, 10, 93).
cost(13, 11, 74).
cost(13, 12, 46).
cost(13, 14, 68).
cost(13, 15, 60).
cost(13, 16, 78).
cost(13, 17, 69).
cost(13, 18, 44).
cost(14, 1, 11).
cost(14, 2, 62).
cost(14, 3, 24).
cost(14, 4, 34).
cost(14, 5, 48).
cost(14, 6, 30).
cost(14, 7, 52).
cost(14, 8, 45).
cost(14, 9, 15).
cost(14, 10, 44).
cost(14, 11, 23).
cost(14, 12, 25).
cost(14, 13, 68).
cost(14, 15, 9).
cost(14, 16, 37).
cost(14, 17, 46).
cost(14, 18, 42).
cost(15, 1, 11).
cost(15, 2, 55).
cost(15, 3, 28).
cost(15, 4, 29).
cost(15, 5, 49).
cost(15, 6, 21).
cost(15, 7, 44).
cost(15, 8, 46).
cost(15, 9, 23).
cost(15, 10, 44).
cost(15, 11, 21).
cost(15, 12, 21).
cost(15, 13, 60).
cost(15, 14, 9).
cost(15, 16, 34).
cost(15, 17, 49).
cost(15, 18, 39).
cost(16, 1, 45).
cost(16, 2, 75).
cost(16, 3, 25).
cost(16, 4, 8).
cost(16, 5, 83).
cost(16, 6, 38).
cost(16, 7, 42).
cost(16, 8, 80).
cost(16, 9, 51).
cost(16, 10, 15).
cost(16, 11, 15).
cost(16, 12, 53).
cost(16, 13, 78).
cost(16, 14, 37).
cost(16, 15, 34).
cost(16, 17, 83).
cost(16, 18, 72).
cost(17, 1, 38).
cost(17, 2, 62).
cost(17, 3, 69).
cost(17, 4, 78).
cost(17, 5, 6).
cost(17, 6, 57).
cost(17, 7, 81).
cost(17, 8, 7).
cost(17, 9, 37).
cost(17, 10, 90).
cost(17, 11, 68).
cost(17, 12, 35).
cost(17, 13, 69).
cost(17, 14, 46).
cost(17, 15, 49).
cost(17, 16, 83).
cost(17, 18, 26).
cost(18, 1, 31).
cost(18, 2, 37).
cost(18, 3, 66).
cost(18, 4, 65).
cost(18, 5, 21).
cost(18, 6, 38).
cost(18, 7, 59).
cost(18, 8, 19).
cost(18, 9, 42).
cost(18, 10, 83).
cost(18, 11, 60).
cost(18, 12, 19).
cost(18, 13, 44).
cost(18, 14, 42).
cost(18, 15, 39).
cost(18, 16, 72).
cost(18, 17, 26).
