dimension(18).
point(1, 12.718478417, 78.4543316005).
point(2, 35.87340329, 64.4463964425).
point(3, 83.7668208369, 18.5280758665).
point(4, 47.9237992538, 32.8654939443).
point(5, 97.9243318132, 62.9301378328).
point(6, 33.3814810257, 71.0094879888).
point(7, 92.6064501877, 71.893717347).
point(8, 26.2654674347, 65.198427761).
point(9, 39.9033232822, 37.6478923183).
point(10, 24.6919658737, 59.7494154063).
point(11, 84.504618879, 65.8960541827).
point(12, 23.1102943039, 19.200547623).
point(13, 47.1184724878, 84.677682414).
point(14, 81.4096966914, 10.7611608869).
point(15, 69.0348014193, 98.1908433788).
point(16, 64.9648398172, 74.9253156022).
point(17, 18.5961781697, 85.949235919).
point(18, 64.1452473598, 13.006101783).
cost(1, 2, 27).
cost(1, 3, 93).
cost(1, 4, 58).
cost(1, 5, 87).
cost(1, 6, 22).
cost(1, 7, 80).
cost(1, 8, 19).
cost(1, 9, 49).
cost(1, 10, 22).
cost(1, 11, 73).
cost(1, 12, 60).
cost(1, 13, 35).
cost(1, 14, 96).
cost(1, 15, 60).
cost(1, 16, 52).
cost(1, 17, 10).
cost(1, 18, 83).
cost(2, 1, 27).
cost(2, 3, 66).
cost(2, 4, 34).
cost(2, 5, 62).
cost(2, 6, 7).
cost(2, 7, 57).
cost(2, 8, 10).
cost(2, 9, 27).
cost(2, 10, 12).
cost(2, 11, 49).
cost(2, 12, 47).
cost(2, 13, 23).
cost(2, 14, 70).
cost(2, 15, 47).
cost(2, 16, 31).
cost(2, 17, 28).
cost(2, 18, 59).
cost(3, 1, 93).
cost(3, 2, 66).
cost(3, 4, 39).
cost(3, 5, 47).
cost(3, 6, 73).
cost(3, 7, 54).
cost(3, 8, 74).
cost(3, 9, 48).
cost(3, 10, 72).
cost(3, 11, 47).
cost(3, 12, 61).
cost(3, 13, 76).
cost(3, 14, 8).
cost(3, 15, 81).
cost(3, 16, 59).
cost(3, 17, 94).
cost(3, 18, 20).
cost(4, 1, 58).
cost(4, 2, 34).
cost(4, 3, 39).
cost(4, 5, 58).
cost(4, 6, 41).
cost(4, 7, 59).
cost(4, 8, 39).
cost(4, 9, 9).
cost(4, 10, 36).
cost(4, 11, 49).
cost(4, 12, 28).
cost(4, 13, 52).
cost(4, 14, 40).
cost(4, 15, 69).
cost(4, 16, 45).
cost(4, 17, 61).
cost(4, 18, 26).
cost(5, 1, 87).
cost(5, 2, 62).
cost(5, 3, 47).
cost(5, 4, 58).
cost(5, 6, 65).
cost(5, 7, 10).
cost(5, 8, 72).
cost(5, 9, 63).
cost(5, 10, 73).
cost(5, 11, 14).
cost(5, 12, 87).
cost(5, 13, 55).
cost(5, 14, 55).
cost(5, 15, 46).
cost(5, 16, 35).
cost(5, 17, 83).
cost(5, 18, 60).
cost(6, 1, 22).
cost(6, 2, 7).
cost(6, 3, 73).
cost(6, 4, 41).
cost(6, 5, 65).
cost(6, 7, 59).
cost(6, 8, 9).
cost(6, 9, 34).
cost(6, 10, 14).
cost(6, 11, 51).
cost(6, 12, 53).
cost(6, 13, 19).
cost(6, 14, 77).
cost(6, 15, 45).
cost(6, 16, 32).
cost(6, 17, 21).
cost(6, 18, 66).
cost(7, 1, 80).
cost(7, 2, 57).
cost(7, 3, 54).
cost(7, 4, 59).
cost(7, 5, 10).
cost(7, 6, 59).
cost(7, 8, 67).
cost(7, 9, 63).
cost(7, 10, 69).
cost(7, 11, 10).
cost(7, 12, 87).
cost(7, 13, 47).
cost(7, 14, 62).
cost(7, 15, 35).
cost(7, 16, 28).
cost(7, 17, 75).
cost(7, 18, 65).
cost(8, 1, 19).
cost(8, 2, 10).
cost(8, 3, 74).
cost(8, 4, 39).
cost(8, 5, 72).
cost(8, 6, 9).
cost(8, 7, 67).
cost(8, 9, 31).
cost(8, 10, 6).
cost(8, 11, 58).
cost(8, 12, 46).
cost(8, 13, 29).
cost(8, 14, 77).
cost(8, 15, 54).
cost(8, 16, 40).
cost(8, 17, 22).
cost(8, 18, 64).
cost(9, 1, 49).
cost(9, 2, 27).
cost(9, 3, 48).
cost(9, 4, 9).
cost(9, 5, 63).
cost(9, 6, 34).
cost(9, 7, 63).
cost(9, 8, 31).
cost(9, 10, 27).
cost(9, 11, 53).
cost(9, 12, 25).
cost(9, 13, 48).
cost(9, 14, 49).
cost(9, 15, 67).
cost(9, 16, 45).
cost(9, 17, 53).
cost(9, 18, 35).
cost(10, 1, 22).
cost(10, 2, 12).
cost(10, 3, 72).
cost(10, 4, 36).
cost(10, 5, 73).
cost(10, 6, 14).
cost(10, 7, 69).
cost(10, 8, 6).
cost(10, 9, 27).
cost(10, 11, 60).
cost(10, 12, 41).
cost(10, 13, 34).
cost(10, 14, 75).
cost(10, 15, 59).
cost(10, 16, 43).
cost(10, 17, 27).
cost(10, 18, 61).
cost(11, 1, 73).
cost(11, 2, 49).
cost(11, 3, 47).
cost(11, 4, 49).
cost(11, 5, 14).
cost(11, 6, 51).
cost(11, 7, 10).
cost(11, 8, 58).
cost(11, 9, 53).
cost(11, 10, 60).
cost(11, 12, 77).
cost(11, 13, 42).
cost(11, 14, 55).
cost(11, 15, 36).
cost(11, 16, 22).
cost(11, 17, 69).
cost(11, 18, 57).
cost(12, 1, 60).
cost(12, 2, 47).
cost(12, 3, 61).
cost(12, 4, 28).
cost(12, 5, 87).
cost(12, 6, 53).
cost(12, 7, 87).
cost(12, 8, 46).
cost(12, 9, 25).
cost(12, 10, 41).
cost(12, 11, 77).
cost(12, 13, 70).
cost(12, 14, 59).
cost(12, 15, 91).
cost(12, 16, 70).
cost(12, 17, 67).
cost(12, 18, 41).
cost(13, 1, 35).
cost(13, 2, 23).
cost(13, 3, 76).
cost(13, 4, 52).
cost(13, 5, 55).
cost(13, 6, 19).
cost(13, 7, 47).
cost(13, 8, 29).
cost(13, 9, 48).
cost(13, 10, 34).
cost(13, 11, 42).
cost(13, 12, 70).
cost(13, 14, 81).
cost(13, 15, 26).
cost(13, 16, 20).
cost(13, 17, 29).
cost(13, 18, 74).
cost(14, 1, 96).
cost(14, 2, 70).
cost(14, 3, 8).
cost(14, 4, 40).
cost(14, 5, 55).
cost(14, 6, 77).
cost(14, 7, 62).
cost(14, 8, 77).
cost(14, 9, 49).
cost(14, 10, 75).
cost(14, 11, 55).
cost(14, 12, 59).
cost(14, 13, 81).
cost(14, 15, 88).
cost(14, 16, 66).
cost(14, 17, 98).
cost(14, 18, 17).
cost(15, 1, 60).
cost(15, 2, 47).
cost(15, 3, 81).
cost(15, 4, 69).
cost(15, 5, 46).
cost(15, 6, 45).
cost(15, 7, 35).
cost(15, 8, 54).
cost(15, 9, 67).
cost(15, 10, 59).
cost(15, 11, 36).
cost(15, 12, 91).
cost(15, 13, 26).
cost(15, 14, 88).
cost(15, 16, 24).
cost(15, 17, 52).
cost(15, 18, 85).
cost(16, 1, 52).
cost(16, 2, 31).
cost(16, 3, 59).
cost(16, 4, 45).
cost(16, 5, 35).
cost(16, 6, 32).
cost(16, 7, 28).
cost(16, 8, 40).
cost(16, 9, 45).
cost(16, 10, 43).
cost(16, 11, 22).
cost(16, 12, 70).
cost(16, 13, 20).
cost(16, 14, 66).
cost(16, 15, 24).
cost(16, 17, 48).
cost(16, 18, 62).
cost(17, 1, 10).
cost(17, 2, 28).
cost(17, 3, 94).
cost(17, 4, 61).
cost(17, 5, 83).
cost(17, 6, 21).
cost(17, 7, 75).
cost(17, 8, 22).
cost(17, 9, 53).
cost(17, 10, 27).
cost(17, 11, 69).
cost(17, 12, 67).
cost(17, 13, 29).
cost(17, 14, 98).
cost(17, 15, 52).
cost(17, 16, 48).
cost(17, 18, 86).
cost(18, 1, 83).
cost(18, 2, 59).
cost(18, 3, 20).
cost(18, 4, 26).
cost(18, 5, 60).
cost(18, 6, 66).
cost(18, 7, 65).
cost(18, 8, 64).
cost(18, 9, 35).
cost(18, 10, 61).
cost(18, 11, 57).
cost(18, 12, 41).
cost(18, 13, 74).
cost(18, 14, 17).
cost(18, 15, 85).
cost(18, 16, 62).
cost(18, 17, 86).
