dimension(18).
point(1, 29.1820965803, 44.4940458332).
point(2, 53.4206435504, 21.9289657811).
point(3, 59.589482502, 63.8025283679).
point(4, 15.2341989951, 29.2917951089).
point(5, 79.8849498725, 74.9219679122).
point(6, 86.2267976695, 24.6728765642).
point(7, 11.3535373806, 25.5527864036).
point(8, 80.6336605072, 44.8265189959).
point(9, 25.7615846761, 11.1843068232).
point(10, 47.7416274836, 39.1829131725).
point(11, 45.3860805165, 96.9756021877).
point(12, 15.2899589471, 11.8405239213).
point(13, 43.7996171838, 3.9350565071).
point(14, 15.012285834, 16.6082845275).
point(15, 34.7882279062, 86.4013399514).
point(16, 74.1720339275, 78.2319890924).
point(17, 88.5322006526, 42.8131168511).
point(18, 22.7026768601, 72.8342623039).
cost(1, 2, 33).
cost(1, 3, 36).
cost(1, 4, 21).
cost(1, 5, 59).
cost(1, 6, 60).
cost(1, 7, 26).
cost(1, 8, 51).
cost(1, 9, 33).
cost(1, 10, 19).
cost(1, 11, 55).
cost(1, 12, 35).
cost(1, 13, 43).
cost(1, 14, 31).
cost(1, 15, 42).
cost(1, 16, 56).
cost(1, 17, 59).
cost(1, 18, 29).
cost(2, 1, 33).
cost(2, 3, 42).
cost(2, 4, 39).
cost(2, 5, 59).
cost(2, 6, 33).
cost(2, 7, 42).
cost(2, 8, 36).
cost(2, 9, 30).
cost(2, 10, 18).
cost(2, 11, 75).
cost(2, 12, 39).
cost(2, 13, 20).
cost(2, 14, 39).
cost(2, 15, 67).
cost(2, 16, 60).
cost(2, 17, 41).
cost(2, 18, 59).
cost(3, 1, 36).
cost(3, 2, 42).
cost(3, 4, 56).
cost(3, 5, 23).
cost(3, 6, 47).
cost(3, 7, 62).
cost(3, 8, 28).
cost(3, 9, 63).
cost(3, 10, 27).
cost(3, 11, 36).
cost(3, 12, 68).
cost(3, 13, 62).
cost(3, 14, 65).
cost(3, 15, 34).
cost(3, 16, 21).
cost(3, 17, 36).
cost(3, 18, 38).
cost(4, 1, 21).
cost(4, 2, 39).
cost(4, 3, 56).
cost(4, 5, 79).
cost(4, 6, 71).
cost(4, 7, 5).
cost(4, 8, 67).
cost(4, 9, 21).
cost(4, 10, 34).
cost(4, 11, 74).
cost(4, 12, 17).
cost(4, 13, 38).
cost(4, 14, 13).
cost(4, 15, 60).
cost(4, 16, 77).
cost(4, 17, 75).
cost(4, 18, 44).
cost(5, 1, 59).
cost(5, 2, 59).
cost(5, 3, 23).
cost(5, 4, 79).
cost(5, 6, 51).
cost(5, 7, 84).
cost(5, 8, 30).
cost(5, 9, 84).
cost(5, 10, 48).
cost(5, 11, 41).
cost(5, 12, 90).
cost(5, 13, 80).
cost(5, 14, 87).
cost(5, 15, 47).
cost(5, 16, 7).
cost(5, 17, 33).
cost(5, 18, 57).
cost(6, 1, 60).
cost(6, 2, 33).
cost(6, 3, 47).
cost(6, 4, 71).
cost(6, 5, 51).
cost(6, 7, 75).
cost(6, 8, 21).
cost(6, 9, 62).
cost(6, 10, 41).
cost(6, 11, 83).
cost(6, 12, 72).
cost(6, 13, 47).
cost(6, 14, 72).
cost(6, 15, 80).
cost(6, 16, 55).
cost(6, 17, 18).
cost(6, 18, 80).
cost(7, 1, 26).
cost(7, 2, 42).
cost(7, 3, 62).
cost(7, 4, 5).
cost(7, 5, 84).
cost(7, 6, 75).
cost(7, 8, 72).
cost(7, 9, 20).
cost(7, 10, 39).
cost(7, 11, 79).
cost(7, 12, 14).
cost(7, 13, 39).
cost(7, 14, 10).
cost(7, 15, 65).
cost(7, 16, 82).
cost(7, 17, 79).
cost(7, 18, 49).
cost(8, 1, 51).
cost(8, 2, 36).
cost(8, 3, 28).
cost(8, 4, 67).
cost(8, 5, 30).
cost(8, 6, 21).
cost(8, 7, 72).
cost(8, 9, 64).
cost(8, 10, 33).
cost(8, 11, 63).
cost(8, 12, 73).
cost(8, 13, 55).
cost(8, 14, 71).
cost(8, 15, 62).
cost(8, 16, 34).
cost(8, 17, 8).
cost(8, 18, 64).
cost(9, 1, 33).
cost(9, 2, 30).
cost(9, 3, 63).
cost(9, 4, 21).
cost(9, 5, 84).
cost(9, 6, 62).
cost(9, 7, 20).
cost(9, 8, 64).
cost(9, 10, 36).
cost(9, 11, 88).
cost(9, 12, 10).
cost(9, 13, 19).
cost(9, 14, 12).
cost(9, 15, 76).
cost(9, 16, 83).
cost(9, 17, 70).
cost(9, 18, 62).
cost(10, 1, 19).
cost(10, 2, 18).
cost(10, 3, 27).
cost(10, 4, 34).
cost(10, 5, 48).
cost(10, 6, 41).
cost(10, 7, 39).
cost(10, 8, 33).
cost(10, 9, 36).
cost(10, 11, 58).
cost(10, 12, 42).
cost(10, 13, 35).
cost(10, 14, 40).
cost(10, 15, 49).
cost(10, 16, 47).
cost(10, 17, 41).
cost(10, 18, 42).
cost(11, 1, 55).
cost(11, 2, 75).
cost(11, 3, 36).
cost(11, 4, 74).
cost(11, 5, 41).
cost(11, 6, 83).
cost(11, 7, 79).
cost(11, 8, 63).
cost(11, 9, 88).
cost(11, 10, 58).
cost(11, 12, 90).
cost(11, 13, 93).
cost(11, 14, 86).
cost(11, 15, 15).
cost(11, 16, 34).
cost(11, 17, 69).
cost(11, 18, 33).
cost(12, 1, 35).
cost(12, 2, 39).
cost(12, 3, 68).
cost(12, 4, 17).
cost(12, 5, 90).
cost(12, 6, 72).
cost(12, 7, 14).
cost(12, 8, 73).
cost(12, 9, 10).
cost(12, 10, 42).
cost(12, 11, 90).
cost(12, 13, 30).
cost(12, 14, 5).
cost(12, 15, 77).
cost(12, 16, 89).
cost(12, 17, 80).
cost(12, 18, 61).
cost(13, 1, 43).
cost(13, 2, 20).
cost(13, 3, 62).
cost(13, 4, 38).
cost(13, 5, 80).
cost(13, 6, 47).
cost(13, 7, 39).
cost(13, 8, 55).
cost(13, 9, 19).
cost(13, 10, 35).
cost(13, 11, 93).
cost(13, 12, 30).
cost(13, 14, 31).
cost(13, 15, 83).
cost(13, 16, 80).
cost(13, 17, 59).
cost(13, 18, 72).
cost(14, 1, 31).
cost(14, 2, 39).
cost(14, 3, 65).
cost(14, 4, 13).
cost(14, 5, 87).
cost(14, 6, 72).
cost(14, 7, 10).
cost(14, 8, 71).
cost(14, 9, 12).
cost(14, 10, 40).
cost(14, 11, 86).
cost(14, 12, 5).
cost(14, 13, 31).
cost(14, 15, 73).
cost(14, 16, 85).
cost(14, 17, 78).
cost(14, 18, 57).
cost(15, 1, 42).
cost(15, 2, 67).
cost(15, 3, 34).
cost(15, 4, 60).
cost(15, 5, 47).
cost(15, 6, 80).
cost(15, 7, 65).
cost(15, 8, 62).
cost(15, 9, 76).
cost(15, 10, 49).
cost(15, 11, 15).
cost(15, 12, 77).
cost(15, 13, 83).
cost(15, 14, 73).
cost(15, 16, 40).
cost(15, 17, 69).
cost(15, 18, 18).
cost(16, 1, 56).
cost(16, 2, 60).
cost(16, 3, 21).
cost(16, 4, 77).
cost(16, 5, 7).
cost(16, 6, 55).
cost(16, 7, 82).
cost(16, 8, 34).
cost(16, 9, 83).
cost(16, 10, 47).
cost(16, 11, 34).
cost(16, 12, 89).
cost(16, 13, 80).
cost(16, 14, 85).
cost(16, 15, 40).
cost(16, 17, 38).
cost(16, 18, 52).
cost(17, 1, 59).
cost(17, 2, 41).
cost(17, 3, 36).
cost(17, 4, 75).
cost(17, 5, 33).
cost(17, 6, 18).
cost(17, 7, 79).
cost(17, 8, 8).
cost(17, 9, 70).
cost(17, 10, 41).
cost(17, 11, 69).
cost(17, 12, 80).
cost(17, 13, 59).
cost(17, 14, 78).
cost(17, 15, 69).
cost(17, 16, 38).
cost(17, 18, 72).
cost(18, 1, 29).
cost(18, 2, 59).
cost(18, 3, 38).
cost(18, 4, 44).
cost(18, 5, 57).
cost(18, 6, 80).
cost(18, 7, 49).
cost(18, 8, 64).
cost(18, 9, 62).
cost(18, 10, 42).
cost(18, 11, 33).
cost(18, 12, 61).
cost(18, 13, 72).
cost(18, 14, 57).
cost(18, 15, 18).
cost(18, 16, 52).
cost(18, 17, 72).
