dimension(18).
point(1, 33.8065101855, 19.366869196).
point(2, 4.1382000019, 58.475409794).
point(3, 48.5030789509, 20.1588904661).
point(4, 12.6045147994, 81.6721480216).
point(5, 9.004498797, 51.0915059447).
point(6, 92.1461744616, 40.8961573001).
point(7, 11.9893512121, 36.8745715776).
point(8, 28.426787879, 70.7635472696).
point(9, 87.5038411095, 40.1091365011).
point(10, 39.2220328274, 2.7257753639).
point(11, 28.5575283831, 18.2737785633).
point(12, 37.4966100643, 67.2750038402).
point(13, 90.379787857, 50.1428920475).
point(14, 83.6169995089, 20.1121746058).
point(15, 54.9613011635, 66.5616404478).
point(16, 64.2943775479, 13.6434744853).
point(17, 42.5955928174, 89.8324712199).
point(18, 30.2877384821, 81.2399526141).
cost(1, 2, 49).
cost(1, 3, 15).
cost(1, 4, 66).
cost(1, 5, 40).
cost(1, 6, 62).
cost(1, 7, 28).
cost(1, 8, 52).
cost(1, 9, 58).
cost(1, 10, 18).
cost(1, 11, 5).
cost(1, 12, 48).
cost(1, 13, 64).
cost(1, 14, 50).
cost(1, 15, 52).
cost(1, 16, 31).
cost(1, 17, 71).
cost(1, 18, 62).
cost(2, 1, 49).
cost(2, 3, 59).
cost(2, 4, 25).
cost(2, 5, 9).
cost(2, 6, 90).
cost(2, 7, 23).
cost(2, 8, 27).
cost(2, 9, 85).
cost(2, 10, 66).
cost(2, 11, 47).
cost(2, 12, 34).
cost(2, 13, 87).
cost(2, 14, 88).
cost(2, 15, 51).
cost(2, 16, 75).
cost(2, 17, 50).
cost(2, 18, 35).
cost(3, 1, 15).
cost(3, 2, 59).
cost(3, 4, 71).
cost(3, 5, 50).
cost(3, 6, 48).
cost(3, 7, 40).
cost(3, 8, 54).
cost(3, 9, 44).
cost(3, 10, 20).
cost(3, 11, 20).
cost(3, 12, 48).
cost(3, 13, 52).
cost(3, 14, 35).
cost(3, 15, 47).
cost(3, 16, 17).
cost(3, 17, 70).
cost(3, 18, 64).
cost(4, 1, 66).
cost(4, 2, 25).
cost(4, 3, 71).
cost(4, 5, 31).
cost(4, 6, 89).
cost(4, 7, 45).
cost(4, 8, 19).
cost(4, 9, 86).
cost(4, 10, 83).
cost(4, 11, 65).
cost(4, 12, 29).
cost(4, 13, 84).
cost(4, 14, 94).
cost(4, 15, 45).
cost(4, 16, 85).
cost(4, 17, 31).
cost(4, 18, 18).
cost(5, 1, 40).
cost(5, 2, 9).
cost(5, 3, 50).
cost(5, 4, 31).
cost(5, 6, 84).
cost(5, 7, 15).
cost(5, 8, 28).
cost(5, 9, 79).
cost(5, 10, 57).
cost(5, 11, 38).
cost(5, 12, 33).
cost(5, 13, 81).
cost(5, 14, 81).
cost(5, 15, 48).
cost(5, 16, 67).
cost(5, 17, 51).
cost(5, 18, 37).
cost(6, 1, 62).
cost(6, 2, 90).
cost(6, 3, 48).
cost(6, 4, 89).
cost(6, 5, 84).
cost(6, 7, 80).
cost(6, 8, 70).
cost(6, 9, 5).
cost(6, 10, 65).
cost(6, 11, 67).
cost(6, 12, 61).
cost(6, 13, 9).
cost(6, 14, 22).
cost(6, 15, 45).
cost(6, 16, 39).
cost(6, 17, 70).
cost(6, 18, 74).
cost(7, 1, 28).
cost(7, 2, 23).
cost(7, 3, 40).
cost(7, 4, 45).
cost(7, 5, 15).
cost(7, 6, 80).
cost(7, 8, 38).
cost(7, 9, 76).
cost(7, 10, 44).
cost(7, 11, 25).
cost(7, 12, 40).
cost(7, 13, 80).
cost(7, 14, 74).
cost(7, 15, 52).
cost(7, 16, 57).
cost(7, 17, 61).
cost(7, 18, 48).
cost(8, 1, 52).
cost(8, 2, 27).
cost(8, 3, 54).
cost(8, 4, 19).
cost(8, 5, 28).
cost(8, 6, 70).
cost(8, 7, 38).
cost(8, 9, 67).
cost(8, 10, 69).
cost(8, 11, 52).
cost(8, 12, 10).
cost(8, 13, 65).
cost(8, 14, 75).
cost(8, 15, 27).
cost(8, 16, 67).
cost(8, 17, 24).
cost(8, 18, 11).
cost(9, 1, 58).
cost(9, 2, 85).
cost(9, 3, 44).
cost(9, 4, 86).
cost(9, 5, 79).
cost(9, 6, 5).
cost(9, 7, 76).
cost(9, 8, 67).
cost(9, 10, 61).
cost(9, 11, 63).
cost(9, 12, 57).
cost(9, 13, 10).
cost(9, 14, 20).
cost(9, 15, 42).
cost(9, 16, 35).
cost(9, 17, 67).
cost(9, 18, 70).
cost(10, 1, 18).
cost(10, 2, 66).
cost(10, 3, 20).
cost(10, 4, 83).
cost(10, 5, 57).
cost(10, 6, 65).
cost(10, 7, 44).
cost(10, 8, 69).
cost(10, 9, 61).
cost(10, 11, 19).
cost(10, 12, 65).
cost(10, 13, 70).
cost(10, 14, 48).
cost(10, 15, 66).
cost(10, 16, 27).
cost(10, 17, 87).
cost(10, 18, 79).
cost(11, 1, 5).
cost(11, 2, 47).
cost(11, 3, 20).
cost(11, 4, 65).
cost(11, 5, 38).
cost(11, 6, 67).
cost(11, 7, 25).
cost(11, 8, 52).
cost(11, 9, 63).
cost(11, 10, 19).
cost(11, 12, 50).
cost(11, 13, 70).
cost(11, 14, 55).
cost(11, 15, 55).
cost(11, 16, 36).
cost(11, 17, 73).
cost(11, 18, 63).
cost(12, 1, 48).
cost(12, 2, 34).
cost(12, 3, 48).
cost(12, 4, 29).
cost(12, 5, 33).
cost(12, 6, 61).
cost(12, 7, 40).
cost(12, 8, 10).
cost(12, 9, 57).
cost(12, 10, 65).
cost(12, 11, 50).
cost(12, 13, 56).
cost(12, 14, 66).
cost(12, 15, 17).
cost(12, 16, 60).
cost(12, 17, 23).
cost(12, 18, 16).
cost(13, 1, 64).
cost(13, 2, 87).
cost(13, 3, 52).
cost(13, 4, 84).
cost(13, 5, 81).
cost(13, 6, 9).
cost(13, 7, 80).
cost(13, 8, 65).
cost(13, 9, 10).
cost(13, 10, 70).
cost(13, 11, 70).
cost(13, 12, 56).
cost(13, 14, 31).
cost(13, 15, 39).
cost(13, 16, 45).
cost(13, 17, 62).
cost(13, 18, 68).
cost(14, 1, 50).
cost(14, 2, 88).
cost(14, 3, 35).
cost(14, 4, 94).
cost(14, 5, 81).
cost(14, 6, 22).
cost(14, 7, 74).
cost(14, 8, 75).
cost(14, 9, 20).
cost(14, 10, 48).
cost(14, 11, 55).
cost(14, 12, 66).
cost(14, 13, 31).
cost(14, 15, 55).
cost(14, 16, 20).
cost(14, 17, 81).
cost(14, 18, 81).
cost(15, 1, 52).
cost(15, 2, 51).
cost(15, 3, 47).
cost(15, 4, 45).
cost(15, 5, 48).
cost(15, 6, 45).
cost(15, 7, 52).
cost(15, 8, 27).
cost(15, 9, 42).
cost(15, 10, 66).
cost(15, 11, 55).
cost(15, 12, 17).
cost(15, 13, 39).
cost(15, 14, 55).
cost(15, 16, 54).
cost(15, 17, 26).
cost(15, 18, 29).
cost(16, 1, 31).
cost(16, 2, 75).
cost(16, 3, 17).
cost(16, 4, 85).
cost(16, 5, 67).
cost(16, 6, 39).
cost(16, 7, 57).
cost(16, 8, 67).
cost(16, 9, 35).
cost(16, 10, 27).
cost(16, 11, 36).
cost(16, 12, 60).
cost(16, 13, 45).
cost(16, 14, 20).
cost(16, 15, 54).
cost(16, 17, 79).
cost(16, 18, 76).
cost(17, 1, 71).
cost(17, 2, 50).
cost(17, 3, 70).
cost(17, 4, 31).
cost(17, 5, 51).
cost(17, 6, 70).
cost(17, 7, 61).
cost(17, 8, 24).
cost(17, 9, 67).
cost(17, 10, 87).
cost(17, 11, 73).
cost(17, 12, 23).
cost(17, 13, 62).
cost(17, 14, 81).
cost(17, 15, 26).
cost(17, 16, 79).
cost(17, 18, 15).
cost(18, 1, 62).
cost(18, 2, 35).
cost(18, 3, 64).
cost(18, 4, 18).
cost(18, 5, 37).
cost(18, 6, 74).
cost(18, 7, 48).
cost(18, 8, 11).
cost(18, 9, 70).
cost(18, 10, 79).
cost(18, 11, 63).
cost(18, 12, 16).
cost(18, 13, 68).
cost(18, 14, 81).
cost(18, 15, 29).
cost(18, 16, 76).
cost(18, 17, 15).
