dimension(18).
point(1, 73.751283426, 90.6315682642).
point(2, 25.7170461815, 65.6603668428).
point(3, 41.8041304227, 11.4956564329).
point(4, 10.2102747864, 46.1267765817).
point(5, 96.0090202141, 76.3822232963).
point(6, 1.343202926, 36.959512266).
point(7, 56.1714022946, 6.855937049).
point(8, 68.9265256379, 56.6985569644).
point(9, 68.9254286799, 2.7599895855).
point(10, 7.195774439, 39.3620143902).
point(11, 62.2968098446, 23.1740120881).
point(12, 90.30445342, 70.6645698773).
point(13, 79.8096185238, 36.2809395595).
point(14, 58.4409052579, 44.0698938073).
point(15, 47.606032122, 81.2783277006).
point(16, 27.7235770014, 79.3720468656).
point(17, 41.0276807555, 39.79143794).
point(18, 52.830005698, 7.7726151534).
cost(1, 2, 54).
cost(1, 3, 85).
cost(1, 4, 78).
cost(1, 5, 26).
cost(1, 6, 90).
cost(1, 7, 86).
cost(1, 8, 34).
cost(1, 9, 88).
cost(1, 10, 84).
cost(1, 11, 68).
cost(1, 12, 26).
cost(1, 13, 55).
cost(1, 14, 49).
cost(1, 15, 28).
cost(1, 16, 47).
cost(1, 17, 60).
cost(1, 18, 85).
cost(2, 1, 54).
cost(2, 3, 57).
cost(2, 4, 25).
cost(2, 5, 71).
cost(2, 6, 38).
cost(2, 7, 66).
cost(2, 8, 44).
cost(2, 9, 76).
cost(2, 10, 32).
cost(2, 11, 56).
cost(2, 12, 65).
cost(2, 13, 62).
cost(2, 14, 39).
cost(2, 15, 27).
cost(2, 16, 14).
cost(2, 17, 30).
cost(2, 18, 64).
cost(3, 1, 85).
cost(3, 2, 57).
cost(3, 4, 47).
cost(3, 5, 85).
cost(3, 6, 48).
cost(3, 7, 15).
cost(3, 8, 53).
cost(3, 9, 28).
cost(3, 10, 44).
cost(3, 11, 24).
cost(3, 12, 77).
cost(3, 13, 45).
cost(3, 14, 37).
cost(3, 15, 70).
cost(3, 16, 69).
cost(3, 17, 28).
cost(3, 18, 12).
cost(4, 1, 78).
cost(4, 2, 25).
cost(4, 3, 47).
cost(4, 5, 91).
cost(4, 6, 13).
cost(4, 7, 60).
cost(4, 8, 60).
cost(4, 9, 73).
cost(4, 10, 7).
cost(4, 11, 57).
cost(4, 12, 84).
cost(4, 13, 70).
cost(4, 14, 48).
cost(4, 15, 51).
cost(4, 16, 38).
cost(4, 17, 31).
cost(4, 18, 57).
cost(5, 1, 26).
cost(5, 2, 71).
cost(5, 3, 85).
cost(5, 4, 91).
cost(5, 6, 103).
cost(5, 7, 80).
cost(5, 8, 33).
cost(5, 9, 78).
cost(5, 10, 96).
cost(5, 11, 63).
cost(5, 12, 8).
cost(5, 13, 43).
cost(5, 14, 50).
cost(5, 15, 49).
cost(5, 16, 68).
cost(5, 17, 66).
cost(5, 18, 81).
cost(6, 1, 90).
cost(6, 2, 38).
cost(6, 3, 48).
cost(6, 4, 13).
cost(6, 5, 103).
cost(6, 7, 63).
cost(6, 8, 70).
cost(6, 9, 76).
cost(6, 10, 6).
cost(6, 11, 62).
cost(6, 12, 95).
cost(6, 13, 78).
cost(6, 14, 58).
cost(6, 15, 64).
cost(6, 16, 50).
cost(6, 17, 40).
cost(6, 18, 59).
cost(7, 1, 86).
cost(7, 2, 66).
cost(7, 3, 15).
cost(7, 4, 60).
cost(7, 5, 80).
cost(7, 6, 63).
cost(7, 8, 51).
cost(7, 9, 13).
cost(7, 10, 59).
cost(7, 11, 17).
cost(7, 12, 72).
cost(7, 13, 38).
cost(7, 14, 37).
cost(7, 15, 75).
cost(7, 16, 78).
cost(7, 17, 36).
cost(7, 18, 3).
cost(8, 1, 34).
cost(8, 2, 44).
cost(8, 3, 53).
cost(8, 4, 60).
cost(8, 5, 33).
cost(8, 6, 70).
cost(8, 7, 51).
cost(8, 9, 54).
cost(8, 10, 64).
cost(8, 11, 34).
cost(8, 12, 26).
cost(8, 13, 23).
cost(8, 14, 16).
cost(8, 15, 33).
cost(8, 16, 47).
cost(8, 17, 33).
cost(8, 18, 52).
cost(9, 1, 88).
cost(9, 2, 76).
cost(9, 3, 28).
cost(9, 4, 73).
cost(9, 5, 78).
cost(9, 6, 76).
cost(9, 7, 13).
cost(9, 8, 54).
cost(9, 10, 72).
cost(9, 11, 21).
cost(9, 12, 71).
cost(9, 13, 35).
cost(9, 14, 43).
cost(9, 15, 81).
cost(9, 16, 87).
cost(9, 17, 46).
cost(9, 18, 17).
cost(10, 1, 84).
cost(10, 2, 32).
cost(10, 3, 44).
cost(10, 4, 7).
cost(10, 5, 96).
cost(10, 6, 6).
cost(10, 7, 59).
cost(10, 8, 64).
cost(10, 9, 72).
cost(10, 11, 57).
cost(10, 12, 89).
cost(10, 13, 73).
cost(10, 14, 51).
cost(10, 15, 58).
cost(10, 16, 45).
cost(10, 17, 34).
cost(10, 18, 56).
cost(11, 1, 68).
cost(11, 2, 56).
cost(11, 3, 24).
cost(11, 4, 57).
cost(11, 5, 63).
cost(11, 6, 62).
cost(11, 7, 17).
cost(11, 8, 34).
cost(11, 9, 21).
cost(11, 10, 57).
cost(11, 12, 55).
cost(11, 13, 22).
cost(11, 14, 21).
cost(11, 15, 60).
cost(11, 16, 66).
cost(11, 17, 27).
cost(11, 18, 18).
cost(12, 1, 26).
cost(12, 2, 65).
cost(12, 3, 77).
cost(12, 4, 84).
cost(12, 5, 8).
cost(12, 6, 95).
cost(12, 7, 72).
cost(12, 8, 26).
cost(12, 9, 71).
cost(12, 10, 89).
cost(12, 11, 55).
cost(12, 13, 36).
cost(12, 14, 42).
cost(12, 15, 44).
cost(12, 16, 63).
cost(12, 17, 58).
cost(12, 18, 73).
cost(13, 1, 55).
cost(13, 2, 62).
cost(13, 3, 45).
cost(13, 4, 70).
cost(13, 5, 43).
cost(13, 6, 78).
cost(13, 7, 38).
cost(13, 8, 23).
cost(13, 9, 35).
cost(13, 10, 73).
cost(13, 11, 22).
cost(13, 12, 36).
cost(13, 14, 23).
cost(13, 15, 55).
cost(13, 16, 68).
cost(13, 17, 39).
cost(13, 18, 39).
cost(14, 1, 49).
cost(14, 2, 39).
cost(14, 3, 37).
cost(14, 4, 48).
cost(14, 5, 50).
cost(14, 6, 58).
cost(14, 7, 37).
cost(14, 8, 16).
cost(14, 9, 43).
cost(14, 10, 51).
cost(14, 11, 21).
cost(14, 12, 42).
cost(14, 13, 23).
cost(14, 15, 39).
cost(14, 16, 47).
cost(14, 17, 18).
cost(14, 18, 37).
cost(15, 1, 28).
cost(15, 2, 27).
cost(15, 3, 70).
cost(15, 4, 51).
cost(15, 5, 49).
cost(15, 6, 64).
cost(15, 7, 75).
cost(15, 8, 33).
cost(15, 9, 81).
cost(15, 10, 58).
cost(15, 11, 60).
cost(15, 12, 44).
cost(15, 13, 55).
cost(15, 14, 39).
cost(15, 16, 20).
cost(15, 17, 42).
cost(15, 18, 74).
cost(16, 1, 47).
cost(16, 2, 14).
cost(16, 3, 69).
cost(16, 4, 38).
cost(16, 5, 68).
cost(16, 6, 50).
cost(16, 7, 78).
cost(16, 8, 47).
cost(16, 9, 87).
cost(16, 10, 45).
cost(16, 11, 66).
cost(16, 12, 63).
cost(16, 13, 68).
cost(16, 14, 47).
cost(16, 15, 20).
cost(16, 17, 42).
cost(16, 18, 76).
cost(17, 1, 60).
cost(17, 2, 30).
cost(17, 3, 28).
cost(17, 4, 31).
cost(17, 5, 66).
cost(17, 6, 40).
cost(17, 7, 36).
cost(17, 8, 33).
cost(17, 9, 46).
cost(17, 10, 34).
cost(17, 11, 27).
cost(17, 12, 58).
cost(17, 13, 39).
cost(17, 14, 18).
cost(17, 15, 42).
cost(17, 16, 42).
cost(17, 18, 34).
cost(18, 1, 85).
cost(18, 2, 64).
cost(18, 3, 12).
cost(18, 4, 57).
cost(18, 5, 81).
cost(18, 6, 59).
cost(18, 7, 3).
cost(18, 8, 52).
cost(18, 9, 17).
cost(18, 10, 56).
cost(18, 11, 18).
cost(18, 12, 73).
cost(18, 13, 39).
cost(18, 14, 37).
cost(18, 15, 74).
cost(18, 16, 76).
cost(18, 17, 34).
