dimension(18).
point(1, 21.9974603147, 77.5559466219).
point(2, 87.0426315628, 27.6536166364).
point(3, 34.3198468987, 41.9216186109).
point(4, 29.5163706396, 1.4605424485).
point(5, 72.4051871637, 18.1055804983).
point(6, 42.8615124586, 6.2097128003).
point(7, 15.6235610778, 11.9685263615).
point(8, 34.3290772233, 76.7446927808).
point(9, 63.9703594884, 71.0948978342).
point(10, 68.8797830989, 89.9079768178).
point(11, 45.0920184081, 62.0912050709).
point(12, 47.17620075, 73.9501364335).
point(13, 63.7061784912, 59.2027412834).
point(14, 65.4224682727, 58.0192477064).
point(15, 93.0848575001, 22.4721383097).
point(16, 80.6818161816, 65.5820291359).
point(17, 14.1014349833, 44.6967707107).
point(18, 73.0817418388, 54.7747595427).
cost(1, 2, 82).
cost(1, 3, 38).
cost(1, 4, 76).
cost(1, 5, 78).
cost(1, 6, 74).
cost(1, 7, 66).
cost(1, 8, 12).
cost(1, 9, 42).
cost(1, 10, 48).
cost(1, 11, 28).
cost(1, 12, 25).
cost(1, 13, 46).
cost(1, 14, 48).
cost(1, 15, 90).
cost(1, 16, 60).
cost(1, 17, 34).
cost(1, 18, 56).
cost(2, 1, 82).
cost(2, 3, 55).
cost(2, 4, 63).
cost(2, 5, 17).
cost(2, 6, 49).
cost(2, 7, 73).
cost(2, 8, 72).
cost(2, 9, 49).
cost(2, 10, 65).
cost(2, 11, 54).
cost(2, 12, 61).
cost(2, 13, 39).
cost(2, 14, 37).
cost(2, 15, 8).
cost(2, 16, 38).
cost(2, 17, 75).
cost(2, 18, 31).
cost(3, 1, 38).
cost(3, 2, 55).
cost(3, 4, 41).
cost(3, 5, 45).
cost(3, 6, 37).
cost(3, 7, 35).
cost(3, 8, 35).
cost(3, 9, 42).
cost(3, 10, 59).
cost(3, 11, 23).
cost(3, 12, 35).
cost(3, 13, 34).
cost(3, 14, 35).
cost(3, 15, 62).
cost(3, 16, 52).
cost(3, 17, 20).
cost(3, 18, 41).
cost(4, 1, 76).
cost(4, 2, 63).
cost(4, 3, 41).
cost(4, 5, 46).
cost(4, 6, 14).
cost(4, 7, 17).
cost(4, 8, 75).
cost(4, 9, 78).
cost(4, 10, 97).
cost(4, 11, 63).
cost(4, 12, 75).
cost(4, 13, 67).
cost(4, 14, 67).
cost(4, 15, 67).
cost(4, 16, 82).
cost(4, 17, 46).
cost(4, 18, 69).
cost(5, 1, 78).
cost(5, 2, 17).
cost(5, 3, 45).
cost(5, 4, 46).
cost(5, 6, 32).
cost(5, 7, 57).
cost(5, 8, 70).
cost(5, 9, 54).
cost(5, 10, 72).
cost(5, 11, 52).
cost(5, 12, 61).
cost(5, 13, 42).
cost(5, 14, 41).
cost(5, 15, 21).
cost(5, 16, 48).
cost(5, 17, 64).
cost(5, 18, 37).
cost(6, 1, 74).
cost(6, 2, 49).
cost(6, 3, 37).
cost(6, 4, 14).
cost(6, 5, 32).
cost(6, 7, 28).
cost(6, 8, 71).
cost(6, 9, 68).
cost(6, 10, 88).
cost(6, 11, 56).
cost(6, 12, 68).
cost(6, 13, 57).
cost(6, 14, 57).
cost(6, 15, 53).
cost(6, 16, 70).
cost(6, 17, 48).
cost(6, 18, 57).
cost(7, 1, 66).
cost(7, 2, 73).
cost(7, 3, 35).
cost(7, 4, 17).
cost(7, 5, 57).
cost(7, 6, 28).
cost(7, 8, 67).
cost(7, 9, 76).
cost(7, 10, 94).
cost(7, 11, 58).
cost(7, 12, 70).
cost(7, 13, 67).
cost(7, 14, 68).
cost(7, 15, 78).
cost(7, 16, 84).
cost(7, 17, 33).
cost(7, 18, 72).
cost(8, 1, 12).
cost(8, 2, 72).
cost(8, 3, 35).
cost(8, 4, 75).
cost(8, 5, 70).
cost(8, 6, 71).
cost(8, 7, 67).
cost(8, 9, 30).
cost(8, 10, 37).
cost(8, 11, 18).
cost(8, 12, 13).
cost(8, 13, 34).
cost(8, 14, 36).
cost(8, 15, 80).
cost(8, 16, 48).
cost(8, 17, 38).
cost(8, 18, 45).
cost(9, 1, 42).
cost(9, 2, 49).
cost(9, 3, 42).
cost(9, 4, 78).
cost(9, 5, 54).
cost(9, 6, 68).
cost(9, 7, 76).
cost(9, 8, 30).
cost(9, 10, 19).
cost(9, 11, 21).
cost(9, 12, 17).
cost(9, 13, 12).
cost(9, 14, 13).
cost(9, 15, 57).
cost(9, 16, 18).
cost(9, 17, 56).
cost(9, 18, 19).
cost(10, 1, 48).
cost(10, 2, 65).
cost(10, 3, 59).
cost(10, 4, 97).
cost(10, 5, 72).
cost(10, 6, 88).
cost(10, 7, 94).
cost(10, 8, 37).
cost(10, 9, 19).
cost(10, 11, 37).
cost(10, 12, 27).
cost(10, 13, 31).
cost(10, 14, 32).
cost(10, 15, 72).
cost(10, 16, 27).
cost(10, 17, 71).
cost(10, 18, 35).
cost(11, 1, 28).
cost(11, 2, 54).
cost(11, 3, 23).
cost(11, 4, 63).
cost(11, 5, 52).
cost(11, 6, 56).
cost(11, 7, 58).
cost(11, 8, 18).
cost(11, 9, 21).
cost(11, 10, 37).
cost(11, 12, 12).
cost(11, 13, 19).
cost(11, 14, 21).
cost(11, 15, 62).
cost(11, 16, 36).
cost(11, 17, 36).
cost(11, 18, 29).
cost(12, 1, 25).
cost(12, 2, 61).
cost(12, 3, 35).
cost(12, 4, 75).
cost(12, 5, 61).
cost(12, 6, 68).
cost(12, 7, 70).
cost(12, 8, 13).
cost(12, 9, 17).
cost(12, 10, 27).
cost(12, 11, 12).
cost(12, 13, 22).
cost(12, 14, 24).
cost(12, 15, 69).
cost(12, 16, 35).
cost(12, 17, 44).
cost(12, 18, 32).
cost(13, 1, 46).
cost(13, 2, 39).
cost(13, 3, 34).
cost(13, 4, 67).
cost(13, 5, 42).
cost(13, 6, 57).
cost(13, 7, 67).
cost(13, 8, 34).
cost(13, 9, 12).
cost(13, 10, 31).
cost(13, 11, 19).
cost(13, 12, 22).
cost(13, 14, 2).
cost(13, 15, 47).
cost(13, 16, 18).
cost(13, 17, 52).
cost(13, 18, 10).
cost(14, 1, 48).
cost(14, 2, 37).
cost(14, 3, 35).
cost(14, 4, 67).
cost(14, 5, 41).
cost(14, 6, 57).
cost(14, 7, 68).
cost(14, 8, 36).
cost(14, 9, 13).
cost(14, 10, 32).
cost(14, 11, 21).
cost(14, 12, 24).
cost(14, 13, 2).
cost(14, 15, 45).
cost(14, 16, 17).
cost(14, 17, 53).
cost(14, 18, 8).
cost(15, 1, 90).
cost(15, 2, 8).
cost(15, 3, 62).
cost(15, 4, 67).
cost(15, 5, 21).
cost(15, 6, 53).
cost(15, 7, 78).
cost(15, 8, 80).
cost(15, 9, 57).
cost(15, 10, 72).
cost(15, 11, 62).
cost(15, 12, 69).
cost(15, 13, 47).
cost(15, 14, 45).
cost(15, 16, 45).
cost(15, 17, 82).
cost(15, 18, 38).
cost(16, 1, 60).
cost(16, 2, 38).
cost(16, 3, 52).
cost(16, 4, 82).
cost(16, 5, 48).
cost(16, 6, 70).
cost(16, 7, 84).
cost(16, 8, 48).
cost(16, 9, 18).
cost(16, 10, 27).
cost(16, 11, 36).
cost(16, 12, 35).
cost(16, 13, 18).
cost(16, 14, 17).
cost(16, 15, 45).
cost(16, 17, 70).
cost(16, 18, 13).
cost(17, 1, 34).
cost(17, 2, 75).
cost(17, 3, 20).
cost(17, 4, 46).
cost(17, 5, 64).
cost(17, 6, 48).
cost(17, 7, 33).
cost(17, 8, 38).
cost(17, 9, 56).
cost(17, 10, 71).
cost(17, 11, 36).
cost(17, 12, 44).
cost(17, 13, 52).
cost(17, 14, 53).
cost(17, 15, 82).
cost(17, 16, 70).
cost(17, 18, 60).
cost(18, 1, 56).
cost(18, 2, 31).
cost(18, 3, 41).
cost(18, 4, 69).
cost(18, 5, 37).
cost(18, 6, 57).
cost(18, 7, 72).
cost(18, 8, 45).
cost(18, 9, 19).
cost(18, 10, 35).
cost(18, 11, 29).
cost(18, 12, 32).
cost(18, 13, 10).
cost(18, 14, 8).
cost(18, 15, 38).
cost(18, 16, 13).
cost(18, 17, 60).
