dimension(18).
point(1, 67.8825919512, 23.9680522058).
point(2, 29.936500479, 82.4516294165).
point(3, 36.0235282024, 83.8059338899).
point(4, 64.2557132039, 61.9659231848).
point(5, 11.7975792996, 75.3307132468).
point(6, 29.5147283583, 32.7507326028).
point(7, 23.6669638247, 52.1917614152).
point(8, 27.1853013165, 75.8315421963).
point(9, 64.8386099093, 81.3026939109).
point(10, 40.4082988189, 24.1950903493).
point(11, 65.9568903509, 76.0013213872).
point(12, 73.6773605223, 25.9705163542).
point(13, 12.4018121087, 54.604532607).
point(14, 71.1007969826, 7.5371317416).
point(15, 39.7447460084, 17.174668682).
point(16, 33.0538390691, 88.4005752679).
point(17, 9.715724017, 53.9731959034).
point(18, 25.2588328799, 77.317173918).
cost(1, 2, 70).
cost(1, 3, 68).
cost(1, 4, 38).
cost(1, 5, 76).
cost(1, 6, 39).
cost(1, 7, 52).
cost(1, 8, 66).
cost(1, 9, 57).
cost(1, 10, 27).
cost(1, 11, 52).
cost(1, 12, 6).
cost(1, 13, 63).
cost(1, 14, 17).
cost(1, 15, 29).
cost(1, 16, 73).
cost(1, 17, 65).
cost(1, 18, 68).
cost(2, 1, 70).
cost(2, 3, 6).
cost(2, 4, 40).
cost(2, 5, 19).
cost(2, 6, 50).
cost(2, 7, 31).
cost(2, 8, 7).
cost(2, 9, 35).
cost(2, 10, 59).
cost(2, 11, 37).
cost(2, 12, 71).
cost(2, 13, 33).
cost(2, 14, 85).
cost(2, 15, 66).
cost(2, 16, 7).
cost(2, 17, 35).
cost(2, 18, 7).
cost(3, 1, 68).
cost(3, 2, 6).
cost(3, 4, 36).
cost(3, 5, 26).
cost(3, 6, 51).
cost(3, 7, 34).
cost(3, 8, 12).
cost(3, 9, 29).
cost(3, 10, 60).
cost(3, 11, 31).
cost(3, 12, 69).
cost(3, 13, 38).
cost(3, 14, 84).
cost(3, 15, 67).
cost(3, 16, 5).
cost(3, 17, 40).
cost(3, 18, 13).
cost(4, 1, 38).
cost(4, 2, 40).
cost(4, 3, 36).
cost(4, 5, 54).
cost(4, 6, 45).
cost(4, 7, 42).
cost(4, 8, 40).
cost(4, 9, 19).
cost(4, 10, 45).
cost(4, 11, 14).
cost(4, 12, 37).
cost(4, 13, 52).
cost(4, 14, 55).
cost(4, 15, 51).
cost(4, 16, 41).
cost(4, 17, 55).
cost(4, 18, 42).
cost(5, 1, 76).
cost(5, 2, 19).
cost(5, 3, 26).
cost(5, 4, 54).
cost(5, 6, 46).
cost(5, 7, 26).
cost(5, 8, 15).
cost(5, 9, 53).
cost(5, 10, 59).
cost(5, 11, 54).
cost(5, 12, 79).
cost(5, 13, 21).
cost(5, 14, 90).
cost(5, 15, 65).
cost(5, 16, 25).
cost(5, 17, 21).
cost(5, 18, 14).
cost(6, 1, 39).
cost(6, 2, 50).
cost(6, 3, 51).
cost(6, 4, 45).
cost(6, 5, 46).
cost(6, 7, 20).
cost(6, 8, 43).
cost(6, 9, 60).
cost(6, 10, 14).
cost(6, 11, 57).
cost(6, 12, 45).
cost(6, 13, 28).
cost(6, 14, 49).
cost(6, 15, 19).
cost(6, 16, 56).
cost(6, 17, 29).
cost(6, 18, 45).
cost(7, 1, 52).
cost(7, 2, 31).
cost(7, 3, 34).
cost(7, 4, 42).
cost(7, 5, 26).
cost(7, 6, 20).
cost(7, 8, 24).
cost(7, 9, 50).
cost(7, 10, 33).
cost(7, 11, 49).
cost(7, 12, 56).
cost(7, 13, 12).
cost(7, 14, 65).
cost(7, 15, 39).
cost(7, 16, 37).
cost(7, 17, 14).
cost(7, 18, 25).
cost(8, 1, 66).
cost(8, 2, 7).
cost(8, 3, 12).
cost(8, 4, 40).
cost(8, 5, 15).
cost(8, 6, 43).
cost(8, 7, 24).
cost(8, 9, 38).
cost(8, 10, 53).
cost(8, 11, 39).
cost(8, 12, 68).
cost(8, 13, 26).
cost(8, 14, 81).
cost(8, 15, 60).
cost(8, 16, 14).
cost(8, 17, 28).
cost(8, 18, 2).
cost(9, 1, 57).
cost(9, 2, 35).
cost(9, 3, 29).
cost(9, 4, 19).
cost(9, 5, 53).
cost(9, 6, 60).
cost(9, 7, 50).
cost(9, 8, 38).
cost(9, 10, 62).
cost(9, 11, 5).
cost(9, 12, 56).
cost(9, 13, 59).
cost(9, 14, 74).
cost(9, 15, 69).
cost(9, 16, 33).
cost(9, 17, 62).
cost(9, 18, 40).
cost(10, 1, 27).
cost(10, 2, 59).
cost(10, 3, 60).
cost(10, 4, 45).
cost(10, 5, 59).
cost(10, 6, 14).
cost(10, 7, 33).
cost(10, 8, 53).
cost(10, 9, 62).
cost(10, 11, 58).
cost(10, 12, 33).
cost(10, 13, 41).
cost(10, 14, 35).
cost(10, 15, 7).
cost(10, 16, 65).
cost(10, 17, 43).
cost(10, 18, 55).
cost(11, 1, 52).
cost(11, 2, 37).
cost(11, 3, 31).
cost(11, 4, 14).
cost(11, 5, 54).
cost(11, 6, 57).
cost(11, 7, 49).
cost(11, 8, 39).
cost(11, 9, 5).
cost(11, 10, 58).
cost(11, 12, 51).
cost(11, 13, 58).
cost(11, 14, 69).
cost(11, 15, 64).
cost(11, 16, 35).
cost(11, 17, 60).
cost(11, 18, 41).
cost(12, 1, 6).
cost(12, 2, 71).
cost(12, 3, 69).
cost(12, 4, 37).
cost(12, 5, 79).
cost(12, 6, 45).
cost(12, 7, 56).
cost(12, 8, 68).
cost(12, 9, 56).
cost(12, 10, 33).
cost(12, 11, 51).
cost(12, 13, 68).
cost(12, 14, 19).
cost(12, 15, 35).
cost(12, 16, 74).
cost(12, 17, 70).
cost(12, 18, 71).
cost(13, 1, 63).
cost(13, 2, 33).
cost(13, 3, 38).
cost(13, 4, 52).
cost(13, 5, 21).
cost(13, 6, 28).
cost(13, 7, 12).
cost(13, 8, 26).
cost(13, 9, 59).
cost(13, 10, 41).
cost(13, 11, 58).
cost(13, 12, 68).
cost(13, 14, 75).
cost(13, 15, 46).
cost(13, 16, 40).
cost(13, 17, 3).
cost(13, 18, 26).
cost(14, 1, 17).
cost(14, 2, 85).
cost(14, 3, 84).
cost(14, 4, 55).
cost(14, 5, 90).
cost(14, 6, 49).
cost(14, 7, 65).
cost(14, 8, 81).
cost(14, 9, 74).
cost(14, 10, 35).
cost(14, 11, 69).
cost(14, 12, 19).
cost(14, 13, 75).
cost(14, 15, 33).
cost(14, 16, 89).
cost(14, 17, 77).
cost(14, 18, 83).
cost(15, 1, 29).
cost(15, 2, 66).
cost(15, 3, 67).
cost(15, 4, 51).
cost(15, 5, 65).
cost(15, 6, 19).
cost(15, 7, 39).
cost(15, 8, 60).
cost(15, 9, 69).
cost(15, 10, 7).
cost(15, 11, 64).
cost(15, 12, 35).
cost(15, 13, 46).
cost(15, 14, 33).
cost(15, 16, 72).
cost(15, 17, 47).
cost(15, 18, 62).
cost(16, 1, 73).
cost(16, 2, 7).
cost(16, 3, 5).
cost(16, 4, 41).
cost(16, 5, 25).
cost(16, 6, 56).
cost(16, 7, 37).
cost(16, 8, 14).
cost(16, 9, 33).
cost(16, 10, 65).
cost(16, 11, 35).
cost(16, 12, 74).
cost(16, 13, 40).
cost(16, 14, 89).
cost(16, 15, 72).
cost(16, 17, 42).
cost(16, 18, 14).
cost(17, 1, 65).
cost(17, 2, 35).
cost(17, 3, 40).
cost(17, 4, 55).
cost(17, 5, 21).
cost(17, 6, 29).
cost(17, 7, 14).
cost(17, 8, 28).
cost(17, 9, 62).
cost(17, 10, 43).
cost(17, 11, 60).
cost(17, 12, 70).
cost(17, 13, 3).
cost(17, 14, 77).
cost(17, 15, 47).
cost(17, 16, 42).
cost(17, 18, 28).
cost(18, 1, 68).
cost(18, 2, 7).
cost(18, 3, 13).
cost(18, 4, 42).
cost(18, 5, 14).
cost(18, 6, 45).
cost(18, 7, 25).
cost(18, 8, 2).
cost(18, 9, 40).
cost(18, 10, 55).
cost(18, 11, 41).
cost(18, 12, 71).
cost(18, 13, 26).
cost(18, 14, 83).
cost(18, 15, 62).
cost(18, 16, 14).
cost(18, 17, 28).
