dimension(18).
point(1, 25.3256741424, 22.387910396).
point(2, 23.7306444526, 54.2649659515).
point(3, 87.1642782008, 35.6756343199).
point(4, 79.8068814011, 48.6823158265).
point(5, 34.3312640681, 65.8903415033).
point(6, 68.7178459753, 24.9160990959).
point(7, 30.8787867914, 71.5067144944).
point(8, 84.5977689322, 97.9844491343).
point(9, 73.7431952388, 12.1561832932).
point(10, 72.7974326551, 75.4433907687).
point(11, 43.3020898441, 59.6538289709).
point(12, 19.9112865487, 80.0609930376).
point(13, 45.2157575032, 13.6149618477).
point(14, 63.2608837603, 79.6022383672).
point(15, 17.7991094681, 88.1835336392).
point(16, 94.3927494844, 33.8782141295).
point(17, 0.4537167834, 31.7997566348).
point(18, 18.3785554992, 30.3343023954).
cost(1, 2, 32).
cost(1, 3, 63).
cost(1, 4, 60).
cost(1, 5, 44).
cost(1, 6, 43).
cost(1, 7, 49).
cost(1, 8, 96).
cost(1, 9, 49).
cost(1, 10, 71).
cost(1, 11, 41).
cost(1, 12, 58).
cost(1, 13, 22).
cost(1, 14, 69).
cost(1, 15, 66).
cost(1, 16, 70).
cost(1, 17, 27).
cost(1, 18, 11).
cost(2, 1, 32).
cost(2, 3, 66).
cost(2, 4, 56).
cost(2, 5, 16).
cost(2, 6, 54).
cost(2, 7, 19).
cost(2, 8, 75).
cost(2, 9, 65).
cost(2, 10, 53).
cost(2, 11, 20).
cost(2, 12, 26).
cost(2, 13, 46).
cost(2, 14, 47).
cost(2, 15, 34).
cost(2, 16, 74).
cost(2, 17, 32).
cost(2, 18, 25).
cost(3, 1, 63).
cost(3, 2, 66).
cost(3, 4, 15).
cost(3, 5, 61).
cost(3, 6, 21).
cost(3, 7, 67).
cost(3, 8, 62).
cost(3, 9, 27).
cost(3, 10, 42).
cost(3, 11, 50).
cost(3, 12, 81).
cost(3, 13, 47).
cost(3, 14, 50).
cost(3, 15, 87).
cost(3, 16, 7).
cost(3, 17, 87).
cost(3, 18, 69).
cost(4, 1, 60).
cost(4, 2, 56).
cost(4, 3, 15).
cost(4, 5, 49).
cost(4, 6, 26).
cost(4, 7, 54).
cost(4, 8, 50).
cost(4, 9, 37).
cost(4, 10, 28).
cost(4, 11, 38).
cost(4, 12, 68).
cost(4, 13, 49).
cost(4, 14, 35).
cost(4, 15, 74).
cost(4, 16, 21).
cost(4, 17, 81).
cost(4, 18, 64).
cost(5, 1, 44).
cost(5, 2, 16).
cost(5, 3, 61).
cost(5, 4, 49).
cost(5, 6, 53).
cost(5, 7, 7).
cost(5, 8, 60).
cost(5, 9, 67).
cost(5, 10, 40).
cost(5, 11, 11).
cost(5, 12, 20).
cost(5, 13, 53).
cost(5, 14, 32).
cost(5, 15, 28).
cost(5, 16, 68).
cost(5, 17, 48).
cost(5, 18, 39).
cost(6, 1, 43).
cost(6, 2, 54).
cost(6, 3, 21).
cost(6, 4, 26).
cost(6, 5, 53).
cost(6, 7, 60).
cost(6, 8, 75).
cost(6, 9, 14).
cost(6, 10, 51).
cost(6, 11, 43).
cost(6, 12, 74).
cost(6, 13, 26).
cost(6, 14, 55).
cost(6, 15, 81).
cost(6, 16, 27).
cost(6, 17, 69).
cost(6, 18, 51).
cost(7, 1, 49).
cost(7, 2, 19).
cost(7, 3, 67).
cost(7, 4, 54).
cost(7, 5, 7).
cost(7, 6, 60).
cost(7, 8, 60).
cost(7, 9, 73).
cost(7, 10, 42).
cost(7, 11, 17).
cost(7, 12, 14).
cost(7, 13, 60).
cost(7, 14, 33).
cost(7, 15, 21).
cost(7, 16, 74).
cost(7, 17, 50).
cost(7, 18, 43).
cost(8, 1, 96).
cost(8, 2, 75).
cost(8, 3, 62).
cost(8, 4, 50).
cost(8, 5, 60).
cost(8, 6, 75).
cost(8, 7, 60).
cost(8, 9, 87).
cost(8, 10, 25).
cost(8, 11, 56).
cost(8, 12, 67).
cost(8, 13, 93).
cost(8, 14, 28).
cost(8, 15, 68).
cost(8, 16, 65).
cost(8, 17, 107).
cost(8, 18, 95).
cost(9, 1, 49).
cost(9, 2, 65).
cost(9, 3, 27).
cost(9, 4, 37).
cost(9, 5, 67).
cost(9, 6, 14).
cost(9, 7, 73).
cost(9, 8, 87).
cost(9, 10, 63).
cost(9, 11, 56).
cost(9, 12, 87).
cost(9, 13, 29).
cost(9, 14, 68).
cost(9, 15, 94).
cost(9, 16, 30).
cost(9, 17, 76).
cost(9, 18, 58).
cost(10, 1, 71).
cost(10, 2, 53).
cost(10, 3, 42).
cost(10, 4, 28).
cost(10, 5, 40).
cost(10, 6, 51).
cost(10, 7, 42).
cost(10, 8, 25).
cost(10, 9, 63).
cost(10, 11, 33).
cost(10, 12, 53).
cost(10, 13, 68).
cost(10, 14, 10).
cost(10, 15, 56).
cost(10, 16, 47).
cost(10, 17, 84).
cost(10, 18, 71).
cost(11, 1, 41).
cost(11, 2, 20).
cost(11, 3, 50).
cost(11, 4, 38).
cost(11, 5, 11).
cost(11, 6, 43).
cost(11, 7, 17).
cost(11, 8, 56).
cost(11, 9, 56).
cost(11, 10, 33).
cost(11, 12, 31).
cost(11, 13, 46).
cost(11, 14, 28).
cost(11, 15, 38).
cost(11, 16, 57).
cost(11, 17, 51).
cost(11, 18, 38).
cost(12, 1, 58).
cost(12, 2, 26).
cost(12, 3, 81).
cost(12, 4, 68).
cost(12, 5, 20).
cost(12, 6, 74).
cost(12, 7, 14).
cost(12, 8, 67).
cost(12, 9, 87).
cost(12, 10, 53).
cost(12, 11, 31).
cost(12, 13, 71).
cost(12, 14, 43).
cost(12, 15, 8).
cost(12, 16, 88).
cost(12, 17, 52).
cost(12, 18, 50).
cost(13, 1, 22).
cost(13, 2, 46).
cost(13, 3, 47).
cost(13, 4, 49).
cost(13, 5, 53).
cost(13, 6, 26).
cost(13, 7, 60).
cost(13, 8, 93).
cost(13, 9, 29).
cost(13, 10, 68).
cost(13, 11, 46).
cost(13, 12, 71).
cost(13, 14, 68).
cost(13, 15, 79).
cost(13, 16, 53).
cost(13, 17, 48).
cost(13, 18, 32).
cost(14, 1, 69).
cost(14, 2, 47).
cost(14, 3, 50).
cost(14, 4, 35).
cost(14, 5, 32).
cost(14, 6, 55).
cost(14, 7, 33).
cost(14, 8, 28).
cost(14, 9, 68).
cost(14, 10, 10).
cost(14, 11, 28).
cost(14, 12, 43).
cost(14, 13, 68).
cost(14, 15, 46).
cost(14, 16, 55).
cost(14, 17, 79).
cost(14, 18, 67).
cost(15, 1, 66).
cost(15, 2, 34).
cost(15, 3, 87).
cost(15, 4, 74).
cost(15, 5, 28).
cost(15, 6, 81).
cost(15, 7, 21).
cost(15, 8, 68).
cost(15, 9, 94).
cost(15, 10, 56).
cost(15, 11, 38).
cost(15, 12, 8).
cost(15, 13, 79).
cost(15, 14, 46).
cost(15, 16, 94).
cost(15, 17, 59).
cost(15, 18, 58).
cost(16, 1, 70).
cost(16, 2, 74).
cost(16, 3, 7).
cost(16, 4, 21).
cost(16, 5, 68).
cost(16, 6, 27).
cost(16, 7, 74).
cost(16, 8, 65).
cost(16, 9, 30).
cost(16, 10, 47).
cost(16, 11, 57).
cost(16, 12, 88).
cost(16, 13, 53).
cost(16, 14, 55).
cost(16, 15, 94).
cost(16, 17, 94).
cost(16, 18, 76).
cost(17, 1, 27).
cost(17, 2, 32).
cost(17, 3, 87).
cost(17, 4, 81).
cost(17, 5, 48).
cost(17, 6, 69).
cost(17, 7, 50).
cost(17, 8, 107).
cost(17, 9, 76).
cost(17, 10, 84).
cost(17, 11, 51).
cost(17, 12, 52).
cost(17, 13, 48).
cost(17, 14, 79).
cost(17, 15, 59).
cost(17, 16, 94).
cost(17, 18, 18).
cost(18, 1, 11).
cost(18, 2, 25).
cost(18, 3, 69).
cost(18, 4, 64).
cost(18, 5, 39).
cost(18, 6, 51).
cost(18, 7, 43).
cost(18, 8, 95).
cost(18, 9, 58).
cost(18, 10, 71).
cost(18, 11, 38).
cost(18, 12, 50).
cost(18, 13, 32).
cost(18, 14, 67).
cost(18, 15, 58).
cost(18, 16, 76).
cost(18, 17, 18).
