dimension(32).
point(1, 47.6586538571, 50.2732378721).
point(2, 45.5759234486, 46.2962945256).
point(3, 55.3077058076, 48.4512597113).
point(4, 57.8796157554, 47.3036270121).
point(5, 56.0682761086, 54.1907328358).
point(6, 48.8697063347, 39.9066125653).
point(7, 2.8373539551, 75.7480637893).
point(8, 1.2794589195, 74.3683524561).
point(9, 2.0236467469, 82.4681446369).
point(10, 10.5539938854, 84.3212908325).
point(11, 0.4878496285, 86.039918553).
point(12, 0.5606469836, 89.667868801).
point(13, 89.3909857588, 3.539506207).
point(14, 79.3400497611, 1.6114686953).
point(15, 77.6546773505, 4.4779088343).
point(16, 93.690455817, 12.8113712038).
point(17, 83.703916865, 8.7275356285).
point(18, 82.6259729916, 24.4248623365).
point(19, 79.6049220785, 6.4109617122).
point(20, 87.1495351323, 11.2684755716).
point(21, 66.5708857528, 74.80822181).
point(22, 59.2939934083, 92.0343185082).
point(23, 67.64860868, 83.3674869146).
point(24, 66.94972874, 84.2057736011).
point(25, 69.3381755286, 80.1362180144).
point(26, 70.1631034929, 91.2985108429).
point(27, 20.6612409137, 32.1067551745).
point(28, 21.818557947, 28.0803055573).
point(29, 19.5496817051, 35.9934762354).
point(30, 26.9023757762, 32.8577003368).
point(31, 19.5582096511, 26.4950854115).
point(32, 11.6047431387, 27.1879614163).
cost(1, 2, 4).
cost(1, 3, 8).
cost(1, 4, 11).
cost(1, 5, 9).
cost(1, 6, 10).
cost(1, 7, 52).
cost(1, 8, 52).
cost(1, 9, 56).
cost(1, 10, 50).
cost(1, 11, 59).
cost(1, 12, 61).
cost(1, 13, 63).
cost(1, 14, 58).
cost(1, 15, 55).
cost(1, 16, 59).
cost(1, 17, 55).
cost(1, 18, 43).
cost(1, 19, 54).
cost(1, 20, 56).
cost(1, 21, 31).
cost(1, 22, 43).
cost(1, 23, 39).
cost(1, 24, 39).
cost(1, 25, 37).
cost(1, 26, 47).
cost(1, 27, 33).
cost(1, 28, 34).
cost(1, 29, 32).
cost(1, 30, 27).
cost(1, 31, 37).
cost(1, 32, 43).
cost(2, 1, 4).
cost(2, 3, 10).
cost(2, 4, 12).
cost(2, 5, 13).
cost(2, 6, 7).
cost(2, 7, 52).
cost(2, 8, 52).
cost(2, 9, 57).
cost(2, 10, 52).
cost(2, 11, 60).
cost(2, 12, 63).
cost(2, 13, 61).
cost(2, 14, 56).
cost(2, 15, 53).
cost(2, 16, 59).
cost(2, 17, 54).
cost(2, 18, 43).
cost(2, 19, 52).
cost(2, 20, 54).
cost(2, 21, 35).
cost(2, 22, 48).
cost(2, 23, 43).
cost(2, 24, 44).
cost(2, 25, 41).
cost(2, 26, 51).
cost(2, 27, 29).
cost(2, 28, 30).
cost(2, 29, 28).
cost(2, 30, 23).
cost(2, 31, 33).
cost(2, 32, 39).
cost(3, 1, 8).
cost(3, 2, 10).
cost(3, 4, 3).
cost(3, 5, 6).
cost(3, 6, 11).
cost(3, 7, 59).
cost(3, 8, 60).
cost(3, 9, 63).
cost(3, 10, 57).
cost(3, 11, 66).
cost(3, 12, 69).
cost(3, 13, 56).
cost(3, 14, 53).
cost(3, 15, 49).
cost(3, 16, 52).
cost(3, 17, 49).
cost(3, 18, 36).
cost(3, 19, 49).
cost(3, 20, 49).
cost(3, 21, 29).
cost(3, 22, 44).
cost(3, 23, 37).
cost(3, 24, 38).
cost(3, 25, 35).
cost(3, 26, 45).
cost(3, 27, 38).
cost(3, 28, 39).
cost(3, 29, 38).
cost(3, 30, 32).
cost(3, 31, 42).
cost(3, 32, 49).
cost(4, 1, 11).
cost(4, 2, 12).
cost(4, 3, 3).
cost(4, 5, 7).
cost(4, 6, 12).
cost(4, 7, 62).
cost(4, 8, 63).
cost(4, 9, 66).
cost(4, 10, 60).
cost(4, 11, 69).
cost(4, 12, 71).
cost(4, 13, 54).
cost(4, 14, 50).
cost(4, 15, 47).
cost(4, 16, 50).
cost(4, 17, 46).
cost(4, 18, 34).
cost(4, 19, 46).
cost(4, 20, 46).
cost(4, 21, 29).
cost(4, 22, 45).
cost(4, 23, 37).
cost(4, 24, 38).
cost(4, 25, 35).
cost(4, 26, 46).
cost(4, 27, 40).
cost(4, 28, 41).
cost(4, 29, 40).
cost(4, 30, 34).
cost(4, 31, 44).
cost(4, 32, 50).
cost(5, 1, 9).
cost(5, 2, 13).
cost(5, 3, 6).
cost(5, 4, 7).
cost(5, 6, 16).
cost(5, 7, 57).
cost(5, 8, 58).
cost(5, 9, 61).
cost(5, 10, 55).
cost(5, 11, 64).
cost(5, 12, 66).
cost(5, 13, 61).
cost(5, 14, 57).
cost(5, 15, 54).
cost(5, 16, 56).
cost(5, 17, 53).
cost(5, 18, 40).
cost(5, 19, 53).
cost(5, 20, 53).
cost(5, 21, 23).
cost(5, 22, 38).
cost(5, 23, 31).
cost(5, 24, 32).
cost(5, 25, 29).
cost(5, 26, 40).
cost(5, 27, 42).
cost(5, 28, 43).
cost(5, 29, 41).
cost(5, 30, 36).
cost(5, 31, 46).
cost(5, 32, 52).
cost(6, 1, 10).
cost(6, 2, 7).
cost(6, 3, 11).
cost(6, 4, 12).
cost(6, 5, 16).
cost(6, 7, 58).
cost(6, 8, 59).
cost(6, 9, 63).
cost(6, 10, 59).
cost(6, 11, 67).
cost(6, 12, 69).
cost(6, 13, 54).
cost(6, 14, 49).
cost(6, 15, 46).
cost(6, 16, 52).
cost(6, 17, 47).
cost(6, 18, 37).
cost(6, 19, 45).
cost(6, 20, 48).
cost(6, 21, 39).
cost(6, 22, 53).
cost(6, 23, 47).
cost(6, 24, 48).
cost(6, 25, 45).
cost(6, 26, 56).
cost(6, 27, 29).
cost(6, 28, 30).
cost(6, 29, 30).
cost(6, 30, 23).
cost(6, 31, 32).
cost(6, 32, 39).
cost(7, 1, 52).
cost(7, 2, 52).
cost(7, 3, 59).
cost(7, 4, 62).
cost(7, 5, 57).
cost(7, 6, 58).
cost(7, 8, 2).
cost(7, 9, 7).
cost(7, 10, 12).
cost(7, 11, 11).
cost(7, 12, 14).
cost(7, 13, 113).
cost(7, 14, 107).
cost(7, 15, 103).
cost(7, 16, 111).
cost(7, 17, 105).
cost(7, 18, 95).
cost(7, 19, 103).
cost(7, 20, 106).
cost(7, 21, 64).
cost(7, 22, 59).
cost(7, 23, 65).
cost(7, 24, 65).
cost(7, 25, 67).
cost(7, 26, 69).
cost(7, 27, 47).
cost(7, 28, 51).
cost(7, 29, 43).
cost(7, 30, 49).
cost(7, 31, 52).
cost(7, 32, 49).
cost(8, 1, 52).
cost(8, 2, 52).
cost(8, 3, 60).
cost(8, 4, 63).
cost(8, 5, 58).
cost(8, 6, 59).
cost(8, 7, 2).
cost(8, 9, 8).
cost(8, 10, 14).
cost(8, 11, 12).
cost(8, 12, 15).
cost(8, 13, 113).
cost(8, 14, 107).
cost(8, 15, 104).
cost(8, 16, 111).
cost(8, 17, 105).
cost(8, 18, 95).
cost(8, 19, 104).
cost(8, 20, 107).
cost(8, 21, 65).
cost(8, 22, 61).
cost(8, 23, 67).
cost(8, 24, 66).
cost(8, 25, 68).
cost(8, 26, 71).
cost(8, 27, 46).
cost(8, 28, 51).
cost(8, 29, 43).
cost(8, 30, 49).
cost(8, 31, 51).
cost(8, 32, 48).
cost(9, 1, 56).
cost(9, 2, 57).
cost(9, 3, 63).
cost(9, 4, 66).
cost(9, 5, 61).
cost(9, 6, 63).
cost(9, 7, 7).
cost(9, 8, 8).
cost(9, 10, 9).
cost(9, 11, 4).
cost(9, 12, 7).
cost(9, 13, 118).
cost(9, 14, 112).
cost(9, 15, 109).
cost(9, 16, 115).
cost(9, 17, 110).
cost(9, 18, 99).
cost(9, 19, 109).
cost(9, 20, 111).
cost(9, 21, 65).
cost(9, 22, 58).
cost(9, 23, 66).
cost(9, 24, 65).
cost(9, 25, 67).
cost(9, 26, 69).
cost(9, 27, 54).
cost(9, 28, 58).
cost(9, 29, 50).
cost(9, 30, 55).
cost(9, 31, 59).
cost(9, 32, 56).
cost(10, 1, 50).
cost(10, 2, 52).
cost(10, 3, 57).
cost(10, 4, 60).
cost(10, 5, 55).
cost(10, 6, 59).
cost(10, 7, 12).
cost(10, 8, 14).
cost(10, 9, 9).
cost(10, 11, 10).
cost(10, 12, 11).
cost(10, 13, 113).
cost(10, 14, 108).
cost(10, 15, 104).
cost(10, 16, 110).
cost(10, 17, 105).
cost(10, 18, 94).
cost(10, 19, 104).
cost(10, 20, 106).
cost(10, 21, 57).
cost(10, 22, 49).
cost(10, 23, 57).
cost(10, 24, 56).
cost(10, 25, 59).
cost(10, 26, 60).
cost(10, 27, 53).
cost(10, 28, 57).
cost(10, 29, 49).
cost(10, 30, 54).
cost(10, 31, 59).
cost(10, 32, 57).
cost(11, 1, 59).
cost(11, 2, 60).
cost(11, 3, 66).
cost(11, 4, 69).
cost(11, 5, 64).
cost(11, 6, 67).
cost(11, 7, 11).
cost(11, 8, 12).
cost(11, 9, 4).
cost(11, 10, 10).
cost(11, 12, 4).
cost(11, 13, 121).
cost(11, 14, 116).
cost(11, 15, 112).
cost(11, 16, 119).
cost(11, 17, 114).
cost(11, 18, 103).
cost(11, 19, 112).
cost(11, 20, 114).
cost(11, 21, 67).
cost(11, 22, 59).
cost(11, 23, 67).
cost(11, 24, 66).
cost(11, 25, 69).
cost(11, 26, 70).
cost(11, 27, 58).
cost(11, 28, 62).
cost(11, 29, 54).
cost(11, 30, 59).
cost(11, 31, 63).
cost(11, 32, 60).
cost(12, 1, 61).
cost(12, 2, 63).
cost(12, 3, 69).
cost(12, 4, 71).
cost(12, 5, 66).
cost(12, 6, 69).
cost(12, 7, 14).
cost(12, 8, 15).
cost(12, 9, 7).
cost(12, 10, 11).
cost(12, 11, 4).
cost(12, 13, 124).
cost(12, 14, 118).
cost(12, 15, 115).
cost(12, 16, 121).
cost(12, 17, 116).
cost(12, 18, 105).
cost(12, 19, 115).
cost(12, 20, 117).
cost(12, 21, 68).
cost(12, 22, 59).
cost(12, 23, 67).
cost(12, 24, 67).
cost(12, 25, 69).
cost(12, 26, 70).
cost(12, 27, 61).
cost(12, 28, 65).
cost(12, 29, 57).
cost(12, 30, 63).
cost(12, 31, 66).
cost(12, 32, 63).
cost(13, 1, 63).
cost(13, 2, 61).
cost(13, 3, 56).
cost(13, 4, 54).
cost(13, 5, 61).
cost(13, 6, 54).
cost(13, 7, 113).
cost(13, 8, 113).
cost(13, 9, 118).
cost(13, 10, 113).
cost(13, 11, 121).
cost(13, 12, 124).
cost(13, 14, 10).
cost(13, 15, 12).
cost(13, 16, 10).
cost(13, 17, 8).
cost(13, 18, 22).
cost(13, 19, 10).
cost(13, 20, 8).
cost(13, 21, 75).
cost(13, 22, 93).
cost(13, 23, 83).
cost(13, 24, 84).
cost(13, 25, 79).
cost(13, 26, 90).
cost(13, 27, 74).
cost(13, 28, 72).
cost(13, 29, 77).
cost(13, 30, 69).
cost(13, 31, 74).
cost(13, 32, 81).
cost(14, 1, 58).
cost(14, 2, 56).
cost(14, 3, 53).
cost(14, 4, 50).
cost(14, 5, 57).
cost(14, 6, 49).
cost(14, 7, 107).
cost(14, 8, 107).
cost(14, 9, 112).
cost(14, 10, 108).
cost(14, 11, 116).
cost(14, 12, 118).
cost(14, 13, 10).
cost(14, 15, 3).
cost(14, 16, 18).
cost(14, 17, 8).
cost(14, 18, 23).
cost(14, 19, 5).
cost(14, 20, 12).
cost(14, 21, 74).
cost(14, 22, 93).
cost(14, 23, 83).
cost(14, 24, 84).
cost(14, 25, 79).
cost(14, 26, 90).
cost(14, 27, 66).
cost(14, 28, 63).
cost(14, 29, 69).
cost(14, 30, 61).
cost(14, 31, 65).
cost(14, 32, 72).
cost(15, 1, 55).
cost(15, 2, 53).
cost(15, 3, 49).
cost(15, 4, 47).
cost(15, 5, 54).
cost(15, 6, 46).
cost(15, 7, 103).
cost(15, 8, 104).
cost(15, 9, 109).
cost(15, 10, 104).
cost(15, 11, 112).
cost(15, 12, 115).
cost(15, 13, 12).
cost(15, 14, 3).
cost(15, 16, 18).
cost(15, 17, 7).
cost(15, 18, 21).
cost(15, 19, 3).
cost(15, 20, 12).
cost(15, 21, 71).
cost(15, 22, 89).
cost(15, 23, 80).
cost(15, 24, 80).
cost(15, 25, 76).
cost(15, 26, 87).
cost(15, 27, 63).
cost(15, 28, 61).
cost(15, 29, 66).
cost(15, 30, 58).
cost(15, 31, 62).
cost(15, 32, 70).
cost(16, 1, 59).
cost(16, 2, 59).
cost(16, 3, 52).
cost(16, 4, 50).
cost(16, 5, 56).
cost(16, 6, 52).
cost(16, 7, 111).
cost(16, 8, 111).
cost(16, 9, 115).
cost(16, 10, 110).
cost(16, 11, 119).
cost(16, 12, 121).
cost(16, 13, 10).
cost(16, 14, 18).
cost(16, 15, 18).
cost(16, 17, 11).
cost(16, 18, 16).
cost(16, 19, 15).
cost(16, 20, 7).
cost(16, 21, 68).
cost(16, 22, 86).
cost(16, 23, 75).
cost(16, 24, 76).
cost(16, 25, 72).
cost(16, 26, 82).
cost(16, 27, 76).
cost(16, 28, 73).
cost(16, 29, 78).
cost(16, 30, 70).
cost(16, 31, 75).
cost(16, 32, 83).
cost(17, 1, 55).
cost(17, 2, 54).
cost(17, 3, 49).
cost(17, 4, 46).
cost(17, 5, 53).
cost(17, 6, 47).
cost(17, 7, 105).
cost(17, 8, 105).
cost(17, 9, 110).
cost(17, 10, 105).
cost(17, 11, 114).
cost(17, 12, 116).
cost(17, 13, 8).
cost(17, 14, 8).
cost(17, 15, 7).
cost(17, 16, 11).
cost(17, 18, 16).
cost(17, 19, 5).
cost(17, 20, 4).
cost(17, 21, 68).
cost(17, 22, 87).
cost(17, 23, 76).
cost(17, 24, 77).
cost(17, 25, 73).
cost(17, 26, 84).
cost(17, 27, 67).
cost(17, 28, 65).
cost(17, 29, 70).
cost(17, 30, 62).
cost(17, 31, 67).
cost(17, 32, 74).
cost(18, 1, 43).
cost(18, 2, 43).
cost(18, 3, 36).
cost(18, 4, 34).
cost(18, 5, 40).
cost(18, 6, 37).
cost(18, 7, 95).
cost(18, 8, 95).
cost(18, 9, 99).
cost(18, 10, 94).
cost(18, 11, 103).
cost(18, 12, 105).
cost(18, 13, 22).
cost(18, 14, 23).
cost(18, 15, 21).
cost(18, 16, 16).
cost(18, 17, 16).
cost(18, 19, 18).
cost(18, 20, 14).
cost(18, 21, 53).
cost(18, 22, 72).
cost(18, 23, 61).
cost(18, 24, 62).
cost(18, 25, 57).
cost(18, 26, 68).
cost(18, 27, 62).
cost(18, 28, 61).
cost(18, 29, 64).
cost(18, 30, 56).
cost(18, 31, 63).
cost(18, 32, 71).
cost(19, 1, 54).
cost(19, 2, 52).
cost(19, 3, 49).
cost(19, 4, 46).
cost(19, 5, 53).
cost(19, 6, 45).
cost(19, 7, 103).
cost(19, 8, 104).
cost(19, 9, 109).
cost(19, 10, 104).
cost(19, 11, 112).
cost(19, 12, 115).
cost(19, 13, 10).
cost(19, 14, 5).
cost(19, 15, 3).
cost(19, 16, 15).
cost(19, 17, 5).
cost(19, 18, 18).
cost(19, 20, 9).
cost(19, 21, 70).
cost(19, 22, 88).
cost(19, 23, 78).
cost(19, 24, 79).
cost(19, 25, 74).
cost(19, 26, 85).
cost(19, 27, 64).
cost(19, 28, 62).
cost(19, 29, 67).
cost(19, 30, 59).
cost(19, 31, 63).
cost(19, 32, 71).
cost(20, 1, 56).
cost(20, 2, 54).
cost(20, 3, 49).
cost(20, 4, 46).
cost(20, 5, 53).
cost(20, 6, 48).
cost(20, 7, 106).
cost(20, 8, 107).
cost(20, 9, 111).
cost(20, 10, 106).
cost(20, 11, 114).
cost(20, 12, 117).
cost(20, 13, 8).
cost(20, 14, 12).
cost(20, 15, 12).
cost(20, 16, 7).
cost(20, 17, 4).
cost(20, 18, 14).
cost(20, 19, 9).
cost(20, 21, 67).
cost(20, 22, 85).
cost(20, 23, 75).
cost(20, 24, 76).
cost(20, 25, 71).
cost(20, 26, 82).
cost(20, 27, 70).
cost(20, 28, 67).
cost(20, 29, 72).
cost(20, 30, 64).
cost(20, 31, 69).
cost(20, 32, 77).
cost(21, 1, 31).
cost(21, 2, 35).
cost(21, 3, 29).
cost(21, 4, 29).
cost(21, 5, 23).
cost(21, 6, 39).
cost(21, 7, 64).
cost(21, 8, 65).
cost(21, 9, 65).
cost(21, 10, 57).
cost(21, 11, 67).
cost(21, 12, 68).
cost(21, 13, 75).
cost(21, 14, 74).
cost(21, 15, 71).
cost(21, 16, 68).
cost(21, 17, 68).
cost(21, 18, 53).
cost(21, 19, 70).
cost(21, 20, 67).
cost(21, 22, 19).
cost(21, 23, 9).
cost(21, 24, 9).
cost(21, 25, 6).
cost(21, 26, 17).
cost(21, 27, 63).
cost(21, 28, 65).
cost(21, 29, 61).
cost(21, 30, 58).
cost(21, 31, 67).
cost(21, 32, 73).
cost(22, 1, 43).
cost(22, 2, 48).
cost(22, 3, 44).
cost(22, 4, 45).
cost(22, 5, 38).
cost(22, 6, 53).
cost(22, 7, 59).
cost(22, 8, 61).
cost(22, 9, 58).
cost(22, 10, 49).
cost(22, 11, 59).
cost(22, 12, 59).
cost(22, 13, 93).
cost(22, 14, 93).
cost(22, 15, 89).
cost(22, 16, 86).
cost(22, 17, 87).
cost(22, 18, 72).
cost(22, 19, 88).
cost(22, 20, 85).
cost(22, 21, 19).
cost(22, 23, 12).
cost(22, 24, 11).
cost(22, 25, 16).
cost(22, 26, 11).
cost(22, 27, 71).
cost(22, 28, 74).
cost(22, 29, 69).
cost(22, 30, 67).
cost(22, 31, 77).
cost(22, 32, 80).
cost(23, 1, 39).
cost(23, 2, 43).
cost(23, 3, 37).
cost(23, 4, 37).
cost(23, 5, 31).
cost(23, 6, 47).
cost(23, 7, 65).
cost(23, 8, 67).
cost(23, 9, 66).
cost(23, 10, 57).
cost(23, 11, 67).
cost(23, 12, 67).
cost(23, 13, 83).
cost(23, 14, 83).
cost(23, 15, 80).
cost(23, 16, 75).
cost(23, 17, 76).
cost(23, 18, 61).
cost(23, 19, 78).
cost(23, 20, 75).
cost(23, 21, 9).
cost(23, 22, 12).
cost(23, 24, 1).
cost(23, 25, 4).
cost(23, 26, 8).
cost(23, 27, 70).
cost(23, 28, 72).
cost(23, 29, 68).
cost(23, 30, 65).
cost(23, 31, 74).
cost(23, 32, 79).
cost(24, 1, 39).
cost(24, 2, 44).
cost(24, 3, 38).
cost(24, 4, 38).
cost(24, 5, 32).
cost(24, 6, 48).
cost(24, 7, 65).
cost(24, 8, 66).
cost(24, 9, 65).
cost(24, 10, 56).
cost(24, 11, 66).
cost(24, 12, 67).
cost(24, 13, 84).
cost(24, 14, 84).
cost(24, 15, 80).
cost(24, 16, 76).
cost(24, 17, 77).
cost(24, 18, 62).
cost(24, 19, 79).
cost(24, 20, 76).
cost(24, 21, 9).
cost(24, 22, 11).
cost(24, 23, 1).
cost(24, 25, 5).
cost(24, 26, 8).
cost(24, 27, 70).
cost(24, 28, 72).
cost(24, 29, 68).
cost(24, 30, 65).
cost(24, 31, 75).
cost(24, 32, 79).
cost(25, 1, 37).
cost(25, 2, 41).
cost(25, 3, 35).
cost(25, 4, 35).
cost(25, 5, 29).
cost(25, 6, 45).
cost(25, 7, 67).
cost(25, 8, 68).
cost(25, 9, 67).
cost(25, 10, 59).
cost(25, 11, 69).
cost(25, 12, 69).
cost(25, 13, 79).
cost(25, 14, 79).
cost(25, 15, 76).
cost(25, 16, 72).
cost(25, 17, 73).
cost(25, 18, 57).
cost(25, 19, 74).
cost(25, 20, 71).
cost(25, 21, 6).
cost(25, 22, 16).
cost(25, 23, 4).
cost(25, 24, 5).
cost(25, 26, 11).
cost(25, 27, 68).
cost(25, 28, 70).
cost(25, 29, 67).
cost(25, 30, 64).
cost(25, 31, 73).
cost(25, 32, 78).
cost(26, 1, 47).
cost(26, 2, 51).
cost(26, 3, 45).
cost(26, 4, 46).
cost(26, 5, 40).
cost(26, 6, 56).
cost(26, 7, 69).
cost(26, 8, 71).
cost(26, 9, 69).
cost(26, 10, 60).
cost(26, 11, 70).
cost(26, 12, 70).
cost(26, 13, 90).
cost(26, 14, 90).
cost(26, 15, 87).
cost(26, 16, 82).
cost(26, 17, 84).
cost(26, 18, 68).
cost(26, 19, 85).
cost(26, 20, 82).
cost(26, 21, 17).
cost(26, 22, 11).
cost(26, 23, 8).
cost(26, 24, 8).
cost(26, 25, 11).
cost(26, 27, 77).
cost(26, 28, 80).
cost(26, 29, 75).
cost(26, 30, 73).
cost(26, 31, 82).
cost(26, 32, 87).
cost(27, 1, 33).
cost(27, 2, 29).
cost(27, 3, 38).
cost(27, 4, 40).
cost(27, 5, 42).
cost(27, 6, 29).
cost(27, 7, 47).
cost(27, 8, 46).
cost(27, 9, 54).
cost(27, 10, 53).
cost(27, 11, 58).
cost(27, 12, 61).
cost(27, 13, 74).
cost(27, 14, 66).
cost(27, 15, 63).
cost(27, 16, 76).
cost(27, 17, 67).
cost(27, 18, 62).
cost(27, 19, 64).
cost(27, 20, 70).
cost(27, 21, 63).
cost(27, 22, 71).
cost(27, 23, 70).
cost(27, 24, 70).
cost(27, 25, 68).
cost(27, 26, 77).
cost(27, 28, 4).
cost(27, 29, 4).
cost(27, 30, 6).
cost(27, 31, 6).
cost(27, 32, 10).
cost(28, 1, 34).
cost(28, 2, 30).
cost(28, 3, 39).
cost(28, 4, 41).
cost(28, 5, 43).
cost(28, 6, 30).
cost(28, 7, 51).
cost(28, 8, 51).
cost(28, 9, 58).
cost(28, 10, 57).
cost(28, 11, 62).
cost(28, 12, 65).
cost(28, 13, 72).
cost(28, 14, 63).
cost(28, 15, 61).
cost(28, 16, 73).
cost(28, 17, 65).
cost(28, 18, 61).
cost(28, 19, 62).
cost(28, 20, 67).
cost(28, 21, 65).
cost(28, 22, 74).
cost(28, 23, 72).
cost(28, 24, 72).
cost(28, 25, 70).
cost(28, 26, 80).
cost(28, 27, 4).
cost(28, 29, 8).
cost(28, 30, 7).
cost(28, 31, 3).
cost(28, 32, 10).
cost(29, 1, 32).
cost(29, 2, 28).
cost(29, 3, 38).
cost(29, 4, 40).
cost(29, 5, 41).
cost(29, 6, 30).
cost(29, 7, 43).
cost(29, 8, 43).
cost(29, 9, 50).
cost(29, 10, 49).
cost(29, 11, 54).
cost(29, 12, 57).
cost(29, 13, 77).
cost(29, 14, 69).
cost(29, 15, 66).
cost(29, 16, 78).
cost(29, 17, 70).
cost(29, 18, 64).
cost(29, 19, 67).
cost(29, 20, 72).
cost(29, 21, 61).
cost(29, 22, 69).
cost(29, 23, 68).
cost(29, 24, 68).
cost(29, 25, 67).
cost(29, 26, 75).
cost(29, 27, 4).
cost(29, 28, 8).
cost(29, 30, 8).
cost(29, 31, 9).
cost(29, 32, 12).
cost(30, 1, 27).
cost(30, 2, 23).
cost(30, 3, 32).
cost(30, 4, 34).
cost(30, 5, 36).
cost(30, 6, 23).
cost(30, 7, 49).
cost(30, 8, 49).
cost(30, 9, 55).
cost(30, 10, 54).
cost(30, 11, 59).
cost(30, 12, 63).
cost(30, 13, 69).
cost(30, 14, 61).
cost(30, 15, 58).
cost(30, 16, 70).
cost(30, 17, 62).
cost(30, 18, 56).
cost(30, 19, 59).
cost(30, 20, 64).
cost(30, 21, 58).
cost(30, 22, 67).
cost(30, 23, 65).
cost(30, 24, 65).
cost(30, 25, 64).
cost(30, 26, 73).
cost(30, 27, 6).
cost(30, 28, 7).
cost(30, 29, 8).
cost(30, 31, 10).
cost(30, 32, 16).
cost(31, 1, 37).
cost(31, 2, 33).
cost(31, 3, 42).
cost(31, 4, 44).
cost(31, 5, 46).
cost(31, 6, 32).
cost(31, 7, 52).
cost(31, 8, 51).
cost(31, 9, 59).
cost(31, 10, 59).
cost(31, 11, 63).
cost(31, 12, 66).
cost(31, 13, 74).
cost(31, 14, 65).
cost(31, 15, 62).
cost(31, 16, 75).
cost(31, 17, 67).
cost(31, 18, 63).
cost(31, 19, 63).
cost(31, 20, 69).
cost(31, 21, 67).
cost(31, 22, 77).
cost(31, 23, 74).
cost(31, 24, 75).
cost(31, 25, 73).
cost(31, 26, 82).
cost(31, 27, 6).
cost(31, 28, 3).
cost(31, 29, 9).
cost(31, 30, 10).
cost(31, 32, 8).
cost(32, 1, 43).
cost(32, 2, 39).
cost(32, 3, 49).
cost(32, 4, 50).
cost(32, 5, 52).
cost(32, 6, 39).
cost(32, 7, 49).
cost(32, 8, 48).
cost(32, 9, 56).
cost(32, 10, 57).
cost(32, 11, 60).
cost(32, 12, 63).
cost(32, 13, 81).
cost(32, 14, 72).
cost(32, 15, 70).
cost(32, 16, 83).
cost(32, 17, 74).
cost(32, 18, 71).
cost(32, 19, 71).
cost(32, 20, 77).
cost(32, 21, 73).
cost(32, 22, 80).
cost(32, 23, 79).
cost(32, 24, 79).
cost(32, 25, 78).
cost(32, 26, 87).
cost(32, 27, 10).
cost(32, 28, 10).
cost(32, 29, 12).
cost(32, 30, 16).
cost(32, 31, 8).
