dimension(32).
point(1, 82.470753134, 48.4236176149).
point(2, 84.70812584, 44.7986467614).
point(3, 71.4619879358, 48.1094680699).
point(4, 70.1171125132, 44.6021503985).
point(5, 80.1121403766, 53.0929993904).
point(6, 75.1355654013, 45.935305987).
point(7, 75.057498001, 44.8638811383).
point(8, 68.9553218015, 43.3706736257).
point(9, 30.8615316087, 94.7183476641).
point(10, 23.0168453396, 95.8718555617).
point(11, 27.452434283, 96.0240211825).
point(12, 36.4403621503, 91.1178250434).
point(13, 26.6392471889, 97.0784628676).
point(14, 16.2264808034, 92.2469489827).
point(15, 82.504305226, 10.3994377951).
point(16, 88.3702106108, 12.84634087).
point(17, 88.7170660079, 3.9513816635).
point(18, 79.0303854634, 5.7421621069).
point(19, 95.2959920123, 6.7813099937).
point(20, 87.0150573075, 13.0369222143).
point(21, 14.5111645174, 77.9024683384).
point(22, 18.4411798327, 73.4915399456).
point(23, 11.865337185, 71.5821874602).
point(24, 10.0485223288, 68.712369839).
point(25, 22.8591173702, 61.8578459844).
point(26, 10.2338703399, 67.6748538076).
point(27, 62.6970088285, 22.5500732617).
point(28, 52.8305015745, 29.6226482116).
point(29, 61.7966240785, 23.4174996044).
point(30, 63.8696122018, 17.2256746522).
point(31, 51.2944405269, 16.8819527574).
point(32, 53.7635744275, 14.9636319961).
cost(1, 2, 4).
cost(1, 3, 11).
cost(1, 4, 13).
cost(1, 5, 5).
cost(1, 6, 8).
cost(1, 7, 8).
cost(1, 8, 14).
cost(1, 9, 69).
cost(1, 10, 76).
cost(1, 11, 73).
cost(1, 12, 63).
cost(1, 13, 74).
cost(1, 14, 79).
cost(1, 15, 38).
cost(1, 16, 36).
cost(1, 17, 45).
cost(1, 18, 43).
cost(1, 19, 44).
cost(1, 20, 36).
cost(1, 21, 74).
cost(1, 22, 69).
cost(1, 23, 74).
cost(1, 24, 75).
cost(1, 25, 61).
cost(1, 26, 75).
cost(1, 27, 33).
cost(1, 28, 35).
cost(1, 29, 32).
cost(1, 30, 36).
cost(1, 31, 44).
cost(1, 32, 44).
cost(2, 1, 4).
cost(2, 3, 14).
cost(2, 4, 15).
cost(2, 5, 9).
cost(2, 6, 10).
cost(2, 7, 10).
cost(2, 8, 16).
cost(2, 9, 73).
cost(2, 10, 80).
cost(2, 11, 77).
cost(2, 12, 67).
cost(2, 13, 78).
cost(2, 14, 83).
cost(2, 15, 34).
cost(2, 16, 32).
cost(2, 17, 41).
cost(2, 18, 39).
cost(2, 19, 39).
cost(2, 20, 32).
cost(2, 21, 78).
cost(2, 22, 72).
cost(2, 23, 78).
cost(2, 24, 78).
cost(2, 25, 64).
cost(2, 26, 78).
cost(2, 27, 31).
cost(2, 28, 35).
cost(2, 29, 31).
cost(2, 30, 35).
cost(2, 31, 44).
cost(2, 32, 43).
cost(3, 1, 11).
cost(3, 2, 14).
cost(3, 4, 4).
cost(3, 5, 10).
cost(3, 6, 4).
cost(3, 7, 5).
cost(3, 8, 5).
cost(3, 9, 62).
cost(3, 10, 68).
cost(3, 11, 65).
cost(3, 12, 55).
cost(3, 13, 66).
cost(3, 14, 71).
cost(3, 15, 39).
cost(3, 16, 39).
cost(3, 17, 47).
cost(3, 18, 43).
cost(3, 19, 48).
cost(3, 20, 38).
cost(3, 21, 64).
cost(3, 22, 59).
cost(3, 23, 64).
cost(3, 24, 65).
cost(3, 25, 51).
cost(3, 26, 64).
cost(3, 27, 27).
cost(3, 28, 26).
cost(3, 29, 27).
cost(3, 30, 32).
cost(3, 31, 37).
cost(3, 32, 38).
cost(4, 1, 13).
cost(4, 2, 15).
cost(4, 3, 4).
cost(4, 5, 13).
cost(4, 6, 5).
cost(4, 7, 5).
cost(4, 8, 2).
cost(4, 9, 64).
cost(4, 10, 70).
cost(4, 11, 67).
cost(4, 12, 57).
cost(4, 13, 68).
cost(4, 14, 72).
cost(4, 15, 36).
cost(4, 16, 37).
cost(4, 17, 45).
cost(4, 18, 40).
cost(4, 19, 45).
cost(4, 20, 36).
cost(4, 21, 65).
cost(4, 22, 59).
cost(4, 23, 64).
cost(4, 24, 65).
cost(4, 25, 50).
cost(4, 26, 64).
cost(4, 27, 23).
cost(4, 28, 23).
cost(4, 29, 23).
cost(4, 30, 28).
cost(4, 31, 34).
cost(4, 32, 34).
cost(5, 1, 5).
cost(5, 2, 9).
cost(5, 3, 10).
cost(5, 4, 13).
cost(5, 6, 9).
cost(5, 7, 10).
cost(5, 8, 15).
cost(5, 9, 64).
cost(5, 10, 71).
cost(5, 11, 68).
cost(5, 12, 58).
cost(5, 13, 69).
cost(5, 14, 75).
cost(5, 15, 43).
cost(5, 16, 41).
cost(5, 17, 50).
cost(5, 18, 47).
cost(5, 19, 49).
cost(5, 20, 41).
cost(5, 21, 70).
cost(5, 22, 65).
cost(5, 23, 71).
cost(5, 24, 72).
cost(5, 25, 58).
cost(5, 26, 71).
cost(5, 27, 35).
cost(5, 28, 36).
cost(5, 29, 35).
cost(5, 30, 39).
cost(5, 31, 46).
cost(5, 32, 46).
cost(6, 1, 8).
cost(6, 2, 10).
cost(6, 3, 4).
cost(6, 4, 5).
cost(6, 5, 9).
cost(6, 7, 1).
cost(6, 8, 7).
cost(6, 9, 66).
cost(6, 10, 72).
cost(6, 11, 69).
cost(6, 12, 59).
cost(6, 13, 70).
cost(6, 14, 75).
cost(6, 15, 36).
cost(6, 16, 36).
cost(6, 17, 44).
cost(6, 18, 40).
cost(6, 19, 44).
cost(6, 20, 35).
cost(6, 21, 69).
cost(6, 22, 63).
cost(6, 23, 68).
cost(6, 24, 69).
cost(6, 25, 55).
cost(6, 26, 68).
cost(6, 27, 26).
cost(6, 28, 28).
cost(6, 29, 26).
cost(6, 30, 31).
cost(6, 31, 38).
cost(6, 32, 38).
cost(7, 1, 8).
cost(7, 2, 10).
cost(7, 3, 5).
cost(7, 4, 5).
cost(7, 5, 10).
cost(7, 6, 1).
cost(7, 8, 6).
cost(7, 9, 67).
cost(7, 10, 73).
cost(7, 11, 70).
cost(7, 12, 60).
cost(7, 13, 71).
cost(7, 14, 76).
cost(7, 15, 35).
cost(7, 16, 35).
cost(7, 17, 43).
cost(7, 18, 39).
cost(7, 19, 43).
cost(7, 20, 34).
cost(7, 21, 69).
cost(7, 22, 63).
cost(7, 23, 69).
cost(7, 24, 69).
cost(7, 25, 55).
cost(7, 26, 69).
cost(7, 27, 26).
cost(7, 28, 27).
cost(7, 29, 25).
cost(7, 30, 30).
cost(7, 31, 37).
cost(7, 32, 37).
cost(8, 1, 14).
cost(8, 2, 16).
cost(8, 3, 5).
cost(8, 4, 2).
cost(8, 5, 15).
cost(8, 6, 7).
cost(8, 7, 6).
cost(8, 9, 64).
cost(8, 10, 70).
cost(8, 11, 67).
cost(8, 12, 58).
cost(8, 13, 68).
cost(8, 14, 72).
cost(8, 15, 36).
cost(8, 16, 36).
cost(8, 17, 44).
cost(8, 18, 39).
cost(8, 19, 45).
cost(8, 20, 35).
cost(8, 21, 64).
cost(8, 22, 59).
cost(8, 23, 64).
cost(8, 24, 64).
cost(8, 25, 50).
cost(8, 26, 64).
cost(8, 27, 22).
cost(8, 28, 21).
cost(8, 29, 21).
cost(8, 30, 27).
cost(8, 31, 32).
cost(8, 32, 32).
cost(9, 1, 69).
cost(9, 2, 73).
cost(9, 3, 62).
cost(9, 4, 64).
cost(9, 5, 64).
cost(9, 6, 66).
cost(9, 7, 67).
cost(9, 8, 64).
cost(9, 10, 8).
cost(9, 11, 4).
cost(9, 12, 7).
cost(9, 13, 5).
cost(9, 14, 15).
cost(9, 15, 99).
cost(9, 16, 100).
cost(9, 17, 108).
cost(9, 18, 101).
cost(9, 19, 109).
cost(9, 20, 99).
cost(9, 21, 23).
cost(9, 22, 25).
cost(9, 23, 30).
cost(9, 24, 33).
cost(9, 25, 34).
cost(9, 26, 34).
cost(9, 27, 79).
cost(9, 28, 69).
cost(9, 29, 78).
cost(9, 30, 84).
cost(9, 31, 80).
cost(9, 32, 83).
cost(10, 1, 76).
cost(10, 2, 80).
cost(10, 3, 68).
cost(10, 4, 70).
cost(10, 5, 71).
cost(10, 6, 72).
cost(10, 7, 73).
cost(10, 8, 70).
cost(10, 9, 8).
cost(10, 11, 4).
cost(10, 12, 14).
cost(10, 13, 4).
cost(10, 14, 8).
cost(10, 15, 104).
cost(10, 16, 106).
cost(10, 17, 113).
cost(10, 18, 106).
cost(10, 19, 115).
cost(10, 20, 105).
cost(10, 21, 20).
cost(10, 22, 23).
cost(10, 23, 27).
cost(10, 24, 30).
cost(10, 25, 34).
cost(10, 26, 31).
cost(10, 27, 83).
cost(10, 28, 73).
cost(10, 29, 82).
cost(10, 30, 89).
cost(10, 31, 84).
cost(10, 32, 87).
cost(11, 1, 73).
cost(11, 2, 77).
cost(11, 3, 65).
cost(11, 4, 67).
cost(11, 5, 68).
cost(11, 6, 69).
cost(11, 7, 70).
cost(11, 8, 67).
cost(11, 9, 4).
cost(11, 10, 4).
cost(11, 12, 10).
cost(11, 13, 1).
cost(11, 14, 12).
cost(11, 15, 102).
cost(11, 16, 103).
cost(11, 17, 111).
cost(11, 18, 104).
cost(11, 19, 112).
cost(11, 20, 102).
cost(11, 21, 22).
cost(11, 22, 24).
cost(11, 23, 29).
cost(11, 24, 32).
cost(11, 25, 34).
cost(11, 26, 33).
cost(11, 27, 81).
cost(11, 28, 71).
cost(11, 29, 80).
cost(11, 30, 87).
cost(11, 31, 83).
cost(11, 32, 85).
cost(12, 1, 63).
cost(12, 2, 67).
cost(12, 3, 55).
cost(12, 4, 57).
cost(12, 5, 58).
cost(12, 6, 59).
cost(12, 7, 60).
cost(12, 8, 58).
cost(12, 9, 7).
cost(12, 10, 14).
cost(12, 11, 10).
cost(12, 13, 11).
cost(12, 14, 20).
cost(12, 15, 93).
cost(12, 16, 94).
cost(12, 17, 102).
cost(12, 18, 95).
cost(12, 19, 103).
cost(12, 20, 93).
cost(12, 21, 26).
cost(12, 22, 25).
cost(12, 23, 31).
cost(12, 24, 35).
cost(12, 25, 32).
cost(12, 26, 35).
cost(12, 27, 73).
cost(12, 28, 64).
cost(12, 29, 72).
cost(12, 30, 79).
cost(12, 31, 76).
cost(12, 32, 78).
cost(13, 1, 74).
cost(13, 2, 78).
cost(13, 3, 66).
cost(13, 4, 68).
cost(13, 5, 69).
cost(13, 6, 70).
cost(13, 7, 71).
cost(13, 8, 68).
cost(13, 9, 5).
cost(13, 10, 4).
cost(13, 11, 1).
cost(13, 12, 11).
cost(13, 14, 11).
cost(13, 15, 103).
cost(13, 16, 104).
cost(13, 17, 112).
cost(13, 18, 105).
cost(13, 19, 113).
cost(13, 20, 103).
cost(13, 21, 23).
cost(13, 22, 25).
cost(13, 23, 29).
cost(13, 24, 33).
cost(13, 25, 35).
cost(13, 26, 34).
cost(13, 27, 83).
cost(13, 28, 72).
cost(13, 29, 82).
cost(13, 30, 88).
cost(13, 31, 84).
cost(13, 32, 86).
cost(14, 1, 79).
cost(14, 2, 83).
cost(14, 3, 71).
cost(14, 4, 72).
cost(14, 5, 75).
cost(14, 6, 75).
cost(14, 7, 76).
cost(14, 8, 72).
cost(14, 9, 15).
cost(14, 10, 8).
cost(14, 11, 12).
cost(14, 12, 20).
cost(14, 13, 11).
cost(14, 15, 105).
cost(14, 16, 107).
cost(14, 17, 114).
cost(14, 18, 107).
cost(14, 19, 116).
cost(14, 20, 106).
cost(14, 21, 14).
cost(14, 22, 19).
cost(14, 23, 21).
cost(14, 24, 24).
cost(14, 25, 31).
cost(14, 26, 25).
cost(14, 27, 84).
cost(14, 28, 73).
cost(14, 29, 83).
cost(14, 30, 89).
cost(14, 31, 83).
cost(14, 32, 86).
cost(15, 1, 38).
cost(15, 2, 34).
cost(15, 3, 39).
cost(15, 4, 36).
cost(15, 5, 43).
cost(15, 6, 36).
cost(15, 7, 35).
cost(15, 8, 36).
cost(15, 9, 99).
cost(15, 10, 104).
cost(15, 11, 102).
cost(15, 12, 93).
cost(15, 13, 103).
cost(15, 14, 105).
cost(15, 16, 6).
cost(15, 17, 9).
cost(15, 18, 6).
cost(15, 19, 13).
cost(15, 20, 5).
cost(15, 21, 96).
cost(15, 22, 90).
cost(15, 23, 93).
cost(15, 24, 93).
cost(15, 25, 79).
cost(15, 26, 92).
cost(15, 27, 23).
cost(15, 28, 35).
cost(15, 29, 24).
cost(15, 30, 20).
cost(15, 31, 32).
cost(15, 32, 29).
cost(16, 1, 36).
cost(16, 2, 32).
cost(16, 3, 39).
cost(16, 4, 37).
cost(16, 5, 41).
cost(16, 6, 36).
cost(16, 7, 35).
cost(16, 8, 36).
cost(16, 9, 100).
cost(16, 10, 106).
cost(16, 11, 103).
cost(16, 12, 94).
cost(16, 13, 104).
cost(16, 14, 107).
cost(16, 15, 6).
cost(16, 17, 9).
cost(16, 18, 12).
cost(16, 19, 9).
cost(16, 20, 1).
cost(16, 21, 98).
cost(16, 22, 93).
cost(16, 23, 96).
cost(16, 24, 96).
cost(16, 25, 82).
cost(16, 26, 95).
cost(16, 27, 27).
cost(16, 28, 39).
cost(16, 29, 29).
cost(16, 30, 25).
cost(16, 31, 37).
cost(16, 32, 35).
cost(17, 1, 45).
cost(17, 2, 41).
cost(17, 3, 47).
cost(17, 4, 45).
cost(17, 5, 50).
cost(17, 6, 44).
cost(17, 7, 43).
cost(17, 8, 44).
cost(17, 9, 108).
cost(17, 10, 113).
cost(17, 11, 111).
cost(17, 12, 102).
cost(17, 13, 112).
cost(17, 14, 114).
cost(17, 15, 9).
cost(17, 16, 9).
cost(17, 18, 10).
cost(17, 19, 7).
cost(17, 20, 9).
cost(17, 21, 105).
cost(17, 22, 99).
cost(17, 23, 102).
cost(17, 24, 102).
cost(17, 25, 88).
cost(17, 26, 101).
cost(17, 27, 32).
cost(17, 28, 44).
cost(17, 29, 33).
cost(17, 30, 28).
cost(17, 31, 40).
cost(17, 32, 37).
cost(18, 1, 43).
cost(18, 2, 39).
cost(18, 3, 43).
cost(18, 4, 40).
cost(18, 5, 47).
cost(18, 6, 40).
cost(18, 7, 39).
cost(18, 8, 39).
cost(18, 9, 101).
cost(18, 10, 106).
cost(18, 11, 104).
cost(18, 12, 95).
cost(18, 13, 105).
cost(18, 14, 107).
cost(18, 15, 6).
cost(18, 16, 12).
cost(18, 17, 10).
cost(18, 19, 16).
cost(18, 20, 11).
cost(18, 21, 97).
cost(18, 22, 91).
cost(18, 23, 94).
cost(18, 24, 93).
cost(18, 25, 79).
cost(18, 26, 93).
cost(18, 27, 23).
cost(18, 28, 35).
cost(18, 29, 25).
cost(18, 30, 19).
cost(18, 31, 30).
cost(18, 32, 27).
cost(19, 1, 44).
cost(19, 2, 39).
cost(19, 3, 48).
cost(19, 4, 45).
cost(19, 5, 49).
cost(19, 6, 44).
cost(19, 7, 43).
cost(19, 8, 45).
cost(19, 9, 109).
cost(19, 10, 115).
cost(19, 11, 112).
cost(19, 12, 103).
cost(19, 13, 113).
cost(19, 14, 116).
cost(19, 15, 13).
cost(19, 16, 9).
cost(19, 17, 7).
cost(19, 18, 16).
cost(19, 20, 10).
cost(19, 21, 108).
cost(19, 22, 102).
cost(19, 23, 106).
cost(19, 24, 105).
cost(19, 25, 91).
cost(19, 26, 105).
cost(19, 27, 36).
cost(19, 28, 48).
cost(19, 29, 37).
cost(19, 30, 33).
cost(19, 31, 45).
cost(19, 32, 42).
cost(20, 1, 36).
cost(20, 2, 32).
cost(20, 3, 38).
cost(20, 4, 36).
cost(20, 5, 41).
cost(20, 6, 35).
cost(20, 7, 34).
cost(20, 8, 35).
cost(20, 9, 99).
cost(20, 10, 105).
cost(20, 11, 102).
cost(20, 12, 93).
cost(20, 13, 103).
cost(20, 14, 106).
cost(20, 15, 5).
cost(20, 16, 1).
cost(20, 17, 9).
cost(20, 18, 11).
cost(20, 19, 10).
cost(20, 21, 97).
cost(20, 22, 91).
cost(20, 23, 95).
cost(20, 24, 95).
cost(20, 25, 81).
cost(20, 26, 94).
cost(20, 27, 26).
cost(20, 28, 38).
cost(20, 29, 27).
cost(20, 30, 24).
cost(20, 31, 36).
cost(20, 32, 33).
cost(21, 1, 74).
cost(21, 2, 78).
cost(21, 3, 64).
cost(21, 4, 65).
cost(21, 5, 70).
cost(21, 6, 69).
cost(21, 7, 69).
cost(21, 8, 64).
cost(21, 9, 23).
cost(21, 10, 20).
cost(21, 11, 22).
cost(21, 12, 26).
cost(21, 13, 23).
cost(21, 14, 14).
cost(21, 15, 96).
cost(21, 16, 98).
cost(21, 17, 105).
cost(21, 18, 97).
cost(21, 19, 108).
cost(21, 20, 97).
cost(21, 22, 6).
cost(21, 23, 7).
cost(21, 24, 10).
cost(21, 25, 18).
cost(21, 26, 11).
cost(21, 27, 73).
cost(21, 28, 62).
cost(21, 29, 72).
cost(21, 30, 78).
cost(21, 31, 71).
cost(21, 32, 74).
cost(22, 1, 69).
cost(22, 2, 72).
cost(22, 3, 59).
cost(22, 4, 59).
cost(22, 5, 65).
cost(22, 6, 63).
cost(22, 7, 63).
cost(22, 8, 59).
cost(22, 9, 25).
cost(22, 10, 23).
cost(22, 11, 24).
cost(22, 12, 25).
cost(22, 13, 25).
cost(22, 14, 19).
cost(22, 15, 90).
cost(22, 16, 93).
cost(22, 17, 99).
cost(22, 18, 91).
cost(22, 19, 102).
cost(22, 20, 91).
cost(22, 21, 6).
cost(22, 23, 7).
cost(22, 24, 10).
cost(22, 25, 12).
cost(22, 26, 10).
cost(22, 27, 67).
cost(22, 28, 56).
cost(22, 29, 66).
cost(22, 30, 72).
cost(22, 31, 65).
cost(22, 32, 68).
cost(23, 1, 74).
cost(23, 2, 78).
cost(23, 3, 64).
cost(23, 4, 64).
cost(23, 5, 71).
cost(23, 6, 68).
cost(23, 7, 69).
cost(23, 8, 64).
cost(23, 9, 30).
cost(23, 10, 27).
cost(23, 11, 29).
cost(23, 12, 31).
cost(23, 13, 29).
cost(23, 14, 21).
cost(23, 15, 93).
cost(23, 16, 96).
cost(23, 17, 102).
cost(23, 18, 94).
cost(23, 19, 106).
cost(23, 20, 95).
cost(23, 21, 7).
cost(23, 22, 7).
cost(23, 24, 3).
cost(23, 25, 15).
cost(23, 26, 4).
cost(23, 27, 71).
cost(23, 28, 59).
cost(23, 29, 69).
cost(23, 30, 75).
cost(23, 31, 67).
cost(23, 32, 70).
cost(24, 1, 75).
cost(24, 2, 78).
cost(24, 3, 65).
cost(24, 4, 65).
cost(24, 5, 72).
cost(24, 6, 69).
cost(24, 7, 69).
cost(24, 8, 64).
cost(24, 9, 33).
cost(24, 10, 30).
cost(24, 11, 32).
cost(24, 12, 35).
cost(24, 13, 33).
cost(24, 14, 24).
cost(24, 15, 93).
cost(24, 16, 96).
cost(24, 17, 102).
cost(24, 18, 93).
cost(24, 19, 105).
cost(24, 20, 95).
cost(24, 21, 10).
cost(24, 22, 10).
cost(24, 23, 3).
cost(24, 25, 15).
cost(24, 26, 1).
cost(24, 27, 70).
cost(24, 28, 58).
cost(24, 29, 69).
cost(24, 30, 74).
cost(24, 31, 66).
cost(24, 32, 69).
cost(25, 1, 61).
cost(25, 2, 64).
cost(25, 3, 51).
cost(25, 4, 50).
cost(25, 5, 58).
cost(25, 6, 55).
cost(25, 7, 55).
cost(25, 8, 50).
cost(25, 9, 34).
cost(25, 10, 34).
cost(25, 11, 34).
cost(25, 12, 32).
cost(25, 13, 35).
cost(25, 14, 31).
cost(25, 15, 79).
cost(25, 16, 82).
cost(25, 17, 88).
cost(25, 18, 79).
cost(25, 19, 91).
cost(25, 20, 81).
cost(25, 21, 18).
cost(25, 22, 12).
cost(25, 23, 15).
cost(25, 24, 15).
cost(25, 26, 14).
cost(25, 27, 56).
cost(25, 28, 44).
cost(25, 29, 55).
cost(25, 30, 61).
cost(25, 31, 53).
cost(25, 32, 56).
cost(26, 1, 75).
cost(26, 2, 78).
cost(26, 3, 64).
cost(26, 4, 64).
cost(26, 5, 71).
cost(26, 6, 68).
cost(26, 7, 69).
cost(26, 8, 64).
cost(26, 9, 34).
cost(26, 10, 31).
cost(26, 11, 33).
cost(26, 12, 35).
cost(26, 13, 34).
cost(26, 14, 25).
cost(26, 15, 92).
cost(26, 16, 95).
cost(26, 17, 101).
cost(26, 18, 93).
cost(26, 19, 105).
cost(26, 20, 94).
cost(26, 21, 11).
cost(26, 22, 10).
cost(26, 23, 4).
cost(26, 24, 1).
cost(26, 25, 14).
cost(26, 27, 69).
cost(26, 28, 57).
cost(26, 29, 68).
cost(26, 30, 74).
cost(26, 31, 65).
cost(26, 32, 68).
cost(27, 1, 33).
cost(27, 2, 31).
cost(27, 3, 27).
cost(27, 4, 23).
cost(27, 5, 35).
cost(27, 6, 26).
cost(27, 7, 26).
cost(27, 8, 22).
cost(27, 9, 79).
cost(27, 10, 83).
cost(27, 11, 81).
cost(27, 12, 73).
cost(27, 13, 83).
cost(27, 14, 84).
cost(27, 15, 23).
cost(27, 16, 27).
cost(27, 17, 32).
cost(27, 18, 23).
cost(27, 19, 36).
cost(27, 20, 26).
cost(27, 21, 73).
cost(27, 22, 67).
cost(27, 23, 71).
cost(27, 24, 70).
cost(27, 25, 56).
cost(27, 26, 69).
cost(27, 28, 12).
cost(27, 29, 1).
cost(27, 30, 5).
cost(27, 31, 13).
cost(27, 32, 12).
cost(28, 1, 35).
cost(28, 2, 35).
cost(28, 3, 26).
cost(28, 4, 23).
cost(28, 5, 36).
cost(28, 6, 28).
cost(28, 7, 27).
cost(28, 8, 21).
cost(28, 9, 69).
cost(28, 10, 73).
cost(28, 11, 71).
cost(28, 12, 64).
cost(28, 13, 72).
cost(28, 14, 73).
cost(28, 15, 35).
cost(28, 16, 39).
cost(28, 17, 44).
cost(28, 18, 35).
cost(28, 19, 48).
cost(28, 20, 38).
cost(28, 21, 62).
cost(28, 22, 56).
cost(28, 23, 59).
cost(28, 24, 58).
cost(28, 25, 44).
cost(28, 26, 57).
cost(28, 27, 12).
cost(28, 29, 11).
cost(28, 30, 17).
cost(28, 31, 13).
cost(28, 32, 15).
cost(29, 1, 32).
cost(29, 2, 31).
cost(29, 3, 27).
cost(29, 4, 23).
cost(29, 5, 35).
cost(29, 6, 26).
cost(29, 7, 25).
cost(29, 8, 21).
cost(29, 9, 78).
cost(29, 10, 82).
cost(29, 11, 80).
cost(29, 12, 72).
cost(29, 13, 82).
cost(29, 14, 83).
cost(29, 15, 24).
cost(29, 16, 29).
cost(29, 17, 33).
cost(29, 18, 25).
cost(29, 19, 37).
cost(29, 20, 27).
cost(29, 21, 72).
cost(29, 22, 66).
cost(29, 23, 69).
cost(29, 24, 69).
cost(29, 25, 55).
cost(29, 26, 68).
cost(29, 27, 1).
cost(29, 28, 11).
cost(29, 30, 7).
cost(29, 31, 12).
cost(29, 32, 12).
cost(30, 1, 36).
cost(30, 2, 35).
cost(30, 3, 32).
cost(30, 4, 28).
cost(30, 5, 39).
cost(30, 6, 31).
cost(30, 7, 30).
cost(30, 8, 27).
cost(30, 9, 84).
cost(30, 10, 89).
cost(30, 11, 87).
cost(30, 12, 79).
cost(30, 13, 88).
cost(30, 14, 89).
cost(30, 15, 20).
cost(30, 16, 25).
cost(30, 17, 28).
cost(30, 18, 19).
cost(30, 19, 33).
cost(30, 20, 24).
cost(30, 21, 78).
cost(30, 22, 72).
cost(30, 23, 75).
cost(30, 24, 74).
cost(30, 25, 61).
cost(30, 26, 74).
cost(30, 27, 5).
cost(30, 28, 17).
cost(30, 29, 7).
cost(30, 31, 13).
cost(30, 32, 10).
cost(31, 1, 44).
cost(31, 2, 44).
cost(31, 3, 37).
cost(31, 4, 34).
cost(31, 5, 46).
cost(31, 6, 38).
cost(31, 7, 37).
cost(31, 8, 32).
cost(31, 9, 80).
cost(31, 10, 84).
cost(31, 11, 83).
cost(31, 12, 76).
cost(31, 13, 84).
cost(31, 14, 83).
cost(31, 15, 32).
cost(31, 16, 37).
cost(31, 17, 40).
cost(31, 18, 30).
cost(31, 19, 45).
cost(31, 20, 36).
cost(31, 21, 71).
cost(31, 22, 65).
cost(31, 23, 67).
cost(31, 24, 66).
cost(31, 25, 53).
cost(31, 26, 65).
cost(31, 27, 13).
cost(31, 28, 13).
cost(31, 29, 12).
cost(31, 30, 13).
cost(31, 32, 3).
cost(32, 1, 44).
cost(32, 2, 43).
cost(32, 3, 38).
cost(32, 4, 34).
cost(32, 5, 46).
cost(32, 6, 38).
cost(32, 7, 37).
cost(32, 8, 32).
cost(32, 9, 83).
cost(32, 10, 87).
cost(32, 11, 85).
cost(32, 12, 78).
cost(32, 13, 86).
cost(32, 14, 86).
cost(32, 15, 29).
cost(32, 16, 35).
cost(32, 17, 37).
cost(32, 18, 27).
cost(32, 19, 42).
cost(32, 20, 33).
cost(32, 21, 74).
cost(32, 22, 68).
cost(32, 23, 70).
cost(32, 24, 69).
cost(32, 25, 56).
cost(32, 26, 68).
cost(32, 27, 12).
cost(32, 28, 15).
cost(32, 29, 12).
cost(32, 30, 10).
cost(32, 31, 3).
