dimension(26).
point(1, 54.027907172, 21.946728443).
point(2, 29.278981137, 26.201396949).
point(3, 87.7313863044, 95.7996547207).
point(4, 56.0280424093, 47.9077967978).
point(5, 33.8379604201, 49.8093814741).
point(6, 85.7570952767, 62.6953671439).
point(7, 75.3323505826, 70.8778128945).
point(8, 33.5967540062, 23.8535166266).
point(9, 56.2603088016, 51.2494299557).
point(10, 77.4022004105, 79.5320082884).
point(11, 15.8122722599, 21.7141352992).
point(12, 55.4533429258, 51.8429351568).
point(13, 46.8124753931, 36.5444454571).
point(14, 68.6197244804, 87.2812152418).
point(15, 80.7473288564, 95.1115053384).
point(16, 76.141944589, 72.684565715).
point(17, 49.4539401353, 94.4429011159).
point(18, 82.9638066212, 61.1589619273).
point(19, 21.4162928246, 38.2331211725).
point(20, 60.0232494099, 44.1159839631).
point(21, 64.8314921806, 35.5100845932).
point(22, 75.7135340127, 84.6466559446).
point(23, 48.6284043561, 90.8953250024).
point(24, 17.9372340713, 19.0826273262).
point(25, 57.0583894043, 76.0069565706).
point(26, 66.2382592429, 82.7854207262).
cost(1, 2, 25).
cost(1, 3, 81).
cost(1, 4, 26).
cost(1, 5, 34).
cost(1, 6, 52).
cost(1, 7, 53).
cost(1, 8, 21).
cost(1, 9, 29).
cost(1, 10, 62).
cost(1, 11, 38).
cost(1, 12, 30).
cost(1, 13, 16).
cost(1, 14, 67).
cost(1, 15, 78).
cost(1, 16, 55).
cost(1, 17, 73).
cost(1, 18, 49).
cost(1, 19, 36).
cost(1, 20, 23).
cost(1, 21, 17).
cost(1, 22, 66).
cost(1, 23, 69).
cost(1, 24, 36).
cost(1, 25, 54).
cost(1, 26, 62).
cost(2, 1, 25).
cost(2, 3, 91).
cost(2, 4, 34).
cost(2, 5, 24).
cost(2, 6, 67).
cost(2, 7, 64).
cost(2, 8, 5).
cost(2, 9, 37).
cost(2, 10, 72).
cost(2, 11, 14).
cost(2, 12, 37).
cost(2, 13, 20).
cost(2, 14, 73).
cost(2, 15, 86).
cost(2, 16, 66).
cost(2, 17, 71).
cost(2, 18, 64).
cost(2, 19, 14).
cost(2, 20, 36).
cost(2, 21, 37).
cost(2, 22, 75).
cost(2, 23, 68).
cost(2, 24, 13).
cost(2, 25, 57).
cost(2, 26, 68).
cost(3, 1, 81).
cost(3, 2, 91).
cost(3, 4, 57).
cost(3, 5, 71).
cost(3, 6, 33).
cost(3, 7, 28).
cost(3, 8, 90).
cost(3, 9, 55).
cost(3, 10, 19).
cost(3, 11, 103).
cost(3, 12, 55).
cost(3, 13, 72).
cost(3, 14, 21).
cost(3, 15, 7).
cost(3, 16, 26).
cost(3, 17, 38).
cost(3, 18, 35).
cost(3, 19, 88).
cost(3, 20, 59).
cost(3, 21, 64).
cost(3, 22, 16).
cost(3, 23, 39).
cost(3, 24, 104).
cost(3, 25, 37).
cost(3, 26, 25).
cost(4, 1, 26).
cost(4, 2, 34).
cost(4, 3, 57).
cost(4, 5, 22).
cost(4, 6, 33).
cost(4, 7, 30).
cost(4, 8, 33).
cost(4, 9, 3).
cost(4, 10, 38).
cost(4, 11, 48).
cost(4, 12, 4).
cost(4, 13, 15).
cost(4, 14, 41).
cost(4, 15, 53).
cost(4, 16, 32).
cost(4, 17, 47).
cost(4, 18, 30).
cost(4, 19, 36).
cost(4, 20, 6).
cost(4, 21, 15).
cost(4, 22, 42).
cost(4, 23, 44).
cost(4, 24, 48).
cost(4, 25, 28).
cost(4, 26, 36).
cost(5, 1, 34).
cost(5, 2, 24).
cost(5, 3, 71).
cost(5, 4, 22).
cost(5, 6, 53).
cost(5, 7, 47).
cost(5, 8, 26).
cost(5, 9, 22).
cost(5, 10, 53).
cost(5, 11, 33).
cost(5, 12, 22).
cost(5, 13, 19).
cost(5, 14, 51).
cost(5, 15, 65).
cost(5, 16, 48).
cost(5, 17, 47).
cost(5, 18, 50).
cost(5, 19, 17).
cost(5, 20, 27).
cost(5, 21, 34).
cost(5, 22, 54).
cost(5, 23, 44).
cost(5, 24, 35).
cost(5, 25, 35).
cost(5, 26, 46).
cost(6, 1, 52).
cost(6, 2, 67).
cost(6, 3, 33).
cost(6, 4, 33).
cost(6, 5, 53).
cost(6, 7, 13).
cost(6, 8, 65).
cost(6, 9, 32).
cost(6, 10, 19).
cost(6, 11, 81).
cost(6, 12, 32).
cost(6, 13, 47).
cost(6, 14, 30).
cost(6, 15, 33).
cost(6, 16, 14).
cost(6, 17, 48).
cost(6, 18, 3).
cost(6, 19, 69).
cost(6, 20, 32).
cost(6, 21, 34).
cost(6, 22, 24).
cost(6, 23, 47).
cost(6, 24, 81).
cost(6, 25, 32).
cost(6, 26, 28).
cost(7, 1, 53).
cost(7, 2, 64).
cost(7, 3, 28).
cost(7, 4, 30).
cost(7, 5, 47).
cost(7, 6, 13).
cost(7, 8, 63).
cost(7, 9, 27).
cost(7, 10, 9).
cost(7, 11, 77).
cost(7, 12, 28).
cost(7, 13, 45).
cost(7, 14, 18).
cost(7, 15, 25).
cost(7, 16, 2).
cost(7, 17, 35).
cost(7, 18, 12).
cost(7, 19, 63).
cost(7, 20, 31).
cost(7, 21, 37).
cost(7, 22, 14).
cost(7, 23, 33).
cost(7, 24, 77).
cost(7, 25, 19).
cost(7, 26, 15).
cost(8, 1, 21).
cost(8, 2, 5).
cost(8, 3, 90).
cost(8, 4, 33).
cost(8, 5, 26).
cost(8, 6, 65).
cost(8, 7, 63).
cost(8, 9, 36).
cost(8, 10, 71).
cost(8, 11, 18).
cost(8, 12, 36).
cost(8, 13, 18).
cost(8, 14, 72).
cost(8, 15, 85).
cost(8, 16, 65).
cost(8, 17, 72).
cost(8, 18, 62).
cost(8, 19, 19).
cost(8, 20, 33).
cost(8, 21, 33).
cost(8, 22, 74).
cost(8, 23, 69).
cost(8, 24, 16).
cost(8, 25, 57).
cost(8, 26, 67).
cost(9, 1, 29).
cost(9, 2, 37).
cost(9, 3, 55).
cost(9, 4, 3).
cost(9, 5, 22).
cost(9, 6, 32).
cost(9, 7, 27).
cost(9, 8, 36).
cost(9, 10, 35).
cost(9, 11, 50).
cost(9, 12, 1).
cost(9, 13, 17).
cost(9, 14, 38).
cost(9, 15, 50).
cost(9, 16, 29).
cost(9, 17, 44).
cost(9, 18, 28).
cost(9, 19, 37).
cost(9, 20, 8).
cost(9, 21, 18).
cost(9, 22, 39).
cost(9, 23, 40).
cost(9, 24, 50).
cost(9, 25, 25).
cost(9, 26, 33).
cost(10, 1, 62).
cost(10, 2, 72).
cost(10, 3, 19).
cost(10, 4, 38).
cost(10, 5, 53).
cost(10, 6, 19).
cost(10, 7, 9).
cost(10, 8, 71).
cost(10, 9, 35).
cost(10, 11, 84).
cost(10, 12, 35).
cost(10, 13, 53).
cost(10, 14, 12).
cost(10, 15, 16).
cost(10, 16, 7).
cost(10, 17, 32).
cost(10, 18, 19).
cost(10, 19, 70).
cost(10, 20, 39).
cost(10, 21, 46).
cost(10, 22, 5).
cost(10, 23, 31).
cost(10, 24, 85).
cost(10, 25, 21).
cost(10, 26, 12).
cost(11, 1, 38).
cost(11, 2, 14).
cost(11, 3, 103).
cost(11, 4, 48).
cost(11, 5, 33).
cost(11, 6, 81).
cost(11, 7, 77).
cost(11, 8, 18).
cost(11, 9, 50).
cost(11, 10, 84).
cost(11, 12, 50).
cost(11, 13, 34).
cost(11, 14, 84).
cost(11, 15, 98).
cost(11, 16, 79).
cost(11, 17, 80).
cost(11, 18, 78).
cost(11, 19, 17).
cost(11, 20, 50).
cost(11, 21, 51).
cost(11, 22, 87).
cost(11, 23, 77).
cost(11, 24, 3).
cost(11, 25, 68).
cost(11, 26, 79).
cost(12, 1, 30).
cost(12, 2, 37).
cost(12, 3, 55).
cost(12, 4, 4).
cost(12, 5, 22).
cost(12, 6, 32).
cost(12, 7, 28).
cost(12, 8, 36).
cost(12, 9, 1).
cost(12, 10, 35).
cost(12, 11, 50).
cost(12, 13, 18).
cost(12, 14, 38).
cost(12, 15, 50).
cost(12, 16, 29).
cost(12, 17, 43).
cost(12, 18, 29).
cost(12, 19, 37).
cost(12, 20, 9).
cost(12, 21, 19).
cost(12, 22, 39).
cost(12, 23, 40).
cost(12, 24, 50).
cost(12, 25, 24).
cost(12, 26, 33).
cost(13, 1, 16).
cost(13, 2, 20).
cost(13, 3, 72).
cost(13, 4, 15).
cost(13, 5, 19).
cost(13, 6, 47).
cost(13, 7, 45).
cost(13, 8, 18).
cost(13, 9, 17).
cost(13, 10, 53).
cost(13, 11, 34).
cost(13, 12, 18).
cost(13, 14, 55).
cost(13, 15, 68).
cost(13, 16, 47).
cost(13, 17, 58).
cost(13, 18, 44).
cost(13, 19, 25).
cost(13, 20, 15).
cost(13, 21, 18).
cost(13, 22, 56).
cost(13, 23, 54).
cost(13, 24, 34).
cost(13, 25, 41).
cost(13, 26, 50).
cost(14, 1, 67).
cost(14, 2, 73).
cost(14, 3, 21).
cost(14, 4, 41).
cost(14, 5, 51).
cost(14, 6, 30).
cost(14, 7, 18).
cost(14, 8, 72).
cost(14, 9, 38).
cost(14, 10, 12).
cost(14, 11, 84).
cost(14, 12, 38).
cost(14, 13, 55).
cost(14, 15, 14).
cost(14, 16, 16).
cost(14, 17, 20).
cost(14, 18, 30).
cost(14, 19, 68).
cost(14, 20, 44).
cost(14, 21, 52).
cost(14, 22, 8).
cost(14, 23, 20).
cost(14, 24, 85).
cost(14, 25, 16).
cost(14, 26, 5).
cost(15, 1, 78).
cost(15, 2, 86).
cost(15, 3, 7).
cost(15, 4, 53).
cost(15, 5, 65).
cost(15, 6, 33).
cost(15, 7, 25).
cost(15, 8, 85).
cost(15, 9, 50).
cost(15, 10, 16).
cost(15, 11, 98).
cost(15, 12, 50).
cost(15, 13, 68).
cost(15, 14, 14).
cost(15, 16, 23).
cost(15, 17, 31).
cost(15, 18, 34).
cost(15, 19, 82).
cost(15, 20, 55).
cost(15, 21, 62).
cost(15, 22, 12).
cost(15, 23, 32).
cost(15, 24, 99).
cost(15, 25, 30).
cost(15, 26, 19).
cost(16, 1, 55).
cost(16, 2, 66).
cost(16, 3, 26).
cost(16, 4, 32).
cost(16, 5, 48).
cost(16, 6, 14).
cost(16, 7, 2).
cost(16, 8, 65).
cost(16, 9, 29).
cost(16, 10, 7).
cost(16, 11, 79).
cost(16, 12, 29).
cost(16, 13, 47).
cost(16, 14, 16).
cost(16, 15, 23).
cost(16, 17, 34).
cost(16, 18, 13).
cost(16, 19, 65).
cost(16, 20, 33).
cost(16, 21, 39).
cost(16, 22, 12).
cost(16, 23, 33).
cost(16, 24, 79).
cost(16, 25, 19).
cost(16, 26, 14).
cost(17, 1, 73).
cost(17, 2, 71).
cost(17, 3, 38).
cost(17, 4, 47).
cost(17, 5, 47).
cost(17, 6, 48).
cost(17, 7, 35).
cost(17, 8, 72).
cost(17, 9, 44).
cost(17, 10, 32).
cost(17, 11, 80).
cost(17, 12, 43).
cost(17, 13, 58).
cost(17, 14, 20).
cost(17, 15, 31).
cost(17, 16, 34).
cost(17, 18, 47).
cost(17, 19, 63).
cost(17, 20, 51).
cost(17, 21, 61).
cost(17, 22, 28).
cost(17, 23, 4).
cost(17, 24, 82).
cost(17, 25, 20).
cost(17, 26, 20).
cost(18, 1, 49).
cost(18, 2, 64).
cost(18, 3, 35).
cost(18, 4, 30).
cost(18, 5, 50).
cost(18, 6, 3).
cost(18, 7, 12).
cost(18, 8, 62).
cost(18, 9, 28).
cost(18, 10, 19).
cost(18, 11, 78).
cost(18, 12, 29).
cost(18, 13, 44).
cost(18, 14, 30).
cost(18, 15, 34).
cost(18, 16, 13).
cost(18, 17, 47).
cost(18, 19, 66).
cost(18, 20, 29).
cost(18, 21, 31).
cost(18, 22, 25).
cost(18, 23, 45).
cost(18, 24, 77).
cost(18, 25, 30).
cost(18, 26, 27).
cost(19, 1, 36).
cost(19, 2, 14).
cost(19, 3, 88).
cost(19, 4, 36).
cost(19, 5, 17).
cost(19, 6, 69).
cost(19, 7, 63).
cost(19, 8, 19).
cost(19, 9, 37).
cost(19, 10, 70).
cost(19, 11, 17).
cost(19, 12, 37).
cost(19, 13, 25).
cost(19, 14, 68).
cost(19, 15, 82).
cost(19, 16, 65).
cost(19, 17, 63).
cost(19, 18, 66).
cost(19, 20, 39).
cost(19, 21, 44).
cost(19, 22, 71).
cost(19, 23, 59).
cost(19, 24, 19).
cost(19, 25, 52).
cost(19, 26, 63).
cost(20, 1, 23).
cost(20, 2, 36).
cost(20, 3, 59).
cost(20, 4, 6).
cost(20, 5, 27).
cost(20, 6, 32).
cost(20, 7, 31).
cost(20, 8, 33).
cost(20, 9, 8).
cost(20, 10, 39).
cost(20, 11, 50).
cost(20, 12, 9).
cost(20, 13, 15).
cost(20, 14, 44).
cost(20, 15, 55).
cost(20, 16, 33).
cost(20, 17, 51).
cost(20, 18, 29).
cost(20, 19, 39).
cost(20, 21, 10).
cost(20, 22, 43).
cost(20, 23, 48).
cost(20, 24, 49).
cost(20, 25, 32).
cost(20, 26, 39).
cost(21, 1, 17).
cost(21, 2, 37).
cost(21, 3, 64).
cost(21, 4, 15).
cost(21, 5, 34).
cost(21, 6, 34).
cost(21, 7, 37).
cost(21, 8, 33).
cost(21, 9, 18).
cost(21, 10, 46).
cost(21, 11, 51).
cost(21, 12, 19).
cost(21, 13, 18).
cost(21, 14, 52).
cost(21, 15, 62).
cost(21, 16, 39).
cost(21, 17, 61).
cost(21, 18, 31).
cost(21, 19, 44).
cost(21, 20, 10).
cost(21, 22, 50).
cost(21, 23, 58).
cost(21, 24, 50).
cost(21, 25, 41).
cost(21, 26, 47).
cost(22, 1, 66).
cost(22, 2, 75).
cost(22, 3, 16).
cost(22, 4, 42).
cost(22, 5, 54).
cost(22, 6, 24).
cost(22, 7, 14).
cost(22, 8, 74).
cost(22, 9, 39).
cost(22, 10, 5).
cost(22, 11, 87).
cost(22, 12, 39).
cost(22, 13, 56).
cost(22, 14, 8).
cost(22, 15, 12).
cost(22, 16, 12).
cost(22, 17, 28).
cost(22, 18, 25).
cost(22, 19, 71).
cost(22, 20, 43).
cost(22, 21, 50).
cost(22, 23, 28).
cost(22, 24, 87).
cost(22, 25, 21).
cost(22, 26, 10).
cost(23, 1, 69).
cost(23, 2, 68).
cost(23, 3, 39).
cost(23, 4, 44).
cost(23, 5, 44).
cost(23, 6, 47).
cost(23, 7, 33).
cost(23, 8, 69).
cost(23, 9, 40).
cost(23, 10, 31).
cost(23, 11, 77).
cost(23, 12, 40).
cost(23, 13, 54).
cost(23, 14, 20).
cost(23, 15, 32).
cost(23, 16, 33).
cost(23, 17, 4).
cost(23, 18, 45).
cost(23, 19, 59).
cost(23, 20, 48).
cost(23, 21, 58).
cost(23, 22, 28).
cost(23, 24, 78).
cost(23, 25, 17).
cost(23, 26, 19).
cost(24, 1, 36).
cost(24, 2, 13).
cost(24, 3, 104).
cost(24, 4, 48).
cost(24, 5, 35).
cost(24, 6, 81).
cost(24, 7, 77).
cost(24, 8, 16).
cost(24, 9, 50).
cost(24, 10, 85).
cost(24, 11, 3).
cost(24, 12, 50).
cost(24, 13, 34).
cost(24, 14, 85).
cost(24, 15, 99).
cost(24, 16, 79).
cost(24, 17, 82).
cost(24, 18, 77).
cost(24, 19, 19).
cost(24, 20, 49).
cost(24, 21, 50).
cost(24, 22, 87).
cost(24, 23, 78).
cost(24, 25, 69).
cost(24, 26, 80).
cost(25, 1, 54).
cost(25, 2, 57).
cost(25, 3, 37).
cost(25, 4, 28).
cost(25, 5, 35).
cost(25, 6, 32).
cost(25, 7, 19).
cost(25, 8, 57).
cost(25, 9, 25).
cost(25, 10, 21).
cost(25, 11, 68).
cost(25, 12, 24).
cost(25, 13, 41).
cost(25, 14, 16).
cost(25, 15, 30).
cost(25, 16, 19).
cost(25, 17, 20).
cost(25, 18, 30).
cost(25, 19, 52).
cost(25, 20, 32).
cost(25, 21, 41).
cost(25, 22, 21).
cost(25, 23, 17).
cost(25, 24, 69).
cost(25, 26, 11).
cost(26, 1, 62).
cost(26, 2, 68).
cost(26, 3, 25).
cost(26, 4, 36).
cost(26, 5, 46).
cost(26, 6, 28).
cost(26, 7, 15).
cost(26, 8, 67).
cost(26, 9, 33).
cost(26, 10, 12).
cost(26, 11, 79).
cost(26, 12, 33).
cost(26, 13, 50).
cost(26, 14, 5).
cost(26, 15, 19).
cost(26, 16, 14).
cost(26, 17, 20).
cost(26, 18, 27).
cost(26, 19, 63).
cost(26, 20, 39).
cost(26, 21, 47).
cost(26, 22, 10).
cost(26, 23, 19).
cost(26, 24, 80).
cost(26, 25, 11).
