dimension(26).
point(1, 27.2346783607, 68.026682139).
point(2, 59.5508979672, 85.6536082602).
point(3, 39.0151868683, 57.8755433023).
point(4, 32.9440515944, 75.9474119298).
point(5, 69.0323766902, 19.2476867004).
point(6, 68.6666564328, 19.6374907333).
point(7, 37.1283669009, 10.9120932699).
point(8, 32.8899694622, 54.6188877416).
point(9, 62.0831144222, 20.6923544445).
point(10, 70.481858812, 19.7945052866).
point(11, 47.8881694552, 86.4194917167).
point(12, 59.8285694702, 12.9242031584).
point(13, 48.2218294001, 64.8617138497).
point(14, 63.6381037231, 13.4579265372).
point(15, 86.5986245151, 14.4360602008).
point(16, 62.7328964546, 75.4146031794).
point(17, 21.9124089185, 40.5272837073).
point(18, 57.3384354212, 64.3079628956).
point(19, 88.4431912571, 26.3150837458).
point(20, 35.6281354636, 45.66943606).
point(21, 44.9716760431, 2.5595440516).
point(22, 38.4130922285, 5.4817961615).
point(23, 19.5783824412, 45.3389088225).
point(24, 13.6282022641, 78.3524923728).
point(25, 46.73282211, 13.0182735823).
point(26, 82.2020168724, 11.9808591727).
cost(1, 2, 37).
cost(1, 3, 16).
cost(1, 4, 10).
cost(1, 5, 64).
cost(1, 6, 64).
cost(1, 7, 58).
cost(1, 8, 15).
cost(1, 9, 59).
cost(1, 10, 65).
cost(1, 11, 28).
cost(1, 12, 64).
cost(1, 13, 21).
cost(1, 14, 66).
cost(1, 15, 80).
cost(1, 16, 36).
cost(1, 17, 28).
cost(1, 18, 30).
cost(1, 19, 74).
cost(1, 20, 24).
cost(1, 21, 68).
cost(1, 22, 64).
cost(1, 23, 24).
cost(1, 24, 17).
cost(1, 25, 58).
cost(1, 26, 79).
cost(2, 1, 37).
cost(2, 3, 35).
cost(2, 4, 28).
cost(2, 5, 67).
cost(2, 6, 67).
cost(2, 7, 78).
cost(2, 8, 41).
cost(2, 9, 65).
cost(2, 10, 67).
cost(2, 11, 12).
cost(2, 12, 73).
cost(2, 13, 24).
cost(2, 14, 72).
cost(2, 15, 76).
cost(2, 16, 11).
cost(2, 17, 59).
cost(2, 18, 21).
cost(2, 19, 66).
cost(2, 20, 47).
cost(2, 21, 84).
cost(2, 22, 83).
cost(2, 23, 57).
cost(2, 24, 46).
cost(2, 25, 74).
cost(2, 26, 77).
cost(3, 1, 16).
cost(3, 2, 35).
cost(3, 4, 19).
cost(3, 5, 49).
cost(3, 6, 48).
cost(3, 7, 47).
cost(3, 8, 7).
cost(3, 9, 44).
cost(3, 10, 49).
cost(3, 11, 30).
cost(3, 12, 50).
cost(3, 13, 12).
cost(3, 14, 51).
cost(3, 15, 64).
cost(3, 16, 29).
cost(3, 17, 24).
cost(3, 18, 19).
cost(3, 19, 59).
cost(3, 20, 13).
cost(3, 21, 56).
cost(3, 22, 52).
cost(3, 23, 23).
cost(3, 24, 33).
cost(3, 25, 46).
cost(3, 26, 63).
cost(4, 1, 10).
cost(4, 2, 28).
cost(4, 3, 19).
cost(4, 5, 67).
cost(4, 6, 67).
cost(4, 7, 65).
cost(4, 8, 21).
cost(4, 9, 62).
cost(4, 10, 68).
cost(4, 11, 18).
cost(4, 12, 69).
cost(4, 13, 19).
cost(4, 14, 70).
cost(4, 15, 82).
cost(4, 16, 30).
cost(4, 17, 37).
cost(4, 18, 27).
cost(4, 19, 74).
cost(4, 20, 30).
cost(4, 21, 74).
cost(4, 22, 71).
cost(4, 23, 33).
cost(4, 24, 19).
cost(4, 25, 64).
cost(4, 26, 81).
cost(5, 1, 64).
cost(5, 2, 67).
cost(5, 3, 49).
cost(5, 4, 67).
cost(5, 6, 1).
cost(5, 7, 33).
cost(5, 8, 51).
cost(5, 9, 7).
cost(5, 10, 2).
cost(5, 11, 70).
cost(5, 12, 11).
cost(5, 13, 50).
cost(5, 14, 8).
cost(5, 15, 18).
cost(5, 16, 57).
cost(5, 17, 52).
cost(5, 18, 47).
cost(5, 19, 21).
cost(5, 20, 43).
cost(5, 21, 29).
cost(5, 22, 34).
cost(5, 23, 56).
cost(5, 24, 81).
cost(5, 25, 23).
cost(5, 26, 15).
cost(6, 1, 64).
cost(6, 2, 67).
cost(6, 3, 48).
cost(6, 4, 67).
cost(6, 5, 1).
cost(6, 7, 33).
cost(6, 8, 50).
cost(6, 9, 7).
cost(6, 10, 2).
cost(6, 11, 70).
cost(6, 12, 11).
cost(6, 13, 50).
cost(6, 14, 8).
cost(6, 15, 19).
cost(6, 16, 56).
cost(6, 17, 51).
cost(6, 18, 46).
cost(6, 19, 21).
cost(6, 20, 42).
cost(6, 21, 29).
cost(6, 22, 33).
cost(6, 23, 55).
cost(6, 24, 80).
cost(6, 25, 23).
cost(6, 26, 16).
cost(7, 1, 58).
cost(7, 2, 78).
cost(7, 3, 47).
cost(7, 4, 65).
cost(7, 5, 33).
cost(7, 6, 33).
cost(7, 8, 44).
cost(7, 9, 27).
cost(7, 10, 35).
cost(7, 11, 76).
cost(7, 12, 23).
cost(7, 13, 55).
cost(7, 14, 27).
cost(7, 15, 50).
cost(7, 16, 69).
cost(7, 17, 33).
cost(7, 18, 57).
cost(7, 19, 54).
cost(7, 20, 35).
cost(7, 21, 11).
cost(7, 22, 6).
cost(7, 23, 39).
cost(7, 24, 71).
cost(7, 25, 10).
cost(7, 26, 45).
cost(8, 1, 15).
cost(8, 2, 41).
cost(8, 3, 7).
cost(8, 4, 21).
cost(8, 5, 51).
cost(8, 6, 50).
cost(8, 7, 44).
cost(8, 9, 45).
cost(8, 10, 51).
cost(8, 11, 35).
cost(8, 12, 50).
cost(8, 13, 18).
cost(8, 14, 51).
cost(8, 15, 67).
cost(8, 16, 36).
cost(8, 17, 18).
cost(8, 18, 26).
cost(8, 19, 62).
cost(8, 20, 9).
cost(8, 21, 53).
cost(8, 22, 49).
cost(8, 23, 16).
cost(8, 24, 31).
cost(8, 25, 44).
cost(8, 26, 65).
cost(9, 1, 59).
cost(9, 2, 65).
cost(9, 3, 44).
cost(9, 4, 62).
cost(9, 5, 7).
cost(9, 6, 7).
cost(9, 7, 27).
cost(9, 8, 45).
cost(9, 10, 8).
cost(9, 11, 67).
cost(9, 12, 8).
cost(9, 13, 46).
cost(9, 14, 7).
cost(9, 15, 25).
cost(9, 16, 55).
cost(9, 17, 45).
cost(9, 18, 44).
cost(9, 19, 27).
cost(9, 20, 36).
cost(9, 21, 25).
cost(9, 22, 28).
cost(9, 23, 49).
cost(9, 24, 75).
cost(9, 25, 17).
cost(9, 26, 22).
cost(10, 1, 65).
cost(10, 2, 67).
cost(10, 3, 49).
cost(10, 4, 68).
cost(10, 5, 2).
cost(10, 6, 2).
cost(10, 7, 35).
cost(10, 8, 51).
cost(10, 9, 8).
cost(10, 11, 70).
cost(10, 12, 13).
cost(10, 13, 50).
cost(10, 14, 9).
cost(10, 15, 17).
cost(10, 16, 56).
cost(10, 17, 53).
cost(10, 18, 46).
cost(10, 19, 19).
cost(10, 20, 43).
cost(10, 21, 31).
cost(10, 22, 35).
cost(10, 23, 57).
cost(10, 24, 82).
cost(10, 25, 25).
cost(10, 26, 14).
cost(11, 1, 28).
cost(11, 2, 12).
cost(11, 3, 30).
cost(11, 4, 18).
cost(11, 5, 70).
cost(11, 6, 70).
cost(11, 7, 76).
cost(11, 8, 35).
cost(11, 9, 67).
cost(11, 10, 70).
cost(11, 12, 74).
cost(11, 13, 22).
cost(11, 14, 75).
cost(11, 15, 82).
cost(11, 16, 18).
cost(11, 17, 53).
cost(11, 18, 24).
cost(11, 19, 73).
cost(11, 20, 43).
cost(11, 21, 84).
cost(11, 22, 81).
cost(11, 23, 50).
cost(11, 24, 35).
cost(11, 25, 73).
cost(11, 26, 82).
cost(12, 1, 64).
cost(12, 2, 73).
cost(12, 3, 50).
cost(12, 4, 69).
cost(12, 5, 11).
cost(12, 6, 11).
cost(12, 7, 23).
cost(12, 8, 50).
cost(12, 9, 8).
cost(12, 10, 13).
cost(12, 11, 74).
cost(12, 13, 53).
cost(12, 14, 4).
cost(12, 15, 27).
cost(12, 16, 63).
cost(12, 17, 47).
cost(12, 18, 51).
cost(12, 19, 32).
cost(12, 20, 41).
cost(12, 21, 18).
cost(12, 22, 23).
cost(12, 23, 52).
cost(12, 24, 80).
cost(12, 25, 13).
cost(12, 26, 22).
cost(13, 1, 21).
cost(13, 2, 24).
cost(13, 3, 12).
cost(13, 4, 19).
cost(13, 5, 50).
cost(13, 6, 50).
cost(13, 7, 55).
cost(13, 8, 18).
cost(13, 9, 46).
cost(13, 10, 50).
cost(13, 11, 22).
cost(13, 12, 53).
cost(13, 14, 54).
cost(13, 15, 63).
cost(13, 16, 18).
cost(13, 17, 36).
cost(13, 18, 9).
cost(13, 19, 56).
cost(13, 20, 23).
cost(13, 21, 62).
cost(13, 22, 60).
cost(13, 23, 35).
cost(13, 24, 37).
cost(13, 25, 52).
cost(13, 26, 63).
cost(14, 1, 66).
cost(14, 2, 72).
cost(14, 3, 51).
cost(14, 4, 70).
cost(14, 5, 8).
cost(14, 6, 8).
cost(14, 7, 27).
cost(14, 8, 51).
cost(14, 9, 7).
cost(14, 10, 9).
cost(14, 11, 75).
cost(14, 12, 4).
cost(14, 13, 54).
cost(14, 15, 23).
cost(14, 16, 62).
cost(14, 17, 50).
cost(14, 18, 51).
cost(14, 19, 28).
cost(14, 20, 43).
cost(14, 21, 22).
cost(14, 22, 26).
cost(14, 23, 54).
cost(14, 24, 82).
cost(14, 25, 17).
cost(14, 26, 19).
cost(15, 1, 80).
cost(15, 2, 76).
cost(15, 3, 64).
cost(15, 4, 82).
cost(15, 5, 18).
cost(15, 6, 19).
cost(15, 7, 50).
cost(15, 8, 67).
cost(15, 9, 25).
cost(15, 10, 17).
cost(15, 11, 82).
cost(15, 12, 27).
cost(15, 13, 63).
cost(15, 14, 23).
cost(15, 16, 65).
cost(15, 17, 70).
cost(15, 18, 58).
cost(15, 19, 12).
cost(15, 20, 60).
cost(15, 21, 43).
cost(15, 22, 49).
cost(15, 23, 74).
cost(15, 24, 97).
cost(15, 25, 40).
cost(15, 26, 5).
cost(16, 1, 36).
cost(16, 2, 11).
cost(16, 3, 29).
cost(16, 4, 30).
cost(16, 5, 57).
cost(16, 6, 56).
cost(16, 7, 69).
cost(16, 8, 36).
cost(16, 9, 55).
cost(16, 10, 56).
cost(16, 11, 18).
cost(16, 12, 63).
cost(16, 13, 18).
cost(16, 14, 62).
cost(16, 15, 65).
cost(16, 17, 54).
cost(16, 18, 12).
cost(16, 19, 55).
cost(16, 20, 40).
cost(16, 21, 75).
cost(16, 22, 74).
cost(16, 23, 53).
cost(16, 24, 49).
cost(16, 25, 64).
cost(16, 26, 66).
cost(17, 1, 28).
cost(17, 2, 59).
cost(17, 3, 24).
cost(17, 4, 37).
cost(17, 5, 52).
cost(17, 6, 51).
cost(17, 7, 33).
cost(17, 8, 18).
cost(17, 9, 45).
cost(17, 10, 53).
cost(17, 11, 53).
cost(17, 12, 47).
cost(17, 13, 36).
cost(17, 14, 50).
cost(17, 15, 70).
cost(17, 16, 54).
cost(17, 18, 43).
cost(17, 19, 68).
cost(17, 20, 15).
cost(17, 21, 44).
cost(17, 22, 39).
cost(17, 23, 5).
cost(17, 24, 39).
cost(17, 25, 37).
cost(17, 26, 67).
cost(18, 1, 30).
cost(18, 2, 21).
cost(18, 3, 19).
cost(18, 4, 27).
cost(18, 5, 47).
cost(18, 6, 46).
cost(18, 7, 57).
cost(18, 8, 26).
cost(18, 9, 44).
cost(18, 10, 46).
cost(18, 11, 24).
cost(18, 12, 51).
cost(18, 13, 9).
cost(18, 14, 51).
cost(18, 15, 58).
cost(18, 16, 12).
cost(18, 17, 43).
cost(18, 19, 49).
cost(18, 20, 29).
cost(18, 21, 63).
cost(18, 22, 62).
cost(18, 23, 42).
cost(18, 24, 46).
cost(18, 25, 52).
cost(18, 26, 58).
cost(19, 1, 74).
cost(19, 2, 66).
cost(19, 3, 59).
cost(19, 4, 74).
cost(19, 5, 21).
cost(19, 6, 21).
cost(19, 7, 54).
cost(19, 8, 62).
cost(19, 9, 27).
cost(19, 10, 19).
cost(19, 11, 73).
cost(19, 12, 32).
cost(19, 13, 56).
cost(19, 14, 28).
cost(19, 15, 12).
cost(19, 16, 55).
cost(19, 17, 68).
cost(19, 18, 49).
cost(19, 20, 56).
cost(19, 21, 50).
cost(19, 22, 54).
cost(19, 23, 71).
cost(19, 24, 91).
cost(19, 25, 44).
cost(19, 26, 16).
cost(20, 1, 24).
cost(20, 2, 47).
cost(20, 3, 13).
cost(20, 4, 30).
cost(20, 5, 43).
cost(20, 6, 42).
cost(20, 7, 35).
cost(20, 8, 9).
cost(20, 9, 36).
cost(20, 10, 43).
cost(20, 11, 43).
cost(20, 12, 41).
cost(20, 13, 23).
cost(20, 14, 43).
cost(20, 15, 60).
cost(20, 16, 40).
cost(20, 17, 15).
cost(20, 18, 29).
cost(20, 19, 56).
cost(20, 21, 44).
cost(20, 22, 40).
cost(20, 23, 16).
cost(20, 24, 39).
cost(20, 25, 34).
cost(20, 26, 57).
cost(21, 1, 68).
cost(21, 2, 84).
cost(21, 3, 56).
cost(21, 4, 74).
cost(21, 5, 29).
cost(21, 6, 29).
cost(21, 7, 11).
cost(21, 8, 53).
cost(21, 9, 25).
cost(21, 10, 31).
cost(21, 11, 84).
cost(21, 12, 18).
cost(21, 13, 62).
cost(21, 14, 22).
cost(21, 15, 43).
cost(21, 16, 75).
cost(21, 17, 44).
cost(21, 18, 63).
cost(21, 19, 50).
cost(21, 20, 44).
cost(21, 22, 7).
cost(21, 23, 50).
cost(21, 24, 82).
cost(21, 25, 11).
cost(21, 26, 38).
cost(22, 1, 64).
cost(22, 2, 83).
cost(22, 3, 52).
cost(22, 4, 71).
cost(22, 5, 34).
cost(22, 6, 33).
cost(22, 7, 6).
cost(22, 8, 49).
cost(22, 9, 28).
cost(22, 10, 35).
cost(22, 11, 81).
cost(22, 12, 23).
cost(22, 13, 60).
cost(22, 14, 26).
cost(22, 15, 49).
cost(22, 16, 74).
cost(22, 17, 39).
cost(22, 18, 62).
cost(22, 19, 54).
cost(22, 20, 40).
cost(22, 21, 7).
cost(22, 23, 44).
cost(22, 24, 77).
cost(22, 25, 11).
cost(22, 26, 44).
cost(23, 1, 24).
cost(23, 2, 57).
cost(23, 3, 23).
cost(23, 4, 33).
cost(23, 5, 56).
cost(23, 6, 55).
cost(23, 7, 39).
cost(23, 8, 16).
cost(23, 9, 49).
cost(23, 10, 57).
cost(23, 11, 50).
cost(23, 12, 52).
cost(23, 13, 35).
cost(23, 14, 54).
cost(23, 15, 74).
cost(23, 16, 53).
cost(23, 17, 5).
cost(23, 18, 42).
cost(23, 19, 71).
cost(23, 20, 16).
cost(23, 21, 50).
cost(23, 22, 44).
cost(23, 24, 34).
cost(23, 25, 42).
cost(23, 26, 71).
cost(24, 1, 17).
cost(24, 2, 46).
cost(24, 3, 33).
cost(24, 4, 19).
cost(24, 5, 81).
cost(24, 6, 80).
cost(24, 7, 71).
cost(24, 8, 31).
cost(24, 9, 75).
cost(24, 10, 82).
cost(24, 11, 35).
cost(24, 12, 80).
cost(24, 13, 37).
cost(24, 14, 82).
cost(24, 15, 97).
cost(24, 16, 49).
cost(24, 17, 39).
cost(24, 18, 46).
cost(24, 19, 91).
cost(24, 20, 39).
cost(24, 21, 82).
cost(24, 22, 77).
cost(24, 23, 34).
cost(24, 25, 73).
cost(24, 26, 95).
cost(25, 1, 58).
cost(25, 2, 74).
cost(25, 3, 46).
cost(25, 4, 64).
cost(25, 5, 23).
cost(25, 6, 23).
cost(25, 7, 10).
cost(25, 8, 44).
cost(25, 9, 17).
cost(25, 10, 25).
cost(25, 11, 73).
cost(25, 12, 13).
cost(25, 13, 52).
cost(25, 14, 17).
cost(25, 15, 40).
cost(25, 16, 64).
cost(25, 17, 37).
cost(25, 18, 52).
cost(25, 19, 44).
cost(25, 20, 34).
cost(25, 21, 11).
cost(25, 22, 11).
cost(25, 23, 42).
cost(25, 24, 73).
cost(25, 26, 35).
cost(26, 1, 79).
cost(26, 2, 77).
cost(26, 3, 63).
cost(26, 4, 81).
cost(26, 5, 15).
cost(26, 6, 16).
cost(26, 7, 45).
cost(26, 8, 65).
cost(26, 9, 22).
cost(26, 10, 14).
cost(26, 11, 82).
cost(26, 12, 22).
cost(26, 13, 63).
cost(26, 14, 19).
cost(26, 15, 5).
cost(26, 16, 66).
cost(26, 17, 67).
cost(26, 18, 58).
cost(26, 19, 16).
cost(26, 20, 57).
cost(26, 21, 38).
cost(26, 22, 44).
cost(26, 23, 71).
cost(26, 24, 95).
cost(26, 25, 35).
