dimension(26).
point(1, 63.7232081366, 74.1472211178).
point(2, 22.9372799019, 13.2225169787).
point(3, 64.9153202763, 65.9352343653).
point(4, 71.4623850567, 40.8731020874).
point(5, 10.1045809981, 32.4315479642).
point(6, 21.5363622752, 7.4121160457).
point(7, 25.4470561419, 10.9222942071).
point(8, 22.3811018519, 55.0615362123).
point(9, 62.2033875478, 41.7239160077).
point(10, 61.1814526537, 64.754344125).
point(11, 76.0163270028, 68.657128677).
point(12, 68.2061048558, 82.2669119328).
point(13, 13.0082248137, 37.4266695362).
point(14, 65.7031533015, 51.7437255488).
point(15, 32.0898516884, 21.5570633168).
point(16, 33.3221295613, 13.6666407636).
point(17, 6.7223803848, 3.0909401735).
point(18, 22.8020743462, 48.8851753689).
point(19, 37.1350244191, 21.8669395438).
point(20, 82.4667637904, 26.4743154963).
point(21, 84.7864976456, 26.1389382576).
point(22, 69.8606055067, 50.6114408338).
point(23, 58.8152650568, 11.5812096457).
point(24, 59.4608037674, 67.353616001).
point(25, 32.6845128455, 28.6940420598).
point(26, 80.400171778, 77.3521817206).
cost(1, 2, 73).
cost(1, 3, 8).
cost(1, 4, 34).
cost(1, 5, 68).
cost(1, 6, 79).
cost(1, 7, 74).
cost(1, 8, 46).
cost(1, 9, 32).
cost(1, 10, 10).
cost(1, 11, 13).
cost(1, 12, 9).
cost(1, 13, 63).
cost(1, 14, 22).
cost(1, 15, 61).
cost(1, 16, 68).
cost(1, 17, 91).
cost(1, 18, 48).
cost(1, 19, 59).
cost(1, 20, 51).
cost(1, 21, 52).
cost(1, 22, 24).
cost(1, 23, 63).
cost(1, 24, 8).
cost(1, 25, 55).
cost(1, 26, 17).
cost(2, 1, 73).
cost(2, 3, 67).
cost(2, 4, 56).
cost(2, 5, 23).
cost(2, 6, 6).
cost(2, 7, 3).
cost(2, 8, 42).
cost(2, 9, 49).
cost(2, 10, 64).
cost(2, 11, 77).
cost(2, 12, 83).
cost(2, 13, 26).
cost(2, 14, 58).
cost(2, 15, 12).
cost(2, 16, 10).
cost(2, 17, 19).
cost(2, 18, 36).
cost(2, 19, 17).
cost(2, 20, 61).
cost(2, 21, 63).
cost(2, 22, 60).
cost(2, 23, 36).
cost(2, 24, 65).
cost(2, 25, 18).
cost(2, 26, 86).
cost(3, 1, 8).
cost(3, 2, 67).
cost(3, 4, 26).
cost(3, 5, 64).
cost(3, 6, 73).
cost(3, 7, 68).
cost(3, 8, 44).
cost(3, 9, 24).
cost(3, 10, 4).
cost(3, 11, 11).
cost(3, 12, 17).
cost(3, 13, 59).
cost(3, 14, 14).
cost(3, 15, 55).
cost(3, 16, 61).
cost(3, 17, 86).
cost(3, 18, 45).
cost(3, 19, 52).
cost(3, 20, 43).
cost(3, 21, 44).
cost(3, 22, 16).
cost(3, 23, 55).
cost(3, 24, 6).
cost(3, 25, 49).
cost(3, 26, 19).
cost(4, 1, 34).
cost(4, 2, 56).
cost(4, 3, 26).
cost(4, 5, 62).
cost(4, 6, 60).
cost(4, 7, 55).
cost(4, 8, 51).
cost(4, 9, 9).
cost(4, 10, 26).
cost(4, 11, 28).
cost(4, 12, 42).
cost(4, 13, 59).
cost(4, 14, 12).
cost(4, 15, 44).
cost(4, 16, 47).
cost(4, 17, 75).
cost(4, 18, 49).
cost(4, 19, 39).
cost(4, 20, 18).
cost(4, 21, 20).
cost(4, 22, 10).
cost(4, 23, 32).
cost(4, 24, 29).
cost(4, 25, 41).
cost(4, 26, 38).
cost(5, 1, 68).
cost(5, 2, 23).
cost(5, 3, 64).
cost(5, 4, 62).
cost(5, 6, 28).
cost(5, 7, 26).
cost(5, 8, 26).
cost(5, 9, 53).
cost(5, 10, 60).
cost(5, 11, 75).
cost(5, 12, 77).
cost(5, 13, 6).
cost(5, 14, 59).
cost(5, 15, 25).
cost(5, 16, 30).
cost(5, 17, 30).
cost(5, 18, 21).
cost(5, 19, 29).
cost(5, 20, 73).
cost(5, 21, 75).
cost(5, 22, 62).
cost(5, 23, 53).
cost(5, 24, 60).
cost(5, 25, 23).
cost(5, 26, 83).
cost(6, 1, 79).
cost(6, 2, 6).
cost(6, 3, 73).
cost(6, 4, 60).
cost(6, 5, 28).
cost(6, 7, 5).
cost(6, 8, 48).
cost(6, 9, 53).
cost(6, 10, 70).
cost(6, 11, 82).
cost(6, 12, 88).
cost(6, 13, 31).
cost(6, 14, 63).
cost(6, 15, 18).
cost(6, 16, 13).
cost(6, 17, 15).
cost(6, 18, 41).
cost(6, 19, 21).
cost(6, 20, 64).
cost(6, 21, 66).
cost(6, 22, 65).
cost(6, 23, 38).
cost(6, 24, 71).
cost(6, 25, 24).
cost(6, 26, 91).
cost(7, 1, 74).
cost(7, 2, 3).
cost(7, 3, 68).
cost(7, 4, 55).
cost(7, 5, 26).
cost(7, 6, 5).
cost(7, 8, 44).
cost(7, 9, 48).
cost(7, 10, 65).
cost(7, 11, 77).
cost(7, 12, 83).
cost(7, 13, 29).
cost(7, 14, 57).
cost(7, 15, 13).
cost(7, 16, 8).
cost(7, 17, 20).
cost(7, 18, 38).
cost(7, 19, 16).
cost(7, 20, 59).
cost(7, 21, 61).
cost(7, 22, 60).
cost(7, 23, 33).
cost(7, 24, 66).
cost(7, 25, 19).
cost(7, 26, 86).
cost(8, 1, 46).
cost(8, 2, 42).
cost(8, 3, 44).
cost(8, 4, 51).
cost(8, 5, 26).
cost(8, 6, 48).
cost(8, 7, 44).
cost(8, 9, 42).
cost(8, 10, 40).
cost(8, 11, 55).
cost(8, 12, 53).
cost(8, 13, 20).
cost(8, 14, 43).
cost(8, 15, 35).
cost(8, 16, 43).
cost(8, 17, 54).
cost(8, 18, 6).
cost(8, 19, 36).
cost(8, 20, 67).
cost(8, 21, 69).
cost(8, 22, 48).
cost(8, 23, 57).
cost(8, 24, 39).
cost(8, 25, 28).
cost(8, 26, 62).
cost(9, 1, 32).
cost(9, 2, 49).
cost(9, 3, 24).
cost(9, 4, 9).
cost(9, 5, 53).
cost(9, 6, 53).
cost(9, 7, 48).
cost(9, 8, 42).
cost(9, 10, 23).
cost(9, 11, 30).
cost(9, 12, 41).
cost(9, 13, 49).
cost(9, 14, 11).
cost(9, 15, 36).
cost(9, 16, 40).
cost(9, 17, 68).
cost(9, 18, 40).
cost(9, 19, 32).
cost(9, 20, 25).
cost(9, 21, 27).
cost(9, 22, 12).
cost(9, 23, 30).
cost(9, 24, 26).
cost(9, 25, 32).
cost(9, 26, 40).
cost(10, 1, 10).
cost(10, 2, 64).
cost(10, 3, 4).
cost(10, 4, 26).
cost(10, 5, 60).
cost(10, 6, 70).
cost(10, 7, 65).
cost(10, 8, 40).
cost(10, 9, 23).
cost(10, 11, 15).
cost(10, 12, 19).
cost(10, 13, 55).
cost(10, 14, 14).
cost(10, 15, 52).
cost(10, 16, 58).
cost(10, 17, 82).
cost(10, 18, 42).
cost(10, 19, 49).
cost(10, 20, 44).
cost(10, 21, 45).
cost(10, 22, 17).
cost(10, 23, 53).
cost(10, 24, 3).
cost(10, 25, 46).
cost(10, 26, 23).
cost(11, 1, 13).
cost(11, 2, 77).
cost(11, 3, 11).
cost(11, 4, 28).
cost(11, 5, 75).
cost(11, 6, 82).
cost(11, 7, 77).
cost(11, 8, 55).
cost(11, 9, 30).
cost(11, 10, 15).
cost(11, 12, 16).
cost(11, 13, 70).
cost(11, 14, 20).
cost(11, 15, 64).
cost(11, 16, 70).
cost(11, 17, 95).
cost(11, 18, 57).
cost(11, 19, 61).
cost(11, 20, 43).
cost(11, 21, 43).
cost(11, 22, 19).
cost(11, 23, 60).
cost(11, 24, 17).
cost(11, 25, 59).
cost(11, 26, 10).
cost(12, 1, 9).
cost(12, 2, 83).
cost(12, 3, 17).
cost(12, 4, 42).
cost(12, 5, 77).
cost(12, 6, 88).
cost(12, 7, 83).
cost(12, 8, 53).
cost(12, 9, 41).
cost(12, 10, 19).
cost(12, 11, 16).
cost(12, 13, 71).
cost(12, 14, 31).
cost(12, 15, 71).
cost(12, 16, 77).
cost(12, 17, 100).
cost(12, 18, 56).
cost(12, 19, 68).
cost(12, 20, 58).
cost(12, 21, 59).
cost(12, 22, 32).
cost(12, 23, 71).
cost(12, 24, 17).
cost(12, 25, 64).
cost(12, 26, 13).
cost(13, 1, 63).
cost(13, 2, 26).
cost(13, 3, 59).
cost(13, 4, 59).
cost(13, 5, 6).
cost(13, 6, 31).
cost(13, 7, 29).
cost(13, 8, 20).
cost(13, 9, 49).
cost(13, 10, 55).
cost(13, 11, 70).
cost(13, 12, 71).
cost(13, 14, 55).
cost(13, 15, 25).
cost(13, 16, 31).
cost(13, 17, 35).
cost(13, 18, 15).
cost(13, 19, 29).
cost(13, 20, 70).
cost(13, 21, 73).
cost(13, 22, 58).
cost(13, 23, 53).
cost(13, 24, 55).
cost(13, 25, 22).
cost(13, 26, 78).
cost(14, 1, 22).
cost(14, 2, 58).
cost(14, 3, 14).
cost(14, 4, 12).
cost(14, 5, 59).
cost(14, 6, 63).
cost(14, 7, 57).
cost(14, 8, 43).
cost(14, 9, 11).
cost(14, 10, 14).
cost(14, 11, 20).
cost(14, 12, 31).
cost(14, 13, 55).
cost(14, 15, 45).
cost(14, 16, 50).
cost(14, 17, 76).
cost(14, 18, 43).
cost(14, 19, 41).
cost(14, 20, 30).
cost(14, 21, 32).
cost(14, 22, 4).
cost(14, 23, 41).
cost(14, 24, 17).
cost(14, 25, 40).
cost(14, 26, 30).
cost(15, 1, 61).
cost(15, 2, 12).
cost(15, 3, 55).
cost(15, 4, 44).
cost(15, 5, 25).
cost(15, 6, 18).
cost(15, 7, 13).
cost(15, 8, 35).
cost(15, 9, 36).
cost(15, 10, 52).
cost(15, 11, 64).
cost(15, 12, 71).
cost(15, 13, 25).
cost(15, 14, 45).
cost(15, 16, 8).
cost(15, 17, 31).
cost(15, 18, 29).
cost(15, 19, 5).
cost(15, 20, 51).
cost(15, 21, 53).
cost(15, 22, 48).
cost(15, 23, 29).
cost(15, 24, 53).
cost(15, 25, 7).
cost(15, 26, 74).
cost(16, 1, 68).
cost(16, 2, 10).
cost(16, 3, 61).
cost(16, 4, 47).
cost(16, 5, 30).
cost(16, 6, 13).
cost(16, 7, 8).
cost(16, 8, 43).
cost(16, 9, 40).
cost(16, 10, 58).
cost(16, 11, 70).
cost(16, 12, 77).
cost(16, 13, 31).
cost(16, 14, 50).
cost(16, 15, 8).
cost(16, 17, 29).
cost(16, 18, 37).
cost(16, 19, 9).
cost(16, 20, 51).
cost(16, 21, 53).
cost(16, 22, 52).
cost(16, 23, 26).
cost(16, 24, 60).
cost(16, 25, 15).
cost(16, 26, 79).
cost(17, 1, 91).
cost(17, 2, 19).
cost(17, 3, 86).
cost(17, 4, 75).
cost(17, 5, 30).
cost(17, 6, 15).
cost(17, 7, 20).
cost(17, 8, 54).
cost(17, 9, 68).
cost(17, 10, 82).
cost(17, 11, 95).
cost(17, 12, 100).
cost(17, 13, 35).
cost(17, 14, 76).
cost(17, 15, 31).
cost(17, 16, 29).
cost(17, 18, 49).
cost(17, 19, 36).
cost(17, 20, 79).
cost(17, 21, 81).
cost(17, 22, 79).
cost(17, 23, 53).
cost(17, 24, 83).
cost(17, 25, 36).
cost(17, 26, 105).
cost(18, 1, 48).
cost(18, 2, 36).
cost(18, 3, 45).
cost(18, 4, 49).
cost(18, 5, 21).
cost(18, 6, 41).
cost(18, 7, 38).
cost(18, 8, 6).
cost(18, 9, 40).
cost(18, 10, 42).
cost(18, 11, 57).
cost(18, 12, 56).
cost(18, 13, 15).
cost(18, 14, 43).
cost(18, 15, 29).
cost(18, 16, 37).
cost(18, 17, 49).
cost(18, 19, 31).
cost(18, 20, 64).
cost(18, 21, 66).
cost(18, 22, 47).
cost(18, 23, 52).
cost(18, 24, 41).
cost(18, 25, 22).
cost(18, 26, 64).
cost(19, 1, 59).
cost(19, 2, 17).
cost(19, 3, 52).
cost(19, 4, 39).
cost(19, 5, 29).
cost(19, 6, 21).
cost(19, 7, 16).
cost(19, 8, 36).
cost(19, 9, 32).
cost(19, 10, 49).
cost(19, 11, 61).
cost(19, 12, 68).
cost(19, 13, 29).
cost(19, 14, 41).
cost(19, 15, 5).
cost(19, 16, 9).
cost(19, 17, 36).
cost(19, 18, 31).
cost(19, 20, 46).
cost(19, 21, 48).
cost(19, 22, 44).
cost(19, 23, 24).
cost(19, 24, 51).
cost(19, 25, 8).
cost(19, 26, 70).
cost(20, 1, 51).
cost(20, 2, 61).
cost(20, 3, 43).
cost(20, 4, 18).
cost(20, 5, 73).
cost(20, 6, 64).
cost(20, 7, 59).
cost(20, 8, 67).
cost(20, 9, 25).
cost(20, 10, 44).
cost(20, 11, 43).
cost(20, 12, 58).
cost(20, 13, 70).
cost(20, 14, 30).
cost(20, 15, 51).
cost(20, 16, 51).
cost(20, 17, 79).
cost(20, 18, 64).
cost(20, 19, 46).
cost(20, 21, 2).
cost(20, 22, 27).
cost(20, 23, 28).
cost(20, 24, 47).
cost(20, 25, 50).
cost(20, 26, 51).
cost(21, 1, 52).
cost(21, 2, 63).
cost(21, 3, 44).
cost(21, 4, 20).
cost(21, 5, 75).
cost(21, 6, 66).
cost(21, 7, 61).
cost(21, 8, 69).
cost(21, 9, 27).
cost(21, 10, 45).
cost(21, 11, 43).
cost(21, 12, 59).
cost(21, 13, 73).
cost(21, 14, 32).
cost(21, 15, 53).
cost(21, 16, 53).
cost(21, 17, 81).
cost(21, 18, 66).
cost(21, 19, 48).
cost(21, 20, 2).
cost(21, 22, 29).
cost(21, 23, 30).
cost(21, 24, 48).
cost(21, 25, 52).
cost(21, 26, 51).
cost(22, 1, 24).
cost(22, 2, 60).
cost(22, 3, 16).
cost(22, 4, 10).
cost(22, 5, 62).
cost(22, 6, 65).
cost(22, 7, 60).
cost(22, 8, 48).
cost(22, 9, 12).
cost(22, 10, 17).
cost(22, 11, 19).
cost(22, 12, 32).
cost(22, 13, 58).
cost(22, 14, 4).
cost(22, 15, 48).
cost(22, 16, 52).
cost(22, 17, 79).
cost(22, 18, 47).
cost(22, 19, 44).
cost(22, 20, 27).
cost(22, 21, 29).
cost(22, 23, 41).
cost(22, 24, 20).
cost(22, 25, 43).
cost(22, 26, 29).
cost(23, 1, 63).
cost(23, 2, 36).
cost(23, 3, 55).
cost(23, 4, 32).
cost(23, 5, 53).
cost(23, 6, 38).
cost(23, 7, 33).
cost(23, 8, 57).
cost(23, 9, 30).
cost(23, 10, 53).
cost(23, 11, 60).
cost(23, 12, 71).
cost(23, 13, 53).
cost(23, 14, 41).
cost(23, 15, 29).
cost(23, 16, 26).
cost(23, 17, 53).
cost(23, 18, 52).
cost(23, 19, 24).
cost(23, 20, 28).
cost(23, 21, 30).
cost(23, 22, 41).
cost(23, 24, 56).
cost(23, 25, 31).
cost(23, 26, 69).
cost(24, 1, 8).
cost(24, 2, 65).
cost(24, 3, 6).
cost(24, 4, 29).
cost(24, 5, 60).
cost(24, 6, 71).
cost(24, 7, 66).
cost(24, 8, 39).
cost(24, 9, 26).
cost(24, 10, 3).
cost(24, 11, 17).
cost(24, 12, 17).
cost(24, 13, 55).
cost(24, 14, 17).
cost(24, 15, 53).
cost(24, 16, 60).
cost(24, 17, 83).
cost(24, 18, 41).
cost(24, 19, 51).
cost(24, 20, 47).
cost(24, 21, 48).
cost(24, 22, 20).
cost(24, 23, 56).
cost(24, 25, 47).
cost(24, 26, 23).
cost(25, 1, 55).
cost(25, 2, 18).
cost(25, 3, 49).
cost(25, 4, 41).
cost(25, 5, 23).
cost(25, 6, 24).
cost(25, 7, 19).
cost(25, 8, 28).
cost(25, 9, 32).
cost(25, 10, 46).
cost(25, 11, 59).
cost(25, 12, 64).
cost(25, 13, 22).
cost(25, 14, 40).
cost(25, 15, 7).
cost(25, 16, 15).
cost(25, 17, 36).
cost(25, 18, 22).
cost(25, 19, 8).
cost(25, 20, 50).
cost(25, 21, 52).
cost(25, 22, 43).
cost(25, 23, 31).
cost(25, 24, 47).
cost(25, 26, 68).
cost(26, 1, 17).
cost(26, 2, 86).
cost(26, 3, 19).
cost(26, 4, 38).
cost(26, 5, 83).
cost(26, 6, 91).
cost(26, 7, 86).
cost(26, 8, 62).
cost(26, 9, 40).
cost(26, 10, 23).
cost(26, 11, 10).
cost(26, 12, 13).
cost(26, 13, 78).
cost(26, 14, 30).
cost(26, 15, 74).
cost(26, 16, 79).
cost(26, 17, 105).
cost(26, 18, 64).
cost(26, 19, 70).
cost(26, 20, 51).
cost(26, 21, 51).
cost(26, 22, 29).
cost(26, 23, 69).
cost(26, 24, 23).
cost(26, 25, 68).
