dimension(26).
point(1, 37.7290391333, 39.5802434954).
point(2, 92.5541972627, 80.7488919916).
point(3, 13.6299533573, 33.7972551749).
point(4, 30.9067513642, 45.5449268971).
point(5, 88.5493640486, 56.639106525).
point(6, 98.1065966701, 29.8447289395).
point(7, 97.7321559048, 78.5681011187).
point(8, 84.5424439112, 69.6186431687).
point(9, 27.5124524363, 27.971822016).
point(10, 3.4836346301, 68.0442558001).
point(11, 74.669426178, 49.2413548116).
point(12, 91.5628520191, 16.7270754069).
point(13, 5.2376559921, 71.8848206585).
point(14, 23.1998015712, 63.3180484264).
point(15, 79.3953233714, 67.48841125).
point(16, 17.1471114392, 61.0630618996).
point(17, 26.9965058187, 19.5729485107).
point(18, 78.0208832521, 83.1022510507).
point(19, 8.9666282543, 74.5426193201).
point(20, 75.6393049272, 74.9909024895).
point(21, 95.9835181507, 29.1271780934).
point(22, 90.4302567032, 49.9708292989).
point(23, 8.7728895981, 52.6558838097).
point(24, 15.2595659592, 78.2747662352).
point(25, 84.1748894333, 28.1874826495).
point(26, 19.9398631346, 37.4792495372).
cost(1, 2, 69).
cost(1, 3, 25).
cost(1, 4, 9).
cost(1, 5, 54).
cost(1, 6, 61).
cost(1, 7, 72).
cost(1, 8, 56).
cost(1, 9, 15).
cost(1, 10, 45).
cost(1, 11, 38).
cost(1, 12, 58).
cost(1, 13, 46).
cost(1, 14, 28).
cost(1, 15, 50).
cost(1, 16, 30).
cost(1, 17, 23).
cost(1, 18, 59).
cost(1, 19, 45).
cost(1, 20, 52).
cost(1, 21, 59).
cost(1, 22, 54).
cost(1, 23, 32).
cost(1, 24, 45).
cost(1, 25, 48).
cost(1, 26, 18).
cost(2, 1, 69).
cost(2, 3, 92).
cost(2, 4, 71).
cost(2, 5, 24).
cost(2, 6, 51).
cost(2, 7, 6).
cost(2, 8, 14).
cost(2, 9, 84).
cost(2, 10, 90).
cost(2, 11, 36).
cost(2, 12, 64).
cost(2, 13, 88).
cost(2, 14, 72).
cost(2, 15, 19).
cost(2, 16, 78).
cost(2, 17, 90).
cost(2, 18, 15).
cost(2, 19, 84).
cost(2, 20, 18).
cost(2, 21, 52).
cost(2, 22, 31).
cost(2, 23, 88).
cost(2, 24, 77).
cost(2, 25, 53).
cost(2, 26, 85).
cost(3, 1, 25).
cost(3, 2, 92).
cost(3, 4, 21).
cost(3, 5, 78).
cost(3, 6, 85).
cost(3, 7, 95).
cost(3, 8, 79).
cost(3, 9, 15).
cost(3, 10, 36).
cost(3, 11, 63).
cost(3, 12, 80).
cost(3, 13, 39).
cost(3, 14, 31).
cost(3, 15, 74).
cost(3, 16, 27).
cost(3, 17, 20).
cost(3, 18, 81).
cost(3, 19, 41).
cost(3, 20, 74).
cost(3, 21, 82).
cost(3, 22, 78).
cost(3, 23, 19).
cost(3, 24, 45).
cost(3, 25, 71).
cost(3, 26, 7).
cost(4, 1, 9).
cost(4, 2, 71).
cost(4, 3, 21).
cost(4, 5, 59).
cost(4, 6, 69).
cost(4, 7, 75).
cost(4, 8, 59).
cost(4, 9, 18).
cost(4, 10, 35).
cost(4, 11, 44).
cost(4, 12, 67).
cost(4, 13, 37).
cost(4, 14, 19).
cost(4, 15, 53).
cost(4, 16, 21).
cost(4, 17, 26).
cost(4, 18, 60).
cost(4, 19, 36).
cost(4, 20, 54).
cost(4, 21, 67).
cost(4, 22, 60).
cost(4, 23, 23).
cost(4, 24, 36).
cost(4, 25, 56).
cost(4, 26, 14).
cost(5, 1, 54).
cost(5, 2, 24).
cost(5, 3, 78).
cost(5, 4, 59).
cost(5, 6, 28).
cost(5, 7, 24).
cost(5, 8, 14).
cost(5, 9, 67).
cost(5, 10, 86).
cost(5, 11, 16).
cost(5, 12, 40).
cost(5, 13, 85).
cost(5, 14, 66).
cost(5, 15, 14).
cost(5, 16, 72).
cost(5, 17, 72).
cost(5, 18, 28).
cost(5, 19, 82).
cost(5, 20, 22).
cost(5, 21, 28).
cost(5, 22, 7).
cost(5, 23, 80).
cost(5, 24, 76).
cost(5, 25, 29).
cost(5, 26, 71).
cost(6, 1, 61).
cost(6, 2, 51).
cost(6, 3, 85).
cost(6, 4, 69).
cost(6, 5, 28).
cost(6, 7, 49).
cost(6, 8, 42).
cost(6, 9, 71).
cost(6, 10, 102).
cost(6, 11, 30).
cost(6, 12, 15).
cost(6, 13, 102).
cost(6, 14, 82).
cost(6, 15, 42).
cost(6, 16, 87).
cost(6, 17, 72).
cost(6, 18, 57).
cost(6, 19, 100).
cost(6, 20, 50).
cost(6, 21, 2).
cost(6, 22, 22).
cost(6, 23, 92).
cost(6, 24, 96).
cost(6, 25, 14).
cost(6, 26, 79).
cost(7, 1, 72).
cost(7, 2, 6).
cost(7, 3, 95).
cost(7, 4, 75).
cost(7, 5, 24).
cost(7, 6, 49).
cost(7, 8, 16).
cost(7, 9, 87).
cost(7, 10, 95).
cost(7, 11, 37).
cost(7, 12, 62).
cost(7, 13, 93).
cost(7, 14, 76).
cost(7, 15, 21).
cost(7, 16, 82).
cost(7, 17, 92).
cost(7, 18, 20).
cost(7, 19, 89).
cost(7, 20, 22).
cost(7, 21, 49).
cost(7, 22, 30).
cost(7, 23, 93).
cost(7, 24, 82).
cost(7, 25, 52).
cost(7, 26, 88).
cost(8, 1, 56).
cost(8, 2, 14).
cost(8, 3, 79).
cost(8, 4, 59).
cost(8, 5, 14).
cost(8, 6, 42).
cost(8, 7, 16).
cost(8, 9, 71).
cost(8, 10, 81).
cost(8, 11, 23).
cost(8, 12, 53).
cost(8, 13, 79).
cost(8, 14, 62).
cost(8, 15, 6).
cost(8, 16, 68).
cost(8, 17, 76).
cost(8, 18, 15).
cost(8, 19, 76).
cost(8, 20, 10).
cost(8, 21, 42).
cost(8, 22, 21).
cost(8, 23, 78).
cost(8, 24, 70).
cost(8, 25, 41).
cost(8, 26, 72).
cost(9, 1, 15).
cost(9, 2, 84).
cost(9, 3, 15).
cost(9, 4, 18).
cost(9, 5, 67).
cost(9, 6, 71).
cost(9, 7, 87).
cost(9, 8, 71).
cost(9, 10, 47).
cost(9, 11, 52).
cost(9, 12, 65).
cost(9, 13, 49).
cost(9, 14, 36).
cost(9, 15, 65).
cost(9, 16, 35).
cost(9, 17, 8).
cost(9, 18, 75).
cost(9, 19, 50).
cost(9, 20, 67).
cost(9, 21, 68).
cost(9, 22, 67).
cost(9, 23, 31).
cost(9, 24, 52).
cost(9, 25, 57).
cost(9, 26, 12).
cost(10, 1, 45).
cost(10, 2, 90).
cost(10, 3, 36).
cost(10, 4, 35).
cost(10, 5, 86).
cost(10, 6, 102).
cost(10, 7, 95).
cost(10, 8, 81).
cost(10, 9, 47).
cost(10, 11, 74).
cost(10, 12, 102).
cost(10, 13, 4).
cost(10, 14, 20).
cost(10, 15, 76).
cost(10, 16, 15).
cost(10, 17, 54).
cost(10, 18, 76).
cost(10, 19, 9).
cost(10, 20, 72).
cost(10, 21, 100).
cost(10, 22, 89).
cost(10, 23, 16).
cost(10, 24, 16).
cost(10, 25, 90).
cost(10, 26, 35).
cost(11, 1, 38).
cost(11, 2, 36).
cost(11, 3, 63).
cost(11, 4, 44).
cost(11, 5, 16).
cost(11, 6, 30).
cost(11, 7, 37).
cost(11, 8, 23).
cost(11, 9, 52).
cost(11, 10, 74).
cost(11, 12, 37).
cost(11, 13, 73).
cost(11, 14, 53).
cost(11, 15, 19).
cost(11, 16, 59).
cost(11, 17, 56).
cost(11, 18, 34).
cost(11, 19, 70).
cost(11, 20, 26).
cost(11, 21, 29).
cost(11, 22, 16).
cost(11, 23, 66).
cost(11, 24, 66).
cost(11, 25, 23).
cost(11, 26, 56).
cost(12, 1, 58).
cost(12, 2, 64).
cost(12, 3, 80).
cost(12, 4, 67).
cost(12, 5, 40).
cost(12, 6, 15).
cost(12, 7, 62).
cost(12, 8, 53).
cost(12, 9, 65).
cost(12, 10, 102).
cost(12, 11, 37).
cost(12, 13, 102).
cost(12, 14, 83).
cost(12, 15, 52).
cost(12, 16, 87).
cost(12, 17, 65).
cost(12, 18, 68).
cost(12, 19, 101).
cost(12, 20, 60).
cost(12, 21, 13).
cost(12, 22, 33).
cost(12, 23, 90).
cost(12, 24, 98).
cost(12, 25, 14).
cost(12, 26, 75).
cost(13, 1, 46).
cost(13, 2, 88).
cost(13, 3, 39).
cost(13, 4, 37).
cost(13, 5, 85).
cost(13, 6, 102).
cost(13, 7, 93).
cost(13, 8, 79).
cost(13, 9, 49).
cost(13, 10, 4).
cost(13, 11, 73).
cost(13, 12, 102).
cost(13, 14, 20).
cost(13, 15, 74).
cost(13, 16, 16).
cost(13, 17, 57).
cost(13, 18, 74).
cost(13, 19, 5).
cost(13, 20, 70).
cost(13, 21, 100).
cost(13, 22, 88).
cost(13, 23, 20).
cost(13, 24, 12).
cost(13, 25, 90).
cost(13, 26, 37).
cost(14, 1, 28).
cost(14, 2, 72).
cost(14, 3, 31).
cost(14, 4, 19).
cost(14, 5, 66).
cost(14, 6, 82).
cost(14, 7, 76).
cost(14, 8, 62).
cost(14, 9, 36).
cost(14, 10, 20).
cost(14, 11, 53).
cost(14, 12, 83).
cost(14, 13, 20).
cost(14, 15, 56).
cost(14, 16, 6).
cost(14, 17, 44).
cost(14, 18, 58).
cost(14, 19, 18).
cost(14, 20, 54).
cost(14, 21, 80).
cost(14, 22, 69).
cost(14, 23, 18).
cost(14, 24, 17).
cost(14, 25, 70).
cost(14, 26, 26).
cost(15, 1, 50).
cost(15, 2, 19).
cost(15, 3, 74).
cost(15, 4, 53).
cost(15, 5, 14).
cost(15, 6, 42).
cost(15, 7, 21).
cost(15, 8, 6).
cost(15, 9, 65).
cost(15, 10, 76).
cost(15, 11, 19).
cost(15, 12, 52).
cost(15, 13, 74).
cost(15, 14, 56).
cost(15, 16, 63).
cost(15, 17, 71).
cost(15, 18, 16).
cost(15, 19, 71).
cost(15, 20, 8).
cost(15, 21, 42).
cost(15, 22, 21).
cost(15, 23, 72).
cost(15, 24, 65).
cost(15, 25, 40).
cost(15, 26, 67).
cost(16, 1, 30).
cost(16, 2, 78).
cost(16, 3, 27).
cost(16, 4, 21).
cost(16, 5, 72).
cost(16, 6, 87).
cost(16, 7, 82).
cost(16, 8, 68).
cost(16, 9, 35).
cost(16, 10, 15).
cost(16, 11, 59).
cost(16, 12, 87).
cost(16, 13, 16).
cost(16, 14, 6).
cost(16, 15, 63).
cost(16, 17, 43).
cost(16, 18, 65).
cost(16, 19, 16).
cost(16, 20, 60).
cost(16, 21, 85).
cost(16, 22, 74).
cost(16, 23, 12).
cost(16, 24, 17).
cost(16, 25, 75).
cost(16, 26, 24).
cost(17, 1, 23).
cost(17, 2, 90).
cost(17, 3, 20).
cost(17, 4, 26).
cost(17, 5, 72).
cost(17, 6, 72).
cost(17, 7, 92).
cost(17, 8, 76).
cost(17, 9, 8).
cost(17, 10, 54).
cost(17, 11, 56).
cost(17, 12, 65).
cost(17, 13, 57).
cost(17, 14, 44).
cost(17, 15, 71).
cost(17, 16, 43).
cost(17, 18, 81).
cost(17, 19, 58).
cost(17, 20, 74).
cost(17, 21, 70).
cost(17, 22, 70).
cost(17, 23, 38).
cost(17, 24, 60).
cost(17, 25, 58).
cost(17, 26, 19).
cost(18, 1, 59).
cost(18, 2, 15).
cost(18, 3, 81).
cost(18, 4, 60).
cost(18, 5, 28).
cost(18, 6, 57).
cost(18, 7, 20).
cost(18, 8, 15).
cost(18, 9, 75).
cost(18, 10, 76).
cost(18, 11, 34).
cost(18, 12, 68).
cost(18, 13, 74).
cost(18, 14, 58).
cost(18, 15, 16).
cost(18, 16, 65).
cost(18, 17, 81).
cost(18, 19, 70).
cost(18, 20, 8).
cost(18, 21, 57).
cost(18, 22, 35).
cost(18, 23, 76).
cost(18, 24, 63).
cost(18, 25, 55).
cost(18, 26, 74).
cost(19, 1, 45).
cost(19, 2, 84).
cost(19, 3, 41).
cost(19, 4, 36).
cost(19, 5, 82).
cost(19, 6, 100).
cost(19, 7, 89).
cost(19, 8, 76).
cost(19, 9, 50).
cost(19, 10, 9).
cost(19, 11, 70).
cost(19, 12, 101).
cost(19, 13, 5).
cost(19, 14, 18).
cost(19, 15, 71).
cost(19, 16, 16).
cost(19, 17, 58).
cost(19, 18, 70).
cost(19, 20, 67).
cost(19, 21, 98).
cost(19, 22, 85).
cost(19, 23, 22).
cost(19, 24, 7).
cost(19, 25, 88).
cost(19, 26, 39).
cost(20, 1, 52).
cost(20, 2, 18).
cost(20, 3, 74).
cost(20, 4, 54).
cost(20, 5, 22).
cost(20, 6, 50).
cost(20, 7, 22).
cost(20, 8, 10).
cost(20, 9, 67).
cost(20, 10, 72).
cost(20, 11, 26).
cost(20, 12, 60).
cost(20, 13, 70).
cost(20, 14, 54).
cost(20, 15, 8).
cost(20, 16, 60).
cost(20, 17, 74).
cost(20, 18, 8).
cost(20, 19, 67).
cost(20, 21, 50).
cost(20, 22, 29).
cost(20, 23, 70).
cost(20, 24, 60).
cost(20, 25, 48).
cost(20, 26, 67).
cost(21, 1, 59).
cost(21, 2, 52).
cost(21, 3, 82).
cost(21, 4, 67).
cost(21, 5, 28).
cost(21, 6, 2).
cost(21, 7, 49).
cost(21, 8, 42).
cost(21, 9, 68).
cost(21, 10, 100).
cost(21, 11, 29).
cost(21, 12, 13).
cost(21, 13, 100).
cost(21, 14, 80).
cost(21, 15, 42).
cost(21, 16, 85).
cost(21, 17, 70).
cost(21, 18, 57).
cost(21, 19, 98).
cost(21, 20, 50).
cost(21, 22, 22).
cost(21, 23, 90).
cost(21, 24, 95).
cost(21, 25, 12).
cost(21, 26, 77).
cost(22, 1, 54).
cost(22, 2, 31).
cost(22, 3, 78).
cost(22, 4, 60).
cost(22, 5, 7).
cost(22, 6, 22).
cost(22, 7, 30).
cost(22, 8, 21).
cost(22, 9, 67).
cost(22, 10, 89).
cost(22, 11, 16).
cost(22, 12, 33).
cost(22, 13, 88).
cost(22, 14, 69).
cost(22, 15, 21).
cost(22, 16, 74).
cost(22, 17, 70).
cost(22, 18, 35).
cost(22, 19, 85).
cost(22, 20, 29).
cost(22, 21, 22).
cost(22, 23, 82).
cost(22, 24, 80).
cost(22, 25, 23).
cost(22, 26, 72).
cost(23, 1, 32).
cost(23, 2, 88).
cost(23, 3, 19).
cost(23, 4, 23).
cost(23, 5, 80).
cost(23, 6, 92).
cost(23, 7, 93).
cost(23, 8, 78).
cost(23, 9, 31).
cost(23, 10, 16).
cost(23, 11, 66).
cost(23, 12, 90).
cost(23, 13, 20).
cost(23, 14, 18).
cost(23, 15, 72).
cost(23, 16, 12).
cost(23, 17, 38).
cost(23, 18, 76).
cost(23, 19, 22).
cost(23, 20, 70).
cost(23, 21, 90).
cost(23, 22, 82).
cost(23, 24, 26).
cost(23, 25, 79).
cost(23, 26, 19).
cost(24, 1, 45).
cost(24, 2, 77).
cost(24, 3, 45).
cost(24, 4, 36).
cost(24, 5, 76).
cost(24, 6, 96).
cost(24, 7, 82).
cost(24, 8, 70).
cost(24, 9, 52).
cost(24, 10, 16).
cost(24, 11, 66).
cost(24, 12, 98).
cost(24, 13, 12).
cost(24, 14, 17).
cost(24, 15, 65).
cost(24, 16, 17).
cost(24, 17, 60).
cost(24, 18, 63).
cost(24, 19, 7).
cost(24, 20, 60).
cost(24, 21, 95).
cost(24, 22, 80).
cost(24, 23, 26).
cost(24, 25, 85).
cost(24, 26, 41).
cost(25, 1, 48).
cost(25, 2, 53).
cost(25, 3, 71).
cost(25, 4, 56).
cost(25, 5, 29).
cost(25, 6, 14).
cost(25, 7, 52).
cost(25, 8, 41).
cost(25, 9, 57).
cost(25, 10, 90).
cost(25, 11, 23).
cost(25, 12, 14).
cost(25, 13, 90).
cost(25, 14, 70).
cost(25, 15, 40).
cost(25, 16, 75).
cost(25, 17, 58).
cost(25, 18, 55).
cost(25, 19, 88).
cost(25, 20, 48).
cost(25, 21, 12).
cost(25, 22, 23).
cost(25, 23, 79).
cost(25, 24, 85).
cost(25, 26, 65).
cost(26, 1, 18).
cost(26, 2, 85).
cost(26, 3, 7).
cost(26, 4, 14).
cost(26, 5, 71).
cost(26, 6, 79).
cost(26, 7, 88).
cost(26, 8, 72).
cost(26, 9, 12).
cost(26, 10, 35).
cost(26, 11, 56).
cost(26, 12, 75).
cost(26, 13, 37).
cost(26, 14, 26).
cost(26, 15, 67).
cost(26, 16, 24).
cost(26, 17, 19).
cost(26, 18, 74).
cost(26, 19, 39).
cost(26, 20, 67).
cost(26, 21, 77).
cost(26, 22, 72).
cost(26, 23, 19).
cost(26, 24, 41).
cost(26, 25, 65).
