dimension(26).
point(1, 44.2552022593, 3.192015797).
point(2, 17.926619286, 36.4100338818).
point(3, 33.1472936234, 32.2020188821).
point(4, 11.159589486, 54.4873272553).
point(5, 79.6389645159, 53.1245715142).
point(6, 2.6896875196, 29.7666266758).
point(7, 58.1132947466, 86.4976134862).
point(8, 70.1630553601, 80.4362732427).
point(9, 69.9218398282, 65.0978633581).
point(10, 5.9475444028, 14.7047355023).
point(11, 60.9564874572, 49.8832784073).
point(12, 57.5235251631, 12.0416135083).
point(13, 75.2305816663, 76.7741382248).
point(14, 41.5846105801, 9.5372680245).
point(15, 57.7579663, 63.3907467236).
point(16, 27.2575306425, 20.8030536256).
point(17, 38.9766868222, 91.0216361907).
point(18, 53.3373050721, 61.2258030981).
point(19, 76.7531502031, 68.4254591574).
point(20, 64.8232781654, 87.555430209).
point(21, 12.1590969192, 13.203102204).
point(22, 38.9381719371, 27.3251843288).
point(23, 62.7144646239, 74.2903918789).
point(24, 51.8126121655, 70.7313407074).
point(25, 7.2228254948, 39.8922562263).
point(26, 37.7063633287, 30.632559791).
cost(1, 2, 42).
cost(1, 3, 31).
cost(1, 4, 61).
cost(1, 5, 61).
cost(1, 6, 49).
cost(1, 7, 84).
cost(1, 8, 81).
cost(1, 9, 67).
cost(1, 10, 40).
cost(1, 11, 50).
cost(1, 12, 16).
cost(1, 13, 80).
cost(1, 14, 7).
cost(1, 15, 62).
cost(1, 16, 24).
cost(1, 17, 88).
cost(1, 18, 59).
cost(1, 19, 73).
cost(1, 20, 87).
cost(1, 21, 34).
cost(1, 22, 25).
cost(1, 23, 73).
cost(1, 24, 68).
cost(1, 25, 52).
cost(1, 26, 28).
cost(2, 1, 42).
cost(2, 3, 16).
cost(2, 4, 19).
cost(2, 5, 64).
cost(2, 6, 17).
cost(2, 7, 64).
cost(2, 8, 68).
cost(2, 9, 59).
cost(2, 10, 25).
cost(2, 11, 45).
cost(2, 12, 46).
cost(2, 13, 70).
cost(2, 14, 36).
cost(2, 15, 48).
cost(2, 16, 18).
cost(2, 17, 59).
cost(2, 18, 43).
cost(2, 19, 67).
cost(2, 20, 69).
cost(2, 21, 24).
cost(2, 22, 23).
cost(2, 23, 59).
cost(2, 24, 48).
cost(2, 25, 11).
cost(2, 26, 21).
cost(3, 1, 31).
cost(3, 2, 16).
cost(3, 4, 31).
cost(3, 5, 51).
cost(3, 6, 31).
cost(3, 7, 60).
cost(3, 8, 61).
cost(3, 9, 49).
cost(3, 10, 32).
cost(3, 11, 33).
cost(3, 12, 32).
cost(3, 13, 61).
cost(3, 14, 24).
cost(3, 15, 40).
cost(3, 16, 13).
cost(3, 17, 59).
cost(3, 18, 35).
cost(3, 19, 57).
cost(3, 20, 64).
cost(3, 21, 28).
cost(3, 22, 8).
cost(3, 23, 51).
cost(3, 24, 43).
cost(3, 25, 27).
cost(3, 26, 5).
cost(4, 1, 61).
cost(4, 2, 19).
cost(4, 3, 31).
cost(4, 5, 68).
cost(4, 6, 26).
cost(4, 7, 57).
cost(4, 8, 64).
cost(4, 9, 60).
cost(4, 10, 40).
cost(4, 11, 50).
cost(4, 12, 63).
cost(4, 13, 68).
cost(4, 14, 54).
cost(4, 15, 47).
cost(4, 16, 37).
cost(4, 17, 46).
cost(4, 18, 43).
cost(4, 19, 67).
cost(4, 20, 63).
cost(4, 21, 41).
cost(4, 22, 39).
cost(4, 23, 55).
cost(4, 24, 44).
cost(4, 25, 15).
cost(4, 26, 36).
cost(5, 1, 61).
cost(5, 2, 64).
cost(5, 3, 51).
cost(5, 4, 68).
cost(5, 6, 80).
cost(5, 7, 40).
cost(5, 8, 29).
cost(5, 9, 15).
cost(5, 10, 83).
cost(5, 11, 19).
cost(5, 12, 47).
cost(5, 13, 24).
cost(5, 14, 58).
cost(5, 15, 24).
cost(5, 16, 62).
cost(5, 17, 56).
cost(5, 18, 28).
cost(5, 19, 16).
cost(5, 20, 37).
cost(5, 21, 78).
cost(5, 22, 48).
cost(5, 23, 27).
cost(5, 24, 33).
cost(5, 25, 74).
cost(5, 26, 48).
cost(6, 1, 49).
cost(6, 2, 17).
cost(6, 3, 31).
cost(6, 4, 26).
cost(6, 5, 80).
cost(6, 7, 79).
cost(6, 8, 84).
cost(6, 9, 76).
cost(6, 10, 15).
cost(6, 11, 62).
cost(6, 12, 58).
cost(6, 13, 86).
cost(6, 14, 44).
cost(6, 15, 65).
cost(6, 16, 26).
cost(6, 17, 71).
cost(6, 18, 60).
cost(6, 19, 84).
cost(6, 20, 85).
cost(6, 21, 19).
cost(6, 22, 36).
cost(6, 23, 75).
cost(6, 24, 64).
cost(6, 25, 11).
cost(6, 26, 35).
cost(7, 1, 84).
cost(7, 2, 64).
cost(7, 3, 60).
cost(7, 4, 57).
cost(7, 5, 40).
cost(7, 6, 79).
cost(7, 8, 13).
cost(7, 9, 24).
cost(7, 10, 89).
cost(7, 11, 37).
cost(7, 12, 74).
cost(7, 13, 20).
cost(7, 14, 79).
cost(7, 15, 23).
cost(7, 16, 73).
cost(7, 17, 20).
cost(7, 18, 26).
cost(7, 19, 26).
cost(7, 20, 7).
cost(7, 21, 87).
cost(7, 22, 62).
cost(7, 23, 13).
cost(7, 24, 17).
cost(7, 25, 69).
cost(7, 26, 59).
cost(8, 1, 81).
cost(8, 2, 68).
cost(8, 3, 61).
cost(8, 4, 64).
cost(8, 5, 29).
cost(8, 6, 84).
cost(8, 7, 13).
cost(8, 9, 15).
cost(8, 10, 92).
cost(8, 11, 32).
cost(8, 12, 70).
cost(8, 13, 6).
cost(8, 14, 76).
cost(8, 15, 21).
cost(8, 16, 73).
cost(8, 17, 33).
cost(8, 18, 26).
cost(8, 19, 14).
cost(8, 20, 9).
cost(8, 21, 89).
cost(8, 22, 62).
cost(8, 23, 10).
cost(8, 24, 21).
cost(8, 25, 75).
cost(8, 26, 59).
cost(9, 1, 67).
cost(9, 2, 59).
cost(9, 3, 49).
cost(9, 4, 60).
cost(9, 5, 15).
cost(9, 6, 76).
cost(9, 7, 24).
cost(9, 8, 15).
cost(9, 10, 81).
cost(9, 11, 18).
cost(9, 12, 54).
cost(9, 13, 13).
cost(9, 14, 62).
cost(9, 15, 12).
cost(9, 16, 62).
cost(9, 17, 40).
cost(9, 18, 17).
cost(9, 19, 8).
cost(9, 20, 23).
cost(9, 21, 78).
cost(9, 22, 49).
cost(9, 23, 12).
cost(9, 24, 19).
cost(9, 25, 68).
cost(9, 26, 47).
cost(10, 1, 40).
cost(10, 2, 25).
cost(10, 3, 32).
cost(10, 4, 40).
cost(10, 5, 83).
cost(10, 6, 15).
cost(10, 7, 89).
cost(10, 8, 92).
cost(10, 9, 81).
cost(10, 11, 65).
cost(10, 12, 52).
cost(10, 13, 93).
cost(10, 14, 36).
cost(10, 15, 71).
cost(10, 16, 22).
cost(10, 17, 83).
cost(10, 18, 66).
cost(10, 19, 89).
cost(10, 20, 94).
cost(10, 21, 6).
cost(10, 22, 35).
cost(10, 23, 82).
cost(10, 24, 72).
cost(10, 25, 25).
cost(10, 26, 36).
cost(11, 1, 50).
cost(11, 2, 45).
cost(11, 3, 33).
cost(11, 4, 50).
cost(11, 5, 19).
cost(11, 6, 62).
cost(11, 7, 37).
cost(11, 8, 32).
cost(11, 9, 18).
cost(11, 10, 65).
cost(11, 12, 38).
cost(11, 13, 30).
cost(11, 14, 45).
cost(11, 15, 14).
cost(11, 16, 45).
cost(11, 17, 47).
cost(11, 18, 14).
cost(11, 19, 24).
cost(11, 20, 38).
cost(11, 21, 61).
cost(11, 22, 32).
cost(11, 23, 24).
cost(11, 24, 23).
cost(11, 25, 55).
cost(11, 26, 30).
cost(12, 1, 16).
cost(12, 2, 46).
cost(12, 3, 32).
cost(12, 4, 63).
cost(12, 5, 47).
cost(12, 6, 58).
cost(12, 7, 74).
cost(12, 8, 70).
cost(12, 9, 54).
cost(12, 10, 52).
cost(12, 11, 38).
cost(12, 13, 67).
cost(12, 14, 16).
cost(12, 15, 51).
cost(12, 16, 32).
cost(12, 17, 81).
cost(12, 18, 49).
cost(12, 19, 60).
cost(12, 20, 76).
cost(12, 21, 45).
cost(12, 22, 24).
cost(12, 23, 62).
cost(12, 24, 59).
cost(12, 25, 57).
cost(12, 26, 27).
cost(13, 1, 80).
cost(13, 2, 70).
cost(13, 3, 61).
cost(13, 4, 68).
cost(13, 5, 24).
cost(13, 6, 86).
cost(13, 7, 20).
cost(13, 8, 6).
cost(13, 9, 13).
cost(13, 10, 93).
cost(13, 11, 30).
cost(13, 12, 67).
cost(13, 14, 75).
cost(13, 15, 22).
cost(13, 16, 74).
cost(13, 17, 39).
cost(13, 18, 27).
cost(13, 19, 8).
cost(13, 20, 15).
cost(13, 21, 90).
cost(13, 22, 61).
cost(13, 23, 13).
cost(13, 24, 24).
cost(13, 25, 77).
cost(13, 26, 59).
cost(14, 1, 7).
cost(14, 2, 36).
cost(14, 3, 24).
cost(14, 4, 54).
cost(14, 5, 58).
cost(14, 6, 44).
cost(14, 7, 79).
cost(14, 8, 76).
cost(14, 9, 62).
cost(14, 10, 36).
cost(14, 11, 45).
cost(14, 12, 16).
cost(14, 13, 75).
cost(14, 15, 56).
cost(14, 16, 18).
cost(14, 17, 82).
cost(14, 18, 53).
cost(14, 19, 69).
cost(14, 20, 81).
cost(14, 21, 30).
cost(14, 22, 18).
cost(14, 23, 68).
cost(14, 24, 62).
cost(14, 25, 46).
cost(14, 26, 21).
cost(15, 1, 62).
cost(15, 2, 48).
cost(15, 3, 40).
cost(15, 4, 47).
cost(15, 5, 24).
cost(15, 6, 65).
cost(15, 7, 23).
cost(15, 8, 21).
cost(15, 9, 12).
cost(15, 10, 71).
cost(15, 11, 14).
cost(15, 12, 51).
cost(15, 13, 22).
cost(15, 14, 56).
cost(15, 16, 52).
cost(15, 17, 33).
cost(15, 18, 5).
cost(15, 19, 20).
cost(15, 20, 25).
cost(15, 21, 68).
cost(15, 22, 41).
cost(15, 23, 12).
cost(15, 24, 9).
cost(15, 25, 56).
cost(15, 26, 38).
cost(16, 1, 24).
cost(16, 2, 18).
cost(16, 3, 13).
cost(16, 4, 37).
cost(16, 5, 62).
cost(16, 6, 26).
cost(16, 7, 73).
cost(16, 8, 73).
cost(16, 9, 62).
cost(16, 10, 22).
cost(16, 11, 45).
cost(16, 12, 32).
cost(16, 13, 74).
cost(16, 14, 18).
cost(16, 15, 52).
cost(16, 17, 71).
cost(16, 18, 48).
cost(16, 19, 69).
cost(16, 20, 77).
cost(16, 21, 17).
cost(16, 22, 13).
cost(16, 23, 64).
cost(16, 24, 56).
cost(16, 25, 28).
cost(16, 26, 14).
cost(17, 1, 88).
cost(17, 2, 59).
cost(17, 3, 59).
cost(17, 4, 46).
cost(17, 5, 56).
cost(17, 6, 71).
cost(17, 7, 20).
cost(17, 8, 33).
cost(17, 9, 40).
cost(17, 10, 83).
cost(17, 11, 47).
cost(17, 12, 81).
cost(17, 13, 39).
cost(17, 14, 82).
cost(17, 15, 33).
cost(17, 16, 71).
cost(17, 18, 33).
cost(17, 19, 44).
cost(17, 20, 26).
cost(17, 21, 82).
cost(17, 22, 64).
cost(17, 23, 29).
cost(17, 24, 24).
cost(17, 25, 60).
cost(17, 26, 60).
cost(18, 1, 59).
cost(18, 2, 43).
cost(18, 3, 35).
cost(18, 4, 43).
cost(18, 5, 28).
cost(18, 6, 60).
cost(18, 7, 26).
cost(18, 8, 26).
cost(18, 9, 17).
cost(18, 10, 66).
cost(18, 11, 14).
cost(18, 12, 49).
cost(18, 13, 27).
cost(18, 14, 53).
cost(18, 15, 5).
cost(18, 16, 48).
cost(18, 17, 33).
cost(18, 19, 24).
cost(18, 20, 29).
cost(18, 21, 63).
cost(18, 22, 37).
cost(18, 23, 16).
cost(18, 24, 10).
cost(18, 25, 51).
cost(18, 26, 34).
cost(19, 1, 73).
cost(19, 2, 67).
cost(19, 3, 57).
cost(19, 4, 67).
cost(19, 5, 16).
cost(19, 6, 84).
cost(19, 7, 26).
cost(19, 8, 14).
cost(19, 9, 8).
cost(19, 10, 89).
cost(19, 11, 24).
cost(19, 12, 60).
cost(19, 13, 8).
cost(19, 14, 69).
cost(19, 15, 20).
cost(19, 16, 69).
cost(19, 17, 44).
cost(19, 18, 24).
cost(19, 20, 23).
cost(19, 21, 85).
cost(19, 22, 56).
cost(19, 23, 15).
cost(19, 24, 25).
cost(19, 25, 75).
cost(19, 26, 54).
cost(20, 1, 87).
cost(20, 2, 69).
cost(20, 3, 64).
cost(20, 4, 63).
cost(20, 5, 37).
cost(20, 6, 85).
cost(20, 7, 7).
cost(20, 8, 9).
cost(20, 9, 23).
cost(20, 10, 94).
cost(20, 11, 38).
cost(20, 12, 76).
cost(20, 13, 15).
cost(20, 14, 81).
cost(20, 15, 25).
cost(20, 16, 77).
cost(20, 17, 26).
cost(20, 18, 29).
cost(20, 19, 23).
cost(20, 21, 91).
cost(20, 22, 66).
cost(20, 23, 13).
cost(20, 24, 21).
cost(20, 25, 75).
cost(20, 26, 63).
cost(21, 1, 34).
cost(21, 2, 24).
cost(21, 3, 28).
cost(21, 4, 41).
cost(21, 5, 78).
cost(21, 6, 19).
cost(21, 7, 87).
cost(21, 8, 89).
cost(21, 9, 78).
cost(21, 10, 6).
cost(21, 11, 61).
cost(21, 12, 45).
cost(21, 13, 90).
cost(21, 14, 30).
cost(21, 15, 68).
cost(21, 16, 17).
cost(21, 17, 82).
cost(21, 18, 63).
cost(21, 19, 85).
cost(21, 20, 91).
cost(21, 22, 30).
cost(21, 23, 79).
cost(21, 24, 70).
cost(21, 25, 27).
cost(21, 26, 31).
cost(22, 1, 25).
cost(22, 2, 23).
cost(22, 3, 8).
cost(22, 4, 39).
cost(22, 5, 48).
cost(22, 6, 36).
cost(22, 7, 62).
cost(22, 8, 62).
cost(22, 9, 49).
cost(22, 10, 35).
cost(22, 11, 32).
cost(22, 12, 24).
cost(22, 13, 61).
cost(22, 14, 18).
cost(22, 15, 41).
cost(22, 16, 13).
cost(22, 17, 64).
cost(22, 18, 37).
cost(22, 19, 56).
cost(22, 20, 66).
cost(22, 21, 30).
cost(22, 23, 53).
cost(22, 24, 45).
cost(22, 25, 34).
cost(22, 26, 4).
cost(23, 1, 73).
cost(23, 2, 59).
cost(23, 3, 51).
cost(23, 4, 55).
cost(23, 5, 27).
cost(23, 6, 75).
cost(23, 7, 13).
cost(23, 8, 10).
cost(23, 9, 12).
cost(23, 10, 82).
cost(23, 11, 24).
cost(23, 12, 62).
cost(23, 13, 13).
cost(23, 14, 68).
cost(23, 15, 12).
cost(23, 16, 64).
cost(23, 17, 29).
cost(23, 18, 16).
cost(23, 19, 15).
cost(23, 20, 13).
cost(23, 21, 79).
cost(23, 22, 53).
cost(23, 24, 11).
cost(23, 25, 65).
cost(23, 26, 50).
cost(24, 1, 68).
cost(24, 2, 48).
cost(24, 3, 43).
cost(24, 4, 44).
cost(24, 5, 33).
cost(24, 6, 64).
cost(24, 7, 17).
cost(24, 8, 21).
cost(24, 9, 19).
cost(24, 10, 72).
cost(24, 11, 23).
cost(24, 12, 59).
cost(24, 13, 24).
cost(24, 14, 62).
cost(24, 15, 9).
cost(24, 16, 56).
cost(24, 17, 24).
cost(24, 18, 10).
cost(24, 19, 25).
cost(24, 20, 21).
cost(24, 21, 70).
cost(24, 22, 45).
cost(24, 23, 11).
cost(24, 25, 54).
cost(24, 26, 43).
cost(25, 1, 52).
cost(25, 2, 11).
cost(25, 3, 27).
cost(25, 4, 15).
cost(25, 5, 74).
cost(25, 6, 11).
cost(25, 7, 69).
cost(25, 8, 75).
cost(25, 9, 68).
cost(25, 10, 25).
cost(25, 11, 55).
cost(25, 12, 57).
cost(25, 13, 77).
cost(25, 14, 46).
cost(25, 15, 56).
cost(25, 16, 28).
cost(25, 17, 60).
cost(25, 18, 51).
cost(25, 19, 75).
cost(25, 20, 75).
cost(25, 21, 27).
cost(25, 22, 34).
cost(25, 23, 65).
cost(25, 24, 54).
cost(25, 26, 32).
cost(26, 1, 28).
cost(26, 2, 21).
cost(26, 3, 5).
cost(26, 4, 36).
cost(26, 5, 48).
cost(26, 6, 35).
cost(26, 7, 59).
cost(26, 8, 59).
cost(26, 9, 47).
cost(26, 10, 36).
cost(26, 11, 30).
cost(26, 12, 27).
cost(26, 13, 59).
cost(26, 14, 21).
cost(26, 15, 38).
cost(26, 16, 14).
cost(26, 17, 60).
cost(26, 18, 34).
cost(26, 19, 54).
cost(26, 20, 63).
cost(26, 21, 31).
cost(26, 22, 4).
cost(26, 23, 50).
cost(26, 24, 43).
cost(26, 25, 32).
