dimension(26).
point(1, 70.4840135578, 78.8873337797).
point(2, 13.6934381302, 50.9347899692).
point(3, 50.7423058969, 66.3858645951).
point(4, 15.2081683107, 27.3460884876).
point(5, 81.2829387096, 21.3248697884).
point(6, 16.7646922574, 43.7521508692).
point(7, 5.2332166334, 46.7800419724).
point(8, 80.1240194191, 67.2254229908).
point(9, 86.1331573677, 64.2932470899).
point(10, 9.9481105775, 30.5669154262).
point(11, 26.0392152446, 25.1526192174).
point(12, 65.9977072571, 70.5933197581).
point(13, 9.7707066778, 49.574101284).
point(14, 66.1470724058, 36.6333729457).
point(15, 33.0147098239, 4.4298536915).
point(16, 18.0311604132, 26.1500028703).
point(17, 82.1720744506, 40.7366955371).
point(18, 47.7457550707, 5.7819906771).
point(19, 73.9435176884, 42.7075802595).
point(20, 3.8782007496, 43.6615492161).
point(21, 87.8295155136, 70.761764178).
point(22, 81.5645434, 31.2283729961).
point(23, 35.7952996093, 15.0615172487).
point(24, 56.443940719, 65.9396425795).
point(25, 12.7714889072, 50.1120002984).
point(26, 67.9074520416, 51.3327218241).
cost(1, 2, 63).
cost(1, 3, 23).
cost(1, 4, 76).
cost(1, 5, 59).
cost(1, 6, 64).
cost(1, 7, 73).
cost(1, 8, 15).
cost(1, 9, 21).
cost(1, 10, 77).
cost(1, 11, 70).
cost(1, 12, 9).
cost(1, 13, 67).
cost(1, 14, 42).
cost(1, 15, 83).
cost(1, 16, 74).
cost(1, 17, 40).
cost(1, 18, 77).
cost(1, 19, 36).
cost(1, 20, 75).
cost(1, 21, 19).
cost(1, 22, 49).
cost(1, 23, 73).
cost(1, 24, 19).
cost(1, 25, 64).
cost(1, 26, 28).
cost(2, 1, 63).
cost(2, 3, 40).
cost(2, 4, 24).
cost(2, 5, 74).
cost(2, 6, 8).
cost(2, 7, 9).
cost(2, 8, 68).
cost(2, 9, 74).
cost(2, 10, 21).
cost(2, 11, 29).
cost(2, 12, 56).
cost(2, 13, 4).
cost(2, 14, 54).
cost(2, 15, 50).
cost(2, 16, 25).
cost(2, 17, 69).
cost(2, 18, 57).
cost(2, 19, 61).
cost(2, 20, 12).
cost(2, 21, 77).
cost(2, 22, 71).
cost(2, 23, 42).
cost(2, 24, 45).
cost(2, 25, 1).
cost(2, 26, 54).
cost(3, 1, 23).
cost(3, 2, 40).
cost(3, 4, 53).
cost(3, 5, 54).
cost(3, 6, 41).
cost(3, 7, 50).
cost(3, 8, 29).
cost(3, 9, 35).
cost(3, 10, 54).
cost(3, 11, 48).
cost(3, 12, 16).
cost(3, 13, 44).
cost(3, 14, 34).
cost(3, 15, 64).
cost(3, 16, 52).
cost(3, 17, 41).
cost(3, 18, 61).
cost(3, 19, 33).
cost(3, 20, 52).
cost(3, 21, 37).
cost(3, 22, 47).
cost(3, 23, 53).
cost(3, 24, 6).
cost(3, 25, 41).
cost(3, 26, 23).
cost(4, 1, 76).
cost(4, 2, 24).
cost(4, 3, 53).
cost(4, 5, 66).
cost(4, 6, 16).
cost(4, 7, 22).
cost(4, 8, 76).
cost(4, 9, 80).
cost(4, 10, 6).
cost(4, 11, 11).
cost(4, 12, 67).
cost(4, 13, 23).
cost(4, 14, 52).
cost(4, 15, 29).
cost(4, 16, 3).
cost(4, 17, 68).
cost(4, 18, 39).
cost(4, 19, 61).
cost(4, 20, 20).
cost(4, 21, 85).
cost(4, 22, 66).
cost(4, 23, 24).
cost(4, 24, 56).
cost(4, 25, 23).
cost(4, 26, 58).
cost(5, 1, 59).
cost(5, 2, 74).
cost(5, 3, 54).
cost(5, 4, 66).
cost(5, 6, 68).
cost(5, 7, 80).
cost(5, 8, 46).
cost(5, 9, 43).
cost(5, 10, 72).
cost(5, 11, 55).
cost(5, 12, 52).
cost(5, 13, 77).
cost(5, 14, 22).
cost(5, 15, 51).
cost(5, 16, 63).
cost(5, 17, 19).
cost(5, 18, 37).
cost(5, 19, 23).
cost(5, 20, 81).
cost(5, 21, 50).
cost(5, 22, 10).
cost(5, 23, 46).
cost(5, 24, 51).
cost(5, 25, 74).
cost(5, 26, 33).
cost(6, 1, 64).
cost(6, 2, 8).
cost(6, 3, 41).
cost(6, 4, 16).
cost(6, 5, 68).
cost(6, 7, 12).
cost(6, 8, 68).
cost(6, 9, 72).
cost(6, 10, 15).
cost(6, 11, 21).
cost(6, 12, 56).
cost(6, 13, 9).
cost(6, 14, 50).
cost(6, 15, 43).
cost(6, 16, 18).
cost(6, 17, 65).
cost(6, 18, 49).
cost(6, 19, 57).
cost(6, 20, 13).
cost(6, 21, 76).
cost(6, 22, 66).
cost(6, 23, 34).
cost(6, 24, 45).
cost(6, 25, 8).
cost(6, 26, 52).
cost(7, 1, 73).
cost(7, 2, 9).
cost(7, 3, 50).
cost(7, 4, 22).
cost(7, 5, 80).
cost(7, 6, 12).
cost(7, 8, 78).
cost(7, 9, 83).
cost(7, 10, 17).
cost(7, 11, 30).
cost(7, 12, 65).
cost(7, 13, 5).
cost(7, 14, 62).
cost(7, 15, 51).
cost(7, 16, 24).
cost(7, 17, 77).
cost(7, 18, 59).
cost(7, 19, 69).
cost(7, 20, 3).
cost(7, 21, 86).
cost(7, 22, 78).
cost(7, 23, 44).
cost(7, 24, 55).
cost(7, 25, 8).
cost(7, 26, 63).
cost(8, 1, 15).
cost(8, 2, 68).
cost(8, 3, 29).
cost(8, 4, 76).
cost(8, 5, 46).
cost(8, 6, 68).
cost(8, 7, 78).
cost(8, 9, 7).
cost(8, 10, 79).
cost(8, 11, 69).
cost(8, 12, 15).
cost(8, 13, 73).
cost(8, 14, 34).
cost(8, 15, 79).
cost(8, 16, 74).
cost(8, 17, 27).
cost(8, 18, 69).
cost(8, 19, 25).
cost(8, 20, 80).
cost(8, 21, 8).
cost(8, 22, 36).
cost(8, 23, 68).
cost(8, 24, 24).
cost(8, 25, 69).
cost(8, 26, 20).
cost(9, 1, 21).
cost(9, 2, 74).
cost(9, 3, 35).
cost(9, 4, 80).
cost(9, 5, 43).
cost(9, 6, 72).
cost(9, 7, 83).
cost(9, 8, 7).
cost(9, 10, 83).
cost(9, 11, 72).
cost(9, 12, 21).
cost(9, 13, 78).
cost(9, 14, 34).
cost(9, 15, 80).
cost(9, 16, 78).
cost(9, 17, 24).
cost(9, 18, 70).
cost(9, 19, 25).
cost(9, 20, 85).
cost(9, 21, 7).
cost(9, 22, 33).
cost(9, 23, 70).
cost(9, 24, 30).
cost(9, 25, 75).
cost(9, 26, 22).
cost(10, 1, 77).
cost(10, 2, 21).
cost(10, 3, 54).
cost(10, 4, 6).
cost(10, 5, 72).
cost(10, 6, 15).
cost(10, 7, 17).
cost(10, 8, 79).
cost(10, 9, 83).
cost(10, 11, 17).
cost(10, 12, 69).
cost(10, 13, 19).
cost(10, 14, 57).
cost(10, 15, 35).
cost(10, 16, 9).
cost(10, 17, 73).
cost(10, 18, 45).
cost(10, 19, 65).
cost(10, 20, 14).
cost(10, 21, 88).
cost(10, 22, 72).
cost(10, 23, 30).
cost(10, 24, 58).
cost(10, 25, 20).
cost(10, 26, 62).
cost(11, 1, 70).
cost(11, 2, 29).
cost(11, 3, 48).
cost(11, 4, 11).
cost(11, 5, 55).
cost(11, 6, 21).
cost(11, 7, 30).
cost(11, 8, 69).
cost(11, 9, 72).
cost(11, 10, 17).
cost(11, 12, 61).
cost(11, 13, 29).
cost(11, 14, 42).
cost(11, 15, 22).
cost(11, 16, 8).
cost(11, 17, 58).
cost(11, 18, 29).
cost(11, 19, 51).
cost(11, 20, 29).
cost(11, 21, 77).
cost(11, 22, 56).
cost(11, 23, 14).
cost(11, 24, 51).
cost(11, 25, 28).
cost(11, 26, 49).
cost(12, 1, 9).
cost(12, 2, 56).
cost(12, 3, 16).
cost(12, 4, 67).
cost(12, 5, 52).
cost(12, 6, 56).
cost(12, 7, 65).
cost(12, 8, 15).
cost(12, 9, 21).
cost(12, 10, 69).
cost(12, 11, 61).
cost(12, 13, 60).
cost(12, 14, 34).
cost(12, 15, 74).
cost(12, 16, 65).
cost(12, 17, 34).
cost(12, 18, 67).
cost(12, 19, 29).
cost(12, 20, 68).
cost(12, 21, 22).
cost(12, 22, 42).
cost(12, 23, 63).
cost(12, 24, 11).
cost(12, 25, 57).
cost(12, 26, 19).
cost(13, 1, 67).
cost(13, 2, 4).
cost(13, 3, 44).
cost(13, 4, 23).
cost(13, 5, 77).
cost(13, 6, 9).
cost(13, 7, 5).
cost(13, 8, 73).
cost(13, 9, 78).
cost(13, 10, 19).
cost(13, 11, 29).
cost(13, 12, 60).
cost(13, 14, 58).
cost(13, 15, 51).
cost(13, 16, 25).
cost(13, 17, 73).
cost(13, 18, 58).
cost(13, 19, 65).
cost(13, 20, 8).
cost(13, 21, 81).
cost(13, 22, 74).
cost(13, 23, 43).
cost(13, 24, 49).
cost(13, 25, 3).
cost(13, 26, 58).
cost(14, 1, 42).
cost(14, 2, 54).
cost(14, 3, 34).
cost(14, 4, 52).
cost(14, 5, 22).
cost(14, 6, 50).
cost(14, 7, 62).
cost(14, 8, 34).
cost(14, 9, 34).
cost(14, 10, 57).
cost(14, 11, 42).
cost(14, 12, 34).
cost(14, 13, 58).
cost(14, 15, 46).
cost(14, 16, 49).
cost(14, 17, 17).
cost(14, 18, 36).
cost(14, 19, 10).
cost(14, 20, 63).
cost(14, 21, 40).
cost(14, 22, 16).
cost(14, 23, 37).
cost(14, 24, 31).
cost(14, 25, 55).
cost(14, 26, 15).
cost(15, 1, 83).
cost(15, 2, 50).
cost(15, 3, 64).
cost(15, 4, 29).
cost(15, 5, 51).
cost(15, 6, 43).
cost(15, 7, 51).
cost(15, 8, 79).
cost(15, 9, 80).
cost(15, 10, 35).
cost(15, 11, 22).
cost(15, 12, 74).
cost(15, 13, 51).
cost(15, 14, 46).
cost(15, 16, 26).
cost(15, 17, 61).
cost(15, 18, 15).
cost(15, 19, 56).
cost(15, 20, 49).
cost(15, 21, 86).
cost(15, 22, 55).
cost(15, 23, 11).
cost(15, 24, 66).
cost(15, 25, 50).
cost(15, 26, 58).
cost(16, 1, 74).
cost(16, 2, 25).
cost(16, 3, 52).
cost(16, 4, 3).
cost(16, 5, 63).
cost(16, 6, 18).
cost(16, 7, 24).
cost(16, 8, 74).
cost(16, 9, 78).
cost(16, 10, 9).
cost(16, 11, 8).
cost(16, 12, 65).
cost(16, 13, 25).
cost(16, 14, 49).
cost(16, 15, 26).
cost(16, 17, 66).
cost(16, 18, 36).
cost(16, 19, 58).
cost(16, 20, 23).
cost(16, 21, 83).
cost(16, 22, 64).
cost(16, 23, 21).
cost(16, 24, 55).
cost(16, 25, 25).
cost(16, 26, 56).
cost(17, 1, 40).
cost(17, 2, 69).
cost(17, 3, 41).
cost(17, 4, 68).
cost(17, 5, 19).
cost(17, 6, 65).
cost(17, 7, 77).
cost(17, 8, 27).
cost(17, 9, 24).
cost(17, 10, 73).
cost(17, 11, 58).
cost(17, 12, 34).
cost(17, 13, 73).
cost(17, 14, 17).
cost(17, 15, 61).
cost(17, 16, 66).
cost(17, 18, 49).
cost(17, 19, 8).
cost(17, 20, 78).
cost(17, 21, 31).
cost(17, 22, 10).
cost(17, 23, 53).
cost(17, 24, 36).
cost(17, 25, 70).
cost(17, 26, 18).
cost(18, 1, 77).
cost(18, 2, 57).
cost(18, 3, 61).
cost(18, 4, 39).
cost(18, 5, 37).
cost(18, 6, 49).
cost(18, 7, 59).
cost(18, 8, 69).
cost(18, 9, 70).
cost(18, 10, 45).
cost(18, 11, 29).
cost(18, 12, 67).
cost(18, 13, 58).
cost(18, 14, 36).
cost(18, 15, 15).
cost(18, 16, 36).
cost(18, 17, 49).
cost(18, 19, 45).
cost(18, 20, 58).
cost(18, 21, 76).
cost(18, 22, 42).
cost(18, 23, 15).
cost(18, 24, 61).
cost(18, 25, 56).
cost(18, 26, 50).
cost(19, 1, 36).
cost(19, 2, 61).
cost(19, 3, 33).
cost(19, 4, 61).
cost(19, 5, 23).
cost(19, 6, 57).
cost(19, 7, 69).
cost(19, 8, 25).
cost(19, 9, 25).
cost(19, 10, 65).
cost(19, 11, 51).
cost(19, 12, 29).
cost(19, 13, 65).
cost(19, 14, 10).
cost(19, 15, 56).
cost(19, 16, 58).
cost(19, 17, 8).
cost(19, 18, 45).
cost(19, 20, 70).
cost(19, 21, 31).
cost(19, 22, 14).
cost(19, 23, 47).
cost(19, 24, 29).
cost(19, 25, 62).
cost(19, 26, 11).
cost(20, 1, 75).
cost(20, 2, 12).
cost(20, 3, 52).
cost(20, 4, 20).
cost(20, 5, 81).
cost(20, 6, 13).
cost(20, 7, 3).
cost(20, 8, 80).
cost(20, 9, 85).
cost(20, 10, 14).
cost(20, 11, 29).
cost(20, 12, 68).
cost(20, 13, 8).
cost(20, 14, 63).
cost(20, 15, 49).
cost(20, 16, 23).
cost(20, 17, 78).
cost(20, 18, 58).
cost(20, 19, 70).
cost(20, 21, 88).
cost(20, 22, 79).
cost(20, 23, 43).
cost(20, 24, 57).
cost(20, 25, 11).
cost(20, 26, 64).
cost(21, 1, 19).
cost(21, 2, 77).
cost(21, 3, 37).
cost(21, 4, 85).
cost(21, 5, 50).
cost(21, 6, 76).
cost(21, 7, 86).
cost(21, 8, 8).
cost(21, 9, 7).
cost(21, 10, 88).
cost(21, 11, 77).
cost(21, 12, 22).
cost(21, 13, 81).
cost(21, 14, 40).
cost(21, 15, 86).
cost(21, 16, 83).
cost(21, 17, 31).
cost(21, 18, 76).
cost(21, 19, 31).
cost(21, 20, 88).
cost(21, 22, 40).
cost(21, 23, 76).
cost(21, 24, 32).
cost(21, 25, 78).
cost(21, 26, 28).
cost(22, 1, 49).
cost(22, 2, 71).
cost(22, 3, 47).
cost(22, 4, 66).
cost(22, 5, 10).
cost(22, 6, 66).
cost(22, 7, 78).
cost(22, 8, 36).
cost(22, 9, 33).
cost(22, 10, 72).
cost(22, 11, 56).
cost(22, 12, 42).
cost(22, 13, 74).
cost(22, 14, 16).
cost(22, 15, 55).
cost(22, 16, 64).
cost(22, 17, 10).
cost(22, 18, 42).
cost(22, 19, 14).
cost(22, 20, 79).
cost(22, 21, 40).
cost(22, 23, 49).
cost(22, 24, 43).
cost(22, 25, 71).
cost(22, 26, 24).
cost(23, 1, 73).
cost(23, 2, 42).
cost(23, 3, 53).
cost(23, 4, 24).
cost(23, 5, 46).
cost(23, 6, 34).
cost(23, 7, 44).
cost(23, 8, 68).
cost(23, 9, 70).
cost(23, 10, 30).
cost(23, 11, 14).
cost(23, 12, 63).
cost(23, 13, 43).
cost(23, 14, 37).
cost(23, 15, 11).
cost(23, 16, 21).
cost(23, 17, 53).
cost(23, 18, 15).
cost(23, 19, 47).
cost(23, 20, 43).
cost(23, 21, 76).
cost(23, 22, 49).
cost(23, 24, 55).
cost(23, 25, 42).
cost(23, 26, 48).
cost(24, 1, 19).
cost(24, 2, 45).
cost(24, 3, 6).
cost(24, 4, 56).
cost(24, 5, 51).
cost(24, 6, 45).
cost(24, 7, 55).
cost(24, 8, 24).
cost(24, 9, 30).
cost(24, 10, 58).
cost(24, 11, 51).
cost(24, 12, 11).
cost(24, 13, 49).
cost(24, 14, 31).
cost(24, 15, 66).
cost(24, 16, 55).
cost(24, 17, 36).
cost(24, 18, 61).
cost(24, 19, 29).
cost(24, 20, 57).
cost(24, 21, 32).
cost(24, 22, 43).
cost(24, 23, 55).
cost(24, 25, 46).
cost(24, 26, 19).
cost(25, 1, 64).
cost(25, 2, 1).
cost(25, 3, 41).
cost(25, 4, 23).
cost(25, 5, 74).
cost(25, 6, 8).
cost(25, 7, 8).
cost(25, 8, 69).
cost(25, 9, 75).
cost(25, 10, 20).
cost(25, 11, 28).
cost(25, 12, 57).
cost(25, 13, 3).
cost(25, 14, 55).
cost(25, 15, 50).
cost(25, 16, 25).
cost(25, 17, 70).
cost(25, 18, 56).
cost(25, 19, 62).
cost(25, 20, 11).
cost(25, 21, 78).
cost(25, 22, 71).
cost(25, 23, 42).
cost(25, 24, 46).
cost(25, 26, 55).
cost(26, 1, 28).
cost(26, 2, 54).
cost(26, 3, 23).
cost(26, 4, 58).
cost(26, 5, 33).
cost(26, 6, 52).
cost(26, 7, 63).
cost(26, 8, 20).
cost(26, 9, 22).
cost(26, 10, 62).
cost(26, 11, 49).
cost(26, 12, 19).
cost(26, 13, 58).
cost(26, 14, 15).
cost(26, 15, 58).
cost(26, 16, 56).
cost(26, 17, 18).
cost(26, 18, 50).
cost(26, 19, 11).
cost(26, 20, 64).
cost(26, 21, 28).
cost(26, 22, 24).
cost(26, 23, 48).
cost(26, 24, 19).
cost(26, 25, 55).
