dimension(24).
point(1, 787468.0, 493862.0).
point(2, 836582.0, 154310.0).
point(3, 285678.0, 140859.0).
point(4, 158517.0, 517439.0).
point(5, 717378.0, 644284.0).
point(6, 871500.0, 284800.0).
point(7, 207016.0, 583491.0).
point(8, 976068.0, 377794.0).
point(9, 86304.0, 809342.0).
point(10, 950554.0, 279772.0).
point(11, 767866.0, 631312.0).
point(12, 306915.0, 897139.0).
point(13, 651578.0, 694942.0).
point(14, 650819.0, 522638.0).
point(15, 698624.0, 6022.0).
point(16, 934607.0, 550965.0).
point(17, 765888.0, 585946.0).
point(18, 839121.0, 977900.0).
point(19, 564460.0, 54112.0).
point(20, 880817.0, 279043.0).
point(21, 291803.0, 916350.0).
point(22, 886187.0, 450267.0).
point(23, 319599.0, 824258.0).
point(24, 591591.0, 363299.0).
cost(1, 2, 343086).
cost(1, 3, 613518).
cost(1, 4, 629393).
cost(1, 5, 165950).
cost(1, 6, 225318).
cost(1, 7, 587331).
cost(1, 8, 221454).
cost(1, 9, 768868).
cost(1, 10, 269131).
cost(1, 11, 138841).
cost(1, 12, 627346).
cost(1, 13, 242692).
cost(1, 14, 139646).
cost(1, 15, 495864).
cost(1, 16, 157831).
cost(1, 17, 94579).
cost(1, 18, 486786).
cost(1, 19, 493065).
cost(1, 20, 234225).
cost(1, 21, 651291).
cost(1, 22, 107916).
cost(1, 23, 572768).
cost(1, 24, 235403).
cost(2, 1, 343086).
cost(2, 3, 551068).
cost(2, 4, 769178).
cost(2, 5, 504266).
cost(2, 6, 135081).
cost(2, 7, 761938).
cost(2, 8, 263442).
cost(2, 9, 995984).
cost(2, 10, 169500).
cost(2, 11, 481926).
cost(2, 12, 912328).
cost(2, 13, 571410).
cost(2, 14, 412521).
cost(2, 15, 202538).
cost(2, 16, 408588).
cost(2, 17, 437387).
cost(2, 18, 823594).
cost(2, 19, 289983).
cost(2, 20, 132344).
cost(2, 21, 936744).
cost(2, 22, 300085).
cost(2, 23, 846228).
cost(2, 24, 322020).
cost(3, 1, 613518).
cost(3, 2, 551068).
cost(3, 4, 397470).
cost(3, 5, 663175).
cost(3, 6, 603247).
cost(3, 7, 449567).
cost(3, 8, 729915).
cost(3, 9, 697581).
cost(3, 10, 679233).
cost(3, 11, 687786).
cost(3, 12, 756578).
cost(3, 13, 663996).
cost(3, 14, 528283).
cost(3, 15, 434402).
cost(3, 16, 767656).
cost(3, 17, 654755).
cost(3, 18, 1003462).
cost(3, 19, 291967).
cost(3, 20, 610971).
cost(3, 21, 775515).
cost(3, 22, 675533).
cost(3, 23, 684240).
cost(3, 24, 378236).
cost(4, 1, 629393).
cost(4, 2, 769178).
cost(4, 3, 397470).
cost(4, 5, 573075).
cost(4, 6, 749977).
cost(4, 7, 81945).
cost(4, 8, 829392).
cost(4, 9, 300703).
cost(4, 10, 826927).
cost(4, 11, 619898).
cost(4, 12, 407669).
cost(4, 13, 524039).
cost(4, 14, 492329).
cost(4, 15, 743816).
cost(4, 16, 776814).
cost(4, 17, 611222).
cost(4, 18, 821734).
cost(4, 19, 616005).
cost(4, 20, 760625).
cost(4, 21, 420589).
cost(4, 22, 730764).
cost(4, 23, 346533).
cost(4, 24, 459687).
cost(5, 1, 165950).
cost(5, 2, 504266).
cost(5, 3, 663175).
cost(5, 4, 573075).
cost(5, 6, 391130).
cost(5, 7, 513970).
cost(5, 8, 371399).
cost(5, 9, 652302).
cost(5, 10, 432712).
cost(5, 11, 52128).
cost(5, 12, 482095).
cost(5, 13, 83041).
cost(5, 14, 138665).
cost(5, 15, 638537).
cost(5, 16, 236425).
cost(5, 17, 75872).
cost(5, 18, 355135).
cost(5, 19, 609661).
cost(5, 20, 400142).
cost(5, 21, 505108).
cost(5, 22, 257175).
cost(5, 23, 436599).
cost(5, 24, 307855).
cost(6, 1, 225318).
cost(6, 2, 135081).
cost(6, 3, 603247).
cost(6, 4, 749977).
cost(6, 5, 391130).
cost(6, 7, 728530).
cost(6, 8, 139937).
cost(6, 9, 944287).
cost(6, 10, 79214).
cost(6, 11, 361677).
cost(6, 12, 832896).
cost(6, 13, 465384).
cost(6, 14, 324449).
cost(6, 15, 328029).
cost(6, 16, 273544).
cost(6, 17, 319128).
cost(6, 18, 693856).
cost(6, 19, 384045).
cost(6, 20, 10952).
cost(6, 21, 857265).
cost(6, 22, 166118).
cost(6, 23, 771758).
cost(6, 24, 290708).
cost(7, 1, 587331).
cost(7, 2, 761938).
cost(7, 3, 449567).
cost(7, 4, 81945).
cost(7, 5, 513970).
cost(7, 6, 728530).
cost(7, 8, 796086).
cost(7, 9, 256086).
cost(7, 10, 803177).
cost(7, 11, 562885).
cost(7, 12, 329173).
cost(7, 13, 458319).
cost(7, 14, 447956).
cost(7, 15, 758386).
cost(7, 16, 728318).
cost(7, 17, 558877).
cost(7, 18, 745061).
cost(7, 19, 638755).
cost(7, 20, 739389).
cost(7, 21, 343488).
cost(7, 22, 692114).
cost(7, 23, 265789).
cost(7, 24, 443151).
cost(8, 1, 221454).
cost(8, 2, 263442).
cost(8, 3, 729915).
cost(8, 4, 829392).
cost(8, 5, 371399).
cost(8, 6, 139937).
cost(8, 7, 796086).
cost(8, 9, 988895).
cost(8, 10, 101288).
cost(8, 11, 328054).
cost(8, 12, 847045).
cost(8, 13, 453736).
cost(8, 14, 356043).
cost(8, 15, 463885).
cost(8, 16, 178065).
cost(8, 17, 295809).
cost(8, 18, 615534).
cost(8, 19, 523633).
cost(8, 20, 137202).
cost(8, 21, 870782).
cost(8, 22, 115460).
cost(8, 23, 793903).
cost(8, 24, 384750).
cost(9, 1, 768868).
cost(9, 2, 995984).
cost(9, 3, 697581).
cost(9, 4, 300703).
cost(9, 5, 652302).
cost(9, 6, 944287).
cost(9, 7, 256086).
cost(9, 8, 988895).
cost(9, 10, 1013594).
cost(9, 11, 704430).
cost(9, 12, 237440).
cost(9, 13, 576734).
cost(9, 14, 633148).
cost(9, 15, 1010079).
cost(9, 16, 886779).
cost(9, 17, 715360).
cost(9, 18, 771457).
cost(9, 19, 893871).
cost(9, 20, 955232).
cost(9, 21, 231691).
cost(9, 22, 876783).
cost(9, 23, 233771).
cost(9, 24, 673995).
cost(10, 1, 269131).
cost(10, 2, 169500).
cost(10, 3, 679233).
cost(10, 4, 826927).
cost(10, 5, 432712).
cost(10, 6, 79214).
cost(10, 7, 803177).
cost(10, 8, 101288).
cost(10, 9, 1013594).
cost(10, 11, 396176).
cost(10, 12, 891859).
cost(10, 13, 511618).
cost(10, 14, 385778).
cost(10, 15, 372032).
cost(10, 16, 271661).
cost(10, 17, 357553).
cost(10, 18, 706965).
cost(10, 19, 447204).
cost(10, 20, 69741).
cost(10, 21, 916070).
cost(10, 22, 182241).
cost(10, 23, 833408).
cost(10, 24, 368553).
cost(11, 1, 138841).
cost(11, 2, 481926).
cost(11, 3, 687786).
cost(11, 4, 619898).
cost(11, 5, 52128).
cost(11, 6, 361677).
cost(11, 7, 562885).
cost(11, 8, 328054).
cost(11, 9, 704430).
cost(11, 10, 396176).
cost(11, 12, 532109).
cost(11, 13, 132558).
cost(11, 14, 159719).
cost(11, 15, 629112).
cost(11, 16, 185090).
cost(11, 17, 45409).
cost(11, 18, 353837).
cost(11, 19, 611992).
cost(11, 20, 369934).
cost(11, 21, 554872).
cost(11, 22, 216280).
cost(11, 23, 488028).
cost(11, 24, 320786).
cost(12, 1, 627346).
cost(12, 2, 912328).
cost(12, 3, 756578).
cost(12, 4, 407669).
cost(12, 5, 482095).
cost(12, 6, 832896).
cost(12, 7, 329173).
cost(12, 8, 847045).
cost(12, 9, 237440).
cost(12, 10, 891859).
cost(12, 11, 532109).
cost(12, 13, 399595).
cost(12, 14, 508450).
cost(12, 15, 973409).
cost(12, 16, 716822).
cost(12, 17, 554524).
cost(12, 18, 538299).
cost(12, 19, 881490).
cost(12, 20, 843449).
cost(12, 21, 24442).
cost(12, 22, 731608).
cost(12, 23, 73977).
cost(12, 24, 605000).
cost(13, 1, 242692).
cost(13, 2, 571410).
cost(13, 3, 663996).
cost(13, 4, 524039).
cost(13, 5, 83041).
cost(13, 6, 465384).
cost(13, 7, 458319).
cost(13, 8, 453736).
cost(13, 9, 576734).
cost(13, 10, 511618).
cost(13, 11, 132558).
cost(13, 12, 399595).
cost(13, 14, 172306).
cost(13, 15, 690525).
cost(13, 16, 317545).
cost(13, 17, 157946).
cost(13, 18, 339467).
cost(13, 19, 646725).
cost(13, 20, 474892).
cost(13, 21, 422445).
cost(13, 22, 338980).
cost(13, 23, 356276).
cost(13, 24, 337025).
cost(14, 1, 139646).
cost(14, 2, 412521).
cost(14, 3, 528283).
cost(14, 4, 492329).
cost(14, 5, 138665).
cost(14, 6, 324449).
cost(14, 7, 447956).
cost(14, 8, 356043).
cost(14, 9, 633148).
cost(14, 10, 385778).
cost(14, 11, 159719).
cost(14, 12, 508450).
cost(14, 13, 172306).
cost(14, 15, 518823).
cost(14, 16, 285198).
cost(14, 17, 131335).
cost(14, 18, 492667).
cost(14, 19, 476418).
cost(14, 20, 335019).
cost(14, 21, 532824).
cost(14, 22, 246243).
cost(14, 23, 447975).
cost(14, 24, 169991).
cost(15, 1, 495864).
cost(15, 2, 202538).
cost(15, 3, 434402).
cost(15, 4, 743816).
cost(15, 5, 638537).
cost(15, 6, 328029).
cost(15, 7, 758386).
cost(15, 8, 463885).
cost(15, 9, 1010079).
cost(15, 10, 372032).
cost(15, 11, 629112).
cost(15, 12, 973409).
cost(15, 13, 690525).
cost(15, 14, 518823).
cost(15, 16, 593844).
cost(15, 17, 583812).
cost(15, 18, 981981).
cost(15, 19, 142522).
cost(15, 20, 328230).
cost(15, 21, 997096).
cost(15, 22, 482217).
cost(15, 23, 901759).
cost(15, 24, 372965).
cost(16, 1, 157831).
cost(16, 2, 408588).
cost(16, 3, 767656).
cost(16, 4, 776814).
cost(16, 5, 236425).
cost(16, 6, 273544).
cost(16, 7, 728318).
cost(16, 8, 178065).
cost(16, 9, 886779).
cost(16, 10, 271661).
cost(16, 11, 185090).
cost(16, 12, 716822).
cost(16, 13, 317545).
cost(16, 14, 285198).
cost(16, 15, 593844).
cost(16, 17, 172307).
cost(16, 18, 437483).
cost(16, 19, 619574).
cost(16, 20, 277191).
cost(16, 21, 739394).
cost(16, 22, 111734).
cost(16, 23, 672996).
cost(16, 24, 390997).
cost(17, 1, 94579).
cost(17, 2, 437387).
cost(17, 3, 654755).
cost(17, 4, 611222).
cost(17, 5, 75872).
cost(17, 6, 319128).
cost(17, 7, 558877).
cost(17, 8, 295809).
cost(17, 9, 715360).
cost(17, 10, 357553).
cost(17, 11, 45409).
cost(17, 12, 554524).
cost(17, 13, 157946).
cost(17, 14, 131335).
cost(17, 15, 583812).
cost(17, 16, 172307).
cost(17, 18, 398737).
cost(17, 19, 568701).
cost(17, 20, 327717).
cost(17, 21, 577861).
cost(17, 22, 181330).
cost(17, 23, 505931).
cost(17, 24, 282756).
cost(18, 1, 486786).
cost(18, 2, 823594).
cost(18, 3, 1003462).
cost(18, 4, 821734).
cost(18, 5, 355135).
cost(18, 6, 693856).
cost(18, 7, 745061).
cost(18, 8, 615534).
cost(18, 9, 771457).
cost(18, 10, 706965).
cost(18, 11, 353837).
cost(18, 12, 538299).
cost(18, 13, 339467).
cost(18, 14, 492667).
cost(18, 15, 981981).
cost(18, 16, 437483).
cost(18, 17, 398737).
cost(18, 19, 963755).
cost(18, 20, 700100).
cost(18, 21, 550768).
cost(18, 22, 529728).
cost(18, 23, 541765).
cost(18, 24, 662575).
cost(19, 1, 493065).
cost(19, 2, 289983).
cost(19, 3, 291967).
cost(19, 4, 616005).
cost(19, 5, 609661).
cost(19, 6, 384045).
cost(19, 7, 638755).
cost(19, 8, 523633).
cost(19, 9, 893871).
cost(19, 10, 447204).
cost(19, 11, 611992).
cost(19, 12, 881490).
cost(19, 13, 646725).
cost(19, 14, 476418).
cost(19, 15, 142522).
cost(19, 16, 619574).
cost(19, 17, 568701).
cost(19, 18, 963755).
cost(19, 20, 388170).
cost(19, 21, 904321).
cost(19, 22, 510340).
cost(19, 23, 808135).
cost(19, 24, 310375).
cost(20, 1, 234225).
cost(20, 2, 132344).
cost(20, 3, 610971).
cost(20, 4, 760625).
cost(20, 5, 400142).
cost(20, 6, 10952).
cost(20, 7, 739389).
cost(20, 8, 137202).
cost(20, 9, 955232).
cost(20, 10, 69741).
cost(20, 11, 369934).
cost(20, 12, 843449).
cost(20, 13, 474892).
cost(20, 14, 335019).
cost(20, 15, 328230).
cost(20, 16, 277191).
cost(20, 17, 327717).
cost(20, 18, 700100).
cost(20, 19, 388170).
cost(20, 21, 867812).
cost(20, 22, 171308).
cost(20, 23, 782448).
cost(20, 24, 301249).
cost(21, 1, 651291).
cost(21, 2, 936744).
cost(21, 3, 775515).
cost(21, 4, 420589).
cost(21, 5, 505108).
cost(21, 6, 857265).
cost(21, 7, 343488).
cost(21, 8, 870782).
cost(21, 9, 231691).
cost(21, 10, 916070).
cost(21, 11, 554872).
cost(21, 12, 24442).
cost(21, 13, 422445).
cost(21, 14, 532824).
cost(21, 15, 997096).
cost(21, 16, 739394).
cost(21, 17, 577861).
cost(21, 18, 550768).
cost(21, 19, 904321).
cost(21, 20, 867812).
cost(21, 22, 755332).
cost(21, 23, 96195).
cost(21, 24, 629077).
cost(22, 1, 107916).
cost(22, 2, 300085).
cost(22, 3, 675533).
cost(22, 4, 730764).
cost(22, 5, 257175).
cost(22, 6, 166118).
cost(22, 7, 692114).
cost(22, 8, 115460).
cost(22, 9, 876783).
cost(22, 10, 182241).
cost(22, 11, 216280).
cost(22, 12, 731608).
cost(22, 13, 338980).
cost(22, 14, 246243).
cost(22, 15, 482217).
cost(22, 16, 111734).
cost(22, 17, 181330).
cost(22, 18, 529728).
cost(22, 19, 510340).
cost(22, 20, 171308).
cost(22, 21, 755332).
cost(22, 23, 678890).
cost(22, 24, 307165).
cost(23, 1, 572768).
cost(23, 2, 846228).
cost(23, 3, 684240).
cost(23, 4, 346533).
cost(23, 5, 436599).
cost(23, 6, 771758).
cost(23, 7, 265789).
cost(23, 8, 793903).
cost(23, 9, 233771).
cost(23, 10, 833408).
cost(23, 11, 488028).
cost(23, 12, 73977).
cost(23, 13, 356276).
cost(23, 14, 447975).
cost(23, 15, 901759).
cost(23, 16, 672996).
cost(23, 17, 505931).
cost(23, 18, 541765).
cost(23, 19, 808135).
cost(23, 20, 782448).
cost(23, 21, 96195).
cost(23, 22, 678890).
cost(23, 24, 535222).
cost(24, 1, 235403).
cost(24, 2, 322020).
cost(24, 3, 378236).
cost(24, 4, 459687).
cost(24, 5, 307855).
cost(24, 6, 290708).
cost(24, 7, 443151).
cost(24, 8, 384750).
cost(24, 9, 673995).
cost(24, 10, 368553).
cost(24, 11, 320786).
cost(24, 12, 605000).
cost(24, 13, 337025).
cost(24, 14, 169991).
cost(24, 15, 372965).
cost(24, 16, 390997).
cost(24, 17, 282756).
cost(24, 18, 662575).
cost(24, 19, 310375).
cost(24, 20, 301249).
cost(24, 21, 629077).
cost(24, 22, 307165).
cost(24, 23, 535222).
