dimension(24).
point(1, 468679.0, 767994.0).
point(2, 560852.0, 210467.0).
point(3, 901905.0, 710006.0).
point(4, 677830.0, 936007.0).
point(5, 100542.0, 418481.0).
point(6, 709227.0, 886091.0).
point(7, 200045.0, 595707.0).
point(8, 783307.0, 974822.0).
point(9, 191193.0, 99394.0).
point(10, 217285.0, 739146.0).
point(11, 558320.0, 590790.0).
point(12, 40200.0, 857983.0).
point(13, 423519.0, 310868.0).
point(14, 552225.0, 792734.0).
point(15, 193673.0, 50103.0).
point(16, 388448.0, 767088.0).
point(17, 667312.0, 339256.0).
point(18, 804744.0, 554776.0).
point(19, 335405.0, 572402.0).
point(20, 34968.0, 6842.0).
point(21, 779270.0, 899499.0).
point(22, 36052.0, 30140.0).
point(23, 912765.0, 271066.0).
point(24, 684503.0, 444585.0).
cost(1, 2, 565095).
cost(1, 3, 437090).
cost(1, 4, 268277).
cost(1, 5, 507626).
cost(1, 6, 267974).
cost(1, 7, 319135).
cost(1, 8, 376522).
cost(1, 9, 723895).
cost(1, 10, 253044).
cost(1, 11, 198587).
cost(1, 12, 437827).
cost(1, 13, 459351).
cost(1, 14, 87132).
cost(1, 15, 768763).
cost(1, 16, 80236).
cost(1, 17, 472516).
cost(1, 18, 397997).
cost(1, 19, 236682).
cost(1, 20, 876047).
cost(1, 21, 337284).
cost(1, 22, 855333).
cost(1, 23, 666446).
cost(1, 24, 388810).
cost(2, 1, 565095).
cost(2, 3, 604861).
cost(2, 4, 734910).
cost(2, 5, 505129).
cost(2, 6, 691725).
cost(2, 7, 527818).
cost(2, 8, 796068).
cost(2, 9, 385986).
cost(2, 10, 630508).
cost(2, 11, 380331).
cost(2, 12, 830876).
cost(2, 13, 170120).
cost(2, 14, 582331).
cost(2, 15, 400671).
cost(2, 16, 582709).
cost(2, 17, 167094).
cost(2, 18, 421938).
cost(2, 19, 426407).
cost(2, 20, 563930).
cost(2, 21, 722822).
cost(2, 22, 554917).
cost(2, 23, 357092).
cost(2, 24, 264766).
cost(3, 1, 437090).
cost(3, 2, 604861).
cost(3, 4, 318255).
cost(3, 5, 852742).
cost(3, 6, 261019).
cost(3, 7, 711106).
cost(3, 8, 290160).
cost(3, 9, 936994).
cost(3, 10, 685240).
cost(3, 11, 363680).
cost(3, 12, 874318).
cost(3, 13, 623028).
cost(3, 14, 359333).
cost(3, 15, 968021).
cost(3, 16, 516620).
cost(3, 17, 438736).
cost(3, 18, 183130).
cost(3, 19, 582973).
cost(3, 20, 1116252).
cost(3, 21, 225714).
cost(3, 22, 1100872).
cost(3, 23, 439074).
cost(3, 24, 343092).
cost(4, 1, 268277).
cost(4, 2, 734910).
cost(4, 3, 318255).
cost(4, 5, 775303).
cost(4, 6, 58969).
cost(4, 7, 586586).
cost(4, 8, 112392).
cost(4, 9, 967852).
cost(4, 10, 500855).
cost(4, 11, 365318).
cost(4, 12, 642386).
cost(4, 13, 674887).
cost(4, 14, 190535).
cost(4, 15, 1009571).
cost(4, 16, 335075).
cost(4, 17, 596844).
cost(4, 18, 401801).
cost(4, 19, 499463).
cost(4, 20, 1129876).
cost(4, 21, 107810).
cost(4, 22, 1110168).
cost(4, 23, 705224).
cost(4, 24, 491467).
cost(5, 1, 507626).
cost(5, 2, 505129).
cost(5, 3, 852742).
cost(5, 4, 775303).
cost(5, 6, 767565).
cost(5, 7, 203248).
cost(5, 8, 880729).
cost(5, 9, 331714).
cost(5, 10, 341255).
cost(5, 11, 489133).
cost(5, 12, 443625).
cost(5, 13, 340433).
cost(5, 14, 586586).
cost(5, 15, 379968).
cost(5, 16, 452125).
cost(5, 17, 572280).
cost(5, 18, 717270).
cost(5, 19, 280807).
cost(5, 20, 416829).
cost(5, 21, 831895).
cost(5, 22, 393659).
cost(5, 23, 825492).
cost(5, 24, 584544).
cost(6, 1, 267974).
cost(6, 2, 691725).
cost(6, 3, 261019).
cost(6, 4, 58969).
cost(6, 5, 767565).
cost(6, 7, 586165).
cost(6, 8, 115590).
cost(6, 9, 941940).
cost(6, 10, 513420).
cost(6, 11, 331626).
cost(6, 12, 669617).
cost(6, 13, 642270).
cost(6, 14, 182661).
cost(6, 15, 982177).
cost(6, 16, 342142).
cost(6, 17, 548439).
cost(6, 18, 344809).
cost(6, 19, 488000).
cost(6, 20, 1108018).
cost(6, 21, 71315).
cost(6, 22, 1088952).
cost(6, 23, 647830).
cost(6, 24, 442198).
cost(7, 1, 319135).
cost(7, 2, 527818).
cost(7, 3, 711106).
cost(7, 4, 586586).
cost(7, 5, 203248).
cost(7, 6, 586165).
cost(7, 8, 695646).
cost(7, 9, 496392).
cost(7, 10, 144471).
cost(7, 11, 358309).
cost(7, 12, 307147).
cost(7, 13, 362041).
cost(7, 14, 403547).
cost(7, 15, 545641).
cost(7, 16, 254690).
cost(7, 17, 533016).
cost(7, 18, 606083).
cost(7, 19, 137352).
cost(7, 20, 611566).
cost(7, 21, 654057).
cost(7, 22, 588863).
cost(7, 23, 783174).
cost(7, 24, 507481).
cost(8, 1, 376522).
cost(8, 2, 796068).
cost(8, 3, 290160).
cost(8, 4, 112392).
cost(8, 5, 880729).
cost(8, 6, 115590).
cost(8, 7, 695646).
cost(8, 9, 1056870).
cost(8, 10, 613126).
cost(8, 11, 445084).
cost(8, 12, 752236).
cost(8, 13, 755170).
cost(8, 14, 294202).
cost(8, 15, 1096710).
cost(8, 16, 446169).
cost(8, 17, 646064).
cost(8, 18, 420593).
cost(8, 19, 602128).
cost(8, 20, 1223518).
cost(8, 21, 75431).
cost(8, 22, 1204497).
cost(8, 23, 715564).
cost(8, 24, 539364).
cost(9, 1, 723895).
cost(9, 2, 385986).
cost(9, 3, 936994).
cost(9, 4, 967852).
cost(9, 5, 331714).
cost(9, 6, 941940).
cost(9, 7, 496392).
cost(9, 8, 1056870).
cost(9, 10, 640284).
cost(9, 11, 613394).
cost(9, 12, 773470).
cost(9, 13, 314160).
cost(9, 14, 781706).
cost(9, 15, 49353).
cost(9, 16, 696222).
cost(9, 17, 533126).
cost(9, 18, 764080).
cost(9, 19, 494503).
cost(9, 20, 181582).
cost(9, 21, 992977).
cost(9, 22, 169897).
cost(9, 23, 741712).
cost(9, 24, 602089).
cost(10, 1, 253044).
cost(10, 2, 630508).
cost(10, 3, 685240).
cost(10, 4, 500855).
cost(10, 5, 341255).
cost(10, 6, 513420).
cost(10, 7, 144471).
cost(10, 8, 613126).
cost(10, 9, 640284).
cost(10, 11, 371906).
cost(10, 12, 213264).
cost(10, 13, 475347).
cost(10, 14, 339200).
cost(10, 15, 689447).
cost(10, 16, 173429).
cost(10, 17, 602027).
cost(10, 18, 615711).
cost(10, 19, 204343).
cost(10, 20, 754658).
cost(10, 21, 584414).
cost(10, 22, 731803).
cost(10, 23, 838326).
cost(10, 24, 552321).
cost(11, 1, 198587).
cost(11, 2, 380331).
cost(11, 3, 363680).
cost(11, 4, 365318).
cost(11, 5, 489133).
cost(11, 6, 331626).
cost(11, 7, 358309).
cost(11, 8, 445084).
cost(11, 9, 613394).
cost(11, 10, 371906).
cost(11, 12, 582958).
cost(11, 13, 310689).
cost(11, 14, 202036).
cost(11, 15, 652158).
cost(11, 16, 244821).
cost(11, 17, 274132).
cost(11, 18, 249042).
cost(11, 19, 223672).
cost(11, 20, 784151).
cost(11, 21, 379632).
cost(11, 22, 766219).
cost(11, 23, 477341).
cost(11, 24, 193127).
cost(12, 1, 437827).
cost(12, 2, 830876).
cost(12, 3, 874318).
cost(12, 4, 642386).
cost(12, 5, 443625).
cost(12, 6, 669617).
cost(12, 7, 307147).
cost(12, 8, 752236).
cost(12, 9, 773470).
cost(12, 10, 213264).
cost(12, 11, 582958).
cost(12, 13, 668033).
cost(12, 14, 516166).
cost(12, 15, 822328).
cost(12, 16, 359915).
cost(12, 17, 813847).
cost(12, 18, 822473).
cost(12, 19, 410734).
cost(12, 20, 851157).
cost(12, 21, 740235).
cost(12, 22, 827853).
cost(12, 23, 1051590).
cost(12, 24, 765522).
cost(13, 1, 459351).
cost(13, 2, 170120).
cost(13, 3, 623028).
cost(13, 4, 674887).
cost(13, 5, 340433).
cost(13, 6, 642270).
cost(13, 7, 362041).
cost(13, 8, 755170).
cost(13, 9, 314160).
cost(13, 10, 475347).
cost(13, 11, 310689).
cost(13, 12, 668033).
cost(13, 14, 498759).
cost(13, 15, 347603).
cost(13, 16, 457566).
cost(13, 17, 245440).
cost(13, 18, 452574).
cost(13, 19, 275978).
cost(13, 20, 493360).
cost(13, 21, 687783).
cost(13, 22, 478476).
cost(13, 23, 490862).
cost(13, 24, 293245).
cost(14, 1, 87132).
cost(14, 2, 582331).
cost(14, 3, 359333).
cost(14, 4, 190535).
cost(14, 5, 586586).
cost(14, 6, 182661).
cost(14, 7, 403547).
cost(14, 8, 294202).
cost(14, 9, 781706).
cost(14, 10, 339200).
cost(14, 11, 202036).
cost(14, 12, 516166).
cost(14, 13, 498759).
cost(14, 15, 824658).
cost(14, 16, 165773).
cost(14, 17, 467854).
cost(14, 18, 346972).
cost(14, 19, 309123).
cost(14, 20, 940841).
cost(14, 21, 250895).
cost(14, 22, 920861).
cost(14, 23, 634135).
cost(14, 24, 372431).
cost(15, 1, 768763).
cost(15, 2, 400671).
cost(15, 3, 968021).
cost(15, 4, 1009571).
cost(15, 5, 379968).
cost(15, 6, 982177).
cost(15, 7, 545641).
cost(15, 8, 1096710).
cost(15, 9, 49353).
cost(15, 10, 689447).
cost(15, 11, 652158).
cost(15, 12, 822328).
cost(15, 13, 347603).
cost(15, 14, 824658).
cost(15, 16, 742970).
cost(15, 17, 554926).
cost(15, 18, 792529).
cost(15, 19, 541188).
cost(15, 20, 164496).
cost(15, 21, 1031696).
cost(15, 22, 158880).
cost(15, 23, 752275).
cost(15, 24, 629706).
cost(16, 1, 80236).
cost(16, 2, 582709).
cost(16, 3, 516620).
cost(16, 4, 335075).
cost(16, 5, 452125).
cost(16, 6, 342142).
cost(16, 7, 254690).
cost(16, 8, 446169).
cost(16, 9, 696222).
cost(16, 10, 173429).
cost(16, 11, 244821).
cost(16, 12, 359915).
cost(16, 13, 457566).
cost(16, 14, 165773).
cost(16, 15, 742970).
cost(16, 17, 510691).
cost(16, 18, 467310).
cost(16, 19, 201783).
cost(16, 20, 838404).
cost(16, 21, 412643).
cost(16, 22, 816869).
cost(16, 23, 721766).
cost(16, 24, 437786).
cost(17, 1, 472516).
cost(17, 2, 167094).
cost(17, 3, 438736).
cost(17, 4, 596844).
cost(17, 5, 572280).
cost(17, 6, 548439).
cost(17, 7, 533016).
cost(17, 8, 646064).
cost(17, 9, 533126).
cost(17, 10, 602027).
cost(17, 11, 274132).
cost(17, 12, 813847).
cost(17, 13, 245440).
cost(17, 14, 467854).
cost(17, 15, 554926).
cost(17, 16, 510691).
cost(17, 18, 255610).
cost(17, 19, 405610).
cost(17, 20, 714393).
cost(17, 21, 571320).
cost(17, 22, 702881).
cost(17, 23, 254749).
cost(17, 24, 106723).
cost(18, 1, 397997).
cost(18, 2, 421938).
cost(18, 3, 183130).
cost(18, 4, 401801).
cost(18, 5, 717270).
cost(18, 6, 344809).
cost(18, 7, 606083).
cost(18, 8, 420593).
cost(18, 9, 764080).
cost(18, 10, 615711).
cost(18, 11, 249042).
cost(18, 12, 822473).
cost(18, 13, 452574).
cost(18, 14, 346972).
cost(18, 15, 792529).
cost(18, 16, 467310).
cost(18, 17, 255610).
cost(18, 19, 469670).
cost(18, 20, 944874).
cost(18, 21, 345663).
cost(18, 22, 930661).
cost(18, 23, 303578).
cost(18, 24, 163095).
cost(19, 1, 236682).
cost(19, 2, 426407).
cost(19, 3, 582973).
cost(19, 4, 499463).
cost(19, 5, 280807).
cost(19, 6, 488000).
cost(19, 7, 137352).
cost(19, 8, 602128).
cost(19, 9, 494503).
cost(19, 10, 204343).
cost(19, 11, 223672).
cost(19, 12, 410734).
cost(19, 13, 275978).
cost(19, 14, 309123).
cost(19, 15, 541188).
cost(19, 16, 201783).
cost(19, 17, 405610).
cost(19, 18, 469670).
cost(19, 20, 640407).
cost(19, 21, 551370).
cost(19, 22, 619403).
cost(19, 23, 651266).
cost(19, 24, 371761).
cost(20, 1, 876047).
cost(20, 2, 563930).
cost(20, 3, 1116252).
cost(20, 4, 1129876).
cost(20, 5, 416829).
cost(20, 6, 1108018).
cost(20, 7, 611566).
cost(20, 8, 1223518).
cost(20, 9, 181582).
cost(20, 10, 754658).
cost(20, 11, 784151).
cost(20, 12, 851157).
cost(20, 13, 493360).
cost(20, 14, 940841).
cost(20, 15, 164496).
cost(20, 16, 838404).
cost(20, 17, 714393).
cost(20, 18, 944874).
cost(20, 19, 640407).
cost(20, 21, 1162249).
cost(20, 22, 23323).
cost(20, 23, 916702).
cost(20, 24, 783272).
cost(21, 1, 337284).
cost(21, 2, 722822).
cost(21, 3, 225714).
cost(21, 4, 107810).
cost(21, 5, 831895).
cost(21, 6, 71315).
cost(21, 7, 654057).
cost(21, 8, 75431).
cost(21, 9, 992977).
cost(21, 10, 584414).
cost(21, 11, 379632).
cost(21, 12, 740235).
cost(21, 13, 687783).
cost(21, 14, 250895).
cost(21, 15, 1031696).
cost(21, 16, 412643).
cost(21, 17, 571320).
cost(21, 18, 345663).
cost(21, 19, 551370).
cost(21, 20, 1162249).
cost(21, 22, 1143747).
cost(21, 23, 642455).
cost(21, 24, 464680).
cost(22, 1, 855333).
cost(22, 2, 554917).
cost(22, 3, 1100872).
cost(22, 4, 1110168).
cost(22, 5, 393659).
cost(22, 6, 1088952).
cost(22, 7, 588863).
cost(22, 8, 1204497).
cost(22, 9, 169897).
cost(22, 10, 731803).
cost(22, 11, 766219).
cost(22, 12, 827853).
cost(22, 13, 478476).
cost(22, 14, 920861).
cost(22, 15, 158880).
cost(22, 16, 816869).
cost(22, 17, 702881).
cost(22, 18, 930661).
cost(22, 19, 619403).
cost(22, 20, 23323).
cost(22, 21, 1143747).
cost(22, 23, 909215).
cost(22, 24, 769580).
cost(23, 1, 666446).
cost(23, 2, 357092).
cost(23, 3, 439074).
cost(23, 4, 705224).
cost(23, 5, 825492).
cost(23, 6, 647830).
cost(23, 7, 783174).
cost(23, 8, 715564).
cost(23, 9, 741712).
cost(23, 10, 838326).
cost(23, 11, 477341).
cost(23, 12, 1051590).
cost(23, 13, 490862).
cost(23, 14, 634135).
cost(23, 15, 752275).
cost(23, 16, 721766).
cost(23, 17, 254749).
cost(23, 18, 303578).
cost(23, 19, 651266).
cost(23, 20, 916702).
cost(23, 21, 642455).
cost(23, 22, 909215).
cost(23, 24, 286727).
cost(24, 1, 388810).
cost(24, 2, 264766).
cost(24, 3, 343092).
cost(24, 4, 491467).
cost(24, 5, 584544).
cost(24, 6, 442198).
cost(24, 7, 507481).
cost(24, 8, 539364).
cost(24, 9, 602089).
cost(24, 10, 552321).
cost(24, 11, 193127).
cost(24, 12, 765522).
cost(24, 13, 293245).
cost(24, 14, 372431).
cost(24, 15, 629706).
cost(24, 16, 437786).
cost(24, 17, 106723).
cost(24, 18, 163095).
cost(24, 19, 371761).
cost(24, 20, 783272).
cost(24, 21, 464680).
cost(24, 22, 769580).
cost(24, 23, 286727).
