dimension(24).
point(1, 79416.0, 468490.0).
point(2, 4126.0, 749806.0).
point(3, 692632.0, 956208.0).
point(4, 95365.0, 839682.0).
point(5, 453020.0, 118940.0).
point(6, 801954.0, 256782.0).
point(7, 632600.0, 445869.0).
point(8, 179170.0, 62235.0).
point(9, 559828.0, 76507.0).
point(10, 64867.0, 762361.0).
point(11, 678061.0, 756803.0).
point(12, 192608.0, 451787.0).
point(13, 125267.0, 101767.0).
point(14, 37136.0, 352679.0).
point(15, 196502.0, 24914.0).
point(16, 414824.0, 643589.0).
point(17, 866498.0, 480222.0).
point(18, 681531.0, 939418.0).
point(19, 466293.0, 704807.0).
point(20, 946882.0, 19528.0).
point(21, 929289.0, 766271.0).
point(22, 521843.0, 127355.0).
point(23, 716670.0, 730033.0).
point(24, 631411.0, 683850.0).
cost(1, 2, 291217).
cost(1, 3, 783519).
cost(1, 4, 371534).
cost(1, 5, 511630).
cost(1, 6, 752915).
cost(1, 7, 553646).
cost(1, 8, 418323).
cost(1, 9, 620037).
cost(1, 10, 294231).
cost(1, 11, 664455).
cost(1, 12, 114418).
cost(1, 13, 369578).
cost(1, 14, 123287).
cost(1, 15, 458769).
cost(1, 16, 378363).
cost(1, 17, 787169).
cost(1, 18, 764405).
cost(1, 19, 453343).
cost(1, 20, 976762).
cost(1, 21, 900532).
cost(1, 22, 558672).
cost(1, 23, 688838).
cost(1, 24, 592519).
cost(2, 1, 291217).
cost(2, 3, 718778).
cost(2, 4, 128071).
cost(2, 5, 774272).
cost(2, 6, 937871).
cost(2, 7, 698110).
cost(2, 8, 709503).
cost(2, 9, 873004).
cost(2, 10, 62025).
cost(2, 11, 673971).
cost(2, 12, 352620).
cost(2, 13, 659265).
cost(2, 14, 398497).
cost(2, 15, 749985).
cost(2, 16, 424211).
cost(2, 17, 903527).
cost(2, 18, 703442).
cost(2, 19, 464353).
cost(2, 20, 1192516).
cost(2, 21, 925310).
cost(2, 22, 809615).
cost(2, 23, 712818).
cost(2, 24, 630743).
cost(3, 1, 783519).
cost(3, 2, 718778).
cost(3, 4, 608528).
cost(3, 5, 870880).
cost(3, 6, 707918).
cost(3, 7, 513858).
cost(3, 8, 1030937).
cost(3, 9, 889669).
cost(3, 10, 657013).
cost(3, 11, 199937).
cost(3, 12, 710257).
cost(3, 13, 1025657).
cost(3, 14, 891023).
cost(3, 15, 1055203).
cost(3, 16, 418220).
cost(3, 17, 506747).
cost(3, 18, 20128).
cost(3, 19, 338278).
cost(3, 20, 970573).
cost(3, 21, 303451).
cost(3, 22, 846266).
cost(3, 23, 227449).
cost(3, 24, 279154).
cost(4, 1, 371534).
cost(4, 2, 128071).
cost(4, 3, 608528).
cost(4, 5, 804603).
cost(4, 6, 915991).
cost(4, 7, 666116).
cost(4, 8, 781951).
cost(4, 9, 893399).
cost(4, 10, 83118).
cost(4, 11, 588561).
cost(4, 12, 399898).
cost(4, 13, 738521).
cost(4, 14, 490472).
cost(4, 15, 821021).
cost(4, 16, 374842).
cost(4, 17, 850798).
cost(4, 18, 594590).
cost(4, 19, 394688).
cost(4, 20, 1182258).
cost(4, 21, 837149).
cost(4, 22, 830237).
cost(4, 23, 630906).
cost(4, 24, 558237).
cost(5, 1, 511630).
cost(5, 2, 774272).
cost(5, 3, 870880).
cost(5, 4, 804603).
cost(5, 6, 375174).
cost(5, 7, 373003).
cost(5, 8, 279659).
cost(5, 9, 114928).
cost(5, 10, 751434).
cost(5, 11, 676397).
cost(5, 12, 422613).
cost(5, 13, 328203).
cost(5, 14, 477068).
cost(5, 15, 273208).
cost(5, 16, 526038).
cost(5, 17, 549080).
cost(5, 18, 851705).
cost(5, 19, 586017).
cost(5, 20, 503768).
cost(5, 21, 803660).
cost(5, 22, 69336).
cost(5, 23, 665542).
cost(5, 24, 592408).
cost(6, 1, 752915).
cost(6, 2, 937871).
cost(6, 3, 707918).
cost(6, 4, 915991).
cost(6, 5, 375174).
cost(6, 7, 253840).
cost(6, 8, 652463).
cost(6, 9, 301868).
cost(6, 10, 893816).
cost(6, 11, 515141).
cost(6, 12, 639789).
cost(6, 13, 694215).
cost(6, 14, 770807).
cost(6, 15, 648332).
cost(6, 16, 547256).
cost(6, 17, 232575).
cost(6, 18, 693176).
cost(6, 19, 559817).
cost(6, 20, 278017).
cost(6, 21, 525160).
cost(6, 22, 308567).
cost(6, 23, 480874).
cost(6, 24, 459861).
cost(7, 1, 553646).
cost(7, 2, 698110).
cost(7, 3, 513858).
cost(7, 4, 666116).
cost(7, 5, 373003).
cost(7, 6, 253840).
cost(7, 8, 593948).
cost(7, 9, 376463).
cost(7, 10, 649991).
cost(7, 11, 314240).
cost(7, 12, 440032).
cost(7, 13, 613020).
cost(7, 14, 602712).
cost(7, 15, 606123).
cost(7, 16, 294142).
cost(7, 17, 236407).
cost(7, 18, 495969).
cost(7, 19, 307745).
cost(7, 20, 529660).
cost(7, 21, 436671).
cost(7, 22, 337221).
cost(7, 23, 296339).
cost(7, 24, 237984).
cost(8, 1, 418323).
cost(8, 2, 709503).
cost(8, 3, 1030937).
cost(8, 4, 781951).
cost(8, 5, 279659).
cost(8, 6, 652463).
cost(8, 7, 593948).
cost(8, 9, 380925).
cost(8, 10, 709395).
cost(8, 11, 855171).
cost(8, 12, 389784).
cost(8, 13, 66845).
cost(8, 14, 323313).
cost(8, 15, 41149).
cost(8, 16, 627300).
cost(8, 17, 804446).
cost(8, 18, 1010849).
cost(8, 19, 703803).
cost(8, 20, 768899).
cost(8, 21, 1028759).
cost(8, 22, 348806).
cost(8, 23, 857240).
cost(8, 24, 768718).
cost(9, 1, 620037).
cost(9, 2, 873004).
cost(9, 3, 889669).
cost(9, 4, 893399).
cost(9, 5, 114928).
cost(9, 6, 301868).
cost(9, 7, 376463).
cost(9, 8, 380925).
cost(9, 10, 845803).
cost(9, 11, 690494).
cost(9, 12, 525058).
cost(9, 13, 435295).
cost(9, 14, 591167).
cost(9, 15, 366971).
cost(9, 16, 585327).
cost(9, 17, 506984).
cost(9, 18, 871451).
cost(9, 19, 635224).
cost(9, 20, 391226).
cost(9, 21, 782481).
cost(9, 22, 63470).
cost(9, 23, 672083).
cost(9, 24, 611547).
cost(10, 1, 294231).
cost(10, 2, 62025).
cost(10, 3, 657013).
cost(10, 4, 83118).
cost(10, 5, 751434).
cost(10, 6, 893816).
cost(10, 7, 649991).
cost(10, 8, 709395).
cost(10, 9, 845803).
cost(10, 11, 613219).
cost(10, 12, 335818).
cost(10, 13, 663350).
cost(10, 14, 410619).
cost(10, 15, 749103).
cost(10, 16, 369563).
cost(10, 17, 849832).
cost(10, 18, 641579).
cost(10, 19, 405531).
cost(10, 20, 1153148).
cost(10, 21, 864431).
cost(10, 22, 782342).
cost(10, 23, 652604).
cost(10, 24, 571958).
cost(11, 1, 664455).
cost(11, 2, 673971).
cost(11, 3, 199937).
cost(11, 4, 588561).
cost(11, 5, 676397).
cost(11, 6, 515141).
cost(11, 7, 314240).
cost(11, 8, 855171).
cost(11, 9, 690494).
cost(11, 10, 613219).
cost(11, 12, 573323).
cost(11, 13, 857119).
cost(11, 14, 757695).
cost(11, 15, 876105).
cost(11, 16, 286550).
cost(11, 17, 334672).
cost(11, 18, 182648).
cost(11, 19, 218058).
cost(11, 20, 784754).
cost(11, 21, 251406).
cost(11, 22, 648544).
cost(11, 23, 46982).
cost(11, 24, 86593).
cost(12, 1, 114418).
cost(12, 2, 352620).
cost(12, 3, 710257).
cost(12, 4, 399898).
cost(12, 5, 422613).
cost(12, 6, 639789).
cost(12, 7, 440032).
cost(12, 8, 389784).
cost(12, 9, 525058).
cost(12, 10, 335818).
cost(12, 11, 573323).
cost(12, 13, 356439).
cost(12, 14, 184374).
cost(12, 15, 426891).
cost(12, 16, 293544).
cost(12, 17, 674490).
cost(12, 18, 690529).
cost(12, 19, 372723).
cost(12, 20, 869354).
cost(12, 21, 800999).
cost(12, 22, 462225).
cost(12, 23, 593348).
cost(12, 24, 496388).
cost(13, 1, 369578).
cost(13, 2, 659265).
cost(13, 3, 1025657).
cost(13, 4, 738521).
cost(13, 5, 328203).
cost(13, 6, 694215).
cost(13, 7, 613020).
cost(13, 8, 66845).
cost(13, 9, 435295).
cost(13, 10, 663350).
cost(13, 11, 857119).
cost(13, 12, 356439).
cost(13, 14, 265940).
cost(13, 15, 104789).
cost(13, 16, 614341).
cost(13, 17, 832257).
cost(13, 18, 1005529).
cost(13, 19, 692789).
cost(13, 20, 825721).
cost(13, 21, 1043081).
cost(13, 22, 397401).
cost(13, 23, 862830).
cost(13, 24, 771364).
cost(14, 1, 123287).
cost(14, 2, 398497).
cost(14, 3, 891023).
cost(14, 4, 490472).
cost(14, 5, 477068).
cost(14, 6, 770807).
cost(14, 7, 602712).
cost(14, 8, 323313).
cost(14, 9, 591167).
cost(14, 10, 410619).
cost(14, 11, 757695).
cost(14, 12, 184374).
cost(14, 13, 265940).
cost(14, 15, 364455).
cost(14, 16, 476736).
cost(14, 17, 839112).
cost(14, 18, 871497).
cost(14, 19, 555130).
cost(14, 20, 968828).
cost(14, 21, 983359).
cost(14, 22, 534520).
cost(14, 23, 777279).
cost(14, 24, 680321).
cost(15, 1, 458769).
cost(15, 2, 749985).
cost(15, 3, 1055203).
cost(15, 4, 821021).
cost(15, 5, 273208).
cost(15, 6, 648332).
cost(15, 7, 606123).
cost(15, 8, 41149).
cost(15, 9, 366971).
cost(15, 10, 749103).
cost(15, 11, 876105).
cost(15, 12, 426891).
cost(15, 13, 104789).
cost(15, 14, 364455).
cost(15, 16, 656066).
cost(15, 17, 810062).
cost(15, 18, 1035167).
cost(15, 19, 731465).
cost(15, 20, 750399).
cost(15, 21, 1042395).
cost(15, 22, 341088).
cost(15, 23, 876223).
cost(15, 24, 789520).
cost(16, 1, 378363).
cost(16, 2, 424211).
cost(16, 3, 418220).
cost(16, 4, 374842).
cost(16, 5, 526038).
cost(16, 6, 547256).
cost(16, 7, 294142).
cost(16, 8, 627300).
cost(16, 9, 585327).
cost(16, 10, 369563).
cost(16, 11, 286550).
cost(16, 12, 293544).
cost(16, 13, 614341).
cost(16, 14, 476736).
cost(16, 15, 656066).
cost(16, 17, 480311).
cost(16, 18, 398306).
cost(16, 19, 79979).
cost(16, 20, 820084).
cost(16, 21, 528890).
cost(16, 22, 527210).
cost(16, 23, 313980).
cost(16, 24, 220297).
cost(17, 1, 787169).
cost(17, 2, 903527).
cost(17, 3, 506747).
cost(17, 4, 850798).
cost(17, 5, 549080).
cost(17, 6, 232575).
cost(17, 7, 236407).
cost(17, 8, 804446).
cost(17, 9, 506984).
cost(17, 10, 849832).
cost(17, 11, 334672).
cost(17, 12, 674490).
cost(17, 13, 832257).
cost(17, 14, 839112).
cost(17, 15, 810062).
cost(17, 16, 480311).
cost(17, 18, 495049).
cost(17, 19, 458914).
cost(17, 20, 467654).
cost(17, 21, 292860).
cost(17, 22, 493257).
cost(17, 23, 291297).
cost(17, 24, 311015).
cost(18, 1, 764405).
cost(18, 2, 703442).
cost(18, 3, 20128).
cost(18, 4, 594590).
cost(18, 5, 851705).
cost(18, 6, 693176).
cost(18, 7, 495969).
cost(18, 8, 1010849).
cost(18, 9, 871451).
cost(18, 10, 641579).
cost(18, 11, 182648).
cost(18, 12, 690529).
cost(18, 13, 1005529).
cost(18, 14, 871497).
cost(18, 15, 1035167).
cost(18, 16, 398306).
cost(18, 17, 495049).
cost(18, 19, 318386).
cost(18, 20, 957397).
cost(18, 21, 302265).
cost(18, 22, 827615).
cost(18, 23, 212313).
cost(18, 24, 260436).
cost(19, 1, 453343).
cost(19, 2, 464353).
cost(19, 3, 338278).
cost(19, 4, 394688).
cost(19, 5, 586017).
cost(19, 6, 559817).
cost(19, 7, 307745).
cost(19, 8, 703803).
cost(19, 9, 635224).
cost(19, 10, 405531).
cost(19, 11, 218058).
cost(19, 12, 372723).
cost(19, 13, 692789).
cost(19, 14, 555130).
cost(19, 15, 731465).
cost(19, 16, 79979).
cost(19, 17, 458914).
cost(19, 18, 318386).
cost(19, 20, 837002).
cost(19, 21, 467058).
cost(19, 22, 580118).
cost(19, 23, 251645).
cost(19, 24, 166443).
cost(20, 1, 976762).
cost(20, 2, 1192516).
cost(20, 3, 970573).
cost(20, 4, 1182258).
cost(20, 5, 503768).
cost(20, 6, 278017).
cost(20, 7, 529660).
cost(20, 8, 768899).
cost(20, 9, 391226).
cost(20, 10, 1153148).
cost(20, 11, 784754).
cost(20, 12, 869354).
cost(20, 13, 825721).
cost(20, 14, 968828).
cost(20, 15, 750399).
cost(20, 16, 820084).
cost(20, 17, 467654).
cost(20, 18, 957397).
cost(20, 19, 837002).
cost(20, 21, 746950).
cost(20, 22, 438503).
cost(20, 23, 746870).
cost(20, 24, 735422).
cost(21, 1, 900532).
cost(21, 2, 925310).
cost(21, 3, 303451).
cost(21, 4, 837149).
cost(21, 5, 803660).
cost(21, 6, 525160).
cost(21, 7, 436671).
cost(21, 8, 1028759).
cost(21, 9, 782481).
cost(21, 10, 864431).
cost(21, 11, 251406).
cost(21, 12, 800999).
cost(21, 13, 1043081).
cost(21, 14, 983359).
cost(21, 15, 1042395).
cost(21, 16, 528890).
cost(21, 17, 292860).
cost(21, 18, 302265).
cost(21, 19, 467058).
cost(21, 20, 746950).
cost(21, 22, 757777).
cost(21, 23, 215685).
cost(21, 24, 309070).
cost(22, 1, 558672).
cost(22, 2, 809615).
cost(22, 3, 846266).
cost(22, 4, 830237).
cost(22, 5, 69336).
cost(22, 6, 308567).
cost(22, 7, 337221).
cost(22, 8, 348806).
cost(22, 9, 63470).
cost(22, 10, 782342).
cost(22, 11, 648544).
cost(22, 12, 462225).
cost(22, 13, 397401).
cost(22, 14, 534520).
cost(22, 15, 341088).
cost(22, 16, 527210).
cost(22, 17, 493257).
cost(22, 18, 827615).
cost(22, 19, 580118).
cost(22, 20, 438503).
cost(22, 21, 757777).
cost(22, 23, 633386).
cost(22, 24, 567179).
cost(23, 1, 688838).
cost(23, 2, 712818).
cost(23, 3, 227449).
cost(23, 4, 630906).
cost(23, 5, 665542).
cost(23, 6, 480874).
cost(23, 7, 296339).
cost(23, 8, 857240).
cost(23, 9, 672083).
cost(23, 10, 652604).
cost(23, 11, 46982).
cost(23, 12, 593348).
cost(23, 13, 862830).
cost(23, 14, 777279).
cost(23, 15, 876223).
cost(23, 16, 313980).
cost(23, 17, 291297).
cost(23, 18, 212313).
cost(23, 19, 251645).
cost(23, 20, 746870).
cost(23, 21, 215685).
cost(23, 22, 633386).
cost(23, 24, 96964).
cost(24, 1, 592519).
cost(24, 2, 630743).
cost(24, 3, 279154).
cost(24, 4, 558237).
cost(24, 5, 592408).
cost(24, 6, 459861).
cost(24, 7, 237984).
cost(24, 8, 768718).
cost(24, 9, 611547).
cost(24, 10, 571958).
cost(24, 11, 86593).
cost(24, 12, 496388).
cost(24, 13, 771364).
cost(24, 14, 680321).
cost(24, 15, 789520).
cost(24, 16, 220297).
cost(24, 17, 311015).
cost(24, 18, 260436).
cost(24, 19, 166443).
cost(24, 20, 735422).
cost(24, 21, 309070).
cost(24, 22, 567179).
cost(24, 23, 96964).
