dimension(24).
point(1, 884784.0, 818738.0).
point(2, 225763.0, 19475.0).
point(3, 87996.0, 79309.0).
point(4, 804133.0, 291520.0).
point(5, 629258.0, 469169.0).
point(6, 848318.0, 942127.0).
point(7, 348877.0, 870950.0).
point(8, 377102.0, 605941.0).
point(9, 244146.0, 565064.0).
point(10, 988658.0, 773969.0).
point(11, 737931.0, 339809.0).
point(12, 268813.0, 748688.0).
point(13, 476141.0, 497217.0).
point(14, 779592.0, 132652.0).
point(15, 197917.0, 12319.0).
point(16, 428012.0, 581839.0).
point(17, 466091.0, 550705.0).
point(18, 119924.0, 631739.0).
point(19, 531738.0, 271010.0).
point(20, 902839.0, 525871.0).
point(21, 504299.0, 199657.0).
point(22, 764739.0, 675963.0).
point(23, 118623.0, 459516.0).
point(24, 604864.0, 803483.0).
cost(1, 2, 1035920).
cost(1, 3, 1087026).
cost(1, 4, 533351).
cost(1, 5, 433003).
cost(1, 6, 128665).
cost(1, 7, 538444).
cost(1, 8, 550476).
cost(1, 9, 689034).
cost(1, 10, 113111).
cost(1, 11, 500938).
cost(1, 12, 619941).
cost(1, 13, 519966).
cost(1, 14, 694103).
cost(1, 15, 1059291).
cost(1, 16, 514550).
cost(1, 17, 497137).
cost(1, 18, 787388).
cost(1, 19, 651650).
cost(1, 20, 293423).
cost(1, 21, 726657).
cost(1, 22, 186536).
cost(1, 23, 846193).
cost(1, 24, 280335).
cost(2, 1, 1035920).
cost(2, 3, 150199).
cost(2, 4, 639156).
cost(2, 5, 604180).
cost(2, 6, 1113042).
cost(2, 7, 860329).
cost(2, 8, 605678).
cost(2, 9, 545899).
cost(2, 10, 1072972).
cost(2, 11, 604094).
cost(2, 12, 730483).
cost(2, 13, 539376).
cost(2, 14, 565275).
cost(2, 15, 28751).
cost(2, 16, 597627).
cost(2, 17, 583063).
cost(2, 18, 621345).
cost(2, 19, 396094).
cost(2, 20, 845499).
cost(2, 21, 331735).
cost(2, 22, 849395).
cost(2, 23, 452896).
cost(2, 24, 870854).
cost(3, 1, 1087026).
cost(3, 2, 150199).
cost(3, 4, 746917).
cost(3, 5, 667050).
cost(3, 6, 1150019).
cost(3, 7, 833519).
cost(3, 8, 600769).
cost(3, 9, 510236).
cost(3, 10, 1137429).
cost(3, 11, 700197).
cost(3, 12, 693371).
cost(3, 13, 570354).
cost(3, 14, 693650).
cost(3, 15, 128726).
cost(3, 16, 606751).
cost(3, 17, 604293).
cost(3, 18, 553352).
cost(3, 19, 483380).
cost(3, 20, 929186).
cost(3, 21, 433350).
cost(3, 22, 902207).
cost(3, 23, 381439).
cost(3, 24, 889708).
cost(4, 1, 533351).
cost(4, 2, 639156).
cost(4, 3, 746917).
cost(4, 5, 249280).
cost(4, 6, 652106).
cost(4, 7, 736883).
cost(4, 8, 530298).
cost(4, 9, 623227).
cost(4, 10, 516533).
cost(4, 11, 81942).
cost(4, 12, 703967).
cost(4, 13, 387156).
cost(4, 14, 160752).
cost(4, 15, 667421).
cost(4, 16, 475134).
cost(4, 17, 425969).
cost(4, 18, 764128).
cost(4, 19, 273166).
cost(4, 20, 254290).
cost(4, 21, 313591).
cost(4, 22, 386456).
cost(4, 23, 705795).
cost(4, 24, 549376).
cost(5, 1, 433003).
cost(5, 2, 604180).
cost(5, 3, 667050).
cost(5, 4, 249280).
cost(5, 6, 521226).
cost(5, 7, 489940).
cost(5, 8, 286861).
cost(5, 9, 396872).
cost(5, 10, 471245).
cost(5, 11, 168949).
cost(5, 12, 456127).
cost(5, 13, 155665).
cost(5, 14, 368570).
cost(5, 15, 628305).
cost(5, 16, 230639).
cost(5, 17, 182405).
cost(5, 18, 534650).
cost(5, 19, 220855).
cost(5, 20, 279395).
cost(5, 21, 297071).
cost(5, 22, 247222).
cost(5, 23, 510726).
cost(5, 24, 335203).
cost(6, 1, 128665).
cost(6, 2, 1113042).
cost(6, 3, 1150019).
cost(6, 4, 652106).
cost(6, 5, 521226).
cost(6, 7, 504487).
cost(6, 8, 578848).
cost(6, 9, 712180).
cost(6, 10, 219026).
cost(6, 11, 612350).
cost(6, 12, 610938).
cost(6, 13, 580052).
cost(6, 14, 812387).
cost(6, 15, 1134709).
cost(6, 16, 553592).
cost(6, 17, 547091).
cost(6, 18, 791769).
cost(6, 19, 742038).
cost(6, 20, 419811).
cost(6, 21, 818297).
cost(6, 22, 278978).
cost(6, 23, 874853).
cost(6, 24, 280164).
cost(7, 1, 538444).
cost(7, 2, 860329).
cost(7, 3, 833519).
cost(7, 4, 736883).
cost(7, 5, 489940).
cost(7, 6, 504487).
cost(7, 8, 266508).
cost(7, 9, 323318).
cost(7, 10, 647090).
cost(7, 11, 658387).
cost(7, 12, 146145).
cost(7, 13, 394807).
cost(7, 14, 854751).
cost(7, 15, 871801).
cost(7, 16, 299746).
cost(7, 17, 341022).
cost(7, 18, 331121).
cost(7, 19, 627189).
cost(7, 20, 652651).
cost(7, 21, 689050).
cost(7, 22, 459305).
cost(7, 23, 471482).
cost(7, 24, 264728).
cost(8, 1, 550476).
cost(8, 2, 605678).
cost(8, 3, 600769).
cost(8, 4, 530298).
cost(8, 5, 286861).
cost(8, 6, 578848).
cost(8, 7, 266508).
cost(8, 9, 139098).
cost(8, 10, 634219).
cost(8, 11, 448357).
cost(8, 12, 179174).
cost(8, 13, 147070).
cost(8, 14, 621290).
cost(8, 15, 620076).
cost(8, 16, 56327).
cost(8, 17, 104738).
cost(8, 18, 258469).
cost(8, 19, 368905).
cost(8, 20, 531799).
cost(8, 21, 425730).
cost(8, 22, 393911).
cost(8, 23, 297072).
cost(8, 24, 301494).
cost(9, 1, 689034).
cost(9, 2, 545899).
cost(9, 3, 510236).
cost(9, 4, 623227).
cost(9, 5, 396872).
cost(9, 6, 712180).
cost(9, 7, 323318).
cost(9, 8, 139098).
cost(9, 10, 773265).
cost(9, 11, 542737).
cost(9, 12, 185273).
cost(9, 13, 241712).
cost(9, 14, 688246).
cost(9, 15, 554675).
cost(9, 16, 184630).
cost(9, 17, 222409).
cost(9, 18, 140985).
cost(9, 19, 411311).
cost(9, 20, 659858).
cost(9, 21, 448555).
cost(9, 22, 532274).
cost(9, 23, 164001).
cost(9, 24, 432390).
cost(10, 1, 113111).
cost(10, 2, 1072972).
cost(10, 3, 1137429).
cost(10, 4, 516533).
cost(10, 5, 471245).
cost(10, 6, 219026).
cost(10, 7, 647090).
cost(10, 8, 634219).
cost(10, 9, 773265).
cost(10, 11, 501357).
cost(10, 12, 720289).
cost(10, 13, 582465).
cost(10, 14, 674534).
cost(10, 15, 1097899).
cost(10, 16, 592653).
cost(10, 17, 568263).
cost(10, 18, 880300).
cost(10, 19, 679517).
cost(10, 20, 262521).
cost(10, 21, 751291).
cost(10, 22, 244428).
cost(10, 23, 925117).
cost(10, 24, 384927).
cost(11, 1, 500938).
cost(11, 2, 604094).
cost(11, 3, 700197).
cost(11, 4, 81942).
cost(11, 5, 168949).
cost(11, 6, 612350).
cost(11, 7, 658387).
cost(11, 8, 448357).
cost(11, 9, 542737).
cost(11, 10, 501357).
cost(11, 12, 622297).
cost(11, 13, 305469).
cost(11, 14, 211305).
cost(11, 15, 631557).
cost(11, 16, 393228).
cost(11, 17, 344055).
cost(11, 18, 683488).
cost(11, 19, 217368).
cost(11, 20, 248624).
cost(11, 21, 272445).
cost(11, 22, 337221).
cost(11, 23, 630771).
cost(11, 24, 482390).
cost(12, 1, 619941).
cost(12, 2, 730483).
cost(12, 3, 693371).
cost(12, 4, 703967).
cost(12, 5, 456127).
cost(12, 6, 610938).
cost(12, 7, 146145).
cost(12, 8, 179174).
cost(12, 9, 185273).
cost(12, 10, 720289).
cost(12, 11, 622297).
cost(12, 13, 325918).
cost(12, 14, 800247).
cost(12, 15, 739774).
cost(12, 16, 230614).
cost(12, 17, 279492).
cost(12, 18, 189328).
cost(12, 19, 545258).
cost(12, 20, 672039).
cost(12, 21, 597402).
cost(12, 22, 501230).
cost(12, 23, 325849).
cost(12, 24, 340489).
cost(13, 1, 519966).
cost(13, 2, 539376).
cost(13, 3, 570354).
cost(13, 4, 387156).
cost(13, 5, 155665).
cost(13, 6, 580052).
cost(13, 7, 394807).
cost(13, 8, 147070).
cost(13, 9, 241712).
cost(13, 10, 582465).
cost(13, 11, 305469).
cost(13, 12, 325918).
cost(13, 14, 474331).
cost(13, 15, 559048).
cost(13, 16, 97351).
cost(13, 17, 54424).
cost(13, 18, 380771).
cost(13, 19, 232939).
cost(13, 20, 427659).
cost(13, 21, 298889).
cost(13, 22, 339469).
cost(13, 23, 359500).
cost(13, 24, 332218).
cost(14, 1, 694103).
cost(14, 2, 565275).
cost(14, 3, 693650).
cost(14, 4, 160752).
cost(14, 5, 368570).
cost(14, 6, 812387).
cost(14, 7, 854751).
cost(14, 8, 621290).
cost(14, 9, 688246).
cost(14, 10, 674534).
cost(14, 11, 211305).
cost(14, 12, 800247).
cost(14, 13, 474331).
cost(14, 15, 593991).
cost(14, 16, 570419).
cost(14, 17, 522543).
cost(14, 18, 827194).
cost(14, 19, 283857).
cost(14, 20, 412081).
cost(14, 21, 283330).
cost(14, 22, 543514).
cost(14, 23, 737374).
cost(14, 24, 693213).
cost(15, 1, 1059291).
cost(15, 2, 28751).
cost(15, 3, 128726).
cost(15, 4, 667421).
cost(15, 5, 628305).
cost(15, 6, 1134709).
cost(15, 7, 871801).
cost(15, 8, 620076).
cost(15, 9, 554675).
cost(15, 10, 1097899).
cost(15, 11, 631557).
cost(15, 12, 739774).
cost(15, 13, 559048).
cost(15, 14, 593991).
cost(15, 16, 614245).
cost(15, 17, 601479).
cost(15, 18, 624311).
cost(15, 19, 422324).
cost(15, 20, 872153).
cost(15, 21, 359118).
cost(15, 22, 872760).
cost(15, 23, 454173).
cost(15, 24, 889689).
cost(16, 1, 514550).
cost(16, 2, 597627).
cost(16, 3, 606751).
cost(16, 4, 475134).
cost(16, 5, 230639).
cost(16, 6, 553592).
cost(16, 7, 299746).
cost(16, 8, 56327).
cost(16, 9, 184630).
cost(16, 10, 592653).
cost(16, 11, 393228).
cost(16, 12, 230614).
cost(16, 13, 97351).
cost(16, 14, 570419).
cost(16, 15, 614245).
cost(16, 17, 49187).
cost(16, 18, 312103).
cost(16, 19, 327679).
cost(16, 20, 478114).
cost(16, 21, 389721).
cost(16, 22, 349635).
cost(16, 23, 332693).
cost(16, 24, 283554).
cost(17, 1, 497137).
cost(17, 2, 583063).
cost(17, 3, 604293).
cost(17, 4, 425969).
cost(17, 5, 182405).
cost(17, 6, 547091).
cost(17, 7, 341022).
cost(17, 8, 104738).
cost(17, 9, 222409).
cost(17, 10, 568263).
cost(17, 11, 344055).
cost(17, 12, 279492).
cost(17, 13, 54424).
cost(17, 14, 522543).
cost(17, 15, 601479).
cost(17, 16, 49187).
cost(17, 18, 355525).
cost(17, 19, 287296).
cost(17, 20, 437453).
cost(17, 21, 353121).
cost(17, 22, 323852).
cost(17, 23, 359235).
cost(17, 24, 288366).
cost(18, 1, 787388).
cost(18, 2, 621345).
cost(18, 3, 553352).
cost(18, 4, 764128).
cost(18, 5, 534650).
cost(18, 6, 791769).
cost(18, 7, 331121).
cost(18, 8, 258469).
cost(18, 9, 140985).
cost(18, 10, 880300).
cost(18, 11, 683488).
cost(18, 12, 189328).
cost(18, 13, 380771).
cost(18, 14, 827194).
cost(18, 15, 624311).
cost(18, 16, 312103).
cost(18, 17, 355525).
cost(18, 19, 547463).
cost(18, 20, 790040).
cost(18, 21, 578307).
cost(18, 22, 646330).
cost(18, 23, 172228).
cost(18, 24, 514454).
cost(19, 1, 651650).
cost(19, 2, 396094).
cost(19, 3, 483380).
cost(19, 4, 273166).
cost(19, 5, 220855).
cost(19, 6, 742038).
cost(19, 7, 627189).
cost(19, 8, 368905).
cost(19, 9, 411311).
cost(19, 10, 679517).
cost(19, 11, 217368).
cost(19, 12, 545258).
cost(19, 13, 232939).
cost(19, 14, 283857).
cost(19, 15, 422324).
cost(19, 16, 327679).
cost(19, 17, 287296).
cost(19, 18, 547463).
cost(19, 20, 450189).
cost(19, 21, 76447).
cost(19, 22, 467201).
cost(19, 23, 454091).
cost(19, 24, 537471).
cost(20, 1, 293423).
cost(20, 2, 845499).
cost(20, 3, 929186).
cost(20, 4, 254290).
cost(20, 5, 279395).
cost(20, 6, 419811).
cost(20, 7, 652651).
cost(20, 8, 531799).
cost(20, 9, 659858).
cost(20, 10, 262521).
cost(20, 11, 248624).
cost(20, 12, 672039).
cost(20, 13, 427659).
cost(20, 14, 412081).
cost(20, 15, 872153).
cost(20, 16, 478114).
cost(20, 17, 437453).
cost(20, 18, 790040).
cost(20, 19, 450189).
cost(20, 21, 515024).
cost(20, 22, 203959).
cost(20, 23, 787018).
cost(20, 24, 407256).
cost(21, 1, 726657).
cost(21, 2, 331735).
cost(21, 3, 433350).
cost(21, 4, 313591).
cost(21, 5, 297071).
cost(21, 6, 818297).
cost(21, 7, 689050).
cost(21, 8, 425730).
cost(21, 9, 448555).
cost(21, 10, 751291).
cost(21, 11, 272445).
cost(21, 12, 597402).
cost(21, 13, 298889).
cost(21, 14, 283330).
cost(21, 15, 359118).
cost(21, 16, 389721).
cost(21, 17, 353121).
cost(21, 18, 578307).
cost(21, 19, 76447).
cost(21, 20, 515024).
cost(21, 22, 542859).
cost(21, 23, 465051).
cost(21, 24, 612143).
cost(22, 1, 186536).
cost(22, 2, 849395).
cost(22, 3, 902207).
cost(22, 4, 386456).
cost(22, 5, 247222).
cost(22, 6, 278978).
cost(22, 7, 459305).
cost(22, 8, 393911).
cost(22, 9, 532274).
cost(22, 10, 244428).
cost(22, 11, 337221).
cost(22, 12, 501230).
cost(22, 13, 339469).
cost(22, 14, 543514).
cost(22, 15, 872760).
cost(22, 16, 349635).
cost(22, 17, 323852).
cost(22, 18, 646330).
cost(22, 19, 467201).
cost(22, 20, 203959).
cost(22, 21, 542859).
cost(22, 23, 681407).
cost(22, 24, 204503).
cost(23, 1, 846193).
cost(23, 2, 452896).
cost(23, 3, 381439).
cost(23, 4, 705795).
cost(23, 5, 510726).
cost(23, 6, 874853).
cost(23, 7, 471482).
cost(23, 8, 297072).
cost(23, 9, 164001).
cost(23, 10, 925117).
cost(23, 11, 630771).
cost(23, 12, 325849).
cost(23, 13, 359500).
cost(23, 14, 737374).
cost(23, 15, 454173).
cost(23, 16, 332693).
cost(23, 17, 359235).
cost(23, 18, 172228).
cost(23, 19, 454091).
cost(23, 20, 787018).
cost(23, 21, 465051).
cost(23, 22, 681407).
cost(23, 24, 595604).
cost(24, 1, 280335).
cost(24, 2, 870854).
cost(24, 3, 889708).
cost(24, 4, 549376).
cost(24, 5, 335203).
cost(24, 6, 280164).
cost(24, 7, 264728).
cost(24, 8, 301494).
cost(24, 9, 432390).
cost(24, 10, 384927).
cost(24, 11, 482390).
cost(24, 12, 340489).
cost(24, 13, 332218).
cost(24, 14, 693213).
cost(24, 15, 889689).
cost(24, 16, 283554).
cost(24, 17, 288366).
cost(24, 18, 514454).
cost(24, 19, 537471).
cost(24, 20, 407256).
cost(24, 21, 612143).
cost(24, 22, 204503).
cost(24, 23, 595604).
