dimension(24).
point(1, 8.660966249, 67.5324602329).
point(2, 16.289261151, 82.4400331894).
point(3, 12.7319655407, 67.6736745101).
point(4, 6.4585035079, 70.0495942047).
point(5, 59.9950833099, 19.5774553043).
point(6, 66.2191147992, 33.0938001187).
point(7, 59.177788168, 5.737334446).
point(8, 58.2560340072, 5.2206286345).
point(9, 59.5503385786, 24.7553765034).
point(10, 62.5119175277, 7.0892878244).
point(11, 78.8461860487, 9.7857291767).
point(12, 68.6792922837, 16.3777046063).
point(13, 37.8994124587, 76.5563650893).
point(14, 42.296753533, 87.5501918467).
point(15, 50.1190584981, 84.5667434787).
point(16, 37.5725833512, 82.1182189795).
point(17, 85.0740751784, 46.1255526829).
point(18, 95.48164786, 42.0881502281).
point(19, 73.1734120251, 40.9725070644).
point(20, 87.5311545562, 28.6368972143).
point(21, 23.6680752072, 21.852076441).
point(22, 30.3381203248, 26.7699099798).
point(23, 21.76303234, 28.5156310492).
point(24, 25.7697393936, 17.2655339968).
cost(1, 2, 17).
cost(1, 3, 4).
cost(1, 4, 3).
cost(1, 5, 70).
cost(1, 6, 67).
cost(1, 7, 80).
cost(1, 8, 80).
cost(1, 9, 66).
cost(1, 10, 81).
cost(1, 11, 91).
cost(1, 12, 79).
cost(1, 13, 31).
cost(1, 14, 39).
cost(1, 15, 45).
cost(1, 16, 32).
cost(1, 17, 79).
cost(1, 18, 90).
cost(1, 19, 70).
cost(1, 20, 88).
cost(1, 21, 48).
cost(1, 22, 46).
cost(1, 23, 41).
cost(1, 24, 53).
cost(2, 1, 17).
cost(2, 3, 15).
cost(2, 4, 16).
cost(2, 5, 77).
cost(2, 6, 70).
cost(2, 7, 88).
cost(2, 8, 88).
cost(2, 9, 72).
cost(2, 10, 88).
cost(2, 11, 96).
cost(2, 12, 84).
cost(2, 13, 22).
cost(2, 14, 27).
cost(2, 15, 34).
cost(2, 16, 21).
cost(2, 17, 78).
cost(2, 18, 89).
cost(2, 19, 70).
cost(2, 20, 89).
cost(2, 21, 61).
cost(2, 22, 57).
cost(2, 23, 54).
cost(2, 24, 66).
cost(3, 1, 4).
cost(3, 2, 15).
cost(3, 4, 7).
cost(3, 5, 67).
cost(3, 6, 64).
cost(3, 7, 77).
cost(3, 8, 77).
cost(3, 9, 64).
cost(3, 10, 78).
cost(3, 11, 88).
cost(3, 12, 76).
cost(3, 13, 27).
cost(3, 14, 36).
cost(3, 15, 41).
cost(3, 16, 29).
cost(3, 17, 75).
cost(3, 18, 87).
cost(3, 19, 66).
cost(3, 20, 84).
cost(3, 21, 47).
cost(3, 22, 45).
cost(3, 23, 40).
cost(3, 24, 52).
cost(4, 1, 3).
cost(4, 2, 16).
cost(4, 3, 7).
cost(4, 5, 74).
cost(4, 6, 70).
cost(4, 7, 83).
cost(4, 8, 83).
cost(4, 9, 70).
cost(4, 10, 84).
cost(4, 11, 94).
cost(4, 12, 82).
cost(4, 13, 32).
cost(4, 14, 40).
cost(4, 15, 46).
cost(4, 16, 33).
cost(4, 17, 82).
cost(4, 18, 93).
cost(4, 19, 73).
cost(4, 20, 91).
cost(4, 21, 51).
cost(4, 22, 49).
cost(4, 23, 44).
cost(4, 24, 56).
cost(5, 1, 70).
cost(5, 2, 77).
cost(5, 3, 67).
cost(5, 4, 74).
cost(5, 6, 15).
cost(5, 7, 14).
cost(5, 8, 14).
cost(5, 9, 5).
cost(5, 10, 13).
cost(5, 11, 21).
cost(5, 12, 9).
cost(5, 13, 61).
cost(5, 14, 70).
cost(5, 15, 66).
cost(5, 16, 66).
cost(5, 17, 37).
cost(5, 18, 42).
cost(5, 19, 25).
cost(5, 20, 29).
cost(5, 21, 36).
cost(5, 22, 31).
cost(5, 23, 39).
cost(5, 24, 34).
cost(6, 1, 67).
cost(6, 2, 70).
cost(6, 3, 64).
cost(6, 4, 70).
cost(6, 5, 15).
cost(6, 7, 28).
cost(6, 8, 29).
cost(6, 9, 11).
cost(6, 10, 26).
cost(6, 11, 27).
cost(6, 12, 17).
cost(6, 13, 52).
cost(6, 14, 59).
cost(6, 15, 54).
cost(6, 16, 57).
cost(6, 17, 23).
cost(6, 18, 31).
cost(6, 19, 11).
cost(6, 20, 22).
cost(6, 21, 44).
cost(6, 22, 36).
cost(6, 23, 45).
cost(6, 24, 43).
cost(7, 1, 80).
cost(7, 2, 88).
cost(7, 3, 77).
cost(7, 4, 83).
cost(7, 5, 14).
cost(7, 6, 28).
cost(7, 8, 1).
cost(7, 9, 19).
cost(7, 10, 4).
cost(7, 11, 20).
cost(7, 12, 14).
cost(7, 13, 74).
cost(7, 14, 84).
cost(7, 15, 79).
cost(7, 16, 79).
cost(7, 17, 48).
cost(7, 18, 51).
cost(7, 19, 38).
cost(7, 20, 36).
cost(7, 21, 39).
cost(7, 22, 36).
cost(7, 23, 44).
cost(7, 24, 35).
cost(8, 1, 80).
cost(8, 2, 88).
cost(8, 3, 77).
cost(8, 4, 83).
cost(8, 5, 14).
cost(8, 6, 29).
cost(8, 7, 1).
cost(8, 9, 20).
cost(8, 10, 5).
cost(8, 11, 21).
cost(8, 12, 15).
cost(8, 13, 74).
cost(8, 14, 84).
cost(8, 15, 80).
cost(8, 16, 80).
cost(8, 17, 49).
cost(8, 18, 52).
cost(8, 19, 39).
cost(8, 20, 37).
cost(8, 21, 38).
cost(8, 22, 35).
cost(8, 23, 43).
cost(8, 24, 35).
cost(9, 1, 66).
cost(9, 2, 72).
cost(9, 3, 64).
cost(9, 4, 70).
cost(9, 5, 5).
cost(9, 6, 11).
cost(9, 7, 19).
cost(9, 8, 20).
cost(9, 10, 18).
cost(9, 11, 24).
cost(9, 12, 12).
cost(9, 13, 56).
cost(9, 14, 65).
cost(9, 15, 61).
cost(9, 16, 61).
cost(9, 17, 33).
cost(9, 18, 40).
cost(9, 19, 21).
cost(9, 20, 28).
cost(9, 21, 36).
cost(9, 22, 29).
cost(9, 23, 38).
cost(9, 24, 35).
cost(10, 1, 81).
cost(10, 2, 88).
cost(10, 3, 78).
cost(10, 4, 84).
cost(10, 5, 13).
cost(10, 6, 26).
cost(10, 7, 4).
cost(10, 8, 5).
cost(10, 9, 18).
cost(10, 11, 17).
cost(10, 12, 11).
cost(10, 13, 74).
cost(10, 14, 83).
cost(10, 15, 78).
cost(10, 16, 79).
cost(10, 17, 45).
cost(10, 18, 48).
cost(10, 19, 36).
cost(10, 20, 33).
cost(10, 21, 42).
cost(10, 22, 38).
cost(10, 23, 46).
cost(10, 24, 38).
cost(11, 1, 91).
cost(11, 2, 96).
cost(11, 3, 88).
cost(11, 4, 94).
cost(11, 5, 21).
cost(11, 6, 27).
cost(11, 7, 20).
cost(11, 8, 21).
cost(11, 9, 24).
cost(11, 10, 17).
cost(11, 12, 12).
cost(11, 13, 78).
cost(11, 14, 86).
cost(11, 15, 80).
cost(11, 16, 83).
cost(11, 17, 37).
cost(11, 18, 36).
cost(11, 19, 32).
cost(11, 20, 21).
cost(11, 21, 56).
cost(11, 22, 51).
cost(11, 23, 60).
cost(11, 24, 54).
cost(12, 1, 79).
cost(12, 2, 84).
cost(12, 3, 76).
cost(12, 4, 82).
cost(12, 5, 9).
cost(12, 6, 17).
cost(12, 7, 14).
cost(12, 8, 15).
cost(12, 9, 12).
cost(12, 10, 11).
cost(12, 11, 12).
cost(12, 13, 68).
cost(12, 14, 76).
cost(12, 15, 71).
cost(12, 16, 73).
cost(12, 17, 34).
cost(12, 18, 37).
cost(12, 19, 25).
cost(12, 20, 22).
cost(12, 21, 45).
cost(12, 22, 40).
cost(12, 23, 48).
cost(12, 24, 43).
cost(13, 1, 31).
cost(13, 2, 22).
cost(13, 3, 27).
cost(13, 4, 32).
cost(13, 5, 61).
cost(13, 6, 52).
cost(13, 7, 74).
cost(13, 8, 74).
cost(13, 9, 56).
cost(13, 10, 74).
cost(13, 11, 78).
cost(13, 12, 68).
cost(13, 14, 12).
cost(13, 15, 15).
cost(13, 16, 6).
cost(13, 17, 56).
cost(13, 18, 67).
cost(13, 19, 50).
cost(13, 20, 69).
cost(13, 21, 57).
cost(13, 22, 50).
cost(13, 23, 51).
cost(13, 24, 61).
cost(14, 1, 39).
cost(14, 2, 27).
cost(14, 3, 36).
cost(14, 4, 40).
cost(14, 5, 70).
cost(14, 6, 59).
cost(14, 7, 84).
cost(14, 8, 84).
cost(14, 9, 65).
cost(14, 10, 83).
cost(14, 11, 86).
cost(14, 12, 76).
cost(14, 13, 12).
cost(14, 15, 8).
cost(14, 16, 7).
cost(14, 17, 60).
cost(14, 18, 70).
cost(14, 19, 56).
cost(14, 20, 74).
cost(14, 21, 68).
cost(14, 22, 62).
cost(14, 23, 63).
cost(14, 24, 72).
cost(15, 1, 45).
cost(15, 2, 34).
cost(15, 3, 41).
cost(15, 4, 46).
cost(15, 5, 66).
cost(15, 6, 54).
cost(15, 7, 79).
cost(15, 8, 80).
cost(15, 9, 61).
cost(15, 10, 78).
cost(15, 11, 80).
cost(15, 12, 71).
cost(15, 13, 15).
cost(15, 14, 8).
cost(15, 16, 13).
cost(15, 17, 52).
cost(15, 18, 62).
cost(15, 19, 49).
cost(15, 20, 67).
cost(15, 21, 68).
cost(15, 22, 61).
cost(15, 23, 63).
cost(15, 24, 72).
cost(16, 1, 32).
cost(16, 2, 21).
cost(16, 3, 29).
cost(16, 4, 33).
cost(16, 5, 66).
cost(16, 6, 57).
cost(16, 7, 79).
cost(16, 8, 80).
cost(16, 9, 61).
cost(16, 10, 79).
cost(16, 11, 83).
cost(16, 12, 73).
cost(16, 13, 6).
cost(16, 14, 7).
cost(16, 15, 13).
cost(16, 17, 60).
cost(16, 18, 70).
cost(16, 19, 54).
cost(16, 20, 73).
cost(16, 21, 62).
cost(16, 22, 56).
cost(16, 23, 56).
cost(16, 24, 66).
cost(17, 1, 79).
cost(17, 2, 78).
cost(17, 3, 75).
cost(17, 4, 82).
cost(17, 5, 37).
cost(17, 6, 23).
cost(17, 7, 48).
cost(17, 8, 49).
cost(17, 9, 33).
cost(17, 10, 45).
cost(17, 11, 37).
cost(17, 12, 34).
cost(17, 13, 56).
cost(17, 14, 60).
cost(17, 15, 52).
cost(17, 16, 60).
cost(17, 18, 11).
cost(17, 19, 13).
cost(17, 20, 18).
cost(17, 21, 66).
cost(17, 22, 58).
cost(17, 23, 66).
cost(17, 24, 66).
cost(18, 1, 90).
cost(18, 2, 89).
cost(18, 3, 87).
cost(18, 4, 93).
cost(18, 5, 42).
cost(18, 6, 31).
cost(18, 7, 51).
cost(18, 8, 52).
cost(18, 9, 40).
cost(18, 10, 48).
cost(18, 11, 36).
cost(18, 12, 37).
cost(18, 13, 67).
cost(18, 14, 70).
cost(18, 15, 62).
cost(18, 16, 70).
cost(18, 17, 11).
cost(18, 19, 22).
cost(18, 20, 16).
cost(18, 21, 75).
cost(18, 22, 67).
cost(18, 23, 75).
cost(18, 24, 74).
cost(19, 1, 70).
cost(19, 2, 70).
cost(19, 3, 66).
cost(19, 4, 73).
cost(19, 5, 25).
cost(19, 6, 11).
cost(19, 7, 38).
cost(19, 8, 39).
cost(19, 9, 21).
cost(19, 10, 36).
cost(19, 11, 32).
cost(19, 12, 25).
cost(19, 13, 50).
cost(19, 14, 56).
cost(19, 15, 49).
cost(19, 16, 54).
cost(19, 17, 13).
cost(19, 18, 22).
cost(19, 20, 19).
cost(19, 21, 53).
cost(19, 22, 45).
cost(19, 23, 53).
cost(19, 24, 53).
cost(20, 1, 88).
cost(20, 2, 89).
cost(20, 3, 84).
cost(20, 4, 91).
cost(20, 5, 29).
cost(20, 6, 22).
cost(20, 7, 36).
cost(20, 8, 37).
cost(20, 9, 28).
cost(20, 10, 33).
cost(20, 11, 21).
cost(20, 12, 22).
cost(20, 13, 69).
cost(20, 14, 74).
cost(20, 15, 67).
cost(20, 16, 73).
cost(20, 17, 18).
cost(20, 18, 16).
cost(20, 19, 19).
cost(20, 21, 64).
cost(20, 22, 57).
cost(20, 23, 66).
cost(20, 24, 63).
cost(21, 1, 48).
cost(21, 2, 61).
cost(21, 3, 47).
cost(21, 4, 51).
cost(21, 5, 36).
cost(21, 6, 44).
cost(21, 7, 39).
cost(21, 8, 38).
cost(21, 9, 36).
cost(21, 10, 42).
cost(21, 11, 56).
cost(21, 12, 45).
cost(21, 13, 57).
cost(21, 14, 68).
cost(21, 15, 68).
cost(21, 16, 62).
cost(21, 17, 66).
cost(21, 18, 75).
cost(21, 19, 53).
cost(21, 20, 64).
cost(21, 22, 8).
cost(21, 23, 7).
cost(21, 24, 5).
cost(22, 1, 46).
cost(22, 2, 57).
cost(22, 3, 45).
cost(22, 4, 49).
cost(22, 5, 31).
cost(22, 6, 36).
cost(22, 7, 36).
cost(22, 8, 35).
cost(22, 9, 29).
cost(22, 10, 38).
cost(22, 11, 51).
cost(22, 12, 40).
cost(22, 13, 50).
cost(22, 14, 62).
cost(22, 15, 61).
cost(22, 16, 56).
cost(22, 17, 58).
cost(22, 18, 67).
cost(22, 19, 45).
cost(22, 20, 57).
cost(22, 21, 8).
cost(22, 23, 9).
cost(22, 24, 11).
cost(23, 1, 41).
cost(23, 2, 54).
cost(23, 3, 40).
cost(23, 4, 44).
cost(23, 5, 39).
cost(23, 6, 45).
cost(23, 7, 44).
cost(23, 8, 43).
cost(23, 9, 38).
cost(23, 10, 46).
cost(23, 11, 60).
cost(23, 12, 48).
cost(23, 13, 51).
cost(23, 14, 63).
cost(23, 15, 63).
cost(23, 16, 56).
cost(23, 17, 66).
cost(23, 18, 75).
cost(23, 19, 53).
cost(23, 20, 66).
cost(23, 21, 7).
cost(23, 22, 9).
cost(23, 24, 12).
cost(24, 1, 53).
cost(24, 2, 66).
cost(24, 3, 52).
cost(24, 4, 56).
cost(24, 5, 34).
cost(24, 6, 43).
cost(24, 7, 35).
cost(24, 8, 35).
cost(24, 9, 35).
cost(24, 10, 38).
cost(24, 11, 54).
cost(24, 12, 43).
cost(24, 13, 61).
cost(24, 14, 72).
cost(24, 15, 72).
cost(24, 16, 66).
cost(24, 17, 66).
cost(24, 18, 74).
cost(24, 19, 53).
cost(24, 20, 63).
cost(24, 21, 5).
cost(24, 22, 11).
cost(24, 23, 12).
