dimension(24).
point(1, 10.3328282698, 81.2079015013).
point(2, 2.460040732, 72.0803504069).
point(3, 11.3667001462, 79.316539397).
point(4, 7.4214054521, 63.0503299138).
point(5, 26.6166138807, 21.4174401235).
point(6, 32.0101227343, 26.0506145802).
point(7, 33.8843227256, 21.812442311).
point(8, 41.698682492, 24.0755418031).
point(9, 98.0484030474, 34.6431482513).
point(10, 83.5918972903, 37.3350604403).
point(11, 85.5044969624, 46.5912643015).
point(12, 92.8021888471, 38.2383240764).
point(13, 89.4329438051, 38.5206231192).
point(14, 94.1536714102, 35.946322212).
point(15, 89.4625779611, 52.6400847732).
point(16, 92.1107829893, 31.5213491623).
point(17, 67.6671368932, 5.9325725235).
point(18, 71.1662597986, 6.3463799158).
point(19, 65.7809036679, 6.6344048673).
point(20, 66.1715069928, 4.3151105196).
point(21, 50.3024372846, 92.9872784743).
point(22, 28.2464729452, 97.9983051536).
point(23, 37.1581852325, 77.9671045315).
point(24, 48.7027180055, 81.0652738741).
cost(1, 2, 12).
cost(1, 3, 2).
cost(1, 4, 18).
cost(1, 5, 62).
cost(1, 6, 59).
cost(1, 7, 64).
cost(1, 8, 65).
cost(1, 9, 99).
cost(1, 10, 85).
cost(1, 11, 83).
cost(1, 12, 93).
cost(1, 13, 90).
cost(1, 14, 95).
cost(1, 15, 84).
cost(1, 16, 96).
cost(1, 17, 95).
cost(1, 18, 96).
cost(1, 19, 93).
cost(1, 20, 95).
cost(1, 21, 42).
cost(1, 22, 25).
cost(1, 23, 27).
cost(1, 24, 38).
cost(2, 1, 12).
cost(2, 3, 11).
cost(2, 4, 10).
cost(2, 5, 56).
cost(2, 6, 55).
cost(2, 7, 59).
cost(2, 8, 62).
cost(2, 9, 103).
cost(2, 10, 88).
cost(2, 11, 87).
cost(2, 12, 96).
cost(2, 13, 93).
cost(2, 14, 99).
cost(2, 15, 89).
cost(2, 16, 98).
cost(2, 17, 93).
cost(2, 18, 95).
cost(2, 19, 91).
cost(2, 20, 93).
cost(2, 21, 52).
cost(2, 22, 37).
cost(2, 23, 35).
cost(2, 24, 47).
cost(3, 1, 2).
cost(3, 2, 11).
cost(3, 4, 17).
cost(3, 5, 60).
cost(3, 6, 57).
cost(3, 7, 62).
cost(3, 8, 63).
cost(3, 9, 98).
cost(3, 10, 84).
cost(3, 11, 81).
cost(3, 12, 91).
cost(3, 13, 88).
cost(3, 14, 93).
cost(3, 15, 83).
cost(3, 16, 94).
cost(3, 17, 92).
cost(3, 18, 94).
cost(3, 19, 91).
cost(3, 20, 93).
cost(3, 21, 41).
cost(3, 22, 25).
cost(3, 23, 26).
cost(3, 24, 37).
cost(4, 1, 18).
cost(4, 2, 10).
cost(4, 3, 17).
cost(4, 5, 46).
cost(4, 6, 44).
cost(4, 7, 49).
cost(4, 8, 52).
cost(4, 9, 95).
cost(4, 10, 80).
cost(4, 11, 80).
cost(4, 12, 89).
cost(4, 13, 86).
cost(4, 14, 91).
cost(4, 15, 83).
cost(4, 16, 90).
cost(4, 17, 83).
cost(4, 18, 85).
cost(4, 19, 81).
cost(4, 20, 83).
cost(4, 21, 52).
cost(4, 22, 41).
cost(4, 23, 33).
cost(4, 24, 45).
cost(5, 1, 62).
cost(5, 2, 56).
cost(5, 3, 60).
cost(5, 4, 46).
cost(5, 6, 7).
cost(5, 7, 7).
cost(5, 8, 15).
cost(5, 9, 73).
cost(5, 10, 59).
cost(5, 11, 64).
cost(5, 12, 68).
cost(5, 13, 65).
cost(5, 14, 69).
cost(5, 15, 70).
cost(5, 16, 66).
cost(5, 17, 44).
cost(5, 18, 47).
cost(5, 19, 42).
cost(5, 20, 43).
cost(5, 21, 75).
cost(5, 22, 77).
cost(5, 23, 58).
cost(5, 24, 64).
cost(6, 1, 59).
cost(6, 2, 55).
cost(6, 3, 57).
cost(6, 4, 44).
cost(6, 5, 7).
cost(6, 7, 5).
cost(6, 8, 10).
cost(6, 9, 67).
cost(6, 10, 53).
cost(6, 11, 57).
cost(6, 12, 62).
cost(6, 13, 59).
cost(6, 14, 63).
cost(6, 15, 63).
cost(6, 16, 60).
cost(6, 17, 41).
cost(6, 18, 44).
cost(6, 19, 39).
cost(6, 20, 40).
cost(6, 21, 69).
cost(6, 22, 72).
cost(6, 23, 52).
cost(6, 24, 57).
cost(7, 1, 64).
cost(7, 2, 59).
cost(7, 3, 62).
cost(7, 4, 49).
cost(7, 5, 7).
cost(7, 6, 5).
cost(7, 8, 8).
cost(7, 9, 65).
cost(7, 10, 52).
cost(7, 11, 57).
cost(7, 12, 61).
cost(7, 13, 58).
cost(7, 14, 62).
cost(7, 15, 64).
cost(7, 16, 59).
cost(7, 17, 37).
cost(7, 18, 40).
cost(7, 19, 35).
cost(7, 20, 37).
cost(7, 21, 73).
cost(7, 22, 76).
cost(7, 23, 56).
cost(7, 24, 61).
cost(8, 1, 65).
cost(8, 2, 62).
cost(8, 3, 63).
cost(8, 4, 52).
cost(8, 5, 15).
cost(8, 6, 10).
cost(8, 7, 8).
cost(8, 9, 57).
cost(8, 10, 44).
cost(8, 11, 49).
cost(8, 12, 53).
cost(8, 13, 50).
cost(8, 14, 54).
cost(8, 15, 56).
cost(8, 16, 51).
cost(8, 17, 32).
cost(8, 18, 34).
cost(8, 19, 30).
cost(8, 20, 31).
cost(8, 21, 69).
cost(8, 22, 75).
cost(8, 23, 54).
cost(8, 24, 57).
cost(9, 1, 99).
cost(9, 2, 103).
cost(9, 3, 98).
cost(9, 4, 95).
cost(9, 5, 73).
cost(9, 6, 67).
cost(9, 7, 65).
cost(9, 8, 57).
cost(9, 10, 15).
cost(9, 11, 17).
cost(9, 12, 6).
cost(9, 13, 9).
cost(9, 14, 4).
cost(9, 15, 20).
cost(9, 16, 7).
cost(9, 17, 42).
cost(9, 18, 39).
cost(9, 19, 43).
cost(9, 20, 44).
cost(9, 21, 75).
cost(9, 22, 94).
cost(9, 23, 75).
cost(9, 24, 68).
cost(10, 1, 85).
cost(10, 2, 88).
cost(10, 3, 84).
cost(10, 4, 80).
cost(10, 5, 59).
cost(10, 6, 53).
cost(10, 7, 52).
cost(10, 8, 44).
cost(10, 9, 15).
cost(10, 11, 9).
cost(10, 12, 9).
cost(10, 13, 6).
cost(10, 14, 11).
cost(10, 15, 16).
cost(10, 16, 10).
cost(10, 17, 35).
cost(10, 18, 33).
cost(10, 19, 35).
cost(10, 20, 37).
cost(10, 21, 65).
cost(10, 22, 82).
cost(10, 23, 62).
cost(10, 24, 56).
cost(11, 1, 83).
cost(11, 2, 87).
cost(11, 3, 81).
cost(11, 4, 80).
cost(11, 5, 64).
cost(11, 6, 57).
cost(11, 7, 57).
cost(11, 8, 49).
cost(11, 9, 17).
cost(11, 10, 9).
cost(11, 12, 11).
cost(11, 13, 9).
cost(11, 14, 14).
cost(11, 15, 7).
cost(11, 16, 16).
cost(11, 17, 44).
cost(11, 18, 43).
cost(11, 19, 45).
cost(11, 20, 46).
cost(11, 21, 58).
cost(11, 22, 77).
cost(11, 23, 58).
cost(11, 24, 50).
cost(12, 1, 93).
cost(12, 2, 96).
cost(12, 3, 91).
cost(12, 4, 89).
cost(12, 5, 68).
cost(12, 6, 62).
cost(12, 7, 61).
cost(12, 8, 53).
cost(12, 9, 6).
cost(12, 10, 9).
cost(12, 11, 11).
cost(12, 13, 3).
cost(12, 14, 3).
cost(12, 15, 15).
cost(12, 16, 7).
cost(12, 17, 41).
cost(12, 18, 39).
cost(12, 19, 42).
cost(12, 20, 43).
cost(12, 21, 69).
cost(12, 22, 88).
cost(12, 23, 68).
cost(12, 24, 61).
cost(13, 1, 90).
cost(13, 2, 93).
cost(13, 3, 88).
cost(13, 4, 86).
cost(13, 5, 65).
cost(13, 6, 59).
cost(13, 7, 58).
cost(13, 8, 50).
cost(13, 9, 9).
cost(13, 10, 6).
cost(13, 11, 9).
cost(13, 12, 3).
cost(13, 14, 5).
cost(13, 15, 14).
cost(13, 16, 7).
cost(13, 17, 39).
cost(13, 18, 37).
cost(13, 19, 40).
cost(13, 20, 41).
cost(13, 21, 67).
cost(13, 22, 85).
cost(13, 23, 65).
cost(13, 24, 59).
cost(14, 1, 95).
cost(14, 2, 99).
cost(14, 3, 93).
cost(14, 4, 91).
cost(14, 5, 69).
cost(14, 6, 63).
cost(14, 7, 62).
cost(14, 8, 54).
cost(14, 9, 4).
cost(14, 10, 11).
cost(14, 11, 14).
cost(14, 12, 3).
cost(14, 13, 5).
cost(14, 15, 17).
cost(14, 16, 5).
cost(14, 17, 40).
cost(14, 18, 37).
cost(14, 19, 41).
cost(14, 20, 42).
cost(14, 21, 72).
cost(14, 22, 91).
cost(14, 23, 71).
cost(14, 24, 64).
cost(15, 1, 84).
cost(15, 2, 89).
cost(15, 3, 83).
cost(15, 4, 83).
cost(15, 5, 70).
cost(15, 6, 63).
cost(15, 7, 64).
cost(15, 8, 56).
cost(15, 9, 20).
cost(15, 10, 16).
cost(15, 11, 7).
cost(15, 12, 15).
cost(15, 13, 14).
cost(15, 14, 17).
cost(15, 16, 21).
cost(15, 17, 52).
cost(15, 18, 50).
cost(15, 19, 52).
cost(15, 20, 54).
cost(15, 21, 56).
cost(15, 22, 76).
cost(15, 23, 58).
cost(15, 24, 50).
cost(16, 1, 96).
cost(16, 2, 98).
cost(16, 3, 94).
cost(16, 4, 90).
cost(16, 5, 66).
cost(16, 6, 60).
cost(16, 7, 59).
cost(16, 8, 51).
cost(16, 9, 7).
cost(16, 10, 10).
cost(16, 11, 16).
cost(16, 12, 7).
cost(16, 13, 7).
cost(16, 14, 5).
cost(16, 15, 21).
cost(16, 17, 35).
cost(16, 18, 33).
cost(16, 19, 36).
cost(16, 20, 38).
cost(16, 21, 74).
cost(16, 22, 92).
cost(16, 23, 72).
cost(16, 24, 66).
cost(17, 1, 95).
cost(17, 2, 93).
cost(17, 3, 92).
cost(17, 4, 83).
cost(17, 5, 44).
cost(17, 6, 41).
cost(17, 7, 37).
cost(17, 8, 32).
cost(17, 9, 42).
cost(17, 10, 35).
cost(17, 11, 44).
cost(17, 12, 41).
cost(17, 13, 39).
cost(17, 14, 40).
cost(17, 15, 52).
cost(17, 16, 35).
cost(17, 18, 4).
cost(17, 19, 2).
cost(17, 20, 2).
cost(17, 21, 89).
cost(17, 22, 100).
cost(17, 23, 78).
cost(17, 24, 77).
cost(18, 1, 96).
cost(18, 2, 95).
cost(18, 3, 94).
cost(18, 4, 85).
cost(18, 5, 47).
cost(18, 6, 44).
cost(18, 7, 40).
cost(18, 8, 34).
cost(18, 9, 39).
cost(18, 10, 33).
cost(18, 11, 43).
cost(18, 12, 39).
cost(18, 13, 37).
cost(18, 14, 37).
cost(18, 15, 50).
cost(18, 16, 33).
cost(18, 17, 4).
cost(18, 19, 5).
cost(18, 20, 5).
cost(18, 21, 89).
cost(18, 22, 101).
cost(18, 23, 79).
cost(18, 24, 78).
cost(19, 1, 93).
cost(19, 2, 91).
cost(19, 3, 91).
cost(19, 4, 81).
cost(19, 5, 42).
cost(19, 6, 39).
cost(19, 7, 35).
cost(19, 8, 30).
cost(19, 9, 43).
cost(19, 10, 35).
cost(19, 11, 45).
cost(19, 12, 42).
cost(19, 13, 40).
cost(19, 14, 41).
cost(19, 15, 52).
cost(19, 16, 36).
cost(19, 17, 2).
cost(19, 18, 5).
cost(19, 20, 2).
cost(19, 21, 88).
cost(19, 22, 99).
cost(19, 23, 77).
cost(19, 24, 76).
cost(20, 1, 95).
cost(20, 2, 93).
cost(20, 3, 93).
cost(20, 4, 83).
cost(20, 5, 43).
cost(20, 6, 40).
cost(20, 7, 37).
cost(20, 8, 31).
cost(20, 9, 44).
cost(20, 10, 37).
cost(20, 11, 46).
cost(20, 12, 43).
cost(20, 13, 41).
cost(20, 14, 42).
cost(20, 15, 54).
cost(20, 16, 38).
cost(20, 17, 2).
cost(20, 18, 5).
cost(20, 19, 2).
cost(20, 21, 90).
cost(20, 22, 101).
cost(20, 23, 79).
cost(20, 24, 79).
cost(21, 1, 42).
cost(21, 2, 52).
cost(21, 3, 41).
cost(21, 4, 52).
cost(21, 5, 75).
cost(21, 6, 69).
cost(21, 7, 73).
cost(21, 8, 69).
cost(21, 9, 75).
cost(21, 10, 65).
cost(21, 11, 58).
cost(21, 12, 69).
cost(21, 13, 67).
cost(21, 14, 72).
cost(21, 15, 56).
cost(21, 16, 74).
cost(21, 17, 89).
cost(21, 18, 89).
cost(21, 19, 88).
cost(21, 20, 90).
cost(21, 22, 23).
cost(21, 23, 20).
cost(21, 24, 12).
cost(22, 1, 25).
cost(22, 2, 37).
cost(22, 3, 25).
cost(22, 4, 41).
cost(22, 5, 77).
cost(22, 6, 72).
cost(22, 7, 76).
cost(22, 8, 75).
cost(22, 9, 94).
cost(22, 10, 82).
cost(22, 11, 77).
cost(22, 12, 88).
cost(22, 13, 85).
cost(22, 14, 91).
cost(22, 15, 76).
cost(22, 16, 92).
cost(22, 17, 100).
cost(22, 18, 101).
cost(22, 19, 99).
cost(22, 20, 101).
cost(22, 21, 23).
cost(22, 23, 22).
cost(22, 24, 27).
cost(23, 1, 27).
cost(23, 2, 35).
cost(23, 3, 26).
cost(23, 4, 33).
cost(23, 5, 58).
cost(23, 6, 52).
cost(23, 7, 56).
cost(23, 8, 54).
cost(23, 9, 75).
cost(23, 10, 62).
cost(23, 11, 58).
cost(23, 12, 68).
cost(23, 13, 65).
cost(23, 14, 71).
cost(23, 15, 58).
cost(23, 16, 72).
cost(23, 17, 78).
cost(23, 18, 79).
cost(23, 19, 77).
cost(23, 20, 79).
cost(23, 21, 20).
cost(23, 22, 22).
cost(23, 24, 12).
cost(24, 1, 38).
cost(24, 2, 47).
cost(24, 3, 37).
cost(24, 4, 45).
cost(24, 5, 64).
cost(24, 6, 57).
cost(24, 7, 61).
cost(24, 8, 57).
cost(24, 9, 68).
cost(24, 10, 56).
cost(24, 11, 50).
cost(24, 12, 61).
cost(24, 13, 59).
cost(24, 14, 64).
cost(24, 15, 50).
cost(24, 16, 66).
cost(24, 17, 77).
cost(24, 18, 78).
cost(24, 19, 76).
cost(24, 20, 79).
cost(24, 21, 12).
cost(24, 22, 27).
cost(24, 23, 12).
