dimension(24).
point(1, 61.5897078916, 95.4638994534).
point(2, 59.5404956204, 85.3570349414).
point(3, 53.5831378929, 90.390983463).
point(4, 58.9344081394, 84.795188289).
point(5, 30.4617401018, 38.3085722195).
point(6, 34.0001358297, 28.417222292).
point(7, 44.0280338501, 34.7480326147).
point(8, 38.3966136753, 47.3745827744).
point(9, 38.3760937132, 39.0456835782).
point(10, 45.0228366298, 39.902016001).
point(11, 43.8673817985, 27.0918608076).
point(12, 29.302235081, 36.4140763567).
point(13, 82.2191868587, 11.4187834114).
point(14, 81.0718904056, 15.7719555215).
point(15, 68.2447715586, 16.5058180605).
point(16, 71.7094622295, 9.9208503217).
point(17, 85.152287623, 58.7843649422).
point(18, 89.4327763221, 74.1042859578).
point(19, 94.8253579428, 61.6169159956).
point(20, 97.2355481925, 60.262981526).
point(21, 13.3706598333, 46.4288119901).
point(22, 13.7897561902, 52.0765827915).
point(23, 15.2741222739, 56.7581020534).
point(24, 12.2866678028, 54.9172614054).
cost(1, 2, 10).
cost(1, 3, 9).
cost(1, 4, 11).
cost(1, 5, 65).
cost(1, 6, 73).
cost(1, 7, 63).
cost(1, 8, 53).
cost(1, 9, 61).
cost(1, 10, 58).
cost(1, 11, 71).
cost(1, 12, 67).
cost(1, 13, 87).
cost(1, 14, 82).
cost(1, 15, 79).
cost(1, 16, 86).
cost(1, 17, 44).
cost(1, 18, 35).
cost(1, 19, 47).
cost(1, 20, 50).
cost(1, 21, 69).
cost(1, 22, 65).
cost(1, 23, 60).
cost(1, 24, 64).
cost(2, 1, 10).
cost(2, 3, 8).
cost(2, 4, 1).
cost(2, 5, 55).
cost(2, 6, 62).
cost(2, 7, 53).
cost(2, 8, 43).
cost(2, 9, 51).
cost(2, 10, 48).
cost(2, 11, 60).
cost(2, 12, 58).
cost(2, 13, 77).
cost(2, 14, 73).
cost(2, 15, 69).
cost(2, 16, 76).
cost(2, 17, 37).
cost(2, 18, 32).
cost(2, 19, 43).
cost(2, 20, 45).
cost(2, 21, 60).
cost(2, 22, 57).
cost(2, 23, 53).
cost(2, 24, 56).
cost(3, 1, 9).
cost(3, 2, 8).
cost(3, 4, 8).
cost(3, 5, 57).
cost(3, 6, 65).
cost(3, 7, 56).
cost(3, 8, 46).
cost(3, 9, 54).
cost(3, 10, 51).
cost(3, 11, 64).
cost(3, 12, 59).
cost(3, 13, 84).
cost(3, 14, 80).
cost(3, 15, 75).
cost(3, 16, 82).
cost(3, 17, 45).
cost(3, 18, 39).
cost(3, 19, 50).
cost(3, 20, 53).
cost(3, 21, 60).
cost(3, 22, 55).
cost(3, 23, 51).
cost(3, 24, 54).
cost(4, 1, 11).
cost(4, 2, 1).
cost(4, 3, 8).
cost(4, 5, 55).
cost(4, 6, 62).
cost(4, 7, 52).
cost(4, 8, 43).
cost(4, 9, 50).
cost(4, 10, 47).
cost(4, 11, 60).
cost(4, 12, 57).
cost(4, 13, 77).
cost(4, 14, 72).
cost(4, 15, 69).
cost(4, 16, 76).
cost(4, 17, 37).
cost(4, 18, 32).
cost(4, 19, 43).
cost(4, 20, 45).
cost(4, 21, 60).
cost(4, 22, 56).
cost(4, 23, 52).
cost(4, 24, 55).
cost(5, 1, 65).
cost(5, 2, 55).
cost(5, 3, 57).
cost(5, 4, 55).
cost(5, 6, 11).
cost(5, 7, 14).
cost(5, 8, 12).
cost(5, 9, 8).
cost(5, 10, 15).
cost(5, 11, 17).
cost(5, 12, 2).
cost(5, 13, 58).
cost(5, 14, 55).
cost(5, 15, 44).
cost(5, 16, 50).
cost(5, 17, 58).
cost(5, 18, 69).
cost(5, 19, 68).
cost(5, 20, 70).
cost(5, 21, 19).
cost(5, 22, 22).
cost(5, 23, 24).
cost(5, 24, 25).
cost(6, 1, 73).
cost(6, 2, 62).
cost(6, 3, 65).
cost(6, 4, 62).
cost(6, 5, 11).
cost(6, 7, 12).
cost(6, 8, 19).
cost(6, 9, 11).
cost(6, 10, 16).
cost(6, 11, 10).
cost(6, 12, 9).
cost(6, 13, 51).
cost(6, 14, 49).
cost(6, 15, 36).
cost(6, 16, 42).
cost(6, 17, 59).
cost(6, 18, 72).
cost(6, 19, 69).
cost(6, 20, 71).
cost(6, 21, 27).
cost(6, 22, 31).
cost(6, 23, 34).
cost(6, 24, 34).
cost(7, 1, 63).
cost(7, 2, 53).
cost(7, 3, 56).
cost(7, 4, 52).
cost(7, 5, 14).
cost(7, 6, 12).
cost(7, 8, 14).
cost(7, 9, 7).
cost(7, 10, 5).
cost(7, 11, 8).
cost(7, 12, 15).
cost(7, 13, 45).
cost(7, 14, 42).
cost(7, 15, 30).
cost(7, 16, 37).
cost(7, 17, 48).
cost(7, 18, 60).
cost(7, 19, 57).
cost(7, 20, 59).
cost(7, 21, 33).
cost(7, 22, 35).
cost(7, 23, 36).
cost(7, 24, 38).
cost(8, 1, 53).
cost(8, 2, 43).
cost(8, 3, 46).
cost(8, 4, 43).
cost(8, 5, 12).
cost(8, 6, 19).
cost(8, 7, 14).
cost(8, 9, 8).
cost(8, 10, 10).
cost(8, 11, 21).
cost(8, 12, 14).
cost(8, 13, 57).
cost(8, 14, 53).
cost(8, 15, 43).
cost(8, 16, 50).
cost(8, 17, 48).
cost(8, 18, 58).
cost(8, 19, 58).
cost(8, 20, 60).
cost(8, 21, 25).
cost(8, 22, 25).
cost(8, 23, 25).
cost(8, 24, 27).
cost(9, 1, 61).
cost(9, 2, 51).
cost(9, 3, 54).
cost(9, 4, 50).
cost(9, 5, 8).
cost(9, 6, 11).
cost(9, 7, 7).
cost(9, 8, 8).
cost(9, 10, 7).
cost(9, 11, 13).
cost(9, 12, 9).
cost(9, 13, 52).
cost(9, 14, 49).
cost(9, 15, 37).
cost(9, 16, 44).
cost(9, 17, 51).
cost(9, 18, 62).
cost(9, 19, 61).
cost(9, 20, 63).
cost(9, 21, 26).
cost(9, 22, 28).
cost(9, 23, 29).
cost(9, 24, 31).
cost(10, 1, 58).
cost(10, 2, 48).
cost(10, 3, 51).
cost(10, 4, 47).
cost(10, 5, 15).
cost(10, 6, 16).
cost(10, 7, 5).
cost(10, 8, 10).
cost(10, 9, 7).
cost(10, 11, 13).
cost(10, 12, 16).
cost(10, 13, 47).
cost(10, 14, 43).
cost(10, 15, 33).
cost(10, 16, 40).
cost(10, 17, 44).
cost(10, 18, 56).
cost(10, 19, 54).
cost(10, 20, 56).
cost(10, 21, 32).
cost(10, 22, 34).
cost(10, 23, 34).
cost(10, 24, 36).
cost(11, 1, 71).
cost(11, 2, 60).
cost(11, 3, 64).
cost(11, 4, 60).
cost(11, 5, 17).
cost(11, 6, 10).
cost(11, 7, 8).
cost(11, 8, 21).
cost(11, 9, 13).
cost(11, 10, 13).
cost(11, 12, 17).
cost(11, 13, 41).
cost(11, 14, 39).
cost(11, 15, 27).
cost(11, 16, 33).
cost(11, 17, 52).
cost(11, 18, 65).
cost(11, 19, 62).
cost(11, 20, 63).
cost(11, 21, 36).
cost(11, 22, 39).
cost(11, 23, 41).
cost(11, 24, 42).
cost(12, 1, 67).
cost(12, 2, 58).
cost(12, 3, 59).
cost(12, 4, 57).
cost(12, 5, 2).
cost(12, 6, 9).
cost(12, 7, 15).
cost(12, 8, 14).
cost(12, 9, 9).
cost(12, 10, 16).
cost(12, 11, 17).
cost(12, 13, 59).
cost(12, 14, 56).
cost(12, 15, 44).
cost(12, 16, 50).
cost(12, 17, 60).
cost(12, 18, 71).
cost(12, 19, 70).
cost(12, 20, 72).
cost(12, 21, 19).
cost(12, 22, 22).
cost(12, 23, 25).
cost(12, 24, 25).
cost(13, 1, 87).
cost(13, 2, 77).
cost(13, 3, 84).
cost(13, 4, 77).
cost(13, 5, 58).
cost(13, 6, 51).
cost(13, 7, 45).
cost(13, 8, 57).
cost(13, 9, 52).
cost(13, 10, 47).
cost(13, 11, 41).
cost(13, 12, 59).
cost(13, 14, 5).
cost(13, 15, 15).
cost(13, 16, 11).
cost(13, 17, 47).
cost(13, 18, 63).
cost(13, 19, 52).
cost(13, 20, 51).
cost(13, 21, 77).
cost(13, 22, 80).
cost(13, 23, 81).
cost(13, 24, 82).
cost(14, 1, 82).
cost(14, 2, 73).
cost(14, 3, 80).
cost(14, 4, 72).
cost(14, 5, 55).
cost(14, 6, 49).
cost(14, 7, 42).
cost(14, 8, 53).
cost(14, 9, 49).
cost(14, 10, 43).
cost(14, 11, 39).
cost(14, 12, 56).
cost(14, 13, 5).
cost(14, 15, 13).
cost(14, 16, 11).
cost(14, 17, 43).
cost(14, 18, 59).
cost(14, 19, 48).
cost(14, 20, 47).
cost(14, 21, 74).
cost(14, 22, 76).
cost(14, 23, 78).
cost(14, 24, 79).
cost(15, 1, 79).
cost(15, 2, 69).
cost(15, 3, 75).
cost(15, 4, 69).
cost(15, 5, 44).
cost(15, 6, 36).
cost(15, 7, 30).
cost(15, 8, 43).
cost(15, 9, 37).
cost(15, 10, 33).
cost(15, 11, 27).
cost(15, 12, 44).
cost(15, 13, 15).
cost(15, 14, 13).
cost(15, 16, 7).
cost(15, 17, 46).
cost(15, 18, 61).
cost(15, 19, 52).
cost(15, 20, 52).
cost(15, 21, 63).
cost(15, 22, 65).
cost(15, 23, 67).
cost(15, 24, 68).
cost(16, 1, 86).
cost(16, 2, 76).
cost(16, 3, 82).
cost(16, 4, 76).
cost(16, 5, 50).
cost(16, 6, 42).
cost(16, 7, 37).
cost(16, 8, 50).
cost(16, 9, 44).
cost(16, 10, 40).
cost(16, 11, 33).
cost(16, 12, 50).
cost(16, 13, 11).
cost(16, 14, 11).
cost(16, 15, 7).
cost(16, 17, 51).
cost(16, 18, 67).
cost(16, 19, 57).
cost(16, 20, 56).
cost(16, 21, 69).
cost(16, 22, 72).
cost(16, 23, 73).
cost(16, 24, 75).
cost(17, 1, 44).
cost(17, 2, 37).
cost(17, 3, 45).
cost(17, 4, 37).
cost(17, 5, 58).
cost(17, 6, 59).
cost(17, 7, 48).
cost(17, 8, 48).
cost(17, 9, 51).
cost(17, 10, 44).
cost(17, 11, 52).
cost(17, 12, 60).
cost(17, 13, 47).
cost(17, 14, 43).
cost(17, 15, 46).
cost(17, 16, 51).
cost(17, 18, 16).
cost(17, 19, 10).
cost(17, 20, 12).
cost(17, 21, 73).
cost(17, 22, 72).
cost(17, 23, 70).
cost(17, 24, 73).
cost(18, 1, 35).
cost(18, 2, 32).
cost(18, 3, 39).
cost(18, 4, 32).
cost(18, 5, 69).
cost(18, 6, 72).
cost(18, 7, 60).
cost(18, 8, 58).
cost(18, 9, 62).
cost(18, 10, 56).
cost(18, 11, 65).
cost(18, 12, 71).
cost(18, 13, 63).
cost(18, 14, 59).
cost(18, 15, 61).
cost(18, 16, 67).
cost(18, 17, 16).
cost(18, 19, 14).
cost(18, 20, 16).
cost(18, 21, 81).
cost(18, 22, 79).
cost(18, 23, 76).
cost(18, 24, 79).
cost(19, 1, 47).
cost(19, 2, 43).
cost(19, 3, 50).
cost(19, 4, 43).
cost(19, 5, 68).
cost(19, 6, 69).
cost(19, 7, 57).
cost(19, 8, 58).
cost(19, 9, 61).
cost(19, 10, 54).
cost(19, 11, 62).
cost(19, 12, 70).
cost(19, 13, 52).
cost(19, 14, 48).
cost(19, 15, 52).
cost(19, 16, 57).
cost(19, 17, 10).
cost(19, 18, 14).
cost(19, 20, 3).
cost(19, 21, 83).
cost(19, 22, 82).
cost(19, 23, 80).
cost(19, 24, 83).
cost(20, 1, 50).
cost(20, 2, 45).
cost(20, 3, 53).
cost(20, 4, 45).
cost(20, 5, 70).
cost(20, 6, 71).
cost(20, 7, 59).
cost(20, 8, 60).
cost(20, 9, 63).
cost(20, 10, 56).
cost(20, 11, 63).
cost(20, 12, 72).
cost(20, 13, 51).
cost(20, 14, 47).
cost(20, 15, 52).
cost(20, 16, 56).
cost(20, 17, 12).
cost(20, 18, 16).
cost(20, 19, 3).
cost(20, 21, 85).
cost(20, 22, 84).
cost(20, 23, 82).
cost(20, 24, 85).
cost(21, 1, 69).
cost(21, 2, 60).
cost(21, 3, 60).
cost(21, 4, 60).
cost(21, 5, 19).
cost(21, 6, 27).
cost(21, 7, 33).
cost(21, 8, 25).
cost(21, 9, 26).
cost(21, 10, 32).
cost(21, 11, 36).
cost(21, 12, 19).
cost(21, 13, 77).
cost(21, 14, 74).
cost(21, 15, 63).
cost(21, 16, 69).
cost(21, 17, 73).
cost(21, 18, 81).
cost(21, 19, 83).
cost(21, 20, 85).
cost(21, 22, 6).
cost(21, 23, 11).
cost(21, 24, 9).
cost(22, 1, 65).
cost(22, 2, 57).
cost(22, 3, 55).
cost(22, 4, 56).
cost(22, 5, 22).
cost(22, 6, 31).
cost(22, 7, 35).
cost(22, 8, 25).
cost(22, 9, 28).
cost(22, 10, 34).
cost(22, 11, 39).
cost(22, 12, 22).
cost(22, 13, 80).
cost(22, 14, 76).
cost(22, 15, 65).
cost(22, 16, 72).
cost(22, 17, 72).
cost(22, 18, 79).
cost(22, 19, 82).
cost(22, 20, 84).
cost(22, 21, 6).
cost(22, 23, 5).
cost(22, 24, 3).
cost(23, 1, 60).
cost(23, 2, 53).
cost(23, 3, 51).
cost(23, 4, 52).
cost(23, 5, 24).
cost(23, 6, 34).
cost(23, 7, 36).
cost(23, 8, 25).
cost(23, 9, 29).
cost(23, 10, 34).
cost(23, 11, 41).
cost(23, 12, 25).
cost(23, 13, 81).
cost(23, 14, 78).
cost(23, 15, 67).
cost(23, 16, 73).
cost(23, 17, 70).
cost(23, 18, 76).
cost(23, 19, 80).
cost(23, 20, 82).
cost(23, 21, 11).
cost(23, 22, 5).
cost(23, 24, 4).
cost(24, 1, 64).
cost(24, 2, 56).
cost(24, 3, 54).
cost(24, 4, 55).
cost(24, 5, 25).
cost(24, 6, 34).
cost(24, 7, 38).
cost(24, 8, 27).
cost(24, 9, 31).
cost(24, 10, 36).
cost(24, 11, 42).
cost(24, 12, 25).
cost(24, 13, 82).
cost(24, 14, 79).
cost(24, 15, 68).
cost(24, 16, 75).
cost(24, 17, 73).
cost(24, 18, 79).
cost(24, 19, 83).
cost(24, 20, 85).
cost(24, 21, 9).
cost(24, 22, 3).
cost(24, 23, 4).
