dimension(22).
point(1, 61.5897078916, 95.4638994534).
point(2, 59.5404956204, 85.3570349414).
point(3, 53.5831378929, 90.390983463).
point(4, 58.9344081394, 84.795188289).
point(5, 30.4617401018, 38.3085722195).
point(6, 34.0001358297, 28.417222292).
point(7, 44.0280338501, 34.7480326147).
point(8, 38.3966136753, 47.3745827744).
point(9, 38.3760937132, 39.0456835782).
point(10, 45.0228366298, 39.902016001).
point(11, 82.1699483368, 0.5387836827).
point(12, 65.3271407733, 11.3187837476).
point(13, 82.2191868587, 11.4187834114).
point(14, 81.0718904056, 15.7719555215).
point(15, 84.7294265123, 74.5624248455).
point(16, 88.0371984431, 68.2756958063).
point(17, 85.152287623, 58.7843649422).
point(18, 89.4327763221, 74.1042859578).
point(19, 12.2219648461, 46.7442017136).
point(20, 19.4131458941, 45.5178164278).
point(21, 13.3706598333, 46.4288119901).
point(22, 13.7897561902, 52.0765827915).
cost(1, 2, 10).
cost(1, 3, 9).
cost(1, 4, 11).
cost(1, 5, 65).
cost(1, 6, 73).
cost(1, 7, 63).
cost(1, 8, 53).
cost(1, 9, 61).
cost(1, 10, 58).
cost(1, 11, 97).
cost(1, 12, 84).
cost(1, 13, 87).
cost(1, 14, 82).
cost(1, 15, 31).
cost(1, 16, 38).
cost(1, 17, 44).
cost(1, 18, 35).
cost(1, 19, 69).
cost(1, 20, 65).
cost(1, 21, 69).
cost(1, 22, 65).
cost(2, 1, 10).
cost(2, 3, 8).
cost(2, 4, 1).
cost(2, 5, 55).
cost(2, 6, 62).
cost(2, 7, 53).
cost(2, 8, 43).
cost(2, 9, 51).
cost(2, 10, 48).
cost(2, 11, 88).
cost(2, 12, 74).
cost(2, 13, 77).
cost(2, 14, 73).
cost(2, 15, 27).
cost(2, 16, 33).
cost(2, 17, 37).
cost(2, 18, 32).
cost(2, 19, 61).
cost(2, 20, 57).
cost(2, 21, 60).
cost(2, 22, 57).
cost(3, 1, 9).
cost(3, 2, 8).
cost(3, 4, 8).
cost(3, 5, 57).
cost(3, 6, 65).
cost(3, 7, 56).
cost(3, 8, 46).
cost(3, 9, 54).
cost(3, 10, 51).
cost(3, 11, 94).
cost(3, 12, 80).
cost(3, 13, 84).
cost(3, 14, 80).
cost(3, 15, 35).
cost(3, 16, 41).
cost(3, 17, 45).
cost(3, 18, 39).
cost(3, 19, 60).
cost(3, 20, 56).
cost(3, 21, 60).
cost(3, 22, 55).
cost(4, 1, 11).
cost(4, 2, 1).
cost(4, 3, 8).
cost(4, 5, 55).
cost(4, 6, 62).
cost(4, 7, 52).
cost(4, 8, 43).
cost(4, 9, 50).
cost(4, 10, 47).
cost(4, 11, 87).
cost(4, 12, 74).
cost(4, 13, 77).
cost(4, 14, 72).
cost(4, 15, 28).
cost(4, 16, 33).
cost(4, 17, 37).
cost(4, 18, 32).
cost(4, 19, 60).
cost(4, 20, 56).
cost(4, 21, 60).
cost(4, 22, 56).
cost(5, 1, 65).
cost(5, 2, 55).
cost(5, 3, 57).
cost(5, 4, 55).
cost(5, 6, 11).
cost(5, 7, 14).
cost(5, 8, 12).
cost(5, 9, 8).
cost(5, 10, 15).
cost(5, 11, 64).
cost(5, 12, 44).
cost(5, 13, 58).
cost(5, 14, 55).
cost(5, 15, 65).
cost(5, 16, 65).
cost(5, 17, 58).
cost(5, 18, 69).
cost(5, 19, 20).
cost(5, 20, 13).
cost(5, 21, 19).
cost(5, 22, 22).
cost(6, 1, 73).
cost(6, 2, 62).
cost(6, 3, 65).
cost(6, 4, 62).
cost(6, 5, 11).
cost(6, 7, 12).
cost(6, 8, 19).
cost(6, 9, 11).
cost(6, 10, 16).
cost(6, 11, 56).
cost(6, 12, 36).
cost(6, 13, 51).
cost(6, 14, 49).
cost(6, 15, 69).
cost(6, 16, 67).
cost(6, 17, 59).
cost(6, 18, 72).
cost(6, 19, 28).
cost(6, 20, 22).
cost(6, 21, 27).
cost(6, 22, 31).
cost(7, 1, 63).
cost(7, 2, 53).
cost(7, 3, 56).
cost(7, 4, 52).
cost(7, 5, 14).
cost(7, 6, 12).
cost(7, 8, 14).
cost(7, 9, 7).
cost(7, 10, 5).
cost(7, 11, 51).
cost(7, 12, 32).
cost(7, 13, 45).
cost(7, 14, 42).
cost(7, 15, 57).
cost(7, 16, 55).
cost(7, 17, 48).
cost(7, 18, 60).
cost(7, 19, 34).
cost(7, 20, 27).
cost(7, 21, 33).
cost(7, 22, 35).
cost(8, 1, 53).
cost(8, 2, 43).
cost(8, 3, 46).
cost(8, 4, 43).
cost(8, 5, 12).
cost(8, 6, 19).
cost(8, 7, 14).
cost(8, 9, 8).
cost(8, 10, 10).
cost(8, 11, 64).
cost(8, 12, 45).
cost(8, 13, 57).
cost(8, 14, 53).
cost(8, 15, 54).
cost(8, 16, 54).
cost(8, 17, 48).
cost(8, 18, 58).
cost(8, 19, 26).
cost(8, 20, 19).
cost(8, 21, 25).
cost(8, 22, 25).
cost(9, 1, 61).
cost(9, 2, 51).
cost(9, 3, 54).
cost(9, 4, 50).
cost(9, 5, 8).
cost(9, 6, 11).
cost(9, 7, 7).
cost(9, 8, 8).
cost(9, 10, 7).
cost(9, 11, 58).
cost(9, 12, 39).
cost(9, 13, 52).
cost(9, 14, 49).
cost(9, 15, 58).
cost(9, 16, 58).
cost(9, 17, 51).
cost(9, 18, 62).
cost(9, 19, 27).
cost(9, 20, 20).
cost(9, 21, 26).
cost(9, 22, 28).
cost(10, 1, 58).
cost(10, 2, 48).
cost(10, 3, 51).
cost(10, 4, 47).
cost(10, 5, 15).
cost(10, 6, 16).
cost(10, 7, 5).
cost(10, 8, 10).
cost(10, 9, 7).
cost(10, 11, 54).
cost(10, 12, 35).
cost(10, 13, 47).
cost(10, 14, 43).
cost(10, 15, 53).
cost(10, 16, 52).
cost(10, 17, 44).
cost(10, 18, 56).
cost(10, 19, 34).
cost(10, 20, 26).
cost(10, 21, 32).
cost(10, 22, 34).
cost(11, 1, 97).
cost(11, 2, 88).
cost(11, 3, 94).
cost(11, 4, 87).
cost(11, 5, 64).
cost(11, 6, 56).
cost(11, 7, 51).
cost(11, 8, 64).
cost(11, 9, 58).
cost(11, 10, 54).
cost(11, 12, 20).
cost(11, 13, 11).
cost(11, 14, 15).
cost(11, 15, 74).
cost(11, 16, 68).
cost(11, 17, 58).
cost(11, 18, 74).
cost(11, 19, 84).
cost(11, 20, 77).
cost(11, 21, 83).
cost(11, 22, 86).
cost(12, 1, 84).
cost(12, 2, 74).
cost(12, 3, 80).
cost(12, 4, 74).
cost(12, 5, 44).
cost(12, 6, 36).
cost(12, 7, 32).
cost(12, 8, 45).
cost(12, 9, 39).
cost(12, 10, 35).
cost(12, 11, 20).
cost(12, 13, 17).
cost(12, 14, 16).
cost(12, 15, 66).
cost(12, 16, 61).
cost(12, 17, 51).
cost(12, 18, 67).
cost(12, 19, 64).
cost(12, 20, 57).
cost(12, 21, 63).
cost(12, 22, 66).
cost(13, 1, 87).
cost(13, 2, 77).
cost(13, 3, 84).
cost(13, 4, 77).
cost(13, 5, 58).
cost(13, 6, 51).
cost(13, 7, 45).
cost(13, 8, 57).
cost(13, 9, 52).
cost(13, 10, 47).
cost(13, 11, 11).
cost(13, 12, 17).
cost(13, 14, 5).
cost(13, 15, 63).
cost(13, 16, 57).
cost(13, 17, 47).
cost(13, 18, 63).
cost(13, 19, 78).
cost(13, 20, 71).
cost(13, 21, 77).
cost(13, 22, 80).
cost(14, 1, 82).
cost(14, 2, 73).
cost(14, 3, 80).
cost(14, 4, 72).
cost(14, 5, 55).
cost(14, 6, 49).
cost(14, 7, 42).
cost(14, 8, 53).
cost(14, 9, 49).
cost(14, 10, 43).
cost(14, 11, 15).
cost(14, 12, 16).
cost(14, 13, 5).
cost(14, 15, 59).
cost(14, 16, 53).
cost(14, 17, 43).
cost(14, 18, 59).
cost(14, 19, 75).
cost(14, 20, 68).
cost(14, 21, 74).
cost(14, 22, 76).
cost(15, 1, 31).
cost(15, 2, 27).
cost(15, 3, 35).
cost(15, 4, 28).
cost(15, 5, 65).
cost(15, 6, 69).
cost(15, 7, 57).
cost(15, 8, 54).
cost(15, 9, 58).
cost(15, 10, 53).
cost(15, 11, 74).
cost(15, 12, 66).
cost(15, 13, 63).
cost(15, 14, 59).
cost(15, 16, 7).
cost(15, 17, 16).
cost(15, 18, 5).
cost(15, 19, 78).
cost(15, 20, 71).
cost(15, 21, 77).
cost(15, 22, 74).
cost(16, 1, 38).
cost(16, 2, 33).
cost(16, 3, 41).
cost(16, 4, 33).
cost(16, 5, 65).
cost(16, 6, 67).
cost(16, 7, 55).
cost(16, 8, 54).
cost(16, 9, 58).
cost(16, 10, 52).
cost(16, 11, 68).
cost(16, 12, 61).
cost(16, 13, 57).
cost(16, 14, 53).
cost(16, 15, 7).
cost(16, 17, 10).
cost(16, 18, 6).
cost(16, 19, 79).
cost(16, 20, 72).
cost(16, 21, 78).
cost(16, 22, 76).
cost(17, 1, 44).
cost(17, 2, 37).
cost(17, 3, 45).
cost(17, 4, 37).
cost(17, 5, 58).
cost(17, 6, 59).
cost(17, 7, 48).
cost(17, 8, 48).
cost(17, 9, 51).
cost(17, 10, 44).
cost(17, 11, 58).
cost(17, 12, 51).
cost(17, 13, 47).
cost(17, 14, 43).
cost(17, 15, 16).
cost(17, 16, 10).
cost(17, 18, 16).
cost(17, 19, 74).
cost(17, 20, 67).
cost(17, 21, 73).
cost(17, 22, 72).
cost(18, 1, 35).
cost(18, 2, 32).
cost(18, 3, 39).
cost(18, 4, 32).
cost(18, 5, 69).
cost(18, 6, 72).
cost(18, 7, 60).
cost(18, 8, 58).
cost(18, 9, 62).
cost(18, 10, 56).
cost(18, 11, 74).
cost(18, 12, 67).
cost(18, 13, 63).
cost(18, 14, 59).
cost(18, 15, 5).
cost(18, 16, 6).
cost(18, 17, 16).
cost(18, 19, 82).
cost(18, 20, 76).
cost(18, 21, 81).
cost(18, 22, 79).
cost(19, 1, 69).
cost(19, 2, 61).
cost(19, 3, 60).
cost(19, 4, 60).
cost(19, 5, 20).
cost(19, 6, 28).
cost(19, 7, 34).
cost(19, 8, 26).
cost(19, 9, 27).
cost(19, 10, 34).
cost(19, 11, 84).
cost(19, 12, 64).
cost(19, 13, 78).
cost(19, 14, 75).
cost(19, 15, 78).
cost(19, 16, 79).
cost(19, 17, 74).
cost(19, 18, 82).
cost(19, 20, 7).
cost(19, 21, 1).
cost(19, 22, 6).
cost(20, 1, 65).
cost(20, 2, 57).
cost(20, 3, 56).
cost(20, 4, 56).
cost(20, 5, 13).
cost(20, 6, 22).
cost(20, 7, 27).
cost(20, 8, 19).
cost(20, 9, 20).
cost(20, 10, 26).
cost(20, 11, 77).
cost(20, 12, 57).
cost(20, 13, 71).
cost(20, 14, 68).
cost(20, 15, 71).
cost(20, 16, 72).
cost(20, 17, 67).
cost(20, 18, 76).
cost(20, 19, 7).
cost(20, 21, 6).
cost(20, 22, 9).
cost(21, 1, 69).
cost(21, 2, 60).
cost(21, 3, 60).
cost(21, 4, 60).
cost(21, 5, 19).
cost(21, 6, 27).
cost(21, 7, 33).
cost(21, 8, 25).
cost(21, 9, 26).
cost(21, 10, 32).
cost(21, 11, 83).
cost(21, 12, 63).
cost(21, 13, 77).
cost(21, 14, 74).
cost(21, 15, 77).
cost(21, 16, 78).
cost(21, 17, 73).
cost(21, 18, 81).
cost(21, 19, 1).
cost(21, 20, 6).
cost(21, 22, 6).
cost(22, 1, 65).
cost(22, 2, 57).
cost(22, 3, 55).
cost(22, 4, 56).
cost(22, 5, 22).
cost(22, 6, 31).
cost(22, 7, 35).
cost(22, 8, 25).
cost(22, 9, 28).
cost(22, 10, 34).
cost(22, 11, 86).
cost(22, 12, 66).
cost(22, 13, 80).
cost(22, 14, 76).
cost(22, 15, 74).
cost(22, 16, 76).
cost(22, 17, 72).
cost(22, 18, 79).
cost(22, 19, 6).
cost(22, 20, 9).
cost(22, 21, 6).
