dimension(22).
point(1, 62.4418854688, 67.9393186862).
point(2, 59.2267313889, 61.2677344839).
point(3, 62.6685846505, 64.8867274151).
point(4, 63.8880842691, 61.269672061).
point(5, 19.980486649, 89.6586291218).
point(6, 25.1075745641, 95.6115176521).
point(7, 17.0078338978, 96.7477153861).
point(8, 17.7101863359, 97.3416398214).
point(9, 46.9465418603, 3.6286678195).
point(10, 60.5872754151, 2.74101519).
point(11, 47.2352757613, 7.579582282).
point(12, 53.1578433506, 0.4172798388).
point(13, 44.7790810467, 15.0432062969).
point(14, 36.2044784831, 2.0326469023).
point(15, 87.9354033137, 24.9928204852).
point(16, 88.5048329784, 48.8430800277).
point(17, 76.6944001543, 17.2317843566).
point(18, 91.4616345756, 33.9496878578).
point(19, 1.5704269961, 51.5370770434).
point(20, 12.1764643873, 44.3351283942).
point(21, 17.2054964935, 45.2838409291).
point(22, 5.638016054, 51.4211698682).
cost(1, 2, 7).
cost(1, 3, 3).
cost(1, 4, 7).
cost(1, 5, 48).
cost(1, 6, 46).
cost(1, 7, 54).
cost(1, 8, 54).
cost(1, 9, 66).
cost(1, 10, 65).
cost(1, 11, 62).
cost(1, 12, 68).
cost(1, 13, 56).
cost(1, 14, 71).
cost(1, 15, 50).
cost(1, 16, 32).
cost(1, 17, 53).
cost(1, 18, 45).
cost(1, 19, 63).
cost(1, 20, 56).
cost(1, 21, 51).
cost(1, 22, 59).
cost(2, 1, 7).
cost(2, 3, 5).
cost(2, 4, 5).
cost(2, 5, 48).
cost(2, 6, 48).
cost(2, 7, 55).
cost(2, 8, 55).
cost(2, 9, 59).
cost(2, 10, 59).
cost(2, 11, 55).
cost(2, 12, 61).
cost(2, 13, 48).
cost(2, 14, 64).
cost(2, 15, 46).
cost(2, 16, 32).
cost(2, 17, 47).
cost(2, 18, 42).
cost(2, 19, 58).
cost(2, 20, 50).
cost(2, 21, 45).
cost(2, 22, 54).
cost(3, 1, 3).
cost(3, 2, 5).
cost(3, 4, 4).
cost(3, 5, 49).
cost(3, 6, 49).
cost(3, 7, 56).
cost(3, 8, 55).
cost(3, 9, 63).
cost(3, 10, 62).
cost(3, 11, 59).
cost(3, 12, 65).
cost(3, 13, 53).
cost(3, 14, 68).
cost(3, 15, 47).
cost(3, 16, 30).
cost(3, 17, 50).
cost(3, 18, 42).
cost(3, 19, 63).
cost(3, 20, 55).
cost(3, 21, 50).
cost(3, 22, 59).
cost(4, 1, 7).
cost(4, 2, 5).
cost(4, 3, 4).
cost(4, 5, 52).
cost(4, 6, 52).
cost(4, 7, 59).
cost(4, 8, 59).
cost(4, 9, 60).
cost(4, 10, 59).
cost(4, 11, 56).
cost(4, 12, 62).
cost(4, 13, 50).
cost(4, 14, 65).
cost(4, 15, 44).
cost(4, 16, 28).
cost(4, 17, 46).
cost(4, 18, 39).
cost(4, 19, 63).
cost(4, 20, 54).
cost(4, 21, 49).
cost(4, 22, 59).
cost(5, 1, 48).
cost(5, 2, 48).
cost(5, 3, 49).
cost(5, 4, 52).
cost(5, 6, 8).
cost(5, 7, 8).
cost(5, 8, 8).
cost(5, 9, 90).
cost(5, 10, 96).
cost(5, 11, 86).
cost(5, 12, 95).
cost(5, 13, 79).
cost(5, 14, 89).
cost(5, 15, 94).
cost(5, 16, 80).
cost(5, 17, 92).
cost(5, 18, 91).
cost(5, 19, 42).
cost(5, 20, 46).
cost(5, 21, 44).
cost(5, 22, 41).
cost(6, 1, 46).
cost(6, 2, 48).
cost(6, 3, 49).
cost(6, 4, 52).
cost(6, 5, 8).
cost(6, 7, 8).
cost(6, 8, 8).
cost(6, 9, 95).
cost(6, 10, 99).
cost(6, 11, 91).
cost(6, 12, 99).
cost(6, 13, 83).
cost(6, 14, 94).
cost(6, 15, 95).
cost(6, 16, 79).
cost(6, 17, 94).
cost(6, 18, 91).
cost(6, 19, 50).
cost(6, 20, 53).
cost(6, 21, 51).
cost(6, 22, 48).
cost(7, 1, 54).
cost(7, 2, 55).
cost(7, 3, 56).
cost(7, 4, 59).
cost(7, 5, 8).
cost(7, 6, 8).
cost(7, 8, 1).
cost(7, 9, 98).
cost(7, 10, 104).
cost(7, 11, 94).
cost(7, 12, 103).
cost(7, 13, 86).
cost(7, 14, 97).
cost(7, 15, 101).
cost(7, 16, 86).
cost(7, 17, 99).
cost(7, 18, 97).
cost(7, 19, 48).
cost(7, 20, 53).
cost(7, 21, 51).
cost(7, 22, 47).
cost(8, 1, 54).
cost(8, 2, 55).
cost(8, 3, 55).
cost(8, 4, 59).
cost(8, 5, 8).
cost(8, 6, 8).
cost(8, 7, 1).
cost(8, 9, 98).
cost(8, 10, 104).
cost(8, 11, 94).
cost(8, 12, 103).
cost(8, 13, 87).
cost(8, 14, 97).
cost(8, 15, 101).
cost(8, 16, 86).
cost(8, 17, 99).
cost(8, 18, 97).
cost(8, 19, 49).
cost(8, 20, 53).
cost(8, 21, 52).
cost(8, 22, 47).
cost(9, 1, 66).
cost(9, 2, 59).
cost(9, 3, 63).
cost(9, 4, 60).
cost(9, 5, 90).
cost(9, 6, 95).
cost(9, 7, 98).
cost(9, 8, 98).
cost(9, 10, 14).
cost(9, 11, 4).
cost(9, 12, 7).
cost(9, 13, 12).
cost(9, 14, 11).
cost(9, 15, 46).
cost(9, 16, 61).
cost(9, 17, 33).
cost(9, 18, 54).
cost(9, 19, 66).
cost(9, 20, 54).
cost(9, 21, 51).
cost(9, 22, 63).
cost(10, 1, 65).
cost(10, 2, 59).
cost(10, 3, 62).
cost(10, 4, 59).
cost(10, 5, 96).
cost(10, 6, 99).
cost(10, 7, 104).
cost(10, 8, 104).
cost(10, 9, 14).
cost(10, 11, 14).
cost(10, 12, 8).
cost(10, 13, 20).
cost(10, 14, 24).
cost(10, 15, 35).
cost(10, 16, 54).
cost(10, 17, 22).
cost(10, 18, 44).
cost(10, 19, 77).
cost(10, 20, 64).
cost(10, 21, 61).
cost(10, 22, 73).
cost(11, 1, 62).
cost(11, 2, 55).
cost(11, 3, 59).
cost(11, 4, 56).
cost(11, 5, 86).
cost(11, 6, 91).
cost(11, 7, 94).
cost(11, 8, 94).
cost(11, 9, 4).
cost(11, 10, 14).
cost(11, 12, 9).
cost(11, 13, 8).
cost(11, 14, 12).
cost(11, 15, 44).
cost(11, 16, 58).
cost(11, 17, 31).
cost(11, 18, 51).
cost(11, 19, 63).
cost(11, 20, 51).
cost(11, 21, 48).
cost(11, 22, 60).
cost(12, 1, 68).
cost(12, 2, 61).
cost(12, 3, 65).
cost(12, 4, 62).
cost(12, 5, 95).
cost(12, 6, 99).
cost(12, 7, 103).
cost(12, 8, 103).
cost(12, 9, 7).
cost(12, 10, 8).
cost(12, 11, 9).
cost(12, 13, 17).
cost(12, 14, 17).
cost(12, 15, 43).
cost(12, 16, 60).
cost(12, 17, 29).
cost(12, 18, 51).
cost(12, 19, 73).
cost(12, 20, 60).
cost(12, 21, 57).
cost(12, 22, 70).
cost(13, 1, 56).
cost(13, 2, 48).
cost(13, 3, 53).
cost(13, 4, 50).
cost(13, 5, 79).
cost(13, 6, 83).
cost(13, 7, 86).
cost(13, 8, 87).
cost(13, 9, 12).
cost(13, 10, 20).
cost(13, 11, 8).
cost(13, 12, 17).
cost(13, 14, 16).
cost(13, 15, 44).
cost(13, 16, 55).
cost(13, 17, 32).
cost(13, 18, 50).
cost(13, 19, 57).
cost(13, 20, 44).
cost(13, 21, 41).
cost(13, 22, 53).
cost(14, 1, 71).
cost(14, 2, 64).
cost(14, 3, 68).
cost(14, 4, 65).
cost(14, 5, 89).
cost(14, 6, 94).
cost(14, 7, 97).
cost(14, 8, 97).
cost(14, 9, 11).
cost(14, 10, 24).
cost(14, 11, 12).
cost(14, 12, 17).
cost(14, 13, 16).
cost(14, 15, 57).
cost(14, 16, 70).
cost(14, 17, 43).
cost(14, 18, 64).
cost(14, 19, 60).
cost(14, 20, 49).
cost(14, 21, 47).
cost(14, 22, 58).
cost(15, 1, 50).
cost(15, 2, 46).
cost(15, 3, 47).
cost(15, 4, 44).
cost(15, 5, 94).
cost(15, 6, 95).
cost(15, 7, 101).
cost(15, 8, 101).
cost(15, 9, 46).
cost(15, 10, 35).
cost(15, 11, 44).
cost(15, 12, 43).
cost(15, 13, 44).
cost(15, 14, 57).
cost(15, 16, 24).
cost(15, 17, 14).
cost(15, 18, 10).
cost(15, 19, 90).
cost(15, 20, 78).
cost(15, 21, 74).
cost(15, 22, 86).
cost(16, 1, 32).
cost(16, 2, 32).
cost(16, 3, 30).
cost(16, 4, 28).
cost(16, 5, 80).
cost(16, 6, 79).
cost(16, 7, 86).
cost(16, 8, 86).
cost(16, 9, 61).
cost(16, 10, 54).
cost(16, 11, 58).
cost(16, 12, 60).
cost(16, 13, 55).
cost(16, 14, 70).
cost(16, 15, 24).
cost(16, 17, 34).
cost(16, 18, 15).
cost(16, 19, 87).
cost(16, 20, 76).
cost(16, 21, 71).
cost(16, 22, 83).
cost(17, 1, 53).
cost(17, 2, 47).
cost(17, 3, 50).
cost(17, 4, 46).
cost(17, 5, 92).
cost(17, 6, 94).
cost(17, 7, 99).
cost(17, 8, 99).
cost(17, 9, 33).
cost(17, 10, 22).
cost(17, 11, 31).
cost(17, 12, 29).
cost(17, 13, 32).
cost(17, 14, 43).
cost(17, 15, 14).
cost(17, 16, 34).
cost(17, 18, 22).
cost(17, 19, 83).
cost(17, 20, 70).
cost(17, 21, 66).
cost(17, 22, 79).
cost(18, 1, 45).
cost(18, 2, 42).
cost(18, 3, 42).
cost(18, 4, 39).
cost(18, 5, 91).
cost(18, 6, 91).
cost(18, 7, 97).
cost(18, 8, 97).
cost(18, 9, 54).
cost(18, 10, 44).
cost(18, 11, 51).
cost(18, 12, 51).
cost(18, 13, 50).
cost(18, 14, 64).
cost(18, 15, 10).
cost(18, 16, 15).
cost(18, 17, 22).
cost(18, 19, 92).
cost(18, 20, 80).
cost(18, 21, 75).
cost(18, 22, 88).
cost(19, 1, 63).
cost(19, 2, 58).
cost(19, 3, 63).
cost(19, 4, 63).
cost(19, 5, 42).
cost(19, 6, 50).
cost(19, 7, 48).
cost(19, 8, 49).
cost(19, 9, 66).
cost(19, 10, 77).
cost(19, 11, 63).
cost(19, 12, 73).
cost(19, 13, 57).
cost(19, 14, 60).
cost(19, 15, 90).
cost(19, 16, 87).
cost(19, 17, 83).
cost(19, 18, 92).
cost(19, 20, 13).
cost(19, 21, 17).
cost(19, 22, 4).
cost(20, 1, 56).
cost(20, 2, 50).
cost(20, 3, 55).
cost(20, 4, 54).
cost(20, 5, 46).
cost(20, 6, 53).
cost(20, 7, 53).
cost(20, 8, 53).
cost(20, 9, 54).
cost(20, 10, 64).
cost(20, 11, 51).
cost(20, 12, 60).
cost(20, 13, 44).
cost(20, 14, 49).
cost(20, 15, 78).
cost(20, 16, 76).
cost(20, 17, 70).
cost(20, 18, 80).
cost(20, 19, 13).
cost(20, 21, 5).
cost(20, 22, 10).
cost(21, 1, 51).
cost(21, 2, 45).
cost(21, 3, 50).
cost(21, 4, 49).
cost(21, 5, 44).
cost(21, 6, 51).
cost(21, 7, 51).
cost(21, 8, 52).
cost(21, 9, 51).
cost(21, 10, 61).
cost(21, 11, 48).
cost(21, 12, 57).
cost(21, 13, 41).
cost(21, 14, 47).
cost(21, 15, 74).
cost(21, 16, 71).
cost(21, 17, 66).
cost(21, 18, 75).
cost(21, 19, 17).
cost(21, 20, 5).
cost(21, 22, 13).
cost(22, 1, 59).
cost(22, 2, 54).
cost(22, 3, 59).
cost(22, 4, 59).
cost(22, 5, 41).
cost(22, 6, 48).
cost(22, 7, 47).
cost(22, 8, 47).
cost(22, 9, 63).
cost(22, 10, 73).
cost(22, 11, 60).
cost(22, 12, 70).
cost(22, 13, 53).
cost(22, 14, 58).
cost(22, 15, 86).
cost(22, 16, 83).
cost(22, 17, 79).
cost(22, 18, 88).
cost(22, 19, 4).
cost(22, 20, 10).
cost(22, 21, 13).
