dimension(22).
point(1, 42.9792788073, 69.3977385333).
point(2, 46.3982636591, 63.1167707898).
point(3, 54.9411457983, 60.8091117177).
point(4, 52.5245684101, 53.5940691913).
point(5, 31.8946940589, 72.68026958).
point(6, 25.1626189295, 75.8872948464).
point(7, 36.6743786559, 80.0749448168).
point(8, 21.3180194081, 74.0298795077).
point(9, 63.3281662376, 90.8476472232).
point(10, 52.1311333464, 89.8564151599).
point(11, 57.3906424155, 88.5227807698).
point(12, 66.7549271283, 92.0168213323).
point(13, 67.084473142, 86.942388073).
point(14, 68.7540103798, 92.7830565547).
point(15, 93.2532172818, 5.6449030993).
point(16, 95.1967908168, 14.8674249441).
point(17, 86.2024882322, 29.2442914643).
point(18, 87.9865606266, 5.9941681779).
point(19, 22.9827373766, 27.9812267935).
point(20, 12.7158961152, 33.3098227785).
point(21, 29.8285489473, 29.2967420776).
point(22, 23.6392799193, 35.9276304815).
cost(1, 2, 7).
cost(1, 3, 15).
cost(1, 4, 18).
cost(1, 5, 12).
cost(1, 6, 19).
cost(1, 7, 12).
cost(1, 8, 22).
cost(1, 9, 30).
cost(1, 10, 22).
cost(1, 11, 24).
cost(1, 12, 33).
cost(1, 13, 30).
cost(1, 14, 35).
cost(1, 15, 81).
cost(1, 16, 75).
cost(1, 17, 59).
cost(1, 18, 78).
cost(1, 19, 46).
cost(1, 20, 47).
cost(1, 21, 42).
cost(1, 22, 39).
cost(2, 1, 7).
cost(2, 3, 9).
cost(2, 4, 11).
cost(2, 5, 17).
cost(2, 6, 25).
cost(2, 7, 20).
cost(2, 8, 27).
cost(2, 9, 32).
cost(2, 10, 27).
cost(2, 11, 28).
cost(2, 12, 35).
cost(2, 13, 32).
cost(2, 14, 37).
cost(2, 15, 74).
cost(2, 16, 69).
cost(2, 17, 52).
cost(2, 18, 71).
cost(2, 19, 42).
cost(2, 20, 45).
cost(2, 21, 38).
cost(2, 22, 35).
cost(3, 1, 15).
cost(3, 2, 9).
cost(3, 4, 8).
cost(3, 5, 26).
cost(3, 6, 33).
cost(3, 7, 27).
cost(3, 8, 36).
cost(3, 9, 31).
cost(3, 10, 29).
cost(3, 11, 28).
cost(3, 12, 33).
cost(3, 13, 29).
cost(3, 14, 35).
cost(3, 15, 67).
cost(3, 16, 61).
cost(3, 17, 44).
cost(3, 18, 64).
cost(3, 19, 46).
cost(3, 20, 50).
cost(3, 21, 40).
cost(3, 22, 40).
cost(4, 1, 18).
cost(4, 2, 11).
cost(4, 3, 8).
cost(4, 5, 28).
cost(4, 6, 35).
cost(4, 7, 31).
cost(4, 8, 37).
cost(4, 9, 39).
cost(4, 10, 36).
cost(4, 11, 35).
cost(4, 12, 41).
cost(4, 13, 36).
cost(4, 14, 42).
cost(4, 15, 63).
cost(4, 16, 58).
cost(4, 17, 42).
cost(4, 18, 59).
cost(4, 19, 39).
cost(4, 20, 45).
cost(4, 21, 33).
cost(4, 22, 34).
cost(5, 1, 12).
cost(5, 2, 17).
cost(5, 3, 26).
cost(5, 4, 28).
cost(5, 6, 7).
cost(5, 7, 9).
cost(5, 8, 11).
cost(5, 9, 36).
cost(5, 10, 27).
cost(5, 11, 30).
cost(5, 12, 40).
cost(5, 13, 38).
cost(5, 14, 42).
cost(5, 15, 91).
cost(5, 16, 86).
cost(5, 17, 70).
cost(5, 18, 87).
cost(5, 19, 46).
cost(5, 20, 44).
cost(5, 21, 43).
cost(5, 22, 38).
cost(6, 1, 19).
cost(6, 2, 25).
cost(6, 3, 33).
cost(6, 4, 35).
cost(6, 5, 7).
cost(6, 7, 12).
cost(6, 8, 4).
cost(6, 9, 41).
cost(6, 10, 30).
cost(6, 11, 35).
cost(6, 12, 45).
cost(6, 13, 43).
cost(6, 14, 47).
cost(6, 15, 98).
cost(6, 16, 93).
cost(6, 17, 77).
cost(6, 18, 94).
cost(6, 19, 48).
cost(6, 20, 44).
cost(6, 21, 47).
cost(6, 22, 40).
cost(7, 1, 12).
cost(7, 2, 20).
cost(7, 3, 27).
cost(7, 4, 31).
cost(7, 5, 9).
cost(7, 6, 12).
cost(7, 8, 17).
cost(7, 9, 29).
cost(7, 10, 18).
cost(7, 11, 22).
cost(7, 12, 32).
cost(7, 13, 31).
cost(7, 14, 35).
cost(7, 15, 93).
cost(7, 16, 88).
cost(7, 17, 71).
cost(7, 18, 90).
cost(7, 19, 54).
cost(7, 20, 53).
cost(7, 21, 51).
cost(7, 22, 46).
cost(8, 1, 22).
cost(8, 2, 27).
cost(8, 3, 36).
cost(8, 4, 37).
cost(8, 5, 11).
cost(8, 6, 4).
cost(8, 7, 17).
cost(8, 9, 45).
cost(8, 10, 35).
cost(8, 11, 39).
cost(8, 12, 49).
cost(8, 13, 48).
cost(8, 14, 51).
cost(8, 15, 99).
cost(8, 16, 95).
cost(8, 17, 79).
cost(8, 18, 95).
cost(8, 19, 46).
cost(8, 20, 42).
cost(8, 21, 46).
cost(8, 22, 38).
cost(9, 1, 30).
cost(9, 2, 32).
cost(9, 3, 31).
cost(9, 4, 39).
cost(9, 5, 36).
cost(9, 6, 41).
cost(9, 7, 29).
cost(9, 8, 45).
cost(9, 10, 11).
cost(9, 11, 6).
cost(9, 12, 4).
cost(9, 13, 5).
cost(9, 14, 6).
cost(9, 15, 90).
cost(9, 16, 82).
cost(9, 17, 66).
cost(9, 18, 88).
cost(9, 19, 75).
cost(9, 20, 77).
cost(9, 21, 70).
cost(9, 22, 68).
cost(10, 1, 22).
cost(10, 2, 27).
cost(10, 3, 29).
cost(10, 4, 36).
cost(10, 5, 27).
cost(10, 6, 30).
cost(10, 7, 18).
cost(10, 8, 35).
cost(10, 9, 11).
cost(10, 11, 5).
cost(10, 12, 15).
cost(10, 13, 15).
cost(10, 14, 17).
cost(10, 15, 94).
cost(10, 16, 86).
cost(10, 17, 70).
cost(10, 18, 91).
cost(10, 19, 68).
cost(10, 20, 69).
cost(10, 21, 65).
cost(10, 22, 61).
cost(11, 1, 24).
cost(11, 2, 28).
cost(11, 3, 28).
cost(11, 4, 35).
cost(11, 5, 30).
cost(11, 6, 35).
cost(11, 7, 22).
cost(11, 8, 39).
cost(11, 9, 6).
cost(11, 10, 5).
cost(11, 12, 10).
cost(11, 13, 10).
cost(11, 14, 12).
cost(11, 15, 90).
cost(11, 16, 83).
cost(11, 17, 66).
cost(11, 18, 88).
cost(11, 19, 70).
cost(11, 20, 71).
cost(11, 21, 65).
cost(11, 22, 62).
cost(12, 1, 33).
cost(12, 2, 35).
cost(12, 3, 33).
cost(12, 4, 41).
cost(12, 5, 40).
cost(12, 6, 45).
cost(12, 7, 32).
cost(12, 8, 49).
cost(12, 9, 4).
cost(12, 10, 15).
cost(12, 11, 10).
cost(12, 13, 5).
cost(12, 14, 2).
cost(12, 15, 90).
cost(12, 16, 82).
cost(12, 17, 66).
cost(12, 18, 89).
cost(12, 19, 78).
cost(12, 20, 80).
cost(12, 21, 73).
cost(12, 22, 71).
cost(13, 1, 30).
cost(13, 2, 32).
cost(13, 3, 29).
cost(13, 4, 36).
cost(13, 5, 38).
cost(13, 6, 43).
cost(13, 7, 31).
cost(13, 8, 48).
cost(13, 9, 5).
cost(13, 10, 15).
cost(13, 11, 10).
cost(13, 12, 5).
cost(13, 14, 6).
cost(13, 15, 85).
cost(13, 16, 77).
cost(13, 17, 61).
cost(13, 18, 84).
cost(13, 19, 74).
cost(13, 20, 76).
cost(13, 21, 69).
cost(13, 22, 67).
cost(14, 1, 35).
cost(14, 2, 37).
cost(14, 3, 35).
cost(14, 4, 42).
cost(14, 5, 42).
cost(14, 6, 47).
cost(14, 7, 35).
cost(14, 8, 51).
cost(14, 9, 6).
cost(14, 10, 17).
cost(14, 11, 12).
cost(14, 12, 2).
cost(14, 13, 6).
cost(14, 15, 91).
cost(14, 16, 82).
cost(14, 17, 66).
cost(14, 18, 89).
cost(14, 19, 79).
cost(14, 20, 82).
cost(14, 21, 74).
cost(14, 22, 73).
cost(15, 1, 81).
cost(15, 2, 74).
cost(15, 3, 67).
cost(15, 4, 63).
cost(15, 5, 91).
cost(15, 6, 98).
cost(15, 7, 93).
cost(15, 8, 99).
cost(15, 9, 90).
cost(15, 10, 94).
cost(15, 11, 90).
cost(15, 12, 90).
cost(15, 13, 85).
cost(15, 14, 91).
cost(15, 16, 9).
cost(15, 17, 25).
cost(15, 18, 5).
cost(15, 19, 74).
cost(15, 20, 85).
cost(15, 21, 68).
cost(15, 22, 76).
cost(16, 1, 75).
cost(16, 2, 69).
cost(16, 3, 61).
cost(16, 4, 58).
cost(16, 5, 86).
cost(16, 6, 93).
cost(16, 7, 88).
cost(16, 8, 95).
cost(16, 9, 82).
cost(16, 10, 86).
cost(16, 11, 83).
cost(16, 12, 82).
cost(16, 13, 77).
cost(16, 14, 82).
cost(16, 15, 9).
cost(16, 17, 17).
cost(16, 18, 11).
cost(16, 19, 73).
cost(16, 20, 85).
cost(16, 21, 67).
cost(16, 22, 75).
cost(17, 1, 59).
cost(17, 2, 52).
cost(17, 3, 44).
cost(17, 4, 42).
cost(17, 5, 70).
cost(17, 6, 77).
cost(17, 7, 71).
cost(17, 8, 79).
cost(17, 9, 66).
cost(17, 10, 70).
cost(17, 11, 66).
cost(17, 12, 66).
cost(17, 13, 61).
cost(17, 14, 66).
cost(17, 15, 25).
cost(17, 16, 17).
cost(17, 18, 23).
cost(17, 19, 63).
cost(17, 20, 74).
cost(17, 21, 56).
cost(17, 22, 63).
cost(18, 1, 78).
cost(18, 2, 71).
cost(18, 3, 64).
cost(18, 4, 59).
cost(18, 5, 87).
cost(18, 6, 94).
cost(18, 7, 90).
cost(18, 8, 95).
cost(18, 9, 88).
cost(18, 10, 91).
cost(18, 11, 88).
cost(18, 12, 89).
cost(18, 13, 84).
cost(18, 14, 89).
cost(18, 15, 5).
cost(18, 16, 11).
cost(18, 17, 23).
cost(18, 19, 69).
cost(18, 20, 80).
cost(18, 21, 63).
cost(18, 22, 71).
cost(19, 1, 46).
cost(19, 2, 42).
cost(19, 3, 46).
cost(19, 4, 39).
cost(19, 5, 46).
cost(19, 6, 48).
cost(19, 7, 54).
cost(19, 8, 46).
cost(19, 9, 75).
cost(19, 10, 68).
cost(19, 11, 70).
cost(19, 12, 78).
cost(19, 13, 74).
cost(19, 14, 79).
cost(19, 15, 74).
cost(19, 16, 73).
cost(19, 17, 63).
cost(19, 18, 69).
cost(19, 20, 12).
cost(19, 21, 7).
cost(19, 22, 8).
cost(20, 1, 47).
cost(20, 2, 45).
cost(20, 3, 50).
cost(20, 4, 45).
cost(20, 5, 44).
cost(20, 6, 44).
cost(20, 7, 53).
cost(20, 8, 42).
cost(20, 9, 77).
cost(20, 10, 69).
cost(20, 11, 71).
cost(20, 12, 80).
cost(20, 13, 76).
cost(20, 14, 82).
cost(20, 15, 85).
cost(20, 16, 85).
cost(20, 17, 74).
cost(20, 18, 80).
cost(20, 19, 12).
cost(20, 21, 18).
cost(20, 22, 11).
cost(21, 1, 42).
cost(21, 2, 38).
cost(21, 3, 40).
cost(21, 4, 33).
cost(21, 5, 43).
cost(21, 6, 47).
cost(21, 7, 51).
cost(21, 8, 46).
cost(21, 9, 70).
cost(21, 10, 65).
cost(21, 11, 65).
cost(21, 12, 73).
cost(21, 13, 69).
cost(21, 14, 74).
cost(21, 15, 68).
cost(21, 16, 67).
cost(21, 17, 56).
cost(21, 18, 63).
cost(21, 19, 7).
cost(21, 20, 18).
cost(21, 22, 9).
cost(22, 1, 39).
cost(22, 2, 35).
cost(22, 3, 40).
cost(22, 4, 34).
cost(22, 5, 38).
cost(22, 6, 40).
cost(22, 7, 46).
cost(22, 8, 38).
cost(22, 9, 68).
cost(22, 10, 61).
cost(22, 11, 62).
cost(22, 12, 71).
cost(22, 13, 67).
cost(22, 14, 73).
cost(22, 15, 76).
cost(22, 16, 75).
cost(22, 17, 63).
cost(22, 18, 71).
cost(22, 19, 8).
cost(22, 20, 11).
cost(22, 21, 9).
