dimension(22).
point(1, 32.3637922631, 51.8033731822).
point(2, 36.3793814305, 48.3015123324).
point(3, 28.4695839207, 39.5929788874).
point(4, 36.2563928098, 43.4784818691).
point(5, 39.3105211581, 45.8914860227).
point(6, 40.2551018359, 48.2736161543).
point(7, 67.4243888133, 0.1143282419).
point(8, 80.7379258091, 21.9080601497).
point(9, 82.656196614, 1.1797426976).
point(10, 91.810478129, 1.7257832448).
point(11, 41.4969001111, 21.6021331249).
point(12, 42.783460709, 27.5279420977).
point(13, 45.1453509271, 27.551774303).
point(14, 46.1208751441, 25.1038037291).
point(15, 7.9548486593, 99.5971837046).
point(16, 9.8807075579, 99.9083064125).
point(17, 18.8027068081, 99.0313766608).
point(18, 10.2990774791, 95.8117827142).
point(19, 85.9120409051, 63.6290580885).
point(20, 85.3922548651, 66.8284936351).
point(21, 89.2431997397, 78.4841600809).
point(22, 94.1807161131, 73.3070642327).
cost(1, 2, 5).
cost(1, 3, 13).
cost(1, 4, 9).
cost(1, 5, 9).
cost(1, 6, 9).
cost(1, 7, 62).
cost(1, 8, 57).
cost(1, 9, 71).
cost(1, 10, 78).
cost(1, 11, 32).
cost(1, 12, 26).
cost(1, 13, 27).
cost(1, 14, 30).
cost(1, 15, 54).
cost(1, 16, 53).
cost(1, 17, 49).
cost(1, 18, 49).
cost(1, 19, 55).
cost(1, 20, 55).
cost(1, 21, 63).
cost(1, 22, 65).
cost(2, 1, 5).
cost(2, 3, 12).
cost(2, 4, 5).
cost(2, 5, 4).
cost(2, 6, 4).
cost(2, 7, 57).
cost(2, 8, 52).
cost(2, 9, 66).
cost(2, 10, 72).
cost(2, 11, 27).
cost(2, 12, 22).
cost(2, 13, 23).
cost(2, 14, 25).
cost(2, 15, 59).
cost(2, 16, 58).
cost(2, 17, 54).
cost(2, 18, 54).
cost(2, 19, 52).
cost(2, 20, 52).
cost(2, 21, 61).
cost(2, 22, 63).
cost(3, 1, 13).
cost(3, 2, 12).
cost(3, 4, 9).
cost(3, 5, 13).
cost(3, 6, 15).
cost(3, 7, 55).
cost(3, 8, 55).
cost(3, 9, 66).
cost(3, 10, 74).
cost(3, 11, 22).
cost(3, 12, 19).
cost(3, 13, 21).
cost(3, 14, 23).
cost(3, 15, 63).
cost(3, 16, 63).
cost(3, 17, 60).
cost(3, 18, 59).
cost(3, 19, 62).
cost(3, 20, 63).
cost(3, 21, 72).
cost(3, 22, 74).
cost(4, 1, 9).
cost(4, 2, 5).
cost(4, 3, 9).
cost(4, 5, 4).
cost(4, 6, 6).
cost(4, 7, 53).
cost(4, 8, 49).
cost(4, 9, 63).
cost(4, 10, 69).
cost(4, 11, 22).
cost(4, 12, 17).
cost(4, 13, 18).
cost(4, 14, 21).
cost(4, 15, 63).
cost(4, 16, 62).
cost(4, 17, 58).
cost(4, 18, 58).
cost(4, 19, 54).
cost(4, 20, 54).
cost(4, 21, 64).
cost(4, 22, 65).
cost(5, 1, 9).
cost(5, 2, 4).
cost(5, 3, 13).
cost(5, 4, 4).
cost(5, 6, 3).
cost(5, 7, 54).
cost(5, 8, 48).
cost(5, 9, 62).
cost(5, 10, 69).
cost(5, 11, 24).
cost(5, 12, 19).
cost(5, 13, 19).
cost(5, 14, 22).
cost(5, 15, 62).
cost(5, 16, 62).
cost(5, 17, 57).
cost(5, 18, 58).
cost(5, 19, 50).
cost(5, 20, 51).
cost(5, 21, 60).
cost(5, 22, 61).
cost(6, 1, 9).
cost(6, 2, 4).
cost(6, 3, 15).
cost(6, 4, 6).
cost(6, 5, 3).
cost(6, 7, 55).
cost(6, 8, 48).
cost(6, 9, 63).
cost(6, 10, 69).
cost(6, 11, 27).
cost(6, 12, 21).
cost(6, 13, 21).
cost(6, 14, 24).
cost(6, 15, 61).
cost(6, 16, 60).
cost(6, 17, 55).
cost(6, 18, 56).
cost(6, 19, 48).
cost(6, 20, 49).
cost(6, 21, 58).
cost(6, 22, 59).
cost(7, 1, 62).
cost(7, 2, 57).
cost(7, 3, 55).
cost(7, 4, 53).
cost(7, 5, 54).
cost(7, 6, 55).
cost(7, 8, 26).
cost(7, 9, 15).
cost(7, 10, 24).
cost(7, 11, 34).
cost(7, 12, 37).
cost(7, 13, 35).
cost(7, 14, 33).
cost(7, 15, 116).
cost(7, 16, 115).
cost(7, 17, 110).
cost(7, 18, 111).
cost(7, 19, 66).
cost(7, 20, 69).
cost(7, 21, 81).
cost(7, 22, 78).
cost(8, 1, 57).
cost(8, 2, 52).
cost(8, 3, 55).
cost(8, 4, 49).
cost(8, 5, 48).
cost(8, 6, 48).
cost(8, 7, 26).
cost(8, 9, 21).
cost(8, 10, 23).
cost(8, 11, 39).
cost(8, 12, 38).
cost(8, 13, 36).
cost(8, 14, 35).
cost(8, 15, 106).
cost(8, 16, 105).
cost(8, 17, 99).
cost(8, 18, 102).
cost(8, 19, 42).
cost(8, 20, 45).
cost(8, 21, 57).
cost(8, 22, 53).
cost(9, 1, 71).
cost(9, 2, 66).
cost(9, 3, 66).
cost(9, 4, 63).
cost(9, 5, 62).
cost(9, 6, 63).
cost(9, 7, 15).
cost(9, 8, 21).
cost(9, 10, 9).
cost(9, 11, 46).
cost(9, 12, 48).
cost(9, 13, 46).
cost(9, 14, 44).
cost(9, 15, 124).
cost(9, 16, 123).
cost(9, 17, 117).
cost(9, 18, 119).
cost(9, 19, 63).
cost(9, 20, 66).
cost(9, 21, 78).
cost(9, 22, 73).
cost(10, 1, 78).
cost(10, 2, 72).
cost(10, 3, 74).
cost(10, 4, 69).
cost(10, 5, 69).
cost(10, 6, 69).
cost(10, 7, 24).
cost(10, 8, 23).
cost(10, 9, 9).
cost(10, 11, 54).
cost(10, 12, 55).
cost(10, 13, 53).
cost(10, 14, 51).
cost(10, 15, 129).
cost(10, 16, 128).
cost(10, 17, 122).
cost(10, 18, 124).
cost(10, 19, 62).
cost(10, 20, 65).
cost(10, 21, 77).
cost(10, 22, 72).
cost(11, 1, 32).
cost(11, 2, 27).
cost(11, 3, 22).
cost(11, 4, 22).
cost(11, 5, 24).
cost(11, 6, 27).
cost(11, 7, 34).
cost(11, 8, 39).
cost(11, 9, 46).
cost(11, 10, 54).
cost(11, 12, 6).
cost(11, 13, 7).
cost(11, 14, 6).
cost(11, 15, 85).
cost(11, 16, 84).
cost(11, 17, 81).
cost(11, 18, 81).
cost(11, 19, 61).
cost(11, 20, 63).
cost(11, 21, 74).
cost(11, 22, 74).
cost(12, 1, 26).
cost(12, 2, 22).
cost(12, 3, 19).
cost(12, 4, 17).
cost(12, 5, 19).
cost(12, 6, 21).
cost(12, 7, 37).
cost(12, 8, 38).
cost(12, 9, 48).
cost(12, 10, 55).
cost(12, 11, 6).
cost(12, 13, 2).
cost(12, 14, 4).
cost(12, 15, 80).
cost(12, 16, 80).
cost(12, 17, 75).
cost(12, 18, 76).
cost(12, 19, 56).
cost(12, 20, 58).
cost(12, 21, 69).
cost(12, 22, 69).
cost(13, 1, 27).
cost(13, 2, 23).
cost(13, 3, 21).
cost(13, 4, 18).
cost(13, 5, 19).
cost(13, 6, 21).
cost(13, 7, 35).
cost(13, 8, 36).
cost(13, 9, 46).
cost(13, 10, 53).
cost(13, 11, 7).
cost(13, 12, 2).
cost(13, 14, 3).
cost(13, 15, 81).
cost(13, 16, 80).
cost(13, 17, 76).
cost(13, 18, 77).
cost(13, 19, 54).
cost(13, 20, 56).
cost(13, 21, 67).
cost(13, 22, 67).
cost(14, 1, 30).
cost(14, 2, 25).
cost(14, 3, 23).
cost(14, 4, 21).
cost(14, 5, 22).
cost(14, 6, 24).
cost(14, 7, 33).
cost(14, 8, 35).
cost(14, 9, 44).
cost(14, 10, 51).
cost(14, 11, 6).
cost(14, 12, 4).
cost(14, 13, 3).
cost(14, 15, 84).
cost(14, 16, 83).
cost(14, 17, 79).
cost(14, 18, 79).
cost(14, 19, 55).
cost(14, 20, 57).
cost(14, 21, 69).
cost(14, 22, 68).
cost(15, 1, 54).
cost(15, 2, 59).
cost(15, 3, 63).
cost(15, 4, 63).
cost(15, 5, 62).
cost(15, 6, 61).
cost(15, 7, 116).
cost(15, 8, 106).
cost(15, 9, 124).
cost(15, 10, 129).
cost(15, 11, 85).
cost(15, 12, 80).
cost(15, 13, 81).
cost(15, 14, 84).
cost(15, 16, 2).
cost(15, 17, 11).
cost(15, 18, 4).
cost(15, 19, 86).
cost(15, 20, 84).
cost(15, 21, 84).
cost(15, 22, 90).
cost(16, 1, 53).
cost(16, 2, 58).
cost(16, 3, 63).
cost(16, 4, 62).
cost(16, 5, 62).
cost(16, 6, 60).
cost(16, 7, 115).
cost(16, 8, 105).
cost(16, 9, 123).
cost(16, 10, 128).
cost(16, 11, 84).
cost(16, 12, 80).
cost(16, 13, 80).
cost(16, 14, 83).
cost(16, 15, 2).
cost(16, 17, 9).
cost(16, 18, 4).
cost(16, 19, 84).
cost(16, 20, 82).
cost(16, 21, 82).
cost(16, 22, 88).
cost(17, 1, 49).
cost(17, 2, 54).
cost(17, 3, 60).
cost(17, 4, 58).
cost(17, 5, 57).
cost(17, 6, 55).
cost(17, 7, 110).
cost(17, 8, 99).
cost(17, 9, 117).
cost(17, 10, 122).
cost(17, 11, 81).
cost(17, 12, 75).
cost(17, 13, 76).
cost(17, 14, 79).
cost(17, 15, 11).
cost(17, 16, 9).
cost(17, 18, 9).
cost(17, 19, 76).
cost(17, 20, 74).
cost(17, 21, 73).
cost(17, 22, 80).
cost(18, 1, 49).
cost(18, 2, 54).
cost(18, 3, 59).
cost(18, 4, 58).
cost(18, 5, 58).
cost(18, 6, 56).
cost(18, 7, 111).
cost(18, 8, 102).
cost(18, 9, 119).
cost(18, 10, 124).
cost(18, 11, 81).
cost(18, 12, 76).
cost(18, 13, 77).
cost(18, 14, 79).
cost(18, 15, 4).
cost(18, 16, 4).
cost(18, 17, 9).
cost(18, 19, 82).
cost(18, 20, 80).
cost(18, 21, 81).
cost(18, 22, 87).
cost(19, 1, 55).
cost(19, 2, 52).
cost(19, 3, 62).
cost(19, 4, 54).
cost(19, 5, 50).
cost(19, 6, 48).
cost(19, 7, 66).
cost(19, 8, 42).
cost(19, 9, 63).
cost(19, 10, 62).
cost(19, 11, 61).
cost(19, 12, 56).
cost(19, 13, 54).
cost(19, 14, 55).
cost(19, 15, 86).
cost(19, 16, 84).
cost(19, 17, 76).
cost(19, 18, 82).
cost(19, 20, 3).
cost(19, 21, 15).
cost(19, 22, 13).
cost(20, 1, 55).
cost(20, 2, 52).
cost(20, 3, 63).
cost(20, 4, 54).
cost(20, 5, 51).
cost(20, 6, 49).
cost(20, 7, 69).
cost(20, 8, 45).
cost(20, 9, 66).
cost(20, 10, 65).
cost(20, 11, 63).
cost(20, 12, 58).
cost(20, 13, 56).
cost(20, 14, 57).
cost(20, 15, 84).
cost(20, 16, 82).
cost(20, 17, 74).
cost(20, 18, 80).
cost(20, 19, 3).
cost(20, 21, 12).
cost(20, 22, 11).
cost(21, 1, 63).
cost(21, 2, 61).
cost(21, 3, 72).
cost(21, 4, 64).
cost(21, 5, 60).
cost(21, 6, 58).
cost(21, 7, 81).
cost(21, 8, 57).
cost(21, 9, 78).
cost(21, 10, 77).
cost(21, 11, 74).
cost(21, 12, 69).
cost(21, 13, 67).
cost(21, 14, 69).
cost(21, 15, 84).
cost(21, 16, 82).
cost(21, 17, 73).
cost(21, 18, 81).
cost(21, 19, 15).
cost(21, 20, 12).
cost(21, 22, 7).
cost(22, 1, 65).
cost(22, 2, 63).
cost(22, 3, 74).
cost(22, 4, 65).
cost(22, 5, 61).
cost(22, 6, 59).
cost(22, 7, 78).
cost(22, 8, 53).
cost(22, 9, 73).
cost(22, 10, 72).
cost(22, 11, 74).
cost(22, 12, 69).
cost(22, 13, 67).
cost(22, 14, 68).
cost(22, 15, 90).
cost(22, 16, 88).
cost(22, 17, 80).
cost(22, 18, 87).
cost(22, 19, 13).
cost(22, 20, 11).
cost(22, 21, 7).
