dimension(22).
point(1, 8.660966249, 67.5324602329).
point(2, 16.289261151, 82.4400331894).
point(3, 12.7319655407, 67.6736745101).
point(4, 6.4585035079, 70.0495942047).
point(5, 59.9950833099, 19.5774553043).
point(6, 66.2191147992, 33.0938001187).
point(7, 59.177788168, 5.737334446).
point(8, 58.2560340072, 5.2206286345).
point(9, 59.5503385786, 24.7553765034).
point(10, 62.5119175277, 7.0892878244).
point(11, 58.1782889882, 78.5302798726).
point(12, 49.5083517639, 84.1516637958).
point(13, 37.8994124587, 76.5563650893).
point(14, 42.296753533, 87.5501918467).
point(15, 99.3922228359, 50.7913598506).
point(16, 85.4130596135, 47.8260139869).
point(17, 85.0740751784, 46.1255526829).
point(18, 95.48164786, 42.0881502281).
point(19, 1.6025583914, 19.5290679333).
point(20, 15.5048883832, 7.584730694).
point(21, 23.6680752072, 21.852076441).
point(22, 30.3381203248, 26.7699099798).
cost(1, 2, 17).
cost(1, 3, 4).
cost(1, 4, 3).
cost(1, 5, 70).
cost(1, 6, 67).
cost(1, 7, 80).
cost(1, 8, 80).
cost(1, 9, 66).
cost(1, 10, 81).
cost(1, 11, 51).
cost(1, 12, 44).
cost(1, 13, 31).
cost(1, 14, 39).
cost(1, 15, 92).
cost(1, 16, 79).
cost(1, 17, 79).
cost(1, 18, 90).
cost(1, 19, 49).
cost(1, 20, 60).
cost(1, 21, 48).
cost(1, 22, 46).
cost(2, 1, 17).
cost(2, 3, 15).
cost(2, 4, 16).
cost(2, 5, 77).
cost(2, 6, 70).
cost(2, 7, 88).
cost(2, 8, 88).
cost(2, 9, 72).
cost(2, 10, 88).
cost(2, 11, 42).
cost(2, 12, 33).
cost(2, 13, 22).
cost(2, 14, 27).
cost(2, 15, 89).
cost(2, 16, 77).
cost(2, 17, 78).
cost(2, 18, 89).
cost(2, 19, 65).
cost(2, 20, 75).
cost(2, 21, 61).
cost(2, 22, 57).
cost(3, 1, 4).
cost(3, 2, 15).
cost(3, 4, 7).
cost(3, 5, 67).
cost(3, 6, 64).
cost(3, 7, 77).
cost(3, 8, 77).
cost(3, 9, 64).
cost(3, 10, 78).
cost(3, 11, 47).
cost(3, 12, 40).
cost(3, 13, 27).
cost(3, 14, 36).
cost(3, 15, 88).
cost(3, 16, 75).
cost(3, 17, 75).
cost(3, 18, 87).
cost(3, 19, 49).
cost(3, 20, 60).
cost(3, 21, 47).
cost(3, 22, 45).
cost(4, 1, 3).
cost(4, 2, 16).
cost(4, 3, 7).
cost(4, 5, 74).
cost(4, 6, 70).
cost(4, 7, 83).
cost(4, 8, 83).
cost(4, 9, 70).
cost(4, 10, 84).
cost(4, 11, 52).
cost(4, 12, 45).
cost(4, 13, 32).
cost(4, 14, 40).
cost(4, 15, 95).
cost(4, 16, 82).
cost(4, 17, 82).
cost(4, 18, 93).
cost(4, 19, 51).
cost(4, 20, 63).
cost(4, 21, 51).
cost(4, 22, 49).
cost(5, 1, 70).
cost(5, 2, 77).
cost(5, 3, 67).
cost(5, 4, 74).
cost(5, 6, 15).
cost(5, 7, 14).
cost(5, 8, 14).
cost(5, 9, 5).
cost(5, 10, 13).
cost(5, 11, 59).
cost(5, 12, 65).
cost(5, 13, 61).
cost(5, 14, 70).
cost(5, 15, 50).
cost(5, 16, 38).
cost(5, 17, 37).
cost(5, 18, 42).
cost(5, 19, 58).
cost(5, 20, 46).
cost(5, 21, 36).
cost(5, 22, 31).
cost(6, 1, 67).
cost(6, 2, 70).
cost(6, 3, 64).
cost(6, 4, 70).
cost(6, 5, 15).
cost(6, 7, 28).
cost(6, 8, 29).
cost(6, 9, 11).
cost(6, 10, 26).
cost(6, 11, 46).
cost(6, 12, 54).
cost(6, 13, 52).
cost(6, 14, 59).
cost(6, 15, 38).
cost(6, 16, 24).
cost(6, 17, 23).
cost(6, 18, 31).
cost(6, 19, 66).
cost(6, 20, 57).
cost(6, 21, 44).
cost(6, 22, 36).
cost(7, 1, 80).
cost(7, 2, 88).
cost(7, 3, 77).
cost(7, 4, 83).
cost(7, 5, 14).
cost(7, 6, 28).
cost(7, 8, 1).
cost(7, 9, 19).
cost(7, 10, 4).
cost(7, 11, 73).
cost(7, 12, 79).
cost(7, 13, 74).
cost(7, 14, 84).
cost(7, 15, 60).
cost(7, 16, 50).
cost(7, 17, 48).
cost(7, 18, 51).
cost(7, 19, 59).
cost(7, 20, 44).
cost(7, 21, 39).
cost(7, 22, 36).
cost(8, 1, 80).
cost(8, 2, 88).
cost(8, 3, 77).
cost(8, 4, 83).
cost(8, 5, 14).
cost(8, 6, 29).
cost(8, 7, 1).
cost(8, 9, 20).
cost(8, 10, 5).
cost(8, 11, 73).
cost(8, 12, 79).
cost(8, 13, 74).
cost(8, 14, 84).
cost(8, 15, 61).
cost(8, 16, 51).
cost(8, 17, 49).
cost(8, 18, 52).
cost(8, 19, 58).
cost(8, 20, 43).
cost(8, 21, 38).
cost(8, 22, 35).
cost(9, 1, 66).
cost(9, 2, 72).
cost(9, 3, 64).
cost(9, 4, 70).
cost(9, 5, 5).
cost(9, 6, 11).
cost(9, 7, 19).
cost(9, 8, 20).
cost(9, 10, 18).
cost(9, 11, 54).
cost(9, 12, 60).
cost(9, 13, 56).
cost(9, 14, 65).
cost(9, 15, 48).
cost(9, 16, 35).
cost(9, 17, 33).
cost(9, 18, 40).
cost(9, 19, 58).
cost(9, 20, 47).
cost(9, 21, 36).
cost(9, 22, 29).
cost(10, 1, 81).
cost(10, 2, 88).
cost(10, 3, 78).
cost(10, 4, 84).
cost(10, 5, 13).
cost(10, 6, 26).
cost(10, 7, 4).
cost(10, 8, 5).
cost(10, 9, 18).
cost(10, 11, 72).
cost(10, 12, 78).
cost(10, 13, 74).
cost(10, 14, 83).
cost(10, 15, 57).
cost(10, 16, 47).
cost(10, 17, 45).
cost(10, 18, 48).
cost(10, 19, 62).
cost(10, 20, 47).
cost(10, 21, 42).
cost(10, 22, 38).
cost(11, 1, 51).
cost(11, 2, 42).
cost(11, 3, 47).
cost(11, 4, 52).
cost(11, 5, 59).
cost(11, 6, 46).
cost(11, 7, 73).
cost(11, 8, 73).
cost(11, 9, 54).
cost(11, 10, 72).
cost(11, 12, 10).
cost(11, 13, 20).
cost(11, 14, 18).
cost(11, 15, 50).
cost(11, 16, 41).
cost(11, 17, 42).
cost(11, 18, 52).
cost(11, 19, 82).
cost(11, 20, 83).
cost(11, 21, 66).
cost(11, 22, 59).
cost(12, 1, 44).
cost(12, 2, 33).
cost(12, 3, 40).
cost(12, 4, 45).
cost(12, 5, 65).
cost(12, 6, 54).
cost(12, 7, 79).
cost(12, 8, 79).
cost(12, 9, 60).
cost(12, 10, 78).
cost(12, 11, 10).
cost(12, 13, 14).
cost(12, 14, 8).
cost(12, 15, 60).
cost(12, 16, 51).
cost(12, 17, 52).
cost(12, 18, 62).
cost(12, 19, 80).
cost(12, 20, 84).
cost(12, 21, 67).
cost(12, 22, 60).
cost(13, 1, 31).
cost(13, 2, 22).
cost(13, 3, 27).
cost(13, 4, 32).
cost(13, 5, 61).
cost(13, 6, 52).
cost(13, 7, 74).
cost(13, 8, 74).
cost(13, 9, 56).
cost(13, 10, 74).
cost(13, 11, 20).
cost(13, 12, 14).
cost(13, 14, 12).
cost(13, 15, 67).
cost(13, 16, 56).
cost(13, 17, 56).
cost(13, 18, 67).
cost(13, 19, 68).
cost(13, 20, 73).
cost(13, 21, 57).
cost(13, 22, 50).
cost(14, 1, 39).
cost(14, 2, 27).
cost(14, 3, 36).
cost(14, 4, 40).
cost(14, 5, 70).
cost(14, 6, 59).
cost(14, 7, 84).
cost(14, 8, 84).
cost(14, 9, 65).
cost(14, 10, 83).
cost(14, 11, 18).
cost(14, 12, 8).
cost(14, 13, 12).
cost(14, 15, 68).
cost(14, 16, 59).
cost(14, 17, 60).
cost(14, 18, 70).
cost(14, 19, 79).
cost(14, 20, 84).
cost(14, 21, 68).
cost(14, 22, 62).
cost(15, 1, 92).
cost(15, 2, 89).
cost(15, 3, 88).
cost(15, 4, 95).
cost(15, 5, 50).
cost(15, 6, 38).
cost(15, 7, 60).
cost(15, 8, 61).
cost(15, 9, 48).
cost(15, 10, 57).
cost(15, 11, 50).
cost(15, 12, 60).
cost(15, 13, 67).
cost(15, 14, 68).
cost(15, 16, 14).
cost(15, 17, 15).
cost(15, 18, 10).
cost(15, 19, 103).
cost(15, 20, 94).
cost(15, 21, 81).
cost(15, 22, 73).
cost(16, 1, 79).
cost(16, 2, 77).
cost(16, 3, 75).
cost(16, 4, 82).
cost(16, 5, 38).
cost(16, 6, 24).
cost(16, 7, 50).
cost(16, 8, 51).
cost(16, 9, 35).
cost(16, 10, 47).
cost(16, 11, 41).
cost(16, 12, 51).
cost(16, 13, 56).
cost(16, 14, 59).
cost(16, 15, 14).
cost(16, 17, 2).
cost(16, 18, 12).
cost(16, 19, 88).
cost(16, 20, 81).
cost(16, 21, 67).
cost(16, 22, 59).
cost(17, 1, 79).
cost(17, 2, 78).
cost(17, 3, 75).
cost(17, 4, 82).
cost(17, 5, 37).
cost(17, 6, 23).
cost(17, 7, 48).
cost(17, 8, 49).
cost(17, 9, 33).
cost(17, 10, 45).
cost(17, 11, 42).
cost(17, 12, 52).
cost(17, 13, 56).
cost(17, 14, 60).
cost(17, 15, 15).
cost(17, 16, 2).
cost(17, 18, 11).
cost(17, 19, 88).
cost(17, 20, 80).
cost(17, 21, 66).
cost(17, 22, 58).
cost(18, 1, 90).
cost(18, 2, 89).
cost(18, 3, 87).
cost(18, 4, 93).
cost(18, 5, 42).
cost(18, 6, 31).
cost(18, 7, 51).
cost(18, 8, 52).
cost(18, 9, 40).
cost(18, 10, 48).
cost(18, 11, 52).
cost(18, 12, 62).
cost(18, 13, 67).
cost(18, 14, 70).
cost(18, 15, 10).
cost(18, 16, 12).
cost(18, 17, 11).
cost(18, 19, 97).
cost(18, 20, 87).
cost(18, 21, 75).
cost(18, 22, 67).
cost(19, 1, 49).
cost(19, 2, 65).
cost(19, 3, 49).
cost(19, 4, 51).
cost(19, 5, 58).
cost(19, 6, 66).
cost(19, 7, 59).
cost(19, 8, 58).
cost(19, 9, 58).
cost(19, 10, 62).
cost(19, 11, 82).
cost(19, 12, 80).
cost(19, 13, 68).
cost(19, 14, 79).
cost(19, 15, 103).
cost(19, 16, 88).
cost(19, 17, 88).
cost(19, 18, 97).
cost(19, 20, 18).
cost(19, 21, 22).
cost(19, 22, 30).
cost(20, 1, 60).
cost(20, 2, 75).
cost(20, 3, 60).
cost(20, 4, 63).
cost(20, 5, 46).
cost(20, 6, 57).
cost(20, 7, 44).
cost(20, 8, 43).
cost(20, 9, 47).
cost(20, 10, 47).
cost(20, 11, 83).
cost(20, 12, 84).
cost(20, 13, 73).
cost(20, 14, 84).
cost(20, 15, 94).
cost(20, 16, 81).
cost(20, 17, 80).
cost(20, 18, 87).
cost(20, 19, 18).
cost(20, 21, 16).
cost(20, 22, 24).
cost(21, 1, 48).
cost(21, 2, 61).
cost(21, 3, 47).
cost(21, 4, 51).
cost(21, 5, 36).
cost(21, 6, 44).
cost(21, 7, 39).
cost(21, 8, 38).
cost(21, 9, 36).
cost(21, 10, 42).
cost(21, 11, 66).
cost(21, 12, 67).
cost(21, 13, 57).
cost(21, 14, 68).
cost(21, 15, 81).
cost(21, 16, 67).
cost(21, 17, 66).
cost(21, 18, 75).
cost(21, 19, 22).
cost(21, 20, 16).
cost(21, 22, 8).
cost(22, 1, 46).
cost(22, 2, 57).
cost(22, 3, 45).
cost(22, 4, 49).
cost(22, 5, 31).
cost(22, 6, 36).
cost(22, 7, 36).
cost(22, 8, 35).
cost(22, 9, 29).
cost(22, 10, 38).
cost(22, 11, 59).
cost(22, 12, 60).
cost(22, 13, 50).
cost(22, 14, 62).
cost(22, 15, 73).
cost(22, 16, 59).
cost(22, 17, 58).
cost(22, 18, 67).
cost(22, 19, 30).
cost(22, 20, 24).
cost(22, 21, 8).
