dimension(22).
point(1, 26.7645371737, 22.2418527612).
point(2, 31.6869539478, 20.9251173191).
point(3, 21.6658196327, 27.1112343872).
point(4, 36.6606088481, 17.1409504585).
point(5, 32.2587723701, 27.9446081304).
point(6, 31.3363871434, 28.4367306178).
point(7, 45.3741571263, 38.5389242187).
point(8, 47.6009748868, 45.8296253272).
point(9, 52.9972754248, 45.2695448867).
point(10, 49.818410727, 39.5721573805).
point(11, 78.2998777819, 86.5412059599).
point(12, 74.3971984502, 97.8635806911).
point(13, 81.6998907552, 91.8981750269).
point(14, 78.432950195, 86.9526714303).
point(15, 1.9227109638, 69.1345232697).
point(16, 14.3988906366, 59.8704415905).
point(17, 14.4581153524, 62.6420201129).
point(18, 2.2259166739, 56.3239986752).
point(19, 83.8292700627, 10.264261578).
point(20, 95.3547936891, 19.5946151855).
point(21, 96.7587932169, 24.9215115357).
point(22, 74.4360297451, 18.6372600703).
cost(1, 2, 5).
cost(1, 3, 7).
cost(1, 4, 11).
cost(1, 5, 8).
cost(1, 6, 8).
cost(1, 7, 25).
cost(1, 8, 31).
cost(1, 9, 35).
cost(1, 10, 29).
cost(1, 11, 82).
cost(1, 12, 89).
cost(1, 13, 89).
cost(1, 14, 83).
cost(1, 15, 53).
cost(1, 16, 40).
cost(1, 17, 42).
cost(1, 18, 42).
cost(1, 19, 58).
cost(1, 20, 69).
cost(1, 21, 70).
cost(1, 22, 48).
cost(2, 1, 5).
cost(2, 3, 12).
cost(2, 4, 6).
cost(2, 5, 7).
cost(2, 6, 8).
cost(2, 7, 22).
cost(2, 8, 30).
cost(2, 9, 32).
cost(2, 10, 26).
cost(2, 11, 80).
cost(2, 12, 88).
cost(2, 13, 87).
cost(2, 14, 81).
cost(2, 15, 57).
cost(2, 16, 43).
cost(2, 17, 45).
cost(2, 18, 46).
cost(2, 19, 53).
cost(2, 20, 64).
cost(2, 21, 65).
cost(2, 22, 43).
cost(3, 1, 7).
cost(3, 2, 12).
cost(3, 4, 18).
cost(3, 5, 11).
cost(3, 6, 10).
cost(3, 7, 26).
cost(3, 8, 32).
cost(3, 9, 36).
cost(3, 10, 31).
cost(3, 11, 82).
cost(3, 12, 88).
cost(3, 13, 88).
cost(3, 14, 82).
cost(3, 15, 46).
cost(3, 16, 34).
cost(3, 17, 36).
cost(3, 18, 35).
cost(3, 19, 64).
cost(3, 20, 74).
cost(3, 21, 75).
cost(3, 22, 53).
cost(4, 1, 11).
cost(4, 2, 6).
cost(4, 3, 18).
cost(4, 5, 12).
cost(4, 6, 12).
cost(4, 7, 23).
cost(4, 8, 31).
cost(4, 9, 33).
cost(4, 10, 26).
cost(4, 11, 81).
cost(4, 12, 89).
cost(4, 13, 87).
cost(4, 14, 81).
cost(4, 15, 63).
cost(4, 16, 48).
cost(4, 17, 51).
cost(4, 18, 52).
cost(4, 19, 48).
cost(4, 20, 59).
cost(4, 21, 61).
cost(4, 22, 38).
cost(5, 1, 8).
cost(5, 2, 7).
cost(5, 3, 11).
cost(5, 4, 12).
cost(5, 6, 1).
cost(5, 7, 17).
cost(5, 8, 24).
cost(5, 9, 27).
cost(5, 10, 21).
cost(5, 11, 75).
cost(5, 12, 82).
cost(5, 13, 81).
cost(5, 14, 75).
cost(5, 15, 51).
cost(5, 16, 37).
cost(5, 17, 39).
cost(5, 18, 41).
cost(5, 19, 55).
cost(5, 20, 64).
cost(5, 21, 65).
cost(5, 22, 43).
cost(6, 1, 8).
cost(6, 2, 8).
cost(6, 3, 10).
cost(6, 4, 12).
cost(6, 5, 1).
cost(6, 7, 17).
cost(6, 8, 24).
cost(6, 9, 27).
cost(6, 10, 22).
cost(6, 11, 75).
cost(6, 12, 82).
cost(6, 13, 81).
cost(6, 14, 75).
cost(6, 15, 50).
cost(6, 16, 36).
cost(6, 17, 38).
cost(6, 18, 40).
cost(6, 19, 56).
cost(6, 20, 65).
cost(6, 21, 66).
cost(6, 22, 44).
cost(7, 1, 25).
cost(7, 2, 22).
cost(7, 3, 26).
cost(7, 4, 23).
cost(7, 5, 17).
cost(7, 6, 17).
cost(7, 8, 8).
cost(7, 9, 10).
cost(7, 10, 5).
cost(7, 11, 58).
cost(7, 12, 66).
cost(7, 13, 65).
cost(7, 14, 59).
cost(7, 15, 53).
cost(7, 16, 38).
cost(7, 17, 39).
cost(7, 18, 47).
cost(7, 19, 48).
cost(7, 20, 53).
cost(7, 21, 53).
cost(7, 22, 35).
cost(8, 1, 31).
cost(8, 2, 30).
cost(8, 3, 32).
cost(8, 4, 31).
cost(8, 5, 24).
cost(8, 6, 24).
cost(8, 7, 8).
cost(8, 9, 5).
cost(8, 10, 7).
cost(8, 11, 51).
cost(8, 12, 59).
cost(8, 13, 57).
cost(8, 14, 51).
cost(8, 15, 51).
cost(8, 16, 36).
cost(8, 17, 37).
cost(8, 18, 47).
cost(8, 19, 51).
cost(8, 20, 54).
cost(8, 21, 53).
cost(8, 22, 38).
cost(9, 1, 35).
cost(9, 2, 32).
cost(9, 3, 36).
cost(9, 4, 33).
cost(9, 5, 27).
cost(9, 6, 27).
cost(9, 7, 10).
cost(9, 8, 5).
cost(9, 10, 7).
cost(9, 11, 48).
cost(9, 12, 57).
cost(9, 13, 55).
cost(9, 14, 49).
cost(9, 15, 56).
cost(9, 16, 41).
cost(9, 17, 42).
cost(9, 18, 52).
cost(9, 19, 47).
cost(9, 20, 50).
cost(9, 21, 48).
cost(9, 22, 34).
cost(10, 1, 29).
cost(10, 2, 26).
cost(10, 3, 31).
cost(10, 4, 26).
cost(10, 5, 21).
cost(10, 6, 22).
cost(10, 7, 5).
cost(10, 8, 7).
cost(10, 9, 7).
cost(10, 11, 55).
cost(10, 12, 63).
cost(10, 13, 61).
cost(10, 14, 55).
cost(10, 15, 56).
cost(10, 16, 41).
cost(10, 17, 42).
cost(10, 18, 50).
cost(10, 19, 45).
cost(10, 20, 50).
cost(10, 21, 49).
cost(10, 22, 32).
cost(11, 1, 82).
cost(11, 2, 80).
cost(11, 3, 82).
cost(11, 4, 81).
cost(11, 5, 75).
cost(11, 6, 75).
cost(11, 7, 58).
cost(11, 8, 51).
cost(11, 9, 48).
cost(11, 10, 55).
cost(11, 12, 12).
cost(11, 13, 6).
cost(11, 14, 0).
cost(11, 15, 78).
cost(11, 16, 69).
cost(11, 17, 68).
cost(11, 18, 82).
cost(11, 19, 76).
cost(11, 20, 69).
cost(11, 21, 64).
cost(11, 22, 68).
cost(12, 1, 89).
cost(12, 2, 88).
cost(12, 3, 88).
cost(12, 4, 89).
cost(12, 5, 82).
cost(12, 6, 82).
cost(12, 7, 66).
cost(12, 8, 59).
cost(12, 9, 57).
cost(12, 10, 63).
cost(12, 11, 12).
cost(12, 13, 9).
cost(12, 14, 12).
cost(12, 15, 78).
cost(12, 16, 71).
cost(12, 17, 70).
cost(12, 18, 83).
cost(12, 19, 88).
cost(12, 20, 81).
cost(12, 21, 76).
cost(12, 22, 79).
cost(13, 1, 89).
cost(13, 2, 87).
cost(13, 3, 88).
cost(13, 4, 87).
cost(13, 5, 81).
cost(13, 6, 81).
cost(13, 7, 65).
cost(13, 8, 57).
cost(13, 9, 55).
cost(13, 10, 61).
cost(13, 11, 6).
cost(13, 12, 9).
cost(13, 14, 6).
cost(13, 15, 83).
cost(13, 16, 75).
cost(13, 17, 73).
cost(13, 18, 87).
cost(13, 19, 82).
cost(13, 20, 74).
cost(13, 21, 69).
cost(13, 22, 74).
cost(14, 1, 83).
cost(14, 2, 81).
cost(14, 3, 82).
cost(14, 4, 81).
cost(14, 5, 75).
cost(14, 6, 75).
cost(14, 7, 59).
cost(14, 8, 51).
cost(14, 9, 49).
cost(14, 10, 55).
cost(14, 11, 0).
cost(14, 12, 12).
cost(14, 13, 6).
cost(14, 15, 79).
cost(14, 16, 70).
cost(14, 17, 68).
cost(14, 18, 82).
cost(14, 19, 77).
cost(14, 20, 69).
cost(14, 21, 65).
cost(14, 22, 68).
cost(15, 1, 53).
cost(15, 2, 57).
cost(15, 3, 46).
cost(15, 4, 63).
cost(15, 5, 51).
cost(15, 6, 50).
cost(15, 7, 53).
cost(15, 8, 51).
cost(15, 9, 56).
cost(15, 10, 56).
cost(15, 11, 78).
cost(15, 12, 78).
cost(15, 13, 83).
cost(15, 14, 79).
cost(15, 16, 16).
cost(15, 17, 14).
cost(15, 18, 13).
cost(15, 19, 101).
cost(15, 20, 106).
cost(15, 21, 105).
cost(15, 22, 88).
cost(16, 1, 40).
cost(16, 2, 43).
cost(16, 3, 34).
cost(16, 4, 48).
cost(16, 5, 37).
cost(16, 6, 36).
cost(16, 7, 38).
cost(16, 8, 36).
cost(16, 9, 41).
cost(16, 10, 41).
cost(16, 11, 69).
cost(16, 12, 71).
cost(16, 13, 75).
cost(16, 14, 70).
cost(16, 15, 16).
cost(16, 17, 3).
cost(16, 18, 13).
cost(16, 19, 85).
cost(16, 20, 90).
cost(16, 21, 89).
cost(16, 22, 73).
cost(17, 1, 42).
cost(17, 2, 45).
cost(17, 3, 36).
cost(17, 4, 51).
cost(17, 5, 39).
cost(17, 6, 38).
cost(17, 7, 39).
cost(17, 8, 37).
cost(17, 9, 42).
cost(17, 10, 42).
cost(17, 11, 68).
cost(17, 12, 70).
cost(17, 13, 73).
cost(17, 14, 68).
cost(17, 15, 14).
cost(17, 16, 3).
cost(17, 18, 14).
cost(17, 19, 87).
cost(17, 20, 92).
cost(17, 21, 91).
cost(17, 22, 74).
cost(18, 1, 42).
cost(18, 2, 46).
cost(18, 3, 35).
cost(18, 4, 52).
cost(18, 5, 41).
cost(18, 6, 40).
cost(18, 7, 47).
cost(18, 8, 47).
cost(18, 9, 52).
cost(18, 10, 50).
cost(18, 11, 82).
cost(18, 12, 83).
cost(18, 13, 87).
cost(18, 14, 82).
cost(18, 15, 13).
cost(18, 16, 13).
cost(18, 17, 14).
cost(18, 19, 94).
cost(18, 20, 100).
cost(18, 21, 100).
cost(18, 22, 81).
cost(19, 1, 58).
cost(19, 2, 53).
cost(19, 3, 64).
cost(19, 4, 48).
cost(19, 5, 55).
cost(19, 6, 56).
cost(19, 7, 48).
cost(19, 8, 51).
cost(19, 9, 47).
cost(19, 10, 45).
cost(19, 11, 76).
cost(19, 12, 88).
cost(19, 13, 82).
cost(19, 14, 77).
cost(19, 15, 101).
cost(19, 16, 85).
cost(19, 17, 87).
cost(19, 18, 94).
cost(19, 20, 15).
cost(19, 21, 20).
cost(19, 22, 13).
cost(20, 1, 69).
cost(20, 2, 64).
cost(20, 3, 74).
cost(20, 4, 59).
cost(20, 5, 64).
cost(20, 6, 65).
cost(20, 7, 53).
cost(20, 8, 54).
cost(20, 9, 50).
cost(20, 10, 50).
cost(20, 11, 69).
cost(20, 12, 81).
cost(20, 13, 74).
cost(20, 14, 69).
cost(20, 15, 106).
cost(20, 16, 90).
cost(20, 17, 92).
cost(20, 18, 100).
cost(20, 19, 15).
cost(20, 21, 6).
cost(20, 22, 21).
cost(21, 1, 70).
cost(21, 2, 65).
cost(21, 3, 75).
cost(21, 4, 61).
cost(21, 5, 65).
cost(21, 6, 66).
cost(21, 7, 53).
cost(21, 8, 53).
cost(21, 9, 48).
cost(21, 10, 49).
cost(21, 11, 64).
cost(21, 12, 76).
cost(21, 13, 69).
cost(21, 14, 65).
cost(21, 15, 105).
cost(21, 16, 89).
cost(21, 17, 91).
cost(21, 18, 100).
cost(21, 19, 20).
cost(21, 20, 6).
cost(21, 22, 23).
cost(22, 1, 48).
cost(22, 2, 43).
cost(22, 3, 53).
cost(22, 4, 38).
cost(22, 5, 43).
cost(22, 6, 44).
cost(22, 7, 35).
cost(22, 8, 38).
cost(22, 9, 34).
cost(22, 10, 32).
cost(22, 11, 68).
cost(22, 12, 79).
cost(22, 13, 74).
cost(22, 14, 68).
cost(22, 15, 88).
cost(22, 16, 73).
cost(22, 17, 74).
cost(22, 18, 81).
cost(22, 19, 13).
cost(22, 20, 21).
cost(22, 21, 23).
