dimension(28).
point(1, 6.4586794994, 39.1348955828).
point(2, 5.6471608625, 37.8200205466).
point(3, 0.089258776, 39.8008310187).
point(4, 4.944124199, 30.7958944055).
point(5, 6.1716030703, 40.2759112474).
point(6, 15.548695958, 37.5857604234).
point(7, 0.4945682378, 33.0333768811).
point(8, 1.1582286552, 52.5150239498).
point(9, 50.9177019147, 77.6349024212).
point(10, 49.3899628973, 85.8138284298).
point(11, 49.565251109, 90.0796038744).
point(12, 47.2300266709, 80.3287266688).
point(13, 49.3259441781, 75.9511270829).
point(14, 53.7990101979, 63.3851403051).
point(15, 64.3498840443, 56.7818138086).
point(16, 61.3689185563, 64.0265133065).
point(17, 64.549773787, 58.4904735569).
point(18, 66.0020752582, 66.7996976699).
point(19, 87.6590453862, 9.2639987289).
point(20, 85.9956672517, 9.1870688496).
point(21, 85.5535839814, 6.8450735348).
point(22, 80.0638432055, 2.1643536248).
point(23, 94.6016639355, 17.375770998).
point(24, 19.8175140573, 64.8916884026).
point(25, 26.5256767039, 56.3980055427).
point(26, 33.9841098626, 48.0362224451).
point(27, 27.899711524, 62.4406679917).
point(28, 25.2359525056, 67.8012235182).
cost(1, 2, 2).
cost(1, 3, 6).
cost(1, 4, 8).
cost(1, 5, 1).
cost(1, 6, 9).
cost(1, 7, 9).
cost(1, 8, 14).
cost(1, 9, 59).
cost(1, 10, 63).
cost(1, 11, 67).
cost(1, 12, 58).
cost(1, 13, 57).
cost(1, 14, 53).
cost(1, 15, 61).
cost(1, 16, 60).
cost(1, 17, 61).
cost(1, 18, 66).
cost(1, 19, 87).
cost(1, 20, 85).
cost(1, 21, 85).
cost(1, 22, 82).
cost(1, 23, 91).
cost(1, 24, 29).
cost(1, 25, 26).
cost(1, 26, 29).
cost(1, 27, 32).
cost(1, 28, 34).
cost(2, 1, 2).
cost(2, 3, 6).
cost(2, 4, 7).
cost(2, 5, 3).
cost(2, 6, 10).
cost(2, 7, 7).
cost(2, 8, 15).
cost(2, 9, 60).
cost(2, 10, 65).
cost(2, 11, 68).
cost(2, 12, 59).
cost(2, 13, 58).
cost(2, 14, 55).
cost(2, 15, 62).
cost(2, 16, 62).
cost(2, 17, 62).
cost(2, 18, 67).
cost(2, 19, 87).
cost(2, 20, 85).
cost(2, 21, 86).
cost(2, 22, 83).
cost(2, 23, 91).
cost(2, 24, 31).
cost(2, 25, 28).
cost(2, 26, 30).
cost(2, 27, 33).
cost(2, 28, 36).
cost(3, 1, 6).
cost(3, 2, 6).
cost(3, 4, 10).
cost(3, 5, 6).
cost(3, 6, 16).
cost(3, 7, 7).
cost(3, 8, 13).
cost(3, 9, 63).
cost(3, 10, 67).
cost(3, 11, 71).
cost(3, 12, 62).
cost(3, 13, 61).
cost(3, 14, 59).
cost(3, 15, 66).
cost(3, 16, 66).
cost(3, 17, 67).
cost(3, 18, 71).
cost(3, 19, 93).
cost(3, 20, 91).
cost(3, 21, 92).
cost(3, 22, 88).
cost(3, 23, 97).
cost(3, 24, 32).
cost(3, 25, 31).
cost(3, 26, 35).
cost(3, 27, 36).
cost(3, 28, 38).
cost(4, 1, 8).
cost(4, 2, 7).
cost(4, 3, 10).
cost(4, 5, 10).
cost(4, 6, 13).
cost(4, 7, 5).
cost(4, 8, 22).
cost(4, 9, 66).
cost(4, 10, 71).
cost(4, 11, 74).
cost(4, 12, 65).
cost(4, 13, 63).
cost(4, 14, 59).
cost(4, 15, 65).
cost(4, 16, 65).
cost(4, 17, 66).
cost(4, 18, 71).
cost(4, 19, 85).
cost(4, 20, 84).
cost(4, 21, 84).
cost(4, 22, 80).
cost(4, 23, 91).
cost(4, 24, 37).
cost(4, 25, 33).
cost(4, 26, 34).
cost(4, 27, 39).
cost(4, 28, 42).
cost(5, 1, 1).
cost(5, 2, 3).
cost(5, 3, 6).
cost(5, 4, 10).
cost(5, 6, 10).
cost(5, 7, 9).
cost(5, 8, 13).
cost(5, 9, 58).
cost(5, 10, 63).
cost(5, 11, 66).
cost(5, 12, 57).
cost(5, 13, 56).
cost(5, 14, 53).
cost(5, 15, 60).
cost(5, 16, 60).
cost(5, 17, 61).
cost(5, 18, 65).
cost(5, 19, 87).
cost(5, 20, 86).
cost(5, 21, 86).
cost(5, 22, 83).
cost(5, 23, 91).
cost(5, 24, 28).
cost(5, 25, 26).
cost(5, 26, 29).
cost(5, 27, 31).
cost(5, 28, 33).
cost(6, 1, 9).
cost(6, 2, 10).
cost(6, 3, 16).
cost(6, 4, 13).
cost(6, 5, 10).
cost(6, 7, 16).
cost(6, 8, 21).
cost(6, 9, 53).
cost(6, 10, 59).
cost(6, 11, 63).
cost(6, 12, 53).
cost(6, 13, 51).
cost(6, 14, 46).
cost(6, 15, 52).
cost(6, 16, 53).
cost(6, 17, 53).
cost(6, 18, 58).
cost(6, 19, 77).
cost(6, 20, 76).
cost(6, 21, 76).
cost(6, 22, 74).
cost(6, 23, 82).
cost(6, 24, 28).
cost(6, 25, 22).
cost(6, 26, 21).
cost(6, 27, 28).
cost(6, 28, 32).
cost(7, 1, 9).
cost(7, 2, 7).
cost(7, 3, 7).
cost(7, 4, 5).
cost(7, 5, 9).
cost(7, 6, 16).
cost(7, 8, 19).
cost(7, 9, 67).
cost(7, 10, 72).
cost(7, 11, 75).
cost(7, 12, 66).
cost(7, 13, 65).
cost(7, 14, 61).
cost(7, 15, 68).
cost(7, 16, 68).
cost(7, 17, 69).
cost(7, 18, 74).
cost(7, 19, 90).
cost(7, 20, 89).
cost(7, 21, 89).
cost(7, 22, 85).
cost(7, 23, 95).
cost(7, 24, 37).
cost(7, 25, 35).
cost(7, 26, 37).
cost(7, 27, 40).
cost(7, 28, 43).
cost(8, 1, 14).
cost(8, 2, 15).
cost(8, 3, 13).
cost(8, 4, 22).
cost(8, 5, 13).
cost(8, 6, 21).
cost(8, 7, 19).
cost(8, 9, 56).
cost(8, 10, 59).
cost(8, 11, 61).
cost(8, 12, 54).
cost(8, 13, 54).
cost(8, 14, 54).
cost(8, 15, 63).
cost(8, 16, 61).
cost(8, 17, 64).
cost(8, 18, 66).
cost(8, 19, 97).
cost(8, 20, 95).
cost(8, 21, 96).
cost(8, 22, 94).
cost(8, 23, 100).
cost(8, 24, 22).
cost(8, 25, 26).
cost(8, 26, 33).
cost(8, 27, 29).
cost(8, 28, 29).
cost(9, 1, 59).
cost(9, 2, 60).
cost(9, 3, 63).
cost(9, 4, 66).
cost(9, 5, 58).
cost(9, 6, 53).
cost(9, 7, 67).
cost(9, 8, 56).
cost(9, 10, 8).
cost(9, 11, 13).
cost(9, 12, 5).
cost(9, 13, 2).
cost(9, 14, 15).
cost(9, 15, 25).
cost(9, 16, 17).
cost(9, 17, 24).
cost(9, 18, 19).
cost(9, 19, 78).
cost(9, 20, 77).
cost(9, 21, 79).
cost(9, 22, 81).
cost(9, 23, 74).
cost(9, 24, 34).
cost(9, 25, 32).
cost(9, 26, 34).
cost(9, 27, 28).
cost(9, 28, 28).
cost(10, 1, 63).
cost(10, 2, 65).
cost(10, 3, 67).
cost(10, 4, 71).
cost(10, 5, 63).
cost(10, 6, 59).
cost(10, 7, 72).
cost(10, 8, 59).
cost(10, 9, 8).
cost(10, 11, 4).
cost(10, 12, 6).
cost(10, 13, 10).
cost(10, 14, 23).
cost(10, 15, 33).
cost(10, 16, 25).
cost(10, 17, 31).
cost(10, 18, 25).
cost(10, 19, 86).
cost(10, 20, 85).
cost(10, 21, 87).
cost(10, 22, 89).
cost(10, 23, 82).
cost(10, 24, 36).
cost(10, 25, 37).
cost(10, 26, 41).
cost(10, 27, 32).
cost(10, 28, 30).
cost(11, 1, 67).
cost(11, 2, 68).
cost(11, 3, 71).
cost(11, 4, 74).
cost(11, 5, 66).
cost(11, 6, 63).
cost(11, 7, 75).
cost(11, 8, 61).
cost(11, 9, 13).
cost(11, 10, 4).
cost(11, 12, 10).
cost(11, 13, 14).
cost(11, 14, 27).
cost(11, 15, 36).
cost(11, 16, 29).
cost(11, 17, 35).
cost(11, 18, 28).
cost(11, 19, 89).
cost(11, 20, 89).
cost(11, 21, 91).
cost(11, 22, 93).
cost(11, 23, 86).
cost(11, 24, 39).
cost(11, 25, 41).
cost(11, 26, 45).
cost(11, 27, 35).
cost(11, 28, 33).
cost(12, 1, 58).
cost(12, 2, 59).
cost(12, 3, 62).
cost(12, 4, 65).
cost(12, 5, 57).
cost(12, 6, 53).
cost(12, 7, 66).
cost(12, 8, 54).
cost(12, 9, 5).
cost(12, 10, 6).
cost(12, 11, 10).
cost(12, 13, 5).
cost(12, 14, 18).
cost(12, 15, 29).
cost(12, 16, 22).
cost(12, 17, 28).
cost(12, 18, 23).
cost(12, 19, 82).
cost(12, 20, 81).
cost(12, 21, 83).
cost(12, 22, 85).
cost(12, 23, 79).
cost(12, 24, 31).
cost(12, 25, 32).
cost(12, 26, 35).
cost(12, 27, 26).
cost(12, 28, 25).
cost(13, 1, 57).
cost(13, 2, 58).
cost(13, 3, 61).
cost(13, 4, 63).
cost(13, 5, 56).
cost(13, 6, 51).
cost(13, 7, 65).
cost(13, 8, 54).
cost(13, 9, 2).
cost(13, 10, 10).
cost(13, 11, 14).
cost(13, 12, 5).
cost(13, 14, 13).
cost(13, 15, 24).
cost(13, 16, 17).
cost(13, 17, 23).
cost(13, 18, 19).
cost(13, 19, 77).
cost(13, 20, 76).
cost(13, 21, 78).
cost(13, 22, 80).
cost(13, 23, 74).
cost(13, 24, 32).
cost(13, 25, 30).
cost(13, 26, 32).
cost(13, 27, 25).
cost(13, 28, 25).
cost(14, 1, 53).
cost(14, 2, 55).
cost(14, 3, 59).
cost(14, 4, 59).
cost(14, 5, 53).
cost(14, 6, 46).
cost(14, 7, 61).
cost(14, 8, 54).
cost(14, 9, 15).
cost(14, 10, 23).
cost(14, 11, 27).
cost(14, 12, 18).
cost(14, 13, 13).
cost(14, 15, 12).
cost(14, 16, 8).
cost(14, 17, 12).
cost(14, 18, 13).
cost(14, 19, 64).
cost(14, 20, 63).
cost(14, 21, 65).
cost(14, 22, 67).
cost(14, 23, 61).
cost(14, 24, 34).
cost(14, 25, 28).
cost(14, 26, 25).
cost(14, 27, 26).
cost(14, 28, 29).
cost(15, 1, 61).
cost(15, 2, 62).
cost(15, 3, 66).
cost(15, 4, 65).
cost(15, 5, 60).
cost(15, 6, 52).
cost(15, 7, 68).
cost(15, 8, 63).
cost(15, 9, 25).
cost(15, 10, 33).
cost(15, 11, 36).
cost(15, 12, 29).
cost(15, 13, 24).
cost(15, 14, 12).
cost(15, 16, 8).
cost(15, 17, 2).
cost(15, 18, 10).
cost(15, 19, 53).
cost(15, 20, 52).
cost(15, 21, 54).
cost(15, 22, 57).
cost(15, 23, 50).
cost(15, 24, 45).
cost(15, 25, 38).
cost(15, 26, 32).
cost(15, 27, 37).
cost(15, 28, 41).
cost(16, 1, 60).
cost(16, 2, 62).
cost(16, 3, 66).
cost(16, 4, 65).
cost(16, 5, 60).
cost(16, 6, 53).
cost(16, 7, 68).
cost(16, 8, 61).
cost(16, 9, 17).
cost(16, 10, 25).
cost(16, 11, 29).
cost(16, 12, 22).
cost(16, 13, 17).
cost(16, 14, 8).
cost(16, 15, 8).
cost(16, 17, 6).
cost(16, 18, 5).
cost(16, 19, 61).
cost(16, 20, 60).
cost(16, 21, 62).
cost(16, 22, 65).
cost(16, 23, 57).
cost(16, 24, 42).
cost(16, 25, 36).
cost(16, 26, 32).
cost(16, 27, 34).
cost(16, 28, 36).
cost(17, 1, 61).
cost(17, 2, 62).
cost(17, 3, 67).
cost(17, 4, 66).
cost(17, 5, 61).
cost(17, 6, 53).
cost(17, 7, 69).
cost(17, 8, 64).
cost(17, 9, 24).
cost(17, 10, 31).
cost(17, 11, 35).
cost(17, 12, 28).
cost(17, 13, 23).
cost(17, 14, 12).
cost(17, 15, 2).
cost(17, 16, 6).
cost(17, 18, 8).
cost(17, 19, 54).
cost(17, 20, 54).
cost(17, 21, 56).
cost(17, 22, 58).
cost(17, 23, 51).
cost(17, 24, 45).
cost(17, 25, 38).
cost(17, 26, 32).
cost(17, 27, 37).
cost(17, 28, 40).
cost(18, 1, 66).
cost(18, 2, 67).
cost(18, 3, 71).
cost(18, 4, 71).
cost(18, 5, 65).
cost(18, 6, 58).
cost(18, 7, 74).
cost(18, 8, 66).
cost(18, 9, 19).
cost(18, 10, 25).
cost(18, 11, 28).
cost(18, 12, 23).
cost(18, 13, 19).
cost(18, 14, 13).
cost(18, 15, 10).
cost(18, 16, 5).
cost(18, 17, 8).
cost(18, 19, 61).
cost(18, 20, 61).
cost(18, 21, 63).
cost(18, 22, 66).
cost(18, 23, 57).
cost(18, 24, 46).
cost(18, 25, 41).
cost(18, 26, 37).
cost(18, 27, 38).
cost(18, 28, 41).
cost(19, 1, 87).
cost(19, 2, 87).
cost(19, 3, 93).
cost(19, 4, 85).
cost(19, 5, 87).
cost(19, 6, 77).
cost(19, 7, 90).
cost(19, 8, 97).
cost(19, 9, 78).
cost(19, 10, 86).
cost(19, 11, 89).
cost(19, 12, 82).
cost(19, 13, 77).
cost(19, 14, 64).
cost(19, 15, 53).
cost(19, 16, 61).
cost(19, 17, 54).
cost(19, 18, 61).
cost(19, 20, 2).
cost(19, 21, 3).
cost(19, 22, 10).
cost(19, 23, 11).
cost(19, 24, 88).
cost(19, 25, 77).
cost(19, 26, 66).
cost(19, 27, 80).
cost(19, 28, 86).
cost(20, 1, 85).
cost(20, 2, 85).
cost(20, 3, 91).
cost(20, 4, 84).
cost(20, 5, 86).
cost(20, 6, 76).
cost(20, 7, 89).
cost(20, 8, 95).
cost(20, 9, 77).
cost(20, 10, 85).
cost(20, 11, 89).
cost(20, 12, 81).
cost(20, 13, 76).
cost(20, 14, 63).
cost(20, 15, 52).
cost(20, 16, 60).
cost(20, 17, 54).
cost(20, 18, 61).
cost(20, 19, 2).
cost(20, 21, 2).
cost(20, 22, 9).
cost(20, 23, 12).
cost(20, 24, 87).
cost(20, 25, 76).
cost(20, 26, 65).
cost(20, 27, 79).
cost(20, 28, 84).
cost(21, 1, 85).
cost(21, 2, 86).
cost(21, 3, 92).
cost(21, 4, 84).
cost(21, 5, 86).
cost(21, 6, 76).
cost(21, 7, 89).
cost(21, 8, 96).
cost(21, 9, 79).
cost(21, 10, 87).
cost(21, 11, 91).
cost(21, 12, 83).
cost(21, 13, 78).
cost(21, 14, 65).
cost(21, 15, 54).
cost(21, 16, 62).
cost(21, 17, 56).
cost(21, 18, 63).
cost(21, 19, 3).
cost(21, 20, 2).
cost(21, 22, 7).
cost(21, 23, 14).
cost(21, 24, 88).
cost(21, 25, 77).
cost(21, 26, 66).
cost(21, 27, 80).
cost(21, 28, 86).
cost(22, 1, 82).
cost(22, 2, 83).
cost(22, 3, 88).
cost(22, 4, 80).
cost(22, 5, 83).
cost(22, 6, 74).
cost(22, 7, 85).
cost(22, 8, 94).
cost(22, 9, 81).
cost(22, 10, 89).
cost(22, 11, 93).
cost(22, 12, 85).
cost(22, 13, 80).
cost(22, 14, 67).
cost(22, 15, 57).
cost(22, 16, 65).
cost(22, 17, 58).
cost(22, 18, 66).
cost(22, 19, 10).
cost(22, 20, 9).
cost(22, 21, 7).
cost(22, 23, 21).
cost(22, 24, 87).
cost(22, 25, 76).
cost(22, 26, 65).
cost(22, 27, 80).
cost(22, 28, 86).
cost(23, 1, 91).
cost(23, 2, 91).
cost(23, 3, 97).
cost(23, 4, 91).
cost(23, 5, 91).
cost(23, 6, 82).
cost(23, 7, 95).
cost(23, 8, 100).
cost(23, 9, 74).
cost(23, 10, 82).
cost(23, 11, 86).
cost(23, 12, 79).
cost(23, 13, 74).
cost(23, 14, 61).
cost(23, 15, 50).
cost(23, 16, 57).
cost(23, 17, 51).
cost(23, 18, 57).
cost(23, 19, 11).
cost(23, 20, 12).
cost(23, 21, 14).
cost(23, 22, 21).
cost(23, 24, 89).
cost(23, 25, 78).
cost(23, 26, 68).
cost(23, 27, 80).
cost(23, 28, 86).
cost(24, 1, 29).
cost(24, 2, 31).
cost(24, 3, 32).
cost(24, 4, 37).
cost(24, 5, 28).
cost(24, 6, 28).
cost(24, 7, 37).
cost(24, 8, 22).
cost(24, 9, 34).
cost(24, 10, 36).
cost(24, 11, 39).
cost(24, 12, 31).
cost(24, 13, 32).
cost(24, 14, 34).
cost(24, 15, 45).
cost(24, 16, 42).
cost(24, 17, 45).
cost(24, 18, 46).
cost(24, 19, 88).
cost(24, 20, 87).
cost(24, 21, 88).
cost(24, 22, 87).
cost(24, 23, 89).
cost(24, 25, 11).
cost(24, 26, 22).
cost(24, 27, 8).
cost(24, 28, 6).
cost(25, 1, 26).
cost(25, 2, 28).
cost(25, 3, 31).
cost(25, 4, 33).
cost(25, 5, 26).
cost(25, 6, 22).
cost(25, 7, 35).
cost(25, 8, 26).
cost(25, 9, 32).
cost(25, 10, 37).
cost(25, 11, 41).
cost(25, 12, 32).
cost(25, 13, 30).
cost(25, 14, 28).
cost(25, 15, 38).
cost(25, 16, 36).
cost(25, 17, 38).
cost(25, 18, 41).
cost(25, 19, 77).
cost(25, 20, 76).
cost(25, 21, 77).
cost(25, 22, 76).
cost(25, 23, 78).
cost(25, 24, 11).
cost(25, 26, 11).
cost(25, 27, 6).
cost(25, 28, 11).
cost(26, 1, 29).
cost(26, 2, 30).
cost(26, 3, 35).
cost(26, 4, 34).
cost(26, 5, 29).
cost(26, 6, 21).
cost(26, 7, 37).
cost(26, 8, 33).
cost(26, 9, 34).
cost(26, 10, 41).
cost(26, 11, 45).
cost(26, 12, 35).
cost(26, 13, 32).
cost(26, 14, 25).
cost(26, 15, 32).
cost(26, 16, 32).
cost(26, 17, 32).
cost(26, 18, 37).
cost(26, 19, 66).
cost(26, 20, 65).
cost(26, 21, 66).
cost(26, 22, 65).
cost(26, 23, 68).
cost(26, 24, 22).
cost(26, 25, 11).
cost(26, 27, 16).
cost(26, 28, 22).
cost(27, 1, 32).
cost(27, 2, 33).
cost(27, 3, 36).
cost(27, 4, 39).
cost(27, 5, 31).
cost(27, 6, 28).
cost(27, 7, 40).
cost(27, 8, 29).
cost(27, 9, 28).
cost(27, 10, 32).
cost(27, 11, 35).
cost(27, 12, 26).
cost(27, 13, 25).
cost(27, 14, 26).
cost(27, 15, 37).
cost(27, 16, 34).
cost(27, 17, 37).
cost(27, 18, 38).
cost(27, 19, 80).
cost(27, 20, 79).
cost(27, 21, 80).
cost(27, 22, 80).
cost(27, 23, 80).
cost(27, 24, 8).
cost(27, 25, 6).
cost(27, 26, 16).
cost(27, 28, 6).
cost(28, 1, 34).
cost(28, 2, 36).
cost(28, 3, 38).
cost(28, 4, 42).
cost(28, 5, 33).
cost(28, 6, 32).
cost(28, 7, 43).
cost(28, 8, 29).
cost(28, 9, 28).
cost(28, 10, 30).
cost(28, 11, 33).
cost(28, 12, 25).
cost(28, 13, 25).
cost(28, 14, 29).
cost(28, 15, 41).
cost(28, 16, 36).
cost(28, 17, 40).
cost(28, 18, 41).
cost(28, 19, 86).
cost(28, 20, 84).
cost(28, 21, 86).
cost(28, 22, 86).
cost(28, 23, 86).
cost(28, 24, 6).
cost(28, 25, 11).
cost(28, 26, 22).
cost(28, 27, 6).
nocross(1,2).
nocross(1,3).
nocross(1,5).
nocross(1,6).
nocross(1,7).
nocross(1,24).
nocross(1,25).
nocross(1,26).
nocross(1,27).
nocross(1,28).
nocross(2,1).
nocross(2,3).
nocross(2,4).
nocross(2,5).
nocross(2,6).
nocross(2,7).
nocross(2,8).
nocross(2,24).
nocross(2,25).
nocross(2,26).
nocross(2,27).
nocross(2,28).
nocross(3,1).
nocross(3,2).
nocross(3,4).
nocross(3,5).
nocross(3,6).
nocross(3,7).
nocross(3,8).
nocross(3,24).
nocross(3,25).
nocross(3,26).
nocross(3,27).
nocross(3,28).
nocross(4,1).
nocross(4,2).
nocross(4,3).
nocross(4,5).
nocross(4,6).
nocross(4,7).
nocross(4,25).
nocross(4,26).
nocross(5,1).
nocross(5,2).
nocross(5,3).
nocross(5,4).
nocross(5,6).
nocross(5,7).
nocross(5,8).
nocross(5,24).
nocross(5,25).
nocross(5,26).
nocross(5,27).
nocross(5,28).
nocross(6,1).
nocross(6,2).
nocross(6,3).
nocross(6,4).
nocross(6,5).
nocross(6,7).
nocross(6,8).
nocross(6,24).
nocross(6,25).
nocross(6,26).
nocross(6,27).
nocross(7,1).
nocross(7,2).
nocross(7,3).
nocross(7,4).
nocross(7,5).
nocross(7,6).
nocross(7,8).
nocross(7,25).
nocross(7,26).
nocross(8,1).
nocross(8,2).
nocross(8,3).
nocross(8,4).
nocross(8,5).
nocross(8,6).
nocross(8,24).
nocross(8,25).
nocross(8,26).
nocross(8,27).
nocross(8,28).
nocross(9,10).
nocross(9,11).
nocross(9,12).
nocross(9,13).
nocross(9,14).
nocross(9,15).
nocross(9,16).
nocross(9,17).
nocross(9,25).
nocross(9,26).
nocross(9,27).
nocross(9,28).
nocross(10,9).
nocross(10,11).
nocross(10,12).
nocross(10,13).
nocross(10,14).
nocross(10,16).
nocross(10,17).
nocross(10,18).
nocross(10,24).
nocross(10,25).
nocross(10,27).
nocross(10,28).
nocross(11,9).
nocross(11,10).
nocross(11,12).
nocross(11,13).
nocross(11,14).
nocross(11,16).
nocross(11,18).
nocross(11,24).
nocross(11,27).
nocross(11,28).
nocross(12,9).
nocross(12,10).
nocross(12,11).
nocross(12,13).
nocross(12,14).
nocross(12,15).
nocross(12,16).
nocross(12,18).
nocross(12,24).
nocross(12,25).
nocross(12,27).
nocross(12,28).
nocross(13,9).
nocross(13,10).
nocross(13,11).
nocross(13,12).
nocross(13,14).
nocross(13,15).
nocross(13,16).
nocross(13,17).
nocross(13,24).
nocross(13,25).
nocross(13,26).
nocross(13,27).
nocross(13,28).
nocross(14,9).
nocross(14,10).
nocross(14,12).
nocross(14,13).
nocross(14,15).
nocross(14,16).
nocross(14,17).
nocross(14,18).
nocross(14,24).
nocross(14,25).
nocross(14,26).
nocross(14,27).
nocross(14,28).
nocross(15,9).
nocross(15,10).
nocross(15,13).
nocross(15,14).
nocross(15,16).
nocross(15,17).
nocross(15,26).
nocross(16,9).
nocross(16,10).
nocross(16,12).
nocross(16,13).
nocross(16,14).
nocross(16,15).
nocross(16,17).
nocross(16,18).
nocross(16,25).
nocross(16,26).
nocross(16,27).
nocross(16,28).
nocross(17,9).
nocross(17,10).
nocross(17,12).
nocross(17,13).
nocross(17,14).
nocross(17,15).
nocross(17,16).
nocross(17,18).
nocross(17,25).
nocross(17,26).
nocross(17,27).
nocross(18,9).
nocross(18,10).
nocross(18,11).
nocross(18,12).
nocross(18,13).
nocross(18,14).
nocross(18,15).
nocross(18,16).
nocross(18,17).
nocross(18,26).
nocross(18,28).
nocross(19,21).
nocross(19,22).
nocross(19,23).
nocross(20,21).
nocross(20,22).
nocross(20,23).
nocross(21,19).
nocross(21,20).
nocross(21,22).
nocross(21,23).
nocross(22,19).
nocross(22,20).
nocross(22,21).
nocross(22,23).
nocross(23,15).
nocross(23,17).
nocross(23,19).
nocross(23,20).
nocross(23,21).
nocross(23,22).
nocross(24,1).
nocross(24,2).
nocross(24,3).
nocross(24,5).
nocross(24,6).
nocross(24,8).
nocross(24,9).
nocross(24,11).
nocross(24,12).
nocross(24,13).
nocross(24,14).
nocross(24,25).
nocross(24,26).
nocross(24,27).
nocross(24,28).
nocross(25,1).
nocross(25,2).
nocross(25,5).
nocross(25,6).
nocross(25,8).
nocross(25,9).
nocross(25,12).
nocross(25,13).
nocross(25,14).
nocross(25,24).
nocross(25,26).
nocross(25,27).
nocross(25,28).
nocross(26,1).
nocross(26,4).
nocross(26,5).
nocross(26,6).
nocross(26,13).
nocross(26,14).
nocross(26,15).
nocross(26,16).
nocross(26,17).
nocross(26,24).
nocross(26,25).
nocross(26,27).
nocross(26,28).
nocross(27,1).
nocross(27,5).
nocross(27,6).
nocross(27,8).
nocross(27,9).
nocross(27,10).
nocross(27,12).
nocross(27,13).
nocross(27,14).
nocross(27,16).
nocross(27,24).
nocross(27,25).
nocross(27,26).
nocross(27,28).
nocross(28,1).
nocross(28,6).
nocross(28,8).
nocross(28,9).
nocross(28,10).
nocross(28,11).
nocross(28,12).
nocross(28,13).
nocross(28,14).
nocross(28,16).
nocross(28,24).
nocross(28,25).
nocross(28,26).
nocross(28,27).
