dimension(24).
point(1, 47.6586538571, 50.2732378721).
point(2, 45.5759234486, 46.2962945256).
point(3, 55.3077058076, 48.4512597113).
point(4, 57.8796157554, 47.3036270121).
point(5, 6.0273994999, 84.974888684).
point(6, 2.3132842081, 68.424472009).
point(7, 2.8373539551, 75.7480637893).
point(8, 1.2794589195, 74.3683524561).
point(9, 80.6575612093, 12.0515095923).
point(10, 93.6570781775, 13.9668135924).
point(11, 82.2448716822, 15.7430871295).
point(12, 83.3285367271, 19.4927252522).
point(13, 89.3909857588, 3.539506207).
point(14, 79.3400497611, 1.6114686953).
point(15, 77.6546773505, 4.4779088343).
point(16, 93.690455817, 12.8113712038).
point(17, 66.2060029881, 91.4167344037).
point(18, 65.2096805327, 94.0745333008).
point(19, 62.4173822157, 89.2755704069).
point(20, 69.3907206131, 93.7652755343).
point(21, 19.2275571625, 18.5898322715).
point(22, 12.6531179743, 34.1530589665).
point(23, 20.2012453127, 26.3228541801).
point(24, 19.5698296688, 27.0802193549).
cost(1, 2, 4).
cost(1, 3, 8).
cost(1, 4, 11).
cost(1, 5, 54).
cost(1, 6, 49).
cost(1, 7, 52).
cost(1, 8, 52).
cost(1, 9, 50).
cost(1, 10, 59).
cost(1, 11, 49).
cost(1, 12, 47).
cost(1, 13, 63).
cost(1, 14, 58).
cost(1, 15, 55).
cost(1, 16, 59).
cost(1, 17, 45).
cost(1, 18, 47).
cost(1, 19, 42).
cost(1, 20, 49).
cost(1, 21, 43).
cost(1, 22, 39).
cost(1, 23, 36).
cost(1, 24, 36).
cost(2, 1, 4).
cost(2, 3, 10).
cost(2, 4, 12).
cost(2, 5, 55).
cost(2, 6, 49).
cost(2, 7, 52).
cost(2, 8, 52).
cost(2, 9, 49).
cost(2, 10, 58).
cost(2, 11, 48).
cost(2, 12, 46).
cost(2, 13, 61).
cost(2, 14, 56).
cost(2, 15, 53).
cost(2, 16, 59).
cost(2, 17, 50).
cost(2, 18, 52).
cost(2, 19, 46).
cost(2, 20, 53).
cost(2, 21, 38).
cost(2, 22, 35).
cost(2, 23, 32).
cost(2, 24, 32).
cost(3, 1, 8).
cost(3, 2, 10).
cost(3, 4, 3).
cost(3, 5, 61).
cost(3, 6, 57).
cost(3, 7, 59).
cost(3, 8, 60).
cost(3, 9, 44).
cost(3, 10, 52).
cost(3, 11, 42).
cost(3, 12, 40).
cost(3, 13, 56).
cost(3, 14, 53).
cost(3, 15, 49).
cost(3, 16, 52).
cost(3, 17, 44).
cost(3, 18, 47).
cost(3, 19, 41).
cost(3, 20, 47).
cost(3, 21, 47).
cost(3, 22, 45).
cost(3, 23, 41).
cost(3, 24, 42).
cost(4, 1, 11).
cost(4, 2, 12).
cost(4, 3, 3).
cost(4, 5, 64).
cost(4, 6, 59).
cost(4, 7, 62).
cost(4, 8, 63).
cost(4, 9, 42).
cost(4, 10, 49).
cost(4, 11, 40).
cost(4, 12, 38).
cost(4, 13, 54).
cost(4, 14, 50).
cost(4, 15, 47).
cost(4, 16, 50).
cost(4, 17, 45).
cost(4, 18, 47).
cost(4, 19, 42).
cost(4, 20, 48).
cost(4, 21, 48).
cost(4, 22, 47).
cost(4, 23, 43).
cost(4, 24, 43).
cost(5, 1, 54).
cost(5, 2, 55).
cost(5, 3, 61).
cost(5, 4, 64).
cost(5, 6, 17).
cost(5, 7, 10).
cost(5, 8, 12).
cost(5, 9, 104).
cost(5, 10, 113).
cost(5, 11, 103).
cost(5, 12, 101).
cost(5, 13, 117).
cost(5, 14, 111).
cost(5, 15, 108).
cost(5, 16, 114).
cost(5, 17, 61).
cost(5, 18, 60).
cost(5, 19, 57).
cost(5, 20, 64).
cost(5, 21, 68).
cost(5, 22, 51).
cost(5, 23, 60).
cost(5, 24, 59).
cost(6, 1, 49).
cost(6, 2, 49).
cost(6, 3, 57).
cost(6, 4, 59).
cost(6, 5, 17).
cost(6, 7, 7).
cost(6, 8, 6).
cost(6, 9, 97).
cost(6, 10, 106).
cost(6, 11, 96).
cost(6, 12, 95).
cost(6, 13, 109).
cost(6, 14, 102).
cost(6, 15, 99).
cost(6, 16, 107).
cost(6, 17, 68).
cost(6, 18, 68).
cost(6, 19, 64).
cost(6, 20, 72).
cost(6, 21, 53).
cost(6, 22, 36).
cost(6, 23, 46).
cost(6, 24, 45).
cost(7, 1, 52).
cost(7, 2, 52).
cost(7, 3, 59).
cost(7, 4, 62).
cost(7, 5, 10).
cost(7, 6, 7).
cost(7, 8, 2).
cost(7, 9, 101).
cost(7, 10, 110).
cost(7, 11, 100).
cost(7, 12, 98).
cost(7, 13, 113).
cost(7, 14, 107).
cost(7, 15, 103).
cost(7, 16, 111).
cost(7, 17, 65).
cost(7, 18, 65).
cost(7, 19, 61).
cost(7, 20, 69).
cost(7, 21, 59).
cost(7, 22, 43).
cost(7, 23, 52).
cost(7, 24, 51).
cost(8, 1, 52).
cost(8, 2, 52).
cost(8, 3, 60).
cost(8, 4, 63).
cost(8, 5, 12).
cost(8, 6, 6).
cost(8, 7, 2).
cost(8, 9, 101).
cost(8, 10, 110).
cost(8, 11, 100).
cost(8, 12, 99).
cost(8, 13, 113).
cost(8, 14, 107).
cost(8, 15, 104).
cost(8, 16, 111).
cost(8, 17, 67).
cost(8, 18, 67).
cost(8, 19, 63).
cost(8, 20, 71).
cost(8, 21, 59).
cost(8, 22, 42).
cost(8, 23, 52).
cost(8, 24, 51).
cost(9, 1, 50).
cost(9, 2, 49).
cost(9, 3, 44).
cost(9, 4, 42).
cost(9, 5, 104).
cost(9, 6, 97).
cost(9, 7, 101).
cost(9, 8, 101).
cost(9, 10, 13).
cost(9, 11, 4).
cost(9, 12, 8).
cost(9, 13, 12).
cost(9, 14, 11).
cost(9, 15, 8).
cost(9, 16, 13).
cost(9, 17, 81).
cost(9, 18, 83).
cost(9, 19, 79).
cost(9, 20, 82).
cost(9, 21, 62).
cost(9, 22, 72).
cost(9, 23, 62).
cost(9, 24, 63).
cost(10, 1, 59).
cost(10, 2, 58).
cost(10, 3, 52).
cost(10, 4, 49).
cost(10, 5, 113).
cost(10, 6, 106).
cost(10, 7, 110).
cost(10, 8, 110).
cost(10, 9, 13).
cost(10, 11, 12).
cost(10, 12, 12).
cost(10, 13, 11).
cost(10, 14, 19).
cost(10, 15, 19).
cost(10, 16, 1).
cost(10, 17, 82).
cost(10, 18, 85).
cost(10, 19, 82).
cost(10, 20, 83).
cost(10, 21, 75).
cost(10, 22, 83).
cost(10, 23, 74).
cost(10, 24, 75).
cost(11, 1, 49).
cost(11, 2, 48).
cost(11, 3, 42).
cost(11, 4, 40).
cost(11, 5, 103).
cost(11, 6, 96).
cost(11, 7, 100).
cost(11, 8, 100).
cost(11, 9, 4).
cost(11, 10, 12).
cost(11, 12, 4).
cost(11, 13, 14).
cost(11, 14, 14).
cost(11, 15, 12).
cost(11, 16, 12).
cost(11, 17, 77).
cost(11, 18, 80).
cost(11, 19, 76).
cost(11, 20, 79).
cost(11, 21, 63).
cost(11, 22, 72).
cost(11, 23, 63).
cost(11, 24, 64).
cost(12, 1, 47).
cost(12, 2, 46).
cost(12, 3, 40).
cost(12, 4, 38).
cost(12, 5, 101).
cost(12, 6, 95).
cost(12, 7, 98).
cost(12, 8, 99).
cost(12, 9, 8).
cost(12, 10, 12).
cost(12, 11, 4).
cost(12, 13, 17).
cost(12, 14, 18).
cost(12, 15, 16).
cost(12, 16, 12).
cost(12, 17, 74).
cost(12, 18, 77).
cost(12, 19, 73).
cost(12, 20, 76).
cost(12, 21, 64).
cost(12, 22, 72).
cost(12, 23, 63).
cost(12, 24, 64).
cost(13, 1, 63).
cost(13, 2, 61).
cost(13, 3, 56).
cost(13, 4, 54).
cost(13, 5, 117).
cost(13, 6, 109).
cost(13, 7, 113).
cost(13, 8, 113).
cost(13, 9, 12).
cost(13, 10, 11).
cost(13, 11, 14).
cost(13, 12, 17).
cost(13, 14, 10).
cost(13, 15, 12).
cost(13, 16, 10).
cost(13, 17, 91).
cost(13, 18, 94).
cost(13, 19, 90).
cost(13, 20, 92).
cost(13, 21, 72).
cost(13, 22, 83).
cost(13, 23, 73).
cost(13, 24, 74).
cost(14, 1, 58).
cost(14, 2, 56).
cost(14, 3, 53).
cost(14, 4, 50).
cost(14, 5, 111).
cost(14, 6, 102).
cost(14, 7, 107).
cost(14, 8, 107).
cost(14, 9, 11).
cost(14, 10, 19).
cost(14, 11, 14).
cost(14, 12, 18).
cost(14, 13, 10).
cost(14, 15, 3).
cost(14, 16, 18).
cost(14, 17, 91).
cost(14, 18, 94).
cost(14, 19, 89).
cost(14, 20, 93).
cost(14, 21, 62).
cost(14, 22, 74).
cost(14, 23, 64).
cost(14, 24, 65).
cost(15, 1, 55).
cost(15, 2, 53).
cost(15, 3, 49).
cost(15, 4, 47).
cost(15, 5, 108).
cost(15, 6, 99).
cost(15, 7, 103).
cost(15, 8, 104).
cost(15, 9, 8).
cost(15, 10, 19).
cost(15, 11, 12).
cost(15, 12, 16).
cost(15, 13, 12).
cost(15, 14, 3).
cost(15, 16, 18).
cost(15, 17, 88).
cost(15, 18, 90).
cost(15, 19, 86).
cost(15, 20, 90).
cost(15, 21, 60).
cost(15, 22, 71).
cost(15, 23, 61).
cost(15, 24, 62).
cost(16, 1, 59).
cost(16, 2, 59).
cost(16, 3, 52).
cost(16, 4, 50).
cost(16, 5, 114).
cost(16, 6, 107).
cost(16, 7, 111).
cost(16, 8, 111).
cost(16, 9, 13).
cost(16, 10, 1).
cost(16, 11, 12).
cost(16, 12, 12).
cost(16, 13, 10).
cost(16, 14, 18).
cost(16, 15, 18).
cost(16, 17, 83).
cost(16, 18, 86).
cost(16, 19, 83).
cost(16, 20, 85).
cost(16, 21, 75).
cost(16, 22, 84).
cost(16, 23, 75).
cost(16, 24, 75).
cost(17, 1, 45).
cost(17, 2, 50).
cost(17, 3, 44).
cost(17, 4, 45).
cost(17, 5, 61).
cost(17, 6, 68).
cost(17, 7, 65).
cost(17, 8, 67).
cost(17, 9, 81).
cost(17, 10, 82).
cost(17, 11, 77).
cost(17, 12, 74).
cost(17, 13, 91).
cost(17, 14, 91).
cost(17, 15, 88).
cost(17, 16, 83).
cost(17, 18, 3).
cost(17, 19, 4).
cost(17, 20, 4).
cost(17, 21, 87).
cost(17, 22, 78).
cost(17, 23, 80).
cost(17, 24, 79).
cost(18, 1, 47).
cost(18, 2, 52).
cost(18, 3, 47).
cost(18, 4, 47).
cost(18, 5, 60).
cost(18, 6, 68).
cost(18, 7, 65).
cost(18, 8, 67).
cost(18, 9, 83).
cost(18, 10, 85).
cost(18, 11, 80).
cost(18, 12, 77).
cost(18, 13, 94).
cost(18, 14, 94).
cost(18, 15, 90).
cost(18, 16, 86).
cost(18, 17, 3).
cost(18, 19, 6).
cost(18, 20, 4).
cost(18, 21, 88).
cost(18, 22, 80).
cost(18, 23, 81).
cost(18, 24, 81).
cost(19, 1, 42).
cost(19, 2, 46).
cost(19, 3, 41).
cost(19, 4, 42).
cost(19, 5, 57).
cost(19, 6, 64).
cost(19, 7, 61).
cost(19, 8, 63).
cost(19, 9, 79).
cost(19, 10, 82).
cost(19, 11, 76).
cost(19, 12, 73).
cost(19, 13, 90).
cost(19, 14, 89).
cost(19, 15, 86).
cost(19, 16, 83).
cost(19, 17, 4).
cost(19, 18, 6).
cost(19, 20, 8).
cost(19, 21, 83).
cost(19, 22, 74).
cost(19, 23, 76).
cost(19, 24, 76).
cost(20, 1, 49).
cost(20, 2, 53).
cost(20, 3, 47).
cost(20, 4, 48).
cost(20, 5, 64).
cost(20, 6, 72).
cost(20, 7, 69).
cost(20, 8, 71).
cost(20, 9, 82).
cost(20, 10, 83).
cost(20, 11, 79).
cost(20, 12, 76).
cost(20, 13, 92).
cost(20, 14, 93).
cost(20, 15, 90).
cost(20, 16, 85).
cost(20, 17, 4).
cost(20, 18, 4).
cost(20, 19, 8).
cost(20, 21, 90).
cost(20, 22, 82).
cost(20, 23, 83).
cost(20, 24, 83).
cost(21, 1, 43).
cost(21, 2, 38).
cost(21, 3, 47).
cost(21, 4, 48).
cost(21, 5, 68).
cost(21, 6, 53).
cost(21, 7, 59).
cost(21, 8, 59).
cost(21, 9, 62).
cost(21, 10, 75).
cost(21, 11, 63).
cost(21, 12, 64).
cost(21, 13, 72).
cost(21, 14, 62).
cost(21, 15, 60).
cost(21, 16, 75).
cost(21, 17, 87).
cost(21, 18, 88).
cost(21, 19, 83).
cost(21, 20, 90).
cost(21, 22, 17).
cost(21, 23, 8).
cost(21, 24, 8).
cost(22, 1, 39).
cost(22, 2, 35).
cost(22, 3, 45).
cost(22, 4, 47).
cost(22, 5, 51).
cost(22, 6, 36).
cost(22, 7, 43).
cost(22, 8, 42).
cost(22, 9, 72).
cost(22, 10, 83).
cost(22, 11, 72).
cost(22, 12, 72).
cost(22, 13, 83).
cost(22, 14, 74).
cost(22, 15, 71).
cost(22, 16, 84).
cost(22, 17, 78).
cost(22, 18, 80).
cost(22, 19, 74).
cost(22, 20, 82).
cost(22, 21, 17).
cost(22, 23, 11).
cost(22, 24, 10).
cost(23, 1, 36).
cost(23, 2, 32).
cost(23, 3, 41).
cost(23, 4, 43).
cost(23, 5, 60).
cost(23, 6, 46).
cost(23, 7, 52).
cost(23, 8, 52).
cost(23, 9, 62).
cost(23, 10, 74).
cost(23, 11, 63).
cost(23, 12, 63).
cost(23, 13, 73).
cost(23, 14, 64).
cost(23, 15, 61).
cost(23, 16, 75).
cost(23, 17, 80).
cost(23, 18, 81).
cost(23, 19, 76).
cost(23, 20, 83).
cost(23, 21, 8).
cost(23, 22, 11).
cost(23, 24, 1).
cost(24, 1, 36).
cost(24, 2, 32).
cost(24, 3, 42).
cost(24, 4, 43).
cost(24, 5, 59).
cost(24, 6, 45).
cost(24, 7, 51).
cost(24, 8, 51).
cost(24, 9, 63).
cost(24, 10, 75).
cost(24, 11, 64).
cost(24, 12, 64).
cost(24, 13, 74).
cost(24, 14, 65).
cost(24, 15, 62).
cost(24, 16, 75).
cost(24, 17, 79).
cost(24, 18, 81).
cost(24, 19, 76).
cost(24, 20, 83).
cost(24, 21, 8).
cost(24, 22, 10).
cost(24, 23, 1).
