dimension(24).
point(1, 14.1902744232, 74.7133898223).
point(2, 15.9263472244, 71.8255958068).
point(3, 9.9520227501, 62.0571821091).
point(4, 1.3045608925, 70.4488433693).
point(5, 51.255605824, 59.8974020419).
point(6, 49.8544300634, 67.4499629727).
point(7, 46.2829867836, 52.9540609861).
point(8, 39.4499048828, 50.4045765549).
point(9, 66.6381830126, 34.3032831776).
point(10, 75.5062782049, 31.7162012528).
point(11, 76.4164134153, 29.9550227636).
point(12, 88.5139704687, 35.0041276669).
point(13, 69.5979326422, 38.109083452).
point(14, 69.4789924305, 29.5420645227).
point(15, 78.0260303972, 32.271544389).
point(16, 81.0922025247, 40.6099427438).
point(17, 99.2134822115, 78.0369375041).
point(18, 97.1090204571, 78.750208459).
point(19, 98.2429206918, 82.8213160165).
point(20, 93.643120617, 79.7454195835).
point(21, 28.7429967884, 17.2810562447).
point(22, 15.6101306434, 12.0390679525).
point(23, 34.6729663039, 27.5039847887).
point(24, 29.0496747404, 15.8868334909).
cost(1, 2, 3).
cost(1, 3, 13).
cost(1, 4, 14).
cost(1, 5, 40).
cost(1, 6, 36).
cost(1, 7, 39).
cost(1, 8, 35).
cost(1, 9, 66).
cost(1, 10, 75).
cost(1, 11, 77).
cost(1, 12, 84).
cost(1, 13, 66).
cost(1, 14, 71).
cost(1, 15, 77).
cost(1, 16, 75).
cost(1, 17, 85).
cost(1, 18, 83).
cost(1, 19, 84).
cost(1, 20, 80).
cost(1, 21, 59).
cost(1, 22, 63).
cost(1, 23, 51).
cost(1, 24, 61).
cost(2, 1, 3).
cost(2, 3, 11).
cost(2, 4, 15).
cost(2, 5, 37).
cost(2, 6, 34).
cost(2, 7, 36).
cost(2, 8, 32).
cost(2, 9, 63).
cost(2, 10, 72).
cost(2, 11, 74).
cost(2, 12, 81).
cost(2, 13, 63).
cost(2, 14, 68).
cost(2, 15, 74).
cost(2, 16, 72).
cost(2, 17, 84).
cost(2, 18, 81).
cost(2, 19, 83).
cost(2, 20, 78).
cost(2, 21, 56).
cost(2, 22, 60).
cost(2, 23, 48).
cost(2, 24, 57).
cost(3, 1, 13).
cost(3, 2, 11).
cost(3, 4, 12).
cost(3, 5, 41).
cost(3, 6, 40).
cost(3, 7, 37).
cost(3, 8, 32).
cost(3, 9, 63).
cost(3, 10, 72).
cost(3, 11, 74).
cost(3, 12, 83).
cost(3, 13, 64).
cost(3, 14, 68).
cost(3, 15, 74).
cost(3, 16, 74).
cost(3, 17, 91).
cost(3, 18, 89).
cost(3, 19, 91).
cost(3, 20, 86).
cost(3, 21, 49).
cost(3, 22, 50).
cost(3, 23, 42).
cost(3, 24, 50).
cost(4, 1, 14).
cost(4, 2, 15).
cost(4, 3, 12).
cost(4, 5, 51).
cost(4, 6, 49).
cost(4, 7, 48).
cost(4, 8, 43).
cost(4, 9, 75).
cost(4, 10, 84).
cost(4, 11, 85).
cost(4, 12, 94).
cost(4, 13, 76).
cost(4, 14, 80).
cost(4, 15, 86).
cost(4, 16, 85).
cost(4, 17, 98).
cost(4, 18, 96).
cost(4, 19, 98).
cost(4, 20, 93).
cost(4, 21, 60).
cost(4, 22, 60).
cost(4, 23, 54).
cost(4, 24, 61).
cost(5, 1, 40).
cost(5, 2, 37).
cost(5, 3, 41).
cost(5, 4, 51).
cost(5, 6, 8).
cost(5, 7, 9).
cost(5, 8, 15).
cost(5, 9, 30).
cost(5, 10, 37).
cost(5, 11, 39).
cost(5, 12, 45).
cost(5, 13, 28).
cost(5, 14, 35).
cost(5, 15, 38).
cost(5, 16, 36).
cost(5, 17, 51).
cost(5, 18, 50).
cost(5, 19, 52).
cost(5, 20, 47).
cost(5, 21, 48).
cost(5, 22, 60).
cost(5, 23, 36).
cost(5, 24, 49).
cost(6, 1, 36).
cost(6, 2, 34).
cost(6, 3, 40).
cost(6, 4, 49).
cost(6, 5, 8).
cost(6, 7, 15).
cost(6, 8, 20).
cost(6, 9, 37).
cost(6, 10, 44).
cost(6, 11, 46).
cost(6, 12, 50).
cost(6, 13, 35).
cost(6, 14, 43).
cost(6, 15, 45).
cost(6, 16, 41).
cost(6, 17, 50).
cost(6, 18, 49).
cost(6, 19, 51).
cost(6, 20, 45).
cost(6, 21, 54).
cost(6, 22, 65).
cost(6, 23, 43).
cost(6, 24, 56).
cost(7, 1, 39).
cost(7, 2, 36).
cost(7, 3, 37).
cost(7, 4, 48).
cost(7, 5, 9).
cost(7, 6, 15).
cost(7, 8, 7).
cost(7, 9, 28).
cost(7, 10, 36).
cost(7, 11, 38).
cost(7, 12, 46).
cost(7, 13, 28).
cost(7, 14, 33).
cost(7, 15, 38).
cost(7, 16, 37).
cost(7, 17, 59).
cost(7, 18, 57).
cost(7, 19, 60).
cost(7, 20, 54).
cost(7, 21, 40).
cost(7, 22, 51).
cost(7, 23, 28).
cost(7, 24, 41).
cost(8, 1, 35).
cost(8, 2, 32).
cost(8, 3, 32).
cost(8, 4, 43).
cost(8, 5, 15).
cost(8, 6, 20).
cost(8, 7, 7).
cost(8, 9, 32).
cost(8, 10, 41).
cost(8, 11, 42).
cost(8, 12, 51).
cost(8, 13, 33).
cost(8, 14, 37).
cost(8, 15, 43).
cost(8, 16, 43).
cost(8, 17, 66).
cost(8, 18, 64).
cost(8, 19, 67).
cost(8, 20, 62).
cost(8, 21, 35).
cost(8, 22, 45).
cost(8, 23, 23).
cost(8, 24, 36).
cost(9, 1, 66).
cost(9, 2, 63).
cost(9, 3, 63).
cost(9, 4, 75).
cost(9, 5, 30).
cost(9, 6, 37).
cost(9, 7, 28).
cost(9, 8, 32).
cost(9, 10, 9).
cost(9, 11, 11).
cost(9, 12, 22).
cost(9, 13, 5).
cost(9, 14, 6).
cost(9, 15, 12).
cost(9, 16, 16).
cost(9, 17, 55).
cost(9, 18, 54).
cost(9, 19, 58).
cost(9, 20, 53).
cost(9, 21, 42).
cost(9, 22, 56).
cost(9, 23, 33).
cost(9, 24, 42).
cost(10, 1, 75).
cost(10, 2, 72).
cost(10, 3, 72).
cost(10, 4, 84).
cost(10, 5, 37).
cost(10, 6, 44).
cost(10, 7, 36).
cost(10, 8, 41).
cost(10, 9, 9).
cost(10, 11, 2).
cost(10, 12, 13).
cost(10, 13, 9).
cost(10, 14, 6).
cost(10, 15, 3).
cost(10, 16, 11).
cost(10, 17, 52).
cost(10, 18, 52).
cost(10, 19, 56).
cost(10, 20, 51).
cost(10, 21, 49).
cost(10, 22, 63).
cost(10, 23, 41).
cost(10, 24, 49).
cost(11, 1, 77).
cost(11, 2, 74).
cost(11, 3, 74).
cost(11, 4, 85).
cost(11, 5, 39).
cost(11, 6, 46).
cost(11, 7, 38).
cost(11, 8, 42).
cost(11, 9, 11).
cost(11, 10, 2).
cost(11, 12, 13).
cost(11, 13, 11).
cost(11, 14, 7).
cost(11, 15, 3).
cost(11, 16, 12).
cost(11, 17, 53).
cost(11, 18, 53).
cost(11, 19, 57).
cost(11, 20, 53).
cost(11, 21, 49).
cost(11, 22, 63).
cost(11, 23, 42).
cost(11, 24, 49).
cost(12, 1, 84).
cost(12, 2, 81).
cost(12, 3, 83).
cost(12, 4, 94).
cost(12, 5, 45).
cost(12, 6, 50).
cost(12, 7, 46).
cost(12, 8, 51).
cost(12, 9, 22).
cost(12, 10, 13).
cost(12, 11, 13).
cost(12, 13, 19).
cost(12, 14, 20).
cost(12, 15, 11).
cost(12, 16, 9).
cost(12, 17, 44).
cost(12, 18, 45).
cost(12, 19, 49).
cost(12, 20, 45).
cost(12, 21, 62).
cost(12, 22, 76).
cost(12, 23, 54).
cost(12, 24, 62).
cost(13, 1, 66).
cost(13, 2, 63).
cost(13, 3, 64).
cost(13, 4, 76).
cost(13, 5, 28).
cost(13, 6, 35).
cost(13, 7, 28).
cost(13, 8, 33).
cost(13, 9, 5).
cost(13, 10, 9).
cost(13, 11, 11).
cost(13, 12, 19).
cost(13, 14, 9).
cost(13, 15, 10).
cost(13, 16, 12).
cost(13, 17, 50).
cost(13, 18, 49).
cost(13, 19, 53).
cost(13, 20, 48).
cost(13, 21, 46).
cost(13, 22, 60).
cost(13, 23, 36).
cost(13, 24, 46).
cost(14, 1, 71).
cost(14, 2, 68).
cost(14, 3, 68).
cost(14, 4, 80).
cost(14, 5, 35).
cost(14, 6, 43).
cost(14, 7, 33).
cost(14, 8, 37).
cost(14, 9, 6).
cost(14, 10, 6).
cost(14, 11, 7).
cost(14, 12, 20).
cost(14, 13, 9).
cost(14, 15, 9).
cost(14, 16, 16).
cost(14, 17, 57).
cost(14, 18, 56).
cost(14, 19, 61).
cost(14, 20, 56).
cost(14, 21, 43).
cost(14, 22, 57).
cost(14, 23, 35).
cost(14, 24, 43).
cost(15, 1, 77).
cost(15, 2, 74).
cost(15, 3, 74).
cost(15, 4, 86).
cost(15, 5, 38).
cost(15, 6, 45).
cost(15, 7, 38).
cost(15, 8, 43).
cost(15, 9, 12).
cost(15, 10, 3).
cost(15, 11, 3).
cost(15, 12, 11).
cost(15, 13, 10).
cost(15, 14, 9).
cost(15, 16, 9).
cost(15, 17, 50).
cost(15, 18, 50).
cost(15, 19, 54).
cost(15, 20, 50).
cost(15, 21, 52).
cost(15, 22, 66).
cost(15, 23, 44).
cost(15, 24, 52).
cost(16, 1, 75).
cost(16, 2, 72).
cost(16, 3, 74).
cost(16, 4, 85).
cost(16, 5, 36).
cost(16, 6, 41).
cost(16, 7, 37).
cost(16, 8, 43).
cost(16, 9, 16).
cost(16, 10, 11).
cost(16, 11, 12).
cost(16, 12, 9).
cost(16, 13, 12).
cost(16, 14, 16).
cost(16, 15, 9).
cost(16, 17, 42).
cost(16, 18, 41).
cost(16, 19, 46).
cost(16, 20, 41).
cost(16, 21, 57).
cost(16, 22, 71).
cost(16, 23, 48).
cost(16, 24, 58).
cost(17, 1, 85).
cost(17, 2, 84).
cost(17, 3, 91).
cost(17, 4, 98).
cost(17, 5, 51).
cost(17, 6, 50).
cost(17, 7, 59).
cost(17, 8, 66).
cost(17, 9, 55).
cost(17, 10, 52).
cost(17, 11, 53).
cost(17, 12, 44).
cost(17, 13, 50).
cost(17, 14, 57).
cost(17, 15, 50).
cost(17, 16, 42).
cost(17, 18, 2).
cost(17, 19, 5).
cost(17, 20, 6).
cost(17, 21, 93).
cost(17, 22, 107).
cost(17, 23, 82).
cost(17, 24, 94).
cost(18, 1, 83).
cost(18, 2, 81).
cost(18, 3, 89).
cost(18, 4, 96).
cost(18, 5, 50).
cost(18, 6, 49).
cost(18, 7, 57).
cost(18, 8, 64).
cost(18, 9, 54).
cost(18, 10, 52).
cost(18, 11, 53).
cost(18, 12, 45).
cost(18, 13, 49).
cost(18, 14, 56).
cost(18, 15, 50).
cost(18, 16, 41).
cost(18, 17, 2).
cost(18, 19, 4).
cost(18, 20, 4).
cost(18, 21, 92).
cost(18, 22, 105).
cost(18, 23, 81).
cost(18, 24, 93).
cost(19, 1, 84).
cost(19, 2, 83).
cost(19, 3, 91).
cost(19, 4, 98).
cost(19, 5, 52).
cost(19, 6, 51).
cost(19, 7, 60).
cost(19, 8, 67).
cost(19, 9, 58).
cost(19, 10, 56).
cost(19, 11, 57).
cost(19, 12, 49).
cost(19, 13, 53).
cost(19, 14, 61).
cost(19, 15, 54).
cost(19, 16, 46).
cost(19, 17, 5).
cost(19, 18, 4).
cost(19, 20, 6).
cost(19, 21, 96).
cost(19, 22, 109).
cost(19, 23, 84).
cost(19, 24, 96).
cost(20, 1, 80).
cost(20, 2, 78).
cost(20, 3, 86).
cost(20, 4, 93).
cost(20, 5, 47).
cost(20, 6, 45).
cost(20, 7, 54).
cost(20, 8, 62).
cost(20, 9, 53).
cost(20, 10, 51).
cost(20, 11, 53).
cost(20, 12, 45).
cost(20, 13, 48).
cost(20, 14, 56).
cost(20, 15, 50).
cost(20, 16, 41).
cost(20, 17, 6).
cost(20, 18, 4).
cost(20, 19, 6).
cost(20, 21, 90).
cost(20, 22, 103).
cost(20, 23, 79).
cost(20, 24, 91).
cost(21, 1, 59).
cost(21, 2, 56).
cost(21, 3, 49).
cost(21, 4, 60).
cost(21, 5, 48).
cost(21, 6, 54).
cost(21, 7, 40).
cost(21, 8, 35).
cost(21, 9, 42).
cost(21, 10, 49).
cost(21, 11, 49).
cost(21, 12, 62).
cost(21, 13, 46).
cost(21, 14, 43).
cost(21, 15, 52).
cost(21, 16, 57).
cost(21, 17, 93).
cost(21, 18, 92).
cost(21, 19, 96).
cost(21, 20, 90).
cost(21, 22, 14).
cost(21, 23, 12).
cost(21, 24, 1).
cost(22, 1, 63).
cost(22, 2, 60).
cost(22, 3, 50).
cost(22, 4, 60).
cost(22, 5, 60).
cost(22, 6, 65).
cost(22, 7, 51).
cost(22, 8, 45).
cost(22, 9, 56).
cost(22, 10, 63).
cost(22, 11, 63).
cost(22, 12, 76).
cost(22, 13, 60).
cost(22, 14, 57).
cost(22, 15, 66).
cost(22, 16, 71).
cost(22, 17, 107).
cost(22, 18, 105).
cost(22, 19, 109).
cost(22, 20, 103).
cost(22, 21, 14).
cost(22, 23, 25).
cost(22, 24, 14).
cost(23, 1, 51).
cost(23, 2, 48).
cost(23, 3, 42).
cost(23, 4, 54).
cost(23, 5, 36).
cost(23, 6, 43).
cost(23, 7, 28).
cost(23, 8, 23).
cost(23, 9, 33).
cost(23, 10, 41).
cost(23, 11, 42).
cost(23, 12, 54).
cost(23, 13, 36).
cost(23, 14, 35).
cost(23, 15, 44).
cost(23, 16, 48).
cost(23, 17, 82).
cost(23, 18, 81).
cost(23, 19, 84).
cost(23, 20, 79).
cost(23, 21, 12).
cost(23, 22, 25).
cost(23, 24, 13).
cost(24, 1, 61).
cost(24, 2, 57).
cost(24, 3, 50).
cost(24, 4, 61).
cost(24, 5, 49).
cost(24, 6, 56).
cost(24, 7, 41).
cost(24, 8, 36).
cost(24, 9, 42).
cost(24, 10, 49).
cost(24, 11, 49).
cost(24, 12, 62).
cost(24, 13, 46).
cost(24, 14, 43).
cost(24, 15, 52).
cost(24, 16, 58).
cost(24, 17, 94).
cost(24, 18, 93).
cost(24, 19, 96).
cost(24, 20, 91).
cost(24, 21, 1).
cost(24, 22, 14).
cost(24, 23, 13).
