dimension(24).
point(1, 1.3749741083, 45.8871412491).
point(2, 7.4380791865, 48.0456418218).
point(3, 6.3837869911, 38.3297210814).
point(4, 5.8699845246, 47.8738753053).
point(5, 66.9297249532, 42.0616305012).
point(6, 90.9015139109, 46.8975515763).
point(7, 85.8678411993, 34.8209183102).
point(8, 97.8471177844, 42.2644981269).
point(9, 59.7385207539, 67.2409321703).
point(10, 58.3859055767, 71.9873460825).
point(11, 53.7731998204, 71.5991444572).
point(12, 47.4961870278, 72.9416427083).
point(13, 57.734226652, 74.6150585011).
point(14, 58.3207447326, 75.0672433066).
point(15, 55.6947682772, 57.7511585573).
point(16, 44.3520156592, 63.733943801).
point(17, 30.1119192933, 84.7778103427).
point(18, 38.6229640338, 83.2648940674).
point(19, 33.4737109056, 97.0708127998).
point(20, 30.7253713788, 96.1007156747).
point(21, 55.4102381978, 8.3240403505).
point(22, 63.150184492, 5.4091545103).
point(23, 58.8870055845, 2.0312651037).
point(24, 53.9800869364, 1.1192017272).
cost(1, 2, 6).
cost(1, 3, 9).
cost(1, 4, 5).
cost(1, 5, 66).
cost(1, 6, 90).
cost(1, 7, 85).
cost(1, 8, 97).
cost(1, 9, 62).
cost(1, 10, 63).
cost(1, 11, 58).
cost(1, 12, 53).
cost(1, 13, 63).
cost(1, 14, 64).
cost(1, 15, 56).
cost(1, 16, 47).
cost(1, 17, 48).
cost(1, 18, 53).
cost(1, 19, 60).
cost(1, 20, 58).
cost(1, 21, 66).
cost(1, 22, 74).
cost(1, 23, 72).
cost(1, 24, 69).
cost(2, 1, 6).
cost(2, 3, 10).
cost(2, 4, 2).
cost(2, 5, 60).
cost(2, 6, 83).
cost(2, 7, 80).
cost(2, 8, 91).
cost(2, 9, 56).
cost(2, 10, 56).
cost(2, 11, 52).
cost(2, 12, 47).
cost(2, 13, 57).
cost(2, 14, 58).
cost(2, 15, 49).
cost(2, 16, 40).
cost(2, 17, 43).
cost(2, 18, 47).
cost(2, 19, 56).
cost(2, 20, 53).
cost(2, 21, 62).
cost(2, 22, 70).
cost(2, 23, 69).
cost(2, 24, 66).
cost(3, 1, 9).
cost(3, 2, 10).
cost(3, 4, 10).
cost(3, 5, 61).
cost(3, 6, 85).
cost(3, 7, 80).
cost(3, 8, 92).
cost(3, 9, 61).
cost(3, 10, 62).
cost(3, 11, 58).
cost(3, 12, 54).
cost(3, 13, 63).
cost(3, 14, 64).
cost(3, 15, 53).
cost(3, 16, 46).
cost(3, 17, 52).
cost(3, 18, 55).
cost(3, 19, 65).
cost(3, 20, 63).
cost(3, 21, 57).
cost(3, 22, 66).
cost(3, 23, 64).
cost(3, 24, 60).
cost(4, 1, 5).
cost(4, 2, 2).
cost(4, 3, 10).
cost(4, 5, 61).
cost(4, 6, 85).
cost(4, 7, 81).
cost(4, 8, 92).
cost(4, 9, 57).
cost(4, 10, 58).
cost(4, 11, 53).
cost(4, 12, 49).
cost(4, 13, 58).
cost(4, 14, 59).
cost(4, 15, 51).
cost(4, 16, 42).
cost(4, 17, 44).
cost(4, 18, 48).
cost(4, 19, 56).
cost(4, 20, 54).
cost(4, 21, 63).
cost(4, 22, 71).
cost(4, 23, 70).
cost(4, 24, 67).
cost(5, 1, 66).
cost(5, 2, 60).
cost(5, 3, 61).
cost(5, 4, 61).
cost(5, 6, 24).
cost(5, 7, 20).
cost(5, 8, 31).
cost(5, 9, 26).
cost(5, 10, 31).
cost(5, 11, 32).
cost(5, 12, 36).
cost(5, 13, 34).
cost(5, 14, 34).
cost(5, 15, 19).
cost(5, 16, 31).
cost(5, 17, 56).
cost(5, 18, 50).
cost(5, 19, 64).
cost(5, 20, 65).
cost(5, 21, 36).
cost(5, 22, 37).
cost(5, 23, 41).
cost(5, 24, 43).
cost(6, 1, 90).
cost(6, 2, 83).
cost(6, 3, 85).
cost(6, 4, 85).
cost(6, 5, 24).
cost(6, 7, 13).
cost(6, 8, 8).
cost(6, 9, 37).
cost(6, 10, 41).
cost(6, 11, 45).
cost(6, 12, 51).
cost(6, 13, 43).
cost(6, 14, 43).
cost(6, 15, 37).
cost(6, 16, 50).
cost(6, 17, 72).
cost(6, 18, 64).
cost(6, 19, 76).
cost(6, 20, 78).
cost(6, 21, 52).
cost(6, 22, 50).
cost(6, 23, 55).
cost(6, 24, 59).
cost(7, 1, 85).
cost(7, 2, 80).
cost(7, 3, 80).
cost(7, 4, 81).
cost(7, 5, 20).
cost(7, 6, 13).
cost(7, 8, 14).
cost(7, 9, 42).
cost(7, 10, 46).
cost(7, 11, 49).
cost(7, 12, 54).
cost(7, 13, 49).
cost(7, 14, 49).
cost(7, 15, 38).
cost(7, 16, 51).
cost(7, 17, 75).
cost(7, 18, 68).
cost(7, 19, 81).
cost(7, 20, 82).
cost(7, 21, 40).
cost(7, 22, 37).
cost(7, 23, 42).
cost(7, 24, 46).
cost(8, 1, 97).
cost(8, 2, 91).
cost(8, 3, 92).
cost(8, 4, 92).
cost(8, 5, 31).
cost(8, 6, 8).
cost(8, 7, 14).
cost(8, 9, 46).
cost(8, 10, 49).
cost(8, 11, 53).
cost(8, 12, 59).
cost(8, 13, 52).
cost(8, 14, 51).
cost(8, 15, 45).
cost(8, 16, 58).
cost(8, 17, 80).
cost(8, 18, 72).
cost(8, 19, 85).
cost(8, 20, 86).
cost(8, 21, 54).
cost(8, 22, 51).
cost(8, 23, 56).
cost(8, 24, 60).
cost(9, 1, 62).
cost(9, 2, 56).
cost(9, 3, 61).
cost(9, 4, 57).
cost(9, 5, 26).
cost(9, 6, 37).
cost(9, 7, 42).
cost(9, 8, 46).
cost(9, 10, 5).
cost(9, 11, 7).
cost(9, 12, 14).
cost(9, 13, 8).
cost(9, 14, 8).
cost(9, 15, 10).
cost(9, 16, 16).
cost(9, 17, 34).
cost(9, 18, 27).
cost(9, 19, 40).
cost(9, 20, 41).
cost(9, 21, 59).
cost(9, 22, 62).
cost(9, 23, 65).
cost(9, 24, 66).
cost(10, 1, 63).
cost(10, 2, 56).
cost(10, 3, 62).
cost(10, 4, 58).
cost(10, 5, 31).
cost(10, 6, 41).
cost(10, 7, 46).
cost(10, 8, 49).
cost(10, 9, 5).
cost(10, 11, 5).
cost(10, 12, 11).
cost(10, 13, 3).
cost(10, 14, 3).
cost(10, 15, 14).
cost(10, 16, 16).
cost(10, 17, 31).
cost(10, 18, 23).
cost(10, 19, 35).
cost(10, 20, 37).
cost(10, 21, 64).
cost(10, 22, 67).
cost(10, 23, 70).
cost(10, 24, 71).
cost(11, 1, 58).
cost(11, 2, 52).
cost(11, 3, 58).
cost(11, 4, 53).
cost(11, 5, 32).
cost(11, 6, 45).
cost(11, 7, 49).
cost(11, 8, 53).
cost(11, 9, 7).
cost(11, 10, 5).
cost(11, 12, 6).
cost(11, 13, 5).
cost(11, 14, 6).
cost(11, 15, 14).
cost(11, 16, 12).
cost(11, 17, 27).
cost(11, 18, 19).
cost(11, 19, 33).
cost(11, 20, 34).
cost(11, 21, 63).
cost(11, 22, 67).
cost(11, 23, 70).
cost(11, 24, 70).
cost(12, 1, 53).
cost(12, 2, 47).
cost(12, 3, 54).
cost(12, 4, 49).
cost(12, 5, 36).
cost(12, 6, 51).
cost(12, 7, 54).
cost(12, 8, 59).
cost(12, 9, 14).
cost(12, 10, 11).
cost(12, 11, 6).
cost(12, 13, 10).
cost(12, 14, 11).
cost(12, 15, 17).
cost(12, 16, 10).
cost(12, 17, 21).
cost(12, 18, 14).
cost(12, 19, 28).
cost(12, 20, 29).
cost(12, 21, 65).
cost(12, 22, 69).
cost(12, 23, 72).
cost(12, 24, 72).
cost(13, 1, 63).
cost(13, 2, 57).
cost(13, 3, 63).
cost(13, 4, 58).
cost(13, 5, 34).
cost(13, 6, 43).
cost(13, 7, 49).
cost(13, 8, 52).
cost(13, 9, 8).
cost(13, 10, 3).
cost(13, 11, 5).
cost(13, 12, 10).
cost(13, 14, 1).
cost(13, 15, 17).
cost(13, 16, 17).
cost(13, 17, 29).
cost(13, 18, 21).
cost(13, 19, 33).
cost(13, 20, 35).
cost(13, 21, 66).
cost(13, 22, 69).
cost(13, 23, 73).
cost(13, 24, 74).
cost(14, 1, 64).
cost(14, 2, 58).
cost(14, 3, 64).
cost(14, 4, 59).
cost(14, 5, 34).
cost(14, 6, 43).
cost(14, 7, 49).
cost(14, 8, 51).
cost(14, 9, 8).
cost(14, 10, 3).
cost(14, 11, 6).
cost(14, 12, 11).
cost(14, 13, 1).
cost(14, 15, 18).
cost(14, 16, 18).
cost(14, 17, 30).
cost(14, 18, 21).
cost(14, 19, 33).
cost(14, 20, 35).
cost(14, 21, 67).
cost(14, 22, 70).
cost(14, 23, 73).
cost(14, 24, 74).
cost(15, 1, 56).
cost(15, 2, 49).
cost(15, 3, 53).
cost(15, 4, 51).
cost(15, 5, 19).
cost(15, 6, 37).
cost(15, 7, 38).
cost(15, 8, 45).
cost(15, 9, 10).
cost(15, 10, 14).
cost(15, 11, 14).
cost(15, 12, 17).
cost(15, 13, 17).
cost(15, 14, 18).
cost(15, 16, 13).
cost(15, 17, 37).
cost(15, 18, 31).
cost(15, 19, 45).
cost(15, 20, 46).
cost(15, 21, 49).
cost(15, 22, 53).
cost(15, 23, 56).
cost(15, 24, 57).
cost(16, 1, 47).
cost(16, 2, 40).
cost(16, 3, 46).
cost(16, 4, 42).
cost(16, 5, 31).
cost(16, 6, 50).
cost(16, 7, 51).
cost(16, 8, 58).
cost(16, 9, 16).
cost(16, 10, 16).
cost(16, 11, 12).
cost(16, 12, 10).
cost(16, 13, 17).
cost(16, 14, 18).
cost(16, 15, 13).
cost(16, 17, 25).
cost(16, 18, 20).
cost(16, 19, 35).
cost(16, 20, 35).
cost(16, 21, 57).
cost(16, 22, 61).
cost(16, 23, 63).
cost(16, 24, 63).
cost(17, 1, 48).
cost(17, 2, 43).
cost(17, 3, 52).
cost(17, 4, 44).
cost(17, 5, 56).
cost(17, 6, 72).
cost(17, 7, 75).
cost(17, 8, 80).
cost(17, 9, 34).
cost(17, 10, 31).
cost(17, 11, 27).
cost(17, 12, 21).
cost(17, 13, 29).
cost(17, 14, 30).
cost(17, 15, 37).
cost(17, 16, 25).
cost(17, 18, 9).
cost(17, 19, 13).
cost(17, 20, 11).
cost(17, 21, 81).
cost(17, 22, 86).
cost(17, 23, 88).
cost(17, 24, 87).
cost(18, 1, 53).
cost(18, 2, 47).
cost(18, 3, 55).
cost(18, 4, 48).
cost(18, 5, 50).
cost(18, 6, 64).
cost(18, 7, 68).
cost(18, 8, 72).
cost(18, 9, 27).
cost(18, 10, 23).
cost(18, 11, 19).
cost(18, 12, 14).
cost(18, 13, 21).
cost(18, 14, 21).
cost(18, 15, 31).
cost(18, 16, 20).
cost(18, 17, 9).
cost(18, 19, 15).
cost(18, 20, 15).
cost(18, 21, 77).
cost(18, 22, 82).
cost(18, 23, 84).
cost(18, 24, 84).
cost(19, 1, 60).
cost(19, 2, 56).
cost(19, 3, 65).
cost(19, 4, 56).
cost(19, 5, 64).
cost(19, 6, 76).
cost(19, 7, 81).
cost(19, 8, 85).
cost(19, 9, 40).
cost(19, 10, 35).
cost(19, 11, 33).
cost(19, 12, 28).
cost(19, 13, 33).
cost(19, 14, 33).
cost(19, 15, 45).
cost(19, 16, 35).
cost(19, 17, 13).
cost(19, 18, 15).
cost(19, 20, 3).
cost(19, 21, 91).
cost(19, 22, 96).
cost(19, 23, 98).
cost(19, 24, 98).
cost(20, 1, 58).
cost(20, 2, 53).
cost(20, 3, 63).
cost(20, 4, 54).
cost(20, 5, 65).
cost(20, 6, 78).
cost(20, 7, 82).
cost(20, 8, 86).
cost(20, 9, 41).
cost(20, 10, 37).
cost(20, 11, 34).
cost(20, 12, 29).
cost(20, 13, 35).
cost(20, 14, 35).
cost(20, 15, 46).
cost(20, 16, 35).
cost(20, 17, 11).
cost(20, 18, 15).
cost(20, 19, 3).
cost(20, 21, 91).
cost(20, 22, 96).
cost(20, 23, 98).
cost(20, 24, 98).
cost(21, 1, 66).
cost(21, 2, 62).
cost(21, 3, 57).
cost(21, 4, 63).
cost(21, 5, 36).
cost(21, 6, 52).
cost(21, 7, 40).
cost(21, 8, 54).
cost(21, 9, 59).
cost(21, 10, 64).
cost(21, 11, 63).
cost(21, 12, 65).
cost(21, 13, 66).
cost(21, 14, 67).
cost(21, 15, 49).
cost(21, 16, 57).
cost(21, 17, 81).
cost(21, 18, 77).
cost(21, 19, 91).
cost(21, 20, 91).
cost(21, 22, 8).
cost(21, 23, 7).
cost(21, 24, 7).
cost(22, 1, 74).
cost(22, 2, 70).
cost(22, 3, 66).
cost(22, 4, 71).
cost(22, 5, 37).
cost(22, 6, 50).
cost(22, 7, 37).
cost(22, 8, 51).
cost(22, 9, 62).
cost(22, 10, 67).
cost(22, 11, 67).
cost(22, 12, 69).
cost(22, 13, 69).
cost(22, 14, 70).
cost(22, 15, 53).
cost(22, 16, 61).
cost(22, 17, 86).
cost(22, 18, 82).
cost(22, 19, 96).
cost(22, 20, 96).
cost(22, 21, 8).
cost(22, 23, 5).
cost(22, 24, 10).
cost(23, 1, 72).
cost(23, 2, 69).
cost(23, 3, 64).
cost(23, 4, 70).
cost(23, 5, 41).
cost(23, 6, 55).
cost(23, 7, 42).
cost(23, 8, 56).
cost(23, 9, 65).
cost(23, 10, 70).
cost(23, 11, 70).
cost(23, 12, 72).
cost(23, 13, 73).
cost(23, 14, 73).
cost(23, 15, 56).
cost(23, 16, 63).
cost(23, 17, 88).
cost(23, 18, 84).
cost(23, 19, 98).
cost(23, 20, 98).
cost(23, 21, 7).
cost(23, 22, 5).
cost(23, 24, 5).
cost(24, 1, 69).
cost(24, 2, 66).
cost(24, 3, 60).
cost(24, 4, 67).
cost(24, 5, 43).
cost(24, 6, 59).
cost(24, 7, 46).
cost(24, 8, 60).
cost(24, 9, 66).
cost(24, 10, 71).
cost(24, 11, 70).
cost(24, 12, 72).
cost(24, 13, 74).
cost(24, 14, 74).
cost(24, 15, 57).
cost(24, 16, 63).
cost(24, 17, 87).
cost(24, 18, 84).
cost(24, 19, 98).
cost(24, 20, 98).
cost(24, 21, 7).
cost(24, 22, 10).
cost(24, 23, 5).
