dimension(24).
point(1, 14.5870275656, 83.9938098821).
point(2, 11.9228124327, 92.1299738102).
point(3, 22.408051963, 89.8053427402).
point(4, 7.8613395629, 86.0484974186).
point(5, 56.3789713082, 48.290708418).
point(6, 41.3026502252, 47.0894890911).
point(7, 58.0338492973, 54.0891072677).
point(8, 55.6243856379, 53.1008806127).
point(9, 67.9333998814, 8.2257958576).
point(10, 73.6866172739, 5.8422923487).
point(11, 76.6522323758, 5.1347932452).
point(12, 77.1006357245, 3.8871117236).
point(13, 85.5874874408, 35.3208417034).
point(14, 99.8196244701, 30.4486459423).
point(15, 88.9488643908, 29.2732862094).
point(16, 97.6252255821, 45.0539576285).
point(17, 15.1876143687, 65.517164226).
point(18, 22.9450043588, 65.7373475626).
point(19, 22.2986264091, 57.3105701697).
point(20, 25.7540552249, 64.5842472496).
point(21, 23.305204152, 63.2853354827).
point(22, 23.9497964655, 69.0499087277).
point(23, 26.6884029169, 58.7034424869).
point(24, 29.8959900999, 60.4951220138).
cost(1, 2, 9).
cost(1, 3, 10).
cost(1, 4, 7).
cost(1, 5, 55).
cost(1, 6, 46).
cost(1, 7, 53).
cost(1, 8, 51).
cost(1, 9, 93).
cost(1, 10, 98).
cost(1, 11, 100).
cost(1, 12, 102).
cost(1, 13, 86).
cost(1, 14, 101).
cost(1, 15, 92).
cost(1, 16, 92).
cost(1, 17, 18).
cost(1, 18, 20).
cost(1, 19, 28).
cost(1, 20, 22).
cost(1, 21, 22).
cost(1, 22, 18).
cost(1, 23, 28).
cost(1, 24, 28).
cost(2, 1, 9).
cost(2, 3, 11).
cost(2, 4, 7).
cost(2, 5, 62).
cost(2, 6, 54).
cost(2, 7, 60).
cost(2, 8, 59).
cost(2, 9, 101).
cost(2, 10, 106).
cost(2, 11, 108).
cost(2, 12, 110).
cost(2, 13, 93).
cost(2, 14, 107).
cost(2, 15, 99).
cost(2, 16, 98).
cost(2, 17, 27).
cost(2, 18, 29).
cost(2, 19, 36).
cost(2, 20, 31).
cost(2, 21, 31).
cost(2, 22, 26).
cost(2, 23, 37).
cost(2, 24, 36).
cost(3, 1, 10).
cost(3, 2, 11).
cost(3, 4, 15).
cost(3, 5, 54).
cost(3, 6, 47).
cost(3, 7, 50).
cost(3, 8, 50).
cost(3, 9, 93).
cost(3, 10, 98).
cost(3, 11, 101).
cost(3, 12, 102).
cost(3, 13, 83).
cost(3, 14, 98).
cost(3, 15, 90).
cost(3, 16, 88).
cost(3, 17, 25).
cost(3, 18, 24).
cost(3, 19, 32).
cost(3, 20, 25).
cost(3, 21, 27).
cost(3, 22, 21).
cost(3, 23, 31).
cost(3, 24, 30).
cost(4, 1, 7).
cost(4, 2, 7).
cost(4, 3, 15).
cost(4, 5, 61).
cost(4, 6, 51).
cost(4, 7, 59).
cost(4, 8, 58).
cost(4, 9, 98).
cost(4, 10, 104).
cost(4, 11, 106).
cost(4, 12, 107).
cost(4, 13, 93).
cost(4, 14, 107).
cost(4, 15, 99).
cost(4, 16, 99).
cost(4, 17, 22).
cost(4, 18, 25).
cost(4, 19, 32).
cost(4, 20, 28).
cost(4, 21, 28).
cost(4, 22, 23).
cost(4, 23, 33).
cost(4, 24, 34).
cost(5, 1, 55).
cost(5, 2, 62).
cost(5, 3, 54).
cost(5, 4, 61).
cost(5, 6, 15).
cost(5, 7, 6).
cost(5, 8, 5).
cost(5, 9, 42).
cost(5, 10, 46).
cost(5, 11, 48).
cost(5, 12, 49).
cost(5, 13, 32).
cost(5, 14, 47).
cost(5, 15, 38).
cost(5, 16, 41).
cost(5, 17, 45).
cost(5, 18, 38).
cost(5, 19, 35).
cost(5, 20, 35).
cost(5, 21, 36).
cost(5, 22, 39).
cost(5, 23, 31).
cost(5, 24, 29).
cost(6, 1, 46).
cost(6, 2, 54).
cost(6, 3, 47).
cost(6, 4, 51).
cost(6, 5, 15).
cost(6, 7, 18).
cost(6, 8, 16).
cost(6, 9, 47).
cost(6, 10, 52).
cost(6, 11, 55).
cost(6, 12, 56).
cost(6, 13, 46).
cost(6, 14, 61).
cost(6, 15, 51).
cost(6, 16, 56).
cost(6, 17, 32).
cost(6, 18, 26).
cost(6, 19, 22).
cost(6, 20, 23).
cost(6, 21, 24).
cost(6, 22, 28).
cost(6, 23, 19).
cost(6, 24, 18).
cost(7, 1, 53).
cost(7, 2, 60).
cost(7, 3, 50).
cost(7, 4, 59).
cost(7, 5, 6).
cost(7, 6, 18).
cost(7, 8, 3).
cost(7, 9, 47).
cost(7, 10, 51).
cost(7, 11, 52).
cost(7, 12, 54).
cost(7, 13, 33).
cost(7, 14, 48).
cost(7, 15, 40).
cost(7, 16, 41).
cost(7, 17, 44).
cost(7, 18, 37).
cost(7, 19, 36).
cost(7, 20, 34).
cost(7, 21, 36).
cost(7, 22, 37).
cost(7, 23, 32).
cost(7, 24, 29).
cost(8, 1, 51).
cost(8, 2, 59).
cost(8, 3, 50).
cost(8, 4, 58).
cost(8, 5, 5).
cost(8, 6, 16).
cost(8, 7, 3).
cost(8, 9, 47).
cost(8, 10, 51).
cost(8, 11, 52).
cost(8, 12, 54).
cost(8, 13, 35).
cost(8, 14, 50).
cost(8, 15, 41).
cost(8, 16, 43).
cost(8, 17, 42).
cost(8, 18, 35).
cost(8, 19, 34).
cost(8, 20, 32).
cost(8, 21, 34).
cost(8, 22, 35).
cost(8, 23, 29).
cost(8, 24, 27).
cost(9, 1, 93).
cost(9, 2, 101).
cost(9, 3, 93).
cost(9, 4, 98).
cost(9, 5, 42).
cost(9, 6, 47).
cost(9, 7, 47).
cost(9, 8, 47).
cost(9, 10, 6).
cost(9, 11, 9).
cost(9, 12, 10).
cost(9, 13, 32).
cost(9, 14, 39).
cost(9, 15, 30).
cost(9, 16, 47).
cost(9, 17, 78).
cost(9, 18, 73).
cost(9, 19, 67).
cost(9, 20, 70).
cost(9, 21, 71).
cost(9, 22, 75).
cost(9, 23, 65).
cost(9, 24, 65).
cost(10, 1, 98).
cost(10, 2, 106).
cost(10, 3, 98).
cost(10, 4, 104).
cost(10, 5, 46).
cost(10, 6, 52).
cost(10, 7, 51).
cost(10, 8, 51).
cost(10, 9, 6).
cost(10, 11, 3).
cost(10, 12, 4).
cost(10, 13, 32).
cost(10, 14, 36).
cost(10, 15, 28).
cost(10, 16, 46).
cost(10, 17, 84).
cost(10, 18, 78).
cost(10, 19, 73).
cost(10, 20, 76).
cost(10, 21, 76).
cost(10, 22, 80).
cost(10, 23, 71).
cost(10, 24, 70).
cost(11, 1, 100).
cost(11, 2, 108).
cost(11, 3, 101).
cost(11, 4, 106).
cost(11, 5, 48).
cost(11, 6, 55).
cost(11, 7, 52).
cost(11, 8, 52).
cost(11, 9, 9).
cost(11, 10, 3).
cost(11, 12, 1).
cost(11, 13, 31).
cost(11, 14, 34).
cost(11, 15, 27).
cost(11, 16, 45).
cost(11, 17, 86).
cost(11, 18, 81).
cost(11, 19, 75).
cost(11, 20, 78).
cost(11, 21, 79).
cost(11, 22, 83).
cost(11, 23, 73).
cost(11, 24, 72).
cost(12, 1, 102).
cost(12, 2, 110).
cost(12, 3, 102).
cost(12, 4, 107).
cost(12, 5, 49).
cost(12, 6, 56).
cost(12, 7, 54).
cost(12, 8, 54).
cost(12, 9, 10).
cost(12, 10, 4).
cost(12, 11, 1).
cost(12, 13, 33).
cost(12, 14, 35).
cost(12, 15, 28).
cost(12, 16, 46).
cost(12, 17, 87).
cost(12, 18, 82).
cost(12, 19, 77).
cost(12, 20, 80).
cost(12, 21, 80).
cost(12, 22, 84).
cost(12, 23, 74).
cost(12, 24, 74).
cost(13, 1, 86).
cost(13, 2, 93).
cost(13, 3, 83).
cost(13, 4, 93).
cost(13, 5, 32).
cost(13, 6, 46).
cost(13, 7, 33).
cost(13, 8, 35).
cost(13, 9, 32).
cost(13, 10, 32).
cost(13, 11, 31).
cost(13, 12, 33).
cost(13, 14, 15).
cost(13, 15, 7).
cost(13, 16, 15).
cost(13, 17, 77).
cost(13, 18, 70).
cost(13, 19, 67).
cost(13, 20, 67).
cost(13, 21, 68).
cost(13, 22, 70).
cost(13, 23, 63).
cost(13, 24, 61).
cost(14, 1, 101).
cost(14, 2, 107).
cost(14, 3, 98).
cost(14, 4, 107).
cost(14, 5, 47).
cost(14, 6, 61).
cost(14, 7, 48).
cost(14, 8, 50).
cost(14, 9, 39).
cost(14, 10, 36).
cost(14, 11, 34).
cost(14, 12, 35).
cost(14, 13, 15).
cost(14, 15, 11).
cost(14, 16, 15).
cost(14, 17, 92).
cost(14, 18, 85).
cost(14, 19, 82).
cost(14, 20, 82).
cost(14, 21, 83).
cost(14, 22, 85).
cost(14, 23, 78).
cost(14, 24, 76).
cost(15, 1, 92).
cost(15, 2, 99).
cost(15, 3, 90).
cost(15, 4, 99).
cost(15, 5, 38).
cost(15, 6, 51).
cost(15, 7, 40).
cost(15, 8, 41).
cost(15, 9, 30).
cost(15, 10, 28).
cost(15, 11, 27).
cost(15, 12, 28).
cost(15, 13, 7).
cost(15, 14, 11).
cost(15, 16, 18).
cost(15, 17, 82).
cost(15, 18, 75).
cost(15, 19, 72).
cost(15, 20, 72).
cost(15, 21, 74).
cost(15, 22, 76).
cost(15, 23, 69).
cost(15, 24, 67).
cost(16, 1, 92).
cost(16, 2, 98).
cost(16, 3, 88).
cost(16, 4, 99).
cost(16, 5, 41).
cost(16, 6, 56).
cost(16, 7, 41).
cost(16, 8, 43).
cost(16, 9, 47).
cost(16, 10, 46).
cost(16, 11, 45).
cost(16, 12, 46).
cost(16, 13, 15).
cost(16, 14, 15).
cost(16, 15, 18).
cost(16, 17, 85).
cost(16, 18, 77).
cost(16, 19, 76).
cost(16, 20, 74).
cost(16, 21, 77).
cost(16, 22, 77).
cost(16, 23, 72).
cost(16, 24, 69).
cost(17, 1, 18).
cost(17, 2, 27).
cost(17, 3, 25).
cost(17, 4, 22).
cost(17, 5, 45).
cost(17, 6, 32).
cost(17, 7, 44).
cost(17, 8, 42).
cost(17, 9, 78).
cost(17, 10, 84).
cost(17, 11, 86).
cost(17, 12, 87).
cost(17, 13, 77).
cost(17, 14, 92).
cost(17, 15, 82).
cost(17, 16, 85).
cost(17, 18, 8).
cost(17, 19, 11).
cost(17, 20, 11).
cost(17, 21, 8).
cost(17, 22, 9).
cost(17, 23, 13).
cost(17, 24, 16).
cost(18, 1, 20).
cost(18, 2, 29).
cost(18, 3, 24).
cost(18, 4, 25).
cost(18, 5, 38).
cost(18, 6, 26).
cost(18, 7, 37).
cost(18, 8, 35).
cost(18, 9, 73).
cost(18, 10, 78).
cost(18, 11, 81).
cost(18, 12, 82).
cost(18, 13, 70).
cost(18, 14, 85).
cost(18, 15, 75).
cost(18, 16, 77).
cost(18, 17, 8).
cost(18, 19, 8).
cost(18, 20, 3).
cost(18, 21, 2).
cost(18, 22, 3).
cost(18, 23, 8).
cost(18, 24, 9).
cost(19, 1, 28).
cost(19, 2, 36).
cost(19, 3, 32).
cost(19, 4, 32).
cost(19, 5, 35).
cost(19, 6, 22).
cost(19, 7, 36).
cost(19, 8, 34).
cost(19, 9, 67).
cost(19, 10, 73).
cost(19, 11, 75).
cost(19, 12, 77).
cost(19, 13, 67).
cost(19, 14, 82).
cost(19, 15, 72).
cost(19, 16, 76).
cost(19, 17, 11).
cost(19, 18, 8).
cost(19, 20, 8).
cost(19, 21, 6).
cost(19, 22, 12).
cost(19, 23, 5).
cost(19, 24, 8).
cost(20, 1, 22).
cost(20, 2, 31).
cost(20, 3, 25).
cost(20, 4, 28).
cost(20, 5, 35).
cost(20, 6, 23).
cost(20, 7, 34).
cost(20, 8, 32).
cost(20, 9, 70).
cost(20, 10, 76).
cost(20, 11, 78).
cost(20, 12, 80).
cost(20, 13, 67).
cost(20, 14, 82).
cost(20, 15, 72).
cost(20, 16, 74).
cost(20, 17, 11).
cost(20, 18, 3).
cost(20, 19, 8).
cost(20, 21, 3).
cost(20, 22, 5).
cost(20, 23, 6).
cost(20, 24, 6).
cost(21, 1, 22).
cost(21, 2, 31).
cost(21, 3, 27).
cost(21, 4, 28).
cost(21, 5, 36).
cost(21, 6, 24).
cost(21, 7, 36).
cost(21, 8, 34).
cost(21, 9, 71).
cost(21, 10, 76).
cost(21, 11, 79).
cost(21, 12, 80).
cost(21, 13, 68).
cost(21, 14, 83).
cost(21, 15, 74).
cost(21, 16, 77).
cost(21, 17, 8).
cost(21, 18, 2).
cost(21, 19, 6).
cost(21, 20, 3).
cost(21, 22, 6).
cost(21, 23, 6).
cost(21, 24, 7).
cost(22, 1, 18).
cost(22, 2, 26).
cost(22, 3, 21).
cost(22, 4, 23).
cost(22, 5, 39).
cost(22, 6, 28).
cost(22, 7, 37).
cost(22, 8, 35).
cost(22, 9, 75).
cost(22, 10, 80).
cost(22, 11, 83).
cost(22, 12, 84).
cost(22, 13, 70).
cost(22, 14, 85).
cost(22, 15, 76).
cost(22, 16, 77).
cost(22, 17, 9).
cost(22, 18, 3).
cost(22, 19, 12).
cost(22, 20, 5).
cost(22, 21, 6).
cost(22, 23, 11).
cost(22, 24, 10).
cost(23, 1, 28).
cost(23, 2, 37).
cost(23, 3, 31).
cost(23, 4, 33).
cost(23, 5, 31).
cost(23, 6, 19).
cost(23, 7, 32).
cost(23, 8, 29).
cost(23, 9, 65).
cost(23, 10, 71).
cost(23, 11, 73).
cost(23, 12, 74).
cost(23, 13, 63).
cost(23, 14, 78).
cost(23, 15, 69).
cost(23, 16, 72).
cost(23, 17, 13).
cost(23, 18, 8).
cost(23, 19, 5).
cost(23, 20, 6).
cost(23, 21, 6).
cost(23, 22, 11).
cost(23, 24, 4).
cost(24, 1, 28).
cost(24, 2, 36).
cost(24, 3, 30).
cost(24, 4, 34).
cost(24, 5, 29).
cost(24, 6, 18).
cost(24, 7, 29).
cost(24, 8, 27).
cost(24, 9, 65).
cost(24, 10, 70).
cost(24, 11, 72).
cost(24, 12, 74).
cost(24, 13, 61).
cost(24, 14, 76).
cost(24, 15, 67).
cost(24, 16, 69).
cost(24, 17, 16).
cost(24, 18, 9).
cost(24, 19, 8).
cost(24, 20, 6).
cost(24, 21, 7).
cost(24, 22, 10).
cost(24, 23, 4).
