dimension(24).
point(1, 99.1172242304, 92.9034556807).
point(2, 41.2488747767, 19.4786372336).
point(3, 26.6127752133, 50.9180163188).
point(4, 22.2026038093, 44.350955339).
point(5, 56.0933986269, 86.3596040854).
point(6, 84.4072209635, 56.0620115264).
point(7, 40.3218998596, 58.1425692135).
point(8, 93.4548058871, 50.2374786101).
point(9, 21.4957917656, 20.6151896955).
point(10, 45.7246176213, 22.2672631317).
point(11, 29.5181607687, 35.5808532532).
point(12, 45.7098668522, 77.1737230459).
point(13, 81.5406912818, 61.8301538526).
point(14, 25.8313372799, 60.2539363701).
point(15, 63.0510813431, 80.3805547307).
point(16, 22.2349546645, 41.7385188085).
point(17, 64.9629678773, 75.1244448016).
point(18, 14.5768162926, 33.6396192927).
point(19, 96.35435743, 75.7107652026).
point(20, 34.8619762619, 41.9662202213).
point(21, 74.9715422222, 86.4447059557).
point(22, 35.30119687, 32.507040206).
point(23, 96.6302989317, 36.8462596035).
point(24, 90.4654633309, 80.6977121527).
cost(1, 2, 93).
cost(1, 3, 84).
cost(1, 4, 91).
cost(1, 5, 44).
cost(1, 6, 40).
cost(1, 7, 68).
cost(1, 8, 43).
cost(1, 9, 106).
cost(1, 10, 89).
cost(1, 11, 90).
cost(1, 12, 56).
cost(1, 13, 36).
cost(1, 14, 80).
cost(1, 15, 38).
cost(1, 16, 92).
cost(1, 17, 39).
cost(1, 18, 103).
cost(1, 19, 17).
cost(1, 20, 82).
cost(1, 21, 25).
cost(1, 22, 88).
cost(1, 23, 56).
cost(1, 24, 15).
cost(2, 1, 93).
cost(2, 3, 35).
cost(2, 4, 31).
cost(2, 5, 69).
cost(2, 6, 57).
cost(2, 7, 39).
cost(2, 8, 61).
cost(2, 9, 20).
cost(2, 10, 5).
cost(2, 11, 20).
cost(2, 12, 58).
cost(2, 13, 58).
cost(2, 14, 44).
cost(2, 15, 65).
cost(2, 16, 29).
cost(2, 17, 60).
cost(2, 18, 30).
cost(2, 19, 79).
cost(2, 20, 23).
cost(2, 21, 75).
cost(2, 22, 14).
cost(2, 23, 58).
cost(2, 24, 79).
cost(3, 1, 84).
cost(3, 2, 35).
cost(3, 4, 8).
cost(3, 5, 46).
cost(3, 6, 58).
cost(3, 7, 15).
cost(3, 8, 67).
cost(3, 9, 31).
cost(3, 10, 34).
cost(3, 11, 16).
cost(3, 12, 32).
cost(3, 13, 56).
cost(3, 14, 9).
cost(3, 15, 47).
cost(3, 16, 10).
cost(3, 17, 45).
cost(3, 18, 21).
cost(3, 19, 74).
cost(3, 20, 12).
cost(3, 21, 60).
cost(3, 22, 20).
cost(3, 23, 71).
cost(3, 24, 70).
cost(4, 1, 91).
cost(4, 2, 31).
cost(4, 3, 8).
cost(4, 5, 54).
cost(4, 6, 63).
cost(4, 7, 23).
cost(4, 8, 71).
cost(4, 9, 24).
cost(4, 10, 32).
cost(4, 11, 11).
cost(4, 12, 40).
cost(4, 13, 62).
cost(4, 14, 16).
cost(4, 15, 54).
cost(4, 16, 3).
cost(4, 17, 53).
cost(4, 18, 13).
cost(4, 19, 81).
cost(4, 20, 13).
cost(4, 21, 68).
cost(4, 22, 18).
cost(4, 23, 75).
cost(4, 24, 77).
cost(5, 1, 44).
cost(5, 2, 69).
cost(5, 3, 46).
cost(5, 4, 54).
cost(5, 6, 41).
cost(5, 7, 32).
cost(5, 8, 52).
cost(5, 9, 74).
cost(5, 10, 65).
cost(5, 11, 57).
cost(5, 12, 14).
cost(5, 13, 35).
cost(5, 14, 40).
cost(5, 15, 9).
cost(5, 16, 56).
cost(5, 17, 14).
cost(5, 18, 67).
cost(5, 19, 42).
cost(5, 20, 49).
cost(5, 21, 19).
cost(5, 22, 58).
cost(5, 23, 64).
cost(5, 24, 35).
cost(6, 1, 40).
cost(6, 2, 57).
cost(6, 3, 58).
cost(6, 4, 63).
cost(6, 5, 41).
cost(6, 7, 44).
cost(6, 8, 11).
cost(6, 9, 72).
cost(6, 10, 51).
cost(6, 11, 59).
cost(6, 12, 44).
cost(6, 13, 6).
cost(6, 14, 59).
cost(6, 15, 32).
cost(6, 16, 64).
cost(6, 17, 27).
cost(6, 18, 73).
cost(6, 19, 23).
cost(6, 20, 52).
cost(6, 21, 32).
cost(6, 22, 54).
cost(6, 23, 23).
cost(6, 24, 25).
cost(7, 1, 68).
cost(7, 2, 39).
cost(7, 3, 15).
cost(7, 4, 23).
cost(7, 5, 32).
cost(7, 6, 44).
cost(7, 8, 54).
cost(7, 9, 42).
cost(7, 10, 36).
cost(7, 11, 25).
cost(7, 12, 20).
cost(7, 13, 41).
cost(7, 14, 15).
cost(7, 15, 32).
cost(7, 16, 24).
cost(7, 17, 30).
cost(7, 18, 36).
cost(7, 19, 59).
cost(7, 20, 17).
cost(7, 21, 45).
cost(7, 22, 26).
cost(7, 23, 60).
cost(7, 24, 55).
cost(8, 1, 43).
cost(8, 2, 61).
cost(8, 3, 67).
cost(8, 4, 71).
cost(8, 5, 52).
cost(8, 6, 11).
cost(8, 7, 54).
cost(8, 9, 78).
cost(8, 10, 55).
cost(8, 11, 66).
cost(8, 12, 55).
cost(8, 13, 17).
cost(8, 14, 68).
cost(8, 15, 43).
cost(8, 16, 72).
cost(8, 17, 38).
cost(8, 18, 81).
cost(8, 19, 26).
cost(8, 20, 59).
cost(8, 21, 41).
cost(8, 22, 61).
cost(8, 23, 14).
cost(8, 24, 31).
cost(9, 1, 106).
cost(9, 2, 20).
cost(9, 3, 31).
cost(9, 4, 24).
cost(9, 5, 74).
cost(9, 6, 72).
cost(9, 7, 42).
cost(9, 8, 78).
cost(9, 10, 24).
cost(9, 11, 17).
cost(9, 12, 62).
cost(9, 13, 73).
cost(9, 14, 40).
cost(9, 15, 73).
cost(9, 16, 21).
cost(9, 17, 70).
cost(9, 18, 15).
cost(9, 19, 93).
cost(9, 20, 25).
cost(9, 21, 85).
cost(9, 22, 18).
cost(9, 23, 77).
cost(9, 24, 91).
cost(10, 1, 89).
cost(10, 2, 5).
cost(10, 3, 34).
cost(10, 4, 32).
cost(10, 5, 65).
cost(10, 6, 51).
cost(10, 7, 36).
cost(10, 8, 55).
cost(10, 9, 24).
cost(10, 11, 21).
cost(10, 12, 55).
cost(10, 13, 53).
cost(10, 14, 43).
cost(10, 15, 61).
cost(10, 16, 31).
cost(10, 17, 56).
cost(10, 18, 33).
cost(10, 19, 74).
cost(10, 20, 22).
cost(10, 21, 71).
cost(10, 22, 15).
cost(10, 23, 53).
cost(10, 24, 74).
cost(11, 1, 90).
cost(11, 2, 20).
cost(11, 3, 16).
cost(11, 4, 11).
cost(11, 5, 57).
cost(11, 6, 59).
cost(11, 7, 25).
cost(11, 8, 66).
cost(11, 9, 17).
cost(11, 10, 21).
cost(11, 12, 45).
cost(11, 13, 58).
cost(11, 14, 25).
cost(11, 15, 56).
cost(11, 16, 10).
cost(11, 17, 53).
cost(11, 18, 15).
cost(11, 19, 78).
cost(11, 20, 8).
cost(11, 21, 68).
cost(11, 22, 7).
cost(11, 23, 67).
cost(11, 24, 76).
cost(12, 1, 56).
cost(12, 2, 58).
cost(12, 3, 32).
cost(12, 4, 40).
cost(12, 5, 14).
cost(12, 6, 44).
cost(12, 7, 20).
cost(12, 8, 55).
cost(12, 9, 62).
cost(12, 10, 55).
cost(12, 11, 45).
cost(12, 13, 39).
cost(12, 14, 26).
cost(12, 15, 18).
cost(12, 16, 43).
cost(12, 17, 19).
cost(12, 18, 54).
cost(12, 19, 51).
cost(12, 20, 37).
cost(12, 21, 31).
cost(12, 22, 46).
cost(12, 23, 65).
cost(12, 24, 45).
cost(13, 1, 36).
cost(13, 2, 58).
cost(13, 3, 56).
cost(13, 4, 62).
cost(13, 5, 35).
cost(13, 6, 6).
cost(13, 7, 41).
cost(13, 8, 17).
cost(13, 9, 73).
cost(13, 10, 53).
cost(13, 11, 58).
cost(13, 12, 39).
cost(13, 14, 56).
cost(13, 15, 26).
cost(13, 16, 63).
cost(13, 17, 21).
cost(13, 18, 73).
cost(13, 19, 20).
cost(13, 20, 51).
cost(13, 21, 25).
cost(13, 22, 55).
cost(13, 23, 29).
cost(13, 24, 21).
cost(14, 1, 80).
cost(14, 2, 44).
cost(14, 3, 9).
cost(14, 4, 16).
cost(14, 5, 40).
cost(14, 6, 59).
cost(14, 7, 15).
cost(14, 8, 68).
cost(14, 9, 40).
cost(14, 10, 43).
cost(14, 11, 25).
cost(14, 12, 26).
cost(14, 13, 56).
cost(14, 15, 42).
cost(14, 16, 19).
cost(14, 17, 42).
cost(14, 18, 29).
cost(14, 19, 72).
cost(14, 20, 20).
cost(14, 21, 56).
cost(14, 22, 29).
cost(14, 23, 75).
cost(14, 24, 68).
cost(15, 1, 38).
cost(15, 2, 65).
cost(15, 3, 47).
cost(15, 4, 54).
cost(15, 5, 9).
cost(15, 6, 32).
cost(15, 7, 32).
cost(15, 8, 43).
cost(15, 9, 73).
cost(15, 10, 61).
cost(15, 11, 56).
cost(15, 12, 18).
cost(15, 13, 26).
cost(15, 14, 42).
cost(15, 16, 56).
cost(15, 17, 6).
cost(15, 18, 67).
cost(15, 19, 34).
cost(15, 20, 48).
cost(15, 21, 13).
cost(15, 22, 55).
cost(15, 23, 55).
cost(15, 24, 27).
cost(16, 1, 92).
cost(16, 2, 29).
cost(16, 3, 10).
cost(16, 4, 3).
cost(16, 5, 56).
cost(16, 6, 64).
cost(16, 7, 24).
cost(16, 8, 72).
cost(16, 9, 21).
cost(16, 10, 31).
cost(16, 11, 10).
cost(16, 12, 43).
cost(16, 13, 63).
cost(16, 14, 19).
cost(16, 15, 56).
cost(16, 17, 54).
cost(16, 18, 11).
cost(16, 19, 82).
cost(16, 20, 13).
cost(16, 21, 69).
cost(16, 22, 16).
cost(16, 23, 75).
cost(16, 24, 79).
cost(17, 1, 39).
cost(17, 2, 60).
cost(17, 3, 45).
cost(17, 4, 53).
cost(17, 5, 14).
cost(17, 6, 27).
cost(17, 7, 30).
cost(17, 8, 38).
cost(17, 9, 70).
cost(17, 10, 56).
cost(17, 11, 53).
cost(17, 12, 19).
cost(17, 13, 21).
cost(17, 14, 42).
cost(17, 15, 6).
cost(17, 16, 54).
cost(17, 18, 65).
cost(17, 19, 31).
cost(17, 20, 45).
cost(17, 21, 15).
cost(17, 22, 52).
cost(17, 23, 50).
cost(17, 24, 26).
cost(18, 1, 103).
cost(18, 2, 30).
cost(18, 3, 21).
cost(18, 4, 13).
cost(18, 5, 67).
cost(18, 6, 73).
cost(18, 7, 36).
cost(18, 8, 81).
cost(18, 9, 15).
cost(18, 10, 33).
cost(18, 11, 15).
cost(18, 12, 54).
cost(18, 13, 73).
cost(18, 14, 29).
cost(18, 15, 67).
cost(18, 16, 11).
cost(18, 17, 65).
cost(18, 19, 92).
cost(18, 20, 22).
cost(18, 21, 80).
cost(18, 22, 21).
cost(18, 23, 82).
cost(18, 24, 89).
cost(19, 1, 17).
cost(19, 2, 79).
cost(19, 3, 74).
cost(19, 4, 81).
cost(19, 5, 42).
cost(19, 6, 23).
cost(19, 7, 59).
cost(19, 8, 26).
cost(19, 9, 93).
cost(19, 10, 74).
cost(19, 11, 78).
cost(19, 12, 51).
cost(19, 13, 20).
cost(19, 14, 72).
cost(19, 15, 34).
cost(19, 16, 82).
cost(19, 17, 31).
cost(19, 18, 92).
cost(19, 20, 70).
cost(19, 21, 24).
cost(19, 22, 75).
cost(19, 23, 39).
cost(19, 24, 8).
cost(20, 1, 82).
cost(20, 2, 23).
cost(20, 3, 12).
cost(20, 4, 13).
cost(20, 5, 49).
cost(20, 6, 52).
cost(20, 7, 17).
cost(20, 8, 59).
cost(20, 9, 25).
cost(20, 10, 22).
cost(20, 11, 8).
cost(20, 12, 37).
cost(20, 13, 51).
cost(20, 14, 20).
cost(20, 15, 48).
cost(20, 16, 13).
cost(20, 17, 45).
cost(20, 18, 22).
cost(20, 19, 70).
cost(20, 21, 60).
cost(20, 22, 9).
cost(20, 23, 62).
cost(20, 24, 68).
cost(21, 1, 25).
cost(21, 2, 75).
cost(21, 3, 60).
cost(21, 4, 68).
cost(21, 5, 19).
cost(21, 6, 32).
cost(21, 7, 45).
cost(21, 8, 41).
cost(21, 9, 85).
cost(21, 10, 71).
cost(21, 11, 68).
cost(21, 12, 31).
cost(21, 13, 25).
cost(21, 14, 56).
cost(21, 15, 13).
cost(21, 16, 69).
cost(21, 17, 15).
cost(21, 18, 80).
cost(21, 19, 24).
cost(21, 20, 60).
cost(21, 22, 67).
cost(21, 23, 54).
cost(21, 24, 17).
cost(22, 1, 88).
cost(22, 2, 14).
cost(22, 3, 20).
cost(22, 4, 18).
cost(22, 5, 58).
cost(22, 6, 54).
cost(22, 7, 26).
cost(22, 8, 61).
cost(22, 9, 18).
cost(22, 10, 15).
cost(22, 11, 7).
cost(22, 12, 46).
cost(22, 13, 55).
cost(22, 14, 29).
cost(22, 15, 55).
cost(22, 16, 16).
cost(22, 17, 52).
cost(22, 18, 21).
cost(22, 19, 75).
cost(22, 20, 9).
cost(22, 21, 67).
cost(22, 23, 61).
cost(22, 24, 73).
cost(23, 1, 56).
cost(23, 2, 58).
cost(23, 3, 71).
cost(23, 4, 75).
cost(23, 5, 64).
cost(23, 6, 23).
cost(23, 7, 60).
cost(23, 8, 14).
cost(23, 9, 77).
cost(23, 10, 53).
cost(23, 11, 67).
cost(23, 12, 65).
cost(23, 13, 29).
cost(23, 14, 75).
cost(23, 15, 55).
cost(23, 16, 75).
cost(23, 17, 50).
cost(23, 18, 82).
cost(23, 19, 39).
cost(23, 20, 62).
cost(23, 21, 54).
cost(23, 22, 61).
cost(23, 24, 44).
cost(24, 1, 15).
cost(24, 2, 79).
cost(24, 3, 70).
cost(24, 4, 77).
cost(24, 5, 35).
cost(24, 6, 25).
cost(24, 7, 55).
cost(24, 8, 31).
cost(24, 9, 91).
cost(24, 10, 74).
cost(24, 11, 76).
cost(24, 12, 45).
cost(24, 13, 21).
cost(24, 14, 68).
cost(24, 15, 27).
cost(24, 16, 79).
cost(24, 17, 26).
cost(24, 18, 89).
cost(24, 19, 8).
cost(24, 20, 68).
cost(24, 21, 17).
cost(24, 22, 73).
cost(24, 23, 44).
nocross(1,5).
nocross(1,6).
nocross(1,8).
nocross(1,13).
nocross(1,15).
nocross(1,17).
nocross(1,19).
nocross(1,21).
nocross(1,24).
nocross(2,4).
nocross(2,9).
nocross(2,10).
nocross(2,11).
nocross(2,16).
nocross(2,18).
nocross(2,20).
nocross(2,22).
nocross(2,23).
nocross(3,4).
nocross(3,7).
nocross(3,10).
nocross(3,11).
nocross(3,14).
nocross(3,16).
nocross(3,18).
nocross(3,20).
nocross(3,22).
nocross(4,2).
nocross(4,3).
nocross(4,7).
nocross(4,10).
nocross(4,11).
nocross(4,14).
nocross(4,16).
nocross(4,18).
nocross(4,20).
nocross(4,22).
nocross(5,1).
nocross(5,6).
nocross(5,12).
nocross(5,13).
nocross(5,14).
nocross(5,15).
nocross(5,17).
nocross(5,19).
nocross(5,21).
nocross(5,24).
nocross(6,1).
nocross(6,8).
nocross(6,10).
nocross(6,13).
nocross(6,15).
nocross(6,17).
nocross(6,19).
nocross(6,21).
nocross(6,23).
nocross(6,24).
nocross(7,2).
nocross(7,3).
nocross(7,4).
nocross(7,5).
nocross(7,6).
nocross(7,10).
nocross(7,11).
nocross(7,12).
nocross(7,13).
nocross(7,14).
nocross(7,15).
nocross(7,16).
nocross(7,17).
nocross(7,20).
nocross(7,22).
nocross(8,1).
nocross(8,6).
nocross(8,10).
nocross(8,13).
nocross(8,15).
nocross(8,17).
nocross(8,19).
nocross(8,23).
nocross(8,24).
nocross(9,2).
nocross(9,3).
nocross(9,4).
nocross(9,10).
nocross(9,11).
nocross(9,16).
nocross(9,18).
nocross(9,20).
nocross(9,22).
nocross(10,2).
nocross(10,4).
nocross(10,9).
nocross(10,11).
nocross(10,16).
nocross(10,20).
nocross(10,22).
nocross(10,23).
nocross(11,2).
nocross(11,3).
nocross(11,4).
nocross(11,9).
nocross(11,10).
nocross(11,16).
nocross(11,18).
nocross(11,20).
nocross(11,22).
nocross(12,3).
nocross(12,4).
nocross(12,5).
nocross(12,6).
nocross(12,7).
nocross(12,13).
nocross(12,14).
nocross(12,15).
nocross(12,17).
nocross(12,20).
nocross(12,21).
nocross(12,24).
nocross(13,1).
nocross(13,5).
nocross(13,6).
nocross(13,8).
nocross(13,10).
nocross(13,15).
nocross(13,17).
nocross(13,19).
nocross(13,21).
nocross(13,23).
nocross(13,24).
nocross(14,3).
nocross(14,4).
nocross(14,5).
nocross(14,7).
nocross(14,10).
nocross(14,11).
nocross(14,12).
nocross(14,16).
nocross(14,17).
nocross(14,18).
nocross(14,20).
nocross(14,22).
nocross(15,1).
nocross(15,5).
nocross(15,6).
nocross(15,7).
nocross(15,12).
nocross(15,13).
nocross(15,17).
nocross(15,19).
nocross(15,21).
nocross(15,24).
nocross(16,2).
nocross(16,3).
nocross(16,4).
nocross(16,10).
nocross(16,11).
nocross(16,14).
nocross(16,18).
nocross(16,20).
nocross(16,22).
nocross(17,1).
nocross(17,5).
nocross(17,6).
nocross(17,7).
nocross(17,8).
nocross(17,12).
nocross(17,13).
nocross(17,15).
nocross(17,19).
nocross(17,21).
nocross(17,24).
nocross(18,2).
nocross(18,3).
nocross(18,4).
nocross(18,9).
nocross(18,10).
nocross(18,11).
nocross(18,14).
nocross(18,16).
nocross(18,20).
nocross(18,22).
nocross(19,1).
nocross(19,5).
nocross(19,6).
nocross(19,8).
nocross(19,13).
nocross(19,15).
nocross(19,17).
nocross(19,21).
nocross(19,23).
nocross(19,24).
nocross(20,2).
nocross(20,3).
nocross(20,4).
nocross(20,7).
nocross(20,10).
nocross(20,11).
nocross(20,14).
nocross(20,16).
nocross(20,18).
nocross(20,22).
nocross(21,1).
nocross(21,5).
nocross(21,6).
nocross(21,8).
nocross(21,12).
nocross(21,13).
nocross(21,15).
nocross(21,17).
nocross(21,19).
nocross(21,24).
nocross(22,2).
nocross(22,3).
nocross(22,4).
nocross(22,9).
nocross(22,10).
nocross(22,11).
nocross(22,16).
nocross(22,18).
nocross(22,20).
nocross(23,2).
nocross(23,6).
nocross(23,8).
nocross(23,10).
nocross(23,13).
nocross(23,17).
nocross(23,19).
nocross(23,24).
nocross(24,1).
nocross(24,5).
nocross(24,6).
nocross(24,8).
nocross(24,13).
nocross(24,15).
nocross(24,17).
nocross(24,19).
nocross(24,21).
nocross(24,23).
