dimension(24).
point(1, 17.7779970593, 73.3415549836).
point(2, 4.833483935, 93.5308917552).
point(3, 33.3232306331, 32.8785252524).
point(4, 32.1787959598, 30.3570032712).
point(5, 29.5045844855, 98.2165954146).
point(6, 12.4447678509, 87.9377488571).
point(7, 44.6796647329, 12.4204325808).
point(8, 24.0852204162, 97.8908067786).
point(9, 63.3932955791, 33.0627079727).
point(10, 85.9094427775, 61.7668839142).
point(11, 30.0300889128, 0.2619225988).
point(12, 5.7333493727, 93.0475055837).
point(13, 78.306876369, 56.7899025435).
point(14, 27.2676395741, 94.0245989998).
point(15, 55.1191827306, 12.3761767913).
point(16, 35.3047305482, 83.2290817543).
point(17, 26.1714144874, 96.5588059151).
point(18, 81.3232500595, 43.3036607558).
point(19, 26.5559162766, 72.0251472734).
point(20, 49.2223481363, 14.3286740855).
point(21, 77.4628264726, 25.4472406896).
point(22, 24.1218984817, 10.9490258545).
point(23, 23.8411208892, 86.7154808334).
point(24, 9.5888799872, 73.6656927575).
cost(1, 2, 24).
cost(1, 3, 43).
cost(1, 4, 45).
cost(1, 5, 28).
cost(1, 6, 16).
cost(1, 7, 67).
cost(1, 8, 25).
cost(1, 9, 61).
cost(1, 10, 69).
cost(1, 11, 74).
cost(1, 12, 23).
cost(1, 13, 63).
cost(1, 14, 23).
cost(1, 15, 71).
cost(1, 16, 20).
cost(1, 17, 25).
cost(1, 18, 70).
cost(1, 19, 9).
cost(1, 20, 67).
cost(1, 21, 77).
cost(1, 22, 63).
cost(1, 23, 15).
cost(1, 24, 8).
cost(2, 1, 24).
cost(2, 3, 67).
cost(2, 4, 69).
cost(2, 5, 25).
cost(2, 6, 9).
cost(2, 7, 90).
cost(2, 8, 20).
cost(2, 9, 84).
cost(2, 10, 87).
cost(2, 11, 97).
cost(2, 12, 1).
cost(2, 13, 82).
cost(2, 14, 22).
cost(2, 15, 95).
cost(2, 16, 32).
cost(2, 17, 22).
cost(2, 18, 92).
cost(2, 19, 31).
cost(2, 20, 91).
cost(2, 21, 100).
cost(2, 22, 85).
cost(2, 23, 20).
cost(2, 24, 20).
cost(3, 1, 43).
cost(3, 2, 67).
cost(3, 4, 3).
cost(3, 5, 65).
cost(3, 6, 59).
cost(3, 7, 23).
cost(3, 8, 66).
cost(3, 9, 30).
cost(3, 10, 60).
cost(3, 11, 33).
cost(3, 12, 66).
cost(3, 13, 51).
cost(3, 14, 61).
cost(3, 15, 30).
cost(3, 16, 50).
cost(3, 17, 64).
cost(3, 18, 49).
cost(3, 19, 40).
cost(3, 20, 24).
cost(3, 21, 45).
cost(3, 22, 24).
cost(3, 23, 55).
cost(3, 24, 47).
cost(4, 1, 45).
cost(4, 2, 69).
cost(4, 3, 3).
cost(4, 5, 68).
cost(4, 6, 61).
cost(4, 7, 22).
cost(4, 8, 68).
cost(4, 9, 31).
cost(4, 10, 62).
cost(4, 11, 30).
cost(4, 12, 68).
cost(4, 13, 53).
cost(4, 14, 64).
cost(4, 15, 29).
cost(4, 16, 53).
cost(4, 17, 66).
cost(4, 18, 51).
cost(4, 19, 42).
cost(4, 20, 23).
cost(4, 21, 46).
cost(4, 22, 21).
cost(4, 23, 57).
cost(4, 24, 49).
cost(5, 1, 28).
cost(5, 2, 25).
cost(5, 3, 65).
cost(5, 4, 68).
cost(5, 6, 20).
cost(5, 7, 87).
cost(5, 8, 5).
cost(5, 9, 73).
cost(5, 10, 67).
cost(5, 11, 98).
cost(5, 12, 24).
cost(5, 13, 64).
cost(5, 14, 5).
cost(5, 15, 90).
cost(5, 16, 16).
cost(5, 17, 4).
cost(5, 18, 76).
cost(5, 19, 26).
cost(5, 20, 86).
cost(5, 21, 87).
cost(5, 22, 87).
cost(5, 23, 13).
cost(5, 24, 32).
cost(6, 1, 16).
cost(6, 2, 9).
cost(6, 3, 59).
cost(6, 4, 61).
cost(6, 5, 20).
cost(6, 7, 82).
cost(6, 8, 15).
cost(6, 9, 75).
cost(6, 10, 78).
cost(6, 11, 89).
cost(6, 12, 8).
cost(6, 13, 73).
cost(6, 14, 16).
cost(6, 15, 87).
cost(6, 16, 23).
cost(6, 17, 16).
cost(6, 18, 82).
cost(6, 19, 21).
cost(6, 20, 82).
cost(6, 21, 90).
cost(6, 22, 78).
cost(6, 23, 11).
cost(6, 24, 15).
cost(7, 1, 67).
cost(7, 2, 90).
cost(7, 3, 23).
cost(7, 4, 22).
cost(7, 5, 87).
cost(7, 6, 82).
cost(7, 8, 88).
cost(7, 9, 28).
cost(7, 10, 64).
cost(7, 11, 19).
cost(7, 12, 90).
cost(7, 13, 56).
cost(7, 14, 83).
cost(7, 15, 10).
cost(7, 16, 71).
cost(7, 17, 86).
cost(7, 18, 48).
cost(7, 19, 62).
cost(7, 20, 5).
cost(7, 21, 35).
cost(7, 22, 21).
cost(7, 23, 77).
cost(7, 24, 71).
cost(8, 1, 25).
cost(8, 2, 20).
cost(8, 3, 66).
cost(8, 4, 68).
cost(8, 5, 5).
cost(8, 6, 15).
cost(8, 7, 88).
cost(8, 9, 76).
cost(8, 10, 72).
cost(8, 11, 98).
cost(8, 12, 19).
cost(8, 13, 68).
cost(8, 14, 5).
cost(8, 15, 91).
cost(8, 16, 18).
cost(8, 17, 2).
cost(8, 18, 79).
cost(8, 19, 26).
cost(8, 20, 87).
cost(8, 21, 90).
cost(8, 22, 87).
cost(8, 23, 11).
cost(8, 24, 28).
cost(9, 1, 61).
cost(9, 2, 84).
cost(9, 3, 30).
cost(9, 4, 31).
cost(9, 5, 73).
cost(9, 6, 75).
cost(9, 7, 28).
cost(9, 8, 76).
cost(9, 10, 36).
cost(9, 11, 47).
cost(9, 12, 83).
cost(9, 13, 28).
cost(9, 14, 71).
cost(9, 15, 22).
cost(9, 16, 57).
cost(9, 17, 74).
cost(9, 18, 21).
cost(9, 19, 54).
cost(9, 20, 23).
cost(9, 21, 16).
cost(9, 22, 45).
cost(9, 23, 67).
cost(9, 24, 67).
cost(10, 1, 69).
cost(10, 2, 87).
cost(10, 3, 60).
cost(10, 4, 62).
cost(10, 5, 67).
cost(10, 6, 78).
cost(10, 7, 64).
cost(10, 8, 72).
cost(10, 9, 36).
cost(10, 11, 83).
cost(10, 12, 86).
cost(10, 13, 9).
cost(10, 14, 67).
cost(10, 15, 58).
cost(10, 16, 55).
cost(10, 17, 69).
cost(10, 18, 19).
cost(10, 19, 60).
cost(10, 20, 60).
cost(10, 21, 37).
cost(10, 22, 80).
cost(10, 23, 67).
cost(10, 24, 77).
cost(11, 1, 74).
cost(11, 2, 97).
cost(11, 3, 33).
cost(11, 4, 30).
cost(11, 5, 98).
cost(11, 6, 89).
cost(11, 7, 19).
cost(11, 8, 98).
cost(11, 9, 47).
cost(11, 10, 83).
cost(11, 12, 96).
cost(11, 13, 74).
cost(11, 14, 94).
cost(11, 15, 28).
cost(11, 16, 83).
cost(11, 17, 96).
cost(11, 18, 67).
cost(11, 19, 72).
cost(11, 20, 24).
cost(11, 21, 54).
cost(11, 22, 12).
cost(11, 23, 87).
cost(11, 24, 76).
cost(12, 1, 23).
cost(12, 2, 1).
cost(12, 3, 66).
cost(12, 4, 68).
cost(12, 5, 24).
cost(12, 6, 8).
cost(12, 7, 90).
cost(12, 8, 19).
cost(12, 9, 83).
cost(12, 10, 86).
cost(12, 11, 96).
cost(12, 13, 81).
cost(12, 14, 22).
cost(12, 15, 95).
cost(12, 16, 31).
cost(12, 17, 21).
cost(12, 18, 90).
cost(12, 19, 30).
cost(12, 20, 90).
cost(12, 21, 99).
cost(12, 22, 84).
cost(12, 23, 19).
cost(12, 24, 20).
cost(13, 1, 63).
cost(13, 2, 82).
cost(13, 3, 51).
cost(13, 4, 53).
cost(13, 5, 64).
cost(13, 6, 73).
cost(13, 7, 56).
cost(13, 8, 68).
cost(13, 9, 28).
cost(13, 10, 9).
cost(13, 11, 74).
cost(13, 12, 81).
cost(13, 14, 63).
cost(13, 15, 50).
cost(13, 16, 50).
cost(13, 17, 66).
cost(13, 18, 14).
cost(13, 19, 54).
cost(13, 20, 51).
cost(13, 21, 31).
cost(13, 22, 71).
cost(13, 23, 62).
cost(13, 24, 71).
cost(14, 1, 23).
cost(14, 2, 22).
cost(14, 3, 61).
cost(14, 4, 64).
cost(14, 5, 5).
cost(14, 6, 16).
cost(14, 7, 83).
cost(14, 8, 5).
cost(14, 9, 71).
cost(14, 10, 67).
cost(14, 11, 94).
cost(14, 12, 22).
cost(14, 13, 63).
cost(14, 15, 86).
cost(14, 16, 13).
cost(14, 17, 3).
cost(14, 18, 74).
cost(14, 19, 22).
cost(14, 20, 83).
cost(14, 21, 85).
cost(14, 22, 83).
cost(14, 23, 8).
cost(14, 24, 27).
cost(15, 1, 71).
cost(15, 2, 95).
cost(15, 3, 30).
cost(15, 4, 29).
cost(15, 5, 90).
cost(15, 6, 87).
cost(15, 7, 10).
cost(15, 8, 91).
cost(15, 9, 22).
cost(15, 10, 58).
cost(15, 11, 28).
cost(15, 12, 95).
cost(15, 13, 50).
cost(15, 14, 86).
cost(15, 16, 74).
cost(15, 17, 89).
cost(15, 18, 41).
cost(15, 19, 66).
cost(15, 20, 6).
cost(15, 21, 26).
cost(15, 22, 31).
cost(15, 23, 81).
cost(15, 24, 76).
cost(16, 1, 20).
cost(16, 2, 32).
cost(16, 3, 50).
cost(16, 4, 53).
cost(16, 5, 16).
cost(16, 6, 23).
cost(16, 7, 71).
cost(16, 8, 18).
cost(16, 9, 57).
cost(16, 10, 55).
cost(16, 11, 83).
cost(16, 12, 31).
cost(16, 13, 50).
cost(16, 14, 13).
cost(16, 15, 74).
cost(16, 17, 16).
cost(16, 18, 61).
cost(16, 19, 14).
cost(16, 20, 70).
cost(16, 21, 72).
cost(16, 22, 73).
cost(16, 23, 12).
cost(16, 24, 27).
cost(17, 1, 25).
cost(17, 2, 22).
cost(17, 3, 64).
cost(17, 4, 66).
cost(17, 5, 4).
cost(17, 6, 16).
cost(17, 7, 86).
cost(17, 8, 2).
cost(17, 9, 74).
cost(17, 10, 69).
cost(17, 11, 96).
cost(17, 12, 21).
cost(17, 13, 66).
cost(17, 14, 3).
cost(17, 15, 89).
cost(17, 16, 16).
cost(17, 18, 77).
cost(17, 19, 25).
cost(17, 20, 85).
cost(17, 21, 88).
cost(17, 22, 86).
cost(17, 23, 10).
cost(17, 24, 28).
cost(18, 1, 70).
cost(18, 2, 92).
cost(18, 3, 49).
cost(18, 4, 51).
cost(18, 5, 76).
cost(18, 6, 82).
cost(18, 7, 48).
cost(18, 8, 79).
cost(18, 9, 21).
cost(18, 10, 19).
cost(18, 11, 67).
cost(18, 12, 90).
cost(18, 13, 14).
cost(18, 14, 74).
cost(18, 15, 41).
cost(18, 16, 61).
cost(18, 17, 77).
cost(18, 19, 62).
cost(18, 20, 43).
cost(18, 21, 18).
cost(18, 22, 66).
cost(18, 23, 72).
cost(18, 24, 78).
cost(19, 1, 9).
cost(19, 2, 31).
cost(19, 3, 40).
cost(19, 4, 42).
cost(19, 5, 26).
cost(19, 6, 21).
cost(19, 7, 62).
cost(19, 8, 26).
cost(19, 9, 54).
cost(19, 10, 60).
cost(19, 11, 72).
cost(19, 12, 30).
cost(19, 13, 54).
cost(19, 14, 22).
cost(19, 15, 66).
cost(19, 16, 14).
cost(19, 17, 25).
cost(19, 18, 62).
cost(19, 20, 62).
cost(19, 21, 69).
cost(19, 22, 61).
cost(19, 23, 15).
cost(19, 24, 17).
cost(20, 1, 67).
cost(20, 2, 91).
cost(20, 3, 24).
cost(20, 4, 23).
cost(20, 5, 86).
cost(20, 6, 82).
cost(20, 7, 5).
cost(20, 8, 87).
cost(20, 9, 23).
cost(20, 10, 60).
cost(20, 11, 24).
cost(20, 12, 90).
cost(20, 13, 51).
cost(20, 14, 83).
cost(20, 15, 6).
cost(20, 16, 70).
cost(20, 17, 85).
cost(20, 18, 43).
cost(20, 19, 62).
cost(20, 21, 30).
cost(20, 22, 25).
cost(20, 23, 77).
cost(20, 24, 71).
cost(21, 1, 77).
cost(21, 2, 100).
cost(21, 3, 45).
cost(21, 4, 46).
cost(21, 5, 87).
cost(21, 6, 90).
cost(21, 7, 35).
cost(21, 8, 90).
cost(21, 9, 16).
cost(21, 10, 37).
cost(21, 11, 54).
cost(21, 12, 99).
cost(21, 13, 31).
cost(21, 14, 85).
cost(21, 15, 26).
cost(21, 16, 72).
cost(21, 17, 88).
cost(21, 18, 18).
cost(21, 19, 69).
cost(21, 20, 30).
cost(21, 22, 55).
cost(21, 23, 81).
cost(21, 24, 83).
cost(22, 1, 63).
cost(22, 2, 85).
cost(22, 3, 24).
cost(22, 4, 21).
cost(22, 5, 87).
cost(22, 6, 78).
cost(22, 7, 21).
cost(22, 8, 87).
cost(22, 9, 45).
cost(22, 10, 80).
cost(22, 11, 12).
cost(22, 12, 84).
cost(22, 13, 71).
cost(22, 14, 83).
cost(22, 15, 31).
cost(22, 16, 73).
cost(22, 17, 86).
cost(22, 18, 66).
cost(22, 19, 61).
cost(22, 20, 25).
cost(22, 21, 55).
cost(22, 23, 76).
cost(22, 24, 64).
cost(23, 1, 15).
cost(23, 2, 20).
cost(23, 3, 55).
cost(23, 4, 57).
cost(23, 5, 13).
cost(23, 6, 11).
cost(23, 7, 77).
cost(23, 8, 11).
cost(23, 9, 67).
cost(23, 10, 67).
cost(23, 11, 87).
cost(23, 12, 19).
cost(23, 13, 62).
cost(23, 14, 8).
cost(23, 15, 81).
cost(23, 16, 12).
cost(23, 17, 10).
cost(23, 18, 72).
cost(23, 19, 15).
cost(23, 20, 77).
cost(23, 21, 81).
cost(23, 22, 76).
cost(23, 24, 19).
cost(24, 1, 8).
cost(24, 2, 20).
cost(24, 3, 47).
cost(24, 4, 49).
cost(24, 5, 32).
cost(24, 6, 15).
cost(24, 7, 71).
cost(24, 8, 28).
cost(24, 9, 67).
cost(24, 10, 77).
cost(24, 11, 76).
cost(24, 12, 20).
cost(24, 13, 71).
cost(24, 14, 27).
cost(24, 15, 76).
cost(24, 16, 27).
cost(24, 17, 28).
cost(24, 18, 78).
cost(24, 19, 17).
cost(24, 20, 71).
cost(24, 21, 83).
cost(24, 22, 64).
cost(24, 23, 19).
nocross(1,2).
nocross(1,3).
nocross(1,4).
nocross(1,6).
nocross(1,8).
nocross(1,12).
nocross(1,14).
nocross(1,16).
nocross(1,17).
nocross(1,19).
nocross(1,23).
nocross(1,24).
nocross(2,1).
nocross(2,5).
nocross(2,6).
nocross(2,8).
nocross(2,12).
nocross(2,23).
nocross(2,24).
nocross(3,1).
nocross(3,4).
nocross(3,7).
nocross(3,9).
nocross(3,11).
nocross(3,15).
nocross(3,19).
nocross(3,20).
nocross(3,22).
nocross(3,24).
nocross(4,1).
nocross(4,3).
nocross(4,7).
nocross(4,9).
nocross(4,11).
nocross(4,15).
nocross(4,19).
nocross(4,20).
nocross(4,22).
nocross(5,1).
nocross(5,6).
nocross(5,8).
nocross(5,14).
nocross(5,16).
nocross(5,17).
nocross(5,19).
nocross(5,23).
nocross(6,1).
nocross(6,2).
nocross(6,3).
nocross(6,4).
nocross(6,5).
nocross(6,8).
nocross(6,12).
nocross(6,14).
nocross(6,16).
nocross(6,17).
nocross(6,19).
nocross(6,23).
nocross(6,24).
nocross(7,3).
nocross(7,4).
nocross(7,9).
nocross(7,11).
nocross(7,15).
nocross(7,20).
nocross(7,22).
nocross(8,1).
nocross(8,2).
nocross(8,5).
nocross(8,6).
nocross(8,12).
nocross(8,14).
nocross(8,16).
nocross(8,17).
nocross(8,19).
nocross(8,23).
nocross(8,24).
nocross(9,3).
nocross(9,4).
nocross(9,7).
nocross(9,13).
nocross(9,15).
nocross(9,18).
nocross(9,20).
nocross(9,21).
nocross(9,22).
nocross(10,3).
nocross(10,13).
nocross(10,18).
nocross(10,21).
nocross(11,3).
nocross(11,4).
nocross(11,7).
nocross(11,15).
nocross(11,20).
nocross(11,22).
nocross(12,1).
nocross(12,2).
nocross(12,5).
nocross(12,6).
nocross(12,8).
nocross(12,14).
nocross(12,17).
nocross(12,19).
nocross(12,23).
nocross(12,24).
nocross(13,3).
nocross(13,4).
nocross(13,7).
nocross(13,9).
nocross(13,10).
nocross(13,16).
nocross(13,18).
nocross(13,20).
nocross(14,1).
nocross(14,5).
nocross(14,6).
nocross(14,8).
nocross(14,12).
nocross(14,16).
nocross(14,17).
nocross(14,19).
nocross(14,23).
nocross(14,24).
nocross(15,3).
nocross(15,4).
nocross(15,7).
nocross(15,9).
nocross(15,11).
nocross(15,20).
nocross(15,21).
nocross(15,22).
nocross(16,1).
nocross(16,3).
nocross(16,4).
nocross(16,5).
nocross(16,6).
nocross(16,8).
nocross(16,12).
nocross(16,14).
nocross(16,17).
nocross(16,19).
nocross(16,20).
nocross(16,23).
nocross(16,24).
nocross(17,1).
nocross(17,2).
nocross(17,3).
nocross(17,5).
nocross(17,6).
nocross(17,8).
nocross(17,12).
nocross(17,14).
nocross(17,16).
nocross(17,19).
nocross(17,23).
nocross(17,24).
nocross(18,3).
nocross(18,4).
nocross(18,7).
nocross(18,9).
nocross(18,10).
nocross(18,13).
nocross(18,15).
nocross(18,20).
nocross(18,21).
nocross(19,1).
nocross(19,2).
nocross(19,3).
nocross(19,4).
nocross(19,6).
nocross(19,7).
nocross(19,8).
nocross(19,12).
nocross(19,14).
nocross(19,16).
nocross(19,17).
nocross(19,20).
nocross(19,23).
nocross(19,24).
nocross(20,3).
nocross(20,4).
nocross(20,7).
nocross(20,9).
nocross(20,11).
nocross(20,15).
nocross(20,22).
nocross(21,3).
nocross(21,4).
nocross(21,7).
nocross(21,9).
nocross(21,10).
nocross(21,11).
nocross(21,13).
nocross(21,15).
nocross(21,18).
nocross(21,20).
nocross(21,22).
nocross(22,3).
nocross(22,4).
nocross(22,7).
nocross(22,11).
nocross(22,15).
nocross(22,20).
nocross(23,1).
nocross(23,2).
nocross(23,3).
nocross(23,4).
nocross(23,5).
nocross(23,6).
nocross(23,8).
nocross(23,12).
nocross(23,14).
nocross(23,16).
nocross(23,17).
nocross(23,19).
nocross(23,24).
nocross(24,1).
nocross(24,2).
nocross(24,3).
nocross(24,4).
nocross(24,6).
nocross(24,12).
nocross(24,14).
nocross(24,16).
nocross(24,17).
nocross(24,19).
nocross(24,23).
