dimension(24).
point(1, 40.1250233182, 21.470342556).
point(2, 32.8854675955, 59.7949269403).
point(3, 57.8179334848, 0.7359839185).
point(4, 79.3720033143, 25.0360150539).
point(5, 14.4717802543, 89.9991342372).
point(6, 79.8555461325, 23.4177978293).
point(7, 81.6697381045, 30.8503906227).
point(8, 49.0142085265, 69.3029778962).
point(9, 61.1521912643, 36.812512581).
point(10, 26.3177634302, 10.033064548).
point(11, 21.5266005424, 83.7743718766).
point(12, 18.2519139174, 70.9232678596).
point(13, 53.7967372492, 83.5257370179).
point(14, 48.2508883508, 11.3225397835).
point(15, 55.5822122502, 76.190972366).
point(16, 54.5004009985, 28.1123733221).
point(17, 50.6520855888, 87.5409394381).
point(18, 72.1391774106, 70.0193285565).
point(19, 34.2502502283, 79.3878700731).
point(20, 72.2689679529, 35.2688051603).
point(21, 83.0557979885, 37.9273276156).
point(22, 23.2902269651, 79.0318990387).
point(23, 62.9514532702, 7.076762074).
point(24, 12.4660834462, 60.3027142685).
cost(1, 2, 39).
cost(1, 3, 27).
cost(1, 4, 39).
cost(1, 5, 73).
cost(1, 6, 40).
cost(1, 7, 43).
cost(1, 8, 49).
cost(1, 9, 26).
cost(1, 10, 18).
cost(1, 11, 65).
cost(1, 12, 54).
cost(1, 13, 64).
cost(1, 14, 13).
cost(1, 15, 57).
cost(1, 16, 16).
cost(1, 17, 67).
cost(1, 18, 58).
cost(1, 19, 58).
cost(1, 20, 35).
cost(1, 21, 46).
cost(1, 22, 60).
cost(1, 23, 27).
cost(1, 24, 48).
cost(2, 1, 39).
cost(2, 3, 64).
cost(2, 4, 58).
cost(2, 5, 35).
cost(2, 6, 59).
cost(2, 7, 57).
cost(2, 8, 19).
cost(2, 9, 36).
cost(2, 10, 50).
cost(2, 11, 27).
cost(2, 12, 18).
cost(2, 13, 32).
cost(2, 14, 51).
cost(2, 15, 28).
cost(2, 16, 38).
cost(2, 17, 33).
cost(2, 18, 41).
cost(2, 19, 20).
cost(2, 20, 46).
cost(2, 21, 55).
cost(2, 22, 21).
cost(2, 23, 61).
cost(2, 24, 20).
cost(3, 1, 27).
cost(3, 2, 64).
cost(3, 4, 32).
cost(3, 5, 99).
cost(3, 6, 32).
cost(3, 7, 38).
cost(3, 8, 69).
cost(3, 9, 36).
cost(3, 10, 33).
cost(3, 11, 91).
cost(3, 12, 81).
cost(3, 13, 83).
cost(3, 14, 14).
cost(3, 15, 75).
cost(3, 16, 28).
cost(3, 17, 87).
cost(3, 18, 71).
cost(3, 19, 82).
cost(3, 20, 37).
cost(3, 21, 45).
cost(3, 22, 86).
cost(3, 23, 8).
cost(3, 24, 75).
cost(4, 1, 39).
cost(4, 2, 58).
cost(4, 3, 32).
cost(4, 5, 92).
cost(4, 6, 2).
cost(4, 7, 6).
cost(4, 8, 54).
cost(4, 9, 22).
cost(4, 10, 55).
cost(4, 11, 82).
cost(4, 12, 76).
cost(4, 13, 64).
cost(4, 14, 34).
cost(4, 15, 56).
cost(4, 16, 25).
cost(4, 17, 69).
cost(4, 18, 46).
cost(4, 19, 71).
cost(4, 20, 12).
cost(4, 21, 13).
cost(4, 22, 78).
cost(4, 23, 24).
cost(4, 24, 76).
cost(5, 1, 73).
cost(5, 2, 35).
cost(5, 3, 99).
cost(5, 4, 92).
cost(5, 6, 93).
cost(5, 7, 90).
cost(5, 8, 40).
cost(5, 9, 71).
cost(5, 10, 81).
cost(5, 11, 9).
cost(5, 12, 19).
cost(5, 13, 40).
cost(5, 14, 86).
cost(5, 15, 43).
cost(5, 16, 74).
cost(5, 17, 36).
cost(5, 18, 61).
cost(5, 19, 22).
cost(5, 20, 80).
cost(5, 21, 86).
cost(5, 22, 14).
cost(5, 23, 96).
cost(5, 24, 30).
cost(6, 1, 40).
cost(6, 2, 59).
cost(6, 3, 32).
cost(6, 4, 2).
cost(6, 5, 93).
cost(6, 7, 8).
cost(6, 8, 55).
cost(6, 9, 23).
cost(6, 10, 55).
cost(6, 11, 84).
cost(6, 12, 78).
cost(6, 13, 66).
cost(6, 14, 34).
cost(6, 15, 58).
cost(6, 16, 26).
cost(6, 17, 70).
cost(6, 18, 47).
cost(6, 19, 72).
cost(6, 20, 14).
cost(6, 21, 15).
cost(6, 22, 79).
cost(6, 23, 24).
cost(6, 24, 77).
cost(7, 1, 43).
cost(7, 2, 57).
cost(7, 3, 38).
cost(7, 4, 6).
cost(7, 5, 90).
cost(7, 6, 8).
cost(7, 8, 50).
cost(7, 9, 21).
cost(7, 10, 59).
cost(7, 11, 80).
cost(7, 12, 75).
cost(7, 13, 60).
cost(7, 14, 39).
cost(7, 15, 52).
cost(7, 16, 27).
cost(7, 17, 65).
cost(7, 18, 40).
cost(7, 19, 68).
cost(7, 20, 10).
cost(7, 21, 7).
cost(7, 22, 76).
cost(7, 23, 30).
cost(7, 24, 75).
cost(8, 1, 49).
cost(8, 2, 19).
cost(8, 3, 69).
cost(8, 4, 54).
cost(8, 5, 40).
cost(8, 6, 55).
cost(8, 7, 50).
cost(8, 9, 35).
cost(8, 10, 63).
cost(8, 11, 31).
cost(8, 12, 31).
cost(8, 13, 15).
cost(8, 14, 58).
cost(8, 15, 10).
cost(8, 16, 42).
cost(8, 17, 18).
cost(8, 18, 23).
cost(8, 19, 18).
cost(8, 20, 41).
cost(8, 21, 46).
cost(8, 22, 28).
cost(8, 23, 64).
cost(8, 24, 38).
cost(9, 1, 26).
cost(9, 2, 36).
cost(9, 3, 36).
cost(9, 4, 22).
cost(9, 5, 71).
cost(9, 6, 23).
cost(9, 7, 21).
cost(9, 8, 35).
cost(9, 10, 44).
cost(9, 11, 61).
cost(9, 12, 55).
cost(9, 13, 47).
cost(9, 14, 29).
cost(9, 15, 40).
cost(9, 16, 11).
cost(9, 17, 52).
cost(9, 18, 35).
cost(9, 19, 50).
cost(9, 20, 11).
cost(9, 21, 22).
cost(9, 22, 57).
cost(9, 23, 30).
cost(9, 24, 54).
cost(10, 1, 18).
cost(10, 2, 50).
cost(10, 3, 33).
cost(10, 4, 55).
cost(10, 5, 81).
cost(10, 6, 55).
cost(10, 7, 59).
cost(10, 8, 63).
cost(10, 9, 44).
cost(10, 11, 74).
cost(10, 12, 61).
cost(10, 13, 78).
cost(10, 14, 22).
cost(10, 15, 72).
cost(10, 16, 33).
cost(10, 17, 81).
cost(10, 18, 75).
cost(10, 19, 70).
cost(10, 20, 52).
cost(10, 21, 63).
cost(10, 22, 69).
cost(10, 23, 37).
cost(10, 24, 52).
cost(11, 1, 65).
cost(11, 2, 27).
cost(11, 3, 91).
cost(11, 4, 82).
cost(11, 5, 9).
cost(11, 6, 84).
cost(11, 7, 80).
cost(11, 8, 31).
cost(11, 9, 61).
cost(11, 10, 74).
cost(11, 12, 13).
cost(11, 13, 32).
cost(11, 14, 77).
cost(11, 15, 35).
cost(11, 16, 65).
cost(11, 17, 29).
cost(11, 18, 52).
cost(11, 19, 13).
cost(11, 20, 70).
cost(11, 21, 77).
cost(11, 22, 5).
cost(11, 23, 87).
cost(11, 24, 25).
cost(12, 1, 54).
cost(12, 2, 18).
cost(12, 3, 81).
cost(12, 4, 76).
cost(12, 5, 19).
cost(12, 6, 78).
cost(12, 7, 75).
cost(12, 8, 31).
cost(12, 9, 55).
cost(12, 10, 61).
cost(12, 11, 13).
cost(12, 13, 38).
cost(12, 14, 67).
cost(12, 15, 38).
cost(12, 16, 56).
cost(12, 17, 36).
cost(12, 18, 54).
cost(12, 19, 18).
cost(12, 20, 65).
cost(12, 21, 73).
cost(12, 22, 10).
cost(12, 23, 78).
cost(12, 24, 12).
cost(13, 1, 64).
cost(13, 2, 32).
cost(13, 3, 83).
cost(13, 4, 64).
cost(13, 5, 40).
cost(13, 6, 66).
cost(13, 7, 60).
cost(13, 8, 15).
cost(13, 9, 47).
cost(13, 10, 78).
cost(13, 11, 32).
cost(13, 12, 38).
cost(13, 14, 72).
cost(13, 15, 8).
cost(13, 16, 55).
cost(13, 17, 5).
cost(13, 18, 23).
cost(13, 19, 20).
cost(13, 20, 52).
cost(13, 21, 54).
cost(13, 22, 31).
cost(13, 23, 77).
cost(13, 24, 47).
cost(14, 1, 13).
cost(14, 2, 51).
cost(14, 3, 14).
cost(14, 4, 34).
cost(14, 5, 86).
cost(14, 6, 34).
cost(14, 7, 39).
cost(14, 8, 58).
cost(14, 9, 29).
cost(14, 10, 22).
cost(14, 11, 77).
cost(14, 12, 67).
cost(14, 13, 72).
cost(14, 15, 65).
cost(14, 16, 18).
cost(14, 17, 76).
cost(14, 18, 63).
cost(14, 19, 69).
cost(14, 20, 34).
cost(14, 21, 44).
cost(14, 22, 72).
cost(14, 23, 15).
cost(14, 24, 61).
cost(15, 1, 57).
cost(15, 2, 28).
cost(15, 3, 75).
cost(15, 4, 56).
cost(15, 5, 43).
cost(15, 6, 58).
cost(15, 7, 52).
cost(15, 8, 10).
cost(15, 9, 40).
cost(15, 10, 72).
cost(15, 11, 35).
cost(15, 12, 38).
cost(15, 13, 8).
cost(15, 14, 65).
cost(15, 16, 48).
cost(15, 17, 12).
cost(15, 18, 18).
cost(15, 19, 22).
cost(15, 20, 44).
cost(15, 21, 47).
cost(15, 22, 32).
cost(15, 23, 70).
cost(15, 24, 46).
cost(16, 1, 16).
cost(16, 2, 38).
cost(16, 3, 28).
cost(16, 4, 25).
cost(16, 5, 74).
cost(16, 6, 26).
cost(16, 7, 27).
cost(16, 8, 42).
cost(16, 9, 11).
cost(16, 10, 33).
cost(16, 11, 65).
cost(16, 12, 56).
cost(16, 13, 55).
cost(16, 14, 18).
cost(16, 15, 48).
cost(16, 17, 60).
cost(16, 18, 45).
cost(16, 19, 55).
cost(16, 20, 19).
cost(16, 21, 30).
cost(16, 22, 60).
cost(16, 23, 23).
cost(16, 24, 53).
cost(17, 1, 67).
cost(17, 2, 33).
cost(17, 3, 87).
cost(17, 4, 69).
cost(17, 5, 36).
cost(17, 6, 70).
cost(17, 7, 65).
cost(17, 8, 18).
cost(17, 9, 52).
cost(17, 10, 81).
cost(17, 11, 29).
cost(17, 12, 36).
cost(17, 13, 5).
cost(17, 14, 76).
cost(17, 15, 12).
cost(17, 16, 60).
cost(17, 18, 28).
cost(17, 19, 18).
cost(17, 20, 57).
cost(17, 21, 59).
cost(17, 22, 29).
cost(17, 23, 81).
cost(17, 24, 47).
cost(18, 1, 58).
cost(18, 2, 41).
cost(18, 3, 71).
cost(18, 4, 46).
cost(18, 5, 61).
cost(18, 6, 47).
cost(18, 7, 40).
cost(18, 8, 23).
cost(18, 9, 35).
cost(18, 10, 75).
cost(18, 11, 52).
cost(18, 12, 54).
cost(18, 13, 23).
cost(18, 14, 63).
cost(18, 15, 18).
cost(18, 16, 45).
cost(18, 17, 28).
cost(18, 19, 39).
cost(18, 20, 35).
cost(18, 21, 34).
cost(18, 22, 50).
cost(18, 23, 64).
cost(18, 24, 60).
cost(19, 1, 58).
cost(19, 2, 20).
cost(19, 3, 82).
cost(19, 4, 71).
cost(19, 5, 22).
cost(19, 6, 72).
cost(19, 7, 68).
cost(19, 8, 18).
cost(19, 9, 50).
cost(19, 10, 70).
cost(19, 11, 13).
cost(19, 12, 18).
cost(19, 13, 20).
cost(19, 14, 69).
cost(19, 15, 22).
cost(19, 16, 55).
cost(19, 17, 18).
cost(19, 18, 39).
cost(19, 20, 58).
cost(19, 21, 64).
cost(19, 22, 11).
cost(19, 23, 78).
cost(19, 24, 29).
cost(20, 1, 35).
cost(20, 2, 46).
cost(20, 3, 37).
cost(20, 4, 12).
cost(20, 5, 80).
cost(20, 6, 14).
cost(20, 7, 10).
cost(20, 8, 41).
cost(20, 9, 11).
cost(20, 10, 52).
cost(20, 11, 70).
cost(20, 12, 65).
cost(20, 13, 52).
cost(20, 14, 34).
cost(20, 15, 44).
cost(20, 16, 19).
cost(20, 17, 57).
cost(20, 18, 35).
cost(20, 19, 58).
cost(20, 21, 11).
cost(20, 22, 66).
cost(20, 23, 30).
cost(20, 24, 65).
cost(21, 1, 46).
cost(21, 2, 55).
cost(21, 3, 45).
cost(21, 4, 13).
cost(21, 5, 86).
cost(21, 6, 15).
cost(21, 7, 7).
cost(21, 8, 46).
cost(21, 9, 22).
cost(21, 10, 63).
cost(21, 11, 77).
cost(21, 12, 73).
cost(21, 13, 54).
cost(21, 14, 44).
cost(21, 15, 47).
cost(21, 16, 30).
cost(21, 17, 59).
cost(21, 18, 34).
cost(21, 19, 64).
cost(21, 20, 11).
cost(21, 22, 73).
cost(21, 23, 37).
cost(21, 24, 74).
cost(22, 1, 60).
cost(22, 2, 21).
cost(22, 3, 86).
cost(22, 4, 78).
cost(22, 5, 14).
cost(22, 6, 79).
cost(22, 7, 76).
cost(22, 8, 28).
cost(22, 9, 57).
cost(22, 10, 69).
cost(22, 11, 5).
cost(22, 12, 10).
cost(22, 13, 31).
cost(22, 14, 72).
cost(22, 15, 32).
cost(22, 16, 60).
cost(22, 17, 29).
cost(22, 18, 50).
cost(22, 19, 11).
cost(22, 20, 66).
cost(22, 21, 73).
cost(22, 23, 82).
cost(22, 24, 22).
cost(23, 1, 27).
cost(23, 2, 61).
cost(23, 3, 8).
cost(23, 4, 24).
cost(23, 5, 96).
cost(23, 6, 24).
cost(23, 7, 30).
cost(23, 8, 64).
cost(23, 9, 30).
cost(23, 10, 37).
cost(23, 11, 87).
cost(23, 12, 78).
cost(23, 13, 77).
cost(23, 14, 15).
cost(23, 15, 70).
cost(23, 16, 23).
cost(23, 17, 81).
cost(23, 18, 64).
cost(23, 19, 78).
cost(23, 20, 30).
cost(23, 21, 37).
cost(23, 22, 82).
cost(23, 24, 73).
cost(24, 1, 48).
cost(24, 2, 20).
cost(24, 3, 75).
cost(24, 4, 76).
cost(24, 5, 30).
cost(24, 6, 77).
cost(24, 7, 75).
cost(24, 8, 38).
cost(24, 9, 54).
cost(24, 10, 52).
cost(24, 11, 25).
cost(24, 12, 12).
cost(24, 13, 47).
cost(24, 14, 61).
cost(24, 15, 46).
cost(24, 16, 53).
cost(24, 17, 47).
cost(24, 18, 60).
cost(24, 19, 29).
cost(24, 20, 65).
cost(24, 21, 74).
cost(24, 22, 22).
cost(24, 23, 73).
nocross(1,2).
nocross(1,3).
nocross(1,4).
nocross(1,6).
nocross(1,9).
nocross(1,10).
nocross(1,14).
nocross(1,16).
nocross(1,20).
nocross(1,23).
nocross(1,24).
nocross(2,1).
nocross(2,8).
nocross(2,9).
nocross(2,11).
nocross(2,12).
nocross(2,13).
nocross(2,15).
nocross(2,16).
nocross(2,19).
nocross(2,22).
nocross(2,24).
nocross(3,1).
nocross(3,4).
nocross(3,6).
nocross(3,7).
nocross(3,9).
nocross(3,10).
nocross(3,14).
nocross(3,16).
nocross(3,23).
nocross(4,3).
nocross(4,6).
nocross(4,7).
nocross(4,9).
nocross(4,16).
nocross(4,20).
nocross(4,21).
nocross(4,23).
nocross(5,11).
nocross(5,12).
nocross(5,13).
nocross(5,17).
nocross(5,19).
nocross(5,22).
nocross(5,24).
nocross(6,3).
nocross(6,4).
nocross(6,7).
nocross(6,9).
nocross(6,16).
nocross(6,20).
nocross(6,21).
nocross(6,23).
nocross(7,4).
nocross(7,6).
nocross(7,9).
nocross(7,16).
nocross(7,20).
nocross(7,21).
nocross(7,23).
nocross(8,2).
nocross(8,9).
nocross(8,11).
nocross(8,12).
nocross(8,13).
nocross(8,15).
nocross(8,16).
nocross(8,17).
nocross(8,18).
nocross(8,19).
nocross(8,21).
nocross(8,22).
nocross(9,1).
nocross(9,3).
nocross(9,4).
nocross(9,6).
nocross(9,7).
nocross(9,8).
nocross(9,13).
nocross(9,14).
nocross(9,15).
nocross(9,16).
nocross(9,18).
nocross(9,20).
nocross(9,21).
nocross(9,23).
nocross(10,1).
nocross(10,3).
nocross(10,14).
nocross(10,16).
nocross(10,24).
nocross(11,2).
nocross(11,5).
nocross(11,8).
nocross(11,12).
nocross(11,13).
nocross(11,15).
nocross(11,17).
nocross(11,19).
nocross(11,22).
nocross(11,24).
nocross(12,2).
nocross(12,5).
nocross(12,8).
nocross(12,11).
nocross(12,19).
nocross(12,22).
nocross(12,24).
nocross(13,5).
nocross(13,8).
nocross(13,11).
nocross(13,12).
nocross(13,15).
nocross(13,17).
nocross(13,18).
nocross(13,19).
nocross(13,22).
nocross(14,1).
nocross(14,3).
nocross(14,4).
nocross(14,6).
nocross(14,9).
nocross(14,10).
nocross(14,16).
nocross(14,20).
nocross(14,23).
nocross(15,2).
nocross(15,8).
nocross(15,9).
nocross(15,11).
nocross(15,12).
nocross(15,13).
nocross(15,17).
nocross(15,18).
nocross(15,19).
nocross(15,20).
nocross(15,21).
nocross(15,22).
nocross(16,1).
nocross(16,3).
nocross(16,4).
nocross(16,6).
nocross(16,7).
nocross(16,8).
nocross(16,9).
nocross(16,14).
nocross(16,20).
nocross(16,21).
nocross(16,23).
nocross(17,5).
nocross(17,8).
nocross(17,11).
nocross(17,12).
nocross(17,13).
nocross(17,15).
nocross(17,18).
nocross(17,19).
nocross(17,22).
nocross(18,4).
nocross(18,7).
nocross(18,8).
nocross(18,9).
nocross(18,13).
nocross(18,15).
nocross(18,16).
nocross(18,17).
nocross(18,20).
nocross(18,21).
nocross(19,2).
nocross(19,5).
nocross(19,8).
nocross(19,11).
nocross(19,12).
nocross(19,13).
nocross(19,15).
nocross(19,17).
nocross(19,22).
nocross(19,24).
nocross(20,1).
nocross(20,4).
nocross(20,6).
nocross(20,7).
nocross(20,9).
nocross(20,14).
nocross(20,16).
nocross(20,17).
nocross(20,18).
nocross(20,21).
nocross(20,23).
nocross(21,4).
nocross(21,6).
nocross(21,7).
nocross(21,9).
nocross(21,16).
nocross(21,18).
nocross(21,20).
nocross(22,2).
nocross(22,5).
nocross(22,8).
nocross(22,11).
nocross(22,12).
nocross(22,13).
nocross(22,15).
nocross(22,17).
nocross(22,19).
nocross(22,24).
nocross(23,1).
nocross(23,3).
nocross(23,4).
nocross(23,6).
nocross(23,7).
nocross(23,9).
nocross(23,14).
nocross(23,16).
nocross(23,20).
nocross(23,21).
nocross(24,2).
nocross(24,5).
nocross(24,11).
nocross(24,12).
nocross(24,19).
nocross(24,22).
