dimension(24).
point(1, 43.6586392017, 59.9852935604).
point(2, 27.2079412938, 80.7765317695).
point(3, 84.3891961815, 8.1765349013).
point(4, 80.9026487082, 33.0449962411).
point(5, 34.3906699625, 52.1170786143).
point(6, 83.4749277379, 46.2188319434).
point(7, 56.9366073611, 11.5716929746).
point(8, 95.8476536651, 34.6902168324).
point(9, 85.5412391893, 54.4113308214).
point(10, 77.99716092, 12.606152697).
point(11, 48.0980159615, 43.5624695775).
point(12, 15.203169395, 36.0272505052).
point(13, 39.5522359371, 77.8557468703).
point(14, 50.3463566134, 71.8889291537).
point(15, 22.9194971627, 39.4357138838).
point(16, 96.1340754187, 38.2608675308).
point(17, 11.1593675153, 79.7541930306).
point(18, 56.7238675099, 15.8215159894).
point(19, 27.5736188154, 52.9430310701).
point(20, 48.1806129672, 76.272885741).
point(21, 25.3564218701, 35.340726239).
point(22, 69.5126601073, 13.3526576841).
point(23, 75.7171214191, 29.9277852601).
point(24, 51.6490230852, 9.4493944968).
cost(1, 2, 27).
cost(1, 3, 66).
cost(1, 4, 46).
cost(1, 5, 12).
cost(1, 6, 42).
cost(1, 7, 50).
cost(1, 8, 58).
cost(1, 9, 42).
cost(1, 10, 59).
cost(1, 11, 17).
cost(1, 12, 37).
cost(1, 13, 18).
cost(1, 14, 14).
cost(1, 15, 29).
cost(1, 16, 57).
cost(1, 17, 38).
cost(1, 18, 46).
cost(1, 19, 18).
cost(1, 20, 17).
cost(1, 21, 31).
cost(1, 22, 53).
cost(1, 23, 44).
cost(1, 24, 51).
cost(2, 1, 27).
cost(2, 3, 92).
cost(2, 4, 72).
cost(2, 5, 30).
cost(2, 6, 66).
cost(2, 7, 75).
cost(2, 8, 83).
cost(2, 9, 64).
cost(2, 10, 85).
cost(2, 11, 43).
cost(2, 12, 46).
cost(2, 13, 13).
cost(2, 14, 25).
cost(2, 15, 42).
cost(2, 16, 81).
cost(2, 17, 16).
cost(2, 18, 71).
cost(2, 19, 28).
cost(2, 20, 21).
cost(2, 21, 45).
cost(2, 22, 80).
cost(2, 23, 70).
cost(2, 24, 75).
cost(3, 1, 66).
cost(3, 2, 92).
cost(3, 4, 25).
cost(3, 5, 67).
cost(3, 6, 38).
cost(3, 7, 28).
cost(3, 8, 29).
cost(3, 9, 46).
cost(3, 10, 8).
cost(3, 11, 51).
cost(3, 12, 75).
cost(3, 13, 83).
cost(3, 14, 72).
cost(3, 15, 69).
cost(3, 16, 32).
cost(3, 17, 102).
cost(3, 18, 29).
cost(3, 19, 72).
cost(3, 20, 77).
cost(3, 21, 65).
cost(3, 22, 16).
cost(3, 23, 23).
cost(3, 24, 33).
cost(4, 1, 46).
cost(4, 2, 72).
cost(4, 3, 25).
cost(4, 5, 50).
cost(4, 6, 13).
cost(4, 7, 32).
cost(4, 8, 15).
cost(4, 9, 22).
cost(4, 10, 21).
cost(4, 11, 34).
cost(4, 12, 66).
cost(4, 13, 61).
cost(4, 14, 49).
cost(4, 15, 58).
cost(4, 16, 16).
cost(4, 17, 84).
cost(4, 18, 30).
cost(4, 19, 57).
cost(4, 20, 54).
cost(4, 21, 56).
cost(4, 22, 23).
cost(4, 23, 6).
cost(4, 24, 38).
cost(5, 1, 12).
cost(5, 2, 30).
cost(5, 3, 67).
cost(5, 4, 50).
cost(5, 6, 49).
cost(5, 7, 46).
cost(5, 8, 64).
cost(5, 9, 51).
cost(5, 10, 59).
cost(5, 11, 16).
cost(5, 12, 25).
cost(5, 13, 26).
cost(5, 14, 25).
cost(5, 15, 17).
cost(5, 16, 63).
cost(5, 17, 36).
cost(5, 18, 43).
cost(5, 19, 7).
cost(5, 20, 28).
cost(5, 21, 19).
cost(5, 22, 52).
cost(5, 23, 47).
cost(5, 24, 46).
cost(6, 1, 42).
cost(6, 2, 66).
cost(6, 3, 38).
cost(6, 4, 13).
cost(6, 5, 49).
cost(6, 7, 44).
cost(6, 8, 17).
cost(6, 9, 8).
cost(6, 10, 34).
cost(6, 11, 35).
cost(6, 12, 69).
cost(6, 13, 54).
cost(6, 14, 42).
cost(6, 15, 61).
cost(6, 16, 15).
cost(6, 17, 80).
cost(6, 18, 40).
cost(6, 19, 56).
cost(6, 20, 46).
cost(6, 21, 59).
cost(6, 22, 36).
cost(6, 23, 18).
cost(6, 24, 49).
cost(7, 1, 50).
cost(7, 2, 75).
cost(7, 3, 28).
cost(7, 4, 32).
cost(7, 5, 46).
cost(7, 6, 44).
cost(7, 8, 45).
cost(7, 9, 52).
cost(7, 10, 21).
cost(7, 11, 33).
cost(7, 12, 48).
cost(7, 13, 69).
cost(7, 14, 61).
cost(7, 15, 44).
cost(7, 16, 47).
cost(7, 17, 82).
cost(7, 18, 4).
cost(7, 19, 51).
cost(7, 20, 65).
cost(7, 21, 40).
cost(7, 22, 13).
cost(7, 23, 26).
cost(7, 24, 6).
cost(8, 1, 58).
cost(8, 2, 83).
cost(8, 3, 29).
cost(8, 4, 15).
cost(8, 5, 64).
cost(8, 6, 17).
cost(8, 7, 45).
cost(8, 9, 22).
cost(8, 10, 28).
cost(8, 11, 49).
cost(8, 12, 81).
cost(8, 13, 71).
cost(8, 14, 59).
cost(8, 15, 73).
cost(8, 16, 4).
cost(8, 17, 96).
cost(8, 18, 43).
cost(8, 19, 71).
cost(8, 20, 63).
cost(8, 21, 70).
cost(8, 22, 34).
cost(8, 23, 21).
cost(8, 24, 51).
cost(9, 1, 42).
cost(9, 2, 64).
cost(9, 3, 46).
cost(9, 4, 22).
cost(9, 5, 51).
cost(9, 6, 8).
cost(9, 7, 52).
cost(9, 8, 22).
cost(9, 10, 42).
cost(9, 11, 39).
cost(9, 12, 73).
cost(9, 13, 52).
cost(9, 14, 39).
cost(9, 15, 64).
cost(9, 16, 19).
cost(9, 17, 79).
cost(9, 18, 48).
cost(9, 19, 58).
cost(9, 20, 43).
cost(9, 21, 63).
cost(9, 22, 44).
cost(9, 23, 26).
cost(9, 24, 56).
cost(10, 1, 59).
cost(10, 2, 85).
cost(10, 3, 8).
cost(10, 4, 21).
cost(10, 5, 59).
cost(10, 6, 34).
cost(10, 7, 21).
cost(10, 8, 28).
cost(10, 9, 42).
cost(10, 11, 43).
cost(10, 12, 67).
cost(10, 13, 76).
cost(10, 14, 65).
cost(10, 15, 61).
cost(10, 16, 31).
cost(10, 17, 95).
cost(10, 18, 22).
cost(10, 19, 65).
cost(10, 20, 70).
cost(10, 21, 57).
cost(10, 22, 9).
cost(10, 23, 17).
cost(10, 24, 27).
cost(11, 1, 17).
cost(11, 2, 43).
cost(11, 3, 51).
cost(11, 4, 34).
cost(11, 5, 16).
cost(11, 6, 35).
cost(11, 7, 33).
cost(11, 8, 49).
cost(11, 9, 39).
cost(11, 10, 43).
cost(11, 12, 34).
cost(11, 13, 35).
cost(11, 14, 28).
cost(11, 15, 26).
cost(11, 16, 48).
cost(11, 17, 52).
cost(11, 18, 29).
cost(11, 19, 23).
cost(11, 20, 33).
cost(11, 21, 24).
cost(11, 22, 37).
cost(11, 23, 31).
cost(11, 24, 34).
cost(12, 1, 37).
cost(12, 2, 46).
cost(12, 3, 75).
cost(12, 4, 66).
cost(12, 5, 25).
cost(12, 6, 69).
cost(12, 7, 48).
cost(12, 8, 81).
cost(12, 9, 73).
cost(12, 10, 67).
cost(12, 11, 34).
cost(12, 13, 48).
cost(12, 14, 50).
cost(12, 15, 8).
cost(12, 16, 81).
cost(12, 17, 44).
cost(12, 18, 46).
cost(12, 19, 21).
cost(12, 20, 52).
cost(12, 21, 10).
cost(12, 22, 59).
cost(12, 23, 61).
cost(12, 24, 45).
cost(13, 1, 18).
cost(13, 2, 13).
cost(13, 3, 83).
cost(13, 4, 61).
cost(13, 5, 26).
cost(13, 6, 54).
cost(13, 7, 69).
cost(13, 8, 71).
cost(13, 9, 52).
cost(13, 10, 76).
cost(13, 11, 35).
cost(13, 12, 48).
cost(13, 14, 12).
cost(13, 15, 42).
cost(13, 16, 69).
cost(13, 17, 28).
cost(13, 18, 64).
cost(13, 19, 28).
cost(13, 20, 9).
cost(13, 21, 45).
cost(13, 22, 71).
cost(13, 23, 60).
cost(13, 24, 69).
cost(14, 1, 14).
cost(14, 2, 25).
cost(14, 3, 72).
cost(14, 4, 49).
cost(14, 5, 25).
cost(14, 6, 42).
cost(14, 7, 61).
cost(14, 8, 59).
cost(14, 9, 39).
cost(14, 10, 65).
cost(14, 11, 28).
cost(14, 12, 50).
cost(14, 13, 12).
cost(14, 15, 42).
cost(14, 16, 57).
cost(14, 17, 40).
cost(14, 18, 56).
cost(14, 19, 30).
cost(14, 20, 5).
cost(14, 21, 44).
cost(14, 22, 62).
cost(14, 23, 49).
cost(14, 24, 62).
cost(15, 1, 29).
cost(15, 2, 42).
cost(15, 3, 69).
cost(15, 4, 58).
cost(15, 5, 17).
cost(15, 6, 61).
cost(15, 7, 44).
cost(15, 8, 73).
cost(15, 9, 64).
cost(15, 10, 61).
cost(15, 11, 26).
cost(15, 12, 8).
cost(15, 13, 42).
cost(15, 14, 42).
cost(15, 16, 73).
cost(15, 17, 42).
cost(15, 18, 41).
cost(15, 19, 14).
cost(15, 20, 45).
cost(15, 21, 5).
cost(15, 22, 53).
cost(15, 23, 54).
cost(15, 24, 42).
cost(16, 1, 57).
cost(16, 2, 81).
cost(16, 3, 32).
cost(16, 4, 16).
cost(16, 5, 63).
cost(16, 6, 15).
cost(16, 7, 47).
cost(16, 8, 4).
cost(16, 9, 19).
cost(16, 10, 31).
cost(16, 11, 48).
cost(16, 12, 81).
cost(16, 13, 69).
cost(16, 14, 57).
cost(16, 15, 73).
cost(16, 17, 95).
cost(16, 18, 45).
cost(16, 19, 70).
cost(16, 20, 61).
cost(16, 21, 71).
cost(16, 22, 36).
cost(16, 23, 22).
cost(16, 24, 53).
cost(17, 1, 38).
cost(17, 2, 16).
cost(17, 3, 102).
cost(17, 4, 84).
cost(17, 5, 36).
cost(17, 6, 80).
cost(17, 7, 82).
cost(17, 8, 96).
cost(17, 9, 79).
cost(17, 10, 95).
cost(17, 11, 52).
cost(17, 12, 44).
cost(17, 13, 28).
cost(17, 14, 40).
cost(17, 15, 42).
cost(17, 16, 95).
cost(17, 18, 79).
cost(17, 19, 31).
cost(17, 20, 37).
cost(17, 21, 47).
cost(17, 22, 88).
cost(17, 23, 82).
cost(17, 24, 81).
cost(18, 1, 46).
cost(18, 2, 71).
cost(18, 3, 29).
cost(18, 4, 30).
cost(18, 5, 43).
cost(18, 6, 40).
cost(18, 7, 4).
cost(18, 8, 43).
cost(18, 9, 48).
cost(18, 10, 22).
cost(18, 11, 29).
cost(18, 12, 46).
cost(18, 13, 64).
cost(18, 14, 56).
cost(18, 15, 41).
cost(18, 16, 45).
cost(18, 17, 79).
cost(18, 19, 47).
cost(18, 20, 61).
cost(18, 21, 37).
cost(18, 22, 13).
cost(18, 23, 24).
cost(18, 24, 8).
cost(19, 1, 18).
cost(19, 2, 28).
cost(19, 3, 72).
cost(19, 4, 57).
cost(19, 5, 7).
cost(19, 6, 56).
cost(19, 7, 51).
cost(19, 8, 71).
cost(19, 9, 58).
cost(19, 10, 65).
cost(19, 11, 23).
cost(19, 12, 21).
cost(19, 13, 28).
cost(19, 14, 30).
cost(19, 15, 14).
cost(19, 16, 70).
cost(19, 17, 31).
cost(19, 18, 47).
cost(19, 20, 31).
cost(19, 21, 18).
cost(19, 22, 58).
cost(19, 23, 53).
cost(19, 24, 50).
cost(20, 1, 17).
cost(20, 2, 21).
cost(20, 3, 77).
cost(20, 4, 54).
cost(20, 5, 28).
cost(20, 6, 46).
cost(20, 7, 65).
cost(20, 8, 63).
cost(20, 9, 43).
cost(20, 10, 70).
cost(20, 11, 33).
cost(20, 12, 52).
cost(20, 13, 9).
cost(20, 14, 5).
cost(20, 15, 45).
cost(20, 16, 61).
cost(20, 17, 37).
cost(20, 18, 61).
cost(20, 19, 31).
cost(20, 21, 47).
cost(20, 22, 66).
cost(20, 23, 54).
cost(20, 24, 67).
cost(21, 1, 31).
cost(21, 2, 45).
cost(21, 3, 65).
cost(21, 4, 56).
cost(21, 5, 19).
cost(21, 6, 59).
cost(21, 7, 40).
cost(21, 8, 70).
cost(21, 9, 63).
cost(21, 10, 57).
cost(21, 11, 24).
cost(21, 12, 10).
cost(21, 13, 45).
cost(21, 14, 44).
cost(21, 15, 5).
cost(21, 16, 71).
cost(21, 17, 47).
cost(21, 18, 37).
cost(21, 19, 18).
cost(21, 20, 47).
cost(21, 22, 49).
cost(21, 23, 51).
cost(21, 24, 37).
cost(22, 1, 53).
cost(22, 2, 80).
cost(22, 3, 16).
cost(22, 4, 23).
cost(22, 5, 52).
cost(22, 6, 36).
cost(22, 7, 13).
cost(22, 8, 34).
cost(22, 9, 44).
cost(22, 10, 9).
cost(22, 11, 37).
cost(22, 12, 59).
cost(22, 13, 71).
cost(22, 14, 62).
cost(22, 15, 53).
cost(22, 16, 36).
cost(22, 17, 88).
cost(22, 18, 13).
cost(22, 19, 58).
cost(22, 20, 66).
cost(22, 21, 49).
cost(22, 23, 18).
cost(22, 24, 18).
cost(23, 1, 44).
cost(23, 2, 70).
cost(23, 3, 23).
cost(23, 4, 6).
cost(23, 5, 47).
cost(23, 6, 18).
cost(23, 7, 26).
cost(23, 8, 21).
cost(23, 9, 26).
cost(23, 10, 17).
cost(23, 11, 31).
cost(23, 12, 61).
cost(23, 13, 60).
cost(23, 14, 49).
cost(23, 15, 54).
cost(23, 16, 22).
cost(23, 17, 82).
cost(23, 18, 24).
cost(23, 19, 53).
cost(23, 20, 54).
cost(23, 21, 51).
cost(23, 22, 18).
cost(23, 24, 32).
cost(24, 1, 51).
cost(24, 2, 75).
cost(24, 3, 33).
cost(24, 4, 38).
cost(24, 5, 46).
cost(24, 6, 49).
cost(24, 7, 6).
cost(24, 8, 51).
cost(24, 9, 56).
cost(24, 10, 27).
cost(24, 11, 34).
cost(24, 12, 45).
cost(24, 13, 69).
cost(24, 14, 62).
cost(24, 15, 42).
cost(24, 16, 53).
cost(24, 17, 81).
cost(24, 18, 8).
cost(24, 19, 50).
cost(24, 20, 67).
cost(24, 21, 37).
cost(24, 22, 18).
cost(24, 23, 32).
nocross(1,2).
nocross(1,5).
nocross(1,6).
nocross(1,9).
nocross(1,11).
nocross(1,12).
nocross(1,13).
nocross(1,14).
nocross(1,15).
nocross(1,17).
nocross(1,19).
nocross(1,20).
nocross(1,21).
nocross(2,1).
nocross(2,5).
nocross(2,13).
nocross(2,14).
nocross(2,15).
nocross(2,17).
nocross(2,19).
nocross(2,20).
nocross(3,4).
nocross(3,7).
nocross(3,8).
nocross(3,10).
nocross(3,16).
nocross(3,18).
nocross(3,22).
nocross(3,23).
nocross(3,24).
nocross(4,3).
nocross(4,6).
nocross(4,7).
nocross(4,8).
nocross(4,9).
nocross(4,10).
nocross(4,11).
nocross(4,16).
nocross(4,18).
nocross(4,22).
nocross(4,23).
nocross(5,1).
nocross(5,2).
nocross(5,9).
nocross(5,11).
nocross(5,12).
nocross(5,13).
nocross(5,14).
nocross(5,15).
nocross(5,17).
nocross(5,19).
nocross(5,20).
nocross(5,21).
nocross(6,1).
nocross(6,4).
nocross(6,8).
nocross(6,9).
nocross(6,10).
nocross(6,11).
nocross(6,14).
nocross(6,16).
nocross(6,18).
nocross(6,20).
nocross(6,23).
nocross(7,3).
nocross(7,4).
nocross(7,8).
nocross(7,10).
nocross(7,18).
nocross(7,21).
nocross(7,22).
nocross(7,23).
nocross(7,24).
nocross(8,3).
nocross(8,4).
nocross(8,6).
nocross(8,7).
nocross(8,9).
nocross(8,10).
nocross(8,16).
nocross(8,18).
nocross(8,22).
nocross(8,23).
nocross(9,1).
nocross(9,4).
nocross(9,6).
nocross(9,8).
nocross(9,11).
nocross(9,14).
nocross(9,16).
nocross(9,20).
nocross(9,23).
nocross(10,3).
nocross(10,4).
nocross(10,6).
nocross(10,7).
nocross(10,8).
nocross(10,16).
nocross(10,18).
nocross(10,22).
nocross(10,23).
nocross(10,24).
nocross(11,1).
nocross(11,4).
nocross(11,5).
nocross(11,6).
nocross(11,7).
nocross(11,8).
nocross(11,9).
nocross(11,12).
nocross(11,13).
nocross(11,14).
nocross(11,15).
nocross(11,18).
nocross(11,19).
nocross(11,20).
nocross(11,21).
nocross(11,22).
nocross(11,23).
nocross(11,24).
nocross(12,5).
nocross(12,15).
nocross(12,17).
nocross(12,18).
nocross(12,19).
nocross(12,21).
nocross(12,24).
nocross(13,1).
nocross(13,2).
nocross(13,5).
nocross(13,14).
nocross(13,15).
nocross(13,17).
nocross(13,19).
nocross(13,20).
nocross(14,1).
nocross(14,2).
nocross(14,5).
nocross(14,6).
nocross(14,9).
nocross(14,11).
nocross(14,13).
nocross(14,19).
nocross(14,20).
nocross(15,1).
nocross(15,2).
nocross(15,5).
nocross(15,11).
nocross(15,12).
nocross(15,17).
nocross(15,18).
nocross(15,19).
nocross(15,21).
nocross(16,3).
nocross(16,4).
nocross(16,6).
nocross(16,8).
nocross(16,9).
nocross(16,10).
nocross(16,23).
nocross(17,1).
nocross(17,2).
nocross(17,5).
nocross(17,12).
nocross(17,13).
nocross(17,14).
nocross(17,15).
nocross(17,19).
nocross(18,3).
nocross(18,4).
nocross(18,7).
nocross(18,8).
nocross(18,10).
nocross(18,11).
nocross(18,21).
nocross(18,22).
nocross(18,23).
nocross(18,24).
nocross(19,1).
nocross(19,2).
nocross(19,5).
nocross(19,11).
nocross(19,12).
nocross(19,13).
nocross(19,14).
nocross(19,15).
nocross(19,17).
nocross(19,20).
nocross(19,21).
nocross(20,1).
nocross(20,2).
nocross(20,5).
nocross(20,9).
nocross(20,13).
nocross(20,14).
nocross(20,19).
nocross(21,1).
nocross(21,5).
nocross(21,7).
nocross(21,11).
nocross(21,12).
nocross(21,15).
nocross(21,17).
nocross(21,18).
nocross(21,19).
nocross(21,24).
nocross(22,3).
nocross(22,4).
nocross(22,6).
nocross(22,7).
nocross(22,8).
nocross(22,10).
nocross(22,16).
nocross(22,18).
nocross(22,23).
nocross(22,24).
nocross(23,3).
nocross(23,4).
nocross(23,6).
nocross(23,7).
nocross(23,8).
nocross(23,9).
nocross(23,10).
nocross(23,11).
nocross(23,16).
nocross(23,18).
nocross(23,21).
nocross(23,22).
nocross(23,24).
nocross(24,3).
nocross(24,7).
nocross(24,10).
nocross(24,15).
nocross(24,18).
nocross(24,21).
nocross(24,22).
nocross(24,23).
