dimension(24).
point(1, 11.8774356623, 16.8304007438).
point(2, 81.8945681484, 81.041620906).
point(3, 56.8228370558, 68.7211138058).
point(4, 48.8409709098, 94.9057305989).
point(5, 73.8589085084, 69.600294787).
point(6, 75.2202996135, 86.144629729).
point(7, 8.3506354629, 31.4677704669).
point(8, 21.4781814016, 26.3870299749).
point(9, 32.0017021987, 9.6317912789).
point(10, 80.3718044665, 68.8213833417).
point(11, 33.9657317741, 17.2538712402).
point(12, 73.9102592091, 63.0801425215).
point(13, 68.4874880213, 93.6831289189).
point(14, 35.542118482, 13.2412885111).
point(15, 89.12483007, 67.9603125263).
point(16, 87.0964596211, 47.533217249).
point(17, 7.4181270691, 20.7580259844).
point(18, 82.7301309606, 85.9861274985).
point(19, 92.9040582166, 50.6412135916).
point(20, 19.4060881744, 38.4212298284).
point(21, 14.5244816714, 26.0976965699).
point(22, 2.3079855265, 18.5368256799).
point(23, 7.2053394537, 3.3909165893).
point(24, 7.1935130253, 8.7576699053).
cost(1, 2, 95).
cost(1, 3, 69).
cost(1, 4, 86).
cost(1, 5, 81).
cost(1, 6, 94).
cost(1, 7, 15).
cost(1, 8, 14).
cost(1, 9, 21).
cost(1, 10, 86).
cost(1, 11, 22).
cost(1, 12, 77).
cost(1, 13, 95).
cost(1, 14, 24).
cost(1, 15, 93).
cost(1, 16, 81).
cost(1, 17, 6).
cost(1, 18, 99).
cost(1, 19, 88).
cost(1, 20, 23).
cost(1, 21, 10).
cost(1, 22, 10).
cost(1, 23, 14).
cost(1, 24, 9).
cost(2, 1, 95).
cost(2, 3, 28).
cost(2, 4, 36).
cost(2, 5, 14).
cost(2, 6, 8).
cost(2, 7, 89).
cost(2, 8, 81).
cost(2, 9, 87).
cost(2, 10, 12).
cost(2, 11, 80).
cost(2, 12, 20).
cost(2, 13, 18).
cost(2, 14, 82).
cost(2, 15, 15).
cost(2, 16, 34).
cost(2, 17, 96).
cost(2, 18, 5).
cost(2, 19, 32).
cost(2, 20, 76).
cost(2, 21, 87).
cost(2, 22, 101).
cost(2, 23, 108).
cost(2, 24, 104).
cost(3, 1, 69).
cost(3, 2, 28).
cost(3, 4, 27).
cost(3, 5, 17).
cost(3, 6, 25).
cost(3, 7, 61).
cost(3, 8, 55).
cost(3, 9, 64).
cost(3, 10, 24).
cost(3, 11, 56).
cost(3, 12, 18).
cost(3, 13, 28).
cost(3, 14, 59).
cost(3, 15, 32).
cost(3, 16, 37).
cost(3, 17, 69).
cost(3, 18, 31).
cost(3, 19, 40).
cost(3, 20, 48).
cost(3, 21, 60).
cost(3, 22, 74).
cost(3, 23, 82).
cost(3, 24, 78).
cost(4, 1, 86).
cost(4, 2, 36).
cost(4, 3, 27).
cost(4, 5, 36).
cost(4, 6, 28).
cost(4, 7, 75).
cost(4, 8, 74).
cost(4, 9, 87).
cost(4, 10, 41).
cost(4, 11, 79).
cost(4, 12, 41).
cost(4, 13, 20).
cost(4, 14, 83).
cost(4, 15, 48).
cost(4, 16, 61).
cost(4, 17, 85).
cost(4, 18, 35).
cost(4, 19, 62).
cost(4, 20, 64).
cost(4, 21, 77).
cost(4, 22, 89).
cost(4, 23, 101).
cost(4, 24, 96).
cost(5, 1, 81).
cost(5, 2, 14).
cost(5, 3, 17).
cost(5, 4, 36).
cost(5, 6, 17).
cost(5, 7, 76).
cost(5, 8, 68).
cost(5, 9, 73).
cost(5, 10, 7).
cost(5, 11, 66).
cost(5, 12, 7).
cost(5, 13, 25).
cost(5, 14, 68).
cost(5, 15, 15).
cost(5, 16, 26).
cost(5, 17, 82).
cost(5, 18, 19).
cost(5, 19, 27).
cost(5, 20, 63).
cost(5, 21, 74).
cost(5, 22, 88).
cost(5, 23, 94).
cost(5, 24, 90).
cost(6, 1, 94).
cost(6, 2, 8).
cost(6, 3, 25).
cost(6, 4, 28).
cost(6, 5, 17).
cost(6, 7, 86).
cost(6, 8, 80).
cost(6, 9, 88).
cost(6, 10, 18).
cost(6, 11, 80).
cost(6, 12, 23).
cost(6, 13, 10).
cost(6, 14, 83).
cost(6, 15, 23).
cost(6, 16, 40).
cost(6, 17, 94).
cost(6, 18, 8).
cost(6, 19, 40).
cost(6, 20, 73).
cost(6, 21, 85).
cost(6, 22, 99).
cost(6, 23, 107).
cost(6, 24, 103).
cost(7, 1, 15).
cost(7, 2, 89).
cost(7, 3, 61).
cost(7, 4, 75).
cost(7, 5, 76).
cost(7, 6, 86).
cost(7, 8, 14).
cost(7, 9, 32).
cost(7, 10, 81).
cost(7, 11, 29).
cost(7, 12, 73).
cost(7, 13, 87).
cost(7, 14, 33).
cost(7, 15, 89).
cost(7, 16, 80).
cost(7, 17, 11).
cost(7, 18, 92).
cost(7, 19, 87).
cost(7, 20, 13).
cost(7, 21, 8).
cost(7, 22, 14).
cost(7, 23, 28).
cost(7, 24, 23).
cost(8, 1, 14).
cost(8, 2, 81).
cost(8, 3, 55).
cost(8, 4, 74).
cost(8, 5, 68).
cost(8, 6, 80).
cost(8, 7, 14).
cost(8, 9, 20).
cost(8, 10, 73).
cost(8, 11, 15).
cost(8, 12, 64).
cost(8, 13, 82).
cost(8, 14, 19).
cost(8, 15, 79).
cost(8, 16, 69).
cost(8, 17, 15).
cost(8, 18, 85).
cost(8, 19, 75).
cost(8, 20, 12).
cost(8, 21, 7).
cost(8, 22, 21).
cost(8, 23, 27).
cost(8, 24, 23).
cost(9, 1, 21).
cost(9, 2, 87).
cost(9, 3, 64).
cost(9, 4, 87).
cost(9, 5, 73).
cost(9, 6, 88).
cost(9, 7, 32).
cost(9, 8, 20).
cost(9, 10, 76).
cost(9, 11, 8).
cost(9, 12, 68).
cost(9, 13, 92).
cost(9, 14, 5).
cost(9, 15, 82).
cost(9, 16, 67).
cost(9, 17, 27).
cost(9, 18, 92).
cost(9, 19, 73).
cost(9, 20, 31).
cost(9, 21, 24).
cost(9, 22, 31).
cost(9, 23, 26).
cost(9, 24, 25).
cost(10, 1, 86).
cost(10, 2, 12).
cost(10, 3, 24).
cost(10, 4, 41).
cost(10, 5, 7).
cost(10, 6, 18).
cost(10, 7, 81).
cost(10, 8, 73).
cost(10, 9, 76).
cost(10, 11, 69).
cost(10, 12, 9).
cost(10, 13, 28).
cost(10, 14, 71).
cost(10, 15, 9).
cost(10, 16, 22).
cost(10, 17, 87).
cost(10, 18, 17).
cost(10, 19, 22).
cost(10, 20, 68).
cost(10, 21, 78).
cost(10, 22, 93).
cost(10, 23, 98).
cost(10, 24, 95).
cost(11, 1, 22).
cost(11, 2, 80).
cost(11, 3, 56).
cost(11, 4, 79).
cost(11, 5, 66).
cost(11, 6, 80).
cost(11, 7, 29).
cost(11, 8, 15).
cost(11, 9, 8).
cost(11, 10, 69).
cost(11, 12, 61).
cost(11, 13, 84).
cost(11, 14, 4).
cost(11, 15, 75).
cost(11, 16, 61).
cost(11, 17, 27).
cost(11, 18, 84).
cost(11, 19, 68).
cost(11, 20, 26).
cost(11, 21, 21).
cost(11, 22, 32).
cost(11, 23, 30).
cost(11, 24, 28).
cost(12, 1, 77).
cost(12, 2, 20).
cost(12, 3, 18).
cost(12, 4, 41).
cost(12, 5, 7).
cost(12, 6, 23).
cost(12, 7, 73).
cost(12, 8, 64).
cost(12, 9, 68).
cost(12, 10, 9).
cost(12, 11, 61).
cost(12, 13, 31).
cost(12, 14, 63).
cost(12, 15, 16).
cost(12, 16, 20).
cost(12, 17, 79).
cost(12, 18, 25).
cost(12, 19, 23).
cost(12, 20, 60).
cost(12, 21, 70).
cost(12, 22, 84).
cost(12, 23, 90).
cost(12, 24, 86).
cost(13, 1, 95).
cost(13, 2, 18).
cost(13, 3, 28).
cost(13, 4, 20).
cost(13, 5, 25).
cost(13, 6, 10).
cost(13, 7, 87).
cost(13, 8, 82).
cost(13, 9, 92).
cost(13, 10, 28).
cost(13, 11, 84).
cost(13, 12, 31).
cost(13, 14, 87).
cost(13, 15, 33).
cost(13, 16, 50).
cost(13, 17, 95).
cost(13, 18, 16).
cost(13, 19, 49).
cost(13, 20, 74).
cost(13, 21, 86).
cost(13, 22, 100).
cost(13, 23, 109).
cost(13, 24, 105).
cost(14, 1, 24).
cost(14, 2, 82).
cost(14, 3, 59).
cost(14, 4, 83).
cost(14, 5, 68).
cost(14, 6, 83).
cost(14, 7, 33).
cost(14, 8, 19).
cost(14, 9, 5).
cost(14, 10, 71).
cost(14, 11, 4).
cost(14, 12, 63).
cost(14, 13, 87).
cost(14, 15, 77).
cost(14, 16, 62).
cost(14, 17, 29).
cost(14, 18, 87).
cost(14, 19, 68).
cost(14, 20, 30).
cost(14, 21, 25).
cost(14, 22, 34).
cost(14, 23, 30).
cost(14, 24, 29).
cost(15, 1, 93).
cost(15, 2, 15).
cost(15, 3, 32).
cost(15, 4, 48).
cost(15, 5, 15).
cost(15, 6, 23).
cost(15, 7, 89).
cost(15, 8, 79).
cost(15, 9, 82).
cost(15, 10, 9).
cost(15, 11, 75).
cost(15, 12, 16).
cost(15, 13, 33).
cost(15, 14, 77).
cost(15, 16, 21).
cost(15, 17, 94).
cost(15, 18, 19).
cost(15, 19, 18).
cost(15, 20, 76).
cost(15, 21, 86).
cost(15, 22, 100).
cost(15, 23, 104).
cost(15, 24, 101).
cost(16, 1, 81).
cost(16, 2, 34).
cost(16, 3, 37).
cost(16, 4, 61).
cost(16, 5, 26).
cost(16, 6, 40).
cost(16, 7, 80).
cost(16, 8, 69).
cost(16, 9, 67).
cost(16, 10, 22).
cost(16, 11, 61).
cost(16, 12, 20).
cost(16, 13, 50).
cost(16, 14, 62).
cost(16, 15, 21).
cost(16, 17, 84).
cost(16, 18, 39).
cost(16, 19, 7).
cost(16, 20, 68).
cost(16, 21, 76).
cost(16, 22, 90).
cost(16, 23, 91).
cost(16, 24, 89).
cost(17, 1, 6).
cost(17, 2, 96).
cost(17, 3, 69).
cost(17, 4, 85).
cost(17, 5, 82).
cost(17, 6, 94).
cost(17, 7, 11).
cost(17, 8, 15).
cost(17, 9, 27).
cost(17, 10, 87).
cost(17, 11, 27).
cost(17, 12, 79).
cost(17, 13, 95).
cost(17, 14, 29).
cost(17, 15, 94).
cost(17, 16, 84).
cost(17, 18, 100).
cost(17, 19, 91).
cost(17, 20, 21).
cost(17, 21, 9).
cost(17, 22, 6).
cost(17, 23, 17).
cost(17, 24, 12).
cost(18, 1, 99).
cost(18, 2, 5).
cost(18, 3, 31).
cost(18, 4, 35).
cost(18, 5, 19).
cost(18, 6, 8).
cost(18, 7, 92).
cost(18, 8, 85).
cost(18, 9, 92).
cost(18, 10, 17).
cost(18, 11, 84).
cost(18, 12, 25).
cost(18, 13, 16).
cost(18, 14, 87).
cost(18, 15, 19).
cost(18, 16, 39).
cost(18, 17, 100).
cost(18, 19, 37).
cost(18, 20, 79).
cost(18, 21, 91).
cost(18, 22, 105).
cost(18, 23, 112).
cost(18, 24, 108).
cost(19, 1, 88).
cost(19, 2, 32).
cost(19, 3, 40).
cost(19, 4, 62).
cost(19, 5, 27).
cost(19, 6, 40).
cost(19, 7, 87).
cost(19, 8, 75).
cost(19, 9, 73).
cost(19, 10, 22).
cost(19, 11, 68).
cost(19, 12, 23).
cost(19, 13, 49).
cost(19, 14, 68).
cost(19, 15, 18).
cost(19, 16, 7).
cost(19, 17, 91).
cost(19, 18, 37).
cost(19, 20, 75).
cost(19, 21, 82).
cost(19, 22, 96).
cost(19, 23, 98).
cost(19, 24, 95).
cost(20, 1, 23).
cost(20, 2, 76).
cost(20, 3, 48).
cost(20, 4, 64).
cost(20, 5, 63).
cost(20, 6, 73).
cost(20, 7, 13).
cost(20, 8, 12).
cost(20, 9, 31).
cost(20, 10, 68).
cost(20, 11, 26).
cost(20, 12, 60).
cost(20, 13, 74).
cost(20, 14, 30).
cost(20, 15, 76).
cost(20, 16, 68).
cost(20, 17, 21).
cost(20, 18, 79).
cost(20, 19, 75).
cost(20, 21, 13).
cost(20, 22, 26).
cost(20, 23, 37).
cost(20, 24, 32).
cost(21, 1, 10).
cost(21, 2, 87).
cost(21, 3, 60).
cost(21, 4, 77).
cost(21, 5, 74).
cost(21, 6, 85).
cost(21, 7, 8).
cost(21, 8, 7).
cost(21, 9, 24).
cost(21, 10, 78).
cost(21, 11, 21).
cost(21, 12, 70).
cost(21, 13, 86).
cost(21, 14, 25).
cost(21, 15, 86).
cost(21, 16, 76).
cost(21, 17, 9).
cost(21, 18, 91).
cost(21, 19, 82).
cost(21, 20, 13).
cost(21, 22, 14).
cost(21, 23, 24).
cost(21, 24, 19).
cost(22, 1, 10).
cost(22, 2, 101).
cost(22, 3, 74).
cost(22, 4, 89).
cost(22, 5, 88).
cost(22, 6, 99).
cost(22, 7, 14).
cost(22, 8, 21).
cost(22, 9, 31).
cost(22, 10, 93).
cost(22, 11, 32).
cost(22, 12, 84).
cost(22, 13, 100).
cost(22, 14, 34).
cost(22, 15, 100).
cost(22, 16, 90).
cost(22, 17, 6).
cost(22, 18, 105).
cost(22, 19, 96).
cost(22, 20, 26).
cost(22, 21, 14).
cost(22, 23, 16).
cost(22, 24, 11).
cost(23, 1, 14).
cost(23, 2, 108).
cost(23, 3, 82).
cost(23, 4, 101).
cost(23, 5, 94).
cost(23, 6, 107).
cost(23, 7, 28).
cost(23, 8, 27).
cost(23, 9, 26).
cost(23, 10, 98).
cost(23, 11, 30).
cost(23, 12, 90).
cost(23, 13, 109).
cost(23, 14, 30).
cost(23, 15, 104).
cost(23, 16, 91).
cost(23, 17, 17).
cost(23, 18, 112).
cost(23, 19, 98).
cost(23, 20, 37).
cost(23, 21, 24).
cost(23, 22, 16).
cost(23, 24, 5).
cost(24, 1, 9).
cost(24, 2, 104).
cost(24, 3, 78).
cost(24, 4, 96).
cost(24, 5, 90).
cost(24, 6, 103).
cost(24, 7, 23).
cost(24, 8, 23).
cost(24, 9, 25).
cost(24, 10, 95).
cost(24, 11, 28).
cost(24, 12, 86).
cost(24, 13, 105).
cost(24, 14, 29).
cost(24, 15, 101).
cost(24, 16, 89).
cost(24, 17, 12).
cost(24, 18, 108).
cost(24, 19, 95).
cost(24, 20, 32).
cost(24, 21, 19).
cost(24, 22, 11).
cost(24, 23, 5).
nocross(1,7).
nocross(1,8).
nocross(1,9).
nocross(1,11).
nocross(1,14).
nocross(1,17).
nocross(1,20).
nocross(1,21).
nocross(1,22).
nocross(1,23).
nocross(1,24).
nocross(2,3).
nocross(2,5).
nocross(2,6).
nocross(2,10).
nocross(2,12).
nocross(2,13).
nocross(2,15).
nocross(2,16).
nocross(2,18).
nocross(2,19).
nocross(3,2).
nocross(3,4).
nocross(3,5).
nocross(3,6).
nocross(3,8).
nocross(3,10).
nocross(3,11).
nocross(3,12).
nocross(3,13).
nocross(3,14).
nocross(3,15).
nocross(3,16).
nocross(3,18).
nocross(3,19).
nocross(3,20).
nocross(4,2).
nocross(4,3).
nocross(4,5).
nocross(4,6).
nocross(4,10).
nocross(4,12).
nocross(4,13).
nocross(4,18).
nocross(5,2).
nocross(5,3).
nocross(5,6).
nocross(5,10).
nocross(5,12).
nocross(5,13).
nocross(5,15).
nocross(5,16).
nocross(5,18).
nocross(5,19).
nocross(6,2).
nocross(6,3).
nocross(6,4).
nocross(6,5).
nocross(6,10).
nocross(6,12).
nocross(6,13).
nocross(6,15).
nocross(6,16).
nocross(6,18).
nocross(6,19).
nocross(7,1).
nocross(7,8).
nocross(7,9).
nocross(7,11).
nocross(7,14).
nocross(7,17).
nocross(7,20).
nocross(7,21).
nocross(7,22).
nocross(7,23).
nocross(7,24).
nocross(8,1).
nocross(8,7).
nocross(8,9).
nocross(8,11).
nocross(8,14).
nocross(8,17).
nocross(8,20).
nocross(8,21).
nocross(8,22).
nocross(8,23).
nocross(8,24).
nocross(9,1).
nocross(9,7).
nocross(9,8).
nocross(9,11).
nocross(9,14).
nocross(9,17).
nocross(9,20).
nocross(9,21).
nocross(9,22).
nocross(9,23).
nocross(9,24).
nocross(10,2).
nocross(10,3).
nocross(10,5).
nocross(10,6).
nocross(10,12).
nocross(10,13).
nocross(10,15).
nocross(10,16).
nocross(10,18).
nocross(10,19).
nocross(11,1).
nocross(11,7).
nocross(11,8).
nocross(11,9).
nocross(11,14).
nocross(11,17).
nocross(11,20).
nocross(11,21).
nocross(11,22).
nocross(11,23).
nocross(11,24).
nocross(12,2).
nocross(12,3).
nocross(12,5).
nocross(12,6).
nocross(12,10).
nocross(12,13).
nocross(12,15).
nocross(12,16).
nocross(12,18).
nocross(12,19).
nocross(13,2).
nocross(13,3).
nocross(13,4).
nocross(13,5).
nocross(13,6).
nocross(13,10).
nocross(13,12).
nocross(13,15).
nocross(13,16).
nocross(13,18).
nocross(13,19).
nocross(14,1).
nocross(14,7).
nocross(14,8).
nocross(14,9).
nocross(14,11).
nocross(14,17).
nocross(14,20).
nocross(14,21).
nocross(14,22).
nocross(14,23).
nocross(14,24).
nocross(15,2).
nocross(15,3).
nocross(15,5).
nocross(15,6).
nocross(15,10).
nocross(15,12).
nocross(15,13).
nocross(15,16).
nocross(15,18).
nocross(15,19).
nocross(16,2).
nocross(16,3).
nocross(16,5).
nocross(16,6).
nocross(16,10).
nocross(16,12).
nocross(16,15).
nocross(16,18).
nocross(16,19).
nocross(17,1).
nocross(17,7).
nocross(17,8).
nocross(17,9).
nocross(17,11).
nocross(17,14).
nocross(17,20).
nocross(17,21).
nocross(17,22).
nocross(17,23).
nocross(17,24).
nocross(18,2).
nocross(18,3).
nocross(18,4).
nocross(18,5).
nocross(18,6).
nocross(18,10).
nocross(18,12).
nocross(18,13).
nocross(18,15).
nocross(18,16).
nocross(18,19).
nocross(19,2).
nocross(19,3).
nocross(19,5).
nocross(19,6).
nocross(19,10).
nocross(19,12).
nocross(19,15).
nocross(19,16).
nocross(19,18).
nocross(20,1).
nocross(20,3).
nocross(20,7).
nocross(20,8).
nocross(20,9).
nocross(20,11).
nocross(20,14).
nocross(20,17).
nocross(20,21).
nocross(20,22).
nocross(20,23).
nocross(20,24).
nocross(21,1).
nocross(21,7).
nocross(21,8).
nocross(21,9).
nocross(21,11).
nocross(21,14).
nocross(21,17).
nocross(21,20).
nocross(21,22).
nocross(21,23).
nocross(21,24).
nocross(22,1).
nocross(22,7).
nocross(22,8).
nocross(22,9).
nocross(22,11).
nocross(22,14).
nocross(22,17).
nocross(22,20).
nocross(22,21).
nocross(22,23).
nocross(22,24).
nocross(23,1).
nocross(23,7).
nocross(23,8).
nocross(23,9).
nocross(23,11).
nocross(23,14).
nocross(23,17).
nocross(23,20).
nocross(23,21).
nocross(23,22).
nocross(23,24).
nocross(24,1).
nocross(24,7).
nocross(24,8).
nocross(24,9).
nocross(24,11).
nocross(24,14).
nocross(24,17).
nocross(24,20).
nocross(24,21).
nocross(24,22).
nocross(24,23).
