dimension(24).
point(1, 68.0179690752, 64.5914216731).
point(2, 89.5241238065, 42.985338964).
point(3, 27.3967458106, 35.8616438859).
point(4, 35.4414914923, 62.4101258333).
point(5, 80.580808057, 36.7137649749).
point(6, 97.6725581853, 44.2998472125).
point(7, 93.1477713956, 54.0335412425).
point(8, 60.1970776431, 23.2240388414).
point(9, 62.218270554, 81.5096600061).
point(10, 11.361225517, 58.5314105901).
point(11, 50.2001672033, 18.1715521562).
point(12, 88.5992177565, 76.9869223321).
point(13, 13.1273012301, 38.9864609521).
point(14, 29.7687885468, 15.4076139487).
point(15, 77.4426948076, 77.900275754).
point(16, 23.7406518436, 60.8839384846).
point(17, 44.4033617539, 53.8053057049).
point(18, 72.8894806292, 62.7596739041).
point(19, 21.4675873962, 16.2252017871).
point(20, 73.0702379556, 77.9721859098).
point(21, 93.9620681419, 79.4064916765).
point(22, 83.0018701393, 70.9676196062).
point(23, 18.3078056576, 20.8857548217).
point(24, 27.5226566709, 39.3386547122).
cost(1, 2, 30).
cost(1, 3, 50).
cost(1, 4, 33).
cost(1, 5, 31).
cost(1, 6, 36).
cost(1, 7, 27).
cost(1, 8, 42).
cost(1, 9, 18).
cost(1, 10, 57).
cost(1, 11, 50).
cost(1, 12, 24).
cost(1, 13, 61).
cost(1, 14, 62).
cost(1, 15, 16).
cost(1, 16, 44).
cost(1, 17, 26).
cost(1, 18, 5).
cost(1, 19, 67).
cost(1, 20, 14).
cost(1, 21, 30).
cost(1, 22, 16).
cost(1, 23, 66).
cost(1, 24, 48).
cost(2, 1, 30).
cost(2, 3, 63).
cost(2, 4, 57).
cost(2, 5, 11).
cost(2, 6, 8).
cost(2, 7, 12).
cost(2, 8, 35).
cost(2, 9, 47).
cost(2, 10, 80).
cost(2, 11, 46).
cost(2, 12, 34).
cost(2, 13, 77).
cost(2, 14, 66).
cost(2, 15, 37).
cost(2, 16, 68).
cost(2, 17, 46).
cost(2, 18, 26).
cost(2, 19, 73).
cost(2, 20, 39).
cost(2, 21, 37).
cost(2, 22, 29).
cost(2, 23, 75).
cost(2, 24, 62).
cost(3, 1, 50).
cost(3, 2, 63).
cost(3, 4, 28).
cost(3, 5, 53).
cost(3, 6, 71).
cost(3, 7, 68).
cost(3, 8, 35).
cost(3, 9, 57).
cost(3, 10, 28).
cost(3, 11, 29).
cost(3, 12, 74).
cost(3, 13, 15).
cost(3, 14, 21).
cost(3, 15, 65).
cost(3, 16, 25).
cost(3, 17, 25).
cost(3, 18, 53).
cost(3, 19, 21).
cost(3, 20, 62).
cost(3, 21, 80).
cost(3, 22, 66).
cost(3, 23, 18).
cost(3, 24, 3).
cost(4, 1, 33).
cost(4, 2, 57).
cost(4, 3, 28).
cost(4, 5, 52).
cost(4, 6, 65).
cost(4, 7, 58).
cost(4, 8, 46).
cost(4, 9, 33).
cost(4, 10, 24).
cost(4, 11, 47).
cost(4, 12, 55).
cost(4, 13, 32).
cost(4, 14, 47).
cost(4, 15, 45).
cost(4, 16, 12).
cost(4, 17, 12).
cost(4, 18, 37).
cost(4, 19, 48).
cost(4, 20, 41).
cost(4, 21, 61).
cost(4, 22, 48).
cost(4, 23, 45).
cost(4, 24, 24).
cost(5, 1, 31).
cost(5, 2, 11).
cost(5, 3, 53).
cost(5, 4, 52).
cost(5, 6, 19).
cost(5, 7, 21).
cost(5, 8, 24).
cost(5, 9, 48).
cost(5, 10, 73).
cost(5, 11, 36).
cost(5, 12, 41).
cost(5, 13, 67).
cost(5, 14, 55).
cost(5, 15, 41).
cost(5, 16, 62).
cost(5, 17, 40).
cost(5, 18, 27).
cost(5, 19, 63).
cost(5, 20, 42).
cost(5, 21, 45).
cost(5, 22, 34).
cost(5, 23, 64).
cost(5, 24, 53).
cost(6, 1, 36).
cost(6, 2, 8).
cost(6, 3, 71).
cost(6, 4, 65).
cost(6, 5, 19).
cost(6, 7, 11).
cost(6, 8, 43).
cost(6, 9, 51).
cost(6, 10, 87).
cost(6, 11, 54).
cost(6, 12, 34).
cost(6, 13, 85).
cost(6, 14, 74).
cost(6, 15, 39).
cost(6, 16, 76).
cost(6, 17, 54).
cost(6, 18, 31).
cost(6, 19, 81).
cost(6, 20, 42).
cost(6, 21, 35).
cost(6, 22, 30).
cost(6, 23, 83).
cost(6, 24, 70).
cost(7, 1, 27).
cost(7, 2, 12).
cost(7, 3, 68).
cost(7, 4, 58).
cost(7, 5, 21).
cost(7, 6, 11).
cost(7, 8, 45).
cost(7, 9, 41).
cost(7, 10, 82).
cost(7, 11, 56).
cost(7, 12, 23).
cost(7, 13, 81).
cost(7, 14, 74).
cost(7, 15, 29).
cost(7, 16, 70).
cost(7, 17, 49).
cost(7, 18, 22).
cost(7, 19, 81).
cost(7, 20, 31).
cost(7, 21, 25).
cost(7, 22, 20).
cost(7, 23, 82).
cost(7, 24, 67).
cost(8, 1, 42).
cost(8, 2, 35).
cost(8, 3, 35).
cost(8, 4, 46).
cost(8, 5, 24).
cost(8, 6, 43).
cost(8, 7, 45).
cost(8, 9, 58).
cost(8, 10, 60).
cost(8, 11, 11).
cost(8, 12, 61).
cost(8, 13, 50).
cost(8, 14, 31).
cost(8, 15, 57).
cost(8, 16, 52).
cost(8, 17, 34).
cost(8, 18, 42).
cost(8, 19, 39).
cost(8, 20, 56).
cost(8, 21, 66).
cost(8, 22, 53).
cost(8, 23, 42).
cost(8, 24, 36).
cost(9, 1, 18).
cost(9, 2, 47).
cost(9, 3, 57).
cost(9, 4, 33).
cost(9, 5, 48).
cost(9, 6, 51).
cost(9, 7, 41).
cost(9, 8, 58).
cost(9, 10, 56).
cost(9, 11, 64).
cost(9, 12, 27).
cost(9, 13, 65).
cost(9, 14, 74).
cost(9, 15, 16).
cost(9, 16, 44).
cost(9, 17, 33).
cost(9, 18, 22).
cost(9, 19, 77).
cost(9, 20, 11).
cost(9, 21, 32).
cost(9, 22, 23).
cost(9, 23, 75).
cost(9, 24, 55).
cost(10, 1, 57).
cost(10, 2, 80).
cost(10, 3, 28).
cost(10, 4, 24).
cost(10, 5, 73).
cost(10, 6, 87).
cost(10, 7, 82).
cost(10, 8, 60).
cost(10, 9, 56).
cost(10, 11, 56).
cost(10, 12, 79).
cost(10, 13, 20).
cost(10, 14, 47).
cost(10, 15, 69).
cost(10, 16, 13).
cost(10, 17, 33).
cost(10, 18, 62).
cost(10, 19, 43).
cost(10, 20, 65).
cost(10, 21, 85).
cost(10, 22, 73).
cost(10, 23, 38).
cost(10, 24, 25).
cost(11, 1, 50).
cost(11, 2, 46).
cost(11, 3, 29).
cost(11, 4, 47).
cost(11, 5, 36).
cost(11, 6, 54).
cost(11, 7, 56).
cost(11, 8, 11).
cost(11, 9, 64).
cost(11, 10, 56).
cost(11, 12, 70).
cost(11, 13, 43).
cost(11, 14, 21).
cost(11, 15, 66).
cost(11, 16, 50).
cost(11, 17, 36).
cost(11, 18, 50).
cost(11, 19, 29).
cost(11, 20, 64).
cost(11, 21, 75).
cost(11, 22, 62).
cost(11, 23, 32).
cost(11, 24, 31).
cost(12, 1, 24).
cost(12, 2, 34).
cost(12, 3, 74).
cost(12, 4, 55).
cost(12, 5, 41).
cost(12, 6, 34).
cost(12, 7, 23).
cost(12, 8, 61).
cost(12, 9, 27).
cost(12, 10, 79).
cost(12, 11, 70).
cost(12, 13, 84).
cost(12, 14, 85).
cost(12, 15, 11).
cost(12, 16, 67).
cost(12, 17, 50).
cost(12, 18, 21).
cost(12, 19, 91).
cost(12, 20, 16).
cost(12, 21, 6).
cost(12, 22, 8).
cost(12, 23, 90).
cost(12, 24, 72).
cost(13, 1, 61).
cost(13, 2, 77).
cost(13, 3, 15).
cost(13, 4, 32).
cost(13, 5, 67).
cost(13, 6, 85).
cost(13, 7, 81).
cost(13, 8, 50).
cost(13, 9, 65).
cost(13, 10, 20).
cost(13, 11, 43).
cost(13, 12, 84).
cost(13, 14, 29).
cost(13, 15, 75).
cost(13, 16, 24).
cost(13, 17, 35).
cost(13, 18, 64).
cost(13, 19, 24).
cost(13, 20, 72).
cost(13, 21, 90).
cost(13, 22, 77).
cost(13, 23, 19).
cost(13, 24, 14).
cost(14, 1, 62).
cost(14, 2, 66).
cost(14, 3, 21).
cost(14, 4, 47).
cost(14, 5, 55).
cost(14, 6, 74).
cost(14, 7, 74).
cost(14, 8, 31).
cost(14, 9, 74).
cost(14, 10, 47).
cost(14, 11, 21).
cost(14, 12, 85).
cost(14, 13, 29).
cost(14, 15, 79).
cost(14, 16, 46).
cost(14, 17, 41).
cost(14, 18, 64).
cost(14, 19, 8).
cost(14, 20, 76).
cost(14, 21, 91).
cost(14, 22, 77).
cost(14, 23, 13).
cost(14, 24, 24).
cost(15, 1, 16).
cost(15, 2, 37).
cost(15, 3, 65).
cost(15, 4, 45).
cost(15, 5, 41).
cost(15, 6, 39).
cost(15, 7, 29).
cost(15, 8, 57).
cost(15, 9, 16).
cost(15, 10, 69).
cost(15, 11, 66).
cost(15, 12, 11).
cost(15, 13, 75).
cost(15, 14, 79).
cost(15, 16, 56).
cost(15, 17, 41).
cost(15, 18, 16).
cost(15, 19, 83).
cost(15, 20, 4).
cost(15, 21, 17).
cost(15, 22, 9).
cost(15, 23, 82).
cost(15, 24, 63).
cost(16, 1, 44).
cost(16, 2, 68).
cost(16, 3, 25).
cost(16, 4, 12).
cost(16, 5, 62).
cost(16, 6, 76).
cost(16, 7, 70).
cost(16, 8, 52).
cost(16, 9, 44).
cost(16, 10, 13).
cost(16, 11, 50).
cost(16, 12, 67).
cost(16, 13, 24).
cost(16, 14, 46).
cost(16, 15, 56).
cost(16, 17, 22).
cost(16, 18, 49).
cost(16, 19, 45).
cost(16, 20, 52).
cost(16, 21, 73).
cost(16, 22, 60).
cost(16, 23, 40).
cost(16, 24, 22).
cost(17, 1, 26).
cost(17, 2, 46).
cost(17, 3, 25).
cost(17, 4, 12).
cost(17, 5, 40).
cost(17, 6, 54).
cost(17, 7, 49).
cost(17, 8, 34).
cost(17, 9, 33).
cost(17, 10, 33).
cost(17, 11, 36).
cost(17, 12, 50).
cost(17, 13, 35).
cost(17, 14, 41).
cost(17, 15, 41).
cost(17, 16, 22).
cost(17, 18, 30).
cost(17, 19, 44).
cost(17, 20, 37).
cost(17, 21, 56).
cost(17, 22, 42).
cost(17, 23, 42).
cost(17, 24, 22).
cost(18, 1, 5).
cost(18, 2, 26).
cost(18, 3, 53).
cost(18, 4, 37).
cost(18, 5, 27).
cost(18, 6, 31).
cost(18, 7, 22).
cost(18, 8, 42).
cost(18, 9, 22).
cost(18, 10, 62).
cost(18, 11, 50).
cost(18, 12, 21).
cost(18, 13, 64).
cost(18, 14, 64).
cost(18, 15, 16).
cost(18, 16, 49).
cost(18, 17, 30).
cost(18, 19, 69).
cost(18, 20, 15).
cost(18, 21, 27).
cost(18, 22, 13).
cost(18, 23, 69).
cost(18, 24, 51).
cost(19, 1, 67).
cost(19, 2, 73).
cost(19, 3, 21).
cost(19, 4, 48).
cost(19, 5, 63).
cost(19, 6, 81).
cost(19, 7, 81).
cost(19, 8, 39).
cost(19, 9, 77).
cost(19, 10, 43).
cost(19, 11, 29).
cost(19, 12, 91).
cost(19, 13, 24).
cost(19, 14, 8).
cost(19, 15, 83).
cost(19, 16, 45).
cost(19, 17, 44).
cost(19, 18, 69).
cost(19, 20, 80).
cost(19, 21, 96).
cost(19, 22, 82).
cost(19, 23, 6).
cost(19, 24, 24).
cost(20, 1, 14).
cost(20, 2, 39).
cost(20, 3, 62).
cost(20, 4, 41).
cost(20, 5, 42).
cost(20, 6, 42).
cost(20, 7, 31).
cost(20, 8, 56).
cost(20, 9, 11).
cost(20, 10, 65).
cost(20, 11, 64).
cost(20, 12, 16).
cost(20, 13, 72).
cost(20, 14, 76).
cost(20, 15, 4).
cost(20, 16, 52).
cost(20, 17, 37).
cost(20, 18, 15).
cost(20, 19, 80).
cost(20, 21, 21).
cost(20, 22, 12).
cost(20, 23, 79).
cost(20, 24, 60).
cost(21, 1, 30).
cost(21, 2, 37).
cost(21, 3, 80).
cost(21, 4, 61).
cost(21, 5, 45).
cost(21, 6, 35).
cost(21, 7, 25).
cost(21, 8, 66).
cost(21, 9, 32).
cost(21, 10, 85).
cost(21, 11, 75).
cost(21, 12, 6).
cost(21, 13, 90).
cost(21, 14, 91).
cost(21, 15, 17).
cost(21, 16, 73).
cost(21, 17, 56).
cost(21, 18, 27).
cost(21, 19, 96).
cost(21, 20, 21).
cost(21, 22, 14).
cost(21, 23, 96).
cost(21, 24, 78).
cost(22, 1, 16).
cost(22, 2, 29).
cost(22, 3, 66).
cost(22, 4, 48).
cost(22, 5, 34).
cost(22, 6, 30).
cost(22, 7, 20).
cost(22, 8, 53).
cost(22, 9, 23).
cost(22, 10, 73).
cost(22, 11, 62).
cost(22, 12, 8).
cost(22, 13, 77).
cost(22, 14, 77).
cost(22, 15, 9).
cost(22, 16, 60).
cost(22, 17, 42).
cost(22, 18, 13).
cost(22, 19, 82).
cost(22, 20, 12).
cost(22, 21, 14).
cost(22, 23, 82).
cost(22, 24, 64).
cost(23, 1, 66).
cost(23, 2, 75).
cost(23, 3, 18).
cost(23, 4, 45).
cost(23, 5, 64).
cost(23, 6, 83).
cost(23, 7, 82).
cost(23, 8, 42).
cost(23, 9, 75).
cost(23, 10, 38).
cost(23, 11, 32).
cost(23, 12, 90).
cost(23, 13, 19).
cost(23, 14, 13).
cost(23, 15, 82).
cost(23, 16, 40).
cost(23, 17, 42).
cost(23, 18, 69).
cost(23, 19, 6).
cost(23, 20, 79).
cost(23, 21, 96).
cost(23, 22, 82).
cost(23, 24, 21).
cost(24, 1, 48).
cost(24, 2, 62).
cost(24, 3, 3).
cost(24, 4, 24).
cost(24, 5, 53).
cost(24, 6, 70).
cost(24, 7, 67).
cost(24, 8, 36).
cost(24, 9, 55).
cost(24, 10, 25).
cost(24, 11, 31).
cost(24, 12, 72).
cost(24, 13, 14).
cost(24, 14, 24).
cost(24, 15, 63).
cost(24, 16, 22).
cost(24, 17, 22).
cost(24, 18, 51).
cost(24, 19, 24).
cost(24, 20, 60).
cost(24, 21, 78).
cost(24, 22, 64).
cost(24, 23, 21).
nocross(1,3).
nocross(1,4).
nocross(1,5).
nocross(1,7).
nocross(1,9).
nocross(1,16).
nocross(1,17).
nocross(1,18).
nocross(1,22).
nocross(1,24).
nocross(2,1).
nocross(2,3).
nocross(2,5).
nocross(2,6).
nocross(2,7).
nocross(2,8).
nocross(2,17).
nocross(2,18).
nocross(2,22).
nocross(2,24).
nocross(3,1).
nocross(3,4).
nocross(3,8).
nocross(3,10).
nocross(3,11).
nocross(3,13).
nocross(3,14).
nocross(3,16).
nocross(3,17).
nocross(3,19).
nocross(3,23).
nocross(3,24).
nocross(4,1).
nocross(4,3).
nocross(4,9).
nocross(4,10).
nocross(4,13).
nocross(4,16).
nocross(4,17).
nocross(4,18).
nocross(4,19).
nocross(4,20).
nocross(4,23).
nocross(4,24).
nocross(5,1).
nocross(5,2).
nocross(5,3).
nocross(5,4).
nocross(5,6).
nocross(5,7).
nocross(5,8).
nocross(5,11).
nocross(5,14).
nocross(5,17).
nocross(5,18).
nocross(5,24).
nocross(6,1).
nocross(6,2).
nocross(6,5).
nocross(6,7).
nocross(6,8).
nocross(6,18).
nocross(6,21).
nocross(6,22).
nocross(7,1).
nocross(7,2).
nocross(7,5).
nocross(7,6).
nocross(7,12).
nocross(7,17).
nocross(7,18).
nocross(7,21).
nocross(7,22).
nocross(7,24).
nocross(8,1).
nocross(8,2).
nocross(8,3).
nocross(8,4).
nocross(8,5).
nocross(8,6).
nocross(8,11).
nocross(8,13).
nocross(8,14).
nocross(8,16).
nocross(8,17).
nocross(8,19).
nocross(8,23).
nocross(8,24).
nocross(9,1).
nocross(9,4).
nocross(9,10).
nocross(9,12).
nocross(9,15).
nocross(9,16).
nocross(9,17).
nocross(9,18).
nocross(9,20).
nocross(9,22).
nocross(9,24).
nocross(10,1).
nocross(10,3).
nocross(10,4).
nocross(10,9).
nocross(10,13).
nocross(10,14).
nocross(10,16).
nocross(10,17).
nocross(10,19).
nocross(10,23).
nocross(10,24).
nocross(11,3).
nocross(11,5).
nocross(11,8).
nocross(11,13).
nocross(11,14).
nocross(11,17).
nocross(11,19).
nocross(11,23).
nocross(11,24).
nocross(12,1).
nocross(12,2).
nocross(12,6).
nocross(12,7).
nocross(12,9).
nocross(12,15).
nocross(12,18).
nocross(12,20).
nocross(12,21).
nocross(12,22).
nocross(13,3).
nocross(13,4).
nocross(13,8).
nocross(13,10).
nocross(13,11).
nocross(13,14).
nocross(13,16).
nocross(13,17).
nocross(13,19).
nocross(13,23).
nocross(13,24).
nocross(14,3).
nocross(14,8).
nocross(14,11).
nocross(14,13).
nocross(14,19).
nocross(14,23).
nocross(14,24).
nocross(15,1).
nocross(15,4).
nocross(15,9).
nocross(15,12).
nocross(15,18).
nocross(15,20).
nocross(15,21).
nocross(15,22).
nocross(16,1).
nocross(16,3).
nocross(16,4).
nocross(16,9).
nocross(16,10).
nocross(16,13).
nocross(16,17).
nocross(16,18).
nocross(16,19).
nocross(16,23).
nocross(16,24).
nocross(17,1).
nocross(17,3).
nocross(17,4).
nocross(17,5).
nocross(17,8).
nocross(17,10).
nocross(17,11).
nocross(17,13).
nocross(17,14).
nocross(17,16).
nocross(17,18).
nocross(17,19).
nocross(17,23).
nocross(17,24).
nocross(18,1).
nocross(18,2).
nocross(18,4).
nocross(18,5).
nocross(18,6).
nocross(18,7).
nocross(18,16).
nocross(18,17).
nocross(18,22).
nocross(18,24).
nocross(19,3).
nocross(19,8).
nocross(19,11).
nocross(19,13).
nocross(19,14).
nocross(19,23).
nocross(19,24).
nocross(20,1).
nocross(20,4).
nocross(20,9).
nocross(20,12).
nocross(20,15).
nocross(20,17).
nocross(20,18).
nocross(20,22).
nocross(21,1).
nocross(21,6).
nocross(21,7).
nocross(21,9).
nocross(21,12).
nocross(21,15).
nocross(21,18).
nocross(21,20).
nocross(21,22).
nocross(22,1).
nocross(22,2).
nocross(22,6).
nocross(22,7).
nocross(22,12).
nocross(22,15).
nocross(22,17).
nocross(22,18).
nocross(22,20).
nocross(22,21).
nocross(23,3).
nocross(23,8).
nocross(23,10).
nocross(23,11).
nocross(23,13).
nocross(23,14).
nocross(23,17).
nocross(23,19).
nocross(23,24).
nocross(24,1).
nocross(24,3).
nocross(24,4).
nocross(24,8).
nocross(24,10).
nocross(24,11).
nocross(24,13).
nocross(24,14).
nocross(24,16).
nocross(24,17).
nocross(24,19).
nocross(24,23).
