dimension(24).
point(1, 53.2822581415, 57.4740833071).
point(2, 29.7982622502, 57.5324645617).
point(3, 94.432658881, 52.7533200292).
point(4, 53.2274426239, 21.3138833058).
point(5, 60.4676534307, 93.3786553226).
point(6, 96.6397106156, 73.1845874762).
point(7, 85.6111373417, 69.8477313008).
point(8, 29.596813254, 27.305631374).
point(9, 59.0406288016, 48.1617934515).
point(10, 64.9034636074, 22.9349475517).
point(11, 26.9953033815, 47.2782284898).
point(12, 74.0106668601, 78.9510969443).
point(13, 42.1953409682, 17.52863743).
point(14, 75.7641608913, 68.9156644714).
point(15, 89.1226035074, 62.1312618459).
point(16, 86.7416423788, 86.3184133793).
point(17, 60.7494132571, 90.5351056424).
point(18, 94.6403505393, 67.3850773042).
point(19, 47.2446269427, 95.2021566013).
point(20, 63.2561227173, 30.5095764019).
point(21, 68.2213019234, 36.0775485536).
point(22, 81.783144813, 65.7332243982).
point(23, 35.4538214864, 33.776159433).
point(24, 21.9280137036, 65.5872298075).
cost(1, 2, 23).
cost(1, 3, 41).
cost(1, 4, 36).
cost(1, 5, 37).
cost(1, 6, 46).
cost(1, 7, 35).
cost(1, 8, 38).
cost(1, 9, 11).
cost(1, 10, 36).
cost(1, 11, 28).
cost(1, 12, 30).
cost(1, 13, 41).
cost(1, 14, 25).
cost(1, 15, 36).
cost(1, 16, 44).
cost(1, 17, 34).
cost(1, 18, 43).
cost(1, 19, 38).
cost(1, 20, 29).
cost(1, 21, 26).
cost(1, 22, 30).
cost(1, 23, 30).
cost(1, 24, 32).
cost(2, 1, 23).
cost(2, 3, 65).
cost(2, 4, 43).
cost(2, 5, 47).
cost(2, 6, 69).
cost(2, 7, 57).
cost(2, 8, 30).
cost(2, 9, 31).
cost(2, 10, 49).
cost(2, 11, 11).
cost(2, 12, 49).
cost(2, 13, 42).
cost(2, 14, 47).
cost(2, 15, 60).
cost(2, 16, 64).
cost(2, 17, 45).
cost(2, 18, 66).
cost(2, 19, 42).
cost(2, 20, 43).
cost(2, 21, 44).
cost(2, 22, 53).
cost(2, 23, 24).
cost(2, 24, 11).
cost(3, 1, 41).
cost(3, 2, 65).
cost(3, 4, 52).
cost(3, 5, 53).
cost(3, 6, 21).
cost(3, 7, 19).
cost(3, 8, 70).
cost(3, 9, 36).
cost(3, 10, 42).
cost(3, 11, 68).
cost(3, 12, 33).
cost(3, 13, 63).
cost(3, 14, 25).
cost(3, 15, 11).
cost(3, 16, 34).
cost(3, 17, 51).
cost(3, 18, 15).
cost(3, 19, 63).
cost(3, 20, 38).
cost(3, 21, 31).
cost(3, 22, 18).
cost(3, 23, 62).
cost(3, 24, 74).
cost(4, 1, 36).
cost(4, 2, 43).
cost(4, 3, 52).
cost(4, 5, 72).
cost(4, 6, 68).
cost(4, 7, 58).
cost(4, 8, 24).
cost(4, 9, 27).
cost(4, 10, 12).
cost(4, 11, 37).
cost(4, 12, 61).
cost(4, 13, 12).
cost(4, 14, 53).
cost(4, 15, 54).
cost(4, 16, 73).
cost(4, 17, 70).
cost(4, 18, 62).
cost(4, 19, 74).
cost(4, 20, 14).
cost(4, 21, 21).
cost(4, 22, 53).
cost(4, 23, 22).
cost(4, 24, 54).
cost(5, 1, 37).
cost(5, 2, 47).
cost(5, 3, 53).
cost(5, 4, 72).
cost(5, 6, 41).
cost(5, 7, 34).
cost(5, 8, 73).
cost(5, 9, 45).
cost(5, 10, 71).
cost(5, 11, 57).
cost(5, 12, 20).
cost(5, 13, 78).
cost(5, 14, 29).
cost(5, 15, 42).
cost(5, 16, 27).
cost(5, 17, 3).
cost(5, 18, 43).
cost(5, 19, 13).
cost(5, 20, 63).
cost(5, 21, 58).
cost(5, 22, 35).
cost(5, 23, 65).
cost(5, 24, 48).
cost(6, 1, 46).
cost(6, 2, 69).
cost(6, 3, 21).
cost(6, 4, 68).
cost(6, 5, 41).
cost(6, 7, 12).
cost(6, 8, 81).
cost(6, 9, 45).
cost(6, 10, 59).
cost(6, 11, 74).
cost(6, 12, 23).
cost(6, 13, 78).
cost(6, 14, 21).
cost(6, 15, 13).
cost(6, 16, 16).
cost(6, 17, 40).
cost(6, 18, 6).
cost(6, 19, 54).
cost(6, 20, 54).
cost(6, 21, 47).
cost(6, 22, 17).
cost(6, 23, 73).
cost(6, 24, 75).
cost(7, 1, 35).
cost(7, 2, 57).
cost(7, 3, 19).
cost(7, 4, 58).
cost(7, 5, 34).
cost(7, 6, 12).
cost(7, 8, 70).
cost(7, 9, 34).
cost(7, 10, 51).
cost(7, 11, 63).
cost(7, 12, 15).
cost(7, 13, 68).
cost(7, 14, 10).
cost(7, 15, 8).
cost(7, 16, 17).
cost(7, 17, 32).
cost(7, 18, 9).
cost(7, 19, 46).
cost(7, 20, 45).
cost(7, 21, 38).
cost(7, 22, 6).
cost(7, 23, 62).
cost(7, 24, 64).
cost(8, 1, 38).
cost(8, 2, 30).
cost(8, 3, 70).
cost(8, 4, 24).
cost(8, 5, 73).
cost(8, 6, 81).
cost(8, 7, 70).
cost(8, 9, 36).
cost(8, 10, 36).
cost(8, 11, 20).
cost(8, 12, 68).
cost(8, 13, 16).
cost(8, 14, 62).
cost(8, 15, 69).
cost(8, 16, 82).
cost(8, 17, 70).
cost(8, 18, 76).
cost(8, 19, 70).
cost(8, 20, 34).
cost(8, 21, 40).
cost(8, 22, 65).
cost(8, 23, 9).
cost(8, 24, 39).
cost(9, 1, 11).
cost(9, 2, 31).
cost(9, 3, 36).
cost(9, 4, 27).
cost(9, 5, 45).
cost(9, 6, 45).
cost(9, 7, 34).
cost(9, 8, 36).
cost(9, 10, 26).
cost(9, 11, 32).
cost(9, 12, 34).
cost(9, 13, 35).
cost(9, 14, 27).
cost(9, 15, 33).
cost(9, 16, 47).
cost(9, 17, 42).
cost(9, 18, 40).
cost(9, 19, 48).
cost(9, 20, 18).
cost(9, 21, 15).
cost(9, 22, 29).
cost(9, 23, 28).
cost(9, 24, 41).
cost(10, 1, 36).
cost(10, 2, 49).
cost(10, 3, 42).
cost(10, 4, 12).
cost(10, 5, 71).
cost(10, 6, 59).
cost(10, 7, 51).
cost(10, 8, 36).
cost(10, 9, 26).
cost(10, 11, 45).
cost(10, 12, 57).
cost(10, 13, 23).
cost(10, 14, 47).
cost(10, 15, 46).
cost(10, 16, 67).
cost(10, 17, 68).
cost(10, 18, 53).
cost(10, 19, 74).
cost(10, 20, 8).
cost(10, 21, 14).
cost(10, 22, 46).
cost(10, 23, 31).
cost(10, 24, 61).
cost(11, 1, 28).
cost(11, 2, 11).
cost(11, 3, 68).
cost(11, 4, 37).
cost(11, 5, 57).
cost(11, 6, 74).
cost(11, 7, 63).
cost(11, 8, 20).
cost(11, 9, 32).
cost(11, 10, 45).
cost(11, 12, 57).
cost(11, 13, 33).
cost(11, 14, 53).
cost(11, 15, 64).
cost(11, 16, 71).
cost(11, 17, 55).
cost(11, 18, 71).
cost(11, 19, 52).
cost(11, 20, 40).
cost(11, 21, 43).
cost(11, 22, 58).
cost(11, 23, 16).
cost(11, 24, 19).
cost(12, 1, 30).
cost(12, 2, 49).
cost(12, 3, 33).
cost(12, 4, 61).
cost(12, 5, 20).
cost(12, 6, 23).
cost(12, 7, 15).
cost(12, 8, 68).
cost(12, 9, 34).
cost(12, 10, 57).
cost(12, 11, 57).
cost(12, 13, 69).
cost(12, 14, 10).
cost(12, 15, 23).
cost(12, 16, 15).
cost(12, 17, 18).
cost(12, 18, 24).
cost(12, 19, 31).
cost(12, 20, 50).
cost(12, 21, 43).
cost(12, 22, 15).
cost(12, 23, 59).
cost(12, 24, 54).
cost(13, 1, 41).
cost(13, 2, 42).
cost(13, 3, 63).
cost(13, 4, 12).
cost(13, 5, 78).
cost(13, 6, 78).
cost(13, 7, 68).
cost(13, 8, 16).
cost(13, 9, 35).
cost(13, 10, 23).
cost(13, 11, 33).
cost(13, 12, 69).
cost(13, 14, 61).
cost(13, 15, 65).
cost(13, 16, 82).
cost(13, 17, 75).
cost(13, 18, 72).
cost(13, 19, 78).
cost(13, 20, 25).
cost(13, 21, 32).
cost(13, 22, 62).
cost(13, 23, 18).
cost(13, 24, 52).
cost(14, 1, 25).
cost(14, 2, 47).
cost(14, 3, 25).
cost(14, 4, 53).
cost(14, 5, 29).
cost(14, 6, 21).
cost(14, 7, 10).
cost(14, 8, 62).
cost(14, 9, 27).
cost(14, 10, 47).
cost(14, 11, 53).
cost(14, 12, 10).
cost(14, 13, 61).
cost(14, 15, 15).
cost(14, 16, 21).
cost(14, 17, 26).
cost(14, 18, 19).
cost(14, 19, 39).
cost(14, 20, 40).
cost(14, 21, 34).
cost(14, 22, 7).
cost(14, 23, 53).
cost(14, 24, 54).
cost(15, 1, 36).
cost(15, 2, 60).
cost(15, 3, 11).
cost(15, 4, 54).
cost(15, 5, 42).
cost(15, 6, 13).
cost(15, 7, 8).
cost(15, 8, 69).
cost(15, 9, 33).
cost(15, 10, 46).
cost(15, 11, 64).
cost(15, 12, 23).
cost(15, 13, 65).
cost(15, 14, 15).
cost(15, 16, 24).
cost(15, 17, 40).
cost(15, 18, 8).
cost(15, 19, 53).
cost(15, 20, 41).
cost(15, 21, 33).
cost(15, 22, 8).
cost(15, 23, 61).
cost(15, 24, 67).
cost(16, 1, 44).
cost(16, 2, 64).
cost(16, 3, 34).
cost(16, 4, 73).
cost(16, 5, 27).
cost(16, 6, 16).
cost(16, 7, 17).
cost(16, 8, 82).
cost(16, 9, 47).
cost(16, 10, 67).
cost(16, 11, 71).
cost(16, 12, 15).
cost(16, 13, 82).
cost(16, 14, 21).
cost(16, 15, 24).
cost(16, 17, 26).
cost(16, 18, 21).
cost(16, 19, 40).
cost(16, 20, 61).
cost(16, 21, 54).
cost(16, 22, 21).
cost(16, 23, 73).
cost(16, 24, 68).
cost(17, 1, 34).
cost(17, 2, 45).
cost(17, 3, 51).
cost(17, 4, 70).
cost(17, 5, 3).
cost(17, 6, 40).
cost(17, 7, 32).
cost(17, 8, 70).
cost(17, 9, 42).
cost(17, 10, 68).
cost(17, 11, 55).
cost(17, 12, 18).
cost(17, 13, 75).
cost(17, 14, 26).
cost(17, 15, 40).
cost(17, 16, 26).
cost(17, 18, 41).
cost(17, 19, 14).
cost(17, 20, 60).
cost(17, 21, 55).
cost(17, 22, 33).
cost(17, 23, 62).
cost(17, 24, 46).
cost(18, 1, 43).
cost(18, 2, 66).
cost(18, 3, 15).
cost(18, 4, 62).
cost(18, 5, 43).
cost(18, 6, 6).
cost(18, 7, 9).
cost(18, 8, 76).
cost(18, 9, 40).
cost(18, 10, 53).
cost(18, 11, 71).
cost(18, 12, 24).
cost(18, 13, 72).
cost(18, 14, 19).
cost(18, 15, 8).
cost(18, 16, 21).
cost(18, 17, 41).
cost(18, 19, 55).
cost(18, 20, 48).
cost(18, 21, 41).
cost(18, 22, 13).
cost(18, 23, 68).
cost(18, 24, 73).
cost(19, 1, 38).
cost(19, 2, 42).
cost(19, 3, 63).
cost(19, 4, 74).
cost(19, 5, 13).
cost(19, 6, 54).
cost(19, 7, 46).
cost(19, 8, 70).
cost(19, 9, 48).
cost(19, 10, 74).
cost(19, 11, 52).
cost(19, 12, 31).
cost(19, 13, 78).
cost(19, 14, 39).
cost(19, 15, 53).
cost(19, 16, 40).
cost(19, 17, 14).
cost(19, 18, 55).
cost(19, 20, 67).
cost(19, 21, 63).
cost(19, 22, 45).
cost(19, 23, 63).
cost(19, 24, 39).
cost(20, 1, 29).
cost(20, 2, 43).
cost(20, 3, 38).
cost(20, 4, 14).
cost(20, 5, 63).
cost(20, 6, 54).
cost(20, 7, 45).
cost(20, 8, 34).
cost(20, 9, 18).
cost(20, 10, 8).
cost(20, 11, 40).
cost(20, 12, 50).
cost(20, 13, 25).
cost(20, 14, 40).
cost(20, 15, 41).
cost(20, 16, 61).
cost(20, 17, 60).
cost(20, 18, 48).
cost(20, 19, 67).
cost(20, 21, 7).
cost(20, 22, 40).
cost(20, 23, 28).
cost(20, 24, 54).
cost(21, 1, 26).
cost(21, 2, 44).
cost(21, 3, 31).
cost(21, 4, 21).
cost(21, 5, 58).
cost(21, 6, 47).
cost(21, 7, 38).
cost(21, 8, 40).
cost(21, 9, 15).
cost(21, 10, 14).
cost(21, 11, 43).
cost(21, 12, 43).
cost(21, 13, 32).
cost(21, 14, 34).
cost(21, 15, 33).
cost(21, 16, 54).
cost(21, 17, 55).
cost(21, 18, 41).
cost(21, 19, 63).
cost(21, 20, 7).
cost(21, 22, 33).
cost(21, 23, 33).
cost(21, 24, 55).
cost(22, 1, 30).
cost(22, 2, 53).
cost(22, 3, 18).
cost(22, 4, 53).
cost(22, 5, 35).
cost(22, 6, 17).
cost(22, 7, 6).
cost(22, 8, 65).
cost(22, 9, 29).
cost(22, 10, 46).
cost(22, 11, 58).
cost(22, 12, 15).
cost(22, 13, 62).
cost(22, 14, 7).
cost(22, 15, 8).
cost(22, 16, 21).
cost(22, 17, 33).
cost(22, 18, 13).
cost(22, 19, 45).
cost(22, 20, 40).
cost(22, 21, 33).
cost(22, 23, 56).
cost(22, 24, 60).
cost(23, 1, 30).
cost(23, 2, 24).
cost(23, 3, 62).
cost(23, 4, 22).
cost(23, 5, 65).
cost(23, 6, 73).
cost(23, 7, 62).
cost(23, 8, 9).
cost(23, 9, 28).
cost(23, 10, 31).
cost(23, 11, 16).
cost(23, 12, 59).
cost(23, 13, 18).
cost(23, 14, 53).
cost(23, 15, 61).
cost(23, 16, 73).
cost(23, 17, 62).
cost(23, 18, 68).
cost(23, 19, 63).
cost(23, 20, 28).
cost(23, 21, 33).
cost(23, 22, 56).
cost(23, 24, 35).
cost(24, 1, 32).
cost(24, 2, 11).
cost(24, 3, 74).
cost(24, 4, 54).
cost(24, 5, 48).
cost(24, 6, 75).
cost(24, 7, 64).
cost(24, 8, 39).
cost(24, 9, 41).
cost(24, 10, 61).
cost(24, 11, 19).
cost(24, 12, 54).
cost(24, 13, 52).
cost(24, 14, 54).
cost(24, 15, 67).
cost(24, 16, 68).
cost(24, 17, 46).
cost(24, 18, 73).
cost(24, 19, 39).
cost(24, 20, 54).
cost(24, 21, 55).
cost(24, 22, 60).
cost(24, 23, 35).
nocross(1,2).
nocross(1,5).
nocross(1,7).
nocross(1,8).
nocross(1,9).
nocross(1,10).
nocross(1,11).
nocross(1,14).
nocross(1,17).
nocross(1,19).
nocross(1,20).
nocross(1,21).
nocross(1,22).
nocross(1,23).
nocross(1,24).
nocross(2,1).
nocross(2,5).
nocross(2,8).
nocross(2,9).
nocross(2,11).
nocross(2,17).
nocross(2,19).
nocross(2,23).
nocross(2,24).
nocross(3,6).
nocross(3,7).
nocross(3,9).
nocross(3,10).
nocross(3,14).
nocross(3,15).
nocross(3,18).
nocross(3,20).
nocross(3,21).
nocross(3,22).
nocross(4,8).
nocross(4,9).
nocross(4,10).
nocross(4,11).
nocross(4,13).
nocross(4,20).
nocross(4,21).
nocross(4,23).
nocross(5,6).
nocross(5,12).
nocross(5,14).
nocross(5,16).
nocross(5,17).
nocross(5,19).
nocross(5,22).
nocross(6,3).
nocross(6,5).
nocross(6,7).
nocross(6,12).
nocross(6,14).
nocross(6,15).
nocross(6,16).
nocross(6,18).
nocross(6,22).
nocross(7,3).
nocross(7,5).
nocross(7,6).
nocross(7,9).
nocross(7,12).
nocross(7,14).
nocross(7,15).
nocross(7,16).
nocross(7,17).
nocross(7,18).
nocross(7,22).
nocross(8,2).
nocross(8,4).
nocross(8,9).
nocross(8,11).
nocross(8,13).
nocross(8,23).
nocross(8,24).
nocross(9,1).
nocross(9,2).
nocross(9,3).
nocross(9,4).
nocross(9,7).
nocross(9,8).
nocross(9,10).
nocross(9,11).
nocross(9,13).
nocross(9,14).
nocross(9,17).
nocross(9,20).
nocross(9,21).
nocross(9,22).
nocross(9,23).
nocross(9,24).
nocross(10,3).
nocross(10,4).
nocross(10,9).
nocross(10,13).
nocross(10,20).
nocross(10,21).
nocross(10,23).
nocross(11,1).
nocross(11,2).
nocross(11,8).
nocross(11,9).
nocross(11,13).
nocross(11,23).
nocross(11,24).
nocross(12,1).
nocross(12,5).
nocross(12,6).
nocross(12,7).
nocross(12,9).
nocross(12,14).
nocross(12,15).
nocross(12,16).
nocross(12,17).
nocross(12,18).
nocross(12,19).
nocross(12,22).
nocross(13,4).
nocross(13,8).
nocross(13,9).
nocross(13,10).
nocross(13,11).
nocross(13,20).
nocross(13,21).
nocross(13,23).
nocross(14,1).
nocross(14,5).
nocross(14,7).
nocross(14,9).
nocross(14,12).
nocross(14,15).
nocross(14,16).
nocross(14,17).
nocross(14,18).
nocross(14,21).
nocross(14,22).
nocross(15,3).
nocross(15,6).
nocross(15,7).
nocross(15,9).
nocross(15,12).
nocross(15,14).
nocross(15,18).
nocross(15,21).
nocross(15,22).
nocross(16,5).
nocross(16,6).
nocross(16,7).
nocross(16,12).
nocross(16,14).
nocross(16,15).
nocross(16,17).
nocross(16,18).
nocross(16,19).
nocross(16,22).
nocross(17,1).
nocross(17,5).
nocross(17,6).
nocross(17,7).
nocross(17,12).
nocross(17,14).
nocross(17,16).
nocross(17,19).
nocross(17,22).
nocross(18,3).
nocross(18,5).
nocross(18,6).
nocross(18,7).
nocross(18,12).
nocross(18,14).
nocross(18,15).
nocross(18,16).
nocross(18,17).
nocross(18,22).
nocross(19,1).
nocross(19,5).
nocross(19,12).
nocross(19,14).
nocross(19,17).
nocross(19,24).
nocross(20,1).
nocross(20,3).
nocross(20,4).
nocross(20,9).
nocross(20,10).
nocross(20,13).
nocross(20,21).
nocross(20,23).
nocross(21,1).
nocross(21,3).
nocross(21,4).
nocross(21,9).
nocross(21,10).
nocross(21,14).
nocross(21,15).
nocross(21,20).
nocross(21,22).
nocross(21,23).
nocross(22,1).
nocross(22,3).
nocross(22,7).
nocross(22,9).
nocross(22,12).
nocross(22,14).
nocross(22,15).
nocross(22,17).
nocross(22,18).
nocross(22,20).
nocross(22,21).
nocross(23,1).
nocross(23,2).
nocross(23,4).
nocross(23,8).
nocross(23,9).
nocross(23,10).
nocross(23,11).
nocross(23,13).
nocross(23,20).
nocross(23,24).
nocross(24,1).
nocross(24,2).
nocross(24,5).
nocross(24,8).
nocross(24,11).
nocross(24,17).
nocross(24,19).
nocross(24,23).
