dimension(24).
point(1, 58.672760503, 40.7567654945).
point(2, 22.8429984204, 83.9485077346).
point(3, 29.6766985596, 90.9329051629).
point(4, 75.4751486964, 33.2490742825).
point(5, 8.8454229097, 82.7397269435).
point(6, 17.6102567634, 57.5906007291).
point(7, 24.1836368158, 67.7637843177).
point(8, 42.4223993016, 18.9965903434).
point(9, 66.9593834005, 26.0679168929).
point(10, 37.4116722207, 92.9112926014).
point(11, 69.6698713129, 42.2441333927).
point(12, 44.041310428, 84.8483787455).
point(13, 11.7479892213, 82.8383392653).
point(14, 40.9243729551, 97.2559108548).
point(15, 30.0420840233, 76.4933366552).
point(16, 57.1799590018, 50.9997010342).
point(17, 5.4644707326, 54.6952739365).
point(18, 49.6915185254, 31.4976226927).
point(19, 54.138126544, 17.5482544115).
point(20, 79.0150479371, 64.7224895601).
point(21, 84.1924002771, 33.6358920953).
point(22, 69.8377616871, 29.0807277663).
point(23, 76.8040648724, 13.0190119136).
point(24, 28.3965569733, 65.0784039589).
cost(1, 2, 56).
cost(1, 3, 58).
cost(1, 4, 18).
cost(1, 5, 65).
cost(1, 6, 44).
cost(1, 7, 44).
cost(1, 8, 27).
cost(1, 9, 17).
cost(1, 10, 56).
cost(1, 11, 11).
cost(1, 12, 46).
cost(1, 13, 63).
cost(1, 14, 59).
cost(1, 15, 46).
cost(1, 16, 10).
cost(1, 17, 55).
cost(1, 18, 13).
cost(1, 19, 24).
cost(1, 20, 31).
cost(1, 21, 26).
cost(1, 22, 16).
cost(1, 23, 33).
cost(1, 24, 39).
cost(2, 1, 56).
cost(2, 3, 10).
cost(2, 4, 73).
cost(2, 5, 14).
cost(2, 6, 27).
cost(2, 7, 16).
cost(2, 8, 68).
cost(2, 9, 73).
cost(2, 10, 17).
cost(2, 11, 63).
cost(2, 12, 21).
cost(2, 13, 11).
cost(2, 14, 22).
cost(2, 15, 10).
cost(2, 16, 48).
cost(2, 17, 34).
cost(2, 18, 59).
cost(2, 19, 73).
cost(2, 20, 59).
cost(2, 21, 79).
cost(2, 22, 72).
cost(2, 23, 89).
cost(2, 24, 20).
cost(3, 1, 58).
cost(3, 2, 10).
cost(3, 4, 74).
cost(3, 5, 22).
cost(3, 6, 35).
cost(3, 7, 24).
cost(3, 8, 73).
cost(3, 9, 75).
cost(3, 10, 8).
cost(3, 11, 63).
cost(3, 12, 16).
cost(3, 13, 20).
cost(3, 14, 13).
cost(3, 15, 14).
cost(3, 16, 48).
cost(3, 17, 44).
cost(3, 18, 63).
cost(3, 19, 77).
cost(3, 20, 56).
cost(3, 21, 79).
cost(3, 22, 74).
cost(3, 23, 91).
cost(3, 24, 26).
cost(4, 1, 18).
cost(4, 2, 73).
cost(4, 3, 74).
cost(4, 5, 83).
cost(4, 6, 63).
cost(4, 7, 62).
cost(4, 8, 36).
cost(4, 9, 11).
cost(4, 10, 71).
cost(4, 11, 11).
cost(4, 12, 60).
cost(4, 13, 81).
cost(4, 14, 73).
cost(4, 15, 63).
cost(4, 16, 25).
cost(4, 17, 73).
cost(4, 18, 26).
cost(4, 19, 26).
cost(4, 20, 32).
cost(4, 21, 9).
cost(4, 22, 7).
cost(4, 23, 20).
cost(4, 24, 57).
cost(5, 1, 65).
cost(5, 2, 14).
cost(5, 3, 22).
cost(5, 4, 83).
cost(5, 6, 27).
cost(5, 7, 21).
cost(5, 8, 72).
cost(5, 9, 81).
cost(5, 10, 30).
cost(5, 11, 73).
cost(5, 12, 35).
cost(5, 13, 3).
cost(5, 14, 35).
cost(5, 15, 22).
cost(5, 16, 58).
cost(5, 17, 28).
cost(5, 18, 66).
cost(5, 19, 79).
cost(5, 20, 72).
cost(5, 21, 90).
cost(5, 22, 81).
cost(5, 23, 97).
cost(5, 24, 26).
cost(6, 1, 44).
cost(6, 2, 27).
cost(6, 3, 35).
cost(6, 4, 63).
cost(6, 5, 27).
cost(6, 7, 12).
cost(6, 8, 46).
cost(6, 9, 59).
cost(6, 10, 40).
cost(6, 11, 54).
cost(6, 12, 38).
cost(6, 13, 26).
cost(6, 14, 46).
cost(6, 15, 23).
cost(6, 16, 40).
cost(6, 17, 12).
cost(6, 18, 41).
cost(6, 19, 54).
cost(6, 20, 62).
cost(6, 21, 71).
cost(6, 22, 60).
cost(6, 23, 74).
cost(6, 24, 13).
cost(7, 1, 44).
cost(7, 2, 16).
cost(7, 3, 24).
cost(7, 4, 62).
cost(7, 5, 21).
cost(7, 6, 12).
cost(7, 8, 52).
cost(7, 9, 60).
cost(7, 10, 28).
cost(7, 11, 52).
cost(7, 12, 26).
cost(7, 13, 20).
cost(7, 14, 34).
cost(7, 15, 11).
cost(7, 16, 37).
cost(7, 17, 23).
cost(7, 18, 44).
cost(7, 19, 58).
cost(7, 20, 55).
cost(7, 21, 69).
cost(7, 22, 60).
cost(7, 23, 76).
cost(7, 24, 5).
cost(8, 1, 27).
cost(8, 2, 68).
cost(8, 3, 73).
cost(8, 4, 36).
cost(8, 5, 72).
cost(8, 6, 46).
cost(8, 7, 52).
cost(8, 9, 26).
cost(8, 10, 74).
cost(8, 11, 36).
cost(8, 12, 66).
cost(8, 13, 71).
cost(8, 14, 78).
cost(8, 15, 59).
cost(8, 16, 35).
cost(8, 17, 51).
cost(8, 18, 14).
cost(8, 19, 12).
cost(8, 20, 59).
cost(8, 21, 44).
cost(8, 22, 29).
cost(8, 23, 35).
cost(8, 24, 48).
cost(9, 1, 17).
cost(9, 2, 73).
cost(9, 3, 75).
cost(9, 4, 11).
cost(9, 5, 81).
cost(9, 6, 59).
cost(9, 7, 60).
cost(9, 8, 26).
cost(9, 10, 73).
cost(9, 11, 16).
cost(9, 12, 63).
cost(9, 13, 79).
cost(9, 14, 76).
cost(9, 15, 62).
cost(9, 16, 27).
cost(9, 17, 68).
cost(9, 18, 18).
cost(9, 19, 15).
cost(9, 20, 40).
cost(9, 21, 19).
cost(9, 22, 4).
cost(9, 23, 16).
cost(9, 24, 55).
cost(10, 1, 56).
cost(10, 2, 17).
cost(10, 3, 8).
cost(10, 4, 71).
cost(10, 5, 30).
cost(10, 6, 40).
cost(10, 7, 28).
cost(10, 8, 74).
cost(10, 9, 73).
cost(10, 11, 60).
cost(10, 12, 10).
cost(10, 13, 28).
cost(10, 14, 6).
cost(10, 15, 18).
cost(10, 16, 46).
cost(10, 17, 50).
cost(10, 18, 63).
cost(10, 19, 77).
cost(10, 20, 50).
cost(10, 21, 76).
cost(10, 22, 72).
cost(10, 23, 89).
cost(10, 24, 29).
cost(11, 1, 11).
cost(11, 2, 63).
cost(11, 3, 63).
cost(11, 4, 11).
cost(11, 5, 73).
cost(11, 6, 54).
cost(11, 7, 52).
cost(11, 8, 36).
cost(11, 9, 16).
cost(11, 10, 60).
cost(11, 12, 50).
cost(11, 13, 71).
cost(11, 14, 62).
cost(11, 15, 52).
cost(11, 16, 15).
cost(11, 17, 65).
cost(11, 18, 23).
cost(11, 19, 29).
cost(11, 20, 24).
cost(11, 21, 17).
cost(11, 22, 13).
cost(11, 23, 30).
cost(11, 24, 47).
cost(12, 1, 46).
cost(12, 2, 21).
cost(12, 3, 16).
cost(12, 4, 60).
cost(12, 5, 35).
cost(12, 6, 38).
cost(12, 7, 26).
cost(12, 8, 66).
cost(12, 9, 63).
cost(12, 10, 10).
cost(12, 11, 50).
cost(12, 13, 32).
cost(12, 14, 13).
cost(12, 15, 16).
cost(12, 16, 36).
cost(12, 17, 49).
cost(12, 18, 54).
cost(12, 19, 68).
cost(12, 20, 40).
cost(12, 21, 65).
cost(12, 22, 61).
cost(12, 23, 79).
cost(12, 24, 25).
cost(13, 1, 63).
cost(13, 2, 11).
cost(13, 3, 20).
cost(13, 4, 81).
cost(13, 5, 3).
cost(13, 6, 26).
cost(13, 7, 20).
cost(13, 8, 71).
cost(13, 9, 79).
cost(13, 10, 28).
cost(13, 11, 71).
cost(13, 12, 32).
cost(13, 14, 33).
cost(13, 15, 19).
cost(13, 16, 55).
cost(13, 17, 29).
cost(13, 18, 64).
cost(13, 19, 78).
cost(13, 20, 70).
cost(13, 21, 88).
cost(13, 22, 79).
cost(13, 23, 95).
cost(13, 24, 24).
cost(14, 1, 59).
cost(14, 2, 22).
cost(14, 3, 13).
cost(14, 4, 73).
cost(14, 5, 35).
cost(14, 6, 46).
cost(14, 7, 34).
cost(14, 8, 78).
cost(14, 9, 76).
cost(14, 10, 6).
cost(14, 11, 62).
cost(14, 12, 13).
cost(14, 13, 33).
cost(14, 15, 23).
cost(14, 16, 49).
cost(14, 17, 55).
cost(14, 18, 66).
cost(14, 19, 81).
cost(14, 20, 50).
cost(14, 21, 77).
cost(14, 22, 74).
cost(14, 23, 92).
cost(14, 24, 35).
cost(15, 1, 46).
cost(15, 2, 10).
cost(15, 3, 14).
cost(15, 4, 63).
cost(15, 5, 22).
cost(15, 6, 23).
cost(15, 7, 11).
cost(15, 8, 59).
cost(15, 9, 62).
cost(15, 10, 18).
cost(15, 11, 52).
cost(15, 12, 16).
cost(15, 13, 19).
cost(15, 14, 23).
cost(15, 16, 37).
cost(15, 17, 33).
cost(15, 18, 49).
cost(15, 19, 64).
cost(15, 20, 50).
cost(15, 21, 69).
cost(15, 22, 62).
cost(15, 23, 79).
cost(15, 24, 12).
cost(16, 1, 10).
cost(16, 2, 48).
cost(16, 3, 48).
cost(16, 4, 25).
cost(16, 5, 58).
cost(16, 6, 40).
cost(16, 7, 37).
cost(16, 8, 35).
cost(16, 9, 27).
cost(16, 10, 46).
cost(16, 11, 15).
cost(16, 12, 36).
cost(16, 13, 55).
cost(16, 14, 49).
cost(16, 15, 37).
cost(16, 17, 52).
cost(16, 18, 21).
cost(16, 19, 34).
cost(16, 20, 26).
cost(16, 21, 32).
cost(16, 22, 25).
cost(16, 23, 43).
cost(16, 24, 32).
cost(17, 1, 55).
cost(17, 2, 34).
cost(17, 3, 44).
cost(17, 4, 73).
cost(17, 5, 28).
cost(17, 6, 12).
cost(17, 7, 23).
cost(17, 8, 51).
cost(17, 9, 68).
cost(17, 10, 50).
cost(17, 11, 65).
cost(17, 12, 49).
cost(17, 13, 29).
cost(17, 14, 55).
cost(17, 15, 33).
cost(17, 16, 52).
cost(17, 18, 50).
cost(17, 19, 61).
cost(17, 20, 74).
cost(17, 21, 81).
cost(17, 22, 69).
cost(17, 23, 83).
cost(17, 24, 25).
cost(18, 1, 13).
cost(18, 2, 59).
cost(18, 3, 63).
cost(18, 4, 26).
cost(18, 5, 66).
cost(18, 6, 41).
cost(18, 7, 44).
cost(18, 8, 14).
cost(18, 9, 18).
cost(18, 10, 63).
cost(18, 11, 23).
cost(18, 12, 54).
cost(18, 13, 64).
cost(18, 14, 66).
cost(18, 15, 49).
cost(18, 16, 21).
cost(18, 17, 50).
cost(18, 19, 15).
cost(18, 20, 44).
cost(18, 21, 35).
cost(18, 22, 20).
cost(18, 23, 33).
cost(18, 24, 40).
cost(19, 1, 24).
cost(19, 2, 73).
cost(19, 3, 77).
cost(19, 4, 26).
cost(19, 5, 79).
cost(19, 6, 54).
cost(19, 7, 58).
cost(19, 8, 12).
cost(19, 9, 15).
cost(19, 10, 77).
cost(19, 11, 29).
cost(19, 12, 68).
cost(19, 13, 78).
cost(19, 14, 81).
cost(19, 15, 64).
cost(19, 16, 34).
cost(19, 17, 61).
cost(19, 18, 15).
cost(19, 20, 53).
cost(19, 21, 34).
cost(19, 22, 19).
cost(19, 23, 23).
cost(19, 24, 54).
cost(20, 1, 31).
cost(20, 2, 59).
cost(20, 3, 56).
cost(20, 4, 32).
cost(20, 5, 72).
cost(20, 6, 62).
cost(20, 7, 55).
cost(20, 8, 59).
cost(20, 9, 40).
cost(20, 10, 50).
cost(20, 11, 24).
cost(20, 12, 40).
cost(20, 13, 70).
cost(20, 14, 50).
cost(20, 15, 50).
cost(20, 16, 26).
cost(20, 17, 74).
cost(20, 18, 44).
cost(20, 19, 53).
cost(20, 21, 32).
cost(20, 22, 37).
cost(20, 23, 52).
cost(20, 24, 51).
cost(21, 1, 26).
cost(21, 2, 79).
cost(21, 3, 79).
cost(21, 4, 9).
cost(21, 5, 90).
cost(21, 6, 71).
cost(21, 7, 69).
cost(21, 8, 44).
cost(21, 9, 19).
cost(21, 10, 76).
cost(21, 11, 17).
cost(21, 12, 65).
cost(21, 13, 88).
cost(21, 14, 77).
cost(21, 15, 69).
cost(21, 16, 32).
cost(21, 17, 81).
cost(21, 18, 35).
cost(21, 19, 34).
cost(21, 20, 32).
cost(21, 22, 15).
cost(21, 23, 22).
cost(21, 24, 64).
cost(22, 1, 16).
cost(22, 2, 72).
cost(22, 3, 74).
cost(22, 4, 7).
cost(22, 5, 81).
cost(22, 6, 60).
cost(22, 7, 60).
cost(22, 8, 29).
cost(22, 9, 4).
cost(22, 10, 72).
cost(22, 11, 13).
cost(22, 12, 61).
cost(22, 13, 79).
cost(22, 14, 74).
cost(22, 15, 62).
cost(22, 16, 25).
cost(22, 17, 69).
cost(22, 18, 20).
cost(22, 19, 19).
cost(22, 20, 37).
cost(22, 21, 15).
cost(22, 23, 18).
cost(22, 24, 55).
cost(23, 1, 33).
cost(23, 2, 89).
cost(23, 3, 91).
cost(23, 4, 20).
cost(23, 5, 97).
cost(23, 6, 74).
cost(23, 7, 76).
cost(23, 8, 35).
cost(23, 9, 16).
cost(23, 10, 89).
cost(23, 11, 30).
cost(23, 12, 79).
cost(23, 13, 95).
cost(23, 14, 92).
cost(23, 15, 79).
cost(23, 16, 43).
cost(23, 17, 83).
cost(23, 18, 33).
cost(23, 19, 23).
cost(23, 20, 52).
cost(23, 21, 22).
cost(23, 22, 18).
cost(23, 24, 71).
cost(24, 1, 39).
cost(24, 2, 20).
cost(24, 3, 26).
cost(24, 4, 57).
cost(24, 5, 26).
cost(24, 6, 13).
cost(24, 7, 5).
cost(24, 8, 48).
cost(24, 9, 55).
cost(24, 10, 29).
cost(24, 11, 47).
cost(24, 12, 25).
cost(24, 13, 24).
cost(24, 14, 35).
cost(24, 15, 12).
cost(24, 16, 32).
cost(24, 17, 25).
cost(24, 18, 40).
cost(24, 19, 54).
cost(24, 20, 51).
cost(24, 21, 64).
cost(24, 22, 55).
cost(24, 23, 71).
nocross(1,4).
nocross(1,8).
nocross(1,9).
nocross(1,11).
nocross(1,16).
nocross(1,18).
nocross(1,19).
nocross(1,21).
nocross(1,22).
nocross(1,24).
nocross(2,3).
nocross(2,5).
nocross(2,6).
nocross(2,7).
nocross(2,10).
nocross(2,12).
nocross(2,13).
nocross(2,14).
nocross(2,15).
nocross(2,17).
nocross(2,24).
nocross(3,2).
nocross(3,5).
nocross(3,6).
nocross(3,7).
nocross(3,10).
nocross(3,12).
nocross(3,13).
nocross(3,14).
nocross(3,15).
nocross(3,24).
nocross(4,1).
nocross(4,9).
nocross(4,11).
nocross(4,16).
nocross(4,18).
nocross(4,19).
nocross(4,21).
nocross(4,22).
nocross(4,23).
nocross(5,2).
nocross(5,3).
nocross(5,6).
nocross(5,7).
nocross(5,10).
nocross(5,13).
nocross(5,14).
nocross(5,15).
nocross(5,17).
nocross(5,24).
nocross(6,2).
nocross(6,5).
nocross(6,7).
nocross(6,13).
nocross(6,15).
nocross(6,17).
nocross(6,24).
nocross(7,2).
nocross(7,3).
nocross(7,5).
nocross(7,6).
nocross(7,10).
nocross(7,12).
nocross(7,13).
nocross(7,15).
nocross(7,17).
nocross(7,24).
nocross(8,1).
nocross(8,9).
nocross(8,16).
nocross(8,18).
nocross(8,19).
nocross(8,22).
nocross(8,23).
nocross(8,24).
nocross(9,1).
nocross(9,4).
nocross(9,8).
nocross(9,11).
nocross(9,16).
nocross(9,18).
nocross(9,19).
nocross(9,21).
nocross(9,22).
nocross(9,23).
nocross(10,2).
nocross(10,3).
nocross(10,5).
nocross(10,7).
nocross(10,12).
nocross(10,13).
nocross(10,14).
nocross(10,15).
nocross(10,24).
nocross(11,1).
nocross(11,4).
nocross(11,9).
nocross(11,16).
nocross(11,18).
nocross(11,19).
nocross(11,20).
nocross(11,21).
nocross(11,22).
nocross(12,2).
nocross(12,3).
nocross(12,6).
nocross(12,7).
nocross(12,10).
nocross(12,13).
nocross(12,14).
nocross(12,15).
nocross(12,16).
nocross(12,20).
nocross(12,24).
nocross(13,2).
nocross(13,3).
nocross(13,5).
nocross(13,6).
nocross(13,7).
nocross(13,10).
nocross(13,14).
nocross(13,15).
nocross(13,17).
nocross(13,24).
nocross(14,2).
nocross(14,3).
nocross(14,5).
nocross(14,7).
nocross(14,10).
nocross(14,12).
nocross(14,13).
nocross(14,15).
nocross(14,20).
nocross(14,24).
nocross(15,2).
nocross(15,3).
nocross(15,5).
nocross(15,6).
nocross(15,7).
nocross(15,10).
nocross(15,12).
nocross(15,13).
nocross(15,14).
nocross(15,16).
nocross(15,17).
nocross(15,24).
nocross(16,1).
nocross(16,4).
nocross(16,7).
nocross(16,9).
nocross(16,11).
nocross(16,12).
nocross(16,14).
nocross(16,18).
nocross(16,19).
nocross(16,20).
nocross(16,21).
nocross(16,22).
nocross(16,24).
nocross(17,5).
nocross(17,6).
nocross(17,7).
nocross(17,13).
nocross(17,15).
nocross(17,24).
nocross(18,1).
nocross(18,4).
nocross(18,8).
nocross(18,9).
nocross(18,11).
nocross(18,16).
nocross(18,19).
nocross(18,22).
nocross(18,24).
nocross(19,1).
nocross(19,4).
nocross(19,8).
nocross(19,9).
nocross(19,11).
nocross(19,16).
nocross(19,18).
nocross(19,21).
nocross(19,22).
nocross(19,23).
nocross(20,1).
nocross(20,4).
nocross(20,11).
nocross(20,12).
nocross(20,16).
nocross(20,21).
nocross(20,22).
nocross(21,1).
nocross(21,4).
nocross(21,9).
nocross(21,11).
nocross(21,20).
nocross(21,22).
nocross(21,23).
nocross(22,1).
nocross(22,4).
nocross(22,8).
nocross(22,9).
nocross(22,11).
nocross(22,16).
nocross(22,18).
nocross(22,19).
nocross(22,21).
nocross(22,23).
nocross(23,1).
nocross(23,4).
nocross(23,8).
nocross(23,9).
nocross(23,11).
nocross(23,18).
nocross(23,19).
nocross(23,21).
nocross(23,22).
nocross(24,2).
nocross(24,3).
nocross(24,5).
nocross(24,6).
nocross(24,7).
nocross(24,10).
nocross(24,12).
nocross(24,13).
nocross(24,15).
nocross(24,16).
nocross(24,17).
