dimension(24).
point(1, 48.9812567774, 7.5505995872).
point(2, 23.1256634526, 40.5694026041).
point(3, 25.8524297273, 2.9516054485).
point(4, 10.6746336837, 35.8872295234).
point(5, 90.0400086684, 56.3386681351).
point(6, 3.4629347232, 40.540963601).
point(7, 64.639041873, 48.5024276345).
point(8, 77.2714103686, 54.0612859987).
point(9, 86.9664090525, 89.756492911).
point(10, 5.7799582329, 47.6347086972).
point(11, 71.5527869524, 59.9709897912).
point(12, 83.3215483279, 38.8889045342).
point(13, 86.2849462441, 57.6748421461).
point(14, 37.5779141024, 4.6197916182).
point(15, 66.4496947127, 78.1033559525).
point(16, 26.307198005, 7.5497985807).
point(17, 56.997055803, 65.3910696086).
point(18, 43.6443934753, 17.8687418632).
point(19, 85.2279887796, 91.2068413795).
point(20, 70.6950954564, 62.6336270718).
point(21, 15.2675239004, 40.8416430937).
point(22, 68.482900028, 89.6576334878).
point(23, 50.7571830818, 13.0284935138).
point(24, 42.0517790506, 27.18282922).
cost(1, 2, 42).
cost(1, 3, 24).
cost(1, 4, 48).
cost(1, 5, 64).
cost(1, 6, 56).
cost(1, 7, 44).
cost(1, 8, 54).
cost(1, 9, 91).
cost(1, 10, 59).
cost(1, 11, 57).
cost(1, 12, 46).
cost(1, 13, 62).
cost(1, 14, 12).
cost(1, 15, 73).
cost(1, 16, 23).
cost(1, 17, 58).
cost(1, 18, 12).
cost(1, 19, 91).
cost(1, 20, 59).
cost(1, 21, 47).
cost(1, 22, 84).
cost(1, 23, 6).
cost(1, 24, 21).
cost(2, 1, 42).
cost(2, 3, 38).
cost(2, 4, 13).
cost(2, 5, 69).
cost(2, 6, 20).
cost(2, 7, 42).
cost(2, 8, 56).
cost(2, 9, 81).
cost(2, 10, 19).
cost(2, 11, 52).
cost(2, 12, 60).
cost(2, 13, 65).
cost(2, 14, 39).
cost(2, 15, 57).
cost(2, 16, 33).
cost(2, 17, 42).
cost(2, 18, 31).
cost(2, 19, 80).
cost(2, 20, 52).
cost(2, 21, 8).
cost(2, 22, 67).
cost(2, 23, 39).
cost(2, 24, 23).
cost(3, 1, 24).
cost(3, 2, 38).
cost(3, 4, 36).
cost(3, 5, 83).
cost(3, 6, 44).
cost(3, 7, 60).
cost(3, 8, 72).
cost(3, 9, 106).
cost(3, 10, 49).
cost(3, 11, 73).
cost(3, 12, 68).
cost(3, 13, 82).
cost(3, 14, 12).
cost(3, 15, 85).
cost(3, 16, 5).
cost(3, 17, 70).
cost(3, 18, 23).
cost(3, 19, 106).
cost(3, 20, 75).
cost(3, 21, 39).
cost(3, 22, 97).
cost(3, 23, 27).
cost(3, 24, 29).
cost(4, 1, 48).
cost(4, 2, 13).
cost(4, 3, 36).
cost(4, 5, 82).
cost(4, 6, 9).
cost(4, 7, 55).
cost(4, 8, 69).
cost(4, 9, 93).
cost(4, 10, 13).
cost(4, 11, 65).
cost(4, 12, 73).
cost(4, 13, 79).
cost(4, 14, 41).
cost(4, 15, 70).
cost(4, 16, 32).
cost(4, 17, 55).
cost(4, 18, 38).
cost(4, 19, 93).
cost(4, 20, 66).
cost(4, 21, 7).
cost(4, 22, 79).
cost(4, 23, 46).
cost(4, 24, 33).
cost(5, 1, 64).
cost(5, 2, 69).
cost(5, 3, 83).
cost(5, 4, 82).
cost(5, 6, 88).
cost(5, 7, 27).
cost(5, 8, 13).
cost(5, 9, 34).
cost(5, 10, 85).
cost(5, 11, 19).
cost(5, 12, 19).
cost(5, 13, 4).
cost(5, 14, 74).
cost(5, 15, 32).
cost(5, 16, 80).
cost(5, 17, 34).
cost(5, 18, 60).
cost(5, 19, 35).
cost(5, 20, 20).
cost(5, 21, 76).
cost(5, 22, 40).
cost(5, 23, 58).
cost(5, 24, 56).
cost(6, 1, 56).
cost(6, 2, 20).
cost(6, 3, 44).
cost(6, 4, 9).
cost(6, 5, 88).
cost(6, 7, 62).
cost(6, 8, 75).
cost(6, 9, 97).
cost(6, 10, 7).
cost(6, 11, 71).
cost(6, 12, 80).
cost(6, 13, 85).
cost(6, 14, 50).
cost(6, 15, 73).
cost(6, 16, 40).
cost(6, 17, 59).
cost(6, 18, 46).
cost(6, 19, 96).
cost(6, 20, 71).
cost(6, 21, 12).
cost(6, 22, 81).
cost(6, 23, 55).
cost(6, 24, 41).
cost(7, 1, 44).
cost(7, 2, 42).
cost(7, 3, 60).
cost(7, 4, 55).
cost(7, 5, 27).
cost(7, 6, 62).
cost(7, 8, 14).
cost(7, 9, 47).
cost(7, 10, 59).
cost(7, 11, 13).
cost(7, 12, 21).
cost(7, 13, 24).
cost(7, 14, 52).
cost(7, 15, 30).
cost(7, 16, 56).
cost(7, 17, 19).
cost(7, 18, 37).
cost(7, 19, 47).
cost(7, 20, 15).
cost(7, 21, 50).
cost(7, 22, 41).
cost(7, 23, 38).
cost(7, 24, 31).
cost(8, 1, 54).
cost(8, 2, 56).
cost(8, 3, 72).
cost(8, 4, 69).
cost(8, 5, 13).
cost(8, 6, 75).
cost(8, 7, 14).
cost(8, 9, 37).
cost(8, 10, 72).
cost(8, 11, 8).
cost(8, 12, 16).
cost(8, 13, 10).
cost(8, 14, 63).
cost(8, 15, 26).
cost(8, 16, 69).
cost(8, 17, 23).
cost(8, 18, 49).
cost(8, 19, 38).
cost(8, 20, 11).
cost(8, 21, 63).
cost(8, 22, 37).
cost(8, 23, 49).
cost(8, 24, 44).
cost(9, 1, 91).
cost(9, 2, 81).
cost(9, 3, 106).
cost(9, 4, 93).
cost(9, 5, 34).
cost(9, 6, 97).
cost(9, 7, 47).
cost(9, 8, 37).
cost(9, 10, 91).
cost(9, 11, 34).
cost(9, 12, 51).
cost(9, 13, 32).
cost(9, 14, 98).
cost(9, 15, 24).
cost(9, 16, 102).
cost(9, 17, 39).
cost(9, 18, 84).
cost(9, 19, 2).
cost(9, 20, 32).
cost(9, 21, 87).
cost(9, 22, 18).
cost(9, 23, 85).
cost(9, 24, 77).
cost(10, 1, 59).
cost(10, 2, 19).
cost(10, 3, 49).
cost(10, 4, 13).
cost(10, 5, 85).
cost(10, 6, 7).
cost(10, 7, 59).
cost(10, 8, 72).
cost(10, 9, 91).
cost(10, 11, 67).
cost(10, 12, 78).
cost(10, 13, 81).
cost(10, 14, 53).
cost(10, 15, 68).
cost(10, 16, 45).
cost(10, 17, 54).
cost(10, 18, 48).
cost(10, 19, 91).
cost(10, 20, 67).
cost(10, 21, 12).
cost(10, 22, 75).
cost(10, 23, 57).
cost(10, 24, 42).
cost(11, 1, 57).
cost(11, 2, 52).
cost(11, 3, 73).
cost(11, 4, 65).
cost(11, 5, 19).
cost(11, 6, 71).
cost(11, 7, 13).
cost(11, 8, 8).
cost(11, 9, 34).
cost(11, 10, 67).
cost(11, 12, 24).
cost(11, 13, 15).
cost(11, 14, 65).
cost(11, 15, 19).
cost(11, 16, 69).
cost(11, 17, 16).
cost(11, 18, 51).
cost(11, 19, 34).
cost(11, 20, 3).
cost(11, 21, 59).
cost(11, 22, 30).
cost(11, 23, 51).
cost(11, 24, 44).
cost(12, 1, 46).
cost(12, 2, 60).
cost(12, 3, 68).
cost(12, 4, 73).
cost(12, 5, 19).
cost(12, 6, 80).
cost(12, 7, 21).
cost(12, 8, 16).
cost(12, 9, 51).
cost(12, 10, 78).
cost(12, 11, 24).
cost(12, 13, 19).
cost(12, 14, 57).
cost(12, 15, 43).
cost(12, 16, 65).
cost(12, 17, 37).
cost(12, 18, 45).
cost(12, 19, 52).
cost(12, 20, 27).
cost(12, 21, 68).
cost(12, 22, 53).
cost(12, 23, 42).
cost(12, 24, 43).
cost(13, 1, 62).
cost(13, 2, 65).
cost(13, 3, 82).
cost(13, 4, 79).
cost(13, 5, 4).
cost(13, 6, 85).
cost(13, 7, 24).
cost(13, 8, 10).
cost(13, 9, 32).
cost(13, 10, 81).
cost(13, 11, 15).
cost(13, 12, 19).
cost(13, 14, 72).
cost(13, 15, 28).
cost(13, 16, 78).
cost(13, 17, 30).
cost(13, 18, 58).
cost(13, 19, 34).
cost(13, 20, 16).
cost(13, 21, 73).
cost(13, 22, 37).
cost(13, 23, 57).
cost(13, 24, 54).
cost(14, 1, 12).
cost(14, 2, 39).
cost(14, 3, 12).
cost(14, 4, 41).
cost(14, 5, 74).
cost(14, 6, 50).
cost(14, 7, 52).
cost(14, 8, 63).
cost(14, 9, 98).
cost(14, 10, 53).
cost(14, 11, 65).
cost(14, 12, 57).
cost(14, 13, 72).
cost(14, 15, 79).
cost(14, 16, 12).
cost(14, 17, 64).
cost(14, 18, 15).
cost(14, 19, 99).
cost(14, 20, 67).
cost(14, 21, 43).
cost(14, 22, 90).
cost(14, 23, 16).
cost(14, 24, 23).
cost(15, 1, 73).
cost(15, 2, 57).
cost(15, 3, 85).
cost(15, 4, 70).
cost(15, 5, 32).
cost(15, 6, 73).
cost(15, 7, 30).
cost(15, 8, 26).
cost(15, 9, 24).
cost(15, 10, 68).
cost(15, 11, 19).
cost(15, 12, 43).
cost(15, 13, 28).
cost(15, 14, 79).
cost(15, 16, 81).
cost(15, 17, 16).
cost(15, 18, 64).
cost(15, 19, 23).
cost(15, 20, 16).
cost(15, 21, 63).
cost(15, 22, 12).
cost(15, 23, 67).
cost(15, 24, 56).
cost(16, 1, 23).
cost(16, 2, 33).
cost(16, 3, 5).
cost(16, 4, 32).
cost(16, 5, 80).
cost(16, 6, 40).
cost(16, 7, 56).
cost(16, 8, 69).
cost(16, 9, 102).
cost(16, 10, 45).
cost(16, 11, 69).
cost(16, 12, 65).
cost(16, 13, 78).
cost(16, 14, 12).
cost(16, 15, 81).
cost(16, 17, 65).
cost(16, 18, 20).
cost(16, 19, 102).
cost(16, 20, 71).
cost(16, 21, 35).
cost(16, 22, 92).
cost(16, 23, 25).
cost(16, 24, 25).
cost(17, 1, 58).
cost(17, 2, 42).
cost(17, 3, 70).
cost(17, 4, 55).
cost(17, 5, 34).
cost(17, 6, 59).
cost(17, 7, 19).
cost(17, 8, 23).
cost(17, 9, 39).
cost(17, 10, 54).
cost(17, 11, 16).
cost(17, 12, 37).
cost(17, 13, 30).
cost(17, 14, 64).
cost(17, 15, 16).
cost(17, 16, 65).
cost(17, 18, 49).
cost(17, 19, 38).
cost(17, 20, 14).
cost(17, 21, 48).
cost(17, 22, 27).
cost(17, 23, 53).
cost(17, 24, 41).
cost(18, 1, 12).
cost(18, 2, 31).
cost(18, 3, 23).
cost(18, 4, 38).
cost(18, 5, 60).
cost(18, 6, 46).
cost(18, 7, 37).
cost(18, 8, 49).
cost(18, 9, 84).
cost(18, 10, 48).
cost(18, 11, 51).
cost(18, 12, 45).
cost(18, 13, 58).
cost(18, 14, 15).
cost(18, 15, 64).
cost(18, 16, 20).
cost(18, 17, 49).
cost(18, 19, 84).
cost(18, 20, 52).
cost(18, 21, 37).
cost(18, 22, 76).
cost(18, 23, 9).
cost(18, 24, 9).
cost(19, 1, 91).
cost(19, 2, 80).
cost(19, 3, 106).
cost(19, 4, 93).
cost(19, 5, 35).
cost(19, 6, 96).
cost(19, 7, 47).
cost(19, 8, 38).
cost(19, 9, 2).
cost(19, 10, 91).
cost(19, 11, 34).
cost(19, 12, 52).
cost(19, 13, 34).
cost(19, 14, 99).
cost(19, 15, 23).
cost(19, 16, 102).
cost(19, 17, 38).
cost(19, 18, 84).
cost(19, 20, 32).
cost(19, 21, 86).
cost(19, 22, 17).
cost(19, 23, 85).
cost(19, 24, 77).
cost(20, 1, 59).
cost(20, 2, 52).
cost(20, 3, 75).
cost(20, 4, 66).
cost(20, 5, 20).
cost(20, 6, 71).
cost(20, 7, 15).
cost(20, 8, 11).
cost(20, 9, 32).
cost(20, 10, 67).
cost(20, 11, 3).
cost(20, 12, 27).
cost(20, 13, 16).
cost(20, 14, 67).
cost(20, 15, 16).
cost(20, 16, 71).
cost(20, 17, 14).
cost(20, 18, 52).
cost(20, 19, 32).
cost(20, 21, 60).
cost(20, 22, 27).
cost(20, 23, 53).
cost(20, 24, 46).
cost(21, 1, 47).
cost(21, 2, 8).
cost(21, 3, 39).
cost(21, 4, 7).
cost(21, 5, 76).
cost(21, 6, 12).
cost(21, 7, 50).
cost(21, 8, 63).
cost(21, 9, 87).
cost(21, 10, 12).
cost(21, 11, 59).
cost(21, 12, 68).
cost(21, 13, 73).
cost(21, 14, 43).
cost(21, 15, 63).
cost(21, 16, 35).
cost(21, 17, 48).
cost(21, 18, 37).
cost(21, 19, 86).
cost(21, 20, 60).
cost(21, 22, 72).
cost(21, 23, 45).
cost(21, 24, 30).
cost(22, 1, 84).
cost(22, 2, 67).
cost(22, 3, 97).
cost(22, 4, 79).
cost(22, 5, 40).
cost(22, 6, 81).
cost(22, 7, 41).
cost(22, 8, 37).
cost(22, 9, 18).
cost(22, 10, 75).
cost(22, 11, 30).
cost(22, 12, 53).
cost(22, 13, 37).
cost(22, 14, 90).
cost(22, 15, 12).
cost(22, 16, 92).
cost(22, 17, 27).
cost(22, 18, 76).
cost(22, 19, 17).
cost(22, 20, 27).
cost(22, 21, 72).
cost(22, 23, 79).
cost(22, 24, 68).
cost(23, 1, 6).
cost(23, 2, 39).
cost(23, 3, 27).
cost(23, 4, 46).
cost(23, 5, 58).
cost(23, 6, 55).
cost(23, 7, 38).
cost(23, 8, 49).
cost(23, 9, 85).
cost(23, 10, 57).
cost(23, 11, 51).
cost(23, 12, 42).
cost(23, 13, 57).
cost(23, 14, 16).
cost(23, 15, 67).
cost(23, 16, 25).
cost(23, 17, 53).
cost(23, 18, 9).
cost(23, 19, 85).
cost(23, 20, 53).
cost(23, 21, 45).
cost(23, 22, 79).
cost(23, 24, 17).
cost(24, 1, 21).
cost(24, 2, 23).
cost(24, 3, 29).
cost(24, 4, 33).
cost(24, 5, 56).
cost(24, 6, 41).
cost(24, 7, 31).
cost(24, 8, 44).
cost(24, 9, 77).
cost(24, 10, 42).
cost(24, 11, 44).
cost(24, 12, 43).
cost(24, 13, 54).
cost(24, 14, 23).
cost(24, 15, 56).
cost(24, 16, 25).
cost(24, 17, 41).
cost(24, 18, 9).
cost(24, 19, 77).
cost(24, 20, 46).
cost(24, 21, 30).
cost(24, 22, 68).
cost(24, 23, 17).
nocross(1,2).
nocross(1,3).
nocross(1,12).
nocross(1,14).
nocross(1,16).
nocross(1,18).
nocross(1,23).
nocross(1,24).
nocross(2,1).
nocross(2,3).
nocross(2,4).
nocross(2,6).
nocross(2,10).
nocross(2,14).
nocross(2,16).
nocross(2,17).
nocross(2,18).
nocross(2,21).
nocross(2,23).
nocross(2,24).
nocross(3,1).
nocross(3,2).
nocross(3,4).
nocross(3,6).
nocross(3,14).
nocross(3,16).
nocross(3,18).
nocross(3,21).
nocross(3,23).
nocross(3,24).
nocross(4,1).
nocross(4,2).
nocross(4,3).
nocross(4,6).
nocross(4,10).
nocross(4,14).
nocross(4,16).
nocross(4,18).
nocross(4,21).
nocross(4,23).
nocross(4,24).
nocross(5,7).
nocross(5,8).
nocross(5,9).
nocross(5,12).
nocross(5,13).
nocross(5,15).
nocross(5,19).
nocross(5,20).
nocross(6,2).
nocross(6,3).
nocross(6,4).
nocross(6,10).
nocross(6,16).
nocross(6,21).
nocross(6,24).
nocross(7,1).
nocross(7,2).
nocross(7,5).
nocross(7,8).
nocross(7,9).
nocross(7,11).
nocross(7,12).
nocross(7,13).
nocross(7,15).
nocross(7,16).
nocross(7,17).
nocross(7,18).
nocross(7,19).
nocross(7,20).
nocross(7,21).
nocross(7,23).
nocross(7,24).
nocross(8,5).
nocross(8,7).
nocross(8,9).
nocross(8,11).
nocross(8,12).
nocross(8,13).
nocross(8,15).
nocross(8,17).
nocross(8,19).
nocross(8,20).
nocross(8,22).
nocross(8,23).
nocross(8,24).
nocross(9,5).
nocross(9,13).
nocross(9,15).
nocross(9,19).
nocross(9,20).
nocross(9,22).
nocross(10,2).
nocross(10,3).
nocross(10,4).
nocross(10,6).
nocross(10,16).
nocross(10,21).
nocross(10,24).
nocross(11,5).
nocross(11,7).
nocross(11,8).
nocross(11,9).
nocross(11,12).
nocross(11,13).
nocross(11,15).
nocross(11,17).
nocross(11,19).
nocross(11,20).
nocross(11,22).
nocross(11,23).
nocross(11,24).
nocross(12,1).
nocross(12,5).
nocross(12,7).
nocross(12,8).
nocross(12,9).
nocross(12,11).
nocross(12,13).
nocross(12,16).
nocross(12,17).
nocross(12,18).
nocross(12,19).
nocross(12,20).
nocross(12,23).
nocross(12,24).
nocross(13,5).
nocross(13,7).
nocross(13,8).
nocross(13,9).
nocross(13,11).
nocross(13,12).
nocross(13,15).
nocross(13,17).
nocross(13,19).
nocross(13,20).
nocross(13,22).
nocross(14,1).
nocross(14,2).
nocross(14,3).
nocross(14,4).
nocross(14,6).
nocross(14,12).
nocross(14,16).
nocross(14,18).
nocross(14,21).
nocross(14,23).
nocross(14,24).
nocross(15,5).
nocross(15,7).
nocross(15,8).
nocross(15,9).
nocross(15,11).
nocross(15,13).
nocross(15,17).
nocross(15,19).
nocross(15,20).
nocross(15,22).
nocross(16,1).
nocross(16,2).
nocross(16,3).
nocross(16,4).
nocross(16,6).
nocross(16,10).
nocross(16,14).
nocross(16,18).
nocross(16,21).
nocross(16,23).
nocross(16,24).
nocross(17,2).
nocross(17,4).
nocross(17,7).
nocross(17,8).
nocross(17,9).
nocross(17,10).
nocross(17,11).
nocross(17,13).
nocross(17,15).
nocross(17,18).
nocross(17,19).
nocross(17,20).
nocross(17,21).
nocross(17,22).
nocross(17,23).
nocross(17,24).
nocross(18,1).
nocross(18,2).
nocross(18,3).
nocross(18,4).
nocross(18,6).
nocross(18,7).
nocross(18,14).
nocross(18,16).
nocross(18,21).
nocross(18,23).
nocross(18,24).
nocross(19,5).
nocross(19,8).
nocross(19,9).
nocross(19,13).
nocross(19,15).
nocross(19,17).
nocross(19,20).
nocross(19,22).
nocross(20,5).
nocross(20,7).
nocross(20,8).
nocross(20,9).
nocross(20,11).
nocross(20,13).
nocross(20,15).
nocross(20,17).
nocross(20,19).
nocross(20,22).
nocross(21,2).
nocross(21,3).
nocross(21,4).
nocross(21,6).
nocross(21,10).
nocross(21,16).
nocross(21,18).
nocross(21,23).
nocross(21,24).
nocross(22,5).
nocross(22,7).
nocross(22,8).
nocross(22,9).
nocross(22,11).
nocross(22,13).
nocross(22,15).
nocross(22,17).
nocross(22,19).
nocross(22,20).
nocross(23,1).
nocross(23,2).
nocross(23,3).
nocross(23,7).
nocross(23,12).
nocross(23,14).
nocross(23,16).
nocross(23,18).
nocross(23,21).
nocross(23,24).
nocross(24,1).
nocross(24,2).
nocross(24,3).
nocross(24,4).
nocross(24,6).
nocross(24,7).
nocross(24,10).
nocross(24,14).
nocross(24,16).
nocross(24,18).
nocross(24,21).
nocross(24,23).
