dimension(20).
point(1, 32.5608848473, 48.45085513).
point(2, 32.0299280506, 21.6501194257).
point(3, 25.8412406745, 31.2482957899).
point(4, 21.6912195558, 44.4014953563).
point(5, 70.8549503714, 54.5568258129).
point(6, 75.4586952699, 48.9872252962).
point(7, 63.7195922224, 54.5045660396).
point(8, 60.3064987222, 59.1017389775).
point(9, 15.0017766079, 70.8247128376).
point(10, 24.7223442663, 72.6597847228).
point(11, 10.5405311317, 73.6449425313).
point(12, 12.0750038405, 63.7569309728).
point(13, 99.525271516, 98.9582038467).
point(14, 85.6455633527, 92.6631966211).
point(15, 93.0972023408, 83.346772907).
point(16, 92.373706494, 81.6916092588).
point(17, 48.7847498361, 8.0142253516).
point(18, 51.6669532415, 5.2777599198).
point(19, 50.7891051206, 0.1164151124).
point(20, 55.0041102975, 3.2130573536).
cost(1, 2, 27).
cost(1, 3, 18).
cost(1, 4, 12).
cost(1, 5, 39).
cost(1, 6, 43).
cost(1, 7, 32).
cost(1, 8, 30).
cost(1, 9, 28).
cost(1, 10, 25).
cost(1, 11, 33).
cost(1, 12, 26).
cost(1, 13, 84).
cost(1, 14, 69).
cost(1, 15, 70).
cost(1, 16, 68).
cost(1, 17, 44).
cost(1, 18, 47).
cost(1, 19, 52).
cost(1, 20, 50).
cost(2, 1, 27).
cost(2, 3, 11).
cost(2, 4, 25).
cost(2, 5, 51).
cost(2, 6, 51).
cost(2, 7, 46).
cost(2, 8, 47).
cost(2, 9, 52).
cost(2, 10, 52).
cost(2, 11, 56).
cost(2, 12, 47).
cost(2, 13, 103).
cost(2, 14, 89).
cost(2, 15, 87).
cost(2, 16, 85).
cost(2, 17, 22).
cost(2, 18, 26).
cost(2, 19, 29).
cost(2, 20, 29).
cost(3, 1, 18).
cost(3, 2, 11).
cost(3, 4, 14).
cost(3, 5, 51).
cost(3, 6, 53).
cost(3, 7, 44).
cost(3, 8, 44).
cost(3, 9, 41).
cost(3, 10, 41).
cost(3, 11, 45).
cost(3, 12, 35).
cost(3, 13, 100).
cost(3, 14, 86).
cost(3, 15, 85).
cost(3, 16, 83).
cost(3, 17, 33).
cost(3, 18, 37).
cost(3, 19, 40).
cost(3, 20, 40).
cost(4, 1, 12).
cost(4, 2, 25).
cost(4, 3, 14).
cost(4, 5, 50).
cost(4, 6, 54).
cost(4, 7, 43).
cost(4, 8, 41).
cost(4, 9, 27).
cost(4, 10, 28).
cost(4, 11, 31).
cost(4, 12, 22).
cost(4, 13, 95).
cost(4, 14, 80).
cost(4, 15, 81).
cost(4, 16, 80).
cost(4, 17, 45).
cost(4, 18, 49).
cost(4, 19, 53).
cost(4, 20, 53).
cost(5, 1, 39).
cost(5, 2, 51).
cost(5, 3, 51).
cost(5, 4, 50).
cost(5, 6, 7).
cost(5, 7, 7).
cost(5, 8, 11).
cost(5, 9, 58).
cost(5, 10, 50).
cost(5, 11, 63).
cost(5, 12, 59).
cost(5, 13, 53).
cost(5, 14, 41).
cost(5, 15, 36).
cost(5, 16, 35).
cost(5, 17, 52).
cost(5, 18, 53).
cost(5, 19, 58).
cost(5, 20, 54).
cost(6, 1, 43).
cost(6, 2, 51).
cost(6, 3, 53).
cost(6, 4, 54).
cost(6, 5, 7).
cost(6, 7, 13).
cost(6, 8, 18).
cost(6, 9, 64).
cost(6, 10, 56).
cost(6, 11, 69).
cost(6, 12, 65).
cost(6, 13, 55).
cost(6, 14, 45).
cost(6, 15, 39).
cost(6, 16, 37).
cost(6, 17, 49).
cost(6, 18, 50).
cost(6, 19, 55).
cost(6, 20, 50).
cost(7, 1, 32).
cost(7, 2, 46).
cost(7, 3, 44).
cost(7, 4, 43).
cost(7, 5, 7).
cost(7, 6, 13).
cost(7, 8, 6).
cost(7, 9, 51).
cost(7, 10, 43).
cost(7, 11, 57).
cost(7, 12, 52).
cost(7, 13, 57).
cost(7, 14, 44).
cost(7, 15, 41).
cost(7, 16, 39).
cost(7, 17, 49).
cost(7, 18, 51).
cost(7, 19, 56).
cost(7, 20, 52).
cost(8, 1, 30).
cost(8, 2, 47).
cost(8, 3, 44).
cost(8, 4, 41).
cost(8, 5, 11).
cost(8, 6, 18).
cost(8, 7, 6).
cost(8, 9, 47).
cost(8, 10, 38).
cost(8, 11, 52).
cost(8, 12, 48).
cost(8, 13, 56).
cost(8, 14, 42).
cost(8, 15, 41).
cost(8, 16, 39).
cost(8, 17, 52).
cost(8, 18, 55).
cost(8, 19, 60).
cost(8, 20, 56).
cost(9, 1, 28).
cost(9, 2, 52).
cost(9, 3, 41).
cost(9, 4, 27).
cost(9, 5, 58).
cost(9, 6, 64).
cost(9, 7, 51).
cost(9, 8, 47).
cost(9, 10, 10).
cost(9, 11, 5).
cost(9, 12, 8).
cost(9, 13, 89).
cost(9, 14, 74).
cost(9, 15, 79).
cost(9, 16, 78).
cost(9, 17, 71).
cost(9, 18, 75).
cost(9, 19, 79).
cost(9, 20, 79).
cost(10, 1, 25).
cost(10, 2, 52).
cost(10, 3, 41).
cost(10, 4, 28).
cost(10, 5, 50).
cost(10, 6, 56).
cost(10, 7, 43).
cost(10, 8, 38).
cost(10, 9, 10).
cost(10, 11, 14).
cost(10, 12, 15).
cost(10, 13, 79).
cost(10, 14, 64).
cost(10, 15, 69).
cost(10, 16, 68).
cost(10, 17, 69).
cost(10, 18, 73).
cost(10, 19, 77).
cost(10, 20, 76).
cost(11, 1, 33).
cost(11, 2, 56).
cost(11, 3, 45).
cost(11, 4, 31).
cost(11, 5, 63).
cost(11, 6, 69).
cost(11, 7, 57).
cost(11, 8, 52).
cost(11, 9, 5).
cost(11, 10, 14).
cost(11, 12, 10).
cost(11, 13, 93).
cost(11, 14, 77).
cost(11, 15, 83).
cost(11, 16, 82).
cost(11, 17, 76).
cost(11, 18, 80).
cost(11, 19, 84).
cost(11, 20, 83).
cost(12, 1, 26).
cost(12, 2, 47).
cost(12, 3, 35).
cost(12, 4, 22).
cost(12, 5, 59).
cost(12, 6, 65).
cost(12, 7, 52).
cost(12, 8, 48).
cost(12, 9, 8).
cost(12, 10, 15).
cost(12, 11, 10).
cost(12, 13, 94).
cost(12, 14, 79).
cost(12, 15, 83).
cost(12, 16, 82).
cost(12, 17, 67).
cost(12, 18, 71).
cost(12, 19, 74).
cost(12, 20, 74).
cost(13, 1, 84).
cost(13, 2, 103).
cost(13, 3, 100).
cost(13, 4, 95).
cost(13, 5, 53).
cost(13, 6, 55).
cost(13, 7, 57).
cost(13, 8, 56).
cost(13, 9, 89).
cost(13, 10, 79).
cost(13, 11, 93).
cost(13, 12, 94).
cost(13, 14, 15).
cost(13, 15, 17).
cost(13, 16, 19).
cost(13, 17, 104).
cost(13, 18, 105).
cost(13, 19, 110).
cost(13, 20, 106).
cost(14, 1, 69).
cost(14, 2, 89).
cost(14, 3, 86).
cost(14, 4, 80).
cost(14, 5, 41).
cost(14, 6, 45).
cost(14, 7, 44).
cost(14, 8, 42).
cost(14, 9, 74).
cost(14, 10, 64).
cost(14, 11, 77).
cost(14, 12, 79).
cost(14, 13, 15).
cost(14, 15, 12).
cost(14, 16, 13).
cost(14, 17, 92).
cost(14, 18, 94).
cost(14, 19, 99).
cost(14, 20, 95).
cost(15, 1, 70).
cost(15, 2, 87).
cost(15, 3, 85).
cost(15, 4, 81).
cost(15, 5, 36).
cost(15, 6, 39).
cost(15, 7, 41).
cost(15, 8, 41).
cost(15, 9, 79).
cost(15, 10, 69).
cost(15, 11, 83).
cost(15, 12, 83).
cost(15, 13, 17).
cost(15, 14, 12).
cost(15, 16, 2).
cost(15, 17, 87).
cost(15, 18, 88).
cost(15, 19, 93).
cost(15, 20, 89).
cost(16, 1, 68).
cost(16, 2, 85).
cost(16, 3, 83).
cost(16, 4, 80).
cost(16, 5, 35).
cost(16, 6, 37).
cost(16, 7, 39).
cost(16, 8, 39).
cost(16, 9, 78).
cost(16, 10, 68).
cost(16, 11, 82).
cost(16, 12, 82).
cost(16, 13, 19).
cost(16, 14, 13).
cost(16, 15, 2).
cost(16, 17, 86).
cost(16, 18, 87).
cost(16, 19, 92).
cost(16, 20, 87).
cost(17, 1, 44).
cost(17, 2, 22).
cost(17, 3, 33).
cost(17, 4, 45).
cost(17, 5, 52).
cost(17, 6, 49).
cost(17, 7, 49).
cost(17, 8, 52).
cost(17, 9, 71).
cost(17, 10, 69).
cost(17, 11, 76).
cost(17, 12, 67).
cost(17, 13, 104).
cost(17, 14, 92).
cost(17, 15, 87).
cost(17, 16, 86).
cost(17, 18, 4).
cost(17, 19, 8).
cost(17, 20, 8).
cost(18, 1, 47).
cost(18, 2, 26).
cost(18, 3, 37).
cost(18, 4, 49).
cost(18, 5, 53).
cost(18, 6, 50).
cost(18, 7, 51).
cost(18, 8, 55).
cost(18, 9, 75).
cost(18, 10, 73).
cost(18, 11, 80).
cost(18, 12, 71).
cost(18, 13, 105).
cost(18, 14, 94).
cost(18, 15, 88).
cost(18, 16, 87).
cost(18, 17, 4).
cost(18, 19, 5).
cost(18, 20, 4).
cost(19, 1, 52).
cost(19, 2, 29).
cost(19, 3, 40).
cost(19, 4, 53).
cost(19, 5, 58).
cost(19, 6, 55).
cost(19, 7, 56).
cost(19, 8, 60).
cost(19, 9, 79).
cost(19, 10, 77).
cost(19, 11, 84).
cost(19, 12, 74).
cost(19, 13, 110).
cost(19, 14, 99).
cost(19, 15, 93).
cost(19, 16, 92).
cost(19, 17, 8).
cost(19, 18, 5).
cost(19, 20, 5).
cost(20, 1, 50).
cost(20, 2, 29).
cost(20, 3, 40).
cost(20, 4, 53).
cost(20, 5, 54).
cost(20, 6, 50).
cost(20, 7, 52).
cost(20, 8, 56).
cost(20, 9, 79).
cost(20, 10, 76).
cost(20, 11, 83).
cost(20, 12, 74).
cost(20, 13, 106).
cost(20, 14, 95).
cost(20, 15, 89).
cost(20, 16, 87).
cost(20, 17, 8).
cost(20, 18, 4).
cost(20, 19, 5).
nocross(1,2).
nocross(1,3).
nocross(1,5).
nocross(1,6).
nocross(1,7).
nocross(1,8).
nocross(1,10).
nocross(1,12).
nocross(1,15).
nocross(1,16).
nocross(1,17).
nocross(1,18).
nocross(2,1).
nocross(2,3).
nocross(2,4).
nocross(2,5).
nocross(2,6).
nocross(2,7).
nocross(2,8).
nocross(2,9).
nocross(2,10).
nocross(2,11).
nocross(2,16).
nocross(2,17).
nocross(2,18).
nocross(2,19).
nocross(2,20).
nocross(3,2).
nocross(3,4).
nocross(3,5).
nocross(3,6).
nocross(3,7).
nocross(3,8).
nocross(3,9).
nocross(3,10).
nocross(3,12).
nocross(3,15).
nocross(3,16).
nocross(3,17).
nocross(3,18).
nocross(4,1).
nocross(4,2).
nocross(4,3).
nocross(4,5).
nocross(4,6).
nocross(4,7).
nocross(4,9).
nocross(4,10).
nocross(4,11).
nocross(4,12).
nocross(4,15).
nocross(4,16).
nocross(5,1).
nocross(5,6).
nocross(5,7).
nocross(5,8).
nocross(5,10).
nocross(5,14).
nocross(5,15).
nocross(5,16).
nocross(6,1).
nocross(6,3).
nocross(6,5).
nocross(6,7).
nocross(6,8).
nocross(6,10).
nocross(6,12).
nocross(6,14).
nocross(6,15).
nocross(6,16).
nocross(7,1).
nocross(7,4).
nocross(7,5).
nocross(7,6).
nocross(7,8).
nocross(7,9).
nocross(7,10).
nocross(7,12).
nocross(7,14).
nocross(7,15).
nocross(7,16).
nocross(8,1).
nocross(8,4).
nocross(8,5).
nocross(8,6).
nocross(8,7).
nocross(8,10).
nocross(8,11).
nocross(8,12).
nocross(8,15).
nocross(8,16).
nocross(9,1).
nocross(9,3).
nocross(9,4).
nocross(9,7).
nocross(9,8).
nocross(9,10).
nocross(9,11).
nocross(9,12).
nocross(9,16).
nocross(10,1).
nocross(10,4).
nocross(10,5).
nocross(10,6).
nocross(10,7).
nocross(10,8).
nocross(10,11).
nocross(10,12).
nocross(10,15).
nocross(10,16).
nocross(11,1).
nocross(11,3).
nocross(11,4).
nocross(11,8).
nocross(11,9).
nocross(11,10).
nocross(11,12).
nocross(11,16).
nocross(12,1).
nocross(12,2).
nocross(12,3).
nocross(12,4).
nocross(12,7).
nocross(12,8).
nocross(12,11).
nocross(12,15).
nocross(12,16).
nocross(13,5).
nocross(13,6).
nocross(13,7).
nocross(13,8).
nocross(13,14).
nocross(13,15).
nocross(13,16).
nocross(14,5).
nocross(14,6).
nocross(14,7).
nocross(14,8).
nocross(14,15).
nocross(15,5).
nocross(15,6).
nocross(15,7).
nocross(15,8).
nocross(15,13).
nocross(15,14).
nocross(15,16).
nocross(16,5).
nocross(16,6).
nocross(16,7).
nocross(16,8).
nocross(16,13).
nocross(17,1).
nocross(17,2).
nocross(17,3).
nocross(17,5).
nocross(17,6).
nocross(17,7).
nocross(17,15).
nocross(17,16).
nocross(17,20).
nocross(18,1).
nocross(18,2).
nocross(18,3).
nocross(18,4).
nocross(18,6).
nocross(18,7).
nocross(18,8).
nocross(18,16).
nocross(18,19).
nocross(19,1).
nocross(19,2).
nocross(19,3).
nocross(19,4).
nocross(19,5).
nocross(19,6).
nocross(19,7).
nocross(19,15).
nocross(19,16).
nocross(19,17).
nocross(19,18).
nocross(19,20).
nocross(20,1).
nocross(20,2).
nocross(20,3).
nocross(20,5).
nocross(20,6).
nocross(20,7).
nocross(20,16).
nocross(20,17).
