dimension(20).
point(1, 59.4879820538, 80.8015736857).
point(2, 42.5176294455, 79.8592548506).
point(3, 48.5405825808, 91.0285805444).
point(4, 63.0527645539, 86.2249889627).
point(5, 33.0643419324, 45.2197404775).
point(6, 45.7771913144, 45.984860973).
point(7, 28.3772866884, 39.6803015183).
point(8, 31.5436970742, 48.3245383791).
point(9, 81.1359589743, 5.6696255913).
point(10, 80.8320848175, 9.9124553221).
point(11, 76.6635962402, 20.4317761942).
point(12, 81.2722862288, 14.6352357515).
point(13, 11.7350978571, 67.4381673681).
point(14, 13.6326242173, 67.2842925273).
point(15, 29.5842999035, 76.6348288602).
point(16, 20.1873090937, 66.0014796333).
point(17, 65.1099465679, 33.3124760917).
point(18, 61.9784818354, 29.6979885943).
point(19, 46.166819131, 22.2777183322).
point(20, 63.3160494176, 21.3374297887).
cost(1, 2, 17).
cost(1, 3, 15).
cost(1, 4, 6).
cost(1, 5, 44).
cost(1, 6, 37).
cost(1, 7, 52).
cost(1, 8, 43).
cost(1, 9, 78).
cost(1, 10, 74).
cost(1, 11, 63).
cost(1, 12, 70).
cost(1, 13, 50).
cost(1, 14, 48).
cost(1, 15, 30).
cost(1, 16, 42).
cost(1, 17, 48).
cost(1, 18, 51).
cost(1, 19, 60).
cost(1, 20, 60).
cost(2, 1, 17).
cost(2, 3, 13).
cost(2, 4, 21).
cost(2, 5, 36).
cost(2, 6, 34).
cost(2, 7, 43).
cost(2, 8, 33).
cost(2, 9, 84).
cost(2, 10, 80).
cost(2, 11, 69).
cost(2, 12, 76).
cost(2, 13, 33).
cost(2, 14, 32).
cost(2, 15, 13).
cost(2, 16, 26).
cost(2, 17, 52).
cost(2, 18, 54).
cost(2, 19, 58).
cost(2, 20, 62).
cost(3, 1, 15).
cost(3, 2, 13).
cost(3, 4, 15).
cost(3, 5, 48).
cost(3, 6, 45).
cost(3, 7, 55).
cost(3, 8, 46).
cost(3, 9, 91).
cost(3, 10, 87).
cost(3, 11, 76).
cost(3, 12, 83).
cost(3, 13, 44).
cost(3, 14, 42).
cost(3, 15, 24).
cost(3, 16, 38).
cost(3, 17, 60).
cost(3, 18, 63).
cost(3, 19, 69).
cost(3, 20, 71).
cost(4, 1, 6).
cost(4, 2, 21).
cost(4, 3, 15).
cost(4, 5, 51).
cost(4, 6, 44).
cost(4, 7, 58).
cost(4, 8, 49).
cost(4, 9, 83).
cost(4, 10, 78).
cost(4, 11, 67).
cost(4, 12, 74).
cost(4, 13, 55).
cost(4, 14, 53).
cost(4, 15, 35).
cost(4, 16, 47).
cost(4, 17, 53).
cost(4, 18, 57).
cost(4, 19, 66).
cost(4, 20, 65).
cost(5, 1, 44).
cost(5, 2, 36).
cost(5, 3, 48).
cost(5, 4, 51).
cost(5, 6, 13).
cost(5, 7, 7).
cost(5, 8, 3).
cost(5, 9, 62).
cost(5, 10, 59).
cost(5, 11, 50).
cost(5, 12, 57).
cost(5, 13, 31).
cost(5, 14, 29).
cost(5, 15, 32).
cost(5, 16, 24).
cost(5, 17, 34).
cost(5, 18, 33).
cost(5, 19, 26).
cost(5, 20, 39).
cost(6, 1, 37).
cost(6, 2, 34).
cost(6, 3, 45).
cost(6, 4, 44).
cost(6, 5, 13).
cost(6, 7, 19).
cost(6, 8, 14).
cost(6, 9, 54).
cost(6, 10, 50).
cost(6, 11, 40).
cost(6, 12, 47).
cost(6, 13, 40).
cost(6, 14, 39).
cost(6, 15, 35).
cost(6, 16, 32).
cost(6, 17, 23).
cost(6, 18, 23).
cost(6, 19, 24).
cost(6, 20, 30).
cost(7, 1, 52).
cost(7, 2, 43).
cost(7, 3, 55).
cost(7, 4, 58).
cost(7, 5, 7).
cost(7, 6, 19).
cost(7, 8, 9).
cost(7, 9, 63).
cost(7, 10, 60).
cost(7, 11, 52).
cost(7, 12, 59).
cost(7, 13, 32).
cost(7, 14, 31).
cost(7, 15, 37).
cost(7, 16, 28).
cost(7, 17, 37).
cost(7, 18, 35).
cost(7, 19, 25).
cost(7, 20, 39).
cost(8, 1, 43).
cost(8, 2, 33).
cost(8, 3, 46).
cost(8, 4, 49).
cost(8, 5, 3).
cost(8, 6, 14).
cost(8, 7, 9).
cost(8, 9, 65).
cost(8, 10, 62).
cost(8, 11, 53).
cost(8, 12, 60).
cost(8, 13, 28).
cost(8, 14, 26).
cost(8, 15, 28).
cost(8, 16, 21).
cost(8, 17, 37).
cost(8, 18, 36).
cost(8, 19, 30).
cost(8, 20, 42).
cost(9, 1, 78).
cost(9, 2, 84).
cost(9, 3, 91).
cost(9, 4, 83).
cost(9, 5, 62).
cost(9, 6, 54).
cost(9, 7, 63).
cost(9, 8, 65).
cost(9, 10, 4).
cost(9, 11, 15).
cost(9, 12, 9).
cost(9, 13, 93).
cost(9, 14, 91).
cost(9, 15, 88).
cost(9, 16, 86).
cost(9, 17, 32).
cost(9, 18, 31).
cost(9, 19, 39).
cost(9, 20, 24).
cost(10, 1, 74).
cost(10, 2, 80).
cost(10, 3, 87).
cost(10, 4, 78).
cost(10, 5, 59).
cost(10, 6, 50).
cost(10, 7, 60).
cost(10, 8, 62).
cost(10, 9, 4).
cost(10, 11, 11).
cost(10, 12, 5).
cost(10, 13, 90).
cost(10, 14, 88).
cost(10, 15, 84).
cost(10, 16, 83).
cost(10, 17, 28).
cost(10, 18, 27).
cost(10, 19, 37).
cost(10, 20, 21).
cost(11, 1, 63).
cost(11, 2, 69).
cost(11, 3, 76).
cost(11, 4, 67).
cost(11, 5, 50).
cost(11, 6, 40).
cost(11, 7, 52).
cost(11, 8, 53).
cost(11, 9, 15).
cost(11, 10, 11).
cost(11, 12, 7).
cost(11, 13, 80).
cost(11, 14, 79).
cost(11, 15, 73).
cost(11, 16, 73).
cost(11, 17, 17).
cost(11, 18, 17).
cost(11, 19, 31).
cost(11, 20, 13).
cost(12, 1, 70).
cost(12, 2, 76).
cost(12, 3, 83).
cost(12, 4, 74).
cost(12, 5, 57).
cost(12, 6, 47).
cost(12, 7, 59).
cost(12, 8, 60).
cost(12, 9, 9).
cost(12, 10, 5).
cost(12, 11, 7).
cost(12, 13, 87).
cost(12, 14, 86).
cost(12, 15, 81).
cost(12, 16, 80).
cost(12, 17, 25).
cost(12, 18, 24).
cost(12, 19, 36).
cost(12, 20, 19).
cost(13, 1, 50).
cost(13, 2, 33).
cost(13, 3, 44).
cost(13, 4, 55).
cost(13, 5, 31).
cost(13, 6, 40).
cost(13, 7, 32).
cost(13, 8, 28).
cost(13, 9, 93).
cost(13, 10, 90).
cost(13, 11, 80).
cost(13, 12, 87).
cost(13, 14, 2).
cost(13, 15, 20).
cost(13, 16, 9).
cost(13, 17, 63).
cost(13, 18, 63).
cost(13, 19, 57).
cost(13, 20, 69).
cost(14, 1, 48).
cost(14, 2, 32).
cost(14, 3, 42).
cost(14, 4, 53).
cost(14, 5, 29).
cost(14, 6, 39).
cost(14, 7, 31).
cost(14, 8, 26).
cost(14, 9, 91).
cost(14, 10, 88).
cost(14, 11, 79).
cost(14, 12, 86).
cost(14, 13, 2).
cost(14, 15, 18).
cost(14, 16, 7).
cost(14, 17, 62).
cost(14, 18, 61).
cost(14, 19, 56).
cost(14, 20, 68).
cost(15, 1, 30).
cost(15, 2, 13).
cost(15, 3, 24).
cost(15, 4, 35).
cost(15, 5, 32).
cost(15, 6, 35).
cost(15, 7, 37).
cost(15, 8, 28).
cost(15, 9, 88).
cost(15, 10, 84).
cost(15, 11, 73).
cost(15, 12, 81).
cost(15, 13, 20).
cost(15, 14, 18).
cost(15, 16, 14).
cost(15, 17, 56).
cost(15, 18, 57).
cost(15, 19, 57).
cost(15, 20, 65).
cost(16, 1, 42).
cost(16, 2, 26).
cost(16, 3, 38).
cost(16, 4, 47).
cost(16, 5, 24).
cost(16, 6, 32).
cost(16, 7, 28).
cost(16, 8, 21).
cost(16, 9, 86).
cost(16, 10, 83).
cost(16, 11, 73).
cost(16, 12, 80).
cost(16, 13, 9).
cost(16, 14, 7).
cost(16, 15, 14).
cost(16, 17, 56).
cost(16, 18, 55).
cost(16, 19, 51).
cost(16, 20, 62).
cost(17, 1, 48).
cost(17, 2, 52).
cost(17, 3, 60).
cost(17, 4, 53).
cost(17, 5, 34).
cost(17, 6, 23).
cost(17, 7, 37).
cost(17, 8, 37).
cost(17, 9, 32).
cost(17, 10, 28).
cost(17, 11, 17).
cost(17, 12, 25).
cost(17, 13, 63).
cost(17, 14, 62).
cost(17, 15, 56).
cost(17, 16, 56).
cost(17, 18, 5).
cost(17, 19, 22).
cost(17, 20, 12).
cost(18, 1, 51).
cost(18, 2, 54).
cost(18, 3, 63).
cost(18, 4, 57).
cost(18, 5, 33).
cost(18, 6, 23).
cost(18, 7, 35).
cost(18, 8, 36).
cost(18, 9, 31).
cost(18, 10, 27).
cost(18, 11, 17).
cost(18, 12, 24).
cost(18, 13, 63).
cost(18, 14, 61).
cost(18, 15, 57).
cost(18, 16, 55).
cost(18, 17, 5).
cost(18, 19, 17).
cost(18, 20, 8).
cost(19, 1, 60).
cost(19, 2, 58).
cost(19, 3, 69).
cost(19, 4, 66).
cost(19, 5, 26).
cost(19, 6, 24).
cost(19, 7, 25).
cost(19, 8, 30).
cost(19, 9, 39).
cost(19, 10, 37).
cost(19, 11, 31).
cost(19, 12, 36).
cost(19, 13, 57).
cost(19, 14, 56).
cost(19, 15, 57).
cost(19, 16, 51).
cost(19, 17, 22).
cost(19, 18, 17).
cost(19, 20, 17).
cost(20, 1, 60).
cost(20, 2, 62).
cost(20, 3, 71).
cost(20, 4, 65).
cost(20, 5, 39).
cost(20, 6, 30).
cost(20, 7, 39).
cost(20, 8, 42).
cost(20, 9, 24).
cost(20, 10, 21).
cost(20, 11, 13).
cost(20, 12, 19).
cost(20, 13, 69).
cost(20, 14, 68).
cost(20, 15, 65).
cost(20, 16, 62).
cost(20, 17, 12).
cost(20, 18, 8).
cost(20, 19, 17).
nocross(1,2).
nocross(1,3).
nocross(1,4).
nocross(1,5).
nocross(1,6).
nocross(1,8).
nocross(2,1).
nocross(2,3).
nocross(2,4).
nocross(2,5).
nocross(2,6).
nocross(2,7).
nocross(2,8).
nocross(2,15).
nocross(2,16).
nocross(3,1).
nocross(3,2).
nocross(3,4).
nocross(3,5).
nocross(3,8).
nocross(3,13).
nocross(3,14).
nocross(3,15).
nocross(4,1).
nocross(4,2).
nocross(4,3).
nocross(4,8).
nocross(4,15).
nocross(4,17).
nocross(5,1).
nocross(5,2).
nocross(5,4).
nocross(5,6).
nocross(5,7).
nocross(5,8).
nocross(5,13).
nocross(5,14).
nocross(5,15).
nocross(5,17).
nocross(5,18).
nocross(5,19).
nocross(6,1).
nocross(6,2).
nocross(6,3).
nocross(6,5).
nocross(6,8).
nocross(6,13).
nocross(6,14).
nocross(6,16).
nocross(6,17).
nocross(6,18).
nocross(6,19).
nocross(6,20).
nocross(7,1).
nocross(7,2).
nocross(7,4).
nocross(7,5).
nocross(7,8).
nocross(7,13).
nocross(7,14).
nocross(7,16).
nocross(7,17).
nocross(7,18).
nocross(7,19).
nocross(8,1).
nocross(8,2).
nocross(8,4).
nocross(8,5).
nocross(8,6).
nocross(8,7).
nocross(8,13).
nocross(8,14).
nocross(8,16).
nocross(8,17).
nocross(8,18).
nocross(8,19).
nocross(9,10).
nocross(9,12).
nocross(9,17).
nocross(9,20).
nocross(10,9).
nocross(10,12).
nocross(10,17).
nocross(10,18).
nocross(10,20).
nocross(11,6).
nocross(11,10).
nocross(11,12).
nocross(11,17).
nocross(11,18).
nocross(11,20).
nocross(12,10).
nocross(12,11).
nocross(12,17).
nocross(12,18).
nocross(12,20).
nocross(13,1).
nocross(13,2).
nocross(13,5).
nocross(13,6).
nocross(13,7).
nocross(13,8).
nocross(13,14).
nocross(13,15).
nocross(13,16).
nocross(14,1).
nocross(14,2).
nocross(14,3).
nocross(14,5).
nocross(14,6).
nocross(14,7).
nocross(14,8).
nocross(14,13).
nocross(14,15).
nocross(14,16).
nocross(15,1).
nocross(15,2).
nocross(15,3).
nocross(15,4).
nocross(15,5).
nocross(15,6).
nocross(15,7).
nocross(15,8).
nocross(15,13).
nocross(15,14).
nocross(16,1).
nocross(16,2).
nocross(16,3).
nocross(16,5).
nocross(16,7).
nocross(16,8).
nocross(16,14).
nocross(16,15).
nocross(17,4).
nocross(17,5).
nocross(17,6).
nocross(17,7).
nocross(17,8).
nocross(17,9).
nocross(17,10).
nocross(17,11).
nocross(17,20).
nocross(18,4).
nocross(18,5).
nocross(18,6).
nocross(18,7).
nocross(18,8).
nocross(18,9).
nocross(18,10).
nocross(18,11).
nocross(18,12).
nocross(18,17).
nocross(18,19).
nocross(18,20).
nocross(19,1).
nocross(19,4).
nocross(19,5).
nocross(19,6).
nocross(19,7).
nocross(19,8).
nocross(19,9).
nocross(19,10).
nocross(19,11).
nocross(19,17).
nocross(19,20).
nocross(20,5).
nocross(20,6).
nocross(20,7).
nocross(20,8).
nocross(20,9).
nocross(20,10).
nocross(20,11).
nocross(20,12).
nocross(20,17).
nocross(20,18).
nocross(20,19).
