dimension(20).
point(1, 14.1902744232, 74.7133898223).
point(2, 15.9263472244, 71.8255958068).
point(3, 9.9520227501, 62.0571821091).
point(4, 1.3045608925, 70.4488433693).
point(5, 51.255605824, 59.8974020419).
point(6, 49.8544300634, 67.4499629727).
point(7, 46.2829867836, 52.9540609861).
point(8, 39.4499048828, 50.4045765549).
point(9, 66.6381830126, 34.3032831776).
point(10, 75.5062782049, 31.7162012528).
point(11, 76.4164134153, 29.9550227636).
point(12, 88.5139704687, 35.0041276669).
point(13, 97.0670459489, 85.4091869952).
point(14, 96.9207584759, 74.8724010587).
point(15, 92.5670306618, 78.2294550475).
point(16, 88.7958706329, 88.4850549526).
point(17, 28.7439588514, 14.1912035732).
point(18, 31.9850110803, 14.8198235856).
point(19, 30.9856820388, 18.4077724091).
point(20, 23.8346873454, 15.6969231298).
cost(1, 2, 3).
cost(1, 3, 13).
cost(1, 4, 14).
cost(1, 5, 40).
cost(1, 6, 36).
cost(1, 7, 39).
cost(1, 8, 35).
cost(1, 9, 66).
cost(1, 10, 75).
cost(1, 11, 77).
cost(1, 12, 84).
cost(1, 13, 84).
cost(1, 14, 83).
cost(1, 15, 78).
cost(1, 16, 76).
cost(1, 17, 62).
cost(1, 18, 62).
cost(1, 19, 59).
cost(1, 20, 60).
cost(2, 1, 3).
cost(2, 3, 11).
cost(2, 4, 15).
cost(2, 5, 37).
cost(2, 6, 34).
cost(2, 7, 36).
cost(2, 8, 32).
cost(2, 9, 63).
cost(2, 10, 72).
cost(2, 11, 74).
cost(2, 12, 81).
cost(2, 13, 82).
cost(2, 14, 81).
cost(2, 15, 77).
cost(2, 16, 75).
cost(2, 17, 59).
cost(2, 18, 59).
cost(2, 19, 55).
cost(2, 20, 57).
cost(3, 1, 13).
cost(3, 2, 11).
cost(3, 4, 12).
cost(3, 5, 41).
cost(3, 6, 40).
cost(3, 7, 37).
cost(3, 8, 32).
cost(3, 9, 63).
cost(3, 10, 72).
cost(3, 11, 74).
cost(3, 12, 83).
cost(3, 13, 90).
cost(3, 14, 88).
cost(3, 15, 84).
cost(3, 16, 83).
cost(3, 17, 51).
cost(3, 18, 52).
cost(3, 19, 48).
cost(3, 20, 48).
cost(4, 1, 14).
cost(4, 2, 15).
cost(4, 3, 12).
cost(4, 5, 51).
cost(4, 6, 49).
cost(4, 7, 48).
cost(4, 8, 43).
cost(4, 9, 75).
cost(4, 10, 84).
cost(4, 11, 85).
cost(4, 12, 94).
cost(4, 13, 97).
cost(4, 14, 96).
cost(4, 15, 92).
cost(4, 16, 89).
cost(4, 17, 63).
cost(4, 18, 64).
cost(4, 19, 60).
cost(4, 20, 59).
cost(5, 1, 40).
cost(5, 2, 37).
cost(5, 3, 41).
cost(5, 4, 51).
cost(5, 6, 8).
cost(5, 7, 9).
cost(5, 8, 15).
cost(5, 9, 30).
cost(5, 10, 37).
cost(5, 11, 39).
cost(5, 12, 45).
cost(5, 13, 52).
cost(5, 14, 48).
cost(5, 15, 45).
cost(5, 16, 47).
cost(5, 17, 51).
cost(5, 18, 49).
cost(5, 19, 46).
cost(5, 20, 52).
cost(6, 1, 36).
cost(6, 2, 34).
cost(6, 3, 40).
cost(6, 4, 49).
cost(6, 5, 8).
cost(6, 7, 15).
cost(6, 8, 20).
cost(6, 9, 37).
cost(6, 10, 44).
cost(6, 11, 46).
cost(6, 12, 50).
cost(6, 13, 51).
cost(6, 14, 48).
cost(6, 15, 44).
cost(6, 16, 44).
cost(6, 17, 57).
cost(6, 18, 56).
cost(6, 19, 53).
cost(6, 20, 58).
cost(7, 1, 39).
cost(7, 2, 36).
cost(7, 3, 37).
cost(7, 4, 48).
cost(7, 5, 9).
cost(7, 6, 15).
cost(7, 8, 7).
cost(7, 9, 28).
cost(7, 10, 36).
cost(7, 11, 38).
cost(7, 12, 46).
cost(7, 13, 60).
cost(7, 14, 55).
cost(7, 15, 53).
cost(7, 16, 55).
cost(7, 17, 43).
cost(7, 18, 41).
cost(7, 19, 38).
cost(7, 20, 43).
cost(8, 1, 35).
cost(8, 2, 32).
cost(8, 3, 32).
cost(8, 4, 43).
cost(8, 5, 15).
cost(8, 6, 20).
cost(8, 7, 7).
cost(8, 9, 32).
cost(8, 10, 41).
cost(8, 11, 42).
cost(8, 12, 51).
cost(8, 13, 67).
cost(8, 14, 62).
cost(8, 15, 60).
cost(8, 16, 62).
cost(8, 17, 38).
cost(8, 18, 36).
cost(8, 19, 33).
cost(8, 20, 38).
cost(9, 1, 66).
cost(9, 2, 63).
cost(9, 3, 63).
cost(9, 4, 75).
cost(9, 5, 30).
cost(9, 6, 37).
cost(9, 7, 28).
cost(9, 8, 32).
cost(9, 10, 9).
cost(9, 11, 11).
cost(9, 12, 22).
cost(9, 13, 59).
cost(9, 14, 51).
cost(9, 15, 51).
cost(9, 16, 59).
cost(9, 17, 43).
cost(9, 18, 40).
cost(9, 19, 39).
cost(9, 20, 47).
cost(10, 1, 75).
cost(10, 2, 72).
cost(10, 3, 72).
cost(10, 4, 84).
cost(10, 5, 37).
cost(10, 6, 44).
cost(10, 7, 36).
cost(10, 8, 41).
cost(10, 9, 9).
cost(10, 11, 2).
cost(10, 12, 13).
cost(10, 13, 58).
cost(10, 14, 48).
cost(10, 15, 50).
cost(10, 16, 58).
cost(10, 17, 50).
cost(10, 18, 47).
cost(10, 19, 46).
cost(10, 20, 54).
cost(11, 1, 77).
cost(11, 2, 74).
cost(11, 3, 74).
cost(11, 4, 85).
cost(11, 5, 39).
cost(11, 6, 46).
cost(11, 7, 38).
cost(11, 8, 42).
cost(11, 9, 11).
cost(11, 10, 2).
cost(11, 12, 13).
cost(11, 13, 59).
cost(11, 14, 49).
cost(11, 15, 51).
cost(11, 16, 60).
cost(11, 17, 50).
cost(11, 18, 47).
cost(11, 19, 47).
cost(11, 20, 54).
cost(12, 1, 84).
cost(12, 2, 81).
cost(12, 3, 83).
cost(12, 4, 94).
cost(12, 5, 45).
cost(12, 6, 50).
cost(12, 7, 46).
cost(12, 8, 51).
cost(12, 9, 22).
cost(12, 10, 13).
cost(12, 11, 13).
cost(12, 13, 51).
cost(12, 14, 41).
cost(12, 15, 43).
cost(12, 16, 53).
cost(12, 17, 63).
cost(12, 18, 60).
cost(12, 19, 60).
cost(12, 20, 67).
cost(13, 1, 84).
cost(13, 2, 82).
cost(13, 3, 90).
cost(13, 4, 97).
cost(13, 5, 52).
cost(13, 6, 51).
cost(13, 7, 60).
cost(13, 8, 67).
cost(13, 9, 59).
cost(13, 10, 58).
cost(13, 11, 59).
cost(13, 12, 51).
cost(13, 14, 11).
cost(13, 15, 8).
cost(13, 16, 9).
cost(13, 17, 99).
cost(13, 18, 96).
cost(13, 19, 94).
cost(13, 20, 101).
cost(14, 1, 83).
cost(14, 2, 81).
cost(14, 3, 88).
cost(14, 4, 96).
cost(14, 5, 48).
cost(14, 6, 48).
cost(14, 7, 55).
cost(14, 8, 62).
cost(14, 9, 51).
cost(14, 10, 48).
cost(14, 11, 49).
cost(14, 12, 41).
cost(14, 13, 11).
cost(14, 15, 5).
cost(14, 16, 16).
cost(14, 17, 91).
cost(14, 18, 88).
cost(14, 19, 87).
cost(14, 20, 94).
cost(15, 1, 78).
cost(15, 2, 77).
cost(15, 3, 84).
cost(15, 4, 92).
cost(15, 5, 45).
cost(15, 6, 44).
cost(15, 7, 53).
cost(15, 8, 60).
cost(15, 9, 51).
cost(15, 10, 50).
cost(15, 11, 51).
cost(15, 12, 43).
cost(15, 13, 8).
cost(15, 14, 5).
cost(15, 16, 11).
cost(15, 17, 90).
cost(15, 18, 88).
cost(15, 19, 86).
cost(15, 20, 93).
cost(16, 1, 76).
cost(16, 2, 75).
cost(16, 3, 83).
cost(16, 4, 89).
cost(16, 5, 47).
cost(16, 6, 44).
cost(16, 7, 55).
cost(16, 8, 62).
cost(16, 9, 59).
cost(16, 10, 58).
cost(16, 11, 60).
cost(16, 12, 53).
cost(16, 13, 9).
cost(16, 14, 16).
cost(16, 15, 11).
cost(16, 17, 96).
cost(16, 18, 93).
cost(16, 19, 91).
cost(16, 20, 98).
cost(17, 1, 62).
cost(17, 2, 59).
cost(17, 3, 51).
cost(17, 4, 63).
cost(17, 5, 51).
cost(17, 6, 57).
cost(17, 7, 43).
cost(17, 8, 38).
cost(17, 9, 43).
cost(17, 10, 50).
cost(17, 11, 50).
cost(17, 12, 63).
cost(17, 13, 99).
cost(17, 14, 91).
cost(17, 15, 90).
cost(17, 16, 96).
cost(17, 18, 3).
cost(17, 19, 5).
cost(17, 20, 5).
cost(18, 1, 62).
cost(18, 2, 59).
cost(18, 3, 52).
cost(18, 4, 64).
cost(18, 5, 49).
cost(18, 6, 56).
cost(18, 7, 41).
cost(18, 8, 36).
cost(18, 9, 40).
cost(18, 10, 47).
cost(18, 11, 47).
cost(18, 12, 60).
cost(18, 13, 96).
cost(18, 14, 88).
cost(18, 15, 88).
cost(18, 16, 93).
cost(18, 17, 3).
cost(18, 19, 4).
cost(18, 20, 8).
cost(19, 1, 59).
cost(19, 2, 55).
cost(19, 3, 48).
cost(19, 4, 60).
cost(19, 5, 46).
cost(19, 6, 53).
cost(19, 7, 38).
cost(19, 8, 33).
cost(19, 9, 39).
cost(19, 10, 46).
cost(19, 11, 47).
cost(19, 12, 60).
cost(19, 13, 94).
cost(19, 14, 87).
cost(19, 15, 86).
cost(19, 16, 91).
cost(19, 17, 5).
cost(19, 18, 4).
cost(19, 20, 8).
cost(20, 1, 60).
cost(20, 2, 57).
cost(20, 3, 48).
cost(20, 4, 59).
cost(20, 5, 52).
cost(20, 6, 58).
cost(20, 7, 43).
cost(20, 8, 38).
cost(20, 9, 47).
cost(20, 10, 54).
cost(20, 11, 54).
cost(20, 12, 67).
cost(20, 13, 101).
cost(20, 14, 94).
cost(20, 15, 93).
cost(20, 16, 98).
cost(20, 17, 5).
cost(20, 18, 8).
cost(20, 19, 8).
nocross(1,2).
nocross(1,3).
nocross(1,4).
nocross(1,5).
nocross(1,6).
nocross(1,8).
nocross(2,1).
nocross(2,3).
nocross(2,4).
nocross(2,5).
nocross(2,6).
nocross(2,7).
nocross(2,8).
nocross(3,4).
nocross(3,5).
nocross(3,6).
nocross(3,7).
nocross(3,8).
nocross(3,9).
nocross(3,19).
nocross(4,1).
nocross(4,2).
nocross(4,3).
nocross(4,5).
nocross(4,6).
nocross(4,7).
nocross(4,8).
nocross(5,1).
nocross(5,2).
nocross(5,6).
nocross(5,7).
nocross(5,8).
nocross(5,9).
nocross(5,10).
nocross(5,11).
nocross(5,12).
nocross(5,13).
nocross(5,14).
nocross(5,15).
nocross(5,16).
nocross(6,1).
nocross(6,2).
nocross(6,3).
nocross(6,4).
nocross(6,8).
nocross(6,10).
nocross(6,11).
nocross(6,13).
nocross(6,14).
nocross(6,15).
nocross(6,16).
nocross(7,1).
nocross(7,2).
nocross(7,5).
nocross(7,6).
nocross(7,8).
nocross(7,9).
nocross(7,10).
nocross(7,11).
nocross(7,12).
nocross(7,14).
nocross(7,15).
nocross(7,16).
nocross(7,17).
nocross(7,18).
nocross(7,19).
nocross(8,1).
nocross(8,2).
nocross(8,3).
nocross(8,5).
nocross(8,6).
nocross(8,7).
nocross(8,9).
nocross(8,10).
nocross(8,11).
nocross(8,17).
nocross(8,18).
nocross(9,6).
nocross(9,7).
nocross(9,8).
nocross(9,10).
nocross(9,11).
nocross(9,12).
nocross(9,14).
nocross(9,15).
nocross(9,17).
nocross(9,18).
nocross(9,19).
nocross(10,5).
nocross(10,6).
nocross(10,7).
nocross(10,8).
nocross(10,9).
nocross(10,11).
nocross(10,12).
nocross(10,14).
nocross(10,15).
nocross(10,18).
nocross(10,20).
nocross(11,5).
nocross(11,7).
nocross(11,8).
nocross(11,9).
nocross(11,10).
nocross(11,12).
nocross(11,14).
nocross(11,15).
nocross(12,5).
nocross(12,7).
nocross(12,8).
nocross(12,9).
nocross(12,10).
nocross(12,11).
nocross(12,13).
nocross(12,14).
nocross(12,15).
nocross(12,19).
nocross(13,5).
nocross(13,7).
nocross(13,14).
nocross(13,15).
nocross(14,5).
nocross(14,6).
nocross(14,7).
nocross(14,8).
nocross(14,9).
nocross(14,10).
nocross(14,11).
nocross(14,12).
nocross(14,13).
nocross(14,15).
nocross(15,5).
nocross(15,6).
nocross(15,7).
nocross(15,8).
nocross(15,9).
nocross(15,10).
nocross(15,12).
nocross(15,14).
nocross(16,5).
nocross(16,7).
nocross(16,9).
nocross(16,10).
nocross(16,13).
nocross(16,15).
nocross(17,2).
nocross(17,7).
nocross(17,8).
nocross(17,9).
nocross(17,18).
nocross(17,19).
nocross(18,2).
nocross(18,7).
nocross(18,8).
nocross(18,9).
nocross(18,10).
nocross(18,11).
nocross(18,17).
nocross(18,19).
nocross(18,20).
nocross(19,1).
nocross(19,2).
nocross(19,3).
nocross(19,6).
nocross(19,7).
nocross(19,8).
nocross(19,9).
nocross(19,10).
nocross(19,11).
nocross(19,17).
nocross(19,18).
nocross(19,20).
nocross(20,2).
nocross(20,3).
nocross(20,7).
nocross(20,8).
nocross(20,9).
nocross(20,18).
nocross(20,19).
