dimension(20).
point(1, 58.7142487681, 78.8076596851).
point(2, 58.4587806227, 76.7991924545).
point(3, 49.5572861314, 69.9647766041).
point(4, 55.6898380238, 76.0640850108).
point(5, 13.6479076074, 15.9612552335).
point(6, 5.9445731866, 17.4377431328).
point(7, 13.5417547104, 20.9257143136).
point(8, 18.8547581124, 21.5265628092).
point(9, 17.2657188365, 48.7799288893).
point(10, 16.6838022567, 48.6886409662).
point(11, 24.2411939567, 41.4962752494).
point(12, 22.3549398028, 43.6413110754).
point(13, 94.4498832376, 89.2953788462).
point(14, 97.3746987467, 72.9234264535).
point(15, 86.8137088739, 87.1359047795).
point(16, 95.2486299375, 76.6831830905).
point(17, 78.183234237, 50.9868374989).
point(18, 69.4469699587, 35.3032708424).
point(19, 84.8674007377, 33.6798541815).
point(20, 82.4033578822, 41.0179858232).
cost(1, 2, 2).
cost(1, 3, 13).
cost(1, 4, 4).
cost(1, 5, 77).
cost(1, 6, 81).
cost(1, 7, 73).
cost(1, 8, 70).
cost(1, 9, 51).
cost(1, 10, 52).
cost(1, 11, 51).
cost(1, 12, 51).
cost(1, 13, 37).
cost(1, 14, 39).
cost(1, 15, 29).
cost(1, 16, 37).
cost(1, 17, 34).
cost(1, 18, 45).
cost(1, 19, 52).
cost(1, 20, 45).
cost(2, 1, 2).
cost(2, 3, 11).
cost(2, 4, 3).
cost(2, 5, 76).
cost(2, 6, 79).
cost(2, 7, 72).
cost(2, 8, 68).
cost(2, 9, 50).
cost(2, 10, 50).
cost(2, 11, 49).
cost(2, 12, 49).
cost(2, 13, 38).
cost(2, 14, 39).
cost(2, 15, 30).
cost(2, 16, 37).
cost(2, 17, 32).
cost(2, 18, 43).
cost(2, 19, 51).
cost(2, 20, 43).
cost(3, 1, 13).
cost(3, 2, 11).
cost(3, 4, 9).
cost(3, 5, 65).
cost(3, 6, 68).
cost(3, 7, 61).
cost(3, 8, 57).
cost(3, 9, 39).
cost(3, 10, 39).
cost(3, 11, 38).
cost(3, 12, 38).
cost(3, 13, 49).
cost(3, 14, 48).
cost(3, 15, 41).
cost(3, 16, 46).
cost(3, 17, 34).
cost(3, 18, 40).
cost(3, 19, 51).
cost(3, 20, 44).
cost(4, 1, 4).
cost(4, 2, 3).
cost(4, 3, 9).
cost(4, 5, 73).
cost(4, 6, 77).
cost(4, 7, 69).
cost(4, 8, 66).
cost(4, 9, 47).
cost(4, 10, 48).
cost(4, 11, 47).
cost(4, 12, 47).
cost(4, 13, 41).
cost(4, 14, 42).
cost(4, 15, 33).
cost(4, 16, 40).
cost(4, 17, 34).
cost(4, 18, 43).
cost(4, 19, 51).
cost(4, 20, 44).
cost(5, 1, 77).
cost(5, 2, 76).
cost(5, 3, 65).
cost(5, 4, 73).
cost(5, 6, 8).
cost(5, 7, 5).
cost(5, 8, 8).
cost(5, 9, 33).
cost(5, 10, 33).
cost(5, 11, 28).
cost(5, 12, 29).
cost(5, 13, 109).
cost(5, 14, 101).
cost(5, 15, 102).
cost(5, 16, 102).
cost(5, 17, 73).
cost(5, 18, 59).
cost(5, 19, 73).
cost(5, 20, 73).
cost(6, 1, 81).
cost(6, 2, 79).
cost(6, 3, 68).
cost(6, 4, 77).
cost(6, 5, 8).
cost(6, 7, 8).
cost(6, 8, 14).
cost(6, 9, 33).
cost(6, 10, 33).
cost(6, 11, 30).
cost(6, 12, 31).
cost(6, 13, 114).
cost(6, 14, 107).
cost(6, 15, 107).
cost(6, 16, 107).
cost(6, 17, 80).
cost(6, 18, 66).
cost(6, 19, 81).
cost(6, 20, 80).
cost(7, 1, 73).
cost(7, 2, 72).
cost(7, 3, 61).
cost(7, 4, 69).
cost(7, 5, 5).
cost(7, 6, 8).
cost(7, 8, 5).
cost(7, 9, 28).
cost(7, 10, 28).
cost(7, 11, 23).
cost(7, 12, 24).
cost(7, 13, 106).
cost(7, 14, 99).
cost(7, 15, 99).
cost(7, 16, 99).
cost(7, 17, 71).
cost(7, 18, 58).
cost(7, 19, 72).
cost(7, 20, 72).
cost(8, 1, 70).
cost(8, 2, 68).
cost(8, 3, 57).
cost(8, 4, 66).
cost(8, 5, 8).
cost(8, 6, 14).
cost(8, 7, 5).
cost(8, 9, 27).
cost(8, 10, 27).
cost(8, 11, 21).
cost(8, 12, 22).
cost(8, 13, 102).
cost(8, 14, 94).
cost(8, 15, 94).
cost(8, 16, 94).
cost(8, 17, 66).
cost(8, 18, 52).
cost(8, 19, 67).
cost(8, 20, 66).
cost(9, 1, 51).
cost(9, 2, 50).
cost(9, 3, 39).
cost(9, 4, 47).
cost(9, 5, 33).
cost(9, 6, 33).
cost(9, 7, 28).
cost(9, 8, 27).
cost(9, 10, 1).
cost(9, 11, 10).
cost(9, 12, 7).
cost(9, 13, 87).
cost(9, 14, 84).
cost(9, 15, 79).
cost(9, 16, 83).
cost(9, 17, 61).
cost(9, 18, 54).
cost(9, 19, 69).
cost(9, 20, 66).
cost(10, 1, 52).
cost(10, 2, 50).
cost(10, 3, 39).
cost(10, 4, 48).
cost(10, 5, 33).
cost(10, 6, 33).
cost(10, 7, 28).
cost(10, 8, 27).
cost(10, 9, 1).
cost(10, 11, 10).
cost(10, 12, 8).
cost(10, 13, 88).
cost(10, 14, 84).
cost(10, 15, 80).
cost(10, 16, 83).
cost(10, 17, 62).
cost(10, 18, 54).
cost(10, 19, 70).
cost(10, 20, 66).
cost(11, 1, 51).
cost(11, 2, 49).
cost(11, 3, 38).
cost(11, 4, 47).
cost(11, 5, 28).
cost(11, 6, 30).
cost(11, 7, 23).
cost(11, 8, 21).
cost(11, 9, 10).
cost(11, 10, 10).
cost(11, 12, 3).
cost(11, 13, 85).
cost(11, 14, 80).
cost(11, 15, 77).
cost(11, 16, 79).
cost(11, 17, 55).
cost(11, 18, 46).
cost(11, 19, 61).
cost(11, 20, 58).
cost(12, 1, 51).
cost(12, 2, 49).
cost(12, 3, 38).
cost(12, 4, 47).
cost(12, 5, 29).
cost(12, 6, 31).
cost(12, 7, 24).
cost(12, 8, 22).
cost(12, 9, 7).
cost(12, 10, 8).
cost(12, 11, 3).
cost(12, 13, 85).
cost(12, 14, 81).
cost(12, 15, 78).
cost(12, 16, 80).
cost(12, 17, 56).
cost(12, 18, 48).
cost(12, 19, 63).
cost(12, 20, 60).
cost(13, 1, 37).
cost(13, 2, 38).
cost(13, 3, 49).
cost(13, 4, 41).
cost(13, 5, 109).
cost(13, 6, 114).
cost(13, 7, 106).
cost(13, 8, 102).
cost(13, 9, 87).
cost(13, 10, 88).
cost(13, 11, 85).
cost(13, 12, 85).
cost(13, 14, 17).
cost(13, 15, 8).
cost(13, 16, 13).
cost(13, 17, 42).
cost(13, 18, 60).
cost(13, 19, 56).
cost(13, 20, 50).
cost(14, 1, 39).
cost(14, 2, 39).
cost(14, 3, 48).
cost(14, 4, 42).
cost(14, 5, 101).
cost(14, 6, 107).
cost(14, 7, 99).
cost(14, 8, 94).
cost(14, 9, 84).
cost(14, 10, 84).
cost(14, 11, 80).
cost(14, 12, 81).
cost(14, 13, 17).
cost(14, 15, 18).
cost(14, 16, 4).
cost(14, 17, 29).
cost(14, 18, 47).
cost(14, 19, 41).
cost(14, 20, 35).
cost(15, 1, 29).
cost(15, 2, 30).
cost(15, 3, 41).
cost(15, 4, 33).
cost(15, 5, 102).
cost(15, 6, 107).
cost(15, 7, 99).
cost(15, 8, 94).
cost(15, 9, 79).
cost(15, 10, 80).
cost(15, 11, 77).
cost(15, 12, 78).
cost(15, 13, 8).
cost(15, 14, 18).
cost(15, 16, 13).
cost(15, 17, 37).
cost(15, 18, 55).
cost(15, 19, 53).
cost(15, 20, 46).
cost(16, 1, 37).
cost(16, 2, 37).
cost(16, 3, 46).
cost(16, 4, 40).
cost(16, 5, 102).
cost(16, 6, 107).
cost(16, 7, 99).
cost(16, 8, 94).
cost(16, 9, 83).
cost(16, 10, 83).
cost(16, 11, 79).
cost(16, 12, 80).
cost(16, 13, 13).
cost(16, 14, 4).
cost(16, 15, 13).
cost(16, 17, 31).
cost(16, 18, 49).
cost(16, 19, 44).
cost(16, 20, 38).
cost(17, 1, 34).
cost(17, 2, 32).
cost(17, 3, 34).
cost(17, 4, 34).
cost(17, 5, 73).
cost(17, 6, 80).
cost(17, 7, 71).
cost(17, 8, 66).
cost(17, 9, 61).
cost(17, 10, 62).
cost(17, 11, 55).
cost(17, 12, 56).
cost(17, 13, 42).
cost(17, 14, 29).
cost(17, 15, 37).
cost(17, 16, 31).
cost(17, 18, 18).
cost(17, 19, 19).
cost(17, 20, 11).
cost(18, 1, 45).
cost(18, 2, 43).
cost(18, 3, 40).
cost(18, 4, 43).
cost(18, 5, 59).
cost(18, 6, 66).
cost(18, 7, 58).
cost(18, 8, 52).
cost(18, 9, 54).
cost(18, 10, 54).
cost(18, 11, 46).
cost(18, 12, 48).
cost(18, 13, 60).
cost(18, 14, 47).
cost(18, 15, 55).
cost(18, 16, 49).
cost(18, 17, 18).
cost(18, 19, 16).
cost(18, 20, 14).
cost(19, 1, 52).
cost(19, 2, 51).
cost(19, 3, 51).
cost(19, 4, 51).
cost(19, 5, 73).
cost(19, 6, 81).
cost(19, 7, 72).
cost(19, 8, 67).
cost(19, 9, 69).
cost(19, 10, 70).
cost(19, 11, 61).
cost(19, 12, 63).
cost(19, 13, 56).
cost(19, 14, 41).
cost(19, 15, 53).
cost(19, 16, 44).
cost(19, 17, 19).
cost(19, 18, 16).
cost(19, 20, 8).
cost(20, 1, 45).
cost(20, 2, 43).
cost(20, 3, 44).
cost(20, 4, 44).
cost(20, 5, 73).
cost(20, 6, 80).
cost(20, 7, 72).
cost(20, 8, 66).
cost(20, 9, 66).
cost(20, 10, 66).
cost(20, 11, 58).
cost(20, 12, 60).
cost(20, 13, 50).
cost(20, 14, 35).
cost(20, 15, 46).
cost(20, 16, 38).
cost(20, 17, 11).
cost(20, 18, 14).
cost(20, 19, 8).
nocross(1,2).
nocross(1,3).
nocross(1,4).
nocross(1,10).
nocross(1,13).
nocross(1,14).
nocross(1,15).
nocross(1,16).
nocross(2,1).
nocross(2,3).
nocross(2,4).
nocross(2,11).
nocross(2,12).
nocross(2,14).
nocross(2,15).
nocross(2,16).
nocross(2,17).
nocross(2,20).
nocross(3,1).
nocross(3,2).
nocross(3,9).
nocross(3,10).
nocross(3,11).
nocross(3,14).
nocross(3,15).
nocross(3,16).
nocross(4,1).
nocross(4,2).
nocross(4,3).
nocross(4,13).
nocross(4,14).
nocross(4,15).
nocross(4,16).
nocross(5,6).
nocross(5,7).
nocross(5,8).
nocross(5,9).
nocross(5,10).
nocross(5,11).
nocross(5,12).
nocross(6,2).
nocross(6,5).
nocross(6,10).
nocross(6,11).
nocross(7,6).
nocross(7,8).
nocross(7,9).
nocross(7,10).
nocross(7,11).
nocross(7,12).
nocross(8,6).
nocross(8,7).
nocross(8,9).
nocross(8,10).
nocross(8,11).
nocross(8,12).
nocross(9,3).
nocross(9,6).
nocross(9,8).
nocross(9,10).
nocross(9,11).
nocross(9,12).
nocross(10,3).
nocross(10,4).
nocross(10,6).
nocross(10,7).
nocross(10,8).
nocross(10,11).
nocross(10,12).
nocross(11,2).
nocross(11,3).
nocross(11,5).
nocross(11,6).
nocross(11,7).
nocross(11,8).
nocross(11,10).
nocross(11,12).
nocross(11,16).
nocross(11,18).
nocross(12,2).
nocross(12,3).
nocross(12,5).
nocross(12,6).
nocross(12,7).
nocross(12,8).
nocross(12,9).
nocross(12,10).
nocross(12,11).
nocross(13,1).
nocross(13,2).
nocross(13,4).
nocross(13,14).
nocross(13,15).
nocross(13,16).
nocross(14,1).
nocross(14,2).
nocross(14,4).
nocross(14,13).
nocross(14,15).
nocross(14,16).
nocross(14,17).
nocross(15,2).
nocross(15,4).
nocross(15,13).
nocross(15,14).
nocross(15,16).
nocross(16,1).
nocross(16,2).
nocross(16,13).
nocross(16,14).
nocross(16,17).
nocross(16,19).
nocross(16,20).
nocross(17,1).
nocross(17,2).
nocross(17,3).
nocross(17,13).
nocross(17,14).
nocross(17,15).
nocross(17,16).
nocross(17,18).
nocross(17,19).
nocross(17,20).
nocross(18,1).
nocross(18,2).
nocross(18,3).
nocross(18,4).
nocross(18,9).
nocross(18,11).
nocross(18,12).
nocross(18,14).
nocross(18,16).
nocross(18,17).
nocross(18,19).
nocross(18,20).
nocross(19,2).
nocross(19,4).
nocross(19,14).
nocross(19,16).
nocross(19,17).
nocross(19,18).
nocross(19,20).
nocross(20,2).
nocross(20,3).
nocross(20,4).
nocross(20,14).
nocross(20,16).
nocross(20,17).
nocross(20,18).
nocross(20,19).
