dimension(30).
point(1, 27.6825313895, 34.9044071507).
point(2, 20.8149944409, 29.1753452412).
point(3, 73.5497524744, 44.4166014308).
point(4, 38.5831693597, 30.490401822).
point(5, 72.2930496168, 91.904379804).
point(6, 91.6260401806, 49.8697938309).
point(7, 21.1197580806, 63.8662975669).
point(8, 79.1200090555, 71.5531951296).
point(9, 83.6589604676, 76.8487234041).
point(10, 42.4445894253, 89.0533048809).
point(11, 68.0392120585, 61.9407143201).
point(12, 36.2339458378, 39.0842988352).
point(13, 75.6045078831, 47.2380108564).
point(14, 77.2491391893, 45.0733703576).
point(15, 24.780581176, 16.3156887864).
point(16, 89.1300345101, 37.5833740624).
point(17, 20.373643011, 42.6492367055).
point(18, 6.599308418, 37.2090305793).
point(19, 47.301141528, 30.2347153287).
point(20, 13.4054646529, 35.3882349111).
point(21, 10.2443592303, 46.6407555377).
point(22, 63.7356524177, 81.1445869548).
point(23, 78.6791820337, 62.6301086022).
point(24, 8.6351023462, 68.3353282859).
point(25, 22.070632646, 53.5175879027).
point(26, 80.6242810138, 93.5330920972).
point(27, 12.0050139452, 42.9376137409).
point(28, 67.6848291909, 52.1238474002).
point(29, 69.1301955613, 43.8190437796).
point(30, 10.4078016795, 24.3020490456).
cost(1, 2, 9).
cost(1, 3, 47).
cost(1, 4, 12).
cost(1, 5, 72).
cost(1, 6, 66).
cost(1, 7, 30).
cost(1, 8, 63).
cost(1, 9, 70).
cost(1, 10, 56).
cost(1, 11, 49).
cost(1, 12, 10).
cost(1, 13, 49).
cost(1, 14, 51).
cost(1, 15, 19).
cost(1, 16, 62).
cost(1, 17, 11).
cost(1, 18, 21).
cost(1, 19, 20).
cost(1, 20, 14).
cost(1, 21, 21).
cost(1, 22, 59).
cost(1, 23, 58).
cost(1, 24, 38).
cost(1, 25, 19).
cost(1, 26, 79).
cost(1, 27, 18).
cost(1, 28, 44).
cost(1, 29, 42).
cost(1, 30, 20).
cost(2, 1, 9).
cost(2, 3, 55).
cost(2, 4, 18).
cost(2, 5, 81).
cost(2, 6, 74).
cost(2, 7, 35).
cost(2, 8, 72).
cost(2, 9, 79).
cost(2, 10, 64).
cost(2, 11, 57).
cost(2, 12, 18).
cost(2, 13, 58).
cost(2, 14, 59).
cost(2, 15, 13).
cost(2, 16, 69).
cost(2, 17, 13).
cost(2, 18, 16).
cost(2, 19, 27).
cost(2, 20, 10).
cost(2, 21, 20).
cost(2, 22, 67).
cost(2, 23, 67).
cost(2, 24, 41).
cost(2, 25, 24).
cost(2, 26, 88).
cost(2, 27, 16).
cost(2, 28, 52).
cost(2, 29, 50).
cost(2, 30, 11).
cost(3, 1, 47).
cost(3, 2, 55).
cost(3, 4, 38).
cost(3, 5, 48).
cost(3, 6, 19).
cost(3, 7, 56).
cost(3, 8, 28).
cost(3, 9, 34).
cost(3, 10, 54).
cost(3, 11, 18).
cost(3, 12, 38).
cost(3, 13, 3).
cost(3, 14, 4).
cost(3, 15, 56).
cost(3, 16, 17).
cost(3, 17, 53).
cost(3, 18, 67).
cost(3, 19, 30).
cost(3, 20, 61).
cost(3, 21, 63).
cost(3, 22, 38).
cost(3, 23, 19).
cost(3, 24, 69).
cost(3, 25, 52).
cost(3, 26, 50).
cost(3, 27, 62).
cost(3, 28, 10).
cost(3, 29, 4).
cost(3, 30, 66).
cost(4, 1, 12).
cost(4, 2, 18).
cost(4, 3, 38).
cost(4, 5, 70).
cost(4, 6, 56).
cost(4, 7, 38).
cost(4, 8, 58).
cost(4, 9, 65).
cost(4, 10, 59).
cost(4, 11, 43).
cost(4, 12, 9).
cost(4, 13, 41).
cost(4, 14, 41).
cost(4, 15, 20).
cost(4, 16, 51).
cost(4, 17, 22).
cost(4, 18, 33).
cost(4, 19, 9).
cost(4, 20, 26).
cost(4, 21, 33).
cost(4, 22, 57).
cost(4, 23, 51).
cost(4, 24, 48).
cost(4, 25, 28).
cost(4, 26, 76).
cost(4, 27, 29).
cost(4, 28, 36).
cost(4, 29, 33).
cost(4, 30, 29).
cost(5, 1, 72).
cost(5, 2, 81).
cost(5, 3, 48).
cost(5, 4, 70).
cost(5, 6, 46).
cost(5, 7, 58).
cost(5, 8, 21).
cost(5, 9, 19).
cost(5, 10, 30).
cost(5, 11, 30).
cost(5, 12, 64).
cost(5, 13, 45).
cost(5, 14, 47).
cost(5, 15, 89).
cost(5, 16, 57).
cost(5, 17, 72).
cost(5, 18, 85).
cost(5, 19, 67).
cost(5, 20, 82).
cost(5, 21, 77).
cost(5, 22, 14).
cost(5, 23, 30).
cost(5, 24, 68).
cost(5, 25, 63).
cost(5, 26, 8).
cost(5, 27, 78).
cost(5, 28, 40).
cost(5, 29, 48).
cost(5, 30, 92).
cost(6, 1, 66).
cost(6, 2, 74).
cost(6, 3, 19).
cost(6, 4, 56).
cost(6, 5, 46).
cost(6, 7, 72).
cost(6, 8, 25).
cost(6, 9, 28).
cost(6, 10, 63).
cost(6, 11, 26).
cost(6, 12, 56).
cost(6, 13, 16).
cost(6, 14, 15).
cost(6, 15, 75).
cost(6, 16, 13).
cost(6, 17, 72).
cost(6, 18, 86).
cost(6, 19, 48).
cost(6, 20, 80).
cost(6, 21, 81).
cost(6, 22, 42).
cost(6, 23, 18).
cost(6, 24, 85).
cost(6, 25, 70).
cost(6, 26, 45).
cost(6, 27, 80).
cost(6, 28, 24).
cost(6, 29, 23).
cost(6, 30, 85).
cost(7, 1, 30).
cost(7, 2, 35).
cost(7, 3, 56).
cost(7, 4, 38).
cost(7, 5, 58).
cost(7, 6, 72).
cost(7, 8, 59).
cost(7, 9, 64).
cost(7, 10, 33).
cost(7, 11, 47).
cost(7, 12, 29).
cost(7, 13, 57).
cost(7, 14, 59).
cost(7, 15, 48).
cost(7, 16, 73).
cost(7, 17, 21).
cost(7, 18, 30).
cost(7, 19, 43).
cost(7, 20, 30).
cost(7, 21, 20).
cost(7, 22, 46).
cost(7, 23, 58).
cost(7, 24, 13).
cost(7, 25, 10).
cost(7, 26, 66).
cost(7, 27, 23).
cost(7, 28, 48).
cost(7, 29, 52).
cost(7, 30, 41).
cost(8, 1, 63).
cost(8, 2, 72).
cost(8, 3, 28).
cost(8, 4, 58).
cost(8, 5, 21).
cost(8, 6, 25).
cost(8, 7, 59).
cost(8, 9, 7).
cost(8, 10, 41).
cost(8, 11, 15).
cost(8, 12, 54).
cost(8, 13, 25).
cost(8, 14, 27).
cost(8, 15, 77).
cost(8, 16, 35).
cost(8, 17, 65).
cost(8, 18, 80).
cost(8, 19, 52).
cost(8, 20, 75).
cost(8, 21, 73).
cost(8, 22, 18).
cost(8, 23, 9).
cost(8, 24, 71).
cost(8, 25, 60).
cost(8, 26, 22).
cost(8, 27, 73).
cost(8, 28, 23).
cost(8, 29, 29).
cost(8, 30, 83).
cost(9, 1, 70).
cost(9, 2, 79).
cost(9, 3, 34).
cost(9, 4, 65).
cost(9, 5, 19).
cost(9, 6, 28).
cost(9, 7, 64).
cost(9, 8, 7).
cost(9, 10, 43).
cost(9, 11, 22).
cost(9, 12, 61).
cost(9, 13, 31).
cost(9, 14, 32).
cost(9, 15, 84).
cost(9, 16, 40).
cost(9, 17, 72).
cost(9, 18, 87).
cost(9, 19, 59).
cost(9, 20, 82).
cost(9, 21, 79).
cost(9, 22, 20).
cost(9, 23, 15).
cost(9, 24, 76).
cost(9, 25, 66).
cost(9, 26, 17).
cost(9, 27, 79).
cost(9, 28, 29).
cost(9, 29, 36).
cost(9, 30, 90).
cost(10, 1, 56).
cost(10, 2, 64).
cost(10, 3, 54).
cost(10, 4, 59).
cost(10, 5, 30).
cost(10, 6, 63).
cost(10, 7, 33).
cost(10, 8, 41).
cost(10, 9, 43).
cost(10, 11, 37).
cost(10, 12, 50).
cost(10, 13, 53).
cost(10, 14, 56).
cost(10, 15, 75).
cost(10, 16, 69).
cost(10, 17, 51).
cost(10, 18, 63).
cost(10, 19, 59).
cost(10, 20, 61).
cost(10, 21, 53).
cost(10, 22, 23).
cost(10, 23, 45).
cost(10, 24, 40).
cost(10, 25, 41).
cost(10, 26, 38).
cost(10, 27, 55).
cost(10, 28, 45).
cost(10, 29, 53).
cost(10, 30, 72).
cost(11, 1, 49).
cost(11, 2, 57).
cost(11, 3, 18).
cost(11, 4, 43).
cost(11, 5, 30).
cost(11, 6, 26).
cost(11, 7, 47).
cost(11, 8, 15).
cost(11, 9, 22).
cost(11, 10, 37).
cost(11, 12, 39).
cost(11, 13, 17).
cost(11, 14, 19).
cost(11, 15, 63).
cost(11, 16, 32).
cost(11, 17, 51).
cost(11, 18, 66).
cost(11, 19, 38).
cost(11, 20, 61).
cost(11, 21, 60).
cost(11, 22, 20).
cost(11, 23, 11).
cost(11, 24, 60).
cost(11, 25, 47).
cost(11, 26, 34).
cost(11, 27, 59).
cost(11, 28, 10).
cost(11, 29, 18).
cost(11, 30, 69).
cost(12, 1, 10).
cost(12, 2, 18).
cost(12, 3, 38).
cost(12, 4, 9).
cost(12, 5, 64).
cost(12, 6, 56).
cost(12, 7, 29).
cost(12, 8, 54).
cost(12, 9, 61).
cost(12, 10, 50).
cost(12, 11, 39).
cost(12, 13, 40).
cost(12, 14, 41).
cost(12, 15, 25).
cost(12, 16, 53).
cost(12, 17, 16).
cost(12, 18, 30).
cost(12, 19, 14).
cost(12, 20, 23).
cost(12, 21, 27).
cost(12, 22, 50).
cost(12, 23, 49).
cost(12, 24, 40).
cost(12, 25, 20).
cost(12, 26, 70).
cost(12, 27, 25).
cost(12, 28, 34).
cost(12, 29, 33).
cost(12, 30, 30).
cost(13, 1, 49).
cost(13, 2, 58).
cost(13, 3, 3).
cost(13, 4, 41).
cost(13, 5, 45).
cost(13, 6, 16).
cost(13, 7, 57).
cost(13, 8, 25).
cost(13, 9, 31).
cost(13, 10, 53).
cost(13, 11, 17).
cost(13, 12, 40).
cost(13, 14, 3).
cost(13, 15, 59).
cost(13, 16, 17).
cost(13, 17, 55).
cost(13, 18, 70).
cost(13, 19, 33).
cost(13, 20, 63).
cost(13, 21, 65).
cost(13, 22, 36).
cost(13, 23, 16).
cost(13, 24, 70).
cost(13, 25, 54).
cost(13, 26, 47).
cost(13, 27, 64).
cost(13, 28, 9).
cost(13, 29, 7).
cost(13, 30, 69).
cost(14, 1, 51).
cost(14, 2, 59).
cost(14, 3, 4).
cost(14, 4, 41).
cost(14, 5, 47).
cost(14, 6, 15).
cost(14, 7, 59).
cost(14, 8, 27).
cost(14, 9, 32).
cost(14, 10, 56).
cost(14, 11, 19).
cost(14, 12, 41).
cost(14, 13, 3).
cost(14, 15, 60).
cost(14, 16, 14).
cost(14, 17, 57).
cost(14, 18, 71).
cost(14, 19, 33).
cost(14, 20, 65).
cost(14, 21, 67).
cost(14, 22, 39).
cost(14, 23, 18).
cost(14, 24, 72).
cost(14, 25, 56).
cost(14, 26, 49).
cost(14, 27, 65).
cost(14, 28, 12).
cost(14, 29, 8).
cost(14, 30, 70).
cost(15, 1, 19).
cost(15, 2, 13).
cost(15, 3, 56).
cost(15, 4, 20).
cost(15, 5, 89).
cost(15, 6, 75).
cost(15, 7, 48).
cost(15, 8, 77).
cost(15, 9, 84).
cost(15, 10, 75).
cost(15, 11, 63).
cost(15, 12, 25).
cost(15, 13, 59).
cost(15, 14, 60).
cost(15, 16, 68).
cost(15, 17, 27).
cost(15, 18, 28).
cost(15, 19, 26).
cost(15, 20, 22).
cost(15, 21, 34).
cost(15, 22, 76).
cost(15, 23, 71).
cost(15, 24, 54).
cost(15, 25, 37).
cost(15, 26, 95).
cost(15, 27, 30).
cost(15, 28, 56).
cost(15, 29, 52).
cost(15, 30, 16).
cost(16, 1, 62).
cost(16, 2, 69).
cost(16, 3, 17).
cost(16, 4, 51).
cost(16, 5, 57).
cost(16, 6, 13).
cost(16, 7, 73).
cost(16, 8, 35).
cost(16, 9, 40).
cost(16, 10, 69).
cost(16, 11, 32).
cost(16, 12, 53).
cost(16, 13, 17).
cost(16, 14, 14).
cost(16, 15, 68).
cost(16, 17, 69).
cost(16, 18, 83).
cost(16, 19, 42).
cost(16, 20, 76).
cost(16, 21, 79).
cost(16, 22, 50).
cost(16, 23, 27).
cost(16, 24, 86).
cost(16, 25, 69).
cost(16, 26, 57).
cost(16, 27, 77).
cost(16, 28, 26).
cost(16, 29, 21).
cost(16, 30, 80).
cost(17, 1, 11).
cost(17, 2, 13).
cost(17, 3, 53).
cost(17, 4, 22).
cost(17, 5, 72).
cost(17, 6, 72).
cost(17, 7, 21).
cost(17, 8, 65).
cost(17, 9, 72).
cost(17, 10, 51).
cost(17, 11, 51).
cost(17, 12, 16).
cost(17, 13, 55).
cost(17, 14, 57).
cost(17, 15, 27).
cost(17, 16, 69).
cost(17, 18, 15).
cost(17, 19, 30).
cost(17, 20, 10).
cost(17, 21, 11).
cost(17, 22, 58).
cost(17, 23, 62).
cost(17, 24, 28).
cost(17, 25, 11).
cost(17, 26, 79).
cost(17, 27, 8).
cost(17, 28, 48).
cost(17, 29, 49).
cost(17, 30, 21).
cost(18, 1, 21).
cost(18, 2, 16).
cost(18, 3, 67).
cost(18, 4, 33).
cost(18, 5, 85).
cost(18, 6, 86).
cost(18, 7, 30).
cost(18, 8, 80).
cost(18, 9, 87).
cost(18, 10, 63).
cost(18, 11, 66).
cost(18, 12, 30).
cost(18, 13, 70).
cost(18, 14, 71).
cost(18, 15, 28).
cost(18, 16, 83).
cost(18, 17, 15).
cost(18, 19, 41).
cost(18, 20, 7).
cost(18, 21, 10).
cost(18, 22, 72).
cost(18, 23, 76).
cost(18, 24, 31).
cost(18, 25, 22).
cost(18, 26, 93).
cost(18, 27, 8).
cost(18, 28, 63).
cost(18, 29, 63).
cost(18, 30, 13).
cost(19, 1, 20).
cost(19, 2, 27).
cost(19, 3, 30).
cost(19, 4, 9).
cost(19, 5, 67).
cost(19, 6, 48).
cost(19, 7, 43).
cost(19, 8, 52).
cost(19, 9, 59).
cost(19, 10, 59).
cost(19, 11, 38).
cost(19, 12, 14).
cost(19, 13, 33).
cost(19, 14, 33).
cost(19, 15, 26).
cost(19, 16, 42).
cost(19, 17, 30).
cost(19, 18, 41).
cost(19, 20, 34).
cost(19, 21, 41).
cost(19, 22, 53).
cost(19, 23, 45).
cost(19, 24, 54).
cost(19, 25, 34).
cost(19, 26, 72).
cost(19, 27, 38).
cost(19, 28, 30).
cost(19, 29, 26).
cost(19, 30, 37).
cost(20, 1, 14).
cost(20, 2, 10).
cost(20, 3, 61).
cost(20, 4, 26).
cost(20, 5, 82).
cost(20, 6, 80).
cost(20, 7, 30).
cost(20, 8, 75).
cost(20, 9, 82).
cost(20, 10, 61).
cost(20, 11, 61).
cost(20, 12, 23).
cost(20, 13, 63).
cost(20, 14, 65).
cost(20, 15, 22).
cost(20, 16, 76).
cost(20, 17, 10).
cost(20, 18, 7).
cost(20, 19, 34).
cost(20, 21, 12).
cost(20, 22, 68).
cost(20, 23, 71).
cost(20, 24, 33).
cost(20, 25, 20).
cost(20, 26, 89).
cost(20, 27, 8).
cost(20, 28, 57).
cost(20, 29, 56).
cost(20, 30, 11).
cost(21, 1, 21).
cost(21, 2, 20).
cost(21, 3, 63).
cost(21, 4, 33).
cost(21, 5, 77).
cost(21, 6, 81).
cost(21, 7, 20).
cost(21, 8, 73).
cost(21, 9, 79).
cost(21, 10, 53).
cost(21, 11, 60).
cost(21, 12, 27).
cost(21, 13, 65).
cost(21, 14, 67).
cost(21, 15, 34).
cost(21, 16, 79).
cost(21, 17, 11).
cost(21, 18, 10).
cost(21, 19, 41).
cost(21, 20, 12).
cost(21, 22, 64).
cost(21, 23, 70).
cost(21, 24, 22).
cost(21, 25, 14).
cost(21, 26, 85).
cost(21, 27, 4).
cost(21, 28, 58).
cost(21, 29, 59).
cost(21, 30, 22).
cost(22, 1, 59).
cost(22, 2, 67).
cost(22, 3, 38).
cost(22, 4, 57).
cost(22, 5, 14).
cost(22, 6, 42).
cost(22, 7, 46).
cost(22, 8, 18).
cost(22, 9, 20).
cost(22, 10, 23).
cost(22, 11, 20).
cost(22, 12, 50).
cost(22, 13, 36).
cost(22, 14, 39).
cost(22, 15, 76).
cost(22, 16, 50).
cost(22, 17, 58).
cost(22, 18, 72).
cost(22, 19, 53).
cost(22, 20, 68).
cost(22, 21, 64).
cost(22, 23, 24).
cost(22, 24, 57).
cost(22, 25, 50).
cost(22, 26, 21).
cost(22, 27, 64).
cost(22, 28, 29).
cost(22, 29, 38).
cost(22, 30, 78).
cost(23, 1, 58).
cost(23, 2, 67).
cost(23, 3, 19).
cost(23, 4, 51).
cost(23, 5, 30).
cost(23, 6, 18).
cost(23, 7, 58).
cost(23, 8, 9).
cost(23, 9, 15).
cost(23, 10, 45).
cost(23, 11, 11).
cost(23, 12, 49).
cost(23, 13, 16).
cost(23, 14, 18).
cost(23, 15, 71).
cost(23, 16, 27).
cost(23, 17, 62).
cost(23, 18, 76).
cost(23, 19, 45).
cost(23, 20, 71).
cost(23, 21, 70).
cost(23, 22, 24).
cost(23, 24, 70).
cost(23, 25, 57).
cost(23, 26, 31).
cost(23, 27, 70).
cost(23, 28, 15).
cost(23, 29, 21).
cost(23, 30, 78).
cost(24, 1, 38).
cost(24, 2, 41).
cost(24, 3, 69).
cost(24, 4, 48).
cost(24, 5, 68).
cost(24, 6, 85).
cost(24, 7, 13).
cost(24, 8, 71).
cost(24, 9, 76).
cost(24, 10, 40).
cost(24, 11, 60).
cost(24, 12, 40).
cost(24, 13, 70).
cost(24, 14, 72).
cost(24, 15, 54).
cost(24, 16, 86).
cost(24, 17, 28).
cost(24, 18, 31).
cost(24, 19, 54).
cost(24, 20, 33).
cost(24, 21, 22).
cost(24, 22, 57).
cost(24, 23, 70).
cost(24, 25, 20).
cost(24, 26, 76).
cost(24, 27, 26).
cost(24, 28, 61).
cost(24, 29, 65).
cost(24, 30, 44).
cost(25, 1, 19).
cost(25, 2, 24).
cost(25, 3, 52).
cost(25, 4, 28).
cost(25, 5, 63).
cost(25, 6, 70).
cost(25, 7, 10).
cost(25, 8, 60).
cost(25, 9, 66).
cost(25, 10, 41).
cost(25, 11, 47).
cost(25, 12, 20).
cost(25, 13, 54).
cost(25, 14, 56).
cost(25, 15, 37).
cost(25, 16, 69).
cost(25, 17, 11).
cost(25, 18, 22).
cost(25, 19, 34).
cost(25, 20, 20).
cost(25, 21, 14).
cost(25, 22, 50).
cost(25, 23, 57).
cost(25, 24, 20).
cost(25, 26, 71).
cost(25, 27, 15).
cost(25, 28, 46).
cost(25, 29, 48).
cost(25, 30, 31).
cost(26, 1, 79).
cost(26, 2, 88).
cost(26, 3, 50).
cost(26, 4, 76).
cost(26, 5, 8).
cost(26, 6, 45).
cost(26, 7, 66).
cost(26, 8, 22).
cost(26, 9, 17).
cost(26, 10, 38).
cost(26, 11, 34).
cost(26, 12, 70).
cost(26, 13, 47).
cost(26, 14, 49).
cost(26, 15, 95).
cost(26, 16, 57).
cost(26, 17, 79).
cost(26, 18, 93).
cost(26, 19, 72).
cost(26, 20, 89).
cost(26, 21, 85).
cost(26, 22, 21).
cost(26, 23, 31).
cost(26, 24, 76).
cost(26, 25, 71).
cost(26, 27, 85).
cost(26, 28, 43).
cost(26, 29, 51).
cost(26, 30, 99).
cost(27, 1, 18).
cost(27, 2, 16).
cost(27, 3, 62).
cost(27, 4, 29).
cost(27, 5, 78).
cost(27, 6, 80).
cost(27, 7, 23).
cost(27, 8, 73).
cost(27, 9, 79).
cost(27, 10, 55).
cost(27, 11, 59).
cost(27, 12, 25).
cost(27, 13, 64).
cost(27, 14, 65).
cost(27, 15, 30).
cost(27, 16, 77).
cost(27, 17, 8).
cost(27, 18, 8).
cost(27, 19, 38).
cost(27, 20, 8).
cost(27, 21, 4).
cost(27, 22, 64).
cost(27, 23, 70).
cost(27, 24, 26).
cost(27, 25, 15).
cost(27, 26, 85).
cost(27, 28, 56).
cost(27, 29, 57).
cost(27, 30, 19).
cost(28, 1, 44).
cost(28, 2, 52).
cost(28, 3, 10).
cost(28, 4, 36).
cost(28, 5, 40).
cost(28, 6, 24).
cost(28, 7, 48).
cost(28, 8, 23).
cost(28, 9, 29).
cost(28, 10, 45).
cost(28, 11, 10).
cost(28, 12, 34).
cost(28, 13, 9).
cost(28, 14, 12).
cost(28, 15, 56).
cost(28, 16, 26).
cost(28, 17, 48).
cost(28, 18, 63).
cost(28, 19, 30).
cost(28, 20, 57).
cost(28, 21, 58).
cost(28, 22, 29).
cost(28, 23, 15).
cost(28, 24, 61).
cost(28, 25, 46).
cost(28, 26, 43).
cost(28, 27, 56).
cost(28, 29, 8).
cost(28, 30, 64).
cost(29, 1, 42).
cost(29, 2, 50).
cost(29, 3, 4).
cost(29, 4, 33).
cost(29, 5, 48).
cost(29, 6, 23).
cost(29, 7, 52).
cost(29, 8, 29).
cost(29, 9, 36).
cost(29, 10, 53).
cost(29, 11, 18).
cost(29, 12, 33).
cost(29, 13, 7).
cost(29, 14, 8).
cost(29, 15, 52).
cost(29, 16, 21).
cost(29, 17, 49).
cost(29, 18, 63).
cost(29, 19, 26).
cost(29, 20, 56).
cost(29, 21, 59).
cost(29, 22, 38).
cost(29, 23, 21).
cost(29, 24, 65).
cost(29, 25, 48).
cost(29, 26, 51).
cost(29, 27, 57).
cost(29, 28, 8).
cost(29, 30, 62).
cost(30, 1, 20).
cost(30, 2, 11).
cost(30, 3, 66).
cost(30, 4, 29).
cost(30, 5, 92).
cost(30, 6, 85).
cost(30, 7, 41).
cost(30, 8, 83).
cost(30, 9, 90).
cost(30, 10, 72).
cost(30, 11, 69).
cost(30, 12, 30).
cost(30, 13, 69).
cost(30, 14, 70).
cost(30, 15, 16).
cost(30, 16, 80).
cost(30, 17, 21).
cost(30, 18, 13).
cost(30, 19, 37).
cost(30, 20, 11).
cost(30, 21, 22).
cost(30, 22, 78).
cost(30, 23, 78).
cost(30, 24, 44).
cost(30, 25, 31).
cost(30, 26, 99).
cost(30, 27, 19).
cost(30, 28, 64).
cost(30, 29, 62).
