dimension(30).
point(1, 8.3434028594, 70.2949374008).
point(2, 8.514032325, 40.6419816878).
point(3, 51.8985776258, 92.8039666035).
point(4, 84.850318544, 93.1497809826).
point(5, 6.6201824267, 31.6855313671).
point(6, 74.4513428828, 85.3017397247).
point(7, 5.314639331, 50.6289792725).
point(8, 80.4005125753, 61.1760759276).
point(9, 56.6042560301, 68.0261386194).
point(10, 87.7671403809, 59.0724604716).
point(11, 67.6729745316, 61.691402707).
point(12, 64.902834337, 59.9213128655).
point(13, 40.3290368008, 32.1152491639).
point(14, 51.7158716213, 13.562727588).
point(15, 33.4994566578, 33.3103877853).
point(16, 39.2873162093, 75.1040991819).
point(17, 51.4298867726, 83.3568080583).
point(18, 64.5076351514, 48.46832271).
point(19, 85.8484318718, 40.9314950435).
point(20, 50.1629000229, 62.7270942858).
point(21, 18.3273423608, 36.0189094901).
point(22, 44.8691453975, 86.6544319037).
point(23, 88.751714248, 80.5169574961).
point(24, 20.5633060323, 55.5747527861).
point(25, 35.4057669241, 16.3506277371).
point(26, 36.3613424749, 44.3342029512).
point(27, 20.3050477646, 40.2287987932).
point(28, 19.8020509096, 25.0992026989).
point(29, 3.7096955811, 24.2594015914).
point(30, 6.7799541949, 21.400138709).
cost(1, 2, 30).
cost(1, 3, 49).
cost(1, 4, 80).
cost(1, 5, 39).
cost(1, 6, 68).
cost(1, 7, 20).
cost(1, 8, 73).
cost(1, 9, 48).
cost(1, 10, 80).
cost(1, 11, 60).
cost(1, 12, 58).
cost(1, 13, 50).
cost(1, 14, 71).
cost(1, 15, 45).
cost(1, 16, 31).
cost(1, 17, 45).
cost(1, 18, 60).
cost(1, 19, 83).
cost(1, 20, 42).
cost(1, 21, 36).
cost(1, 22, 40).
cost(1, 23, 81).
cost(1, 24, 19).
cost(1, 25, 60).
cost(1, 26, 38).
cost(1, 27, 32).
cost(1, 28, 47).
cost(1, 29, 46).
cost(1, 30, 49).
cost(2, 1, 30).
cost(2, 3, 68).
cost(2, 4, 93).
cost(2, 5, 9).
cost(2, 6, 80).
cost(2, 7, 10).
cost(2, 8, 75).
cost(2, 9, 55).
cost(2, 10, 81).
cost(2, 11, 63).
cost(2, 12, 60).
cost(2, 13, 33).
cost(2, 14, 51).
cost(2, 15, 26).
cost(2, 16, 46).
cost(2, 17, 61).
cost(2, 18, 57).
cost(2, 19, 77).
cost(2, 20, 47).
cost(2, 21, 11).
cost(2, 22, 59).
cost(2, 23, 90).
cost(2, 24, 19).
cost(2, 25, 36).
cost(2, 26, 28).
cost(2, 27, 12).
cost(2, 28, 19).
cost(2, 29, 17).
cost(2, 30, 19).
cost(3, 1, 49).
cost(3, 2, 68).
cost(3, 4, 33).
cost(3, 5, 76).
cost(3, 6, 24).
cost(3, 7, 63).
cost(3, 8, 43).
cost(3, 9, 25).
cost(3, 10, 49).
cost(3, 11, 35).
cost(3, 12, 35).
cost(3, 13, 62).
cost(3, 14, 79).
cost(3, 15, 62).
cost(3, 16, 22).
cost(3, 17, 9).
cost(3, 18, 46).
cost(3, 19, 62).
cost(3, 20, 30).
cost(3, 21, 66).
cost(3, 22, 9).
cost(3, 23, 39).
cost(3, 24, 49).
cost(3, 25, 78).
cost(3, 26, 51).
cost(3, 27, 61).
cost(3, 28, 75).
cost(3, 29, 84).
cost(3, 30, 84).
cost(4, 1, 80).
cost(4, 2, 93).
cost(4, 3, 33).
cost(4, 5, 99).
cost(4, 6, 13).
cost(4, 7, 90).
cost(4, 8, 32).
cost(4, 9, 38).
cost(4, 10, 34).
cost(4, 11, 36).
cost(4, 12, 39).
cost(4, 13, 76).
cost(4, 14, 86).
cost(4, 15, 79).
cost(4, 16, 49).
cost(4, 17, 35).
cost(4, 18, 49).
cost(4, 19, 52).
cost(4, 20, 46).
cost(4, 21, 88).
cost(4, 22, 41).
cost(4, 23, 13).
cost(4, 24, 74).
cost(4, 25, 91).
cost(4, 26, 69).
cost(4, 27, 83).
cost(4, 28, 94).
cost(4, 29, 106).
cost(4, 30, 106).
cost(5, 1, 39).
cost(5, 2, 9).
cost(5, 3, 76).
cost(5, 4, 99).
cost(5, 6, 86).
cost(5, 7, 19).
cost(5, 8, 79).
cost(5, 9, 62).
cost(5, 10, 86).
cost(5, 11, 68).
cost(5, 12, 65).
cost(5, 13, 34).
cost(5, 14, 49).
cost(5, 15, 27).
cost(5, 16, 54).
cost(5, 17, 68).
cost(5, 18, 60).
cost(5, 19, 80).
cost(5, 20, 53).
cost(5, 21, 12).
cost(5, 22, 67).
cost(5, 23, 96).
cost(5, 24, 28).
cost(5, 25, 33).
cost(5, 26, 32).
cost(5, 27, 16).
cost(5, 28, 15).
cost(5, 29, 8).
cost(5, 30, 10).
cost(6, 1, 68).
cost(6, 2, 80).
cost(6, 3, 24).
cost(6, 4, 13).
cost(6, 5, 86).
cost(6, 7, 77).
cost(6, 8, 25).
cost(6, 9, 25).
cost(6, 10, 29).
cost(6, 11, 25).
cost(6, 12, 27).
cost(6, 13, 63).
cost(6, 14, 75).
cost(6, 15, 66).
cost(6, 16, 37).
cost(6, 17, 23).
cost(6, 18, 38).
cost(6, 19, 46).
cost(6, 20, 33).
cost(6, 21, 75).
cost(6, 22, 30).
cost(6, 23, 15).
cost(6, 24, 62).
cost(6, 25, 79).
cost(6, 26, 56).
cost(6, 27, 70).
cost(6, 28, 81).
cost(6, 29, 93).
cost(6, 30, 93).
cost(7, 1, 20).
cost(7, 2, 10).
cost(7, 3, 63).
cost(7, 4, 90).
cost(7, 5, 19).
cost(7, 6, 77).
cost(7, 8, 76).
cost(7, 9, 54).
cost(7, 10, 83).
cost(7, 11, 63).
cost(7, 12, 60).
cost(7, 13, 40).
cost(7, 14, 59).
cost(7, 15, 33).
cost(7, 16, 42).
cost(7, 17, 57).
cost(7, 18, 59).
cost(7, 19, 81).
cost(7, 20, 46).
cost(7, 21, 20).
cost(7, 22, 54).
cost(7, 23, 89).
cost(7, 24, 16).
cost(7, 25, 46).
cost(7, 26, 32).
cost(7, 27, 18).
cost(7, 28, 29).
cost(7, 29, 26).
cost(7, 30, 29).
cost(8, 1, 73).
cost(8, 2, 75).
cost(8, 3, 43).
cost(8, 4, 32).
cost(8, 5, 79).
cost(8, 6, 25).
cost(8, 7, 76).
cost(8, 9, 25).
cost(8, 10, 8).
cost(8, 11, 13).
cost(8, 12, 16).
cost(8, 13, 50).
cost(8, 14, 56).
cost(8, 15, 55).
cost(8, 16, 43).
cost(8, 17, 36).
cost(8, 18, 20).
cost(8, 19, 21).
cost(8, 20, 30).
cost(8, 21, 67).
cost(8, 22, 44).
cost(8, 23, 21).
cost(8, 24, 60).
cost(8, 25, 64).
cost(8, 26, 47).
cost(8, 27, 64).
cost(8, 28, 71).
cost(8, 29, 85).
cost(8, 30, 84).
cost(9, 1, 48).
cost(9, 2, 55).
cost(9, 3, 25).
cost(9, 4, 38).
cost(9, 5, 62).
cost(9, 6, 25).
cost(9, 7, 54).
cost(9, 8, 25).
cost(9, 10, 32).
cost(9, 11, 13).
cost(9, 12, 12).
cost(9, 13, 39).
cost(9, 14, 55).
cost(9, 15, 42).
cost(9, 16, 19).
cost(9, 17, 16).
cost(9, 18, 21).
cost(9, 19, 40).
cost(9, 20, 8).
cost(9, 21, 50).
cost(9, 22, 22).
cost(9, 23, 34).
cost(9, 24, 38).
cost(9, 25, 56).
cost(9, 26, 31).
cost(9, 27, 46).
cost(9, 28, 57).
cost(9, 29, 69).
cost(9, 30, 68).
cost(10, 1, 80).
cost(10, 2, 81).
cost(10, 3, 49).
cost(10, 4, 34).
cost(10, 5, 86).
cost(10, 6, 29).
cost(10, 7, 83).
cost(10, 8, 8).
cost(10, 9, 32).
cost(10, 11, 20).
cost(10, 12, 23).
cost(10, 13, 55).
cost(10, 14, 58).
cost(10, 15, 60).
cost(10, 16, 51).
cost(10, 17, 44).
cost(10, 18, 26).
cost(10, 19, 18).
cost(10, 20, 38).
cost(10, 21, 73).
cost(10, 22, 51).
cost(10, 23, 21).
cost(10, 24, 67).
cost(10, 25, 68).
cost(10, 26, 53).
cost(10, 27, 70).
cost(10, 28, 76).
cost(10, 29, 91).
cost(10, 30, 89).
cost(11, 1, 60).
cost(11, 2, 63).
cost(11, 3, 35).
cost(11, 4, 36).
cost(11, 5, 68).
cost(11, 6, 25).
cost(11, 7, 63).
cost(11, 8, 13).
cost(11, 9, 13).
cost(11, 10, 20).
cost(11, 12, 3).
cost(11, 13, 40).
cost(11, 14, 51).
cost(11, 15, 44).
cost(11, 16, 31).
cost(11, 17, 27).
cost(11, 18, 14).
cost(11, 19, 28).
cost(11, 20, 18).
cost(11, 21, 56).
cost(11, 22, 34).
cost(11, 23, 28).
cost(11, 24, 48).
cost(11, 25, 56).
cost(11, 26, 36).
cost(11, 27, 52).
cost(11, 28, 60).
cost(11, 29, 74).
cost(11, 30, 73).
cost(12, 1, 58).
cost(12, 2, 60).
cost(12, 3, 35).
cost(12, 4, 39).
cost(12, 5, 65).
cost(12, 6, 27).
cost(12, 7, 60).
cost(12, 8, 16).
cost(12, 9, 12).
cost(12, 10, 23).
cost(12, 11, 3).
cost(12, 13, 37).
cost(12, 14, 48).
cost(12, 15, 41).
cost(12, 16, 30).
cost(12, 17, 27).
cost(12, 18, 11).
cost(12, 19, 28).
cost(12, 20, 15).
cost(12, 21, 52).
cost(12, 22, 33).
cost(12, 23, 32).
cost(12, 24, 45).
cost(12, 25, 53).
cost(12, 26, 33).
cost(12, 27, 49).
cost(12, 28, 57).
cost(12, 29, 71).
cost(12, 30, 70).
cost(13, 1, 50).
cost(13, 2, 33).
cost(13, 3, 62).
cost(13, 4, 76).
cost(13, 5, 34).
cost(13, 6, 63).
cost(13, 7, 40).
cost(13, 8, 50).
cost(13, 9, 39).
cost(13, 10, 55).
cost(13, 11, 40).
cost(13, 12, 37).
cost(13, 14, 22).
cost(13, 15, 7).
cost(13, 16, 43).
cost(13, 17, 52).
cost(13, 18, 29).
cost(13, 19, 46).
cost(13, 20, 32).
cost(13, 21, 22).
cost(13, 22, 55).
cost(13, 23, 68).
cost(13, 24, 31).
cost(13, 25, 17).
cost(13, 26, 13).
cost(13, 27, 22).
cost(13, 28, 22).
cost(13, 29, 37).
cost(13, 30, 35).
cost(14, 1, 71).
cost(14, 2, 51).
cost(14, 3, 79).
cost(14, 4, 86).
cost(14, 5, 49).
cost(14, 6, 75).
cost(14, 7, 59).
cost(14, 8, 56).
cost(14, 9, 55).
cost(14, 10, 58).
cost(14, 11, 51).
cost(14, 12, 48).
cost(14, 13, 22).
cost(14, 15, 27).
cost(14, 16, 63).
cost(14, 17, 70).
cost(14, 18, 37).
cost(14, 19, 44).
cost(14, 20, 49).
cost(14, 21, 40).
cost(14, 22, 73).
cost(14, 23, 77).
cost(14, 24, 52).
cost(14, 25, 17).
cost(14, 26, 34).
cost(14, 27, 41).
cost(14, 28, 34).
cost(14, 29, 49).
cost(14, 30, 46).
cost(15, 1, 45).
cost(15, 2, 26).
cost(15, 3, 62).
cost(15, 4, 79).
cost(15, 5, 27).
cost(15, 6, 66).
cost(15, 7, 33).
cost(15, 8, 55).
cost(15, 9, 42).
cost(15, 10, 60).
cost(15, 11, 44).
cost(15, 12, 41).
cost(15, 13, 7).
cost(15, 14, 27).
cost(15, 16, 42).
cost(15, 17, 53).
cost(15, 18, 35).
cost(15, 19, 53).
cost(15, 20, 34).
cost(15, 21, 15).
cost(15, 22, 55).
cost(15, 23, 73).
cost(15, 24, 26).
cost(15, 25, 17).
cost(15, 26, 11).
cost(15, 27, 15).
cost(15, 28, 16).
cost(15, 29, 31).
cost(15, 30, 29).
cost(16, 1, 31).
cost(16, 2, 46).
cost(16, 3, 22).
cost(16, 4, 49).
cost(16, 5, 54).
cost(16, 6, 37).
cost(16, 7, 42).
cost(16, 8, 43).
cost(16, 9, 19).
cost(16, 10, 51).
cost(16, 11, 31).
cost(16, 12, 30).
cost(16, 13, 43).
cost(16, 14, 63).
cost(16, 15, 42).
cost(16, 17, 15).
cost(16, 18, 37).
cost(16, 19, 58).
cost(16, 20, 16).
cost(16, 21, 44).
cost(16, 22, 13).
cost(16, 23, 50).
cost(16, 24, 27).
cost(16, 25, 59).
cost(16, 26, 31).
cost(16, 27, 40).
cost(16, 28, 54).
cost(16, 29, 62).
cost(16, 30, 63).
cost(17, 1, 45).
cost(17, 2, 61).
cost(17, 3, 9).
cost(17, 4, 35).
cost(17, 5, 68).
cost(17, 6, 23).
cost(17, 7, 57).
cost(17, 8, 36).
cost(17, 9, 16).
cost(17, 10, 44).
cost(17, 11, 27).
cost(17, 12, 27).
cost(17, 13, 52).
cost(17, 14, 70).
cost(17, 15, 53).
cost(17, 16, 15).
cost(17, 18, 37).
cost(17, 19, 55).
cost(17, 20, 21).
cost(17, 21, 58).
cost(17, 22, 7).
cost(17, 23, 37).
cost(17, 24, 42).
cost(17, 25, 69).
cost(17, 26, 42).
cost(17, 27, 53).
cost(17, 28, 66).
cost(17, 29, 76).
cost(17, 30, 76).
cost(18, 1, 60).
cost(18, 2, 57).
cost(18, 3, 46).
cost(18, 4, 49).
cost(18, 5, 60).
cost(18, 6, 38).
cost(18, 7, 59).
cost(18, 8, 20).
cost(18, 9, 21).
cost(18, 10, 26).
cost(18, 11, 14).
cost(18, 12, 11).
cost(18, 13, 29).
cost(18, 14, 37).
cost(18, 15, 35).
cost(18, 16, 37).
cost(18, 17, 37).
cost(18, 19, 23).
cost(18, 20, 20).
cost(18, 21, 48).
cost(18, 22, 43).
cost(18, 23, 40).
cost(18, 24, 45).
cost(18, 25, 43).
cost(18, 26, 28).
cost(18, 27, 45).
cost(18, 28, 50).
cost(18, 29, 65).
cost(18, 30, 64).
cost(19, 1, 83).
cost(19, 2, 77).
cost(19, 3, 62).
cost(19, 4, 52).
cost(19, 5, 80).
cost(19, 6, 46).
cost(19, 7, 81).
cost(19, 8, 21).
cost(19, 9, 40).
cost(19, 10, 18).
cost(19, 11, 28).
cost(19, 12, 28).
cost(19, 13, 46).
cost(19, 14, 44).
cost(19, 15, 53).
cost(19, 16, 58).
cost(19, 17, 55).
cost(19, 18, 23).
cost(19, 20, 42).
cost(19, 21, 68).
cost(19, 22, 61).
cost(19, 23, 40).
cost(19, 24, 67).
cost(19, 25, 56).
cost(19, 26, 50).
cost(19, 27, 66).
cost(19, 28, 68).
cost(19, 29, 84).
cost(19, 30, 81).
cost(20, 1, 42).
cost(20, 2, 47).
cost(20, 3, 30).
cost(20, 4, 46).
cost(20, 5, 53).
cost(20, 6, 33).
cost(20, 7, 46).
cost(20, 8, 30).
cost(20, 9, 8).
cost(20, 10, 38).
cost(20, 11, 18).
cost(20, 12, 15).
cost(20, 13, 32).
cost(20, 14, 49).
cost(20, 15, 34).
cost(20, 16, 16).
cost(20, 17, 21).
cost(20, 18, 20).
cost(20, 19, 42).
cost(20, 21, 42).
cost(20, 22, 25).
cost(20, 23, 42).
cost(20, 24, 30).
cost(20, 25, 49).
cost(20, 26, 23).
cost(20, 27, 37).
cost(20, 28, 48).
cost(20, 29, 60).
cost(20, 30, 60).
cost(21, 1, 36).
cost(21, 2, 11).
cost(21, 3, 66).
cost(21, 4, 88).
cost(21, 5, 12).
cost(21, 6, 75).
cost(21, 7, 20).
cost(21, 8, 67).
cost(21, 9, 50).
cost(21, 10, 73).
cost(21, 11, 56).
cost(21, 12, 52).
cost(21, 13, 22).
cost(21, 14, 40).
cost(21, 15, 15).
cost(21, 16, 44).
cost(21, 17, 58).
cost(21, 18, 48).
cost(21, 19, 68).
cost(21, 20, 42).
cost(21, 22, 57).
cost(21, 23, 83).
cost(21, 24, 20).
cost(21, 25, 26).
cost(21, 26, 20).
cost(21, 27, 5).
cost(21, 28, 11).
cost(21, 29, 19).
cost(21, 30, 19).
cost(22, 1, 40).
cost(22, 2, 59).
cost(22, 3, 9).
cost(22, 4, 41).
cost(22, 5, 67).
cost(22, 6, 30).
cost(22, 7, 54).
cost(22, 8, 44).
cost(22, 9, 22).
cost(22, 10, 51).
cost(22, 11, 34).
cost(22, 12, 33).
cost(22, 13, 55).
cost(22, 14, 73).
cost(22, 15, 55).
cost(22, 16, 13).
cost(22, 17, 7).
cost(22, 18, 43).
cost(22, 19, 61).
cost(22, 20, 25).
cost(22, 21, 57).
cost(22, 23, 44).
cost(22, 24, 39).
cost(22, 25, 71).
cost(22, 26, 43).
cost(22, 27, 53).
cost(22, 28, 66).
cost(22, 29, 75).
cost(22, 30, 76).
cost(23, 1, 81).
cost(23, 2, 90).
cost(23, 3, 39).
cost(23, 4, 13).
cost(23, 5, 96).
cost(23, 6, 15).
cost(23, 7, 89).
cost(23, 8, 21).
cost(23, 9, 34).
cost(23, 10, 21).
cost(23, 11, 28).
cost(23, 12, 32).
cost(23, 13, 68).
cost(23, 14, 77).
cost(23, 15, 73).
cost(23, 16, 50).
cost(23, 17, 37).
cost(23, 18, 40).
cost(23, 19, 40).
cost(23, 20, 42).
cost(23, 21, 83).
cost(23, 22, 44).
cost(23, 24, 73).
cost(23, 25, 83).
cost(23, 26, 64).
cost(23, 27, 79).
cost(23, 28, 88).
cost(23, 29, 102).
cost(23, 30, 101).
cost(24, 1, 19).
cost(24, 2, 19).
cost(24, 3, 49).
cost(24, 4, 74).
cost(24, 5, 28).
cost(24, 6, 62).
cost(24, 7, 16).
cost(24, 8, 60).
cost(24, 9, 38).
cost(24, 10, 67).
cost(24, 11, 48).
cost(24, 12, 45).
cost(24, 13, 31).
cost(24, 14, 52).
cost(24, 15, 26).
cost(24, 16, 27).
cost(24, 17, 42).
cost(24, 18, 45).
cost(24, 19, 67).
cost(24, 20, 30).
cost(24, 21, 20).
cost(24, 22, 39).
cost(24, 23, 73).
cost(24, 25, 42).
cost(24, 26, 19).
cost(24, 27, 15).
cost(24, 28, 30).
cost(24, 29, 36).
cost(24, 30, 37).
cost(25, 1, 60).
cost(25, 2, 36).
cost(25, 3, 78).
cost(25, 4, 91).
cost(25, 5, 33).
cost(25, 6, 79).
cost(25, 7, 46).
cost(25, 8, 64).
cost(25, 9, 56).
cost(25, 10, 68).
cost(25, 11, 56).
cost(25, 12, 53).
cost(25, 13, 17).
cost(25, 14, 17).
cost(25, 15, 17).
cost(25, 16, 59).
cost(25, 17, 69).
cost(25, 18, 43).
cost(25, 19, 56).
cost(25, 20, 49).
cost(25, 21, 26).
cost(25, 22, 71).
cost(25, 23, 83).
cost(25, 24, 42).
cost(25, 26, 28).
cost(25, 27, 28).
cost(25, 28, 18).
cost(25, 29, 33).
cost(25, 30, 29).
cost(26, 1, 38).
cost(26, 2, 28).
cost(26, 3, 51).
cost(26, 4, 69).
cost(26, 5, 32).
cost(26, 6, 56).
cost(26, 7, 32).
cost(26, 8, 47).
cost(26, 9, 31).
cost(26, 10, 53).
cost(26, 11, 36).
cost(26, 12, 33).
cost(26, 13, 13).
cost(26, 14, 34).
cost(26, 15, 11).
cost(26, 16, 31).
cost(26, 17, 42).
cost(26, 18, 28).
cost(26, 19, 50).
cost(26, 20, 23).
cost(26, 21, 20).
cost(26, 22, 43).
cost(26, 23, 64).
cost(26, 24, 19).
cost(26, 25, 28).
cost(26, 27, 17).
cost(26, 28, 25).
cost(26, 29, 38).
cost(26, 30, 37).
cost(27, 1, 32).
cost(27, 2, 12).
cost(27, 3, 61).
cost(27, 4, 83).
cost(27, 5, 16).
cost(27, 6, 70).
cost(27, 7, 18).
cost(27, 8, 64).
cost(27, 9, 46).
cost(27, 10, 70).
cost(27, 11, 52).
cost(27, 12, 49).
cost(27, 13, 22).
cost(27, 14, 41).
cost(27, 15, 15).
cost(27, 16, 40).
cost(27, 17, 53).
cost(27, 18, 45).
cost(27, 19, 66).
cost(27, 20, 37).
cost(27, 21, 5).
cost(27, 22, 53).
cost(27, 23, 79).
cost(27, 24, 15).
cost(27, 25, 28).
cost(27, 26, 17).
cost(27, 28, 15).
cost(27, 29, 23).
cost(27, 30, 23).
cost(28, 1, 47).
cost(28, 2, 19).
cost(28, 3, 75).
cost(28, 4, 94).
cost(28, 5, 15).
cost(28, 6, 81).
cost(28, 7, 29).
cost(28, 8, 71).
cost(28, 9, 57).
cost(28, 10, 76).
cost(28, 11, 60).
cost(28, 12, 57).
cost(28, 13, 22).
cost(28, 14, 34).
cost(28, 15, 16).
cost(28, 16, 54).
cost(28, 17, 66).
cost(28, 18, 50).
cost(28, 19, 68).
cost(28, 20, 48).
cost(28, 21, 11).
cost(28, 22, 66).
cost(28, 23, 88).
cost(28, 24, 30).
cost(28, 25, 18).
cost(28, 26, 25).
cost(28, 27, 15).
cost(28, 29, 16).
cost(28, 30, 14).
cost(29, 1, 46).
cost(29, 2, 17).
cost(29, 3, 84).
cost(29, 4, 106).
cost(29, 5, 8).
cost(29, 6, 93).
cost(29, 7, 26).
cost(29, 8, 85).
cost(29, 9, 69).
cost(29, 10, 91).
cost(29, 11, 74).
cost(29, 12, 71).
cost(29, 13, 37).
cost(29, 14, 49).
cost(29, 15, 31).
cost(29, 16, 62).
cost(29, 17, 76).
cost(29, 18, 65).
cost(29, 19, 84).
cost(29, 20, 60).
cost(29, 21, 19).
cost(29, 22, 75).
cost(29, 23, 102).
cost(29, 24, 36).
cost(29, 25, 33).
cost(29, 26, 38).
cost(29, 27, 23).
cost(29, 28, 16).
cost(29, 30, 4).
cost(30, 1, 49).
cost(30, 2, 19).
cost(30, 3, 84).
cost(30, 4, 106).
cost(30, 5, 10).
cost(30, 6, 93).
cost(30, 7, 29).
cost(30, 8, 84).
cost(30, 9, 68).
cost(30, 10, 89).
cost(30, 11, 73).
cost(30, 12, 70).
cost(30, 13, 35).
cost(30, 14, 46).
cost(30, 15, 29).
cost(30, 16, 63).
cost(30, 17, 76).
cost(30, 18, 64).
cost(30, 19, 81).
cost(30, 20, 60).
cost(30, 21, 19).
cost(30, 22, 76).
cost(30, 23, 101).
cost(30, 24, 37).
cost(30, 25, 29).
cost(30, 26, 37).
cost(30, 27, 23).
cost(30, 28, 14).
cost(30, 29, 4).
