dimension(30).
point(1, 44.7223970548, 91.451943646).
point(2, 65.2846135384, 43.3577570673).
point(3, 81.61511888, 25.9467940228).
point(4, 5.2546413015, 49.7197298598).
point(5, 4.3006853622, 46.1787730967).
point(6, 40.2422873494, 79.8958229101).
point(7, 23.9298439005, 91.3769148329).
point(8, 55.2426371085, 46.6031164064).
point(9, 24.7387350162, 76.8703842111).
point(10, 14.8560791344, 68.8380906687).
point(11, 64.0683143306, 14.3316913856).
point(12, 69.2473045716, 12.9695233538).
point(13, 8.1680219756, 89.5040087109).
point(14, 40.0341808951, 8.1352377632).
point(15, 84.7556647813, 28.2395850753).
point(16, 10.4377175472, 65.5350115838).
point(17, 57.2808166969, 25.6321599664).
point(18, 3.1512692748, 46.909071275).
point(19, 76.8263791609, 61.3971603938).
point(20, 5.05984203, 81.5904189637).
point(21, 2.2595724044, 43.8668532998).
point(22, 10.7116769639, 54.1940682421).
point(23, 73.1451976209, 21.2693543048).
point(24, 52.3857758991, 84.9568657146).
point(25, 7.5634535013, 53.0750576528).
point(26, 69.3816521087, 42.045953654).
point(27, 51.7437342806, 38.1837196093).
point(28, 48.794820168, 10.6236506482).
point(29, 38.5363904289, 13.0900557433).
point(30, 40.2445536496, 24.742005313).
cost(1, 2, 52).
cost(1, 3, 75).
cost(1, 4, 57).
cost(1, 5, 61).
cost(1, 6, 12).
cost(1, 7, 21).
cost(1, 8, 46).
cost(1, 9, 25).
cost(1, 10, 37).
cost(1, 11, 80).
cost(1, 12, 82).
cost(1, 13, 37).
cost(1, 14, 83).
cost(1, 15, 75).
cost(1, 16, 43).
cost(1, 17, 67).
cost(1, 18, 61).
cost(1, 19, 44).
cost(1, 20, 41).
cost(1, 21, 64).
cost(1, 22, 50).
cost(1, 23, 76).
cost(1, 24, 10).
cost(1, 25, 53).
cost(1, 26, 55).
cost(1, 27, 54).
cost(1, 28, 81).
cost(1, 29, 79).
cost(1, 30, 67).
cost(2, 1, 52).
cost(2, 3, 24).
cost(2, 4, 60).
cost(2, 5, 61).
cost(2, 6, 44).
cost(2, 7, 63).
cost(2, 8, 11).
cost(2, 9, 53).
cost(2, 10, 57).
cost(2, 11, 29).
cost(2, 12, 31).
cost(2, 13, 73).
cost(2, 14, 43).
cost(2, 15, 25).
cost(2, 16, 59).
cost(2, 17, 19).
cost(2, 18, 62).
cost(2, 19, 21).
cost(2, 20, 71).
cost(2, 21, 63).
cost(2, 22, 56).
cost(2, 23, 23).
cost(2, 24, 44).
cost(2, 25, 59).
cost(2, 26, 4).
cost(2, 27, 14).
cost(2, 28, 37).
cost(2, 29, 40).
cost(2, 30, 31).
cost(3, 1, 75).
cost(3, 2, 24).
cost(3, 4, 80).
cost(3, 5, 80).
cost(3, 6, 68).
cost(3, 7, 87).
cost(3, 8, 33).
cost(3, 9, 76).
cost(3, 10, 79).
cost(3, 11, 21).
cost(3, 12, 18).
cost(3, 13, 97).
cost(3, 14, 45).
cost(3, 15, 4).
cost(3, 16, 81).
cost(3, 17, 24).
cost(3, 18, 81).
cost(3, 19, 36).
cost(3, 20, 95).
cost(3, 21, 81).
cost(3, 22, 76).
cost(3, 23, 10).
cost(3, 24, 66).
cost(3, 25, 79).
cost(3, 26, 20).
cost(3, 27, 32).
cost(3, 28, 36).
cost(3, 29, 45).
cost(3, 30, 41).
cost(4, 1, 57).
cost(4, 2, 60).
cost(4, 3, 80).
cost(4, 5, 4).
cost(4, 6, 46).
cost(4, 7, 46).
cost(4, 8, 50).
cost(4, 9, 33).
cost(4, 10, 21).
cost(4, 11, 69).
cost(4, 12, 74).
cost(4, 13, 40).
cost(4, 14, 54).
cost(4, 15, 82).
cost(4, 16, 17).
cost(4, 17, 57).
cost(4, 18, 4).
cost(4, 19, 73).
cost(4, 20, 32).
cost(4, 21, 7).
cost(4, 22, 7).
cost(4, 23, 74).
cost(4, 24, 59).
cost(4, 25, 4).
cost(4, 26, 65).
cost(4, 27, 48).
cost(4, 28, 59).
cost(4, 29, 49).
cost(4, 30, 43).
cost(5, 1, 61).
cost(5, 2, 61).
cost(5, 3, 80).
cost(5, 4, 4).
cost(5, 6, 49).
cost(5, 7, 49).
cost(5, 8, 51).
cost(5, 9, 37).
cost(5, 10, 25).
cost(5, 11, 68).
cost(5, 12, 73).
cost(5, 13, 43).
cost(5, 14, 52).
cost(5, 15, 82).
cost(5, 16, 20).
cost(5, 17, 57).
cost(5, 18, 1).
cost(5, 19, 74).
cost(5, 20, 35).
cost(5, 21, 3).
cost(5, 22, 10).
cost(5, 23, 73).
cost(5, 24, 62).
cost(5, 25, 8).
cost(5, 26, 65).
cost(5, 27, 48).
cost(5, 28, 57).
cost(5, 29, 48).
cost(5, 30, 42).
cost(6, 1, 12).
cost(6, 2, 44).
cost(6, 3, 68).
cost(6, 4, 46).
cost(6, 5, 49).
cost(6, 7, 20).
cost(6, 8, 37).
cost(6, 9, 16).
cost(6, 10, 28).
cost(6, 11, 70).
cost(6, 12, 73).
cost(6, 13, 33).
cost(6, 14, 72).
cost(6, 15, 68).
cost(6, 16, 33).
cost(6, 17, 57).
cost(6, 18, 50).
cost(6, 19, 41).
cost(6, 20, 35).
cost(6, 21, 52).
cost(6, 22, 39).
cost(6, 23, 67).
cost(6, 24, 13).
cost(6, 25, 42).
cost(6, 26, 48).
cost(6, 27, 43).
cost(6, 28, 70).
cost(6, 29, 67).
cost(6, 30, 55).
cost(7, 1, 21).
cost(7, 2, 63).
cost(7, 3, 87).
cost(7, 4, 46).
cost(7, 5, 49).
cost(7, 6, 20).
cost(7, 8, 55).
cost(7, 9, 15).
cost(7, 10, 24).
cost(7, 11, 87).
cost(7, 12, 91).
cost(7, 13, 16).
cost(7, 14, 85).
cost(7, 15, 88).
cost(7, 16, 29).
cost(7, 17, 74).
cost(7, 18, 49).
cost(7, 19, 61).
cost(7, 20, 21).
cost(7, 21, 52).
cost(7, 22, 39).
cost(7, 23, 86).
cost(7, 24, 29).
cost(7, 25, 42).
cost(7, 26, 67).
cost(7, 27, 60).
cost(7, 28, 84).
cost(7, 29, 80).
cost(7, 30, 69).
cost(8, 1, 46).
cost(8, 2, 11).
cost(8, 3, 33).
cost(8, 4, 50).
cost(8, 5, 51).
cost(8, 6, 37).
cost(8, 7, 55).
cost(8, 9, 43).
cost(8, 10, 46).
cost(8, 11, 33).
cost(8, 12, 36).
cost(8, 13, 64).
cost(8, 14, 41).
cost(8, 15, 35).
cost(8, 16, 49).
cost(8, 17, 21).
cost(8, 18, 52).
cost(8, 19, 26).
cost(8, 20, 61).
cost(8, 21, 53).
cost(8, 22, 45).
cost(8, 23, 31).
cost(8, 24, 38).
cost(8, 25, 48).
cost(8, 26, 15).
cost(8, 27, 9).
cost(8, 28, 37).
cost(8, 29, 37).
cost(8, 30, 27).
cost(9, 1, 25).
cost(9, 2, 53).
cost(9, 3, 76).
cost(9, 4, 33).
cost(9, 5, 37).
cost(9, 6, 16).
cost(9, 7, 15).
cost(9, 8, 43).
cost(9, 10, 13).
cost(9, 11, 74).
cost(9, 12, 78).
cost(9, 13, 21).
cost(9, 14, 70).
cost(9, 15, 77).
cost(9, 16, 18).
cost(9, 17, 61).
cost(9, 18, 37).
cost(9, 19, 54).
cost(9, 20, 20).
cost(9, 21, 40).
cost(9, 22, 27).
cost(9, 23, 74).
cost(9, 24, 29).
cost(9, 25, 29).
cost(9, 26, 57).
cost(9, 27, 47).
cost(9, 28, 70).
cost(9, 29, 65).
cost(9, 30, 54).
cost(10, 1, 37).
cost(10, 2, 57).
cost(10, 3, 79).
cost(10, 4, 21).
cost(10, 5, 25).
cost(10, 6, 28).
cost(10, 7, 24).
cost(10, 8, 46).
cost(10, 9, 13).
cost(10, 11, 73).
cost(10, 12, 78).
cost(10, 13, 22).
cost(10, 14, 66).
cost(10, 15, 81).
cost(10, 16, 6).
cost(10, 17, 61).
cost(10, 18, 25).
cost(10, 19, 62).
cost(10, 20, 16).
cost(10, 21, 28).
cost(10, 22, 15).
cost(10, 23, 75).
cost(10, 24, 41).
cost(10, 25, 17).
cost(10, 26, 61).
cost(10, 27, 48).
cost(10, 28, 67).
cost(10, 29, 61).
cost(10, 30, 51).
cost(11, 1, 80).
cost(11, 2, 29).
cost(11, 3, 21).
cost(11, 4, 69).
cost(11, 5, 68).
cost(11, 6, 70).
cost(11, 7, 87).
cost(11, 8, 33).
cost(11, 9, 74).
cost(11, 10, 73).
cost(11, 12, 5).
cost(11, 13, 94).
cost(11, 14, 25).
cost(11, 15, 25).
cost(11, 16, 74).
cost(11, 17, 13).
cost(11, 18, 69).
cost(11, 19, 49).
cost(11, 20, 89).
cost(11, 21, 69).
cost(11, 22, 67).
cost(11, 23, 11).
cost(11, 24, 72).
cost(11, 25, 69).
cost(11, 26, 28).
cost(11, 27, 27).
cost(11, 28, 16).
cost(11, 29, 26).
cost(11, 30, 26).
cost(12, 1, 82).
cost(12, 2, 31).
cost(12, 3, 18).
cost(12, 4, 74).
cost(12, 5, 73).
cost(12, 6, 73).
cost(12, 7, 91).
cost(12, 8, 36).
cost(12, 9, 78).
cost(12, 10, 78).
cost(12, 11, 5).
cost(12, 13, 98).
cost(12, 14, 30).
cost(12, 15, 22).
cost(12, 16, 79).
cost(12, 17, 17).
cost(12, 18, 74).
cost(12, 19, 49).
cost(12, 20, 94).
cost(12, 21, 74).
cost(12, 22, 72).
cost(12, 23, 9).
cost(12, 24, 74).
cost(12, 25, 74).
cost(12, 26, 29).
cost(12, 27, 31).
cost(12, 28, 21).
cost(12, 29, 31).
cost(12, 30, 31).
cost(13, 1, 37).
cost(13, 2, 73).
cost(13, 3, 97).
cost(13, 4, 40).
cost(13, 5, 43).
cost(13, 6, 33).
cost(13, 7, 16).
cost(13, 8, 64).
cost(13, 9, 21).
cost(13, 10, 22).
cost(13, 11, 94).
cost(13, 12, 98).
cost(13, 14, 87).
cost(13, 15, 98).
cost(13, 16, 24).
cost(13, 17, 81).
cost(13, 18, 43).
cost(13, 19, 74).
cost(13, 20, 9).
cost(13, 21, 46).
cost(13, 22, 35).
cost(13, 23, 94).
cost(13, 24, 44).
cost(13, 25, 36).
cost(13, 26, 77).
cost(13, 27, 67).
cost(13, 28, 89).
cost(13, 29, 82).
cost(13, 30, 72).
cost(14, 1, 83).
cost(14, 2, 43).
cost(14, 3, 45).
cost(14, 4, 54).
cost(14, 5, 52).
cost(14, 6, 72).
cost(14, 7, 85).
cost(14, 8, 41).
cost(14, 9, 70).
cost(14, 10, 66).
cost(14, 11, 25).
cost(14, 12, 30).
cost(14, 13, 87).
cost(14, 15, 49).
cost(14, 16, 65).
cost(14, 17, 25).
cost(14, 18, 54).
cost(14, 19, 65).
cost(14, 20, 81).
cost(14, 21, 52).
cost(14, 22, 55).
cost(14, 23, 36).
cost(14, 24, 78).
cost(14, 25, 55).
cost(14, 26, 45).
cost(14, 27, 32).
cost(14, 28, 9).
cost(14, 29, 5).
cost(14, 30, 17).
cost(15, 1, 75).
cost(15, 2, 25).
cost(15, 3, 4).
cost(15, 4, 82).
cost(15, 5, 82).
cost(15, 6, 68).
cost(15, 7, 88).
cost(15, 8, 35).
cost(15, 9, 77).
cost(15, 10, 81).
cost(15, 11, 25).
cost(15, 12, 22).
cost(15, 13, 98).
cost(15, 14, 49).
cost(15, 16, 83).
cost(15, 17, 28).
cost(15, 18, 84).
cost(15, 19, 34).
cost(15, 20, 96).
cost(15, 21, 84).
cost(15, 22, 78).
cost(15, 23, 14).
cost(15, 24, 65).
cost(15, 25, 81).
cost(15, 26, 21).
cost(15, 27, 34).
cost(15, 28, 40).
cost(15, 29, 49).
cost(15, 30, 45).
cost(16, 1, 43).
cost(16, 2, 59).
cost(16, 3, 81).
cost(16, 4, 17).
cost(16, 5, 20).
cost(16, 6, 33).
cost(16, 7, 29).
cost(16, 8, 49).
cost(16, 9, 18).
cost(16, 10, 6).
cost(16, 11, 74).
cost(16, 12, 79).
cost(16, 13, 24).
cost(16, 14, 65).
cost(16, 15, 83).
cost(16, 17, 62).
cost(16, 18, 20).
cost(16, 19, 67).
cost(16, 20, 17).
cost(16, 21, 23).
cost(16, 22, 11).
cost(16, 23, 77).
cost(16, 24, 46).
cost(16, 25, 13).
cost(16, 26, 63).
cost(16, 27, 50).
cost(16, 28, 67).
cost(16, 29, 59).
cost(16, 30, 51).
cost(17, 1, 67).
cost(17, 2, 19).
cost(17, 3, 24).
cost(17, 4, 57).
cost(17, 5, 57).
cost(17, 6, 57).
cost(17, 7, 74).
cost(17, 8, 21).
cost(17, 9, 61).
cost(17, 10, 61).
cost(17, 11, 13).
cost(17, 12, 17).
cost(17, 13, 81).
cost(17, 14, 25).
cost(17, 15, 28).
cost(17, 16, 62).
cost(17, 18, 58).
cost(17, 19, 41).
cost(17, 20, 77).
cost(17, 21, 58).
cost(17, 22, 55).
cost(17, 23, 16).
cost(17, 24, 60).
cost(17, 25, 57).
cost(17, 26, 20).
cost(17, 27, 14).
cost(17, 28, 17).
cost(17, 29, 23).
cost(17, 30, 17).
cost(18, 1, 61).
cost(18, 2, 62).
cost(18, 3, 81).
cost(18, 4, 4).
cost(18, 5, 1).
cost(18, 6, 50).
cost(18, 7, 49).
cost(18, 8, 52).
cost(18, 9, 37).
cost(18, 10, 25).
cost(18, 11, 69).
cost(18, 12, 74).
cost(18, 13, 43).
cost(18, 14, 54).
cost(18, 15, 84).
cost(18, 16, 20).
cost(18, 17, 58).
cost(18, 19, 75).
cost(18, 20, 35).
cost(18, 21, 3).
cost(18, 22, 10).
cost(18, 23, 75).
cost(18, 24, 62).
cost(18, 25, 8).
cost(18, 26, 66).
cost(18, 27, 49).
cost(18, 28, 58).
cost(18, 29, 49).
cost(18, 30, 43).
cost(19, 1, 44).
cost(19, 2, 21).
cost(19, 3, 36).
cost(19, 4, 73).
cost(19, 5, 74).
cost(19, 6, 41).
cost(19, 7, 61).
cost(19, 8, 26).
cost(19, 9, 54).
cost(19, 10, 62).
cost(19, 11, 49).
cost(19, 12, 49).
cost(19, 13, 74).
cost(19, 14, 65).
cost(19, 15, 34).
cost(19, 16, 67).
cost(19, 17, 41).
cost(19, 18, 75).
cost(19, 20, 75).
cost(19, 21, 77).
cost(19, 22, 67).
cost(19, 23, 40).
cost(19, 24, 34).
cost(19, 25, 70).
cost(19, 26, 21).
cost(19, 27, 34).
cost(19, 28, 58).
cost(19, 29, 62).
cost(19, 30, 52).
cost(20, 1, 41).
cost(20, 2, 71).
cost(20, 3, 95).
cost(20, 4, 32).
cost(20, 5, 35).
cost(20, 6, 35).
cost(20, 7, 21).
cost(20, 8, 61).
cost(20, 9, 20).
cost(20, 10, 16).
cost(20, 11, 89).
cost(20, 12, 94).
cost(20, 13, 9).
cost(20, 14, 81).
cost(20, 15, 96).
cost(20, 16, 17).
cost(20, 17, 77).
cost(20, 18, 35).
cost(20, 19, 75).
cost(20, 21, 38).
cost(20, 22, 28).
cost(20, 23, 91).
cost(20, 24, 47).
cost(20, 25, 29).
cost(20, 26, 76).
cost(20, 27, 64).
cost(20, 28, 83).
cost(20, 29, 76).
cost(20, 30, 67).
cost(21, 1, 64).
cost(21, 2, 63).
cost(21, 3, 81).
cost(21, 4, 7).
cost(21, 5, 3).
cost(21, 6, 52).
cost(21, 7, 52).
cost(21, 8, 53).
cost(21, 9, 40).
cost(21, 10, 28).
cost(21, 11, 69).
cost(21, 12, 74).
cost(21, 13, 46).
cost(21, 14, 52).
cost(21, 15, 84).
cost(21, 16, 23).
cost(21, 17, 58).
cost(21, 18, 3).
cost(21, 19, 77).
cost(21, 20, 38).
cost(21, 22, 13).
cost(21, 23, 74).
cost(21, 24, 65).
cost(21, 25, 11).
cost(21, 26, 67).
cost(21, 27, 50).
cost(21, 28, 57).
cost(21, 29, 48).
cost(21, 30, 43).
cost(22, 1, 50).
cost(22, 2, 56).
cost(22, 3, 76).
cost(22, 4, 7).
cost(22, 5, 10).
cost(22, 6, 39).
cost(22, 7, 39).
cost(22, 8, 45).
cost(22, 9, 27).
cost(22, 10, 15).
cost(22, 11, 67).
cost(22, 12, 72).
cost(22, 13, 35).
cost(22, 14, 55).
cost(22, 15, 78).
cost(22, 16, 11).
cost(22, 17, 55).
cost(22, 18, 10).
cost(22, 19, 67).
cost(22, 20, 28).
cost(22, 21, 13).
cost(22, 23, 71).
cost(22, 24, 52).
cost(22, 25, 3).
cost(22, 26, 60).
cost(22, 27, 44).
cost(22, 28, 58).
cost(22, 29, 50).
cost(22, 30, 42).
cost(23, 1, 76).
cost(23, 2, 23).
cost(23, 3, 10).
cost(23, 4, 74).
cost(23, 5, 73).
cost(23, 6, 67).
cost(23, 7, 86).
cost(23, 8, 31).
cost(23, 9, 74).
cost(23, 10, 75).
cost(23, 11, 11).
cost(23, 12, 9).
cost(23, 13, 94).
cost(23, 14, 36).
cost(23, 15, 14).
cost(23, 16, 77).
cost(23, 17, 16).
cost(23, 18, 75).
cost(23, 19, 40).
cost(23, 20, 91).
cost(23, 21, 74).
cost(23, 22, 71).
cost(23, 24, 67).
cost(23, 25, 73).
cost(23, 26, 21).
cost(23, 27, 27).
cost(23, 28, 27).
cost(23, 29, 36).
cost(23, 30, 33).
cost(24, 1, 10).
cost(24, 2, 44).
cost(24, 3, 66).
cost(24, 4, 59).
cost(24, 5, 62).
cost(24, 6, 13).
cost(24, 7, 29).
cost(24, 8, 38).
cost(24, 9, 29).
cost(24, 10, 41).
cost(24, 11, 72).
cost(24, 12, 74).
cost(24, 13, 44).
cost(24, 14, 78).
cost(24, 15, 65).
cost(24, 16, 46).
cost(24, 17, 60).
cost(24, 18, 62).
cost(24, 19, 34).
cost(24, 20, 47).
cost(24, 21, 65).
cost(24, 22, 52).
cost(24, 23, 67).
cost(24, 25, 55).
cost(24, 26, 46).
cost(24, 27, 47).
cost(24, 28, 74).
cost(24, 29, 73).
cost(24, 30, 61).
cost(25, 1, 53).
cost(25, 2, 59).
cost(25, 3, 79).
cost(25, 4, 4).
cost(25, 5, 8).
cost(25, 6, 42).
cost(25, 7, 42).
cost(25, 8, 48).
cost(25, 9, 29).
cost(25, 10, 17).
cost(25, 11, 69).
cost(25, 12, 74).
cost(25, 13, 36).
cost(25, 14, 55).
cost(25, 15, 81).
cost(25, 16, 13).
cost(25, 17, 57).
cost(25, 18, 8).
cost(25, 19, 70).
cost(25, 20, 29).
cost(25, 21, 11).
cost(25, 22, 3).
cost(25, 23, 73).
cost(25, 24, 55).
cost(25, 26, 63).
cost(25, 27, 47).
cost(25, 28, 59).
cost(25, 29, 51).
cost(25, 30, 43).
cost(26, 1, 55).
cost(26, 2, 4).
cost(26, 3, 20).
cost(26, 4, 65).
cost(26, 5, 65).
cost(26, 6, 48).
cost(26, 7, 67).
cost(26, 8, 15).
cost(26, 9, 57).
cost(26, 10, 61).
cost(26, 11, 28).
cost(26, 12, 29).
cost(26, 13, 77).
cost(26, 14, 45).
cost(26, 15, 21).
cost(26, 16, 63).
cost(26, 17, 20).
cost(26, 18, 66).
cost(26, 19, 21).
cost(26, 20, 76).
cost(26, 21, 67).
cost(26, 22, 60).
cost(26, 23, 21).
cost(26, 24, 46).
cost(26, 25, 63).
cost(26, 27, 18).
cost(26, 28, 38).
cost(26, 29, 42).
cost(26, 30, 34).
cost(27, 1, 54).
cost(27, 2, 14).
cost(27, 3, 32).
cost(27, 4, 48).
cost(27, 5, 48).
cost(27, 6, 43).
cost(27, 7, 60).
cost(27, 8, 9).
cost(27, 9, 47).
cost(27, 10, 48).
cost(27, 11, 27).
cost(27, 12, 31).
cost(27, 13, 67).
cost(27, 14, 32).
cost(27, 15, 34).
cost(27, 16, 50).
cost(27, 17, 14).
cost(27, 18, 49).
cost(27, 19, 34).
cost(27, 20, 64).
cost(27, 21, 50).
cost(27, 22, 44).
cost(27, 23, 27).
cost(27, 24, 47).
cost(27, 25, 47).
cost(27, 26, 18).
cost(27, 28, 28).
cost(27, 29, 28).
cost(27, 30, 18).
cost(28, 1, 81).
cost(28, 2, 37).
cost(28, 3, 36).
cost(28, 4, 59).
cost(28, 5, 57).
cost(28, 6, 70).
cost(28, 7, 84).
cost(28, 8, 37).
cost(28, 9, 70).
cost(28, 10, 67).
cost(28, 11, 16).
cost(28, 12, 21).
cost(28, 13, 89).
cost(28, 14, 9).
cost(28, 15, 40).
cost(28, 16, 67).
cost(28, 17, 17).
cost(28, 18, 58).
cost(28, 19, 58).
cost(28, 20, 83).
cost(28, 21, 57).
cost(28, 22, 58).
cost(28, 23, 27).
cost(28, 24, 74).
cost(28, 25, 59).
cost(28, 26, 38).
cost(28, 27, 28).
cost(28, 29, 11).
cost(28, 30, 17).
cost(29, 1, 79).
cost(29, 2, 40).
cost(29, 3, 45).
cost(29, 4, 49).
cost(29, 5, 48).
cost(29, 6, 67).
cost(29, 7, 80).
cost(29, 8, 37).
cost(29, 9, 65).
cost(29, 10, 61).
cost(29, 11, 26).
cost(29, 12, 31).
cost(29, 13, 82).
cost(29, 14, 5).
cost(29, 15, 49).
cost(29, 16, 59).
cost(29, 17, 23).
cost(29, 18, 49).
cost(29, 19, 62).
cost(29, 20, 76).
cost(29, 21, 48).
cost(29, 22, 50).
cost(29, 23, 36).
cost(29, 24, 73).
cost(29, 25, 51).
cost(29, 26, 42).
cost(29, 27, 28).
cost(29, 28, 11).
cost(29, 30, 12).
cost(30, 1, 67).
cost(30, 2, 31).
cost(30, 3, 41).
cost(30, 4, 43).
cost(30, 5, 42).
cost(30, 6, 55).
cost(30, 7, 69).
cost(30, 8, 27).
cost(30, 9, 54).
cost(30, 10, 51).
cost(30, 11, 26).
cost(30, 12, 31).
cost(30, 13, 72).
cost(30, 14, 17).
cost(30, 15, 45).
cost(30, 16, 51).
cost(30, 17, 17).
cost(30, 18, 43).
cost(30, 19, 52).
cost(30, 20, 67).
cost(30, 21, 43).
cost(30, 22, 42).
cost(30, 23, 33).
cost(30, 24, 61).
cost(30, 25, 43).
cost(30, 26, 34).
cost(30, 27, 18).
cost(30, 28, 17).
cost(30, 29, 12).
