dimension(30).
point(1, 87.8576584949, 13.464187455).
point(2, 19.183513315, 55.6443656444).
point(3, 83.8598950544, 6.2220864282).
point(4, 45.446288199, 32.2892896762).
point(5, 43.9716482428, 10.7577094864).
point(6, 47.2619802681, 50.7187978476).
point(7, 22.288187132, 60.3034830214).
point(8, 11.1569438444, 67.3988477934).
point(9, 26.7526809055, 70.7670110645).
point(10, 33.337953643, 57.6769102023).
point(11, 68.3083560558, 19.8801373081).
point(12, 80.9018723443, 5.5696055147).
point(13, 54.7873023085, 12.0626582658).
point(14, 61.18224124, 79.1707523591).
point(15, 82.1909818545, 36.8159078574).
point(16, 61.3204743588, 86.4441419552).
point(17, 89.4975478475, 32.6718728854).
point(18, 30.9076674906, 14.8459595).
point(19, 63.8016378572, 3.0726625673).
point(20, 21.466350782, 75.3353074613).
point(21, 36.9055315404, 8.7236210849).
point(22, 74.1202962898, 79.743041891).
point(23, 58.5638177526, 14.1885799872).
point(24, 42.1138905099, 58.5605804773).
point(25, 87.9708254724, 45.0829838636).
point(26, 22.4246813934, 86.3305481993).
point(27, 50.5709495232, 88.0052454851).
point(28, 26.8816551042, 50.2991653662).
point(29, 29.3457667926, 67.0655122606).
point(30, 56.1272463632, 11.7700735885).
cost(1, 2, 81).
cost(1, 3, 8).
cost(1, 4, 46).
cost(1, 5, 44).
cost(1, 6, 55).
cost(1, 7, 81).
cost(1, 8, 94).
cost(1, 9, 84).
cost(1, 10, 70).
cost(1, 11, 21).
cost(1, 12, 11).
cost(1, 13, 33).
cost(1, 14, 71).
cost(1, 15, 24).
cost(1, 16, 78).
cost(1, 17, 19).
cost(1, 18, 57).
cost(1, 19, 26).
cost(1, 20, 91).
cost(1, 21, 51).
cost(1, 22, 68).
cost(1, 23, 29).
cost(1, 24, 64).
cost(1, 25, 32).
cost(1, 26, 98).
cost(1, 27, 83).
cost(1, 28, 71).
cost(1, 29, 79).
cost(1, 30, 32).
cost(2, 1, 81).
cost(2, 3, 81).
cost(2, 4, 35).
cost(2, 5, 51).
cost(2, 6, 29).
cost(2, 7, 6).
cost(2, 8, 14).
cost(2, 9, 17).
cost(2, 10, 14).
cost(2, 11, 61).
cost(2, 12, 79).
cost(2, 13, 56).
cost(2, 14, 48).
cost(2, 15, 66).
cost(2, 16, 52).
cost(2, 17, 74).
cost(2, 18, 42).
cost(2, 19, 69).
cost(2, 20, 20).
cost(2, 21, 50).
cost(2, 22, 60).
cost(2, 23, 57).
cost(2, 24, 23).
cost(2, 25, 70).
cost(2, 26, 31).
cost(2, 27, 45).
cost(2, 28, 9).
cost(2, 29, 15).
cost(2, 30, 57).
cost(3, 1, 8).
cost(3, 2, 81).
cost(3, 4, 46).
cost(3, 5, 40).
cost(3, 6, 58).
cost(3, 7, 82).
cost(3, 8, 95).
cost(3, 9, 86).
cost(3, 10, 72).
cost(3, 11, 21).
cost(3, 12, 3).
cost(3, 13, 30).
cost(3, 14, 76).
cost(3, 15, 31).
cost(3, 16, 83).
cost(3, 17, 27).
cost(3, 18, 54).
cost(3, 19, 20).
cost(3, 20, 93).
cost(3, 21, 47).
cost(3, 22, 74).
cost(3, 23, 27).
cost(3, 24, 67).
cost(3, 25, 39).
cost(3, 26, 101).
cost(3, 27, 88).
cost(3, 28, 72).
cost(3, 29, 82).
cost(3, 30, 28).
cost(4, 1, 46).
cost(4, 2, 35).
cost(4, 3, 46).
cost(4, 5, 22).
cost(4, 6, 19).
cost(4, 7, 36).
cost(4, 8, 49).
cost(4, 9, 43).
cost(4, 10, 28).
cost(4, 11, 26).
cost(4, 12, 44).
cost(4, 13, 22).
cost(4, 14, 49).
cost(4, 15, 37).
cost(4, 16, 56).
cost(4, 17, 44).
cost(4, 18, 23).
cost(4, 19, 35).
cost(4, 20, 49).
cost(4, 21, 25).
cost(4, 22, 55).
cost(4, 23, 22).
cost(4, 24, 26).
cost(4, 25, 44).
cost(4, 26, 59).
cost(4, 27, 56).
cost(4, 28, 26).
cost(4, 29, 38).
cost(4, 30, 23).
cost(5, 1, 44).
cost(5, 2, 51).
cost(5, 3, 40).
cost(5, 4, 22).
cost(5, 6, 40).
cost(5, 7, 54).
cost(5, 8, 65).
cost(5, 9, 62).
cost(5, 10, 48).
cost(5, 11, 26).
cost(5, 12, 37).
cost(5, 13, 11).
cost(5, 14, 71).
cost(5, 15, 46).
cost(5, 16, 78).
cost(5, 17, 51).
cost(5, 18, 14).
cost(5, 19, 21).
cost(5, 20, 68).
cost(5, 21, 7).
cost(5, 22, 75).
cost(5, 23, 15).
cost(5, 24, 48).
cost(5, 25, 56).
cost(5, 26, 79).
cost(5, 27, 78).
cost(5, 28, 43).
cost(5, 29, 58).
cost(5, 30, 12).
cost(6, 1, 55).
cost(6, 2, 29).
cost(6, 3, 58).
cost(6, 4, 19).
cost(6, 5, 40).
cost(6, 7, 27).
cost(6, 8, 40).
cost(6, 9, 29).
cost(6, 10, 16).
cost(6, 11, 37).
cost(6, 12, 56).
cost(6, 13, 39).
cost(6, 14, 32).
cost(6, 15, 38).
cost(6, 16, 38).
cost(6, 17, 46).
cost(6, 18, 39).
cost(6, 19, 50).
cost(6, 20, 36).
cost(6, 21, 43).
cost(6, 22, 40).
cost(6, 23, 38).
cost(6, 24, 9).
cost(6, 25, 41).
cost(6, 26, 43).
cost(6, 27, 37).
cost(6, 28, 20).
cost(6, 29, 24).
cost(6, 30, 40).
cost(7, 1, 81).
cost(7, 2, 6).
cost(7, 3, 82).
cost(7, 4, 36).
cost(7, 5, 54).
cost(7, 6, 27).
cost(7, 8, 13).
cost(7, 9, 11).
cost(7, 10, 11).
cost(7, 11, 61).
cost(7, 12, 80).
cost(7, 13, 58).
cost(7, 14, 43).
cost(7, 15, 64).
cost(7, 16, 47).
cost(7, 17, 73).
cost(7, 18, 46).
cost(7, 19, 71).
cost(7, 20, 15).
cost(7, 21, 54).
cost(7, 22, 55).
cost(7, 23, 59).
cost(7, 24, 20).
cost(7, 25, 67).
cost(7, 26, 26).
cost(7, 27, 40).
cost(7, 28, 11).
cost(7, 29, 10).
cost(7, 30, 59).
cost(8, 1, 94).
cost(8, 2, 14).
cost(8, 3, 95).
cost(8, 4, 49).
cost(8, 5, 65).
cost(8, 6, 40).
cost(8, 7, 13).
cost(8, 9, 16).
cost(8, 10, 24).
cost(8, 11, 74).
cost(8, 12, 93).
cost(8, 13, 70).
cost(8, 14, 51).
cost(8, 15, 77).
cost(8, 16, 54).
cost(8, 17, 86).
cost(8, 18, 56).
cost(8, 19, 83).
cost(8, 20, 13).
cost(8, 21, 64).
cost(8, 22, 64).
cost(8, 23, 71).
cost(8, 24, 32).
cost(8, 25, 80).
cost(8, 26, 22).
cost(8, 27, 44).
cost(8, 28, 23).
cost(8, 29, 18).
cost(8, 30, 72).
cost(9, 1, 84).
cost(9, 2, 17).
cost(9, 3, 86).
cost(9, 4, 43).
cost(9, 5, 62).
cost(9, 6, 29).
cost(9, 7, 11).
cost(9, 8, 16).
cost(9, 10, 15).
cost(9, 11, 66).
cost(9, 12, 85).
cost(9, 13, 65).
cost(9, 14, 35).
cost(9, 15, 65).
cost(9, 16, 38).
cost(9, 17, 73).
cost(9, 18, 56).
cost(9, 19, 77).
cost(9, 20, 7).
cost(9, 21, 63).
cost(9, 22, 48).
cost(9, 23, 65).
cost(9, 24, 20).
cost(9, 25, 66).
cost(9, 26, 16).
cost(9, 27, 29).
cost(9, 28, 20).
cost(9, 29, 5).
cost(9, 30, 66).
cost(10, 1, 70).
cost(10, 2, 14).
cost(10, 3, 72).
cost(10, 4, 28).
cost(10, 5, 48).
cost(10, 6, 16).
cost(10, 7, 11).
cost(10, 8, 24).
cost(10, 9, 15).
cost(10, 11, 51).
cost(10, 12, 71).
cost(10, 13, 50).
cost(10, 14, 35).
cost(10, 15, 53).
cost(10, 16, 40).
cost(10, 17, 61).
cost(10, 18, 43).
cost(10, 19, 63).
cost(10, 20, 21).
cost(10, 21, 49).
cost(10, 22, 46).
cost(10, 23, 50).
cost(10, 24, 9).
cost(10, 25, 56).
cost(10, 26, 31).
cost(10, 27, 35).
cost(10, 28, 10).
cost(10, 29, 10).
cost(10, 30, 51).
cost(11, 1, 21).
cost(11, 2, 61).
cost(11, 3, 21).
cost(11, 4, 26).
cost(11, 5, 26).
cost(11, 6, 37).
cost(11, 7, 61).
cost(11, 8, 74).
cost(11, 9, 66).
cost(11, 10, 51).
cost(11, 12, 19).
cost(11, 13, 16).
cost(11, 14, 60).
cost(11, 15, 22).
cost(11, 16, 67).
cost(11, 17, 25).
cost(11, 18, 38).
cost(11, 19, 17).
cost(11, 20, 73).
cost(11, 21, 33).
cost(11, 22, 60).
cost(11, 23, 11).
cost(11, 24, 47).
cost(11, 25, 32).
cost(11, 26, 81).
cost(11, 27, 70).
cost(11, 28, 51).
cost(11, 29, 61).
cost(11, 30, 15).
cost(12, 1, 11).
cost(12, 2, 79).
cost(12, 3, 3).
cost(12, 4, 44).
cost(12, 5, 37).
cost(12, 6, 56).
cost(12, 7, 80).
cost(12, 8, 93).
cost(12, 9, 85).
cost(12, 10, 71).
cost(12, 11, 19).
cost(12, 13, 27).
cost(12, 14, 76).
cost(12, 15, 31).
cost(12, 16, 83).
cost(12, 17, 28).
cost(12, 18, 51).
cost(12, 19, 17).
cost(12, 20, 92).
cost(12, 21, 44).
cost(12, 22, 74).
cost(12, 23, 24).
cost(12, 24, 66).
cost(12, 25, 40).
cost(12, 26, 100).
cost(12, 27, 88).
cost(12, 28, 70).
cost(12, 29, 80).
cost(12, 30, 26).
cost(13, 1, 33).
cost(13, 2, 56).
cost(13, 3, 30).
cost(13, 4, 22).
cost(13, 5, 11).
cost(13, 6, 39).
cost(13, 7, 58).
cost(13, 8, 70).
cost(13, 9, 65).
cost(13, 10, 50).
cost(13, 11, 16).
cost(13, 12, 27).
cost(13, 14, 67).
cost(13, 15, 37).
cost(13, 16, 75).
cost(13, 17, 40).
cost(13, 18, 24).
cost(13, 19, 13).
cost(13, 20, 72).
cost(13, 21, 18).
cost(13, 22, 70).
cost(13, 23, 4).
cost(13, 24, 48).
cost(13, 25, 47).
cost(13, 26, 81).
cost(13, 27, 76).
cost(13, 28, 47).
cost(13, 29, 61).
cost(13, 30, 1).
cost(14, 1, 71).
cost(14, 2, 48).
cost(14, 3, 76).
cost(14, 4, 49).
cost(14, 5, 71).
cost(14, 6, 32).
cost(14, 7, 43).
cost(14, 8, 51).
cost(14, 9, 35).
cost(14, 10, 35).
cost(14, 11, 60).
cost(14, 12, 76).
cost(14, 13, 67).
cost(14, 15, 47).
cost(14, 16, 7).
cost(14, 17, 54).
cost(14, 18, 71).
cost(14, 19, 76).
cost(14, 20, 40).
cost(14, 21, 75).
cost(14, 22, 13).
cost(14, 23, 65).
cost(14, 24, 28).
cost(14, 25, 43).
cost(14, 26, 39).
cost(14, 27, 14).
cost(14, 28, 45).
cost(14, 29, 34).
cost(14, 30, 68).
cost(15, 1, 24).
cost(15, 2, 66).
cost(15, 3, 31).
cost(15, 4, 37).
cost(15, 5, 46).
cost(15, 6, 38).
cost(15, 7, 64).
cost(15, 8, 77).
cost(15, 9, 65).
cost(15, 10, 53).
cost(15, 11, 22).
cost(15, 12, 31).
cost(15, 13, 37).
cost(15, 14, 47).
cost(15, 16, 54).
cost(15, 17, 8).
cost(15, 18, 56).
cost(15, 19, 38).
cost(15, 20, 72).
cost(15, 21, 53).
cost(15, 22, 44).
cost(15, 23, 33).
cost(15, 24, 46).
cost(15, 25, 10).
cost(15, 26, 78).
cost(15, 27, 60).
cost(15, 28, 57).
cost(15, 29, 61).
cost(15, 30, 36).
cost(16, 1, 78).
cost(16, 2, 52).
cost(16, 3, 83).
cost(16, 4, 56).
cost(16, 5, 78).
cost(16, 6, 38).
cost(16, 7, 47).
cost(16, 8, 54).
cost(16, 9, 38).
cost(16, 10, 40).
cost(16, 11, 67).
cost(16, 12, 83).
cost(16, 13, 75).
cost(16, 14, 7).
cost(16, 15, 54).
cost(16, 17, 61).
cost(16, 18, 78).
cost(16, 19, 83).
cost(16, 20, 41).
cost(16, 21, 81).
cost(16, 22, 14).
cost(16, 23, 72).
cost(16, 24, 34).
cost(16, 25, 49).
cost(16, 26, 39).
cost(16, 27, 11).
cost(16, 28, 50).
cost(16, 29, 37).
cost(16, 30, 75).
cost(17, 1, 19).
cost(17, 2, 74).
cost(17, 3, 27).
cost(17, 4, 44).
cost(17, 5, 51).
cost(17, 6, 46).
cost(17, 7, 73).
cost(17, 8, 86).
cost(17, 9, 73).
cost(17, 10, 61).
cost(17, 11, 25).
cost(17, 12, 28).
cost(17, 13, 40).
cost(17, 14, 54).
cost(17, 15, 8).
cost(17, 16, 61).
cost(17, 18, 61).
cost(17, 19, 39).
cost(17, 20, 80).
cost(17, 21, 58).
cost(17, 22, 50).
cost(17, 23, 36).
cost(17, 24, 54).
cost(17, 25, 13).
cost(17, 26, 86).
cost(17, 27, 68).
cost(17, 28, 65).
cost(17, 29, 69).
cost(17, 30, 39).
cost(18, 1, 57).
cost(18, 2, 42).
cost(18, 3, 54).
cost(18, 4, 23).
cost(18, 5, 14).
cost(18, 6, 39).
cost(18, 7, 46).
cost(18, 8, 56).
cost(18, 9, 56).
cost(18, 10, 43).
cost(18, 11, 38).
cost(18, 12, 51).
cost(18, 13, 24).
cost(18, 14, 71).
cost(18, 15, 56).
cost(18, 16, 78).
cost(18, 17, 61).
cost(18, 19, 35).
cost(18, 20, 61).
cost(18, 21, 9).
cost(18, 22, 78).
cost(18, 23, 28).
cost(18, 24, 45).
cost(18, 25, 65).
cost(18, 26, 72).
cost(18, 27, 76).
cost(18, 28, 36).
cost(18, 29, 52).
cost(18, 30, 25).
cost(19, 1, 26).
cost(19, 2, 69).
cost(19, 3, 20).
cost(19, 4, 35).
cost(19, 5, 21).
cost(19, 6, 50).
cost(19, 7, 71).
cost(19, 8, 83).
cost(19, 9, 77).
cost(19, 10, 63).
cost(19, 11, 17).
cost(19, 12, 17).
cost(19, 13, 13).
cost(19, 14, 76).
cost(19, 15, 38).
cost(19, 16, 83).
cost(19, 17, 39).
cost(19, 18, 35).
cost(19, 20, 84).
cost(19, 21, 27).
cost(19, 22, 77).
cost(19, 23, 12).
cost(19, 24, 60).
cost(19, 25, 48).
cost(19, 26, 93).
cost(19, 27, 86).
cost(19, 28, 60).
cost(19, 29, 73).
cost(19, 30, 12).
cost(20, 1, 91).
cost(20, 2, 20).
cost(20, 3, 93).
cost(20, 4, 49).
cost(20, 5, 68).
cost(20, 6, 36).
cost(20, 7, 15).
cost(20, 8, 13).
cost(20, 9, 7).
cost(20, 10, 21).
cost(20, 11, 73).
cost(20, 12, 92).
cost(20, 13, 72).
cost(20, 14, 40).
cost(20, 15, 72).
cost(20, 16, 41).
cost(20, 17, 80).
cost(20, 18, 61).
cost(20, 19, 84).
cost(20, 21, 68).
cost(20, 22, 53).
cost(20, 23, 72).
cost(20, 24, 27).
cost(20, 25, 73).
cost(20, 26, 11).
cost(20, 27, 32).
cost(20, 28, 26).
cost(20, 29, 11).
cost(20, 30, 72).
cost(21, 1, 51).
cost(21, 2, 50).
cost(21, 3, 47).
cost(21, 4, 25).
cost(21, 5, 7).
cost(21, 6, 43).
cost(21, 7, 54).
cost(21, 8, 64).
cost(21, 9, 63).
cost(21, 10, 49).
cost(21, 11, 33).
cost(21, 12, 44).
cost(21, 13, 18).
cost(21, 14, 75).
cost(21, 15, 53).
cost(21, 16, 81).
cost(21, 17, 58).
cost(21, 18, 9).
cost(21, 19, 27).
cost(21, 20, 68).
cost(21, 22, 80).
cost(21, 23, 22).
cost(21, 24, 50).
cost(21, 25, 63).
cost(21, 26, 79).
cost(21, 27, 80).
cost(21, 28, 43).
cost(21, 29, 59).
cost(21, 30, 19).
cost(22, 1, 68).
cost(22, 2, 60).
cost(22, 3, 74).
cost(22, 4, 55).
cost(22, 5, 75).
cost(22, 6, 40).
cost(22, 7, 55).
cost(22, 8, 64).
cost(22, 9, 48).
cost(22, 10, 46).
cost(22, 11, 60).
cost(22, 12, 74).
cost(22, 13, 70).
cost(22, 14, 13).
cost(22, 15, 44).
cost(22, 16, 14).
cost(22, 17, 50).
cost(22, 18, 78).
cost(22, 19, 77).
cost(22, 20, 53).
cost(22, 21, 80).
cost(22, 23, 67).
cost(22, 24, 38).
cost(22, 25, 37).
cost(22, 26, 52).
cost(22, 27, 25).
cost(22, 28, 56).
cost(22, 29, 47).
cost(22, 30, 70).
cost(23, 1, 29).
cost(23, 2, 57).
cost(23, 3, 27).
cost(23, 4, 22).
cost(23, 5, 15).
cost(23, 6, 38).
cost(23, 7, 59).
cost(23, 8, 71).
cost(23, 9, 65).
cost(23, 10, 50).
cost(23, 11, 11).
cost(23, 12, 24).
cost(23, 13, 4).
cost(23, 14, 65).
cost(23, 15, 33).
cost(23, 16, 72).
cost(23, 17, 36).
cost(23, 18, 28).
cost(23, 19, 12).
cost(23, 20, 72).
cost(23, 21, 22).
cost(23, 22, 67).
cost(23, 24, 47).
cost(23, 25, 43).
cost(23, 26, 81).
cost(23, 27, 74).
cost(23, 28, 48).
cost(23, 29, 60).
cost(23, 30, 3).
cost(24, 1, 64).
cost(24, 2, 23).
cost(24, 3, 67).
cost(24, 4, 26).
cost(24, 5, 48).
cost(24, 6, 9).
cost(24, 7, 20).
cost(24, 8, 32).
cost(24, 9, 20).
cost(24, 10, 9).
cost(24, 11, 47).
cost(24, 12, 66).
cost(24, 13, 48).
cost(24, 14, 28).
cost(24, 15, 46).
cost(24, 16, 34).
cost(24, 17, 54).
cost(24, 18, 45).
cost(24, 19, 60).
cost(24, 20, 27).
cost(24, 21, 50).
cost(24, 22, 38).
cost(24, 23, 47).
cost(24, 25, 48).
cost(24, 26, 34).
cost(24, 27, 31).
cost(24, 28, 17).
cost(24, 29, 15).
cost(24, 30, 49).
cost(25, 1, 32).
cost(25, 2, 70).
cost(25, 3, 39).
cost(25, 4, 44).
cost(25, 5, 56).
cost(25, 6, 41).
cost(25, 7, 67).
cost(25, 8, 80).
cost(25, 9, 66).
cost(25, 10, 56).
cost(25, 11, 32).
cost(25, 12, 40).
cost(25, 13, 47).
cost(25, 14, 43).
cost(25, 15, 10).
cost(25, 16, 49).
cost(25, 17, 13).
cost(25, 18, 65).
cost(25, 19, 48).
cost(25, 20, 73).
cost(25, 21, 63).
cost(25, 22, 37).
cost(25, 23, 43).
cost(25, 24, 48).
cost(25, 26, 77).
cost(25, 27, 57).
cost(25, 28, 61).
cost(25, 29, 63).
cost(25, 30, 46).
cost(26, 1, 98).
cost(26, 2, 31).
cost(26, 3, 101).
cost(26, 4, 59).
cost(26, 5, 79).
cost(26, 6, 43).
cost(26, 7, 26).
cost(26, 8, 22).
cost(26, 9, 16).
cost(26, 10, 31).
cost(26, 11, 81).
cost(26, 12, 100).
cost(26, 13, 81).
cost(26, 14, 39).
cost(26, 15, 78).
cost(26, 16, 39).
cost(26, 17, 86).
cost(26, 18, 72).
cost(26, 19, 93).
cost(26, 20, 11).
cost(26, 21, 79).
cost(26, 22, 52).
cost(26, 23, 81).
cost(26, 24, 34).
cost(26, 25, 77).
cost(26, 27, 28).
cost(26, 28, 36).
cost(26, 29, 20).
cost(26, 30, 82).
cost(27, 1, 83).
cost(27, 2, 45).
cost(27, 3, 88).
cost(27, 4, 56).
cost(27, 5, 78).
cost(27, 6, 37).
cost(27, 7, 40).
cost(27, 8, 44).
cost(27, 9, 29).
cost(27, 10, 35).
cost(27, 11, 70).
cost(27, 12, 88).
cost(27, 13, 76).
cost(27, 14, 14).
cost(27, 15, 60).
cost(27, 16, 11).
cost(27, 17, 68).
cost(27, 18, 76).
cost(27, 19, 86).
cost(27, 20, 32).
cost(27, 21, 80).
cost(27, 22, 25).
cost(27, 23, 74).
cost(27, 24, 31).
cost(27, 25, 57).
cost(27, 26, 28).
cost(27, 28, 45).
cost(27, 29, 30).
cost(27, 30, 76).
cost(28, 1, 71).
cost(28, 2, 9).
cost(28, 3, 72).
cost(28, 4, 26).
cost(28, 5, 43).
cost(28, 6, 20).
cost(28, 7, 11).
cost(28, 8, 23).
cost(28, 9, 20).
cost(28, 10, 10).
cost(28, 11, 51).
cost(28, 12, 70).
cost(28, 13, 47).
cost(28, 14, 45).
cost(28, 15, 57).
cost(28, 16, 50).
cost(28, 17, 65).
cost(28, 18, 36).
cost(28, 19, 60).
cost(28, 20, 26).
cost(28, 21, 43).
cost(28, 22, 56).
cost(28, 23, 48).
cost(28, 24, 17).
cost(28, 25, 61).
cost(28, 26, 36).
cost(28, 27, 45).
cost(28, 29, 17).
cost(28, 30, 48).
cost(29, 1, 79).
cost(29, 2, 15).
cost(29, 3, 82).
cost(29, 4, 38).
cost(29, 5, 58).
cost(29, 6, 24).
cost(29, 7, 10).
cost(29, 8, 18).
cost(29, 9, 5).
cost(29, 10, 10).
cost(29, 11, 61).
cost(29, 12, 80).
cost(29, 13, 61).
cost(29, 14, 34).
cost(29, 15, 61).
cost(29, 16, 37).
cost(29, 17, 69).
cost(29, 18, 52).
cost(29, 19, 73).
cost(29, 20, 11).
cost(29, 21, 59).
cost(29, 22, 47).
cost(29, 23, 60).
cost(29, 24, 15).
cost(29, 25, 63).
cost(29, 26, 20).
cost(29, 27, 30).
cost(29, 28, 17).
cost(29, 30, 61).
cost(30, 1, 32).
cost(30, 2, 57).
cost(30, 3, 28).
cost(30, 4, 23).
cost(30, 5, 12).
cost(30, 6, 40).
cost(30, 7, 59).
cost(30, 8, 72).
cost(30, 9, 66).
cost(30, 10, 51).
cost(30, 11, 15).
cost(30, 12, 26).
cost(30, 13, 1).
cost(30, 14, 68).
cost(30, 15, 36).
cost(30, 16, 75).
cost(30, 17, 39).
cost(30, 18, 25).
cost(30, 19, 12).
cost(30, 20, 72).
cost(30, 21, 19).
cost(30, 22, 70).
cost(30, 23, 3).
cost(30, 24, 49).
cost(30, 25, 46).
cost(30, 26, 82).
cost(30, 27, 76).
cost(30, 28, 48).
cost(30, 29, 61).
