dimension(30).
point(1, 89.2259980604, 48.7010859077).
point(2, 84.9643749234, 58.1087975251).
point(3, 52.5888240485, 87.939263093).
point(4, 42.0383751852, 21.0521227706).
point(5, 96.2520518786, 56.5754789884).
point(6, 97.8044509632, 52.6236941201).
point(7, 10.7594149431, 40.8387487341).
point(8, 48.3021727958, 92.9412039129).
point(9, 63.4658551123, 76.878679672).
point(10, 32.3573841426, 26.349688233).
point(11, 83.0346678117, 71.390312526).
point(12, 51.7561580567, 8.7355123189).
point(13, 2.4578197161, 29.7250067297).
point(14, 80.0695672846, 56.7883420911).
point(15, 54.0328747546, 82.6419269729).
point(16, 44.8310530179, 37.5953773481).
point(17, 55.7219053157, 72.7027219197).
point(18, 17.661311895, 68.1292429695).
point(19, 24.1351032677, 32.800462766).
point(20, 86.1375728606, 70.6070386459).
point(21, 30.1205893404, 6.6252995223).
point(22, 5.4547673567, 42.6426717708).
point(23, 43.0712619573, 27.0050190737).
point(24, 47.1743651419, 96.290780608).
point(25, 25.3171601118, 13.3751066174).
point(26, 11.3888910812, 37.4643654138).
point(27, 92.748341321, 30.8948522618).
point(28, 99.1264537444, 68.4562707796).
point(29, 8.8667862308, 24.8067369742).
point(30, 48.9767076301, 1.9143267085).
cost(1, 2, 10).
cost(1, 3, 54).
cost(1, 4, 55).
cost(1, 5, 11).
cost(1, 6, 9).
cost(1, 7, 79).
cost(1, 8, 60).
cost(1, 9, 38).
cost(1, 10, 61).
cost(1, 11, 24).
cost(1, 12, 55).
cost(1, 13, 89).
cost(1, 14, 12).
cost(1, 15, 49).
cost(1, 16, 46).
cost(1, 17, 41).
cost(1, 18, 74).
cost(1, 19, 67).
cost(1, 20, 22).
cost(1, 21, 73).
cost(1, 22, 84).
cost(1, 23, 51).
cost(1, 24, 64).
cost(1, 25, 73).
cost(1, 26, 79).
cost(1, 27, 18).
cost(1, 28, 22).
cost(1, 29, 84).
cost(1, 30, 62).
cost(2, 1, 10).
cost(2, 3, 44).
cost(2, 4, 57).
cost(2, 5, 11).
cost(2, 6, 14).
cost(2, 7, 76).
cost(2, 8, 51).
cost(2, 9, 29).
cost(2, 10, 61).
cost(2, 11, 13).
cost(2, 12, 60).
cost(2, 13, 87).
cost(2, 14, 5).
cost(2, 15, 39).
cost(2, 16, 45).
cost(2, 17, 33).
cost(2, 18, 68).
cost(2, 19, 66).
cost(2, 20, 13).
cost(2, 21, 75).
cost(2, 22, 81).
cost(2, 23, 52).
cost(2, 24, 54).
cost(2, 25, 75).
cost(2, 26, 76).
cost(2, 27, 28).
cost(2, 28, 18).
cost(2, 29, 83).
cost(2, 30, 67).
cost(3, 1, 54).
cost(3, 2, 44).
cost(3, 4, 68).
cost(3, 5, 54).
cost(3, 6, 57).
cost(3, 7, 63).
cost(3, 8, 7).
cost(3, 9, 16).
cost(3, 10, 65).
cost(3, 11, 35).
cost(3, 12, 79).
cost(3, 13, 77).
cost(3, 14, 42).
cost(3, 15, 5).
cost(3, 16, 51).
cost(3, 17, 16).
cost(3, 18, 40).
cost(3, 19, 62).
cost(3, 20, 38).
cost(3, 21, 84).
cost(3, 22, 65).
cost(3, 23, 62).
cost(3, 24, 10).
cost(3, 25, 79).
cost(3, 26, 65).
cost(3, 27, 70).
cost(3, 28, 50).
cost(3, 29, 77).
cost(3, 30, 86).
cost(4, 1, 55).
cost(4, 2, 57).
cost(4, 3, 68).
cost(4, 5, 65).
cost(4, 6, 64).
cost(4, 7, 37).
cost(4, 8, 72).
cost(4, 9, 60).
cost(4, 10, 11).
cost(4, 11, 65).
cost(4, 12, 16).
cost(4, 13, 41).
cost(4, 14, 52).
cost(4, 15, 63).
cost(4, 16, 17).
cost(4, 17, 53).
cost(4, 18, 53).
cost(4, 19, 21).
cost(4, 20, 66).
cost(4, 21, 19).
cost(4, 22, 42).
cost(4, 23, 6).
cost(4, 24, 75).
cost(4, 25, 18).
cost(4, 26, 35).
cost(4, 27, 52).
cost(4, 28, 74).
cost(4, 29, 33).
cost(4, 30, 20).
cost(5, 1, 11).
cost(5, 2, 11).
cost(5, 3, 54).
cost(5, 4, 65).
cost(5, 6, 4).
cost(5, 7, 87).
cost(5, 8, 60).
cost(5, 9, 39).
cost(5, 10, 71).
cost(5, 11, 20).
cost(5, 12, 65).
cost(5, 13, 98).
cost(5, 14, 16).
cost(5, 15, 50).
cost(5, 16, 55).
cost(5, 17, 44).
cost(5, 18, 79).
cost(5, 19, 76).
cost(5, 20, 17).
cost(5, 21, 83).
cost(5, 22, 92).
cost(5, 23, 61).
cost(5, 24, 63).
cost(5, 25, 83).
cost(5, 26, 87).
cost(5, 27, 26).
cost(5, 28, 12).
cost(5, 29, 93).
cost(5, 30, 72).
cost(6, 1, 9).
cost(6, 2, 14).
cost(6, 3, 57).
cost(6, 4, 64).
cost(6, 5, 4).
cost(6, 7, 88).
cost(6, 8, 64).
cost(6, 9, 42).
cost(6, 10, 71).
cost(6, 11, 24).
cost(6, 12, 64).
cost(6, 13, 98).
cost(6, 14, 18).
cost(6, 15, 53).
cost(6, 16, 55).
cost(6, 17, 47).
cost(6, 18, 82).
cost(6, 19, 76).
cost(6, 20, 21).
cost(6, 21, 82).
cost(6, 22, 93).
cost(6, 23, 60).
cost(6, 24, 67).
cost(6, 25, 82).
cost(6, 26, 88).
cost(6, 27, 22).
cost(6, 28, 16).
cost(6, 29, 93).
cost(6, 30, 70).
cost(7, 1, 79).
cost(7, 2, 76).
cost(7, 3, 63).
cost(7, 4, 37).
cost(7, 5, 87).
cost(7, 6, 88).
cost(7, 8, 64).
cost(7, 9, 64).
cost(7, 10, 26).
cost(7, 11, 78).
cost(7, 12, 52).
cost(7, 13, 14).
cost(7, 14, 71).
cost(7, 15, 60).
cost(7, 16, 34).
cost(7, 17, 55).
cost(7, 18, 28).
cost(7, 19, 16).
cost(7, 20, 81).
cost(7, 21, 39).
cost(7, 22, 6).
cost(7, 23, 35).
cost(7, 24, 66).
cost(7, 25, 31).
cost(7, 26, 3).
cost(7, 27, 83).
cost(7, 28, 93).
cost(7, 29, 16).
cost(7, 30, 55).
cost(8, 1, 60).
cost(8, 2, 51).
cost(8, 3, 7).
cost(8, 4, 72).
cost(8, 5, 60).
cost(8, 6, 64).
cost(8, 7, 64).
cost(8, 9, 22).
cost(8, 10, 68).
cost(8, 11, 41).
cost(8, 12, 84).
cost(8, 13, 78).
cost(8, 14, 48).
cost(8, 15, 12).
cost(8, 16, 55).
cost(8, 17, 22).
cost(8, 18, 39).
cost(8, 19, 65).
cost(8, 20, 44).
cost(8, 21, 88).
cost(8, 22, 66).
cost(8, 23, 66).
cost(8, 24, 4).
cost(8, 25, 83).
cost(8, 26, 67).
cost(8, 27, 76).
cost(8, 28, 56).
cost(8, 29, 79).
cost(8, 30, 91).
cost(9, 1, 38).
cost(9, 2, 29).
cost(9, 3, 16).
cost(9, 4, 60).
cost(9, 5, 39).
cost(9, 6, 42).
cost(9, 7, 64).
cost(9, 8, 22).
cost(9, 10, 59).
cost(9, 11, 20).
cost(9, 12, 69).
cost(9, 13, 77).
cost(9, 14, 26).
cost(9, 15, 11).
cost(9, 16, 43).
cost(9, 17, 9).
cost(9, 18, 47).
cost(9, 19, 59).
cost(9, 20, 24).
cost(9, 21, 78).
cost(9, 22, 67).
cost(9, 23, 54).
cost(9, 24, 25).
cost(9, 25, 74).
cost(9, 26, 65).
cost(9, 27, 55).
cost(9, 28, 37).
cost(9, 29, 75).
cost(9, 30, 76).
cost(10, 1, 61).
cost(10, 2, 61).
cost(10, 3, 65).
cost(10, 4, 11).
cost(10, 5, 71).
cost(10, 6, 71).
cost(10, 7, 26).
cost(10, 8, 68).
cost(10, 9, 59).
cost(10, 11, 68).
cost(10, 12, 26).
cost(10, 13, 30).
cost(10, 14, 57).
cost(10, 15, 60).
cost(10, 16, 17).
cost(10, 17, 52).
cost(10, 18, 44).
cost(10, 19, 10).
cost(10, 20, 70).
cost(10, 21, 20).
cost(10, 22, 31).
cost(10, 23, 11).
cost(10, 24, 71).
cost(10, 25, 15).
cost(10, 26, 24).
cost(10, 27, 61).
cost(10, 28, 79).
cost(10, 29, 24).
cost(10, 30, 30).
cost(11, 1, 24).
cost(11, 2, 13).
cost(11, 3, 35).
cost(11, 4, 65).
cost(11, 5, 20).
cost(11, 6, 24).
cost(11, 7, 78).
cost(11, 8, 41).
cost(11, 9, 20).
cost(11, 10, 68).
cost(11, 12, 70).
cost(11, 13, 91).
cost(11, 14, 15).
cost(11, 15, 31).
cost(11, 16, 51).
cost(11, 17, 27).
cost(11, 18, 65).
cost(11, 19, 70).
cost(11, 20, 3).
cost(11, 21, 84).
cost(11, 22, 83).
cost(11, 23, 60).
cost(11, 24, 44).
cost(11, 25, 82).
cost(11, 26, 79).
cost(11, 27, 42).
cost(11, 28, 16).
cost(11, 29, 88).
cost(11, 30, 77).
cost(12, 1, 55).
cost(12, 2, 60).
cost(12, 3, 79).
cost(12, 4, 16).
cost(12, 5, 65).
cost(12, 6, 64).
cost(12, 7, 52).
cost(12, 8, 84).
cost(12, 9, 69).
cost(12, 10, 26).
cost(12, 11, 70).
cost(12, 13, 54).
cost(12, 14, 56).
cost(12, 15, 74).
cost(12, 16, 30).
cost(12, 17, 64).
cost(12, 18, 68).
cost(12, 19, 37).
cost(12, 20, 71).
cost(12, 21, 22).
cost(12, 22, 57).
cost(12, 23, 20).
cost(12, 24, 88).
cost(12, 25, 27).
cost(12, 26, 50).
cost(12, 27, 47).
cost(12, 28, 76).
cost(12, 29, 46).
cost(12, 30, 7).
cost(13, 1, 89).
cost(13, 2, 87).
cost(13, 3, 77).
cost(13, 4, 41).
cost(13, 5, 98).
cost(13, 6, 98).
cost(13, 7, 14).
cost(13, 8, 78).
cost(13, 9, 77).
cost(13, 10, 30).
cost(13, 11, 91).
cost(13, 12, 54).
cost(13, 14, 82).
cost(13, 15, 74).
cost(13, 16, 43).
cost(13, 17, 68).
cost(13, 18, 41).
cost(13, 19, 22).
cost(13, 20, 93).
cost(13, 21, 36).
cost(13, 22, 13).
cost(13, 23, 41).
cost(13, 24, 80).
cost(13, 25, 28).
cost(13, 26, 12).
cost(13, 27, 90).
cost(13, 28, 104).
cost(13, 29, 8).
cost(13, 30, 54).
cost(14, 1, 12).
cost(14, 2, 5).
cost(14, 3, 42).
cost(14, 4, 52).
cost(14, 5, 16).
cost(14, 6, 18).
cost(14, 7, 71).
cost(14, 8, 48).
cost(14, 9, 26).
cost(14, 10, 57).
cost(14, 11, 15).
cost(14, 12, 56).
cost(14, 13, 82).
cost(14, 15, 37).
cost(14, 16, 40).
cost(14, 17, 29).
cost(14, 18, 63).
cost(14, 19, 61).
cost(14, 20, 15).
cost(14, 21, 71).
cost(14, 22, 76).
cost(14, 23, 47).
cost(14, 24, 51).
cost(14, 25, 70).
cost(14, 26, 71).
cost(14, 27, 29).
cost(14, 28, 22).
cost(14, 29, 78).
cost(14, 30, 63).
cost(15, 1, 49).
cost(15, 2, 39).
cost(15, 3, 5).
cost(15, 4, 63).
cost(15, 5, 50).
cost(15, 6, 53).
cost(15, 7, 60).
cost(15, 8, 12).
cost(15, 9, 11).
cost(15, 10, 60).
cost(15, 11, 31).
cost(15, 12, 74).
cost(15, 13, 74).
cost(15, 14, 37).
cost(15, 16, 46).
cost(15, 17, 10).
cost(15, 18, 39).
cost(15, 19, 58).
cost(15, 20, 34).
cost(15, 21, 80).
cost(15, 22, 63).
cost(15, 23, 57).
cost(15, 24, 15).
cost(15, 25, 75).
cost(15, 26, 62).
cost(15, 27, 65).
cost(15, 28, 47).
cost(15, 29, 73).
cost(15, 30, 81).
cost(16, 1, 46).
cost(16, 2, 45).
cost(16, 3, 51).
cost(16, 4, 17).
cost(16, 5, 55).
cost(16, 6, 55).
cost(16, 7, 34).
cost(16, 8, 55).
cost(16, 9, 43).
cost(16, 10, 17).
cost(16, 11, 51).
cost(16, 12, 30).
cost(16, 13, 43).
cost(16, 14, 40).
cost(16, 15, 46).
cost(16, 17, 37).
cost(16, 18, 41).
cost(16, 19, 21).
cost(16, 20, 53).
cost(16, 21, 34).
cost(16, 22, 40).
cost(16, 23, 11).
cost(16, 24, 59).
cost(16, 25, 31).
cost(16, 26, 33).
cost(16, 27, 48).
cost(16, 28, 62).
cost(16, 29, 38).
cost(16, 30, 36).
cost(17, 1, 41).
cost(17, 2, 33).
cost(17, 3, 16).
cost(17, 4, 53).
cost(17, 5, 44).
cost(17, 6, 47).
cost(17, 7, 55).
cost(17, 8, 22).
cost(17, 9, 9).
cost(17, 10, 52).
cost(17, 11, 27).
cost(17, 12, 64).
cost(17, 13, 68).
cost(17, 14, 29).
cost(17, 15, 10).
cost(17, 16, 37).
cost(17, 18, 38).
cost(17, 19, 51).
cost(17, 20, 30).
cost(17, 21, 71).
cost(17, 22, 59).
cost(17, 23, 47).
cost(17, 24, 25).
cost(17, 25, 67).
cost(17, 26, 57).
cost(17, 27, 56).
cost(17, 28, 44).
cost(17, 29, 67).
cost(17, 30, 71).
cost(18, 1, 74).
cost(18, 2, 68).
cost(18, 3, 40).
cost(18, 4, 53).
cost(18, 5, 79).
cost(18, 6, 82).
cost(18, 7, 28).
cost(18, 8, 39).
cost(18, 9, 47).
cost(18, 10, 44).
cost(18, 11, 65).
cost(18, 12, 68).
cost(18, 13, 41).
cost(18, 14, 63).
cost(18, 15, 39).
cost(18, 16, 41).
cost(18, 17, 38).
cost(18, 19, 36).
cost(18, 20, 69).
cost(18, 21, 63).
cost(18, 22, 28).
cost(18, 23, 48).
cost(18, 24, 41).
cost(18, 25, 55).
cost(18, 26, 31).
cost(18, 27, 84).
cost(18, 28, 81).
cost(18, 29, 44).
cost(18, 30, 73).
cost(19, 1, 67).
cost(19, 2, 66).
cost(19, 3, 62).
cost(19, 4, 21).
cost(19, 5, 76).
cost(19, 6, 76).
cost(19, 7, 16).
cost(19, 8, 65).
cost(19, 9, 59).
cost(19, 10, 10).
cost(19, 11, 70).
cost(19, 12, 37).
cost(19, 13, 22).
cost(19, 14, 61).
cost(19, 15, 58).
cost(19, 16, 21).
cost(19, 17, 51).
cost(19, 18, 36).
cost(19, 20, 73).
cost(19, 21, 27).
cost(19, 22, 21).
cost(19, 23, 20).
cost(19, 24, 68).
cost(19, 25, 19).
cost(19, 26, 14).
cost(19, 27, 69).
cost(19, 28, 83).
cost(19, 29, 17).
cost(19, 30, 40).
cost(20, 1, 22).
cost(20, 2, 13).
cost(20, 3, 38).
cost(20, 4, 66).
cost(20, 5, 17).
cost(20, 6, 21).
cost(20, 7, 81).
cost(20, 8, 44).
cost(20, 9, 24).
cost(20, 10, 70).
cost(20, 11, 3).
cost(20, 12, 71).
cost(20, 13, 93).
cost(20, 14, 15).
cost(20, 15, 34).
cost(20, 16, 53).
cost(20, 17, 30).
cost(20, 18, 69).
cost(20, 19, 73).
cost(20, 21, 85).
cost(20, 22, 85).
cost(20, 23, 61).
cost(20, 24, 47).
cost(20, 25, 84).
cost(20, 26, 82).
cost(20, 27, 40).
cost(20, 28, 13).
cost(20, 29, 90).
cost(20, 30, 78).
cost(21, 1, 73).
cost(21, 2, 75).
cost(21, 3, 84).
cost(21, 4, 19).
cost(21, 5, 83).
cost(21, 6, 82).
cost(21, 7, 39).
cost(21, 8, 88).
cost(21, 9, 78).
cost(21, 10, 20).
cost(21, 11, 84).
cost(21, 12, 22).
cost(21, 13, 36).
cost(21, 14, 71).
cost(21, 15, 80).
cost(21, 16, 34).
cost(21, 17, 71).
cost(21, 18, 63).
cost(21, 19, 27).
cost(21, 20, 85).
cost(21, 22, 44).
cost(21, 23, 24).
cost(21, 24, 91).
cost(21, 25, 8).
cost(21, 26, 36).
cost(21, 27, 67).
cost(21, 28, 93).
cost(21, 29, 28).
cost(21, 30, 19).
cost(22, 1, 84).
cost(22, 2, 81).
cost(22, 3, 65).
cost(22, 4, 42).
cost(22, 5, 92).
cost(22, 6, 93).
cost(22, 7, 6).
cost(22, 8, 66).
cost(22, 9, 67).
cost(22, 10, 31).
cost(22, 11, 83).
cost(22, 12, 57).
cost(22, 13, 13).
cost(22, 14, 76).
cost(22, 15, 63).
cost(22, 16, 40).
cost(22, 17, 59).
cost(22, 18, 28).
cost(22, 19, 21).
cost(22, 20, 85).
cost(22, 21, 44).
cost(22, 23, 41).
cost(22, 24, 68).
cost(22, 25, 35).
cost(22, 26, 8).
cost(22, 27, 88).
cost(22, 28, 97).
cost(22, 29, 18).
cost(22, 30, 60).
cost(23, 1, 51).
cost(23, 2, 52).
cost(23, 3, 62).
cost(23, 4, 6).
cost(23, 5, 61).
cost(23, 6, 60).
cost(23, 7, 35).
cost(23, 8, 66).
cost(23, 9, 54).
cost(23, 10, 11).
cost(23, 11, 60).
cost(23, 12, 20).
cost(23, 13, 41).
cost(23, 14, 47).
cost(23, 15, 57).
cost(23, 16, 11).
cost(23, 17, 47).
cost(23, 18, 48).
cost(23, 19, 20).
cost(23, 20, 61).
cost(23, 21, 24).
cost(23, 22, 41).
cost(23, 24, 69).
cost(23, 25, 22).
cost(23, 26, 33).
cost(23, 27, 50).
cost(23, 28, 70).
cost(23, 29, 34).
cost(23, 30, 26).
cost(24, 1, 64).
cost(24, 2, 54).
cost(24, 3, 10).
cost(24, 4, 75).
cost(24, 5, 63).
cost(24, 6, 67).
cost(24, 7, 66).
cost(24, 8, 4).
cost(24, 9, 25).
cost(24, 10, 71).
cost(24, 11, 44).
cost(24, 12, 88).
cost(24, 13, 80).
cost(24, 14, 51).
cost(24, 15, 15).
cost(24, 16, 59).
cost(24, 17, 25).
cost(24, 18, 41).
cost(24, 19, 68).
cost(24, 20, 47).
cost(24, 21, 91).
cost(24, 22, 68).
cost(24, 23, 69).
cost(24, 25, 86).
cost(24, 26, 69).
cost(24, 27, 80).
cost(24, 28, 59).
cost(24, 29, 81).
cost(24, 30, 94).
cost(25, 1, 73).
cost(25, 2, 75).
cost(25, 3, 79).
cost(25, 4, 18).
cost(25, 5, 83).
cost(25, 6, 82).
cost(25, 7, 31).
cost(25, 8, 83).
cost(25, 9, 74).
cost(25, 10, 15).
cost(25, 11, 82).
cost(25, 12, 27).
cost(25, 13, 28).
cost(25, 14, 70).
cost(25, 15, 75).
cost(25, 16, 31).
cost(25, 17, 67).
cost(25, 18, 55).
cost(25, 19, 19).
cost(25, 20, 84).
cost(25, 21, 8).
cost(25, 22, 35).
cost(25, 23, 22).
cost(25, 24, 86).
cost(25, 26, 28).
cost(25, 27, 70).
cost(25, 28, 92).
cost(25, 29, 20).
cost(25, 30, 26).
cost(26, 1, 79).
cost(26, 2, 76).
cost(26, 3, 65).
cost(26, 4, 35).
cost(26, 5, 87).
cost(26, 6, 88).
cost(26, 7, 3).
cost(26, 8, 67).
cost(26, 9, 65).
cost(26, 10, 24).
cost(26, 11, 79).
cost(26, 12, 50).
cost(26, 13, 12).
cost(26, 14, 71).
cost(26, 15, 62).
cost(26, 16, 33).
cost(26, 17, 57).
cost(26, 18, 31).
cost(26, 19, 14).
cost(26, 20, 82).
cost(26, 21, 36).
cost(26, 22, 8).
cost(26, 23, 33).
cost(26, 24, 69).
cost(26, 25, 28).
cost(26, 27, 82).
cost(26, 28, 93).
cost(26, 29, 13).
cost(26, 30, 52).
cost(27, 1, 18).
cost(27, 2, 28).
cost(27, 3, 70).
cost(27, 4, 52).
cost(27, 5, 26).
cost(27, 6, 22).
cost(27, 7, 83).
cost(27, 8, 76).
cost(27, 9, 55).
cost(27, 10, 61).
cost(27, 11, 42).
cost(27, 12, 47).
cost(27, 13, 90).
cost(27, 14, 29).
cost(27, 15, 65).
cost(27, 16, 48).
cost(27, 17, 56).
cost(27, 18, 84).
cost(27, 19, 69).
cost(27, 20, 40).
cost(27, 21, 67).
cost(27, 22, 88).
cost(27, 23, 50).
cost(27, 24, 80).
cost(27, 25, 70).
cost(27, 26, 82).
cost(27, 28, 38).
cost(27, 29, 84).
cost(27, 30, 52).
cost(28, 1, 22).
cost(28, 2, 18).
cost(28, 3, 50).
cost(28, 4, 74).
cost(28, 5, 12).
cost(28, 6, 16).
cost(28, 7, 93).
cost(28, 8, 56).
cost(28, 9, 37).
cost(28, 10, 79).
cost(28, 11, 16).
cost(28, 12, 76).
cost(28, 13, 104).
cost(28, 14, 22).
cost(28, 15, 47).
cost(28, 16, 62).
cost(28, 17, 44).
cost(28, 18, 81).
cost(28, 19, 83).
cost(28, 20, 13).
cost(28, 21, 93).
cost(28, 22, 97).
cost(28, 23, 70).
cost(28, 24, 59).
cost(28, 25, 92).
cost(28, 26, 93).
cost(28, 27, 38).
cost(28, 29, 100).
cost(28, 30, 83).
cost(29, 1, 84).
cost(29, 2, 83).
cost(29, 3, 77).
cost(29, 4, 33).
cost(29, 5, 93).
cost(29, 6, 93).
cost(29, 7, 16).
cost(29, 8, 79).
cost(29, 9, 75).
cost(29, 10, 24).
cost(29, 11, 88).
cost(29, 12, 46).
cost(29, 13, 8).
cost(29, 14, 78).
cost(29, 15, 73).
cost(29, 16, 38).
cost(29, 17, 67).
cost(29, 18, 44).
cost(29, 19, 17).
cost(29, 20, 90).
cost(29, 21, 28).
cost(29, 22, 18).
cost(29, 23, 34).
cost(29, 24, 81).
cost(29, 25, 20).
cost(29, 26, 13).
cost(29, 27, 84).
cost(29, 28, 100).
cost(29, 30, 46).
cost(30, 1, 62).
cost(30, 2, 67).
cost(30, 3, 86).
cost(30, 4, 20).
cost(30, 5, 72).
cost(30, 6, 70).
cost(30, 7, 55).
cost(30, 8, 91).
cost(30, 9, 76).
cost(30, 10, 30).
cost(30, 11, 77).
cost(30, 12, 7).
cost(30, 13, 54).
cost(30, 14, 63).
cost(30, 15, 81).
cost(30, 16, 36).
cost(30, 17, 71).
cost(30, 18, 73).
cost(30, 19, 40).
cost(30, 20, 78).
cost(30, 21, 19).
cost(30, 22, 60).
cost(30, 23, 26).
cost(30, 24, 94).
cost(30, 25, 26).
cost(30, 26, 52).
cost(30, 27, 52).
cost(30, 28, 83).
cost(30, 29, 46).
