dimension(30).
point(1, 23.1624894992, 32.6783736531).
point(2, 66.660032792, 18.1518070846).
point(3, 99.4281755059, 41.2646245445).
point(4, 68.2743897252, 13.2680427799).
point(5, 51.4845683165, 80.7369108121).
point(6, 78.9959261769, 1.95513852).
point(7, 42.6040373862, 70.9429130172).
point(8, 84.0872846119, 3.8003070213).
point(9, 62.9078649507, 6.7789256345).
point(10, 32.7095026244, 51.0918120199).
point(11, 97.1533291184, 15.4543625645).
point(12, 71.2947185139, 34.4375398303).
point(13, 44.027867654, 51.0904616291).
point(14, 89.9966505268, 1.7795402593).
point(15, 31.460599576, 38.0262483142).
point(16, 6.3587645372, 34.101987712).
point(17, 60.5316254981, 11.6193792931).
point(18, 16.5033987866, 43.0748063786).
point(19, 72.0873098831, 21.3158921255).
point(20, 27.1347269411, 39.9647585045).
point(21, 15.0426818517, 68.6515826885).
point(22, 27.1540516776, 63.701399677).
point(23, 41.9762786521, 59.3825549036).
point(24, 80.7225699953, 34.8033881495).
point(25, 81.0236957852, 16.0396174775).
point(26, 90.066230199, 36.7988736058).
point(27, 34.2333978202, 73.2170839113).
point(28, 99.7768281921, 25.1917349695).
point(29, 14.6811203939, 24.6684332236).
point(30, 17.870978031, 29.8809217163).
cost(1, 2, 46).
cost(1, 3, 77).
cost(1, 4, 49).
cost(1, 5, 56).
cost(1, 6, 64).
cost(1, 7, 43).
cost(1, 8, 67).
cost(1, 9, 47).
cost(1, 10, 21).
cost(1, 11, 76).
cost(1, 12, 48).
cost(1, 13, 28).
cost(1, 14, 74).
cost(1, 15, 10).
cost(1, 16, 17).
cost(1, 17, 43).
cost(1, 18, 12).
cost(1, 19, 50).
cost(1, 20, 8).
cost(1, 21, 37).
cost(1, 22, 31).
cost(1, 23, 33).
cost(1, 24, 58).
cost(1, 25, 60).
cost(1, 26, 67).
cost(1, 27, 42).
cost(1, 28, 77).
cost(1, 29, 12).
cost(1, 30, 6).
cost(2, 1, 46).
cost(2, 3, 40).
cost(2, 4, 5).
cost(2, 5, 64).
cost(2, 6, 20).
cost(2, 7, 58).
cost(2, 8, 23).
cost(2, 9, 12).
cost(2, 10, 47).
cost(2, 11, 31).
cost(2, 12, 17).
cost(2, 13, 40).
cost(2, 14, 29).
cost(2, 15, 40).
cost(2, 16, 62).
cost(2, 17, 9).
cost(2, 18, 56).
cost(2, 19, 6).
cost(2, 20, 45).
cost(2, 21, 72).
cost(2, 22, 60).
cost(2, 23, 48).
cost(2, 24, 22).
cost(2, 25, 15).
cost(2, 26, 30).
cost(2, 27, 64).
cost(2, 28, 34).
cost(2, 29, 52).
cost(2, 30, 50).
cost(3, 1, 77).
cost(3, 2, 40).
cost(3, 4, 42).
cost(3, 5, 62).
cost(3, 6, 44).
cost(3, 7, 64).
cost(3, 8, 40).
cost(3, 9, 50).
cost(3, 10, 67).
cost(3, 11, 26).
cost(3, 12, 29).
cost(3, 13, 56).
cost(3, 14, 41).
cost(3, 15, 68).
cost(3, 16, 93).
cost(3, 17, 49).
cost(3, 18, 83).
cost(3, 19, 34).
cost(3, 20, 72).
cost(3, 21, 89).
cost(3, 22, 76).
cost(3, 23, 60).
cost(3, 24, 20).
cost(3, 25, 31).
cost(3, 26, 10).
cost(3, 27, 73).
cost(3, 28, 16).
cost(3, 29, 86).
cost(3, 30, 82).
cost(4, 1, 49).
cost(4, 2, 5).
cost(4, 3, 42).
cost(4, 5, 70).
cost(4, 6, 16).
cost(4, 7, 63).
cost(4, 8, 18).
cost(4, 9, 8).
cost(4, 10, 52).
cost(4, 11, 29).
cost(4, 12, 21).
cost(4, 13, 45).
cost(4, 14, 25).
cost(4, 15, 44).
cost(4, 16, 65).
cost(4, 17, 8).
cost(4, 18, 60).
cost(4, 19, 9).
cost(4, 20, 49).
cost(4, 21, 77).
cost(4, 22, 65).
cost(4, 23, 53).
cost(4, 24, 25).
cost(4, 25, 13).
cost(4, 26, 32).
cost(4, 27, 69).
cost(4, 28, 34).
cost(4, 29, 55).
cost(4, 30, 53).
cost(5, 1, 56).
cost(5, 2, 64).
cost(5, 3, 62).
cost(5, 4, 70).
cost(5, 6, 83).
cost(5, 7, 13).
cost(5, 8, 84).
cost(5, 9, 75).
cost(5, 10, 35).
cost(5, 11, 80).
cost(5, 12, 50).
cost(5, 13, 31).
cost(5, 14, 88).
cost(5, 15, 47).
cost(5, 16, 65).
cost(5, 17, 70).
cost(5, 18, 51).
cost(5, 19, 63).
cost(5, 20, 47).
cost(5, 21, 38).
cost(5, 22, 30).
cost(5, 23, 23).
cost(5, 24, 54).
cost(5, 25, 71).
cost(5, 26, 58).
cost(5, 27, 19).
cost(5, 28, 74).
cost(5, 29, 67).
cost(5, 30, 61).
cost(6, 1, 64).
cost(6, 2, 20).
cost(6, 3, 44).
cost(6, 4, 16).
cost(6, 5, 83).
cost(6, 7, 78).
cost(6, 8, 5).
cost(6, 9, 17).
cost(6, 10, 68).
cost(6, 11, 23).
cost(6, 12, 33).
cost(6, 13, 60).
cost(6, 14, 11).
cost(6, 15, 60).
cost(6, 16, 79).
cost(6, 17, 21).
cost(6, 18, 75).
cost(6, 19, 21).
cost(6, 20, 64).
cost(6, 21, 92).
cost(6, 22, 81).
cost(6, 23, 68).
cost(6, 24, 33).
cost(6, 25, 14).
cost(6, 26, 37).
cost(6, 27, 84).
cost(6, 28, 31).
cost(6, 29, 68).
cost(6, 30, 67).
cost(7, 1, 43).
cost(7, 2, 58).
cost(7, 3, 64).
cost(7, 4, 63).
cost(7, 5, 13).
cost(7, 6, 78).
cost(7, 8, 79).
cost(7, 9, 67).
cost(7, 10, 22).
cost(7, 11, 78).
cost(7, 12, 46).
cost(7, 13, 20).
cost(7, 14, 84).
cost(7, 15, 35).
cost(7, 16, 52).
cost(7, 17, 62).
cost(7, 18, 38).
cost(7, 19, 58).
cost(7, 20, 35).
cost(7, 21, 28).
cost(7, 22, 17).
cost(7, 23, 12).
cost(7, 24, 53).
cost(7, 25, 67).
cost(7, 26, 58).
cost(7, 27, 9).
cost(7, 28, 73).
cost(7, 29, 54).
cost(7, 30, 48).
cost(8, 1, 67).
cost(8, 2, 23).
cost(8, 3, 40).
cost(8, 4, 18).
cost(8, 5, 84).
cost(8, 6, 5).
cost(8, 7, 79).
cost(8, 9, 21).
cost(8, 10, 70).
cost(8, 11, 18).
cost(8, 12, 33).
cost(8, 13, 62).
cost(8, 14, 6).
cost(8, 15, 63).
cost(8, 16, 83).
cost(8, 17, 25).
cost(8, 18, 78).
cost(8, 19, 21).
cost(8, 20, 67).
cost(8, 21, 95).
cost(8, 22, 83).
cost(8, 23, 70).
cost(8, 24, 31).
cost(8, 25, 13).
cost(8, 26, 34).
cost(8, 27, 85).
cost(8, 28, 27).
cost(8, 29, 72).
cost(8, 30, 71).
cost(9, 1, 47).
cost(9, 2, 12).
cost(9, 3, 50).
cost(9, 4, 8).
cost(9, 5, 75).
cost(9, 6, 17).
cost(9, 7, 67).
cost(9, 8, 21).
cost(9, 10, 54).
cost(9, 11, 35).
cost(9, 12, 29).
cost(9, 13, 48).
cost(9, 14, 28).
cost(9, 15, 44).
cost(9, 16, 63).
cost(9, 17, 5).
cost(9, 18, 59).
cost(9, 19, 17).
cost(9, 20, 49).
cost(9, 21, 78).
cost(9, 22, 67).
cost(9, 23, 57).
cost(9, 24, 33).
cost(9, 25, 20).
cost(9, 26, 40).
cost(9, 27, 72).
cost(9, 28, 41).
cost(9, 29, 51).
cost(9, 30, 51).
cost(10, 1, 21).
cost(10, 2, 47).
cost(10, 3, 67).
cost(10, 4, 52).
cost(10, 5, 35).
cost(10, 6, 68).
cost(10, 7, 22).
cost(10, 8, 70).
cost(10, 9, 54).
cost(10, 11, 74).
cost(10, 12, 42).
cost(10, 13, 11).
cost(10, 14, 76).
cost(10, 15, 13).
cost(10, 16, 31).
cost(10, 17, 48).
cost(10, 18, 18).
cost(10, 19, 49).
cost(10, 20, 12).
cost(10, 21, 25).
cost(10, 22, 14).
cost(10, 23, 12).
cost(10, 24, 51).
cost(10, 25, 60).
cost(10, 26, 59).
cost(10, 27, 22).
cost(10, 28, 72).
cost(10, 29, 32).
cost(10, 30, 26).
cost(11, 1, 76).
cost(11, 2, 31).
cost(11, 3, 26).
cost(11, 4, 29).
cost(11, 5, 80).
cost(11, 6, 23).
cost(11, 7, 78).
cost(11, 8, 18).
cost(11, 9, 35).
cost(11, 10, 74).
cost(11, 12, 32).
cost(11, 13, 64).
cost(11, 14, 15).
cost(11, 15, 69).
cost(11, 16, 93).
cost(11, 17, 37).
cost(11, 18, 85).
cost(11, 19, 26).
cost(11, 20, 74).
cost(11, 21, 98).
cost(11, 22, 85).
cost(11, 23, 71).
cost(11, 24, 25).
cost(11, 25, 16).
cost(11, 26, 22).
cost(11, 27, 85).
cost(11, 28, 10).
cost(11, 29, 83).
cost(11, 30, 81).
cost(12, 1, 48).
cost(12, 2, 17).
cost(12, 3, 29).
cost(12, 4, 21).
cost(12, 5, 50).
cost(12, 6, 33).
cost(12, 7, 46).
cost(12, 8, 33).
cost(12, 9, 29).
cost(12, 10, 42).
cost(12, 11, 32).
cost(12, 13, 32).
cost(12, 14, 38).
cost(12, 15, 40).
cost(12, 16, 65).
cost(12, 17, 25).
cost(12, 18, 55).
cost(12, 19, 13).
cost(12, 20, 45).
cost(12, 21, 66).
cost(12, 22, 53).
cost(12, 23, 38).
cost(12, 24, 9).
cost(12, 25, 21).
cost(12, 26, 19).
cost(12, 27, 54).
cost(12, 28, 30).
cost(12, 29, 57).
cost(12, 30, 54).
cost(13, 1, 28).
cost(13, 2, 40).
cost(13, 3, 56).
cost(13, 4, 45).
cost(13, 5, 31).
cost(13, 6, 60).
cost(13, 7, 20).
cost(13, 8, 62).
cost(13, 9, 48).
cost(13, 10, 11).
cost(13, 11, 64).
cost(13, 12, 32).
cost(13, 14, 67).
cost(13, 15, 18).
cost(13, 16, 41).
cost(13, 17, 43).
cost(13, 18, 29).
cost(13, 19, 41).
cost(13, 20, 20).
cost(13, 21, 34).
cost(13, 22, 21).
cost(13, 23, 9).
cost(13, 24, 40).
cost(13, 25, 51).
cost(13, 26, 48).
cost(13, 27, 24).
cost(13, 28, 61).
cost(13, 29, 39).
cost(13, 30, 34).
cost(14, 1, 74).
cost(14, 2, 29).
cost(14, 3, 41).
cost(14, 4, 25).
cost(14, 5, 88).
cost(14, 6, 11).
cost(14, 7, 84).
cost(14, 8, 6).
cost(14, 9, 28).
cost(14, 10, 76).
cost(14, 11, 15).
cost(14, 12, 38).
cost(14, 13, 67).
cost(14, 15, 69).
cost(14, 16, 90).
cost(14, 17, 31).
cost(14, 18, 84).
cost(14, 19, 27).
cost(14, 20, 74).
cost(14, 21, 100).
cost(14, 22, 88).
cost(14, 23, 75).
cost(14, 24, 34).
cost(14, 25, 17).
cost(14, 26, 35).
cost(14, 27, 91).
cost(14, 28, 25).
cost(14, 29, 79).
cost(14, 30, 77).
cost(15, 1, 10).
cost(15, 2, 40).
cost(15, 3, 68).
cost(15, 4, 44).
cost(15, 5, 47).
cost(15, 6, 60).
cost(15, 7, 35).
cost(15, 8, 63).
cost(15, 9, 44).
cost(15, 10, 13).
cost(15, 11, 69).
cost(15, 12, 40).
cost(15, 13, 18).
cost(15, 14, 69).
cost(15, 16, 25).
cost(15, 17, 39).
cost(15, 18, 16).
cost(15, 19, 44).
cost(15, 20, 5).
cost(15, 21, 35).
cost(15, 22, 26).
cost(15, 23, 24).
cost(15, 24, 49).
cost(15, 25, 54).
cost(15, 26, 59).
cost(15, 27, 35).
cost(15, 28, 70).
cost(15, 29, 21).
cost(15, 30, 16).
cost(16, 1, 17).
cost(16, 2, 62).
cost(16, 3, 93).
cost(16, 4, 65).
cost(16, 5, 65).
cost(16, 6, 79).
cost(16, 7, 52).
cost(16, 8, 83).
cost(16, 9, 63).
cost(16, 10, 31).
cost(16, 11, 93).
cost(16, 12, 65).
cost(16, 13, 41).
cost(16, 14, 90).
cost(16, 15, 25).
cost(16, 17, 59).
cost(16, 18, 14).
cost(16, 19, 67).
cost(16, 20, 22).
cost(16, 21, 36).
cost(16, 22, 36).
cost(16, 23, 44).
cost(16, 24, 74).
cost(16, 25, 77).
cost(16, 26, 84).
cost(16, 27, 48).
cost(16, 28, 94).
cost(16, 29, 13).
cost(16, 30, 12).
cost(17, 1, 43).
cost(17, 2, 9).
cost(17, 3, 49).
cost(17, 4, 8).
cost(17, 5, 70).
cost(17, 6, 21).
cost(17, 7, 62).
cost(17, 8, 25).
cost(17, 9, 5).
cost(17, 10, 48).
cost(17, 11, 37).
cost(17, 12, 25).
cost(17, 13, 43).
cost(17, 14, 31).
cost(17, 15, 39).
cost(17, 16, 59).
cost(17, 18, 54).
cost(17, 19, 15).
cost(17, 20, 44).
cost(17, 21, 73).
cost(17, 22, 62).
cost(17, 23, 51).
cost(17, 24, 31).
cost(17, 25, 21).
cost(17, 26, 39).
cost(17, 27, 67).
cost(17, 28, 42).
cost(17, 29, 48).
cost(17, 30, 46).
cost(18, 1, 12).
cost(18, 2, 56).
cost(18, 3, 83).
cost(18, 4, 60).
cost(18, 5, 51).
cost(18, 6, 75).
cost(18, 7, 38).
cost(18, 8, 78).
cost(18, 9, 59).
cost(18, 10, 18).
cost(18, 11, 85).
cost(18, 12, 55).
cost(18, 13, 29).
cost(18, 14, 84).
cost(18, 15, 16).
cost(18, 16, 14).
cost(18, 17, 54).
cost(18, 19, 60).
cost(18, 20, 11).
cost(18, 21, 26).
cost(18, 22, 23).
cost(18, 23, 30).
cost(18, 24, 65).
cost(18, 25, 70).
cost(18, 26, 74).
cost(18, 27, 35).
cost(18, 28, 85).
cost(18, 29, 18).
cost(18, 30, 13).
cost(19, 1, 50).
cost(19, 2, 6).
cost(19, 3, 34).
cost(19, 4, 9).
cost(19, 5, 63).
cost(19, 6, 21).
cost(19, 7, 58).
cost(19, 8, 21).
cost(19, 9, 17).
cost(19, 10, 49).
cost(19, 11, 26).
cost(19, 12, 13).
cost(19, 13, 41).
cost(19, 14, 27).
cost(19, 15, 44).
cost(19, 16, 67).
cost(19, 17, 15).
cost(19, 18, 60).
cost(19, 20, 49).
cost(19, 21, 74).
cost(19, 22, 62).
cost(19, 23, 49).
cost(19, 24, 16).
cost(19, 25, 10).
cost(19, 26, 24).
cost(19, 27, 64).
cost(19, 28, 28).
cost(19, 29, 58).
cost(19, 30, 55).
cost(20, 1, 8).
cost(20, 2, 45).
cost(20, 3, 72).
cost(20, 4, 49).
cost(20, 5, 47).
cost(20, 6, 64).
cost(20, 7, 35).
cost(20, 8, 67).
cost(20, 9, 49).
cost(20, 10, 12).
cost(20, 11, 74).
cost(20, 12, 45).
cost(20, 13, 20).
cost(20, 14, 74).
cost(20, 15, 5).
cost(20, 16, 22).
cost(20, 17, 44).
cost(20, 18, 11).
cost(20, 19, 49).
cost(20, 21, 31).
cost(20, 22, 24).
cost(20, 23, 24).
cost(20, 24, 54).
cost(20, 25, 59).
cost(20, 26, 63).
cost(20, 27, 34).
cost(20, 28, 74).
cost(20, 29, 20).
cost(20, 30, 14).
cost(21, 1, 37).
cost(21, 2, 72).
cost(21, 3, 89).
cost(21, 4, 77).
cost(21, 5, 38).
cost(21, 6, 92).
cost(21, 7, 28).
cost(21, 8, 95).
cost(21, 9, 78).
cost(21, 10, 25).
cost(21, 11, 98).
cost(21, 12, 66).
cost(21, 13, 34).
cost(21, 14, 100).
cost(21, 15, 35).
cost(21, 16, 36).
cost(21, 17, 73).
cost(21, 18, 26).
cost(21, 19, 74).
cost(21, 20, 31).
cost(21, 22, 13).
cost(21, 23, 28).
cost(21, 24, 74).
cost(21, 25, 84).
cost(21, 26, 82).
cost(21, 27, 20).
cost(21, 28, 95).
cost(21, 29, 44).
cost(21, 30, 39).
cost(22, 1, 31).
cost(22, 2, 60).
cost(22, 3, 76).
cost(22, 4, 65).
cost(22, 5, 30).
cost(22, 6, 81).
cost(22, 7, 17).
cost(22, 8, 83).
cost(22, 9, 67).
cost(22, 10, 14).
cost(22, 11, 85).
cost(22, 12, 53).
cost(22, 13, 21).
cost(22, 14, 88).
cost(22, 15, 26).
cost(22, 16, 36).
cost(22, 17, 62).
cost(22, 18, 23).
cost(22, 19, 62).
cost(22, 20, 24).
cost(22, 21, 13).
cost(22, 23, 15).
cost(22, 24, 61).
cost(22, 25, 72).
cost(22, 26, 68).
cost(22, 27, 12).
cost(22, 28, 82).
cost(22, 29, 41).
cost(22, 30, 35).
cost(23, 1, 33).
cost(23, 2, 48).
cost(23, 3, 60).
cost(23, 4, 53).
cost(23, 5, 23).
cost(23, 6, 68).
cost(23, 7, 12).
cost(23, 8, 70).
cost(23, 9, 57).
cost(23, 10, 12).
cost(23, 11, 71).
cost(23, 12, 38).
cost(23, 13, 9).
cost(23, 14, 75).
cost(23, 15, 24).
cost(23, 16, 44).
cost(23, 17, 51).
cost(23, 18, 30).
cost(23, 19, 49).
cost(23, 20, 24).
cost(23, 21, 28).
cost(23, 22, 15).
cost(23, 24, 46).
cost(23, 25, 58).
cost(23, 26, 53).
cost(23, 27, 16).
cost(23, 28, 67).
cost(23, 29, 44).
cost(23, 30, 38).
cost(24, 1, 58).
cost(24, 2, 22).
cost(24, 3, 20).
cost(24, 4, 25).
cost(24, 5, 54).
cost(24, 6, 33).
cost(24, 7, 53).
cost(24, 8, 31).
cost(24, 9, 33).
cost(24, 10, 51).
cost(24, 11, 25).
cost(24, 12, 9).
cost(24, 13, 40).
cost(24, 14, 34).
cost(24, 15, 49).
cost(24, 16, 74).
cost(24, 17, 31).
cost(24, 18, 65).
cost(24, 19, 16).
cost(24, 20, 54).
cost(24, 21, 74).
cost(24, 22, 61).
cost(24, 23, 46).
cost(24, 25, 19).
cost(24, 26, 10).
cost(24, 27, 60).
cost(24, 28, 21).
cost(24, 29, 67).
cost(24, 30, 63).
cost(25, 1, 60).
cost(25, 2, 15).
cost(25, 3, 31).
cost(25, 4, 13).
cost(25, 5, 71).
cost(25, 6, 14).
cost(25, 7, 67).
cost(25, 8, 13).
cost(25, 9, 20).
cost(25, 10, 60).
cost(25, 11, 16).
cost(25, 12, 21).
cost(25, 13, 51).
cost(25, 14, 17).
cost(25, 15, 54).
cost(25, 16, 77).
cost(25, 17, 21).
cost(25, 18, 70).
cost(25, 19, 10).
cost(25, 20, 59).
cost(25, 21, 84).
cost(25, 22, 72).
cost(25, 23, 58).
cost(25, 24, 19).
cost(25, 26, 23).
cost(25, 27, 74).
cost(25, 28, 21).
cost(25, 29, 67).
cost(25, 30, 65).
cost(26, 1, 67).
cost(26, 2, 30).
cost(26, 3, 10).
cost(26, 4, 32).
cost(26, 5, 58).
cost(26, 6, 37).
cost(26, 7, 58).
cost(26, 8, 34).
cost(26, 9, 40).
cost(26, 10, 59).
cost(26, 11, 22).
cost(26, 12, 19).
cost(26, 13, 48).
cost(26, 14, 35).
cost(26, 15, 59).
cost(26, 16, 84).
cost(26, 17, 39).
cost(26, 18, 74).
cost(26, 19, 24).
cost(26, 20, 63).
cost(26, 21, 82).
cost(26, 22, 68).
cost(26, 23, 53).
cost(26, 24, 10).
cost(26, 25, 23).
cost(26, 27, 67).
cost(26, 28, 15).
cost(26, 29, 76).
cost(26, 30, 73).
cost(27, 1, 42).
cost(27, 2, 64).
cost(27, 3, 73).
cost(27, 4, 69).
cost(27, 5, 19).
cost(27, 6, 84).
cost(27, 7, 9).
cost(27, 8, 85).
cost(27, 9, 72).
cost(27, 10, 22).
cost(27, 11, 85).
cost(27, 12, 54).
cost(27, 13, 24).
cost(27, 14, 91).
cost(27, 15, 35).
cost(27, 16, 48).
cost(27, 17, 67).
cost(27, 18, 35).
cost(27, 19, 64).
cost(27, 20, 34).
cost(27, 21, 20).
cost(27, 22, 12).
cost(27, 23, 16).
cost(27, 24, 60).
cost(27, 25, 74).
cost(27, 26, 67).
cost(27, 28, 81).
cost(27, 29, 52).
cost(27, 30, 46).
cost(28, 1, 77).
cost(28, 2, 34).
cost(28, 3, 16).
cost(28, 4, 34).
cost(28, 5, 74).
cost(28, 6, 31).
cost(28, 7, 73).
cost(28, 8, 27).
cost(28, 9, 41).
cost(28, 10, 72).
cost(28, 11, 10).
cost(28, 12, 30).
cost(28, 13, 61).
cost(28, 14, 25).
cost(28, 15, 70).
cost(28, 16, 94).
cost(28, 17, 42).
cost(28, 18, 85).
cost(28, 19, 28).
cost(28, 20, 74).
cost(28, 21, 95).
cost(28, 22, 82).
cost(28, 23, 67).
cost(28, 24, 21).
cost(28, 25, 21).
cost(28, 26, 15).
cost(28, 27, 81).
cost(28, 29, 85).
cost(28, 30, 82).
cost(29, 1, 12).
cost(29, 2, 52).
cost(29, 3, 86).
cost(29, 4, 55).
cost(29, 5, 67).
cost(29, 6, 68).
cost(29, 7, 54).
cost(29, 8, 72).
cost(29, 9, 51).
cost(29, 10, 32).
cost(29, 11, 83).
cost(29, 12, 57).
cost(29, 13, 39).
cost(29, 14, 79).
cost(29, 15, 21).
cost(29, 16, 13).
cost(29, 17, 48).
cost(29, 18, 18).
cost(29, 19, 58).
cost(29, 20, 20).
cost(29, 21, 44).
cost(29, 22, 41).
cost(29, 23, 44).
cost(29, 24, 67).
cost(29, 25, 67).
cost(29, 26, 76).
cost(29, 27, 52).
cost(29, 28, 85).
cost(29, 30, 6).
cost(30, 1, 6).
cost(30, 2, 50).
cost(30, 3, 82).
cost(30, 4, 53).
cost(30, 5, 61).
cost(30, 6, 67).
cost(30, 7, 48).
cost(30, 8, 71).
cost(30, 9, 51).
cost(30, 10, 26).
cost(30, 11, 81).
cost(30, 12, 54).
cost(30, 13, 34).
cost(30, 14, 77).
cost(30, 15, 16).
cost(30, 16, 12).
cost(30, 17, 46).
cost(30, 18, 13).
cost(30, 19, 55).
cost(30, 20, 14).
cost(30, 21, 39).
cost(30, 22, 35).
cost(30, 23, 38).
cost(30, 24, 63).
cost(30, 25, 65).
cost(30, 26, 73).
cost(30, 27, 46).
cost(30, 28, 82).
cost(30, 29, 6).
