dimension(30).
point(1, 49.8660519721, 24.7855752658).
point(2, 31.0519520573, 85.3693380211).
point(3, 46.3450466309, 92.1816869017).
point(4, 61.5070542949, 47.9732752642).
point(5, 8.8036891656, 59.0257269161).
point(6, 86.5904318112, 50.1766643036).
point(7, 65.8272044707, 29.9242251074).
point(8, 82.580910602, 13.0940734571).
point(9, 34.1410671425, 81.3348068575).
point(10, 27.5470055096, 98.3362640568).
point(11, 58.1370347901, 24.0026775679).
point(12, 19.9905459446, 77.5233494028).
point(13, 60.3236924268, 11.1286242479).
point(14, 69.2091062309, 29.5963300726).
point(15, 18.1668619201, 83.67727242).
point(16, 69.3812203249, 14.6155386787).
point(17, 65.2404125118, 36.1919657325).
point(18, 24.7992123939, 97.0567681841).
point(19, 41.851317168, 78.4181631497).
point(20, 75.6520200767, 4.9684881149).
point(21, 38.239729056, 83.8069565233).
point(22, 45.8978617177, 96.6481997543).
point(23, 25.7333105034, 73.7983542518).
point(24, 29.1289566958, 19.8109789836).
point(25, 54.2241339182, 1.7042892243).
point(26, 91.8906470139, 0.1151192802).
point(27, 26.5666881598, 85.4987930675).
point(28, 34.9956827772, 87.4857040863).
point(29, 48.2585333803, 39.5925304342).
point(30, 37.0873387421, 95.5093110603).
cost(1, 2, 63).
cost(1, 3, 67).
cost(1, 4, 26).
cost(1, 5, 53).
cost(1, 6, 45).
cost(1, 7, 17).
cost(1, 8, 35).
cost(1, 9, 59).
cost(1, 10, 77).
cost(1, 11, 8).
cost(1, 12, 61).
cost(1, 13, 17).
cost(1, 14, 20).
cost(1, 15, 67).
cost(1, 16, 22).
cost(1, 17, 19).
cost(1, 18, 76).
cost(1, 19, 54).
cost(1, 20, 33).
cost(1, 21, 60).
cost(1, 22, 72).
cost(1, 23, 55).
cost(1, 24, 21).
cost(1, 25, 23).
cost(1, 26, 49).
cost(1, 27, 65).
cost(1, 28, 64).
cost(1, 29, 15).
cost(1, 30, 72).
cost(2, 1, 63).
cost(2, 3, 17).
cost(2, 4, 48).
cost(2, 5, 34).
cost(2, 6, 66).
cost(2, 7, 65).
cost(2, 8, 89).
cost(2, 9, 5).
cost(2, 10, 13).
cost(2, 11, 67).
cost(2, 12, 14).
cost(2, 13, 80).
cost(2, 14, 68).
cost(2, 15, 13).
cost(2, 16, 80).
cost(2, 17, 60).
cost(2, 18, 13).
cost(2, 19, 13).
cost(2, 20, 92).
cost(2, 21, 7).
cost(2, 22, 19).
cost(2, 23, 13).
cost(2, 24, 66).
cost(2, 25, 87).
cost(2, 26, 105).
cost(2, 27, 4).
cost(2, 28, 4).
cost(2, 29, 49).
cost(2, 30, 12).
cost(3, 1, 67).
cost(3, 2, 17).
cost(3, 4, 47).
cost(3, 5, 50).
cost(3, 6, 58).
cost(3, 7, 65).
cost(3, 8, 87).
cost(3, 9, 16).
cost(3, 10, 20).
cost(3, 11, 69).
cost(3, 12, 30).
cost(3, 13, 82).
cost(3, 14, 67).
cost(3, 15, 29).
cost(3, 16, 81).
cost(3, 17, 59).
cost(3, 18, 22).
cost(3, 19, 14).
cost(3, 20, 92).
cost(3, 21, 12).
cost(3, 22, 4).
cost(3, 23, 28).
cost(3, 24, 74).
cost(3, 25, 91).
cost(3, 26, 103).
cost(3, 27, 21).
cost(3, 28, 12).
cost(3, 29, 53).
cost(3, 30, 10).
cost(4, 1, 26).
cost(4, 2, 48).
cost(4, 3, 47).
cost(4, 5, 54).
cost(4, 6, 25).
cost(4, 7, 19).
cost(4, 8, 41).
cost(4, 9, 43).
cost(4, 10, 61).
cost(4, 11, 24).
cost(4, 12, 51).
cost(4, 13, 37).
cost(4, 14, 20).
cost(4, 15, 56).
cost(4, 16, 34).
cost(4, 17, 12).
cost(4, 18, 61).
cost(4, 19, 36).
cost(4, 20, 45).
cost(4, 21, 43).
cost(4, 22, 51).
cost(4, 23, 44).
cost(4, 24, 43).
cost(4, 25, 47).
cost(4, 26, 57).
cost(4, 27, 51).
cost(4, 28, 48).
cost(4, 29, 16).
cost(4, 30, 53).
cost(5, 1, 53).
cost(5, 2, 34).
cost(5, 3, 50).
cost(5, 4, 54).
cost(5, 6, 78).
cost(5, 7, 64).
cost(5, 8, 87).
cost(5, 9, 34).
cost(5, 10, 44).
cost(5, 11, 61).
cost(5, 12, 22).
cost(5, 13, 70).
cost(5, 14, 67).
cost(5, 15, 26).
cost(5, 16, 75).
cost(5, 17, 61).
cost(5, 18, 41).
cost(5, 19, 38).
cost(5, 20, 86).
cost(5, 21, 38).
cost(5, 22, 53).
cost(5, 23, 22).
cost(5, 24, 44).
cost(5, 25, 73).
cost(5, 26, 102).
cost(5, 27, 32).
cost(5, 28, 39).
cost(5, 29, 44).
cost(5, 30, 46).
cost(6, 1, 45).
cost(6, 2, 66).
cost(6, 3, 58).
cost(6, 4, 25).
cost(6, 5, 78).
cost(6, 7, 29).
cost(6, 8, 37).
cost(6, 9, 61).
cost(6, 10, 76).
cost(6, 11, 39).
cost(6, 12, 72).
cost(6, 13, 47).
cost(6, 14, 27).
cost(6, 15, 76).
cost(6, 16, 40).
cost(6, 17, 26).
cost(6, 18, 78).
cost(6, 19, 53).
cost(6, 20, 47).
cost(6, 21, 59).
cost(6, 22, 62).
cost(6, 23, 65).
cost(6, 24, 65).
cost(6, 25, 58).
cost(6, 26, 50).
cost(6, 27, 70).
cost(6, 28, 64).
cost(6, 29, 40).
cost(6, 30, 67).
cost(7, 1, 17).
cost(7, 2, 65).
cost(7, 3, 65).
cost(7, 4, 19).
cost(7, 5, 64).
cost(7, 6, 29).
cost(7, 8, 24).
cost(7, 9, 60).
cost(7, 10, 78).
cost(7, 11, 10).
cost(7, 12, 66).
cost(7, 13, 20).
cost(7, 14, 3).
cost(7, 15, 72).
cost(7, 16, 16).
cost(7, 17, 6).
cost(7, 18, 79).
cost(7, 19, 54).
cost(7, 20, 27).
cost(7, 21, 61).
cost(7, 22, 70).
cost(7, 23, 59).
cost(7, 24, 38).
cost(7, 25, 31).
cost(7, 26, 40).
cost(7, 27, 68).
cost(7, 28, 65).
cost(7, 29, 20).
cost(7, 30, 72).
cost(8, 1, 35).
cost(8, 2, 89).
cost(8, 3, 87).
cost(8, 4, 41).
cost(8, 5, 87).
cost(8, 6, 37).
cost(8, 7, 24).
cost(8, 9, 84).
cost(8, 10, 101).
cost(8, 11, 27).
cost(8, 12, 90).
cost(8, 13, 22).
cost(8, 14, 21).
cost(8, 15, 96).
cost(8, 16, 13).
cost(8, 17, 29).
cost(8, 18, 102).
cost(8, 19, 77).
cost(8, 20, 11).
cost(8, 21, 83).
cost(8, 22, 91).
cost(8, 23, 83).
cost(8, 24, 54).
cost(8, 25, 31).
cost(8, 26, 16).
cost(8, 27, 92).
cost(8, 28, 88).
cost(8, 29, 43).
cost(8, 30, 94).
cost(9, 1, 59).
cost(9, 2, 5).
cost(9, 3, 16).
cost(9, 4, 43).
cost(9, 5, 34).
cost(9, 6, 61).
cost(9, 7, 60).
cost(9, 8, 84).
cost(9, 10, 18).
cost(9, 11, 62).
cost(9, 12, 15).
cost(9, 13, 75).
cost(9, 14, 63).
cost(9, 15, 16).
cost(9, 16, 75).
cost(9, 17, 55).
cost(9, 18, 18).
cost(9, 19, 8).
cost(9, 20, 87).
cost(9, 21, 5).
cost(9, 22, 19).
cost(9, 23, 11).
cost(9, 24, 62).
cost(9, 25, 82).
cost(9, 26, 100).
cost(9, 27, 9).
cost(9, 28, 6).
cost(9, 29, 44).
cost(9, 30, 14).
cost(10, 1, 77).
cost(10, 2, 13).
cost(10, 3, 20).
cost(10, 4, 61).
cost(10, 5, 44).
cost(10, 6, 76).
cost(10, 7, 78).
cost(10, 8, 101).
cost(10, 9, 18).
cost(10, 11, 80).
cost(10, 12, 22).
cost(10, 13, 93).
cost(10, 14, 80).
cost(10, 15, 17).
cost(10, 16, 94).
cost(10, 17, 73).
cost(10, 18, 3).
cost(10, 19, 25).
cost(10, 20, 105).
cost(10, 21, 18).
cost(10, 22, 18).
cost(10, 23, 25).
cost(10, 24, 79).
cost(10, 25, 100).
cost(10, 26, 117).
cost(10, 27, 13).
cost(10, 28, 13).
cost(10, 29, 62).
cost(10, 30, 10).
cost(11, 1, 8).
cost(11, 2, 67).
cost(11, 3, 69).
cost(11, 4, 24).
cost(11, 5, 61).
cost(11, 6, 39).
cost(11, 7, 10).
cost(11, 8, 27).
cost(11, 9, 62).
cost(11, 10, 80).
cost(11, 12, 66).
cost(11, 13, 13).
cost(11, 14, 12).
cost(11, 15, 72).
cost(11, 16, 15).
cost(11, 17, 14).
cost(11, 18, 80).
cost(11, 19, 57).
cost(11, 20, 26).
cost(11, 21, 63).
cost(11, 22, 74).
cost(11, 23, 59).
cost(11, 24, 29).
cost(11, 25, 23).
cost(11, 26, 41).
cost(11, 27, 69).
cost(11, 28, 68).
cost(11, 29, 18).
cost(11, 30, 75).
cost(12, 1, 61).
cost(12, 2, 14).
cost(12, 3, 30).
cost(12, 4, 51).
cost(12, 5, 22).
cost(12, 6, 72).
cost(12, 7, 66).
cost(12, 8, 90).
cost(12, 9, 15).
cost(12, 10, 22).
cost(12, 11, 66).
cost(12, 13, 78).
cost(12, 14, 69).
cost(12, 15, 6).
cost(12, 16, 80).
cost(12, 17, 61).
cost(12, 18, 20).
cost(12, 19, 22).
cost(12, 20, 91).
cost(12, 21, 19).
cost(12, 22, 32).
cost(12, 23, 7).
cost(12, 24, 58).
cost(12, 25, 83).
cost(12, 26, 106).
cost(12, 27, 10).
cost(12, 28, 18).
cost(12, 29, 47).
cost(12, 30, 25).
cost(13, 1, 17).
cost(13, 2, 80).
cost(13, 3, 82).
cost(13, 4, 37).
cost(13, 5, 70).
cost(13, 6, 47).
cost(13, 7, 20).
cost(13, 8, 22).
cost(13, 9, 75).
cost(13, 10, 93).
cost(13, 11, 13).
cost(13, 12, 78).
cost(13, 14, 20).
cost(13, 15, 84).
cost(13, 16, 10).
cost(13, 17, 26).
cost(13, 18, 93).
cost(13, 19, 70).
cost(13, 20, 17).
cost(13, 21, 76).
cost(13, 22, 87).
cost(13, 23, 72).
cost(13, 24, 32).
cost(13, 25, 11).
cost(13, 26, 33).
cost(13, 27, 82).
cost(13, 28, 80).
cost(13, 29, 31).
cost(13, 30, 88).
cost(14, 1, 20).
cost(14, 2, 68).
cost(14, 3, 67).
cost(14, 4, 20).
cost(14, 5, 67).
cost(14, 6, 27).
cost(14, 7, 3).
cost(14, 8, 21).
cost(14, 9, 63).
cost(14, 10, 80).
cost(14, 11, 12).
cost(14, 12, 69).
cost(14, 13, 20).
cost(14, 15, 74).
cost(14, 16, 15).
cost(14, 17, 8).
cost(14, 18, 81).
cost(14, 19, 56).
cost(14, 20, 25).
cost(14, 21, 62).
cost(14, 22, 71).
cost(14, 23, 62).
cost(14, 24, 41).
cost(14, 25, 32).
cost(14, 26, 37).
cost(14, 27, 70).
cost(14, 28, 67).
cost(14, 29, 23).
cost(14, 30, 73).
cost(15, 1, 67).
cost(15, 2, 13).
cost(15, 3, 29).
cost(15, 4, 56).
cost(15, 5, 26).
cost(15, 6, 76).
cost(15, 7, 72).
cost(15, 8, 96).
cost(15, 9, 16).
cost(15, 10, 17).
cost(15, 11, 72).
cost(15, 12, 6).
cost(15, 13, 84).
cost(15, 14, 74).
cost(15, 16, 86).
cost(15, 17, 67).
cost(15, 18, 15).
cost(15, 19, 24).
cost(15, 20, 97).
cost(15, 21, 20).
cost(15, 22, 31).
cost(15, 23, 12).
cost(15, 24, 65).
cost(15, 25, 90).
cost(15, 26, 111).
cost(15, 27, 9).
cost(15, 28, 17).
cost(15, 29, 53).
cost(15, 30, 22).
cost(16, 1, 22).
cost(16, 2, 80).
cost(16, 3, 81).
cost(16, 4, 34).
cost(16, 5, 75).
cost(16, 6, 40).
cost(16, 7, 16).
cost(16, 8, 13).
cost(16, 9, 75).
cost(16, 10, 94).
cost(16, 11, 15).
cost(16, 12, 80).
cost(16, 13, 10).
cost(16, 14, 15).
cost(16, 15, 86).
cost(16, 17, 22).
cost(16, 18, 94).
cost(16, 19, 69).
cost(16, 20, 12).
cost(16, 21, 76).
cost(16, 22, 85).
cost(16, 23, 74).
cost(16, 24, 41).
cost(16, 25, 20).
cost(16, 26, 27).
cost(16, 27, 83).
cost(16, 28, 81).
cost(16, 29, 33).
cost(16, 30, 87).
cost(17, 1, 19).
cost(17, 2, 60).
cost(17, 3, 59).
cost(17, 4, 12).
cost(17, 5, 61).
cost(17, 6, 26).
cost(17, 7, 6).
cost(17, 8, 29).
cost(17, 9, 55).
cost(17, 10, 73).
cost(17, 11, 14).
cost(17, 12, 61).
cost(17, 13, 26).
cost(17, 14, 8).
cost(17, 15, 67).
cost(17, 16, 22).
cost(17, 18, 73).
cost(17, 19, 48).
cost(17, 20, 33).
cost(17, 21, 55).
cost(17, 22, 63).
cost(17, 23, 55).
cost(17, 24, 40).
cost(17, 25, 36).
cost(17, 26, 45).
cost(17, 27, 63).
cost(17, 28, 60).
cost(17, 29, 17).
cost(17, 30, 66).
cost(18, 1, 76).
cost(18, 2, 13).
cost(18, 3, 22).
cost(18, 4, 61).
cost(18, 5, 41).
cost(18, 6, 78).
cost(18, 7, 79).
cost(18, 8, 102).
cost(18, 9, 18).
cost(18, 10, 3).
cost(18, 11, 80).
cost(18, 12, 20).
cost(18, 13, 93).
cost(18, 14, 81).
cost(18, 15, 15).
cost(18, 16, 94).
cost(18, 17, 73).
cost(18, 19, 25).
cost(18, 20, 105).
cost(18, 21, 19).
cost(18, 22, 21).
cost(18, 23, 23).
cost(18, 24, 77).
cost(18, 25, 100).
cost(18, 26, 118).
cost(18, 27, 12).
cost(18, 28, 14).
cost(18, 29, 62).
cost(18, 30, 12).
cost(19, 1, 54).
cost(19, 2, 13).
cost(19, 3, 14).
cost(19, 4, 36).
cost(19, 5, 38).
cost(19, 6, 53).
cost(19, 7, 54).
cost(19, 8, 77).
cost(19, 9, 8).
cost(19, 10, 25).
cost(19, 11, 57).
cost(19, 12, 22).
cost(19, 13, 70).
cost(19, 14, 56).
cost(19, 15, 24).
cost(19, 16, 69).
cost(19, 17, 48).
cost(19, 18, 25).
cost(19, 20, 81).
cost(19, 21, 6).
cost(19, 22, 19).
cost(19, 23, 17).
cost(19, 24, 60).
cost(19, 25, 78).
cost(19, 26, 93).
cost(19, 27, 17).
cost(19, 28, 11).
cost(19, 29, 39).
cost(19, 30, 18).
cost(20, 1, 33).
cost(20, 2, 92).
cost(20, 3, 92).
cost(20, 4, 45).
cost(20, 5, 86).
cost(20, 6, 47).
cost(20, 7, 27).
cost(20, 8, 11).
cost(20, 9, 87).
cost(20, 10, 105).
cost(20, 11, 26).
cost(20, 12, 91).
cost(20, 13, 17).
cost(20, 14, 25).
cost(20, 15, 97).
cost(20, 16, 12).
cost(20, 17, 33).
cost(20, 18, 105).
cost(20, 19, 81).
cost(20, 21, 87).
cost(20, 22, 96).
cost(20, 23, 85).
cost(20, 24, 49).
cost(20, 25, 22).
cost(20, 26, 17).
cost(20, 27, 94).
cost(20, 28, 92).
cost(20, 29, 44).
cost(20, 30, 98).
cost(21, 1, 60).
cost(21, 2, 7).
cost(21, 3, 12).
cost(21, 4, 43).
cost(21, 5, 38).
cost(21, 6, 59).
cost(21, 7, 61).
cost(21, 8, 83).
cost(21, 9, 5).
cost(21, 10, 18).
cost(21, 11, 63).
cost(21, 12, 19).
cost(21, 13, 76).
cost(21, 14, 62).
cost(21, 15, 20).
cost(21, 16, 76).
cost(21, 17, 55).
cost(21, 18, 19).
cost(21, 19, 6).
cost(21, 20, 87).
cost(21, 22, 15).
cost(21, 23, 16).
cost(21, 24, 65).
cost(21, 25, 84).
cost(21, 26, 99).
cost(21, 27, 12).
cost(21, 28, 5).
cost(21, 29, 45).
cost(21, 30, 12).
cost(22, 1, 72).
cost(22, 2, 19).
cost(22, 3, 4).
cost(22, 4, 51).
cost(22, 5, 53).
cost(22, 6, 62).
cost(22, 7, 70).
cost(22, 8, 91).
cost(22, 9, 19).
cost(22, 10, 18).
cost(22, 11, 74).
cost(22, 12, 32).
cost(22, 13, 87).
cost(22, 14, 71).
cost(22, 15, 31).
cost(22, 16, 85).
cost(22, 17, 63).
cost(22, 18, 21).
cost(22, 19, 19).
cost(22, 20, 96).
cost(22, 21, 15).
cost(22, 23, 30).
cost(22, 24, 79).
cost(22, 25, 95).
cost(22, 26, 107).
cost(22, 27, 22).
cost(22, 28, 14).
cost(22, 29, 57).
cost(22, 30, 9).
cost(23, 1, 55).
cost(23, 2, 13).
cost(23, 3, 28).
cost(23, 4, 44).
cost(23, 5, 22).
cost(23, 6, 65).
cost(23, 7, 59).
cost(23, 8, 83).
cost(23, 9, 11).
cost(23, 10, 25).
cost(23, 11, 59).
cost(23, 12, 7).
cost(23, 13, 72).
cost(23, 14, 62).
cost(23, 15, 12).
cost(23, 16, 74).
cost(23, 17, 55).
cost(23, 18, 23).
cost(23, 19, 17).
cost(23, 20, 85).
cost(23, 21, 16).
cost(23, 22, 30).
cost(23, 24, 54).
cost(23, 25, 78).
cost(23, 26, 99).
cost(23, 27, 12).
cost(23, 28, 17).
cost(23, 29, 41).
cost(23, 30, 25).
cost(24, 1, 21).
cost(24, 2, 66).
cost(24, 3, 74).
cost(24, 4, 43).
cost(24, 5, 44).
cost(24, 6, 65).
cost(24, 7, 38).
cost(24, 8, 54).
cost(24, 9, 62).
cost(24, 10, 79).
cost(24, 11, 29).
cost(24, 12, 58).
cost(24, 13, 32).
cost(24, 14, 41).
cost(24, 15, 65).
cost(24, 16, 41).
cost(24, 17, 40).
cost(24, 18, 77).
cost(24, 19, 60).
cost(24, 20, 49).
cost(24, 21, 65).
cost(24, 22, 79).
cost(24, 23, 54).
cost(24, 25, 31).
cost(24, 26, 66).
cost(24, 27, 66).
cost(24, 28, 68).
cost(24, 29, 28).
cost(24, 30, 76).
cost(25, 1, 23).
cost(25, 2, 87).
cost(25, 3, 91).
cost(25, 4, 47).
cost(25, 5, 73).
cost(25, 6, 58).
cost(25, 7, 31).
cost(25, 8, 31).
cost(25, 9, 82).
cost(25, 10, 100).
cost(25, 11, 23).
cost(25, 12, 83).
cost(25, 13, 11).
cost(25, 14, 32).
cost(25, 15, 90).
cost(25, 16, 20).
cost(25, 17, 36).
cost(25, 18, 100).
cost(25, 19, 78).
cost(25, 20, 22).
cost(25, 21, 84).
cost(25, 22, 95).
cost(25, 23, 78).
cost(25, 24, 31).
cost(25, 26, 38).
cost(25, 27, 88).
cost(25, 28, 88).
cost(25, 29, 38).
cost(25, 30, 95).
cost(26, 1, 49).
cost(26, 2, 105).
cost(26, 3, 103).
cost(26, 4, 57).
cost(26, 5, 102).
cost(26, 6, 50).
cost(26, 7, 40).
cost(26, 8, 16).
cost(26, 9, 100).
cost(26, 10, 117).
cost(26, 11, 41).
cost(26, 12, 106).
cost(26, 13, 33).
cost(26, 14, 37).
cost(26, 15, 111).
cost(26, 16, 27).
cost(26, 17, 45).
cost(26, 18, 118).
cost(26, 19, 93).
cost(26, 20, 17).
cost(26, 21, 99).
cost(26, 22, 107).
cost(26, 23, 99).
cost(26, 24, 66).
cost(26, 25, 38).
cost(26, 27, 108).
cost(26, 28, 104).
cost(26, 29, 59).
cost(26, 30, 110).
cost(27, 1, 65).
cost(27, 2, 4).
cost(27, 3, 21).
cost(27, 4, 51).
cost(27, 5, 32).
cost(27, 6, 70).
cost(27, 7, 68).
cost(27, 8, 92).
cost(27, 9, 9).
cost(27, 10, 13).
cost(27, 11, 69).
cost(27, 12, 10).
cost(27, 13, 82).
cost(27, 14, 70).
cost(27, 15, 9).
cost(27, 16, 83).
cost(27, 17, 63).
cost(27, 18, 12).
cost(27, 19, 17).
cost(27, 20, 94).
cost(27, 21, 12).
cost(27, 22, 22).
cost(27, 23, 12).
cost(27, 24, 66).
cost(27, 25, 88).
cost(27, 26, 108).
cost(27, 28, 9).
cost(27, 29, 51).
cost(27, 30, 15).
cost(28, 1, 64).
cost(28, 2, 4).
cost(28, 3, 12).
cost(28, 4, 48).
cost(28, 5, 39).
cost(28, 6, 64).
cost(28, 7, 65).
cost(28, 8, 88).
cost(28, 9, 6).
cost(28, 10, 13).
cost(28, 11, 68).
cost(28, 12, 18).
cost(28, 13, 80).
cost(28, 14, 67).
cost(28, 15, 17).
cost(28, 16, 81).
cost(28, 17, 60).
cost(28, 18, 14).
cost(28, 19, 11).
cost(28, 20, 92).
cost(28, 21, 5).
cost(28, 22, 14).
cost(28, 23, 17).
cost(28, 24, 68).
cost(28, 25, 88).
cost(28, 26, 104).
cost(28, 27, 9).
cost(28, 29, 50).
cost(28, 30, 8).
cost(29, 1, 15).
cost(29, 2, 49).
cost(29, 3, 53).
cost(29, 4, 16).
cost(29, 5, 44).
cost(29, 6, 40).
cost(29, 7, 20).
cost(29, 8, 43).
cost(29, 9, 44).
cost(29, 10, 62).
cost(29, 11, 18).
cost(29, 12, 47).
cost(29, 13, 31).
cost(29, 14, 23).
cost(29, 15, 53).
cost(29, 16, 33).
cost(29, 17, 17).
cost(29, 18, 62).
cost(29, 19, 39).
cost(29, 20, 44).
cost(29, 21, 45).
cost(29, 22, 57).
cost(29, 23, 41).
cost(29, 24, 28).
cost(29, 25, 38).
cost(29, 26, 59).
cost(29, 27, 51).
cost(29, 28, 50).
cost(29, 30, 57).
cost(30, 1, 72).
cost(30, 2, 12).
cost(30, 3, 10).
cost(30, 4, 53).
cost(30, 5, 46).
cost(30, 6, 67).
cost(30, 7, 72).
cost(30, 8, 94).
cost(30, 9, 14).
cost(30, 10, 10).
cost(30, 11, 75).
cost(30, 12, 25).
cost(30, 13, 88).
cost(30, 14, 73).
cost(30, 15, 22).
cost(30, 16, 87).
cost(30, 17, 66).
cost(30, 18, 12).
cost(30, 19, 18).
cost(30, 20, 98).
cost(30, 21, 12).
cost(30, 22, 9).
cost(30, 23, 25).
cost(30, 24, 76).
cost(30, 25, 95).
cost(30, 26, 110).
cost(30, 27, 15).
cost(30, 28, 8).
cost(30, 29, 57).
