dimension(30).
point(1, 27.6820126191, 73.6552577229).
point(2, 71.5684133004, 36.4232802504).
point(3, 9.903955094, 37.2639031636).
point(4, 84.100070467, 17.6200030579).
point(5, 9.690132651, 74.5069325355).
point(6, 87.8824022563, 41.4855488078).
point(7, 65.1200490092, 70.0029364304).
point(8, 43.053691076, 41.5809380131).
point(9, 5.2754732954, 35.4516389122).
point(10, 18.3423196579, 35.0293366062).
point(11, 21.3488606546, 67.1175760293).
point(12, 51.405759097, 34.0607278753).
point(13, 91.7253950489, 51.34365774).
point(14, 62.5375699332, 62.5569051178).
point(15, 71.0417860832, 52.4642120807).
point(16, 9.0366510191, 44.8390408744).
point(17, 31.6117970108, 83.2166050953).
point(18, 72.7499871503, 66.9072096585).
point(19, 62.94056209, 16.5936651685).
point(20, 75.2148944975, 62.4629989803).
point(21, 2.1570110171, 30.6108116929).
point(22, 31.829071585, 65.823919165).
point(23, 5.1756993733, 72.1801191445).
point(24, 12.3651493552, 53.7100260846).
point(25, 20.5732297769, 55.4180827799).
point(26, 48.6160608797, 21.5933106274).
point(27, 5.7438146119, 33.1490513229).
point(28, 64.2315125219, 48.6538547446).
point(29, 65.0148444703, 26.8124905495).
point(30, 14.5201445904, 36.3699784645).
cost(1, 2, 58).
cost(1, 3, 41).
cost(1, 4, 80).
cost(1, 5, 18).
cost(1, 6, 68).
cost(1, 7, 38).
cost(1, 8, 36).
cost(1, 9, 44).
cost(1, 10, 40).
cost(1, 11, 9).
cost(1, 12, 46).
cost(1, 13, 68).
cost(1, 14, 37).
cost(1, 15, 48).
cost(1, 16, 34).
cost(1, 17, 10).
cost(1, 18, 46).
cost(1, 19, 67).
cost(1, 20, 49).
cost(1, 21, 50).
cost(1, 22, 9).
cost(1, 23, 23).
cost(1, 24, 25).
cost(1, 25, 20).
cost(1, 26, 56).
cost(1, 27, 46).
cost(1, 28, 44).
cost(1, 29, 60).
cost(1, 30, 40).
cost(2, 1, 58).
cost(2, 3, 62).
cost(2, 4, 23).
cost(2, 5, 73).
cost(2, 6, 17).
cost(2, 7, 34).
cost(2, 8, 29).
cost(2, 9, 66).
cost(2, 10, 53).
cost(2, 11, 59).
cost(2, 12, 20).
cost(2, 13, 25).
cost(2, 14, 28).
cost(2, 15, 16).
cost(2, 16, 63).
cost(2, 17, 62).
cost(2, 18, 31).
cost(2, 19, 22).
cost(2, 20, 26).
cost(2, 21, 70).
cost(2, 22, 49).
cost(2, 23, 75).
cost(2, 24, 62).
cost(2, 25, 54).
cost(2, 26, 27).
cost(2, 27, 66).
cost(2, 28, 14).
cost(2, 29, 12).
cost(2, 30, 57).
cost(3, 1, 41).
cost(3, 2, 62).
cost(3, 4, 77).
cost(3, 5, 37).
cost(3, 6, 78).
cost(3, 7, 64).
cost(3, 8, 33).
cost(3, 9, 5).
cost(3, 10, 9).
cost(3, 11, 32).
cost(3, 12, 42).
cost(3, 13, 83).
cost(3, 14, 58).
cost(3, 15, 63).
cost(3, 16, 8).
cost(3, 17, 51).
cost(3, 18, 69).
cost(3, 19, 57).
cost(3, 20, 70).
cost(3, 21, 10).
cost(3, 22, 36).
cost(3, 23, 35).
cost(3, 24, 17).
cost(3, 25, 21).
cost(3, 26, 42).
cost(3, 27, 6).
cost(3, 28, 56).
cost(3, 29, 56).
cost(3, 30, 5).
cost(4, 1, 80).
cost(4, 2, 23).
cost(4, 3, 77).
cost(4, 5, 94).
cost(4, 6, 24).
cost(4, 7, 56).
cost(4, 8, 48).
cost(4, 9, 81).
cost(4, 10, 68).
cost(4, 11, 80).
cost(4, 12, 37).
cost(4, 13, 35).
cost(4, 14, 50).
cost(4, 15, 37).
cost(4, 16, 80).
cost(4, 17, 84).
cost(4, 18, 51).
cost(4, 19, 21).
cost(4, 20, 46).
cost(4, 21, 83).
cost(4, 22, 71).
cost(4, 23, 96).
cost(4, 24, 80).
cost(4, 25, 74).
cost(4, 26, 36).
cost(4, 27, 80).
cost(4, 28, 37).
cost(4, 29, 21).
cost(4, 30, 72).
cost(5, 1, 18).
cost(5, 2, 73).
cost(5, 3, 37).
cost(5, 4, 94).
cost(5, 6, 85).
cost(5, 7, 56).
cost(5, 8, 47).
cost(5, 9, 39).
cost(5, 10, 40).
cost(5, 11, 14).
cost(5, 12, 58).
cost(5, 13, 85).
cost(5, 14, 54).
cost(5, 15, 65).
cost(5, 16, 30).
cost(5, 17, 24).
cost(5, 18, 64).
cost(5, 19, 79).
cost(5, 20, 67).
cost(5, 21, 45).
cost(5, 22, 24).
cost(5, 23, 5).
cost(5, 24, 21).
cost(5, 25, 22).
cost(5, 26, 66).
cost(5, 27, 42).
cost(5, 28, 60).
cost(5, 29, 73).
cost(5, 30, 38).
cost(6, 1, 68).
cost(6, 2, 17).
cost(6, 3, 78).
cost(6, 4, 24).
cost(6, 5, 85).
cost(6, 7, 36).
cost(6, 8, 45).
cost(6, 9, 83).
cost(6, 10, 70).
cost(6, 11, 71).
cost(6, 12, 37).
cost(6, 13, 11).
cost(6, 14, 33).
cost(6, 15, 20).
cost(6, 16, 79).
cost(6, 17, 70).
cost(6, 18, 30).
cost(6, 19, 35).
cost(6, 20, 25).
cost(6, 21, 86).
cost(6, 22, 61).
cost(6, 23, 88).
cost(6, 24, 77).
cost(6, 25, 69).
cost(6, 26, 44).
cost(6, 27, 83).
cost(6, 28, 25).
cost(6, 29, 27).
cost(6, 30, 74).
cost(7, 1, 38).
cost(7, 2, 34).
cost(7, 3, 64).
cost(7, 4, 56).
cost(7, 5, 56).
cost(7, 6, 36).
cost(7, 8, 36).
cost(7, 9, 69).
cost(7, 10, 58).
cost(7, 11, 44).
cost(7, 12, 38).
cost(7, 13, 32).
cost(7, 14, 8).
cost(7, 15, 19).
cost(7, 16, 61).
cost(7, 17, 36).
cost(7, 18, 8).
cost(7, 19, 53).
cost(7, 20, 13).
cost(7, 21, 74).
cost(7, 22, 34).
cost(7, 23, 60).
cost(7, 24, 55).
cost(7, 25, 47).
cost(7, 26, 51).
cost(7, 27, 70).
cost(7, 28, 21).
cost(7, 29, 43).
cost(7, 30, 61).
cost(8, 1, 36).
cost(8, 2, 29).
cost(8, 3, 33).
cost(8, 4, 48).
cost(8, 5, 47).
cost(8, 6, 45).
cost(8, 7, 36).
cost(8, 9, 38).
cost(8, 10, 26).
cost(8, 11, 34).
cost(8, 12, 11).
cost(8, 13, 50).
cost(8, 14, 29).
cost(8, 15, 30).
cost(8, 16, 34).
cost(8, 17, 43).
cost(8, 18, 39).
cost(8, 19, 32).
cost(8, 20, 38).
cost(8, 21, 42).
cost(8, 22, 27).
cost(8, 23, 49).
cost(8, 24, 33).
cost(8, 25, 26).
cost(8, 26, 21).
cost(8, 27, 38).
cost(8, 28, 22).
cost(8, 29, 26).
cost(8, 30, 29).
cost(9, 1, 44).
cost(9, 2, 66).
cost(9, 3, 5).
cost(9, 4, 81).
cost(9, 5, 39).
cost(9, 6, 83).
cost(9, 7, 69).
cost(9, 8, 38).
cost(9, 10, 13).
cost(9, 11, 36).
cost(9, 12, 46).
cost(9, 13, 88).
cost(9, 14, 63).
cost(9, 15, 68).
cost(9, 16, 10).
cost(9, 17, 55).
cost(9, 18, 74).
cost(9, 19, 61).
cost(9, 20, 75).
cost(9, 21, 6).
cost(9, 22, 40).
cost(9, 23, 37).
cost(9, 24, 20).
cost(9, 25, 25).
cost(9, 26, 46).
cost(9, 27, 2).
cost(9, 28, 60).
cost(9, 29, 60).
cost(9, 30, 9).
cost(10, 1, 40).
cost(10, 2, 53).
cost(10, 3, 9).
cost(10, 4, 68).
cost(10, 5, 40).
cost(10, 6, 70).
cost(10, 7, 58).
cost(10, 8, 26).
cost(10, 9, 13).
cost(10, 11, 32).
cost(10, 12, 33).
cost(10, 13, 75).
cost(10, 14, 52).
cost(10, 15, 56).
cost(10, 16, 14).
cost(10, 17, 50).
cost(10, 18, 63).
cost(10, 19, 48).
cost(10, 20, 63).
cost(10, 21, 17).
cost(10, 22, 34).
cost(10, 23, 39).
cost(10, 24, 20).
cost(10, 25, 21).
cost(10, 26, 33).
cost(10, 27, 13).
cost(10, 28, 48).
cost(10, 29, 47).
cost(10, 30, 4).
cost(11, 1, 9).
cost(11, 2, 59).
cost(11, 3, 32).
cost(11, 4, 80).
cost(11, 5, 14).
cost(11, 6, 71).
cost(11, 7, 44).
cost(11, 8, 34).
cost(11, 9, 36).
cost(11, 10, 32).
cost(11, 12, 45).
cost(11, 13, 72).
cost(11, 14, 41).
cost(11, 15, 52).
cost(11, 16, 25).
cost(11, 17, 19).
cost(11, 18, 51).
cost(11, 19, 65).
cost(11, 20, 54).
cost(11, 21, 41).
cost(11, 22, 11).
cost(11, 23, 17).
cost(11, 24, 16).
cost(11, 25, 12).
cost(11, 26, 53).
cost(11, 27, 37).
cost(11, 28, 47).
cost(11, 29, 59).
cost(11, 30, 31).
cost(12, 1, 46).
cost(12, 2, 20).
cost(12, 3, 42).
cost(12, 4, 37).
cost(12, 5, 58).
cost(12, 6, 37).
cost(12, 7, 38).
cost(12, 8, 11).
cost(12, 9, 46).
cost(12, 10, 33).
cost(12, 11, 45).
cost(12, 13, 44).
cost(12, 14, 31).
cost(12, 15, 27).
cost(12, 16, 44).
cost(12, 17, 53).
cost(12, 18, 39).
cost(12, 19, 21).
cost(12, 20, 37).
cost(12, 21, 49).
cost(12, 22, 37).
cost(12, 23, 60).
cost(12, 24, 44).
cost(12, 25, 38).
cost(12, 26, 13).
cost(12, 27, 46).
cost(12, 28, 19).
cost(12, 29, 15).
cost(12, 30, 37).
cost(13, 1, 68).
cost(13, 2, 25).
cost(13, 3, 83).
cost(13, 4, 35).
cost(13, 5, 85).
cost(13, 6, 11).
cost(13, 7, 32).
cost(13, 8, 50).
cost(13, 9, 88).
cost(13, 10, 75).
cost(13, 11, 72).
cost(13, 12, 44).
cost(13, 14, 31).
cost(13, 15, 21).
cost(13, 16, 83).
cost(13, 17, 68).
cost(13, 18, 25).
cost(13, 19, 45).
cost(13, 20, 20).
cost(13, 21, 92).
cost(13, 22, 62).
cost(13, 23, 89).
cost(13, 24, 79).
cost(13, 25, 71).
cost(13, 26, 52).
cost(13, 27, 88).
cost(13, 28, 28).
cost(13, 29, 36).
cost(13, 30, 79).
cost(14, 1, 37).
cost(14, 2, 28).
cost(14, 3, 58).
cost(14, 4, 50).
cost(14, 5, 54).
cost(14, 6, 33).
cost(14, 7, 8).
cost(14, 8, 29).
cost(14, 9, 63).
cost(14, 10, 52).
cost(14, 11, 41).
cost(14, 12, 31).
cost(14, 13, 31).
cost(14, 15, 13).
cost(14, 16, 56).
cost(14, 17, 37).
cost(14, 18, 11).
cost(14, 19, 46).
cost(14, 20, 13).
cost(14, 21, 68).
cost(14, 22, 31).
cost(14, 23, 58).
cost(14, 24, 51).
cost(14, 25, 43).
cost(14, 26, 43).
cost(14, 27, 64).
cost(14, 28, 14).
cost(14, 29, 36).
cost(14, 30, 55).
cost(15, 1, 48).
cost(15, 2, 16).
cost(15, 3, 63).
cost(15, 4, 37).
cost(15, 5, 65).
cost(15, 6, 20).
cost(15, 7, 19).
cost(15, 8, 30).
cost(15, 9, 68).
cost(15, 10, 56).
cost(15, 11, 52).
cost(15, 12, 27).
cost(15, 13, 21).
cost(15, 14, 13).
cost(15, 16, 62).
cost(15, 17, 50).
cost(15, 18, 15).
cost(15, 19, 37).
cost(15, 20, 11).
cost(15, 21, 72).
cost(15, 22, 41).
cost(15, 23, 69).
cost(15, 24, 59).
cost(15, 25, 51).
cost(15, 26, 38).
cost(15, 27, 68).
cost(15, 28, 8).
cost(15, 29, 26).
cost(15, 30, 59).
cost(16, 1, 34).
cost(16, 2, 63).
cost(16, 3, 8).
cost(16, 4, 80).
cost(16, 5, 30).
cost(16, 6, 79).
cost(16, 7, 61).
cost(16, 8, 34).
cost(16, 9, 10).
cost(16, 10, 14).
cost(16, 11, 25).
cost(16, 12, 44).
cost(16, 13, 83).
cost(16, 14, 56).
cost(16, 15, 62).
cost(16, 17, 45).
cost(16, 18, 67).
cost(16, 19, 61).
cost(16, 20, 68).
cost(16, 21, 16).
cost(16, 22, 31).
cost(16, 23, 28).
cost(16, 24, 9).
cost(16, 25, 16).
cost(16, 26, 46).
cost(16, 27, 12).
cost(16, 28, 55).
cost(16, 29, 59).
cost(16, 30, 10).
cost(17, 1, 10).
cost(17, 2, 62).
cost(17, 3, 51).
cost(17, 4, 84).
cost(17, 5, 24).
cost(17, 6, 70).
cost(17, 7, 36).
cost(17, 8, 43).
cost(17, 9, 55).
cost(17, 10, 50).
cost(17, 11, 19).
cost(17, 12, 53).
cost(17, 13, 68).
cost(17, 14, 37).
cost(17, 15, 50).
cost(17, 16, 45).
cost(17, 18, 44).
cost(17, 19, 74).
cost(17, 20, 48).
cost(17, 21, 60).
cost(17, 22, 17).
cost(17, 23, 29).
cost(17, 24, 35).
cost(17, 25, 30).
cost(17, 26, 64).
cost(17, 27, 56).
cost(17, 28, 48).
cost(17, 29, 66).
cost(17, 30, 50).
cost(18, 1, 46).
cost(18, 2, 31).
cost(18, 3, 69).
cost(18, 4, 51).
cost(18, 5, 64).
cost(18, 6, 30).
cost(18, 7, 8).
cost(18, 8, 39).
cost(18, 9, 74).
cost(18, 10, 63).
cost(18, 11, 51).
cost(18, 12, 39).
cost(18, 13, 25).
cost(18, 14, 11).
cost(18, 15, 15).
cost(18, 16, 67).
cost(18, 17, 44).
cost(18, 19, 51).
cost(18, 20, 5).
cost(18, 21, 79).
cost(18, 22, 41).
cost(18, 23, 68).
cost(18, 24, 62).
cost(18, 25, 53).
cost(18, 26, 51).
cost(18, 27, 75).
cost(18, 28, 20).
cost(18, 29, 41).
cost(18, 30, 66).
cost(19, 1, 67).
cost(19, 2, 22).
cost(19, 3, 57).
cost(19, 4, 21).
cost(19, 5, 79).
cost(19, 6, 35).
cost(19, 7, 53).
cost(19, 8, 32).
cost(19, 9, 61).
cost(19, 10, 48).
cost(19, 11, 65).
cost(19, 12, 21).
cost(19, 13, 45).
cost(19, 14, 46).
cost(19, 15, 37).
cost(19, 16, 61).
cost(19, 17, 74).
cost(19, 18, 51).
cost(19, 20, 47).
cost(19, 21, 62).
cost(19, 22, 58).
cost(19, 23, 80).
cost(19, 24, 63).
cost(19, 25, 57).
cost(19, 26, 15).
cost(19, 27, 60).
cost(19, 28, 32).
cost(19, 29, 10).
cost(19, 30, 52).
cost(20, 1, 49).
cost(20, 2, 26).
cost(20, 3, 70).
cost(20, 4, 46).
cost(20, 5, 67).
cost(20, 6, 25).
cost(20, 7, 13).
cost(20, 8, 38).
cost(20, 9, 75).
cost(20, 10, 63).
cost(20, 11, 54).
cost(20, 12, 37).
cost(20, 13, 20).
cost(20, 14, 13).
cost(20, 15, 11).
cost(20, 16, 68).
cost(20, 17, 48).
cost(20, 18, 5).
cost(20, 19, 47).
cost(20, 21, 80).
cost(20, 22, 44).
cost(20, 23, 71).
cost(20, 24, 63).
cost(20, 25, 55).
cost(20, 26, 49).
cost(20, 27, 75).
cost(20, 28, 18).
cost(20, 29, 37).
cost(20, 30, 66).
cost(21, 1, 50).
cost(21, 2, 70).
cost(21, 3, 10).
cost(21, 4, 83).
cost(21, 5, 45).
cost(21, 6, 86).
cost(21, 7, 74).
cost(21, 8, 42).
cost(21, 9, 6).
cost(21, 10, 17).
cost(21, 11, 41).
cost(21, 12, 49).
cost(21, 13, 92).
cost(21, 14, 68).
cost(21, 15, 72).
cost(21, 16, 16).
cost(21, 17, 60).
cost(21, 18, 79).
cost(21, 19, 62).
cost(21, 20, 80).
cost(21, 22, 46).
cost(21, 23, 42).
cost(21, 24, 25).
cost(21, 25, 31).
cost(21, 26, 47).
cost(21, 27, 4).
cost(21, 28, 65).
cost(21, 29, 63).
cost(21, 30, 14).
cost(22, 1, 9).
cost(22, 2, 49).
cost(22, 3, 36).
cost(22, 4, 71).
cost(22, 5, 24).
cost(22, 6, 61).
cost(22, 7, 34).
cost(22, 8, 27).
cost(22, 9, 40).
cost(22, 10, 34).
cost(22, 11, 11).
cost(22, 12, 37).
cost(22, 13, 62).
cost(22, 14, 31).
cost(22, 15, 41).
cost(22, 16, 31).
cost(22, 17, 17).
cost(22, 18, 41).
cost(22, 19, 58).
cost(22, 20, 44).
cost(22, 21, 46).
cost(22, 23, 27).
cost(22, 24, 23).
cost(22, 25, 15).
cost(22, 26, 47).
cost(22, 27, 42).
cost(22, 28, 37).
cost(22, 29, 51).
cost(22, 30, 34).
cost(23, 1, 23).
cost(23, 2, 75).
cost(23, 3, 35).
cost(23, 4, 96).
cost(23, 5, 5).
cost(23, 6, 88).
cost(23, 7, 60).
cost(23, 8, 49).
cost(23, 9, 37).
cost(23, 10, 39).
cost(23, 11, 17).
cost(23, 12, 60).
cost(23, 13, 89).
cost(23, 14, 58).
cost(23, 15, 69).
cost(23, 16, 28).
cost(23, 17, 29).
cost(23, 18, 68).
cost(23, 19, 80).
cost(23, 20, 71).
cost(23, 21, 42).
cost(23, 22, 27).
cost(23, 24, 20).
cost(23, 25, 23).
cost(23, 26, 67).
cost(23, 27, 39).
cost(23, 28, 64).
cost(23, 29, 75).
cost(23, 30, 37).
cost(24, 1, 25).
cost(24, 2, 62).
cost(24, 3, 17).
cost(24, 4, 80).
cost(24, 5, 21).
cost(24, 6, 77).
cost(24, 7, 55).
cost(24, 8, 33).
cost(24, 9, 20).
cost(24, 10, 20).
cost(24, 11, 16).
cost(24, 12, 44).
cost(24, 13, 79).
cost(24, 14, 51).
cost(24, 15, 59).
cost(24, 16, 9).
cost(24, 17, 35).
cost(24, 18, 62).
cost(24, 19, 63).
cost(24, 20, 63).
cost(24, 21, 25).
cost(24, 22, 23).
cost(24, 23, 20).
cost(24, 25, 8).
cost(24, 26, 48).
cost(24, 27, 22).
cost(24, 28, 52).
cost(24, 29, 59).
cost(24, 30, 17).
cost(25, 1, 20).
cost(25, 2, 54).
cost(25, 3, 21).
cost(25, 4, 74).
cost(25, 5, 22).
cost(25, 6, 69).
cost(25, 7, 47).
cost(25, 8, 26).
cost(25, 9, 25).
cost(25, 10, 21).
cost(25, 11, 12).
cost(25, 12, 38).
cost(25, 13, 71).
cost(25, 14, 43).
cost(25, 15, 51).
cost(25, 16, 16).
cost(25, 17, 30).
cost(25, 18, 53).
cost(25, 19, 57).
cost(25, 20, 55).
cost(25, 21, 31).
cost(25, 22, 15).
cost(25, 23, 23).
cost(25, 24, 8).
cost(25, 26, 44).
cost(25, 27, 27).
cost(25, 28, 44).
cost(25, 29, 53).
cost(25, 30, 20).
cost(26, 1, 56).
cost(26, 2, 27).
cost(26, 3, 42).
cost(26, 4, 36).
cost(26, 5, 66).
cost(26, 6, 44).
cost(26, 7, 51).
cost(26, 8, 21).
cost(26, 9, 46).
cost(26, 10, 33).
cost(26, 11, 53).
cost(26, 12, 13).
cost(26, 13, 52).
cost(26, 14, 43).
cost(26, 15, 38).
cost(26, 16, 46).
cost(26, 17, 64).
cost(26, 18, 51).
cost(26, 19, 15).
cost(26, 20, 49).
cost(26, 21, 47).
cost(26, 22, 47).
cost(26, 23, 67).
cost(26, 24, 48).
cost(26, 25, 44).
cost(26, 27, 44).
cost(26, 28, 31).
cost(26, 29, 17).
cost(26, 30, 37).
cost(27, 1, 46).
cost(27, 2, 66).
cost(27, 3, 6).
cost(27, 4, 80).
cost(27, 5, 42).
cost(27, 6, 83).
cost(27, 7, 70).
cost(27, 8, 38).
cost(27, 9, 2).
cost(27, 10, 13).
cost(27, 11, 37).
cost(27, 12, 46).
cost(27, 13, 88).
cost(27, 14, 64).
cost(27, 15, 68).
cost(27, 16, 12).
cost(27, 17, 56).
cost(27, 18, 75).
cost(27, 19, 60).
cost(27, 20, 75).
cost(27, 21, 4).
cost(27, 22, 42).
cost(27, 23, 39).
cost(27, 24, 22).
cost(27, 25, 27).
cost(27, 26, 44).
cost(27, 28, 61).
cost(27, 29, 60).
cost(27, 30, 9).
cost(28, 1, 44).
cost(28, 2, 14).
cost(28, 3, 56).
cost(28, 4, 37).
cost(28, 5, 60).
cost(28, 6, 25).
cost(28, 7, 21).
cost(28, 8, 22).
cost(28, 9, 60).
cost(28, 10, 48).
cost(28, 11, 47).
cost(28, 12, 19).
cost(28, 13, 28).
cost(28, 14, 14).
cost(28, 15, 8).
cost(28, 16, 55).
cost(28, 17, 48).
cost(28, 18, 20).
cost(28, 19, 32).
cost(28, 20, 18).
cost(28, 21, 65).
cost(28, 22, 37).
cost(28, 23, 64).
cost(28, 24, 52).
cost(28, 25, 44).
cost(28, 26, 31).
cost(28, 27, 61).
cost(28, 29, 22).
cost(28, 30, 51).
cost(29, 1, 60).
cost(29, 2, 12).
cost(29, 3, 56).
cost(29, 4, 21).
cost(29, 5, 73).
cost(29, 6, 27).
cost(29, 7, 43).
cost(29, 8, 26).
cost(29, 9, 60).
cost(29, 10, 47).
cost(29, 11, 59).
cost(29, 12, 15).
cost(29, 13, 36).
cost(29, 14, 36).
cost(29, 15, 26).
cost(29, 16, 59).
cost(29, 17, 66).
cost(29, 18, 41).
cost(29, 19, 10).
cost(29, 20, 37).
cost(29, 21, 63).
cost(29, 22, 51).
cost(29, 23, 75).
cost(29, 24, 59).
cost(29, 25, 53).
cost(29, 26, 17).
cost(29, 27, 60).
cost(29, 28, 22).
cost(29, 30, 51).
cost(30, 1, 40).
cost(30, 2, 57).
cost(30, 3, 5).
cost(30, 4, 72).
cost(30, 5, 38).
cost(30, 6, 74).
cost(30, 7, 61).
cost(30, 8, 29).
cost(30, 9, 9).
cost(30, 10, 4).
cost(30, 11, 31).
cost(30, 12, 37).
cost(30, 13, 79).
cost(30, 14, 55).
cost(30, 15, 59).
cost(30, 16, 10).
cost(30, 17, 50).
cost(30, 18, 66).
cost(30, 19, 52).
cost(30, 20, 66).
cost(30, 21, 14).
cost(30, 22, 34).
cost(30, 23, 37).
cost(30, 24, 17).
cost(30, 25, 20).
cost(30, 26, 37).
cost(30, 27, 9).
cost(30, 28, 51).
cost(30, 29, 51).
