dimension(26).
point(1, 40.0900232763, 12.6873758705).
point(2, 47.9474961004, 75.0528793911).
point(3, 80.0308481053, 71.0264683635).
point(4, 54.9786100801, 12.9287365223).
point(5, 81.8505304801, 54.1010475376).
point(6, 95.3514584042, 49.8397860514).
point(7, 40.7310774621, 33.4471413025).
point(8, 71.9868190899, 19.4044574064).
point(9, 86.4236297367, 95.0115156354).
point(10, 33.5500956702, 21.9681585058).
point(11, 78.4548182098, 81.2038293082).
point(12, 63.1744949256, 76.7189246696).
point(13, 78.481650428, 76.7494893094).
point(14, 80.0474138282, 98.0556650152).
point(15, 65.7617349956, 67.2909220735).
point(16, 94.2578041464, 57.1701940976).
point(17, 38.7283107967, 25.8229618445).
point(18, 21.3094598223, 22.2449469316).
point(19, 49.675319837, 7.861335121).
point(20, 29.2170156711, 13.9663993788).
point(21, 31.0784051482, 34.4201238477).
point(22, 54.4604594303, 36.1898622633).
point(23, 81.8122778267, 42.9868331313).
point(24, 28.2319253405, 32.1358799567).
point(25, 28.5778964175, 48.4365162194).
point(26, 80.8536423539, 90.4507257257).
cost(1, 2, 63).
cost(1, 3, 71).
cost(1, 4, 15).
cost(1, 5, 59).
cost(1, 6, 67).
cost(1, 7, 21).
cost(1, 8, 33).
cost(1, 9, 94).
cost(1, 10, 11).
cost(1, 11, 79).
cost(1, 12, 68).
cost(1, 13, 75).
cost(1, 14, 94).
cost(1, 15, 60).
cost(1, 16, 70).
cost(1, 17, 13).
cost(1, 18, 21).
cost(1, 19, 11).
cost(1, 20, 11).
cost(1, 21, 24).
cost(1, 22, 28).
cost(1, 23, 52).
cost(1, 24, 23).
cost(1, 25, 38).
cost(1, 26, 88).
cost(2, 1, 63).
cost(2, 3, 32).
cost(2, 4, 63).
cost(2, 5, 40).
cost(2, 6, 54).
cost(2, 7, 42).
cost(2, 8, 61).
cost(2, 9, 43).
cost(2, 10, 55).
cost(2, 11, 31).
cost(2, 12, 15).
cost(2, 13, 31).
cost(2, 14, 39).
cost(2, 15, 19).
cost(2, 16, 50).
cost(2, 17, 50).
cost(2, 18, 59).
cost(2, 19, 67).
cost(2, 20, 64).
cost(2, 21, 44).
cost(2, 22, 39).
cost(2, 23, 47).
cost(2, 24, 47).
cost(2, 25, 33).
cost(2, 26, 36).
cost(3, 1, 71).
cost(3, 2, 32).
cost(3, 4, 63).
cost(3, 5, 17).
cost(3, 6, 26).
cost(3, 7, 54).
cost(3, 8, 52).
cost(3, 9, 25).
cost(3, 10, 68).
cost(3, 11, 10).
cost(3, 12, 18).
cost(3, 13, 6).
cost(3, 14, 27).
cost(3, 15, 15).
cost(3, 16, 20).
cost(3, 17, 61).
cost(3, 18, 76).
cost(3, 19, 70).
cost(3, 20, 76).
cost(3, 21, 61).
cost(3, 22, 43).
cost(3, 23, 28).
cost(3, 24, 65).
cost(3, 25, 56).
cost(3, 26, 19).
cost(4, 1, 15).
cost(4, 2, 63).
cost(4, 3, 63).
cost(4, 5, 49).
cost(4, 6, 55).
cost(4, 7, 25).
cost(4, 8, 18).
cost(4, 9, 88).
cost(4, 10, 23).
cost(4, 11, 72).
cost(4, 12, 64).
cost(4, 13, 68).
cost(4, 14, 89).
cost(4, 15, 55).
cost(4, 16, 59).
cost(4, 17, 21).
cost(4, 18, 35).
cost(4, 19, 7).
cost(4, 20, 26).
cost(4, 21, 32).
cost(4, 22, 23).
cost(4, 23, 40).
cost(4, 24, 33).
cost(4, 25, 44).
cost(4, 26, 82).
cost(5, 1, 59).
cost(5, 2, 40).
cost(5, 3, 17).
cost(5, 4, 49).
cost(5, 6, 14).
cost(5, 7, 46).
cost(5, 8, 36).
cost(5, 9, 41).
cost(5, 10, 58).
cost(5, 11, 27).
cost(5, 12, 29).
cost(5, 13, 23).
cost(5, 14, 44).
cost(5, 15, 21).
cost(5, 16, 13).
cost(5, 17, 52).
cost(5, 18, 68).
cost(5, 19, 56).
cost(5, 20, 66).
cost(5, 21, 54).
cost(5, 22, 33).
cost(5, 23, 11).
cost(5, 24, 58).
cost(5, 25, 54).
cost(5, 26, 36).
cost(6, 1, 67).
cost(6, 2, 54).
cost(6, 3, 26).
cost(6, 4, 55).
cost(6, 5, 14).
cost(6, 7, 57).
cost(6, 8, 38).
cost(6, 9, 46).
cost(6, 10, 68).
cost(6, 11, 36).
cost(6, 12, 42).
cost(6, 13, 32).
cost(6, 14, 51).
cost(6, 15, 34).
cost(6, 16, 7).
cost(6, 17, 62).
cost(6, 18, 79).
cost(6, 19, 62).
cost(6, 20, 75).
cost(6, 21, 66).
cost(6, 22, 43).
cost(6, 23, 15).
cost(6, 24, 69).
cost(6, 25, 67).
cost(6, 26, 43).
cost(7, 1, 21).
cost(7, 2, 42).
cost(7, 3, 54).
cost(7, 4, 25).
cost(7, 5, 46).
cost(7, 6, 57).
cost(7, 8, 34).
cost(7, 9, 77).
cost(7, 10, 14).
cost(7, 11, 61).
cost(7, 12, 49).
cost(7, 13, 57).
cost(7, 14, 76).
cost(7, 15, 42).
cost(7, 16, 59).
cost(7, 17, 8).
cost(7, 18, 22).
cost(7, 19, 27).
cost(7, 20, 23).
cost(7, 21, 10).
cost(7, 22, 14).
cost(7, 23, 42).
cost(7, 24, 13).
cost(7, 25, 19).
cost(7, 26, 70).
cost(8, 1, 33).
cost(8, 2, 61).
cost(8, 3, 52).
cost(8, 4, 18).
cost(8, 5, 36).
cost(8, 6, 38).
cost(8, 7, 34).
cost(8, 9, 77).
cost(8, 10, 39).
cost(8, 11, 62).
cost(8, 12, 58).
cost(8, 13, 58).
cost(8, 14, 79).
cost(8, 15, 48).
cost(8, 16, 44).
cost(8, 17, 34).
cost(8, 18, 51).
cost(8, 19, 25).
cost(8, 20, 43).
cost(8, 21, 44).
cost(8, 22, 24).
cost(8, 23, 26).
cost(8, 24, 46).
cost(8, 25, 52).
cost(8, 26, 72).
cost(9, 1, 94).
cost(9, 2, 43).
cost(9, 3, 25).
cost(9, 4, 88).
cost(9, 5, 41).
cost(9, 6, 46).
cost(9, 7, 77).
cost(9, 8, 77).
cost(9, 10, 90).
cost(9, 11, 16).
cost(9, 12, 30).
cost(9, 13, 20).
cost(9, 14, 7).
cost(9, 15, 35).
cost(9, 16, 39).
cost(9, 17, 84).
cost(9, 18, 98).
cost(9, 19, 95).
cost(9, 20, 99).
cost(9, 21, 82).
cost(9, 22, 67).
cost(9, 23, 52).
cost(9, 24, 86).
cost(9, 25, 74).
cost(9, 26, 7).
cost(10, 1, 11).
cost(10, 2, 55).
cost(10, 3, 68).
cost(10, 4, 23).
cost(10, 5, 58).
cost(10, 6, 68).
cost(10, 7, 14).
cost(10, 8, 39).
cost(10, 9, 90).
cost(10, 11, 74).
cost(10, 12, 62).
cost(10, 13, 71).
cost(10, 14, 89).
cost(10, 15, 56).
cost(10, 16, 70).
cost(10, 17, 6).
cost(10, 18, 12).
cost(10, 19, 21).
cost(10, 20, 9).
cost(10, 21, 13).
cost(10, 22, 25).
cost(10, 23, 53).
cost(10, 24, 11).
cost(10, 25, 27).
cost(10, 26, 83).
cost(11, 1, 79).
cost(11, 2, 31).
cost(11, 3, 10).
cost(11, 4, 72).
cost(11, 5, 27).
cost(11, 6, 36).
cost(11, 7, 61).
cost(11, 8, 62).
cost(11, 9, 16).
cost(11, 10, 74).
cost(11, 12, 16).
cost(11, 13, 4).
cost(11, 14, 17).
cost(11, 15, 19).
cost(11, 16, 29).
cost(11, 17, 68).
cost(11, 18, 82).
cost(11, 19, 79).
cost(11, 20, 83).
cost(11, 21, 67).
cost(11, 22, 51).
cost(11, 23, 38).
cost(11, 24, 70).
cost(11, 25, 60).
cost(11, 26, 10).
cost(12, 1, 68).
cost(12, 2, 15).
cost(12, 3, 18).
cost(12, 4, 64).
cost(12, 5, 29).
cost(12, 6, 42).
cost(12, 7, 49).
cost(12, 8, 58).
cost(12, 9, 30).
cost(12, 10, 62).
cost(12, 11, 16).
cost(12, 13, 15).
cost(12, 14, 27).
cost(12, 15, 10).
cost(12, 16, 37).
cost(12, 17, 56).
cost(12, 18, 69).
cost(12, 19, 70).
cost(12, 20, 71).
cost(12, 21, 53).
cost(12, 22, 41).
cost(12, 23, 39).
cost(12, 24, 57).
cost(12, 25, 45).
cost(12, 26, 22).
cost(13, 1, 75).
cost(13, 2, 31).
cost(13, 3, 6).
cost(13, 4, 68).
cost(13, 5, 23).
cost(13, 6, 32).
cost(13, 7, 57).
cost(13, 8, 58).
cost(13, 9, 20).
cost(13, 10, 71).
cost(13, 11, 4).
cost(13, 12, 15).
cost(13, 14, 21).
cost(13, 15, 16).
cost(13, 16, 25).
cost(13, 17, 65).
cost(13, 18, 79).
cost(13, 19, 75).
cost(13, 20, 80).
cost(13, 21, 64).
cost(13, 22, 47).
cost(13, 23, 34).
cost(13, 24, 67).
cost(13, 25, 57).
cost(13, 26, 14).
cost(14, 1, 94).
cost(14, 2, 39).
cost(14, 3, 27).
cost(14, 4, 89).
cost(14, 5, 44).
cost(14, 6, 51).
cost(14, 7, 76).
cost(14, 8, 79).
cost(14, 9, 7).
cost(14, 10, 89).
cost(14, 11, 17).
cost(14, 12, 27).
cost(14, 13, 21).
cost(14, 15, 34).
cost(14, 16, 43).
cost(14, 17, 83).
cost(14, 18, 96).
cost(14, 19, 95).
cost(14, 20, 98).
cost(14, 21, 80).
cost(14, 22, 67).
cost(14, 23, 55).
cost(14, 24, 84).
cost(14, 25, 71).
cost(14, 26, 8).
cost(15, 1, 60).
cost(15, 2, 19).
cost(15, 3, 15).
cost(15, 4, 55).
cost(15, 5, 21).
cost(15, 6, 34).
cost(15, 7, 42).
cost(15, 8, 48).
cost(15, 9, 35).
cost(15, 10, 56).
cost(15, 11, 19).
cost(15, 12, 10).
cost(15, 13, 16).
cost(15, 14, 34).
cost(15, 16, 30).
cost(15, 17, 50).
cost(15, 18, 63).
cost(15, 19, 62).
cost(15, 20, 65).
cost(15, 21, 48).
cost(15, 22, 33).
cost(15, 23, 29).
cost(15, 24, 51).
cost(15, 25, 42).
cost(15, 26, 28).
cost(16, 1, 70).
cost(16, 2, 50).
cost(16, 3, 20).
cost(16, 4, 59).
cost(16, 5, 13).
cost(16, 6, 7).
cost(16, 7, 59).
cost(16, 8, 44).
cost(16, 9, 39).
cost(16, 10, 70).
cost(16, 11, 29).
cost(16, 12, 37).
cost(16, 13, 25).
cost(16, 14, 43).
cost(16, 15, 30).
cost(16, 17, 64).
cost(16, 18, 81).
cost(16, 19, 66).
cost(16, 20, 78).
cost(16, 21, 67).
cost(16, 22, 45).
cost(16, 23, 19).
cost(16, 24, 71).
cost(16, 25, 66).
cost(16, 26, 36).
cost(17, 1, 13).
cost(17, 2, 50).
cost(17, 3, 61).
cost(17, 4, 21).
cost(17, 5, 52).
cost(17, 6, 62).
cost(17, 7, 8).
cost(17, 8, 34).
cost(17, 9, 84).
cost(17, 10, 6).
cost(17, 11, 68).
cost(17, 12, 56).
cost(17, 13, 65).
cost(17, 14, 83).
cost(17, 15, 50).
cost(17, 16, 64).
cost(17, 18, 18).
cost(17, 19, 21).
cost(17, 20, 15).
cost(17, 21, 12).
cost(17, 22, 19).
cost(17, 23, 46).
cost(17, 24, 12).
cost(17, 25, 25).
cost(17, 26, 77).
cost(18, 1, 21).
cost(18, 2, 59).
cost(18, 3, 76).
cost(18, 4, 35).
cost(18, 5, 68).
cost(18, 6, 79).
cost(18, 7, 22).
cost(18, 8, 51).
cost(18, 9, 98).
cost(18, 10, 12).
cost(18, 11, 82).
cost(18, 12, 69).
cost(18, 13, 79).
cost(18, 14, 96).
cost(18, 15, 63).
cost(18, 16, 81).
cost(18, 17, 18).
cost(18, 19, 32).
cost(18, 20, 11).
cost(18, 21, 16).
cost(18, 22, 36).
cost(18, 23, 64).
cost(18, 24, 12).
cost(18, 25, 27).
cost(18, 26, 91).
cost(19, 1, 11).
cost(19, 2, 67).
cost(19, 3, 70).
cost(19, 4, 7).
cost(19, 5, 56).
cost(19, 6, 62).
cost(19, 7, 27).
cost(19, 8, 25).
cost(19, 9, 95).
cost(19, 10, 21).
cost(19, 11, 79).
cost(19, 12, 70).
cost(19, 13, 75).
cost(19, 14, 95).
cost(19, 15, 62).
cost(19, 16, 66).
cost(19, 17, 21).
cost(19, 18, 32).
cost(19, 20, 21).
cost(19, 21, 32).
cost(19, 22, 29).
cost(19, 23, 48).
cost(19, 24, 32).
cost(19, 25, 46).
cost(19, 26, 88).
cost(20, 1, 11).
cost(20, 2, 64).
cost(20, 3, 76).
cost(20, 4, 26).
cost(20, 5, 66).
cost(20, 6, 75).
cost(20, 7, 23).
cost(20, 8, 43).
cost(20, 9, 99).
cost(20, 10, 9).
cost(20, 11, 83).
cost(20, 12, 71).
cost(20, 13, 80).
cost(20, 14, 98).
cost(20, 15, 65).
cost(20, 16, 78).
cost(20, 17, 15).
cost(20, 18, 11).
cost(20, 19, 21).
cost(20, 21, 21).
cost(20, 22, 34).
cost(20, 23, 60).
cost(20, 24, 18).
cost(20, 25, 34).
cost(20, 26, 92).
cost(21, 1, 24).
cost(21, 2, 44).
cost(21, 3, 61).
cost(21, 4, 32).
cost(21, 5, 54).
cost(21, 6, 66).
cost(21, 7, 10).
cost(21, 8, 44).
cost(21, 9, 82).
cost(21, 10, 13).
cost(21, 11, 67).
cost(21, 12, 53).
cost(21, 13, 64).
cost(21, 14, 80).
cost(21, 15, 48).
cost(21, 16, 67).
cost(21, 17, 12).
cost(21, 18, 16).
cost(21, 19, 32).
cost(21, 20, 21).
cost(21, 22, 23).
cost(21, 23, 51).
cost(21, 24, 4).
cost(21, 25, 14).
cost(21, 26, 75).
cost(22, 1, 28).
cost(22, 2, 39).
cost(22, 3, 43).
cost(22, 4, 23).
cost(22, 5, 33).
cost(22, 6, 43).
cost(22, 7, 14).
cost(22, 8, 24).
cost(22, 9, 67).
cost(22, 10, 25).
cost(22, 11, 51).
cost(22, 12, 41).
cost(22, 13, 47).
cost(22, 14, 67).
cost(22, 15, 33).
cost(22, 16, 45).
cost(22, 17, 19).
cost(22, 18, 36).
cost(22, 19, 29).
cost(22, 20, 34).
cost(22, 21, 23).
cost(22, 23, 28).
cost(22, 24, 27).
cost(22, 25, 29).
cost(22, 26, 60).
cost(23, 1, 52).
cost(23, 2, 47).
cost(23, 3, 28).
cost(23, 4, 40).
cost(23, 5, 11).
cost(23, 6, 15).
cost(23, 7, 42).
cost(23, 8, 26).
cost(23, 9, 52).
cost(23, 10, 53).
cost(23, 11, 38).
cost(23, 12, 39).
cost(23, 13, 34).
cost(23, 14, 55).
cost(23, 15, 29).
cost(23, 16, 19).
cost(23, 17, 46).
cost(23, 18, 64).
cost(23, 19, 48).
cost(23, 20, 60).
cost(23, 21, 51).
cost(23, 22, 28).
cost(23, 24, 55).
cost(23, 25, 54).
cost(23, 26, 47).
cost(24, 1, 23).
cost(24, 2, 47).
cost(24, 3, 65).
cost(24, 4, 33).
cost(24, 5, 58).
cost(24, 6, 69).
cost(24, 7, 13).
cost(24, 8, 46).
cost(24, 9, 86).
cost(24, 10, 11).
cost(24, 11, 70).
cost(24, 12, 57).
cost(24, 13, 67).
cost(24, 14, 84).
cost(24, 15, 51).
cost(24, 16, 71).
cost(24, 17, 12).
cost(24, 18, 12).
cost(24, 19, 32).
cost(24, 20, 18).
cost(24, 21, 4).
cost(24, 22, 27).
cost(24, 23, 55).
cost(24, 25, 16).
cost(24, 26, 79).
cost(25, 1, 38).
cost(25, 2, 33).
cost(25, 3, 56).
cost(25, 4, 44).
cost(25, 5, 54).
cost(25, 6, 67).
cost(25, 7, 19).
cost(25, 8, 52).
cost(25, 9, 74).
cost(25, 10, 27).
cost(25, 11, 60).
cost(25, 12, 45).
cost(25, 13, 57).
cost(25, 14, 71).
cost(25, 15, 42).
cost(25, 16, 66).
cost(25, 17, 25).
cost(25, 18, 27).
cost(25, 19, 46).
cost(25, 20, 34).
cost(25, 21, 14).
cost(25, 22, 29).
cost(25, 23, 54).
cost(25, 24, 16).
cost(25, 26, 67).
cost(26, 1, 88).
cost(26, 2, 36).
cost(26, 3, 19).
cost(26, 4, 82).
cost(26, 5, 36).
cost(26, 6, 43).
cost(26, 7, 70).
cost(26, 8, 72).
cost(26, 9, 7).
cost(26, 10, 83).
cost(26, 11, 10).
cost(26, 12, 22).
cost(26, 13, 14).
cost(26, 14, 8).
cost(26, 15, 28).
cost(26, 16, 36).
cost(26, 17, 77).
cost(26, 18, 91).
cost(26, 19, 88).
cost(26, 20, 92).
cost(26, 21, 75).
cost(26, 22, 60).
cost(26, 23, 47).
cost(26, 24, 79).
cost(26, 25, 67).
