dimension(26).
point(1, 23.6141807626, 69.3092042027).
point(2, 32.362812134, 96.9023339424).
point(3, 87.4957125696, 12.6631060064).
point(4, 53.9927528201, 17.9047767571).
point(5, 78.4992609399, 10.5506883586).
point(6, 69.9012234754, 14.7475213).
point(7, 50.5503367886, 83.7301496865).
point(8, 70.7322400656, 9.271623816).
point(9, 36.3181517683, 96.2996964432).
point(10, 47.4366513484, 5.1444703605).
point(11, 73.0869157446, 86.5255558205).
point(12, 60.8780531034, 3.9940863989).
point(13, 54.336497134, 6.6153314773).
point(14, 61.4624890215, 65.2423857398).
point(15, 36.0366997813, 53.8308806823).
point(16, 11.1383344471, 64.3984455473).
point(17, 38.2929783507, 62.8215295507).
point(18, 38.3176871157, 1.1029522561).
point(19, 60.5691307487, 18.2669699118).
point(20, 47.5745971367, 13.677481399).
point(21, 19.8129714346, 43.2826605537).
point(22, 29.7843053408, 57.3717745514).
point(23, 54.3422065234, 27.8188642176).
point(24, 76.0878349816, 15.5302917884).
point(25, 63.2433337467, 75.8505230737).
point(26, 62.5037977818, 78.2779510908).
cost(1, 2, 29).
cost(1, 3, 85).
cost(1, 4, 60).
cost(1, 5, 80).
cost(1, 6, 72).
cost(1, 7, 31).
cost(1, 8, 76).
cost(1, 9, 30).
cost(1, 10, 68).
cost(1, 11, 52).
cost(1, 12, 75).
cost(1, 13, 70).
cost(1, 14, 38).
cost(1, 15, 20).
cost(1, 16, 13).
cost(1, 17, 16).
cost(1, 18, 70).
cost(1, 19, 63).
cost(1, 20, 61).
cost(1, 21, 26).
cost(1, 22, 13).
cost(1, 23, 52).
cost(1, 24, 75).
cost(1, 25, 40).
cost(1, 26, 40).
cost(2, 1, 29).
cost(2, 3, 101).
cost(2, 4, 82).
cost(2, 5, 98).
cost(2, 6, 90).
cost(2, 7, 22).
cost(2, 8, 96).
cost(2, 9, 4).
cost(2, 10, 93).
cost(2, 11, 42).
cost(2, 12, 97).
cost(2, 13, 93).
cost(2, 14, 43).
cost(2, 15, 43).
cost(2, 16, 39).
cost(2, 17, 35).
cost(2, 18, 96).
cost(2, 19, 84).
cost(2, 20, 85).
cost(2, 21, 55).
cost(2, 22, 40).
cost(2, 23, 72).
cost(2, 24, 92).
cost(2, 25, 37).
cost(2, 26, 35).
cost(3, 1, 85).
cost(3, 2, 101).
cost(3, 4, 34).
cost(3, 5, 9).
cost(3, 6, 18).
cost(3, 7, 80).
cost(3, 8, 17).
cost(3, 9, 98).
cost(3, 10, 41).
cost(3, 11, 75).
cost(3, 12, 28).
cost(3, 13, 34).
cost(3, 14, 59).
cost(3, 15, 66).
cost(3, 16, 92).
cost(3, 17, 70).
cost(3, 18, 51).
cost(3, 19, 28).
cost(3, 20, 40).
cost(3, 21, 74).
cost(3, 22, 73).
cost(3, 23, 36).
cost(3, 24, 12).
cost(3, 25, 68).
cost(3, 26, 70).
cost(4, 1, 60).
cost(4, 2, 82).
cost(4, 3, 34).
cost(4, 5, 26).
cost(4, 6, 16).
cost(4, 7, 66).
cost(4, 8, 19).
cost(4, 9, 80).
cost(4, 10, 14).
cost(4, 11, 71).
cost(4, 12, 16).
cost(4, 13, 11).
cost(4, 14, 48).
cost(4, 15, 40).
cost(4, 16, 63).
cost(4, 17, 48).
cost(4, 18, 23).
cost(4, 19, 7).
cost(4, 20, 8).
cost(4, 21, 43).
cost(4, 22, 46).
cost(4, 23, 10).
cost(4, 24, 22).
cost(4, 25, 59).
cost(4, 26, 61).
cost(5, 1, 80).
cost(5, 2, 98).
cost(5, 3, 9).
cost(5, 4, 26).
cost(5, 6, 10).
cost(5, 7, 78).
cost(5, 8, 8).
cost(5, 9, 96).
cost(5, 10, 32).
cost(5, 11, 76).
cost(5, 12, 19).
cost(5, 13, 24).
cost(5, 14, 57).
cost(5, 15, 61).
cost(5, 16, 86).
cost(5, 17, 66).
cost(5, 18, 41).
cost(5, 19, 20).
cost(5, 20, 31).
cost(5, 21, 67).
cost(5, 22, 68).
cost(5, 23, 30).
cost(5, 24, 6).
cost(5, 25, 67).
cost(5, 26, 70).
cost(6, 1, 72).
cost(6, 2, 90).
cost(6, 3, 18).
cost(6, 4, 16).
cost(6, 5, 10).
cost(6, 7, 72).
cost(6, 8, 6).
cost(6, 9, 88).
cost(6, 10, 24).
cost(6, 11, 72).
cost(6, 12, 14).
cost(6, 13, 18).
cost(6, 14, 51).
cost(6, 15, 52).
cost(6, 16, 77).
cost(6, 17, 58).
cost(6, 18, 34).
cost(6, 19, 10).
cost(6, 20, 22).
cost(6, 21, 58).
cost(6, 22, 59).
cost(6, 23, 20).
cost(6, 24, 6).
cost(6, 25, 61).
cost(6, 26, 64).
cost(7, 1, 31).
cost(7, 2, 22).
cost(7, 3, 80).
cost(7, 4, 66).
cost(7, 5, 78).
cost(7, 6, 72).
cost(7, 8, 77).
cost(7, 9, 19).
cost(7, 10, 79).
cost(7, 11, 23).
cost(7, 12, 80).
cost(7, 13, 77).
cost(7, 14, 21).
cost(7, 15, 33).
cost(7, 16, 44).
cost(7, 17, 24).
cost(7, 18, 84).
cost(7, 19, 66).
cost(7, 20, 70).
cost(7, 21, 51).
cost(7, 22, 34).
cost(7, 23, 56).
cost(7, 24, 73).
cost(7, 25, 15).
cost(7, 26, 13).
cost(8, 1, 76).
cost(8, 2, 96).
cost(8, 3, 17).
cost(8, 4, 19).
cost(8, 5, 8).
cost(8, 6, 6).
cost(8, 7, 77).
cost(8, 9, 94).
cost(8, 10, 24).
cost(8, 11, 77).
cost(8, 12, 11).
cost(8, 13, 17).
cost(8, 14, 57).
cost(8, 15, 56).
cost(8, 16, 81).
cost(8, 17, 63).
cost(8, 18, 33).
cost(8, 19, 14).
cost(8, 20, 24).
cost(8, 21, 61).
cost(8, 22, 63).
cost(8, 23, 25).
cost(8, 24, 8).
cost(8, 25, 67).
cost(8, 26, 69).
cost(9, 1, 30).
cost(9, 2, 4).
cost(9, 3, 98).
cost(9, 4, 80).
cost(9, 5, 96).
cost(9, 6, 88).
cost(9, 7, 19).
cost(9, 8, 94).
cost(9, 10, 92).
cost(9, 11, 38).
cost(9, 12, 96).
cost(9, 13, 91).
cost(9, 14, 40).
cost(9, 15, 42).
cost(9, 16, 41).
cost(9, 17, 34).
cost(9, 18, 95).
cost(9, 19, 82).
cost(9, 20, 83).
cost(9, 21, 56).
cost(9, 22, 39).
cost(9, 23, 71).
cost(9, 24, 90).
cost(9, 25, 34).
cost(9, 26, 32).
cost(10, 1, 68).
cost(10, 2, 93).
cost(10, 3, 41).
cost(10, 4, 14).
cost(10, 5, 32).
cost(10, 6, 24).
cost(10, 7, 79).
cost(10, 8, 24).
cost(10, 9, 92).
cost(10, 11, 85).
cost(10, 12, 13).
cost(10, 13, 7).
cost(10, 14, 62).
cost(10, 15, 50).
cost(10, 16, 69).
cost(10, 17, 58).
cost(10, 18, 10).
cost(10, 19, 19).
cost(10, 20, 9).
cost(10, 21, 47).
cost(10, 22, 55).
cost(10, 23, 24).
cost(10, 24, 30).
cost(10, 25, 72).
cost(10, 26, 75).
cost(11, 1, 52).
cost(11, 2, 42).
cost(11, 3, 75).
cost(11, 4, 71).
cost(11, 5, 76).
cost(11, 6, 72).
cost(11, 7, 23).
cost(11, 8, 77).
cost(11, 9, 38).
cost(11, 10, 85).
cost(11, 12, 83).
cost(11, 13, 82).
cost(11, 14, 24).
cost(11, 15, 49).
cost(11, 16, 66).
cost(11, 17, 42).
cost(11, 18, 92).
cost(11, 19, 69).
cost(11, 20, 77).
cost(11, 21, 69).
cost(11, 22, 52).
cost(11, 23, 62).
cost(11, 24, 71).
cost(11, 25, 15).
cost(11, 26, 13).
cost(12, 1, 75).
cost(12, 2, 97).
cost(12, 3, 28).
cost(12, 4, 16).
cost(12, 5, 19).
cost(12, 6, 14).
cost(12, 7, 80).
cost(12, 8, 11).
cost(12, 9, 96).
cost(12, 10, 13).
cost(12, 11, 83).
cost(12, 13, 7).
cost(12, 14, 61).
cost(12, 15, 56).
cost(12, 16, 78).
cost(12, 17, 63).
cost(12, 18, 23).
cost(12, 19, 14).
cost(12, 20, 16).
cost(12, 21, 57).
cost(12, 22, 62).
cost(12, 23, 25).
cost(12, 24, 19).
cost(12, 25, 72).
cost(12, 26, 74).
cost(13, 1, 70).
cost(13, 2, 93).
cost(13, 3, 34).
cost(13, 4, 11).
cost(13, 5, 24).
cost(13, 6, 18).
cost(13, 7, 77).
cost(13, 8, 17).
cost(13, 9, 91).
cost(13, 10, 7).
cost(13, 11, 82).
cost(13, 12, 7).
cost(13, 14, 59).
cost(13, 15, 51).
cost(13, 16, 72).
cost(13, 17, 58).
cost(13, 18, 17).
cost(13, 19, 13).
cost(13, 20, 10).
cost(13, 21, 50).
cost(13, 22, 56).
cost(13, 23, 21).
cost(13, 24, 24).
cost(13, 25, 70).
cost(13, 26, 72).
cost(14, 1, 38).
cost(14, 2, 43).
cost(14, 3, 59).
cost(14, 4, 48).
cost(14, 5, 57).
cost(14, 6, 51).
cost(14, 7, 21).
cost(14, 8, 57).
cost(14, 9, 40).
cost(14, 10, 62).
cost(14, 11, 24).
cost(14, 12, 61).
cost(14, 13, 59).
cost(14, 15, 28).
cost(14, 16, 50).
cost(14, 17, 23).
cost(14, 18, 68).
cost(14, 19, 47).
cost(14, 20, 53).
cost(14, 21, 47).
cost(14, 22, 33).
cost(14, 23, 38).
cost(14, 24, 52).
cost(14, 25, 11).
cost(14, 26, 13).
cost(15, 1, 20).
cost(15, 2, 43).
cost(15, 3, 66).
cost(15, 4, 40).
cost(15, 5, 61).
cost(15, 6, 52).
cost(15, 7, 33).
cost(15, 8, 56).
cost(15, 9, 42).
cost(15, 10, 50).
cost(15, 11, 49).
cost(15, 12, 56).
cost(15, 13, 51).
cost(15, 14, 28).
cost(15, 16, 27).
cost(15, 17, 9).
cost(15, 18, 53).
cost(15, 19, 43).
cost(15, 20, 42).
cost(15, 21, 19).
cost(15, 22, 7).
cost(15, 23, 32).
cost(15, 24, 55).
cost(15, 25, 35).
cost(15, 26, 36).
cost(16, 1, 13).
cost(16, 2, 39).
cost(16, 3, 92).
cost(16, 4, 63).
cost(16, 5, 86).
cost(16, 6, 77).
cost(16, 7, 44).
cost(16, 8, 81).
cost(16, 9, 41).
cost(16, 10, 69).
cost(16, 11, 66).
cost(16, 12, 78).
cost(16, 13, 72).
cost(16, 14, 50).
cost(16, 15, 27).
cost(16, 17, 27).
cost(16, 18, 69).
cost(16, 19, 68).
cost(16, 20, 62).
cost(16, 21, 23).
cost(16, 22, 20).
cost(16, 23, 57).
cost(16, 24, 81).
cost(16, 25, 53).
cost(16, 26, 53).
cost(17, 1, 16).
cost(17, 2, 35).
cost(17, 3, 70).
cost(17, 4, 48).
cost(17, 5, 66).
cost(17, 6, 58).
cost(17, 7, 24).
cost(17, 8, 63).
cost(17, 9, 34).
cost(17, 10, 58).
cost(17, 11, 42).
cost(17, 12, 63).
cost(17, 13, 58).
cost(17, 14, 23).
cost(17, 15, 9).
cost(17, 16, 27).
cost(17, 18, 62).
cost(17, 19, 50).
cost(17, 20, 50).
cost(17, 21, 27).
cost(17, 22, 10).
cost(17, 23, 39).
cost(17, 24, 61).
cost(17, 25, 28).
cost(17, 26, 29).
cost(18, 1, 70).
cost(18, 2, 96).
cost(18, 3, 51).
cost(18, 4, 23).
cost(18, 5, 41).
cost(18, 6, 34).
cost(18, 7, 84).
cost(18, 8, 33).
cost(18, 9, 95).
cost(18, 10, 10).
cost(18, 11, 92).
cost(18, 12, 23).
cost(18, 13, 17).
cost(18, 14, 68).
cost(18, 15, 53).
cost(18, 16, 69).
cost(18, 17, 62).
cost(18, 19, 28).
cost(18, 20, 16).
cost(18, 21, 46).
cost(18, 22, 57).
cost(18, 23, 31).
cost(18, 24, 40).
cost(18, 25, 79).
cost(18, 26, 81).
cost(19, 1, 63).
cost(19, 2, 84).
cost(19, 3, 28).
cost(19, 4, 7).
cost(19, 5, 20).
cost(19, 6, 10).
cost(19, 7, 66).
cost(19, 8, 14).
cost(19, 9, 82).
cost(19, 10, 19).
cost(19, 11, 69).
cost(19, 12, 14).
cost(19, 13, 13).
cost(19, 14, 47).
cost(19, 15, 43).
cost(19, 16, 68).
cost(19, 17, 50).
cost(19, 18, 28).
cost(19, 20, 14).
cost(19, 21, 48).
cost(19, 22, 50).
cost(19, 23, 11).
cost(19, 24, 16).
cost(19, 25, 58).
cost(19, 26, 60).
cost(20, 1, 61).
cost(20, 2, 85).
cost(20, 3, 40).
cost(20, 4, 8).
cost(20, 5, 31).
cost(20, 6, 22).
cost(20, 7, 70).
cost(20, 8, 24).
cost(20, 9, 83).
cost(20, 10, 9).
cost(20, 11, 77).
cost(20, 12, 16).
cost(20, 13, 10).
cost(20, 14, 53).
cost(20, 15, 42).
cost(20, 16, 62).
cost(20, 17, 50).
cost(20, 18, 16).
cost(20, 19, 14).
cost(20, 21, 41).
cost(20, 22, 47).
cost(20, 23, 16).
cost(20, 24, 29).
cost(20, 25, 64).
cost(20, 26, 66).
cost(21, 1, 26).
cost(21, 2, 55).
cost(21, 3, 74).
cost(21, 4, 43).
cost(21, 5, 67).
cost(21, 6, 58).
cost(21, 7, 51).
cost(21, 8, 61).
cost(21, 9, 56).
cost(21, 10, 47).
cost(21, 11, 69).
cost(21, 12, 57).
cost(21, 13, 50).
cost(21, 14, 47).
cost(21, 15, 19).
cost(21, 16, 23).
cost(21, 17, 27).
cost(21, 18, 46).
cost(21, 19, 48).
cost(21, 20, 41).
cost(21, 22, 17).
cost(21, 23, 38).
cost(21, 24, 63).
cost(21, 25, 54).
cost(21, 26, 55).
cost(22, 1, 13).
cost(22, 2, 40).
cost(22, 3, 73).
cost(22, 4, 46).
cost(22, 5, 68).
cost(22, 6, 59).
cost(22, 7, 34).
cost(22, 8, 63).
cost(22, 9, 39).
cost(22, 10, 55).
cost(22, 11, 52).
cost(22, 12, 62).
cost(22, 13, 56).
cost(22, 14, 33).
cost(22, 15, 7).
cost(22, 16, 20).
cost(22, 17, 10).
cost(22, 18, 57).
cost(22, 19, 50).
cost(22, 20, 47).
cost(22, 21, 17).
cost(22, 23, 38).
cost(22, 24, 62).
cost(22, 25, 38).
cost(22, 26, 39).
cost(23, 1, 52).
cost(23, 2, 72).
cost(23, 3, 36).
cost(23, 4, 10).
cost(23, 5, 30).
cost(23, 6, 20).
cost(23, 7, 56).
cost(23, 8, 25).
cost(23, 9, 71).
cost(23, 10, 24).
cost(23, 11, 62).
cost(23, 12, 25).
cost(23, 13, 21).
cost(23, 14, 38).
cost(23, 15, 32).
cost(23, 16, 57).
cost(23, 17, 39).
cost(23, 18, 31).
cost(23, 19, 11).
cost(23, 20, 16).
cost(23, 21, 38).
cost(23, 22, 38).
cost(23, 24, 25).
cost(23, 25, 49).
cost(23, 26, 51).
cost(24, 1, 75).
cost(24, 2, 92).
cost(24, 3, 12).
cost(24, 4, 22).
cost(24, 5, 6).
cost(24, 6, 6).
cost(24, 7, 73).
cost(24, 8, 8).
cost(24, 9, 90).
cost(24, 10, 30).
cost(24, 11, 71).
cost(24, 12, 19).
cost(24, 13, 24).
cost(24, 14, 52).
cost(24, 15, 55).
cost(24, 16, 81).
cost(24, 17, 61).
cost(24, 18, 40).
cost(24, 19, 16).
cost(24, 20, 29).
cost(24, 21, 63).
cost(24, 22, 62).
cost(24, 23, 25).
cost(24, 25, 62).
cost(24, 26, 64).
cost(25, 1, 40).
cost(25, 2, 37).
cost(25, 3, 68).
cost(25, 4, 59).
cost(25, 5, 67).
cost(25, 6, 61).
cost(25, 7, 15).
cost(25, 8, 67).
cost(25, 9, 34).
cost(25, 10, 72).
cost(25, 11, 15).
cost(25, 12, 72).
cost(25, 13, 70).
cost(25, 14, 11).
cost(25, 15, 35).
cost(25, 16, 53).
cost(25, 17, 28).
cost(25, 18, 79).
cost(25, 19, 58).
cost(25, 20, 64).
cost(25, 21, 54).
cost(25, 22, 38).
cost(25, 23, 49).
cost(25, 24, 62).
cost(25, 26, 3).
cost(26, 1, 40).
cost(26, 2, 35).
cost(26, 3, 70).
cost(26, 4, 61).
cost(26, 5, 70).
cost(26, 6, 64).
cost(26, 7, 13).
cost(26, 8, 69).
cost(26, 9, 32).
cost(26, 10, 75).
cost(26, 11, 13).
cost(26, 12, 74).
cost(26, 13, 72).
cost(26, 14, 13).
cost(26, 15, 36).
cost(26, 16, 53).
cost(26, 17, 29).
cost(26, 18, 81).
cost(26, 19, 60).
cost(26, 20, 66).
cost(26, 21, 55).
cost(26, 22, 39).
cost(26, 23, 51).
cost(26, 24, 64).
cost(26, 25, 3).
