dimension(26).
point(1, 77.6678179566, 75.0951856535).
point(2, 69.4258768711, 57.7430228305).
point(3, 72.0321994769, 12.416170432).
point(4, 27.0047355655, 20.5435306422).
point(5, 30.1716844914, 91.7892912569).
point(6, 62.4860808988, 66.8496125394).
point(7, 42.9180500257, 13.3329760756).
point(8, 49.703111409, 14.2846036245).
point(9, 41.406301833, 17.9298940893).
point(10, 38.9415855714, 77.6182575765).
point(11, 63.6365212804, 91.4076896313).
point(12, 73.4988648087, 70.2938238074).
point(13, 36.5245732497, 82.1584833917).
point(14, 42.2420348279, 57.8327871917).
point(15, 73.7289475104, 6.1464014853).
point(16, 22.8800194776, 4.5239670309).
point(17, 55.7089989316, 89.1961395251).
point(18, 22.0037598777, 1.7563659279).
point(19, 74.5190274301, 14.6476332091).
point(20, 31.5314791205, 63.3943311581).
point(21, 22.0477840621, 15.3757755398).
point(22, 24.4092321973, 8.6698234965).
point(23, 80.1847671875, 78.4800368651).
point(24, 87.773481587, 86.2675467475).
point(25, 24.7359273401, 1.9708855884).
point(26, 61.0878698778, 30.0871883181).
cost(1, 2, 19).
cost(1, 3, 63).
cost(1, 4, 74).
cost(1, 5, 50).
cost(1, 6, 17).
cost(1, 7, 71).
cost(1, 8, 67).
cost(1, 9, 68).
cost(1, 10, 39).
cost(1, 11, 22).
cost(1, 12, 6).
cost(1, 13, 42).
cost(1, 14, 39).
cost(1, 15, 69).
cost(1, 16, 89).
cost(1, 17, 26).
cost(1, 18, 92).
cost(1, 19, 61).
cost(1, 20, 48).
cost(1, 21, 82).
cost(1, 22, 85).
cost(1, 23, 4).
cost(1, 24, 15).
cost(1, 25, 90).
cost(1, 26, 48).
cost(2, 1, 19).
cost(2, 3, 45).
cost(2, 4, 56).
cost(2, 5, 52).
cost(2, 6, 11).
cost(2, 7, 52).
cost(2, 8, 48).
cost(2, 9, 49).
cost(2, 10, 36).
cost(2, 11, 34).
cost(2, 12, 13).
cost(2, 13, 41).
cost(2, 14, 27).
cost(2, 15, 52).
cost(2, 16, 71).
cost(2, 17, 34).
cost(2, 18, 73).
cost(2, 19, 43).
cost(2, 20, 38).
cost(2, 21, 64).
cost(2, 22, 67).
cost(2, 23, 23).
cost(2, 24, 34).
cost(2, 25, 71).
cost(2, 26, 29).
cost(3, 1, 63).
cost(3, 2, 45).
cost(3, 4, 46).
cost(3, 5, 90).
cost(3, 6, 55).
cost(3, 7, 29).
cost(3, 8, 22).
cost(3, 9, 31).
cost(3, 10, 73).
cost(3, 11, 79).
cost(3, 12, 58).
cost(3, 13, 78).
cost(3, 14, 54).
cost(3, 15, 6).
cost(3, 16, 50).
cost(3, 17, 78).
cost(3, 18, 51).
cost(3, 19, 3).
cost(3, 20, 65).
cost(3, 21, 50).
cost(3, 22, 48).
cost(3, 23, 67).
cost(3, 24, 76).
cost(3, 25, 48).
cost(3, 26, 21).
cost(4, 1, 74).
cost(4, 2, 56).
cost(4, 3, 46).
cost(4, 5, 71).
cost(4, 6, 58).
cost(4, 7, 17).
cost(4, 8, 24).
cost(4, 9, 15).
cost(4, 10, 58).
cost(4, 11, 80).
cost(4, 12, 68).
cost(4, 13, 62).
cost(4, 14, 40).
cost(4, 15, 49).
cost(4, 16, 17).
cost(4, 17, 74).
cost(4, 18, 19).
cost(4, 19, 48).
cost(4, 20, 43).
cost(4, 21, 7).
cost(4, 22, 12).
cost(4, 23, 79).
cost(4, 24, 90).
cost(4, 25, 19).
cost(4, 26, 35).
cost(5, 1, 50).
cost(5, 2, 52).
cost(5, 3, 90).
cost(5, 4, 71).
cost(5, 6, 41).
cost(5, 7, 79).
cost(5, 8, 80).
cost(5, 9, 75).
cost(5, 10, 17).
cost(5, 11, 33).
cost(5, 12, 48).
cost(5, 13, 12).
cost(5, 14, 36).
cost(5, 15, 96).
cost(5, 16, 88).
cost(5, 17, 26).
cost(5, 18, 90).
cost(5, 19, 89).
cost(5, 20, 28).
cost(5, 21, 77).
cost(5, 22, 83).
cost(5, 23, 52).
cost(5, 24, 58).
cost(5, 25, 90).
cost(5, 26, 69).
cost(6, 1, 17).
cost(6, 2, 11).
cost(6, 3, 55).
cost(6, 4, 58).
cost(6, 5, 41).
cost(6, 7, 57).
cost(6, 8, 54).
cost(6, 9, 53).
cost(6, 10, 26).
cost(6, 11, 25).
cost(6, 12, 12).
cost(6, 13, 30).
cost(6, 14, 22).
cost(6, 15, 62).
cost(6, 16, 74).
cost(6, 17, 23).
cost(6, 18, 77).
cost(6, 19, 54).
cost(6, 20, 31).
cost(6, 21, 65).
cost(6, 22, 70).
cost(6, 23, 21).
cost(6, 24, 32).
cost(6, 25, 75).
cost(6, 26, 37).
cost(7, 1, 71).
cost(7, 2, 52).
cost(7, 3, 29).
cost(7, 4, 17).
cost(7, 5, 79).
cost(7, 6, 57).
cost(7, 8, 7).
cost(7, 9, 5).
cost(7, 10, 64).
cost(7, 11, 81).
cost(7, 12, 65).
cost(7, 13, 69).
cost(7, 14, 45).
cost(7, 15, 32).
cost(7, 16, 22).
cost(7, 17, 77).
cost(7, 18, 24).
cost(7, 19, 32).
cost(7, 20, 51).
cost(7, 21, 21).
cost(7, 22, 19).
cost(7, 23, 75).
cost(7, 24, 86).
cost(7, 25, 21).
cost(7, 26, 25).
cost(8, 1, 67).
cost(8, 2, 48).
cost(8, 3, 22).
cost(8, 4, 24).
cost(8, 5, 80).
cost(8, 6, 54).
cost(8, 7, 7).
cost(8, 9, 9).
cost(8, 10, 64).
cost(8, 11, 78).
cost(8, 12, 61).
cost(8, 13, 69).
cost(8, 14, 44).
cost(8, 15, 25).
cost(8, 16, 29).
cost(8, 17, 75).
cost(8, 18, 30).
cost(8, 19, 25).
cost(8, 20, 52).
cost(8, 21, 28).
cost(8, 22, 26).
cost(8, 23, 71).
cost(8, 24, 81).
cost(8, 25, 28).
cost(8, 26, 19).
cost(9, 1, 68).
cost(9, 2, 49).
cost(9, 3, 31).
cost(9, 4, 15).
cost(9, 5, 75).
cost(9, 6, 53).
cost(9, 7, 5).
cost(9, 8, 9).
cost(9, 10, 60).
cost(9, 11, 77).
cost(9, 12, 61).
cost(9, 13, 64).
cost(9, 14, 40).
cost(9, 15, 34).
cost(9, 16, 23).
cost(9, 17, 73).
cost(9, 18, 25).
cost(9, 19, 33).
cost(9, 20, 47).
cost(9, 21, 20).
cost(9, 22, 19).
cost(9, 23, 72).
cost(9, 24, 83).
cost(9, 25, 23).
cost(9, 26, 23).
cost(10, 1, 39).
cost(10, 2, 36).
cost(10, 3, 73).
cost(10, 4, 58).
cost(10, 5, 17).
cost(10, 6, 26).
cost(10, 7, 64).
cost(10, 8, 64).
cost(10, 9, 60).
cost(10, 11, 28).
cost(10, 12, 35).
cost(10, 13, 5).
cost(10, 14, 20).
cost(10, 15, 79).
cost(10, 16, 75).
cost(10, 17, 20).
cost(10, 18, 78).
cost(10, 19, 72).
cost(10, 20, 16).
cost(10, 21, 64).
cost(10, 22, 70).
cost(10, 23, 41).
cost(10, 24, 50).
cost(10, 25, 77).
cost(10, 26, 52).
cost(11, 1, 22).
cost(11, 2, 34).
cost(11, 3, 79).
cost(11, 4, 80).
cost(11, 5, 33).
cost(11, 6, 25).
cost(11, 7, 81).
cost(11, 8, 78).
cost(11, 9, 77).
cost(11, 10, 28).
cost(11, 12, 23).
cost(11, 13, 29).
cost(11, 14, 40).
cost(11, 15, 86).
cost(11, 16, 96).
cost(11, 17, 8).
cost(11, 18, 99).
cost(11, 19, 78).
cost(11, 20, 43).
cost(11, 21, 87).
cost(11, 22, 92).
cost(11, 23, 21).
cost(11, 24, 25).
cost(11, 25, 98).
cost(11, 26, 61).
cost(12, 1, 6).
cost(12, 2, 13).
cost(12, 3, 58).
cost(12, 4, 68).
cost(12, 5, 48).
cost(12, 6, 12).
cost(12, 7, 65).
cost(12, 8, 61).
cost(12, 9, 61).
cost(12, 10, 35).
cost(12, 11, 23).
cost(12, 13, 39).
cost(12, 14, 34).
cost(12, 15, 64).
cost(12, 16, 83).
cost(12, 17, 26).
cost(12, 18, 86).
cost(12, 19, 56).
cost(12, 20, 43).
cost(12, 21, 75).
cost(12, 22, 79).
cost(12, 23, 11).
cost(12, 24, 21).
cost(12, 25, 84).
cost(12, 26, 42).
cost(13, 1, 42).
cost(13, 2, 41).
cost(13, 3, 78).
cost(13, 4, 62).
cost(13, 5, 12).
cost(13, 6, 30).
cost(13, 7, 69).
cost(13, 8, 69).
cost(13, 9, 64).
cost(13, 10, 5).
cost(13, 11, 29).
cost(13, 12, 39).
cost(13, 14, 25).
cost(13, 15, 85).
cost(13, 16, 79).
cost(13, 17, 20).
cost(13, 18, 82).
cost(13, 19, 77).
cost(13, 20, 19).
cost(13, 21, 68).
cost(13, 22, 74).
cost(13, 23, 44).
cost(13, 24, 51).
cost(13, 25, 81).
cost(13, 26, 58).
cost(14, 1, 39).
cost(14, 2, 27).
cost(14, 3, 54).
cost(14, 4, 40).
cost(14, 5, 36).
cost(14, 6, 22).
cost(14, 7, 45).
cost(14, 8, 44).
cost(14, 9, 40).
cost(14, 10, 20).
cost(14, 11, 40).
cost(14, 12, 34).
cost(14, 13, 25).
cost(14, 15, 61).
cost(14, 16, 57).
cost(14, 17, 34).
cost(14, 18, 60).
cost(14, 19, 54).
cost(14, 20, 12).
cost(14, 21, 47).
cost(14, 22, 52).
cost(14, 23, 43).
cost(14, 24, 54).
cost(14, 25, 59).
cost(14, 26, 34).
cost(15, 1, 69).
cost(15, 2, 52).
cost(15, 3, 6).
cost(15, 4, 49).
cost(15, 5, 96).
cost(15, 6, 62).
cost(15, 7, 32).
cost(15, 8, 25).
cost(15, 9, 34).
cost(15, 10, 79).
cost(15, 11, 86).
cost(15, 12, 64).
cost(15, 13, 85).
cost(15, 14, 61).
cost(15, 16, 51).
cost(15, 17, 85).
cost(15, 18, 52).
cost(15, 19, 9).
cost(15, 20, 71).
cost(15, 21, 52).
cost(15, 22, 49).
cost(15, 23, 73).
cost(15, 24, 81).
cost(15, 25, 49).
cost(15, 26, 27).
cost(16, 1, 89).
cost(16, 2, 71).
cost(16, 3, 50).
cost(16, 4, 17).
cost(16, 5, 88).
cost(16, 6, 74).
cost(16, 7, 22).
cost(16, 8, 29).
cost(16, 9, 23).
cost(16, 10, 75).
cost(16, 11, 96).
cost(16, 12, 83).
cost(16, 13, 79).
cost(16, 14, 57).
cost(16, 15, 51).
cost(16, 17, 91).
cost(16, 18, 3).
cost(16, 19, 53).
cost(16, 20, 60).
cost(16, 21, 11).
cost(16, 22, 4).
cost(16, 23, 94).
cost(16, 24, 104).
cost(16, 25, 3).
cost(16, 26, 46).
cost(17, 1, 26).
cost(17, 2, 34).
cost(17, 3, 78).
cost(17, 4, 74).
cost(17, 5, 26).
cost(17, 6, 23).
cost(17, 7, 77).
cost(17, 8, 75).
cost(17, 9, 73).
cost(17, 10, 20).
cost(17, 11, 8).
cost(17, 12, 26).
cost(17, 13, 20).
cost(17, 14, 34).
cost(17, 15, 85).
cost(17, 16, 91).
cost(17, 18, 94).
cost(17, 19, 77).
cost(17, 20, 35).
cost(17, 21, 81).
cost(17, 22, 86).
cost(17, 23, 27).
cost(17, 24, 32).
cost(17, 25, 93).
cost(17, 26, 59).
cost(18, 1, 92).
cost(18, 2, 73).
cost(18, 3, 51).
cost(18, 4, 19).
cost(18, 5, 90).
cost(18, 6, 77).
cost(18, 7, 24).
cost(18, 8, 30).
cost(18, 9, 25).
cost(18, 10, 78).
cost(18, 11, 99).
cost(18, 12, 86).
cost(18, 13, 82).
cost(18, 14, 60).
cost(18, 15, 52).
cost(18, 16, 3).
cost(18, 17, 94).
cost(18, 19, 54).
cost(18, 20, 62).
cost(18, 21, 14).
cost(18, 22, 7).
cost(18, 23, 96).
cost(18, 24, 107).
cost(18, 25, 3).
cost(18, 26, 48).
cost(19, 1, 61).
cost(19, 2, 43).
cost(19, 3, 3).
cost(19, 4, 48).
cost(19, 5, 89).
cost(19, 6, 54).
cost(19, 7, 32).
cost(19, 8, 25).
cost(19, 9, 33).
cost(19, 10, 72).
cost(19, 11, 78).
cost(19, 12, 56).
cost(19, 13, 77).
cost(19, 14, 54).
cost(19, 15, 9).
cost(19, 16, 53).
cost(19, 17, 77).
cost(19, 18, 54).
cost(19, 20, 65).
cost(19, 21, 52).
cost(19, 22, 50).
cost(19, 23, 64).
cost(19, 24, 73).
cost(19, 25, 51).
cost(19, 26, 20).
cost(20, 1, 48).
cost(20, 2, 38).
cost(20, 3, 65).
cost(20, 4, 43).
cost(20, 5, 28).
cost(20, 6, 31).
cost(20, 7, 51).
cost(20, 8, 52).
cost(20, 9, 47).
cost(20, 10, 16).
cost(20, 11, 43).
cost(20, 12, 43).
cost(20, 13, 19).
cost(20, 14, 12).
cost(20, 15, 71).
cost(20, 16, 60).
cost(20, 17, 35).
cost(20, 18, 62).
cost(20, 19, 65).
cost(20, 21, 49).
cost(20, 22, 55).
cost(20, 23, 51).
cost(20, 24, 61).
cost(20, 25, 62).
cost(20, 26, 45).
cost(21, 1, 82).
cost(21, 2, 64).
cost(21, 3, 50).
cost(21, 4, 7).
cost(21, 5, 77).
cost(21, 6, 65).
cost(21, 7, 21).
cost(21, 8, 28).
cost(21, 9, 20).
cost(21, 10, 64).
cost(21, 11, 87).
cost(21, 12, 75).
cost(21, 13, 68).
cost(21, 14, 47).
cost(21, 15, 52).
cost(21, 16, 11).
cost(21, 17, 81).
cost(21, 18, 14).
cost(21, 19, 52).
cost(21, 20, 49).
cost(21, 22, 7).
cost(21, 23, 86).
cost(21, 24, 97).
cost(21, 25, 14).
cost(21, 26, 42).
cost(22, 1, 85).
cost(22, 2, 67).
cost(22, 3, 48).
cost(22, 4, 12).
cost(22, 5, 83).
cost(22, 6, 70).
cost(22, 7, 19).
cost(22, 8, 26).
cost(22, 9, 19).
cost(22, 10, 70).
cost(22, 11, 92).
cost(22, 12, 79).
cost(22, 13, 74).
cost(22, 14, 52).
cost(22, 15, 49).
cost(22, 16, 4).
cost(22, 17, 86).
cost(22, 18, 7).
cost(22, 19, 50).
cost(22, 20, 55).
cost(22, 21, 7).
cost(22, 23, 89).
cost(22, 24, 100).
cost(22, 25, 7).
cost(22, 26, 42).
cost(23, 1, 4).
cost(23, 2, 23).
cost(23, 3, 67).
cost(23, 4, 79).
cost(23, 5, 52).
cost(23, 6, 21).
cost(23, 7, 75).
cost(23, 8, 71).
cost(23, 9, 72).
cost(23, 10, 41).
cost(23, 11, 21).
cost(23, 12, 11).
cost(23, 13, 44).
cost(23, 14, 43).
cost(23, 15, 73).
cost(23, 16, 94).
cost(23, 17, 27).
cost(23, 18, 96).
cost(23, 19, 64).
cost(23, 20, 51).
cost(23, 21, 86).
cost(23, 22, 89).
cost(23, 24, 11).
cost(23, 25, 94).
cost(23, 26, 52).
cost(24, 1, 15).
cost(24, 2, 34).
cost(24, 3, 76).
cost(24, 4, 90).
cost(24, 5, 58).
cost(24, 6, 32).
cost(24, 7, 86).
cost(24, 8, 81).
cost(24, 9, 83).
cost(24, 10, 50).
cost(24, 11, 25).
cost(24, 12, 21).
cost(24, 13, 51).
cost(24, 14, 54).
cost(24, 15, 81).
cost(24, 16, 104).
cost(24, 17, 32).
cost(24, 18, 107).
cost(24, 19, 73).
cost(24, 20, 61).
cost(24, 21, 97).
cost(24, 22, 100).
cost(24, 23, 11).
cost(24, 25, 105).
cost(24, 26, 62).
cost(25, 1, 90).
cost(25, 2, 71).
cost(25, 3, 48).
cost(25, 4, 19).
cost(25, 5, 90).
cost(25, 6, 75).
cost(25, 7, 21).
cost(25, 8, 28).
cost(25, 9, 23).
cost(25, 10, 77).
cost(25, 11, 98).
cost(25, 12, 84).
cost(25, 13, 81).
cost(25, 14, 59).
cost(25, 15, 49).
cost(25, 16, 3).
cost(25, 17, 93).
cost(25, 18, 3).
cost(25, 19, 51).
cost(25, 20, 62).
cost(25, 21, 14).
cost(25, 22, 7).
cost(25, 23, 94).
cost(25, 24, 105).
cost(25, 26, 46).
cost(26, 1, 48).
cost(26, 2, 29).
cost(26, 3, 21).
cost(26, 4, 35).
cost(26, 5, 69).
cost(26, 6, 37).
cost(26, 7, 25).
cost(26, 8, 19).
cost(26, 9, 23).
cost(26, 10, 52).
cost(26, 11, 61).
cost(26, 12, 42).
cost(26, 13, 58).
cost(26, 14, 34).
cost(26, 15, 27).
cost(26, 16, 46).
cost(26, 17, 59).
cost(26, 18, 48).
cost(26, 19, 20).
cost(26, 20, 45).
cost(26, 21, 42).
cost(26, 22, 42).
cost(26, 23, 52).
cost(26, 24, 62).
cost(26, 25, 46).
