dimension(26).
point(1, 35.2898164132, 69.8495062587).
point(2, 15.3785688501, 84.4603465203).
point(3, 18.2525329416, 41.9320317856).
point(4, 77.7506527914, 69.1354327551).
point(5, 86.8093305825, 55.3872658348).
point(6, 26.2474567486, 47.4907859335).
point(7, 97.6308555305, 30.433915323).
point(8, 95.5156742691, 37.2832485877).
point(9, 88.3659680789, 40.3700962827).
point(10, 99.7631720968, 68.1528994327).
point(11, 90.1674623961, 31.2562181904).
point(12, 81.2202618822, 74.2880107957).
point(13, 22.1050332902, 84.1637075646).
point(14, 18.4705526482, 44.2320520492).
point(15, 90.9130205581, 67.837323492).
point(16, 7.7464779187, 35.935774051).
point(17, 35.702575994, 43.5560006605).
point(18, 39.8949884489, 65.4627243814).
point(19, 96.391330787, 68.9287423981).
point(20, 34.8162001533, 74.6830553825).
point(21, 75.3549513125, 29.7232604248).
point(22, 21.1781926217, 47.8847201574).
point(23, 7.8898500222, 50.7494458167).
point(24, 86.3664398277, 64.105205021).
point(25, 25.5834844165, 58.2445556836).
point(26, 88.0261661627, 70.9214627253).
cost(1, 2, 25).
cost(1, 3, 33).
cost(1, 4, 42).
cost(1, 5, 54).
cost(1, 6, 24).
cost(1, 7, 74).
cost(1, 8, 68).
cost(1, 9, 61).
cost(1, 10, 64).
cost(1, 11, 67).
cost(1, 12, 46).
cost(1, 13, 19).
cost(1, 14, 31).
cost(1, 15, 56).
cost(1, 16, 44).
cost(1, 17, 26).
cost(1, 18, 6).
cost(1, 19, 61).
cost(1, 20, 5).
cost(1, 21, 57).
cost(1, 22, 26).
cost(1, 23, 33).
cost(1, 24, 51).
cost(1, 25, 15).
cost(1, 26, 53).
cost(2, 1, 25).
cost(2, 3, 43).
cost(2, 4, 64).
cost(2, 5, 77).
cost(2, 6, 39).
cost(2, 7, 98).
cost(2, 8, 93).
cost(2, 9, 85).
cost(2, 10, 86).
cost(2, 11, 92).
cost(2, 12, 67).
cost(2, 13, 7).
cost(2, 14, 40).
cost(2, 15, 77).
cost(2, 16, 49).
cost(2, 17, 46).
cost(2, 18, 31).
cost(2, 19, 82).
cost(2, 20, 22).
cost(2, 21, 81).
cost(2, 22, 37).
cost(2, 23, 35).
cost(2, 24, 74).
cost(2, 25, 28).
cost(2, 26, 74).
cost(3, 1, 33).
cost(3, 2, 43).
cost(3, 4, 65).
cost(3, 5, 70).
cost(3, 6, 10).
cost(3, 7, 80).
cost(3, 8, 77).
cost(3, 9, 70).
cost(3, 10, 86).
cost(3, 11, 73).
cost(3, 12, 71).
cost(3, 13, 42).
cost(3, 14, 2).
cost(3, 15, 77).
cost(3, 16, 12).
cost(3, 17, 18).
cost(3, 18, 32).
cost(3, 19, 83).
cost(3, 20, 37).
cost(3, 21, 58).
cost(3, 22, 7).
cost(3, 23, 14).
cost(3, 24, 72).
cost(3, 25, 18).
cost(3, 26, 76).
cost(4, 1, 42).
cost(4, 2, 64).
cost(4, 3, 65).
cost(4, 5, 16).
cost(4, 6, 56).
cost(4, 7, 44).
cost(4, 8, 36).
cost(4, 9, 31).
cost(4, 10, 22).
cost(4, 11, 40).
cost(4, 12, 6).
cost(4, 13, 58).
cost(4, 14, 64).
cost(4, 15, 13).
cost(4, 16, 77).
cost(4, 17, 49).
cost(4, 18, 38).
cost(4, 19, 19).
cost(4, 20, 43).
cost(4, 21, 39).
cost(4, 22, 60).
cost(4, 23, 72).
cost(4, 24, 10).
cost(4, 25, 53).
cost(4, 26, 10).
cost(5, 1, 54).
cost(5, 2, 77).
cost(5, 3, 70).
cost(5, 4, 16).
cost(5, 6, 61).
cost(5, 7, 27).
cost(5, 8, 20).
cost(5, 9, 15).
cost(5, 10, 18).
cost(5, 11, 24).
cost(5, 12, 20).
cost(5, 13, 71).
cost(5, 14, 69).
cost(5, 15, 13).
cost(5, 16, 81).
cost(5, 17, 52).
cost(5, 18, 48).
cost(5, 19, 17).
cost(5, 20, 55).
cost(5, 21, 28).
cost(5, 22, 66).
cost(5, 23, 79).
cost(5, 24, 9).
cost(5, 25, 61).
cost(5, 26, 16).
cost(6, 1, 24).
cost(6, 2, 39).
cost(6, 3, 10).
cost(6, 4, 56).
cost(6, 5, 61).
cost(6, 7, 73).
cost(6, 8, 70).
cost(6, 9, 63).
cost(6, 10, 76).
cost(6, 11, 66).
cost(6, 12, 61).
cost(6, 13, 37).
cost(6, 14, 8).
cost(6, 15, 68).
cost(6, 16, 22).
cost(6, 17, 10).
cost(6, 18, 23).
cost(6, 19, 73).
cost(6, 20, 29).
cost(6, 21, 52).
cost(6, 22, 5).
cost(6, 23, 19).
cost(6, 24, 62).
cost(6, 25, 11).
cost(6, 26, 66).
cost(7, 1, 74).
cost(7, 2, 98).
cost(7, 3, 80).
cost(7, 4, 44).
cost(7, 5, 27).
cost(7, 6, 73).
cost(7, 8, 7).
cost(7, 9, 14).
cost(7, 10, 38).
cost(7, 11, 8).
cost(7, 12, 47).
cost(7, 13, 93).
cost(7, 14, 80).
cost(7, 15, 38).
cost(7, 16, 90).
cost(7, 17, 63).
cost(7, 18, 68).
cost(7, 19, 39).
cost(7, 20, 77).
cost(7, 21, 22).
cost(7, 22, 78).
cost(7, 23, 92).
cost(7, 24, 36).
cost(7, 25, 77).
cost(7, 26, 42).
cost(8, 1, 68).
cost(8, 2, 93).
cost(8, 3, 77).
cost(8, 4, 36).
cost(8, 5, 20).
cost(8, 6, 70).
cost(8, 7, 7).
cost(8, 9, 8).
cost(8, 10, 31).
cost(8, 11, 8).
cost(8, 12, 40).
cost(8, 13, 87).
cost(8, 14, 77).
cost(8, 15, 31).
cost(8, 16, 88).
cost(8, 17, 60).
cost(8, 18, 62).
cost(8, 19, 32).
cost(8, 20, 71).
cost(8, 21, 22).
cost(8, 22, 75).
cost(8, 23, 89).
cost(8, 24, 28).
cost(8, 25, 73).
cost(8, 26, 34).
cost(9, 1, 61).
cost(9, 2, 85).
cost(9, 3, 70).
cost(9, 4, 31).
cost(9, 5, 15).
cost(9, 6, 63).
cost(9, 7, 14).
cost(9, 8, 8).
cost(9, 10, 30).
cost(9, 11, 9).
cost(9, 12, 35).
cost(9, 13, 79).
cost(9, 14, 70).
cost(9, 15, 28).
cost(9, 16, 81).
cost(9, 17, 53).
cost(9, 18, 55).
cost(9, 19, 30).
cost(9, 20, 64).
cost(9, 21, 17).
cost(9, 22, 68).
cost(9, 23, 81).
cost(9, 24, 24).
cost(9, 25, 65).
cost(9, 26, 31).
cost(10, 1, 64).
cost(10, 2, 86).
cost(10, 3, 86).
cost(10, 4, 22).
cost(10, 5, 18).
cost(10, 6, 76).
cost(10, 7, 38).
cost(10, 8, 31).
cost(10, 9, 30).
cost(10, 11, 38).
cost(10, 12, 20).
cost(10, 13, 79).
cost(10, 14, 85).
cost(10, 15, 9).
cost(10, 16, 97).
cost(10, 17, 69).
cost(10, 18, 60).
cost(10, 19, 3).
cost(10, 20, 65).
cost(10, 21, 46).
cost(10, 22, 81).
cost(10, 23, 94).
cost(10, 24, 14).
cost(10, 25, 75).
cost(10, 26, 12).
cost(11, 1, 67).
cost(11, 2, 92).
cost(11, 3, 73).
cost(11, 4, 40).
cost(11, 5, 24).
cost(11, 6, 66).
cost(11, 7, 8).
cost(11, 8, 8).
cost(11, 9, 9).
cost(11, 10, 38).
cost(11, 12, 44).
cost(11, 13, 86).
cost(11, 14, 73).
cost(11, 15, 37).
cost(11, 16, 83).
cost(11, 17, 56).
cost(11, 18, 61).
cost(11, 19, 38).
cost(11, 20, 70).
cost(11, 21, 15).
cost(11, 22, 71).
cost(11, 23, 85).
cost(11, 24, 33).
cost(11, 25, 70).
cost(11, 26, 40).
cost(12, 1, 46).
cost(12, 2, 67).
cost(12, 3, 71).
cost(12, 4, 6).
cost(12, 5, 20).
cost(12, 6, 61).
cost(12, 7, 47).
cost(12, 8, 40).
cost(12, 9, 35).
cost(12, 10, 20).
cost(12, 11, 44).
cost(12, 13, 60).
cost(12, 14, 70).
cost(12, 15, 12).
cost(12, 16, 83).
cost(12, 17, 55).
cost(12, 18, 42).
cost(12, 19, 16).
cost(12, 20, 46).
cost(12, 21, 45).
cost(12, 22, 66).
cost(12, 23, 77).
cost(12, 24, 11).
cost(12, 25, 58).
cost(12, 26, 8).
cost(13, 1, 19).
cost(13, 2, 7).
cost(13, 3, 42).
cost(13, 4, 58).
cost(13, 5, 71).
cost(13, 6, 37).
cost(13, 7, 93).
cost(13, 8, 87).
cost(13, 9, 79).
cost(13, 10, 79).
cost(13, 11, 86).
cost(13, 12, 60).
cost(13, 14, 40).
cost(13, 15, 71).
cost(13, 16, 50).
cost(13, 17, 43).
cost(13, 18, 26).
cost(13, 19, 76).
cost(13, 20, 16).
cost(13, 21, 76).
cost(13, 22, 36).
cost(13, 23, 36).
cost(13, 24, 67).
cost(13, 25, 26).
cost(13, 26, 67).
cost(14, 1, 31).
cost(14, 2, 40).
cost(14, 3, 2).
cost(14, 4, 64).
cost(14, 5, 69).
cost(14, 6, 8).
cost(14, 7, 80).
cost(14, 8, 77).
cost(14, 9, 70).
cost(14, 10, 85).
cost(14, 11, 73).
cost(14, 12, 70).
cost(14, 13, 40).
cost(14, 15, 76).
cost(14, 16, 14).
cost(14, 17, 17).
cost(14, 18, 30).
cost(14, 19, 82).
cost(14, 20, 35).
cost(14, 21, 59).
cost(14, 22, 5).
cost(14, 23, 12).
cost(14, 24, 71).
cost(14, 25, 16).
cost(14, 26, 75).
cost(15, 1, 56).
cost(15, 2, 77).
cost(15, 3, 77).
cost(15, 4, 13).
cost(15, 5, 13).
cost(15, 6, 68).
cost(15, 7, 38).
cost(15, 8, 31).
cost(15, 9, 28).
cost(15, 10, 9).
cost(15, 11, 37).
cost(15, 12, 12).
cost(15, 13, 71).
cost(15, 14, 76).
cost(15, 16, 89).
cost(15, 17, 60).
cost(15, 18, 51).
cost(15, 19, 6).
cost(15, 20, 57).
cost(15, 21, 41).
cost(15, 22, 73).
cost(15, 23, 85).
cost(15, 24, 6).
cost(15, 25, 66).
cost(15, 26, 4).
cost(16, 1, 44).
cost(16, 2, 49).
cost(16, 3, 12).
cost(16, 4, 77).
cost(16, 5, 81).
cost(16, 6, 22).
cost(16, 7, 90).
cost(16, 8, 88).
cost(16, 9, 81).
cost(16, 10, 97).
cost(16, 11, 83).
cost(16, 12, 83).
cost(16, 13, 50).
cost(16, 14, 14).
cost(16, 15, 89).
cost(16, 17, 29).
cost(16, 18, 44).
cost(16, 19, 95).
cost(16, 20, 47).
cost(16, 21, 68).
cost(16, 22, 18).
cost(16, 23, 15).
cost(16, 24, 84).
cost(16, 25, 29).
cost(16, 26, 88).
cost(17, 1, 26).
cost(17, 2, 46).
cost(17, 3, 18).
cost(17, 4, 49).
cost(17, 5, 52).
cost(17, 6, 10).
cost(17, 7, 63).
cost(17, 8, 60).
cost(17, 9, 53).
cost(17, 10, 69).
cost(17, 11, 56).
cost(17, 12, 55).
cost(17, 13, 43).
cost(17, 14, 17).
cost(17, 15, 60).
cost(17, 16, 29).
cost(17, 18, 22).
cost(17, 19, 66).
cost(17, 20, 31).
cost(17, 21, 42).
cost(17, 22, 15).
cost(17, 23, 29).
cost(17, 24, 55).
cost(17, 25, 18).
cost(17, 26, 59).
cost(18, 1, 6).
cost(18, 2, 31).
cost(18, 3, 32).
cost(18, 4, 38).
cost(18, 5, 48).
cost(18, 6, 23).
cost(18, 7, 68).
cost(18, 8, 62).
cost(18, 9, 55).
cost(18, 10, 60).
cost(18, 11, 61).
cost(18, 12, 42).
cost(18, 13, 26).
cost(18, 14, 30).
cost(18, 15, 51).
cost(18, 16, 44).
cost(18, 17, 22).
cost(18, 19, 57).
cost(18, 20, 11).
cost(18, 21, 50).
cost(18, 22, 26).
cost(18, 23, 35).
cost(18, 24, 46).
cost(18, 25, 16).
cost(18, 26, 48).
cost(19, 1, 61).
cost(19, 2, 82).
cost(19, 3, 83).
cost(19, 4, 19).
cost(19, 5, 17).
cost(19, 6, 73).
cost(19, 7, 39).
cost(19, 8, 32).
cost(19, 9, 30).
cost(19, 10, 3).
cost(19, 11, 38).
cost(19, 12, 16).
cost(19, 13, 76).
cost(19, 14, 82).
cost(19, 15, 6).
cost(19, 16, 95).
cost(19, 17, 66).
cost(19, 18, 57).
cost(19, 20, 62).
cost(19, 21, 44).
cost(19, 22, 78).
cost(19, 23, 90).
cost(19, 24, 11).
cost(19, 25, 72).
cost(19, 26, 9).
cost(20, 1, 5).
cost(20, 2, 22).
cost(20, 3, 37).
cost(20, 4, 43).
cost(20, 5, 55).
cost(20, 6, 29).
cost(20, 7, 77).
cost(20, 8, 71).
cost(20, 9, 64).
cost(20, 10, 65).
cost(20, 11, 70).
cost(20, 12, 46).
cost(20, 13, 16).
cost(20, 14, 35).
cost(20, 15, 57).
cost(20, 16, 47).
cost(20, 17, 31).
cost(20, 18, 11).
cost(20, 19, 62).
cost(20, 21, 61).
cost(20, 22, 30).
cost(20, 23, 36).
cost(20, 24, 53).
cost(20, 25, 19).
cost(20, 26, 53).
cost(21, 1, 57).
cost(21, 2, 81).
cost(21, 3, 58).
cost(21, 4, 39).
cost(21, 5, 28).
cost(21, 6, 52).
cost(21, 7, 22).
cost(21, 8, 22).
cost(21, 9, 17).
cost(21, 10, 46).
cost(21, 11, 15).
cost(21, 12, 45).
cost(21, 13, 76).
cost(21, 14, 59).
cost(21, 15, 41).
cost(21, 16, 68).
cost(21, 17, 42).
cost(21, 18, 50).
cost(21, 19, 44).
cost(21, 20, 61).
cost(21, 22, 57).
cost(21, 23, 71).
cost(21, 24, 36).
cost(21, 25, 57).
cost(21, 26, 43).
cost(22, 1, 26).
cost(22, 2, 37).
cost(22, 3, 7).
cost(22, 4, 60).
cost(22, 5, 66).
cost(22, 6, 5).
cost(22, 7, 78).
cost(22, 8, 75).
cost(22, 9, 68).
cost(22, 10, 81).
cost(22, 11, 71).
cost(22, 12, 66).
cost(22, 13, 36).
cost(22, 14, 5).
cost(22, 15, 73).
cost(22, 16, 18).
cost(22, 17, 15).
cost(22, 18, 26).
cost(22, 19, 78).
cost(22, 20, 30).
cost(22, 21, 57).
cost(22, 23, 14).
cost(22, 24, 67).
cost(22, 25, 11).
cost(22, 26, 71).
cost(23, 1, 33).
cost(23, 2, 35).
cost(23, 3, 14).
cost(23, 4, 72).
cost(23, 5, 79).
cost(23, 6, 19).
cost(23, 7, 92).
cost(23, 8, 89).
cost(23, 9, 81).
cost(23, 10, 94).
cost(23, 11, 85).
cost(23, 12, 77).
cost(23, 13, 36).
cost(23, 14, 12).
cost(23, 15, 85).
cost(23, 16, 15).
cost(23, 17, 29).
cost(23, 18, 35).
cost(23, 19, 90).
cost(23, 20, 36).
cost(23, 21, 71).
cost(23, 22, 14).
cost(23, 24, 80).
cost(23, 25, 19).
cost(23, 26, 83).
cost(24, 1, 51).
cost(24, 2, 74).
cost(24, 3, 72).
cost(24, 4, 10).
cost(24, 5, 9).
cost(24, 6, 62).
cost(24, 7, 36).
cost(24, 8, 28).
cost(24, 9, 24).
cost(24, 10, 14).
cost(24, 11, 33).
cost(24, 12, 11).
cost(24, 13, 67).
cost(24, 14, 71).
cost(24, 15, 6).
cost(24, 16, 84).
cost(24, 17, 55).
cost(24, 18, 46).
cost(24, 19, 11).
cost(24, 20, 53).
cost(24, 21, 36).
cost(24, 22, 67).
cost(24, 23, 80).
cost(24, 25, 61).
cost(24, 26, 7).
cost(25, 1, 15).
cost(25, 2, 28).
cost(25, 3, 18).
cost(25, 4, 53).
cost(25, 5, 61).
cost(25, 6, 11).
cost(25, 7, 77).
cost(25, 8, 73).
cost(25, 9, 65).
cost(25, 10, 75).
cost(25, 11, 70).
cost(25, 12, 58).
cost(25, 13, 26).
cost(25, 14, 16).
cost(25, 15, 66).
cost(25, 16, 29).
cost(25, 17, 18).
cost(25, 18, 16).
cost(25, 19, 72).
cost(25, 20, 19).
cost(25, 21, 57).
cost(25, 22, 11).
cost(25, 23, 19).
cost(25, 24, 61).
cost(25, 26, 64).
cost(26, 1, 53).
cost(26, 2, 74).
cost(26, 3, 76).
cost(26, 4, 10).
cost(26, 5, 16).
cost(26, 6, 66).
cost(26, 7, 42).
cost(26, 8, 34).
cost(26, 9, 31).
cost(26, 10, 12).
cost(26, 11, 40).
cost(26, 12, 8).
cost(26, 13, 67).
cost(26, 14, 75).
cost(26, 15, 4).
cost(26, 16, 88).
cost(26, 17, 59).
cost(26, 18, 48).
cost(26, 19, 9).
cost(26, 20, 53).
cost(26, 21, 43).
cost(26, 22, 71).
cost(26, 23, 83).
cost(26, 24, 7).
cost(26, 25, 64).
