dimension(26).
point(1, 53.617979253, 33.387832253).
point(2, 58.7063737544, 36.6644273033).
point(3, 76.5319384113, 39.7235493964).
point(4, 71.4740576818, 48.7135167289).
point(5, 30.5792332291, 26.7888560437).
point(6, 75.9935143459, 86.3991820893).
point(7, 63.5988924569, 92.2794485944).
point(8, 61.6758441039, 87.9689236693).
point(9, 62.4247714707, 28.7216770124).
point(10, 37.59642844, 78.5289736394).
point(11, 61.8149712084, 35.9026703795).
point(12, 39.115258836, 11.4319332076).
point(13, 45.8671700116, 86.7439170401).
point(14, 58.4518916386, 98.2471012592).
point(15, 32.8044975747, 31.8406915835).
point(16, 57.2994258049, 82.9846903849).
point(17, 67.7287038161, 12.1300650355).
point(18, 47.3156480761, 31.0697748097).
point(19, 45.4594811951, 88.6711142569).
point(20, 83.9701963961, 18.8286284925).
point(21, 51.9437854204, 75.2636687155).
point(22, 68.4390244883, 97.018516238).
point(23, 39.24513551, 82.6521874265).
point(24, 29.3690366743, 6.3338598749).
point(25, 41.9216445833, 88.4843588674).
point(26, 59.650668584, 96.4577135535).
cost(1, 2, 6).
cost(1, 3, 24).
cost(1, 4, 24).
cost(1, 5, 24).
cost(1, 6, 58).
cost(1, 7, 60).
cost(1, 8, 55).
cost(1, 9, 10).
cost(1, 10, 48).
cost(1, 11, 9).
cost(1, 12, 26).
cost(1, 13, 54).
cost(1, 14, 65).
cost(1, 15, 21).
cost(1, 16, 50).
cost(1, 17, 26).
cost(1, 18, 7).
cost(1, 19, 56).
cost(1, 20, 34).
cost(1, 21, 42).
cost(1, 22, 65).
cost(1, 23, 51).
cost(1, 24, 36).
cost(1, 25, 56).
cost(1, 26, 63).
cost(2, 1, 6).
cost(2, 3, 18).
cost(2, 4, 18).
cost(2, 5, 30).
cost(2, 6, 53).
cost(2, 7, 56).
cost(2, 8, 51).
cost(2, 9, 9).
cost(2, 10, 47).
cost(2, 11, 3).
cost(2, 12, 32).
cost(2, 13, 52).
cost(2, 14, 62).
cost(2, 15, 26).
cost(2, 16, 46).
cost(2, 17, 26).
cost(2, 18, 13).
cost(2, 19, 54).
cost(2, 20, 31).
cost(2, 21, 39).
cost(2, 22, 61).
cost(2, 23, 50).
cost(2, 24, 42).
cost(2, 25, 54).
cost(2, 26, 60).
cost(3, 1, 24).
cost(3, 2, 18).
cost(3, 4, 10).
cost(3, 5, 48).
cost(3, 6, 47).
cost(3, 7, 54).
cost(3, 8, 50).
cost(3, 9, 18).
cost(3, 10, 55).
cost(3, 11, 15).
cost(3, 12, 47).
cost(3, 13, 56).
cost(3, 14, 61).
cost(3, 15, 44).
cost(3, 16, 47).
cost(3, 17, 29).
cost(3, 18, 30).
cost(3, 19, 58).
cost(3, 20, 22).
cost(3, 21, 43).
cost(3, 22, 58).
cost(3, 23, 57).
cost(3, 24, 58).
cost(3, 25, 60).
cost(3, 26, 59).
cost(4, 1, 24).
cost(4, 2, 18).
cost(4, 3, 10).
cost(4, 5, 46).
cost(4, 6, 38).
cost(4, 7, 44).
cost(4, 8, 40).
cost(4, 9, 22).
cost(4, 10, 45).
cost(4, 11, 16).
cost(4, 12, 49).
cost(4, 13, 46).
cost(4, 14, 51).
cost(4, 15, 42).
cost(4, 16, 37).
cost(4, 17, 37).
cost(4, 18, 30).
cost(4, 19, 48).
cost(4, 20, 32).
cost(4, 21, 33).
cost(4, 22, 48).
cost(4, 23, 47).
cost(4, 24, 60).
cost(4, 25, 50).
cost(4, 26, 49).
cost(5, 1, 24).
cost(5, 2, 30).
cost(5, 3, 48).
cost(5, 4, 46).
cost(5, 6, 75).
cost(5, 7, 73).
cost(5, 8, 69).
cost(5, 9, 32).
cost(5, 10, 52).
cost(5, 11, 33).
cost(5, 12, 18).
cost(5, 13, 62).
cost(5, 14, 77).
cost(5, 15, 6).
cost(5, 16, 62).
cost(5, 17, 40).
cost(5, 18, 17).
cost(5, 19, 64).
cost(5, 20, 54).
cost(5, 21, 53).
cost(5, 22, 80).
cost(5, 23, 57).
cost(5, 24, 20).
cost(5, 25, 63).
cost(5, 26, 75).
cost(6, 1, 58).
cost(6, 2, 53).
cost(6, 3, 47).
cost(6, 4, 38).
cost(6, 5, 75).
cost(6, 7, 14).
cost(6, 8, 14).
cost(6, 9, 59).
cost(6, 10, 39).
cost(6, 11, 52).
cost(6, 12, 84).
cost(6, 13, 30).
cost(6, 14, 21).
cost(6, 15, 70).
cost(6, 16, 19).
cost(6, 17, 75).
cost(6, 18, 62).
cost(6, 19, 31).
cost(6, 20, 68).
cost(6, 21, 27).
cost(6, 22, 13).
cost(6, 23, 37).
cost(6, 24, 93).
cost(6, 25, 34).
cost(6, 26, 19).
cost(7, 1, 60).
cost(7, 2, 56).
cost(7, 3, 54).
cost(7, 4, 44).
cost(7, 5, 73).
cost(7, 6, 14).
cost(7, 8, 5).
cost(7, 9, 64).
cost(7, 10, 29).
cost(7, 11, 56).
cost(7, 12, 84).
cost(7, 13, 19).
cost(7, 14, 8).
cost(7, 15, 68).
cost(7, 16, 11).
cost(7, 17, 80).
cost(7, 18, 63).
cost(7, 19, 18).
cost(7, 20, 76).
cost(7, 21, 21).
cost(7, 22, 7).
cost(7, 23, 26).
cost(7, 24, 93).
cost(7, 25, 22).
cost(7, 26, 6).
cost(8, 1, 55).
cost(8, 2, 51).
cost(8, 3, 50).
cost(8, 4, 40).
cost(8, 5, 69).
cost(8, 6, 14).
cost(8, 7, 5).
cost(8, 9, 59).
cost(8, 10, 26).
cost(8, 11, 52).
cost(8, 12, 80).
cost(8, 13, 16).
cost(8, 14, 11).
cost(8, 15, 63).
cost(8, 16, 7).
cost(8, 17, 76).
cost(8, 18, 59).
cost(8, 19, 16).
cost(8, 20, 73).
cost(8, 21, 16).
cost(8, 22, 11).
cost(8, 23, 23).
cost(8, 24, 88).
cost(8, 25, 20).
cost(8, 26, 9).
cost(9, 1, 10).
cost(9, 2, 9).
cost(9, 3, 18).
cost(9, 4, 22).
cost(9, 5, 32).
cost(9, 6, 59).
cost(9, 7, 64).
cost(9, 8, 59).
cost(9, 10, 56).
cost(9, 11, 7).
cost(9, 12, 29).
cost(9, 13, 60).
cost(9, 14, 70).
cost(9, 15, 30).
cost(9, 16, 55).
cost(9, 17, 17).
cost(9, 18, 15).
cost(9, 19, 62).
cost(9, 20, 24).
cost(9, 21, 48).
cost(9, 22, 69).
cost(9, 23, 59).
cost(9, 24, 40).
cost(9, 25, 63).
cost(9, 26, 68).
cost(10, 1, 48).
cost(10, 2, 47).
cost(10, 3, 55).
cost(10, 4, 45).
cost(10, 5, 52).
cost(10, 6, 39).
cost(10, 7, 29).
cost(10, 8, 26).
cost(10, 9, 56).
cost(10, 11, 49).
cost(10, 12, 67).
cost(10, 13, 12).
cost(10, 14, 29).
cost(10, 15, 47).
cost(10, 16, 20).
cost(10, 17, 73).
cost(10, 18, 48).
cost(10, 19, 13).
cost(10, 20, 76).
cost(10, 21, 15).
cost(10, 22, 36).
cost(10, 23, 4).
cost(10, 24, 73).
cost(10, 25, 11).
cost(10, 26, 28).
cost(11, 1, 9).
cost(11, 2, 3).
cost(11, 3, 15).
cost(11, 4, 16).
cost(11, 5, 33).
cost(11, 6, 52).
cost(11, 7, 56).
cost(11, 8, 52).
cost(11, 9, 7).
cost(11, 10, 49).
cost(11, 12, 33).
cost(11, 13, 53).
cost(11, 14, 62).
cost(11, 15, 29).
cost(11, 16, 47).
cost(11, 17, 24).
cost(11, 18, 15).
cost(11, 19, 55).
cost(11, 20, 28).
cost(11, 21, 41).
cost(11, 22, 61).
cost(11, 23, 52).
cost(11, 24, 44).
cost(11, 25, 56).
cost(11, 26, 61).
cost(12, 1, 26).
cost(12, 2, 32).
cost(12, 3, 47).
cost(12, 4, 49).
cost(12, 5, 18).
cost(12, 6, 84).
cost(12, 7, 84).
cost(12, 8, 80).
cost(12, 9, 29).
cost(12, 10, 67).
cost(12, 11, 33).
cost(12, 13, 76).
cost(12, 14, 89).
cost(12, 15, 21).
cost(12, 16, 74).
cost(12, 17, 29).
cost(12, 18, 21).
cost(12, 19, 77).
cost(12, 20, 45).
cost(12, 21, 65).
cost(12, 22, 90).
cost(12, 23, 71).
cost(12, 24, 11).
cost(12, 25, 77).
cost(12, 26, 87).
cost(13, 1, 54).
cost(13, 2, 52).
cost(13, 3, 56).
cost(13, 4, 46).
cost(13, 5, 62).
cost(13, 6, 30).
cost(13, 7, 19).
cost(13, 8, 16).
cost(13, 9, 60).
cost(13, 10, 12).
cost(13, 11, 53).
cost(13, 12, 76).
cost(13, 14, 17).
cost(13, 15, 56).
cost(13, 16, 12).
cost(13, 17, 78).
cost(13, 18, 56).
cost(13, 19, 2).
cost(13, 20, 78).
cost(13, 21, 13).
cost(13, 22, 25).
cost(13, 23, 8).
cost(13, 24, 82).
cost(13, 25, 4).
cost(13, 26, 17).
cost(14, 1, 65).
cost(14, 2, 62).
cost(14, 3, 61).
cost(14, 4, 51).
cost(14, 5, 77).
cost(14, 6, 21).
cost(14, 7, 8).
cost(14, 8, 11).
cost(14, 9, 70).
cost(14, 10, 29).
cost(14, 11, 62).
cost(14, 12, 89).
cost(14, 13, 17).
cost(14, 15, 71).
cost(14, 16, 15).
cost(14, 17, 87).
cost(14, 18, 68).
cost(14, 19, 16).
cost(14, 20, 83).
cost(14, 21, 24).
cost(14, 22, 10).
cost(14, 23, 25).
cost(14, 24, 96).
cost(14, 25, 19).
cost(14, 26, 2).
cost(15, 1, 21).
cost(15, 2, 26).
cost(15, 3, 44).
cost(15, 4, 42).
cost(15, 5, 6).
cost(15, 6, 70).
cost(15, 7, 68).
cost(15, 8, 63).
cost(15, 9, 30).
cost(15, 10, 47).
cost(15, 11, 29).
cost(15, 12, 21).
cost(15, 13, 56).
cost(15, 14, 71).
cost(15, 16, 57).
cost(15, 17, 40).
cost(15, 18, 15).
cost(15, 19, 58).
cost(15, 20, 53).
cost(15, 21, 47).
cost(15, 22, 74).
cost(15, 23, 51).
cost(15, 24, 26).
cost(15, 25, 57).
cost(15, 26, 70).
cost(16, 1, 50).
cost(16, 2, 46).
cost(16, 3, 47).
cost(16, 4, 37).
cost(16, 5, 62).
cost(16, 6, 19).
cost(16, 7, 11).
cost(16, 8, 7).
cost(16, 9, 55).
cost(16, 10, 20).
cost(16, 11, 47).
cost(16, 12, 74).
cost(16, 13, 12).
cost(16, 14, 15).
cost(16, 15, 57).
cost(16, 17, 72).
cost(16, 18, 53).
cost(16, 19, 13).
cost(16, 20, 69).
cost(16, 21, 9).
cost(16, 22, 18).
cost(16, 23, 18).
cost(16, 24, 82).
cost(16, 25, 16).
cost(16, 26, 14).
cost(17, 1, 26).
cost(17, 2, 26).
cost(17, 3, 29).
cost(17, 4, 37).
cost(17, 5, 40).
cost(17, 6, 75).
cost(17, 7, 80).
cost(17, 8, 76).
cost(17, 9, 17).
cost(17, 10, 73).
cost(17, 11, 24).
cost(17, 12, 29).
cost(17, 13, 78).
cost(17, 14, 87).
cost(17, 15, 40).
cost(17, 16, 72).
cost(17, 18, 28).
cost(17, 19, 80).
cost(17, 20, 18).
cost(17, 21, 65).
cost(17, 22, 85).
cost(17, 23, 76).
cost(17, 24, 39).
cost(17, 25, 81).
cost(17, 26, 85).
cost(18, 1, 7).
cost(18, 2, 13).
cost(18, 3, 30).
cost(18, 4, 30).
cost(18, 5, 17).
cost(18, 6, 62).
cost(18, 7, 63).
cost(18, 8, 59).
cost(18, 9, 15).
cost(18, 10, 48).
cost(18, 11, 15).
cost(18, 12, 21).
cost(18, 13, 56).
cost(18, 14, 68).
cost(18, 15, 15).
cost(18, 16, 53).
cost(18, 17, 28).
cost(18, 19, 58).
cost(18, 20, 39).
cost(18, 21, 44).
cost(18, 22, 69).
cost(18, 23, 52).
cost(18, 24, 31).
cost(18, 25, 58).
cost(18, 26, 67).
cost(19, 1, 56).
cost(19, 2, 54).
cost(19, 3, 58).
cost(19, 4, 48).
cost(19, 5, 64).
cost(19, 6, 31).
cost(19, 7, 18).
cost(19, 8, 16).
cost(19, 9, 62).
cost(19, 10, 13).
cost(19, 11, 55).
cost(19, 12, 77).
cost(19, 13, 2).
cost(19, 14, 16).
cost(19, 15, 58).
cost(19, 16, 13).
cost(19, 17, 80).
cost(19, 18, 58).
cost(19, 20, 80).
cost(19, 21, 15).
cost(19, 22, 24).
cost(19, 23, 9).
cost(19, 24, 84).
cost(19, 25, 4).
cost(19, 26, 16).
cost(20, 1, 34).
cost(20, 2, 31).
cost(20, 3, 22).
cost(20, 4, 32).
cost(20, 5, 54).
cost(20, 6, 68).
cost(20, 7, 76).
cost(20, 8, 73).
cost(20, 9, 24).
cost(20, 10, 76).
cost(20, 11, 28).
cost(20, 12, 45).
cost(20, 13, 78).
cost(20, 14, 83).
cost(20, 15, 53).
cost(20, 16, 69).
cost(20, 17, 18).
cost(20, 18, 39).
cost(20, 19, 80).
cost(20, 21, 65).
cost(20, 22, 80).
cost(20, 23, 78).
cost(20, 24, 56).
cost(20, 25, 81).
cost(20, 26, 81).
cost(21, 1, 42).
cost(21, 2, 39).
cost(21, 3, 43).
cost(21, 4, 33).
cost(21, 5, 53).
cost(21, 6, 27).
cost(21, 7, 21).
cost(21, 8, 16).
cost(21, 9, 48).
cost(21, 10, 15).
cost(21, 11, 41).
cost(21, 12, 65).
cost(21, 13, 13).
cost(21, 14, 24).
cost(21, 15, 47).
cost(21, 16, 9).
cost(21, 17, 65).
cost(21, 18, 44).
cost(21, 19, 15).
cost(21, 20, 65).
cost(21, 22, 27).
cost(21, 23, 15).
cost(21, 24, 73).
cost(21, 25, 17).
cost(21, 26, 23).
cost(22, 1, 65).
cost(22, 2, 61).
cost(22, 3, 58).
cost(22, 4, 48).
cost(22, 5, 80).
cost(22, 6, 13).
cost(22, 7, 7).
cost(22, 8, 11).
cost(22, 9, 69).
cost(22, 10, 36).
cost(22, 11, 61).
cost(22, 12, 90).
cost(22, 13, 25).
cost(22, 14, 10).
cost(22, 15, 74).
cost(22, 16, 18).
cost(22, 17, 85).
cost(22, 18, 69).
cost(22, 19, 24).
cost(22, 20, 80).
cost(22, 21, 27).
cost(22, 23, 33).
cost(22, 24, 99).
cost(22, 25, 28).
cost(22, 26, 9).
cost(23, 1, 51).
cost(23, 2, 50).
cost(23, 3, 57).
cost(23, 4, 47).
cost(23, 5, 57).
cost(23, 6, 37).
cost(23, 7, 26).
cost(23, 8, 23).
cost(23, 9, 59).
cost(23, 10, 4).
cost(23, 11, 52).
cost(23, 12, 71).
cost(23, 13, 8).
cost(23, 14, 25).
cost(23, 15, 51).
cost(23, 16, 18).
cost(23, 17, 76).
cost(23, 18, 52).
cost(23, 19, 9).
cost(23, 20, 78).
cost(23, 21, 15).
cost(23, 22, 33).
cost(23, 24, 77).
cost(23, 25, 6).
cost(23, 26, 25).
cost(24, 1, 36).
cost(24, 2, 42).
cost(24, 3, 58).
cost(24, 4, 60).
cost(24, 5, 20).
cost(24, 6, 93).
cost(24, 7, 93).
cost(24, 8, 88).
cost(24, 9, 40).
cost(24, 10, 73).
cost(24, 11, 44).
cost(24, 12, 11).
cost(24, 13, 82).
cost(24, 14, 96).
cost(24, 15, 26).
cost(24, 16, 82).
cost(24, 17, 39).
cost(24, 18, 31).
cost(24, 19, 84).
cost(24, 20, 56).
cost(24, 21, 73).
cost(24, 22, 99).
cost(24, 23, 77).
cost(24, 25, 83).
cost(24, 26, 95).
cost(25, 1, 56).
cost(25, 2, 54).
cost(25, 3, 60).
cost(25, 4, 50).
cost(25, 5, 63).
cost(25, 6, 34).
cost(25, 7, 22).
cost(25, 8, 20).
cost(25, 9, 63).
cost(25, 10, 11).
cost(25, 11, 56).
cost(25, 12, 77).
cost(25, 13, 4).
cost(25, 14, 19).
cost(25, 15, 57).
cost(25, 16, 16).
cost(25, 17, 81).
cost(25, 18, 58).
cost(25, 19, 4).
cost(25, 20, 81).
cost(25, 21, 17).
cost(25, 22, 28).
cost(25, 23, 6).
cost(25, 24, 83).
cost(25, 26, 19).
cost(26, 1, 63).
cost(26, 2, 60).
cost(26, 3, 59).
cost(26, 4, 49).
cost(26, 5, 75).
cost(26, 6, 19).
cost(26, 7, 6).
cost(26, 8, 9).
cost(26, 9, 68).
cost(26, 10, 28).
cost(26, 11, 61).
cost(26, 12, 87).
cost(26, 13, 17).
cost(26, 14, 2).
cost(26, 15, 70).
cost(26, 16, 14).
cost(26, 17, 85).
cost(26, 18, 67).
cost(26, 19, 16).
cost(26, 20, 81).
cost(26, 21, 23).
cost(26, 22, 9).
cost(26, 23, 25).
cost(26, 24, 95).
cost(26, 25, 19).
