dimension(26).
point(1, 36.1605045175, 21.0988273475).
point(2, 76.8879928655, 71.8296414341).
point(3, 28.0595219905, 17.8243372108).
point(4, 22.8511388288, 13.6070649623).
point(5, 82.7360749724, 30.1800291967).
point(6, 47.3008025431, 58.7291055678).
point(7, 77.1045665361, 48.8764491927).
point(8, 14.2435428296, 50.4172011781).
point(9, 77.3315562094, 68.8959143459).
point(10, 31.9169564109, 70.9520996802).
point(11, 23.1366832994, 39.7676086606).
point(12, 72.8706059133, 35.0684649347).
point(13, 64.5392002179, 30.5442344536).
point(14, 1.570815448, 24.8056375925).
point(15, 73.8510943258, 22.192744224).
point(16, 7.3267681517, 54.4187504639).
point(17, 9.3912600171, 38.8027597442).
point(18, 52.9557233215, 64.0724062894).
point(19, 17.412344557, 53.1985417633).
point(20, 10.7313011483, 44.9025799859).
point(21, 9.2538373574, 51.0500446818).
point(22, 31.9861486065, 5.2087673353).
point(23, 40.069357301, 46.4518026788).
point(24, 44.6593000552, 34.8517385349).
point(25, 56.9435133975, 50.255097626).
point(26, 4.7203893767, 34.023826016).
cost(1, 2, 65).
cost(1, 3, 9).
cost(1, 4, 15).
cost(1, 5, 47).
cost(1, 6, 39).
cost(1, 7, 49).
cost(1, 8, 37).
cost(1, 9, 63).
cost(1, 10, 50).
cost(1, 11, 23).
cost(1, 12, 39).
cost(1, 13, 30).
cost(1, 14, 35).
cost(1, 15, 38).
cost(1, 16, 44).
cost(1, 17, 32).
cost(1, 18, 46).
cost(1, 19, 37).
cost(1, 20, 35).
cost(1, 21, 40).
cost(1, 22, 16).
cost(1, 23, 26).
cost(1, 24, 16).
cost(1, 25, 36).
cost(1, 26, 34).
cost(2, 1, 65).
cost(2, 3, 73).
cost(2, 4, 79).
cost(2, 5, 42).
cost(2, 6, 32).
cost(2, 7, 23).
cost(2, 8, 66).
cost(2, 9, 3).
cost(2, 10, 45).
cost(2, 11, 63).
cost(2, 12, 37).
cost(2, 13, 43).
cost(2, 14, 89).
cost(2, 15, 50).
cost(2, 16, 72).
cost(2, 17, 75).
cost(2, 18, 25).
cost(2, 19, 62).
cost(2, 20, 71).
cost(2, 21, 71).
cost(2, 22, 80).
cost(2, 23, 45).
cost(2, 24, 49).
cost(2, 25, 29).
cost(2, 26, 81).
cost(3, 1, 9).
cost(3, 2, 73).
cost(3, 4, 7).
cost(3, 5, 56).
cost(3, 6, 45).
cost(3, 7, 58).
cost(3, 8, 35).
cost(3, 9, 71).
cost(3, 10, 53).
cost(3, 11, 22).
cost(3, 12, 48).
cost(3, 13, 39).
cost(3, 14, 27).
cost(3, 15, 46).
cost(3, 16, 42).
cost(3, 17, 28).
cost(3, 18, 53).
cost(3, 19, 37).
cost(3, 20, 32).
cost(3, 21, 38).
cost(3, 22, 13).
cost(3, 23, 31).
cost(3, 24, 24).
cost(3, 25, 43).
cost(3, 26, 28).
cost(4, 1, 15).
cost(4, 2, 79).
cost(4, 3, 7).
cost(4, 5, 62).
cost(4, 6, 51).
cost(4, 7, 65).
cost(4, 8, 38).
cost(4, 9, 78).
cost(4, 10, 58).
cost(4, 11, 26).
cost(4, 12, 54).
cost(4, 13, 45).
cost(4, 14, 24).
cost(4, 15, 52).
cost(4, 16, 44).
cost(4, 17, 29).
cost(4, 18, 59).
cost(4, 19, 40).
cost(4, 20, 34).
cost(4, 21, 40).
cost(4, 22, 12).
cost(4, 23, 37).
cost(4, 24, 30).
cost(4, 25, 50).
cost(4, 26, 27).
cost(5, 1, 47).
cost(5, 2, 42).
cost(5, 3, 56).
cost(5, 4, 62).
cost(5, 6, 46).
cost(5, 7, 20).
cost(5, 8, 71).
cost(5, 9, 39).
cost(5, 10, 65).
cost(5, 11, 60).
cost(5, 12, 11).
cost(5, 13, 18).
cost(5, 14, 81).
cost(5, 15, 12).
cost(5, 16, 79).
cost(5, 17, 74).
cost(5, 18, 45).
cost(5, 19, 69).
cost(5, 20, 73).
cost(5, 21, 76).
cost(5, 22, 57).
cost(5, 23, 46).
cost(5, 24, 38).
cost(5, 25, 33).
cost(5, 26, 78).
cost(6, 1, 39).
cost(6, 2, 32).
cost(6, 3, 45).
cost(6, 4, 51).
cost(6, 5, 46).
cost(6, 7, 31).
cost(6, 8, 34).
cost(6, 9, 32).
cost(6, 10, 20).
cost(6, 11, 31).
cost(6, 12, 35).
cost(6, 13, 33).
cost(6, 14, 57).
cost(6, 15, 45).
cost(6, 16, 40).
cost(6, 17, 43).
cost(6, 18, 8).
cost(6, 19, 30).
cost(6, 20, 39).
cost(6, 21, 39).
cost(6, 22, 56).
cost(6, 23, 14).
cost(6, 24, 24).
cost(6, 25, 13).
cost(6, 26, 49).
cost(7, 1, 49).
cost(7, 2, 23).
cost(7, 3, 58).
cost(7, 4, 65).
cost(7, 5, 20).
cost(7, 6, 31).
cost(7, 8, 63).
cost(7, 9, 20).
cost(7, 10, 50).
cost(7, 11, 55).
cost(7, 12, 14).
cost(7, 13, 22).
cost(7, 14, 79).
cost(7, 15, 27).
cost(7, 16, 70).
cost(7, 17, 68).
cost(7, 18, 29).
cost(7, 19, 60).
cost(7, 20, 66).
cost(7, 21, 68).
cost(7, 22, 63).
cost(7, 23, 37).
cost(7, 24, 35).
cost(7, 25, 20).
cost(7, 26, 74).
cost(8, 1, 37).
cost(8, 2, 66).
cost(8, 3, 35).
cost(8, 4, 38).
cost(8, 5, 71).
cost(8, 6, 34).
cost(8, 7, 63).
cost(8, 9, 66).
cost(8, 10, 27).
cost(8, 11, 14).
cost(8, 12, 61).
cost(8, 13, 54).
cost(8, 14, 29).
cost(8, 15, 66).
cost(8, 16, 8).
cost(8, 17, 13).
cost(8, 18, 41).
cost(8, 19, 4).
cost(8, 20, 7).
cost(8, 21, 5).
cost(8, 22, 49).
cost(8, 23, 26).
cost(8, 24, 34).
cost(8, 25, 43).
cost(8, 26, 19).
cost(9, 1, 63).
cost(9, 2, 3).
cost(9, 3, 71).
cost(9, 4, 78).
cost(9, 5, 39).
cost(9, 6, 32).
cost(9, 7, 20).
cost(9, 8, 66).
cost(9, 10, 45).
cost(9, 11, 62).
cost(9, 12, 34).
cost(9, 13, 40).
cost(9, 14, 88).
cost(9, 15, 47).
cost(9, 16, 71).
cost(9, 17, 74).
cost(9, 18, 25).
cost(9, 19, 62).
cost(9, 20, 71).
cost(9, 21, 70).
cost(9, 22, 78).
cost(9, 23, 43).
cost(9, 24, 47).
cost(9, 25, 28).
cost(9, 26, 81).
cost(10, 1, 50).
cost(10, 2, 45).
cost(10, 3, 53).
cost(10, 4, 58).
cost(10, 5, 65).
cost(10, 6, 20).
cost(10, 7, 50).
cost(10, 8, 27).
cost(10, 9, 45).
cost(10, 11, 32).
cost(10, 12, 54).
cost(10, 13, 52).
cost(10, 14, 55).
cost(10, 15, 64).
cost(10, 16, 30).
cost(10, 17, 39).
cost(10, 18, 22).
cost(10, 19, 23).
cost(10, 20, 34).
cost(10, 21, 30).
cost(10, 22, 66).
cost(10, 23, 26).
cost(10, 24, 38).
cost(10, 25, 32).
cost(10, 26, 46).
cost(11, 1, 23).
cost(11, 2, 63).
cost(11, 3, 22).
cost(11, 4, 26).
cost(11, 5, 60).
cost(11, 6, 31).
cost(11, 7, 55).
cost(11, 8, 14).
cost(11, 9, 62).
cost(11, 10, 32).
cost(11, 12, 50).
cost(11, 13, 42).
cost(11, 14, 26).
cost(11, 15, 54).
cost(11, 16, 22).
cost(11, 17, 14).
cost(11, 18, 38).
cost(11, 19, 15).
cost(11, 20, 13).
cost(11, 21, 18).
cost(11, 22, 36).
cost(11, 23, 18).
cost(11, 24, 22).
cost(11, 25, 35).
cost(11, 26, 19).
cost(12, 1, 39).
cost(12, 2, 37).
cost(12, 3, 48).
cost(12, 4, 54).
cost(12, 5, 11).
cost(12, 6, 35).
cost(12, 7, 14).
cost(12, 8, 61).
cost(12, 9, 34).
cost(12, 10, 54).
cost(12, 11, 50).
cost(12, 13, 9).
cost(12, 14, 72).
cost(12, 15, 13).
cost(12, 16, 68).
cost(12, 17, 64).
cost(12, 18, 35).
cost(12, 19, 58).
cost(12, 20, 63).
cost(12, 21, 66).
cost(12, 22, 51).
cost(12, 23, 35).
cost(12, 24, 28).
cost(12, 25, 22).
cost(12, 26, 68).
cost(13, 1, 30).
cost(13, 2, 43).
cost(13, 3, 39).
cost(13, 4, 45).
cost(13, 5, 18).
cost(13, 6, 33).
cost(13, 7, 22).
cost(13, 8, 54).
cost(13, 9, 40).
cost(13, 10, 52).
cost(13, 11, 42).
cost(13, 12, 9).
cost(13, 14, 63).
cost(13, 15, 13).
cost(13, 16, 62).
cost(13, 17, 56).
cost(13, 18, 35).
cost(13, 19, 52).
cost(13, 20, 56).
cost(13, 21, 59).
cost(13, 22, 41).
cost(13, 23, 29).
cost(13, 24, 20).
cost(13, 25, 21).
cost(13, 26, 60).
cost(14, 1, 35).
cost(14, 2, 89).
cost(14, 3, 27).
cost(14, 4, 24).
cost(14, 5, 81).
cost(14, 6, 57).
cost(14, 7, 79).
cost(14, 8, 29).
cost(14, 9, 88).
cost(14, 10, 55).
cost(14, 11, 26).
cost(14, 12, 72).
cost(14, 13, 63).
cost(14, 15, 72).
cost(14, 16, 30).
cost(14, 17, 16).
cost(14, 18, 65).
cost(14, 19, 33).
cost(14, 20, 22).
cost(14, 21, 27).
cost(14, 22, 36).
cost(14, 23, 44).
cost(14, 24, 44).
cost(14, 25, 61).
cost(14, 26, 10).
cost(15, 1, 38).
cost(15, 2, 50).
cost(15, 3, 46).
cost(15, 4, 52).
cost(15, 5, 12).
cost(15, 6, 45).
cost(15, 7, 27).
cost(15, 8, 66).
cost(15, 9, 47).
cost(15, 10, 64).
cost(15, 11, 54).
cost(15, 12, 13).
cost(15, 13, 13).
cost(15, 14, 72).
cost(15, 16, 74).
cost(15, 17, 67).
cost(15, 18, 47).
cost(15, 19, 64).
cost(15, 20, 67).
cost(15, 21, 71).
cost(15, 22, 45).
cost(15, 23, 42).
cost(15, 24, 32).
cost(15, 25, 33).
cost(15, 26, 70).
cost(16, 1, 44).
cost(16, 2, 72).
cost(16, 3, 42).
cost(16, 4, 44).
cost(16, 5, 79).
cost(16, 6, 40).
cost(16, 7, 70).
cost(16, 8, 8).
cost(16, 9, 71).
cost(16, 10, 30).
cost(16, 11, 22).
cost(16, 12, 68).
cost(16, 13, 62).
cost(16, 14, 30).
cost(16, 15, 74).
cost(16, 17, 16).
cost(16, 18, 47).
cost(16, 19, 10).
cost(16, 20, 10).
cost(16, 21, 4).
cost(16, 22, 55).
cost(16, 23, 34).
cost(16, 24, 42).
cost(16, 25, 50).
cost(16, 26, 21).
cost(17, 1, 32).
cost(17, 2, 75).
cost(17, 3, 28).
cost(17, 4, 29).
cost(17, 5, 74).
cost(17, 6, 43).
cost(17, 7, 68).
cost(17, 8, 13).
cost(17, 9, 74).
cost(17, 10, 39).
cost(17, 11, 14).
cost(17, 12, 64).
cost(17, 13, 56).
cost(17, 14, 16).
cost(17, 15, 67).
cost(17, 16, 16).
cost(17, 18, 50).
cost(17, 19, 16).
cost(17, 20, 6).
cost(17, 21, 12).
cost(17, 22, 40).
cost(17, 23, 32).
cost(17, 24, 35).
cost(17, 25, 49).
cost(17, 26, 7).
cost(18, 1, 46).
cost(18, 2, 25).
cost(18, 3, 53).
cost(18, 4, 59).
cost(18, 5, 45).
cost(18, 6, 8).
cost(18, 7, 29).
cost(18, 8, 41).
cost(18, 9, 25).
cost(18, 10, 22).
cost(18, 11, 38).
cost(18, 12, 35).
cost(18, 13, 35).
cost(18, 14, 65).
cost(18, 15, 47).
cost(18, 16, 47).
cost(18, 17, 50).
cost(18, 19, 37).
cost(18, 20, 46).
cost(18, 21, 46).
cost(18, 22, 62).
cost(18, 23, 22).
cost(18, 24, 30).
cost(18, 25, 14).
cost(18, 26, 57).
cost(19, 1, 37).
cost(19, 2, 62).
cost(19, 3, 37).
cost(19, 4, 40).
cost(19, 5, 69).
cost(19, 6, 30).
cost(19, 7, 60).
cost(19, 8, 4).
cost(19, 9, 62).
cost(19, 10, 23).
cost(19, 11, 15).
cost(19, 12, 58).
cost(19, 13, 52).
cost(19, 14, 33).
cost(19, 15, 64).
cost(19, 16, 10).
cost(19, 17, 16).
cost(19, 18, 37).
cost(19, 20, 11).
cost(19, 21, 8).
cost(19, 22, 50).
cost(19, 23, 24).
cost(19, 24, 33).
cost(19, 25, 40).
cost(19, 26, 23).
cost(20, 1, 35).
cost(20, 2, 71).
cost(20, 3, 32).
cost(20, 4, 34).
cost(20, 5, 73).
cost(20, 6, 39).
cost(20, 7, 66).
cost(20, 8, 7).
cost(20, 9, 71).
cost(20, 10, 34).
cost(20, 11, 13).
cost(20, 12, 63).
cost(20, 13, 56).
cost(20, 14, 22).
cost(20, 15, 67).
cost(20, 16, 10).
cost(20, 17, 6).
cost(20, 18, 46).
cost(20, 19, 11).
cost(20, 21, 6).
cost(20, 22, 45).
cost(20, 23, 29).
cost(20, 24, 35).
cost(20, 25, 47).
cost(20, 26, 12).
cost(21, 1, 40).
cost(21, 2, 71).
cost(21, 3, 38).
cost(21, 4, 40).
cost(21, 5, 76).
cost(21, 6, 39).
cost(21, 7, 68).
cost(21, 8, 5).
cost(21, 9, 70).
cost(21, 10, 30).
cost(21, 11, 18).
cost(21, 12, 66).
cost(21, 13, 59).
cost(21, 14, 27).
cost(21, 15, 71).
cost(21, 16, 4).
cost(21, 17, 12).
cost(21, 18, 46).
cost(21, 19, 8).
cost(21, 20, 6).
cost(21, 22, 51).
cost(21, 23, 31).
cost(21, 24, 39).
cost(21, 25, 48).
cost(21, 26, 18).
cost(22, 1, 16).
cost(22, 2, 80).
cost(22, 3, 13).
cost(22, 4, 12).
cost(22, 5, 57).
cost(22, 6, 56).
cost(22, 7, 63).
cost(22, 8, 49).
cost(22, 9, 78).
cost(22, 10, 66).
cost(22, 11, 36).
cost(22, 12, 51).
cost(22, 13, 41).
cost(22, 14, 36).
cost(22, 15, 45).
cost(22, 16, 55).
cost(22, 17, 40).
cost(22, 18, 62).
cost(22, 19, 50).
cost(22, 20, 45).
cost(22, 21, 51).
cost(22, 23, 42).
cost(22, 24, 32).
cost(22, 25, 51).
cost(22, 26, 40).
cost(23, 1, 26).
cost(23, 2, 45).
cost(23, 3, 31).
cost(23, 4, 37).
cost(23, 5, 46).
cost(23, 6, 14).
cost(23, 7, 37).
cost(23, 8, 26).
cost(23, 9, 43).
cost(23, 10, 26).
cost(23, 11, 18).
cost(23, 12, 35).
cost(23, 13, 29).
cost(23, 14, 44).
cost(23, 15, 42).
cost(23, 16, 34).
cost(23, 17, 32).
cost(23, 18, 22).
cost(23, 19, 24).
cost(23, 20, 29).
cost(23, 21, 31).
cost(23, 22, 42).
cost(23, 24, 12).
cost(23, 25, 17).
cost(23, 26, 37).
cost(24, 1, 16).
cost(24, 2, 49).
cost(24, 3, 24).
cost(24, 4, 30).
cost(24, 5, 38).
cost(24, 6, 24).
cost(24, 7, 35).
cost(24, 8, 34).
cost(24, 9, 47).
cost(24, 10, 38).
cost(24, 11, 22).
cost(24, 12, 28).
cost(24, 13, 20).
cost(24, 14, 44).
cost(24, 15, 32).
cost(24, 16, 42).
cost(24, 17, 35).
cost(24, 18, 30).
cost(24, 19, 33).
cost(24, 20, 35).
cost(24, 21, 39).
cost(24, 22, 32).
cost(24, 23, 12).
cost(24, 25, 20).
cost(24, 26, 40).
cost(25, 1, 36).
cost(25, 2, 29).
cost(25, 3, 43).
cost(25, 4, 50).
cost(25, 5, 33).
cost(25, 6, 13).
cost(25, 7, 20).
cost(25, 8, 43).
cost(25, 9, 28).
cost(25, 10, 32).
cost(25, 11, 35).
cost(25, 12, 22).
cost(25, 13, 21).
cost(25, 14, 61).
cost(25, 15, 33).
cost(25, 16, 50).
cost(25, 17, 49).
cost(25, 18, 14).
cost(25, 19, 40).
cost(25, 20, 47).
cost(25, 21, 48).
cost(25, 22, 51).
cost(25, 23, 17).
cost(25, 24, 20).
cost(25, 26, 55).
cost(26, 1, 34).
cost(26, 2, 81).
cost(26, 3, 28).
cost(26, 4, 27).
cost(26, 5, 78).
cost(26, 6, 49).
cost(26, 7, 74).
cost(26, 8, 19).
cost(26, 9, 81).
cost(26, 10, 46).
cost(26, 11, 19).
cost(26, 12, 68).
cost(26, 13, 60).
cost(26, 14, 10).
cost(26, 15, 70).
cost(26, 16, 21).
cost(26, 17, 7).
cost(26, 18, 57).
cost(26, 19, 23).
cost(26, 20, 12).
cost(26, 21, 18).
cost(26, 22, 40).
cost(26, 23, 37).
cost(26, 24, 40).
cost(26, 25, 55).
