dimension(26).
point(1, 78.5324379763, 56.4617293874).
point(2, 35.7201930682, 80.5988187491).
point(3, 65.3745400418, 76.6156236607).
point(4, 30.350654597, 71.0346233717).
point(5, 97.0736567531, 79.1459968881).
point(6, 91.7304532988, 49.3073008363).
point(7, 25.2777120513, 79.81933989).
point(8, 31.9617100426, 87.297617871).
point(9, 98.7953039521, 67.510476159).
point(10, 92.3608278251, 31.5723877222).
point(11, 79.9810789102, 31.7936831477).
point(12, 95.5199167376, 55.8267146277).
point(13, 23.3647108589, 52.3060004053).
point(14, 70.9510488859, 51.4196176247).
point(15, 22.8490707462, 64.9388112557).
point(16, 28.0869985037, 93.9994374995).
point(17, 51.2467134486, 65.1237188889).
point(18, 53.7541716466, 28.5226447829).
point(19, 66.2997081224, 33.2865566984).
point(20, 58.7467809666, 69.4001773398).
point(21, 23.9306973551, 42.5386279731).
point(22, 57.1547406454, 79.9928791199).
point(23, 81.5171136766, 45.7118341189).
point(24, 89.7684815055, 72.2709589003).
point(25, 34.8271161558, 77.9483214533).
point(26, 80.9665892733, 58.6733692147).
cost(1, 2, 49).
cost(1, 3, 24).
cost(1, 4, 50).
cost(1, 5, 29).
cost(1, 6, 15).
cost(1, 7, 58).
cost(1, 8, 56).
cost(1, 9, 23).
cost(1, 10, 28).
cost(1, 11, 25).
cost(1, 12, 17).
cost(1, 13, 55).
cost(1, 14, 9).
cost(1, 15, 56).
cost(1, 16, 63).
cost(1, 17, 29).
cost(1, 18, 37).
cost(1, 19, 26).
cost(1, 20, 24).
cost(1, 21, 56).
cost(1, 22, 32).
cost(1, 23, 11).
cost(1, 24, 19).
cost(1, 25, 49).
cost(1, 26, 3).
cost(2, 1, 49).
cost(2, 3, 30).
cost(2, 4, 11).
cost(2, 5, 61).
cost(2, 6, 64).
cost(2, 7, 10).
cost(2, 8, 8).
cost(2, 9, 64).
cost(2, 10, 75).
cost(2, 11, 66).
cost(2, 12, 65).
cost(2, 13, 31).
cost(2, 14, 46).
cost(2, 15, 20).
cost(2, 16, 15).
cost(2, 17, 22).
cost(2, 18, 55).
cost(2, 19, 56).
cost(2, 20, 26).
cost(2, 21, 40).
cost(2, 22, 21).
cost(2, 23, 58).
cost(2, 24, 55).
cost(2, 25, 3).
cost(2, 26, 50).
cost(3, 1, 24).
cost(3, 2, 30).
cost(3, 4, 35).
cost(3, 5, 32).
cost(3, 6, 38).
cost(3, 7, 40).
cost(3, 8, 35).
cost(3, 9, 35).
cost(3, 10, 53).
cost(3, 11, 47).
cost(3, 12, 37).
cost(3, 13, 49).
cost(3, 14, 26).
cost(3, 15, 44).
cost(3, 16, 41).
cost(3, 17, 18).
cost(3, 18, 49).
cost(3, 19, 43).
cost(3, 20, 10).
cost(3, 21, 54).
cost(3, 22, 9).
cost(3, 23, 35).
cost(3, 24, 25).
cost(3, 25, 31).
cost(3, 26, 24).
cost(4, 1, 50).
cost(4, 2, 11).
cost(4, 3, 35).
cost(4, 5, 67).
cost(4, 6, 65).
cost(4, 7, 10).
cost(4, 8, 16).
cost(4, 9, 69).
cost(4, 10, 74).
cost(4, 11, 63).
cost(4, 12, 67).
cost(4, 13, 20).
cost(4, 14, 45).
cost(4, 15, 10).
cost(4, 16, 23).
cost(4, 17, 22).
cost(4, 18, 49).
cost(4, 19, 52).
cost(4, 20, 28).
cost(4, 21, 29).
cost(4, 22, 28).
cost(4, 23, 57).
cost(4, 24, 59).
cost(4, 25, 8).
cost(4, 26, 52).
cost(5, 1, 29).
cost(5, 2, 61).
cost(5, 3, 32).
cost(5, 4, 67).
cost(5, 6, 30).
cost(5, 7, 72).
cost(5, 8, 66).
cost(5, 9, 12).
cost(5, 10, 48).
cost(5, 11, 50).
cost(5, 12, 23).
cost(5, 13, 78).
cost(5, 14, 38).
cost(5, 15, 76).
cost(5, 16, 71).
cost(5, 17, 48).
cost(5, 18, 67).
cost(5, 19, 55).
cost(5, 20, 40).
cost(5, 21, 82).
cost(5, 22, 40).
cost(5, 23, 37).
cost(5, 24, 10).
cost(5, 25, 62).
cost(5, 26, 26).
cost(6, 1, 15).
cost(6, 2, 64).
cost(6, 3, 38).
cost(6, 4, 65).
cost(6, 5, 30).
cost(6, 7, 73).
cost(6, 8, 71).
cost(6, 9, 20).
cost(6, 10, 18).
cost(6, 11, 21).
cost(6, 12, 8).
cost(6, 13, 68).
cost(6, 14, 21).
cost(6, 15, 71).
cost(6, 16, 78).
cost(6, 17, 43).
cost(6, 18, 43).
cost(6, 19, 30).
cost(6, 20, 39).
cost(6, 21, 68).
cost(6, 22, 46).
cost(6, 23, 11).
cost(6, 24, 23).
cost(6, 25, 64).
cost(6, 26, 14).
cost(7, 1, 58).
cost(7, 2, 10).
cost(7, 3, 40).
cost(7, 4, 10).
cost(7, 5, 72).
cost(7, 6, 73).
cost(7, 8, 10).
cost(7, 9, 75).
cost(7, 10, 83).
cost(7, 11, 73).
cost(7, 12, 74).
cost(7, 13, 28).
cost(7, 14, 54).
cost(7, 15, 15).
cost(7, 16, 14).
cost(7, 17, 30).
cost(7, 18, 59).
cost(7, 19, 62).
cost(7, 20, 35).
cost(7, 21, 37).
cost(7, 22, 32).
cost(7, 23, 66).
cost(7, 24, 65).
cost(7, 25, 10).
cost(7, 26, 60).
cost(8, 1, 56).
cost(8, 2, 8).
cost(8, 3, 35).
cost(8, 4, 16).
cost(8, 5, 66).
cost(8, 6, 71).
cost(8, 7, 10).
cost(8, 9, 70).
cost(8, 10, 82).
cost(8, 11, 73).
cost(8, 12, 71).
cost(8, 13, 36).
cost(8, 14, 53).
cost(8, 15, 24).
cost(8, 16, 8).
cost(8, 17, 29).
cost(8, 18, 63).
cost(8, 19, 64).
cost(8, 20, 32).
cost(8, 21, 45).
cost(8, 22, 26).
cost(8, 23, 65).
cost(8, 24, 60).
cost(8, 25, 10).
cost(8, 26, 57).
cost(9, 1, 23).
cost(9, 2, 64).
cost(9, 3, 35).
cost(9, 4, 69).
cost(9, 5, 12).
cost(9, 6, 20).
cost(9, 7, 75).
cost(9, 8, 70).
cost(9, 10, 37).
cost(9, 11, 40).
cost(9, 12, 12).
cost(9, 13, 77).
cost(9, 14, 32).
cost(9, 15, 76).
cost(9, 16, 76).
cost(9, 17, 48).
cost(9, 18, 60).
cost(9, 19, 47).
cost(9, 20, 40).
cost(9, 21, 79).
cost(9, 22, 43).
cost(9, 23, 28).
cost(9, 24, 10).
cost(9, 25, 65).
cost(9, 26, 20).
cost(10, 1, 28).
cost(10, 2, 75).
cost(10, 3, 53).
cost(10, 4, 74).
cost(10, 5, 48).
cost(10, 6, 18).
cost(10, 7, 83).
cost(10, 8, 82).
cost(10, 9, 37).
cost(10, 11, 12).
cost(10, 12, 24).
cost(10, 13, 72).
cost(10, 14, 29).
cost(10, 15, 77).
cost(10, 16, 90).
cost(10, 17, 53).
cost(10, 18, 39).
cost(10, 19, 26).
cost(10, 20, 51).
cost(10, 21, 69).
cost(10, 22, 60).
cost(10, 23, 18).
cost(10, 24, 41).
cost(10, 25, 74).
cost(10, 26, 29).
cost(11, 1, 25).
cost(11, 2, 66).
cost(11, 3, 47).
cost(11, 4, 63).
cost(11, 5, 50).
cost(11, 6, 21).
cost(11, 7, 73).
cost(11, 8, 73).
cost(11, 9, 40).
cost(11, 10, 12).
cost(11, 12, 29).
cost(11, 13, 60).
cost(11, 14, 22).
cost(11, 15, 66).
cost(11, 16, 81).
cost(11, 17, 44).
cost(11, 18, 26).
cost(11, 19, 14).
cost(11, 20, 43).
cost(11, 21, 57).
cost(11, 22, 53).
cost(11, 23, 14).
cost(11, 24, 42).
cost(11, 25, 65).
cost(11, 26, 27).
cost(12, 1, 17).
cost(12, 2, 65).
cost(12, 3, 37).
cost(12, 4, 67).
cost(12, 5, 23).
cost(12, 6, 8).
cost(12, 7, 74).
cost(12, 8, 71).
cost(12, 9, 12).
cost(12, 10, 24).
cost(12, 11, 29).
cost(12, 13, 72).
cost(12, 14, 25).
cost(12, 15, 73).
cost(12, 16, 77).
cost(12, 17, 45).
cost(12, 18, 50).
cost(12, 19, 37).
cost(12, 20, 39).
cost(12, 21, 73).
cost(12, 22, 45).
cost(12, 23, 17).
cost(12, 24, 17).
cost(12, 25, 65).
cost(12, 26, 15).
cost(13, 1, 55).
cost(13, 2, 31).
cost(13, 3, 49).
cost(13, 4, 20).
cost(13, 5, 78).
cost(13, 6, 68).
cost(13, 7, 28).
cost(13, 8, 36).
cost(13, 9, 77).
cost(13, 10, 72).
cost(13, 11, 60).
cost(13, 12, 72).
cost(13, 14, 48).
cost(13, 15, 13).
cost(13, 16, 42).
cost(13, 17, 31).
cost(13, 18, 39).
cost(13, 19, 47).
cost(13, 20, 39).
cost(13, 21, 10).
cost(13, 22, 44).
cost(13, 23, 59).
cost(13, 24, 69).
cost(13, 25, 28).
cost(13, 26, 58).
cost(14, 1, 9).
cost(14, 2, 46).
cost(14, 3, 26).
cost(14, 4, 45).
cost(14, 5, 38).
cost(14, 6, 21).
cost(14, 7, 54).
cost(14, 8, 53).
cost(14, 9, 32).
cost(14, 10, 29).
cost(14, 11, 22).
cost(14, 12, 25).
cost(14, 13, 48).
cost(14, 15, 50).
cost(14, 16, 60).
cost(14, 17, 24).
cost(14, 18, 29).
cost(14, 19, 19).
cost(14, 20, 22).
cost(14, 21, 48).
cost(14, 22, 32).
cost(14, 23, 12).
cost(14, 24, 28).
cost(14, 25, 45).
cost(14, 26, 12).
cost(15, 1, 56).
cost(15, 2, 20).
cost(15, 3, 44).
cost(15, 4, 10).
cost(15, 5, 76).
cost(15, 6, 71).
cost(15, 7, 15).
cost(15, 8, 24).
cost(15, 9, 76).
cost(15, 10, 77).
cost(15, 11, 66).
cost(15, 12, 73).
cost(15, 13, 13).
cost(15, 14, 50).
cost(15, 16, 30).
cost(15, 17, 28).
cost(15, 18, 48).
cost(15, 19, 54).
cost(15, 20, 36).
cost(15, 21, 22).
cost(15, 22, 37).
cost(15, 23, 62).
cost(15, 24, 67).
cost(15, 25, 18).
cost(15, 26, 58).
cost(16, 1, 63).
cost(16, 2, 15).
cost(16, 3, 41).
cost(16, 4, 23).
cost(16, 5, 71).
cost(16, 6, 78).
cost(16, 7, 14).
cost(16, 8, 8).
cost(16, 9, 76).
cost(16, 10, 90).
cost(16, 11, 81).
cost(16, 12, 77).
cost(16, 13, 42).
cost(16, 14, 60).
cost(16, 15, 30).
cost(16, 17, 37).
cost(16, 18, 70).
cost(16, 19, 72).
cost(16, 20, 39).
cost(16, 21, 52).
cost(16, 22, 32).
cost(16, 23, 72).
cost(16, 24, 65).
cost(16, 25, 17).
cost(16, 26, 64).
cost(17, 1, 29).
cost(17, 2, 22).
cost(17, 3, 18).
cost(17, 4, 22).
cost(17, 5, 48).
cost(17, 6, 43).
cost(17, 7, 30).
cost(17, 8, 29).
cost(17, 9, 48).
cost(17, 10, 53).
cost(17, 11, 44).
cost(17, 12, 45).
cost(17, 13, 31).
cost(17, 14, 24).
cost(17, 15, 28).
cost(17, 16, 37).
cost(17, 18, 37).
cost(17, 19, 35).
cost(17, 20, 9).
cost(17, 21, 35).
cost(17, 22, 16).
cost(17, 23, 36).
cost(17, 24, 39).
cost(17, 25, 21).
cost(17, 26, 30).
cost(18, 1, 37).
cost(18, 2, 55).
cost(18, 3, 49).
cost(18, 4, 49).
cost(18, 5, 67).
cost(18, 6, 43).
cost(18, 7, 59).
cost(18, 8, 63).
cost(18, 9, 60).
cost(18, 10, 39).
cost(18, 11, 26).
cost(18, 12, 50).
cost(18, 13, 39).
cost(18, 14, 29).
cost(18, 15, 48).
cost(18, 16, 70).
cost(18, 17, 37).
cost(18, 19, 13).
cost(18, 20, 41).
cost(18, 21, 33).
cost(18, 22, 52).
cost(18, 23, 33).
cost(18, 24, 57).
cost(18, 25, 53).
cost(18, 26, 41).
cost(19, 1, 26).
cost(19, 2, 56).
cost(19, 3, 43).
cost(19, 4, 52).
cost(19, 5, 55).
cost(19, 6, 30).
cost(19, 7, 62).
cost(19, 8, 64).
cost(19, 9, 47).
cost(19, 10, 26).
cost(19, 11, 14).
cost(19, 12, 37).
cost(19, 13, 47).
cost(19, 14, 19).
cost(19, 15, 54).
cost(19, 16, 72).
cost(19, 17, 35).
cost(19, 18, 13).
cost(19, 20, 37).
cost(19, 21, 43).
cost(19, 22, 48).
cost(19, 23, 20).
cost(19, 24, 46).
cost(19, 25, 55).
cost(19, 26, 29).
cost(20, 1, 24).
cost(20, 2, 26).
cost(20, 3, 10).
cost(20, 4, 28).
cost(20, 5, 40).
cost(20, 6, 39).
cost(20, 7, 35).
cost(20, 8, 32).
cost(20, 9, 40).
cost(20, 10, 51).
cost(20, 11, 43).
cost(20, 12, 39).
cost(20, 13, 39).
cost(20, 14, 22).
cost(20, 15, 36).
cost(20, 16, 39).
cost(20, 17, 9).
cost(20, 18, 41).
cost(20, 19, 37).
cost(20, 21, 44).
cost(20, 22, 11).
cost(20, 23, 33).
cost(20, 24, 31).
cost(20, 25, 25).
cost(20, 26, 25).
cost(21, 1, 56).
cost(21, 2, 40).
cost(21, 3, 54).
cost(21, 4, 29).
cost(21, 5, 82).
cost(21, 6, 68).
cost(21, 7, 37).
cost(21, 8, 45).
cost(21, 9, 79).
cost(21, 10, 69).
cost(21, 11, 57).
cost(21, 12, 73).
cost(21, 13, 10).
cost(21, 14, 48).
cost(21, 15, 22).
cost(21, 16, 52).
cost(21, 17, 35).
cost(21, 18, 33).
cost(21, 19, 43).
cost(21, 20, 44).
cost(21, 22, 50).
cost(21, 23, 58).
cost(21, 24, 72).
cost(21, 25, 37).
cost(21, 26, 59).
cost(22, 1, 32).
cost(22, 2, 21).
cost(22, 3, 9).
cost(22, 4, 28).
cost(22, 5, 40).
cost(22, 6, 46).
cost(22, 7, 32).
cost(22, 8, 26).
cost(22, 9, 43).
cost(22, 10, 60).
cost(22, 11, 53).
cost(22, 12, 45).
cost(22, 13, 44).
cost(22, 14, 32).
cost(22, 15, 37).
cost(22, 16, 32).
cost(22, 17, 16).
cost(22, 18, 52).
cost(22, 19, 48).
cost(22, 20, 11).
cost(22, 21, 50).
cost(22, 23, 42).
cost(22, 24, 34).
cost(22, 25, 22).
cost(22, 26, 32).
cost(23, 1, 11).
cost(23, 2, 58).
cost(23, 3, 35).
cost(23, 4, 57).
cost(23, 5, 37).
cost(23, 6, 11).
cost(23, 7, 66).
cost(23, 8, 65).
cost(23, 9, 28).
cost(23, 10, 18).
cost(23, 11, 14).
cost(23, 12, 17).
cost(23, 13, 59).
cost(23, 14, 12).
cost(23, 15, 62).
cost(23, 16, 72).
cost(23, 17, 36).
cost(23, 18, 33).
cost(23, 19, 20).
cost(23, 20, 33).
cost(23, 21, 58).
cost(23, 22, 42).
cost(23, 24, 28).
cost(23, 25, 57).
cost(23, 26, 13).
cost(24, 1, 19).
cost(24, 2, 55).
cost(24, 3, 25).
cost(24, 4, 59).
cost(24, 5, 10).
cost(24, 6, 23).
cost(24, 7, 65).
cost(24, 8, 60).
cost(24, 9, 10).
cost(24, 10, 41).
cost(24, 11, 42).
cost(24, 12, 17).
cost(24, 13, 69).
cost(24, 14, 28).
cost(24, 15, 67).
cost(24, 16, 65).
cost(24, 17, 39).
cost(24, 18, 57).
cost(24, 19, 46).
cost(24, 20, 31).
cost(24, 21, 72).
cost(24, 22, 34).
cost(24, 23, 28).
cost(24, 25, 55).
cost(24, 26, 16).
cost(25, 1, 49).
cost(25, 2, 3).
cost(25, 3, 31).
cost(25, 4, 8).
cost(25, 5, 62).
cost(25, 6, 64).
cost(25, 7, 10).
cost(25, 8, 10).
cost(25, 9, 65).
cost(25, 10, 74).
cost(25, 11, 65).
cost(25, 12, 65).
cost(25, 13, 28).
cost(25, 14, 45).
cost(25, 15, 18).
cost(25, 16, 17).
cost(25, 17, 21).
cost(25, 18, 53).
cost(25, 19, 55).
cost(25, 20, 25).
cost(25, 21, 37).
cost(25, 22, 22).
cost(25, 23, 57).
cost(25, 24, 55).
cost(25, 26, 50).
cost(26, 1, 3).
cost(26, 2, 50).
cost(26, 3, 24).
cost(26, 4, 52).
cost(26, 5, 26).
cost(26, 6, 14).
cost(26, 7, 60).
cost(26, 8, 57).
cost(26, 9, 20).
cost(26, 10, 29).
cost(26, 11, 27).
cost(26, 12, 15).
cost(26, 13, 58).
cost(26, 14, 12).
cost(26, 15, 58).
cost(26, 16, 64).
cost(26, 17, 30).
cost(26, 18, 41).
cost(26, 19, 29).
cost(26, 20, 25).
cost(26, 21, 59).
cost(26, 22, 32).
cost(26, 23, 13).
cost(26, 24, 16).
cost(26, 25, 50).
