dimension(26).
point(1, 22.4937813043, 66.5551691398).
point(2, 59.7132882073, 54.3294576426).
point(3, 53.3497048121, 85.7914520934).
point(4, 19.7508631855, 72.3764640434).
point(5, 52.9055926524, 44.0477949409).
point(6, 29.8819899157, 77.443336764).
point(7, 48.2834653802, 34.0765488807).
point(8, 50.5987730314, 85.9547353911).
point(9, 63.9279154849, 95.4932783697).
point(10, 60.398573021, 87.1519699429).
point(11, 40.0765204975, 82.1885801036).
point(12, 42.8028742626, 78.920498772).
point(13, 79.3437053022, 29.2418616325).
point(14, 90.0484032973, 29.9244138399).
point(15, 26.4271480703, 95.5203034806).
point(16, 88.7935608523, 40.3605232103).
point(17, 53.908773228, 22.5115314975).
point(18, 63.671672275, 49.6438314325).
point(19, 39.2306583073, 65.6117484911).
point(20, 82.5667133179, 58.6340588556).
point(21, 56.0401138019, 92.618016648).
point(22, 91.0683064344, 35.1017583165).
point(23, 81.2914209514, 32.7033008811).
point(24, 86.3618721882, 23.0381287729).
point(25, 75.4167499759, 60.7203139463).
point(26, 50.1113345927, 79.3719696342).
cost(1, 2, 39).
cost(1, 3, 36).
cost(1, 4, 6).
cost(1, 5, 38).
cost(1, 6, 13).
cost(1, 7, 41).
cost(1, 8, 34).
cost(1, 9, 51).
cost(1, 10, 43).
cost(1, 11, 24).
cost(1, 12, 24).
cost(1, 13, 68).
cost(1, 14, 77).
cost(1, 15, 29).
cost(1, 16, 71).
cost(1, 17, 54).
cost(1, 18, 45).
cost(1, 19, 17).
cost(1, 20, 61).
cost(1, 21, 42).
cost(1, 22, 75).
cost(1, 23, 68).
cost(1, 24, 77).
cost(1, 25, 53).
cost(1, 26, 30).
cost(2, 1, 39).
cost(2, 3, 32).
cost(2, 4, 44).
cost(2, 5, 12).
cost(2, 6, 38).
cost(2, 7, 23).
cost(2, 8, 33).
cost(2, 9, 41).
cost(2, 10, 33).
cost(2, 11, 34).
cost(2, 12, 30).
cost(2, 13, 32).
cost(2, 14, 39).
cost(2, 15, 53).
cost(2, 16, 32).
cost(2, 17, 32).
cost(2, 18, 6).
cost(2, 19, 23).
cost(2, 20, 23).
cost(2, 21, 38).
cost(2, 22, 37).
cost(2, 23, 31).
cost(2, 24, 41).
cost(2, 25, 17).
cost(2, 26, 27).
cost(3, 1, 36).
cost(3, 2, 32).
cost(3, 4, 36).
cost(3, 5, 42).
cost(3, 6, 25).
cost(3, 7, 52).
cost(3, 8, 3).
cost(3, 9, 14).
cost(3, 10, 7).
cost(3, 11, 14).
cost(3, 12, 13).
cost(3, 13, 62).
cost(3, 14, 67).
cost(3, 15, 29).
cost(3, 16, 58).
cost(3, 17, 63).
cost(3, 18, 38).
cost(3, 19, 25).
cost(3, 20, 40).
cost(3, 21, 7).
cost(3, 22, 63).
cost(3, 23, 60).
cost(3, 24, 71).
cost(3, 25, 33).
cost(3, 26, 7).
cost(4, 1, 6).
cost(4, 2, 44).
cost(4, 3, 36).
cost(4, 5, 44).
cost(4, 6, 11).
cost(4, 7, 48).
cost(4, 8, 34).
cost(4, 9, 50).
cost(4, 10, 43).
cost(4, 11, 23).
cost(4, 12, 24).
cost(4, 13, 74).
cost(4, 14, 82).
cost(4, 15, 24).
cost(4, 16, 76).
cost(4, 17, 60).
cost(4, 18, 49).
cost(4, 19, 21).
cost(4, 20, 64).
cost(4, 21, 42).
cost(4, 22, 80).
cost(4, 23, 73).
cost(4, 24, 83).
cost(4, 25, 57).
cost(4, 26, 31).
cost(5, 1, 38).
cost(5, 2, 12).
cost(5, 3, 42).
cost(5, 4, 44).
cost(5, 6, 41).
cost(5, 7, 11).
cost(5, 8, 42).
cost(5, 9, 53).
cost(5, 10, 44).
cost(5, 11, 40).
cost(5, 12, 36).
cost(5, 13, 30).
cost(5, 14, 40).
cost(5, 15, 58).
cost(5, 16, 36).
cost(5, 17, 22).
cost(5, 18, 12).
cost(5, 19, 26).
cost(5, 20, 33).
cost(5, 21, 49).
cost(5, 22, 39).
cost(5, 23, 31).
cost(5, 24, 40).
cost(5, 25, 28).
cost(5, 26, 35).
cost(6, 1, 13).
cost(6, 2, 38).
cost(6, 3, 25).
cost(6, 4, 11).
cost(6, 5, 41).
cost(6, 7, 47).
cost(6, 8, 22).
cost(6, 9, 39).
cost(6, 10, 32).
cost(6, 11, 11).
cost(6, 12, 13).
cost(6, 13, 69).
cost(6, 14, 77).
cost(6, 15, 18).
cost(6, 16, 70).
cost(6, 17, 60).
cost(6, 18, 44).
cost(6, 19, 15).
cost(6, 20, 56).
cost(6, 21, 30).
cost(6, 22, 74).
cost(6, 23, 68).
cost(6, 24, 78).
cost(6, 25, 49).
cost(6, 26, 20).
cost(7, 1, 41).
cost(7, 2, 23).
cost(7, 3, 52).
cost(7, 4, 48).
cost(7, 5, 11).
cost(7, 6, 47).
cost(7, 8, 52).
cost(7, 9, 63).
cost(7, 10, 54).
cost(7, 11, 49).
cost(7, 12, 45).
cost(7, 13, 31).
cost(7, 14, 42).
cost(7, 15, 65).
cost(7, 16, 41).
cost(7, 17, 13).
cost(7, 18, 22).
cost(7, 19, 33).
cost(7, 20, 42).
cost(7, 21, 59).
cost(7, 22, 43).
cost(7, 23, 33).
cost(7, 24, 40).
cost(7, 25, 38).
cost(7, 26, 45).
cost(8, 1, 34).
cost(8, 2, 33).
cost(8, 3, 3).
cost(8, 4, 34).
cost(8, 5, 42).
cost(8, 6, 22).
cost(8, 7, 52).
cost(8, 9, 16).
cost(8, 10, 10).
cost(8, 11, 11).
cost(8, 12, 11).
cost(8, 13, 64).
cost(8, 14, 69).
cost(8, 15, 26).
cost(8, 16, 59).
cost(8, 17, 64).
cost(8, 18, 39).
cost(8, 19, 23).
cost(8, 20, 42).
cost(8, 21, 9).
cost(8, 22, 65).
cost(8, 23, 61).
cost(8, 24, 72).
cost(8, 25, 35).
cost(8, 26, 7).
cost(9, 1, 51).
cost(9, 2, 41).
cost(9, 3, 14).
cost(9, 4, 50).
cost(9, 5, 53).
cost(9, 6, 39).
cost(9, 7, 63).
cost(9, 8, 16).
cost(9, 10, 9).
cost(9, 11, 27).
cost(9, 12, 27).
cost(9, 13, 68).
cost(9, 14, 71).
cost(9, 15, 38).
cost(9, 16, 60).
cost(9, 17, 74).
cost(9, 18, 46).
cost(9, 19, 39).
cost(9, 20, 41).
cost(9, 21, 8).
cost(9, 22, 66).
cost(9, 23, 65).
cost(9, 24, 76).
cost(9, 25, 37).
cost(9, 26, 21).
cost(10, 1, 43).
cost(10, 2, 33).
cost(10, 3, 7).
cost(10, 4, 43).
cost(10, 5, 44).
cost(10, 6, 32).
cost(10, 7, 54).
cost(10, 8, 10).
cost(10, 9, 9).
cost(10, 11, 21).
cost(10, 12, 19).
cost(10, 13, 61).
cost(10, 14, 64).
cost(10, 15, 35).
cost(10, 16, 55).
cost(10, 17, 65).
cost(10, 18, 38).
cost(10, 19, 30).
cost(10, 20, 36).
cost(10, 21, 7).
cost(10, 22, 60).
cost(10, 23, 58).
cost(10, 24, 69).
cost(10, 25, 30).
cost(10, 26, 13).
cost(11, 1, 24).
cost(11, 2, 34).
cost(11, 3, 14).
cost(11, 4, 23).
cost(11, 5, 40).
cost(11, 6, 11).
cost(11, 7, 49).
cost(11, 8, 11).
cost(11, 9, 27).
cost(11, 10, 21).
cost(11, 12, 4).
cost(11, 13, 66).
cost(11, 14, 72).
cost(11, 15, 19).
cost(11, 16, 64).
cost(11, 17, 61).
cost(11, 18, 40).
cost(11, 19, 17).
cost(11, 20, 49).
cost(11, 21, 19).
cost(11, 22, 69).
cost(11, 23, 64).
cost(11, 24, 75).
cost(11, 25, 41).
cost(11, 26, 10).
cost(12, 1, 24).
cost(12, 2, 30).
cost(12, 3, 13).
cost(12, 4, 24).
cost(12, 5, 36).
cost(12, 6, 13).
cost(12, 7, 45).
cost(12, 8, 11).
cost(12, 9, 27).
cost(12, 10, 19).
cost(12, 11, 4).
cost(12, 13, 62).
cost(12, 14, 68).
cost(12, 15, 23).
cost(12, 16, 60).
cost(12, 17, 57).
cost(12, 18, 36).
cost(12, 19, 14).
cost(12, 20, 45).
cost(12, 21, 19).
cost(12, 22, 65).
cost(12, 23, 60).
cost(12, 24, 71).
cost(12, 25, 37).
cost(12, 26, 7).
cost(13, 1, 68).
cost(13, 2, 32).
cost(13, 3, 62).
cost(13, 4, 74).
cost(13, 5, 30).
cost(13, 6, 69).
cost(13, 7, 31).
cost(13, 8, 64).
cost(13, 9, 68).
cost(13, 10, 61).
cost(13, 11, 66).
cost(13, 12, 62).
cost(13, 14, 11).
cost(13, 15, 85).
cost(13, 16, 15).
cost(13, 17, 26).
cost(13, 18, 26).
cost(13, 19, 54).
cost(13, 20, 30).
cost(13, 21, 68).
cost(13, 22, 13).
cost(13, 23, 4).
cost(13, 24, 9).
cost(13, 25, 32).
cost(13, 26, 58).
cost(14, 1, 77).
cost(14, 2, 39).
cost(14, 3, 67).
cost(14, 4, 82).
cost(14, 5, 40).
cost(14, 6, 77).
cost(14, 7, 42).
cost(14, 8, 69).
cost(14, 9, 71).
cost(14, 10, 64).
cost(14, 11, 72).
cost(14, 12, 68).
cost(14, 13, 11).
cost(14, 15, 91).
cost(14, 16, 11).
cost(14, 17, 37).
cost(14, 18, 33).
cost(14, 19, 62).
cost(14, 20, 30).
cost(14, 21, 71).
cost(14, 22, 5).
cost(14, 23, 9).
cost(14, 24, 8).
cost(14, 25, 34).
cost(14, 26, 64).
cost(15, 1, 29).
cost(15, 2, 53).
cost(15, 3, 29).
cost(15, 4, 24).
cost(15, 5, 58).
cost(15, 6, 18).
cost(15, 7, 65).
cost(15, 8, 26).
cost(15, 9, 38).
cost(15, 10, 35).
cost(15, 11, 19).
cost(15, 12, 23).
cost(15, 13, 85).
cost(15, 14, 91).
cost(15, 16, 83).
cost(15, 17, 78).
cost(15, 18, 59).
cost(15, 19, 33).
cost(15, 20, 67).
cost(15, 21, 30).
cost(15, 22, 88).
cost(15, 23, 83).
cost(15, 24, 94).
cost(15, 25, 60).
cost(15, 26, 29).
cost(16, 1, 71).
cost(16, 2, 32).
cost(16, 3, 58).
cost(16, 4, 76).
cost(16, 5, 36).
cost(16, 6, 70).
cost(16, 7, 41).
cost(16, 8, 59).
cost(16, 9, 60).
cost(16, 10, 55).
cost(16, 11, 64).
cost(16, 12, 60).
cost(16, 13, 15).
cost(16, 14, 11).
cost(16, 15, 83).
cost(16, 17, 39).
cost(16, 18, 27).
cost(16, 19, 56).
cost(16, 20, 19).
cost(16, 21, 62).
cost(16, 22, 6).
cost(16, 23, 11).
cost(16, 24, 17).
cost(16, 25, 24).
cost(16, 26, 55).
cost(17, 1, 54).
cost(17, 2, 32).
cost(17, 3, 63).
cost(17, 4, 60).
cost(17, 5, 22).
cost(17, 6, 60).
cost(17, 7, 13).
cost(17, 8, 64).
cost(17, 9, 74).
cost(17, 10, 65).
cost(17, 11, 61).
cost(17, 12, 57).
cost(17, 13, 26).
cost(17, 14, 37).
cost(17, 15, 78).
cost(17, 16, 39).
cost(17, 18, 29).
cost(17, 19, 46).
cost(17, 20, 46).
cost(17, 21, 70).
cost(17, 22, 39).
cost(17, 23, 29).
cost(17, 24, 32).
cost(17, 25, 44).
cost(17, 26, 57).
cost(18, 1, 45).
cost(18, 2, 6).
cost(18, 3, 38).
cost(18, 4, 49).
cost(18, 5, 12).
cost(18, 6, 44).
cost(18, 7, 22).
cost(18, 8, 39).
cost(18, 9, 46).
cost(18, 10, 38).
cost(18, 11, 40).
cost(18, 12, 36).
cost(18, 13, 26).
cost(18, 14, 33).
cost(18, 15, 59).
cost(18, 16, 27).
cost(18, 17, 29).
cost(18, 19, 29).
cost(18, 20, 21).
cost(18, 21, 44).
cost(18, 22, 31).
cost(18, 23, 24).
cost(18, 24, 35).
cost(18, 25, 16).
cost(18, 26, 33).
cost(19, 1, 17).
cost(19, 2, 23).
cost(19, 3, 25).
cost(19, 4, 21).
cost(19, 5, 26).
cost(19, 6, 15).
cost(19, 7, 33).
cost(19, 8, 23).
cost(19, 9, 39).
cost(19, 10, 30).
cost(19, 11, 17).
cost(19, 12, 14).
cost(19, 13, 54).
cost(19, 14, 62).
cost(19, 15, 33).
cost(19, 16, 56).
cost(19, 17, 46).
cost(19, 18, 29).
cost(19, 20, 44).
cost(19, 21, 32).
cost(19, 22, 60).
cost(19, 23, 53).
cost(19, 24, 64).
cost(19, 25, 37).
cost(19, 26, 18).
cost(20, 1, 61).
cost(20, 2, 23).
cost(20, 3, 40).
cost(20, 4, 64).
cost(20, 5, 33).
cost(20, 6, 56).
cost(20, 7, 42).
cost(20, 8, 42).
cost(20, 9, 41).
cost(20, 10, 36).
cost(20, 11, 49).
cost(20, 12, 45).
cost(20, 13, 30).
cost(20, 14, 30).
cost(20, 15, 67).
cost(20, 16, 19).
cost(20, 17, 46).
cost(20, 18, 21).
cost(20, 19, 44).
cost(20, 21, 43).
cost(20, 22, 25).
cost(20, 23, 26).
cost(20, 24, 36).
cost(20, 25, 7).
cost(20, 26, 39).
cost(21, 1, 42).
cost(21, 2, 38).
cost(21, 3, 7).
cost(21, 4, 42).
cost(21, 5, 49).
cost(21, 6, 30).
cost(21, 7, 59).
cost(21, 8, 9).
cost(21, 9, 8).
cost(21, 10, 7).
cost(21, 11, 19).
cost(21, 12, 19).
cost(21, 13, 68).
cost(21, 14, 71).
cost(21, 15, 30).
cost(21, 16, 62).
cost(21, 17, 70).
cost(21, 18, 44).
cost(21, 19, 32).
cost(21, 20, 43).
cost(21, 22, 67).
cost(21, 23, 65).
cost(21, 24, 76).
cost(21, 25, 37).
cost(21, 26, 15).
cost(22, 1, 75).
cost(22, 2, 37).
cost(22, 3, 63).
cost(22, 4, 80).
cost(22, 5, 39).
cost(22, 6, 74).
cost(22, 7, 43).
cost(22, 8, 65).
cost(22, 9, 66).
cost(22, 10, 60).
cost(22, 11, 69).
cost(22, 12, 65).
cost(22, 13, 13).
cost(22, 14, 5).
cost(22, 15, 88).
cost(22, 16, 6).
cost(22, 17, 39).
cost(22, 18, 31).
cost(22, 19, 60).
cost(22, 20, 25).
cost(22, 21, 67).
cost(22, 23, 10).
cost(22, 24, 13).
cost(22, 25, 30).
cost(22, 26, 60).
cost(23, 1, 68).
cost(23, 2, 31).
cost(23, 3, 60).
cost(23, 4, 73).
cost(23, 5, 31).
cost(23, 6, 68).
cost(23, 7, 33).
cost(23, 8, 61).
cost(23, 9, 65).
cost(23, 10, 58).
cost(23, 11, 64).
cost(23, 12, 60).
cost(23, 13, 4).
cost(23, 14, 9).
cost(23, 15, 83).
cost(23, 16, 11).
cost(23, 17, 29).
cost(23, 18, 24).
cost(23, 19, 53).
cost(23, 20, 26).
cost(23, 21, 65).
cost(23, 22, 10).
cost(23, 24, 11).
cost(23, 25, 29).
cost(23, 26, 56).
cost(24, 1, 77).
cost(24, 2, 41).
cost(24, 3, 71).
cost(24, 4, 83).
cost(24, 5, 40).
cost(24, 6, 78).
cost(24, 7, 40).
cost(24, 8, 72).
cost(24, 9, 76).
cost(24, 10, 69).
cost(24, 11, 75).
cost(24, 12, 71).
cost(24, 13, 9).
cost(24, 14, 8).
cost(24, 15, 94).
cost(24, 16, 17).
cost(24, 17, 32).
cost(24, 18, 35).
cost(24, 19, 64).
cost(24, 20, 36).
cost(24, 21, 76).
cost(24, 22, 13).
cost(24, 23, 11).
cost(24, 25, 39).
cost(24, 26, 67).
cost(25, 1, 53).
cost(25, 2, 17).
cost(25, 3, 33).
cost(25, 4, 57).
cost(25, 5, 28).
cost(25, 6, 49).
cost(25, 7, 38).
cost(25, 8, 35).
cost(25, 9, 37).
cost(25, 10, 30).
cost(25, 11, 41).
cost(25, 12, 37).
cost(25, 13, 32).
cost(25, 14, 34).
cost(25, 15, 60).
cost(25, 16, 24).
cost(25, 17, 44).
cost(25, 18, 16).
cost(25, 19, 37).
cost(25, 20, 7).
cost(25, 21, 37).
cost(25, 22, 30).
cost(25, 23, 29).
cost(25, 24, 39).
cost(25, 26, 31).
cost(26, 1, 30).
cost(26, 2, 27).
cost(26, 3, 7).
cost(26, 4, 31).
cost(26, 5, 35).
cost(26, 6, 20).
cost(26, 7, 45).
cost(26, 8, 7).
cost(26, 9, 21).
cost(26, 10, 13).
cost(26, 11, 10).
cost(26, 12, 7).
cost(26, 13, 58).
cost(26, 14, 64).
cost(26, 15, 29).
cost(26, 16, 55).
cost(26, 17, 57).
cost(26, 18, 33).
cost(26, 19, 18).
cost(26, 20, 39).
cost(26, 21, 15).
cost(26, 22, 60).
cost(26, 23, 56).
cost(26, 24, 67).
cost(26, 25, 31).
