dimension(26).
point(1, 24.9560561227, 17.9910048494).
point(2, 26.727033207, 47.4484704257).
point(3, 54.2817022476, 5.7409139502).
point(4, 80.401579932, 9.6890795283).
point(5, 26.5333787616, 80.8524620639).
point(6, 73.3764918314, 32.552405286).
point(7, 27.0030243329, 92.3041733042).
point(8, 72.1104916987, 90.4362416339).
point(9, 59.2511481764, 30.9636686267).
point(10, 78.734124738, 84.7626006266).
point(11, 61.4517381993, 66.9765800587).
point(12, 65.834017843, 32.9641743529).
point(13, 59.6044127054, 66.6440071753).
point(14, 77.1648561378, 30.0648670546).
point(15, 51.0846855815, 56.0689248467).
point(16, 40.2778596017, 55.7053740231).
point(17, 50.3562564174, 23.7307110866).
point(18, 64.7840519212, 6.604003615).
point(19, 88.6649812544, 25.7293683461).
point(20, 47.0044902733, 75.2829943269).
point(21, 30.092652181, 73.9908398977).
point(22, 43.2295470442, 20.8465967369).
point(23, 85.7256710319, 10.6447544919).
point(24, 30.8599188115, 64.2572753711).
point(25, 54.0930550861, 31.5644555562).
point(26, 49.8062112072, 81.890096299).
cost(1, 2, 30).
cost(1, 3, 32).
cost(1, 4, 56).
cost(1, 5, 63).
cost(1, 6, 51).
cost(1, 7, 74).
cost(1, 8, 86).
cost(1, 9, 37).
cost(1, 10, 86).
cost(1, 11, 61).
cost(1, 12, 44).
cost(1, 13, 60).
cost(1, 14, 54).
cost(1, 15, 46).
cost(1, 16, 41).
cost(1, 17, 26).
cost(1, 18, 41).
cost(1, 19, 64).
cost(1, 20, 61).
cost(1, 21, 56).
cost(1, 22, 18).
cost(1, 23, 61).
cost(1, 24, 47).
cost(1, 25, 32).
cost(1, 26, 69).
cost(2, 1, 30).
cost(2, 3, 50).
cost(2, 4, 66).
cost(2, 5, 33).
cost(2, 6, 49).
cost(2, 7, 45).
cost(2, 8, 63).
cost(2, 9, 36).
cost(2, 10, 64).
cost(2, 11, 40).
cost(2, 12, 42).
cost(2, 13, 38).
cost(2, 14, 53).
cost(2, 15, 26).
cost(2, 16, 16).
cost(2, 17, 33).
cost(2, 18, 56).
cost(2, 19, 66).
cost(2, 20, 34).
cost(2, 21, 27).
cost(2, 22, 31).
cost(2, 23, 70).
cost(2, 24, 17).
cost(2, 25, 32).
cost(2, 26, 41).
cost(3, 1, 32).
cost(3, 2, 50).
cost(3, 4, 26).
cost(3, 5, 80).
cost(3, 6, 33).
cost(3, 7, 91).
cost(3, 8, 87).
cost(3, 9, 26).
cost(3, 10, 83).
cost(3, 11, 62).
cost(3, 12, 30).
cost(3, 13, 61).
cost(3, 14, 33).
cost(3, 15, 50).
cost(3, 16, 52).
cost(3, 17, 18).
cost(3, 18, 11).
cost(3, 19, 40).
cost(3, 20, 70).
cost(3, 21, 72).
cost(3, 22, 19).
cost(3, 23, 32).
cost(3, 24, 63).
cost(3, 25, 26).
cost(3, 26, 76).
cost(4, 1, 56).
cost(4, 2, 66).
cost(4, 3, 26).
cost(4, 5, 89).
cost(4, 6, 24).
cost(4, 7, 98).
cost(4, 8, 81).
cost(4, 9, 30).
cost(4, 10, 75).
cost(4, 11, 60).
cost(4, 12, 27).
cost(4, 13, 61).
cost(4, 14, 21).
cost(4, 15, 55).
cost(4, 16, 61).
cost(4, 17, 33).
cost(4, 18, 16).
cost(4, 19, 18).
cost(4, 20, 74).
cost(4, 21, 82).
cost(4, 22, 39).
cost(4, 23, 5).
cost(4, 24, 74).
cost(4, 25, 34).
cost(4, 26, 78).
cost(5, 1, 63).
cost(5, 2, 33).
cost(5, 3, 80).
cost(5, 4, 89).
cost(5, 6, 67).
cost(5, 7, 11).
cost(5, 8, 47).
cost(5, 9, 60).
cost(5, 10, 52).
cost(5, 11, 38).
cost(5, 12, 62).
cost(5, 13, 36).
cost(5, 14, 72).
cost(5, 15, 35).
cost(5, 16, 29).
cost(5, 17, 62).
cost(5, 18, 84).
cost(5, 19, 83).
cost(5, 20, 21).
cost(5, 21, 8).
cost(5, 22, 62).
cost(5, 23, 92).
cost(5, 24, 17).
cost(5, 25, 56).
cost(5, 26, 23).
cost(6, 1, 51).
cost(6, 2, 49).
cost(6, 3, 33).
cost(6, 4, 24).
cost(6, 5, 67).
cost(6, 7, 76).
cost(6, 8, 58).
cost(6, 9, 14).
cost(6, 10, 52).
cost(6, 11, 36).
cost(6, 12, 8).
cost(6, 13, 37).
cost(6, 14, 5).
cost(6, 15, 32).
cost(6, 16, 40).
cost(6, 17, 25).
cost(6, 18, 27).
cost(6, 19, 17).
cost(6, 20, 50).
cost(6, 21, 60).
cost(6, 22, 32).
cost(6, 23, 25).
cost(6, 24, 53).
cost(6, 25, 19).
cost(6, 26, 55).
cost(7, 1, 74).
cost(7, 2, 45).
cost(7, 3, 91).
cost(7, 4, 98).
cost(7, 5, 11).
cost(7, 6, 76).
cost(7, 8, 45).
cost(7, 9, 69).
cost(7, 10, 52).
cost(7, 11, 43).
cost(7, 12, 71).
cost(7, 13, 41).
cost(7, 14, 80).
cost(7, 15, 44).
cost(7, 16, 39).
cost(7, 17, 72).
cost(7, 18, 94).
cost(7, 19, 91).
cost(7, 20, 26).
cost(7, 21, 19).
cost(7, 22, 73).
cost(7, 23, 101).
cost(7, 24, 28).
cost(7, 25, 67).
cost(7, 26, 25).
cost(8, 1, 86).
cost(8, 2, 63).
cost(8, 3, 87).
cost(8, 4, 81).
cost(8, 5, 47).
cost(8, 6, 58).
cost(8, 7, 45).
cost(8, 9, 61).
cost(8, 10, 9).
cost(8, 11, 26).
cost(8, 12, 58).
cost(8, 13, 27).
cost(8, 14, 61).
cost(8, 15, 40).
cost(8, 16, 47).
cost(8, 17, 70).
cost(8, 18, 84).
cost(8, 19, 67).
cost(8, 20, 29).
cost(8, 21, 45).
cost(8, 22, 75).
cost(8, 23, 81).
cost(8, 24, 49).
cost(8, 25, 62).
cost(8, 26, 24).
cost(9, 1, 37).
cost(9, 2, 36).
cost(9, 3, 26).
cost(9, 4, 30).
cost(9, 5, 60).
cost(9, 6, 14).
cost(9, 7, 69).
cost(9, 8, 61).
cost(9, 10, 57).
cost(9, 11, 36).
cost(9, 12, 7).
cost(9, 13, 36).
cost(9, 14, 18).
cost(9, 15, 26).
cost(9, 16, 31).
cost(9, 17, 11).
cost(9, 18, 25).
cost(9, 19, 30).
cost(9, 20, 46).
cost(9, 21, 52).
cost(9, 22, 19).
cost(9, 23, 33).
cost(9, 24, 44).
cost(9, 25, 5).
cost(9, 26, 52).
cost(10, 1, 86).
cost(10, 2, 64).
cost(10, 3, 83).
cost(10, 4, 75).
cost(10, 5, 52).
cost(10, 6, 52).
cost(10, 7, 52).
cost(10, 8, 9).
cost(10, 9, 57).
cost(10, 11, 25).
cost(10, 12, 53).
cost(10, 13, 26).
cost(10, 14, 55).
cost(10, 15, 40).
cost(10, 16, 48).
cost(10, 17, 67).
cost(10, 18, 79).
cost(10, 19, 60).
cost(10, 20, 33).
cost(10, 21, 50).
cost(10, 22, 73).
cost(10, 23, 74).
cost(10, 24, 52).
cost(10, 25, 59).
cost(10, 26, 29).
cost(11, 1, 61).
cost(11, 2, 40).
cost(11, 3, 62).
cost(11, 4, 60).
cost(11, 5, 38).
cost(11, 6, 36).
cost(11, 7, 43).
cost(11, 8, 26).
cost(11, 9, 36).
cost(11, 10, 25).
cost(11, 12, 34).
cost(11, 13, 2).
cost(11, 14, 40).
cost(11, 15, 15).
cost(11, 16, 24).
cost(11, 17, 45).
cost(11, 18, 60).
cost(11, 19, 49).
cost(11, 20, 17).
cost(11, 21, 32).
cost(11, 22, 50).
cost(11, 23, 61).
cost(11, 24, 31).
cost(11, 25, 36).
cost(11, 26, 19).
cost(12, 1, 44).
cost(12, 2, 42).
cost(12, 3, 30).
cost(12, 4, 27).
cost(12, 5, 62).
cost(12, 6, 8).
cost(12, 7, 71).
cost(12, 8, 58).
cost(12, 9, 7).
cost(12, 10, 53).
cost(12, 11, 34).
cost(12, 13, 34).
cost(12, 14, 12).
cost(12, 15, 27).
cost(12, 16, 34).
cost(12, 17, 18).
cost(12, 18, 26).
cost(12, 19, 24).
cost(12, 20, 46).
cost(12, 21, 54).
cost(12, 22, 26).
cost(12, 23, 30).
cost(12, 24, 47).
cost(12, 25, 12).
cost(12, 26, 51).
cost(13, 1, 60).
cost(13, 2, 38).
cost(13, 3, 61).
cost(13, 4, 61).
cost(13, 5, 36).
cost(13, 6, 37).
cost(13, 7, 41).
cost(13, 8, 27).
cost(13, 9, 36).
cost(13, 10, 26).
cost(13, 11, 2).
cost(13, 12, 34).
cost(13, 14, 41).
cost(13, 15, 14).
cost(13, 16, 22).
cost(13, 17, 44).
cost(13, 18, 60).
cost(13, 19, 50).
cost(13, 20, 15).
cost(13, 21, 30).
cost(13, 22, 49).
cost(13, 23, 62).
cost(13, 24, 29).
cost(13, 25, 36).
cost(13, 26, 18).
cost(14, 1, 54).
cost(14, 2, 53).
cost(14, 3, 33).
cost(14, 4, 21).
cost(14, 5, 72).
cost(14, 6, 5).
cost(14, 7, 80).
cost(14, 8, 61).
cost(14, 9, 18).
cost(14, 10, 55).
cost(14, 11, 40).
cost(14, 12, 12).
cost(14, 13, 41).
cost(14, 15, 37).
cost(14, 16, 45).
cost(14, 17, 28).
cost(14, 18, 27).
cost(14, 19, 12).
cost(14, 20, 54).
cost(14, 21, 64).
cost(14, 22, 35).
cost(14, 23, 21).
cost(14, 24, 58).
cost(14, 25, 23).
cost(14, 26, 59).
cost(15, 1, 46).
cost(15, 2, 26).
cost(15, 3, 50).
cost(15, 4, 55).
cost(15, 5, 35).
cost(15, 6, 32).
cost(15, 7, 44).
cost(15, 8, 40).
cost(15, 9, 26).
cost(15, 10, 40).
cost(15, 11, 15).
cost(15, 12, 27).
cost(15, 13, 14).
cost(15, 14, 37).
cost(15, 16, 11).
cost(15, 17, 32).
cost(15, 18, 51).
cost(15, 19, 48).
cost(15, 20, 20).
cost(15, 21, 28).
cost(15, 22, 36).
cost(15, 23, 57).
cost(15, 24, 22).
cost(15, 25, 25).
cost(15, 26, 26).
cost(16, 1, 41).
cost(16, 2, 16).
cost(16, 3, 52).
cost(16, 4, 61).
cost(16, 5, 29).
cost(16, 6, 40).
cost(16, 7, 39).
cost(16, 8, 47).
cost(16, 9, 31).
cost(16, 10, 48).
cost(16, 11, 24).
cost(16, 12, 34).
cost(16, 13, 22).
cost(16, 14, 45).
cost(16, 15, 11).
cost(16, 17, 34).
cost(16, 18, 55).
cost(16, 19, 57).
cost(16, 20, 21).
cost(16, 21, 21).
cost(16, 22, 35).
cost(16, 23, 64).
cost(16, 24, 13).
cost(16, 25, 28).
cost(16, 26, 28).
cost(17, 1, 26).
cost(17, 2, 33).
cost(17, 3, 18).
cost(17, 4, 33).
cost(17, 5, 62).
cost(17, 6, 25).
cost(17, 7, 72).
cost(17, 8, 70).
cost(17, 9, 11).
cost(17, 10, 67).
cost(17, 11, 45).
cost(17, 12, 18).
cost(17, 13, 44).
cost(17, 14, 28).
cost(17, 15, 32).
cost(17, 16, 34).
cost(17, 18, 22).
cost(17, 19, 38).
cost(17, 20, 52).
cost(17, 21, 54).
cost(17, 22, 8).
cost(17, 23, 38).
cost(17, 24, 45).
cost(17, 25, 9).
cost(17, 26, 58).
cost(18, 1, 41).
cost(18, 2, 56).
cost(18, 3, 11).
cost(18, 4, 16).
cost(18, 5, 84).
cost(18, 6, 27).
cost(18, 7, 94).
cost(18, 8, 84).
cost(18, 9, 25).
cost(18, 10, 79).
cost(18, 11, 60).
cost(18, 12, 26).
cost(18, 13, 60).
cost(18, 14, 27).
cost(18, 15, 51).
cost(18, 16, 55).
cost(18, 17, 22).
cost(18, 19, 31).
cost(18, 20, 71).
cost(18, 21, 76).
cost(18, 22, 26).
cost(18, 23, 21).
cost(18, 24, 67).
cost(18, 25, 27).
cost(18, 26, 77).
cost(19, 1, 64).
cost(19, 2, 66).
cost(19, 3, 40).
cost(19, 4, 18).
cost(19, 5, 83).
cost(19, 6, 17).
cost(19, 7, 91).
cost(19, 8, 67).
cost(19, 9, 30).
cost(19, 10, 60).
cost(19, 11, 49).
cost(19, 12, 24).
cost(19, 13, 50).
cost(19, 14, 12).
cost(19, 15, 48).
cost(19, 16, 57).
cost(19, 17, 38).
cost(19, 18, 31).
cost(19, 20, 65).
cost(19, 21, 76).
cost(19, 22, 46).
cost(19, 23, 15).
cost(19, 24, 69).
cost(19, 25, 35).
cost(19, 26, 68).
cost(20, 1, 61).
cost(20, 2, 34).
cost(20, 3, 70).
cost(20, 4, 74).
cost(20, 5, 21).
cost(20, 6, 50).
cost(20, 7, 26).
cost(20, 8, 29).
cost(20, 9, 46).
cost(20, 10, 33).
cost(20, 11, 17).
cost(20, 12, 46).
cost(20, 13, 15).
cost(20, 14, 54).
cost(20, 15, 20).
cost(20, 16, 21).
cost(20, 17, 52).
cost(20, 18, 71).
cost(20, 19, 65).
cost(20, 21, 17).
cost(20, 22, 55).
cost(20, 23, 75).
cost(20, 24, 20).
cost(20, 25, 44).
cost(20, 26, 7).
cost(21, 1, 56).
cost(21, 2, 27).
cost(21, 3, 72).
cost(21, 4, 82).
cost(21, 5, 8).
cost(21, 6, 60).
cost(21, 7, 19).
cost(21, 8, 45).
cost(21, 9, 52).
cost(21, 10, 50).
cost(21, 11, 32).
cost(21, 12, 54).
cost(21, 13, 30).
cost(21, 14, 64).
cost(21, 15, 28).
cost(21, 16, 21).
cost(21, 17, 54).
cost(21, 18, 76).
cost(21, 19, 76).
cost(21, 20, 17).
cost(21, 22, 55).
cost(21, 23, 84).
cost(21, 24, 10).
cost(21, 25, 49).
cost(21, 26, 21).
cost(22, 1, 18).
cost(22, 2, 31).
cost(22, 3, 19).
cost(22, 4, 39).
cost(22, 5, 62).
cost(22, 6, 32).
cost(22, 7, 73).
cost(22, 8, 75).
cost(22, 9, 19).
cost(22, 10, 73).
cost(22, 11, 50).
cost(22, 12, 26).
cost(22, 13, 49).
cost(22, 14, 35).
cost(22, 15, 36).
cost(22, 16, 35).
cost(22, 17, 8).
cost(22, 18, 26).
cost(22, 19, 46).
cost(22, 20, 55).
cost(22, 21, 55).
cost(22, 23, 44).
cost(22, 24, 45).
cost(22, 25, 15).
cost(22, 26, 61).
cost(23, 1, 61).
cost(23, 2, 70).
cost(23, 3, 32).
cost(23, 4, 5).
cost(23, 5, 92).
cost(23, 6, 25).
cost(23, 7, 101).
cost(23, 8, 81).
cost(23, 9, 33).
cost(23, 10, 74).
cost(23, 11, 61).
cost(23, 12, 30).
cost(23, 13, 62).
cost(23, 14, 21).
cost(23, 15, 57).
cost(23, 16, 64).
cost(23, 17, 38).
cost(23, 18, 21).
cost(23, 19, 15).
cost(23, 20, 75).
cost(23, 21, 84).
cost(23, 22, 44).
cost(23, 24, 77).
cost(23, 25, 38).
cost(23, 26, 80).
cost(24, 1, 47).
cost(24, 2, 17).
cost(24, 3, 63).
cost(24, 4, 74).
cost(24, 5, 17).
cost(24, 6, 53).
cost(24, 7, 28).
cost(24, 8, 49).
cost(24, 9, 44).
cost(24, 10, 52).
cost(24, 11, 31).
cost(24, 12, 47).
cost(24, 13, 29).
cost(24, 14, 58).
cost(24, 15, 22).
cost(24, 16, 13).
cost(24, 17, 45).
cost(24, 18, 67).
cost(24, 19, 69).
cost(24, 20, 20).
cost(24, 21, 10).
cost(24, 22, 45).
cost(24, 23, 77).
cost(24, 25, 40).
cost(24, 26, 26).
cost(25, 1, 32).
cost(25, 2, 32).
cost(25, 3, 26).
cost(25, 4, 34).
cost(25, 5, 56).
cost(25, 6, 19).
cost(25, 7, 67).
cost(25, 8, 62).
cost(25, 9, 5).
cost(25, 10, 59).
cost(25, 11, 36).
cost(25, 12, 12).
cost(25, 13, 36).
cost(25, 14, 23).
cost(25, 15, 25).
cost(25, 16, 28).
cost(25, 17, 9).
cost(25, 18, 27).
cost(25, 19, 35).
cost(25, 20, 44).
cost(25, 21, 49).
cost(25, 22, 15).
cost(25, 23, 38).
cost(25, 24, 40).
cost(25, 26, 51).
cost(26, 1, 69).
cost(26, 2, 41).
cost(26, 3, 76).
cost(26, 4, 78).
cost(26, 5, 23).
cost(26, 6, 55).
cost(26, 7, 25).
cost(26, 8, 24).
cost(26, 9, 52).
cost(26, 10, 29).
cost(26, 11, 19).
cost(26, 12, 51).
cost(26, 13, 18).
cost(26, 14, 59).
cost(26, 15, 26).
cost(26, 16, 28).
cost(26, 17, 58).
cost(26, 18, 77).
cost(26, 19, 68).
cost(26, 20, 7).
cost(26, 21, 21).
cost(26, 22, 61).
cost(26, 23, 80).
cost(26, 24, 26).
cost(26, 25, 51).
