dimension(26).
point(1, 16.4364192579, 56.1374474729).
point(2, 19.9566799395, 87.0505690528).
point(3, 13.5722793105, 70.8874383122).
point(4, 52.4026169695, 15.3822252091).
point(5, 69.7297948795, 29.2196564291).
point(6, 13.9991899811, 33.0096288291).
point(7, 84.2568568702, 6.1658066224).
point(8, 86.1904181905, 48.648780031).
point(9, 16.3434568466, 53.1797849232).
point(10, 49.5645839887, 5.3521907677).
point(11, 91.5543501859, 53.9977487462).
point(12, 59.4047071802, 23.9017043526).
point(13, 28.7177192121, 47.4384126794).
point(14, 67.3763665828, 6.6864385103).
point(15, 20.0289060667, 65.7612023203).
point(16, 90.0207414765, 3.1247759984).
point(17, 44.5649534831, 92.8576184185).
point(18, 34.6101440204, 64.9514334372).
point(19, 88.6995895097, 8.7926685754).
point(20, 28.1998478003, 83.345067752).
point(21, 45.2828627996, 82.436392451).
point(22, 49.2927995527, 65.2238718378).
point(23, 95.21123419, 37.047787722).
point(24, 97.9518853313, 39.013077711).
point(25, 71.265045872, 35.9283010615).
point(26, 33.615797194, 70.8573508345).
cost(1, 2, 31).
cost(1, 3, 15).
cost(1, 4, 54).
cost(1, 5, 60).
cost(1, 6, 23).
cost(1, 7, 84).
cost(1, 8, 70).
cost(1, 9, 3).
cost(1, 10, 61).
cost(1, 11, 75).
cost(1, 12, 54).
cost(1, 13, 15).
cost(1, 14, 71).
cost(1, 15, 10).
cost(1, 16, 91).
cost(1, 17, 46).
cost(1, 18, 20).
cost(1, 19, 86).
cost(1, 20, 30).
cost(1, 21, 39).
cost(1, 22, 34).
cost(1, 23, 81).
cost(1, 24, 83).
cost(1, 25, 58).
cost(1, 26, 23).
cost(2, 1, 31).
cost(2, 3, 17).
cost(2, 4, 79).
cost(2, 5, 76).
cost(2, 6, 54).
cost(2, 7, 103).
cost(2, 8, 77).
cost(2, 9, 34).
cost(2, 10, 87).
cost(2, 11, 79).
cost(2, 12, 74).
cost(2, 13, 41).
cost(2, 14, 93).
cost(2, 15, 21).
cost(2, 16, 109).
cost(2, 17, 25).
cost(2, 18, 27).
cost(2, 19, 104).
cost(2, 20, 9).
cost(2, 21, 26).
cost(2, 22, 37).
cost(2, 23, 90).
cost(2, 24, 92).
cost(2, 25, 72).
cost(2, 26, 21).
cost(3, 1, 15).
cost(3, 2, 17).
cost(3, 4, 68).
cost(3, 5, 70).
cost(3, 6, 38).
cost(3, 7, 96).
cost(3, 8, 76).
cost(3, 9, 18).
cost(3, 10, 75).
cost(3, 11, 80).
cost(3, 12, 66).
cost(3, 13, 28).
cost(3, 14, 84).
cost(3, 15, 8).
cost(3, 16, 102).
cost(3, 17, 38).
cost(3, 18, 22).
cost(3, 19, 97).
cost(3, 20, 19).
cost(3, 21, 34).
cost(3, 22, 36).
cost(3, 23, 88).
cost(3, 24, 90).
cost(3, 25, 67).
cost(3, 26, 20).
cost(4, 1, 54).
cost(4, 2, 79).
cost(4, 3, 68).
cost(4, 5, 22).
cost(4, 6, 42).
cost(4, 7, 33).
cost(4, 8, 47).
cost(4, 9, 52).
cost(4, 10, 10).
cost(4, 11, 55).
cost(4, 12, 11).
cost(4, 13, 40).
cost(4, 14, 17).
cost(4, 15, 60).
cost(4, 16, 40).
cost(4, 17, 78).
cost(4, 18, 53).
cost(4, 19, 37).
cost(4, 20, 72).
cost(4, 21, 67).
cost(4, 22, 50).
cost(4, 23, 48).
cost(4, 24, 51).
cost(4, 25, 28).
cost(4, 26, 59).
cost(5, 1, 60).
cost(5, 2, 76).
cost(5, 3, 70).
cost(5, 4, 22).
cost(5, 6, 56).
cost(5, 7, 27).
cost(5, 8, 25).
cost(5, 9, 59).
cost(5, 10, 31).
cost(5, 11, 33).
cost(5, 12, 12).
cost(5, 13, 45).
cost(5, 14, 23).
cost(5, 15, 62).
cost(5, 16, 33).
cost(5, 17, 68).
cost(5, 18, 50).
cost(5, 19, 28).
cost(5, 20, 68).
cost(5, 21, 59).
cost(5, 22, 41).
cost(5, 23, 27).
cost(5, 24, 30).
cost(5, 25, 7).
cost(5, 26, 55).
cost(6, 1, 23).
cost(6, 2, 54).
cost(6, 3, 38).
cost(6, 4, 42).
cost(6, 5, 56).
cost(6, 7, 75).
cost(6, 8, 74).
cost(6, 9, 20).
cost(6, 10, 45).
cost(6, 11, 80).
cost(6, 12, 46).
cost(6, 13, 21).
cost(6, 14, 60).
cost(6, 15, 33).
cost(6, 16, 82).
cost(6, 17, 67).
cost(6, 18, 38).
cost(6, 19, 79).
cost(6, 20, 52).
cost(6, 21, 58).
cost(6, 22, 48).
cost(6, 23, 81).
cost(6, 24, 84).
cost(6, 25, 57).
cost(6, 26, 43).
cost(7, 1, 84).
cost(7, 2, 103).
cost(7, 3, 96).
cost(7, 4, 33).
cost(7, 5, 27).
cost(7, 6, 75).
cost(7, 8, 43).
cost(7, 9, 83).
cost(7, 10, 35).
cost(7, 11, 48).
cost(7, 12, 31).
cost(7, 13, 69).
cost(7, 14, 17).
cost(7, 15, 88).
cost(7, 16, 7).
cost(7, 17, 95).
cost(7, 18, 77).
cost(7, 19, 5).
cost(7, 20, 95).
cost(7, 21, 86).
cost(7, 22, 69).
cost(7, 23, 33).
cost(7, 24, 36).
cost(7, 25, 32).
cost(7, 26, 82).
cost(8, 1, 70).
cost(8, 2, 77).
cost(8, 3, 76).
cost(8, 4, 47).
cost(8, 5, 25).
cost(8, 6, 74).
cost(8, 7, 43).
cost(8, 9, 70).
cost(8, 10, 57).
cost(8, 11, 8).
cost(8, 12, 36).
cost(8, 13, 57).
cost(8, 14, 46).
cost(8, 15, 68).
cost(8, 16, 46).
cost(8, 17, 61).
cost(8, 18, 54).
cost(8, 19, 40).
cost(8, 20, 68).
cost(8, 21, 53).
cost(8, 22, 40).
cost(8, 23, 15).
cost(8, 24, 15).
cost(8, 25, 20).
cost(8, 26, 57).
cost(9, 1, 3).
cost(9, 2, 34).
cost(9, 3, 18).
cost(9, 4, 52).
cost(9, 5, 59).
cost(9, 6, 20).
cost(9, 7, 83).
cost(9, 8, 70).
cost(9, 10, 58).
cost(9, 11, 75).
cost(9, 12, 52).
cost(9, 13, 14).
cost(9, 14, 69).
cost(9, 15, 13).
cost(9, 16, 89).
cost(9, 17, 49).
cost(9, 18, 22).
cost(9, 19, 85).
cost(9, 20, 32).
cost(9, 21, 41).
cost(9, 22, 35).
cost(9, 23, 81).
cost(9, 24, 83).
cost(9, 25, 58).
cost(9, 26, 25).
cost(10, 1, 61).
cost(10, 2, 87).
cost(10, 3, 75).
cost(10, 4, 10).
cost(10, 5, 31).
cost(10, 6, 45).
cost(10, 7, 35).
cost(10, 8, 57).
cost(10, 9, 58).
cost(10, 11, 64).
cost(10, 12, 21).
cost(10, 13, 47).
cost(10, 14, 18).
cost(10, 15, 67).
cost(10, 16, 41).
cost(10, 17, 88).
cost(10, 18, 61).
cost(10, 19, 39).
cost(10, 20, 81).
cost(10, 21, 77).
cost(10, 22, 60).
cost(10, 23, 56).
cost(10, 24, 59).
cost(10, 25, 37).
cost(10, 26, 67).
cost(11, 1, 75).
cost(11, 2, 79).
cost(11, 3, 80).
cost(11, 4, 55).
cost(11, 5, 33).
cost(11, 6, 80).
cost(11, 7, 48).
cost(11, 8, 8).
cost(11, 9, 75).
cost(11, 10, 64).
cost(11, 12, 44).
cost(11, 13, 63).
cost(11, 14, 53).
cost(11, 15, 72).
cost(11, 16, 51).
cost(11, 17, 61).
cost(11, 18, 58).
cost(11, 19, 45).
cost(11, 20, 70).
cost(11, 21, 54).
cost(11, 22, 44).
cost(11, 23, 17).
cost(11, 24, 16).
cost(11, 25, 27).
cost(11, 26, 60).
cost(12, 1, 54).
cost(12, 2, 74).
cost(12, 3, 66).
cost(12, 4, 11).
cost(12, 5, 12).
cost(12, 6, 46).
cost(12, 7, 31).
cost(12, 8, 36).
cost(12, 9, 52).
cost(12, 10, 21).
cost(12, 11, 44).
cost(12, 13, 39).
cost(12, 14, 19).
cost(12, 15, 57).
cost(12, 16, 37).
cost(12, 17, 71).
cost(12, 18, 48).
cost(12, 19, 33).
cost(12, 20, 67).
cost(12, 21, 60).
cost(12, 22, 43).
cost(12, 23, 38).
cost(12, 24, 41).
cost(12, 25, 17).
cost(12, 26, 54).
cost(13, 1, 15).
cost(13, 2, 41).
cost(13, 3, 28).
cost(13, 4, 40).
cost(13, 5, 45).
cost(13, 6, 21).
cost(13, 7, 69).
cost(13, 8, 57).
cost(13, 9, 14).
cost(13, 10, 47).
cost(13, 11, 63).
cost(13, 12, 39).
cost(13, 14, 56).
cost(13, 15, 20).
cost(13, 16, 76).
cost(13, 17, 48).
cost(13, 18, 18).
cost(13, 19, 71).
cost(13, 20, 36).
cost(13, 21, 39).
cost(13, 22, 27).
cost(13, 23, 67).
cost(13, 24, 70).
cost(13, 25, 44).
cost(13, 26, 24).
cost(14, 1, 71).
cost(14, 2, 93).
cost(14, 3, 84).
cost(14, 4, 17).
cost(14, 5, 23).
cost(14, 6, 60).
cost(14, 7, 17).
cost(14, 8, 46).
cost(14, 9, 69).
cost(14, 10, 18).
cost(14, 11, 53).
cost(14, 12, 19).
cost(14, 13, 56).
cost(14, 15, 76).
cost(14, 16, 23).
cost(14, 17, 89).
cost(14, 18, 67).
cost(14, 19, 21).
cost(14, 20, 86).
cost(14, 21, 79).
cost(14, 22, 61).
cost(14, 23, 41).
cost(14, 24, 44).
cost(14, 25, 29).
cost(14, 26, 73).
cost(15, 1, 10).
cost(15, 2, 21).
cost(15, 3, 8).
cost(15, 4, 60).
cost(15, 5, 62).
cost(15, 6, 33).
cost(15, 7, 88).
cost(15, 8, 68).
cost(15, 9, 13).
cost(15, 10, 67).
cost(15, 11, 72).
cost(15, 12, 57).
cost(15, 13, 20).
cost(15, 14, 76).
cost(15, 16, 94).
cost(15, 17, 37).
cost(15, 18, 15).
cost(15, 19, 89).
cost(15, 20, 19).
cost(15, 21, 30).
cost(15, 22, 29).
cost(15, 23, 80).
cost(15, 24, 82).
cost(15, 25, 59).
cost(15, 26, 15).
cost(16, 1, 91).
cost(16, 2, 109).
cost(16, 3, 102).
cost(16, 4, 40).
cost(16, 5, 33).
cost(16, 6, 82).
cost(16, 7, 7).
cost(16, 8, 46).
cost(16, 9, 89).
cost(16, 10, 41).
cost(16, 11, 51).
cost(16, 12, 37).
cost(16, 13, 76).
cost(16, 14, 23).
cost(16, 15, 94).
cost(16, 17, 101).
cost(16, 18, 83).
cost(16, 19, 6).
cost(16, 20, 101).
cost(16, 21, 91).
cost(16, 22, 74).
cost(16, 23, 34).
cost(16, 24, 37).
cost(16, 25, 38).
cost(16, 26, 88).
cost(17, 1, 46).
cost(17, 2, 25).
cost(17, 3, 38).
cost(17, 4, 78).
cost(17, 5, 68).
cost(17, 6, 67).
cost(17, 7, 95).
cost(17, 8, 61).
cost(17, 9, 49).
cost(17, 10, 88).
cost(17, 11, 61).
cost(17, 12, 71).
cost(17, 13, 48).
cost(17, 14, 89).
cost(17, 15, 37).
cost(17, 16, 101).
cost(17, 18, 30).
cost(17, 19, 95).
cost(17, 20, 19).
cost(17, 21, 10).
cost(17, 22, 28).
cost(17, 23, 75).
cost(17, 24, 76).
cost(17, 25, 63).
cost(17, 26, 25).
cost(18, 1, 20).
cost(18, 2, 27).
cost(18, 3, 22).
cost(18, 4, 53).
cost(18, 5, 50).
cost(18, 6, 38).
cost(18, 7, 77).
cost(18, 8, 54).
cost(18, 9, 22).
cost(18, 10, 61).
cost(18, 11, 58).
cost(18, 12, 48).
cost(18, 13, 18).
cost(18, 14, 67).
cost(18, 15, 15).
cost(18, 16, 83).
cost(18, 17, 30).
cost(18, 19, 78).
cost(18, 20, 19).
cost(18, 21, 20).
cost(18, 22, 15).
cost(18, 23, 67).
cost(18, 24, 68).
cost(18, 25, 47).
cost(18, 26, 6).
cost(19, 1, 86).
cost(19, 2, 104).
cost(19, 3, 97).
cost(19, 4, 37).
cost(19, 5, 28).
cost(19, 6, 79).
cost(19, 7, 5).
cost(19, 8, 40).
cost(19, 9, 85).
cost(19, 10, 39).
cost(19, 11, 45).
cost(19, 12, 33).
cost(19, 13, 71).
cost(19, 14, 21).
cost(19, 15, 89).
cost(19, 16, 6).
cost(19, 17, 95).
cost(19, 18, 78).
cost(19, 20, 96).
cost(19, 21, 85).
cost(19, 22, 69).
cost(19, 23, 29).
cost(19, 24, 32).
cost(19, 25, 32).
cost(19, 26, 83).
cost(20, 1, 30).
cost(20, 2, 9).
cost(20, 3, 19).
cost(20, 4, 72).
cost(20, 5, 68).
cost(20, 6, 52).
cost(20, 7, 95).
cost(20, 8, 68).
cost(20, 9, 32).
cost(20, 10, 81).
cost(20, 11, 70).
cost(20, 12, 67).
cost(20, 13, 36).
cost(20, 14, 86).
cost(20, 15, 19).
cost(20, 16, 101).
cost(20, 17, 19).
cost(20, 18, 19).
cost(20, 19, 96).
cost(20, 21, 17).
cost(20, 22, 28).
cost(20, 23, 81).
cost(20, 24, 83).
cost(20, 25, 64).
cost(20, 26, 14).
cost(21, 1, 39).
cost(21, 2, 26).
cost(21, 3, 34).
cost(21, 4, 67).
cost(21, 5, 59).
cost(21, 6, 58).
cost(21, 7, 86).
cost(21, 8, 53).
cost(21, 9, 41).
cost(21, 10, 77).
cost(21, 11, 54).
cost(21, 12, 60).
cost(21, 13, 39).
cost(21, 14, 79).
cost(21, 15, 30).
cost(21, 16, 91).
cost(21, 17, 10).
cost(21, 18, 20).
cost(21, 19, 85).
cost(21, 20, 17).
cost(21, 22, 18).
cost(21, 23, 67).
cost(21, 24, 68).
cost(21, 25, 53).
cost(21, 26, 16).
cost(22, 1, 34).
cost(22, 2, 37).
cost(22, 3, 36).
cost(22, 4, 50).
cost(22, 5, 41).
cost(22, 6, 48).
cost(22, 7, 69).
cost(22, 8, 40).
cost(22, 9, 35).
cost(22, 10, 60).
cost(22, 11, 44).
cost(22, 12, 43).
cost(22, 13, 27).
cost(22, 14, 61).
cost(22, 15, 29).
cost(22, 16, 74).
cost(22, 17, 28).
cost(22, 18, 15).
cost(22, 19, 69).
cost(22, 20, 28).
cost(22, 21, 18).
cost(22, 23, 54).
cost(22, 24, 55).
cost(22, 25, 37).
cost(22, 26, 17).
cost(23, 1, 81).
cost(23, 2, 90).
cost(23, 3, 88).
cost(23, 4, 48).
cost(23, 5, 27).
cost(23, 6, 81).
cost(23, 7, 33).
cost(23, 8, 15).
cost(23, 9, 81).
cost(23, 10, 56).
cost(23, 11, 17).
cost(23, 12, 38).
cost(23, 13, 67).
cost(23, 14, 41).
cost(23, 15, 80).
cost(23, 16, 34).
cost(23, 17, 75).
cost(23, 18, 67).
cost(23, 19, 29).
cost(23, 20, 81).
cost(23, 21, 67).
cost(23, 22, 54).
cost(23, 24, 3).
cost(23, 25, 24).
cost(23, 26, 70).
cost(24, 1, 83).
cost(24, 2, 92).
cost(24, 3, 90).
cost(24, 4, 51).
cost(24, 5, 30).
cost(24, 6, 84).
cost(24, 7, 36).
cost(24, 8, 15).
cost(24, 9, 83).
cost(24, 10, 59).
cost(24, 11, 16).
cost(24, 12, 41).
cost(24, 13, 70).
cost(24, 14, 44).
cost(24, 15, 82).
cost(24, 16, 37).
cost(24, 17, 76).
cost(24, 18, 68).
cost(24, 19, 32).
cost(24, 20, 83).
cost(24, 21, 68).
cost(24, 22, 55).
cost(24, 23, 3).
cost(24, 25, 27).
cost(24, 26, 72).
cost(25, 1, 58).
cost(25, 2, 72).
cost(25, 3, 67).
cost(25, 4, 28).
cost(25, 5, 7).
cost(25, 6, 57).
cost(25, 7, 32).
cost(25, 8, 20).
cost(25, 9, 58).
cost(25, 10, 37).
cost(25, 11, 27).
cost(25, 12, 17).
cost(25, 13, 44).
cost(25, 14, 29).
cost(25, 15, 59).
cost(25, 16, 38).
cost(25, 17, 63).
cost(25, 18, 47).
cost(25, 19, 32).
cost(25, 20, 64).
cost(25, 21, 53).
cost(25, 22, 37).
cost(25, 23, 24).
cost(25, 24, 27).
cost(25, 26, 51).
cost(26, 1, 23).
cost(26, 2, 21).
cost(26, 3, 20).
cost(26, 4, 59).
cost(26, 5, 55).
cost(26, 6, 43).
cost(26, 7, 82).
cost(26, 8, 57).
cost(26, 9, 25).
cost(26, 10, 67).
cost(26, 11, 60).
cost(26, 12, 54).
cost(26, 13, 24).
cost(26, 14, 73).
cost(26, 15, 15).
cost(26, 16, 88).
cost(26, 17, 25).
cost(26, 18, 6).
cost(26, 19, 83).
cost(26, 20, 14).
cost(26, 21, 16).
cost(26, 22, 17).
cost(26, 23, 70).
cost(26, 24, 72).
cost(26, 25, 51).
