dimension(26).
point(1, 54.7209025747, 18.4732145613).
point(2, 70.6921837984, 49.9777574744).
point(3, 28.1847522845, 57.9218579546).
point(4, 81.9193126009, 28.4980679813).
point(5, 27.9903166263, 74.816937158).
point(6, 85.7878005622, 36.9087059233).
point(7, 63.6078037107, 24.2280113252).
point(8, 50.6494972669, 20.5272580949).
point(9, 18.2850990044, 76.3590969684).
point(10, 38.5067788763, 45.3447823111).
point(11, 38.5654171877, 86.4716059102).
point(12, 49.9365870265, 37.1508085005).
point(13, 83.9042510387, 24.4184512954).
point(14, 63.6441990624, 19.8405832926).
point(15, 62.9831947761, 68.1920895423).
point(16, 38.232254773, 30.4052220467).
point(17, 51.0046866287, 59.5951685511).
point(18, 61.6928153039, 69.2690754797).
point(19, 46.4102773167, 57.440112363).
point(20, 72.1059225044, 30.7163208356).
point(21, 24.1449162726, 83.2998215443).
point(22, 45.8766277059, 69.8241423849).
point(23, 37.9306031345, 21.4231977818).
point(24, 27.8301038381, 68.5229372965).
point(25, 48.9195951068, 23.8865656161).
point(26, 34.551625127, 70.7780533872).
cost(1, 2, 35).
cost(1, 3, 48).
cost(1, 4, 29).
cost(1, 5, 62).
cost(1, 6, 36).
cost(1, 7, 11).
cost(1, 8, 5).
cost(1, 9, 68).
cost(1, 10, 31).
cost(1, 11, 70).
cost(1, 12, 19).
cost(1, 13, 30).
cost(1, 14, 9).
cost(1, 15, 50).
cost(1, 16, 20).
cost(1, 17, 41).
cost(1, 18, 51).
cost(1, 19, 40).
cost(1, 20, 21).
cost(1, 21, 72).
cost(1, 22, 52).
cost(1, 23, 17).
cost(1, 24, 57).
cost(1, 25, 8).
cost(1, 26, 56).
cost(2, 1, 35).
cost(2, 3, 43).
cost(2, 4, 24).
cost(2, 5, 49).
cost(2, 6, 20).
cost(2, 7, 27).
cost(2, 8, 36).
cost(2, 9, 59).
cost(2, 10, 33).
cost(2, 11, 49).
cost(2, 12, 24).
cost(2, 13, 29).
cost(2, 14, 31).
cost(2, 15, 20).
cost(2, 16, 38).
cost(2, 17, 22).
cost(2, 18, 21).
cost(2, 19, 25).
cost(2, 20, 19).
cost(2, 21, 57).
cost(2, 22, 32).
cost(2, 23, 43).
cost(2, 24, 47).
cost(2, 25, 34).
cost(2, 26, 42).
cost(3, 1, 48).
cost(3, 2, 43).
cost(3, 4, 61).
cost(3, 5, 17).
cost(3, 6, 61).
cost(3, 7, 49).
cost(3, 8, 44).
cost(3, 9, 21).
cost(3, 10, 16).
cost(3, 11, 30).
cost(3, 12, 30).
cost(3, 13, 65).
cost(3, 14, 52).
cost(3, 15, 36).
cost(3, 16, 29).
cost(3, 17, 23).
cost(3, 18, 35).
cost(3, 19, 18).
cost(3, 20, 52).
cost(3, 21, 26).
cost(3, 22, 21).
cost(3, 23, 38).
cost(3, 24, 11).
cost(3, 25, 40).
cost(3, 26, 14).
cost(4, 1, 29).
cost(4, 2, 24).
cost(4, 3, 61).
cost(4, 5, 71).
cost(4, 6, 9).
cost(4, 7, 19).
cost(4, 8, 32).
cost(4, 9, 80).
cost(4, 10, 47).
cost(4, 11, 72).
cost(4, 12, 33).
cost(4, 13, 5).
cost(4, 14, 20).
cost(4, 15, 44).
cost(4, 16, 44).
cost(4, 17, 44).
cost(4, 18, 46).
cost(4, 19, 46).
cost(4, 20, 10).
cost(4, 21, 80).
cost(4, 22, 55).
cost(4, 23, 45).
cost(4, 24, 67).
cost(4, 25, 33).
cost(4, 26, 63).
cost(5, 1, 62).
cost(5, 2, 49).
cost(5, 3, 17).
cost(5, 4, 71).
cost(5, 6, 69).
cost(5, 7, 62).
cost(5, 8, 59).
cost(5, 9, 10).
cost(5, 10, 31).
cost(5, 11, 16).
cost(5, 12, 44).
cost(5, 13, 75).
cost(5, 14, 66).
cost(5, 15, 36).
cost(5, 16, 46).
cost(5, 17, 28).
cost(5, 18, 34).
cost(5, 19, 25).
cost(5, 20, 62).
cost(5, 21, 9).
cost(5, 22, 19).
cost(5, 23, 54).
cost(5, 24, 6).
cost(5, 25, 55).
cost(5, 26, 8).
cost(6, 1, 36).
cost(6, 2, 20).
cost(6, 3, 61).
cost(6, 4, 9).
cost(6, 5, 69).
cost(6, 7, 26).
cost(6, 8, 39).
cost(6, 9, 78).
cost(6, 10, 48).
cost(6, 11, 68).
cost(6, 12, 36).
cost(6, 13, 13).
cost(6, 14, 28).
cost(6, 15, 39).
cost(6, 16, 48).
cost(6, 17, 42).
cost(6, 18, 40).
cost(6, 19, 44).
cost(6, 20, 15).
cost(6, 21, 77).
cost(6, 22, 52).
cost(6, 23, 50).
cost(6, 24, 66).
cost(6, 25, 39).
cost(6, 26, 61).
cost(7, 1, 11).
cost(7, 2, 27).
cost(7, 3, 49).
cost(7, 4, 19).
cost(7, 5, 62).
cost(7, 6, 26).
cost(7, 8, 13).
cost(7, 9, 69).
cost(7, 10, 33).
cost(7, 11, 67).
cost(7, 12, 19).
cost(7, 13, 20).
cost(7, 14, 4).
cost(7, 15, 44).
cost(7, 16, 26).
cost(7, 17, 38).
cost(7, 18, 45).
cost(7, 19, 37).
cost(7, 20, 11).
cost(7, 21, 71).
cost(7, 22, 49).
cost(7, 23, 26).
cost(7, 24, 57).
cost(7, 25, 15).
cost(7, 26, 55).
cost(8, 1, 5).
cost(8, 2, 36).
cost(8, 3, 44).
cost(8, 4, 32).
cost(8, 5, 59).
cost(8, 6, 39).
cost(8, 7, 13).
cost(8, 9, 65).
cost(8, 10, 28).
cost(8, 11, 67).
cost(8, 12, 17).
cost(8, 13, 33).
cost(8, 14, 13).
cost(8, 15, 49).
cost(8, 16, 16).
cost(8, 17, 39).
cost(8, 18, 50).
cost(8, 19, 37).
cost(8, 20, 24).
cost(8, 21, 68).
cost(8, 22, 50).
cost(8, 23, 13).
cost(8, 24, 53).
cost(8, 25, 4).
cost(8, 26, 53).
cost(9, 1, 68).
cost(9, 2, 59).
cost(9, 3, 21).
cost(9, 4, 80).
cost(9, 5, 10).
cost(9, 6, 78).
cost(9, 7, 69).
cost(9, 8, 65).
cost(9, 10, 37).
cost(9, 11, 23).
cost(9, 12, 50).
cost(9, 13, 84).
cost(9, 14, 72).
cost(9, 15, 45).
cost(9, 16, 50).
cost(9, 17, 37).
cost(9, 18, 44).
cost(9, 19, 34).
cost(9, 20, 71).
cost(9, 21, 9).
cost(9, 22, 28).
cost(9, 23, 58).
cost(9, 24, 12).
cost(9, 25, 61).
cost(9, 26, 17).
cost(10, 1, 31).
cost(10, 2, 33).
cost(10, 3, 16).
cost(10, 4, 47).
cost(10, 5, 31).
cost(10, 6, 48).
cost(10, 7, 33).
cost(10, 8, 28).
cost(10, 9, 37).
cost(10, 11, 41).
cost(10, 12, 14).
cost(10, 13, 50).
cost(10, 14, 36).
cost(10, 15, 33).
cost(10, 16, 15).
cost(10, 17, 19).
cost(10, 18, 33).
cost(10, 19, 14).
cost(10, 20, 37).
cost(10, 21, 41).
cost(10, 22, 26).
cost(10, 23, 24).
cost(10, 24, 26).
cost(10, 25, 24).
cost(10, 26, 26).
cost(11, 1, 70).
cost(11, 2, 49).
cost(11, 3, 30).
cost(11, 4, 72).
cost(11, 5, 16).
cost(11, 6, 68).
cost(11, 7, 67).
cost(11, 8, 67).
cost(11, 9, 23).
cost(11, 10, 41).
cost(11, 12, 51).
cost(11, 13, 77).
cost(11, 14, 71).
cost(11, 15, 31).
cost(11, 16, 56).
cost(11, 17, 30).
cost(11, 18, 29).
cost(11, 19, 30).
cost(11, 20, 65).
cost(11, 21, 15).
cost(11, 22, 18).
cost(11, 23, 65).
cost(11, 24, 21).
cost(11, 25, 63).
cost(11, 26, 16).
cost(12, 1, 19).
cost(12, 2, 24).
cost(12, 3, 30).
cost(12, 4, 33).
cost(12, 5, 44).
cost(12, 6, 36).
cost(12, 7, 19).
cost(12, 8, 17).
cost(12, 9, 50).
cost(12, 10, 14).
cost(12, 11, 51).
cost(12, 13, 36).
cost(12, 14, 22).
cost(12, 15, 34).
cost(12, 16, 14).
cost(12, 17, 22).
cost(12, 18, 34).
cost(12, 19, 21).
cost(12, 20, 23).
cost(12, 21, 53).
cost(12, 22, 33).
cost(12, 23, 20).
cost(12, 24, 38).
cost(12, 25, 13).
cost(12, 26, 37).
cost(13, 1, 30).
cost(13, 2, 29).
cost(13, 3, 65).
cost(13, 4, 5).
cost(13, 5, 75).
cost(13, 6, 13).
cost(13, 7, 20).
cost(13, 8, 33).
cost(13, 9, 84).
cost(13, 10, 50).
cost(13, 11, 77).
cost(13, 12, 36).
cost(13, 14, 21).
cost(13, 15, 49).
cost(13, 16, 46).
cost(13, 17, 48).
cost(13, 18, 50).
cost(13, 19, 50).
cost(13, 20, 13).
cost(13, 21, 84).
cost(13, 22, 59).
cost(13, 23, 46).
cost(13, 24, 71).
cost(13, 25, 35).
cost(13, 26, 68).
cost(14, 1, 9).
cost(14, 2, 31).
cost(14, 3, 52).
cost(14, 4, 20).
cost(14, 5, 66).
cost(14, 6, 28).
cost(14, 7, 4).
cost(14, 8, 13).
cost(14, 9, 72).
cost(14, 10, 36).
cost(14, 11, 71).
cost(14, 12, 22).
cost(14, 13, 21).
cost(14, 15, 48).
cost(14, 16, 28).
cost(14, 17, 42).
cost(14, 18, 49).
cost(14, 19, 41).
cost(14, 20, 14).
cost(14, 21, 75).
cost(14, 22, 53).
cost(14, 23, 26).
cost(14, 24, 60).
cost(14, 25, 15).
cost(14, 26, 59).
cost(15, 1, 50).
cost(15, 2, 20).
cost(15, 3, 36).
cost(15, 4, 44).
cost(15, 5, 36).
cost(15, 6, 39).
cost(15, 7, 44).
cost(15, 8, 49).
cost(15, 9, 45).
cost(15, 10, 33).
cost(15, 11, 31).
cost(15, 12, 34).
cost(15, 13, 49).
cost(15, 14, 48).
cost(15, 16, 45).
cost(15, 17, 15).
cost(15, 18, 2).
cost(15, 19, 20).
cost(15, 20, 39).
cost(15, 21, 42).
cost(15, 22, 17).
cost(15, 23, 53).
cost(15, 24, 35).
cost(15, 25, 46).
cost(15, 26, 29).
cost(16, 1, 20).
cost(16, 2, 38).
cost(16, 3, 29).
cost(16, 4, 44).
cost(16, 5, 46).
cost(16, 6, 48).
cost(16, 7, 26).
cost(16, 8, 16).
cost(16, 9, 50).
cost(16, 10, 15).
cost(16, 11, 56).
cost(16, 12, 14).
cost(16, 13, 46).
cost(16, 14, 28).
cost(16, 15, 45).
cost(16, 17, 32).
cost(16, 18, 45).
cost(16, 19, 28).
cost(16, 20, 34).
cost(16, 21, 55).
cost(16, 22, 40).
cost(16, 23, 9).
cost(16, 24, 40).
cost(16, 25, 13).
cost(16, 26, 41).
cost(17, 1, 41).
cost(17, 2, 22).
cost(17, 3, 23).
cost(17, 4, 44).
cost(17, 5, 28).
cost(17, 6, 42).
cost(17, 7, 38).
cost(17, 8, 39).
cost(17, 9, 37).
cost(17, 10, 19).
cost(17, 11, 30).
cost(17, 12, 22).
cost(17, 13, 48).
cost(17, 14, 42).
cost(17, 15, 15).
cost(17, 16, 32).
cost(17, 18, 14).
cost(17, 19, 5).
cost(17, 20, 36).
cost(17, 21, 36).
cost(17, 22, 11).
cost(17, 23, 40).
cost(17, 24, 25).
cost(17, 25, 36).
cost(17, 26, 20).
cost(18, 1, 51).
cost(18, 2, 21).
cost(18, 3, 35).
cost(18, 4, 46).
cost(18, 5, 34).
cost(18, 6, 40).
cost(18, 7, 45).
cost(18, 8, 50).
cost(18, 9, 44).
cost(18, 10, 33).
cost(18, 11, 29).
cost(18, 12, 34).
cost(18, 13, 50).
cost(18, 14, 49).
cost(18, 15, 2).
cost(18, 16, 45).
cost(18, 17, 14).
cost(18, 19, 19).
cost(18, 20, 40).
cost(18, 21, 40).
cost(18, 22, 16).
cost(18, 23, 53).
cost(18, 24, 34).
cost(18, 25, 47).
cost(18, 26, 27).
cost(19, 1, 40).
cost(19, 2, 25).
cost(19, 3, 18).
cost(19, 4, 46).
cost(19, 5, 25).
cost(19, 6, 44).
cost(19, 7, 37).
cost(19, 8, 37).
cost(19, 9, 34).
cost(19, 10, 14).
cost(19, 11, 30).
cost(19, 12, 21).
cost(19, 13, 50).
cost(19, 14, 41).
cost(19, 15, 20).
cost(19, 16, 28).
cost(19, 17, 5).
cost(19, 18, 19).
cost(19, 20, 37).
cost(19, 21, 34).
cost(19, 22, 12).
cost(19, 23, 37).
cost(19, 24, 22).
cost(19, 25, 34).
cost(19, 26, 18).
cost(20, 1, 21).
cost(20, 2, 19).
cost(20, 3, 52).
cost(20, 4, 10).
cost(20, 5, 62).
cost(20, 6, 15).
cost(20, 7, 11).
cost(20, 8, 24).
cost(20, 9, 71).
cost(20, 10, 37).
cost(20, 11, 65).
cost(20, 12, 23).
cost(20, 13, 13).
cost(20, 14, 14).
cost(20, 15, 39).
cost(20, 16, 34).
cost(20, 17, 36).
cost(20, 18, 40).
cost(20, 19, 37).
cost(20, 21, 71).
cost(20, 22, 47).
cost(20, 23, 35).
cost(20, 24, 58).
cost(20, 25, 24).
cost(20, 26, 55).
cost(21, 1, 72).
cost(21, 2, 57).
cost(21, 3, 26).
cost(21, 4, 80).
cost(21, 5, 9).
cost(21, 6, 77).
cost(21, 7, 71).
cost(21, 8, 68).
cost(21, 9, 9).
cost(21, 10, 41).
cost(21, 11, 15).
cost(21, 12, 53).
cost(21, 13, 84).
cost(21, 14, 75).
cost(21, 15, 42).
cost(21, 16, 55).
cost(21, 17, 36).
cost(21, 18, 40).
cost(21, 19, 34).
cost(21, 20, 71).
cost(21, 22, 26).
cost(21, 23, 63).
cost(21, 24, 15).
cost(21, 25, 64).
cost(21, 26, 16).
cost(22, 1, 52).
cost(22, 2, 32).
cost(22, 3, 21).
cost(22, 4, 55).
cost(22, 5, 19).
cost(22, 6, 52).
cost(22, 7, 49).
cost(22, 8, 50).
cost(22, 9, 28).
cost(22, 10, 26).
cost(22, 11, 18).
cost(22, 12, 33).
cost(22, 13, 59).
cost(22, 14, 53).
cost(22, 15, 17).
cost(22, 16, 40).
cost(22, 17, 11).
cost(22, 18, 16).
cost(22, 19, 12).
cost(22, 20, 47).
cost(22, 21, 26).
cost(22, 23, 49).
cost(22, 24, 18).
cost(22, 25, 46).
cost(22, 26, 11).
cost(23, 1, 17).
cost(23, 2, 43).
cost(23, 3, 38).
cost(23, 4, 45).
cost(23, 5, 54).
cost(23, 6, 50).
cost(23, 7, 26).
cost(23, 8, 13).
cost(23, 9, 58).
cost(23, 10, 24).
cost(23, 11, 65).
cost(23, 12, 20).
cost(23, 13, 46).
cost(23, 14, 26).
cost(23, 15, 53).
cost(23, 16, 9).
cost(23, 17, 40).
cost(23, 18, 53).
cost(23, 19, 37).
cost(23, 20, 35).
cost(23, 21, 63).
cost(23, 22, 49).
cost(23, 24, 48).
cost(23, 25, 11).
cost(23, 26, 49).
cost(24, 1, 57).
cost(24, 2, 47).
cost(24, 3, 11).
cost(24, 4, 67).
cost(24, 5, 6).
cost(24, 6, 66).
cost(24, 7, 57).
cost(24, 8, 53).
cost(24, 9, 12).
cost(24, 10, 26).
cost(24, 11, 21).
cost(24, 12, 38).
cost(24, 13, 71).
cost(24, 14, 60).
cost(24, 15, 35).
cost(24, 16, 40).
cost(24, 17, 25).
cost(24, 18, 34).
cost(24, 19, 22).
cost(24, 20, 58).
cost(24, 21, 15).
cost(24, 22, 18).
cost(24, 23, 48).
cost(24, 25, 49).
cost(24, 26, 7).
cost(25, 1, 8).
cost(25, 2, 34).
cost(25, 3, 40).
cost(25, 4, 33).
cost(25, 5, 55).
cost(25, 6, 39).
cost(25, 7, 15).
cost(25, 8, 4).
cost(25, 9, 61).
cost(25, 10, 24).
cost(25, 11, 63).
cost(25, 12, 13).
cost(25, 13, 35).
cost(25, 14, 15).
cost(25, 15, 46).
cost(25, 16, 13).
cost(25, 17, 36).
cost(25, 18, 47).
cost(25, 19, 34).
cost(25, 20, 24).
cost(25, 21, 64).
cost(25, 22, 46).
cost(25, 23, 11).
cost(25, 24, 49).
cost(25, 26, 49).
cost(26, 1, 56).
cost(26, 2, 42).
cost(26, 3, 14).
cost(26, 4, 63).
cost(26, 5, 8).
cost(26, 6, 61).
cost(26, 7, 55).
cost(26, 8, 53).
cost(26, 9, 17).
cost(26, 10, 26).
cost(26, 11, 16).
cost(26, 12, 37).
cost(26, 13, 68).
cost(26, 14, 59).
cost(26, 15, 29).
cost(26, 16, 41).
cost(26, 17, 20).
cost(26, 18, 27).
cost(26, 19, 18).
cost(26, 20, 55).
cost(26, 21, 16).
cost(26, 22, 11).
cost(26, 23, 49).
cost(26, 24, 7).
cost(26, 25, 49).
