dimension(26).
point(1, 6.7727345169, 42.2507089).
point(2, 40.7267642318, 28.392858719).
point(3, 46.6031763558, 88.2311289059).
point(4, 48.5657004726, 65.9294581702).
point(5, 40.4714795242, 74.0217189154).
point(6, 12.0526877261, 27.6748503261).
point(7, 78.9109583421, 69.195124442).
point(8, 18.3534873742, 46.7563293133).
point(9, 79.1467292388, 63.9943931899).
point(10, 35.7174907819, 83.2299709829).
point(11, 7.4791533866, 20.0284686361).
point(12, 31.7334997064, 39.9693827664).
point(13, 39.6656407907, 13.8647722359).
point(14, 73.6418076962, 62.0224519726).
point(15, 22.0759852228, 41.7573181395).
point(16, 83.7035549725, 78.9638039176).
point(17, 30.8041204019, 81.5389980862).
point(18, 72.4779039013, 71.5537362865).
point(19, 54.0001155887, 17.3107843703).
point(20, 51.0038093743, 83.320183719).
point(21, 34.922725742, 88.3995626588).
point(22, 45.6660205606, 30.0399350071).
point(23, 27.0548296032, 95.9417173604).
point(24, 32.2427679226, 17.1526681445).
point(25, 18.8669265482, 21.2892440589).
point(26, 28.2107344441, 18.012421502).
cost(1, 2, 37).
cost(1, 3, 61).
cost(1, 4, 48).
cost(1, 5, 46).
cost(1, 6, 16).
cost(1, 7, 77).
cost(1, 8, 12).
cost(1, 9, 76).
cost(1, 10, 50).
cost(1, 11, 22).
cost(1, 12, 25).
cost(1, 13, 43).
cost(1, 14, 70).
cost(1, 15, 15).
cost(1, 16, 85).
cost(1, 17, 46).
cost(1, 18, 72).
cost(1, 19, 53).
cost(1, 20, 60).
cost(1, 21, 54).
cost(1, 22, 41).
cost(1, 23, 57).
cost(1, 24, 36).
cost(1, 25, 24).
cost(1, 26, 32).
cost(2, 1, 37).
cost(2, 3, 60).
cost(2, 4, 38).
cost(2, 5, 46).
cost(2, 6, 29).
cost(2, 7, 56).
cost(2, 8, 29).
cost(2, 9, 52).
cost(2, 10, 55).
cost(2, 11, 34).
cost(2, 12, 15).
cost(2, 13, 15).
cost(2, 14, 47).
cost(2, 15, 23).
cost(2, 16, 66).
cost(2, 17, 54).
cost(2, 18, 54).
cost(2, 19, 17).
cost(2, 20, 56).
cost(2, 21, 60).
cost(2, 22, 5).
cost(2, 23, 69).
cost(2, 24, 14).
cost(2, 25, 23).
cost(2, 26, 16).
cost(3, 1, 61).
cost(3, 2, 60).
cost(3, 4, 22).
cost(3, 5, 15).
cost(3, 6, 70).
cost(3, 7, 37).
cost(3, 8, 50).
cost(3, 9, 41).
cost(3, 10, 12).
cost(3, 11, 79).
cost(3, 12, 51).
cost(3, 13, 75).
cost(3, 14, 38).
cost(3, 15, 53).
cost(3, 16, 38).
cost(3, 17, 17).
cost(3, 18, 31).
cost(3, 19, 71).
cost(3, 20, 7).
cost(3, 21, 12).
cost(3, 22, 58).
cost(3, 23, 21).
cost(3, 24, 73).
cost(3, 25, 72).
cost(3, 26, 73).
cost(4, 1, 48).
cost(4, 2, 38).
cost(4, 3, 22).
cost(4, 5, 11).
cost(4, 6, 53).
cost(4, 7, 31).
cost(4, 8, 36).
cost(4, 9, 31).
cost(4, 10, 22).
cost(4, 11, 62).
cost(4, 12, 31).
cost(4, 13, 53).
cost(4, 14, 25).
cost(4, 15, 36).
cost(4, 16, 37).
cost(4, 17, 24).
cost(4, 18, 25).
cost(4, 19, 49).
cost(4, 20, 18).
cost(4, 21, 26).
cost(4, 22, 36).
cost(4, 23, 37).
cost(4, 24, 51).
cost(4, 25, 54).
cost(4, 26, 52).
cost(5, 1, 46).
cost(5, 2, 46).
cost(5, 3, 15).
cost(5, 4, 11).
cost(5, 6, 54).
cost(5, 7, 39).
cost(5, 8, 35).
cost(5, 9, 40).
cost(5, 10, 10).
cost(5, 11, 63).
cost(5, 12, 35).
cost(5, 13, 60).
cost(5, 14, 35).
cost(5, 15, 37).
cost(5, 16, 44).
cost(5, 17, 12).
cost(5, 18, 32).
cost(5, 19, 58).
cost(5, 20, 14).
cost(5, 21, 15).
cost(5, 22, 44).
cost(5, 23, 26).
cost(5, 24, 57).
cost(5, 25, 57).
cost(5, 26, 57).
cost(6, 1, 16).
cost(6, 2, 29).
cost(6, 3, 70).
cost(6, 4, 53).
cost(6, 5, 54).
cost(6, 7, 79).
cost(6, 8, 20).
cost(6, 9, 76).
cost(6, 10, 60).
cost(6, 11, 9).
cost(6, 12, 23).
cost(6, 13, 31).
cost(6, 14, 71).
cost(6, 15, 17).
cost(6, 16, 88).
cost(6, 17, 57).
cost(6, 18, 75).
cost(6, 19, 43).
cost(6, 20, 68).
cost(6, 21, 65).
cost(6, 22, 34).
cost(6, 23, 70).
cost(6, 24, 23).
cost(6, 25, 9).
cost(6, 26, 19).
cost(7, 1, 77).
cost(7, 2, 56).
cost(7, 3, 37).
cost(7, 4, 31).
cost(7, 5, 39).
cost(7, 6, 79).
cost(7, 8, 65).
cost(7, 9, 5).
cost(7, 10, 45).
cost(7, 11, 87).
cost(7, 12, 55).
cost(7, 13, 68).
cost(7, 14, 9).
cost(7, 15, 63).
cost(7, 16, 11).
cost(7, 17, 50).
cost(7, 18, 7).
cost(7, 19, 58).
cost(7, 20, 31).
cost(7, 21, 48).
cost(7, 22, 51).
cost(7, 23, 58).
cost(7, 24, 70).
cost(7, 25, 77).
cost(7, 26, 72).
cost(8, 1, 12).
cost(8, 2, 29).
cost(8, 3, 50).
cost(8, 4, 36).
cost(8, 5, 35).
cost(8, 6, 20).
cost(8, 7, 65).
cost(8, 9, 63).
cost(8, 10, 40).
cost(8, 11, 29).
cost(8, 12, 15).
cost(8, 13, 39).
cost(8, 14, 57).
cost(8, 15, 6).
cost(8, 16, 73).
cost(8, 17, 37).
cost(8, 18, 60).
cost(8, 19, 46).
cost(8, 20, 49).
cost(8, 21, 45).
cost(8, 22, 32).
cost(8, 23, 50).
cost(8, 24, 33).
cost(8, 25, 25).
cost(8, 26, 30).
cost(9, 1, 76).
cost(9, 2, 52).
cost(9, 3, 41).
cost(9, 4, 31).
cost(9, 5, 40).
cost(9, 6, 76).
cost(9, 7, 5).
cost(9, 8, 63).
cost(9, 10, 47).
cost(9, 11, 84).
cost(9, 12, 53).
cost(9, 13, 64).
cost(9, 14, 6).
cost(9, 15, 61).
cost(9, 16, 16).
cost(9, 17, 51).
cost(9, 18, 10).
cost(9, 19, 53).
cost(9, 20, 34).
cost(9, 21, 51).
cost(9, 22, 48).
cost(9, 23, 61).
cost(9, 24, 66).
cost(9, 25, 74).
cost(9, 26, 69).
cost(10, 1, 50).
cost(10, 2, 55).
cost(10, 3, 12).
cost(10, 4, 22).
cost(10, 5, 10).
cost(10, 6, 60).
cost(10, 7, 45).
cost(10, 8, 40).
cost(10, 9, 47).
cost(10, 11, 69).
cost(10, 12, 43).
cost(10, 13, 69).
cost(10, 14, 43).
cost(10, 15, 44).
cost(10, 16, 48).
cost(10, 17, 5).
cost(10, 18, 39).
cost(10, 19, 68).
cost(10, 20, 15).
cost(10, 21, 5).
cost(10, 22, 54).
cost(10, 23, 15).
cost(10, 24, 66).
cost(10, 25, 64).
cost(10, 26, 66).
cost(11, 1, 22).
cost(11, 2, 34).
cost(11, 3, 79).
cost(11, 4, 62).
cost(11, 5, 63).
cost(11, 6, 9).
cost(11, 7, 87).
cost(11, 8, 29).
cost(11, 9, 84).
cost(11, 10, 69).
cost(11, 12, 31).
cost(11, 13, 33).
cost(11, 14, 78).
cost(11, 15, 26).
cost(11, 16, 96).
cost(11, 17, 66).
cost(11, 18, 83).
cost(11, 19, 47).
cost(11, 20, 77).
cost(11, 21, 74).
cost(11, 22, 39).
cost(11, 23, 78).
cost(11, 24, 25).
cost(11, 25, 11).
cost(11, 26, 21).
cost(12, 1, 25).
cost(12, 2, 15).
cost(12, 3, 51).
cost(12, 4, 31).
cost(12, 5, 35).
cost(12, 6, 23).
cost(12, 7, 55).
cost(12, 8, 15).
cost(12, 9, 53).
cost(12, 10, 43).
cost(12, 11, 31).
cost(12, 13, 27).
cost(12, 14, 47).
cost(12, 15, 10).
cost(12, 16, 65).
cost(12, 17, 42).
cost(12, 18, 52).
cost(12, 19, 32).
cost(12, 20, 47).
cost(12, 21, 49).
cost(12, 22, 17).
cost(12, 23, 56).
cost(12, 24, 23).
cost(12, 25, 23).
cost(12, 26, 22).
cost(13, 1, 43).
cost(13, 2, 15).
cost(13, 3, 75).
cost(13, 4, 53).
cost(13, 5, 60).
cost(13, 6, 31).
cost(13, 7, 68).
cost(13, 8, 39).
cost(13, 9, 64).
cost(13, 10, 69).
cost(13, 11, 33).
cost(13, 12, 27).
cost(13, 14, 59).
cost(13, 15, 33).
cost(13, 16, 79).
cost(13, 17, 68).
cost(13, 18, 66).
cost(13, 19, 15).
cost(13, 20, 70).
cost(13, 21, 75).
cost(13, 22, 17).
cost(13, 23, 83).
cost(13, 24, 8).
cost(13, 25, 22).
cost(13, 26, 12).
cost(14, 1, 70).
cost(14, 2, 47).
cost(14, 3, 38).
cost(14, 4, 25).
cost(14, 5, 35).
cost(14, 6, 71).
cost(14, 7, 9).
cost(14, 8, 57).
cost(14, 9, 6).
cost(14, 10, 43).
cost(14, 11, 78).
cost(14, 12, 47).
cost(14, 13, 59).
cost(14, 15, 55).
cost(14, 16, 20).
cost(14, 17, 47).
cost(14, 18, 10).
cost(14, 19, 49).
cost(14, 20, 31).
cost(14, 21, 47).
cost(14, 22, 42).
cost(14, 23, 58).
cost(14, 24, 61).
cost(14, 25, 68).
cost(14, 26, 63).
cost(15, 1, 15).
cost(15, 2, 23).
cost(15, 3, 53).
cost(15, 4, 36).
cost(15, 5, 37).
cost(15, 6, 17).
cost(15, 7, 63).
cost(15, 8, 6).
cost(15, 9, 61).
cost(15, 10, 44).
cost(15, 11, 26).
cost(15, 12, 10).
cost(15, 13, 33).
cost(15, 14, 55).
cost(15, 16, 72).
cost(15, 17, 41).
cost(15, 18, 59).
cost(15, 19, 40).
cost(15, 20, 51).
cost(15, 21, 48).
cost(15, 22, 26).
cost(15, 23, 54).
cost(15, 24, 27).
cost(15, 25, 21).
cost(15, 26, 25).
cost(16, 1, 85).
cost(16, 2, 66).
cost(16, 3, 38).
cost(16, 4, 37).
cost(16, 5, 44).
cost(16, 6, 88).
cost(16, 7, 11).
cost(16, 8, 73).
cost(16, 9, 16).
cost(16, 10, 48).
cost(16, 11, 96).
cost(16, 12, 65).
cost(16, 13, 79).
cost(16, 14, 20).
cost(16, 15, 72).
cost(16, 17, 53).
cost(16, 18, 13).
cost(16, 19, 68).
cost(16, 20, 33).
cost(16, 21, 50).
cost(16, 22, 62).
cost(16, 23, 59).
cost(16, 24, 80).
cost(16, 25, 87).
cost(16, 26, 82).
cost(17, 1, 46).
cost(17, 2, 54).
cost(17, 3, 17).
cost(17, 4, 24).
cost(17, 5, 12).
cost(17, 6, 57).
cost(17, 7, 50).
cost(17, 8, 37).
cost(17, 9, 51).
cost(17, 10, 5).
cost(17, 11, 66).
cost(17, 12, 42).
cost(17, 13, 68).
cost(17, 14, 47).
cost(17, 15, 41).
cost(17, 16, 53).
cost(17, 18, 43).
cost(17, 19, 68).
cost(17, 20, 20).
cost(17, 21, 8).
cost(17, 22, 54).
cost(17, 23, 15).
cost(17, 24, 64).
cost(17, 25, 61).
cost(17, 26, 64).
cost(18, 1, 72).
cost(18, 2, 54).
cost(18, 3, 31).
cost(18, 4, 25).
cost(18, 5, 32).
cost(18, 6, 75).
cost(18, 7, 7).
cost(18, 8, 60).
cost(18, 9, 10).
cost(18, 10, 39).
cost(18, 11, 83).
cost(18, 12, 52).
cost(18, 13, 66).
cost(18, 14, 10).
cost(18, 15, 59).
cost(18, 16, 13).
cost(18, 17, 43).
cost(18, 19, 57).
cost(18, 20, 24).
cost(18, 21, 41).
cost(18, 22, 49).
cost(18, 23, 52).
cost(18, 24, 68).
cost(18, 25, 73).
cost(18, 26, 69).
cost(19, 1, 53).
cost(19, 2, 17).
cost(19, 3, 71).
cost(19, 4, 49).
cost(19, 5, 58).
cost(19, 6, 43).
cost(19, 7, 58).
cost(19, 8, 46).
cost(19, 9, 53).
cost(19, 10, 68).
cost(19, 11, 47).
cost(19, 12, 32).
cost(19, 13, 15).
cost(19, 14, 49).
cost(19, 15, 40).
cost(19, 16, 68).
cost(19, 17, 68).
cost(19, 18, 57).
cost(19, 20, 66).
cost(19, 21, 74).
cost(19, 22, 15).
cost(19, 23, 83).
cost(19, 24, 22).
cost(19, 25, 35).
cost(19, 26, 26).
cost(20, 1, 60).
cost(20, 2, 56).
cost(20, 3, 7).
cost(20, 4, 18).
cost(20, 5, 14).
cost(20, 6, 68).
cost(20, 7, 31).
cost(20, 8, 49).
cost(20, 9, 34).
cost(20, 10, 15).
cost(20, 11, 77).
cost(20, 12, 47).
cost(20, 13, 70).
cost(20, 14, 31).
cost(20, 15, 51).
cost(20, 16, 33).
cost(20, 17, 20).
cost(20, 18, 24).
cost(20, 19, 66).
cost(20, 21, 17).
cost(20, 22, 54).
cost(20, 23, 27).
cost(20, 24, 69).
cost(20, 25, 70).
cost(20, 26, 69).
cost(21, 1, 54).
cost(21, 2, 60).
cost(21, 3, 12).
cost(21, 4, 26).
cost(21, 5, 15).
cost(21, 6, 65).
cost(21, 7, 48).
cost(21, 8, 45).
cost(21, 9, 51).
cost(21, 10, 5).
cost(21, 11, 74).
cost(21, 12, 49).
cost(21, 13, 75).
cost(21, 14, 47).
cost(21, 15, 48).
cost(21, 16, 50).
cost(21, 17, 8).
cost(21, 18, 41).
cost(21, 19, 74).
cost(21, 20, 17).
cost(21, 22, 59).
cost(21, 23, 11).
cost(21, 24, 71).
cost(21, 25, 69).
cost(21, 26, 71).
cost(22, 1, 41).
cost(22, 2, 5).
cost(22, 3, 58).
cost(22, 4, 36).
cost(22, 5, 44).
cost(22, 6, 34).
cost(22, 7, 51).
cost(22, 8, 32).
cost(22, 9, 48).
cost(22, 10, 54).
cost(22, 11, 39).
cost(22, 12, 17).
cost(22, 13, 17).
cost(22, 14, 42).
cost(22, 15, 26).
cost(22, 16, 62).
cost(22, 17, 54).
cost(22, 18, 49).
cost(22, 19, 15).
cost(22, 20, 54).
cost(22, 21, 59).
cost(22, 23, 68).
cost(22, 24, 19).
cost(22, 25, 28).
cost(22, 26, 21).
cost(23, 1, 57).
cost(23, 2, 69).
cost(23, 3, 21).
cost(23, 4, 37).
cost(23, 5, 26).
cost(23, 6, 70).
cost(23, 7, 58).
cost(23, 8, 50).
cost(23, 9, 61).
cost(23, 10, 15).
cost(23, 11, 78).
cost(23, 12, 56).
cost(23, 13, 83).
cost(23, 14, 58).
cost(23, 15, 54).
cost(23, 16, 59).
cost(23, 17, 15).
cost(23, 18, 52).
cost(23, 19, 83).
cost(23, 20, 27).
cost(23, 21, 11).
cost(23, 22, 68).
cost(23, 24, 79).
cost(23, 25, 75).
cost(23, 26, 78).
cost(24, 1, 36).
cost(24, 2, 14).
cost(24, 3, 73).
cost(24, 4, 51).
cost(24, 5, 57).
cost(24, 6, 23).
cost(24, 7, 70).
cost(24, 8, 33).
cost(24, 9, 66).
cost(24, 10, 66).
cost(24, 11, 25).
cost(24, 12, 23).
cost(24, 13, 8).
cost(24, 14, 61).
cost(24, 15, 27).
cost(24, 16, 80).
cost(24, 17, 64).
cost(24, 18, 68).
cost(24, 19, 22).
cost(24, 20, 69).
cost(24, 21, 71).
cost(24, 22, 19).
cost(24, 23, 79).
cost(24, 25, 14).
cost(24, 26, 4).
cost(25, 1, 24).
cost(25, 2, 23).
cost(25, 3, 72).
cost(25, 4, 54).
cost(25, 5, 57).
cost(25, 6, 9).
cost(25, 7, 77).
cost(25, 8, 25).
cost(25, 9, 74).
cost(25, 10, 64).
cost(25, 11, 11).
cost(25, 12, 23).
cost(25, 13, 22).
cost(25, 14, 68).
cost(25, 15, 21).
cost(25, 16, 87).
cost(25, 17, 61).
cost(25, 18, 73).
cost(25, 19, 35).
cost(25, 20, 70).
cost(25, 21, 69).
cost(25, 22, 28).
cost(25, 23, 75).
cost(25, 24, 14).
cost(25, 26, 10).
cost(26, 1, 32).
cost(26, 2, 16).
cost(26, 3, 73).
cost(26, 4, 52).
cost(26, 5, 57).
cost(26, 6, 19).
cost(26, 7, 72).
cost(26, 8, 30).
cost(26, 9, 69).
cost(26, 10, 66).
cost(26, 11, 21).
cost(26, 12, 22).
cost(26, 13, 12).
cost(26, 14, 63).
cost(26, 15, 25).
cost(26, 16, 82).
cost(26, 17, 64).
cost(26, 18, 69).
cost(26, 19, 26).
cost(26, 20, 69).
cost(26, 21, 71).
cost(26, 22, 21).
cost(26, 23, 78).
cost(26, 24, 4).
cost(26, 25, 10).
