dimension(26).
point(1, 68.4567675196, 75.342043681).
point(2, 29.7828547522, 14.6758205918).
point(3, 75.1670468693, 22.6668719327).
point(4, 33.0338551377, 55.2799523242).
point(5, 33.6930501608, 15.4571894319).
point(6, 37.4561943067, 60.3717384747).
point(7, 26.2200307516, 7.0998538914).
point(8, 11.849481554, 49.9278709212).
point(9, 31.5394917306, 23.0164392267).
point(10, 26.038035069, 63.4664007053).
point(11, 57.6299437704, 40.5495868787).
point(12, 59.5763170631, 77.1564055118).
point(13, 43.3730606429, 71.1881689216).
point(14, 67.0596407681, 35.1517899851).
point(15, 75.8274239521, 25.8210152341).
point(16, 74.2770858581, 3.3698002645).
point(17, 75.4981370379, 14.9114020469).
point(18, 9.6792137743, 80.8797372091).
point(19, 48.9985857351, 69.4315319394).
point(20, 10.0988768892, 90.893080004).
point(21, 19.9246960937, 67.7736207359).
point(22, 81.8913967432, 18.1967112122).
point(23, 51.0570070321, 6.1905467456).
point(24, 39.7690204715, 69.4138157768).
point(25, 75.4812116562, 13.927285609).
point(26, 11.3294408557, 84.2055374831).
cost(1, 2, 72).
cost(1, 3, 53).
cost(1, 4, 41).
cost(1, 5, 69).
cost(1, 6, 34).
cost(1, 7, 80).
cost(1, 8, 62).
cost(1, 9, 64).
cost(1, 10, 44).
cost(1, 11, 36).
cost(1, 12, 9).
cost(1, 13, 25).
cost(1, 14, 40).
cost(1, 15, 50).
cost(1, 16, 72).
cost(1, 17, 61).
cost(1, 18, 59).
cost(1, 19, 20).
cost(1, 20, 60).
cost(1, 21, 49).
cost(1, 22, 59).
cost(1, 23, 71).
cost(1, 24, 29).
cost(1, 25, 62).
cost(1, 26, 58).
cost(2, 1, 72).
cost(2, 3, 46).
cost(2, 4, 41).
cost(2, 5, 4).
cost(2, 6, 46).
cost(2, 7, 8).
cost(2, 8, 40).
cost(2, 9, 9).
cost(2, 10, 49).
cost(2, 11, 38).
cost(2, 12, 69).
cost(2, 13, 58).
cost(2, 14, 43).
cost(2, 15, 47).
cost(2, 16, 46).
cost(2, 17, 46).
cost(2, 18, 69).
cost(2, 19, 58).
cost(2, 20, 79).
cost(2, 21, 54).
cost(2, 22, 52).
cost(2, 23, 23).
cost(2, 24, 56).
cost(2, 25, 46).
cost(2, 26, 72).
cost(3, 1, 53).
cost(3, 2, 46).
cost(3, 4, 53).
cost(3, 5, 42).
cost(3, 6, 53).
cost(3, 7, 51).
cost(3, 8, 69).
cost(3, 9, 44).
cost(3, 10, 64).
cost(3, 11, 25).
cost(3, 12, 57).
cost(3, 13, 58).
cost(3, 14, 15).
cost(3, 15, 3).
cost(3, 16, 19).
cost(3, 17, 8).
cost(3, 18, 88).
cost(3, 19, 54).
cost(3, 20, 94).
cost(3, 21, 71).
cost(3, 22, 8).
cost(3, 23, 29).
cost(3, 24, 59).
cost(3, 25, 9).
cost(3, 26, 89).
cost(4, 1, 41).
cost(4, 2, 41).
cost(4, 3, 53).
cost(4, 5, 40).
cost(4, 6, 7).
cost(4, 7, 49).
cost(4, 8, 22).
cost(4, 9, 32).
cost(4, 10, 11).
cost(4, 11, 29).
cost(4, 12, 34).
cost(4, 13, 19).
cost(4, 14, 40).
cost(4, 15, 52).
cost(4, 16, 66).
cost(4, 17, 59).
cost(4, 18, 35).
cost(4, 19, 21).
cost(4, 20, 42).
cost(4, 21, 18).
cost(4, 22, 61).
cost(4, 23, 52).
cost(4, 24, 16).
cost(4, 25, 59).
cost(4, 26, 36).
cost(5, 1, 69).
cost(5, 2, 4).
cost(5, 3, 42).
cost(5, 4, 40).
cost(5, 6, 45).
cost(5, 7, 11).
cost(5, 8, 41).
cost(5, 9, 8).
cost(5, 10, 49).
cost(5, 11, 35).
cost(5, 12, 67).
cost(5, 13, 57).
cost(5, 14, 39).
cost(5, 15, 43).
cost(5, 16, 42).
cost(5, 17, 42).
cost(5, 18, 70).
cost(5, 19, 56).
cost(5, 20, 79).
cost(5, 21, 54).
cost(5, 22, 48).
cost(5, 23, 20).
cost(5, 24, 54).
cost(5, 25, 42).
cost(5, 26, 72).
cost(6, 1, 34).
cost(6, 2, 46).
cost(6, 3, 53).
cost(6, 4, 7).
cost(6, 5, 45).
cost(6, 7, 54).
cost(6, 8, 28).
cost(6, 9, 38).
cost(6, 10, 12).
cost(6, 11, 28).
cost(6, 12, 28).
cost(6, 13, 12).
cost(6, 14, 39).
cost(6, 15, 52).
cost(6, 16, 68).
cost(6, 17, 59).
cost(6, 18, 35).
cost(6, 19, 15).
cost(6, 20, 41).
cost(6, 21, 19).
cost(6, 22, 61).
cost(6, 23, 56).
cost(6, 24, 9).
cost(6, 25, 60).
cost(6, 26, 35).
cost(7, 1, 80).
cost(7, 2, 8).
cost(7, 3, 51).
cost(7, 4, 49).
cost(7, 5, 11).
cost(7, 6, 54).
cost(7, 8, 45).
cost(7, 9, 17).
cost(7, 10, 56).
cost(7, 11, 46).
cost(7, 12, 78).
cost(7, 13, 66).
cost(7, 14, 50).
cost(7, 15, 53).
cost(7, 16, 48).
cost(7, 17, 50).
cost(7, 18, 76).
cost(7, 19, 66).
cost(7, 20, 85).
cost(7, 21, 61).
cost(7, 22, 57).
cost(7, 23, 25).
cost(7, 24, 64).
cost(7, 25, 50).
cost(7, 26, 79).
cost(8, 1, 62).
cost(8, 2, 40).
cost(8, 3, 69).
cost(8, 4, 22).
cost(8, 5, 41).
cost(8, 6, 28).
cost(8, 7, 45).
cost(8, 9, 33).
cost(8, 10, 20).
cost(8, 11, 47).
cost(8, 12, 55).
cost(8, 13, 38).
cost(8, 14, 57).
cost(8, 15, 68).
cost(8, 16, 78).
cost(8, 17, 73).
cost(8, 18, 31).
cost(8, 19, 42).
cost(8, 20, 41).
cost(8, 21, 20).
cost(8, 22, 77).
cost(8, 23, 59).
cost(8, 24, 34).
cost(8, 25, 73).
cost(8, 26, 34).
cost(9, 1, 64).
cost(9, 2, 9).
cost(9, 3, 44).
cost(9, 4, 32).
cost(9, 5, 8).
cost(9, 6, 38).
cost(9, 7, 17).
cost(9, 8, 33).
cost(9, 10, 41).
cost(9, 11, 31).
cost(9, 12, 61).
cost(9, 13, 50).
cost(9, 14, 38).
cost(9, 15, 44).
cost(9, 16, 47).
cost(9, 17, 45).
cost(9, 18, 62).
cost(9, 19, 50).
cost(9, 20, 71).
cost(9, 21, 46).
cost(9, 22, 51).
cost(9, 23, 26).
cost(9, 24, 47).
cost(9, 25, 45).
cost(9, 26, 64).
cost(10, 1, 44).
cost(10, 2, 49).
cost(10, 3, 64).
cost(10, 4, 11).
cost(10, 5, 49).
cost(10, 6, 12).
cost(10, 7, 56).
cost(10, 8, 20).
cost(10, 9, 41).
cost(10, 11, 39).
cost(10, 12, 36).
cost(10, 13, 19).
cost(10, 14, 50).
cost(10, 15, 62).
cost(10, 16, 77).
cost(10, 17, 69).
cost(10, 18, 24).
cost(10, 19, 24).
cost(10, 20, 32).
cost(10, 21, 7).
cost(10, 22, 72).
cost(10, 23, 63).
cost(10, 24, 15).
cost(10, 25, 70).
cost(10, 26, 25).
cost(11, 1, 36).
cost(11, 2, 38).
cost(11, 3, 25).
cost(11, 4, 29).
cost(11, 5, 35).
cost(11, 6, 28).
cost(11, 7, 46).
cost(11, 8, 47).
cost(11, 9, 31).
cost(11, 10, 39).
cost(11, 12, 37).
cost(11, 13, 34).
cost(11, 14, 11).
cost(11, 15, 23).
cost(11, 16, 41).
cost(11, 17, 31).
cost(11, 18, 63).
cost(11, 19, 30).
cost(11, 20, 69).
cost(11, 21, 47).
cost(11, 22, 33).
cost(11, 23, 35).
cost(11, 24, 34).
cost(11, 25, 32).
cost(11, 26, 64).
cost(12, 1, 9).
cost(12, 2, 69).
cost(12, 3, 57).
cost(12, 4, 34).
cost(12, 5, 67).
cost(12, 6, 28).
cost(12, 7, 78).
cost(12, 8, 55).
cost(12, 9, 61).
cost(12, 10, 36).
cost(12, 11, 37).
cost(12, 13, 17).
cost(12, 14, 43).
cost(12, 15, 54).
cost(12, 16, 75).
cost(12, 17, 64).
cost(12, 18, 50).
cost(12, 19, 13).
cost(12, 20, 51).
cost(12, 21, 41).
cost(12, 22, 63).
cost(12, 23, 71).
cost(12, 24, 21).
cost(12, 25, 65).
cost(12, 26, 49).
cost(13, 1, 25).
cost(13, 2, 58).
cost(13, 3, 58).
cost(13, 4, 19).
cost(13, 5, 57).
cost(13, 6, 12).
cost(13, 7, 66).
cost(13, 8, 38).
cost(13, 9, 50).
cost(13, 10, 19).
cost(13, 11, 34).
cost(13, 12, 17).
cost(13, 14, 43).
cost(13, 15, 56).
cost(13, 16, 75).
cost(13, 17, 65).
cost(13, 18, 35).
cost(13, 19, 6).
cost(13, 20, 39).
cost(13, 21, 24).
cost(13, 22, 66).
cost(13, 23, 65).
cost(13, 24, 4).
cost(13, 25, 66).
cost(13, 26, 35).
cost(14, 1, 40).
cost(14, 2, 43).
cost(14, 3, 15).
cost(14, 4, 40).
cost(14, 5, 39).
cost(14, 6, 39).
cost(14, 7, 50).
cost(14, 8, 57).
cost(14, 9, 38).
cost(14, 10, 50).
cost(14, 11, 11).
cost(14, 12, 43).
cost(14, 13, 43).
cost(14, 15, 13).
cost(14, 16, 33).
cost(14, 17, 22).
cost(14, 18, 73).
cost(14, 19, 39).
cost(14, 20, 80).
cost(14, 21, 57).
cost(14, 22, 23).
cost(14, 23, 33).
cost(14, 24, 44).
cost(14, 25, 23).
cost(14, 26, 74).
cost(15, 1, 50).
cost(15, 2, 47).
cost(15, 3, 3).
cost(15, 4, 52).
cost(15, 5, 43).
cost(15, 6, 52).
cost(15, 7, 53).
cost(15, 8, 68).
cost(15, 9, 44).
cost(15, 10, 62).
cost(15, 11, 23).
cost(15, 12, 54).
cost(15, 13, 56).
cost(15, 14, 13).
cost(15, 16, 23).
cost(15, 17, 11).
cost(15, 18, 86).
cost(15, 19, 51).
cost(15, 20, 92).
cost(15, 21, 70).
cost(15, 22, 10).
cost(15, 23, 32).
cost(15, 24, 57).
cost(15, 25, 12).
cost(15, 26, 87).
cost(16, 1, 72).
cost(16, 2, 46).
cost(16, 3, 19).
cost(16, 4, 66).
cost(16, 5, 42).
cost(16, 6, 68).
cost(16, 7, 48).
cost(16, 8, 78).
cost(16, 9, 47).
cost(16, 10, 77).
cost(16, 11, 41).
cost(16, 12, 75).
cost(16, 13, 75).
cost(16, 14, 33).
cost(16, 15, 23).
cost(16, 17, 12).
cost(16, 18, 101).
cost(16, 19, 71).
cost(16, 20, 109).
cost(16, 21, 84).
cost(16, 22, 17).
cost(16, 23, 23).
cost(16, 24, 75).
cost(16, 25, 11).
cost(16, 26, 102).
cost(17, 1, 61).
cost(17, 2, 46).
cost(17, 3, 8).
cost(17, 4, 59).
cost(17, 5, 42).
cost(17, 6, 59).
cost(17, 7, 50).
cost(17, 8, 73).
cost(17, 9, 45).
cost(17, 10, 69).
cost(17, 11, 31).
cost(17, 12, 64).
cost(17, 13, 65).
cost(17, 14, 22).
cost(17, 15, 11).
cost(17, 16, 12).
cost(17, 18, 93).
cost(17, 19, 61).
cost(17, 20, 100).
cost(17, 21, 77).
cost(17, 22, 7).
cost(17, 23, 26).
cost(17, 24, 65).
cost(17, 25, 1).
cost(17, 26, 94).
cost(18, 1, 59).
cost(18, 2, 69).
cost(18, 3, 88).
cost(18, 4, 35).
cost(18, 5, 70).
cost(18, 6, 35).
cost(18, 7, 76).
cost(18, 8, 31).
cost(18, 9, 62).
cost(18, 10, 24).
cost(18, 11, 63).
cost(18, 12, 50).
cost(18, 13, 35).
cost(18, 14, 73).
cost(18, 15, 86).
cost(18, 16, 101).
cost(18, 17, 93).
cost(18, 19, 41).
cost(18, 20, 10).
cost(18, 21, 17).
cost(18, 22, 96).
cost(18, 23, 85).
cost(18, 24, 32).
cost(18, 25, 94).
cost(18, 26, 4).
cost(19, 1, 20).
cost(19, 2, 58).
cost(19, 3, 54).
cost(19, 4, 21).
cost(19, 5, 56).
cost(19, 6, 15).
cost(19, 7, 66).
cost(19, 8, 42).
cost(19, 9, 50).
cost(19, 10, 24).
cost(19, 11, 30).
cost(19, 12, 13).
cost(19, 13, 6).
cost(19, 14, 39).
cost(19, 15, 51).
cost(19, 16, 71).
cost(19, 17, 61).
cost(19, 18, 41).
cost(19, 20, 44).
cost(19, 21, 29).
cost(19, 22, 61).
cost(19, 23, 63).
cost(19, 24, 9).
cost(19, 25, 61).
cost(19, 26, 40).
cost(20, 1, 60).
cost(20, 2, 79).
cost(20, 3, 94).
cost(20, 4, 42).
cost(20, 5, 79).
cost(20, 6, 41).
cost(20, 7, 85).
cost(20, 8, 41).
cost(20, 9, 71).
cost(20, 10, 32).
cost(20, 11, 69).
cost(20, 12, 51).
cost(20, 13, 39).
cost(20, 14, 80).
cost(20, 15, 92).
cost(20, 16, 109).
cost(20, 17, 100).
cost(20, 18, 10).
cost(20, 19, 44).
cost(20, 21, 25).
cost(20, 22, 102).
cost(20, 23, 94).
cost(20, 24, 37).
cost(20, 25, 101).
cost(20, 26, 7).
cost(21, 1, 49).
cost(21, 2, 54).
cost(21, 3, 71).
cost(21, 4, 18).
cost(21, 5, 54).
cost(21, 6, 19).
cost(21, 7, 61).
cost(21, 8, 20).
cost(21, 9, 46).
cost(21, 10, 7).
cost(21, 11, 47).
cost(21, 12, 41).
cost(21, 13, 24).
cost(21, 14, 57).
cost(21, 15, 70).
cost(21, 16, 84).
cost(21, 17, 77).
cost(21, 18, 17).
cost(21, 19, 29).
cost(21, 20, 25).
cost(21, 22, 79).
cost(21, 23, 69).
cost(21, 24, 20).
cost(21, 25, 77).
cost(21, 26, 19).
cost(22, 1, 59).
cost(22, 2, 52).
cost(22, 3, 8).
cost(22, 4, 61).
cost(22, 5, 48).
cost(22, 6, 61).
cost(22, 7, 57).
cost(22, 8, 77).
cost(22, 9, 51).
cost(22, 10, 72).
cost(22, 11, 33).
cost(22, 12, 63).
cost(22, 13, 66).
cost(22, 14, 23).
cost(22, 15, 10).
cost(22, 16, 17).
cost(22, 17, 7).
cost(22, 18, 96).
cost(22, 19, 61).
cost(22, 20, 102).
cost(22, 21, 79).
cost(22, 23, 33).
cost(22, 24, 66).
cost(22, 25, 8).
cost(22, 26, 97).
cost(23, 1, 71).
cost(23, 2, 23).
cost(23, 3, 29).
cost(23, 4, 52).
cost(23, 5, 20).
cost(23, 6, 56).
cost(23, 7, 25).
cost(23, 8, 59).
cost(23, 9, 26).
cost(23, 10, 63).
cost(23, 11, 35).
cost(23, 12, 71).
cost(23, 13, 65).
cost(23, 14, 33).
cost(23, 15, 32).
cost(23, 16, 23).
cost(23, 17, 26).
cost(23, 18, 85).
cost(23, 19, 63).
cost(23, 20, 94).
cost(23, 21, 69).
cost(23, 22, 33).
cost(23, 24, 64).
cost(23, 25, 26).
cost(23, 26, 88).
cost(24, 1, 29).
cost(24, 2, 56).
cost(24, 3, 59).
cost(24, 4, 16).
cost(24, 5, 54).
cost(24, 6, 9).
cost(24, 7, 64).
cost(24, 8, 34).
cost(24, 9, 47).
cost(24, 10, 15).
cost(24, 11, 34).
cost(24, 12, 21).
cost(24, 13, 4).
cost(24, 14, 44).
cost(24, 15, 57).
cost(24, 16, 75).
cost(24, 17, 65).
cost(24, 18, 32).
cost(24, 19, 9).
cost(24, 20, 37).
cost(24, 21, 20).
cost(24, 22, 66).
cost(24, 23, 64).
cost(24, 25, 66).
cost(24, 26, 32).
cost(25, 1, 62).
cost(25, 2, 46).
cost(25, 3, 9).
cost(25, 4, 59).
cost(25, 5, 42).
cost(25, 6, 60).
cost(25, 7, 50).
cost(25, 8, 73).
cost(25, 9, 45).
cost(25, 10, 70).
cost(25, 11, 32).
cost(25, 12, 65).
cost(25, 13, 66).
cost(25, 14, 23).
cost(25, 15, 12).
cost(25, 16, 11).
cost(25, 17, 1).
cost(25, 18, 94).
cost(25, 19, 61).
cost(25, 20, 101).
cost(25, 21, 77).
cost(25, 22, 8).
cost(25, 23, 26).
cost(25, 24, 66).
cost(25, 26, 95).
cost(26, 1, 58).
cost(26, 2, 72).
cost(26, 3, 89).
cost(26, 4, 36).
cost(26, 5, 72).
cost(26, 6, 35).
cost(26, 7, 79).
cost(26, 8, 34).
cost(26, 9, 64).
cost(26, 10, 25).
cost(26, 11, 64).
cost(26, 12, 49).
cost(26, 13, 35).
cost(26, 14, 74).
cost(26, 15, 87).
cost(26, 16, 102).
cost(26, 17, 94).
cost(26, 18, 4).
cost(26, 19, 40).
cost(26, 20, 7).
cost(26, 21, 19).
cost(26, 22, 97).
cost(26, 23, 88).
cost(26, 24, 32).
cost(26, 25, 95).
