dimension(26).
point(1, 3.0666332652, 58.4413943932).
point(2, 17.7406916699, 45.6188303339).
point(3, 90.1273912547, 50.6092448426).
point(4, 80.4096537813, 43.1563435046).
point(5, 20.0916184734, 46.8376805851).
point(6, 26.8087479001, 25.6148172142).
point(7, 79.7945837251, 47.6359948024).
point(8, 40.1562445802, 5.8735970854).
point(9, 22.5491302568, 9.248077676).
point(10, 79.1766918704, 77.7545209206).
point(11, 39.7377579698, 3.2038476226).
point(12, 20.8282201655, 23.303546354).
point(13, 66.604093885, 64.9641711419).
point(14, 2.4613288449, 52.372093873).
point(15, 80.1479665577, 28.1933566146).
point(16, 19.9493233544, 48.6574053907).
point(17, 60.5342082782, 55.6872013575).
point(18, 26.8981704634, 53.0507912339).
point(19, 75.903023306, 80.7159613457).
point(20, 73.6832452001, 66.5276047874).
point(21, 93.833559713, 58.4381839265).
point(22, 75.7029633715, 37.2094499836).
point(23, 52.1183807084, 53.010331577).
point(24, 30.0525253873, 46.0203774465).
point(25, 21.1860875807, 14.000358572).
point(26, 80.0671536801, 58.1912493905).
cost(1, 2, 19).
cost(1, 3, 87).
cost(1, 4, 79).
cost(1, 5, 21).
cost(1, 6, 41).
cost(1, 7, 77).
cost(1, 8, 64).
cost(1, 9, 53).
cost(1, 10, 79).
cost(1, 11, 66).
cost(1, 12, 39).
cost(1, 13, 64).
cost(1, 14, 6).
cost(1, 15, 83).
cost(1, 16, 20).
cost(1, 17, 58).
cost(1, 18, 24).
cost(1, 19, 76).
cost(1, 20, 71).
cost(1, 21, 91).
cost(1, 22, 76).
cost(1, 23, 49).
cost(1, 24, 30).
cost(1, 25, 48).
cost(1, 26, 77).
cost(2, 1, 19).
cost(2, 3, 73).
cost(2, 4, 63).
cost(2, 5, 3).
cost(2, 6, 22).
cost(2, 7, 62).
cost(2, 8, 46).
cost(2, 9, 37).
cost(2, 10, 69).
cost(2, 11, 48).
cost(2, 12, 23).
cost(2, 13, 53).
cost(2, 14, 17).
cost(2, 15, 65).
cost(2, 16, 4).
cost(2, 17, 44).
cost(2, 18, 12).
cost(2, 19, 68).
cost(2, 20, 60).
cost(2, 21, 77).
cost(2, 22, 59).
cost(2, 23, 35).
cost(2, 24, 12).
cost(2, 25, 32).
cost(2, 26, 64).
cost(3, 1, 87).
cost(3, 2, 73).
cost(3, 4, 12).
cost(3, 5, 70).
cost(3, 6, 68).
cost(3, 7, 11).
cost(3, 8, 67).
cost(3, 9, 79).
cost(3, 10, 29).
cost(3, 11, 69).
cost(3, 12, 74).
cost(3, 13, 28).
cost(3, 14, 88).
cost(3, 15, 25).
cost(3, 16, 70).
cost(3, 17, 30).
cost(3, 18, 63).
cost(3, 19, 33).
cost(3, 20, 23).
cost(3, 21, 9).
cost(3, 22, 20).
cost(3, 23, 38).
cost(3, 24, 60).
cost(3, 25, 78).
cost(3, 26, 13).
cost(4, 1, 79).
cost(4, 2, 63).
cost(4, 3, 12).
cost(4, 5, 60).
cost(4, 6, 56).
cost(4, 7, 5).
cost(4, 8, 55).
cost(4, 9, 67).
cost(4, 10, 35).
cost(4, 11, 57).
cost(4, 12, 63).
cost(4, 13, 26).
cost(4, 14, 78).
cost(4, 15, 15).
cost(4, 16, 61).
cost(4, 17, 23).
cost(4, 18, 54).
cost(4, 19, 38).
cost(4, 20, 24).
cost(4, 21, 20).
cost(4, 22, 8).
cost(4, 23, 30).
cost(4, 24, 50).
cost(4, 25, 66).
cost(4, 26, 15).
cost(5, 1, 21).
cost(5, 2, 3).
cost(5, 3, 70).
cost(5, 4, 60).
cost(5, 6, 22).
cost(5, 7, 60).
cost(5, 8, 46).
cost(5, 9, 38).
cost(5, 10, 67).
cost(5, 11, 48).
cost(5, 12, 24).
cost(5, 13, 50).
cost(5, 14, 18).
cost(5, 15, 63).
cost(5, 16, 2).
cost(5, 17, 41).
cost(5, 18, 9).
cost(5, 19, 65).
cost(5, 20, 57).
cost(5, 21, 75).
cost(5, 22, 56).
cost(5, 23, 33).
cost(5, 24, 10).
cost(5, 25, 33).
cost(5, 26, 61).
cost(6, 1, 41).
cost(6, 2, 22).
cost(6, 3, 68).
cost(6, 4, 56).
cost(6, 5, 22).
cost(6, 7, 57).
cost(6, 8, 24).
cost(6, 9, 17).
cost(6, 10, 74).
cost(6, 11, 26).
cost(6, 12, 6).
cost(6, 13, 56).
cost(6, 14, 36).
cost(6, 15, 53).
cost(6, 16, 24).
cost(6, 17, 45).
cost(6, 18, 27).
cost(6, 19, 74).
cost(6, 20, 62).
cost(6, 21, 75).
cost(6, 22, 50).
cost(6, 23, 37).
cost(6, 24, 21).
cost(6, 25, 13).
cost(6, 26, 62).
cost(7, 1, 77).
cost(7, 2, 62).
cost(7, 3, 11).
cost(7, 4, 5).
cost(7, 5, 60).
cost(7, 6, 57).
cost(7, 8, 58).
cost(7, 9, 69).
cost(7, 10, 30).
cost(7, 11, 60).
cost(7, 12, 64).
cost(7, 13, 22).
cost(7, 14, 77).
cost(7, 15, 19).
cost(7, 16, 60).
cost(7, 17, 21).
cost(7, 18, 53).
cost(7, 19, 33).
cost(7, 20, 20).
cost(7, 21, 18).
cost(7, 22, 11).
cost(7, 23, 28).
cost(7, 24, 50).
cost(7, 25, 68).
cost(7, 26, 11).
cost(8, 1, 64).
cost(8, 2, 46).
cost(8, 3, 67).
cost(8, 4, 55).
cost(8, 5, 46).
cost(8, 6, 24).
cost(8, 7, 58).
cost(8, 9, 18).
cost(8, 10, 82).
cost(8, 11, 3).
cost(8, 12, 26).
cost(8, 13, 65).
cost(8, 14, 60).
cost(8, 15, 46).
cost(8, 16, 47).
cost(8, 17, 54).
cost(8, 18, 49).
cost(8, 19, 83).
cost(8, 20, 69).
cost(8, 21, 75).
cost(8, 22, 47).
cost(8, 23, 49).
cost(8, 24, 41).
cost(8, 25, 21).
cost(8, 26, 66).
cost(9, 1, 53).
cost(9, 2, 37).
cost(9, 3, 79).
cost(9, 4, 67).
cost(9, 5, 38).
cost(9, 6, 17).
cost(9, 7, 69).
cost(9, 8, 18).
cost(9, 10, 89).
cost(9, 11, 18).
cost(9, 12, 14).
cost(9, 13, 71).
cost(9, 14, 48).
cost(9, 15, 61).
cost(9, 16, 39).
cost(9, 17, 60).
cost(9, 18, 44).
cost(9, 19, 89).
cost(9, 20, 77).
cost(9, 21, 87).
cost(9, 22, 60).
cost(9, 23, 53).
cost(9, 24, 38).
cost(9, 25, 5).
cost(9, 26, 76).
cost(10, 1, 79).
cost(10, 2, 69).
cost(10, 3, 29).
cost(10, 4, 35).
cost(10, 5, 67).
cost(10, 6, 74).
cost(10, 7, 30).
cost(10, 8, 82).
cost(10, 9, 89).
cost(10, 11, 84).
cost(10, 12, 80).
cost(10, 13, 18).
cost(10, 14, 81).
cost(10, 15, 50).
cost(10, 16, 66).
cost(10, 17, 29).
cost(10, 18, 58).
cost(10, 19, 4).
cost(10, 20, 12).
cost(10, 21, 24).
cost(10, 22, 41).
cost(10, 23, 37).
cost(10, 24, 58).
cost(10, 25, 86).
cost(10, 26, 20).
cost(11, 1, 66).
cost(11, 2, 48).
cost(11, 3, 69).
cost(11, 4, 57).
cost(11, 5, 48).
cost(11, 6, 26).
cost(11, 7, 60).
cost(11, 8, 3).
cost(11, 9, 18).
cost(11, 10, 84).
cost(11, 12, 28).
cost(11, 13, 67).
cost(11, 14, 62).
cost(11, 15, 48).
cost(11, 16, 50).
cost(11, 17, 56).
cost(11, 18, 51).
cost(11, 19, 86).
cost(11, 20, 72).
cost(11, 21, 77).
cost(11, 22, 49).
cost(11, 23, 51).
cost(11, 24, 44).
cost(11, 25, 21).
cost(11, 26, 68).
cost(12, 1, 39).
cost(12, 2, 23).
cost(12, 3, 74).
cost(12, 4, 63).
cost(12, 5, 24).
cost(12, 6, 6).
cost(12, 7, 64).
cost(12, 8, 26).
cost(12, 9, 14).
cost(12, 10, 80).
cost(12, 11, 28).
cost(12, 13, 62).
cost(12, 14, 34).
cost(12, 15, 60).
cost(12, 16, 25).
cost(12, 17, 51).
cost(12, 18, 30).
cost(12, 19, 80).
cost(12, 20, 68).
cost(12, 21, 81).
cost(12, 22, 57).
cost(12, 23, 43).
cost(12, 24, 25).
cost(12, 25, 9).
cost(12, 26, 69).
cost(13, 1, 64).
cost(13, 2, 53).
cost(13, 3, 28).
cost(13, 4, 26).
cost(13, 5, 50).
cost(13, 6, 56).
cost(13, 7, 22).
cost(13, 8, 65).
cost(13, 9, 71).
cost(13, 10, 18).
cost(13, 11, 67).
cost(13, 12, 62).
cost(13, 14, 65).
cost(13, 15, 39).
cost(13, 16, 49).
cost(13, 17, 11).
cost(13, 18, 41).
cost(13, 19, 18).
cost(13, 20, 7).
cost(13, 21, 28).
cost(13, 22, 29).
cost(13, 23, 19).
cost(13, 24, 41).
cost(13, 25, 68).
cost(13, 26, 15).
cost(14, 1, 6).
cost(14, 2, 17).
cost(14, 3, 88).
cost(14, 4, 78).
cost(14, 5, 18).
cost(14, 6, 36).
cost(14, 7, 77).
cost(14, 8, 60).
cost(14, 9, 48).
cost(14, 10, 81).
cost(14, 11, 62).
cost(14, 12, 34).
cost(14, 13, 65).
cost(14, 15, 81).
cost(14, 16, 18).
cost(14, 17, 58).
cost(14, 18, 24).
cost(14, 19, 79).
cost(14, 20, 73).
cost(14, 21, 92).
cost(14, 22, 75).
cost(14, 23, 50).
cost(14, 24, 28).
cost(14, 25, 43).
cost(14, 26, 78).
cost(15, 1, 83).
cost(15, 2, 65).
cost(15, 3, 25).
cost(15, 4, 15).
cost(15, 5, 63).
cost(15, 6, 53).
cost(15, 7, 19).
cost(15, 8, 46).
cost(15, 9, 61).
cost(15, 10, 50).
cost(15, 11, 48).
cost(15, 12, 60).
cost(15, 13, 39).
cost(15, 14, 81).
cost(15, 16, 64).
cost(15, 17, 34).
cost(15, 18, 59).
cost(15, 19, 53).
cost(15, 20, 39).
cost(15, 21, 33).
cost(15, 22, 10).
cost(15, 23, 37).
cost(15, 24, 53).
cost(15, 25, 61).
cost(15, 26, 30).
cost(16, 1, 20).
cost(16, 2, 4).
cost(16, 3, 70).
cost(16, 4, 61).
cost(16, 5, 2).
cost(16, 6, 24).
cost(16, 7, 60).
cost(16, 8, 47).
cost(16, 9, 39).
cost(16, 10, 66).
cost(16, 11, 50).
cost(16, 12, 25).
cost(16, 13, 49).
cost(16, 14, 18).
cost(16, 15, 64).
cost(16, 17, 41).
cost(16, 18, 8).
cost(16, 19, 64).
cost(16, 20, 57).
cost(16, 21, 75).
cost(16, 22, 57).
cost(16, 23, 32).
cost(16, 24, 10).
cost(16, 25, 35).
cost(16, 26, 61).
cost(17, 1, 58).
cost(17, 2, 44).
cost(17, 3, 30).
cost(17, 4, 23).
cost(17, 5, 41).
cost(17, 6, 45).
cost(17, 7, 21).
cost(17, 8, 54).
cost(17, 9, 60).
cost(17, 10, 29).
cost(17, 11, 56).
cost(17, 12, 51).
cost(17, 13, 11).
cost(17, 14, 58).
cost(17, 15, 34).
cost(17, 16, 41).
cost(17, 18, 34).
cost(17, 19, 29).
cost(17, 20, 17).
cost(17, 21, 33).
cost(17, 22, 24).
cost(17, 23, 9).
cost(17, 24, 32).
cost(17, 25, 57).
cost(17, 26, 20).
cost(18, 1, 24).
cost(18, 2, 12).
cost(18, 3, 63).
cost(18, 4, 54).
cost(18, 5, 9).
cost(18, 6, 27).
cost(18, 7, 53).
cost(18, 8, 49).
cost(18, 9, 44).
cost(18, 10, 58).
cost(18, 11, 51).
cost(18, 12, 30).
cost(18, 13, 41).
cost(18, 14, 24).
cost(18, 15, 59).
cost(18, 16, 8).
cost(18, 17, 34).
cost(18, 19, 56).
cost(18, 20, 49).
cost(18, 21, 67).
cost(18, 22, 51).
cost(18, 23, 25).
cost(18, 24, 8).
cost(18, 25, 39).
cost(18, 26, 53).
cost(19, 1, 76).
cost(19, 2, 68).
cost(19, 3, 33).
cost(19, 4, 38).
cost(19, 5, 65).
cost(19, 6, 74).
cost(19, 7, 33).
cost(19, 8, 83).
cost(19, 9, 89).
cost(19, 10, 4).
cost(19, 11, 86).
cost(19, 12, 80).
cost(19, 13, 18).
cost(19, 14, 79).
cost(19, 15, 53).
cost(19, 16, 64).
cost(19, 17, 29).
cost(19, 18, 56).
cost(19, 20, 14).
cost(19, 21, 29).
cost(19, 22, 44).
cost(19, 23, 37).
cost(19, 24, 57).
cost(19, 25, 86).
cost(19, 26, 23).
cost(20, 1, 71).
cost(20, 2, 60).
cost(20, 3, 23).
cost(20, 4, 24).
cost(20, 5, 57).
cost(20, 6, 62).
cost(20, 7, 20).
cost(20, 8, 69).
cost(20, 9, 77).
cost(20, 10, 12).
cost(20, 11, 72).
cost(20, 12, 68).
cost(20, 13, 7).
cost(20, 14, 73).
cost(20, 15, 39).
cost(20, 16, 57).
cost(20, 17, 17).
cost(20, 18, 49).
cost(20, 19, 14).
cost(20, 21, 22).
cost(20, 22, 29).
cost(20, 23, 25).
cost(20, 24, 48).
cost(20, 25, 74).
cost(20, 26, 10).
cost(21, 1, 91).
cost(21, 2, 77).
cost(21, 3, 9).
cost(21, 4, 20).
cost(21, 5, 75).
cost(21, 6, 75).
cost(21, 7, 18).
cost(21, 8, 75).
cost(21, 9, 87).
cost(21, 10, 24).
cost(21, 11, 77).
cost(21, 12, 81).
cost(21, 13, 28).
cost(21, 14, 92).
cost(21, 15, 33).
cost(21, 16, 75).
cost(21, 17, 33).
cost(21, 18, 67).
cost(21, 19, 29).
cost(21, 20, 22).
cost(21, 22, 28).
cost(21, 23, 42).
cost(21, 24, 65).
cost(21, 25, 85).
cost(21, 26, 14).
cost(22, 1, 76).
cost(22, 2, 59).
cost(22, 3, 20).
cost(22, 4, 8).
cost(22, 5, 56).
cost(22, 6, 50).
cost(22, 7, 11).
cost(22, 8, 47).
cost(22, 9, 60).
cost(22, 10, 41).
cost(22, 11, 49).
cost(22, 12, 57).
cost(22, 13, 29).
cost(22, 14, 75).
cost(22, 15, 10).
cost(22, 16, 57).
cost(22, 17, 24).
cost(22, 18, 51).
cost(22, 19, 44).
cost(22, 20, 29).
cost(22, 21, 28).
cost(22, 23, 28).
cost(22, 24, 46).
cost(22, 25, 59).
cost(22, 26, 21).
cost(23, 1, 49).
cost(23, 2, 35).
cost(23, 3, 38).
cost(23, 4, 30).
cost(23, 5, 33).
cost(23, 6, 37).
cost(23, 7, 28).
cost(23, 8, 49).
cost(23, 9, 53).
cost(23, 10, 37).
cost(23, 11, 51).
cost(23, 12, 43).
cost(23, 13, 19).
cost(23, 14, 50).
cost(23, 15, 37).
cost(23, 16, 32).
cost(23, 17, 9).
cost(23, 18, 25).
cost(23, 19, 37).
cost(23, 20, 25).
cost(23, 21, 42).
cost(23, 22, 28).
cost(23, 24, 23).
cost(23, 25, 50).
cost(23, 26, 28).
cost(24, 1, 30).
cost(24, 2, 12).
cost(24, 3, 60).
cost(24, 4, 50).
cost(24, 5, 10).
cost(24, 6, 21).
cost(24, 7, 50).
cost(24, 8, 41).
cost(24, 9, 38).
cost(24, 10, 58).
cost(24, 11, 44).
cost(24, 12, 25).
cost(24, 13, 41).
cost(24, 14, 28).
cost(24, 15, 53).
cost(24, 16, 10).
cost(24, 17, 32).
cost(24, 18, 8).
cost(24, 19, 57).
cost(24, 20, 48).
cost(24, 21, 65).
cost(24, 22, 46).
cost(24, 23, 23).
cost(24, 25, 33).
cost(24, 26, 51).
cost(25, 1, 48).
cost(25, 2, 32).
cost(25, 3, 78).
cost(25, 4, 66).
cost(25, 5, 33).
cost(25, 6, 13).
cost(25, 7, 68).
cost(25, 8, 21).
cost(25, 9, 5).
cost(25, 10, 86).
cost(25, 11, 21).
cost(25, 12, 9).
cost(25, 13, 68).
cost(25, 14, 43).
cost(25, 15, 61).
cost(25, 16, 35).
cost(25, 17, 57).
cost(25, 18, 39).
cost(25, 19, 86).
cost(25, 20, 74).
cost(25, 21, 85).
cost(25, 22, 59).
cost(25, 23, 50).
cost(25, 24, 33).
cost(25, 26, 74).
cost(26, 1, 77).
cost(26, 2, 64).
cost(26, 3, 13).
cost(26, 4, 15).
cost(26, 5, 61).
cost(26, 6, 62).
cost(26, 7, 11).
cost(26, 8, 66).
cost(26, 9, 76).
cost(26, 10, 20).
cost(26, 11, 68).
cost(26, 12, 69).
cost(26, 13, 15).
cost(26, 14, 78).
cost(26, 15, 30).
cost(26, 16, 61).
cost(26, 17, 20).
cost(26, 18, 53).
cost(26, 19, 23).
cost(26, 20, 10).
cost(26, 21, 14).
cost(26, 22, 21).
cost(26, 23, 28).
cost(26, 24, 51).
cost(26, 25, 74).
