dimension(26).
point(1, 86.5815729457, 60.4873208292).
point(2, 69.3107257812, 79.5154518238).
point(3, 54.7176406794, 10.8163772936).
point(4, 53.4158367678, 61.6919870154).
point(5, 94.7750998462, 27.3931649076).
point(6, 97.6461754315, 39.1878730204).
point(7, 24.4000159647, 76.5260531907).
point(8, 38.1129638487, 20.2836425895).
point(9, 37.4673782078, 52.0890841102).
point(10, 43.3801383797, 46.9470230516).
point(11, 73.0623095085, 41.3159005646).
point(12, 77.4562621078, 64.0291690739).
point(13, 19.6802345769, 65.2374396107).
point(14, 79.8545806527, 23.3317853883).
point(15, 30.4557204336, 58.6952212766).
point(16, 66.2779698122, 6.9537818025).
point(17, 37.7996724225, 45.0073001691).
point(18, 43.9538657515, 37.3940451835).
point(19, 33.2674769779, 73.9189331509).
point(20, 80.7200649954, 36.2958139535).
point(21, 50.0749918277, 62.9810578248).
point(22, 25.3946422283, 70.8494359509).
point(23, 57.7051824556, 38.860716788).
point(24, 19.3652846586, 66.8610434469).
point(25, 51.5861974943, 13.4587901436).
point(26, 24.159410811, 52.5701633795).
cost(1, 2, 26).
cost(1, 3, 59).
cost(1, 4, 33).
cost(1, 5, 34).
cost(1, 6, 24).
cost(1, 7, 64).
cost(1, 8, 63).
cost(1, 9, 50).
cost(1, 10, 45).
cost(1, 11, 23).
cost(1, 12, 10).
cost(1, 13, 67).
cost(1, 14, 38).
cost(1, 15, 56).
cost(1, 16, 57).
cost(1, 17, 51).
cost(1, 18, 48).
cost(1, 19, 55).
cost(1, 20, 25).
cost(1, 21, 37).
cost(1, 22, 62).
cost(1, 23, 36).
cost(1, 24, 68).
cost(1, 25, 59).
cost(1, 26, 63).
cost(2, 1, 26).
cost(2, 3, 70).
cost(2, 4, 24).
cost(2, 5, 58).
cost(2, 6, 49).
cost(2, 7, 45).
cost(2, 8, 67).
cost(2, 9, 42).
cost(2, 10, 42).
cost(2, 11, 38).
cost(2, 12, 17).
cost(2, 13, 52).
cost(2, 14, 57).
cost(2, 15, 44).
cost(2, 16, 73).
cost(2, 17, 47).
cost(2, 18, 49).
cost(2, 19, 36).
cost(2, 20, 45).
cost(2, 21, 25).
cost(2, 22, 45).
cost(2, 23, 42).
cost(2, 24, 52).
cost(2, 25, 68).
cost(2, 26, 53).
cost(3, 1, 59).
cost(3, 2, 70).
cost(3, 4, 51).
cost(3, 5, 43).
cost(3, 6, 51).
cost(3, 7, 72).
cost(3, 8, 19).
cost(3, 9, 45).
cost(3, 10, 38).
cost(3, 11, 36).
cost(3, 12, 58).
cost(3, 13, 65).
cost(3, 14, 28).
cost(3, 15, 54).
cost(3, 16, 12).
cost(3, 17, 38).
cost(3, 18, 29).
cost(3, 19, 67).
cost(3, 20, 36).
cost(3, 21, 52).
cost(3, 22, 67).
cost(3, 23, 28).
cost(3, 24, 66).
cost(3, 25, 4).
cost(3, 26, 52).
cost(4, 1, 33).
cost(4, 2, 24).
cost(4, 3, 51).
cost(4, 5, 54).
cost(4, 6, 50).
cost(4, 7, 33).
cost(4, 8, 44).
cost(4, 9, 19).
cost(4, 10, 18).
cost(4, 11, 28).
cost(4, 12, 24).
cost(4, 13, 34).
cost(4, 14, 47).
cost(4, 15, 23).
cost(4, 16, 56).
cost(4, 17, 23).
cost(4, 18, 26).
cost(4, 19, 24).
cost(4, 20, 37).
cost(4, 21, 4).
cost(4, 22, 29).
cost(4, 23, 23).
cost(4, 24, 34).
cost(4, 25, 48).
cost(4, 26, 31).
cost(5, 1, 34).
cost(5, 2, 58).
cost(5, 3, 43).
cost(5, 4, 54).
cost(5, 6, 12).
cost(5, 7, 86).
cost(5, 8, 57).
cost(5, 9, 62).
cost(5, 10, 55).
cost(5, 11, 26).
cost(5, 12, 41).
cost(5, 13, 84).
cost(5, 14, 15).
cost(5, 15, 72).
cost(5, 16, 35).
cost(5, 17, 60).
cost(5, 18, 52).
cost(5, 19, 77).
cost(5, 20, 17).
cost(5, 21, 57).
cost(5, 22, 82).
cost(5, 23, 39).
cost(5, 24, 85).
cost(5, 25, 45).
cost(5, 26, 75).
cost(6, 1, 24).
cost(6, 2, 49).
cost(6, 3, 51).
cost(6, 4, 50).
cost(6, 5, 12).
cost(6, 7, 82).
cost(6, 8, 62).
cost(6, 9, 62).
cost(6, 10, 55).
cost(6, 11, 25).
cost(6, 12, 32).
cost(6, 13, 82).
cost(6, 14, 24).
cost(6, 15, 70).
cost(6, 16, 45).
cost(6, 17, 60).
cost(6, 18, 54).
cost(6, 19, 73).
cost(6, 20, 17).
cost(6, 21, 53).
cost(6, 22, 79).
cost(6, 23, 40).
cost(6, 24, 83).
cost(6, 25, 53).
cost(6, 26, 75).
cost(7, 1, 64).
cost(7, 2, 45).
cost(7, 3, 72).
cost(7, 4, 33).
cost(7, 5, 86).
cost(7, 6, 82).
cost(7, 8, 58).
cost(7, 9, 28).
cost(7, 10, 35).
cost(7, 11, 60).
cost(7, 12, 55).
cost(7, 13, 12).
cost(7, 14, 77).
cost(7, 15, 19).
cost(7, 16, 81).
cost(7, 17, 34).
cost(7, 18, 44).
cost(7, 19, 9).
cost(7, 20, 69).
cost(7, 21, 29).
cost(7, 22, 6).
cost(7, 23, 50).
cost(7, 24, 11).
cost(7, 25, 69).
cost(7, 26, 24).
cost(8, 1, 63).
cost(8, 2, 67).
cost(8, 3, 19).
cost(8, 4, 44).
cost(8, 5, 57).
cost(8, 6, 62).
cost(8, 7, 58).
cost(8, 9, 32).
cost(8, 10, 27).
cost(8, 11, 41).
cost(8, 12, 59).
cost(8, 13, 49).
cost(8, 14, 42).
cost(8, 15, 39).
cost(8, 16, 31).
cost(8, 17, 25).
cost(8, 18, 18).
cost(8, 19, 54).
cost(8, 20, 46).
cost(8, 21, 44).
cost(8, 22, 52).
cost(8, 23, 27).
cost(8, 24, 50).
cost(8, 25, 15).
cost(8, 26, 35).
cost(9, 1, 50).
cost(9, 2, 42).
cost(9, 3, 45).
cost(9, 4, 19).
cost(9, 5, 62).
cost(9, 6, 62).
cost(9, 7, 28).
cost(9, 8, 32).
cost(9, 10, 8).
cost(9, 11, 37).
cost(9, 12, 42).
cost(9, 13, 22).
cost(9, 14, 51).
cost(9, 15, 10).
cost(9, 16, 54).
cost(9, 17, 7).
cost(9, 18, 16).
cost(9, 19, 22).
cost(9, 20, 46).
cost(9, 21, 17).
cost(9, 22, 22).
cost(9, 23, 24).
cost(9, 24, 23).
cost(9, 25, 41).
cost(9, 26, 13).
cost(10, 1, 45).
cost(10, 2, 42).
cost(10, 3, 38).
cost(10, 4, 18).
cost(10, 5, 55).
cost(10, 6, 55).
cost(10, 7, 35).
cost(10, 8, 27).
cost(10, 9, 8).
cost(10, 11, 30).
cost(10, 12, 38).
cost(10, 13, 30).
cost(10, 14, 43).
cost(10, 15, 17).
cost(10, 16, 46).
cost(10, 17, 6).
cost(10, 18, 10).
cost(10, 19, 29).
cost(10, 20, 39).
cost(10, 21, 17).
cost(10, 22, 30).
cost(10, 23, 16).
cost(10, 24, 31).
cost(10, 25, 34).
cost(10, 26, 20).
cost(11, 1, 23).
cost(11, 2, 38).
cost(11, 3, 36).
cost(11, 4, 28).
cost(11, 5, 26).
cost(11, 6, 25).
cost(11, 7, 60).
cost(11, 8, 41).
cost(11, 9, 37).
cost(11, 10, 30).
cost(11, 12, 23).
cost(11, 13, 58).
cost(11, 14, 19).
cost(11, 15, 46).
cost(11, 16, 35).
cost(11, 17, 35).
cost(11, 18, 29).
cost(11, 19, 51).
cost(11, 20, 9).
cost(11, 21, 32).
cost(11, 22, 56).
cost(11, 23, 16).
cost(11, 24, 59).
cost(11, 25, 35).
cost(11, 26, 50).
cost(12, 1, 10).
cost(12, 2, 17).
cost(12, 3, 58).
cost(12, 4, 24).
cost(12, 5, 41).
cost(12, 6, 32).
cost(12, 7, 55).
cost(12, 8, 59).
cost(12, 9, 42).
cost(12, 10, 38).
cost(12, 11, 23).
cost(12, 13, 58).
cost(12, 14, 41).
cost(12, 15, 47).
cost(12, 16, 58).
cost(12, 17, 44).
cost(12, 18, 43).
cost(12, 19, 45).
cost(12, 20, 28).
cost(12, 21, 27).
cost(12, 22, 53).
cost(12, 23, 32).
cost(12, 24, 58).
cost(12, 25, 57).
cost(12, 26, 55).
cost(13, 1, 67).
cost(13, 2, 52).
cost(13, 3, 65).
cost(13, 4, 34).
cost(13, 5, 84).
cost(13, 6, 82).
cost(13, 7, 12).
cost(13, 8, 49).
cost(13, 9, 22).
cost(13, 10, 30).
cost(13, 11, 58).
cost(13, 12, 58).
cost(13, 14, 73).
cost(13, 15, 13).
cost(13, 16, 75).
cost(13, 17, 27).
cost(13, 18, 37).
cost(13, 19, 16).
cost(13, 20, 68).
cost(13, 21, 30).
cost(13, 22, 8).
cost(13, 23, 46).
cost(13, 24, 2).
cost(13, 25, 61).
cost(13, 26, 13).
cost(14, 1, 38).
cost(14, 2, 57).
cost(14, 3, 28).
cost(14, 4, 47).
cost(14, 5, 15).
cost(14, 6, 24).
cost(14, 7, 77).
cost(14, 8, 42).
cost(14, 9, 51).
cost(14, 10, 43).
cost(14, 11, 19).
cost(14, 12, 41).
cost(14, 13, 73).
cost(14, 15, 61).
cost(14, 16, 21).
cost(14, 17, 47).
cost(14, 18, 39).
cost(14, 19, 69).
cost(14, 20, 13).
cost(14, 21, 50).
cost(14, 22, 72).
cost(14, 23, 27).
cost(14, 24, 75).
cost(14, 25, 30).
cost(14, 26, 63).
cost(15, 1, 56).
cost(15, 2, 44).
cost(15, 3, 54).
cost(15, 4, 23).
cost(15, 5, 72).
cost(15, 6, 70).
cost(15, 7, 19).
cost(15, 8, 39).
cost(15, 9, 10).
cost(15, 10, 17).
cost(15, 11, 46).
cost(15, 12, 47).
cost(15, 13, 13).
cost(15, 14, 61).
cost(15, 16, 63).
cost(15, 17, 16).
cost(15, 18, 25).
cost(15, 19, 15).
cost(15, 20, 55).
cost(15, 21, 20).
cost(15, 22, 13).
cost(15, 23, 34).
cost(15, 24, 14).
cost(15, 25, 50).
cost(15, 26, 9).
cost(16, 1, 57).
cost(16, 2, 73).
cost(16, 3, 12).
cost(16, 4, 56).
cost(16, 5, 35).
cost(16, 6, 45).
cost(16, 7, 81).
cost(16, 8, 31).
cost(16, 9, 54).
cost(16, 10, 46).
cost(16, 11, 35).
cost(16, 12, 58).
cost(16, 13, 75).
cost(16, 14, 21).
cost(16, 15, 63).
cost(16, 17, 48).
cost(16, 18, 38).
cost(16, 19, 75).
cost(16, 20, 33).
cost(16, 21, 58).
cost(16, 22, 76).
cost(16, 23, 33).
cost(16, 24, 76).
cost(16, 25, 16).
cost(16, 26, 62).
cost(17, 1, 51).
cost(17, 2, 47).
cost(17, 3, 38).
cost(17, 4, 23).
cost(17, 5, 60).
cost(17, 6, 60).
cost(17, 7, 34).
cost(17, 8, 25).
cost(17, 9, 7).
cost(17, 10, 6).
cost(17, 11, 35).
cost(17, 12, 44).
cost(17, 13, 27).
cost(17, 14, 47).
cost(17, 15, 16).
cost(17, 16, 48).
cost(17, 18, 10).
cost(17, 19, 29).
cost(17, 20, 44).
cost(17, 21, 22).
cost(17, 22, 29).
cost(17, 23, 21).
cost(17, 24, 29).
cost(17, 25, 34).
cost(17, 26, 16).
cost(18, 1, 48).
cost(18, 2, 49).
cost(18, 3, 29).
cost(18, 4, 26).
cost(18, 5, 52).
cost(18, 6, 54).
cost(18, 7, 44).
cost(18, 8, 18).
cost(18, 9, 16).
cost(18, 10, 10).
cost(18, 11, 29).
cost(18, 12, 43).
cost(18, 13, 37).
cost(18, 14, 39).
cost(18, 15, 25).
cost(18, 16, 38).
cost(18, 17, 10).
cost(18, 19, 38).
cost(18, 20, 37).
cost(18, 21, 26).
cost(18, 22, 38).
cost(18, 23, 14).
cost(18, 24, 38).
cost(18, 25, 25).
cost(18, 26, 25).
cost(19, 1, 55).
cost(19, 2, 36).
cost(19, 3, 67).
cost(19, 4, 24).
cost(19, 5, 77).
cost(19, 6, 73).
cost(19, 7, 9).
cost(19, 8, 54).
cost(19, 9, 22).
cost(19, 10, 29).
cost(19, 11, 51).
cost(19, 12, 45).
cost(19, 13, 16).
cost(19, 14, 69).
cost(19, 15, 15).
cost(19, 16, 75).
cost(19, 17, 29).
cost(19, 18, 38).
cost(19, 20, 61).
cost(19, 21, 20).
cost(19, 22, 8).
cost(19, 23, 43).
cost(19, 24, 16).
cost(19, 25, 63).
cost(19, 26, 23).
cost(20, 1, 25).
cost(20, 2, 45).
cost(20, 3, 36).
cost(20, 4, 37).
cost(20, 5, 17).
cost(20, 6, 17).
cost(20, 7, 69).
cost(20, 8, 46).
cost(20, 9, 46).
cost(20, 10, 39).
cost(20, 11, 9).
cost(20, 12, 28).
cost(20, 13, 68).
cost(20, 14, 13).
cost(20, 15, 55).
cost(20, 16, 33).
cost(20, 17, 44).
cost(20, 18, 37).
cost(20, 19, 61).
cost(20, 21, 41).
cost(20, 22, 65).
cost(20, 23, 23).
cost(20, 24, 69).
cost(20, 25, 37).
cost(20, 26, 59).
cost(21, 1, 37).
cost(21, 2, 25).
cost(21, 3, 52).
cost(21, 4, 4).
cost(21, 5, 57).
cost(21, 6, 53).
cost(21, 7, 29).
cost(21, 8, 44).
cost(21, 9, 17).
cost(21, 10, 17).
cost(21, 11, 32).
cost(21, 12, 27).
cost(21, 13, 30).
cost(21, 14, 50).
cost(21, 15, 20).
cost(21, 16, 58).
cost(21, 17, 22).
cost(21, 18, 26).
cost(21, 19, 20).
cost(21, 20, 41).
cost(21, 22, 26).
cost(21, 23, 25).
cost(21, 24, 31).
cost(21, 25, 50).
cost(21, 26, 28).
cost(22, 1, 62).
cost(22, 2, 45).
cost(22, 3, 67).
cost(22, 4, 29).
cost(22, 5, 82).
cost(22, 6, 79).
cost(22, 7, 6).
cost(22, 8, 52).
cost(22, 9, 22).
cost(22, 10, 30).
cost(22, 11, 56).
cost(22, 12, 53).
cost(22, 13, 8).
cost(22, 14, 72).
cost(22, 15, 13).
cost(22, 16, 76).
cost(22, 17, 29).
cost(22, 18, 38).
cost(22, 19, 8).
cost(22, 20, 65).
cost(22, 21, 26).
cost(22, 23, 45).
cost(22, 24, 7).
cost(22, 25, 63).
cost(22, 26, 18).
cost(23, 1, 36).
cost(23, 2, 42).
cost(23, 3, 28).
cost(23, 4, 23).
cost(23, 5, 39).
cost(23, 6, 40).
cost(23, 7, 50).
cost(23, 8, 27).
cost(23, 9, 24).
cost(23, 10, 16).
cost(23, 11, 16).
cost(23, 12, 32).
cost(23, 13, 46).
cost(23, 14, 27).
cost(23, 15, 34).
cost(23, 16, 33).
cost(23, 17, 21).
cost(23, 18, 14).
cost(23, 19, 43).
cost(23, 20, 23).
cost(23, 21, 25).
cost(23, 22, 45).
cost(23, 24, 47).
cost(23, 25, 26).
cost(23, 26, 36).
cost(24, 1, 68).
cost(24, 2, 52).
cost(24, 3, 66).
cost(24, 4, 34).
cost(24, 5, 85).
cost(24, 6, 83).
cost(24, 7, 11).
cost(24, 8, 50).
cost(24, 9, 23).
cost(24, 10, 31).
cost(24, 11, 59).
cost(24, 12, 58).
cost(24, 13, 2).
cost(24, 14, 75).
cost(24, 15, 14).
cost(24, 16, 76).
cost(24, 17, 29).
cost(24, 18, 38).
cost(24, 19, 16).
cost(24, 20, 69).
cost(24, 21, 31).
cost(24, 22, 7).
cost(24, 23, 47).
cost(24, 25, 62).
cost(24, 26, 15).
cost(25, 1, 59).
cost(25, 2, 68).
cost(25, 3, 4).
cost(25, 4, 48).
cost(25, 5, 45).
cost(25, 6, 53).
cost(25, 7, 69).
cost(25, 8, 15).
cost(25, 9, 41).
cost(25, 10, 34).
cost(25, 11, 35).
cost(25, 12, 57).
cost(25, 13, 61).
cost(25, 14, 30).
cost(25, 15, 50).
cost(25, 16, 16).
cost(25, 17, 34).
cost(25, 18, 25).
cost(25, 19, 63).
cost(25, 20, 37).
cost(25, 21, 50).
cost(25, 22, 63).
cost(25, 23, 26).
cost(25, 24, 62).
cost(25, 26, 48).
cost(26, 1, 63).
cost(26, 2, 53).
cost(26, 3, 52).
cost(26, 4, 31).
cost(26, 5, 75).
cost(26, 6, 75).
cost(26, 7, 24).
cost(26, 8, 35).
cost(26, 9, 13).
cost(26, 10, 20).
cost(26, 11, 50).
cost(26, 12, 55).
cost(26, 13, 13).
cost(26, 14, 63).
cost(26, 15, 9).
cost(26, 16, 62).
cost(26, 17, 16).
cost(26, 18, 25).
cost(26, 19, 23).
cost(26, 20, 59).
cost(26, 21, 28).
cost(26, 22, 18).
cost(26, 23, 36).
cost(26, 24, 15).
cost(26, 25, 48).
