dimension(26).
point(1, 13.2428470892, 45.381107408).
point(2, 73.4722266791, 51.3155442778).
point(3, 47.1584804655, 71.6100869549).
point(4, 48.7695997137, 21.4276256595).
point(5, 30.4797029961, 40.3622850364).
point(6, 37.7907765387, 11.3499031362).
point(7, 16.0611773804, 56.5425053521).
point(8, 17.0947284245, 35.1212552893).
point(9, 64.6322323802, 51.9431873945).
point(10, 17.398595933, 24.9106853373).
point(11, 40.7817464517, 64.198369292).
point(12, 2.5940533958, 49.8823102573).
point(13, 68.8001067638, 62.9744292606).
point(14, 69.9894141435, 69.118086281).
point(15, 72.0548215592, 61.2137090059).
point(16, 74.3387887081, 56.3633669747).
point(17, 43.1058379188, 28.3002864165).
point(18, 22.6216877009, 48.2966129947).
point(19, 41.539226669, 25.4610015506).
point(20, 37.0300117243, 27.43775789).
point(21, 71.6530014501, 77.4165324148).
point(22, 56.302204877, 71.3366006743).
point(23, 64.8729364746, 33.0366301286).
point(24, 69.0252163015, 51.8679701086).
point(25, 73.4168933704, 73.9736164968).
point(26, 9.7049800276, 18.645371254).
cost(1, 2, 61).
cost(1, 3, 43).
cost(1, 4, 43).
cost(1, 5, 18).
cost(1, 6, 42).
cost(1, 7, 12).
cost(1, 8, 11).
cost(1, 9, 52).
cost(1, 10, 21).
cost(1, 11, 33).
cost(1, 12, 12).
cost(1, 13, 58).
cost(1, 14, 62).
cost(1, 15, 61).
cost(1, 16, 62).
cost(1, 17, 34).
cost(1, 18, 10).
cost(1, 19, 35).
cost(1, 20, 30).
cost(1, 21, 67).
cost(1, 22, 50).
cost(1, 23, 53).
cost(1, 24, 56).
cost(1, 25, 67).
cost(1, 26, 27).
cost(2, 1, 61).
cost(2, 3, 33).
cost(2, 4, 39).
cost(2, 5, 44).
cost(2, 6, 54).
cost(2, 7, 58).
cost(2, 8, 59).
cost(2, 9, 9).
cost(2, 10, 62).
cost(2, 11, 35).
cost(2, 12, 71).
cost(2, 13, 13).
cost(2, 14, 18).
cost(2, 15, 10).
cost(2, 16, 5).
cost(2, 17, 38).
cost(2, 18, 51).
cost(2, 19, 41).
cost(2, 20, 44).
cost(2, 21, 26).
cost(2, 22, 26).
cost(2, 23, 20).
cost(2, 24, 4).
cost(2, 25, 23).
cost(2, 26, 72).
cost(3, 1, 43).
cost(3, 2, 33).
cost(3, 4, 50).
cost(3, 5, 35).
cost(3, 6, 61).
cost(3, 7, 35).
cost(3, 8, 47).
cost(3, 9, 26).
cost(3, 10, 55).
cost(3, 11, 10).
cost(3, 12, 50).
cost(3, 13, 23).
cost(3, 14, 23).
cost(3, 15, 27).
cost(3, 16, 31).
cost(3, 17, 43).
cost(3, 18, 34).
cost(3, 19, 46).
cost(3, 20, 45).
cost(3, 21, 25).
cost(3, 22, 9).
cost(3, 23, 42).
cost(3, 24, 29).
cost(3, 25, 26).
cost(3, 26, 65).
cost(4, 1, 43).
cost(4, 2, 39).
cost(4, 3, 50).
cost(4, 5, 26).
cost(4, 6, 15).
cost(4, 7, 48).
cost(4, 8, 35).
cost(4, 9, 34).
cost(4, 10, 32).
cost(4, 11, 44).
cost(4, 12, 54).
cost(4, 13, 46).
cost(4, 14, 52).
cost(4, 15, 46).
cost(4, 16, 43).
cost(4, 17, 9).
cost(4, 18, 37).
cost(4, 19, 8).
cost(4, 20, 13).
cost(4, 21, 60).
cost(4, 22, 50).
cost(4, 23, 20).
cost(4, 24, 37).
cost(4, 25, 58).
cost(4, 26, 39).
cost(5, 1, 18).
cost(5, 2, 44).
cost(5, 3, 35).
cost(5, 4, 26).
cost(5, 6, 30).
cost(5, 7, 22).
cost(5, 8, 14).
cost(5, 9, 36).
cost(5, 10, 20).
cost(5, 11, 26).
cost(5, 12, 29).
cost(5, 13, 44).
cost(5, 14, 49).
cost(5, 15, 47).
cost(5, 16, 47).
cost(5, 17, 17).
cost(5, 18, 11).
cost(5, 19, 19).
cost(5, 20, 14).
cost(5, 21, 55).
cost(5, 22, 40).
cost(5, 23, 35).
cost(5, 24, 40).
cost(5, 25, 55).
cost(5, 26, 30).
cost(6, 1, 42).
cost(6, 2, 54).
cost(6, 3, 61).
cost(6, 4, 15).
cost(6, 5, 30).
cost(6, 7, 50).
cost(6, 8, 32).
cost(6, 9, 49).
cost(6, 10, 24).
cost(6, 11, 53).
cost(6, 12, 52).
cost(6, 13, 60).
cost(6, 14, 66).
cost(6, 15, 61).
cost(6, 16, 58).
cost(6, 17, 18).
cost(6, 18, 40).
cost(6, 19, 15).
cost(6, 20, 16).
cost(6, 21, 74).
cost(6, 22, 63).
cost(6, 23, 35).
cost(6, 24, 51).
cost(6, 25, 72).
cost(6, 26, 29).
cost(7, 1, 12).
cost(7, 2, 58).
cost(7, 3, 35).
cost(7, 4, 48).
cost(7, 5, 22).
cost(7, 6, 50).
cost(7, 8, 21).
cost(7, 9, 49).
cost(7, 10, 32).
cost(7, 11, 26).
cost(7, 12, 15).
cost(7, 13, 53).
cost(7, 14, 55).
cost(7, 15, 56).
cost(7, 16, 58).
cost(7, 17, 39).
cost(7, 18, 11).
cost(7, 19, 40).
cost(7, 20, 36).
cost(7, 21, 59).
cost(7, 22, 43).
cost(7, 23, 54).
cost(7, 24, 53).
cost(7, 25, 60).
cost(7, 26, 38).
cost(8, 1, 11).
cost(8, 2, 59).
cost(8, 3, 47).
cost(8, 4, 35).
cost(8, 5, 14).
cost(8, 6, 32).
cost(8, 7, 21).
cost(8, 9, 50).
cost(8, 10, 10).
cost(8, 11, 38).
cost(8, 12, 21).
cost(8, 13, 59).
cost(8, 14, 63).
cost(8, 15, 61).
cost(8, 16, 61).
cost(8, 17, 27).
cost(8, 18, 14).
cost(8, 19, 26).
cost(8, 20, 21).
cost(8, 21, 69).
cost(8, 22, 53).
cost(8, 23, 48).
cost(8, 24, 55).
cost(8, 25, 68).
cost(8, 26, 18).
cost(9, 1, 52).
cost(9, 2, 9).
cost(9, 3, 26).
cost(9, 4, 34).
cost(9, 5, 36).
cost(9, 6, 49).
cost(9, 7, 49).
cost(9, 8, 50).
cost(9, 10, 54).
cost(9, 11, 27).
cost(9, 12, 62).
cost(9, 13, 12).
cost(9, 14, 18).
cost(9, 15, 12).
cost(9, 16, 11).
cost(9, 17, 32).
cost(9, 18, 42).
cost(9, 19, 35).
cost(9, 20, 37).
cost(9, 21, 26).
cost(9, 22, 21).
cost(9, 23, 19).
cost(9, 24, 4).
cost(9, 25, 24).
cost(9, 26, 64).
cost(10, 1, 21).
cost(10, 2, 62).
cost(10, 3, 55).
cost(10, 4, 32).
cost(10, 5, 20).
cost(10, 6, 24).
cost(10, 7, 32).
cost(10, 8, 10).
cost(10, 9, 54).
cost(10, 11, 46).
cost(10, 12, 29).
cost(10, 13, 64).
cost(10, 14, 69).
cost(10, 15, 66).
cost(10, 16, 65).
cost(10, 17, 26).
cost(10, 18, 24).
cost(10, 19, 24).
cost(10, 20, 20).
cost(10, 21, 76).
cost(10, 22, 61).
cost(10, 23, 48).
cost(10, 24, 58).
cost(10, 25, 74).
cost(10, 26, 10).
cost(11, 1, 33).
cost(11, 2, 35).
cost(11, 3, 10).
cost(11, 4, 44).
cost(11, 5, 26).
cost(11, 6, 53).
cost(11, 7, 26).
cost(11, 8, 38).
cost(11, 9, 27).
cost(11, 10, 46).
cost(11, 12, 41).
cost(11, 13, 28).
cost(11, 14, 30).
cost(11, 15, 31).
cost(11, 16, 34).
cost(11, 17, 36).
cost(11, 18, 24).
cost(11, 19, 39).
cost(11, 20, 37).
cost(11, 21, 34).
cost(11, 22, 17).
cost(11, 23, 39).
cost(11, 24, 31).
cost(11, 25, 34).
cost(11, 26, 55).
cost(12, 1, 12).
cost(12, 2, 71).
cost(12, 3, 50).
cost(12, 4, 54).
cost(12, 5, 29).
cost(12, 6, 52).
cost(12, 7, 15).
cost(12, 8, 21).
cost(12, 9, 62).
cost(12, 10, 29).
cost(12, 11, 41).
cost(12, 13, 67).
cost(12, 14, 70).
cost(12, 15, 70).
cost(12, 16, 72).
cost(12, 17, 46).
cost(12, 18, 20).
cost(12, 19, 46).
cost(12, 20, 41).
cost(12, 21, 74).
cost(12, 22, 58).
cost(12, 23, 65).
cost(12, 24, 66).
cost(12, 25, 75).
cost(12, 26, 32).
cost(13, 1, 58).
cost(13, 2, 13).
cost(13, 3, 23).
cost(13, 4, 46).
cost(13, 5, 44).
cost(13, 6, 60).
cost(13, 7, 53).
cost(13, 8, 59).
cost(13, 9, 12).
cost(13, 10, 64).
cost(13, 11, 28).
cost(13, 12, 67).
cost(13, 14, 6).
cost(13, 15, 4).
cost(13, 16, 9).
cost(13, 17, 43).
cost(13, 18, 48).
cost(13, 19, 46).
cost(13, 20, 48).
cost(13, 21, 15).
cost(13, 22, 15).
cost(13, 23, 30).
cost(13, 24, 11).
cost(13, 25, 12).
cost(13, 26, 74).
cost(14, 1, 62).
cost(14, 2, 18).
cost(14, 3, 23).
cost(14, 4, 52).
cost(14, 5, 49).
cost(14, 6, 66).
cost(14, 7, 55).
cost(14, 8, 63).
cost(14, 9, 18).
cost(14, 10, 69).
cost(14, 11, 30).
cost(14, 12, 70).
cost(14, 13, 6).
cost(14, 15, 8).
cost(14, 16, 13).
cost(14, 17, 49).
cost(14, 18, 52).
cost(14, 19, 52).
cost(14, 20, 53).
cost(14, 21, 8).
cost(14, 22, 14).
cost(14, 23, 36).
cost(14, 24, 17).
cost(14, 25, 6).
cost(14, 26, 79).
cost(15, 1, 61).
cost(15, 2, 10).
cost(15, 3, 27).
cost(15, 4, 46).
cost(15, 5, 47).
cost(15, 6, 61).
cost(15, 7, 56).
cost(15, 8, 61).
cost(15, 9, 12).
cost(15, 10, 66).
cost(15, 11, 31).
cost(15, 12, 70).
cost(15, 13, 4).
cost(15, 14, 8).
cost(15, 16, 5).
cost(15, 17, 44).
cost(15, 18, 51).
cost(15, 19, 47).
cost(15, 20, 49).
cost(15, 21, 16).
cost(15, 22, 19).
cost(15, 23, 29).
cost(15, 24, 10).
cost(15, 25, 13).
cost(15, 26, 75).
cost(16, 1, 62).
cost(16, 2, 5).
cost(16, 3, 31).
cost(16, 4, 43).
cost(16, 5, 47).
cost(16, 6, 58).
cost(16, 7, 58).
cost(16, 8, 61).
cost(16, 9, 11).
cost(16, 10, 65).
cost(16, 11, 34).
cost(16, 12, 72).
cost(16, 13, 9).
cost(16, 14, 13).
cost(16, 15, 5).
cost(16, 17, 42).
cost(16, 18, 52).
cost(16, 19, 45).
cost(16, 20, 47).
cost(16, 21, 21).
cost(16, 22, 23).
cost(16, 23, 25).
cost(16, 24, 7).
cost(16, 25, 18).
cost(16, 26, 75).
cost(17, 1, 34).
cost(17, 2, 38).
cost(17, 3, 43).
cost(17, 4, 9).
cost(17, 5, 17).
cost(17, 6, 18).
cost(17, 7, 39).
cost(17, 8, 27).
cost(17, 9, 32).
cost(17, 10, 26).
cost(17, 11, 36).
cost(17, 12, 46).
cost(17, 13, 43).
cost(17, 14, 49).
cost(17, 15, 44).
cost(17, 16, 42).
cost(17, 18, 29).
cost(17, 19, 3).
cost(17, 20, 6).
cost(17, 21, 57).
cost(17, 22, 45).
cost(17, 23, 22).
cost(17, 24, 35).
cost(17, 25, 55).
cost(17, 26, 35).
cost(18, 1, 10).
cost(18, 2, 51).
cost(18, 3, 34).
cost(18, 4, 37).
cost(18, 5, 11).
cost(18, 6, 40).
cost(18, 7, 11).
cost(18, 8, 14).
cost(18, 9, 42).
cost(18, 10, 24).
cost(18, 11, 24).
cost(18, 12, 20).
cost(18, 13, 48).
cost(18, 14, 52).
cost(18, 15, 51).
cost(18, 16, 52).
cost(18, 17, 29).
cost(18, 19, 30).
cost(18, 20, 25).
cost(18, 21, 57).
cost(18, 22, 41).
cost(18, 23, 45).
cost(18, 24, 47).
cost(18, 25, 57).
cost(18, 26, 32).
cost(19, 1, 35).
cost(19, 2, 41).
cost(19, 3, 46).
cost(19, 4, 8).
cost(19, 5, 19).
cost(19, 6, 15).
cost(19, 7, 40).
cost(19, 8, 26).
cost(19, 9, 35).
cost(19, 10, 24).
cost(19, 11, 39).
cost(19, 12, 46).
cost(19, 13, 46).
cost(19, 14, 52).
cost(19, 15, 47).
cost(19, 16, 45).
cost(19, 17, 3).
cost(19, 18, 30).
cost(19, 20, 5).
cost(19, 21, 60).
cost(19, 22, 48).
cost(19, 23, 25).
cost(19, 24, 38).
cost(19, 25, 58).
cost(19, 26, 33).
cost(20, 1, 30).
cost(20, 2, 44).
cost(20, 3, 45).
cost(20, 4, 13).
cost(20, 5, 14).
cost(20, 6, 16).
cost(20, 7, 36).
cost(20, 8, 21).
cost(20, 9, 37).
cost(20, 10, 20).
cost(20, 11, 37).
cost(20, 12, 41).
cost(20, 13, 48).
cost(20, 14, 53).
cost(20, 15, 49).
cost(20, 16, 47).
cost(20, 17, 6).
cost(20, 18, 25).
cost(20, 19, 5).
cost(20, 21, 61).
cost(20, 22, 48).
cost(20, 23, 28).
cost(20, 24, 40).
cost(20, 25, 59).
cost(20, 26, 29).
cost(21, 1, 67).
cost(21, 2, 26).
cost(21, 3, 25).
cost(21, 4, 60).
cost(21, 5, 55).
cost(21, 6, 74).
cost(21, 7, 59).
cost(21, 8, 69).
cost(21, 9, 26).
cost(21, 10, 76).
cost(21, 11, 34).
cost(21, 12, 74).
cost(21, 13, 15).
cost(21, 14, 8).
cost(21, 15, 16).
cost(21, 16, 21).
cost(21, 17, 57).
cost(21, 18, 57).
cost(21, 19, 60).
cost(21, 20, 61).
cost(21, 22, 17).
cost(21, 23, 45).
cost(21, 24, 26).
cost(21, 25, 4).
cost(21, 26, 85).
cost(22, 1, 50).
cost(22, 2, 26).
cost(22, 3, 9).
cost(22, 4, 50).
cost(22, 5, 40).
cost(22, 6, 63).
cost(22, 7, 43).
cost(22, 8, 53).
cost(22, 9, 21).
cost(22, 10, 61).
cost(22, 11, 17).
cost(22, 12, 58).
cost(22, 13, 15).
cost(22, 14, 14).
cost(22, 15, 19).
cost(22, 16, 23).
cost(22, 17, 45).
cost(22, 18, 41).
cost(22, 19, 48).
cost(22, 20, 48).
cost(22, 21, 17).
cost(22, 23, 39).
cost(22, 24, 23).
cost(22, 25, 17).
cost(22, 26, 70).
cost(23, 1, 53).
cost(23, 2, 20).
cost(23, 3, 42).
cost(23, 4, 20).
cost(23, 5, 35).
cost(23, 6, 35).
cost(23, 7, 54).
cost(23, 8, 48).
cost(23, 9, 19).
cost(23, 10, 48).
cost(23, 11, 39).
cost(23, 12, 65).
cost(23, 13, 30).
cost(23, 14, 36).
cost(23, 15, 29).
cost(23, 16, 25).
cost(23, 17, 22).
cost(23, 18, 45).
cost(23, 19, 25).
cost(23, 20, 28).
cost(23, 21, 45).
cost(23, 22, 39).
cost(23, 24, 19).
cost(23, 25, 42).
cost(23, 26, 57).
cost(24, 1, 56).
cost(24, 2, 4).
cost(24, 3, 29).
cost(24, 4, 37).
cost(24, 5, 40).
cost(24, 6, 51).
cost(24, 7, 53).
cost(24, 8, 55).
cost(24, 9, 4).
cost(24, 10, 58).
cost(24, 11, 31).
cost(24, 12, 66).
cost(24, 13, 11).
cost(24, 14, 17).
cost(24, 15, 10).
cost(24, 16, 7).
cost(24, 17, 35).
cost(24, 18, 47).
cost(24, 19, 38).
cost(24, 20, 40).
cost(24, 21, 26).
cost(24, 22, 23).
cost(24, 23, 19).
cost(24, 25, 23).
cost(24, 26, 68).
cost(25, 1, 67).
cost(25, 2, 23).
cost(25, 3, 26).
cost(25, 4, 58).
cost(25, 5, 55).
cost(25, 6, 72).
cost(25, 7, 60).
cost(25, 8, 68).
cost(25, 9, 24).
cost(25, 10, 74).
cost(25, 11, 34).
cost(25, 12, 75).
cost(25, 13, 12).
cost(25, 14, 6).
cost(25, 15, 13).
cost(25, 16, 18).
cost(25, 17, 55).
cost(25, 18, 57).
cost(25, 19, 58).
cost(25, 20, 59).
cost(25, 21, 4).
cost(25, 22, 17).
cost(25, 23, 42).
cost(25, 24, 23).
cost(25, 26, 84).
cost(26, 1, 27).
cost(26, 2, 72).
cost(26, 3, 65).
cost(26, 4, 39).
cost(26, 5, 30).
cost(26, 6, 29).
cost(26, 7, 38).
cost(26, 8, 18).
cost(26, 9, 64).
cost(26, 10, 10).
cost(26, 11, 55).
cost(26, 12, 32).
cost(26, 13, 74).
cost(26, 14, 79).
cost(26, 15, 75).
cost(26, 16, 75).
cost(26, 17, 35).
cost(26, 18, 32).
cost(26, 19, 33).
cost(26, 20, 29).
cost(26, 21, 85).
cost(26, 22, 70).
cost(26, 23, 57).
cost(26, 24, 68).
cost(26, 25, 84).
