dimension(18).
point(1, 425046.0, 945599.0).
point(2, 388041.0, 41996.0).
point(3, 53224.0, 2565.0).
point(4, 119890.0, 680305.0).
point(5, 951048.0, 95891.0).
point(6, 196044.0, 82217.0).
point(7, 220957.0, 559058.0).
point(8, 361588.0, 183739.0).
point(9, 876528.0, 229237.0).
point(10, 417092.0, 361024.0).
point(11, 186956.0, 712356.0).
point(12, 840344.0, 975452.0).
point(13, 107695.0, 463089.0).
point(14, 848009.0, 982446.0).
point(15, 708527.0, 917859.0).
point(16, 26923.0, 118719.0).
point(17, 963041.0, 79326.0).
point(18, 907875.0, 824148.0).
cost(1, 2, 904360).
cost(1, 3, 1013689).
cost(1, 4, 404353).
cost(1, 5, 999341).
cost(1, 6, 893236).
cost(1, 7, 437111).
cost(1, 8, 764498).
cost(1, 9, 846765).
cost(1, 10, 584629).
cost(1, 11, 333300).
cost(1, 12, 416370).
cost(1, 13, 577518).
cost(1, 14, 424565).
cost(1, 15, 284835).
cost(1, 16, 917732).
cost(1, 17, 1019739).
cost(1, 18, 497870).
cost(2, 1, 904360).
cost(2, 3, 337131).
cost(2, 4, 692346).
cost(2, 5, 565581).
cost(2, 6, 196165).
cost(2, 7, 543388).
cost(2, 8, 144190).
cost(2, 9, 523143).
cost(2, 10, 320348).
cost(2, 11, 699870).
cost(2, 12, 1037265).
cost(2, 13, 505879).
cost(2, 14, 1046908).
cost(2, 15, 932656).
cost(2, 16, 369178).
cost(2, 17, 576210).
cost(2, 18, 939143).
cost(3, 1, 1013689).
cost(3, 2, 337131).
cost(3, 4, 681011).
cost(3, 5, 902661).
cost(3, 6, 163530).
cost(3, 7, 581222).
cost(3, 8, 357648).
cost(3, 9, 853938).
cost(3, 10, 510777).
cost(3, 11, 722279).
cost(3, 12, 1251426).
cost(3, 13, 463734).
cost(3, 14, 1261685).
cost(3, 15, 1125693).
cost(3, 16, 119094).
cost(3, 17, 913049).
cost(3, 18, 1185507).
cost(4, 1, 404353).
cost(4, 2, 692346).
cost(4, 3, 681011).
cost(4, 5, 1016053).
cost(4, 6, 602917).
cost(4, 7, 157846).
cost(4, 8, 552264).
cost(4, 9, 880888).
cost(4, 10, 436199).
cost(4, 11, 74331).
cost(4, 12, 778566).
cost(4, 13, 217558).
cost(4, 14, 788319).
cost(4, 15, 634764).
cost(4, 16, 569229).
cost(4, 17, 1035413).
cost(4, 18, 801006).
cost(5, 1, 999341).
cost(5, 2, 565581).
cost(5, 3, 902661).
cost(5, 4, 1016053).
cost(5, 6, 755128).
cost(5, 7, 864614).
cost(5, 8, 595970).
cost(5, 9, 152756).
cost(5, 10, 596158).
cost(5, 11, 981767).
cost(5, 12, 886500).
cost(5, 13, 919825).
cost(5, 14, 892523).
cost(5, 15, 856999).
cost(5, 16, 924407).
cost(5, 17, 20451).
cost(5, 18, 729536).
cost(6, 1, 893236).
cost(6, 2, 196165).
cost(6, 3, 163530).
cost(6, 4, 602917).
cost(6, 5, 755128).
cost(6, 7, 477491).
cost(6, 8, 194195).
cost(6, 9, 696185).
cost(6, 10, 355803).
cost(6, 11, 630205).
cost(6, 12, 1101359).
cost(6, 13, 390985).
cost(6, 14, 1111517).
cost(6, 15, 980274).
cost(6, 16, 173015).
cost(6, 17, 767002).
cost(6, 18, 1028185).
cost(7, 1, 437111).
cost(7, 2, 543388).
cost(7, 3, 581222).
cost(7, 4, 157846).
cost(7, 5, 864614).
cost(7, 6, 477491).
cost(7, 8, 400801).
cost(7, 9, 733863).
cost(7, 10, 278723).
cost(7, 11, 157023).
cost(7, 12, 746341).
cost(7, 13, 148453).
cost(7, 14, 756605).
cost(7, 15, 605362).
cost(7, 16, 481194).
cost(7, 17, 883647).
cost(7, 18, 736294).
cost(8, 1, 764498).
cost(8, 2, 144190).
cost(8, 3, 357648).
cost(8, 4, 552264).
cost(8, 5, 595970).
cost(8, 6, 194195).
cost(8, 7, 400801).
cost(8, 9, 516946).
cost(8, 10, 185770).
cost(8, 11, 556716).
cost(8, 12, 925212).
cost(8, 13, 377489).
cost(8, 14, 935168).
cost(8, 15, 811972).
cost(8, 16, 340923).
cost(8, 17, 610449).
cost(8, 18, 841756).
cost(9, 1, 846765).
cost(9, 2, 523143).
cost(9, 3, 853938).
cost(9, 4, 880888).
cost(9, 5, 152756).
cost(9, 6, 696185).
cost(9, 7, 733863).
cost(9, 8, 516946).
cost(9, 10, 477964).
cost(9, 11, 841970).
cost(9, 12, 747092).
cost(9, 13, 803611).
cost(9, 14, 753749).
cost(9, 15, 708819).
cost(9, 16, 856763).
cost(9, 17, 173083).
cost(9, 18, 595736).
cost(10, 1, 584629).
cost(10, 2, 320348).
cost(10, 3, 510777).
cost(10, 4, 436199).
cost(10, 5, 596158).
cost(10, 6, 355803).
cost(10, 7, 278723).
cost(10, 8, 185770).
cost(10, 9, 477964).
cost(10, 11, 419996).
cost(10, 12, 746099).
cost(10, 13, 325797).
cost(10, 14, 756211).
cost(10, 15, 628490).
cost(10, 16, 459286).
cost(10, 17, 614340).
cost(10, 18, 674798).
cost(11, 1, 333300).
cost(11, 2, 699870).
cost(11, 3, 722279).
cost(11, 4, 74331).
cost(11, 5, 981767).
cost(11, 6, 630205).
cost(11, 7, 157023).
cost(11, 8, 556716).
cost(11, 9, 841970).
cost(11, 10, 419996).
cost(11, 12, 704369).
cost(11, 13, 261565).
cost(11, 14, 714101).
cost(11, 15, 560596).
cost(11, 16, 614830).
cost(11, 17, 1001516).
cost(11, 18, 729535).
cost(12, 1, 416370).
cost(12, 2, 1037265).
cost(12, 3, 1251426).
cost(12, 4, 778566).
cost(12, 5, 886500).
cost(12, 6, 1101359).
cost(12, 7, 746341).
cost(12, 8, 925212).
cost(12, 9, 747092).
cost(12, 10, 746099).
cost(12, 11, 704369).
cost(12, 13, 894030).
cost(12, 14, 10376).
cost(12, 15, 143849).
cost(12, 16, 1181374).
cost(12, 17, 904487).
cost(12, 18, 165690).
cost(13, 1, 577518).
cost(13, 2, 505879).
cost(13, 3, 463734).
cost(13, 4, 217558).
cost(13, 5, 919825).
cost(13, 6, 390985).
cost(13, 7, 148453).
cost(13, 8, 377489).
cost(13, 9, 803611).
cost(13, 10, 325797).
cost(13, 11, 261565).
cost(13, 12, 894030).
cost(13, 14, 904321).
cost(13, 15, 753535).
cost(13, 16, 353716).
cost(13, 17, 937492).
cost(13, 18, 877868).
cost(14, 1, 424565).
cost(14, 2, 1046908).
cost(14, 3, 1261685).
cost(14, 4, 788319).
cost(14, 5, 892523).
cost(14, 6, 1111517).
cost(14, 7, 756605).
cost(14, 8, 935168).
cost(14, 9, 753749).
cost(14, 10, 756211).
cost(14, 11, 714101).
cost(14, 12, 10376).
cost(14, 13, 904321).
cost(14, 15, 153710).
cost(14, 16, 1191724).
cost(14, 17, 910416).
cost(14, 18, 169240).
cost(15, 1, 284835).
cost(15, 2, 932656).
cost(15, 3, 1125693).
cost(15, 4, 634764).
cost(15, 5, 856999).
cost(15, 6, 980274).
cost(15, 7, 605362).
cost(15, 8, 811972).
cost(15, 9, 708819).
cost(15, 10, 628490).
cost(15, 11, 560596).
cost(15, 12, 143849).
cost(15, 13, 753535).
cost(15, 14, 153710).
cost(15, 16, 1050337).
cost(15, 17, 876308).
cost(15, 18, 220276).
cost(16, 1, 917732).
cost(16, 2, 369178).
cost(16, 3, 119094).
cost(16, 4, 569229).
cost(16, 5, 924407).
cost(16, 6, 173015).
cost(16, 7, 481194).
cost(16, 8, 340923).
cost(16, 9, 856763).
cost(16, 10, 459286).
cost(16, 11, 614830).
cost(16, 12, 1181374).
cost(16, 13, 353716).
cost(16, 14, 1191724).
cost(16, 15, 1050337).
cost(16, 17, 936946).
cost(16, 18, 1128586).
cost(17, 1, 1019739).
cost(17, 2, 576210).
cost(17, 3, 913049).
cost(17, 4, 1035413).
cost(17, 5, 20451).
cost(17, 6, 767002).
cost(17, 7, 883647).
cost(17, 8, 610449).
cost(17, 9, 173083).
cost(17, 10, 614340).
cost(17, 11, 1001516).
cost(17, 12, 904487).
cost(17, 13, 937492).
cost(17, 14, 910416).
cost(17, 15, 876308).
cost(17, 16, 936946).
cost(17, 18, 746862).
cost(18, 1, 497870).
cost(18, 2, 939143).
cost(18, 3, 1185507).
cost(18, 4, 801006).
cost(18, 5, 729536).
cost(18, 6, 1028185).
cost(18, 7, 736294).
cost(18, 8, 841756).
cost(18, 9, 595736).
cost(18, 10, 674798).
cost(18, 11, 729535).
cost(18, 12, 165690).
cost(18, 13, 877868).
cost(18, 14, 169240).
cost(18, 15, 220276).
cost(18, 16, 1128586).
cost(18, 17, 746862).
