dimension(18).
point(1, 133098.0, 970971.0).
point(2, 220496.0, 446501.0).
point(3, 646269.0, 187216.0).
point(4, 183042.0, 358062.0).
point(5, 215406.0, 621235.0).
point(6, 265590.0, 110235.0).
point(7, 795373.0, 696680.0).
point(8, 158486.0, 499298.0).
point(9, 403004.0, 962072.0).
point(10, 302779.0, 878435.0).
point(11, 276762.0, 586866.0).
point(12, 954650.0, 420805.0).
point(13, 634006.0, 56263.0).
point(14, 461692.0, 152404.0).
point(15, 210649.0, 898967.0).
point(16, 546705.0, 26095.0).
point(17, 862431.0, 185050.0).
point(18, 65465.0, 862629.0).
cost(1, 2, 531702).
cost(1, 3, 936812).
cost(1, 4, 614941).
cost(1, 5, 359291).
cost(1, 6, 870873).
cost(1, 7, 716829).
cost(1, 8, 472356).
cost(1, 9, 270053).
cost(1, 10, 193273).
cost(1, 11, 410093).
cost(1, 12, 988752).
cost(1, 13, 1042880).
cost(1, 14, 882058).
cost(1, 15, 105824).
cost(1, 16, 1031437).
cost(1, 17, 1072193).
cost(1, 18, 127719).
cost(2, 1, 531702).
cost(2, 3, 498509).
cost(2, 4, 96043).
cost(2, 5, 174808).
cost(2, 6, 339276).
cost(2, 7, 626955).
cost(2, 8, 81442).
cost(2, 9, 546921).
cost(2, 10, 439702).
cost(2, 11, 151222).
cost(2, 12, 734604).
cost(2, 13, 568574).
cost(2, 14, 380353).
cost(2, 15, 452573).
cost(2, 16, 532122).
cost(2, 17, 693136).
cost(2, 18, 444069).
cost(3, 1, 936812).
cost(3, 2, 498509).
cost(3, 4, 493728).
cost(3, 5, 611568).
cost(3, 6, 388385).
cost(3, 7, 530835).
cost(3, 8, 579075).
cost(3, 9, 812145).
cost(3, 10, 771861).
cost(3, 11, 544294).
cost(3, 12, 386863).
cost(3, 13, 131526).
cost(3, 14, 187831).
cost(3, 15, 834478).
cost(3, 16, 189402).
cost(3, 17, 216173).
cost(3, 18, 890795).
cost(4, 1, 614941).
cost(4, 2, 96043).
cost(4, 3, 493728).
cost(4, 5, 265156).
cost(4, 6, 261213).
cost(4, 7, 699722).
cost(4, 8, 143355).
cost(4, 9, 642815).
cost(4, 10, 533971).
cost(4, 11, 247254).
cost(4, 12, 774155).
cost(4, 13, 542634).
cost(4, 14, 346325).
cost(4, 15, 541609).
cost(4, 16, 492395).
cost(4, 17, 701072).
cost(4, 18, 518085).
cost(5, 1, 359291).
cost(5, 2, 174808).
cost(5, 3, 611568).
cost(5, 4, 265156).
cost(5, 6, 513458).
cost(5, 7, 584854).
cost(5, 8, 134568).
cost(5, 9, 389054).
cost(5, 10, 271636).
cost(5, 11, 70326).
cost(5, 12, 765933).
cost(5, 13, 703150).
cost(5, 14, 529584).
cost(5, 15, 277773).
cost(5, 16, 681139).
cost(5, 17, 780320).
cost(5, 18, 284171).
cost(6, 1, 870873).
cost(6, 2, 339276).
cost(6, 3, 388385).
cost(6, 4, 261213).
cost(6, 5, 513458).
cost(6, 7, 790309).
cost(6, 8, 403536).
cost(6, 9, 862849).
cost(6, 10, 769100).
cost(6, 11, 476762).
cost(6, 12, 755816).
cost(6, 13, 372348).
cost(6, 14, 200585).
cost(6, 15, 790643).
cost(6, 16, 293437).
cost(6, 17, 601512).
cost(6, 18, 778554).
cost(7, 1, 716829).
cost(7, 2, 626955).
cost(7, 3, 530835).
cost(7, 4, 699722).
cost(7, 5, 584854).
cost(7, 6, 790309).
cost(7, 8, 666772).
cost(7, 9, 473694).
cost(7, 10, 525056).
cost(7, 11, 530110).
cost(7, 12, 318553).
cost(7, 13, 660434).
cost(7, 14, 638419).
cost(7, 15, 618726).
cost(7, 16, 715206).
cost(7, 17, 516006).
cost(7, 18, 748535).
cost(8, 1, 472356).
cost(8, 2, 81442).
cost(8, 3, 579075).
cost(8, 4, 143355).
cost(8, 5, 134568).
cost(8, 6, 403536).
cost(8, 7, 666772).
cost(8, 9, 523401).
cost(8, 10, 405667).
cost(8, 11, 147164).
cost(8, 12, 800024).
cost(8, 13, 649923).
cost(8, 14, 460727).
cost(8, 15, 403059).
cost(8, 16, 612074).
cost(8, 17, 770902).
cost(8, 18, 375050).
cost(9, 1, 270053).
cost(9, 2, 546921).
cost(9, 3, 812145).
cost(9, 4, 642815).
cost(9, 5, 389054).
cost(9, 6, 862849).
cost(9, 7, 473694).
cost(9, 8, 523401).
cost(9, 10, 130538).
cost(9, 11, 395874).
cost(9, 12, 772841).
cost(9, 13, 934800).
cost(9, 14, 811792).
cost(9, 15, 202442).
cost(9, 16, 946944).
cost(9, 17, 902683).
cost(9, 18, 351883).
cost(10, 1, 193273).
cost(10, 2, 439702).
cost(10, 3, 771861).
cost(10, 4, 533971).
cost(10, 5, 271636).
cost(10, 6, 769100).
cost(10, 7, 525056).
cost(10, 8, 405667).
cost(10, 9, 130538).
cost(10, 11, 292727).
cost(10, 12, 796468).
cost(10, 13, 886385).
cost(10, 14, 743219).
cost(10, 15, 94390).
cost(10, 16, 886557).
cost(10, 17, 891063).
cost(10, 18, 237840).
cost(11, 1, 410093).
cost(11, 2, 151222).
cost(11, 3, 544294).
cost(11, 4, 247254).
cost(11, 5, 70326).
cost(11, 6, 476762).
cost(11, 7, 530110).
cost(11, 8, 147164).
cost(11, 9, 395874).
cost(11, 10, 292727).
cost(11, 12, 697932).
cost(11, 13, 639658).
cost(11, 14, 472183).
cost(11, 15, 319027).
cost(11, 16, 622361).
cost(11, 17, 710256).
cost(11, 18, 347407).
cost(12, 1, 988752).
cost(12, 2, 734604).
cost(12, 3, 386863).
cost(12, 4, 774155).
cost(12, 5, 765933).
cost(12, 6, 755816).
cost(12, 7, 318553).
cost(12, 8, 800024).
cost(12, 9, 772841).
cost(12, 10, 796468).
cost(12, 11, 697932).
cost(12, 13, 485493).
cost(12, 14, 561290).
cost(12, 15, 884407).
cost(12, 16, 567640).
cost(12, 17, 253150).
cost(12, 18, 992904).
cost(13, 1, 1042880).
cost(13, 2, 568574).
cost(13, 3, 131526).
cost(13, 4, 542634).
cost(13, 5, 703150).
cost(13, 6, 372348).
cost(13, 7, 660434).
cost(13, 8, 649923).
cost(13, 9, 934800).
cost(13, 10, 886385).
cost(13, 11, 639658).
cost(13, 12, 485493).
cost(13, 14, 197320).
cost(13, 15, 943070).
cost(13, 16, 92367).
cost(13, 17, 262229).
cost(13, 18, 986643).
cost(14, 1, 882058).
cost(14, 2, 380353).
cost(14, 3, 187831).
cost(14, 4, 346325).
cost(14, 5, 529584).
cost(14, 6, 200585).
cost(14, 7, 638419).
cost(14, 8, 460727).
cost(14, 9, 811792).
cost(14, 10, 743219).
cost(14, 11, 472183).
cost(14, 12, 561290).
cost(14, 13, 197320).
cost(14, 15, 787641).
cost(14, 16, 152254).
cost(14, 17, 402067).
cost(14, 18, 813274).
cost(15, 1, 105824).
cost(15, 2, 452573).
cost(15, 3, 834478).
cost(15, 4, 541609).
cost(15, 5, 277773).
cost(15, 6, 790643).
cost(15, 7, 618726).
cost(15, 8, 403059).
cost(15, 9, 202442).
cost(15, 10, 94390).
cost(15, 11, 319027).
cost(15, 12, 884407).
cost(15, 13, 943070).
cost(15, 14, 787641).
cost(15, 16, 935328).
cost(15, 17, 966694).
cost(15, 18, 149662).
cost(16, 1, 1031437).
cost(16, 2, 532122).
cost(16, 3, 189402).
cost(16, 4, 492395).
cost(16, 5, 681139).
cost(16, 6, 293437).
cost(16, 7, 715206).
cost(16, 8, 612074).
cost(16, 9, 946944).
cost(16, 10, 886557).
cost(16, 11, 622361).
cost(16, 12, 567640).
cost(16, 13, 92367).
cost(16, 14, 152254).
cost(16, 15, 935328).
cost(16, 17, 353482).
cost(16, 18, 965081).
cost(17, 1, 1072193).
cost(17, 2, 693136).
cost(17, 3, 216173).
cost(17, 4, 701072).
cost(17, 5, 780320).
cost(17, 6, 601512).
cost(17, 7, 516006).
cost(17, 8, 770902).
cost(17, 9, 902683).
cost(17, 10, 891063).
cost(17, 11, 710256).
cost(17, 12, 253150).
cost(17, 13, 262229).
cost(17, 14, 402067).
cost(17, 15, 966694).
cost(17, 16, 353482).
cost(17, 18, 1046073).
cost(18, 1, 127719).
cost(18, 2, 444069).
cost(18, 3, 890795).
cost(18, 4, 518085).
cost(18, 5, 284171).
cost(18, 6, 778554).
cost(18, 7, 748535).
cost(18, 8, 375050).
cost(18, 9, 351883).
cost(18, 10, 237840).
cost(18, 11, 347407).
cost(18, 12, 992904).
cost(18, 13, 986643).
cost(18, 14, 813274).
cost(18, 15, 149662).
cost(18, 16, 965081).
cost(18, 17, 1046073).
