dimension(18).
point(1, 106257.0, 219731.0).
point(2, 112311.0, 98153.0).
point(3, 669451.0, 571712.0).
point(4, 639203.0, 98872.0).
point(5, 334213.0, 870087.0).
point(6, 33772.0, 683509.0).
point(7, 213987.0, 571274.0).
point(8, 168828.0, 780767.0).
point(9, 981416.0, 519290.0).
point(10, 683823.0, 820398.0).
point(11, 977411.0, 671834.0).
point(12, 573629.0, 936296.0).
point(13, 879636.0, 79015.0).
point(14, 749414.0, 252542.0).
point(15, 203576.0, 961940.0).
point(16, 480765.0, 334842.0).
point(17, 864465.0, 832636.0).
point(18, 873498.0, 401024.0).
cost(1, 2, 121729).
cost(1, 3, 664137).
cost(1, 4, 546478).
cost(1, 5, 689149).
cost(1, 6, 469408).
cost(1, 7, 367680).
cost(1, 8, 564514).
cost(1, 9, 925007).
cost(1, 10, 833297).
cost(1, 11, 981482).
cost(1, 12, 855513).
cost(1, 13, 786076).
cost(1, 14, 643993).
cost(1, 15, 748562).
cost(1, 16, 391799).
cost(1, 17, 974952).
cost(1, 18, 788369).
cost(2, 1, 121729).
cost(2, 3, 731207).
cost(2, 4, 526892).
cost(2, 5, 803195).
cost(2, 6, 590601).
cost(2, 7, 483923).
cost(2, 8, 684950).
cost(2, 9, 965764).
cost(2, 10, 921012).
cost(2, 11, 1038031).
cost(2, 12, 956712).
cost(2, 13, 767564).
cost(2, 14, 655543).
cost(2, 15, 868595).
cost(2, 16, 437927).
cost(2, 17, 1051285).
cost(2, 18, 819229).
cost(3, 1, 664137).
cost(3, 2, 731207).
cost(3, 4, 473807).
cost(3, 5, 448790).
cost(3, 6, 645435).
cost(3, 7, 455464).
cost(3, 8, 542519).
cost(3, 9, 316339).
cost(3, 10, 249101).
cost(3, 11, 323827).
cost(3, 12, 376966).
cost(3, 13, 535657).
cost(3, 14, 329034).
cost(3, 15, 607715).
cost(3, 16, 302836).
cost(3, 17, 325748).
cost(3, 18, 266026).
cost(4, 1, 546478).
cost(4, 2, 526892).
cost(4, 3, 473807).
cost(4, 5, 829332).
cost(4, 6, 841634).
cost(4, 7, 635588).
cost(4, 8, 828392).
cost(4, 9, 542090).
cost(4, 10, 722904).
cost(4, 11, 665335).
cost(4, 12, 839987).
cost(4, 13, 241252).
cost(4, 14, 189106).
cost(4, 15, 966777).
cost(4, 16, 284226).
cost(4, 17, 767563).
cost(4, 18, 382348).
cost(5, 1, 689149).
cost(5, 2, 803195).
cost(5, 3, 448790).
cost(5, 4, 829332).
cost(5, 6, 353661).
cost(5, 7, 322092).
cost(5, 8, 187963).
cost(5, 9, 736159).
cost(5, 10, 353123).
cost(5, 11, 673059).
cost(5, 12, 248402).
cost(5, 13, 960875).
cost(5, 14, 744146).
cost(5, 15, 159697).
cost(5, 16, 554946).
cost(5, 17, 531573).
cost(5, 18, 714737).
cost(6, 1, 469408).
cost(6, 2, 590601).
cost(6, 3, 645435).
cost(6, 4, 841634).
cost(6, 5, 353661).
cost(6, 7, 212307).
cost(6, 8, 166431).
cost(6, 9, 961768).
cost(6, 10, 664308).
cost(6, 11, 943711).
cost(6, 12, 596110).
cost(6, 13, 1039663).
cost(6, 14, 835390).
cost(6, 15, 326125).
cost(6, 16, 566896).
cost(6, 17, 843973).
cost(6, 18, 885967).
cost(7, 1, 367680).
cost(7, 2, 483923).
cost(7, 3, 455464).
cost(7, 4, 635588).
cost(7, 5, 322092).
cost(7, 6, 212307).
cost(7, 8, 214305).
cost(7, 9, 769188).
cost(7, 10, 531798).
cost(7, 11, 770019).
cost(7, 12, 512429).
cost(7, 13, 827893).
cost(7, 14, 623115).
cost(7, 15, 390805).
cost(7, 16, 356470).
cost(7, 17, 701022).
cost(7, 18, 681131).
cost(8, 1, 564514).
cost(8, 2, 684950).
cost(8, 3, 542519).
cost(8, 4, 828392).
cost(8, 5, 187963).
cost(8, 6, 166431).
cost(8, 7, 214305).
cost(8, 9, 853621).
cost(8, 10, 516518).
cost(8, 11, 815888).
cost(8, 12, 433651).
cost(8, 13, 998851).
cost(8, 14, 784921).
cost(8, 15, 184475).
cost(8, 16, 544200).
cost(8, 17, 697568).
cost(8, 18, 800478).
cost(9, 1, 925007).
cost(9, 2, 965764).
cost(9, 3, 316339).
cost(9, 4, 542090).
cost(9, 5, 736159).
cost(9, 6, 961768).
cost(9, 7, 769188).
cost(9, 8, 853621).
cost(9, 10, 423353).
cost(9, 11, 152597).
cost(9, 12, 583253).
cost(9, 13, 451886).
cost(9, 14, 353524).
cost(9, 15, 894972).
cost(9, 16, 533547).
cost(9, 17, 334460).
cost(9, 18, 160104).
cost(10, 1, 833297).
cost(10, 2, 921012).
cost(10, 3, 249101).
cost(10, 4, 722904).
cost(10, 5, 353123).
cost(10, 6, 664308).
cost(10, 7, 531798).
cost(10, 8, 516518).
cost(10, 9, 423353).
cost(10, 11, 329037).
cost(10, 12, 159922).
cost(10, 13, 766806).
cost(10, 14, 571632).
cost(10, 15, 500671).
cost(10, 16, 526305).
cost(10, 17, 181056).
cost(10, 18, 460273).
cost(11, 1, 981482).
cost(11, 2, 1038031).
cost(11, 3, 323827).
cost(11, 4, 665335).
cost(11, 5, 673059).
cost(11, 6, 943711).
cost(11, 7, 770019).
cost(11, 8, 815888).
cost(11, 9, 152597).
cost(11, 10, 329037).
cost(11, 12, 482680).
cost(11, 13, 600828).
cost(11, 14, 477272).
cost(11, 15, 826427).
cost(11, 16, 600184).
cost(11, 17, 196505).
cost(11, 18, 290062).
cost(12, 1, 855513).
cost(12, 2, 956712).
cost(12, 3, 376966).
cost(12, 4, 839987).
cost(12, 5, 248402).
cost(12, 6, 596110).
cost(12, 7, 512429).
cost(12, 8, 433651).
cost(12, 9, 583253).
cost(12, 10, 159922).
cost(12, 11, 482680).
cost(12, 13, 910259).
cost(12, 14, 705989).
cost(12, 15, 370940).
cost(12, 16, 608581).
cost(12, 17, 308757).
cost(12, 18, 613545).
cost(13, 1, 786076).
cost(13, 2, 767564).
cost(13, 3, 535657).
cost(13, 4, 241252).
cost(13, 5, 960875).
cost(13, 6, 1039663).
cost(13, 7, 827893).
cost(13, 8, 998851).
cost(13, 9, 451886).
cost(13, 10, 766806).
cost(13, 11, 600828).
cost(13, 12, 910259).
cost(13, 14, 216955).
cost(13, 15, 1112031).
cost(13, 16, 473862).
cost(13, 17, 753774).
cost(13, 18, 322067).
cost(14, 1, 643993).
cost(14, 2, 655543).
cost(14, 3, 329034).
cost(14, 4, 189106).
cost(14, 5, 744146).
cost(14, 6, 835390).
cost(14, 7, 623115).
cost(14, 8, 784921).
cost(14, 9, 353524).
cost(14, 10, 571632).
cost(14, 11, 477272).
cost(14, 12, 705989).
cost(14, 13, 216955).
cost(14, 15, 895089).
cost(14, 16, 280973).
cost(14, 17, 591393).
cost(14, 18, 193504).
cost(15, 1, 748562).
cost(15, 2, 868595).
cost(15, 3, 607715).
cost(15, 4, 966777).
cost(15, 5, 159697).
cost(15, 6, 326125).
cost(15, 7, 390805).
cost(15, 8, 184475).
cost(15, 9, 894972).
cost(15, 10, 500671).
cost(15, 11, 826427).
cost(15, 12, 370940).
cost(15, 13, 1112031).
cost(15, 14, 895089).
cost(15, 16, 685628).
cost(15, 17, 673419).
cost(15, 18, 873740).
cost(16, 1, 391799).
cost(16, 2, 437927).
cost(16, 3, 302836).
cost(16, 4, 284226).
cost(16, 5, 554946).
cost(16, 6, 566896).
cost(16, 7, 356470).
cost(16, 8, 544200).
cost(16, 9, 533547).
cost(16, 10, 526305).
cost(16, 11, 600184).
cost(16, 12, 608581).
cost(16, 13, 473862).
cost(16, 14, 280973).
cost(16, 15, 685628).
cost(16, 17, 628510).
cost(16, 18, 398270).
cost(17, 1, 974952).
cost(17, 2, 1051285).
cost(17, 3, 325748).
cost(17, 4, 767563).
cost(17, 5, 531573).
cost(17, 6, 843973).
cost(17, 7, 701022).
cost(17, 8, 697568).
cost(17, 9, 334460).
cost(17, 10, 181056).
cost(17, 11, 196505).
cost(17, 12, 308757).
cost(17, 13, 753774).
cost(17, 14, 591393).
cost(17, 15, 673419).
cost(17, 16, 628510).
cost(17, 18, 431707).
cost(18, 1, 788369).
cost(18, 2, 819229).
cost(18, 3, 266026).
cost(18, 4, 382348).
cost(18, 5, 714737).
cost(18, 6, 885967).
cost(18, 7, 681131).
cost(18, 8, 800478).
cost(18, 9, 160104).
cost(18, 10, 460273).
cost(18, 11, 290062).
cost(18, 12, 613545).
cost(18, 13, 322067).
cost(18, 14, 193504).
cost(18, 15, 873740).
cost(18, 16, 398270).
cost(18, 17, 431707).
