dimension(18).
point(1, 522362.0, 270475.0).
point(2, 777222.0, 907162.0).
point(3, 855542.0, 941014.0).
point(4, 765506.0, 454386.0).
point(5, 862929.0, 920776.0).
point(6, 172863.0, 739545.0).
point(7, 362819.0, 846518.0).
point(8, 762623.0, 411886.0).
point(9, 34369.0, 984959.0).
point(10, 455196.0, 855221.0).
point(11, 157021.0, 420853.0).
point(12, 802242.0, 827001.0).
point(13, 932258.0, 265364.0).
point(14, 976781.0, 592459.0).
point(15, 207820.0, 924157.0).
point(16, 520329.0, 149593.0).
point(17, 663245.0, 44085.0).
point(18, 188678.0, 477987.0).
cost(1, 2, 685802).
cost(1, 3, 748753).
cost(1, 4, 304864).
cost(1, 5, 734083).
cost(1, 6, 584958).
cost(1, 7, 597729).
cost(1, 8, 278787).
cost(1, 9, 865231).
cost(1, 10, 588591).
cost(1, 11, 395079).
cost(1, 12, 622940).
cost(1, 13, 409928).
cost(1, 14, 556929).
cost(1, 15, 725422).
cost(1, 16, 120899).
cost(1, 17, 266647).
cost(1, 18, 392946).
cost(2, 1, 685802).
cost(2, 3, 85323).
cost(2, 4, 452928).
cost(2, 5, 86782).
cost(2, 6, 627172).
cost(2, 7, 418817).
cost(2, 8, 495491).
cost(2, 9, 746916).
cost(2, 10, 326188).
cost(2, 11, 788128).
cost(2, 12, 83975).
cost(2, 13, 660258).
cost(2, 14, 372642).
cost(2, 15, 569656).
cost(2, 16, 799940).
cost(2, 17, 870570).
cost(2, 18, 728406).
cost(3, 1, 748753).
cost(3, 2, 85323).
cost(3, 4, 494887).
cost(3, 5, 21544).
cost(3, 6, 711787).
cost(3, 7, 501703).
cost(3, 8, 537225).
cost(3, 9, 822348).
cost(3, 10, 409435).
cost(3, 11, 870919).
cost(3, 12, 125856).
cost(3, 13, 679991).
cost(3, 14, 369039).
cost(3, 15, 647941).
cost(3, 16, 859485).
cost(3, 17, 917311).
cost(3, 18, 811851).
cost(4, 1, 304864).
cost(4, 2, 452928).
cost(4, 3, 494887).
cost(4, 5, 476457).
cost(4, 6, 657679).
cost(4, 7, 562071).
cost(4, 8, 42598).
cost(4, 9, 903365).
cost(4, 10, 506913).
cost(4, 11, 609408).
cost(4, 12, 374422).
cost(4, 13, 252063).
cost(4, 14, 252391).
cost(4, 15, 729177).
cost(4, 16, 391166).
cost(4, 17, 422852).
cost(4, 18, 577311).
cost(5, 1, 734083).
cost(5, 2, 86782).
cost(5, 3, 21544).
cost(5, 4, 476457).
cost(5, 6, 713467).
cost(5, 7, 505593).
cost(5, 8, 518681).
cost(5, 9, 831042).
cost(5, 10, 412969).
cost(5, 11, 865002).
cost(5, 12, 111699).
cost(5, 13, 659069).
cost(5, 14, 347497).
cost(5, 15, 655118).
cost(5, 16, 843859).
cost(5, 17, 899144).
cost(5, 18, 806645).
cost(6, 1, 584958).
cost(6, 2, 627172).
cost(6, 3, 711787).
cost(6, 4, 657679).
cost(6, 5, 713467).
cost(6, 7, 218006).
cost(6, 8, 674668).
cost(6, 9, 281795).
cost(6, 10, 305111).
cost(6, 11, 319086).
cost(6, 12, 635426).
cost(6, 13, 895281).
cost(6, 14, 817263).
cost(6, 15, 187892).
cost(6, 16, 684672).
cost(6, 17, 850964).
cost(6, 18, 262036).
cost(7, 1, 597729).
cost(7, 2, 418817).
cost(7, 3, 501703).
cost(7, 4, 562071).
cost(7, 5, 505593).
cost(7, 6, 218006).
cost(7, 8, 590549).
cost(7, 9, 356434).
cost(7, 10, 92786).
cost(7, 11, 472804).
cost(7, 12, 439856).
cost(7, 13, 813634).
cost(7, 14, 664451).
cost(7, 15, 173357).
cost(7, 16, 714503).
cost(7, 17, 856828).
cost(7, 18, 407603).
cost(8, 1, 278787).
cost(8, 2, 495491).
cost(8, 3, 537225).
cost(8, 4, 42598).
cost(8, 5, 518681).
cost(8, 6, 674668).
cost(8, 7, 590549).
cost(8, 9, 926697).
cost(8, 10, 539497).
cost(8, 11, 605668).
cost(8, 12, 417001).
cost(8, 13, 224153).
cost(8, 14, 280125).
cost(8, 15, 755134).
cost(8, 16, 357077).
cost(8, 17, 380990).
cost(8, 18, 577739).
cost(9, 1, 865231).
cost(9, 2, 746916).
cost(9, 3, 822348).
cost(9, 4, 903365).
cost(9, 5, 831042).
cost(9, 6, 281795).
cost(9, 7, 356434).
cost(9, 8, 926697).
cost(9, 10, 440372).
cost(9, 11, 577286).
cost(9, 12, 783951).
cost(9, 13, 1150661).
cost(9, 14, 1020880).
cost(9, 15, 183799).
cost(9, 16, 966433).
cost(9, 17, 1131693).
cost(9, 18, 529936).
cost(10, 1, 588591).
cost(10, 2, 326188).
cost(10, 3, 409435).
cost(10, 4, 506913).
cost(10, 5, 412969).
cost(10, 6, 305111).
cost(10, 7, 92786).
cost(10, 8, 539497).
cost(10, 9, 440372).
cost(10, 11, 526862).
cost(10, 12, 348191).
cost(10, 13, 758630).
cost(10, 14, 584033).
cost(10, 15, 256802).
cost(10, 16, 708628).
cost(10, 17, 837392).
cost(10, 18, 461885).
cost(11, 1, 395079).
cost(11, 2, 788128).
cost(11, 3, 870919).
cost(11, 4, 609408).
cost(11, 5, 865002).
cost(11, 6, 319086).
cost(11, 7, 472804).
cost(11, 8, 605668).
cost(11, 9, 577286).
cost(11, 10, 526862).
cost(11, 12, 762408).
cost(11, 13, 790676).
cost(11, 14, 837529).
cost(11, 15, 505861).
cost(11, 16, 453403).
cost(11, 17, 631044).
cost(11, 18, 65318).
cost(12, 1, 622940).
cost(12, 2, 83975).
cost(12, 3, 125856).
cost(12, 4, 374422).
cost(12, 5, 111699).
cost(12, 6, 635426).
cost(12, 7, 439856).
cost(12, 8, 417001).
cost(12, 9, 783951).
cost(12, 10, 348191).
cost(12, 11, 762408).
cost(12, 13, 576490).
cost(12, 14, 292359).
cost(12, 15, 602310).
cost(12, 16, 733728).
cost(12, 17, 795159).
cost(12, 18, 705884).
cost(13, 1, 409928).
cost(13, 2, 660258).
cost(13, 3, 679991).
cost(13, 4, 252063).
cost(13, 5, 659069).
cost(13, 6, 895281).
cost(13, 7, 813634).
cost(13, 8, 224153).
cost(13, 9, 1150661).
cost(13, 10, 758630).
cost(13, 11, 790676).
cost(13, 12, 576490).
cost(13, 14, 330111).
cost(13, 15, 979193).
cost(13, 16, 427888).
cost(13, 17, 348328).
cost(13, 18, 773382).
cost(14, 1, 556929).
cost(14, 2, 372642).
cost(14, 3, 369039).
cost(14, 4, 252391).
cost(14, 5, 347497).
cost(14, 6, 817263).
cost(14, 7, 664451).
cost(14, 8, 280125).
cost(14, 9, 1020880).
cost(14, 10, 584033).
cost(14, 11, 837529).
cost(14, 12, 292359).
cost(14, 13, 330111).
cost(14, 15, 837451).
cost(14, 16, 635986).
cost(14, 17, 631679).
cost(14, 18, 796373).
cost(15, 1, 725422).
cost(15, 2, 569656).
cost(15, 3, 647941).
cost(15, 4, 729177).
cost(15, 5, 655118).
cost(15, 6, 187892).
cost(15, 7, 173357).
cost(15, 8, 755134).
cost(15, 9, 183799).
cost(15, 10, 256802).
cost(15, 11, 505861).
cost(15, 12, 602310).
cost(15, 13, 979193).
cost(15, 14, 837451).
cost(15, 16, 835231).
cost(15, 17, 990928).
cost(15, 18, 446580).
cost(16, 1, 120899).
cost(16, 2, 799940).
cost(16, 3, 859485).
cost(16, 4, 391166).
cost(16, 5, 843859).
cost(16, 6, 684672).
cost(16, 7, 714503).
cost(16, 8, 357077).
cost(16, 9, 966433).
cost(16, 10, 708628).
cost(16, 11, 453403).
cost(16, 12, 733728).
cost(16, 13, 427888).
cost(16, 14, 635986).
cost(16, 15, 835231).
cost(16, 17, 177643).
cost(16, 18, 466728).
cost(17, 1, 266647).
cost(17, 2, 870570).
cost(17, 3, 917311).
cost(17, 4, 422852).
cost(17, 5, 899144).
cost(17, 6, 850964).
cost(17, 7, 856828).
cost(17, 8, 380990).
cost(17, 9, 1131693).
cost(17, 10, 837392).
cost(17, 11, 631044).
cost(17, 12, 795159).
cost(17, 13, 348328).
cost(17, 14, 631679).
cost(17, 15, 990928).
cost(17, 16, 177643).
cost(17, 18, 643028).
cost(18, 1, 392946).
cost(18, 2, 728406).
cost(18, 3, 811851).
cost(18, 4, 577311).
cost(18, 5, 806645).
cost(18, 6, 262036).
cost(18, 7, 407603).
cost(18, 8, 577739).
cost(18, 9, 529936).
cost(18, 10, 461885).
cost(18, 11, 65318).
cost(18, 12, 705884).
cost(18, 13, 773382).
cost(18, 14, 796373).
cost(18, 15, 446580).
cost(18, 16, 466728).
cost(18, 17, 643028).
