dimension(18).
point(1, 911625.0, 569979.0).
point(2, 333948.0, 367823.0).
point(3, 64814.0, 694813.0).
point(4, 347971.0, 550710.0).
point(5, 510452.0, 220317.0).
point(6, 80136.0, 368854.0).
point(7, 930264.0, 996356.0).
point(8, 366760.0, 324473.0).
point(9, 665734.0, 7846.0).
point(10, 607614.0, 832006.0).
point(11, 37281.0, 254841.0).
point(12, 649833.0, 233197.0).
point(13, 230510.0, 474465.0).
point(14, 491870.0, 32514.0).
point(15, 204991.0, 949346.0).
point(16, 493953.0, 273092.0).
point(17, 464058.0, 903119.0).
point(18, 311891.0, 93345.0).
cost(1, 2, 612028).
cost(1, 3, 855963).
cost(1, 4, 563983).
cost(1, 5, 532168).
cost(1, 6, 855468).
cost(1, 7, 426784).
cost(1, 8, 597621).
cost(1, 9, 613560).
cost(1, 10, 401349).
cost(1, 11, 929403).
cost(1, 12, 426564).
cost(1, 13, 687779).
cost(1, 14, 681955).
cost(1, 15, 802029).
cost(1, 16, 512437).
cost(1, 17, 557941).
cost(1, 18, 766068).
cost(2, 1, 612028).
cost(2, 3, 423504).
cost(2, 4, 183424).
cost(2, 5, 230025).
cost(2, 6, 253814).
cost(2, 7, 866399).
cost(2, 8, 54368).
cost(2, 9, 489556).
cost(2, 10, 538850).
cost(2, 11, 317453).
cost(2, 12, 343377).
cost(2, 13, 148566).
cost(2, 14, 370637).
cost(2, 15, 595650).
cost(2, 16, 185945).
cost(2, 17, 550881).
cost(2, 18, 275363).
cost(3, 1, 855963).
cost(3, 2, 423504).
cost(3, 4, 317716).
cost(3, 5, 650953).
cost(3, 6, 326319).
cost(3, 7, 916478).
cost(3, 8, 477832).
cost(3, 9, 912704).
cost(3, 10, 559869).
cost(3, 11, 440833).
cost(3, 12, 745209).
cost(3, 13, 275696).
cost(3, 14, 788046).
cost(3, 15, 290580).
cost(3, 16, 601672).
cost(3, 17, 450319).
cost(3, 18, 650239).
cost(4, 1, 563983).
cost(4, 2, 183424).
cost(4, 3, 317716).
cost(4, 5, 368184).
cost(4, 6, 323739).
cost(4, 7, 733257).
cost(4, 8, 227016).
cost(4, 9, 629027).
cost(4, 10, 382808).
cost(4, 11, 429030).
cost(4, 12, 438104).
cost(4, 13, 140037).
cost(4, 14, 537805).
cost(4, 15, 423502).
cost(4, 16, 313660).
cost(4, 17, 371037).
cost(4, 18, 458786).
cost(5, 1, 532168).
cost(5, 2, 230025).
cost(5, 3, 650953).
cost(5, 4, 368184).
cost(5, 6, 455231).
cost(5, 7, 882314).
cost(5, 8, 177471).
cost(5, 9, 263166).
cost(5, 10, 619358).
cost(5, 11, 474429).
cost(5, 12, 139975).
cost(5, 13, 378099).
cost(5, 14, 188720).
cost(5, 15, 790436).
cost(5, 16, 55294).
cost(5, 17, 684376).
cost(5, 18, 235687).
cost(6, 1, 855468).
cost(6, 2, 253814).
cost(6, 3, 326319).
cost(6, 4, 323739).
cost(6, 5, 455231).
cost(6, 7, 1056634).
cost(6, 8, 290040).
cost(6, 9, 687933).
cost(6, 10, 701956).
cost(6, 11, 121801).
cost(6, 12, 585626).
cost(6, 13, 183755).
cost(6, 14, 531648).
cost(6, 15, 593767).
cost(6, 16, 424753).
cost(6, 17, 657902).
cost(6, 18, 360022).
cost(7, 1, 426784).
cost(7, 2, 866399).
cost(7, 3, 916478).
cost(7, 4, 733257).
cost(7, 5, 882314).
cost(7, 6, 1056634).
cost(7, 8, 876906).
cost(7, 9, 1023293).
cost(7, 10, 362097).
cost(7, 11, 1160717).
cost(7, 12, 813052).
cost(7, 13, 872941).
cost(7, 14, 1058858).
cost(7, 15, 726795).
cost(7, 16, 844676).
cost(7, 17, 475438).
cost(7, 18, 1094447).
cost(8, 1, 597621).
cost(8, 2, 54368).
cost(8, 3, 477832).
cost(8, 4, 227016).
cost(8, 5, 177471).
cost(8, 6, 290040).
cost(8, 7, 876906).
cost(8, 9, 435475).
cost(8, 10, 561783).
cost(8, 11, 336757).
cost(8, 12, 297425).
cost(8, 13, 202637).
cost(8, 14, 317636).
cost(8, 15, 645473).
cost(8, 16, 137179).
cost(8, 17, 586769).
cost(8, 18, 237552).
cost(9, 1, 613560).
cost(9, 2, 489556).
cost(9, 3, 912704).
cost(9, 4, 629027).
cost(9, 5, 263166).
cost(9, 6, 687933).
cost(9, 7, 1023293).
cost(9, 8, 435475).
cost(9, 10, 826207).
cost(9, 11, 675248).
cost(9, 12, 225911).
cost(9, 13, 638086).
cost(9, 14, 175605).
cost(9, 15, 1048192).
cost(9, 16, 316013).
cost(9, 17, 917707).
cost(9, 18, 364026).
cost(10, 1, 401349).
cost(10, 2, 538850).
cost(10, 3, 559869).
cost(10, 4, 382808).
cost(10, 5, 619358).
cost(10, 6, 701956).
cost(10, 7, 362097).
cost(10, 8, 561783).
cost(10, 9, 826207).
cost(10, 11, 811418).
cost(10, 12, 600295).
cost(10, 13, 519657).
cost(10, 14, 807827).
cost(10, 15, 419373).
cost(10, 16, 570354).
cost(10, 17, 160204).
cost(10, 18, 795658).
cost(11, 1, 929403).
cost(11, 2, 317453).
cost(11, 3, 440833).
cost(11, 4, 429030).
cost(11, 5, 474429).
cost(11, 6, 121801).
cost(11, 7, 1160717).
cost(11, 8, 336757).
cost(11, 9, 675248).
cost(11, 10, 811418).
cost(11, 12, 612934).
cost(11, 13, 292527).
cost(11, 14, 506044).
cost(11, 15, 714468).
cost(11, 16, 457037).
cost(11, 17, 776146).
cost(11, 18, 318577).
cost(12, 1, 426564).
cost(12, 2, 343377).
cost(12, 3, 745209).
cost(12, 4, 438104).
cost(12, 5, 139975).
cost(12, 6, 585626).
cost(12, 7, 813052).
cost(12, 8, 297425).
cost(12, 9, 225911).
cost(12, 10, 600295).
cost(12, 11, 612934).
cost(12, 13, 483779).
cost(12, 14, 255394).
cost(12, 15, 843062).
cost(12, 16, 160904).
cost(12, 17, 695203).
cost(12, 18, 365737).
cost(13, 1, 687779).
cost(13, 2, 148566).
cost(13, 3, 275696).
cost(13, 4, 140037).
cost(13, 5, 378099).
cost(13, 6, 183755).
cost(13, 7, 872941).
cost(13, 8, 202637).
cost(13, 9, 638086).
cost(13, 10, 519657).
cost(13, 11, 292527).
cost(13, 12, 483779).
cost(13, 14, 513449).
cost(13, 15, 475566).
cost(13, 16, 331592).
cost(13, 17, 488148).
cost(13, 18, 389712).
cost(14, 1, 681955).
cost(14, 2, 370637).
cost(14, 3, 788046).
cost(14, 4, 537805).
cost(14, 5, 188720).
cost(14, 6, 531648).
cost(14, 7, 1058858).
cost(14, 8, 317636).
cost(14, 9, 175605).
cost(14, 10, 807827).
cost(14, 11, 506044).
cost(14, 12, 255394).
cost(14, 13, 513449).
cost(14, 15, 960667).
cost(14, 16, 240587).
cost(14, 17, 871049).
cost(14, 18, 189981).
cost(15, 1, 802029).
cost(15, 2, 595650).
cost(15, 3, 290580).
cost(15, 4, 423502).
cost(15, 5, 790436).
cost(15, 6, 593767).
cost(15, 7, 726795).
cost(15, 8, 645473).
cost(15, 9, 1048192).
cost(15, 10, 419373).
cost(15, 11, 714468).
cost(15, 12, 843062).
cost(15, 13, 475566).
cost(15, 14, 960667).
cost(15, 16, 735404).
cost(15, 17, 263159).
cost(15, 18, 862650).
cost(16, 1, 512437).
cost(16, 2, 185945).
cost(16, 3, 601672).
cost(16, 4, 313660).
cost(16, 5, 55294).
cost(16, 6, 424753).
cost(16, 7, 844676).
cost(16, 8, 137179).
cost(16, 9, 316013).
cost(16, 10, 570354).
cost(16, 11, 457037).
cost(16, 12, 160904).
cost(16, 13, 331592).
cost(16, 14, 240587).
cost(16, 15, 735404).
cost(16, 17, 630736).
cost(16, 18, 255843).
cost(17, 1, 557941).
cost(17, 2, 550881).
cost(17, 3, 450319).
cost(17, 4, 371037).
cost(17, 5, 684376).
cost(17, 6, 657902).
cost(17, 7, 475438).
cost(17, 8, 586769).
cost(17, 9, 917707).
cost(17, 10, 160204).
cost(17, 11, 776146).
cost(17, 12, 695203).
cost(17, 13, 488148).
cost(17, 14, 871049).
cost(17, 15, 263159).
cost(17, 16, 630736).
cost(17, 18, 823947).
cost(18, 1, 766068).
cost(18, 2, 275363).
cost(18, 3, 650239).
cost(18, 4, 458786).
cost(18, 5, 235687).
cost(18, 6, 360022).
cost(18, 7, 1094447).
cost(18, 8, 237552).
cost(18, 9, 364026).
cost(18, 10, 795658).
cost(18, 11, 318577).
cost(18, 12, 365737).
cost(18, 13, 389712).
cost(18, 14, 189981).
cost(18, 15, 862650).
cost(18, 16, 255843).
cost(18, 17, 823947).
