dimension(18).
point(1, 8941.0, 894855.0).
point(2, 723130.0, 232988.0).
point(3, 867133.0, 633262.0).
point(4, 993587.0, 324791.0).
point(5, 422332.0, 45202.0).
point(6, 56954.0, 26181.0).
point(7, 72125.0, 283815.0).
point(8, 767794.0, 552620.0).
point(9, 823575.0, 763568.0).
point(10, 645719.0, 326202.0).
point(11, 7346.0, 963337.0).
point(12, 611731.0, 84747.0).
point(13, 55073.0, 276740.0).
point(14, 620642.0, 642528.0).
point(15, 704283.0, 955643.0).
point(16, 987359.0, 303967.0).
point(17, 164261.0, 867877.0).
point(18, 592694.0, 747184.0).
cost(1, 2, 973722).
cost(1, 3, 897176).
cost(1, 4, 1137761).
cost(1, 5, 944882).
cost(1, 6, 870000).
cost(1, 7, 614298).
cost(1, 8, 832456).
cost(1, 9, 825145).
cost(1, 10, 853729).
cost(1, 11, 68501).
cost(1, 12, 1009768).
cost(1, 13, 619834).
cost(1, 14, 661700).
cost(1, 15, 697994).
cost(1, 16, 1143001).
cost(1, 17, 157646).
cost(1, 18, 602141).
cost(2, 1, 973722).
cost(2, 3, 425389).
cost(2, 4, 285613).
cost(2, 5, 354603).
cost(2, 6, 697538).
cost(2, 7, 652986).
cost(2, 8, 322737).
cost(2, 9, 540004).
cost(2, 10, 121166).
cost(2, 11, 1022622).
cost(2, 12, 185432).
cost(2, 13, 669488).
cost(2, 14, 422169).
cost(2, 15, 722901).
cost(2, 16, 273596).
cost(2, 17, 845824).
cost(2, 18, 530482).
cost(3, 1, 897176).
cost(3, 2, 425389).
cost(3, 4, 333384).
cost(3, 5, 737335).
cost(3, 6, 1012392).
cost(3, 7, 868419).
cost(3, 8, 127951).
cost(3, 9, 137393).
cost(3, 10, 378563).
cost(3, 11, 920969).
cost(3, 12, 605061).
cost(3, 13, 886876).
cost(3, 14, 246665).
cost(3, 15, 361178).
cost(3, 16, 350556).
cost(3, 17, 740995).
cost(3, 18, 297145).
cost(4, 1, 1137761).
cost(4, 2, 285613).
cost(4, 3, 333384).
cost(4, 5, 636005).
cost(4, 6, 983082).
cost(4, 7, 922373).
cost(4, 8, 320762).
cost(4, 9, 470563).
cost(4, 10, 347871).
cost(4, 11, 1174909).
cost(4, 12, 451038).
cost(4, 13, 939743).
cost(4, 14, 489944).
cost(4, 15, 694025).
cost(4, 16, 21735).
cost(4, 17, 991324).
cost(4, 18, 582350).
cost(5, 1, 944882).
cost(5, 2, 354603).
cost(5, 3, 737335).
cost(5, 4, 636005).
cost(5, 6, 365873).
cost(5, 7, 423770).
cost(5, 8, 613854).
cost(5, 9, 822828).
cost(5, 10, 358975).
cost(5, 11, 1007564).
cost(5, 12, 193483).
cost(5, 13, 434153).
cost(5, 14, 629385).
cost(5, 15, 953100).
cost(5, 16, 621462).
cost(5, 17, 862203).
cost(5, 18, 722359).
cost(6, 1, 870000).
cost(6, 2, 697538).
cost(6, 3, 1012392).
cost(6, 4, 983082).
cost(6, 5, 365873).
cost(6, 7, 258080).
cost(6, 8, 884552).
cost(6, 9, 1063695).
cost(6, 10, 660800).
cost(6, 11, 938468).
cost(6, 12, 557860).
cost(6, 13, 250566).
cost(6, 14, 835241).
cost(6, 15, 1132667).
cost(6, 16, 970988).
cost(6, 17, 848509).
cost(6, 18, 898255).
cost(7, 1, 614298).
cost(7, 2, 652986).
cost(7, 3, 868419).
cost(7, 4, 922373).
cost(7, 5, 423770).
cost(7, 6, 258080).
cost(7, 8, 745796).
cost(7, 9, 891538).
cost(7, 10, 575158).
cost(7, 11, 682603).
cost(7, 12, 575155).
cost(7, 13, 18461).
cost(7, 14, 655398).
cost(7, 15, 922484).
cost(7, 16, 915456).
cost(7, 17, 591285).
cost(7, 18, 696924).
cost(8, 1, 832456).
cost(8, 2, 322737).
cost(8, 3, 127951).
cost(8, 4, 320762).
cost(8, 5, 613854).
cost(8, 6, 884552).
cost(8, 7, 745796).
cost(8, 9, 218198).
cost(8, 10, 257230).
cost(8, 11, 864274).
cost(8, 12, 493215).
cost(8, 13, 764252).
cost(8, 14, 172445).
cost(8, 15, 407997).
cost(8, 16, 331718).
cost(8, 17, 680910).
cost(8, 18, 261754).
cost(9, 1, 825145).
cost(9, 2, 540004).
cost(9, 3, 137393).
cost(9, 4, 470563).
cost(9, 5, 822828).
cost(9, 6, 1063695).
cost(9, 7, 891538).
cost(9, 8, 218198).
cost(9, 10, 472146).
cost(9, 11, 840320).
cost(9, 12, 711109).
cost(9, 13, 909723).
cost(9, 14, 236289).
cost(9, 15, 226105).
cost(9, 16, 487912).
cost(9, 17, 667514).
cost(9, 18, 231462).
cost(10, 1, 853729).
cost(10, 2, 121166).
cost(10, 3, 378563).
cost(10, 4, 347871).
cost(10, 5, 358975).
cost(10, 6, 660800).
cost(10, 7, 575158).
cost(10, 8, 257230).
cost(10, 9, 472146).
cost(10, 11, 901921).
cost(10, 12, 243835).
cost(10, 13, 592713).
cost(10, 14, 317318).
cost(10, 15, 632160).
cost(10, 16, 342363).
cost(10, 17, 724716).
cost(10, 18, 424308).
cost(11, 1, 68501).
cost(11, 2, 1022622).
cost(11, 3, 920969).
cost(11, 4, 1174909).
cost(11, 5, 1007564).
cost(11, 6, 938468).
cost(11, 7, 682603).
cost(11, 8, 864274).
cost(11, 9, 840320).
cost(11, 10, 901921).
cost(11, 12, 1066397).
cost(11, 13, 688254).
cost(11, 14, 692135).
cost(11, 15, 696979).
cost(11, 16, 1181183).
cost(11, 17, 183671).
cost(11, 18, 623983).
cost(12, 1, 1009768).
cost(12, 2, 185432).
cost(12, 3, 605061).
cost(12, 4, 451038).
cost(12, 5, 193483).
cost(12, 6, 557860).
cost(12, 7, 575155).
cost(12, 8, 493215).
cost(12, 9, 711109).
cost(12, 10, 243835).
cost(12, 11, 1066397).
cost(12, 13, 588837).
cost(12, 14, 557852).
cost(12, 15, 875800).
cost(12, 16, 434918).
cost(12, 17, 901955).
cost(12, 18, 662710).
cost(13, 1, 619834).
cost(13, 2, 669488).
cost(13, 3, 886876).
cost(13, 4, 939743).
cost(13, 5, 434153).
cost(13, 6, 250566).
cost(13, 7, 18461).
cost(13, 8, 764252).
cost(13, 9, 909723).
cost(13, 10, 592713).
cost(13, 11, 688254).
cost(13, 12, 588837).
cost(13, 14, 673550).
cost(13, 15, 939352).
cost(13, 16, 932683).
cost(13, 17, 601136).
cost(13, 18, 714391).
cost(14, 1, 661700).
cost(14, 2, 422169).
cost(14, 3, 246665).
cost(14, 4, 489944).
cost(14, 5, 629385).
cost(14, 6, 835241).
cost(14, 7, 655398).
cost(14, 8, 172445).
cost(14, 9, 236289).
cost(14, 10, 317318).
cost(14, 11, 692135).
cost(14, 12, 557852).
cost(14, 13, 673550).
cost(14, 15, 324094).
cost(14, 16, 499104).
cost(14, 17, 508985).
cost(14, 18, 108323).
cost(15, 1, 697994).
cost(15, 2, 722901).
cost(15, 3, 361178).
cost(15, 4, 694025).
cost(15, 5, 953100).
cost(15, 6, 1132667).
cost(15, 7, 922484).
cost(15, 8, 407997).
cost(15, 9, 226105).
cost(15, 10, 632160).
cost(15, 11, 696979).
cost(15, 12, 875800).
cost(15, 13, 939352).
cost(15, 14, 324094).
cost(15, 16, 710502).
cost(15, 17, 547108).
cost(15, 18, 236447).
cost(16, 1, 1143001).
cost(16, 2, 273596).
cost(16, 3, 350556).
cost(16, 4, 21735).
cost(16, 5, 621462).
cost(16, 6, 970988).
cost(16, 7, 915456).
cost(16, 8, 331718).
cost(16, 9, 487912).
cost(16, 10, 342363).
cost(16, 11, 1181183).
cost(16, 12, 434918).
cost(16, 13, 932683).
cost(16, 14, 499104).
cost(16, 15, 710502).
cost(16, 17, 997740).
cost(16, 18, 593466).
cost(17, 1, 157646).
cost(17, 2, 845824).
cost(17, 3, 740995).
cost(17, 4, 991324).
cost(17, 5, 862203).
cost(17, 6, 848509).
cost(17, 7, 591285).
cost(17, 8, 680910).
cost(17, 9, 667514).
cost(17, 10, 724716).
cost(17, 11, 183671).
cost(17, 12, 901955).
cost(17, 13, 601136).
cost(17, 14, 508985).
cost(17, 15, 547108).
cost(17, 16, 997740).
cost(17, 18, 445109).
cost(18, 1, 602141).
cost(18, 2, 530482).
cost(18, 3, 297145).
cost(18, 4, 582350).
cost(18, 5, 722359).
cost(18, 6, 898255).
cost(18, 7, 696924).
cost(18, 8, 261754).
cost(18, 9, 231462).
cost(18, 10, 424308).
cost(18, 11, 623983).
cost(18, 12, 662710).
cost(18, 13, 714391).
cost(18, 14, 108323).
cost(18, 15, 236447).
cost(18, 16, 593466).
cost(18, 17, 445109).
