dimension(18).
point(1, 398205.0, 194359.0).
point(2, 279856.0, 693649.0).
point(3, 76405.0, 387061.0).
point(4, 576052.0, 421115.0).
point(5, 69855.0, 344743.0).
point(6, 964227.0, 655490.0).
point(7, 639570.0, 433653.0).
point(8, 371931.0, 465207.0).
point(9, 454940.0, 786455.0).
point(10, 798136.0, 302987.0).
point(11, 887606.0, 797325.0).
point(12, 459323.0, 490943.0).
point(13, 353325.0, 485841.0).
point(14, 135731.0, 82583.0).
point(15, 701454.0, 980832.0).
point(16, 960983.0, 427466.0).
point(17, 965075.0, 726912.0).
point(18, 715908.0, 362542.0).
cost(1, 2, 513125).
cost(1, 3, 375086).
cost(1, 4, 288180).
cost(1, 5, 361150).
cost(1, 6, 730084).
cost(1, 7, 339880).
cost(1, 8, 272119).
cost(1, 9, 594808).
cost(1, 10, 414421).
cost(1, 11, 776583).
cost(1, 12, 302816).
cost(1, 13, 294917).
cost(1, 14, 285283).
cost(1, 15, 842911).
cost(1, 16, 609145).
cost(1, 17, 777788).
cost(1, 18, 359473).
cost(2, 1, 513125).
cost(2, 3, 367952).
cost(2, 4, 402501).
cost(2, 5, 407229).
cost(2, 6, 685434).
cost(2, 7, 443838).
cost(2, 8, 246300).
cost(2, 9, 198160).
cost(2, 10, 649023).
cost(2, 11, 616530).
cost(2, 12, 270736).
cost(2, 13, 220413).
cost(2, 14, 627833).
cost(2, 15, 510117).
cost(2, 16, 731292).
cost(2, 17, 686026).
cost(2, 18, 547515).
cost(3, 1, 375086).
cost(3, 2, 367952).
cost(3, 4, 500806).
cost(3, 5, 42822).
cost(3, 6, 927514).
cost(3, 7, 565089).
cost(3, 8, 305684).
cost(3, 9, 550277).
cost(3, 10, 726611).
cost(3, 11, 909045).
cost(3, 12, 396759).
cost(3, 13, 294011).
cost(3, 14, 310204).
cost(3, 15, 862120).
cost(3, 16, 885500).
cost(3, 17, 951437).
cost(3, 18, 639973).
cost(4, 1, 288180).
cost(4, 2, 402501).
cost(4, 3, 500806).
cost(4, 5, 511926).
cost(4, 6, 453444).
cost(4, 7, 64744).
cost(4, 8, 208829).
cost(4, 9, 384891).
cost(4, 10, 251546).
cost(4, 11, 488467).
cost(4, 12, 136021).
cost(4, 13, 231941).
cost(4, 14, 555416).
cost(4, 15, 573593).
cost(4, 16, 384983).
cost(4, 17, 494824).
cost(4, 18, 151626).
cost(5, 1, 361150).
cost(5, 2, 407229).
cost(5, 3, 42822).
cost(5, 4, 511926).
cost(5, 6, 946818).
cost(5, 7, 576611).
cost(5, 8, 325210).
cost(5, 9, 586003).
cost(5, 10, 729477).
cost(5, 11, 934637).
cost(5, 12, 416005).
cost(5, 13, 316645).
cost(5, 14, 270310).
cost(5, 15, 896396).
cost(5, 16, 894959).
cost(5, 17, 973382).
cost(5, 18, 646298).
cost(6, 1, 730084).
cost(6, 2, 685434).
cost(6, 3, 927514).
cost(6, 4, 453444).
cost(6, 5, 946818).
cost(6, 7, 393210).
cost(6, 8, 622111).
cost(6, 9, 525857).
cost(6, 10, 389672).
cost(6, 11, 161208).
cost(6, 12, 531040).
cost(6, 13, 634021).
cost(6, 14, 1007287).
cost(6, 15, 418207).
cost(6, 16, 228047).
cost(6, 17, 71427).
cost(6, 18, 384032).
cost(7, 1, 339880).
cost(7, 2, 443838).
cost(7, 3, 565089).
cost(7, 4, 64744).
cost(7, 5, 576611).
cost(7, 6, 393210).
cost(7, 8, 269493).
cost(7, 9, 398193).
cost(7, 10, 205467).
cost(7, 11, 440204).
cost(7, 12, 189133).
cost(7, 13, 290964).
cost(7, 14, 614088).
cost(7, 15, 550667).
cost(7, 16, 321473).
cost(7, 17, 438126).
cost(7, 18, 104328).
cost(8, 1, 272119).
cost(8, 2, 246300).
cost(8, 3, 305684).
cost(8, 4, 208829).
cost(8, 5, 325210).
cost(8, 6, 622111).
cost(8, 7, 269493).
cost(8, 9, 331799).
cost(8, 10, 456033).
cost(8, 11, 613370).
cost(8, 12, 91103).
cost(8, 13, 27784).
cost(8, 14, 449657).
cost(8, 15, 611927).
cost(8, 16, 590260).
cost(8, 17, 648313).
cost(8, 18, 358971).
cost(9, 1, 594808).
cost(9, 2, 198160).
cost(9, 3, 550277).
cost(9, 4, 384891).
cost(9, 5, 586003).
cost(9, 6, 525857).
cost(9, 7, 398193).
cost(9, 8, 331799).
cost(9, 10, 592895).
cost(9, 11, 432803).
cost(9, 12, 295545).
cost(9, 13, 317324).
cost(9, 14, 772871).
cost(9, 15, 313929).
cost(9, 16, 620446).
cost(9, 17, 513598).
cost(9, 18, 497802).
cost(10, 1, 414421).
cost(10, 2, 649023).
cost(10, 3, 726611).
cost(10, 4, 251546).
cost(10, 5, 729477).
cost(10, 6, 389672).
cost(10, 7, 205467).
cost(10, 8, 456033).
cost(10, 9, 592895).
cost(10, 11, 502369).
cost(10, 12, 387455).
cost(10, 13, 480929).
cost(10, 14, 698111).
cost(10, 15, 684705).
cost(10, 16, 204974).
cost(10, 17, 455611).
cost(10, 18, 101530).
cost(11, 1, 776583).
cost(11, 2, 616530).
cost(11, 3, 909045).
cost(11, 4, 488467).
cost(11, 5, 934637).
cost(11, 6, 161208).
cost(11, 7, 440204).
cost(11, 8, 613370).
cost(11, 9, 432803).
cost(11, 10, 502369).
cost(11, 12, 526589).
cost(11, 13, 618448).
cost(11, 14, 1037387).
cost(11, 15, 261395).
cost(11, 16, 377067).
cost(11, 17, 104687).
cost(11, 18, 467457).
cost(12, 1, 302816).
cost(12, 2, 270736).
cost(12, 3, 396759).
cost(12, 4, 136021).
cost(12, 5, 416005).
cost(12, 6, 531040).
cost(12, 7, 189133).
cost(12, 8, 91103).
cost(12, 9, 295545).
cost(12, 10, 387455).
cost(12, 11, 526589).
cost(12, 13, 106121).
cost(12, 14, 521028).
cost(12, 15, 546460).
cost(12, 16, 505660).
cost(12, 17, 558092).
cost(12, 18, 286919).
cost(13, 1, 294917).
cost(13, 2, 220413).
cost(13, 3, 294011).
cost(13, 4, 231941).
cost(13, 5, 316645).
cost(13, 6, 634021).
cost(13, 7, 290964).
cost(13, 8, 27784).
cost(13, 9, 317324).
cost(13, 10, 480929).
cost(13, 11, 618448).
cost(13, 12, 106121).
cost(13, 14, 458218).
cost(13, 15, 605153).
cost(13, 16, 610455).
cost(13, 17, 657536).
cost(13, 18, 382974).
cost(14, 1, 285283).
cost(14, 2, 627833).
cost(14, 3, 310204).
cost(14, 4, 555416).
cost(14, 5, 270310).
cost(14, 6, 1007287).
cost(14, 7, 614088).
cost(14, 8, 449657).
cost(14, 9, 772871).
cost(14, 10, 698111).
cost(14, 11, 1037387).
cost(14, 12, 521028).
cost(14, 13, 458218).
cost(14, 15, 1061553).
cost(14, 16, 894419).
cost(14, 17, 1050224).
cost(14, 18, 644191).
cost(15, 1, 842911).
cost(15, 2, 510117).
cost(15, 3, 862120).
cost(15, 4, 573593).
cost(15, 5, 896396).
cost(15, 6, 418207).
cost(15, 7, 550667).
cost(15, 8, 611927).
cost(15, 9, 313929).
cost(15, 10, 684705).
cost(15, 11, 261395).
cost(15, 12, 546460).
cost(15, 13, 605153).
cost(15, 14, 1061553).
cost(15, 16, 611203).
cost(15, 17, 366021).
cost(15, 18, 618459).
cost(16, 1, 609145).
cost(16, 2, 731292).
cost(16, 3, 885500).
cost(16, 4, 384983).
cost(16, 5, 894959).
cost(16, 6, 228047).
cost(16, 7, 321473).
cost(16, 8, 590260).
cost(16, 9, 620446).
cost(16, 10, 204974).
cost(16, 11, 377067).
cost(16, 12, 505660).
cost(16, 13, 610455).
cost(16, 14, 894419).
cost(16, 15, 611203).
cost(16, 17, 299474).
cost(16, 18, 253529).
cost(17, 1, 777788).
cost(17, 2, 686026).
cost(17, 3, 951437).
cost(17, 4, 494824).
cost(17, 5, 973382).
cost(17, 6, 71427).
cost(17, 7, 438126).
cost(17, 8, 648313).
cost(17, 9, 513598).
cost(17, 10, 455611).
cost(17, 11, 104687).
cost(17, 12, 558092).
cost(17, 13, 657536).
cost(17, 14, 1050224).
cost(17, 15, 366021).
cost(17, 16, 299474).
cost(17, 18, 441418).
cost(18, 1, 359473).
cost(18, 2, 547515).
cost(18, 3, 639973).
cost(18, 4, 151626).
cost(18, 5, 646298).
cost(18, 6, 384032).
cost(18, 7, 104328).
cost(18, 8, 358971).
cost(18, 9, 497802).
cost(18, 10, 101530).
cost(18, 11, 467457).
cost(18, 12, 286919).
cost(18, 13, 382974).
cost(18, 14, 644191).
cost(18, 15, 618459).
cost(18, 16, 253529).
cost(18, 17, 441418).
