dimension(18).
point(1, 203573.0, 544607.0).
point(2, 501493.0, 963318.0).
point(3, 471769.0, 510161.0).
point(4, 284820.0, 872953.0).
point(5, 246094.0, 694973.0).
point(6, 10590.0, 340836.0).
point(7, 355848.0, 858734.0).
point(8, 569862.0, 8914.0).
point(9, 139257.0, 275011.0).
point(10, 721927.0, 314595.0).
point(11, 947476.0, 380331.0).
point(12, 535527.0, 787845.0).
point(13, 704199.0, 881290.0).
point(14, 878186.0, 862556.0).
point(15, 702868.0, 968238.0).
point(16, 974171.0, 365716.0).
point(17, 564668.0, 797395.0).
point(18, 154301.0, 54863.0).
cost(1, 2, 513883).
cost(1, 3, 270399).
cost(1, 4, 338249).
cost(1, 5, 156263).
cost(1, 6, 280651).
cost(1, 7, 349089).
cost(1, 8, 648949).
cost(1, 9, 277162).
cost(1, 10, 567095).
cost(1, 11, 761826).
cost(1, 12, 411532).
cost(1, 13, 603309).
cost(1, 14, 745784).
cost(1, 15, 654797).
cost(1, 16, 791090).
cost(1, 17, 440785).
cost(1, 18, 492216).
cost(2, 1, 513883).
cost(2, 3, 454131).
cost(2, 4, 234762).
cost(2, 5, 370456).
cost(2, 6, 792761).
cost(2, 7, 179305).
cost(2, 8, 956850).
cost(2, 9, 777806).
cost(2, 10, 685152).
cost(2, 11, 734013).
cost(2, 12, 178743).
cost(2, 13, 218674).
cost(2, 14, 389937).
cost(2, 15, 201435).
cost(2, 16, 761940).
cost(2, 17, 177543).
cost(2, 18, 972539).
cost(3, 1, 270399).
cost(3, 2, 454131).
cost(3, 4, 408127).
cost(3, 5, 291693).
cost(3, 6, 491281).
cost(3, 7, 367343).
cost(3, 8, 510755).
cost(3, 9, 407259).
cost(3, 10, 317530).
cost(3, 11, 493105).
cost(3, 12, 284910).
cost(3, 13, 437905).
cost(3, 14, 537919).
cost(3, 15, 513070).
cost(3, 16, 522754).
cost(3, 17, 301883).
cost(3, 18, 555052).
cost(4, 1, 338249).
cost(4, 2, 234762).
cost(4, 3, 408127).
cost(4, 5, 182144).
cost(4, 6, 598624).
cost(4, 7, 72437).
cost(4, 8, 909842).
cost(4, 9, 615405).
cost(4, 10, 709102).
cost(4, 11, 825705).
cost(4, 12, 264759).
cost(4, 13, 419462).
cost(4, 14, 593457).
cost(4, 15, 428770).
cost(4, 16, 855859).
cost(4, 17, 289869).
cost(4, 18, 828436).
cost(5, 1, 156263).
cost(5, 2, 370456).
cost(5, 3, 291693).
cost(5, 4, 182144).
cost(5, 6, 425294).
cost(5, 7, 197139).
cost(5, 8, 758619).
cost(5, 9, 433338).
cost(5, 10, 609183).
cost(5, 11, 768724).
cost(5, 12, 303968).
cost(5, 13, 494544).
cost(5, 14, 653930).
cost(5, 15, 532275).
cost(5, 16, 799066).
cost(5, 17, 334634).
cost(5, 18, 646658).
cost(6, 1, 280651).
cost(6, 2, 792761).
cost(6, 3, 491281).
cost(6, 4, 598624).
cost(6, 5, 425294).
cost(6, 7, 622432).
cost(6, 8, 650352).
cost(6, 9, 144527).
cost(6, 10, 711821).
cost(6, 11, 937718).
cost(6, 12, 689475).
cost(6, 13, 879309).
cost(6, 14, 1012381).
cost(6, 15, 934282).
cost(6, 16, 963902).
cost(6, 17, 717947).
cost(6, 18, 320052).
cost(7, 1, 349089).
cost(7, 2, 179305).
cost(7, 3, 367343).
cost(7, 4, 72437).
cost(7, 5, 197139).
cost(7, 6, 622432).
cost(7, 8, 876354).
cost(7, 9, 622611).
cost(7, 10, 655821).
cost(7, 11, 760850).
cost(7, 12, 193157).
cost(7, 13, 349080).
cost(7, 14, 522352).
cost(7, 15, 363887).
cost(7, 16, 790816).
cost(7, 17, 217643).
cost(7, 18, 828752).
cost(8, 1, 648949).
cost(8, 2, 956850).
cost(8, 3, 510755).
cost(8, 4, 909842).
cost(8, 5, 758619).
cost(8, 6, 650352).
cost(8, 7, 876354).
cost(8, 9, 506190).
cost(8, 10, 341416).
cost(8, 11, 529663).
cost(8, 12, 779687).
cost(8, 13, 882659).
cost(8, 14, 907617).
cost(8, 15, 968500).
cost(8, 16, 539234).
cost(8, 17, 788498).
cost(8, 18, 418094).
cost(9, 1, 277162).
cost(9, 2, 777806).
cost(9, 3, 407259).
cost(9, 4, 615405).
cost(9, 5, 433338).
cost(9, 6, 144527).
cost(9, 7, 622611).
cost(9, 8, 506190).
cost(9, 10, 584013).
cost(9, 11, 815052).
cost(9, 12, 648096).
cost(9, 13, 828694).
cost(9, 14, 944047).
cost(9, 15, 893432).
cost(9, 16, 839827).
cost(9, 17, 673691).
cost(9, 18, 220661).
cost(10, 1, 567095).
cost(10, 2, 685152).
cost(10, 3, 317530).
cost(10, 4, 709102).
cost(10, 5, 609183).
cost(10, 6, 711821).
cost(10, 7, 655821).
cost(10, 8, 341416).
cost(10, 9, 584013).
cost(10, 11, 234933).
cost(10, 12, 508636).
cost(10, 13, 566972).
cost(10, 14, 569805).
cost(10, 15, 653921).
cost(10, 16, 257372).
cost(10, 17, 507766).
cost(10, 18, 624228).
cost(11, 1, 761826).
cost(11, 2, 734013).
cost(11, 3, 493105).
cost(11, 4, 825705).
cost(11, 5, 768724).
cost(11, 6, 937718).
cost(11, 7, 760850).
cost(11, 8, 529663).
cost(11, 9, 815052).
cost(11, 10, 234933).
cost(11, 12, 579456).
cost(11, 13, 556905).
cost(11, 14, 487178).
cost(11, 15, 636763).
cost(11, 16, 30434).
cost(11, 17, 566113).
cost(11, 18, 857354).
cost(12, 1, 411532).
cost(12, 2, 178743).
cost(12, 3, 284910).
cost(12, 4, 264759).
cost(12, 5, 303968).
cost(12, 6, 689475).
cost(12, 7, 193157).
cost(12, 8, 779687).
cost(12, 9, 648096).
cost(12, 10, 508636).
cost(12, 11, 579456).
cost(12, 13, 192827).
cost(12, 14, 350709).
cost(12, 15, 246058).
cost(12, 16, 608770).
cost(12, 17, 30666).
cost(12, 18, 826194).
cost(13, 1, 603309).
cost(13, 2, 218674).
cost(13, 3, 437905).
cost(13, 4, 419462).
cost(13, 5, 494544).
cost(13, 6, 879309).
cost(13, 7, 349080).
cost(13, 8, 882659).
cost(13, 9, 828694).
cost(13, 10, 566972).
cost(13, 11, 556905).
cost(13, 12, 192827).
cost(13, 14, 174993).
cost(13, 15, 86958).
cost(13, 16, 581981).
cost(13, 17, 162811).
cost(13, 18, 992658).
cost(14, 1, 745784).
cost(14, 2, 389937).
cost(14, 3, 537919).
cost(14, 4, 593457).
cost(14, 5, 653930).
cost(14, 6, 1012381).
cost(14, 7, 522352).
cost(14, 8, 907617).
cost(14, 9, 944047).
cost(14, 10, 569805).
cost(14, 11, 487178).
cost(14, 12, 350709).
cost(14, 13, 174993).
cost(14, 15, 204707).
cost(14, 16, 506027).
cost(14, 17, 320218).
cost(14, 18, 1084609).
cost(15, 1, 654797).
cost(15, 2, 201435).
cost(15, 3, 513070).
cost(15, 4, 428770).
cost(15, 5, 532275).
cost(15, 6, 934282).
cost(15, 7, 363887).
cost(15, 8, 968500).
cost(15, 9, 893432).
cost(15, 10, 653921).
cost(15, 11, 636763).
cost(15, 12, 246058).
cost(15, 13, 86958).
cost(15, 14, 204707).
cost(15, 16, 660786).
cost(15, 17, 219742).
cost(15, 18, 1065448).
cost(16, 1, 791090).
cost(16, 2, 761940).
cost(16, 3, 522754).
cost(16, 4, 855859).
cost(16, 5, 799066).
cost(16, 6, 963902).
cost(16, 7, 790816).
cost(16, 8, 539234).
cost(16, 9, 839827).
cost(16, 10, 257372).
cost(16, 11, 30434).
cost(16, 12, 608770).
cost(16, 13, 581981).
cost(16, 14, 506027).
cost(16, 15, 660786).
cost(16, 17, 595012).
cost(16, 18, 876822).
cost(17, 1, 440785).
cost(17, 2, 177543).
cost(17, 3, 301883).
cost(17, 4, 289869).
cost(17, 5, 334634).
cost(17, 6, 717947).
cost(17, 7, 217643).
cost(17, 8, 788498).
cost(17, 9, 673691).
cost(17, 10, 507766).
cost(17, 11, 566113).
cost(17, 12, 30666).
cost(17, 13, 162811).
cost(17, 14, 320218).
cost(17, 15, 219742).
cost(17, 16, 595012).
cost(17, 18, 848384).
cost(18, 1, 492216).
cost(18, 2, 972539).
cost(18, 3, 555052).
cost(18, 4, 828436).
cost(18, 5, 646658).
cost(18, 6, 320052).
cost(18, 7, 828752).
cost(18, 8, 418094).
cost(18, 9, 220661).
cost(18, 10, 624228).
cost(18, 11, 857354).
cost(18, 12, 826194).
cost(18, 13, 992658).
cost(18, 14, 1084609).
cost(18, 15, 1065448).
cost(18, 16, 876822).
cost(18, 17, 848384).
