dimension(18).
point(1, 35782.0, 646095.0).
point(2, 831314.0, 581335.0).
point(3, 843951.0, 248766.0).
point(4, 537425.0, 583981.0).
point(5, 303526.0, 796350.0).
point(6, 288771.0, 452908.0).
point(7, 653512.0, 409220.0).
point(8, 757452.0, 271152.0).
point(9, 245163.0, 206350.0).
point(10, 264674.0, 384239.0).
point(11, 306697.0, 878369.0).
point(12, 992752.0, 569256.0).
point(13, 809443.0, 253988.0).
point(14, 332920.0, 542391.0).
point(15, 711357.0, 892670.0).
point(16, 53299.0, 995220.0).
point(17, 162228.0, 220292.0).
point(18, 784662.0, 208790.0).
cost(1, 2, 798164).
cost(1, 3, 900560).
cost(1, 4, 505474).
cost(1, 5, 307023).
cost(1, 6, 318315).
cost(1, 7, 661589).
cost(1, 8, 813259).
cost(1, 9, 487048).
cost(1, 10, 347793).
cost(1, 11, 356856).
cost(1, 12, 960050).
cost(1, 13, 867352).
cost(1, 14, 314715).
cost(1, 15, 719167).
cost(1, 16, 349564).
cost(1, 17, 444181).
cost(1, 18, 867212).
cost(2, 1, 798164).
cost(2, 3, 332809).
cost(2, 4, 293901).
cost(2, 5, 569905).
cost(2, 6, 557536).
cost(2, 7, 247461).
cost(2, 8, 318856).
cost(2, 9, 695835).
cost(2, 10, 599940).
cost(2, 11, 602870).
cost(2, 12, 161889).
cost(2, 13, 328077).
cost(2, 14, 499913).
cost(2, 15, 333645).
cost(2, 16, 881254).
cost(2, 17, 760282).
cost(2, 18, 375455).
cost(3, 1, 900560).
cost(3, 2, 332809).
cost(3, 4, 454233).
cost(3, 5, 769355).
cost(3, 6, 591522).
cost(3, 7, 249023).
cost(3, 8, 89349).
cost(3, 9, 600288).
cost(3, 10, 594907).
cost(3, 11, 827673).
cost(3, 12, 353349).
cost(3, 13, 34901).
cost(3, 14, 589380).
cost(3, 15, 657414).
cost(3, 16, 1087347).
cost(3, 17, 682317).
cost(3, 18, 71507).
cost(4, 1, 505474).
cost(4, 2, 293901).
cost(4, 3, 454233).
cost(4, 5, 315926).
cost(4, 6, 281085).
cost(4, 7, 209804).
cost(4, 8, 382458).
cost(4, 9, 477517).
cost(4, 10, 338068).
cost(4, 11, 374032).
cost(4, 12, 455565).
cost(4, 13, 427655).
cost(4, 14, 208691).
cost(4, 15, 354318).
cost(4, 16, 635213).
cost(4, 17, 522535).
cost(4, 18, 449327).
cost(5, 1, 307023).
cost(5, 2, 569905).
cost(5, 3, 769355).
cost(5, 4, 315926).
cost(5, 6, 343759).
cost(5, 7, 521881).
cost(5, 8, 694177).
cost(5, 9, 592880).
cost(5, 10, 413938).
cost(5, 11, 82080).
cost(5, 12, 725675).
cost(5, 13, 741693).
cost(5, 14, 255654).
cost(5, 15, 419051).
cost(5, 16, 319629).
cost(5, 17, 593134).
cost(5, 18, 759420).
cost(6, 1, 318315).
cost(6, 2, 557536).
cost(6, 3, 591522).
cost(6, 4, 281085).
cost(6, 5, 343759).
cost(6, 7, 367348).
cost(6, 8, 502690).
cost(6, 9, 250385).
cost(6, 10, 72774).
cost(6, 11, 425838).
cost(6, 12, 713531).
cost(6, 13, 557376).
cost(6, 14, 99781).
cost(6, 15, 609893).
cost(6, 16, 591227).
cost(6, 17, 264808).
cost(6, 18, 552722).
cost(7, 1, 661589).
cost(7, 2, 247461).
cost(7, 3, 249023).
cost(7, 4, 209804).
cost(7, 5, 521881).
cost(7, 6, 367348).
cost(7, 8, 172819).
cost(7, 9, 455966).
cost(7, 10, 389640).
cost(7, 11, 583422).
cost(7, 12, 375094).
cost(7, 13, 220026).
cost(7, 14, 347151).
cost(7, 15, 486898).
cost(7, 16, 838839).
cost(7, 17, 526359).
cost(7, 18, 239526).
cost(8, 1, 813259).
cost(8, 2, 318856).
cost(8, 3, 89349).
cost(8, 4, 382458).
cost(8, 5, 694177).
cost(8, 6, 502690).
cost(8, 7, 172819).
cost(8, 9, 516371).
cost(8, 10, 505588).
cost(8, 11, 756236).
cost(8, 12, 379779).
cost(8, 13, 54751).
cost(8, 14, 503784).
cost(8, 15, 623225).
cost(8, 16, 1010003).
cost(8, 17, 597393).
cost(8, 18, 68040).
cost(9, 1, 487048).
cost(9, 2, 695835).
cost(9, 3, 600288).
cost(9, 4, 477517).
cost(9, 5, 592880).
cost(9, 6, 250385).
cost(9, 7, 455966).
cost(9, 8, 516371).
cost(9, 10, 178956).
cost(9, 11, 674830).
cost(9, 12, 831017).
cost(9, 13, 566287).
cost(9, 14, 347311).
cost(9, 15, 829682).
cost(9, 16, 811867).
cost(9, 17, 84099).
cost(9, 18, 539505).
cost(10, 1, 347793).
cost(10, 2, 599940).
cost(10, 3, 594907).
cost(10, 4, 338068).
cost(10, 5, 413938).
cost(10, 6, 72774).
cost(10, 7, 389640).
cost(10, 8, 505588).
cost(10, 9, 178956).
cost(10, 11, 495914).
cost(10, 12, 751218).
cost(10, 13, 560124).
cost(10, 14, 172249).
cost(10, 15, 676777).
cost(10, 16, 646512).
cost(10, 17, 193323).
cost(10, 18, 548789).
cost(11, 1, 356856).
cost(11, 2, 602870).
cost(11, 3, 827673).
cost(11, 4, 374032).
cost(11, 5, 82080).
cost(11, 6, 425838).
cost(11, 7, 583422).
cost(11, 8, 756236).
cost(11, 9, 674830).
cost(11, 10, 495914).
cost(11, 12, 752477).
cost(11, 13, 801627).
cost(11, 14, 337000).
cost(11, 15, 404913).
cost(11, 16, 279042).
cost(11, 17, 673748).
cost(11, 18, 822670).
cost(12, 1, 960050).
cost(12, 2, 161889).
cost(12, 3, 353349).
cost(12, 4, 455565).
cost(12, 5, 725675).
cost(12, 6, 713531).
cost(12, 7, 375094).
cost(12, 8, 379779).
cost(12, 9, 831017).
cost(12, 10, 751218).
cost(12, 11, 752477).
cost(12, 13, 364686).
cost(12, 14, 660379).
cost(12, 15, 428695).
cost(12, 16, 1031512).
cost(12, 17, 900858).
cost(12, 18, 416218).
cost(13, 1, 867352).
cost(13, 2, 328077).
cost(13, 3, 34901).
cost(13, 4, 427655).
cost(13, 5, 741693).
cost(13, 6, 557376).
cost(13, 7, 220026).
cost(13, 8, 54751).
cost(13, 9, 566287).
cost(13, 10, 560124).
cost(13, 11, 801627).
cost(13, 12, 364686).
cost(13, 14, 557001).
cost(13, 15, 646170).
cost(13, 16, 1058857).
cost(13, 17, 648092).
cost(13, 18, 51546).
cost(14, 1, 314715).
cost(14, 2, 499913).
cost(14, 3, 589380).
cost(14, 4, 208691).
cost(14, 5, 255654).
cost(14, 6, 99781).
cost(14, 7, 347151).
cost(14, 8, 503784).
cost(14, 9, 347311).
cost(14, 10, 172249).
cost(14, 11, 337000).
cost(14, 12, 660379).
cost(14, 13, 557001).
cost(14, 15, 515665).
cost(14, 16, 532205).
cost(14, 17, 364532).
cost(14, 18, 561570).
cost(15, 1, 719167).
cost(15, 2, 333645).
cost(15, 3, 657414).
cost(15, 4, 354318).
cost(15, 5, 419051).
cost(15, 6, 609893).
cost(15, 7, 486898).
cost(15, 8, 623225).
cost(15, 9, 829682).
cost(15, 10, 676777).
cost(15, 11, 404913).
cost(15, 12, 428695).
cost(15, 13, 646170).
cost(15, 14, 515665).
cost(15, 16, 666001).
cost(15, 17, 868121).
cost(15, 18, 687798).
cost(16, 1, 349564).
cost(16, 2, 881254).
cost(16, 3, 1087347).
cost(16, 4, 635213).
cost(16, 5, 319629).
cost(16, 6, 591227).
cost(16, 7, 838839).
cost(16, 8, 1010003).
cost(16, 9, 811867).
cost(16, 10, 646512).
cost(16, 11, 279042).
cost(16, 12, 1031512).
cost(16, 13, 1058857).
cost(16, 14, 532205).
cost(16, 15, 666001).
cost(16, 17, 782546).
cost(16, 18, 1073948).
cost(17, 1, 444181).
cost(17, 2, 760282).
cost(17, 3, 682317).
cost(17, 4, 522535).
cost(17, 5, 593134).
cost(17, 6, 264808).
cost(17, 7, 526359).
cost(17, 8, 597393).
cost(17, 9, 84099).
cost(17, 10, 193323).
cost(17, 11, 673748).
cost(17, 12, 900858).
cost(17, 13, 648092).
cost(17, 14, 364532).
cost(17, 15, 868121).
cost(17, 16, 782546).
cost(17, 18, 622540).
cost(18, 1, 867212).
cost(18, 2, 375455).
cost(18, 3, 71507).
cost(18, 4, 449327).
cost(18, 5, 759420).
cost(18, 6, 552722).
cost(18, 7, 239526).
cost(18, 8, 68040).
cost(18, 9, 539505).
cost(18, 10, 548789).
cost(18, 11, 822670).
cost(18, 12, 416218).
cost(18, 13, 51546).
cost(18, 14, 561570).
cost(18, 15, 687798).
cost(18, 16, 1073948).
cost(18, 17, 622540).
