dimension(18).
point(1, 230414.0, 295847.0).
point(2, 609677.0, 311666.0).
point(3, 448588.0, 125666.0).
point(4, 828658.0, 132143.0).
point(5, 127287.0, 446120.0).
point(6, 242408.0, 767563.0).
point(7, 937235.0, 984139.0).
point(8, 559520.0, 727445.0).
point(9, 560845.0, 717794.0).
point(10, 340883.0, 372632.0).
point(11, 246827.0, 295363.0).
point(12, 916548.0, 272354.0).
point(13, 458569.0, 858538.0).
point(14, 590464.0, 762418.0).
point(15, 709942.0, 905265.0).
point(16, 40111.0, 56969.0).
point(17, 562634.0, 149809.0).
point(18, 346268.0, 516469.0).
cost(1, 2, 379593).
cost(1, 3, 276697).
cost(1, 4, 620238).
cost(1, 5, 182256).
cost(1, 6, 471868).
cost(1, 7, 986581).
cost(1, 8, 542759).
cost(1, 9, 535933).
cost(1, 10, 134534).
cost(1, 11, 16420).
cost(1, 12, 686536).
cost(1, 13, 607187).
cost(1, 14, 589342).
cost(1, 15, 775459).
cost(1, 16, 305414).
cost(1, 17, 362901).
cost(1, 18, 249191).
cost(2, 1, 379593).
cost(2, 3, 246060).
cost(2, 4, 283163).
cost(2, 5, 500777).
cost(2, 6, 585430).
cost(2, 7, 748007).
cost(2, 8, 418793).
cost(2, 9, 409053).
cost(2, 10, 275621).
cost(2, 11, 363216).
cost(2, 12, 309379).
cost(2, 13, 567365).
cost(2, 14, 451161).
cost(2, 15, 602007).
cost(2, 16, 623920).
cost(2, 17, 168555).
cost(2, 18, 333659).
cost(3, 1, 276697).
cost(3, 2, 246060).
cost(3, 4, 380125).
cost(3, 5, 453790).
cost(3, 6, 674197).
cost(3, 7, 987801).
cost(3, 8, 611918).
cost(3, 9, 602675).
cost(3, 10, 269430).
cost(3, 11, 263637).
cost(3, 12, 490412).
cost(3, 13, 732940).
cost(3, 14, 652366).
cost(3, 15, 822241).
cost(3, 16, 414213).
cost(3, 17, 116573).
cost(3, 18, 403976).
cost(4, 1, 620238).
cost(4, 2, 283163).
cost(4, 3, 380125).
cost(4, 5, 768442).
cost(4, 6, 864551).
cost(4, 7, 858887).
cost(4, 8, 653314).
cost(4, 9, 643981).
cost(4, 10, 543838).
cost(4, 11, 604291).
cost(4, 12, 165480).
cost(4, 13, 815240).
cost(4, 14, 673783).
cost(4, 15, 782184).
cost(4, 16, 792122).
cost(4, 17, 266610).
cost(4, 18, 616771).
cost(5, 1, 182256).
cost(5, 2, 500777).
cost(5, 3, 453790).
cost(5, 4, 768442).
cost(5, 6, 341436).
cost(5, 7, 972358).
cost(5, 8, 515722).
cost(5, 9, 511644).
cost(5, 10, 225884).
cost(5, 11, 192399).
cost(5, 12, 808163).
cost(5, 13, 528996).
cost(5, 14, 560872).
cost(5, 15, 741823).
cost(5, 16, 398796).
cost(5, 17, 526619).
cost(5, 18, 230004).
cost(6, 1, 471868).
cost(6, 2, 585430).
cost(6, 3, 674197).
cost(6, 4, 864551).
cost(6, 5, 341436).
cost(6, 7, 727798).
cost(6, 8, 319640).
cost(6, 9, 322303).
cost(6, 10, 407023).
cost(6, 11, 472221).
cost(6, 12, 836479).
cost(6, 13, 234525).
cost(6, 14, 348094).
cost(6, 15, 487391).
cost(6, 16, 738829).
cost(6, 17, 695819).
cost(6, 18, 271726).
cost(7, 1, 986581).
cost(7, 2, 748007).
cost(7, 3, 987801).
cost(7, 4, 858887).
cost(7, 5, 972358).
cost(7, 6, 727798).
cost(7, 8, 456684).
cost(7, 9, 461096).
cost(7, 10, 854153).
cost(7, 11, 975231).
cost(7, 12, 712086).
cost(7, 13, 494870).
cost(7, 14, 411595).
cost(7, 15, 240589).
cost(7, 16, 1290146).
cost(7, 17, 914567).
cost(7, 18, 753629).
cost(8, 1, 542759).
cost(8, 2, 418793).
cost(8, 3, 611918).
cost(8, 4, 653314).
cost(8, 5, 515722).
cost(8, 6, 319640).
cost(8, 7, 456684).
cost(8, 9, 9742).
cost(8, 10, 416767).
cost(8, 11, 533359).
cost(8, 12, 578426).
cost(8, 13, 165458).
cost(8, 14, 46697).
cost(8, 15, 232909).
cost(8, 16, 848130).
cost(8, 17, 577644).
cost(8, 18, 299979).
cost(9, 1, 535933).
cost(9, 2, 409053).
cost(9, 3, 602675).
cost(9, 4, 643981).
cost(9, 5, 511644).
cost(9, 6, 322303).
cost(9, 7, 461096).
cost(9, 8, 9742).
cost(9, 10, 409292).
cost(9, 11, 526360).
cost(9, 12, 570036).
cost(9, 13, 173981).
cost(9, 14, 53559).
cost(9, 15, 239531).
cost(9, 16, 841340).
cost(9, 17, 567988).
cost(9, 18, 294236).
cost(10, 1, 134534).
cost(10, 2, 275621).
cost(10, 3, 269430).
cost(10, 4, 543838).
cost(10, 5, 225884).
cost(10, 6, 407023).
cost(10, 7, 854153).
cost(10, 8, 416767).
cost(10, 9, 409292).
cost(10, 11, 121725).
cost(10, 12, 584334).
cost(10, 13, 499955).
cost(10, 14, 462843).
cost(10, 15, 647999).
cost(10, 16, 436013).
cost(10, 17, 314362).
cost(10, 18, 143938).
cost(11, 1, 16420).
cost(11, 2, 363216).
cost(11, 3, 263637).
cost(11, 4, 604291).
cost(11, 5, 192399).
cost(11, 6, 472221).
cost(11, 7, 975231).
cost(11, 8, 533359).
cost(11, 9, 526360).
cost(11, 10, 121725).
cost(11, 12, 670116).
cost(11, 13, 601665).
cost(11, 14, 579851).
cost(11, 15, 765804).
cost(11, 16, 315536).
cost(11, 17, 347736).
cost(11, 18, 242438).
cost(12, 1, 686536).
cost(12, 2, 309379).
cost(12, 3, 490412).
cost(12, 4, 165480).
cost(12, 5, 808163).
cost(12, 6, 836479).
cost(12, 7, 712086).
cost(12, 8, 578426).
cost(12, 9, 570036).
cost(12, 10, 584334).
cost(12, 11, 670116).
cost(12, 13, 743879).
cost(12, 14, 588637).
cost(12, 15, 665780).
cost(12, 16, 902515).
cost(12, 17, 374530).
cost(12, 18, 620332).
cost(13, 1, 607187).
cost(13, 2, 567365).
cost(13, 3, 732940).
cost(13, 4, 815240).
cost(13, 5, 528996).
cost(13, 6, 234525).
cost(13, 7, 494870).
cost(13, 8, 165458).
cost(13, 9, 173981).
cost(13, 10, 499955).
cost(13, 11, 601665).
cost(13, 12, 743879).
cost(13, 14, 163203).
cost(13, 15, 255679).
cost(13, 16, 904223).
cost(13, 17, 716328).
cost(13, 18, 360032).
cost(14, 1, 589342).
cost(14, 2, 451161).
cost(14, 3, 652366).
cost(14, 4, 673783).
cost(14, 5, 560872).
cost(14, 6, 348094).
cost(14, 7, 411595).
cost(14, 8, 46697).
cost(14, 9, 53559).
cost(14, 10, 462843).
cost(14, 11, 579851).
cost(14, 12, 588637).
cost(14, 13, 163203).
cost(14, 15, 186226).
cost(14, 16, 894733).
cost(14, 17, 613241).
cost(14, 18, 346587).
cost(15, 1, 775459).
cost(15, 2, 602007).
cost(15, 3, 822241).
cost(15, 4, 782184).
cost(15, 5, 741823).
cost(15, 6, 487391).
cost(15, 7, 240589).
cost(15, 8, 232909).
cost(15, 9, 239531).
cost(15, 10, 647999).
cost(15, 11, 765804).
cost(15, 12, 665780).
cost(15, 13, 255679).
cost(15, 14, 186226).
cost(15, 16, 1080870).
cost(15, 17, 769684).
cost(15, 18, 532373).
cost(16, 1, 305414).
cost(16, 2, 623920).
cost(16, 3, 414213).
cost(16, 4, 792122).
cost(16, 5, 398796).
cost(16, 6, 738829).
cost(16, 7, 1290146).
cost(16, 8, 848130).
cost(16, 9, 841340).
cost(16, 10, 436013).
cost(16, 11, 315536).
cost(16, 12, 902515).
cost(16, 13, 904223).
cost(16, 14, 894733).
cost(16, 15, 1080870).
cost(16, 17, 530707).
cost(16, 18, 552152).
cost(17, 1, 362901).
cost(17, 2, 168555).
cost(17, 3, 116573).
cost(17, 4, 266610).
cost(17, 5, 526619).
cost(17, 6, 695819).
cost(17, 7, 914567).
cost(17, 8, 577644).
cost(17, 9, 567988).
cost(17, 10, 314362).
cost(17, 11, 347736).
cost(17, 12, 374530).
cost(17, 13, 716328).
cost(17, 14, 613241).
cost(17, 15, 769684).
cost(17, 16, 530707).
cost(17, 18, 425739).
cost(18, 1, 249191).
cost(18, 2, 333659).
cost(18, 3, 403976).
cost(18, 4, 616771).
cost(18, 5, 230004).
cost(18, 6, 271726).
cost(18, 7, 753629).
cost(18, 8, 299979).
cost(18, 9, 294236).
cost(18, 10, 143938).
cost(18, 11, 242438).
cost(18, 12, 620332).
cost(18, 13, 360032).
cost(18, 14, 346587).
cost(18, 15, 532373).
cost(18, 16, 552152).
cost(18, 17, 425739).
