dimension(22).
point(1, 13.1320846689, 7.7465014452).
point(2, 83.1016918826, 70.5649033484).
point(3, 88.1030152704, 26.2880884687).
point(4, 24.8481814886, 20.0434014055).
point(5, 26.1127022208, 47.5949701983).
point(6, 12.1766592553, 12.6298954396).
point(7, 24.362676046, 39.2238902615).
point(8, 71.5558033771, 63.4198343957).
point(9, 10.8971747634, 19.8260816583).
point(10, 43.0540409414, 77.5533932979).
point(11, 42.9686193933, 86.9903435515).
point(12, 85.5242868674, 74.088207616).
point(13, 55.6184821253, 53.0971816901).
point(14, 49.6350642898, 90.8450277543).
point(15, 34.4094424934, 59.3800953823).
point(16, 46.3354757494, 84.9204749645).
point(17, 58.0499367997, 37.1026358262).
point(18, 62.6280509644, 38.3219415736).
point(19, 74.0388748714, 49.8122347944).
point(20, 27.1871203586, 48.9377278661).
point(21, 34.3455818895, 93.6645740542).
point(22, 77.235383291, 27.7901934503).
cost(1, 2, 94).
cost(1, 3, 77).
cost(1, 4, 17).
cost(1, 5, 42).
cost(1, 6, 5).
cost(1, 7, 33).
cost(1, 8, 81).
cost(1, 9, 12).
cost(1, 10, 76).
cost(1, 11, 85).
cost(1, 12, 98).
cost(1, 13, 62).
cost(1, 14, 91).
cost(1, 15, 56).
cost(1, 16, 84).
cost(1, 17, 54).
cost(1, 18, 58).
cost(1, 19, 74).
cost(1, 20, 44).
cost(1, 21, 88).
cost(1, 22, 67).
cost(2, 1, 94).
cost(2, 3, 45).
cost(2, 4, 77).
cost(2, 5, 61).
cost(2, 6, 92).
cost(2, 7, 67).
cost(2, 8, 14).
cost(2, 9, 88).
cost(2, 10, 41).
cost(2, 11, 43).
cost(2, 12, 4).
cost(2, 13, 33).
cost(2, 14, 39).
cost(2, 15, 50).
cost(2, 16, 39).
cost(2, 17, 42).
cost(2, 18, 38).
cost(2, 19, 23).
cost(2, 20, 60).
cost(2, 21, 54).
cost(2, 22, 43).
cost(3, 1, 77).
cost(3, 2, 45).
cost(3, 4, 64).
cost(3, 5, 66).
cost(3, 6, 77).
cost(3, 7, 65).
cost(3, 8, 41).
cost(3, 9, 77).
cost(3, 10, 68).
cost(3, 11, 76).
cost(3, 12, 48).
cost(3, 13, 42).
cost(3, 14, 75).
cost(3, 15, 63).
cost(3, 16, 72).
cost(3, 17, 32).
cost(3, 18, 28).
cost(3, 19, 27).
cost(3, 20, 65).
cost(3, 21, 86).
cost(3, 22, 11).
cost(4, 1, 17).
cost(4, 2, 77).
cost(4, 3, 64).
cost(4, 5, 28).
cost(4, 6, 15).
cost(4, 7, 19).
cost(4, 8, 64).
cost(4, 9, 14).
cost(4, 10, 60).
cost(4, 11, 69).
cost(4, 12, 81).
cost(4, 13, 45).
cost(4, 14, 75).
cost(4, 15, 40).
cost(4, 16, 68).
cost(4, 17, 37).
cost(4, 18, 42).
cost(4, 19, 57).
cost(4, 20, 29).
cost(4, 21, 74).
cost(4, 22, 53).
cost(5, 1, 42).
cost(5, 2, 61).
cost(5, 3, 66).
cost(5, 4, 28).
cost(5, 6, 38).
cost(5, 7, 9).
cost(5, 8, 48).
cost(5, 9, 32).
cost(5, 10, 34).
cost(5, 11, 43).
cost(5, 12, 65).
cost(5, 13, 30).
cost(5, 14, 49).
cost(5, 15, 14).
cost(5, 16, 42).
cost(5, 17, 34).
cost(5, 18, 38).
cost(5, 19, 48).
cost(5, 20, 2).
cost(5, 21, 47).
cost(5, 22, 55).
cost(6, 1, 5).
cost(6, 2, 92).
cost(6, 3, 77).
cost(6, 4, 15).
cost(6, 5, 38).
cost(6, 7, 29).
cost(6, 8, 78).
cost(6, 9, 7).
cost(6, 10, 72).
cost(6, 11, 80).
cost(6, 12, 96).
cost(6, 13, 59).
cost(6, 14, 87).
cost(6, 15, 52).
cost(6, 16, 80).
cost(6, 17, 52).
cost(6, 18, 57).
cost(6, 19, 72).
cost(6, 20, 39).
cost(6, 21, 84).
cost(6, 22, 67).
cost(7, 1, 33).
cost(7, 2, 67).
cost(7, 3, 65).
cost(7, 4, 19).
cost(7, 5, 9).
cost(7, 6, 29).
cost(7, 8, 53).
cost(7, 9, 24).
cost(7, 10, 43).
cost(7, 11, 51).
cost(7, 12, 70).
cost(7, 13, 34).
cost(7, 14, 57).
cost(7, 15, 23).
cost(7, 16, 51).
cost(7, 17, 34).
cost(7, 18, 38).
cost(7, 19, 51).
cost(7, 20, 10).
cost(7, 21, 55).
cost(7, 22, 54).
cost(8, 1, 81).
cost(8, 2, 14).
cost(8, 3, 41).
cost(8, 4, 64).
cost(8, 5, 48).
cost(8, 6, 78).
cost(8, 7, 53).
cost(8, 9, 75).
cost(8, 10, 32).
cost(8, 11, 37).
cost(8, 12, 18).
cost(8, 13, 19).
cost(8, 14, 35).
cost(8, 15, 37).
cost(8, 16, 33).
cost(8, 17, 30).
cost(8, 18, 27).
cost(8, 19, 14).
cost(8, 20, 47).
cost(8, 21, 48).
cost(8, 22, 36).
cost(9, 1, 12).
cost(9, 2, 88).
cost(9, 3, 77).
cost(9, 4, 14).
cost(9, 5, 32).
cost(9, 6, 7).
cost(9, 7, 24).
cost(9, 8, 75).
cost(9, 10, 66).
cost(9, 11, 74).
cost(9, 12, 92).
cost(9, 13, 56).
cost(9, 14, 81).
cost(9, 15, 46).
cost(9, 16, 74).
cost(9, 17, 50).
cost(9, 18, 55).
cost(9, 19, 70).
cost(9, 20, 33).
cost(9, 21, 77).
cost(9, 22, 67).
cost(10, 1, 76).
cost(10, 2, 41).
cost(10, 3, 68).
cost(10, 4, 60).
cost(10, 5, 34).
cost(10, 6, 72).
cost(10, 7, 43).
cost(10, 8, 32).
cost(10, 9, 66).
cost(10, 11, 9).
cost(10, 12, 43).
cost(10, 13, 27).
cost(10, 14, 15).
cost(10, 15, 20).
cost(10, 16, 8).
cost(10, 17, 43).
cost(10, 18, 44).
cost(10, 19, 42).
cost(10, 20, 33).
cost(10, 21, 18).
cost(10, 22, 60).
cost(11, 1, 85).
cost(11, 2, 43).
cost(11, 3, 76).
cost(11, 4, 69).
cost(11, 5, 43).
cost(11, 6, 80).
cost(11, 7, 51).
cost(11, 8, 37).
cost(11, 9, 74).
cost(11, 10, 9).
cost(11, 12, 44).
cost(11, 13, 36).
cost(11, 14, 8).
cost(11, 15, 29).
cost(11, 16, 4).
cost(11, 17, 52).
cost(11, 18, 52).
cost(11, 19, 48).
cost(11, 20, 41).
cost(11, 21, 11).
cost(11, 22, 68).
cost(12, 1, 98).
cost(12, 2, 4).
cost(12, 3, 48).
cost(12, 4, 81).
cost(12, 5, 65).
cost(12, 6, 96).
cost(12, 7, 70).
cost(12, 8, 18).
cost(12, 9, 92).
cost(12, 10, 43).
cost(12, 11, 44).
cost(12, 13, 37).
cost(12, 14, 40).
cost(12, 15, 53).
cost(12, 16, 41).
cost(12, 17, 46).
cost(12, 18, 42).
cost(12, 19, 27).
cost(12, 20, 64).
cost(12, 21, 55).
cost(12, 22, 47).
cost(13, 1, 62).
cost(13, 2, 33).
cost(13, 3, 42).
cost(13, 4, 45).
cost(13, 5, 30).
cost(13, 6, 59).
cost(13, 7, 34).
cost(13, 8, 19).
cost(13, 9, 56).
cost(13, 10, 27).
cost(13, 11, 36).
cost(13, 12, 37).
cost(13, 14, 38).
cost(13, 15, 22).
cost(13, 16, 33).
cost(13, 17, 16).
cost(13, 18, 16).
cost(13, 19, 19).
cost(13, 20, 29).
cost(13, 21, 46).
cost(13, 22, 33).
cost(14, 1, 91).
cost(14, 2, 39).
cost(14, 3, 75).
cost(14, 4, 75).
cost(14, 5, 49).
cost(14, 6, 87).
cost(14, 7, 57).
cost(14, 8, 35).
cost(14, 9, 81).
cost(14, 10, 15).
cost(14, 11, 8).
cost(14, 12, 40).
cost(14, 13, 38).
cost(14, 15, 35).
cost(14, 16, 7).
cost(14, 17, 54).
cost(14, 18, 54).
cost(14, 19, 48).
cost(14, 20, 48).
cost(14, 21, 16).
cost(14, 22, 69).
cost(15, 1, 56).
cost(15, 2, 50).
cost(15, 3, 63).
cost(15, 4, 40).
cost(15, 5, 14).
cost(15, 6, 52).
cost(15, 7, 23).
cost(15, 8, 37).
cost(15, 9, 46).
cost(15, 10, 20).
cost(15, 11, 29).
cost(15, 12, 53).
cost(15, 13, 22).
cost(15, 14, 35).
cost(15, 16, 28).
cost(15, 17, 32).
cost(15, 18, 35).
cost(15, 19, 41).
cost(15, 20, 13).
cost(15, 21, 34).
cost(15, 22, 53).
cost(16, 1, 84).
cost(16, 2, 39).
cost(16, 3, 72).
cost(16, 4, 68).
cost(16, 5, 42).
cost(16, 6, 80).
cost(16, 7, 51).
cost(16, 8, 33).
cost(16, 9, 74).
cost(16, 10, 8).
cost(16, 11, 4).
cost(16, 12, 41).
cost(16, 13, 33).
cost(16, 14, 7).
cost(16, 15, 28).
cost(16, 17, 49).
cost(16, 18, 49).
cost(16, 19, 45).
cost(16, 20, 41).
cost(16, 21, 15).
cost(16, 22, 65).
cost(17, 1, 54).
cost(17, 2, 42).
cost(17, 3, 32).
cost(17, 4, 37).
cost(17, 5, 34).
cost(17, 6, 52).
cost(17, 7, 34).
cost(17, 8, 30).
cost(17, 9, 50).
cost(17, 10, 43).
cost(17, 11, 52).
cost(17, 12, 46).
cost(17, 13, 16).
cost(17, 14, 54).
cost(17, 15, 32).
cost(17, 16, 49).
cost(17, 18, 5).
cost(17, 19, 20).
cost(17, 20, 33).
cost(17, 21, 61).
cost(17, 22, 21).
cost(18, 1, 58).
cost(18, 2, 38).
cost(18, 3, 28).
cost(18, 4, 42).
cost(18, 5, 38).
cost(18, 6, 57).
cost(18, 7, 38).
cost(18, 8, 27).
cost(18, 9, 55).
cost(18, 10, 44).
cost(18, 11, 52).
cost(18, 12, 42).
cost(18, 13, 16).
cost(18, 14, 54).
cost(18, 15, 35).
cost(18, 16, 49).
cost(18, 17, 5).
cost(18, 19, 16).
cost(18, 20, 37).
cost(18, 21, 62).
cost(18, 22, 18).
cost(19, 1, 74).
cost(19, 2, 23).
cost(19, 3, 27).
cost(19, 4, 57).
cost(19, 5, 48).
cost(19, 6, 72).
cost(19, 7, 51).
cost(19, 8, 14).
cost(19, 9, 70).
cost(19, 10, 42).
cost(19, 11, 48).
cost(19, 12, 27).
cost(19, 13, 19).
cost(19, 14, 48).
cost(19, 15, 41).
cost(19, 16, 45).
cost(19, 17, 20).
cost(19, 18, 16).
cost(19, 20, 47).
cost(19, 21, 59).
cost(19, 22, 22).
cost(20, 1, 44).
cost(20, 2, 60).
cost(20, 3, 65).
cost(20, 4, 29).
cost(20, 5, 2).
cost(20, 6, 39).
cost(20, 7, 10).
cost(20, 8, 47).
cost(20, 9, 33).
cost(20, 10, 33).
cost(20, 11, 41).
cost(20, 12, 64).
cost(20, 13, 29).
cost(20, 14, 48).
cost(20, 15, 13).
cost(20, 16, 41).
cost(20, 17, 33).
cost(20, 18, 37).
cost(20, 19, 47).
cost(20, 21, 45).
cost(20, 22, 54).
cost(21, 1, 88).
cost(21, 2, 54).
cost(21, 3, 86).
cost(21, 4, 74).
cost(21, 5, 47).
cost(21, 6, 84).
cost(21, 7, 55).
cost(21, 8, 48).
cost(21, 9, 77).
cost(21, 10, 18).
cost(21, 11, 11).
cost(21, 12, 55).
cost(21, 13, 46).
cost(21, 14, 16).
cost(21, 15, 34).
cost(21, 16, 15).
cost(21, 17, 61).
cost(21, 18, 62).
cost(21, 19, 59).
cost(21, 20, 45).
cost(21, 22, 79).
cost(22, 1, 67).
cost(22, 2, 43).
cost(22, 3, 11).
cost(22, 4, 53).
cost(22, 5, 55).
cost(22, 6, 67).
cost(22, 7, 54).
cost(22, 8, 36).
cost(22, 9, 67).
cost(22, 10, 60).
cost(22, 11, 68).
cost(22, 12, 47).
cost(22, 13, 33).
cost(22, 14, 69).
cost(22, 15, 53).
cost(22, 16, 65).
cost(22, 17, 21).
cost(22, 18, 18).
cost(22, 19, 22).
cost(22, 20, 54).
cost(22, 21, 79).
