dimension(22).
point(1, 14.7606991106, 17.518650611).
point(2, 82.2719194597, 20.5604016927).
point(3, 95.6225702039, 13.4144687714).
point(4, 30.6846901612, 61.793406604).
point(5, 18.0532263537, 66.5718977878).
point(6, 55.2419734561, 87.5928990632).
point(7, 62.6075172227, 25.5243569935).
point(8, 62.201780464, 86.4981839106).
point(9, 96.9337829367, 31.3645951708).
point(10, 9.7130302904, 4.7238506647).
point(11, 22.3524609617, 21.0408004386).
point(12, 70.8878722065, 7.034389926).
point(13, 23.8160328694, 4.7149009967).
point(14, 65.0728052693, 44.9076430261).
point(15, 28.8562337981, 69.8977644082).
point(16, 22.8543700082, 72.6372965641).
point(17, 39.0012927877, 57.6491325536).
point(18, 91.0404850456, 36.417732742).
point(19, 49.7628902991, 79.6190343407).
point(20, 88.8324476232, 23.3746721872).
point(21, 85.6105565155, 62.7059835163).
point(22, 73.1789282754, 47.3937522999).
cost(1, 2, 68).
cost(1, 3, 81).
cost(1, 4, 47).
cost(1, 5, 49).
cost(1, 6, 81).
cost(1, 7, 49).
cost(1, 8, 84).
cost(1, 9, 83).
cost(1, 10, 14).
cost(1, 11, 8).
cost(1, 12, 57).
cost(1, 13, 16).
cost(1, 14, 57).
cost(1, 15, 54).
cost(1, 16, 56).
cost(1, 17, 47).
cost(1, 18, 79).
cost(1, 19, 71).
cost(1, 20, 74).
cost(1, 21, 84).
cost(1, 22, 66).
cost(2, 1, 68).
cost(2, 3, 15).
cost(2, 4, 66).
cost(2, 5, 79).
cost(2, 6, 72).
cost(2, 7, 20).
cost(2, 8, 69).
cost(2, 9, 18).
cost(2, 10, 74).
cost(2, 11, 60).
cost(2, 12, 18).
cost(2, 13, 61).
cost(2, 14, 30).
cost(2, 15, 73).
cost(2, 16, 79).
cost(2, 17, 57).
cost(2, 18, 18).
cost(2, 19, 67).
cost(2, 20, 7).
cost(2, 21, 42).
cost(2, 22, 28).
cost(3, 1, 81).
cost(3, 2, 15).
cost(3, 4, 81).
cost(3, 5, 94).
cost(3, 6, 84).
cost(3, 7, 35).
cost(3, 8, 80).
cost(3, 9, 18).
cost(3, 10, 86).
cost(3, 11, 74).
cost(3, 12, 26).
cost(3, 13, 72).
cost(3, 14, 44).
cost(3, 15, 87).
cost(3, 16, 94).
cost(3, 17, 72).
cost(3, 18, 23).
cost(3, 19, 81).
cost(3, 20, 12).
cost(3, 21, 50).
cost(3, 22, 41).
cost(4, 1, 47).
cost(4, 2, 66).
cost(4, 3, 81).
cost(4, 5, 14).
cost(4, 6, 36).
cost(4, 7, 48).
cost(4, 8, 40).
cost(4, 9, 73).
cost(4, 10, 61).
cost(4, 11, 42).
cost(4, 12, 68).
cost(4, 13, 57).
cost(4, 14, 38).
cost(4, 15, 8).
cost(4, 16, 13).
cost(4, 17, 9).
cost(4, 18, 65).
cost(4, 19, 26).
cost(4, 20, 70).
cost(4, 21, 55).
cost(4, 22, 45).
cost(5, 1, 49).
cost(5, 2, 79).
cost(5, 3, 94).
cost(5, 4, 14).
cost(5, 6, 43).
cost(5, 7, 61).
cost(5, 8, 48).
cost(5, 9, 86).
cost(5, 10, 62).
cost(5, 11, 46).
cost(5, 12, 80).
cost(5, 13, 62).
cost(5, 14, 52).
cost(5, 15, 11).
cost(5, 16, 8).
cost(5, 17, 23).
cost(5, 18, 79).
cost(5, 19, 34).
cost(5, 20, 83).
cost(5, 21, 68).
cost(5, 22, 58).
cost(6, 1, 81).
cost(6, 2, 72).
cost(6, 3, 84).
cost(6, 4, 36).
cost(6, 5, 43).
cost(6, 7, 63).
cost(6, 8, 7).
cost(6, 9, 70).
cost(6, 10, 95).
cost(6, 11, 74).
cost(6, 12, 82).
cost(6, 13, 89).
cost(6, 14, 44).
cost(6, 15, 32).
cost(6, 16, 36).
cost(6, 17, 34).
cost(6, 18, 62).
cost(6, 19, 10).
cost(6, 20, 72).
cost(6, 21, 39).
cost(6, 22, 44).
cost(7, 1, 49).
cost(7, 2, 20).
cost(7, 3, 35).
cost(7, 4, 48).
cost(7, 5, 61).
cost(7, 6, 63).
cost(7, 8, 61).
cost(7, 9, 35).
cost(7, 10, 57).
cost(7, 11, 41).
cost(7, 12, 20).
cost(7, 13, 44).
cost(7, 14, 20).
cost(7, 15, 56).
cost(7, 16, 62).
cost(7, 17, 40).
cost(7, 18, 30).
cost(7, 19, 56).
cost(7, 20, 26).
cost(7, 21, 44).
cost(7, 22, 24).
cost(8, 1, 84).
cost(8, 2, 69).
cost(8, 3, 80).
cost(8, 4, 40).
cost(8, 5, 48).
cost(8, 6, 7).
cost(8, 7, 61).
cost(8, 9, 65).
cost(8, 10, 97).
cost(8, 11, 77).
cost(8, 12, 80).
cost(8, 13, 90).
cost(8, 14, 42).
cost(8, 15, 37).
cost(8, 16, 42).
cost(8, 17, 37).
cost(8, 18, 58).
cost(8, 19, 14).
cost(8, 20, 69).
cost(8, 21, 33).
cost(8, 22, 41).
cost(9, 1, 83).
cost(9, 2, 18).
cost(9, 3, 18).
cost(9, 4, 73).
cost(9, 5, 86).
cost(9, 6, 70).
cost(9, 7, 35).
cost(9, 8, 65).
cost(9, 10, 91).
cost(9, 11, 75).
cost(9, 12, 36).
cost(9, 13, 78).
cost(9, 14, 35).
cost(9, 15, 78).
cost(9, 16, 85).
cost(9, 17, 64).
cost(9, 18, 8).
cost(9, 19, 67).
cost(9, 20, 11).
cost(9, 21, 33).
cost(9, 22, 29).
cost(10, 1, 14).
cost(10, 2, 74).
cost(10, 3, 86).
cost(10, 4, 61).
cost(10, 5, 62).
cost(10, 6, 95).
cost(10, 7, 57).
cost(10, 8, 97).
cost(10, 9, 91).
cost(10, 11, 21).
cost(10, 12, 61).
cost(10, 13, 14).
cost(10, 14, 68).
cost(10, 15, 68).
cost(10, 16, 69).
cost(10, 17, 60).
cost(10, 18, 87).
cost(10, 19, 85).
cost(10, 20, 81).
cost(10, 21, 96).
cost(10, 22, 76).
cost(11, 1, 8).
cost(11, 2, 60).
cost(11, 3, 74).
cost(11, 4, 42).
cost(11, 5, 46).
cost(11, 6, 74).
cost(11, 7, 41).
cost(11, 8, 77).
cost(11, 9, 75).
cost(11, 10, 21).
cost(11, 12, 51).
cost(11, 13, 16).
cost(11, 14, 49).
cost(11, 15, 49).
cost(11, 16, 52).
cost(11, 17, 40).
cost(11, 18, 70).
cost(11, 19, 65).
cost(11, 20, 67).
cost(11, 21, 76).
cost(11, 22, 57).
cost(12, 1, 57).
cost(12, 2, 18).
cost(12, 3, 26).
cost(12, 4, 68).
cost(12, 5, 80).
cost(12, 6, 82).
cost(12, 7, 20).
cost(12, 8, 80).
cost(12, 9, 36).
cost(12, 10, 61).
cost(12, 11, 51).
cost(12, 13, 47).
cost(12, 14, 38).
cost(12, 15, 76).
cost(12, 16, 81).
cost(12, 17, 60).
cost(12, 18, 36).
cost(12, 19, 76).
cost(12, 20, 24).
cost(12, 21, 58).
cost(12, 22, 40).
cost(13, 1, 16).
cost(13, 2, 61).
cost(13, 3, 72).
cost(13, 4, 57).
cost(13, 5, 62).
cost(13, 6, 89).
cost(13, 7, 44).
cost(13, 8, 90).
cost(13, 9, 78).
cost(13, 10, 14).
cost(13, 11, 16).
cost(13, 12, 47).
cost(13, 14, 58).
cost(13, 15, 65).
cost(13, 16, 68).
cost(13, 17, 55).
cost(13, 18, 74).
cost(13, 19, 79).
cost(13, 20, 68).
cost(13, 21, 85).
cost(13, 22, 65).
cost(14, 1, 57).
cost(14, 2, 30).
cost(14, 3, 44).
cost(14, 4, 38).
cost(14, 5, 52).
cost(14, 6, 44).
cost(14, 7, 20).
cost(14, 8, 42).
cost(14, 9, 35).
cost(14, 10, 68).
cost(14, 11, 49).
cost(14, 12, 38).
cost(14, 13, 58).
cost(14, 15, 44).
cost(14, 16, 51).
cost(14, 17, 29).
cost(14, 18, 27).
cost(14, 19, 38).
cost(14, 20, 32).
cost(14, 21, 27).
cost(14, 22, 8).
cost(15, 1, 54).
cost(15, 2, 73).
cost(15, 3, 87).
cost(15, 4, 8).
cost(15, 5, 11).
cost(15, 6, 32).
cost(15, 7, 56).
cost(15, 8, 37).
cost(15, 9, 78).
cost(15, 10, 68).
cost(15, 11, 49).
cost(15, 12, 76).
cost(15, 13, 65).
cost(15, 14, 44).
cost(15, 16, 7).
cost(15, 17, 16).
cost(15, 18, 71).
cost(15, 19, 23).
cost(15, 20, 76).
cost(15, 21, 57).
cost(15, 22, 50).
cost(16, 1, 56).
cost(16, 2, 79).
cost(16, 3, 94).
cost(16, 4, 13).
cost(16, 5, 8).
cost(16, 6, 36).
cost(16, 7, 62).
cost(16, 8, 42).
cost(16, 9, 85).
cost(16, 10, 69).
cost(16, 11, 52).
cost(16, 12, 81).
cost(16, 13, 68).
cost(16, 14, 51).
cost(16, 15, 7).
cost(16, 17, 22).
cost(16, 18, 77).
cost(16, 19, 28).
cost(16, 20, 82).
cost(16, 21, 64).
cost(16, 22, 56).
cost(17, 1, 47).
cost(17, 2, 57).
cost(17, 3, 72).
cost(17, 4, 9).
cost(17, 5, 23).
cost(17, 6, 34).
cost(17, 7, 40).
cost(17, 8, 37).
cost(17, 9, 64).
cost(17, 10, 60).
cost(17, 11, 40).
cost(17, 12, 60).
cost(17, 13, 55).
cost(17, 14, 29).
cost(17, 15, 16).
cost(17, 16, 22).
cost(17, 18, 56).
cost(17, 19, 24).
cost(17, 20, 60).
cost(17, 21, 47).
cost(17, 22, 36).
cost(18, 1, 79).
cost(18, 2, 18).
cost(18, 3, 23).
cost(18, 4, 65).
cost(18, 5, 79).
cost(18, 6, 62).
cost(18, 7, 30).
cost(18, 8, 58).
cost(18, 9, 8).
cost(18, 10, 87).
cost(18, 11, 70).
cost(18, 12, 36).
cost(18, 13, 74).
cost(18, 14, 27).
cost(18, 15, 71).
cost(18, 16, 77).
cost(18, 17, 56).
cost(18, 19, 60).
cost(18, 20, 13).
cost(18, 21, 27).
cost(18, 22, 21).
cost(19, 1, 71).
cost(19, 2, 67).
cost(19, 3, 81).
cost(19, 4, 26).
cost(19, 5, 34).
cost(19, 6, 10).
cost(19, 7, 56).
cost(19, 8, 14).
cost(19, 9, 67).
cost(19, 10, 85).
cost(19, 11, 65).
cost(19, 12, 76).
cost(19, 13, 79).
cost(19, 14, 38).
cost(19, 15, 23).
cost(19, 16, 28).
cost(19, 17, 24).
cost(19, 18, 60).
cost(19, 20, 68).
cost(19, 21, 40).
cost(19, 22, 40).
cost(20, 1, 74).
cost(20, 2, 7).
cost(20, 3, 12).
cost(20, 4, 70).
cost(20, 5, 83).
cost(20, 6, 72).
cost(20, 7, 26).
cost(20, 8, 69).
cost(20, 9, 11).
cost(20, 10, 81).
cost(20, 11, 67).
cost(20, 12, 24).
cost(20, 13, 68).
cost(20, 14, 32).
cost(20, 15, 76).
cost(20, 16, 82).
cost(20, 17, 60).
cost(20, 18, 13).
cost(20, 19, 68).
cost(20, 21, 39).
cost(20, 22, 29).
cost(21, 1, 84).
cost(21, 2, 42).
cost(21, 3, 50).
cost(21, 4, 55).
cost(21, 5, 68).
cost(21, 6, 39).
cost(21, 7, 44).
cost(21, 8, 33).
cost(21, 9, 33).
cost(21, 10, 96).
cost(21, 11, 76).
cost(21, 12, 58).
cost(21, 13, 85).
cost(21, 14, 27).
cost(21, 15, 57).
cost(21, 16, 64).
cost(21, 17, 47).
cost(21, 18, 27).
cost(21, 19, 40).
cost(21, 20, 39).
cost(21, 22, 20).
cost(22, 1, 66).
cost(22, 2, 28).
cost(22, 3, 41).
cost(22, 4, 45).
cost(22, 5, 58).
cost(22, 6, 44).
cost(22, 7, 24).
cost(22, 8, 41).
cost(22, 9, 29).
cost(22, 10, 76).
cost(22, 11, 57).
cost(22, 12, 40).
cost(22, 13, 65).
cost(22, 14, 8).
cost(22, 15, 50).
cost(22, 16, 56).
cost(22, 17, 36).
cost(22, 18, 21).
cost(22, 19, 40).
cost(22, 20, 29).
cost(22, 21, 20).
