dimension(22).
point(1, 47.2827690001, 64.883407111).
point(2, 53.4951983075, 12.3979298697).
point(3, 83.1633840465, 50.5565143897).
point(4, 58.7117520789, 86.1757336883).
point(5, 54.1197629512, 6.8411975029).
point(6, 79.3322239078, 44.1318444356).
point(7, 32.3023773925, 57.0184667859).
point(8, 94.6058380478, 52.7754006089).
point(9, 78.6331149505, 15.2802784587).
point(10, 55.6937618719, 66.3457273648).
point(11, 35.6413447352, 96.5639382931).
point(12, 46.5425645382, 10.890296052).
point(13, 40.7066958065, 48.0746043477).
point(14, 66.7915758206, 23.0117553666).
point(15, 17.0666637257, 92.5271862293).
point(16, 91.4111782354, 61.2385411799).
point(17, 14.056290357, 53.0987586938).
point(18, 21.7837495205, 78.1243291079).
point(19, 28.7727303634, 89.2610259973).
point(20, 64.7827310478, 18.8229800604).
point(21, 24.9794281526, 48.8602782747).
point(22, 43.2550145219, 80.3913450216).
cost(1, 2, 53).
cost(1, 3, 39).
cost(1, 4, 24).
cost(1, 5, 58).
cost(1, 6, 38).
cost(1, 7, 17).
cost(1, 8, 49).
cost(1, 9, 59).
cost(1, 10, 9).
cost(1, 11, 34).
cost(1, 12, 54).
cost(1, 13, 18).
cost(1, 14, 46).
cost(1, 15, 41).
cost(1, 16, 44).
cost(1, 17, 35).
cost(1, 18, 29).
cost(1, 19, 31).
cost(1, 20, 49).
cost(1, 21, 27).
cost(1, 22, 16).
cost(2, 1, 53).
cost(2, 3, 48).
cost(2, 4, 74).
cost(2, 5, 6).
cost(2, 6, 41).
cost(2, 7, 49).
cost(2, 8, 58).
cost(2, 9, 25).
cost(2, 10, 54).
cost(2, 11, 86).
cost(2, 12, 7).
cost(2, 13, 38).
cost(2, 14, 17).
cost(2, 15, 88).
cost(2, 16, 62).
cost(2, 17, 57).
cost(2, 18, 73).
cost(2, 19, 81).
cost(2, 20, 13).
cost(2, 21, 46).
cost(2, 22, 69).
cost(3, 1, 39).
cost(3, 2, 48).
cost(3, 4, 43).
cost(3, 5, 52).
cost(3, 6, 7).
cost(3, 7, 51).
cost(3, 8, 12).
cost(3, 9, 36).
cost(3, 10, 32).
cost(3, 11, 66).
cost(3, 12, 54).
cost(3, 13, 43).
cost(3, 14, 32).
cost(3, 15, 78).
cost(3, 16, 13).
cost(3, 17, 69).
cost(3, 18, 67).
cost(3, 19, 67).
cost(3, 20, 37).
cost(3, 21, 58).
cost(3, 22, 50).
cost(4, 1, 24).
cost(4, 2, 74).
cost(4, 3, 43).
cost(4, 5, 79).
cost(4, 6, 47).
cost(4, 7, 39).
cost(4, 8, 49).
cost(4, 9, 74).
cost(4, 10, 20).
cost(4, 11, 25).
cost(4, 12, 76).
cost(4, 13, 42).
cost(4, 14, 64).
cost(4, 15, 42).
cost(4, 16, 41).
cost(4, 17, 56).
cost(4, 18, 38).
cost(4, 19, 30).
cost(4, 20, 68).
cost(4, 21, 50).
cost(4, 22, 17).
cost(5, 1, 58).
cost(5, 2, 6).
cost(5, 3, 52).
cost(5, 4, 79).
cost(5, 6, 45).
cost(5, 7, 55).
cost(5, 8, 61).
cost(5, 9, 26).
cost(5, 10, 60).
cost(5, 11, 92).
cost(5, 12, 9).
cost(5, 13, 43).
cost(5, 14, 21).
cost(5, 15, 93).
cost(5, 16, 66).
cost(5, 17, 61).
cost(5, 18, 78).
cost(5, 19, 86).
cost(5, 20, 16).
cost(5, 21, 51).
cost(5, 22, 74).
cost(6, 1, 38).
cost(6, 2, 41).
cost(6, 3, 7).
cost(6, 4, 47).
cost(6, 5, 45).
cost(6, 7, 49).
cost(6, 8, 18).
cost(6, 9, 29).
cost(6, 10, 32).
cost(6, 11, 68).
cost(6, 12, 47).
cost(6, 13, 39).
cost(6, 14, 25).
cost(6, 15, 79).
cost(6, 16, 21).
cost(6, 17, 66).
cost(6, 18, 67).
cost(6, 19, 68).
cost(6, 20, 29).
cost(6, 21, 55).
cost(6, 22, 51).
cost(7, 1, 17).
cost(7, 2, 49).
cost(7, 3, 51).
cost(7, 4, 39).
cost(7, 5, 55).
cost(7, 6, 49).
cost(7, 8, 62).
cost(7, 9, 62).
cost(7, 10, 25).
cost(7, 11, 40).
cost(7, 12, 48).
cost(7, 13, 12).
cost(7, 14, 48).
cost(7, 15, 39).
cost(7, 16, 59).
cost(7, 17, 19).
cost(7, 18, 24).
cost(7, 19, 32).
cost(7, 20, 50).
cost(7, 21, 11).
cost(7, 22, 26).
cost(8, 1, 49).
cost(8, 2, 58).
cost(8, 3, 12).
cost(8, 4, 49).
cost(8, 5, 61).
cost(8, 6, 18).
cost(8, 7, 62).
cost(8, 9, 41).
cost(8, 10, 41).
cost(8, 11, 73).
cost(8, 12, 64).
cost(8, 13, 54).
cost(8, 14, 41).
cost(8, 15, 87).
cost(8, 16, 9).
cost(8, 17, 81).
cost(8, 18, 77).
cost(8, 19, 75).
cost(8, 20, 45).
cost(8, 21, 70).
cost(8, 22, 58).
cost(9, 1, 59).
cost(9, 2, 25).
cost(9, 3, 36).
cost(9, 4, 74).
cost(9, 5, 26).
cost(9, 6, 29).
cost(9, 7, 62).
cost(9, 8, 41).
cost(9, 10, 56).
cost(9, 11, 92).
cost(9, 12, 32).
cost(9, 13, 50).
cost(9, 14, 14).
cost(9, 15, 99).
cost(9, 16, 48).
cost(9, 17, 75).
cost(9, 18, 85).
cost(9, 19, 89).
cost(9, 20, 14).
cost(9, 21, 63).
cost(9, 22, 74).
cost(10, 1, 9).
cost(10, 2, 54).
cost(10, 3, 32).
cost(10, 4, 20).
cost(10, 5, 60).
cost(10, 6, 32).
cost(10, 7, 25).
cost(10, 8, 41).
cost(10, 9, 56).
cost(10, 11, 36).
cost(10, 12, 56).
cost(10, 13, 24).
cost(10, 14, 45).
cost(10, 15, 47).
cost(10, 16, 36).
cost(10, 17, 44).
cost(10, 18, 36).
cost(10, 19, 35).
cost(10, 20, 48).
cost(10, 21, 35).
cost(10, 22, 19).
cost(11, 1, 34).
cost(11, 2, 86).
cost(11, 3, 66).
cost(11, 4, 25).
cost(11, 5, 92).
cost(11, 6, 68).
cost(11, 7, 40).
cost(11, 8, 73).
cost(11, 9, 92).
cost(11, 10, 36).
cost(11, 12, 86).
cost(11, 13, 49).
cost(11, 14, 80).
cost(11, 15, 19).
cost(11, 16, 66).
cost(11, 17, 49).
cost(11, 18, 23).
cost(11, 19, 10).
cost(11, 20, 83).
cost(11, 21, 49).
cost(11, 22, 18).
cost(12, 1, 54).
cost(12, 2, 7).
cost(12, 3, 54).
cost(12, 4, 76).
cost(12, 5, 9).
cost(12, 6, 47).
cost(12, 7, 48).
cost(12, 8, 64).
cost(12, 9, 32).
cost(12, 10, 56).
cost(12, 11, 86).
cost(12, 13, 38).
cost(12, 14, 24).
cost(12, 15, 87).
cost(12, 16, 67).
cost(12, 17, 53).
cost(12, 18, 72).
cost(12, 19, 80).
cost(12, 20, 20).
cost(12, 21, 44).
cost(12, 22, 70).
cost(13, 1, 18).
cost(13, 2, 38).
cost(13, 3, 43).
cost(13, 4, 42).
cost(13, 5, 43).
cost(13, 6, 39).
cost(13, 7, 12).
cost(13, 8, 54).
cost(13, 9, 50).
cost(13, 10, 24).
cost(13, 11, 49).
cost(13, 12, 38).
cost(13, 14, 36).
cost(13, 15, 50).
cost(13, 16, 52).
cost(13, 17, 27).
cost(13, 18, 36).
cost(13, 19, 43).
cost(13, 20, 38).
cost(13, 21, 16).
cost(13, 22, 32).
cost(14, 1, 46).
cost(14, 2, 17).
cost(14, 3, 32).
cost(14, 4, 64).
cost(14, 5, 21).
cost(14, 6, 25).
cost(14, 7, 48).
cost(14, 8, 41).
cost(14, 9, 14).
cost(14, 10, 45).
cost(14, 11, 80).
cost(14, 12, 24).
cost(14, 13, 36).
cost(14, 15, 85).
cost(14, 16, 45).
cost(14, 17, 61).
cost(14, 18, 71).
cost(14, 19, 76).
cost(14, 20, 5).
cost(14, 21, 49).
cost(14, 22, 62).
cost(15, 1, 41).
cost(15, 2, 88).
cost(15, 3, 78).
cost(15, 4, 42).
cost(15, 5, 93).
cost(15, 6, 79).
cost(15, 7, 39).
cost(15, 8, 87).
cost(15, 9, 99).
cost(15, 10, 47).
cost(15, 11, 19).
cost(15, 12, 87).
cost(15, 13, 50).
cost(15, 14, 85).
cost(15, 16, 81).
cost(15, 17, 40).
cost(15, 18, 15).
cost(15, 19, 12).
cost(15, 20, 88).
cost(15, 21, 44).
cost(15, 22, 29).
cost(16, 1, 44).
cost(16, 2, 62).
cost(16, 3, 13).
cost(16, 4, 41).
cost(16, 5, 66).
cost(16, 6, 21).
cost(16, 7, 59).
cost(16, 8, 9).
cost(16, 9, 48).
cost(16, 10, 36).
cost(16, 11, 66).
cost(16, 12, 67).
cost(16, 13, 52).
cost(16, 14, 45).
cost(16, 15, 81).
cost(16, 17, 78).
cost(16, 18, 72).
cost(16, 19, 69).
cost(16, 20, 50).
cost(16, 21, 68).
cost(16, 22, 52).
cost(17, 1, 35).
cost(17, 2, 57).
cost(17, 3, 69).
cost(17, 4, 56).
cost(17, 5, 61).
cost(17, 6, 66).
cost(17, 7, 19).
cost(17, 8, 81).
cost(17, 9, 75).
cost(17, 10, 44).
cost(17, 11, 49).
cost(17, 12, 53).
cost(17, 13, 27).
cost(17, 14, 61).
cost(17, 15, 40).
cost(17, 16, 78).
cost(17, 18, 26).
cost(17, 19, 39).
cost(17, 20, 61).
cost(17, 21, 12).
cost(17, 22, 40).
cost(18, 1, 29).
cost(18, 2, 73).
cost(18, 3, 67).
cost(18, 4, 38).
cost(18, 5, 78).
cost(18, 6, 67).
cost(18, 7, 24).
cost(18, 8, 77).
cost(18, 9, 85).
cost(18, 10, 36).
cost(18, 11, 23).
cost(18, 12, 72).
cost(18, 13, 36).
cost(18, 14, 71).
cost(18, 15, 15).
cost(18, 16, 72).
cost(18, 17, 26).
cost(18, 19, 13).
cost(18, 20, 73).
cost(18, 21, 29).
cost(18, 22, 22).
cost(19, 1, 31).
cost(19, 2, 81).
cost(19, 3, 67).
cost(19, 4, 30).
cost(19, 5, 86).
cost(19, 6, 68).
cost(19, 7, 32).
cost(19, 8, 75).
cost(19, 9, 89).
cost(19, 10, 35).
cost(19, 11, 10).
cost(19, 12, 80).
cost(19, 13, 43).
cost(19, 14, 76).
cost(19, 15, 12).
cost(19, 16, 69).
cost(19, 17, 39).
cost(19, 18, 13).
cost(19, 20, 79).
cost(19, 21, 41).
cost(19, 22, 17).
cost(20, 1, 49).
cost(20, 2, 13).
cost(20, 3, 37).
cost(20, 4, 68).
cost(20, 5, 16).
cost(20, 6, 29).
cost(20, 7, 50).
cost(20, 8, 45).
cost(20, 9, 14).
cost(20, 10, 48).
cost(20, 11, 83).
cost(20, 12, 20).
cost(20, 13, 38).
cost(20, 14, 5).
cost(20, 15, 88).
cost(20, 16, 50).
cost(20, 17, 61).
cost(20, 18, 73).
cost(20, 19, 79).
cost(20, 21, 50).
cost(20, 22, 65).
cost(21, 1, 27).
cost(21, 2, 46).
cost(21, 3, 58).
cost(21, 4, 50).
cost(21, 5, 51).
cost(21, 6, 55).
cost(21, 7, 11).
cost(21, 8, 70).
cost(21, 9, 63).
cost(21, 10, 35).
cost(21, 11, 49).
cost(21, 12, 44).
cost(21, 13, 16).
cost(21, 14, 49).
cost(21, 15, 44).
cost(21, 16, 68).
cost(21, 17, 12).
cost(21, 18, 29).
cost(21, 19, 41).
cost(21, 20, 50).
cost(21, 22, 36).
cost(22, 1, 16).
cost(22, 2, 69).
cost(22, 3, 50).
cost(22, 4, 17).
cost(22, 5, 74).
cost(22, 6, 51).
cost(22, 7, 26).
cost(22, 8, 58).
cost(22, 9, 74).
cost(22, 10, 19).
cost(22, 11, 18).
cost(22, 12, 70).
cost(22, 13, 32).
cost(22, 14, 62).
cost(22, 15, 29).
cost(22, 16, 52).
cost(22, 17, 40).
cost(22, 18, 22).
cost(22, 19, 17).
cost(22, 20, 65).
cost(22, 21, 36).
