dimension(22).
point(1, 52.272060722, 11.6340914861).
point(2, 72.4197984163, 18.3926298893).
point(3, 29.9564547293, 60.9624566895).
point(4, 35.7835768316, 38.0277572275).
point(5, 70.614644958, 53.7623542928).
point(6, 94.945827042, 92.2246745058).
point(7, 64.8607347102, 21.4411371377).
point(8, 67.7761965833, 57.4684984152).
point(9, 47.8206400127, 51.4040439194).
point(10, 3.7948952101, 16.842696776).
point(11, 69.3006729553, 95.7398211895).
point(12, 90.0779042643, 75.8253458734).
point(13, 8.4679336092, 19.1634609848).
point(14, 43.2236893766, 84.2217787058).
point(15, 63.0167203548, 43.9363598735).
point(16, 17.5010298499, 15.937758102).
point(17, 53.4102407738, 92.0523993501).
point(18, 64.4727171964, 78.1759217413).
point(19, 8.2076735883, 48.3602489487).
point(20, 66.2324232216, 74.9712721353).
point(21, 73.0346951041, 4.1130257453).
point(22, 81.1166342929, 96.1788491423).
cost(1, 2, 21).
cost(1, 3, 54).
cost(1, 4, 31).
cost(1, 5, 46).
cost(1, 6, 91).
cost(1, 7, 16).
cost(1, 8, 48).
cost(1, 9, 40).
cost(1, 10, 49).
cost(1, 11, 86).
cost(1, 12, 74).
cost(1, 13, 44).
cost(1, 14, 73).
cost(1, 15, 34).
cost(1, 16, 35).
cost(1, 17, 80).
cost(1, 18, 68).
cost(1, 19, 57).
cost(1, 20, 65).
cost(1, 21, 22).
cost(1, 22, 89).
cost(2, 1, 21).
cost(2, 3, 60).
cost(2, 4, 42).
cost(2, 5, 35).
cost(2, 6, 77).
cost(2, 7, 8).
cost(2, 8, 39).
cost(2, 9, 41).
cost(2, 10, 69).
cost(2, 11, 77).
cost(2, 12, 60).
cost(2, 13, 64).
cost(2, 14, 72).
cost(2, 15, 27).
cost(2, 16, 55).
cost(2, 17, 76).
cost(2, 18, 60).
cost(2, 19, 71).
cost(2, 20, 57).
cost(2, 21, 14).
cost(2, 22, 78).
cost(3, 1, 54).
cost(3, 2, 60).
cost(3, 4, 24).
cost(3, 5, 41).
cost(3, 6, 72).
cost(3, 7, 53).
cost(3, 8, 38).
cost(3, 9, 20).
cost(3, 10, 51).
cost(3, 11, 53).
cost(3, 12, 62).
cost(3, 13, 47).
cost(3, 14, 27).
cost(3, 15, 37).
cost(3, 16, 47).
cost(3, 17, 39).
cost(3, 18, 39).
cost(3, 19, 25).
cost(3, 20, 39).
cost(3, 21, 71).
cost(3, 22, 62).
cost(4, 1, 31).
cost(4, 2, 42).
cost(4, 3, 24).
cost(4, 5, 38).
cost(4, 6, 80).
cost(4, 7, 33).
cost(4, 8, 37).
cost(4, 9, 18).
cost(4, 10, 38).
cost(4, 11, 67).
cost(4, 12, 66).
cost(4, 13, 33).
cost(4, 14, 47).
cost(4, 15, 28).
cost(4, 16, 29).
cost(4, 17, 57).
cost(4, 18, 49).
cost(4, 19, 29).
cost(4, 20, 48).
cost(4, 21, 50).
cost(4, 22, 74).
cost(5, 1, 46).
cost(5, 2, 35).
cost(5, 3, 41).
cost(5, 4, 38).
cost(5, 6, 46).
cost(5, 7, 33).
cost(5, 8, 5).
cost(5, 9, 23).
cost(5, 10, 76).
cost(5, 11, 42).
cost(5, 12, 29).
cost(5, 13, 71).
cost(5, 14, 41).
cost(5, 15, 12).
cost(5, 16, 65).
cost(5, 17, 42).
cost(5, 18, 25).
cost(5, 19, 63).
cost(5, 20, 22).
cost(5, 21, 50).
cost(5, 22, 44).
cost(6, 1, 91).
cost(6, 2, 77).
cost(6, 3, 72).
cost(6, 4, 80).
cost(6, 5, 46).
cost(6, 7, 77).
cost(6, 8, 44).
cost(6, 9, 62).
cost(6, 10, 118).
cost(6, 11, 26).
cost(6, 12, 17).
cost(6, 13, 113).
cost(6, 14, 52).
cost(6, 15, 58).
cost(6, 16, 109).
cost(6, 17, 42).
cost(6, 18, 34).
cost(6, 19, 97).
cost(6, 20, 33).
cost(6, 21, 91).
cost(6, 22, 14).
cost(7, 1, 16).
cost(7, 2, 8).
cost(7, 3, 53).
cost(7, 4, 33).
cost(7, 5, 33).
cost(7, 6, 77).
cost(7, 8, 36).
cost(7, 9, 34).
cost(7, 10, 61).
cost(7, 11, 74).
cost(7, 12, 60).
cost(7, 13, 56).
cost(7, 14, 66).
cost(7, 15, 23).
cost(7, 16, 48).
cost(7, 17, 72).
cost(7, 18, 57).
cost(7, 19, 63).
cost(7, 20, 54).
cost(7, 21, 19).
cost(7, 22, 76).
cost(8, 1, 48).
cost(8, 2, 39).
cost(8, 3, 38).
cost(8, 4, 37).
cost(8, 5, 5).
cost(8, 6, 44).
cost(8, 7, 36).
cost(8, 9, 21).
cost(8, 10, 76).
cost(8, 11, 38).
cost(8, 12, 29).
cost(8, 13, 71).
cost(8, 14, 36).
cost(8, 15, 14).
cost(8, 16, 65).
cost(8, 17, 37).
cost(8, 18, 21).
cost(8, 19, 60).
cost(8, 20, 18).
cost(8, 21, 54).
cost(8, 22, 41).
cost(9, 1, 40).
cost(9, 2, 41).
cost(9, 3, 20).
cost(9, 4, 18).
cost(9, 5, 23).
cost(9, 6, 62).
cost(9, 7, 34).
cost(9, 8, 21).
cost(9, 10, 56).
cost(9, 11, 49).
cost(9, 12, 49).
cost(9, 13, 51).
cost(9, 14, 33).
cost(9, 15, 17).
cost(9, 16, 47).
cost(9, 17, 41).
cost(9, 18, 32).
cost(9, 19, 40).
cost(9, 20, 30).
cost(9, 21, 54).
cost(9, 22, 56).
cost(10, 1, 49).
cost(10, 2, 69).
cost(10, 3, 51).
cost(10, 4, 38).
cost(10, 5, 76).
cost(10, 6, 118).
cost(10, 7, 61).
cost(10, 8, 76).
cost(10, 9, 56).
cost(10, 11, 103).
cost(10, 12, 105).
cost(10, 13, 5).
cost(10, 14, 78).
cost(10, 15, 65).
cost(10, 16, 14).
cost(10, 17, 90).
cost(10, 18, 86).
cost(10, 19, 32).
cost(10, 20, 85).
cost(10, 21, 70).
cost(10, 22, 111).
cost(11, 1, 86).
cost(11, 2, 77).
cost(11, 3, 53).
cost(11, 4, 67).
cost(11, 5, 42).
cost(11, 6, 26).
cost(11, 7, 74).
cost(11, 8, 38).
cost(11, 9, 49).
cost(11, 10, 103).
cost(11, 12, 29).
cost(11, 13, 98).
cost(11, 14, 29).
cost(11, 15, 52).
cost(11, 16, 95).
cost(11, 17, 16).
cost(11, 18, 18).
cost(11, 19, 77).
cost(11, 20, 21).
cost(11, 21, 92).
cost(11, 22, 12).
cost(12, 1, 74).
cost(12, 2, 60).
cost(12, 3, 62).
cost(12, 4, 66).
cost(12, 5, 29).
cost(12, 6, 17).
cost(12, 7, 60).
cost(12, 8, 29).
cost(12, 9, 49).
cost(12, 10, 105).
cost(12, 11, 29).
cost(12, 13, 99).
cost(12, 14, 48).
cost(12, 15, 42).
cost(12, 16, 94).
cost(12, 17, 40).
cost(12, 18, 26).
cost(12, 19, 86).
cost(12, 20, 24).
cost(12, 21, 74).
cost(12, 22, 22).
cost(13, 1, 44).
cost(13, 2, 64).
cost(13, 3, 47).
cost(13, 4, 33).
cost(13, 5, 71).
cost(13, 6, 113).
cost(13, 7, 56).
cost(13, 8, 71).
cost(13, 9, 51).
cost(13, 10, 5).
cost(13, 11, 98).
cost(13, 12, 99).
cost(13, 14, 74).
cost(13, 15, 60).
cost(13, 16, 10).
cost(13, 17, 86).
cost(13, 18, 81).
cost(13, 19, 29).
cost(13, 20, 80).
cost(13, 21, 66).
cost(13, 22, 106).
cost(14, 1, 73).
cost(14, 2, 72).
cost(14, 3, 27).
cost(14, 4, 47).
cost(14, 5, 41).
cost(14, 6, 52).
cost(14, 7, 66).
cost(14, 8, 36).
cost(14, 9, 33).
cost(14, 10, 78).
cost(14, 11, 29).
cost(14, 12, 48).
cost(14, 13, 74).
cost(14, 15, 45).
cost(14, 16, 73).
cost(14, 17, 13).
cost(14, 18, 22).
cost(14, 19, 50).
cost(14, 20, 25).
cost(14, 21, 85).
cost(14, 22, 40).
cost(15, 1, 34).
cost(15, 2, 27).
cost(15, 3, 37).
cost(15, 4, 28).
cost(15, 5, 12).
cost(15, 6, 58).
cost(15, 7, 23).
cost(15, 8, 14).
cost(15, 9, 17).
cost(15, 10, 65).
cost(15, 11, 52).
cost(15, 12, 42).
cost(15, 13, 60).
cost(15, 14, 45).
cost(15, 16, 53).
cost(15, 17, 49).
cost(15, 18, 34).
cost(15, 19, 55).
cost(15, 20, 31).
cost(15, 21, 41).
cost(15, 22, 55).
cost(16, 1, 35).
cost(16, 2, 55).
cost(16, 3, 47).
cost(16, 4, 29).
cost(16, 5, 65).
cost(16, 6, 109).
cost(16, 7, 48).
cost(16, 8, 65).
cost(16, 9, 47).
cost(16, 10, 14).
cost(16, 11, 95).
cost(16, 12, 94).
cost(16, 13, 10).
cost(16, 14, 73).
cost(16, 15, 53).
cost(16, 17, 84).
cost(16, 18, 78).
cost(16, 19, 34).
cost(16, 20, 77).
cost(16, 21, 57).
cost(16, 22, 102).
cost(17, 1, 80).
cost(17, 2, 76).
cost(17, 3, 39).
cost(17, 4, 57).
cost(17, 5, 42).
cost(17, 6, 42).
cost(17, 7, 72).
cost(17, 8, 37).
cost(17, 9, 41).
cost(17, 10, 90).
cost(17, 11, 16).
cost(17, 12, 40).
cost(17, 13, 86).
cost(17, 14, 13).
cost(17, 15, 49).
cost(17, 16, 84).
cost(17, 18, 18).
cost(17, 19, 63).
cost(17, 20, 21).
cost(17, 21, 90).
cost(17, 22, 28).
cost(18, 1, 68).
cost(18, 2, 60).
cost(18, 3, 39).
cost(18, 4, 49).
cost(18, 5, 25).
cost(18, 6, 34).
cost(18, 7, 57).
cost(18, 8, 21).
cost(18, 9, 32).
cost(18, 10, 86).
cost(18, 11, 18).
cost(18, 12, 26).
cost(18, 13, 81).
cost(18, 14, 22).
cost(18, 15, 34).
cost(18, 16, 78).
cost(18, 17, 18).
cost(18, 19, 64).
cost(18, 20, 4).
cost(18, 21, 75).
cost(18, 22, 25).
cost(19, 1, 57).
cost(19, 2, 71).
cost(19, 3, 25).
cost(19, 4, 29).
cost(19, 5, 63).
cost(19, 6, 97).
cost(19, 7, 63).
cost(19, 8, 60).
cost(19, 9, 40).
cost(19, 10, 32).
cost(19, 11, 77).
cost(19, 12, 86).
cost(19, 13, 29).
cost(19, 14, 50).
cost(19, 15, 55).
cost(19, 16, 34).
cost(19, 17, 63).
cost(19, 18, 64).
cost(19, 20, 64).
cost(19, 21, 78).
cost(19, 22, 87).
cost(20, 1, 65).
cost(20, 2, 57).
cost(20, 3, 39).
cost(20, 4, 48).
cost(20, 5, 22).
cost(20, 6, 33).
cost(20, 7, 54).
cost(20, 8, 18).
cost(20, 9, 30).
cost(20, 10, 85).
cost(20, 11, 21).
cost(20, 12, 24).
cost(20, 13, 80).
cost(20, 14, 25).
cost(20, 15, 31).
cost(20, 16, 77).
cost(20, 17, 21).
cost(20, 18, 4).
cost(20, 19, 64).
cost(20, 21, 71).
cost(20, 22, 26).
cost(21, 1, 22).
cost(21, 2, 14).
cost(21, 3, 71).
cost(21, 4, 50).
cost(21, 5, 50).
cost(21, 6, 91).
cost(21, 7, 19).
cost(21, 8, 54).
cost(21, 9, 54).
cost(21, 10, 70).
cost(21, 11, 92).
cost(21, 12, 74).
cost(21, 13, 66).
cost(21, 14, 85).
cost(21, 15, 41).
cost(21, 16, 57).
cost(21, 17, 90).
cost(21, 18, 75).
cost(21, 19, 78).
cost(21, 20, 71).
cost(21, 22, 92).
cost(22, 1, 89).
cost(22, 2, 78).
cost(22, 3, 62).
cost(22, 4, 74).
cost(22, 5, 44).
cost(22, 6, 14).
cost(22, 7, 76).
cost(22, 8, 41).
cost(22, 9, 56).
cost(22, 10, 111).
cost(22, 11, 12).
cost(22, 12, 22).
cost(22, 13, 106).
cost(22, 14, 40).
cost(22, 15, 55).
cost(22, 16, 102).
cost(22, 17, 28).
cost(22, 18, 25).
cost(22, 19, 87).
cost(22, 20, 26).
cost(22, 21, 92).
