dimension(22).
point(1, 24.7999053669, 41.0157866186).
point(2, 0.1276210101, 54.9569517251).
point(3, 50.0720287319, 5.0229168797).
point(4, 1.594183733, 55.5001535387).
point(5, 4.7965195118, 53.6199135405).
point(6, 81.9996650068, 21.0135173597).
point(7, 26.3727028298, 9.4186865662).
point(8, 27.4087353605, 46.0144705539).
point(9, 91.5702766638, 68.8281838011).
point(10, 12.353828161, 38.2958996468).
point(11, 10.7599921186, 55.3402802045).
point(12, 46.797448801, 14.9147027721).
point(13, 90.7297597896, 83.2181726144).
point(14, 89.8546715134, 74.9997491975).
point(15, 70.2999426135, 32.1877089275).
point(16, 52.4786039497, 7.9928606404).
point(17, 55.0463927756, 29.4773745003).
point(18, 37.2162616877, 5.3858551995).
point(19, 28.4167188962, 18.6460606262).
point(20, 57.2517964999, 26.328686196).
point(21, 19.0264811677, 51.1052374191).
point(22, 77.4948650756, 77.0470621097).
cost(1, 2, 28).
cost(1, 3, 44).
cost(1, 4, 27).
cost(1, 5, 24).
cost(1, 6, 61).
cost(1, 7, 32).
cost(1, 8, 6).
cost(1, 9, 72).
cost(1, 10, 13).
cost(1, 11, 20).
cost(1, 12, 34).
cost(1, 13, 78).
cost(1, 14, 73).
cost(1, 15, 46).
cost(1, 16, 43).
cost(1, 17, 32).
cost(1, 18, 38).
cost(1, 19, 23).
cost(1, 20, 36).
cost(1, 21, 12).
cost(1, 22, 64).
cost(2, 1, 28).
cost(2, 3, 71).
cost(2, 4, 2).
cost(2, 5, 5).
cost(2, 6, 89).
cost(2, 7, 53).
cost(2, 8, 29).
cost(2, 9, 92).
cost(2, 10, 21).
cost(2, 11, 11).
cost(2, 12, 61).
cost(2, 13, 95).
cost(2, 14, 92).
cost(2, 15, 74).
cost(2, 16, 70).
cost(2, 17, 61).
cost(2, 18, 62).
cost(2, 19, 46).
cost(2, 20, 64).
cost(2, 21, 19).
cost(2, 22, 80).
cost(3, 1, 44).
cost(3, 2, 71).
cost(3, 4, 70).
cost(3, 5, 66).
cost(3, 6, 36).
cost(3, 7, 24).
cost(3, 8, 47).
cost(3, 9, 76).
cost(3, 10, 50).
cost(3, 11, 64).
cost(3, 12, 10).
cost(3, 13, 88).
cost(3, 14, 80).
cost(3, 15, 34).
cost(3, 16, 4).
cost(3, 17, 25).
cost(3, 18, 13).
cost(3, 19, 26).
cost(3, 20, 22).
cost(3, 21, 56).
cost(3, 22, 77).
cost(4, 1, 27).
cost(4, 2, 2).
cost(4, 3, 70).
cost(4, 5, 4).
cost(4, 6, 87).
cost(4, 7, 52).
cost(4, 8, 28).
cost(4, 9, 91).
cost(4, 10, 20).
cost(4, 11, 9).
cost(4, 12, 61).
cost(4, 13, 93).
cost(4, 14, 90).
cost(4, 15, 73).
cost(4, 16, 70).
cost(4, 17, 59).
cost(4, 18, 61).
cost(4, 19, 46).
cost(4, 20, 63).
cost(4, 21, 18).
cost(4, 22, 79).
cost(5, 1, 24).
cost(5, 2, 5).
cost(5, 3, 66).
cost(5, 4, 4).
cost(5, 6, 84).
cost(5, 7, 49).
cost(5, 8, 24).
cost(5, 9, 88).
cost(5, 10, 17).
cost(5, 11, 6).
cost(5, 12, 57).
cost(5, 13, 91).
cost(5, 14, 88).
cost(5, 15, 69).
cost(5, 16, 66).
cost(5, 17, 56).
cost(5, 18, 58).
cost(5, 19, 42).
cost(5, 20, 59).
cost(5, 21, 14).
cost(5, 22, 76).
cost(6, 1, 61).
cost(6, 2, 89).
cost(6, 3, 36).
cost(6, 4, 87).
cost(6, 5, 84).
cost(6, 7, 57).
cost(6, 8, 60).
cost(6, 9, 49).
cost(6, 10, 72).
cost(6, 11, 79).
cost(6, 12, 36).
cost(6, 13, 63).
cost(6, 14, 55).
cost(6, 15, 16).
cost(6, 16, 32).
cost(6, 17, 28).
cost(6, 18, 47).
cost(6, 19, 54).
cost(6, 20, 25).
cost(6, 21, 70).
cost(6, 22, 56).
cost(7, 1, 32).
cost(7, 2, 53).
cost(7, 3, 24).
cost(7, 4, 52).
cost(7, 5, 49).
cost(7, 6, 57).
cost(7, 8, 37).
cost(7, 9, 88).
cost(7, 10, 32).
cost(7, 11, 49).
cost(7, 12, 21).
cost(7, 13, 98).
cost(7, 14, 91).
cost(7, 15, 49).
cost(7, 16, 26).
cost(7, 17, 35).
cost(7, 18, 12).
cost(7, 19, 9).
cost(7, 20, 35).
cost(7, 21, 42).
cost(7, 22, 85).
cost(8, 1, 6).
cost(8, 2, 29).
cost(8, 3, 47).
cost(8, 4, 28).
cost(8, 5, 24).
cost(8, 6, 60).
cost(8, 7, 37).
cost(8, 9, 68).
cost(8, 10, 17).
cost(8, 11, 19).
cost(8, 12, 37).
cost(8, 13, 73).
cost(8, 14, 69).
cost(8, 15, 45).
cost(8, 16, 46).
cost(8, 17, 32).
cost(8, 18, 42).
cost(8, 19, 27).
cost(8, 20, 36).
cost(8, 21, 10).
cost(8, 22, 59).
cost(9, 1, 72).
cost(9, 2, 92).
cost(9, 3, 76).
cost(9, 4, 91).
cost(9, 5, 88).
cost(9, 6, 49).
cost(9, 7, 88).
cost(9, 8, 68).
cost(9, 10, 85).
cost(9, 11, 82).
cost(9, 12, 70).
cost(9, 13, 14).
cost(9, 14, 6).
cost(9, 15, 42).
cost(9, 16, 72).
cost(9, 17, 54).
cost(9, 18, 84).
cost(9, 19, 81).
cost(9, 20, 55).
cost(9, 21, 75).
cost(9, 22, 16).
cost(10, 1, 13).
cost(10, 2, 21).
cost(10, 3, 50).
cost(10, 4, 20).
cost(10, 5, 17).
cost(10, 6, 72).
cost(10, 7, 32).
cost(10, 8, 17).
cost(10, 9, 85).
cost(10, 11, 17).
cost(10, 12, 42).
cost(10, 13, 90).
cost(10, 14, 86).
cost(10, 15, 58).
cost(10, 16, 50).
cost(10, 17, 44).
cost(10, 18, 41).
cost(10, 19, 25).
cost(10, 20, 46).
cost(10, 21, 14).
cost(10, 22, 76).
cost(11, 1, 20).
cost(11, 2, 11).
cost(11, 3, 64).
cost(11, 4, 9).
cost(11, 5, 6).
cost(11, 6, 79).
cost(11, 7, 49).
cost(11, 8, 19).
cost(11, 9, 82).
cost(11, 10, 17).
cost(11, 12, 54).
cost(11, 13, 85).
cost(11, 14, 82).
cost(11, 15, 64).
cost(11, 16, 63).
cost(11, 17, 51).
cost(11, 18, 57).
cost(11, 19, 41).
cost(11, 20, 55).
cost(11, 21, 9).
cost(11, 22, 70).
cost(12, 1, 34).
cost(12, 2, 61).
cost(12, 3, 10).
cost(12, 4, 61).
cost(12, 5, 57).
cost(12, 6, 36).
cost(12, 7, 21).
cost(12, 8, 37).
cost(12, 9, 70).
cost(12, 10, 42).
cost(12, 11, 54).
cost(12, 13, 81).
cost(12, 14, 74).
cost(12, 15, 29).
cost(12, 16, 9).
cost(12, 17, 17).
cost(12, 18, 14).
cost(12, 19, 19).
cost(12, 20, 15).
cost(12, 21, 46).
cost(12, 22, 69).
cost(13, 1, 78).
cost(13, 2, 95).
cost(13, 3, 88).
cost(13, 4, 93).
cost(13, 5, 91).
cost(13, 6, 63).
cost(13, 7, 98).
cost(13, 8, 73).
cost(13, 9, 14).
cost(13, 10, 90).
cost(13, 11, 85).
cost(13, 12, 81).
cost(13, 14, 8).
cost(13, 15, 55).
cost(13, 16, 84).
cost(13, 17, 65).
cost(13, 18, 94).
cost(13, 19, 90).
cost(13, 20, 66).
cost(13, 21, 79).
cost(13, 22, 15).
cost(14, 1, 73).
cost(14, 2, 92).
cost(14, 3, 80).
cost(14, 4, 90).
cost(14, 5, 88).
cost(14, 6, 55).
cost(14, 7, 91).
cost(14, 8, 69).
cost(14, 9, 6).
cost(14, 10, 86).
cost(14, 11, 82).
cost(14, 12, 74).
cost(14, 13, 8).
cost(14, 15, 47).
cost(14, 16, 77).
cost(14, 17, 57).
cost(14, 18, 87).
cost(14, 19, 83).
cost(14, 20, 59).
cost(14, 21, 75).
cost(14, 22, 13).
cost(15, 1, 46).
cost(15, 2, 74).
cost(15, 3, 34).
cost(15, 4, 73).
cost(15, 5, 69).
cost(15, 6, 16).
cost(15, 7, 49).
cost(15, 8, 45).
cost(15, 9, 42).
cost(15, 10, 58).
cost(15, 11, 64).
cost(15, 12, 29).
cost(15, 13, 55).
cost(15, 14, 47).
cost(15, 16, 30).
cost(15, 17, 15).
cost(15, 18, 43).
cost(15, 19, 44).
cost(15, 20, 14).
cost(15, 21, 55).
cost(15, 22, 45).
cost(16, 1, 43).
cost(16, 2, 70).
cost(16, 3, 4).
cost(16, 4, 70).
cost(16, 5, 66).
cost(16, 6, 32).
cost(16, 7, 26).
cost(16, 8, 46).
cost(16, 9, 72).
cost(16, 10, 50).
cost(16, 11, 63).
cost(16, 12, 9).
cost(16, 13, 84).
cost(16, 14, 77).
cost(16, 15, 30).
cost(16, 17, 22).
cost(16, 18, 15).
cost(16, 19, 26).
cost(16, 20, 19).
cost(16, 21, 55).
cost(16, 22, 73).
cost(17, 1, 32).
cost(17, 2, 61).
cost(17, 3, 25).
cost(17, 4, 59).
cost(17, 5, 56).
cost(17, 6, 28).
cost(17, 7, 35).
cost(17, 8, 32).
cost(17, 9, 54).
cost(17, 10, 44).
cost(17, 11, 51).
cost(17, 12, 17).
cost(17, 13, 65).
cost(17, 14, 57).
cost(17, 15, 15).
cost(17, 16, 22).
cost(17, 18, 30).
cost(17, 19, 29).
cost(17, 20, 4).
cost(17, 21, 42).
cost(17, 22, 53).
cost(18, 1, 38).
cost(18, 2, 62).
cost(18, 3, 13).
cost(18, 4, 61).
cost(18, 5, 58).
cost(18, 6, 47).
cost(18, 7, 12).
cost(18, 8, 42).
cost(18, 9, 84).
cost(18, 10, 41).
cost(18, 11, 57).
cost(18, 12, 14).
cost(18, 13, 94).
cost(18, 14, 87).
cost(18, 15, 43).
cost(18, 16, 15).
cost(18, 17, 30).
cost(18, 19, 16).
cost(18, 20, 29).
cost(18, 21, 49).
cost(18, 22, 82).
cost(19, 1, 23).
cost(19, 2, 46).
cost(19, 3, 26).
cost(19, 4, 46).
cost(19, 5, 42).
cost(19, 6, 54).
cost(19, 7, 9).
cost(19, 8, 27).
cost(19, 9, 81).
cost(19, 10, 25).
cost(19, 11, 41).
cost(19, 12, 19).
cost(19, 13, 90).
cost(19, 14, 83).
cost(19, 15, 44).
cost(19, 16, 26).
cost(19, 17, 29).
cost(19, 18, 16).
cost(19, 20, 30).
cost(19, 21, 34).
cost(19, 22, 76).
cost(20, 1, 36).
cost(20, 2, 64).
cost(20, 3, 22).
cost(20, 4, 63).
cost(20, 5, 59).
cost(20, 6, 25).
cost(20, 7, 35).
cost(20, 8, 36).
cost(20, 9, 55).
cost(20, 10, 46).
cost(20, 11, 55).
cost(20, 12, 15).
cost(20, 13, 66).
cost(20, 14, 59).
cost(20, 15, 14).
cost(20, 16, 19).
cost(20, 17, 4).
cost(20, 18, 29).
cost(20, 19, 30).
cost(20, 21, 46).
cost(20, 22, 55).
cost(21, 1, 12).
cost(21, 2, 19).
cost(21, 3, 56).
cost(21, 4, 18).
cost(21, 5, 14).
cost(21, 6, 70).
cost(21, 7, 42).
cost(21, 8, 10).
cost(21, 9, 75).
cost(21, 10, 14).
cost(21, 11, 9).
cost(21, 12, 46).
cost(21, 13, 79).
cost(21, 14, 75).
cost(21, 15, 55).
cost(21, 16, 55).
cost(21, 17, 42).
cost(21, 18, 49).
cost(21, 19, 34).
cost(21, 20, 46).
cost(21, 22, 64).
cost(22, 1, 64).
cost(22, 2, 80).
cost(22, 3, 77).
cost(22, 4, 79).
cost(22, 5, 76).
cost(22, 6, 56).
cost(22, 7, 85).
cost(22, 8, 59).
cost(22, 9, 16).
cost(22, 10, 76).
cost(22, 11, 70).
cost(22, 12, 69).
cost(22, 13, 15).
cost(22, 14, 13).
cost(22, 15, 45).
cost(22, 16, 73).
cost(22, 17, 53).
cost(22, 18, 82).
cost(22, 19, 76).
cost(22, 20, 55).
cost(22, 21, 64).
