dimension(22).
point(1, 14.1850164495, 12.6035387061).
point(2, 60.9333777291, 20.3977739692).
point(3, 37.2659212151, 29.9533024735).
point(4, 61.2105628496, 88.3365950663).
point(5, 60.9754791907, 62.2446241254).
point(6, 72.2232046479, 93.957635374).
point(7, 23.7703142859, 47.3577873249).
point(8, 43.7521587345, 71.0152423749).
point(9, 50.4963772763, 37.774342805).
point(10, 64.9374989341, 51.1642465466).
point(11, 35.7150098143, 15.7695517708).
point(12, 52.4831973867, 53.2482083892).
point(13, 44.5391744261, 31.7792283603).
point(14, 48.5011769447, 34.8884207665).
point(15, 87.1664059045, 91.9109653142).
point(16, 74.786132848, 45.2114338675).
point(17, 23.5891887596, 48.2891233951).
point(18, 57.5738987373, 27.6871392658).
point(19, 93.1608423482, 63.3601467894).
point(20, 45.3435945994, 75.9742856977).
point(21, 21.8761596964, 16.5165615968).
point(22, 5.1533598392, 36.7382301471).
cost(1, 2, 47).
cost(1, 3, 29).
cost(1, 4, 89).
cost(1, 5, 68).
cost(1, 6, 100).
cost(1, 7, 36).
cost(1, 8, 65).
cost(1, 9, 44).
cost(1, 10, 64).
cost(1, 11, 22).
cost(1, 12, 56).
cost(1, 13, 36).
cost(1, 14, 41).
cost(1, 15, 108).
cost(1, 16, 69).
cost(1, 17, 37).
cost(1, 18, 46).
cost(1, 19, 94).
cost(1, 20, 71).
cost(1, 21, 9).
cost(1, 22, 26).
cost(2, 1, 47).
cost(2, 3, 26).
cost(2, 4, 68).
cost(2, 5, 42).
cost(2, 6, 74).
cost(2, 7, 46).
cost(2, 8, 53).
cost(2, 9, 20).
cost(2, 10, 31).
cost(2, 11, 26).
cost(2, 12, 34).
cost(2, 13, 20).
cost(2, 14, 19).
cost(2, 15, 76).
cost(2, 16, 28).
cost(2, 17, 47).
cost(2, 18, 8).
cost(2, 19, 54).
cost(2, 20, 58).
cost(2, 21, 39).
cost(2, 22, 58).
cost(3, 1, 29).
cost(3, 2, 26).
cost(3, 4, 63).
cost(3, 5, 40).
cost(3, 6, 73).
cost(3, 7, 22).
cost(3, 8, 42).
cost(3, 9, 15).
cost(3, 10, 35).
cost(3, 11, 14).
cost(3, 12, 28).
cost(3, 13, 7).
cost(3, 14, 12).
cost(3, 15, 80).
cost(3, 16, 41).
cost(3, 17, 23).
cost(3, 18, 20).
cost(3, 19, 65).
cost(3, 20, 47).
cost(3, 21, 20).
cost(3, 22, 33).
cost(4, 1, 89).
cost(4, 2, 68).
cost(4, 3, 63).
cost(4, 5, 26).
cost(4, 6, 12).
cost(4, 7, 56).
cost(4, 8, 25).
cost(4, 9, 52).
cost(4, 10, 37).
cost(4, 11, 77).
cost(4, 12, 36).
cost(4, 13, 59).
cost(4, 14, 55).
cost(4, 15, 26).
cost(4, 16, 45).
cost(4, 17, 55).
cost(4, 18, 61).
cost(4, 19, 41).
cost(4, 20, 20).
cost(4, 21, 82).
cost(4, 22, 76).
cost(5, 1, 68).
cost(5, 2, 42).
cost(5, 3, 40).
cost(5, 4, 26).
cost(5, 6, 34).
cost(5, 7, 40).
cost(5, 8, 19).
cost(5, 9, 27).
cost(5, 10, 12).
cost(5, 11, 53).
cost(5, 12, 12).
cost(5, 13, 35).
cost(5, 14, 30).
cost(5, 15, 40).
cost(5, 16, 22).
cost(5, 17, 40).
cost(5, 18, 35).
cost(5, 19, 32).
cost(5, 20, 21).
cost(5, 21, 60).
cost(5, 22, 61).
cost(6, 1, 100).
cost(6, 2, 74).
cost(6, 3, 73).
cost(6, 4, 12).
cost(6, 5, 34).
cost(6, 7, 67).
cost(6, 8, 37).
cost(6, 9, 60).
cost(6, 10, 43).
cost(6, 11, 86).
cost(6, 12, 45).
cost(6, 13, 68).
cost(6, 14, 64).
cost(6, 15, 15).
cost(6, 16, 49).
cost(6, 17, 67).
cost(6, 18, 68).
cost(6, 19, 37).
cost(6, 20, 32).
cost(6, 21, 92).
cost(6, 22, 88).
cost(7, 1, 36).
cost(7, 2, 46).
cost(7, 3, 22).
cost(7, 4, 56).
cost(7, 5, 40).
cost(7, 6, 67).
cost(7, 8, 31).
cost(7, 9, 28).
cost(7, 10, 41).
cost(7, 11, 34).
cost(7, 12, 29).
cost(7, 13, 26).
cost(7, 14, 28).
cost(7, 15, 77).
cost(7, 16, 51).
cost(7, 17, 1).
cost(7, 18, 39).
cost(7, 19, 71).
cost(7, 20, 36).
cost(7, 21, 31).
cost(7, 22, 21).
cost(8, 1, 65).
cost(8, 2, 53).
cost(8, 3, 42).
cost(8, 4, 25).
cost(8, 5, 19).
cost(8, 6, 37).
cost(8, 7, 31).
cost(8, 9, 34).
cost(8, 10, 29).
cost(8, 11, 56).
cost(8, 12, 20).
cost(8, 13, 39).
cost(8, 14, 36).
cost(8, 15, 48).
cost(8, 16, 40).
cost(8, 17, 30).
cost(8, 18, 45).
cost(8, 19, 50).
cost(8, 20, 5).
cost(8, 21, 59).
cost(8, 22, 52).
cost(9, 1, 44).
cost(9, 2, 20).
cost(9, 3, 15).
cost(9, 4, 52).
cost(9, 5, 27).
cost(9, 6, 60).
cost(9, 7, 28).
cost(9, 8, 34).
cost(9, 10, 20).
cost(9, 11, 27).
cost(9, 12, 16).
cost(9, 13, 8).
cost(9, 14, 4).
cost(9, 15, 65).
cost(9, 16, 25).
cost(9, 17, 29).
cost(9, 18, 12).
cost(9, 19, 50).
cost(9, 20, 39).
cost(9, 21, 36).
cost(9, 22, 45).
cost(10, 1, 64).
cost(10, 2, 31).
cost(10, 3, 35).
cost(10, 4, 37).
cost(10, 5, 12).
cost(10, 6, 43).
cost(10, 7, 41).
cost(10, 8, 29).
cost(10, 9, 20).
cost(10, 11, 46).
cost(10, 12, 13).
cost(10, 13, 28).
cost(10, 14, 23).
cost(10, 15, 46).
cost(10, 16, 12).
cost(10, 17, 41).
cost(10, 18, 25).
cost(10, 19, 31).
cost(10, 20, 32).
cost(10, 21, 55).
cost(10, 22, 62).
cost(11, 1, 22).
cost(11, 2, 26).
cost(11, 3, 14).
cost(11, 4, 77).
cost(11, 5, 53).
cost(11, 6, 86).
cost(11, 7, 34).
cost(11, 8, 56).
cost(11, 9, 27).
cost(11, 10, 46).
cost(11, 12, 41).
cost(11, 13, 18).
cost(11, 14, 23).
cost(11, 15, 92).
cost(11, 16, 49).
cost(11, 17, 35).
cost(11, 18, 25).
cost(11, 19, 75).
cost(11, 20, 61).
cost(11, 21, 14).
cost(11, 22, 37).
cost(12, 1, 56).
cost(12, 2, 34).
cost(12, 3, 28).
cost(12, 4, 36).
cost(12, 5, 12).
cost(12, 6, 45).
cost(12, 7, 29).
cost(12, 8, 20).
cost(12, 9, 16).
cost(12, 10, 13).
cost(12, 11, 41).
cost(12, 13, 23).
cost(12, 14, 19).
cost(12, 15, 52).
cost(12, 16, 24).
cost(12, 17, 29).
cost(12, 18, 26).
cost(12, 19, 42).
cost(12, 20, 24).
cost(12, 21, 48).
cost(12, 22, 50).
cost(13, 1, 36).
cost(13, 2, 20).
cost(13, 3, 7).
cost(13, 4, 59).
cost(13, 5, 35).
cost(13, 6, 68).
cost(13, 7, 26).
cost(13, 8, 39).
cost(13, 9, 8).
cost(13, 10, 28).
cost(13, 11, 18).
cost(13, 12, 23).
cost(13, 14, 5).
cost(13, 15, 74).
cost(13, 16, 33).
cost(13, 17, 27).
cost(13, 18, 14).
cost(13, 19, 58).
cost(13, 20, 44).
cost(13, 21, 27).
cost(13, 22, 40).
cost(14, 1, 41).
cost(14, 2, 19).
cost(14, 3, 12).
cost(14, 4, 55).
cost(14, 5, 30).
cost(14, 6, 64).
cost(14, 7, 28).
cost(14, 8, 36).
cost(14, 9, 4).
cost(14, 10, 23).
cost(14, 11, 23).
cost(14, 12, 19).
cost(14, 13, 5).
cost(14, 15, 69).
cost(14, 16, 28).
cost(14, 17, 28).
cost(14, 18, 12).
cost(14, 19, 53).
cost(14, 20, 41).
cost(14, 21, 32).
cost(14, 22, 43).
cost(15, 1, 108).
cost(15, 2, 76).
cost(15, 3, 80).
cost(15, 4, 26).
cost(15, 5, 40).
cost(15, 6, 15).
cost(15, 7, 77).
cost(15, 8, 48).
cost(15, 9, 65).
cost(15, 10, 46).
cost(15, 11, 92).
cost(15, 12, 52).
cost(15, 13, 74).
cost(15, 14, 69).
cost(15, 16, 48).
cost(15, 17, 77).
cost(15, 18, 71).
cost(15, 19, 29).
cost(15, 20, 45).
cost(15, 21, 100).
cost(15, 22, 99).
cost(16, 1, 69).
cost(16, 2, 28).
cost(16, 3, 41).
cost(16, 4, 45).
cost(16, 5, 22).
cost(16, 6, 49).
cost(16, 7, 51).
cost(16, 8, 40).
cost(16, 9, 25).
cost(16, 10, 12).
cost(16, 11, 49).
cost(16, 12, 24).
cost(16, 13, 33).
cost(16, 14, 28).
cost(16, 15, 48).
cost(16, 17, 51).
cost(16, 18, 25).
cost(16, 19, 26).
cost(16, 20, 43).
cost(16, 21, 60).
cost(16, 22, 70).
cost(17, 1, 37).
cost(17, 2, 47).
cost(17, 3, 23).
cost(17, 4, 55).
cost(17, 5, 40).
cost(17, 6, 67).
cost(17, 7, 1).
cost(17, 8, 30).
cost(17, 9, 29).
cost(17, 10, 41).
cost(17, 11, 35).
cost(17, 12, 29).
cost(17, 13, 27).
cost(17, 14, 28).
cost(17, 15, 77).
cost(17, 16, 51).
cost(17, 18, 40).
cost(17, 19, 71).
cost(17, 20, 35).
cost(17, 21, 32).
cost(17, 22, 22).
cost(18, 1, 46).
cost(18, 2, 8).
cost(18, 3, 20).
cost(18, 4, 61).
cost(18, 5, 35).
cost(18, 6, 68).
cost(18, 7, 39).
cost(18, 8, 45).
cost(18, 9, 12).
cost(18, 10, 25).
cost(18, 11, 25).
cost(18, 12, 26).
cost(18, 13, 14).
cost(18, 14, 12).
cost(18, 15, 71).
cost(18, 16, 25).
cost(18, 17, 40).
cost(18, 19, 50).
cost(18, 20, 50).
cost(18, 21, 37).
cost(18, 22, 53).
cost(19, 1, 94).
cost(19, 2, 54).
cost(19, 3, 65).
cost(19, 4, 41).
cost(19, 5, 32).
cost(19, 6, 37).
cost(19, 7, 71).
cost(19, 8, 50).
cost(19, 9, 50).
cost(19, 10, 31).
cost(19, 11, 75).
cost(19, 12, 42).
cost(19, 13, 58).
cost(19, 14, 53).
cost(19, 15, 29).
cost(19, 16, 26).
cost(19, 17, 71).
cost(19, 18, 50).
cost(19, 20, 49).
cost(19, 21, 85).
cost(19, 22, 92).
cost(20, 1, 71).
cost(20, 2, 58).
cost(20, 3, 47).
cost(20, 4, 20).
cost(20, 5, 21).
cost(20, 6, 32).
cost(20, 7, 36).
cost(20, 8, 5).
cost(20, 9, 39).
cost(20, 10, 32).
cost(20, 11, 61).
cost(20, 12, 24).
cost(20, 13, 44).
cost(20, 14, 41).
cost(20, 15, 45).
cost(20, 16, 43).
cost(20, 17, 35).
cost(20, 18, 50).
cost(20, 19, 49).
cost(20, 21, 64).
cost(20, 22, 56).
cost(21, 1, 9).
cost(21, 2, 39).
cost(21, 3, 20).
cost(21, 4, 82).
cost(21, 5, 60).
cost(21, 6, 92).
cost(21, 7, 31).
cost(21, 8, 59).
cost(21, 9, 36).
cost(21, 10, 55).
cost(21, 11, 14).
cost(21, 12, 48).
cost(21, 13, 27).
cost(21, 14, 32).
cost(21, 15, 100).
cost(21, 16, 60).
cost(21, 17, 32).
cost(21, 18, 37).
cost(21, 19, 85).
cost(21, 20, 64).
cost(21, 22, 26).
cost(22, 1, 26).
cost(22, 2, 58).
cost(22, 3, 33).
cost(22, 4, 76).
cost(22, 5, 61).
cost(22, 6, 88).
cost(22, 7, 21).
cost(22, 8, 52).
cost(22, 9, 45).
cost(22, 10, 62).
cost(22, 11, 37).
cost(22, 12, 50).
cost(22, 13, 40).
cost(22, 14, 43).
cost(22, 15, 99).
cost(22, 16, 70).
cost(22, 17, 22).
cost(22, 18, 53).
cost(22, 19, 92).
cost(22, 20, 56).
cost(22, 21, 26).
