dimension(22).
point(1, 46.3678593044, 73.1219981985).
point(2, 20.2364331461, 54.5107730061).
point(3, 42.0697330658, 11.7977264465).
point(4, 12.5657712767, 61.0699743671).
point(5, 93.4385835048, 6.9659398778).
point(6, 5.3191824216, 50.6492823842).
point(7, 45.9389192352, 36.2123310837).
point(8, 71.870396055, 74.812912332).
point(9, 84.8742521041, 36.3994937627).
point(10, 6.2267636388, 46.8507082293).
point(11, 70.9717286069, 94.7014024966).
point(12, 85.7680495163, 88.1715043011).
point(13, 91.5771089651, 36.3755581971).
point(14, 53.7719669182, 16.6198396991).
point(15, 38.4870447662, 51.6523913393).
point(16, 24.2950547646, 26.7147926849).
point(17, 29.9649049853, 77.045332168).
point(18, 56.1280123897, 14.9065891467).
point(19, 81.6774248705, 78.9697737334).
point(20, 74.4295704161, 18.9178839509).
point(21, 18.231374074, 89.2834769018).
point(22, 42.8788532861, 61.5705774919).
cost(1, 2, 32).
cost(1, 3, 61).
cost(1, 4, 36).
cost(1, 5, 81).
cost(1, 6, 47).
cost(1, 7, 37).
cost(1, 8, 26).
cost(1, 9, 53).
cost(1, 10, 48).
cost(1, 11, 33).
cost(1, 12, 42).
cost(1, 13, 58).
cost(1, 14, 57).
cost(1, 15, 23).
cost(1, 16, 51).
cost(1, 17, 17).
cost(1, 18, 59).
cost(1, 19, 36).
cost(1, 20, 61).
cost(1, 21, 32).
cost(1, 22, 12).
cost(2, 1, 32).
cost(2, 3, 48).
cost(2, 4, 10).
cost(2, 5, 87).
cost(2, 6, 15).
cost(2, 7, 32).
cost(2, 8, 55).
cost(2, 9, 67).
cost(2, 10, 16).
cost(2, 11, 65).
cost(2, 12, 74).
cost(2, 13, 74).
cost(2, 14, 51).
cost(2, 15, 18).
cost(2, 16, 28).
cost(2, 17, 25).
cost(2, 18, 53).
cost(2, 19, 66).
cost(2, 20, 65).
cost(2, 21, 35).
cost(2, 22, 24).
cost(3, 1, 61).
cost(3, 2, 48).
cost(3, 4, 57).
cost(3, 5, 52).
cost(3, 6, 53).
cost(3, 7, 25).
cost(3, 8, 70).
cost(3, 9, 49).
cost(3, 10, 50).
cost(3, 11, 88).
cost(3, 12, 88).
cost(3, 13, 55).
cost(3, 14, 13).
cost(3, 15, 40).
cost(3, 16, 23).
cost(3, 17, 66).
cost(3, 18, 14).
cost(3, 19, 78).
cost(3, 20, 33).
cost(3, 21, 81).
cost(3, 22, 50).
cost(4, 1, 36).
cost(4, 2, 10).
cost(4, 3, 57).
cost(4, 5, 97).
cost(4, 6, 13).
cost(4, 7, 42).
cost(4, 8, 61).
cost(4, 9, 76).
cost(4, 10, 16).
cost(4, 11, 67).
cost(4, 12, 78).
cost(4, 13, 83).
cost(4, 14, 61).
cost(4, 15, 28).
cost(4, 16, 36).
cost(4, 17, 24).
cost(4, 18, 63).
cost(4, 19, 71).
cost(4, 20, 75).
cost(4, 21, 29).
cost(4, 22, 30).
cost(5, 1, 81).
cost(5, 2, 87).
cost(5, 3, 52).
cost(5, 4, 97).
cost(5, 6, 98).
cost(5, 7, 56).
cost(5, 8, 71).
cost(5, 9, 31).
cost(5, 10, 96).
cost(5, 11, 91).
cost(5, 12, 82).
cost(5, 13, 29).
cost(5, 14, 41).
cost(5, 15, 71).
cost(5, 16, 72).
cost(5, 17, 95).
cost(5, 18, 38).
cost(5, 19, 73).
cost(5, 20, 22).
cost(5, 21, 112).
cost(5, 22, 74).
cost(6, 1, 47).
cost(6, 2, 15).
cost(6, 3, 53).
cost(6, 4, 13).
cost(6, 5, 98).
cost(6, 7, 43).
cost(6, 8, 71).
cost(6, 9, 81).
cost(6, 10, 4).
cost(6, 11, 79).
cost(6, 12, 89).
cost(6, 13, 87).
cost(6, 14, 59).
cost(6, 15, 33).
cost(6, 16, 31).
cost(6, 17, 36).
cost(6, 18, 62).
cost(6, 19, 81).
cost(6, 20, 76).
cost(6, 21, 41).
cost(6, 22, 39).
cost(7, 1, 37).
cost(7, 2, 32).
cost(7, 3, 25).
cost(7, 4, 42).
cost(7, 5, 56).
cost(7, 6, 43).
cost(7, 8, 47).
cost(7, 9, 39).
cost(7, 10, 41).
cost(7, 11, 64).
cost(7, 12, 65).
cost(7, 13, 46).
cost(7, 14, 21).
cost(7, 15, 17).
cost(7, 16, 24).
cost(7, 17, 44).
cost(7, 18, 24).
cost(7, 19, 56).
cost(7, 20, 33).
cost(7, 21, 60).
cost(7, 22, 26).
cost(8, 1, 26).
cost(8, 2, 55).
cost(8, 3, 70).
cost(8, 4, 61).
cost(8, 5, 71).
cost(8, 6, 71).
cost(8, 7, 47).
cost(8, 9, 41).
cost(8, 10, 71).
cost(8, 11, 20).
cost(8, 12, 19).
cost(8, 13, 43).
cost(8, 14, 61).
cost(8, 15, 41).
cost(8, 16, 68).
cost(8, 17, 42).
cost(8, 18, 62).
cost(8, 19, 11).
cost(8, 20, 56).
cost(8, 21, 56).
cost(8, 22, 32).
cost(9, 1, 53).
cost(9, 2, 67).
cost(9, 3, 49).
cost(9, 4, 76).
cost(9, 5, 31).
cost(9, 6, 81).
cost(9, 7, 39).
cost(9, 8, 41).
cost(9, 10, 79).
cost(9, 11, 60).
cost(9, 12, 52).
cost(9, 13, 7).
cost(9, 14, 37).
cost(9, 15, 49).
cost(9, 16, 61).
cost(9, 17, 68).
cost(9, 18, 36).
cost(9, 19, 43).
cost(9, 20, 20).
cost(9, 21, 85).
cost(9, 22, 49).
cost(10, 1, 48).
cost(10, 2, 16).
cost(10, 3, 50).
cost(10, 4, 16).
cost(10, 5, 96).
cost(10, 6, 4).
cost(10, 7, 41).
cost(10, 8, 71).
cost(10, 9, 79).
cost(10, 11, 81).
cost(10, 12, 90).
cost(10, 13, 86).
cost(10, 14, 56).
cost(10, 15, 33).
cost(10, 16, 27).
cost(10, 17, 38).
cost(10, 18, 59).
cost(10, 19, 82).
cost(10, 20, 74).
cost(10, 21, 44).
cost(10, 22, 39).
cost(11, 1, 33).
cost(11, 2, 65).
cost(11, 3, 88).
cost(11, 4, 67).
cost(11, 5, 91).
cost(11, 6, 79).
cost(11, 7, 64).
cost(11, 8, 20).
cost(11, 9, 60).
cost(11, 10, 81).
cost(11, 12, 16).
cost(11, 13, 62).
cost(11, 14, 80).
cost(11, 15, 54).
cost(11, 16, 82).
cost(11, 17, 45).
cost(11, 18, 81).
cost(11, 19, 19).
cost(11, 20, 76).
cost(11, 21, 53).
cost(11, 22, 43).
cost(12, 1, 42).
cost(12, 2, 74).
cost(12, 3, 88).
cost(12, 4, 78).
cost(12, 5, 82).
cost(12, 6, 89).
cost(12, 7, 65).
cost(12, 8, 19).
cost(12, 9, 52).
cost(12, 10, 90).
cost(12, 11, 16).
cost(12, 13, 52).
cost(12, 14, 78).
cost(12, 15, 60).
cost(12, 16, 87).
cost(12, 17, 57).
cost(12, 18, 79).
cost(12, 19, 10).
cost(12, 20, 70).
cost(12, 21, 68).
cost(12, 22, 50).
cost(13, 1, 58).
cost(13, 2, 74).
cost(13, 3, 55).
cost(13, 4, 83).
cost(13, 5, 29).
cost(13, 6, 87).
cost(13, 7, 46).
cost(13, 8, 43).
cost(13, 9, 7).
cost(13, 10, 86).
cost(13, 11, 62).
cost(13, 12, 52).
cost(13, 14, 43).
cost(13, 15, 55).
cost(13, 16, 68).
cost(13, 17, 74).
cost(13, 18, 41).
cost(13, 19, 44).
cost(13, 20, 24).
cost(13, 21, 90).
cost(13, 22, 55).
cost(14, 1, 57).
cost(14, 2, 51).
cost(14, 3, 13).
cost(14, 4, 61).
cost(14, 5, 41).
cost(14, 6, 59).
cost(14, 7, 21).
cost(14, 8, 61).
cost(14, 9, 37).
cost(14, 10, 56).
cost(14, 11, 80).
cost(14, 12, 78).
cost(14, 13, 43).
cost(14, 15, 38).
cost(14, 16, 31).
cost(14, 17, 65).
cost(14, 18, 3).
cost(14, 19, 68).
cost(14, 20, 21).
cost(14, 21, 81).
cost(14, 22, 46).
cost(15, 1, 23).
cost(15, 2, 18).
cost(15, 3, 40).
cost(15, 4, 28).
cost(15, 5, 71).
cost(15, 6, 33).
cost(15, 7, 17).
cost(15, 8, 41).
cost(15, 9, 49).
cost(15, 10, 33).
cost(15, 11, 54).
cost(15, 12, 60).
cost(15, 13, 55).
cost(15, 14, 38).
cost(15, 16, 29).
cost(15, 17, 27).
cost(15, 18, 41).
cost(15, 19, 51).
cost(15, 20, 49).
cost(15, 21, 43).
cost(15, 22, 11).
cost(16, 1, 51).
cost(16, 2, 28).
cost(16, 3, 23).
cost(16, 4, 36).
cost(16, 5, 72).
cost(16, 6, 31).
cost(16, 7, 24).
cost(16, 8, 68).
cost(16, 9, 61).
cost(16, 10, 27).
cost(16, 11, 82).
cost(16, 12, 87).
cost(16, 13, 68).
cost(16, 14, 31).
cost(16, 15, 29).
cost(16, 17, 51).
cost(16, 18, 34).
cost(16, 19, 78).
cost(16, 20, 51).
cost(16, 21, 63).
cost(16, 22, 40).
cost(17, 1, 17).
cost(17, 2, 25).
cost(17, 3, 66).
cost(17, 4, 24).
cost(17, 5, 95).
cost(17, 6, 36).
cost(17, 7, 44).
cost(17, 8, 42).
cost(17, 9, 68).
cost(17, 10, 38).
cost(17, 11, 45).
cost(17, 12, 57).
cost(17, 13, 74).
cost(17, 14, 65).
cost(17, 15, 27).
cost(17, 16, 51).
cost(17, 18, 67).
cost(17, 19, 52).
cost(17, 20, 73).
cost(17, 21, 17).
cost(17, 22, 20).
cost(18, 1, 59).
cost(18, 2, 53).
cost(18, 3, 14).
cost(18, 4, 63).
cost(18, 5, 38).
cost(18, 6, 62).
cost(18, 7, 24).
cost(18, 8, 62).
cost(18, 9, 36).
cost(18, 10, 59).
cost(18, 11, 81).
cost(18, 12, 79).
cost(18, 13, 41).
cost(18, 14, 3).
cost(18, 15, 41).
cost(18, 16, 34).
cost(18, 17, 67).
cost(18, 19, 69).
cost(18, 20, 19).
cost(18, 21, 83).
cost(18, 22, 49).
cost(19, 1, 36).
cost(19, 2, 66).
cost(19, 3, 78).
cost(19, 4, 71).
cost(19, 5, 73).
cost(19, 6, 81).
cost(19, 7, 56).
cost(19, 8, 11).
cost(19, 9, 43).
cost(19, 10, 82).
cost(19, 11, 19).
cost(19, 12, 10).
cost(19, 13, 44).
cost(19, 14, 68).
cost(19, 15, 51).
cost(19, 16, 78).
cost(19, 17, 52).
cost(19, 18, 69).
cost(19, 20, 60).
cost(19, 21, 64).
cost(19, 22, 43).
cost(20, 1, 61).
cost(20, 2, 65).
cost(20, 3, 33).
cost(20, 4, 75).
cost(20, 5, 22).
cost(20, 6, 76).
cost(20, 7, 33).
cost(20, 8, 56).
cost(20, 9, 20).
cost(20, 10, 74).
cost(20, 11, 76).
cost(20, 12, 70).
cost(20, 13, 24).
cost(20, 14, 21).
cost(20, 15, 49).
cost(20, 16, 51).
cost(20, 17, 73).
cost(20, 18, 19).
cost(20, 19, 60).
cost(20, 21, 90).
cost(20, 22, 53).
cost(21, 1, 32).
cost(21, 2, 35).
cost(21, 3, 81).
cost(21, 4, 29).
cost(21, 5, 112).
cost(21, 6, 41).
cost(21, 7, 60).
cost(21, 8, 56).
cost(21, 9, 85).
cost(21, 10, 44).
cost(21, 11, 53).
cost(21, 12, 68).
cost(21, 13, 90).
cost(21, 14, 81).
cost(21, 15, 43).
cost(21, 16, 63).
cost(21, 17, 17).
cost(21, 18, 83).
cost(21, 19, 64).
cost(21, 20, 90).
cost(21, 22, 37).
cost(22, 1, 12).
cost(22, 2, 24).
cost(22, 3, 50).
cost(22, 4, 30).
cost(22, 5, 74).
cost(22, 6, 39).
cost(22, 7, 26).
cost(22, 8, 32).
cost(22, 9, 49).
cost(22, 10, 39).
cost(22, 11, 43).
cost(22, 12, 50).
cost(22, 13, 55).
cost(22, 14, 46).
cost(22, 15, 11).
cost(22, 16, 40).
cost(22, 17, 20).
cost(22, 18, 49).
cost(22, 19, 43).
cost(22, 20, 53).
cost(22, 21, 37).
