dimension(22).
point(1, 59.5218593988, 42.2116311743).
point(2, 17.1988204906, 12.1145883118).
point(3, 73.5215754832, 69.2364234249).
point(4, 58.4727068047, 70.7060773661).
point(5, 30.1581957785, 16.8396410323).
point(6, 90.3933807788, 27.665256025).
point(7, 59.0793863783, 95.9969369344).
point(8, 32.1752104207, 62.8583427285).
point(9, 66.79834807, 51.2535134533).
point(10, 80.8816773562, 31.7682538266).
point(11, 22.341388718, 60.23283195).
point(12, 42.5215380387, 21.0232764312).
point(13, 45.3578197342, 63.1094156846).
point(14, 55.5151110748, 74.3396965472).
point(15, 84.8961262713, 23.4536619683).
point(16, 75.7094432582, 53.8530788384).
point(17, 32.369984847, 30.6016761018).
point(18, 65.5601067889, 86.4098916281).
point(19, 23.961153396, 95.4005191195).
point(20, 74.1129380527, 47.7856176655).
point(21, 60.4462054416, 95.2050988029).
point(22, 76.6067876018, 31.6859381895).
cost(1, 2, 52).
cost(1, 3, 30).
cost(1, 4, 29).
cost(1, 5, 39).
cost(1, 6, 34).
cost(1, 7, 54).
cost(1, 8, 34).
cost(1, 9, 12).
cost(1, 10, 24).
cost(1, 11, 41).
cost(1, 12, 27).
cost(1, 13, 25).
cost(1, 14, 32).
cost(1, 15, 32).
cost(1, 16, 20).
cost(1, 17, 30).
cost(1, 18, 45).
cost(1, 19, 64).
cost(1, 20, 16).
cost(1, 21, 53).
cost(1, 22, 20).
cost(2, 1, 52).
cost(2, 3, 80).
cost(2, 4, 72).
cost(2, 5, 14).
cost(2, 6, 75).
cost(2, 7, 94).
cost(2, 8, 53).
cost(2, 9, 63).
cost(2, 10, 67).
cost(2, 11, 48).
cost(2, 12, 27).
cost(2, 13, 58).
cost(2, 14, 73).
cost(2, 15, 69).
cost(2, 16, 72).
cost(2, 17, 24).
cost(2, 18, 89).
cost(2, 19, 84).
cost(2, 20, 67).
cost(2, 21, 94).
cost(2, 22, 63).
cost(3, 1, 30).
cost(3, 2, 80).
cost(3, 4, 15).
cost(3, 5, 68).
cost(3, 6, 45).
cost(3, 7, 30).
cost(3, 8, 42).
cost(3, 9, 19).
cost(3, 10, 38).
cost(3, 11, 52).
cost(3, 12, 57).
cost(3, 13, 29).
cost(3, 14, 19).
cost(3, 15, 47).
cost(3, 16, 16).
cost(3, 17, 56).
cost(3, 18, 19).
cost(3, 19, 56).
cost(3, 20, 21).
cost(3, 21, 29).
cost(3, 22, 38).
cost(4, 1, 29).
cost(4, 2, 72).
cost(4, 3, 15).
cost(4, 5, 61).
cost(4, 6, 54).
cost(4, 7, 25).
cost(4, 8, 27).
cost(4, 9, 21).
cost(4, 10, 45).
cost(4, 11, 38).
cost(4, 12, 52).
cost(4, 13, 15).
cost(4, 14, 5).
cost(4, 15, 54).
cost(4, 16, 24).
cost(4, 17, 48).
cost(4, 18, 17).
cost(4, 19, 42).
cost(4, 20, 28).
cost(4, 21, 25).
cost(4, 22, 43).
cost(5, 1, 39).
cost(5, 2, 14).
cost(5, 3, 68).
cost(5, 4, 61).
cost(5, 6, 61).
cost(5, 7, 84).
cost(5, 8, 46).
cost(5, 9, 50).
cost(5, 10, 53).
cost(5, 11, 44).
cost(5, 12, 13).
cost(5, 13, 49).
cost(5, 14, 63).
cost(5, 15, 55).
cost(5, 16, 59).
cost(5, 17, 14).
cost(5, 18, 78).
cost(5, 19, 79).
cost(5, 20, 54).
cost(5, 21, 84).
cost(5, 22, 49).
cost(6, 1, 34).
cost(6, 2, 75).
cost(6, 3, 45).
cost(6, 4, 54).
cost(6, 5, 61).
cost(6, 7, 75).
cost(6, 8, 68).
cost(6, 9, 33).
cost(6, 10, 10).
cost(6, 11, 75).
cost(6, 12, 48).
cost(6, 13, 57).
cost(6, 14, 58).
cost(6, 15, 7).
cost(6, 16, 30).
cost(6, 17, 58).
cost(6, 18, 64).
cost(6, 19, 95).
cost(6, 20, 26).
cost(6, 21, 74).
cost(6, 22, 14).
cost(7, 1, 54).
cost(7, 2, 94).
cost(7, 3, 30).
cost(7, 4, 25).
cost(7, 5, 84).
cost(7, 6, 75).
cost(7, 8, 43).
cost(7, 9, 45).
cost(7, 10, 68).
cost(7, 11, 51).
cost(7, 12, 77).
cost(7, 13, 36).
cost(7, 14, 22).
cost(7, 15, 77).
cost(7, 16, 45).
cost(7, 17, 71).
cost(7, 18, 12).
cost(7, 19, 35).
cost(7, 20, 51).
cost(7, 21, 2).
cost(7, 22, 67).
cost(8, 1, 34).
cost(8, 2, 53).
cost(8, 3, 42).
cost(8, 4, 27).
cost(8, 5, 46).
cost(8, 6, 68).
cost(8, 7, 43).
cost(8, 9, 37).
cost(8, 10, 58).
cost(8, 11, 10).
cost(8, 12, 43).
cost(8, 13, 13).
cost(8, 14, 26).
cost(8, 15, 66).
cost(8, 16, 44).
cost(8, 17, 32).
cost(8, 18, 41).
cost(8, 19, 34).
cost(8, 20, 45).
cost(8, 21, 43).
cost(8, 22, 54).
cost(9, 1, 12).
cost(9, 2, 63).
cost(9, 3, 19).
cost(9, 4, 21).
cost(9, 5, 50).
cost(9, 6, 33).
cost(9, 7, 45).
cost(9, 8, 37).
cost(9, 10, 24).
cost(9, 11, 45).
cost(9, 12, 39).
cost(9, 13, 25).
cost(9, 14, 26).
cost(9, 15, 33).
cost(9, 16, 9).
cost(9, 17, 40).
cost(9, 18, 35).
cost(9, 19, 62).
cost(9, 20, 8).
cost(9, 21, 44).
cost(9, 22, 22).
cost(10, 1, 24).
cost(10, 2, 67).
cost(10, 3, 38).
cost(10, 4, 45).
cost(10, 5, 53).
cost(10, 6, 10).
cost(10, 7, 68).
cost(10, 8, 58).
cost(10, 9, 24).
cost(10, 11, 65).
cost(10, 12, 40).
cost(10, 13, 47).
cost(10, 14, 50).
cost(10, 15, 9).
cost(10, 16, 23).
cost(10, 17, 49).
cost(10, 18, 57).
cost(10, 19, 85).
cost(10, 20, 17).
cost(10, 21, 67).
cost(10, 22, 4).
cost(11, 1, 41).
cost(11, 2, 48).
cost(11, 3, 52).
cost(11, 4, 38).
cost(11, 5, 44).
cost(11, 6, 75).
cost(11, 7, 51).
cost(11, 8, 10).
cost(11, 9, 45).
cost(11, 10, 65).
cost(11, 12, 44).
cost(11, 13, 23).
cost(11, 14, 36).
cost(11, 15, 73).
cost(11, 16, 54).
cost(11, 17, 31).
cost(11, 18, 51).
cost(11, 19, 35).
cost(11, 20, 53).
cost(11, 21, 52).
cost(11, 22, 61).
cost(12, 1, 27).
cost(12, 2, 27).
cost(12, 3, 57).
cost(12, 4, 52).
cost(12, 5, 13).
cost(12, 6, 48).
cost(12, 7, 77).
cost(12, 8, 43).
cost(12, 9, 39).
cost(12, 10, 40).
cost(12, 11, 44).
cost(12, 13, 42).
cost(12, 14, 55).
cost(12, 15, 42).
cost(12, 16, 47).
cost(12, 17, 14).
cost(12, 18, 69).
cost(12, 19, 77).
cost(12, 20, 41).
cost(12, 21, 76).
cost(12, 22, 36).
cost(13, 1, 25).
cost(13, 2, 58).
cost(13, 3, 29).
cost(13, 4, 15).
cost(13, 5, 49).
cost(13, 6, 57).
cost(13, 7, 36).
cost(13, 8, 13).
cost(13, 9, 25).
cost(13, 10, 47).
cost(13, 11, 23).
cost(13, 12, 42).
cost(13, 14, 15).
cost(13, 15, 56).
cost(13, 16, 32).
cost(13, 17, 35).
cost(13, 18, 31).
cost(13, 19, 39).
cost(13, 20, 33).
cost(13, 21, 35).
cost(13, 22, 44).
cost(14, 1, 32).
cost(14, 2, 73).
cost(14, 3, 19).
cost(14, 4, 5).
cost(14, 5, 63).
cost(14, 6, 58).
cost(14, 7, 22).
cost(14, 8, 26).
cost(14, 9, 26).
cost(14, 10, 50).
cost(14, 11, 36).
cost(14, 12, 55).
cost(14, 13, 15).
cost(14, 15, 59).
cost(14, 16, 29).
cost(14, 17, 49).
cost(14, 18, 16).
cost(14, 19, 38).
cost(14, 20, 32).
cost(14, 21, 21).
cost(14, 22, 48).
cost(15, 1, 32).
cost(15, 2, 69).
cost(15, 3, 47).
cost(15, 4, 54).
cost(15, 5, 55).
cost(15, 6, 7).
cost(15, 7, 77).
cost(15, 8, 66).
cost(15, 9, 33).
cost(15, 10, 9).
cost(15, 11, 73).
cost(15, 12, 42).
cost(15, 13, 56).
cost(15, 14, 59).
cost(15, 16, 32).
cost(15, 17, 53).
cost(15, 18, 66).
cost(15, 19, 94).
cost(15, 20, 27).
cost(15, 21, 76).
cost(15, 22, 12).
cost(16, 1, 20).
cost(16, 2, 72).
cost(16, 3, 16).
cost(16, 4, 24).
cost(16, 5, 59).
cost(16, 6, 30).
cost(16, 7, 45).
cost(16, 8, 44).
cost(16, 9, 9).
cost(16, 10, 23).
cost(16, 11, 54).
cost(16, 12, 47).
cost(16, 13, 32).
cost(16, 14, 29).
cost(16, 15, 32).
cost(16, 17, 49).
cost(16, 18, 34).
cost(16, 19, 66).
cost(16, 20, 6).
cost(16, 21, 44).
cost(16, 22, 22).
cost(17, 1, 30).
cost(17, 2, 24).
cost(17, 3, 56).
cost(17, 4, 48).
cost(17, 5, 14).
cost(17, 6, 58).
cost(17, 7, 71).
cost(17, 8, 32).
cost(17, 9, 40).
cost(17, 10, 49).
cost(17, 11, 31).
cost(17, 12, 14).
cost(17, 13, 35).
cost(17, 14, 49).
cost(17, 15, 53).
cost(17, 16, 49).
cost(17, 18, 65).
cost(17, 19, 65).
cost(17, 20, 45).
cost(17, 21, 70).
cost(17, 22, 44).
cost(18, 1, 45).
cost(18, 2, 89).
cost(18, 3, 19).
cost(18, 4, 17).
cost(18, 5, 78).
cost(18, 6, 64).
cost(18, 7, 12).
cost(18, 8, 41).
cost(18, 9, 35).
cost(18, 10, 57).
cost(18, 11, 51).
cost(18, 12, 69).
cost(18, 13, 31).
cost(18, 14, 16).
cost(18, 15, 66).
cost(18, 16, 34).
cost(18, 17, 65).
cost(18, 19, 43).
cost(18, 20, 40).
cost(18, 21, 10).
cost(18, 22, 56).
cost(19, 1, 64).
cost(19, 2, 84).
cost(19, 3, 56).
cost(19, 4, 42).
cost(19, 5, 79).
cost(19, 6, 95).
cost(19, 7, 35).
cost(19, 8, 34).
cost(19, 9, 62).
cost(19, 10, 85).
cost(19, 11, 35).
cost(19, 12, 77).
cost(19, 13, 39).
cost(19, 14, 38).
cost(19, 15, 94).
cost(19, 16, 66).
cost(19, 17, 65).
cost(19, 18, 43).
cost(19, 20, 69).
cost(19, 21, 36).
cost(19, 22, 83).
cost(20, 1, 16).
cost(20, 2, 67).
cost(20, 3, 21).
cost(20, 4, 28).
cost(20, 5, 54).
cost(20, 6, 26).
cost(20, 7, 51).
cost(20, 8, 45).
cost(20, 9, 8).
cost(20, 10, 17).
cost(20, 11, 53).
cost(20, 12, 41).
cost(20, 13, 33).
cost(20, 14, 32).
cost(20, 15, 27).
cost(20, 16, 6).
cost(20, 17, 45).
cost(20, 18, 40).
cost(20, 19, 69).
cost(20, 21, 49).
cost(20, 22, 16).
cost(21, 1, 53).
cost(21, 2, 94).
cost(21, 3, 29).
cost(21, 4, 25).
cost(21, 5, 84).
cost(21, 6, 74).
cost(21, 7, 2).
cost(21, 8, 43).
cost(21, 9, 44).
cost(21, 10, 67).
cost(21, 11, 52).
cost(21, 12, 76).
cost(21, 13, 35).
cost(21, 14, 21).
cost(21, 15, 76).
cost(21, 16, 44).
cost(21, 17, 70).
cost(21, 18, 10).
cost(21, 19, 36).
cost(21, 20, 49).
cost(21, 22, 66).
cost(22, 1, 20).
cost(22, 2, 63).
cost(22, 3, 38).
cost(22, 4, 43).
cost(22, 5, 49).
cost(22, 6, 14).
cost(22, 7, 67).
cost(22, 8, 54).
cost(22, 9, 22).
cost(22, 10, 4).
cost(22, 11, 61).
cost(22, 12, 36).
cost(22, 13, 44).
cost(22, 14, 48).
cost(22, 15, 12).
cost(22, 16, 22).
cost(22, 17, 44).
cost(22, 18, 56).
cost(22, 19, 83).
cost(22, 20, 16).
cost(22, 21, 66).
