dimension(22).
point(1, 20.8634632984, 87.7609838655).
point(2, 76.3337039769, 34.2945381373).
point(3, 51.1176416439, 43.5647156442).
point(4, 29.9821533804, 49.9857414448).
point(5, 92.1225274767, 17.6894361465).
point(6, 94.2386685367, 32.6896823407).
point(7, 15.5671267273, 95.2423910185).
point(8, 85.8631132617, 16.9004371044).
point(9, 28.0951534634, 1.8834031917).
point(10, 47.9524952855, 31.1900637019).
point(11, 43.5572637437, 90.4131006516).
point(12, 23.4842132917, 88.7491627459).
point(13, 76.3708716989, 52.7422034087).
point(14, 31.178848761, 58.5121004865).
point(15, 32.5417438732, 89.8600424744).
point(16, 86.7650289835, 28.161864852).
point(17, 90.2008353027, 64.3025195875).
point(18, 19.9436181552, 14.2134772689).
point(19, 42.5326315329, 97.9880785749).
point(20, 5.8170332119, 17.2344243879).
point(21, 73.5714383193, 36.5382181516).
point(22, 28.7829830459, 19.070898238).
cost(1, 2, 77).
cost(1, 3, 54).
cost(1, 4, 39).
cost(1, 5, 100).
cost(1, 6, 92).
cost(1, 7, 9).
cost(1, 8, 96).
cost(1, 9, 86).
cost(1, 10, 63).
cost(1, 11, 23).
cost(1, 12, 3).
cost(1, 13, 66).
cost(1, 14, 31).
cost(1, 15, 12).
cost(1, 16, 89).
cost(1, 17, 73).
cost(1, 18, 74).
cost(1, 19, 24).
cost(1, 20, 72).
cost(1, 21, 73).
cost(1, 22, 69).
cost(2, 1, 77).
cost(2, 3, 27).
cost(2, 4, 49).
cost(2, 5, 23).
cost(2, 6, 18).
cost(2, 7, 86).
cost(2, 8, 20).
cost(2, 9, 58).
cost(2, 10, 29).
cost(2, 11, 65).
cost(2, 12, 76).
cost(2, 13, 18).
cost(2, 14, 51).
cost(2, 15, 71).
cost(2, 16, 12).
cost(2, 17, 33).
cost(2, 18, 60).
cost(2, 19, 72).
cost(2, 20, 73).
cost(2, 21, 4).
cost(2, 22, 50).
cost(3, 1, 54).
cost(3, 2, 27).
cost(3, 4, 22).
cost(3, 5, 48).
cost(3, 6, 44).
cost(3, 7, 63).
cost(3, 8, 44).
cost(3, 9, 48).
cost(3, 10, 13).
cost(3, 11, 47).
cost(3, 12, 53).
cost(3, 13, 27).
cost(3, 14, 25).
cost(3, 15, 50).
cost(3, 16, 39).
cost(3, 17, 44).
cost(3, 18, 43).
cost(3, 19, 55).
cost(3, 20, 52).
cost(3, 21, 24).
cost(3, 22, 33).
cost(4, 1, 39).
cost(4, 2, 49).
cost(4, 3, 22).
cost(4, 5, 70).
cost(4, 6, 67).
cost(4, 7, 47).
cost(4, 8, 65).
cost(4, 9, 48).
cost(4, 10, 26).
cost(4, 11, 43).
cost(4, 12, 39).
cost(4, 13, 46).
cost(4, 14, 9).
cost(4, 15, 40).
cost(4, 16, 61).
cost(4, 17, 62).
cost(4, 18, 37).
cost(4, 19, 50).
cost(4, 20, 41).
cost(4, 21, 46).
cost(4, 22, 31).
cost(5, 1, 100).
cost(5, 2, 23).
cost(5, 3, 48).
cost(5, 4, 70).
cost(5, 6, 15).
cost(5, 7, 109).
cost(5, 8, 6).
cost(5, 9, 66).
cost(5, 10, 46).
cost(5, 11, 87).
cost(5, 12, 99).
cost(5, 13, 38).
cost(5, 14, 73).
cost(5, 15, 94).
cost(5, 16, 12).
cost(5, 17, 47).
cost(5, 18, 72).
cost(5, 19, 94).
cost(5, 20, 86).
cost(5, 21, 26).
cost(5, 22, 63).
cost(6, 1, 92).
cost(6, 2, 18).
cost(6, 3, 44).
cost(6, 4, 67).
cost(6, 5, 15).
cost(6, 7, 101).
cost(6, 8, 18).
cost(6, 9, 73).
cost(6, 10, 46).
cost(6, 11, 77).
cost(6, 12, 90).
cost(6, 13, 27).
cost(6, 14, 68).
cost(6, 15, 84).
cost(6, 16, 9).
cost(6, 17, 32).
cost(6, 18, 77).
cost(6, 19, 83).
cost(6, 20, 90).
cost(6, 21, 21).
cost(6, 22, 67).
cost(7, 1, 9).
cost(7, 2, 86).
cost(7, 3, 63).
cost(7, 4, 47).
cost(7, 5, 109).
cost(7, 6, 101).
cost(7, 8, 105).
cost(7, 9, 94).
cost(7, 10, 72).
cost(7, 11, 28).
cost(7, 12, 10).
cost(7, 13, 74).
cost(7, 14, 40).
cost(7, 15, 18).
cost(7, 16, 98).
cost(7, 17, 81).
cost(7, 18, 81).
cost(7, 19, 27).
cost(7, 20, 79).
cost(7, 21, 83).
cost(7, 22, 77).
cost(8, 1, 96).
cost(8, 2, 20).
cost(8, 3, 44).
cost(8, 4, 65).
cost(8, 5, 6).
cost(8, 6, 18).
cost(8, 7, 105).
cost(8, 9, 60).
cost(8, 10, 41).
cost(8, 11, 85).
cost(8, 12, 95).
cost(8, 13, 37).
cost(8, 14, 69).
cost(8, 15, 90).
cost(8, 16, 11).
cost(8, 17, 48).
cost(8, 18, 66).
cost(8, 19, 92).
cost(8, 20, 80).
cost(8, 21, 23).
cost(8, 22, 57).
cost(9, 1, 86).
cost(9, 2, 58).
cost(9, 3, 48).
cost(9, 4, 48).
cost(9, 5, 66).
cost(9, 6, 73).
cost(9, 7, 94).
cost(9, 8, 60).
cost(9, 10, 35).
cost(9, 11, 90).
cost(9, 12, 87).
cost(9, 13, 70).
cost(9, 14, 57).
cost(9, 15, 88).
cost(9, 16, 64).
cost(9, 17, 88).
cost(9, 18, 15).
cost(9, 19, 97).
cost(9, 20, 27).
cost(9, 21, 57).
cost(9, 22, 17).
cost(10, 1, 63).
cost(10, 2, 29).
cost(10, 3, 13).
cost(10, 4, 26).
cost(10, 5, 46).
cost(10, 6, 46).
cost(10, 7, 72).
cost(10, 8, 41).
cost(10, 9, 35).
cost(10, 11, 59).
cost(10, 12, 63).
cost(10, 13, 36).
cost(10, 14, 32).
cost(10, 15, 61).
cost(10, 16, 39).
cost(10, 17, 54).
cost(10, 18, 33).
cost(10, 19, 67).
cost(10, 20, 44).
cost(10, 21, 26).
cost(10, 22, 23).
cost(11, 1, 23).
cost(11, 2, 65).
cost(11, 3, 47).
cost(11, 4, 43).
cost(11, 5, 87).
cost(11, 6, 77).
cost(11, 7, 28).
cost(11, 8, 85).
cost(11, 9, 90).
cost(11, 10, 59).
cost(11, 12, 20).
cost(11, 13, 50).
cost(11, 14, 34).
cost(11, 15, 11).
cost(11, 16, 76).
cost(11, 17, 53).
cost(11, 18, 80).
cost(11, 19, 8).
cost(11, 20, 82).
cost(11, 21, 62).
cost(11, 22, 73).
cost(12, 1, 3).
cost(12, 2, 76).
cost(12, 3, 53).
cost(12, 4, 39).
cost(12, 5, 99).
cost(12, 6, 90).
cost(12, 7, 10).
cost(12, 8, 95).
cost(12, 9, 87).
cost(12, 10, 63).
cost(12, 11, 20).
cost(12, 13, 64).
cost(12, 14, 31).
cost(12, 15, 9).
cost(12, 16, 88).
cost(12, 17, 71).
cost(12, 18, 75).
cost(12, 19, 21).
cost(12, 20, 74).
cost(12, 21, 72).
cost(12, 22, 70).
cost(13, 1, 66).
cost(13, 2, 18).
cost(13, 3, 27).
cost(13, 4, 46).
cost(13, 5, 38).
cost(13, 6, 27).
cost(13, 7, 74).
cost(13, 8, 37).
cost(13, 9, 70).
cost(13, 10, 36).
cost(13, 11, 50).
cost(13, 12, 64).
cost(13, 14, 46).
cost(13, 15, 57).
cost(13, 16, 27).
cost(13, 17, 18).
cost(13, 18, 68).
cost(13, 19, 56).
cost(13, 20, 79).
cost(13, 21, 16).
cost(13, 22, 58).
cost(14, 1, 31).
cost(14, 2, 51).
cost(14, 3, 25).
cost(14, 4, 9).
cost(14, 5, 73).
cost(14, 6, 68).
cost(14, 7, 40).
cost(14, 8, 69).
cost(14, 9, 57).
cost(14, 10, 32).
cost(14, 11, 34).
cost(14, 12, 31).
cost(14, 13, 46).
cost(14, 15, 31).
cost(14, 16, 63).
cost(14, 17, 59).
cost(14, 18, 46).
cost(14, 19, 41).
cost(14, 20, 48).
cost(14, 21, 48).
cost(14, 22, 40).
cost(15, 1, 12).
cost(15, 2, 71).
cost(15, 3, 50).
cost(15, 4, 40).
cost(15, 5, 94).
cost(15, 6, 84).
cost(15, 7, 18).
cost(15, 8, 90).
cost(15, 9, 88).
cost(15, 10, 61).
cost(15, 11, 11).
cost(15, 12, 9).
cost(15, 13, 57).
cost(15, 14, 31).
cost(15, 16, 82).
cost(15, 17, 63).
cost(15, 18, 77).
cost(15, 19, 13).
cost(15, 20, 77).
cost(15, 21, 67).
cost(15, 22, 71).
cost(16, 1, 89).
cost(16, 2, 12).
cost(16, 3, 39).
cost(16, 4, 61).
cost(16, 5, 12).
cost(16, 6, 9).
cost(16, 7, 98).
cost(16, 8, 11).
cost(16, 9, 64).
cost(16, 10, 39).
cost(16, 11, 76).
cost(16, 12, 88).
cost(16, 13, 27).
cost(16, 14, 63).
cost(16, 15, 82).
cost(16, 17, 36).
cost(16, 18, 68).
cost(16, 19, 83).
cost(16, 20, 82).
cost(16, 21, 16).
cost(16, 22, 59).
cost(17, 1, 73).
cost(17, 2, 33).
cost(17, 3, 44).
cost(17, 4, 62).
cost(17, 5, 47).
cost(17, 6, 32).
cost(17, 7, 81).
cost(17, 8, 48).
cost(17, 9, 88).
cost(17, 10, 54).
cost(17, 11, 53).
cost(17, 12, 71).
cost(17, 13, 18).
cost(17, 14, 59).
cost(17, 15, 63).
cost(17, 16, 36).
cost(17, 18, 86).
cost(17, 19, 58).
cost(17, 20, 97).
cost(17, 21, 32).
cost(17, 22, 76).
cost(18, 1, 74).
cost(18, 2, 60).
cost(18, 3, 43).
cost(18, 4, 37).
cost(18, 5, 72).
cost(18, 6, 77).
cost(18, 7, 81).
cost(18, 8, 66).
cost(18, 9, 15).
cost(18, 10, 33).
cost(18, 11, 80).
cost(18, 12, 75).
cost(18, 13, 68).
cost(18, 14, 46).
cost(18, 15, 77).
cost(18, 16, 68).
cost(18, 17, 86).
cost(18, 19, 87).
cost(18, 20, 14).
cost(18, 21, 58).
cost(18, 22, 10).
cost(19, 1, 24).
cost(19, 2, 72).
cost(19, 3, 55).
cost(19, 4, 50).
cost(19, 5, 94).
cost(19, 6, 83).
cost(19, 7, 27).
cost(19, 8, 92).
cost(19, 9, 97).
cost(19, 10, 67).
cost(19, 11, 8).
cost(19, 12, 21).
cost(19, 13, 56).
cost(19, 14, 41).
cost(19, 15, 13).
cost(19, 16, 83).
cost(19, 17, 58).
cost(19, 18, 87).
cost(19, 20, 89).
cost(19, 21, 69).
cost(19, 22, 80).
cost(20, 1, 72).
cost(20, 2, 73).
cost(20, 3, 52).
cost(20, 4, 41).
cost(20, 5, 86).
cost(20, 6, 90).
cost(20, 7, 79).
cost(20, 8, 80).
cost(20, 9, 27).
cost(20, 10, 44).
cost(20, 11, 82).
cost(20, 12, 74).
cost(20, 13, 79).
cost(20, 14, 48).
cost(20, 15, 77).
cost(20, 16, 82).
cost(20, 17, 97).
cost(20, 18, 14).
cost(20, 19, 89).
cost(20, 21, 70).
cost(20, 22, 23).
cost(21, 1, 73).
cost(21, 2, 4).
cost(21, 3, 24).
cost(21, 4, 46).
cost(21, 5, 26).
cost(21, 6, 21).
cost(21, 7, 83).
cost(21, 8, 23).
cost(21, 9, 57).
cost(21, 10, 26).
cost(21, 11, 62).
cost(21, 12, 72).
cost(21, 13, 16).
cost(21, 14, 48).
cost(21, 15, 67).
cost(21, 16, 16).
cost(21, 17, 32).
cost(21, 18, 58).
cost(21, 19, 69).
cost(21, 20, 70).
cost(21, 22, 48).
cost(22, 1, 69).
cost(22, 2, 50).
cost(22, 3, 33).
cost(22, 4, 31).
cost(22, 5, 63).
cost(22, 6, 67).
cost(22, 7, 77).
cost(22, 8, 57).
cost(22, 9, 17).
cost(22, 10, 23).
cost(22, 11, 73).
cost(22, 12, 70).
cost(22, 13, 58).
cost(22, 14, 40).
cost(22, 15, 71).
cost(22, 16, 59).
cost(22, 17, 76).
cost(22, 18, 10).
cost(22, 19, 80).
cost(22, 20, 23).
cost(22, 21, 48).
