dimension(22).
point(1, 74.5878217625, 64.6581626578).
point(2, 26.4961960675, 37.0863396907).
point(3, 44.1780051813, 23.3849453969).
point(4, 30.310453902, 61.8421560101).
point(5, 78.1502161771, 96.3024068479).
point(6, 50.1229269124, 98.0454611073).
point(7, 4.473221969, 43.3658494832).
point(8, 83.7705045154, 60.2863648481).
point(9, 49.4511433982, 10.1564889843).
point(10, 39.2003234624, 92.2832928986).
point(11, 50.5895205817, 82.191718679).
point(12, 61.5649820596, 90.8015315332).
point(13, 29.6929468832, 58.3650205086).
point(14, 59.0611968994, 48.4252962585).
point(15, 45.0008799344, 31.5484494065).
point(16, 44.849077668, 92.2382641988).
point(17, 83.2845249086, 84.9939772711).
point(18, 59.3674043725, 40.4813416395).
point(19, 39.5996513622, 6.3183037373).
point(20, 5.578233048, 26.0245557257).
point(21, 91.9262281668, 51.9199774018).
point(22, 53.2969714321, 16.5802422734).
cost(1, 2, 55).
cost(1, 3, 51).
cost(1, 4, 44).
cost(1, 5, 32).
cost(1, 6, 41).
cost(1, 7, 73).
cost(1, 8, 10).
cost(1, 9, 60).
cost(1, 10, 45).
cost(1, 11, 30).
cost(1, 12, 29).
cost(1, 13, 45).
cost(1, 14, 22).
cost(1, 15, 44).
cost(1, 16, 41).
cost(1, 17, 22).
cost(1, 18, 29).
cost(1, 19, 68).
cost(1, 20, 79).
cost(1, 21, 22).
cost(1, 22, 53).
cost(2, 1, 55).
cost(2, 3, 22).
cost(2, 4, 25).
cost(2, 5, 79).
cost(2, 6, 65).
cost(2, 7, 23).
cost(2, 8, 62).
cost(2, 9, 35).
cost(2, 10, 57).
cost(2, 11, 51).
cost(2, 12, 64).
cost(2, 13, 22).
cost(2, 14, 34).
cost(2, 15, 19).
cost(2, 16, 58).
cost(2, 17, 74).
cost(2, 18, 33).
cost(2, 19, 33).
cost(2, 20, 24).
cost(2, 21, 67).
cost(2, 22, 34).
cost(3, 1, 51).
cost(3, 2, 22).
cost(3, 4, 41).
cost(3, 5, 80).
cost(3, 6, 75).
cost(3, 7, 44).
cost(3, 8, 54).
cost(3, 9, 14).
cost(3, 10, 69).
cost(3, 11, 59).
cost(3, 12, 70).
cost(3, 13, 38).
cost(3, 14, 29).
cost(3, 15, 8).
cost(3, 16, 69).
cost(3, 17, 73).
cost(3, 18, 23).
cost(3, 19, 18).
cost(3, 20, 39).
cost(3, 21, 56).
cost(3, 22, 11).
cost(4, 1, 44).
cost(4, 2, 25).
cost(4, 3, 41).
cost(4, 5, 59).
cost(4, 6, 41).
cost(4, 7, 32).
cost(4, 8, 53).
cost(4, 9, 55).
cost(4, 10, 32).
cost(4, 11, 29).
cost(4, 12, 43).
cost(4, 13, 4).
cost(4, 14, 32).
cost(4, 15, 34).
cost(4, 16, 34).
cost(4, 17, 58).
cost(4, 18, 36).
cost(4, 19, 56).
cost(4, 20, 44).
cost(4, 21, 62).
cost(4, 22, 51).
cost(5, 1, 32).
cost(5, 2, 79).
cost(5, 3, 80).
cost(5, 4, 59).
cost(5, 6, 28).
cost(5, 7, 91).
cost(5, 8, 36).
cost(5, 9, 91).
cost(5, 10, 39).
cost(5, 11, 31).
cost(5, 12, 17).
cost(5, 13, 62).
cost(5, 14, 52).
cost(5, 15, 73).
cost(5, 16, 34).
cost(5, 17, 12).
cost(5, 18, 59).
cost(5, 19, 98).
cost(5, 20, 101).
cost(5, 21, 46).
cost(5, 22, 84).
cost(6, 1, 41).
cost(6, 2, 65).
cost(6, 3, 75).
cost(6, 4, 41).
cost(6, 5, 28).
cost(6, 7, 71).
cost(6, 8, 51).
cost(6, 9, 88).
cost(6, 10, 12).
cost(6, 11, 16).
cost(6, 12, 14).
cost(6, 13, 45).
cost(6, 14, 50).
cost(6, 15, 67).
cost(6, 16, 8).
cost(6, 17, 36).
cost(6, 18, 58).
cost(6, 19, 92).
cost(6, 20, 85).
cost(6, 21, 62).
cost(6, 22, 82).
cost(7, 1, 73).
cost(7, 2, 23).
cost(7, 3, 44).
cost(7, 4, 32).
cost(7, 5, 91).
cost(7, 6, 71).
cost(7, 8, 81).
cost(7, 9, 56).
cost(7, 10, 60).
cost(7, 11, 60).
cost(7, 12, 74).
cost(7, 13, 29).
cost(7, 14, 55).
cost(7, 15, 42).
cost(7, 16, 63).
cost(7, 17, 89).
cost(7, 18, 55).
cost(7, 19, 51).
cost(7, 20, 17).
cost(7, 21, 88).
cost(7, 22, 56).
cost(8, 1, 10).
cost(8, 2, 62).
cost(8, 3, 54).
cost(8, 4, 53).
cost(8, 5, 36).
cost(8, 6, 51).
cost(8, 7, 81).
cost(8, 9, 61).
cost(8, 10, 55).
cost(8, 11, 40).
cost(8, 12, 38).
cost(8, 13, 54).
cost(8, 14, 27).
cost(8, 15, 48).
cost(8, 16, 50).
cost(8, 17, 25).
cost(8, 18, 31).
cost(8, 19, 70).
cost(8, 20, 85).
cost(8, 21, 12).
cost(8, 22, 53).
cost(9, 1, 60).
cost(9, 2, 35).
cost(9, 3, 14).
cost(9, 4, 55).
cost(9, 5, 91).
cost(9, 6, 88).
cost(9, 7, 56).
cost(9, 8, 61).
cost(9, 10, 83).
cost(9, 11, 72).
cost(9, 12, 82).
cost(9, 13, 52).
cost(9, 14, 39).
cost(9, 15, 22).
cost(9, 16, 82).
cost(9, 17, 82).
cost(9, 18, 32).
cost(9, 19, 11).
cost(9, 20, 47).
cost(9, 21, 60).
cost(9, 22, 7).
cost(10, 1, 45).
cost(10, 2, 57).
cost(10, 3, 69).
cost(10, 4, 32).
cost(10, 5, 39).
cost(10, 6, 12).
cost(10, 7, 60).
cost(10, 8, 55).
cost(10, 9, 83).
cost(10, 11, 15).
cost(10, 12, 22).
cost(10, 13, 35).
cost(10, 14, 48).
cost(10, 15, 61).
cost(10, 16, 6).
cost(10, 17, 45).
cost(10, 18, 56).
cost(10, 19, 86).
cost(10, 20, 74).
cost(10, 21, 66).
cost(10, 22, 77).
cost(11, 1, 30).
cost(11, 2, 51).
cost(11, 3, 59).
cost(11, 4, 29).
cost(11, 5, 31).
cost(11, 6, 16).
cost(11, 7, 60).
cost(11, 8, 40).
cost(11, 9, 72).
cost(11, 10, 15).
cost(11, 12, 14).
cost(11, 13, 32).
cost(11, 14, 35).
cost(11, 15, 51).
cost(11, 16, 12).
cost(11, 17, 33).
cost(11, 18, 43).
cost(11, 19, 77).
cost(11, 20, 72).
cost(11, 21, 51).
cost(11, 22, 66).
cost(12, 1, 29).
cost(12, 2, 64).
cost(12, 3, 70).
cost(12, 4, 43).
cost(12, 5, 17).
cost(12, 6, 14).
cost(12, 7, 74).
cost(12, 8, 38).
cost(12, 9, 82).
cost(12, 10, 22).
cost(12, 11, 14).
cost(12, 13, 45).
cost(12, 14, 42).
cost(12, 15, 62).
cost(12, 16, 17).
cost(12, 17, 22).
cost(12, 18, 50).
cost(12, 19, 87).
cost(12, 20, 86).
cost(12, 21, 49).
cost(12, 22, 75).
cost(13, 1, 45).
cost(13, 2, 22).
cost(13, 3, 38).
cost(13, 4, 4).
cost(13, 5, 62).
cost(13, 6, 45).
cost(13, 7, 29).
cost(13, 8, 54).
cost(13, 9, 52).
cost(13, 10, 35).
cost(13, 11, 32).
cost(13, 12, 45).
cost(13, 14, 31).
cost(13, 15, 31).
cost(13, 16, 37).
cost(13, 17, 60).
cost(13, 18, 35).
cost(13, 19, 53).
cost(13, 20, 40).
cost(13, 21, 63).
cost(13, 22, 48).
cost(14, 1, 22).
cost(14, 2, 34).
cost(14, 3, 29).
cost(14, 4, 32).
cost(14, 5, 52).
cost(14, 6, 50).
cost(14, 7, 55).
cost(14, 8, 27).
cost(14, 9, 39).
cost(14, 10, 48).
cost(14, 11, 35).
cost(14, 12, 42).
cost(14, 13, 31).
cost(14, 15, 22).
cost(14, 16, 46).
cost(14, 17, 44).
cost(14, 18, 8).
cost(14, 19, 46).
cost(14, 20, 58).
cost(14, 21, 33).
cost(14, 22, 32).
cost(15, 1, 44).
cost(15, 2, 19).
cost(15, 3, 8).
cost(15, 4, 34).
cost(15, 5, 73).
cost(15, 6, 67).
cost(15, 7, 42).
cost(15, 8, 48).
cost(15, 9, 22).
cost(15, 10, 61).
cost(15, 11, 51).
cost(15, 12, 62).
cost(15, 13, 31).
cost(15, 14, 22).
cost(15, 16, 61).
cost(15, 17, 66).
cost(15, 18, 17).
cost(15, 19, 26).
cost(15, 20, 40).
cost(15, 21, 51).
cost(15, 22, 17).
cost(16, 1, 41).
cost(16, 2, 58).
cost(16, 3, 69).
cost(16, 4, 34).
cost(16, 5, 34).
cost(16, 6, 8).
cost(16, 7, 63).
cost(16, 8, 50).
cost(16, 9, 82).
cost(16, 10, 6).
cost(16, 11, 12).
cost(16, 12, 17).
cost(16, 13, 37).
cost(16, 14, 46).
cost(16, 15, 61).
cost(16, 17, 39).
cost(16, 18, 54).
cost(16, 19, 86).
cost(16, 20, 77).
cost(16, 21, 62).
cost(16, 22, 76).
cost(17, 1, 22).
cost(17, 2, 74).
cost(17, 3, 73).
cost(17, 4, 58).
cost(17, 5, 12).
cost(17, 6, 36).
cost(17, 7, 89).
cost(17, 8, 25).
cost(17, 9, 82).
cost(17, 10, 45).
cost(17, 11, 33).
cost(17, 12, 22).
cost(17, 13, 60).
cost(17, 14, 44).
cost(17, 15, 66).
cost(17, 16, 39).
cost(17, 18, 51).
cost(17, 19, 90).
cost(17, 20, 98).
cost(17, 21, 34).
cost(17, 22, 75).
cost(18, 1, 29).
cost(18, 2, 33).
cost(18, 3, 23).
cost(18, 4, 36).
cost(18, 5, 59).
cost(18, 6, 58).
cost(18, 7, 55).
cost(18, 8, 31).
cost(18, 9, 32).
cost(18, 10, 56).
cost(18, 11, 43).
cost(18, 12, 50).
cost(18, 13, 35).
cost(18, 14, 8).
cost(18, 15, 17).
cost(18, 16, 54).
cost(18, 17, 51).
cost(18, 19, 39).
cost(18, 20, 56).
cost(18, 21, 35).
cost(18, 22, 25).
cost(19, 1, 68).
cost(19, 2, 33).
cost(19, 3, 18).
cost(19, 4, 56).
cost(19, 5, 98).
cost(19, 6, 92).
cost(19, 7, 51).
cost(19, 8, 70).
cost(19, 9, 11).
cost(19, 10, 86).
cost(19, 11, 77).
cost(19, 12, 87).
cost(19, 13, 53).
cost(19, 14, 46).
cost(19, 15, 26).
cost(19, 16, 86).
cost(19, 17, 90).
cost(19, 18, 39).
cost(19, 20, 39).
cost(19, 21, 69).
cost(19, 22, 17).
cost(20, 1, 79).
cost(20, 2, 24).
cost(20, 3, 39).
cost(20, 4, 44).
cost(20, 5, 101).
cost(20, 6, 85).
cost(20, 7, 17).
cost(20, 8, 85).
cost(20, 9, 47).
cost(20, 10, 74).
cost(20, 11, 72).
cost(20, 12, 86).
cost(20, 13, 40).
cost(20, 14, 58).
cost(20, 15, 40).
cost(20, 16, 77).
cost(20, 17, 98).
cost(20, 18, 56).
cost(20, 19, 39).
cost(20, 21, 90).
cost(20, 22, 49).
cost(21, 1, 22).
cost(21, 2, 67).
cost(21, 3, 56).
cost(21, 4, 62).
cost(21, 5, 46).
cost(21, 6, 62).
cost(21, 7, 88).
cost(21, 8, 12).
cost(21, 9, 60).
cost(21, 10, 66).
cost(21, 11, 51).
cost(21, 12, 49).
cost(21, 13, 63).
cost(21, 14, 33).
cost(21, 15, 51).
cost(21, 16, 62).
cost(21, 17, 34).
cost(21, 18, 35).
cost(21, 19, 69).
cost(21, 20, 90).
cost(21, 22, 52).
cost(22, 1, 53).
cost(22, 2, 34).
cost(22, 3, 11).
cost(22, 4, 51).
cost(22, 5, 84).
cost(22, 6, 82).
cost(22, 7, 56).
cost(22, 8, 53).
cost(22, 9, 7).
cost(22, 10, 77).
cost(22, 11, 66).
cost(22, 12, 75).
cost(22, 13, 48).
cost(22, 14, 32).
cost(22, 15, 17).
cost(22, 16, 76).
cost(22, 17, 75).
cost(22, 18, 25).
cost(22, 19, 17).
cost(22, 20, 49).
cost(22, 21, 52).
