dimension(22).
point(1, 64.8762272102, 79.2382549178).
point(2, 29.625583753, 38.5876035246).
point(3, 49.421804323, 30.2974445114).
point(4, 77.0908421306, 75.3322128224).
point(5, 33.2115621176, 77.5779113759).
point(6, 19.3303469799, 16.226731253).
point(7, 43.1784795072, 70.2400168396).
point(8, 25.1690433905, 28.4800557249).
point(9, 63.2364728649, 59.210165086).
point(10, 34.5007500842, 8.807168103).
point(11, 64.5080238226, 20.2686324614).
point(12, 68.8472815741, 90.0977007844).
point(13, 10.8746087053, 41.4393896856).
point(14, 69.476468625, 76.5922332156).
point(15, 63.9985048457, 85.772731342).
point(16, 64.3251279515, 93.4456177024).
point(17, 10.6186603303, 52.7291459479).
point(18, 23.7408653578, 46.695471602).
point(19, 33.9303315834, 18.8533889896).
point(20, 78.4588415085, 26.3954680545).
point(21, 78.6389822724, 15.4948866013).
point(22, 64.2140379693, 70.9736995653).
cost(1, 2, 54).
cost(1, 3, 51).
cost(1, 4, 13).
cost(1, 5, 32).
cost(1, 6, 78).
cost(1, 7, 23).
cost(1, 8, 64).
cost(1, 9, 20).
cost(1, 10, 77).
cost(1, 11, 59).
cost(1, 12, 12).
cost(1, 13, 66).
cost(1, 14, 5).
cost(1, 15, 7).
cost(1, 16, 14).
cost(1, 17, 60).
cost(1, 18, 52).
cost(1, 19, 68).
cost(1, 20, 55).
cost(1, 21, 65).
cost(1, 22, 8).
cost(2, 1, 54).
cost(2, 3, 21).
cost(2, 4, 60).
cost(2, 5, 39).
cost(2, 6, 25).
cost(2, 7, 34).
cost(2, 8, 11).
cost(2, 9, 39).
cost(2, 10, 30).
cost(2, 11, 39).
cost(2, 12, 65).
cost(2, 13, 19).
cost(2, 14, 55).
cost(2, 15, 58).
cost(2, 16, 65).
cost(2, 17, 24).
cost(2, 18, 10).
cost(2, 19, 20).
cost(2, 20, 50).
cost(2, 21, 54).
cost(2, 22, 47).
cost(3, 1, 51).
cost(3, 2, 21).
cost(3, 4, 53).
cost(3, 5, 50).
cost(3, 6, 33).
cost(3, 7, 40).
cost(3, 8, 24).
cost(3, 9, 32).
cost(3, 10, 26).
cost(3, 11, 18).
cost(3, 12, 63).
cost(3, 13, 40).
cost(3, 14, 50).
cost(3, 15, 57).
cost(3, 16, 65).
cost(3, 17, 45).
cost(3, 18, 30).
cost(3, 19, 19).
cost(3, 20, 29).
cost(3, 21, 33).
cost(3, 22, 43).
cost(4, 1, 13).
cost(4, 2, 60).
cost(4, 3, 53).
cost(4, 5, 44).
cost(4, 6, 83).
cost(4, 7, 34).
cost(4, 8, 70).
cost(4, 9, 21).
cost(4, 10, 79).
cost(4, 11, 56).
cost(4, 12, 17).
cost(4, 13, 74).
cost(4, 14, 8).
cost(4, 15, 17).
cost(4, 16, 22).
cost(4, 17, 70).
cost(4, 18, 61).
cost(4, 19, 71).
cost(4, 20, 49).
cost(4, 21, 60).
cost(4, 22, 14).
cost(5, 1, 32).
cost(5, 2, 39).
cost(5, 3, 50).
cost(5, 4, 44).
cost(5, 6, 63).
cost(5, 7, 12).
cost(5, 8, 50).
cost(5, 9, 35).
cost(5, 10, 69).
cost(5, 11, 65).
cost(5, 12, 38).
cost(5, 13, 42).
cost(5, 14, 36).
cost(5, 15, 32).
cost(5, 16, 35).
cost(5, 17, 34).
cost(5, 18, 32).
cost(5, 19, 59).
cost(5, 20, 68).
cost(5, 21, 77).
cost(5, 22, 32).
cost(6, 1, 78).
cost(6, 2, 25).
cost(6, 3, 33).
cost(6, 4, 83).
cost(6, 5, 63).
cost(6, 7, 59).
cost(6, 8, 14).
cost(6, 9, 61).
cost(6, 10, 17).
cost(6, 11, 45).
cost(6, 12, 89).
cost(6, 13, 27).
cost(6, 14, 78).
cost(6, 15, 83).
cost(6, 16, 89).
cost(6, 17, 38).
cost(6, 18, 31).
cost(6, 19, 15).
cost(6, 20, 60).
cost(6, 21, 59).
cost(6, 22, 71).
cost(7, 1, 23).
cost(7, 2, 34).
cost(7, 3, 40).
cost(7, 4, 34).
cost(7, 5, 12).
cost(7, 6, 59).
cost(7, 8, 45).
cost(7, 9, 23).
cost(7, 10, 62).
cost(7, 11, 54).
cost(7, 12, 32).
cost(7, 13, 43).
cost(7, 14, 27).
cost(7, 15, 26).
cost(7, 16, 31).
cost(7, 17, 37).
cost(7, 18, 31).
cost(7, 19, 52).
cost(7, 20, 56).
cost(7, 21, 65).
cost(7, 22, 21).
cost(8, 1, 64).
cost(8, 2, 11).
cost(8, 3, 24).
cost(8, 4, 70).
cost(8, 5, 50).
cost(8, 6, 14).
cost(8, 7, 45).
cost(8, 9, 49).
cost(8, 10, 22).
cost(8, 11, 40).
cost(8, 12, 76).
cost(8, 13, 19).
cost(8, 14, 65).
cost(8, 15, 69).
cost(8, 16, 76).
cost(8, 17, 28).
cost(8, 18, 18).
cost(8, 19, 13).
cost(8, 20, 53).
cost(8, 21, 55).
cost(8, 22, 58).
cost(9, 1, 20).
cost(9, 2, 39).
cost(9, 3, 32).
cost(9, 4, 21).
cost(9, 5, 35).
cost(9, 6, 61).
cost(9, 7, 23).
cost(9, 8, 49).
cost(9, 10, 58).
cost(9, 11, 39).
cost(9, 12, 31).
cost(9, 13, 55).
cost(9, 14, 18).
cost(9, 15, 27).
cost(9, 16, 34).
cost(9, 17, 53).
cost(9, 18, 41).
cost(9, 19, 50).
cost(9, 20, 36).
cost(9, 21, 46).
cost(9, 22, 12).
cost(10, 1, 77).
cost(10, 2, 30).
cost(10, 3, 26).
cost(10, 4, 79).
cost(10, 5, 69).
cost(10, 6, 17).
cost(10, 7, 62).
cost(10, 8, 22).
cost(10, 9, 58).
cost(10, 11, 32).
cost(10, 12, 88).
cost(10, 13, 40).
cost(10, 14, 76).
cost(10, 15, 82).
cost(10, 16, 90).
cost(10, 17, 50).
cost(10, 18, 39).
cost(10, 19, 10).
cost(10, 20, 47).
cost(10, 21, 45).
cost(10, 22, 69).
cost(11, 1, 59).
cost(11, 2, 39).
cost(11, 3, 18).
cost(11, 4, 56).
cost(11, 5, 65).
cost(11, 6, 45).
cost(11, 7, 54).
cost(11, 8, 40).
cost(11, 9, 39).
cost(11, 10, 32).
cost(11, 12, 70).
cost(11, 13, 58).
cost(11, 14, 57).
cost(11, 15, 66).
cost(11, 16, 73).
cost(11, 17, 63).
cost(11, 18, 49).
cost(11, 19, 31).
cost(11, 20, 15).
cost(11, 21, 15).
cost(11, 22, 51).
cost(12, 1, 12).
cost(12, 2, 65).
cost(12, 3, 63).
cost(12, 4, 17).
cost(12, 5, 38).
cost(12, 6, 89).
cost(12, 7, 32).
cost(12, 8, 76).
cost(12, 9, 31).
cost(12, 10, 88).
cost(12, 11, 70).
cost(12, 13, 76).
cost(12, 14, 14).
cost(12, 15, 6).
cost(12, 16, 6).
cost(12, 17, 69).
cost(12, 18, 63).
cost(12, 19, 79).
cost(12, 20, 64).
cost(12, 21, 75).
cost(12, 22, 20).
cost(13, 1, 66).
cost(13, 2, 19).
cost(13, 3, 40).
cost(13, 4, 74).
cost(13, 5, 42).
cost(13, 6, 27).
cost(13, 7, 43).
cost(13, 8, 19).
cost(13, 9, 55).
cost(13, 10, 40).
cost(13, 11, 58).
cost(13, 12, 76).
cost(13, 14, 68).
cost(13, 15, 69).
cost(13, 16, 75).
cost(13, 17, 11).
cost(13, 18, 14).
cost(13, 19, 32).
cost(13, 20, 69).
cost(13, 21, 73).
cost(13, 22, 61).
cost(14, 1, 5).
cost(14, 2, 55).
cost(14, 3, 50).
cost(14, 4, 8).
cost(14, 5, 36).
cost(14, 6, 78).
cost(14, 7, 27).
cost(14, 8, 65).
cost(14, 9, 18).
cost(14, 10, 76).
cost(14, 11, 57).
cost(14, 12, 14).
cost(14, 13, 68).
cost(14, 15, 11).
cost(14, 16, 18).
cost(14, 17, 64).
cost(14, 18, 55).
cost(14, 19, 68).
cost(14, 20, 51).
cost(14, 21, 62).
cost(14, 22, 8).
cost(15, 1, 7).
cost(15, 2, 58).
cost(15, 3, 57).
cost(15, 4, 17).
cost(15, 5, 32).
cost(15, 6, 83).
cost(15, 7, 26).
cost(15, 8, 69).
cost(15, 9, 27).
cost(15, 10, 82).
cost(15, 11, 66).
cost(15, 12, 6).
cost(15, 13, 69).
cost(15, 14, 11).
cost(15, 16, 8).
cost(15, 17, 63).
cost(15, 18, 56).
cost(15, 19, 73).
cost(15, 20, 61).
cost(15, 21, 72).
cost(15, 22, 15).
cost(16, 1, 14).
cost(16, 2, 65).
cost(16, 3, 65).
cost(16, 4, 22).
cost(16, 5, 35).
cost(16, 6, 89).
cost(16, 7, 31).
cost(16, 8, 76).
cost(16, 9, 34).
cost(16, 10, 90).
cost(16, 11, 73).
cost(16, 12, 6).
cost(16, 13, 75).
cost(16, 14, 18).
cost(16, 15, 8).
cost(16, 17, 67).
cost(16, 18, 62).
cost(16, 19, 81).
cost(16, 20, 69).
cost(16, 21, 79).
cost(16, 22, 22).
cost(17, 1, 60).
cost(17, 2, 24).
cost(17, 3, 45).
cost(17, 4, 70).
cost(17, 5, 34).
cost(17, 6, 38).
cost(17, 7, 37).
cost(17, 8, 28).
cost(17, 9, 53).
cost(17, 10, 50).
cost(17, 11, 63).
cost(17, 12, 69).
cost(17, 13, 11).
cost(17, 14, 64).
cost(17, 15, 63).
cost(17, 16, 67).
cost(17, 18, 14).
cost(17, 19, 41).
cost(17, 20, 73).
cost(17, 21, 78).
cost(17, 22, 57).
cost(18, 1, 52).
cost(18, 2, 10).
cost(18, 3, 30).
cost(18, 4, 61).
cost(18, 5, 32).
cost(18, 6, 31).
cost(18, 7, 31).
cost(18, 8, 18).
cost(18, 9, 41).
cost(18, 10, 39).
cost(18, 11, 49).
cost(18, 12, 63).
cost(18, 13, 14).
cost(18, 14, 55).
cost(18, 15, 56).
cost(18, 16, 62).
cost(18, 17, 14).
cost(18, 19, 30).
cost(18, 20, 58).
cost(18, 21, 63).
cost(18, 22, 47).
cost(19, 1, 68).
cost(19, 2, 20).
cost(19, 3, 19).
cost(19, 4, 71).
cost(19, 5, 59).
cost(19, 6, 15).
cost(19, 7, 52).
cost(19, 8, 13).
cost(19, 9, 50).
cost(19, 10, 10).
cost(19, 11, 31).
cost(19, 12, 79).
cost(19, 13, 32).
cost(19, 14, 68).
cost(19, 15, 73).
cost(19, 16, 81).
cost(19, 17, 41).
cost(19, 18, 30).
cost(19, 20, 45).
cost(19, 21, 45).
cost(19, 22, 60).
cost(20, 1, 55).
cost(20, 2, 50).
cost(20, 3, 29).
cost(20, 4, 49).
cost(20, 5, 68).
cost(20, 6, 60).
cost(20, 7, 56).
cost(20, 8, 53).
cost(20, 9, 36).
cost(20, 10, 47).
cost(20, 11, 15).
cost(20, 12, 64).
cost(20, 13, 69).
cost(20, 14, 51).
cost(20, 15, 61).
cost(20, 16, 69).
cost(20, 17, 73).
cost(20, 18, 58).
cost(20, 19, 45).
cost(20, 21, 11).
cost(20, 22, 47).
cost(21, 1, 65).
cost(21, 2, 54).
cost(21, 3, 33).
cost(21, 4, 60).
cost(21, 5, 77).
cost(21, 6, 59).
cost(21, 7, 65).
cost(21, 8, 55).
cost(21, 9, 46).
cost(21, 10, 45).
cost(21, 11, 15).
cost(21, 12, 75).
cost(21, 13, 73).
cost(21, 14, 62).
cost(21, 15, 72).
cost(21, 16, 79).
cost(21, 17, 78).
cost(21, 18, 63).
cost(21, 19, 45).
cost(21, 20, 11).
cost(21, 22, 57).
cost(22, 1, 8).
cost(22, 2, 47).
cost(22, 3, 43).
cost(22, 4, 14).
cost(22, 5, 32).
cost(22, 6, 71).
cost(22, 7, 21).
cost(22, 8, 58).
cost(22, 9, 12).
cost(22, 10, 69).
cost(22, 11, 51).
cost(22, 12, 20).
cost(22, 13, 61).
cost(22, 14, 8).
cost(22, 15, 15).
cost(22, 16, 22).
cost(22, 17, 57).
cost(22, 18, 47).
cost(22, 19, 60).
cost(22, 20, 47).
cost(22, 21, 57).
