dimension(22).
point(1, 29.0066560476, 56.07229582).
point(2, 25.625336129, 7.5448876544).
point(3, 57.4784828432, 26.5818366254).
point(4, 94.5803982777, 55.8334379896).
point(5, 17.8814723499, 1.7419135215).
point(6, 90.4971642782, 53.4442024842).
point(7, 88.5852733934, 93.0203548863).
point(8, 58.3990395777, 30.9885913721).
point(9, 55.0075583905, 38.4414986557).
point(10, 4.6770140901, 36.3458588838).
point(11, 17.6111048761, 44.9339976076).
point(12, 11.7040748488, 9.887624488).
point(13, 71.5604322194, 85.1616010927).
point(14, 40.3367620138, 55.0673692976).
point(15, 78.4760783909, 86.9734113635).
point(16, 49.8718280911, 18.3076111942).
point(17, 75.5374478454, 84.4326968194).
point(18, 98.9381009694, 56.698904091).
point(19, 56.9023586638, 88.305014021).
point(20, 79.1312625117, 80.0954566814).
point(21, 91.269080894, 79.3111316904).
point(22, 24.3444663602, 52.3927146152).
cost(1, 2, 49).
cost(1, 3, 41).
cost(1, 4, 66).
cost(1, 5, 55).
cost(1, 6, 62).
cost(1, 7, 70).
cost(1, 8, 39).
cost(1, 9, 31).
cost(1, 10, 31).
cost(1, 11, 16).
cost(1, 12, 49).
cost(1, 13, 52).
cost(1, 14, 11).
cost(1, 15, 58).
cost(1, 16, 43).
cost(1, 17, 54).
cost(1, 18, 70).
cost(1, 19, 43).
cost(1, 20, 56).
cost(1, 21, 66).
cost(1, 22, 6).
cost(2, 1, 49).
cost(2, 3, 37).
cost(2, 4, 84).
cost(2, 5, 10).
cost(2, 6, 79).
cost(2, 7, 106).
cost(2, 8, 40).
cost(2, 9, 43).
cost(2, 10, 36).
cost(2, 11, 38).
cost(2, 12, 14).
cost(2, 13, 90).
cost(2, 14, 50).
cost(2, 15, 95).
cost(2, 16, 27).
cost(2, 17, 92).
cost(2, 18, 88).
cost(2, 19, 87).
cost(2, 20, 90).
cost(2, 21, 97).
cost(2, 22, 45).
cost(3, 1, 41).
cost(3, 2, 37).
cost(3, 4, 47).
cost(3, 5, 47).
cost(3, 6, 43).
cost(3, 7, 73).
cost(3, 8, 5).
cost(3, 9, 12).
cost(3, 10, 54).
cost(3, 11, 44).
cost(3, 12, 49).
cost(3, 13, 60).
cost(3, 14, 33).
cost(3, 15, 64).
cost(3, 16, 11).
cost(3, 17, 61).
cost(3, 18, 51).
cost(3, 19, 62).
cost(3, 20, 58).
cost(3, 21, 63).
cost(3, 22, 42).
cost(4, 1, 66).
cost(4, 2, 84).
cost(4, 3, 47).
cost(4, 5, 94).
cost(4, 6, 5).
cost(4, 7, 38).
cost(4, 8, 44).
cost(4, 9, 43).
cost(4, 10, 92).
cost(4, 11, 78).
cost(4, 12, 95).
cost(4, 13, 37).
cost(4, 14, 54).
cost(4, 15, 35).
cost(4, 16, 58).
cost(4, 17, 34).
cost(4, 18, 4).
cost(4, 19, 50).
cost(4, 20, 29).
cost(4, 21, 24).
cost(4, 22, 70).
cost(5, 1, 55).
cost(5, 2, 10).
cost(5, 3, 47).
cost(5, 4, 94).
cost(5, 6, 89).
cost(5, 7, 115).
cost(5, 8, 50).
cost(5, 9, 52).
cost(5, 10, 37).
cost(5, 11, 43).
cost(5, 12, 10).
cost(5, 13, 99).
cost(5, 14, 58).
cost(5, 15, 105).
cost(5, 16, 36).
cost(5, 17, 101).
cost(5, 18, 98).
cost(5, 19, 95).
cost(5, 20, 99).
cost(5, 21, 107).
cost(5, 22, 51).
cost(6, 1, 62).
cost(6, 2, 79).
cost(6, 3, 43).
cost(6, 4, 5).
cost(6, 5, 89).
cost(6, 7, 40).
cost(6, 8, 39).
cost(6, 9, 39).
cost(6, 10, 88).
cost(6, 11, 73).
cost(6, 12, 90).
cost(6, 13, 37).
cost(6, 14, 50).
cost(6, 15, 36).
cost(6, 16, 54).
cost(6, 17, 34).
cost(6, 18, 9).
cost(6, 19, 48).
cost(6, 20, 29).
cost(6, 21, 26).
cost(6, 22, 66).
cost(7, 1, 70).
cost(7, 2, 106).
cost(7, 3, 73).
cost(7, 4, 38).
cost(7, 5, 115).
cost(7, 6, 40).
cost(7, 8, 69).
cost(7, 9, 64).
cost(7, 10, 101).
cost(7, 11, 86).
cost(7, 12, 113).
cost(7, 13, 19).
cost(7, 14, 61).
cost(7, 15, 12).
cost(7, 16, 84).
cost(7, 17, 16).
cost(7, 18, 38).
cost(7, 19, 32).
cost(7, 20, 16).
cost(7, 21, 14).
cost(7, 22, 76).
cost(8, 1, 39).
cost(8, 2, 40).
cost(8, 3, 5).
cost(8, 4, 44).
cost(8, 5, 50).
cost(8, 6, 39).
cost(8, 7, 69).
cost(8, 9, 8).
cost(8, 10, 54).
cost(8, 11, 43).
cost(8, 12, 51).
cost(8, 13, 56).
cost(8, 14, 30).
cost(8, 15, 59).
cost(8, 16, 15).
cost(8, 17, 56).
cost(8, 18, 48).
cost(8, 19, 57).
cost(8, 20, 53).
cost(8, 21, 58).
cost(8, 22, 40).
cost(9, 1, 31).
cost(9, 2, 43).
cost(9, 3, 12).
cost(9, 4, 43).
cost(9, 5, 52).
cost(9, 6, 39).
cost(9, 7, 64).
cost(9, 8, 8).
cost(9, 10, 50).
cost(9, 11, 38).
cost(9, 12, 52).
cost(9, 13, 50).
cost(9, 14, 22).
cost(9, 15, 54).
cost(9, 16, 21).
cost(9, 17, 50).
cost(9, 18, 48).
cost(9, 19, 50).
cost(9, 20, 48).
cost(9, 21, 55).
cost(9, 22, 34).
cost(10, 1, 31).
cost(10, 2, 36).
cost(10, 3, 54).
cost(10, 4, 92).
cost(10, 5, 37).
cost(10, 6, 88).
cost(10, 7, 101).
cost(10, 8, 54).
cost(10, 9, 50).
cost(10, 11, 16).
cost(10, 12, 27).
cost(10, 13, 83).
cost(10, 14, 40).
cost(10, 15, 89).
cost(10, 16, 49).
cost(10, 17, 86).
cost(10, 18, 96).
cost(10, 19, 74).
cost(10, 20, 86).
cost(10, 21, 97).
cost(10, 22, 25).
cost(11, 1, 16).
cost(11, 2, 38).
cost(11, 3, 44).
cost(11, 4, 78).
cost(11, 5, 43).
cost(11, 6, 73).
cost(11, 7, 86).
cost(11, 8, 43).
cost(11, 9, 38).
cost(11, 10, 16).
cost(11, 12, 36).
cost(11, 13, 67).
cost(11, 14, 25).
cost(11, 15, 74).
cost(11, 16, 42).
cost(11, 17, 70).
cost(11, 18, 82).
cost(11, 19, 59).
cost(11, 20, 71).
cost(11, 21, 81).
cost(11, 22, 10).
cost(12, 1, 49).
cost(12, 2, 14).
cost(12, 3, 49).
cost(12, 4, 95).
cost(12, 5, 10).
cost(12, 6, 90).
cost(12, 7, 113).
cost(12, 8, 51).
cost(12, 9, 52).
cost(12, 10, 27).
cost(12, 11, 36).
cost(12, 13, 96).
cost(12, 14, 53).
cost(12, 15, 102).
cost(12, 16, 39).
cost(12, 17, 98).
cost(12, 18, 99).
cost(12, 19, 91).
cost(12, 20, 97).
cost(12, 21, 106).
cost(12, 22, 44).
cost(13, 1, 52).
cost(13, 2, 90).
cost(13, 3, 60).
cost(13, 4, 37).
cost(13, 5, 99).
cost(13, 6, 37).
cost(13, 7, 19).
cost(13, 8, 56).
cost(13, 9, 50).
cost(13, 10, 83).
cost(13, 11, 67).
cost(13, 12, 96).
cost(13, 14, 43).
cost(13, 15, 7).
cost(13, 16, 70).
cost(13, 17, 4).
cost(13, 18, 39).
cost(13, 19, 15).
cost(13, 20, 9).
cost(13, 21, 21).
cost(13, 22, 57).
cost(14, 1, 11).
cost(14, 2, 50).
cost(14, 3, 33).
cost(14, 4, 54).
cost(14, 5, 58).
cost(14, 6, 50).
cost(14, 7, 61).
cost(14, 8, 30).
cost(14, 9, 22).
cost(14, 10, 40).
cost(14, 11, 25).
cost(14, 12, 53).
cost(14, 13, 43).
cost(14, 15, 50).
cost(14, 16, 38).
cost(14, 17, 46).
cost(14, 18, 59).
cost(14, 19, 37).
cost(14, 20, 46).
cost(14, 21, 56).
cost(14, 22, 16).
cost(15, 1, 58).
cost(15, 2, 95).
cost(15, 3, 64).
cost(15, 4, 35).
cost(15, 5, 105).
cost(15, 6, 36).
cost(15, 7, 12).
cost(15, 8, 59).
cost(15, 9, 54).
cost(15, 10, 89).
cost(15, 11, 74).
cost(15, 12, 102).
cost(15, 13, 7).
cost(15, 14, 50).
cost(15, 16, 74).
cost(15, 17, 4).
cost(15, 18, 37).
cost(15, 19, 22).
cost(15, 20, 7).
cost(15, 21, 15).
cost(15, 22, 64).
cost(16, 1, 43).
cost(16, 2, 27).
cost(16, 3, 11).
cost(16, 4, 58).
cost(16, 5, 36).
cost(16, 6, 54).
cost(16, 7, 84).
cost(16, 8, 15).
cost(16, 9, 21).
cost(16, 10, 49).
cost(16, 11, 42).
cost(16, 12, 39).
cost(16, 13, 70).
cost(16, 14, 38).
cost(16, 15, 74).
cost(16, 17, 71).
cost(16, 18, 62).
cost(16, 19, 70).
cost(16, 20, 68).
cost(16, 21, 74).
cost(16, 22, 43).
cost(17, 1, 54).
cost(17, 2, 92).
cost(17, 3, 61).
cost(17, 4, 34).
cost(17, 5, 101).
cost(17, 6, 34).
cost(17, 7, 16).
cost(17, 8, 56).
cost(17, 9, 50).
cost(17, 10, 86).
cost(17, 11, 70).
cost(17, 12, 98).
cost(17, 13, 4).
cost(17, 14, 46).
cost(17, 15, 4).
cost(17, 16, 71).
cost(17, 18, 36).
cost(17, 19, 19).
cost(17, 20, 6).
cost(17, 21, 17).
cost(17, 22, 60).
cost(18, 1, 70).
cost(18, 2, 88).
cost(18, 3, 51).
cost(18, 4, 4).
cost(18, 5, 98).
cost(18, 6, 9).
cost(18, 7, 38).
cost(18, 8, 48).
cost(18, 9, 48).
cost(18, 10, 96).
cost(18, 11, 82).
cost(18, 12, 99).
cost(18, 13, 39).
cost(18, 14, 59).
cost(18, 15, 37).
cost(18, 16, 62).
cost(18, 17, 36).
cost(18, 19, 53).
cost(18, 20, 31).
cost(18, 21, 24).
cost(18, 22, 75).
cost(19, 1, 43).
cost(19, 2, 87).
cost(19, 3, 62).
cost(19, 4, 50).
cost(19, 5, 95).
cost(19, 6, 48).
cost(19, 7, 32).
cost(19, 8, 57).
cost(19, 9, 50).
cost(19, 10, 74).
cost(19, 11, 59).
cost(19, 12, 91).
cost(19, 13, 15).
cost(19, 14, 37).
cost(19, 15, 22).
cost(19, 16, 70).
cost(19, 17, 19).
cost(19, 18, 53).
cost(19, 20, 24).
cost(19, 21, 36).
cost(19, 22, 48).
cost(20, 1, 56).
cost(20, 2, 90).
cost(20, 3, 58).
cost(20, 4, 29).
cost(20, 5, 99).
cost(20, 6, 29).
cost(20, 7, 16).
cost(20, 8, 53).
cost(20, 9, 48).
cost(20, 10, 86).
cost(20, 11, 71).
cost(20, 12, 97).
cost(20, 13, 9).
cost(20, 14, 46).
cost(20, 15, 7).
cost(20, 16, 68).
cost(20, 17, 6).
cost(20, 18, 31).
cost(20, 19, 24).
cost(20, 21, 12).
cost(20, 22, 61).
cost(21, 1, 66).
cost(21, 2, 97).
cost(21, 3, 63).
cost(21, 4, 24).
cost(21, 5, 107).
cost(21, 6, 26).
cost(21, 7, 14).
cost(21, 8, 58).
cost(21, 9, 55).
cost(21, 10, 97).
cost(21, 11, 81).
cost(21, 12, 106).
cost(21, 13, 21).
cost(21, 14, 56).
cost(21, 15, 15).
cost(21, 16, 74).
cost(21, 17, 17).
cost(21, 18, 24).
cost(21, 19, 36).
cost(21, 20, 12).
cost(21, 22, 72).
cost(22, 1, 6).
cost(22, 2, 45).
cost(22, 3, 42).
cost(22, 4, 70).
cost(22, 5, 51).
cost(22, 6, 66).
cost(22, 7, 76).
cost(22, 8, 40).
cost(22, 9, 34).
cost(22, 10, 25).
cost(22, 11, 10).
cost(22, 12, 44).
cost(22, 13, 57).
cost(22, 14, 16).
cost(22, 15, 64).
cost(22, 16, 43).
cost(22, 17, 60).
cost(22, 18, 75).
cost(22, 19, 48).
cost(22, 20, 61).
cost(22, 21, 72).
