dimension(22).
point(1, 97.1365833686, 96.3542416908).
point(2, 43.3813175098, 82.7695945037).
point(3, 27.2966289642, 88.1091562506).
point(4, 15.1034267284, 4.0331618363).
point(5, 21.245311735, 58.8756270392).
point(6, 81.6589213997, 38.9815557679).
point(7, 62.5633215318, 98.1167822153).
point(8, 90.6368008703, 28.2018233832).
point(9, 15.8584080579, 64.2840149439).
point(10, 63.3558734118, 24.197877277).
point(11, 22.0198206592, 13.9809818684).
point(12, 27.1397725093, 14.5721403791).
point(13, 80.3609115315, 31.9770496306).
point(14, 23.6152273209, 78.4237127965).
point(15, 47.7007548644, 62.4707152002).
point(16, 20.8388312325, 75.3437825481).
point(17, 54.8037207492, 80.0201695433).
point(18, 3.4175871471, 46.2126487081).
point(19, 99.1764633098, 85.9173203507).
point(20, 33.6807194148, 21.2763864897).
point(21, 78.0026077606, 78.895604232).
point(22, 23.511821692, 49.2950757554).
cost(1, 2, 55).
cost(1, 3, 70).
cost(1, 4, 124).
cost(1, 5, 85).
cost(1, 6, 59).
cost(1, 7, 35).
cost(1, 8, 68).
cost(1, 9, 87).
cost(1, 10, 80).
cost(1, 11, 111).
cost(1, 12, 108).
cost(1, 13, 67).
cost(1, 14, 76).
cost(1, 15, 60).
cost(1, 16, 79).
cost(1, 17, 45).
cost(1, 18, 106).
cost(1, 19, 11).
cost(1, 20, 98).
cost(1, 21, 26).
cost(1, 22, 87).
cost(2, 1, 55).
cost(2, 3, 17).
cost(2, 4, 84).
cost(2, 5, 33).
cost(2, 6, 58).
cost(2, 7, 25).
cost(2, 8, 72).
cost(2, 9, 33).
cost(2, 10, 62).
cost(2, 11, 72).
cost(2, 12, 70).
cost(2, 13, 63).
cost(2, 14, 20).
cost(2, 15, 21).
cost(2, 16, 24).
cost(2, 17, 12).
cost(2, 18, 54).
cost(2, 19, 56).
cost(2, 20, 62).
cost(2, 21, 35).
cost(2, 22, 39).
cost(3, 1, 70).
cost(3, 2, 17).
cost(3, 4, 85).
cost(3, 5, 30).
cost(3, 6, 73).
cost(3, 7, 37).
cost(3, 8, 87).
cost(3, 9, 26).
cost(3, 10, 73).
cost(3, 11, 74).
cost(3, 12, 74).
cost(3, 13, 77).
cost(3, 14, 10).
cost(3, 15, 33).
cost(3, 16, 14).
cost(3, 17, 29).
cost(3, 18, 48).
cost(3, 19, 72).
cost(3, 20, 67).
cost(3, 21, 52).
cost(3, 22, 39).
cost(4, 1, 124).
cost(4, 2, 84).
cost(4, 3, 85).
cost(4, 5, 55).
cost(4, 6, 75).
cost(4, 7, 105).
cost(4, 8, 79).
cost(4, 9, 60).
cost(4, 10, 52).
cost(4, 11, 12).
cost(4, 12, 16).
cost(4, 13, 71).
cost(4, 14, 75).
cost(4, 15, 67).
cost(4, 16, 72).
cost(4, 17, 86).
cost(4, 18, 44).
cost(4, 19, 117).
cost(4, 20, 25).
cost(4, 21, 98).
cost(4, 22, 46).
cost(5, 1, 85).
cost(5, 2, 33).
cost(5, 3, 30).
cost(5, 4, 55).
cost(5, 6, 64).
cost(5, 7, 57).
cost(5, 8, 76).
cost(5, 9, 8).
cost(5, 10, 55).
cost(5, 11, 45).
cost(5, 12, 45).
cost(5, 13, 65).
cost(5, 14, 20).
cost(5, 15, 27).
cost(5, 16, 16).
cost(5, 17, 40).
cost(5, 18, 22).
cost(5, 19, 82).
cost(5, 20, 40).
cost(5, 21, 60).
cost(5, 22, 10).
cost(6, 1, 59).
cost(6, 2, 58).
cost(6, 3, 73).
cost(6, 4, 75).
cost(6, 5, 64).
cost(6, 7, 62).
cost(6, 8, 14).
cost(6, 9, 70).
cost(6, 10, 24).
cost(6, 11, 65).
cost(6, 12, 60).
cost(6, 13, 7).
cost(6, 14, 70).
cost(6, 15, 41).
cost(6, 16, 71).
cost(6, 17, 49).
cost(6, 18, 79).
cost(6, 19, 50).
cost(6, 20, 51).
cost(6, 21, 40).
cost(6, 22, 59).
cost(7, 1, 35).
cost(7, 2, 25).
cost(7, 3, 37).
cost(7, 4, 105).
cost(7, 5, 57).
cost(7, 6, 62).
cost(7, 8, 75).
cost(7, 9, 58).
cost(7, 10, 74).
cost(7, 11, 93).
cost(7, 12, 91).
cost(7, 13, 68).
cost(7, 14, 44).
cost(7, 15, 39).
cost(7, 16, 48).
cost(7, 17, 20).
cost(7, 18, 79).
cost(7, 19, 39).
cost(7, 20, 82).
cost(7, 21, 25).
cost(7, 22, 63).
cost(8, 1, 68).
cost(8, 2, 72).
cost(8, 3, 87).
cost(8, 4, 79).
cost(8, 5, 76).
cost(8, 6, 14).
cost(8, 7, 75).
cost(8, 9, 83).
cost(8, 10, 28).
cost(8, 11, 70).
cost(8, 12, 65).
cost(8, 13, 11).
cost(8, 14, 84).
cost(8, 15, 55).
cost(8, 16, 84).
cost(8, 17, 63).
cost(8, 18, 89).
cost(8, 19, 58).
cost(8, 20, 57).
cost(8, 21, 52).
cost(8, 22, 70).
cost(9, 1, 87).
cost(9, 2, 33).
cost(9, 3, 26).
cost(9, 4, 60).
cost(9, 5, 8).
cost(9, 6, 70).
cost(9, 7, 58).
cost(9, 8, 83).
cost(9, 10, 62).
cost(9, 11, 51).
cost(9, 12, 51).
cost(9, 13, 72).
cost(9, 14, 16).
cost(9, 15, 32).
cost(9, 16, 12).
cost(9, 17, 42).
cost(9, 18, 22).
cost(9, 19, 86).
cost(9, 20, 47).
cost(9, 21, 64).
cost(9, 22, 17).
cost(10, 1, 80).
cost(10, 2, 62).
cost(10, 3, 73).
cost(10, 4, 52).
cost(10, 5, 55).
cost(10, 6, 24).
cost(10, 7, 74).
cost(10, 8, 28).
cost(10, 9, 62).
cost(10, 11, 43).
cost(10, 12, 37).
cost(10, 13, 19).
cost(10, 14, 67).
cost(10, 15, 41).
cost(10, 16, 67).
cost(10, 17, 56).
cost(10, 18, 64).
cost(10, 19, 71).
cost(10, 20, 30).
cost(10, 21, 57).
cost(10, 22, 47).
cost(11, 1, 111).
cost(11, 2, 72).
cost(11, 3, 74).
cost(11, 4, 12).
cost(11, 5, 45).
cost(11, 6, 65).
cost(11, 7, 93).
cost(11, 8, 70).
cost(11, 9, 51).
cost(11, 10, 43).
cost(11, 12, 5).
cost(11, 13, 61).
cost(11, 14, 64).
cost(11, 15, 55).
cost(11, 16, 61).
cost(11, 17, 74).
cost(11, 18, 37).
cost(11, 19, 105).
cost(11, 20, 14).
cost(11, 21, 86).
cost(11, 22, 35).
cost(12, 1, 108).
cost(12, 2, 70).
cost(12, 3, 74).
cost(12, 4, 16).
cost(12, 5, 45).
cost(12, 6, 60).
cost(12, 7, 91).
cost(12, 8, 65).
cost(12, 9, 51).
cost(12, 10, 37).
cost(12, 11, 5).
cost(12, 13, 56).
cost(12, 14, 64).
cost(12, 15, 52).
cost(12, 16, 61).
cost(12, 17, 71).
cost(12, 18, 40).
cost(12, 19, 101).
cost(12, 20, 9).
cost(12, 21, 82).
cost(12, 22, 35).
cost(13, 1, 67).
cost(13, 2, 63).
cost(13, 3, 77).
cost(13, 4, 71).
cost(13, 5, 65).
cost(13, 6, 7).
cost(13, 7, 68).
cost(13, 8, 11).
cost(13, 9, 72).
cost(13, 10, 19).
cost(13, 11, 61).
cost(13, 12, 56).
cost(13, 14, 73).
cost(13, 15, 45).
cost(13, 16, 74).
cost(13, 17, 54).
cost(13, 18, 78).
cost(13, 19, 57).
cost(13, 20, 48).
cost(13, 21, 47).
cost(13, 22, 59).
cost(14, 1, 76).
cost(14, 2, 20).
cost(14, 3, 10).
cost(14, 4, 75).
cost(14, 5, 20).
cost(14, 6, 70).
cost(14, 7, 44).
cost(14, 8, 84).
cost(14, 9, 16).
cost(14, 10, 67).
cost(14, 11, 64).
cost(14, 12, 64).
cost(14, 13, 73).
cost(14, 15, 29).
cost(14, 16, 4).
cost(14, 17, 31).
cost(14, 18, 38).
cost(14, 19, 76).
cost(14, 20, 58).
cost(14, 21, 54).
cost(14, 22, 29).
cost(15, 1, 60).
cost(15, 2, 21).
cost(15, 3, 33).
cost(15, 4, 67).
cost(15, 5, 27).
cost(15, 6, 41).
cost(15, 7, 39).
cost(15, 8, 55).
cost(15, 9, 32).
cost(15, 10, 41).
cost(15, 11, 55).
cost(15, 12, 52).
cost(15, 13, 45).
cost(15, 14, 29).
cost(15, 16, 30).
cost(15, 17, 19).
cost(15, 18, 47).
cost(15, 19, 57).
cost(15, 20, 44).
cost(15, 21, 34).
cost(15, 22, 28).
cost(16, 1, 79).
cost(16, 2, 24).
cost(16, 3, 14).
cost(16, 4, 72).
cost(16, 5, 16).
cost(16, 6, 71).
cost(16, 7, 48).
cost(16, 8, 84).
cost(16, 9, 12).
cost(16, 10, 67).
cost(16, 11, 61).
cost(16, 12, 61).
cost(16, 13, 74).
cost(16, 14, 4).
cost(16, 15, 30).
cost(16, 17, 34).
cost(16, 18, 34).
cost(16, 19, 79).
cost(16, 20, 56).
cost(16, 21, 57).
cost(16, 22, 26).
cost(17, 1, 45).
cost(17, 2, 12).
cost(17, 3, 29).
cost(17, 4, 86).
cost(17, 5, 40).
cost(17, 6, 49).
cost(17, 7, 20).
cost(17, 8, 63).
cost(17, 9, 42).
cost(17, 10, 56).
cost(17, 11, 74).
cost(17, 12, 71).
cost(17, 13, 54).
cost(17, 14, 31).
cost(17, 15, 19).
cost(17, 16, 34).
cost(17, 18, 62).
cost(17, 19, 45).
cost(17, 20, 62).
cost(17, 21, 23).
cost(17, 22, 44).
cost(18, 1, 106).
cost(18, 2, 54).
cost(18, 3, 48).
cost(18, 4, 44).
cost(18, 5, 22).
cost(18, 6, 79).
cost(18, 7, 79).
cost(18, 8, 89).
cost(18, 9, 22).
cost(18, 10, 64).
cost(18, 11, 37).
cost(18, 12, 40).
cost(18, 13, 78).
cost(18, 14, 38).
cost(18, 15, 47).
cost(18, 16, 34).
cost(18, 17, 62).
cost(18, 19, 104).
cost(18, 20, 39).
cost(18, 21, 81).
cost(18, 22, 20).
cost(19, 1, 11).
cost(19, 2, 56).
cost(19, 3, 72).
cost(19, 4, 117).
cost(19, 5, 82).
cost(19, 6, 50).
cost(19, 7, 39).
cost(19, 8, 58).
cost(19, 9, 86).
cost(19, 10, 71).
cost(19, 11, 105).
cost(19, 12, 101).
cost(19, 13, 57).
cost(19, 14, 76).
cost(19, 15, 57).
cost(19, 16, 79).
cost(19, 17, 45).
cost(19, 18, 104).
cost(19, 20, 92).
cost(19, 21, 22).
cost(19, 22, 84).
cost(20, 1, 98).
cost(20, 2, 62).
cost(20, 3, 67).
cost(20, 4, 25).
cost(20, 5, 40).
cost(20, 6, 51).
cost(20, 7, 82).
cost(20, 8, 57).
cost(20, 9, 47).
cost(20, 10, 30).
cost(20, 11, 14).
cost(20, 12, 9).
cost(20, 13, 48).
cost(20, 14, 58).
cost(20, 15, 44).
cost(20, 16, 56).
cost(20, 17, 62).
cost(20, 18, 39).
cost(20, 19, 92).
cost(20, 21, 73).
cost(20, 22, 30).
cost(21, 1, 26).
cost(21, 2, 35).
cost(21, 3, 52).
cost(21, 4, 98).
cost(21, 5, 60).
cost(21, 6, 40).
cost(21, 7, 25).
cost(21, 8, 52).
cost(21, 9, 64).
cost(21, 10, 57).
cost(21, 11, 86).
cost(21, 12, 82).
cost(21, 13, 47).
cost(21, 14, 54).
cost(21, 15, 34).
cost(21, 16, 57).
cost(21, 17, 23).
cost(21, 18, 81).
cost(21, 19, 22).
cost(21, 20, 73).
cost(21, 22, 62).
cost(22, 1, 87).
cost(22, 2, 39).
cost(22, 3, 39).
cost(22, 4, 46).
cost(22, 5, 10).
cost(22, 6, 59).
cost(22, 7, 63).
cost(22, 8, 70).
cost(22, 9, 17).
cost(22, 10, 47).
cost(22, 11, 35).
cost(22, 12, 35).
cost(22, 13, 59).
cost(22, 14, 29).
cost(22, 15, 28).
cost(22, 16, 26).
cost(22, 17, 44).
cost(22, 18, 20).
cost(22, 19, 84).
cost(22, 20, 30).
cost(22, 21, 62).
