dimension(22).
point(1, 45.8712608579, 43.9478954895).
point(2, 0.9424787711, 31.2138225719).
point(3, 34.9805219823, 67.4168246989).
point(4, 36.5130356839, 78.9327053239).
point(5, 50.0201028994, 35.1372286149).
point(6, 39.376443295, 91.677502663).
point(7, 50.304500474, 43.121649755).
point(8, 90.6087389285, 49.6668363324).
point(9, 95.4088072156, 54.9713349516).
point(10, 7.0823897667, 19.5430147221).
point(11, 67.868201218, 90.5391991205).
point(12, 20.8145835873, 56.4972395377).
point(13, 6.0624956813, 33.5623960416).
point(14, 77.9661419804, 96.605249886).
point(15, 36.468177239, 41.6176711316).
point(16, 46.4509845108, 66.7737901696).
point(17, 98.3702973603, 40.0387659028).
point(18, 29.3390716979, 5.7940740351).
point(19, 84.0499579393, 94.4199045896).
point(20, 42.7102270255, 20.0890619793).
point(21, 60.2139923716, 66.2722717215).
point(22, 97.3045142583, 24.0775697126).
cost(1, 2, 47).
cost(1, 3, 26).
cost(1, 4, 36).
cost(1, 5, 10).
cost(1, 6, 48).
cost(1, 7, 5).
cost(1, 8, 45).
cost(1, 9, 51).
cost(1, 10, 46).
cost(1, 11, 52).
cost(1, 12, 28).
cost(1, 13, 41).
cost(1, 14, 62).
cost(1, 15, 10).
cost(1, 16, 23).
cost(1, 17, 53).
cost(1, 18, 42).
cost(1, 19, 63).
cost(1, 20, 24).
cost(1, 21, 27).
cost(1, 22, 55).
cost(2, 1, 47).
cost(2, 3, 50).
cost(2, 4, 60).
cost(2, 5, 49).
cost(2, 6, 72).
cost(2, 7, 51).
cost(2, 8, 92).
cost(2, 9, 97).
cost(2, 10, 13).
cost(2, 11, 89).
cost(2, 12, 32).
cost(2, 13, 6).
cost(2, 14, 101).
cost(2, 15, 37).
cost(2, 16, 58).
cost(2, 17, 98).
cost(2, 18, 38).
cost(2, 19, 104).
cost(2, 20, 43).
cost(2, 21, 69).
cost(2, 22, 97).
cost(3, 1, 26).
cost(3, 2, 50).
cost(3, 4, 12).
cost(3, 5, 36).
cost(3, 6, 25).
cost(3, 7, 29).
cost(3, 8, 58).
cost(3, 9, 62).
cost(3, 10, 55).
cost(3, 11, 40).
cost(3, 12, 18).
cost(3, 13, 45).
cost(3, 14, 52).
cost(3, 15, 26).
cost(3, 16, 11).
cost(3, 17, 69).
cost(3, 18, 62).
cost(3, 19, 56).
cost(3, 20, 48).
cost(3, 21, 25).
cost(3, 22, 76).
cost(4, 1, 36).
cost(4, 2, 60).
cost(4, 3, 12).
cost(4, 5, 46).
cost(4, 6, 13).
cost(4, 7, 38).
cost(4, 8, 62).
cost(4, 9, 64).
cost(4, 10, 66).
cost(4, 11, 33).
cost(4, 12, 27).
cost(4, 13, 55).
cost(4, 14, 45).
cost(4, 15, 37).
cost(4, 16, 16).
cost(4, 17, 73).
cost(4, 18, 73).
cost(4, 19, 50).
cost(4, 20, 59).
cost(4, 21, 27).
cost(4, 22, 82).
cost(5, 1, 10).
cost(5, 2, 49).
cost(5, 3, 36).
cost(5, 4, 46).
cost(5, 6, 58).
cost(5, 7, 8).
cost(5, 8, 43).
cost(5, 9, 50).
cost(5, 10, 46).
cost(5, 11, 58).
cost(5, 12, 36).
cost(5, 13, 44).
cost(5, 14, 68).
cost(5, 15, 15).
cost(5, 16, 32).
cost(5, 17, 49).
cost(5, 18, 36).
cost(5, 19, 68).
cost(5, 20, 17).
cost(5, 21, 33).
cost(5, 22, 49).
cost(6, 1, 48).
cost(6, 2, 72).
cost(6, 3, 25).
cost(6, 4, 13).
cost(6, 5, 58).
cost(6, 7, 50).
cost(6, 8, 66).
cost(6, 9, 67).
cost(6, 10, 79).
cost(6, 11, 29).
cost(6, 12, 40).
cost(6, 13, 67).
cost(6, 14, 39).
cost(6, 15, 50).
cost(6, 16, 26).
cost(6, 17, 78).
cost(6, 18, 86).
cost(6, 19, 45).
cost(6, 20, 72).
cost(6, 21, 33).
cost(6, 22, 89).
cost(7, 1, 5).
cost(7, 2, 51).
cost(7, 3, 29).
cost(7, 4, 38).
cost(7, 5, 8).
cost(7, 6, 50).
cost(7, 8, 41).
cost(7, 9, 47).
cost(7, 10, 49).
cost(7, 11, 51).
cost(7, 12, 32).
cost(7, 13, 45).
cost(7, 14, 60).
cost(7, 15, 14).
cost(7, 16, 24).
cost(7, 17, 48).
cost(7, 18, 43).
cost(7, 19, 61).
cost(7, 20, 24).
cost(7, 21, 25).
cost(7, 22, 51).
cost(8, 1, 45).
cost(8, 2, 92).
cost(8, 3, 58).
cost(8, 4, 62).
cost(8, 5, 43).
cost(8, 6, 66).
cost(8, 7, 41).
cost(8, 9, 7).
cost(8, 10, 89).
cost(8, 11, 47).
cost(8, 12, 70).
cost(8, 13, 86).
cost(8, 14, 49).
cost(8, 15, 55).
cost(8, 16, 47).
cost(8, 17, 12).
cost(8, 18, 75).
cost(8, 19, 45).
cost(8, 20, 56).
cost(8, 21, 35).
cost(8, 22, 26).
cost(9, 1, 51).
cost(9, 2, 97).
cost(9, 3, 62).
cost(9, 4, 64).
cost(9, 5, 50).
cost(9, 6, 67).
cost(9, 7, 47).
cost(9, 8, 7).
cost(9, 10, 95).
cost(9, 11, 45).
cost(9, 12, 75).
cost(9, 13, 92).
cost(9, 14, 45).
cost(9, 15, 60).
cost(9, 16, 50).
cost(9, 17, 15).
cost(9, 18, 82).
cost(9, 19, 41).
cost(9, 20, 63).
cost(9, 21, 37).
cost(9, 22, 31).
cost(10, 1, 46).
cost(10, 2, 13).
cost(10, 3, 55).
cost(10, 4, 66).
cost(10, 5, 46).
cost(10, 6, 79).
cost(10, 7, 49).
cost(10, 8, 89).
cost(10, 9, 95).
cost(10, 11, 93).
cost(10, 12, 39).
cost(10, 13, 14).
cost(10, 14, 105).
cost(10, 15, 37).
cost(10, 16, 61).
cost(10, 17, 94).
cost(10, 18, 26).
cost(10, 19, 107).
cost(10, 20, 36).
cost(10, 21, 71).
cost(10, 22, 90).
cost(11, 1, 52).
cost(11, 2, 89).
cost(11, 3, 40).
cost(11, 4, 33).
cost(11, 5, 58).
cost(11, 6, 29).
cost(11, 7, 51).
cost(11, 8, 47).
cost(11, 9, 45).
cost(11, 10, 93).
cost(11, 12, 58).
cost(11, 13, 84).
cost(11, 14, 12).
cost(11, 15, 58).
cost(11, 16, 32).
cost(11, 17, 59).
cost(11, 18, 93).
cost(11, 19, 17).
cost(11, 20, 75).
cost(11, 21, 25).
cost(11, 22, 73).
cost(12, 1, 28).
cost(12, 2, 32).
cost(12, 3, 18).
cost(12, 4, 27).
cost(12, 5, 36).
cost(12, 6, 40).
cost(12, 7, 32).
cost(12, 8, 70).
cost(12, 9, 75).
cost(12, 10, 39).
cost(12, 11, 58).
cost(12, 13, 27).
cost(12, 14, 70).
cost(12, 15, 22).
cost(12, 16, 28).
cost(12, 17, 79).
cost(12, 18, 51).
cost(12, 19, 74).
cost(12, 20, 42).
cost(12, 21, 41).
cost(12, 22, 83).
cost(13, 1, 41).
cost(13, 2, 6).
cost(13, 3, 45).
cost(13, 4, 55).
cost(13, 5, 44).
cost(13, 6, 67).
cost(13, 7, 45).
cost(13, 8, 86).
cost(13, 9, 92).
cost(13, 10, 14).
cost(13, 11, 84).
cost(13, 12, 27).
cost(13, 14, 96).
cost(13, 15, 31).
cost(13, 16, 52).
cost(13, 17, 93).
cost(13, 18, 36).
cost(13, 19, 99).
cost(13, 20, 39).
cost(13, 21, 63).
cost(13, 22, 92).
cost(14, 1, 62).
cost(14, 2, 101).
cost(14, 3, 52).
cost(14, 4, 45).
cost(14, 5, 68).
cost(14, 6, 39).
cost(14, 7, 60).
cost(14, 8, 49).
cost(14, 9, 45).
cost(14, 10, 105).
cost(14, 11, 12).
cost(14, 12, 70).
cost(14, 13, 96).
cost(14, 15, 69).
cost(14, 16, 43).
cost(14, 17, 60).
cost(14, 18, 103).
cost(14, 19, 6).
cost(14, 20, 84).
cost(14, 21, 35).
cost(14, 22, 75).
cost(15, 1, 10).
cost(15, 2, 37).
cost(15, 3, 26).
cost(15, 4, 37).
cost(15, 5, 15).
cost(15, 6, 50).
cost(15, 7, 14).
cost(15, 8, 55).
cost(15, 9, 60).
cost(15, 10, 37).
cost(15, 11, 58).
cost(15, 12, 22).
cost(15, 13, 31).
cost(15, 14, 69).
cost(15, 16, 27).
cost(15, 17, 62).
cost(15, 18, 37).
cost(15, 19, 71).
cost(15, 20, 22).
cost(15, 21, 34).
cost(15, 22, 63).
cost(16, 1, 23).
cost(16, 2, 58).
cost(16, 3, 11).
cost(16, 4, 16).
cost(16, 5, 32).
cost(16, 6, 26).
cost(16, 7, 24).
cost(16, 8, 47).
cost(16, 9, 50).
cost(16, 10, 61).
cost(16, 11, 32).
cost(16, 12, 28).
cost(16, 13, 52).
cost(16, 14, 43).
cost(16, 15, 27).
cost(16, 17, 58).
cost(16, 18, 63).
cost(16, 19, 47).
cost(16, 20, 47).
cost(16, 21, 14).
cost(16, 22, 66).
cost(17, 1, 53).
cost(17, 2, 98).
cost(17, 3, 69).
cost(17, 4, 73).
cost(17, 5, 49).
cost(17, 6, 78).
cost(17, 7, 48).
cost(17, 8, 12).
cost(17, 9, 15).
cost(17, 10, 94).
cost(17, 11, 59).
cost(17, 12, 79).
cost(17, 13, 93).
cost(17, 14, 60).
cost(17, 15, 62).
cost(17, 16, 58).
cost(17, 18, 77).
cost(17, 19, 56).
cost(17, 20, 59).
cost(17, 21, 46).
cost(17, 22, 16).
cost(18, 1, 42).
cost(18, 2, 38).
cost(18, 3, 62).
cost(18, 4, 73).
cost(18, 5, 36).
cost(18, 6, 86).
cost(18, 7, 43).
cost(18, 8, 75).
cost(18, 9, 82).
cost(18, 10, 26).
cost(18, 11, 93).
cost(18, 12, 51).
cost(18, 13, 36).
cost(18, 14, 103).
cost(18, 15, 37).
cost(18, 16, 63).
cost(18, 17, 77).
cost(18, 19, 104).
cost(18, 20, 20).
cost(18, 21, 68).
cost(18, 22, 70).
cost(19, 1, 63).
cost(19, 2, 104).
cost(19, 3, 56).
cost(19, 4, 50).
cost(19, 5, 68).
cost(19, 6, 45).
cost(19, 7, 61).
cost(19, 8, 45).
cost(19, 9, 41).
cost(19, 10, 107).
cost(19, 11, 17).
cost(19, 12, 74).
cost(19, 13, 99).
cost(19, 14, 6).
cost(19, 15, 71).
cost(19, 16, 47).
cost(19, 17, 56).
cost(19, 18, 104).
cost(19, 20, 85).
cost(19, 21, 37).
cost(19, 22, 72).
cost(20, 1, 24).
cost(20, 2, 43).
cost(20, 3, 48).
cost(20, 4, 59).
cost(20, 5, 17).
cost(20, 6, 72).
cost(20, 7, 24).
cost(20, 8, 56).
cost(20, 9, 63).
cost(20, 10, 36).
cost(20, 11, 75).
cost(20, 12, 42).
cost(20, 13, 39).
cost(20, 14, 84).
cost(20, 15, 22).
cost(20, 16, 47).
cost(20, 17, 59).
cost(20, 18, 20).
cost(20, 19, 85).
cost(20, 21, 49).
cost(20, 22, 55).
cost(21, 1, 27).
cost(21, 2, 69).
cost(21, 3, 25).
cost(21, 4, 27).
cost(21, 5, 33).
cost(21, 6, 33).
cost(21, 7, 25).
cost(21, 8, 35).
cost(21, 9, 37).
cost(21, 10, 71).
cost(21, 11, 25).
cost(21, 12, 41).
cost(21, 13, 63).
cost(21, 14, 35).
cost(21, 15, 34).
cost(21, 16, 14).
cost(21, 17, 46).
cost(21, 18, 68).
cost(21, 19, 37).
cost(21, 20, 49).
cost(21, 22, 56).
cost(22, 1, 55).
cost(22, 2, 97).
cost(22, 3, 76).
cost(22, 4, 82).
cost(22, 5, 49).
cost(22, 6, 89).
cost(22, 7, 51).
cost(22, 8, 26).
cost(22, 9, 31).
cost(22, 10, 90).
cost(22, 11, 73).
cost(22, 12, 83).
cost(22, 13, 92).
cost(22, 14, 75).
cost(22, 15, 63).
cost(22, 16, 66).
cost(22, 17, 16).
cost(22, 18, 70).
cost(22, 19, 72).
cost(22, 20, 55).
cost(22, 21, 56).
