dimension(22).
point(1, 18.1831332384, 65.2368778996).
point(2, 60.8992628217, 74.6931528725).
point(3, 92.3157972495, 48.3613583879).
point(4, 30.3493914717, 67.7476063805).
point(5, 94.5290872523, 24.707645465).
point(6, 42.7917952738, 50.514126824).
point(7, 89.8575205068, 44.5224019805).
point(8, 59.0039435956, 14.4325495682).
point(9, 46.9127125323, 86.3099389459).
point(10, 32.7528910467, 32.4082441118).
point(11, 73.4022881674, 92.253371044).
point(12, 14.2584923217, 66.213545935).
point(13, 47.4169515225, 96.3530974421).
point(14, 83.8444078026, 13.874846049).
point(15, 82.7519072004, 37.6443732139).
point(16, 74.2689331399, 36.1805270765).
point(17, 36.1896137098, 89.6490634212).
point(18, 39.6957765226, 67.5910926462).
point(19, 86.5326805054, 10.3129928479).
point(20, 55.8937208897, 95.1520153612).
point(21, 34.1308380686, 45.7265070462).
point(22, 38.7614813019, 46.5180906653).
cost(1, 2, 44).
cost(1, 3, 76).
cost(1, 4, 12).
cost(1, 5, 86).
cost(1, 6, 29).
cost(1, 7, 75).
cost(1, 8, 65).
cost(1, 9, 36).
cost(1, 10, 36).
cost(1, 11, 61).
cost(1, 12, 4).
cost(1, 13, 43).
cost(1, 14, 83).
cost(1, 15, 70).
cost(1, 16, 63).
cost(1, 17, 30).
cost(1, 18, 22).
cost(1, 19, 88).
cost(1, 20, 48).
cost(1, 21, 25).
cost(1, 22, 28).
cost(2, 1, 44).
cost(2, 3, 41).
cost(2, 4, 31).
cost(2, 5, 60).
cost(2, 6, 30).
cost(2, 7, 42).
cost(2, 8, 60).
cost(2, 9, 18).
cost(2, 10, 51).
cost(2, 11, 22).
cost(2, 12, 47).
cost(2, 13, 26).
cost(2, 14, 65).
cost(2, 15, 43).
cost(2, 16, 41).
cost(2, 17, 29).
cost(2, 18, 22).
cost(2, 19, 69).
cost(2, 20, 21).
cost(2, 21, 39).
cost(2, 22, 36).
cost(3, 1, 76).
cost(3, 2, 41).
cost(3, 4, 65).
cost(3, 5, 24).
cost(3, 6, 50).
cost(3, 7, 5).
cost(3, 8, 48).
cost(3, 9, 59).
cost(3, 10, 62).
cost(3, 11, 48).
cost(3, 12, 80).
cost(3, 13, 66).
cost(3, 14, 36).
cost(3, 15, 14).
cost(3, 16, 22).
cost(3, 17, 70).
cost(3, 18, 56).
cost(3, 19, 38).
cost(3, 20, 59).
cost(3, 21, 58).
cost(3, 22, 54).
cost(4, 1, 12).
cost(4, 2, 31).
cost(4, 3, 65).
cost(4, 5, 77).
cost(4, 6, 21).
cost(4, 7, 64).
cost(4, 8, 61).
cost(4, 9, 25).
cost(4, 10, 35).
cost(4, 11, 50).
cost(4, 12, 16).
cost(4, 13, 33).
cost(4, 14, 76).
cost(4, 15, 60).
cost(4, 16, 54).
cost(4, 17, 23).
cost(4, 18, 9).
cost(4, 19, 80).
cost(4, 20, 37).
cost(4, 21, 22).
cost(4, 22, 23).
cost(5, 1, 86).
cost(5, 2, 60).
cost(5, 3, 24).
cost(5, 4, 77).
cost(5, 6, 58).
cost(5, 7, 20).
cost(5, 8, 37).
cost(5, 9, 78).
cost(5, 10, 62).
cost(5, 11, 71).
cost(5, 12, 90).
cost(5, 13, 86).
cost(5, 14, 15).
cost(5, 15, 17).
cost(5, 16, 23).
cost(5, 17, 87).
cost(5, 18, 70).
cost(5, 19, 16).
cost(5, 20, 80).
cost(5, 21, 64).
cost(5, 22, 60).
cost(6, 1, 29).
cost(6, 2, 30).
cost(6, 3, 50).
cost(6, 4, 21).
cost(6, 5, 58).
cost(6, 7, 47).
cost(6, 8, 40).
cost(6, 9, 36).
cost(6, 10, 21).
cost(6, 11, 52).
cost(6, 12, 33).
cost(6, 13, 46).
cost(6, 14, 55).
cost(6, 15, 42).
cost(6, 16, 35).
cost(6, 17, 40).
cost(6, 18, 17).
cost(6, 19, 59).
cost(6, 20, 47).
cost(6, 21, 10).
cost(6, 22, 6).
cost(7, 1, 75).
cost(7, 2, 42).
cost(7, 3, 5).
cost(7, 4, 64).
cost(7, 5, 20).
cost(7, 6, 47).
cost(7, 8, 43).
cost(7, 9, 60).
cost(7, 10, 58).
cost(7, 11, 50).
cost(7, 12, 79).
cost(7, 13, 67).
cost(7, 14, 31).
cost(7, 15, 10).
cost(7, 16, 18).
cost(7, 17, 70).
cost(7, 18, 55).
cost(7, 19, 34).
cost(7, 20, 61).
cost(7, 21, 56).
cost(7, 22, 51).
cost(8, 1, 65).
cost(8, 2, 60).
cost(8, 3, 48).
cost(8, 4, 61).
cost(8, 5, 37).
cost(8, 6, 40).
cost(8, 7, 43).
cost(8, 9, 73).
cost(8, 10, 32).
cost(8, 11, 79).
cost(8, 12, 68).
cost(8, 13, 83).
cost(8, 14, 25).
cost(8, 15, 33).
cost(8, 16, 27).
cost(8, 17, 79).
cost(8, 18, 57).
cost(8, 19, 28).
cost(8, 20, 81).
cost(8, 21, 40).
cost(8, 22, 38).
cost(9, 1, 36).
cost(9, 2, 18).
cost(9, 3, 59).
cost(9, 4, 25).
cost(9, 5, 78).
cost(9, 6, 36).
cost(9, 7, 60).
cost(9, 8, 73).
cost(9, 10, 56).
cost(9, 11, 27).
cost(9, 12, 38).
cost(9, 13, 10).
cost(9, 14, 81).
cost(9, 15, 60).
cost(9, 16, 57).
cost(9, 17, 11).
cost(9, 18, 20).
cost(9, 19, 86).
cost(9, 20, 13).
cost(9, 21, 43).
cost(9, 22, 41).
cost(10, 1, 36).
cost(10, 2, 51).
cost(10, 3, 62).
cost(10, 4, 35).
cost(10, 5, 62).
cost(10, 6, 21).
cost(10, 7, 58).
cost(10, 8, 32).
cost(10, 9, 56).
cost(10, 11, 72).
cost(10, 12, 39).
cost(10, 13, 66).
cost(10, 14, 54).
cost(10, 15, 50).
cost(10, 16, 42).
cost(10, 17, 57).
cost(10, 18, 36).
cost(10, 19, 58).
cost(10, 20, 67).
cost(10, 21, 13).
cost(10, 22, 15).
cost(11, 1, 61).
cost(11, 2, 22).
cost(11, 3, 48).
cost(11, 4, 50).
cost(11, 5, 71).
cost(11, 6, 52).
cost(11, 7, 50).
cost(11, 8, 79).
cost(11, 9, 27).
cost(11, 10, 72).
cost(11, 12, 65).
cost(11, 13, 26).
cost(11, 14, 79).
cost(11, 15, 55).
cost(11, 16, 56).
cost(11, 17, 37).
cost(11, 18, 42).
cost(11, 19, 83).
cost(11, 20, 18).
cost(11, 21, 61).
cost(11, 22, 57).
cost(12, 1, 4).
cost(12, 2, 47).
cost(12, 3, 80).
cost(12, 4, 16).
cost(12, 5, 90).
cost(12, 6, 33).
cost(12, 7, 79).
cost(12, 8, 68).
cost(12, 9, 38).
cost(12, 10, 39).
cost(12, 11, 65).
cost(12, 13, 45).
cost(12, 14, 87).
cost(12, 15, 74).
cost(12, 16, 67).
cost(12, 17, 32).
cost(12, 18, 25).
cost(12, 19, 91).
cost(12, 20, 51).
cost(12, 21, 29).
cost(12, 22, 31).
cost(13, 1, 43).
cost(13, 2, 26).
cost(13, 3, 66).
cost(13, 4, 33).
cost(13, 5, 86).
cost(13, 6, 46).
cost(13, 7, 67).
cost(13, 8, 83).
cost(13, 9, 10).
cost(13, 10, 66).
cost(13, 11, 26).
cost(13, 12, 45).
cost(13, 14, 90).
cost(13, 15, 69).
cost(13, 16, 66).
cost(13, 17, 13).
cost(13, 18, 30).
cost(13, 19, 95).
cost(13, 20, 9).
cost(13, 21, 52).
cost(13, 22, 51).
cost(14, 1, 83).
cost(14, 2, 65).
cost(14, 3, 36).
cost(14, 4, 76).
cost(14, 5, 15).
cost(14, 6, 55).
cost(14, 7, 31).
cost(14, 8, 25).
cost(14, 9, 81).
cost(14, 10, 54).
cost(14, 11, 79).
cost(14, 12, 87).
cost(14, 13, 90).
cost(14, 15, 24).
cost(14, 16, 24).
cost(14, 17, 90).
cost(14, 18, 70).
cost(14, 19, 4).
cost(14, 20, 86).
cost(14, 21, 59).
cost(14, 22, 56).
cost(15, 1, 70).
cost(15, 2, 43).
cost(15, 3, 14).
cost(15, 4, 60).
cost(15, 5, 17).
cost(15, 6, 42).
cost(15, 7, 10).
cost(15, 8, 33).
cost(15, 9, 60).
cost(15, 10, 50).
cost(15, 11, 55).
cost(15, 12, 74).
cost(15, 13, 69).
cost(15, 14, 24).
cost(15, 16, 9).
cost(15, 17, 70).
cost(15, 18, 52).
cost(15, 19, 28).
cost(15, 20, 63).
cost(15, 21, 49).
cost(15, 22, 45).
cost(16, 1, 63).
cost(16, 2, 41).
cost(16, 3, 22).
cost(16, 4, 54).
cost(16, 5, 23).
cost(16, 6, 35).
cost(16, 7, 18).
cost(16, 8, 27).
cost(16, 9, 57).
cost(16, 10, 42).
cost(16, 11, 56).
cost(16, 12, 67).
cost(16, 13, 66).
cost(16, 14, 24).
cost(16, 15, 9).
cost(16, 17, 66).
cost(16, 18, 47).
cost(16, 19, 29).
cost(16, 20, 62).
cost(16, 21, 41).
cost(16, 22, 37).
cost(17, 1, 30).
cost(17, 2, 29).
cost(17, 3, 70).
cost(17, 4, 23).
cost(17, 5, 87).
cost(17, 6, 40).
cost(17, 7, 70).
cost(17, 8, 79).
cost(17, 9, 11).
cost(17, 10, 57).
cost(17, 11, 37).
cost(17, 12, 32).
cost(17, 13, 13).
cost(17, 14, 90).
cost(17, 15, 70).
cost(17, 16, 66).
cost(17, 18, 22).
cost(17, 19, 94).
cost(17, 20, 20).
cost(17, 21, 44).
cost(17, 22, 43).
cost(18, 1, 22).
cost(18, 2, 22).
cost(18, 3, 56).
cost(18, 4, 9).
cost(18, 5, 70).
cost(18, 6, 17).
cost(18, 7, 55).
cost(18, 8, 57).
cost(18, 9, 20).
cost(18, 10, 36).
cost(18, 11, 42).
cost(18, 12, 25).
cost(18, 13, 30).
cost(18, 14, 70).
cost(18, 15, 52).
cost(18, 16, 47).
cost(18, 17, 22).
cost(18, 19, 74).
cost(18, 20, 32).
cost(18, 21, 23).
cost(18, 22, 21).
cost(19, 1, 88).
cost(19, 2, 69).
cost(19, 3, 38).
cost(19, 4, 80).
cost(19, 5, 16).
cost(19, 6, 59).
cost(19, 7, 34).
cost(19, 8, 28).
cost(19, 9, 86).
cost(19, 10, 58).
cost(19, 11, 83).
cost(19, 12, 91).
cost(19, 13, 95).
cost(19, 14, 4).
cost(19, 15, 28).
cost(19, 16, 29).
cost(19, 17, 94).
cost(19, 18, 74).
cost(19, 20, 90).
cost(19, 21, 63).
cost(19, 22, 60).
cost(20, 1, 48).
cost(20, 2, 21).
cost(20, 3, 59).
cost(20, 4, 37).
cost(20, 5, 80).
cost(20, 6, 47).
cost(20, 7, 61).
cost(20, 8, 81).
cost(20, 9, 13).
cost(20, 10, 67).
cost(20, 11, 18).
cost(20, 12, 51).
cost(20, 13, 9).
cost(20, 14, 86).
cost(20, 15, 63).
cost(20, 16, 62).
cost(20, 17, 20).
cost(20, 18, 32).
cost(20, 19, 90).
cost(20, 21, 54).
cost(20, 22, 52).
cost(21, 1, 25).
cost(21, 2, 39).
cost(21, 3, 58).
cost(21, 4, 22).
cost(21, 5, 64).
cost(21, 6, 10).
cost(21, 7, 56).
cost(21, 8, 40).
cost(21, 9, 43).
cost(21, 10, 13).
cost(21, 11, 61).
cost(21, 12, 29).
cost(21, 13, 52).
cost(21, 14, 59).
cost(21, 15, 49).
cost(21, 16, 41).
cost(21, 17, 44).
cost(21, 18, 23).
cost(21, 19, 63).
cost(21, 20, 54).
cost(21, 22, 5).
cost(22, 1, 28).
cost(22, 2, 36).
cost(22, 3, 54).
cost(22, 4, 23).
cost(22, 5, 60).
cost(22, 6, 6).
cost(22, 7, 51).
cost(22, 8, 38).
cost(22, 9, 41).
cost(22, 10, 15).
cost(22, 11, 57).
cost(22, 12, 31).
cost(22, 13, 51).
cost(22, 14, 56).
cost(22, 15, 45).
cost(22, 16, 37).
cost(22, 17, 43).
cost(22, 18, 21).
cost(22, 19, 60).
cost(22, 20, 52).
cost(22, 21, 5).
