dimension(22).
point(1, 21.0833321974, 32.3889569014).
point(2, 39.2650975357, 6.2958673304).
point(3, 56.7007645323, 43.9755195785).
point(4, 21.6669647824, 89.7386187685).
point(5, 63.3773076149, 36.9599817265).
point(6, 14.6897929678, 37.4075415553).
point(7, 43.6350891152, 87.9059034238).
point(8, 41.2269810274, 80.457550325).
point(9, 72.3021742885, 16.1303267412).
point(10, 99.2069470345, 78.1285811005).
point(11, 6.9843130673, 43.1035641044).
point(12, 10.1521342616, 93.56073612).
point(13, 83.614913933, 2.0944098713).
point(14, 29.2201955491, 86.9511988464).
point(15, 52.8360719864, 75.3760501586).
point(16, 67.3081251963, 68.6823297913).
point(17, 57.7043629974, 13.7834956269).
point(18, 97.7449468168, 66.8329487587).
point(19, 34.1729247141, 96.394962783).
point(20, 48.608323881, 72.2775223742).
point(21, 92.7133949473, 50.4242169476).
point(22, 4.3585244943, 19.5064832974).
cost(1, 2, 32).
cost(1, 3, 37).
cost(1, 4, 57).
cost(1, 5, 43).
cost(1, 6, 8).
cost(1, 7, 60).
cost(1, 8, 52).
cost(1, 9, 54).
cost(1, 10, 91).
cost(1, 11, 18).
cost(1, 12, 62).
cost(1, 13, 69).
cost(1, 14, 55).
cost(1, 15, 53).
cost(1, 16, 59).
cost(1, 17, 41).
cost(1, 18, 84).
cost(1, 19, 65).
cost(1, 20, 48).
cost(1, 21, 74).
cost(1, 22, 21).
cost(2, 1, 32).
cost(2, 3, 42).
cost(2, 4, 85).
cost(2, 5, 39).
cost(2, 6, 40).
cost(2, 7, 82).
cost(2, 8, 74).
cost(2, 9, 34).
cost(2, 10, 94).
cost(2, 11, 49).
cost(2, 12, 92).
cost(2, 13, 45).
cost(2, 14, 81).
cost(2, 15, 70).
cost(2, 16, 68).
cost(2, 17, 20).
cost(2, 18, 84).
cost(2, 19, 90).
cost(2, 20, 67).
cost(2, 21, 69).
cost(2, 22, 37).
cost(3, 1, 37).
cost(3, 2, 42).
cost(3, 4, 58).
cost(3, 5, 10).
cost(3, 6, 43).
cost(3, 7, 46).
cost(3, 8, 40).
cost(3, 9, 32).
cost(3, 10, 55).
cost(3, 11, 50).
cost(3, 12, 68).
cost(3, 13, 50).
cost(3, 14, 51).
cost(3, 15, 32).
cost(3, 16, 27).
cost(3, 17, 30).
cost(3, 18, 47).
cost(3, 19, 57).
cost(3, 20, 29).
cost(3, 21, 37).
cost(3, 22, 58).
cost(4, 1, 57).
cost(4, 2, 85).
cost(4, 3, 58).
cost(4, 5, 67).
cost(4, 6, 53).
cost(4, 7, 22).
cost(4, 8, 22).
cost(4, 9, 89).
cost(4, 10, 78).
cost(4, 11, 49).
cost(4, 12, 12).
cost(4, 13, 107).
cost(4, 14, 8).
cost(4, 15, 34).
cost(4, 16, 50).
cost(4, 17, 84).
cost(4, 18, 79).
cost(4, 19, 14).
cost(4, 20, 32).
cost(4, 21, 81).
cost(4, 22, 72).
cost(5, 1, 43).
cost(5, 2, 39).
cost(5, 3, 10).
cost(5, 4, 67).
cost(5, 6, 49).
cost(5, 7, 55).
cost(5, 8, 49).
cost(5, 9, 23).
cost(5, 10, 55).
cost(5, 11, 57).
cost(5, 12, 78).
cost(5, 13, 40).
cost(5, 14, 61).
cost(5, 15, 40).
cost(5, 16, 32).
cost(5, 17, 24).
cost(5, 18, 46).
cost(5, 19, 66).
cost(5, 20, 38).
cost(5, 21, 32).
cost(5, 22, 62).
cost(6, 1, 8).
cost(6, 2, 40).
cost(6, 3, 43).
cost(6, 4, 53).
cost(6, 5, 49).
cost(6, 7, 58).
cost(6, 8, 51).
cost(6, 9, 61).
cost(6, 10, 94).
cost(6, 11, 10).
cost(6, 12, 56).
cost(6, 13, 77).
cost(6, 14, 52).
cost(6, 15, 54).
cost(6, 16, 61).
cost(6, 17, 49).
cost(6, 18, 88).
cost(6, 19, 62).
cost(6, 20, 49).
cost(6, 21, 79).
cost(6, 22, 21).
cost(7, 1, 60).
cost(7, 2, 82).
cost(7, 3, 46).
cost(7, 4, 22).
cost(7, 5, 55).
cost(7, 6, 58).
cost(7, 8, 8).
cost(7, 9, 77).
cost(7, 10, 56).
cost(7, 11, 58).
cost(7, 12, 34).
cost(7, 13, 95).
cost(7, 14, 14).
cost(7, 15, 16).
cost(7, 16, 30).
cost(7, 17, 75).
cost(7, 18, 58).
cost(7, 19, 13).
cost(7, 20, 16).
cost(7, 21, 62).
cost(7, 22, 79).
cost(8, 1, 52).
cost(8, 2, 74).
cost(8, 3, 40).
cost(8, 4, 22).
cost(8, 5, 49).
cost(8, 6, 51).
cost(8, 7, 8).
cost(8, 9, 71).
cost(8, 10, 58).
cost(8, 11, 51).
cost(8, 12, 34).
cost(8, 13, 89).
cost(8, 14, 14).
cost(8, 15, 13).
cost(8, 16, 29).
cost(8, 17, 69).
cost(8, 18, 58).
cost(8, 19, 17).
cost(8, 20, 11).
cost(8, 21, 60).
cost(8, 22, 71).
cost(9, 1, 54).
cost(9, 2, 34).
cost(9, 3, 32).
cost(9, 4, 89).
cost(9, 5, 23).
cost(9, 6, 61).
cost(9, 7, 77).
cost(9, 8, 71).
cost(9, 10, 68).
cost(9, 11, 71).
cost(9, 12, 99).
cost(9, 13, 18).
cost(9, 14, 83).
cost(9, 15, 62).
cost(9, 16, 53).
cost(9, 17, 15).
cost(9, 18, 57).
cost(9, 19, 89).
cost(9, 20, 61).
cost(9, 21, 40).
cost(9, 22, 68).
cost(10, 1, 91).
cost(10, 2, 94).
cost(10, 3, 55).
cost(10, 4, 78).
cost(10, 5, 55).
cost(10, 6, 94).
cost(10, 7, 56).
cost(10, 8, 58).
cost(10, 9, 68).
cost(10, 11, 99).
cost(10, 12, 90).
cost(10, 13, 78).
cost(10, 14, 71).
cost(10, 15, 46).
cost(10, 16, 33).
cost(10, 17, 77).
cost(10, 18, 11).
cost(10, 19, 68).
cost(10, 20, 51).
cost(10, 21, 28).
cost(10, 22, 112).
cost(11, 1, 18).
cost(11, 2, 49).
cost(11, 3, 50).
cost(11, 4, 49).
cost(11, 5, 57).
cost(11, 6, 10).
cost(11, 7, 58).
cost(11, 8, 51).
cost(11, 9, 71).
cost(11, 10, 99).
cost(11, 12, 51).
cost(11, 13, 87).
cost(11, 14, 49).
cost(11, 15, 56).
cost(11, 16, 66).
cost(11, 17, 59).
cost(11, 18, 94).
cost(11, 19, 60).
cost(11, 20, 51).
cost(11, 21, 86).
cost(11, 22, 24).
cost(12, 1, 62).
cost(12, 2, 92).
cost(12, 3, 68).
cost(12, 4, 12).
cost(12, 5, 78).
cost(12, 6, 56).
cost(12, 7, 34).
cost(12, 8, 34).
cost(12, 9, 99).
cost(12, 10, 90).
cost(12, 11, 51).
cost(12, 13, 117).
cost(12, 14, 20).
cost(12, 15, 46).
cost(12, 16, 62).
cost(12, 17, 93).
cost(12, 18, 92).
cost(12, 19, 24).
cost(12, 20, 44).
cost(12, 21, 93).
cost(12, 22, 74).
cost(13, 1, 69).
cost(13, 2, 45).
cost(13, 3, 50).
cost(13, 4, 107).
cost(13, 5, 40).
cost(13, 6, 77).
cost(13, 7, 95).
cost(13, 8, 89).
cost(13, 9, 18).
cost(13, 10, 78).
cost(13, 11, 87).
cost(13, 12, 117).
cost(13, 14, 101).
cost(13, 15, 79).
cost(13, 16, 69).
cost(13, 17, 28).
cost(13, 18, 66).
cost(13, 19, 106).
cost(13, 20, 78).
cost(13, 21, 49).
cost(13, 22, 81).
cost(14, 1, 55).
cost(14, 2, 81).
cost(14, 3, 51).
cost(14, 4, 8).
cost(14, 5, 61).
cost(14, 6, 52).
cost(14, 7, 14).
cost(14, 8, 14).
cost(14, 9, 83).
cost(14, 10, 71).
cost(14, 11, 49).
cost(14, 12, 20).
cost(14, 13, 101).
cost(14, 15, 26).
cost(14, 16, 42).
cost(14, 17, 79).
cost(14, 18, 71).
cost(14, 19, 11).
cost(14, 20, 24).
cost(14, 21, 73).
cost(14, 22, 72).
cost(15, 1, 53).
cost(15, 2, 70).
cost(15, 3, 32).
cost(15, 4, 34).
cost(15, 5, 40).
cost(15, 6, 54).
cost(15, 7, 16).
cost(15, 8, 13).
cost(15, 9, 62).
cost(15, 10, 46).
cost(15, 11, 56).
cost(15, 12, 46).
cost(15, 13, 79).
cost(15, 14, 26).
cost(15, 16, 16).
cost(15, 17, 62).
cost(15, 18, 46).
cost(15, 19, 28).
cost(15, 20, 5).
cost(15, 21, 47).
cost(15, 22, 74).
cost(16, 1, 59).
cost(16, 2, 68).
cost(16, 3, 27).
cost(16, 4, 50).
cost(16, 5, 32).
cost(16, 6, 61).
cost(16, 7, 30).
cost(16, 8, 29).
cost(16, 9, 53).
cost(16, 10, 33).
cost(16, 11, 66).
cost(16, 12, 62).
cost(16, 13, 69).
cost(16, 14, 42).
cost(16, 15, 16).
cost(16, 17, 56).
cost(16, 18, 30).
cost(16, 19, 43).
cost(16, 20, 19).
cost(16, 21, 31).
cost(16, 22, 80).
cost(17, 1, 41).
cost(17, 2, 20).
cost(17, 3, 30).
cost(17, 4, 84).
cost(17, 5, 24).
cost(17, 6, 49).
cost(17, 7, 75).
cost(17, 8, 69).
cost(17, 9, 15).
cost(17, 10, 77).
cost(17, 11, 59).
cost(17, 12, 93).
cost(17, 13, 28).
cost(17, 14, 79).
cost(17, 15, 62).
cost(17, 16, 56).
cost(17, 18, 66).
cost(17, 19, 86).
cost(17, 20, 59).
cost(17, 21, 51).
cost(17, 22, 54).
cost(18, 1, 84).
cost(18, 2, 84).
cost(18, 3, 47).
cost(18, 4, 79).
cost(18, 5, 46).
cost(18, 6, 88).
cost(18, 7, 58).
cost(18, 8, 58).
cost(18, 9, 57).
cost(18, 10, 11).
cost(18, 11, 94).
cost(18, 12, 92).
cost(18, 13, 66).
cost(18, 14, 71).
cost(18, 15, 46).
cost(18, 16, 30).
cost(18, 17, 66).
cost(18, 19, 70).
cost(18, 20, 49).
cost(18, 21, 17).
cost(18, 22, 105).
cost(19, 1, 65).
cost(19, 2, 90).
cost(19, 3, 57).
cost(19, 4, 14).
cost(19, 5, 66).
cost(19, 6, 62).
cost(19, 7, 13).
cost(19, 8, 17).
cost(19, 9, 89).
cost(19, 10, 68).
cost(19, 11, 60).
cost(19, 12, 24).
cost(19, 13, 106).
cost(19, 14, 11).
cost(19, 15, 28).
cost(19, 16, 43).
cost(19, 17, 86).
cost(19, 18, 70).
cost(19, 20, 28).
cost(19, 21, 74).
cost(19, 22, 82).
cost(20, 1, 48).
cost(20, 2, 67).
cost(20, 3, 29).
cost(20, 4, 32).
cost(20, 5, 38).
cost(20, 6, 49).
cost(20, 7, 16).
cost(20, 8, 11).
cost(20, 9, 61).
cost(20, 10, 51).
cost(20, 11, 51).
cost(20, 12, 44).
cost(20, 13, 78).
cost(20, 14, 24).
cost(20, 15, 5).
cost(20, 16, 19).
cost(20, 17, 59).
cost(20, 18, 49).
cost(20, 19, 28).
cost(20, 21, 49).
cost(20, 22, 69).
cost(21, 1, 74).
cost(21, 2, 69).
cost(21, 3, 37).
cost(21, 4, 81).
cost(21, 5, 32).
cost(21, 6, 79).
cost(21, 7, 62).
cost(21, 8, 60).
cost(21, 9, 40).
cost(21, 10, 28).
cost(21, 11, 86).
cost(21, 12, 93).
cost(21, 13, 49).
cost(21, 14, 73).
cost(21, 15, 47).
cost(21, 16, 31).
cost(21, 17, 51).
cost(21, 18, 17).
cost(21, 19, 74).
cost(21, 20, 49).
cost(21, 22, 94).
cost(22, 1, 21).
cost(22, 2, 37).
cost(22, 3, 58).
cost(22, 4, 72).
cost(22, 5, 62).
cost(22, 6, 21).
cost(22, 7, 79).
cost(22, 8, 71).
cost(22, 9, 68).
cost(22, 10, 112).
cost(22, 11, 24).
cost(22, 12, 74).
cost(22, 13, 81).
cost(22, 14, 72).
cost(22, 15, 74).
cost(22, 16, 80).
cost(22, 17, 54).
cost(22, 18, 105).
cost(22, 19, 82).
cost(22, 20, 69).
cost(22, 21, 94).
