dimension(30).
point(1, 25.6217387956, 26.1469627746).
point(2, 30.7248099594, 39.5267567619).
point(3, 87.1169089812, 81.9620228109).
point(4, 48.6305907961, 18.0714370918).
point(5, 72.8436324476, 98.1728541796).
point(6, 59.3064237485, 8.0251085553).
point(7, 62.9707791654, 86.2136362625).
point(8, 85.7916459291, 23.09481031).
point(9, 38.7208750638, 7.6804449681).
point(10, 32.1276424632, 53.8673732091).
point(11, 96.7876186549, 32.7735063194).
point(12, 41.773271362, 51.1211070897).
point(13, 37.02066988, 55.8647193303).
point(14, 91.1271006019, 18.2504079579).
point(15, 39.5869626574, 24.37582638).
point(16, 9.5907921366, 22.5734389198).
point(17, 37.8716171046, 16.5586081402).
point(18, 16.4897025327, 40.2715455004).
point(19, 58.6190171625, 25.4454302098).
point(20, 31.9887854655, 28.3750126951).
point(21, 21.4348100659, 69.2715721802).
point(22, 33.6596448831, 67.5530103992).
point(23, 58.3237669594, 67.0709243906).
point(24, 80.3712872596, 38.3036893725).
point(25, 87.8409099849, 31.946502944).
point(26, 81.532963397, 73.8930140416).
point(27, 53.9887419064, 86.708898436).
point(28, 99.2413154238, 49.387795821).
point(29, 17.710754911, 17.8968253902).
point(30, 20.3863808873, 22.165654428).
cost(1, 2, 14).
cost(1, 3, 83).
cost(1, 4, 24).
cost(1, 5, 86).
cost(1, 6, 38).
cost(1, 7, 71).
cost(1, 8, 60).
cost(1, 9, 23).
cost(1, 10, 28).
cost(1, 11, 71).
cost(1, 12, 30).
cost(1, 13, 32).
cost(1, 14, 66).
cost(1, 15, 14).
cost(1, 16, 16).
cost(1, 17, 16).
cost(1, 18, 17).
cost(1, 19, 33).
cost(1, 20, 7).
cost(1, 21, 43).
cost(1, 22, 42).
cost(1, 23, 52).
cost(1, 24, 56).
cost(1, 25, 62).
cost(1, 26, 74).
cost(1, 27, 67).
cost(1, 28, 77).
cost(1, 29, 11).
cost(1, 30, 7).
cost(2, 1, 14).
cost(2, 3, 71).
cost(2, 4, 28).
cost(2, 5, 72).
cost(2, 6, 43).
cost(2, 7, 57).
cost(2, 8, 57).
cost(2, 9, 33).
cost(2, 10, 14).
cost(2, 11, 66).
cost(2, 12, 16).
cost(2, 13, 18).
cost(2, 14, 64).
cost(2, 15, 18).
cost(2, 16, 27).
cost(2, 17, 24).
cost(2, 18, 14).
cost(2, 19, 31).
cost(2, 20, 11).
cost(2, 21, 31).
cost(2, 22, 28).
cost(2, 23, 39).
cost(2, 24, 50).
cost(2, 25, 58).
cost(2, 26, 61).
cost(2, 27, 53).
cost(2, 28, 69).
cost(2, 29, 25).
cost(2, 30, 20).
cost(3, 1, 83).
cost(3, 2, 71).
cost(3, 4, 75).
cost(3, 5, 22).
cost(3, 6, 79).
cost(3, 7, 25).
cost(3, 8, 59).
cost(3, 9, 89).
cost(3, 10, 62).
cost(3, 11, 50).
cost(3, 12, 55).
cost(3, 13, 56).
cost(3, 14, 64).
cost(3, 15, 75).
cost(3, 16, 98).
cost(3, 17, 82).
cost(3, 18, 82).
cost(3, 19, 63).
cost(3, 20, 77).
cost(3, 21, 67).
cost(3, 22, 55).
cost(3, 23, 32).
cost(3, 24, 44).
cost(3, 25, 50).
cost(3, 26, 10).
cost(3, 27, 33).
cost(3, 28, 35).
cost(3, 29, 94).
cost(3, 30, 90).
cost(4, 1, 24).
cost(4, 2, 28).
cost(4, 3, 75).
cost(4, 5, 84).
cost(4, 6, 15).
cost(4, 7, 70).
cost(4, 8, 37).
cost(4, 9, 14).
cost(4, 10, 39).
cost(4, 11, 50).
cost(4, 12, 34).
cost(4, 13, 40).
cost(4, 14, 42).
cost(4, 15, 11).
cost(4, 16, 39).
cost(4, 17, 11).
cost(4, 18, 39).
cost(4, 19, 12).
cost(4, 20, 20).
cost(4, 21, 58).
cost(4, 22, 52).
cost(4, 23, 50).
cost(4, 24, 38).
cost(4, 25, 42).
cost(4, 26, 65).
cost(4, 27, 69).
cost(4, 28, 60).
cost(4, 29, 31).
cost(4, 30, 29).
cost(5, 1, 86).
cost(5, 2, 72).
cost(5, 3, 22).
cost(5, 4, 84).
cost(5, 6, 91).
cost(5, 7, 16).
cost(5, 8, 76).
cost(5, 9, 97).
cost(5, 10, 60).
cost(5, 11, 70).
cost(5, 12, 56).
cost(5, 13, 55).
cost(5, 14, 82).
cost(5, 15, 81).
cost(5, 16, 99).
cost(5, 17, 89).
cost(5, 18, 81).
cost(5, 19, 74).
cost(5, 20, 81).
cost(5, 21, 59).
cost(5, 22, 50).
cost(5, 23, 34).
cost(5, 24, 60).
cost(5, 25, 68).
cost(5, 26, 26).
cost(5, 27, 22).
cost(5, 28, 55).
cost(5, 29, 97).
cost(5, 30, 92).
cost(6, 1, 38).
cost(6, 2, 43).
cost(6, 3, 79).
cost(6, 4, 15).
cost(6, 5, 91).
cost(6, 7, 78).
cost(6, 8, 30).
cost(6, 9, 21).
cost(6, 10, 53).
cost(6, 11, 45).
cost(6, 12, 47).
cost(6, 13, 53).
cost(6, 14, 33).
cost(6, 15, 26).
cost(6, 16, 52).
cost(6, 17, 23).
cost(6, 18, 54).
cost(6, 19, 17).
cost(6, 20, 34).
cost(6, 21, 72).
cost(6, 22, 65).
cost(6, 23, 59).
cost(6, 24, 37).
cost(6, 25, 37).
cost(6, 26, 70).
cost(6, 27, 79).
cost(6, 28, 57).
cost(6, 29, 43).
cost(6, 30, 41).
cost(7, 1, 71).
cost(7, 2, 57).
cost(7, 3, 25).
cost(7, 4, 70).
cost(7, 5, 16).
cost(7, 6, 78).
cost(7, 8, 67).
cost(7, 9, 82).
cost(7, 10, 45).
cost(7, 11, 63).
cost(7, 12, 41).
cost(7, 13, 40).
cost(7, 14, 74).
cost(7, 15, 66).
cost(7, 16, 83).
cost(7, 17, 74).
cost(7, 18, 65).
cost(7, 19, 61).
cost(7, 20, 66).
cost(7, 21, 45).
cost(7, 22, 35).
cost(7, 23, 20).
cost(7, 24, 51).
cost(7, 25, 60).
cost(7, 26, 22).
cost(7, 27, 9).
cost(7, 28, 52).
cost(7, 29, 82).
cost(7, 30, 77).
cost(8, 1, 60).
cost(8, 2, 57).
cost(8, 3, 59).
cost(8, 4, 37).
cost(8, 5, 76).
cost(8, 6, 30).
cost(8, 7, 67).
cost(8, 9, 50).
cost(8, 10, 62).
cost(8, 11, 15).
cost(8, 12, 52).
cost(8, 13, 59).
cost(8, 14, 7).
cost(8, 15, 46).
cost(8, 16, 76).
cost(8, 17, 48).
cost(8, 18, 71).
cost(8, 19, 27).
cost(8, 20, 54).
cost(8, 21, 79).
cost(8, 22, 69).
cost(8, 23, 52).
cost(8, 24, 16).
cost(8, 25, 9).
cost(8, 26, 51).
cost(8, 27, 71).
cost(8, 28, 30).
cost(8, 29, 68).
cost(8, 30, 65).
cost(9, 1, 23).
cost(9, 2, 33).
cost(9, 3, 89).
cost(9, 4, 14).
cost(9, 5, 97).
cost(9, 6, 21).
cost(9, 7, 82).
cost(9, 8, 50).
cost(9, 10, 47).
cost(9, 11, 63).
cost(9, 12, 44).
cost(9, 13, 48).
cost(9, 14, 53).
cost(9, 15, 17).
cost(9, 16, 33).
cost(9, 17, 9).
cost(9, 18, 39).
cost(9, 19, 27).
cost(9, 20, 22).
cost(9, 21, 64).
cost(9, 22, 60).
cost(9, 23, 63).
cost(9, 24, 52).
cost(9, 25, 55).
cost(9, 26, 79).
cost(9, 27, 80).
cost(9, 28, 73).
cost(9, 29, 23).
cost(9, 30, 23).
cost(10, 1, 28).
cost(10, 2, 14).
cost(10, 3, 62).
cost(10, 4, 39).
cost(10, 5, 60).
cost(10, 6, 53).
cost(10, 7, 45).
cost(10, 8, 62).
cost(10, 9, 47).
cost(10, 11, 68).
cost(10, 12, 10).
cost(10, 13, 5).
cost(10, 14, 69).
cost(10, 15, 30).
cost(10, 16, 39).
cost(10, 17, 38).
cost(10, 18, 21).
cost(10, 19, 39).
cost(10, 20, 25).
cost(10, 21, 19).
cost(10, 22, 14).
cost(10, 23, 29).
cost(10, 24, 51).
cost(10, 25, 60).
cost(10, 26, 53).
cost(10, 27, 39).
cost(10, 28, 67).
cost(10, 29, 39).
cost(10, 30, 34).
cost(11, 1, 71).
cost(11, 2, 66).
cost(11, 3, 50).
cost(11, 4, 50).
cost(11, 5, 70).
cost(11, 6, 45).
cost(11, 7, 63).
cost(11, 8, 15).
cost(11, 9, 63).
cost(11, 10, 68).
cost(11, 12, 58).
cost(11, 13, 64).
cost(11, 14, 16).
cost(11, 15, 58).
cost(11, 16, 88).
cost(11, 17, 61).
cost(11, 18, 81).
cost(11, 19, 39).
cost(11, 20, 65).
cost(11, 21, 84).
cost(11, 22, 72).
cost(11, 23, 52).
cost(11, 24, 17).
cost(11, 25, 9).
cost(11, 26, 44).
cost(11, 27, 69).
cost(11, 28, 17).
cost(11, 29, 80).
cost(11, 30, 77).
cost(12, 1, 30).
cost(12, 2, 16).
cost(12, 3, 55).
cost(12, 4, 34).
cost(12, 5, 56).
cost(12, 6, 47).
cost(12, 7, 41).
cost(12, 8, 52).
cost(12, 9, 44).
cost(12, 10, 10).
cost(12, 11, 58).
cost(12, 13, 7).
cost(12, 14, 59).
cost(12, 15, 27).
cost(12, 16, 43).
cost(12, 17, 35).
cost(12, 18, 28).
cost(12, 19, 31).
cost(12, 20, 25).
cost(12, 21, 27).
cost(12, 22, 18).
cost(12, 23, 23).
cost(12, 24, 41).
cost(12, 25, 50).
cost(12, 26, 46).
cost(12, 27, 38).
cost(12, 28, 57).
cost(12, 29, 41).
cost(12, 30, 36).
cost(13, 1, 32).
cost(13, 2, 18).
cost(13, 3, 56).
cost(13, 4, 40).
cost(13, 5, 55).
cost(13, 6, 53).
cost(13, 7, 40).
cost(13, 8, 59).
cost(13, 9, 48).
cost(13, 10, 5).
cost(13, 11, 64).
cost(13, 12, 7).
cost(13, 14, 66).
cost(13, 15, 32).
cost(13, 16, 43).
cost(13, 17, 39).
cost(13, 18, 26).
cost(13, 19, 37).
cost(13, 20, 28).
cost(13, 21, 21).
cost(13, 22, 12).
cost(13, 23, 24).
cost(13, 24, 47).
cost(13, 25, 56).
cost(13, 26, 48).
cost(13, 27, 35).
cost(13, 28, 63).
cost(13, 29, 43).
cost(13, 30, 38).
cost(14, 1, 66).
cost(14, 2, 64).
cost(14, 3, 64).
cost(14, 4, 42).
cost(14, 5, 82).
cost(14, 6, 33).
cost(14, 7, 74).
cost(14, 8, 7).
cost(14, 9, 53).
cost(14, 10, 69).
cost(14, 11, 16).
cost(14, 12, 59).
cost(14, 13, 66).
cost(14, 15, 52).
cost(14, 16, 82).
cost(14, 17, 53).
cost(14, 18, 78).
cost(14, 19, 33).
cost(14, 20, 60).
cost(14, 21, 86).
cost(14, 22, 76).
cost(14, 23, 59).
cost(14, 24, 23).
cost(14, 25, 14).
cost(14, 26, 56).
cost(14, 27, 78).
cost(14, 28, 32).
cost(14, 29, 73).
cost(14, 30, 71).
cost(15, 1, 14).
cost(15, 2, 18).
cost(15, 3, 75).
cost(15, 4, 11).
cost(15, 5, 81).
cost(15, 6, 26).
cost(15, 7, 66).
cost(15, 8, 46).
cost(15, 9, 17).
cost(15, 10, 30).
cost(15, 11, 58).
cost(15, 12, 27).
cost(15, 13, 32).
cost(15, 14, 52).
cost(15, 16, 30).
cost(15, 17, 8).
cost(15, 18, 28).
cost(15, 19, 19).
cost(15, 20, 9).
cost(15, 21, 48).
cost(15, 22, 44).
cost(15, 23, 47).
cost(15, 24, 43).
cost(15, 25, 49).
cost(15, 26, 65).
cost(15, 27, 64).
cost(15, 28, 65).
cost(15, 29, 23).
cost(15, 30, 19).
cost(16, 1, 16).
cost(16, 2, 27).
cost(16, 3, 98).
cost(16, 4, 39).
cost(16, 5, 99).
cost(16, 6, 52).
cost(16, 7, 83).
cost(16, 8, 76).
cost(16, 9, 33).
cost(16, 10, 39).
cost(16, 11, 88).
cost(16, 12, 43).
cost(16, 13, 43).
cost(16, 14, 82).
cost(16, 15, 30).
cost(16, 17, 29).
cost(16, 18, 19).
cost(16, 19, 49).
cost(16, 20, 23).
cost(16, 21, 48).
cost(16, 22, 51).
cost(16, 23, 66).
cost(16, 24, 73).
cost(16, 25, 79).
cost(16, 26, 88).
cost(16, 27, 78).
cost(16, 28, 94).
cost(16, 29, 9).
cost(16, 30, 11).
cost(17, 1, 16).
cost(17, 2, 24).
cost(17, 3, 82).
cost(17, 4, 11).
cost(17, 5, 89).
cost(17, 6, 23).
cost(17, 7, 74).
cost(17, 8, 48).
cost(17, 9, 9).
cost(17, 10, 38).
cost(17, 11, 61).
cost(17, 12, 35).
cost(17, 13, 39).
cost(17, 14, 53).
cost(17, 15, 8).
cost(17, 16, 29).
cost(17, 18, 32).
cost(17, 19, 23).
cost(17, 20, 13).
cost(17, 21, 55).
cost(17, 22, 51).
cost(17, 23, 54).
cost(17, 24, 48).
cost(17, 25, 52).
cost(17, 26, 72).
cost(17, 27, 72).
cost(17, 28, 70).
cost(17, 29, 20).
cost(17, 30, 18).
cost(18, 1, 17).
cost(18, 2, 14).
cost(18, 3, 82).
cost(18, 4, 39).
cost(18, 5, 81).
cost(18, 6, 54).
cost(18, 7, 65).
cost(18, 8, 71).
cost(18, 9, 39).
cost(18, 10, 21).
cost(18, 11, 81).
cost(18, 12, 28).
cost(18, 13, 26).
cost(18, 14, 78).
cost(18, 15, 28).
cost(18, 16, 19).
cost(18, 17, 32).
cost(18, 19, 45).
cost(18, 20, 20).
cost(18, 21, 29).
cost(18, 22, 32).
cost(18, 23, 50).
cost(18, 24, 64).
cost(18, 25, 72).
cost(18, 26, 73).
cost(18, 27, 60).
cost(18, 28, 83).
cost(18, 29, 22).
cost(18, 30, 19).
cost(19, 1, 33).
cost(19, 2, 31).
cost(19, 3, 63).
cost(19, 4, 12).
cost(19, 5, 74).
cost(19, 6, 17).
cost(19, 7, 61).
cost(19, 8, 27).
cost(19, 9, 27).
cost(19, 10, 39).
cost(19, 11, 39).
cost(19, 12, 31).
cost(19, 13, 37).
cost(19, 14, 33).
cost(19, 15, 19).
cost(19, 16, 49).
cost(19, 17, 23).
cost(19, 18, 45).
cost(19, 20, 27).
cost(19, 21, 57).
cost(19, 22, 49).
cost(19, 23, 42).
cost(19, 24, 25).
cost(19, 25, 30).
cost(19, 26, 54).
cost(19, 27, 61).
cost(19, 28, 47).
cost(19, 29, 42).
cost(19, 30, 38).
cost(20, 1, 7).
cost(20, 2, 11).
cost(20, 3, 77).
cost(20, 4, 20).
cost(20, 5, 81).
cost(20, 6, 34).
cost(20, 7, 66).
cost(20, 8, 54).
cost(20, 9, 22).
cost(20, 10, 25).
cost(20, 11, 65).
cost(20, 12, 25).
cost(20, 13, 28).
cost(20, 14, 60).
cost(20, 15, 9).
cost(20, 16, 23).
cost(20, 17, 13).
cost(20, 18, 20).
cost(20, 19, 27).
cost(20, 21, 42).
cost(20, 22, 39).
cost(20, 23, 47).
cost(20, 24, 49).
cost(20, 25, 56).
cost(20, 26, 67).
cost(20, 27, 62).
cost(20, 28, 70).
cost(20, 29, 18).
cost(20, 30, 13).
cost(21, 1, 43).
cost(21, 2, 31).
cost(21, 3, 67).
cost(21, 4, 58).
cost(21, 5, 59).
cost(21, 6, 72).
cost(21, 7, 45).
cost(21, 8, 79).
cost(21, 9, 64).
cost(21, 10, 19).
cost(21, 11, 84).
cost(21, 12, 27).
cost(21, 13, 21).
cost(21, 14, 86).
cost(21, 15, 48).
cost(21, 16, 48).
cost(21, 17, 55).
cost(21, 18, 29).
cost(21, 19, 57).
cost(21, 20, 42).
cost(21, 22, 12).
cost(21, 23, 37).
cost(21, 24, 67).
cost(21, 25, 76).
cost(21, 26, 60).
cost(21, 27, 37).
cost(21, 28, 80).
cost(21, 29, 52).
cost(21, 30, 47).
cost(22, 1, 42).
cost(22, 2, 28).
cost(22, 3, 55).
cost(22, 4, 52).
cost(22, 5, 50).
cost(22, 6, 65).
cost(22, 7, 35).
cost(22, 8, 69).
cost(22, 9, 60).
cost(22, 10, 14).
cost(22, 11, 72).
cost(22, 12, 18).
cost(22, 13, 12).
cost(22, 14, 76).
cost(22, 15, 44).
cost(22, 16, 51).
cost(22, 17, 51).
cost(22, 18, 32).
cost(22, 19, 49).
cost(22, 20, 39).
cost(22, 21, 12).
cost(22, 23, 25).
cost(22, 24, 55).
cost(22, 25, 65).
cost(22, 26, 48).
cost(22, 27, 28).
cost(22, 28, 68).
cost(22, 29, 52).
cost(22, 30, 47).
cost(23, 1, 52).
cost(23, 2, 39).
cost(23, 3, 32).
cost(23, 4, 50).
cost(23, 5, 34).
cost(23, 6, 59).
cost(23, 7, 20).
cost(23, 8, 52).
cost(23, 9, 63).
cost(23, 10, 29).
cost(23, 11, 52).
cost(23, 12, 23).
cost(23, 13, 24).
cost(23, 14, 59).
cost(23, 15, 47).
cost(23, 16, 66).
cost(23, 17, 54).
cost(23, 18, 50).
cost(23, 19, 42).
cost(23, 20, 47).
cost(23, 21, 37).
cost(23, 22, 25).
cost(23, 24, 36).
cost(23, 25, 46).
cost(23, 26, 24).
cost(23, 27, 20).
cost(23, 28, 45).
cost(23, 29, 64).
cost(23, 30, 59).
cost(24, 1, 56).
cost(24, 2, 50).
cost(24, 3, 44).
cost(24, 4, 38).
cost(24, 5, 60).
cost(24, 6, 37).
cost(24, 7, 51).
cost(24, 8, 16).
cost(24, 9, 52).
cost(24, 10, 51).
cost(24, 11, 17).
cost(24, 12, 41).
cost(24, 13, 47).
cost(24, 14, 23).
cost(24, 15, 43).
cost(24, 16, 73).
cost(24, 17, 48).
cost(24, 18, 64).
cost(24, 19, 25).
cost(24, 20, 49).
cost(24, 21, 67).
cost(24, 22, 55).
cost(24, 23, 36).
cost(24, 25, 10).
cost(24, 26, 36).
cost(24, 27, 55).
cost(24, 28, 22).
cost(24, 29, 66).
cost(24, 30, 62).
cost(25, 1, 62).
cost(25, 2, 58).
cost(25, 3, 50).
cost(25, 4, 42).
cost(25, 5, 68).
cost(25, 6, 37).
cost(25, 7, 60).
cost(25, 8, 9).
cost(25, 9, 55).
cost(25, 10, 60).
cost(25, 11, 9).
cost(25, 12, 50).
cost(25, 13, 56).
cost(25, 14, 14).
cost(25, 15, 49).
cost(25, 16, 79).
cost(25, 17, 52).
cost(25, 18, 72).
cost(25, 19, 30).
cost(25, 20, 56).
cost(25, 21, 76).
cost(25, 22, 65).
cost(25, 23, 46).
cost(25, 24, 10).
cost(25, 26, 42).
cost(25, 27, 64).
cost(25, 28, 21).
cost(25, 29, 72).
cost(25, 30, 68).
cost(26, 1, 74).
cost(26, 2, 61).
cost(26, 3, 10).
cost(26, 4, 65).
cost(26, 5, 26).
cost(26, 6, 70).
cost(26, 7, 22).
cost(26, 8, 51).
cost(26, 9, 79).
cost(26, 10, 53).
cost(26, 11, 44).
cost(26, 12, 46).
cost(26, 13, 48).
cost(26, 14, 56).
cost(26, 15, 65).
cost(26, 16, 88).
cost(26, 17, 72).
cost(26, 18, 73).
cost(26, 19, 54).
cost(26, 20, 67).
cost(26, 21, 60).
cost(26, 22, 48).
cost(26, 23, 24).
cost(26, 24, 36).
cost(26, 25, 42).
cost(26, 27, 30).
cost(26, 28, 30).
cost(26, 29, 85).
cost(26, 30, 80).
cost(27, 1, 67).
cost(27, 2, 53).
cost(27, 3, 33).
cost(27, 4, 69).
cost(27, 5, 22).
cost(27, 6, 79).
cost(27, 7, 9).
cost(27, 8, 71).
cost(27, 9, 80).
cost(27, 10, 39).
cost(27, 11, 69).
cost(27, 12, 38).
cost(27, 13, 35).
cost(27, 14, 78).
cost(27, 15, 64).
cost(27, 16, 78).
cost(27, 17, 72).
cost(27, 18, 60).
cost(27, 19, 61).
cost(27, 20, 62).
cost(27, 21, 37).
cost(27, 22, 28).
cost(27, 23, 20).
cost(27, 24, 55).
cost(27, 25, 64).
cost(27, 26, 30).
cost(27, 28, 59).
cost(27, 29, 78).
cost(27, 30, 73).
cost(28, 1, 77).
cost(28, 2, 69).
cost(28, 3, 35).
cost(28, 4, 60).
cost(28, 5, 55).
cost(28, 6, 57).
cost(28, 7, 52).
cost(28, 8, 30).
cost(28, 9, 73).
cost(28, 10, 67).
cost(28, 11, 17).
cost(28, 12, 57).
cost(28, 13, 63).
cost(28, 14, 32).
cost(28, 15, 65).
cost(28, 16, 94).
cost(28, 17, 70).
cost(28, 18, 83).
cost(28, 19, 47).
cost(28, 20, 70).
cost(28, 21, 80).
cost(28, 22, 68).
cost(28, 23, 45).
cost(28, 24, 22).
cost(28, 25, 21).
cost(28, 26, 30).
cost(28, 27, 59).
cost(28, 29, 87).
cost(28, 30, 83).
cost(29, 1, 11).
cost(29, 2, 25).
cost(29, 3, 94).
cost(29, 4, 31).
cost(29, 5, 97).
cost(29, 6, 43).
cost(29, 7, 82).
cost(29, 8, 68).
cost(29, 9, 23).
cost(29, 10, 39).
cost(29, 11, 80).
cost(29, 12, 41).
cost(29, 13, 43).
cost(29, 14, 73).
cost(29, 15, 23).
cost(29, 16, 9).
cost(29, 17, 20).
cost(29, 18, 22).
cost(29, 19, 42).
cost(29, 20, 18).
cost(29, 21, 52).
cost(29, 22, 52).
cost(29, 23, 64).
cost(29, 24, 66).
cost(29, 25, 72).
cost(29, 26, 85).
cost(29, 27, 78).
cost(29, 28, 87).
cost(29, 30, 5).
cost(30, 1, 7).
cost(30, 2, 20).
cost(30, 3, 90).
cost(30, 4, 29).
cost(30, 5, 92).
cost(30, 6, 41).
cost(30, 7, 77).
cost(30, 8, 65).
cost(30, 9, 23).
cost(30, 10, 34).
cost(30, 11, 77).
cost(30, 12, 36).
cost(30, 13, 38).
cost(30, 14, 71).
cost(30, 15, 19).
cost(30, 16, 11).
cost(30, 17, 18).
cost(30, 18, 19).
cost(30, 19, 38).
cost(30, 20, 13).
cost(30, 21, 47).
cost(30, 22, 47).
cost(30, 23, 59).
cost(30, 24, 62).
cost(30, 25, 68).
cost(30, 26, 80).
cost(30, 27, 73).
cost(30, 28, 83).
cost(30, 29, 5).
