dimension(30).
point(1, 56.4775649651, 65.3008210333).
point(2, 19.0899290754, 20.8522219805).
point(3, 31.9455067136, 28.0797629738).
point(4, 76.1209918538, 35.6806180689).
point(5, 84.6927791448, 31.8241778206).
point(6, 47.0072456812, 77.2724249339).
point(7, 92.138194473, 23.9915225482).
point(8, 84.9951212114, 89.7509212136).
point(9, 77.5029239769, 87.7947630501).
point(10, 95.9767654472, 15.6855599669).
point(11, 80.5853284185, 80.7146912897).
point(12, 47.0679085053, 10.4481657869).
point(13, 38.1877290371, 29.3917839901).
point(14, 21.5849569384, 58.5833880064).
point(15, 73.5310235759, 75.4798098411).
point(16, 9.0998876193, 66.324106968).
point(17, 36.1744422511, 13.8772334546).
point(18, 37.2861280772, 42.5318689863).
point(19, 90.4907629929, 28.6174291288).
point(20, 61.74473673, 73.919866473).
point(21, 59.0789763219, 56.5601344735).
point(22, 20.0845419433, 69.1530406492).
point(23, 14.2479438864, 39.4425558049).
point(24, 77.2162963736, 82.1780178351).
point(25, 47.2289112945, 79.9037483718).
point(26, 85.1835180418, 9.4870555598).
point(27, 52.6194914463, 23.5911676043).
point(28, 78.2230715986, 91.3719973563).
point(29, 9.2920050297, 55.1669633572).
point(30, 74.7271505578, 88.4953027219).
cost(1, 2, 58).
cost(1, 3, 45).
cost(1, 4, 36).
cost(1, 5, 44).
cost(1, 6, 15).
cost(1, 7, 55).
cost(1, 8, 38).
cost(1, 9, 31).
cost(1, 10, 63).
cost(1, 11, 29).
cost(1, 12, 56).
cost(1, 13, 40).
cost(1, 14, 36).
cost(1, 15, 20).
cost(1, 16, 47).
cost(1, 17, 55).
cost(1, 18, 30).
cost(1, 19, 50).
cost(1, 20, 10).
cost(1, 21, 9).
cost(1, 22, 37).
cost(1, 23, 50).
cost(1, 24, 27).
cost(1, 25, 17).
cost(1, 26, 63).
cost(1, 27, 42).
cost(1, 28, 34).
cost(1, 29, 48).
cost(1, 30, 30).
cost(2, 1, 58).
cost(2, 3, 15).
cost(2, 4, 59).
cost(2, 5, 67).
cost(2, 6, 63).
cost(2, 7, 73).
cost(2, 8, 95).
cost(2, 9, 89).
cost(2, 10, 77).
cost(2, 11, 86).
cost(2, 12, 30).
cost(2, 13, 21).
cost(2, 14, 38).
cost(2, 15, 77).
cost(2, 16, 47).
cost(2, 17, 18).
cost(2, 18, 28).
cost(2, 19, 72).
cost(2, 20, 68).
cost(2, 21, 54).
cost(2, 22, 48).
cost(2, 23, 19).
cost(2, 24, 84).
cost(2, 25, 65).
cost(2, 26, 67).
cost(2, 27, 34).
cost(2, 28, 92).
cost(2, 29, 36).
cost(2, 30, 88).
cost(3, 1, 45).
cost(3, 2, 15).
cost(3, 4, 45).
cost(3, 5, 53).
cost(3, 6, 51).
cost(3, 7, 60).
cost(3, 8, 81).
cost(3, 9, 75).
cost(3, 10, 65).
cost(3, 11, 72).
cost(3, 12, 23).
cost(3, 13, 6).
cost(3, 14, 32).
cost(3, 15, 63).
cost(3, 16, 45).
cost(3, 17, 15).
cost(3, 18, 15).
cost(3, 19, 59).
cost(3, 20, 55).
cost(3, 21, 39).
cost(3, 22, 43).
cost(3, 23, 21).
cost(3, 24, 71).
cost(3, 25, 54).
cost(3, 26, 56).
cost(3, 27, 21).
cost(3, 28, 78).
cost(3, 29, 35).
cost(3, 30, 74).
cost(4, 1, 36).
cost(4, 2, 59).
cost(4, 3, 45).
cost(4, 5, 9).
cost(4, 6, 51).
cost(4, 7, 20).
cost(4, 8, 55).
cost(4, 9, 52).
cost(4, 10, 28).
cost(4, 11, 45).
cost(4, 12, 38).
cost(4, 13, 38).
cost(4, 14, 59).
cost(4, 15, 40).
cost(4, 16, 74).
cost(4, 17, 46).
cost(4, 18, 39).
cost(4, 19, 16).
cost(4, 20, 41).
cost(4, 21, 27).
cost(4, 22, 65).
cost(4, 23, 62).
cost(4, 24, 47).
cost(4, 25, 53).
cost(4, 26, 28).
cost(4, 27, 26).
cost(4, 28, 56).
cost(4, 29, 70).
cost(4, 30, 53).
cost(5, 1, 44).
cost(5, 2, 67).
cost(5, 3, 53).
cost(5, 4, 9).
cost(5, 6, 59).
cost(5, 7, 11).
cost(5, 8, 58).
cost(5, 9, 56).
cost(5, 10, 20).
cost(5, 11, 49).
cost(5, 12, 43).
cost(5, 13, 47).
cost(5, 14, 69).
cost(5, 15, 45).
cost(5, 16, 83).
cost(5, 17, 52).
cost(5, 18, 49).
cost(5, 19, 7).
cost(5, 20, 48).
cost(5, 21, 36).
cost(5, 22, 75).
cost(5, 23, 71).
cost(5, 24, 51).
cost(5, 25, 61).
cost(5, 26, 22).
cost(5, 27, 33).
cost(5, 28, 60).
cost(5, 29, 79).
cost(5, 30, 58).
cost(6, 1, 15).
cost(6, 2, 63).
cost(6, 3, 51).
cost(6, 4, 51).
cost(6, 5, 59).
cost(6, 7, 70).
cost(6, 8, 40).
cost(6, 9, 32).
cost(6, 10, 79).
cost(6, 11, 34).
cost(6, 12, 67).
cost(6, 13, 49).
cost(6, 14, 32).
cost(6, 15, 27).
cost(6, 16, 39).
cost(6, 17, 64).
cost(6, 18, 36).
cost(6, 19, 65).
cost(6, 20, 15).
cost(6, 21, 24).
cost(6, 22, 28).
cost(6, 23, 50).
cost(6, 24, 31).
cost(6, 25, 3).
cost(6, 26, 78).
cost(6, 27, 54).
cost(6, 28, 34).
cost(6, 29, 44).
cost(6, 30, 30).
cost(7, 1, 55).
cost(7, 2, 73).
cost(7, 3, 60).
cost(7, 4, 20).
cost(7, 5, 11).
cost(7, 6, 70).
cost(7, 8, 66).
cost(7, 9, 65).
cost(7, 10, 9).
cost(7, 11, 58).
cost(7, 12, 47).
cost(7, 13, 54).
cost(7, 14, 79).
cost(7, 15, 55).
cost(7, 16, 93).
cost(7, 17, 57).
cost(7, 18, 58).
cost(7, 19, 5).
cost(7, 20, 58).
cost(7, 21, 46).
cost(7, 22, 85).
cost(7, 23, 79).
cost(7, 24, 60).
cost(7, 25, 72).
cost(7, 26, 16).
cost(7, 27, 40).
cost(7, 28, 69).
cost(7, 29, 89).
cost(7, 30, 67).
cost(8, 1, 38).
cost(8, 2, 95).
cost(8, 3, 81).
cost(8, 4, 55).
cost(8, 5, 58).
cost(8, 6, 40).
cost(8, 7, 66).
cost(8, 9, 8).
cost(8, 10, 75).
cost(8, 11, 10).
cost(8, 12, 88).
cost(8, 13, 76).
cost(8, 14, 71).
cost(8, 15, 18).
cost(8, 16, 79).
cost(8, 17, 90).
cost(8, 18, 67).
cost(8, 19, 61).
cost(8, 20, 28).
cost(8, 21, 42).
cost(8, 22, 68).
cost(8, 23, 87).
cost(8, 24, 11).
cost(8, 25, 39).
cost(8, 26, 80).
cost(8, 27, 74).
cost(8, 28, 7).
cost(8, 29, 83).
cost(8, 30, 10).
cost(9, 1, 31).
cost(9, 2, 89).
cost(9, 3, 75).
cost(9, 4, 52).
cost(9, 5, 56).
cost(9, 6, 32).
cost(9, 7, 65).
cost(9, 8, 8).
cost(9, 10, 74).
cost(9, 11, 8).
cost(9, 12, 83).
cost(9, 13, 70).
cost(9, 14, 63).
cost(9, 15, 13).
cost(9, 16, 72).
cost(9, 17, 85).
cost(9, 18, 61).
cost(9, 19, 61).
cost(9, 20, 21).
cost(9, 21, 36).
cost(9, 22, 60).
cost(9, 23, 80).
cost(9, 24, 6).
cost(9, 25, 31).
cost(9, 26, 79).
cost(9, 27, 69).
cost(9, 28, 4).
cost(9, 29, 76).
cost(9, 30, 3).
cost(10, 1, 63).
cost(10, 2, 77).
cost(10, 3, 65).
cost(10, 4, 28).
cost(10, 5, 20).
cost(10, 6, 79).
cost(10, 7, 9).
cost(10, 8, 75).
cost(10, 9, 74).
cost(10, 11, 67).
cost(10, 12, 49).
cost(10, 13, 59).
cost(10, 14, 86).
cost(10, 15, 64).
cost(10, 16, 101).
cost(10, 17, 60).
cost(10, 18, 65).
cost(10, 19, 14).
cost(10, 20, 68).
cost(10, 21, 55).
cost(10, 22, 93).
cost(10, 23, 85).
cost(10, 24, 69).
cost(10, 25, 81).
cost(10, 26, 12).
cost(10, 27, 44).
cost(10, 28, 78).
cost(10, 29, 95).
cost(10, 30, 76).
cost(11, 1, 29).
cost(11, 2, 86).
cost(11, 3, 72).
cost(11, 4, 45).
cost(11, 5, 49).
cost(11, 6, 34).
cost(11, 7, 58).
cost(11, 8, 10).
cost(11, 9, 8).
cost(11, 10, 67).
cost(11, 12, 78).
cost(11, 13, 67).
cost(11, 14, 63).
cost(11, 15, 9).
cost(11, 16, 73).
cost(11, 17, 80).
cost(11, 18, 58).
cost(11, 19, 53).
cost(11, 20, 20).
cost(11, 21, 32).
cost(11, 22, 62).
cost(11, 23, 78).
cost(11, 24, 4).
cost(11, 25, 33).
cost(11, 26, 71).
cost(11, 27, 64).
cost(11, 28, 11).
cost(11, 29, 76).
cost(11, 30, 10).
cost(12, 1, 56).
cost(12, 2, 30).
cost(12, 3, 23).
cost(12, 4, 38).
cost(12, 5, 43).
cost(12, 6, 67).
cost(12, 7, 47).
cost(12, 8, 88).
cost(12, 9, 83).
cost(12, 10, 49).
cost(12, 11, 78).
cost(12, 13, 21).
cost(12, 14, 54).
cost(12, 15, 70).
cost(12, 16, 68).
cost(12, 17, 11).
cost(12, 18, 34).
cost(12, 19, 47).
cost(12, 20, 65).
cost(12, 21, 48).
cost(12, 22, 65).
cost(12, 23, 44).
cost(12, 24, 78).
cost(12, 25, 69).
cost(12, 26, 38).
cost(12, 27, 14).
cost(12, 28, 87).
cost(12, 29, 59).
cost(12, 30, 83).
cost(13, 1, 40).
cost(13, 2, 21).
cost(13, 3, 6).
cost(13, 4, 38).
cost(13, 5, 47).
cost(13, 6, 49).
cost(13, 7, 54).
cost(13, 8, 76).
cost(13, 9, 70).
cost(13, 10, 59).
cost(13, 11, 67).
cost(13, 12, 21).
cost(13, 14, 34).
cost(13, 15, 58).
cost(13, 16, 47).
cost(13, 17, 16).
cost(13, 18, 13).
cost(13, 19, 52).
cost(13, 20, 50).
cost(13, 21, 34).
cost(13, 22, 44).
cost(13, 23, 26).
cost(13, 24, 66).
cost(13, 25, 51).
cost(13, 26, 51).
cost(13, 27, 16).
cost(13, 28, 74).
cost(13, 29, 39).
cost(13, 30, 69).
cost(14, 1, 36).
cost(14, 2, 38).
cost(14, 3, 32).
cost(14, 4, 59).
cost(14, 5, 69).
cost(14, 6, 32).
cost(14, 7, 79).
cost(14, 8, 71).
cost(14, 9, 63).
cost(14, 10, 86).
cost(14, 11, 63).
cost(14, 12, 54).
cost(14, 13, 34).
cost(14, 15, 55).
cost(14, 16, 15).
cost(14, 17, 47).
cost(14, 18, 22).
cost(14, 19, 75).
cost(14, 20, 43).
cost(14, 21, 38).
cost(14, 22, 11).
cost(14, 23, 20).
cost(14, 24, 60).
cost(14, 25, 33).
cost(14, 26, 80).
cost(14, 27, 47).
cost(14, 28, 65).
cost(14, 29, 13).
cost(14, 30, 61).
cost(15, 1, 20).
cost(15, 2, 77).
cost(15, 3, 63).
cost(15, 4, 40).
cost(15, 5, 45).
cost(15, 6, 27).
cost(15, 7, 55).
cost(15, 8, 18).
cost(15, 9, 13).
cost(15, 10, 64).
cost(15, 11, 9).
cost(15, 12, 70).
cost(15, 13, 58).
cost(15, 14, 55).
cost(15, 16, 65).
cost(15, 17, 72).
cost(15, 18, 49).
cost(15, 19, 50).
cost(15, 20, 12).
cost(15, 21, 24).
cost(15, 22, 54).
cost(15, 23, 69).
cost(15, 24, 8).
cost(15, 25, 27).
cost(15, 26, 67).
cost(15, 27, 56).
cost(15, 28, 17).
cost(15, 29, 67).
cost(15, 30, 13).
cost(16, 1, 47).
cost(16, 2, 47).
cost(16, 3, 45).
cost(16, 4, 74).
cost(16, 5, 83).
cost(16, 6, 39).
cost(16, 7, 93).
cost(16, 8, 79).
cost(16, 9, 72).
cost(16, 10, 101).
cost(16, 11, 73).
cost(16, 12, 68).
cost(16, 13, 47).
cost(16, 14, 15).
cost(16, 15, 65).
cost(16, 17, 59).
cost(16, 18, 37).
cost(16, 19, 90).
cost(16, 20, 53).
cost(16, 21, 51).
cost(16, 22, 11).
cost(16, 23, 27).
cost(16, 24, 70).
cost(16, 25, 40).
cost(16, 26, 95).
cost(16, 27, 61).
cost(16, 28, 74).
cost(16, 29, 11).
cost(16, 30, 69).
cost(17, 1, 55).
cost(17, 2, 18).
cost(17, 3, 15).
cost(17, 4, 46).
cost(17, 5, 52).
cost(17, 6, 64).
cost(17, 7, 57).
cost(17, 8, 90).
cost(17, 9, 85).
cost(17, 10, 60).
cost(17, 11, 80).
cost(17, 12, 11).
cost(17, 13, 16).
cost(17, 14, 47).
cost(17, 15, 72).
cost(17, 16, 59).
cost(17, 18, 29).
cost(17, 19, 56).
cost(17, 20, 65).
cost(17, 21, 48).
cost(17, 22, 58).
cost(17, 23, 34).
cost(17, 24, 80).
cost(17, 25, 67).
cost(17, 26, 49).
cost(17, 27, 19).
cost(17, 28, 88).
cost(17, 29, 49).
cost(17, 30, 84).
cost(18, 1, 30).
cost(18, 2, 28).
cost(18, 3, 15).
cost(18, 4, 39).
cost(18, 5, 49).
cost(18, 6, 36).
cost(18, 7, 58).
cost(18, 8, 67).
cost(18, 9, 61).
cost(18, 10, 65).
cost(18, 11, 58).
cost(18, 12, 34).
cost(18, 13, 13).
cost(18, 14, 22).
cost(18, 15, 49).
cost(18, 16, 37).
cost(18, 17, 29).
cost(18, 19, 55).
cost(18, 20, 40).
cost(18, 21, 26).
cost(18, 22, 32).
cost(18, 23, 23).
cost(18, 24, 56).
cost(18, 25, 39).
cost(18, 26, 58).
cost(18, 27, 24).
cost(18, 28, 64).
cost(18, 29, 31).
cost(18, 30, 59).
cost(19, 1, 50).
cost(19, 2, 72).
cost(19, 3, 59).
cost(19, 4, 16).
cost(19, 5, 7).
cost(19, 6, 65).
cost(19, 7, 5).
cost(19, 8, 61).
cost(19, 9, 61).
cost(19, 10, 14).
cost(19, 11, 53).
cost(19, 12, 47).
cost(19, 13, 52).
cost(19, 14, 75).
cost(19, 15, 50).
cost(19, 16, 90).
cost(19, 17, 56).
cost(19, 18, 55).
cost(19, 20, 54).
cost(19, 21, 42).
cost(19, 22, 81).
cost(19, 23, 77).
cost(19, 24, 55).
cost(19, 25, 67).
cost(19, 26, 20).
cost(19, 27, 38).
cost(19, 28, 64).
cost(19, 29, 85).
cost(19, 30, 62).
cost(20, 1, 10).
cost(20, 2, 68).
cost(20, 3, 55).
cost(20, 4, 41).
cost(20, 5, 48).
cost(20, 6, 15).
cost(20, 7, 58).
cost(20, 8, 28).
cost(20, 9, 21).
cost(20, 10, 68).
cost(20, 11, 20).
cost(20, 12, 65).
cost(20, 13, 50).
cost(20, 14, 43).
cost(20, 15, 12).
cost(20, 16, 53).
cost(20, 17, 65).
cost(20, 18, 40).
cost(20, 19, 54).
cost(20, 21, 18).
cost(20, 22, 42).
cost(20, 23, 59).
cost(20, 24, 18).
cost(20, 25, 16).
cost(20, 26, 69).
cost(20, 27, 51).
cost(20, 28, 24).
cost(20, 29, 56).
cost(20, 30, 20).
cost(21, 1, 9).
cost(21, 2, 54).
cost(21, 3, 39).
cost(21, 4, 27).
cost(21, 5, 36).
cost(21, 6, 24).
cost(21, 7, 46).
cost(21, 8, 42).
cost(21, 9, 36).
cost(21, 10, 55).
cost(21, 11, 32).
cost(21, 12, 48).
cost(21, 13, 34).
cost(21, 14, 38).
cost(21, 15, 24).
cost(21, 16, 51).
cost(21, 17, 48).
cost(21, 18, 26).
cost(21, 19, 42).
cost(21, 20, 18).
cost(21, 22, 41).
cost(21, 23, 48).
cost(21, 24, 31).
cost(21, 25, 26).
cost(21, 26, 54).
cost(21, 27, 34).
cost(21, 28, 40).
cost(21, 29, 50).
cost(21, 30, 36).
cost(22, 1, 37).
cost(22, 2, 48).
cost(22, 3, 43).
cost(22, 4, 65).
cost(22, 5, 75).
cost(22, 6, 28).
cost(22, 7, 85).
cost(22, 8, 68).
cost(22, 9, 60).
cost(22, 10, 93).
cost(22, 11, 62).
cost(22, 12, 65).
cost(22, 13, 44).
cost(22, 14, 11).
cost(22, 15, 54).
cost(22, 16, 11).
cost(22, 17, 58).
cost(22, 18, 32).
cost(22, 19, 81).
cost(22, 20, 42).
cost(22, 21, 41).
cost(22, 23, 30).
cost(22, 24, 59).
cost(22, 25, 29).
cost(22, 26, 88).
cost(22, 27, 56).
cost(22, 28, 62).
cost(22, 29, 18).
cost(22, 30, 58).
cost(23, 1, 50).
cost(23, 2, 19).
cost(23, 3, 21).
cost(23, 4, 62).
cost(23, 5, 71).
cost(23, 6, 50).
cost(23, 7, 79).
cost(23, 8, 87).
cost(23, 9, 80).
cost(23, 10, 85).
cost(23, 11, 78).
cost(23, 12, 44).
cost(23, 13, 26).
cost(23, 14, 20).
cost(23, 15, 69).
cost(23, 16, 27).
cost(23, 17, 34).
cost(23, 18, 23).
cost(23, 19, 77).
cost(23, 20, 59).
cost(23, 21, 48).
cost(23, 22, 30).
cost(23, 24, 76).
cost(23, 25, 52).
cost(23, 26, 77).
cost(23, 27, 42).
cost(23, 28, 82).
cost(23, 29, 16).
cost(23, 30, 78).
cost(24, 1, 27).
cost(24, 2, 84).
cost(24, 3, 71).
cost(24, 4, 47).
cost(24, 5, 51).
cost(24, 6, 31).
cost(24, 7, 60).
cost(24, 8, 11).
cost(24, 9, 6).
cost(24, 10, 69).
cost(24, 11, 4).
cost(24, 12, 78).
cost(24, 13, 66).
cost(24, 14, 60).
cost(24, 15, 8).
cost(24, 16, 70).
cost(24, 17, 80).
cost(24, 18, 56).
cost(24, 19, 55).
cost(24, 20, 18).
cost(24, 21, 31).
cost(24, 22, 59).
cost(24, 23, 76).
cost(24, 25, 30).
cost(24, 26, 73).
cost(24, 27, 64).
cost(24, 28, 9).
cost(24, 29, 73).
cost(24, 30, 7).
cost(25, 1, 17).
cost(25, 2, 65).
cost(25, 3, 54).
cost(25, 4, 53).
cost(25, 5, 61).
cost(25, 6, 3).
cost(25, 7, 72).
cost(25, 8, 39).
cost(25, 9, 31).
cost(25, 10, 81).
cost(25, 11, 33).
cost(25, 12, 69).
cost(25, 13, 51).
cost(25, 14, 33).
cost(25, 15, 27).
cost(25, 16, 40).
cost(25, 17, 67).
cost(25, 18, 39).
cost(25, 19, 67).
cost(25, 20, 16).
cost(25, 21, 26).
cost(25, 22, 29).
cost(25, 23, 52).
cost(25, 24, 30).
cost(25, 26, 80).
cost(25, 27, 57).
cost(25, 28, 33).
cost(25, 29, 45).
cost(25, 30, 29).
cost(26, 1, 63).
cost(26, 2, 67).
cost(26, 3, 56).
cost(26, 4, 28).
cost(26, 5, 22).
cost(26, 6, 78).
cost(26, 7, 16).
cost(26, 8, 80).
cost(26, 9, 79).
cost(26, 10, 12).
cost(26, 11, 71).
cost(26, 12, 38).
cost(26, 13, 51).
cost(26, 14, 80).
cost(26, 15, 67).
cost(26, 16, 95).
cost(26, 17, 49).
cost(26, 18, 58).
cost(26, 19, 20).
cost(26, 20, 69).
cost(26, 21, 54).
cost(26, 22, 88).
cost(26, 23, 77).
cost(26, 24, 73).
cost(26, 25, 80).
cost(26, 27, 35).
cost(26, 28, 82).
cost(26, 29, 89).
cost(26, 30, 80).
cost(27, 1, 42).
cost(27, 2, 34).
cost(27, 3, 21).
cost(27, 4, 26).
cost(27, 5, 33).
cost(27, 6, 54).
cost(27, 7, 40).
cost(27, 8, 74).
cost(27, 9, 69).
cost(27, 10, 44).
cost(27, 11, 64).
cost(27, 12, 14).
cost(27, 13, 16).
cost(27, 14, 47).
cost(27, 15, 56).
cost(27, 16, 61).
cost(27, 17, 19).
cost(27, 18, 24).
cost(27, 19, 38).
cost(27, 20, 51).
cost(27, 21, 34).
cost(27, 22, 56).
cost(27, 23, 42).
cost(27, 24, 64).
cost(27, 25, 57).
cost(27, 26, 35).
cost(27, 28, 72).
cost(27, 29, 54).
cost(27, 30, 69).
cost(28, 1, 34).
cost(28, 2, 92).
cost(28, 3, 78).
cost(28, 4, 56).
cost(28, 5, 60).
cost(28, 6, 34).
cost(28, 7, 69).
cost(28, 8, 7).
cost(28, 9, 4).
cost(28, 10, 78).
cost(28, 11, 11).
cost(28, 12, 87).
cost(28, 13, 74).
cost(28, 14, 65).
cost(28, 15, 17).
cost(28, 16, 74).
cost(28, 17, 88).
cost(28, 18, 64).
cost(28, 19, 64).
cost(28, 20, 24).
cost(28, 21, 40).
cost(28, 22, 62).
cost(28, 23, 82).
cost(28, 24, 9).
cost(28, 25, 33).
cost(28, 26, 82).
cost(28, 27, 72).
cost(28, 29, 78).
cost(28, 30, 5).
cost(29, 1, 48).
cost(29, 2, 36).
cost(29, 3, 35).
cost(29, 4, 70).
cost(29, 5, 79).
cost(29, 6, 44).
cost(29, 7, 89).
cost(29, 8, 83).
cost(29, 9, 76).
cost(29, 10, 95).
cost(29, 11, 76).
cost(29, 12, 59).
cost(29, 13, 39).
cost(29, 14, 13).
cost(29, 15, 67).
cost(29, 16, 11).
cost(29, 17, 49).
cost(29, 18, 31).
cost(29, 19, 85).
cost(29, 20, 56).
cost(29, 21, 50).
cost(29, 22, 18).
cost(29, 23, 16).
cost(29, 24, 73).
cost(29, 25, 45).
cost(29, 26, 89).
cost(29, 27, 54).
cost(29, 28, 78).
cost(29, 30, 73).
cost(30, 1, 30).
cost(30, 2, 88).
cost(30, 3, 74).
cost(30, 4, 53).
cost(30, 5, 58).
cost(30, 6, 30).
cost(30, 7, 67).
cost(30, 8, 10).
cost(30, 9, 3).
cost(30, 10, 76).
cost(30, 11, 10).
cost(30, 12, 83).
cost(30, 13, 69).
cost(30, 14, 61).
cost(30, 15, 13).
cost(30, 16, 69).
cost(30, 17, 84).
cost(30, 18, 59).
cost(30, 19, 62).
cost(30, 20, 20).
cost(30, 21, 36).
cost(30, 22, 58).
cost(30, 23, 78).
cost(30, 24, 7).
cost(30, 25, 29).
cost(30, 26, 80).
cost(30, 27, 69).
cost(30, 28, 5).
cost(30, 29, 73).
