dimension(30).
point(1, 59.0007269611, 79.1737815992).
point(2, 30.1218066572, 57.9523796373).
point(3, 60.8599481232, 64.5888588185).
point(4, 14.9320628816, 85.1036076993).
point(5, 88.2068141171, 59.2025736007).
point(6, 93.6621961594, 16.2508940859).
point(7, 21.0064273771, 39.7732751261).
point(8, 12.4555445236, 73.1129411681).
point(9, 99.0911141196, 17.4337017791).
point(10, 81.8631816212, 42.1535890181).
point(11, 59.1915778605, 58.5446790303).
point(12, 72.8744343214, 80.3880496636).
point(13, 6.9084857382, 61.7194142671).
point(14, 77.9149039221, 3.5563692546).
point(15, 27.3738210538, 38.8102037637).
point(16, 4.9265386253, 68.8680149749).
point(17, 73.3342751305, 6.1795457869).
point(18, 17.7140525904, 81.798479369).
point(19, 49.4085509213, 44.9731617224).
point(20, 49.3431054334, 78.3598144665).
point(21, 2.9758537409, 83.3361704911).
point(22, 56.4531698573, 60.592836388).
point(23, 71.1582751747, 51.7707609528).
point(24, 81.7730474849, 62.2941832779).
point(25, 47.2714841212, 24.866274876).
point(26, 61.335865452, 76.2887615641).
point(27, 58.8061757086, 24.179417076).
point(28, 67.2895188907, 58.3502319235).
point(29, 82.6828526641, 15.5144734511).
point(30, 81.2942393862, 3.978389726).
cost(1, 2, 36).
cost(1, 3, 15).
cost(1, 4, 44).
cost(1, 5, 35).
cost(1, 6, 72).
cost(1, 7, 55).
cost(1, 8, 47).
cost(1, 9, 74).
cost(1, 10, 44).
cost(1, 11, 21).
cost(1, 12, 14).
cost(1, 13, 55).
cost(1, 14, 78).
cost(1, 15, 51).
cost(1, 16, 55).
cost(1, 17, 74).
cost(1, 18, 41).
cost(1, 19, 36).
cost(1, 20, 10).
cost(1, 21, 56).
cost(1, 22, 19).
cost(1, 23, 30).
cost(1, 24, 28).
cost(1, 25, 56).
cost(1, 26, 4).
cost(1, 27, 55).
cost(1, 28, 22).
cost(1, 29, 68).
cost(1, 30, 78).
cost(2, 1, 36).
cost(2, 3, 31).
cost(2, 4, 31).
cost(2, 5, 58).
cost(2, 6, 76).
cost(2, 7, 20).
cost(2, 8, 23).
cost(2, 9, 80).
cost(2, 10, 54).
cost(2, 11, 29).
cost(2, 12, 48).
cost(2, 13, 24).
cost(2, 14, 72).
cost(2, 15, 19).
cost(2, 16, 27).
cost(2, 17, 67).
cost(2, 18, 27).
cost(2, 19, 23).
cost(2, 20, 28).
cost(2, 21, 37).
cost(2, 22, 26).
cost(2, 23, 41).
cost(2, 24, 52).
cost(2, 25, 37).
cost(2, 26, 36).
cost(2, 27, 44).
cost(2, 28, 37).
cost(2, 29, 68).
cost(2, 30, 74).
cost(3, 1, 15).
cost(3, 2, 31).
cost(3, 4, 50).
cost(3, 5, 28).
cost(3, 6, 58).
cost(3, 7, 47).
cost(3, 8, 49).
cost(3, 9, 61).
cost(3, 10, 31).
cost(3, 11, 6).
cost(3, 12, 20).
cost(3, 13, 54).
cost(3, 14, 63).
cost(3, 15, 42).
cost(3, 16, 56).
cost(3, 17, 60).
cost(3, 18, 46).
cost(3, 19, 23).
cost(3, 20, 18).
cost(3, 21, 61).
cost(3, 22, 6).
cost(3, 23, 16).
cost(3, 24, 21).
cost(3, 25, 42).
cost(3, 26, 12).
cost(3, 27, 40).
cost(3, 28, 9).
cost(3, 29, 54).
cost(3, 30, 64).
cost(4, 1, 44).
cost(4, 2, 31).
cost(4, 3, 50).
cost(4, 5, 78).
cost(4, 6, 105).
cost(4, 7, 46).
cost(4, 8, 12).
cost(4, 9, 108).
cost(4, 10, 80).
cost(4, 11, 52).
cost(4, 12, 58).
cost(4, 13, 25).
cost(4, 14, 103).
cost(4, 15, 48).
cost(4, 16, 19).
cost(4, 17, 98).
cost(4, 18, 4).
cost(4, 19, 53).
cost(4, 20, 35).
cost(4, 21, 12).
cost(4, 22, 48).
cost(4, 23, 65).
cost(4, 24, 71).
cost(4, 25, 68).
cost(4, 26, 47).
cost(4, 27, 75).
cost(4, 28, 59).
cost(4, 29, 97).
cost(4, 30, 105).
cost(5, 1, 35).
cost(5, 2, 58).
cost(5, 3, 28).
cost(5, 4, 78).
cost(5, 6, 43).
cost(5, 7, 70).
cost(5, 8, 77).
cost(5, 9, 43).
cost(5, 10, 18).
cost(5, 11, 29).
cost(5, 12, 26).
cost(5, 13, 81).
cost(5, 14, 57).
cost(5, 15, 64).
cost(5, 16, 84).
cost(5, 17, 55).
cost(5, 18, 74).
cost(5, 19, 41).
cost(5, 20, 43).
cost(5, 21, 89).
cost(5, 22, 32).
cost(5, 23, 19).
cost(5, 24, 7).
cost(5, 25, 53).
cost(5, 26, 32).
cost(5, 27, 46).
cost(5, 28, 21).
cost(5, 29, 44).
cost(5, 30, 56).
cost(6, 1, 72).
cost(6, 2, 76).
cost(6, 3, 58).
cost(6, 4, 105).
cost(6, 5, 43).
cost(6, 7, 76).
cost(6, 8, 99).
cost(6, 9, 6).
cost(6, 10, 28).
cost(6, 11, 55).
cost(6, 12, 67).
cost(6, 13, 98).
cost(6, 14, 20).
cost(6, 15, 70).
cost(6, 16, 103).
cost(6, 17, 23).
cost(6, 18, 100).
cost(6, 19, 53).
cost(6, 20, 76).
cost(6, 21, 113).
cost(6, 22, 58).
cost(6, 23, 42).
cost(6, 24, 48).
cost(6, 25, 47).
cost(6, 26, 68).
cost(6, 27, 36).
cost(6, 28, 50).
cost(6, 29, 11).
cost(6, 30, 17).
cost(7, 1, 55).
cost(7, 2, 20).
cost(7, 3, 47).
cost(7, 4, 46).
cost(7, 5, 70).
cost(7, 6, 76).
cost(7, 8, 34).
cost(7, 9, 81).
cost(7, 10, 61).
cost(7, 11, 43).
cost(7, 12, 66).
cost(7, 13, 26).
cost(7, 14, 67).
cost(7, 15, 6).
cost(7, 16, 33).
cost(7, 17, 62).
cost(7, 18, 42).
cost(7, 19, 29).
cost(7, 20, 48).
cost(7, 21, 47).
cost(7, 22, 41).
cost(7, 23, 52).
cost(7, 24, 65).
cost(7, 25, 30).
cost(7, 26, 54).
cost(7, 27, 41).
cost(7, 28, 50).
cost(7, 29, 66).
cost(7, 30, 70).
cost(8, 1, 47).
cost(8, 2, 23).
cost(8, 3, 49).
cost(8, 4, 12).
cost(8, 5, 77).
cost(8, 6, 99).
cost(8, 7, 34).
cost(8, 9, 103).
cost(8, 10, 76).
cost(8, 11, 49).
cost(8, 12, 61).
cost(8, 13, 13).
cost(8, 14, 96).
cost(8, 15, 37).
cost(8, 16, 9).
cost(8, 17, 90).
cost(8, 18, 10).
cost(8, 19, 46).
cost(8, 20, 37).
cost(8, 21, 14).
cost(8, 22, 46).
cost(8, 23, 62).
cost(8, 24, 70).
cost(8, 25, 59).
cost(8, 26, 49).
cost(8, 27, 67).
cost(8, 28, 57).
cost(8, 29, 91).
cost(8, 30, 98).
cost(9, 1, 74).
cost(9, 2, 80).
cost(9, 3, 61).
cost(9, 4, 108).
cost(9, 5, 43).
cost(9, 6, 6).
cost(9, 7, 81).
cost(9, 8, 103).
cost(9, 10, 30).
cost(9, 11, 57).
cost(9, 12, 68).
cost(9, 13, 102).
cost(9, 14, 25).
cost(9, 15, 75).
cost(9, 16, 107).
cost(9, 17, 28).
cost(9, 18, 104).
cost(9, 19, 57).
cost(9, 20, 79).
cost(9, 21, 117).
cost(9, 22, 61).
cost(9, 23, 44).
cost(9, 24, 48).
cost(9, 25, 52).
cost(9, 26, 70).
cost(9, 27, 41).
cost(9, 28, 52).
cost(9, 29, 17).
cost(9, 30, 22).
cost(10, 1, 44).
cost(10, 2, 54).
cost(10, 3, 31).
cost(10, 4, 80).
cost(10, 5, 18).
cost(10, 6, 28).
cost(10, 7, 61).
cost(10, 8, 76).
cost(10, 9, 30).
cost(10, 11, 28).
cost(10, 12, 39).
cost(10, 13, 77).
cost(10, 14, 39).
cost(10, 15, 55).
cost(10, 16, 81).
cost(10, 17, 37).
cost(10, 18, 75).
cost(10, 19, 33).
cost(10, 20, 49).
cost(10, 21, 89).
cost(10, 22, 31).
cost(10, 23, 14).
cost(10, 24, 20).
cost(10, 25, 39).
cost(10, 26, 40).
cost(10, 27, 29).
cost(10, 28, 22).
cost(10, 29, 27).
cost(10, 30, 38).
cost(11, 1, 21).
cost(11, 2, 29).
cost(11, 3, 6).
cost(11, 4, 52).
cost(11, 5, 29).
cost(11, 6, 55).
cost(11, 7, 43).
cost(11, 8, 49).
cost(11, 9, 57).
cost(11, 10, 28).
cost(11, 12, 26).
cost(11, 13, 52).
cost(11, 14, 58).
cost(11, 15, 37).
cost(11, 16, 55).
cost(11, 17, 54).
cost(11, 18, 48).
cost(11, 19, 17).
cost(11, 20, 22).
cost(11, 21, 61).
cost(11, 22, 3).
cost(11, 23, 14).
cost(11, 24, 23).
cost(11, 25, 36).
cost(11, 26, 18).
cost(11, 27, 34).
cost(11, 28, 8).
cost(11, 29, 49).
cost(11, 30, 59).
cost(12, 1, 14).
cost(12, 2, 48).
cost(12, 3, 20).
cost(12, 4, 58).
cost(12, 5, 26).
cost(12, 6, 67).
cost(12, 7, 66).
cost(12, 8, 61).
cost(12, 9, 68).
cost(12, 10, 39).
cost(12, 11, 26).
cost(12, 13, 69).
cost(12, 14, 77).
cost(12, 15, 62).
cost(12, 16, 69).
cost(12, 17, 74).
cost(12, 18, 55).
cost(12, 19, 42).
cost(12, 20, 24).
cost(12, 21, 70).
cost(12, 22, 26).
cost(12, 23, 29).
cost(12, 24, 20).
cost(12, 25, 61).
cost(12, 26, 12).
cost(12, 27, 58).
cost(12, 28, 23).
cost(12, 29, 66).
cost(12, 30, 77).
cost(13, 1, 55).
cost(13, 2, 24).
cost(13, 3, 54).
cost(13, 4, 25).
cost(13, 5, 81).
cost(13, 6, 98).
cost(13, 7, 26).
cost(13, 8, 13).
cost(13, 9, 102).
cost(13, 10, 77).
cost(13, 11, 52).
cost(13, 12, 69).
cost(13, 14, 92).
cost(13, 15, 31).
cost(13, 16, 7).
cost(13, 17, 87).
cost(13, 18, 23).
cost(13, 19, 46).
cost(13, 20, 46).
cost(13, 21, 22).
cost(13, 22, 50).
cost(13, 23, 65).
cost(13, 24, 75).
cost(13, 25, 55).
cost(13, 26, 56).
cost(13, 27, 64).
cost(13, 28, 60).
cost(13, 29, 89).
cost(13, 30, 94).
cost(14, 1, 78).
cost(14, 2, 72).
cost(14, 3, 63).
cost(14, 4, 103).
cost(14, 5, 57).
cost(14, 6, 20).
cost(14, 7, 67).
cost(14, 8, 96).
cost(14, 9, 25).
cost(14, 10, 39).
cost(14, 11, 58).
cost(14, 12, 77).
cost(14, 13, 92).
cost(14, 15, 62).
cost(14, 16, 98).
cost(14, 17, 5).
cost(14, 18, 99).
cost(14, 19, 50).
cost(14, 20, 80).
cost(14, 21, 109).
cost(14, 22, 61).
cost(14, 23, 49).
cost(14, 24, 59).
cost(14, 25, 37).
cost(14, 26, 75).
cost(14, 27, 28).
cost(14, 28, 56).
cost(14, 29, 13).
cost(14, 30, 3).
cost(15, 1, 51).
cost(15, 2, 19).
cost(15, 3, 42).
cost(15, 4, 48).
cost(15, 5, 64).
cost(15, 6, 70).
cost(15, 7, 6).
cost(15, 8, 37).
cost(15, 9, 75).
cost(15, 10, 55).
cost(15, 11, 37).
cost(15, 12, 62).
cost(15, 13, 31).
cost(15, 14, 62).
cost(15, 16, 38).
cost(15, 17, 56).
cost(15, 18, 44).
cost(15, 19, 23).
cost(15, 20, 45).
cost(15, 21, 51).
cost(15, 22, 36).
cost(15, 23, 46).
cost(15, 24, 59).
cost(15, 25, 24).
cost(15, 26, 51).
cost(15, 27, 35).
cost(15, 28, 44).
cost(15, 29, 60).
cost(15, 30, 64).
cost(16, 1, 55).
cost(16, 2, 27).
cost(16, 3, 56).
cost(16, 4, 19).
cost(16, 5, 84).
cost(16, 6, 103).
cost(16, 7, 33).
cost(16, 8, 9).
cost(16, 9, 107).
cost(16, 10, 81).
cost(16, 11, 55).
cost(16, 12, 69).
cost(16, 13, 7).
cost(16, 14, 98).
cost(16, 15, 38).
cost(16, 17, 93).
cost(16, 18, 18).
cost(16, 19, 50).
cost(16, 20, 45).
cost(16, 21, 15).
cost(16, 22, 52).
cost(16, 23, 68).
cost(16, 24, 77).
cost(16, 25, 61).
cost(16, 26, 57).
cost(16, 27, 70).
cost(16, 28, 63).
cost(16, 29, 94).
cost(16, 30, 100).
cost(17, 1, 74).
cost(17, 2, 67).
cost(17, 3, 60).
cost(17, 4, 98).
cost(17, 5, 55).
cost(17, 6, 23).
cost(17, 7, 62).
cost(17, 8, 90).
cost(17, 9, 28).
cost(17, 10, 37).
cost(17, 11, 54).
cost(17, 12, 74).
cost(17, 13, 87).
cost(17, 14, 5).
cost(17, 15, 56).
cost(17, 16, 93).
cost(17, 18, 94).
cost(17, 19, 46).
cost(17, 20, 76).
cost(17, 21, 104).
cost(17, 22, 57).
cost(17, 23, 46).
cost(17, 24, 57).
cost(17, 25, 32).
cost(17, 26, 71).
cost(17, 27, 23).
cost(17, 28, 53).
cost(17, 29, 13).
cost(17, 30, 8).
cost(18, 1, 41).
cost(18, 2, 27).
cost(18, 3, 46).
cost(18, 4, 4).
cost(18, 5, 74).
cost(18, 6, 100).
cost(18, 7, 42).
cost(18, 8, 10).
cost(18, 9, 104).
cost(18, 10, 75).
cost(18, 11, 48).
cost(18, 12, 55).
cost(18, 13, 23).
cost(18, 14, 99).
cost(18, 15, 44).
cost(18, 16, 18).
cost(18, 17, 94).
cost(18, 19, 49).
cost(18, 20, 32).
cost(18, 21, 15).
cost(18, 22, 44).
cost(18, 23, 61).
cost(18, 24, 67).
cost(18, 25, 64).
cost(18, 26, 44).
cost(18, 27, 71).
cost(18, 28, 55).
cost(18, 29, 93).
cost(18, 30, 100).
cost(19, 1, 36).
cost(19, 2, 23).
cost(19, 3, 23).
cost(19, 4, 53).
cost(19, 5, 41).
cost(19, 6, 53).
cost(19, 7, 29).
cost(19, 8, 46).
cost(19, 9, 57).
cost(19, 10, 33).
cost(19, 11, 17).
cost(19, 12, 42).
cost(19, 13, 46).
cost(19, 14, 50).
cost(19, 15, 23).
cost(19, 16, 50).
cost(19, 17, 46).
cost(19, 18, 49).
cost(19, 20, 33).
cost(19, 21, 60).
cost(19, 22, 17).
cost(19, 23, 23).
cost(19, 24, 37).
cost(19, 25, 20).
cost(19, 26, 34).
cost(19, 27, 23).
cost(19, 28, 22).
cost(19, 29, 44).
cost(19, 30, 52).
cost(20, 1, 10).
cost(20, 2, 28).
cost(20, 3, 18).
cost(20, 4, 35).
cost(20, 5, 43).
cost(20, 6, 76).
cost(20, 7, 48).
cost(20, 8, 37).
cost(20, 9, 79).
cost(20, 10, 49).
cost(20, 11, 22).
cost(20, 12, 24).
cost(20, 13, 46).
cost(20, 14, 80).
cost(20, 15, 45).
cost(20, 16, 45).
cost(20, 17, 76).
cost(20, 18, 32).
cost(20, 19, 33).
cost(20, 21, 47).
cost(20, 22, 19).
cost(20, 23, 34).
cost(20, 24, 36).
cost(20, 25, 54).
cost(20, 26, 12).
cost(20, 27, 55).
cost(20, 28, 27).
cost(20, 29, 71).
cost(20, 30, 81).
cost(21, 1, 56).
cost(21, 2, 37).
cost(21, 3, 61).
cost(21, 4, 12).
cost(21, 5, 89).
cost(21, 6, 113).
cost(21, 7, 47).
cost(21, 8, 14).
cost(21, 9, 117).
cost(21, 10, 89).
cost(21, 11, 61).
cost(21, 12, 70).
cost(21, 13, 22).
cost(21, 14, 109).
cost(21, 15, 51).
cost(21, 16, 15).
cost(21, 17, 104).
cost(21, 18, 15).
cost(21, 19, 60).
cost(21, 20, 47).
cost(21, 22, 58).
cost(21, 23, 75).
cost(21, 24, 82).
cost(21, 25, 73).
cost(21, 26, 59).
cost(21, 27, 81).
cost(21, 28, 69).
cost(21, 29, 105).
cost(21, 30, 111).
cost(22, 1, 19).
cost(22, 2, 26).
cost(22, 3, 6).
cost(22, 4, 48).
cost(22, 5, 32).
cost(22, 6, 58).
cost(22, 7, 41).
cost(22, 8, 46).
cost(22, 9, 61).
cost(22, 10, 31).
cost(22, 11, 3).
cost(22, 12, 26).
cost(22, 13, 50).
cost(22, 14, 61).
cost(22, 15, 36).
cost(22, 16, 52).
cost(22, 17, 57).
cost(22, 18, 44).
cost(22, 19, 17).
cost(22, 20, 19).
cost(22, 21, 58).
cost(22, 23, 17).
cost(22, 24, 25).
cost(22, 25, 37).
cost(22, 26, 16).
cost(22, 27, 36).
cost(22, 28, 11).
cost(22, 29, 52).
cost(22, 30, 62).
cost(23, 1, 30).
cost(23, 2, 41).
cost(23, 3, 16).
cost(23, 4, 65).
cost(23, 5, 19).
cost(23, 6, 42).
cost(23, 7, 52).
cost(23, 8, 62).
cost(23, 9, 44).
cost(23, 10, 14).
cost(23, 11, 14).
cost(23, 12, 29).
cost(23, 13, 65).
cost(23, 14, 49).
cost(23, 15, 46).
cost(23, 16, 68).
cost(23, 17, 46).
cost(23, 18, 61).
cost(23, 19, 23).
cost(23, 20, 34).
cost(23, 21, 75).
cost(23, 22, 17).
cost(23, 24, 15).
cost(23, 25, 36).
cost(23, 26, 26).
cost(23, 27, 30).
cost(23, 28, 8).
cost(23, 29, 38).
cost(23, 30, 49).
cost(24, 1, 28).
cost(24, 2, 52).
cost(24, 3, 21).
cost(24, 4, 71).
cost(24, 5, 7).
cost(24, 6, 48).
cost(24, 7, 65).
cost(24, 8, 70).
cost(24, 9, 48).
cost(24, 10, 20).
cost(24, 11, 23).
cost(24, 12, 20).
cost(24, 13, 75).
cost(24, 14, 59).
cost(24, 15, 59).
cost(24, 16, 77).
cost(24, 17, 57).
cost(24, 18, 67).
cost(24, 19, 37).
cost(24, 20, 36).
cost(24, 21, 82).
cost(24, 22, 25).
cost(24, 23, 15).
cost(24, 25, 51).
cost(24, 26, 25).
cost(24, 27, 44).
cost(24, 28, 15).
cost(24, 29, 47).
cost(24, 30, 58).
cost(25, 1, 56).
cost(25, 2, 37).
cost(25, 3, 42).
cost(25, 4, 68).
cost(25, 5, 53).
cost(25, 6, 47).
cost(25, 7, 30).
cost(25, 8, 59).
cost(25, 9, 52).
cost(25, 10, 39).
cost(25, 11, 36).
cost(25, 12, 61).
cost(25, 13, 55).
cost(25, 14, 37).
cost(25, 15, 24).
cost(25, 16, 61).
cost(25, 17, 32).
cost(25, 18, 64).
cost(25, 19, 20).
cost(25, 20, 54).
cost(25, 21, 73).
cost(25, 22, 37).
cost(25, 23, 36).
cost(25, 24, 51).
cost(25, 26, 53).
cost(25, 27, 12).
cost(25, 28, 39).
cost(25, 29, 37).
cost(25, 30, 40).
cost(26, 1, 4).
cost(26, 2, 36).
cost(26, 3, 12).
cost(26, 4, 47).
cost(26, 5, 32).
cost(26, 6, 68).
cost(26, 7, 54).
cost(26, 8, 49).
cost(26, 9, 70).
cost(26, 10, 40).
cost(26, 11, 18).
cost(26, 12, 12).
cost(26, 13, 56).
cost(26, 14, 75).
cost(26, 15, 51).
cost(26, 16, 57).
cost(26, 17, 71).
cost(26, 18, 44).
cost(26, 19, 34).
cost(26, 20, 12).
cost(26, 21, 59).
cost(26, 22, 16).
cost(26, 23, 26).
cost(26, 24, 25).
cost(26, 25, 53).
cost(26, 27, 52).
cost(26, 28, 19).
cost(26, 29, 64).
cost(26, 30, 75).
cost(27, 1, 55).
cost(27, 2, 44).
cost(27, 3, 40).
cost(27, 4, 75).
cost(27, 5, 46).
cost(27, 6, 36).
cost(27, 7, 41).
cost(27, 8, 67).
cost(27, 9, 41).
cost(27, 10, 29).
cost(27, 11, 34).
cost(27, 12, 58).
cost(27, 13, 64).
cost(27, 14, 28).
cost(27, 15, 35).
cost(27, 16, 70).
cost(27, 17, 23).
cost(27, 18, 71).
cost(27, 19, 23).
cost(27, 20, 55).
cost(27, 21, 81).
cost(27, 22, 36).
cost(27, 23, 30).
cost(27, 24, 44).
cost(27, 25, 12).
cost(27, 26, 52).
cost(27, 28, 35).
cost(27, 29, 25).
cost(27, 30, 30).
cost(28, 1, 22).
cost(28, 2, 37).
cost(28, 3, 9).
cost(28, 4, 59).
cost(28, 5, 21).
cost(28, 6, 50).
cost(28, 7, 50).
cost(28, 8, 57).
cost(28, 9, 52).
cost(28, 10, 22).
cost(28, 11, 8).
cost(28, 12, 23).
cost(28, 13, 60).
cost(28, 14, 56).
cost(28, 15, 44).
cost(28, 16, 63).
cost(28, 17, 53).
cost(28, 18, 55).
cost(28, 19, 22).
cost(28, 20, 27).
cost(28, 21, 69).
cost(28, 22, 11).
cost(28, 23, 8).
cost(28, 24, 15).
cost(28, 25, 39).
cost(28, 26, 19).
cost(28, 27, 35).
cost(28, 29, 46).
cost(28, 30, 56).
cost(29, 1, 68).
cost(29, 2, 68).
cost(29, 3, 54).
cost(29, 4, 97).
cost(29, 5, 44).
cost(29, 6, 11).
cost(29, 7, 66).
cost(29, 8, 91).
cost(29, 9, 17).
cost(29, 10, 27).
cost(29, 11, 49).
cost(29, 12, 66).
cost(29, 13, 89).
cost(29, 14, 13).
cost(29, 15, 60).
cost(29, 16, 94).
cost(29, 17, 13).
cost(29, 18, 93).
cost(29, 19, 44).
cost(29, 20, 71).
cost(29, 21, 105).
cost(29, 22, 52).
cost(29, 23, 38).
cost(29, 24, 47).
cost(29, 25, 37).
cost(29, 26, 64).
cost(29, 27, 25).
cost(29, 28, 46).
cost(29, 30, 12).
cost(30, 1, 78).
cost(30, 2, 74).
cost(30, 3, 64).
cost(30, 4, 105).
cost(30, 5, 56).
cost(30, 6, 17).
cost(30, 7, 70).
cost(30, 8, 98).
cost(30, 9, 22).
cost(30, 10, 38).
cost(30, 11, 59).
cost(30, 12, 77).
cost(30, 13, 94).
cost(30, 14, 3).
cost(30, 15, 64).
cost(30, 16, 100).
cost(30, 17, 8).
cost(30, 18, 100).
cost(30, 19, 52).
cost(30, 20, 81).
cost(30, 21, 111).
cost(30, 22, 62).
cost(30, 23, 49).
cost(30, 24, 58).
cost(30, 25, 40).
cost(30, 26, 75).
cost(30, 27, 30).
cost(30, 28, 56).
cost(30, 29, 12).
