dimension(30).
point(1, 59.3621539573, 22.145951616).
point(2, 90.840036735, 44.4656176895).
point(3, 48.2196116846, 44.9069554205).
point(4, 36.7040323447, 65.1224813489).
point(5, 82.8994496383, 87.3552362378).
point(6, 50.93754281, 79.4033279773).
point(7, 84.5537472671, 37.8608765381).
point(8, 36.0512429188, 27.5414970735).
point(9, 90.5915027506, 18.5432238491).
point(10, 39.5098121528, 33.0368798544).
point(11, 56.7853991438, 13.9955113859).
point(12, 76.3702758763, 77.10206186).
point(13, 66.957012449, 39.5921911519).
point(14, 2.3996916049, 67.6838076426).
point(15, 79.1349310376, 74.8207940119).
point(16, 10.5132009655, 56.4216060502).
point(17, 5.2038374314, 76.4417296617).
point(18, 63.6916905017, 10.5905790689).
point(19, 27.782211764, 48.6863911423).
point(20, 19.3014416396, 37.7058314414).
point(21, 13.3179384649, 56.2741803795).
point(22, 57.645567307, 37.1534146324).
point(23, 49.6302917593, 91.2696382081).
point(24, 39.3121131709, 63.6066954163).
point(25, 58.7223595837, 47.8646691429).
point(26, 7.1728983018, 67.8647986624).
point(27, 21.7876089602, 53.2358363036).
point(28, 77.591699677, 82.8926049242).
point(29, 15.24744669, 55.3805631273).
point(30, 6.2807150584, 50.5593600258).
cost(1, 2, 39).
cost(1, 3, 25).
cost(1, 4, 49).
cost(1, 5, 69).
cost(1, 6, 58).
cost(1, 7, 30).
cost(1, 8, 24).
cost(1, 9, 31).
cost(1, 10, 23).
cost(1, 11, 9).
cost(1, 12, 58).
cost(1, 13, 19).
cost(1, 14, 73).
cost(1, 15, 56).
cost(1, 16, 60).
cost(1, 17, 77).
cost(1, 18, 12).
cost(1, 19, 41).
cost(1, 20, 43).
cost(1, 21, 57).
cost(1, 22, 15).
cost(1, 23, 70).
cost(1, 24, 46).
cost(1, 25, 26).
cost(1, 26, 69).
cost(1, 27, 49).
cost(1, 28, 63).
cost(1, 29, 55).
cost(1, 30, 60).
cost(2, 1, 39).
cost(2, 3, 43).
cost(2, 4, 58).
cost(2, 5, 44).
cost(2, 6, 53).
cost(2, 7, 9).
cost(2, 8, 57).
cost(2, 9, 26).
cost(2, 10, 53).
cost(2, 11, 46).
cost(2, 12, 36).
cost(2, 13, 24).
cost(2, 14, 91).
cost(2, 15, 33).
cost(2, 16, 81).
cost(2, 17, 91).
cost(2, 18, 43).
cost(2, 19, 63).
cost(2, 20, 72).
cost(2, 21, 78).
cost(2, 22, 34).
cost(2, 23, 62).
cost(2, 24, 55).
cost(2, 25, 32).
cost(2, 26, 87).
cost(2, 27, 70).
cost(2, 28, 41).
cost(2, 29, 76).
cost(2, 30, 85).
cost(3, 1, 25).
cost(3, 2, 43).
cost(3, 4, 23).
cost(3, 5, 55).
cost(3, 6, 35).
cost(3, 7, 37).
cost(3, 8, 21).
cost(3, 9, 50).
cost(3, 10, 15).
cost(3, 11, 32).
cost(3, 12, 43).
cost(3, 13, 19).
cost(3, 14, 51).
cost(3, 15, 43).
cost(3, 16, 39).
cost(3, 17, 53).
cost(3, 18, 38).
cost(3, 19, 21).
cost(3, 20, 30).
cost(3, 21, 37).
cost(3, 22, 12).
cost(3, 23, 46).
cost(3, 24, 21).
cost(3, 25, 11).
cost(3, 26, 47).
cost(3, 27, 28).
cost(3, 28, 48).
cost(3, 29, 35).
cost(3, 30, 42).
cost(4, 1, 49).
cost(4, 2, 58).
cost(4, 3, 23).
cost(4, 5, 51).
cost(4, 6, 20).
cost(4, 7, 55).
cost(4, 8, 38).
cost(4, 9, 71).
cost(4, 10, 32).
cost(4, 11, 55).
cost(4, 12, 41).
cost(4, 13, 40).
cost(4, 14, 34).
cost(4, 15, 44).
cost(4, 16, 28).
cost(4, 17, 33).
cost(4, 18, 61).
cost(4, 19, 19).
cost(4, 20, 32).
cost(4, 21, 25).
cost(4, 22, 35).
cost(4, 23, 29).
cost(4, 24, 3).
cost(4, 25, 28).
cost(4, 26, 30).
cost(4, 27, 19).
cost(4, 28, 45).
cost(4, 29, 24).
cost(4, 30, 34).
cost(5, 1, 69).
cost(5, 2, 44).
cost(5, 3, 55).
cost(5, 4, 51).
cost(5, 6, 33).
cost(5, 7, 50).
cost(5, 8, 76).
cost(5, 9, 69).
cost(5, 10, 70).
cost(5, 11, 78).
cost(5, 12, 12).
cost(5, 13, 50).
cost(5, 14, 83).
cost(5, 15, 13).
cost(5, 16, 79).
cost(5, 17, 78).
cost(5, 18, 79).
cost(5, 19, 67).
cost(5, 20, 81).
cost(5, 21, 76).
cost(5, 22, 56).
cost(5, 23, 33).
cost(5, 24, 50).
cost(5, 25, 46).
cost(5, 26, 78).
cost(5, 27, 70).
cost(5, 28, 7).
cost(5, 29, 75).
cost(5, 30, 85).
cost(6, 1, 58).
cost(6, 2, 53).
cost(6, 3, 35).
cost(6, 4, 20).
cost(6, 5, 33).
cost(6, 7, 53).
cost(6, 8, 54).
cost(6, 9, 73).
cost(6, 10, 48).
cost(6, 11, 66).
cost(6, 12, 26).
cost(6, 13, 43).
cost(6, 14, 50).
cost(6, 15, 29).
cost(6, 16, 47).
cost(6, 17, 46).
cost(6, 18, 70).
cost(6, 19, 38).
cost(6, 20, 52).
cost(6, 21, 44).
cost(6, 22, 43).
cost(6, 23, 12).
cost(6, 24, 20).
cost(6, 25, 32).
cost(6, 26, 45).
cost(6, 27, 39).
cost(6, 28, 27).
cost(6, 29, 43).
cost(6, 30, 53).
cost(7, 1, 30).
cost(7, 2, 9).
cost(7, 3, 37).
cost(7, 4, 55).
cost(7, 5, 50).
cost(7, 6, 53).
cost(7, 8, 50).
cost(7, 9, 20).
cost(7, 10, 45).
cost(7, 11, 37).
cost(7, 12, 40).
cost(7, 13, 18).
cost(7, 14, 87).
cost(7, 15, 37).
cost(7, 16, 76).
cost(7, 17, 88).
cost(7, 18, 34).
cost(7, 19, 58).
cost(7, 20, 65).
cost(7, 21, 74).
cost(7, 22, 27).
cost(7, 23, 64).
cost(7, 24, 52).
cost(7, 25, 28).
cost(7, 26, 83).
cost(7, 27, 65).
cost(7, 28, 46).
cost(7, 29, 71).
cost(7, 30, 79).
cost(8, 1, 24).
cost(8, 2, 57).
cost(8, 3, 21).
cost(8, 4, 38).
cost(8, 5, 76).
cost(8, 6, 54).
cost(8, 7, 50).
cost(8, 9, 55).
cost(8, 10, 6).
cost(8, 11, 25).
cost(8, 12, 64).
cost(8, 13, 33).
cost(8, 14, 52).
cost(8, 15, 64).
cost(8, 16, 39).
cost(8, 17, 58).
cost(8, 18, 32).
cost(8, 19, 23).
cost(8, 20, 20).
cost(8, 21, 37).
cost(8, 22, 24).
cost(8, 23, 65).
cost(8, 24, 36).
cost(8, 25, 30).
cost(8, 26, 50).
cost(8, 27, 29).
cost(8, 28, 69).
cost(8, 29, 35).
cost(8, 30, 38).
cost(9, 1, 31).
cost(9, 2, 26).
cost(9, 3, 50).
cost(9, 4, 71).
cost(9, 5, 69).
cost(9, 6, 73).
cost(9, 7, 20).
cost(9, 8, 55).
cost(9, 10, 53).
cost(9, 11, 34).
cost(9, 12, 60).
cost(9, 13, 32).
cost(9, 14, 101).
cost(9, 15, 57).
cost(9, 16, 89).
cost(9, 17, 103).
cost(9, 18, 28).
cost(9, 19, 70).
cost(9, 20, 74).
cost(9, 21, 86).
cost(9, 22, 38).
cost(9, 23, 83).
cost(9, 24, 68).
cost(9, 25, 43).
cost(9, 26, 97).
cost(9, 27, 77).
cost(9, 28, 66).
cost(9, 29, 84).
cost(9, 30, 90).
cost(10, 1, 23).
cost(10, 2, 53).
cost(10, 3, 15).
cost(10, 4, 32).
cost(10, 5, 70).
cost(10, 6, 48).
cost(10, 7, 45).
cost(10, 8, 6).
cost(10, 9, 53).
cost(10, 11, 26).
cost(10, 12, 57).
cost(10, 13, 28).
cost(10, 14, 51).
cost(10, 15, 58).
cost(10, 16, 37).
cost(10, 17, 55).
cost(10, 18, 33).
cost(10, 19, 20).
cost(10, 20, 21).
cost(10, 21, 35).
cost(10, 22, 19).
cost(10, 23, 59).
cost(10, 24, 31).
cost(10, 25, 24).
cost(10, 26, 48).
cost(10, 27, 27).
cost(10, 28, 63).
cost(10, 29, 33).
cost(10, 30, 38).
cost(11, 1, 9).
cost(11, 2, 46).
cost(11, 3, 32).
cost(11, 4, 55).
cost(11, 5, 78).
cost(11, 6, 66).
cost(11, 7, 37).
cost(11, 8, 25).
cost(11, 9, 34).
cost(11, 10, 26).
cost(11, 12, 66).
cost(11, 13, 28).
cost(11, 14, 76).
cost(11, 15, 65).
cost(11, 16, 63).
cost(11, 17, 81).
cost(11, 18, 8).
cost(11, 19, 45).
cost(11, 20, 44).
cost(11, 21, 61).
cost(11, 22, 23).
cost(11, 23, 78).
cost(11, 24, 53).
cost(11, 25, 34).
cost(11, 26, 73).
cost(11, 27, 53).
cost(11, 28, 72).
cost(11, 29, 59).
cost(11, 30, 62).
cost(12, 1, 58).
cost(12, 2, 36).
cost(12, 3, 43).
cost(12, 4, 41).
cost(12, 5, 12).
cost(12, 6, 26).
cost(12, 7, 40).
cost(12, 8, 64).
cost(12, 9, 60).
cost(12, 10, 57).
cost(12, 11, 66).
cost(12, 13, 39).
cost(12, 14, 75).
cost(12, 15, 4).
cost(12, 16, 69).
cost(12, 17, 71).
cost(12, 18, 68).
cost(12, 19, 56).
cost(12, 20, 69).
cost(12, 21, 66).
cost(12, 22, 44).
cost(12, 23, 30).
cost(12, 24, 39).
cost(12, 25, 34).
cost(12, 26, 70).
cost(12, 27, 60).
cost(12, 28, 6).
cost(12, 29, 65).
cost(12, 30, 75).
cost(13, 1, 19).
cost(13, 2, 24).
cost(13, 3, 19).
cost(13, 4, 40).
cost(13, 5, 50).
cost(13, 6, 43).
cost(13, 7, 18).
cost(13, 8, 33).
cost(13, 9, 32).
cost(13, 10, 28).
cost(13, 11, 28).
cost(13, 12, 39).
cost(13, 14, 70).
cost(13, 15, 37).
cost(13, 16, 59).
cost(13, 17, 72).
cost(13, 18, 29).
cost(13, 19, 40).
cost(13, 20, 48).
cost(13, 21, 56).
cost(13, 22, 10).
cost(13, 23, 55).
cost(13, 24, 37).
cost(13, 25, 12).
cost(13, 26, 66).
cost(13, 27, 47).
cost(13, 28, 45).
cost(13, 29, 54).
cost(13, 30, 62).
cost(14, 1, 73).
cost(14, 2, 91).
cost(14, 3, 51).
cost(14, 4, 34).
cost(14, 5, 83).
cost(14, 6, 50).
cost(14, 7, 87).
cost(14, 8, 52).
cost(14, 9, 101).
cost(14, 10, 51).
cost(14, 11, 76).
cost(14, 12, 75).
cost(14, 13, 70).
cost(14, 15, 77).
cost(14, 16, 14).
cost(14, 17, 9).
cost(14, 18, 84).
cost(14, 19, 32).
cost(14, 20, 34).
cost(14, 21, 16).
cost(14, 22, 63).
cost(14, 23, 53).
cost(14, 24, 37).
cost(14, 25, 60).
cost(14, 26, 5).
cost(14, 27, 24).
cost(14, 28, 77).
cost(14, 29, 18).
cost(14, 30, 18).
cost(15, 1, 56).
cost(15, 2, 33).
cost(15, 3, 43).
cost(15, 4, 44).
cost(15, 5, 13).
cost(15, 6, 29).
cost(15, 7, 37).
cost(15, 8, 64).
cost(15, 9, 57).
cost(15, 10, 58).
cost(15, 11, 65).
cost(15, 12, 4).
cost(15, 13, 37).
cost(15, 14, 77).
cost(15, 16, 71).
cost(15, 17, 74).
cost(15, 18, 66).
cost(15, 19, 58).
cost(15, 20, 70).
cost(15, 21, 68).
cost(15, 22, 43).
cost(15, 23, 34).
cost(15, 24, 41).
cost(15, 25, 34).
cost(15, 26, 72).
cost(15, 27, 61).
cost(15, 28, 8).
cost(15, 29, 67).
cost(15, 30, 77).
cost(16, 1, 60).
cost(16, 2, 81).
cost(16, 3, 39).
cost(16, 4, 28).
cost(16, 5, 79).
cost(16, 6, 47).
cost(16, 7, 76).
cost(16, 8, 39).
cost(16, 9, 89).
cost(16, 10, 37).
cost(16, 11, 63).
cost(16, 12, 69).
cost(16, 13, 59).
cost(16, 14, 14).
cost(16, 15, 71).
cost(16, 17, 21).
cost(16, 18, 70).
cost(16, 19, 19).
cost(16, 20, 21).
cost(16, 21, 3).
cost(16, 22, 51).
cost(16, 23, 52).
cost(16, 24, 30).
cost(16, 25, 49).
cost(16, 26, 12).
cost(16, 27, 12).
cost(16, 28, 72).
cost(16, 29, 5).
cost(16, 30, 7).
cost(17, 1, 77).
cost(17, 2, 91).
cost(17, 3, 53).
cost(17, 4, 33).
cost(17, 5, 78).
cost(17, 6, 46).
cost(17, 7, 88).
cost(17, 8, 58).
cost(17, 9, 103).
cost(17, 10, 55).
cost(17, 11, 81).
cost(17, 12, 71).
cost(17, 13, 72).
cost(17, 14, 9).
cost(17, 15, 74).
cost(17, 16, 21).
cost(17, 18, 88).
cost(17, 19, 36).
cost(17, 20, 41).
cost(17, 21, 22).
cost(17, 22, 66).
cost(17, 23, 47).
cost(17, 24, 36).
cost(17, 25, 61).
cost(17, 26, 9).
cost(17, 27, 29).
cost(17, 28, 73).
cost(17, 29, 23).
cost(17, 30, 26).
cost(18, 1, 12).
cost(18, 2, 43).
cost(18, 3, 38).
cost(18, 4, 61).
cost(18, 5, 79).
cost(18, 6, 70).
cost(18, 7, 34).
cost(18, 8, 32).
cost(18, 9, 28).
cost(18, 10, 33).
cost(18, 11, 8).
cost(18, 12, 68).
cost(18, 13, 29).
cost(18, 14, 84).
cost(18, 15, 66).
cost(18, 16, 70).
cost(18, 17, 88).
cost(18, 19, 52).
cost(18, 20, 52).
cost(18, 21, 68).
cost(18, 22, 27).
cost(18, 23, 82).
cost(18, 24, 58).
cost(18, 25, 38).
cost(18, 26, 80).
cost(18, 27, 60).
cost(18, 28, 74).
cost(18, 29, 66).
cost(18, 30, 70).
cost(19, 1, 41).
cost(19, 2, 63).
cost(19, 3, 21).
cost(19, 4, 19).
cost(19, 5, 67).
cost(19, 6, 38).
cost(19, 7, 58).
cost(19, 8, 23).
cost(19, 9, 70).
cost(19, 10, 20).
cost(19, 11, 45).
cost(19, 12, 56).
cost(19, 13, 40).
cost(19, 14, 32).
cost(19, 15, 58).
cost(19, 16, 19).
cost(19, 17, 36).
cost(19, 18, 52).
cost(19, 20, 14).
cost(19, 21, 16).
cost(19, 22, 32).
cost(19, 23, 48).
cost(19, 24, 19).
cost(19, 25, 31).
cost(19, 26, 28).
cost(19, 27, 8).
cost(19, 28, 60).
cost(19, 29, 14).
cost(19, 30, 22).
cost(20, 1, 43).
cost(20, 2, 72).
cost(20, 3, 30).
cost(20, 4, 32).
cost(20, 5, 81).
cost(20, 6, 52).
cost(20, 7, 65).
cost(20, 8, 20).
cost(20, 9, 74).
cost(20, 10, 21).
cost(20, 11, 44).
cost(20, 12, 69).
cost(20, 13, 48).
cost(20, 14, 34).
cost(20, 15, 70).
cost(20, 16, 21).
cost(20, 17, 41).
cost(20, 18, 52).
cost(20, 19, 14).
cost(20, 21, 20).
cost(20, 22, 38).
cost(20, 23, 62).
cost(20, 24, 33).
cost(20, 25, 41).
cost(20, 26, 33).
cost(20, 27, 16).
cost(20, 28, 74).
cost(20, 29, 18).
cost(20, 30, 18).
cost(21, 1, 57).
cost(21, 2, 78).
cost(21, 3, 37).
cost(21, 4, 25).
cost(21, 5, 76).
cost(21, 6, 44).
cost(21, 7, 74).
cost(21, 8, 37).
cost(21, 9, 86).
cost(21, 10, 35).
cost(21, 11, 61).
cost(21, 12, 66).
cost(21, 13, 56).
cost(21, 14, 16).
cost(21, 15, 68).
cost(21, 16, 3).
cost(21, 17, 22).
cost(21, 18, 68).
cost(21, 19, 16).
cost(21, 20, 20).
cost(21, 22, 48).
cost(21, 23, 50).
cost(21, 24, 27).
cost(21, 25, 46).
cost(21, 26, 13).
cost(21, 27, 9).
cost(21, 28, 70).
cost(21, 29, 2).
cost(21, 30, 9).
cost(22, 1, 15).
cost(22, 2, 34).
cost(22, 3, 12).
cost(22, 4, 35).
cost(22, 5, 56).
cost(22, 6, 43).
cost(22, 7, 27).
cost(22, 8, 24).
cost(22, 9, 38).
cost(22, 10, 19).
cost(22, 11, 23).
cost(22, 12, 44).
cost(22, 13, 10).
cost(22, 14, 63).
cost(22, 15, 43).
cost(22, 16, 51).
cost(22, 17, 66).
cost(22, 18, 27).
cost(22, 19, 32).
cost(22, 20, 38).
cost(22, 21, 48).
cost(22, 23, 55).
cost(22, 24, 32).
cost(22, 25, 11).
cost(22, 26, 59).
cost(22, 27, 39).
cost(22, 28, 50).
cost(22, 29, 46).
cost(22, 30, 53).
cost(23, 1, 70).
cost(23, 2, 62).
cost(23, 3, 46).
cost(23, 4, 29).
cost(23, 5, 33).
cost(23, 6, 12).
cost(23, 7, 64).
cost(23, 8, 65).
cost(23, 9, 83).
cost(23, 10, 59).
cost(23, 11, 78).
cost(23, 12, 30).
cost(23, 13, 55).
cost(23, 14, 53).
cost(23, 15, 34).
cost(23, 16, 52).
cost(23, 17, 47).
cost(23, 18, 82).
cost(23, 19, 48).
cost(23, 20, 62).
cost(23, 21, 50).
cost(23, 22, 55).
cost(23, 24, 30).
cost(23, 25, 44).
cost(23, 26, 48).
cost(23, 27, 47).
cost(23, 28, 29).
cost(23, 29, 50).
cost(23, 30, 59).
cost(24, 1, 46).
cost(24, 2, 55).
cost(24, 3, 21).
cost(24, 4, 3).
cost(24, 5, 50).
cost(24, 6, 20).
cost(24, 7, 52).
cost(24, 8, 36).
cost(24, 9, 68).
cost(24, 10, 31).
cost(24, 11, 53).
cost(24, 12, 39).
cost(24, 13, 37).
cost(24, 14, 37).
cost(24, 15, 41).
cost(24, 16, 30).
cost(24, 17, 36).
cost(24, 18, 58).
cost(24, 19, 19).
cost(24, 20, 33).
cost(24, 21, 27).
cost(24, 22, 32).
cost(24, 23, 30).
cost(24, 25, 25).
cost(24, 26, 32).
cost(24, 27, 20).
cost(24, 28, 43).
cost(24, 29, 25).
cost(24, 30, 36).
cost(25, 1, 26).
cost(25, 2, 32).
cost(25, 3, 11).
cost(25, 4, 28).
cost(25, 5, 46).
cost(25, 6, 32).
cost(25, 7, 28).
cost(25, 8, 30).
cost(25, 9, 43).
cost(25, 10, 24).
cost(25, 11, 34).
cost(25, 12, 34).
cost(25, 13, 12).
cost(25, 14, 60).
cost(25, 15, 34).
cost(25, 16, 49).
cost(25, 17, 61).
cost(25, 18, 38).
cost(25, 19, 31).
cost(25, 20, 41).
cost(25, 21, 46).
cost(25, 22, 11).
cost(25, 23, 44).
cost(25, 24, 25).
cost(25, 26, 55).
cost(25, 27, 37).
cost(25, 28, 40).
cost(25, 29, 44).
cost(25, 30, 53).
cost(26, 1, 69).
cost(26, 2, 87).
cost(26, 3, 47).
cost(26, 4, 30).
cost(26, 5, 78).
cost(26, 6, 45).
cost(26, 7, 83).
cost(26, 8, 50).
cost(26, 9, 97).
cost(26, 10, 48).
cost(26, 11, 73).
cost(26, 12, 70).
cost(26, 13, 66).
cost(26, 14, 5).
cost(26, 15, 72).
cost(26, 16, 12).
cost(26, 17, 9).
cost(26, 18, 80).
cost(26, 19, 28).
cost(26, 20, 33).
cost(26, 21, 13).
cost(26, 22, 59).
cost(26, 23, 48).
cost(26, 24, 32).
cost(26, 25, 55).
cost(26, 27, 21).
cost(26, 28, 72).
cost(26, 29, 15).
cost(26, 30, 17).
cost(27, 1, 49).
cost(27, 2, 70).
cost(27, 3, 28).
cost(27, 4, 19).
cost(27, 5, 70).
cost(27, 6, 39).
cost(27, 7, 65).
cost(27, 8, 29).
cost(27, 9, 77).
cost(27, 10, 27).
cost(27, 11, 53).
cost(27, 12, 60).
cost(27, 13, 47).
cost(27, 14, 24).
cost(27, 15, 61).
cost(27, 16, 12).
cost(27, 17, 29).
cost(27, 18, 60).
cost(27, 19, 8).
cost(27, 20, 16).
cost(27, 21, 9).
cost(27, 22, 39).
cost(27, 23, 47).
cost(27, 24, 20).
cost(27, 25, 37).
cost(27, 26, 21).
cost(27, 28, 63).
cost(27, 29, 7).
cost(27, 30, 16).
cost(28, 1, 63).
cost(28, 2, 41).
cost(28, 3, 48).
cost(28, 4, 45).
cost(28, 5, 7).
cost(28, 6, 27).
cost(28, 7, 46).
cost(28, 8, 69).
cost(28, 9, 66).
cost(28, 10, 63).
cost(28, 11, 72).
cost(28, 12, 6).
cost(28, 13, 45).
cost(28, 14, 77).
cost(28, 15, 8).
cost(28, 16, 72).
cost(28, 17, 73).
cost(28, 18, 74).
cost(28, 19, 60).
cost(28, 20, 74).
cost(28, 21, 70).
cost(28, 22, 50).
cost(28, 23, 29).
cost(28, 24, 43).
cost(28, 25, 40).
cost(28, 26, 72).
cost(28, 27, 63).
cost(28, 29, 68).
cost(28, 30, 78).
cost(29, 1, 55).
cost(29, 2, 76).
cost(29, 3, 35).
cost(29, 4, 24).
cost(29, 5, 75).
cost(29, 6, 43).
cost(29, 7, 71).
cost(29, 8, 35).
cost(29, 9, 84).
cost(29, 10, 33).
cost(29, 11, 59).
cost(29, 12, 65).
cost(29, 13, 54).
cost(29, 14, 18).
cost(29, 15, 67).
cost(29, 16, 5).
cost(29, 17, 23).
cost(29, 18, 66).
cost(29, 19, 14).
cost(29, 20, 18).
cost(29, 21, 2).
cost(29, 22, 46).
cost(29, 23, 50).
cost(29, 24, 25).
cost(29, 25, 44).
cost(29, 26, 15).
cost(29, 27, 7).
cost(29, 28, 68).
cost(29, 30, 10).
cost(30, 1, 60).
cost(30, 2, 85).
cost(30, 3, 42).
cost(30, 4, 34).
cost(30, 5, 85).
cost(30, 6, 53).
cost(30, 7, 79).
cost(30, 8, 38).
cost(30, 9, 90).
cost(30, 10, 38).
cost(30, 11, 62).
cost(30, 12, 75).
cost(30, 13, 62).
cost(30, 14, 18).
cost(30, 15, 77).
cost(30, 16, 7).
cost(30, 17, 26).
cost(30, 18, 70).
cost(30, 19, 22).
cost(30, 20, 18).
cost(30, 21, 9).
cost(30, 22, 53).
cost(30, 23, 59).
cost(30, 24, 36).
cost(30, 25, 53).
cost(30, 26, 17).
cost(30, 27, 16).
cost(30, 28, 78).
cost(30, 29, 10).
