dimension(30).
point(1, 13.2559952667, 38.7912814987).
point(2, 96.8375752578, 18.5324587417).
point(3, 61.5697148359, 83.8630339428).
point(4, 64.284935996, 41.0820043455).
point(5, 41.4453170799, 57.8079836266).
point(6, 50.5324545501, 31.9879921239).
point(7, 23.9182294802, 70.5223655504).
point(8, 26.0570014877, 64.0685278286).
point(9, 79.9518340721, 82.0975617451).
point(10, 27.0877469115, 70.7918588686).
point(11, 39.7880981927, 70.1505315797).
point(12, 1.2839968356, 42.2106912274).
point(13, 84.5285828863, 29.8744502207).
point(14, 88.7981117775, 51.3522471196).
point(15, 95.6959238661, 31.5743755994).
point(16, 94.943671344, 30.1126759434).
point(17, 62.8314089499, 95.087101463).
point(18, 30.323277436, 76.0946996046).
point(19, 58.1901329746, 30.7467951696).
point(20, 49.9338994744, 50.584291246).
point(21, 87.6503658692, 93.0594238397).
point(22, 37.150498951, 14.1591280703).
point(23, 75.6828878723, 70.3390655944).
point(24, 65.4788525456, 29.6585220379).
point(25, 88.4965276776, 79.6379401193).
point(26, 6.690092031, 44.0521767469).
point(27, 50.7778896245, 55.2096451868).
point(28, 38.0703454067, 19.1119448839).
point(29, 93.7991835067, 26.3120427161).
point(30, 11.6713257986, 9.8060110261).
cost(1, 2, 86).
cost(1, 3, 66).
cost(1, 4, 51).
cost(1, 5, 34).
cost(1, 6, 38).
cost(1, 7, 33).
cost(1, 8, 28).
cost(1, 9, 80).
cost(1, 10, 35).
cost(1, 11, 41).
cost(1, 12, 12).
cost(1, 13, 72).
cost(1, 14, 77).
cost(1, 15, 83).
cost(1, 16, 82).
cost(1, 17, 75).
cost(1, 18, 41).
cost(1, 19, 46).
cost(1, 20, 39).
cost(1, 21, 92).
cost(1, 22, 34).
cost(1, 23, 70).
cost(1, 24, 53).
cost(1, 25, 86).
cost(1, 26, 8).
cost(1, 27, 41).
cost(1, 28, 32).
cost(1, 29, 82).
cost(1, 30, 29).
cost(2, 1, 86).
cost(2, 3, 74).
cost(2, 4, 40).
cost(2, 5, 68).
cost(2, 6, 48).
cost(2, 7, 90).
cost(2, 8, 84).
cost(2, 9, 66).
cost(2, 10, 87).
cost(2, 11, 77).
cost(2, 12, 98).
cost(2, 13, 17).
cost(2, 14, 34).
cost(2, 15, 13).
cost(2, 16, 12).
cost(2, 17, 84).
cost(2, 18, 88).
cost(2, 19, 41).
cost(2, 20, 57).
cost(2, 21, 75).
cost(2, 22, 60).
cost(2, 23, 56).
cost(2, 24, 33).
cost(2, 25, 62).
cost(2, 26, 94).
cost(2, 27, 59).
cost(2, 28, 59).
cost(2, 29, 8).
cost(2, 30, 86).
cost(3, 1, 66).
cost(3, 2, 74).
cost(3, 4, 43).
cost(3, 5, 33).
cost(3, 6, 53).
cost(3, 7, 40).
cost(3, 8, 41).
cost(3, 9, 18).
cost(3, 10, 37).
cost(3, 11, 26).
cost(3, 12, 73).
cost(3, 13, 59).
cost(3, 14, 42).
cost(3, 15, 62).
cost(3, 16, 63).
cost(3, 17, 11).
cost(3, 18, 32).
cost(3, 19, 53).
cost(3, 20, 35).
cost(3, 21, 28).
cost(3, 22, 74).
cost(3, 23, 20).
cost(3, 24, 54).
cost(3, 25, 27).
cost(3, 26, 68).
cost(3, 27, 31).
cost(3, 28, 69).
cost(3, 29, 66).
cost(3, 30, 89).
cost(4, 1, 51).
cost(4, 2, 40).
cost(4, 3, 43).
cost(4, 5, 28).
cost(4, 6, 16).
cost(4, 7, 50).
cost(4, 8, 45).
cost(4, 9, 44).
cost(4, 10, 48).
cost(4, 11, 38).
cost(4, 12, 63).
cost(4, 13, 23).
cost(4, 14, 27).
cost(4, 15, 33).
cost(4, 16, 33).
cost(4, 17, 54).
cost(4, 18, 49).
cost(4, 19, 12).
cost(4, 20, 17).
cost(4, 21, 57).
cost(4, 22, 38).
cost(4, 23, 31).
cost(4, 24, 11).
cost(4, 25, 46).
cost(4, 26, 58).
cost(4, 27, 20).
cost(4, 28, 34).
cost(4, 29, 33).
cost(4, 30, 61).
cost(5, 1, 34).
cost(5, 2, 68).
cost(5, 3, 33).
cost(5, 4, 28).
cost(5, 6, 27).
cost(5, 7, 22).
cost(5, 8, 17).
cost(5, 9, 46).
cost(5, 10, 19).
cost(5, 11, 12).
cost(5, 12, 43).
cost(5, 13, 51).
cost(5, 14, 48).
cost(5, 15, 60).
cost(5, 16, 60).
cost(5, 17, 43).
cost(5, 18, 21).
cost(5, 19, 32).
cost(5, 20, 11).
cost(5, 21, 58).
cost(5, 22, 44).
cost(5, 23, 36).
cost(5, 24, 37).
cost(5, 25, 52).
cost(5, 26, 37).
cost(5, 27, 10).
cost(5, 28, 39).
cost(5, 29, 61).
cost(5, 30, 56).
cost(6, 1, 38).
cost(6, 2, 48).
cost(6, 3, 53).
cost(6, 4, 16).
cost(6, 5, 27).
cost(6, 7, 47).
cost(6, 8, 40).
cost(6, 9, 58).
cost(6, 10, 45).
cost(6, 11, 40).
cost(6, 12, 50).
cost(6, 13, 34).
cost(6, 14, 43).
cost(6, 15, 45).
cost(6, 16, 44).
cost(6, 17, 64).
cost(6, 18, 49).
cost(6, 19, 8).
cost(6, 20, 19).
cost(6, 21, 71).
cost(6, 22, 22).
cost(6, 23, 46).
cost(6, 24, 15).
cost(6, 25, 61).
cost(6, 26, 45).
cost(6, 27, 23).
cost(6, 28, 18).
cost(6, 29, 44).
cost(6, 30, 45).
cost(7, 1, 33).
cost(7, 2, 90).
cost(7, 3, 40).
cost(7, 4, 50).
cost(7, 5, 22).
cost(7, 6, 47).
cost(7, 8, 7).
cost(7, 9, 57).
cost(7, 10, 3).
cost(7, 11, 16).
cost(7, 12, 36).
cost(7, 13, 73).
cost(7, 14, 68).
cost(7, 15, 82).
cost(7, 16, 82).
cost(7, 17, 46).
cost(7, 18, 8).
cost(7, 19, 53).
cost(7, 20, 33).
cost(7, 21, 68).
cost(7, 22, 58).
cost(7, 23, 52).
cost(7, 24, 58).
cost(7, 25, 65).
cost(7, 26, 32).
cost(7, 27, 31).
cost(7, 28, 53).
cost(7, 29, 83).
cost(7, 30, 62).
cost(8, 1, 28).
cost(8, 2, 84).
cost(8, 3, 41).
cost(8, 4, 45).
cost(8, 5, 17).
cost(8, 6, 40).
cost(8, 7, 7).
cost(8, 9, 57).
cost(8, 10, 7).
cost(8, 11, 15).
cost(8, 12, 33).
cost(8, 13, 68).
cost(8, 14, 64).
cost(8, 15, 77).
cost(8, 16, 77).
cost(8, 17, 48).
cost(8, 18, 13).
cost(8, 19, 46).
cost(8, 20, 27).
cost(8, 21, 68).
cost(8, 22, 51).
cost(8, 23, 50).
cost(8, 24, 52).
cost(8, 25, 64).
cost(8, 26, 28).
cost(8, 27, 26).
cost(8, 28, 47).
cost(8, 29, 78).
cost(8, 30, 56).
cost(9, 1, 80).
cost(9, 2, 66).
cost(9, 3, 18).
cost(9, 4, 44).
cost(9, 5, 46).
cost(9, 6, 58).
cost(9, 7, 57).
cost(9, 8, 57).
cost(9, 10, 54).
cost(9, 11, 42).
cost(9, 12, 88).
cost(9, 13, 52).
cost(9, 14, 32).
cost(9, 15, 53).
cost(9, 16, 54).
cost(9, 17, 21).
cost(9, 18, 50).
cost(9, 19, 56).
cost(9, 20, 44).
cost(9, 21, 13).
cost(9, 22, 80).
cost(9, 23, 13).
cost(9, 24, 54).
cost(9, 25, 9).
cost(9, 26, 83).
cost(9, 27, 40).
cost(9, 28, 76).
cost(9, 29, 57).
cost(9, 30, 99).
cost(10, 1, 35).
cost(10, 2, 87).
cost(10, 3, 37).
cost(10, 4, 48).
cost(10, 5, 19).
cost(10, 6, 45).
cost(10, 7, 3).
cost(10, 8, 7).
cost(10, 9, 54).
cost(10, 11, 13).
cost(10, 12, 39).
cost(10, 13, 71).
cost(10, 14, 65).
cost(10, 15, 79).
cost(10, 16, 79).
cost(10, 17, 43).
cost(10, 18, 6).
cost(10, 19, 51).
cost(10, 20, 31).
cost(10, 21, 65).
cost(10, 22, 58).
cost(10, 23, 49).
cost(10, 24, 56).
cost(10, 25, 62).
cost(10, 26, 34).
cost(10, 27, 28).
cost(10, 28, 53).
cost(10, 29, 80).
cost(10, 30, 63).
cost(11, 1, 41).
cost(11, 2, 77).
cost(11, 3, 26).
cost(11, 4, 38).
cost(11, 5, 12).
cost(11, 6, 40).
cost(11, 7, 16).
cost(11, 8, 15).
cost(11, 9, 42).
cost(11, 10, 13).
cost(11, 12, 48).
cost(11, 13, 60).
cost(11, 14, 52).
cost(11, 15, 68).
cost(11, 16, 68).
cost(11, 17, 34).
cost(11, 18, 11).
cost(11, 19, 43).
cost(11, 20, 22).
cost(11, 21, 53).
cost(11, 22, 56).
cost(11, 23, 36).
cost(11, 24, 48).
cost(11, 25, 50).
cost(11, 26, 42).
cost(11, 27, 19).
cost(11, 28, 51).
cost(11, 29, 70).
cost(11, 30, 67).
cost(12, 1, 12).
cost(12, 2, 98).
cost(12, 3, 73).
cost(12, 4, 63).
cost(12, 5, 43).
cost(12, 6, 50).
cost(12, 7, 36).
cost(12, 8, 33).
cost(12, 9, 88).
cost(12, 10, 39).
cost(12, 11, 48).
cost(12, 13, 84).
cost(12, 14, 88).
cost(12, 15, 95).
cost(12, 16, 94).
cost(12, 17, 81).
cost(12, 18, 45).
cost(12, 19, 58).
cost(12, 20, 49).
cost(12, 21, 100).
cost(12, 22, 46).
cost(12, 23, 80).
cost(12, 24, 65).
cost(12, 25, 95).
cost(12, 26, 6).
cost(12, 27, 51).
cost(12, 28, 43).
cost(12, 29, 94).
cost(12, 30, 34).
cost(13, 1, 72).
cost(13, 2, 17).
cost(13, 3, 59).
cost(13, 4, 23).
cost(13, 5, 51).
cost(13, 6, 34).
cost(13, 7, 73).
cost(13, 8, 68).
cost(13, 9, 52).
cost(13, 10, 71).
cost(13, 11, 60).
cost(13, 12, 84).
cost(13, 14, 22).
cost(13, 15, 11).
cost(13, 16, 10).
cost(13, 17, 69).
cost(13, 18, 71).
cost(13, 19, 26).
cost(13, 20, 40).
cost(13, 21, 63).
cost(13, 22, 50).
cost(13, 23, 41).
cost(13, 24, 19).
cost(13, 25, 50).
cost(13, 26, 79).
cost(13, 27, 42).
cost(13, 28, 48).
cost(13, 29, 10).
cost(13, 30, 76).
cost(14, 1, 77).
cost(14, 2, 34).
cost(14, 3, 42).
cost(14, 4, 27).
cost(14, 5, 48).
cost(14, 6, 43).
cost(14, 7, 68).
cost(14, 8, 64).
cost(14, 9, 32).
cost(14, 10, 65).
cost(14, 11, 52).
cost(14, 12, 88).
cost(14, 13, 22).
cost(14, 15, 21).
cost(14, 16, 22).
cost(14, 17, 51).
cost(14, 18, 63).
cost(14, 19, 37).
cost(14, 20, 39).
cost(14, 21, 42).
cost(14, 22, 64).
cost(14, 23, 23).
cost(14, 24, 32).
cost(14, 25, 28).
cost(14, 26, 82).
cost(14, 27, 38).
cost(14, 28, 60).
cost(14, 29, 26).
cost(14, 30, 88).
cost(15, 1, 83).
cost(15, 2, 13).
cost(15, 3, 62).
cost(15, 4, 33).
cost(15, 5, 60).
cost(15, 6, 45).
cost(15, 7, 82).
cost(15, 8, 77).
cost(15, 9, 53).
cost(15, 10, 79).
cost(15, 11, 68).
cost(15, 12, 95).
cost(15, 13, 11).
cost(15, 14, 21).
cost(15, 16, 2).
cost(15, 17, 72).
cost(15, 18, 79).
cost(15, 19, 38).
cost(15, 20, 50).
cost(15, 21, 62).
cost(15, 22, 61).
cost(15, 23, 44).
cost(15, 24, 30).
cost(15, 25, 49).
cost(15, 26, 90).
cost(15, 27, 51).
cost(15, 28, 59).
cost(15, 29, 6).
cost(15, 30, 87).
cost(16, 1, 82).
cost(16, 2, 12).
cost(16, 3, 63).
cost(16, 4, 33).
cost(16, 5, 60).
cost(16, 6, 44).
cost(16, 7, 82).
cost(16, 8, 77).
cost(16, 9, 54).
cost(16, 10, 79).
cost(16, 11, 68).
cost(16, 12, 94).
cost(16, 13, 10).
cost(16, 14, 22).
cost(16, 15, 2).
cost(16, 17, 72).
cost(16, 18, 79).
cost(16, 19, 37).
cost(16, 20, 49).
cost(16, 21, 63).
cost(16, 22, 60).
cost(16, 23, 45).
cost(16, 24, 29).
cost(16, 25, 50).
cost(16, 26, 89).
cost(16, 27, 51).
cost(16, 28, 58).
cost(16, 29, 4).
cost(16, 30, 86).
cost(17, 1, 75).
cost(17, 2, 84).
cost(17, 3, 11).
cost(17, 4, 54).
cost(17, 5, 43).
cost(17, 6, 64).
cost(17, 7, 46).
cost(17, 8, 48).
cost(17, 9, 21).
cost(17, 10, 43).
cost(17, 11, 34).
cost(17, 12, 81).
cost(17, 13, 69).
cost(17, 14, 51).
cost(17, 15, 72).
cost(17, 16, 72).
cost(17, 18, 38).
cost(17, 19, 65).
cost(17, 20, 46).
cost(17, 21, 25).
cost(17, 22, 85).
cost(17, 23, 28).
cost(17, 24, 65).
cost(17, 25, 30).
cost(17, 26, 76).
cost(17, 27, 42).
cost(17, 28, 80).
cost(17, 29, 75).
cost(17, 30, 99).
cost(18, 1, 41).
cost(18, 2, 88).
cost(18, 3, 32).
cost(18, 4, 49).
cost(18, 5, 21).
cost(18, 6, 49).
cost(18, 7, 8).
cost(18, 8, 13).
cost(18, 9, 50).
cost(18, 10, 6).
cost(18, 11, 11).
cost(18, 12, 45).
cost(18, 13, 71).
cost(18, 14, 63).
cost(18, 15, 79).
cost(18, 16, 79).
cost(18, 17, 38).
cost(18, 19, 53).
cost(18, 20, 32).
cost(18, 21, 60).
cost(18, 22, 62).
cost(18, 23, 46).
cost(18, 24, 58).
cost(18, 25, 58).
cost(18, 26, 40).
cost(18, 27, 29).
cost(18, 28, 58).
cost(18, 29, 81).
cost(18, 30, 69).
cost(19, 1, 46).
cost(19, 2, 41).
cost(19, 3, 53).
cost(19, 4, 12).
cost(19, 5, 32).
cost(19, 6, 8).
cost(19, 7, 53).
cost(19, 8, 46).
cost(19, 9, 56).
cost(19, 10, 51).
cost(19, 11, 43).
cost(19, 12, 58).
cost(19, 13, 26).
cost(19, 14, 37).
cost(19, 15, 38).
cost(19, 16, 37).
cost(19, 17, 65).
cost(19, 18, 53).
cost(19, 20, 21).
cost(19, 21, 69).
cost(19, 22, 27).
cost(19, 23, 43).
cost(19, 24, 7).
cost(19, 25, 58).
cost(19, 26, 53).
cost(19, 27, 26).
cost(19, 28, 23).
cost(19, 29, 36).
cost(19, 30, 51).
cost(20, 1, 39).
cost(20, 2, 57).
cost(20, 3, 35).
cost(20, 4, 17).
cost(20, 5, 11).
cost(20, 6, 19).
cost(20, 7, 33).
cost(20, 8, 27).
cost(20, 9, 44).
cost(20, 10, 31).
cost(20, 11, 22).
cost(20, 12, 49).
cost(20, 13, 40).
cost(20, 14, 39).
cost(20, 15, 50).
cost(20, 16, 49).
cost(20, 17, 46).
cost(20, 18, 32).
cost(20, 19, 21).
cost(20, 21, 57).
cost(20, 22, 39).
cost(20, 23, 32).
cost(20, 24, 26).
cost(20, 25, 48).
cost(20, 26, 44).
cost(20, 27, 5).
cost(20, 28, 34).
cost(20, 29, 50).
cost(20, 30, 56).
cost(21, 1, 92).
cost(21, 2, 75).
cost(21, 3, 28).
cost(21, 4, 57).
cost(21, 5, 58).
cost(21, 6, 71).
cost(21, 7, 68).
cost(21, 8, 68).
cost(21, 9, 13).
cost(21, 10, 65).
cost(21, 11, 53).
cost(21, 12, 100).
cost(21, 13, 63).
cost(21, 14, 42).
cost(21, 15, 62).
cost(21, 16, 63).
cost(21, 17, 25).
cost(21, 18, 60).
cost(21, 19, 69).
cost(21, 20, 57).
cost(21, 22, 94).
cost(21, 23, 26).
cost(21, 24, 67).
cost(21, 25, 13).
cost(21, 26, 95).
cost(21, 27, 53).
cost(21, 28, 89).
cost(21, 29, 67).
cost(21, 30, 113).
cost(22, 1, 34).
cost(22, 2, 60).
cost(22, 3, 74).
cost(22, 4, 38).
cost(22, 5, 44).
cost(22, 6, 22).
cost(22, 7, 58).
cost(22, 8, 51).
cost(22, 9, 80).
cost(22, 10, 58).
cost(22, 11, 56).
cost(22, 12, 46).
cost(22, 13, 50).
cost(22, 14, 64).
cost(22, 15, 61).
cost(22, 16, 60).
cost(22, 17, 85).
cost(22, 18, 62).
cost(22, 19, 27).
cost(22, 20, 39).
cost(22, 21, 94).
cost(22, 23, 68).
cost(22, 24, 32).
cost(22, 25, 83).
cost(22, 26, 43).
cost(22, 27, 43).
cost(22, 28, 5).
cost(22, 29, 58).
cost(22, 30, 26).
cost(23, 1, 70).
cost(23, 2, 56).
cost(23, 3, 20).
cost(23, 4, 31).
cost(23, 5, 36).
cost(23, 6, 46).
cost(23, 7, 52).
cost(23, 8, 50).
cost(23, 9, 13).
cost(23, 10, 49).
cost(23, 11, 36).
cost(23, 12, 80).
cost(23, 13, 41).
cost(23, 14, 23).
cost(23, 15, 44).
cost(23, 16, 45).
cost(23, 17, 28).
cost(23, 18, 46).
cost(23, 19, 43).
cost(23, 20, 32).
cost(23, 21, 26).
cost(23, 22, 68).
cost(23, 24, 42).
cost(23, 25, 16).
cost(23, 26, 74).
cost(23, 27, 29).
cost(23, 28, 64).
cost(23, 29, 48).
cost(23, 30, 88).
cost(24, 1, 53).
cost(24, 2, 33).
cost(24, 3, 54).
cost(24, 4, 11).
cost(24, 5, 37).
cost(24, 6, 15).
cost(24, 7, 58).
cost(24, 8, 52).
cost(24, 9, 54).
cost(24, 10, 56).
cost(24, 11, 48).
cost(24, 12, 65).
cost(24, 13, 19).
cost(24, 14, 32).
cost(24, 15, 30).
cost(24, 16, 29).
cost(24, 17, 65).
cost(24, 18, 58).
cost(24, 19, 7).
cost(24, 20, 26).
cost(24, 21, 67).
cost(24, 22, 32).
cost(24, 23, 42).
cost(24, 25, 55).
cost(24, 26, 61).
cost(24, 27, 29).
cost(24, 28, 29).
cost(24, 29, 29).
cost(24, 30, 57).
cost(25, 1, 86).
cost(25, 2, 62).
cost(25, 3, 27).
cost(25, 4, 46).
cost(25, 5, 52).
cost(25, 6, 61).
cost(25, 7, 65).
cost(25, 8, 64).
cost(25, 9, 9).
cost(25, 10, 62).
cost(25, 11, 50).
cost(25, 12, 95).
cost(25, 13, 50).
cost(25, 14, 28).
cost(25, 15, 49).
cost(25, 16, 50).
cost(25, 17, 30).
cost(25, 18, 58).
cost(25, 19, 58).
cost(25, 20, 48).
cost(25, 21, 13).
cost(25, 22, 83).
cost(25, 23, 16).
cost(25, 24, 55).
cost(25, 26, 89).
cost(25, 27, 45).
cost(25, 28, 79).
cost(25, 29, 54).
cost(25, 30, 104).
cost(26, 1, 8).
cost(26, 2, 94).
cost(26, 3, 68).
cost(26, 4, 58).
cost(26, 5, 37).
cost(26, 6, 45).
cost(26, 7, 32).
cost(26, 8, 28).
cost(26, 9, 83).
cost(26, 10, 34).
cost(26, 11, 42).
cost(26, 12, 6).
cost(26, 13, 79).
cost(26, 14, 82).
cost(26, 15, 90).
cost(26, 16, 89).
cost(26, 17, 76).
cost(26, 18, 40).
cost(26, 19, 53).
cost(26, 20, 44).
cost(26, 21, 95).
cost(26, 22, 43).
cost(26, 23, 74).
cost(26, 24, 61).
cost(26, 25, 89).
cost(26, 27, 45).
cost(26, 28, 40).
cost(26, 29, 89).
cost(26, 30, 35).
cost(27, 1, 41).
cost(27, 2, 59).
cost(27, 3, 31).
cost(27, 4, 20).
cost(27, 5, 10).
cost(27, 6, 23).
cost(27, 7, 31).
cost(27, 8, 26).
cost(27, 9, 40).
cost(27, 10, 28).
cost(27, 11, 19).
cost(27, 12, 51).
cost(27, 13, 42).
cost(27, 14, 38).
cost(27, 15, 51).
cost(27, 16, 51).
cost(27, 17, 42).
cost(27, 18, 29).
cost(27, 19, 26).
cost(27, 20, 5).
cost(27, 21, 53).
cost(27, 22, 43).
cost(27, 23, 29).
cost(27, 24, 29).
cost(27, 25, 45).
cost(27, 26, 45).
cost(27, 28, 38).
cost(27, 29, 52).
cost(27, 30, 60).
cost(28, 1, 32).
cost(28, 2, 59).
cost(28, 3, 69).
cost(28, 4, 34).
cost(28, 5, 39).
cost(28, 6, 18).
cost(28, 7, 53).
cost(28, 8, 47).
cost(28, 9, 76).
cost(28, 10, 53).
cost(28, 11, 51).
cost(28, 12, 43).
cost(28, 13, 48).
cost(28, 14, 60).
cost(28, 15, 59).
cost(28, 16, 58).
cost(28, 17, 80).
cost(28, 18, 58).
cost(28, 19, 23).
cost(28, 20, 34).
cost(28, 21, 89).
cost(28, 22, 5).
cost(28, 23, 64).
cost(28, 24, 29).
cost(28, 25, 79).
cost(28, 26, 40).
cost(28, 27, 38).
cost(28, 29, 56).
cost(28, 30, 28).
cost(29, 1, 82).
cost(29, 2, 8).
cost(29, 3, 66).
cost(29, 4, 33).
cost(29, 5, 61).
cost(29, 6, 44).
cost(29, 7, 83).
cost(29, 8, 78).
cost(29, 9, 57).
cost(29, 10, 80).
cost(29, 11, 70).
cost(29, 12, 94).
cost(29, 13, 10).
cost(29, 14, 26).
cost(29, 15, 6).
cost(29, 16, 4).
cost(29, 17, 75).
cost(29, 18, 81).
cost(29, 19, 36).
cost(29, 20, 50).
cost(29, 21, 67).
cost(29, 22, 58).
cost(29, 23, 48).
cost(29, 24, 29).
cost(29, 25, 54).
cost(29, 26, 89).
cost(29, 27, 52).
cost(29, 28, 56).
cost(29, 30, 84).
cost(30, 1, 29).
cost(30, 2, 86).
cost(30, 3, 89).
cost(30, 4, 61).
cost(30, 5, 56).
cost(30, 6, 45).
cost(30, 7, 62).
cost(30, 8, 56).
cost(30, 9, 99).
cost(30, 10, 63).
cost(30, 11, 67).
cost(30, 12, 34).
cost(30, 13, 76).
cost(30, 14, 88).
cost(30, 15, 87).
cost(30, 16, 86).
cost(30, 17, 99).
cost(30, 18, 69).
cost(30, 19, 51).
cost(30, 20, 56).
cost(30, 21, 113).
cost(30, 22, 26).
cost(30, 23, 88).
cost(30, 24, 57).
cost(30, 25, 104).
cost(30, 26, 35).
cost(30, 27, 60).
cost(30, 28, 28).
cost(30, 29, 84).
