dimension(30).
point(1, 56.4941652393, 85.6919474493).
point(2, 77.7982750922, 26.1749450959).
point(3, 18.8314181938, 27.6433947328).
point(4, 89.2552142347, 10.0003103483).
point(5, 8.9933270493, 76.7223123321).
point(6, 99.0145465624, 20.3965127499).
point(7, 68.3890421663, 92.1659488901).
point(8, 32.4359007711, 38.3986209742).
point(9, 5.4748399251, 33.4645838219).
point(10, 29.3806143227, 19.0942303802).
point(11, 35.8694449891, 67.811637361).
point(12, 41.9489875308, 39.4223961489).
point(13, 96.2054581704, 30.9838810383).
point(14, 64.2142200322, 79.6094823295).
point(15, 61.0936526089, 57.5385979995).
point(16, 13.4365019147, 31.1724960972).
point(17, 63.0271131459, 99.3334256493).
point(18, 75.2397599789, 78.5028728032).
point(19, 66.7258702911, 3.5147957824).
point(20, 74.1703010523, 78.2223387331).
point(21, 2.3171289317, 36.6382953911).
point(22, 43.3279037693, 66.7803664194).
point(23, 4.8047942033, 75.1601597847).
point(24, 13.6923719714, 57.8374896036).
point(25, 36.6695184159, 52.0528100208).
point(26, 30.9415509784, 15.0795022753).
point(27, 5.815750307, 39.5025890701).
point(28, 54.7039505259, 56.6248008425).
point(29, 66.6797870922, 17.1455429662).
point(30, 23.5724703474, 18.0010759703).
cost(1, 2, 63).
cost(1, 3, 69).
cost(1, 4, 82).
cost(1, 5, 48).
cost(1, 6, 78).
cost(1, 7, 14).
cost(1, 8, 53).
cost(1, 9, 73).
cost(1, 10, 72).
cost(1, 11, 27).
cost(1, 12, 49).
cost(1, 13, 68).
cost(1, 14, 10).
cost(1, 15, 29).
cost(1, 16, 69).
cost(1, 17, 15).
cost(1, 18, 20).
cost(1, 19, 83).
cost(1, 20, 19).
cost(1, 21, 73).
cost(1, 22, 23).
cost(1, 23, 53).
cost(1, 24, 51).
cost(1, 25, 39).
cost(1, 26, 75).
cost(1, 27, 69).
cost(1, 28, 29).
cost(1, 29, 69).
cost(1, 30, 75).
cost(2, 1, 63).
cost(2, 3, 59).
cost(2, 4, 20).
cost(2, 5, 85).
cost(2, 6, 22).
cost(2, 7, 67).
cost(2, 8, 47).
cost(2, 9, 73).
cost(2, 10, 49).
cost(2, 11, 59).
cost(2, 12, 38).
cost(2, 13, 19).
cost(2, 14, 55).
cost(2, 15, 36).
cost(2, 16, 65).
cost(2, 17, 75).
cost(2, 18, 52).
cost(2, 19, 25).
cost(2, 20, 52).
cost(2, 21, 76).
cost(2, 22, 53).
cost(2, 23, 88).
cost(2, 24, 71).
cost(2, 25, 49).
cost(2, 26, 48).
cost(2, 27, 73).
cost(2, 28, 38).
cost(2, 29, 14).
cost(2, 30, 55).
cost(3, 1, 69).
cost(3, 2, 59).
cost(3, 4, 73).
cost(3, 5, 50).
cost(3, 6, 81).
cost(3, 7, 81).
cost(3, 8, 17).
cost(3, 9, 15).
cost(3, 10, 14).
cost(3, 11, 44).
cost(3, 12, 26).
cost(3, 13, 77).
cost(3, 14, 69).
cost(3, 15, 52).
cost(3, 16, 6).
cost(3, 17, 84).
cost(3, 18, 76).
cost(3, 19, 54).
cost(3, 20, 75).
cost(3, 21, 19).
cost(3, 22, 46).
cost(3, 23, 50).
cost(3, 24, 31).
cost(3, 25, 30).
cost(3, 26, 17).
cost(3, 27, 18).
cost(3, 28, 46).
cost(3, 29, 49).
cost(3, 30, 11).
cost(4, 1, 82).
cost(4, 2, 20).
cost(4, 3, 73).
cost(4, 5, 104).
cost(4, 6, 14).
cost(4, 7, 85).
cost(4, 8, 64).
cost(4, 9, 87).
cost(4, 10, 61).
cost(4, 11, 79).
cost(4, 12, 56).
cost(4, 13, 22).
cost(4, 14, 74).
cost(4, 15, 55).
cost(4, 16, 79).
cost(4, 17, 93).
cost(4, 18, 70).
cost(4, 19, 23).
cost(4, 20, 70).
cost(4, 21, 91).
cost(4, 22, 73).
cost(4, 23, 107).
cost(4, 24, 89).
cost(4, 25, 67).
cost(4, 26, 59).
cost(4, 27, 89).
cost(4, 28, 58).
cost(4, 29, 24).
cost(4, 30, 66).
cost(5, 1, 48).
cost(5, 2, 85).
cost(5, 3, 50).
cost(5, 4, 104).
cost(5, 6, 106).
cost(5, 7, 61).
cost(5, 8, 45).
cost(5, 9, 43).
cost(5, 10, 61).
cost(5, 11, 28).
cost(5, 12, 50).
cost(5, 13, 98).
cost(5, 14, 55).
cost(5, 15, 56).
cost(5, 16, 46).
cost(5, 17, 59).
cost(5, 18, 66).
cost(5, 19, 93).
cost(5, 20, 65).
cost(5, 21, 41).
cost(5, 22, 36).
cost(5, 23, 4).
cost(5, 24, 19).
cost(5, 25, 37).
cost(5, 26, 65).
cost(5, 27, 37).
cost(5, 28, 50).
cost(5, 29, 83).
cost(5, 30, 61).
cost(6, 1, 78).
cost(6, 2, 22).
cost(6, 3, 81).
cost(6, 4, 14).
cost(6, 5, 106).
cost(6, 7, 78).
cost(6, 8, 69).
cost(6, 9, 94).
cost(6, 10, 70).
cost(6, 11, 79).
cost(6, 12, 60).
cost(6, 13, 11).
cost(6, 14, 69).
cost(6, 15, 53).
cost(6, 16, 86).
cost(6, 17, 87).
cost(6, 18, 63).
cost(6, 19, 36).
cost(6, 20, 63).
cost(6, 21, 98).
cost(6, 22, 72).
cost(6, 23, 109).
cost(6, 24, 93).
cost(6, 25, 70).
cost(6, 26, 68).
cost(6, 27, 95).
cost(6, 28, 57).
cost(6, 29, 32).
cost(6, 30, 75).
cost(7, 1, 14).
cost(7, 2, 67).
cost(7, 3, 81).
cost(7, 4, 85).
cost(7, 5, 61).
cost(7, 6, 78).
cost(7, 8, 65).
cost(7, 9, 86).
cost(7, 10, 83).
cost(7, 11, 41).
cost(7, 12, 59).
cost(7, 13, 67).
cost(7, 14, 13).
cost(7, 15, 35).
cost(7, 16, 82).
cost(7, 17, 9).
cost(7, 18, 15).
cost(7, 19, 89).
cost(7, 20, 15).
cost(7, 21, 86).
cost(7, 22, 36).
cost(7, 23, 66).
cost(7, 24, 65).
cost(7, 25, 51).
cost(7, 26, 86).
cost(7, 27, 82).
cost(7, 28, 38).
cost(7, 29, 75).
cost(7, 30, 87).
cost(8, 1, 53).
cost(8, 2, 47).
cost(8, 3, 17).
cost(8, 4, 64).
cost(8, 5, 45).
cost(8, 6, 69).
cost(8, 7, 65).
cost(8, 9, 27).
cost(8, 10, 20).
cost(8, 11, 30).
cost(8, 12, 10).
cost(8, 13, 64).
cost(8, 14, 52).
cost(8, 15, 34).
cost(8, 16, 20).
cost(8, 17, 68).
cost(8, 18, 59).
cost(8, 19, 49).
cost(8, 20, 58).
cost(8, 21, 30).
cost(8, 22, 30).
cost(8, 23, 46).
cost(8, 24, 27).
cost(8, 25, 14).
cost(8, 26, 23).
cost(8, 27, 27).
cost(8, 28, 29).
cost(8, 29, 40).
cost(8, 30, 22).
cost(9, 1, 73).
cost(9, 2, 73).
cost(9, 3, 15).
cost(9, 4, 87).
cost(9, 5, 43).
cost(9, 6, 94).
cost(9, 7, 86).
cost(9, 8, 27).
cost(9, 10, 28).
cost(9, 11, 46).
cost(9, 12, 37).
cost(9, 13, 91).
cost(9, 14, 75).
cost(9, 15, 61).
cost(9, 16, 8).
cost(9, 17, 87).
cost(9, 18, 83).
cost(9, 19, 68).
cost(9, 20, 82).
cost(9, 21, 4).
cost(9, 22, 50).
cost(9, 23, 42).
cost(9, 24, 26).
cost(9, 25, 36).
cost(9, 26, 31).
cost(9, 27, 6).
cost(9, 28, 54).
cost(9, 29, 63).
cost(9, 30, 24).
cost(10, 1, 72).
cost(10, 2, 49).
cost(10, 3, 14).
cost(10, 4, 61).
cost(10, 5, 61).
cost(10, 6, 70).
cost(10, 7, 83).
cost(10, 8, 20).
cost(10, 9, 28).
cost(10, 11, 49).
cost(10, 12, 24).
cost(10, 13, 68).
cost(10, 14, 70).
cost(10, 15, 50).
cost(10, 16, 20).
cost(10, 17, 87).
cost(10, 18, 75).
cost(10, 19, 40).
cost(10, 20, 74).
cost(10, 21, 32).
cost(10, 22, 50).
cost(10, 23, 61).
cost(10, 24, 42).
cost(10, 25, 34).
cost(10, 26, 4).
cost(10, 27, 31).
cost(10, 28, 45).
cost(10, 29, 37).
cost(10, 30, 6).
cost(11, 1, 27).
cost(11, 2, 59).
cost(11, 3, 44).
cost(11, 4, 79).
cost(11, 5, 28).
cost(11, 6, 79).
cost(11, 7, 41).
cost(11, 8, 30).
cost(11, 9, 46).
cost(11, 10, 49).
cost(11, 12, 29).
cost(11, 13, 71).
cost(11, 14, 31).
cost(11, 15, 27).
cost(11, 16, 43).
cost(11, 17, 42).
cost(11, 18, 41).
cost(11, 19, 71).
cost(11, 20, 40).
cost(11, 21, 46).
cost(11, 22, 8).
cost(11, 23, 32).
cost(11, 24, 24).
cost(11, 25, 16).
cost(11, 26, 53).
cost(11, 27, 41).
cost(11, 28, 22).
cost(11, 29, 59).
cost(11, 30, 51).
cost(12, 1, 49).
cost(12, 2, 38).
cost(12, 3, 26).
cost(12, 4, 56).
cost(12, 5, 50).
cost(12, 6, 60).
cost(12, 7, 59).
cost(12, 8, 10).
cost(12, 9, 37).
cost(12, 10, 24).
cost(12, 11, 29).
cost(12, 13, 55).
cost(12, 14, 46).
cost(12, 15, 26).
cost(12, 16, 30).
cost(12, 17, 64).
cost(12, 18, 51).
cost(12, 19, 44).
cost(12, 20, 50).
cost(12, 21, 40).
cost(12, 22, 27).
cost(12, 23, 52).
cost(12, 24, 34).
cost(12, 25, 14).
cost(12, 26, 27).
cost(12, 27, 36).
cost(12, 28, 21).
cost(12, 29, 33).
cost(12, 30, 28).
cost(13, 1, 68).
cost(13, 2, 19).
cost(13, 3, 77).
cost(13, 4, 22).
cost(13, 5, 98).
cost(13, 6, 11).
cost(13, 7, 67).
cost(13, 8, 64).
cost(13, 9, 91).
cost(13, 10, 68).
cost(13, 11, 71).
cost(13, 12, 55).
cost(13, 14, 58).
cost(13, 15, 44).
cost(13, 16, 83).
cost(13, 17, 76).
cost(13, 18, 52).
cost(13, 19, 40).
cost(13, 20, 52).
cost(13, 21, 94).
cost(13, 22, 64).
cost(13, 23, 102).
cost(13, 24, 87).
cost(13, 25, 63).
cost(13, 26, 67).
cost(13, 27, 91).
cost(13, 28, 49).
cost(13, 29, 33).
cost(13, 30, 74).
cost(14, 1, 10).
cost(14, 2, 55).
cost(14, 3, 69).
cost(14, 4, 74).
cost(14, 5, 55).
cost(14, 6, 69).
cost(14, 7, 13).
cost(14, 8, 52).
cost(14, 9, 75).
cost(14, 10, 70).
cost(14, 11, 31).
cost(14, 12, 46).
cost(14, 13, 58).
cost(14, 15, 22).
cost(14, 16, 70).
cost(14, 17, 20).
cost(14, 18, 11).
cost(14, 19, 76).
cost(14, 20, 10).
cost(14, 21, 75).
cost(14, 22, 25).
cost(14, 23, 60).
cost(14, 24, 55).
cost(14, 25, 39).
cost(14, 26, 73).
cost(14, 27, 71).
cost(14, 28, 25).
cost(14, 29, 63).
cost(14, 30, 74).
cost(15, 1, 29).
cost(15, 2, 36).
cost(15, 3, 52).
cost(15, 4, 55).
cost(15, 5, 56).
cost(15, 6, 53).
cost(15, 7, 35).
cost(15, 8, 34).
cost(15, 9, 61).
cost(15, 10, 50).
cost(15, 11, 27).
cost(15, 12, 26).
cost(15, 13, 44).
cost(15, 14, 22).
cost(15, 16, 54).
cost(15, 17, 42).
cost(15, 18, 25).
cost(15, 19, 54).
cost(15, 20, 24).
cost(15, 21, 62).
cost(15, 22, 20).
cost(15, 23, 59).
cost(15, 24, 47).
cost(15, 25, 25).
cost(15, 26, 52).
cost(15, 27, 58).
cost(15, 28, 6).
cost(15, 29, 41).
cost(15, 30, 55).
cost(16, 1, 69).
cost(16, 2, 65).
cost(16, 3, 6).
cost(16, 4, 79).
cost(16, 5, 46).
cost(16, 6, 86).
cost(16, 7, 82).
cost(16, 8, 20).
cost(16, 9, 8).
cost(16, 10, 20).
cost(16, 11, 43).
cost(16, 12, 30).
cost(16, 13, 83).
cost(16, 14, 70).
cost(16, 15, 54).
cost(16, 17, 84).
cost(16, 18, 78).
cost(16, 19, 60).
cost(16, 20, 77).
cost(16, 21, 12).
cost(16, 22, 46).
cost(16, 23, 45).
cost(16, 24, 27).
cost(16, 25, 31).
cost(16, 26, 24).
cost(16, 27, 11).
cost(16, 28, 48).
cost(16, 29, 55).
cost(16, 30, 17).
cost(17, 1, 15).
cost(17, 2, 75).
cost(17, 3, 84).
cost(17, 4, 93).
cost(17, 5, 59).
cost(17, 6, 87).
cost(17, 7, 9).
cost(17, 8, 68).
cost(17, 9, 87).
cost(17, 10, 87).
cost(17, 11, 42).
cost(17, 12, 64).
cost(17, 13, 76).
cost(17, 14, 20).
cost(17, 15, 42).
cost(17, 16, 84).
cost(17, 18, 24).
cost(17, 19, 96).
cost(17, 20, 24).
cost(17, 21, 87).
cost(17, 22, 38).
cost(17, 23, 63).
cost(17, 24, 64).
cost(17, 25, 54).
cost(17, 26, 90).
cost(17, 27, 83).
cost(17, 28, 44).
cost(17, 29, 82).
cost(17, 30, 90).
cost(18, 1, 20).
cost(18, 2, 52).
cost(18, 3, 76).
cost(18, 4, 70).
cost(18, 5, 66).
cost(18, 6, 63).
cost(18, 7, 15).
cost(18, 8, 59).
cost(18, 9, 83).
cost(18, 10, 75).
cost(18, 11, 41).
cost(18, 12, 51).
cost(18, 13, 52).
cost(18, 14, 11).
cost(18, 15, 25).
cost(18, 16, 78).
cost(18, 17, 24).
cost(18, 19, 75).
cost(18, 20, 1).
cost(18, 21, 84).
cost(18, 22, 34).
cost(18, 23, 71).
cost(18, 24, 65).
cost(18, 25, 47).
cost(18, 26, 77).
cost(18, 27, 80).
cost(18, 28, 30).
cost(18, 29, 62).
cost(18, 30, 80).
cost(19, 1, 83).
cost(19, 2, 25).
cost(19, 3, 54).
cost(19, 4, 23).
cost(19, 5, 93).
cost(19, 6, 36).
cost(19, 7, 89).
cost(19, 8, 49).
cost(19, 9, 68).
cost(19, 10, 40).
cost(19, 11, 71).
cost(19, 12, 44).
cost(19, 13, 40).
cost(19, 14, 76).
cost(19, 15, 54).
cost(19, 16, 60).
cost(19, 17, 96).
cost(19, 18, 75).
cost(19, 20, 75).
cost(19, 21, 72).
cost(19, 22, 67).
cost(19, 23, 95).
cost(19, 24, 76).
cost(19, 25, 57).
cost(19, 26, 38).
cost(19, 27, 71).
cost(19, 28, 54).
cost(19, 29, 14).
cost(19, 30, 46).
cost(20, 1, 19).
cost(20, 2, 52).
cost(20, 3, 75).
cost(20, 4, 70).
cost(20, 5, 65).
cost(20, 6, 63).
cost(20, 7, 15).
cost(20, 8, 58).
cost(20, 9, 82).
cost(20, 10, 74).
cost(20, 11, 40).
cost(20, 12, 50).
cost(20, 13, 52).
cost(20, 14, 10).
cost(20, 15, 24).
cost(20, 16, 77).
cost(20, 17, 24).
cost(20, 18, 1).
cost(20, 19, 75).
cost(20, 21, 83).
cost(20, 22, 33).
cost(20, 23, 69).
cost(20, 24, 64).
cost(20, 25, 46).
cost(20, 26, 77).
cost(20, 27, 79).
cost(20, 28, 29).
cost(20, 29, 62).
cost(20, 30, 79).
cost(21, 1, 73).
cost(21, 2, 76).
cost(21, 3, 19).
cost(21, 4, 91).
cost(21, 5, 41).
cost(21, 6, 98).
cost(21, 7, 86).
cost(21, 8, 30).
cost(21, 9, 4).
cost(21, 10, 32).
cost(21, 11, 46).
cost(21, 12, 40).
cost(21, 13, 94).
cost(21, 14, 75).
cost(21, 15, 62).
cost(21, 16, 12).
cost(21, 17, 87).
cost(21, 18, 84).
cost(21, 19, 72).
cost(21, 20, 83).
cost(21, 22, 51).
cost(21, 23, 39).
cost(21, 24, 24).
cost(21, 25, 38).
cost(21, 26, 36).
cost(21, 27, 5).
cost(21, 28, 56).
cost(21, 29, 67).
cost(21, 30, 28).
cost(22, 1, 23).
cost(22, 2, 53).
cost(22, 3, 46).
cost(22, 4, 73).
cost(22, 5, 36).
cost(22, 6, 72).
cost(22, 7, 36).
cost(22, 8, 30).
cost(22, 9, 50).
cost(22, 10, 50).
cost(22, 11, 8).
cost(22, 12, 27).
cost(22, 13, 64).
cost(22, 14, 25).
cost(22, 15, 20).
cost(22, 16, 46).
cost(22, 17, 38).
cost(22, 18, 34).
cost(22, 19, 67).
cost(22, 20, 33).
cost(22, 21, 51).
cost(22, 23, 39).
cost(22, 24, 31).
cost(22, 25, 16).
cost(22, 26, 53).
cost(22, 27, 46).
cost(22, 28, 15).
cost(22, 29, 55).
cost(22, 30, 53).
cost(23, 1, 53).
cost(23, 2, 88).
cost(23, 3, 50).
cost(23, 4, 107).
cost(23, 5, 4).
cost(23, 6, 109).
cost(23, 7, 66).
cost(23, 8, 46).
cost(23, 9, 42).
cost(23, 10, 61).
cost(23, 11, 32).
cost(23, 12, 52).
cost(23, 13, 102).
cost(23, 14, 60).
cost(23, 15, 59).
cost(23, 16, 45).
cost(23, 17, 63).
cost(23, 18, 71).
cost(23, 19, 95).
cost(23, 20, 69).
cost(23, 21, 39).
cost(23, 22, 39).
cost(23, 24, 19).
cost(23, 25, 39).
cost(23, 26, 66).
cost(23, 27, 36).
cost(23, 28, 53).
cost(23, 29, 85).
cost(23, 30, 60).
cost(24, 1, 51).
cost(24, 2, 71).
cost(24, 3, 31).
cost(24, 4, 89).
cost(24, 5, 19).
cost(24, 6, 93).
cost(24, 7, 65).
cost(24, 8, 27).
cost(24, 9, 26).
cost(24, 10, 42).
cost(24, 11, 24).
cost(24, 12, 34).
cost(24, 13, 87).
cost(24, 14, 55).
cost(24, 15, 47).
cost(24, 16, 27).
cost(24, 17, 64).
cost(24, 18, 65).
cost(24, 19, 76).
cost(24, 20, 64).
cost(24, 21, 24).
cost(24, 22, 31).
cost(24, 23, 19).
cost(24, 25, 24).
cost(24, 26, 46).
cost(24, 27, 20).
cost(24, 28, 41).
cost(24, 29, 67).
cost(24, 30, 41).
cost(25, 1, 39).
cost(25, 2, 49).
cost(25, 3, 30).
cost(25, 4, 67).
cost(25, 5, 37).
cost(25, 6, 70).
cost(25, 7, 51).
cost(25, 8, 14).
cost(25, 9, 36).
cost(25, 10, 34).
cost(25, 11, 16).
cost(25, 12, 14).
cost(25, 13, 63).
cost(25, 14, 39).
cost(25, 15, 25).
cost(25, 16, 31).
cost(25, 17, 54).
cost(25, 18, 47).
cost(25, 19, 57).
cost(25, 20, 46).
cost(25, 21, 38).
cost(25, 22, 16).
cost(25, 23, 39).
cost(25, 24, 24).
cost(25, 26, 37).
cost(25, 27, 33).
cost(25, 28, 19).
cost(25, 29, 46).
cost(25, 30, 36).
cost(26, 1, 75).
cost(26, 2, 48).
cost(26, 3, 17).
cost(26, 4, 59).
cost(26, 5, 65).
cost(26, 6, 68).
cost(26, 7, 86).
cost(26, 8, 23).
cost(26, 9, 31).
cost(26, 10, 4).
cost(26, 11, 53).
cost(26, 12, 27).
cost(26, 13, 67).
cost(26, 14, 73).
cost(26, 15, 52).
cost(26, 16, 24).
cost(26, 17, 90).
cost(26, 18, 77).
cost(26, 19, 38).
cost(26, 20, 77).
cost(26, 21, 36).
cost(26, 22, 53).
cost(26, 23, 66).
cost(26, 24, 46).
cost(26, 25, 37).
cost(26, 27, 35).
cost(26, 28, 48).
cost(26, 29, 36).
cost(26, 30, 8).
cost(27, 1, 69).
cost(27, 2, 73).
cost(27, 3, 18).
cost(27, 4, 89).
cost(27, 5, 37).
cost(27, 6, 95).
cost(27, 7, 82).
cost(27, 8, 27).
cost(27, 9, 6).
cost(27, 10, 31).
cost(27, 11, 41).
cost(27, 12, 36).
cost(27, 13, 91).
cost(27, 14, 71).
cost(27, 15, 58).
cost(27, 16, 11).
cost(27, 17, 83).
cost(27, 18, 80).
cost(27, 19, 71).
cost(27, 20, 79).
cost(27, 21, 5).
cost(27, 22, 46).
cost(27, 23, 36).
cost(27, 24, 20).
cost(27, 25, 33).
cost(27, 26, 35).
cost(27, 28, 52).
cost(27, 29, 65).
cost(27, 30, 28).
cost(28, 1, 29).
cost(28, 2, 38).
cost(28, 3, 46).
cost(28, 4, 58).
cost(28, 5, 50).
cost(28, 6, 57).
cost(28, 7, 38).
cost(28, 8, 29).
cost(28, 9, 54).
cost(28, 10, 45).
cost(28, 11, 22).
cost(28, 12, 21).
cost(28, 13, 49).
cost(28, 14, 25).
cost(28, 15, 6).
cost(28, 16, 48).
cost(28, 17, 44).
cost(28, 18, 30).
cost(28, 19, 54).
cost(28, 20, 29).
cost(28, 21, 56).
cost(28, 22, 15).
cost(28, 23, 53).
cost(28, 24, 41).
cost(28, 25, 19).
cost(28, 26, 48).
cost(28, 27, 52).
cost(28, 29, 41).
cost(28, 30, 50).
cost(29, 1, 69).
cost(29, 2, 14).
cost(29, 3, 49).
cost(29, 4, 24).
cost(29, 5, 83).
cost(29, 6, 32).
cost(29, 7, 75).
cost(29, 8, 40).
cost(29, 9, 63).
cost(29, 10, 37).
cost(29, 11, 59).
cost(29, 12, 33).
cost(29, 13, 33).
cost(29, 14, 63).
cost(29, 15, 41).
cost(29, 16, 55).
cost(29, 17, 82).
cost(29, 18, 62).
cost(29, 19, 14).
cost(29, 20, 62).
cost(29, 21, 67).
cost(29, 22, 55).
cost(29, 23, 85).
cost(29, 24, 67).
cost(29, 25, 46).
cost(29, 26, 36).
cost(29, 27, 65).
cost(29, 28, 41).
cost(29, 30, 43).
cost(30, 1, 75).
cost(30, 2, 55).
cost(30, 3, 11).
cost(30, 4, 66).
cost(30, 5, 61).
cost(30, 6, 75).
cost(30, 7, 87).
cost(30, 8, 22).
cost(30, 9, 24).
cost(30, 10, 6).
cost(30, 11, 51).
cost(30, 12, 28).
cost(30, 13, 74).
cost(30, 14, 74).
cost(30, 15, 55).
cost(30, 16, 17).
cost(30, 17, 90).
cost(30, 18, 80).
cost(30, 19, 46).
cost(30, 20, 79).
cost(30, 21, 28).
cost(30, 22, 53).
cost(30, 23, 60).
cost(30, 24, 41).
cost(30, 25, 36).
cost(30, 26, 8).
cost(30, 27, 28).
cost(30, 28, 50).
cost(30, 29, 43).
