dimension(30).
point(1, 40.9590431, 18.3802744567).
point(2, 16.8456103456, 24.9262345467).
point(3, 78.3533847955, 41.8021660713).
point(4, 53.5877587042, 13.3777553776).
point(5, 68.0090166695, 94.3213795588).
point(6, 94.4000469013, 34.2806145341).
point(7, 26.8924321928, 74.5623558735).
point(8, 73.8185929192, 75.4966724302).
point(9, 86.9782614315, 79.404274406).
point(10, 19.1788220654, 91.5885659041).
point(11, 65.9550726212, 70.3946015786).
point(12, 32.7975380396, 52.9163577936).
point(13, 79.1938378688, 35.9429213446).
point(14, 65.0570867091, 14.3860553189).
point(15, 35.6030332903, 4.3910683341).
point(16, 90.1719387886, 23.6026058741).
point(17, 19.3345676725, 41.0523559226).
point(18, 4.5210446831, 37.0810782693).
point(19, 51.9868327076, 23.1748323995).
point(20, 15.5599768358, 32.8244280512).
point(21, 13.4616923473, 56.6751711161).
point(22, 60.309988871, 88.7026919393).
point(23, 78.6705653214, 50.6009180268).
point(24, 14.4846145896, 68.5448988855).
point(25, 23.7340995993, 63.2398655721).
point(26, 73.6370935827, 99.0858515464).
point(27, 8.2623157216, 41.7375265551).
point(28, 77.918199364, 39.3741356117).
point(29, 61.9289794613, 9.7628338598).
point(30, 2.5196689891, 23.4237965473).
cost(1, 2, 25).
cost(1, 3, 44).
cost(1, 4, 14).
cost(1, 5, 81).
cost(1, 6, 56).
cost(1, 7, 58).
cost(1, 8, 66).
cost(1, 9, 76).
cost(1, 10, 76).
cost(1, 11, 58).
cost(1, 12, 35).
cost(1, 13, 42).
cost(1, 14, 24).
cost(1, 15, 15).
cost(1, 16, 49).
cost(1, 17, 31).
cost(1, 18, 41).
cost(1, 19, 12).
cost(1, 20, 29).
cost(1, 21, 47).
cost(1, 22, 73).
cost(1, 23, 50).
cost(1, 24, 57).
cost(1, 25, 48).
cost(1, 26, 87).
cost(1, 27, 40).
cost(1, 28, 43).
cost(1, 29, 23).
cost(1, 30, 39).
cost(2, 1, 25).
cost(2, 3, 64).
cost(2, 4, 39).
cost(2, 5, 86).
cost(2, 6, 78).
cost(2, 7, 51).
cost(2, 8, 76).
cost(2, 9, 89).
cost(2, 10, 67).
cost(2, 11, 67).
cost(2, 12, 32).
cost(2, 13, 63).
cost(2, 14, 49).
cost(2, 15, 28).
cost(2, 16, 73).
cost(2, 17, 16).
cost(2, 18, 17).
cost(2, 19, 35).
cost(2, 20, 8).
cost(2, 21, 32).
cost(2, 22, 77).
cost(2, 23, 67).
cost(2, 24, 44).
cost(2, 25, 39).
cost(2, 26, 93).
cost(2, 27, 19).
cost(2, 28, 63).
cost(2, 29, 48).
cost(2, 30, 14).
cost(3, 1, 44).
cost(3, 2, 64).
cost(3, 4, 38).
cost(3, 5, 54).
cost(3, 6, 18).
cost(3, 7, 61).
cost(3, 8, 34).
cost(3, 9, 39).
cost(3, 10, 77).
cost(3, 11, 31).
cost(3, 12, 47).
cost(3, 13, 6).
cost(3, 14, 30).
cost(3, 15, 57).
cost(3, 16, 22).
cost(3, 17, 59).
cost(3, 18, 74).
cost(3, 19, 32).
cost(3, 20, 63).
cost(3, 21, 67).
cost(3, 22, 50).
cost(3, 23, 9).
cost(3, 24, 69).
cost(3, 25, 59).
cost(3, 26, 57).
cost(3, 27, 70).
cost(3, 28, 2).
cost(3, 29, 36).
cost(3, 30, 78).
cost(4, 1, 14).
cost(4, 2, 39).
cost(4, 3, 38).
cost(4, 5, 82).
cost(4, 6, 46).
cost(4, 7, 67).
cost(4, 8, 65).
cost(4, 9, 74).
cost(4, 10, 85).
cost(4, 11, 58).
cost(4, 12, 45).
cost(4, 13, 34).
cost(4, 14, 12).
cost(4, 15, 20).
cost(4, 16, 38).
cost(4, 17, 44).
cost(4, 18, 54).
cost(4, 19, 10).
cost(4, 20, 43).
cost(4, 21, 59).
cost(4, 22, 76).
cost(4, 23, 45).
cost(4, 24, 68).
cost(4, 25, 58).
cost(4, 26, 88).
cost(4, 27, 53).
cost(4, 28, 36).
cost(4, 29, 9).
cost(4, 30, 52).
cost(5, 1, 81).
cost(5, 2, 86).
cost(5, 3, 54).
cost(5, 4, 82).
cost(5, 6, 66).
cost(5, 7, 46).
cost(5, 8, 20).
cost(5, 9, 24).
cost(5, 10, 49).
cost(5, 11, 24).
cost(5, 12, 54).
cost(5, 13, 59).
cost(5, 14, 80).
cost(5, 15, 96).
cost(5, 16, 74).
cost(5, 17, 72).
cost(5, 18, 85).
cost(5, 19, 73).
cost(5, 20, 81).
cost(5, 21, 66).
cost(5, 22, 10).
cost(5, 23, 45).
cost(5, 24, 59).
cost(5, 25, 54).
cost(5, 26, 7).
cost(5, 27, 80).
cost(5, 28, 56).
cost(5, 29, 85).
cost(5, 30, 97).
cost(6, 1, 56).
cost(6, 2, 78).
cost(6, 3, 18).
cost(6, 4, 46).
cost(6, 5, 66).
cost(6, 7, 79).
cost(6, 8, 46).
cost(6, 9, 46).
cost(6, 10, 95).
cost(6, 11, 46).
cost(6, 12, 64).
cost(6, 13, 15).
cost(6, 14, 35).
cost(6, 15, 66).
cost(6, 16, 11).
cost(6, 17, 75).
cost(6, 18, 90).
cost(6, 19, 44).
cost(6, 20, 79).
cost(6, 21, 84).
cost(6, 22, 64).
cost(6, 23, 23).
cost(6, 24, 87).
cost(6, 25, 76).
cost(6, 26, 68).
cost(6, 27, 86).
cost(6, 28, 17).
cost(6, 29, 41).
cost(6, 30, 93).
cost(7, 1, 58).
cost(7, 2, 51).
cost(7, 3, 61).
cost(7, 4, 67).
cost(7, 5, 46).
cost(7, 6, 79).
cost(7, 8, 47).
cost(7, 9, 60).
cost(7, 10, 19).
cost(7, 11, 39).
cost(7, 12, 22).
cost(7, 13, 65).
cost(7, 14, 71).
cost(7, 15, 71).
cost(7, 16, 81).
cost(7, 17, 34).
cost(7, 18, 44).
cost(7, 19, 57).
cost(7, 20, 43).
cost(7, 21, 22).
cost(7, 22, 36).
cost(7, 23, 57).
cost(7, 24, 14).
cost(7, 25, 12).
cost(7, 26, 53).
cost(7, 27, 38).
cost(7, 28, 62).
cost(7, 29, 74).
cost(7, 30, 57).
cost(8, 1, 66).
cost(8, 2, 76).
cost(8, 3, 34).
cost(8, 4, 65).
cost(8, 5, 20).
cost(8, 6, 46).
cost(8, 7, 47).
cost(8, 9, 14).
cost(8, 10, 57).
cost(8, 11, 9).
cost(8, 12, 47).
cost(8, 13, 40).
cost(8, 14, 62).
cost(8, 15, 81).
cost(8, 16, 54).
cost(8, 17, 64).
cost(8, 18, 79).
cost(8, 19, 57).
cost(8, 20, 72).
cost(8, 21, 63).
cost(8, 22, 19).
cost(8, 23, 25).
cost(8, 24, 60).
cost(8, 25, 52).
cost(8, 26, 24).
cost(8, 27, 74).
cost(8, 28, 36).
cost(8, 29, 67).
cost(8, 30, 88).
cost(9, 1, 76).
cost(9, 2, 89).
cost(9, 3, 39).
cost(9, 4, 74).
cost(9, 5, 24).
cost(9, 6, 46).
cost(9, 7, 60).
cost(9, 8, 14).
cost(9, 10, 69).
cost(9, 11, 23).
cost(9, 12, 60).
cost(9, 13, 44).
cost(9, 14, 69).
cost(9, 15, 91).
cost(9, 16, 56).
cost(9, 17, 78).
cost(9, 18, 93).
cost(9, 19, 66).
cost(9, 20, 85).
cost(9, 21, 77).
cost(9, 22, 28).
cost(9, 23, 30).
cost(9, 24, 73).
cost(9, 25, 65).
cost(9, 26, 24).
cost(9, 27, 87).
cost(9, 28, 41).
cost(9, 29, 74).
cost(9, 30, 101).
cost(10, 1, 76).
cost(10, 2, 67).
cost(10, 3, 77).
cost(10, 4, 85).
cost(10, 5, 49).
cost(10, 6, 95).
cost(10, 7, 19).
cost(10, 8, 57).
cost(10, 9, 69).
cost(10, 11, 51).
cost(10, 12, 41).
cost(10, 13, 82).
cost(10, 14, 90).
cost(10, 15, 89).
cost(10, 16, 98).
cost(10, 17, 51).
cost(10, 18, 56).
cost(10, 19, 76).
cost(10, 20, 59).
cost(10, 21, 35).
cost(10, 22, 41).
cost(10, 23, 72).
cost(10, 24, 24).
cost(10, 25, 29).
cost(10, 26, 55).
cost(10, 27, 51).
cost(10, 28, 79).
cost(10, 29, 92).
cost(10, 30, 70).
cost(11, 1, 58).
cost(11, 2, 67).
cost(11, 3, 31).
cost(11, 4, 58).
cost(11, 5, 24).
cost(11, 6, 46).
cost(11, 7, 39).
cost(11, 8, 9).
cost(11, 9, 23).
cost(11, 10, 51).
cost(11, 12, 37).
cost(11, 13, 37).
cost(11, 14, 56).
cost(11, 15, 73).
cost(11, 16, 53).
cost(11, 17, 55).
cost(11, 18, 70).
cost(11, 19, 49).
cost(11, 20, 63).
cost(11, 21, 54).
cost(11, 22, 19).
cost(11, 23, 24).
cost(11, 24, 52).
cost(11, 25, 43).
cost(11, 26, 30).
cost(11, 27, 64).
cost(11, 28, 33).
cost(11, 29, 61).
cost(11, 30, 79).
cost(12, 1, 35).
cost(12, 2, 32).
cost(12, 3, 47).
cost(12, 4, 45).
cost(12, 5, 54).
cost(12, 6, 64).
cost(12, 7, 22).
cost(12, 8, 47).
cost(12, 9, 60).
cost(12, 10, 41).
cost(12, 11, 37).
cost(12, 13, 49).
cost(12, 14, 50).
cost(12, 15, 49).
cost(12, 16, 64).
cost(12, 17, 18).
cost(12, 18, 32).
cost(12, 19, 35).
cost(12, 20, 26).
cost(12, 21, 20).
cost(12, 22, 45).
cost(12, 23, 46).
cost(12, 24, 24).
cost(12, 25, 14).
cost(12, 26, 62).
cost(12, 27, 27).
cost(12, 28, 47).
cost(12, 29, 52).
cost(12, 30, 42).
cost(13, 1, 42).
cost(13, 2, 63).
cost(13, 3, 6).
cost(13, 4, 34).
cost(13, 5, 59).
cost(13, 6, 15).
cost(13, 7, 65).
cost(13, 8, 40).
cost(13, 9, 44).
cost(13, 10, 82).
cost(13, 11, 37).
cost(13, 12, 49).
cost(13, 14, 26).
cost(13, 15, 54).
cost(13, 16, 17).
cost(13, 17, 60).
cost(13, 18, 75).
cost(13, 19, 30).
cost(13, 20, 64).
cost(13, 21, 69).
cost(13, 22, 56).
cost(13, 23, 15).
cost(13, 24, 72).
cost(13, 25, 62).
cost(13, 26, 63).
cost(13, 27, 71).
cost(13, 28, 4).
cost(13, 29, 31).
cost(13, 30, 78).
cost(14, 1, 24).
cost(14, 2, 49).
cost(14, 3, 30).
cost(14, 4, 12).
cost(14, 5, 80).
cost(14, 6, 35).
cost(14, 7, 71).
cost(14, 8, 62).
cost(14, 9, 69).
cost(14, 10, 90).
cost(14, 11, 56).
cost(14, 12, 50).
cost(14, 13, 26).
cost(14, 15, 31).
cost(14, 16, 27).
cost(14, 17, 53).
cost(14, 18, 65).
cost(14, 19, 16).
cost(14, 20, 53).
cost(14, 21, 67).
cost(14, 22, 74).
cost(14, 23, 39).
cost(14, 24, 74).
cost(14, 25, 64).
cost(14, 26, 85).
cost(14, 27, 63).
cost(14, 28, 28).
cost(14, 29, 6).
cost(14, 30, 63).
cost(15, 1, 15).
cost(15, 2, 28).
cost(15, 3, 57).
cost(15, 4, 20).
cost(15, 5, 96).
cost(15, 6, 66).
cost(15, 7, 71).
cost(15, 8, 81).
cost(15, 9, 91).
cost(15, 10, 89).
cost(15, 11, 73).
cost(15, 12, 49).
cost(15, 13, 54).
cost(15, 14, 31).
cost(15, 16, 58).
cost(15, 17, 40).
cost(15, 18, 45).
cost(15, 19, 25).
cost(15, 20, 35).
cost(15, 21, 57).
cost(15, 22, 88).
cost(15, 23, 63).
cost(15, 24, 68).
cost(15, 25, 60).
cost(15, 26, 102).
cost(15, 27, 46).
cost(15, 28, 55).
cost(15, 29, 27).
cost(15, 30, 38).
cost(16, 1, 49).
cost(16, 2, 73).
cost(16, 3, 22).
cost(16, 4, 38).
cost(16, 5, 74).
cost(16, 6, 11).
cost(16, 7, 81).
cost(16, 8, 54).
cost(16, 9, 56).
cost(16, 10, 98).
cost(16, 11, 53).
cost(16, 12, 64).
cost(16, 13, 17).
cost(16, 14, 27).
cost(16, 15, 58).
cost(16, 17, 73).
cost(16, 18, 87).
cost(16, 19, 38).
cost(16, 20, 75).
cost(16, 21, 84).
cost(16, 22, 72).
cost(16, 23, 29).
cost(16, 24, 88).
cost(16, 25, 77).
cost(16, 26, 77).
cost(16, 27, 84).
cost(16, 28, 20).
cost(16, 29, 31).
cost(16, 30, 88).
cost(17, 1, 31).
cost(17, 2, 16).
cost(17, 3, 59).
cost(17, 4, 44).
cost(17, 5, 72).
cost(17, 6, 75).
cost(17, 7, 34).
cost(17, 8, 64).
cost(17, 9, 78).
cost(17, 10, 51).
cost(17, 11, 55).
cost(17, 12, 18).
cost(17, 13, 60).
cost(17, 14, 53).
cost(17, 15, 40).
cost(17, 16, 73).
cost(17, 18, 15).
cost(17, 19, 37).
cost(17, 20, 9).
cost(17, 21, 17).
cost(17, 22, 63).
cost(17, 23, 60).
cost(17, 24, 28).
cost(17, 25, 23).
cost(17, 26, 79).
cost(17, 27, 11).
cost(17, 28, 59).
cost(17, 29, 53).
cost(17, 30, 24).
cost(18, 1, 41).
cost(18, 2, 17).
cost(18, 3, 74).
cost(18, 4, 54).
cost(18, 5, 85).
cost(18, 6, 90).
cost(18, 7, 44).
cost(18, 8, 79).
cost(18, 9, 93).
cost(18, 10, 56).
cost(18, 11, 70).
cost(18, 12, 32).
cost(18, 13, 75).
cost(18, 14, 65).
cost(18, 15, 45).
cost(18, 16, 87).
cost(18, 17, 15).
cost(18, 19, 49).
cost(18, 20, 12).
cost(18, 21, 22).
cost(18, 22, 76).
cost(18, 23, 75).
cost(18, 24, 33).
cost(18, 25, 32).
cost(18, 26, 93).
cost(18, 27, 6).
cost(18, 28, 73).
cost(18, 29, 64).
cost(18, 30, 14).
cost(19, 1, 12).
cost(19, 2, 35).
cost(19, 3, 32).
cost(19, 4, 10).
cost(19, 5, 73).
cost(19, 6, 44).
cost(19, 7, 57).
cost(19, 8, 57).
cost(19, 9, 66).
cost(19, 10, 76).
cost(19, 11, 49).
cost(19, 12, 35).
cost(19, 13, 30).
cost(19, 14, 16).
cost(19, 15, 25).
cost(19, 16, 38).
cost(19, 17, 37).
cost(19, 18, 49).
cost(19, 20, 38).
cost(19, 21, 51).
cost(19, 22, 66).
cost(19, 23, 38).
cost(19, 24, 59).
cost(19, 25, 49).
cost(19, 26, 79).
cost(19, 27, 48).
cost(19, 28, 31).
cost(19, 29, 17).
cost(19, 30, 49).
cost(20, 1, 29).
cost(20, 2, 8).
cost(20, 3, 63).
cost(20, 4, 43).
cost(20, 5, 81).
cost(20, 6, 79).
cost(20, 7, 43).
cost(20, 8, 72).
cost(20, 9, 85).
cost(20, 10, 59).
cost(20, 11, 63).
cost(20, 12, 26).
cost(20, 13, 64).
cost(20, 14, 53).
cost(20, 15, 35).
cost(20, 16, 75).
cost(20, 17, 9).
cost(20, 18, 12).
cost(20, 19, 38).
cost(20, 21, 24).
cost(20, 22, 72).
cost(20, 23, 66).
cost(20, 24, 36).
cost(20, 25, 31).
cost(20, 26, 88).
cost(20, 27, 12).
cost(20, 28, 63).
cost(20, 29, 52).
cost(20, 30, 16).
cost(21, 1, 47).
cost(21, 2, 32).
cost(21, 3, 67).
cost(21, 4, 59).
cost(21, 5, 66).
cost(21, 6, 84).
cost(21, 7, 22).
cost(21, 8, 63).
cost(21, 9, 77).
cost(21, 10, 35).
cost(21, 11, 54).
cost(21, 12, 20).
cost(21, 13, 69).
cost(21, 14, 67).
cost(21, 15, 57).
cost(21, 16, 84).
cost(21, 17, 17).
cost(21, 18, 22).
cost(21, 19, 51).
cost(21, 20, 24).
cost(21, 22, 57).
cost(21, 23, 65).
cost(21, 24, 12).
cost(21, 25, 12).
cost(21, 26, 74).
cost(21, 27, 16).
cost(21, 28, 67).
cost(21, 29, 67).
cost(21, 30, 35).
cost(22, 1, 73).
cost(22, 2, 77).
cost(22, 3, 50).
cost(22, 4, 76).
cost(22, 5, 10).
cost(22, 6, 64).
cost(22, 7, 36).
cost(22, 8, 19).
cost(22, 9, 28).
cost(22, 10, 41).
cost(22, 11, 19).
cost(22, 12, 45).
cost(22, 13, 56).
cost(22, 14, 74).
cost(22, 15, 88).
cost(22, 16, 72).
cost(22, 17, 63).
cost(22, 18, 76).
cost(22, 19, 66).
cost(22, 20, 72).
cost(22, 21, 57).
cost(22, 23, 42).
cost(22, 24, 50).
cost(22, 25, 45).
cost(22, 26, 17).
cost(22, 27, 70).
cost(22, 28, 52).
cost(22, 29, 79).
cost(22, 30, 87).
cost(23, 1, 50).
cost(23, 2, 67).
cost(23, 3, 9).
cost(23, 4, 45).
cost(23, 5, 45).
cost(23, 6, 23).
cost(23, 7, 57).
cost(23, 8, 25).
cost(23, 9, 30).
cost(23, 10, 72).
cost(23, 11, 24).
cost(23, 12, 46).
cost(23, 13, 15).
cost(23, 14, 39).
cost(23, 15, 63).
cost(23, 16, 29).
cost(23, 17, 60).
cost(23, 18, 75).
cost(23, 19, 38).
cost(23, 20, 66).
cost(23, 21, 65).
cost(23, 22, 42).
cost(23, 24, 67).
cost(23, 25, 56).
cost(23, 26, 49).
cost(23, 27, 71).
cost(23, 28, 11).
cost(23, 29, 44).
cost(23, 30, 81).
cost(24, 1, 57).
cost(24, 2, 44).
cost(24, 3, 69).
cost(24, 4, 68).
cost(24, 5, 59).
cost(24, 6, 87).
cost(24, 7, 14).
cost(24, 8, 60).
cost(24, 9, 73).
cost(24, 10, 24).
cost(24, 11, 52).
cost(24, 12, 24).
cost(24, 13, 72).
cost(24, 14, 74).
cost(24, 15, 68).
cost(24, 16, 88).
cost(24, 17, 28).
cost(24, 18, 33).
cost(24, 19, 59).
cost(24, 20, 36).
cost(24, 21, 12).
cost(24, 22, 50).
cost(24, 23, 67).
cost(24, 25, 11).
cost(24, 26, 67).
cost(24, 27, 28).
cost(24, 28, 70).
cost(24, 29, 76).
cost(24, 30, 47).
cost(25, 1, 48).
cost(25, 2, 39).
cost(25, 3, 59).
cost(25, 4, 58).
cost(25, 5, 54).
cost(25, 6, 76).
cost(25, 7, 12).
cost(25, 8, 52).
cost(25, 9, 65).
cost(25, 10, 29).
cost(25, 11, 43).
cost(25, 12, 14).
cost(25, 13, 62).
cost(25, 14, 64).
cost(25, 15, 60).
cost(25, 16, 77).
cost(25, 17, 23).
cost(25, 18, 32).
cost(25, 19, 49).
cost(25, 20, 31).
cost(25, 21, 12).
cost(25, 22, 45).
cost(25, 23, 56).
cost(25, 24, 11).
cost(25, 26, 61).
cost(25, 27, 26).
cost(25, 28, 59).
cost(25, 29, 66).
cost(25, 30, 45).
cost(26, 1, 87).
cost(26, 2, 93).
cost(26, 3, 57).
cost(26, 4, 88).
cost(26, 5, 7).
cost(26, 6, 68).
cost(26, 7, 53).
cost(26, 8, 24).
cost(26, 9, 24).
cost(26, 10, 55).
cost(26, 11, 30).
cost(26, 12, 62).
cost(26, 13, 63).
cost(26, 14, 85).
cost(26, 15, 102).
cost(26, 16, 77).
cost(26, 17, 79).
cost(26, 18, 93).
cost(26, 19, 79).
cost(26, 20, 88).
cost(26, 21, 74).
cost(26, 22, 17).
cost(26, 23, 49).
cost(26, 24, 67).
cost(26, 25, 61).
cost(26, 27, 87).
cost(26, 28, 60).
cost(26, 29, 90).
cost(26, 30, 104).
cost(27, 1, 40).
cost(27, 2, 19).
cost(27, 3, 70).
cost(27, 4, 53).
cost(27, 5, 80).
cost(27, 6, 86).
cost(27, 7, 38).
cost(27, 8, 74).
cost(27, 9, 87).
cost(27, 10, 51).
cost(27, 11, 64).
cost(27, 12, 27).
cost(27, 13, 71).
cost(27, 14, 63).
cost(27, 15, 46).
cost(27, 16, 84).
cost(27, 17, 11).
cost(27, 18, 6).
cost(27, 19, 48).
cost(27, 20, 12).
cost(27, 21, 16).
cost(27, 22, 70).
cost(27, 23, 71).
cost(27, 24, 28).
cost(27, 25, 26).
cost(27, 26, 87).
cost(27, 28, 70).
cost(27, 29, 62).
cost(27, 30, 19).
cost(28, 1, 43).
cost(28, 2, 63).
cost(28, 3, 2).
cost(28, 4, 36).
cost(28, 5, 56).
cost(28, 6, 17).
cost(28, 7, 62).
cost(28, 8, 36).
cost(28, 9, 41).
cost(28, 10, 79).
cost(28, 11, 33).
cost(28, 12, 47).
cost(28, 13, 4).
cost(28, 14, 28).
cost(28, 15, 55).
cost(28, 16, 20).
cost(28, 17, 59).
cost(28, 18, 73).
cost(28, 19, 31).
cost(28, 20, 63).
cost(28, 21, 67).
cost(28, 22, 52).
cost(28, 23, 11).
cost(28, 24, 70).
cost(28, 25, 59).
cost(28, 26, 60).
cost(28, 27, 70).
cost(28, 29, 34).
cost(28, 30, 77).
cost(29, 1, 23).
cost(29, 2, 48).
cost(29, 3, 36).
cost(29, 4, 9).
cost(29, 5, 85).
cost(29, 6, 41).
cost(29, 7, 74).
cost(29, 8, 67).
cost(29, 9, 74).
cost(29, 10, 92).
cost(29, 11, 61).
cost(29, 12, 52).
cost(29, 13, 31).
cost(29, 14, 6).
cost(29, 15, 27).
cost(29, 16, 31).
cost(29, 17, 53).
cost(29, 18, 64).
cost(29, 19, 17).
cost(29, 20, 52).
cost(29, 21, 67).
cost(29, 22, 79).
cost(29, 23, 44).
cost(29, 24, 76).
cost(29, 25, 66).
cost(29, 26, 90).
cost(29, 27, 62).
cost(29, 28, 34).
cost(29, 30, 61).
cost(30, 1, 39).
cost(30, 2, 14).
cost(30, 3, 78).
cost(30, 4, 52).
cost(30, 5, 97).
cost(30, 6, 93).
cost(30, 7, 57).
cost(30, 8, 88).
cost(30, 9, 101).
cost(30, 10, 70).
cost(30, 11, 79).
cost(30, 12, 42).
cost(30, 13, 78).
cost(30, 14, 63).
cost(30, 15, 38).
cost(30, 16, 88).
cost(30, 17, 24).
cost(30, 18, 14).
cost(30, 19, 49).
cost(30, 20, 16).
cost(30, 21, 35).
cost(30, 22, 87).
cost(30, 23, 81).
cost(30, 24, 47).
cost(30, 25, 45).
cost(30, 26, 104).
cost(30, 27, 19).
cost(30, 28, 77).
cost(30, 29, 61).
