dimension(30).
point(1, 6.39514216, 56.4957611785).
point(2, 34.346599503, 20.3755918673).
point(3, 34.1717919089, 7.3185567442).
point(4, 21.8190018385, 74.084242895).
point(5, 52.9740225449, 44.2233947553).
point(6, 20.4093312235, 28.6417407564).
point(7, 83.3383378507, 84.162633374).
point(8, 77.7427786635, 19.2123791181).
point(9, 18.5721629093, 46.152521958).
point(10, 42.954952422, 6.5860261946).
point(11, 93.1553692935, 60.4945251103).
point(12, 53.5970463007, 2.6024833152).
point(13, 19.8077118168, 94.8720027364).
point(14, 45.3388129761, 62.7381752223).
point(15, 41.6235790502, 7.1484201768).
point(16, 82.9621307451, 77.7740890827).
point(17, 40.9677443154, 93.749488212).
point(18, 22.3450124536, 76.5918302089).
point(19, 81.8282335186, 60.632273921).
point(20, 32.6545084355, 63.0444084024).
point(21, 62.9277339002, 40.328043448).
point(22, 34.46553597, 78.7328852875).
point(23, 83.4678025942, 12.6546598754).
point(24, 95.1162289, 63.1292925992).
point(25, 55.8845027124, 43.0123442106).
point(26, 34.8922199295, 48.1022374432).
point(27, 43.8632720528, 46.2483348849).
point(28, 89.0070067888, 79.049888972).
point(29, 61.1691138567, 45.5456836989).
point(30, 29.348172951, 25.0087905203).
cost(1, 2, 46).
cost(1, 3, 56).
cost(1, 4, 23).
cost(1, 5, 48).
cost(1, 6, 31).
cost(1, 7, 82).
cost(1, 8, 81).
cost(1, 9, 16).
cost(1, 10, 62).
cost(1, 11, 87).
cost(1, 12, 72).
cost(1, 13, 41).
cost(1, 14, 39).
cost(1, 15, 61).
cost(1, 16, 79).
cost(1, 17, 51).
cost(1, 18, 26).
cost(1, 19, 76).
cost(1, 20, 27).
cost(1, 21, 59).
cost(1, 22, 36).
cost(1, 23, 89).
cost(1, 24, 89).
cost(1, 25, 51).
cost(1, 26, 30).
cost(1, 27, 39).
cost(1, 28, 86).
cost(1, 29, 56).
cost(1, 30, 39).
cost(2, 1, 46).
cost(2, 3, 13).
cost(2, 4, 55).
cost(2, 5, 30).
cost(2, 6, 16).
cost(2, 7, 80).
cost(2, 8, 43).
cost(2, 9, 30).
cost(2, 10, 16).
cost(2, 11, 71).
cost(2, 12, 26).
cost(2, 13, 76).
cost(2, 14, 44).
cost(2, 15, 15).
cost(2, 16, 75).
cost(2, 17, 74).
cost(2, 18, 57).
cost(2, 19, 62).
cost(2, 20, 43).
cost(2, 21, 35).
cost(2, 22, 58).
cost(2, 23, 50).
cost(2, 24, 74).
cost(2, 25, 31).
cost(2, 26, 28).
cost(2, 27, 28).
cost(2, 28, 80).
cost(2, 29, 37).
cost(2, 30, 7).
cost(3, 1, 56).
cost(3, 2, 13).
cost(3, 4, 68).
cost(3, 5, 41).
cost(3, 6, 25).
cost(3, 7, 91).
cost(3, 8, 45).
cost(3, 9, 42).
cost(3, 10, 9).
cost(3, 11, 79).
cost(3, 12, 20).
cost(3, 13, 89).
cost(3, 14, 57).
cost(3, 15, 7).
cost(3, 16, 86).
cost(3, 17, 87).
cost(3, 18, 70).
cost(3, 19, 72).
cost(3, 20, 56).
cost(3, 21, 44).
cost(3, 22, 71).
cost(3, 23, 50).
cost(3, 24, 83).
cost(3, 25, 42).
cost(3, 26, 41).
cost(3, 27, 40).
cost(3, 28, 90).
cost(3, 29, 47).
cost(3, 30, 18).
cost(4, 1, 23).
cost(4, 2, 55).
cost(4, 3, 68).
cost(4, 5, 43).
cost(4, 6, 45).
cost(4, 7, 62).
cost(4, 8, 78).
cost(4, 9, 28).
cost(4, 10, 71).
cost(4, 11, 73).
cost(4, 12, 78).
cost(4, 13, 21).
cost(4, 14, 26).
cost(4, 15, 70).
cost(4, 16, 61).
cost(4, 17, 27).
cost(4, 18, 3).
cost(4, 19, 61).
cost(4, 20, 15).
cost(4, 21, 53).
cost(4, 22, 13).
cost(4, 23, 87).
cost(4, 24, 74).
cost(4, 25, 46).
cost(4, 26, 29).
cost(4, 27, 36).
cost(4, 28, 67).
cost(4, 29, 49).
cost(4, 30, 50).
cost(5, 1, 48).
cost(5, 2, 30).
cost(5, 3, 41).
cost(5, 4, 43).
cost(5, 6, 36).
cost(5, 7, 50).
cost(5, 8, 35).
cost(5, 9, 34).
cost(5, 10, 39).
cost(5, 11, 43).
cost(5, 12, 42).
cost(5, 13, 61).
cost(5, 14, 20).
cost(5, 15, 39).
cost(5, 16, 45).
cost(5, 17, 51).
cost(5, 18, 45).
cost(5, 19, 33).
cost(5, 20, 28).
cost(5, 21, 11).
cost(5, 22, 39).
cost(5, 23, 44).
cost(5, 24, 46).
cost(5, 25, 3).
cost(5, 26, 18).
cost(5, 27, 9).
cost(5, 28, 50).
cost(5, 29, 8).
cost(5, 30, 30).
cost(6, 1, 31).
cost(6, 2, 16).
cost(6, 3, 25).
cost(6, 4, 45).
cost(6, 5, 36).
cost(6, 7, 84).
cost(6, 8, 58).
cost(6, 9, 18).
cost(6, 10, 32).
cost(6, 11, 79).
cost(6, 12, 42).
cost(6, 13, 66).
cost(6, 14, 42).
cost(6, 15, 30).
cost(6, 16, 80).
cost(6, 17, 68).
cost(6, 18, 48).
cost(6, 19, 69).
cost(6, 20, 37).
cost(6, 21, 44).
cost(6, 22, 52).
cost(6, 23, 65).
cost(6, 24, 82).
cost(6, 25, 38).
cost(6, 26, 24).
cost(6, 27, 29).
cost(6, 28, 85).
cost(6, 29, 44).
cost(6, 30, 10).
cost(7, 1, 82).
cost(7, 2, 80).
cost(7, 3, 91).
cost(7, 4, 62).
cost(7, 5, 50).
cost(7, 6, 84).
cost(7, 8, 65).
cost(7, 9, 75).
cost(7, 10, 87).
cost(7, 11, 26).
cost(7, 12, 87).
cost(7, 13, 64).
cost(7, 14, 44).
cost(7, 15, 88).
cost(7, 16, 6).
cost(7, 17, 43).
cost(7, 18, 61).
cost(7, 19, 24).
cost(7, 20, 55).
cost(7, 21, 48).
cost(7, 22, 49).
cost(7, 23, 72).
cost(7, 24, 24).
cost(7, 25, 49).
cost(7, 26, 60).
cost(7, 27, 55).
cost(7, 28, 8).
cost(7, 29, 45).
cost(7, 30, 80).
cost(8, 1, 81).
cost(8, 2, 43).
cost(8, 3, 45).
cost(8, 4, 78).
cost(8, 5, 35).
cost(8, 6, 58).
cost(8, 7, 65).
cost(8, 9, 65).
cost(8, 10, 37).
cost(8, 11, 44).
cost(8, 12, 29).
cost(8, 13, 95).
cost(8, 14, 54).
cost(8, 15, 38).
cost(8, 16, 59).
cost(8, 17, 83).
cost(8, 18, 80).
cost(8, 19, 42).
cost(8, 20, 63).
cost(8, 21, 26).
cost(8, 22, 74).
cost(8, 23, 9).
cost(8, 24, 47).
cost(8, 25, 32).
cost(8, 26, 52).
cost(8, 27, 43).
cost(8, 28, 61).
cost(8, 29, 31).
cost(8, 30, 49).
cost(9, 1, 16).
cost(9, 2, 30).
cost(9, 3, 42).
cost(9, 4, 28).
cost(9, 5, 34).
cost(9, 6, 18).
cost(9, 7, 75).
cost(9, 8, 65).
cost(9, 10, 46).
cost(9, 11, 76).
cost(9, 12, 56).
cost(9, 13, 49).
cost(9, 14, 31).
cost(9, 15, 45).
cost(9, 16, 72).
cost(9, 17, 53).
cost(9, 18, 31).
cost(9, 19, 65).
cost(9, 20, 22).
cost(9, 21, 45).
cost(9, 22, 36).
cost(9, 23, 73).
cost(9, 24, 78).
cost(9, 25, 37).
cost(9, 26, 16).
cost(9, 27, 25).
cost(9, 28, 78).
cost(9, 29, 43).
cost(9, 30, 24).
cost(10, 1, 62).
cost(10, 2, 16).
cost(10, 3, 9).
cost(10, 4, 71).
cost(10, 5, 39).
cost(10, 6, 32).
cost(10, 7, 87).
cost(10, 8, 37).
cost(10, 9, 46).
cost(10, 11, 74).
cost(10, 12, 11).
cost(10, 13, 91).
cost(10, 14, 56).
cost(10, 15, 1).
cost(10, 16, 82).
cost(10, 17, 87).
cost(10, 18, 73).
cost(10, 19, 67).
cost(10, 20, 57).
cost(10, 21, 39).
cost(10, 22, 73).
cost(10, 23, 41).
cost(10, 24, 77).
cost(10, 25, 39).
cost(10, 26, 42).
cost(10, 27, 40).
cost(10, 28, 86).
cost(10, 29, 43).
cost(10, 30, 23).
cost(11, 1, 87).
cost(11, 2, 71).
cost(11, 3, 79).
cost(11, 4, 73).
cost(11, 5, 43).
cost(11, 6, 79).
cost(11, 7, 26).
cost(11, 8, 44).
cost(11, 9, 76).
cost(11, 10, 74).
cost(11, 12, 70).
cost(11, 13, 81).
cost(11, 14, 48).
cost(11, 15, 74).
cost(11, 16, 20).
cost(11, 17, 62).
cost(11, 18, 73).
cost(11, 19, 11).
cost(11, 20, 61).
cost(11, 21, 36).
cost(11, 22, 61).
cost(11, 23, 49).
cost(11, 24, 3).
cost(11, 25, 41).
cost(11, 26, 60).
cost(11, 27, 51).
cost(11, 28, 19).
cost(11, 29, 35).
cost(11, 30, 73).
cost(12, 1, 72).
cost(12, 2, 26).
cost(12, 3, 20).
cost(12, 4, 78).
cost(12, 5, 42).
cost(12, 6, 42).
cost(12, 7, 87).
cost(12, 8, 29).
cost(12, 9, 56).
cost(12, 10, 11).
cost(12, 11, 70).
cost(12, 13, 98).
cost(12, 14, 61).
cost(12, 15, 13).
cost(12, 16, 81).
cost(12, 17, 92).
cost(12, 18, 80).
cost(12, 19, 65).
cost(12, 20, 64).
cost(12, 21, 39).
cost(12, 22, 78).
cost(12, 23, 32).
cost(12, 24, 73).
cost(12, 25, 40).
cost(12, 26, 49).
cost(12, 27, 45).
cost(12, 28, 84).
cost(12, 29, 44).
cost(12, 30, 33).
cost(13, 1, 41).
cost(13, 2, 76).
cost(13, 3, 89).
cost(13, 4, 21).
cost(13, 5, 61).
cost(13, 6, 66).
cost(13, 7, 64).
cost(13, 8, 95).
cost(13, 9, 49).
cost(13, 10, 91).
cost(13, 11, 81).
cost(13, 12, 98).
cost(13, 14, 41).
cost(13, 15, 90).
cost(13, 16, 65).
cost(13, 17, 21).
cost(13, 18, 18).
cost(13, 19, 71).
cost(13, 20, 34).
cost(13, 21, 70).
cost(13, 22, 22).
cost(13, 23, 104).
cost(13, 24, 82).
cost(13, 25, 63).
cost(13, 26, 49).
cost(13, 27, 54).
cost(13, 28, 71).
cost(13, 29, 64).
cost(13, 30, 71).
cost(14, 1, 39).
cost(14, 2, 44).
cost(14, 3, 57).
cost(14, 4, 26).
cost(14, 5, 20).
cost(14, 6, 42).
cost(14, 7, 44).
cost(14, 8, 54).
cost(14, 9, 31).
cost(14, 10, 56).
cost(14, 11, 48).
cost(14, 12, 61).
cost(14, 13, 41).
cost(14, 15, 56).
cost(14, 16, 41).
cost(14, 17, 31).
cost(14, 18, 27).
cost(14, 19, 37).
cost(14, 20, 13).
cost(14, 21, 28).
cost(14, 22, 19).
cost(14, 23, 63).
cost(14, 24, 50).
cost(14, 25, 22).
cost(14, 26, 18).
cost(14, 27, 17).
cost(14, 28, 47).
cost(14, 29, 23).
cost(14, 30, 41).
cost(15, 1, 61).
cost(15, 2, 15).
cost(15, 3, 7).
cost(15, 4, 70).
cost(15, 5, 39).
cost(15, 6, 30).
cost(15, 7, 88).
cost(15, 8, 38).
cost(15, 9, 45).
cost(15, 10, 1).
cost(15, 11, 74).
cost(15, 12, 13).
cost(15, 13, 90).
cost(15, 14, 56).
cost(15, 16, 82).
cost(15, 17, 87).
cost(15, 18, 72).
cost(15, 19, 67).
cost(15, 20, 57).
cost(15, 21, 39).
cost(15, 22, 72).
cost(15, 23, 42).
cost(15, 24, 77).
cost(15, 25, 39).
cost(15, 26, 42).
cost(15, 27, 39).
cost(15, 28, 86).
cost(15, 29, 43).
cost(15, 30, 22).
cost(16, 1, 79).
cost(16, 2, 75).
cost(16, 3, 86).
cost(16, 4, 61).
cost(16, 5, 45).
cost(16, 6, 80).
cost(16, 7, 6).
cost(16, 8, 59).
cost(16, 9, 72).
cost(16, 10, 82).
cost(16, 11, 20).
cost(16, 12, 81).
cost(16, 13, 65).
cost(16, 14, 41).
cost(16, 15, 82).
cost(16, 17, 45).
cost(16, 18, 61).
cost(16, 19, 17).
cost(16, 20, 52).
cost(16, 21, 42).
cost(16, 22, 49).
cost(16, 23, 65).
cost(16, 24, 19).
cost(16, 25, 44).
cost(16, 26, 56).
cost(16, 27, 50).
cost(16, 28, 6).
cost(16, 29, 39).
cost(16, 30, 75).
cost(17, 1, 51).
cost(17, 2, 74).
cost(17, 3, 87).
cost(17, 4, 27).
cost(17, 5, 51).
cost(17, 6, 68).
cost(17, 7, 43).
cost(17, 8, 83).
cost(17, 9, 53).
cost(17, 10, 87).
cost(17, 11, 62).
cost(17, 12, 92).
cost(17, 13, 21).
cost(17, 14, 31).
cost(17, 15, 87).
cost(17, 16, 45).
cost(17, 18, 25).
cost(17, 19, 53).
cost(17, 20, 32).
cost(17, 21, 58).
cost(17, 22, 16).
cost(17, 23, 92).
cost(17, 24, 62).
cost(17, 25, 53).
cost(17, 26, 46).
cost(17, 27, 48).
cost(17, 28, 50).
cost(17, 29, 52).
cost(17, 30, 70).
cost(18, 1, 26).
cost(18, 2, 57).
cost(18, 3, 70).
cost(18, 4, 3).
cost(18, 5, 45).
cost(18, 6, 48).
cost(18, 7, 61).
cost(18, 8, 80).
cost(18, 9, 31).
cost(18, 10, 73).
cost(18, 11, 73).
cost(18, 12, 80).
cost(18, 13, 18).
cost(18, 14, 27).
cost(18, 15, 72).
cost(18, 16, 61).
cost(18, 17, 25).
cost(18, 19, 62).
cost(18, 20, 17).
cost(18, 21, 54).
cost(18, 22, 12).
cost(18, 23, 88).
cost(18, 24, 74).
cost(18, 25, 47).
cost(18, 26, 31).
cost(18, 27, 37).
cost(18, 28, 67).
cost(18, 29, 50).
cost(18, 30, 52).
cost(19, 1, 76).
cost(19, 2, 62).
cost(19, 3, 72).
cost(19, 4, 61).
cost(19, 5, 33).
cost(19, 6, 69).
cost(19, 7, 24).
cost(19, 8, 42).
cost(19, 9, 65).
cost(19, 10, 67).
cost(19, 11, 11).
cost(19, 12, 65).
cost(19, 13, 71).
cost(19, 14, 37).
cost(19, 15, 67).
cost(19, 16, 17).
cost(19, 17, 53).
cost(19, 18, 62).
cost(19, 20, 49).
cost(19, 21, 28).
cost(19, 22, 51).
cost(19, 23, 48).
cost(19, 24, 14).
cost(19, 25, 31).
cost(19, 26, 49).
cost(19, 27, 41).
cost(19, 28, 20).
cost(19, 29, 26).
cost(19, 30, 63).
cost(20, 1, 27).
cost(20, 2, 43).
cost(20, 3, 56).
cost(20, 4, 15).
cost(20, 5, 28).
cost(20, 6, 37).
cost(20, 7, 55).
cost(20, 8, 63).
cost(20, 9, 22).
cost(20, 10, 57).
cost(20, 11, 61).
cost(20, 12, 64).
cost(20, 13, 34).
cost(20, 14, 13).
cost(20, 15, 57).
cost(20, 16, 52).
cost(20, 17, 32).
cost(20, 18, 17).
cost(20, 19, 49).
cost(20, 21, 38).
cost(20, 22, 16).
cost(20, 23, 72).
cost(20, 24, 62).
cost(20, 25, 31).
cost(20, 26, 15).
cost(20, 27, 20).
cost(20, 28, 59).
cost(20, 29, 33).
cost(20, 30, 38).
cost(21, 1, 59).
cost(21, 2, 35).
cost(21, 3, 44).
cost(21, 4, 53).
cost(21, 5, 11).
cost(21, 6, 44).
cost(21, 7, 48).
cost(21, 8, 26).
cost(21, 9, 45).
cost(21, 10, 39).
cost(21, 11, 36).
cost(21, 12, 39).
cost(21, 13, 70).
cost(21, 14, 28).
cost(21, 15, 39).
cost(21, 16, 42).
cost(21, 17, 58).
cost(21, 18, 54).
cost(21, 19, 28).
cost(21, 20, 38).
cost(21, 22, 48).
cost(21, 23, 34).
cost(21, 24, 39).
cost(21, 25, 8).
cost(21, 26, 29).
cost(21, 27, 20).
cost(21, 28, 47).
cost(21, 29, 6).
cost(21, 30, 37).
cost(22, 1, 36).
cost(22, 2, 58).
cost(22, 3, 71).
cost(22, 4, 13).
cost(22, 5, 39).
cost(22, 6, 52).
cost(22, 7, 49).
cost(22, 8, 74).
cost(22, 9, 36).
cost(22, 10, 73).
cost(22, 11, 61).
cost(22, 12, 78).
cost(22, 13, 22).
cost(22, 14, 19).
cost(22, 15, 72).
cost(22, 16, 49).
cost(22, 17, 16).
cost(22, 18, 12).
cost(22, 19, 51).
cost(22, 20, 16).
cost(22, 21, 48).
cost(22, 23, 82).
cost(22, 24, 63).
cost(22, 25, 42).
cost(22, 26, 31).
cost(22, 27, 34).
cost(22, 28, 55).
cost(22, 29, 43).
cost(22, 30, 54).
cost(23, 1, 89).
cost(23, 2, 50).
cost(23, 3, 50).
cost(23, 4, 87).
cost(23, 5, 44).
cost(23, 6, 65).
cost(23, 7, 72).
cost(23, 8, 9).
cost(23, 9, 73).
cost(23, 10, 41).
cost(23, 11, 49).
cost(23, 12, 32).
cost(23, 13, 104).
cost(23, 14, 63).
cost(23, 15, 42).
cost(23, 16, 65).
cost(23, 17, 92).
cost(23, 18, 88).
cost(23, 19, 48).
cost(23, 20, 72).
cost(23, 21, 34).
cost(23, 22, 82).
cost(23, 24, 52).
cost(23, 25, 41).
cost(23, 26, 60).
cost(23, 27, 52).
cost(23, 28, 67).
cost(23, 29, 40).
cost(23, 30, 56).
cost(24, 1, 89).
cost(24, 2, 74).
cost(24, 3, 83).
cost(24, 4, 74).
cost(24, 5, 46).
cost(24, 6, 82).
cost(24, 7, 24).
cost(24, 8, 47).
cost(24, 9, 78).
cost(24, 10, 77).
cost(24, 11, 3).
cost(24, 12, 73).
cost(24, 13, 82).
cost(24, 14, 50).
cost(24, 15, 77).
cost(24, 16, 19).
cost(24, 17, 62).
cost(24, 18, 74).
cost(24, 19, 14).
cost(24, 20, 62).
cost(24, 21, 39).
cost(24, 22, 63).
cost(24, 23, 52).
cost(24, 25, 44).
cost(24, 26, 62).
cost(24, 27, 54).
cost(24, 28, 17).
cost(24, 29, 38).
cost(24, 30, 76).
cost(25, 1, 51).
cost(25, 2, 31).
cost(25, 3, 42).
cost(25, 4, 46).
cost(25, 5, 3).
cost(25, 6, 38).
cost(25, 7, 49).
cost(25, 8, 32).
cost(25, 9, 37).
cost(25, 10, 39).
cost(25, 11, 41).
cost(25, 12, 40).
cost(25, 13, 63).
cost(25, 14, 22).
cost(25, 15, 39).
cost(25, 16, 44).
cost(25, 17, 53).
cost(25, 18, 47).
cost(25, 19, 31).
cost(25, 20, 31).
cost(25, 21, 8).
cost(25, 22, 42).
cost(25, 23, 41).
cost(25, 24, 44).
cost(25, 26, 22).
cost(25, 27, 12).
cost(25, 28, 49).
cost(25, 29, 6).
cost(25, 30, 32).
cost(26, 1, 30).
cost(26, 2, 28).
cost(26, 3, 41).
cost(26, 4, 29).
cost(26, 5, 18).
cost(26, 6, 24).
cost(26, 7, 60).
cost(26, 8, 52).
cost(26, 9, 16).
cost(26, 10, 42).
cost(26, 11, 60).
cost(26, 12, 49).
cost(26, 13, 49).
cost(26, 14, 18).
cost(26, 15, 42).
cost(26, 16, 56).
cost(26, 17, 46).
cost(26, 18, 31).
cost(26, 19, 49).
cost(26, 20, 15).
cost(26, 21, 29).
cost(26, 22, 31).
cost(26, 23, 60).
cost(26, 24, 62).
cost(26, 25, 22).
cost(26, 27, 9).
cost(26, 28, 62).
cost(26, 29, 26).
cost(26, 30, 24).
cost(27, 1, 39).
cost(27, 2, 28).
cost(27, 3, 40).
cost(27, 4, 36).
cost(27, 5, 9).
cost(27, 6, 29).
cost(27, 7, 55).
cost(27, 8, 43).
cost(27, 9, 25).
cost(27, 10, 40).
cost(27, 11, 51).
cost(27, 12, 45).
cost(27, 13, 54).
cost(27, 14, 17).
cost(27, 15, 39).
cost(27, 16, 50).
cost(27, 17, 48).
cost(27, 18, 37).
cost(27, 19, 41).
cost(27, 20, 20).
cost(27, 21, 20).
cost(27, 22, 34).
cost(27, 23, 52).
cost(27, 24, 54).
cost(27, 25, 12).
cost(27, 26, 9).
cost(27, 28, 56).
cost(27, 29, 17).
cost(27, 30, 26).
cost(28, 1, 86).
cost(28, 2, 80).
cost(28, 3, 90).
cost(28, 4, 67).
cost(28, 5, 50).
cost(28, 6, 85).
cost(28, 7, 8).
cost(28, 8, 61).
cost(28, 9, 78).
cost(28, 10, 86).
cost(28, 11, 19).
cost(28, 12, 84).
cost(28, 13, 71).
cost(28, 14, 47).
cost(28, 15, 86).
cost(28, 16, 6).
cost(28, 17, 50).
cost(28, 18, 67).
cost(28, 19, 20).
cost(28, 20, 59).
cost(28, 21, 47).
cost(28, 22, 55).
cost(28, 23, 67).
cost(28, 24, 17).
cost(28, 25, 49).
cost(28, 26, 62).
cost(28, 27, 56).
cost(28, 29, 44).
cost(28, 30, 80).
cost(29, 1, 56).
cost(29, 2, 37).
cost(29, 3, 47).
cost(29, 4, 49).
cost(29, 5, 8).
cost(29, 6, 44).
cost(29, 7, 45).
cost(29, 8, 31).
cost(29, 9, 43).
cost(29, 10, 43).
cost(29, 11, 35).
cost(29, 12, 44).
cost(29, 13, 64).
cost(29, 14, 23).
cost(29, 15, 43).
cost(29, 16, 39).
cost(29, 17, 52).
cost(29, 18, 50).
cost(29, 19, 26).
cost(29, 20, 33).
cost(29, 21, 6).
cost(29, 22, 43).
cost(29, 23, 40).
cost(29, 24, 38).
cost(29, 25, 6).
cost(29, 26, 26).
cost(29, 27, 17).
cost(29, 28, 44).
cost(29, 30, 38).
cost(30, 1, 39).
cost(30, 2, 7).
cost(30, 3, 18).
cost(30, 4, 50).
cost(30, 5, 30).
cost(30, 6, 10).
cost(30, 7, 80).
cost(30, 8, 49).
cost(30, 9, 24).
cost(30, 10, 23).
cost(30, 11, 73).
cost(30, 12, 33).
cost(30, 13, 71).
cost(30, 14, 41).
cost(30, 15, 22).
cost(30, 16, 75).
cost(30, 17, 70).
cost(30, 18, 52).
cost(30, 19, 63).
cost(30, 20, 38).
cost(30, 21, 37).
cost(30, 22, 54).
cost(30, 23, 56).
cost(30, 24, 76).
cost(30, 25, 32).
cost(30, 26, 24).
cost(30, 27, 26).
cost(30, 28, 80).
cost(30, 29, 38).
