dimension(30).
point(1, 37.6882346851, 37.0513231789).
point(2, 51.5676914853, 73.0877492147).
point(3, 78.0161360363, 87.8985692537).
point(4, 69.8351149967, 82.6532665419).
point(5, 7.6636415138, 29.3569926573).
point(6, 91.7778173135, 57.6057435546).
point(7, 78.5840041931, 44.7798910357).
point(8, 85.2399062382, 21.0572259554).
point(9, 59.0499513994, 71.9228885359).
point(10, 35.7561626475, 85.3994877407).
point(11, 65.8706267854, 37.4505302542).
point(12, 29.7055856333, 59.0289662733).
point(13, 31.0139072475, 10.4580041558).
point(14, 80.855733411, 47.1536783078).
point(15, 23.2607766459, 57.9524582624).
point(16, 77.0999055343, 25.0023808662).
point(17, 53.2532336828, 49.9270918331).
point(18, 39.3390552917, 79.5921780982).
point(19, 61.0297413127, 75.7628680067).
point(20, 50.0293040801, 6.3136366108).
point(21, 64.0150073746, 79.5922190181).
point(22, 83.586063386, 87.0247136203).
point(23, 40.8390157155, 61.0560357582).
point(24, 7.856283782, 24.5636197177).
point(25, 31.774302243, 2.7021529839).
point(26, 51.9485702441, 0.6336802279).
point(27, 43.6167243186, 79.6436773043).
point(28, 48.7194190284, 78.9836282519).
point(29, 41.0014931749, 54.9455683401).
point(30, 58.4198601438, 90.0920272406).
cost(1, 2, 39).
cost(1, 3, 65).
cost(1, 4, 56).
cost(1, 5, 31).
cost(1, 6, 58).
cost(1, 7, 42).
cost(1, 8, 50).
cost(1, 9, 41).
cost(1, 10, 48).
cost(1, 11, 28).
cost(1, 12, 23).
cost(1, 13, 27).
cost(1, 14, 44).
cost(1, 15, 25).
cost(1, 16, 41).
cost(1, 17, 20).
cost(1, 18, 43).
cost(1, 19, 45).
cost(1, 20, 33).
cost(1, 21, 50).
cost(1, 22, 68).
cost(1, 23, 24).
cost(1, 24, 32).
cost(1, 25, 35).
cost(1, 26, 39).
cost(1, 27, 43).
cost(1, 28, 43).
cost(1, 29, 18).
cost(1, 30, 57).
cost(2, 1, 39).
cost(2, 3, 30).
cost(2, 4, 21).
cost(2, 5, 62).
cost(2, 6, 43).
cost(2, 7, 39).
cost(2, 8, 62).
cost(2, 9, 8).
cost(2, 10, 20).
cost(2, 11, 38).
cost(2, 12, 26).
cost(2, 13, 66).
cost(2, 14, 39).
cost(2, 15, 32).
cost(2, 16, 54).
cost(2, 17, 23).
cost(2, 18, 14).
cost(2, 19, 10).
cost(2, 20, 67).
cost(2, 21, 14).
cost(2, 22, 35).
cost(2, 23, 16).
cost(2, 24, 65).
cost(2, 25, 73).
cost(2, 26, 72).
cost(2, 27, 10).
cost(2, 28, 7).
cost(2, 29, 21).
cost(2, 30, 18).
cost(3, 1, 65).
cost(3, 2, 30).
cost(3, 4, 10).
cost(3, 5, 92).
cost(3, 6, 33).
cost(3, 7, 43).
cost(3, 8, 67).
cost(3, 9, 25).
cost(3, 10, 42).
cost(3, 11, 52).
cost(3, 12, 56).
cost(3, 13, 91).
cost(3, 14, 41).
cost(3, 15, 62).
cost(3, 16, 63).
cost(3, 17, 45).
cost(3, 18, 40).
cost(3, 19, 21).
cost(3, 20, 86).
cost(3, 21, 16).
cost(3, 22, 6).
cost(3, 23, 46).
cost(3, 24, 95).
cost(3, 25, 97).
cost(3, 26, 91).
cost(3, 27, 35).
cost(3, 28, 31).
cost(3, 29, 50).
cost(3, 30, 20).
cost(4, 1, 56).
cost(4, 2, 21).
cost(4, 3, 10).
cost(4, 5, 82).
cost(4, 6, 33).
cost(4, 7, 39).
cost(4, 8, 63).
cost(4, 9, 15).
cost(4, 10, 34).
cost(4, 11, 45).
cost(4, 12, 47).
cost(4, 13, 82).
cost(4, 14, 37).
cost(4, 15, 53).
cost(4, 16, 58).
cost(4, 17, 37).
cost(4, 18, 31).
cost(4, 19, 11).
cost(4, 20, 79).
cost(4, 21, 7).
cost(4, 22, 14).
cost(4, 23, 36).
cost(4, 24, 85).
cost(4, 25, 89).
cost(4, 26, 84).
cost(4, 27, 26).
cost(4, 28, 21).
cost(4, 29, 40).
cost(4, 30, 14).
cost(5, 1, 31).
cost(5, 2, 62).
cost(5, 3, 92).
cost(5, 4, 82).
cost(5, 6, 89).
cost(5, 7, 73).
cost(5, 8, 78).
cost(5, 9, 67).
cost(5, 10, 63).
cost(5, 11, 59).
cost(5, 12, 37).
cost(5, 13, 30).
cost(5, 14, 75).
cost(5, 15, 33).
cost(5, 16, 70).
cost(5, 17, 50).
cost(5, 18, 59).
cost(5, 19, 71).
cost(5, 20, 48).
cost(5, 21, 75).
cost(5, 22, 95).
cost(5, 23, 46).
cost(5, 24, 5).
cost(5, 25, 36).
cost(5, 26, 53).
cost(5, 27, 62).
cost(5, 28, 64).
cost(5, 29, 42).
cost(5, 30, 79).
cost(6, 1, 58).
cost(6, 2, 43).
cost(6, 3, 33).
cost(6, 4, 33).
cost(6, 5, 89).
cost(6, 7, 18).
cost(6, 8, 37).
cost(6, 9, 36).
cost(6, 10, 63).
cost(6, 11, 33).
cost(6, 12, 62).
cost(6, 13, 77).
cost(6, 14, 15).
cost(6, 15, 69).
cost(6, 16, 36).
cost(6, 17, 39).
cost(6, 18, 57).
cost(6, 19, 36).
cost(6, 20, 66).
cost(6, 21, 35).
cost(6, 22, 31).
cost(6, 23, 51).
cost(6, 24, 90).
cost(6, 25, 81).
cost(6, 26, 70).
cost(6, 27, 53).
cost(6, 28, 48).
cost(6, 29, 51).
cost(6, 30, 47).
cost(7, 1, 42).
cost(7, 2, 39).
cost(7, 3, 43).
cost(7, 4, 39).
cost(7, 5, 73).
cost(7, 6, 18).
cost(7, 8, 25).
cost(7, 9, 33).
cost(7, 10, 59).
cost(7, 11, 15).
cost(7, 12, 51).
cost(7, 13, 59).
cost(7, 14, 3).
cost(7, 15, 57).
cost(7, 16, 20).
cost(7, 17, 26).
cost(7, 18, 52).
cost(7, 19, 36).
cost(7, 20, 48).
cost(7, 21, 38).
cost(7, 22, 43).
cost(7, 23, 41).
cost(7, 24, 74).
cost(7, 25, 63).
cost(7, 26, 52).
cost(7, 27, 49).
cost(7, 28, 45).
cost(7, 29, 39).
cost(7, 30, 50).
cost(8, 1, 50).
cost(8, 2, 62).
cost(8, 3, 67).
cost(8, 4, 63).
cost(8, 5, 78).
cost(8, 6, 37).
cost(8, 7, 25).
cost(8, 9, 57).
cost(8, 10, 81).
cost(8, 11, 25).
cost(8, 12, 67).
cost(8, 13, 55).
cost(8, 14, 26).
cost(8, 15, 72).
cost(8, 16, 9).
cost(8, 17, 43).
cost(8, 18, 74).
cost(8, 19, 60).
cost(8, 20, 38).
cost(8, 21, 62).
cost(8, 22, 66).
cost(8, 23, 60).
cost(8, 24, 77).
cost(8, 25, 57).
cost(8, 26, 39).
cost(8, 27, 72).
cost(8, 28, 68).
cost(8, 29, 56).
cost(8, 30, 74).
cost(9, 1, 41).
cost(9, 2, 8).
cost(9, 3, 25).
cost(9, 4, 15).
cost(9, 5, 67).
cost(9, 6, 36).
cost(9, 7, 33).
cost(9, 8, 57).
cost(9, 10, 27).
cost(9, 11, 35).
cost(9, 12, 32).
cost(9, 13, 68).
cost(9, 14, 33).
cost(9, 15, 38).
cost(9, 16, 50).
cost(9, 17, 23).
cost(9, 18, 21).
cost(9, 19, 4).
cost(9, 20, 66).
cost(9, 21, 9).
cost(9, 22, 29).
cost(9, 23, 21).
cost(9, 24, 70).
cost(9, 25, 74).
cost(9, 26, 72).
cost(9, 27, 17).
cost(9, 28, 13).
cost(9, 29, 25).
cost(9, 30, 18).
cost(10, 1, 48).
cost(10, 2, 20).
cost(10, 3, 42).
cost(10, 4, 34).
cost(10, 5, 63).
cost(10, 6, 63).
cost(10, 7, 59).
cost(10, 8, 81).
cost(10, 9, 27).
cost(10, 11, 57).
cost(10, 12, 27).
cost(10, 13, 75).
cost(10, 14, 59).
cost(10, 15, 30).
cost(10, 16, 73).
cost(10, 17, 40).
cost(10, 18, 7).
cost(10, 19, 27).
cost(10, 20, 80).
cost(10, 21, 29).
cost(10, 22, 48).
cost(10, 23, 25).
cost(10, 24, 67).
cost(10, 25, 83).
cost(10, 26, 86).
cost(10, 27, 10).
cost(10, 28, 14).
cost(10, 29, 31).
cost(10, 30, 23).
cost(11, 1, 28).
cost(11, 2, 38).
cost(11, 3, 52).
cost(11, 4, 45).
cost(11, 5, 59).
cost(11, 6, 33).
cost(11, 7, 15).
cost(11, 8, 25).
cost(11, 9, 35).
cost(11, 10, 57).
cost(11, 12, 42).
cost(11, 13, 44).
cost(11, 14, 18).
cost(11, 15, 47).
cost(11, 16, 17).
cost(11, 17, 18).
cost(11, 18, 50).
cost(11, 19, 39).
cost(11, 20, 35).
cost(11, 21, 42).
cost(11, 22, 53).
cost(11, 23, 34).
cost(11, 24, 59).
cost(11, 25, 49).
cost(11, 26, 39).
cost(11, 27, 48).
cost(11, 28, 45).
cost(11, 29, 30).
cost(11, 30, 53).
cost(12, 1, 23).
cost(12, 2, 26).
cost(12, 3, 56).
cost(12, 4, 47).
cost(12, 5, 37).
cost(12, 6, 62).
cost(12, 7, 51).
cost(12, 8, 67).
cost(12, 9, 32).
cost(12, 10, 27).
cost(12, 11, 42).
cost(12, 13, 49).
cost(12, 14, 53).
cost(12, 15, 7).
cost(12, 16, 58).
cost(12, 17, 25).
cost(12, 18, 23).
cost(12, 19, 36).
cost(12, 20, 56).
cost(12, 21, 40).
cost(12, 22, 61).
cost(12, 23, 11).
cost(12, 24, 41).
cost(12, 25, 56).
cost(12, 26, 62).
cost(12, 27, 25).
cost(12, 28, 28).
cost(12, 29, 12).
cost(12, 30, 42).
cost(13, 1, 27).
cost(13, 2, 66).
cost(13, 3, 91).
cost(13, 4, 82).
cost(13, 5, 30).
cost(13, 6, 77).
cost(13, 7, 59).
cost(13, 8, 55).
cost(13, 9, 68).
cost(13, 10, 75).
cost(13, 11, 44).
cost(13, 12, 49).
cost(13, 14, 62).
cost(13, 15, 48).
cost(13, 16, 48).
cost(13, 17, 45).
cost(13, 18, 70).
cost(13, 19, 72).
cost(13, 20, 19).
cost(13, 21, 77).
cost(13, 22, 93).
cost(13, 23, 52).
cost(13, 24, 27).
cost(13, 25, 8).
cost(13, 26, 23).
cost(13, 27, 70).
cost(13, 28, 71).
cost(13, 29, 46).
cost(13, 30, 84).
cost(14, 1, 44).
cost(14, 2, 39).
cost(14, 3, 41).
cost(14, 4, 37).
cost(14, 5, 75).
cost(14, 6, 15).
cost(14, 7, 3).
cost(14, 8, 26).
cost(14, 9, 33).
cost(14, 10, 59).
cost(14, 11, 18).
cost(14, 12, 53).
cost(14, 13, 62).
cost(14, 15, 59).
cost(14, 16, 22).
cost(14, 17, 28).
cost(14, 18, 53).
cost(14, 19, 35).
cost(14, 20, 51).
cost(14, 21, 37).
cost(14, 22, 40).
cost(14, 23, 42).
cost(14, 24, 76).
cost(14, 25, 66).
cost(14, 26, 55).
cost(14, 27, 49).
cost(14, 28, 45).
cost(14, 29, 41).
cost(14, 30, 48).
cost(15, 1, 25).
cost(15, 2, 32).
cost(15, 3, 62).
cost(15, 4, 53).
cost(15, 5, 33).
cost(15, 6, 69).
cost(15, 7, 57).
cost(15, 8, 72).
cost(15, 9, 38).
cost(15, 10, 30).
cost(15, 11, 47).
cost(15, 12, 7).
cost(15, 13, 48).
cost(15, 14, 59).
cost(15, 16, 63).
cost(15, 17, 31).
cost(15, 18, 27).
cost(15, 19, 42).
cost(15, 20, 58).
cost(15, 21, 46).
cost(15, 22, 67).
cost(15, 23, 18).
cost(15, 24, 37).
cost(15, 25, 56).
cost(15, 26, 64).
cost(15, 27, 30).
cost(15, 28, 33).
cost(15, 29, 18).
cost(15, 30, 48).
cost(16, 1, 41).
cost(16, 2, 54).
cost(16, 3, 63).
cost(16, 4, 58).
cost(16, 5, 70).
cost(16, 6, 36).
cost(16, 7, 20).
cost(16, 8, 9).
cost(16, 9, 50).
cost(16, 10, 73).
cost(16, 11, 17).
cost(16, 12, 58).
cost(16, 13, 48).
cost(16, 14, 22).
cost(16, 15, 63).
cost(16, 17, 34).
cost(16, 18, 66).
cost(16, 19, 53).
cost(16, 20, 33).
cost(16, 21, 56).
cost(16, 22, 62).
cost(16, 23, 51).
cost(16, 24, 69).
cost(16, 25, 51).
cost(16, 26, 35).
cost(16, 27, 64).
cost(16, 28, 61).
cost(16, 29, 47).
cost(16, 30, 68).
cost(17, 1, 20).
cost(17, 2, 23).
cost(17, 3, 45).
cost(17, 4, 37).
cost(17, 5, 50).
cost(17, 6, 39).
cost(17, 7, 26).
cost(17, 8, 43).
cost(17, 9, 23).
cost(17, 10, 40).
cost(17, 11, 18).
cost(17, 12, 25).
cost(17, 13, 45).
cost(17, 14, 28).
cost(17, 15, 31).
cost(17, 16, 34).
cost(17, 18, 33).
cost(17, 19, 27).
cost(17, 20, 44).
cost(17, 21, 32).
cost(17, 22, 48).
cost(17, 23, 17).
cost(17, 24, 52).
cost(17, 25, 52).
cost(17, 26, 49).
cost(17, 27, 31).
cost(17, 28, 29).
cost(17, 29, 13).
cost(17, 30, 40).
cost(18, 1, 43).
cost(18, 2, 14).
cost(18, 3, 40).
cost(18, 4, 31).
cost(18, 5, 59).
cost(18, 6, 57).
cost(18, 7, 52).
cost(18, 8, 74).
cost(18, 9, 21).
cost(18, 10, 7).
cost(18, 11, 50).
cost(18, 12, 23).
cost(18, 13, 70).
cost(18, 14, 53).
cost(18, 15, 27).
cost(18, 16, 66).
cost(18, 17, 33).
cost(18, 19, 22).
cost(18, 20, 74).
cost(18, 21, 25).
cost(18, 22, 45).
cost(18, 23, 19).
cost(18, 24, 63).
cost(18, 25, 77).
cost(18, 26, 80).
cost(18, 27, 4).
cost(18, 28, 9).
cost(18, 29, 25).
cost(18, 30, 22).
cost(19, 1, 45).
cost(19, 2, 10).
cost(19, 3, 21).
cost(19, 4, 11).
cost(19, 5, 71).
cost(19, 6, 36).
cost(19, 7, 36).
cost(19, 8, 60).
cost(19, 9, 4).
cost(19, 10, 27).
cost(19, 11, 39).
cost(19, 12, 36).
cost(19, 13, 72).
cost(19, 14, 35).
cost(19, 15, 42).
cost(19, 16, 53).
cost(19, 17, 27).
cost(19, 18, 22).
cost(19, 20, 70).
cost(19, 21, 5).
cost(19, 22, 25).
cost(19, 23, 25).
cost(19, 24, 74).
cost(19, 25, 79).
cost(19, 26, 76).
cost(19, 27, 18).
cost(19, 28, 13).
cost(19, 29, 29).
cost(19, 30, 15).
cost(20, 1, 33).
cost(20, 2, 67).
cost(20, 3, 86).
cost(20, 4, 79).
cost(20, 5, 48).
cost(20, 6, 66).
cost(20, 7, 48).
cost(20, 8, 38).
cost(20, 9, 66).
cost(20, 10, 80).
cost(20, 11, 35).
cost(20, 12, 56).
cost(20, 13, 19).
cost(20, 14, 51).
cost(20, 15, 58).
cost(20, 16, 33).
cost(20, 17, 44).
cost(20, 18, 74).
cost(20, 19, 70).
cost(20, 21, 75).
cost(20, 22, 87).
cost(20, 23, 56).
cost(20, 24, 46).
cost(20, 25, 19).
cost(20, 26, 6).
cost(20, 27, 74).
cost(20, 28, 73).
cost(20, 29, 49).
cost(20, 30, 84).
cost(21, 1, 50).
cost(21, 2, 14).
cost(21, 3, 16).
cost(21, 4, 7).
cost(21, 5, 75).
cost(21, 6, 35).
cost(21, 7, 38).
cost(21, 8, 62).
cost(21, 9, 9).
cost(21, 10, 29).
cost(21, 11, 42).
cost(21, 12, 40).
cost(21, 13, 77).
cost(21, 14, 37).
cost(21, 15, 46).
cost(21, 16, 56).
cost(21, 17, 32).
cost(21, 18, 25).
cost(21, 19, 5).
cost(21, 20, 75).
cost(21, 22, 21).
cost(21, 23, 30).
cost(21, 24, 79).
cost(21, 25, 83).
cost(21, 26, 80).
cost(21, 27, 20).
cost(21, 28, 15).
cost(21, 29, 34).
cost(21, 30, 12).
cost(22, 1, 68).
cost(22, 2, 35).
cost(22, 3, 6).
cost(22, 4, 14).
cost(22, 5, 95).
cost(22, 6, 31).
cost(22, 7, 43).
cost(22, 8, 66).
cost(22, 9, 29).
cost(22, 10, 48).
cost(22, 11, 53).
cost(22, 12, 61).
cost(22, 13, 93).
cost(22, 14, 40).
cost(22, 15, 67).
cost(22, 16, 62).
cost(22, 17, 48).
cost(22, 18, 45).
cost(22, 19, 25).
cost(22, 20, 87).
cost(22, 21, 21).
cost(22, 23, 50).
cost(22, 24, 98).
cost(22, 25, 99).
cost(22, 26, 92).
cost(22, 27, 41).
cost(22, 28, 36).
cost(22, 29, 53).
cost(22, 30, 25).
cost(23, 1, 24).
cost(23, 2, 16).
cost(23, 3, 46).
cost(23, 4, 36).
cost(23, 5, 46).
cost(23, 6, 51).
cost(23, 7, 41).
cost(23, 8, 60).
cost(23, 9, 21).
cost(23, 10, 25).
cost(23, 11, 34).
cost(23, 12, 11).
cost(23, 13, 52).
cost(23, 14, 42).
cost(23, 15, 18).
cost(23, 16, 51).
cost(23, 17, 17).
cost(23, 18, 19).
cost(23, 19, 25).
cost(23, 20, 56).
cost(23, 21, 30).
cost(23, 22, 50).
cost(23, 24, 49).
cost(23, 25, 59).
cost(23, 26, 61).
cost(23, 27, 19).
cost(23, 28, 20).
cost(23, 29, 6).
cost(23, 30, 34).
cost(24, 1, 32).
cost(24, 2, 65).
cost(24, 3, 95).
cost(24, 4, 85).
cost(24, 5, 5).
cost(24, 6, 90).
cost(24, 7, 74).
cost(24, 8, 77).
cost(24, 9, 70).
cost(24, 10, 67).
cost(24, 11, 59).
cost(24, 12, 41).
cost(24, 13, 27).
cost(24, 14, 76).
cost(24, 15, 37).
cost(24, 16, 69).
cost(24, 17, 52).
cost(24, 18, 63).
cost(24, 19, 74).
cost(24, 20, 46).
cost(24, 21, 79).
cost(24, 22, 98).
cost(24, 23, 49).
cost(24, 25, 32).
cost(24, 26, 50).
cost(24, 27, 66).
cost(24, 28, 68).
cost(24, 29, 45).
cost(24, 30, 83).
cost(25, 1, 35).
cost(25, 2, 73).
cost(25, 3, 97).
cost(25, 4, 89).
cost(25, 5, 36).
cost(25, 6, 81).
cost(25, 7, 63).
cost(25, 8, 57).
cost(25, 9, 74).
cost(25, 10, 83).
cost(25, 11, 49).
cost(25, 12, 56).
cost(25, 13, 8).
cost(25, 14, 66).
cost(25, 15, 56).
cost(25, 16, 51).
cost(25, 17, 52).
cost(25, 18, 77).
cost(25, 19, 79).
cost(25, 20, 19).
cost(25, 21, 83).
cost(25, 22, 99).
cost(25, 23, 59).
cost(25, 24, 32).
cost(25, 26, 20).
cost(25, 27, 78).
cost(25, 28, 78).
cost(25, 29, 53).
cost(25, 30, 91).
cost(26, 1, 39).
cost(26, 2, 72).
cost(26, 3, 91).
cost(26, 4, 84).
cost(26, 5, 53).
cost(26, 6, 70).
cost(26, 7, 52).
cost(26, 8, 39).
cost(26, 9, 72).
cost(26, 10, 86).
cost(26, 11, 39).
cost(26, 12, 62).
cost(26, 13, 23).
cost(26, 14, 55).
cost(26, 15, 64).
cost(26, 16, 35).
cost(26, 17, 49).
cost(26, 18, 80).
cost(26, 19, 76).
cost(26, 20, 6).
cost(26, 21, 80).
cost(26, 22, 92).
cost(26, 23, 61).
cost(26, 24, 50).
cost(26, 25, 20).
cost(26, 27, 79).
cost(26, 28, 78).
cost(26, 29, 55).
cost(26, 30, 90).
cost(27, 1, 43).
cost(27, 2, 10).
cost(27, 3, 35).
cost(27, 4, 26).
cost(27, 5, 62).
cost(27, 6, 53).
cost(27, 7, 49).
cost(27, 8, 72).
cost(27, 9, 17).
cost(27, 10, 10).
cost(27, 11, 48).
cost(27, 12, 25).
cost(27, 13, 70).
cost(27, 14, 49).
cost(27, 15, 30).
cost(27, 16, 64).
cost(27, 17, 31).
cost(27, 18, 4).
cost(27, 19, 18).
cost(27, 20, 74).
cost(27, 21, 20).
cost(27, 22, 41).
cost(27, 23, 19).
cost(27, 24, 66).
cost(27, 25, 78).
cost(27, 26, 79).
cost(27, 28, 5).
cost(27, 29, 25).
cost(27, 30, 18).
cost(28, 1, 43).
cost(28, 2, 7).
cost(28, 3, 31).
cost(28, 4, 21).
cost(28, 5, 64).
cost(28, 6, 48).
cost(28, 7, 45).
cost(28, 8, 68).
cost(28, 9, 13).
cost(28, 10, 14).
cost(28, 11, 45).
cost(28, 12, 28).
cost(28, 13, 71).
cost(28, 14, 45).
cost(28, 15, 33).
cost(28, 16, 61).
cost(28, 17, 29).
cost(28, 18, 9).
cost(28, 19, 13).
cost(28, 20, 73).
cost(28, 21, 15).
cost(28, 22, 36).
cost(28, 23, 20).
cost(28, 24, 68).
cost(28, 25, 78).
cost(28, 26, 78).
cost(28, 27, 5).
cost(28, 29, 25).
cost(28, 30, 15).
cost(29, 1, 18).
cost(29, 2, 21).
cost(29, 3, 50).
cost(29, 4, 40).
cost(29, 5, 42).
cost(29, 6, 51).
cost(29, 7, 39).
cost(29, 8, 56).
cost(29, 9, 25).
cost(29, 10, 31).
cost(29, 11, 30).
cost(29, 12, 12).
cost(29, 13, 46).
cost(29, 14, 41).
cost(29, 15, 18).
cost(29, 16, 47).
cost(29, 17, 13).
cost(29, 18, 25).
cost(29, 19, 29).
cost(29, 20, 49).
cost(29, 21, 34).
cost(29, 22, 53).
cost(29, 23, 6).
cost(29, 24, 45).
cost(29, 25, 53).
cost(29, 26, 55).
cost(29, 27, 25).
cost(29, 28, 25).
cost(29, 30, 39).
cost(30, 1, 57).
cost(30, 2, 18).
cost(30, 3, 20).
cost(30, 4, 14).
cost(30, 5, 79).
cost(30, 6, 47).
cost(30, 7, 50).
cost(30, 8, 74).
cost(30, 9, 18).
cost(30, 10, 23).
cost(30, 11, 53).
cost(30, 12, 42).
cost(30, 13, 84).
cost(30, 14, 48).
cost(30, 15, 48).
cost(30, 16, 68).
cost(30, 17, 40).
cost(30, 18, 22).
cost(30, 19, 15).
cost(30, 20, 84).
cost(30, 21, 12).
cost(30, 22, 25).
cost(30, 23, 34).
cost(30, 24, 83).
cost(30, 25, 91).
cost(30, 26, 90).
cost(30, 27, 18).
cost(30, 28, 15).
cost(30, 29, 39).
