dimension(30).
point(1, 7.6838018461, 88.2372382525).
point(2, 18.2128765773, 45.45772642).
point(3, 90.258127948, 47.2490932518).
point(4, 81.6100339961, 10.7453518954).
point(5, 16.1853235138, 22.9233312589).
point(6, 37.5754744367, 99.56579288).
point(7, 77.4942010828, 4.353393517).
point(8, 74.0338192357, 18.6892162228).
point(9, 27.4258992064, 85.1590645091).
point(10, 44.7480007728, 92.7203415649).
point(11, 65.0754346414, 16.9763476604).
point(12, 21.1911138259, 89.1218544232).
point(13, 52.6985084711, 69.5315357951).
point(14, 1.4397790385, 63.1987908367).
point(15, 89.5004881412, 74.8903197119).
point(16, 33.9651491067, 67.6875060506).
point(17, 47.2267690538, 65.0129996853).
point(18, 30.0913049445, 36.339586072).
point(19, 52.5576706776, 59.3550122112).
point(20, 86.7964532345, 56.3140337327).
point(21, 95.8000662424, 24.0398769899).
point(22, 79.0972690483, 46.5773251318).
point(23, 53.7552571198, 6.844315659).
point(24, 23.2322176187, 30.1501419802).
point(25, 16.8848840353, 17.4809773492).
point(26, 89.5679542981, 63.2802327776).
point(27, 91.6565110488, 3.3814099624).
point(28, 65.9419287817, 82.8276863861).
point(29, 50.5421640658, 54.2760799897).
point(30, 29.7302584215, 97.5979404311).
cost(1, 2, 44).
cost(1, 3, 92).
cost(1, 4, 107).
cost(1, 5, 66).
cost(1, 6, 32).
cost(1, 7, 109).
cost(1, 8, 96).
cost(1, 9, 20).
cost(1, 10, 37).
cost(1, 11, 91).
cost(1, 12, 14).
cost(1, 13, 49).
cost(1, 14, 26).
cost(1, 15, 83).
cost(1, 16, 33).
cost(1, 17, 46).
cost(1, 18, 57).
cost(1, 19, 53).
cost(1, 20, 85).
cost(1, 21, 109).
cost(1, 22, 83).
cost(1, 23, 94).
cost(1, 24, 60).
cost(1, 25, 71).
cost(1, 26, 86).
cost(1, 27, 119).
cost(1, 28, 59).
cost(1, 29, 55).
cost(1, 30, 24).
cost(2, 1, 44).
cost(2, 3, 72).
cost(2, 4, 72).
cost(2, 5, 23).
cost(2, 6, 57).
cost(2, 7, 72).
cost(2, 8, 62).
cost(2, 9, 41).
cost(2, 10, 54).
cost(2, 11, 55).
cost(2, 12, 44).
cost(2, 13, 42).
cost(2, 14, 24).
cost(2, 15, 77).
cost(2, 16, 27).
cost(2, 17, 35).
cost(2, 18, 15).
cost(2, 19, 37).
cost(2, 20, 69).
cost(2, 21, 80).
cost(2, 22, 61).
cost(2, 23, 52).
cost(2, 24, 16).
cost(2, 25, 28).
cost(2, 26, 74).
cost(2, 27, 85).
cost(2, 28, 61).
cost(2, 29, 34).
cost(2, 30, 53).
cost(3, 1, 92).
cost(3, 2, 72).
cost(3, 4, 38).
cost(3, 5, 78).
cost(3, 6, 74).
cost(3, 7, 45).
cost(3, 8, 33).
cost(3, 9, 73).
cost(3, 10, 64).
cost(3, 11, 39).
cost(3, 12, 81).
cost(3, 13, 44).
cost(3, 14, 90).
cost(3, 15, 28).
cost(3, 16, 60).
cost(3, 17, 47).
cost(3, 18, 61).
cost(3, 19, 40).
cost(3, 20, 10).
cost(3, 21, 24).
cost(3, 22, 11).
cost(3, 23, 54).
cost(3, 24, 69).
cost(3, 25, 79).
cost(3, 26, 16).
cost(3, 27, 44).
cost(3, 28, 43).
cost(3, 29, 40).
cost(3, 30, 79).
cost(4, 1, 107).
cost(4, 2, 72).
cost(4, 3, 38).
cost(4, 5, 67).
cost(4, 6, 99).
cost(4, 7, 8).
cost(4, 8, 11).
cost(4, 9, 92).
cost(4, 10, 90).
cost(4, 11, 18).
cost(4, 12, 99).
cost(4, 13, 66).
cost(4, 14, 96).
cost(4, 15, 65).
cost(4, 16, 74).
cost(4, 17, 64).
cost(4, 18, 58).
cost(4, 19, 57).
cost(4, 20, 46).
cost(4, 21, 19).
cost(4, 22, 36).
cost(4, 23, 28).
cost(4, 24, 62).
cost(4, 25, 65).
cost(4, 26, 53).
cost(4, 27, 12).
cost(4, 28, 74).
cost(4, 29, 53).
cost(4, 30, 101).
cost(5, 1, 66).
cost(5, 2, 23).
cost(5, 3, 78).
cost(5, 4, 67).
cost(5, 6, 80).
cost(5, 7, 64).
cost(5, 8, 58).
cost(5, 9, 63).
cost(5, 10, 75).
cost(5, 11, 49).
cost(5, 12, 66).
cost(5, 13, 59).
cost(5, 14, 43).
cost(5, 15, 90).
cost(5, 16, 48).
cost(5, 17, 52).
cost(5, 18, 19).
cost(5, 19, 51).
cost(5, 20, 78).
cost(5, 21, 80).
cost(5, 22, 67).
cost(5, 23, 41).
cost(5, 24, 10).
cost(5, 25, 5).
cost(5, 26, 84).
cost(5, 27, 78).
cost(5, 28, 78).
cost(5, 29, 47).
cost(5, 30, 76).
cost(6, 1, 32).
cost(6, 2, 57).
cost(6, 3, 74).
cost(6, 4, 99).
cost(6, 5, 80).
cost(6, 7, 103).
cost(6, 8, 89).
cost(6, 9, 18).
cost(6, 10, 10).
cost(6, 11, 87).
cost(6, 12, 19).
cost(6, 13, 34).
cost(6, 14, 51).
cost(6, 15, 57).
cost(6, 16, 32).
cost(6, 17, 36).
cost(6, 18, 64).
cost(6, 19, 43).
cost(6, 20, 66).
cost(6, 21, 95).
cost(6, 22, 67).
cost(6, 23, 94).
cost(6, 24, 71).
cost(6, 25, 85).
cost(6, 26, 63).
cost(6, 27, 110).
cost(6, 28, 33).
cost(6, 29, 47).
cost(6, 30, 8).
cost(7, 1, 109).
cost(7, 2, 72).
cost(7, 3, 45).
cost(7, 4, 8).
cost(7, 5, 64).
cost(7, 6, 103).
cost(7, 8, 15).
cost(7, 9, 95).
cost(7, 10, 94).
cost(7, 11, 18).
cost(7, 12, 102).
cost(7, 13, 70).
cost(7, 14, 96).
cost(7, 15, 72).
cost(7, 16, 77).
cost(7, 17, 68).
cost(7, 18, 57).
cost(7, 19, 60).
cost(7, 20, 53).
cost(7, 21, 27).
cost(7, 22, 42).
cost(7, 23, 24).
cost(7, 24, 60).
cost(7, 25, 62).
cost(7, 26, 60).
cost(7, 27, 14).
cost(7, 28, 79).
cost(7, 29, 57).
cost(7, 30, 105).
cost(8, 1, 96).
cost(8, 2, 62).
cost(8, 3, 33).
cost(8, 4, 11).
cost(8, 5, 58).
cost(8, 6, 89).
cost(8, 7, 15).
cost(8, 9, 81).
cost(8, 10, 80).
cost(8, 11, 9).
cost(8, 12, 88).
cost(8, 13, 55).
cost(8, 14, 85).
cost(8, 15, 58).
cost(8, 16, 63).
cost(8, 17, 54).
cost(8, 18, 47).
cost(8, 19, 46).
cost(8, 20, 40).
cost(8, 21, 22).
cost(8, 22, 28).
cost(8, 23, 23).
cost(8, 24, 52).
cost(8, 25, 57).
cost(8, 26, 47).
cost(8, 27, 23).
cost(8, 28, 65).
cost(8, 29, 43).
cost(8, 30, 90).
cost(9, 1, 20).
cost(9, 2, 41).
cost(9, 3, 73).
cost(9, 4, 92).
cost(9, 5, 63).
cost(9, 6, 18).
cost(9, 7, 95).
cost(9, 8, 81).
cost(9, 10, 19).
cost(9, 11, 78).
cost(9, 12, 7).
cost(9, 13, 30).
cost(9, 14, 34).
cost(9, 15, 63).
cost(9, 16, 19).
cost(9, 17, 28).
cost(9, 18, 49).
cost(9, 19, 36).
cost(9, 20, 66).
cost(9, 21, 92).
cost(9, 22, 64).
cost(9, 23, 83).
cost(9, 24, 55).
cost(9, 25, 68).
cost(9, 26, 66).
cost(9, 27, 104).
cost(9, 28, 39).
cost(9, 29, 39).
cost(9, 30, 13).
cost(10, 1, 37).
cost(10, 2, 54).
cost(10, 3, 64).
cost(10, 4, 90).
cost(10, 5, 75).
cost(10, 6, 10).
cost(10, 7, 94).
cost(10, 8, 80).
cost(10, 9, 19).
cost(10, 11, 78).
cost(10, 12, 24).
cost(10, 13, 25).
cost(10, 14, 52).
cost(10, 15, 48).
cost(10, 16, 27).
cost(10, 17, 28).
cost(10, 18, 58).
cost(10, 19, 34).
cost(10, 20, 56).
cost(10, 21, 86).
cost(10, 22, 58).
cost(10, 23, 86).
cost(10, 24, 66).
cost(10, 25, 80).
cost(10, 26, 54).
cost(10, 27, 101).
cost(10, 28, 23).
cost(10, 29, 39).
cost(10, 30, 16).
cost(11, 1, 91).
cost(11, 2, 55).
cost(11, 3, 39).
cost(11, 4, 18).
cost(11, 5, 49).
cost(11, 6, 87).
cost(11, 7, 18).
cost(11, 8, 9).
cost(11, 9, 78).
cost(11, 10, 78).
cost(11, 12, 84).
cost(11, 13, 54).
cost(11, 14, 79).
cost(11, 15, 63).
cost(11, 16, 59).
cost(11, 17, 51).
cost(11, 18, 40).
cost(11, 19, 44).
cost(11, 20, 45).
cost(11, 21, 32).
cost(11, 22, 33).
cost(11, 23, 15).
cost(11, 24, 44).
cost(11, 25, 48).
cost(11, 26, 52).
cost(11, 27, 30).
cost(11, 28, 66).
cost(11, 29, 40).
cost(11, 30, 88).
cost(12, 1, 14).
cost(12, 2, 44).
cost(12, 3, 81).
cost(12, 4, 99).
cost(12, 5, 66).
cost(12, 6, 19).
cost(12, 7, 102).
cost(12, 8, 88).
cost(12, 9, 7).
cost(12, 10, 24).
cost(12, 11, 84).
cost(12, 13, 37).
cost(12, 14, 33).
cost(12, 15, 70).
cost(12, 16, 25).
cost(12, 17, 35).
cost(12, 18, 54).
cost(12, 19, 43).
cost(12, 20, 73).
cost(12, 21, 99).
cost(12, 22, 72).
cost(12, 23, 88).
cost(12, 24, 59).
cost(12, 25, 72).
cost(12, 26, 73).
cost(12, 27, 111).
cost(12, 28, 45).
cost(12, 29, 46).
cost(12, 30, 12).
cost(13, 1, 49).
cost(13, 2, 42).
cost(13, 3, 44).
cost(13, 4, 66).
cost(13, 5, 59).
cost(13, 6, 34).
cost(13, 7, 70).
cost(13, 8, 55).
cost(13, 9, 30).
cost(13, 10, 25).
cost(13, 11, 54).
cost(13, 12, 37).
cost(13, 14, 52).
cost(13, 15, 37).
cost(13, 16, 19).
cost(13, 17, 7).
cost(13, 18, 40).
cost(13, 19, 10).
cost(13, 20, 37).
cost(13, 21, 63).
cost(13, 22, 35).
cost(13, 23, 63).
cost(13, 24, 49).
cost(13, 25, 63).
cost(13, 26, 37).
cost(13, 27, 77).
cost(13, 28, 19).
cost(13, 29, 15).
cost(13, 30, 36).
cost(14, 1, 26).
cost(14, 2, 24).
cost(14, 3, 90).
cost(14, 4, 96).
cost(14, 5, 43).
cost(14, 6, 51).
cost(14, 7, 96).
cost(14, 8, 85).
cost(14, 9, 34).
cost(14, 10, 52).
cost(14, 11, 79).
cost(14, 12, 33).
cost(14, 13, 52).
cost(14, 15, 89).
cost(14, 16, 33).
cost(14, 17, 46).
cost(14, 18, 39).
cost(14, 19, 51).
cost(14, 20, 86).
cost(14, 21, 102).
cost(14, 22, 79).
cost(14, 23, 77).
cost(14, 24, 40).
cost(14, 25, 48).
cost(14, 26, 88).
cost(14, 27, 108).
cost(14, 28, 67).
cost(14, 29, 50).
cost(14, 30, 45).
cost(15, 1, 83).
cost(15, 2, 77).
cost(15, 3, 28).
cost(15, 4, 65).
cost(15, 5, 90).
cost(15, 6, 57).
cost(15, 7, 72).
cost(15, 8, 58).
cost(15, 9, 63).
cost(15, 10, 48).
cost(15, 11, 63).
cost(15, 12, 70).
cost(15, 13, 37).
cost(15, 14, 89).
cost(15, 16, 56).
cost(15, 17, 43).
cost(15, 18, 71).
cost(15, 19, 40).
cost(15, 20, 19).
cost(15, 21, 51).
cost(15, 22, 30).
cost(15, 23, 77).
cost(15, 24, 80).
cost(15, 25, 93).
cost(15, 26, 12).
cost(15, 27, 72).
cost(15, 28, 25).
cost(15, 29, 44).
cost(15, 30, 64).
cost(16, 1, 33).
cost(16, 2, 27).
cost(16, 3, 60).
cost(16, 4, 74).
cost(16, 5, 48).
cost(16, 6, 32).
cost(16, 7, 77).
cost(16, 8, 63).
cost(16, 9, 19).
cost(16, 10, 27).
cost(16, 11, 59).
cost(16, 12, 25).
cost(16, 13, 19).
cost(16, 14, 33).
cost(16, 15, 56).
cost(16, 17, 14).
cost(16, 18, 32).
cost(16, 19, 20).
cost(16, 20, 54).
cost(16, 21, 76).
cost(16, 22, 50).
cost(16, 23, 64).
cost(16, 24, 39).
cost(16, 25, 53).
cost(16, 26, 56).
cost(16, 27, 86).
cost(16, 28, 35).
cost(16, 29, 21).
cost(16, 30, 30).
cost(17, 1, 46).
cost(17, 2, 35).
cost(17, 3, 47).
cost(17, 4, 64).
cost(17, 5, 52).
cost(17, 6, 36).
cost(17, 7, 68).
cost(17, 8, 54).
cost(17, 9, 28).
cost(17, 10, 28).
cost(17, 11, 51).
cost(17, 12, 35).
cost(17, 13, 7).
cost(17, 14, 46).
cost(17, 15, 43).
cost(17, 16, 14).
cost(17, 18, 33).
cost(17, 19, 8).
cost(17, 20, 41).
cost(17, 21, 64).
cost(17, 22, 37).
cost(17, 23, 59).
cost(17, 24, 42).
cost(17, 25, 56).
cost(17, 26, 42).
cost(17, 27, 76).
cost(17, 28, 26).
cost(17, 29, 11).
cost(17, 30, 37).
cost(18, 1, 57).
cost(18, 2, 15).
cost(18, 3, 61).
cost(18, 4, 58).
cost(18, 5, 19).
cost(18, 6, 64).
cost(18, 7, 57).
cost(18, 8, 47).
cost(18, 9, 49).
cost(18, 10, 58).
cost(18, 11, 40).
cost(18, 12, 54).
cost(18, 13, 40).
cost(18, 14, 39).
cost(18, 15, 71).
cost(18, 16, 32).
cost(18, 17, 33).
cost(18, 19, 32).
cost(18, 20, 60).
cost(18, 21, 67).
cost(18, 22, 50).
cost(18, 23, 38).
cost(18, 24, 9).
cost(18, 25, 23).
cost(18, 26, 65).
cost(18, 27, 70).
cost(18, 28, 59).
cost(18, 29, 27).
cost(18, 30, 61).
cost(19, 1, 53).
cost(19, 2, 37).
cost(19, 3, 40).
cost(19, 4, 57).
cost(19, 5, 51).
cost(19, 6, 43).
cost(19, 7, 60).
cost(19, 8, 46).
cost(19, 9, 36).
cost(19, 10, 34).
cost(19, 11, 44).
cost(19, 12, 43).
cost(19, 13, 10).
cost(19, 14, 51).
cost(19, 15, 40).
cost(19, 16, 20).
cost(19, 17, 8).
cost(19, 18, 32).
cost(19, 20, 34).
cost(19, 21, 56).
cost(19, 22, 29).
cost(19, 23, 53).
cost(19, 24, 41).
cost(19, 25, 55).
cost(19, 26, 37).
cost(19, 27, 68).
cost(19, 28, 27).
cost(19, 29, 5).
cost(19, 30, 45).
cost(20, 1, 85).
cost(20, 2, 69).
cost(20, 3, 10).
cost(20, 4, 46).
cost(20, 5, 78).
cost(20, 6, 66).
cost(20, 7, 53).
cost(20, 8, 40).
cost(20, 9, 66).
cost(20, 10, 56).
cost(20, 11, 45).
cost(20, 12, 73).
cost(20, 13, 37).
cost(20, 14, 86).
cost(20, 15, 19).
cost(20, 16, 54).
cost(20, 17, 41).
cost(20, 18, 60).
cost(20, 19, 34).
cost(20, 21, 34).
cost(20, 22, 12).
cost(20, 23, 59).
cost(20, 24, 69).
cost(20, 25, 80).
cost(20, 26, 7).
cost(20, 27, 53).
cost(20, 28, 34).
cost(20, 29, 36).
cost(20, 30, 70).
cost(21, 1, 109).
cost(21, 2, 80).
cost(21, 3, 24).
cost(21, 4, 19).
cost(21, 5, 80).
cost(21, 6, 95).
cost(21, 7, 27).
cost(21, 8, 22).
cost(21, 9, 92).
cost(21, 10, 86).
cost(21, 11, 32).
cost(21, 12, 99).
cost(21, 13, 63).
cost(21, 14, 102).
cost(21, 15, 51).
cost(21, 16, 76).
cost(21, 17, 64).
cost(21, 18, 67).
cost(21, 19, 56).
cost(21, 20, 34).
cost(21, 22, 28).
cost(21, 23, 45).
cost(21, 24, 73).
cost(21, 25, 79).
cost(21, 26, 40).
cost(21, 27, 21).
cost(21, 28, 66).
cost(21, 29, 54).
cost(21, 30, 99).
cost(22, 1, 83).
cost(22, 2, 61).
cost(22, 3, 11).
cost(22, 4, 36).
cost(22, 5, 67).
cost(22, 6, 67).
cost(22, 7, 42).
cost(22, 8, 28).
cost(22, 9, 64).
cost(22, 10, 58).
cost(22, 11, 33).
cost(22, 12, 72).
cost(22, 13, 35).
cost(22, 14, 79).
cost(22, 15, 30).
cost(22, 16, 50).
cost(22, 17, 37).
cost(22, 18, 50).
cost(22, 19, 29).
cost(22, 20, 12).
cost(22, 21, 28).
cost(22, 23, 47).
cost(22, 24, 58).
cost(22, 25, 69).
cost(22, 26, 20).
cost(22, 27, 45).
cost(22, 28, 39).
cost(22, 29, 30).
cost(22, 30, 71).
cost(23, 1, 94).
cost(23, 2, 52).
cost(23, 3, 54).
cost(23, 4, 28).
cost(23, 5, 41).
cost(23, 6, 94).
cost(23, 7, 24).
cost(23, 8, 23).
cost(23, 9, 83).
cost(23, 10, 86).
cost(23, 11, 15).
cost(23, 12, 88).
cost(23, 13, 63).
cost(23, 14, 77).
cost(23, 15, 77).
cost(23, 16, 64).
cost(23, 17, 59).
cost(23, 18, 38).
cost(23, 19, 53).
cost(23, 20, 59).
cost(23, 21, 45).
cost(23, 22, 47).
cost(23, 24, 38).
cost(23, 25, 38).
cost(23, 26, 67).
cost(23, 27, 38).
cost(23, 28, 77).
cost(23, 29, 48).
cost(23, 30, 94).
cost(24, 1, 60).
cost(24, 2, 16).
cost(24, 3, 69).
cost(24, 4, 62).
cost(24, 5, 10).
cost(24, 6, 71).
cost(24, 7, 60).
cost(24, 8, 52).
cost(24, 9, 55).
cost(24, 10, 66).
cost(24, 11, 44).
cost(24, 12, 59).
cost(24, 13, 49).
cost(24, 14, 40).
cost(24, 15, 80).
cost(24, 16, 39).
cost(24, 17, 42).
cost(24, 18, 9).
cost(24, 19, 41).
cost(24, 20, 69).
cost(24, 21, 73).
cost(24, 22, 58).
cost(24, 23, 38).
cost(24, 25, 14).
cost(24, 26, 74).
cost(24, 27, 73).
cost(24, 28, 68).
cost(24, 29, 36).
cost(24, 30, 68).
cost(25, 1, 71).
cost(25, 2, 28).
cost(25, 3, 79).
cost(25, 4, 65).
cost(25, 5, 5).
cost(25, 6, 85).
cost(25, 7, 62).
cost(25, 8, 57).
cost(25, 9, 68).
cost(25, 10, 80).
cost(25, 11, 48).
cost(25, 12, 72).
cost(25, 13, 63).
cost(25, 14, 48).
cost(25, 15, 93).
cost(25, 16, 53).
cost(25, 17, 56).
cost(25, 18, 23).
cost(25, 19, 55).
cost(25, 20, 80).
cost(25, 21, 79).
cost(25, 22, 69).
cost(25, 23, 38).
cost(25, 24, 14).
cost(25, 26, 86).
cost(25, 27, 76).
cost(25, 28, 82).
cost(25, 29, 50).
cost(25, 30, 81).
cost(26, 1, 86).
cost(26, 2, 74).
cost(26, 3, 16).
cost(26, 4, 53).
cost(26, 5, 84).
cost(26, 6, 63).
cost(26, 7, 60).
cost(26, 8, 47).
cost(26, 9, 66).
cost(26, 10, 54).
cost(26, 11, 52).
cost(26, 12, 73).
cost(26, 13, 37).
cost(26, 14, 88).
cost(26, 15, 12).
cost(26, 16, 56).
cost(26, 17, 42).
cost(26, 18, 65).
cost(26, 19, 37).
cost(26, 20, 7).
cost(26, 21, 40).
cost(26, 22, 20).
cost(26, 23, 67).
cost(26, 24, 74).
cost(26, 25, 86).
cost(26, 27, 60).
cost(26, 28, 31).
cost(26, 29, 40).
cost(26, 30, 69).
cost(27, 1, 119).
cost(27, 2, 85).
cost(27, 3, 44).
cost(27, 4, 12).
cost(27, 5, 78).
cost(27, 6, 110).
cost(27, 7, 14).
cost(27, 8, 23).
cost(27, 9, 104).
cost(27, 10, 101).
cost(27, 11, 30).
cost(27, 12, 111).
cost(27, 13, 77).
cost(27, 14, 108).
cost(27, 15, 72).
cost(27, 16, 86).
cost(27, 17, 76).
cost(27, 18, 70).
cost(27, 19, 68).
cost(27, 20, 53).
cost(27, 21, 21).
cost(27, 22, 45).
cost(27, 23, 38).
cost(27, 24, 73).
cost(27, 25, 76).
cost(27, 26, 60).
cost(27, 28, 84).
cost(27, 29, 65).
cost(27, 30, 113).
cost(28, 1, 59).
cost(28, 2, 61).
cost(28, 3, 43).
cost(28, 4, 74).
cost(28, 5, 78).
cost(28, 6, 33).
cost(28, 7, 79).
cost(28, 8, 65).
cost(28, 9, 39).
cost(28, 10, 23).
cost(28, 11, 66).
cost(28, 12, 45).
cost(28, 13, 19).
cost(28, 14, 67).
cost(28, 15, 25).
cost(28, 16, 35).
cost(28, 17, 26).
cost(28, 18, 59).
cost(28, 19, 27).
cost(28, 20, 34).
cost(28, 21, 66).
cost(28, 22, 39).
cost(28, 23, 77).
cost(28, 24, 68).
cost(28, 25, 82).
cost(28, 26, 31).
cost(28, 27, 84).
cost(28, 29, 32).
cost(28, 30, 39).
cost(29, 1, 55).
cost(29, 2, 34).
cost(29, 3, 40).
cost(29, 4, 53).
cost(29, 5, 47).
cost(29, 6, 47).
cost(29, 7, 57).
cost(29, 8, 43).
cost(29, 9, 39).
cost(29, 10, 39).
cost(29, 11, 40).
cost(29, 12, 46).
cost(29, 13, 15).
cost(29, 14, 50).
cost(29, 15, 44).
cost(29, 16, 21).
cost(29, 17, 11).
cost(29, 18, 27).
cost(29, 19, 5).
cost(29, 20, 36).
cost(29, 21, 54).
cost(29, 22, 30).
cost(29, 23, 48).
cost(29, 24, 36).
cost(29, 25, 50).
cost(29, 26, 40).
cost(29, 27, 65).
cost(29, 28, 32).
cost(29, 30, 48).
cost(30, 1, 24).
cost(30, 2, 53).
cost(30, 3, 79).
cost(30, 4, 101).
cost(30, 5, 76).
cost(30, 6, 8).
cost(30, 7, 105).
cost(30, 8, 90).
cost(30, 9, 13).
cost(30, 10, 16).
cost(30, 11, 88).
cost(30, 12, 12).
cost(30, 13, 36).
cost(30, 14, 45).
cost(30, 15, 64).
cost(30, 16, 30).
cost(30, 17, 37).
cost(30, 18, 61).
cost(30, 19, 45).
cost(30, 20, 70).
cost(30, 21, 99).
cost(30, 22, 71).
cost(30, 23, 94).
cost(30, 24, 68).
cost(30, 25, 81).
cost(30, 26, 69).
cost(30, 27, 113).
cost(30, 28, 39).
cost(30, 29, 48).
