dimension(30).
point(1, 90.036001979, 25.7753626659).
point(2, 78.793980138, 43.0426097378).
point(3, 59.000639311, 86.3352288626).
point(4, 62.5423645638, 17.2792353388).
point(5, 96.5765662721, 67.5458597046).
point(6, 98.228020333, 64.1089836994).
point(7, 27.9941482977, 50.6030918725).
point(8, 15.3808538774, 80.0722202091).
point(9, 44.492526558, 63.0797089337).
point(10, 38.051328714, 30.2084703933).
point(11, 71.9350704065, 62.2549053612).
point(12, 78.166436304, 7.1217600524).
point(13, 13.0926837144, 44.3856527622).
point(14, 67.9410788437, 50.1579010781).
point(15, 24.3600490363, 71.1998208067).
point(16, 53.3978270102, 52.8523281701).
point(17, 43.0905318619, 62.3066534594).
point(18, 15.2903575285, 70.4344756509).
point(19, 30.5021497344, 37.6370070699).
point(20, 88.475683405, 78.4508196213).
point(21, 47.8662803643, 8.6242984312).
point(22, 4.1043692422, 55.5135816724).
point(23, 47.9581270657, 24.1342605886).
point(24, 45.848276796, 96.8213273091).
point(25, 31.6828823905, 15.8167515609).
point(26, 10.3455783438, 54.8034154142).
point(27, 87.9301637266, 8.5985372954).
point(28, 99.1124150513, 70.0861888625).
point(29, 20.6858846723, 30.3477933026).
point(30, 69.7478349936, 3.7152622359).
cost(1, 2, 21).
cost(1, 3, 68).
cost(1, 4, 29).
cost(1, 5, 42).
cost(1, 6, 39).
cost(1, 7, 67).
cost(1, 8, 92).
cost(1, 9, 59).
cost(1, 10, 52).
cost(1, 11, 41).
cost(1, 12, 22).
cost(1, 13, 79).
cost(1, 14, 33).
cost(1, 15, 80).
cost(1, 16, 46).
cost(1, 17, 59).
cost(1, 18, 87).
cost(1, 19, 61).
cost(1, 20, 53).
cost(1, 21, 46).
cost(1, 22, 91).
cost(1, 23, 42).
cost(1, 24, 84).
cost(1, 25, 59).
cost(1, 26, 85).
cost(1, 27, 17).
cost(1, 28, 45).
cost(1, 29, 70).
cost(1, 30, 30).
cost(2, 1, 21).
cost(2, 3, 48).
cost(2, 4, 30).
cost(2, 5, 30).
cost(2, 6, 29).
cost(2, 7, 51).
cost(2, 8, 73).
cost(2, 9, 40).
cost(2, 10, 43).
cost(2, 11, 20).
cost(2, 12, 36).
cost(2, 13, 66).
cost(2, 14, 13).
cost(2, 15, 61).
cost(2, 16, 27).
cost(2, 17, 41).
cost(2, 18, 69).
cost(2, 19, 49).
cost(2, 20, 37).
cost(2, 21, 46).
cost(2, 22, 76).
cost(2, 23, 36).
cost(2, 24, 63).
cost(2, 25, 54).
cost(2, 26, 69).
cost(2, 27, 36).
cost(2, 28, 34).
cost(2, 29, 59).
cost(2, 30, 40).
cost(3, 1, 68).
cost(3, 2, 48).
cost(3, 4, 69).
cost(3, 5, 42).
cost(3, 6, 45).
cost(3, 7, 47).
cost(3, 8, 44).
cost(3, 9, 27).
cost(3, 10, 60).
cost(3, 11, 27).
cost(3, 12, 81).
cost(3, 13, 62).
cost(3, 14, 37).
cost(3, 15, 38).
cost(3, 16, 34).
cost(3, 17, 29).
cost(3, 18, 47).
cost(3, 19, 56).
cost(3, 20, 31).
cost(3, 21, 79).
cost(3, 22, 63).
cost(3, 23, 63).
cost(3, 24, 17).
cost(3, 25, 76).
cost(3, 26, 58).
cost(3, 27, 83).
cost(3, 28, 43).
cost(3, 29, 68).
cost(3, 30, 83).
cost(4, 1, 29).
cost(4, 2, 30).
cost(4, 3, 69).
cost(4, 5, 61).
cost(4, 6, 59).
cost(4, 7, 48).
cost(4, 8, 79).
cost(4, 9, 49).
cost(4, 10, 28).
cost(4, 11, 46).
cost(4, 12, 19).
cost(4, 13, 56).
cost(4, 14, 33).
cost(4, 15, 66).
cost(4, 16, 37).
cost(4, 17, 49).
cost(4, 18, 71).
cost(4, 19, 38).
cost(4, 20, 66).
cost(4, 21, 17).
cost(4, 22, 70).
cost(4, 23, 16).
cost(4, 24, 81).
cost(4, 25, 31).
cost(4, 26, 64).
cost(4, 27, 27).
cost(4, 28, 64).
cost(4, 29, 44).
cost(4, 30, 15).
cost(5, 1, 42).
cost(5, 2, 30).
cost(5, 3, 42).
cost(5, 4, 61).
cost(5, 6, 4).
cost(5, 7, 71).
cost(5, 8, 82).
cost(5, 9, 52).
cost(5, 10, 69).
cost(5, 11, 25).
cost(5, 12, 63).
cost(5, 13, 87).
cost(5, 14, 34).
cost(5, 15, 72).
cost(5, 16, 46).
cost(5, 17, 54).
cost(5, 18, 81).
cost(5, 19, 73).
cost(5, 20, 14).
cost(5, 21, 76).
cost(5, 22, 93).
cost(5, 23, 65).
cost(5, 24, 59).
cost(5, 25, 83).
cost(5, 26, 87).
cost(5, 27, 60).
cost(5, 28, 4).
cost(5, 29, 85).
cost(5, 30, 69).
cost(6, 1, 39).
cost(6, 2, 29).
cost(6, 3, 45).
cost(6, 4, 59).
cost(6, 5, 4).
cost(6, 7, 72).
cost(6, 8, 84).
cost(6, 9, 54).
cost(6, 10, 69).
cost(6, 11, 26).
cost(6, 12, 60).
cost(6, 13, 87).
cost(6, 14, 33).
cost(6, 15, 74).
cost(6, 16, 46).
cost(6, 17, 55).
cost(6, 18, 83).
cost(6, 19, 73).
cost(6, 20, 17).
cost(6, 21, 75).
cost(6, 22, 95).
cost(6, 23, 64).
cost(6, 24, 62).
cost(6, 25, 82).
cost(6, 26, 88).
cost(6, 27, 56).
cost(6, 28, 6).
cost(6, 29, 85).
cost(6, 30, 67).
cost(7, 1, 67).
cost(7, 2, 51).
cost(7, 3, 47).
cost(7, 4, 48).
cost(7, 5, 71).
cost(7, 6, 72).
cost(7, 8, 32).
cost(7, 9, 21).
cost(7, 10, 23).
cost(7, 11, 45).
cost(7, 12, 66).
cost(7, 13, 16).
cost(7, 14, 40).
cost(7, 15, 21).
cost(7, 16, 26).
cost(7, 17, 19).
cost(7, 18, 24).
cost(7, 19, 13).
cost(7, 20, 67).
cost(7, 21, 46).
cost(7, 22, 24).
cost(7, 23, 33).
cost(7, 24, 50).
cost(7, 25, 35).
cost(7, 26, 18).
cost(7, 27, 73).
cost(7, 28, 74).
cost(7, 29, 22).
cost(7, 30, 63).
cost(8, 1, 92).
cost(8, 2, 73).
cost(8, 3, 44).
cost(8, 4, 79).
cost(8, 5, 82).
cost(8, 6, 84).
cost(8, 7, 32).
cost(8, 9, 34).
cost(8, 10, 55).
cost(8, 11, 59).
cost(8, 12, 96).
cost(8, 13, 36).
cost(8, 14, 60).
cost(8, 15, 13).
cost(8, 16, 47).
cost(8, 17, 33).
cost(8, 18, 10).
cost(8, 19, 45).
cost(8, 20, 73).
cost(8, 21, 78).
cost(8, 22, 27).
cost(8, 23, 65).
cost(8, 24, 35).
cost(8, 25, 66).
cost(8, 26, 26).
cost(8, 27, 102).
cost(8, 28, 84).
cost(8, 29, 50).
cost(8, 30, 94).
cost(9, 1, 59).
cost(9, 2, 40).
cost(9, 3, 27).
cost(9, 4, 49).
cost(9, 5, 52).
cost(9, 6, 54).
cost(9, 7, 21).
cost(9, 8, 34).
cost(9, 10, 33).
cost(9, 11, 27).
cost(9, 12, 65).
cost(9, 13, 37).
cost(9, 14, 27).
cost(9, 15, 22).
cost(9, 16, 14).
cost(9, 17, 2).
cost(9, 18, 30).
cost(9, 19, 29).
cost(9, 20, 47).
cost(9, 21, 55).
cost(9, 22, 41).
cost(9, 23, 39).
cost(9, 24, 34).
cost(9, 25, 49).
cost(9, 26, 35).
cost(9, 27, 70).
cost(9, 28, 55).
cost(9, 29, 40).
cost(9, 30, 65).
cost(10, 1, 52).
cost(10, 2, 43).
cost(10, 3, 60).
cost(10, 4, 28).
cost(10, 5, 69).
cost(10, 6, 69).
cost(10, 7, 23).
cost(10, 8, 55).
cost(10, 9, 33).
cost(10, 11, 47).
cost(10, 12, 46).
cost(10, 13, 29).
cost(10, 14, 36).
cost(10, 15, 43).
cost(10, 16, 27).
cost(10, 17, 32).
cost(10, 18, 46).
cost(10, 19, 11).
cost(10, 20, 70).
cost(10, 21, 24).
cost(10, 22, 42).
cost(10, 23, 12).
cost(10, 24, 67).
cost(10, 25, 16).
cost(10, 26, 37).
cost(10, 27, 54).
cost(10, 28, 73).
cost(10, 29, 17).
cost(10, 30, 41).
cost(11, 1, 41).
cost(11, 2, 20).
cost(11, 3, 27).
cost(11, 4, 46).
cost(11, 5, 25).
cost(11, 6, 26).
cost(11, 7, 45).
cost(11, 8, 59).
cost(11, 9, 27).
cost(11, 10, 47).
cost(11, 12, 55).
cost(11, 13, 61).
cost(11, 14, 13).
cost(11, 15, 48).
cost(11, 16, 21).
cost(11, 17, 29).
cost(11, 18, 57).
cost(11, 19, 48).
cost(11, 20, 23).
cost(11, 21, 59).
cost(11, 22, 68).
cost(11, 23, 45).
cost(11, 24, 43).
cost(11, 25, 61).
cost(11, 26, 62).
cost(11, 27, 56).
cost(11, 28, 28).
cost(11, 29, 60).
cost(11, 30, 59).
cost(12, 1, 22).
cost(12, 2, 36).
cost(12, 3, 81).
cost(12, 4, 19).
cost(12, 5, 63).
cost(12, 6, 60).
cost(12, 7, 66).
cost(12, 8, 96).
cost(12, 9, 65).
cost(12, 10, 46).
cost(12, 11, 55).
cost(12, 13, 75).
cost(12, 14, 44).
cost(12, 15, 84).
cost(12, 16, 52).
cost(12, 17, 65).
cost(12, 18, 89).
cost(12, 19, 57).
cost(12, 20, 72).
cost(12, 21, 30).
cost(12, 22, 88).
cost(12, 23, 35).
cost(12, 24, 95).
cost(12, 25, 47).
cost(12, 26, 83).
cost(12, 27, 10).
cost(12, 28, 66).
cost(12, 29, 62).
cost(12, 30, 9).
cost(13, 1, 79).
cost(13, 2, 66).
cost(13, 3, 62).
cost(13, 4, 56).
cost(13, 5, 87).
cost(13, 6, 87).
cost(13, 7, 16).
cost(13, 8, 36).
cost(13, 9, 37).
cost(13, 10, 29).
cost(13, 11, 61).
cost(13, 12, 75).
cost(13, 14, 55).
cost(13, 15, 29).
cost(13, 16, 41).
cost(13, 17, 35).
cost(13, 18, 26).
cost(13, 19, 19).
cost(13, 20, 83).
cost(13, 21, 50).
cost(13, 22, 14).
cost(13, 23, 40).
cost(13, 24, 62).
cost(13, 25, 34).
cost(13, 26, 11).
cost(13, 27, 83).
cost(13, 28, 90).
cost(13, 29, 16).
cost(13, 30, 70).
cost(14, 1, 33).
cost(14, 2, 13).
cost(14, 3, 37).
cost(14, 4, 33).
cost(14, 5, 34).
cost(14, 6, 33).
cost(14, 7, 40).
cost(14, 8, 60).
cost(14, 9, 27).
cost(14, 10, 36).
cost(14, 11, 13).
cost(14, 12, 44).
cost(14, 13, 55).
cost(14, 15, 48).
cost(14, 16, 15).
cost(14, 17, 28).
cost(14, 18, 56).
cost(14, 19, 39).
cost(14, 20, 35).
cost(14, 21, 46).
cost(14, 22, 64).
cost(14, 23, 33).
cost(14, 24, 52).
cost(14, 25, 50).
cost(14, 26, 58).
cost(14, 27, 46).
cost(14, 28, 37).
cost(14, 29, 51).
cost(14, 30, 46).
cost(15, 1, 80).
cost(15, 2, 61).
cost(15, 3, 38).
cost(15, 4, 66).
cost(15, 5, 72).
cost(15, 6, 74).
cost(15, 7, 21).
cost(15, 8, 13).
cost(15, 9, 22).
cost(15, 10, 43).
cost(15, 11, 48).
cost(15, 12, 84).
cost(15, 13, 29).
cost(15, 14, 48).
cost(15, 16, 34).
cost(15, 17, 21).
cost(15, 18, 9).
cost(15, 19, 34).
cost(15, 20, 65).
cost(15, 21, 67).
cost(15, 22, 26).
cost(15, 23, 53).
cost(15, 24, 33).
cost(15, 25, 56).
cost(15, 26, 22).
cost(15, 27, 89).
cost(15, 28, 75).
cost(15, 29, 41).
cost(15, 30, 81).
cost(16, 1, 46).
cost(16, 2, 27).
cost(16, 3, 34).
cost(16, 4, 37).
cost(16, 5, 46).
cost(16, 6, 46).
cost(16, 7, 26).
cost(16, 8, 47).
cost(16, 9, 14).
cost(16, 10, 27).
cost(16, 11, 21).
cost(16, 12, 52).
cost(16, 13, 41).
cost(16, 14, 15).
cost(16, 15, 34).
cost(16, 17, 14).
cost(16, 18, 42).
cost(16, 19, 27).
cost(16, 20, 43).
cost(16, 21, 45).
cost(16, 22, 49).
cost(16, 23, 29).
cost(16, 24, 45).
cost(16, 25, 43).
cost(16, 26, 43).
cost(16, 27, 56).
cost(16, 28, 49).
cost(16, 29, 40).
cost(16, 30, 52).
cost(17, 1, 59).
cost(17, 2, 41).
cost(17, 3, 29).
cost(17, 4, 49).
cost(17, 5, 54).
cost(17, 6, 55).
cost(17, 7, 19).
cost(17, 8, 33).
cost(17, 9, 2).
cost(17, 10, 32).
cost(17, 11, 29).
cost(17, 12, 65).
cost(17, 13, 35).
cost(17, 14, 28).
cost(17, 15, 21).
cost(17, 16, 14).
cost(17, 18, 29).
cost(17, 19, 28).
cost(17, 20, 48).
cost(17, 21, 54).
cost(17, 22, 40).
cost(17, 23, 38).
cost(17, 24, 35).
cost(17, 25, 48).
cost(17, 26, 34).
cost(17, 27, 70).
cost(17, 28, 57).
cost(17, 29, 39).
cost(17, 30, 64).
cost(18, 1, 87).
cost(18, 2, 69).
cost(18, 3, 47).
cost(18, 4, 71).
cost(18, 5, 81).
cost(18, 6, 83).
cost(18, 7, 24).
cost(18, 8, 10).
cost(18, 9, 30).
cost(18, 10, 46).
cost(18, 11, 57).
cost(18, 12, 89).
cost(18, 13, 26).
cost(18, 14, 56).
cost(18, 15, 9).
cost(18, 16, 42).
cost(18, 17, 29).
cost(18, 19, 36).
cost(18, 20, 74).
cost(18, 21, 70).
cost(18, 22, 19).
cost(18, 23, 57).
cost(18, 24, 40).
cost(18, 25, 57).
cost(18, 26, 16).
cost(18, 27, 95).
cost(18, 28, 84).
cost(18, 29, 40).
cost(18, 30, 86).
cost(19, 1, 61).
cost(19, 2, 49).
cost(19, 3, 56).
cost(19, 4, 38).
cost(19, 5, 73).
cost(19, 6, 73).
cost(19, 7, 13).
cost(19, 8, 45).
cost(19, 9, 29).
cost(19, 10, 11).
cost(19, 11, 48).
cost(19, 12, 57).
cost(19, 13, 19).
cost(19, 14, 39).
cost(19, 15, 34).
cost(19, 16, 27).
cost(19, 17, 28).
cost(19, 18, 36).
cost(19, 20, 71).
cost(19, 21, 34).
cost(19, 22, 32).
cost(19, 23, 22).
cost(19, 24, 61).
cost(19, 25, 22).
cost(19, 26, 26).
cost(19, 27, 64).
cost(19, 28, 76).
cost(19, 29, 12).
cost(19, 30, 52).
cost(20, 1, 53).
cost(20, 2, 37).
cost(20, 3, 31).
cost(20, 4, 66).
cost(20, 5, 14).
cost(20, 6, 17).
cost(20, 7, 67).
cost(20, 8, 73).
cost(20, 9, 47).
cost(20, 10, 70).
cost(20, 11, 23).
cost(20, 12, 72).
cost(20, 13, 83).
cost(20, 14, 35).
cost(20, 15, 65).
cost(20, 16, 43).
cost(20, 17, 48).
cost(20, 18, 74).
cost(20, 19, 71).
cost(20, 21, 81).
cost(20, 22, 87).
cost(20, 23, 68).
cost(20, 24, 46).
cost(20, 25, 85).
cost(20, 26, 82).
cost(20, 27, 70).
cost(20, 28, 14).
cost(20, 29, 83).
cost(20, 30, 77).
cost(21, 1, 46).
cost(21, 2, 46).
cost(21, 3, 79).
cost(21, 4, 17).
cost(21, 5, 76).
cost(21, 6, 75).
cost(21, 7, 46).
cost(21, 8, 78).
cost(21, 9, 55).
cost(21, 10, 24).
cost(21, 11, 59).
cost(21, 12, 30).
cost(21, 13, 50).
cost(21, 14, 46).
cost(21, 15, 67).
cost(21, 16, 45).
cost(21, 17, 54).
cost(21, 18, 70).
cost(21, 19, 34).
cost(21, 20, 81).
cost(21, 22, 64).
cost(21, 23, 16).
cost(21, 24, 88).
cost(21, 25, 18).
cost(21, 26, 60).
cost(21, 27, 40).
cost(21, 28, 80).
cost(21, 29, 35).
cost(21, 30, 22).
cost(22, 1, 91).
cost(22, 2, 76).
cost(22, 3, 63).
cost(22, 4, 70).
cost(22, 5, 93).
cost(22, 6, 95).
cost(22, 7, 24).
cost(22, 8, 27).
cost(22, 9, 41).
cost(22, 10, 42).
cost(22, 11, 68).
cost(22, 12, 88).
cost(22, 13, 14).
cost(22, 14, 64).
cost(22, 15, 26).
cost(22, 16, 49).
cost(22, 17, 40).
cost(22, 18, 19).
cost(22, 19, 32).
cost(22, 20, 87).
cost(22, 21, 64).
cost(22, 23, 54).
cost(22, 24, 59).
cost(22, 25, 48).
cost(22, 26, 6).
cost(22, 27, 96).
cost(22, 28, 96).
cost(22, 29, 30).
cost(22, 30, 84).
cost(23, 1, 42).
cost(23, 2, 36).
cost(23, 3, 63).
cost(23, 4, 16).
cost(23, 5, 65).
cost(23, 6, 64).
cost(23, 7, 33).
cost(23, 8, 65).
cost(23, 9, 39).
cost(23, 10, 12).
cost(23, 11, 45).
cost(23, 12, 35).
cost(23, 13, 40).
cost(23, 14, 33).
cost(23, 15, 53).
cost(23, 16, 29).
cost(23, 17, 38).
cost(23, 18, 57).
cost(23, 19, 22).
cost(23, 20, 68).
cost(23, 21, 16).
cost(23, 22, 54).
cost(23, 24, 73).
cost(23, 25, 18).
cost(23, 26, 49).
cost(23, 27, 43).
cost(23, 28, 69).
cost(23, 29, 28).
cost(23, 30, 30).
cost(24, 1, 84).
cost(24, 2, 63).
cost(24, 3, 17).
cost(24, 4, 81).
cost(24, 5, 59).
cost(24, 6, 62).
cost(24, 7, 50).
cost(24, 8, 35).
cost(24, 9, 34).
cost(24, 10, 67).
cost(24, 11, 43).
cost(24, 12, 95).
cost(24, 13, 62).
cost(24, 14, 52).
cost(24, 15, 33).
cost(24, 16, 45).
cost(24, 17, 35).
cost(24, 18, 40).
cost(24, 19, 61).
cost(24, 20, 46).
cost(24, 21, 88).
cost(24, 22, 59).
cost(24, 23, 73).
cost(24, 25, 82).
cost(24, 26, 55).
cost(24, 27, 98).
cost(24, 28, 60).
cost(24, 29, 71).
cost(24, 30, 96).
cost(25, 1, 59).
cost(25, 2, 54).
cost(25, 3, 76).
cost(25, 4, 31).
cost(25, 5, 83).
cost(25, 6, 82).
cost(25, 7, 35).
cost(25, 8, 66).
cost(25, 9, 49).
cost(25, 10, 16).
cost(25, 11, 61).
cost(25, 12, 47).
cost(25, 13, 34).
cost(25, 14, 50).
cost(25, 15, 56).
cost(25, 16, 43).
cost(25, 17, 48).
cost(25, 18, 57).
cost(25, 19, 22).
cost(25, 20, 85).
cost(25, 21, 18).
cost(25, 22, 48).
cost(25, 23, 18).
cost(25, 24, 82).
cost(25, 26, 44).
cost(25, 27, 57).
cost(25, 28, 87).
cost(25, 29, 18).
cost(25, 30, 40).
cost(26, 1, 85).
cost(26, 2, 69).
cost(26, 3, 58).
cost(26, 4, 64).
cost(26, 5, 87).
cost(26, 6, 88).
cost(26, 7, 18).
cost(26, 8, 26).
cost(26, 9, 35).
cost(26, 10, 37).
cost(26, 11, 62).
cost(26, 12, 83).
cost(26, 13, 11).
cost(26, 14, 58).
cost(26, 15, 22).
cost(26, 16, 43).
cost(26, 17, 34).
cost(26, 18, 16).
cost(26, 19, 26).
cost(26, 20, 82).
cost(26, 21, 60).
cost(26, 22, 6).
cost(26, 23, 49).
cost(26, 24, 55).
cost(26, 25, 44).
cost(26, 27, 90).
cost(26, 28, 90).
cost(26, 29, 27).
cost(26, 30, 78).
cost(27, 1, 17).
cost(27, 2, 36).
cost(27, 3, 83).
cost(27, 4, 27).
cost(27, 5, 60).
cost(27, 6, 56).
cost(27, 7, 73).
cost(27, 8, 102).
cost(27, 9, 70).
cost(27, 10, 54).
cost(27, 11, 56).
cost(27, 12, 10).
cost(27, 13, 83).
cost(27, 14, 46).
cost(27, 15, 89).
cost(27, 16, 56).
cost(27, 17, 70).
cost(27, 18, 95).
cost(27, 19, 64).
cost(27, 20, 70).
cost(27, 21, 40).
cost(27, 22, 96).
cost(27, 23, 43).
cost(27, 24, 98).
cost(27, 25, 57).
cost(27, 26, 90).
cost(27, 28, 62).
cost(27, 29, 71).
cost(27, 30, 19).
cost(28, 1, 45).
cost(28, 2, 34).
cost(28, 3, 43).
cost(28, 4, 64).
cost(28, 5, 4).
cost(28, 6, 6).
cost(28, 7, 74).
cost(28, 8, 84).
cost(28, 9, 55).
cost(28, 10, 73).
cost(28, 11, 28).
cost(28, 12, 66).
cost(28, 13, 90).
cost(28, 14, 37).
cost(28, 15, 75).
cost(28, 16, 49).
cost(28, 17, 57).
cost(28, 18, 84).
cost(28, 19, 76).
cost(28, 20, 14).
cost(28, 21, 80).
cost(28, 22, 96).
cost(28, 23, 69).
cost(28, 24, 60).
cost(28, 25, 87).
cost(28, 26, 90).
cost(28, 27, 62).
cost(28, 29, 88).
cost(28, 30, 73).
cost(29, 1, 70).
cost(29, 2, 59).
cost(29, 3, 68).
cost(29, 4, 44).
cost(29, 5, 85).
cost(29, 6, 85).
cost(29, 7, 22).
cost(29, 8, 50).
cost(29, 9, 40).
cost(29, 10, 17).
cost(29, 11, 60).
cost(29, 12, 62).
cost(29, 13, 16).
cost(29, 14, 51).
cost(29, 15, 41).
cost(29, 16, 40).
cost(29, 17, 39).
cost(29, 18, 40).
cost(29, 19, 12).
cost(29, 20, 83).
cost(29, 21, 35).
cost(29, 22, 30).
cost(29, 23, 28).
cost(29, 24, 71).
cost(29, 25, 18).
cost(29, 26, 27).
cost(29, 27, 71).
cost(29, 28, 88).
cost(29, 30, 56).
cost(30, 1, 30).
cost(30, 2, 40).
cost(30, 3, 83).
cost(30, 4, 15).
cost(30, 5, 69).
cost(30, 6, 67).
cost(30, 7, 63).
cost(30, 8, 94).
cost(30, 9, 65).
cost(30, 10, 41).
cost(30, 11, 59).
cost(30, 12, 9).
cost(30, 13, 70).
cost(30, 14, 46).
cost(30, 15, 81).
cost(30, 16, 52).
cost(30, 17, 64).
cost(30, 18, 86).
cost(30, 19, 52).
cost(30, 20, 77).
cost(30, 21, 22).
cost(30, 22, 84).
cost(30, 23, 30).
cost(30, 24, 96).
cost(30, 25, 40).
cost(30, 26, 78).
cost(30, 27, 19).
cost(30, 28, 73).
cost(30, 29, 56).
