dimension(30).
point(1, 96.3702290142, 13.4864587584).
point(2, 29.9686207911, 57.4148762806).
point(3, 90.6546215768, 6.1464053841).
point(4, 31.3635170143, 32.1693827512).
point(5, 23.1210344351, 15.0866157469).
point(6, 49.0845495971, 57.6288728544).
point(7, 16.4121329233, 65.0379681479).
point(8, 12.0617901068, 72.9725798931).
point(9, 20.2608808388, 73.3910120903).
point(10, 22.0620343711, 38.4911310407).
point(11, 64.894790935, 39.6830710458).
point(12, 90.3244377314, 7.6089240702).
point(13, 70.8892069149, 14.2828964355).
point(14, 65.5232269814, 75.0637100358).
point(15, 76.39745455, 57.4847491409).
point(16, 68.3834179758, 80.0911617861).
point(17, 98.745152661, 29.8239491241).
point(18, 6.5085057407, 21.4673463245).
point(19, 69.1074007082, 1.1227499342).
point(20, 13.6010838524, 72.9258194026).
point(21, 17.6796552216, 15.4855402223).
point(22, 78.272067046, 75.2065328477).
point(23, 56.5750742505, 39.2138264371).
point(24, 48.4520286767, 63.348002314).
point(25, 79.8972003892, 62.5030303225).
point(26, 15.0946661921, 85.9070519607).
point(27, 52.21234648, 85.6133561998).
point(28, 8.8661819983, 29.4450671343).
point(29, 27.1176346233, 76.844793927).
point(30, 49.8456159536, 34.2967302317).
cost(1, 2, 80).
cost(1, 3, 9).
cost(1, 4, 68).
cost(1, 5, 73).
cost(1, 6, 65).
cost(1, 7, 95).
cost(1, 8, 103).
cost(1, 9, 97).
cost(1, 10, 78).
cost(1, 11, 41).
cost(1, 12, 8).
cost(1, 13, 25).
cost(1, 14, 69).
cost(1, 15, 48).
cost(1, 16, 72).
cost(1, 17, 17).
cost(1, 18, 90).
cost(1, 19, 30).
cost(1, 20, 102).
cost(1, 21, 79).
cost(1, 22, 64).
cost(1, 23, 47).
cost(1, 24, 69).
cost(1, 25, 52).
cost(1, 26, 109).
cost(1, 27, 85).
cost(1, 28, 89).
cost(1, 29, 94).
cost(1, 30, 51).
cost(2, 1, 80).
cost(2, 3, 79).
cost(2, 4, 25).
cost(2, 5, 43).
cost(2, 6, 19).
cost(2, 7, 16).
cost(2, 8, 24).
cost(2, 9, 19).
cost(2, 10, 21).
cost(2, 11, 39).
cost(2, 12, 78).
cost(2, 13, 59).
cost(2, 14, 40).
cost(2, 15, 46).
cost(2, 16, 45).
cost(2, 17, 74).
cost(2, 18, 43).
cost(2, 19, 69).
cost(2, 20, 23).
cost(2, 21, 44).
cost(2, 22, 51).
cost(2, 23, 32).
cost(2, 24, 19).
cost(2, 25, 50).
cost(2, 26, 32).
cost(2, 27, 36).
cost(2, 28, 35).
cost(2, 29, 20).
cost(2, 30, 30).
cost(3, 1, 9).
cost(3, 2, 79).
cost(3, 4, 65).
cost(3, 5, 68).
cost(3, 6, 66).
cost(3, 7, 95).
cost(3, 8, 103).
cost(3, 9, 97).
cost(3, 10, 76).
cost(3, 11, 42).
cost(3, 12, 1).
cost(3, 13, 21).
cost(3, 14, 73).
cost(3, 15, 53).
cost(3, 16, 77).
cost(3, 17, 25).
cost(3, 18, 86).
cost(3, 19, 22).
cost(3, 20, 102).
cost(3, 21, 74).
cost(3, 22, 70).
cost(3, 23, 47).
cost(3, 24, 71).
cost(3, 25, 57).
cost(3, 26, 110).
cost(3, 27, 88).
cost(3, 28, 85).
cost(3, 29, 95).
cost(3, 30, 50).
cost(4, 1, 68).
cost(4, 2, 25).
cost(4, 3, 65).
cost(4, 5, 19).
cost(4, 6, 31).
cost(4, 7, 36).
cost(4, 8, 45).
cost(4, 9, 43).
cost(4, 10, 11).
cost(4, 11, 34).
cost(4, 12, 64).
cost(4, 13, 43).
cost(4, 14, 55).
cost(4, 15, 52).
cost(4, 16, 61).
cost(4, 17, 67).
cost(4, 18, 27).
cost(4, 19, 49).
cost(4, 20, 44).
cost(4, 21, 22).
cost(4, 22, 64).
cost(4, 23, 26).
cost(4, 24, 36).
cost(4, 25, 57).
cost(4, 26, 56).
cost(4, 27, 57).
cost(4, 28, 23).
cost(4, 29, 45).
cost(4, 30, 19).
cost(5, 1, 73).
cost(5, 2, 43).
cost(5, 3, 68).
cost(5, 4, 19).
cost(5, 6, 50).
cost(5, 7, 50).
cost(5, 8, 59).
cost(5, 9, 58).
cost(5, 10, 23).
cost(5, 11, 48).
cost(5, 12, 68).
cost(5, 13, 48).
cost(5, 14, 73).
cost(5, 15, 68).
cost(5, 16, 79).
cost(5, 17, 77).
cost(5, 18, 18).
cost(5, 19, 48).
cost(5, 20, 59).
cost(5, 21, 5).
cost(5, 22, 82).
cost(5, 23, 41).
cost(5, 24, 55).
cost(5, 25, 74).
cost(5, 26, 71).
cost(5, 27, 76).
cost(5, 28, 20).
cost(5, 29, 62).
cost(5, 30, 33).
cost(6, 1, 65).
cost(6, 2, 19).
cost(6, 3, 66).
cost(6, 4, 31).
cost(6, 5, 50).
cost(6, 7, 34).
cost(6, 8, 40).
cost(6, 9, 33).
cost(6, 10, 33).
cost(6, 11, 24).
cost(6, 12, 65).
cost(6, 13, 49).
cost(6, 14, 24).
cost(6, 15, 27).
cost(6, 16, 30).
cost(6, 17, 57).
cost(6, 18, 56).
cost(6, 19, 60).
cost(6, 20, 39).
cost(6, 21, 53).
cost(6, 22, 34).
cost(6, 23, 20).
cost(6, 24, 6).
cost(6, 25, 31).
cost(6, 26, 44).
cost(6, 27, 28).
cost(6, 28, 49).
cost(6, 29, 29).
cost(6, 30, 23).
cost(7, 1, 95).
cost(7, 2, 16).
cost(7, 3, 95).
cost(7, 4, 36).
cost(7, 5, 50).
cost(7, 6, 34).
cost(7, 8, 9).
cost(7, 9, 9).
cost(7, 10, 27).
cost(7, 11, 55).
cost(7, 12, 94).
cost(7, 13, 74).
cost(7, 14, 50).
cost(7, 15, 60).
cost(7, 16, 54).
cost(7, 17, 90).
cost(7, 18, 45).
cost(7, 19, 83).
cost(7, 20, 8).
cost(7, 21, 50).
cost(7, 22, 63).
cost(7, 23, 48).
cost(7, 24, 32).
cost(7, 25, 64).
cost(7, 26, 21).
cost(7, 27, 41).
cost(7, 28, 36).
cost(7, 29, 16).
cost(7, 30, 45).
cost(8, 1, 103).
cost(8, 2, 24).
cost(8, 3, 103).
cost(8, 4, 45).
cost(8, 5, 59).
cost(8, 6, 40).
cost(8, 7, 9).
cost(8, 9, 8).
cost(8, 10, 36).
cost(8, 11, 62).
cost(8, 12, 102).
cost(8, 13, 83).
cost(8, 14, 54).
cost(8, 15, 66).
cost(8, 16, 57).
cost(8, 17, 97).
cost(8, 18, 52).
cost(8, 19, 92).
cost(8, 20, 2).
cost(8, 21, 58).
cost(8, 22, 66).
cost(8, 23, 56).
cost(8, 24, 38).
cost(8, 25, 69).
cost(8, 26, 13).
cost(8, 27, 42).
cost(8, 28, 44).
cost(8, 29, 16).
cost(8, 30, 54).
cost(9, 1, 97).
cost(9, 2, 19).
cost(9, 3, 97).
cost(9, 4, 43).
cost(9, 5, 58).
cost(9, 6, 33).
cost(9, 7, 9).
cost(9, 8, 8).
cost(9, 10, 35).
cost(9, 11, 56).
cost(9, 12, 96).
cost(9, 13, 78).
cost(9, 14, 45).
cost(9, 15, 58).
cost(9, 16, 49).
cost(9, 17, 90).
cost(9, 18, 54).
cost(9, 19, 87).
cost(9, 20, 7).
cost(9, 21, 58).
cost(9, 22, 58).
cost(9, 23, 50).
cost(9, 24, 30).
cost(9, 25, 61).
cost(9, 26, 14).
cost(9, 27, 34).
cost(9, 28, 45).
cost(9, 29, 8).
cost(9, 30, 49).
cost(10, 1, 78).
cost(10, 2, 21).
cost(10, 3, 76).
cost(10, 4, 11).
cost(10, 5, 23).
cost(10, 6, 33).
cost(10, 7, 27).
cost(10, 8, 36).
cost(10, 9, 35).
cost(10, 11, 43).
cost(10, 12, 75).
cost(10, 13, 54).
cost(10, 14, 57).
cost(10, 15, 58).
cost(10, 16, 62).
cost(10, 17, 77).
cost(10, 18, 23).
cost(10, 19, 60).
cost(10, 20, 35).
cost(10, 21, 23).
cost(10, 22, 67).
cost(10, 23, 35).
cost(10, 24, 36).
cost(10, 25, 63).
cost(10, 26, 48).
cost(10, 27, 56).
cost(10, 28, 16).
cost(10, 29, 39).
cost(10, 30, 28).
cost(11, 1, 41).
cost(11, 2, 39).
cost(11, 3, 42).
cost(11, 4, 34).
cost(11, 5, 48).
cost(11, 6, 24).
cost(11, 7, 55).
cost(11, 8, 62).
cost(11, 9, 56).
cost(11, 10, 43).
cost(11, 12, 41).
cost(11, 13, 26).
cost(11, 14, 35).
cost(11, 15, 21).
cost(11, 16, 41).
cost(11, 17, 35).
cost(11, 18, 61).
cost(11, 19, 39).
cost(11, 20, 61).
cost(11, 21, 53).
cost(11, 22, 38).
cost(11, 23, 8).
cost(11, 24, 29).
cost(11, 25, 27).
cost(11, 26, 68).
cost(11, 27, 48).
cost(11, 28, 57).
cost(11, 29, 53).
cost(11, 30, 16).
cost(12, 1, 8).
cost(12, 2, 78).
cost(12, 3, 1).
cost(12, 4, 64).
cost(12, 5, 68).
cost(12, 6, 65).
cost(12, 7, 94).
cost(12, 8, 102).
cost(12, 9, 96).
cost(12, 10, 75).
cost(12, 11, 41).
cost(12, 13, 21).
cost(12, 14, 72).
cost(12, 15, 52).
cost(12, 16, 76).
cost(12, 17, 24).
cost(12, 18, 85).
cost(12, 19, 22).
cost(12, 20, 101).
cost(12, 21, 73).
cost(12, 22, 69).
cost(12, 23, 46).
cost(12, 24, 70).
cost(12, 25, 56).
cost(12, 26, 109).
cost(12, 27, 87).
cost(12, 28, 84).
cost(12, 29, 94).
cost(12, 30, 48).
cost(13, 1, 25).
cost(13, 2, 59).
cost(13, 3, 21).
cost(13, 4, 43).
cost(13, 5, 48).
cost(13, 6, 49).
cost(13, 7, 74).
cost(13, 8, 83).
cost(13, 9, 78).
cost(13, 10, 54).
cost(13, 11, 26).
cost(13, 12, 21).
cost(13, 14, 61).
cost(13, 15, 44).
cost(13, 16, 66).
cost(13, 17, 32).
cost(13, 18, 65).
cost(13, 19, 13).
cost(13, 20, 82).
cost(13, 21, 53).
cost(13, 22, 61).
cost(13, 23, 29).
cost(13, 24, 54).
cost(13, 25, 49).
cost(13, 26, 91).
cost(13, 27, 74).
cost(13, 28, 64).
cost(13, 29, 76).
cost(13, 30, 29).
cost(14, 1, 69).
cost(14, 2, 40).
cost(14, 3, 73).
cost(14, 4, 55).
cost(14, 5, 73).
cost(14, 6, 24).
cost(14, 7, 50).
cost(14, 8, 54).
cost(14, 9, 45).
cost(14, 10, 57).
cost(14, 11, 35).
cost(14, 12, 72).
cost(14, 13, 61).
cost(14, 15, 21).
cost(14, 16, 6).
cost(14, 17, 56).
cost(14, 18, 80).
cost(14, 19, 74).
cost(14, 20, 52).
cost(14, 21, 76).
cost(14, 22, 13).
cost(14, 23, 37).
cost(14, 24, 21).
cost(14, 25, 19).
cost(14, 26, 52).
cost(14, 27, 17).
cost(14, 28, 73).
cost(14, 29, 38).
cost(14, 30, 44).
cost(15, 1, 48).
cost(15, 2, 46).
cost(15, 3, 53).
cost(15, 4, 52).
cost(15, 5, 68).
cost(15, 6, 27).
cost(15, 7, 60).
cost(15, 8, 66).
cost(15, 9, 58).
cost(15, 10, 58).
cost(15, 11, 21).
cost(15, 12, 52).
cost(15, 13, 44).
cost(15, 14, 21).
cost(15, 16, 24).
cost(15, 17, 36).
cost(15, 18, 79).
cost(15, 19, 57).
cost(15, 20, 65).
cost(15, 21, 72).
cost(15, 22, 18).
cost(15, 23, 27).
cost(15, 24, 29).
cost(15, 25, 6).
cost(15, 26, 68).
cost(15, 27, 37).
cost(15, 28, 73).
cost(15, 29, 53).
cost(15, 30, 35).
cost(16, 1, 72).
cost(16, 2, 45).
cost(16, 3, 77).
cost(16, 4, 61).
cost(16, 5, 79).
cost(16, 6, 30).
cost(16, 7, 54).
cost(16, 8, 57).
cost(16, 9, 49).
cost(16, 10, 62).
cost(16, 11, 41).
cost(16, 12, 76).
cost(16, 13, 66).
cost(16, 14, 6).
cost(16, 15, 24).
cost(16, 17, 59).
cost(16, 18, 85).
cost(16, 19, 79).
cost(16, 20, 55).
cost(16, 21, 82).
cost(16, 22, 11).
cost(16, 23, 43).
cost(16, 24, 26).
cost(16, 25, 21).
cost(16, 26, 54).
cost(16, 27, 17).
cost(16, 28, 78).
cost(16, 29, 41).
cost(16, 30, 49).
cost(17, 1, 17).
cost(17, 2, 74).
cost(17, 3, 25).
cost(17, 4, 67).
cost(17, 5, 77).
cost(17, 6, 57).
cost(17, 7, 90).
cost(17, 8, 97).
cost(17, 9, 90).
cost(17, 10, 77).
cost(17, 11, 35).
cost(17, 12, 24).
cost(17, 13, 32).
cost(17, 14, 56).
cost(17, 15, 36).
cost(17, 16, 59).
cost(17, 18, 93).
cost(17, 19, 41).
cost(17, 20, 95).
cost(17, 21, 82).
cost(17, 22, 50).
cost(17, 23, 43).
cost(17, 24, 60).
cost(17, 25, 38).
cost(17, 26, 101).
cost(17, 27, 73).
cost(17, 28, 90).
cost(17, 29, 86).
cost(17, 30, 49).
cost(18, 1, 90).
cost(18, 2, 43).
cost(18, 3, 86).
cost(18, 4, 27).
cost(18, 5, 18).
cost(18, 6, 56).
cost(18, 7, 45).
cost(18, 8, 52).
cost(18, 9, 54).
cost(18, 10, 23).
cost(18, 11, 61).
cost(18, 12, 85).
cost(18, 13, 65).
cost(18, 14, 80).
cost(18, 15, 79).
cost(18, 16, 85).
cost(18, 17, 93).
cost(18, 19, 66).
cost(18, 20, 52).
cost(18, 21, 13).
cost(18, 22, 90).
cost(18, 23, 53).
cost(18, 24, 59).
cost(18, 25, 84).
cost(18, 26, 65).
cost(18, 27, 79).
cost(18, 28, 8).
cost(18, 29, 59).
cost(18, 30, 45).
cost(19, 1, 30).
cost(19, 2, 69).
cost(19, 3, 22).
cost(19, 4, 49).
cost(19, 5, 48).
cost(19, 6, 60).
cost(19, 7, 83).
cost(19, 8, 92).
cost(19, 9, 87).
cost(19, 10, 60).
cost(19, 11, 39).
cost(19, 12, 22).
cost(19, 13, 13).
cost(19, 14, 74).
cost(19, 15, 57).
cost(19, 16, 79).
cost(19, 17, 41).
cost(19, 18, 66).
cost(19, 20, 91).
cost(19, 21, 53).
cost(19, 22, 75).
cost(19, 23, 40).
cost(19, 24, 66).
cost(19, 25, 62).
cost(19, 26, 101).
cost(19, 27, 86).
cost(19, 28, 67).
cost(19, 29, 87).
cost(19, 30, 38).
cost(20, 1, 102).
cost(20, 2, 23).
cost(20, 3, 102).
cost(20, 4, 44).
cost(20, 5, 59).
cost(20, 6, 39).
cost(20, 7, 8).
cost(20, 8, 2).
cost(20, 9, 7).
cost(20, 10, 35).
cost(20, 11, 61).
cost(20, 12, 101).
cost(20, 13, 82).
cost(20, 14, 52).
cost(20, 15, 65).
cost(20, 16, 55).
cost(20, 17, 95).
cost(20, 18, 52).
cost(20, 19, 91).
cost(20, 21, 58).
cost(20, 22, 65).
cost(20, 23, 55).
cost(20, 24, 36).
cost(20, 25, 67).
cost(20, 26, 13).
cost(20, 27, 41).
cost(20, 28, 44).
cost(20, 29, 14).
cost(20, 30, 53).
cost(21, 1, 79).
cost(21, 2, 44).
cost(21, 3, 74).
cost(21, 4, 22).
cost(21, 5, 5).
cost(21, 6, 53).
cost(21, 7, 50).
cost(21, 8, 58).
cost(21, 9, 58).
cost(21, 10, 23).
cost(21, 11, 53).
cost(21, 12, 73).
cost(21, 13, 53).
cost(21, 14, 76).
cost(21, 15, 72).
cost(21, 16, 82).
cost(21, 17, 82).
cost(21, 18, 13).
cost(21, 19, 53).
cost(21, 20, 58).
cost(21, 22, 85).
cost(21, 23, 46).
cost(21, 24, 57).
cost(21, 25, 78).
cost(21, 26, 70).
cost(21, 27, 78).
cost(21, 28, 17).
cost(21, 29, 62).
cost(21, 30, 37).
cost(22, 1, 64).
cost(22, 2, 51).
cost(22, 3, 70).
cost(22, 4, 64).
cost(22, 5, 82).
cost(22, 6, 34).
cost(22, 7, 63).
cost(22, 8, 66).
cost(22, 9, 58).
cost(22, 10, 67).
cost(22, 11, 38).
cost(22, 12, 69).
cost(22, 13, 61).
cost(22, 14, 13).
cost(22, 15, 18).
cost(22, 16, 11).
cost(22, 17, 50).
cost(22, 18, 90).
cost(22, 19, 75).
cost(22, 20, 65).
cost(22, 21, 85).
cost(22, 23, 42).
cost(22, 24, 32).
cost(22, 25, 13).
cost(22, 26, 64).
cost(22, 27, 28).
cost(22, 28, 83).
cost(22, 29, 51).
cost(22, 30, 50).
cost(23, 1, 47).
cost(23, 2, 32).
cost(23, 3, 47).
cost(23, 4, 26).
cost(23, 5, 41).
cost(23, 6, 20).
cost(23, 7, 48).
cost(23, 8, 56).
cost(23, 9, 50).
cost(23, 10, 35).
cost(23, 11, 8).
cost(23, 12, 46).
cost(23, 13, 29).
cost(23, 14, 37).
cost(23, 15, 27).
cost(23, 16, 43).
cost(23, 17, 43).
cost(23, 18, 53).
cost(23, 19, 40).
cost(23, 20, 55).
cost(23, 21, 46).
cost(23, 22, 42).
cost(23, 24, 25).
cost(23, 25, 33).
cost(23, 26, 62).
cost(23, 27, 47).
cost(23, 28, 49).
cost(23, 29, 48).
cost(23, 30, 8).
cost(24, 1, 69).
cost(24, 2, 19).
cost(24, 3, 71).
cost(24, 4, 36).
cost(24, 5, 55).
cost(24, 6, 6).
cost(24, 7, 32).
cost(24, 8, 38).
cost(24, 9, 30).
cost(24, 10, 36).
cost(24, 11, 29).
cost(24, 12, 70).
cost(24, 13, 54).
cost(24, 14, 21).
cost(24, 15, 29).
cost(24, 16, 26).
cost(24, 17, 60).
cost(24, 18, 59).
cost(24, 19, 66).
cost(24, 20, 36).
cost(24, 21, 57).
cost(24, 22, 32).
cost(24, 23, 25).
cost(24, 25, 31).
cost(24, 26, 40).
cost(24, 27, 23).
cost(24, 28, 52).
cost(24, 29, 25).
cost(24, 30, 29).
cost(25, 1, 52).
cost(25, 2, 50).
cost(25, 3, 57).
cost(25, 4, 57).
cost(25, 5, 74).
cost(25, 6, 31).
cost(25, 7, 64).
cost(25, 8, 69).
cost(25, 9, 61).
cost(25, 10, 63).
cost(25, 11, 27).
cost(25, 12, 56).
cost(25, 13, 49).
cost(25, 14, 19).
cost(25, 15, 6).
cost(25, 16, 21).
cost(25, 17, 38).
cost(25, 18, 84).
cost(25, 19, 62).
cost(25, 20, 67).
cost(25, 21, 78).
cost(25, 22, 13).
cost(25, 23, 33).
cost(25, 24, 31).
cost(25, 26, 69).
cost(25, 27, 36).
cost(25, 28, 78).
cost(25, 29, 55).
cost(25, 30, 41).
cost(26, 1, 109).
cost(26, 2, 32).
cost(26, 3, 110).
cost(26, 4, 56).
cost(26, 5, 71).
cost(26, 6, 44).
cost(26, 7, 21).
cost(26, 8, 13).
cost(26, 9, 14).
cost(26, 10, 48).
cost(26, 11, 68).
cost(26, 12, 109).
cost(26, 13, 91).
cost(26, 14, 52).
cost(26, 15, 68).
cost(26, 16, 54).
cost(26, 17, 101).
cost(26, 18, 65).
cost(26, 19, 101).
cost(26, 20, 13).
cost(26, 21, 70).
cost(26, 22, 64).
cost(26, 23, 62).
cost(26, 24, 40).
cost(26, 25, 69).
cost(26, 27, 37).
cost(26, 28, 57).
cost(26, 29, 15).
cost(26, 30, 62).
cost(27, 1, 85).
cost(27, 2, 36).
cost(27, 3, 88).
cost(27, 4, 57).
cost(27, 5, 76).
cost(27, 6, 28).
cost(27, 7, 41).
cost(27, 8, 42).
cost(27, 9, 34).
cost(27, 10, 56).
cost(27, 11, 48).
cost(27, 12, 87).
cost(27, 13, 74).
cost(27, 14, 17).
cost(27, 15, 37).
cost(27, 16, 17).
cost(27, 17, 73).
cost(27, 18, 79).
cost(27, 19, 86).
cost(27, 20, 41).
cost(27, 21, 78).
cost(27, 22, 28).
cost(27, 23, 47).
cost(27, 24, 23).
cost(27, 25, 36).
cost(27, 26, 37).
cost(27, 28, 71).
cost(27, 29, 27).
cost(27, 30, 51).
cost(28, 1, 89).
cost(28, 2, 35).
cost(28, 3, 85).
cost(28, 4, 23).
cost(28, 5, 20).
cost(28, 6, 49).
cost(28, 7, 36).
cost(28, 8, 44).
cost(28, 9, 45).
cost(28, 10, 16).
cost(28, 11, 57).
cost(28, 12, 84).
cost(28, 13, 64).
cost(28, 14, 73).
cost(28, 15, 73).
cost(28, 16, 78).
cost(28, 17, 90).
cost(28, 18, 8).
cost(28, 19, 67).
cost(28, 20, 44).
cost(28, 21, 17).
cost(28, 22, 83).
cost(28, 23, 49).
cost(28, 24, 52).
cost(28, 25, 78).
cost(28, 26, 57).
cost(28, 27, 71).
cost(28, 29, 51).
cost(28, 30, 41).
cost(29, 1, 94).
cost(29, 2, 20).
cost(29, 3, 95).
cost(29, 4, 45).
cost(29, 5, 62).
cost(29, 6, 29).
cost(29, 7, 16).
cost(29, 8, 16).
cost(29, 9, 8).
cost(29, 10, 39).
cost(29, 11, 53).
cost(29, 12, 94).
cost(29, 13, 76).
cost(29, 14, 38).
cost(29, 15, 53).
cost(29, 16, 41).
cost(29, 17, 86).
cost(29, 18, 59).
cost(29, 19, 87).
cost(29, 20, 14).
cost(29, 21, 62).
cost(29, 22, 51).
cost(29, 23, 48).
cost(29, 24, 25).
cost(29, 25, 55).
cost(29, 26, 15).
cost(29, 27, 27).
cost(29, 28, 51).
cost(29, 30, 48).
cost(30, 1, 51).
cost(30, 2, 30).
cost(30, 3, 50).
cost(30, 4, 19).
cost(30, 5, 33).
cost(30, 6, 23).
cost(30, 7, 45).
cost(30, 8, 54).
cost(30, 9, 49).
cost(30, 10, 28).
cost(30, 11, 16).
cost(30, 12, 48).
cost(30, 13, 29).
cost(30, 14, 44).
cost(30, 15, 35).
cost(30, 16, 49).
cost(30, 17, 49).
cost(30, 18, 45).
cost(30, 19, 38).
cost(30, 20, 53).
cost(30, 21, 37).
cost(30, 22, 50).
cost(30, 23, 8).
cost(30, 24, 29).
cost(30, 25, 41).
cost(30, 26, 62).
cost(30, 27, 51).
cost(30, 28, 41).
cost(30, 29, 48).
