dimension(30).
point(1, 11.5033709468, 83.709941649).
point(2, 11.5068024546, 56.1796184555).
point(3, 50.019168942, 94.4463454952).
point(4, 76.9339739994, 90.2539798968).
point(5, 14.7367101736, 32.7934770676).
point(6, 68.2783462556, 87.4566130723).
point(7, 7.9744133785, 60.5779473336).
point(8, 88.5002667707, 40.9444569583).
point(9, 54.8896612419, 80.4207435675).
point(10, 94.197342349, 41.6153629305).
point(11, 75.1545840879, 46.7500777035).
point(12, 76.054092337, 51.2496630221).
point(13, 61.3431348102, 20.9172707121).
point(14, 73.7737143776, 5.4848305603).
point(15, 55.1579548392, 17.9742396922).
point(16, 29.3942507214, 74.0898808347).
point(17, 42.7759390344, 87.137197271).
point(18, 74.9468617803, 33.4592888004).
point(19, 85.4901786598, 9.1232752896).
point(20, 48.8843165323, 71.6502464175).
point(21, 25.733167836, 35.2462217954).
point(22, 27.1538960107, 86.1192215105).
point(23, 90.8493669229, 65.7477533441).
point(24, 23.4590489522, 64.643104885).
point(25, 55.2931900582, 4.1841395231).
point(26, 39.2104511085, 41.1086372217).
point(27, 22.4663988301, 42.364859206).
point(28, 25.7347673572, 27.2926392566).
point(29, 9.0669776198, 22.6212922639).
point(30, 25.5697848091, 9.3723951794).
cost(1, 2, 28).
cost(1, 3, 40).
cost(1, 4, 66).
cost(1, 5, 51).
cost(1, 6, 57).
cost(1, 7, 23).
cost(1, 8, 88).
cost(1, 9, 44).
cost(1, 10, 93).
cost(1, 11, 74).
cost(1, 12, 72).
cost(1, 13, 80).
cost(1, 14, 100).
cost(1, 15, 79).
cost(1, 16, 20).
cost(1, 17, 31).
cost(1, 18, 81).
cost(1, 19, 105).
cost(1, 20, 39).
cost(1, 21, 51).
cost(1, 22, 16).
cost(1, 23, 81).
cost(1, 24, 23).
cost(1, 25, 91).
cost(1, 26, 51).
cost(1, 27, 43).
cost(1, 28, 58).
cost(1, 29, 61).
cost(1, 30, 76).
cost(2, 1, 28).
cost(2, 3, 54).
cost(2, 4, 74).
cost(2, 5, 24).
cost(2, 6, 65).
cost(2, 7, 6).
cost(2, 8, 78).
cost(2, 9, 50).
cost(2, 10, 84).
cost(2, 11, 64).
cost(2, 12, 65).
cost(2, 13, 61).
cost(2, 14, 80).
cost(2, 15, 58).
cost(2, 16, 25).
cost(2, 17, 44).
cost(2, 18, 67).
cost(2, 19, 88).
cost(2, 20, 40).
cost(2, 21, 25).
cost(2, 22, 34).
cost(2, 23, 80).
cost(2, 24, 15).
cost(2, 25, 68).
cost(2, 26, 32).
cost(2, 27, 18).
cost(2, 28, 32).
cost(2, 29, 34).
cost(2, 30, 49).
cost(3, 1, 40).
cost(3, 2, 54).
cost(3, 4, 27).
cost(3, 5, 71).
cost(3, 6, 20).
cost(3, 7, 54).
cost(3, 8, 66).
cost(3, 9, 15).
cost(3, 10, 69).
cost(3, 11, 54).
cost(3, 12, 50).
cost(3, 13, 74).
cost(3, 14, 92).
cost(3, 15, 77).
cost(3, 16, 29).
cost(3, 17, 10).
cost(3, 18, 66).
cost(3, 19, 92).
cost(3, 20, 23).
cost(3, 21, 64).
cost(3, 22, 24).
cost(3, 23, 50).
cost(3, 24, 40).
cost(3, 25, 90).
cost(3, 26, 54).
cost(3, 27, 59).
cost(3, 28, 71).
cost(3, 29, 83).
cost(3, 30, 89).
cost(4, 1, 66).
cost(4, 2, 74).
cost(4, 3, 27).
cost(4, 5, 85).
cost(4, 6, 9).
cost(4, 7, 75).
cost(4, 8, 51).
cost(4, 9, 24).
cost(4, 10, 52).
cost(4, 11, 44).
cost(4, 12, 39).
cost(4, 13, 71).
cost(4, 14, 85).
cost(4, 15, 75).
cost(4, 16, 50).
cost(4, 17, 34).
cost(4, 18, 57).
cost(4, 19, 82).
cost(4, 20, 34).
cost(4, 21, 75).
cost(4, 22, 50).
cost(4, 23, 28).
cost(4, 24, 59).
cost(4, 25, 89).
cost(4, 26, 62).
cost(4, 27, 73).
cost(4, 28, 81).
cost(4, 29, 96).
cost(4, 30, 96).
cost(5, 1, 51).
cost(5, 2, 24).
cost(5, 3, 71).
cost(5, 4, 85).
cost(5, 6, 77).
cost(5, 7, 29).
cost(5, 8, 74).
cost(5, 9, 62).
cost(5, 10, 80).
cost(5, 11, 62).
cost(5, 12, 64).
cost(5, 13, 48).
cost(5, 14, 65).
cost(5, 15, 43).
cost(5, 16, 44).
cost(5, 17, 61).
cost(5, 18, 60).
cost(5, 19, 75).
cost(5, 20, 52).
cost(5, 21, 11).
cost(5, 22, 55).
cost(5, 23, 83).
cost(5, 24, 33).
cost(5, 25, 50).
cost(5, 26, 26).
cost(5, 27, 12).
cost(5, 28, 12).
cost(5, 29, 12).
cost(5, 30, 26).
cost(6, 1, 57).
cost(6, 2, 65).
cost(6, 3, 20).
cost(6, 4, 9).
cost(6, 5, 77).
cost(6, 7, 66).
cost(6, 8, 51).
cost(6, 9, 15).
cost(6, 10, 53).
cost(6, 11, 41).
cost(6, 12, 37).
cost(6, 13, 67).
cost(6, 14, 82).
cost(6, 15, 71).
cost(6, 16, 41).
cost(6, 17, 26).
cost(6, 18, 54).
cost(6, 19, 80).
cost(6, 20, 25).
cost(6, 21, 67).
cost(6, 22, 41).
cost(6, 23, 31).
cost(6, 24, 50).
cost(6, 25, 84).
cost(6, 26, 55).
cost(6, 27, 64).
cost(6, 28, 74).
cost(6, 29, 88).
cost(6, 30, 89).
cost(7, 1, 23).
cost(7, 2, 6).
cost(7, 3, 54).
cost(7, 4, 75).
cost(7, 5, 29).
cost(7, 6, 66).
cost(7, 8, 83).
cost(7, 9, 51).
cost(7, 10, 88).
cost(7, 11, 69).
cost(7, 12, 69).
cost(7, 13, 66).
cost(7, 14, 86).
cost(7, 15, 64).
cost(7, 16, 25).
cost(7, 17, 44).
cost(7, 18, 72).
cost(7, 19, 93).
cost(7, 20, 42).
cost(7, 21, 31).
cost(7, 22, 32).
cost(7, 23, 83).
cost(7, 24, 16).
cost(7, 25, 74).
cost(7, 26, 37).
cost(7, 27, 23).
cost(7, 28, 38).
cost(7, 29, 38).
cost(7, 30, 54).
cost(8, 1, 88).
cost(8, 2, 78).
cost(8, 3, 66).
cost(8, 4, 51).
cost(8, 5, 74).
cost(8, 6, 51).
cost(8, 7, 83).
cost(8, 9, 52).
cost(8, 10, 6).
cost(8, 11, 15).
cost(8, 12, 16).
cost(8, 13, 34).
cost(8, 14, 38).
cost(8, 15, 40).
cost(8, 16, 68).
cost(8, 17, 65).
cost(8, 18, 15).
cost(8, 19, 32).
cost(8, 20, 50).
cost(8, 21, 63).
cost(8, 22, 76).
cost(8, 23, 25).
cost(8, 24, 69).
cost(8, 25, 50).
cost(8, 26, 49).
cost(8, 27, 66).
cost(8, 28, 64).
cost(8, 29, 82).
cost(8, 30, 70).
cost(9, 1, 44).
cost(9, 2, 50).
cost(9, 3, 15).
cost(9, 4, 24).
cost(9, 5, 62).
cost(9, 6, 15).
cost(9, 7, 51).
cost(9, 8, 52).
cost(9, 10, 55).
cost(9, 11, 39).
cost(9, 12, 36).
cost(9, 13, 60).
cost(9, 14, 77).
cost(9, 15, 62).
cost(9, 16, 26).
cost(9, 17, 14).
cost(9, 18, 51).
cost(9, 19, 78).
cost(9, 20, 11).
cost(9, 21, 54).
cost(9, 22, 28).
cost(9, 23, 39).
cost(9, 24, 35).
cost(9, 25, 76).
cost(9, 26, 42).
cost(9, 27, 50).
cost(9, 28, 61).
cost(9, 29, 74).
cost(9, 30, 77).
cost(10, 1, 93).
cost(10, 2, 84).
cost(10, 3, 69).
cost(10, 4, 52).
cost(10, 5, 80).
cost(10, 6, 53).
cost(10, 7, 88).
cost(10, 8, 6).
cost(10, 9, 55).
cost(10, 11, 20).
cost(10, 12, 21).
cost(10, 13, 39).
cost(10, 14, 42).
cost(10, 15, 46).
cost(10, 16, 72).
cost(10, 17, 69).
cost(10, 18, 21).
cost(10, 19, 34).
cost(10, 20, 54).
cost(10, 21, 69).
cost(10, 22, 80).
cost(10, 23, 24).
cost(10, 24, 74).
cost(10, 25, 54).
cost(10, 26, 55).
cost(10, 27, 72).
cost(10, 28, 70).
cost(10, 29, 87).
cost(10, 30, 76).
cost(11, 1, 74).
cost(11, 2, 64).
cost(11, 3, 54).
cost(11, 4, 44).
cost(11, 5, 62).
cost(11, 6, 41).
cost(11, 7, 69).
cost(11, 8, 15).
cost(11, 9, 39).
cost(11, 10, 20).
cost(11, 12, 5).
cost(11, 13, 29).
cost(11, 14, 41).
cost(11, 15, 35).
cost(11, 16, 53).
cost(11, 17, 52).
cost(11, 18, 13).
cost(11, 19, 39).
cost(11, 20, 36).
cost(11, 21, 51).
cost(11, 22, 62).
cost(11, 23, 25).
cost(11, 24, 55).
cost(11, 25, 47).
cost(11, 26, 36).
cost(11, 27, 53).
cost(11, 28, 53).
cost(11, 29, 70).
cost(11, 30, 62).
cost(12, 1, 72).
cost(12, 2, 65).
cost(12, 3, 50).
cost(12, 4, 39).
cost(12, 5, 64).
cost(12, 6, 37).
cost(12, 7, 69).
cost(12, 8, 16).
cost(12, 9, 36).
cost(12, 10, 21).
cost(12, 11, 5).
cost(12, 13, 34).
cost(12, 14, 46).
cost(12, 15, 39).
cost(12, 16, 52).
cost(12, 17, 49).
cost(12, 18, 18).
cost(12, 19, 43).
cost(12, 20, 34).
cost(12, 21, 53).
cost(12, 22, 60).
cost(12, 23, 21).
cost(12, 24, 54).
cost(12, 25, 51).
cost(12, 26, 38).
cost(12, 27, 54).
cost(12, 28, 56).
cost(12, 29, 73).
cost(12, 30, 66).
cost(13, 1, 80).
cost(13, 2, 61).
cost(13, 3, 74).
cost(13, 4, 71).
cost(13, 5, 48).
cost(13, 6, 67).
cost(13, 7, 66).
cost(13, 8, 34).
cost(13, 9, 60).
cost(13, 10, 39).
cost(13, 11, 29).
cost(13, 12, 34).
cost(13, 14, 20).
cost(13, 15, 7).
cost(13, 16, 62).
cost(13, 17, 69).
cost(13, 18, 19).
cost(13, 19, 27).
cost(13, 20, 52).
cost(13, 21, 38).
cost(13, 22, 74).
cost(13, 23, 54).
cost(13, 24, 58).
cost(13, 25, 18).
cost(13, 26, 30).
cost(13, 27, 44).
cost(13, 28, 36).
cost(13, 29, 52).
cost(13, 30, 38).
cost(14, 1, 100).
cost(14, 2, 80).
cost(14, 3, 92).
cost(14, 4, 85).
cost(14, 5, 65).
cost(14, 6, 82).
cost(14, 7, 86).
cost(14, 8, 38).
cost(14, 9, 77).
cost(14, 10, 42).
cost(14, 11, 41).
cost(14, 12, 46).
cost(14, 13, 20).
cost(14, 15, 22).
cost(14, 16, 82).
cost(14, 17, 87).
cost(14, 18, 28).
cost(14, 19, 12).
cost(14, 20, 71).
cost(14, 21, 57).
cost(14, 22, 93).
cost(14, 23, 63).
cost(14, 24, 78).
cost(14, 25, 19).
cost(14, 26, 50).
cost(14, 27, 63).
cost(14, 28, 53).
cost(14, 29, 67).
cost(14, 30, 48).
cost(15, 1, 79).
cost(15, 2, 58).
cost(15, 3, 77).
cost(15, 4, 75).
cost(15, 5, 43).
cost(15, 6, 71).
cost(15, 7, 64).
cost(15, 8, 40).
cost(15, 9, 62).
cost(15, 10, 46).
cost(15, 11, 35).
cost(15, 12, 39).
cost(15, 13, 7).
cost(15, 14, 22).
cost(15, 16, 62).
cost(15, 17, 70).
cost(15, 18, 25).
cost(15, 19, 32).
cost(15, 20, 54).
cost(15, 21, 34).
cost(15, 22, 74).
cost(15, 23, 60).
cost(15, 24, 56).
cost(15, 25, 14).
cost(15, 26, 28).
cost(15, 27, 41).
cost(15, 28, 31).
cost(15, 29, 46).
cost(15, 30, 31).
cost(16, 1, 20).
cost(16, 2, 25).
cost(16, 3, 29).
cost(16, 4, 50).
cost(16, 5, 44).
cost(16, 6, 41).
cost(16, 7, 25).
cost(16, 8, 68).
cost(16, 9, 26).
cost(16, 10, 72).
cost(16, 11, 53).
cost(16, 12, 52).
cost(16, 13, 62).
cost(16, 14, 82).
cost(16, 15, 62).
cost(16, 17, 19).
cost(16, 18, 61).
cost(16, 19, 86).
cost(16, 20, 20).
cost(16, 21, 39).
cost(16, 22, 12).
cost(16, 23, 62).
cost(16, 24, 11).
cost(16, 25, 75).
cost(16, 26, 34).
cost(16, 27, 32).
cost(16, 28, 47).
cost(16, 29, 55).
cost(16, 30, 65).
cost(17, 1, 31).
cost(17, 2, 44).
cost(17, 3, 10).
cost(17, 4, 34).
cost(17, 5, 61).
cost(17, 6, 26).
cost(17, 7, 44).
cost(17, 8, 65).
cost(17, 9, 14).
cost(17, 10, 69).
cost(17, 11, 52).
cost(17, 12, 49).
cost(17, 13, 69).
cost(17, 14, 87).
cost(17, 15, 70).
cost(17, 16, 19).
cost(17, 18, 63).
cost(17, 19, 89).
cost(17, 20, 17).
cost(17, 21, 55).
cost(17, 22, 16).
cost(17, 23, 53).
cost(17, 24, 30).
cost(17, 25, 84).
cost(17, 26, 46).
cost(17, 27, 49).
cost(17, 28, 62).
cost(17, 29, 73).
cost(17, 30, 80).
cost(18, 1, 81).
cost(18, 2, 67).
cost(18, 3, 66).
cost(18, 4, 57).
cost(18, 5, 60).
cost(18, 6, 54).
cost(18, 7, 72).
cost(18, 8, 15).
cost(18, 9, 51).
cost(18, 10, 21).
cost(18, 11, 13).
cost(18, 12, 18).
cost(18, 13, 19).
cost(18, 14, 28).
cost(18, 15, 25).
cost(18, 16, 61).
cost(18, 17, 63).
cost(18, 19, 27).
cost(18, 20, 46).
cost(18, 21, 49).
cost(18, 22, 71).
cost(18, 23, 36).
cost(18, 24, 60).
cost(18, 25, 35).
cost(18, 26, 37).
cost(18, 27, 53).
cost(18, 28, 50).
cost(18, 29, 67).
cost(18, 30, 55).
cost(19, 1, 105).
cost(19, 2, 88).
cost(19, 3, 92).
cost(19, 4, 82).
cost(19, 5, 75).
cost(19, 6, 80).
cost(19, 7, 93).
cost(19, 8, 32).
cost(19, 9, 78).
cost(19, 10, 34).
cost(19, 11, 39).
cost(19, 12, 43).
cost(19, 13, 27).
cost(19, 14, 12).
cost(19, 15, 32).
cost(19, 16, 86).
cost(19, 17, 89).
cost(19, 18, 27).
cost(19, 20, 72).
cost(19, 21, 65).
cost(19, 22, 97).
cost(19, 23, 57).
cost(19, 24, 83).
cost(19, 25, 31).
cost(19, 26, 56).
cost(19, 27, 71).
cost(19, 28, 62).
cost(19, 29, 78).
cost(19, 30, 60).
cost(20, 1, 39).
cost(20, 2, 40).
cost(20, 3, 23).
cost(20, 4, 34).
cost(20, 5, 52).
cost(20, 6, 25).
cost(20, 7, 42).
cost(20, 8, 50).
cost(20, 9, 11).
cost(20, 10, 54).
cost(20, 11, 36).
cost(20, 12, 34).
cost(20, 13, 52).
cost(20, 14, 71).
cost(20, 15, 54).
cost(20, 16, 20).
cost(20, 17, 17).
cost(20, 18, 46).
cost(20, 19, 72).
cost(20, 21, 43).
cost(20, 22, 26).
cost(20, 23, 42).
cost(20, 24, 26).
cost(20, 25, 68).
cost(20, 26, 32).
cost(20, 27, 39).
cost(20, 28, 50).
cost(20, 29, 63).
cost(20, 30, 66).
cost(21, 1, 51).
cost(21, 2, 25).
cost(21, 3, 64).
cost(21, 4, 75).
cost(21, 5, 11).
cost(21, 6, 67).
cost(21, 7, 31).
cost(21, 8, 63).
cost(21, 9, 54).
cost(21, 10, 69).
cost(21, 11, 51).
cost(21, 12, 53).
cost(21, 13, 38).
cost(21, 14, 57).
cost(21, 15, 34).
cost(21, 16, 39).
cost(21, 17, 55).
cost(21, 18, 49).
cost(21, 19, 65).
cost(21, 20, 43).
cost(21, 22, 51).
cost(21, 23, 72).
cost(21, 24, 29).
cost(21, 25, 43).
cost(21, 26, 15).
cost(21, 27, 8).
cost(21, 28, 8).
cost(21, 29, 21).
cost(21, 30, 26).
cost(22, 1, 16).
cost(22, 2, 34).
cost(22, 3, 24).
cost(22, 4, 50).
cost(22, 5, 55).
cost(22, 6, 41).
cost(22, 7, 32).
cost(22, 8, 76).
cost(22, 9, 28).
cost(22, 10, 80).
cost(22, 11, 62).
cost(22, 12, 60).
cost(22, 13, 74).
cost(22, 14, 93).
cost(22, 15, 74).
cost(22, 16, 12).
cost(22, 17, 16).
cost(22, 18, 71).
cost(22, 19, 97).
cost(22, 20, 26).
cost(22, 21, 51).
cost(22, 23, 67).
cost(22, 24, 22).
cost(22, 25, 87).
cost(22, 26, 47).
cost(22, 27, 44).
cost(22, 28, 59).
cost(22, 29, 66).
cost(22, 30, 77).
cost(23, 1, 81).
cost(23, 2, 80).
cost(23, 3, 50).
cost(23, 4, 28).
cost(23, 5, 83).
cost(23, 6, 31).
cost(23, 7, 83).
cost(23, 8, 25).
cost(23, 9, 39).
cost(23, 10, 24).
cost(23, 11, 25).
cost(23, 12, 21).
cost(23, 13, 54).
cost(23, 14, 63).
cost(23, 15, 60).
cost(23, 16, 62).
cost(23, 17, 53).
cost(23, 18, 36).
cost(23, 19, 57).
cost(23, 20, 42).
cost(23, 21, 72).
cost(23, 22, 67).
cost(23, 24, 67).
cost(23, 25, 71).
cost(23, 26, 57).
cost(23, 27, 72).
cost(23, 28, 76).
cost(23, 29, 92).
cost(23, 30, 86).
cost(24, 1, 23).
cost(24, 2, 15).
cost(24, 3, 40).
cost(24, 4, 59).
cost(24, 5, 33).
cost(24, 6, 50).
cost(24, 7, 16).
cost(24, 8, 69).
cost(24, 9, 35).
cost(24, 10, 74).
cost(24, 11, 55).
cost(24, 12, 54).
cost(24, 13, 58).
cost(24, 14, 78).
cost(24, 15, 56).
cost(24, 16, 11).
cost(24, 17, 30).
cost(24, 18, 60).
cost(24, 19, 83).
cost(24, 20, 26).
cost(24, 21, 29).
cost(24, 22, 22).
cost(24, 23, 67).
cost(24, 25, 68).
cost(24, 26, 28).
cost(24, 27, 22).
cost(24, 28, 37).
cost(24, 29, 44).
cost(24, 30, 55).
cost(25, 1, 91).
cost(25, 2, 68).
cost(25, 3, 90).
cost(25, 4, 89).
cost(25, 5, 50).
cost(25, 6, 84).
cost(25, 7, 74).
cost(25, 8, 50).
cost(25, 9, 76).
cost(25, 10, 54).
cost(25, 11, 47).
cost(25, 12, 51).
cost(25, 13, 18).
cost(25, 14, 19).
cost(25, 15, 14).
cost(25, 16, 75).
cost(25, 17, 84).
cost(25, 18, 35).
cost(25, 19, 31).
cost(25, 20, 68).
cost(25, 21, 43).
cost(25, 22, 87).
cost(25, 23, 71).
cost(25, 24, 68).
cost(25, 26, 40).
cost(25, 27, 50).
cost(25, 28, 38).
cost(25, 29, 50).
cost(25, 30, 30).
cost(26, 1, 51).
cost(26, 2, 32).
cost(26, 3, 54).
cost(26, 4, 62).
cost(26, 5, 26).
cost(26, 6, 55).
cost(26, 7, 37).
cost(26, 8, 49).
cost(26, 9, 42).
cost(26, 10, 55).
cost(26, 11, 36).
cost(26, 12, 38).
cost(26, 13, 30).
cost(26, 14, 50).
cost(26, 15, 28).
cost(26, 16, 34).
cost(26, 17, 46).
cost(26, 18, 37).
cost(26, 19, 56).
cost(26, 20, 32).
cost(26, 21, 15).
cost(26, 22, 47).
cost(26, 23, 57).
cost(26, 24, 28).
cost(26, 25, 40).
cost(26, 27, 17).
cost(26, 28, 19).
cost(26, 29, 35).
cost(26, 30, 35).
cost(27, 1, 43).
cost(27, 2, 18).
cost(27, 3, 59).
cost(27, 4, 73).
cost(27, 5, 12).
cost(27, 6, 64).
cost(27, 7, 23).
cost(27, 8, 66).
cost(27, 9, 50).
cost(27, 10, 72).
cost(27, 11, 53).
cost(27, 12, 54).
cost(27, 13, 44).
cost(27, 14, 63).
cost(27, 15, 41).
cost(27, 16, 32).
cost(27, 17, 49).
cost(27, 18, 53).
cost(27, 19, 71).
cost(27, 20, 39).
cost(27, 21, 8).
cost(27, 22, 44).
cost(27, 23, 72).
cost(27, 24, 22).
cost(27, 25, 50).
cost(27, 26, 17).
cost(27, 28, 15).
cost(27, 29, 24).
cost(27, 30, 33).
cost(28, 1, 58).
cost(28, 2, 32).
cost(28, 3, 71).
cost(28, 4, 81).
cost(28, 5, 12).
cost(28, 6, 74).
cost(28, 7, 38).
cost(28, 8, 64).
cost(28, 9, 61).
cost(28, 10, 70).
cost(28, 11, 53).
cost(28, 12, 56).
cost(28, 13, 36).
cost(28, 14, 53).
cost(28, 15, 31).
cost(28, 16, 47).
cost(28, 17, 62).
cost(28, 18, 50).
cost(28, 19, 62).
cost(28, 20, 50).
cost(28, 21, 8).
cost(28, 22, 59).
cost(28, 23, 76).
cost(28, 24, 37).
cost(28, 25, 38).
cost(28, 26, 19).
cost(28, 27, 15).
cost(28, 29, 17).
cost(28, 30, 18).
cost(29, 1, 61).
cost(29, 2, 34).
cost(29, 3, 83).
cost(29, 4, 96).
cost(29, 5, 12).
cost(29, 6, 88).
cost(29, 7, 38).
cost(29, 8, 82).
cost(29, 9, 74).
cost(29, 10, 87).
cost(29, 11, 70).
cost(29, 12, 73).
cost(29, 13, 52).
cost(29, 14, 67).
cost(29, 15, 46).
cost(29, 16, 55).
cost(29, 17, 73).
cost(29, 18, 67).
cost(29, 19, 78).
cost(29, 20, 63).
cost(29, 21, 21).
cost(29, 22, 66).
cost(29, 23, 92).
cost(29, 24, 44).
cost(29, 25, 50).
cost(29, 26, 35).
cost(29, 27, 24).
cost(29, 28, 17).
cost(29, 30, 21).
cost(30, 1, 76).
cost(30, 2, 49).
cost(30, 3, 89).
cost(30, 4, 96).
cost(30, 5, 26).
cost(30, 6, 89).
cost(30, 7, 54).
cost(30, 8, 70).
cost(30, 9, 77).
cost(30, 10, 76).
cost(30, 11, 62).
cost(30, 12, 66).
cost(30, 13, 38).
cost(30, 14, 48).
cost(30, 15, 31).
cost(30, 16, 65).
cost(30, 17, 80).
cost(30, 18, 55).
cost(30, 19, 60).
cost(30, 20, 66).
cost(30, 21, 26).
cost(30, 22, 77).
cost(30, 23, 86).
cost(30, 24, 55).
cost(30, 25, 30).
cost(30, 26, 35).
cost(30, 27, 33).
cost(30, 28, 18).
cost(30, 29, 21).
