dimension(30).
point(1, 16.1111788508, 36.820987703).
point(2, 58.9341525521, 64.8804836245).
point(3, 48.232628003, 28.5060057688).
point(4, 8.7584683335, 82.33775547).
point(5, 30.6027316496, 93.0389649895).
point(6, 20.8580434598, 82.4122031003).
point(7, 22.3894440553, 75.8756049382).
point(8, 63.7179535706, 68.7035694292).
point(9, 86.3481166962, 45.0482479771).
point(10, 65.8967235203, 13.8057561341).
point(11, 27.9449332751, 93.97003103).
point(12, 34.0094416209, 30.8702575924).
point(13, 68.0553446855, 7.9998473059).
point(14, 92.2440283752, 57.3458025151).
point(15, 22.6938649402, 41.245412976).
point(16, 89.981293892, 67.0592214473).
point(17, 31.0679354561, 86.1319377435).
point(18, 57.3330025812, 16.8253620553).
point(19, 38.2544929747, 20.1525178796).
point(20, 73.8207785521, 6.8991101953).
point(21, 71.9439820537, 69.5438397288).
point(22, 92.7981290055, 71.020533137).
point(23, 84.030015189, 51.8942149958).
point(24, 87.7609526557, 40.9658805753).
point(25, 75.2691136305, 82.4356021026).
point(26, 53.6534593626, 11.4648881094).
point(27, 48.7738604593, 3.6884782484).
point(28, 61.0149510832, 79.8546555899).
point(29, 75.9566958787, 63.3457142483).
point(30, 38.709248814, 43.0547607929).
cost(1, 2, 51).
cost(1, 3, 33).
cost(1, 4, 46).
cost(1, 5, 58).
cost(1, 6, 46).
cost(1, 7, 40).
cost(1, 8, 57).
cost(1, 9, 71).
cost(1, 10, 55).
cost(1, 11, 58).
cost(1, 12, 19).
cost(1, 13, 59).
cost(1, 14, 79).
cost(1, 15, 8).
cost(1, 16, 80).
cost(1, 17, 52).
cost(1, 18, 46).
cost(1, 19, 28).
cost(1, 20, 65).
cost(1, 21, 65).
cost(1, 22, 84).
cost(1, 23, 70).
cost(1, 24, 72).
cost(1, 25, 75).
cost(1, 26, 45).
cost(1, 27, 47).
cost(1, 28, 62).
cost(1, 29, 65).
cost(1, 30, 23).
cost(2, 1, 51).
cost(2, 3, 38).
cost(2, 4, 53).
cost(2, 5, 40).
cost(2, 6, 42).
cost(2, 7, 38).
cost(2, 8, 6).
cost(2, 9, 34).
cost(2, 10, 52).
cost(2, 11, 43).
cost(2, 12, 42).
cost(2, 13, 58).
cost(2, 14, 34).
cost(2, 15, 43).
cost(2, 16, 31).
cost(2, 17, 35).
cost(2, 18, 48).
cost(2, 19, 49).
cost(2, 20, 60).
cost(2, 21, 14).
cost(2, 22, 34).
cost(2, 23, 28).
cost(2, 24, 37).
cost(2, 25, 24).
cost(2, 26, 54).
cost(2, 27, 62).
cost(2, 28, 15).
cost(2, 29, 17).
cost(2, 30, 30).
cost(3, 1, 33).
cost(3, 2, 38).
cost(3, 4, 67).
cost(3, 5, 67).
cost(3, 6, 60).
cost(3, 7, 54).
cost(3, 8, 43).
cost(3, 9, 42).
cost(3, 10, 23).
cost(3, 11, 69).
cost(3, 12, 14).
cost(3, 13, 29).
cost(3, 14, 53).
cost(3, 15, 29).
cost(3, 16, 57).
cost(3, 17, 60).
cost(3, 18, 15).
cost(3, 19, 13).
cost(3, 20, 33).
cost(3, 21, 47).
cost(3, 22, 62).
cost(3, 23, 43).
cost(3, 24, 41).
cost(3, 25, 60).
cost(3, 26, 18).
cost(3, 27, 25).
cost(3, 28, 53).
cost(3, 29, 45).
cost(3, 30, 17).
cost(4, 1, 46).
cost(4, 2, 53).
cost(4, 3, 67).
cost(4, 5, 24).
cost(4, 6, 12).
cost(4, 7, 15).
cost(4, 8, 57).
cost(4, 9, 86).
cost(4, 10, 89).
cost(4, 11, 22).
cost(4, 12, 57).
cost(4, 13, 95).
cost(4, 14, 87).
cost(4, 15, 43).
cost(4, 16, 83).
cost(4, 17, 23).
cost(4, 18, 82).
cost(4, 19, 69).
cost(4, 20, 100).
cost(4, 21, 64).
cost(4, 22, 85).
cost(4, 23, 81).
cost(4, 24, 89).
cost(4, 25, 67).
cost(4, 26, 84).
cost(4, 27, 88).
cost(4, 28, 52).
cost(4, 29, 70).
cost(4, 30, 49).
cost(5, 1, 58).
cost(5, 2, 40).
cost(5, 3, 67).
cost(5, 4, 24).
cost(5, 6, 14).
cost(5, 7, 19).
cost(5, 8, 41).
cost(5, 9, 74).
cost(5, 10, 87).
cost(5, 11, 3).
cost(5, 12, 62).
cost(5, 13, 93).
cost(5, 14, 71).
cost(5, 15, 52).
cost(5, 16, 65).
cost(5, 17, 7).
cost(5, 18, 81).
cost(5, 19, 73).
cost(5, 20, 96).
cost(5, 21, 48).
cost(5, 22, 66).
cost(5, 23, 67).
cost(5, 24, 77).
cost(5, 25, 46).
cost(5, 26, 85).
cost(5, 27, 91).
cost(5, 28, 33).
cost(5, 29, 54).
cost(5, 30, 51).
cost(6, 1, 46).
cost(6, 2, 42).
cost(6, 3, 60).
cost(6, 4, 12).
cost(6, 5, 14).
cost(6, 7, 7).
cost(6, 8, 45).
cost(6, 9, 75).
cost(6, 10, 82).
cost(6, 11, 14).
cost(6, 12, 53).
cost(6, 13, 88).
cost(6, 14, 76).
cost(6, 15, 41).
cost(6, 16, 71).
cost(6, 17, 11).
cost(6, 18, 75).
cost(6, 19, 65).
cost(6, 20, 92).
cost(6, 21, 53).
cost(6, 22, 73).
cost(6, 23, 70).
cost(6, 24, 79).
cost(6, 25, 54).
cost(6, 26, 78).
cost(6, 27, 84).
cost(6, 28, 40).
cost(6, 29, 58).
cost(6, 30, 43).
cost(7, 1, 40).
cost(7, 2, 38).
cost(7, 3, 54).
cost(7, 4, 15).
cost(7, 5, 19).
cost(7, 6, 7).
cost(7, 8, 42).
cost(7, 9, 71).
cost(7, 10, 76).
cost(7, 11, 19).
cost(7, 12, 46).
cost(7, 13, 82).
cost(7, 14, 72).
cost(7, 15, 35).
cost(7, 16, 68).
cost(7, 17, 13).
cost(7, 18, 69).
cost(7, 19, 58).
cost(7, 20, 86).
cost(7, 21, 50).
cost(7, 22, 71).
cost(7, 23, 66).
cost(7, 24, 74).
cost(7, 25, 53).
cost(7, 26, 72).
cost(7, 27, 77).
cost(7, 28, 39).
cost(7, 29, 55).
cost(7, 30, 37).
cost(8, 1, 57).
cost(8, 2, 6).
cost(8, 3, 43).
cost(8, 4, 57).
cost(8, 5, 41).
cost(8, 6, 45).
cost(8, 7, 42).
cost(8, 9, 33).
cost(8, 10, 55).
cost(8, 11, 44).
cost(8, 12, 48).
cost(8, 13, 61).
cost(8, 14, 31).
cost(8, 15, 49).
cost(8, 16, 26).
cost(8, 17, 37).
cost(8, 18, 52).
cost(8, 19, 55).
cost(8, 20, 63).
cost(8, 21, 8).
cost(8, 22, 29).
cost(8, 23, 26).
cost(8, 24, 37).
cost(8, 25, 18).
cost(8, 26, 58).
cost(8, 27, 67).
cost(8, 28, 11).
cost(8, 29, 13).
cost(8, 30, 36).
cost(9, 1, 71).
cost(9, 2, 34).
cost(9, 3, 42).
cost(9, 4, 86).
cost(9, 5, 74).
cost(9, 6, 75).
cost(9, 7, 71).
cost(9, 8, 33).
cost(9, 10, 37).
cost(9, 11, 76).
cost(9, 12, 54).
cost(9, 13, 41).
cost(9, 14, 14).
cost(9, 15, 64).
cost(9, 16, 22).
cost(9, 17, 69).
cost(9, 18, 40).
cost(9, 19, 54).
cost(9, 20, 40).
cost(9, 21, 28).
cost(9, 22, 27).
cost(9, 23, 7).
cost(9, 24, 4).
cost(9, 25, 39).
cost(9, 26, 47).
cost(9, 27, 56).
cost(9, 28, 43).
cost(9, 29, 21).
cost(9, 30, 48).
cost(10, 1, 55).
cost(10, 2, 52).
cost(10, 3, 23).
cost(10, 4, 89).
cost(10, 5, 87).
cost(10, 6, 82).
cost(10, 7, 76).
cost(10, 8, 55).
cost(10, 9, 37).
cost(10, 11, 89).
cost(10, 12, 36).
cost(10, 13, 6).
cost(10, 14, 51).
cost(10, 15, 51).
cost(10, 16, 58).
cost(10, 17, 80).
cost(10, 18, 9).
cost(10, 19, 28).
cost(10, 20, 11).
cost(10, 21, 56).
cost(10, 22, 63).
cost(10, 23, 42).
cost(10, 24, 35).
cost(10, 25, 69).
cost(10, 26, 12).
cost(10, 27, 20).
cost(10, 28, 66).
cost(10, 29, 51).
cost(10, 30, 40).
cost(11, 1, 58).
cost(11, 2, 43).
cost(11, 3, 69).
cost(11, 4, 22).
cost(11, 5, 3).
cost(11, 6, 14).
cost(11, 7, 19).
cost(11, 8, 44).
cost(11, 9, 76).
cost(11, 10, 89).
cost(11, 12, 63).
cost(11, 13, 95).
cost(11, 14, 74).
cost(11, 15, 53).
cost(11, 16, 68).
cost(11, 17, 8).
cost(11, 18, 83).
cost(11, 19, 75).
cost(11, 20, 98).
cost(11, 21, 50).
cost(11, 22, 69).
cost(11, 23, 70).
cost(11, 24, 80).
cost(11, 25, 49).
cost(11, 26, 86).
cost(11, 27, 93).
cost(11, 28, 36).
cost(11, 29, 57).
cost(11, 30, 52).
cost(12, 1, 19).
cost(12, 2, 42).
cost(12, 3, 14).
cost(12, 4, 57).
cost(12, 5, 62).
cost(12, 6, 53).
cost(12, 7, 46).
cost(12, 8, 48).
cost(12, 9, 54).
cost(12, 10, 36).
cost(12, 11, 63).
cost(12, 13, 41).
cost(12, 14, 64).
cost(12, 15, 15).
cost(12, 16, 67).
cost(12, 17, 55).
cost(12, 18, 27).
cost(12, 19, 12).
cost(12, 20, 46).
cost(12, 21, 54).
cost(12, 22, 71).
cost(12, 23, 54).
cost(12, 24, 55).
cost(12, 25, 66).
cost(12, 26, 28).
cost(12, 27, 31).
cost(12, 28, 56).
cost(12, 29, 53).
cost(12, 30, 13).
cost(13, 1, 59).
cost(13, 2, 58).
cost(13, 3, 29).
cost(13, 4, 95).
cost(13, 5, 93).
cost(13, 6, 88).
cost(13, 7, 82).
cost(13, 8, 61).
cost(13, 9, 41).
cost(13, 10, 6).
cost(13, 11, 95).
cost(13, 12, 41).
cost(13, 14, 55).
cost(13, 15, 56).
cost(13, 16, 63).
cost(13, 17, 86).
cost(13, 18, 14).
cost(13, 19, 32).
cost(13, 20, 6).
cost(13, 21, 62).
cost(13, 22, 68).
cost(13, 23, 47).
cost(13, 24, 38).
cost(13, 25, 75).
cost(13, 26, 15).
cost(13, 27, 20).
cost(13, 28, 72).
cost(13, 29, 56).
cost(13, 30, 46).
cost(14, 1, 79).
cost(14, 2, 34).
cost(14, 3, 53).
cost(14, 4, 87).
cost(14, 5, 71).
cost(14, 6, 76).
cost(14, 7, 72).
cost(14, 8, 31).
cost(14, 9, 14).
cost(14, 10, 51).
cost(14, 11, 74).
cost(14, 12, 64).
cost(14, 13, 55).
cost(14, 15, 71).
cost(14, 16, 10).
cost(14, 17, 68).
cost(14, 18, 53).
cost(14, 19, 66).
cost(14, 20, 54).
cost(14, 21, 24).
cost(14, 22, 14).
cost(14, 23, 10).
cost(14, 24, 17).
cost(14, 25, 30).
cost(14, 26, 60).
cost(14, 27, 69).
cost(14, 28, 38).
cost(14, 29, 17).
cost(14, 30, 55).
cost(15, 1, 8).
cost(15, 2, 43).
cost(15, 3, 29).
cost(15, 4, 43).
cost(15, 5, 52).
cost(15, 6, 41).
cost(15, 7, 35).
cost(15, 8, 49).
cost(15, 9, 64).
cost(15, 10, 51).
cost(15, 11, 53).
cost(15, 12, 15).
cost(15, 13, 56).
cost(15, 14, 71).
cost(15, 16, 72).
cost(15, 17, 46).
cost(15, 18, 42).
cost(15, 19, 26).
cost(15, 20, 62).
cost(15, 21, 57).
cost(15, 22, 76).
cost(15, 23, 62).
cost(15, 24, 65).
cost(15, 25, 67).
cost(15, 26, 43).
cost(15, 27, 46).
cost(15, 28, 54).
cost(15, 29, 58).
cost(15, 30, 16).
cost(16, 1, 80).
cost(16, 2, 31).
cost(16, 3, 57).
cost(16, 4, 83).
cost(16, 5, 65).
cost(16, 6, 71).
cost(16, 7, 68).
cost(16, 8, 26).
cost(16, 9, 22).
cost(16, 10, 58).
cost(16, 11, 68).
cost(16, 12, 67).
cost(16, 13, 63).
cost(16, 14, 10).
cost(16, 15, 72).
cost(16, 17, 62).
cost(16, 18, 60).
cost(16, 19, 70).
cost(16, 20, 62).
cost(16, 21, 18).
cost(16, 22, 5).
cost(16, 23, 16).
cost(16, 24, 26).
cost(16, 25, 21).
cost(16, 26, 66).
cost(16, 27, 76).
cost(16, 28, 32).
cost(16, 29, 15).
cost(16, 30, 57).
cost(17, 1, 52).
cost(17, 2, 35).
cost(17, 3, 60).
cost(17, 4, 23).
cost(17, 5, 7).
cost(17, 6, 11).
cost(17, 7, 13).
cost(17, 8, 37).
cost(17, 9, 69).
cost(17, 10, 80).
cost(17, 11, 8).
cost(17, 12, 55).
cost(17, 13, 86).
cost(17, 14, 68).
cost(17, 15, 46).
cost(17, 16, 62).
cost(17, 18, 74).
cost(17, 19, 66).
cost(17, 20, 90).
cost(17, 21, 44).
cost(17, 22, 64).
cost(17, 23, 63).
cost(17, 24, 72).
cost(17, 25, 44).
cost(17, 26, 78).
cost(17, 27, 84).
cost(17, 28, 31).
cost(17, 29, 50).
cost(17, 30, 44).
cost(18, 1, 46).
cost(18, 2, 48).
cost(18, 3, 15).
cost(18, 4, 82).
cost(18, 5, 81).
cost(18, 6, 75).
cost(18, 7, 69).
cost(18, 8, 52).
cost(18, 9, 40).
cost(18, 10, 9).
cost(18, 11, 83).
cost(18, 12, 27).
cost(18, 13, 14).
cost(18, 14, 53).
cost(18, 15, 42).
cost(18, 16, 60).
cost(18, 17, 74).
cost(18, 19, 19).
cost(18, 20, 19).
cost(18, 21, 55).
cost(18, 22, 65).
cost(18, 23, 44).
cost(18, 24, 39).
cost(18, 25, 68).
cost(18, 26, 7).
cost(18, 27, 16).
cost(18, 28, 63).
cost(18, 29, 50).
cost(18, 30, 32).
cost(19, 1, 28).
cost(19, 2, 49).
cost(19, 3, 13).
cost(19, 4, 69).
cost(19, 5, 73).
cost(19, 6, 65).
cost(19, 7, 58).
cost(19, 8, 55).
cost(19, 9, 54).
cost(19, 10, 28).
cost(19, 11, 75).
cost(19, 12, 12).
cost(19, 13, 32).
cost(19, 14, 66).
cost(19, 15, 26).
cost(19, 16, 70).
cost(19, 17, 66).
cost(19, 18, 19).
cost(19, 20, 38).
cost(19, 21, 60).
cost(19, 22, 75).
cost(19, 23, 56).
cost(19, 24, 54).
cost(19, 25, 72).
cost(19, 26, 18).
cost(19, 27, 20).
cost(19, 28, 64).
cost(19, 29, 57).
cost(19, 30, 23).
cost(20, 1, 65).
cost(20, 2, 60).
cost(20, 3, 33).
cost(20, 4, 100).
cost(20, 5, 96).
cost(20, 6, 92).
cost(20, 7, 86).
cost(20, 8, 63).
cost(20, 9, 40).
cost(20, 10, 11).
cost(20, 11, 98).
cost(20, 12, 46).
cost(20, 13, 6).
cost(20, 14, 54).
cost(20, 15, 62).
cost(20, 16, 62).
cost(20, 17, 90).
cost(20, 18, 19).
cost(20, 19, 38).
cost(20, 21, 63).
cost(20, 22, 67).
cost(20, 23, 46).
cost(20, 24, 37).
cost(20, 25, 76).
cost(20, 26, 21).
cost(20, 27, 25).
cost(20, 28, 74).
cost(20, 29, 56).
cost(20, 30, 50).
cost(21, 1, 65).
cost(21, 2, 14).
cost(21, 3, 47).
cost(21, 4, 64).
cost(21, 5, 48).
cost(21, 6, 53).
cost(21, 7, 50).
cost(21, 8, 8).
cost(21, 9, 28).
cost(21, 10, 56).
cost(21, 11, 50).
cost(21, 12, 54).
cost(21, 13, 62).
cost(21, 14, 24).
cost(21, 15, 57).
cost(21, 16, 18).
cost(21, 17, 44).
cost(21, 18, 55).
cost(21, 19, 60).
cost(21, 20, 63).
cost(21, 22, 21).
cost(21, 23, 21).
cost(21, 24, 33).
cost(21, 25, 13).
cost(21, 26, 61).
cost(21, 27, 70).
cost(21, 28, 15).
cost(21, 29, 7).
cost(21, 30, 42).
cost(22, 1, 84).
cost(22, 2, 34).
cost(22, 3, 62).
cost(22, 4, 85).
cost(22, 5, 66).
cost(22, 6, 73).
cost(22, 7, 71).
cost(22, 8, 29).
cost(22, 9, 27).
cost(22, 10, 63).
cost(22, 11, 69).
cost(22, 12, 71).
cost(22, 13, 68).
cost(22, 14, 14).
cost(22, 15, 76).
cost(22, 16, 5).
cost(22, 17, 64).
cost(22, 18, 65).
cost(22, 19, 75).
cost(22, 20, 67).
cost(22, 21, 21).
cost(22, 23, 21).
cost(22, 24, 30).
cost(22, 25, 21).
cost(22, 26, 71).
cost(22, 27, 80).
cost(22, 28, 33).
cost(22, 29, 19).
cost(22, 30, 61).
cost(23, 1, 70).
cost(23, 2, 28).
cost(23, 3, 43).
cost(23, 4, 81).
cost(23, 5, 67).
cost(23, 6, 70).
cost(23, 7, 66).
cost(23, 8, 26).
cost(23, 9, 7).
cost(23, 10, 42).
cost(23, 11, 70).
cost(23, 12, 54).
cost(23, 13, 47).
cost(23, 14, 10).
cost(23, 15, 62).
cost(23, 16, 16).
cost(23, 17, 63).
cost(23, 18, 44).
cost(23, 19, 56).
cost(23, 20, 46).
cost(23, 21, 21).
cost(23, 22, 21).
cost(23, 24, 12).
cost(23, 25, 32).
cost(23, 26, 51).
cost(23, 27, 60).
cost(23, 28, 36).
cost(23, 29, 14).
cost(23, 30, 46).
cost(24, 1, 72).
cost(24, 2, 37).
cost(24, 3, 41).
cost(24, 4, 89).
cost(24, 5, 77).
cost(24, 6, 79).
cost(24, 7, 74).
cost(24, 8, 37).
cost(24, 9, 4).
cost(24, 10, 35).
cost(24, 11, 80).
cost(24, 12, 55).
cost(24, 13, 38).
cost(24, 14, 17).
cost(24, 15, 65).
cost(24, 16, 26).
cost(24, 17, 72).
cost(24, 18, 39).
cost(24, 19, 54).
cost(24, 20, 37).
cost(24, 21, 33).
cost(24, 22, 30).
cost(24, 23, 12).
cost(24, 25, 43).
cost(24, 26, 45).
cost(24, 27, 54).
cost(24, 28, 47).
cost(24, 29, 25).
cost(24, 30, 49).
cost(25, 1, 75).
cost(25, 2, 24).
cost(25, 3, 60).
cost(25, 4, 67).
cost(25, 5, 46).
cost(25, 6, 54).
cost(25, 7, 53).
cost(25, 8, 18).
cost(25, 9, 39).
cost(25, 10, 69).
cost(25, 11, 49).
cost(25, 12, 66).
cost(25, 13, 75).
cost(25, 14, 30).
cost(25, 15, 67).
cost(25, 16, 21).
cost(25, 17, 44).
cost(25, 18, 68).
cost(25, 19, 72).
cost(25, 20, 76).
cost(25, 21, 13).
cost(25, 22, 21).
cost(25, 23, 32).
cost(25, 24, 43).
cost(25, 26, 74).
cost(25, 27, 83).
cost(25, 28, 14).
cost(25, 29, 19).
cost(25, 30, 54).
cost(26, 1, 45).
cost(26, 2, 54).
cost(26, 3, 18).
cost(26, 4, 84).
cost(26, 5, 85).
cost(26, 6, 78).
cost(26, 7, 72).
cost(26, 8, 58).
cost(26, 9, 47).
cost(26, 10, 12).
cost(26, 11, 86).
cost(26, 12, 28).
cost(26, 13, 15).
cost(26, 14, 60).
cost(26, 15, 43).
cost(26, 16, 66).
cost(26, 17, 78).
cost(26, 18, 7).
cost(26, 19, 18).
cost(26, 20, 21).
cost(26, 21, 61).
cost(26, 22, 71).
cost(26, 23, 51).
cost(26, 24, 45).
cost(26, 25, 74).
cost(26, 27, 9).
cost(26, 28, 69).
cost(26, 29, 56).
cost(26, 30, 35).
cost(27, 1, 47).
cost(27, 2, 62).
cost(27, 3, 25).
cost(27, 4, 88).
cost(27, 5, 91).
cost(27, 6, 84).
cost(27, 7, 77).
cost(27, 8, 67).
cost(27, 9, 56).
cost(27, 10, 20).
cost(27, 11, 93).
cost(27, 12, 31).
cost(27, 13, 20).
cost(27, 14, 69).
cost(27, 15, 46).
cost(27, 16, 76).
cost(27, 17, 84).
cost(27, 18, 16).
cost(27, 19, 20).
cost(27, 20, 25).
cost(27, 21, 70).
cost(27, 22, 80).
cost(27, 23, 60).
cost(27, 24, 54).
cost(27, 25, 83).
cost(27, 26, 9).
cost(27, 28, 77).
cost(27, 29, 66).
cost(27, 30, 41).
cost(28, 1, 62).
cost(28, 2, 15).
cost(28, 3, 53).
cost(28, 4, 52).
cost(28, 5, 33).
cost(28, 6, 40).
cost(28, 7, 39).
cost(28, 8, 11).
cost(28, 9, 43).
cost(28, 10, 66).
cost(28, 11, 36).
cost(28, 12, 56).
cost(28, 13, 72).
cost(28, 14, 38).
cost(28, 15, 54).
cost(28, 16, 32).
cost(28, 17, 31).
cost(28, 18, 63).
cost(28, 19, 64).
cost(28, 20, 74).
cost(28, 21, 15).
cost(28, 22, 33).
cost(28, 23, 36).
cost(28, 24, 47).
cost(28, 25, 14).
cost(28, 26, 69).
cost(28, 27, 77).
cost(28, 29, 22).
cost(28, 30, 43).
cost(29, 1, 65).
cost(29, 2, 17).
cost(29, 3, 45).
cost(29, 4, 70).
cost(29, 5, 54).
cost(29, 6, 58).
cost(29, 7, 55).
cost(29, 8, 13).
cost(29, 9, 21).
cost(29, 10, 51).
cost(29, 11, 57).
cost(29, 12, 53).
cost(29, 13, 56).
cost(29, 14, 17).
cost(29, 15, 58).
cost(29, 16, 15).
cost(29, 17, 50).
cost(29, 18, 50).
cost(29, 19, 57).
cost(29, 20, 56).
cost(29, 21, 7).
cost(29, 22, 19).
cost(29, 23, 14).
cost(29, 24, 25).
cost(29, 25, 19).
cost(29, 26, 56).
cost(29, 27, 66).
cost(29, 28, 22).
cost(29, 30, 42).
cost(30, 1, 23).
cost(30, 2, 30).
cost(30, 3, 17).
cost(30, 4, 49).
cost(30, 5, 51).
cost(30, 6, 43).
cost(30, 7, 37).
cost(30, 8, 36).
cost(30, 9, 48).
cost(30, 10, 40).
cost(30, 11, 52).
cost(30, 12, 13).
cost(30, 13, 46).
cost(30, 14, 55).
cost(30, 15, 16).
cost(30, 16, 57).
cost(30, 17, 44).
cost(30, 18, 32).
cost(30, 19, 23).
cost(30, 20, 50).
cost(30, 21, 42).
cost(30, 22, 61).
cost(30, 23, 46).
cost(30, 24, 49).
cost(30, 25, 54).
cost(30, 26, 35).
cost(30, 27, 41).
cost(30, 28, 43).
cost(30, 29, 42).
