dimension(26).
point(1, 32.3637922631, 51.8033731822).
point(2, 36.3793814305, 48.3015123324).
point(3, 28.4695839207, 39.5929788874).
point(4, 36.2563928098, 43.4784818691).
point(5, 39.3105211581, 45.8914860227).
point(6, 40.2551018359, 48.2736161543).
point(7, 67.4243888133, 0.1143282419).
point(8, 80.7379258091, 21.9080601497).
point(9, 82.656196614, 1.1797426976).
point(10, 91.810478129, 1.7257832448).
point(11, 77.3650083223, 2.2022467344).
point(12, 42.783460709, 27.5279420977).
point(13, 45.1453509271, 27.551774303).
point(14, 46.1208751441, 25.1038037291).
point(15, 38.0139310647, 28.1706265407).
point(16, 39.2762666213, 27.9666960986).
point(17, 18.8027068081, 99.0313766608).
point(18, 10.2990774791, 95.8117827142).
point(19, 36.8046955775, 91.7265733163).
point(20, 9.1452341744, 94.8104726799).
point(21, 12.8571159345, 93.9547636215).
point(22, 94.1807161131, 73.3070642327).
point(23, 95.0181481616, 62.7161552797).
point(24, 74.0206105112, 60.7368224704).
point(25, 68.3202226624, 68.4249685476).
point(26, 93.6331895375, 85.26121237).
cost(1, 2, 5).
cost(1, 3, 13).
cost(1, 4, 9).
cost(1, 5, 9).
cost(1, 6, 9).
cost(1, 7, 62).
cost(1, 8, 57).
cost(1, 9, 71).
cost(1, 10, 78).
cost(1, 11, 67).
cost(1, 12, 26).
cost(1, 13, 27).
cost(1, 14, 30).
cost(1, 15, 24).
cost(1, 16, 25).
cost(1, 17, 49).
cost(1, 18, 49).
cost(1, 19, 40).
cost(1, 20, 49).
cost(1, 21, 46).
cost(1, 22, 65).
cost(1, 23, 64).
cost(1, 24, 43).
cost(1, 25, 40).
cost(1, 26, 70).
cost(2, 1, 5).
cost(2, 3, 12).
cost(2, 4, 5).
cost(2, 5, 4).
cost(2, 6, 4).
cost(2, 7, 57).
cost(2, 8, 52).
cost(2, 9, 66).
cost(2, 10, 72).
cost(2, 11, 62).
cost(2, 12, 22).
cost(2, 13, 23).
cost(2, 14, 25).
cost(2, 15, 20).
cost(2, 16, 21).
cost(2, 17, 54).
cost(2, 18, 54).
cost(2, 19, 43).
cost(2, 20, 54).
cost(2, 21, 51).
cost(2, 22, 63).
cost(2, 23, 60).
cost(2, 24, 40).
cost(2, 25, 38).
cost(2, 26, 68).
cost(3, 1, 13).
cost(3, 2, 12).
cost(3, 4, 9).
cost(3, 5, 13).
cost(3, 6, 15).
cost(3, 7, 55).
cost(3, 8, 55).
cost(3, 9, 66).
cost(3, 10, 74).
cost(3, 11, 62).
cost(3, 12, 19).
cost(3, 13, 21).
cost(3, 14, 23).
cost(3, 15, 15).
cost(3, 16, 16).
cost(3, 17, 60).
cost(3, 18, 59).
cost(3, 19, 53).
cost(3, 20, 59).
cost(3, 21, 57).
cost(3, 22, 74).
cost(3, 23, 70).
cost(3, 24, 50).
cost(3, 25, 49).
cost(3, 26, 80).
cost(4, 1, 9).
cost(4, 2, 5).
cost(4, 3, 9).
cost(4, 5, 4).
cost(4, 6, 6).
cost(4, 7, 53).
cost(4, 8, 49).
cost(4, 9, 63).
cost(4, 10, 69).
cost(4, 11, 58).
cost(4, 12, 17).
cost(4, 13, 18).
cost(4, 14, 21).
cost(4, 15, 15).
cost(4, 16, 16).
cost(4, 17, 58).
cost(4, 18, 58).
cost(4, 19, 48).
cost(4, 20, 58).
cost(4, 21, 56).
cost(4, 22, 65).
cost(4, 23, 62).
cost(4, 24, 42).
cost(4, 25, 41).
cost(4, 26, 71).
cost(5, 1, 9).
cost(5, 2, 4).
cost(5, 3, 13).
cost(5, 4, 4).
cost(5, 6, 3).
cost(5, 7, 54).
cost(5, 8, 48).
cost(5, 9, 62).
cost(5, 10, 69).
cost(5, 11, 58).
cost(5, 12, 19).
cost(5, 13, 19).
cost(5, 14, 22).
cost(5, 15, 18).
cost(5, 16, 18).
cost(5, 17, 57).
cost(5, 18, 58).
cost(5, 19, 46).
cost(5, 20, 57).
cost(5, 21, 55).
cost(5, 22, 61).
cost(5, 23, 58).
cost(5, 24, 38).
cost(5, 25, 37).
cost(5, 26, 67).
cost(6, 1, 9).
cost(6, 2, 4).
cost(6, 3, 15).
cost(6, 4, 6).
cost(6, 5, 3).
cost(6, 7, 55).
cost(6, 8, 48).
cost(6, 9, 63).
cost(6, 10, 69).
cost(6, 11, 59).
cost(6, 12, 21).
cost(6, 13, 21).
cost(6, 14, 24).
cost(6, 15, 20).
cost(6, 16, 20).
cost(6, 17, 55).
cost(6, 18, 56).
cost(6, 19, 44).
cost(6, 20, 56).
cost(6, 21, 53).
cost(6, 22, 59).
cost(6, 23, 57).
cost(6, 24, 36).
cost(6, 25, 35).
cost(6, 26, 65).
cost(7, 1, 62).
cost(7, 2, 57).
cost(7, 3, 55).
cost(7, 4, 53).
cost(7, 5, 54).
cost(7, 6, 55).
cost(7, 8, 26).
cost(7, 9, 15).
cost(7, 10, 24).
cost(7, 11, 10).
cost(7, 12, 37).
cost(7, 13, 35).
cost(7, 14, 33).
cost(7, 15, 41).
cost(7, 16, 40).
cost(7, 17, 110).
cost(7, 18, 111).
cost(7, 19, 97).
cost(7, 20, 111).
cost(7, 21, 109).
cost(7, 22, 78).
cost(7, 23, 68).
cost(7, 24, 61).
cost(7, 25, 68).
cost(7, 26, 89).
cost(8, 1, 57).
cost(8, 2, 52).
cost(8, 3, 55).
cost(8, 4, 49).
cost(8, 5, 48).
cost(8, 6, 48).
cost(8, 7, 26).
cost(8, 9, 21).
cost(8, 10, 23).
cost(8, 11, 20).
cost(8, 12, 38).
cost(8, 13, 36).
cost(8, 14, 35).
cost(8, 15, 43).
cost(8, 16, 42).
cost(8, 17, 99).
cost(8, 18, 102).
cost(8, 19, 82).
cost(8, 20, 102).
cost(8, 21, 99).
cost(8, 22, 53).
cost(8, 23, 43).
cost(8, 24, 39).
cost(8, 25, 48).
cost(8, 26, 65).
cost(9, 1, 71).
cost(9, 2, 66).
cost(9, 3, 66).
cost(9, 4, 63).
cost(9, 5, 62).
cost(9, 6, 63).
cost(9, 7, 15).
cost(9, 8, 21).
cost(9, 10, 9).
cost(9, 11, 5).
cost(9, 12, 48).
cost(9, 13, 46).
cost(9, 14, 44).
cost(9, 15, 52).
cost(9, 16, 51).
cost(9, 17, 117).
cost(9, 18, 119).
cost(9, 19, 101).
cost(9, 20, 119).
cost(9, 21, 116).
cost(9, 22, 73).
cost(9, 23, 63).
cost(9, 24, 60).
cost(9, 25, 69).
cost(9, 26, 85).
cost(10, 1, 78).
cost(10, 2, 72).
cost(10, 3, 74).
cost(10, 4, 69).
cost(10, 5, 69).
cost(10, 6, 69).
cost(10, 7, 24).
cost(10, 8, 23).
cost(10, 9, 9).
cost(10, 11, 14).
cost(10, 12, 55).
cost(10, 13, 53).
cost(10, 14, 51).
cost(10, 15, 60).
cost(10, 16, 59).
cost(10, 17, 122).
cost(10, 18, 124).
cost(10, 19, 105).
cost(10, 20, 124).
cost(10, 21, 121).
cost(10, 22, 72).
cost(10, 23, 61).
cost(10, 24, 62).
cost(10, 25, 71).
cost(10, 26, 84).
cost(11, 1, 67).
cost(11, 2, 62).
cost(11, 3, 62).
cost(11, 4, 58).
cost(11, 5, 58).
cost(11, 6, 59).
cost(11, 7, 10).
cost(11, 8, 20).
cost(11, 9, 5).
cost(11, 10, 14).
cost(11, 12, 43).
cost(11, 13, 41).
cost(11, 14, 39).
cost(11, 15, 47).
cost(11, 16, 46).
cost(11, 17, 113).
cost(11, 18, 115).
cost(11, 19, 98).
cost(11, 20, 115).
cost(11, 21, 112).
cost(11, 22, 73).
cost(11, 23, 63).
cost(11, 24, 59).
cost(11, 25, 67).
cost(11, 26, 85).
cost(12, 1, 26).
cost(12, 2, 22).
cost(12, 3, 19).
cost(12, 4, 17).
cost(12, 5, 19).
cost(12, 6, 21).
cost(12, 7, 37).
cost(12, 8, 38).
cost(12, 9, 48).
cost(12, 10, 55).
cost(12, 11, 43).
cost(12, 13, 2).
cost(12, 14, 4).
cost(12, 15, 5).
cost(12, 16, 4).
cost(12, 17, 75).
cost(12, 18, 76).
cost(12, 19, 64).
cost(12, 20, 75).
cost(12, 21, 73).
cost(12, 22, 69).
cost(12, 23, 63).
cost(12, 24, 46).
cost(12, 25, 48).
cost(12, 26, 77).
cost(13, 1, 27).
cost(13, 2, 23).
cost(13, 3, 21).
cost(13, 4, 18).
cost(13, 5, 19).
cost(13, 6, 21).
cost(13, 7, 35).
cost(13, 8, 36).
cost(13, 9, 46).
cost(13, 10, 53).
cost(13, 11, 41).
cost(13, 12, 2).
cost(13, 14, 3).
cost(13, 15, 7).
cost(13, 16, 6).
cost(13, 17, 76).
cost(13, 18, 77).
cost(13, 19, 65).
cost(13, 20, 76).
cost(13, 21, 74).
cost(13, 22, 67).
cost(13, 23, 61).
cost(13, 24, 44).
cost(13, 25, 47).
cost(13, 26, 75).
cost(14, 1, 30).
cost(14, 2, 25).
cost(14, 3, 23).
cost(14, 4, 21).
cost(14, 5, 22).
cost(14, 6, 24).
cost(14, 7, 33).
cost(14, 8, 35).
cost(14, 9, 44).
cost(14, 10, 51).
cost(14, 11, 39).
cost(14, 12, 4).
cost(14, 13, 3).
cost(14, 15, 9).
cost(14, 16, 7).
cost(14, 17, 79).
cost(14, 18, 79).
cost(14, 19, 67).
cost(14, 20, 79).
cost(14, 21, 76).
cost(14, 22, 68).
cost(14, 23, 62).
cost(14, 24, 45).
cost(14, 25, 49).
cost(14, 26, 77).
cost(15, 1, 24).
cost(15, 2, 20).
cost(15, 3, 15).
cost(15, 4, 15).
cost(15, 5, 18).
cost(15, 6, 20).
cost(15, 7, 41).
cost(15, 8, 43).
cost(15, 9, 52).
cost(15, 10, 60).
cost(15, 11, 47).
cost(15, 12, 5).
cost(15, 13, 7).
cost(15, 14, 9).
cost(15, 16, 1).
cost(15, 17, 73).
cost(15, 18, 73).
cost(15, 19, 64).
cost(15, 20, 73).
cost(15, 21, 70).
cost(15, 22, 72).
cost(15, 23, 67).
cost(15, 24, 49).
cost(15, 25, 50).
cost(15, 26, 80).
cost(16, 1, 25).
cost(16, 2, 21).
cost(16, 3, 16).
cost(16, 4, 16).
cost(16, 5, 18).
cost(16, 6, 20).
cost(16, 7, 40).
cost(16, 8, 42).
cost(16, 9, 51).
cost(16, 10, 59).
cost(16, 11, 46).
cost(16, 12, 4).
cost(16, 13, 6).
cost(16, 14, 7).
cost(16, 15, 1).
cost(16, 17, 74).
cost(16, 18, 74).
cost(16, 19, 64).
cost(16, 20, 73).
cost(16, 21, 71).
cost(16, 22, 71).
cost(16, 23, 66).
cost(16, 24, 48).
cost(16, 25, 50).
cost(16, 26, 79).
cost(17, 1, 49).
cost(17, 2, 54).
cost(17, 3, 60).
cost(17, 4, 58).
cost(17, 5, 57).
cost(17, 6, 55).
cost(17, 7, 110).
cost(17, 8, 99).
cost(17, 9, 117).
cost(17, 10, 122).
cost(17, 11, 113).
cost(17, 12, 75).
cost(17, 13, 76).
cost(17, 14, 79).
cost(17, 15, 73).
cost(17, 16, 74).
cost(17, 18, 9).
cost(17, 19, 19).
cost(17, 20, 11).
cost(17, 21, 8).
cost(17, 22, 80).
cost(17, 23, 84).
cost(17, 24, 67).
cost(17, 25, 58).
cost(17, 26, 76).
cost(18, 1, 49).
cost(18, 2, 54).
cost(18, 3, 59).
cost(18, 4, 58).
cost(18, 5, 58).
cost(18, 6, 56).
cost(18, 7, 111).
cost(18, 8, 102).
cost(18, 9, 119).
cost(18, 10, 124).
cost(18, 11, 115).
cost(18, 12, 76).
cost(18, 13, 77).
cost(18, 14, 79).
cost(18, 15, 73).
cost(18, 16, 74).
cost(18, 17, 9).
cost(18, 19, 27).
cost(18, 20, 2).
cost(18, 21, 3).
cost(18, 22, 87).
cost(18, 23, 91).
cost(18, 24, 73).
cost(18, 25, 64).
cost(18, 26, 84).
cost(19, 1, 40).
cost(19, 2, 43).
cost(19, 3, 53).
cost(19, 4, 48).
cost(19, 5, 46).
cost(19, 6, 44).
cost(19, 7, 97).
cost(19, 8, 82).
cost(19, 9, 101).
cost(19, 10, 105).
cost(19, 11, 98).
cost(19, 12, 64).
cost(19, 13, 65).
cost(19, 14, 67).
cost(19, 15, 64).
cost(19, 16, 64).
cost(19, 17, 19).
cost(19, 18, 27).
cost(19, 20, 28).
cost(19, 21, 24).
cost(19, 22, 60).
cost(19, 23, 65).
cost(19, 24, 48).
cost(19, 25, 39).
cost(19, 26, 57).
cost(20, 1, 49).
cost(20, 2, 54).
cost(20, 3, 59).
cost(20, 4, 58).
cost(20, 5, 57).
cost(20, 6, 56).
cost(20, 7, 111).
cost(20, 8, 102).
cost(20, 9, 119).
cost(20, 10, 124).
cost(20, 11, 115).
cost(20, 12, 75).
cost(20, 13, 76).
cost(20, 14, 79).
cost(20, 15, 73).
cost(20, 16, 73).
cost(20, 17, 11).
cost(20, 18, 2).
cost(20, 19, 28).
cost(20, 21, 4).
cost(20, 22, 88).
cost(20, 23, 92).
cost(20, 24, 73).
cost(20, 25, 65).
cost(20, 26, 85).
cost(21, 1, 46).
cost(21, 2, 51).
cost(21, 3, 57).
cost(21, 4, 56).
cost(21, 5, 55).
cost(21, 6, 53).
cost(21, 7, 109).
cost(21, 8, 99).
cost(21, 9, 116).
cost(21, 10, 121).
cost(21, 11, 112).
cost(21, 12, 73).
cost(21, 13, 74).
cost(21, 14, 76).
cost(21, 15, 70).
cost(21, 16, 71).
cost(21, 17, 8).
cost(21, 18, 3).
cost(21, 19, 24).
cost(21, 20, 4).
cost(21, 22, 84).
cost(21, 23, 88).
cost(21, 24, 70).
cost(21, 25, 61).
cost(21, 26, 81).
cost(22, 1, 65).
cost(22, 2, 63).
cost(22, 3, 74).
cost(22, 4, 65).
cost(22, 5, 61).
cost(22, 6, 59).
cost(22, 7, 78).
cost(22, 8, 53).
cost(22, 9, 73).
cost(22, 10, 72).
cost(22, 11, 73).
cost(22, 12, 69).
cost(22, 13, 67).
cost(22, 14, 68).
cost(22, 15, 72).
cost(22, 16, 71).
cost(22, 17, 80).
cost(22, 18, 87).
cost(22, 19, 60).
cost(22, 20, 88).
cost(22, 21, 84).
cost(22, 23, 11).
cost(22, 24, 24).
cost(22, 25, 26).
cost(22, 26, 12).
cost(23, 1, 64).
cost(23, 2, 60).
cost(23, 3, 70).
cost(23, 4, 62).
cost(23, 5, 58).
cost(23, 6, 57).
cost(23, 7, 68).
cost(23, 8, 43).
cost(23, 9, 63).
cost(23, 10, 61).
cost(23, 11, 63).
cost(23, 12, 63).
cost(23, 13, 61).
cost(23, 14, 62).
cost(23, 15, 67).
cost(23, 16, 66).
cost(23, 17, 84).
cost(23, 18, 91).
cost(23, 19, 65).
cost(23, 20, 92).
cost(23, 21, 88).
cost(23, 22, 11).
cost(23, 24, 21).
cost(23, 25, 27).
cost(23, 26, 23).
cost(24, 1, 43).
cost(24, 2, 40).
cost(24, 3, 50).
cost(24, 4, 42).
cost(24, 5, 38).
cost(24, 6, 36).
cost(24, 7, 61).
cost(24, 8, 39).
cost(24, 9, 60).
cost(24, 10, 62).
cost(24, 11, 59).
cost(24, 12, 46).
cost(24, 13, 44).
cost(24, 14, 45).
cost(24, 15, 49).
cost(24, 16, 48).
cost(24, 17, 67).
cost(24, 18, 73).
cost(24, 19, 48).
cost(24, 20, 73).
cost(24, 21, 70).
cost(24, 22, 24).
cost(24, 23, 21).
cost(24, 25, 10).
cost(24, 26, 31).
cost(25, 1, 40).
cost(25, 2, 38).
cost(25, 3, 49).
cost(25, 4, 41).
cost(25, 5, 37).
cost(25, 6, 35).
cost(25, 7, 68).
cost(25, 8, 48).
cost(25, 9, 69).
cost(25, 10, 71).
cost(25, 11, 67).
cost(25, 12, 48).
cost(25, 13, 47).
cost(25, 14, 49).
cost(25, 15, 50).
cost(25, 16, 50).
cost(25, 17, 58).
cost(25, 18, 64).
cost(25, 19, 39).
cost(25, 20, 65).
cost(25, 21, 61).
cost(25, 22, 26).
cost(25, 23, 27).
cost(25, 24, 10).
cost(25, 26, 30).
cost(26, 1, 70).
cost(26, 2, 68).
cost(26, 3, 80).
cost(26, 4, 71).
cost(26, 5, 67).
cost(26, 6, 65).
cost(26, 7, 89).
cost(26, 8, 65).
cost(26, 9, 85).
cost(26, 10, 84).
cost(26, 11, 85).
cost(26, 12, 77).
cost(26, 13, 75).
cost(26, 14, 77).
cost(26, 15, 80).
cost(26, 16, 79).
cost(26, 17, 76).
cost(26, 18, 84).
cost(26, 19, 57).
cost(26, 20, 85).
cost(26, 21, 81).
cost(26, 22, 12).
cost(26, 23, 23).
cost(26, 24, 31).
cost(26, 25, 30).
