dimension(26).
point(1, 62.4418854688, 67.9393186862).
point(2, 59.2267313889, 61.2677344839).
point(3, 62.6685846505, 64.8867274151).
point(4, 63.8880842691, 61.269672061).
point(5, 54.4074463364, 58.9064980937).
point(6, 25.1075745641, 95.6115176521).
point(7, 17.0078338978, 96.7477153861).
point(8, 17.7101863359, 97.3416398214).
point(9, 28.4881734923, 90.4942740502).
point(10, 42.0322584937, 84.1697220921).
point(11, 47.2352757613, 7.579582282).
point(12, 53.1578433506, 0.4172798388).
point(13, 44.7790810467, 15.0432062969).
point(14, 36.2044784831, 2.0326469023).
point(15, 47.1514621742, 1.8284256746).
point(16, 47.7556566479, 27.1347908057).
point(17, 76.6944001543, 17.2317843566).
point(18, 91.4616345756, 33.9496878578).
point(19, 78.6976746828, 38.3764574609).
point(20, 88.3620530673, 31.8139351649).
point(21, 92.9445816206, 32.6784160805).
point(22, 5.638016054, 51.4211698682).
point(23, 11.0215447501, 40.3146912053).
point(24, 8.3818287464, 42.1212664244).
point(25, 6.3203619599, 43.7713229222).
point(26, 8.0937559745, 46.0230510354).
cost(1, 2, 7).
cost(1, 3, 3).
cost(1, 4, 7).
cost(1, 5, 12).
cost(1, 6, 46).
cost(1, 7, 54).
cost(1, 8, 54).
cost(1, 9, 41).
cost(1, 10, 26).
cost(1, 11, 62).
cost(1, 12, 68).
cost(1, 13, 56).
cost(1, 14, 71).
cost(1, 15, 68).
cost(1, 16, 43).
cost(1, 17, 53).
cost(1, 18, 45).
cost(1, 19, 34).
cost(1, 20, 44).
cost(1, 21, 47).
cost(1, 22, 59).
cost(1, 23, 58).
cost(1, 24, 60).
cost(1, 25, 61).
cost(1, 26, 59).
cost(2, 1, 7).
cost(2, 3, 5).
cost(2, 4, 5).
cost(2, 5, 5).
cost(2, 6, 48).
cost(2, 7, 55).
cost(2, 8, 55).
cost(2, 9, 42).
cost(2, 10, 29).
cost(2, 11, 55).
cost(2, 12, 61).
cost(2, 13, 48).
cost(2, 14, 64).
cost(2, 15, 61).
cost(2, 16, 36).
cost(2, 17, 47).
cost(2, 18, 42).
cost(2, 19, 30).
cost(2, 20, 41).
cost(2, 21, 44).
cost(2, 22, 54).
cost(2, 23, 53).
cost(2, 24, 54).
cost(2, 25, 56).
cost(2, 26, 53).
cost(3, 1, 3).
cost(3, 2, 5).
cost(3, 4, 4).
cost(3, 5, 10).
cost(3, 6, 49).
cost(3, 7, 56).
cost(3, 8, 55).
cost(3, 9, 43).
cost(3, 10, 28).
cost(3, 11, 59).
cost(3, 12, 65).
cost(3, 13, 53).
cost(3, 14, 68).
cost(3, 15, 65).
cost(3, 16, 41).
cost(3, 17, 50).
cost(3, 18, 42).
cost(3, 19, 31).
cost(3, 20, 42).
cost(3, 21, 44).
cost(3, 22, 59).
cost(3, 23, 57).
cost(3, 24, 59).
cost(3, 25, 60).
cost(3, 26, 58).
cost(4, 1, 7).
cost(4, 2, 5).
cost(4, 3, 4).
cost(4, 5, 10).
cost(4, 6, 52).
cost(4, 7, 59).
cost(4, 8, 59).
cost(4, 9, 46).
cost(4, 10, 32).
cost(4, 11, 56).
cost(4, 12, 62).
cost(4, 13, 50).
cost(4, 14, 65).
cost(4, 15, 62).
cost(4, 16, 38).
cost(4, 17, 46).
cost(4, 18, 39).
cost(4, 19, 27).
cost(4, 20, 38).
cost(4, 21, 41).
cost(4, 22, 59).
cost(4, 23, 57).
cost(4, 24, 59).
cost(4, 25, 60).
cost(4, 26, 58).
cost(5, 1, 12).
cost(5, 2, 5).
cost(5, 3, 10).
cost(5, 4, 10).
cost(5, 6, 47).
cost(5, 7, 53).
cost(5, 8, 53).
cost(5, 9, 41).
cost(5, 10, 28).
cost(5, 11, 52).
cost(5, 12, 59).
cost(5, 13, 45).
cost(5, 14, 60).
cost(5, 15, 58).
cost(5, 16, 32).
cost(5, 17, 47).
cost(5, 18, 45).
cost(5, 19, 32).
cost(5, 20, 43).
cost(5, 21, 47).
cost(5, 22, 49).
cost(5, 23, 47).
cost(5, 24, 49).
cost(5, 25, 50).
cost(5, 26, 48).
cost(6, 1, 46).
cost(6, 2, 48).
cost(6, 3, 49).
cost(6, 4, 52).
cost(6, 5, 47).
cost(6, 7, 8).
cost(6, 8, 8).
cost(6, 9, 6).
cost(6, 10, 20).
cost(6, 11, 91).
cost(6, 12, 99).
cost(6, 13, 83).
cost(6, 14, 94).
cost(6, 15, 96).
cost(6, 16, 72).
cost(6, 17, 94).
cost(6, 18, 91).
cost(6, 19, 78).
cost(6, 20, 90).
cost(6, 21, 93).
cost(6, 22, 48).
cost(6, 23, 57).
cost(6, 24, 56).
cost(6, 25, 55).
cost(6, 26, 52).
cost(7, 1, 54).
cost(7, 2, 55).
cost(7, 3, 56).
cost(7, 4, 59).
cost(7, 5, 53).
cost(7, 6, 8).
cost(7, 8, 1).
cost(7, 9, 13).
cost(7, 10, 28).
cost(7, 11, 94).
cost(7, 12, 103).
cost(7, 13, 86).
cost(7, 14, 97).
cost(7, 15, 100).
cost(7, 16, 76).
cost(7, 17, 99).
cost(7, 18, 97).
cost(7, 19, 85).
cost(7, 20, 96).
cost(7, 21, 99).
cost(7, 22, 47).
cost(7, 23, 57).
cost(7, 24, 55).
cost(7, 25, 54).
cost(7, 26, 52).
cost(8, 1, 54).
cost(8, 2, 55).
cost(8, 3, 55).
cost(8, 4, 59).
cost(8, 5, 53).
cost(8, 6, 8).
cost(8, 7, 1).
cost(8, 9, 13).
cost(8, 10, 28).
cost(8, 11, 94).
cost(8, 12, 103).
cost(8, 13, 87).
cost(8, 14, 97).
cost(8, 15, 100).
cost(8, 16, 76).
cost(8, 17, 99).
cost(8, 18, 97).
cost(8, 19, 85).
cost(8, 20, 96).
cost(8, 21, 99).
cost(8, 22, 47).
cost(8, 23, 57).
cost(8, 24, 56).
cost(8, 25, 55).
cost(8, 26, 52).
cost(9, 1, 41).
cost(9, 2, 42).
cost(9, 3, 43).
cost(9, 4, 46).
cost(9, 5, 41).
cost(9, 6, 6).
cost(9, 7, 13).
cost(9, 8, 13).
cost(9, 10, 15).
cost(9, 11, 85).
cost(9, 12, 93).
cost(9, 13, 77).
cost(9, 14, 89).
cost(9, 15, 91).
cost(9, 16, 66).
cost(9, 17, 88).
cost(9, 18, 85).
cost(9, 19, 72).
cost(9, 20, 84).
cost(9, 21, 87).
cost(9, 22, 45).
cost(9, 23, 53).
cost(9, 24, 52).
cost(9, 25, 52).
cost(9, 26, 49).
cost(10, 1, 26).
cost(10, 2, 29).
cost(10, 3, 28).
cost(10, 4, 32).
cost(10, 5, 28).
cost(10, 6, 20).
cost(10, 7, 28).
cost(10, 8, 28).
cost(10, 9, 15).
cost(10, 11, 77).
cost(10, 12, 84).
cost(10, 13, 69).
cost(10, 14, 82).
cost(10, 15, 83).
cost(10, 16, 57).
cost(10, 17, 75).
cost(10, 18, 70).
cost(10, 19, 59).
cost(10, 20, 70).
cost(10, 21, 72).
cost(10, 22, 49).
cost(10, 23, 54).
cost(10, 24, 54).
cost(10, 25, 54).
cost(10, 26, 51).
cost(11, 1, 62).
cost(11, 2, 55).
cost(11, 3, 59).
cost(11, 4, 56).
cost(11, 5, 52).
cost(11, 6, 91).
cost(11, 7, 94).
cost(11, 8, 94).
cost(11, 9, 85).
cost(11, 10, 77).
cost(11, 12, 9).
cost(11, 13, 8).
cost(11, 14, 12).
cost(11, 15, 6).
cost(11, 16, 20).
cost(11, 17, 31).
cost(11, 18, 51).
cost(11, 19, 44).
cost(11, 20, 48).
cost(11, 21, 52).
cost(11, 22, 60).
cost(11, 23, 49).
cost(11, 24, 52).
cost(11, 25, 55).
cost(11, 26, 55).
cost(12, 1, 68).
cost(12, 2, 61).
cost(12, 3, 65).
cost(12, 4, 62).
cost(12, 5, 59).
cost(12, 6, 99).
cost(12, 7, 103).
cost(12, 8, 103).
cost(12, 9, 93).
cost(12, 10, 84).
cost(12, 11, 9).
cost(12, 13, 17).
cost(12, 14, 17).
cost(12, 15, 6).
cost(12, 16, 27).
cost(12, 17, 29).
cost(12, 18, 51).
cost(12, 19, 46).
cost(12, 20, 47).
cost(12, 21, 51).
cost(12, 22, 70).
cost(12, 23, 58).
cost(12, 24, 61).
cost(12, 25, 64).
cost(12, 26, 64).
cost(13, 1, 56).
cost(13, 2, 48).
cost(13, 3, 53).
cost(13, 4, 50).
cost(13, 5, 45).
cost(13, 6, 83).
cost(13, 7, 86).
cost(13, 8, 87).
cost(13, 9, 77).
cost(13, 10, 69).
cost(13, 11, 8).
cost(13, 12, 17).
cost(13, 14, 16).
cost(13, 15, 13).
cost(13, 16, 12).
cost(13, 17, 32).
cost(13, 18, 50).
cost(13, 19, 41).
cost(13, 20, 47).
cost(13, 21, 51).
cost(13, 22, 53).
cost(13, 23, 42).
cost(13, 24, 45).
cost(13, 25, 48).
cost(13, 26, 48).
cost(14, 1, 71).
cost(14, 2, 64).
cost(14, 3, 68).
cost(14, 4, 65).
cost(14, 5, 60).
cost(14, 6, 94).
cost(14, 7, 97).
cost(14, 8, 97).
cost(14, 9, 89).
cost(14, 10, 82).
cost(14, 11, 12).
cost(14, 12, 17).
cost(14, 13, 16).
cost(14, 15, 11).
cost(14, 16, 28).
cost(14, 17, 43).
cost(14, 18, 64).
cost(14, 19, 56).
cost(14, 20, 60).
cost(14, 21, 64).
cost(14, 22, 58).
cost(14, 23, 46).
cost(14, 24, 49).
cost(14, 25, 51).
cost(14, 26, 52).
cost(15, 1, 68).
cost(15, 2, 61).
cost(15, 3, 65).
cost(15, 4, 62).
cost(15, 5, 58).
cost(15, 6, 96).
cost(15, 7, 100).
cost(15, 8, 100).
cost(15, 9, 91).
cost(15, 10, 83).
cost(15, 11, 6).
cost(15, 12, 6).
cost(15, 13, 13).
cost(15, 14, 11).
cost(15, 16, 25).
cost(15, 17, 33).
cost(15, 18, 55).
cost(15, 19, 48).
cost(15, 20, 51).
cost(15, 21, 55).
cost(15, 22, 65).
cost(15, 23, 53).
cost(15, 24, 56).
cost(15, 25, 59).
cost(15, 26, 59).
cost(16, 1, 43).
cost(16, 2, 36).
cost(16, 3, 41).
cost(16, 4, 38).
cost(16, 5, 32).
cost(16, 6, 72).
cost(16, 7, 76).
cost(16, 8, 76).
cost(16, 9, 66).
cost(16, 10, 57).
cost(16, 11, 20).
cost(16, 12, 27).
cost(16, 13, 12).
cost(16, 14, 28).
cost(16, 15, 25).
cost(16, 17, 31).
cost(16, 18, 44).
cost(16, 19, 33).
cost(16, 20, 41).
cost(16, 21, 46).
cost(16, 22, 49).
cost(16, 23, 39).
cost(16, 24, 42).
cost(16, 25, 45).
cost(16, 26, 44).
cost(17, 1, 53).
cost(17, 2, 47).
cost(17, 3, 50).
cost(17, 4, 46).
cost(17, 5, 47).
cost(17, 6, 94).
cost(17, 7, 99).
cost(17, 8, 99).
cost(17, 9, 88).
cost(17, 10, 75).
cost(17, 11, 31).
cost(17, 12, 29).
cost(17, 13, 32).
cost(17, 14, 43).
cost(17, 15, 33).
cost(17, 16, 31).
cost(17, 18, 22).
cost(17, 19, 21).
cost(17, 20, 19).
cost(17, 21, 22).
cost(17, 22, 79).
cost(17, 23, 70).
cost(17, 24, 73).
cost(17, 25, 75).
cost(17, 26, 74).
cost(18, 1, 45).
cost(18, 2, 42).
cost(18, 3, 42).
cost(18, 4, 39).
cost(18, 5, 45).
cost(18, 6, 91).
cost(18, 7, 97).
cost(18, 8, 97).
cost(18, 9, 85).
cost(18, 10, 70).
cost(18, 11, 51).
cost(18, 12, 51).
cost(18, 13, 50).
cost(18, 14, 64).
cost(18, 15, 55).
cost(18, 16, 44).
cost(18, 17, 22).
cost(18, 19, 14).
cost(18, 20, 4).
cost(18, 21, 2).
cost(18, 22, 88).
cost(18, 23, 81).
cost(18, 24, 83).
cost(18, 25, 86).
cost(18, 26, 84).
cost(19, 1, 34).
cost(19, 2, 30).
cost(19, 3, 31).
cost(19, 4, 27).
cost(19, 5, 32).
cost(19, 6, 78).
cost(19, 7, 85).
cost(19, 8, 85).
cost(19, 9, 72).
cost(19, 10, 59).
cost(19, 11, 44).
cost(19, 12, 46).
cost(19, 13, 41).
cost(19, 14, 56).
cost(19, 15, 48).
cost(19, 16, 33).
cost(19, 17, 21).
cost(19, 18, 14).
cost(19, 20, 12).
cost(19, 21, 15).
cost(19, 22, 74).
cost(19, 23, 68).
cost(19, 24, 70).
cost(19, 25, 73).
cost(19, 26, 71).
cost(20, 1, 44).
cost(20, 2, 41).
cost(20, 3, 42).
cost(20, 4, 38).
cost(20, 5, 43).
cost(20, 6, 90).
cost(20, 7, 96).
cost(20, 8, 96).
cost(20, 9, 84).
cost(20, 10, 70).
cost(20, 11, 48).
cost(20, 12, 47).
cost(20, 13, 47).
cost(20, 14, 60).
cost(20, 15, 51).
cost(20, 16, 41).
cost(20, 17, 19).
cost(20, 18, 4).
cost(20, 19, 12).
cost(20, 21, 5).
cost(20, 22, 85).
cost(20, 23, 78).
cost(20, 24, 81).
cost(20, 25, 83).
cost(20, 26, 82).
cost(21, 1, 47).
cost(21, 2, 44).
cost(21, 3, 44).
cost(21, 4, 41).
cost(21, 5, 47).
cost(21, 6, 93).
cost(21, 7, 99).
cost(21, 8, 99).
cost(21, 9, 87).
cost(21, 10, 72).
cost(21, 11, 52).
cost(21, 12, 51).
cost(21, 13, 51).
cost(21, 14, 64).
cost(21, 15, 55).
cost(21, 16, 46).
cost(21, 17, 22).
cost(21, 18, 2).
cost(21, 19, 15).
cost(21, 20, 5).
cost(21, 22, 89).
cost(21, 23, 82).
cost(21, 24, 85).
cost(21, 25, 87).
cost(21, 26, 86).
cost(22, 1, 59).
cost(22, 2, 54).
cost(22, 3, 59).
cost(22, 4, 59).
cost(22, 5, 49).
cost(22, 6, 48).
cost(22, 7, 47).
cost(22, 8, 47).
cost(22, 9, 45).
cost(22, 10, 49).
cost(22, 11, 60).
cost(22, 12, 70).
cost(22, 13, 53).
cost(22, 14, 58).
cost(22, 15, 65).
cost(22, 16, 49).
cost(22, 17, 79).
cost(22, 18, 88).
cost(22, 19, 74).
cost(22, 20, 85).
cost(22, 21, 89).
cost(22, 23, 12).
cost(22, 24, 10).
cost(22, 25, 8).
cost(22, 26, 6).
cost(23, 1, 58).
cost(23, 2, 53).
cost(23, 3, 57).
cost(23, 4, 57).
cost(23, 5, 47).
cost(23, 6, 57).
cost(23, 7, 57).
cost(23, 8, 57).
cost(23, 9, 53).
cost(23, 10, 54).
cost(23, 11, 49).
cost(23, 12, 58).
cost(23, 13, 42).
cost(23, 14, 46).
cost(23, 15, 53).
cost(23, 16, 39).
cost(23, 17, 70).
cost(23, 18, 81).
cost(23, 19, 68).
cost(23, 20, 78).
cost(23, 21, 82).
cost(23, 22, 12).
cost(23, 24, 3).
cost(23, 25, 6).
cost(23, 26, 6).
cost(24, 1, 60).
cost(24, 2, 54).
cost(24, 3, 59).
cost(24, 4, 59).
cost(24, 5, 49).
cost(24, 6, 56).
cost(24, 7, 55).
cost(24, 8, 56).
cost(24, 9, 52).
cost(24, 10, 54).
cost(24, 11, 52).
cost(24, 12, 61).
cost(24, 13, 45).
cost(24, 14, 49).
cost(24, 15, 56).
cost(24, 16, 42).
cost(24, 17, 73).
cost(24, 18, 83).
cost(24, 19, 70).
cost(24, 20, 81).
cost(24, 21, 85).
cost(24, 22, 10).
cost(24, 23, 3).
cost(24, 25, 3).
cost(24, 26, 4).
cost(25, 1, 61).
cost(25, 2, 56).
cost(25, 3, 60).
cost(25, 4, 60).
cost(25, 5, 50).
cost(25, 6, 55).
cost(25, 7, 54).
cost(25, 8, 55).
cost(25, 9, 52).
cost(25, 10, 54).
cost(25, 11, 55).
cost(25, 12, 64).
cost(25, 13, 48).
cost(25, 14, 51).
cost(25, 15, 59).
cost(25, 16, 45).
cost(25, 17, 75).
cost(25, 18, 86).
cost(25, 19, 73).
cost(25, 20, 83).
cost(25, 21, 87).
cost(25, 22, 8).
cost(25, 23, 6).
cost(25, 24, 3).
cost(25, 26, 3).
cost(26, 1, 59).
cost(26, 2, 53).
cost(26, 3, 58).
cost(26, 4, 58).
cost(26, 5, 48).
cost(26, 6, 52).
cost(26, 7, 52).
cost(26, 8, 52).
cost(26, 9, 49).
cost(26, 10, 51).
cost(26, 11, 55).
cost(26, 12, 64).
cost(26, 13, 48).
cost(26, 14, 52).
cost(26, 15, 59).
cost(26, 16, 44).
cost(26, 17, 74).
cost(26, 18, 84).
cost(26, 19, 71).
cost(26, 20, 82).
cost(26, 21, 86).
cost(26, 22, 6).
cost(26, 23, 6).
cost(26, 24, 4).
cost(26, 25, 3).
