dimension(26).
point(1, 14.6917337913, 90.4893075515).
point(2, 20.0433265908, 85.3499219037).
point(3, 18.0916290934, 95.5516885355).
point(4, 18.6691284956, 94.93955076).
point(5, 25.0812151644, 95.2210369501).
point(6, 2.9546562457, 22.1297504543).
point(7, 3.933008533, 22.5678290341).
point(8, 2.137356724, 34.016088695).
point(9, 10.3104325291, 39.776538664).
point(10, 1.8935562142, 22.7293081355).
point(11, 8.6539755944, 30.0027369579).
point(12, 91.8780305535, 39.4656647755).
point(13, 83.4941868722, 35.5444502316).
point(14, 90.0688543202, 43.219403984).
point(15, 86.7020969746, 40.2141867493).
point(16, 87.6822826476, 43.1775337444).
point(17, 73.6575889941, 10.9097068717).
point(18, 64.764349263, 14.3021293168).
point(19, 66.5449577451, 16.8760939547).
point(20, 66.8593986907, 8.2344496882).
point(21, 59.201256688, 5.6021074255).
point(22, 44.3749691983, 62.4135419762).
point(23, 37.1417985593, 54.0312483162).
point(24, 47.7031399155, 72.0465130018).
point(25, 43.0066361304, 68.6456405832).
point(26, 47.1279128811, 65.9257812593).
cost(1, 2, 7).
cost(1, 3, 6).
cost(1, 4, 6).
cost(1, 5, 11).
cost(1, 6, 69).
cost(1, 7, 69).
cost(1, 8, 58).
cost(1, 9, 51).
cost(1, 10, 69).
cost(1, 11, 61).
cost(1, 12, 93).
cost(1, 13, 88).
cost(1, 14, 89).
cost(1, 15, 88).
cost(1, 16, 87).
cost(1, 17, 99).
cost(1, 18, 91).
cost(1, 19, 90).
cost(1, 20, 97).
cost(1, 21, 96).
cost(1, 22, 41).
cost(1, 23, 43).
cost(1, 24, 38).
cost(1, 25, 36).
cost(1, 26, 41).
cost(2, 1, 7).
cost(2, 3, 10).
cost(2, 4, 10).
cost(2, 5, 11).
cost(2, 6, 65).
cost(2, 7, 65).
cost(2, 8, 54).
cost(2, 9, 47).
cost(2, 10, 65).
cost(2, 11, 57).
cost(2, 12, 85).
cost(2, 13, 81).
cost(2, 14, 82).
cost(2, 15, 81).
cost(2, 16, 80).
cost(2, 17, 92).
cost(2, 18, 84).
cost(2, 19, 83).
cost(2, 20, 90).
cost(2, 21, 89).
cost(2, 22, 33).
cost(2, 23, 36).
cost(2, 24, 31).
cost(2, 25, 28).
cost(2, 26, 33).
cost(3, 1, 6).
cost(3, 2, 10).
cost(3, 4, 1).
cost(3, 5, 7).
cost(3, 6, 75).
cost(3, 7, 74).
cost(3, 8, 64).
cost(3, 9, 56).
cost(3, 10, 75).
cost(3, 11, 66).
cost(3, 12, 93).
cost(3, 13, 89).
cost(3, 14, 89).
cost(3, 15, 88).
cost(3, 16, 87).
cost(3, 17, 101).
cost(3, 18, 94).
cost(3, 19, 92).
cost(3, 20, 100).
cost(3, 21, 99).
cost(3, 22, 42).
cost(3, 23, 46).
cost(3, 24, 38).
cost(3, 25, 37).
cost(3, 26, 41).
cost(4, 1, 6).
cost(4, 2, 10).
cost(4, 3, 1).
cost(4, 5, 6).
cost(4, 6, 74).
cost(4, 7, 74).
cost(4, 8, 63).
cost(4, 9, 56).
cost(4, 10, 74).
cost(4, 11, 66).
cost(4, 12, 92).
cost(4, 13, 88).
cost(4, 14, 88).
cost(4, 15, 87).
cost(4, 16, 86).
cost(4, 17, 100).
cost(4, 18, 93).
cost(4, 19, 92).
cost(4, 20, 99).
cost(4, 21, 98).
cost(4, 22, 41).
cost(4, 23, 45).
cost(4, 24, 37).
cost(4, 25, 36).
cost(4, 26, 41).
cost(5, 1, 11).
cost(5, 2, 11).
cost(5, 3, 7).
cost(5, 4, 6).
cost(5, 6, 76).
cost(5, 7, 76).
cost(5, 8, 65).
cost(5, 9, 57).
cost(5, 10, 76).
cost(5, 11, 67).
cost(5, 12, 87).
cost(5, 13, 84).
cost(5, 14, 83).
cost(5, 15, 83).
cost(5, 16, 81).
cost(5, 17, 97).
cost(5, 18, 90).
cost(5, 19, 89).
cost(5, 20, 96).
cost(5, 21, 96).
cost(5, 22, 38).
cost(5, 23, 43).
cost(5, 24, 32).
cost(5, 25, 32).
cost(5, 26, 37).
cost(6, 1, 69).
cost(6, 2, 65).
cost(6, 3, 75).
cost(6, 4, 74).
cost(6, 5, 76).
cost(6, 7, 1).
cost(6, 8, 12).
cost(6, 9, 19).
cost(6, 10, 1).
cost(6, 11, 10).
cost(6, 12, 91).
cost(6, 13, 82).
cost(6, 14, 90).
cost(6, 15, 86).
cost(6, 16, 87).
cost(6, 17, 72).
cost(6, 18, 62).
cost(6, 19, 64).
cost(6, 20, 65).
cost(6, 21, 59).
cost(6, 22, 58).
cost(6, 23, 47).
cost(6, 24, 67).
cost(6, 25, 61).
cost(6, 26, 62).
cost(7, 1, 69).
cost(7, 2, 65).
cost(7, 3, 74).
cost(7, 4, 74).
cost(7, 5, 76).
cost(7, 6, 1).
cost(7, 8, 12).
cost(7, 9, 18).
cost(7, 10, 2).
cost(7, 11, 9).
cost(7, 12, 90).
cost(7, 13, 81).
cost(7, 14, 89).
cost(7, 15, 85).
cost(7, 16, 86).
cost(7, 17, 71).
cost(7, 18, 61).
cost(7, 19, 63).
cost(7, 20, 65).
cost(7, 21, 58).
cost(7, 22, 57).
cost(7, 23, 46).
cost(7, 24, 66).
cost(7, 25, 60).
cost(7, 26, 61).
cost(8, 1, 58).
cost(8, 2, 54).
cost(8, 3, 64).
cost(8, 4, 63).
cost(8, 5, 65).
cost(8, 6, 12).
cost(8, 7, 12).
cost(8, 9, 10).
cost(8, 10, 11).
cost(8, 11, 8).
cost(8, 12, 90).
cost(8, 13, 81).
cost(8, 14, 88).
cost(8, 15, 85).
cost(8, 16, 86).
cost(8, 17, 75).
cost(8, 18, 66).
cost(8, 19, 67).
cost(8, 20, 70).
cost(8, 21, 64).
cost(8, 22, 51).
cost(8, 23, 40).
cost(8, 24, 59).
cost(8, 25, 54).
cost(8, 26, 55).
cost(9, 1, 51).
cost(9, 2, 47).
cost(9, 3, 56).
cost(9, 4, 56).
cost(9, 5, 57).
cost(9, 6, 19).
cost(9, 7, 18).
cost(9, 8, 10).
cost(9, 10, 19).
cost(9, 11, 10).
cost(9, 12, 82).
cost(9, 13, 73).
cost(9, 14, 80).
cost(9, 15, 76).
cost(9, 16, 77).
cost(9, 17, 70).
cost(9, 18, 60).
cost(9, 19, 61).
cost(9, 20, 65).
cost(9, 21, 60).
cost(9, 22, 41).
cost(9, 23, 30).
cost(9, 24, 49).
cost(9, 25, 44).
cost(9, 26, 45).
cost(10, 1, 69).
cost(10, 2, 65).
cost(10, 3, 75).
cost(10, 4, 74).
cost(10, 5, 76).
cost(10, 6, 1).
cost(10, 7, 2).
cost(10, 8, 11).
cost(10, 9, 19).
cost(10, 11, 10).
cost(10, 12, 92).
cost(10, 13, 83).
cost(10, 14, 91).
cost(10, 15, 87).
cost(10, 16, 88).
cost(10, 17, 73).
cost(10, 18, 63).
cost(10, 19, 65).
cost(10, 20, 67).
cost(10, 21, 60).
cost(10, 22, 58).
cost(10, 23, 47).
cost(10, 24, 67).
cost(10, 25, 62).
cost(10, 26, 63).
cost(11, 1, 61).
cost(11, 2, 57).
cost(11, 3, 66).
cost(11, 4, 66).
cost(11, 5, 67).
cost(11, 6, 10).
cost(11, 7, 9).
cost(11, 8, 8).
cost(11, 9, 10).
cost(11, 10, 10).
cost(11, 12, 84).
cost(11, 13, 75).
cost(11, 14, 82).
cost(11, 15, 79).
cost(11, 16, 80).
cost(11, 17, 68).
cost(11, 18, 58).
cost(11, 19, 59).
cost(11, 20, 62).
cost(11, 21, 56).
cost(11, 22, 48).
cost(11, 23, 37).
cost(11, 24, 57).
cost(11, 25, 52).
cost(11, 26, 53).
cost(12, 1, 93).
cost(12, 2, 85).
cost(12, 3, 93).
cost(12, 4, 92).
cost(12, 5, 87).
cost(12, 6, 91).
cost(12, 7, 90).
cost(12, 8, 90).
cost(12, 9, 82).
cost(12, 10, 92).
cost(12, 11, 84).
cost(12, 13, 9).
cost(12, 14, 4).
cost(12, 15, 5).
cost(12, 16, 6).
cost(12, 17, 34).
cost(12, 18, 37).
cost(12, 19, 34).
cost(12, 20, 40).
cost(12, 21, 47).
cost(12, 22, 53).
cost(12, 23, 57).
cost(12, 24, 55).
cost(12, 25, 57).
cost(12, 26, 52).
cost(13, 1, 88).
cost(13, 2, 81).
cost(13, 3, 89).
cost(13, 4, 88).
cost(13, 5, 84).
cost(13, 6, 82).
cost(13, 7, 81).
cost(13, 8, 81).
cost(13, 9, 73).
cost(13, 10, 83).
cost(13, 11, 75).
cost(13, 12, 9).
cost(13, 14, 10).
cost(13, 15, 6).
cost(13, 16, 9).
cost(13, 17, 27).
cost(13, 18, 28).
cost(13, 19, 25).
cost(13, 20, 32).
cost(13, 21, 39).
cost(13, 22, 47).
cost(13, 23, 50).
cost(13, 24, 51).
cost(13, 25, 52).
cost(13, 26, 47).
cost(14, 1, 89).
cost(14, 2, 82).
cost(14, 3, 89).
cost(14, 4, 88).
cost(14, 5, 83).
cost(14, 6, 90).
cost(14, 7, 89).
cost(14, 8, 88).
cost(14, 9, 80).
cost(14, 10, 91).
cost(14, 11, 82).
cost(14, 12, 4).
cost(14, 13, 10).
cost(14, 15, 5).
cost(14, 16, 2).
cost(14, 17, 36).
cost(14, 18, 38).
cost(14, 19, 35).
cost(14, 20, 42).
cost(14, 21, 49).
cost(14, 22, 50).
cost(14, 23, 54).
cost(14, 24, 51).
cost(14, 25, 53).
cost(14, 26, 49).
cost(15, 1, 88).
cost(15, 2, 81).
cost(15, 3, 88).
cost(15, 4, 87).
cost(15, 5, 83).
cost(15, 6, 86).
cost(15, 7, 85).
cost(15, 8, 85).
cost(15, 9, 76).
cost(15, 10, 87).
cost(15, 11, 79).
cost(15, 12, 5).
cost(15, 13, 6).
cost(15, 14, 5).
cost(15, 16, 3).
cost(15, 17, 32).
cost(15, 18, 34).
cost(15, 19, 31).
cost(15, 20, 38).
cost(15, 21, 44).
cost(15, 22, 48).
cost(15, 23, 51).
cost(15, 24, 50).
cost(15, 25, 52).
cost(15, 26, 47).
cost(16, 1, 87).
cost(16, 2, 80).
cost(16, 3, 87).
cost(16, 4, 86).
cost(16, 5, 81).
cost(16, 6, 87).
cost(16, 7, 86).
cost(16, 8, 86).
cost(16, 9, 77).
cost(16, 10, 88).
cost(16, 11, 80).
cost(16, 12, 6).
cost(16, 13, 9).
cost(16, 14, 2).
cost(16, 15, 3).
cost(16, 17, 35).
cost(16, 18, 37).
cost(16, 19, 34).
cost(16, 20, 41).
cost(16, 21, 47).
cost(16, 22, 47).
cost(16, 23, 52).
cost(16, 24, 49).
cost(16, 25, 51).
cost(16, 26, 46).
cost(17, 1, 99).
cost(17, 2, 92).
cost(17, 3, 101).
cost(17, 4, 100).
cost(17, 5, 97).
cost(17, 6, 72).
cost(17, 7, 71).
cost(17, 8, 75).
cost(17, 9, 70).
cost(17, 10, 73).
cost(17, 11, 68).
cost(17, 12, 34).
cost(17, 13, 27).
cost(17, 14, 36).
cost(17, 15, 32).
cost(17, 16, 35).
cost(17, 18, 10).
cost(17, 19, 9).
cost(17, 20, 7).
cost(17, 21, 15).
cost(17, 22, 59).
cost(17, 23, 57).
cost(17, 24, 66).
cost(17, 25, 65).
cost(17, 26, 61).
cost(18, 1, 91).
cost(18, 2, 84).
cost(18, 3, 94).
cost(18, 4, 93).
cost(18, 5, 90).
cost(18, 6, 62).
cost(18, 7, 61).
cost(18, 8, 66).
cost(18, 9, 60).
cost(18, 10, 63).
cost(18, 11, 58).
cost(18, 12, 37).
cost(18, 13, 28).
cost(18, 14, 38).
cost(18, 15, 34).
cost(18, 16, 37).
cost(18, 17, 10).
cost(18, 19, 3).
cost(18, 20, 6).
cost(18, 21, 10).
cost(18, 22, 52).
cost(18, 23, 48).
cost(18, 24, 60).
cost(18, 25, 59).
cost(18, 26, 55).
cost(19, 1, 90).
cost(19, 2, 83).
cost(19, 3, 92).
cost(19, 4, 92).
cost(19, 5, 89).
cost(19, 6, 64).
cost(19, 7, 63).
cost(19, 8, 67).
cost(19, 9, 61).
cost(19, 10, 65).
cost(19, 11, 59).
cost(19, 12, 34).
cost(19, 13, 25).
cost(19, 14, 35).
cost(19, 15, 31).
cost(19, 16, 34).
cost(19, 17, 9).
cost(19, 18, 3).
cost(19, 20, 9).
cost(19, 21, 13).
cost(19, 22, 51).
cost(19, 23, 47).
cost(19, 24, 58).
cost(19, 25, 57).
cost(19, 26, 53).
cost(20, 1, 97).
cost(20, 2, 90).
cost(20, 3, 100).
cost(20, 4, 99).
cost(20, 5, 96).
cost(20, 6, 65).
cost(20, 7, 65).
cost(20, 8, 70).
cost(20, 9, 65).
cost(20, 10, 67).
cost(20, 11, 62).
cost(20, 12, 40).
cost(20, 13, 32).
cost(20, 14, 42).
cost(20, 15, 38).
cost(20, 16, 41).
cost(20, 17, 7).
cost(20, 18, 6).
cost(20, 19, 9).
cost(20, 21, 8).
cost(20, 22, 59).
cost(20, 23, 55).
cost(20, 24, 67).
cost(20, 25, 65).
cost(20, 26, 61).
cost(21, 1, 96).
cost(21, 2, 89).
cost(21, 3, 99).
cost(21, 4, 98).
cost(21, 5, 96).
cost(21, 6, 59).
cost(21, 7, 58).
cost(21, 8, 64).
cost(21, 9, 60).
cost(21, 10, 60).
cost(21, 11, 56).
cost(21, 12, 47).
cost(21, 13, 39).
cost(21, 14, 49).
cost(21, 15, 44).
cost(21, 16, 47).
cost(21, 17, 15).
cost(21, 18, 10).
cost(21, 19, 13).
cost(21, 20, 8).
cost(21, 22, 59).
cost(21, 23, 53).
cost(21, 24, 67).
cost(21, 25, 65).
cost(21, 26, 62).
cost(22, 1, 41).
cost(22, 2, 33).
cost(22, 3, 42).
cost(22, 4, 41).
cost(22, 5, 38).
cost(22, 6, 58).
cost(22, 7, 57).
cost(22, 8, 51).
cost(22, 9, 41).
cost(22, 10, 58).
cost(22, 11, 48).
cost(22, 12, 53).
cost(22, 13, 47).
cost(22, 14, 50).
cost(22, 15, 48).
cost(22, 16, 47).
cost(22, 17, 59).
cost(22, 18, 52).
cost(22, 19, 51).
cost(22, 20, 59).
cost(22, 21, 59).
cost(22, 23, 11).
cost(22, 24, 10).
cost(22, 25, 6).
cost(22, 26, 4).
cost(23, 1, 43).
cost(23, 2, 36).
cost(23, 3, 46).
cost(23, 4, 45).
cost(23, 5, 43).
cost(23, 6, 47).
cost(23, 7, 46).
cost(23, 8, 40).
cost(23, 9, 30).
cost(23, 10, 47).
cost(23, 11, 37).
cost(23, 12, 57).
cost(23, 13, 50).
cost(23, 14, 54).
cost(23, 15, 51).
cost(23, 16, 52).
cost(23, 17, 57).
cost(23, 18, 48).
cost(23, 19, 47).
cost(23, 20, 55).
cost(23, 21, 53).
cost(23, 22, 11).
cost(23, 24, 21).
cost(23, 25, 16).
cost(23, 26, 16).
cost(24, 1, 38).
cost(24, 2, 31).
cost(24, 3, 38).
cost(24, 4, 37).
cost(24, 5, 32).
cost(24, 6, 67).
cost(24, 7, 66).
cost(24, 8, 59).
cost(24, 9, 49).
cost(24, 10, 67).
cost(24, 11, 57).
cost(24, 12, 55).
cost(24, 13, 51).
cost(24, 14, 51).
cost(24, 15, 50).
cost(24, 16, 49).
cost(24, 17, 66).
cost(24, 18, 60).
cost(24, 19, 58).
cost(24, 20, 67).
cost(24, 21, 67).
cost(24, 22, 10).
cost(24, 23, 21).
cost(24, 25, 6).
cost(24, 26, 6).
cost(25, 1, 36).
cost(25, 2, 28).
cost(25, 3, 37).
cost(25, 4, 36).
cost(25, 5, 32).
cost(25, 6, 61).
cost(25, 7, 60).
cost(25, 8, 54).
cost(25, 9, 44).
cost(25, 10, 62).
cost(25, 11, 52).
cost(25, 12, 57).
cost(25, 13, 52).
cost(25, 14, 53).
cost(25, 15, 52).
cost(25, 16, 51).
cost(25, 17, 65).
cost(25, 18, 59).
cost(25, 19, 57).
cost(25, 20, 65).
cost(25, 21, 65).
cost(25, 22, 6).
cost(25, 23, 16).
cost(25, 24, 6).
cost(25, 26, 5).
cost(26, 1, 41).
cost(26, 2, 33).
cost(26, 3, 41).
cost(26, 4, 41).
cost(26, 5, 37).
cost(26, 6, 62).
cost(26, 7, 61).
cost(26, 8, 55).
cost(26, 9, 45).
cost(26, 10, 63).
cost(26, 11, 53).
cost(26, 12, 52).
cost(26, 13, 47).
cost(26, 14, 49).
cost(26, 15, 47).
cost(26, 16, 46).
cost(26, 17, 61).
cost(26, 18, 55).
cost(26, 19, 53).
cost(26, 20, 61).
cost(26, 21, 62).
cost(26, 22, 4).
cost(26, 23, 16).
cost(26, 24, 6).
cost(26, 25, 5).
