dimension(26).
point(1, 42.9792788073, 69.3977385333).
point(2, 46.3982636591, 63.1167707898).
point(3, 54.9411457983, 60.8091117177).
point(4, 52.5245684101, 53.5940691913).
point(5, 52.8106181833, 57.1550039879).
point(6, 25.1626189295, 75.8872948464).
point(7, 36.6743786559, 80.0749448168).
point(8, 21.3180194081, 74.0298795077).
point(9, 26.988425771, 73.3149497552).
point(10, 17.5031247742, 72.4752510092).
point(11, 57.3906424155, 88.5227807698).
point(12, 66.7549271283, 92.0168213323).
point(13, 67.084473142, 86.942388073).
point(14, 68.7540103798, 92.7830565547).
point(15, 73.7193321197, 79.7697217957).
point(16, 72.2148099361, 86.9088850198).
point(17, 86.2024882322, 29.2442914643).
point(18, 87.9865606266, 5.9941681779).
point(19, 99.844720212, 15.1464664404).
point(20, 87.5146995792, 21.7070573012).
point(21, 91.4161268354, 16.7661346558).
point(22, 23.6392799193, 35.9276304815).
point(23, 29.3867315106, 22.4953061669).
point(24, 15.8908167904, 35.3242512124).
point(25, 23.4205529879, 26.6772383708).
point(26, 23.2400617661, 36.2676354812).
cost(1, 2, 7).
cost(1, 3, 15).
cost(1, 4, 18).
cost(1, 5, 16).
cost(1, 6, 19).
cost(1, 7, 12).
cost(1, 8, 22).
cost(1, 9, 16).
cost(1, 10, 26).
cost(1, 11, 24).
cost(1, 12, 33).
cost(1, 13, 30).
cost(1, 14, 35).
cost(1, 15, 32).
cost(1, 16, 34).
cost(1, 17, 59).
cost(1, 18, 78).
cost(1, 19, 79).
cost(1, 20, 65).
cost(1, 21, 72).
cost(1, 22, 39).
cost(1, 23, 49).
cost(1, 24, 44).
cost(1, 25, 47).
cost(1, 26, 39).
cost(2, 1, 7).
cost(2, 3, 9).
cost(2, 4, 11).
cost(2, 5, 9).
cost(2, 6, 25).
cost(2, 7, 20).
cost(2, 8, 27).
cost(2, 9, 22).
cost(2, 10, 30).
cost(2, 11, 28).
cost(2, 12, 35).
cost(2, 13, 32).
cost(2, 14, 37).
cost(2, 15, 32).
cost(2, 16, 35).
cost(2, 17, 52).
cost(2, 18, 71).
cost(2, 19, 72).
cost(2, 20, 58).
cost(2, 21, 65).
cost(2, 22, 35).
cost(2, 23, 44).
cost(2, 24, 41).
cost(2, 25, 43).
cost(2, 26, 35).
cost(3, 1, 15).
cost(3, 2, 9).
cost(3, 4, 8).
cost(3, 5, 4).
cost(3, 6, 33).
cost(3, 7, 27).
cost(3, 8, 36).
cost(3, 9, 31).
cost(3, 10, 39).
cost(3, 11, 28).
cost(3, 12, 33).
cost(3, 13, 29).
cost(3, 14, 35).
cost(3, 15, 27).
cost(3, 16, 31).
cost(3, 17, 44).
cost(3, 18, 64).
cost(3, 19, 64).
cost(3, 20, 51).
cost(3, 21, 57).
cost(3, 22, 40).
cost(3, 23, 46).
cost(3, 24, 47).
cost(3, 25, 46).
cost(3, 26, 40).
cost(4, 1, 18).
cost(4, 2, 11).
cost(4, 3, 8).
cost(4, 5, 4).
cost(4, 6, 35).
cost(4, 7, 31).
cost(4, 8, 37).
cost(4, 9, 32).
cost(4, 10, 40).
cost(4, 11, 35).
cost(4, 12, 41).
cost(4, 13, 36).
cost(4, 14, 42).
cost(4, 15, 34).
cost(4, 16, 39).
cost(4, 17, 42).
cost(4, 18, 59).
cost(4, 19, 61).
cost(4, 20, 47).
cost(4, 21, 54).
cost(4, 22, 34).
cost(4, 23, 39).
cost(4, 24, 41).
cost(4, 25, 40).
cost(4, 26, 34).
cost(5, 1, 16).
cost(5, 2, 9).
cost(5, 3, 4).
cost(5, 4, 4).
cost(5, 6, 33).
cost(5, 7, 28).
cost(5, 8, 36).
cost(5, 9, 30).
cost(5, 10, 38).
cost(5, 11, 32).
cost(5, 12, 38).
cost(5, 13, 33).
cost(5, 14, 39).
cost(5, 15, 31).
cost(5, 16, 36).
cost(5, 17, 44).
cost(5, 18, 62).
cost(5, 19, 63).
cost(5, 20, 50).
cost(5, 21, 56).
cost(5, 22, 36).
cost(5, 23, 42).
cost(5, 24, 43).
cost(5, 25, 42).
cost(5, 26, 36).
cost(6, 1, 19).
cost(6, 2, 25).
cost(6, 3, 33).
cost(6, 4, 35).
cost(6, 5, 33).
cost(6, 7, 12).
cost(6, 8, 4).
cost(6, 9, 3).
cost(6, 10, 8).
cost(6, 11, 35).
cost(6, 12, 45).
cost(6, 13, 43).
cost(6, 14, 47).
cost(6, 15, 49).
cost(6, 16, 48).
cost(6, 17, 77).
cost(6, 18, 94).
cost(6, 19, 96).
cost(6, 20, 83).
cost(6, 21, 89).
cost(6, 22, 40).
cost(6, 23, 54).
cost(6, 24, 42).
cost(6, 25, 49).
cost(6, 26, 40).
cost(7, 1, 12).
cost(7, 2, 20).
cost(7, 3, 27).
cost(7, 4, 31).
cost(7, 5, 28).
cost(7, 6, 12).
cost(7, 8, 17).
cost(7, 9, 12).
cost(7, 10, 21).
cost(7, 11, 22).
cost(7, 12, 32).
cost(7, 13, 31).
cost(7, 14, 35).
cost(7, 15, 37).
cost(7, 16, 36).
cost(7, 17, 71).
cost(7, 18, 90).
cost(7, 19, 91).
cost(7, 20, 77).
cost(7, 21, 84).
cost(7, 22, 46).
cost(7, 23, 58).
cost(7, 24, 49).
cost(7, 25, 55).
cost(7, 26, 46).
cost(8, 1, 22).
cost(8, 2, 27).
cost(8, 3, 36).
cost(8, 4, 37).
cost(8, 5, 36).
cost(8, 6, 4).
cost(8, 7, 17).
cost(8, 9, 6).
cost(8, 10, 4).
cost(8, 11, 39).
cost(8, 12, 49).
cost(8, 13, 48).
cost(8, 14, 51).
cost(8, 15, 53).
cost(8, 16, 53).
cost(8, 17, 79).
cost(8, 18, 95).
cost(8, 19, 98).
cost(8, 20, 84).
cost(8, 21, 91).
cost(8, 22, 38).
cost(8, 23, 52).
cost(8, 24, 39).
cost(8, 25, 47).
cost(8, 26, 38).
cost(9, 1, 16).
cost(9, 2, 22).
cost(9, 3, 31).
cost(9, 4, 32).
cost(9, 5, 30).
cost(9, 6, 3).
cost(9, 7, 12).
cost(9, 8, 6).
cost(9, 10, 10).
cost(9, 11, 34).
cost(9, 12, 44).
cost(9, 13, 42).
cost(9, 14, 46).
cost(9, 15, 47).
cost(9, 16, 47).
cost(9, 17, 74).
cost(9, 18, 91).
cost(9, 19, 93).
cost(9, 20, 80).
cost(9, 21, 86).
cost(9, 22, 38).
cost(9, 23, 51).
cost(9, 24, 40).
cost(9, 25, 47).
cost(9, 26, 37).
cost(10, 1, 26).
cost(10, 2, 30).
cost(10, 3, 39).
cost(10, 4, 40).
cost(10, 5, 38).
cost(10, 6, 8).
cost(10, 7, 21).
cost(10, 8, 4).
cost(10, 9, 10).
cost(10, 11, 43).
cost(10, 12, 53).
cost(10, 13, 52).
cost(10, 14, 55).
cost(10, 15, 57).
cost(10, 16, 57).
cost(10, 17, 81).
cost(10, 18, 97).
cost(10, 19, 100).
cost(10, 20, 86).
cost(10, 21, 93).
cost(10, 22, 37).
cost(10, 23, 51).
cost(10, 24, 37).
cost(10, 25, 46).
cost(10, 26, 37).
cost(11, 1, 24).
cost(11, 2, 28).
cost(11, 3, 28).
cost(11, 4, 35).
cost(11, 5, 32).
cost(11, 6, 35).
cost(11, 7, 22).
cost(11, 8, 39).
cost(11, 9, 34).
cost(11, 10, 43).
cost(11, 12, 10).
cost(11, 13, 10).
cost(11, 14, 12).
cost(11, 15, 19).
cost(11, 16, 15).
cost(11, 17, 66).
cost(11, 18, 88).
cost(11, 19, 85).
cost(11, 20, 73).
cost(11, 21, 79).
cost(11, 22, 62).
cost(11, 23, 72).
cost(11, 24, 67).
cost(11, 25, 71).
cost(11, 26, 62).
cost(12, 1, 33).
cost(12, 2, 35).
cost(12, 3, 33).
cost(12, 4, 41).
cost(12, 5, 38).
cost(12, 6, 45).
cost(12, 7, 32).
cost(12, 8, 49).
cost(12, 9, 44).
cost(12, 10, 53).
cost(12, 11, 10).
cost(12, 13, 5).
cost(12, 14, 2).
cost(12, 15, 14).
cost(12, 16, 7).
cost(12, 17, 66).
cost(12, 18, 89).
cost(12, 19, 84).
cost(12, 20, 73).
cost(12, 21, 79).
cost(12, 22, 71).
cost(12, 23, 79).
cost(12, 24, 76).
cost(12, 25, 78).
cost(12, 26, 71).
cost(13, 1, 30).
cost(13, 2, 32).
cost(13, 3, 29).
cost(13, 4, 36).
cost(13, 5, 33).
cost(13, 6, 43).
cost(13, 7, 31).
cost(13, 8, 48).
cost(13, 9, 42).
cost(13, 10, 52).
cost(13, 11, 10).
cost(13, 12, 5).
cost(13, 14, 6).
cost(13, 15, 10).
cost(13, 16, 5).
cost(13, 17, 61).
cost(13, 18, 84).
cost(13, 19, 79).
cost(13, 20, 68).
cost(13, 21, 74).
cost(13, 22, 67).
cost(13, 23, 75).
cost(13, 24, 73).
cost(13, 25, 74).
cost(13, 26, 67).
cost(14, 1, 35).
cost(14, 2, 37).
cost(14, 3, 35).
cost(14, 4, 42).
cost(14, 5, 39).
cost(14, 6, 47).
cost(14, 7, 35).
cost(14, 8, 51).
cost(14, 9, 46).
cost(14, 10, 55).
cost(14, 11, 12).
cost(14, 12, 2).
cost(14, 13, 6).
cost(14, 15, 14).
cost(14, 16, 7).
cost(14, 17, 66).
cost(14, 18, 89).
cost(14, 19, 84).
cost(14, 20, 74).
cost(14, 21, 79).
cost(14, 22, 73).
cost(14, 23, 81).
cost(14, 24, 78).
cost(14, 25, 80).
cost(14, 26, 73).
cost(15, 1, 32).
cost(15, 2, 32).
cost(15, 3, 27).
cost(15, 4, 34).
cost(15, 5, 31).
cost(15, 6, 49).
cost(15, 7, 37).
cost(15, 8, 53).
cost(15, 9, 47).
cost(15, 10, 57).
cost(15, 11, 19).
cost(15, 12, 14).
cost(15, 13, 10).
cost(15, 14, 14).
cost(15, 16, 7).
cost(15, 17, 52).
cost(15, 18, 75).
cost(15, 19, 70).
cost(15, 20, 60).
cost(15, 21, 65).
cost(15, 22, 67).
cost(15, 23, 72).
cost(15, 24, 73).
cost(15, 25, 73).
cost(15, 26, 67).
cost(16, 1, 34).
cost(16, 2, 35).
cost(16, 3, 31).
cost(16, 4, 39).
cost(16, 5, 36).
cost(16, 6, 48).
cost(16, 7, 36).
cost(16, 8, 53).
cost(16, 9, 47).
cost(16, 10, 57).
cost(16, 11, 15).
cost(16, 12, 7).
cost(16, 13, 5).
cost(16, 14, 7).
cost(16, 15, 7).
cost(16, 17, 59).
cost(16, 18, 82).
cost(16, 19, 77).
cost(16, 20, 67).
cost(16, 21, 73).
cost(16, 22, 70).
cost(16, 23, 77).
cost(16, 24, 76).
cost(16, 25, 78).
cost(16, 26, 70).
cost(17, 1, 59).
cost(17, 2, 52).
cost(17, 3, 44).
cost(17, 4, 42).
cost(17, 5, 44).
cost(17, 6, 77).
cost(17, 7, 71).
cost(17, 8, 79).
cost(17, 9, 74).
cost(17, 10, 81).
cost(17, 11, 66).
cost(17, 12, 66).
cost(17, 13, 61).
cost(17, 14, 66).
cost(17, 15, 52).
cost(17, 16, 59).
cost(17, 18, 23).
cost(17, 19, 20).
cost(17, 20, 8).
cost(17, 21, 14).
cost(17, 22, 63).
cost(17, 23, 57).
cost(17, 24, 71).
cost(17, 25, 63).
cost(17, 26, 63).
cost(18, 1, 78).
cost(18, 2, 71).
cost(18, 3, 64).
cost(18, 4, 59).
cost(18, 5, 62).
cost(18, 6, 94).
cost(18, 7, 90).
cost(18, 8, 95).
cost(18, 9, 91).
cost(18, 10, 97).
cost(18, 11, 88).
cost(18, 12, 89).
cost(18, 13, 84).
cost(18, 14, 89).
cost(18, 15, 75).
cost(18, 16, 82).
cost(18, 17, 23).
cost(18, 19, 15).
cost(18, 20, 16).
cost(18, 21, 11).
cost(18, 22, 71).
cost(18, 23, 61).
cost(18, 24, 78).
cost(18, 25, 68).
cost(18, 26, 71).
cost(19, 1, 79).
cost(19, 2, 72).
cost(19, 3, 64).
cost(19, 4, 61).
cost(19, 5, 63).
cost(19, 6, 96).
cost(19, 7, 91).
cost(19, 8, 98).
cost(19, 9, 93).
cost(19, 10, 100).
cost(19, 11, 85).
cost(19, 12, 84).
cost(19, 13, 79).
cost(19, 14, 84).
cost(19, 15, 70).
cost(19, 16, 77).
cost(19, 17, 20).
cost(19, 18, 15).
cost(19, 20, 14).
cost(19, 21, 9).
cost(19, 22, 79).
cost(19, 23, 71).
cost(19, 24, 86).
cost(19, 25, 77).
cost(19, 26, 79).
cost(20, 1, 65).
cost(20, 2, 58).
cost(20, 3, 51).
cost(20, 4, 47).
cost(20, 5, 50).
cost(20, 6, 83).
cost(20, 7, 77).
cost(20, 8, 84).
cost(20, 9, 80).
cost(20, 10, 86).
cost(20, 11, 73).
cost(20, 12, 73).
cost(20, 13, 68).
cost(20, 14, 74).
cost(20, 15, 60).
cost(20, 16, 67).
cost(20, 17, 8).
cost(20, 18, 16).
cost(20, 19, 14).
cost(20, 21, 6).
cost(20, 22, 65).
cost(20, 23, 58).
cost(20, 24, 73).
cost(20, 25, 64).
cost(20, 26, 66).
cost(21, 1, 72).
cost(21, 2, 65).
cost(21, 3, 57).
cost(21, 4, 54).
cost(21, 5, 56).
cost(21, 6, 89).
cost(21, 7, 84).
cost(21, 8, 91).
cost(21, 9, 86).
cost(21, 10, 93).
cost(21, 11, 79).
cost(21, 12, 79).
cost(21, 13, 74).
cost(21, 14, 79).
cost(21, 15, 65).
cost(21, 16, 73).
cost(21, 17, 14).
cost(21, 18, 11).
cost(21, 19, 9).
cost(21, 20, 6).
cost(21, 22, 70).
cost(21, 23, 62).
cost(21, 24, 78).
cost(21, 25, 69).
cost(21, 26, 71).
cost(22, 1, 39).
cost(22, 2, 35).
cost(22, 3, 40).
cost(22, 4, 34).
cost(22, 5, 36).
cost(22, 6, 40).
cost(22, 7, 46).
cost(22, 8, 38).
cost(22, 9, 38).
cost(22, 10, 37).
cost(22, 11, 62).
cost(22, 12, 71).
cost(22, 13, 67).
cost(22, 14, 73).
cost(22, 15, 67).
cost(22, 16, 70).
cost(22, 17, 63).
cost(22, 18, 71).
cost(22, 19, 79).
cost(22, 20, 65).
cost(22, 21, 70).
cost(22, 23, 15).
cost(22, 24, 8).
cost(22, 25, 9).
cost(22, 26, 1).
cost(23, 1, 49).
cost(23, 2, 44).
cost(23, 3, 46).
cost(23, 4, 39).
cost(23, 5, 42).
cost(23, 6, 54).
cost(23, 7, 58).
cost(23, 8, 52).
cost(23, 9, 51).
cost(23, 10, 51).
cost(23, 11, 72).
cost(23, 12, 79).
cost(23, 13, 75).
cost(23, 14, 81).
cost(23, 15, 72).
cost(23, 16, 77).
cost(23, 17, 57).
cost(23, 18, 61).
cost(23, 19, 71).
cost(23, 20, 58).
cost(23, 21, 62).
cost(23, 22, 15).
cost(23, 24, 19).
cost(23, 25, 7).
cost(23, 26, 15).
cost(24, 1, 44).
cost(24, 2, 41).
cost(24, 3, 47).
cost(24, 4, 41).
cost(24, 5, 43).
cost(24, 6, 42).
cost(24, 7, 49).
cost(24, 8, 39).
cost(24, 9, 40).
cost(24, 10, 37).
cost(24, 11, 67).
cost(24, 12, 76).
cost(24, 13, 73).
cost(24, 14, 78).
cost(24, 15, 73).
cost(24, 16, 76).
cost(24, 17, 71).
cost(24, 18, 78).
cost(24, 19, 86).
cost(24, 20, 73).
cost(24, 21, 78).
cost(24, 22, 8).
cost(24, 23, 19).
cost(24, 25, 11).
cost(24, 26, 7).
cost(25, 1, 47).
cost(25, 2, 43).
cost(25, 3, 46).
cost(25, 4, 40).
cost(25, 5, 42).
cost(25, 6, 49).
cost(25, 7, 55).
cost(25, 8, 47).
cost(25, 9, 47).
cost(25, 10, 46).
cost(25, 11, 71).
cost(25, 12, 78).
cost(25, 13, 74).
cost(25, 14, 80).
cost(25, 15, 73).
cost(25, 16, 78).
cost(25, 17, 63).
cost(25, 18, 68).
cost(25, 19, 77).
cost(25, 20, 64).
cost(25, 21, 69).
cost(25, 22, 9).
cost(25, 23, 7).
cost(25, 24, 11).
cost(25, 26, 10).
cost(26, 1, 39).
cost(26, 2, 35).
cost(26, 3, 40).
cost(26, 4, 34).
cost(26, 5, 36).
cost(26, 6, 40).
cost(26, 7, 46).
cost(26, 8, 38).
cost(26, 9, 37).
cost(26, 10, 37).
cost(26, 11, 62).
cost(26, 12, 71).
cost(26, 13, 67).
cost(26, 14, 73).
cost(26, 15, 67).
cost(26, 16, 70).
cost(26, 17, 63).
cost(26, 18, 71).
cost(26, 19, 79).
cost(26, 20, 66).
cost(26, 21, 71).
cost(26, 22, 1).
cost(26, 23, 15).
cost(26, 24, 7).
cost(26, 25, 10).
