dimension(30).
point(1, 59.4879820538, 80.8015736857).
point(2, 42.5176294455, 79.8592548506).
point(3, 48.5405825808, 91.0285805444).
point(4, 63.0527645539, 86.2249889627).
point(5, 56.7456790864, 87.4698433514).
point(6, 72.9365777796, 88.4442896034).
point(7, 28.3772866884, 39.6803015183).
point(8, 31.5436970742, 48.3245383791).
point(9, 29.9368303152, 39.3008668718).
point(10, 29.6199882005, 43.7247611526).
point(11, 25.2736076133, 54.692998484).
point(12, 30.0789753928, 48.6490882307).
point(13, 81.0976787585, 11.6883194761).
point(14, 82.9175416994, 11.5407425433).
point(15, 98.2163349258, 20.5085729285).
point(16, 89.2039513883, 10.3104336027).
point(17, 86.2106353821, 17.8786920576).
point(18, 83.0791706496, 14.2642045602).
point(19, 2.6852813345, 62.3870460073).
point(20, 15.1957995946, 61.4066302533).
point(21, 12.0002041528, 63.7212213165).
point(22, 11.7812380833, 76.1128180211).
point(23, 6.5030598627, 69.471557667).
point(24, 1.0519321366, 60.4921296307).
point(25, 69.4214625342, 33.680080071).
point(26, 55.8453863442, 36.1451806179).
point(27, 61.5188652872, 23.8299126476).
point(28, 54.6145494516, 30.9711597358).
point(29, 66.7372027466, 30.2363552701).
point(30, 63.069766196, 25.9138058336).
cost(1, 2, 17).
cost(1, 3, 15).
cost(1, 4, 6).
cost(1, 5, 7).
cost(1, 6, 15).
cost(1, 7, 52).
cost(1, 8, 43).
cost(1, 9, 51).
cost(1, 10, 48).
cost(1, 11, 43).
cost(1, 12, 44).
cost(1, 13, 72).
cost(1, 14, 73).
cost(1, 15, 72).
cost(1, 16, 76).
cost(1, 17, 68).
cost(1, 18, 71).
cost(1, 19, 60).
cost(1, 20, 48).
cost(1, 21, 50).
cost(1, 22, 48).
cost(1, 23, 54).
cost(1, 24, 62).
cost(1, 25, 48).
cost(1, 26, 45).
cost(1, 27, 57).
cost(1, 28, 50).
cost(1, 29, 51).
cost(1, 30, 55).
cost(2, 1, 17).
cost(2, 3, 13).
cost(2, 4, 21).
cost(2, 5, 16).
cost(2, 6, 32).
cost(2, 7, 43).
cost(2, 8, 33).
cost(2, 9, 42).
cost(2, 10, 38).
cost(2, 11, 31).
cost(2, 12, 34).
cost(2, 13, 78).
cost(2, 14, 79).
cost(2, 15, 81).
cost(2, 16, 84).
cost(2, 17, 76).
cost(2, 18, 77).
cost(2, 19, 43).
cost(2, 20, 33).
cost(2, 21, 35).
cost(2, 22, 31).
cost(2, 23, 37).
cost(2, 24, 46).
cost(2, 25, 53).
cost(2, 26, 46).
cost(2, 27, 59).
cost(2, 28, 50).
cost(2, 29, 55).
cost(2, 30, 58).
cost(3, 1, 15).
cost(3, 2, 13).
cost(3, 4, 15).
cost(3, 5, 9).
cost(3, 6, 25).
cost(3, 7, 55).
cost(3, 8, 46).
cost(3, 9, 55).
cost(3, 10, 51).
cost(3, 11, 43).
cost(3, 12, 46).
cost(3, 13, 86).
cost(3, 14, 87).
cost(3, 15, 86).
cost(3, 16, 90).
cost(3, 17, 82).
cost(3, 18, 84).
cost(3, 19, 54).
cost(3, 20, 45).
cost(3, 21, 46).
cost(3, 22, 40).
cost(3, 23, 47).
cost(3, 24, 56).
cost(3, 25, 61).
cost(3, 26, 55).
cost(3, 27, 68).
cost(3, 28, 60).
cost(3, 29, 63).
cost(3, 30, 67).
cost(4, 1, 6).
cost(4, 2, 21).
cost(4, 3, 15).
cost(4, 5, 6).
cost(4, 6, 10).
cost(4, 7, 58).
cost(4, 8, 49).
cost(4, 9, 57).
cost(4, 10, 54).
cost(4, 11, 49).
cost(4, 12, 50).
cost(4, 13, 77).
cost(4, 14, 77).
cost(4, 15, 75).
cost(4, 16, 80).
cost(4, 17, 72).
cost(4, 18, 75).
cost(4, 19, 65).
cost(4, 20, 54).
cost(4, 21, 56).
cost(4, 22, 52).
cost(4, 23, 59).
cost(4, 24, 67).
cost(4, 25, 53).
cost(4, 26, 51).
cost(4, 27, 62).
cost(4, 28, 56).
cost(4, 29, 56).
cost(4, 30, 60).
cost(5, 1, 7).
cost(5, 2, 16).
cost(5, 3, 9).
cost(5, 4, 6).
cost(5, 6, 16).
cost(5, 7, 56).
cost(5, 8, 47).
cost(5, 9, 55).
cost(5, 10, 51).
cost(5, 11, 45).
cost(5, 12, 47).
cost(5, 13, 80).
cost(5, 14, 80).
cost(5, 15, 79).
cost(5, 16, 84).
cost(5, 17, 76).
cost(5, 18, 78).
cost(5, 19, 60).
cost(5, 20, 49).
cost(5, 21, 51).
cost(5, 22, 46).
cost(5, 23, 53).
cost(5, 24, 62).
cost(5, 25, 55).
cost(5, 26, 51).
cost(5, 27, 64).
cost(5, 28, 57).
cost(5, 29, 58).
cost(5, 30, 62).
cost(6, 1, 15).
cost(6, 2, 32).
cost(6, 3, 25).
cost(6, 4, 10).
cost(6, 5, 16).
cost(6, 7, 66).
cost(6, 8, 58).
cost(6, 9, 65).
cost(6, 10, 62).
cost(6, 11, 58).
cost(6, 12, 58).
cost(6, 13, 77).
cost(6, 14, 78).
cost(6, 15, 72).
cost(6, 16, 80).
cost(6, 17, 72).
cost(6, 18, 75).
cost(6, 19, 75).
cost(6, 20, 64).
cost(6, 21, 66).
cost(6, 22, 62).
cost(6, 23, 69).
cost(6, 24, 77).
cost(6, 25, 55).
cost(6, 26, 55).
cost(6, 27, 66).
cost(6, 28, 60).
cost(6, 29, 59).
cost(6, 30, 63).
cost(7, 1, 52).
cost(7, 2, 43).
cost(7, 3, 55).
cost(7, 4, 58).
cost(7, 5, 56).
cost(7, 6, 66).
cost(7, 8, 9).
cost(7, 9, 2).
cost(7, 10, 4).
cost(7, 11, 15).
cost(7, 12, 9).
cost(7, 13, 60).
cost(7, 14, 61).
cost(7, 15, 72).
cost(7, 16, 68).
cost(7, 17, 62).
cost(7, 18, 60).
cost(7, 19, 34).
cost(7, 20, 25).
cost(7, 21, 29).
cost(7, 22, 40).
cost(7, 23, 37).
cost(7, 24, 34).
cost(7, 25, 41).
cost(7, 26, 28).
cost(7, 27, 37).
cost(7, 28, 28).
cost(7, 29, 40).
cost(7, 30, 37).
cost(8, 1, 43).
cost(8, 2, 33).
cost(8, 3, 46).
cost(8, 4, 49).
cost(8, 5, 47).
cost(8, 6, 58).
cost(8, 7, 9).
cost(8, 9, 9).
cost(8, 10, 5).
cost(8, 11, 9).
cost(8, 12, 2).
cost(8, 13, 62).
cost(8, 14, 63).
cost(8, 15, 72).
cost(8, 16, 69).
cost(8, 17, 63).
cost(8, 18, 62).
cost(8, 19, 32).
cost(8, 20, 21).
cost(8, 21, 25).
cost(8, 22, 34).
cost(8, 23, 33).
cost(8, 24, 33).
cost(8, 25, 41).
cost(8, 26, 27).
cost(8, 27, 39).
cost(8, 28, 29).
cost(8, 29, 40).
cost(8, 30, 39).
cost(9, 1, 51).
cost(9, 2, 42).
cost(9, 3, 55).
cost(9, 4, 57).
cost(9, 5, 55).
cost(9, 6, 65).
cost(9, 7, 2).
cost(9, 8, 9).
cost(9, 10, 4).
cost(9, 11, 16).
cost(9, 12, 9).
cost(9, 13, 58).
cost(9, 14, 60).
cost(9, 15, 71).
cost(9, 16, 66).
cost(9, 17, 60).
cost(9, 18, 59).
cost(9, 19, 36).
cost(9, 20, 27).
cost(9, 21, 30).
cost(9, 22, 41).
cost(9, 23, 38).
cost(9, 24, 36).
cost(9, 25, 40).
cost(9, 26, 26).
cost(9, 27, 35).
cost(9, 28, 26).
cost(9, 29, 38).
cost(9, 30, 36).
cost(10, 1, 48).
cost(10, 2, 38).
cost(10, 3, 51).
cost(10, 4, 54).
cost(10, 5, 51).
cost(10, 6, 62).
cost(10, 7, 4).
cost(10, 8, 5).
cost(10, 9, 4).
cost(10, 11, 12).
cost(10, 12, 5).
cost(10, 13, 61).
cost(10, 14, 62).
cost(10, 15, 72).
cost(10, 16, 68).
cost(10, 17, 62).
cost(10, 18, 61).
cost(10, 19, 33).
cost(10, 20, 23).
cost(10, 21, 27).
cost(10, 22, 37).
cost(10, 23, 35).
cost(10, 24, 33).
cost(10, 25, 41).
cost(10, 26, 27).
cost(10, 27, 38).
cost(10, 28, 28).
cost(10, 29, 39).
cost(10, 30, 38).
cost(11, 1, 43).
cost(11, 2, 31).
cost(11, 3, 43).
cost(11, 4, 49).
cost(11, 5, 45).
cost(11, 6, 58).
cost(11, 7, 15).
cost(11, 8, 9).
cost(11, 9, 16).
cost(11, 10, 12).
cost(11, 12, 8).
cost(11, 13, 70).
cost(11, 14, 72).
cost(11, 15, 81).
cost(11, 16, 78).
cost(11, 17, 71).
cost(11, 18, 71).
cost(11, 19, 24).
cost(11, 20, 12).
cost(11, 21, 16).
cost(11, 22, 25).
cost(11, 23, 24).
cost(11, 24, 25).
cost(11, 25, 49).
cost(11, 26, 36).
cost(11, 27, 48).
cost(11, 28, 38).
cost(11, 29, 48).
cost(11, 30, 48).
cost(12, 1, 44).
cost(12, 2, 34).
cost(12, 3, 46).
cost(12, 4, 50).
cost(12, 5, 47).
cost(12, 6, 58).
cost(12, 7, 9).
cost(12, 8, 2).
cost(12, 9, 9).
cost(12, 10, 5).
cost(12, 11, 8).
cost(12, 13, 63).
cost(12, 14, 65).
cost(12, 15, 74).
cost(12, 16, 70).
cost(12, 17, 64).
cost(12, 18, 63).
cost(12, 19, 31).
cost(12, 20, 20).
cost(12, 21, 24).
cost(12, 22, 33).
cost(12, 23, 31).
cost(12, 24, 31).
cost(12, 25, 42).
cost(12, 26, 29).
cost(12, 27, 40).
cost(12, 28, 30).
cost(12, 29, 41).
cost(12, 30, 40).
cost(13, 1, 72).
cost(13, 2, 78).
cost(13, 3, 86).
cost(13, 4, 77).
cost(13, 5, 80).
cost(13, 6, 77).
cost(13, 7, 60).
cost(13, 8, 62).
cost(13, 9, 58).
cost(13, 10, 61).
cost(13, 11, 70).
cost(13, 12, 63).
cost(13, 14, 2).
cost(13, 15, 19).
cost(13, 16, 8).
cost(13, 17, 8).
cost(13, 18, 3).
cost(13, 19, 93).
cost(13, 20, 83).
cost(13, 21, 86).
cost(13, 22, 95).
cost(13, 23, 94).
cost(13, 24, 94).
cost(13, 25, 25).
cost(13, 26, 35).
cost(13, 27, 23).
cost(13, 28, 33).
cost(13, 29, 23).
cost(13, 30, 23).
cost(14, 1, 73).
cost(14, 2, 79).
cost(14, 3, 87).
cost(14, 4, 77).
cost(14, 5, 80).
cost(14, 6, 78).
cost(14, 7, 61).
cost(14, 8, 63).
cost(14, 9, 60).
cost(14, 10, 62).
cost(14, 11, 72).
cost(14, 12, 65).
cost(14, 13, 2).
cost(14, 15, 18).
cost(14, 16, 6).
cost(14, 17, 7).
cost(14, 18, 3).
cost(14, 19, 95).
cost(14, 20, 84).
cost(14, 21, 88).
cost(14, 22, 96).
cost(14, 23, 96).
cost(14, 24, 95).
cost(14, 25, 26).
cost(14, 26, 37).
cost(14, 27, 25).
cost(14, 28, 34).
cost(14, 29, 25).
cost(14, 30, 25).
cost(15, 1, 72).
cost(15, 2, 81).
cost(15, 3, 86).
cost(15, 4, 75).
cost(15, 5, 79).
cost(15, 6, 72).
cost(15, 7, 72).
cost(15, 8, 72).
cost(15, 9, 71).
cost(15, 10, 72).
cost(15, 11, 81).
cost(15, 12, 74).
cost(15, 13, 19).
cost(15, 14, 18).
cost(15, 16, 14).
cost(15, 17, 12).
cost(15, 18, 16).
cost(15, 19, 104).
cost(15, 20, 93).
cost(15, 21, 96).
cost(15, 22, 103).
cost(15, 23, 104).
cost(15, 24, 105).
cost(15, 25, 32).
cost(15, 26, 45).
cost(15, 27, 37).
cost(15, 28, 45).
cost(15, 29, 33).
cost(15, 30, 36).
cost(16, 1, 76).
cost(16, 2, 84).
cost(16, 3, 90).
cost(16, 4, 80).
cost(16, 5, 84).
cost(16, 6, 80).
cost(16, 7, 68).
cost(16, 8, 69).
cost(16, 9, 66).
cost(16, 10, 68).
cost(16, 11, 78).
cost(16, 12, 70).
cost(16, 13, 8).
cost(16, 14, 6).
cost(16, 15, 14).
cost(16, 17, 8).
cost(16, 18, 7).
cost(16, 19, 101).
cost(16, 20, 90).
cost(16, 21, 94).
cost(16, 22, 102).
cost(16, 23, 102).
cost(16, 24, 101).
cost(16, 25, 31).
cost(16, 26, 42).
cost(16, 27, 31).
cost(16, 28, 40).
cost(16, 29, 30).
cost(16, 30, 30).
cost(17, 1, 68).
cost(17, 2, 76).
cost(17, 3, 82).
cost(17, 4, 72).
cost(17, 5, 76).
cost(17, 6, 72).
cost(17, 7, 62).
cost(17, 8, 63).
cost(17, 9, 60).
cost(17, 10, 62).
cost(17, 11, 71).
cost(17, 12, 64).
cost(17, 13, 8).
cost(17, 14, 7).
cost(17, 15, 12).
cost(17, 16, 8).
cost(17, 18, 5).
cost(17, 19, 95).
cost(17, 20, 83).
cost(17, 21, 87).
cost(17, 22, 95).
cost(17, 23, 95).
cost(17, 24, 95).
cost(17, 25, 23).
cost(17, 26, 35).
cost(17, 27, 25).
cost(17, 28, 34).
cost(17, 29, 23).
cost(17, 30, 24).
cost(18, 1, 71).
cost(18, 2, 77).
cost(18, 3, 84).
cost(18, 4, 75).
cost(18, 5, 78).
cost(18, 6, 75).
cost(18, 7, 60).
cost(18, 8, 62).
cost(18, 9, 59).
cost(18, 10, 61).
cost(18, 11, 71).
cost(18, 12, 63).
cost(18, 13, 3).
cost(18, 14, 3).
cost(18, 15, 16).
cost(18, 16, 7).
cost(18, 17, 5).
cost(18, 19, 94).
cost(18, 20, 83).
cost(18, 21, 87).
cost(18, 22, 94).
cost(18, 23, 94).
cost(18, 24, 94).
cost(18, 25, 24).
cost(18, 26, 35).
cost(18, 27, 24).
cost(18, 28, 33).
cost(18, 29, 23).
cost(18, 30, 23).
cost(19, 1, 60).
cost(19, 2, 43).
cost(19, 3, 54).
cost(19, 4, 65).
cost(19, 5, 60).
cost(19, 6, 75).
cost(19, 7, 34).
cost(19, 8, 32).
cost(19, 9, 36).
cost(19, 10, 33).
cost(19, 11, 24).
cost(19, 12, 31).
cost(19, 13, 93).
cost(19, 14, 95).
cost(19, 15, 104).
cost(19, 16, 101).
cost(19, 17, 95).
cost(19, 18, 94).
cost(19, 20, 13).
cost(19, 21, 9).
cost(19, 22, 16).
cost(19, 23, 8).
cost(19, 24, 3).
cost(19, 25, 73).
cost(19, 26, 59).
cost(19, 27, 70).
cost(19, 28, 61).
cost(19, 29, 72).
cost(19, 30, 71).
cost(20, 1, 48).
cost(20, 2, 33).
cost(20, 3, 45).
cost(20, 4, 54).
cost(20, 5, 49).
cost(20, 6, 64).
cost(20, 7, 25).
cost(20, 8, 21).
cost(20, 9, 27).
cost(20, 10, 23).
cost(20, 11, 12).
cost(20, 12, 20).
cost(20, 13, 83).
cost(20, 14, 84).
cost(20, 15, 93).
cost(20, 16, 90).
cost(20, 17, 83).
cost(20, 18, 83).
cost(20, 19, 13).
cost(20, 21, 4).
cost(20, 22, 15).
cost(20, 23, 12).
cost(20, 24, 14).
cost(20, 25, 61).
cost(20, 26, 48).
cost(20, 27, 60).
cost(20, 28, 50).
cost(20, 29, 60).
cost(20, 30, 60).
cost(21, 1, 50).
cost(21, 2, 35).
cost(21, 3, 46).
cost(21, 4, 56).
cost(21, 5, 51).
cost(21, 6, 66).
cost(21, 7, 29).
cost(21, 8, 25).
cost(21, 9, 30).
cost(21, 10, 27).
cost(21, 11, 16).
cost(21, 12, 24).
cost(21, 13, 86).
cost(21, 14, 88).
cost(21, 15, 96).
cost(21, 16, 94).
cost(21, 17, 87).
cost(21, 18, 87).
cost(21, 19, 9).
cost(21, 20, 4).
cost(21, 22, 12).
cost(21, 23, 8).
cost(21, 24, 11).
cost(21, 25, 65).
cost(21, 26, 52).
cost(21, 27, 64).
cost(21, 28, 54).
cost(21, 29, 64).
cost(21, 30, 64).
cost(22, 1, 48).
cost(22, 2, 31).
cost(22, 3, 40).
cost(22, 4, 52).
cost(22, 5, 46).
cost(22, 6, 62).
cost(22, 7, 40).
cost(22, 8, 34).
cost(22, 9, 41).
cost(22, 10, 37).
cost(22, 11, 25).
cost(22, 12, 33).
cost(22, 13, 95).
cost(22, 14, 96).
cost(22, 15, 103).
cost(22, 16, 102).
cost(22, 17, 95).
cost(22, 18, 94).
cost(22, 19, 16).
cost(22, 20, 15).
cost(22, 21, 12).
cost(22, 23, 8).
cost(22, 24, 19).
cost(22, 25, 72).
cost(22, 26, 59).
cost(22, 27, 72).
cost(22, 28, 62).
cost(22, 29, 72).
cost(22, 30, 72).
cost(23, 1, 54).
cost(23, 2, 37).
cost(23, 3, 47).
cost(23, 4, 59).
cost(23, 5, 53).
cost(23, 6, 69).
cost(23, 7, 37).
cost(23, 8, 33).
cost(23, 9, 38).
cost(23, 10, 35).
cost(23, 11, 24).
cost(23, 12, 31).
cost(23, 13, 94).
cost(23, 14, 96).
cost(23, 15, 104).
cost(23, 16, 102).
cost(23, 17, 95).
cost(23, 18, 94).
cost(23, 19, 8).
cost(23, 20, 12).
cost(23, 21, 8).
cost(23, 22, 8).
cost(23, 24, 11).
cost(23, 25, 72).
cost(23, 26, 60).
cost(23, 27, 71).
cost(23, 28, 62).
cost(23, 29, 72).
cost(23, 30, 71).
cost(24, 1, 62).
cost(24, 2, 46).
cost(24, 3, 56).
cost(24, 4, 67).
cost(24, 5, 62).
cost(24, 6, 77).
cost(24, 7, 34).
cost(24, 8, 33).
cost(24, 9, 36).
cost(24, 10, 33).
cost(24, 11, 25).
cost(24, 12, 31).
cost(24, 13, 94).
cost(24, 14, 95).
cost(24, 15, 105).
cost(24, 16, 101).
cost(24, 17, 95).
cost(24, 18, 94).
cost(24, 19, 3).
cost(24, 20, 14).
cost(24, 21, 11).
cost(24, 22, 19).
cost(24, 23, 11).
cost(24, 25, 73).
cost(24, 26, 60).
cost(24, 27, 71).
cost(24, 28, 61).
cost(24, 29, 72).
cost(24, 30, 71).
cost(25, 1, 48).
cost(25, 2, 53).
cost(25, 3, 61).
cost(25, 4, 53).
cost(25, 5, 55).
cost(25, 6, 55).
cost(25, 7, 41).
cost(25, 8, 41).
cost(25, 9, 40).
cost(25, 10, 41).
cost(25, 11, 49).
cost(25, 12, 42).
cost(25, 13, 25).
cost(25, 14, 26).
cost(25, 15, 32).
cost(25, 16, 31).
cost(25, 17, 23).
cost(25, 18, 24).
cost(25, 19, 73).
cost(25, 20, 61).
cost(25, 21, 65).
cost(25, 22, 72).
cost(25, 23, 72).
cost(25, 24, 73).
cost(25, 26, 14).
cost(25, 27, 13).
cost(25, 28, 15).
cost(25, 29, 4).
cost(25, 30, 10).
cost(26, 1, 45).
cost(26, 2, 46).
cost(26, 3, 55).
cost(26, 4, 51).
cost(26, 5, 51).
cost(26, 6, 55).
cost(26, 7, 28).
cost(26, 8, 27).
cost(26, 9, 26).
cost(26, 10, 27).
cost(26, 11, 36).
cost(26, 12, 29).
cost(26, 13, 35).
cost(26, 14, 37).
cost(26, 15, 45).
cost(26, 16, 42).
cost(26, 17, 35).
cost(26, 18, 35).
cost(26, 19, 59).
cost(26, 20, 48).
cost(26, 21, 52).
cost(26, 22, 59).
cost(26, 23, 60).
cost(26, 24, 60).
cost(26, 25, 14).
cost(26, 27, 14).
cost(26, 28, 5).
cost(26, 29, 12).
cost(26, 30, 13).
cost(27, 1, 57).
cost(27, 2, 59).
cost(27, 3, 68).
cost(27, 4, 62).
cost(27, 5, 64).
cost(27, 6, 66).
cost(27, 7, 37).
cost(27, 8, 39).
cost(27, 9, 35).
cost(27, 10, 38).
cost(27, 11, 48).
cost(27, 12, 40).
cost(27, 13, 23).
cost(27, 14, 25).
cost(27, 15, 37).
cost(27, 16, 31).
cost(27, 17, 25).
cost(27, 18, 24).
cost(27, 19, 70).
cost(27, 20, 60).
cost(27, 21, 64).
cost(27, 22, 72).
cost(27, 23, 71).
cost(27, 24, 71).
cost(27, 25, 13).
cost(27, 26, 14).
cost(27, 28, 10).
cost(27, 29, 8).
cost(27, 30, 3).
cost(28, 1, 50).
cost(28, 2, 50).
cost(28, 3, 60).
cost(28, 4, 56).
cost(28, 5, 57).
cost(28, 6, 60).
cost(28, 7, 28).
cost(28, 8, 29).
cost(28, 9, 26).
cost(28, 10, 28).
cost(28, 11, 38).
cost(28, 12, 30).
cost(28, 13, 33).
cost(28, 14, 34).
cost(28, 15, 45).
cost(28, 16, 40).
cost(28, 17, 34).
cost(28, 18, 33).
cost(28, 19, 61).
cost(28, 20, 50).
cost(28, 21, 54).
cost(28, 22, 62).
cost(28, 23, 62).
cost(28, 24, 61).
cost(28, 25, 15).
cost(28, 26, 5).
cost(28, 27, 10).
cost(28, 29, 12).
cost(28, 30, 10).
cost(29, 1, 51).
cost(29, 2, 55).
cost(29, 3, 63).
cost(29, 4, 56).
cost(29, 5, 58).
cost(29, 6, 59).
cost(29, 7, 40).
cost(29, 8, 40).
cost(29, 9, 38).
cost(29, 10, 39).
cost(29, 11, 48).
cost(29, 12, 41).
cost(29, 13, 23).
cost(29, 14, 25).
cost(29, 15, 33).
cost(29, 16, 30).
cost(29, 17, 23).
cost(29, 18, 23).
cost(29, 19, 72).
cost(29, 20, 60).
cost(29, 21, 64).
cost(29, 22, 72).
cost(29, 23, 72).
cost(29, 24, 72).
cost(29, 25, 4).
cost(29, 26, 12).
cost(29, 27, 8).
cost(29, 28, 12).
cost(29, 30, 6).
cost(30, 1, 55).
cost(30, 2, 58).
cost(30, 3, 67).
cost(30, 4, 60).
cost(30, 5, 62).
cost(30, 6, 63).
cost(30, 7, 37).
cost(30, 8, 39).
cost(30, 9, 36).
cost(30, 10, 38).
cost(30, 11, 48).
cost(30, 12, 40).
cost(30, 13, 23).
cost(30, 14, 25).
cost(30, 15, 36).
cost(30, 16, 30).
cost(30, 17, 24).
cost(30, 18, 23).
cost(30, 19, 71).
cost(30, 20, 60).
cost(30, 21, 64).
cost(30, 22, 72).
cost(30, 23, 71).
cost(30, 24, 71).
cost(30, 25, 10).
cost(30, 26, 13).
cost(30, 27, 3).
cost(30, 28, 10).
cost(30, 29, 6).
