dimension(30).
point(1, 6.4586794994, 39.1348955828).
point(2, 5.6471608625, 37.8200205466).
point(3, 0.089258776, 39.8008310187).
point(4, 4.944124199, 30.7958944055).
point(5, 6.1716030703, 40.2759112474).
point(6, 15.548695958, 37.5857604234).
point(7, 41.1446278038, 77.1629341824).
point(8, 39.6523701829, 94.7522922154).
point(9, 50.9177019147, 77.6349024212).
point(10, 49.3899628973, 85.8138284298).
point(11, 49.565251109, 90.0796038744).
point(12, 47.2300266709, 80.3287266688).
point(13, 67.8890318612, 51.8148514569).
point(14, 53.7990101979, 63.3851403051).
point(15, 64.3498840443, 56.7818138086).
point(16, 61.3689185563, 64.0265133065).
point(17, 64.549773787, 58.4904735569).
point(18, 66.0020752582, 66.7996976699).
point(19, 87.6590453862, 9.2639987289).
point(20, 85.9956672517, 9.1870688496).
point(21, 85.5535839814, 6.8450735348).
point(22, 80.0638432055, 2.1643536248).
point(23, 94.6016639355, 17.375770998).
point(24, 76.5801474632, 14.2944948057).
point(25, 26.5256767039, 56.3980055427).
point(26, 33.9841098626, 48.0362224451).
point(27, 27.899711524, 62.4406679917).
point(28, 25.2359525056, 67.8012235182).
point(29, 31.8238083772, 63.1076004264).
point(30, 31.4284805049, 62.6557499643).
cost(1, 2, 2).
cost(1, 3, 6).
cost(1, 4, 8).
cost(1, 5, 1).
cost(1, 6, 9).
cost(1, 7, 51).
cost(1, 8, 65).
cost(1, 9, 59).
cost(1, 10, 63).
cost(1, 11, 67).
cost(1, 12, 58).
cost(1, 13, 63).
cost(1, 14, 53).
cost(1, 15, 61).
cost(1, 16, 60).
cost(1, 17, 61).
cost(1, 18, 66).
cost(1, 19, 87).
cost(1, 20, 85).
cost(1, 21, 85).
cost(1, 22, 82).
cost(1, 23, 91).
cost(1, 24, 74).
cost(1, 25, 26).
cost(1, 26, 29).
cost(1, 27, 32).
cost(1, 28, 34).
cost(1, 29, 35).
cost(1, 30, 34).
cost(2, 1, 2).
cost(2, 3, 6).
cost(2, 4, 7).
cost(2, 5, 3).
cost(2, 6, 10).
cost(2, 7, 53).
cost(2, 8, 66).
cost(2, 9, 60).
cost(2, 10, 65).
cost(2, 11, 68).
cost(2, 12, 59).
cost(2, 13, 64).
cost(2, 14, 55).
cost(2, 15, 62).
cost(2, 16, 62).
cost(2, 17, 62).
cost(2, 18, 67).
cost(2, 19, 87).
cost(2, 20, 85).
cost(2, 21, 86).
cost(2, 22, 83).
cost(2, 23, 91).
cost(2, 24, 75).
cost(2, 25, 28).
cost(2, 26, 30).
cost(2, 27, 33).
cost(2, 28, 36).
cost(2, 29, 36).
cost(2, 30, 36).
cost(3, 1, 6).
cost(3, 2, 6).
cost(3, 4, 10).
cost(3, 5, 6).
cost(3, 6, 16).
cost(3, 7, 56).
cost(3, 8, 68).
cost(3, 9, 63).
cost(3, 10, 67).
cost(3, 11, 71).
cost(3, 12, 62).
cost(3, 13, 69).
cost(3, 14, 59).
cost(3, 15, 66).
cost(3, 16, 66).
cost(3, 17, 67).
cost(3, 18, 71).
cost(3, 19, 93).
cost(3, 20, 91).
cost(3, 21, 92).
cost(3, 22, 88).
cost(3, 23, 97).
cost(3, 24, 81).
cost(3, 25, 31).
cost(3, 26, 35).
cost(3, 27, 36).
cost(3, 28, 38).
cost(3, 29, 39).
cost(3, 30, 39).
cost(4, 1, 8).
cost(4, 2, 7).
cost(4, 3, 10).
cost(4, 5, 10).
cost(4, 6, 13).
cost(4, 7, 59).
cost(4, 8, 73).
cost(4, 9, 66).
cost(4, 10, 71).
cost(4, 11, 74).
cost(4, 12, 65).
cost(4, 13, 66).
cost(4, 14, 59).
cost(4, 15, 65).
cost(4, 16, 65).
cost(4, 17, 66).
cost(4, 18, 71).
cost(4, 19, 85).
cost(4, 20, 84).
cost(4, 21, 84).
cost(4, 22, 80).
cost(4, 23, 91).
cost(4, 24, 74).
cost(4, 25, 33).
cost(4, 26, 34).
cost(4, 27, 39).
cost(4, 28, 42).
cost(4, 29, 42).
cost(4, 30, 41).
cost(5, 1, 1).
cost(5, 2, 3).
cost(5, 3, 6).
cost(5, 4, 10).
cost(5, 6, 10).
cost(5, 7, 51).
cost(5, 8, 64).
cost(5, 9, 58).
cost(5, 10, 63).
cost(5, 11, 66).
cost(5, 12, 57).
cost(5, 13, 63).
cost(5, 14, 53).
cost(5, 15, 60).
cost(5, 16, 60).
cost(5, 17, 61).
cost(5, 18, 65).
cost(5, 19, 87).
cost(5, 20, 86).
cost(5, 21, 86).
cost(5, 22, 83).
cost(5, 23, 91).
cost(5, 24, 75).
cost(5, 25, 26).
cost(5, 26, 29).
cost(5, 27, 31).
cost(5, 28, 33).
cost(5, 29, 34).
cost(5, 30, 34).
cost(6, 1, 9).
cost(6, 2, 10).
cost(6, 3, 16).
cost(6, 4, 13).
cost(6, 5, 10).
cost(6, 7, 47).
cost(6, 8, 62).
cost(6, 9, 53).
cost(6, 10, 59).
cost(6, 11, 63).
cost(6, 12, 53).
cost(6, 13, 54).
cost(6, 14, 46).
cost(6, 15, 52).
cost(6, 16, 53).
cost(6, 17, 53).
cost(6, 18, 58).
cost(6, 19, 77).
cost(6, 20, 76).
cost(6, 21, 76).
cost(6, 22, 74).
cost(6, 23, 82).
cost(6, 24, 65).
cost(6, 25, 22).
cost(6, 26, 21).
cost(6, 27, 28).
cost(6, 28, 32).
cost(6, 29, 30).
cost(6, 30, 30).
cost(7, 1, 51).
cost(7, 2, 53).
cost(7, 3, 56).
cost(7, 4, 59).
cost(7, 5, 51).
cost(7, 6, 47).
cost(7, 8, 18).
cost(7, 9, 10).
cost(7, 10, 12).
cost(7, 11, 15).
cost(7, 12, 7).
cost(7, 13, 37).
cost(7, 14, 19).
cost(7, 15, 31).
cost(7, 16, 24).
cost(7, 17, 30).
cost(7, 18, 27).
cost(7, 19, 82).
cost(7, 20, 81).
cost(7, 21, 83).
cost(7, 22, 84).
cost(7, 23, 80).
cost(7, 24, 72).
cost(7, 25, 25).
cost(7, 26, 30).
cost(7, 27, 20).
cost(7, 28, 18).
cost(7, 29, 17).
cost(7, 30, 17).
cost(8, 1, 65).
cost(8, 2, 66).
cost(8, 3, 68).
cost(8, 4, 73).
cost(8, 5, 64).
cost(8, 6, 62).
cost(8, 7, 18).
cost(8, 9, 20).
cost(8, 10, 13).
cost(8, 11, 11).
cost(8, 12, 16).
cost(8, 13, 51).
cost(8, 14, 34).
cost(8, 15, 45).
cost(8, 16, 38).
cost(8, 17, 44).
cost(8, 18, 38).
cost(8, 19, 98).
cost(8, 20, 97).
cost(8, 21, 99).
cost(8, 22, 101).
cost(8, 23, 95).
cost(8, 24, 89).
cost(8, 25, 41).
cost(8, 26, 47).
cost(8, 27, 34).
cost(8, 28, 31).
cost(8, 29, 33).
cost(8, 30, 33).
cost(9, 1, 59).
cost(9, 2, 60).
cost(9, 3, 63).
cost(9, 4, 66).
cost(9, 5, 58).
cost(9, 6, 53).
cost(9, 7, 10).
cost(9, 8, 20).
cost(9, 10, 8).
cost(9, 11, 13).
cost(9, 12, 5).
cost(9, 13, 31).
cost(9, 14, 15).
cost(9, 15, 25).
cost(9, 16, 17).
cost(9, 17, 24).
cost(9, 18, 19).
cost(9, 19, 78).
cost(9, 20, 77).
cost(9, 21, 79).
cost(9, 22, 81).
cost(9, 23, 74).
cost(9, 24, 68).
cost(9, 25, 32).
cost(9, 26, 34).
cost(9, 27, 28).
cost(9, 28, 28).
cost(9, 29, 24).
cost(9, 30, 25).
cost(10, 1, 63).
cost(10, 2, 65).
cost(10, 3, 67).
cost(10, 4, 71).
cost(10, 5, 63).
cost(10, 6, 59).
cost(10, 7, 12).
cost(10, 8, 13).
cost(10, 9, 8).
cost(10, 11, 4).
cost(10, 12, 6).
cost(10, 13, 39).
cost(10, 14, 23).
cost(10, 15, 33).
cost(10, 16, 25).
cost(10, 17, 31).
cost(10, 18, 25).
cost(10, 19, 86).
cost(10, 20, 85).
cost(10, 21, 87).
cost(10, 22, 89).
cost(10, 23, 82).
cost(10, 24, 77).
cost(10, 25, 37).
cost(10, 26, 41).
cost(10, 27, 32).
cost(10, 28, 30).
cost(10, 29, 29).
cost(10, 30, 29).
cost(11, 1, 67).
cost(11, 2, 68).
cost(11, 3, 71).
cost(11, 4, 74).
cost(11, 5, 66).
cost(11, 6, 63).
cost(11, 7, 15).
cost(11, 8, 11).
cost(11, 9, 13).
cost(11, 10, 4).
cost(11, 12, 10).
cost(11, 13, 42).
cost(11, 14, 27).
cost(11, 15, 36).
cost(11, 16, 29).
cost(11, 17, 35).
cost(11, 18, 28).
cost(11, 19, 89).
cost(11, 20, 89).
cost(11, 21, 91).
cost(11, 22, 93).
cost(11, 23, 86).
cost(11, 24, 80).
cost(11, 25, 41).
cost(11, 26, 45).
cost(11, 27, 35).
cost(11, 28, 33).
cost(11, 29, 32).
cost(11, 30, 33).
cost(12, 1, 58).
cost(12, 2, 59).
cost(12, 3, 62).
cost(12, 4, 65).
cost(12, 5, 57).
cost(12, 6, 53).
cost(12, 7, 7).
cost(12, 8, 16).
cost(12, 9, 5).
cost(12, 10, 6).
cost(12, 11, 10).
cost(12, 13, 35).
cost(12, 14, 18).
cost(12, 15, 29).
cost(12, 16, 22).
cost(12, 17, 28).
cost(12, 18, 23).
cost(12, 19, 82).
cost(12, 20, 81).
cost(12, 21, 83).
cost(12, 22, 85).
cost(12, 23, 79).
cost(12, 24, 72).
cost(12, 25, 32).
cost(12, 26, 35).
cost(12, 27, 26).
cost(12, 28, 25).
cost(12, 29, 23).
cost(12, 30, 24).
cost(13, 1, 63).
cost(13, 2, 64).
cost(13, 3, 69).
cost(13, 4, 66).
cost(13, 5, 63).
cost(13, 6, 54).
cost(13, 7, 37).
cost(13, 8, 51).
cost(13, 9, 31).
cost(13, 10, 39).
cost(13, 11, 42).
cost(13, 12, 35).
cost(13, 14, 18).
cost(13, 15, 6).
cost(13, 16, 14).
cost(13, 17, 7).
cost(13, 18, 15).
cost(13, 19, 47).
cost(13, 20, 46).
cost(13, 21, 48).
cost(13, 22, 51).
cost(13, 23, 44).
cost(13, 24, 39).
cost(13, 25, 42).
cost(13, 26, 34).
cost(13, 27, 41).
cost(13, 28, 46).
cost(13, 29, 38).
cost(13, 30, 38).
cost(14, 1, 53).
cost(14, 2, 55).
cost(14, 3, 59).
cost(14, 4, 59).
cost(14, 5, 53).
cost(14, 6, 46).
cost(14, 7, 19).
cost(14, 8, 34).
cost(14, 9, 15).
cost(14, 10, 23).
cost(14, 11, 27).
cost(14, 12, 18).
cost(14, 13, 18).
cost(14, 15, 12).
cost(14, 16, 8).
cost(14, 17, 12).
cost(14, 18, 13).
cost(14, 19, 64).
cost(14, 20, 63).
cost(14, 21, 65).
cost(14, 22, 67).
cost(14, 23, 61).
cost(14, 24, 54).
cost(14, 25, 28).
cost(14, 26, 25).
cost(14, 27, 26).
cost(14, 28, 29).
cost(14, 29, 22).
cost(14, 30, 22).
cost(15, 1, 61).
cost(15, 2, 62).
cost(15, 3, 66).
cost(15, 4, 65).
cost(15, 5, 60).
cost(15, 6, 52).
cost(15, 7, 31).
cost(15, 8, 45).
cost(15, 9, 25).
cost(15, 10, 33).
cost(15, 11, 36).
cost(15, 12, 29).
cost(15, 13, 6).
cost(15, 14, 12).
cost(15, 16, 8).
cost(15, 17, 2).
cost(15, 18, 10).
cost(15, 19, 53).
cost(15, 20, 52).
cost(15, 21, 54).
cost(15, 22, 57).
cost(15, 23, 50).
cost(15, 24, 44).
cost(15, 25, 38).
cost(15, 26, 32).
cost(15, 27, 37).
cost(15, 28, 41).
cost(15, 29, 33).
cost(15, 30, 33).
cost(16, 1, 60).
cost(16, 2, 62).
cost(16, 3, 66).
cost(16, 4, 65).
cost(16, 5, 60).
cost(16, 6, 53).
cost(16, 7, 24).
cost(16, 8, 38).
cost(16, 9, 17).
cost(16, 10, 25).
cost(16, 11, 29).
cost(16, 12, 22).
cost(16, 13, 14).
cost(16, 14, 8).
cost(16, 15, 8).
cost(16, 17, 6).
cost(16, 18, 5).
cost(16, 19, 61).
cost(16, 20, 60).
cost(16, 21, 62).
cost(16, 22, 65).
cost(16, 23, 57).
cost(16, 24, 52).
cost(16, 25, 36).
cost(16, 26, 32).
cost(16, 27, 34).
cost(16, 28, 36).
cost(16, 29, 30).
cost(16, 30, 30).
cost(17, 1, 61).
cost(17, 2, 62).
cost(17, 3, 67).
cost(17, 4, 66).
cost(17, 5, 61).
cost(17, 6, 53).
cost(17, 7, 30).
cost(17, 8, 44).
cost(17, 9, 24).
cost(17, 10, 31).
cost(17, 11, 35).
cost(17, 12, 28).
cost(17, 13, 7).
cost(17, 14, 12).
cost(17, 15, 2).
cost(17, 16, 6).
cost(17, 18, 8).
cost(17, 19, 54).
cost(17, 20, 54).
cost(17, 21, 56).
cost(17, 22, 58).
cost(17, 23, 51).
cost(17, 24, 46).
cost(17, 25, 38).
cost(17, 26, 32).
cost(17, 27, 37).
cost(17, 28, 40).
cost(17, 29, 33).
cost(17, 30, 33).
cost(18, 1, 66).
cost(18, 2, 67).
cost(18, 3, 71).
cost(18, 4, 71).
cost(18, 5, 65).
cost(18, 6, 58).
cost(18, 7, 27).
cost(18, 8, 38).
cost(18, 9, 19).
cost(18, 10, 25).
cost(18, 11, 28).
cost(18, 12, 23).
cost(18, 13, 15).
cost(18, 14, 13).
cost(18, 15, 10).
cost(18, 16, 5).
cost(18, 17, 8).
cost(18, 19, 61).
cost(18, 20, 61).
cost(18, 21, 63).
cost(18, 22, 66).
cost(18, 23, 57).
cost(18, 24, 54).
cost(18, 25, 41).
cost(18, 26, 37).
cost(18, 27, 38).
cost(18, 28, 41).
cost(18, 29, 34).
cost(18, 30, 35).
cost(19, 1, 87).
cost(19, 2, 87).
cost(19, 3, 93).
cost(19, 4, 85).
cost(19, 5, 87).
cost(19, 6, 77).
cost(19, 7, 82).
cost(19, 8, 98).
cost(19, 9, 78).
cost(19, 10, 86).
cost(19, 11, 89).
cost(19, 12, 82).
cost(19, 13, 47).
cost(19, 14, 64).
cost(19, 15, 53).
cost(19, 16, 61).
cost(19, 17, 54).
cost(19, 18, 61).
cost(19, 20, 2).
cost(19, 21, 3).
cost(19, 22, 10).
cost(19, 23, 11).
cost(19, 24, 12).
cost(19, 25, 77).
cost(19, 26, 66).
cost(19, 27, 80).
cost(19, 28, 86).
cost(19, 29, 78).
cost(19, 30, 78).
cost(20, 1, 85).
cost(20, 2, 85).
cost(20, 3, 91).
cost(20, 4, 84).
cost(20, 5, 86).
cost(20, 6, 76).
cost(20, 7, 81).
cost(20, 8, 97).
cost(20, 9, 77).
cost(20, 10, 85).
cost(20, 11, 89).
cost(20, 12, 81).
cost(20, 13, 46).
cost(20, 14, 63).
cost(20, 15, 52).
cost(20, 16, 60).
cost(20, 17, 54).
cost(20, 18, 61).
cost(20, 19, 2).
cost(20, 21, 2).
cost(20, 22, 9).
cost(20, 23, 12).
cost(20, 24, 11).
cost(20, 25, 76).
cost(20, 26, 65).
cost(20, 27, 79).
cost(20, 28, 84).
cost(20, 29, 76).
cost(20, 30, 76).
cost(21, 1, 85).
cost(21, 2, 86).
cost(21, 3, 92).
cost(21, 4, 84).
cost(21, 5, 86).
cost(21, 6, 76).
cost(21, 7, 83).
cost(21, 8, 99).
cost(21, 9, 79).
cost(21, 10, 87).
cost(21, 11, 91).
cost(21, 12, 83).
cost(21, 13, 48).
cost(21, 14, 65).
cost(21, 15, 54).
cost(21, 16, 62).
cost(21, 17, 56).
cost(21, 18, 63).
cost(21, 19, 3).
cost(21, 20, 2).
cost(21, 22, 7).
cost(21, 23, 14).
cost(21, 24, 12).
cost(21, 25, 77).
cost(21, 26, 66).
cost(21, 27, 80).
cost(21, 28, 86).
cost(21, 29, 78).
cost(21, 30, 78).
cost(22, 1, 82).
cost(22, 2, 83).
cost(22, 3, 88).
cost(22, 4, 80).
cost(22, 5, 83).
cost(22, 6, 74).
cost(22, 7, 84).
cost(22, 8, 101).
cost(22, 9, 81).
cost(22, 10, 89).
cost(22, 11, 93).
cost(22, 12, 85).
cost(22, 13, 51).
cost(22, 14, 67).
cost(22, 15, 57).
cost(22, 16, 65).
cost(22, 17, 58).
cost(22, 18, 66).
cost(22, 19, 10).
cost(22, 20, 9).
cost(22, 21, 7).
cost(22, 23, 21).
cost(22, 24, 13).
cost(22, 25, 76).
cost(22, 26, 65).
cost(22, 27, 80).
cost(22, 28, 86).
cost(22, 29, 78).
cost(22, 30, 78).
cost(23, 1, 91).
cost(23, 2, 91).
cost(23, 3, 97).
cost(23, 4, 91).
cost(23, 5, 91).
cost(23, 6, 82).
cost(23, 7, 80).
cost(23, 8, 95).
cost(23, 9, 74).
cost(23, 10, 82).
cost(23, 11, 86).
cost(23, 12, 79).
cost(23, 13, 44).
cost(23, 14, 61).
cost(23, 15, 50).
cost(23, 16, 57).
cost(23, 17, 51).
cost(23, 18, 57).
cost(23, 19, 11).
cost(23, 20, 12).
cost(23, 21, 14).
cost(23, 22, 21).
cost(23, 24, 18).
cost(23, 25, 78).
cost(23, 26, 68).
cost(23, 27, 80).
cost(23, 28, 86).
cost(23, 29, 78).
cost(23, 30, 78).
cost(24, 1, 74).
cost(24, 2, 75).
cost(24, 3, 81).
cost(24, 4, 74).
cost(24, 5, 75).
cost(24, 6, 65).
cost(24, 7, 72).
cost(24, 8, 89).
cost(24, 9, 68).
cost(24, 10, 77).
cost(24, 11, 80).
cost(24, 12, 72).
cost(24, 13, 39).
cost(24, 14, 54).
cost(24, 15, 44).
cost(24, 16, 52).
cost(24, 17, 46).
cost(24, 18, 54).
cost(24, 19, 12).
cost(24, 20, 11).
cost(24, 21, 12).
cost(24, 22, 13).
cost(24, 23, 18).
cost(24, 25, 65).
cost(24, 26, 54).
cost(24, 27, 68).
cost(24, 28, 74).
cost(24, 29, 66).
cost(24, 30, 66).
cost(25, 1, 26).
cost(25, 2, 28).
cost(25, 3, 31).
cost(25, 4, 33).
cost(25, 5, 26).
cost(25, 6, 22).
cost(25, 7, 25).
cost(25, 8, 41).
cost(25, 9, 32).
cost(25, 10, 37).
cost(25, 11, 41).
cost(25, 12, 32).
cost(25, 13, 42).
cost(25, 14, 28).
cost(25, 15, 38).
cost(25, 16, 36).
cost(25, 17, 38).
cost(25, 18, 41).
cost(25, 19, 77).
cost(25, 20, 76).
cost(25, 21, 77).
cost(25, 22, 76).
cost(25, 23, 78).
cost(25, 24, 65).
cost(25, 26, 11).
cost(25, 27, 6).
cost(25, 28, 11).
cost(25, 29, 9).
cost(25, 30, 8).
cost(26, 1, 29).
cost(26, 2, 30).
cost(26, 3, 35).
cost(26, 4, 34).
cost(26, 5, 29).
cost(26, 6, 21).
cost(26, 7, 30).
cost(26, 8, 47).
cost(26, 9, 34).
cost(26, 10, 41).
cost(26, 11, 45).
cost(26, 12, 35).
cost(26, 13, 34).
cost(26, 14, 25).
cost(26, 15, 32).
cost(26, 16, 32).
cost(26, 17, 32).
cost(26, 18, 37).
cost(26, 19, 66).
cost(26, 20, 65).
cost(26, 21, 66).
cost(26, 22, 65).
cost(26, 23, 68).
cost(26, 24, 54).
cost(26, 25, 11).
cost(26, 27, 16).
cost(26, 28, 22).
cost(26, 29, 15).
cost(26, 30, 15).
cost(27, 1, 32).
cost(27, 2, 33).
cost(27, 3, 36).
cost(27, 4, 39).
cost(27, 5, 31).
cost(27, 6, 28).
cost(27, 7, 20).
cost(27, 8, 34).
cost(27, 9, 28).
cost(27, 10, 32).
cost(27, 11, 35).
cost(27, 12, 26).
cost(27, 13, 41).
cost(27, 14, 26).
cost(27, 15, 37).
cost(27, 16, 34).
cost(27, 17, 37).
cost(27, 18, 38).
cost(27, 19, 80).
cost(27, 20, 79).
cost(27, 21, 80).
cost(27, 22, 80).
cost(27, 23, 80).
cost(27, 24, 68).
cost(27, 25, 6).
cost(27, 26, 16).
cost(27, 28, 6).
cost(27, 29, 4).
cost(27, 30, 4).
cost(28, 1, 34).
cost(28, 2, 36).
cost(28, 3, 38).
cost(28, 4, 42).
cost(28, 5, 33).
cost(28, 6, 32).
cost(28, 7, 18).
cost(28, 8, 31).
cost(28, 9, 28).
cost(28, 10, 30).
cost(28, 11, 33).
cost(28, 12, 25).
cost(28, 13, 46).
cost(28, 14, 29).
cost(28, 15, 41).
cost(28, 16, 36).
cost(28, 17, 40).
cost(28, 18, 41).
cost(28, 19, 86).
cost(28, 20, 84).
cost(28, 21, 86).
cost(28, 22, 86).
cost(28, 23, 86).
cost(28, 24, 74).
cost(28, 25, 11).
cost(28, 26, 22).
cost(28, 27, 6).
cost(28, 29, 8).
cost(28, 30, 8).
cost(29, 1, 35).
cost(29, 2, 36).
cost(29, 3, 39).
cost(29, 4, 42).
cost(29, 5, 34).
cost(29, 6, 30).
cost(29, 7, 17).
cost(29, 8, 33).
cost(29, 9, 24).
cost(29, 10, 29).
cost(29, 11, 32).
cost(29, 12, 23).
cost(29, 13, 38).
cost(29, 14, 22).
cost(29, 15, 33).
cost(29, 16, 30).
cost(29, 17, 33).
cost(29, 18, 34).
cost(29, 19, 78).
cost(29, 20, 76).
cost(29, 21, 78).
cost(29, 22, 78).
cost(29, 23, 78).
cost(29, 24, 66).
cost(29, 25, 9).
cost(29, 26, 15).
cost(29, 27, 4).
cost(29, 28, 8).
cost(29, 30, 1).
cost(30, 1, 34).
cost(30, 2, 36).
cost(30, 3, 39).
cost(30, 4, 41).
cost(30, 5, 34).
cost(30, 6, 30).
cost(30, 7, 17).
cost(30, 8, 33).
cost(30, 9, 25).
cost(30, 10, 29).
cost(30, 11, 33).
cost(30, 12, 24).
cost(30, 13, 38).
cost(30, 14, 22).
cost(30, 15, 33).
cost(30, 16, 30).
cost(30, 17, 33).
cost(30, 18, 35).
cost(30, 19, 78).
cost(30, 20, 76).
cost(30, 21, 78).
cost(30, 22, 78).
cost(30, 23, 78).
cost(30, 24, 66).
cost(30, 25, 8).
cost(30, 26, 15).
cost(30, 27, 4).
cost(30, 28, 8).
cost(30, 29, 1).
