dimension(30).
point(1, 41.567876844, 8.539134933).
point(2, 34.2886077529, 2.6842985463).
point(3, 34.4411995938, 2.9128005887).
point(4, 40.2855853298, 5.4704330893).
point(5, 40.5266399336, 2.244034365).
point(6, 43.087480924, 10.9534136137).
point(7, 81.4240003811, 96.2871307995).
point(8, 72.7576242623, 94.0803824676).
point(9, 61.7431847768, 98.4746744434).
point(10, 50.8782004565, 95.2691996144).
point(11, 55.7821508869, 95.1771959428).
point(12, 71.9976836646, 99.271956455).
point(13, 48.8646864509, 21.5681317796).
point(14, 51.533448365, 20.6770327237).
point(15, 45.1690896166, 21.5225498359).
point(16, 47.6001527223, 18.9713436694).
point(17, 41.2478900236, 21.9973128195).
point(18, 46.1595990519, 26.7402853891).
point(19, 91.4273512386, 39.4113470489).
point(20, 82.0691364326, 44.5083286014).
point(21, 91.0513535241, 46.2744525389).
point(22, 81.4505780481, 41.3910054353).
point(23, 85.0851052826, 48.4010716887).
point(24, 94.5200996023, 36.7399065122).
point(25, 0.2923769562, 74.1272644513).
point(26, 16.8824491236, 66.6031583445).
point(27, 10.0029946836, 61.3228681084).
point(28, 1.4005571811, 59.2374454612).
point(29, 7.7313767258, 59.4924254742).
point(30, 1.2651236718, 60.5349803864).
cost(1, 2, 9).
cost(1, 3, 9).
cost(1, 4, 3).
cost(1, 5, 6).
cost(1, 6, 3).
cost(1, 7, 96).
cost(1, 8, 91).
cost(1, 9, 92).
cost(1, 10, 87).
cost(1, 11, 88).
cost(1, 12, 96).
cost(1, 13, 15).
cost(1, 14, 16).
cost(1, 15, 13).
cost(1, 16, 12).
cost(1, 17, 13).
cost(1, 18, 19).
cost(1, 19, 59).
cost(1, 20, 54).
cost(1, 21, 62).
cost(1, 22, 52).
cost(1, 23, 59).
cost(1, 24, 60).
cost(1, 25, 77).
cost(1, 26, 63).
cost(1, 27, 62).
cost(1, 28, 65).
cost(1, 29, 61).
cost(1, 30, 66).
cost(2, 1, 9).
cost(2, 3, 0).
cost(2, 4, 7).
cost(2, 5, 6).
cost(2, 6, 12).
cost(2, 7, 105).
cost(2, 8, 99).
cost(2, 9, 100).
cost(2, 10, 94).
cost(2, 11, 95).
cost(2, 12, 104).
cost(2, 13, 24).
cost(2, 14, 25).
cost(2, 15, 22).
cost(2, 16, 21).
cost(2, 17, 21).
cost(2, 18, 27).
cost(2, 19, 68).
cost(2, 20, 63).
cost(2, 21, 72).
cost(2, 22, 61).
cost(2, 23, 68).
cost(2, 24, 69).
cost(2, 25, 79).
cost(2, 26, 66).
cost(2, 27, 63).
cost(2, 28, 65).
cost(2, 29, 63).
cost(2, 30, 67).
cost(3, 1, 9).
cost(3, 2, 0).
cost(3, 4, 6).
cost(3, 5, 6).
cost(3, 6, 12).
cost(3, 7, 105).
cost(3, 8, 99).
cost(3, 9, 99).
cost(3, 10, 94).
cost(3, 11, 95).
cost(3, 12, 103).
cost(3, 13, 24).
cost(3, 14, 25).
cost(3, 15, 21).
cost(3, 16, 21).
cost(3, 17, 20).
cost(3, 18, 27).
cost(3, 19, 68).
cost(3, 20, 63).
cost(3, 21, 71).
cost(3, 22, 61).
cost(3, 23, 68).
cost(3, 24, 69).
cost(3, 25, 79).
cost(3, 26, 66).
cost(3, 27, 63).
cost(3, 28, 65).
cost(3, 29, 63).
cost(3, 30, 66).
cost(4, 1, 3).
cost(4, 2, 7).
cost(4, 3, 6).
cost(4, 5, 3).
cost(4, 6, 6).
cost(4, 7, 100).
cost(4, 8, 94).
cost(4, 9, 95).
cost(4, 10, 90).
cost(4, 11, 91).
cost(4, 12, 99).
cost(4, 13, 18).
cost(4, 14, 19).
cost(4, 15, 17).
cost(4, 16, 15).
cost(4, 17, 17).
cost(4, 18, 22).
cost(4, 19, 61).
cost(4, 20, 57).
cost(4, 21, 65).
cost(4, 22, 55).
cost(4, 23, 62).
cost(4, 24, 63).
cost(4, 25, 79).
cost(4, 26, 65).
cost(4, 27, 64).
cost(4, 28, 66).
cost(4, 29, 63).
cost(4, 30, 67).
cost(5, 1, 6).
cost(5, 2, 6).
cost(5, 3, 6).
cost(5, 4, 3).
cost(5, 6, 9).
cost(5, 7, 103).
cost(5, 8, 97).
cost(5, 9, 99).
cost(5, 10, 94).
cost(5, 11, 94).
cost(5, 12, 102).
cost(5, 13, 21).
cost(5, 14, 21).
cost(5, 15, 20).
cost(5, 16, 18).
cost(5, 17, 20).
cost(5, 18, 25).
cost(5, 19, 63).
cost(5, 20, 59).
cost(5, 21, 67).
cost(5, 22, 57).
cost(5, 23, 64).
cost(5, 24, 64).
cost(5, 25, 82).
cost(5, 26, 69).
cost(5, 27, 66).
cost(5, 28, 69).
cost(5, 29, 66).
cost(5, 30, 70).
cost(6, 1, 3).
cost(6, 2, 12).
cost(6, 3, 12).
cost(6, 4, 6).
cost(6, 5, 9).
cost(6, 7, 94).
cost(6, 8, 88).
cost(6, 9, 89).
cost(6, 10, 85).
cost(6, 11, 85).
cost(6, 12, 93).
cost(6, 13, 12).
cost(6, 14, 13).
cost(6, 15, 11).
cost(6, 16, 9).
cost(6, 17, 11).
cost(6, 18, 16).
cost(6, 19, 56).
cost(6, 20, 51).
cost(6, 21, 60).
cost(6, 22, 49).
cost(6, 23, 56).
cost(6, 24, 58).
cost(6, 25, 76).
cost(6, 26, 62).
cost(6, 27, 60).
cost(6, 28, 64).
cost(6, 29, 60).
cost(6, 30, 65).
cost(7, 1, 96).
cost(7, 2, 105).
cost(7, 3, 105).
cost(7, 4, 100).
cost(7, 5, 103).
cost(7, 6, 94).
cost(7, 8, 9).
cost(7, 9, 20).
cost(7, 10, 31).
cost(7, 11, 26).
cost(7, 12, 10).
cost(7, 13, 82).
cost(7, 14, 81).
cost(7, 15, 83).
cost(7, 16, 84).
cost(7, 17, 84).
cost(7, 18, 78).
cost(7, 19, 58).
cost(7, 20, 52).
cost(7, 21, 51).
cost(7, 22, 55).
cost(7, 23, 48).
cost(7, 24, 61).
cost(7, 25, 84).
cost(7, 26, 71).
cost(7, 27, 80).
cost(7, 28, 88).
cost(7, 29, 82).
cost(7, 30, 88).
cost(8, 1, 91).
cost(8, 2, 99).
cost(8, 3, 99).
cost(8, 4, 94).
cost(8, 5, 97).
cost(8, 6, 88).
cost(8, 7, 9).
cost(8, 9, 12).
cost(8, 10, 22).
cost(8, 11, 17).
cost(8, 12, 5).
cost(8, 13, 76).
cost(8, 14, 76).
cost(8, 15, 78).
cost(8, 16, 79).
cost(8, 17, 79).
cost(8, 18, 72).
cost(8, 19, 58).
cost(8, 20, 50).
cost(8, 21, 51).
cost(8, 22, 53).
cost(8, 23, 47).
cost(8, 24, 61).
cost(8, 25, 75).
cost(8, 26, 62).
cost(8, 27, 71).
cost(8, 28, 79).
cost(8, 29, 74).
cost(8, 30, 79).
cost(9, 1, 92).
cost(9, 2, 100).
cost(9, 3, 99).
cost(9, 4, 95).
cost(9, 5, 99).
cost(9, 6, 89).
cost(9, 7, 20).
cost(9, 8, 12).
cost(9, 10, 11).
cost(9, 11, 7).
cost(9, 12, 10).
cost(9, 13, 78).
cost(9, 14, 78).
cost(9, 15, 79).
cost(9, 16, 81).
cost(9, 17, 79).
cost(9, 18, 73).
cost(9, 19, 66).
cost(9, 20, 58).
cost(9, 21, 60).
cost(9, 22, 60).
cost(9, 23, 55).
cost(9, 24, 70).
cost(9, 25, 66).
cost(9, 26, 55).
cost(9, 27, 64).
cost(9, 28, 72).
cost(9, 29, 67).
cost(9, 30, 71).
cost(10, 1, 87).
cost(10, 2, 94).
cost(10, 3, 94).
cost(10, 4, 90).
cost(10, 5, 94).
cost(10, 6, 85).
cost(10, 7, 31).
cost(10, 8, 22).
cost(10, 9, 11).
cost(10, 11, 5).
cost(10, 12, 21).
cost(10, 13, 74).
cost(10, 14, 75).
cost(10, 15, 74).
cost(10, 16, 76).
cost(10, 17, 74).
cost(10, 18, 69).
cost(10, 19, 69).
cost(10, 20, 60).
cost(10, 21, 63).
cost(10, 22, 62).
cost(10, 23, 58).
cost(10, 24, 73).
cost(10, 25, 55).
cost(10, 26, 44).
cost(10, 27, 53).
cost(10, 28, 61).
cost(10, 29, 56).
cost(10, 30, 61).
cost(11, 1, 88).
cost(11, 2, 95).
cost(11, 3, 95).
cost(11, 4, 91).
cost(11, 5, 94).
cost(11, 6, 85).
cost(11, 7, 26).
cost(11, 8, 17).
cost(11, 9, 7).
cost(11, 10, 5).
cost(11, 12, 17).
cost(11, 13, 74).
cost(11, 14, 75).
cost(11, 15, 74).
cost(11, 16, 77).
cost(11, 17, 75).
cost(11, 18, 69).
cost(11, 19, 66).
cost(11, 20, 57).
cost(11, 21, 60).
cost(11, 22, 60).
cost(11, 23, 55).
cost(11, 24, 70).
cost(11, 25, 59).
cost(11, 26, 48).
cost(11, 27, 57).
cost(11, 28, 65).
cost(11, 29, 60).
cost(11, 30, 65).
cost(12, 1, 96).
cost(12, 2, 104).
cost(12, 3, 103).
cost(12, 4, 99).
cost(12, 5, 102).
cost(12, 6, 93).
cost(12, 7, 10).
cost(12, 8, 5).
cost(12, 9, 10).
cost(12, 10, 21).
cost(12, 11, 17).
cost(12, 13, 81).
cost(12, 14, 81).
cost(12, 15, 82).
cost(12, 16, 84).
cost(12, 17, 83).
cost(12, 18, 77).
cost(12, 19, 63).
cost(12, 20, 56).
cost(12, 21, 56).
cost(12, 22, 59).
cost(12, 23, 53).
cost(12, 24, 66).
cost(12, 25, 76).
cost(12, 26, 64).
cost(12, 27, 73).
cost(12, 28, 81).
cost(12, 29, 76).
cost(12, 30, 81).
cost(13, 1, 15).
cost(13, 2, 24).
cost(13, 3, 24).
cost(13, 4, 18).
cost(13, 5, 21).
cost(13, 6, 12).
cost(13, 7, 82).
cost(13, 8, 76).
cost(13, 9, 78).
cost(13, 10, 74).
cost(13, 11, 74).
cost(13, 12, 81).
cost(13, 14, 3).
cost(13, 15, 4).
cost(13, 16, 3).
cost(13, 17, 8).
cost(13, 18, 6).
cost(13, 19, 46).
cost(13, 20, 40).
cost(13, 21, 49).
cost(13, 22, 38).
cost(13, 23, 45).
cost(13, 24, 48).
cost(13, 25, 72).
cost(13, 26, 55).
cost(13, 27, 56).
cost(13, 28, 61).
cost(13, 29, 56).
cost(13, 30, 62).
cost(14, 1, 16).
cost(14, 2, 25).
cost(14, 3, 25).
cost(14, 4, 19).
cost(14, 5, 21).
cost(14, 6, 13).
cost(14, 7, 81).
cost(14, 8, 76).
cost(14, 9, 78).
cost(14, 10, 75).
cost(14, 11, 75).
cost(14, 12, 81).
cost(14, 13, 3).
cost(14, 15, 6).
cost(14, 16, 4).
cost(14, 17, 10).
cost(14, 18, 8).
cost(14, 19, 44).
cost(14, 20, 39).
cost(14, 21, 47).
cost(14, 22, 36).
cost(14, 23, 44).
cost(14, 24, 46).
cost(14, 25, 74).
cost(14, 26, 58).
cost(14, 27, 58).
cost(14, 28, 63).
cost(14, 29, 59).
cost(14, 30, 64).
cost(15, 1, 13).
cost(15, 2, 22).
cost(15, 3, 21).
cost(15, 4, 17).
cost(15, 5, 20).
cost(15, 6, 11).
cost(15, 7, 83).
cost(15, 8, 78).
cost(15, 9, 79).
cost(15, 10, 74).
cost(15, 11, 74).
cost(15, 12, 82).
cost(15, 13, 4).
cost(15, 14, 6).
cost(15, 16, 4).
cost(15, 17, 4).
cost(15, 18, 5).
cost(15, 19, 50).
cost(15, 20, 43).
cost(15, 21, 52).
cost(15, 22, 41).
cost(15, 23, 48).
cost(15, 24, 52).
cost(15, 25, 69).
cost(15, 26, 53).
cost(15, 27, 53).
cost(15, 28, 58).
cost(15, 29, 53).
cost(15, 30, 59).
cost(16, 1, 12).
cost(16, 2, 21).
cost(16, 3, 21).
cost(16, 4, 15).
cost(16, 5, 18).
cost(16, 6, 9).
cost(16, 7, 84).
cost(16, 8, 79).
cost(16, 9, 81).
cost(16, 10, 76).
cost(16, 11, 77).
cost(16, 12, 84).
cost(16, 13, 3).
cost(16, 14, 4).
cost(16, 15, 4).
cost(16, 17, 7).
cost(16, 18, 8).
cost(16, 19, 48).
cost(16, 20, 43).
cost(16, 21, 51).
cost(16, 22, 41).
cost(16, 23, 48).
cost(16, 24, 50).
cost(16, 25, 73).
cost(16, 26, 57).
cost(16, 27, 57).
cost(16, 28, 61).
cost(16, 29, 57).
cost(16, 30, 62).
cost(17, 1, 13).
cost(17, 2, 21).
cost(17, 3, 20).
cost(17, 4, 17).
cost(17, 5, 20).
cost(17, 6, 11).
cost(17, 7, 84).
cost(17, 8, 79).
cost(17, 9, 79).
cost(17, 10, 74).
cost(17, 11, 75).
cost(17, 12, 83).
cost(17, 13, 8).
cost(17, 14, 10).
cost(17, 15, 4).
cost(17, 16, 7).
cost(17, 18, 7).
cost(17, 19, 53).
cost(17, 20, 47).
cost(17, 21, 55).
cost(17, 22, 45).
cost(17, 23, 51).
cost(17, 24, 55).
cost(17, 25, 66).
cost(17, 26, 51).
cost(17, 27, 50).
cost(17, 28, 55).
cost(17, 29, 50).
cost(17, 30, 56).
cost(18, 1, 19).
cost(18, 2, 27).
cost(18, 3, 27).
cost(18, 4, 22).
cost(18, 5, 25).
cost(18, 6, 16).
cost(18, 7, 78).
cost(18, 8, 72).
cost(18, 9, 73).
cost(18, 10, 69).
cost(18, 11, 69).
cost(18, 12, 77).
cost(18, 13, 6).
cost(18, 14, 8).
cost(18, 15, 5).
cost(18, 16, 8).
cost(18, 17, 7).
cost(18, 19, 47).
cost(18, 20, 40).
cost(18, 21, 49).
cost(18, 22, 38).
cost(18, 23, 45).
cost(18, 24, 49).
cost(18, 25, 66).
cost(18, 26, 49).
cost(18, 27, 50).
cost(18, 28, 55).
cost(18, 29, 50).
cost(18, 30, 56).
cost(19, 1, 59).
cost(19, 2, 68).
cost(19, 3, 68).
cost(19, 4, 61).
cost(19, 5, 63).
cost(19, 6, 56).
cost(19, 7, 58).
cost(19, 8, 58).
cost(19, 9, 66).
cost(19, 10, 69).
cost(19, 11, 66).
cost(19, 12, 63).
cost(19, 13, 46).
cost(19, 14, 44).
cost(19, 15, 50).
cost(19, 16, 48).
cost(19, 17, 53).
cost(19, 18, 47).
cost(19, 20, 11).
cost(19, 21, 7).
cost(19, 22, 10).
cost(19, 23, 11).
cost(19, 24, 4).
cost(19, 25, 98).
cost(19, 26, 79).
cost(19, 27, 84).
cost(19, 28, 92).
cost(19, 29, 86).
cost(19, 30, 93).
cost(20, 1, 54).
cost(20, 2, 63).
cost(20, 3, 63).
cost(20, 4, 57).
cost(20, 5, 59).
cost(20, 6, 51).
cost(20, 7, 52).
cost(20, 8, 50).
cost(20, 9, 58).
cost(20, 10, 60).
cost(20, 11, 57).
cost(20, 12, 56).
cost(20, 13, 40).
cost(20, 14, 39).
cost(20, 15, 43).
cost(20, 16, 43).
cost(20, 17, 47).
cost(20, 18, 40).
cost(20, 19, 11).
cost(20, 21, 9).
cost(20, 22, 3).
cost(20, 23, 5).
cost(20, 24, 15).
cost(20, 25, 87).
cost(20, 26, 69).
cost(20, 27, 74).
cost(20, 28, 82).
cost(20, 29, 76).
cost(20, 30, 82).
cost(21, 1, 62).
cost(21, 2, 72).
cost(21, 3, 71).
cost(21, 4, 65).
cost(21, 5, 67).
cost(21, 6, 60).
cost(21, 7, 51).
cost(21, 8, 51).
cost(21, 9, 60).
cost(21, 10, 63).
cost(21, 11, 60).
cost(21, 12, 56).
cost(21, 13, 49).
cost(21, 14, 47).
cost(21, 15, 52).
cost(21, 16, 51).
cost(21, 17, 55).
cost(21, 18, 49).
cost(21, 19, 7).
cost(21, 20, 9).
cost(21, 22, 11).
cost(21, 23, 6).
cost(21, 24, 10).
cost(21, 25, 95).
cost(21, 26, 77).
cost(21, 27, 82).
cost(21, 28, 91).
cost(21, 29, 84).
cost(21, 30, 91).
cost(22, 1, 52).
cost(22, 2, 61).
cost(22, 3, 61).
cost(22, 4, 55).
cost(22, 5, 57).
cost(22, 6, 49).
cost(22, 7, 55).
cost(22, 8, 53).
cost(22, 9, 60).
cost(22, 10, 62).
cost(22, 11, 60).
cost(22, 12, 59).
cost(22, 13, 38).
cost(22, 14, 36).
cost(22, 15, 41).
cost(22, 16, 41).
cost(22, 17, 45).
cost(22, 18, 38).
cost(22, 19, 10).
cost(22, 20, 3).
cost(22, 21, 11).
cost(22, 23, 8).
cost(22, 24, 14).
cost(22, 25, 88).
cost(22, 26, 69).
cost(22, 27, 74).
cost(22, 28, 82).
cost(22, 29, 76).
cost(22, 30, 82).
cost(23, 1, 59).
cost(23, 2, 68).
cost(23, 3, 68).
cost(23, 4, 62).
cost(23, 5, 64).
cost(23, 6, 56).
cost(23, 7, 48).
cost(23, 8, 47).
cost(23, 9, 55).
cost(23, 10, 58).
cost(23, 11, 55).
cost(23, 12, 53).
cost(23, 13, 45).
cost(23, 14, 44).
cost(23, 15, 48).
cost(23, 16, 48).
cost(23, 17, 51).
cost(23, 18, 45).
cost(23, 19, 11).
cost(23, 20, 5).
cost(23, 21, 6).
cost(23, 22, 8).
cost(23, 24, 15).
cost(23, 25, 89).
cost(23, 26, 71).
cost(23, 27, 76).
cost(23, 28, 84).
cost(23, 29, 78).
cost(23, 30, 85).
cost(24, 1, 60).
cost(24, 2, 69).
cost(24, 3, 69).
cost(24, 4, 63).
cost(24, 5, 64).
cost(24, 6, 58).
cost(24, 7, 61).
cost(24, 8, 61).
cost(24, 9, 70).
cost(24, 10, 73).
cost(24, 11, 70).
cost(24, 12, 66).
cost(24, 13, 48).
cost(24, 14, 46).
cost(24, 15, 52).
cost(24, 16, 50).
cost(24, 17, 55).
cost(24, 18, 49).
cost(24, 19, 4).
cost(24, 20, 15).
cost(24, 21, 10).
cost(24, 22, 14).
cost(24, 23, 15).
cost(24, 25, 101).
cost(24, 26, 83).
cost(24, 27, 88).
cost(24, 28, 96).
cost(24, 29, 90).
cost(24, 30, 96).
cost(25, 1, 77).
cost(25, 2, 79).
cost(25, 3, 79).
cost(25, 4, 79).
cost(25, 5, 82).
cost(25, 6, 76).
cost(25, 7, 84).
cost(25, 8, 75).
cost(25, 9, 66).
cost(25, 10, 55).
cost(25, 11, 59).
cost(25, 12, 76).
cost(25, 13, 72).
cost(25, 14, 74).
cost(25, 15, 69).
cost(25, 16, 73).
cost(25, 17, 66).
cost(25, 18, 66).
cost(25, 19, 98).
cost(25, 20, 87).
cost(25, 21, 95).
cost(25, 22, 88).
cost(25, 23, 89).
cost(25, 24, 101).
cost(25, 26, 18).
cost(25, 27, 16).
cost(25, 28, 15).
cost(25, 29, 16).
cost(25, 30, 14).
cost(26, 1, 63).
cost(26, 2, 66).
cost(26, 3, 66).
cost(26, 4, 65).
cost(26, 5, 69).
cost(26, 6, 62).
cost(26, 7, 71).
cost(26, 8, 62).
cost(26, 9, 55).
cost(26, 10, 44).
cost(26, 11, 48).
cost(26, 12, 64).
cost(26, 13, 55).
cost(26, 14, 58).
cost(26, 15, 53).
cost(26, 16, 57).
cost(26, 17, 51).
cost(26, 18, 49).
cost(26, 19, 79).
cost(26, 20, 69).
cost(26, 21, 77).
cost(26, 22, 69).
cost(26, 23, 71).
cost(26, 24, 83).
cost(26, 25, 18).
cost(26, 27, 9).
cost(26, 28, 17).
cost(26, 29, 12).
cost(26, 30, 17).
cost(27, 1, 62).
cost(27, 2, 63).
cost(27, 3, 63).
cost(27, 4, 64).
cost(27, 5, 66).
cost(27, 6, 60).
cost(27, 7, 80).
cost(27, 8, 71).
cost(27, 9, 64).
cost(27, 10, 53).
cost(27, 11, 57).
cost(27, 12, 73).
cost(27, 13, 56).
cost(27, 14, 58).
cost(27, 15, 53).
cost(27, 16, 57).
cost(27, 17, 50).
cost(27, 18, 50).
cost(27, 19, 84).
cost(27, 20, 74).
cost(27, 21, 82).
cost(27, 22, 74).
cost(27, 23, 76).
cost(27, 24, 88).
cost(27, 25, 16).
cost(27, 26, 9).
cost(27, 28, 9).
cost(27, 29, 3).
cost(27, 30, 9).
cost(28, 1, 65).
cost(28, 2, 65).
cost(28, 3, 65).
cost(28, 4, 66).
cost(28, 5, 69).
cost(28, 6, 64).
cost(28, 7, 88).
cost(28, 8, 79).
cost(28, 9, 72).
cost(28, 10, 61).
cost(28, 11, 65).
cost(28, 12, 81).
cost(28, 13, 61).
cost(28, 14, 63).
cost(28, 15, 58).
cost(28, 16, 61).
cost(28, 17, 55).
cost(28, 18, 55).
cost(28, 19, 92).
cost(28, 20, 82).
cost(28, 21, 91).
cost(28, 22, 82).
cost(28, 23, 84).
cost(28, 24, 96).
cost(28, 25, 15).
cost(28, 26, 17).
cost(28, 27, 9).
cost(28, 29, 6).
cost(28, 30, 1).
cost(29, 1, 61).
cost(29, 2, 63).
cost(29, 3, 63).
cost(29, 4, 63).
cost(29, 5, 66).
cost(29, 6, 60).
cost(29, 7, 82).
cost(29, 8, 74).
cost(29, 9, 67).
cost(29, 10, 56).
cost(29, 11, 60).
cost(29, 12, 76).
cost(29, 13, 56).
cost(29, 14, 59).
cost(29, 15, 53).
cost(29, 16, 57).
cost(29, 17, 50).
cost(29, 18, 50).
cost(29, 19, 86).
cost(29, 20, 76).
cost(29, 21, 84).
cost(29, 22, 76).
cost(29, 23, 78).
cost(29, 24, 90).
cost(29, 25, 16).
cost(29, 26, 12).
cost(29, 27, 3).
cost(29, 28, 6).
cost(29, 30, 7).
cost(30, 1, 66).
cost(30, 2, 67).
cost(30, 3, 66).
cost(30, 4, 67).
cost(30, 5, 70).
cost(30, 6, 65).
cost(30, 7, 88).
cost(30, 8, 79).
cost(30, 9, 71).
cost(30, 10, 61).
cost(30, 11, 65).
cost(30, 12, 81).
cost(30, 13, 62).
cost(30, 14, 64).
cost(30, 15, 59).
cost(30, 16, 62).
cost(30, 17, 56).
cost(30, 18, 56).
cost(30, 19, 93).
cost(30, 20, 82).
cost(30, 21, 91).
cost(30, 22, 82).
cost(30, 23, 85).
cost(30, 24, 96).
cost(30, 25, 14).
cost(30, 26, 17).
cost(30, 27, 9).
cost(30, 28, 1).
cost(30, 29, 7).
