dimension(30).
point(1, 27.1204474723, 88.2237949623).
point(2, 11.9189579039, 83.1721433321).
point(3, 26.3592358268, 88.6363482995).
point(4, 28.6952173678, 76.97505873).
point(5, 37.1145725046, 75.3929668941).
point(6, 28.6173723042, 86.8289712177).
point(7, 43.8865080472, 20.4060029504).
point(8, 53.2123167937, 27.4147133629).
point(9, 46.6117159141, 40.5365063661).
point(10, 35.8807984088, 26.1929861516).
point(11, 43.4999589503, 16.3299717997).
point(12, 54.3656536445, 22.126017815).
point(13, 86.298026622, 53.8759710792).
point(14, 94.8067709653, 49.6701942764).
point(15, 99.1010350575, 40.9070377149).
point(16, 93.9253901709, 47.5509792654).
point(17, 97.706807714, 41.4902747075).
point(18, 99.8774732855, 43.0406871931).
point(19, 7.3252229927, 16.8523416453).
point(20, 10.534957326, 5.0533970279).
point(21, 4.0033869497, 21.483181585).
point(22, 9.0744452092, 5.2569348776).
point(23, 5.9030420618, 12.0919142129).
point(24, 8.7012951597, 10.5368782037).
point(25, 72.2018537492, 81.7590957221).
point(26, 62.2829370354, 74.7918819284).
point(27, 79.6265565779, 80.2228133032).
point(28, 61.9007333365, 86.9514259497).
point(29, 60.3587088026, 69.9652387907).
point(30, 76.1769173478, 80.3481731221).
cost(1, 2, 16).
cost(1, 3, 1).
cost(1, 4, 11).
cost(1, 5, 16).
cost(1, 6, 2).
cost(1, 7, 70).
cost(1, 8, 66).
cost(1, 9, 52).
cost(1, 10, 63).
cost(1, 11, 74).
cost(1, 12, 71).
cost(1, 13, 68).
cost(1, 14, 78).
cost(1, 15, 86).
cost(1, 16, 78).
cost(1, 17, 85).
cost(1, 18, 86).
cost(1, 19, 74).
cost(1, 20, 85).
cost(1, 21, 71).
cost(1, 22, 85).
cost(1, 23, 79).
cost(1, 24, 80).
cost(1, 25, 46).
cost(1, 26, 38).
cost(1, 27, 53).
cost(1, 28, 35).
cost(1, 29, 38).
cost(1, 30, 50).
cost(2, 1, 16).
cost(2, 3, 15).
cost(2, 4, 18).
cost(2, 5, 26).
cost(2, 6, 17).
cost(2, 7, 70).
cost(2, 8, 69).
cost(2, 9, 55).
cost(2, 10, 62).
cost(2, 11, 74).
cost(2, 12, 74).
cost(2, 13, 80).
cost(2, 14, 89).
cost(2, 15, 97).
cost(2, 16, 89).
cost(2, 17, 95).
cost(2, 18, 97).
cost(2, 19, 66).
cost(2, 20, 78).
cost(2, 21, 62).
cost(2, 22, 78).
cost(2, 23, 71).
cost(2, 24, 73).
cost(2, 25, 60).
cost(2, 26, 51).
cost(2, 27, 68).
cost(2, 28, 50).
cost(2, 29, 50).
cost(2, 30, 64).
cost(3, 1, 1).
cost(3, 2, 15).
cost(3, 4, 12).
cost(3, 5, 17).
cost(3, 6, 3).
cost(3, 7, 70).
cost(3, 8, 67).
cost(3, 9, 52).
cost(3, 10, 63).
cost(3, 11, 74).
cost(3, 12, 72).
cost(3, 13, 69).
cost(3, 14, 79).
cost(3, 15, 87).
cost(3, 16, 79).
cost(3, 17, 86).
cost(3, 18, 87).
cost(3, 19, 74).
cost(3, 20, 85).
cost(3, 21, 71).
cost(3, 22, 85).
cost(3, 23, 79).
cost(3, 24, 80).
cost(3, 25, 46).
cost(3, 26, 38).
cost(3, 27, 54).
cost(3, 28, 36).
cost(3, 29, 39).
cost(3, 30, 51).
cost(4, 1, 11).
cost(4, 2, 18).
cost(4, 3, 12).
cost(4, 5, 9).
cost(4, 6, 10).
cost(4, 7, 59).
cost(4, 8, 55).
cost(4, 9, 41).
cost(4, 10, 51).
cost(4, 11, 62).
cost(4, 12, 61).
cost(4, 13, 62).
cost(4, 14, 72).
cost(4, 15, 79).
cost(4, 16, 72).
cost(4, 17, 78).
cost(4, 18, 79).
cost(4, 19, 64).
cost(4, 20, 74).
cost(4, 21, 61).
cost(4, 22, 74).
cost(4, 23, 69).
cost(4, 24, 69).
cost(4, 25, 44).
cost(4, 26, 34).
cost(4, 27, 51).
cost(4, 28, 35).
cost(4, 29, 32).
cost(4, 30, 48).
cost(5, 1, 16).
cost(5, 2, 26).
cost(5, 3, 17).
cost(5, 4, 9).
cost(5, 6, 14).
cost(5, 7, 55).
cost(5, 8, 51).
cost(5, 9, 36).
cost(5, 10, 49).
cost(5, 11, 59).
cost(5, 12, 56).
cost(5, 13, 54).
cost(5, 14, 63).
cost(5, 15, 71).
cost(5, 16, 63).
cost(5, 17, 69).
cost(5, 18, 71).
cost(5, 19, 66).
cost(5, 20, 75).
cost(5, 21, 63).
cost(5, 22, 76).
cost(5, 23, 71).
cost(5, 24, 71).
cost(5, 25, 36).
cost(5, 26, 25).
cost(5, 27, 43).
cost(5, 28, 27).
cost(5, 29, 24).
cost(5, 30, 39).
cost(6, 1, 2).
cost(6, 2, 17).
cost(6, 3, 3).
cost(6, 4, 10).
cost(6, 5, 14).
cost(6, 7, 68).
cost(6, 8, 64).
cost(6, 9, 50).
cost(6, 10, 61).
cost(6, 11, 72).
cost(6, 12, 70).
cost(6, 13, 66).
cost(6, 14, 76).
cost(6, 15, 84).
cost(6, 16, 76).
cost(6, 17, 83).
cost(6, 18, 84).
cost(6, 19, 73).
cost(6, 20, 84).
cost(6, 21, 70).
cost(6, 22, 84).
cost(6, 23, 78).
cost(6, 24, 79).
cost(6, 25, 44).
cost(6, 26, 36).
cost(6, 27, 51).
cost(6, 28, 33).
cost(6, 29, 36).
cost(6, 30, 48).
cost(7, 1, 70).
cost(7, 2, 70).
cost(7, 3, 70).
cost(7, 4, 59).
cost(7, 5, 55).
cost(7, 6, 68).
cost(7, 8, 12).
cost(7, 9, 20).
cost(7, 10, 10).
cost(7, 11, 4).
cost(7, 12, 11).
cost(7, 13, 54).
cost(7, 14, 59).
cost(7, 15, 59).
cost(7, 16, 57).
cost(7, 17, 58).
cost(7, 18, 60).
cost(7, 19, 37).
cost(7, 20, 37).
cost(7, 21, 40).
cost(7, 22, 38).
cost(7, 23, 39).
cost(7, 24, 37).
cost(7, 25, 68).
cost(7, 26, 57).
cost(7, 27, 70).
cost(7, 28, 69).
cost(7, 29, 52).
cost(7, 30, 68).
cost(8, 1, 66).
cost(8, 2, 69).
cost(8, 3, 67).
cost(8, 4, 55).
cost(8, 5, 51).
cost(8, 6, 64).
cost(8, 7, 12).
cost(8, 9, 15).
cost(8, 10, 17).
cost(8, 11, 15).
cost(8, 12, 5).
cost(8, 13, 42).
cost(8, 14, 47).
cost(8, 15, 48).
cost(8, 16, 45).
cost(8, 17, 47).
cost(8, 18, 49).
cost(8, 19, 47).
cost(8, 20, 48).
cost(8, 21, 50).
cost(8, 22, 49).
cost(8, 23, 50).
cost(8, 24, 48).
cost(8, 25, 58).
cost(8, 26, 48).
cost(8, 27, 59).
cost(8, 28, 60).
cost(8, 29, 43).
cost(8, 30, 58).
cost(9, 1, 52).
cost(9, 2, 55).
cost(9, 3, 52).
cost(9, 4, 41).
cost(9, 5, 36).
cost(9, 6, 50).
cost(9, 7, 20).
cost(9, 8, 15).
cost(9, 10, 18).
cost(9, 11, 24).
cost(9, 12, 20).
cost(9, 13, 42).
cost(9, 14, 49).
cost(9, 15, 52).
cost(9, 16, 48).
cost(9, 17, 51).
cost(9, 18, 53).
cost(9, 19, 46).
cost(9, 20, 51).
cost(9, 21, 47).
cost(9, 22, 52).
cost(9, 23, 50).
cost(9, 24, 48).
cost(9, 25, 49).
cost(9, 26, 38).
cost(9, 27, 52).
cost(9, 28, 49).
cost(9, 29, 32).
cost(9, 30, 50).
cost(10, 1, 63).
cost(10, 2, 62).
cost(10, 3, 63).
cost(10, 4, 51).
cost(10, 5, 49).
cost(10, 6, 61).
cost(10, 7, 10).
cost(10, 8, 17).
cost(10, 9, 18).
cost(10, 11, 12).
cost(10, 12, 19).
cost(10, 13, 58).
cost(10, 14, 63).
cost(10, 15, 65).
cost(10, 16, 62).
cost(10, 17, 64).
cost(10, 18, 66).
cost(10, 19, 30).
cost(10, 20, 33).
cost(10, 21, 32).
cost(10, 22, 34).
cost(10, 23, 33).
cost(10, 24, 31).
cost(10, 25, 66).
cost(10, 26, 55).
cost(10, 27, 70).
cost(10, 28, 66).
cost(10, 29, 50).
cost(10, 30, 68).
cost(11, 1, 74).
cost(11, 2, 74).
cost(11, 3, 74).
cost(11, 4, 62).
cost(11, 5, 59).
cost(11, 6, 72).
cost(11, 7, 4).
cost(11, 8, 15).
cost(11, 9, 24).
cost(11, 10, 12).
cost(11, 12, 12).
cost(11, 13, 57).
cost(11, 14, 61).
cost(11, 15, 61).
cost(11, 16, 59).
cost(11, 17, 60).
cost(11, 18, 62).
cost(11, 19, 36).
cost(11, 20, 35).
cost(11, 21, 40).
cost(11, 22, 36).
cost(11, 23, 38).
cost(11, 24, 35).
cost(11, 25, 71).
cost(11, 26, 61).
cost(11, 27, 73).
cost(11, 28, 73).
cost(11, 29, 56).
cost(11, 30, 72).
cost(12, 1, 71).
cost(12, 2, 74).
cost(12, 3, 72).
cost(12, 4, 61).
cost(12, 5, 56).
cost(12, 6, 70).
cost(12, 7, 11).
cost(12, 8, 5).
cost(12, 9, 20).
cost(12, 10, 19).
cost(12, 11, 12).
cost(12, 13, 45).
cost(12, 14, 49).
cost(12, 15, 49).
cost(12, 16, 47).
cost(12, 17, 47).
cost(12, 18, 50).
cost(12, 19, 47).
cost(12, 20, 47).
cost(12, 21, 50).
cost(12, 22, 48).
cost(12, 23, 49).
cost(12, 24, 47).
cost(12, 25, 62).
cost(12, 26, 53).
cost(12, 27, 63).
cost(12, 28, 65).
cost(12, 29, 48).
cost(12, 30, 62).
cost(13, 1, 68).
cost(13, 2, 80).
cost(13, 3, 69).
cost(13, 4, 62).
cost(13, 5, 54).
cost(13, 6, 66).
cost(13, 7, 54).
cost(13, 8, 42).
cost(13, 9, 42).
cost(13, 10, 58).
cost(13, 11, 57).
cost(13, 12, 45).
cost(13, 14, 9).
cost(13, 15, 18).
cost(13, 16, 10).
cost(13, 17, 17).
cost(13, 18, 17).
cost(13, 19, 87).
cost(13, 20, 90).
cost(13, 21, 88).
cost(13, 22, 91).
cost(13, 23, 91).
cost(13, 24, 89).
cost(13, 25, 31).
cost(13, 26, 32).
cost(13, 27, 27).
cost(13, 28, 41).
cost(13, 29, 31).
cost(13, 30, 28).
cost(14, 1, 78).
cost(14, 2, 89).
cost(14, 3, 79).
cost(14, 4, 72).
cost(14, 5, 63).
cost(14, 6, 76).
cost(14, 7, 59).
cost(14, 8, 47).
cost(14, 9, 49).
cost(14, 10, 63).
cost(14, 11, 61).
cost(14, 12, 49).
cost(14, 13, 9).
cost(14, 15, 10).
cost(14, 16, 2).
cost(14, 17, 9).
cost(14, 18, 8).
cost(14, 19, 93).
cost(14, 20, 95).
cost(14, 21, 95).
cost(14, 22, 97).
cost(14, 23, 97).
cost(14, 24, 95).
cost(14, 25, 39).
cost(14, 26, 41).
cost(14, 27, 34).
cost(14, 28, 50).
cost(14, 29, 40).
cost(14, 30, 36).
cost(15, 1, 86).
cost(15, 2, 97).
cost(15, 3, 87).
cost(15, 4, 79).
cost(15, 5, 71).
cost(15, 6, 84).
cost(15, 7, 59).
cost(15, 8, 48).
cost(15, 9, 52).
cost(15, 10, 65).
cost(15, 11, 61).
cost(15, 12, 49).
cost(15, 13, 18).
cost(15, 14, 10).
cost(15, 16, 8).
cost(15, 17, 2).
cost(15, 18, 2).
cost(15, 19, 95).
cost(15, 20, 96).
cost(15, 21, 97).
cost(15, 22, 97).
cost(15, 23, 98).
cost(15, 24, 95).
cost(15, 25, 49).
cost(15, 26, 50).
cost(15, 27, 44).
cost(15, 28, 59).
cost(15, 29, 48).
cost(15, 30, 46).
cost(16, 1, 78).
cost(16, 2, 89).
cost(16, 3, 79).
cost(16, 4, 72).
cost(16, 5, 63).
cost(16, 6, 76).
cost(16, 7, 57).
cost(16, 8, 45).
cost(16, 9, 48).
cost(16, 10, 62).
cost(16, 11, 59).
cost(16, 12, 47).
cost(16, 13, 10).
cost(16, 14, 2).
cost(16, 15, 8).
cost(16, 17, 7).
cost(16, 18, 7).
cost(16, 19, 92).
cost(16, 20, 94).
cost(16, 21, 94).
cost(16, 22, 95).
cost(16, 23, 95).
cost(16, 24, 93).
cost(16, 25, 41).
cost(16, 26, 42).
cost(16, 27, 36).
cost(16, 28, 51).
cost(16, 29, 40).
cost(16, 30, 37).
cost(17, 1, 85).
cost(17, 2, 95).
cost(17, 3, 86).
cost(17, 4, 78).
cost(17, 5, 69).
cost(17, 6, 83).
cost(17, 7, 58).
cost(17, 8, 47).
cost(17, 9, 51).
cost(17, 10, 64).
cost(17, 11, 60).
cost(17, 12, 47).
cost(17, 13, 17).
cost(17, 14, 9).
cost(17, 15, 2).
cost(17, 16, 7).
cost(17, 18, 3).
cost(17, 19, 94).
cost(17, 20, 94).
cost(17, 21, 96).
cost(17, 22, 96).
cost(17, 23, 96).
cost(17, 24, 94).
cost(17, 25, 48).
cost(17, 26, 49).
cost(17, 27, 43).
cost(17, 28, 58).
cost(17, 29, 47).
cost(17, 30, 44).
cost(18, 1, 86).
cost(18, 2, 97).
cost(18, 3, 87).
cost(18, 4, 79).
cost(18, 5, 71).
cost(18, 6, 84).
cost(18, 7, 60).
cost(18, 8, 49).
cost(18, 9, 53).
cost(18, 10, 66).
cost(18, 11, 62).
cost(18, 12, 50).
cost(18, 13, 17).
cost(18, 14, 8).
cost(18, 15, 2).
cost(18, 16, 7).
cost(18, 17, 3).
cost(18, 19, 96).
cost(18, 20, 97).
cost(18, 21, 98).
cost(18, 22, 98).
cost(18, 23, 99).
cost(18, 24, 97).
cost(18, 25, 48).
cost(18, 26, 49).
cost(18, 27, 42).
cost(18, 28, 58).
cost(18, 29, 48).
cost(18, 30, 44).
cost(19, 1, 74).
cost(19, 2, 66).
cost(19, 3, 74).
cost(19, 4, 64).
cost(19, 5, 66).
cost(19, 6, 73).
cost(19, 7, 37).
cost(19, 8, 47).
cost(19, 9, 46).
cost(19, 10, 30).
cost(19, 11, 36).
cost(19, 12, 47).
cost(19, 13, 87).
cost(19, 14, 93).
cost(19, 15, 95).
cost(19, 16, 92).
cost(19, 17, 94).
cost(19, 18, 96).
cost(19, 20, 12).
cost(19, 21, 6).
cost(19, 22, 12).
cost(19, 23, 5).
cost(19, 24, 6).
cost(19, 25, 92).
cost(19, 26, 80).
cost(19, 27, 96).
cost(19, 28, 89).
cost(19, 29, 75).
cost(19, 30, 94).
cost(20, 1, 85).
cost(20, 2, 78).
cost(20, 3, 85).
cost(20, 4, 74).
cost(20, 5, 75).
cost(20, 6, 84).
cost(20, 7, 37).
cost(20, 8, 48).
cost(20, 9, 51).
cost(20, 10, 33).
cost(20, 11, 35).
cost(20, 12, 47).
cost(20, 13, 90).
cost(20, 14, 95).
cost(20, 15, 96).
cost(20, 16, 94).
cost(20, 17, 94).
cost(20, 18, 97).
cost(20, 19, 12).
cost(20, 21, 18).
cost(20, 22, 1).
cost(20, 23, 8).
cost(20, 24, 6).
cost(20, 25, 98).
cost(20, 26, 87).
cost(20, 27, 102).
cost(20, 28, 97).
cost(20, 29, 82).
cost(20, 30, 100).
cost(21, 1, 71).
cost(21, 2, 62).
cost(21, 3, 71).
cost(21, 4, 61).
cost(21, 5, 63).
cost(21, 6, 70).
cost(21, 7, 40).
cost(21, 8, 50).
cost(21, 9, 47).
cost(21, 10, 32).
cost(21, 11, 40).
cost(21, 12, 50).
cost(21, 13, 88).
cost(21, 14, 95).
cost(21, 15, 97).
cost(21, 16, 94).
cost(21, 17, 96).
cost(21, 18, 98).
cost(21, 19, 6).
cost(21, 20, 18).
cost(21, 22, 17).
cost(21, 23, 10).
cost(21, 24, 12).
cost(21, 25, 91).
cost(21, 26, 79).
cost(21, 27, 96).
cost(21, 28, 87).
cost(21, 29, 74).
cost(21, 30, 93).
cost(22, 1, 85).
cost(22, 2, 78).
cost(22, 3, 85).
cost(22, 4, 74).
cost(22, 5, 76).
cost(22, 6, 84).
cost(22, 7, 38).
cost(22, 8, 49).
cost(22, 9, 52).
cost(22, 10, 34).
cost(22, 11, 36).
cost(22, 12, 48).
cost(22, 13, 91).
cost(22, 14, 97).
cost(22, 15, 97).
cost(22, 16, 95).
cost(22, 17, 96).
cost(22, 18, 98).
cost(22, 19, 12).
cost(22, 20, 1).
cost(22, 21, 17).
cost(22, 23, 8).
cost(22, 24, 5).
cost(22, 25, 99).
cost(22, 26, 88).
cost(22, 27, 103).
cost(22, 28, 97).
cost(22, 29, 83).
cost(22, 30, 101).
cost(23, 1, 79).
cost(23, 2, 71).
cost(23, 3, 79).
cost(23, 4, 69).
cost(23, 5, 71).
cost(23, 6, 78).
cost(23, 7, 39).
cost(23, 8, 50).
cost(23, 9, 50).
cost(23, 10, 33).
cost(23, 11, 38).
cost(23, 12, 49).
cost(23, 13, 91).
cost(23, 14, 97).
cost(23, 15, 98).
cost(23, 16, 95).
cost(23, 17, 96).
cost(23, 18, 99).
cost(23, 19, 5).
cost(23, 20, 8).
cost(23, 21, 10).
cost(23, 22, 8).
cost(23, 24, 3).
cost(23, 25, 96).
cost(23, 26, 84).
cost(23, 27, 100).
cost(23, 28, 93).
cost(23, 29, 79).
cost(23, 30, 98).
cost(24, 1, 80).
cost(24, 2, 73).
cost(24, 3, 80).
cost(24, 4, 69).
cost(24, 5, 71).
cost(24, 6, 79).
cost(24, 7, 37).
cost(24, 8, 48).
cost(24, 9, 48).
cost(24, 10, 31).
cost(24, 11, 35).
cost(24, 12, 47).
cost(24, 13, 89).
cost(24, 14, 95).
cost(24, 15, 95).
cost(24, 16, 93).
cost(24, 17, 94).
cost(24, 18, 97).
cost(24, 19, 6).
cost(24, 20, 6).
cost(24, 21, 12).
cost(24, 22, 5).
cost(24, 23, 3).
cost(24, 25, 95).
cost(24, 26, 84).
cost(24, 27, 99).
cost(24, 28, 93).
cost(24, 29, 79).
cost(24, 30, 97).
cost(25, 1, 46).
cost(25, 2, 60).
cost(25, 3, 46).
cost(25, 4, 44).
cost(25, 5, 36).
cost(25, 6, 44).
cost(25, 7, 68).
cost(25, 8, 58).
cost(25, 9, 49).
cost(25, 10, 66).
cost(25, 11, 71).
cost(25, 12, 62).
cost(25, 13, 31).
cost(25, 14, 39).
cost(25, 15, 49).
cost(25, 16, 41).
cost(25, 17, 48).
cost(25, 18, 48).
cost(25, 19, 92).
cost(25, 20, 98).
cost(25, 21, 91).
cost(25, 22, 99).
cost(25, 23, 96).
cost(25, 24, 95).
cost(25, 26, 12).
cost(25, 27, 8).
cost(25, 28, 12).
cost(25, 29, 17).
cost(25, 30, 4).
cost(26, 1, 38).
cost(26, 2, 51).
cost(26, 3, 38).
cost(26, 4, 34).
cost(26, 5, 25).
cost(26, 6, 36).
cost(26, 7, 57).
cost(26, 8, 48).
cost(26, 9, 38).
cost(26, 10, 55).
cost(26, 11, 61).
cost(26, 12, 53).
cost(26, 13, 32).
cost(26, 14, 41).
cost(26, 15, 50).
cost(26, 16, 42).
cost(26, 17, 49).
cost(26, 18, 49).
cost(26, 19, 80).
cost(26, 20, 87).
cost(26, 21, 79).
cost(26, 22, 88).
cost(26, 23, 84).
cost(26, 24, 84).
cost(26, 25, 12).
cost(26, 27, 18).
cost(26, 28, 12).
cost(26, 29, 5).
cost(26, 30, 15).
cost(27, 1, 53).
cost(27, 2, 68).
cost(27, 3, 54).
cost(27, 4, 51).
cost(27, 5, 43).
cost(27, 6, 51).
cost(27, 7, 70).
cost(27, 8, 59).
cost(27, 9, 52).
cost(27, 10, 70).
cost(27, 11, 73).
cost(27, 12, 63).
cost(27, 13, 27).
cost(27, 14, 34).
cost(27, 15, 44).
cost(27, 16, 36).
cost(27, 17, 43).
cost(27, 18, 42).
cost(27, 19, 96).
cost(27, 20, 102).
cost(27, 21, 96).
cost(27, 22, 103).
cost(27, 23, 100).
cost(27, 24, 99).
cost(27, 25, 8).
cost(27, 26, 18).
cost(27, 28, 19).
cost(27, 29, 22).
cost(27, 30, 3).
cost(28, 1, 35).
cost(28, 2, 50).
cost(28, 3, 36).
cost(28, 4, 35).
cost(28, 5, 27).
cost(28, 6, 33).
cost(28, 7, 69).
cost(28, 8, 60).
cost(28, 9, 49).
cost(28, 10, 66).
cost(28, 11, 73).
cost(28, 12, 65).
cost(28, 13, 41).
cost(28, 14, 50).
cost(28, 15, 59).
cost(28, 16, 51).
cost(28, 17, 58).
cost(28, 18, 58).
cost(28, 19, 89).
cost(28, 20, 97).
cost(28, 21, 87).
cost(28, 22, 97).
cost(28, 23, 93).
cost(28, 24, 93).
cost(28, 25, 12).
cost(28, 26, 12).
cost(28, 27, 19).
cost(28, 29, 17).
cost(28, 30, 16).
cost(29, 1, 38).
cost(29, 2, 50).
cost(29, 3, 39).
cost(29, 4, 32).
cost(29, 5, 24).
cost(29, 6, 36).
cost(29, 7, 52).
cost(29, 8, 43).
cost(29, 9, 32).
cost(29, 10, 50).
cost(29, 11, 56).
cost(29, 12, 48).
cost(29, 13, 31).
cost(29, 14, 40).
cost(29, 15, 48).
cost(29, 16, 40).
cost(29, 17, 47).
cost(29, 18, 48).
cost(29, 19, 75).
cost(29, 20, 82).
cost(29, 21, 74).
cost(29, 22, 83).
cost(29, 23, 79).
cost(29, 24, 79).
cost(29, 25, 17).
cost(29, 26, 5).
cost(29, 27, 22).
cost(29, 28, 17).
cost(29, 30, 19).
cost(30, 1, 50).
cost(30, 2, 64).
cost(30, 3, 51).
cost(30, 4, 48).
cost(30, 5, 39).
cost(30, 6, 48).
cost(30, 7, 68).
cost(30, 8, 58).
cost(30, 9, 50).
cost(30, 10, 68).
cost(30, 11, 72).
cost(30, 12, 62).
cost(30, 13, 28).
cost(30, 14, 36).
cost(30, 15, 46).
cost(30, 16, 37).
cost(30, 17, 44).
cost(30, 18, 44).
cost(30, 19, 94).
cost(30, 20, 100).
cost(30, 21, 93).
cost(30, 22, 101).
cost(30, 23, 98).
cost(30, 24, 97).
cost(30, 25, 4).
cost(30, 26, 15).
cost(30, 27, 3).
cost(30, 28, 16).
cost(30, 29, 19).
