dimension(30).
point(1, 32.5608848473, 48.45085513).
point(2, 32.0299280506, 21.6501194257).
point(3, 25.8412406745, 31.2482957899).
point(4, 21.6912195558, 44.4014953563).
point(5, 31.1250420172, 40.8887448385).
point(6, 35.4826570264, 35.6169117239).
point(7, 63.7195922224, 54.5045660396).
point(8, 60.3064987222, 59.1017389775).
point(9, 71.9219809963, 50.5150681254).
point(10, 82.1461036564, 52.4452023217).
point(11, 67.229629421, 53.4813943042).
point(12, 68.8435924882, 43.0811536403).
point(13, 16.3734340333, 79.1176787963).
point(14, 3.3443739344, 84.6485382034).
point(15, 22.0212030656, 63.5706456839).
point(16, 9.2557911022, 62.1164015336).
point(17, 12.1241920867, 73.8451926952).
point(18, 15.0192189355, 71.0965522346).
point(19, 97.9298363626, 85.7457106328).
point(20, 97.2514657893, 89.5520456513).
point(21, 96.4931174794, 91.530061766).
point(22, 97.7138838941, 81.0622872727).
point(23, 94.715952779, 86.928065861).
point(24, 99.2114544571, 85.4629790379).
point(25, 47.2042885905, 0.6436606314).
point(26, 44.1172110661, 12.027349504).
point(27, 46.0042346078, 8.8928372688).
point(28, 52.346767587, 14.7123297047).
point(29, 48.7215641094, 16.7497845242).
point(30, 48.7625564949, 6.2073170764).
cost(1, 2, 27).
cost(1, 3, 18).
cost(1, 4, 12).
cost(1, 5, 8).
cost(1, 6, 13).
cost(1, 7, 32).
cost(1, 8, 30).
cost(1, 9, 39).
cost(1, 10, 50).
cost(1, 11, 35).
cost(1, 12, 37).
cost(1, 13, 35).
cost(1, 14, 47).
cost(1, 15, 18).
cost(1, 16, 27).
cost(1, 17, 33).
cost(1, 18, 29).
cost(1, 19, 75).
cost(1, 20, 77).
cost(1, 21, 77).
cost(1, 22, 73).
cost(1, 23, 73).
cost(1, 24, 76).
cost(1, 25, 50).
cost(1, 26, 38).
cost(1, 27, 42).
cost(1, 28, 39).
cost(1, 29, 36).
cost(1, 30, 45).
cost(2, 1, 27).
cost(2, 3, 11).
cost(2, 4, 25).
cost(2, 5, 19).
cost(2, 6, 14).
cost(2, 7, 46).
cost(2, 8, 47).
cost(2, 9, 49).
cost(2, 10, 59).
cost(2, 11, 47).
cost(2, 12, 43).
cost(2, 13, 60).
cost(2, 14, 69).
cost(2, 15, 43).
cost(2, 16, 46).
cost(2, 17, 56).
cost(2, 18, 52).
cost(2, 19, 92).
cost(2, 20, 94).
cost(2, 21, 95).
cost(2, 22, 89).
cost(2, 23, 91).
cost(2, 24, 93).
cost(2, 25, 26).
cost(2, 26, 15).
cost(2, 27, 19).
cost(2, 28, 21).
cost(2, 29, 17).
cost(2, 30, 23).
cost(3, 1, 18).
cost(3, 2, 11).
cost(3, 4, 14).
cost(3, 5, 11).
cost(3, 6, 11).
cost(3, 7, 44).
cost(3, 8, 44).
cost(3, 9, 50).
cost(3, 10, 60).
cost(3, 11, 47).
cost(3, 12, 45).
cost(3, 13, 49).
cost(3, 14, 58).
cost(3, 15, 33).
cost(3, 16, 35).
cost(3, 17, 45).
cost(3, 18, 41).
cost(3, 19, 90).
cost(3, 20, 92).
cost(3, 21, 93).
cost(3, 22, 87).
cost(3, 23, 89).
cost(3, 24, 91).
cost(3, 25, 37).
cost(3, 26, 27).
cost(3, 27, 30).
cost(3, 28, 31).
cost(3, 29, 27).
cost(3, 30, 34).
cost(4, 1, 12).
cost(4, 2, 25).
cost(4, 3, 14).
cost(4, 5, 10).
cost(4, 6, 16).
cost(4, 7, 43).
cost(4, 8, 41).
cost(4, 9, 51).
cost(4, 10, 61).
cost(4, 11, 46).
cost(4, 12, 47).
cost(4, 13, 35).
cost(4, 14, 44).
cost(4, 15, 19).
cost(4, 16, 22).
cost(4, 17, 31).
cost(4, 18, 28).
cost(4, 19, 87).
cost(4, 20, 88).
cost(4, 21, 88).
cost(4, 22, 84).
cost(4, 23, 85).
cost(4, 24, 88).
cost(4, 25, 51).
cost(4, 26, 39).
cost(4, 27, 43).
cost(4, 28, 43).
cost(4, 29, 39).
cost(4, 30, 47).
cost(5, 1, 8).
cost(5, 2, 19).
cost(5, 3, 11).
cost(5, 4, 10).
cost(5, 6, 7).
cost(5, 7, 35).
cost(5, 8, 34).
cost(5, 9, 42).
cost(5, 10, 52).
cost(5, 11, 38).
cost(5, 12, 38).
cost(5, 13, 41).
cost(5, 14, 52).
cost(5, 15, 24).
cost(5, 16, 30).
cost(5, 17, 38).
cost(5, 18, 34).
cost(5, 19, 80).
cost(5, 20, 82).
cost(5, 21, 83).
cost(5, 22, 78).
cost(5, 23, 79).
cost(5, 24, 81).
cost(5, 25, 43).
cost(5, 26, 32).
cost(5, 27, 35).
cost(5, 28, 34).
cost(5, 29, 30).
cost(5, 30, 39).
cost(6, 1, 13).
cost(6, 2, 14).
cost(6, 3, 11).
cost(6, 4, 16).
cost(6, 5, 7).
cost(6, 7, 34).
cost(6, 8, 34).
cost(6, 9, 39).
cost(6, 10, 50).
cost(6, 11, 36).
cost(6, 12, 34).
cost(6, 13, 48).
cost(6, 14, 59).
cost(6, 15, 31).
cost(6, 16, 37).
cost(6, 17, 45).
cost(6, 18, 41).
cost(6, 19, 80).
cost(6, 20, 82).
cost(6, 21, 83).
cost(6, 22, 77).
cost(6, 23, 78).
cost(6, 24, 81).
cost(6, 25, 37).
cost(6, 26, 25).
cost(6, 27, 29).
cost(6, 28, 27).
cost(6, 29, 23).
cost(6, 30, 32).
cost(7, 1, 32).
cost(7, 2, 46).
cost(7, 3, 44).
cost(7, 4, 43).
cost(7, 5, 35).
cost(7, 6, 34).
cost(7, 8, 6).
cost(7, 9, 9).
cost(7, 10, 19).
cost(7, 11, 4).
cost(7, 12, 13).
cost(7, 13, 53).
cost(7, 14, 67).
cost(7, 15, 43).
cost(7, 16, 55).
cost(7, 17, 55).
cost(7, 18, 51).
cost(7, 19, 46).
cost(7, 20, 49).
cost(7, 21, 49).
cost(7, 22, 43).
cost(7, 23, 45).
cost(7, 24, 47).
cost(7, 25, 56).
cost(7, 26, 47).
cost(7, 27, 49).
cost(7, 28, 41).
cost(7, 29, 41).
cost(7, 30, 51).
cost(8, 1, 30).
cost(8, 2, 47).
cost(8, 3, 44).
cost(8, 4, 41).
cost(8, 5, 34).
cost(8, 6, 34).
cost(8, 7, 6).
cost(8, 9, 14).
cost(8, 10, 23).
cost(8, 11, 9).
cost(8, 12, 18).
cost(8, 13, 48).
cost(8, 14, 62).
cost(8, 15, 39).
cost(8, 16, 51).
cost(8, 17, 50).
cost(8, 18, 47).
cost(8, 19, 46).
cost(8, 20, 48).
cost(8, 21, 49).
cost(8, 22, 43).
cost(8, 23, 44).
cost(8, 24, 47).
cost(8, 25, 60).
cost(8, 26, 50).
cost(8, 27, 52).
cost(8, 28, 45).
cost(8, 29, 44).
cost(8, 30, 54).
cost(9, 1, 39).
cost(9, 2, 49).
cost(9, 3, 50).
cost(9, 4, 51).
cost(9, 5, 42).
cost(9, 6, 39).
cost(9, 7, 9).
cost(9, 8, 14).
cost(9, 10, 10).
cost(9, 11, 6).
cost(9, 12, 8).
cost(9, 13, 62).
cost(9, 14, 77).
cost(9, 15, 52).
cost(9, 16, 64).
cost(9, 17, 64).
cost(9, 18, 61).
cost(9, 19, 44).
cost(9, 20, 47).
cost(9, 21, 48).
cost(9, 22, 40).
cost(9, 23, 43).
cost(9, 24, 44).
cost(9, 25, 56).
cost(9, 26, 47).
cost(9, 27, 49).
cost(9, 28, 41).
cost(9, 29, 41).
cost(9, 30, 50).
cost(10, 1, 50).
cost(10, 2, 59).
cost(10, 3, 60).
cost(10, 4, 61).
cost(10, 5, 52).
cost(10, 6, 50).
cost(10, 7, 19).
cost(10, 8, 23).
cost(10, 9, 10).
cost(10, 11, 15).
cost(10, 12, 16).
cost(10, 13, 71).
cost(10, 14, 85).
cost(10, 15, 61).
cost(10, 16, 74).
cost(10, 17, 73).
cost(10, 18, 70).
cost(10, 19, 37).
cost(10, 20, 40).
cost(10, 21, 42).
cost(10, 22, 33).
cost(10, 23, 37).
cost(10, 24, 37).
cost(10, 25, 62).
cost(10, 26, 55).
cost(10, 27, 57).
cost(10, 28, 48).
cost(10, 29, 49).
cost(10, 30, 57).
cost(11, 1, 35).
cost(11, 2, 47).
cost(11, 3, 47).
cost(11, 4, 46).
cost(11, 5, 38).
cost(11, 6, 36).
cost(11, 7, 4).
cost(11, 8, 9).
cost(11, 9, 6).
cost(11, 10, 15).
cost(11, 12, 11).
cost(11, 13, 57).
cost(11, 14, 71).
cost(11, 15, 46).
cost(11, 16, 59).
cost(11, 17, 59).
cost(11, 18, 55).
cost(11, 19, 45).
cost(11, 20, 47).
cost(11, 21, 48).
cost(11, 22, 41).
cost(11, 23, 43).
cost(11, 24, 45).
cost(11, 25, 57).
cost(11, 26, 47).
cost(11, 27, 49).
cost(11, 28, 42).
cost(11, 29, 41).
cost(11, 30, 51).
cost(12, 1, 37).
cost(12, 2, 43).
cost(12, 3, 45).
cost(12, 4, 47).
cost(12, 5, 38).
cost(12, 6, 34).
cost(12, 7, 13).
cost(12, 8, 18).
cost(12, 9, 8).
cost(12, 10, 16).
cost(12, 11, 11).
cost(12, 13, 64).
cost(12, 14, 78).
cost(12, 15, 51).
cost(12, 16, 63).
cost(12, 17, 65).
cost(12, 18, 61).
cost(12, 19, 52).
cost(12, 20, 54).
cost(12, 21, 56).
cost(12, 22, 48).
cost(12, 23, 51).
cost(12, 24, 52).
cost(12, 25, 48).
cost(12, 26, 40).
cost(12, 27, 41).
cost(12, 28, 33).
cost(12, 29, 33).
cost(12, 30, 42).
cost(13, 1, 35).
cost(13, 2, 60).
cost(13, 3, 49).
cost(13, 4, 35).
cost(13, 5, 41).
cost(13, 6, 48).
cost(13, 7, 53).
cost(13, 8, 48).
cost(13, 9, 62).
cost(13, 10, 71).
cost(13, 11, 57).
cost(13, 12, 64).
cost(13, 14, 14).
cost(13, 15, 17).
cost(13, 16, 18).
cost(13, 17, 7).
cost(13, 18, 8).
cost(13, 19, 82).
cost(13, 20, 82).
cost(13, 21, 81).
cost(13, 22, 81).
cost(13, 23, 79).
cost(13, 24, 83).
cost(13, 25, 84).
cost(13, 26, 73).
cost(13, 27, 76).
cost(13, 28, 74).
cost(13, 29, 70).
cost(13, 30, 80).
cost(14, 1, 47).
cost(14, 2, 69).
cost(14, 3, 58).
cost(14, 4, 44).
cost(14, 5, 52).
cost(14, 6, 59).
cost(14, 7, 67).
cost(14, 8, 62).
cost(14, 9, 77).
cost(14, 10, 85).
cost(14, 11, 71).
cost(14, 12, 78).
cost(14, 13, 14).
cost(14, 15, 28).
cost(14, 16, 23).
cost(14, 17, 14).
cost(14, 18, 18).
cost(14, 19, 95).
cost(14, 20, 94).
cost(14, 21, 93).
cost(14, 22, 94).
cost(14, 23, 91).
cost(14, 24, 96).
cost(14, 25, 95).
cost(14, 26, 83).
cost(14, 27, 87).
cost(14, 28, 85).
cost(14, 29, 82).
cost(14, 30, 91).
cost(15, 1, 18).
cost(15, 2, 43).
cost(15, 3, 33).
cost(15, 4, 19).
cost(15, 5, 24).
cost(15, 6, 31).
cost(15, 7, 43).
cost(15, 8, 39).
cost(15, 9, 52).
cost(15, 10, 61).
cost(15, 11, 46).
cost(15, 12, 51).
cost(15, 13, 17).
cost(15, 14, 28).
cost(15, 16, 13).
cost(15, 17, 14).
cost(15, 18, 10).
cost(15, 19, 79).
cost(15, 20, 80).
cost(15, 21, 80).
cost(15, 22, 78).
cost(15, 23, 76).
cost(15, 24, 80).
cost(15, 25, 68).
cost(15, 26, 56).
cost(15, 27, 60).
cost(15, 28, 58).
cost(15, 29, 54).
cost(15, 30, 63).
cost(16, 1, 27).
cost(16, 2, 46).
cost(16, 3, 35).
cost(16, 4, 22).
cost(16, 5, 30).
cost(16, 6, 37).
cost(16, 7, 55).
cost(16, 8, 51).
cost(16, 9, 64).
cost(16, 10, 74).
cost(16, 11, 59).
cost(16, 12, 63).
cost(16, 13, 18).
cost(16, 14, 23).
cost(16, 15, 13).
cost(16, 17, 12).
cost(16, 18, 11).
cost(16, 19, 92).
cost(16, 20, 92).
cost(16, 21, 92).
cost(16, 22, 90).
cost(16, 23, 89).
cost(16, 24, 93).
cost(16, 25, 72).
cost(16, 26, 61).
cost(16, 27, 65).
cost(16, 28, 64).
cost(16, 29, 60).
cost(16, 30, 68).
cost(17, 1, 33).
cost(17, 2, 56).
cost(17, 3, 45).
cost(17, 4, 31).
cost(17, 5, 38).
cost(17, 6, 45).
cost(17, 7, 55).
cost(17, 8, 50).
cost(17, 9, 64).
cost(17, 10, 73).
cost(17, 11, 59).
cost(17, 12, 65).
cost(17, 13, 7).
cost(17, 14, 14).
cost(17, 15, 14).
cost(17, 16, 12).
cost(17, 18, 4).
cost(17, 19, 87).
cost(17, 20, 87).
cost(17, 21, 86).
cost(17, 22, 86).
cost(17, 23, 84).
cost(17, 24, 88).
cost(17, 25, 81).
cost(17, 26, 70).
cost(17, 27, 73).
cost(17, 28, 72).
cost(17, 29, 68).
cost(17, 30, 77).
cost(18, 1, 29).
cost(18, 2, 52).
cost(18, 3, 41).
cost(18, 4, 28).
cost(18, 5, 34).
cost(18, 6, 41).
cost(18, 7, 51).
cost(18, 8, 47).
cost(18, 9, 61).
cost(18, 10, 70).
cost(18, 11, 55).
cost(18, 12, 61).
cost(18, 13, 8).
cost(18, 14, 18).
cost(18, 15, 10).
cost(18, 16, 11).
cost(18, 17, 4).
cost(18, 19, 84).
cost(18, 20, 84).
cost(18, 21, 84).
cost(18, 22, 83).
cost(18, 23, 81).
cost(18, 24, 85).
cost(18, 25, 77).
cost(18, 26, 66).
cost(18, 27, 69).
cost(18, 28, 68).
cost(18, 29, 64).
cost(18, 30, 73).
cost(19, 1, 75).
cost(19, 2, 92).
cost(19, 3, 90).
cost(19, 4, 87).
cost(19, 5, 80).
cost(19, 6, 80).
cost(19, 7, 46).
cost(19, 8, 46).
cost(19, 9, 44).
cost(19, 10, 37).
cost(19, 11, 45).
cost(19, 12, 52).
cost(19, 13, 82).
cost(19, 14, 95).
cost(19, 15, 79).
cost(19, 16, 92).
cost(19, 17, 87).
cost(19, 18, 84).
cost(19, 20, 4).
cost(19, 21, 6).
cost(19, 22, 5).
cost(19, 23, 3).
cost(19, 24, 1).
cost(19, 25, 99).
cost(19, 26, 91).
cost(19, 27, 93).
cost(19, 28, 84).
cost(19, 29, 85).
cost(19, 30, 94).
cost(20, 1, 77).
cost(20, 2, 94).
cost(20, 3, 92).
cost(20, 4, 88).
cost(20, 5, 82).
cost(20, 6, 82).
cost(20, 7, 49).
cost(20, 8, 48).
cost(20, 9, 47).
cost(20, 10, 40).
cost(20, 11, 47).
cost(20, 12, 54).
cost(20, 13, 82).
cost(20, 14, 94).
cost(20, 15, 80).
cost(20, 16, 92).
cost(20, 17, 87).
cost(20, 18, 84).
cost(20, 19, 4).
cost(20, 21, 2).
cost(20, 22, 9).
cost(20, 23, 4).
cost(20, 24, 5).
cost(20, 25, 102).
cost(20, 26, 94).
cost(20, 27, 96).
cost(20, 28, 87).
cost(20, 29, 87).
cost(20, 30, 96).
cost(21, 1, 77).
cost(21, 2, 95).
cost(21, 3, 93).
cost(21, 4, 88).
cost(21, 5, 83).
cost(21, 6, 83).
cost(21, 7, 49).
cost(21, 8, 49).
cost(21, 9, 48).
cost(21, 10, 42).
cost(21, 11, 48).
cost(21, 12, 56).
cost(21, 13, 81).
cost(21, 14, 93).
cost(21, 15, 80).
cost(21, 16, 92).
cost(21, 17, 86).
cost(21, 18, 84).
cost(21, 19, 6).
cost(21, 20, 2).
cost(21, 22, 11).
cost(21, 23, 5).
cost(21, 24, 7).
cost(21, 25, 103).
cost(21, 26, 95).
cost(21, 27, 97).
cost(21, 28, 89).
cost(21, 29, 89).
cost(21, 30, 98).
cost(22, 1, 73).
cost(22, 2, 89).
cost(22, 3, 87).
cost(22, 4, 84).
cost(22, 5, 78).
cost(22, 6, 77).
cost(22, 7, 43).
cost(22, 8, 43).
cost(22, 9, 40).
cost(22, 10, 33).
cost(22, 11, 41).
cost(22, 12, 48).
cost(22, 13, 81).
cost(22, 14, 94).
cost(22, 15, 78).
cost(22, 16, 90).
cost(22, 17, 86).
cost(22, 18, 83).
cost(22, 19, 5).
cost(22, 20, 9).
cost(22, 21, 11).
cost(22, 23, 7).
cost(22, 24, 5).
cost(22, 25, 95).
cost(22, 26, 87).
cost(22, 27, 89).
cost(22, 28, 80).
cost(22, 29, 81).
cost(22, 30, 89).
cost(23, 1, 73).
cost(23, 2, 91).
cost(23, 3, 89).
cost(23, 4, 85).
cost(23, 5, 79).
cost(23, 6, 78).
cost(23, 7, 45).
cost(23, 8, 44).
cost(23, 9, 43).
cost(23, 10, 37).
cost(23, 11, 43).
cost(23, 12, 51).
cost(23, 13, 79).
cost(23, 14, 91).
cost(23, 15, 76).
cost(23, 16, 89).
cost(23, 17, 84).
cost(23, 18, 81).
cost(23, 19, 3).
cost(23, 20, 4).
cost(23, 21, 5).
cost(23, 22, 7).
cost(23, 24, 5).
cost(23, 25, 99).
cost(23, 26, 90).
cost(23, 27, 92).
cost(23, 28, 84).
cost(23, 29, 84).
cost(23, 30, 93).
cost(24, 1, 76).
cost(24, 2, 93).
cost(24, 3, 91).
cost(24, 4, 88).
cost(24, 5, 81).
cost(24, 6, 81).
cost(24, 7, 47).
cost(24, 8, 47).
cost(24, 9, 44).
cost(24, 10, 37).
cost(24, 11, 45).
cost(24, 12, 52).
cost(24, 13, 83).
cost(24, 14, 96).
cost(24, 15, 80).
cost(24, 16, 93).
cost(24, 17, 88).
cost(24, 18, 85).
cost(24, 19, 1).
cost(24, 20, 5).
cost(24, 21, 7).
cost(24, 22, 5).
cost(24, 23, 5).
cost(24, 25, 99).
cost(24, 26, 92).
cost(24, 27, 93).
cost(24, 28, 85).
cost(24, 29, 85).
cost(24, 30, 94).
cost(25, 1, 50).
cost(25, 2, 26).
cost(25, 3, 37).
cost(25, 4, 51).
cost(25, 5, 43).
cost(25, 6, 37).
cost(25, 7, 56).
cost(25, 8, 60).
cost(25, 9, 56).
cost(25, 10, 62).
cost(25, 11, 57).
cost(25, 12, 48).
cost(25, 13, 84).
cost(25, 14, 95).
cost(25, 15, 68).
cost(25, 16, 72).
cost(25, 17, 81).
cost(25, 18, 77).
cost(25, 19, 99).
cost(25, 20, 102).
cost(25, 21, 103).
cost(25, 22, 95).
cost(25, 23, 99).
cost(25, 24, 99).
cost(25, 26, 12).
cost(25, 27, 8).
cost(25, 28, 15).
cost(25, 29, 16).
cost(25, 30, 6).
cost(26, 1, 38).
cost(26, 2, 15).
cost(26, 3, 27).
cost(26, 4, 39).
cost(26, 5, 32).
cost(26, 6, 25).
cost(26, 7, 47).
cost(26, 8, 50).
cost(26, 9, 47).
cost(26, 10, 55).
cost(26, 11, 47).
cost(26, 12, 40).
cost(26, 13, 73).
cost(26, 14, 83).
cost(26, 15, 56).
cost(26, 16, 61).
cost(26, 17, 70).
cost(26, 18, 66).
cost(26, 19, 91).
cost(26, 20, 94).
cost(26, 21, 95).
cost(26, 22, 87).
cost(26, 23, 90).
cost(26, 24, 92).
cost(26, 25, 12).
cost(26, 27, 4).
cost(26, 28, 9).
cost(26, 29, 7).
cost(26, 30, 7).
cost(27, 1, 42).
cost(27, 2, 19).
cost(27, 3, 30).
cost(27, 4, 43).
cost(27, 5, 35).
cost(27, 6, 29).
cost(27, 7, 49).
cost(27, 8, 52).
cost(27, 9, 49).
cost(27, 10, 57).
cost(27, 11, 49).
cost(27, 12, 41).
cost(27, 13, 76).
cost(27, 14, 87).
cost(27, 15, 60).
cost(27, 16, 65).
cost(27, 17, 73).
cost(27, 18, 69).
cost(27, 19, 93).
cost(27, 20, 96).
cost(27, 21, 97).
cost(27, 22, 89).
cost(27, 23, 92).
cost(27, 24, 93).
cost(27, 25, 8).
cost(27, 26, 4).
cost(27, 28, 9).
cost(27, 29, 8).
cost(27, 30, 4).
cost(28, 1, 39).
cost(28, 2, 21).
cost(28, 3, 31).
cost(28, 4, 43).
cost(28, 5, 34).
cost(28, 6, 27).
cost(28, 7, 41).
cost(28, 8, 45).
cost(28, 9, 41).
cost(28, 10, 48).
cost(28, 11, 42).
cost(28, 12, 33).
cost(28, 13, 74).
cost(28, 14, 85).
cost(28, 15, 58).
cost(28, 16, 64).
cost(28, 17, 72).
cost(28, 18, 68).
cost(28, 19, 84).
cost(28, 20, 87).
cost(28, 21, 89).
cost(28, 22, 80).
cost(28, 23, 84).
cost(28, 24, 85).
cost(28, 25, 15).
cost(28, 26, 9).
cost(28, 27, 9).
cost(28, 29, 4).
cost(28, 30, 9).
cost(29, 1, 36).
cost(29, 2, 17).
cost(29, 3, 27).
cost(29, 4, 39).
cost(29, 5, 30).
cost(29, 6, 23).
cost(29, 7, 41).
cost(29, 8, 44).
cost(29, 9, 41).
cost(29, 10, 49).
cost(29, 11, 41).
cost(29, 12, 33).
cost(29, 13, 70).
cost(29, 14, 82).
cost(29, 15, 54).
cost(29, 16, 60).
cost(29, 17, 68).
cost(29, 18, 64).
cost(29, 19, 85).
cost(29, 20, 87).
cost(29, 21, 89).
cost(29, 22, 81).
cost(29, 23, 84).
cost(29, 24, 85).
cost(29, 25, 16).
cost(29, 26, 7).
cost(29, 27, 8).
cost(29, 28, 4).
cost(29, 30, 11).
cost(30, 1, 45).
cost(30, 2, 23).
cost(30, 3, 34).
cost(30, 4, 47).
cost(30, 5, 39).
cost(30, 6, 32).
cost(30, 7, 51).
cost(30, 8, 54).
cost(30, 9, 50).
cost(30, 10, 57).
cost(30, 11, 51).
cost(30, 12, 42).
cost(30, 13, 80).
cost(30, 14, 91).
cost(30, 15, 63).
cost(30, 16, 68).
cost(30, 17, 77).
cost(30, 18, 73).
cost(30, 19, 94).
cost(30, 20, 96).
cost(30, 21, 98).
cost(30, 22, 89).
cost(30, 23, 93).
cost(30, 24, 94).
cost(30, 25, 6).
cost(30, 26, 7).
cost(30, 27, 4).
cost(30, 28, 9).
cost(30, 29, 11).
