dimension(30).
point(1, 66.972482044, 72.5558705091).
point(2, 67.6286162974, 62.2194592234).
point(3, 62.3865610067, 58.9973968749).
point(4, 54.5970359377, 54.3014064572).
point(5, 66.1946224346, 61.7811308489).
point(6, 59.3617514951, 74.4416731501).
point(7, 35.2465520447, 54.0149111215).
point(8, 33.2726137922, 49.5776080475).
point(9, 28.6017101917, 52.6128007624).
point(10, 38.2349957685, 51.9753051642).
point(11, 32.5351540394, 58.2128416723).
point(12, 37.1707082132, 53.8355868035).
point(13, 51.4199756048, 9.1643583103).
point(14, 40.4924409114, 20.4612591081).
point(15, 36.641098708, 7.2205656451).
point(16, 42.2854579024, 13.3224797871).
point(17, 42.3705767566, 10.9549377186).
point(18, 50.4172881387, 19.9659718107).
point(19, 89.309320092, 19.2157979981).
point(20, 85.328141496, 21.2088174792).
point(21, 76.3365351452, 26.2380396855).
point(22, 87.8898190556, 34.2015777754).
point(23, 93.1591572648, 35.0812900718).
point(24, 88.0194722938, 27.423191912).
point(25, 11.3813197667, 92.0167711038).
point(26, 3.1469454414, 93.085103894).
point(27, 12.7574691201, 99.636942706).
point(28, 17.4521919184, 98.0360784693).
point(29, 11.6289362987, 93.8652062188).
point(30, 8.7153845291, 96.1669322526).
cost(1, 2, 10).
cost(1, 3, 14).
cost(1, 4, 22).
cost(1, 5, 11).
cost(1, 6, 8).
cost(1, 7, 37).
cost(1, 8, 41).
cost(1, 9, 43).
cost(1, 10, 35).
cost(1, 11, 37).
cost(1, 12, 35).
cost(1, 13, 65).
cost(1, 14, 58).
cost(1, 15, 72).
cost(1, 16, 64).
cost(1, 17, 66).
cost(1, 18, 55).
cost(1, 19, 58).
cost(1, 20, 55).
cost(1, 21, 47).
cost(1, 22, 44).
cost(1, 23, 46).
cost(1, 24, 50).
cost(1, 25, 59).
cost(1, 26, 67).
cost(1, 27, 61).
cost(1, 28, 56).
cost(1, 29, 59).
cost(1, 30, 63).
cost(2, 1, 10).
cost(2, 3, 6).
cost(2, 4, 15).
cost(2, 5, 1).
cost(2, 6, 15).
cost(2, 7, 33).
cost(2, 8, 37).
cost(2, 9, 40).
cost(2, 10, 31).
cost(2, 11, 35).
cost(2, 12, 32).
cost(2, 13, 55).
cost(2, 14, 50).
cost(2, 15, 63).
cost(2, 16, 55).
cost(2, 17, 57).
cost(2, 18, 46).
cost(2, 19, 48).
cost(2, 20, 45).
cost(2, 21, 37).
cost(2, 22, 35).
cost(2, 23, 37).
cost(2, 24, 40).
cost(2, 25, 64).
cost(2, 26, 71).
cost(2, 27, 66).
cost(2, 28, 62).
cost(2, 29, 64).
cost(2, 30, 68).
cost(3, 1, 14).
cost(3, 2, 6).
cost(3, 4, 9).
cost(3, 5, 5).
cost(3, 6, 16).
cost(3, 7, 28).
cost(3, 8, 31).
cost(3, 9, 34).
cost(3, 10, 25).
cost(3, 11, 30).
cost(3, 12, 26).
cost(3, 13, 51).
cost(3, 14, 44).
cost(3, 15, 58).
cost(3, 16, 50).
cost(3, 17, 52).
cost(3, 18, 41).
cost(3, 19, 48).
cost(3, 20, 44).
cost(3, 21, 36).
cost(3, 22, 36).
cost(3, 23, 39).
cost(3, 24, 41).
cost(3, 25, 61).
cost(3, 26, 68).
cost(3, 27, 64).
cost(3, 28, 60).
cost(3, 29, 62).
cost(3, 30, 65).
cost(4, 1, 22).
cost(4, 2, 15).
cost(4, 3, 9).
cost(4, 5, 14).
cost(4, 6, 21).
cost(4, 7, 19).
cost(4, 8, 22).
cost(4, 9, 26).
cost(4, 10, 17).
cost(4, 11, 22).
cost(4, 12, 17).
cost(4, 13, 45).
cost(4, 14, 37).
cost(4, 15, 50).
cost(4, 16, 43).
cost(4, 17, 45).
cost(4, 18, 35).
cost(4, 19, 49).
cost(4, 20, 45).
cost(4, 21, 35).
cost(4, 22, 39).
cost(4, 23, 43).
cost(4, 24, 43).
cost(4, 25, 57).
cost(4, 26, 64).
cost(4, 27, 62).
cost(4, 28, 57).
cost(4, 29, 58).
cost(4, 30, 62).
cost(5, 1, 11).
cost(5, 2, 1).
cost(5, 3, 5).
cost(5, 4, 14).
cost(5, 6, 14).
cost(5, 7, 32).
cost(5, 8, 35).
cost(5, 9, 39).
cost(5, 10, 30).
cost(5, 11, 34).
cost(5, 12, 30).
cost(5, 13, 55).
cost(5, 14, 49).
cost(5, 15, 62).
cost(5, 16, 54).
cost(5, 17, 56).
cost(5, 18, 45).
cost(5, 19, 48).
cost(5, 20, 45).
cost(5, 21, 37).
cost(5, 22, 35).
cost(5, 23, 38).
cost(5, 24, 41).
cost(5, 25, 63).
cost(5, 26, 70).
cost(5, 27, 65).
cost(5, 28, 61).
cost(5, 29, 63).
cost(5, 30, 67).
cost(6, 1, 8).
cost(6, 2, 15).
cost(6, 3, 16).
cost(6, 4, 21).
cost(6, 5, 14).
cost(6, 7, 32).
cost(6, 8, 36).
cost(6, 9, 38).
cost(6, 10, 31).
cost(6, 11, 31).
cost(6, 12, 30).
cost(6, 13, 66).
cost(6, 14, 57).
cost(6, 15, 71).
cost(6, 16, 63).
cost(6, 17, 66).
cost(6, 18, 55).
cost(6, 19, 63).
cost(6, 20, 59).
cost(6, 21, 51).
cost(6, 22, 49).
cost(6, 23, 52).
cost(6, 24, 55).
cost(6, 25, 51).
cost(6, 26, 59).
cost(6, 27, 53).
cost(6, 28, 48).
cost(6, 29, 52).
cost(6, 30, 55).
cost(7, 1, 37).
cost(7, 2, 33).
cost(7, 3, 28).
cost(7, 4, 19).
cost(7, 5, 32).
cost(7, 6, 32).
cost(7, 8, 5).
cost(7, 9, 7).
cost(7, 10, 4).
cost(7, 11, 5).
cost(7, 12, 2).
cost(7, 13, 48).
cost(7, 14, 34).
cost(7, 15, 47).
cost(7, 16, 41).
cost(7, 17, 44).
cost(7, 18, 37).
cost(7, 19, 64).
cost(7, 20, 60).
cost(7, 21, 50).
cost(7, 22, 56).
cost(7, 23, 61).
cost(7, 24, 59).
cost(7, 25, 45).
cost(7, 26, 51).
cost(7, 27, 51).
cost(7, 28, 47).
cost(7, 29, 46).
cost(7, 30, 50).
cost(8, 1, 41).
cost(8, 2, 37).
cost(8, 3, 31).
cost(8, 4, 22).
cost(8, 5, 35).
cost(8, 6, 36).
cost(8, 7, 5).
cost(8, 9, 6).
cost(8, 10, 6).
cost(8, 11, 9).
cost(8, 12, 6).
cost(8, 13, 44).
cost(8, 14, 30).
cost(8, 15, 42).
cost(8, 16, 37).
cost(8, 17, 40).
cost(8, 18, 34).
cost(8, 19, 64).
cost(8, 20, 59).
cost(8, 21, 49).
cost(8, 22, 57).
cost(8, 23, 62).
cost(8, 24, 59).
cost(8, 25, 48).
cost(8, 26, 53).
cost(8, 27, 54).
cost(8, 28, 51).
cost(8, 29, 49).
cost(8, 30, 53).
cost(9, 1, 43).
cost(9, 2, 40).
cost(9, 3, 34).
cost(9, 4, 26).
cost(9, 5, 39).
cost(9, 6, 38).
cost(9, 7, 7).
cost(9, 8, 6).
cost(9, 10, 10).
cost(9, 11, 7).
cost(9, 12, 9).
cost(9, 13, 49).
cost(9, 14, 34).
cost(9, 15, 46).
cost(9, 16, 42).
cost(9, 17, 44).
cost(9, 18, 39).
cost(9, 19, 69).
cost(9, 20, 65).
cost(9, 21, 55).
cost(9, 22, 62).
cost(9, 23, 67).
cost(9, 24, 65).
cost(9, 25, 43).
cost(9, 26, 48).
cost(9, 27, 50).
cost(9, 28, 47).
cost(9, 29, 45).
cost(9, 30, 48).
cost(10, 1, 35).
cost(10, 2, 31).
cost(10, 3, 25).
cost(10, 4, 17).
cost(10, 5, 30).
cost(10, 6, 31).
cost(10, 7, 4).
cost(10, 8, 6).
cost(10, 9, 10).
cost(10, 11, 8).
cost(10, 12, 2).
cost(10, 13, 45).
cost(10, 14, 32).
cost(10, 15, 45).
cost(10, 16, 39).
cost(10, 17, 41).
cost(10, 18, 34).
cost(10, 19, 61).
cost(10, 20, 56).
cost(10, 21, 46).
cost(10, 22, 53).
cost(10, 23, 57).
cost(10, 24, 56).
cost(10, 25, 48).
cost(10, 26, 54).
cost(10, 27, 54).
cost(10, 28, 51).
cost(10, 29, 50).
cost(10, 30, 53).
cost(11, 1, 37).
cost(11, 2, 35).
cost(11, 3, 30).
cost(11, 4, 22).
cost(11, 5, 34).
cost(11, 6, 31).
cost(11, 7, 5).
cost(11, 8, 9).
cost(11, 9, 7).
cost(11, 10, 8).
cost(11, 12, 6).
cost(11, 13, 53).
cost(11, 14, 39).
cost(11, 15, 51).
cost(11, 16, 46).
cost(11, 17, 48).
cost(11, 18, 42).
cost(11, 19, 69).
cost(11, 20, 64).
cost(11, 21, 54).
cost(11, 22, 60).
cost(11, 23, 65).
cost(11, 24, 63).
cost(11, 25, 40).
cost(11, 26, 46).
cost(11, 27, 46).
cost(11, 28, 43).
cost(11, 29, 41).
cost(11, 30, 45).
cost(12, 1, 35).
cost(12, 2, 32).
cost(12, 3, 26).
cost(12, 4, 17).
cost(12, 5, 30).
cost(12, 6, 30).
cost(12, 7, 2).
cost(12, 8, 6).
cost(12, 9, 9).
cost(12, 10, 2).
cost(12, 11, 6).
cost(12, 13, 47).
cost(12, 14, 34).
cost(12, 15, 47).
cost(12, 16, 41).
cost(12, 17, 43).
cost(12, 18, 36).
cost(12, 19, 63).
cost(12, 20, 58).
cost(12, 21, 48).
cost(12, 22, 54).
cost(12, 23, 59).
cost(12, 24, 57).
cost(12, 25, 46).
cost(12, 26, 52).
cost(12, 27, 52).
cost(12, 28, 48).
cost(12, 29, 47).
cost(12, 30, 51).
cost(13, 1, 65).
cost(13, 2, 55).
cost(13, 3, 51).
cost(13, 4, 45).
cost(13, 5, 55).
cost(13, 6, 66).
cost(13, 7, 48).
cost(13, 8, 44).
cost(13, 9, 49).
cost(13, 10, 45).
cost(13, 11, 53).
cost(13, 12, 47).
cost(13, 14, 16).
cost(13, 15, 15).
cost(13, 16, 10).
cost(13, 17, 9).
cost(13, 18, 11).
cost(13, 19, 39).
cost(13, 20, 36).
cost(13, 21, 30).
cost(13, 22, 44).
cost(13, 23, 49).
cost(13, 24, 41).
cost(13, 25, 92).
cost(13, 26, 97).
cost(13, 27, 98).
cost(13, 28, 95).
cost(13, 29, 94).
cost(13, 30, 97).
cost(14, 1, 58).
cost(14, 2, 50).
cost(14, 3, 44).
cost(14, 4, 37).
cost(14, 5, 49).
cost(14, 6, 57).
cost(14, 7, 34).
cost(14, 8, 30).
cost(14, 9, 34).
cost(14, 10, 32).
cost(14, 11, 39).
cost(14, 12, 34).
cost(14, 13, 16).
cost(14, 15, 14).
cost(14, 16, 7).
cost(14, 17, 10).
cost(14, 18, 10).
cost(14, 19, 49).
cost(14, 20, 45).
cost(14, 21, 36).
cost(14, 22, 49).
cost(14, 23, 55).
cost(14, 24, 48).
cost(14, 25, 77).
cost(14, 26, 82).
cost(14, 27, 84).
cost(14, 28, 81).
cost(14, 29, 79).
cost(14, 30, 82).
cost(15, 1, 72).
cost(15, 2, 63).
cost(15, 3, 58).
cost(15, 4, 50).
cost(15, 5, 62).
cost(15, 6, 71).
cost(15, 7, 47).
cost(15, 8, 42).
cost(15, 9, 46).
cost(15, 10, 45).
cost(15, 11, 51).
cost(15, 12, 47).
cost(15, 13, 15).
cost(15, 14, 14).
cost(15, 16, 8).
cost(15, 17, 7).
cost(15, 18, 19).
cost(15, 19, 54).
cost(15, 20, 51).
cost(15, 21, 44).
cost(15, 22, 58).
cost(15, 23, 63).
cost(15, 24, 55).
cost(15, 25, 88).
cost(15, 26, 92).
cost(15, 27, 95).
cost(15, 28, 93).
cost(15, 29, 90).
cost(15, 30, 93).
cost(16, 1, 64).
cost(16, 2, 55).
cost(16, 3, 50).
cost(16, 4, 43).
cost(16, 5, 54).
cost(16, 6, 63).
cost(16, 7, 41).
cost(16, 8, 37).
cost(16, 9, 42).
cost(16, 10, 39).
cost(16, 11, 46).
cost(16, 12, 41).
cost(16, 13, 10).
cost(16, 14, 7).
cost(16, 15, 8).
cost(16, 17, 2).
cost(16, 18, 11).
cost(16, 19, 47).
cost(16, 20, 44).
cost(16, 21, 36).
cost(16, 22, 50).
cost(16, 23, 55).
cost(16, 24, 48).
cost(16, 25, 85).
cost(16, 26, 89).
cost(16, 27, 91).
cost(16, 28, 88).
cost(16, 29, 86).
cost(16, 30, 89).
cost(17, 1, 66).
cost(17, 2, 57).
cost(17, 3, 52).
cost(17, 4, 45).
cost(17, 5, 56).
cost(17, 6, 66).
cost(17, 7, 44).
cost(17, 8, 40).
cost(17, 9, 44).
cost(17, 10, 41).
cost(17, 11, 48).
cost(17, 12, 43).
cost(17, 13, 9).
cost(17, 14, 10).
cost(17, 15, 7).
cost(17, 16, 2).
cost(17, 18, 12).
cost(17, 19, 48).
cost(17, 20, 44).
cost(17, 21, 37).
cost(17, 22, 51).
cost(17, 23, 56).
cost(17, 24, 49).
cost(17, 25, 87).
cost(17, 26, 91).
cost(17, 27, 93).
cost(17, 28, 91).
cost(17, 29, 88).
cost(17, 30, 92).
cost(18, 1, 55).
cost(18, 2, 46).
cost(18, 3, 41).
cost(18, 4, 35).
cost(18, 5, 45).
cost(18, 6, 55).
cost(18, 7, 37).
cost(18, 8, 34).
cost(18, 9, 39).
cost(18, 10, 34).
cost(18, 11, 42).
cost(18, 12, 36).
cost(18, 13, 11).
cost(18, 14, 10).
cost(18, 15, 19).
cost(18, 16, 11).
cost(18, 17, 12).
cost(18, 19, 39).
cost(18, 20, 35).
cost(18, 21, 27).
cost(18, 22, 40).
cost(18, 23, 45).
cost(18, 24, 38).
cost(18, 25, 82).
cost(18, 26, 87).
cost(18, 27, 88).
cost(18, 28, 85).
cost(18, 29, 83).
cost(18, 30, 87).
cost(19, 1, 58).
cost(19, 2, 48).
cost(19, 3, 48).
cost(19, 4, 49).
cost(19, 5, 48).
cost(19, 6, 63).
cost(19, 7, 64).
cost(19, 8, 64).
cost(19, 9, 69).
cost(19, 10, 61).
cost(19, 11, 69).
cost(19, 12, 63).
cost(19, 13, 39).
cost(19, 14, 49).
cost(19, 15, 54).
cost(19, 16, 47).
cost(19, 17, 48).
cost(19, 18, 39).
cost(19, 20, 4).
cost(19, 21, 15).
cost(19, 22, 15).
cost(19, 23, 16).
cost(19, 24, 8).
cost(19, 25, 107).
cost(19, 26, 113).
cost(19, 27, 111).
cost(19, 28, 107).
cost(19, 29, 108).
cost(19, 30, 111).
cost(20, 1, 55).
cost(20, 2, 45).
cost(20, 3, 44).
cost(20, 4, 45).
cost(20, 5, 45).
cost(20, 6, 59).
cost(20, 7, 60).
cost(20, 8, 59).
cost(20, 9, 65).
cost(20, 10, 56).
cost(20, 11, 64).
cost(20, 12, 58).
cost(20, 13, 36).
cost(20, 14, 45).
cost(20, 15, 51).
cost(20, 16, 44).
cost(20, 17, 44).
cost(20, 18, 35).
cost(20, 19, 4).
cost(20, 21, 10).
cost(20, 22, 13).
cost(20, 23, 16).
cost(20, 24, 7).
cost(20, 25, 102).
cost(20, 26, 109).
cost(20, 27, 107).
cost(20, 28, 103).
cost(20, 29, 103).
cost(20, 30, 107).
cost(21, 1, 47).
cost(21, 2, 37).
cost(21, 3, 36).
cost(21, 4, 35).
cost(21, 5, 37).
cost(21, 6, 51).
cost(21, 7, 50).
cost(21, 8, 49).
cost(21, 9, 55).
cost(21, 10, 46).
cost(21, 11, 54).
cost(21, 12, 48).
cost(21, 13, 30).
cost(21, 14, 36).
cost(21, 15, 44).
cost(21, 16, 36).
cost(21, 17, 37).
cost(21, 18, 27).
cost(21, 19, 15).
cost(21, 20, 10).
cost(21, 22, 14).
cost(21, 23, 19).
cost(21, 24, 12).
cost(21, 25, 92).
cost(21, 26, 99).
cost(21, 27, 97).
cost(21, 28, 93).
cost(21, 29, 94).
cost(21, 30, 97).
cost(22, 1, 44).
cost(22, 2, 35).
cost(22, 3, 36).
cost(22, 4, 39).
cost(22, 5, 35).
cost(22, 6, 49).
cost(22, 7, 56).
cost(22, 8, 57).
cost(22, 9, 62).
cost(22, 10, 53).
cost(22, 11, 60).
cost(22, 12, 54).
cost(22, 13, 44).
cost(22, 14, 49).
cost(22, 15, 58).
cost(22, 16, 50).
cost(22, 17, 51).
cost(22, 18, 40).
cost(22, 19, 15).
cost(22, 20, 13).
cost(22, 21, 14).
cost(22, 23, 5).
cost(22, 24, 7).
cost(22, 25, 96).
cost(22, 26, 103).
cost(22, 27, 100).
cost(22, 28, 95).
cost(22, 29, 97).
cost(22, 30, 101).
cost(23, 1, 46).
cost(23, 2, 37).
cost(23, 3, 39).
cost(23, 4, 43).
cost(23, 5, 38).
cost(23, 6, 52).
cost(23, 7, 61).
cost(23, 8, 62).
cost(23, 9, 67).
cost(23, 10, 57).
cost(23, 11, 65).
cost(23, 12, 59).
cost(23, 13, 49).
cost(23, 14, 55).
cost(23, 15, 63).
cost(23, 16, 55).
cost(23, 17, 56).
cost(23, 18, 45).
cost(23, 19, 16).
cost(23, 20, 16).
cost(23, 21, 19).
cost(23, 22, 5).
cost(23, 24, 9).
cost(23, 25, 100).
cost(23, 26, 107).
cost(23, 27, 103).
cost(23, 28, 98).
cost(23, 29, 101).
cost(23, 30, 104).
cost(24, 1, 50).
cost(24, 2, 40).
cost(24, 3, 41).
cost(24, 4, 43).
cost(24, 5, 41).
cost(24, 6, 55).
cost(24, 7, 59).
cost(24, 8, 59).
cost(24, 9, 65).
cost(24, 10, 56).
cost(24, 11, 63).
cost(24, 12, 57).
cost(24, 13, 41).
cost(24, 14, 48).
cost(24, 15, 55).
cost(24, 16, 48).
cost(24, 17, 49).
cost(24, 18, 38).
cost(24, 19, 8).
cost(24, 20, 7).
cost(24, 21, 12).
cost(24, 22, 7).
cost(24, 23, 9).
cost(24, 25, 100).
cost(24, 26, 107).
cost(24, 27, 104).
cost(24, 28, 100).
cost(24, 29, 101).
cost(24, 30, 105).
cost(25, 1, 59).
cost(25, 2, 64).
cost(25, 3, 61).
cost(25, 4, 57).
cost(25, 5, 63).
cost(25, 6, 51).
cost(25, 7, 45).
cost(25, 8, 48).
cost(25, 9, 43).
cost(25, 10, 48).
cost(25, 11, 40).
cost(25, 12, 46).
cost(25, 13, 92).
cost(25, 14, 77).
cost(25, 15, 88).
cost(25, 16, 85).
cost(25, 17, 87).
cost(25, 18, 82).
cost(25, 19, 107).
cost(25, 20, 102).
cost(25, 21, 92).
cost(25, 22, 96).
cost(25, 23, 100).
cost(25, 24, 100).
cost(25, 26, 8).
cost(25, 27, 8).
cost(25, 28, 9).
cost(25, 29, 2).
cost(25, 30, 5).
cost(26, 1, 67).
cost(26, 2, 71).
cost(26, 3, 68).
cost(26, 4, 64).
cost(26, 5, 70).
cost(26, 6, 59).
cost(26, 7, 51).
cost(26, 8, 53).
cost(26, 9, 48).
cost(26, 10, 54).
cost(26, 11, 46).
cost(26, 12, 52).
cost(26, 13, 97).
cost(26, 14, 82).
cost(26, 15, 92).
cost(26, 16, 89).
cost(26, 17, 91).
cost(26, 18, 87).
cost(26, 19, 113).
cost(26, 20, 109).
cost(26, 21, 99).
cost(26, 22, 103).
cost(26, 23, 107).
cost(26, 24, 107).
cost(26, 25, 8).
cost(26, 27, 12).
cost(26, 28, 15).
cost(26, 29, 9).
cost(26, 30, 6).
cost(27, 1, 61).
cost(27, 2, 66).
cost(27, 3, 64).
cost(27, 4, 62).
cost(27, 5, 65).
cost(27, 6, 53).
cost(27, 7, 51).
cost(27, 8, 54).
cost(27, 9, 50).
cost(27, 10, 54).
cost(27, 11, 46).
cost(27, 12, 52).
cost(27, 13, 98).
cost(27, 14, 84).
cost(27, 15, 95).
cost(27, 16, 91).
cost(27, 17, 93).
cost(27, 18, 88).
cost(27, 19, 111).
cost(27, 20, 107).
cost(27, 21, 97).
cost(27, 22, 100).
cost(27, 23, 103).
cost(27, 24, 104).
cost(27, 25, 8).
cost(27, 26, 12).
cost(27, 28, 5).
cost(27, 29, 6).
cost(27, 30, 5).
cost(28, 1, 56).
cost(28, 2, 62).
cost(28, 3, 60).
cost(28, 4, 57).
cost(28, 5, 61).
cost(28, 6, 48).
cost(28, 7, 47).
cost(28, 8, 51).
cost(28, 9, 47).
cost(28, 10, 51).
cost(28, 11, 43).
cost(28, 12, 48).
cost(28, 13, 95).
cost(28, 14, 81).
cost(28, 15, 93).
cost(28, 16, 88).
cost(28, 17, 91).
cost(28, 18, 85).
cost(28, 19, 107).
cost(28, 20, 103).
cost(28, 21, 93).
cost(28, 22, 95).
cost(28, 23, 98).
cost(28, 24, 100).
cost(28, 25, 9).
cost(28, 26, 15).
cost(28, 27, 5).
cost(28, 29, 7).
cost(28, 30, 9).
cost(29, 1, 59).
cost(29, 2, 64).
cost(29, 3, 62).
cost(29, 4, 58).
cost(29, 5, 63).
cost(29, 6, 52).
cost(29, 7, 46).
cost(29, 8, 49).
cost(29, 9, 45).
cost(29, 10, 50).
cost(29, 11, 41).
cost(29, 12, 47).
cost(29, 13, 94).
cost(29, 14, 79).
cost(29, 15, 90).
cost(29, 16, 86).
cost(29, 17, 88).
cost(29, 18, 83).
cost(29, 19, 108).
cost(29, 20, 103).
cost(29, 21, 94).
cost(29, 22, 97).
cost(29, 23, 101).
cost(29, 24, 101).
cost(29, 25, 2).
cost(29, 26, 9).
cost(29, 27, 6).
cost(29, 28, 7).
cost(29, 30, 4).
cost(30, 1, 63).
cost(30, 2, 68).
cost(30, 3, 65).
cost(30, 4, 62).
cost(30, 5, 67).
cost(30, 6, 55).
cost(30, 7, 50).
cost(30, 8, 53).
cost(30, 9, 48).
cost(30, 10, 53).
cost(30, 11, 45).
cost(30, 12, 51).
cost(30, 13, 97).
cost(30, 14, 82).
cost(30, 15, 93).
cost(30, 16, 89).
cost(30, 17, 92).
cost(30, 18, 87).
cost(30, 19, 111).
cost(30, 20, 107).
cost(30, 21, 97).
cost(30, 22, 101).
cost(30, 23, 104).
cost(30, 24, 105).
cost(30, 25, 5).
cost(30, 26, 6).
cost(30, 27, 5).
cost(30, 28, 9).
cost(30, 29, 4).
