dimension(30).
point(1, 58.7142487681, 78.8076596851).
point(2, 58.4587806227, 76.7991924545).
point(3, 49.5572861314, 69.9647766041).
point(4, 55.6898380238, 76.0640850108).
point(5, 56.0694781203, 80.1645011237).
point(6, 48.1475602018, 81.6828846324).
point(7, 13.5417547104, 20.9257143136).
point(8, 18.8547581124, 21.5265628092).
point(9, 1.3218165479, 14.5790710768).
point(10, 0.7398999682, 14.4877831536).
point(11, 8.2972916681, 7.2954174369).
point(12, 6.4110375143, 9.4404532629).
point(13, 25.9526784856, 57.3838805778).
point(14, 33.6917460416, 41.885756158).
point(15, 18.7240732746, 55.3396651438).
point(16, 26.7087932994, 45.4448415225).
point(17, 23.7903234104, 61.8833331103).
point(18, 15.8603523348, 47.6472447795).
point(19, 98.5749649977, 77.453091859).
point(20, 96.2122277551, 84.4895266688).
point(21, 90.2266773311, 76.8809639478).
point(22, 96.7533745292, 83.4327277819).
point(23, 95.1513688978, 83.5337077168).
point(24, 84.0034051455, 83.534161253).
point(25, 66.0096621905, 25.0497579584).
point(26, 80.0096890651, 42.5985782387).
point(27, 70.5365259962, 32.3928767275).
point(28, 67.4242033885, 35.1755747323).
point(29, 77.1303079492, 42.0541381457).
point(30, 74.170134395, 37.4953308188).
cost(1, 2, 2).
cost(1, 3, 13).
cost(1, 4, 4).
cost(1, 5, 3).
cost(1, 6, 11).
cost(1, 7, 73).
cost(1, 8, 70).
cost(1, 9, 86).
cost(1, 10, 87).
cost(1, 11, 87).
cost(1, 12, 87).
cost(1, 13, 39).
cost(1, 14, 45).
cost(1, 15, 46).
cost(1, 16, 46).
cost(1, 17, 39).
cost(1, 18, 53).
cost(1, 19, 40).
cost(1, 20, 38).
cost(1, 21, 32).
cost(1, 22, 38).
cost(1, 23, 37).
cost(1, 24, 26).
cost(1, 25, 54).
cost(1, 26, 42).
cost(1, 27, 48).
cost(1, 28, 44).
cost(1, 29, 41).
cost(1, 30, 44).
cost(2, 1, 2).
cost(2, 3, 11).
cost(2, 4, 3).
cost(2, 5, 4).
cost(2, 6, 11).
cost(2, 7, 72).
cost(2, 8, 68).
cost(2, 9, 84).
cost(2, 10, 85).
cost(2, 11, 86).
cost(2, 12, 85).
cost(2, 13, 38).
cost(2, 14, 43).
cost(2, 15, 45).
cost(2, 16, 45).
cost(2, 17, 38).
cost(2, 18, 52).
cost(2, 19, 40).
cost(2, 20, 39).
cost(2, 21, 32).
cost(2, 22, 39).
cost(2, 23, 37).
cost(2, 24, 26).
cost(2, 25, 52).
cost(2, 26, 40).
cost(2, 27, 46).
cost(2, 28, 43).
cost(2, 29, 39).
cost(2, 30, 42).
cost(3, 1, 13).
cost(3, 2, 11).
cost(3, 4, 9).
cost(3, 5, 12).
cost(3, 6, 12).
cost(3, 7, 61).
cost(3, 8, 57).
cost(3, 9, 73).
cost(3, 10, 74).
cost(3, 11, 75).
cost(3, 12, 74).
cost(3, 13, 27).
cost(3, 14, 32).
cost(3, 15, 34).
cost(3, 16, 34).
cost(3, 17, 27).
cost(3, 18, 40).
cost(3, 19, 50).
cost(3, 20, 49).
cost(3, 21, 41).
cost(3, 22, 49).
cost(3, 23, 48).
cost(3, 24, 37).
cost(3, 25, 48).
cost(3, 26, 41).
cost(3, 27, 43).
cost(3, 28, 39).
cost(3, 29, 39).
cost(3, 30, 41).
cost(4, 1, 4).
cost(4, 2, 3).
cost(4, 3, 9).
cost(4, 5, 4).
cost(4, 6, 9).
cost(4, 7, 69).
cost(4, 8, 66).
cost(4, 9, 82).
cost(4, 10, 83).
cost(4, 11, 84).
cost(4, 12, 83).
cost(4, 13, 35).
cost(4, 14, 41).
cost(4, 15, 42).
cost(4, 16, 42).
cost(4, 17, 35).
cost(4, 18, 49).
cost(4, 19, 43).
cost(4, 20, 41).
cost(4, 21, 35).
cost(4, 22, 42).
cost(4, 23, 40).
cost(4, 24, 29).
cost(4, 25, 52).
cost(4, 26, 41).
cost(4, 27, 46).
cost(4, 28, 43).
cost(4, 29, 40).
cost(4, 30, 43).
cost(5, 1, 3).
cost(5, 2, 4).
cost(5, 3, 12).
cost(5, 4, 4).
cost(5, 6, 8).
cost(5, 7, 73).
cost(5, 8, 69).
cost(5, 9, 85).
cost(5, 10, 86).
cost(5, 11, 87).
cost(5, 12, 86).
cost(5, 13, 38).
cost(5, 14, 44).
cost(5, 15, 45).
cost(5, 16, 45).
cost(5, 17, 37).
cost(5, 18, 52).
cost(5, 19, 43).
cost(5, 20, 40).
cost(5, 21, 34).
cost(5, 22, 41).
cost(5, 23, 39).
cost(5, 24, 28).
cost(5, 25, 56).
cost(5, 26, 45).
cost(5, 27, 50).
cost(5, 28, 46).
cost(5, 29, 44).
cost(5, 30, 46).
cost(6, 1, 11).
cost(6, 2, 11).
cost(6, 3, 12).
cost(6, 4, 9).
cost(6, 5, 8).
cost(6, 7, 70).
cost(6, 8, 67).
cost(6, 9, 82).
cost(6, 10, 82).
cost(6, 11, 84).
cost(6, 12, 83).
cost(6, 13, 33).
cost(6, 14, 42).
cost(6, 15, 39).
cost(6, 16, 42).
cost(6, 17, 31).
cost(6, 18, 47).
cost(6, 19, 51).
cost(6, 20, 48).
cost(6, 21, 42).
cost(6, 22, 49).
cost(6, 23, 47).
cost(6, 24, 36).
cost(6, 25, 59).
cost(6, 26, 50).
cost(6, 27, 54).
cost(6, 28, 50).
cost(6, 29, 49).
cost(6, 30, 51).
cost(7, 1, 73).
cost(7, 2, 72).
cost(7, 3, 61).
cost(7, 4, 69).
cost(7, 5, 73).
cost(7, 6, 70).
cost(7, 8, 5).
cost(7, 9, 14).
cost(7, 10, 14).
cost(7, 11, 15).
cost(7, 12, 14).
cost(7, 13, 39).
cost(7, 14, 29).
cost(7, 15, 35).
cost(7, 16, 28).
cost(7, 17, 42).
cost(7, 18, 27).
cost(7, 19, 102).
cost(7, 20, 104).
cost(7, 21, 95).
cost(7, 22, 104).
cost(7, 23, 103).
cost(7, 24, 94).
cost(7, 25, 53).
cost(7, 26, 70).
cost(7, 27, 58).
cost(7, 28, 56).
cost(7, 29, 67).
cost(7, 30, 63).
cost(8, 1, 70).
cost(8, 2, 68).
cost(8, 3, 57).
cost(8, 4, 66).
cost(8, 5, 69).
cost(8, 6, 67).
cost(8, 7, 5).
cost(8, 9, 19).
cost(8, 10, 19).
cost(8, 11, 18).
cost(8, 12, 17).
cost(8, 13, 37).
cost(8, 14, 25).
cost(8, 15, 34).
cost(8, 16, 25).
cost(8, 17, 41).
cost(8, 18, 26).
cost(8, 19, 97).
cost(8, 20, 100).
cost(8, 21, 90).
cost(8, 22, 100).
cost(8, 23, 98).
cost(8, 24, 90).
cost(8, 25, 47).
cost(8, 26, 65).
cost(8, 27, 53).
cost(8, 28, 50).
cost(8, 29, 62).
cost(8, 30, 58).
cost(9, 1, 86).
cost(9, 2, 84).
cost(9, 3, 73).
cost(9, 4, 82).
cost(9, 5, 85).
cost(9, 6, 82).
cost(9, 7, 14).
cost(9, 8, 19).
cost(9, 10, 1).
cost(9, 11, 10).
cost(9, 12, 7).
cost(9, 13, 49).
cost(9, 14, 42).
cost(9, 15, 44).
cost(9, 16, 40).
cost(9, 17, 52).
cost(9, 18, 36).
cost(9, 19, 116).
cost(9, 20, 118).
cost(9, 21, 109).
cost(9, 22, 118).
cost(9, 23, 116).
cost(9, 24, 108).
cost(9, 25, 66).
cost(9, 26, 84).
cost(9, 27, 71).
cost(9, 28, 69).
cost(9, 29, 81).
cost(9, 30, 76).
cost(10, 1, 87).
cost(10, 2, 85).
cost(10, 3, 74).
cost(10, 4, 83).
cost(10, 5, 86).
cost(10, 6, 82).
cost(10, 7, 14).
cost(10, 8, 19).
cost(10, 9, 1).
cost(10, 11, 10).
cost(10, 12, 8).
cost(10, 13, 50).
cost(10, 14, 43).
cost(10, 15, 45).
cost(10, 16, 40).
cost(10, 17, 53).
cost(10, 18, 36).
cost(10, 19, 116).
cost(10, 20, 118).
cost(10, 21, 109).
cost(10, 22, 118).
cost(10, 23, 117).
cost(10, 24, 108).
cost(10, 25, 66).
cost(10, 26, 84).
cost(10, 27, 72).
cost(10, 28, 70).
cost(10, 29, 81).
cost(10, 30, 77).
cost(11, 1, 87).
cost(11, 2, 86).
cost(11, 3, 75).
cost(11, 4, 84).
cost(11, 5, 87).
cost(11, 6, 84).
cost(11, 7, 15).
cost(11, 8, 18).
cost(11, 9, 10).
cost(11, 10, 10).
cost(11, 12, 3).
cost(11, 13, 53).
cost(11, 14, 43).
cost(11, 15, 49).
cost(11, 16, 42).
cost(11, 17, 57).
cost(11, 18, 41).
cost(11, 19, 114).
cost(11, 20, 117).
cost(11, 21, 107).
cost(11, 22, 117).
cost(11, 23, 116).
cost(11, 24, 107).
cost(11, 25, 60).
cost(11, 26, 80).
cost(11, 27, 67).
cost(11, 28, 65).
cost(11, 29, 77).
cost(11, 30, 72).
cost(12, 1, 87).
cost(12, 2, 85).
cost(12, 3, 74).
cost(12, 4, 83).
cost(12, 5, 86).
cost(12, 6, 83).
cost(12, 7, 14).
cost(12, 8, 17).
cost(12, 9, 7).
cost(12, 10, 8).
cost(12, 11, 3).
cost(12, 13, 52).
cost(12, 14, 42).
cost(12, 15, 48).
cost(12, 16, 41).
cost(12, 17, 55).
cost(12, 18, 39).
cost(12, 19, 115).
cost(12, 20, 117).
cost(12, 21, 108).
cost(12, 22, 117).
cost(12, 23, 116).
cost(12, 24, 107).
cost(12, 25, 62).
cost(12, 26, 81).
cost(12, 27, 68).
cost(12, 28, 66).
cost(12, 29, 78).
cost(12, 30, 73).
cost(13, 1, 39).
cost(13, 2, 38).
cost(13, 3, 27).
cost(13, 4, 35).
cost(13, 5, 38).
cost(13, 6, 33).
cost(13, 7, 39).
cost(13, 8, 37).
cost(13, 9, 49).
cost(13, 10, 50).
cost(13, 11, 53).
cost(13, 12, 52).
cost(13, 14, 17).
cost(13, 15, 8).
cost(13, 16, 12).
cost(13, 17, 5).
cost(13, 18, 14).
cost(13, 19, 75).
cost(13, 20, 75).
cost(13, 21, 67).
cost(13, 22, 75).
cost(13, 23, 74).
cost(13, 24, 64).
cost(13, 25, 51).
cost(13, 26, 56).
cost(13, 27, 51).
cost(13, 28, 47).
cost(13, 29, 53).
cost(13, 30, 52).
cost(14, 1, 45).
cost(14, 2, 43).
cost(14, 3, 32).
cost(14, 4, 41).
cost(14, 5, 44).
cost(14, 6, 42).
cost(14, 7, 29).
cost(14, 8, 25).
cost(14, 9, 42).
cost(14, 10, 43).
cost(14, 11, 43).
cost(14, 12, 42).
cost(14, 13, 17).
cost(14, 15, 20).
cost(14, 16, 8).
cost(14, 17, 22).
cost(14, 18, 19).
cost(14, 19, 74).
cost(14, 20, 76).
cost(14, 21, 66).
cost(14, 22, 76).
cost(14, 23, 74).
cost(14, 24, 65).
cost(14, 25, 36).
cost(14, 26, 46).
cost(14, 27, 38).
cost(14, 28, 34).
cost(14, 29, 43).
cost(14, 30, 41).
cost(15, 1, 46).
cost(15, 2, 45).
cost(15, 3, 34).
cost(15, 4, 42).
cost(15, 5, 45).
cost(15, 6, 39).
cost(15, 7, 35).
cost(15, 8, 34).
cost(15, 9, 44).
cost(15, 10, 45).
cost(15, 11, 49).
cost(15, 12, 48).
cost(15, 13, 8).
cost(15, 14, 20).
cost(15, 16, 13).
cost(15, 17, 8).
cost(15, 18, 8).
cost(15, 19, 83).
cost(15, 20, 83).
cost(15, 21, 75).
cost(15, 22, 83).
cost(15, 23, 81).
cost(15, 24, 71).
cost(15, 25, 56).
cost(15, 26, 63).
cost(15, 27, 57).
cost(15, 28, 53).
cost(15, 29, 60).
cost(15, 30, 58).
cost(16, 1, 46).
cost(16, 2, 45).
cost(16, 3, 34).
cost(16, 4, 42).
cost(16, 5, 45).
cost(16, 6, 42).
cost(16, 7, 28).
cost(16, 8, 25).
cost(16, 9, 40).
cost(16, 10, 40).
cost(16, 11, 42).
cost(16, 12, 41).
cost(16, 13, 12).
cost(16, 14, 8).
cost(16, 15, 13).
cost(16, 17, 17).
cost(16, 18, 11).
cost(16, 19, 79).
cost(16, 20, 80).
cost(16, 21, 71).
cost(16, 22, 80).
cost(16, 23, 78).
cost(16, 24, 69).
cost(16, 25, 44).
cost(16, 26, 53).
cost(16, 27, 46).
cost(16, 28, 42).
cost(16, 29, 51).
cost(16, 30, 48).
cost(17, 1, 39).
cost(17, 2, 38).
cost(17, 3, 27).
cost(17, 4, 35).
cost(17, 5, 37).
cost(17, 6, 31).
cost(17, 7, 42).
cost(17, 8, 41).
cost(17, 9, 52).
cost(17, 10, 53).
cost(17, 11, 57).
cost(17, 12, 55).
cost(17, 13, 5).
cost(17, 14, 22).
cost(17, 15, 8).
cost(17, 16, 17).
cost(17, 18, 16).
cost(17, 19, 76).
cost(17, 20, 76).
cost(17, 21, 68).
cost(17, 22, 76).
cost(17, 23, 75).
cost(17, 24, 64).
cost(17, 25, 56).
cost(17, 26, 59).
cost(17, 27, 55).
cost(17, 28, 51).
cost(17, 29, 57).
cost(17, 30, 56).
cost(18, 1, 53).
cost(18, 2, 52).
cost(18, 3, 40).
cost(18, 4, 49).
cost(18, 5, 52).
cost(18, 6, 47).
cost(18, 7, 27).
cost(18, 8, 26).
cost(18, 9, 36).
cost(18, 10, 36).
cost(18, 11, 41).
cost(18, 12, 39).
cost(18, 13, 14).
cost(18, 14, 19).
cost(18, 15, 8).
cost(18, 16, 11).
cost(18, 17, 16).
cost(18, 19, 88).
cost(18, 20, 88).
cost(18, 21, 80).
cost(18, 22, 88).
cost(18, 23, 87).
cost(18, 24, 77).
cost(18, 25, 55).
cost(18, 26, 64).
cost(18, 27, 57).
cost(18, 28, 53).
cost(18, 29, 62).
cost(18, 30, 59).
cost(19, 1, 40).
cost(19, 2, 40).
cost(19, 3, 50).
cost(19, 4, 43).
cost(19, 5, 43).
cost(19, 6, 51).
cost(19, 7, 102).
cost(19, 8, 97).
cost(19, 9, 116).
cost(19, 10, 116).
cost(19, 11, 114).
cost(19, 12, 115).
cost(19, 13, 75).
cost(19, 14, 74).
cost(19, 15, 83).
cost(19, 16, 79).
cost(19, 17, 76).
cost(19, 18, 88).
cost(19, 20, 7).
cost(19, 21, 8).
cost(19, 22, 6).
cost(19, 23, 7).
cost(19, 24, 16).
cost(19, 25, 62).
cost(19, 26, 39).
cost(19, 27, 53).
cost(19, 28, 53).
cost(19, 29, 41).
cost(19, 30, 47).
cost(20, 1, 38).
cost(20, 2, 39).
cost(20, 3, 49).
cost(20, 4, 41).
cost(20, 5, 40).
cost(20, 6, 48).
cost(20, 7, 104).
cost(20, 8, 100).
cost(20, 9, 118).
cost(20, 10, 118).
cost(20, 11, 117).
cost(20, 12, 117).
cost(20, 13, 75).
cost(20, 14, 76).
cost(20, 15, 83).
cost(20, 16, 80).
cost(20, 17, 76).
cost(20, 18, 88).
cost(20, 19, 7).
cost(20, 21, 10).
cost(20, 22, 1).
cost(20, 23, 1).
cost(20, 24, 12).
cost(20, 25, 67).
cost(20, 26, 45).
cost(20, 27, 58).
cost(20, 28, 57).
cost(20, 29, 47).
cost(20, 30, 52).
cost(21, 1, 32).
cost(21, 2, 32).
cost(21, 3, 41).
cost(21, 4, 35).
cost(21, 5, 34).
cost(21, 6, 42).
cost(21, 7, 95).
cost(21, 8, 90).
cost(21, 9, 109).
cost(21, 10, 109).
cost(21, 11, 107).
cost(21, 12, 108).
cost(21, 13, 67).
cost(21, 14, 66).
cost(21, 15, 75).
cost(21, 16, 71).
cost(21, 17, 68).
cost(21, 18, 80).
cost(21, 19, 8).
cost(21, 20, 10).
cost(21, 22, 9).
cost(21, 23, 8).
cost(21, 24, 9).
cost(21, 25, 57).
cost(21, 26, 36).
cost(21, 27, 49).
cost(21, 28, 48).
cost(21, 29, 37).
cost(21, 30, 43).
cost(22, 1, 38).
cost(22, 2, 39).
cost(22, 3, 49).
cost(22, 4, 42).
cost(22, 5, 41).
cost(22, 6, 49).
cost(22, 7, 104).
cost(22, 8, 100).
cost(22, 9, 118).
cost(22, 10, 118).
cost(22, 11, 117).
cost(22, 12, 117).
cost(22, 13, 75).
cost(22, 14, 76).
cost(22, 15, 83).
cost(22, 16, 80).
cost(22, 17, 76).
cost(22, 18, 88).
cost(22, 19, 6).
cost(22, 20, 1).
cost(22, 21, 9).
cost(22, 23, 2).
cost(22, 24, 13).
cost(22, 25, 66).
cost(22, 26, 44).
cost(22, 27, 57).
cost(22, 28, 56).
cost(22, 29, 46).
cost(22, 30, 51).
cost(23, 1, 37).
cost(23, 2, 37).
cost(23, 3, 48).
cost(23, 4, 40).
cost(23, 5, 39).
cost(23, 6, 47).
cost(23, 7, 103).
cost(23, 8, 98).
cost(23, 9, 116).
cost(23, 10, 117).
cost(23, 11, 116).
cost(23, 12, 116).
cost(23, 13, 74).
cost(23, 14, 74).
cost(23, 15, 81).
cost(23, 16, 78).
cost(23, 17, 75).
cost(23, 18, 87).
cost(23, 19, 7).
cost(23, 20, 1).
cost(23, 21, 8).
cost(23, 22, 2).
cost(23, 24, 11).
cost(23, 25, 65).
cost(23, 26, 44).
cost(23, 27, 57).
cost(23, 28, 56).
cost(23, 29, 45).
cost(23, 30, 51).
cost(24, 1, 26).
cost(24, 2, 26).
cost(24, 3, 37).
cost(24, 4, 29).
cost(24, 5, 28).
cost(24, 6, 36).
cost(24, 7, 94).
cost(24, 8, 90).
cost(24, 9, 108).
cost(24, 10, 108).
cost(24, 11, 107).
cost(24, 12, 107).
cost(24, 13, 64).
cost(24, 14, 65).
cost(24, 15, 71).
cost(24, 16, 69).
cost(24, 17, 64).
cost(24, 18, 77).
cost(24, 19, 16).
cost(24, 20, 12).
cost(24, 21, 9).
cost(24, 22, 13).
cost(24, 23, 11).
cost(24, 25, 61).
cost(24, 26, 41).
cost(24, 27, 53).
cost(24, 28, 51).
cost(24, 29, 42).
cost(24, 30, 47).
cost(25, 1, 54).
cost(25, 2, 52).
cost(25, 3, 48).
cost(25, 4, 52).
cost(25, 5, 56).
cost(25, 6, 59).
cost(25, 7, 53).
cost(25, 8, 47).
cost(25, 9, 66).
cost(25, 10, 66).
cost(25, 11, 60).
cost(25, 12, 62).
cost(25, 13, 51).
cost(25, 14, 36).
cost(25, 15, 56).
cost(25, 16, 44).
cost(25, 17, 56).
cost(25, 18, 55).
cost(25, 19, 62).
cost(25, 20, 67).
cost(25, 21, 57).
cost(25, 22, 66).
cost(25, 23, 65).
cost(25, 24, 61).
cost(25, 26, 22).
cost(25, 27, 9).
cost(25, 28, 10).
cost(25, 29, 20).
cost(25, 30, 15).
cost(26, 1, 42).
cost(26, 2, 40).
cost(26, 3, 41).
cost(26, 4, 41).
cost(26, 5, 45).
cost(26, 6, 50).
cost(26, 7, 70).
cost(26, 8, 65).
cost(26, 9, 84).
cost(26, 10, 84).
cost(26, 11, 80).
cost(26, 12, 81).
cost(26, 13, 56).
cost(26, 14, 46).
cost(26, 15, 63).
cost(26, 16, 53).
cost(26, 17, 59).
cost(26, 18, 64).
cost(26, 19, 39).
cost(26, 20, 45).
cost(26, 21, 36).
cost(26, 22, 44).
cost(26, 23, 44).
cost(26, 24, 41).
cost(26, 25, 22).
cost(26, 27, 14).
cost(26, 28, 15).
cost(26, 29, 3).
cost(26, 30, 8).
cost(27, 1, 48).
cost(27, 2, 46).
cost(27, 3, 43).
cost(27, 4, 46).
cost(27, 5, 50).
cost(27, 6, 54).
cost(27, 7, 58).
cost(27, 8, 53).
cost(27, 9, 71).
cost(27, 10, 72).
cost(27, 11, 67).
cost(27, 12, 68).
cost(27, 13, 51).
cost(27, 14, 38).
cost(27, 15, 57).
cost(27, 16, 46).
cost(27, 17, 55).
cost(27, 18, 57).
cost(27, 19, 53).
cost(27, 20, 58).
cost(27, 21, 49).
cost(27, 22, 57).
cost(27, 23, 57).
cost(27, 24, 53).
cost(27, 25, 9).
cost(27, 26, 14).
cost(27, 28, 4).
cost(27, 29, 12).
cost(27, 30, 6).
cost(28, 1, 44).
cost(28, 2, 43).
cost(28, 3, 39).
cost(28, 4, 43).
cost(28, 5, 46).
cost(28, 6, 50).
cost(28, 7, 56).
cost(28, 8, 50).
cost(28, 9, 69).
cost(28, 10, 70).
cost(28, 11, 65).
cost(28, 12, 66).
cost(28, 13, 47).
cost(28, 14, 34).
cost(28, 15, 53).
cost(28, 16, 42).
cost(28, 17, 51).
cost(28, 18, 53).
cost(28, 19, 53).
cost(28, 20, 57).
cost(28, 21, 48).
cost(28, 22, 56).
cost(28, 23, 56).
cost(28, 24, 51).
cost(28, 25, 10).
cost(28, 26, 15).
cost(28, 27, 4).
cost(28, 29, 12).
cost(28, 30, 7).
cost(29, 1, 41).
cost(29, 2, 39).
cost(29, 3, 39).
cost(29, 4, 40).
cost(29, 5, 44).
cost(29, 6, 49).
cost(29, 7, 67).
cost(29, 8, 62).
cost(29, 9, 81).
cost(29, 10, 81).
cost(29, 11, 77).
cost(29, 12, 78).
cost(29, 13, 53).
cost(29, 14, 43).
cost(29, 15, 60).
cost(29, 16, 51).
cost(29, 17, 57).
cost(29, 18, 62).
cost(29, 19, 41).
cost(29, 20, 47).
cost(29, 21, 37).
cost(29, 22, 46).
cost(29, 23, 45).
cost(29, 24, 42).
cost(29, 25, 20).
cost(29, 26, 3).
cost(29, 27, 12).
cost(29, 28, 12).
cost(29, 30, 5).
cost(30, 1, 44).
cost(30, 2, 42).
cost(30, 3, 41).
cost(30, 4, 43).
cost(30, 5, 46).
cost(30, 6, 51).
cost(30, 7, 63).
cost(30, 8, 58).
cost(30, 9, 76).
cost(30, 10, 77).
cost(30, 11, 72).
cost(30, 12, 73).
cost(30, 13, 52).
cost(30, 14, 41).
cost(30, 15, 58).
cost(30, 16, 48).
cost(30, 17, 56).
cost(30, 18, 59).
cost(30, 19, 47).
cost(30, 20, 52).
cost(30, 21, 43).
cost(30, 22, 51).
cost(30, 23, 51).
cost(30, 24, 47).
cost(30, 25, 15).
cost(30, 26, 8).
cost(30, 27, 6).
cost(30, 28, 7).
cost(30, 29, 5).
