dimension(32).
point(1, 17.7558280522, 55.6983140084).
point(2, 49.4190825047, 8.7126910437).
point(3, 42.2641644969, 90.3600697539).
point(4, 71.7298237479, 13.4861849022).
point(5, 46.0048873107, 76.3324300865).
point(6, 94.2990905431, 43.4204018002).
point(7, 20.2721254499, 73.1143362543).
point(8, 45.2956093434, 94.7881062226).
point(9, 86.1306512104, 33.4225054843).
point(10, 15.9796372736, 54.9302698695).
point(11, 69.815297687, 20.3677939322).
point(12, 62.956397297, 11.8160567246).
point(13, 74.2626963099, 2.9431694095).
point(14, 76.2675445551, 4.9556942205).
point(15, 21.1637250162, 56.8519449358).
point(16, 93.3249196068, 24.4257884551).
point(17, 14.1646306933, 44.6364935923).
point(18, 4.1757902644, 48.2944926273).
point(19, 68.4877853383, 27.6939489529).
point(20, 10.7819948135, 84.3715462681).
point(21, 8.0311289865, 56.6552050573).
point(22, 31.0293467063, 76.2757052436).
point(23, 84.8767630164, 28.5913839869).
point(24, 8.3753213084, 95.1617796553).
point(25, 13.5969087183, 61.0430176407).
point(26, 81.2767153678, 17.6021337548).
point(27, 6.2960885697, 30.8875784556).
point(28, 71.7078458592, 9.5368439078).
point(29, 72.98910553, 35.7660960627).
point(30, 2.982369193, 51.8143514724).
point(31, 58.7200502123, 16.7644094926).
point(32, 52.2287519173, 7.2313835127).
cost(1, 2, 57).
cost(1, 3, 42).
cost(1, 4, 69).
cost(1, 5, 35).
cost(1, 6, 78).
cost(1, 7, 18).
cost(1, 8, 48).
cost(1, 9, 72).
cost(1, 10, 2).
cost(1, 11, 63).
cost(1, 12, 63).
cost(1, 13, 77).
cost(1, 14, 77).
cost(1, 15, 4).
cost(1, 16, 82).
cost(1, 17, 12).
cost(1, 18, 15).
cost(1, 19, 58).
cost(1, 20, 30).
cost(1, 21, 10).
cost(1, 22, 24).
cost(1, 23, 72).
cost(1, 24, 41).
cost(1, 25, 7).
cost(1, 26, 74).
cost(1, 27, 27).
cost(1, 28, 71).
cost(1, 29, 59).
cost(1, 30, 15).
cost(1, 31, 57).
cost(1, 32, 59).
cost(2, 1, 57).
cost(2, 3, 82).
cost(2, 4, 23).
cost(2, 5, 68).
cost(2, 6, 57).
cost(2, 7, 71).
cost(2, 8, 86).
cost(2, 9, 44).
cost(2, 10, 57).
cost(2, 11, 23).
cost(2, 12, 14).
cost(2, 13, 26).
cost(2, 14, 27).
cost(2, 15, 56).
cost(2, 16, 47).
cost(2, 17, 50).
cost(2, 18, 60).
cost(2, 19, 27).
cost(2, 20, 85).
cost(2, 21, 63).
cost(2, 22, 70).
cost(2, 23, 41).
cost(2, 24, 96).
cost(2, 25, 63).
cost(2, 26, 33).
cost(2, 27, 48).
cost(2, 28, 22).
cost(2, 29, 36).
cost(2, 30, 63).
cost(2, 31, 12).
cost(2, 32, 3).
cost(3, 1, 42).
cost(3, 2, 82).
cost(3, 4, 82).
cost(3, 5, 15).
cost(3, 6, 70).
cost(3, 7, 28).
cost(3, 8, 5).
cost(3, 9, 72).
cost(3, 10, 44).
cost(3, 11, 75).
cost(3, 12, 81).
cost(3, 13, 93).
cost(3, 14, 92).
cost(3, 15, 40).
cost(3, 16, 83).
cost(3, 17, 54).
cost(3, 18, 57).
cost(3, 19, 68).
cost(3, 20, 32).
cost(3, 21, 48).
cost(3, 22, 18).
cost(3, 23, 75).
cost(3, 24, 34).
cost(3, 25, 41).
cost(3, 26, 83).
cost(3, 27, 70).
cost(3, 28, 86).
cost(3, 29, 63).
cost(3, 30, 55).
cost(3, 31, 75).
cost(3, 32, 84).
cost(4, 1, 69).
cost(4, 2, 23).
cost(4, 3, 82).
cost(4, 5, 68).
cost(4, 6, 37).
cost(4, 7, 79).
cost(4, 8, 85).
cost(4, 9, 25).
cost(4, 10, 69).
cost(4, 11, 7).
cost(4, 12, 9).
cost(4, 13, 11).
cost(4, 14, 10).
cost(4, 15, 67).
cost(4, 16, 24).
cost(4, 17, 65).
cost(4, 18, 76).
cost(4, 19, 15).
cost(4, 20, 93).
cost(4, 21, 77).
cost(4, 22, 75).
cost(4, 23, 20).
cost(4, 24, 103).
cost(4, 25, 75).
cost(4, 26, 10).
cost(4, 27, 68).
cost(4, 28, 4).
cost(4, 29, 22).
cost(4, 30, 79).
cost(4, 31, 13).
cost(4, 32, 20).
cost(5, 1, 35).
cost(5, 2, 68).
cost(5, 3, 15).
cost(5, 4, 68).
cost(5, 6, 58).
cost(5, 7, 26).
cost(5, 8, 18).
cost(5, 9, 59).
cost(5, 10, 37).
cost(5, 11, 61).
cost(5, 12, 67).
cost(5, 13, 79).
cost(5, 14, 78).
cost(5, 15, 32).
cost(5, 16, 70).
cost(5, 17, 45).
cost(5, 18, 50).
cost(5, 19, 54).
cost(5, 20, 36).
cost(5, 21, 43).
cost(5, 22, 15).
cost(5, 23, 62).
cost(5, 24, 42).
cost(5, 25, 36).
cost(5, 26, 69).
cost(5, 27, 60).
cost(5, 28, 72).
cost(5, 29, 49).
cost(5, 30, 50).
cost(5, 31, 61).
cost(5, 32, 69).
cost(6, 1, 78).
cost(6, 2, 57).
cost(6, 3, 70).
cost(6, 4, 37).
cost(6, 5, 58).
cost(6, 7, 80).
cost(6, 8, 71).
cost(6, 9, 13).
cost(6, 10, 79).
cost(6, 11, 34).
cost(6, 12, 45).
cost(6, 13, 45).
cost(6, 14, 42).
cost(6, 15, 74).
cost(6, 16, 19).
cost(6, 17, 80).
cost(6, 18, 90).
cost(6, 19, 30).
cost(6, 20, 93).
cost(6, 21, 87).
cost(6, 22, 71).
cost(6, 23, 18).
cost(6, 24, 100).
cost(6, 25, 83).
cost(6, 26, 29).
cost(6, 27, 89).
cost(6, 28, 41).
cost(6, 29, 23).
cost(6, 30, 92).
cost(6, 31, 44).
cost(6, 32, 55).
cost(7, 1, 18).
cost(7, 2, 71).
cost(7, 3, 28).
cost(7, 4, 79).
cost(7, 5, 26).
cost(7, 6, 80).
cost(7, 8, 33).
cost(7, 9, 77).
cost(7, 10, 19).
cost(7, 11, 72).
cost(7, 12, 75).
cost(7, 13, 89).
cost(7, 14, 88).
cost(7, 15, 16).
cost(7, 16, 88).
cost(7, 17, 29).
cost(7, 18, 30).
cost(7, 19, 66).
cost(7, 20, 15).
cost(7, 21, 21).
cost(7, 22, 11).
cost(7, 23, 78).
cost(7, 24, 25).
cost(7, 25, 14).
cost(7, 26, 82).
cost(7, 27, 44).
cost(7, 28, 82).
cost(7, 29, 65).
cost(7, 30, 27).
cost(7, 31, 68).
cost(7, 32, 73).
cost(8, 1, 48).
cost(8, 2, 86).
cost(8, 3, 5).
cost(8, 4, 85).
cost(8, 5, 18).
cost(8, 6, 71).
cost(8, 7, 33).
cost(8, 9, 74).
cost(8, 10, 49).
cost(8, 11, 78).
cost(8, 12, 85).
cost(8, 13, 96).
cost(8, 14, 95).
cost(8, 15, 45).
cost(8, 16, 85).
cost(8, 17, 59).
cost(8, 18, 62).
cost(8, 19, 71).
cost(8, 20, 36).
cost(8, 21, 53).
cost(8, 22, 23).
cost(8, 23, 77).
cost(8, 24, 37).
cost(8, 25, 46).
cost(8, 26, 85).
cost(8, 27, 75).
cost(8, 28, 89).
cost(8, 29, 65).
cost(8, 30, 60).
cost(8, 31, 79).
cost(8, 32, 88).
cost(9, 1, 72).
cost(9, 2, 44).
cost(9, 3, 72).
cost(9, 4, 25).
cost(9, 5, 59).
cost(9, 6, 13).
cost(9, 7, 77).
cost(9, 8, 74).
cost(9, 10, 73).
cost(9, 11, 21).
cost(9, 12, 32).
cost(9, 13, 33).
cost(9, 14, 30).
cost(9, 15, 69).
cost(9, 16, 12).
cost(9, 17, 73).
cost(9, 18, 83).
cost(9, 19, 19).
cost(9, 20, 91).
cost(9, 21, 81).
cost(9, 22, 70).
cost(9, 23, 5).
cost(9, 24, 99).
cost(9, 25, 78).
cost(9, 26, 17).
cost(9, 27, 80).
cost(9, 28, 28).
cost(9, 29, 13).
cost(9, 30, 85).
cost(9, 31, 32).
cost(9, 32, 43).
cost(10, 1, 2).
cost(10, 2, 57).
cost(10, 3, 44).
cost(10, 4, 69).
cost(10, 5, 37).
cost(10, 6, 79).
cost(10, 7, 19).
cost(10, 8, 49).
cost(10, 9, 73).
cost(10, 11, 64).
cost(10, 12, 64).
cost(10, 13, 78).
cost(10, 14, 78).
cost(10, 15, 6).
cost(10, 16, 83).
cost(10, 17, 10).
cost(10, 18, 14).
cost(10, 19, 59).
cost(10, 20, 30).
cost(10, 21, 8).
cost(10, 22, 26).
cost(10, 23, 74).
cost(10, 24, 41).
cost(10, 25, 7).
cost(10, 26, 75).
cost(10, 27, 26).
cost(10, 28, 72).
cost(10, 29, 60).
cost(10, 30, 13).
cost(10, 31, 57).
cost(10, 32, 60).
cost(11, 1, 63).
cost(11, 2, 23).
cost(11, 3, 75).
cost(11, 4, 7).
cost(11, 5, 61).
cost(11, 6, 34).
cost(11, 7, 72).
cost(11, 8, 78).
cost(11, 9, 21).
cost(11, 10, 64).
cost(11, 12, 11).
cost(11, 13, 18).
cost(11, 14, 17).
cost(11, 15, 61).
cost(11, 16, 24).
cost(11, 17, 61).
cost(11, 18, 71).
cost(11, 19, 7).
cost(11, 20, 87).
cost(11, 21, 72).
cost(11, 22, 68).
cost(11, 23, 17).
cost(11, 24, 97).
cost(11, 25, 69).
cost(11, 26, 12).
cost(11, 27, 64).
cost(11, 28, 11).
cost(11, 29, 16).
cost(11, 30, 74).
cost(11, 31, 12).
cost(11, 32, 22).
cost(12, 1, 63).
cost(12, 2, 14).
cost(12, 3, 81).
cost(12, 4, 9).
cost(12, 5, 67).
cost(12, 6, 45).
cost(12, 7, 75).
cost(12, 8, 85).
cost(12, 9, 32).
cost(12, 10, 64).
cost(12, 11, 11).
cost(12, 13, 14).
cost(12, 14, 15).
cost(12, 15, 61).
cost(12, 16, 33).
cost(12, 17, 59).
cost(12, 18, 69).
cost(12, 19, 17).
cost(12, 20, 89).
cost(12, 21, 71).
cost(12, 22, 72).
cost(12, 23, 28).
cost(12, 24, 100).
cost(12, 25, 70).
cost(12, 26, 19).
cost(12, 27, 60).
cost(12, 28, 9).
cost(12, 29, 26).
cost(12, 30, 72).
cost(12, 31, 7).
cost(12, 32, 12).
cost(13, 1, 77).
cost(13, 2, 26).
cost(13, 3, 93).
cost(13, 4, 11).
cost(13, 5, 79).
cost(13, 6, 45).
cost(13, 7, 89).
cost(13, 8, 96).
cost(13, 9, 33).
cost(13, 10, 78).
cost(13, 11, 18).
cost(13, 12, 14).
cost(13, 14, 3).
cost(13, 15, 76).
cost(13, 16, 29).
cost(13, 17, 73).
cost(13, 18, 83).
cost(13, 19, 25).
cost(13, 20, 103).
cost(13, 21, 85).
cost(13, 22, 85).
cost(13, 23, 28).
cost(13, 24, 113).
cost(13, 25, 84).
cost(13, 26, 16).
cost(13, 27, 73).
cost(13, 28, 7).
cost(13, 29, 33).
cost(13, 30, 86).
cost(13, 31, 21).
cost(13, 32, 22).
cost(14, 1, 77).
cost(14, 2, 27).
cost(14, 3, 92).
cost(14, 4, 10).
cost(14, 5, 78).
cost(14, 6, 42).
cost(14, 7, 88).
cost(14, 8, 95).
cost(14, 9, 30).
cost(14, 10, 78).
cost(14, 11, 17).
cost(14, 12, 15).
cost(14, 13, 3).
cost(14, 15, 76).
cost(14, 16, 26).
cost(14, 17, 74).
cost(14, 18, 84).
cost(14, 19, 24).
cost(14, 20, 103).
cost(14, 21, 86).
cost(14, 22, 84).
cost(14, 23, 25).
cost(14, 24, 113).
cost(14, 25, 84).
cost(14, 26, 14).
cost(14, 27, 75).
cost(14, 28, 6).
cost(14, 29, 31).
cost(14, 30, 87).
cost(14, 31, 21).
cost(14, 32, 24).
cost(15, 1, 4).
cost(15, 2, 56).
cost(15, 3, 40).
cost(15, 4, 67).
cost(15, 5, 32).
cost(15, 6, 74).
cost(15, 7, 16).
cost(15, 8, 45).
cost(15, 9, 69).
cost(15, 10, 6).
cost(15, 11, 61).
cost(15, 12, 61).
cost(15, 13, 76).
cost(15, 14, 76).
cost(15, 16, 79).
cost(15, 17, 14).
cost(15, 18, 19).
cost(15, 19, 56).
cost(15, 20, 29).
cost(15, 21, 13).
cost(15, 22, 22).
cost(15, 23, 70).
cost(15, 24, 40).
cost(15, 25, 9).
cost(15, 26, 72).
cost(15, 27, 30).
cost(15, 28, 69).
cost(15, 29, 56).
cost(15, 30, 19).
cost(15, 31, 55).
cost(15, 32, 59).
cost(16, 1, 82).
cost(16, 2, 47).
cost(16, 3, 83).
cost(16, 4, 24).
cost(16, 5, 70).
cost(16, 6, 19).
cost(16, 7, 88).
cost(16, 8, 85).
cost(16, 9, 12).
cost(16, 10, 83).
cost(16, 11, 24).
cost(16, 12, 33).
cost(16, 13, 29).
cost(16, 14, 26).
cost(16, 15, 79).
cost(16, 17, 82).
cost(16, 18, 92).
cost(16, 19, 25).
cost(16, 20, 102).
cost(16, 21, 91).
cost(16, 22, 81).
cost(16, 23, 9).
cost(16, 24, 111).
cost(16, 25, 88).
cost(16, 26, 14).
cost(16, 27, 87).
cost(16, 28, 26).
cost(16, 29, 23).
cost(16, 30, 94).
cost(16, 31, 35).
cost(16, 32, 45).
cost(17, 1, 12).
cost(17, 2, 50).
cost(17, 3, 54).
cost(17, 4, 65).
cost(17, 5, 45).
cost(17, 6, 80).
cost(17, 7, 29).
cost(17, 8, 59).
cost(17, 9, 73).
cost(17, 10, 10).
cost(17, 11, 61).
cost(17, 12, 59).
cost(17, 13, 73).
cost(17, 14, 74).
cost(17, 15, 14).
cost(17, 16, 82).
cost(17, 18, 11).
cost(17, 19, 57).
cost(17, 20, 40).
cost(17, 21, 13).
cost(17, 22, 36).
cost(17, 23, 73).
cost(17, 24, 51).
cost(17, 25, 16).
cost(17, 26, 72).
cost(17, 27, 16).
cost(17, 28, 67).
cost(17, 29, 59).
cost(17, 30, 13).
cost(17, 31, 53).
cost(17, 32, 53).
cost(18, 1, 15).
cost(18, 2, 60).
cost(18, 3, 57).
cost(18, 4, 76).
cost(18, 5, 50).
cost(18, 6, 90).
cost(18, 7, 30).
cost(18, 8, 62).
cost(18, 9, 83).
cost(18, 10, 14).
cost(18, 11, 71).
cost(18, 12, 69).
cost(18, 13, 83).
cost(18, 14, 84).
cost(18, 15, 19).
cost(18, 16, 92).
cost(18, 17, 11).
cost(18, 19, 68).
cost(18, 20, 37).
cost(18, 21, 9).
cost(18, 22, 39).
cost(18, 23, 83).
cost(18, 24, 47).
cost(18, 25, 16).
cost(18, 26, 83).
cost(18, 27, 18).
cost(18, 28, 78).
cost(18, 29, 70).
cost(18, 30, 4).
cost(18, 31, 63).
cost(18, 32, 63).
cost(19, 1, 58).
cost(19, 2, 27).
cost(19, 3, 68).
cost(19, 4, 15).
cost(19, 5, 54).
cost(19, 6, 30).
cost(19, 7, 66).
cost(19, 8, 71).
cost(19, 9, 19).
cost(19, 10, 59).
cost(19, 11, 7).
cost(19, 12, 17).
cost(19, 13, 25).
cost(19, 14, 24).
cost(19, 15, 56).
cost(19, 16, 25).
cost(19, 17, 57).
cost(19, 18, 68).
cost(19, 20, 81).
cost(19, 21, 67).
cost(19, 22, 61).
cost(19, 23, 16).
cost(19, 24, 90).
cost(19, 25, 64).
cost(19, 26, 16).
cost(19, 27, 62).
cost(19, 28, 18).
cost(19, 29, 9).
cost(19, 30, 70).
cost(19, 31, 15).
cost(19, 32, 26).
cost(20, 1, 30).
cost(20, 2, 85).
cost(20, 3, 32).
cost(20, 4, 93).
cost(20, 5, 36).
cost(20, 6, 93).
cost(20, 7, 15).
cost(20, 8, 36).
cost(20, 9, 91).
cost(20, 10, 30).
cost(20, 11, 87).
cost(20, 12, 89).
cost(20, 13, 103).
cost(20, 14, 103).
cost(20, 15, 29).
cost(20, 16, 102).
cost(20, 17, 40).
cost(20, 18, 37).
cost(20, 19, 81).
cost(20, 21, 28).
cost(20, 22, 22).
cost(20, 23, 93).
cost(20, 24, 11).
cost(20, 25, 23).
cost(20, 26, 97).
cost(20, 27, 54).
cost(20, 28, 96).
cost(20, 29, 79).
cost(20, 30, 33).
cost(20, 31, 83).
cost(20, 32, 88).
cost(21, 1, 10).
cost(21, 2, 63).
cost(21, 3, 48).
cost(21, 4, 77).
cost(21, 5, 43).
cost(21, 6, 87).
cost(21, 7, 21).
cost(21, 8, 53).
cost(21, 9, 81).
cost(21, 10, 8).
cost(21, 11, 72).
cost(21, 12, 71).
cost(21, 13, 85).
cost(21, 14, 86).
cost(21, 15, 13).
cost(21, 16, 91).
cost(21, 17, 13).
cost(21, 18, 9).
cost(21, 19, 67).
cost(21, 20, 28).
cost(21, 22, 30).
cost(21, 23, 82).
cost(21, 24, 39).
cost(21, 25, 7).
cost(21, 26, 83).
cost(21, 27, 26).
cost(21, 28, 79).
cost(21, 29, 68).
cost(21, 30, 7).
cost(21, 31, 65).
cost(21, 32, 66).
cost(22, 1, 24).
cost(22, 2, 70).
cost(22, 3, 18).
cost(22, 4, 75).
cost(22, 5, 15).
cost(22, 6, 71).
cost(22, 7, 11).
cost(22, 8, 23).
cost(22, 9, 70).
cost(22, 10, 26).
cost(22, 11, 68).
cost(22, 12, 72).
cost(22, 13, 85).
cost(22, 14, 84).
cost(22, 15, 22).
cost(22, 16, 81).
cost(22, 17, 36).
cost(22, 18, 39).
cost(22, 19, 61).
cost(22, 20, 22).
cost(22, 21, 30).
cost(22, 23, 72).
cost(22, 24, 29).
cost(22, 25, 23).
cost(22, 26, 77).
cost(22, 27, 52).
cost(22, 28, 78).
cost(22, 29, 58).
cost(22, 30, 37).
cost(22, 31, 66).
cost(22, 32, 72).
cost(23, 1, 72).
cost(23, 2, 41).
cost(23, 3, 75).
cost(23, 4, 20).
cost(23, 5, 62).
cost(23, 6, 18).
cost(23, 7, 78).
cost(23, 8, 77).
cost(23, 9, 5).
cost(23, 10, 74).
cost(23, 11, 17).
cost(23, 12, 28).
cost(23, 13, 28).
cost(23, 14, 25).
cost(23, 15, 70).
cost(23, 16, 9).
cost(23, 17, 73).
cost(23, 18, 83).
cost(23, 19, 16).
cost(23, 20, 93).
cost(23, 21, 82).
cost(23, 22, 72).
cost(23, 24, 101).
cost(23, 25, 78).
cost(23, 26, 12).
cost(23, 27, 79).
cost(23, 28, 23).
cost(23, 29, 14).
cost(23, 30, 85).
cost(23, 31, 29).
cost(23, 32, 39).
cost(24, 1, 41).
cost(24, 2, 96).
cost(24, 3, 34).
cost(24, 4, 103).
cost(24, 5, 42).
cost(24, 6, 100).
cost(24, 7, 25).
cost(24, 8, 37).
cost(24, 9, 99).
cost(24, 10, 41).
cost(24, 11, 97).
cost(24, 12, 100).
cost(24, 13, 113).
cost(24, 14, 113).
cost(24, 15, 40).
cost(24, 16, 111).
cost(24, 17, 51).
cost(24, 18, 47).
cost(24, 19, 90).
cost(24, 20, 11).
cost(24, 21, 39).
cost(24, 22, 29).
cost(24, 23, 101).
cost(24, 25, 35).
cost(24, 26, 106).
cost(24, 27, 64).
cost(24, 28, 107).
cost(24, 29, 88).
cost(24, 30, 44).
cost(24, 31, 93).
cost(24, 32, 98).
cost(25, 1, 7).
cost(25, 2, 63).
cost(25, 3, 41).
cost(25, 4, 75).
cost(25, 5, 36).
cost(25, 6, 83).
cost(25, 7, 14).
cost(25, 8, 46).
cost(25, 9, 78).
cost(25, 10, 7).
cost(25, 11, 69).
cost(25, 12, 70).
cost(25, 13, 84).
cost(25, 14, 84).
cost(25, 15, 9).
cost(25, 16, 88).
cost(25, 17, 16).
cost(25, 18, 16).
cost(25, 19, 64).
cost(25, 20, 23).
cost(25, 21, 7).
cost(25, 22, 23).
cost(25, 23, 78).
cost(25, 24, 35).
cost(25, 26, 80).
cost(25, 27, 31).
cost(25, 28, 78).
cost(25, 29, 65).
cost(25, 30, 14).
cost(25, 31, 63).
cost(25, 32, 66).
cost(26, 1, 74).
cost(26, 2, 33).
cost(26, 3, 83).
cost(26, 4, 10).
cost(26, 5, 69).
cost(26, 6, 29).
cost(26, 7, 82).
cost(26, 8, 85).
cost(26, 9, 17).
cost(26, 10, 75).
cost(26, 11, 12).
cost(26, 12, 19).
cost(26, 13, 16).
cost(26, 14, 14).
cost(26, 15, 72).
cost(26, 16, 14).
cost(26, 17, 72).
cost(26, 18, 83).
cost(26, 19, 16).
cost(26, 20, 97).
cost(26, 21, 83).
cost(26, 22, 77).
cost(26, 23, 12).
cost(26, 24, 106).
cost(26, 25, 80).
cost(26, 27, 76).
cost(26, 28, 13).
cost(26, 29, 20).
cost(26, 30, 85).
cost(26, 31, 23).
cost(26, 32, 31).
cost(27, 1, 27).
cost(27, 2, 48).
cost(27, 3, 70).
cost(27, 4, 68).
cost(27, 5, 60).
cost(27, 6, 89).
cost(27, 7, 44).
cost(27, 8, 75).
cost(27, 9, 80).
cost(27, 10, 26).
cost(27, 11, 64).
cost(27, 12, 60).
cost(27, 13, 73).
cost(27, 14, 75).
cost(27, 15, 30).
cost(27, 16, 87).
cost(27, 17, 16).
cost(27, 18, 18).
cost(27, 19, 62).
cost(27, 20, 54).
cost(27, 21, 26).
cost(27, 22, 52).
cost(27, 23, 79).
cost(27, 24, 64).
cost(27, 25, 31).
cost(27, 26, 76).
cost(27, 28, 69).
cost(27, 29, 67).
cost(27, 30, 21).
cost(27, 31, 54).
cost(27, 32, 52).
cost(28, 1, 71).
cost(28, 2, 22).
cost(28, 3, 86).
cost(28, 4, 4).
cost(28, 5, 72).
cost(28, 6, 41).
cost(28, 7, 82).
cost(28, 8, 89).
cost(28, 9, 28).
cost(28, 10, 72).
cost(28, 11, 11).
cost(28, 12, 9).
cost(28, 13, 7).
cost(28, 14, 6).
cost(28, 15, 69).
cost(28, 16, 26).
cost(28, 17, 67).
cost(28, 18, 78).
cost(28, 19, 18).
cost(28, 20, 96).
cost(28, 21, 79).
cost(28, 22, 78).
cost(28, 23, 23).
cost(28, 24, 107).
cost(28, 25, 78).
cost(28, 26, 13).
cost(28, 27, 69).
cost(28, 29, 26).
cost(28, 30, 81).
cost(28, 31, 15).
cost(28, 32, 20).
cost(29, 1, 59).
cost(29, 2, 36).
cost(29, 3, 63).
cost(29, 4, 22).
cost(29, 5, 49).
cost(29, 6, 23).
cost(29, 7, 65).
cost(29, 8, 65).
cost(29, 9, 13).
cost(29, 10, 60).
cost(29, 11, 16).
cost(29, 12, 26).
cost(29, 13, 33).
cost(29, 14, 31).
cost(29, 15, 56).
cost(29, 16, 23).
cost(29, 17, 59).
cost(29, 18, 70).
cost(29, 19, 9).
cost(29, 20, 79).
cost(29, 21, 68).
cost(29, 22, 58).
cost(29, 23, 14).
cost(29, 24, 88).
cost(29, 25, 65).
cost(29, 26, 20).
cost(29, 27, 67).
cost(29, 28, 26).
cost(29, 30, 72).
cost(29, 31, 24).
cost(29, 32, 35).
cost(30, 1, 15).
cost(30, 2, 63).
cost(30, 3, 55).
cost(30, 4, 79).
cost(30, 5, 50).
cost(30, 6, 92).
cost(30, 7, 27).
cost(30, 8, 60).
cost(30, 9, 85).
cost(30, 10, 13).
cost(30, 11, 74).
cost(30, 12, 72).
cost(30, 13, 86).
cost(30, 14, 87).
cost(30, 15, 19).
cost(30, 16, 94).
cost(30, 17, 13).
cost(30, 18, 4).
cost(30, 19, 70).
cost(30, 20, 33).
cost(30, 21, 7).
cost(30, 22, 37).
cost(30, 23, 85).
cost(30, 24, 44).
cost(30, 25, 14).
cost(30, 26, 85).
cost(30, 27, 21).
cost(30, 28, 81).
cost(30, 29, 72).
cost(30, 31, 66).
cost(30, 32, 66).
cost(31, 1, 57).
cost(31, 2, 12).
cost(31, 3, 75).
cost(31, 4, 13).
cost(31, 5, 61).
cost(31, 6, 44).
cost(31, 7, 68).
cost(31, 8, 79).
cost(31, 9, 32).
cost(31, 10, 57).
cost(31, 11, 12).
cost(31, 12, 7).
cost(31, 13, 21).
cost(31, 14, 21).
cost(31, 15, 55).
cost(31, 16, 35).
cost(31, 17, 53).
cost(31, 18, 63).
cost(31, 19, 15).
cost(31, 20, 83).
cost(31, 21, 65).
cost(31, 22, 66).
cost(31, 23, 29).
cost(31, 24, 93).
cost(31, 25, 63).
cost(31, 26, 23).
cost(31, 27, 54).
cost(31, 28, 15).
cost(31, 29, 24).
cost(31, 30, 66).
cost(31, 32, 12).
cost(32, 1, 59).
cost(32, 2, 3).
cost(32, 3, 84).
cost(32, 4, 20).
cost(32, 5, 69).
cost(32, 6, 55).
cost(32, 7, 73).
cost(32, 8, 88).
cost(32, 9, 43).
cost(32, 10, 60).
cost(32, 11, 22).
cost(32, 12, 12).
cost(32, 13, 22).
cost(32, 14, 24).
cost(32, 15, 59).
cost(32, 16, 45).
cost(32, 17, 53).
cost(32, 18, 63).
cost(32, 19, 26).
cost(32, 20, 88).
cost(32, 21, 66).
cost(32, 22, 72).
cost(32, 23, 39).
cost(32, 24, 98).
cost(32, 25, 66).
cost(32, 26, 31).
cost(32, 27, 52).
cost(32, 28, 20).
cost(32, 29, 35).
cost(32, 30, 66).
cost(32, 31, 12).
