dimension(32).
point(1, 9.9192750651, 7.0106461647).
point(2, 32.5089145424, 79.0461562945).
point(3, 6.4395038453, 28.4526568486).
point(4, 20.7733136633, 6.7107526918).
point(5, 53.8204327148, 91.471185308).
point(6, 8.0813930551, 17.9134731198).
point(7, 48.7610442239, 21.104737972).
point(8, 59.553540045, 3.6756403949).
point(9, 6.1758068441, 34.3169402079).
point(10, 15.6988168998, 1.4513091535).
point(11, 72.8279735379, 99.1522157667).
point(12, 43.1201115278, 75.3689327851).
point(13, 25.6262203389, 5.9199922038).
point(14, 58.222251575, 85.560753072).
point(15, 28.7380312539, 96.5809879453).
point(16, 72.4462022126, 77.310189026).
point(17, 66.427799263, 60.4915451331).
point(18, 39.9273445133, 66.5897209158).
point(19, 53.4094211858, 29.4550503791).
point(20, 38.0464424108, 77.2735371115).
point(21, 42.4589389033, 12.1622523778).
point(22, 55.2014684784, 71.5011274691).
point(23, 77.2683436234, 66.2389430659).
point(24, 78.2270730133, 61.0987941114).
point(25, 57.1630209182, 62.6280236662).
point(26, 39.8018922923, 87.4817012735).
point(27, 48.083276104, 65.6187927254).
point(28, 54.9991541212, 9.2338346086).
point(29, 44.0183292456, 28.139192868).
point(30, 15.4144267457, 13.8500078274).
point(31, 25.6675092804, 35.4128630263).
point(32, 11.094165728, 24.2644523983).
cost(1, 2, 75).
cost(1, 3, 22).
cost(1, 4, 11).
cost(1, 5, 95).
cost(1, 6, 11).
cost(1, 7, 41).
cost(1, 8, 50).
cost(1, 9, 28).
cost(1, 10, 8).
cost(1, 11, 112).
cost(1, 12, 76).
cost(1, 13, 16).
cost(1, 14, 92).
cost(1, 15, 92).
cost(1, 16, 94).
cost(1, 17, 78).
cost(1, 18, 67).
cost(1, 19, 49).
cost(1, 20, 76).
cost(1, 21, 33).
cost(1, 22, 79).
cost(1, 23, 90).
cost(1, 24, 87).
cost(1, 25, 73).
cost(1, 26, 86).
cost(1, 27, 70).
cost(1, 28, 45).
cost(1, 29, 40).
cost(1, 30, 9).
cost(1, 31, 32).
cost(1, 32, 17).
cost(2, 1, 75).
cost(2, 3, 57).
cost(2, 4, 73).
cost(2, 5, 25).
cost(2, 6, 66).
cost(2, 7, 60).
cost(2, 8, 80).
cost(2, 9, 52).
cost(2, 10, 79).
cost(2, 11, 45).
cost(2, 12, 11).
cost(2, 13, 73).
cost(2, 14, 27).
cost(2, 15, 18).
cost(2, 16, 40).
cost(2, 17, 39).
cost(2, 18, 14).
cost(2, 19, 54).
cost(2, 20, 6).
cost(2, 21, 68).
cost(2, 22, 24).
cost(2, 23, 47).
cost(2, 24, 49).
cost(2, 25, 30).
cost(2, 26, 11).
cost(2, 27, 21).
cost(2, 28, 73).
cost(2, 29, 52).
cost(2, 30, 67).
cost(2, 31, 44).
cost(2, 32, 59).
cost(3, 1, 22).
cost(3, 2, 57).
cost(3, 4, 26).
cost(3, 5, 79).
cost(3, 6, 11).
cost(3, 7, 43).
cost(3, 8, 59).
cost(3, 9, 6).
cost(3, 10, 29).
cost(3, 11, 97).
cost(3, 12, 60).
cost(3, 13, 30).
cost(3, 14, 77).
cost(3, 15, 72).
cost(3, 16, 82).
cost(3, 17, 68).
cost(3, 18, 51).
cost(3, 19, 47).
cost(3, 20, 58).
cost(3, 21, 40).
cost(3, 22, 65).
cost(3, 23, 80).
cost(3, 24, 79).
cost(3, 25, 61).
cost(3, 26, 68).
cost(3, 27, 56).
cost(3, 28, 52).
cost(3, 29, 38).
cost(3, 30, 17).
cost(3, 31, 20).
cost(3, 32, 6).
cost(4, 1, 11).
cost(4, 2, 73).
cost(4, 3, 26).
cost(4, 5, 91).
cost(4, 6, 17).
cost(4, 7, 31).
cost(4, 8, 39).
cost(4, 9, 31).
cost(4, 10, 7).
cost(4, 11, 106).
cost(4, 12, 72).
cost(4, 13, 5).
cost(4, 14, 87).
cost(4, 15, 90).
cost(4, 16, 87).
cost(4, 17, 71).
cost(4, 18, 63).
cost(4, 19, 40).
cost(4, 20, 73).
cost(4, 21, 22).
cost(4, 22, 73).
cost(4, 23, 82).
cost(4, 24, 79).
cost(4, 25, 67).
cost(4, 26, 83).
cost(4, 27, 65).
cost(4, 28, 34).
cost(4, 29, 32).
cost(4, 30, 9).
cost(4, 31, 29).
cost(4, 32, 20).
cost(5, 1, 95).
cost(5, 2, 25).
cost(5, 3, 79).
cost(5, 4, 91).
cost(5, 6, 87).
cost(5, 7, 71).
cost(5, 8, 88).
cost(5, 9, 74).
cost(5, 10, 98).
cost(5, 11, 21).
cost(5, 12, 19).
cost(5, 13, 90).
cost(5, 14, 7).
cost(5, 15, 26).
cost(5, 16, 23).
cost(5, 17, 33).
cost(5, 18, 28).
cost(5, 19, 62).
cost(5, 20, 21).
cost(5, 21, 80).
cost(5, 22, 20).
cost(5, 23, 34).
cost(5, 24, 39).
cost(5, 25, 29).
cost(5, 26, 15).
cost(5, 27, 26).
cost(5, 28, 82).
cost(5, 29, 64).
cost(5, 30, 87).
cost(5, 31, 63).
cost(5, 32, 80).
cost(6, 1, 11).
cost(6, 2, 66).
cost(6, 3, 11).
cost(6, 4, 17).
cost(6, 5, 87).
cost(6, 7, 41).
cost(6, 8, 53).
cost(6, 9, 17).
cost(6, 10, 18).
cost(6, 11, 104).
cost(6, 12, 67).
cost(6, 13, 21).
cost(6, 14, 84).
cost(6, 15, 81).
cost(6, 16, 88).
cost(6, 17, 72).
cost(6, 18, 58).
cost(6, 19, 47).
cost(6, 20, 66).
cost(6, 21, 35).
cost(6, 22, 71).
cost(6, 23, 84).
cost(6, 24, 82).
cost(6, 25, 66).
cost(6, 26, 76).
cost(6, 27, 62).
cost(6, 28, 48).
cost(6, 29, 37).
cost(6, 30, 8).
cost(6, 31, 25).
cost(6, 32, 7).
cost(7, 1, 41).
cost(7, 2, 60).
cost(7, 3, 43).
cost(7, 4, 31).
cost(7, 5, 71).
cost(7, 6, 41).
cost(7, 8, 21).
cost(7, 9, 45).
cost(7, 10, 38).
cost(7, 11, 82).
cost(7, 12, 55).
cost(7, 13, 28).
cost(7, 14, 65).
cost(7, 15, 78).
cost(7, 16, 61).
cost(7, 17, 43).
cost(7, 18, 46).
cost(7, 19, 10).
cost(7, 20, 57).
cost(7, 21, 11).
cost(7, 22, 51).
cost(7, 23, 53).
cost(7, 24, 50).
cost(7, 25, 42).
cost(7, 26, 67).
cost(7, 27, 45).
cost(7, 28, 13).
cost(7, 29, 8).
cost(7, 30, 34).
cost(7, 31, 27).
cost(7, 32, 38).
cost(8, 1, 50).
cost(8, 2, 80).
cost(8, 3, 59).
cost(8, 4, 39).
cost(8, 5, 88).
cost(8, 6, 53).
cost(8, 7, 21).
cost(8, 9, 62).
cost(8, 10, 44).
cost(8, 11, 96).
cost(8, 12, 74).
cost(8, 13, 34).
cost(8, 14, 82).
cost(8, 15, 98).
cost(8, 16, 75).
cost(8, 17, 57).
cost(8, 18, 66).
cost(8, 19, 27).
cost(8, 20, 77).
cost(8, 21, 19).
cost(8, 22, 68).
cost(8, 23, 65).
cost(8, 24, 60).
cost(8, 25, 59).
cost(8, 26, 86).
cost(8, 27, 63).
cost(8, 28, 7).
cost(8, 29, 29).
cost(8, 30, 45).
cost(8, 31, 46).
cost(8, 32, 53).
cost(9, 1, 28).
cost(9, 2, 52).
cost(9, 3, 6).
cost(9, 4, 31).
cost(9, 5, 74).
cost(9, 6, 17).
cost(9, 7, 45).
cost(9, 8, 62).
cost(9, 10, 34).
cost(9, 11, 93).
cost(9, 12, 55).
cost(9, 13, 34).
cost(9, 14, 73).
cost(9, 15, 66).
cost(9, 16, 79).
cost(9, 17, 66).
cost(9, 18, 47).
cost(9, 19, 47).
cost(9, 20, 53).
cost(9, 21, 43).
cost(9, 22, 62).
cost(9, 23, 78).
cost(9, 24, 77).
cost(9, 25, 58).
cost(9, 26, 63).
cost(9, 27, 52).
cost(9, 28, 55).
cost(9, 29, 38).
cost(9, 30, 22).
cost(9, 31, 20).
cost(9, 32, 11).
cost(10, 1, 8).
cost(10, 2, 79).
cost(10, 3, 29).
cost(10, 4, 7).
cost(10, 5, 98).
cost(10, 6, 18).
cost(10, 7, 38).
cost(10, 8, 44).
cost(10, 9, 34).
cost(10, 11, 113).
cost(10, 12, 79).
cost(10, 13, 11).
cost(10, 14, 94).
cost(10, 15, 96).
cost(10, 16, 95).
cost(10, 17, 78).
cost(10, 18, 69).
cost(10, 19, 47).
cost(10, 20, 79).
cost(10, 21, 29).
cost(10, 22, 80).
cost(10, 23, 89).
cost(10, 24, 86).
cost(10, 25, 74).
cost(10, 26, 89).
cost(10, 27, 72).
cost(10, 28, 40).
cost(10, 29, 39).
cost(10, 30, 12).
cost(10, 31, 35).
cost(10, 32, 23).
cost(11, 1, 112).
cost(11, 2, 45).
cost(11, 3, 97).
cost(11, 4, 106).
cost(11, 5, 21).
cost(11, 6, 104).
cost(11, 7, 82).
cost(11, 8, 96).
cost(11, 9, 93).
cost(11, 10, 113).
cost(11, 12, 38).
cost(11, 13, 105).
cost(11, 14, 20).
cost(11, 15, 44).
cost(11, 16, 22).
cost(11, 17, 39).
cost(11, 18, 46).
cost(11, 19, 72).
cost(11, 20, 41).
cost(11, 21, 92).
cost(11, 22, 33).
cost(11, 23, 33).
cost(11, 24, 38).
cost(11, 25, 40).
cost(11, 26, 35).
cost(11, 27, 42).
cost(11, 28, 92).
cost(11, 29, 77).
cost(11, 30, 103).
cost(11, 31, 79).
cost(11, 32, 97).
cost(12, 1, 76).
cost(12, 2, 11).
cost(12, 3, 60).
cost(12, 4, 72).
cost(12, 5, 19).
cost(12, 6, 67).
cost(12, 7, 55).
cost(12, 8, 74).
cost(12, 9, 55).
cost(12, 10, 79).
cost(12, 11, 38).
cost(12, 13, 72).
cost(12, 14, 18).
cost(12, 15, 26).
cost(12, 16, 29).
cost(12, 17, 28).
cost(12, 18, 9).
cost(12, 19, 47).
cost(12, 20, 5).
cost(12, 21, 63).
cost(12, 22, 13).
cost(12, 23, 35).
cost(12, 24, 38).
cost(12, 25, 19).
cost(12, 26, 13).
cost(12, 27, 11).
cost(12, 28, 67).
cost(12, 29, 47).
cost(12, 30, 67).
cost(12, 31, 44).
cost(12, 32, 60).
cost(13, 1, 16).
cost(13, 2, 73).
cost(13, 3, 30).
cost(13, 4, 5).
cost(13, 5, 90).
cost(13, 6, 21).
cost(13, 7, 28).
cost(13, 8, 34).
cost(13, 9, 34).
cost(13, 10, 11).
cost(13, 11, 105).
cost(13, 12, 72).
cost(13, 14, 86).
cost(13, 15, 91).
cost(13, 16, 85).
cost(13, 17, 68).
cost(13, 18, 62).
cost(13, 19, 36).
cost(13, 20, 72).
cost(13, 21, 18).
cost(13, 22, 72).
cost(13, 23, 79).
cost(13, 24, 76).
cost(13, 25, 65).
cost(13, 26, 83).
cost(13, 27, 64).
cost(13, 28, 30).
cost(13, 29, 29).
cost(13, 30, 13).
cost(13, 31, 29).
cost(13, 32, 23).
cost(14, 1, 92).
cost(14, 2, 27).
cost(14, 3, 77).
cost(14, 4, 87).
cost(14, 5, 7).
cost(14, 6, 84).
cost(14, 7, 65).
cost(14, 8, 82).
cost(14, 9, 73).
cost(14, 10, 94).
cost(14, 11, 20).
cost(14, 12, 18).
cost(14, 13, 86).
cost(14, 15, 31).
cost(14, 16, 16).
cost(14, 17, 26).
cost(14, 18, 26).
cost(14, 19, 56).
cost(14, 20, 22).
cost(14, 21, 75).
cost(14, 22, 14).
cost(14, 23, 27).
cost(14, 24, 32).
cost(14, 25, 23).
cost(14, 26, 19).
cost(14, 27, 22).
cost(14, 28, 76).
cost(14, 29, 59).
cost(14, 30, 84).
cost(14, 31, 60).
cost(14, 32, 77).
cost(15, 1, 92).
cost(15, 2, 18).
cost(15, 3, 72).
cost(15, 4, 90).
cost(15, 5, 26).
cost(15, 6, 81).
cost(15, 7, 78).
cost(15, 8, 98).
cost(15, 9, 66).
cost(15, 10, 96).
cost(15, 11, 44).
cost(15, 12, 26).
cost(15, 13, 91).
cost(15, 14, 31).
cost(15, 16, 48).
cost(15, 17, 52).
cost(15, 18, 32).
cost(15, 19, 72).
cost(15, 20, 21).
cost(15, 21, 86).
cost(15, 22, 36).
cost(15, 23, 57).
cost(15, 24, 61).
cost(15, 25, 44).
cost(15, 26, 14).
cost(15, 27, 37).
cost(15, 28, 91).
cost(15, 29, 70).
cost(15, 30, 84).
cost(15, 31, 61).
cost(15, 32, 74).
cost(16, 1, 94).
cost(16, 2, 40).
cost(16, 3, 82).
cost(16, 4, 87).
cost(16, 5, 23).
cost(16, 6, 88).
cost(16, 7, 61).
cost(16, 8, 75).
cost(16, 9, 79).
cost(16, 10, 95).
cost(16, 11, 22).
cost(16, 12, 29).
cost(16, 13, 85).
cost(16, 14, 16).
cost(16, 15, 48).
cost(16, 17, 18).
cost(16, 18, 34).
cost(16, 19, 52).
cost(16, 20, 34).
cost(16, 21, 72).
cost(16, 22, 18).
cost(16, 23, 12).
cost(16, 24, 17).
cost(16, 25, 21).
cost(16, 26, 34).
cost(16, 27, 27).
cost(16, 28, 70).
cost(16, 29, 57).
cost(16, 30, 85).
cost(16, 31, 63).
cost(16, 32, 81).
cost(17, 1, 78).
cost(17, 2, 39).
cost(17, 3, 68).
cost(17, 4, 71).
cost(17, 5, 33).
cost(17, 6, 72).
cost(17, 7, 43).
cost(17, 8, 57).
cost(17, 9, 66).
cost(17, 10, 78).
cost(17, 11, 39).
cost(17, 12, 28).
cost(17, 13, 68).
cost(17, 14, 26).
cost(17, 15, 52).
cost(17, 16, 18).
cost(17, 18, 27).
cost(17, 19, 34).
cost(17, 20, 33).
cost(17, 21, 54).
cost(17, 22, 16).
cost(17, 23, 12).
cost(17, 24, 12).
cost(17, 25, 10).
cost(17, 26, 38).
cost(17, 27, 19).
cost(17, 28, 53).
cost(17, 29, 39).
cost(17, 30, 69).
cost(17, 31, 48).
cost(17, 32, 66).
cost(18, 1, 67).
cost(18, 2, 14).
cost(18, 3, 51).
cost(18, 4, 63).
cost(18, 5, 28).
cost(18, 6, 58).
cost(18, 7, 46).
cost(18, 8, 66).
cost(18, 9, 47).
cost(18, 10, 69).
cost(18, 11, 46).
cost(18, 12, 9).
cost(18, 13, 62).
cost(18, 14, 26).
cost(18, 15, 32).
cost(18, 16, 34).
cost(18, 17, 27).
cost(18, 19, 40).
cost(18, 20, 11).
cost(18, 21, 54).
cost(18, 22, 16).
cost(18, 23, 37).
cost(18, 24, 39).
cost(18, 25, 18).
cost(18, 26, 21).
cost(18, 27, 8).
cost(18, 28, 59).
cost(18, 29, 39).
cost(18, 30, 58).
cost(18, 31, 34).
cost(18, 32, 51).
cost(19, 1, 49).
cost(19, 2, 54).
cost(19, 3, 47).
cost(19, 4, 40).
cost(19, 5, 62).
cost(19, 6, 47).
cost(19, 7, 10).
cost(19, 8, 27).
cost(19, 9, 47).
cost(19, 10, 47).
cost(19, 11, 72).
cost(19, 12, 47).
cost(19, 13, 36).
cost(19, 14, 56).
cost(19, 15, 72).
cost(19, 16, 52).
cost(19, 17, 34).
cost(19, 18, 40).
cost(19, 20, 50).
cost(19, 21, 20).
cost(19, 22, 42).
cost(19, 23, 44).
cost(19, 24, 40).
cost(19, 25, 33).
cost(19, 26, 60).
cost(19, 27, 37).
cost(19, 28, 20).
cost(19, 29, 9).
cost(19, 30, 41).
cost(19, 31, 28).
cost(19, 32, 43).
cost(20, 1, 76).
cost(20, 2, 6).
cost(20, 3, 58).
cost(20, 4, 73).
cost(20, 5, 21).
cost(20, 6, 66).
cost(20, 7, 57).
cost(20, 8, 77).
cost(20, 9, 53).
cost(20, 10, 79).
cost(20, 11, 41).
cost(20, 12, 5).
cost(20, 13, 72).
cost(20, 14, 22).
cost(20, 15, 21).
cost(20, 16, 34).
cost(20, 17, 33).
cost(20, 18, 11).
cost(20, 19, 50).
cost(20, 21, 65).
cost(20, 22, 18).
cost(20, 23, 41).
cost(20, 24, 43).
cost(20, 25, 24).
cost(20, 26, 10).
cost(20, 27, 15).
cost(20, 28, 70).
cost(20, 29, 49).
cost(20, 30, 67).
cost(20, 31, 44).
cost(20, 32, 59).
cost(21, 1, 33).
cost(21, 2, 68).
cost(21, 3, 40).
cost(21, 4, 22).
cost(21, 5, 80).
cost(21, 6, 35).
cost(21, 7, 11).
cost(21, 8, 19).
cost(21, 9, 43).
cost(21, 10, 29).
cost(21, 11, 92).
cost(21, 12, 63).
cost(21, 13, 18).
cost(21, 14, 75).
cost(21, 15, 86).
cost(21, 16, 72).
cost(21, 17, 54).
cost(21, 18, 54).
cost(21, 19, 20).
cost(21, 20, 65).
cost(21, 22, 61).
cost(21, 23, 64).
cost(21, 24, 61).
cost(21, 25, 53).
cost(21, 26, 75).
cost(21, 27, 54).
cost(21, 28, 13).
cost(21, 29, 16).
cost(21, 30, 27).
cost(21, 31, 29).
cost(21, 32, 34).
cost(22, 1, 79).
cost(22, 2, 24).
cost(22, 3, 65).
cost(22, 4, 73).
cost(22, 5, 20).
cost(22, 6, 71).
cost(22, 7, 51).
cost(22, 8, 68).
cost(22, 9, 62).
cost(22, 10, 80).
cost(22, 11, 33).
cost(22, 12, 13).
cost(22, 13, 72).
cost(22, 14, 14).
cost(22, 15, 36).
cost(22, 16, 18).
cost(22, 17, 16).
cost(22, 18, 16).
cost(22, 19, 42).
cost(22, 20, 18).
cost(22, 21, 61).
cost(22, 23, 23).
cost(22, 24, 25).
cost(22, 25, 9).
cost(22, 26, 22).
cost(22, 27, 9).
cost(22, 28, 62).
cost(22, 29, 45).
cost(22, 30, 70).
cost(22, 31, 47).
cost(22, 32, 65).
cost(23, 1, 90).
cost(23, 2, 47).
cost(23, 3, 80).
cost(23, 4, 82).
cost(23, 5, 34).
cost(23, 6, 84).
cost(23, 7, 53).
cost(23, 8, 65).
cost(23, 9, 78).
cost(23, 10, 89).
cost(23, 11, 33).
cost(23, 12, 35).
cost(23, 13, 79).
cost(23, 14, 27).
cost(23, 15, 57).
cost(23, 16, 12).
cost(23, 17, 12).
cost(23, 18, 37).
cost(23, 19, 44).
cost(23, 20, 41).
cost(23, 21, 64).
cost(23, 22, 23).
cost(23, 24, 5).
cost(23, 25, 20).
cost(23, 26, 43).
cost(23, 27, 29).
cost(23, 28, 61).
cost(23, 29, 51).
cost(23, 30, 81).
cost(23, 31, 60).
cost(23, 32, 78).
cost(24, 1, 87).
cost(24, 2, 49).
cost(24, 3, 79).
cost(24, 4, 79).
cost(24, 5, 39).
cost(24, 6, 82).
cost(24, 7, 50).
cost(24, 8, 60).
cost(24, 9, 77).
cost(24, 10, 86).
cost(24, 11, 38).
cost(24, 12, 38).
cost(24, 13, 76).
cost(24, 14, 32).
cost(24, 15, 61).
cost(24, 16, 17).
cost(24, 17, 12).
cost(24, 18, 39).
cost(24, 19, 40).
cost(24, 20, 43).
cost(24, 21, 61).
cost(24, 22, 25).
cost(24, 23, 5).
cost(24, 25, 21).
cost(24, 26, 47).
cost(24, 27, 30).
cost(24, 28, 57).
cost(24, 29, 48).
cost(24, 30, 79).
cost(24, 31, 59).
cost(24, 32, 77).
cost(25, 1, 73).
cost(25, 2, 30).
cost(25, 3, 61).
cost(25, 4, 67).
cost(25, 5, 29).
cost(25, 6, 66).
cost(25, 7, 42).
cost(25, 8, 59).
cost(25, 9, 58).
cost(25, 10, 74).
cost(25, 11, 40).
cost(25, 12, 19).
cost(25, 13, 65).
cost(25, 14, 23).
cost(25, 15, 44).
cost(25, 16, 21).
cost(25, 17, 10).
cost(25, 18, 18).
cost(25, 19, 33).
cost(25, 20, 24).
cost(25, 21, 53).
cost(25, 22, 9).
cost(25, 23, 20).
cost(25, 24, 21).
cost(25, 26, 30).
cost(25, 27, 10).
cost(25, 28, 53).
cost(25, 29, 37).
cost(25, 30, 64).
cost(25, 31, 42).
cost(25, 32, 60).
cost(26, 1, 86).
cost(26, 2, 11).
cost(26, 3, 68).
cost(26, 4, 83).
cost(26, 5, 15).
cost(26, 6, 76).
cost(26, 7, 67).
cost(26, 8, 86).
cost(26, 9, 63).
cost(26, 10, 89).
cost(26, 11, 35).
cost(26, 12, 13).
cost(26, 13, 83).
cost(26, 14, 19).
cost(26, 15, 14).
cost(26, 16, 34).
cost(26, 17, 38).
cost(26, 18, 21).
cost(26, 19, 60).
cost(26, 20, 10).
cost(26, 21, 75).
cost(26, 22, 22).
cost(26, 23, 43).
cost(26, 24, 47).
cost(26, 25, 30).
cost(26, 27, 23).
cost(26, 28, 80).
cost(26, 29, 59).
cost(26, 30, 78).
cost(26, 31, 54).
cost(26, 32, 69).
cost(27, 1, 70).
cost(27, 2, 21).
cost(27, 3, 56).
cost(27, 4, 65).
cost(27, 5, 26).
cost(27, 6, 62).
cost(27, 7, 45).
cost(27, 8, 63).
cost(27, 9, 52).
cost(27, 10, 72).
cost(27, 11, 42).
cost(27, 12, 11).
cost(27, 13, 64).
cost(27, 14, 22).
cost(27, 15, 37).
cost(27, 16, 27).
cost(27, 17, 19).
cost(27, 18, 8).
cost(27, 19, 37).
cost(27, 20, 15).
cost(27, 21, 54).
cost(27, 22, 9).
cost(27, 23, 29).
cost(27, 24, 30).
cost(27, 25, 10).
cost(27, 26, 23).
cost(27, 28, 57).
cost(27, 29, 38).
cost(27, 30, 61).
cost(27, 31, 38).
cost(27, 32, 55).
cost(28, 1, 45).
cost(28, 2, 73).
cost(28, 3, 52).
cost(28, 4, 34).
cost(28, 5, 82).
cost(28, 6, 48).
cost(28, 7, 13).
cost(28, 8, 7).
cost(28, 9, 55).
cost(28, 10, 40).
cost(28, 11, 92).
cost(28, 12, 67).
cost(28, 13, 30).
cost(28, 14, 76).
cost(28, 15, 91).
cost(28, 16, 70).
cost(28, 17, 53).
cost(28, 18, 59).
cost(28, 19, 20).
cost(28, 20, 70).
cost(28, 21, 13).
cost(28, 22, 62).
cost(28, 23, 61).
cost(28, 24, 57).
cost(28, 25, 53).
cost(28, 26, 80).
cost(28, 27, 57).
cost(28, 29, 22).
cost(28, 30, 40).
cost(28, 31, 39).
cost(28, 32, 46).
cost(29, 1, 40).
cost(29, 2, 52).
cost(29, 3, 38).
cost(29, 4, 32).
cost(29, 5, 64).
cost(29, 6, 37).
cost(29, 7, 8).
cost(29, 8, 29).
cost(29, 9, 38).
cost(29, 10, 39).
cost(29, 11, 77).
cost(29, 12, 47).
cost(29, 13, 29).
cost(29, 14, 59).
cost(29, 15, 70).
cost(29, 16, 57).
cost(29, 17, 39).
cost(29, 18, 39).
cost(29, 19, 9).
cost(29, 20, 49).
cost(29, 21, 16).
cost(29, 22, 45).
cost(29, 23, 51).
cost(29, 24, 48).
cost(29, 25, 37).
cost(29, 26, 59).
cost(29, 27, 38).
cost(29, 28, 22).
cost(29, 30, 32).
cost(29, 31, 20).
cost(29, 32, 33).
cost(30, 1, 9).
cost(30, 2, 67).
cost(30, 3, 17).
cost(30, 4, 9).
cost(30, 5, 87).
cost(30, 6, 8).
cost(30, 7, 34).
cost(30, 8, 45).
cost(30, 9, 22).
cost(30, 10, 12).
cost(30, 11, 103).
cost(30, 12, 67).
cost(30, 13, 13).
cost(30, 14, 84).
cost(30, 15, 84).
cost(30, 16, 85).
cost(30, 17, 69).
cost(30, 18, 58).
cost(30, 19, 41).
cost(30, 20, 67).
cost(30, 21, 27).
cost(30, 22, 70).
cost(30, 23, 81).
cost(30, 24, 79).
cost(30, 25, 64).
cost(30, 26, 78).
cost(30, 27, 61).
cost(30, 28, 40).
cost(30, 29, 32).
cost(30, 31, 24).
cost(30, 32, 11).
cost(31, 1, 32).
cost(31, 2, 44).
cost(31, 3, 20).
cost(31, 4, 29).
cost(31, 5, 63).
cost(31, 6, 25).
cost(31, 7, 27).
cost(31, 8, 46).
cost(31, 9, 20).
cost(31, 10, 35).
cost(31, 11, 79).
cost(31, 12, 44).
cost(31, 13, 29).
cost(31, 14, 60).
cost(31, 15, 61).
cost(31, 16, 63).
cost(31, 17, 48).
cost(31, 18, 34).
cost(31, 19, 28).
cost(31, 20, 44).
cost(31, 21, 29).
cost(31, 22, 47).
cost(31, 23, 60).
cost(31, 24, 59).
cost(31, 25, 42).
cost(31, 26, 54).
cost(31, 27, 38).
cost(31, 28, 39).
cost(31, 29, 20).
cost(31, 30, 24).
cost(31, 32, 18).
cost(32, 1, 17).
cost(32, 2, 59).
cost(32, 3, 6).
cost(32, 4, 20).
cost(32, 5, 80).
cost(32, 6, 7).
cost(32, 7, 38).
cost(32, 8, 53).
cost(32, 9, 11).
cost(32, 10, 23).
cost(32, 11, 97).
cost(32, 12, 60).
cost(32, 13, 23).
cost(32, 14, 77).
cost(32, 15, 74).
cost(32, 16, 81).
cost(32, 17, 66).
cost(32, 18, 51).
cost(32, 19, 43).
cost(32, 20, 59).
cost(32, 21, 34).
cost(32, 22, 65).
cost(32, 23, 78).
cost(32, 24, 77).
cost(32, 25, 60).
cost(32, 26, 69).
cost(32, 27, 55).
cost(32, 28, 46).
cost(32, 29, 33).
cost(32, 30, 11).
cost(32, 31, 18).
