dimension(32).
point(1, 86.3222230239, 84.4056910835).
point(2, 57.8184802931, 91.57422556).
point(3, 80.7298487912, 91.4648657973).
point(4, 27.1275965267, 25.2908759444).
point(5, 80.5812384953, 26.4315444913).
point(6, 93.6661969547, 74.0865315458).
point(7, 21.2949475569, 32.7792229604).
point(8, 26.7258926067, 41.5902963396).
point(9, 98.4693727018, 73.9013428679).
point(10, 89.4316562897, 98.0154774102).
point(11, 56.9355084236, 47.0166973714).
point(12, 75.1004403836, 16.5677082689).
point(13, 18.6332625733, 22.8070973101).
point(14, 71.2682610205, 71.393581836).
point(15, 20.4585243993, 9.6750676838).
point(16, 22.634827777, 58.1425162921).
point(17, 49.4985703061, 37.0523059871).
point(18, 58.7418838111, 93.2412187884).
point(19, 71.5926826489, 86.6640777616).
point(20, 76.2543865708, 78.0961558042).
point(21, 15.7583197715, 50.1007686925).
point(22, 77.7031103466, 90.1358099844).
point(23, 66.1775675233, 19.0476481162).
point(24, 94.1709118438, 90.5704261703).
point(25, 34.2698443767, 26.9525303171).
point(26, 86.2387623571, 79.0822631739).
point(27, 54.0696615, 25.2850115211).
point(28, 67.7687474602, 14.2142983174).
point(29, 55.5101823521, 10.3558548064).
point(30, 76.1642249059, 93.4735314694).
point(31, 95.362834994, 64.8533179984).
point(32, 66.2482175059, 96.6069709203).
cost(1, 2, 29).
cost(1, 3, 9).
cost(1, 4, 84).
cost(1, 5, 58).
cost(1, 6, 13).
cost(1, 7, 83).
cost(1, 8, 73).
cost(1, 9, 16).
cost(1, 10, 14).
cost(1, 11, 48).
cost(1, 12, 69).
cost(1, 13, 92).
cost(1, 14, 20).
cost(1, 15, 100).
cost(1, 16, 69).
cost(1, 17, 60).
cost(1, 18, 29).
cost(1, 19, 15).
cost(1, 20, 12).
cost(1, 21, 78).
cost(1, 22, 10).
cost(1, 23, 68).
cost(1, 24, 10).
cost(1, 25, 78).
cost(1, 26, 5).
cost(1, 27, 67).
cost(1, 28, 73).
cost(1, 29, 80).
cost(1, 30, 14).
cost(1, 31, 22).
cost(1, 32, 23).
cost(2, 1, 29).
cost(2, 3, 23).
cost(2, 4, 73).
cost(2, 5, 69).
cost(2, 6, 40).
cost(2, 7, 69).
cost(2, 8, 59).
cost(2, 9, 44).
cost(2, 10, 32).
cost(2, 11, 45).
cost(2, 12, 77).
cost(2, 13, 79).
cost(2, 14, 24).
cost(2, 15, 90).
cost(2, 16, 49).
cost(2, 17, 55).
cost(2, 18, 2).
cost(2, 19, 15).
cost(2, 20, 23).
cost(2, 21, 59).
cost(2, 22, 20).
cost(2, 23, 73).
cost(2, 24, 36).
cost(2, 25, 69).
cost(2, 26, 31).
cost(2, 27, 66).
cost(2, 28, 78).
cost(2, 29, 81).
cost(2, 30, 18).
cost(2, 31, 46).
cost(2, 32, 10).
cost(3, 1, 9).
cost(3, 2, 23).
cost(3, 4, 85).
cost(3, 5, 65).
cost(3, 6, 22).
cost(3, 7, 84).
cost(3, 8, 74).
cost(3, 9, 25).
cost(3, 10, 11).
cost(3, 11, 50).
cost(3, 12, 75).
cost(3, 13, 93).
cost(3, 14, 22).
cost(3, 15, 102).
cost(3, 16, 67).
cost(3, 17, 63).
cost(3, 18, 22).
cost(3, 19, 10).
cost(3, 20, 14).
cost(3, 21, 77).
cost(3, 22, 3).
cost(3, 23, 74).
cost(3, 24, 13).
cost(3, 25, 80).
cost(3, 26, 14).
cost(3, 27, 71).
cost(3, 28, 78).
cost(3, 29, 85).
cost(3, 30, 5).
cost(3, 31, 30).
cost(3, 32, 15).
cost(4, 1, 84).
cost(4, 2, 73).
cost(4, 3, 85).
cost(4, 5, 53).
cost(4, 6, 83).
cost(4, 7, 9).
cost(4, 8, 16).
cost(4, 9, 86).
cost(4, 10, 96).
cost(4, 11, 37).
cost(4, 12, 49).
cost(4, 13, 9).
cost(4, 14, 64).
cost(4, 15, 17).
cost(4, 16, 33).
cost(4, 17, 25).
cost(4, 18, 75).
cost(4, 19, 76).
cost(4, 20, 72).
cost(4, 21, 27).
cost(4, 22, 82).
cost(4, 23, 40).
cost(4, 24, 94).
cost(4, 25, 7).
cost(4, 26, 80).
cost(4, 27, 27).
cost(4, 28, 42).
cost(4, 29, 32).
cost(4, 30, 84).
cost(4, 31, 79).
cost(4, 32, 81).
cost(5, 1, 58).
cost(5, 2, 69).
cost(5, 3, 65).
cost(5, 4, 53).
cost(5, 6, 49).
cost(5, 7, 60).
cost(5, 8, 56).
cost(5, 9, 51).
cost(5, 10, 72).
cost(5, 11, 31).
cost(5, 12, 11).
cost(5, 13, 62).
cost(5, 14, 46).
cost(5, 15, 62).
cost(5, 16, 66).
cost(5, 17, 33).
cost(5, 18, 70).
cost(5, 19, 61).
cost(5, 20, 52).
cost(5, 21, 69).
cost(5, 22, 64).
cost(5, 23, 16).
cost(5, 24, 66).
cost(5, 25, 46).
cost(5, 26, 53).
cost(5, 27, 27).
cost(5, 28, 18).
cost(5, 29, 30).
cost(5, 30, 67).
cost(5, 31, 41).
cost(5, 32, 72).
cost(6, 1, 13).
cost(6, 2, 40).
cost(6, 3, 22).
cost(6, 4, 83).
cost(6, 5, 49).
cost(6, 7, 83).
cost(6, 8, 74).
cost(6, 9, 5).
cost(6, 10, 24).
cost(6, 11, 46).
cost(6, 12, 60).
cost(6, 13, 91).
cost(6, 14, 23).
cost(6, 15, 98).
cost(6, 16, 73).
cost(6, 17, 58).
cost(6, 18, 40).
cost(6, 19, 25).
cost(6, 20, 18).
cost(6, 21, 82).
cost(6, 22, 23).
cost(6, 23, 62).
cost(6, 24, 16).
cost(6, 25, 76).
cost(6, 26, 9).
cost(6, 27, 63).
cost(6, 28, 65).
cost(6, 29, 74).
cost(6, 30, 26).
cost(6, 31, 9).
cost(6, 32, 35).
cost(7, 1, 83).
cost(7, 2, 69).
cost(7, 3, 84).
cost(7, 4, 9).
cost(7, 5, 60).
cost(7, 6, 83).
cost(7, 8, 10).
cost(7, 9, 87).
cost(7, 10, 94).
cost(7, 11, 38).
cost(7, 12, 56).
cost(7, 13, 10).
cost(7, 14, 63).
cost(7, 15, 23).
cost(7, 16, 25).
cost(7, 17, 29).
cost(7, 18, 71).
cost(7, 19, 74).
cost(7, 20, 71).
cost(7, 21, 18).
cost(7, 22, 80).
cost(7, 23, 47).
cost(7, 24, 93).
cost(7, 25, 14).
cost(7, 26, 80).
cost(7, 27, 34).
cost(7, 28, 50).
cost(7, 29, 41).
cost(7, 30, 82).
cost(7, 31, 81).
cost(7, 32, 78).
cost(8, 1, 73).
cost(8, 2, 59).
cost(8, 3, 74).
cost(8, 4, 16).
cost(8, 5, 56).
cost(8, 6, 74).
cost(8, 7, 10).
cost(8, 9, 79).
cost(8, 10, 84).
cost(8, 11, 31).
cost(8, 12, 54).
cost(8, 13, 20).
cost(8, 14, 54).
cost(8, 15, 33).
cost(8, 16, 17).
cost(8, 17, 23).
cost(8, 18, 61).
cost(8, 19, 64).
cost(8, 20, 62).
cost(8, 21, 14).
cost(8, 22, 70).
cost(8, 23, 45).
cost(8, 24, 83).
cost(8, 25, 16).
cost(8, 26, 70).
cost(8, 27, 32).
cost(8, 28, 49).
cost(8, 29, 42).
cost(8, 30, 72).
cost(8, 31, 72).
cost(8, 32, 68).
cost(9, 1, 16).
cost(9, 2, 44).
cost(9, 3, 25).
cost(9, 4, 86).
cost(9, 5, 51).
cost(9, 6, 5).
cost(9, 7, 87).
cost(9, 8, 79).
cost(9, 10, 26).
cost(9, 11, 49).
cost(9, 12, 62).
cost(9, 13, 95).
cost(9, 14, 27).
cost(9, 15, 101).
cost(9, 16, 77).
cost(9, 17, 61).
cost(9, 18, 44).
cost(9, 19, 30).
cost(9, 20, 23).
cost(9, 21, 86).
cost(9, 22, 26).
cost(9, 23, 64).
cost(9, 24, 17).
cost(9, 25, 80).
cost(9, 26, 13).
cost(9, 27, 66).
cost(9, 28, 67).
cost(9, 29, 77).
cost(9, 30, 30).
cost(9, 31, 10).
cost(9, 32, 39).
cost(10, 1, 14).
cost(10, 2, 32).
cost(10, 3, 11).
cost(10, 4, 96).
cost(10, 5, 72).
cost(10, 6, 24).
cost(10, 7, 94).
cost(10, 8, 84).
cost(10, 9, 26).
cost(10, 11, 60).
cost(10, 12, 83).
cost(10, 13, 103).
cost(10, 14, 32).
cost(10, 15, 112).
cost(10, 16, 78).
cost(10, 17, 73).
cost(10, 18, 31).
cost(10, 19, 21).
cost(10, 20, 24).
cost(10, 21, 88).
cost(10, 22, 14).
cost(10, 23, 82).
cost(10, 24, 9).
cost(10, 25, 90).
cost(10, 26, 19).
cost(10, 27, 81).
cost(10, 28, 87).
cost(10, 29, 94).
cost(10, 30, 14).
cost(10, 31, 34).
cost(10, 32, 23).
cost(11, 1, 48).
cost(11, 2, 45).
cost(11, 3, 50).
cost(11, 4, 37).
cost(11, 5, 31).
cost(11, 6, 46).
cost(11, 7, 38).
cost(11, 8, 31).
cost(11, 9, 49).
cost(11, 10, 60).
cost(11, 12, 35).
cost(11, 13, 45).
cost(11, 14, 28).
cost(11, 15, 52).
cost(11, 16, 36).
cost(11, 17, 12).
cost(11, 18, 46).
cost(11, 19, 42).
cost(11, 20, 37).
cost(11, 21, 41).
cost(11, 22, 48).
cost(11, 23, 29).
cost(11, 24, 57).
cost(11, 25, 30).
cost(11, 26, 43).
cost(11, 27, 22).
cost(11, 28, 35).
cost(11, 29, 37).
cost(11, 30, 50).
cost(11, 31, 42).
cost(11, 32, 50).
cost(12, 1, 69).
cost(12, 2, 77).
cost(12, 3, 75).
cost(12, 4, 49).
cost(12, 5, 11).
cost(12, 6, 60).
cost(12, 7, 56).
cost(12, 8, 54).
cost(12, 9, 62).
cost(12, 10, 83).
cost(12, 11, 35).
cost(12, 13, 57).
cost(12, 14, 55).
cost(12, 15, 55).
cost(12, 16, 67).
cost(12, 17, 33).
cost(12, 18, 78).
cost(12, 19, 70).
cost(12, 20, 62).
cost(12, 21, 68).
cost(12, 22, 74).
cost(12, 23, 9).
cost(12, 24, 76).
cost(12, 25, 42).
cost(12, 26, 63).
cost(12, 27, 23).
cost(12, 28, 8).
cost(12, 29, 21).
cost(12, 30, 77).
cost(12, 31, 52).
cost(12, 32, 81).
cost(13, 1, 92).
cost(13, 2, 79).
cost(13, 3, 93).
cost(13, 4, 9).
cost(13, 5, 62).
cost(13, 6, 91).
cost(13, 7, 10).
cost(13, 8, 20).
cost(13, 9, 95).
cost(13, 10, 103).
cost(13, 11, 45).
cost(13, 12, 57).
cost(13, 14, 72).
cost(13, 15, 13).
cost(13, 16, 36).
cost(13, 17, 34).
cost(13, 18, 81).
cost(13, 19, 83).
cost(13, 20, 80).
cost(13, 21, 27).
cost(13, 22, 90).
cost(13, 23, 48).
cost(13, 24, 101).
cost(13, 25, 16).
cost(13, 26, 88).
cost(13, 27, 36).
cost(13, 28, 50).
cost(13, 29, 39).
cost(13, 30, 91).
cost(13, 31, 87).
cost(13, 32, 88).
cost(14, 1, 20).
cost(14, 2, 24).
cost(14, 3, 22).
cost(14, 4, 64).
cost(14, 5, 46).
cost(14, 6, 23).
cost(14, 7, 63).
cost(14, 8, 54).
cost(14, 9, 27).
cost(14, 10, 32).
cost(14, 11, 28).
cost(14, 12, 55).
cost(14, 13, 72).
cost(14, 15, 80).
cost(14, 16, 50).
cost(14, 17, 41).
cost(14, 18, 25).
cost(14, 19, 15).
cost(14, 20, 8).
cost(14, 21, 59).
cost(14, 22, 20).
cost(14, 23, 53).
cost(14, 24, 30).
cost(14, 25, 58).
cost(14, 26, 17).
cost(14, 27, 49).
cost(14, 28, 57).
cost(14, 29, 63).
cost(14, 30, 23).
cost(14, 31, 25).
cost(14, 32, 26).
cost(15, 1, 100).
cost(15, 2, 90).
cost(15, 3, 102).
cost(15, 4, 17).
cost(15, 5, 62).
cost(15, 6, 98).
cost(15, 7, 23).
cost(15, 8, 33).
cost(15, 9, 101).
cost(15, 10, 112).
cost(15, 11, 52).
cost(15, 12, 55).
cost(15, 13, 13).
cost(15, 14, 80).
cost(15, 16, 49).
cost(15, 17, 40).
cost(15, 18, 92).
cost(15, 19, 92).
cost(15, 20, 88).
cost(15, 21, 41).
cost(15, 22, 99).
cost(15, 23, 47).
cost(15, 24, 109).
cost(15, 25, 22).
cost(15, 26, 96).
cost(15, 27, 37).
cost(15, 28, 48).
cost(15, 29, 35).
cost(15, 30, 101).
cost(15, 31, 93).
cost(15, 32, 98).
cost(16, 1, 69).
cost(16, 2, 49).
cost(16, 3, 67).
cost(16, 4, 33).
cost(16, 5, 66).
cost(16, 6, 73).
cost(16, 7, 25).
cost(16, 8, 17).
cost(16, 9, 77).
cost(16, 10, 78).
cost(16, 11, 36).
cost(16, 12, 67).
cost(16, 13, 36).
cost(16, 14, 50).
cost(16, 15, 49).
cost(16, 17, 34).
cost(16, 18, 50).
cost(16, 19, 57).
cost(16, 20, 57).
cost(16, 21, 11).
cost(16, 22, 64).
cost(16, 23, 59).
cost(16, 24, 79).
cost(16, 25, 33).
cost(16, 26, 67).
cost(16, 27, 45).
cost(16, 28, 63).
cost(16, 29, 58).
cost(16, 30, 64).
cost(16, 31, 73).
cost(16, 32, 58).
cost(17, 1, 60).
cost(17, 2, 55).
cost(17, 3, 63).
cost(17, 4, 25).
cost(17, 5, 33).
cost(17, 6, 58).
cost(17, 7, 29).
cost(17, 8, 23).
cost(17, 9, 61).
cost(17, 10, 73).
cost(17, 11, 12).
cost(17, 12, 33).
cost(17, 13, 34).
cost(17, 14, 41).
cost(17, 15, 40).
cost(17, 16, 34).
cost(17, 18, 57).
cost(17, 19, 54).
cost(17, 20, 49).
cost(17, 21, 36).
cost(17, 22, 60).
cost(17, 23, 25).
cost(17, 24, 70).
cost(17, 25, 18).
cost(17, 26, 56).
cost(17, 27, 13).
cost(17, 28, 29).
cost(17, 29, 27).
cost(17, 30, 62).
cost(17, 31, 54).
cost(17, 32, 62).
cost(18, 1, 29).
cost(18, 2, 2).
cost(18, 3, 22).
cost(18, 4, 75).
cost(18, 5, 70).
cost(18, 6, 40).
cost(18, 7, 71).
cost(18, 8, 61).
cost(18, 9, 44).
cost(18, 10, 31).
cost(18, 11, 46).
cost(18, 12, 78).
cost(18, 13, 81).
cost(18, 14, 25).
cost(18, 15, 92).
cost(18, 16, 50).
cost(18, 17, 57).
cost(18, 19, 14).
cost(18, 20, 23).
cost(18, 21, 61).
cost(18, 22, 19).
cost(18, 23, 75).
cost(18, 24, 36).
cost(18, 25, 71).
cost(18, 26, 31).
cost(18, 27, 68).
cost(18, 28, 80).
cost(18, 29, 83).
cost(18, 30, 17).
cost(18, 31, 46).
cost(18, 32, 8).
cost(19, 1, 15).
cost(19, 2, 15).
cost(19, 3, 10).
cost(19, 4, 76).
cost(19, 5, 61).
cost(19, 6, 25).
cost(19, 7, 74).
cost(19, 8, 64).
cost(19, 9, 30).
cost(19, 10, 21).
cost(19, 11, 42).
cost(19, 12, 70).
cost(19, 13, 83).
cost(19, 14, 15).
cost(19, 15, 92).
cost(19, 16, 57).
cost(19, 17, 54).
cost(19, 18, 14).
cost(19, 20, 10).
cost(19, 21, 67).
cost(19, 22, 7).
cost(19, 23, 68).
cost(19, 24, 23).
cost(19, 25, 70).
cost(19, 26, 16).
cost(19, 27, 64).
cost(19, 28, 73).
cost(19, 29, 78).
cost(19, 30, 8).
cost(19, 31, 32).
cost(19, 32, 11).
cost(20, 1, 12).
cost(20, 2, 23).
cost(20, 3, 14).
cost(20, 4, 72).
cost(20, 5, 52).
cost(20, 6, 18).
cost(20, 7, 71).
cost(20, 8, 62).
cost(20, 9, 23).
cost(20, 10, 24).
cost(20, 11, 37).
cost(20, 12, 62).
cost(20, 13, 80).
cost(20, 14, 8).
cost(20, 15, 88).
cost(20, 16, 57).
cost(20, 17, 49).
cost(20, 18, 23).
cost(20, 19, 10).
cost(20, 21, 67).
cost(20, 22, 12).
cost(20, 23, 60).
cost(20, 24, 22).
cost(20, 25, 66).
cost(20, 26, 10).
cost(20, 27, 57).
cost(20, 28, 64).
cost(20, 29, 71).
cost(20, 30, 15).
cost(20, 31, 23).
cost(20, 32, 21).
cost(21, 1, 78).
cost(21, 2, 59).
cost(21, 3, 77).
cost(21, 4, 27).
cost(21, 5, 69).
cost(21, 6, 82).
cost(21, 7, 18).
cost(21, 8, 14).
cost(21, 9, 86).
cost(21, 10, 88).
cost(21, 11, 41).
cost(21, 12, 68).
cost(21, 13, 27).
cost(21, 14, 59).
cost(21, 15, 41).
cost(21, 16, 11).
cost(21, 17, 36).
cost(21, 18, 61).
cost(21, 19, 67).
cost(21, 20, 67).
cost(21, 22, 74).
cost(21, 23, 59).
cost(21, 24, 88).
cost(21, 25, 30).
cost(21, 26, 76).
cost(21, 27, 46).
cost(21, 28, 63).
cost(21, 29, 56).
cost(21, 30, 74).
cost(21, 31, 81).
cost(21, 32, 69).
cost(22, 1, 10).
cost(22, 2, 20).
cost(22, 3, 3).
cost(22, 4, 82).
cost(22, 5, 64).
cost(22, 6, 23).
cost(22, 7, 80).
cost(22, 8, 70).
cost(22, 9, 26).
cost(22, 10, 14).
cost(22, 11, 48).
cost(22, 12, 74).
cost(22, 13, 90).
cost(22, 14, 20).
cost(22, 15, 99).
cost(22, 16, 64).
cost(22, 17, 60).
cost(22, 18, 19).
cost(22, 19, 7).
cost(22, 20, 12).
cost(22, 21, 74).
cost(22, 23, 72).
cost(22, 24, 16).
cost(22, 25, 77).
cost(22, 26, 14).
cost(22, 27, 69).
cost(22, 28, 77).
cost(22, 29, 83).
cost(22, 30, 4).
cost(22, 31, 31).
cost(22, 32, 13).
cost(23, 1, 68).
cost(23, 2, 73).
cost(23, 3, 74).
cost(23, 4, 40).
cost(23, 5, 16).
cost(23, 6, 62).
cost(23, 7, 47).
cost(23, 8, 45).
cost(23, 9, 64).
cost(23, 10, 82).
cost(23, 11, 29).
cost(23, 12, 9).
cost(23, 13, 48).
cost(23, 14, 53).
cost(23, 15, 47).
cost(23, 16, 59).
cost(23, 17, 25).
cost(23, 18, 75).
cost(23, 19, 68).
cost(23, 20, 60).
cost(23, 21, 59).
cost(23, 22, 72).
cost(23, 24, 77).
cost(23, 25, 33).
cost(23, 26, 63).
cost(23, 27, 14).
cost(23, 28, 5).
cost(23, 29, 14).
cost(23, 30, 75).
cost(23, 31, 54).
cost(23, 32, 78).
cost(24, 1, 10).
cost(24, 2, 36).
cost(24, 3, 13).
cost(24, 4, 94).
cost(24, 5, 66).
cost(24, 6, 16).
cost(24, 7, 93).
cost(24, 8, 83).
cost(24, 9, 17).
cost(24, 10, 9).
cost(24, 11, 57).
cost(24, 12, 76).
cost(24, 13, 101).
cost(24, 14, 30).
cost(24, 15, 109).
cost(24, 16, 79).
cost(24, 17, 70).
cost(24, 18, 36).
cost(24, 19, 23).
cost(24, 20, 22).
cost(24, 21, 88).
cost(24, 22, 16).
cost(24, 23, 77).
cost(24, 25, 87).
cost(24, 26, 14).
cost(24, 27, 77).
cost(24, 28, 81).
cost(24, 29, 89).
cost(24, 30, 18).
cost(24, 31, 26).
cost(24, 32, 29).
cost(25, 1, 78).
cost(25, 2, 69).
cost(25, 3, 80).
cost(25, 4, 7).
cost(25, 5, 46).
cost(25, 6, 76).
cost(25, 7, 14).
cost(25, 8, 16).
cost(25, 9, 80).
cost(25, 10, 90).
cost(25, 11, 30).
cost(25, 12, 42).
cost(25, 13, 16).
cost(25, 14, 58).
cost(25, 15, 22).
cost(25, 16, 33).
cost(25, 17, 18).
cost(25, 18, 71).
cost(25, 19, 70).
cost(25, 20, 66).
cost(25, 21, 30).
cost(25, 22, 77).
cost(25, 23, 33).
cost(25, 24, 87).
cost(25, 26, 74).
cost(25, 27, 20).
cost(25, 28, 36).
cost(25, 29, 27).
cost(25, 30, 79).
cost(25, 31, 72).
cost(25, 32, 77).
cost(26, 1, 5).
cost(26, 2, 31).
cost(26, 3, 14).
cost(26, 4, 80).
cost(26, 5, 53).
cost(26, 6, 9).
cost(26, 7, 80).
cost(26, 8, 70).
cost(26, 9, 13).
cost(26, 10, 19).
cost(26, 11, 43).
cost(26, 12, 63).
cost(26, 13, 88).
cost(26, 14, 17).
cost(26, 15, 96).
cost(26, 16, 67).
cost(26, 17, 56).
cost(26, 18, 31).
cost(26, 19, 16).
cost(26, 20, 10).
cost(26, 21, 76).
cost(26, 22, 14).
cost(26, 23, 63).
cost(26, 24, 14).
cost(26, 25, 74).
cost(26, 27, 63).
cost(26, 28, 67).
cost(26, 29, 75).
cost(26, 30, 18).
cost(26, 31, 17).
cost(26, 32, 27).
cost(27, 1, 67).
cost(27, 2, 66).
cost(27, 3, 71).
cost(27, 4, 27).
cost(27, 5, 27).
cost(27, 6, 63).
cost(27, 7, 34).
cost(27, 8, 32).
cost(27, 9, 66).
cost(27, 10, 81).
cost(27, 11, 22).
cost(27, 12, 23).
cost(27, 13, 36).
cost(27, 14, 49).
cost(27, 15, 37).
cost(27, 16, 45).
cost(27, 17, 13).
cost(27, 18, 68).
cost(27, 19, 64).
cost(27, 20, 57).
cost(27, 21, 46).
cost(27, 22, 69).
cost(27, 23, 14).
cost(27, 24, 77).
cost(27, 25, 20).
cost(27, 26, 63).
cost(27, 28, 18).
cost(27, 29, 15).
cost(27, 30, 72).
cost(27, 31, 57).
cost(27, 32, 72).
cost(28, 1, 73).
cost(28, 2, 78).
cost(28, 3, 78).
cost(28, 4, 42).
cost(28, 5, 18).
cost(28, 6, 65).
cost(28, 7, 50).
cost(28, 8, 49).
cost(28, 9, 67).
cost(28, 10, 87).
cost(28, 11, 35).
cost(28, 12, 8).
cost(28, 13, 50).
cost(28, 14, 57).
cost(28, 15, 48).
cost(28, 16, 63).
cost(28, 17, 29).
cost(28, 18, 80).
cost(28, 19, 73).
cost(28, 20, 64).
cost(28, 21, 63).
cost(28, 22, 77).
cost(28, 23, 5).
cost(28, 24, 81).
cost(28, 25, 36).
cost(28, 26, 67).
cost(28, 27, 18).
cost(28, 29, 13).
cost(28, 30, 80).
cost(28, 31, 58).
cost(28, 32, 82).
cost(29, 1, 80).
cost(29, 2, 81).
cost(29, 3, 85).
cost(29, 4, 32).
cost(29, 5, 30).
cost(29, 6, 74).
cost(29, 7, 41).
cost(29, 8, 42).
cost(29, 9, 77).
cost(29, 10, 94).
cost(29, 11, 37).
cost(29, 12, 21).
cost(29, 13, 39).
cost(29, 14, 63).
cost(29, 15, 35).
cost(29, 16, 58).
cost(29, 17, 27).
cost(29, 18, 83).
cost(29, 19, 78).
cost(29, 20, 71).
cost(29, 21, 56).
cost(29, 22, 83).
cost(29, 23, 14).
cost(29, 24, 89).
cost(29, 25, 27).
cost(29, 26, 75).
cost(29, 27, 15).
cost(29, 28, 13).
cost(29, 30, 86).
cost(29, 31, 68).
cost(29, 32, 87).
cost(30, 1, 14).
cost(30, 2, 18).
cost(30, 3, 5).
cost(30, 4, 84).
cost(30, 5, 67).
cost(30, 6, 26).
cost(30, 7, 82).
cost(30, 8, 72).
cost(30, 9, 30).
cost(30, 10, 14).
cost(30, 11, 50).
cost(30, 12, 77).
cost(30, 13, 91).
cost(30, 14, 23).
cost(30, 15, 101).
cost(30, 16, 64).
cost(30, 17, 62).
cost(30, 18, 17).
cost(30, 19, 8).
cost(30, 20, 15).
cost(30, 21, 74).
cost(30, 22, 4).
cost(30, 23, 75).
cost(30, 24, 18).
cost(30, 25, 79).
cost(30, 26, 18).
cost(30, 27, 72).
cost(30, 28, 80).
cost(30, 29, 86).
cost(30, 31, 34).
cost(30, 32, 10).
cost(31, 1, 22).
cost(31, 2, 46).
cost(31, 3, 30).
cost(31, 4, 79).
cost(31, 5, 41).
cost(31, 6, 9).
cost(31, 7, 81).
cost(31, 8, 72).
cost(31, 9, 10).
cost(31, 10, 34).
cost(31, 11, 42).
cost(31, 12, 52).
cost(31, 13, 87).
cost(31, 14, 25).
cost(31, 15, 93).
cost(31, 16, 73).
cost(31, 17, 54).
cost(31, 18, 46).
cost(31, 19, 32).
cost(31, 20, 23).
cost(31, 21, 81).
cost(31, 22, 31).
cost(31, 23, 54).
cost(31, 24, 26).
cost(31, 25, 72).
cost(31, 26, 17).
cost(31, 27, 57).
cost(31, 28, 58).
cost(31, 29, 68).
cost(31, 30, 34).
cost(31, 32, 43).
cost(32, 1, 23).
cost(32, 2, 10).
cost(32, 3, 15).
cost(32, 4, 81).
cost(32, 5, 72).
cost(32, 6, 35).
cost(32, 7, 78).
cost(32, 8, 68).
cost(32, 9, 39).
cost(32, 10, 23).
cost(32, 11, 50).
cost(32, 12, 81).
cost(32, 13, 88).
cost(32, 14, 26).
cost(32, 15, 98).
cost(32, 16, 58).
cost(32, 17, 62).
cost(32, 18, 8).
cost(32, 19, 11).
cost(32, 20, 21).
cost(32, 21, 69).
cost(32, 22, 13).
cost(32, 23, 78).
cost(32, 24, 29).
cost(32, 25, 77).
cost(32, 26, 27).
cost(32, 27, 72).
cost(32, 28, 82).
cost(32, 29, 87).
cost(32, 30, 10).
cost(32, 31, 43).
