dimension(32).
point(1, 49.6877814284, 84.1822653686).
point(2, 59.5519220053, 75.5686200972).
point(3, 57.8884952717, 37.9354698345).
point(4, 72.0233988224, 76.3815921842).
point(5, 9.240466621, 41.6809675618).
point(6, 57.3192874301, 16.0754443813).
point(7, 74.7822423682, 80.7181629056).
point(8, 84.0123575711, 95.108920912).
point(9, 44.3341163367, 33.2945641146).
point(10, 21.7819033404, 47.0232195828).
point(11, 38.8948123881, 14.8671121119).
point(12, 24.8541383146, 41.3426074613).
point(13, 65.6253169379, 79.6144528977).
point(14, 58.4600418834, 22.1854951109).
point(15, 15.3405262197, 45.0890845542).
point(16, 70.7001560902, 92.6466907919).
point(17, 75.4004395884, 73.368901761).
point(18, 25.9984102586, 10.6872592398).
point(19, 63.621213168, 76.9961816604).
point(20, 84.4136317964, 90.4487962476).
point(21, 67.2669483281, 67.7065472636).
point(22, 49.5031261157, 27.9133616052).
point(23, 28.0053707189, 8.0687518965).
point(24, 11.7919988689, 5.6015818999).
point(25, 57.9146771865, 84.5788898874).
point(26, 90.2873312757, 78.5715285265).
point(27, 52.5333346331, 65.6747417906).
point(28, 52.4809102121, 89.5384736644).
point(29, 55.0084061629, 76.920371903).
point(30, 40.1519738902, 14.2373450063).
point(31, 27.1728063343, 50.4929491157).
point(32, 50.4828109105, 19.1814548516).
cost(1, 2, 13).
cost(1, 3, 47).
cost(1, 4, 24).
cost(1, 5, 59).
cost(1, 6, 69).
cost(1, 7, 25).
cost(1, 8, 36).
cost(1, 9, 51).
cost(1, 10, 46).
cost(1, 11, 70).
cost(1, 12, 50).
cost(1, 13, 17).
cost(1, 14, 63).
cost(1, 15, 52).
cost(1, 16, 23).
cost(1, 17, 28).
cost(1, 18, 77).
cost(1, 19, 16).
cost(1, 20, 35).
cost(1, 21, 24).
cost(1, 22, 56).
cost(1, 23, 79).
cost(1, 24, 87).
cost(1, 25, 8).
cost(1, 26, 41).
cost(1, 27, 19).
cost(1, 28, 6).
cost(1, 29, 9).
cost(1, 30, 71).
cost(1, 31, 41).
cost(1, 32, 65).
cost(2, 1, 13).
cost(2, 3, 38).
cost(2, 4, 12).
cost(2, 5, 61).
cost(2, 6, 60).
cost(2, 7, 16).
cost(2, 8, 31).
cost(2, 9, 45).
cost(2, 10, 47).
cost(2, 11, 64).
cost(2, 12, 49).
cost(2, 13, 7).
cost(2, 14, 53).
cost(2, 15, 54).
cost(2, 16, 20).
cost(2, 17, 16).
cost(2, 18, 73).
cost(2, 19, 4).
cost(2, 20, 29).
cost(2, 21, 11).
cost(2, 22, 49).
cost(2, 23, 75).
cost(2, 24, 85).
cost(2, 25, 9).
cost(2, 26, 31).
cost(2, 27, 12).
cost(2, 28, 16).
cost(2, 29, 5).
cost(2, 30, 64).
cost(2, 31, 41).
cost(2, 32, 57).
cost(3, 1, 47).
cost(3, 2, 38).
cost(3, 4, 41).
cost(3, 5, 49).
cost(3, 6, 22).
cost(3, 7, 46).
cost(3, 8, 63).
cost(3, 9, 14).
cost(3, 10, 37).
cost(3, 11, 30).
cost(3, 12, 33).
cost(3, 13, 42).
cost(3, 14, 16).
cost(3, 15, 43).
cost(3, 16, 56).
cost(3, 17, 40).
cost(3, 18, 42).
cost(3, 19, 39).
cost(3, 20, 59).
cost(3, 21, 31).
cost(3, 22, 13).
cost(3, 23, 42).
cost(3, 24, 56).
cost(3, 25, 47).
cost(3, 26, 52).
cost(3, 27, 28).
cost(3, 28, 52).
cost(3, 29, 39).
cost(3, 30, 30).
cost(3, 31, 33).
cost(3, 32, 20).
cost(4, 1, 24).
cost(4, 2, 12).
cost(4, 3, 41).
cost(4, 5, 72).
cost(4, 6, 62).
cost(4, 7, 5).
cost(4, 8, 22).
cost(4, 9, 51).
cost(4, 10, 58).
cost(4, 11, 70).
cost(4, 12, 59).
cost(4, 13, 7).
cost(4, 14, 56).
cost(4, 15, 65).
cost(4, 16, 16).
cost(4, 17, 5).
cost(4, 18, 80).
cost(4, 19, 8).
cost(4, 20, 19).
cost(4, 21, 10).
cost(4, 22, 53).
cost(4, 23, 81).
cost(4, 24, 93).
cost(4, 25, 16).
cost(4, 26, 18).
cost(4, 27, 22).
cost(4, 28, 24).
cost(4, 29, 17).
cost(4, 30, 70).
cost(4, 31, 52).
cost(4, 32, 61).
cost(5, 1, 59).
cost(5, 2, 61).
cost(5, 3, 49).
cost(5, 4, 72).
cost(5, 6, 54).
cost(5, 7, 76).
cost(5, 8, 92).
cost(5, 9, 36).
cost(5, 10, 14).
cost(5, 11, 40).
cost(5, 12, 16).
cost(5, 13, 68).
cost(5, 14, 53).
cost(5, 15, 7).
cost(5, 16, 80).
cost(5, 17, 73).
cost(5, 18, 35).
cost(5, 19, 65).
cost(5, 20, 90).
cost(5, 21, 64).
cost(5, 22, 43).
cost(5, 23, 38).
cost(5, 24, 36).
cost(5, 25, 65).
cost(5, 26, 89).
cost(5, 27, 49).
cost(5, 28, 64).
cost(5, 29, 58).
cost(5, 30, 41).
cost(5, 31, 20).
cost(5, 32, 47).
cost(6, 1, 69).
cost(6, 2, 60).
cost(6, 3, 22).
cost(6, 4, 62).
cost(6, 5, 54).
cost(6, 7, 67).
cost(6, 8, 83).
cost(6, 9, 22).
cost(6, 10, 47).
cost(6, 11, 18).
cost(6, 12, 41).
cost(6, 13, 64).
cost(6, 14, 6).
cost(6, 15, 51).
cost(6, 16, 78).
cost(6, 17, 60).
cost(6, 18, 32).
cost(6, 19, 61).
cost(6, 20, 79).
cost(6, 21, 53).
cost(6, 22, 14).
cost(6, 23, 30).
cost(6, 24, 47).
cost(6, 25, 69).
cost(6, 26, 71).
cost(6, 27, 50).
cost(6, 28, 74).
cost(6, 29, 61).
cost(6, 30, 17).
cost(6, 31, 46).
cost(6, 32, 8).
cost(7, 1, 25).
cost(7, 2, 16).
cost(7, 3, 46).
cost(7, 4, 5).
cost(7, 5, 76).
cost(7, 6, 67).
cost(7, 8, 17).
cost(7, 9, 56).
cost(7, 10, 63).
cost(7, 11, 75).
cost(7, 12, 64).
cost(7, 13, 9).
cost(7, 14, 61).
cost(7, 15, 69).
cost(7, 16, 13).
cost(7, 17, 7).
cost(7, 18, 85).
cost(7, 19, 12).
cost(7, 20, 14).
cost(7, 21, 15).
cost(7, 22, 59).
cost(7, 23, 86).
cost(7, 24, 98).
cost(7, 25, 17).
cost(7, 26, 16).
cost(7, 27, 27).
cost(7, 28, 24).
cost(7, 29, 20).
cost(7, 30, 75).
cost(7, 31, 56).
cost(7, 32, 66).
cost(8, 1, 36).
cost(8, 2, 31).
cost(8, 3, 63).
cost(8, 4, 22).
cost(8, 5, 92).
cost(8, 6, 83).
cost(8, 7, 17).
cost(8, 9, 73).
cost(8, 10, 79).
cost(8, 11, 92).
cost(8, 12, 80).
cost(8, 13, 24).
cost(8, 14, 77).
cost(8, 15, 85).
cost(8, 16, 14).
cost(8, 17, 23).
cost(8, 18, 102).
cost(8, 19, 27).
cost(8, 20, 5).
cost(8, 21, 32).
cost(8, 22, 76).
cost(8, 23, 104).
cost(8, 24, 115).
cost(8, 25, 28).
cost(8, 26, 18).
cost(8, 27, 43).
cost(8, 28, 32).
cost(8, 29, 34).
cost(8, 30, 92).
cost(8, 31, 72).
cost(8, 32, 83).
cost(9, 1, 51).
cost(9, 2, 45).
cost(9, 3, 14).
cost(9, 4, 51).
cost(9, 5, 36).
cost(9, 6, 22).
cost(9, 7, 56).
cost(9, 8, 73).
cost(9, 10, 26).
cost(9, 11, 19).
cost(9, 12, 21).
cost(9, 13, 51).
cost(9, 14, 18).
cost(9, 15, 31).
cost(9, 16, 65).
cost(9, 17, 51).
cost(9, 18, 29).
cost(9, 19, 48).
cost(9, 20, 70).
cost(9, 21, 41).
cost(9, 22, 7).
cost(9, 23, 30).
cost(9, 24, 43).
cost(9, 25, 53).
cost(9, 26, 65).
cost(9, 27, 33).
cost(9, 28, 57).
cost(9, 29, 45).
cost(9, 30, 20).
cost(9, 31, 24).
cost(9, 32, 15).
cost(10, 1, 46).
cost(10, 2, 47).
cost(10, 3, 37).
cost(10, 4, 58).
cost(10, 5, 14).
cost(10, 6, 47).
cost(10, 7, 63).
cost(10, 8, 79).
cost(10, 9, 26).
cost(10, 11, 36).
cost(10, 12, 6).
cost(10, 13, 55).
cost(10, 14, 44).
cost(10, 15, 7).
cost(10, 16, 67).
cost(10, 17, 60).
cost(10, 18, 37).
cost(10, 19, 51).
cost(10, 20, 76).
cost(10, 21, 50).
cost(10, 22, 34).
cost(10, 23, 39).
cost(10, 24, 43).
cost(10, 25, 52).
cost(10, 26, 75).
cost(10, 27, 36).
cost(10, 28, 52).
cost(10, 29, 45).
cost(10, 30, 38).
cost(10, 31, 6).
cost(10, 32, 40).
cost(11, 1, 70).
cost(11, 2, 64).
cost(11, 3, 30).
cost(11, 4, 70).
cost(11, 5, 40).
cost(11, 6, 18).
cost(11, 7, 75).
cost(11, 8, 92).
cost(11, 9, 19).
cost(11, 10, 36).
cost(11, 12, 30).
cost(11, 13, 70).
cost(11, 14, 21).
cost(11, 15, 38).
cost(11, 16, 84).
cost(11, 17, 69).
cost(11, 18, 14).
cost(11, 19, 67).
cost(11, 20, 88).
cost(11, 21, 60).
cost(11, 22, 17).
cost(11, 23, 13).
cost(11, 24, 29).
cost(11, 25, 72).
cost(11, 26, 82).
cost(11, 27, 53).
cost(11, 28, 76).
cost(11, 29, 64).
cost(11, 30, 1).
cost(11, 31, 38).
cost(11, 32, 12).
cost(12, 1, 50).
cost(12, 2, 49).
cost(12, 3, 33).
cost(12, 4, 59).
cost(12, 5, 16).
cost(12, 6, 41).
cost(12, 7, 64).
cost(12, 8, 80).
cost(12, 9, 21).
cost(12, 10, 6).
cost(12, 11, 30).
cost(12, 13, 56).
cost(12, 14, 39).
cost(12, 15, 10).
cost(12, 16, 69).
cost(12, 17, 60).
cost(12, 18, 31).
cost(12, 19, 53).
cost(12, 20, 77).
cost(12, 21, 50).
cost(12, 22, 28).
cost(12, 23, 33).
cost(12, 24, 38).
cost(12, 25, 54).
cost(12, 26, 75).
cost(12, 27, 37).
cost(12, 28, 56).
cost(12, 29, 47).
cost(12, 30, 31).
cost(12, 31, 9).
cost(12, 32, 34).
cost(13, 1, 17).
cost(13, 2, 7).
cost(13, 3, 42).
cost(13, 4, 7).
cost(13, 5, 68).
cost(13, 6, 64).
cost(13, 7, 9).
cost(13, 8, 24).
cost(13, 9, 51).
cost(13, 10, 55).
cost(13, 11, 70).
cost(13, 12, 56).
cost(13, 14, 58).
cost(13, 15, 61).
cost(13, 16, 14).
cost(13, 17, 12).
cost(13, 18, 80).
cost(13, 19, 3).
cost(13, 20, 22).
cost(13, 21, 12).
cost(13, 22, 54).
cost(13, 23, 81).
cost(13, 24, 92).
cost(13, 25, 9).
cost(13, 26, 25).
cost(13, 27, 19).
cost(13, 28, 16).
cost(13, 29, 11).
cost(13, 30, 70).
cost(13, 31, 48).
cost(13, 32, 62).
cost(14, 1, 63).
cost(14, 2, 53).
cost(14, 3, 16).
cost(14, 4, 56).
cost(14, 5, 53).
cost(14, 6, 6).
cost(14, 7, 61).
cost(14, 8, 77).
cost(14, 9, 18).
cost(14, 10, 44).
cost(14, 11, 21).
cost(14, 12, 39).
cost(14, 13, 58).
cost(14, 15, 49).
cost(14, 16, 72).
cost(14, 17, 54).
cost(14, 18, 34).
cost(14, 19, 55).
cost(14, 20, 73).
cost(14, 21, 46).
cost(14, 22, 11).
cost(14, 23, 34).
cost(14, 24, 50).
cost(14, 25, 62).
cost(14, 26, 65).
cost(14, 27, 44).
cost(14, 28, 68).
cost(14, 29, 55).
cost(14, 30, 20).
cost(14, 31, 42).
cost(14, 32, 9).
cost(15, 1, 52).
cost(15, 2, 54).
cost(15, 3, 43).
cost(15, 4, 65).
cost(15, 5, 7).
cost(15, 6, 51).
cost(15, 7, 69).
cost(15, 8, 85).
cost(15, 9, 31).
cost(15, 10, 7).
cost(15, 11, 38).
cost(15, 12, 10).
cost(15, 13, 61).
cost(15, 14, 49).
cost(15, 16, 73).
cost(15, 17, 66).
cost(15, 18, 36).
cost(15, 19, 58).
cost(15, 20, 83).
cost(15, 21, 57).
cost(15, 22, 38).
cost(15, 23, 39).
cost(15, 24, 40).
cost(15, 25, 58).
cost(15, 26, 82).
cost(15, 27, 43).
cost(15, 28, 58).
cost(15, 29, 51).
cost(15, 30, 40).
cost(15, 31, 13).
cost(15, 32, 44).
cost(16, 1, 23).
cost(16, 2, 20).
cost(16, 3, 56).
cost(16, 4, 16).
cost(16, 5, 80).
cost(16, 6, 78).
cost(16, 7, 13).
cost(16, 8, 14).
cost(16, 9, 65).
cost(16, 10, 67).
cost(16, 11, 84).
cost(16, 12, 69).
cost(16, 13, 14).
cost(16, 14, 72).
cost(16, 15, 73).
cost(16, 17, 20).
cost(16, 18, 93).
cost(16, 19, 17).
cost(16, 20, 14).
cost(16, 21, 25).
cost(16, 22, 68).
cost(16, 23, 95).
cost(16, 24, 105).
cost(16, 25, 15).
cost(16, 26, 24).
cost(16, 27, 33).
cost(16, 28, 18).
cost(16, 29, 22).
cost(16, 30, 84).
cost(16, 31, 61).
cost(16, 32, 76).
cost(17, 1, 28).
cost(17, 2, 16).
cost(17, 3, 40).
cost(17, 4, 5).
cost(17, 5, 73).
cost(17, 6, 60).
cost(17, 7, 7).
cost(17, 8, 23).
cost(17, 9, 51).
cost(17, 10, 60).
cost(17, 11, 69).
cost(17, 12, 60).
cost(17, 13, 12).
cost(17, 14, 54).
cost(17, 15, 66).
cost(17, 16, 20).
cost(17, 18, 80).
cost(17, 19, 12).
cost(17, 20, 19).
cost(17, 21, 10).
cost(17, 22, 52).
cost(17, 23, 81).
cost(17, 24, 93).
cost(17, 25, 21).
cost(17, 26, 16).
cost(17, 27, 24).
cost(17, 28, 28).
cost(17, 29, 21).
cost(17, 30, 69).
cost(17, 31, 53).
cost(17, 32, 60).
cost(18, 1, 77).
cost(18, 2, 73).
cost(18, 3, 42).
cost(18, 4, 80).
cost(18, 5, 35).
cost(18, 6, 32).
cost(18, 7, 85).
cost(18, 8, 102).
cost(18, 9, 29).
cost(18, 10, 37).
cost(18, 11, 14).
cost(18, 12, 31).
cost(18, 13, 80).
cost(18, 14, 34).
cost(18, 15, 36).
cost(18, 16, 93).
cost(18, 17, 80).
cost(18, 19, 76).
cost(18, 20, 99).
cost(18, 21, 70).
cost(18, 22, 29).
cost(18, 23, 3).
cost(18, 24, 15).
cost(18, 25, 80).
cost(18, 26, 93).
cost(18, 27, 61).
cost(18, 28, 83).
cost(18, 29, 72).
cost(18, 30, 15).
cost(18, 31, 40).
cost(18, 32, 26).
cost(19, 1, 16).
cost(19, 2, 4).
cost(19, 3, 39).
cost(19, 4, 8).
cost(19, 5, 65).
cost(19, 6, 61).
cost(19, 7, 12).
cost(19, 8, 27).
cost(19, 9, 48).
cost(19, 10, 51).
cost(19, 11, 67).
cost(19, 12, 53).
cost(19, 13, 3).
cost(19, 14, 55).
cost(19, 15, 58).
cost(19, 16, 17).
cost(19, 17, 12).
cost(19, 18, 76).
cost(19, 20, 25).
cost(19, 21, 10).
cost(19, 22, 51).
cost(19, 23, 78).
cost(19, 24, 88).
cost(19, 25, 9).
cost(19, 26, 27).
cost(19, 27, 16).
cost(19, 28, 17).
cost(19, 29, 9).
cost(19, 30, 67).
cost(19, 31, 45).
cost(19, 32, 59).
cost(20, 1, 35).
cost(20, 2, 29).
cost(20, 3, 59).
cost(20, 4, 19).
cost(20, 5, 90).
cost(20, 6, 79).
cost(20, 7, 14).
cost(20, 8, 5).
cost(20, 9, 70).
cost(20, 10, 76).
cost(20, 11, 88).
cost(20, 12, 77).
cost(20, 13, 22).
cost(20, 14, 73).
cost(20, 15, 83).
cost(20, 16, 14).
cost(20, 17, 19).
cost(20, 18, 99).
cost(20, 19, 25).
cost(20, 21, 28).
cost(20, 22, 72).
cost(20, 23, 100).
cost(20, 24, 112).
cost(20, 25, 27).
cost(20, 26, 13).
cost(20, 27, 40).
cost(20, 28, 32).
cost(20, 29, 32).
cost(20, 30, 88).
cost(20, 31, 70).
cost(20, 32, 79).
cost(21, 1, 24).
cost(21, 2, 11).
cost(21, 3, 31).
cost(21, 4, 10).
cost(21, 5, 64).
cost(21, 6, 53).
cost(21, 7, 15).
cost(21, 8, 32).
cost(21, 9, 41).
cost(21, 10, 50).
cost(21, 11, 60).
cost(21, 12, 50).
cost(21, 13, 12).
cost(21, 14, 46).
cost(21, 15, 57).
cost(21, 16, 25).
cost(21, 17, 10).
cost(21, 18, 70).
cost(21, 19, 10).
cost(21, 20, 28).
cost(21, 22, 44).
cost(21, 23, 71).
cost(21, 24, 83).
cost(21, 25, 19).
cost(21, 26, 25).
cost(21, 27, 15).
cost(21, 28, 26).
cost(21, 29, 15).
cost(21, 30, 60).
cost(21, 31, 44).
cost(21, 32, 51).
cost(22, 1, 56).
cost(22, 2, 49).
cost(22, 3, 13).
cost(22, 4, 53).
cost(22, 5, 43).
cost(22, 6, 14).
cost(22, 7, 59).
cost(22, 8, 76).
cost(22, 9, 7).
cost(22, 10, 34).
cost(22, 11, 17).
cost(22, 12, 28).
cost(22, 13, 54).
cost(22, 14, 11).
cost(22, 15, 38).
cost(22, 16, 68).
cost(22, 17, 52).
cost(22, 18, 29).
cost(22, 19, 51).
cost(22, 20, 72).
cost(22, 21, 44).
cost(22, 23, 29).
cost(22, 24, 44).
cost(22, 25, 57).
cost(22, 26, 65).
cost(22, 27, 38).
cost(22, 28, 62).
cost(22, 29, 49).
cost(22, 30, 17).
cost(22, 31, 32).
cost(22, 32, 9).
cost(23, 1, 79).
cost(23, 2, 75).
cost(23, 3, 42).
cost(23, 4, 81).
cost(23, 5, 38).
cost(23, 6, 30).
cost(23, 7, 86).
cost(23, 8, 104).
cost(23, 9, 30).
cost(23, 10, 39).
cost(23, 11, 13).
cost(23, 12, 33).
cost(23, 13, 81).
cost(23, 14, 34).
cost(23, 15, 39).
cost(23, 16, 95).
cost(23, 17, 81).
cost(23, 18, 3).
cost(23, 19, 78).
cost(23, 20, 100).
cost(23, 21, 71).
cost(23, 22, 29).
cost(23, 24, 16).
cost(23, 25, 82).
cost(23, 26, 94).
cost(23, 27, 63).
cost(23, 28, 85).
cost(23, 29, 74).
cost(23, 30, 14).
cost(23, 31, 42).
cost(23, 32, 25).
cost(24, 1, 87).
cost(24, 2, 85).
cost(24, 3, 56).
cost(24, 4, 93).
cost(24, 5, 36).
cost(24, 6, 47).
cost(24, 7, 98).
cost(24, 8, 115).
cost(24, 9, 43).
cost(24, 10, 43).
cost(24, 11, 29).
cost(24, 12, 38).
cost(24, 13, 92).
cost(24, 14, 50).
cost(24, 15, 40).
cost(24, 16, 105).
cost(24, 17, 93).
cost(24, 18, 15).
cost(24, 19, 88).
cost(24, 20, 112).
cost(24, 21, 83).
cost(24, 22, 44).
cost(24, 23, 16).
cost(24, 25, 91).
cost(24, 26, 107).
cost(24, 27, 73).
cost(24, 28, 93).
cost(24, 29, 83).
cost(24, 30, 30).
cost(24, 31, 47).
cost(24, 32, 41).
cost(25, 1, 8).
cost(25, 2, 9).
cost(25, 3, 47).
cost(25, 4, 16).
cost(25, 5, 65).
cost(25, 6, 69).
cost(25, 7, 17).
cost(25, 8, 28).
cost(25, 9, 53).
cost(25, 10, 52).
cost(25, 11, 72).
cost(25, 12, 54).
cost(25, 13, 9).
cost(25, 14, 62).
cost(25, 15, 58).
cost(25, 16, 15).
cost(25, 17, 21).
cost(25, 18, 80).
cost(25, 19, 9).
cost(25, 20, 27).
cost(25, 21, 19).
cost(25, 22, 57).
cost(25, 23, 82).
cost(25, 24, 91).
cost(25, 26, 33).
cost(25, 27, 20).
cost(25, 28, 7).
cost(25, 29, 8).
cost(25, 30, 73).
cost(25, 31, 46).
cost(25, 32, 66).
cost(26, 1, 41).
cost(26, 2, 31).
cost(26, 3, 52).
cost(26, 4, 18).
cost(26, 5, 89).
cost(26, 6, 71).
cost(26, 7, 16).
cost(26, 8, 18).
cost(26, 9, 65).
cost(26, 10, 75).
cost(26, 11, 82).
cost(26, 12, 75).
cost(26, 13, 25).
cost(26, 14, 65).
cost(26, 15, 82).
cost(26, 16, 24).
cost(26, 17, 16).
cost(26, 18, 93).
cost(26, 19, 27).
cost(26, 20, 13).
cost(26, 21, 25).
cost(26, 22, 65).
cost(26, 23, 94).
cost(26, 24, 107).
cost(26, 25, 33).
cost(26, 27, 40).
cost(26, 28, 39).
cost(26, 29, 35).
cost(26, 30, 82).
cost(26, 31, 69).
cost(26, 32, 71).
cost(27, 1, 19).
cost(27, 2, 12).
cost(27, 3, 28).
cost(27, 4, 22).
cost(27, 5, 49).
cost(27, 6, 50).
cost(27, 7, 27).
cost(27, 8, 43).
cost(27, 9, 33).
cost(27, 10, 36).
cost(27, 11, 53).
cost(27, 12, 37).
cost(27, 13, 19).
cost(27, 14, 44).
cost(27, 15, 43).
cost(27, 16, 33).
cost(27, 17, 24).
cost(27, 18, 61).
cost(27, 19, 16).
cost(27, 20, 40).
cost(27, 21, 15).
cost(27, 22, 38).
cost(27, 23, 63).
cost(27, 24, 73).
cost(27, 25, 20).
cost(27, 26, 40).
cost(27, 28, 24).
cost(27, 29, 12).
cost(27, 30, 53).
cost(27, 31, 30).
cost(27, 32, 47).
cost(28, 1, 6).
cost(28, 2, 16).
cost(28, 3, 52).
cost(28, 4, 24).
cost(28, 5, 64).
cost(28, 6, 74).
cost(28, 7, 24).
cost(28, 8, 32).
cost(28, 9, 57).
cost(28, 10, 52).
cost(28, 11, 76).
cost(28, 12, 56).
cost(28, 13, 16).
cost(28, 14, 68).
cost(28, 15, 58).
cost(28, 16, 18).
cost(28, 17, 28).
cost(28, 18, 83).
cost(28, 19, 17).
cost(28, 20, 32).
cost(28, 21, 26).
cost(28, 22, 62).
cost(28, 23, 85).
cost(28, 24, 93).
cost(28, 25, 7).
cost(28, 26, 39).
cost(28, 27, 24).
cost(28, 29, 13).
cost(28, 30, 76).
cost(28, 31, 47).
cost(28, 32, 70).
cost(29, 1, 9).
cost(29, 2, 5).
cost(29, 3, 39).
cost(29, 4, 17).
cost(29, 5, 58).
cost(29, 6, 61).
cost(29, 7, 20).
cost(29, 8, 34).
cost(29, 9, 45).
cost(29, 10, 45).
cost(29, 11, 64).
cost(29, 12, 47).
cost(29, 13, 11).
cost(29, 14, 55).
cost(29, 15, 51).
cost(29, 16, 22).
cost(29, 17, 21).
cost(29, 18, 72).
cost(29, 19, 9).
cost(29, 20, 32).
cost(29, 21, 15).
cost(29, 22, 49).
cost(29, 23, 74).
cost(29, 24, 83).
cost(29, 25, 8).
cost(29, 26, 35).
cost(29, 27, 12).
cost(29, 28, 13).
cost(29, 30, 64).
cost(29, 31, 38).
cost(29, 32, 58).
cost(30, 1, 71).
cost(30, 2, 64).
cost(30, 3, 30).
cost(30, 4, 70).
cost(30, 5, 41).
cost(30, 6, 17).
cost(30, 7, 75).
cost(30, 8, 92).
cost(30, 9, 20).
cost(30, 10, 38).
cost(30, 11, 1).
cost(30, 12, 31).
cost(30, 13, 70).
cost(30, 14, 20).
cost(30, 15, 40).
cost(30, 16, 84).
cost(30, 17, 69).
cost(30, 18, 15).
cost(30, 19, 67).
cost(30, 20, 88).
cost(30, 21, 60).
cost(30, 22, 17).
cost(30, 23, 14).
cost(30, 24, 30).
cost(30, 25, 73).
cost(30, 26, 82).
cost(30, 27, 53).
cost(30, 28, 76).
cost(30, 29, 64).
cost(30, 31, 39).
cost(30, 32, 11).
cost(31, 1, 41).
cost(31, 2, 41).
cost(31, 3, 33).
cost(31, 4, 52).
cost(31, 5, 20).
cost(31, 6, 46).
cost(31, 7, 56).
cost(31, 8, 72).
cost(31, 9, 24).
cost(31, 10, 6).
cost(31, 11, 38).
cost(31, 12, 9).
cost(31, 13, 48).
cost(31, 14, 42).
cost(31, 15, 13).
cost(31, 16, 61).
cost(31, 17, 53).
cost(31, 18, 40).
cost(31, 19, 45).
cost(31, 20, 70).
cost(31, 21, 44).
cost(31, 22, 32).
cost(31, 23, 42).
cost(31, 24, 47).
cost(31, 25, 46).
cost(31, 26, 69).
cost(31, 27, 30).
cost(31, 28, 47).
cost(31, 29, 38).
cost(31, 30, 39).
cost(31, 32, 39).
cost(32, 1, 65).
cost(32, 2, 57).
cost(32, 3, 20).
cost(32, 4, 61).
cost(32, 5, 47).
cost(32, 6, 8).
cost(32, 7, 66).
cost(32, 8, 83).
cost(32, 9, 15).
cost(32, 10, 40).
cost(32, 11, 12).
cost(32, 12, 34).
cost(32, 13, 62).
cost(32, 14, 9).
cost(32, 15, 44).
cost(32, 16, 76).
cost(32, 17, 60).
cost(32, 18, 26).
cost(32, 19, 59).
cost(32, 20, 79).
cost(32, 21, 51).
cost(32, 22, 9).
cost(32, 23, 25).
cost(32, 24, 41).
cost(32, 25, 66).
cost(32, 26, 71).
cost(32, 27, 47).
cost(32, 28, 70).
cost(32, 29, 58).
cost(32, 30, 11).
cost(32, 31, 39).
