dimension(32).
point(1, 10.2081046878, 26.5572353395).
point(2, 31.1148269514, 10.4879896348).
point(3, 71.6762335022, 7.6111226883).
point(4, 82.7419261143, 97.3290712987).
point(5, 37.274136606, 2.6619591674).
point(6, 46.5036185777, 18.9946102283).
point(7, 84.2072392985, 77.5701229561).
point(8, 75.1882908368, 92.2538926687).
point(9, 38.0975346518, 20.0980738935).
point(10, 72.528571508, 85.1243056895).
point(11, 70.096596071, 69.9278266541).
point(12, 52.4144208233, 82.2344742654).
point(13, 64.0765564194, 96.2732703848).
point(14, 16.8685776242, 43.7647869215).
point(15, 84.2245625061, 67.1248919161).
point(16, 37.432085279, 22.8935661429).
point(17, 50.0269163072, 41.4015837481).
point(18, 58.1941098828, 75.8622405867).
point(19, 60.4131093346, 15.3932678423).
point(20, 77.9244156877, 59.4516643978).
point(21, 77.5417837541, 5.3679936561).
point(22, 61.8948743315, 22.1555178187).
point(23, 46.5832679613, 4.8851023851).
point(24, 61.407639158, 81.1271177355).
point(25, 32.0678360647, 1.8213552293).
point(26, 82.6065312916, 92.0282726617).
point(27, 97.7174148202, 68.0750936923).
point(28, 83.8539884687, 93.3530128697).
point(29, 54.4773152184, 21.9031362204).
point(30, 42.9593701083, 5.5483265266).
point(31, 90.5595641345, 86.7367050947).
point(32, 65.0311579691, 72.2021011335).
cost(1, 2, 26).
cost(1, 3, 64).
cost(1, 4, 101).
cost(1, 5, 36).
cost(1, 6, 37).
cost(1, 7, 90).
cost(1, 8, 92).
cost(1, 9, 29).
cost(1, 10, 86).
cost(1, 11, 74).
cost(1, 12, 70).
cost(1, 13, 88).
cost(1, 14, 18).
cost(1, 15, 84).
cost(1, 16, 27).
cost(1, 17, 42).
cost(1, 18, 69).
cost(1, 19, 51).
cost(1, 20, 75).
cost(1, 21, 71).
cost(1, 22, 52).
cost(1, 23, 42).
cost(1, 24, 75).
cost(1, 25, 33).
cost(1, 26, 98).
cost(1, 27, 97).
cost(1, 28, 99).
cost(1, 29, 45).
cost(1, 30, 39).
cost(1, 31, 100).
cost(1, 32, 71).
cost(2, 1, 26).
cost(2, 3, 41).
cost(2, 4, 101).
cost(2, 5, 10).
cost(2, 6, 18).
cost(2, 7, 86).
cost(2, 8, 93).
cost(2, 9, 12).
cost(2, 10, 85).
cost(2, 11, 71).
cost(2, 12, 75).
cost(2, 13, 92).
cost(2, 14, 36).
cost(2, 15, 78).
cost(2, 16, 14).
cost(2, 17, 36).
cost(2, 18, 71).
cost(2, 19, 30).
cost(2, 20, 68).
cost(2, 21, 47).
cost(2, 22, 33).
cost(2, 23, 16).
cost(2, 24, 77).
cost(2, 25, 9).
cost(2, 26, 96).
cost(2, 27, 88).
cost(2, 28, 98).
cost(2, 29, 26).
cost(2, 30, 13).
cost(2, 31, 97).
cost(2, 32, 70).
cost(3, 1, 64).
cost(3, 2, 41).
cost(3, 4, 90).
cost(3, 5, 35).
cost(3, 6, 28).
cost(3, 7, 71).
cost(3, 8, 85).
cost(3, 9, 36).
cost(3, 10, 78).
cost(3, 11, 62).
cost(3, 12, 77).
cost(3, 13, 89).
cost(3, 14, 66).
cost(3, 15, 61).
cost(3, 16, 37).
cost(3, 17, 40).
cost(3, 18, 70).
cost(3, 19, 14).
cost(3, 20, 52).
cost(3, 21, 6).
cost(3, 22, 18).
cost(3, 23, 25).
cost(3, 24, 74).
cost(3, 25, 40).
cost(3, 26, 85).
cost(3, 27, 66).
cost(3, 28, 87).
cost(3, 29, 22).
cost(3, 30, 29).
cost(3, 31, 81).
cost(3, 32, 65).
cost(4, 1, 101).
cost(4, 2, 101).
cost(4, 3, 90).
cost(4, 5, 105).
cost(4, 6, 86).
cost(4, 7, 20).
cost(4, 8, 9).
cost(4, 9, 89).
cost(4, 10, 16).
cost(4, 11, 30).
cost(4, 12, 34).
cost(4, 13, 19).
cost(4, 14, 85).
cost(4, 15, 30).
cost(4, 16, 87).
cost(4, 17, 65).
cost(4, 18, 33).
cost(4, 19, 85).
cost(4, 20, 38).
cost(4, 21, 92).
cost(4, 22, 78).
cost(4, 23, 99).
cost(4, 24, 27).
cost(4, 25, 108).
cost(4, 26, 5).
cost(4, 27, 33).
cost(4, 28, 4).
cost(4, 29, 81).
cost(4, 30, 100).
cost(4, 31, 13).
cost(4, 32, 31).
cost(5, 1, 36).
cost(5, 2, 10).
cost(5, 3, 35).
cost(5, 4, 105).
cost(5, 6, 19).
cost(5, 7, 88).
cost(5, 8, 97).
cost(5, 9, 17).
cost(5, 10, 90).
cost(5, 11, 75).
cost(5, 12, 81).
cost(5, 13, 97).
cost(5, 14, 46).
cost(5, 15, 80).
cost(5, 16, 20).
cost(5, 17, 41).
cost(5, 18, 76).
cost(5, 19, 26).
cost(5, 20, 70).
cost(5, 21, 40).
cost(5, 22, 31).
cost(5, 23, 10).
cost(5, 24, 82).
cost(5, 25, 5).
cost(5, 26, 100).
cost(5, 27, 89).
cost(5, 28, 102).
cost(5, 29, 26).
cost(5, 30, 6).
cost(5, 31, 100).
cost(5, 32, 75).
cost(6, 1, 37).
cost(6, 2, 18).
cost(6, 3, 28).
cost(6, 4, 86).
cost(6, 5, 19).
cost(6, 7, 70).
cost(6, 8, 79).
cost(6, 9, 8).
cost(6, 10, 71).
cost(6, 11, 56).
cost(6, 12, 64).
cost(6, 13, 79).
cost(6, 14, 39).
cost(6, 15, 61).
cost(6, 16, 10).
cost(6, 17, 23).
cost(6, 18, 58).
cost(6, 19, 14).
cost(6, 20, 51).
cost(6, 21, 34).
cost(6, 22, 16).
cost(6, 23, 14).
cost(6, 24, 64).
cost(6, 25, 22).
cost(6, 26, 81).
cost(6, 27, 71).
cost(6, 28, 83).
cost(6, 29, 8).
cost(6, 30, 14).
cost(6, 31, 81).
cost(6, 32, 56).
cost(7, 1, 90).
cost(7, 2, 86).
cost(7, 3, 71).
cost(7, 4, 20).
cost(7, 5, 88).
cost(7, 6, 70).
cost(7, 8, 17).
cost(7, 9, 74).
cost(7, 10, 14).
cost(7, 11, 16).
cost(7, 12, 32).
cost(7, 13, 27).
cost(7, 14, 75).
cost(7, 15, 10).
cost(7, 16, 72).
cost(7, 17, 50).
cost(7, 18, 26).
cost(7, 19, 67).
cost(7, 20, 19).
cost(7, 21, 73).
cost(7, 22, 60).
cost(7, 23, 82).
cost(7, 24, 23).
cost(7, 25, 92).
cost(7, 26, 15).
cost(7, 27, 17).
cost(7, 28, 16).
cost(7, 29, 63).
cost(7, 30, 83).
cost(7, 31, 11).
cost(7, 32, 20).
cost(8, 1, 92).
cost(8, 2, 93).
cost(8, 3, 85).
cost(8, 4, 9).
cost(8, 5, 97).
cost(8, 6, 79).
cost(8, 7, 17).
cost(8, 9, 81).
cost(8, 10, 8).
cost(8, 11, 23).
cost(8, 12, 25).
cost(8, 13, 12).
cost(8, 14, 76).
cost(8, 15, 27).
cost(8, 16, 79).
cost(8, 17, 57).
cost(8, 18, 24).
cost(8, 19, 78).
cost(8, 20, 33).
cost(8, 21, 87).
cost(8, 22, 71).
cost(8, 23, 92).
cost(8, 24, 18).
cost(8, 25, 100).
cost(8, 26, 7).
cost(8, 27, 33).
cost(8, 28, 9).
cost(8, 29, 73).
cost(8, 30, 93).
cost(8, 31, 16).
cost(8, 32, 22).
cost(9, 1, 29).
cost(9, 2, 12).
cost(9, 3, 36).
cost(9, 4, 89).
cost(9, 5, 17).
cost(9, 6, 8).
cost(9, 7, 74).
cost(9, 8, 81).
cost(9, 10, 74).
cost(9, 11, 59).
cost(9, 12, 64).
cost(9, 13, 80).
cost(9, 14, 32).
cost(9, 15, 66).
cost(9, 16, 3).
cost(9, 17, 24).
cost(9, 18, 59).
cost(9, 19, 23).
cost(9, 20, 56).
cost(9, 21, 42).
cost(9, 22, 24).
cost(9, 23, 17).
cost(9, 24, 65).
cost(9, 25, 19).
cost(9, 26, 85).
cost(9, 27, 77).
cost(9, 28, 86).
cost(9, 29, 16).
cost(9, 30, 15).
cost(9, 31, 85).
cost(9, 32, 59).
cost(10, 1, 86).
cost(10, 2, 85).
cost(10, 3, 78).
cost(10, 4, 16).
cost(10, 5, 90).
cost(10, 6, 71).
cost(10, 7, 14).
cost(10, 8, 8).
cost(10, 9, 74).
cost(10, 11, 15).
cost(10, 12, 20).
cost(10, 13, 14).
cost(10, 14, 69).
cost(10, 15, 21).
cost(10, 16, 71).
cost(10, 17, 49).
cost(10, 18, 17).
cost(10, 19, 71).
cost(10, 20, 26).
cost(10, 21, 80).
cost(10, 22, 64).
cost(10, 23, 84).
cost(10, 24, 12).
cost(10, 25, 93).
cost(10, 26, 12).
cost(10, 27, 30).
cost(10, 28, 14).
cost(10, 29, 66).
cost(10, 30, 85).
cost(10, 31, 18).
cost(10, 32, 15).
cost(11, 1, 74).
cost(11, 2, 71).
cost(11, 3, 62).
cost(11, 4, 30).
cost(11, 5, 75).
cost(11, 6, 56).
cost(11, 7, 16).
cost(11, 8, 23).
cost(11, 9, 59).
cost(11, 10, 15).
cost(11, 12, 22).
cost(11, 13, 27).
cost(11, 14, 59).
cost(11, 15, 14).
cost(11, 16, 57).
cost(11, 17, 35).
cost(11, 18, 13).
cost(11, 19, 55).
cost(11, 20, 13).
cost(11, 21, 65).
cost(11, 22, 48).
cost(11, 23, 69).
cost(11, 24, 14).
cost(11, 25, 78).
cost(11, 26, 25).
cost(11, 27, 28).
cost(11, 28, 27).
cost(11, 29, 51).
cost(11, 30, 70).
cost(11, 31, 26).
cost(11, 32, 6).
cost(12, 1, 70).
cost(12, 2, 75).
cost(12, 3, 77).
cost(12, 4, 34).
cost(12, 5, 81).
cost(12, 6, 64).
cost(12, 7, 32).
cost(12, 8, 25).
cost(12, 9, 64).
cost(12, 10, 20).
cost(12, 11, 22).
cost(12, 13, 18).
cost(12, 14, 52).
cost(12, 15, 35).
cost(12, 16, 61).
cost(12, 17, 41).
cost(12, 18, 9).
cost(12, 19, 67).
cost(12, 20, 34).
cost(12, 21, 81).
cost(12, 22, 61).
cost(12, 23, 78).
cost(12, 24, 9).
cost(12, 25, 83).
cost(12, 26, 32).
cost(12, 27, 47).
cost(12, 28, 33).
cost(12, 29, 60).
cost(12, 30, 77).
cost(12, 31, 38).
cost(12, 32, 16).
cost(13, 1, 88).
cost(13, 2, 92).
cost(13, 3, 89).
cost(13, 4, 19).
cost(13, 5, 97).
cost(13, 6, 79).
cost(13, 7, 27).
cost(13, 8, 12).
cost(13, 9, 80).
cost(13, 10, 14).
cost(13, 11, 27).
cost(13, 12, 18).
cost(13, 14, 71).
cost(13, 15, 35).
cost(13, 16, 78).
cost(13, 17, 57).
cost(13, 18, 21).
cost(13, 19, 81).
cost(13, 20, 39).
cost(13, 21, 92).
cost(13, 22, 74).
cost(13, 23, 93).
cost(13, 24, 15).
cost(13, 25, 100).
cost(13, 26, 19).
cost(13, 27, 44).
cost(13, 28, 20).
cost(13, 29, 75).
cost(13, 30, 93).
cost(13, 31, 28).
cost(13, 32, 24).
cost(14, 1, 18).
cost(14, 2, 36).
cost(14, 3, 66).
cost(14, 4, 85).
cost(14, 5, 46).
cost(14, 6, 39).
cost(14, 7, 75).
cost(14, 8, 76).
cost(14, 9, 32).
cost(14, 10, 69).
cost(14, 11, 59).
cost(14, 12, 52).
cost(14, 13, 71).
cost(14, 15, 71).
cost(14, 16, 29).
cost(14, 17, 33).
cost(14, 18, 52).
cost(14, 19, 52).
cost(14, 20, 63).
cost(14, 21, 72).
cost(14, 22, 50).
cost(14, 23, 49).
cost(14, 24, 58).
cost(14, 25, 45).
cost(14, 26, 82).
cost(14, 27, 84).
cost(14, 28, 83).
cost(14, 29, 44).
cost(14, 30, 46).
cost(14, 31, 85).
cost(14, 32, 56).
cost(15, 1, 84).
cost(15, 2, 78).
cost(15, 3, 61).
cost(15, 4, 30).
cost(15, 5, 80).
cost(15, 6, 61).
cost(15, 7, 10).
cost(15, 8, 27).
cost(15, 9, 66).
cost(15, 10, 21).
cost(15, 11, 14).
cost(15, 12, 35).
cost(15, 13, 35).
cost(15, 14, 71).
cost(15, 16, 64).
cost(15, 17, 43).
cost(15, 18, 27).
cost(15, 19, 57).
cost(15, 20, 10).
cost(15, 21, 62).
cost(15, 22, 50).
cost(15, 23, 73).
cost(15, 24, 27).
cost(15, 25, 84).
cost(15, 26, 25).
cost(15, 27, 14).
cost(15, 28, 26).
cost(15, 29, 54).
cost(15, 30, 74).
cost(15, 31, 21).
cost(15, 32, 20).
cost(16, 1, 27).
cost(16, 2, 14).
cost(16, 3, 37).
cost(16, 4, 87).
cost(16, 5, 20).
cost(16, 6, 10).
cost(16, 7, 72).
cost(16, 8, 79).
cost(16, 9, 3).
cost(16, 10, 71).
cost(16, 11, 57).
cost(16, 12, 61).
cost(16, 13, 78).
cost(16, 14, 29).
cost(16, 15, 64).
cost(16, 17, 22).
cost(16, 18, 57).
cost(16, 19, 24).
cost(16, 20, 55).
cost(16, 21, 44).
cost(16, 22, 24).
cost(16, 23, 20).
cost(16, 24, 63).
cost(16, 25, 22).
cost(16, 26, 83).
cost(16, 27, 75).
cost(16, 28, 84).
cost(16, 29, 17).
cost(16, 30, 18).
cost(16, 31, 83).
cost(16, 32, 57).
cost(17, 1, 42).
cost(17, 2, 36).
cost(17, 3, 40).
cost(17, 4, 65).
cost(17, 5, 41).
cost(17, 6, 23).
cost(17, 7, 50).
cost(17, 8, 57).
cost(17, 9, 24).
cost(17, 10, 49).
cost(17, 11, 35).
cost(17, 12, 41).
cost(17, 13, 57).
cost(17, 14, 33).
cost(17, 15, 43).
cost(17, 16, 22).
cost(17, 18, 35).
cost(17, 19, 28).
cost(17, 20, 33).
cost(17, 21, 45).
cost(17, 22, 23).
cost(17, 23, 37).
cost(17, 24, 41).
cost(17, 25, 43).
cost(17, 26, 60).
cost(17, 27, 55).
cost(17, 28, 62).
cost(17, 29, 20).
cost(17, 30, 37).
cost(17, 31, 61).
cost(17, 32, 34).
cost(18, 1, 69).
cost(18, 2, 71).
cost(18, 3, 70).
cost(18, 4, 33).
cost(18, 5, 76).
cost(18, 6, 58).
cost(18, 7, 26).
cost(18, 8, 24).
cost(18, 9, 59).
cost(18, 10, 17).
cost(18, 11, 13).
cost(18, 12, 9).
cost(18, 13, 21).
cost(18, 14, 52).
cost(18, 15, 27).
cost(18, 16, 57).
cost(18, 17, 35).
cost(18, 19, 61).
cost(18, 20, 26).
cost(18, 21, 73).
cost(18, 22, 54).
cost(18, 23, 72).
cost(18, 24, 6).
cost(18, 25, 79).
cost(18, 26, 29).
cost(18, 27, 40).
cost(18, 28, 31).
cost(18, 29, 54).
cost(18, 30, 72).
cost(18, 31, 34).
cost(18, 32, 8).
cost(19, 1, 51).
cost(19, 2, 30).
cost(19, 3, 14).
cost(19, 4, 85).
cost(19, 5, 26).
cost(19, 6, 14).
cost(19, 7, 67).
cost(19, 8, 78).
cost(19, 9, 23).
cost(19, 10, 71).
cost(19, 11, 55).
cost(19, 12, 67).
cost(19, 13, 81).
cost(19, 14, 52).
cost(19, 15, 57).
cost(19, 16, 24).
cost(19, 17, 28).
cost(19, 18, 61).
cost(19, 20, 47).
cost(19, 21, 20).
cost(19, 22, 7).
cost(19, 23, 17).
cost(19, 24, 66).
cost(19, 25, 31).
cost(19, 26, 80).
cost(19, 27, 65).
cost(19, 28, 81).
cost(19, 29, 9).
cost(19, 30, 20).
cost(19, 31, 77).
cost(19, 32, 57).
cost(20, 1, 75).
cost(20, 2, 68).
cost(20, 3, 52).
cost(20, 4, 38).
cost(20, 5, 70).
cost(20, 6, 51).
cost(20, 7, 19).
cost(20, 8, 33).
cost(20, 9, 56).
cost(20, 10, 26).
cost(20, 11, 13).
cost(20, 12, 34).
cost(20, 13, 39).
cost(20, 14, 63).
cost(20, 15, 10).
cost(20, 16, 55).
cost(20, 17, 33).
cost(20, 18, 26).
cost(20, 19, 47).
cost(20, 21, 54).
cost(20, 22, 41).
cost(20, 23, 63).
cost(20, 24, 27).
cost(20, 25, 74).
cost(20, 26, 33).
cost(20, 27, 22).
cost(20, 28, 34).
cost(20, 29, 44).
cost(20, 30, 64).
cost(20, 31, 30).
cost(20, 32, 18).
cost(21, 1, 71).
cost(21, 2, 47).
cost(21, 3, 6).
cost(21, 4, 92).
cost(21, 5, 40).
cost(21, 6, 34).
cost(21, 7, 73).
cost(21, 8, 87).
cost(21, 9, 42).
cost(21, 10, 80).
cost(21, 11, 65).
cost(21, 12, 81).
cost(21, 13, 92).
cost(21, 14, 72).
cost(21, 15, 62).
cost(21, 16, 44).
cost(21, 17, 45).
cost(21, 18, 73).
cost(21, 19, 20).
cost(21, 20, 54).
cost(21, 22, 23).
cost(21, 23, 31).
cost(21, 24, 77).
cost(21, 25, 46).
cost(21, 26, 87).
cost(21, 27, 66).
cost(21, 28, 88).
cost(21, 29, 28).
cost(21, 30, 35).
cost(21, 31, 82).
cost(21, 32, 68).
cost(22, 1, 52).
cost(22, 2, 33).
cost(22, 3, 18).
cost(22, 4, 78).
cost(22, 5, 31).
cost(22, 6, 16).
cost(22, 7, 60).
cost(22, 8, 71).
cost(22, 9, 24).
cost(22, 10, 64).
cost(22, 11, 48).
cost(22, 12, 61).
cost(22, 13, 74).
cost(22, 14, 50).
cost(22, 15, 50).
cost(22, 16, 24).
cost(22, 17, 23).
cost(22, 18, 54).
cost(22, 19, 7).
cost(22, 20, 41).
cost(22, 21, 23).
cost(22, 23, 23).
cost(22, 24, 59).
cost(22, 25, 36).
cost(22, 26, 73).
cost(22, 27, 58).
cost(22, 28, 75).
cost(22, 29, 7).
cost(22, 30, 25).
cost(22, 31, 71).
cost(22, 32, 50).
cost(23, 1, 42).
cost(23, 2, 16).
cost(23, 3, 25).
cost(23, 4, 99).
cost(23, 5, 10).
cost(23, 6, 14).
cost(23, 7, 82).
cost(23, 8, 92).
cost(23, 9, 17).
cost(23, 10, 84).
cost(23, 11, 69).
cost(23, 12, 78).
cost(23, 13, 93).
cost(23, 14, 49).
cost(23, 15, 73).
cost(23, 16, 20).
cost(23, 17, 37).
cost(23, 18, 72).
cost(23, 19, 17).
cost(23, 20, 63).
cost(23, 21, 31).
cost(23, 22, 23).
cost(23, 24, 78).
cost(23, 25, 15).
cost(23, 26, 94).
cost(23, 27, 81).
cost(23, 28, 96).
cost(23, 29, 19).
cost(23, 30, 4).
cost(23, 31, 93).
cost(23, 32, 70).
cost(24, 1, 75).
cost(24, 2, 77).
cost(24, 3, 74).
cost(24, 4, 27).
cost(24, 5, 82).
cost(24, 6, 64).
cost(24, 7, 23).
cost(24, 8, 18).
cost(24, 9, 65).
cost(24, 10, 12).
cost(24, 11, 14).
cost(24, 12, 9).
cost(24, 13, 15).
cost(24, 14, 58).
cost(24, 15, 27).
cost(24, 16, 63).
cost(24, 17, 41).
cost(24, 18, 6).
cost(24, 19, 66).
cost(24, 20, 27).
cost(24, 21, 77).
cost(24, 22, 59).
cost(24, 23, 78).
cost(24, 25, 85).
cost(24, 26, 24).
cost(24, 27, 39).
cost(24, 28, 26).
cost(24, 29, 60).
cost(24, 30, 78).
cost(24, 31, 30).
cost(24, 32, 10).
cost(25, 1, 33).
cost(25, 2, 9).
cost(25, 3, 40).
cost(25, 4, 108).
cost(25, 5, 5).
cost(25, 6, 22).
cost(25, 7, 92).
cost(25, 8, 100).
cost(25, 9, 19).
cost(25, 10, 93).
cost(25, 11, 78).
cost(25, 12, 83).
cost(25, 13, 100).
cost(25, 14, 45).
cost(25, 15, 84).
cost(25, 16, 22).
cost(25, 17, 43).
cost(25, 18, 79).
cost(25, 19, 31).
cost(25, 20, 74).
cost(25, 21, 46).
cost(25, 22, 36).
cost(25, 23, 15).
cost(25, 24, 85).
cost(25, 26, 103).
cost(25, 27, 93).
cost(25, 28, 105).
cost(25, 29, 30).
cost(25, 30, 12).
cost(25, 31, 103).
cost(25, 32, 78).
cost(26, 1, 98).
cost(26, 2, 96).
cost(26, 3, 85).
cost(26, 4, 5).
cost(26, 5, 100).
cost(26, 6, 81).
cost(26, 7, 15).
cost(26, 8, 7).
cost(26, 9, 85).
cost(26, 10, 12).
cost(26, 11, 25).
cost(26, 12, 32).
cost(26, 13, 19).
cost(26, 14, 82).
cost(26, 15, 25).
cost(26, 16, 83).
cost(26, 17, 60).
cost(26, 18, 29).
cost(26, 19, 80).
cost(26, 20, 33).
cost(26, 21, 87).
cost(26, 22, 73).
cost(26, 23, 94).
cost(26, 24, 24).
cost(26, 25, 103).
cost(26, 27, 28).
cost(26, 28, 2).
cost(26, 29, 76).
cost(26, 30, 95).
cost(26, 31, 10).
cost(26, 32, 26).
cost(27, 1, 97).
cost(27, 2, 88).
cost(27, 3, 66).
cost(27, 4, 33).
cost(27, 5, 89).
cost(27, 6, 71).
cost(27, 7, 17).
cost(27, 8, 33).
cost(27, 9, 77).
cost(27, 10, 30).
cost(27, 11, 28).
cost(27, 12, 47).
cost(27, 13, 44).
cost(27, 14, 84).
cost(27, 15, 14).
cost(27, 16, 75).
cost(27, 17, 55).
cost(27, 18, 40).
cost(27, 19, 65).
cost(27, 20, 22).
cost(27, 21, 66).
cost(27, 22, 58).
cost(27, 23, 81).
cost(27, 24, 39).
cost(27, 25, 93).
cost(27, 26, 28).
cost(27, 28, 29).
cost(27, 29, 63).
cost(27, 30, 83).
cost(27, 31, 20).
cost(27, 32, 33).
cost(28, 1, 99).
cost(28, 2, 98).
cost(28, 3, 87).
cost(28, 4, 4).
cost(28, 5, 102).
cost(28, 6, 83).
cost(28, 7, 16).
cost(28, 8, 9).
cost(28, 9, 86).
cost(28, 10, 14).
cost(28, 11, 27).
cost(28, 12, 33).
cost(28, 13, 20).
cost(28, 14, 83).
cost(28, 15, 26).
cost(28, 16, 84).
cost(28, 17, 62).
cost(28, 18, 31).
cost(28, 19, 81).
cost(28, 20, 34).
cost(28, 21, 88).
cost(28, 22, 75).
cost(28, 23, 96).
cost(28, 24, 26).
cost(28, 25, 105).
cost(28, 26, 2).
cost(28, 27, 29).
cost(28, 29, 77).
cost(28, 30, 97).
cost(28, 31, 9).
cost(28, 32, 28).
cost(29, 1, 45).
cost(29, 2, 26).
cost(29, 3, 22).
cost(29, 4, 81).
cost(29, 5, 26).
cost(29, 6, 8).
cost(29, 7, 63).
cost(29, 8, 73).
cost(29, 9, 16).
cost(29, 10, 66).
cost(29, 11, 51).
cost(29, 12, 60).
cost(29, 13, 75).
cost(29, 14, 44).
cost(29, 15, 54).
cost(29, 16, 17).
cost(29, 17, 20).
cost(29, 18, 54).
cost(29, 19, 9).
cost(29, 20, 44).
cost(29, 21, 28).
cost(29, 22, 7).
cost(29, 23, 19).
cost(29, 24, 60).
cost(29, 25, 30).
cost(29, 26, 76).
cost(29, 27, 63).
cost(29, 28, 77).
cost(29, 30, 20).
cost(29, 31, 74).
cost(29, 32, 51).
cost(30, 1, 39).
cost(30, 2, 13).
cost(30, 3, 29).
cost(30, 4, 100).
cost(30, 5, 6).
cost(30, 6, 14).
cost(30, 7, 83).
cost(30, 8, 93).
cost(30, 9, 15).
cost(30, 10, 85).
cost(30, 11, 70).
cost(30, 12, 77).
cost(30, 13, 93).
cost(30, 14, 46).
cost(30, 15, 74).
cost(30, 16, 18).
cost(30, 17, 37).
cost(30, 18, 72).
cost(30, 19, 20).
cost(30, 20, 64).
cost(30, 21, 35).
cost(30, 22, 25).
cost(30, 23, 4).
cost(30, 24, 78).
cost(30, 25, 12).
cost(30, 26, 95).
cost(30, 27, 83).
cost(30, 28, 97).
cost(30, 29, 20).
cost(30, 31, 94).
cost(30, 32, 70).
cost(31, 1, 100).
cost(31, 2, 97).
cost(31, 3, 81).
cost(31, 4, 13).
cost(31, 5, 100).
cost(31, 6, 81).
cost(31, 7, 11).
cost(31, 8, 16).
cost(31, 9, 85).
cost(31, 10, 18).
cost(31, 11, 26).
cost(31, 12, 38).
cost(31, 13, 28).
cost(31, 14, 85).
cost(31, 15, 21).
cost(31, 16, 83).
cost(31, 17, 61).
cost(31, 18, 34).
cost(31, 19, 77).
cost(31, 20, 30).
cost(31, 21, 82).
cost(31, 22, 71).
cost(31, 23, 93).
cost(31, 24, 30).
cost(31, 25, 103).
cost(31, 26, 10).
cost(31, 27, 20).
cost(31, 28, 9).
cost(31, 29, 74).
cost(31, 30, 94).
cost(31, 32, 29).
cost(32, 1, 71).
cost(32, 2, 70).
cost(32, 3, 65).
cost(32, 4, 31).
cost(32, 5, 75).
cost(32, 6, 56).
cost(32, 7, 20).
cost(32, 8, 22).
cost(32, 9, 59).
cost(32, 10, 15).
cost(32, 11, 6).
cost(32, 12, 16).
cost(32, 13, 24).
cost(32, 14, 56).
cost(32, 15, 20).
cost(32, 16, 57).
cost(32, 17, 34).
cost(32, 18, 8).
cost(32, 19, 57).
cost(32, 20, 18).
cost(32, 21, 68).
cost(32, 22, 50).
cost(32, 23, 70).
cost(32, 24, 10).
cost(32, 25, 78).
cost(32, 26, 26).
cost(32, 27, 33).
cost(32, 28, 28).
cost(32, 29, 51).
cost(32, 30, 70).
cost(32, 31, 29).
