dimension(26).
point(1, 106257.0, 219731.0).
point(2, 112311.0, 98153.0).
point(3, 669451.0, 571712.0).
point(4, 639203.0, 98872.0).
point(5, 334213.0, 870087.0).
point(6, 33772.0, 683509.0).
point(7, 213987.0, 571274.0).
point(8, 168828.0, 780767.0).
point(9, 981416.0, 519290.0).
point(10, 683823.0, 820398.0).
point(11, 977411.0, 671834.0).
point(12, 573629.0, 936296.0).
point(13, 879636.0, 79015.0).
point(14, 749414.0, 252542.0).
point(15, 203576.0, 961940.0).
point(16, 480765.0, 334842.0).
point(17, 864465.0, 832636.0).
point(18, 873498.0, 401024.0).
point(19, 793514.0, 535821.0).
point(20, 726666.0, 551244.0).
point(21, 804337.0, 933200.0).
point(22, 736321.0, 870395.0).
point(23, 726432.0, 377450.0).
point(24, 498680.0, 282014.0).
point(25, 114705.0, 582991.0).
point(26, 848263.0, 285562.0).
cost(1, 2, 121729).
cost(1, 3, 664137).
cost(1, 4, 546478).
cost(1, 5, 689149).
cost(1, 6, 469408).
cost(1, 7, 367680).
cost(1, 8, 564514).
cost(1, 9, 925007).
cost(1, 10, 833297).
cost(1, 11, 981482).
cost(1, 12, 855513).
cost(1, 13, 786076).
cost(1, 14, 643993).
cost(1, 15, 748562).
cost(1, 16, 391799).
cost(1, 17, 974952).
cost(1, 18, 788369).
cost(1, 19, 756462).
cost(1, 20, 703426).
cost(1, 21, 998175).
cost(1, 22, 905729).
cost(1, 23, 639916).
cost(1, 24, 397335).
cost(1, 25, 363358).
cost(1, 26, 744921).
cost(2, 1, 121729).
cost(2, 3, 731207).
cost(2, 4, 526892).
cost(2, 5, 803195).
cost(2, 6, 590601).
cost(2, 7, 483923).
cost(2, 8, 684950).
cost(2, 9, 965764).
cost(2, 10, 921012).
cost(2, 11, 1038031).
cost(2, 12, 956712).
cost(2, 13, 767564).
cost(2, 14, 655543).
cost(2, 15, 868595).
cost(2, 16, 437927).
cost(2, 17, 1051285).
cost(2, 18, 819229).
cost(2, 19, 809686).
cost(2, 20, 763363).
cost(2, 21, 1084529).
cost(2, 22, 992848).
cost(2, 23, 674649).
cost(2, 24, 427885).
cost(2, 25, 484844).
cost(2, 26, 759439).
cost(3, 1, 664137).
cost(3, 2, 731207).
cost(3, 4, 473807).
cost(3, 5, 448790).
cost(3, 6, 645435).
cost(3, 7, 455464).
cost(3, 8, 542519).
cost(3, 9, 316339).
cost(3, 10, 249101).
cost(3, 11, 323827).
cost(3, 12, 376966).
cost(3, 13, 535657).
cost(3, 14, 329034).
cost(3, 15, 607715).
cost(3, 16, 302836).
cost(3, 17, 325748).
cost(3, 18, 266026).
cost(3, 19, 129150).
cost(3, 20, 60766).
cost(3, 21, 385834).
cost(3, 22, 306077).
cost(3, 23, 202446).
cost(3, 24, 336285).
cost(3, 25, 554861).
cost(3, 26, 337425).
cost(4, 1, 546478).
cost(4, 2, 526892).
cost(4, 3, 473807).
cost(4, 5, 829332).
cost(4, 6, 841634).
cost(4, 7, 635588).
cost(4, 8, 828392).
cost(4, 9, 542090).
cost(4, 10, 722904).
cost(4, 11, 665335).
cost(4, 12, 839987).
cost(4, 13, 241252).
cost(4, 14, 189106).
cost(4, 15, 966777).
cost(4, 16, 284226).
cost(4, 17, 767563).
cost(4, 18, 382348).
cost(4, 19, 463396).
cost(4, 20, 460750).
cost(4, 21, 850513).
cost(4, 22, 777612).
cost(4, 23, 291915).
cost(4, 24, 230841).
cost(4, 25, 713771).
cost(4, 26, 280284).
cost(5, 1, 689149).
cost(5, 2, 803195).
cost(5, 3, 448790).
cost(5, 4, 829332).
cost(5, 6, 353661).
cost(5, 7, 322092).
cost(5, 8, 187963).
cost(5, 9, 736159).
cost(5, 10, 353123).
cost(5, 11, 673059).
cost(5, 12, 248402).
cost(5, 13, 960875).
cost(5, 14, 744146).
cost(5, 15, 159697).
cost(5, 16, 554946).
cost(5, 17, 531573).
cost(5, 18, 714737).
cost(5, 19, 568059).
cost(5, 20, 505648).
cost(5, 21, 474341).
cost(5, 22, 402108).
cost(5, 23, 629704).
cost(5, 24, 610638).
cost(5, 25, 361397).
cost(5, 26, 778407).
cost(6, 1, 469408).
cost(6, 2, 590601).
cost(6, 3, 645435).
cost(6, 4, 841634).
cost(6, 5, 353661).
cost(6, 7, 212307).
cost(6, 8, 166431).
cost(6, 9, 961768).
cost(6, 10, 664308).
cost(6, 11, 943711).
cost(6, 12, 596110).
cost(6, 13, 1039663).
cost(6, 14, 835390).
cost(6, 15, 326125).
cost(6, 16, 566896).
cost(6, 17, 843973).
cost(6, 18, 885967).
cost(6, 19, 773964).
cost(6, 20, 705405).
cost(6, 21, 810010).
cost(6, 22, 726981).
cost(6, 23, 757265).
cost(6, 24, 614278).
cost(6, 25, 129050).
cost(6, 26, 906508).
cost(7, 1, 367680).
cost(7, 2, 483923).
cost(7, 3, 455464).
cost(7, 4, 635588).
cost(7, 5, 322092).
cost(7, 6, 212307).
cost(7, 8, 214305).
cost(7, 9, 769188).
cost(7, 10, 531798).
cost(7, 11, 770019).
cost(7, 12, 512429).
cost(7, 13, 827893).
cost(7, 14, 623115).
cost(7, 15, 390805).
cost(7, 16, 356470).
cost(7, 17, 701022).
cost(7, 18, 681131).
cost(7, 19, 580610).
cost(7, 20, 513070).
cost(7, 21, 692462).
cost(7, 22, 601919).
cost(7, 23, 547876).
cost(7, 24, 405859).
cost(7, 25, 99971).
cost(7, 26, 695656).
cost(8, 1, 564514).
cost(8, 2, 684950).
cost(8, 3, 542519).
cost(8, 4, 828392).
cost(8, 5, 187963).
cost(8, 6, 166431).
cost(8, 7, 214305).
cost(8, 9, 853621).
cost(8, 10, 516518).
cost(8, 11, 815888).
cost(8, 12, 433651).
cost(8, 13, 998851).
cost(8, 14, 784921).
cost(8, 15, 184475).
cost(8, 16, 544200).
cost(8, 17, 697568).
cost(8, 18, 800478).
cost(8, 19, 670993).
cost(8, 20, 603211).
cost(8, 21, 653535).
cost(8, 22, 574527).
cost(8, 23, 688176).
cost(8, 24, 597961).
cost(8, 25, 205048).
cost(8, 26, 840750).
cost(9, 1, 925007).
cost(9, 2, 965764).
cost(9, 3, 316339).
cost(9, 4, 542090).
cost(9, 5, 736159).
cost(9, 6, 961768).
cost(9, 7, 769188).
cost(9, 8, 853621).
cost(9, 10, 423353).
cost(9, 11, 152597).
cost(9, 12, 583253).
cost(9, 13, 451886).
cost(9, 14, 353524).
cost(9, 15, 894972).
cost(9, 16, 533547).
cost(9, 17, 334460).
cost(9, 18, 160104).
cost(9, 19, 188628).
cost(9, 20, 256746).
cost(9, 21, 450198).
cost(9, 22, 428190).
cost(9, 23, 291780).
cost(9, 24, 537898).
cost(9, 25, 869049).
cost(9, 26, 268995).
cost(10, 1, 833297).
cost(10, 2, 921012).
cost(10, 3, 249101).
cost(10, 4, 722904).
cost(10, 5, 353123).
cost(10, 6, 664308).
cost(10, 7, 531798).
cost(10, 8, 516518).
cost(10, 9, 423353).
cost(10, 11, 329037).
cost(10, 12, 159922).
cost(10, 13, 766806).
cost(10, 14, 571632).
cost(10, 15, 500671).
cost(10, 16, 526305).
cost(10, 17, 181056).
cost(10, 18, 460273).
cost(10, 19, 304986).
cost(10, 20, 272542).
cost(10, 21, 165069).
cost(10, 22, 72496).
cost(10, 23, 444993).
cost(10, 24, 569329).
cost(10, 25, 616650).
cost(10, 26, 559545).
cost(11, 1, 981482).
cost(11, 2, 1038031).
cost(11, 3, 323827).
cost(11, 4, 665335).
cost(11, 5, 673059).
cost(11, 6, 943711).
cost(11, 7, 770019).
cost(11, 8, 815888).
cost(11, 9, 152597).
cost(11, 10, 329037).
cost(11, 12, 482680).
cost(11, 13, 600828).
cost(11, 14, 477272).
cost(11, 15, 826427).
cost(11, 16, 600184).
cost(11, 17, 196505).
cost(11, 18, 290062).
cost(11, 19, 228731).
cost(11, 20, 278236).
cost(11, 21, 313475).
cost(11, 22, 312331).
cost(11, 23, 386849).
cost(11, 24, 617368).
cost(11, 25, 867269).
cost(11, 26, 407290).
cost(12, 1, 855513).
cost(12, 2, 956712).
cost(12, 3, 376966).
cost(12, 4, 839987).
cost(12, 5, 248402).
cost(12, 6, 596110).
cost(12, 7, 512429).
cost(12, 8, 433651).
cost(12, 9, 583253).
cost(12, 10, 159922).
cost(12, 11, 482680).
cost(12, 13, 910259).
cost(12, 14, 705989).
cost(12, 15, 370940).
cost(12, 16, 608581).
cost(12, 17, 308757).
cost(12, 18, 613545).
cost(12, 19, 456869).
cost(12, 20, 414349).
cost(12, 21, 230729).
cost(12, 22, 175532).
cost(12, 23, 579360).
cost(12, 24, 658561).
cost(12, 25, 579168).
cost(12, 26, 706313).
cost(13, 1, 786076).
cost(13, 2, 767564).
cost(13, 3, 535657).
cost(13, 4, 241252).
cost(13, 5, 960875).
cost(13, 6, 1039663).
cost(13, 7, 827893).
cost(13, 8, 998851).
cost(13, 9, 451886).
cost(13, 10, 766806).
cost(13, 11, 600828).
cost(13, 12, 910259).
cost(13, 14, 216955).
cost(13, 15, 1112031).
cost(13, 16, 473862).
cost(13, 17, 753774).
cost(13, 18, 322067).
cost(13, 19, 464853).
cost(13, 20, 496387).
cost(13, 21, 857497).
cost(13, 22, 804252).
cost(13, 23, 335462).
cost(13, 24, 431667).
cost(13, 25, 916030).
cost(13, 26, 208916).
cost(14, 1, 643993).
cost(14, 2, 655543).
cost(14, 3, 329034).
cost(14, 4, 189106).
cost(14, 5, 744146).
cost(14, 6, 835390).
cost(14, 7, 623115).
cost(14, 8, 784921).
cost(14, 9, 353524).
cost(14, 10, 571632).
cost(14, 11, 477272).
cost(14, 12, 705989).
cost(14, 13, 216955).
cost(14, 15, 895089).
cost(14, 16, 280973).
cost(14, 17, 591393).
cost(14, 18, 193504).
cost(14, 19, 286691).
cost(14, 20, 299567).
cost(14, 21, 682870).
cost(14, 22, 617992).
cost(14, 23, 127005).
cost(14, 24, 252460).
cost(14, 25, 715578).
cost(14, 26, 104218).
cost(15, 1, 748562).
cost(15, 2, 868595).
cost(15, 3, 607715).
cost(15, 4, 966777).
cost(15, 5, 159697).
cost(15, 6, 326125).
cost(15, 7, 390805).
cost(15, 8, 184475).
cost(15, 9, 894972).
cost(15, 10, 500671).
cost(15, 11, 826427).
cost(15, 12, 370940).
cost(15, 13, 1112031).
cost(15, 14, 895089).
cost(15, 16, 685628).
cost(15, 17, 673419).
cost(15, 18, 873740).
cost(15, 19, 727739).
cost(15, 20, 665052).
cost(15, 21, 601448).
cost(15, 22, 540553).
cost(15, 23, 784224).
cost(15, 24, 741206).
cost(15, 25, 389231).
cost(15, 26, 934403).
cost(16, 1, 391799).
cost(16, 2, 437927).
cost(16, 3, 302836).
cost(16, 4, 284226).
cost(16, 5, 554946).
cost(16, 6, 566896).
cost(16, 7, 356470).
cost(16, 8, 544200).
cost(16, 9, 533547).
cost(16, 10, 526305).
cost(16, 11, 600184).
cost(16, 12, 608581).
cost(16, 13, 473862).
cost(16, 14, 280973).
cost(16, 15, 685628).
cost(16, 17, 628510).
cost(16, 18, 398270).
cost(16, 19, 371759).
cost(16, 20, 327562).
cost(16, 21, 680243).
cost(16, 22, 593402).
cost(16, 23, 249335).
cost(16, 24, 55783).
cost(16, 25, 442242).
cost(16, 26, 370787).
cost(17, 1, 974952).
cost(17, 2, 1051285).
cost(17, 3, 325748).
cost(17, 4, 767563).
cost(17, 5, 531573).
cost(17, 6, 843973).
cost(17, 7, 701022).
cost(17, 8, 697568).
cost(17, 9, 334460).
cost(17, 10, 181056).
cost(17, 11, 196505).
cost(17, 12, 308757).
cost(17, 13, 753774).
cost(17, 14, 591393).
cost(17, 15, 673419).
cost(17, 16, 628510).
cost(17, 18, 431707).
cost(17, 19, 305177).
cost(17, 20, 313321).
cost(17, 21, 117169).
cost(17, 22, 133591).
cost(17, 23, 475655).
cost(17, 24, 661047).
cost(17, 25, 790230).
cost(17, 26, 547314).
cost(18, 1, 788369).
cost(18, 2, 819229).
cost(18, 3, 266026).
cost(18, 4, 382348).
cost(18, 5, 714737).
cost(18, 6, 885967).
cost(18, 7, 681131).
cost(18, 8, 800478).
cost(18, 9, 160104).
cost(18, 10, 460273).
cost(18, 11, 290062).
cost(18, 12, 613545).
cost(18, 13, 322067).
cost(18, 14, 193504).
cost(18, 15, 873740).
cost(18, 16, 398270).
cost(18, 17, 431707).
cost(18, 19, 156741).
cost(18, 20, 210061).
cost(18, 21, 536651).
cost(18, 22, 489006).
cost(18, 23, 148943).
cost(18, 24, 393258).
cost(18, 25, 780307).
cost(18, 26, 118187).
cost(19, 1, 756462).
cost(19, 2, 809686).
cost(19, 3, 129150).
cost(19, 4, 463396).
cost(19, 5, 568059).
cost(19, 6, 773964).
cost(19, 7, 580610).
cost(19, 8, 670993).
cost(19, 9, 188628).
cost(19, 10, 304986).
cost(19, 11, 228731).
cost(19, 12, 456869).
cost(19, 13, 464853).
cost(19, 14, 286691).
cost(19, 15, 727739).
cost(19, 16, 371759).
cost(19, 17, 305177).
cost(19, 18, 156741).
cost(19, 20, 68604).
cost(19, 21, 397526).
cost(19, 22, 339427).
cost(19, 23, 171992).
cost(19, 24, 389031).
cost(19, 25, 680446).
cost(19, 26, 256178).
cost(20, 1, 703426).
cost(20, 2, 763363).
cost(20, 3, 60766).
cost(20, 4, 460750).
cost(20, 5, 505648).
cost(20, 6, 705405).
cost(20, 7, 513070).
cost(20, 8, 603211).
cost(20, 9, 256746).
cost(20, 10, 272542).
cost(20, 11, 278236).
cost(20, 12, 414349).
cost(20, 13, 496387).
cost(20, 14, 299567).
cost(20, 15, 665052).
cost(20, 16, 327562).
cost(20, 17, 313321).
cost(20, 18, 210061).
cost(20, 19, 68604).
cost(20, 21, 389773).
cost(20, 22, 319297).
cost(20, 23, 173794).
cost(20, 24, 352792).
cost(20, 25, 612784).
cost(20, 26, 292186).
cost(21, 1, 998175).
cost(21, 2, 1084529).
cost(21, 3, 385834).
cost(21, 4, 850513).
cost(21, 5, 474341).
cost(21, 6, 810010).
cost(21, 7, 692462).
cost(21, 8, 653535).
cost(21, 9, 450198).
cost(21, 10, 165069).
cost(21, 11, 313475).
cost(21, 12, 230729).
cost(21, 13, 857497).
cost(21, 14, 682870).
cost(21, 15, 601448).
cost(21, 16, 680243).
cost(21, 17, 117169).
cost(21, 18, 536651).
cost(21, 19, 397526).
cost(21, 20, 389773).
cost(21, 22, 92578).
cost(21, 23, 561184).
cost(21, 24, 719353).
cost(21, 25, 773459).
cost(21, 26, 649126).
cost(22, 1, 905729).
cost(22, 2, 992848).
cost(22, 3, 306077).
cost(22, 4, 777612).
cost(22, 5, 402108).
cost(22, 6, 726981).
cost(22, 7, 601919).
cost(22, 8, 574527).
cost(22, 9, 428190).
cost(22, 10, 72496).
cost(22, 11, 312331).
cost(22, 12, 175532).
cost(22, 13, 804252).
cost(22, 14, 617992).
cost(22, 15, 540553).
cost(22, 16, 593402).
cost(22, 17, 133591).
cost(22, 18, 489006).
cost(22, 19, 339427).
cost(22, 20, 319297).
cost(22, 21, 92578).
cost(22, 23, 493044).
cost(22, 24, 634559).
cost(22, 25, 684841).
cost(22, 26, 595450).
cost(23, 1, 639916).
cost(23, 2, 674649).
cost(23, 3, 202446).
cost(23, 4, 291915).
cost(23, 5, 629704).
cost(23, 6, 757265).
cost(23, 7, 547876).
cost(23, 8, 688176).
cost(23, 9, 291780).
cost(23, 10, 444993).
cost(23, 11, 386849).
cost(23, 12, 579360).
cost(23, 13, 335462).
cost(23, 14, 127005).
cost(23, 15, 784224).
cost(23, 16, 249335).
cost(23, 17, 475655).
cost(23, 18, 148943).
cost(23, 19, 171992).
cost(23, 20, 173794).
cost(23, 21, 561184).
cost(23, 22, 493044).
cost(23, 24, 246939).
cost(23, 25, 645335).
cost(23, 26, 152598).
cost(24, 1, 397335).
cost(24, 2, 427885).
cost(24, 3, 336285).
cost(24, 4, 230841).
cost(24, 5, 610638).
cost(24, 6, 614278).
cost(24, 7, 405859).
cost(24, 8, 597961).
cost(24, 9, 537898).
cost(24, 10, 569329).
cost(24, 11, 617368).
cost(24, 12, 658561).
cost(24, 13, 431667).
cost(24, 14, 252460).
cost(24, 15, 741206).
cost(24, 16, 55783).
cost(24, 17, 661047).
cost(24, 18, 393258).
cost(24, 19, 389031).
cost(24, 20, 352792).
cost(24, 21, 719353).
cost(24, 22, 634559).
cost(24, 23, 246939).
cost(24, 25, 487877).
cost(24, 26, 349601).
cost(25, 1, 363358).
cost(25, 2, 484844).
cost(25, 3, 554861).
cost(25, 4, 713771).
cost(25, 5, 361397).
cost(25, 6, 129050).
cost(25, 7, 99971).
cost(25, 8, 205048).
cost(25, 9, 869049).
cost(25, 10, 616650).
cost(25, 11, 867269).
cost(25, 12, 579168).
cost(25, 13, 916030).
cost(25, 14, 715578).
cost(25, 15, 389231).
cost(25, 16, 442242).
cost(25, 17, 790230).
cost(25, 18, 780307).
cost(25, 19, 680446).
cost(25, 20, 612784).
cost(25, 21, 773459).
cost(25, 22, 684841).
cost(25, 23, 645335).
cost(25, 24, 487877).
cost(25, 26, 791563).
cost(26, 1, 744921).
cost(26, 2, 759439).
cost(26, 3, 337425).
cost(26, 4, 280284).
cost(26, 5, 778407).
cost(26, 6, 906508).
cost(26, 7, 695656).
cost(26, 8, 840750).
cost(26, 9, 268995).
cost(26, 10, 559545).
cost(26, 11, 407290).
cost(26, 12, 706313).
cost(26, 13, 208916).
cost(26, 14, 104218).
cost(26, 15, 934403).
cost(26, 16, 370787).
cost(26, 17, 547314).
cost(26, 18, 118187).
cost(26, 19, 256178).
cost(26, 20, 292186).
cost(26, 21, 649126).
cost(26, 22, 595450).
cost(26, 23, 152598).
cost(26, 24, 349601).
cost(26, 25, 791563).
