dimension(30).
point(1, 8.660966249, 67.5324602329).
point(2, 16.289261151, 82.4400331894).
point(3, 12.7319655407, 67.6736745101).
point(4, 6.4585035079, 70.0495942047).
point(5, 12.146866807, 77.9421916874).
point(6, 17.4544822441, 89.4684123554).
point(7, 59.177788168, 5.737334446).
point(8, 58.2560340072, 5.2206286345).
point(9, 59.5503385786, 24.7553765034).
point(10, 62.5119175277, 7.0892878244).
point(11, 78.8461860487, 9.7857291767).
point(12, 68.6792922837, 16.3777046063).
point(13, 37.8994124587, 76.5563650893).
point(14, 42.296753533, 87.5501918467).
point(15, 50.1190584981, 84.5667434787).
point(16, 37.5725833512, 82.1182189795).
point(17, 37.2926795112, 80.7141260492).
point(18, 45.8863471167, 77.380390533).
point(19, 73.1734120251, 40.9725070644).
point(20, 87.5311545562, 28.6368972143).
point(21, 95.961751062, 43.371612687).
point(22, 97.1497064759, 48.4505446217).
point(23, 93.9943027988, 50.2534520236).
point(24, 98.1322615659, 38.6348242809).
point(25, 20.2482803784, 31.5738567596).
point(26, 21.6343916243, 19.7885805464).
point(27, 20.3855586512, 27.9819990179).
point(28, 25.3425624835, 14.8084441399).
point(29, 40.9337829344, 28.6678980937).
point(30, 30.1626635661, 26.6276530522).
cost(1, 2, 17).
cost(1, 3, 4).
cost(1, 4, 3).
cost(1, 5, 11).
cost(1, 6, 24).
cost(1, 7, 80).
cost(1, 8, 80).
cost(1, 9, 66).
cost(1, 10, 81).
cost(1, 11, 91).
cost(1, 12, 79).
cost(1, 13, 31).
cost(1, 14, 39).
cost(1, 15, 45).
cost(1, 16, 32).
cost(1, 17, 32).
cost(1, 18, 39).
cost(1, 19, 70).
cost(1, 20, 88).
cost(1, 21, 91).
cost(1, 22, 91).
cost(1, 23, 87).
cost(1, 24, 94).
cost(1, 25, 38).
cost(1, 26, 49).
cost(1, 27, 41).
cost(1, 28, 55).
cost(1, 29, 51).
cost(1, 30, 46).
cost(2, 1, 17).
cost(2, 3, 15).
cost(2, 4, 16).
cost(2, 5, 6).
cost(2, 6, 7).
cost(2, 7, 88).
cost(2, 8, 88).
cost(2, 9, 72).
cost(2, 10, 88).
cost(2, 11, 96).
cost(2, 12, 84).
cost(2, 13, 22).
cost(2, 14, 27).
cost(2, 15, 34).
cost(2, 16, 21).
cost(2, 17, 21).
cost(2, 18, 30).
cost(2, 19, 70).
cost(2, 20, 89).
cost(2, 21, 89).
cost(2, 22, 88).
cost(2, 23, 84).
cost(2, 24, 93).
cost(2, 25, 51).
cost(2, 26, 63).
cost(2, 27, 55).
cost(2, 28, 68).
cost(2, 29, 59).
cost(2, 30, 58).
cost(3, 1, 4).
cost(3, 2, 15).
cost(3, 4, 7).
cost(3, 5, 10).
cost(3, 6, 22).
cost(3, 7, 77).
cost(3, 8, 77).
cost(3, 9, 64).
cost(3, 10, 78).
cost(3, 11, 88).
cost(3, 12, 76).
cost(3, 13, 27).
cost(3, 14, 36).
cost(3, 15, 41).
cost(3, 16, 29).
cost(3, 17, 28).
cost(3, 18, 35).
cost(3, 19, 66).
cost(3, 20, 84).
cost(3, 21, 87).
cost(3, 22, 87).
cost(3, 23, 83).
cost(3, 24, 90).
cost(3, 25, 37).
cost(3, 26, 49).
cost(3, 27, 40).
cost(3, 28, 54).
cost(3, 29, 48).
cost(3, 30, 45).
cost(4, 1, 3).
cost(4, 2, 16).
cost(4, 3, 7).
cost(4, 5, 10).
cost(4, 6, 22).
cost(4, 7, 83).
cost(4, 8, 83).
cost(4, 9, 70).
cost(4, 10, 84).
cost(4, 11, 94).
cost(4, 12, 82).
cost(4, 13, 32).
cost(4, 14, 40).
cost(4, 15, 46).
cost(4, 16, 33).
cost(4, 17, 33).
cost(4, 18, 40).
cost(4, 19, 73).
cost(4, 20, 91).
cost(4, 21, 93).
cost(4, 22, 93).
cost(4, 23, 90).
cost(4, 24, 97).
cost(4, 25, 41).
cost(4, 26, 53).
cost(4, 27, 44).
cost(4, 28, 58).
cost(4, 29, 54).
cost(4, 30, 49).
cost(5, 1, 11).
cost(5, 2, 6).
cost(5, 3, 10).
cost(5, 4, 10).
cost(5, 6, 13).
cost(5, 7, 86).
cost(5, 8, 86).
cost(5, 9, 71).
cost(5, 10, 87).
cost(5, 11, 95).
cost(5, 12, 84).
cost(5, 13, 26).
cost(5, 14, 32).
cost(5, 15, 39).
cost(5, 16, 26).
cost(5, 17, 25).
cost(5, 18, 34).
cost(5, 19, 71).
cost(5, 20, 90).
cost(5, 21, 91).
cost(5, 22, 90).
cost(5, 23, 86).
cost(5, 24, 95).
cost(5, 25, 47).
cost(5, 26, 59).
cost(5, 27, 51).
cost(5, 28, 64).
cost(5, 29, 57).
cost(5, 30, 54).
cost(6, 1, 24).
cost(6, 2, 7).
cost(6, 3, 22).
cost(6, 4, 22).
cost(6, 5, 13).
cost(6, 7, 94).
cost(6, 8, 94).
cost(6, 9, 77).
cost(6, 10, 94).
cost(6, 11, 101).
cost(6, 12, 89).
cost(6, 13, 24).
cost(6, 14, 25).
cost(6, 15, 33).
cost(6, 16, 21).
cost(6, 17, 22).
cost(6, 18, 31).
cost(6, 19, 74).
cost(6, 20, 93).
cost(6, 21, 91).
cost(6, 22, 90).
cost(6, 23, 86).
cost(6, 24, 95).
cost(6, 25, 58).
cost(6, 26, 70).
cost(6, 27, 62).
cost(6, 28, 75).
cost(6, 29, 65).
cost(6, 30, 64).
cost(7, 1, 80).
cost(7, 2, 88).
cost(7, 3, 77).
cost(7, 4, 83).
cost(7, 5, 86).
cost(7, 6, 94).
cost(7, 8, 1).
cost(7, 9, 19).
cost(7, 10, 4).
cost(7, 11, 20).
cost(7, 12, 14).
cost(7, 13, 74).
cost(7, 14, 84).
cost(7, 15, 79).
cost(7, 16, 79).
cost(7, 17, 78).
cost(7, 18, 73).
cost(7, 19, 38).
cost(7, 20, 36).
cost(7, 21, 53).
cost(7, 22, 57).
cost(7, 23, 57).
cost(7, 24, 51).
cost(7, 25, 47).
cost(7, 26, 40).
cost(7, 27, 45).
cost(7, 28, 35).
cost(7, 29, 29).
cost(7, 30, 36).
cost(8, 1, 80).
cost(8, 2, 88).
cost(8, 3, 77).
cost(8, 4, 83).
cost(8, 5, 86).
cost(8, 6, 94).
cost(8, 7, 1).
cost(8, 9, 20).
cost(8, 10, 5).
cost(8, 11, 21).
cost(8, 12, 15).
cost(8, 13, 74).
cost(8, 14, 84).
cost(8, 15, 80).
cost(8, 16, 80).
cost(8, 17, 78).
cost(8, 18, 73).
cost(8, 19, 39).
cost(8, 20, 37).
cost(8, 21, 54).
cost(8, 22, 58).
cost(8, 23, 57).
cost(8, 24, 52).
cost(8, 25, 46).
cost(8, 26, 39).
cost(8, 27, 44).
cost(8, 28, 34).
cost(8, 29, 29).
cost(8, 30, 35).
cost(9, 1, 66).
cost(9, 2, 72).
cost(9, 3, 64).
cost(9, 4, 70).
cost(9, 5, 71).
cost(9, 6, 77).
cost(9, 7, 19).
cost(9, 8, 20).
cost(9, 10, 18).
cost(9, 11, 24).
cost(9, 12, 12).
cost(9, 13, 56).
cost(9, 14, 65).
cost(9, 15, 61).
cost(9, 16, 61).
cost(9, 17, 60).
cost(9, 18, 54).
cost(9, 19, 21).
cost(9, 20, 28).
cost(9, 21, 41).
cost(9, 22, 44).
cost(9, 23, 43).
cost(9, 24, 41).
cost(9, 25, 40).
cost(9, 26, 38).
cost(9, 27, 39).
cost(9, 28, 36).
cost(9, 29, 19).
cost(9, 30, 29).
cost(10, 1, 81).
cost(10, 2, 88).
cost(10, 3, 78).
cost(10, 4, 84).
cost(10, 5, 87).
cost(10, 6, 94).
cost(10, 7, 4).
cost(10, 8, 5).
cost(10, 9, 18).
cost(10, 11, 17).
cost(10, 12, 11).
cost(10, 13, 74).
cost(10, 14, 83).
cost(10, 15, 78).
cost(10, 16, 79).
cost(10, 17, 78).
cost(10, 18, 72).
cost(10, 19, 36).
cost(10, 20, 33).
cost(10, 21, 49).
cost(10, 22, 54).
cost(10, 23, 53).
cost(10, 24, 48).
cost(10, 25, 49).
cost(10, 26, 43).
cost(10, 27, 47).
cost(10, 28, 38).
cost(10, 29, 31).
cost(10, 30, 38).
cost(11, 1, 91).
cost(11, 2, 96).
cost(11, 3, 88).
cost(11, 4, 94).
cost(11, 5, 95).
cost(11, 6, 101).
cost(11, 7, 20).
cost(11, 8, 21).
cost(11, 9, 24).
cost(11, 10, 17).
cost(11, 12, 12).
cost(11, 13, 78).
cost(11, 14, 86).
cost(11, 15, 80).
cost(11, 16, 83).
cost(11, 17, 82).
cost(11, 18, 75).
cost(11, 19, 32).
cost(11, 20, 21).
cost(11, 21, 38).
cost(11, 22, 43).
cost(11, 23, 43).
cost(11, 24, 35).
cost(11, 25, 63).
cost(11, 26, 58).
cost(11, 27, 61).
cost(11, 28, 54).
cost(11, 29, 42).
cost(11, 30, 52).
cost(12, 1, 79).
cost(12, 2, 84).
cost(12, 3, 76).
cost(12, 4, 82).
cost(12, 5, 84).
cost(12, 6, 89).
cost(12, 7, 14).
cost(12, 8, 15).
cost(12, 9, 12).
cost(12, 10, 11).
cost(12, 11, 12).
cost(12, 13, 68).
cost(12, 14, 76).
cost(12, 15, 71).
cost(12, 16, 73).
cost(12, 17, 72).
cost(12, 18, 65).
cost(12, 19, 25).
cost(12, 20, 22).
cost(12, 21, 38).
cost(12, 22, 43).
cost(12, 23, 42).
cost(12, 24, 37).
cost(12, 25, 51).
cost(12, 26, 47).
cost(12, 27, 50).
cost(12, 28, 43).
cost(12, 29, 30).
cost(12, 30, 40).
cost(13, 1, 31).
cost(13, 2, 22).
cost(13, 3, 27).
cost(13, 4, 32).
cost(13, 5, 26).
cost(13, 6, 24).
cost(13, 7, 74).
cost(13, 8, 74).
cost(13, 9, 56).
cost(13, 10, 74).
cost(13, 11, 78).
cost(13, 12, 68).
cost(13, 14, 12).
cost(13, 15, 15).
cost(13, 16, 6).
cost(13, 17, 4).
cost(13, 18, 8).
cost(13, 19, 50).
cost(13, 20, 69).
cost(13, 21, 67).
cost(13, 22, 66).
cost(13, 23, 62).
cost(13, 24, 71).
cost(13, 25, 48).
cost(13, 26, 59).
cost(13, 27, 52).
cost(13, 28, 63).
cost(13, 29, 48).
cost(13, 30, 51).
cost(14, 1, 39).
cost(14, 2, 27).
cost(14, 3, 36).
cost(14, 4, 40).
cost(14, 5, 32).
cost(14, 6, 25).
cost(14, 7, 84).
cost(14, 8, 84).
cost(14, 9, 65).
cost(14, 10, 83).
cost(14, 11, 86).
cost(14, 12, 76).
cost(14, 13, 12).
cost(14, 15, 8).
cost(14, 16, 7).
cost(14, 17, 8).
cost(14, 18, 11).
cost(14, 19, 56).
cost(14, 20, 74).
cost(14, 21, 70).
cost(14, 22, 67).
cost(14, 23, 64).
cost(14, 24, 74).
cost(14, 25, 60).
cost(14, 26, 71).
cost(14, 27, 63).
cost(14, 28, 75).
cost(14, 29, 59).
cost(14, 30, 62).
cost(15, 1, 45).
cost(15, 2, 34).
cost(15, 3, 41).
cost(15, 4, 46).
cost(15, 5, 39).
cost(15, 6, 33).
cost(15, 7, 79).
cost(15, 8, 80).
cost(15, 9, 61).
cost(15, 10, 78).
cost(15, 11, 80).
cost(15, 12, 71).
cost(15, 13, 15).
cost(15, 14, 8).
cost(15, 16, 13).
cost(15, 17, 13).
cost(15, 18, 8).
cost(15, 19, 49).
cost(15, 20, 67).
cost(15, 21, 62).
cost(15, 22, 59).
cost(15, 23, 56).
cost(15, 24, 66).
cost(15, 25, 61).
cost(15, 26, 71).
cost(15, 27, 64).
cost(15, 28, 74).
cost(15, 29, 57).
cost(15, 30, 61).
cost(16, 1, 32).
cost(16, 2, 21).
cost(16, 3, 29).
cost(16, 4, 33).
cost(16, 5, 26).
cost(16, 6, 21).
cost(16, 7, 79).
cost(16, 8, 80).
cost(16, 9, 61).
cost(16, 10, 79).
cost(16, 11, 83).
cost(16, 12, 73).
cost(16, 13, 6).
cost(16, 14, 7).
cost(16, 15, 13).
cost(16, 17, 1).
cost(16, 18, 10).
cost(16, 19, 54).
cost(16, 20, 73).
cost(16, 21, 70).
cost(16, 22, 68).
cost(16, 23, 65).
cost(16, 24, 75).
cost(16, 25, 53).
cost(16, 26, 64).
cost(16, 27, 57).
cost(16, 28, 68).
cost(16, 29, 54).
cost(16, 30, 56).
cost(17, 1, 32).
cost(17, 2, 21).
cost(17, 3, 28).
cost(17, 4, 33).
cost(17, 5, 25).
cost(17, 6, 22).
cost(17, 7, 78).
cost(17, 8, 78).
cost(17, 9, 60).
cost(17, 10, 78).
cost(17, 11, 82).
cost(17, 12, 72).
cost(17, 13, 4).
cost(17, 14, 8).
cost(17, 15, 13).
cost(17, 16, 1).
cost(17, 18, 9).
cost(17, 19, 54).
cost(17, 20, 72).
cost(17, 21, 70).
cost(17, 22, 68).
cost(17, 23, 64).
cost(17, 24, 74).
cost(17, 25, 52).
cost(17, 26, 63).
cost(17, 27, 55).
cost(17, 28, 67).
cost(17, 29, 52).
cost(17, 30, 55).
cost(18, 1, 39).
cost(18, 2, 30).
cost(18, 3, 35).
cost(18, 4, 40).
cost(18, 5, 34).
cost(18, 6, 31).
cost(18, 7, 73).
cost(18, 8, 73).
cost(18, 9, 54).
cost(18, 10, 72).
cost(18, 11, 75).
cost(18, 12, 65).
cost(18, 13, 8).
cost(18, 14, 11).
cost(18, 15, 8).
cost(18, 16, 10).
cost(18, 17, 9).
cost(18, 19, 45).
cost(18, 20, 64).
cost(18, 21, 61).
cost(18, 22, 59).
cost(18, 23, 55).
cost(18, 24, 65).
cost(18, 25, 52).
cost(18, 26, 62).
cost(18, 27, 56).
cost(18, 28, 66).
cost(18, 29, 49).
cost(18, 30, 53).
cost(19, 1, 70).
cost(19, 2, 70).
cost(19, 3, 66).
cost(19, 4, 73).
cost(19, 5, 71).
cost(19, 6, 74).
cost(19, 7, 38).
cost(19, 8, 39).
cost(19, 9, 21).
cost(19, 10, 36).
cost(19, 11, 32).
cost(19, 12, 25).
cost(19, 13, 50).
cost(19, 14, 56).
cost(19, 15, 49).
cost(19, 16, 54).
cost(19, 17, 54).
cost(19, 18, 45).
cost(19, 20, 19).
cost(19, 21, 23).
cost(19, 22, 25).
cost(19, 23, 23).
cost(19, 24, 25).
cost(19, 25, 54).
cost(19, 26, 56).
cost(19, 27, 54).
cost(19, 28, 55).
cost(19, 29, 35).
cost(19, 30, 45).
cost(20, 1, 88).
cost(20, 2, 89).
cost(20, 3, 84).
cost(20, 4, 91).
cost(20, 5, 90).
cost(20, 6, 93).
cost(20, 7, 36).
cost(20, 8, 37).
cost(20, 9, 28).
cost(20, 10, 33).
cost(20, 11, 21).
cost(20, 12, 22).
cost(20, 13, 69).
cost(20, 14, 74).
cost(20, 15, 67).
cost(20, 16, 73).
cost(20, 17, 72).
cost(20, 18, 64).
cost(20, 19, 19).
cost(20, 21, 17).
cost(20, 22, 22).
cost(20, 23, 23).
cost(20, 24, 15).
cost(20, 25, 67).
cost(20, 26, 66).
cost(20, 27, 67).
cost(20, 28, 64).
cost(20, 29, 47).
cost(20, 30, 57).
cost(21, 1, 91).
cost(21, 2, 89).
cost(21, 3, 87).
cost(21, 4, 93).
cost(21, 5, 91).
cost(21, 6, 91).
cost(21, 7, 53).
cost(21, 8, 54).
cost(21, 9, 41).
cost(21, 10, 49).
cost(21, 11, 38).
cost(21, 12, 38).
cost(21, 13, 67).
cost(21, 14, 70).
cost(21, 15, 62).
cost(21, 16, 70).
cost(21, 17, 70).
cost(21, 18, 61).
cost(21, 19, 23).
cost(21, 20, 17).
cost(21, 22, 5).
cost(21, 23, 7).
cost(21, 24, 5).
cost(21, 25, 77).
cost(21, 26, 78).
cost(21, 27, 77).
cost(21, 28, 76).
cost(21, 29, 57).
cost(21, 30, 68).
cost(22, 1, 91).
cost(22, 2, 88).
cost(22, 3, 87).
cost(22, 4, 93).
cost(22, 5, 90).
cost(22, 6, 90).
cost(22, 7, 57).
cost(22, 8, 58).
cost(22, 9, 44).
cost(22, 10, 54).
cost(22, 11, 43).
cost(22, 12, 43).
cost(22, 13, 66).
cost(22, 14, 67).
cost(22, 15, 59).
cost(22, 16, 68).
cost(22, 17, 68).
cost(22, 18, 59).
cost(22, 19, 25).
cost(22, 20, 22).
cost(22, 21, 5).
cost(22, 23, 4).
cost(22, 24, 10).
cost(22, 25, 79).
cost(22, 26, 81).
cost(22, 27, 79).
cost(22, 28, 79).
cost(22, 29, 60).
cost(22, 30, 70).
cost(23, 1, 87).
cost(23, 2, 84).
cost(23, 3, 83).
cost(23, 4, 90).
cost(23, 5, 86).
cost(23, 6, 86).
cost(23, 7, 57).
cost(23, 8, 57).
cost(23, 9, 43).
cost(23, 10, 53).
cost(23, 11, 43).
cost(23, 12, 42).
cost(23, 13, 62).
cost(23, 14, 64).
cost(23, 15, 56).
cost(23, 16, 65).
cost(23, 17, 64).
cost(23, 18, 55).
cost(23, 19, 23).
cost(23, 20, 23).
cost(23, 21, 7).
cost(23, 22, 4).
cost(23, 24, 12).
cost(23, 25, 76).
cost(23, 26, 79).
cost(23, 27, 77).
cost(23, 28, 77).
cost(23, 29, 57).
cost(23, 30, 68).
cost(24, 1, 94).
cost(24, 2, 93).
cost(24, 3, 90).
cost(24, 4, 97).
cost(24, 5, 95).
cost(24, 6, 95).
cost(24, 7, 51).
cost(24, 8, 52).
cost(24, 9, 41).
cost(24, 10, 48).
cost(24, 11, 35).
cost(24, 12, 37).
cost(24, 13, 71).
cost(24, 14, 74).
cost(24, 15, 66).
cost(24, 16, 75).
cost(24, 17, 74).
cost(24, 18, 65).
cost(24, 19, 25).
cost(24, 20, 15).
cost(24, 21, 5).
cost(24, 22, 10).
cost(24, 23, 12).
cost(24, 25, 78).
cost(24, 26, 79).
cost(24, 27, 78).
cost(24, 28, 77).
cost(24, 29, 58).
cost(24, 30, 69).
cost(25, 1, 38).
cost(25, 2, 51).
cost(25, 3, 37).
cost(25, 4, 41).
cost(25, 5, 47).
cost(25, 6, 58).
cost(25, 7, 47).
cost(25, 8, 46).
cost(25, 9, 40).
cost(25, 10, 49).
cost(25, 11, 63).
cost(25, 12, 51).
cost(25, 13, 48).
cost(25, 14, 60).
cost(25, 15, 61).
cost(25, 16, 53).
cost(25, 17, 52).
cost(25, 18, 52).
cost(25, 19, 54).
cost(25, 20, 67).
cost(25, 21, 77).
cost(25, 22, 79).
cost(25, 23, 76).
cost(25, 24, 78).
cost(25, 26, 12).
cost(25, 27, 4).
cost(25, 28, 18).
cost(25, 29, 21).
cost(25, 30, 11).
cost(26, 1, 49).
cost(26, 2, 63).
cost(26, 3, 49).
cost(26, 4, 53).
cost(26, 5, 59).
cost(26, 6, 70).
cost(26, 7, 40).
cost(26, 8, 39).
cost(26, 9, 38).
cost(26, 10, 43).
cost(26, 11, 58).
cost(26, 12, 47).
cost(26, 13, 59).
cost(26, 14, 71).
cost(26, 15, 71).
cost(26, 16, 64).
cost(26, 17, 63).
cost(26, 18, 62).
cost(26, 19, 56).
cost(26, 20, 66).
cost(26, 21, 78).
cost(26, 22, 81).
cost(26, 23, 79).
cost(26, 24, 79).
cost(26, 25, 12).
cost(26, 27, 8).
cost(26, 28, 6).
cost(26, 29, 21).
cost(26, 30, 11).
cost(27, 1, 41).
cost(27, 2, 55).
cost(27, 3, 40).
cost(27, 4, 44).
cost(27, 5, 51).
cost(27, 6, 62).
cost(27, 7, 45).
cost(27, 8, 44).
cost(27, 9, 39).
cost(27, 10, 47).
cost(27, 11, 61).
cost(27, 12, 50).
cost(27, 13, 52).
cost(27, 14, 63).
cost(27, 15, 64).
cost(27, 16, 57).
cost(27, 17, 55).
cost(27, 18, 56).
cost(27, 19, 54).
cost(27, 20, 67).
cost(27, 21, 77).
cost(27, 22, 79).
cost(27, 23, 77).
cost(27, 24, 78).
cost(27, 25, 4).
cost(27, 26, 8).
cost(27, 28, 14).
cost(27, 29, 21).
cost(27, 30, 10).
cost(28, 1, 55).
cost(28, 2, 68).
cost(28, 3, 54).
cost(28, 4, 58).
cost(28, 5, 64).
cost(28, 6, 75).
cost(28, 7, 35).
cost(28, 8, 34).
cost(28, 9, 36).
cost(28, 10, 38).
cost(28, 11, 54).
cost(28, 12, 43).
cost(28, 13, 63).
cost(28, 14, 75).
cost(28, 15, 74).
cost(28, 16, 68).
cost(28, 17, 67).
cost(28, 18, 66).
cost(28, 19, 55).
cost(28, 20, 64).
cost(28, 21, 76).
cost(28, 22, 79).
cost(28, 23, 77).
cost(28, 24, 77).
cost(28, 25, 18).
cost(28, 26, 6).
cost(28, 27, 14).
cost(28, 29, 21).
cost(28, 30, 13).
cost(29, 1, 51).
cost(29, 2, 59).
cost(29, 3, 48).
cost(29, 4, 54).
cost(29, 5, 57).
cost(29, 6, 65).
cost(29, 7, 29).
cost(29, 8, 29).
cost(29, 9, 19).
cost(29, 10, 31).
cost(29, 11, 42).
cost(29, 12, 30).
cost(29, 13, 48).
cost(29, 14, 59).
cost(29, 15, 57).
cost(29, 16, 54).
cost(29, 17, 52).
cost(29, 18, 49).
cost(29, 19, 35).
cost(29, 20, 47).
cost(29, 21, 57).
cost(29, 22, 60).
cost(29, 23, 57).
cost(29, 24, 58).
cost(29, 25, 21).
cost(29, 26, 21).
cost(29, 27, 21).
cost(29, 28, 21).
cost(29, 30, 11).
cost(30, 1, 46).
cost(30, 2, 58).
cost(30, 3, 45).
cost(30, 4, 49).
cost(30, 5, 54).
cost(30, 6, 64).
cost(30, 7, 36).
cost(30, 8, 35).
cost(30, 9, 29).
cost(30, 10, 38).
cost(30, 11, 52).
cost(30, 12, 40).
cost(30, 13, 51).
cost(30, 14, 62).
cost(30, 15, 61).
cost(30, 16, 56).
cost(30, 17, 55).
cost(30, 18, 53).
cost(30, 19, 45).
cost(30, 20, 57).
cost(30, 21, 68).
cost(30, 22, 70).
cost(30, 23, 68).
cost(30, 24, 69).
cost(30, 25, 11).
cost(30, 26, 11).
cost(30, 27, 10).
cost(30, 28, 13).
cost(30, 29, 11).
