dimension(30).
point(1, 62.4418854688, 67.9393186862).
point(2, 59.2267313889, 61.2677344839).
point(3, 62.6685846505, 64.8867274151).
point(4, 63.8880842691, 61.269672061).
point(5, 54.4074463364, 58.9064980937).
point(6, 59.2740071991, 72.8878708361).
point(7, 17.0078338978, 96.7477153861).
point(8, 17.7101863359, 97.3416398214).
point(9, 28.4881734923, 90.4942740502).
point(10, 42.0322584937, 84.1697220921).
point(11, 28.7748616299, 94.4171951378).
point(12, 34.6554661101, 87.3056396847).
point(13, 44.7790810467, 15.0432062969).
point(14, 36.2044784831, 2.0326469023).
point(15, 47.1514621742, 1.8284256746).
point(16, 47.7556566479, 27.1347908057).
point(17, 35.2241735053, 6.406437083).
point(18, 50.8929768396, 11.3321275424).
point(19, 78.6976746828, 38.3764574609).
point(20, 88.3620530673, 31.8139351649).
point(21, 92.9445816206, 32.6784160805).
point(22, 82.4041220879, 38.2708411259).
point(23, 87.3096731854, 28.1504532412).
point(24, 84.904324859, 29.7966313428).
point(25, 6.3203619599, 43.7713229222).
point(26, 8.0937559745, 46.0230510354).
point(27, 11.5750007483, 46.1922912412).
point(28, 14.2957200345, 42.5402655896).
point(29, 10.3096887583, 37.2300873207).
point(30, 11.0332373735, 40.7395902292).
cost(1, 2, 7).
cost(1, 3, 3).
cost(1, 4, 7).
cost(1, 5, 12).
cost(1, 6, 6).
cost(1, 7, 54).
cost(1, 8, 54).
cost(1, 9, 41).
cost(1, 10, 26).
cost(1, 11, 43).
cost(1, 12, 34).
cost(1, 13, 56).
cost(1, 14, 71).
cost(1, 15, 68).
cost(1, 16, 43).
cost(1, 17, 67).
cost(1, 18, 58).
cost(1, 19, 34).
cost(1, 20, 44).
cost(1, 21, 47).
cost(1, 22, 36).
cost(1, 23, 47).
cost(1, 24, 44).
cost(1, 25, 61).
cost(1, 26, 59).
cost(1, 27, 55).
cost(1, 28, 54).
cost(1, 29, 61).
cost(1, 30, 58).
cost(2, 1, 7).
cost(2, 3, 5).
cost(2, 4, 5).
cost(2, 5, 5).
cost(2, 6, 12).
cost(2, 7, 55).
cost(2, 8, 55).
cost(2, 9, 42).
cost(2, 10, 29).
cost(2, 11, 45).
cost(2, 12, 36).
cost(2, 13, 48).
cost(2, 14, 64).
cost(2, 15, 61).
cost(2, 16, 36).
cost(2, 17, 60).
cost(2, 18, 51).
cost(2, 19, 30).
cost(2, 20, 41).
cost(2, 21, 44).
cost(2, 22, 33).
cost(2, 23, 43).
cost(2, 24, 41).
cost(2, 25, 56).
cost(2, 26, 53).
cost(2, 27, 50).
cost(2, 28, 49).
cost(2, 29, 55).
cost(2, 30, 52).
cost(3, 1, 3).
cost(3, 2, 5).
cost(3, 4, 4).
cost(3, 5, 10).
cost(3, 6, 9).
cost(3, 7, 56).
cost(3, 8, 55).
cost(3, 9, 43).
cost(3, 10, 28).
cost(3, 11, 45).
cost(3, 12, 36).
cost(3, 13, 53).
cost(3, 14, 68).
cost(3, 15, 65).
cost(3, 16, 41).
cost(3, 17, 65).
cost(3, 18, 55).
cost(3, 19, 31).
cost(3, 20, 42).
cost(3, 21, 44).
cost(3, 22, 33).
cost(3, 23, 44).
cost(3, 24, 42).
cost(3, 25, 60).
cost(3, 26, 58).
cost(3, 27, 54).
cost(3, 28, 53).
cost(3, 29, 59).
cost(3, 30, 57).
cost(4, 1, 7).
cost(4, 2, 5).
cost(4, 3, 4).
cost(4, 5, 10).
cost(4, 6, 13).
cost(4, 7, 59).
cost(4, 8, 59).
cost(4, 9, 46).
cost(4, 10, 32).
cost(4, 11, 48).
cost(4, 12, 39).
cost(4, 13, 50).
cost(4, 14, 65).
cost(4, 15, 62).
cost(4, 16, 38).
cost(4, 17, 62).
cost(4, 18, 52).
cost(4, 19, 27).
cost(4, 20, 38).
cost(4, 21, 41).
cost(4, 22, 30).
cost(4, 23, 41).
cost(4, 24, 38).
cost(4, 25, 60).
cost(4, 26, 58).
cost(4, 27, 54).
cost(4, 28, 53).
cost(4, 29, 59).
cost(4, 30, 57).
cost(5, 1, 12).
cost(5, 2, 5).
cost(5, 3, 10).
cost(5, 4, 10).
cost(5, 6, 15).
cost(5, 7, 53).
cost(5, 8, 53).
cost(5, 9, 41).
cost(5, 10, 28).
cost(5, 11, 44).
cost(5, 12, 35).
cost(5, 13, 45).
cost(5, 14, 60).
cost(5, 15, 58).
cost(5, 16, 32).
cost(5, 17, 56).
cost(5, 18, 48).
cost(5, 19, 32).
cost(5, 20, 43).
cost(5, 21, 47).
cost(5, 22, 35).
cost(5, 23, 45).
cost(5, 24, 42).
cost(5, 25, 50).
cost(5, 26, 48).
cost(5, 27, 45).
cost(5, 28, 43).
cost(5, 29, 49).
cost(5, 30, 47).
cost(6, 1, 6).
cost(6, 2, 12).
cost(6, 3, 9).
cost(6, 4, 13).
cost(6, 5, 15).
cost(6, 7, 49).
cost(6, 8, 48).
cost(6, 9, 35).
cost(6, 10, 21).
cost(6, 11, 37).
cost(6, 12, 29).
cost(6, 13, 60).
cost(6, 14, 75).
cost(6, 15, 72).
cost(6, 16, 47).
cost(6, 17, 71).
cost(6, 18, 62).
cost(6, 19, 40).
cost(6, 20, 50).
cost(6, 21, 52).
cost(6, 22, 42).
cost(6, 23, 53).
cost(6, 24, 50).
cost(6, 25, 60).
cost(6, 26, 58).
cost(6, 27, 55).
cost(6, 28, 54).
cost(6, 29, 61).
cost(6, 30, 58).
cost(7, 1, 54).
cost(7, 2, 55).
cost(7, 3, 56).
cost(7, 4, 59).
cost(7, 5, 53).
cost(7, 6, 49).
cost(7, 8, 1).
cost(7, 9, 13).
cost(7, 10, 28).
cost(7, 11, 12).
cost(7, 12, 20).
cost(7, 13, 86).
cost(7, 14, 97).
cost(7, 15, 100).
cost(7, 16, 76).
cost(7, 17, 92).
cost(7, 18, 92).
cost(7, 19, 85).
cost(7, 20, 96).
cost(7, 21, 99).
cost(7, 22, 88).
cost(7, 23, 98).
cost(7, 24, 95).
cost(7, 25, 54).
cost(7, 26, 52).
cost(7, 27, 51).
cost(7, 28, 54).
cost(7, 29, 60).
cost(7, 30, 56).
cost(8, 1, 54).
cost(8, 2, 55).
cost(8, 3, 55).
cost(8, 4, 59).
cost(8, 5, 53).
cost(8, 6, 48).
cost(8, 7, 1).
cost(8, 9, 13).
cost(8, 10, 28).
cost(8, 11, 11).
cost(8, 12, 20).
cost(8, 13, 87).
cost(8, 14, 97).
cost(8, 15, 100).
cost(8, 16, 76).
cost(8, 17, 93).
cost(8, 18, 92).
cost(8, 19, 85).
cost(8, 20, 96).
cost(8, 21, 99).
cost(8, 22, 88).
cost(8, 23, 98).
cost(8, 24, 95).
cost(8, 25, 55).
cost(8, 26, 52).
cost(8, 27, 52).
cost(8, 28, 55).
cost(8, 29, 61).
cost(8, 30, 57).
cost(9, 1, 41).
cost(9, 2, 42).
cost(9, 3, 43).
cost(9, 4, 46).
cost(9, 5, 41).
cost(9, 6, 35).
cost(9, 7, 13).
cost(9, 8, 13).
cost(9, 10, 15).
cost(9, 11, 4).
cost(9, 12, 7).
cost(9, 13, 77).
cost(9, 14, 89).
cost(9, 15, 91).
cost(9, 16, 66).
cost(9, 17, 84).
cost(9, 18, 82).
cost(9, 19, 72).
cost(9, 20, 84).
cost(9, 21, 87).
cost(9, 22, 75).
cost(9, 23, 86).
cost(9, 24, 83).
cost(9, 25, 52).
cost(9, 26, 49).
cost(9, 27, 47).
cost(9, 28, 50).
cost(9, 29, 56).
cost(9, 30, 53).
cost(10, 1, 26).
cost(10, 2, 29).
cost(10, 3, 28).
cost(10, 4, 32).
cost(10, 5, 28).
cost(10, 6, 21).
cost(10, 7, 28).
cost(10, 8, 28).
cost(10, 9, 15).
cost(10, 11, 17).
cost(10, 12, 8).
cost(10, 13, 69).
cost(10, 14, 82).
cost(10, 15, 83).
cost(10, 16, 57).
cost(10, 17, 78).
cost(10, 18, 73).
cost(10, 19, 59).
cost(10, 20, 70).
cost(10, 21, 72).
cost(10, 22, 61).
cost(10, 23, 72).
cost(10, 24, 69).
cost(10, 25, 54).
cost(10, 26, 51).
cost(10, 27, 49).
cost(10, 28, 50).
cost(10, 29, 57).
cost(10, 30, 53).
cost(11, 1, 43).
cost(11, 2, 45).
cost(11, 3, 45).
cost(11, 4, 48).
cost(11, 5, 44).
cost(11, 6, 37).
cost(11, 7, 12).
cost(11, 8, 11).
cost(11, 9, 4).
cost(11, 10, 17).
cost(11, 12, 9).
cost(11, 13, 81).
cost(11, 14, 93).
cost(11, 15, 94).
cost(11, 16, 70).
cost(11, 17, 88).
cost(11, 18, 86).
cost(11, 19, 75).
cost(11, 20, 86).
cost(11, 21, 89).
cost(11, 22, 78).
cost(11, 23, 88).
cost(11, 24, 86).
cost(11, 25, 55).
cost(11, 26, 53).
cost(11, 27, 51).
cost(11, 28, 54).
cost(11, 29, 60).
cost(11, 30, 57).
cost(12, 1, 34).
cost(12, 2, 36).
cost(12, 3, 36).
cost(12, 4, 39).
cost(12, 5, 35).
cost(12, 6, 29).
cost(12, 7, 20).
cost(12, 8, 20).
cost(12, 9, 7).
cost(12, 10, 8).
cost(12, 11, 9).
cost(12, 13, 73).
cost(12, 14, 85).
cost(12, 15, 86).
cost(12, 16, 62).
cost(12, 17, 81).
cost(12, 18, 78).
cost(12, 19, 66).
cost(12, 20, 77).
cost(12, 21, 80).
cost(12, 22, 68).
cost(12, 23, 79).
cost(12, 24, 76).
cost(12, 25, 52).
cost(12, 26, 49).
cost(12, 27, 47).
cost(12, 28, 49).
cost(12, 29, 56).
cost(12, 30, 52).
cost(13, 1, 56).
cost(13, 2, 48).
cost(13, 3, 53).
cost(13, 4, 50).
cost(13, 5, 45).
cost(13, 6, 60).
cost(13, 7, 86).
cost(13, 8, 87).
cost(13, 9, 77).
cost(13, 10, 69).
cost(13, 11, 81).
cost(13, 12, 73).
cost(13, 14, 16).
cost(13, 15, 13).
cost(13, 16, 12).
cost(13, 17, 13).
cost(13, 18, 7).
cost(13, 19, 41).
cost(13, 20, 47).
cost(13, 21, 51).
cost(13, 22, 44).
cost(13, 23, 45).
cost(13, 24, 43).
cost(13, 25, 48).
cost(13, 26, 48).
cost(13, 27, 46).
cost(13, 28, 41).
cost(13, 29, 41).
cost(13, 30, 42).
cost(14, 1, 71).
cost(14, 2, 64).
cost(14, 3, 68).
cost(14, 4, 65).
cost(14, 5, 60).
cost(14, 6, 75).
cost(14, 7, 97).
cost(14, 8, 97).
cost(14, 9, 89).
cost(14, 10, 82).
cost(14, 11, 93).
cost(14, 12, 85).
cost(14, 13, 16).
cost(14, 15, 11).
cost(14, 16, 28).
cost(14, 17, 4).
cost(14, 18, 17).
cost(14, 19, 56).
cost(14, 20, 60).
cost(14, 21, 64).
cost(14, 22, 59).
cost(14, 23, 57).
cost(14, 24, 56).
cost(14, 25, 51).
cost(14, 26, 52).
cost(14, 27, 51).
cost(14, 28, 46).
cost(14, 29, 44).
cost(14, 30, 46).
cost(15, 1, 68).
cost(15, 2, 61).
cost(15, 3, 65).
cost(15, 4, 62).
cost(15, 5, 58).
cost(15, 6, 72).
cost(15, 7, 100).
cost(15, 8, 100).
cost(15, 9, 91).
cost(15, 10, 83).
cost(15, 11, 94).
cost(15, 12, 86).
cost(15, 13, 13).
cost(15, 14, 11).
cost(15, 16, 25).
cost(15, 17, 13).
cost(15, 18, 10).
cost(15, 19, 48).
cost(15, 20, 51).
cost(15, 21, 55).
cost(15, 22, 51).
cost(15, 23, 48).
cost(15, 24, 47).
cost(15, 25, 59).
cost(15, 26, 59).
cost(15, 27, 57).
cost(15, 28, 52).
cost(15, 29, 51).
cost(15, 30, 53).
cost(16, 1, 43).
cost(16, 2, 36).
cost(16, 3, 41).
cost(16, 4, 38).
cost(16, 5, 32).
cost(16, 6, 47).
cost(16, 7, 76).
cost(16, 8, 76).
cost(16, 9, 66).
cost(16, 10, 57).
cost(16, 11, 70).
cost(16, 12, 62).
cost(16, 13, 12).
cost(16, 14, 28).
cost(16, 15, 25).
cost(16, 17, 24).
cost(16, 18, 16).
cost(16, 19, 33).
cost(16, 20, 41).
cost(16, 21, 46).
cost(16, 22, 36).
cost(16, 23, 40).
cost(16, 24, 37).
cost(16, 25, 45).
cost(16, 26, 44).
cost(16, 27, 41).
cost(16, 28, 37).
cost(16, 29, 39).
cost(16, 30, 39).
cost(17, 1, 67).
cost(17, 2, 60).
cost(17, 3, 65).
cost(17, 4, 62).
cost(17, 5, 56).
cost(17, 6, 71).
cost(17, 7, 92).
cost(17, 8, 93).
cost(17, 9, 84).
cost(17, 10, 78).
cost(17, 11, 88).
cost(17, 12, 81).
cost(17, 13, 13).
cost(17, 14, 4).
cost(17, 15, 13).
cost(17, 16, 24).
cost(17, 18, 16).
cost(17, 19, 54).
cost(17, 20, 59).
cost(17, 21, 63).
cost(17, 22, 57).
cost(17, 23, 56).
cost(17, 24, 55).
cost(17, 25, 47).
cost(17, 26, 48).
cost(17, 27, 46).
cost(17, 28, 42).
cost(17, 29, 40).
cost(17, 30, 42).
cost(18, 1, 58).
cost(18, 2, 51).
cost(18, 3, 55).
cost(18, 4, 52).
cost(18, 5, 48).
cost(18, 6, 62).
cost(18, 7, 92).
cost(18, 8, 92).
cost(18, 9, 82).
cost(18, 10, 73).
cost(18, 11, 86).
cost(18, 12, 78).
cost(18, 13, 7).
cost(18, 14, 17).
cost(18, 15, 10).
cost(18, 16, 16).
cost(18, 17, 16).
cost(18, 19, 39).
cost(18, 20, 43).
cost(18, 21, 47).
cost(18, 22, 41).
cost(18, 23, 40).
cost(18, 24, 39).
cost(18, 25, 55).
cost(18, 26, 55).
cost(18, 27, 53).
cost(18, 28, 48).
cost(18, 29, 48).
cost(18, 30, 50).
cost(19, 1, 34).
cost(19, 2, 30).
cost(19, 3, 31).
cost(19, 4, 27).
cost(19, 5, 32).
cost(19, 6, 40).
cost(19, 7, 85).
cost(19, 8, 85).
cost(19, 9, 72).
cost(19, 10, 59).
cost(19, 11, 75).
cost(19, 12, 66).
cost(19, 13, 41).
cost(19, 14, 56).
cost(19, 15, 48).
cost(19, 16, 33).
cost(19, 17, 54).
cost(19, 18, 39).
cost(19, 20, 12).
cost(19, 21, 15).
cost(19, 22, 4).
cost(19, 23, 13).
cost(19, 24, 11).
cost(19, 25, 73).
cost(19, 26, 71).
cost(19, 27, 68).
cost(19, 28, 65).
cost(19, 29, 68).
cost(19, 30, 68).
cost(20, 1, 44).
cost(20, 2, 41).
cost(20, 3, 42).
cost(20, 4, 38).
cost(20, 5, 43).
cost(20, 6, 50).
cost(20, 7, 96).
cost(20, 8, 96).
cost(20, 9, 84).
cost(20, 10, 70).
cost(20, 11, 86).
cost(20, 12, 77).
cost(20, 13, 47).
cost(20, 14, 60).
cost(20, 15, 51).
cost(20, 16, 41).
cost(20, 17, 59).
cost(20, 18, 43).
cost(20, 19, 12).
cost(20, 21, 5).
cost(20, 22, 9).
cost(20, 23, 4).
cost(20, 24, 4).
cost(20, 25, 83).
cost(20, 26, 82).
cost(20, 27, 78).
cost(20, 28, 75).
cost(20, 29, 78).
cost(20, 30, 78).
cost(21, 1, 47).
cost(21, 2, 44).
cost(21, 3, 44).
cost(21, 4, 41).
cost(21, 5, 47).
cost(21, 6, 52).
cost(21, 7, 99).
cost(21, 8, 99).
cost(21, 9, 87).
cost(21, 10, 72).
cost(21, 11, 89).
cost(21, 12, 80).
cost(21, 13, 51).
cost(21, 14, 64).
cost(21, 15, 55).
cost(21, 16, 46).
cost(21, 17, 63).
cost(21, 18, 47).
cost(21, 19, 15).
cost(21, 20, 5).
cost(21, 22, 12).
cost(21, 23, 7).
cost(21, 24, 9).
cost(21, 25, 87).
cost(21, 26, 86).
cost(21, 27, 82).
cost(21, 28, 79).
cost(21, 29, 83).
cost(21, 30, 82).
cost(22, 1, 36).
cost(22, 2, 33).
cost(22, 3, 33).
cost(22, 4, 30).
cost(22, 5, 35).
cost(22, 6, 42).
cost(22, 7, 88).
cost(22, 8, 88).
cost(22, 9, 75).
cost(22, 10, 61).
cost(22, 11, 78).
cost(22, 12, 68).
cost(22, 13, 44).
cost(22, 14, 59).
cost(22, 15, 51).
cost(22, 16, 36).
cost(22, 17, 57).
cost(22, 18, 41).
cost(22, 19, 4).
cost(22, 20, 9).
cost(22, 21, 12).
cost(22, 23, 11).
cost(22, 24, 9).
cost(22, 25, 76).
cost(22, 26, 75).
cost(22, 27, 71).
cost(22, 28, 68).
cost(22, 29, 72).
cost(22, 30, 71).
cost(23, 1, 47).
cost(23, 2, 43).
cost(23, 3, 44).
cost(23, 4, 41).
cost(23, 5, 45).
cost(23, 6, 53).
cost(23, 7, 98).
cost(23, 8, 98).
cost(23, 9, 86).
cost(23, 10, 72).
cost(23, 11, 88).
cost(23, 12, 79).
cost(23, 13, 45).
cost(23, 14, 57).
cost(23, 15, 48).
cost(23, 16, 40).
cost(23, 17, 56).
cost(23, 18, 40).
cost(23, 19, 13).
cost(23, 20, 4).
cost(23, 21, 7).
cost(23, 22, 11).
cost(23, 24, 3).
cost(23, 25, 82).
cost(23, 26, 81).
cost(23, 27, 78).
cost(23, 28, 74).
cost(23, 29, 78).
cost(23, 30, 77).
cost(24, 1, 44).
cost(24, 2, 41).
cost(24, 3, 42).
cost(24, 4, 38).
cost(24, 5, 42).
cost(24, 6, 50).
cost(24, 7, 95).
cost(24, 8, 95).
cost(24, 9, 83).
cost(24, 10, 69).
cost(24, 11, 86).
cost(24, 12, 76).
cost(24, 13, 43).
cost(24, 14, 56).
cost(24, 15, 47).
cost(24, 16, 37).
cost(24, 17, 55).
cost(24, 18, 39).
cost(24, 19, 11).
cost(24, 20, 4).
cost(24, 21, 9).
cost(24, 22, 9).
cost(24, 23, 3).
cost(24, 25, 80).
cost(24, 26, 79).
cost(24, 27, 75).
cost(24, 28, 72).
cost(24, 29, 75).
cost(24, 30, 75).
cost(25, 1, 61).
cost(25, 2, 56).
cost(25, 3, 60).
cost(25, 4, 60).
cost(25, 5, 50).
cost(25, 6, 60).
cost(25, 7, 54).
cost(25, 8, 55).
cost(25, 9, 52).
cost(25, 10, 54).
cost(25, 11, 55).
cost(25, 12, 52).
cost(25, 13, 48).
cost(25, 14, 51).
cost(25, 15, 59).
cost(25, 16, 45).
cost(25, 17, 47).
cost(25, 18, 55).
cost(25, 19, 73).
cost(25, 20, 83).
cost(25, 21, 87).
cost(25, 22, 76).
cost(25, 23, 82).
cost(25, 24, 80).
cost(25, 26, 3).
cost(25, 27, 6).
cost(25, 28, 8).
cost(25, 29, 8).
cost(25, 30, 6).
cost(26, 1, 59).
cost(26, 2, 53).
cost(26, 3, 58).
cost(26, 4, 58).
cost(26, 5, 48).
cost(26, 6, 58).
cost(26, 7, 52).
cost(26, 8, 52).
cost(26, 9, 49).
cost(26, 10, 51).
cost(26, 11, 53).
cost(26, 12, 49).
cost(26, 13, 48).
cost(26, 14, 52).
cost(26, 15, 59).
cost(26, 16, 44).
cost(26, 17, 48).
cost(26, 18, 55).
cost(26, 19, 71).
cost(26, 20, 82).
cost(26, 21, 86).
cost(26, 22, 75).
cost(26, 23, 81).
cost(26, 24, 79).
cost(26, 25, 3).
cost(26, 27, 3).
cost(26, 28, 7).
cost(26, 29, 9).
cost(26, 30, 6).
cost(27, 1, 55).
cost(27, 2, 50).
cost(27, 3, 54).
cost(27, 4, 54).
cost(27, 5, 45).
cost(27, 6, 55).
cost(27, 7, 51).
cost(27, 8, 52).
cost(27, 9, 47).
cost(27, 10, 49).
cost(27, 11, 51).
cost(27, 12, 47).
cost(27, 13, 46).
cost(27, 14, 51).
cost(27, 15, 57).
cost(27, 16, 41).
cost(27, 17, 46).
cost(27, 18, 53).
cost(27, 19, 68).
cost(27, 20, 78).
cost(27, 21, 82).
cost(27, 22, 71).
cost(27, 23, 78).
cost(27, 24, 75).
cost(27, 25, 6).
cost(27, 26, 3).
cost(27, 28, 5).
cost(27, 29, 9).
cost(27, 30, 5).
cost(28, 1, 54).
cost(28, 2, 49).
cost(28, 3, 53).
cost(28, 4, 53).
cost(28, 5, 43).
cost(28, 6, 54).
cost(28, 7, 54).
cost(28, 8, 55).
cost(28, 9, 50).
cost(28, 10, 50).
cost(28, 11, 54).
cost(28, 12, 49).
cost(28, 13, 41).
cost(28, 14, 46).
cost(28, 15, 52).
cost(28, 16, 37).
cost(28, 17, 42).
cost(28, 18, 48).
cost(28, 19, 65).
cost(28, 20, 75).
cost(28, 21, 79).
cost(28, 22, 68).
cost(28, 23, 74).
cost(28, 24, 72).
cost(28, 25, 8).
cost(28, 26, 7).
cost(28, 27, 5).
cost(28, 29, 7).
cost(28, 30, 4).
cost(29, 1, 61).
cost(29, 2, 55).
cost(29, 3, 59).
cost(29, 4, 59).
cost(29, 5, 49).
cost(29, 6, 61).
cost(29, 7, 60).
cost(29, 8, 61).
cost(29, 9, 56).
cost(29, 10, 57).
cost(29, 11, 60).
cost(29, 12, 56).
cost(29, 13, 41).
cost(29, 14, 44).
cost(29, 15, 51).
cost(29, 16, 39).
cost(29, 17, 40).
cost(29, 18, 48).
cost(29, 19, 68).
cost(29, 20, 78).
cost(29, 21, 83).
cost(29, 22, 72).
cost(29, 23, 78).
cost(29, 24, 75).
cost(29, 25, 8).
cost(29, 26, 9).
cost(29, 27, 9).
cost(29, 28, 7).
cost(29, 30, 4).
cost(30, 1, 58).
cost(30, 2, 52).
cost(30, 3, 57).
cost(30, 4, 57).
cost(30, 5, 47).
cost(30, 6, 58).
cost(30, 7, 56).
cost(30, 8, 57).
cost(30, 9, 53).
cost(30, 10, 53).
cost(30, 11, 57).
cost(30, 12, 52).
cost(30, 13, 42).
cost(30, 14, 46).
cost(30, 15, 53).
cost(30, 16, 39).
cost(30, 17, 42).
cost(30, 18, 50).
cost(30, 19, 68).
cost(30, 20, 78).
cost(30, 21, 82).
cost(30, 22, 71).
cost(30, 23, 77).
cost(30, 24, 75).
cost(30, 25, 6).
cost(30, 26, 6).
cost(30, 27, 5).
cost(30, 28, 4).
cost(30, 29, 4).
