dimension(30).
point(1, 32.3637922631, 51.8033731822).
point(2, 36.3793814305, 48.3015123324).
point(3, 28.4695839207, 39.5929788874).
point(4, 36.2563928098, 43.4784818691).
point(5, 39.3105211581, 45.8914860227).
point(6, 40.2551018359, 48.2736161543).
point(7, 67.4243888133, 0.1143282419).
point(8, 80.7379258091, 21.9080601497).
point(9, 82.656196614, 1.1797426976).
point(10, 91.810478129, 1.7257832448).
point(11, 77.3650083223, 2.2022467344).
point(12, 79.1046858987, 5.8105876464).
point(13, 45.1453509271, 27.551774303).
point(14, 46.1208751441, 25.1038037291).
point(15, 38.0139310647, 28.1706265407).
point(16, 39.2762666213, 27.9666960986).
point(17, 45.1243362267, 28.5414939755).
point(18, 39.5504939947, 30.6518292236).
point(19, 36.8046955775, 91.7265733163).
point(20, 9.1452341744, 94.8104726799).
point(21, 12.8571159345, 93.9547636215).
point(22, 17.6163315461, 98.9449071513).
point(23, 18.4235227284, 90.8466367305).
point(24, 1.8157638753, 88.9387804534).
point(25, 68.3202226624, 68.4249685476).
point(26, 93.6331895375, 85.26121237).
point(27, 90.6845830257, 74.4494856377).
point(28, 83.7755290254, 64.6458075863).
point(29, 97.2403417, 62.5207163057).
point(30, 77.4480847013, 79.6075437086).
cost(1, 2, 5).
cost(1, 3, 13).
cost(1, 4, 9).
cost(1, 5, 9).
cost(1, 6, 9).
cost(1, 7, 62).
cost(1, 8, 57).
cost(1, 9, 71).
cost(1, 10, 78).
cost(1, 11, 67).
cost(1, 12, 66).
cost(1, 13, 27).
cost(1, 14, 30).
cost(1, 15, 24).
cost(1, 16, 25).
cost(1, 17, 27).
cost(1, 18, 22).
cost(1, 19, 40).
cost(1, 20, 49).
cost(1, 21, 46).
cost(1, 22, 49).
cost(1, 23, 41).
cost(1, 24, 48).
cost(1, 25, 40).
cost(1, 26, 70).
cost(1, 27, 63).
cost(1, 28, 53).
cost(1, 29, 66).
cost(1, 30, 53).
cost(2, 1, 5).
cost(2, 3, 12).
cost(2, 4, 5).
cost(2, 5, 4).
cost(2, 6, 4).
cost(2, 7, 57).
cost(2, 8, 52).
cost(2, 9, 66).
cost(2, 10, 72).
cost(2, 11, 62).
cost(2, 12, 60).
cost(2, 13, 23).
cost(2, 14, 25).
cost(2, 15, 20).
cost(2, 16, 21).
cost(2, 17, 22).
cost(2, 18, 18).
cost(2, 19, 43).
cost(2, 20, 54).
cost(2, 21, 51).
cost(2, 22, 54).
cost(2, 23, 46).
cost(2, 24, 53).
cost(2, 25, 38).
cost(2, 26, 68).
cost(2, 27, 60).
cost(2, 28, 50).
cost(2, 29, 62).
cost(2, 30, 52).
cost(3, 1, 13).
cost(3, 2, 12).
cost(3, 4, 9).
cost(3, 5, 13).
cost(3, 6, 15).
cost(3, 7, 55).
cost(3, 8, 55).
cost(3, 9, 66).
cost(3, 10, 74).
cost(3, 11, 62).
cost(3, 12, 61).
cost(3, 13, 21).
cost(3, 14, 23).
cost(3, 15, 15).
cost(3, 16, 16).
cost(3, 17, 20).
cost(3, 18, 14).
cost(3, 19, 53).
cost(3, 20, 59).
cost(3, 21, 57).
cost(3, 22, 60).
cost(3, 23, 52).
cost(3, 24, 56).
cost(3, 25, 49).
cost(3, 26, 80).
cost(3, 27, 71).
cost(3, 28, 61).
cost(3, 29, 72).
cost(3, 30, 63).
cost(4, 1, 9).
cost(4, 2, 5).
cost(4, 3, 9).
cost(4, 5, 4).
cost(4, 6, 6).
cost(4, 7, 53).
cost(4, 8, 49).
cost(4, 9, 63).
cost(4, 10, 69).
cost(4, 11, 58).
cost(4, 12, 57).
cost(4, 13, 18).
cost(4, 14, 21).
cost(4, 15, 15).
cost(4, 16, 16).
cost(4, 17, 17).
cost(4, 18, 13).
cost(4, 19, 48).
cost(4, 20, 58).
cost(4, 21, 56).
cost(4, 22, 59).
cost(4, 23, 51).
cost(4, 24, 57).
cost(4, 25, 41).
cost(4, 26, 71).
cost(4, 27, 63).
cost(4, 28, 52).
cost(4, 29, 64).
cost(4, 30, 55).
cost(5, 1, 9).
cost(5, 2, 4).
cost(5, 3, 13).
cost(5, 4, 4).
cost(5, 6, 3).
cost(5, 7, 54).
cost(5, 8, 48).
cost(5, 9, 62).
cost(5, 10, 69).
cost(5, 11, 58).
cost(5, 12, 56).
cost(5, 13, 19).
cost(5, 14, 22).
cost(5, 15, 18).
cost(5, 16, 18).
cost(5, 17, 18).
cost(5, 18, 15).
cost(5, 19, 46).
cost(5, 20, 57).
cost(5, 21, 55).
cost(5, 22, 57).
cost(5, 23, 50).
cost(5, 24, 57).
cost(5, 25, 37).
cost(5, 26, 67).
cost(5, 27, 59).
cost(5, 28, 48).
cost(5, 29, 60).
cost(5, 30, 51).
cost(6, 1, 9).
cost(6, 2, 4).
cost(6, 3, 15).
cost(6, 4, 6).
cost(6, 5, 3).
cost(6, 7, 55).
cost(6, 8, 48).
cost(6, 9, 63).
cost(6, 10, 69).
cost(6, 11, 59).
cost(6, 12, 58).
cost(6, 13, 21).
cost(6, 14, 24).
cost(6, 15, 20).
cost(6, 16, 20).
cost(6, 17, 20).
cost(6, 18, 18).
cost(6, 19, 44).
cost(6, 20, 56).
cost(6, 21, 53).
cost(6, 22, 55).
cost(6, 23, 48).
cost(6, 24, 56).
cost(6, 25, 35).
cost(6, 26, 65).
cost(6, 27, 57).
cost(6, 28, 46).
cost(6, 29, 59).
cost(6, 30, 49).
cost(7, 1, 62).
cost(7, 2, 57).
cost(7, 3, 55).
cost(7, 4, 53).
cost(7, 5, 54).
cost(7, 6, 55).
cost(7, 8, 26).
cost(7, 9, 15).
cost(7, 10, 24).
cost(7, 11, 10).
cost(7, 12, 13).
cost(7, 13, 35).
cost(7, 14, 33).
cost(7, 15, 41).
cost(7, 16, 40).
cost(7, 17, 36).
cost(7, 18, 41).
cost(7, 19, 97).
cost(7, 20, 111).
cost(7, 21, 109).
cost(7, 22, 111).
cost(7, 23, 103).
cost(7, 24, 110).
cost(7, 25, 68).
cost(7, 26, 89).
cost(7, 27, 78).
cost(7, 28, 67).
cost(7, 29, 69).
cost(7, 30, 80).
cost(8, 1, 57).
cost(8, 2, 52).
cost(8, 3, 55).
cost(8, 4, 49).
cost(8, 5, 48).
cost(8, 6, 48).
cost(8, 7, 26).
cost(8, 9, 21).
cost(8, 10, 23).
cost(8, 11, 20).
cost(8, 12, 16).
cost(8, 13, 36).
cost(8, 14, 35).
cost(8, 15, 43).
cost(8, 16, 42).
cost(8, 17, 36).
cost(8, 18, 42).
cost(8, 19, 82).
cost(8, 20, 102).
cost(8, 21, 99).
cost(8, 22, 100).
cost(8, 23, 93).
cost(8, 24, 104).
cost(8, 25, 48).
cost(8, 26, 65).
cost(8, 27, 53).
cost(8, 28, 43).
cost(8, 29, 44).
cost(8, 30, 58).
cost(9, 1, 71).
cost(9, 2, 66).
cost(9, 3, 66).
cost(9, 4, 63).
cost(9, 5, 62).
cost(9, 6, 63).
cost(9, 7, 15).
cost(9, 8, 21).
cost(9, 10, 9).
cost(9, 11, 5).
cost(9, 12, 6).
cost(9, 13, 46).
cost(9, 14, 44).
cost(9, 15, 52).
cost(9, 16, 51).
cost(9, 17, 46).
cost(9, 18, 52).
cost(9, 19, 101).
cost(9, 20, 119).
cost(9, 21, 116).
cost(9, 22, 117).
cost(9, 23, 110).
cost(9, 24, 119).
cost(9, 25, 69).
cost(9, 26, 85).
cost(9, 27, 74).
cost(9, 28, 63).
cost(9, 29, 63).
cost(9, 30, 79).
cost(10, 1, 78).
cost(10, 2, 72).
cost(10, 3, 74).
cost(10, 4, 69).
cost(10, 5, 69).
cost(10, 6, 69).
cost(10, 7, 24).
cost(10, 8, 23).
cost(10, 9, 9).
cost(10, 11, 14).
cost(10, 12, 13).
cost(10, 13, 53).
cost(10, 14, 51).
cost(10, 15, 60).
cost(10, 16, 59).
cost(10, 17, 54).
cost(10, 18, 60).
cost(10, 19, 105).
cost(10, 20, 124).
cost(10, 21, 121).
cost(10, 22, 122).
cost(10, 23, 115).
cost(10, 24, 125).
cost(10, 25, 71).
cost(10, 26, 84).
cost(10, 27, 73).
cost(10, 28, 63).
cost(10, 29, 61).
cost(10, 30, 79).
cost(11, 1, 67).
cost(11, 2, 62).
cost(11, 3, 62).
cost(11, 4, 58).
cost(11, 5, 58).
cost(11, 6, 59).
cost(11, 7, 10).
cost(11, 8, 20).
cost(11, 9, 5).
cost(11, 10, 14).
cost(11, 12, 4).
cost(11, 13, 41).
cost(11, 14, 39).
cost(11, 15, 47).
cost(11, 16, 46).
cost(11, 17, 42).
cost(11, 18, 47).
cost(11, 19, 98).
cost(11, 20, 115).
cost(11, 21, 112).
cost(11, 22, 114).
cost(11, 23, 106).
cost(11, 24, 115).
cost(11, 25, 67).
cost(11, 26, 85).
cost(11, 27, 73).
cost(11, 28, 63).
cost(11, 29, 64).
cost(11, 30, 77).
cost(12, 1, 66).
cost(12, 2, 60).
cost(12, 3, 61).
cost(12, 4, 57).
cost(12, 5, 56).
cost(12, 6, 58).
cost(12, 7, 13).
cost(12, 8, 16).
cost(12, 9, 6).
cost(12, 10, 13).
cost(12, 11, 4).
cost(12, 13, 40).
cost(12, 14, 38).
cost(12, 15, 47).
cost(12, 16, 46).
cost(12, 17, 41).
cost(12, 18, 47).
cost(12, 19, 96).
cost(12, 20, 113).
cost(12, 21, 110).
cost(12, 22, 112).
cost(12, 23, 104).
cost(12, 24, 114).
cost(12, 25, 64).
cost(12, 26, 81).
cost(12, 27, 70).
cost(12, 28, 59).
cost(12, 29, 60).
cost(12, 30, 74).
cost(13, 1, 27).
cost(13, 2, 23).
cost(13, 3, 21).
cost(13, 4, 18).
cost(13, 5, 19).
cost(13, 6, 21).
cost(13, 7, 35).
cost(13, 8, 36).
cost(13, 9, 46).
cost(13, 10, 53).
cost(13, 11, 41).
cost(13, 12, 40).
cost(13, 14, 3).
cost(13, 15, 7).
cost(13, 16, 6).
cost(13, 17, 1).
cost(13, 18, 6).
cost(13, 19, 65).
cost(13, 20, 76).
cost(13, 21, 74).
cost(13, 22, 77).
cost(13, 23, 69).
cost(13, 24, 75).
cost(13, 25, 47).
cost(13, 26, 75).
cost(13, 27, 65).
cost(13, 28, 54).
cost(13, 29, 63).
cost(13, 30, 61).
cost(14, 1, 30).
cost(14, 2, 25).
cost(14, 3, 23).
cost(14, 4, 21).
cost(14, 5, 22).
cost(14, 6, 24).
cost(14, 7, 33).
cost(14, 8, 35).
cost(14, 9, 44).
cost(14, 10, 51).
cost(14, 11, 39).
cost(14, 12, 38).
cost(14, 13, 3).
cost(14, 15, 9).
cost(14, 16, 7).
cost(14, 17, 4).
cost(14, 18, 9).
cost(14, 19, 67).
cost(14, 20, 79).
cost(14, 21, 76).
cost(14, 22, 79).
cost(14, 23, 71).
cost(14, 24, 78).
cost(14, 25, 49).
cost(14, 26, 77).
cost(14, 27, 66).
cost(14, 28, 55).
cost(14, 29, 63).
cost(14, 30, 63).
cost(15, 1, 24).
cost(15, 2, 20).
cost(15, 3, 15).
cost(15, 4, 15).
cost(15, 5, 18).
cost(15, 6, 20).
cost(15, 7, 41).
cost(15, 8, 43).
cost(15, 9, 52).
cost(15, 10, 60).
cost(15, 11, 47).
cost(15, 12, 47).
cost(15, 13, 7).
cost(15, 14, 9).
cost(15, 16, 1).
cost(15, 17, 7).
cost(15, 18, 3).
cost(15, 19, 64).
cost(15, 20, 73).
cost(15, 21, 70).
cost(15, 22, 74).
cost(15, 23, 66).
cost(15, 24, 71).
cost(15, 25, 50).
cost(15, 26, 80).
cost(15, 27, 70).
cost(15, 28, 59).
cost(15, 29, 68).
cost(15, 30, 65).
cost(16, 1, 25).
cost(16, 2, 21).
cost(16, 3, 16).
cost(16, 4, 16).
cost(16, 5, 18).
cost(16, 6, 20).
cost(16, 7, 40).
cost(16, 8, 42).
cost(16, 9, 51).
cost(16, 10, 59).
cost(16, 11, 46).
cost(16, 12, 46).
cost(16, 13, 6).
cost(16, 14, 7).
cost(16, 15, 1).
cost(16, 17, 6).
cost(16, 18, 3).
cost(16, 19, 64).
cost(16, 20, 73).
cost(16, 21, 71).
cost(16, 22, 74).
cost(16, 23, 66).
cost(16, 24, 72).
cost(16, 25, 50).
cost(16, 26, 79).
cost(16, 27, 69).
cost(16, 28, 58).
cost(16, 29, 67).
cost(16, 30, 64).
cost(17, 1, 27).
cost(17, 2, 22).
cost(17, 3, 20).
cost(17, 4, 17).
cost(17, 5, 18).
cost(17, 6, 20).
cost(17, 7, 36).
cost(17, 8, 36).
cost(17, 9, 46).
cost(17, 10, 54).
cost(17, 11, 42).
cost(17, 12, 41).
cost(17, 13, 1).
cost(17, 14, 4).
cost(17, 15, 7).
cost(17, 16, 6).
cost(17, 18, 6).
cost(17, 19, 64).
cost(17, 20, 75).
cost(17, 21, 73).
cost(17, 22, 76).
cost(17, 23, 68).
cost(17, 24, 74).
cost(17, 25, 46).
cost(17, 26, 75).
cost(17, 27, 65).
cost(17, 28, 53).
cost(17, 29, 62).
cost(17, 30, 60).
cost(18, 1, 22).
cost(18, 2, 18).
cost(18, 3, 14).
cost(18, 4, 13).
cost(18, 5, 15).
cost(18, 6, 18).
cost(18, 7, 41).
cost(18, 8, 42).
cost(18, 9, 52).
cost(18, 10, 60).
cost(18, 11, 47).
cost(18, 12, 47).
cost(18, 13, 6).
cost(18, 14, 9).
cost(18, 15, 3).
cost(18, 16, 3).
cost(18, 17, 6).
cost(18, 19, 61).
cost(18, 20, 71).
cost(18, 21, 69).
cost(18, 22, 72).
cost(18, 23, 64).
cost(18, 24, 69).
cost(18, 25, 47).
cost(18, 26, 77).
cost(18, 27, 67).
cost(18, 28, 56).
cost(18, 29, 66).
cost(18, 30, 62).
cost(19, 1, 40).
cost(19, 2, 43).
cost(19, 3, 53).
cost(19, 4, 48).
cost(19, 5, 46).
cost(19, 6, 44).
cost(19, 7, 97).
cost(19, 8, 82).
cost(19, 9, 101).
cost(19, 10, 105).
cost(19, 11, 98).
cost(19, 12, 96).
cost(19, 13, 65).
cost(19, 14, 67).
cost(19, 15, 64).
cost(19, 16, 64).
cost(19, 17, 64).
cost(19, 18, 61).
cost(19, 20, 28).
cost(19, 21, 24).
cost(19, 22, 21).
cost(19, 23, 18).
cost(19, 24, 35).
cost(19, 25, 39).
cost(19, 26, 57).
cost(19, 27, 57).
cost(19, 28, 54).
cost(19, 29, 67).
cost(19, 30, 42).
cost(20, 1, 49).
cost(20, 2, 54).
cost(20, 3, 59).
cost(20, 4, 58).
cost(20, 5, 57).
cost(20, 6, 56).
cost(20, 7, 111).
cost(20, 8, 102).
cost(20, 9, 119).
cost(20, 10, 124).
cost(20, 11, 115).
cost(20, 12, 113).
cost(20, 13, 76).
cost(20, 14, 79).
cost(20, 15, 73).
cost(20, 16, 73).
cost(20, 17, 75).
cost(20, 18, 71).
cost(20, 19, 28).
cost(20, 21, 4).
cost(20, 22, 9).
cost(20, 23, 10).
cost(20, 24, 9).
cost(20, 25, 65).
cost(20, 26, 85).
cost(20, 27, 84).
cost(20, 28, 80).
cost(20, 29, 94).
cost(20, 30, 70).
cost(21, 1, 46).
cost(21, 2, 51).
cost(21, 3, 57).
cost(21, 4, 56).
cost(21, 5, 55).
cost(21, 6, 53).
cost(21, 7, 109).
cost(21, 8, 99).
cost(21, 9, 116).
cost(21, 10, 121).
cost(21, 11, 112).
cost(21, 12, 110).
cost(21, 13, 74).
cost(21, 14, 76).
cost(21, 15, 70).
cost(21, 16, 71).
cost(21, 17, 73).
cost(21, 18, 69).
cost(21, 19, 24).
cost(21, 20, 4).
cost(21, 22, 7).
cost(21, 23, 6).
cost(21, 24, 12).
cost(21, 25, 61).
cost(21, 26, 81).
cost(21, 27, 80).
cost(21, 28, 77).
cost(21, 29, 90).
cost(21, 30, 66).
cost(22, 1, 49).
cost(22, 2, 54).
cost(22, 3, 60).
cost(22, 4, 59).
cost(22, 5, 57).
cost(22, 6, 55).
cost(22, 7, 111).
cost(22, 8, 100).
cost(22, 9, 117).
cost(22, 10, 122).
cost(22, 11, 114).
cost(22, 12, 112).
cost(22, 13, 77).
cost(22, 14, 79).
cost(22, 15, 74).
cost(22, 16, 74).
cost(22, 17, 76).
cost(22, 18, 72).
cost(22, 19, 21).
cost(22, 20, 9).
cost(22, 21, 7).
cost(22, 23, 8).
cost(22, 24, 19).
cost(22, 25, 59).
cost(22, 26, 77).
cost(22, 27, 77).
cost(22, 28, 75).
cost(22, 29, 88).
cost(22, 30, 63).
cost(23, 1, 41).
cost(23, 2, 46).
cost(23, 3, 52).
cost(23, 4, 51).
cost(23, 5, 50).
cost(23, 6, 48).
cost(23, 7, 103).
cost(23, 8, 93).
cost(23, 9, 110).
cost(23, 10, 115).
cost(23, 11, 106).
cost(23, 12, 104).
cost(23, 13, 69).
cost(23, 14, 71).
cost(23, 15, 66).
cost(23, 16, 66).
cost(23, 17, 68).
cost(23, 18, 64).
cost(23, 19, 18).
cost(23, 20, 10).
cost(23, 21, 6).
cost(23, 22, 8).
cost(23, 24, 17).
cost(23, 25, 55).
cost(23, 26, 75).
cost(23, 27, 74).
cost(23, 28, 70).
cost(23, 29, 84).
cost(23, 30, 60).
cost(24, 1, 48).
cost(24, 2, 53).
cost(24, 3, 56).
cost(24, 4, 57).
cost(24, 5, 57).
cost(24, 6, 56).
cost(24, 7, 110).
cost(24, 8, 104).
cost(24, 9, 119).
cost(24, 10, 125).
cost(24, 11, 115).
cost(24, 12, 114).
cost(24, 13, 75).
cost(24, 14, 78).
cost(24, 15, 71).
cost(24, 16, 72).
cost(24, 17, 74).
cost(24, 18, 69).
cost(24, 19, 35).
cost(24, 20, 9).
cost(24, 21, 12).
cost(24, 22, 19).
cost(24, 23, 17).
cost(24, 25, 70).
cost(24, 26, 92).
cost(24, 27, 90).
cost(24, 28, 85).
cost(24, 29, 99).
cost(24, 30, 76).
cost(25, 1, 40).
cost(25, 2, 38).
cost(25, 3, 49).
cost(25, 4, 41).
cost(25, 5, 37).
cost(25, 6, 35).
cost(25, 7, 68).
cost(25, 8, 48).
cost(25, 9, 69).
cost(25, 10, 71).
cost(25, 11, 67).
cost(25, 12, 64).
cost(25, 13, 47).
cost(25, 14, 49).
cost(25, 15, 50).
cost(25, 16, 50).
cost(25, 17, 46).
cost(25, 18, 47).
cost(25, 19, 39).
cost(25, 20, 65).
cost(25, 21, 61).
cost(25, 22, 59).
cost(25, 23, 55).
cost(25, 24, 70).
cost(25, 26, 30).
cost(25, 27, 23).
cost(25, 28, 16).
cost(25, 29, 30).
cost(25, 30, 14).
cost(26, 1, 70).
cost(26, 2, 68).
cost(26, 3, 80).
cost(26, 4, 71).
cost(26, 5, 67).
cost(26, 6, 65).
cost(26, 7, 89).
cost(26, 8, 65).
cost(26, 9, 85).
cost(26, 10, 84).
cost(26, 11, 85).
cost(26, 12, 81).
cost(26, 13, 75).
cost(26, 14, 77).
cost(26, 15, 80).
cost(26, 16, 79).
cost(26, 17, 75).
cost(26, 18, 77).
cost(26, 19, 57).
cost(26, 20, 85).
cost(26, 21, 81).
cost(26, 22, 77).
cost(26, 23, 75).
cost(26, 24, 92).
cost(26, 25, 30).
cost(26, 27, 11).
cost(26, 28, 23).
cost(26, 29, 23).
cost(26, 30, 17).
cost(27, 1, 63).
cost(27, 2, 60).
cost(27, 3, 71).
cost(27, 4, 63).
cost(27, 5, 59).
cost(27, 6, 57).
cost(27, 7, 78).
cost(27, 8, 53).
cost(27, 9, 74).
cost(27, 10, 73).
cost(27, 11, 73).
cost(27, 12, 70).
cost(27, 13, 65).
cost(27, 14, 66).
cost(27, 15, 70).
cost(27, 16, 69).
cost(27, 17, 65).
cost(27, 18, 67).
cost(27, 19, 57).
cost(27, 20, 84).
cost(27, 21, 80).
cost(27, 22, 77).
cost(27, 23, 74).
cost(27, 24, 90).
cost(27, 25, 23).
cost(27, 26, 11).
cost(27, 28, 12).
cost(27, 29, 14).
cost(27, 30, 14).
cost(28, 1, 53).
cost(28, 2, 50).
cost(28, 3, 61).
cost(28, 4, 52).
cost(28, 5, 48).
cost(28, 6, 46).
cost(28, 7, 67).
cost(28, 8, 43).
cost(28, 9, 63).
cost(28, 10, 63).
cost(28, 11, 63).
cost(28, 12, 59).
cost(28, 13, 54).
cost(28, 14, 55).
cost(28, 15, 59).
cost(28, 16, 58).
cost(28, 17, 53).
cost(28, 18, 56).
cost(28, 19, 54).
cost(28, 20, 80).
cost(28, 21, 77).
cost(28, 22, 75).
cost(28, 23, 70).
cost(28, 24, 85).
cost(28, 25, 16).
cost(28, 26, 23).
cost(28, 27, 12).
cost(28, 29, 14).
cost(28, 30, 16).
cost(29, 1, 66).
cost(29, 2, 62).
cost(29, 3, 72).
cost(29, 4, 64).
cost(29, 5, 60).
cost(29, 6, 59).
cost(29, 7, 69).
cost(29, 8, 44).
cost(29, 9, 63).
cost(29, 10, 61).
cost(29, 11, 64).
cost(29, 12, 60).
cost(29, 13, 63).
cost(29, 14, 63).
cost(29, 15, 68).
cost(29, 16, 67).
cost(29, 17, 62).
cost(29, 18, 66).
cost(29, 19, 67).
cost(29, 20, 94).
cost(29, 21, 90).
cost(29, 22, 88).
cost(29, 23, 84).
cost(29, 24, 99).
cost(29, 25, 30).
cost(29, 26, 23).
cost(29, 27, 14).
cost(29, 28, 14).
cost(29, 30, 26).
cost(30, 1, 53).
cost(30, 2, 52).
cost(30, 3, 63).
cost(30, 4, 55).
cost(30, 5, 51).
cost(30, 6, 49).
cost(30, 7, 80).
cost(30, 8, 58).
cost(30, 9, 79).
cost(30, 10, 79).
cost(30, 11, 77).
cost(30, 12, 74).
cost(30, 13, 61).
cost(30, 14, 63).
cost(30, 15, 65).
cost(30, 16, 64).
cost(30, 17, 60).
cost(30, 18, 62).
cost(30, 19, 42).
cost(30, 20, 70).
cost(30, 21, 66).
cost(30, 22, 63).
cost(30, 23, 60).
cost(30, 24, 76).
cost(30, 25, 14).
cost(30, 26, 17).
cost(30, 27, 14).
cost(30, 28, 16).
cost(30, 29, 26).
