dimension(18).
point(1, 82.470753134, 48.4236176149).
point(2, 84.70812584, 44.7986467614).
point(3, 71.4619879358, 48.1094680699).
point(4, 70.1171125132, 44.6021503985).
point(5, 80.1121403766, 53.0929993904).
point(6, 75.1355654013, 45.935305987).
point(7, 26.6796760635, 95.4854211585).
point(8, 20.7559156603, 94.0358721373).
point(9, 30.8615316087, 94.7183476641).
point(10, 83.5547215603, 7.6265207016).
point(11, 88.4970218477, 7.7960693683).
point(12, 98.5117096486, 2.3294008159).
point(13, 13.660811639, 72.3749729577).
point(14, 3.2480452535, 67.5434590729).
point(15, 9.0956878167, 73.6569882942).
point(16, 56.9998483835, 27.1576860019).
point(17, 57.3205180492, 11.6281018737).
point(18, 48.36513019, 20.5898348219).
cost(1, 2, 4).
cost(1, 3, 11).
cost(1, 4, 13).
cost(1, 5, 5).
cost(1, 6, 8).
cost(1, 7, 73).
cost(1, 8, 77).
cost(1, 9, 69).
cost(1, 10, 41).
cost(1, 11, 41).
cost(1, 12, 49).
cost(1, 13, 73).
cost(1, 14, 81).
cost(1, 15, 78).
cost(1, 16, 33).
cost(1, 17, 45).
cost(1, 18, 44).
cost(2, 1, 4).
cost(2, 3, 14).
cost(2, 4, 15).
cost(2, 5, 9).
cost(2, 6, 10).
cost(2, 7, 77).
cost(2, 8, 81).
cost(2, 9, 73).
cost(2, 10, 37).
cost(2, 11, 37).
cost(2, 12, 45).
cost(2, 13, 76).
cost(2, 14, 85).
cost(2, 15, 81).
cost(2, 16, 33).
cost(2, 17, 43).
cost(2, 18, 44).
cost(3, 1, 11).
cost(3, 2, 14).
cost(3, 4, 4).
cost(3, 5, 10).
cost(3, 6, 4).
cost(3, 7, 65).
cost(3, 8, 68).
cost(3, 9, 62).
cost(3, 10, 42).
cost(3, 11, 44).
cost(3, 12, 53).
cost(3, 13, 63).
cost(3, 14, 71).
cost(3, 15, 67).
cost(3, 16, 25).
cost(3, 17, 39).
cost(3, 18, 36).
cost(4, 1, 13).
cost(4, 2, 15).
cost(4, 3, 4).
cost(4, 5, 13).
cost(4, 6, 5).
cost(4, 7, 67).
cost(4, 8, 70).
cost(4, 9, 64).
cost(4, 10, 39).
cost(4, 11, 41).
cost(4, 12, 51).
cost(4, 13, 63).
cost(4, 14, 71).
cost(4, 15, 68).
cost(4, 16, 22).
cost(4, 17, 35).
cost(4, 18, 32).
cost(5, 1, 5).
cost(5, 2, 9).
cost(5, 3, 10).
cost(5, 4, 13).
cost(5, 6, 9).
cost(5, 7, 68).
cost(5, 8, 72).
cost(5, 9, 64).
cost(5, 10, 46).
cost(5, 11, 46).
cost(5, 12, 54).
cost(5, 13, 69).
cost(5, 14, 78).
cost(5, 15, 74).
cost(5, 16, 35).
cost(5, 17, 47).
cost(5, 18, 45).
cost(6, 1, 8).
cost(6, 2, 10).
cost(6, 3, 4).
cost(6, 4, 5).
cost(6, 5, 9).
cost(6, 7, 69).
cost(6, 8, 73).
cost(6, 9, 66).
cost(6, 10, 39).
cost(6, 11, 40).
cost(6, 12, 49).
cost(6, 13, 67).
cost(6, 14, 75).
cost(6, 15, 72).
cost(6, 16, 26).
cost(6, 17, 39).
cost(6, 18, 37).
cost(7, 1, 73).
cost(7, 2, 77).
cost(7, 3, 65).
cost(7, 4, 67).
cost(7, 5, 68).
cost(7, 6, 69).
cost(7, 8, 6).
cost(7, 9, 4).
cost(7, 10, 105).
cost(7, 11, 107).
cost(7, 12, 118).
cost(7, 13, 27).
cost(7, 14, 36).
cost(7, 15, 28).
cost(7, 16, 75).
cost(7, 17, 89).
cost(7, 18, 78).
cost(8, 1, 77).
cost(8, 2, 81).
cost(8, 3, 68).
cost(8, 4, 70).
cost(8, 5, 72).
cost(8, 6, 73).
cost(8, 7, 6).
cost(8, 9, 10).
cost(8, 10, 107).
cost(8, 11, 110).
cost(8, 12, 120).
cost(8, 13, 23).
cost(8, 14, 32).
cost(8, 15, 23).
cost(8, 16, 76).
cost(8, 17, 90).
cost(8, 18, 78).
cost(9, 1, 69).
cost(9, 2, 73).
cost(9, 3, 62).
cost(9, 4, 64).
cost(9, 5, 64).
cost(9, 6, 66).
cost(9, 7, 4).
cost(9, 8, 10).
cost(9, 10, 102).
cost(9, 11, 104).
cost(9, 12, 115).
cost(9, 13, 28).
cost(9, 14, 39).
cost(9, 15, 30).
cost(9, 16, 72).
cost(9, 17, 87).
cost(9, 18, 76).
cost(10, 1, 41).
cost(10, 2, 37).
cost(10, 3, 42).
cost(10, 4, 39).
cost(10, 5, 46).
cost(10, 6, 39).
cost(10, 7, 105).
cost(10, 8, 107).
cost(10, 9, 102).
cost(10, 11, 5).
cost(10, 12, 16).
cost(10, 13, 95).
cost(10, 14, 100).
cost(10, 15, 100).
cost(10, 16, 33).
cost(10, 17, 27).
cost(10, 18, 38).
cost(11, 1, 41).
cost(11, 2, 37).
cost(11, 3, 44).
cost(11, 4, 41).
cost(11, 5, 46).
cost(11, 6, 40).
cost(11, 7, 107).
cost(11, 8, 110).
cost(11, 9, 104).
cost(11, 10, 5).
cost(11, 12, 11).
cost(11, 13, 99).
cost(11, 14, 104).
cost(11, 15, 103).
cost(11, 16, 37).
cost(11, 17, 31).
cost(11, 18, 42).
cost(12, 1, 49).
cost(12, 2, 45).
cost(12, 3, 53).
cost(12, 4, 51).
cost(12, 5, 54).
cost(12, 6, 49).
cost(12, 7, 118).
cost(12, 8, 120).
cost(12, 9, 115).
cost(12, 10, 16).
cost(12, 11, 11).
cost(12, 13, 110).
cost(12, 14, 115).
cost(12, 15, 114).
cost(12, 16, 48).
cost(12, 17, 42).
cost(12, 18, 53).
cost(13, 1, 73).
cost(13, 2, 76).
cost(13, 3, 63).
cost(13, 4, 63).
cost(13, 5, 69).
cost(13, 6, 67).
cost(13, 7, 27).
cost(13, 8, 23).
cost(13, 9, 28).
cost(13, 10, 95).
cost(13, 11, 99).
cost(13, 12, 110).
cost(13, 14, 11).
cost(13, 15, 5).
cost(13, 16, 63).
cost(13, 17, 75).
cost(13, 18, 62).
cost(14, 1, 81).
cost(14, 2, 85).
cost(14, 3, 71).
cost(14, 4, 71).
cost(14, 5, 78).
cost(14, 6, 75).
cost(14, 7, 36).
cost(14, 8, 32).
cost(14, 9, 39).
cost(14, 10, 100).
cost(14, 11, 104).
cost(14, 12, 115).
cost(14, 13, 11).
cost(14, 15, 8).
cost(14, 16, 67).
cost(14, 17, 78).
cost(14, 18, 65).
cost(15, 1, 78).
cost(15, 2, 81).
cost(15, 3, 67).
cost(15, 4, 68).
cost(15, 5, 74).
cost(15, 6, 72).
cost(15, 7, 28).
cost(15, 8, 23).
cost(15, 9, 30).
cost(15, 10, 100).
cost(15, 11, 103).
cost(15, 12, 114).
cost(15, 13, 5).
cost(15, 14, 8).
cost(15, 16, 67).
cost(15, 17, 79).
cost(15, 18, 66).
cost(16, 1, 33).
cost(16, 2, 33).
cost(16, 3, 25).
cost(16, 4, 22).
cost(16, 5, 35).
cost(16, 6, 26).
cost(16, 7, 75).
cost(16, 8, 76).
cost(16, 9, 72).
cost(16, 10, 33).
cost(16, 11, 37).
cost(16, 12, 48).
cost(16, 13, 63).
cost(16, 14, 67).
cost(16, 15, 67).
cost(16, 17, 16).
cost(16, 18, 11).
cost(17, 1, 45).
cost(17, 2, 43).
cost(17, 3, 39).
cost(17, 4, 35).
cost(17, 5, 47).
cost(17, 6, 39).
cost(17, 7, 89).
cost(17, 8, 90).
cost(17, 9, 87).
cost(17, 10, 27).
cost(17, 11, 31).
cost(17, 12, 42).
cost(17, 13, 75).
cost(17, 14, 78).
cost(17, 15, 79).
cost(17, 16, 16).
cost(17, 18, 13).
cost(18, 1, 44).
cost(18, 2, 44).
cost(18, 3, 36).
cost(18, 4, 32).
cost(18, 5, 45).
cost(18, 6, 37).
cost(18, 7, 78).
cost(18, 8, 78).
cost(18, 9, 76).
cost(18, 10, 38).
cost(18, 11, 42).
cost(18, 12, 53).
cost(18, 13, 62).
cost(18, 14, 65).
cost(18, 15, 66).
cost(18, 16, 11).
cost(18, 17, 13).
