dimension(18).
point(1, 47.6586538571, 50.2732378721).
point(2, 45.5759234486, 46.2962945256).
point(3, 55.3077058076, 48.4512597113).
point(4, 8.1261234904, 76.9950853143).
point(5, 6.0273994999, 84.974888684).
point(6, 2.3132842081, 68.424472009).
point(7, 85.6816084813, 5.1060253349).
point(8, 81.4267104139, 3.6800360408).
point(9, 80.6575612093, 12.0515095923).
point(10, 93.6570781775, 13.9668135924).
point(11, 82.2448716822, 15.7430871295).
point(12, 83.3285367271, 19.4927252522).
point(13, 71.4624496214, 86.6215402017).
point(14, 62.1725659092, 81.8605947676).
point(15, 60.6148091282, 79.2112001674).
point(16, 27.2372344374, 37.005330225).
point(17, 18.8978972701, 33.5950915064).
point(18, 17.9977518392, 46.7032664881).
cost(1, 2, 4).
cost(1, 3, 8).
cost(1, 4, 48).
cost(1, 5, 54).
cost(1, 6, 49).
cost(1, 7, 59).
cost(1, 8, 58).
cost(1, 9, 50).
cost(1, 10, 59).
cost(1, 11, 49).
cost(1, 12, 47).
cost(1, 13, 43).
cost(1, 14, 35).
cost(1, 15, 32).
cost(1, 16, 24).
cost(1, 17, 33).
cost(1, 18, 30).
cost(2, 1, 4).
cost(2, 3, 10).
cost(2, 4, 48).
cost(2, 5, 55).
cost(2, 6, 49).
cost(2, 7, 57).
cost(2, 8, 56).
cost(2, 9, 49).
cost(2, 10, 58).
cost(2, 11, 48).
cost(2, 12, 46).
cost(2, 13, 48).
cost(2, 14, 39).
cost(2, 15, 36).
cost(2, 16, 21).
cost(2, 17, 30).
cost(2, 18, 28).
cost(3, 1, 8).
cost(3, 2, 10).
cost(3, 4, 55).
cost(3, 5, 61).
cost(3, 6, 57).
cost(3, 7, 53).
cost(3, 8, 52).
cost(3, 9, 44).
cost(3, 10, 52).
cost(3, 11, 42).
cost(3, 12, 40).
cost(3, 13, 41).
cost(3, 14, 34).
cost(3, 15, 31).
cost(3, 16, 30).
cost(3, 17, 39).
cost(3, 18, 37).
cost(4, 1, 48).
cost(4, 2, 48).
cost(4, 3, 55).
cost(4, 5, 8).
cost(4, 6, 10).
cost(4, 7, 106).
cost(4, 8, 104).
cost(4, 9, 97).
cost(4, 10, 106).
cost(4, 11, 96).
cost(4, 12, 95).
cost(4, 13, 64).
cost(4, 14, 54).
cost(4, 15, 53).
cost(4, 16, 44).
cost(4, 17, 45).
cost(4, 18, 32).
cost(5, 1, 54).
cost(5, 2, 55).
cost(5, 3, 61).
cost(5, 4, 8).
cost(5, 6, 17).
cost(5, 7, 113).
cost(5, 8, 111).
cost(5, 9, 104).
cost(5, 10, 113).
cost(5, 11, 103).
cost(5, 12, 101).
cost(5, 13, 65).
cost(5, 14, 56).
cost(5, 15, 55).
cost(5, 16, 52).
cost(5, 17, 53).
cost(5, 18, 40).
cost(6, 1, 49).
cost(6, 2, 49).
cost(6, 3, 57).
cost(6, 4, 10).
cost(6, 5, 17).
cost(6, 7, 105).
cost(6, 8, 102).
cost(6, 9, 97).
cost(6, 10, 106).
cost(6, 11, 96).
cost(6, 12, 95).
cost(6, 13, 72).
cost(6, 14, 61).
cost(6, 15, 59).
cost(6, 16, 40).
cost(6, 17, 39).
cost(6, 18, 27).
cost(7, 1, 59).
cost(7, 2, 57).
cost(7, 3, 53).
cost(7, 4, 106).
cost(7, 5, 113).
cost(7, 6, 105).
cost(7, 8, 4).
cost(7, 9, 9).
cost(7, 10, 12).
cost(7, 11, 11).
cost(7, 12, 15).
cost(7, 13, 83).
cost(7, 14, 80).
cost(7, 15, 78).
cost(7, 16, 67).
cost(7, 17, 73).
cost(7, 18, 79).
cost(8, 1, 58).
cost(8, 2, 56).
cost(8, 3, 52).
cost(8, 4, 104).
cost(8, 5, 111).
cost(8, 6, 102).
cost(8, 7, 4).
cost(8, 9, 8).
cost(8, 10, 16).
cost(8, 11, 12).
cost(8, 12, 16).
cost(8, 13, 84).
cost(8, 14, 81).
cost(8, 15, 78).
cost(8, 16, 64).
cost(8, 17, 69).
cost(8, 18, 77).
cost(9, 1, 50).
cost(9, 2, 49).
cost(9, 3, 44).
cost(9, 4, 97).
cost(9, 5, 104).
cost(9, 6, 97).
cost(9, 7, 9).
cost(9, 8, 8).
cost(9, 10, 13).
cost(9, 11, 4).
cost(9, 12, 8).
cost(9, 13, 75).
cost(9, 14, 72).
cost(9, 15, 70).
cost(9, 16, 59).
cost(9, 17, 65).
cost(9, 18, 72).
cost(10, 1, 59).
cost(10, 2, 58).
cost(10, 3, 52).
cost(10, 4, 106).
cost(10, 5, 113).
cost(10, 6, 106).
cost(10, 7, 12).
cost(10, 8, 16).
cost(10, 9, 13).
cost(10, 11, 12).
cost(10, 12, 12).
cost(10, 13, 76).
cost(10, 14, 75).
cost(10, 15, 73).
cost(10, 16, 70).
cost(10, 17, 77).
cost(10, 18, 82).
cost(11, 1, 49).
cost(11, 2, 48).
cost(11, 3, 42).
cost(11, 4, 96).
cost(11, 5, 103).
cost(11, 6, 96).
cost(11, 7, 11).
cost(11, 8, 12).
cost(11, 9, 4).
cost(11, 10, 12).
cost(11, 12, 4).
cost(11, 13, 72).
cost(11, 14, 69).
cost(11, 15, 67).
cost(11, 16, 59).
cost(11, 17, 66).
cost(11, 18, 71).
cost(12, 1, 47).
cost(12, 2, 46).
cost(12, 3, 40).
cost(12, 4, 95).
cost(12, 5, 101).
cost(12, 6, 95).
cost(12, 7, 15).
cost(12, 8, 16).
cost(12, 9, 8).
cost(12, 10, 12).
cost(12, 11, 4).
cost(12, 13, 68).
cost(12, 14, 66).
cost(12, 15, 64).
cost(12, 16, 59).
cost(12, 17, 66).
cost(12, 18, 71).
cost(13, 1, 43).
cost(13, 2, 48).
cost(13, 3, 41).
cost(13, 4, 64).
cost(13, 5, 65).
cost(13, 6, 72).
cost(13, 7, 83).
cost(13, 8, 84).
cost(13, 9, 75).
cost(13, 10, 76).
cost(13, 11, 72).
cost(13, 12, 68).
cost(13, 14, 10).
cost(13, 15, 13).
cost(13, 16, 66).
cost(13, 17, 75).
cost(13, 18, 67).
cost(14, 1, 35).
cost(14, 2, 39).
cost(14, 3, 34).
cost(14, 4, 54).
cost(14, 5, 56).
cost(14, 6, 61).
cost(14, 7, 80).
cost(14, 8, 81).
cost(14, 9, 72).
cost(14, 10, 75).
cost(14, 11, 69).
cost(14, 12, 66).
cost(14, 13, 10).
cost(14, 15, 3).
cost(14, 16, 57).
cost(14, 17, 65).
cost(14, 18, 56).
cost(15, 1, 32).
cost(15, 2, 36).
cost(15, 3, 31).
cost(15, 4, 53).
cost(15, 5, 55).
cost(15, 6, 59).
cost(15, 7, 78).
cost(15, 8, 78).
cost(15, 9, 70).
cost(15, 10, 73).
cost(15, 11, 67).
cost(15, 12, 64).
cost(15, 13, 13).
cost(15, 14, 3).
cost(15, 16, 54).
cost(15, 17, 62).
cost(15, 18, 54).
cost(16, 1, 24).
cost(16, 2, 21).
cost(16, 3, 30).
cost(16, 4, 44).
cost(16, 5, 52).
cost(16, 6, 40).
cost(16, 7, 67).
cost(16, 8, 64).
cost(16, 9, 59).
cost(16, 10, 70).
cost(16, 11, 59).
cost(16, 12, 59).
cost(16, 13, 66).
cost(16, 14, 57).
cost(16, 15, 54).
cost(16, 17, 9).
cost(16, 18, 13).
cost(17, 1, 33).
cost(17, 2, 30).
cost(17, 3, 39).
cost(17, 4, 45).
cost(17, 5, 53).
cost(17, 6, 39).
cost(17, 7, 73).
cost(17, 8, 69).
cost(17, 9, 65).
cost(17, 10, 77).
cost(17, 11, 66).
cost(17, 12, 66).
cost(17, 13, 75).
cost(17, 14, 65).
cost(17, 15, 62).
cost(17, 16, 9).
cost(17, 18, 13).
cost(18, 1, 30).
cost(18, 2, 28).
cost(18, 3, 37).
cost(18, 4, 32).
cost(18, 5, 40).
cost(18, 6, 27).
cost(18, 7, 79).
cost(18, 8, 77).
cost(18, 9, 72).
cost(18, 10, 82).
cost(18, 11, 71).
cost(18, 12, 71).
cost(18, 13, 67).
cost(18, 14, 56).
cost(18, 15, 54).
cost(18, 16, 13).
cost(18, 17, 13).
