dimension(18).
point(1, 59.4879820538, 80.8015736857).
point(2, 42.5176294455, 79.8592548506).
point(3, 48.5405825808, 91.0285805444).
point(4, 38.0165702866, 44.2422995925).
point(5, 33.0643419324, 45.2197404775).
point(6, 45.7771913144, 45.984860973).
point(7, 79.6402455493, 6.0335304445).
point(8, 82.6770586538, 14.323969326).
point(9, 81.1359589743, 5.6696255913).
point(10, 11.4581695826, 65.5865174616).
point(11, 7.1117889954, 76.5547547929).
point(12, 11.9171567749, 70.5108445397).
point(13, 59.9969899443, 27.1221035102).
point(14, 61.8168528852, 26.9745265774).
point(15, 77.1156461116, 35.9423569626).
point(16, 68.1032625741, 25.7442176368).
point(17, 65.1099465679, 33.3124760917).
point(18, 61.9784818354, 29.6979885943).
cost(1, 2, 17).
cost(1, 3, 15).
cost(1, 4, 42).
cost(1, 5, 44).
cost(1, 6, 37).
cost(1, 7, 77).
cost(1, 8, 70).
cost(1, 9, 78).
cost(1, 10, 50).
cost(1, 11, 53).
cost(1, 12, 49).
cost(1, 13, 54).
cost(1, 14, 54).
cost(1, 15, 48).
cost(1, 16, 56).
cost(1, 17, 48).
cost(1, 18, 51).
cost(2, 1, 17).
cost(2, 3, 13).
cost(2, 4, 36).
cost(2, 5, 36).
cost(2, 6, 34).
cost(2, 7, 83).
cost(2, 8, 77).
cost(2, 9, 84).
cost(2, 10, 34).
cost(2, 11, 36).
cost(2, 12, 32).
cost(2, 13, 56).
cost(2, 14, 56).
cost(2, 15, 56).
cost(2, 16, 60).
cost(2, 17, 52).
cost(2, 18, 54).
cost(3, 1, 15).
cost(3, 2, 13).
cost(3, 4, 48).
cost(3, 5, 48).
cost(3, 6, 45).
cost(3, 7, 91).
cost(3, 8, 84).
cost(3, 9, 91).
cost(3, 10, 45).
cost(3, 11, 44).
cost(3, 12, 42).
cost(3, 13, 65).
cost(3, 14, 65).
cost(3, 15, 62).
cost(3, 16, 68).
cost(3, 17, 60).
cost(3, 18, 63).
cost(4, 1, 42).
cost(4, 2, 36).
cost(4, 3, 48).
cost(4, 5, 5).
cost(4, 6, 8).
cost(4, 7, 57).
cost(4, 8, 54).
cost(4, 9, 58).
cost(4, 10, 34).
cost(4, 11, 45).
cost(4, 12, 37).
cost(4, 13, 28).
cost(4, 14, 29).
cost(4, 15, 40).
cost(4, 16, 35).
cost(4, 17, 29).
cost(4, 18, 28).
cost(5, 1, 44).
cost(5, 2, 36).
cost(5, 3, 48).
cost(5, 4, 5).
cost(5, 6, 13).
cost(5, 7, 61).
cost(5, 8, 58).
cost(5, 9, 62).
cost(5, 10, 30).
cost(5, 11, 41).
cost(5, 12, 33).
cost(5, 13, 32).
cost(5, 14, 34).
cost(5, 15, 45).
cost(5, 16, 40).
cost(5, 17, 34).
cost(5, 18, 33).
cost(6, 1, 37).
cost(6, 2, 34).
cost(6, 3, 45).
cost(6, 4, 8).
cost(6, 5, 13).
cost(6, 7, 52).
cost(6, 8, 49).
cost(6, 9, 54).
cost(6, 10, 40).
cost(6, 11, 49).
cost(6, 12, 42).
cost(6, 13, 24).
cost(6, 14, 25).
cost(6, 15, 33).
cost(6, 16, 30).
cost(6, 17, 23).
cost(6, 18, 23).
cost(7, 1, 77).
cost(7, 2, 83).
cost(7, 3, 91).
cost(7, 4, 57).
cost(7, 5, 61).
cost(7, 6, 52).
cost(7, 8, 9).
cost(7, 9, 2).
cost(7, 10, 91).
cost(7, 11, 101).
cost(7, 12, 94).
cost(7, 13, 29).
cost(7, 14, 27).
cost(7, 15, 30).
cost(7, 16, 23).
cost(7, 17, 31).
cost(7, 18, 30).
cost(8, 1, 70).
cost(8, 2, 77).
cost(8, 3, 84).
cost(8, 4, 54).
cost(8, 5, 58).
cost(8, 6, 49).
cost(8, 7, 9).
cost(8, 9, 9).
cost(8, 10, 88).
cost(8, 11, 98).
cost(8, 12, 90).
cost(8, 13, 26).
cost(8, 14, 24).
cost(8, 15, 22).
cost(8, 16, 19).
cost(8, 17, 26).
cost(8, 18, 26).
cost(9, 1, 78).
cost(9, 2, 84).
cost(9, 3, 91).
cost(9, 4, 58).
cost(9, 5, 62).
cost(9, 6, 54).
cost(9, 7, 2).
cost(9, 8, 9).
cost(9, 10, 92).
cost(9, 11, 102).
cost(9, 12, 95).
cost(9, 13, 30).
cost(9, 14, 29).
cost(9, 15, 31).
cost(9, 16, 24).
cost(9, 17, 32).
cost(9, 18, 31).
cost(10, 1, 50).
cost(10, 2, 34).
cost(10, 3, 45).
cost(10, 4, 34).
cost(10, 5, 30).
cost(10, 6, 40).
cost(10, 7, 91).
cost(10, 8, 88).
cost(10, 9, 92).
cost(10, 11, 12).
cost(10, 12, 5).
cost(10, 13, 62).
cost(10, 14, 63).
cost(10, 15, 72).
cost(10, 16, 69).
cost(10, 17, 63).
cost(10, 18, 62).
cost(11, 1, 53).
cost(11, 2, 36).
cost(11, 3, 44).
cost(11, 4, 45).
cost(11, 5, 41).
cost(11, 6, 49).
cost(11, 7, 101).
cost(11, 8, 98).
cost(11, 9, 102).
cost(11, 10, 12).
cost(11, 12, 8).
cost(11, 13, 72).
cost(11, 14, 74).
cost(11, 15, 81).
cost(11, 16, 79).
cost(11, 17, 72).
cost(11, 18, 72).
cost(12, 1, 49).
cost(12, 2, 32).
cost(12, 3, 42).
cost(12, 4, 37).
cost(12, 5, 33).
cost(12, 6, 42).
cost(12, 7, 94).
cost(12, 8, 90).
cost(12, 9, 95).
cost(12, 10, 5).
cost(12, 11, 8).
cost(12, 13, 65).
cost(12, 14, 66).
cost(12, 15, 74).
cost(12, 16, 72).
cost(12, 17, 65).
cost(12, 18, 65).
cost(13, 1, 54).
cost(13, 2, 56).
cost(13, 3, 65).
cost(13, 4, 28).
cost(13, 5, 32).
cost(13, 6, 24).
cost(13, 7, 29).
cost(13, 8, 26).
cost(13, 9, 30).
cost(13, 10, 62).
cost(13, 11, 72).
cost(13, 12, 65).
cost(13, 14, 2).
cost(13, 15, 19).
cost(13, 16, 8).
cost(13, 17, 8).
cost(13, 18, 3).
cost(14, 1, 54).
cost(14, 2, 56).
cost(14, 3, 65).
cost(14, 4, 29).
cost(14, 5, 34).
cost(14, 6, 25).
cost(14, 7, 27).
cost(14, 8, 24).
cost(14, 9, 29).
cost(14, 10, 63).
cost(14, 11, 74).
cost(14, 12, 66).
cost(14, 13, 2).
cost(14, 15, 18).
cost(14, 16, 6).
cost(14, 17, 7).
cost(14, 18, 3).
cost(15, 1, 48).
cost(15, 2, 56).
cost(15, 3, 62).
cost(15, 4, 40).
cost(15, 5, 45).
cost(15, 6, 33).
cost(15, 7, 30).
cost(15, 8, 22).
cost(15, 9, 31).
cost(15, 10, 72).
cost(15, 11, 81).
cost(15, 12, 74).
cost(15, 13, 19).
cost(15, 14, 18).
cost(15, 16, 14).
cost(15, 17, 12).
cost(15, 18, 16).
cost(16, 1, 56).
cost(16, 2, 60).
cost(16, 3, 68).
cost(16, 4, 35).
cost(16, 5, 40).
cost(16, 6, 30).
cost(16, 7, 23).
cost(16, 8, 19).
cost(16, 9, 24).
cost(16, 10, 69).
cost(16, 11, 79).
cost(16, 12, 72).
cost(16, 13, 8).
cost(16, 14, 6).
cost(16, 15, 14).
cost(16, 17, 8).
cost(16, 18, 7).
cost(17, 1, 48).
cost(17, 2, 52).
cost(17, 3, 60).
cost(17, 4, 29).
cost(17, 5, 34).
cost(17, 6, 23).
cost(17, 7, 31).
cost(17, 8, 26).
cost(17, 9, 32).
cost(17, 10, 63).
cost(17, 11, 72).
cost(17, 12, 65).
cost(17, 13, 8).
cost(17, 14, 7).
cost(17, 15, 12).
cost(17, 16, 8).
cost(17, 18, 5).
cost(18, 1, 51).
cost(18, 2, 54).
cost(18, 3, 63).
cost(18, 4, 28).
cost(18, 5, 33).
cost(18, 6, 23).
cost(18, 7, 30).
cost(18, 8, 26).
cost(18, 9, 31).
cost(18, 10, 62).
cost(18, 11, 72).
cost(18, 12, 65).
cost(18, 13, 3).
cost(18, 14, 3).
cost(18, 15, 16).
cost(18, 16, 7).
cost(18, 17, 5).
