dimension(18).
point(1, 66.972482044, 72.5558705091).
point(2, 67.6286162974, 62.2194592234).
point(3, 62.3865610067, 58.9973968749).
point(4, 26.8365844691, 39.3182544225).
point(5, 38.434170966, 46.7979788142).
point(6, 31.6013000265, 59.4585211154).
point(7, 45.4908085214, 19.042854976).
point(8, 43.3581852966, 14.2488369365).
point(9, 38.3117875753, 17.5280289109).
point(10, 90.0497621425, 28.5192785764).
point(11, 83.4289663003, 35.7646474377).
point(12, 88.8135119173, 30.680135935).
point(13, 18.7026264333, 92.7083477867).
point(14, 5.3868457544, 93.5257793431).
point(15, 0.6937809837, 90.3397333149).
point(16, 7.5717320692, 97.7752393752).
point(17, 7.6754539082, 94.8902637777).
point(18, 17.480798568, 94.1293131876).
cost(1, 2, 10).
cost(1, 3, 14).
cost(1, 4, 52).
cost(1, 5, 38).
cost(1, 6, 38).
cost(1, 7, 58).
cost(1, 8, 63).
cost(1, 9, 62).
cost(1, 10, 50).
cost(1, 11, 40).
cost(1, 12, 47).
cost(1, 13, 52).
cost(1, 14, 65).
cost(1, 15, 69).
cost(1, 16, 65).
cost(1, 17, 63).
cost(1, 18, 54).
cost(2, 1, 10).
cost(2, 3, 6).
cost(2, 4, 47).
cost(2, 5, 33).
cost(2, 6, 36).
cost(2, 7, 49).
cost(2, 8, 54).
cost(2, 9, 53).
cost(2, 10, 40).
cost(2, 11, 31).
cost(2, 12, 38).
cost(2, 13, 58).
cost(2, 14, 70).
cost(2, 15, 73).
cost(2, 16, 70).
cost(2, 17, 68).
cost(2, 18, 59).
cost(3, 1, 14).
cost(3, 2, 6).
cost(3, 4, 41).
cost(3, 5, 27).
cost(3, 6, 31).
cost(3, 7, 43).
cost(3, 8, 49).
cost(3, 9, 48).
cost(3, 10, 41).
cost(3, 11, 31).
cost(3, 12, 39).
cost(3, 13, 55).
cost(3, 14, 67).
cost(3, 15, 69).
cost(3, 16, 67).
cost(3, 17, 65).
cost(3, 18, 57).
cost(4, 1, 52).
cost(4, 2, 47).
cost(4, 3, 41).
cost(4, 5, 14).
cost(4, 6, 21).
cost(4, 7, 28).
cost(4, 8, 30).
cost(4, 9, 25).
cost(4, 10, 64).
cost(4, 11, 57).
cost(4, 12, 63).
cost(4, 13, 54).
cost(4, 14, 58).
cost(4, 15, 57).
cost(4, 16, 62).
cost(4, 17, 59).
cost(4, 18, 56).
cost(5, 1, 38).
cost(5, 2, 33).
cost(5, 3, 27).
cost(5, 4, 14).
cost(5, 6, 14).
cost(5, 7, 29).
cost(5, 8, 33).
cost(5, 9, 29).
cost(5, 10, 55).
cost(5, 11, 46).
cost(5, 12, 53).
cost(5, 13, 50).
cost(5, 14, 57).
cost(5, 15, 58).
cost(5, 16, 60).
cost(5, 17, 57).
cost(5, 18, 52).
cost(6, 1, 38).
cost(6, 2, 36).
cost(6, 3, 31).
cost(6, 4, 21).
cost(6, 5, 14).
cost(6, 7, 43).
cost(6, 8, 47).
cost(6, 9, 42).
cost(6, 10, 66).
cost(6, 11, 57).
cost(6, 12, 64).
cost(6, 13, 36).
cost(6, 14, 43).
cost(6, 15, 44).
cost(6, 16, 45).
cost(6, 17, 43).
cost(6, 18, 37).
cost(7, 1, 58).
cost(7, 2, 49).
cost(7, 3, 43).
cost(7, 4, 28).
cost(7, 5, 29).
cost(7, 6, 43).
cost(7, 8, 5).
cost(7, 9, 7).
cost(7, 10, 46).
cost(7, 11, 41).
cost(7, 12, 45).
cost(7, 13, 78).
cost(7, 14, 85).
cost(7, 15, 84).
cost(7, 16, 87).
cost(7, 17, 85).
cost(7, 18, 80).
cost(8, 1, 63).
cost(8, 2, 54).
cost(8, 3, 49).
cost(8, 4, 30).
cost(8, 5, 33).
cost(8, 6, 47).
cost(8, 7, 5).
cost(8, 9, 6).
cost(8, 10, 49).
cost(8, 11, 45).
cost(8, 12, 48).
cost(8, 13, 82).
cost(8, 14, 88).
cost(8, 15, 87).
cost(8, 16, 91).
cost(8, 17, 88).
cost(8, 18, 84).
cost(9, 1, 62).
cost(9, 2, 53).
cost(9, 3, 48).
cost(9, 4, 25).
cost(9, 5, 29).
cost(9, 6, 42).
cost(9, 7, 7).
cost(9, 8, 6).
cost(9, 10, 53).
cost(9, 11, 49).
cost(9, 12, 52).
cost(9, 13, 78).
cost(9, 14, 83).
cost(9, 15, 82).
cost(9, 16, 86).
cost(9, 17, 83).
cost(9, 18, 79).
cost(10, 1, 50).
cost(10, 2, 40).
cost(10, 3, 41).
cost(10, 4, 64).
cost(10, 5, 55).
cost(10, 6, 66).
cost(10, 7, 46).
cost(10, 8, 49).
cost(10, 9, 53).
cost(10, 11, 10).
cost(10, 12, 2).
cost(10, 13, 96).
cost(10, 14, 107).
cost(10, 15, 109).
cost(10, 16, 108).
cost(10, 17, 106).
cost(10, 18, 98).
cost(11, 1, 40).
cost(11, 2, 31).
cost(11, 3, 31).
cost(11, 4, 57).
cost(11, 5, 46).
cost(11, 6, 57).
cost(11, 7, 41).
cost(11, 8, 45).
cost(11, 9, 49).
cost(11, 10, 10).
cost(11, 12, 7).
cost(11, 13, 86).
cost(11, 14, 97).
cost(11, 15, 99).
cost(11, 16, 98).
cost(11, 17, 96).
cost(11, 18, 88).
cost(12, 1, 47).
cost(12, 2, 38).
cost(12, 3, 39).
cost(12, 4, 63).
cost(12, 5, 53).
cost(12, 6, 64).
cost(12, 7, 45).
cost(12, 8, 48).
cost(12, 9, 52).
cost(12, 10, 2).
cost(12, 11, 7).
cost(12, 13, 94).
cost(12, 14, 104).
cost(12, 15, 106).
cost(12, 16, 105).
cost(12, 17, 103).
cost(12, 18, 95).
cost(13, 1, 52).
cost(13, 2, 58).
cost(13, 3, 55).
cost(13, 4, 54).
cost(13, 5, 50).
cost(13, 6, 36).
cost(13, 7, 78).
cost(13, 8, 82).
cost(13, 9, 78).
cost(13, 10, 96).
cost(13, 11, 86).
cost(13, 12, 94).
cost(13, 14, 13).
cost(13, 15, 18).
cost(13, 16, 12).
cost(13, 17, 11).
cost(13, 18, 2).
cost(14, 1, 65).
cost(14, 2, 70).
cost(14, 3, 67).
cost(14, 4, 58).
cost(14, 5, 57).
cost(14, 6, 43).
cost(14, 7, 85).
cost(14, 8, 88).
cost(14, 9, 83).
cost(14, 10, 107).
cost(14, 11, 97).
cost(14, 12, 104).
cost(14, 13, 13).
cost(14, 15, 6).
cost(14, 16, 5).
cost(14, 17, 3).
cost(14, 18, 12).
cost(15, 1, 69).
cost(15, 2, 73).
cost(15, 3, 69).
cost(15, 4, 57).
cost(15, 5, 58).
cost(15, 6, 44).
cost(15, 7, 84).
cost(15, 8, 87).
cost(15, 9, 82).
cost(15, 10, 109).
cost(15, 11, 99).
cost(15, 12, 106).
cost(15, 13, 18).
cost(15, 14, 6).
cost(15, 16, 10).
cost(15, 17, 8).
cost(15, 18, 17).
cost(16, 1, 65).
cost(16, 2, 70).
cost(16, 3, 67).
cost(16, 4, 62).
cost(16, 5, 60).
cost(16, 6, 45).
cost(16, 7, 87).
cost(16, 8, 91).
cost(16, 9, 86).
cost(16, 10, 108).
cost(16, 11, 98).
cost(16, 12, 105).
cost(16, 13, 12).
cost(16, 14, 5).
cost(16, 15, 10).
cost(16, 17, 3).
cost(16, 18, 11).
cost(17, 1, 63).
cost(17, 2, 68).
cost(17, 3, 65).
cost(17, 4, 59).
cost(17, 5, 57).
cost(17, 6, 43).
cost(17, 7, 85).
cost(17, 8, 88).
cost(17, 9, 83).
cost(17, 10, 106).
cost(17, 11, 96).
cost(17, 12, 103).
cost(17, 13, 11).
cost(17, 14, 3).
cost(17, 15, 8).
cost(17, 16, 3).
cost(17, 18, 10).
cost(18, 1, 54).
cost(18, 2, 59).
cost(18, 3, 57).
cost(18, 4, 56).
cost(18, 5, 52).
cost(18, 6, 37).
cost(18, 7, 80).
cost(18, 8, 84).
cost(18, 9, 79).
cost(18, 10, 98).
cost(18, 11, 88).
cost(18, 12, 95).
cost(18, 13, 2).
cost(18, 14, 12).
cost(18, 15, 17).
cost(18, 16, 11).
cost(18, 17, 10).
