dimension(18).
point(1, 14.1902744232, 74.7133898223).
point(2, 15.9263472244, 71.8255958068).
point(3, 9.9520227501, 62.0571821091).
point(4, 37.2222742957, 62.1337162024).
point(5, 51.255605824, 59.8974020419).
point(6, 49.8544300634, 67.4499629727).
point(7, 74.5908516731, 30.5772900641).
point(8, 67.7577697723, 28.0278056329).
point(9, 66.6381830126, 34.3032831776).
point(10, 75.5062782049, 31.7162012528).
point(11, 76.4164134153, 29.9550227636).
point(12, 88.5139704687, 35.0041276669).
point(13, 97.0670459489, 85.4091869952).
point(14, 96.9207584759, 74.8724010587).
point(15, 92.5670306618, 78.2294550475).
point(16, 39.3115569183, 23.3993392409).
point(17, 28.7439588514, 14.1912035732).
point(18, 31.9850110803, 14.8198235856).
cost(1, 2, 3).
cost(1, 3, 13).
cost(1, 4, 26).
cost(1, 5, 40).
cost(1, 6, 36).
cost(1, 7, 75).
cost(1, 8, 71).
cost(1, 9, 66).
cost(1, 10, 75).
cost(1, 11, 77).
cost(1, 12, 84).
cost(1, 13, 84).
cost(1, 14, 83).
cost(1, 15, 78).
cost(1, 16, 57).
cost(1, 17, 62).
cost(1, 18, 62).
cost(2, 1, 3).
cost(2, 3, 11).
cost(2, 4, 23).
cost(2, 5, 37).
cost(2, 6, 34).
cost(2, 7, 72).
cost(2, 8, 68).
cost(2, 9, 63).
cost(2, 10, 72).
cost(2, 11, 74).
cost(2, 12, 81).
cost(2, 13, 82).
cost(2, 14, 81).
cost(2, 15, 77).
cost(2, 16, 54).
cost(2, 17, 59).
cost(2, 18, 59).
cost(3, 1, 13).
cost(3, 2, 11).
cost(3, 4, 27).
cost(3, 5, 41).
cost(3, 6, 40).
cost(3, 7, 72).
cost(3, 8, 67).
cost(3, 9, 63).
cost(3, 10, 72).
cost(3, 11, 74).
cost(3, 12, 83).
cost(3, 13, 90).
cost(3, 14, 88).
cost(3, 15, 84).
cost(3, 16, 49).
cost(3, 17, 51).
cost(3, 18, 52).
cost(4, 1, 26).
cost(4, 2, 23).
cost(4, 3, 27).
cost(4, 5, 14).
cost(4, 6, 14).
cost(4, 7, 49).
cost(4, 8, 46).
cost(4, 9, 40).
cost(4, 10, 49).
cost(4, 11, 51).
cost(4, 12, 58).
cost(4, 13, 64).
cost(4, 14, 61).
cost(4, 15, 58).
cost(4, 16, 39).
cost(4, 17, 49).
cost(4, 18, 48).
cost(5, 1, 40).
cost(5, 2, 37).
cost(5, 3, 41).
cost(5, 4, 14).
cost(5, 6, 8).
cost(5, 7, 37).
cost(5, 8, 36).
cost(5, 9, 30).
cost(5, 10, 37).
cost(5, 11, 39).
cost(5, 12, 45).
cost(5, 13, 52).
cost(5, 14, 48).
cost(5, 15, 45).
cost(5, 16, 38).
cost(5, 17, 51).
cost(5, 18, 49).
cost(6, 1, 36).
cost(6, 2, 34).
cost(6, 3, 40).
cost(6, 4, 14).
cost(6, 5, 8).
cost(6, 7, 44).
cost(6, 8, 43).
cost(6, 9, 37).
cost(6, 10, 44).
cost(6, 11, 46).
cost(6, 12, 50).
cost(6, 13, 51).
cost(6, 14, 48).
cost(6, 15, 44).
cost(6, 16, 45).
cost(6, 17, 57).
cost(6, 18, 56).
cost(7, 1, 75).
cost(7, 2, 72).
cost(7, 3, 72).
cost(7, 4, 49).
cost(7, 5, 37).
cost(7, 6, 44).
cost(7, 8, 7).
cost(7, 9, 9).
cost(7, 10, 1).
cost(7, 11, 2).
cost(7, 12, 15).
cost(7, 13, 59).
cost(7, 14, 50).
cost(7, 15, 51).
cost(7, 16, 36).
cost(7, 17, 49).
cost(7, 18, 45).
cost(8, 1, 71).
cost(8, 2, 68).
cost(8, 3, 67).
cost(8, 4, 46).
cost(8, 5, 36).
cost(8, 6, 43).
cost(8, 7, 7).
cost(8, 9, 6).
cost(8, 10, 9).
cost(8, 11, 9).
cost(8, 12, 22).
cost(8, 13, 64).
cost(8, 14, 55).
cost(8, 15, 56).
cost(8, 16, 29).
cost(8, 17, 41).
cost(8, 18, 38).
cost(9, 1, 66).
cost(9, 2, 63).
cost(9, 3, 63).
cost(9, 4, 40).
cost(9, 5, 30).
cost(9, 6, 37).
cost(9, 7, 9).
cost(9, 8, 6).
cost(9, 10, 9).
cost(9, 11, 11).
cost(9, 12, 22).
cost(9, 13, 59).
cost(9, 14, 51).
cost(9, 15, 51).
cost(9, 16, 29).
cost(9, 17, 43).
cost(9, 18, 40).
cost(10, 1, 75).
cost(10, 2, 72).
cost(10, 3, 72).
cost(10, 4, 49).
cost(10, 5, 37).
cost(10, 6, 44).
cost(10, 7, 1).
cost(10, 8, 9).
cost(10, 9, 9).
cost(10, 11, 2).
cost(10, 12, 13).
cost(10, 13, 58).
cost(10, 14, 48).
cost(10, 15, 50).
cost(10, 16, 37).
cost(10, 17, 50).
cost(10, 18, 47).
cost(11, 1, 77).
cost(11, 2, 74).
cost(11, 3, 74).
cost(11, 4, 51).
cost(11, 5, 39).
cost(11, 6, 46).
cost(11, 7, 2).
cost(11, 8, 9).
cost(11, 9, 11).
cost(11, 10, 2).
cost(11, 12, 13).
cost(11, 13, 59).
cost(11, 14, 49).
cost(11, 15, 51).
cost(11, 16, 38).
cost(11, 17, 50).
cost(11, 18, 47).
cost(12, 1, 84).
cost(12, 2, 81).
cost(12, 3, 83).
cost(12, 4, 58).
cost(12, 5, 45).
cost(12, 6, 50).
cost(12, 7, 15).
cost(12, 8, 22).
cost(12, 9, 22).
cost(12, 10, 13).
cost(12, 11, 13).
cost(12, 13, 51).
cost(12, 14, 41).
cost(12, 15, 43).
cost(12, 16, 51).
cost(12, 17, 63).
cost(12, 18, 60).
cost(13, 1, 84).
cost(13, 2, 82).
cost(13, 3, 90).
cost(13, 4, 64).
cost(13, 5, 52).
cost(13, 6, 51).
cost(13, 7, 59).
cost(13, 8, 64).
cost(13, 9, 59).
cost(13, 10, 58).
cost(13, 11, 59).
cost(13, 12, 51).
cost(13, 14, 11).
cost(13, 15, 8).
cost(13, 16, 85).
cost(13, 17, 99).
cost(13, 18, 96).
cost(14, 1, 83).
cost(14, 2, 81).
cost(14, 3, 88).
cost(14, 4, 61).
cost(14, 5, 48).
cost(14, 6, 48).
cost(14, 7, 50).
cost(14, 8, 55).
cost(14, 9, 51).
cost(14, 10, 48).
cost(14, 11, 49).
cost(14, 12, 41).
cost(14, 13, 11).
cost(14, 15, 5).
cost(14, 16, 77).
cost(14, 17, 91).
cost(14, 18, 88).
cost(15, 1, 78).
cost(15, 2, 77).
cost(15, 3, 84).
cost(15, 4, 58).
cost(15, 5, 45).
cost(15, 6, 44).
cost(15, 7, 51).
cost(15, 8, 56).
cost(15, 9, 51).
cost(15, 10, 50).
cost(15, 11, 51).
cost(15, 12, 43).
cost(15, 13, 8).
cost(15, 14, 5).
cost(15, 16, 76).
cost(15, 17, 90).
cost(15, 18, 88).
cost(16, 1, 57).
cost(16, 2, 54).
cost(16, 3, 49).
cost(16, 4, 39).
cost(16, 5, 38).
cost(16, 6, 45).
cost(16, 7, 36).
cost(16, 8, 29).
cost(16, 9, 29).
cost(16, 10, 37).
cost(16, 11, 38).
cost(16, 12, 51).
cost(16, 13, 85).
cost(16, 14, 77).
cost(16, 15, 76).
cost(16, 17, 14).
cost(16, 18, 11).
cost(17, 1, 62).
cost(17, 2, 59).
cost(17, 3, 51).
cost(17, 4, 49).
cost(17, 5, 51).
cost(17, 6, 57).
cost(17, 7, 49).
cost(17, 8, 41).
cost(17, 9, 43).
cost(17, 10, 50).
cost(17, 11, 50).
cost(17, 12, 63).
cost(17, 13, 99).
cost(17, 14, 91).
cost(17, 15, 90).
cost(17, 16, 14).
cost(17, 18, 3).
cost(18, 1, 62).
cost(18, 2, 59).
cost(18, 3, 52).
cost(18, 4, 48).
cost(18, 5, 49).
cost(18, 6, 56).
cost(18, 7, 45).
cost(18, 8, 38).
cost(18, 9, 40).
cost(18, 10, 47).
cost(18, 11, 47).
cost(18, 12, 60).
cost(18, 13, 96).
cost(18, 14, 88).
cost(18, 15, 88).
cost(18, 16, 11).
cost(18, 17, 3).
