dimension(18).
point(1, 58.7142487681, 78.8076596851).
point(2, 58.4587806227, 76.7991924545).
point(3, 49.5572861314, 69.9647766041).
point(4, 13.2787426333, 11.9739788054).
point(5, 13.6479076074, 15.9612552335).
point(6, 5.9445731866, 17.4377431328).
point(7, 29.485656999, 55.1265721261).
point(8, 34.798660401, 55.7274206218).
point(9, 17.2657188365, 48.7799288893).
point(10, 84.6584016207, 80.1098770972).
point(11, 92.641900383, 72.5119855126).
point(12, 90.6492938992, 74.7779645093).
point(13, 94.4498832376, 89.2953788462).
point(14, 97.3746987467, 72.9234264535).
point(15, 86.8137088739, 87.1359047795).
point(16, 81.3984444813, 32.8769345144).
point(17, 78.183234237, 50.9868374989).
point(18, 69.4469699587, 35.3032708424).
cost(1, 2, 2).
cost(1, 3, 13).
cost(1, 4, 81).
cost(1, 5, 77).
cost(1, 6, 81).
cost(1, 7, 38).
cost(1, 8, 33).
cost(1, 9, 51).
cost(1, 10, 26).
cost(1, 11, 35).
cost(1, 12, 32).
cost(1, 13, 37).
cost(1, 14, 39).
cost(1, 15, 29).
cost(1, 16, 51).
cost(1, 17, 34).
cost(1, 18, 45).
cost(2, 1, 2).
cost(2, 3, 11).
cost(2, 4, 79).
cost(2, 5, 76).
cost(2, 6, 79).
cost(2, 7, 36).
cost(2, 8, 32).
cost(2, 9, 50).
cost(2, 10, 26).
cost(2, 11, 34).
cost(2, 12, 32).
cost(2, 13, 38).
cost(2, 14, 39).
cost(2, 15, 30).
cost(2, 16, 50).
cost(2, 17, 32).
cost(2, 18, 43).
cost(3, 1, 13).
cost(3, 2, 11).
cost(3, 4, 68).
cost(3, 5, 65).
cost(3, 6, 68).
cost(3, 7, 25).
cost(3, 8, 21).
cost(3, 9, 39).
cost(3, 10, 37).
cost(3, 11, 43).
cost(3, 12, 41).
cost(3, 13, 49).
cost(3, 14, 48).
cost(3, 15, 41).
cost(3, 16, 49).
cost(3, 17, 34).
cost(3, 18, 40).
cost(4, 1, 81).
cost(4, 2, 79).
cost(4, 3, 68).
cost(4, 5, 4).
cost(4, 6, 9).
cost(4, 7, 46).
cost(4, 8, 49).
cost(4, 9, 37).
cost(4, 10, 99).
cost(4, 11, 100).
cost(4, 12, 100).
cost(4, 13, 112).
cost(4, 14, 104).
cost(4, 15, 105).
cost(4, 16, 71).
cost(4, 17, 76).
cost(4, 18, 61).
cost(5, 1, 77).
cost(5, 2, 76).
cost(5, 3, 65).
cost(5, 4, 4).
cost(5, 6, 8).
cost(5, 7, 42).
cost(5, 8, 45).
cost(5, 9, 33).
cost(5, 10, 96).
cost(5, 11, 97).
cost(5, 12, 97).
cost(5, 13, 109).
cost(5, 14, 101).
cost(5, 15, 102).
cost(5, 16, 70).
cost(5, 17, 73).
cost(5, 18, 59).
cost(6, 1, 81).
cost(6, 2, 79).
cost(6, 3, 68).
cost(6, 4, 9).
cost(6, 5, 8).
cost(6, 7, 44).
cost(6, 8, 48).
cost(6, 9, 33).
cost(6, 10, 101).
cost(6, 11, 103).
cost(6, 12, 102).
cost(6, 13, 114).
cost(6, 14, 107).
cost(6, 15, 107).
cost(6, 16, 77).
cost(6, 17, 80).
cost(6, 18, 66).
cost(7, 1, 38).
cost(7, 2, 36).
cost(7, 3, 25).
cost(7, 4, 46).
cost(7, 5, 42).
cost(7, 6, 44).
cost(7, 8, 5).
cost(7, 9, 14).
cost(7, 10, 61).
cost(7, 11, 66).
cost(7, 12, 64).
cost(7, 13, 73).
cost(7, 14, 70).
cost(7, 15, 66).
cost(7, 16, 56).
cost(7, 17, 49).
cost(7, 18, 45).
cost(8, 1, 33).
cost(8, 2, 32).
cost(8, 3, 21).
cost(8, 4, 49).
cost(8, 5, 45).
cost(8, 6, 48).
cost(8, 7, 5).
cost(8, 9, 19).
cost(8, 10, 56).
cost(8, 11, 60).
cost(8, 12, 59).
cost(8, 13, 68).
cost(8, 14, 65).
cost(8, 15, 61).
cost(8, 16, 52).
cost(8, 17, 44).
cost(8, 18, 40).
cost(9, 1, 51).
cost(9, 2, 50).
cost(9, 3, 39).
cost(9, 4, 37).
cost(9, 5, 33).
cost(9, 6, 33).
cost(9, 7, 14).
cost(9, 8, 19).
cost(9, 10, 74).
cost(9, 11, 79).
cost(9, 12, 78).
cost(9, 13, 87).
cost(9, 14, 84).
cost(9, 15, 79).
cost(9, 16, 66).
cost(9, 17, 61).
cost(9, 18, 54).
cost(10, 1, 26).
cost(10, 2, 26).
cost(10, 3, 37).
cost(10, 4, 99).
cost(10, 5, 96).
cost(10, 6, 101).
cost(10, 7, 61).
cost(10, 8, 56).
cost(10, 9, 74).
cost(10, 11, 11).
cost(10, 12, 8).
cost(10, 13, 13).
cost(10, 14, 15).
cost(10, 15, 7).
cost(10, 16, 47).
cost(10, 17, 30).
cost(10, 18, 47).
cost(11, 1, 35).
cost(11, 2, 34).
cost(11, 3, 43).
cost(11, 4, 100).
cost(11, 5, 97).
cost(11, 6, 103).
cost(11, 7, 66).
cost(11, 8, 60).
cost(11, 9, 79).
cost(11, 10, 11).
cost(11, 12, 3).
cost(11, 13, 17).
cost(11, 14, 5).
cost(11, 15, 16).
cost(11, 16, 41).
cost(11, 17, 26).
cost(11, 18, 44).
cost(12, 1, 32).
cost(12, 2, 32).
cost(12, 3, 41).
cost(12, 4, 100).
cost(12, 5, 97).
cost(12, 6, 102).
cost(12, 7, 64).
cost(12, 8, 59).
cost(12, 9, 78).
cost(12, 10, 8).
cost(12, 11, 3).
cost(12, 13, 15).
cost(12, 14, 7).
cost(12, 15, 13).
cost(12, 16, 43).
cost(12, 17, 27).
cost(12, 18, 45).
cost(13, 1, 37).
cost(13, 2, 38).
cost(13, 3, 49).
cost(13, 4, 112).
cost(13, 5, 109).
cost(13, 6, 114).
cost(13, 7, 73).
cost(13, 8, 68).
cost(13, 9, 87).
cost(13, 10, 13).
cost(13, 11, 17).
cost(13, 12, 15).
cost(13, 14, 17).
cost(13, 15, 8).
cost(13, 16, 58).
cost(13, 17, 42).
cost(13, 18, 60).
cost(14, 1, 39).
cost(14, 2, 39).
cost(14, 3, 48).
cost(14, 4, 104).
cost(14, 5, 101).
cost(14, 6, 107).
cost(14, 7, 70).
cost(14, 8, 65).
cost(14, 9, 84).
cost(14, 10, 15).
cost(14, 11, 5).
cost(14, 12, 7).
cost(14, 13, 17).
cost(14, 15, 18).
cost(14, 16, 43).
cost(14, 17, 29).
cost(14, 18, 47).
cost(15, 1, 29).
cost(15, 2, 30).
cost(15, 3, 41).
cost(15, 4, 105).
cost(15, 5, 102).
cost(15, 6, 107).
cost(15, 7, 66).
cost(15, 8, 61).
cost(15, 9, 79).
cost(15, 10, 7).
cost(15, 11, 16).
cost(15, 12, 13).
cost(15, 13, 8).
cost(15, 14, 18).
cost(15, 16, 55).
cost(15, 17, 37).
cost(15, 18, 55).
cost(16, 1, 51).
cost(16, 2, 50).
cost(16, 3, 49).
cost(16, 4, 71).
cost(16, 5, 70).
cost(16, 6, 77).
cost(16, 7, 56).
cost(16, 8, 52).
cost(16, 9, 66).
cost(16, 10, 47).
cost(16, 11, 41).
cost(16, 12, 43).
cost(16, 13, 58).
cost(16, 14, 43).
cost(16, 15, 55).
cost(16, 17, 18).
cost(16, 18, 12).
cost(17, 1, 34).
cost(17, 2, 32).
cost(17, 3, 34).
cost(17, 4, 76).
cost(17, 5, 73).
cost(17, 6, 80).
cost(17, 7, 49).
cost(17, 8, 44).
cost(17, 9, 61).
cost(17, 10, 30).
cost(17, 11, 26).
cost(17, 12, 27).
cost(17, 13, 42).
cost(17, 14, 29).
cost(17, 15, 37).
cost(17, 16, 18).
cost(17, 18, 18).
cost(18, 1, 45).
cost(18, 2, 43).
cost(18, 3, 40).
cost(18, 4, 61).
cost(18, 5, 59).
cost(18, 6, 66).
cost(18, 7, 45).
cost(18, 8, 40).
cost(18, 9, 54).
cost(18, 10, 47).
cost(18, 11, 44).
cost(18, 12, 45).
cost(18, 13, 60).
cost(18, 14, 47).
cost(18, 15, 55).
cost(18, 16, 12).
cost(18, 17, 18).
