dimension(18).
point(1, 32.5608848473, 48.45085513).
point(2, 32.0299280506, 21.6501194257).
point(3, 25.8412406745, 31.2482957899).
point(4, 60.8882800855, 58.267985987).
point(5, 70.8549503714, 54.5568258129).
point(6, 75.4586952699, 48.9872252962).
point(7, 7.2033690879, 74.6177213613).
point(8, 3.9583761045, 78.9884759059).
point(9, 15.0017766079, 70.8247128376).
point(10, 90.0228693801, 93.6916744339).
point(11, 93.8359472008, 94.812942408).
point(12, 95.5824238473, 83.5587955157).
point(13, 53.0151698801, 13.2633571177).
point(14, 40.0438216515, 18.7697177322).
point(15, 58.6379222718, 2.2148108309).
point(16, 45.9290543564, 3.6626134459).
point(17, 48.7847498361, 8.0142253516).
point(18, 51.6669532415, 5.2777599198).
cost(1, 2, 27).
cost(1, 3, 18).
cost(1, 4, 30).
cost(1, 5, 39).
cost(1, 6, 43).
cost(1, 7, 36).
cost(1, 8, 42).
cost(1, 9, 28).
cost(1, 10, 73).
cost(1, 11, 77).
cost(1, 12, 72).
cost(1, 13, 41).
cost(1, 14, 31).
cost(1, 15, 53).
cost(1, 16, 47).
cost(1, 17, 44).
cost(1, 18, 47).
cost(2, 1, 27).
cost(2, 3, 11).
cost(2, 4, 47).
cost(2, 5, 51).
cost(2, 6, 51).
cost(2, 7, 58).
cost(2, 8, 64).
cost(2, 9, 52).
cost(2, 10, 92).
cost(2, 11, 96).
cost(2, 12, 89).
cost(2, 13, 23).
cost(2, 14, 9).
cost(2, 15, 33).
cost(2, 16, 23).
cost(2, 17, 22).
cost(2, 18, 26).
cost(3, 1, 18).
cost(3, 2, 11).
cost(3, 4, 44).
cost(3, 5, 51).
cost(3, 6, 53).
cost(3, 7, 47).
cost(3, 8, 53).
cost(3, 9, 41).
cost(3, 10, 90).
cost(3, 11, 93).
cost(3, 12, 87).
cost(3, 13, 33).
cost(3, 14, 19).
cost(3, 15, 44).
cost(3, 16, 34).
cost(3, 17, 33).
cost(3, 18, 37).
cost(4, 1, 30).
cost(4, 2, 47).
cost(4, 3, 44).
cost(4, 5, 11).
cost(4, 6, 17).
cost(4, 7, 56).
cost(4, 8, 61).
cost(4, 9, 48).
cost(4, 10, 46).
cost(4, 11, 49).
cost(4, 12, 43).
cost(4, 13, 46).
cost(4, 14, 45).
cost(4, 15, 56).
cost(4, 16, 57).
cost(4, 17, 52).
cost(4, 18, 54).
cost(5, 1, 39).
cost(5, 2, 51).
cost(5, 3, 51).
cost(5, 4, 11).
cost(5, 6, 7).
cost(5, 7, 67).
cost(5, 8, 71).
cost(5, 9, 58).
cost(5, 10, 44).
cost(5, 11, 46).
cost(5, 12, 38).
cost(5, 13, 45).
cost(5, 14, 47).
cost(5, 15, 54).
cost(5, 16, 57).
cost(5, 17, 52).
cost(5, 18, 53).
cost(6, 1, 43).
cost(6, 2, 51).
cost(6, 3, 53).
cost(6, 4, 17).
cost(6, 5, 7).
cost(6, 7, 73).
cost(6, 8, 78).
cost(6, 9, 64).
cost(6, 10, 47).
cost(6, 11, 49).
cost(6, 12, 40).
cost(6, 13, 42).
cost(6, 14, 47).
cost(6, 15, 50).
cost(6, 16, 54).
cost(6, 17, 49).
cost(6, 18, 50).
cost(7, 1, 36).
cost(7, 2, 58).
cost(7, 3, 47).
cost(7, 4, 56).
cost(7, 5, 67).
cost(7, 6, 73).
cost(7, 8, 5).
cost(7, 9, 9).
cost(7, 10, 85).
cost(7, 11, 89).
cost(7, 12, 89).
cost(7, 13, 77).
cost(7, 14, 65).
cost(7, 15, 89).
cost(7, 16, 81).
cost(7, 17, 79).
cost(7, 18, 82).
cost(8, 1, 42).
cost(8, 2, 64).
cost(8, 3, 53).
cost(8, 4, 61).
cost(8, 5, 71).
cost(8, 6, 78).
cost(8, 7, 5).
cost(8, 9, 14).
cost(8, 10, 87).
cost(8, 11, 91).
cost(8, 12, 92).
cost(8, 13, 82).
cost(8, 14, 70).
cost(8, 15, 94).
cost(8, 16, 86).
cost(8, 17, 84).
cost(8, 18, 88).
cost(9, 1, 28).
cost(9, 2, 52).
cost(9, 3, 41).
cost(9, 4, 48).
cost(9, 5, 58).
cost(9, 6, 64).
cost(9, 7, 9).
cost(9, 8, 14).
cost(9, 10, 78).
cost(9, 11, 82).
cost(9, 12, 82).
cost(9, 13, 69).
cost(9, 14, 58).
cost(9, 15, 81).
cost(9, 16, 74).
cost(9, 17, 71).
cost(9, 18, 75).
cost(10, 1, 73).
cost(10, 2, 92).
cost(10, 3, 90).
cost(10, 4, 46).
cost(10, 5, 44).
cost(10, 6, 47).
cost(10, 7, 85).
cost(10, 8, 87).
cost(10, 9, 78).
cost(10, 11, 4).
cost(10, 12, 12).
cost(10, 13, 89).
cost(10, 14, 90).
cost(10, 15, 97).
cost(10, 16, 100).
cost(10, 17, 95).
cost(10, 18, 96).
cost(11, 1, 77).
cost(11, 2, 96).
cost(11, 3, 93).
cost(11, 4, 49).
cost(11, 5, 46).
cost(11, 6, 49).
cost(11, 7, 89).
cost(11, 8, 91).
cost(11, 9, 82).
cost(11, 10, 4).
cost(11, 12, 11).
cost(11, 13, 91).
cost(11, 14, 93).
cost(11, 15, 99).
cost(11, 16, 103).
cost(11, 17, 98).
cost(11, 18, 99).
cost(12, 1, 72).
cost(12, 2, 89).
cost(12, 3, 87).
cost(12, 4, 43).
cost(12, 5, 38).
cost(12, 6, 40).
cost(12, 7, 89).
cost(12, 8, 92).
cost(12, 9, 82).
cost(12, 10, 12).
cost(12, 11, 11).
cost(12, 13, 82).
cost(12, 14, 85).
cost(12, 15, 89).
cost(12, 16, 94).
cost(12, 17, 89).
cost(12, 18, 90).
cost(13, 1, 41).
cost(13, 2, 23).
cost(13, 3, 33).
cost(13, 4, 46).
cost(13, 5, 45).
cost(13, 6, 42).
cost(13, 7, 77).
cost(13, 8, 82).
cost(13, 9, 69).
cost(13, 10, 89).
cost(13, 11, 91).
cost(13, 12, 82).
cost(13, 14, 14).
cost(13, 15, 12).
cost(13, 16, 12).
cost(13, 17, 7).
cost(13, 18, 8).
cost(14, 1, 31).
cost(14, 2, 9).
cost(14, 3, 19).
cost(14, 4, 45).
cost(14, 5, 47).
cost(14, 6, 47).
cost(14, 7, 65).
cost(14, 8, 70).
cost(14, 9, 58).
cost(14, 10, 90).
cost(14, 11, 93).
cost(14, 12, 85).
cost(14, 13, 14).
cost(14, 15, 25).
cost(14, 16, 16).
cost(14, 17, 14).
cost(14, 18, 18).
cost(15, 1, 53).
cost(15, 2, 33).
cost(15, 3, 44).
cost(15, 4, 56).
cost(15, 5, 54).
cost(15, 6, 50).
cost(15, 7, 89).
cost(15, 8, 94).
cost(15, 9, 81).
cost(15, 10, 97).
cost(15, 11, 99).
cost(15, 12, 89).
cost(15, 13, 12).
cost(15, 14, 25).
cost(15, 16, 13).
cost(15, 17, 11).
cost(15, 18, 8).
cost(16, 1, 47).
cost(16, 2, 23).
cost(16, 3, 34).
cost(16, 4, 57).
cost(16, 5, 57).
cost(16, 6, 54).
cost(16, 7, 81).
cost(16, 8, 86).
cost(16, 9, 74).
cost(16, 10, 100).
cost(16, 11, 103).
cost(16, 12, 94).
cost(16, 13, 12).
cost(16, 14, 16).
cost(16, 15, 13).
cost(16, 17, 5).
cost(16, 18, 6).
cost(17, 1, 44).
cost(17, 2, 22).
cost(17, 3, 33).
cost(17, 4, 52).
cost(17, 5, 52).
cost(17, 6, 49).
cost(17, 7, 79).
cost(17, 8, 84).
cost(17, 9, 71).
cost(17, 10, 95).
cost(17, 11, 98).
cost(17, 12, 89).
cost(17, 13, 7).
cost(17, 14, 14).
cost(17, 15, 11).
cost(17, 16, 5).
cost(17, 18, 4).
cost(18, 1, 47).
cost(18, 2, 26).
cost(18, 3, 37).
cost(18, 4, 54).
cost(18, 5, 53).
cost(18, 6, 50).
cost(18, 7, 82).
cost(18, 8, 88).
cost(18, 9, 75).
cost(18, 10, 96).
cost(18, 11, 99).
cost(18, 12, 90).
cost(18, 13, 8).
cost(18, 14, 18).
cost(18, 15, 8).
cost(18, 16, 6).
cost(18, 17, 4).
