dimension(18).
point(1, 62.4418854688, 67.9393186862).
point(2, 59.2267313889, 61.2677344839).
point(3, 62.6685846505, 64.8867274151).
point(4, 29.9686621888, 92.1483135274).
point(5, 19.980486649, 89.6586291218).
point(6, 25.1075745641, 95.6115176521).
point(7, 35.3842802892, 16.4777176277).
point(8, 36.0916446087, 10.524895363).
point(9, 46.9465418603, 3.6286678195).
point(10, 60.5872754151, 2.74101519).
point(11, 47.2352757613, 7.579582282).
point(12, 53.1578433506, 0.4172798388).
point(13, 85.6995268719, 37.4472344639).
point(14, 77.6182992615, 21.3539105668).
point(15, 87.9354033137, 24.9928204852).
point(16, 12.3331562112, 63.0235261336).
point(17, 0.6280387208, 28.3321501826).
point(18, 15.5780569229, 46.6789804266).
cost(1, 2, 7).
cost(1, 3, 3).
cost(1, 4, 41).
cost(1, 5, 48).
cost(1, 6, 46).
cost(1, 7, 58).
cost(1, 8, 63).
cost(1, 9, 66).
cost(1, 10, 65).
cost(1, 11, 62).
cost(1, 12, 68).
cost(1, 13, 38).
cost(1, 14, 49).
cost(1, 15, 50).
cost(1, 16, 50).
cost(1, 17, 73).
cost(1, 18, 51).
cost(2, 1, 7).
cost(2, 3, 5).
cost(2, 4, 43).
cost(2, 5, 48).
cost(2, 6, 48).
cost(2, 7, 51).
cost(2, 8, 56).
cost(2, 9, 59).
cost(2, 10, 59).
cost(2, 11, 55).
cost(2, 12, 61).
cost(2, 13, 36).
cost(2, 14, 44).
cost(2, 15, 46).
cost(2, 16, 47).
cost(2, 17, 67).
cost(2, 18, 46).
cost(3, 1, 3).
cost(3, 2, 5).
cost(3, 4, 43).
cost(3, 5, 49).
cost(3, 6, 49).
cost(3, 7, 56).
cost(3, 8, 61).
cost(3, 9, 63).
cost(3, 10, 62).
cost(3, 11, 59).
cost(3, 12, 65).
cost(3, 13, 36).
cost(3, 14, 46).
cost(3, 15, 47).
cost(3, 16, 50).
cost(3, 17, 72).
cost(3, 18, 50).
cost(4, 1, 41).
cost(4, 2, 43).
cost(4, 3, 43).
cost(4, 5, 10).
cost(4, 6, 6).
cost(4, 7, 76).
cost(4, 8, 82).
cost(4, 9, 90).
cost(4, 10, 95).
cost(4, 11, 86).
cost(4, 12, 95).
cost(4, 13, 78).
cost(4, 14, 85).
cost(4, 15, 89).
cost(4, 16, 34).
cost(4, 17, 70).
cost(4, 18, 48).
cost(5, 1, 48).
cost(5, 2, 48).
cost(5, 3, 49).
cost(5, 4, 10).
cost(5, 6, 8).
cost(5, 7, 75).
cost(5, 8, 81).
cost(5, 9, 90).
cost(5, 10, 96).
cost(5, 11, 86).
cost(5, 12, 95).
cost(5, 13, 84).
cost(5, 14, 89).
cost(5, 15, 94).
cost(5, 16, 28).
cost(5, 17, 64).
cost(5, 18, 43).
cost(6, 1, 46).
cost(6, 2, 48).
cost(6, 3, 49).
cost(6, 4, 6).
cost(6, 5, 8).
cost(6, 7, 80).
cost(6, 8, 86).
cost(6, 9, 95).
cost(6, 10, 99).
cost(6, 11, 91).
cost(6, 12, 99).
cost(6, 13, 84).
cost(6, 14, 91).
cost(6, 15, 95).
cost(6, 16, 35).
cost(6, 17, 72).
cost(6, 18, 50).
cost(7, 1, 58).
cost(7, 2, 51).
cost(7, 3, 56).
cost(7, 4, 76).
cost(7, 5, 75).
cost(7, 6, 80).
cost(7, 8, 6).
cost(7, 9, 17).
cost(7, 10, 29).
cost(7, 11, 15).
cost(7, 12, 24).
cost(7, 13, 55).
cost(7, 14, 43).
cost(7, 15, 53).
cost(7, 16, 52).
cost(7, 17, 37).
cost(7, 18, 36).
cost(8, 1, 63).
cost(8, 2, 56).
cost(8, 3, 61).
cost(8, 4, 82).
cost(8, 5, 81).
cost(8, 6, 86).
cost(8, 7, 6).
cost(8, 9, 13).
cost(8, 10, 26).
cost(8, 11, 12).
cost(8, 12, 20).
cost(8, 13, 56).
cost(8, 14, 43).
cost(8, 15, 54).
cost(8, 16, 58).
cost(8, 17, 40).
cost(8, 18, 42).
cost(9, 1, 66).
cost(9, 2, 59).
cost(9, 3, 63).
cost(9, 4, 90).
cost(9, 5, 90).
cost(9, 6, 95).
cost(9, 7, 17).
cost(9, 8, 13).
cost(9, 10, 14).
cost(9, 11, 4).
cost(9, 12, 7).
cost(9, 13, 51).
cost(9, 14, 35).
cost(9, 15, 46).
cost(9, 16, 69).
cost(9, 17, 52).
cost(9, 18, 53).
cost(10, 1, 65).
cost(10, 2, 59).
cost(10, 3, 62).
cost(10, 4, 95).
cost(10, 5, 96).
cost(10, 6, 99).
cost(10, 7, 29).
cost(10, 8, 26).
cost(10, 9, 14).
cost(10, 11, 14).
cost(10, 12, 8).
cost(10, 13, 43).
cost(10, 14, 25).
cost(10, 15, 35).
cost(10, 16, 77).
cost(10, 17, 65).
cost(10, 18, 63).
cost(11, 1, 62).
cost(11, 2, 55).
cost(11, 3, 59).
cost(11, 4, 86).
cost(11, 5, 86).
cost(11, 6, 91).
cost(11, 7, 15).
cost(11, 8, 12).
cost(11, 9, 4).
cost(11, 10, 14).
cost(11, 12, 9).
cost(11, 13, 49).
cost(11, 14, 33).
cost(11, 15, 44).
cost(11, 16, 66).
cost(11, 17, 51).
cost(11, 18, 50).
cost(12, 1, 68).
cost(12, 2, 61).
cost(12, 3, 65).
cost(12, 4, 95).
cost(12, 5, 95).
cost(12, 6, 99).
cost(12, 7, 24).
cost(12, 8, 20).
cost(12, 9, 7).
cost(12, 10, 8).
cost(12, 11, 9).
cost(12, 13, 49).
cost(12, 14, 32).
cost(12, 15, 43).
cost(12, 16, 75).
cost(12, 17, 59).
cost(12, 18, 60).
cost(13, 1, 38).
cost(13, 2, 36).
cost(13, 3, 36).
cost(13, 4, 78).
cost(13, 5, 84).
cost(13, 6, 84).
cost(13, 7, 55).
cost(13, 8, 56).
cost(13, 9, 51).
cost(13, 10, 43).
cost(13, 11, 49).
cost(13, 12, 49).
cost(13, 14, 18).
cost(13, 15, 13).
cost(13, 16, 78).
cost(13, 17, 86).
cost(13, 18, 71).
cost(14, 1, 49).
cost(14, 2, 44).
cost(14, 3, 46).
cost(14, 4, 85).
cost(14, 5, 89).
cost(14, 6, 91).
cost(14, 7, 43).
cost(14, 8, 43).
cost(14, 9, 35).
cost(14, 10, 25).
cost(14, 11, 33).
cost(14, 12, 32).
cost(14, 13, 18).
cost(14, 15, 11).
cost(14, 16, 77).
cost(14, 17, 77).
cost(14, 18, 67).
cost(15, 1, 50).
cost(15, 2, 46).
cost(15, 3, 47).
cost(15, 4, 89).
cost(15, 5, 94).
cost(15, 6, 95).
cost(15, 7, 53).
cost(15, 8, 54).
cost(15, 9, 46).
cost(15, 10, 35).
cost(15, 11, 44).
cost(15, 12, 43).
cost(15, 13, 13).
cost(15, 14, 11).
cost(15, 16, 85).
cost(15, 17, 87).
cost(15, 18, 76).
cost(16, 1, 50).
cost(16, 2, 47).
cost(16, 3, 50).
cost(16, 4, 34).
cost(16, 5, 28).
cost(16, 6, 35).
cost(16, 7, 52).
cost(16, 8, 58).
cost(16, 9, 69).
cost(16, 10, 77).
cost(16, 11, 66).
cost(16, 12, 75).
cost(16, 13, 78).
cost(16, 14, 77).
cost(16, 15, 85).
cost(16, 17, 37).
cost(16, 18, 17).
cost(17, 1, 73).
cost(17, 2, 67).
cost(17, 3, 72).
cost(17, 4, 70).
cost(17, 5, 64).
cost(17, 6, 72).
cost(17, 7, 37).
cost(17, 8, 40).
cost(17, 9, 52).
cost(17, 10, 65).
cost(17, 11, 51).
cost(17, 12, 59).
cost(17, 13, 86).
cost(17, 14, 77).
cost(17, 15, 87).
cost(17, 16, 37).
cost(17, 18, 24).
cost(18, 1, 51).
cost(18, 2, 46).
cost(18, 3, 50).
cost(18, 4, 48).
cost(18, 5, 43).
cost(18, 6, 50).
cost(18, 7, 36).
cost(18, 8, 42).
cost(18, 9, 53).
cost(18, 10, 63).
cost(18, 11, 50).
cost(18, 12, 60).
cost(18, 13, 71).
cost(18, 14, 67).
cost(18, 15, 76).
cost(18, 16, 17).
cost(18, 17, 24).
