dimension(18).
point(1, 8.660966249, 67.5324602329).
point(2, 16.289261151, 82.4400331894).
point(3, 12.7319655407, 67.6736745101).
point(4, 53.3245638053, 10.3221172251).
point(5, 59.9950833099, 19.5774553043).
point(6, 66.2191147992, 33.0938001187).
point(7, 59.177788168, 5.737334446).
point(8, 58.2560340072, 5.2206286345).
point(9, 59.5503385786, 24.7553765034).
point(10, 44.2490510168, 76.2308580636).
point(11, 58.1782889882, 78.5302798726).
point(12, 49.5083517639, 84.1516637958).
point(13, 85.808874049, 41.0901939316).
point(14, 91.1343821948, 54.4045384325).
point(15, 99.3922228359, 50.7913598506).
point(16, 13.4539771913, 26.165188802).
point(17, 13.1257449871, 24.5186643476).
point(18, 23.2032003753, 20.6093240656).
cost(1, 2, 17).
cost(1, 3, 4).
cost(1, 4, 73).
cost(1, 5, 70).
cost(1, 6, 67).
cost(1, 7, 80).
cost(1, 8, 80).
cost(1, 9, 66).
cost(1, 10, 37).
cost(1, 11, 51).
cost(1, 12, 44).
cost(1, 13, 82).
cost(1, 14, 84).
cost(1, 15, 92).
cost(1, 16, 42).
cost(1, 17, 43).
cost(1, 18, 49).
cost(2, 1, 17).
cost(2, 3, 15).
cost(2, 4, 81).
cost(2, 5, 77).
cost(2, 6, 70).
cost(2, 7, 88).
cost(2, 8, 88).
cost(2, 9, 72).
cost(2, 10, 29).
cost(2, 11, 42).
cost(2, 12, 33).
cost(2, 13, 81).
cost(2, 14, 80).
cost(2, 15, 89).
cost(2, 16, 56).
cost(2, 17, 58).
cost(2, 18, 62).
cost(3, 1, 4).
cost(3, 2, 15).
cost(3, 4, 70).
cost(3, 5, 67).
cost(3, 6, 64).
cost(3, 7, 77).
cost(3, 8, 77).
cost(3, 9, 64).
cost(3, 10, 33).
cost(3, 11, 47).
cost(3, 12, 40).
cost(3, 13, 78).
cost(3, 14, 80).
cost(3, 15, 88).
cost(3, 16, 42).
cost(3, 17, 43).
cost(3, 18, 48).
cost(4, 1, 73).
cost(4, 2, 81).
cost(4, 3, 70).
cost(4, 5, 11).
cost(4, 6, 26).
cost(4, 7, 7).
cost(4, 8, 7).
cost(4, 9, 16).
cost(4, 10, 67).
cost(4, 11, 68).
cost(4, 12, 74).
cost(4, 13, 45).
cost(4, 14, 58).
cost(4, 15, 61).
cost(4, 16, 43).
cost(4, 17, 43).
cost(4, 18, 32).
cost(5, 1, 70).
cost(5, 2, 77).
cost(5, 3, 67).
cost(5, 4, 11).
cost(5, 6, 15).
cost(5, 7, 14).
cost(5, 8, 14).
cost(5, 9, 5).
cost(5, 10, 59).
cost(5, 11, 59).
cost(5, 12, 65).
cost(5, 13, 34).
cost(5, 14, 47).
cost(5, 15, 50).
cost(5, 16, 47).
cost(5, 17, 47).
cost(5, 18, 37).
cost(6, 1, 67).
cost(6, 2, 70).
cost(6, 3, 64).
cost(6, 4, 26).
cost(6, 5, 15).
cost(6, 7, 28).
cost(6, 8, 29).
cost(6, 9, 11).
cost(6, 10, 48).
cost(6, 11, 46).
cost(6, 12, 54).
cost(6, 13, 21).
cost(6, 14, 33).
cost(6, 15, 38).
cost(6, 16, 53).
cost(6, 17, 54).
cost(6, 18, 45).
cost(7, 1, 80).
cost(7, 2, 88).
cost(7, 3, 77).
cost(7, 4, 7).
cost(7, 5, 14).
cost(7, 6, 28).
cost(7, 8, 1).
cost(7, 9, 19).
cost(7, 10, 72).
cost(7, 11, 73).
cost(7, 12, 79).
cost(7, 13, 44).
cost(7, 14, 58).
cost(7, 15, 60).
cost(7, 16, 50).
cost(7, 17, 50).
cost(7, 18, 39).
cost(8, 1, 80).
cost(8, 2, 88).
cost(8, 3, 77).
cost(8, 4, 7).
cost(8, 5, 14).
cost(8, 6, 29).
cost(8, 7, 1).
cost(8, 9, 20).
cost(8, 10, 72).
cost(8, 11, 73).
cost(8, 12, 79).
cost(8, 13, 45).
cost(8, 14, 59).
cost(8, 15, 61).
cost(8, 16, 49).
cost(8, 17, 49).
cost(8, 18, 38).
cost(9, 1, 66).
cost(9, 2, 72).
cost(9, 3, 64).
cost(9, 4, 16).
cost(9, 5, 5).
cost(9, 6, 11).
cost(9, 7, 19).
cost(9, 8, 20).
cost(9, 10, 54).
cost(9, 11, 54).
cost(9, 12, 60).
cost(9, 13, 31).
cost(9, 14, 43).
cost(9, 15, 48).
cost(9, 16, 46).
cost(9, 17, 46).
cost(9, 18, 37).
cost(10, 1, 37).
cost(10, 2, 29).
cost(10, 3, 33).
cost(10, 4, 67).
cost(10, 5, 59).
cost(10, 6, 48).
cost(10, 7, 72).
cost(10, 8, 72).
cost(10, 9, 54).
cost(10, 11, 14).
cost(10, 12, 10).
cost(10, 13, 54).
cost(10, 14, 52).
cost(10, 15, 61).
cost(10, 16, 59).
cost(10, 17, 60).
cost(10, 18, 59).
cost(11, 1, 51).
cost(11, 2, 42).
cost(11, 3, 47).
cost(11, 4, 68).
cost(11, 5, 59).
cost(11, 6, 46).
cost(11, 7, 73).
cost(11, 8, 73).
cost(11, 9, 54).
cost(11, 10, 14).
cost(11, 12, 10).
cost(11, 13, 47).
cost(11, 14, 41).
cost(11, 15, 50).
cost(11, 16, 69).
cost(11, 17, 70).
cost(11, 18, 68).
cost(12, 1, 44).
cost(12, 2, 33).
cost(12, 3, 40).
cost(12, 4, 74).
cost(12, 5, 65).
cost(12, 6, 54).
cost(12, 7, 79).
cost(12, 8, 79).
cost(12, 9, 60).
cost(12, 10, 10).
cost(12, 11, 10).
cost(12, 13, 56).
cost(12, 14, 51).
cost(12, 15, 60).
cost(12, 16, 68).
cost(12, 17, 70).
cost(12, 18, 69).
cost(13, 1, 82).
cost(13, 2, 81).
cost(13, 3, 78).
cost(13, 4, 45).
cost(13, 5, 34).
cost(13, 6, 21).
cost(13, 7, 44).
cost(13, 8, 45).
cost(13, 9, 31).
cost(13, 10, 54).
cost(13, 11, 47).
cost(13, 12, 56).
cost(13, 14, 14).
cost(13, 15, 17).
cost(13, 16, 74).
cost(13, 17, 75).
cost(13, 18, 66).
cost(14, 1, 84).
cost(14, 2, 80).
cost(14, 3, 80).
cost(14, 4, 58).
cost(14, 5, 47).
cost(14, 6, 33).
cost(14, 7, 58).
cost(14, 8, 59).
cost(14, 9, 43).
cost(14, 10, 52).
cost(14, 11, 41).
cost(14, 12, 51).
cost(14, 13, 14).
cost(14, 15, 9).
cost(14, 16, 83).
cost(14, 17, 84).
cost(14, 18, 76).
cost(15, 1, 92).
cost(15, 2, 89).
cost(15, 3, 88).
cost(15, 4, 61).
cost(15, 5, 50).
cost(15, 6, 38).
cost(15, 7, 60).
cost(15, 8, 61).
cost(15, 9, 48).
cost(15, 10, 61).
cost(15, 11, 50).
cost(15, 12, 60).
cost(15, 13, 17).
cost(15, 14, 9).
cost(15, 16, 89).
cost(15, 17, 90).
cost(15, 18, 82).
cost(16, 1, 42).
cost(16, 2, 56).
cost(16, 3, 42).
cost(16, 4, 43).
cost(16, 5, 47).
cost(16, 6, 53).
cost(16, 7, 50).
cost(16, 8, 49).
cost(16, 9, 46).
cost(16, 10, 59).
cost(16, 11, 69).
cost(16, 12, 68).
cost(16, 13, 74).
cost(16, 14, 83).
cost(16, 15, 89).
cost(16, 17, 2).
cost(16, 18, 11).
cost(17, 1, 43).
cost(17, 2, 58).
cost(17, 3, 43).
cost(17, 4, 43).
cost(17, 5, 47).
cost(17, 6, 54).
cost(17, 7, 50).
cost(17, 8, 49).
cost(17, 9, 46).
cost(17, 10, 60).
cost(17, 11, 70).
cost(17, 12, 70).
cost(17, 13, 75).
cost(17, 14, 84).
cost(17, 15, 90).
cost(17, 16, 2).
cost(17, 18, 11).
cost(18, 1, 49).
cost(18, 2, 62).
cost(18, 3, 48).
cost(18, 4, 32).
cost(18, 5, 37).
cost(18, 6, 45).
cost(18, 7, 39).
cost(18, 8, 38).
cost(18, 9, 37).
cost(18, 10, 59).
cost(18, 11, 68).
cost(18, 12, 69).
cost(18, 13, 66).
cost(18, 14, 76).
cost(18, 15, 82).
cost(18, 16, 11).
cost(18, 17, 11).
