dimension(18).
point(1, 10.3328282698, 81.2079015013).
point(2, 2.460040732, 72.0803504069).
point(3, 11.3667001462, 79.316539397).
point(4, 29.6376857082, 10.383556158).
point(5, 26.6166138807, 21.4174401235).
point(6, 32.0101227343, 26.0506145802).
point(7, 96.2823187296, 39.7971341249).
point(8, 94.7725168515, 42.3877234577).
point(9, 98.0484030474, 34.6431482513).
point(10, 83.5918972903, 37.3350604403).
point(11, 85.5044969624, 46.5912643015).
point(12, 92.8021888471, 38.2383240764).
point(13, 59.2910876238, 1.0661834561).
point(14, 63.4150435555, 1.1826867149).
point(15, 59.3169755725, 13.4007306935).
point(16, 43.6267235027, 84.4245085928).
point(17, 49.8583621171, 95.7598977177).
point(18, 53.4704618369, 96.1870657843).
cost(1, 2, 12).
cost(1, 3, 2).
cost(1, 4, 73).
cost(1, 5, 62).
cost(1, 6, 59).
cost(1, 7, 95).
cost(1, 8, 93).
cost(1, 9, 99).
cost(1, 10, 85).
cost(1, 11, 83).
cost(1, 12, 93).
cost(1, 13, 94).
cost(1, 14, 96).
cost(1, 15, 84).
cost(1, 16, 33).
cost(1, 17, 42).
cost(1, 18, 46).
cost(2, 1, 12).
cost(2, 3, 11).
cost(2, 4, 67).
cost(2, 5, 56).
cost(2, 6, 55).
cost(2, 7, 99).
cost(2, 8, 97).
cost(2, 9, 103).
cost(2, 10, 88).
cost(2, 11, 87).
cost(2, 12, 96).
cost(2, 13, 91).
cost(2, 14, 93).
cost(2, 15, 82).
cost(2, 16, 43).
cost(2, 17, 53).
cost(2, 18, 56).
cost(3, 1, 2).
cost(3, 2, 11).
cost(3, 4, 71).
cost(3, 5, 60).
cost(3, 6, 57).
cost(3, 7, 94).
cost(3, 8, 91).
cost(3, 9, 98).
cost(3, 10, 84).
cost(3, 11, 81).
cost(3, 12, 91).
cost(3, 13, 92).
cost(3, 14, 94).
cost(3, 15, 82).
cost(3, 16, 33).
cost(3, 17, 42).
cost(3, 18, 45).
cost(4, 1, 73).
cost(4, 2, 67).
cost(4, 3, 71).
cost(4, 5, 11).
cost(4, 6, 16).
cost(4, 7, 73).
cost(4, 8, 73).
cost(4, 9, 73).
cost(4, 10, 60).
cost(4, 11, 67).
cost(4, 12, 69).
cost(4, 13, 31).
cost(4, 14, 35).
cost(4, 15, 30).
cost(4, 16, 75).
cost(4, 17, 88).
cost(4, 18, 89).
cost(5, 1, 62).
cost(5, 2, 56).
cost(5, 3, 60).
cost(5, 4, 11).
cost(5, 6, 7).
cost(5, 7, 72).
cost(5, 8, 71).
cost(5, 9, 73).
cost(5, 10, 59).
cost(5, 11, 64).
cost(5, 12, 68).
cost(5, 13, 38).
cost(5, 14, 42).
cost(5, 15, 34).
cost(5, 16, 65).
cost(5, 17, 78).
cost(5, 18, 79).
cost(6, 1, 59).
cost(6, 2, 55).
cost(6, 3, 57).
cost(6, 4, 16).
cost(6, 5, 7).
cost(6, 7, 66).
cost(6, 8, 65).
cost(6, 9, 67).
cost(6, 10, 53).
cost(6, 11, 57).
cost(6, 12, 62).
cost(6, 13, 37).
cost(6, 14, 40).
cost(6, 15, 30).
cost(6, 16, 60).
cost(6, 17, 72).
cost(6, 18, 73).
cost(7, 1, 95).
cost(7, 2, 99).
cost(7, 3, 94).
cost(7, 4, 73).
cost(7, 5, 72).
cost(7, 6, 66).
cost(7, 8, 3).
cost(7, 9, 5).
cost(7, 10, 13).
cost(7, 11, 13).
cost(7, 12, 4).
cost(7, 13, 54).
cost(7, 14, 51).
cost(7, 15, 45).
cost(7, 16, 69).
cost(7, 17, 73).
cost(7, 18, 71).
cost(8, 1, 93).
cost(8, 2, 97).
cost(8, 3, 91).
cost(8, 4, 73).
cost(8, 5, 71).
cost(8, 6, 65).
cost(8, 7, 3).
cost(8, 9, 8).
cost(8, 10, 12).
cost(8, 11, 10).
cost(8, 12, 5).
cost(8, 13, 54).
cost(8, 14, 52).
cost(8, 15, 46).
cost(8, 16, 66).
cost(8, 17, 70).
cost(8, 18, 68).
cost(9, 1, 99).
cost(9, 2, 103).
cost(9, 3, 98).
cost(9, 4, 73).
cost(9, 5, 73).
cost(9, 6, 67).
cost(9, 7, 5).
cost(9, 8, 8).
cost(9, 10, 15).
cost(9, 11, 17).
cost(9, 12, 6).
cost(9, 13, 51).
cost(9, 14, 48).
cost(9, 15, 44).
cost(9, 16, 74).
cost(9, 17, 78).
cost(9, 18, 76).
cost(10, 1, 85).
cost(10, 2, 88).
cost(10, 3, 84).
cost(10, 4, 60).
cost(10, 5, 59).
cost(10, 6, 53).
cost(10, 7, 13).
cost(10, 8, 12).
cost(10, 9, 15).
cost(10, 11, 9).
cost(10, 12, 9).
cost(10, 13, 44).
cost(10, 14, 41).
cost(10, 15, 34).
cost(10, 16, 62).
cost(10, 17, 67).
cost(10, 18, 66).
cost(11, 1, 83).
cost(11, 2, 87).
cost(11, 3, 81).
cost(11, 4, 67).
cost(11, 5, 64).
cost(11, 6, 57).
cost(11, 7, 13).
cost(11, 8, 10).
cost(11, 9, 17).
cost(11, 10, 9).
cost(11, 12, 11).
cost(11, 13, 53).
cost(11, 14, 50).
cost(11, 15, 42).
cost(11, 16, 56).
cost(11, 17, 61).
cost(11, 18, 59).
cost(12, 1, 93).
cost(12, 2, 96).
cost(12, 3, 91).
cost(12, 4, 69).
cost(12, 5, 68).
cost(12, 6, 62).
cost(12, 7, 4).
cost(12, 8, 5).
cost(12, 9, 6).
cost(12, 10, 9).
cost(12, 11, 11).
cost(12, 13, 50).
cost(12, 14, 47).
cost(12, 15, 42).
cost(12, 16, 67).
cost(12, 17, 72).
cost(12, 18, 70).
cost(13, 1, 94).
cost(13, 2, 91).
cost(13, 3, 92).
cost(13, 4, 31).
cost(13, 5, 38).
cost(13, 6, 37).
cost(13, 7, 54).
cost(13, 8, 54).
cost(13, 9, 51).
cost(13, 10, 44).
cost(13, 11, 53).
cost(13, 12, 50).
cost(13, 14, 4).
cost(13, 15, 12).
cost(13, 16, 85).
cost(13, 17, 95).
cost(13, 18, 95).
cost(14, 1, 96).
cost(14, 2, 93).
cost(14, 3, 94).
cost(14, 4, 35).
cost(14, 5, 42).
cost(14, 6, 40).
cost(14, 7, 51).
cost(14, 8, 52).
cost(14, 9, 48).
cost(14, 10, 41).
cost(14, 11, 50).
cost(14, 12, 47).
cost(14, 13, 4).
cost(14, 15, 13).
cost(14, 16, 86).
cost(14, 17, 96).
cost(14, 18, 96).
cost(15, 1, 84).
cost(15, 2, 82).
cost(15, 3, 82).
cost(15, 4, 30).
cost(15, 5, 34).
cost(15, 6, 30).
cost(15, 7, 45).
cost(15, 8, 46).
cost(15, 9, 44).
cost(15, 10, 34).
cost(15, 11, 42).
cost(15, 12, 42).
cost(15, 13, 12).
cost(15, 14, 13).
cost(15, 16, 73).
cost(15, 17, 83).
cost(15, 18, 83).
cost(16, 1, 33).
cost(16, 2, 43).
cost(16, 3, 33).
cost(16, 4, 75).
cost(16, 5, 65).
cost(16, 6, 60).
cost(16, 7, 69).
cost(16, 8, 66).
cost(16, 9, 74).
cost(16, 10, 62).
cost(16, 11, 56).
cost(16, 12, 67).
cost(16, 13, 85).
cost(16, 14, 86).
cost(16, 15, 73).
cost(16, 17, 13).
cost(16, 18, 15).
cost(17, 1, 42).
cost(17, 2, 53).
cost(17, 3, 42).
cost(17, 4, 88).
cost(17, 5, 78).
cost(17, 6, 72).
cost(17, 7, 73).
cost(17, 8, 70).
cost(17, 9, 78).
cost(17, 10, 67).
cost(17, 11, 61).
cost(17, 12, 72).
cost(17, 13, 95).
cost(17, 14, 96).
cost(17, 15, 83).
cost(17, 16, 13).
cost(17, 18, 4).
cost(18, 1, 46).
cost(18, 2, 56).
cost(18, 3, 45).
cost(18, 4, 89).
cost(18, 5, 79).
cost(18, 6, 73).
cost(18, 7, 71).
cost(18, 8, 68).
cost(18, 9, 76).
cost(18, 10, 66).
cost(18, 11, 59).
cost(18, 12, 70).
cost(18, 13, 95).
cost(18, 14, 96).
cost(18, 15, 83).
cost(18, 16, 15).
cost(18, 17, 4).
