dimension(18).
point(1, 61.5897078916, 95.4638994534).
point(2, 59.5404956204, 85.3570349414).
point(3, 53.5831378929, 90.390983463).
point(4, 39.6382662822, 29.8823926419).
point(5, 30.4617401018, 38.3085722195).
point(6, 34.0001358297, 28.417222292).
point(7, 44.0280338501, 34.7480326147).
point(8, 38.3966136753, 47.3745827744).
point(9, 38.3760937132, 39.0456835782).
point(10, 83.5060902756, 15.3521585815).
point(11, 82.1699483368, 0.5387836827).
point(12, 65.3271407733, 11.3187837476).
point(13, 98.0709288486, 69.7057862528).
point(14, 96.975594412, 73.861799555).
point(15, 84.7294265123, 74.5624248455).
point(16, 6.0732928721, 52.775682383).
point(17, 3.4601588838, 44.178494871).
point(18, 7.337398495, 58.0551825058).
cost(1, 2, 10).
cost(1, 3, 9).
cost(1, 4, 69).
cost(1, 5, 65).
cost(1, 6, 73).
cost(1, 7, 63).
cost(1, 8, 53).
cost(1, 9, 61).
cost(1, 10, 83).
cost(1, 11, 97).
cost(1, 12, 84).
cost(1, 13, 45).
cost(1, 14, 41).
cost(1, 15, 31).
cost(1, 16, 70).
cost(1, 17, 78).
cost(1, 18, 66).
cost(2, 1, 10).
cost(2, 3, 8).
cost(2, 4, 59).
cost(2, 5, 55).
cost(2, 6, 62).
cost(2, 7, 53).
cost(2, 8, 43).
cost(2, 9, 51).
cost(2, 10, 74).
cost(2, 11, 88).
cost(2, 12, 74).
cost(2, 13, 42).
cost(2, 14, 39).
cost(2, 15, 27).
cost(2, 16, 63).
cost(2, 17, 70).
cost(2, 18, 59).
cost(3, 1, 9).
cost(3, 2, 8).
cost(3, 4, 62).
cost(3, 5, 57).
cost(3, 6, 65).
cost(3, 7, 56).
cost(3, 8, 46).
cost(3, 9, 54).
cost(3, 10, 81).
cost(3, 11, 94).
cost(3, 12, 80).
cost(3, 13, 49).
cost(3, 14, 46).
cost(3, 15, 35).
cost(3, 16, 61).
cost(3, 17, 68).
cost(3, 18, 56).
cost(4, 1, 69).
cost(4, 2, 59).
cost(4, 3, 62).
cost(4, 5, 12).
cost(4, 6, 6).
cost(4, 7, 7).
cost(4, 8, 18).
cost(4, 9, 9).
cost(4, 10, 46).
cost(4, 11, 52).
cost(4, 12, 32).
cost(4, 13, 71).
cost(4, 14, 72).
cost(4, 15, 63).
cost(4, 16, 41).
cost(4, 17, 39).
cost(4, 18, 43).
cost(5, 1, 65).
cost(5, 2, 55).
cost(5, 3, 57).
cost(5, 4, 12).
cost(5, 6, 11).
cost(5, 7, 14).
cost(5, 8, 12).
cost(5, 9, 8).
cost(5, 10, 58).
cost(5, 11, 64).
cost(5, 12, 44).
cost(5, 13, 75).
cost(5, 14, 75).
cost(5, 15, 65).
cost(5, 16, 28).
cost(5, 17, 28).
cost(5, 18, 30).
cost(6, 1, 73).
cost(6, 2, 62).
cost(6, 3, 65).
cost(6, 4, 6).
cost(6, 5, 11).
cost(6, 7, 12).
cost(6, 8, 19).
cost(6, 9, 11).
cost(6, 10, 51).
cost(6, 11, 56).
cost(6, 12, 36).
cost(6, 13, 76).
cost(6, 14, 78).
cost(6, 15, 69).
cost(6, 16, 37).
cost(6, 17, 34).
cost(6, 18, 40).
cost(7, 1, 63).
cost(7, 2, 53).
cost(7, 3, 56).
cost(7, 4, 7).
cost(7, 5, 14).
cost(7, 6, 12).
cost(7, 8, 14).
cost(7, 9, 7).
cost(7, 10, 44).
cost(7, 11, 51).
cost(7, 12, 32).
cost(7, 13, 64).
cost(7, 14, 66).
cost(7, 15, 57).
cost(7, 16, 42).
cost(7, 17, 42).
cost(7, 18, 43).
cost(8, 1, 53).
cost(8, 2, 43).
cost(8, 3, 46).
cost(8, 4, 18).
cost(8, 5, 12).
cost(8, 6, 19).
cost(8, 7, 14).
cost(8, 9, 8).
cost(8, 10, 55).
cost(8, 11, 64).
cost(8, 12, 45).
cost(8, 13, 64).
cost(8, 14, 64).
cost(8, 15, 54).
cost(8, 16, 33).
cost(8, 17, 35).
cost(8, 18, 33).
cost(9, 1, 61).
cost(9, 2, 51).
cost(9, 3, 54).
cost(9, 4, 9).
cost(9, 5, 8).
cost(9, 6, 11).
cost(9, 7, 7).
cost(9, 8, 8).
cost(9, 10, 51).
cost(9, 11, 58).
cost(9, 12, 39).
cost(9, 13, 67).
cost(9, 14, 68).
cost(9, 15, 58).
cost(9, 16, 35).
cost(9, 17, 35).
cost(9, 18, 36).
cost(10, 1, 83).
cost(10, 2, 74).
cost(10, 3, 81).
cost(10, 4, 46).
cost(10, 5, 58).
cost(10, 6, 51).
cost(10, 7, 44).
cost(10, 8, 55).
cost(10, 9, 51).
cost(10, 11, 15).
cost(10, 12, 19).
cost(10, 13, 56).
cost(10, 14, 60).
cost(10, 15, 59).
cost(10, 16, 86).
cost(10, 17, 85).
cost(10, 18, 87).
cost(11, 1, 97).
cost(11, 2, 88).
cost(11, 3, 94).
cost(11, 4, 52).
cost(11, 5, 64).
cost(11, 6, 56).
cost(11, 7, 51).
cost(11, 8, 64).
cost(11, 9, 58).
cost(11, 10, 15).
cost(11, 12, 20).
cost(11, 13, 71).
cost(11, 14, 75).
cost(11, 15, 74).
cost(11, 16, 92).
cost(11, 17, 90).
cost(11, 18, 94).
cost(12, 1, 84).
cost(12, 2, 74).
cost(12, 3, 80).
cost(12, 4, 32).
cost(12, 5, 44).
cost(12, 6, 36).
cost(12, 7, 32).
cost(12, 8, 45).
cost(12, 9, 39).
cost(12, 10, 19).
cost(12, 11, 20).
cost(12, 13, 67).
cost(12, 14, 70).
cost(12, 15, 66).
cost(12, 16, 72).
cost(12, 17, 70).
cost(12, 18, 74).
cost(13, 1, 45).
cost(13, 2, 42).
cost(13, 3, 49).
cost(13, 4, 71).
cost(13, 5, 75).
cost(13, 6, 76).
cost(13, 7, 64).
cost(13, 8, 64).
cost(13, 9, 67).
cost(13, 10, 56).
cost(13, 11, 71).
cost(13, 12, 67).
cost(13, 14, 4).
cost(13, 15, 14).
cost(13, 16, 94).
cost(13, 17, 98).
cost(13, 18, 91).
cost(14, 1, 41).
cost(14, 2, 39).
cost(14, 3, 46).
cost(14, 4, 72).
cost(14, 5, 75).
cost(14, 6, 78).
cost(14, 7, 66).
cost(14, 8, 64).
cost(14, 9, 68).
cost(14, 10, 60).
cost(14, 11, 75).
cost(14, 12, 70).
cost(14, 13, 4).
cost(14, 15, 12).
cost(14, 16, 93).
cost(14, 17, 98).
cost(14, 18, 91).
cost(15, 1, 31).
cost(15, 2, 27).
cost(15, 3, 35).
cost(15, 4, 63).
cost(15, 5, 65).
cost(15, 6, 69).
cost(15, 7, 57).
cost(15, 8, 54).
cost(15, 9, 58).
cost(15, 10, 59).
cost(15, 11, 74).
cost(15, 12, 66).
cost(15, 13, 14).
cost(15, 14, 12).
cost(15, 16, 82).
cost(15, 17, 87).
cost(15, 18, 79).
cost(16, 1, 70).
cost(16, 2, 63).
cost(16, 3, 61).
cost(16, 4, 41).
cost(16, 5, 28).
cost(16, 6, 37).
cost(16, 7, 42).
cost(16, 8, 33).
cost(16, 9, 35).
cost(16, 10, 86).
cost(16, 11, 92).
cost(16, 12, 72).
cost(16, 13, 94).
cost(16, 14, 93).
cost(16, 15, 82).
cost(16, 17, 9).
cost(16, 18, 5).
cost(17, 1, 78).
cost(17, 2, 70).
cost(17, 3, 68).
cost(17, 4, 39).
cost(17, 5, 28).
cost(17, 6, 34).
cost(17, 7, 42).
cost(17, 8, 35).
cost(17, 9, 35).
cost(17, 10, 85).
cost(17, 11, 90).
cost(17, 12, 70).
cost(17, 13, 98).
cost(17, 14, 98).
cost(17, 15, 87).
cost(17, 16, 9).
cost(17, 18, 14).
cost(18, 1, 66).
cost(18, 2, 59).
cost(18, 3, 56).
cost(18, 4, 43).
cost(18, 5, 30).
cost(18, 6, 40).
cost(18, 7, 43).
cost(18, 8, 33).
cost(18, 9, 36).
cost(18, 10, 87).
cost(18, 11, 94).
cost(18, 12, 74).
cost(18, 13, 91).
cost(18, 14, 91).
cost(18, 15, 79).
cost(18, 16, 5).
cost(18, 17, 14).
