dimension(18).
point(1, 14.6917337913, 90.4893075515).
point(2, 20.0433265908, 85.3499219037).
point(3, 18.0916290934, 95.5516885355).
point(4, 1.0273543264, 34.6386286491).
point(5, 7.2550140179, 35.002218917).
point(6, 2.9546562457, 22.1297504543).
point(7, 3.933008533, 22.5678290341).
point(8, 2.137356724, 34.016088695).
point(9, 10.3104325291, 39.776538664).
point(10, 81.8123147876, 38.3478424887).
point(11, 90.3419519735, 44.2297597067).
point(12, 91.8780305535, 39.4656647755).
point(13, 63.6630176898, 7.2477243606).
point(14, 70.2376851378, 14.922678113).
point(15, 66.8709277921, 11.9174608782).
point(16, 43.219065581, 65.4694808154).
point(17, 48.7778230765, 61.6677964119).
point(18, 40.2639900693, 64.9154900601).
cost(1, 2, 7).
cost(1, 3, 6).
cost(1, 4, 57).
cost(1, 5, 56).
cost(1, 6, 69).
cost(1, 7, 69).
cost(1, 8, 58).
cost(1, 9, 51).
cost(1, 10, 85).
cost(1, 11, 89).
cost(1, 12, 93).
cost(1, 13, 97).
cost(1, 14, 94).
cost(1, 15, 94).
cost(1, 16, 38).
cost(1, 17, 45).
cost(1, 18, 36).
cost(2, 1, 7).
cost(2, 3, 10).
cost(2, 4, 54).
cost(2, 5, 52).
cost(2, 6, 65).
cost(2, 7, 65).
cost(2, 8, 54).
cost(2, 9, 47).
cost(2, 10, 78).
cost(2, 11, 81).
cost(2, 12, 85).
cost(2, 13, 89).
cost(2, 14, 86).
cost(2, 15, 87).
cost(2, 16, 31).
cost(2, 17, 37).
cost(2, 18, 29).
cost(3, 1, 6).
cost(3, 2, 10).
cost(3, 4, 63).
cost(3, 5, 62).
cost(3, 6, 75).
cost(3, 7, 74).
cost(3, 8, 64).
cost(3, 9, 56).
cost(3, 10, 86).
cost(3, 11, 89).
cost(3, 12, 93).
cost(3, 13, 99).
cost(3, 14, 96).
cost(3, 15, 97).
cost(3, 16, 39).
cost(3, 17, 46).
cost(3, 18, 38).
cost(4, 1, 57).
cost(4, 2, 54).
cost(4, 3, 63).
cost(4, 5, 6).
cost(4, 6, 13).
cost(4, 7, 12).
cost(4, 8, 1).
cost(4, 9, 11).
cost(4, 10, 81).
cost(4, 11, 90).
cost(4, 12, 91).
cost(4, 13, 68).
cost(4, 14, 72).
cost(4, 15, 70).
cost(4, 16, 52).
cost(4, 17, 55).
cost(4, 18, 50).
cost(5, 1, 56).
cost(5, 2, 52).
cost(5, 3, 62).
cost(5, 4, 6).
cost(5, 6, 14).
cost(5, 7, 13).
cost(5, 8, 5).
cost(5, 9, 6).
cost(5, 10, 75).
cost(5, 11, 84).
cost(5, 12, 85).
cost(5, 13, 63).
cost(5, 14, 66).
cost(5, 15, 64).
cost(5, 16, 47).
cost(5, 17, 49).
cost(5, 18, 45).
cost(6, 1, 69).
cost(6, 2, 65).
cost(6, 3, 75).
cost(6, 4, 13).
cost(6, 5, 14).
cost(6, 7, 1).
cost(6, 8, 12).
cost(6, 9, 19).
cost(6, 10, 81).
cost(6, 11, 90).
cost(6, 12, 91).
cost(6, 13, 63).
cost(6, 14, 68).
cost(6, 15, 65).
cost(6, 16, 59).
cost(6, 17, 61).
cost(6, 18, 57).
cost(7, 1, 69).
cost(7, 2, 65).
cost(7, 3, 74).
cost(7, 4, 12).
cost(7, 5, 13).
cost(7, 6, 1).
cost(7, 8, 12).
cost(7, 9, 18).
cost(7, 10, 79).
cost(7, 11, 89).
cost(7, 12, 90).
cost(7, 13, 62).
cost(7, 14, 67).
cost(7, 15, 64).
cost(7, 16, 58).
cost(7, 17, 59).
cost(7, 18, 56).
cost(8, 1, 58).
cost(8, 2, 54).
cost(8, 3, 64).
cost(8, 4, 1).
cost(8, 5, 5).
cost(8, 6, 12).
cost(8, 7, 12).
cost(8, 9, 10).
cost(8, 10, 80).
cost(8, 11, 89).
cost(8, 12, 90).
cost(8, 13, 67).
cost(8, 14, 71).
cost(8, 15, 68).
cost(8, 16, 52).
cost(8, 17, 54).
cost(8, 18, 49).
cost(9, 1, 51).
cost(9, 2, 47).
cost(9, 3, 56).
cost(9, 4, 11).
cost(9, 5, 6).
cost(9, 6, 19).
cost(9, 7, 18).
cost(9, 8, 10).
cost(9, 10, 72).
cost(9, 11, 80).
cost(9, 12, 82).
cost(9, 13, 62).
cost(9, 14, 65).
cost(9, 15, 63).
cost(9, 16, 42).
cost(9, 17, 44).
cost(9, 18, 39).
cost(10, 1, 85).
cost(10, 2, 78).
cost(10, 3, 86).
cost(10, 4, 81).
cost(10, 5, 75).
cost(10, 6, 81).
cost(10, 7, 79).
cost(10, 8, 80).
cost(10, 9, 72).
cost(10, 11, 10).
cost(10, 12, 10).
cost(10, 13, 36).
cost(10, 14, 26).
cost(10, 15, 30).
cost(10, 16, 47).
cost(10, 17, 40).
cost(10, 18, 49).
cost(11, 1, 89).
cost(11, 2, 81).
cost(11, 3, 89).
cost(11, 4, 90).
cost(11, 5, 84).
cost(11, 6, 90).
cost(11, 7, 89).
cost(11, 8, 89).
cost(11, 9, 80).
cost(11, 10, 10).
cost(11, 12, 5).
cost(11, 13, 46).
cost(11, 14, 36).
cost(11, 15, 40).
cost(11, 16, 52).
cost(11, 17, 45).
cost(11, 18, 54).
cost(12, 1, 93).
cost(12, 2, 85).
cost(12, 3, 93).
cost(12, 4, 91).
cost(12, 5, 85).
cost(12, 6, 91).
cost(12, 7, 90).
cost(12, 8, 90).
cost(12, 9, 82).
cost(12, 10, 10).
cost(12, 11, 5).
cost(12, 13, 43).
cost(12, 14, 33).
cost(12, 15, 37).
cost(12, 16, 55).
cost(12, 17, 48).
cost(12, 18, 58).
cost(13, 1, 97).
cost(13, 2, 89).
cost(13, 3, 99).
cost(13, 4, 68).
cost(13, 5, 63).
cost(13, 6, 63).
cost(13, 7, 62).
cost(13, 8, 67).
cost(13, 9, 62).
cost(13, 10, 36).
cost(13, 11, 46).
cost(13, 12, 43).
cost(13, 14, 10).
cost(13, 15, 6).
cost(13, 16, 62).
cost(13, 17, 56).
cost(13, 18, 62).
cost(14, 1, 94).
cost(14, 2, 86).
cost(14, 3, 96).
cost(14, 4, 72).
cost(14, 5, 66).
cost(14, 6, 68).
cost(14, 7, 67).
cost(14, 8, 71).
cost(14, 9, 65).
cost(14, 10, 26).
cost(14, 11, 36).
cost(14, 12, 33).
cost(14, 13, 10).
cost(14, 15, 5).
cost(14, 16, 57).
cost(14, 17, 51).
cost(14, 18, 58).
cost(15, 1, 94).
cost(15, 2, 87).
cost(15, 3, 97).
cost(15, 4, 70).
cost(15, 5, 64).
cost(15, 6, 65).
cost(15, 7, 64).
cost(15, 8, 68).
cost(15, 9, 63).
cost(15, 10, 30).
cost(15, 11, 40).
cost(15, 12, 37).
cost(15, 13, 6).
cost(15, 14, 5).
cost(15, 16, 59).
cost(15, 17, 53).
cost(15, 18, 59).
cost(16, 1, 38).
cost(16, 2, 31).
cost(16, 3, 39).
cost(16, 4, 52).
cost(16, 5, 47).
cost(16, 6, 59).
cost(16, 7, 58).
cost(16, 8, 52).
cost(16, 9, 42).
cost(16, 10, 47).
cost(16, 11, 52).
cost(16, 12, 55).
cost(16, 13, 62).
cost(16, 14, 57).
cost(16, 15, 59).
cost(16, 17, 7).
cost(16, 18, 3).
cost(17, 1, 45).
cost(17, 2, 37).
cost(17, 3, 46).
cost(17, 4, 55).
cost(17, 5, 49).
cost(17, 6, 61).
cost(17, 7, 59).
cost(17, 8, 54).
cost(17, 9, 44).
cost(17, 10, 40).
cost(17, 11, 45).
cost(17, 12, 48).
cost(17, 13, 56).
cost(17, 14, 51).
cost(17, 15, 53).
cost(17, 16, 7).
cost(17, 18, 9).
cost(18, 1, 36).
cost(18, 2, 29).
cost(18, 3, 38).
cost(18, 4, 50).
cost(18, 5, 45).
cost(18, 6, 57).
cost(18, 7, 56).
cost(18, 8, 49).
cost(18, 9, 39).
cost(18, 10, 49).
cost(18, 11, 54).
cost(18, 12, 58).
cost(18, 13, 62).
cost(18, 14, 58).
cost(18, 15, 59).
cost(18, 16, 3).
cost(18, 17, 9).
