dimension(18).
point(1, 20.9439131886, 82.2055712981).
point(2, 30.9672881067, 72.8679872058).
point(3, 15.7715049176, 79.8228412787).
point(4, 98.6856317708, 0.0250572507).
point(5, 99.2252558455, 8.5415477351).
point(6, 97.4797120015, 12.0746168601).
point(7, 92.4081707547, 11.0492943845).
point(8, 94.2914813786, 0.164004861).
point(9, 94.1604488067, 13.9503142976).
point(10, 20.2992561225, 59.6377361103).
point(11, 7.8396397209, 51.9346236337).
point(12, 3.7905863309, 63.1870266574).
point(13, 66.8876503018, 99.7596169573).
point(14, 66.8835530403, 95.9949196853).
point(15, 71.6671180456, 85.8458500977).
point(16, 54.8947607887, 22.4369648082).
point(17, 54.2167371334, 17.8147721295).
point(18, 53.5296873523, 18.0298048881).
cost(1, 2, 14).
cost(1, 3, 6).
cost(1, 4, 113).
cost(1, 5, 107).
cost(1, 6, 104).
cost(1, 7, 101).
cost(1, 8, 110).
cost(1, 9, 100).
cost(1, 10, 23).
cost(1, 11, 33).
cost(1, 12, 26).
cost(1, 13, 49).
cost(1, 14, 48).
cost(1, 15, 51).
cost(1, 16, 69).
cost(1, 17, 72).
cost(1, 18, 72).
cost(2, 1, 14).
cost(2, 3, 17).
cost(2, 4, 99).
cost(2, 5, 94).
cost(2, 6, 90).
cost(2, 7, 87).
cost(2, 8, 96).
cost(2, 9, 86).
cost(2, 10, 17).
cost(2, 11, 31).
cost(2, 12, 29).
cost(2, 13, 45).
cost(2, 14, 43).
cost(2, 15, 43).
cost(2, 16, 56).
cost(2, 17, 60).
cost(2, 18, 59).
cost(3, 1, 6).
cost(3, 2, 17).
cost(3, 4, 115).
cost(3, 5, 110).
cost(3, 6, 106).
cost(3, 7, 103).
cost(3, 8, 112).
cost(3, 9, 102).
cost(3, 10, 21).
cost(3, 11, 29).
cost(3, 12, 21).
cost(3, 13, 55).
cost(3, 14, 54).
cost(3, 15, 56).
cost(3, 16, 69).
cost(3, 17, 73).
cost(3, 18, 72).
cost(4, 1, 113).
cost(4, 2, 99).
cost(4, 3, 115).
cost(4, 5, 9).
cost(4, 6, 12).
cost(4, 7, 13).
cost(4, 8, 4).
cost(4, 9, 15).
cost(4, 10, 98).
cost(4, 11, 105).
cost(4, 12, 114).
cost(4, 13, 105).
cost(4, 14, 101).
cost(4, 15, 90).
cost(4, 16, 49).
cost(4, 17, 48).
cost(4, 18, 49).
cost(5, 1, 107).
cost(5, 2, 94).
cost(5, 3, 110).
cost(5, 4, 9).
cost(5, 6, 4).
cost(5, 7, 7).
cost(5, 8, 10).
cost(5, 9, 7).
cost(5, 10, 94).
cost(5, 11, 101).
cost(5, 12, 110).
cost(5, 13, 97).
cost(5, 14, 93).
cost(5, 15, 82).
cost(5, 16, 46).
cost(5, 17, 46).
cost(5, 18, 47).
cost(6, 1, 104).
cost(6, 2, 90).
cost(6, 3, 106).
cost(6, 4, 12).
cost(6, 5, 4).
cost(6, 7, 5).
cost(6, 8, 12).
cost(6, 9, 4).
cost(6, 10, 91).
cost(6, 11, 98).
cost(6, 12, 107).
cost(6, 13, 93).
cost(6, 14, 89).
cost(6, 15, 78).
cost(6, 16, 44).
cost(6, 17, 44).
cost(6, 18, 44).
cost(7, 1, 101).
cost(7, 2, 87).
cost(7, 3, 103).
cost(7, 4, 13).
cost(7, 5, 7).
cost(7, 6, 5).
cost(7, 8, 11).
cost(7, 9, 3).
cost(7, 10, 87).
cost(7, 11, 94).
cost(7, 12, 103).
cost(7, 13, 92).
cost(7, 14, 89).
cost(7, 15, 78).
cost(7, 16, 39).
cost(7, 17, 39).
cost(7, 18, 40).
cost(8, 1, 110).
cost(8, 2, 96).
cost(8, 3, 112).
cost(8, 4, 4).
cost(8, 5, 10).
cost(8, 6, 12).
cost(8, 7, 11).
cost(8, 9, 14).
cost(8, 10, 95).
cost(8, 11, 101).
cost(8, 12, 110).
cost(8, 13, 103).
cost(8, 14, 100).
cost(8, 15, 89).
cost(8, 16, 45).
cost(8, 17, 44).
cost(8, 18, 45).
cost(9, 1, 100).
cost(9, 2, 86).
cost(9, 3, 102).
cost(9, 4, 15).
cost(9, 5, 7).
cost(9, 6, 4).
cost(9, 7, 3).
cost(9, 8, 14).
cost(9, 10, 87).
cost(9, 11, 94).
cost(9, 12, 103).
cost(9, 13, 90).
cost(9, 14, 86).
cost(9, 15, 75).
cost(9, 16, 40).
cost(9, 17, 40).
cost(9, 18, 41).
cost(10, 1, 23).
cost(10, 2, 17).
cost(10, 3, 21).
cost(10, 4, 98).
cost(10, 5, 94).
cost(10, 6, 91).
cost(10, 7, 87).
cost(10, 8, 95).
cost(10, 9, 87).
cost(10, 11, 15).
cost(10, 12, 17).
cost(10, 13, 61).
cost(10, 14, 59).
cost(10, 15, 58).
cost(10, 16, 51).
cost(10, 17, 54).
cost(10, 18, 53).
cost(11, 1, 33).
cost(11, 2, 31).
cost(11, 3, 29).
cost(11, 4, 105).
cost(11, 5, 101).
cost(11, 6, 98).
cost(11, 7, 94).
cost(11, 8, 101).
cost(11, 9, 94).
cost(11, 10, 15).
cost(11, 12, 12).
cost(11, 13, 76).
cost(11, 14, 74).
cost(11, 15, 72).
cost(11, 16, 56).
cost(11, 17, 58).
cost(11, 18, 57).
cost(12, 1, 26).
cost(12, 2, 29).
cost(12, 3, 21).
cost(12, 4, 114).
cost(12, 5, 110).
cost(12, 6, 107).
cost(12, 7, 103).
cost(12, 8, 110).
cost(12, 9, 103).
cost(12, 10, 17).
cost(12, 11, 12).
cost(12, 13, 73).
cost(12, 14, 71).
cost(12, 15, 72).
cost(12, 16, 65).
cost(12, 17, 68).
cost(12, 18, 67).
cost(13, 1, 49).
cost(13, 2, 45).
cost(13, 3, 55).
cost(13, 4, 105).
cost(13, 5, 97).
cost(13, 6, 93).
cost(13, 7, 92).
cost(13, 8, 103).
cost(13, 9, 90).
cost(13, 10, 61).
cost(13, 11, 76).
cost(13, 12, 73).
cost(13, 14, 4).
cost(13, 15, 15).
cost(13, 16, 78).
cost(13, 17, 83).
cost(13, 18, 83).
cost(14, 1, 48).
cost(14, 2, 43).
cost(14, 3, 54).
cost(14, 4, 101).
cost(14, 5, 93).
cost(14, 6, 89).
cost(14, 7, 89).
cost(14, 8, 100).
cost(14, 9, 86).
cost(14, 10, 59).
cost(14, 11, 74).
cost(14, 12, 71).
cost(14, 13, 4).
cost(14, 15, 11).
cost(14, 16, 75).
cost(14, 17, 79).
cost(14, 18, 79).
cost(15, 1, 51).
cost(15, 2, 43).
cost(15, 3, 56).
cost(15, 4, 90).
cost(15, 5, 82).
cost(15, 6, 78).
cost(15, 7, 78).
cost(15, 8, 89).
cost(15, 9, 75).
cost(15, 10, 58).
cost(15, 11, 72).
cost(15, 12, 72).
cost(15, 13, 15).
cost(15, 14, 11).
cost(15, 16, 66).
cost(15, 17, 70).
cost(15, 18, 70).
cost(16, 1, 69).
cost(16, 2, 56).
cost(16, 3, 69).
cost(16, 4, 49).
cost(16, 5, 46).
cost(16, 6, 44).
cost(16, 7, 39).
cost(16, 8, 45).
cost(16, 9, 40).
cost(16, 10, 51).
cost(16, 11, 56).
cost(16, 12, 65).
cost(16, 13, 78).
cost(16, 14, 75).
cost(16, 15, 66).
cost(16, 17, 5).
cost(16, 18, 5).
cost(17, 1, 72).
cost(17, 2, 60).
cost(17, 3, 73).
cost(17, 4, 48).
cost(17, 5, 46).
cost(17, 6, 44).
cost(17, 7, 39).
cost(17, 8, 44).
cost(17, 9, 40).
cost(17, 10, 54).
cost(17, 11, 58).
cost(17, 12, 68).
cost(17, 13, 83).
cost(17, 14, 79).
cost(17, 15, 70).
cost(17, 16, 5).
cost(17, 18, 1).
cost(18, 1, 72).
cost(18, 2, 59).
cost(18, 3, 72).
cost(18, 4, 49).
cost(18, 5, 47).
cost(18, 6, 44).
cost(18, 7, 40).
cost(18, 8, 45).
cost(18, 9, 41).
cost(18, 10, 53).
cost(18, 11, 57).
cost(18, 12, 67).
cost(18, 13, 83).
cost(18, 14, 79).
cost(18, 15, 70).
cost(18, 16, 5).
cost(18, 17, 1).
