dimension(18).
point(1, 43.5469892846, 19.476081819).
point(2, 56.6998749245, 16.0177475127).
point(3, 38.3697591479, 19.3548039755).
point(4, 20.7371981411, 44.6326423438).
point(5, 23.576509704, 41.0869303283).
point(6, 29.9000941636, 41.4141780556).
point(7, 64.6624692587, 80.6360817978).
point(8, 57.3700228809, 82.8657697621).
point(9, 54.0620681999, 94.9558812354).
point(10, 2.3147065148, 25.4096521946).
point(11, 2.2937011033, 25.1811906131).
point(12, 1.3064171048, 23.5648115458).
point(13, 93.8011977752, 78.9881142432).
point(14, 97.254086639, 69.0286039182).
point(15, 87.6866723549, 65.5124133743).
point(16, 89.7256469611, 76.1866853185).
point(17, 97.3913486966, 57.3176674013).
point(18, 91.3424238788, 86.4150088845).
cost(1, 2, 14).
cost(1, 3, 5).
cost(1, 4, 34).
cost(1, 5, 29).
cost(1, 6, 26).
cost(1, 7, 65).
cost(1, 8, 65).
cost(1, 9, 76).
cost(1, 10, 42).
cost(1, 11, 42).
cost(1, 12, 42).
cost(1, 13, 78).
cost(1, 14, 73).
cost(1, 15, 64).
cost(1, 16, 73).
cost(1, 17, 66).
cost(1, 18, 82).
cost(2, 1, 14).
cost(2, 3, 19).
cost(2, 4, 46).
cost(2, 5, 42).
cost(2, 6, 37).
cost(2, 7, 65).
cost(2, 8, 67).
cost(2, 9, 79).
cost(2, 10, 55).
cost(2, 11, 55).
cost(2, 12, 56).
cost(2, 13, 73).
cost(2, 14, 67).
cost(2, 15, 58).
cost(2, 16, 69).
cost(2, 17, 58).
cost(2, 18, 78).
cost(3, 1, 5).
cost(3, 2, 19).
cost(3, 4, 31).
cost(3, 5, 26).
cost(3, 6, 24).
cost(3, 7, 67).
cost(3, 8, 66).
cost(3, 9, 77).
cost(3, 10, 37).
cost(3, 11, 37).
cost(3, 12, 37).
cost(3, 13, 81).
cost(3, 14, 77).
cost(3, 15, 68).
cost(3, 16, 77).
cost(3, 17, 70).
cost(3, 18, 85).
cost(4, 1, 34).
cost(4, 2, 46).
cost(4, 3, 31).
cost(4, 5, 5).
cost(4, 6, 10).
cost(4, 7, 57).
cost(4, 8, 53).
cost(4, 9, 60).
cost(4, 10, 27).
cost(4, 11, 27).
cost(4, 12, 29).
cost(4, 13, 81).
cost(4, 14, 80).
cost(4, 15, 70).
cost(4, 16, 76).
cost(4, 17, 78).
cost(4, 18, 82).
cost(5, 1, 29).
cost(5, 2, 42).
cost(5, 3, 26).
cost(5, 4, 5).
cost(5, 6, 6).
cost(5, 7, 57).
cost(5, 8, 54).
cost(5, 9, 62).
cost(5, 10, 26).
cost(5, 11, 27).
cost(5, 12, 28).
cost(5, 13, 80).
cost(5, 14, 79).
cost(5, 15, 69).
cost(5, 16, 75).
cost(5, 17, 76).
cost(5, 18, 82).
cost(6, 1, 26).
cost(6, 2, 37).
cost(6, 3, 24).
cost(6, 4, 10).
cost(6, 5, 6).
cost(6, 7, 52).
cost(6, 8, 50).
cost(6, 9, 59).
cost(6, 10, 32).
cost(6, 11, 32).
cost(6, 12, 34).
cost(6, 13, 74).
cost(6, 14, 73).
cost(6, 15, 63).
cost(6, 16, 69).
cost(6, 17, 69).
cost(6, 18, 76).
cost(7, 1, 65).
cost(7, 2, 65).
cost(7, 3, 67).
cost(7, 4, 57).
cost(7, 5, 57).
cost(7, 6, 52).
cost(7, 8, 8).
cost(7, 9, 18).
cost(7, 10, 83).
cost(7, 11, 83).
cost(7, 12, 85).
cost(7, 13, 29).
cost(7, 14, 35).
cost(7, 15, 28).
cost(7, 16, 25).
cost(7, 17, 40).
cost(7, 18, 27).
cost(8, 1, 65).
cost(8, 2, 67).
cost(8, 3, 66).
cost(8, 4, 53).
cost(8, 5, 54).
cost(8, 6, 50).
cost(8, 7, 8).
cost(8, 9, 13).
cost(8, 10, 80).
cost(8, 11, 80).
cost(8, 12, 82).
cost(8, 13, 37).
cost(8, 14, 42).
cost(8, 15, 35).
cost(8, 16, 33).
cost(8, 17, 47).
cost(8, 18, 34).
cost(9, 1, 76).
cost(9, 2, 79).
cost(9, 3, 77).
cost(9, 4, 60).
cost(9, 5, 62).
cost(9, 6, 59).
cost(9, 7, 18).
cost(9, 8, 13).
cost(9, 10, 87).
cost(9, 11, 87).
cost(9, 12, 89).
cost(9, 13, 43).
cost(9, 14, 50).
cost(9, 15, 45).
cost(9, 16, 40).
cost(9, 17, 57).
cost(9, 18, 38).
cost(10, 1, 42).
cost(10, 2, 55).
cost(10, 3, 37).
cost(10, 4, 27).
cost(10, 5, 26).
cost(10, 6, 32).
cost(10, 7, 83).
cost(10, 8, 80).
cost(10, 9, 87).
cost(10, 11, 0).
cost(10, 12, 2).
cost(10, 13, 106).
cost(10, 14, 104).
cost(10, 15, 94).
cost(10, 16, 101).
cost(10, 17, 100).
cost(10, 18, 108).
cost(11, 1, 42).
cost(11, 2, 55).
cost(11, 3, 37).
cost(11, 4, 27).
cost(11, 5, 27).
cost(11, 6, 32).
cost(11, 7, 83).
cost(11, 8, 80).
cost(11, 9, 87).
cost(11, 10, 0).
cost(11, 12, 2).
cost(11, 13, 106).
cost(11, 14, 105).
cost(11, 15, 94).
cost(11, 16, 101).
cost(11, 17, 100).
cost(11, 18, 108).
cost(12, 1, 42).
cost(12, 2, 56).
cost(12, 3, 37).
cost(12, 4, 29).
cost(12, 5, 28).
cost(12, 6, 34).
cost(12, 7, 85).
cost(12, 8, 82).
cost(12, 9, 89).
cost(12, 10, 2).
cost(12, 11, 2).
cost(12, 13, 108).
cost(12, 14, 106).
cost(12, 15, 96).
cost(12, 16, 103).
cost(12, 17, 102).
cost(12, 18, 110).
cost(13, 1, 78).
cost(13, 2, 73).
cost(13, 3, 81).
cost(13, 4, 81).
cost(13, 5, 80).
cost(13, 6, 74).
cost(13, 7, 29).
cost(13, 8, 37).
cost(13, 9, 43).
cost(13, 10, 106).
cost(13, 11, 106).
cost(13, 12, 108).
cost(13, 14, 11).
cost(13, 15, 15).
cost(13, 16, 5).
cost(13, 17, 22).
cost(13, 18, 8).
cost(14, 1, 73).
cost(14, 2, 67).
cost(14, 3, 77).
cost(14, 4, 80).
cost(14, 5, 79).
cost(14, 6, 73).
cost(14, 7, 35).
cost(14, 8, 42).
cost(14, 9, 50).
cost(14, 10, 104).
cost(14, 11, 105).
cost(14, 12, 106).
cost(14, 13, 11).
cost(14, 15, 10).
cost(14, 16, 10).
cost(14, 17, 12).
cost(14, 18, 18).
cost(15, 1, 64).
cost(15, 2, 58).
cost(15, 3, 68).
cost(15, 4, 70).
cost(15, 5, 69).
cost(15, 6, 63).
cost(15, 7, 28).
cost(15, 8, 35).
cost(15, 9, 45).
cost(15, 10, 94).
cost(15, 11, 94).
cost(15, 12, 96).
cost(15, 13, 15).
cost(15, 14, 10).
cost(15, 16, 11).
cost(15, 17, 13).
cost(15, 18, 21).
cost(16, 1, 73).
cost(16, 2, 69).
cost(16, 3, 77).
cost(16, 4, 76).
cost(16, 5, 75).
cost(16, 6, 69).
cost(16, 7, 25).
cost(16, 8, 33).
cost(16, 9, 40).
cost(16, 10, 101).
cost(16, 11, 101).
cost(16, 12, 103).
cost(16, 13, 5).
cost(16, 14, 10).
cost(16, 15, 11).
cost(16, 17, 20).
cost(16, 18, 10).
cost(17, 1, 66).
cost(17, 2, 58).
cost(17, 3, 70).
cost(17, 4, 78).
cost(17, 5, 76).
cost(17, 6, 69).
cost(17, 7, 40).
cost(17, 8, 47).
cost(17, 9, 57).
cost(17, 10, 100).
cost(17, 11, 100).
cost(17, 12, 102).
cost(17, 13, 22).
cost(17, 14, 12).
cost(17, 15, 13).
cost(17, 16, 20).
cost(17, 18, 30).
cost(18, 1, 82).
cost(18, 2, 78).
cost(18, 3, 85).
cost(18, 4, 82).
cost(18, 5, 82).
cost(18, 6, 76).
cost(18, 7, 27).
cost(18, 8, 34).
cost(18, 9, 38).
cost(18, 10, 108).
cost(18, 11, 108).
cost(18, 12, 110).
cost(18, 13, 8).
cost(18, 14, 18).
cost(18, 15, 21).
cost(18, 16, 10).
cost(18, 17, 30).
