dimension(28).
point(1, 11.7974693343, 93.8194991468).
point(2, 2.2267275089, 85.5803662553).
point(3, 12.9043492885, 43.598639477).
point(4, 11.9008292046, 94.906992522).
point(5, 49.5294550991, 44.531222149).
point(6, 7.3272045835, 88.8034852322).
point(7, 52.5863061765, 15.1722943651).
point(8, 27.3831476045, 85.8536869665).
point(9, 66.0328466331, 64.2844915246).
point(10, 87.7228316918, 76.9473385315).
point(11, 7.5617348432, 47.5932416943).
point(12, 1.9850297821, 79.5003608979).
point(13, 80.4022030515, 77.3728673793).
point(14, 17.6271878521, 76.6395275674).
point(15, 49.8820542584, 56.2382971056).
point(16, 51.6469457177, 23.4514054626).
point(17, 48.2018967817, 40.3528751297).
point(18, 83.6609349811, 30.3044269848).
point(19, 22.5875711024, 81.6361505287).
point(20, 54.0706408641, 63.7385790999).
point(21, 77.5834676489, 31.3673360044).
point(22, 1.8768372381, 93.2986890975).
point(23, 16.7076816526, 98.1514149619).
point(24, 8.896821086, 65.5073949102).
point(25, 52.9332442267, 56.1112351564).
point(26, 81.1357396911, 71.3387796766).
point(27, 47.7266920121, 31.9725755501).
point(28, 25.4530878821, 87.3126180171).
cost(1, 2, 13).
cost(1, 3, 50).
cost(1, 4, 1).
cost(1, 5, 62).
cost(1, 6, 7).
cost(1, 7, 89).
cost(1, 8, 18).
cost(1, 9, 62).
cost(1, 10, 78).
cost(1, 11, 46).
cost(1, 12, 17).
cost(1, 13, 71).
cost(1, 14, 18).
cost(1, 15, 54).
cost(1, 16, 81).
cost(1, 17, 65).
cost(1, 18, 96).
cost(1, 19, 16).
cost(1, 20, 52).
cost(1, 21, 91).
cost(1, 22, 10).
cost(1, 23, 7).
cost(1, 24, 28).
cost(1, 25, 56).
cost(1, 26, 73).
cost(1, 27, 72).
cost(1, 28, 15).
cost(2, 1, 13).
cost(2, 3, 43).
cost(2, 4, 13).
cost(2, 5, 63).
cost(2, 6, 6).
cost(2, 7, 87).
cost(2, 8, 25).
cost(2, 9, 67).
cost(2, 10, 86).
cost(2, 11, 38).
cost(2, 12, 6).
cost(2, 13, 79).
cost(2, 14, 18).
cost(2, 15, 56).
cost(2, 16, 79).
cost(2, 17, 64).
cost(2, 18, 98).
cost(2, 19, 21).
cost(2, 20, 56).
cost(2, 21, 93).
cost(2, 22, 8).
cost(2, 23, 19).
cost(2, 24, 21).
cost(2, 25, 59).
cost(2, 26, 80).
cost(2, 27, 70).
cost(2, 28, 23).
cost(3, 1, 50).
cost(3, 2, 43).
cost(3, 4, 51).
cost(3, 5, 37).
cost(3, 6, 46).
cost(3, 7, 49).
cost(3, 8, 45).
cost(3, 9, 57).
cost(3, 10, 82).
cost(3, 11, 7).
cost(3, 12, 38).
cost(3, 13, 75).
cost(3, 14, 33).
cost(3, 15, 39).
cost(3, 16, 44).
cost(3, 17, 35).
cost(3, 18, 72).
cost(3, 19, 39).
cost(3, 20, 46).
cost(3, 21, 66).
cost(3, 22, 51).
cost(3, 23, 55).
cost(3, 24, 22).
cost(3, 25, 42).
cost(3, 26, 74).
cost(3, 27, 37).
cost(3, 28, 45).
cost(4, 1, 1).
cost(4, 2, 13).
cost(4, 3, 51).
cost(4, 5, 63).
cost(4, 6, 8).
cost(4, 7, 90).
cost(4, 8, 18).
cost(4, 9, 62).
cost(4, 10, 78).
cost(4, 11, 48).
cost(4, 12, 18).
cost(4, 13, 71).
cost(4, 14, 19).
cost(4, 15, 54).
cost(4, 16, 82).
cost(4, 17, 66).
cost(4, 18, 97).
cost(4, 19, 17).
cost(4, 20, 52).
cost(4, 21, 91).
cost(4, 22, 10).
cost(4, 23, 6).
cost(4, 24, 30).
cost(4, 25, 56).
cost(4, 26, 73).
cost(4, 27, 72).
cost(4, 28, 16).
cost(5, 1, 62).
cost(5, 2, 63).
cost(5, 3, 37).
cost(5, 4, 63).
cost(5, 6, 61).
cost(5, 7, 30).
cost(5, 8, 47).
cost(5, 9, 26).
cost(5, 10, 50).
cost(5, 11, 42).
cost(5, 12, 59).
cost(5, 13, 45).
cost(5, 14, 45).
cost(5, 15, 12).
cost(5, 16, 21).
cost(5, 17, 4).
cost(5, 18, 37).
cost(5, 19, 46).
cost(5, 20, 20).
cost(5, 21, 31).
cost(5, 22, 68).
cost(5, 23, 63).
cost(5, 24, 46).
cost(5, 25, 12).
cost(5, 26, 41).
cost(5, 27, 13).
cost(5, 28, 49).
cost(6, 1, 7).
cost(6, 2, 6).
cost(6, 3, 46).
cost(6, 4, 8).
cost(6, 5, 61).
cost(6, 7, 86).
cost(6, 8, 20).
cost(6, 9, 64).
cost(6, 10, 81).
cost(6, 11, 41).
cost(6, 12, 11).
cost(6, 13, 74).
cost(6, 14, 16).
cost(6, 15, 54).
cost(6, 16, 79).
cost(6, 17, 63).
cost(6, 18, 96).
cost(6, 19, 17).
cost(6, 20, 53).
cost(6, 21, 91).
cost(6, 22, 7).
cost(6, 23, 13).
cost(6, 24, 23).
cost(6, 25, 56).
cost(6, 26, 76).
cost(6, 27, 70).
cost(6, 28, 18).
cost(7, 1, 89).
cost(7, 2, 87).
cost(7, 3, 49).
cost(7, 4, 90).
cost(7, 5, 30).
cost(7, 6, 86).
cost(7, 8, 75).
cost(7, 9, 51).
cost(7, 10, 71).
cost(7, 11, 55).
cost(7, 12, 82).
cost(7, 13, 68).
cost(7, 14, 71).
cost(7, 15, 41).
cost(7, 16, 8).
cost(7, 17, 26).
cost(7, 18, 35).
cost(7, 19, 73).
cost(7, 20, 49).
cost(7, 21, 30).
cost(7, 22, 93).
cost(7, 23, 90).
cost(7, 24, 67).
cost(7, 25, 41).
cost(7, 26, 63).
cost(7, 27, 17).
cost(7, 28, 77).
cost(8, 1, 18).
cost(8, 2, 25).
cost(8, 3, 45).
cost(8, 4, 18).
cost(8, 5, 47).
cost(8, 6, 20).
cost(8, 7, 75).
cost(8, 9, 44).
cost(8, 10, 61).
cost(8, 11, 43).
cost(8, 12, 26).
cost(8, 13, 54).
cost(8, 14, 13).
cost(8, 15, 37).
cost(8, 16, 67).
cost(8, 17, 50).
cost(8, 18, 79).
cost(8, 19, 6).
cost(8, 20, 35).
cost(8, 21, 74).
cost(8, 22, 27).
cost(8, 23, 16).
cost(8, 24, 27).
cost(8, 25, 39).
cost(8, 26, 56).
cost(8, 27, 58).
cost(8, 28, 2).
cost(9, 1, 62).
cost(9, 2, 67).
cost(9, 3, 57).
cost(9, 4, 62).
cost(9, 5, 26).
cost(9, 6, 64).
cost(9, 7, 51).
cost(9, 8, 44).
cost(9, 10, 25).
cost(9, 11, 61).
cost(9, 12, 66).
cost(9, 13, 19).
cost(9, 14, 50).
cost(9, 15, 18).
cost(9, 16, 43).
cost(9, 17, 30).
cost(9, 18, 38).
cost(9, 19, 47).
cost(9, 20, 12).
cost(9, 21, 35).
cost(9, 22, 70).
cost(9, 23, 60).
cost(9, 24, 57).
cost(9, 25, 15).
cost(9, 26, 17).
cost(9, 27, 37).
cost(9, 28, 47).
cost(10, 1, 78).
cost(10, 2, 86).
cost(10, 3, 82).
cost(10, 4, 78).
cost(10, 5, 50).
cost(10, 6, 81).
cost(10, 7, 71).
cost(10, 8, 61).
cost(10, 9, 25).
cost(10, 11, 85).
cost(10, 12, 86).
cost(10, 13, 7).
cost(10, 14, 70).
cost(10, 15, 43).
cost(10, 16, 65).
cost(10, 17, 54).
cost(10, 18, 47).
cost(10, 19, 65).
cost(10, 20, 36).
cost(10, 21, 47).
cost(10, 22, 87).
cost(10, 23, 74).
cost(10, 24, 80).
cost(10, 25, 41).
cost(10, 26, 9).
cost(10, 27, 60).
cost(10, 28, 63).
cost(11, 1, 46).
cost(11, 2, 38).
cost(11, 3, 7).
cost(11, 4, 48).
cost(11, 5, 42).
cost(11, 6, 41).
cost(11, 7, 55).
cost(11, 8, 43).
cost(11, 9, 61).
cost(11, 10, 85).
cost(11, 12, 32).
cost(11, 13, 79).
cost(11, 14, 31).
cost(11, 15, 43).
cost(11, 16, 50).
cost(11, 17, 41).
cost(11, 18, 78).
cost(11, 19, 37).
cost(11, 20, 49).
cost(11, 21, 72).
cost(11, 22, 46).
cost(11, 23, 51).
cost(11, 24, 18).
cost(11, 25, 46).
cost(11, 26, 77).
cost(11, 27, 43).
cost(11, 28, 44).
cost(12, 1, 17).
cost(12, 2, 6).
cost(12, 3, 38).
cost(12, 4, 18).
cost(12, 5, 59).
cost(12, 6, 11).
cost(12, 7, 82).
cost(12, 8, 26).
cost(12, 9, 66).
cost(12, 10, 86).
cost(12, 11, 32).
cost(12, 13, 78).
cost(12, 14, 16).
cost(12, 15, 53).
cost(12, 16, 75).
cost(12, 17, 61).
cost(12, 18, 95).
cost(12, 19, 21).
cost(12, 20, 54).
cost(12, 21, 90).
cost(12, 22, 14).
cost(12, 23, 24).
cost(12, 24, 16).
cost(12, 25, 56).
cost(12, 26, 80).
cost(12, 27, 66).
cost(12, 28, 25).
cost(13, 1, 71).
cost(13, 2, 79).
cost(13, 3, 75).
cost(13, 4, 71).
cost(13, 5, 45).
cost(13, 6, 74).
cost(13, 7, 68).
cost(13, 8, 54).
cost(13, 9, 19).
cost(13, 10, 7).
cost(13, 11, 79).
cost(13, 12, 78).
cost(13, 14, 63).
cost(13, 15, 37).
cost(13, 16, 61).
cost(13, 17, 49).
cost(13, 18, 47).
cost(13, 19, 58).
cost(13, 20, 30).
cost(13, 21, 46).
cost(13, 22, 80).
cost(13, 23, 67).
cost(13, 24, 72).
cost(13, 25, 35).
cost(13, 26, 6).
cost(13, 27, 56).
cost(13, 28, 56).
cost(14, 1, 18).
cost(14, 2, 18).
cost(14, 3, 33).
cost(14, 4, 19).
cost(14, 5, 45).
cost(14, 6, 16).
cost(14, 7, 71).
cost(14, 8, 13).
cost(14, 9, 50).
cost(14, 10, 70).
cost(14, 11, 31).
cost(14, 12, 16).
cost(14, 13, 63).
cost(14, 15, 38).
cost(14, 16, 63).
cost(14, 17, 47).
cost(14, 18, 81).
cost(14, 19, 7).
cost(14, 20, 39).
cost(14, 21, 75).
cost(14, 22, 23).
cost(14, 23, 22).
cost(14, 24, 14).
cost(14, 25, 41).
cost(14, 26, 64).
cost(14, 27, 54).
cost(14, 28, 13).
cost(15, 1, 54).
cost(15, 2, 56).
cost(15, 3, 39).
cost(15, 4, 54).
cost(15, 5, 12).
cost(15, 6, 54).
cost(15, 7, 41).
cost(15, 8, 37).
cost(15, 9, 18).
cost(15, 10, 43).
cost(15, 11, 43).
cost(15, 12, 53).
cost(15, 13, 37).
cost(15, 14, 38).
cost(15, 16, 33).
cost(15, 17, 16).
cost(15, 18, 43).
cost(15, 19, 37).
cost(15, 20, 9).
cost(15, 21, 37).
cost(15, 22, 61).
cost(15, 23, 53).
cost(15, 24, 42).
cost(15, 25, 3).
cost(15, 26, 35).
cost(15, 27, 24).
cost(15, 28, 40).
cost(16, 1, 81).
cost(16, 2, 79).
cost(16, 3, 44).
cost(16, 4, 82).
cost(16, 5, 21).
cost(16, 6, 79).
cost(16, 7, 8).
cost(16, 8, 67).
cost(16, 9, 43).
cost(16, 10, 65).
cost(16, 11, 50).
cost(16, 12, 75).
cost(16, 13, 61).
cost(16, 14, 63).
cost(16, 15, 33).
cost(16, 17, 17).
cost(16, 18, 33).
cost(16, 19, 65).
cost(16, 20, 40).
cost(16, 21, 27).
cost(16, 22, 86).
cost(16, 23, 82).
cost(16, 24, 60).
cost(16, 25, 33).
cost(16, 26, 56).
cost(16, 27, 9).
cost(16, 28, 69).
cost(17, 1, 65).
cost(17, 2, 64).
cost(17, 3, 35).
cost(17, 4, 66).
cost(17, 5, 4).
cost(17, 6, 63).
cost(17, 7, 26).
cost(17, 8, 50).
cost(17, 9, 30).
cost(17, 10, 54).
cost(17, 11, 41).
cost(17, 12, 61).
cost(17, 13, 49).
cost(17, 14, 47).
cost(17, 15, 16).
cost(17, 16, 17).
cost(17, 18, 37).
cost(17, 19, 49).
cost(17, 20, 24).
cost(17, 21, 31).
cost(17, 22, 70).
cost(17, 23, 66).
cost(17, 24, 47).
cost(17, 25, 16).
cost(17, 26, 45).
cost(17, 27, 8).
cost(17, 28, 52).
cost(18, 1, 96).
cost(18, 2, 98).
cost(18, 3, 72).
cost(18, 4, 97).
cost(18, 5, 37).
cost(18, 6, 96).
cost(18, 7, 35).
cost(18, 8, 79).
cost(18, 9, 38).
cost(18, 10, 47).
cost(18, 11, 78).
cost(18, 12, 95).
cost(18, 13, 47).
cost(18, 14, 81).
cost(18, 15, 43).
cost(18, 16, 33).
cost(18, 17, 37).
cost(18, 19, 80).
cost(18, 20, 45).
cost(18, 21, 6).
cost(18, 22, 103).
cost(18, 23, 95).
cost(18, 24, 83).
cost(18, 25, 40).
cost(18, 26, 41).
cost(18, 27, 36).
cost(18, 28, 81).
cost(19, 1, 16).
cost(19, 2, 21).
cost(19, 3, 39).
cost(19, 4, 17).
cost(19, 5, 46).
cost(19, 6, 17).
cost(19, 7, 73).
cost(19, 8, 6).
cost(19, 9, 47).
cost(19, 10, 65).
cost(19, 11, 37).
cost(19, 12, 21).
cost(19, 13, 58).
cost(19, 14, 7).
cost(19, 15, 37).
cost(19, 16, 65).
cost(19, 17, 49).
cost(19, 18, 80).
cost(19, 20, 36).
cost(19, 21, 75).
cost(19, 22, 24).
cost(19, 23, 18).
cost(19, 24, 21).
cost(19, 25, 40).
cost(19, 26, 59).
cost(19, 27, 56).
cost(19, 28, 6).
cost(20, 1, 52).
cost(20, 2, 56).
cost(20, 3, 46).
cost(20, 4, 52).
cost(20, 5, 20).
cost(20, 6, 53).
cost(20, 7, 49).
cost(20, 8, 35).
cost(20, 9, 12).
cost(20, 10, 36).
cost(20, 11, 49).
cost(20, 12, 54).
cost(20, 13, 30).
cost(20, 14, 39).
cost(20, 15, 9).
cost(20, 16, 40).
cost(20, 17, 24).
cost(20, 18, 45).
cost(20, 19, 36).
cost(20, 21, 40).
cost(20, 22, 60).
cost(20, 23, 51).
cost(20, 24, 45).
cost(20, 25, 8).
cost(20, 26, 28).
cost(20, 27, 32).
cost(20, 28, 37).
cost(21, 1, 91).
cost(21, 2, 93).
cost(21, 3, 66).
cost(21, 4, 91).
cost(21, 5, 31).
cost(21, 6, 91).
cost(21, 7, 30).
cost(21, 8, 74).
cost(21, 9, 35).
cost(21, 10, 47).
cost(21, 11, 72).
cost(21, 12, 90).
cost(21, 13, 46).
cost(21, 14, 75).
cost(21, 15, 37).
cost(21, 16, 27).
cost(21, 17, 31).
cost(21, 18, 6).
cost(21, 19, 75).
cost(21, 20, 40).
cost(21, 22, 98).
cost(21, 23, 90).
cost(21, 24, 77).
cost(21, 25, 35).
cost(21, 26, 40).
cost(21, 27, 30).
cost(21, 28, 76).
cost(22, 1, 10).
cost(22, 2, 8).
cost(22, 3, 51).
cost(22, 4, 10).
cost(22, 5, 68).
cost(22, 6, 7).
cost(22, 7, 93).
cost(22, 8, 27).
cost(22, 9, 70).
cost(22, 10, 87).
cost(22, 11, 46).
cost(22, 12, 14).
cost(22, 13, 80).
cost(22, 14, 23).
cost(22, 15, 61).
cost(22, 16, 86).
cost(22, 17, 70).
cost(22, 18, 103).
cost(22, 19, 24).
cost(22, 20, 60).
cost(22, 21, 98).
cost(22, 23, 16).
cost(22, 24, 29).
cost(22, 25, 63).
cost(22, 26, 82).
cost(22, 27, 77).
cost(22, 28, 24).
cost(23, 1, 7).
cost(23, 2, 19).
cost(23, 3, 55).
cost(23, 4, 6).
cost(23, 5, 63).
cost(23, 6, 13).
cost(23, 7, 90).
cost(23, 8, 16).
cost(23, 9, 60).
cost(23, 10, 74).
cost(23, 11, 51).
cost(23, 12, 24).
cost(23, 13, 67).
cost(23, 14, 22).
cost(23, 15, 53).
cost(23, 16, 82).
cost(23, 17, 66).
cost(23, 18, 95).
cost(23, 19, 18).
cost(23, 20, 51).
cost(23, 21, 90).
cost(23, 22, 16).
cost(23, 24, 34).
cost(23, 25, 55).
cost(23, 26, 70).
cost(23, 27, 73).
cost(23, 28, 14).
cost(24, 1, 28).
cost(24, 2, 21).
cost(24, 3, 22).
cost(24, 4, 30).
cost(24, 5, 46).
cost(24, 6, 23).
cost(24, 7, 67).
cost(24, 8, 27).
cost(24, 9, 57).
cost(24, 10, 80).
cost(24, 11, 18).
cost(24, 12, 16).
cost(24, 13, 72).
cost(24, 14, 14).
cost(24, 15, 42).
cost(24, 16, 60).
cost(24, 17, 47).
cost(24, 18, 83).
cost(24, 19, 21).
cost(24, 20, 45).
cost(24, 21, 77).
cost(24, 22, 29).
cost(24, 23, 34).
cost(24, 25, 45).
cost(24, 26, 72).
cost(24, 27, 51).
cost(24, 28, 27).
cost(25, 1, 56).
cost(25, 2, 59).
cost(25, 3, 42).
cost(25, 4, 56).
cost(25, 5, 12).
cost(25, 6, 56).
cost(25, 7, 41).
cost(25, 8, 39).
cost(25, 9, 15).
cost(25, 10, 41).
cost(25, 11, 46).
cost(25, 12, 56).
cost(25, 13, 35).
cost(25, 14, 41).
cost(25, 15, 3).
cost(25, 16, 33).
cost(25, 17, 16).
cost(25, 18, 40).
cost(25, 19, 40).
cost(25, 20, 8).
cost(25, 21, 35).
cost(25, 22, 63).
cost(25, 23, 55).
cost(25, 24, 45).
cost(25, 26, 32).
cost(25, 27, 25).
cost(25, 28, 42).
cost(26, 1, 73).
cost(26, 2, 80).
cost(26, 3, 74).
cost(26, 4, 73).
cost(26, 5, 41).
cost(26, 6, 76).
cost(26, 7, 63).
cost(26, 8, 56).
cost(26, 9, 17).
cost(26, 10, 9).
cost(26, 11, 77).
cost(26, 12, 80).
cost(26, 13, 6).
cost(26, 14, 64).
cost(26, 15, 35).
cost(26, 16, 56).
cost(26, 17, 45).
cost(26, 18, 41).
cost(26, 19, 59).
cost(26, 20, 28).
cost(26, 21, 40).
cost(26, 22, 82).
cost(26, 23, 70).
cost(26, 24, 72).
cost(26, 25, 32).
cost(26, 27, 52).
cost(26, 28, 58).
cost(27, 1, 72).
cost(27, 2, 70).
cost(27, 3, 37).
cost(27, 4, 72).
cost(27, 5, 13).
cost(27, 6, 70).
cost(27, 7, 17).
cost(27, 8, 58).
cost(27, 9, 37).
cost(27, 10, 60).
cost(27, 11, 43).
cost(27, 12, 66).
cost(27, 13, 56).
cost(27, 14, 54).
cost(27, 15, 24).
cost(27, 16, 9).
cost(27, 17, 8).
cost(27, 18, 36).
cost(27, 19, 56).
cost(27, 20, 32).
cost(27, 21, 30).
cost(27, 22, 77).
cost(27, 23, 73).
cost(27, 24, 51).
cost(27, 25, 25).
cost(27, 26, 52).
cost(27, 28, 60).
cost(28, 1, 15).
cost(28, 2, 23).
cost(28, 3, 45).
cost(28, 4, 16).
cost(28, 5, 49).
cost(28, 6, 18).
cost(28, 7, 77).
cost(28, 8, 2).
cost(28, 9, 47).
cost(28, 10, 63).
cost(28, 11, 44).
cost(28, 12, 25).
cost(28, 13, 56).
cost(28, 14, 13).
cost(28, 15, 40).
cost(28, 16, 69).
cost(28, 17, 52).
cost(28, 18, 81).
cost(28, 19, 6).
cost(28, 20, 37).
cost(28, 21, 76).
cost(28, 22, 24).
cost(28, 23, 14).
cost(28, 24, 27).
cost(28, 25, 42).
cost(28, 26, 58).
cost(28, 27, 60).
