dimension(28).
point(1, 68.7217358948, 76.5496352885).
point(2, 23.5038642685, 34.5615055279).
point(3, 38.4584897577, 3.0722749935).
point(4, 45.7465018057, 84.3791585439).
point(5, 85.9356492576, 76.6123064449).
point(6, 53.3352949982, 89.5802556013).
point(7, 13.4389900487, 44.7901245523).
point(8, 83.6991827731, 59.2023249738).
point(9, 88.3591078682, 58.9698888645).
point(10, 17.2647094478, 52.788517763).
point(11, 51.8673319896, 87.2348490304).
point(12, 43.9506460712, 25.4721346076).
point(13, 15.6927548893, 6.5909936507).
point(14, 46.5962733026, 29.2516699183).
point(15, 43.7135435603, 33.6082852872).
point(16, 25.4368517079, 10.2553555057).
point(17, 84.4490203591, 55.2092448745).
point(18, 71.6555706422, 80.9157109134).
point(19, 74.7143943331, 93.1077663988).
point(20, 6.6511902906, 27.3738630544).
point(21, 63.1467354643, 15.8840571917).
point(22, 82.6165044592, 83.9085841052).
point(23, 64.5980501052, 96.787092785).
point(24, 35.4557291894, 40.200842354).
point(25, 22.5722138573, 58.6287892274).
point(26, 49.0153856456, 26.0922044511).
point(27, 93.7331076571, 91.9386210513).
point(28, 98.2315569496, 67.9864291778).
cost(1, 2, 62).
cost(1, 3, 79).
cost(1, 4, 24).
cost(1, 5, 17).
cost(1, 6, 20).
cost(1, 7, 64).
cost(1, 8, 23).
cost(1, 9, 26).
cost(1, 10, 57).
cost(1, 11, 20).
cost(1, 12, 57).
cost(1, 13, 88).
cost(1, 14, 52).
cost(1, 15, 50).
cost(1, 16, 79).
cost(1, 17, 27).
cost(1, 18, 5).
cost(1, 19, 18).
cost(1, 20, 79).
cost(1, 21, 61).
cost(1, 22, 16).
cost(1, 23, 21).
cost(1, 24, 49).
cost(1, 25, 50).
cost(1, 26, 54).
cost(1, 27, 29).
cost(1, 28, 31).
cost(2, 1, 62).
cost(2, 3, 35).
cost(2, 4, 55).
cost(2, 5, 75).
cost(2, 6, 63).
cost(2, 7, 14).
cost(2, 8, 65).
cost(2, 9, 69).
cost(2, 10, 19).
cost(2, 11, 60).
cost(2, 12, 22).
cost(2, 13, 29).
cost(2, 14, 24).
cost(2, 15, 20).
cost(2, 16, 24).
cost(2, 17, 64).
cost(2, 18, 67).
cost(2, 19, 78).
cost(2, 20, 18).
cost(2, 21, 44).
cost(2, 22, 77).
cost(2, 23, 75).
cost(2, 24, 13).
cost(2, 25, 24).
cost(2, 26, 27).
cost(2, 27, 91).
cost(2, 28, 82).
cost(3, 1, 79).
cost(3, 2, 35).
cost(3, 4, 82).
cost(3, 5, 88).
cost(3, 6, 88).
cost(3, 7, 49).
cost(3, 8, 72).
cost(3, 9, 75).
cost(3, 10, 54).
cost(3, 11, 85).
cost(3, 12, 23).
cost(3, 13, 23).
cost(3, 14, 27).
cost(3, 15, 31).
cost(3, 16, 15).
cost(3, 17, 70).
cost(3, 18, 85).
cost(3, 19, 97).
cost(3, 20, 40).
cost(3, 21, 28).
cost(3, 22, 92).
cost(3, 23, 97).
cost(3, 24, 37).
cost(3, 25, 58).
cost(3, 26, 25).
cost(3, 27, 105).
cost(3, 28, 88).
cost(4, 1, 24).
cost(4, 2, 55).
cost(4, 3, 82).
cost(4, 5, 41).
cost(4, 6, 9).
cost(4, 7, 51).
cost(4, 8, 46).
cost(4, 9, 50).
cost(4, 10, 43).
cost(4, 11, 7).
cost(4, 12, 59).
cost(4, 13, 83).
cost(4, 14, 55).
cost(4, 15, 51).
cost(4, 16, 77).
cost(4, 17, 48).
cost(4, 18, 26).
cost(4, 19, 30).
cost(4, 20, 69).
cost(4, 21, 71).
cost(4, 22, 37).
cost(4, 23, 23).
cost(4, 24, 45).
cost(4, 25, 35).
cost(4, 26, 58).
cost(4, 27, 49).
cost(4, 28, 55).
cost(5, 1, 17).
cost(5, 2, 75).
cost(5, 3, 88).
cost(5, 4, 41).
cost(5, 6, 35).
cost(5, 7, 79).
cost(5, 8, 18).
cost(5, 9, 18).
cost(5, 10, 73).
cost(5, 11, 36).
cost(5, 12, 66).
cost(5, 13, 99).
cost(5, 14, 62).
cost(5, 15, 60).
cost(5, 16, 90).
cost(5, 17, 21).
cost(5, 18, 15).
cost(5, 19, 20).
cost(5, 20, 93).
cost(5, 21, 65).
cost(5, 22, 8).
cost(5, 23, 29).
cost(5, 24, 62).
cost(5, 25, 66).
cost(5, 26, 63).
cost(5, 27, 17).
cost(5, 28, 15).
cost(6, 1, 20).
cost(6, 2, 63).
cost(6, 3, 88).
cost(6, 4, 9).
cost(6, 5, 35).
cost(6, 7, 60).
cost(6, 8, 43).
cost(6, 9, 47).
cost(6, 10, 52).
cost(6, 11, 3).
cost(6, 12, 65).
cost(6, 13, 91).
cost(6, 14, 61).
cost(6, 15, 57).
cost(6, 16, 84).
cost(6, 17, 46).
cost(6, 18, 20).
cost(6, 19, 22).
cost(6, 20, 78).
cost(6, 21, 74).
cost(6, 22, 30).
cost(6, 23, 13).
cost(6, 24, 53).
cost(6, 25, 44).
cost(6, 26, 64).
cost(6, 27, 40).
cost(6, 28, 50).
cost(7, 1, 64).
cost(7, 2, 14).
cost(7, 3, 49).
cost(7, 4, 51).
cost(7, 5, 79).
cost(7, 6, 60).
cost(7, 8, 72).
cost(7, 9, 76).
cost(7, 10, 9).
cost(7, 11, 57).
cost(7, 12, 36).
cost(7, 13, 38).
cost(7, 14, 37).
cost(7, 15, 32).
cost(7, 16, 37).
cost(7, 17, 72).
cost(7, 18, 69).
cost(7, 19, 78).
cost(7, 20, 19).
cost(7, 21, 58).
cost(7, 22, 79).
cost(7, 23, 73).
cost(7, 24, 22).
cost(7, 25, 17).
cost(7, 26, 40).
cost(7, 27, 93).
cost(7, 28, 88).
cost(8, 1, 23).
cost(8, 2, 65).
cost(8, 3, 72).
cost(8, 4, 46).
cost(8, 5, 18).
cost(8, 6, 43).
cost(8, 7, 72).
cost(8, 9, 5).
cost(8, 10, 67).
cost(8, 11, 42).
cost(8, 12, 52).
cost(8, 13, 86).
cost(8, 14, 48).
cost(8, 15, 47).
cost(8, 16, 76).
cost(8, 17, 4).
cost(8, 18, 25).
cost(8, 19, 35).
cost(8, 20, 83).
cost(8, 21, 48).
cost(8, 22, 25).
cost(8, 23, 42).
cost(8, 24, 52).
cost(8, 25, 61).
cost(8, 26, 48).
cost(8, 27, 34).
cost(8, 28, 17).
cost(9, 1, 26).
cost(9, 2, 69).
cost(9, 3, 75).
cost(9, 4, 50).
cost(9, 5, 18).
cost(9, 6, 47).
cost(9, 7, 76).
cost(9, 8, 5).
cost(9, 10, 71).
cost(9, 11, 46).
cost(9, 12, 56).
cost(9, 13, 90).
cost(9, 14, 51).
cost(9, 15, 51).
cost(9, 16, 80).
cost(9, 17, 5).
cost(9, 18, 28).
cost(9, 19, 37).
cost(9, 20, 88).
cost(9, 21, 50).
cost(9, 22, 26).
cost(9, 23, 45).
cost(9, 24, 56).
cost(9, 25, 66).
cost(9, 26, 51).
cost(9, 27, 33).
cost(9, 28, 13).
cost(10, 1, 57).
cost(10, 2, 19).
cost(10, 3, 54).
cost(10, 4, 43).
cost(10, 5, 73).
cost(10, 6, 52).
cost(10, 7, 9).
cost(10, 8, 67).
cost(10, 9, 71).
cost(10, 11, 49).
cost(10, 12, 38).
cost(10, 13, 46).
cost(10, 14, 38).
cost(10, 15, 33).
cost(10, 16, 43).
cost(10, 17, 67).
cost(10, 18, 61).
cost(10, 19, 70).
cost(10, 20, 28).
cost(10, 21, 59).
cost(10, 22, 72).
cost(10, 23, 65).
cost(10, 24, 22).
cost(10, 25, 8).
cost(10, 26, 41).
cost(10, 27, 86).
cost(10, 28, 82).
cost(11, 1, 20).
cost(11, 2, 60).
cost(11, 3, 85).
cost(11, 4, 7).
cost(11, 5, 36).
cost(11, 6, 3).
cost(11, 7, 57).
cost(11, 8, 42).
cost(11, 9, 46).
cost(11, 10, 49).
cost(11, 12, 62).
cost(11, 13, 88).
cost(11, 14, 58).
cost(11, 15, 54).
cost(11, 16, 81).
cost(11, 17, 46).
cost(11, 18, 21).
cost(11, 19, 24).
cost(11, 20, 75).
cost(11, 21, 72).
cost(11, 22, 31).
cost(11, 23, 16).
cost(11, 24, 50).
cost(11, 25, 41).
cost(11, 26, 61).
cost(11, 27, 42).
cost(11, 28, 50).
cost(12, 1, 57).
cost(12, 2, 22).
cost(12, 3, 23).
cost(12, 4, 59).
cost(12, 5, 66).
cost(12, 6, 65).
cost(12, 7, 36).
cost(12, 8, 52).
cost(12, 9, 56).
cost(12, 10, 38).
cost(12, 11, 62).
cost(12, 13, 34).
cost(12, 14, 5).
cost(12, 15, 8).
cost(12, 16, 24).
cost(12, 17, 50).
cost(12, 18, 62).
cost(12, 19, 74).
cost(12, 20, 37).
cost(12, 21, 21).
cost(12, 22, 70).
cost(12, 23, 74).
cost(12, 24, 17).
cost(12, 25, 39).
cost(12, 26, 5).
cost(12, 27, 83).
cost(12, 28, 69).
cost(13, 1, 88).
cost(13, 2, 29).
cost(13, 3, 23).
cost(13, 4, 83).
cost(13, 5, 99).
cost(13, 6, 91).
cost(13, 7, 38).
cost(13, 8, 86).
cost(13, 9, 90).
cost(13, 10, 46).
cost(13, 11, 88).
cost(13, 12, 34).
cost(13, 14, 38).
cost(13, 15, 39).
cost(13, 16, 10).
cost(13, 17, 84).
cost(13, 18, 93).
cost(13, 19, 105).
cost(13, 20, 23).
cost(13, 21, 48).
cost(13, 22, 102).
cost(13, 23, 103).
cost(13, 24, 39).
cost(13, 25, 52).
cost(13, 26, 39).
cost(13, 27, 116).
cost(13, 28, 103).
cost(14, 1, 52).
cost(14, 2, 24).
cost(14, 3, 27).
cost(14, 4, 55).
cost(14, 5, 62).
cost(14, 6, 61).
cost(14, 7, 37).
cost(14, 8, 48).
cost(14, 9, 51).
cost(14, 10, 38).
cost(14, 11, 58).
cost(14, 12, 5).
cost(14, 13, 38).
cost(14, 15, 5).
cost(14, 16, 28).
cost(14, 17, 46).
cost(14, 18, 57).
cost(14, 19, 70).
cost(14, 20, 40).
cost(14, 21, 21).
cost(14, 22, 65).
cost(14, 23, 70).
cost(14, 24, 16).
cost(14, 25, 38).
cost(14, 26, 4).
cost(14, 27, 78).
cost(14, 28, 65).
cost(15, 1, 50).
cost(15, 2, 20).
cost(15, 3, 31).
cost(15, 4, 51).
cost(15, 5, 60).
cost(15, 6, 57).
cost(15, 7, 32).
cost(15, 8, 47).
cost(15, 9, 51).
cost(15, 10, 33).
cost(15, 11, 54).
cost(15, 12, 8).
cost(15, 13, 39).
cost(15, 14, 5).
cost(15, 16, 30).
cost(15, 17, 46).
cost(15, 18, 55).
cost(15, 19, 67).
cost(15, 20, 38).
cost(15, 21, 26).
cost(15, 22, 64).
cost(15, 23, 67).
cost(15, 24, 11).
cost(15, 25, 33).
cost(15, 26, 9).
cost(15, 27, 77).
cost(15, 28, 64).
cost(16, 1, 79).
cost(16, 2, 24).
cost(16, 3, 15).
cost(16, 4, 77).
cost(16, 5, 90).
cost(16, 6, 84).
cost(16, 7, 37).
cost(16, 8, 76).
cost(16, 9, 80).
cost(16, 10, 43).
cost(16, 11, 81).
cost(16, 12, 24).
cost(16, 13, 10).
cost(16, 14, 28).
cost(16, 15, 30).
cost(16, 17, 74).
cost(16, 18, 84).
cost(16, 19, 96).
cost(16, 20, 25).
cost(16, 21, 38).
cost(16, 22, 93).
cost(16, 23, 95).
cost(16, 24, 32).
cost(16, 25, 48).
cost(16, 26, 28).
cost(16, 27, 106).
cost(16, 28, 93).
cost(17, 1, 27).
cost(17, 2, 64).
cost(17, 3, 70).
cost(17, 4, 48).
cost(17, 5, 21).
cost(17, 6, 46).
cost(17, 7, 72).
cost(17, 8, 4).
cost(17, 9, 5).
cost(17, 10, 67).
cost(17, 11, 46).
cost(17, 12, 50).
cost(17, 13, 84).
cost(17, 14, 46).
cost(17, 15, 46).
cost(17, 16, 74).
cost(17, 18, 29).
cost(17, 19, 39).
cost(17, 20, 83).
cost(17, 21, 45).
cost(17, 22, 29).
cost(17, 23, 46).
cost(17, 24, 51).
cost(17, 25, 62).
cost(17, 26, 46).
cost(17, 27, 38).
cost(17, 28, 19).
cost(18, 1, 5).
cost(18, 2, 67).
cost(18, 3, 85).
cost(18, 4, 26).
cost(18, 5, 15).
cost(18, 6, 20).
cost(18, 7, 69).
cost(18, 8, 25).
cost(18, 9, 28).
cost(18, 10, 61).
cost(18, 11, 21).
cost(18, 12, 62).
cost(18, 13, 93).
cost(18, 14, 57).
cost(18, 15, 55).
cost(18, 16, 84).
cost(18, 17, 29).
cost(18, 19, 13).
cost(18, 20, 84).
cost(18, 21, 66).
cost(18, 22, 11).
cost(18, 23, 17).
cost(18, 24, 54).
cost(18, 25, 54).
cost(18, 26, 59).
cost(18, 27, 25).
cost(18, 28, 30).
cost(19, 1, 18).
cost(19, 2, 78).
cost(19, 3, 97).
cost(19, 4, 30).
cost(19, 5, 20).
cost(19, 6, 22).
cost(19, 7, 78).
cost(19, 8, 35).
cost(19, 9, 37).
cost(19, 10, 70).
cost(19, 11, 24).
cost(19, 12, 74).
cost(19, 13, 105).
cost(19, 14, 70).
cost(19, 15, 67).
cost(19, 16, 96).
cost(19, 17, 39).
cost(19, 18, 13).
cost(19, 20, 95).
cost(19, 21, 78).
cost(19, 22, 12).
cost(19, 23, 11).
cost(19, 24, 66).
cost(19, 25, 63).
cost(19, 26, 72).
cost(19, 27, 19).
cost(19, 28, 34).
cost(20, 1, 79).
cost(20, 2, 18).
cost(20, 3, 40).
cost(20, 4, 69).
cost(20, 5, 93).
cost(20, 6, 78).
cost(20, 7, 19).
cost(20, 8, 83).
cost(20, 9, 88).
cost(20, 10, 28).
cost(20, 11, 75).
cost(20, 12, 37).
cost(20, 13, 23).
cost(20, 14, 40).
cost(20, 15, 38).
cost(20, 16, 25).
cost(20, 17, 83).
cost(20, 18, 84).
cost(20, 19, 95).
cost(20, 21, 58).
cost(20, 22, 95).
cost(20, 23, 90).
cost(20, 24, 32).
cost(20, 25, 35).
cost(20, 26, 42).
cost(20, 27, 108).
cost(20, 28, 100).
cost(21, 1, 61).
cost(21, 2, 44).
cost(21, 3, 28).
cost(21, 4, 71).
cost(21, 5, 65).
cost(21, 6, 74).
cost(21, 7, 58).
cost(21, 8, 48).
cost(21, 9, 50).
cost(21, 10, 59).
cost(21, 11, 72).
cost(21, 12, 21).
cost(21, 13, 48).
cost(21, 14, 21).
cost(21, 15, 26).
cost(21, 16, 38).
cost(21, 17, 45).
cost(21, 18, 66).
cost(21, 19, 78).
cost(21, 20, 58).
cost(21, 22, 71).
cost(21, 23, 81).
cost(21, 24, 37).
cost(21, 25, 59).
cost(21, 26, 17).
cost(21, 27, 82).
cost(21, 28, 63).
cost(22, 1, 16).
cost(22, 2, 77).
cost(22, 3, 92).
cost(22, 4, 37).
cost(22, 5, 8).
cost(22, 6, 30).
cost(22, 7, 79).
cost(22, 8, 25).
cost(22, 9, 26).
cost(22, 10, 72).
cost(22, 11, 31).
cost(22, 12, 70).
cost(22, 13, 102).
cost(22, 14, 65).
cost(22, 15, 64).
cost(22, 16, 93).
cost(22, 17, 29).
cost(22, 18, 11).
cost(22, 19, 12).
cost(22, 20, 95).
cost(22, 21, 71).
cost(22, 23, 22).
cost(22, 24, 64).
cost(22, 25, 65).
cost(22, 26, 67).
cost(22, 27, 14).
cost(22, 28, 22).
cost(23, 1, 21).
cost(23, 2, 75).
cost(23, 3, 97).
cost(23, 4, 23).
cost(23, 5, 29).
cost(23, 6, 13).
cost(23, 7, 73).
cost(23, 8, 42).
cost(23, 9, 45).
cost(23, 10, 65).
cost(23, 11, 16).
cost(23, 12, 74).
cost(23, 13, 103).
cost(23, 14, 70).
cost(23, 15, 67).
cost(23, 16, 95).
cost(23, 17, 46).
cost(23, 18, 17).
cost(23, 19, 11).
cost(23, 20, 90).
cost(23, 21, 81).
cost(23, 22, 22).
cost(23, 24, 64).
cost(23, 25, 57).
cost(23, 26, 72).
cost(23, 27, 30).
cost(23, 28, 44).
cost(24, 1, 49).
cost(24, 2, 13).
cost(24, 3, 37).
cost(24, 4, 45).
cost(24, 5, 62).
cost(24, 6, 53).
cost(24, 7, 22).
cost(24, 8, 52).
cost(24, 9, 56).
cost(24, 10, 22).
cost(24, 11, 50).
cost(24, 12, 17).
cost(24, 13, 39).
cost(24, 14, 16).
cost(24, 15, 11).
cost(24, 16, 32).
cost(24, 17, 51).
cost(24, 18, 54).
cost(24, 19, 66).
cost(24, 20, 32).
cost(24, 21, 37).
cost(24, 22, 64).
cost(24, 23, 64).
cost(24, 25, 22).
cost(24, 26, 20).
cost(24, 27, 78).
cost(24, 28, 69).
cost(25, 1, 50).
cost(25, 2, 24).
cost(25, 3, 58).
cost(25, 4, 35).
cost(25, 5, 66).
cost(25, 6, 44).
cost(25, 7, 17).
cost(25, 8, 61).
cost(25, 9, 66).
cost(25, 10, 8).
cost(25, 11, 41).
cost(25, 12, 39).
cost(25, 13, 52).
cost(25, 14, 38).
cost(25, 15, 33).
cost(25, 16, 48).
cost(25, 17, 62).
cost(25, 18, 54).
cost(25, 19, 63).
cost(25, 20, 35).
cost(25, 21, 59).
cost(25, 22, 65).
cost(25, 23, 57).
cost(25, 24, 22).
cost(25, 26, 42).
cost(25, 27, 79).
cost(25, 28, 76).
cost(26, 1, 54).
cost(26, 2, 27).
cost(26, 3, 25).
cost(26, 4, 58).
cost(26, 5, 63).
cost(26, 6, 64).
cost(26, 7, 40).
cost(26, 8, 48).
cost(26, 9, 51).
cost(26, 10, 41).
cost(26, 11, 61).
cost(26, 12, 5).
cost(26, 13, 39).
cost(26, 14, 4).
cost(26, 15, 9).
cost(26, 16, 28).
cost(26, 17, 46).
cost(26, 18, 59).
cost(26, 19, 72).
cost(26, 20, 42).
cost(26, 21, 17).
cost(26, 22, 67).
cost(26, 23, 72).
cost(26, 24, 20).
cost(26, 25, 42).
cost(26, 27, 80).
cost(26, 28, 65).
cost(27, 1, 29).
cost(27, 2, 91).
cost(27, 3, 105).
cost(27, 4, 49).
cost(27, 5, 17).
cost(27, 6, 40).
cost(27, 7, 93).
cost(27, 8, 34).
cost(27, 9, 33).
cost(27, 10, 86).
cost(27, 11, 42).
cost(27, 12, 83).
cost(27, 13, 116).
cost(27, 14, 78).
cost(27, 15, 77).
cost(27, 16, 106).
cost(27, 17, 38).
cost(27, 18, 25).
cost(27, 19, 19).
cost(27, 20, 108).
cost(27, 21, 82).
cost(27, 22, 14).
cost(27, 23, 30).
cost(27, 24, 78).
cost(27, 25, 79).
cost(27, 26, 80).
cost(27, 28, 24).
cost(28, 1, 31).
cost(28, 2, 82).
cost(28, 3, 88).
cost(28, 4, 55).
cost(28, 5, 15).
cost(28, 6, 50).
cost(28, 7, 88).
cost(28, 8, 17).
cost(28, 9, 13).
cost(28, 10, 82).
cost(28, 11, 50).
cost(28, 12, 69).
cost(28, 13, 103).
cost(28, 14, 65).
cost(28, 15, 64).
cost(28, 16, 93).
cost(28, 17, 19).
cost(28, 18, 30).
cost(28, 19, 34).
cost(28, 20, 100).
cost(28, 21, 63).
cost(28, 22, 22).
cost(28, 23, 44).
cost(28, 24, 69).
cost(28, 25, 76).
cost(28, 26, 65).
cost(28, 27, 24).
