dimension(28).
point(1, 14.8980541816, 55.2134171618).
point(2, 40.9050300453, 9.0287811172).
point(3, 39.7256898981, 0.7747161094).
point(4, 16.6061587905, 13.5753831221).
point(5, 83.9221496504, 69.3655979425).
point(6, 81.6053514902, 70.2508243158).
point(7, 12.0184845858, 36.7612616053).
point(8, 77.3811855351, 58.3896051807).
point(9, 53.4562195129, 66.6195428174).
point(10, 55.9640754671, 34.9854468695).
point(11, 58.9200424117, 58.6829381736).
point(12, 22.520930212, 13.6997669474).
point(13, 70.6542422308, 76.9303055094).
point(14, 18.519265932, 23.1111883734).
point(15, 35.9310020407, 10.7630854924).
point(16, 78.1518835349, 29.2987693666).
point(17, 83.491633266, 77.7409818985).
point(18, 22.1564701112, 48.3077872852).
point(19, 53.0841257004, 75.3992405463).
point(20, 6.3844261293, 27.1106287762).
point(21, 65.6858307356, 48.3833281923).
point(22, 49.2219983528, 64.8726512438).
point(23, 48.5811632397, 2.6953150138).
point(24, 12.9925302034, 1.5536872624).
point(25, 30.7484317107, 46.00267434).
point(26, 55.3248269768, 76.8183097671).
point(27, 13.7899717863, 17.3070708143).
point(28, 49.275077591, 62.0969556684).
cost(1, 2, 53).
cost(1, 3, 60).
cost(1, 4, 42).
cost(1, 5, 70).
cost(1, 6, 68).
cost(1, 7, 19).
cost(1, 8, 63).
cost(1, 9, 40).
cost(1, 10, 46).
cost(1, 11, 44).
cost(1, 12, 42).
cost(1, 13, 60).
cost(1, 14, 32).
cost(1, 15, 49).
cost(1, 16, 68).
cost(1, 17, 72).
cost(1, 18, 10).
cost(1, 19, 43).
cost(1, 20, 29).
cost(1, 21, 51).
cost(1, 22, 36).
cost(1, 23, 62).
cost(1, 24, 54).
cost(1, 25, 18).
cost(1, 26, 46).
cost(1, 27, 38).
cost(1, 28, 35).
cost(2, 1, 53).
cost(2, 3, 8).
cost(2, 4, 25).
cost(2, 5, 74).
cost(2, 6, 74).
cost(2, 7, 40).
cost(2, 8, 61).
cost(2, 9, 59).
cost(2, 10, 30).
cost(2, 11, 53).
cost(2, 12, 19).
cost(2, 13, 74).
cost(2, 14, 26).
cost(2, 15, 5).
cost(2, 16, 42).
cost(2, 17, 81).
cost(2, 18, 44).
cost(2, 19, 67).
cost(2, 20, 39).
cost(2, 21, 47).
cost(2, 22, 56).
cost(2, 23, 10).
cost(2, 24, 29).
cost(2, 25, 38).
cost(2, 26, 69).
cost(2, 27, 28).
cost(2, 28, 54).
cost(3, 1, 60).
cost(3, 2, 8).
cost(3, 4, 26).
cost(3, 5, 82).
cost(3, 6, 81).
cost(3, 7, 45).
cost(3, 8, 69).
cost(3, 9, 67).
cost(3, 10, 38).
cost(3, 11, 61).
cost(3, 12, 22).
cost(3, 13, 82).
cost(3, 14, 31).
cost(3, 15, 11).
cost(3, 16, 48).
cost(3, 17, 89).
cost(3, 18, 51).
cost(3, 19, 76).
cost(3, 20, 42).
cost(3, 21, 54).
cost(3, 22, 65).
cost(3, 23, 9).
cost(3, 24, 27).
cost(3, 25, 46).
cost(3, 26, 78).
cost(3, 27, 31).
cost(3, 28, 62).
cost(4, 1, 42).
cost(4, 2, 25).
cost(4, 3, 26).
cost(4, 5, 87).
cost(4, 6, 86).
cost(4, 7, 24).
cost(4, 8, 76).
cost(4, 9, 65).
cost(4, 10, 45).
cost(4, 11, 62).
cost(4, 12, 6).
cost(4, 13, 83).
cost(4, 14, 10).
cost(4, 15, 20).
cost(4, 16, 64).
cost(4, 17, 93).
cost(4, 18, 35).
cost(4, 19, 72).
cost(4, 20, 17).
cost(4, 21, 60).
cost(4, 22, 61).
cost(4, 23, 34).
cost(4, 24, 13).
cost(4, 25, 35).
cost(4, 26, 74).
cost(4, 27, 5).
cost(4, 28, 58).
cost(5, 1, 70).
cost(5, 2, 74).
cost(5, 3, 82).
cost(5, 4, 87).
cost(5, 6, 2).
cost(5, 7, 79).
cost(5, 8, 13).
cost(5, 9, 31).
cost(5, 10, 44).
cost(5, 11, 27).
cost(5, 12, 83).
cost(5, 13, 15).
cost(5, 14, 80).
cost(5, 15, 76).
cost(5, 16, 40).
cost(5, 17, 8).
cost(5, 18, 65).
cost(5, 19, 31).
cost(5, 20, 88).
cost(5, 21, 28).
cost(5, 22, 35).
cost(5, 23, 75).
cost(5, 24, 98).
cost(5, 25, 58).
cost(5, 26, 30).
cost(5, 27, 87).
cost(5, 28, 35).
cost(6, 1, 68).
cost(6, 2, 74).
cost(6, 3, 81).
cost(6, 4, 86).
cost(6, 5, 2).
cost(6, 7, 77).
cost(6, 8, 13).
cost(6, 9, 28).
cost(6, 10, 44).
cost(6, 11, 25).
cost(6, 12, 82).
cost(6, 13, 13).
cost(6, 14, 79).
cost(6, 15, 75).
cost(6, 16, 41).
cost(6, 17, 8).
cost(6, 18, 63).
cost(6, 19, 29).
cost(6, 20, 87).
cost(6, 21, 27).
cost(6, 22, 33).
cost(6, 23, 75).
cost(6, 24, 97).
cost(6, 25, 56).
cost(6, 26, 27).
cost(6, 27, 86).
cost(6, 28, 33).
cost(7, 1, 19).
cost(7, 2, 40).
cost(7, 3, 45).
cost(7, 4, 24).
cost(7, 5, 79).
cost(7, 6, 77).
cost(7, 8, 69).
cost(7, 9, 51).
cost(7, 10, 44).
cost(7, 11, 52).
cost(7, 12, 25).
cost(7, 13, 71).
cost(7, 14, 15).
cost(7, 15, 35).
cost(7, 16, 67).
cost(7, 17, 82).
cost(7, 18, 15).
cost(7, 19, 56).
cost(7, 20, 11).
cost(7, 21, 55).
cost(7, 22, 47).
cost(7, 23, 50).
cost(7, 24, 35).
cost(7, 25, 21).
cost(7, 26, 59).
cost(7, 27, 20).
cost(7, 28, 45).
cost(8, 1, 63).
cost(8, 2, 61).
cost(8, 3, 69).
cost(8, 4, 76).
cost(8, 5, 13).
cost(8, 6, 13).
cost(8, 7, 69).
cost(8, 9, 25).
cost(8, 10, 32).
cost(8, 11, 18).
cost(8, 12, 71).
cost(8, 13, 20).
cost(8, 14, 69).
cost(8, 15, 63).
cost(8, 16, 29).
cost(8, 17, 20).
cost(8, 18, 56).
cost(8, 19, 30).
cost(8, 20, 78).
cost(8, 21, 15).
cost(8, 22, 29).
cost(8, 23, 63).
cost(8, 24, 86).
cost(8, 25, 48).
cost(8, 26, 29).
cost(8, 27, 76).
cost(8, 28, 28).
cost(9, 1, 40).
cost(9, 2, 59).
cost(9, 3, 67).
cost(9, 4, 65).
cost(9, 5, 31).
cost(9, 6, 28).
cost(9, 7, 51).
cost(9, 8, 25).
cost(9, 10, 32).
cost(9, 11, 10).
cost(9, 12, 61).
cost(9, 13, 20).
cost(9, 14, 56).
cost(9, 15, 59).
cost(9, 16, 45).
cost(9, 17, 32).
cost(9, 18, 36).
cost(9, 19, 9).
cost(9, 20, 61).
cost(9, 21, 22).
cost(9, 22, 5).
cost(9, 23, 64).
cost(9, 24, 77).
cost(9, 25, 31).
cost(9, 26, 10).
cost(9, 27, 63).
cost(9, 28, 6).
cost(10, 1, 46).
cost(10, 2, 30).
cost(10, 3, 38).
cost(10, 4, 45).
cost(10, 5, 44).
cost(10, 6, 44).
cost(10, 7, 44).
cost(10, 8, 32).
cost(10, 9, 32).
cost(10, 11, 24).
cost(10, 12, 40).
cost(10, 13, 44).
cost(10, 14, 39).
cost(10, 15, 31).
cost(10, 16, 23).
cost(10, 17, 51).
cost(10, 18, 36).
cost(10, 19, 41).
cost(10, 20, 50).
cost(10, 21, 17).
cost(10, 22, 31).
cost(10, 23, 33).
cost(10, 24, 54).
cost(10, 25, 28).
cost(10, 26, 42).
cost(10, 27, 46).
cost(10, 28, 28).
cost(11, 1, 44).
cost(11, 2, 53).
cost(11, 3, 61).
cost(11, 4, 62).
cost(11, 5, 27).
cost(11, 6, 25).
cost(11, 7, 52).
cost(11, 8, 18).
cost(11, 9, 10).
cost(11, 10, 24).
cost(11, 12, 58).
cost(11, 13, 22).
cost(11, 14, 54).
cost(11, 15, 53).
cost(11, 16, 35).
cost(11, 17, 31).
cost(11, 18, 38).
cost(11, 19, 18).
cost(11, 20, 61).
cost(11, 21, 12).
cost(11, 22, 12).
cost(11, 23, 57).
cost(11, 24, 73).
cost(11, 25, 31).
cost(11, 26, 18).
cost(11, 27, 61).
cost(11, 28, 10).
cost(12, 1, 42).
cost(12, 2, 19).
cost(12, 3, 22).
cost(12, 4, 6).
cost(12, 5, 83).
cost(12, 6, 82).
cost(12, 7, 25).
cost(12, 8, 71).
cost(12, 9, 61).
cost(12, 10, 40).
cost(12, 11, 58).
cost(12, 13, 79).
cost(12, 14, 10).
cost(12, 15, 14).
cost(12, 16, 58).
cost(12, 17, 88).
cost(12, 18, 35).
cost(12, 19, 69).
cost(12, 20, 21).
cost(12, 21, 55).
cost(12, 22, 58).
cost(12, 23, 28).
cost(12, 24, 15).
cost(12, 25, 33).
cost(12, 26, 71).
cost(12, 27, 9).
cost(12, 28, 55).
cost(13, 1, 60).
cost(13, 2, 74).
cost(13, 3, 82).
cost(13, 4, 83).
cost(13, 5, 15).
cost(13, 6, 13).
cost(13, 7, 71).
cost(13, 8, 20).
cost(13, 9, 20).
cost(13, 10, 44).
cost(13, 11, 22).
cost(13, 12, 79).
cost(13, 14, 75).
cost(13, 15, 75).
cost(13, 16, 48).
cost(13, 17, 13).
cost(13, 18, 56).
cost(13, 19, 18).
cost(13, 20, 81).
cost(13, 21, 29).
cost(13, 22, 25).
cost(13, 23, 77).
cost(13, 24, 95).
cost(13, 25, 50).
cost(13, 26, 15).
cost(13, 27, 82).
cost(13, 28, 26).
cost(14, 1, 32).
cost(14, 2, 26).
cost(14, 3, 31).
cost(14, 4, 10).
cost(14, 5, 80).
cost(14, 6, 79).
cost(14, 7, 15).
cost(14, 8, 69).
cost(14, 9, 56).
cost(14, 10, 39).
cost(14, 11, 54).
cost(14, 12, 10).
cost(14, 13, 75).
cost(14, 15, 21).
cost(14, 16, 60).
cost(14, 17, 85).
cost(14, 18, 25).
cost(14, 19, 63).
cost(14, 20, 13).
cost(14, 21, 54).
cost(14, 22, 52).
cost(14, 23, 36).
cost(14, 24, 22).
cost(14, 25, 26).
cost(14, 26, 65).
cost(14, 27, 7).
cost(14, 28, 50).
cost(15, 1, 49).
cost(15, 2, 5).
cost(15, 3, 11).
cost(15, 4, 20).
cost(15, 5, 76).
cost(15, 6, 75).
cost(15, 7, 35).
cost(15, 8, 63).
cost(15, 9, 59).
cost(15, 10, 31).
cost(15, 11, 53).
cost(15, 12, 14).
cost(15, 13, 75).
cost(15, 14, 21).
cost(15, 16, 46).
cost(15, 17, 82).
cost(15, 18, 40).
cost(15, 19, 67).
cost(15, 20, 34).
cost(15, 21, 48).
cost(15, 22, 56).
cost(15, 23, 15).
cost(15, 24, 25).
cost(15, 25, 36).
cost(15, 26, 69).
cost(15, 27, 23).
cost(15, 28, 53).
cost(16, 1, 68).
cost(16, 2, 42).
cost(16, 3, 48).
cost(16, 4, 64).
cost(16, 5, 40).
cost(16, 6, 41).
cost(16, 7, 67).
cost(16, 8, 29).
cost(16, 9, 45).
cost(16, 10, 23).
cost(16, 11, 35).
cost(16, 12, 58).
cost(16, 13, 48).
cost(16, 14, 60).
cost(16, 15, 46).
cost(16, 17, 49).
cost(16, 18, 59).
cost(16, 19, 52).
cost(16, 20, 72).
cost(16, 21, 23).
cost(16, 22, 46).
cost(16, 23, 40).
cost(16, 24, 71).
cost(16, 25, 50).
cost(16, 26, 53).
cost(16, 27, 65).
cost(16, 28, 44).
cost(17, 1, 72).
cost(17, 2, 81).
cost(17, 3, 89).
cost(17, 4, 93).
cost(17, 5, 8).
cost(17, 6, 8).
cost(17, 7, 82).
cost(17, 8, 20).
cost(17, 9, 32).
cost(17, 10, 51).
cost(17, 11, 31).
cost(17, 12, 88).
cost(17, 13, 13).
cost(17, 14, 85).
cost(17, 15, 82).
cost(17, 16, 49).
cost(17, 18, 68).
cost(17, 19, 30).
cost(17, 20, 92).
cost(17, 21, 34).
cost(17, 22, 37).
cost(17, 23, 83).
cost(17, 24, 104).
cost(17, 25, 62).
cost(17, 26, 28).
cost(17, 27, 92).
cost(17, 28, 38).
cost(18, 1, 10).
cost(18, 2, 44).
cost(18, 3, 51).
cost(18, 4, 35).
cost(18, 5, 65).
cost(18, 6, 63).
cost(18, 7, 15).
cost(18, 8, 56).
cost(18, 9, 36).
cost(18, 10, 36).
cost(18, 11, 38).
cost(18, 12, 35).
cost(18, 13, 56).
cost(18, 14, 25).
cost(18, 15, 40).
cost(18, 16, 59).
cost(18, 17, 68).
cost(18, 19, 41).
cost(18, 20, 26).
cost(18, 21, 44).
cost(18, 22, 32).
cost(18, 23, 53).
cost(18, 24, 48).
cost(18, 25, 9).
cost(18, 26, 44).
cost(18, 27, 32).
cost(18, 28, 30).
cost(19, 1, 43).
cost(19, 2, 67).
cost(19, 3, 76).
cost(19, 4, 72).
cost(19, 5, 31).
cost(19, 6, 29).
cost(19, 7, 56).
cost(19, 8, 30).
cost(19, 9, 9).
cost(19, 10, 41).
cost(19, 11, 18).
cost(19, 12, 69).
cost(19, 13, 18).
cost(19, 14, 63).
cost(19, 15, 67).
cost(19, 16, 52).
cost(19, 17, 30).
cost(19, 18, 41).
cost(19, 20, 67).
cost(19, 21, 30).
cost(19, 22, 11).
cost(19, 23, 73).
cost(19, 24, 84).
cost(19, 25, 37).
cost(19, 26, 3).
cost(19, 27, 70).
cost(19, 28, 14).
cost(20, 1, 29).
cost(20, 2, 39).
cost(20, 3, 42).
cost(20, 4, 17).
cost(20, 5, 88).
cost(20, 6, 87).
cost(20, 7, 11).
cost(20, 8, 78).
cost(20, 9, 61).
cost(20, 10, 50).
cost(20, 11, 61).
cost(20, 12, 21).
cost(20, 13, 81).
cost(20, 14, 13).
cost(20, 15, 34).
cost(20, 16, 72).
cost(20, 17, 92).
cost(20, 18, 26).
cost(20, 19, 67).
cost(20, 21, 63).
cost(20, 22, 57).
cost(20, 23, 49).
cost(20, 24, 26).
cost(20, 25, 31).
cost(20, 26, 70).
cost(20, 27, 12).
cost(20, 28, 55).
cost(21, 1, 51).
cost(21, 2, 47).
cost(21, 3, 54).
cost(21, 4, 60).
cost(21, 5, 28).
cost(21, 6, 27).
cost(21, 7, 55).
cost(21, 8, 15).
cost(21, 9, 22).
cost(21, 10, 17).
cost(21, 11, 12).
cost(21, 12, 55).
cost(21, 13, 29).
cost(21, 14, 54).
cost(21, 15, 48).
cost(21, 16, 23).
cost(21, 17, 34).
cost(21, 18, 44).
cost(21, 19, 30).
cost(21, 20, 63).
cost(21, 22, 23).
cost(21, 23, 49).
cost(21, 24, 70).
cost(21, 25, 35).
cost(21, 26, 30).
cost(21, 27, 60).
cost(21, 28, 21).
cost(22, 1, 36).
cost(22, 2, 56).
cost(22, 3, 65).
cost(22, 4, 61).
cost(22, 5, 35).
cost(22, 6, 33).
cost(22, 7, 47).
cost(22, 8, 29).
cost(22, 9, 5).
cost(22, 10, 31).
cost(22, 11, 12).
cost(22, 12, 58).
cost(22, 13, 25).
cost(22, 14, 52).
cost(22, 15, 56).
cost(22, 16, 46).
cost(22, 17, 37).
cost(22, 18, 32).
cost(22, 19, 11).
cost(22, 20, 57).
cost(22, 21, 23).
cost(22, 23, 62).
cost(22, 24, 73).
cost(22, 25, 26).
cost(22, 26, 13).
cost(22, 27, 59).
cost(22, 28, 3).
cost(23, 1, 62).
cost(23, 2, 10).
cost(23, 3, 9).
cost(23, 4, 34).
cost(23, 5, 75).
cost(23, 6, 75).
cost(23, 7, 50).
cost(23, 8, 63).
cost(23, 9, 64).
cost(23, 10, 33).
cost(23, 11, 57).
cost(23, 12, 28).
cost(23, 13, 77).
cost(23, 14, 36).
cost(23, 15, 15).
cost(23, 16, 40).
cost(23, 17, 83).
cost(23, 18, 53).
cost(23, 19, 73).
cost(23, 20, 49).
cost(23, 21, 49).
cost(23, 22, 62).
cost(23, 24, 36).
cost(23, 25, 47).
cost(23, 26, 74).
cost(23, 27, 38).
cost(23, 28, 59).
cost(24, 1, 54).
cost(24, 2, 29).
cost(24, 3, 27).
cost(24, 4, 13).
cost(24, 5, 98).
cost(24, 6, 97).
cost(24, 7, 35).
cost(24, 8, 86).
cost(24, 9, 77).
cost(24, 10, 54).
cost(24, 11, 73).
cost(24, 12, 15).
cost(24, 13, 95).
cost(24, 14, 22).
cost(24, 15, 25).
cost(24, 16, 71).
cost(24, 17, 104).
cost(24, 18, 48).
cost(24, 19, 84).
cost(24, 20, 26).
cost(24, 21, 70).
cost(24, 22, 73).
cost(24, 23, 36).
cost(24, 25, 48).
cost(24, 26, 86).
cost(24, 27, 16).
cost(24, 28, 71).
cost(25, 1, 18).
cost(25, 2, 38).
cost(25, 3, 46).
cost(25, 4, 35).
cost(25, 5, 58).
cost(25, 6, 56).
cost(25, 7, 21).
cost(25, 8, 48).
cost(25, 9, 31).
cost(25, 10, 28).
cost(25, 11, 31).
cost(25, 12, 33).
cost(25, 13, 50).
cost(25, 14, 26).
cost(25, 15, 36).
cost(25, 16, 50).
cost(25, 17, 62).
cost(25, 18, 9).
cost(25, 19, 37).
cost(25, 20, 31).
cost(25, 21, 35).
cost(25, 22, 26).
cost(25, 23, 47).
cost(25, 24, 48).
cost(25, 26, 39).
cost(25, 27, 33).
cost(25, 28, 25).
cost(26, 1, 46).
cost(26, 2, 69).
cost(26, 3, 78).
cost(26, 4, 74).
cost(26, 5, 30).
cost(26, 6, 27).
cost(26, 7, 59).
cost(26, 8, 29).
cost(26, 9, 10).
cost(26, 10, 42).
cost(26, 11, 18).
cost(26, 12, 71).
cost(26, 13, 15).
cost(26, 14, 65).
cost(26, 15, 69).
cost(26, 16, 53).
cost(26, 17, 28).
cost(26, 18, 44).
cost(26, 19, 3).
cost(26, 20, 70).
cost(26, 21, 30).
cost(26, 22, 13).
cost(26, 23, 74).
cost(26, 24, 86).
cost(26, 25, 39).
cost(26, 27, 73).
cost(26, 28, 16).
cost(27, 1, 38).
cost(27, 2, 28).
cost(27, 3, 31).
cost(27, 4, 5).
cost(27, 5, 87).
cost(27, 6, 86).
cost(27, 7, 20).
cost(27, 8, 76).
cost(27, 9, 63).
cost(27, 10, 46).
cost(27, 11, 61).
cost(27, 12, 9).
cost(27, 13, 82).
cost(27, 14, 7).
cost(27, 15, 23).
cost(27, 16, 65).
cost(27, 17, 92).
cost(27, 18, 32).
cost(27, 19, 70).
cost(27, 20, 12).
cost(27, 21, 60).
cost(27, 22, 59).
cost(27, 23, 38).
cost(27, 24, 16).
cost(27, 25, 33).
cost(27, 26, 73).
cost(27, 28, 57).
cost(28, 1, 35).
cost(28, 2, 54).
cost(28, 3, 62).
cost(28, 4, 58).
cost(28, 5, 35).
cost(28, 6, 33).
cost(28, 7, 45).
cost(28, 8, 28).
cost(28, 9, 6).
cost(28, 10, 28).
cost(28, 11, 10).
cost(28, 12, 55).
cost(28, 13, 26).
cost(28, 14, 50).
cost(28, 15, 53).
cost(28, 16, 44).
cost(28, 17, 38).
cost(28, 18, 30).
cost(28, 19, 14).
cost(28, 20, 55).
cost(28, 21, 21).
cost(28, 22, 3).
cost(28, 23, 59).
cost(28, 24, 71).
cost(28, 25, 25).
cost(28, 26, 16).
cost(28, 27, 57).
