dimension(28).
point(1, 44.214196907, 27.4189547896).
point(2, 73.9553805867, 75.7984098909).
point(3, 93.3542308223, 44.4365740253).
point(4, 57.9855358101, 21.5231024353).
point(5, 28.4252058244, 41.1910496426).
point(6, 78.9612135582, 17.6274786509).
point(7, 69.201513144, 17.0520121695).
point(8, 80.1510284248, 48.7207107412).
point(9, 95.1490614113, 52.6857696714).
point(10, 24.801608856, 57.9037009757).
point(11, 33.4644708636, 44.4510227877).
point(12, 49.1215766654, 42.8220373587).
point(13, 33.588818439, 76.9081611948).
point(14, 72.6568954615, 31.0282855232).
point(15, 33.4809688751, 72.262328304).
point(16, 30.9605316276, 53.7408286366).
point(17, 42.7994897333, 76.3290372896).
point(18, 88.6017806153, 50.1554946955).
point(19, 53.3123045985, 66.0329882389).
point(20, 90.0453323338, 18.3893208858).
point(21, 91.2175896047, 66.8481062405).
point(22, 74.2913901932, 54.582898395).
point(23, 26.7287084816, 42.4890251993).
point(24, 32.187669572, 55.5819911054).
point(25, 26.0668572009, 78.2025974021).
point(26, 49.5362801027, 79.50561889).
point(27, 45.6963207417, 76.6590442777).
point(28, 94.2907157372, 38.4991638719).
cost(1, 2, 57).
cost(1, 3, 52).
cost(1, 4, 15).
cost(1, 5, 21).
cost(1, 6, 36).
cost(1, 7, 27).
cost(1, 8, 42).
cost(1, 9, 57).
cost(1, 10, 36).
cost(1, 11, 20).
cost(1, 12, 16).
cost(1, 13, 51).
cost(1, 14, 29).
cost(1, 15, 46).
cost(1, 16, 29).
cost(1, 17, 49).
cost(1, 18, 50).
cost(1, 19, 40).
cost(1, 20, 47).
cost(1, 21, 61).
cost(1, 22, 41).
cost(1, 23, 23).
cost(1, 24, 31).
cost(1, 25, 54).
cost(1, 26, 52).
cost(1, 27, 49).
cost(1, 28, 51).
cost(2, 1, 57).
cost(2, 3, 37).
cost(2, 4, 57).
cost(2, 5, 57).
cost(2, 6, 58).
cost(2, 7, 59).
cost(2, 8, 28).
cost(2, 9, 31).
cost(2, 10, 52).
cost(2, 11, 51).
cost(2, 12, 41).
cost(2, 13, 40).
cost(2, 14, 45).
cost(2, 15, 41).
cost(2, 16, 48).
cost(2, 17, 31).
cost(2, 18, 30).
cost(2, 19, 23).
cost(2, 20, 60).
cost(2, 21, 19).
cost(2, 22, 21).
cost(2, 23, 58).
cost(2, 24, 46).
cost(2, 25, 48).
cost(2, 26, 25).
cost(2, 27, 28).
cost(2, 28, 42).
cost(3, 1, 52).
cost(3, 2, 37).
cost(3, 4, 42).
cost(3, 5, 65).
cost(3, 6, 30).
cost(3, 7, 37).
cost(3, 8, 14).
cost(3, 9, 8).
cost(3, 10, 70).
cost(3, 11, 60).
cost(3, 12, 44).
cost(3, 13, 68).
cost(3, 14, 25).
cost(3, 15, 66).
cost(3, 16, 63).
cost(3, 17, 60).
cost(3, 18, 7).
cost(3, 19, 45).
cost(3, 20, 26).
cost(3, 21, 23).
cost(3, 22, 22).
cost(3, 23, 67).
cost(3, 24, 62).
cost(3, 25, 75).
cost(3, 26, 56).
cost(3, 27, 58).
cost(3, 28, 6).
cost(4, 1, 15).
cost(4, 2, 57).
cost(4, 3, 42).
cost(4, 5, 36).
cost(4, 6, 21).
cost(4, 7, 12).
cost(4, 8, 35).
cost(4, 9, 48).
cost(4, 10, 49).
cost(4, 11, 34).
cost(4, 12, 23).
cost(4, 13, 61).
cost(4, 14, 17).
cost(4, 15, 56).
cost(4, 16, 42).
cost(4, 17, 57).
cost(4, 18, 42).
cost(4, 19, 45).
cost(4, 20, 32).
cost(4, 21, 56).
cost(4, 22, 37).
cost(4, 23, 38).
cost(4, 24, 43).
cost(4, 25, 65).
cost(4, 26, 59).
cost(4, 27, 56).
cost(4, 28, 40).
cost(5, 1, 21).
cost(5, 2, 57).
cost(5, 3, 65).
cost(5, 4, 36).
cost(5, 6, 56).
cost(5, 7, 47).
cost(5, 8, 52).
cost(5, 9, 68).
cost(5, 10, 17).
cost(5, 11, 6).
cost(5, 12, 21).
cost(5, 13, 36).
cost(5, 14, 45).
cost(5, 15, 31).
cost(5, 16, 13).
cost(5, 17, 38).
cost(5, 18, 61).
cost(5, 19, 35).
cost(5, 20, 66).
cost(5, 21, 68).
cost(5, 22, 48).
cost(5, 23, 2).
cost(5, 24, 15).
cost(5, 25, 37).
cost(5, 26, 44).
cost(5, 27, 39).
cost(5, 28, 66).
cost(6, 1, 36).
cost(6, 2, 58).
cost(6, 3, 30).
cost(6, 4, 21).
cost(6, 5, 56).
cost(6, 7, 10).
cost(6, 8, 31).
cost(6, 9, 39).
cost(6, 10, 67).
cost(6, 11, 53).
cost(6, 12, 39).
cost(6, 13, 75).
cost(6, 14, 15).
cost(6, 15, 71).
cost(6, 16, 60).
cost(6, 17, 69).
cost(6, 18, 34).
cost(6, 19, 55).
cost(6, 20, 11).
cost(6, 21, 51).
cost(6, 22, 37).
cost(6, 23, 58).
cost(6, 24, 60).
cost(6, 25, 80).
cost(6, 26, 69).
cost(6, 27, 68).
cost(6, 28, 26).
cost(7, 1, 27).
cost(7, 2, 59).
cost(7, 3, 37).
cost(7, 4, 12).
cost(7, 5, 47).
cost(7, 6, 10).
cost(7, 8, 34).
cost(7, 9, 44).
cost(7, 10, 60).
cost(7, 11, 45).
cost(7, 12, 33).
cost(7, 13, 70).
cost(7, 14, 14).
cost(7, 15, 66).
cost(7, 16, 53).
cost(7, 17, 65).
cost(7, 18, 38).
cost(7, 19, 51).
cost(7, 20, 21).
cost(7, 21, 54).
cost(7, 22, 38).
cost(7, 23, 50).
cost(7, 24, 53).
cost(7, 25, 75).
cost(7, 26, 65).
cost(7, 27, 64).
cost(7, 28, 33).
cost(8, 1, 42).
cost(8, 2, 28).
cost(8, 3, 14).
cost(8, 4, 35).
cost(8, 5, 52).
cost(8, 6, 31).
cost(8, 7, 34).
cost(8, 9, 16).
cost(8, 10, 56).
cost(8, 11, 47).
cost(8, 12, 32).
cost(8, 13, 54).
cost(8, 14, 19).
cost(8, 15, 52).
cost(8, 16, 49).
cost(8, 17, 46).
cost(8, 18, 9).
cost(8, 19, 32).
cost(8, 20, 32).
cost(8, 21, 21).
cost(8, 22, 8).
cost(8, 23, 54).
cost(8, 24, 48).
cost(8, 25, 62).
cost(8, 26, 43).
cost(8, 27, 44).
cost(8, 28, 17).
cost(9, 1, 57).
cost(9, 2, 31).
cost(9, 3, 8).
cost(9, 4, 48).
cost(9, 5, 68).
cost(9, 6, 39).
cost(9, 7, 44).
cost(9, 8, 16).
cost(9, 10, 71).
cost(9, 11, 62).
cost(9, 12, 47).
cost(9, 13, 66).
cost(9, 14, 31).
cost(9, 15, 65).
cost(9, 16, 64).
cost(9, 17, 57).
cost(9, 18, 7).
cost(9, 19, 44).
cost(9, 20, 35).
cost(9, 21, 15).
cost(9, 22, 21).
cost(9, 23, 69).
cost(9, 24, 63).
cost(9, 25, 74).
cost(9, 26, 53).
cost(9, 27, 55).
cost(9, 28, 14).
cost(10, 1, 36).
cost(10, 2, 52).
cost(10, 3, 70).
cost(10, 4, 49).
cost(10, 5, 17).
cost(10, 6, 67).
cost(10, 7, 60).
cost(10, 8, 56).
cost(10, 9, 71).
cost(10, 11, 16).
cost(10, 12, 29).
cost(10, 13, 21).
cost(10, 14, 55).
cost(10, 15, 17).
cost(10, 16, 7).
cost(10, 17, 26).
cost(10, 18, 64).
cost(10, 19, 30).
cost(10, 20, 76).
cost(10, 21, 67).
cost(10, 22, 50).
cost(10, 23, 16).
cost(10, 24, 8).
cost(10, 25, 20).
cost(10, 26, 33).
cost(10, 27, 28).
cost(10, 28, 72).
cost(11, 1, 20).
cost(11, 2, 51).
cost(11, 3, 60).
cost(11, 4, 34).
cost(11, 5, 6).
cost(11, 6, 53).
cost(11, 7, 45).
cost(11, 8, 47).
cost(11, 9, 62).
cost(11, 10, 16).
cost(11, 12, 16).
cost(11, 13, 32).
cost(11, 14, 41).
cost(11, 15, 28).
cost(11, 16, 10).
cost(11, 17, 33).
cost(11, 18, 55).
cost(11, 19, 29).
cost(11, 20, 62).
cost(11, 21, 62).
cost(11, 22, 42).
cost(11, 23, 7).
cost(11, 24, 11).
cost(11, 25, 35).
cost(11, 26, 39).
cost(11, 27, 34).
cost(11, 28, 61).
cost(12, 1, 16).
cost(12, 2, 41).
cost(12, 3, 44).
cost(12, 4, 23).
cost(12, 5, 21).
cost(12, 6, 39).
cost(12, 7, 33).
cost(12, 8, 32).
cost(12, 9, 47).
cost(12, 10, 29).
cost(12, 11, 16).
cost(12, 13, 37).
cost(12, 14, 26).
cost(12, 15, 33).
cost(12, 16, 21).
cost(12, 17, 34).
cost(12, 18, 40).
cost(12, 19, 24).
cost(12, 20, 48).
cost(12, 21, 48).
cost(12, 22, 28).
cost(12, 23, 22).
cost(12, 24, 21).
cost(12, 25, 42).
cost(12, 26, 37).
cost(12, 27, 34).
cost(12, 28, 45).
cost(13, 1, 51).
cost(13, 2, 40).
cost(13, 3, 68).
cost(13, 4, 61).
cost(13, 5, 36).
cost(13, 6, 75).
cost(13, 7, 70).
cost(13, 8, 54).
cost(13, 9, 66).
cost(13, 10, 21).
cost(13, 11, 32).
cost(13, 12, 37).
cost(13, 14, 60).
cost(13, 15, 5).
cost(13, 16, 23).
cost(13, 17, 9).
cost(13, 18, 61).
cost(13, 19, 23).
cost(13, 20, 81).
cost(13, 21, 59).
cost(13, 22, 46).
cost(13, 23, 35).
cost(13, 24, 21).
cost(13, 25, 8).
cost(13, 26, 16).
cost(13, 27, 12).
cost(13, 28, 72).
cost(14, 1, 29).
cost(14, 2, 45).
cost(14, 3, 25).
cost(14, 4, 17).
cost(14, 5, 45).
cost(14, 6, 15).
cost(14, 7, 14).
cost(14, 8, 19).
cost(14, 9, 31).
cost(14, 10, 55).
cost(14, 11, 41).
cost(14, 12, 26).
cost(14, 13, 60).
cost(14, 15, 57).
cost(14, 16, 47).
cost(14, 17, 54).
cost(14, 18, 25).
cost(14, 19, 40).
cost(14, 20, 21).
cost(14, 21, 40).
cost(14, 22, 24).
cost(14, 23, 47).
cost(14, 24, 47).
cost(14, 25, 66).
cost(14, 26, 54).
cost(14, 27, 53).
cost(14, 28, 23).
cost(15, 1, 46).
cost(15, 2, 41).
cost(15, 3, 66).
cost(15, 4, 56).
cost(15, 5, 31).
cost(15, 6, 71).
cost(15, 7, 66).
cost(15, 8, 52).
cost(15, 9, 65).
cost(15, 10, 17).
cost(15, 11, 28).
cost(15, 12, 33).
cost(15, 13, 5).
cost(15, 14, 57).
cost(15, 16, 19).
cost(15, 17, 10).
cost(15, 18, 59).
cost(15, 19, 21).
cost(15, 20, 78).
cost(15, 21, 58).
cost(15, 22, 44).
cost(15, 23, 31).
cost(15, 24, 17).
cost(15, 25, 10).
cost(15, 26, 18).
cost(15, 27, 13).
cost(15, 28, 70).
cost(16, 1, 29).
cost(16, 2, 48).
cost(16, 3, 63).
cost(16, 4, 42).
cost(16, 5, 13).
cost(16, 6, 60).
cost(16, 7, 53).
cost(16, 8, 49).
cost(16, 9, 64).
cost(16, 10, 7).
cost(16, 11, 10).
cost(16, 12, 21).
cost(16, 13, 23).
cost(16, 14, 47).
cost(16, 15, 19).
cost(16, 17, 26).
cost(16, 18, 58).
cost(16, 19, 26).
cost(16, 20, 69).
cost(16, 21, 62).
cost(16, 22, 43).
cost(16, 23, 12).
cost(16, 24, 2).
cost(16, 25, 25).
cost(16, 26, 32).
cost(16, 27, 27).
cost(16, 28, 65).
cost(17, 1, 49).
cost(17, 2, 31).
cost(17, 3, 60).
cost(17, 4, 57).
cost(17, 5, 38).
cost(17, 6, 69).
cost(17, 7, 65).
cost(17, 8, 46).
cost(17, 9, 57).
cost(17, 10, 26).
cost(17, 11, 33).
cost(17, 12, 34).
cost(17, 13, 9).
cost(17, 14, 54).
cost(17, 15, 10).
cost(17, 16, 26).
cost(17, 18, 53).
cost(17, 19, 15).
cost(17, 20, 75).
cost(17, 21, 49).
cost(17, 22, 38).
cost(17, 23, 37).
cost(17, 24, 23).
cost(17, 25, 17).
cost(17, 26, 7).
cost(17, 27, 3).
cost(17, 28, 64).
cost(18, 1, 50).
cost(18, 2, 30).
cost(18, 3, 7).
cost(18, 4, 42).
cost(18, 5, 61).
cost(18, 6, 34).
cost(18, 7, 38).
cost(18, 8, 9).
cost(18, 9, 7).
cost(18, 10, 64).
cost(18, 11, 55).
cost(18, 12, 40).
cost(18, 13, 61).
cost(18, 14, 25).
cost(18, 15, 59).
cost(18, 16, 58).
cost(18, 17, 53).
cost(18, 19, 39).
cost(18, 20, 32).
cost(18, 21, 17).
cost(18, 22, 15).
cost(18, 23, 62).
cost(18, 24, 57).
cost(18, 25, 69).
cost(18, 26, 49).
cost(18, 27, 50).
cost(18, 28, 13).
cost(19, 1, 40).
cost(19, 2, 23).
cost(19, 3, 45).
cost(19, 4, 45).
cost(19, 5, 35).
cost(19, 6, 55).
cost(19, 7, 51).
cost(19, 8, 32).
cost(19, 9, 44).
cost(19, 10, 30).
cost(19, 11, 29).
cost(19, 12, 24).
cost(19, 13, 23).
cost(19, 14, 40).
cost(19, 15, 21).
cost(19, 16, 26).
cost(19, 17, 15).
cost(19, 18, 39).
cost(19, 20, 60).
cost(19, 21, 38).
cost(19, 22, 24).
cost(19, 23, 36).
cost(19, 24, 24).
cost(19, 25, 30).
cost(19, 26, 14).
cost(19, 27, 13).
cost(19, 28, 49).
cost(20, 1, 47).
cost(20, 2, 60).
cost(20, 3, 26).
cost(20, 4, 32).
cost(20, 5, 66).
cost(20, 6, 11).
cost(20, 7, 21).
cost(20, 8, 32).
cost(20, 9, 35).
cost(20, 10, 76).
cost(20, 11, 62).
cost(20, 12, 48).
cost(20, 13, 81).
cost(20, 14, 21).
cost(20, 15, 78).
cost(20, 16, 69).
cost(20, 17, 75).
cost(20, 18, 32).
cost(20, 19, 60).
cost(20, 21, 48).
cost(20, 22, 39).
cost(20, 23, 68).
cost(20, 24, 69).
cost(20, 25, 88).
cost(20, 26, 73).
cost(20, 27, 73).
cost(20, 28, 21).
cost(21, 1, 61).
cost(21, 2, 19).
cost(21, 3, 23).
cost(21, 4, 56).
cost(21, 5, 68).
cost(21, 6, 51).
cost(21, 7, 54).
cost(21, 8, 21).
cost(21, 9, 15).
cost(21, 10, 67).
cost(21, 11, 62).
cost(21, 12, 48).
cost(21, 13, 59).
cost(21, 14, 40).
cost(21, 15, 58).
cost(21, 16, 62).
cost(21, 17, 49).
cost(21, 18, 17).
cost(21, 19, 38).
cost(21, 20, 48).
cost(21, 22, 21).
cost(21, 23, 69).
cost(21, 24, 60).
cost(21, 25, 66).
cost(21, 26, 44).
cost(21, 27, 47).
cost(21, 28, 29).
cost(22, 1, 41).
cost(22, 2, 21).
cost(22, 3, 22).
cost(22, 4, 37).
cost(22, 5, 48).
cost(22, 6, 37).
cost(22, 7, 38).
cost(22, 8, 8).
cost(22, 9, 21).
cost(22, 10, 50).
cost(22, 11, 42).
cost(22, 12, 28).
cost(22, 13, 46).
cost(22, 14, 24).
cost(22, 15, 44).
cost(22, 16, 43).
cost(22, 17, 38).
cost(22, 18, 15).
cost(22, 19, 24).
cost(22, 20, 39).
cost(22, 21, 21).
cost(22, 23, 49).
cost(22, 24, 42).
cost(22, 25, 54).
cost(22, 26, 35).
cost(22, 27, 36).
cost(22, 28, 26).
cost(23, 1, 23).
cost(23, 2, 58).
cost(23, 3, 67).
cost(23, 4, 38).
cost(23, 5, 2).
cost(23, 6, 58).
cost(23, 7, 50).
cost(23, 8, 54).
cost(23, 9, 69).
cost(23, 10, 16).
cost(23, 11, 7).
cost(23, 12, 22).
cost(23, 13, 35).
cost(23, 14, 47).
cost(23, 15, 31).
cost(23, 16, 12).
cost(23, 17, 37).
cost(23, 18, 62).
cost(23, 19, 36).
cost(23, 20, 68).
cost(23, 21, 69).
cost(23, 22, 49).
cost(23, 24, 14).
cost(23, 25, 36).
cost(23, 26, 43).
cost(23, 27, 39).
cost(23, 28, 68).
cost(24, 1, 31).
cost(24, 2, 46).
cost(24, 3, 62).
cost(24, 4, 43).
cost(24, 5, 15).
cost(24, 6, 60).
cost(24, 7, 53).
cost(24, 8, 48).
cost(24, 9, 63).
cost(24, 10, 8).
cost(24, 11, 11).
cost(24, 12, 21).
cost(24, 13, 21).
cost(24, 14, 47).
cost(24, 15, 17).
cost(24, 16, 2).
cost(24, 17, 23).
cost(24, 18, 57).
cost(24, 19, 24).
cost(24, 20, 69).
cost(24, 21, 60).
cost(24, 22, 42).
cost(24, 23, 14).
cost(24, 25, 23).
cost(24, 26, 30).
cost(24, 27, 25).
cost(24, 28, 64).
cost(25, 1, 54).
cost(25, 2, 48).
cost(25, 3, 75).
cost(25, 4, 65).
cost(25, 5, 37).
cost(25, 6, 80).
cost(25, 7, 75).
cost(25, 8, 62).
cost(25, 9, 74).
cost(25, 10, 20).
cost(25, 11, 35).
cost(25, 12, 42).
cost(25, 13, 8).
cost(25, 14, 66).
cost(25, 15, 10).
cost(25, 16, 25).
cost(25, 17, 17).
cost(25, 18, 69).
cost(25, 19, 30).
cost(25, 20, 88).
cost(25, 21, 66).
cost(25, 22, 54).
cost(25, 23, 36).
cost(25, 24, 23).
cost(25, 26, 24).
cost(25, 27, 20).
cost(25, 28, 79).
cost(26, 1, 52).
cost(26, 2, 25).
cost(26, 3, 56).
cost(26, 4, 59).
cost(26, 5, 44).
cost(26, 6, 69).
cost(26, 7, 65).
cost(26, 8, 43).
cost(26, 9, 53).
cost(26, 10, 33).
cost(26, 11, 39).
cost(26, 12, 37).
cost(26, 13, 16).
cost(26, 14, 54).
cost(26, 15, 18).
cost(26, 16, 32).
cost(26, 17, 7).
cost(26, 18, 49).
cost(26, 19, 14).
cost(26, 20, 73).
cost(26, 21, 44).
cost(26, 22, 35).
cost(26, 23, 43).
cost(26, 24, 30).
cost(26, 25, 24).
cost(26, 27, 5).
cost(26, 28, 61).
cost(27, 1, 49).
cost(27, 2, 28).
cost(27, 3, 58).
cost(27, 4, 56).
cost(27, 5, 39).
cost(27, 6, 68).
cost(27, 7, 64).
cost(27, 8, 44).
cost(27, 9, 55).
cost(27, 10, 28).
cost(27, 11, 34).
cost(27, 12, 34).
cost(27, 13, 12).
cost(27, 14, 53).
cost(27, 15, 13).
cost(27, 16, 27).
cost(27, 17, 3).
cost(27, 18, 50).
cost(27, 19, 13).
cost(27, 20, 73).
cost(27, 21, 47).
cost(27, 22, 36).
cost(27, 23, 39).
cost(27, 24, 25).
cost(27, 25, 20).
cost(27, 26, 5).
cost(27, 28, 62).
cost(28, 1, 51).
cost(28, 2, 42).
cost(28, 3, 6).
cost(28, 4, 40).
cost(28, 5, 66).
cost(28, 6, 26).
cost(28, 7, 33).
cost(28, 8, 17).
cost(28, 9, 14).
cost(28, 10, 72).
cost(28, 11, 61).
cost(28, 12, 45).
cost(28, 13, 72).
cost(28, 14, 23).
cost(28, 15, 70).
cost(28, 16, 65).
cost(28, 17, 64).
cost(28, 18, 13).
cost(28, 19, 49).
cost(28, 20, 21).
cost(28, 21, 29).
cost(28, 22, 26).
cost(28, 23, 68).
cost(28, 24, 64).
cost(28, 25, 79).
cost(28, 26, 61).
cost(28, 27, 62).
