dimension(28).
point(1, 17.2116177938, 54.8271163647).
point(2, 84.8037185983, 84.9349680192).
point(3, 40.238867078, 43.5637626004).
point(4, 34.5183150542, 39.2561252763).
point(5, 51.9955080262, 32.7925943868).
point(6, 74.5614828948, 70.1668891797).
point(7, 24.8294217507, 39.4486728456).
point(8, 32.6609276168, 37.307266587).
point(9, 67.3846889584, 91.8928438555).
point(10, 75.5006227884, 55.9954163521).
point(11, 66.9042072703, 72.7726852881).
point(12, 46.6335873997, 31.2074846212).
point(13, 47.963762378, 38.4821878727).
point(14, 66.6150966308, 84.7464014248).
point(15, 92.0622497219, 55.1546138541).
point(16, 89.5985263576, 74.0810701492).
point(17, 21.9145948548, 47.6131381545).
point(18, 79.6178207692, 57.2887871468).
point(19, 93.9036538182, 50.2226237469).
point(20, 33.5117638325, 23.5875488414).
point(21, 27.5367245484, 36.1190033401).
point(22, 19.7037617962, 68.6479539484).
point(23, 19.3927955304, 29.6640256382).
point(24, 20.0664938294, 32.4761402965).
point(25, 48.3108702131, 93.0950306929).
point(26, 79.6728753516, 99.3267020895).
point(27, 69.095065879, 89.2430971161).
point(28, 90.2422868655, 92.5290598735).
cost(1, 2, 74).
cost(1, 3, 26).
cost(1, 4, 23).
cost(1, 5, 41).
cost(1, 6, 59).
cost(1, 7, 17).
cost(1, 8, 23).
cost(1, 9, 62).
cost(1, 10, 58).
cost(1, 11, 53).
cost(1, 12, 38).
cost(1, 13, 35).
cost(1, 14, 58).
cost(1, 15, 75).
cost(1, 16, 75).
cost(1, 17, 9).
cost(1, 18, 62).
cost(1, 19, 77).
cost(1, 20, 35).
cost(1, 21, 21).
cost(1, 22, 14).
cost(1, 23, 25).
cost(1, 24, 23).
cost(1, 25, 49).
cost(1, 26, 77).
cost(1, 27, 62).
cost(1, 28, 82).
cost(2, 1, 74).
cost(2, 3, 61).
cost(2, 4, 68).
cost(2, 5, 62).
cost(2, 6, 18).
cost(2, 7, 75).
cost(2, 8, 71).
cost(2, 9, 19).
cost(2, 10, 30).
cost(2, 11, 22).
cost(2, 12, 66).
cost(2, 13, 59).
cost(2, 14, 18).
cost(2, 15, 31).
cost(2, 16, 12).
cost(2, 17, 73).
cost(2, 18, 28).
cost(2, 19, 36).
cost(2, 20, 80).
cost(2, 21, 75).
cost(2, 22, 67).
cost(2, 23, 86).
cost(2, 24, 83).
cost(2, 25, 37).
cost(2, 26, 15).
cost(2, 27, 16).
cost(2, 28, 9).
cost(3, 1, 26).
cost(3, 2, 61).
cost(3, 4, 7).
cost(3, 5, 16).
cost(3, 6, 43).
cost(3, 7, 16).
cost(3, 8, 10).
cost(3, 9, 55).
cost(3, 10, 37).
cost(3, 11, 40).
cost(3, 12, 14).
cost(3, 13, 9).
cost(3, 14, 49).
cost(3, 15, 53).
cost(3, 16, 58).
cost(3, 17, 19).
cost(3, 18, 42).
cost(3, 19, 54).
cost(3, 20, 21).
cost(3, 21, 15).
cost(3, 22, 32).
cost(3, 23, 25).
cost(3, 24, 23).
cost(3, 25, 50).
cost(3, 26, 68).
cost(3, 27, 54).
cost(3, 28, 70).
cost(4, 1, 23).
cost(4, 2, 68).
cost(4, 3, 7).
cost(4, 5, 19).
cost(4, 6, 51).
cost(4, 7, 10).
cost(4, 8, 3).
cost(4, 9, 62).
cost(4, 10, 44).
cost(4, 11, 47).
cost(4, 12, 15).
cost(4, 13, 13).
cost(4, 14, 56).
cost(4, 15, 60).
cost(4, 16, 65).
cost(4, 17, 15).
cost(4, 18, 49).
cost(4, 19, 60).
cost(4, 20, 16).
cost(4, 21, 8).
cost(4, 22, 33).
cost(4, 23, 18).
cost(4, 24, 16).
cost(4, 25, 56).
cost(4, 26, 75).
cost(4, 27, 61).
cost(4, 28, 77).
cost(5, 1, 41).
cost(5, 2, 62).
cost(5, 3, 16).
cost(5, 4, 19).
cost(5, 6, 44).
cost(5, 7, 28).
cost(5, 8, 20).
cost(5, 9, 61).
cost(5, 10, 33).
cost(5, 11, 43).
cost(5, 12, 6).
cost(5, 13, 7).
cost(5, 14, 54).
cost(5, 15, 46).
cost(5, 16, 56).
cost(5, 17, 34).
cost(5, 18, 37).
cost(5, 19, 45).
cost(5, 20, 21).
cost(5, 21, 25).
cost(5, 22, 48).
cost(5, 23, 33).
cost(5, 24, 32).
cost(5, 25, 60).
cost(5, 26, 72).
cost(5, 27, 59).
cost(5, 28, 71).
cost(6, 1, 59).
cost(6, 2, 18).
cost(6, 3, 43).
cost(6, 4, 51).
cost(6, 5, 44).
cost(6, 7, 58).
cost(6, 8, 53).
cost(6, 9, 23).
cost(6, 10, 14).
cost(6, 11, 8).
cost(6, 12, 48).
cost(6, 13, 41).
cost(6, 14, 17).
cost(6, 15, 23).
cost(6, 16, 16).
cost(6, 17, 57).
cost(6, 18, 14).
cost(6, 19, 28).
cost(6, 20, 62).
cost(6, 21, 58).
cost(6, 22, 55).
cost(6, 23, 68).
cost(6, 24, 66).
cost(6, 25, 35).
cost(6, 26, 30).
cost(6, 27, 20).
cost(6, 28, 27).
cost(7, 1, 17).
cost(7, 2, 75).
cost(7, 3, 16).
cost(7, 4, 10).
cost(7, 5, 28).
cost(7, 6, 58).
cost(7, 8, 8).
cost(7, 9, 68).
cost(7, 10, 53).
cost(7, 11, 54).
cost(7, 12, 23).
cost(7, 13, 23).
cost(7, 14, 62).
cost(7, 15, 69).
cost(7, 16, 73).
cost(7, 17, 9).
cost(7, 18, 58).
cost(7, 19, 70).
cost(7, 20, 18).
cost(7, 21, 4).
cost(7, 22, 30).
cost(7, 23, 11).
cost(7, 24, 8).
cost(7, 25, 59).
cost(7, 26, 81).
cost(7, 27, 67).
cost(7, 28, 84).
cost(8, 1, 23).
cost(8, 2, 71).
cost(8, 3, 10).
cost(8, 4, 3).
cost(8, 5, 20).
cost(8, 6, 53).
cost(8, 7, 8).
cost(8, 9, 65).
cost(8, 10, 47).
cost(8, 11, 49).
cost(8, 12, 15).
cost(8, 13, 15).
cost(8, 14, 58).
cost(8, 15, 62).
cost(8, 16, 68).
cost(8, 17, 15).
cost(8, 18, 51).
cost(8, 19, 63).
cost(8, 20, 14).
cost(8, 21, 5).
cost(8, 22, 34).
cost(8, 23, 15).
cost(8, 24, 13).
cost(8, 25, 58).
cost(8, 26, 78).
cost(8, 27, 63).
cost(8, 28, 80).
cost(9, 1, 62).
cost(9, 2, 19).
cost(9, 3, 55).
cost(9, 4, 62).
cost(9, 5, 61).
cost(9, 6, 23).
cost(9, 7, 68).
cost(9, 8, 65).
cost(9, 10, 37).
cost(9, 11, 19).
cost(9, 12, 64).
cost(9, 13, 57).
cost(9, 14, 7).
cost(9, 15, 44).
cost(9, 16, 28).
cost(9, 17, 63).
cost(9, 18, 37).
cost(9, 19, 49).
cost(9, 20, 76).
cost(9, 21, 69).
cost(9, 22, 53).
cost(9, 23, 79).
cost(9, 24, 76).
cost(9, 25, 19).
cost(9, 26, 14).
cost(9, 27, 3).
cost(9, 28, 23).
cost(10, 1, 58).
cost(10, 2, 30).
cost(10, 3, 37).
cost(10, 4, 44).
cost(10, 5, 33).
cost(10, 6, 14).
cost(10, 7, 53).
cost(10, 8, 47).
cost(10, 9, 37).
cost(10, 11, 19).
cost(10, 12, 38).
cost(10, 13, 33).
cost(10, 14, 30).
cost(10, 15, 17).
cost(10, 16, 23).
cost(10, 17, 54).
cost(10, 18, 4).
cost(10, 19, 19).
cost(10, 20, 53).
cost(10, 21, 52).
cost(10, 22, 57).
cost(10, 23, 62).
cost(10, 24, 60).
cost(10, 25, 46).
cost(10, 26, 44).
cost(10, 27, 34).
cost(10, 28, 39).
cost(11, 1, 53).
cost(11, 2, 22).
cost(11, 3, 40).
cost(11, 4, 47).
cost(11, 5, 43).
cost(11, 6, 8).
cost(11, 7, 54).
cost(11, 8, 49).
cost(11, 9, 19).
cost(11, 10, 19).
cost(11, 12, 46).
cost(11, 13, 39).
cost(11, 14, 12).
cost(11, 15, 31).
cost(11, 16, 23).
cost(11, 17, 52).
cost(11, 18, 20).
cost(11, 19, 35).
cost(11, 20, 59).
cost(11, 21, 54).
cost(11, 22, 47).
cost(11, 23, 64).
cost(11, 24, 62).
cost(11, 25, 28).
cost(11, 26, 29).
cost(11, 27, 17).
cost(11, 28, 31).
cost(12, 1, 38).
cost(12, 2, 66).
cost(12, 3, 14).
cost(12, 4, 15).
cost(12, 5, 6).
cost(12, 6, 48).
cost(12, 7, 23).
cost(12, 8, 15).
cost(12, 9, 64).
cost(12, 10, 38).
cost(12, 11, 46).
cost(12, 13, 7).
cost(12, 14, 57).
cost(12, 15, 51).
cost(12, 16, 61).
cost(12, 17, 30).
cost(12, 18, 42).
cost(12, 19, 51).
cost(12, 20, 15).
cost(12, 21, 20).
cost(12, 22, 46).
cost(12, 23, 27).
cost(12, 24, 27).
cost(12, 25, 62).
cost(12, 26, 76).
cost(12, 27, 62).
cost(12, 28, 75).
cost(13, 1, 35).
cost(13, 2, 59).
cost(13, 3, 9).
cost(13, 4, 13).
cost(13, 5, 7).
cost(13, 6, 41).
cost(13, 7, 23).
cost(13, 8, 15).
cost(13, 9, 57).
cost(13, 10, 33).
cost(13, 11, 39).
cost(13, 12, 7).
cost(13, 14, 50).
cost(13, 15, 47).
cost(13, 16, 55).
cost(13, 17, 28).
cost(13, 18, 37).
cost(13, 19, 47).
cost(13, 20, 21).
cost(13, 21, 21).
cost(13, 22, 41).
cost(13, 23, 30).
cost(13, 24, 29).
cost(13, 25, 55).
cost(13, 26, 69).
cost(13, 27, 55).
cost(13, 28, 69).
cost(14, 1, 58).
cost(14, 2, 18).
cost(14, 3, 49).
cost(14, 4, 56).
cost(14, 5, 54).
cost(14, 6, 17).
cost(14, 7, 62).
cost(14, 8, 58).
cost(14, 9, 7).
cost(14, 10, 30).
cost(14, 11, 12).
cost(14, 12, 57).
cost(14, 13, 50).
cost(14, 15, 39).
cost(14, 16, 25).
cost(14, 17, 58).
cost(14, 18, 30).
cost(14, 19, 44).
cost(14, 20, 70).
cost(14, 21, 62).
cost(14, 22, 50).
cost(14, 23, 73).
cost(14, 24, 70).
cost(14, 25, 20).
cost(14, 26, 20).
cost(14, 27, 5).
cost(14, 28, 25).
cost(15, 1, 75).
cost(15, 2, 31).
cost(15, 3, 53).
cost(15, 4, 60).
cost(15, 5, 46).
cost(15, 6, 23).
cost(15, 7, 69).
cost(15, 8, 62).
cost(15, 9, 44).
cost(15, 10, 17).
cost(15, 11, 31).
cost(15, 12, 51).
cost(15, 13, 47).
cost(15, 14, 39).
cost(15, 16, 19).
cost(15, 17, 71).
cost(15, 18, 13).
cost(15, 19, 5).
cost(15, 20, 67).
cost(15, 21, 67).
cost(15, 22, 74).
cost(15, 23, 77).
cost(15, 24, 75).
cost(15, 25, 58).
cost(15, 26, 46).
cost(15, 27, 41).
cost(15, 28, 37).
cost(16, 1, 75).
cost(16, 2, 12).
cost(16, 3, 58).
cost(16, 4, 65).
cost(16, 5, 56).
cost(16, 6, 16).
cost(16, 7, 73).
cost(16, 8, 68).
cost(16, 9, 28).
cost(16, 10, 23).
cost(16, 11, 23).
cost(16, 12, 61).
cost(16, 13, 55).
cost(16, 14, 25).
cost(16, 15, 19).
cost(16, 17, 73).
cost(16, 18, 20).
cost(16, 19, 24).
cost(16, 20, 75).
cost(16, 21, 73).
cost(16, 22, 70).
cost(16, 23, 83).
cost(16, 24, 81).
cost(16, 25, 45).
cost(16, 26, 27).
cost(16, 27, 26).
cost(16, 28, 18).
cost(17, 1, 9).
cost(17, 2, 73).
cost(17, 3, 19).
cost(17, 4, 15).
cost(17, 5, 34).
cost(17, 6, 57).
cost(17, 7, 9).
cost(17, 8, 15).
cost(17, 9, 63).
cost(17, 10, 54).
cost(17, 11, 52).
cost(17, 12, 30).
cost(17, 13, 28).
cost(17, 14, 58).
cost(17, 15, 71).
cost(17, 16, 73).
cost(17, 18, 59).
cost(17, 19, 72).
cost(17, 20, 27).
cost(17, 21, 13).
cost(17, 22, 21).
cost(17, 23, 18).
cost(17, 24, 15).
cost(17, 25, 53).
cost(17, 26, 78).
cost(17, 27, 63).
cost(17, 28, 82).
cost(18, 1, 62).
cost(18, 2, 28).
cost(18, 3, 42).
cost(18, 4, 49).
cost(18, 5, 37).
cost(18, 6, 14).
cost(18, 7, 58).
cost(18, 8, 51).
cost(18, 9, 37).
cost(18, 10, 4).
cost(18, 11, 20).
cost(18, 12, 42).
cost(18, 13, 37).
cost(18, 14, 30).
cost(18, 15, 13).
cost(18, 16, 20).
cost(18, 17, 59).
cost(18, 19, 16).
cost(18, 20, 57).
cost(18, 21, 56).
cost(18, 22, 61).
cost(18, 23, 66).
cost(18, 24, 65).
cost(18, 25, 48).
cost(18, 26, 42).
cost(18, 27, 34).
cost(18, 28, 37).
cost(19, 1, 77).
cost(19, 2, 36).
cost(19, 3, 54).
cost(19, 4, 60).
cost(19, 5, 45).
cost(19, 6, 28).
cost(19, 7, 70).
cost(19, 8, 63).
cost(19, 9, 49).
cost(19, 10, 19).
cost(19, 11, 35).
cost(19, 12, 51).
cost(19, 13, 47).
cost(19, 14, 44).
cost(19, 15, 5).
cost(19, 16, 24).
cost(19, 17, 72).
cost(19, 18, 16).
cost(19, 20, 66).
cost(19, 21, 68).
cost(19, 22, 76).
cost(19, 23, 77).
cost(19, 24, 76).
cost(19, 25, 63).
cost(19, 26, 51).
cost(19, 27, 46).
cost(19, 28, 42).
cost(20, 1, 35).
cost(20, 2, 80).
cost(20, 3, 21).
cost(20, 4, 16).
cost(20, 5, 21).
cost(20, 6, 62).
cost(20, 7, 18).
cost(20, 8, 14).
cost(20, 9, 76).
cost(20, 10, 53).
cost(20, 11, 59).
cost(20, 12, 15).
cost(20, 13, 21).
cost(20, 14, 70).
cost(20, 15, 67).
cost(20, 16, 75).
cost(20, 17, 27).
cost(20, 18, 57).
cost(20, 19, 66).
cost(20, 21, 14).
cost(20, 22, 47).
cost(20, 23, 15).
cost(20, 24, 16).
cost(20, 25, 71).
cost(20, 26, 89).
cost(20, 27, 75).
cost(20, 28, 89).
cost(21, 1, 21).
cost(21, 2, 75).
cost(21, 3, 15).
cost(21, 4, 8).
cost(21, 5, 25).
cost(21, 6, 58).
cost(21, 7, 4).
cost(21, 8, 5).
cost(21, 9, 69).
cost(21, 10, 52).
cost(21, 11, 54).
cost(21, 12, 20).
cost(21, 13, 21).
cost(21, 14, 62).
cost(21, 15, 67).
cost(21, 16, 73).
cost(21, 17, 13).
cost(21, 18, 56).
cost(21, 19, 68).
cost(21, 20, 14).
cost(21, 22, 33).
cost(21, 23, 10).
cost(21, 24, 8).
cost(21, 25, 61).
cost(21, 26, 82).
cost(21, 27, 67).
cost(21, 28, 84).
cost(22, 1, 14).
cost(22, 2, 67).
cost(22, 3, 32).
cost(22, 4, 33).
cost(22, 5, 48).
cost(22, 6, 55).
cost(22, 7, 30).
cost(22, 8, 34).
cost(22, 9, 53).
cost(22, 10, 57).
cost(22, 11, 47).
cost(22, 12, 46).
cost(22, 13, 41).
cost(22, 14, 50).
cost(22, 15, 74).
cost(22, 16, 70).
cost(22, 17, 21).
cost(22, 18, 61).
cost(22, 19, 76).
cost(22, 20, 47).
cost(22, 21, 33).
cost(22, 23, 39).
cost(22, 24, 36).
cost(22, 25, 38).
cost(22, 26, 67).
cost(22, 27, 54).
cost(22, 28, 74).
cost(23, 1, 25).
cost(23, 2, 86).
cost(23, 3, 25).
cost(23, 4, 18).
cost(23, 5, 33).
cost(23, 6, 68).
cost(23, 7, 11).
cost(23, 8, 15).
cost(23, 9, 79).
cost(23, 10, 62).
cost(23, 11, 64).
cost(23, 12, 27).
cost(23, 13, 30).
cost(23, 14, 73).
cost(23, 15, 77).
cost(23, 16, 83).
cost(23, 17, 18).
cost(23, 18, 66).
cost(23, 19, 77).
cost(23, 20, 15).
cost(23, 21, 10).
cost(23, 22, 39).
cost(23, 24, 3).
cost(23, 25, 70).
cost(23, 26, 92).
cost(23, 27, 78).
cost(23, 28, 95).
cost(24, 1, 23).
cost(24, 2, 83).
cost(24, 3, 23).
cost(24, 4, 16).
cost(24, 5, 32).
cost(24, 6, 66).
cost(24, 7, 8).
cost(24, 8, 13).
cost(24, 9, 76).
cost(24, 10, 60).
cost(24, 11, 62).
cost(24, 12, 27).
cost(24, 13, 29).
cost(24, 14, 70).
cost(24, 15, 75).
cost(24, 16, 81).
cost(24, 17, 15).
cost(24, 18, 65).
cost(24, 19, 76).
cost(24, 20, 16).
cost(24, 21, 8).
cost(24, 22, 36).
cost(24, 23, 3).
cost(24, 25, 67).
cost(24, 26, 90).
cost(24, 27, 75).
cost(24, 28, 92).
cost(25, 1, 49).
cost(25, 2, 37).
cost(25, 3, 50).
cost(25, 4, 56).
cost(25, 5, 60).
cost(25, 6, 35).
cost(25, 7, 59).
cost(25, 8, 58).
cost(25, 9, 19).
cost(25, 10, 46).
cost(25, 11, 28).
cost(25, 12, 62).
cost(25, 13, 55).
cost(25, 14, 20).
cost(25, 15, 58).
cost(25, 16, 45).
cost(25, 17, 53).
cost(25, 18, 48).
cost(25, 19, 63).
cost(25, 20, 71).
cost(25, 21, 61).
cost(25, 22, 38).
cost(25, 23, 70).
cost(25, 24, 67).
cost(25, 26, 32).
cost(25, 27, 21).
cost(25, 28, 42).
cost(26, 1, 77).
cost(26, 2, 15).
cost(26, 3, 68).
cost(26, 4, 75).
cost(26, 5, 72).
cost(26, 6, 30).
cost(26, 7, 81).
cost(26, 8, 78).
cost(26, 9, 14).
cost(26, 10, 44).
cost(26, 11, 29).
cost(26, 12, 76).
cost(26, 13, 69).
cost(26, 14, 20).
cost(26, 15, 46).
cost(26, 16, 27).
cost(26, 17, 78).
cost(26, 18, 42).
cost(26, 19, 51).
cost(26, 20, 89).
cost(26, 21, 82).
cost(26, 22, 67).
cost(26, 23, 92).
cost(26, 24, 90).
cost(26, 25, 32).
cost(26, 27, 15).
cost(26, 28, 13).
cost(27, 1, 62).
cost(27, 2, 16).
cost(27, 3, 54).
cost(27, 4, 61).
cost(27, 5, 59).
cost(27, 6, 20).
cost(27, 7, 67).
cost(27, 8, 63).
cost(27, 9, 3).
cost(27, 10, 34).
cost(27, 11, 17).
cost(27, 12, 62).
cost(27, 13, 55).
cost(27, 14, 5).
cost(27, 15, 41).
cost(27, 16, 26).
cost(27, 17, 63).
cost(27, 18, 34).
cost(27, 19, 46).
cost(27, 20, 75).
cost(27, 21, 67).
cost(27, 22, 54).
cost(27, 23, 78).
cost(27, 24, 75).
cost(27, 25, 21).
cost(27, 26, 15).
cost(27, 28, 21).
cost(28, 1, 82).
cost(28, 2, 9).
cost(28, 3, 70).
cost(28, 4, 77).
cost(28, 5, 71).
cost(28, 6, 27).
cost(28, 7, 84).
cost(28, 8, 80).
cost(28, 9, 23).
cost(28, 10, 39).
cost(28, 11, 31).
cost(28, 12, 75).
cost(28, 13, 69).
cost(28, 14, 25).
cost(28, 15, 37).
cost(28, 16, 18).
cost(28, 17, 82).
cost(28, 18, 37).
cost(28, 19, 42).
cost(28, 20, 89).
cost(28, 21, 84).
cost(28, 22, 74).
cost(28, 23, 95).
cost(28, 24, 92).
cost(28, 25, 42).
cost(28, 26, 13).
cost(28, 27, 21).
