dimension(28).
point(1, 63.0832447956, 30.7668478989).
point(2, 89.2330051486, 41.6708768175).
point(3, 28.3315108826, 57.1086273796).
point(4, 51.8932195688, 24.4630171001).
point(5, 70.9420220517, 71.7772064302).
point(6, 85.7781479182, 57.7865089079).
point(7, 86.7569779513, 25.2078361859).
point(8, 57.7576635653, 84.262406909).
point(9, 56.9936433181, 37.1727437624).
point(10, 15.5116518957, 35.4874383646).
point(11, 48.7536406823, 88.3490223051).
point(12, 82.2724585004, 59.1418177394).
point(13, 11.4591183796, 74.6861340554).
point(14, 30.1106019613, 70.7236502568).
point(15, 72.4444186156, 17.5425620229).
point(16, 19.2698523382, 87.5502566463).
point(17, 36.3061317471, 90.5881541196).
point(18, 59.4395524596, 79.9329176937).
point(19, 23.4620905067, 37.5217466056).
point(20, 70.3024258521, 41.1268528838).
point(21, 87.5500454832, 49.6304063504).
point(22, 73.2729710821, 70.6750884852).
point(23, 19.1223138975, 38.7955502839).
point(24, 29.0887851834, 41.7894433117).
point(25, 73.1269622809, 45.5130835997).
point(26, 28.1487305729, 79.3858413384).
point(27, 27.0215505233, 92.1068769954).
point(28, 78.4382807838, 63.9190580196).
cost(1, 2, 28).
cost(1, 3, 44).
cost(1, 4, 13).
cost(1, 5, 42).
cost(1, 6, 35).
cost(1, 7, 24).
cost(1, 8, 54).
cost(1, 9, 9).
cost(1, 10, 48).
cost(1, 11, 59).
cost(1, 12, 34).
cost(1, 13, 68).
cost(1, 14, 52).
cost(1, 15, 16).
cost(1, 16, 72).
cost(1, 17, 66).
cost(1, 18, 49).
cost(1, 19, 40).
cost(1, 20, 13).
cost(1, 21, 31).
cost(1, 22, 41).
cost(1, 23, 45).
cost(1, 24, 36).
cost(1, 25, 18).
cost(1, 26, 60).
cost(1, 27, 71).
cost(1, 28, 37).
cost(2, 1, 28).
cost(2, 3, 63).
cost(2, 4, 41).
cost(2, 5, 35).
cost(2, 6, 16).
cost(2, 7, 17).
cost(2, 8, 53).
cost(2, 9, 33).
cost(2, 10, 74).
cost(2, 11, 62).
cost(2, 12, 19).
cost(2, 13, 84).
cost(2, 14, 66).
cost(2, 15, 29).
cost(2, 16, 84).
cost(2, 17, 72).
cost(2, 18, 48).
cost(2, 19, 66).
cost(2, 20, 19).
cost(2, 21, 8).
cost(2, 22, 33).
cost(2, 23, 70).
cost(2, 24, 60).
cost(2, 25, 17).
cost(2, 26, 72).
cost(2, 27, 80).
cost(2, 28, 25).
cost(3, 1, 44).
cost(3, 2, 63).
cost(3, 4, 40).
cost(3, 5, 45).
cost(3, 6, 57).
cost(3, 7, 67).
cost(3, 8, 40).
cost(3, 9, 35).
cost(3, 10, 25).
cost(3, 11, 37).
cost(3, 12, 54).
cost(3, 13, 24).
cost(3, 14, 14).
cost(3, 15, 59).
cost(3, 16, 32).
cost(3, 17, 34).
cost(3, 18, 39).
cost(3, 19, 20).
cost(3, 20, 45).
cost(3, 21, 60).
cost(3, 22, 47).
cost(3, 23, 20).
cost(3, 24, 15).
cost(3, 25, 46).
cost(3, 26, 22).
cost(3, 27, 35).
cost(3, 28, 51).
cost(4, 1, 13).
cost(4, 2, 41).
cost(4, 3, 40).
cost(4, 5, 51).
cost(4, 6, 48).
cost(4, 7, 35).
cost(4, 8, 60).
cost(4, 9, 14).
cost(4, 10, 38).
cost(4, 11, 64).
cost(4, 12, 46).
cost(4, 13, 64).
cost(4, 14, 51).
cost(4, 15, 22).
cost(4, 16, 71).
cost(4, 17, 68).
cost(4, 18, 56).
cost(4, 19, 31).
cost(4, 20, 25).
cost(4, 21, 44).
cost(4, 22, 51).
cost(4, 23, 36).
cost(4, 24, 29).
cost(4, 25, 30).
cost(4, 26, 60).
cost(4, 27, 72).
cost(4, 28, 48).
cost(5, 1, 42).
cost(5, 2, 35).
cost(5, 3, 45).
cost(5, 4, 51).
cost(5, 6, 20).
cost(5, 7, 49).
cost(5, 8, 18).
cost(5, 9, 37).
cost(5, 10, 66).
cost(5, 11, 28).
cost(5, 12, 17).
cost(5, 13, 60).
cost(5, 14, 41).
cost(5, 15, 54).
cost(5, 16, 54).
cost(5, 17, 39).
cost(5, 18, 14).
cost(5, 19, 59).
cost(5, 20, 31).
cost(5, 21, 28).
cost(5, 22, 3).
cost(5, 23, 61).
cost(5, 24, 51).
cost(5, 25, 26).
cost(5, 26, 43).
cost(5, 27, 48).
cost(5, 28, 11).
cost(6, 1, 35).
cost(6, 2, 16).
cost(6, 3, 57).
cost(6, 4, 48).
cost(6, 5, 20).
cost(6, 7, 33).
cost(6, 8, 39).
cost(6, 9, 35).
cost(6, 10, 74).
cost(6, 11, 48).
cost(6, 12, 4).
cost(6, 13, 76).
cost(6, 14, 57).
cost(6, 15, 42).
cost(6, 16, 73).
cost(6, 17, 59).
cost(6, 18, 34).
cost(6, 19, 66).
cost(6, 20, 23).
cost(6, 21, 8).
cost(6, 22, 18).
cost(6, 23, 69).
cost(6, 24, 59).
cost(6, 25, 18).
cost(6, 26, 62).
cost(6, 27, 68).
cost(6, 28, 10).
cost(7, 1, 24).
cost(7, 2, 17).
cost(7, 3, 67).
cost(7, 4, 35).
cost(7, 5, 49).
cost(7, 6, 33).
cost(7, 8, 66).
cost(7, 9, 32).
cost(7, 10, 72).
cost(7, 11, 74).
cost(7, 12, 34).
cost(7, 13, 90).
cost(7, 14, 73).
cost(7, 15, 16).
cost(7, 16, 92).
cost(7, 17, 83).
cost(7, 18, 61).
cost(7, 19, 64).
cost(7, 20, 23).
cost(7, 21, 24).
cost(7, 22, 47).
cost(7, 23, 69).
cost(7, 24, 60).
cost(7, 25, 24).
cost(7, 26, 80).
cost(7, 27, 90).
cost(7, 28, 40).
cost(8, 1, 54).
cost(8, 2, 53).
cost(8, 3, 40).
cost(8, 4, 60).
cost(8, 5, 18).
cost(8, 6, 39).
cost(8, 7, 66).
cost(8, 9, 47).
cost(8, 10, 65).
cost(8, 11, 10).
cost(8, 12, 35).
cost(8, 13, 47).
cost(8, 14, 31).
cost(8, 15, 68).
cost(8, 16, 39).
cost(8, 17, 22).
cost(8, 18, 5).
cost(8, 19, 58).
cost(8, 20, 45).
cost(8, 21, 46).
cost(8, 22, 21).
cost(8, 23, 60).
cost(8, 24, 51).
cost(8, 25, 42).
cost(8, 26, 30).
cost(8, 27, 32).
cost(8, 28, 29).
cost(9, 1, 9).
cost(9, 2, 33).
cost(9, 3, 35).
cost(9, 4, 14).
cost(9, 5, 37).
cost(9, 6, 35).
cost(9, 7, 32).
cost(9, 8, 47).
cost(9, 10, 42).
cost(9, 11, 52).
cost(9, 12, 33).
cost(9, 13, 59).
cost(9, 14, 43).
cost(9, 15, 25).
cost(9, 16, 63).
cost(9, 17, 57).
cost(9, 18, 43).
cost(9, 19, 34).
cost(9, 20, 14).
cost(9, 21, 33).
cost(9, 22, 37).
cost(9, 23, 38).
cost(9, 24, 28).
cost(9, 25, 18).
cost(9, 26, 51).
cost(9, 27, 63).
cost(9, 28, 34).
cost(10, 1, 48).
cost(10, 2, 74).
cost(10, 3, 25).
cost(10, 4, 38).
cost(10, 5, 66).
cost(10, 6, 74).
cost(10, 7, 72).
cost(10, 8, 65).
cost(10, 9, 42).
cost(10, 11, 62).
cost(10, 12, 71).
cost(10, 13, 39).
cost(10, 14, 38).
cost(10, 15, 60).
cost(10, 16, 52).
cost(10, 17, 59).
cost(10, 18, 62).
cost(10, 19, 8).
cost(10, 20, 55).
cost(10, 21, 73).
cost(10, 22, 68).
cost(10, 23, 5).
cost(10, 24, 15).
cost(10, 25, 58).
cost(10, 26, 46).
cost(10, 27, 58).
cost(10, 28, 69).
cost(11, 1, 59).
cost(11, 2, 62).
cost(11, 3, 37).
cost(11, 4, 64).
cost(11, 5, 28).
cost(11, 6, 48).
cost(11, 7, 74).
cost(11, 8, 10).
cost(11, 9, 52).
cost(11, 10, 62).
cost(11, 12, 44).
cost(11, 13, 40).
cost(11, 14, 26).
cost(11, 15, 75).
cost(11, 16, 29).
cost(11, 17, 13).
cost(11, 18, 14).
cost(11, 19, 57).
cost(11, 20, 52).
cost(11, 21, 55).
cost(11, 22, 30).
cost(11, 23, 58).
cost(11, 24, 51).
cost(11, 25, 49).
cost(11, 26, 22).
cost(11, 27, 22).
cost(11, 28, 38).
cost(12, 1, 34).
cost(12, 2, 19).
cost(12, 3, 54).
cost(12, 4, 46).
cost(12, 5, 17).
cost(12, 6, 4).
cost(12, 7, 34).
cost(12, 8, 35).
cost(12, 9, 33).
cost(12, 10, 71).
cost(12, 11, 44).
cost(12, 13, 72).
cost(12, 14, 53).
cost(12, 15, 43).
cost(12, 16, 69).
cost(12, 17, 56).
cost(12, 18, 31).
cost(12, 19, 63).
cost(12, 20, 22).
cost(12, 21, 11).
cost(12, 22, 15).
cost(12, 23, 66).
cost(12, 24, 56).
cost(12, 25, 16).
cost(12, 26, 58).
cost(12, 27, 64).
cost(12, 28, 6).
cost(13, 1, 68).
cost(13, 2, 84).
cost(13, 3, 24).
cost(13, 4, 64).
cost(13, 5, 60).
cost(13, 6, 76).
cost(13, 7, 90).
cost(13, 8, 47).
cost(13, 9, 59).
cost(13, 10, 39).
cost(13, 11, 40).
cost(13, 12, 72).
cost(13, 14, 19).
cost(13, 15, 84).
cost(13, 16, 15).
cost(13, 17, 29).
cost(13, 18, 48).
cost(13, 19, 39).
cost(13, 20, 68).
cost(13, 21, 80).
cost(13, 22, 62).
cost(13, 23, 37).
cost(13, 24, 37).
cost(13, 25, 68).
cost(13, 26, 17).
cost(13, 27, 23).
cost(13, 28, 68).
cost(14, 1, 52).
cost(14, 2, 66).
cost(14, 3, 14).
cost(14, 4, 51).
cost(14, 5, 41).
cost(14, 6, 57).
cost(14, 7, 73).
cost(14, 8, 31).
cost(14, 9, 43).
cost(14, 10, 38).
cost(14, 11, 26).
cost(14, 12, 53).
cost(14, 13, 19).
cost(14, 15, 68).
cost(14, 16, 20).
cost(14, 17, 21).
cost(14, 18, 31).
cost(14, 19, 34).
cost(14, 20, 50).
cost(14, 21, 61).
cost(14, 22, 43).
cost(14, 23, 34).
cost(14, 24, 29).
cost(14, 25, 50).
cost(14, 26, 9).
cost(14, 27, 22).
cost(14, 28, 49).
cost(15, 1, 16).
cost(15, 2, 29).
cost(15, 3, 59).
cost(15, 4, 22).
cost(15, 5, 54).
cost(15, 6, 42).
cost(15, 7, 16).
cost(15, 8, 68).
cost(15, 9, 25).
cost(15, 10, 60).
cost(15, 11, 75).
cost(15, 12, 43).
cost(15, 13, 84).
cost(15, 14, 68).
cost(15, 16, 88).
cost(15, 17, 81).
cost(15, 18, 64).
cost(15, 19, 53).
cost(15, 20, 24).
cost(15, 21, 35).
cost(15, 22, 53).
cost(15, 23, 57).
cost(15, 24, 50).
cost(15, 25, 28).
cost(15, 26, 76).
cost(15, 27, 87).
cost(15, 28, 47).
cost(16, 1, 72).
cost(16, 2, 84).
cost(16, 3, 32).
cost(16, 4, 71).
cost(16, 5, 54).
cost(16, 6, 73).
cost(16, 7, 92).
cost(16, 8, 39).
cost(16, 9, 63).
cost(16, 10, 52).
cost(16, 11, 29).
cost(16, 12, 69).
cost(16, 13, 15).
cost(16, 14, 20).
cost(16, 15, 88).
cost(16, 17, 17).
cost(16, 18, 41).
cost(16, 19, 50).
cost(16, 20, 69).
cost(16, 21, 78).
cost(16, 22, 57).
cost(16, 23, 49).
cost(16, 24, 47).
cost(16, 25, 68).
cost(16, 26, 12).
cost(16, 27, 9).
cost(16, 28, 64).
cost(17, 1, 66).
cost(17, 2, 72).
cost(17, 3, 34).
cost(17, 4, 68).
cost(17, 5, 39).
cost(17, 6, 59).
cost(17, 7, 83).
cost(17, 8, 22).
cost(17, 9, 57).
cost(17, 10, 59).
cost(17, 11, 13).
cost(17, 12, 56).
cost(17, 13, 29).
cost(17, 14, 21).
cost(17, 15, 81).
cost(17, 16, 17).
cost(17, 18, 25).
cost(17, 19, 55).
cost(17, 20, 60).
cost(17, 21, 66).
cost(17, 22, 42).
cost(17, 23, 55).
cost(17, 24, 49).
cost(17, 25, 58).
cost(17, 26, 14).
cost(17, 27, 9).
cost(17, 28, 50).
cost(18, 1, 49).
cost(18, 2, 48).
cost(18, 3, 39).
cost(18, 4, 56).
cost(18, 5, 14).
cost(18, 6, 34).
cost(18, 7, 61).
cost(18, 8, 5).
cost(18, 9, 43).
cost(18, 10, 62).
cost(18, 11, 14).
cost(18, 12, 31).
cost(18, 13, 48).
cost(18, 14, 31).
cost(18, 15, 64).
cost(18, 16, 41).
cost(18, 17, 25).
cost(18, 19, 56).
cost(18, 20, 40).
cost(18, 21, 41).
cost(18, 22, 17).
cost(18, 23, 58).
cost(18, 24, 49).
cost(18, 25, 37).
cost(18, 26, 31).
cost(18, 27, 35).
cost(18, 28, 25).
cost(19, 1, 40).
cost(19, 2, 66).
cost(19, 3, 20).
cost(19, 4, 31).
cost(19, 5, 59).
cost(19, 6, 66).
cost(19, 7, 64).
cost(19, 8, 58).
cost(19, 9, 34).
cost(19, 10, 8).
cost(19, 11, 57).
cost(19, 12, 63).
cost(19, 13, 39).
cost(19, 14, 34).
cost(19, 15, 53).
cost(19, 16, 50).
cost(19, 17, 55).
cost(19, 18, 56).
cost(19, 20, 47).
cost(19, 21, 65).
cost(19, 22, 60).
cost(19, 23, 5).
cost(19, 24, 7).
cost(19, 25, 50).
cost(19, 26, 42).
cost(19, 27, 55).
cost(19, 28, 61).
cost(20, 1, 13).
cost(20, 2, 19).
cost(20, 3, 45).
cost(20, 4, 25).
cost(20, 5, 31).
cost(20, 6, 23).
cost(20, 7, 23).
cost(20, 8, 45).
cost(20, 9, 14).
cost(20, 10, 55).
cost(20, 11, 52).
cost(20, 12, 22).
cost(20, 13, 68).
cost(20, 14, 50).
cost(20, 15, 24).
cost(20, 16, 69).
cost(20, 17, 60).
cost(20, 18, 40).
cost(20, 19, 47).
cost(20, 21, 19).
cost(20, 22, 30).
cost(20, 23, 51).
cost(20, 24, 41).
cost(20, 25, 5).
cost(20, 26, 57).
cost(20, 27, 67).
cost(20, 28, 24).
cost(21, 1, 31).
cost(21, 2, 8).
cost(21, 3, 60).
cost(21, 4, 44).
cost(21, 5, 28).
cost(21, 6, 8).
cost(21, 7, 24).
cost(21, 8, 46).
cost(21, 9, 33).
cost(21, 10, 73).
cost(21, 11, 55).
cost(21, 12, 11).
cost(21, 13, 80).
cost(21, 14, 61).
cost(21, 15, 35).
cost(21, 16, 78).
cost(21, 17, 66).
cost(21, 18, 41).
cost(21, 19, 65).
cost(21, 20, 19).
cost(21, 22, 25).
cost(21, 23, 69).
cost(21, 24, 59).
cost(21, 25, 15).
cost(21, 26, 66).
cost(21, 27, 74).
cost(21, 28, 17).
cost(22, 1, 41).
cost(22, 2, 33).
cost(22, 3, 47).
cost(22, 4, 51).
cost(22, 5, 3).
cost(22, 6, 18).
cost(22, 7, 47).
cost(22, 8, 21).
cost(22, 9, 37).
cost(22, 10, 68).
cost(22, 11, 30).
cost(22, 12, 15).
cost(22, 13, 62).
cost(22, 14, 43).
cost(22, 15, 53).
cost(22, 16, 57).
cost(22, 17, 42).
cost(22, 18, 17).
cost(22, 19, 60).
cost(22, 20, 30).
cost(22, 21, 25).
cost(22, 23, 63).
cost(22, 24, 53).
cost(22, 25, 25).
cost(22, 26, 46).
cost(22, 27, 51).
cost(22, 28, 9).
cost(23, 1, 45).
cost(23, 2, 70).
cost(23, 3, 20).
cost(23, 4, 36).
cost(23, 5, 61).
cost(23, 6, 69).
cost(23, 7, 69).
cost(23, 8, 60).
cost(23, 9, 38).
cost(23, 10, 5).
cost(23, 11, 58).
cost(23, 12, 66).
cost(23, 13, 37).
cost(23, 14, 34).
cost(23, 15, 57).
cost(23, 16, 49).
cost(23, 17, 55).
cost(23, 18, 58).
cost(23, 19, 5).
cost(23, 20, 51).
cost(23, 21, 69).
cost(23, 22, 63).
cost(23, 24, 10).
cost(23, 25, 54).
cost(23, 26, 42).
cost(23, 27, 54).
cost(23, 28, 64).
cost(24, 1, 36).
cost(24, 2, 60).
cost(24, 3, 15).
cost(24, 4, 29).
cost(24, 5, 51).
cost(24, 6, 59).
cost(24, 7, 60).
cost(24, 8, 51).
cost(24, 9, 28).
cost(24, 10, 15).
cost(24, 11, 51).
cost(24, 12, 56).
cost(24, 13, 37).
cost(24, 14, 29).
cost(24, 15, 50).
cost(24, 16, 47).
cost(24, 17, 49).
cost(24, 18, 49).
cost(24, 19, 7).
cost(24, 20, 41).
cost(24, 21, 59).
cost(24, 22, 53).
cost(24, 23, 10).
cost(24, 25, 44).
cost(24, 26, 38).
cost(24, 27, 50).
cost(24, 28, 54).
cost(25, 1, 18).
cost(25, 2, 17).
cost(25, 3, 46).
cost(25, 4, 30).
cost(25, 5, 26).
cost(25, 6, 18).
cost(25, 7, 24).
cost(25, 8, 42).
cost(25, 9, 18).
cost(25, 10, 58).
cost(25, 11, 49).
cost(25, 12, 16).
cost(25, 13, 68).
cost(25, 14, 50).
cost(25, 15, 28).
cost(25, 16, 68).
cost(25, 17, 58).
cost(25, 18, 37).
cost(25, 19, 50).
cost(25, 20, 5).
cost(25, 21, 15).
cost(25, 22, 25).
cost(25, 23, 54).
cost(25, 24, 44).
cost(25, 26, 56).
cost(25, 27, 66).
cost(25, 28, 19).
cost(26, 1, 60).
cost(26, 2, 72).
cost(26, 3, 22).
cost(26, 4, 60).
cost(26, 5, 43).
cost(26, 6, 62).
cost(26, 7, 80).
cost(26, 8, 30).
cost(26, 9, 51).
cost(26, 10, 46).
cost(26, 11, 22).
cost(26, 12, 58).
cost(26, 13, 17).
cost(26, 14, 9).
cost(26, 15, 76).
cost(26, 16, 12).
cost(26, 17, 14).
cost(26, 18, 31).
cost(26, 19, 42).
cost(26, 20, 57).
cost(26, 21, 66).
cost(26, 22, 46).
cost(26, 23, 42).
cost(26, 24, 38).
cost(26, 25, 56).
cost(26, 27, 13).
cost(26, 28, 53).
cost(27, 1, 71).
cost(27, 2, 80).
cost(27, 3, 35).
cost(27, 4, 72).
cost(27, 5, 48).
cost(27, 6, 68).
cost(27, 7, 90).
cost(27, 8, 32).
cost(27, 9, 63).
cost(27, 10, 58).
cost(27, 11, 22).
cost(27, 12, 64).
cost(27, 13, 23).
cost(27, 14, 22).
cost(27, 15, 87).
cost(27, 16, 9).
cost(27, 17, 9).
cost(27, 18, 35).
cost(27, 19, 55).
cost(27, 20, 67).
cost(27, 21, 74).
cost(27, 22, 51).
cost(27, 23, 54).
cost(27, 24, 50).
cost(27, 25, 66).
cost(27, 26, 13).
cost(27, 28, 59).
cost(28, 1, 37).
cost(28, 2, 25).
cost(28, 3, 51).
cost(28, 4, 48).
cost(28, 5, 11).
cost(28, 6, 10).
cost(28, 7, 40).
cost(28, 8, 29).
cost(28, 9, 34).
cost(28, 10, 69).
cost(28, 11, 38).
cost(28, 12, 6).
cost(28, 13, 68).
cost(28, 14, 49).
cost(28, 15, 47).
cost(28, 16, 64).
cost(28, 17, 50).
cost(28, 18, 25).
cost(28, 19, 61).
cost(28, 20, 24).
cost(28, 21, 17).
cost(28, 22, 9).
cost(28, 23, 64).
cost(28, 24, 54).
cost(28, 25, 19).
cost(28, 26, 53).
cost(28, 27, 59).
