dimension(28).
point(1, 41.7930416756, 49.501435594).
point(2, 48.5321442459, 85.544517914).
point(3, 85.6633777412, 52.7828194195).
point(4, 71.871016126, 73.215563565).
point(5, 59.0279918133, 95.3704303668).
point(6, 75.4980405838, 45.7563979798).
point(7, 24.4282956814, 38.3131386386).
point(8, 93.4633966812, 60.4508963873).
point(9, 82.6665707196, 93.0114289694).
point(10, 73.0122712751, 95.5033364627).
point(11, 41.8037434478, 41.0783878346).
point(12, 11.0199859563, 62.3189000888).
point(13, 58.014414512, 91.3492846497).
point(14, 43.8992035518, 31.7567606524).
point(15, 17.12014936, 46.2125648694).
point(16, 93.1197511587, 90.899843575).
point(17, 6.9916325084, 35.3783207042).
point(18, 27.793219293, 29.3858948868).
point(19, 28.0045097924, 46.8758242862).
point(20, 41.3175259269, 24.0301624665).
point(21, 54.5930720231, 96.9332006276).
point(22, 32.6002729821, 14.6500373132).
point(23, 48.0440880031, 22.2996733386).
point(24, 17.5470704271, 12.5286233698).
point(25, 54.8424151512, 21.5617599222).
point(26, 97.5825634999, 60.3901396512).
point(27, 47.1518745657, 97.9715750207).
point(28, 70.8027336667, 54.1473212426).
cost(1, 2, 37).
cost(1, 3, 44).
cost(1, 4, 38).
cost(1, 5, 49).
cost(1, 6, 34).
cost(1, 7, 21).
cost(1, 8, 53).
cost(1, 9, 60).
cost(1, 10, 56).
cost(1, 11, 8).
cost(1, 12, 33).
cost(1, 13, 45).
cost(1, 14, 18).
cost(1, 15, 25).
cost(1, 16, 66).
cost(1, 17, 38).
cost(1, 18, 25).
cost(1, 19, 14).
cost(1, 20, 25).
cost(1, 21, 49).
cost(1, 22, 36).
cost(1, 23, 28).
cost(1, 24, 44).
cost(1, 25, 31).
cost(1, 26, 57).
cost(1, 27, 49).
cost(1, 28, 29).
cost(2, 1, 37).
cost(2, 3, 50).
cost(2, 4, 26).
cost(2, 5, 14).
cost(2, 6, 48).
cost(2, 7, 53).
cost(2, 8, 51).
cost(2, 9, 35).
cost(2, 10, 26).
cost(2, 11, 45).
cost(2, 12, 44).
cost(2, 13, 11).
cost(2, 14, 54).
cost(2, 15, 50).
cost(2, 16, 45).
cost(2, 17, 65).
cost(2, 18, 60).
cost(2, 19, 44).
cost(2, 20, 62).
cost(2, 21, 13).
cost(2, 22, 73).
cost(2, 23, 63).
cost(2, 24, 79).
cost(2, 25, 64).
cost(2, 26, 55).
cost(2, 27, 13).
cost(2, 28, 38).
cost(3, 1, 44).
cost(3, 2, 50).
cost(3, 4, 25).
cost(3, 5, 50).
cost(3, 6, 12).
cost(3, 7, 63).
cost(3, 8, 11).
cost(3, 9, 40).
cost(3, 10, 45).
cost(3, 11, 45).
cost(3, 12, 75).
cost(3, 13, 47).
cost(3, 14, 47).
cost(3, 15, 69).
cost(3, 16, 39).
cost(3, 17, 81).
cost(3, 18, 62).
cost(3, 19, 58).
cost(3, 20, 53).
cost(3, 21, 54).
cost(3, 22, 65).
cost(3, 23, 48).
cost(3, 24, 79).
cost(3, 25, 44).
cost(3, 26, 14).
cost(3, 27, 59).
cost(3, 28, 15).
cost(4, 1, 38).
cost(4, 2, 26).
cost(4, 3, 25).
cost(4, 5, 26).
cost(4, 6, 28).
cost(4, 7, 59).
cost(4, 8, 25).
cost(4, 9, 23).
cost(4, 10, 22).
cost(4, 11, 44).
cost(4, 12, 62).
cost(4, 13, 23).
cost(4, 14, 50).
cost(4, 15, 61).
cost(4, 16, 28).
cost(4, 17, 75).
cost(4, 18, 62).
cost(4, 19, 51).
cost(4, 20, 58).
cost(4, 21, 29).
cost(4, 22, 71).
cost(4, 23, 56).
cost(4, 24, 81).
cost(4, 25, 54).
cost(4, 26, 29).
cost(4, 27, 35).
cost(4, 28, 19).
cost(5, 1, 49).
cost(5, 2, 14).
cost(5, 3, 50).
cost(5, 4, 26).
cost(5, 6, 52).
cost(5, 7, 67).
cost(5, 8, 49).
cost(5, 9, 24).
cost(5, 10, 14).
cost(5, 11, 57).
cost(5, 12, 58).
cost(5, 13, 4).
cost(5, 14, 65).
cost(5, 15, 65).
cost(5, 16, 34).
cost(5, 17, 79).
cost(5, 18, 73).
cost(5, 19, 58).
cost(5, 20, 74).
cost(5, 21, 5).
cost(5, 22, 85).
cost(5, 23, 74).
cost(5, 24, 93).
cost(5, 25, 74).
cost(5, 26, 52).
cost(5, 27, 12).
cost(5, 28, 43).
cost(6, 1, 34).
cost(6, 2, 48).
cost(6, 3, 12).
cost(6, 4, 28).
cost(6, 5, 52).
cost(6, 7, 52).
cost(6, 8, 23).
cost(6, 9, 48).
cost(6, 10, 50).
cost(6, 11, 34).
cost(6, 12, 67).
cost(6, 13, 49).
cost(6, 14, 35).
cost(6, 15, 58).
cost(6, 16, 48).
cost(6, 17, 69).
cost(6, 18, 50).
cost(6, 19, 48).
cost(6, 20, 41).
cost(6, 21, 55).
cost(6, 22, 53).
cost(6, 23, 36).
cost(6, 24, 67).
cost(6, 25, 32).
cost(6, 26, 26).
cost(6, 27, 59).
cost(6, 28, 10).
cost(7, 1, 21).
cost(7, 2, 53).
cost(7, 3, 63).
cost(7, 4, 59).
cost(7, 5, 67).
cost(7, 6, 52).
cost(7, 8, 72).
cost(7, 9, 80).
cost(7, 10, 75).
cost(7, 11, 18).
cost(7, 12, 27).
cost(7, 13, 63).
cost(7, 14, 21).
cost(7, 15, 11).
cost(7, 16, 87).
cost(7, 17, 18).
cost(7, 18, 10).
cost(7, 19, 9).
cost(7, 20, 22).
cost(7, 21, 66).
cost(7, 22, 25).
cost(7, 23, 29).
cost(7, 24, 27).
cost(7, 25, 35).
cost(7, 26, 76).
cost(7, 27, 64).
cost(7, 28, 49).
cost(8, 1, 53).
cost(8, 2, 51).
cost(8, 3, 11).
cost(8, 4, 25).
cost(8, 5, 49).
cost(8, 6, 23).
cost(8, 7, 72).
cost(8, 9, 34).
cost(8, 10, 41).
cost(8, 11, 55).
cost(8, 12, 82).
cost(8, 13, 47).
cost(8, 14, 57).
cost(8, 15, 78).
cost(8, 16, 30).
cost(8, 17, 90).
cost(8, 18, 73).
cost(8, 19, 67).
cost(8, 20, 64).
cost(8, 21, 53).
cost(8, 22, 76).
cost(8, 23, 59).
cost(8, 24, 90).
cost(8, 25, 55).
cost(8, 26, 4).
cost(8, 27, 60).
cost(8, 28, 24).
cost(9, 1, 60).
cost(9, 2, 35).
cost(9, 3, 40).
cost(9, 4, 23).
cost(9, 5, 24).
cost(9, 6, 48).
cost(9, 7, 80).
cost(9, 8, 34).
cost(9, 10, 10).
cost(9, 11, 66).
cost(9, 12, 78).
cost(9, 13, 25).
cost(9, 14, 72).
cost(9, 15, 81).
cost(9, 16, 11).
cost(9, 17, 95).
cost(9, 18, 84).
cost(9, 19, 72).
cost(9, 20, 80).
cost(9, 21, 28).
cost(9, 22, 93).
cost(9, 23, 79).
cost(9, 24, 104).
cost(9, 25, 77).
cost(9, 26, 36).
cost(9, 27, 36).
cost(9, 28, 41).
cost(10, 1, 56).
cost(10, 2, 26).
cost(10, 3, 45).
cost(10, 4, 22).
cost(10, 5, 14).
cost(10, 6, 50).
cost(10, 7, 75).
cost(10, 8, 41).
cost(10, 9, 10).
cost(10, 11, 63).
cost(10, 12, 70).
cost(10, 13, 16).
cost(10, 14, 70).
cost(10, 15, 75).
cost(10, 16, 21).
cost(10, 17, 89).
cost(10, 18, 80).
cost(10, 19, 66).
cost(10, 20, 78).
cost(10, 21, 18).
cost(10, 22, 90).
cost(10, 23, 77).
cost(10, 24, 100).
cost(10, 25, 76).
cost(10, 26, 43).
cost(10, 27, 26).
cost(10, 28, 41).
cost(11, 1, 8).
cost(11, 2, 45).
cost(11, 3, 45).
cost(11, 4, 44).
cost(11, 5, 57).
cost(11, 6, 34).
cost(11, 7, 18).
cost(11, 8, 55).
cost(11, 9, 66).
cost(11, 10, 63).
cost(11, 12, 37).
cost(11, 13, 53).
cost(11, 14, 10).
cost(11, 15, 25).
cost(11, 16, 72).
cost(11, 17, 35).
cost(11, 18, 18).
cost(11, 19, 15).
cost(11, 20, 17).
cost(11, 21, 57).
cost(11, 22, 28).
cost(11, 23, 20).
cost(11, 24, 37).
cost(11, 25, 23).
cost(11, 26, 59).
cost(11, 27, 57).
cost(11, 28, 32).
cost(12, 1, 33).
cost(12, 2, 44).
cost(12, 3, 75).
cost(12, 4, 62).
cost(12, 5, 58).
cost(12, 6, 67).
cost(12, 7, 27).
cost(12, 8, 82).
cost(12, 9, 78).
cost(12, 10, 70).
cost(12, 11, 37).
cost(12, 13, 55).
cost(12, 14, 45).
cost(12, 15, 17).
cost(12, 16, 87).
cost(12, 17, 27).
cost(12, 18, 37).
cost(12, 19, 23).
cost(12, 20, 49).
cost(12, 21, 56).
cost(12, 22, 52).
cost(12, 23, 55).
cost(12, 24, 50).
cost(12, 25, 60).
cost(12, 26, 87).
cost(12, 27, 51).
cost(12, 28, 60).
cost(13, 1, 45).
cost(13, 2, 11).
cost(13, 3, 47).
cost(13, 4, 23).
cost(13, 5, 4).
cost(13, 6, 49).
cost(13, 7, 63).
cost(13, 8, 47).
cost(13, 9, 25).
cost(13, 10, 16).
cost(13, 11, 53).
cost(13, 12, 55).
cost(13, 14, 61).
cost(13, 15, 61).
cost(13, 16, 35).
cost(13, 17, 76).
cost(13, 18, 69).
cost(13, 19, 54).
cost(13, 20, 69).
cost(13, 21, 7).
cost(13, 22, 81).
cost(13, 23, 70).
cost(13, 24, 89).
cost(13, 25, 70).
cost(13, 26, 50).
cost(13, 27, 13).
cost(13, 28, 39).
cost(14, 1, 18).
cost(14, 2, 54).
cost(14, 3, 47).
cost(14, 4, 50).
cost(14, 5, 65).
cost(14, 6, 35).
cost(14, 7, 21).
cost(14, 8, 57).
cost(14, 9, 72).
cost(14, 10, 70).
cost(14, 11, 10).
cost(14, 12, 45).
cost(14, 13, 61).
cost(14, 15, 30).
cost(14, 16, 77).
cost(14, 17, 37).
cost(14, 18, 16).
cost(14, 19, 22).
cost(14, 20, 8).
cost(14, 21, 66).
cost(14, 22, 21).
cost(14, 23, 10).
cost(14, 24, 33).
cost(14, 25, 15).
cost(14, 26, 61).
cost(14, 27, 66).
cost(14, 28, 35).
cost(15, 1, 25).
cost(15, 2, 50).
cost(15, 3, 69).
cost(15, 4, 61).
cost(15, 5, 65).
cost(15, 6, 58).
cost(15, 7, 11).
cost(15, 8, 78).
cost(15, 9, 81).
cost(15, 10, 75).
cost(15, 11, 25).
cost(15, 12, 17).
cost(15, 13, 61).
cost(15, 14, 30).
cost(15, 16, 88).
cost(15, 17, 15).
cost(15, 18, 20).
cost(15, 19, 11).
cost(15, 20, 33).
cost(15, 21, 63).
cost(15, 22, 35).
cost(15, 23, 39).
cost(15, 24, 34).
cost(15, 25, 45).
cost(15, 26, 82).
cost(15, 27, 60).
cost(15, 28, 54).
cost(16, 1, 66).
cost(16, 2, 45).
cost(16, 3, 39).
cost(16, 4, 28).
cost(16, 5, 34).
cost(16, 6, 48).
cost(16, 7, 87).
cost(16, 8, 30).
cost(16, 9, 11).
cost(16, 10, 21).
cost(16, 11, 72).
cost(16, 12, 87).
cost(16, 13, 35).
cost(16, 14, 77).
cost(16, 15, 88).
cost(16, 17, 102).
cost(16, 18, 90).
cost(16, 19, 79).
cost(16, 20, 85).
cost(16, 21, 39).
cost(16, 22, 97).
cost(16, 23, 82).
cost(16, 24, 109).
cost(16, 25, 79).
cost(16, 26, 31).
cost(16, 27, 47).
cost(16, 28, 43).
cost(17, 1, 38).
cost(17, 2, 65).
cost(17, 3, 81).
cost(17, 4, 75).
cost(17, 5, 79).
cost(17, 6, 69).
cost(17, 7, 18).
cost(17, 8, 90).
cost(17, 9, 95).
cost(17, 10, 89).
cost(17, 11, 35).
cost(17, 12, 27).
cost(17, 13, 76).
cost(17, 14, 37).
cost(17, 15, 15).
cost(17, 16, 102).
cost(17, 18, 22).
cost(17, 19, 24).
cost(17, 20, 36).
cost(17, 21, 78).
cost(17, 22, 33).
cost(17, 23, 43).
cost(17, 24, 25).
cost(17, 25, 50).
cost(17, 26, 94).
cost(17, 27, 74).
cost(17, 28, 67).
cost(18, 1, 25).
cost(18, 2, 60).
cost(18, 3, 62).
cost(18, 4, 62).
cost(18, 5, 73).
cost(18, 6, 50).
cost(18, 7, 10).
cost(18, 8, 73).
cost(18, 9, 84).
cost(18, 10, 80).
cost(18, 11, 18).
cost(18, 12, 37).
cost(18, 13, 69).
cost(18, 14, 16).
cost(18, 15, 20).
cost(18, 16, 90).
cost(18, 17, 22).
cost(18, 19, 17).
cost(18, 20, 15).
cost(18, 21, 73).
cost(18, 22, 16).
cost(18, 23, 21).
cost(18, 24, 20).
cost(18, 25, 28).
cost(18, 26, 76).
cost(18, 27, 71).
cost(18, 28, 50).
cost(19, 1, 14).
cost(19, 2, 44).
cost(19, 3, 58).
cost(19, 4, 51).
cost(19, 5, 58).
cost(19, 6, 48).
cost(19, 7, 9).
cost(19, 8, 67).
cost(19, 9, 72).
cost(19, 10, 66).
cost(19, 11, 15).
cost(19, 12, 23).
cost(19, 13, 54).
cost(19, 14, 22).
cost(19, 15, 11).
cost(19, 16, 79).
cost(19, 17, 24).
cost(19, 18, 17).
cost(19, 20, 26).
cost(19, 21, 57).
cost(19, 22, 33).
cost(19, 23, 32).
cost(19, 24, 36).
cost(19, 25, 37).
cost(19, 26, 71).
cost(19, 27, 55).
cost(19, 28, 43).
cost(20, 1, 25).
cost(20, 2, 62).
cost(20, 3, 53).
cost(20, 4, 58).
cost(20, 5, 74).
cost(20, 6, 41).
cost(20, 7, 22).
cost(20, 8, 64).
cost(20, 9, 80).
cost(20, 10, 78).
cost(20, 11, 17).
cost(20, 12, 49).
cost(20, 13, 69).
cost(20, 14, 8).
cost(20, 15, 33).
cost(20, 16, 85).
cost(20, 17, 36).
cost(20, 18, 15).
cost(20, 19, 26).
cost(20, 21, 74).
cost(20, 22, 13).
cost(20, 23, 7).
cost(20, 24, 26).
cost(20, 25, 14).
cost(20, 26, 67).
cost(20, 27, 74).
cost(20, 28, 42).
cost(21, 1, 49).
cost(21, 2, 13).
cost(21, 3, 54).
cost(21, 4, 29).
cost(21, 5, 5).
cost(21, 6, 55).
cost(21, 7, 66).
cost(21, 8, 53).
cost(21, 9, 28).
cost(21, 10, 18).
cost(21, 11, 57).
cost(21, 12, 56).
cost(21, 13, 7).
cost(21, 14, 66).
cost(21, 15, 63).
cost(21, 16, 39).
cost(21, 17, 78).
cost(21, 18, 73).
cost(21, 19, 57).
cost(21, 20, 74).
cost(21, 22, 85).
cost(21, 23, 75).
cost(21, 24, 92).
cost(21, 25, 75).
cost(21, 26, 56).
cost(21, 27, 8).
cost(21, 28, 46).
cost(22, 1, 36).
cost(22, 2, 73).
cost(22, 3, 65).
cost(22, 4, 71).
cost(22, 5, 85).
cost(22, 6, 53).
cost(22, 7, 25).
cost(22, 8, 76).
cost(22, 9, 93).
cost(22, 10, 90).
cost(22, 11, 28).
cost(22, 12, 52).
cost(22, 13, 81).
cost(22, 14, 21).
cost(22, 15, 35).
cost(22, 16, 97).
cost(22, 17, 33).
cost(22, 18, 16).
cost(22, 19, 33).
cost(22, 20, 13).
cost(22, 21, 85).
cost(22, 23, 17).
cost(22, 24, 15).
cost(22, 25, 23).
cost(22, 26, 79).
cost(22, 27, 85).
cost(22, 28, 55).
cost(23, 1, 28).
cost(23, 2, 63).
cost(23, 3, 48).
cost(23, 4, 56).
cost(23, 5, 74).
cost(23, 6, 36).
cost(23, 7, 29).
cost(23, 8, 59).
cost(23, 9, 79).
cost(23, 10, 77).
cost(23, 11, 20).
cost(23, 12, 55).
cost(23, 13, 70).
cost(23, 14, 10).
cost(23, 15, 39).
cost(23, 16, 82).
cost(23, 17, 43).
cost(23, 18, 21).
cost(23, 19, 32).
cost(23, 20, 7).
cost(23, 21, 75).
cost(23, 22, 17).
cost(23, 24, 32).
cost(23, 25, 7).
cost(23, 26, 62).
cost(23, 27, 76).
cost(23, 28, 39).
cost(24, 1, 44).
cost(24, 2, 79).
cost(24, 3, 79).
cost(24, 4, 81).
cost(24, 5, 93).
cost(24, 6, 67).
cost(24, 7, 27).
cost(24, 8, 90).
cost(24, 9, 104).
cost(24, 10, 100).
cost(24, 11, 37).
cost(24, 12, 50).
cost(24, 13, 89).
cost(24, 14, 33).
cost(24, 15, 34).
cost(24, 16, 109).
cost(24, 17, 25).
cost(24, 18, 20).
cost(24, 19, 36).
cost(24, 20, 26).
cost(24, 21, 92).
cost(24, 22, 15).
cost(24, 23, 32).
cost(24, 25, 38).
cost(24, 26, 93).
cost(24, 27, 90).
cost(24, 28, 68).
cost(25, 1, 31).
cost(25, 2, 64).
cost(25, 3, 44).
cost(25, 4, 54).
cost(25, 5, 74).
cost(25, 6, 32).
cost(25, 7, 35).
cost(25, 8, 55).
cost(25, 9, 77).
cost(25, 10, 76).
cost(25, 11, 23).
cost(25, 12, 60).
cost(25, 13, 70).
cost(25, 14, 15).
cost(25, 15, 45).
cost(25, 16, 79).
cost(25, 17, 50).
cost(25, 18, 28).
cost(25, 19, 37).
cost(25, 20, 14).
cost(25, 21, 75).
cost(25, 22, 23).
cost(25, 23, 7).
cost(25, 24, 38).
cost(25, 26, 58).
cost(25, 27, 77).
cost(25, 28, 36).
cost(26, 1, 57).
cost(26, 2, 55).
cost(26, 3, 14).
cost(26, 4, 29).
cost(26, 5, 52).
cost(26, 6, 26).
cost(26, 7, 76).
cost(26, 8, 4).
cost(26, 9, 36).
cost(26, 10, 43).
cost(26, 11, 59).
cost(26, 12, 87).
cost(26, 13, 50).
cost(26, 14, 61).
cost(26, 15, 82).
cost(26, 16, 31).
cost(26, 17, 94).
cost(26, 18, 76).
cost(26, 19, 71).
cost(26, 20, 67).
cost(26, 21, 56).
cost(26, 22, 79).
cost(26, 23, 62).
cost(26, 24, 93).
cost(26, 25, 58).
cost(26, 27, 63).
cost(26, 28, 27).
cost(27, 1, 49).
cost(27, 2, 13).
cost(27, 3, 59).
cost(27, 4, 35).
cost(27, 5, 12).
cost(27, 6, 59).
cost(27, 7, 64).
cost(27, 8, 60).
cost(27, 9, 36).
cost(27, 10, 26).
cost(27, 11, 57).
cost(27, 12, 51).
cost(27, 13, 13).
cost(27, 14, 66).
cost(27, 15, 60).
cost(27, 16, 47).
cost(27, 17, 74).
cost(27, 18, 71).
cost(27, 19, 55).
cost(27, 20, 74).
cost(27, 21, 8).
cost(27, 22, 85).
cost(27, 23, 76).
cost(27, 24, 90).
cost(27, 25, 77).
cost(27, 26, 63).
cost(27, 28, 50).
cost(28, 1, 29).
cost(28, 2, 38).
cost(28, 3, 15).
cost(28, 4, 19).
cost(28, 5, 43).
cost(28, 6, 10).
cost(28, 7, 49).
cost(28, 8, 24).
cost(28, 9, 41).
cost(28, 10, 41).
cost(28, 11, 32).
cost(28, 12, 60).
cost(28, 13, 39).
cost(28, 14, 35).
cost(28, 15, 54).
cost(28, 16, 43).
cost(28, 17, 67).
cost(28, 18, 50).
cost(28, 19, 43).
cost(28, 20, 42).
cost(28, 21, 46).
cost(28, 22, 55).
cost(28, 23, 39).
cost(28, 24, 68).
cost(28, 25, 36).
cost(28, 26, 27).
cost(28, 27, 50).
