dimension(28).
point(1, 26.7161816753, 11.6556025515).
point(2, 8.6183033598, 22.6201587908).
point(3, 64.3627471947, 56.8406378017).
point(4, 3.4262016245, 17.3168777501).
point(5, 10.814433849, 29.792549971).
point(6, 94.8793844958, 47.3411597336).
point(7, 42.8635603639, 76.2449932768).
point(8, 53.2797397474, 66.8001738314).
point(9, 89.2055650239, 44.502427639).
point(10, 15.1044107881, 5.9293331477).
point(11, 19.184927775, 20.4927211354).
point(12, 44.2693012122, 8.6955136187).
point(13, 90.8886352181, 47.7501403538).
point(14, 86.4943100009, 42.8748682696).
point(15, 74.3908864889, 53.4941546555).
point(16, 71.2555496516, 66.2969569789).
point(17, 38.1036643213, 24.9592353664).
point(18, 55.1130134793, 81.0032569728).
point(19, 47.6149603042, 66.9393079453).
point(20, 36.358396404, 1.595009641).
point(21, 22.4789013561, 35.5574203319).
point(22, 69.8878091448, 81.6981960293).
point(23, 59.2608914555, 57.8415468268).
point(24, 56.4381586779, 62.9414439951).
point(25, 14.524475868, 23.8897753868).
point(26, 39.1936424918, 24.2369143661).
point(27, 32.8931820365, 16.5489243963).
point(28, 10.2545355322, 24.6662475685).
cost(1, 2, 21).
cost(1, 3, 59).
cost(1, 4, 24).
cost(1, 5, 24).
cost(1, 6, 77).
cost(1, 7, 67).
cost(1, 8, 61).
cost(1, 9, 71).
cost(1, 10, 13).
cost(1, 11, 12).
cost(1, 12, 18).
cost(1, 13, 74).
cost(1, 14, 67).
cost(1, 15, 63).
cost(1, 16, 70).
cost(1, 17, 18).
cost(1, 18, 75).
cost(1, 19, 59).
cost(1, 20, 14).
cost(1, 21, 24).
cost(1, 22, 82).
cost(1, 23, 57).
cost(1, 24, 59).
cost(1, 25, 17).
cost(1, 26, 18).
cost(1, 27, 8).
cost(1, 28, 21).
cost(2, 1, 21).
cost(2, 3, 65).
cost(2, 4, 7).
cost(2, 5, 8).
cost(2, 6, 90).
cost(2, 7, 64).
cost(2, 8, 63).
cost(2, 9, 84).
cost(2, 10, 18).
cost(2, 11, 11).
cost(2, 12, 38).
cost(2, 13, 86).
cost(2, 14, 80).
cost(2, 15, 73).
cost(2, 16, 76).
cost(2, 17, 30).
cost(2, 18, 75).
cost(2, 19, 59).
cost(2, 20, 35).
cost(2, 21, 19).
cost(2, 22, 85).
cost(2, 23, 62).
cost(2, 24, 63).
cost(2, 25, 6).
cost(2, 26, 31).
cost(2, 27, 25).
cost(2, 28, 3).
cost(3, 1, 59).
cost(3, 2, 65).
cost(3, 4, 73).
cost(3, 5, 60).
cost(3, 6, 32).
cost(3, 7, 29).
cost(3, 8, 15).
cost(3, 9, 28).
cost(3, 10, 71).
cost(3, 11, 58).
cost(3, 12, 52).
cost(3, 13, 28).
cost(3, 14, 26).
cost(3, 15, 11).
cost(3, 16, 12).
cost(3, 17, 41).
cost(3, 18, 26).
cost(3, 19, 20).
cost(3, 20, 62).
cost(3, 21, 47).
cost(3, 22, 25).
cost(3, 23, 5).
cost(3, 24, 10).
cost(3, 25, 60).
cost(3, 26, 41).
cost(3, 27, 51).
cost(3, 28, 63).
cost(4, 1, 24).
cost(4, 2, 7).
cost(4, 3, 73).
cost(4, 5, 14).
cost(4, 6, 96).
cost(4, 7, 71).
cost(4, 8, 70).
cost(4, 9, 90).
cost(4, 10, 16).
cost(4, 11, 16).
cost(4, 12, 42).
cost(4, 13, 93).
cost(4, 14, 87).
cost(4, 15, 80).
cost(4, 16, 84).
cost(4, 17, 36).
cost(4, 18, 82).
cost(4, 19, 66).
cost(4, 20, 36).
cost(4, 21, 26).
cost(4, 22, 93).
cost(4, 23, 69).
cost(4, 24, 70).
cost(4, 25, 13).
cost(4, 26, 36).
cost(4, 27, 29).
cost(4, 28, 10).
cost(5, 1, 24).
cost(5, 2, 8).
cost(5, 3, 60).
cost(5, 4, 14).
cost(5, 6, 86).
cost(5, 7, 56).
cost(5, 8, 56).
cost(5, 9, 80).
cost(5, 10, 24).
cost(5, 11, 13).
cost(5, 12, 40).
cost(5, 13, 82).
cost(5, 14, 77).
cost(5, 15, 68).
cost(5, 16, 71).
cost(5, 17, 28).
cost(5, 18, 68).
cost(5, 19, 52).
cost(5, 20, 38).
cost(5, 21, 13).
cost(5, 22, 79).
cost(5, 23, 56).
cost(5, 24, 56).
cost(5, 25, 7).
cost(5, 26, 29).
cost(5, 27, 26).
cost(5, 28, 5).
cost(6, 1, 77).
cost(6, 2, 90).
cost(6, 3, 32).
cost(6, 4, 96).
cost(6, 5, 86).
cost(6, 7, 60).
cost(6, 8, 46).
cost(6, 9, 6).
cost(6, 10, 90).
cost(6, 11, 80).
cost(6, 12, 64).
cost(6, 13, 4).
cost(6, 14, 10).
cost(6, 15, 21).
cost(6, 16, 30).
cost(6, 17, 61).
cost(6, 18, 52).
cost(6, 19, 51).
cost(6, 20, 74).
cost(6, 21, 73).
cost(6, 22, 42).
cost(6, 23, 37).
cost(6, 24, 41).
cost(6, 25, 84).
cost(6, 26, 60).
cost(6, 27, 69).
cost(6, 28, 88).
cost(7, 1, 67).
cost(7, 2, 64).
cost(7, 3, 29).
cost(7, 4, 71).
cost(7, 5, 56).
cost(7, 6, 60).
cost(7, 8, 14).
cost(7, 9, 56).
cost(7, 10, 76).
cost(7, 11, 61).
cost(7, 12, 68).
cost(7, 13, 56).
cost(7, 14, 55).
cost(7, 15, 39).
cost(7, 16, 30).
cost(7, 17, 52).
cost(7, 18, 13).
cost(7, 19, 10).
cost(7, 20, 75).
cost(7, 21, 46).
cost(7, 22, 28).
cost(7, 23, 25).
cost(7, 24, 19).
cost(7, 25, 60).
cost(7, 26, 52).
cost(7, 27, 61).
cost(7, 28, 61).
cost(8, 1, 61).
cost(8, 2, 63).
cost(8, 3, 15).
cost(8, 4, 70).
cost(8, 5, 56).
cost(8, 6, 46).
cost(8, 7, 14).
cost(8, 9, 42).
cost(8, 10, 72).
cost(8, 11, 58).
cost(8, 12, 59).
cost(8, 13, 42).
cost(8, 14, 41).
cost(8, 15, 25).
cost(8, 16, 18).
cost(8, 17, 45).
cost(8, 18, 14).
cost(8, 19, 6).
cost(8, 20, 67).
cost(8, 21, 44).
cost(8, 22, 22).
cost(8, 23, 11).
cost(8, 24, 5).
cost(8, 25, 58).
cost(8, 26, 45).
cost(8, 27, 54).
cost(8, 28, 60).
cost(9, 1, 71).
cost(9, 2, 84).
cost(9, 3, 28).
cost(9, 4, 90).
cost(9, 5, 80).
cost(9, 6, 6).
cost(9, 7, 56).
cost(9, 8, 42).
cost(9, 10, 84).
cost(9, 11, 74).
cost(9, 12, 57).
cost(9, 13, 4).
cost(9, 14, 3).
cost(9, 15, 17).
cost(9, 16, 28).
cost(9, 17, 55).
cost(9, 18, 50).
cost(9, 19, 47).
cost(9, 20, 68).
cost(9, 21, 67).
cost(9, 22, 42).
cost(9, 23, 33).
cost(9, 24, 38).
cost(9, 25, 77).
cost(9, 26, 54).
cost(9, 27, 63).
cost(9, 28, 81).
cost(10, 1, 13).
cost(10, 2, 18).
cost(10, 3, 71).
cost(10, 4, 16).
cost(10, 5, 24).
cost(10, 6, 90).
cost(10, 7, 76).
cost(10, 8, 72).
cost(10, 9, 84).
cost(10, 11, 15).
cost(10, 12, 29).
cost(10, 13, 87).
cost(10, 14, 80).
cost(10, 15, 76).
cost(10, 16, 82).
cost(10, 17, 30).
cost(10, 18, 85).
cost(10, 19, 69).
cost(10, 20, 22).
cost(10, 21, 31).
cost(10, 22, 93).
cost(10, 23, 68).
cost(10, 24, 70).
cost(10, 25, 18).
cost(10, 26, 30).
cost(10, 27, 21).
cost(10, 28, 19).
cost(11, 1, 12).
cost(11, 2, 11).
cost(11, 3, 58).
cost(11, 4, 16).
cost(11, 5, 13).
cost(11, 6, 80).
cost(11, 7, 61).
cost(11, 8, 58).
cost(11, 9, 74).
cost(11, 10, 15).
cost(11, 12, 28).
cost(11, 13, 77).
cost(11, 14, 71).
cost(11, 15, 64).
cost(11, 16, 69).
cost(11, 17, 19).
cost(11, 18, 70).
cost(11, 19, 54).
cost(11, 20, 26).
cost(11, 21, 15).
cost(11, 22, 79).
cost(11, 23, 55).
cost(11, 24, 56).
cost(11, 25, 6).
cost(11, 26, 20).
cost(11, 27, 14).
cost(11, 28, 10).
cost(12, 1, 18).
cost(12, 2, 38).
cost(12, 3, 52).
cost(12, 4, 42).
cost(12, 5, 40).
cost(12, 6, 64).
cost(12, 7, 68).
cost(12, 8, 59).
cost(12, 9, 57).
cost(12, 10, 29).
cost(12, 11, 28).
cost(12, 13, 61).
cost(12, 14, 54).
cost(12, 15, 54).
cost(12, 16, 64).
cost(12, 17, 17).
cost(12, 18, 73).
cost(12, 19, 58).
cost(12, 20, 11).
cost(12, 21, 35).
cost(12, 22, 77).
cost(12, 23, 51).
cost(12, 24, 56).
cost(12, 25, 33).
cost(12, 26, 16).
cost(12, 27, 14).
cost(12, 28, 38).
cost(13, 1, 74).
cost(13, 2, 86).
cost(13, 3, 28).
cost(13, 4, 93).
cost(13, 5, 82).
cost(13, 6, 4).
cost(13, 7, 56).
cost(13, 8, 42).
cost(13, 9, 4).
cost(13, 10, 87).
cost(13, 11, 77).
cost(13, 12, 61).
cost(13, 14, 7).
cost(13, 15, 17).
cost(13, 16, 27).
cost(13, 17, 57).
cost(13, 18, 49).
cost(13, 19, 47).
cost(13, 20, 71).
cost(13, 21, 69).
cost(13, 22, 40).
cost(13, 23, 33).
cost(13, 24, 38).
cost(13, 25, 80).
cost(13, 26, 57).
cost(13, 27, 66).
cost(13, 28, 84).
cost(14, 1, 67).
cost(14, 2, 80).
cost(14, 3, 26).
cost(14, 4, 87).
cost(14, 5, 77).
cost(14, 6, 10).
cost(14, 7, 55).
cost(14, 8, 41).
cost(14, 9, 3).
cost(14, 10, 80).
cost(14, 11, 71).
cost(14, 12, 54).
cost(14, 13, 7).
cost(14, 15, 16).
cost(14, 16, 28).
cost(14, 17, 52).
cost(14, 18, 49).
cost(14, 19, 46).
cost(14, 20, 65).
cost(14, 21, 64).
cost(14, 22, 42).
cost(14, 23, 31).
cost(14, 24, 36).
cost(14, 25, 74).
cost(14, 26, 51).
cost(14, 27, 60).
cost(14, 28, 78).
cost(15, 1, 63).
cost(15, 2, 73).
cost(15, 3, 11).
cost(15, 4, 80).
cost(15, 5, 68).
cost(15, 6, 21).
cost(15, 7, 39).
cost(15, 8, 25).
cost(15, 9, 17).
cost(15, 10, 76).
cost(15, 11, 64).
cost(15, 12, 54).
cost(15, 13, 17).
cost(15, 14, 16).
cost(15, 16, 13).
cost(15, 17, 46).
cost(15, 18, 34).
cost(15, 19, 30).
cost(15, 20, 64).
cost(15, 21, 55).
cost(15, 22, 29).
cost(15, 23, 16).
cost(15, 24, 20).
cost(15, 25, 67).
cost(15, 26, 46).
cost(15, 27, 56).
cost(15, 28, 70).
cost(16, 1, 70).
cost(16, 2, 76).
cost(16, 3, 12).
cost(16, 4, 84).
cost(16, 5, 71).
cost(16, 6, 30).
cost(16, 7, 30).
cost(16, 8, 18).
cost(16, 9, 28).
cost(16, 10, 82).
cost(16, 11, 69).
cost(16, 12, 64).
cost(16, 13, 27).
cost(16, 14, 28).
cost(16, 15, 13).
cost(16, 17, 53).
cost(16, 18, 22).
cost(16, 19, 24).
cost(16, 20, 74).
cost(16, 21, 58).
cost(16, 22, 15).
cost(16, 23, 15).
cost(16, 24, 15).
cost(16, 25, 71).
cost(16, 26, 53).
cost(16, 27, 63).
cost(16, 28, 74).
cost(17, 1, 18).
cost(17, 2, 30).
cost(17, 3, 41).
cost(17, 4, 36).
cost(17, 5, 28).
cost(17, 6, 61).
cost(17, 7, 52).
cost(17, 8, 45).
cost(17, 9, 55).
cost(17, 10, 30).
cost(17, 11, 19).
cost(17, 12, 17).
cost(17, 13, 57).
cost(17, 14, 52).
cost(17, 15, 46).
cost(17, 16, 53).
cost(17, 18, 59).
cost(17, 19, 43).
cost(17, 20, 23).
cost(17, 21, 19).
cost(17, 22, 65).
cost(17, 23, 39).
cost(17, 24, 42).
cost(17, 25, 24).
cost(17, 26, 1).
cost(17, 27, 10).
cost(17, 28, 28).
cost(18, 1, 75).
cost(18, 2, 75).
cost(18, 3, 26).
cost(18, 4, 82).
cost(18, 5, 68).
cost(18, 6, 52).
cost(18, 7, 13).
cost(18, 8, 14).
cost(18, 9, 50).
cost(18, 10, 85).
cost(18, 11, 70).
cost(18, 12, 73).
cost(18, 13, 49).
cost(18, 14, 49).
cost(18, 15, 34).
cost(18, 16, 22).
cost(18, 17, 59).
cost(18, 19, 16).
cost(18, 20, 82).
cost(18, 21, 56).
cost(18, 22, 15).
cost(18, 23, 24).
cost(18, 24, 18).
cost(18, 25, 70).
cost(18, 26, 59).
cost(18, 27, 68).
cost(18, 28, 72).
cost(19, 1, 59).
cost(19, 2, 59).
cost(19, 3, 20).
cost(19, 4, 66).
cost(19, 5, 52).
cost(19, 6, 51).
cost(19, 7, 10).
cost(19, 8, 6).
cost(19, 9, 47).
cost(19, 10, 69).
cost(19, 11, 54).
cost(19, 12, 58).
cost(19, 13, 47).
cost(19, 14, 46).
cost(19, 15, 30).
cost(19, 16, 24).
cost(19, 17, 43).
cost(19, 18, 16).
cost(19, 20, 66).
cost(19, 21, 40).
cost(19, 22, 27).
cost(19, 23, 15).
cost(19, 24, 10).
cost(19, 25, 54).
cost(19, 26, 44).
cost(19, 27, 52).
cost(19, 28, 56).
cost(20, 1, 14).
cost(20, 2, 35).
cost(20, 3, 62).
cost(20, 4, 36).
cost(20, 5, 38).
cost(20, 6, 74).
cost(20, 7, 75).
cost(20, 8, 67).
cost(20, 9, 68).
cost(20, 10, 22).
cost(20, 11, 26).
cost(20, 12, 11).
cost(20, 13, 71).
cost(20, 14, 65).
cost(20, 15, 64).
cost(20, 16, 74).
cost(20, 17, 23).
cost(20, 18, 82).
cost(20, 19, 66).
cost(20, 21, 37).
cost(20, 22, 87).
cost(20, 23, 61).
cost(20, 24, 65).
cost(20, 25, 31).
cost(20, 26, 23).
cost(20, 27, 15).
cost(20, 28, 35).
cost(21, 1, 24).
cost(21, 2, 19).
cost(21, 3, 47).
cost(21, 4, 26).
cost(21, 5, 13).
cost(21, 6, 73).
cost(21, 7, 46).
cost(21, 8, 44).
cost(21, 9, 67).
cost(21, 10, 31).
cost(21, 11, 15).
cost(21, 12, 35).
cost(21, 13, 69).
cost(21, 14, 64).
cost(21, 15, 55).
cost(21, 16, 58).
cost(21, 17, 19).
cost(21, 18, 56).
cost(21, 19, 40).
cost(21, 20, 37).
cost(21, 22, 66).
cost(21, 23, 43).
cost(21, 24, 44).
cost(21, 25, 14).
cost(21, 26, 20).
cost(21, 27, 22).
cost(21, 28, 16).
cost(22, 1, 82).
cost(22, 2, 85).
cost(22, 3, 25).
cost(22, 4, 93).
cost(22, 5, 79).
cost(22, 6, 42).
cost(22, 7, 28).
cost(22, 8, 22).
cost(22, 9, 42).
cost(22, 10, 93).
cost(22, 11, 79).
cost(22, 12, 77).
cost(22, 13, 40).
cost(22, 14, 42).
cost(22, 15, 29).
cost(22, 16, 15).
cost(22, 17, 65).
cost(22, 18, 15).
cost(22, 19, 27).
cost(22, 20, 87).
cost(22, 21, 66).
cost(22, 23, 26).
cost(22, 24, 23).
cost(22, 25, 80).
cost(22, 26, 65).
cost(22, 27, 75).
cost(22, 28, 83).
cost(23, 1, 57).
cost(23, 2, 62).
cost(23, 3, 5).
cost(23, 4, 69).
cost(23, 5, 56).
cost(23, 6, 37).
cost(23, 7, 25).
cost(23, 8, 11).
cost(23, 9, 33).
cost(23, 10, 68).
cost(23, 11, 55).
cost(23, 12, 51).
cost(23, 13, 33).
cost(23, 14, 31).
cost(23, 15, 16).
cost(23, 16, 15).
cost(23, 17, 39).
cost(23, 18, 24).
cost(23, 19, 15).
cost(23, 20, 61).
cost(23, 21, 43).
cost(23, 22, 26).
cost(23, 24, 6).
cost(23, 25, 56).
cost(23, 26, 39).
cost(23, 27, 49).
cost(23, 28, 59).
cost(24, 1, 59).
cost(24, 2, 63).
cost(24, 3, 10).
cost(24, 4, 70).
cost(24, 5, 56).
cost(24, 6, 41).
cost(24, 7, 19).
cost(24, 8, 5).
cost(24, 9, 38).
cost(24, 10, 70).
cost(24, 11, 56).
cost(24, 12, 56).
cost(24, 13, 38).
cost(24, 14, 36).
cost(24, 15, 20).
cost(24, 16, 15).
cost(24, 17, 42).
cost(24, 18, 18).
cost(24, 19, 10).
cost(24, 20, 65).
cost(24, 21, 44).
cost(24, 22, 23).
cost(24, 23, 6).
cost(24, 25, 57).
cost(24, 26, 42).
cost(24, 27, 52).
cost(24, 28, 60).
cost(25, 1, 17).
cost(25, 2, 6).
cost(25, 3, 60).
cost(25, 4, 13).
cost(25, 5, 7).
cost(25, 6, 84).
cost(25, 7, 60).
cost(25, 8, 58).
cost(25, 9, 77).
cost(25, 10, 18).
cost(25, 11, 6).
cost(25, 12, 33).
cost(25, 13, 80).
cost(25, 14, 74).
cost(25, 15, 67).
cost(25, 16, 71).
cost(25, 17, 24).
cost(25, 18, 70).
cost(25, 19, 54).
cost(25, 20, 31).
cost(25, 21, 14).
cost(25, 22, 80).
cost(25, 23, 56).
cost(25, 24, 57).
cost(25, 26, 25).
cost(25, 27, 20).
cost(25, 28, 4).
cost(26, 1, 18).
cost(26, 2, 31).
cost(26, 3, 41).
cost(26, 4, 36).
cost(26, 5, 29).
cost(26, 6, 60).
cost(26, 7, 52).
cost(26, 8, 45).
cost(26, 9, 54).
cost(26, 10, 30).
cost(26, 11, 20).
cost(26, 12, 16).
cost(26, 13, 57).
cost(26, 14, 51).
cost(26, 15, 46).
cost(26, 16, 53).
cost(26, 17, 1).
cost(26, 18, 59).
cost(26, 19, 44).
cost(26, 20, 23).
cost(26, 21, 20).
cost(26, 22, 65).
cost(26, 23, 39).
cost(26, 24, 42).
cost(26, 25, 25).
cost(26, 27, 10).
cost(26, 28, 29).
cost(27, 1, 8).
cost(27, 2, 25).
cost(27, 3, 51).
cost(27, 4, 29).
cost(27, 5, 26).
cost(27, 6, 69).
cost(27, 7, 61).
cost(27, 8, 54).
cost(27, 9, 63).
cost(27, 10, 21).
cost(27, 11, 14).
cost(27, 12, 14).
cost(27, 13, 66).
cost(27, 14, 60).
cost(27, 15, 56).
cost(27, 16, 63).
cost(27, 17, 10).
cost(27, 18, 68).
cost(27, 19, 52).
cost(27, 20, 15).
cost(27, 21, 22).
cost(27, 22, 75).
cost(27, 23, 49).
cost(27, 24, 52).
cost(27, 25, 20).
cost(27, 26, 10).
cost(27, 28, 24).
cost(28, 1, 21).
cost(28, 2, 3).
cost(28, 3, 63).
cost(28, 4, 10).
cost(28, 5, 5).
cost(28, 6, 88).
cost(28, 7, 61).
cost(28, 8, 60).
cost(28, 9, 81).
cost(28, 10, 19).
cost(28, 11, 10).
cost(28, 12, 38).
cost(28, 13, 84).
cost(28, 14, 78).
cost(28, 15, 70).
cost(28, 16, 74).
cost(28, 17, 28).
cost(28, 18, 72).
cost(28, 19, 56).
cost(28, 20, 35).
cost(28, 21, 16).
cost(28, 22, 83).
cost(28, 23, 59).
cost(28, 24, 60).
cost(28, 25, 4).
cost(28, 26, 29).
cost(28, 27, 24).
