dimension(28).
point(1, 19.7843488102, 56.5246168221).
point(2, 43.3872977327, 15.1753215682).
point(3, 94.4662954461, 83.4457174578).
point(4, 38.3034409215, 18.4333657287).
point(5, 96.287056173, 94.4847732322).
point(6, 67.6690035348, 71.3670458552).
point(7, 92.0369980635, 91.2179239735).
point(8, 26.1972027434, 19.1358570608).
point(9, 67.4331262276, 64.8186088242).
point(10, 30.7877596331, 40.4593366213).
point(11, 87.6291920332, 86.1183709452).
point(12, 12.0935746465, 50.1266293822).
point(13, 34.486491375, 15.5193963357).
point(14, 86.0651480106, 92.1319671285).
point(15, 92.4832876273, 54.980050388).
point(16, 86.384881231, 57.5030492539).
point(17, 23.1631548082, 45.1199052401).
point(18, 79.3328794627, 40.0351785818).
point(19, 92.4027922157, 49.7450482633).
point(20, 34.0520433025, 24.5312755913).
point(21, 25.9357214706, 58.9851834686).
point(22, 58.1047700802, 77.4572092359).
point(23, 45.4849786001, 25.6228756114).
point(24, 44.0481204378, 19.6167431329).
point(25, 73.4413681171, 95.1139226244).
point(26, 46.556007345, 4.8672288596).
point(27, 53.5373063496, 83.2947662465).
point(28, 37.8561710597, 15.816267803).
cost(1, 2, 48).
cost(1, 3, 79).
cost(1, 4, 42).
cost(1, 5, 85).
cost(1, 6, 50).
cost(1, 7, 80).
cost(1, 8, 38).
cost(1, 9, 48).
cost(1, 10, 19).
cost(1, 11, 74).
cost(1, 12, 10).
cost(1, 13, 44).
cost(1, 14, 75).
cost(1, 15, 73).
cost(1, 16, 67).
cost(1, 17, 12).
cost(1, 18, 62).
cost(1, 19, 73).
cost(1, 20, 35).
cost(1, 21, 7).
cost(1, 22, 44).
cost(1, 23, 40).
cost(1, 24, 44).
cost(1, 25, 66).
cost(1, 26, 58).
cost(1, 27, 43).
cost(1, 28, 45).
cost(2, 1, 48).
cost(2, 3, 85).
cost(2, 4, 6).
cost(2, 5, 95).
cost(2, 6, 61).
cost(2, 7, 90).
cost(2, 8, 18).
cost(2, 9, 55).
cost(2, 10, 28).
cost(2, 11, 84).
cost(2, 12, 47).
cost(2, 13, 9).
cost(2, 14, 88).
cost(2, 15, 63).
cost(2, 16, 60).
cost(2, 17, 36).
cost(2, 18, 44).
cost(2, 19, 60).
cost(2, 20, 13).
cost(2, 21, 47).
cost(2, 22, 64).
cost(2, 23, 11).
cost(2, 24, 4).
cost(2, 25, 85).
cost(2, 26, 11).
cost(2, 27, 69).
cost(2, 28, 6).
cost(3, 1, 79).
cost(3, 2, 85).
cost(3, 4, 86).
cost(3, 5, 11).
cost(3, 6, 29).
cost(3, 7, 8).
cost(3, 8, 94).
cost(3, 9, 33).
cost(3, 10, 77).
cost(3, 11, 7).
cost(3, 12, 89).
cost(3, 13, 91).
cost(3, 14, 12).
cost(3, 15, 29).
cost(3, 16, 27).
cost(3, 17, 81).
cost(3, 18, 46).
cost(3, 19, 34).
cost(3, 20, 84).
cost(3, 21, 73).
cost(3, 22, 37).
cost(3, 23, 76).
cost(3, 24, 81).
cost(3, 25, 24).
cost(3, 26, 92).
cost(3, 27, 41).
cost(3, 28, 88).
cost(4, 1, 42).
cost(4, 2, 6).
cost(4, 3, 86).
cost(4, 5, 96).
cost(4, 6, 61).
cost(4, 7, 90).
cost(4, 8, 12).
cost(4, 9, 55).
cost(4, 10, 23).
cost(4, 11, 84).
cost(4, 12, 41).
cost(4, 13, 5).
cost(4, 14, 88).
cost(4, 15, 65).
cost(4, 16, 62).
cost(4, 17, 31).
cost(4, 18, 46).
cost(4, 19, 63).
cost(4, 20, 7).
cost(4, 21, 42).
cost(4, 22, 62).
cost(4, 23, 10).
cost(4, 24, 6).
cost(4, 25, 84).
cost(4, 26, 16).
cost(4, 27, 67).
cost(4, 28, 3).
cost(5, 1, 85).
cost(5, 2, 95).
cost(5, 3, 11).
cost(5, 4, 96).
cost(5, 6, 37).
cost(5, 7, 5).
cost(5, 8, 103).
cost(5, 9, 41).
cost(5, 10, 85).
cost(5, 11, 12).
cost(5, 12, 95).
cost(5, 13, 100).
cost(5, 14, 10).
cost(5, 15, 40).
cost(5, 16, 38).
cost(5, 17, 88).
cost(5, 18, 57).
cost(5, 19, 45).
cost(5, 20, 94).
cost(5, 21, 79).
cost(5, 22, 42).
cost(5, 23, 86).
cost(5, 24, 91).
cost(5, 25, 23).
cost(5, 26, 102).
cost(5, 27, 44).
cost(5, 28, 98).
cost(6, 1, 50).
cost(6, 2, 61).
cost(6, 3, 29).
cost(6, 4, 61).
cost(6, 5, 37).
cost(6, 7, 31).
cost(6, 8, 67).
cost(6, 9, 7).
cost(6, 10, 48).
cost(6, 11, 25).
cost(6, 12, 59).
cost(6, 13, 65).
cost(6, 14, 28).
cost(6, 15, 30).
cost(6, 16, 23).
cost(6, 17, 52).
cost(6, 18, 33).
cost(6, 19, 33).
cost(6, 20, 58).
cost(6, 21, 44).
cost(6, 22, 11).
cost(6, 23, 51).
cost(6, 24, 57).
cost(6, 25, 24).
cost(6, 26, 70).
cost(6, 27, 18).
cost(6, 28, 63).
cost(7, 1, 80).
cost(7, 2, 90).
cost(7, 3, 8).
cost(7, 4, 90).
cost(7, 5, 5).
cost(7, 6, 31).
cost(7, 8, 98).
cost(7, 9, 36).
cost(7, 10, 80).
cost(7, 11, 7).
cost(7, 12, 90).
cost(7, 13, 95).
cost(7, 14, 6).
cost(7, 15, 36).
cost(7, 16, 34).
cost(7, 17, 83).
cost(7, 18, 53).
cost(7, 19, 41).
cost(7, 20, 88).
cost(7, 21, 74).
cost(7, 22, 37).
cost(7, 23, 80).
cost(7, 24, 86).
cost(7, 25, 19).
cost(7, 26, 98).
cost(7, 27, 39).
cost(7, 28, 93).
cost(8, 1, 38).
cost(8, 2, 18).
cost(8, 3, 94).
cost(8, 4, 12).
cost(8, 5, 103).
cost(8, 6, 67).
cost(8, 7, 98).
cost(8, 9, 62).
cost(8, 10, 22).
cost(8, 11, 91).
cost(8, 12, 34).
cost(8, 13, 9).
cost(8, 14, 94).
cost(8, 15, 75).
cost(8, 16, 71).
cost(8, 17, 26).
cost(8, 18, 57).
cost(8, 19, 73).
cost(8, 20, 10).
cost(8, 21, 40).
cost(8, 22, 66).
cost(8, 23, 20).
cost(8, 24, 18).
cost(8, 25, 89).
cost(8, 26, 25).
cost(8, 27, 70).
cost(8, 28, 12).
cost(9, 1, 48).
cost(9, 2, 55).
cost(9, 3, 33).
cost(9, 4, 55).
cost(9, 5, 41).
cost(9, 6, 7).
cost(9, 7, 36).
cost(9, 8, 62).
cost(9, 10, 44).
cost(9, 11, 29).
cost(9, 12, 57).
cost(9, 13, 59).
cost(9, 14, 33).
cost(9, 15, 27).
cost(9, 16, 20).
cost(9, 17, 48).
cost(9, 18, 27).
cost(9, 19, 29).
cost(9, 20, 52).
cost(9, 21, 42).
cost(9, 22, 16).
cost(9, 23, 45).
cost(9, 24, 51).
cost(9, 25, 31).
cost(9, 26, 63).
cost(9, 27, 23).
cost(9, 28, 57).
cost(10, 1, 19).
cost(10, 2, 28).
cost(10, 3, 77).
cost(10, 4, 23).
cost(10, 5, 85).
cost(10, 6, 48).
cost(10, 7, 80).
cost(10, 8, 22).
cost(10, 9, 44).
cost(10, 11, 73).
cost(10, 12, 21).
cost(10, 13, 25).
cost(10, 14, 76).
cost(10, 15, 63).
cost(10, 16, 58).
cost(10, 17, 9).
cost(10, 18, 49).
cost(10, 19, 62).
cost(10, 20, 16).
cost(10, 21, 19).
cost(10, 22, 46).
cost(10, 23, 21).
cost(10, 24, 25).
cost(10, 25, 69).
cost(10, 26, 39).
cost(10, 27, 49).
cost(10, 28, 26).
cost(11, 1, 74).
cost(11, 2, 84).
cost(11, 3, 7).
cost(11, 4, 84).
cost(11, 5, 12).
cost(11, 6, 25).
cost(11, 7, 7).
cost(11, 8, 91).
cost(11, 9, 29).
cost(11, 10, 73).
cost(11, 12, 84).
cost(11, 13, 88).
cost(11, 14, 6).
cost(11, 15, 32).
cost(11, 16, 29).
cost(11, 17, 76).
cost(11, 18, 47).
cost(11, 19, 37).
cost(11, 20, 82).
cost(11, 21, 67).
cost(11, 22, 31).
cost(11, 23, 74).
cost(11, 24, 80).
cost(11, 25, 17).
cost(11, 26, 91).
cost(11, 27, 34).
cost(11, 28, 86).
cost(12, 1, 10).
cost(12, 2, 47).
cost(12, 3, 89).
cost(12, 4, 41).
cost(12, 5, 95).
cost(12, 6, 59).
cost(12, 7, 90).
cost(12, 8, 34).
cost(12, 9, 57).
cost(12, 10, 21).
cost(12, 11, 84).
cost(12, 13, 41).
cost(12, 14, 85).
cost(12, 15, 81).
cost(12, 16, 75).
cost(12, 17, 12).
cost(12, 18, 68).
cost(12, 19, 80).
cost(12, 20, 34).
cost(12, 21, 16).
cost(12, 22, 54).
cost(12, 23, 41).
cost(12, 24, 44).
cost(12, 25, 76).
cost(12, 26, 57).
cost(12, 27, 53).
cost(12, 28, 43).
cost(13, 1, 44).
cost(13, 2, 9).
cost(13, 3, 91).
cost(13, 4, 5).
cost(13, 5, 100).
cost(13, 6, 65).
cost(13, 7, 95).
cost(13, 8, 9).
cost(13, 9, 59).
cost(13, 10, 25).
cost(13, 11, 88).
cost(13, 12, 41).
cost(13, 14, 92).
cost(13, 15, 70).
cost(13, 16, 67).
cost(13, 17, 32).
cost(13, 18, 51).
cost(13, 19, 67).
cost(13, 20, 9).
cost(13, 21, 44).
cost(13, 22, 66).
cost(13, 23, 15).
cost(13, 24, 10).
cost(13, 25, 89).
cost(13, 26, 16).
cost(13, 27, 70).
cost(13, 28, 3).
cost(14, 1, 75).
cost(14, 2, 88).
cost(14, 3, 12).
cost(14, 4, 88).
cost(14, 5, 10).
cost(14, 6, 28).
cost(14, 7, 6).
cost(14, 8, 94).
cost(14, 9, 33).
cost(14, 10, 76).
cost(14, 11, 6).
cost(14, 12, 85).
cost(14, 13, 92).
cost(14, 15, 38).
cost(14, 16, 35).
cost(14, 17, 79).
cost(14, 18, 53).
cost(14, 19, 43).
cost(14, 20, 85).
cost(14, 21, 69).
cost(14, 22, 32).
cost(14, 23, 78).
cost(14, 24, 84).
cost(14, 25, 13).
cost(14, 26, 96).
cost(14, 27, 34).
cost(14, 28, 90).
cost(15, 1, 73).
cost(15, 2, 63).
cost(15, 3, 29).
cost(15, 4, 65).
cost(15, 5, 40).
cost(15, 6, 30).
cost(15, 7, 36).
cost(15, 8, 75).
cost(15, 9, 27).
cost(15, 10, 63).
cost(15, 11, 32).
cost(15, 12, 81).
cost(15, 13, 70).
cost(15, 14, 38).
cost(15, 16, 7).
cost(15, 17, 70).
cost(15, 18, 20).
cost(15, 19, 5).
cost(15, 20, 66).
cost(15, 21, 67).
cost(15, 22, 41).
cost(15, 23, 55).
cost(15, 24, 60).
cost(15, 25, 44).
cost(15, 26, 68).
cost(15, 27, 48).
cost(15, 28, 67).
cost(16, 1, 67).
cost(16, 2, 60).
cost(16, 3, 27).
cost(16, 4, 62).
cost(16, 5, 38).
cost(16, 6, 23).
cost(16, 7, 34).
cost(16, 8, 71).
cost(16, 9, 20).
cost(16, 10, 58).
cost(16, 11, 29).
cost(16, 12, 75).
cost(16, 13, 67).
cost(16, 14, 35).
cost(16, 15, 7).
cost(16, 17, 64).
cost(16, 18, 19).
cost(16, 19, 10).
cost(16, 20, 62).
cost(16, 21, 60).
cost(16, 22, 35).
cost(16, 23, 52).
cost(16, 24, 57).
cost(16, 25, 40).
cost(16, 26, 66).
cost(16, 27, 42).
cost(16, 28, 64).
cost(17, 1, 12).
cost(17, 2, 36).
cost(17, 3, 81).
cost(17, 4, 31).
cost(17, 5, 88).
cost(17, 6, 52).
cost(17, 7, 83).
cost(17, 8, 26).
cost(17, 9, 48).
cost(17, 10, 9).
cost(17, 11, 76).
cost(17, 12, 12).
cost(17, 13, 32).
cost(17, 14, 79).
cost(17, 15, 70).
cost(17, 16, 64).
cost(17, 18, 56).
cost(17, 19, 69).
cost(17, 20, 23).
cost(17, 21, 14).
cost(17, 22, 48).
cost(17, 23, 30).
cost(17, 24, 33).
cost(17, 25, 71).
cost(17, 26, 47).
cost(17, 27, 49).
cost(17, 28, 33).
cost(18, 1, 62).
cost(18, 2, 44).
cost(18, 3, 46).
cost(18, 4, 46).
cost(18, 5, 57).
cost(18, 6, 33).
cost(18, 7, 53).
cost(18, 8, 57).
cost(18, 9, 27).
cost(18, 10, 49).
cost(18, 11, 47).
cost(18, 12, 68).
cost(18, 13, 51).
cost(18, 14, 53).
cost(18, 15, 20).
cost(18, 16, 19).
cost(18, 17, 56).
cost(18, 19, 16).
cost(18, 20, 48).
cost(18, 21, 57).
cost(18, 22, 43).
cost(18, 23, 37).
cost(18, 24, 41).
cost(18, 25, 55).
cost(18, 26, 48).
cost(18, 27, 50).
cost(18, 28, 48).
cost(19, 1, 73).
cost(19, 2, 60).
cost(19, 3, 34).
cost(19, 4, 63).
cost(19, 5, 45).
cost(19, 6, 33).
cost(19, 7, 41).
cost(19, 8, 73).
cost(19, 9, 29).
cost(19, 10, 62).
cost(19, 11, 37).
cost(19, 12, 80).
cost(19, 13, 67).
cost(19, 14, 43).
cost(19, 15, 5).
cost(19, 16, 10).
cost(19, 17, 69).
cost(19, 18, 16).
cost(19, 20, 64).
cost(19, 21, 67).
cost(19, 22, 44).
cost(19, 23, 53).
cost(19, 24, 57).
cost(19, 25, 49).
cost(19, 26, 64).
cost(19, 27, 51).
cost(19, 28, 64).
cost(20, 1, 35).
cost(20, 2, 13).
cost(20, 3, 84).
cost(20, 4, 7).
cost(20, 5, 94).
cost(20, 6, 58).
cost(20, 7, 88).
cost(20, 8, 10).
cost(20, 9, 52).
cost(20, 10, 16).
cost(20, 11, 82).
cost(20, 12, 34).
cost(20, 13, 9).
cost(20, 14, 85).
cost(20, 15, 66).
cost(20, 16, 62).
cost(20, 17, 23).
cost(20, 18, 48).
cost(20, 19, 64).
cost(20, 21, 35).
cost(20, 22, 58).
cost(20, 23, 11).
cost(20, 24, 11).
cost(20, 25, 81).
cost(20, 26, 23).
cost(20, 27, 62).
cost(20, 28, 10).
cost(21, 1, 7).
cost(21, 2, 47).
cost(21, 3, 73).
cost(21, 4, 42).
cost(21, 5, 79).
cost(21, 6, 44).
cost(21, 7, 74).
cost(21, 8, 40).
cost(21, 9, 42).
cost(21, 10, 19).
cost(21, 11, 67).
cost(21, 12, 16).
cost(21, 13, 44).
cost(21, 14, 69).
cost(21, 15, 67).
cost(21, 16, 60).
cost(21, 17, 14).
cost(21, 18, 57).
cost(21, 19, 67).
cost(21, 20, 35).
cost(21, 22, 37).
cost(21, 23, 39).
cost(21, 24, 43).
cost(21, 25, 60).
cost(21, 26, 58).
cost(21, 27, 37).
cost(21, 28, 45).
cost(22, 1, 44).
cost(22, 2, 64).
cost(22, 3, 37).
cost(22, 4, 62).
cost(22, 5, 42).
cost(22, 6, 11).
cost(22, 7, 37).
cost(22, 8, 66).
cost(22, 9, 16).
cost(22, 10, 46).
cost(22, 11, 31).
cost(22, 12, 54).
cost(22, 13, 66).
cost(22, 14, 32).
cost(22, 15, 41).
cost(22, 16, 35).
cost(22, 17, 48).
cost(22, 18, 43).
cost(22, 19, 44).
cost(22, 20, 58).
cost(22, 21, 37).
cost(22, 23, 53).
cost(22, 24, 60).
cost(22, 25, 23).
cost(22, 26, 74).
cost(22, 27, 7).
cost(22, 28, 65).
cost(23, 1, 40).
cost(23, 2, 11).
cost(23, 3, 76).
cost(23, 4, 10).
cost(23, 5, 86).
cost(23, 6, 51).
cost(23, 7, 80).
cost(23, 8, 20).
cost(23, 9, 45).
cost(23, 10, 21).
cost(23, 11, 74).
cost(23, 12, 41).
cost(23, 13, 15).
cost(23, 14, 78).
cost(23, 15, 55).
cost(23, 16, 52).
cost(23, 17, 30).
cost(23, 18, 37).
cost(23, 19, 53).
cost(23, 20, 11).
cost(23, 21, 39).
cost(23, 22, 53).
cost(23, 24, 6).
cost(23, 25, 75).
cost(23, 26, 21).
cost(23, 27, 58).
cost(23, 28, 12).
cost(24, 1, 44).
cost(24, 2, 4).
cost(24, 3, 81).
cost(24, 4, 6).
cost(24, 5, 91).
cost(24, 6, 57).
cost(24, 7, 86).
cost(24, 8, 18).
cost(24, 9, 51).
cost(24, 10, 25).
cost(24, 11, 80).
cost(24, 12, 44).
cost(24, 13, 10).
cost(24, 14, 84).
cost(24, 15, 60).
cost(24, 16, 57).
cost(24, 17, 33).
cost(24, 18, 41).
cost(24, 19, 57).
cost(24, 20, 11).
cost(24, 21, 43).
cost(24, 22, 60).
cost(24, 23, 6).
cost(24, 25, 81).
cost(24, 26, 15).
cost(24, 27, 64).
cost(24, 28, 7).
cost(25, 1, 66).
cost(25, 2, 85).
cost(25, 3, 24).
cost(25, 4, 84).
cost(25, 5, 23).
cost(25, 6, 24).
cost(25, 7, 19).
cost(25, 8, 89).
cost(25, 9, 31).
cost(25, 10, 69).
cost(25, 11, 17).
cost(25, 12, 76).
cost(25, 13, 89).
cost(25, 14, 13).
cost(25, 15, 44).
cost(25, 16, 40).
cost(25, 17, 71).
cost(25, 18, 55).
cost(25, 19, 49).
cost(25, 20, 81).
cost(25, 21, 60).
cost(25, 22, 23).
cost(25, 23, 75).
cost(25, 24, 81).
cost(25, 26, 94).
cost(25, 27, 23).
cost(25, 28, 87).
cost(26, 1, 58).
cost(26, 2, 11).
cost(26, 3, 92).
cost(26, 4, 16).
cost(26, 5, 102).
cost(26, 6, 70).
cost(26, 7, 98).
cost(26, 8, 25).
cost(26, 9, 63).
cost(26, 10, 39).
cost(26, 11, 91).
cost(26, 12, 57).
cost(26, 13, 16).
cost(26, 14, 96).
cost(26, 15, 68).
cost(26, 16, 66).
cost(26, 17, 47).
cost(26, 18, 48).
cost(26, 19, 64).
cost(26, 20, 23).
cost(26, 21, 58).
cost(26, 22, 74).
cost(26, 23, 21).
cost(26, 24, 15).
cost(26, 25, 94).
cost(26, 27, 79).
cost(26, 28, 14).
cost(27, 1, 43).
cost(27, 2, 69).
cost(27, 3, 41).
cost(27, 4, 67).
cost(27, 5, 44).
cost(27, 6, 18).
cost(27, 7, 39).
cost(27, 8, 70).
cost(27, 9, 23).
cost(27, 10, 49).
cost(27, 11, 34).
cost(27, 12, 53).
cost(27, 13, 70).
cost(27, 14, 34).
cost(27, 15, 48).
cost(27, 16, 42).
cost(27, 17, 49).
cost(27, 18, 50).
cost(27, 19, 51).
cost(27, 20, 62).
cost(27, 21, 37).
cost(27, 22, 7).
cost(27, 23, 58).
cost(27, 24, 64).
cost(27, 25, 23).
cost(27, 26, 79).
cost(27, 28, 69).
cost(28, 1, 45).
cost(28, 2, 6).
cost(28, 3, 88).
cost(28, 4, 3).
cost(28, 5, 98).
cost(28, 6, 63).
cost(28, 7, 93).
cost(28, 8, 12).
cost(28, 9, 57).
cost(28, 10, 26).
cost(28, 11, 86).
cost(28, 12, 43).
cost(28, 13, 3).
cost(28, 14, 90).
cost(28, 15, 67).
cost(28, 16, 64).
cost(28, 17, 33).
cost(28, 18, 48).
cost(28, 19, 64).
cost(28, 20, 10).
cost(28, 21, 45).
cost(28, 22, 65).
cost(28, 23, 12).
cost(28, 24, 7).
cost(28, 25, 87).
cost(28, 26, 14).
cost(28, 27, 69).
