dimension(20).
point(1, 25.6592524767, 20.0457800356).
point(2, 83.2092827562, 77.7191203445).
point(3, 90.3349616694, 39.036694842).
point(4, 48.4269437407, 73.1507542439).
point(5, 29.759973427, 21.6935749167).
point(6, 22.7315284801, 27.7330018996).
point(7, 31.7004041286, 43.3665760718).
point(8, 62.3101241717, 25.3241257299).
point(9, 30.0505986319, 37.685642202).
point(10, 28.7892775691, 50.1328903305).
point(11, 45.425751651, 27.0550141291).
point(12, 82.8938934625, 88.0112610353).
point(13, 60.1895438075, 85.8040320979).
point(14, 57.7986027716, 78.4154038901).
point(15, 52.5808281964, 66.8477431245).
point(16, 67.1117917385, 88.0044903099).
point(17, 59.0487606344, 71.2381489199).
point(18, 67.983563203, 80.0162194245).
point(19, 63.0012728074, 38.1041721276).
point(20, 30.7393375805, 35.3761748873).
cost(1, 2, 81).
cost(1, 3, 67).
cost(1, 4, 58).
cost(1, 5, 4).
cost(1, 6, 8).
cost(1, 7, 24).
cost(1, 8, 37).
cost(1, 9, 18).
cost(1, 10, 30).
cost(1, 11, 21).
cost(1, 12, 89).
cost(1, 13, 74).
cost(1, 14, 67).
cost(1, 15, 54).
cost(1, 16, 80).
cost(1, 17, 61).
cost(1, 18, 73).
cost(1, 19, 41).
cost(1, 20, 16).
cost(2, 1, 81).
cost(2, 3, 39).
cost(2, 4, 35).
cost(2, 5, 77).
cost(2, 6, 78).
cost(2, 7, 62).
cost(2, 8, 56).
cost(2, 9, 67).
cost(2, 10, 61).
cost(2, 11, 63).
cost(2, 12, 10).
cost(2, 13, 24).
cost(2, 14, 25).
cost(2, 15, 33).
cost(2, 16, 19).
cost(2, 17, 25).
cost(2, 18, 15).
cost(2, 19, 44).
cost(2, 20, 67).
cost(3, 1, 67).
cost(3, 2, 39).
cost(3, 4, 54).
cost(3, 5, 63).
cost(3, 6, 69).
cost(3, 7, 59).
cost(3, 8, 31).
cost(3, 9, 60).
cost(3, 10, 63).
cost(3, 11, 46).
cost(3, 12, 50).
cost(3, 13, 56).
cost(3, 14, 51).
cost(3, 15, 47).
cost(3, 16, 54).
cost(3, 17, 45).
cost(3, 18, 47).
cost(3, 19, 27).
cost(3, 20, 60).
cost(4, 1, 58).
cost(4, 2, 35).
cost(4, 3, 54).
cost(4, 5, 55).
cost(4, 6, 52).
cost(4, 7, 34).
cost(4, 8, 50).
cost(4, 9, 40).
cost(4, 10, 30).
cost(4, 11, 46).
cost(4, 12, 38).
cost(4, 13, 17).
cost(4, 14, 11).
cost(4, 15, 8).
cost(4, 16, 24).
cost(4, 17, 11).
cost(4, 18, 21).
cost(4, 19, 38).
cost(4, 20, 42).
cost(5, 1, 4).
cost(5, 2, 77).
cost(5, 3, 63).
cost(5, 4, 55).
cost(5, 6, 9).
cost(5, 7, 22).
cost(5, 8, 33).
cost(5, 9, 16).
cost(5, 10, 28).
cost(5, 11, 17).
cost(5, 12, 85).
cost(5, 13, 71).
cost(5, 14, 63).
cost(5, 15, 51).
cost(5, 16, 76).
cost(5, 17, 58).
cost(5, 18, 70).
cost(5, 19, 37).
cost(5, 20, 14).
cost(6, 1, 8).
cost(6, 2, 78).
cost(6, 3, 69).
cost(6, 4, 52).
cost(6, 5, 9).
cost(6, 7, 18).
cost(6, 8, 40).
cost(6, 9, 12).
cost(6, 10, 23).
cost(6, 11, 23).
cost(6, 12, 85).
cost(6, 13, 69).
cost(6, 14, 62).
cost(6, 15, 49).
cost(6, 16, 75).
cost(6, 17, 57).
cost(6, 18, 69).
cost(6, 19, 42).
cost(6, 20, 11).
cost(7, 1, 24).
cost(7, 2, 62).
cost(7, 3, 59).
cost(7, 4, 34).
cost(7, 5, 22).
cost(7, 6, 18).
cost(7, 8, 36).
cost(7, 9, 6).
cost(7, 10, 7).
cost(7, 11, 21).
cost(7, 12, 68).
cost(7, 13, 51).
cost(7, 14, 44).
cost(7, 15, 31).
cost(7, 16, 57).
cost(7, 17, 39).
cost(7, 18, 52).
cost(7, 19, 32).
cost(7, 20, 8).
cost(8, 1, 37).
cost(8, 2, 56).
cost(8, 3, 31).
cost(8, 4, 50).
cost(8, 5, 33).
cost(8, 6, 40).
cost(8, 7, 36).
cost(8, 9, 35).
cost(8, 10, 42).
cost(8, 11, 17).
cost(8, 12, 66).
cost(8, 13, 61).
cost(8, 14, 53).
cost(8, 15, 43).
cost(8, 16, 63).
cost(8, 17, 46).
cost(8, 18, 55).
cost(8, 19, 13).
cost(8, 20, 33).
cost(9, 1, 18).
cost(9, 2, 67).
cost(9, 3, 60).
cost(9, 4, 40).
cost(9, 5, 16).
cost(9, 6, 12).
cost(9, 7, 6).
cost(9, 8, 35).
cost(9, 10, 13).
cost(9, 11, 19).
cost(9, 12, 73).
cost(9, 13, 57).
cost(9, 14, 49).
cost(9, 15, 37).
cost(9, 16, 62).
cost(9, 17, 44).
cost(9, 18, 57).
cost(9, 19, 33).
cost(9, 20, 2).
cost(10, 1, 30).
cost(10, 2, 61).
cost(10, 3, 63).
cost(10, 4, 30).
cost(10, 5, 28).
cost(10, 6, 23).
cost(10, 7, 7).
cost(10, 8, 42).
cost(10, 9, 13).
cost(10, 11, 28).
cost(10, 12, 66).
cost(10, 13, 48).
cost(10, 14, 41).
cost(10, 15, 29).
cost(10, 16, 54).
cost(10, 17, 37).
cost(10, 18, 49).
cost(10, 19, 36).
cost(10, 20, 15).
cost(11, 1, 21).
cost(11, 2, 63).
cost(11, 3, 46).
cost(11, 4, 46).
cost(11, 5, 17).
cost(11, 6, 23).
cost(11, 7, 21).
cost(11, 8, 17).
cost(11, 9, 19).
cost(11, 10, 28).
cost(11, 12, 72).
cost(11, 13, 61).
cost(11, 14, 53).
cost(11, 15, 40).
cost(11, 16, 65).
cost(11, 17, 46).
cost(11, 18, 58).
cost(11, 19, 21).
cost(11, 20, 17).
cost(12, 1, 89).
cost(12, 2, 10).
cost(12, 3, 50).
cost(12, 4, 38).
cost(12, 5, 85).
cost(12, 6, 85).
cost(12, 7, 68).
cost(12, 8, 66).
cost(12, 9, 73).
cost(12, 10, 66).
cost(12, 11, 72).
cost(12, 13, 23).
cost(12, 14, 27).
cost(12, 15, 37).
cost(12, 16, 16).
cost(12, 17, 29).
cost(12, 18, 17).
cost(12, 19, 54).
cost(12, 20, 74).
cost(13, 1, 74).
cost(13, 2, 24).
cost(13, 3, 56).
cost(13, 4, 17).
cost(13, 5, 71).
cost(13, 6, 69).
cost(13, 7, 51).
cost(13, 8, 61).
cost(13, 9, 57).
cost(13, 10, 48).
cost(13, 11, 61).
cost(13, 12, 23).
cost(13, 14, 8).
cost(13, 15, 20).
cost(13, 16, 7).
cost(13, 17, 15).
cost(13, 18, 10).
cost(13, 19, 48).
cost(13, 20, 58).
cost(14, 1, 67).
cost(14, 2, 25).
cost(14, 3, 51).
cost(14, 4, 11).
cost(14, 5, 63).
cost(14, 6, 62).
cost(14, 7, 44).
cost(14, 8, 53).
cost(14, 9, 49).
cost(14, 10, 41).
cost(14, 11, 53).
cost(14, 12, 27).
cost(14, 13, 8).
cost(14, 15, 13).
cost(14, 16, 13).
cost(14, 17, 7).
cost(14, 18, 10).
cost(14, 19, 41).
cost(14, 20, 51).
cost(15, 1, 54).
cost(15, 2, 33).
cost(15, 3, 47).
cost(15, 4, 8).
cost(15, 5, 51).
cost(15, 6, 49).
cost(15, 7, 31).
cost(15, 8, 43).
cost(15, 9, 37).
cost(15, 10, 29).
cost(15, 11, 40).
cost(15, 12, 37).
cost(15, 13, 20).
cost(15, 14, 13).
cost(15, 16, 26).
cost(15, 17, 8).
cost(15, 18, 20).
cost(15, 19, 31).
cost(15, 20, 38).
cost(16, 1, 80).
cost(16, 2, 19).
cost(16, 3, 54).
cost(16, 4, 24).
cost(16, 5, 76).
cost(16, 6, 75).
cost(16, 7, 57).
cost(16, 8, 63).
cost(16, 9, 62).
cost(16, 10, 54).
cost(16, 11, 65).
cost(16, 12, 16).
cost(16, 13, 7).
cost(16, 14, 13).
cost(16, 15, 26).
cost(16, 17, 19).
cost(16, 18, 8).
cost(16, 19, 50).
cost(16, 20, 64).
cost(17, 1, 61).
cost(17, 2, 25).
cost(17, 3, 45).
cost(17, 4, 11).
cost(17, 5, 58).
cost(17, 6, 57).
cost(17, 7, 39).
cost(17, 8, 46).
cost(17, 9, 44).
cost(17, 10, 37).
cost(17, 11, 46).
cost(17, 12, 29).
cost(17, 13, 15).
cost(17, 14, 7).
cost(17, 15, 8).
cost(17, 16, 19).
cost(17, 18, 13).
cost(17, 19, 33).
cost(17, 20, 46).
cost(18, 1, 73).
cost(18, 2, 15).
cost(18, 3, 47).
cost(18, 4, 21).
cost(18, 5, 70).
cost(18, 6, 69).
cost(18, 7, 52).
cost(18, 8, 55).
cost(18, 9, 57).
cost(18, 10, 49).
cost(18, 11, 58).
cost(18, 12, 17).
cost(18, 13, 10).
cost(18, 14, 10).
cost(18, 15, 20).
cost(18, 16, 8).
cost(18, 17, 13).
cost(18, 19, 42).
cost(18, 20, 58).
cost(19, 1, 41).
cost(19, 2, 44).
cost(19, 3, 27).
cost(19, 4, 38).
cost(19, 5, 37).
cost(19, 6, 42).
cost(19, 7, 32).
cost(19, 8, 13).
cost(19, 9, 33).
cost(19, 10, 36).
cost(19, 11, 21).
cost(19, 12, 54).
cost(19, 13, 48).
cost(19, 14, 41).
cost(19, 15, 31).
cost(19, 16, 50).
cost(19, 17, 33).
cost(19, 18, 42).
cost(19, 20, 32).
cost(20, 1, 16).
cost(20, 2, 67).
cost(20, 3, 60).
cost(20, 4, 42).
cost(20, 5, 14).
cost(20, 6, 11).
cost(20, 7, 8).
cost(20, 8, 33).
cost(20, 9, 2).
cost(20, 10, 15).
cost(20, 11, 17).
cost(20, 12, 74).
cost(20, 13, 58).
cost(20, 14, 51).
cost(20, 15, 38).
cost(20, 16, 64).
cost(20, 17, 46).
cost(20, 18, 58).
cost(20, 19, 32).
