dimension(20).
point(1, 73.8679420512, 96.5343218004).
point(2, 38.5239442351, 66.5075091339).
point(3, 47.3626049575, 53.847108462).
point(4, 27.5066212178, 40.09621803).
point(5, 68.4213302372, 26.6619901247).
point(6, 40.554974761, 53.8201963324).
point(7, 42.124984349, 96.5534682572).
point(8, 84.0384754525, 94.7539174338).
point(9, 87.7225362422, 77.9711374483).
point(10, 25.5586516842, 43.2343873943).
point(11, 36.7364391701, 17.3016327764).
point(12, 72.0400086387, 82.5748672514).
point(13, 28.5510879668, 55.6688162517).
point(14, 66.7574870426, 89.908950562).
point(15, 68.7515822244, 71.1636043378).
point(16, 29.4333334901, 43.7754743828).
point(17, 91.2923033355, 53.7755329109).
point(18, 73.1843967094, 90.9311216215).
point(19, 78.9061834778, 86.5510316622).
point(20, 20.094736029, 32.9981043942).
cost(1, 2, 46).
cost(1, 3, 50).
cost(1, 4, 73).
cost(1, 5, 70).
cost(1, 6, 54).
cost(1, 7, 32).
cost(1, 8, 10).
cost(1, 9, 23).
cost(1, 10, 72).
cost(1, 11, 88).
cost(1, 12, 14).
cost(1, 13, 61).
cost(1, 14, 10).
cost(1, 15, 26).
cost(1, 16, 69).
cost(1, 17, 46).
cost(1, 18, 6).
cost(1, 19, 11).
cost(1, 20, 83).
cost(2, 1, 46).
cost(2, 3, 15).
cost(2, 4, 29).
cost(2, 5, 50).
cost(2, 6, 13).
cost(2, 7, 30).
cost(2, 8, 54).
cost(2, 9, 51).
cost(2, 10, 27).
cost(2, 11, 49).
cost(2, 12, 37).
cost(2, 13, 15).
cost(2, 14, 37).
cost(2, 15, 31).
cost(2, 16, 24).
cost(2, 17, 54).
cost(2, 18, 42).
cost(2, 19, 45).
cost(2, 20, 38).
cost(3, 1, 50).
cost(3, 2, 15).
cost(3, 4, 24).
cost(3, 5, 34).
cost(3, 6, 7).
cost(3, 7, 43).
cost(3, 8, 55).
cost(3, 9, 47).
cost(3, 10, 24).
cost(3, 11, 38).
cost(3, 12, 38).
cost(3, 13, 19).
cost(3, 14, 41).
cost(3, 15, 28).
cost(3, 16, 21).
cost(3, 17, 44).
cost(3, 18, 45).
cost(3, 19, 45).
cost(3, 20, 34).
cost(4, 1, 73).
cost(4, 2, 29).
cost(4, 3, 24).
cost(4, 5, 43).
cost(4, 6, 19).
cost(4, 7, 58).
cost(4, 8, 79).
cost(4, 9, 71).
cost(4, 10, 4).
cost(4, 11, 25).
cost(4, 12, 62).
cost(4, 13, 16).
cost(4, 14, 63).
cost(4, 15, 52).
cost(4, 16, 4).
cost(4, 17, 65).
cost(4, 18, 68).
cost(4, 19, 69).
cost(4, 20, 10).
cost(5, 1, 70).
cost(5, 2, 50).
cost(5, 3, 34).
cost(5, 4, 43).
cost(5, 6, 39).
cost(5, 7, 75).
cost(5, 8, 70).
cost(5, 9, 55).
cost(5, 10, 46).
cost(5, 11, 33).
cost(5, 12, 56).
cost(5, 13, 49).
cost(5, 14, 63).
cost(5, 15, 45).
cost(5, 16, 43).
cost(5, 17, 35).
cost(5, 18, 64).
cost(5, 19, 61).
cost(5, 20, 49).
cost(6, 1, 54).
cost(6, 2, 13).
cost(6, 3, 7).
cost(6, 4, 19).
cost(6, 5, 39).
cost(6, 7, 43).
cost(6, 8, 60).
cost(6, 9, 53).
cost(6, 10, 18).
cost(6, 11, 37).
cost(6, 12, 43).
cost(6, 13, 12).
cost(6, 14, 45).
cost(6, 15, 33).
cost(6, 16, 15).
cost(6, 17, 51).
cost(6, 18, 49).
cost(6, 19, 50).
cost(6, 20, 29).
cost(7, 1, 32).
cost(7, 2, 30).
cost(7, 3, 43).
cost(7, 4, 58).
cost(7, 5, 75).
cost(7, 6, 43).
cost(7, 8, 42).
cost(7, 9, 49).
cost(7, 10, 56).
cost(7, 11, 79).
cost(7, 12, 33).
cost(7, 13, 43).
cost(7, 14, 26).
cost(7, 15, 37).
cost(7, 16, 54).
cost(7, 17, 65).
cost(7, 18, 32).
cost(7, 19, 38).
cost(7, 20, 67).
cost(8, 1, 10).
cost(8, 2, 54).
cost(8, 3, 55).
cost(8, 4, 79).
cost(8, 5, 70).
cost(8, 6, 60).
cost(8, 7, 42).
cost(8, 9, 17).
cost(8, 10, 78).
cost(8, 11, 91).
cost(8, 12, 17).
cost(8, 13, 68).
cost(8, 14, 18).
cost(8, 15, 28).
cost(8, 16, 75).
cost(8, 17, 42).
cost(8, 18, 12).
cost(8, 19, 10).
cost(8, 20, 89).
cost(9, 1, 23).
cost(9, 2, 51).
cost(9, 3, 47).
cost(9, 4, 71).
cost(9, 5, 55).
cost(9, 6, 53).
cost(9, 7, 49).
cost(9, 8, 17).
cost(9, 10, 71).
cost(9, 11, 79).
cost(9, 12, 16).
cost(9, 13, 63).
cost(9, 14, 24).
cost(9, 15, 20).
cost(9, 16, 68).
cost(9, 17, 24).
cost(9, 18, 19).
cost(9, 19, 12).
cost(9, 20, 81).
cost(10, 1, 72).
cost(10, 2, 27).
cost(10, 3, 24).
cost(10, 4, 4).
cost(10, 5, 46).
cost(10, 6, 18).
cost(10, 7, 56).
cost(10, 8, 78).
cost(10, 9, 71).
cost(10, 11, 28).
cost(10, 12, 61).
cost(10, 13, 13).
cost(10, 14, 62).
cost(10, 15, 51).
cost(10, 16, 4).
cost(10, 17, 67).
cost(10, 18, 67).
cost(10, 19, 69).
cost(10, 20, 12).
cost(11, 1, 88).
cost(11, 2, 49).
cost(11, 3, 38).
cost(11, 4, 25).
cost(11, 5, 33).
cost(11, 6, 37).
cost(11, 7, 79).
cost(11, 8, 91).
cost(11, 9, 79).
cost(11, 10, 28).
cost(11, 12, 74).
cost(11, 13, 39).
cost(11, 14, 79).
cost(11, 15, 63).
cost(11, 16, 27).
cost(11, 17, 66).
cost(11, 18, 82).
cost(11, 19, 81).
cost(11, 20, 23).
cost(12, 1, 14).
cost(12, 2, 37).
cost(12, 3, 38).
cost(12, 4, 62).
cost(12, 5, 56).
cost(12, 6, 43).
cost(12, 7, 33).
cost(12, 8, 17).
cost(12, 9, 16).
cost(12, 10, 61).
cost(12, 11, 74).
cost(12, 13, 51).
cost(12, 14, 9).
cost(12, 15, 12).
cost(12, 16, 58).
cost(12, 17, 35).
cost(12, 18, 8).
cost(12, 19, 8).
cost(12, 20, 72).
cost(13, 1, 61).
cost(13, 2, 15).
cost(13, 3, 19).
cost(13, 4, 16).
cost(13, 5, 49).
cost(13, 6, 12).
cost(13, 7, 43).
cost(13, 8, 68).
cost(13, 9, 63).
cost(13, 10, 13).
cost(13, 11, 39).
cost(13, 12, 51).
cost(13, 14, 51).
cost(13, 15, 43).
cost(13, 16, 12).
cost(13, 17, 63).
cost(13, 18, 57).
cost(13, 19, 59).
cost(13, 20, 24).
cost(14, 1, 10).
cost(14, 2, 37).
cost(14, 3, 41).
cost(14, 4, 63).
cost(14, 5, 63).
cost(14, 6, 45).
cost(14, 7, 26).
cost(14, 8, 18).
cost(14, 9, 24).
cost(14, 10, 62).
cost(14, 11, 79).
cost(14, 12, 9).
cost(14, 13, 51).
cost(14, 15, 19).
cost(14, 16, 59).
cost(14, 17, 44).
cost(14, 18, 7).
cost(14, 19, 13).
cost(14, 20, 74).
cost(15, 1, 26).
cost(15, 2, 31).
cost(15, 3, 28).
cost(15, 4, 52).
cost(15, 5, 45).
cost(15, 6, 33).
cost(15, 7, 37).
cost(15, 8, 28).
cost(15, 9, 20).
cost(15, 10, 51).
cost(15, 11, 63).
cost(15, 12, 12).
cost(15, 13, 43).
cost(15, 14, 19).
cost(15, 16, 48).
cost(15, 17, 28).
cost(15, 18, 20).
cost(15, 19, 18).
cost(15, 20, 62).
cost(16, 1, 69).
cost(16, 2, 24).
cost(16, 3, 21).
cost(16, 4, 4).
cost(16, 5, 43).
cost(16, 6, 15).
cost(16, 7, 54).
cost(16, 8, 75).
cost(16, 9, 68).
cost(16, 10, 4).
cost(16, 11, 27).
cost(16, 12, 58).
cost(16, 13, 12).
cost(16, 14, 59).
cost(16, 15, 48).
cost(16, 17, 63).
cost(16, 18, 64).
cost(16, 19, 65).
cost(16, 20, 14).
cost(17, 1, 46).
cost(17, 2, 54).
cost(17, 3, 44).
cost(17, 4, 65).
cost(17, 5, 35).
cost(17, 6, 51).
cost(17, 7, 65).
cost(17, 8, 42).
cost(17, 9, 24).
cost(17, 10, 67).
cost(17, 11, 66).
cost(17, 12, 35).
cost(17, 13, 63).
cost(17, 14, 44).
cost(17, 15, 28).
cost(17, 16, 63).
cost(17, 18, 41).
cost(17, 19, 35).
cost(17, 20, 74).
cost(18, 1, 6).
cost(18, 2, 42).
cost(18, 3, 45).
cost(18, 4, 68).
cost(18, 5, 64).
cost(18, 6, 49).
cost(18, 7, 32).
cost(18, 8, 12).
cost(18, 9, 19).
cost(18, 10, 67).
cost(18, 11, 82).
cost(18, 12, 8).
cost(18, 13, 57).
cost(18, 14, 7).
cost(18, 15, 20).
cost(18, 16, 64).
cost(18, 17, 41).
cost(18, 19, 7).
cost(18, 20, 79).
cost(19, 1, 11).
cost(19, 2, 45).
cost(19, 3, 45).
cost(19, 4, 69).
cost(19, 5, 61).
cost(19, 6, 50).
cost(19, 7, 38).
cost(19, 8, 10).
cost(19, 9, 12).
cost(19, 10, 69).
cost(19, 11, 81).
cost(19, 12, 8).
cost(19, 13, 59).
cost(19, 14, 13).
cost(19, 15, 18).
cost(19, 16, 65).
cost(19, 17, 35).
cost(19, 18, 7).
cost(19, 20, 80).
cost(20, 1, 83).
cost(20, 2, 38).
cost(20, 3, 34).
cost(20, 4, 10).
cost(20, 5, 49).
cost(20, 6, 29).
cost(20, 7, 67).
cost(20, 8, 89).
cost(20, 9, 81).
cost(20, 10, 12).
cost(20, 11, 23).
cost(20, 12, 72).
cost(20, 13, 24).
cost(20, 14, 74).
cost(20, 15, 62).
cost(20, 16, 14).
cost(20, 17, 74).
cost(20, 18, 79).
cost(20, 19, 80).
