dimension(20).
point(1, 24.913936648, 12.4927157621).
point(2, 63.5632114116, 0.9549985963).
point(3, 41.1174029448, 10.0046935652).
point(4, 38.0496851612, 8.1233794714).
point(5, 52.7948448713, 14.088608876).
point(6, 65.8067441366, 80.7023507595).
point(7, 55.3296615535, 68.5206338259).
point(8, 63.9645867406, 90.3589681504).
point(9, 69.4401512574, 62.5497729895).
point(10, 74.9162231012, 78.7681622698).
point(11, 50.4252535105, 26.6592258798).
point(12, 47.6029553861, 28.3506961962).
point(13, 51.8053553877, 16.012286687).
point(14, 71.007140021, 57.2118778415).
point(15, 89.9526260621, 43.8548250249).
point(16, 85.0155440041, 46.6444250673).
point(17, 51.6201578537, 87.4936454932).
point(18, 60.4123605076, 13.8944232987).
point(19, 91.5293076446, 61.4353834703).
point(20, 33.0328286873, 15.2119294305).
cost(1, 2, 40).
cost(1, 3, 16).
cost(1, 4, 14).
cost(1, 5, 28).
cost(1, 6, 80).
cost(1, 7, 64).
cost(1, 8, 87).
cost(1, 9, 67).
cost(1, 10, 83).
cost(1, 11, 29).
cost(1, 12, 28).
cost(1, 13, 27).
cost(1, 14, 64).
cost(1, 15, 72).
cost(1, 16, 69).
cost(1, 17, 80).
cost(1, 18, 36).
cost(1, 19, 83).
cost(1, 20, 9).
cost(2, 1, 40).
cost(2, 3, 24).
cost(2, 4, 27).
cost(2, 5, 17).
cost(2, 6, 80).
cost(2, 7, 68).
cost(2, 8, 89).
cost(2, 9, 62).
cost(2, 10, 79).
cost(2, 11, 29).
cost(2, 12, 32).
cost(2, 13, 19).
cost(2, 14, 57).
cost(2, 15, 50).
cost(2, 16, 50).
cost(2, 17, 87).
cost(2, 18, 13).
cost(2, 19, 67).
cost(2, 20, 34).
cost(3, 1, 16).
cost(3, 2, 24).
cost(3, 4, 4).
cost(3, 5, 12).
cost(3, 6, 75).
cost(3, 7, 60).
cost(3, 8, 84).
cost(3, 9, 60).
cost(3, 10, 77).
cost(3, 11, 19).
cost(3, 12, 19).
cost(3, 13, 12).
cost(3, 14, 56).
cost(3, 15, 59).
cost(3, 16, 57).
cost(3, 17, 78).
cost(3, 18, 20).
cost(3, 19, 72).
cost(3, 20, 10).
cost(4, 1, 14).
cost(4, 2, 27).
cost(4, 3, 4).
cost(4, 5, 16).
cost(4, 6, 78).
cost(4, 7, 63).
cost(4, 8, 86).
cost(4, 9, 63).
cost(4, 10, 80).
cost(4, 11, 22).
cost(4, 12, 22).
cost(4, 13, 16).
cost(4, 14, 59).
cost(4, 15, 63).
cost(4, 16, 61).
cost(4, 17, 81).
cost(4, 18, 23).
cost(4, 19, 76).
cost(4, 20, 9).
cost(5, 1, 28).
cost(5, 2, 17).
cost(5, 3, 12).
cost(5, 4, 16).
cost(5, 6, 68).
cost(5, 7, 54).
cost(5, 8, 77).
cost(5, 9, 51).
cost(5, 10, 68).
cost(5, 11, 13).
cost(5, 12, 15).
cost(5, 13, 2).
cost(5, 14, 47).
cost(5, 15, 48).
cost(5, 16, 46).
cost(5, 17, 73).
cost(5, 18, 8).
cost(5, 19, 61).
cost(5, 20, 20).
cost(6, 1, 80).
cost(6, 2, 80).
cost(6, 3, 75).
cost(6, 4, 78).
cost(6, 5, 68).
cost(6, 7, 16).
cost(6, 8, 10).
cost(6, 9, 19).
cost(6, 10, 9).
cost(6, 11, 56).
cost(6, 12, 55).
cost(6, 13, 66).
cost(6, 14, 24).
cost(6, 15, 44).
cost(6, 16, 39).
cost(6, 17, 16).
cost(6, 18, 67).
cost(6, 19, 32).
cost(6, 20, 73).
cost(7, 1, 64).
cost(7, 2, 68).
cost(7, 3, 60).
cost(7, 4, 63).
cost(7, 5, 54).
cost(7, 6, 16).
cost(7, 8, 23).
cost(7, 9, 15).
cost(7, 10, 22).
cost(7, 11, 42).
cost(7, 12, 41).
cost(7, 13, 53).
cost(7, 14, 19).
cost(7, 15, 43).
cost(7, 16, 37).
cost(7, 17, 19).
cost(7, 18, 55).
cost(7, 19, 37).
cost(7, 20, 58).
cost(8, 1, 87).
cost(8, 2, 89).
cost(8, 3, 84).
cost(8, 4, 86).
cost(8, 5, 77).
cost(8, 6, 10).
cost(8, 7, 23).
cost(8, 9, 28).
cost(8, 10, 16).
cost(8, 11, 65).
cost(8, 12, 64).
cost(8, 13, 75).
cost(8, 14, 34).
cost(8, 15, 53).
cost(8, 16, 49).
cost(8, 17, 13).
cost(8, 18, 77).
cost(8, 19, 40).
cost(8, 20, 81).
cost(9, 1, 67).
cost(9, 2, 62).
cost(9, 3, 60).
cost(9, 4, 63).
cost(9, 5, 51).
cost(9, 6, 19).
cost(9, 7, 15).
cost(9, 8, 28).
cost(9, 10, 17).
cost(9, 11, 41).
cost(9, 12, 41).
cost(9, 13, 50).
cost(9, 14, 6).
cost(9, 15, 28).
cost(9, 16, 22).
cost(9, 17, 31).
cost(9, 18, 49).
cost(9, 19, 22).
cost(9, 20, 60).
cost(10, 1, 83).
cost(10, 2, 79).
cost(10, 3, 77).
cost(10, 4, 80).
cost(10, 5, 68).
cost(10, 6, 9).
cost(10, 7, 22).
cost(10, 8, 16).
cost(10, 9, 17).
cost(10, 11, 58).
cost(10, 12, 57).
cost(10, 13, 67).
cost(10, 14, 22).
cost(10, 15, 38).
cost(10, 16, 34).
cost(10, 17, 25).
cost(10, 18, 66).
cost(10, 19, 24).
cost(10, 20, 76).
cost(11, 1, 29).
cost(11, 2, 29).
cost(11, 3, 19).
cost(11, 4, 22).
cost(11, 5, 13).
cost(11, 6, 56).
cost(11, 7, 42).
cost(11, 8, 65).
cost(11, 9, 41).
cost(11, 10, 58).
cost(11, 12, 3).
cost(11, 13, 11).
cost(11, 14, 37).
cost(11, 15, 43).
cost(11, 16, 40).
cost(11, 17, 61).
cost(11, 18, 16).
cost(11, 19, 54).
cost(11, 20, 21).
cost(12, 1, 28).
cost(12, 2, 32).
cost(12, 3, 19).
cost(12, 4, 22).
cost(12, 5, 15).
cost(12, 6, 55).
cost(12, 7, 41).
cost(12, 8, 64).
cost(12, 9, 41).
cost(12, 10, 57).
cost(12, 11, 3).
cost(12, 13, 13).
cost(12, 14, 37).
cost(12, 15, 45).
cost(12, 16, 42).
cost(12, 17, 59).
cost(12, 18, 19).
cost(12, 19, 55).
cost(12, 20, 20).
cost(13, 1, 27).
cost(13, 2, 19).
cost(13, 3, 12).
cost(13, 4, 16).
cost(13, 5, 2).
cost(13, 6, 66).
cost(13, 7, 53).
cost(13, 8, 75).
cost(13, 9, 50).
cost(13, 10, 67).
cost(13, 11, 11).
cost(13, 12, 13).
cost(13, 14, 45).
cost(13, 15, 47).
cost(13, 16, 45).
cost(13, 17, 71).
cost(13, 18, 9).
cost(13, 19, 60).
cost(13, 20, 19).
cost(14, 1, 64).
cost(14, 2, 57).
cost(14, 3, 56).
cost(14, 4, 59).
cost(14, 5, 47).
cost(14, 6, 24).
cost(14, 7, 19).
cost(14, 8, 34).
cost(14, 9, 6).
cost(14, 10, 22).
cost(14, 11, 37).
cost(14, 12, 37).
cost(14, 13, 45).
cost(14, 15, 23).
cost(14, 16, 18).
cost(14, 17, 36).
cost(14, 18, 45).
cost(14, 19, 21).
cost(14, 20, 57).
cost(15, 1, 72).
cost(15, 2, 50).
cost(15, 3, 59).
cost(15, 4, 63).
cost(15, 5, 48).
cost(15, 6, 44).
cost(15, 7, 43).
cost(15, 8, 53).
cost(15, 9, 28).
cost(15, 10, 38).
cost(15, 11, 43).
cost(15, 12, 45).
cost(15, 13, 47).
cost(15, 14, 23).
cost(15, 16, 6).
cost(15, 17, 58).
cost(15, 18, 42).
cost(15, 19, 18).
cost(15, 20, 64).
cost(16, 1, 69).
cost(16, 2, 50).
cost(16, 3, 57).
cost(16, 4, 61).
cost(16, 5, 46).
cost(16, 6, 39).
cost(16, 7, 37).
cost(16, 8, 49).
cost(16, 9, 22).
cost(16, 10, 34).
cost(16, 11, 40).
cost(16, 12, 42).
cost(16, 13, 45).
cost(16, 14, 18).
cost(16, 15, 6).
cost(16, 17, 53).
cost(16, 18, 41).
cost(16, 19, 16).
cost(16, 20, 61).
cost(17, 1, 80).
cost(17, 2, 87).
cost(17, 3, 78).
cost(17, 4, 81).
cost(17, 5, 73).
cost(17, 6, 16).
cost(17, 7, 19).
cost(17, 8, 13).
cost(17, 9, 31).
cost(17, 10, 25).
cost(17, 11, 61).
cost(17, 12, 59).
cost(17, 13, 71).
cost(17, 14, 36).
cost(17, 15, 58).
cost(17, 16, 53).
cost(17, 18, 74).
cost(17, 19, 48).
cost(17, 20, 75).
cost(18, 1, 36).
cost(18, 2, 13).
cost(18, 3, 20).
cost(18, 4, 23).
cost(18, 5, 8).
cost(18, 6, 67).
cost(18, 7, 55).
cost(18, 8, 77).
cost(18, 9, 49).
cost(18, 10, 66).
cost(18, 11, 16).
cost(18, 12, 19).
cost(18, 13, 9).
cost(18, 14, 45).
cost(18, 15, 42).
cost(18, 16, 41).
cost(18, 17, 74).
cost(18, 19, 57).
cost(18, 20, 27).
cost(19, 1, 83).
cost(19, 2, 67).
cost(19, 3, 72).
cost(19, 4, 76).
cost(19, 5, 61).
cost(19, 6, 32).
cost(19, 7, 37).
cost(19, 8, 40).
cost(19, 9, 22).
cost(19, 10, 24).
cost(19, 11, 54).
cost(19, 12, 55).
cost(19, 13, 60).
cost(19, 14, 21).
cost(19, 15, 18).
cost(19, 16, 16).
cost(19, 17, 48).
cost(19, 18, 57).
cost(19, 20, 75).
cost(20, 1, 9).
cost(20, 2, 34).
cost(20, 3, 10).
cost(20, 4, 9).
cost(20, 5, 20).
cost(20, 6, 73).
cost(20, 7, 58).
cost(20, 8, 81).
cost(20, 9, 60).
cost(20, 10, 76).
cost(20, 11, 21).
cost(20, 12, 20).
cost(20, 13, 19).
cost(20, 14, 57).
cost(20, 15, 64).
cost(20, 16, 61).
cost(20, 17, 75).
cost(20, 18, 27).
cost(20, 19, 75).
