dimension(20).
point(1, 42.266357179, 66.6027928497).
point(2, 7.2756225375, 83.2314106546).
point(3, 24.0329043533, 54.5768467495).
point(4, 20.5100759531, 52.0000701816).
point(5, 86.3148830123, 45.712732261).
point(6, 23.6756142847, 74.6352352474).
point(7, 76.5358141159, 31.0695229115).
point(8, 92.322228851, 44.6658527203).
point(9, 95.2112628437, 29.4187851214).
point(10, 7.3878403218, 54.576724246).
point(11, 81.6909513313, 39.5768451975).
point(12, 20.7296854469, 37.1160488795).
point(13, 12.613043746, 76.0041862918).
point(14, 95.8242905083, 35.5648535326).
point(15, 36.7912342138, 50.7140284366).
point(16, 33.662275928, 78.76506834).
point(17, 97.0443461535, 25.3778250591).
point(18, 68.2799217323, 34.8735518158).
point(19, 96.3283473992, 25.357885653).
point(20, 78.2604033762, 1.9410207506).
cost(1, 2, 39).
cost(1, 3, 22).
cost(1, 4, 26).
cost(1, 5, 49).
cost(1, 6, 20).
cost(1, 7, 49).
cost(1, 8, 55).
cost(1, 9, 65).
cost(1, 10, 37).
cost(1, 11, 48).
cost(1, 12, 37).
cost(1, 13, 31).
cost(1, 14, 62).
cost(1, 15, 17).
cost(1, 16, 15).
cost(1, 17, 69).
cost(1, 18, 41).
cost(1, 19, 68).
cost(1, 20, 74).
cost(2, 1, 39).
cost(2, 3, 33).
cost(2, 4, 34).
cost(2, 5, 87).
cost(2, 6, 19).
cost(2, 7, 87).
cost(2, 8, 93).
cost(2, 9, 103).
cost(2, 10, 29).
cost(2, 11, 86).
cost(2, 12, 48).
cost(2, 13, 9).
cost(2, 14, 101).
cost(2, 15, 44).
cost(2, 16, 27).
cost(2, 17, 107).
cost(2, 18, 78).
cost(2, 19, 106).
cost(2, 20, 108).
cost(3, 1, 22).
cost(3, 2, 33).
cost(3, 4, 4).
cost(3, 5, 63).
cost(3, 6, 20).
cost(3, 7, 58).
cost(3, 8, 69).
cost(3, 9, 75).
cost(3, 10, 17).
cost(3, 11, 60).
cost(3, 12, 18).
cost(3, 13, 24).
cost(3, 14, 74).
cost(3, 15, 13).
cost(3, 16, 26).
cost(3, 17, 79).
cost(3, 18, 48).
cost(3, 19, 78).
cost(3, 20, 76).
cost(4, 1, 26).
cost(4, 2, 34).
cost(4, 3, 4).
cost(4, 5, 66).
cost(4, 6, 23).
cost(4, 7, 60).
cost(4, 8, 72).
cost(4, 9, 78).
cost(4, 10, 13).
cost(4, 11, 62).
cost(4, 12, 15).
cost(4, 13, 25).
cost(4, 14, 77).
cost(4, 15, 16).
cost(4, 16, 30).
cost(4, 17, 81).
cost(4, 18, 51).
cost(4, 19, 80).
cost(4, 20, 76).
cost(5, 1, 49).
cost(5, 2, 87).
cost(5, 3, 63).
cost(5, 4, 66).
cost(5, 6, 69).
cost(5, 7, 18).
cost(5, 8, 6).
cost(5, 9, 19).
cost(5, 10, 79).
cost(5, 11, 8).
cost(5, 12, 66).
cost(5, 13, 80).
cost(5, 14, 14).
cost(5, 15, 50).
cost(5, 16, 62).
cost(5, 17, 23).
cost(5, 18, 21).
cost(5, 19, 23).
cost(5, 20, 45).
cost(6, 1, 20).
cost(6, 2, 19).
cost(6, 3, 20).
cost(6, 4, 23).
cost(6, 5, 69).
cost(6, 7, 68).
cost(6, 8, 75).
cost(6, 9, 85).
cost(6, 10, 26).
cost(6, 11, 68).
cost(6, 12, 38).
cost(6, 13, 11).
cost(6, 14, 82).
cost(6, 15, 27).
cost(6, 16, 11).
cost(6, 17, 88).
cost(6, 18, 60).
cost(6, 19, 88).
cost(6, 20, 91).
cost(7, 1, 49).
cost(7, 2, 87).
cost(7, 3, 58).
cost(7, 4, 60).
cost(7, 5, 18).
cost(7, 6, 68).
cost(7, 8, 21).
cost(7, 9, 19).
cost(7, 10, 73).
cost(7, 11, 10).
cost(7, 12, 56).
cost(7, 13, 78).
cost(7, 14, 20).
cost(7, 15, 44).
cost(7, 16, 64).
cost(7, 17, 21).
cost(7, 18, 9).
cost(7, 19, 21).
cost(7, 20, 29).
cost(8, 1, 55).
cost(8, 2, 93).
cost(8, 3, 69).
cost(8, 4, 72).
cost(8, 5, 6).
cost(8, 6, 75).
cost(8, 7, 21).
cost(8, 9, 16).
cost(8, 10, 86).
cost(8, 11, 12).
cost(8, 12, 72).
cost(8, 13, 86).
cost(8, 14, 10).
cost(8, 15, 56).
cost(8, 16, 68).
cost(8, 17, 20).
cost(8, 18, 26).
cost(8, 19, 20).
cost(8, 20, 45).
cost(9, 1, 65).
cost(9, 2, 103).
cost(9, 3, 75).
cost(9, 4, 78).
cost(9, 5, 19).
cost(9, 6, 85).
cost(9, 7, 19).
cost(9, 8, 16).
cost(9, 10, 91).
cost(9, 11, 17).
cost(9, 12, 75).
cost(9, 13, 95).
cost(9, 14, 6).
cost(9, 15, 62).
cost(9, 16, 79).
cost(9, 17, 4).
cost(9, 18, 27).
cost(9, 19, 4).
cost(9, 20, 32).
cost(10, 1, 37).
cost(10, 2, 29).
cost(10, 3, 17).
cost(10, 4, 13).
cost(10, 5, 79).
cost(10, 6, 26).
cost(10, 7, 73).
cost(10, 8, 86).
cost(10, 9, 91).
cost(10, 11, 76).
cost(10, 12, 22).
cost(10, 13, 22).
cost(10, 14, 90).
cost(10, 15, 30).
cost(10, 16, 36).
cost(10, 17, 94).
cost(10, 18, 64).
cost(10, 19, 94).
cost(10, 20, 88).
cost(11, 1, 48).
cost(11, 2, 86).
cost(11, 3, 60).
cost(11, 4, 62).
cost(11, 5, 8).
cost(11, 6, 68).
cost(11, 7, 10).
cost(11, 8, 12).
cost(11, 9, 17).
cost(11, 10, 76).
cost(11, 12, 61).
cost(11, 13, 78).
cost(11, 14, 15).
cost(11, 15, 46).
cost(11, 16, 62).
cost(11, 17, 21).
cost(11, 18, 14).
cost(11, 19, 20).
cost(11, 20, 38).
cost(12, 1, 37).
cost(12, 2, 48).
cost(12, 3, 18).
cost(12, 4, 15).
cost(12, 5, 66).
cost(12, 6, 38).
cost(12, 7, 56).
cost(12, 8, 72).
cost(12, 9, 75).
cost(12, 10, 22).
cost(12, 11, 61).
cost(12, 13, 40).
cost(12, 14, 75).
cost(12, 15, 21).
cost(12, 16, 44).
cost(12, 17, 77).
cost(12, 18, 48).
cost(12, 19, 77).
cost(12, 20, 67).
cost(13, 1, 31).
cost(13, 2, 9).
cost(13, 3, 24).
cost(13, 4, 25).
cost(13, 5, 80).
cost(13, 6, 11).
cost(13, 7, 78).
cost(13, 8, 86).
cost(13, 9, 95).
cost(13, 10, 22).
cost(13, 11, 78).
cost(13, 12, 40).
cost(13, 14, 93).
cost(13, 15, 35).
cost(13, 16, 21).
cost(13, 17, 98).
cost(13, 18, 69).
cost(13, 19, 98).
cost(13, 20, 99).
cost(14, 1, 62).
cost(14, 2, 101).
cost(14, 3, 74).
cost(14, 4, 77).
cost(14, 5, 14).
cost(14, 6, 82).
cost(14, 7, 20).
cost(14, 8, 10).
cost(14, 9, 6).
cost(14, 10, 90).
cost(14, 11, 15).
cost(14, 12, 75).
cost(14, 13, 93).
cost(14, 15, 61).
cost(14, 16, 76).
cost(14, 17, 10).
cost(14, 18, 28).
cost(14, 19, 10).
cost(14, 20, 38).
cost(15, 1, 17).
cost(15, 2, 44).
cost(15, 3, 13).
cost(15, 4, 16).
cost(15, 5, 50).
cost(15, 6, 27).
cost(15, 7, 44).
cost(15, 8, 56).
cost(15, 9, 62).
cost(15, 10, 30).
cost(15, 11, 46).
cost(15, 12, 21).
cost(15, 13, 35).
cost(15, 14, 61).
cost(15, 16, 28).
cost(15, 17, 65).
cost(15, 18, 35).
cost(15, 19, 65).
cost(15, 20, 64).
cost(16, 1, 15).
cost(16, 2, 27).
cost(16, 3, 26).
cost(16, 4, 30).
cost(16, 5, 62).
cost(16, 6, 11).
cost(16, 7, 64).
cost(16, 8, 68).
cost(16, 9, 79).
cost(16, 10, 36).
cost(16, 11, 62).
cost(16, 12, 44).
cost(16, 13, 21).
cost(16, 14, 76).
cost(16, 15, 28).
cost(16, 17, 83).
cost(16, 18, 56).
cost(16, 19, 82).
cost(16, 20, 89).
cost(17, 1, 69).
cost(17, 2, 107).
cost(17, 3, 79).
cost(17, 4, 81).
cost(17, 5, 23).
cost(17, 6, 88).
cost(17, 7, 21).
cost(17, 8, 20).
cost(17, 9, 4).
cost(17, 10, 94).
cost(17, 11, 21).
cost(17, 12, 77).
cost(17, 13, 98).
cost(17, 14, 10).
cost(17, 15, 65).
cost(17, 16, 83).
cost(17, 18, 30).
cost(17, 19, 1).
cost(17, 20, 30).
cost(18, 1, 41).
cost(18, 2, 78).
cost(18, 3, 48).
cost(18, 4, 51).
cost(18, 5, 21).
cost(18, 6, 60).
cost(18, 7, 9).
cost(18, 8, 26).
cost(18, 9, 27).
cost(18, 10, 64).
cost(18, 11, 14).
cost(18, 12, 48).
cost(18, 13, 69).
cost(18, 14, 28).
cost(18, 15, 35).
cost(18, 16, 56).
cost(18, 17, 30).
cost(18, 19, 30).
cost(18, 20, 34).
cost(19, 1, 68).
cost(19, 2, 106).
cost(19, 3, 78).
cost(19, 4, 80).
cost(19, 5, 23).
cost(19, 6, 88).
cost(19, 7, 21).
cost(19, 8, 20).
cost(19, 9, 4).
cost(19, 10, 94).
cost(19, 11, 20).
cost(19, 12, 77).
cost(19, 13, 98).
cost(19, 14, 10).
cost(19, 15, 65).
cost(19, 16, 82).
cost(19, 17, 1).
cost(19, 18, 30).
cost(19, 20, 30).
cost(20, 1, 74).
cost(20, 2, 108).
cost(20, 3, 76).
cost(20, 4, 76).
cost(20, 5, 45).
cost(20, 6, 91).
cost(20, 7, 29).
cost(20, 8, 45).
cost(20, 9, 32).
cost(20, 10, 88).
cost(20, 11, 38).
cost(20, 12, 67).
cost(20, 13, 99).
cost(20, 14, 38).
cost(20, 15, 64).
cost(20, 16, 89).
cost(20, 17, 30).
cost(20, 18, 34).
cost(20, 19, 30).
