dimension(20).
point(1, 22.8885280469, 20.212853367).
point(2, 29.6447165369, 83.8633852516).
point(3, 59.1255494278, 62.9589001457).
point(4, 2.531707915, 27.7857809473).
point(5, 5.3660148845, 9.2325880513).
point(6, 88.9607799259, 71.1550483387).
point(7, 6.4034684734, 29.285612572).
point(8, 19.1416923483, 7.1424754966).
point(9, 83.2290163136, 46.5032139387).
point(10, 11.6907102651, 31.690341086).
point(11, 15.4879268045, 38.8475318419).
point(12, 54.449286849, 63.9938243298).
point(13, 83.7250583534, 66.2786942155).
point(14, 77.5262404392, 52.4698063772).
point(15, 72.5694305827, 88.6817840254).
point(16, 61.4443035194, 74.815860186).
point(17, 55.5828432563, 52.1899545277).
point(18, 23.9225439284, 11.856121552).
point(19, 13.8636538287, 21.0230205488).
point(20, 30.5264163402, 8.8430464046).
cost(1, 2, 64).
cost(1, 3, 56).
cost(1, 4, 22).
cost(1, 5, 21).
cost(1, 6, 83).
cost(1, 7, 19).
cost(1, 8, 14).
cost(1, 9, 66).
cost(1, 10, 16).
cost(1, 11, 20).
cost(1, 12, 54).
cost(1, 13, 76).
cost(1, 14, 63).
cost(1, 15, 85).
cost(1, 16, 67).
cost(1, 17, 46).
cost(1, 18, 8).
cost(1, 19, 9).
cost(1, 20, 14).
cost(2, 1, 64).
cost(2, 3, 36).
cost(2, 4, 62).
cost(2, 5, 78).
cost(2, 6, 61).
cost(2, 7, 59).
cost(2, 8, 77).
cost(2, 9, 65).
cost(2, 10, 55).
cost(2, 11, 47).
cost(2, 12, 32).
cost(2, 13, 57).
cost(2, 14, 57).
cost(2, 15, 43).
cost(2, 16, 33).
cost(2, 17, 41).
cost(2, 18, 72).
cost(2, 19, 65).
cost(2, 20, 75).
cost(3, 1, 56).
cost(3, 2, 36).
cost(3, 4, 67).
cost(3, 5, 76).
cost(3, 6, 31).
cost(3, 7, 63).
cost(3, 8, 69).
cost(3, 9, 29).
cost(3, 10, 57).
cost(3, 11, 50).
cost(3, 12, 5).
cost(3, 13, 25).
cost(3, 14, 21).
cost(3, 15, 29).
cost(3, 16, 12).
cost(3, 17, 11).
cost(3, 18, 62).
cost(3, 19, 62).
cost(3, 20, 61).
cost(4, 1, 22).
cost(4, 2, 62).
cost(4, 3, 67).
cost(4, 5, 19).
cost(4, 6, 97).
cost(4, 7, 4).
cost(4, 8, 26).
cost(4, 9, 83).
cost(4, 10, 10).
cost(4, 11, 17).
cost(4, 12, 63).
cost(4, 13, 90).
cost(4, 14, 79).
cost(4, 15, 93).
cost(4, 16, 75).
cost(4, 17, 58).
cost(4, 18, 27).
cost(4, 19, 13).
cost(4, 20, 34).
cost(5, 1, 21).
cost(5, 2, 78).
cost(5, 3, 76).
cost(5, 4, 19).
cost(5, 6, 104).
cost(5, 7, 20).
cost(5, 8, 14).
cost(5, 9, 86).
cost(5, 10, 23).
cost(5, 11, 31).
cost(5, 12, 74).
cost(5, 13, 97).
cost(5, 14, 84).
cost(5, 15, 104).
cost(5, 16, 86).
cost(5, 17, 66).
cost(5, 18, 19).
cost(5, 19, 15).
cost(5, 20, 25).
cost(6, 1, 83).
cost(6, 2, 61).
cost(6, 3, 31).
cost(6, 4, 97).
cost(6, 5, 104).
cost(6, 7, 93).
cost(6, 8, 95).
cost(6, 9, 25).
cost(6, 10, 87).
cost(6, 11, 80).
cost(6, 12, 35).
cost(6, 13, 7).
cost(6, 14, 22).
cost(6, 15, 24).
cost(6, 16, 28).
cost(6, 17, 38).
cost(6, 18, 88).
cost(6, 19, 90).
cost(6, 20, 85).
cost(7, 1, 19).
cost(7, 2, 59).
cost(7, 3, 63).
cost(7, 4, 4).
cost(7, 5, 20).
cost(7, 6, 93).
cost(7, 8, 26).
cost(7, 9, 79).
cost(7, 10, 6).
cost(7, 11, 13).
cost(7, 12, 59).
cost(7, 13, 86).
cost(7, 14, 75).
cost(7, 15, 89).
cost(7, 16, 71).
cost(7, 17, 54).
cost(7, 18, 25).
cost(7, 19, 11).
cost(7, 20, 32).
cost(8, 1, 14).
cost(8, 2, 77).
cost(8, 3, 69).
cost(8, 4, 26).
cost(8, 5, 14).
cost(8, 6, 95).
cost(8, 7, 26).
cost(8, 9, 75).
cost(8, 10, 26).
cost(8, 11, 32).
cost(8, 12, 67).
cost(8, 13, 88).
cost(8, 14, 74).
cost(8, 15, 97).
cost(8, 16, 80).
cost(8, 17, 58).
cost(8, 18, 7).
cost(8, 19, 15).
cost(8, 20, 12).
cost(9, 1, 66).
cost(9, 2, 65).
cost(9, 3, 29).
cost(9, 4, 83).
cost(9, 5, 86).
cost(9, 6, 25).
cost(9, 7, 79).
cost(9, 8, 75).
cost(9, 10, 73).
cost(9, 11, 68).
cost(9, 12, 34).
cost(9, 13, 20).
cost(9, 14, 8).
cost(9, 15, 44).
cost(9, 16, 36).
cost(9, 17, 28).
cost(9, 18, 69).
cost(9, 19, 74).
cost(9, 20, 65).
cost(10, 1, 16).
cost(10, 2, 55).
cost(10, 3, 57).
cost(10, 4, 10).
cost(10, 5, 23).
cost(10, 6, 87).
cost(10, 7, 6).
cost(10, 8, 26).
cost(10, 9, 73).
cost(10, 11, 8).
cost(10, 12, 54).
cost(10, 13, 80).
cost(10, 14, 69).
cost(10, 15, 83).
cost(10, 16, 66).
cost(10, 17, 48).
cost(10, 18, 23).
cost(10, 19, 11).
cost(10, 20, 30).
cost(11, 1, 20).
cost(11, 2, 47).
cost(11, 3, 50).
cost(11, 4, 17).
cost(11, 5, 31).
cost(11, 6, 80).
cost(11, 7, 13).
cost(11, 8, 32).
cost(11, 9, 68).
cost(11, 10, 8).
cost(11, 12, 46).
cost(11, 13, 74).
cost(11, 14, 64).
cost(11, 15, 76).
cost(11, 16, 58).
cost(11, 17, 42).
cost(11, 18, 28).
cost(11, 19, 18).
cost(11, 20, 34).
cost(12, 1, 54).
cost(12, 2, 32).
cost(12, 3, 5).
cost(12, 4, 63).
cost(12, 5, 74).
cost(12, 6, 35).
cost(12, 7, 59).
cost(12, 8, 67).
cost(12, 9, 34).
cost(12, 10, 54).
cost(12, 11, 46).
cost(12, 13, 29).
cost(12, 14, 26).
cost(12, 15, 31).
cost(12, 16, 13).
cost(12, 17, 12).
cost(12, 18, 60).
cost(12, 19, 59).
cost(12, 20, 60).
cost(13, 1, 76).
cost(13, 2, 57).
cost(13, 3, 25).
cost(13, 4, 90).
cost(13, 5, 97).
cost(13, 6, 7).
cost(13, 7, 86).
cost(13, 8, 88).
cost(13, 9, 20).
cost(13, 10, 80).
cost(13, 11, 74).
cost(13, 12, 29).
cost(13, 14, 15).
cost(13, 15, 25).
cost(13, 16, 24).
cost(13, 17, 31).
cost(13, 18, 81).
cost(13, 19, 83).
cost(13, 20, 78).
cost(14, 1, 63).
cost(14, 2, 57).
cost(14, 3, 21).
cost(14, 4, 79).
cost(14, 5, 84).
cost(14, 6, 22).
cost(14, 7, 75).
cost(14, 8, 74).
cost(14, 9, 8).
cost(14, 10, 69).
cost(14, 11, 64).
cost(14, 12, 26).
cost(14, 13, 15).
cost(14, 15, 37).
cost(14, 16, 28).
cost(14, 17, 22).
cost(14, 18, 67).
cost(14, 19, 71).
cost(14, 20, 64).
cost(15, 1, 85).
cost(15, 2, 43).
cost(15, 3, 29).
cost(15, 4, 93).
cost(15, 5, 104).
cost(15, 6, 24).
cost(15, 7, 89).
cost(15, 8, 97).
cost(15, 9, 44).
cost(15, 10, 83).
cost(15, 11, 76).
cost(15, 12, 31).
cost(15, 13, 25).
cost(15, 14, 37).
cost(15, 16, 18).
cost(15, 17, 40).
cost(15, 18, 91).
cost(15, 19, 90).
cost(15, 20, 90).
cost(16, 1, 67).
cost(16, 2, 33).
cost(16, 3, 12).
cost(16, 4, 75).
cost(16, 5, 86).
cost(16, 6, 28).
cost(16, 7, 71).
cost(16, 8, 80).
cost(16, 9, 36).
cost(16, 10, 66).
cost(16, 11, 58).
cost(16, 12, 13).
cost(16, 13, 24).
cost(16, 14, 28).
cost(16, 15, 18).
cost(16, 17, 23).
cost(16, 18, 73).
cost(16, 19, 72).
cost(16, 20, 73).
cost(17, 1, 46).
cost(17, 2, 41).
cost(17, 3, 11).
cost(17, 4, 58).
cost(17, 5, 66).
cost(17, 6, 38).
cost(17, 7, 54).
cost(17, 8, 58).
cost(17, 9, 28).
cost(17, 10, 48).
cost(17, 11, 42).
cost(17, 12, 12).
cost(17, 13, 31).
cost(17, 14, 22).
cost(17, 15, 40).
cost(17, 16, 23).
cost(17, 18, 51).
cost(17, 19, 52).
cost(17, 20, 50).
cost(18, 1, 8).
cost(18, 2, 72).
cost(18, 3, 62).
cost(18, 4, 27).
cost(18, 5, 19).
cost(18, 6, 88).
cost(18, 7, 25).
cost(18, 8, 7).
cost(18, 9, 69).
cost(18, 10, 23).
cost(18, 11, 28).
cost(18, 12, 60).
cost(18, 13, 81).
cost(18, 14, 67).
cost(18, 15, 91).
cost(18, 16, 73).
cost(18, 17, 51).
cost(18, 19, 14).
cost(18, 20, 7).
cost(19, 1, 9).
cost(19, 2, 65).
cost(19, 3, 62).
cost(19, 4, 13).
cost(19, 5, 15).
cost(19, 6, 90).
cost(19, 7, 11).
cost(19, 8, 15).
cost(19, 9, 74).
cost(19, 10, 11).
cost(19, 11, 18).
cost(19, 12, 59).
cost(19, 13, 83).
cost(19, 14, 71).
cost(19, 15, 90).
cost(19, 16, 72).
cost(19, 17, 52).
cost(19, 18, 14).
cost(19, 20, 21).
cost(20, 1, 14).
cost(20, 2, 75).
cost(20, 3, 61).
cost(20, 4, 34).
cost(20, 5, 25).
cost(20, 6, 85).
cost(20, 7, 32).
cost(20, 8, 12).
cost(20, 9, 65).
cost(20, 10, 30).
cost(20, 11, 34).
cost(20, 12, 60).
cost(20, 13, 78).
cost(20, 14, 64).
cost(20, 15, 90).
cost(20, 16, 73).
cost(20, 17, 50).
cost(20, 18, 7).
cost(20, 19, 21).
