dimension(20).
point(1, 69.8868574123, 85.352615587).
point(2, 12.9267187258, 68.8880981165).
point(3, 96.1111815051, 66.0709485222).
point(4, 41.1112085291, 20.9599615393).
point(5, 27.5608514297, 52.0821992526).
point(6, 99.0898193402, 78.1727484732).
point(7, 87.0983791667, 44.2981515081).
point(8, 17.8189759277, 16.4216948022).
point(9, 77.1371366833, 96.0237725389).
point(10, 86.08534839, 69.386232952).
point(11, 9.2362583405, 47.4224410052).
point(12, 41.790926203, 34.7051235677).
point(13, 36.5467009594, 47.0153315501).
point(14, 46.8583344475, 25.7810749033).
point(15, 88.5217523223, 67.6835881589).
point(16, 84.0498227524, 70.6843083962).
point(17, 30.5649059134, 18.1027212029).
point(18, 96.2240863726, 67.564003705).
point(19, 7.6905697707, 27.8308597749).
point(20, 80.1567215364, 82.7018842853).
cost(1, 2, 59).
cost(1, 3, 33).
cost(1, 4, 71).
cost(1, 5, 54).
cost(1, 6, 30).
cost(1, 7, 45).
cost(1, 8, 86).
cost(1, 9, 13).
cost(1, 10, 23).
cost(1, 11, 72).
cost(1, 12, 58).
cost(1, 13, 51).
cost(1, 14, 64).
cost(1, 15, 26).
cost(1, 16, 20).
cost(1, 17, 78).
cost(1, 18, 32).
cost(1, 19, 85).
cost(1, 20, 11).
cost(2, 1, 59).
cost(2, 3, 83).
cost(2, 4, 56).
cost(2, 5, 22).
cost(2, 6, 87).
cost(2, 7, 78).
cost(2, 8, 53).
cost(2, 9, 70).
cost(2, 10, 73).
cost(2, 11, 22).
cost(2, 12, 45).
cost(2, 13, 32).
cost(2, 14, 55).
cost(2, 15, 76).
cost(2, 16, 71).
cost(2, 17, 54).
cost(2, 18, 83).
cost(2, 19, 41).
cost(2, 20, 69).
cost(3, 1, 33).
cost(3, 2, 83).
cost(3, 4, 71).
cost(3, 5, 70).
cost(3, 6, 12).
cost(3, 7, 24).
cost(3, 8, 93).
cost(3, 9, 35).
cost(3, 10, 11).
cost(3, 11, 89).
cost(3, 12, 63).
cost(3, 13, 63).
cost(3, 14, 64).
cost(3, 15, 8).
cost(3, 16, 13).
cost(3, 17, 81).
cost(3, 18, 1).
cost(3, 19, 96).
cost(3, 20, 23).
cost(4, 1, 71).
cost(4, 2, 56).
cost(4, 3, 71).
cost(4, 5, 34).
cost(4, 6, 81).
cost(4, 7, 52).
cost(4, 8, 24).
cost(4, 9, 83).
cost(4, 10, 66).
cost(4, 11, 41).
cost(4, 12, 14).
cost(4, 13, 26).
cost(4, 14, 8).
cost(4, 15, 67).
cost(4, 16, 66).
cost(4, 17, 11).
cost(4, 18, 72).
cost(4, 19, 34).
cost(4, 20, 73).
cost(5, 1, 54).
cost(5, 2, 22).
cost(5, 3, 70).
cost(5, 4, 34).
cost(5, 6, 76).
cost(5, 7, 60).
cost(5, 8, 37).
cost(5, 9, 66).
cost(5, 10, 61).
cost(5, 11, 19).
cost(5, 12, 22).
cost(5, 13, 10).
cost(5, 14, 33).
cost(5, 15, 63).
cost(5, 16, 59).
cost(5, 17, 34).
cost(5, 18, 70).
cost(5, 19, 31).
cost(5, 20, 61).
cost(6, 1, 30).
cost(6, 2, 87).
cost(6, 3, 12).
cost(6, 4, 81).
cost(6, 5, 76).
cost(6, 7, 36).
cost(6, 8, 102).
cost(6, 9, 28).
cost(6, 10, 16).
cost(6, 11, 95).
cost(6, 12, 72).
cost(6, 13, 70).
cost(6, 14, 74).
cost(6, 15, 15).
cost(6, 16, 17).
cost(6, 17, 91).
cost(6, 18, 11).
cost(6, 19, 104).
cost(6, 20, 19).
cost(7, 1, 45).
cost(7, 2, 78).
cost(7, 3, 24).
cost(7, 4, 52).
cost(7, 5, 60).
cost(7, 6, 36).
cost(7, 8, 75).
cost(7, 9, 53).
cost(7, 10, 25).
cost(7, 11, 78).
cost(7, 12, 46).
cost(7, 13, 51).
cost(7, 14, 44).
cost(7, 15, 23).
cost(7, 16, 27).
cost(7, 17, 62).
cost(7, 18, 25).
cost(7, 19, 81).
cost(7, 20, 39).
cost(8, 1, 86).
cost(8, 2, 53).
cost(8, 3, 93).
cost(8, 4, 24).
cost(8, 5, 37).
cost(8, 6, 102).
cost(8, 7, 75).
cost(8, 9, 99).
cost(8, 10, 86).
cost(8, 11, 32).
cost(8, 12, 30).
cost(8, 13, 36).
cost(8, 14, 31).
cost(8, 15, 87).
cost(8, 16, 86).
cost(8, 17, 13).
cost(8, 18, 94).
cost(8, 19, 15).
cost(8, 20, 91).
cost(9, 1, 13).
cost(9, 2, 70).
cost(9, 3, 35).
cost(9, 4, 83).
cost(9, 5, 66).
cost(9, 6, 28).
cost(9, 7, 53).
cost(9, 8, 99).
cost(9, 10, 28).
cost(9, 11, 84).
cost(9, 12, 71).
cost(9, 13, 64).
cost(9, 14, 76).
cost(9, 15, 31).
cost(9, 16, 26).
cost(9, 17, 91).
cost(9, 18, 34).
cost(9, 19, 97).
cost(9, 20, 14).
cost(10, 1, 23).
cost(10, 2, 73).
cost(10, 3, 11).
cost(10, 4, 66).
cost(10, 5, 61).
cost(10, 6, 16).
cost(10, 7, 25).
cost(10, 8, 86).
cost(10, 9, 28).
cost(10, 11, 80).
cost(10, 12, 56).
cost(10, 13, 54).
cost(10, 14, 59).
cost(10, 15, 3).
cost(10, 16, 2).
cost(10, 17, 76).
cost(10, 18, 10).
cost(10, 19, 89).
cost(10, 20, 15).
cost(11, 1, 72).
cost(11, 2, 22).
cost(11, 3, 89).
cost(11, 4, 41).
cost(11, 5, 19).
cost(11, 6, 95).
cost(11, 7, 78).
cost(11, 8, 32).
cost(11, 9, 84).
cost(11, 10, 80).
cost(11, 12, 35).
cost(11, 13, 27).
cost(11, 14, 43).
cost(11, 15, 82).
cost(11, 16, 78).
cost(11, 17, 36).
cost(11, 18, 89).
cost(11, 19, 20).
cost(11, 20, 79).
cost(12, 1, 58).
cost(12, 2, 45).
cost(12, 3, 63).
cost(12, 4, 14).
cost(12, 5, 22).
cost(12, 6, 72).
cost(12, 7, 46).
cost(12, 8, 30).
cost(12, 9, 71).
cost(12, 10, 56).
cost(12, 11, 35).
cost(12, 13, 13).
cost(12, 14, 10).
cost(12, 15, 57).
cost(12, 16, 56).
cost(12, 17, 20).
cost(12, 18, 64).
cost(12, 19, 35).
cost(12, 20, 61).
cost(13, 1, 51).
cost(13, 2, 32).
cost(13, 3, 63).
cost(13, 4, 26).
cost(13, 5, 10).
cost(13, 6, 70).
cost(13, 7, 51).
cost(13, 8, 36).
cost(13, 9, 64).
cost(13, 10, 54).
cost(13, 11, 27).
cost(13, 12, 13).
cost(13, 14, 24).
cost(13, 15, 56).
cost(13, 16, 53).
cost(13, 17, 30).
cost(13, 18, 63).
cost(13, 19, 35).
cost(13, 20, 56).
cost(14, 1, 64).
cost(14, 2, 55).
cost(14, 3, 64).
cost(14, 4, 8).
cost(14, 5, 33).
cost(14, 6, 74).
cost(14, 7, 44).
cost(14, 8, 31).
cost(14, 9, 76).
cost(14, 10, 59).
cost(14, 11, 43).
cost(14, 12, 10).
cost(14, 13, 24).
cost(14, 15, 59).
cost(14, 16, 58).
cost(14, 17, 18).
cost(14, 18, 65).
cost(14, 19, 39).
cost(14, 20, 66).
cost(15, 1, 26).
cost(15, 2, 76).
cost(15, 3, 8).
cost(15, 4, 67).
cost(15, 5, 63).
cost(15, 6, 15).
cost(15, 7, 23).
cost(15, 8, 87).
cost(15, 9, 31).
cost(15, 10, 3).
cost(15, 11, 82).
cost(15, 12, 57).
cost(15, 13, 56).
cost(15, 14, 59).
cost(15, 16, 5).
cost(15, 17, 76).
cost(15, 18, 8).
cost(15, 19, 90).
cost(15, 20, 17).
cost(16, 1, 20).
cost(16, 2, 71).
cost(16, 3, 13).
cost(16, 4, 66).
cost(16, 5, 59).
cost(16, 6, 17).
cost(16, 7, 27).
cost(16, 8, 86).
cost(16, 9, 26).
cost(16, 10, 2).
cost(16, 11, 78).
cost(16, 12, 56).
cost(16, 13, 53).
cost(16, 14, 58).
cost(16, 15, 5).
cost(16, 17, 75).
cost(16, 18, 13).
cost(16, 19, 88).
cost(16, 20, 13).
cost(17, 1, 78).
cost(17, 2, 54).
cost(17, 3, 81).
cost(17, 4, 11).
cost(17, 5, 34).
cost(17, 6, 91).
cost(17, 7, 62).
cost(17, 8, 13).
cost(17, 9, 91).
cost(17, 10, 76).
cost(17, 11, 36).
cost(17, 12, 20).
cost(17, 13, 30).
cost(17, 14, 18).
cost(17, 15, 76).
cost(17, 16, 75).
cost(17, 18, 82).
cost(17, 19, 25).
cost(17, 20, 81).
cost(18, 1, 32).
cost(18, 2, 83).
cost(18, 3, 1).
cost(18, 4, 72).
cost(18, 5, 70).
cost(18, 6, 11).
cost(18, 7, 25).
cost(18, 8, 94).
cost(18, 9, 34).
cost(18, 10, 10).
cost(18, 11, 89).
cost(18, 12, 64).
cost(18, 13, 63).
cost(18, 14, 65).
cost(18, 15, 8).
cost(18, 16, 13).
cost(18, 17, 82).
cost(18, 19, 97).
cost(18, 20, 22).
cost(19, 1, 85).
cost(19, 2, 41).
cost(19, 3, 96).
cost(19, 4, 34).
cost(19, 5, 31).
cost(19, 6, 104).
cost(19, 7, 81).
cost(19, 8, 15).
cost(19, 9, 97).
cost(19, 10, 89).
cost(19, 11, 20).
cost(19, 12, 35).
cost(19, 13, 35).
cost(19, 14, 39).
cost(19, 15, 90).
cost(19, 16, 88).
cost(19, 17, 25).
cost(19, 18, 97).
cost(19, 20, 91).
cost(20, 1, 11).
cost(20, 2, 69).
cost(20, 3, 23).
cost(20, 4, 73).
cost(20, 5, 61).
cost(20, 6, 19).
cost(20, 7, 39).
cost(20, 8, 91).
cost(20, 9, 14).
cost(20, 10, 15).
cost(20, 11, 79).
cost(20, 12, 61).
cost(20, 13, 56).
cost(20, 14, 66).
cost(20, 15, 17).
cost(20, 16, 13).
cost(20, 17, 81).
cost(20, 18, 22).
cost(20, 19, 91).
