dimension(20).
point(1, 15.0929844186, 80.8089469789).
point(2, 79.2115254338, 44.9456552743).
point(3, 93.192960241, 18.492395187).
point(4, 22.4435449469, 36.6498065163).
point(5, 7.9141457764, 37.6484227496).
point(6, 78.5473934974, 34.9117965141).
point(7, 39.3666308739, 51.2440419181).
point(8, 49.3911402296, 82.5464443732).
point(9, 95.7371904163, 14.845609032).
point(10, 10.7647437813, 89.250204132).
point(11, 23.4286028992, 51.378865108).
point(12, 70.8169171315, 8.1012739676).
point(13, 30.851513797, 36.9023907381).
point(14, 71.0149401704, 3.4321787535).
point(15, 55.060794978, 2.2360145071).
point(16, 19.8091139369, 53.2191948685).
point(17, 35.6647042898, 59.9594408058).
point(18, 93.3048493644, 40.9715104555).
point(19, 68.3581402904, 32.2186326).
point(20, 88.1047009613, 30.6981823898).
cost(1, 2, 73).
cost(1, 3, 100).
cost(1, 4, 45).
cost(1, 5, 44).
cost(1, 6, 78).
cost(1, 7, 38).
cost(1, 8, 34).
cost(1, 9, 104).
cost(1, 10, 9).
cost(1, 11, 31).
cost(1, 12, 92).
cost(1, 13, 47).
cost(1, 14, 95).
cost(1, 15, 88).
cost(1, 16, 28).
cost(1, 17, 29).
cost(1, 18, 88).
cost(1, 19, 72).
cost(1, 20, 89).
cost(2, 1, 73).
cost(2, 3, 30).
cost(2, 4, 57).
cost(2, 5, 72).
cost(2, 6, 10).
cost(2, 7, 40).
cost(2, 8, 48).
cost(2, 9, 34).
cost(2, 10, 82).
cost(2, 11, 56).
cost(2, 12, 38).
cost(2, 13, 49).
cost(2, 14, 42).
cost(2, 15, 49).
cost(2, 16, 60).
cost(2, 17, 46).
cost(2, 18, 15).
cost(2, 19, 17).
cost(2, 20, 17).
cost(3, 1, 100).
cost(3, 2, 30).
cost(3, 4, 73).
cost(3, 5, 87).
cost(3, 6, 22).
cost(3, 7, 63).
cost(3, 8, 78).
cost(3, 9, 4).
cost(3, 10, 109).
cost(3, 11, 77).
cost(3, 12, 25).
cost(3, 13, 65).
cost(3, 14, 27).
cost(3, 15, 41).
cost(3, 16, 81).
cost(3, 17, 71).
cost(3, 18, 22).
cost(3, 19, 28).
cost(3, 20, 13).
cost(4, 1, 45).
cost(4, 2, 57).
cost(4, 3, 73).
cost(4, 5, 15).
cost(4, 6, 56).
cost(4, 7, 22).
cost(4, 8, 53).
cost(4, 9, 76).
cost(4, 10, 54).
cost(4, 11, 15).
cost(4, 12, 56).
cost(4, 13, 8).
cost(4, 14, 59).
cost(4, 15, 47).
cost(4, 16, 17).
cost(4, 17, 27).
cost(4, 18, 71).
cost(4, 19, 46).
cost(4, 20, 66).
cost(5, 1, 44).
cost(5, 2, 72).
cost(5, 3, 87).
cost(5, 4, 15).
cost(5, 6, 71).
cost(5, 7, 34).
cost(5, 8, 61).
cost(5, 9, 91).
cost(5, 10, 52).
cost(5, 11, 21).
cost(5, 12, 69).
cost(5, 13, 23).
cost(5, 14, 72).
cost(5, 15, 59).
cost(5, 16, 20).
cost(5, 17, 36).
cost(5, 18, 85).
cost(5, 19, 61).
cost(5, 20, 80).
cost(6, 1, 78).
cost(6, 2, 10).
cost(6, 3, 22).
cost(6, 4, 56).
cost(6, 5, 71).
cost(6, 7, 42).
cost(6, 8, 56).
cost(6, 9, 26).
cost(6, 10, 87).
cost(6, 11, 58).
cost(6, 12, 28).
cost(6, 13, 48).
cost(6, 14, 32).
cost(6, 15, 40).
cost(6, 16, 62).
cost(6, 17, 50).
cost(6, 18, 16).
cost(6, 19, 11).
cost(6, 20, 10).
cost(7, 1, 38).
cost(7, 2, 40).
cost(7, 3, 63).
cost(7, 4, 22).
cost(7, 5, 34).
cost(7, 6, 42).
cost(7, 8, 33).
cost(7, 9, 67).
cost(7, 10, 48).
cost(7, 11, 16).
cost(7, 12, 53).
cost(7, 13, 17).
cost(7, 14, 57).
cost(7, 15, 51).
cost(7, 16, 20).
cost(7, 17, 9).
cost(7, 18, 55).
cost(7, 19, 35).
cost(7, 20, 53).
cost(8, 1, 34).
cost(8, 2, 48).
cost(8, 3, 78).
cost(8, 4, 53).
cost(8, 5, 61).
cost(8, 6, 56).
cost(8, 7, 33).
cost(8, 9, 82).
cost(8, 10, 39).
cost(8, 11, 41).
cost(8, 12, 77).
cost(8, 13, 49).
cost(8, 14, 82).
cost(8, 15, 81).
cost(8, 16, 42).
cost(8, 17, 26).
cost(8, 18, 60).
cost(8, 19, 54).
cost(8, 20, 65).
cost(9, 1, 104).
cost(9, 2, 34).
cost(9, 3, 4).
cost(9, 4, 76).
cost(9, 5, 91).
cost(9, 6, 26).
cost(9, 7, 67).
cost(9, 8, 82).
cost(9, 10, 113).
cost(9, 11, 81).
cost(9, 12, 26).
cost(9, 13, 69).
cost(9, 14, 27).
cost(9, 15, 43).
cost(9, 16, 85).
cost(9, 17, 75).
cost(9, 18, 26).
cost(9, 19, 32).
cost(9, 20, 18).
cost(10, 1, 9).
cost(10, 2, 82).
cost(10, 3, 109).
cost(10, 4, 54).
cost(10, 5, 52).
cost(10, 6, 87).
cost(10, 7, 48).
cost(10, 8, 39).
cost(10, 9, 113).
cost(10, 11, 40).
cost(10, 12, 101).
cost(10, 13, 56).
cost(10, 14, 105).
cost(10, 15, 98).
cost(10, 16, 37).
cost(10, 17, 38).
cost(10, 18, 96).
cost(10, 19, 81).
cost(10, 20, 97).
cost(11, 1, 31).
cost(11, 2, 56).
cost(11, 3, 77).
cost(11, 4, 15).
cost(11, 5, 21).
cost(11, 6, 58).
cost(11, 7, 16).
cost(11, 8, 41).
cost(11, 9, 81).
cost(11, 10, 40).
cost(11, 12, 64).
cost(11, 13, 16).
cost(11, 14, 68).
cost(11, 15, 58).
cost(11, 16, 4).
cost(11, 17, 15).
cost(11, 18, 71).
cost(11, 19, 49).
cost(11, 20, 68).
cost(12, 1, 92).
cost(12, 2, 38).
cost(12, 3, 25).
cost(12, 4, 56).
cost(12, 5, 69).
cost(12, 6, 28).
cost(12, 7, 53).
cost(12, 8, 77).
cost(12, 9, 26).
cost(12, 10, 101).
cost(12, 11, 64).
cost(12, 13, 49).
cost(12, 14, 5).
cost(12, 15, 17).
cost(12, 16, 68).
cost(12, 17, 63).
cost(12, 18, 40).
cost(12, 19, 24).
cost(12, 20, 28).
cost(13, 1, 47).
cost(13, 2, 49).
cost(13, 3, 65).
cost(13, 4, 8).
cost(13, 5, 23).
cost(13, 6, 48).
cost(13, 7, 17).
cost(13, 8, 49).
cost(13, 9, 69).
cost(13, 10, 56).
cost(13, 11, 16).
cost(13, 12, 49).
cost(13, 14, 52).
cost(13, 15, 42).
cost(13, 16, 20).
cost(13, 17, 24).
cost(13, 18, 63).
cost(13, 19, 38).
cost(13, 20, 58).
cost(14, 1, 95).
cost(14, 2, 42).
cost(14, 3, 27).
cost(14, 4, 59).
cost(14, 5, 72).
cost(14, 6, 32).
cost(14, 7, 57).
cost(14, 8, 82).
cost(14, 9, 27).
cost(14, 10, 105).
cost(14, 11, 68).
cost(14, 12, 5).
cost(14, 13, 52).
cost(14, 15, 16).
cost(14, 16, 71).
cost(14, 17, 67).
cost(14, 18, 44).
cost(14, 19, 29).
cost(14, 20, 32).
cost(15, 1, 88).
cost(15, 2, 49).
cost(15, 3, 41).
cost(15, 4, 47).
cost(15, 5, 59).
cost(15, 6, 40).
cost(15, 7, 51).
cost(15, 8, 81).
cost(15, 9, 43).
cost(15, 10, 98).
cost(15, 11, 58).
cost(15, 12, 17).
cost(15, 13, 42).
cost(15, 14, 16).
cost(15, 16, 62).
cost(15, 17, 61).
cost(15, 18, 54).
cost(15, 19, 33).
cost(15, 20, 44).
cost(16, 1, 28).
cost(16, 2, 60).
cost(16, 3, 81).
cost(16, 4, 17).
cost(16, 5, 20).
cost(16, 6, 62).
cost(16, 7, 20).
cost(16, 8, 42).
cost(16, 9, 85).
cost(16, 10, 37).
cost(16, 11, 4).
cost(16, 12, 68).
cost(16, 13, 20).
cost(16, 14, 71).
cost(16, 15, 62).
cost(16, 17, 17).
cost(16, 18, 75).
cost(16, 19, 53).
cost(16, 20, 72).
cost(17, 1, 29).
cost(17, 2, 46).
cost(17, 3, 71).
cost(17, 4, 27).
cost(17, 5, 36).
cost(17, 6, 50).
cost(17, 7, 9).
cost(17, 8, 26).
cost(17, 9, 75).
cost(17, 10, 38).
cost(17, 11, 15).
cost(17, 12, 63).
cost(17, 13, 24).
cost(17, 14, 67).
cost(17, 15, 61).
cost(17, 16, 17).
cost(17, 18, 61).
cost(17, 19, 43).
cost(17, 20, 60).
cost(18, 1, 88).
cost(18, 2, 15).
cost(18, 3, 22).
cost(18, 4, 71).
cost(18, 5, 85).
cost(18, 6, 16).
cost(18, 7, 55).
cost(18, 8, 60).
cost(18, 9, 26).
cost(18, 10, 96).
cost(18, 11, 71).
cost(18, 12, 40).
cost(18, 13, 63).
cost(18, 14, 44).
cost(18, 15, 54).
cost(18, 16, 75).
cost(18, 17, 61).
cost(18, 19, 26).
cost(18, 20, 12).
cost(19, 1, 72).
cost(19, 2, 17).
cost(19, 3, 28).
cost(19, 4, 46).
cost(19, 5, 61).
cost(19, 6, 11).
cost(19, 7, 35).
cost(19, 8, 54).
cost(19, 9, 32).
cost(19, 10, 81).
cost(19, 11, 49).
cost(19, 12, 24).
cost(19, 13, 38).
cost(19, 14, 29).
cost(19, 15, 33).
cost(19, 16, 53).
cost(19, 17, 43).
cost(19, 18, 26).
cost(19, 20, 20).
cost(20, 1, 89).
cost(20, 2, 17).
cost(20, 3, 13).
cost(20, 4, 66).
cost(20, 5, 80).
cost(20, 6, 10).
cost(20, 7, 53).
cost(20, 8, 65).
cost(20, 9, 18).
cost(20, 10, 97).
cost(20, 11, 68).
cost(20, 12, 28).
cost(20, 13, 58).
cost(20, 14, 32).
cost(20, 15, 44).
cost(20, 16, 72).
cost(20, 17, 60).
cost(20, 18, 12).
cost(20, 19, 20).
