dimension(20).
point(1, 35.2406717404, 20.678992977).
point(2, 19.4533588201, 34.6571083348).
point(3, 83.5137363532, 71.3841741378).
point(4, 47.7907569527, 17.4496393382).
point(5, 61.034305983, 75.2786485342).
point(6, 85.0715249203, 98.3699177397).
point(7, 19.1394094297, 5.7357411742).
point(8, 93.2329656781, 70.3324476984).
point(9, 84.4238097731, 66.4870532719).
point(10, 79.8945860459, 85.1577014975).
point(11, 35.8986115676, 17.3040510646).
point(12, 10.4920108361, 43.5950863489).
point(13, 66.3717896582, 92.3066823007).
point(14, 32.6016160166, 12.345946758).
point(15, 14.6481013093, 35.1753781102).
point(16, 95.0379754479, 51.8573098439).
point(17, 1.0055473067, 65.9197972775).
point(18, 62.540419442, 92.9097478406).
point(19, 22.8883239029, 33.7701838122).
point(20, 71.358907254, 79.9542910559).
cost(1, 2, 21).
cost(1, 3, 70).
cost(1, 4, 13).
cost(1, 5, 60).
cost(1, 6, 92).
cost(1, 7, 22).
cost(1, 8, 76).
cost(1, 9, 67).
cost(1, 10, 78).
cost(1, 11, 3).
cost(1, 12, 34).
cost(1, 13, 78).
cost(1, 14, 9).
cost(1, 15, 25).
cost(1, 16, 67).
cost(1, 17, 57).
cost(1, 18, 77).
cost(1, 19, 18).
cost(1, 20, 69).
cost(2, 1, 21).
cost(2, 3, 74).
cost(2, 4, 33).
cost(2, 5, 58).
cost(2, 6, 91).
cost(2, 7, 29).
cost(2, 8, 82).
cost(2, 9, 72).
cost(2, 10, 79).
cost(2, 11, 24).
cost(2, 12, 13).
cost(2, 13, 74).
cost(2, 14, 26).
cost(2, 15, 5).
cost(2, 16, 78).
cost(2, 17, 36).
cost(2, 18, 72).
cost(2, 19, 4).
cost(2, 20, 69).
cost(3, 1, 70).
cost(3, 2, 74).
cost(3, 4, 65).
cost(3, 5, 23).
cost(3, 6, 27).
cost(3, 7, 92).
cost(3, 8, 10).
cost(3, 9, 5).
cost(3, 10, 14).
cost(3, 11, 72).
cost(3, 12, 78).
cost(3, 13, 27).
cost(3, 14, 78).
cost(3, 15, 78).
cost(3, 16, 23).
cost(3, 17, 83).
cost(3, 18, 30).
cost(3, 19, 71).
cost(3, 20, 15).
cost(4, 1, 13).
cost(4, 2, 33).
cost(4, 3, 65).
cost(4, 5, 59).
cost(4, 6, 89).
cost(4, 7, 31).
cost(4, 8, 70).
cost(4, 9, 61).
cost(4, 10, 75).
cost(4, 11, 12).
cost(4, 12, 46).
cost(4, 13, 77).
cost(4, 14, 16).
cost(4, 15, 38).
cost(4, 16, 58).
cost(4, 17, 67).
cost(4, 18, 77).
cost(4, 19, 30).
cost(4, 20, 67).
cost(5, 1, 60).
cost(5, 2, 58).
cost(5, 3, 23).
cost(5, 4, 59).
cost(5, 6, 33).
cost(5, 7, 81).
cost(5, 8, 33).
cost(5, 9, 25).
cost(5, 10, 21).
cost(5, 11, 63).
cost(5, 12, 60).
cost(5, 13, 18).
cost(5, 14, 69).
cost(5, 15, 61).
cost(5, 16, 41).
cost(5, 17, 61).
cost(5, 18, 18).
cost(5, 19, 56).
cost(5, 20, 11).
cost(6, 1, 92).
cost(6, 2, 91).
cost(6, 3, 27).
cost(6, 4, 89).
cost(6, 5, 33).
cost(6, 7, 114).
cost(6, 8, 29).
cost(6, 9, 32).
cost(6, 10, 14).
cost(6, 11, 95).
cost(6, 12, 93).
cost(6, 13, 20).
cost(6, 14, 101).
cost(6, 15, 95).
cost(6, 16, 48).
cost(6, 17, 90).
cost(6, 18, 23).
cost(6, 19, 90).
cost(6, 20, 23).
cost(7, 1, 22).
cost(7, 2, 29).
cost(7, 3, 92).
cost(7, 4, 31).
cost(7, 5, 81).
cost(7, 6, 114).
cost(7, 8, 98).
cost(7, 9, 89).
cost(7, 10, 100).
cost(7, 11, 20).
cost(7, 12, 39).
cost(7, 13, 99).
cost(7, 14, 15).
cost(7, 15, 30).
cost(7, 16, 89).
cost(7, 17, 63).
cost(7, 18, 97).
cost(7, 19, 28).
cost(7, 20, 91).
cost(8, 1, 76).
cost(8, 2, 82).
cost(8, 3, 10).
cost(8, 4, 70).
cost(8, 5, 33).
cost(8, 6, 29).
cost(8, 7, 98).
cost(8, 9, 10).
cost(8, 10, 20).
cost(8, 11, 78).
cost(8, 12, 87).
cost(8, 13, 35).
cost(8, 14, 84).
cost(8, 15, 86).
cost(8, 16, 19).
cost(8, 17, 92).
cost(8, 18, 38).
cost(8, 19, 79).
cost(8, 20, 24).
cost(9, 1, 67).
cost(9, 2, 72).
cost(9, 3, 5).
cost(9, 4, 61).
cost(9, 5, 25).
cost(9, 6, 32).
cost(9, 7, 89).
cost(9, 8, 10).
cost(9, 10, 19).
cost(9, 11, 69).
cost(9, 12, 77).
cost(9, 13, 32).
cost(9, 14, 75).
cost(9, 15, 76).
cost(9, 16, 18).
cost(9, 17, 83).
cost(9, 18, 34).
cost(9, 19, 70).
cost(9, 20, 19).
cost(10, 1, 78).
cost(10, 2, 79).
cost(10, 3, 14).
cost(10, 4, 75).
cost(10, 5, 21).
cost(10, 6, 14).
cost(10, 7, 100).
cost(10, 8, 20).
cost(10, 9, 19).
cost(10, 11, 81).
cost(10, 12, 81).
cost(10, 13, 15).
cost(10, 14, 87).
cost(10, 15, 82).
cost(10, 16, 37).
cost(10, 17, 81).
cost(10, 18, 19).
cost(10, 19, 77).
cost(10, 20, 10).
cost(11, 1, 3).
cost(11, 2, 24).
cost(11, 3, 72).
cost(11, 4, 12).
cost(11, 5, 63).
cost(11, 6, 95).
cost(11, 7, 20).
cost(11, 8, 78).
cost(11, 9, 69).
cost(11, 10, 81).
cost(11, 12, 37).
cost(11, 13, 81).
cost(11, 14, 6).
cost(11, 15, 28).
cost(11, 16, 68).
cost(11, 17, 60).
cost(11, 18, 80).
cost(11, 19, 21).
cost(11, 20, 72).
cost(12, 1, 34).
cost(12, 2, 13).
cost(12, 3, 78).
cost(12, 4, 46).
cost(12, 5, 60).
cost(12, 6, 93).
cost(12, 7, 39).
cost(12, 8, 87).
cost(12, 9, 77).
cost(12, 10, 81).
cost(12, 11, 37).
cost(12, 13, 74).
cost(12, 14, 38).
cost(12, 15, 9).
cost(12, 16, 85).
cost(12, 17, 24).
cost(12, 18, 72).
cost(12, 19, 16).
cost(12, 20, 71).
cost(13, 1, 78).
cost(13, 2, 74).
cost(13, 3, 27).
cost(13, 4, 77).
cost(13, 5, 18).
cost(13, 6, 20).
cost(13, 7, 99).
cost(13, 8, 35).
cost(13, 9, 32).
cost(13, 10, 15).
cost(13, 11, 81).
cost(13, 12, 74).
cost(13, 14, 87).
cost(13, 15, 77).
cost(13, 16, 50).
cost(13, 17, 70).
cost(13, 18, 4).
cost(13, 19, 73).
cost(13, 20, 13).
cost(14, 1, 9).
cost(14, 2, 26).
cost(14, 3, 78).
cost(14, 4, 16).
cost(14, 5, 69).
cost(14, 6, 101).
cost(14, 7, 15).
cost(14, 8, 84).
cost(14, 9, 75).
cost(14, 10, 87).
cost(14, 11, 6).
cost(14, 12, 38).
cost(14, 13, 87).
cost(14, 15, 29).
cost(14, 16, 74).
cost(14, 17, 62).
cost(14, 18, 86).
cost(14, 19, 24).
cost(14, 20, 78).
cost(15, 1, 25).
cost(15, 2, 5).
cost(15, 3, 78).
cost(15, 4, 38).
cost(15, 5, 61).
cost(15, 6, 95).
cost(15, 7, 30).
cost(15, 8, 86).
cost(15, 9, 76).
cost(15, 10, 82).
cost(15, 11, 28).
cost(15, 12, 9).
cost(15, 13, 77).
cost(15, 14, 29).
cost(15, 16, 82).
cost(15, 17, 34).
cost(15, 18, 75).
cost(15, 19, 8).
cost(15, 20, 72).
cost(16, 1, 67).
cost(16, 2, 78).
cost(16, 3, 23).
cost(16, 4, 58).
cost(16, 5, 41).
cost(16, 6, 48).
cost(16, 7, 89).
cost(16, 8, 19).
cost(16, 9, 18).
cost(16, 10, 37).
cost(16, 11, 68).
cost(16, 12, 85).
cost(16, 13, 50).
cost(16, 14, 74).
cost(16, 15, 82).
cost(16, 17, 95).
cost(16, 18, 52).
cost(16, 19, 74).
cost(16, 20, 37).
cost(17, 1, 57).
cost(17, 2, 36).
cost(17, 3, 83).
cost(17, 4, 67).
cost(17, 5, 61).
cost(17, 6, 90).
cost(17, 7, 63).
cost(17, 8, 92).
cost(17, 9, 83).
cost(17, 10, 81).
cost(17, 11, 60).
cost(17, 12, 24).
cost(17, 13, 70).
cost(17, 14, 62).
cost(17, 15, 34).
cost(17, 16, 95).
cost(17, 18, 67).
cost(17, 19, 39).
cost(17, 20, 72).
cost(18, 1, 77).
cost(18, 2, 72).
cost(18, 3, 30).
cost(18, 4, 77).
cost(18, 5, 18).
cost(18, 6, 23).
cost(18, 7, 97).
cost(18, 8, 38).
cost(18, 9, 34).
cost(18, 10, 19).
cost(18, 11, 80).
cost(18, 12, 72).
cost(18, 13, 4).
cost(18, 14, 86).
cost(18, 15, 75).
cost(18, 16, 52).
cost(18, 17, 67).
cost(18, 19, 71).
cost(18, 20, 16).
cost(19, 1, 18).
cost(19, 2, 4).
cost(19, 3, 71).
cost(19, 4, 30).
cost(19, 5, 56).
cost(19, 6, 90).
cost(19, 7, 28).
cost(19, 8, 79).
cost(19, 9, 70).
cost(19, 10, 77).
cost(19, 11, 21).
cost(19, 12, 16).
cost(19, 13, 73).
cost(19, 14, 24).
cost(19, 15, 8).
cost(19, 16, 74).
cost(19, 17, 39).
cost(19, 18, 71).
cost(19, 20, 67).
cost(20, 1, 69).
cost(20, 2, 69).
cost(20, 3, 15).
cost(20, 4, 67).
cost(20, 5, 11).
cost(20, 6, 23).
cost(20, 7, 91).
cost(20, 8, 24).
cost(20, 9, 19).
cost(20, 10, 10).
cost(20, 11, 72).
cost(20, 12, 71).
cost(20, 13, 13).
cost(20, 14, 78).
cost(20, 15, 72).
cost(20, 16, 37).
cost(20, 17, 72).
cost(20, 18, 16).
cost(20, 19, 67).
