dimension(20).
point(1, 76.8092234416, 11.1336078648).
point(2, 17.97872287, 55.1786250359).
point(3, 24.8310364847, 63.3621082573).
point(4, 6.5680193577, 54.5045903959).
point(5, 90.9577331481, 7.8504138042).
point(6, 0.8839134189, 60.6791323963).
point(7, 65.9237719701, 2.7075972659).
point(8, 69.4066279982, 33.9724660498).
point(9, 87.147134498, 25.8099591054).
point(10, 3.6116903839, 64.2744457042).
point(11, 62.6320093595, 37.4687401961).
point(12, 84.8858214094, 29.9767885046).
point(13, 44.9960017741, 89.1749275957).
point(14, 35.7945223457, 75.6895182704).
point(15, 37.0897982496, 55.2259050245).
point(16, 48.5790387387, 13.5496610176).
point(17, 19.7819094325, 46.8587308831).
point(18, 61.8937149295, 10.5975598936).
point(19, 45.5472967152, 66.0031201922).
point(20, 71.789796005, 8.4888260985).
cost(1, 2, 73).
cost(1, 3, 74).
cost(1, 4, 83).
cost(1, 5, 15).
cost(1, 6, 91).
cost(1, 7, 14).
cost(1, 8, 24).
cost(1, 9, 18).
cost(1, 10, 90).
cost(1, 11, 30).
cost(1, 12, 21).
cost(1, 13, 84).
cost(1, 14, 76).
cost(1, 15, 59).
cost(1, 16, 28).
cost(1, 17, 67).
cost(1, 18, 15).
cost(1, 19, 63).
cost(1, 20, 6).
cost(2, 1, 73).
cost(2, 3, 11).
cost(2, 4, 11).
cost(2, 5, 87).
cost(2, 6, 18).
cost(2, 7, 71).
cost(2, 8, 56).
cost(2, 9, 75).
cost(2, 10, 17).
cost(2, 11, 48).
cost(2, 12, 71).
cost(2, 13, 43).
cost(2, 14, 27).
cost(2, 15, 19).
cost(2, 16, 52).
cost(2, 17, 9).
cost(2, 18, 63).
cost(2, 19, 30).
cost(2, 20, 71).
cost(3, 1, 74).
cost(3, 2, 11).
cost(3, 4, 20).
cost(3, 5, 86).
cost(3, 6, 24).
cost(3, 7, 73).
cost(3, 8, 53).
cost(3, 9, 73).
cost(3, 10, 21).
cost(3, 11, 46).
cost(3, 12, 69).
cost(3, 13, 33).
cost(3, 14, 16).
cost(3, 15, 15).
cost(3, 16, 55).
cost(3, 17, 17).
cost(3, 18, 64).
cost(3, 19, 21).
cost(3, 20, 72).
cost(4, 1, 83).
cost(4, 2, 11).
cost(4, 3, 20).
cost(4, 5, 96).
cost(4, 6, 8).
cost(4, 7, 79).
cost(4, 8, 66).
cost(4, 9, 86).
cost(4, 10, 10).
cost(4, 11, 59).
cost(4, 12, 82).
cost(4, 13, 52).
cost(4, 14, 36).
cost(4, 15, 31).
cost(4, 16, 59).
cost(4, 17, 15).
cost(4, 18, 71).
cost(4, 19, 41).
cost(4, 20, 80).
cost(5, 1, 15).
cost(5, 2, 87).
cost(5, 3, 86).
cost(5, 4, 96).
cost(5, 6, 104).
cost(5, 7, 26).
cost(5, 8, 34).
cost(5, 9, 18).
cost(5, 10, 104).
cost(5, 11, 41).
cost(5, 12, 23).
cost(5, 13, 93).
cost(5, 14, 87).
cost(5, 15, 72).
cost(5, 16, 43).
cost(5, 17, 81).
cost(5, 18, 29).
cost(5, 19, 74).
cost(5, 20, 19).
cost(6, 1, 91).
cost(6, 2, 18).
cost(6, 3, 24).
cost(6, 4, 8).
cost(6, 5, 104).
cost(6, 7, 87).
cost(6, 8, 74).
cost(6, 9, 93).
cost(6, 10, 5).
cost(6, 11, 66).
cost(6, 12, 89).
cost(6, 13, 53).
cost(6, 14, 38).
cost(6, 15, 37).
cost(6, 16, 67).
cost(6, 17, 23).
cost(6, 18, 79).
cost(6, 19, 45).
cost(6, 20, 88).
cost(7, 1, 14).
cost(7, 2, 71).
cost(7, 3, 73).
cost(7, 4, 79).
cost(7, 5, 26).
cost(7, 6, 87).
cost(7, 8, 31).
cost(7, 9, 31).
cost(7, 10, 88).
cost(7, 11, 35).
cost(7, 12, 33).
cost(7, 13, 89).
cost(7, 14, 79).
cost(7, 15, 60).
cost(7, 16, 20).
cost(7, 17, 64).
cost(7, 18, 9).
cost(7, 19, 66).
cost(7, 20, 8).
cost(8, 1, 24).
cost(8, 2, 56).
cost(8, 3, 53).
cost(8, 4, 66).
cost(8, 5, 34).
cost(8, 6, 74).
cost(8, 7, 31).
cost(8, 9, 20).
cost(8, 10, 72).
cost(8, 11, 8).
cost(8, 12, 16).
cost(8, 13, 60).
cost(8, 14, 54).
cost(8, 15, 39).
cost(8, 16, 29).
cost(8, 17, 51).
cost(8, 18, 25).
cost(8, 19, 40).
cost(8, 20, 26).
cost(9, 1, 18).
cost(9, 2, 75).
cost(9, 3, 73).
cost(9, 4, 86).
cost(9, 5, 18).
cost(9, 6, 93).
cost(9, 7, 31).
cost(9, 8, 20).
cost(9, 10, 92).
cost(9, 11, 27).
cost(9, 12, 5).
cost(9, 13, 76).
cost(9, 14, 72).
cost(9, 15, 58).
cost(9, 16, 40).
cost(9, 17, 71).
cost(9, 18, 29).
cost(9, 19, 58).
cost(9, 20, 23).
cost(10, 1, 90).
cost(10, 2, 17).
cost(10, 3, 21).
cost(10, 4, 10).
cost(10, 5, 104).
cost(10, 6, 5).
cost(10, 7, 88).
cost(10, 8, 72).
cost(10, 9, 92).
cost(10, 11, 65).
cost(10, 12, 88).
cost(10, 13, 48).
cost(10, 14, 34).
cost(10, 15, 35).
cost(10, 16, 68).
cost(10, 17, 24).
cost(10, 18, 79).
cost(10, 19, 42).
cost(10, 20, 88).
cost(11, 1, 30).
cost(11, 2, 48).
cost(11, 3, 46).
cost(11, 4, 59).
cost(11, 5, 41).
cost(11, 6, 66).
cost(11, 7, 35).
cost(11, 8, 8).
cost(11, 9, 27).
cost(11, 10, 65).
cost(11, 12, 23).
cost(11, 13, 55).
cost(11, 14, 47).
cost(11, 15, 31).
cost(11, 16, 28).
cost(11, 17, 44).
cost(11, 18, 27).
cost(11, 19, 33).
cost(11, 20, 30).
cost(12, 1, 21).
cost(12, 2, 71).
cost(12, 3, 69).
cost(12, 4, 82).
cost(12, 5, 23).
cost(12, 6, 89).
cost(12, 7, 33).
cost(12, 8, 16).
cost(12, 9, 5).
cost(12, 10, 88).
cost(12, 11, 23).
cost(12, 13, 71).
cost(12, 14, 67).
cost(12, 15, 54).
cost(12, 16, 40).
cost(12, 17, 67).
cost(12, 18, 30).
cost(12, 19, 53).
cost(12, 20, 25).
cost(13, 1, 84).
cost(13, 2, 43).
cost(13, 3, 33).
cost(13, 4, 52).
cost(13, 5, 93).
cost(13, 6, 53).
cost(13, 7, 89).
cost(13, 8, 60).
cost(13, 9, 76).
cost(13, 10, 48).
cost(13, 11, 55).
cost(13, 12, 71).
cost(13, 14, 16).
cost(13, 15, 35).
cost(13, 16, 76).
cost(13, 17, 49).
cost(13, 18, 80).
cost(13, 19, 23).
cost(13, 20, 85).
cost(14, 1, 76).
cost(14, 2, 27).
cost(14, 3, 16).
cost(14, 4, 36).
cost(14, 5, 87).
cost(14, 6, 38).
cost(14, 7, 79).
cost(14, 8, 54).
cost(14, 9, 72).
cost(14, 10, 34).
cost(14, 11, 47).
cost(14, 12, 67).
cost(14, 13, 16).
cost(14, 15, 21).
cost(14, 16, 63).
cost(14, 17, 33).
cost(14, 18, 70).
cost(14, 19, 14).
cost(14, 20, 76).
cost(15, 1, 59).
cost(15, 2, 19).
cost(15, 3, 15).
cost(15, 4, 31).
cost(15, 5, 72).
cost(15, 6, 37).
cost(15, 7, 60).
cost(15, 8, 39).
cost(15, 9, 58).
cost(15, 10, 35).
cost(15, 11, 31).
cost(15, 12, 54).
cost(15, 13, 35).
cost(15, 14, 21).
cost(15, 16, 43).
cost(15, 17, 19).
cost(15, 18, 51).
cost(15, 19, 14).
cost(15, 20, 58).
cost(16, 1, 28).
cost(16, 2, 52).
cost(16, 3, 55).
cost(16, 4, 59).
cost(16, 5, 43).
cost(16, 6, 67).
cost(16, 7, 20).
cost(16, 8, 29).
cost(16, 9, 40).
cost(16, 10, 68).
cost(16, 11, 28).
cost(16, 12, 40).
cost(16, 13, 76).
cost(16, 14, 63).
cost(16, 15, 43).
cost(16, 17, 44).
cost(16, 18, 14).
cost(16, 19, 53).
cost(16, 20, 24).
cost(17, 1, 67).
cost(17, 2, 9).
cost(17, 3, 17).
cost(17, 4, 15).
cost(17, 5, 81).
cost(17, 6, 23).
cost(17, 7, 64).
cost(17, 8, 51).
cost(17, 9, 71).
cost(17, 10, 24).
cost(17, 11, 44).
cost(17, 12, 67).
cost(17, 13, 49).
cost(17, 14, 33).
cost(17, 15, 19).
cost(17, 16, 44).
cost(17, 18, 56).
cost(17, 19, 32).
cost(17, 20, 65).
cost(18, 1, 15).
cost(18, 2, 63).
cost(18, 3, 64).
cost(18, 4, 71).
cost(18, 5, 29).
cost(18, 6, 79).
cost(18, 7, 9).
cost(18, 8, 25).
cost(18, 9, 29).
cost(18, 10, 79).
cost(18, 11, 27).
cost(18, 12, 30).
cost(18, 13, 80).
cost(18, 14, 70).
cost(18, 15, 51).
cost(18, 16, 14).
cost(18, 17, 56).
cost(18, 19, 58).
cost(18, 20, 10).
cost(19, 1, 63).
cost(19, 2, 30).
cost(19, 3, 21).
cost(19, 4, 41).
cost(19, 5, 74).
cost(19, 6, 45).
cost(19, 7, 66).
cost(19, 8, 40).
cost(19, 9, 58).
cost(19, 10, 42).
cost(19, 11, 33).
cost(19, 12, 53).
cost(19, 13, 23).
cost(19, 14, 14).
cost(19, 15, 14).
cost(19, 16, 53).
cost(19, 17, 32).
cost(19, 18, 58).
cost(19, 20, 63).
cost(20, 1, 6).
cost(20, 2, 71).
cost(20, 3, 72).
cost(20, 4, 80).
cost(20, 5, 19).
cost(20, 6, 88).
cost(20, 7, 8).
cost(20, 8, 26).
cost(20, 9, 23).
cost(20, 10, 88).
cost(20, 11, 30).
cost(20, 12, 25).
cost(20, 13, 85).
cost(20, 14, 76).
cost(20, 15, 58).
cost(20, 16, 24).
cost(20, 17, 65).
cost(20, 18, 10).
cost(20, 19, 63).
