dimension(20).
point(1, 14.3709542073, 85.765981348).
point(2, 43.4685662435, 15.6591819833).
point(3, 41.8602807688, 67.0536512201).
point(4, 77.6203011085, 12.9566877187).
point(5, 29.9775069198, 26.3513562389).
point(6, 79.4132805221, 29.6772430532).
point(7, 72.0105387166, 4.9190833518).
point(8, 63.0012809625, 32.0893905131).
point(9, 35.2330333772, 83.0588841342).
point(10, 4.7372599383, 54.4741990397).
point(11, 13.9551830222, 60.4140747547).
point(12, 16.1162829586, 62.3899616853).
point(13, 60.0820760997, 30.197605967).
point(14, 40.8445297427, 12.5338953807).
point(15, 40.7375124089, 80.4340125852).
point(16, 30.0890894051, 70.6304310998).
point(17, 39.4594711483, 77.9648222241).
point(18, 80.7232975733, 11.4160595919).
point(19, 23.0651970765, 74.102853751).
point(20, 69.2964800758, 27.471296451).
cost(1, 2, 76).
cost(1, 3, 33).
cost(1, 4, 96).
cost(1, 5, 61).
cost(1, 6, 86).
cost(1, 7, 99).
cost(1, 8, 72).
cost(1, 9, 21).
cost(1, 10, 33).
cost(1, 11, 25).
cost(1, 12, 23).
cost(1, 13, 72).
cost(1, 14, 78).
cost(1, 15, 27).
cost(1, 16, 22).
cost(1, 17, 26).
cost(1, 18, 100).
cost(1, 19, 15).
cost(1, 20, 80).
cost(2, 1, 76).
cost(2, 3, 51).
cost(2, 4, 34).
cost(2, 5, 17).
cost(2, 6, 39).
cost(2, 7, 30).
cost(2, 8, 26).
cost(2, 9, 68).
cost(2, 10, 55).
cost(2, 11, 54).
cost(2, 12, 54).
cost(2, 13, 22).
cost(2, 14, 4).
cost(2, 15, 65).
cost(2, 16, 57).
cost(2, 17, 62).
cost(2, 18, 37).
cost(2, 19, 62).
cost(2, 20, 28).
cost(3, 1, 33).
cost(3, 2, 51).
cost(3, 4, 65).
cost(3, 5, 42).
cost(3, 6, 53).
cost(3, 7, 69).
cost(3, 8, 41).
cost(3, 9, 17).
cost(3, 10, 39).
cost(3, 11, 29).
cost(3, 12, 26).
cost(3, 13, 41).
cost(3, 14, 55).
cost(3, 15, 13).
cost(3, 16, 12).
cost(3, 17, 11).
cost(3, 18, 68).
cost(3, 19, 20).
cost(3, 20, 48).
cost(4, 1, 96).
cost(4, 2, 34).
cost(4, 3, 65).
cost(4, 5, 49).
cost(4, 6, 17).
cost(4, 7, 10).
cost(4, 8, 24).
cost(4, 9, 82).
cost(4, 10, 84).
cost(4, 11, 79).
cost(4, 12, 79).
cost(4, 13, 25).
cost(4, 14, 37).
cost(4, 15, 77).
cost(4, 16, 75).
cost(4, 17, 75).
cost(4, 18, 3).
cost(4, 19, 82).
cost(4, 20, 17).
cost(5, 1, 61).
cost(5, 2, 17).
cost(5, 3, 42).
cost(5, 4, 49).
cost(5, 6, 50).
cost(5, 7, 47).
cost(5, 8, 34).
cost(5, 9, 57).
cost(5, 10, 38).
cost(5, 11, 38).
cost(5, 12, 39).
cost(5, 13, 30).
cost(5, 14, 18).
cost(5, 15, 55).
cost(5, 16, 44).
cost(5, 17, 52).
cost(5, 18, 53).
cost(5, 19, 48).
cost(5, 20, 39).
cost(6, 1, 86).
cost(6, 2, 39).
cost(6, 3, 53).
cost(6, 4, 17).
cost(6, 5, 50).
cost(6, 7, 26).
cost(6, 8, 17).
cost(6, 9, 69).
cost(6, 10, 79).
cost(6, 11, 72).
cost(6, 12, 71).
cost(6, 13, 19).
cost(6, 14, 42).
cost(6, 15, 64).
cost(6, 16, 64).
cost(6, 17, 63).
cost(6, 18, 18).
cost(6, 19, 72).
cost(6, 20, 10).
cost(7, 1, 99).
cost(7, 2, 30).
cost(7, 3, 69).
cost(7, 4, 10).
cost(7, 5, 47).
cost(7, 6, 26).
cost(7, 8, 29).
cost(7, 9, 86).
cost(7, 10, 84).
cost(7, 11, 80).
cost(7, 12, 80).
cost(7, 13, 28).
cost(7, 14, 32).
cost(7, 15, 82).
cost(7, 16, 78).
cost(7, 17, 80).
cost(7, 18, 11).
cost(7, 19, 85).
cost(7, 20, 23).
cost(8, 1, 72).
cost(8, 2, 26).
cost(8, 3, 41).
cost(8, 4, 24).
cost(8, 5, 34).
cost(8, 6, 17).
cost(8, 7, 29).
cost(8, 9, 58).
cost(8, 10, 62).
cost(8, 11, 57).
cost(8, 12, 56).
cost(8, 13, 3).
cost(8, 14, 30).
cost(8, 15, 53).
cost(8, 16, 51).
cost(8, 17, 52).
cost(8, 18, 27).
cost(8, 19, 58).
cost(8, 20, 8).
cost(9, 1, 21).
cost(9, 2, 68).
cost(9, 3, 17).
cost(9, 4, 82).
cost(9, 5, 57).
cost(9, 6, 69).
cost(9, 7, 86).
cost(9, 8, 58).
cost(9, 10, 42).
cost(9, 11, 31).
cost(9, 12, 28).
cost(9, 13, 58).
cost(9, 14, 71).
cost(9, 15, 6).
cost(9, 16, 13).
cost(9, 17, 7).
cost(9, 18, 85).
cost(9, 19, 15).
cost(9, 20, 65).
cost(10, 1, 33).
cost(10, 2, 55).
cost(10, 3, 39).
cost(10, 4, 84).
cost(10, 5, 38).
cost(10, 6, 79).
cost(10, 7, 84).
cost(10, 8, 62).
cost(10, 9, 42).
cost(10, 11, 11).
cost(10, 12, 14).
cost(10, 13, 60).
cost(10, 14, 55).
cost(10, 15, 44).
cost(10, 16, 30).
cost(10, 17, 42).
cost(10, 18, 87).
cost(10, 19, 27).
cost(10, 20, 70).
cost(11, 1, 25).
cost(11, 2, 54).
cost(11, 3, 29).
cost(11, 4, 79).
cost(11, 5, 38).
cost(11, 6, 72).
cost(11, 7, 80).
cost(11, 8, 57).
cost(11, 9, 31).
cost(11, 10, 11).
cost(11, 12, 3).
cost(11, 13, 55).
cost(11, 14, 55).
cost(11, 15, 33).
cost(11, 16, 19).
cost(11, 17, 31).
cost(11, 18, 83).
cost(11, 19, 16).
cost(11, 20, 64).
cost(12, 1, 23).
cost(12, 2, 54).
cost(12, 3, 26).
cost(12, 4, 79).
cost(12, 5, 39).
cost(12, 6, 71).
cost(12, 7, 80).
cost(12, 8, 56).
cost(12, 9, 28).
cost(12, 10, 14).
cost(12, 11, 3).
cost(12, 13, 54).
cost(12, 14, 56).
cost(12, 15, 31).
cost(12, 16, 16).
cost(12, 17, 28).
cost(12, 18, 82).
cost(12, 19, 14).
cost(12, 20, 64).
cost(13, 1, 72).
cost(13, 2, 22).
cost(13, 3, 41).
cost(13, 4, 25).
cost(13, 5, 30).
cost(13, 6, 19).
cost(13, 7, 28).
cost(13, 8, 3).
cost(13, 9, 58).
cost(13, 10, 60).
cost(13, 11, 55).
cost(13, 12, 54).
cost(13, 14, 26).
cost(13, 15, 54).
cost(13, 16, 50).
cost(13, 17, 52).
cost(13, 18, 28).
cost(13, 19, 57).
cost(13, 20, 10).
cost(14, 1, 78).
cost(14, 2, 4).
cost(14, 3, 55).
cost(14, 4, 37).
cost(14, 5, 18).
cost(14, 6, 42).
cost(14, 7, 32).
cost(14, 8, 30).
cost(14, 9, 71).
cost(14, 10, 55).
cost(14, 11, 55).
cost(14, 12, 56).
cost(14, 13, 26).
cost(14, 15, 68).
cost(14, 16, 59).
cost(14, 17, 65).
cost(14, 18, 40).
cost(14, 19, 64).
cost(14, 20, 32).
cost(15, 1, 27).
cost(15, 2, 65).
cost(15, 3, 13).
cost(15, 4, 77).
cost(15, 5, 55).
cost(15, 6, 64).
cost(15, 7, 82).
cost(15, 8, 53).
cost(15, 9, 6).
cost(15, 10, 44).
cost(15, 11, 33).
cost(15, 12, 31).
cost(15, 13, 54).
cost(15, 14, 68).
cost(15, 16, 14).
cost(15, 17, 3).
cost(15, 18, 80).
cost(15, 19, 19).
cost(15, 20, 60).
cost(16, 1, 22).
cost(16, 2, 57).
cost(16, 3, 12).
cost(16, 4, 75).
cost(16, 5, 44).
cost(16, 6, 64).
cost(16, 7, 78).
cost(16, 8, 51).
cost(16, 9, 13).
cost(16, 10, 30).
cost(16, 11, 19).
cost(16, 12, 16).
cost(16, 13, 50).
cost(16, 14, 59).
cost(16, 15, 14).
cost(16, 17, 12).
cost(16, 18, 78).
cost(16, 19, 8).
cost(16, 20, 58).
cost(17, 1, 26).
cost(17, 2, 62).
cost(17, 3, 11).
cost(17, 4, 75).
cost(17, 5, 52).
cost(17, 6, 63).
cost(17, 7, 80).
cost(17, 8, 52).
cost(17, 9, 7).
cost(17, 10, 42).
cost(17, 11, 31).
cost(17, 12, 28).
cost(17, 13, 52).
cost(17, 14, 65).
cost(17, 15, 3).
cost(17, 16, 12).
cost(17, 18, 78).
cost(17, 19, 17).
cost(17, 20, 59).
cost(18, 1, 100).
cost(18, 2, 37).
cost(18, 3, 68).
cost(18, 4, 3).
cost(18, 5, 53).
cost(18, 6, 18).
cost(18, 7, 11).
cost(18, 8, 27).
cost(18, 9, 85).
cost(18, 10, 87).
cost(18, 11, 83).
cost(18, 12, 82).
cost(18, 13, 28).
cost(18, 14, 40).
cost(18, 15, 80).
cost(18, 16, 78).
cost(18, 17, 78).
cost(18, 19, 85).
cost(18, 20, 20).
cost(19, 1, 15).
cost(19, 2, 62).
cost(19, 3, 20).
cost(19, 4, 82).
cost(19, 5, 48).
cost(19, 6, 72).
cost(19, 7, 85).
cost(19, 8, 58).
cost(19, 9, 15).
cost(19, 10, 27).
cost(19, 11, 16).
cost(19, 12, 14).
cost(19, 13, 57).
cost(19, 14, 64).
cost(19, 15, 19).
cost(19, 16, 8).
cost(19, 17, 17).
cost(19, 18, 85).
cost(19, 20, 66).
cost(20, 1, 80).
cost(20, 2, 28).
cost(20, 3, 48).
cost(20, 4, 17).
cost(20, 5, 39).
cost(20, 6, 10).
cost(20, 7, 23).
cost(20, 8, 8).
cost(20, 9, 65).
cost(20, 10, 70).
cost(20, 11, 64).
cost(20, 12, 64).
cost(20, 13, 10).
cost(20, 14, 32).
cost(20, 15, 60).
cost(20, 16, 58).
cost(20, 17, 59).
cost(20, 18, 20).
cost(20, 19, 66).
