dimension(20).
point(1, 26.7645371737, 22.2418527612).
point(2, 31.6869539478, 20.9251173191).
point(3, 21.6658196327, 27.1112343872).
point(4, 36.6606088481, 17.1409504585).
point(5, 50.2303787598, 50.031641065).
point(6, 49.307993533, 50.5237635525).
point(7, 45.3741571263, 38.5389242187).
point(8, 47.6009748868, 45.8296253272).
point(9, 85.3443915352, 89.4258369843).
point(10, 80.987131215, 81.6164449939).
point(11, 78.2998777819, 86.5412059599).
point(12, 74.3971984502, 97.8635806911).
point(13, 4.8943895499, 66.1583948699).
point(14, 1.7610494549, 61.4151360244).
point(15, 1.9227109638, 69.1345232697).
point(16, 14.3988906366, 59.8704415905).
point(17, 95.6789761305, 9.3505050311).
point(18, 91.3380713469, 2.6447136588).
point(19, 83.8292700627, 10.264261578).
point(20, 95.3547936891, 19.5946151855).
cost(1, 2, 5).
cost(1, 3, 7).
cost(1, 4, 11).
cost(1, 5, 36).
cost(1, 6, 36).
cost(1, 7, 25).
cost(1, 8, 31).
cost(1, 9, 89).
cost(1, 10, 80).
cost(1, 11, 82).
cost(1, 12, 89).
cost(1, 13, 49).
cost(1, 14, 46).
cost(1, 15, 53).
cost(1, 16, 40).
cost(1, 17, 70).
cost(1, 18, 67).
cost(1, 19, 58).
cost(1, 20, 69).
cost(2, 1, 5).
cost(2, 3, 12).
cost(2, 4, 6).
cost(2, 5, 35).
cost(2, 6, 34).
cost(2, 7, 22).
cost(2, 8, 30).
cost(2, 9, 87).
cost(2, 10, 78).
cost(2, 11, 80).
cost(2, 12, 88).
cost(2, 13, 53).
cost(2, 14, 50).
cost(2, 15, 57).
cost(2, 16, 43).
cost(2, 17, 65).
cost(2, 18, 62).
cost(2, 19, 53).
cost(2, 20, 64).
cost(3, 1, 7).
cost(3, 2, 12).
cost(3, 4, 18).
cost(3, 5, 37).
cost(3, 6, 36).
cost(3, 7, 26).
cost(3, 8, 32).
cost(3, 9, 89).
cost(3, 10, 81).
cost(3, 11, 82).
cost(3, 12, 88).
cost(3, 13, 42).
cost(3, 14, 40).
cost(3, 15, 46).
cost(3, 16, 34).
cost(3, 17, 76).
cost(3, 18, 74).
cost(3, 19, 64).
cost(3, 20, 74).
cost(4, 1, 11).
cost(4, 2, 6).
cost(4, 3, 18).
cost(4, 5, 36).
cost(4, 6, 36).
cost(4, 7, 23).
cost(4, 8, 31).
cost(4, 9, 87).
cost(4, 10, 78).
cost(4, 11, 81).
cost(4, 12, 89).
cost(4, 13, 58).
cost(4, 14, 56).
cost(4, 15, 63).
cost(4, 16, 48).
cost(4, 17, 60).
cost(4, 18, 57).
cost(4, 19, 48).
cost(4, 20, 59).
cost(5, 1, 36).
cost(5, 2, 35).
cost(5, 3, 37).
cost(5, 4, 36).
cost(5, 6, 1).
cost(5, 7, 12).
cost(5, 8, 5).
cost(5, 9, 53).
cost(5, 10, 44).
cost(5, 11, 46).
cost(5, 12, 54).
cost(5, 13, 48).
cost(5, 14, 50).
cost(5, 15, 52).
cost(5, 16, 37).
cost(5, 17, 61).
cost(5, 18, 63).
cost(5, 19, 52).
cost(5, 20, 54).
cost(6, 1, 36).
cost(6, 2, 34).
cost(6, 3, 36).
cost(6, 4, 36).
cost(6, 5, 1).
cost(6, 7, 13).
cost(6, 8, 5).
cost(6, 9, 53).
cost(6, 10, 44).
cost(6, 11, 46).
cost(6, 12, 54).
cost(6, 13, 47).
cost(6, 14, 49).
cost(6, 15, 51).
cost(6, 16, 36).
cost(6, 17, 62).
cost(6, 18, 64).
cost(6, 19, 53).
cost(6, 20, 55).
cost(7, 1, 25).
cost(7, 2, 22).
cost(7, 3, 26).
cost(7, 4, 23).
cost(7, 5, 12).
cost(7, 6, 13).
cost(7, 8, 8).
cost(7, 9, 65).
cost(7, 10, 56).
cost(7, 11, 58).
cost(7, 12, 66).
cost(7, 13, 49).
cost(7, 14, 49).
cost(7, 15, 53).
cost(7, 16, 38).
cost(7, 17, 58).
cost(7, 18, 58).
cost(7, 19, 48).
cost(7, 20, 53).
cost(8, 1, 31).
cost(8, 2, 30).
cost(8, 3, 32).
cost(8, 4, 31).
cost(8, 5, 5).
cost(8, 6, 5).
cost(8, 7, 8).
cost(8, 9, 58).
cost(8, 10, 49).
cost(8, 11, 51).
cost(8, 12, 59).
cost(8, 13, 47).
cost(8, 14, 48).
cost(8, 15, 51).
cost(8, 16, 36).
cost(8, 17, 60).
cost(8, 18, 61).
cost(8, 19, 51).
cost(8, 20, 54).
cost(9, 1, 89).
cost(9, 2, 87).
cost(9, 3, 89).
cost(9, 4, 87).
cost(9, 5, 53).
cost(9, 6, 53).
cost(9, 7, 65).
cost(9, 8, 58).
cost(9, 10, 9).
cost(9, 11, 8).
cost(9, 12, 14).
cost(9, 13, 84).
cost(9, 14, 88).
cost(9, 15, 86).
cost(9, 16, 77).
cost(9, 17, 81).
cost(9, 18, 87).
cost(9, 19, 79).
cost(9, 20, 71).
cost(10, 1, 80).
cost(10, 2, 78).
cost(10, 3, 81).
cost(10, 4, 78).
cost(10, 5, 44).
cost(10, 6, 44).
cost(10, 7, 56).
cost(10, 8, 49).
cost(10, 9, 9).
cost(10, 11, 6).
cost(10, 12, 18).
cost(10, 13, 78).
cost(10, 14, 82).
cost(10, 15, 80).
cost(10, 16, 70).
cost(10, 17, 74).
cost(10, 18, 80).
cost(10, 19, 71).
cost(10, 20, 64).
cost(11, 1, 82).
cost(11, 2, 80).
cost(11, 3, 82).
cost(11, 4, 81).
cost(11, 5, 46).
cost(11, 6, 46).
cost(11, 7, 58).
cost(11, 8, 51).
cost(11, 9, 8).
cost(11, 10, 6).
cost(11, 12, 12).
cost(11, 13, 76).
cost(11, 14, 81).
cost(11, 15, 78).
cost(11, 16, 69).
cost(11, 17, 79).
cost(11, 18, 85).
cost(11, 19, 76).
cost(11, 20, 69).
cost(12, 1, 89).
cost(12, 2, 88).
cost(12, 3, 88).
cost(12, 4, 89).
cost(12, 5, 54).
cost(12, 6, 54).
cost(12, 7, 66).
cost(12, 8, 59).
cost(12, 9, 14).
cost(12, 10, 18).
cost(12, 11, 12).
cost(12, 13, 76).
cost(12, 14, 81).
cost(12, 15, 78).
cost(12, 16, 71).
cost(12, 17, 91).
cost(12, 18, 97).
cost(12, 19, 88).
cost(12, 20, 81).
cost(13, 1, 49).
cost(13, 2, 53).
cost(13, 3, 42).
cost(13, 4, 58).
cost(13, 5, 48).
cost(13, 6, 47).
cost(13, 7, 49).
cost(13, 8, 47).
cost(13, 9, 84).
cost(13, 10, 78).
cost(13, 11, 76).
cost(13, 12, 76).
cost(13, 14, 6).
cost(13, 15, 4).
cost(13, 16, 11).
cost(13, 17, 107).
cost(13, 18, 107).
cost(13, 19, 97).
cost(13, 20, 102).
cost(14, 1, 46).
cost(14, 2, 50).
cost(14, 3, 40).
cost(14, 4, 56).
cost(14, 5, 50).
cost(14, 6, 49).
cost(14, 7, 49).
cost(14, 8, 48).
cost(14, 9, 88).
cost(14, 10, 82).
cost(14, 11, 81).
cost(14, 12, 81).
cost(14, 13, 6).
cost(14, 15, 8).
cost(14, 16, 13).
cost(14, 17, 107).
cost(14, 18, 107).
cost(14, 19, 97).
cost(14, 20, 103).
cost(15, 1, 53).
cost(15, 2, 57).
cost(15, 3, 46).
cost(15, 4, 63).
cost(15, 5, 52).
cost(15, 6, 51).
cost(15, 7, 53).
cost(15, 8, 51).
cost(15, 9, 86).
cost(15, 10, 80).
cost(15, 11, 78).
cost(15, 12, 78).
cost(15, 13, 4).
cost(15, 14, 8).
cost(15, 16, 16).
cost(15, 17, 111).
cost(15, 18, 111).
cost(15, 19, 101).
cost(15, 20, 106).
cost(16, 1, 40).
cost(16, 2, 43).
cost(16, 3, 34).
cost(16, 4, 48).
cost(16, 5, 37).
cost(16, 6, 36).
cost(16, 7, 38).
cost(16, 8, 36).
cost(16, 9, 77).
cost(16, 10, 70).
cost(16, 11, 69).
cost(16, 12, 71).
cost(16, 13, 11).
cost(16, 14, 13).
cost(16, 15, 16).
cost(16, 17, 96).
cost(16, 18, 96).
cost(16, 19, 85).
cost(16, 20, 90).
cost(17, 1, 70).
cost(17, 2, 65).
cost(17, 3, 76).
cost(17, 4, 60).
cost(17, 5, 61).
cost(17, 6, 62).
cost(17, 7, 58).
cost(17, 8, 60).
cost(17, 9, 81).
cost(17, 10, 74).
cost(17, 11, 79).
cost(17, 12, 91).
cost(17, 13, 107).
cost(17, 14, 107).
cost(17, 15, 111).
cost(17, 16, 96).
cost(17, 18, 8).
cost(17, 19, 12).
cost(17, 20, 10).
cost(18, 1, 67).
cost(18, 2, 62).
cost(18, 3, 74).
cost(18, 4, 57).
cost(18, 5, 63).
cost(18, 6, 64).
cost(18, 7, 58).
cost(18, 8, 61).
cost(18, 9, 87).
cost(18, 10, 80).
cost(18, 11, 85).
cost(18, 12, 97).
cost(18, 13, 107).
cost(18, 14, 107).
cost(18, 15, 111).
cost(18, 16, 96).
cost(18, 17, 8).
cost(18, 19, 11).
cost(18, 20, 17).
cost(19, 1, 58).
cost(19, 2, 53).
cost(19, 3, 64).
cost(19, 4, 48).
cost(19, 5, 52).
cost(19, 6, 53).
cost(19, 7, 48).
cost(19, 8, 51).
cost(19, 9, 79).
cost(19, 10, 71).
cost(19, 11, 76).
cost(19, 12, 88).
cost(19, 13, 97).
cost(19, 14, 97).
cost(19, 15, 101).
cost(19, 16, 85).
cost(19, 17, 12).
cost(19, 18, 11).
cost(19, 20, 15).
cost(20, 1, 69).
cost(20, 2, 64).
cost(20, 3, 74).
cost(20, 4, 59).
cost(20, 5, 54).
cost(20, 6, 55).
cost(20, 7, 53).
cost(20, 8, 54).
cost(20, 9, 71).
cost(20, 10, 64).
cost(20, 11, 69).
cost(20, 12, 81).
cost(20, 13, 102).
cost(20, 14, 103).
cost(20, 15, 106).
cost(20, 16, 90).
cost(20, 17, 10).
cost(20, 18, 17).
cost(20, 19, 15).
