dimension(20).
point(1, 32.3637922631, 51.8033731822).
point(2, 36.3793814305, 48.3015123324).
point(3, 28.4695839207, 39.5929788874).
point(4, 36.2563928098, 43.4784818691).
point(5, 81.8971526333, 0.3001429428).
point(6, 83.1744075305, 3.5212414133).
point(7, 67.4243888133, 0.1143282419).
point(8, 80.7379258091, 21.9080601497).
point(9, 45.4099438064, 24.1032485068).
point(10, 52.1798982274, 24.5070671583).
point(11, 41.4969001111, 21.6021331249).
point(12, 42.783460709, 27.5279420977).
point(13, 18.8347674971, 99.4586758228).
point(14, 20.3230579792, 95.7239747851).
point(15, 7.9548486593, 99.5971837046).
point(16, 9.8807075579, 99.9083064125).
point(17, 95.4115381138, 73.2173552021).
point(18, 86.5893261211, 76.5575690365).
point(19, 85.9120409051, 63.6290580885).
point(20, 85.3922548651, 66.8284936351).
cost(1, 2, 5).
cost(1, 3, 13).
cost(1, 4, 9).
cost(1, 5, 71).
cost(1, 6, 70).
cost(1, 7, 62).
cost(1, 8, 57).
cost(1, 9, 31).
cost(1, 10, 34).
cost(1, 11, 32).
cost(1, 12, 26).
cost(1, 13, 50).
cost(1, 14, 46).
cost(1, 15, 54).
cost(1, 16, 53).
cost(1, 17, 67).
cost(1, 18, 60).
cost(1, 19, 55).
cost(1, 20, 55).
cost(2, 1, 5).
cost(2, 3, 12).
cost(2, 4, 5).
cost(2, 5, 66).
cost(2, 6, 65).
cost(2, 7, 57).
cost(2, 8, 52).
cost(2, 9, 26).
cost(2, 10, 29).
cost(2, 11, 27).
cost(2, 12, 22).
cost(2, 13, 54).
cost(2, 14, 50).
cost(2, 15, 59).
cost(2, 16, 58).
cost(2, 17, 64).
cost(2, 18, 58).
cost(2, 19, 52).
cost(2, 20, 52).
cost(3, 1, 13).
cost(3, 2, 12).
cost(3, 4, 9).
cost(3, 5, 66).
cost(3, 6, 66).
cost(3, 7, 55).
cost(3, 8, 55).
cost(3, 9, 23).
cost(3, 10, 28).
cost(3, 11, 22).
cost(3, 12, 19).
cost(3, 13, 61).
cost(3, 14, 57).
cost(3, 15, 63).
cost(3, 16, 63).
cost(3, 17, 75).
cost(3, 18, 69).
cost(3, 19, 62).
cost(3, 20, 63).
cost(4, 1, 9).
cost(4, 2, 5).
cost(4, 3, 9).
cost(4, 5, 63).
cost(4, 6, 62).
cost(4, 7, 53).
cost(4, 8, 49).
cost(4, 9, 21).
cost(4, 10, 25).
cost(4, 11, 22).
cost(4, 12, 17).
cost(4, 13, 59).
cost(4, 14, 55).
cost(4, 15, 63).
cost(4, 16, 62).
cost(4, 17, 66).
cost(4, 18, 60).
cost(4, 19, 54).
cost(4, 20, 54).
cost(5, 1, 71).
cost(5, 2, 66).
cost(5, 3, 66).
cost(5, 4, 63).
cost(5, 6, 3).
cost(5, 7, 14).
cost(5, 8, 22).
cost(5, 9, 44).
cost(5, 10, 38).
cost(5, 11, 46).
cost(5, 12, 48).
cost(5, 13, 118).
cost(5, 14, 114).
cost(5, 15, 124).
cost(5, 16, 123).
cost(5, 17, 74).
cost(5, 18, 76).
cost(5, 19, 63).
cost(5, 20, 67).
cost(6, 1, 70).
cost(6, 2, 65).
cost(6, 3, 66).
cost(6, 4, 62).
cost(6, 5, 3).
cost(6, 7, 16).
cost(6, 8, 19).
cost(6, 9, 43).
cost(6, 10, 37).
cost(6, 11, 45).
cost(6, 12, 47).
cost(6, 13, 116).
cost(6, 14, 112).
cost(6, 15, 122).
cost(6, 16, 121).
cost(6, 17, 71).
cost(6, 18, 73).
cost(6, 19, 60).
cost(6, 20, 63).
cost(7, 1, 62).
cost(7, 2, 57).
cost(7, 3, 55).
cost(7, 4, 53).
cost(7, 5, 14).
cost(7, 6, 16).
cost(7, 8, 26).
cost(7, 9, 33).
cost(7, 10, 29).
cost(7, 11, 34).
cost(7, 12, 37).
cost(7, 13, 111).
cost(7, 14, 107).
cost(7, 15, 116).
cost(7, 16, 115).
cost(7, 17, 78).
cost(7, 18, 79).
cost(7, 19, 66).
cost(7, 20, 69).
cost(8, 1, 57).
cost(8, 2, 52).
cost(8, 3, 55).
cost(8, 4, 49).
cost(8, 5, 22).
cost(8, 6, 19).
cost(8, 7, 26).
cost(8, 9, 35).
cost(8, 10, 29).
cost(8, 11, 39).
cost(8, 12, 38).
cost(8, 13, 99).
cost(8, 14, 95).
cost(8, 15, 106).
cost(8, 16, 105).
cost(8, 17, 53).
cost(8, 18, 55).
cost(8, 19, 42).
cost(8, 20, 45).
cost(9, 1, 31).
cost(9, 2, 26).
cost(9, 3, 23).
cost(9, 4, 21).
cost(9, 5, 44).
cost(9, 6, 43).
cost(9, 7, 33).
cost(9, 8, 35).
cost(9, 10, 7).
cost(9, 11, 5).
cost(9, 12, 4).
cost(9, 13, 80).
cost(9, 14, 76).
cost(9, 15, 84).
cost(9, 16, 84).
cost(9, 17, 70).
cost(9, 18, 67).
cost(9, 19, 57).
cost(9, 20, 59).
cost(10, 1, 34).
cost(10, 2, 29).
cost(10, 3, 28).
cost(10, 4, 25).
cost(10, 5, 38).
cost(10, 6, 37).
cost(10, 7, 29).
cost(10, 8, 29).
cost(10, 9, 7).
cost(10, 11, 11).
cost(10, 12, 10).
cost(10, 13, 82).
cost(10, 14, 78).
cost(10, 15, 87).
cost(10, 16, 86).
cost(10, 17, 65).
cost(10, 18, 62).
cost(10, 19, 52).
cost(10, 20, 54).
cost(11, 1, 32).
cost(11, 2, 27).
cost(11, 3, 22).
cost(11, 4, 22).
cost(11, 5, 46).
cost(11, 6, 45).
cost(11, 7, 34).
cost(11, 8, 39).
cost(11, 9, 5).
cost(11, 10, 11).
cost(11, 12, 6).
cost(11, 13, 81).
cost(11, 14, 77).
cost(11, 15, 85).
cost(11, 16, 84).
cost(11, 17, 75).
cost(11, 18, 71).
cost(11, 19, 61).
cost(11, 20, 63).
cost(12, 1, 26).
cost(12, 2, 22).
cost(12, 3, 19).
cost(12, 4, 17).
cost(12, 5, 48).
cost(12, 6, 47).
cost(12, 7, 37).
cost(12, 8, 38).
cost(12, 9, 4).
cost(12, 10, 10).
cost(12, 11, 6).
cost(12, 13, 76).
cost(12, 14, 72).
cost(12, 15, 80).
cost(12, 16, 80).
cost(12, 17, 70).
cost(12, 18, 66).
cost(12, 19, 56).
cost(12, 20, 58).
cost(13, 1, 50).
cost(13, 2, 54).
cost(13, 3, 61).
cost(13, 4, 59).
cost(13, 5, 118).
cost(13, 6, 116).
cost(13, 7, 111).
cost(13, 8, 99).
cost(13, 9, 80).
cost(13, 10, 82).
cost(13, 11, 81).
cost(13, 12, 76).
cost(13, 14, 4).
cost(13, 15, 11).
cost(13, 16, 9).
cost(13, 17, 81).
cost(13, 18, 72).
cost(13, 19, 76).
cost(13, 20, 74).
cost(14, 1, 46).
cost(14, 2, 50).
cost(14, 3, 57).
cost(14, 4, 55).
cost(14, 5, 114).
cost(14, 6, 112).
cost(14, 7, 107).
cost(14, 8, 95).
cost(14, 9, 76).
cost(14, 10, 78).
cost(14, 11, 77).
cost(14, 12, 72).
cost(14, 13, 4).
cost(14, 15, 13).
cost(14, 16, 11).
cost(14, 17, 78).
cost(14, 18, 69).
cost(14, 19, 73).
cost(14, 20, 71).
cost(15, 1, 54).
cost(15, 2, 59).
cost(15, 3, 63).
cost(15, 4, 63).
cost(15, 5, 124).
cost(15, 6, 122).
cost(15, 7, 116).
cost(15, 8, 106).
cost(15, 9, 84).
cost(15, 10, 87).
cost(15, 11, 85).
cost(15, 12, 80).
cost(15, 13, 11).
cost(15, 14, 13).
cost(15, 16, 2).
cost(15, 17, 91).
cost(15, 18, 82).
cost(15, 19, 86).
cost(15, 20, 84).
cost(16, 1, 53).
cost(16, 2, 58).
cost(16, 3, 63).
cost(16, 4, 62).
cost(16, 5, 123).
cost(16, 6, 121).
cost(16, 7, 115).
cost(16, 8, 105).
cost(16, 9, 84).
cost(16, 10, 86).
cost(16, 11, 84).
cost(16, 12, 80).
cost(16, 13, 9).
cost(16, 14, 11).
cost(16, 15, 2).
cost(16, 17, 90).
cost(16, 18, 80).
cost(16, 19, 84).
cost(16, 20, 82).
cost(17, 1, 67).
cost(17, 2, 64).
cost(17, 3, 75).
cost(17, 4, 66).
cost(17, 5, 74).
cost(17, 6, 71).
cost(17, 7, 78).
cost(17, 8, 53).
cost(17, 9, 70).
cost(17, 10, 65).
cost(17, 11, 75).
cost(17, 12, 70).
cost(17, 13, 81).
cost(17, 14, 78).
cost(17, 15, 91).
cost(17, 16, 90).
cost(17, 18, 9).
cost(17, 19, 13).
cost(17, 20, 12).
cost(18, 1, 60).
cost(18, 2, 58).
cost(18, 3, 69).
cost(18, 4, 60).
cost(18, 5, 76).
cost(18, 6, 73).
cost(18, 7, 79).
cost(18, 8, 55).
cost(18, 9, 67).
cost(18, 10, 62).
cost(18, 11, 71).
cost(18, 12, 66).
cost(18, 13, 72).
cost(18, 14, 69).
cost(18, 15, 82).
cost(18, 16, 80).
cost(18, 17, 9).
cost(18, 19, 13).
cost(18, 20, 10).
cost(19, 1, 55).
cost(19, 2, 52).
cost(19, 3, 62).
cost(19, 4, 54).
cost(19, 5, 63).
cost(19, 6, 60).
cost(19, 7, 66).
cost(19, 8, 42).
cost(19, 9, 57).
cost(19, 10, 52).
cost(19, 11, 61).
cost(19, 12, 56).
cost(19, 13, 76).
cost(19, 14, 73).
cost(19, 15, 86).
cost(19, 16, 84).
cost(19, 17, 13).
cost(19, 18, 13).
cost(19, 20, 3).
cost(20, 1, 55).
cost(20, 2, 52).
cost(20, 3, 63).
cost(20, 4, 54).
cost(20, 5, 67).
cost(20, 6, 63).
cost(20, 7, 69).
cost(20, 8, 45).
cost(20, 9, 59).
cost(20, 10, 54).
cost(20, 11, 63).
cost(20, 12, 58).
cost(20, 13, 74).
cost(20, 14, 71).
cost(20, 15, 84).
cost(20, 16, 82).
cost(20, 17, 12).
cost(20, 18, 10).
cost(20, 19, 3).
