dimension(20).
point(1, 43.5469892846, 19.476081819).
point(2, 56.6998749245, 16.0177475127).
point(3, 38.3697591479, 19.3548039755).
point(4, 47.8509559799, 23.798133677).
point(5, 23.576509704, 41.0869303283).
point(6, 29.9000941636, 41.4141780556).
point(7, 21.0492608188, 31.2505230015).
point(8, 15.3636253589, 32.9889235735).
point(9, 54.0620681999, 94.9558812354).
point(10, 66.4829199375, 91.9523309535).
point(11, 66.4559782107, 91.6593041064).
point(12, 65.1896790135, 89.5861220044).
point(13, 7.6730906883, 34.4393099673).
point(14, 0.6992454957, 26.6742689737).
point(15, 6.7600935376, 23.9328326154).
point(16, 10.8506383899, 32.2551453114).
point(17, 97.3913486966, 57.3176674013).
point(18, 91.3424238788, 86.4150088845).
point(19, 99.0289197363, 73.1701077268).
point(20, 92.4084982754, 63.5659855261).
cost(1, 2, 14).
cost(1, 3, 5).
cost(1, 4, 6).
cost(1, 5, 29).
cost(1, 6, 26).
cost(1, 7, 25).
cost(1, 8, 31).
cost(1, 9, 76).
cost(1, 10, 76).
cost(1, 11, 76).
cost(1, 12, 73).
cost(1, 13, 39).
cost(1, 14, 43).
cost(1, 15, 37).
cost(1, 16, 35).
cost(1, 17, 66).
cost(1, 18, 82).
cost(1, 19, 77).
cost(1, 20, 66).
cost(2, 1, 14).
cost(2, 3, 19).
cost(2, 4, 12).
cost(2, 5, 42).
cost(2, 6, 37).
cost(2, 7, 39).
cost(2, 8, 45).
cost(2, 9, 79).
cost(2, 10, 77).
cost(2, 11, 76).
cost(2, 12, 74).
cost(2, 13, 52).
cost(2, 14, 57).
cost(2, 15, 51).
cost(2, 16, 49).
cost(2, 17, 58).
cost(2, 18, 78).
cost(2, 19, 71).
cost(2, 20, 59).
cost(3, 1, 5).
cost(3, 2, 19).
cost(3, 4, 10).
cost(3, 5, 26).
cost(3, 6, 24).
cost(3, 7, 21).
cost(3, 8, 27).
cost(3, 9, 77).
cost(3, 10, 78).
cost(3, 11, 78).
cost(3, 12, 75).
cost(3, 13, 34).
cost(3, 14, 38).
cost(3, 15, 32).
cost(3, 16, 30).
cost(3, 17, 70).
cost(3, 18, 85).
cost(3, 19, 81).
cost(3, 20, 70).
cost(4, 1, 6).
cost(4, 2, 12).
cost(4, 3, 10).
cost(4, 5, 30).
cost(4, 6, 25).
cost(4, 7, 28).
cost(4, 8, 34).
cost(4, 9, 71).
cost(4, 10, 71).
cost(4, 11, 70).
cost(4, 12, 68).
cost(4, 13, 42).
cost(4, 14, 47).
cost(4, 15, 41).
cost(4, 16, 38).
cost(4, 17, 60).
cost(4, 18, 76).
cost(4, 19, 71).
cost(4, 20, 60).
cost(5, 1, 29).
cost(5, 2, 42).
cost(5, 3, 26).
cost(5, 4, 30).
cost(5, 6, 6).
cost(5, 7, 10).
cost(5, 8, 12).
cost(5, 9, 62).
cost(5, 10, 67).
cost(5, 11, 66).
cost(5, 12, 64).
cost(5, 13, 17).
cost(5, 14, 27).
cost(5, 15, 24).
cost(5, 16, 15).
cost(5, 17, 76).
cost(5, 18, 82).
cost(5, 19, 82).
cost(5, 20, 72).
cost(6, 1, 26).
cost(6, 2, 37).
cost(6, 3, 24).
cost(6, 4, 25).
cost(6, 5, 6).
cost(6, 7, 13).
cost(6, 8, 17).
cost(6, 9, 59).
cost(6, 10, 62).
cost(6, 11, 62).
cost(6, 12, 60).
cost(6, 13, 23).
cost(6, 14, 33).
cost(6, 15, 29).
cost(6, 16, 21).
cost(6, 17, 69).
cost(6, 18, 76).
cost(6, 19, 76).
cost(6, 20, 66).
cost(7, 1, 25).
cost(7, 2, 39).
cost(7, 3, 21).
cost(7, 4, 28).
cost(7, 5, 10).
cost(7, 6, 13).
cost(7, 8, 6).
cost(7, 9, 72).
cost(7, 10, 76).
cost(7, 11, 76).
cost(7, 12, 73).
cost(7, 13, 14).
cost(7, 14, 21).
cost(7, 15, 16).
cost(7, 16, 10).
cost(7, 17, 81).
cost(7, 18, 89).
cost(7, 19, 89).
cost(7, 20, 78).
cost(8, 1, 31).
cost(8, 2, 45).
cost(8, 3, 27).
cost(8, 4, 34).
cost(8, 5, 12).
cost(8, 6, 17).
cost(8, 7, 6).
cost(8, 9, 73).
cost(8, 10, 78).
cost(8, 11, 78).
cost(8, 12, 75).
cost(8, 13, 8).
cost(8, 14, 16).
cost(8, 15, 12).
cost(8, 16, 5).
cost(8, 17, 86).
cost(8, 18, 93).
cost(8, 19, 93).
cost(8, 20, 83).
cost(9, 1, 76).
cost(9, 2, 79).
cost(9, 3, 77).
cost(9, 4, 71).
cost(9, 5, 62).
cost(9, 6, 59).
cost(9, 7, 72).
cost(9, 8, 73).
cost(9, 10, 13).
cost(9, 11, 13).
cost(9, 12, 12).
cost(9, 13, 76).
cost(9, 14, 87).
cost(9, 15, 85).
cost(9, 16, 76).
cost(9, 17, 57).
cost(9, 18, 38).
cost(9, 19, 50).
cost(9, 20, 50).
cost(10, 1, 76).
cost(10, 2, 77).
cost(10, 3, 78).
cost(10, 4, 71).
cost(10, 5, 67).
cost(10, 6, 62).
cost(10, 7, 76).
cost(10, 8, 78).
cost(10, 9, 13).
cost(10, 11, 0).
cost(10, 12, 3).
cost(10, 13, 82).
cost(10, 14, 93).
cost(10, 15, 91).
cost(10, 16, 82).
cost(10, 17, 46).
cost(10, 18, 25).
cost(10, 19, 38).
cost(10, 20, 38).
cost(11, 1, 76).
cost(11, 2, 76).
cost(11, 3, 78).
cost(11, 4, 70).
cost(11, 5, 66).
cost(11, 6, 62).
cost(11, 7, 76).
cost(11, 8, 78).
cost(11, 9, 13).
cost(11, 10, 0).
cost(11, 12, 2).
cost(11, 13, 82).
cost(11, 14, 92).
cost(11, 15, 90).
cost(11, 16, 81).
cost(11, 17, 46).
cost(11, 18, 25).
cost(11, 19, 37).
cost(11, 20, 38).
cost(12, 1, 73).
cost(12, 2, 74).
cost(12, 3, 75).
cost(12, 4, 68).
cost(12, 5, 64).
cost(12, 6, 60).
cost(12, 7, 73).
cost(12, 8, 75).
cost(12, 9, 12).
cost(12, 10, 3).
cost(12, 11, 2).
cost(12, 13, 80).
cost(12, 14, 90).
cost(12, 15, 88).
cost(12, 16, 79).
cost(12, 17, 46).
cost(12, 18, 26).
cost(12, 19, 38).
cost(12, 20, 38).
cost(13, 1, 39).
cost(13, 2, 52).
cost(13, 3, 34).
cost(13, 4, 42).
cost(13, 5, 17).
cost(13, 6, 23).
cost(13, 7, 14).
cost(13, 8, 8).
cost(13, 9, 76).
cost(13, 10, 82).
cost(13, 11, 82).
cost(13, 12, 80).
cost(13, 14, 10).
cost(13, 15, 11).
cost(13, 16, 4).
cost(13, 17, 93).
cost(13, 18, 98).
cost(13, 19, 99).
cost(13, 20, 90).
cost(14, 1, 43).
cost(14, 2, 57).
cost(14, 3, 38).
cost(14, 4, 47).
cost(14, 5, 27).
cost(14, 6, 33).
cost(14, 7, 21).
cost(14, 8, 16).
cost(14, 9, 87).
cost(14, 10, 93).
cost(14, 11, 92).
cost(14, 12, 90).
cost(14, 13, 10).
cost(14, 15, 7).
cost(14, 16, 12).
cost(14, 17, 101).
cost(14, 18, 109).
cost(14, 19, 109).
cost(14, 20, 99).
cost(15, 1, 37).
cost(15, 2, 51).
cost(15, 3, 32).
cost(15, 4, 41).
cost(15, 5, 24).
cost(15, 6, 29).
cost(15, 7, 16).
cost(15, 8, 12).
cost(15, 9, 85).
cost(15, 10, 91).
cost(15, 11, 90).
cost(15, 12, 88).
cost(15, 13, 11).
cost(15, 14, 7).
cost(15, 16, 9).
cost(15, 17, 97).
cost(15, 18, 105).
cost(15, 19, 105).
cost(15, 20, 94).
cost(16, 1, 35).
cost(16, 2, 49).
cost(16, 3, 30).
cost(16, 4, 38).
cost(16, 5, 15).
cost(16, 6, 21).
cost(16, 7, 10).
cost(16, 8, 5).
cost(16, 9, 76).
cost(16, 10, 82).
cost(16, 11, 81).
cost(16, 12, 79).
cost(16, 13, 4).
cost(16, 14, 12).
cost(16, 15, 9).
cost(16, 17, 90).
cost(16, 18, 97).
cost(16, 19, 97).
cost(16, 20, 87).
cost(17, 1, 66).
cost(17, 2, 58).
cost(17, 3, 70).
cost(17, 4, 60).
cost(17, 5, 76).
cost(17, 6, 69).
cost(17, 7, 81).
cost(17, 8, 86).
cost(17, 9, 57).
cost(17, 10, 46).
cost(17, 11, 46).
cost(17, 12, 46).
cost(17, 13, 93).
cost(17, 14, 101).
cost(17, 15, 97).
cost(17, 16, 90).
cost(17, 18, 30).
cost(17, 19, 16).
cost(17, 20, 8).
cost(18, 1, 82).
cost(18, 2, 78).
cost(18, 3, 85).
cost(18, 4, 76).
cost(18, 5, 82).
cost(18, 6, 76).
cost(18, 7, 89).
cost(18, 8, 93).
cost(18, 9, 38).
cost(18, 10, 25).
cost(18, 11, 25).
cost(18, 12, 26).
cost(18, 13, 98).
cost(18, 14, 109).
cost(18, 15, 105).
cost(18, 16, 97).
cost(18, 17, 30).
cost(18, 19, 15).
cost(18, 20, 23).
cost(19, 1, 77).
cost(19, 2, 71).
cost(19, 3, 81).
cost(19, 4, 71).
cost(19, 5, 82).
cost(19, 6, 76).
cost(19, 7, 89).
cost(19, 8, 93).
cost(19, 9, 50).
cost(19, 10, 38).
cost(19, 11, 37).
cost(19, 12, 38).
cost(19, 13, 99).
cost(19, 14, 109).
cost(19, 15, 105).
cost(19, 16, 97).
cost(19, 17, 16).
cost(19, 18, 15).
cost(19, 20, 12).
cost(20, 1, 66).
cost(20, 2, 59).
cost(20, 3, 70).
cost(20, 4, 60).
cost(20, 5, 72).
cost(20, 6, 66).
cost(20, 7, 78).
cost(20, 8, 83).
cost(20, 9, 50).
cost(20, 10, 38).
cost(20, 11, 38).
cost(20, 12, 38).
cost(20, 13, 90).
cost(20, 14, 99).
cost(20, 15, 94).
cost(20, 16, 87).
cost(20, 17, 8).
cost(20, 18, 23).
cost(20, 19, 12).
