dimension(20).
point(1, 62.4418854688, 67.9393186862).
point(2, 59.2267313889, 61.2677344839).
point(3, 62.6685846505, 64.8867274151).
point(4, 63.8880842691, 61.269672061).
point(5, 19.980486649, 89.6586291218).
point(6, 25.1075745641, 95.6115176521).
point(7, 17.0078338978, 96.7477153861).
point(8, 17.7101863359, 97.3416398214).
point(9, 46.9465418603, 3.6286678195).
point(10, 60.5872754151, 2.74101519).
point(11, 47.2352757613, 7.579582282).
point(12, 53.1578433506, 0.4172798388).
point(13, 85.6995268719, 37.4472344639).
point(14, 77.6182992615, 21.3539105668).
point(15, 87.9354033137, 24.9928204852).
point(16, 88.5048329784, 48.8430800277).
point(17, 0.6280387208, 28.3321501826).
point(18, 15.5780569229, 46.6789804266).
point(19, 1.5704269961, 51.5370770434).
point(20, 12.1764643873, 44.3351283942).
cost(1, 2, 7).
cost(1, 3, 3).
cost(1, 4, 7).
cost(1, 5, 48).
cost(1, 6, 46).
cost(1, 7, 54).
cost(1, 8, 54).
cost(1, 9, 66).
cost(1, 10, 65).
cost(1, 11, 62).
cost(1, 12, 68).
cost(1, 13, 38).
cost(1, 14, 49).
cost(1, 15, 50).
cost(1, 16, 32).
cost(1, 17, 73).
cost(1, 18, 51).
cost(1, 19, 63).
cost(1, 20, 56).
cost(2, 1, 7).
cost(2, 3, 5).
cost(2, 4, 5).
cost(2, 5, 48).
cost(2, 6, 48).
cost(2, 7, 55).
cost(2, 8, 55).
cost(2, 9, 59).
cost(2, 10, 59).
cost(2, 11, 55).
cost(2, 12, 61).
cost(2, 13, 36).
cost(2, 14, 44).
cost(2, 15, 46).
cost(2, 16, 32).
cost(2, 17, 67).
cost(2, 18, 46).
cost(2, 19, 58).
cost(2, 20, 50).
cost(3, 1, 3).
cost(3, 2, 5).
cost(3, 4, 4).
cost(3, 5, 49).
cost(3, 6, 49).
cost(3, 7, 56).
cost(3, 8, 55).
cost(3, 9, 63).
cost(3, 10, 62).
cost(3, 11, 59).
cost(3, 12, 65).
cost(3, 13, 36).
cost(3, 14, 46).
cost(3, 15, 47).
cost(3, 16, 30).
cost(3, 17, 72).
cost(3, 18, 50).
cost(3, 19, 63).
cost(3, 20, 55).
cost(4, 1, 7).
cost(4, 2, 5).
cost(4, 3, 4).
cost(4, 5, 52).
cost(4, 6, 52).
cost(4, 7, 59).
cost(4, 8, 59).
cost(4, 9, 60).
cost(4, 10, 59).
cost(4, 11, 56).
cost(4, 12, 62).
cost(4, 13, 32).
cost(4, 14, 42).
cost(4, 15, 44).
cost(4, 16, 28).
cost(4, 17, 71).
cost(4, 18, 50).
cost(4, 19, 63).
cost(4, 20, 54).
cost(5, 1, 48).
cost(5, 2, 48).
cost(5, 3, 49).
cost(5, 4, 52).
cost(5, 6, 8).
cost(5, 7, 8).
cost(5, 8, 8).
cost(5, 9, 90).
cost(5, 10, 96).
cost(5, 11, 86).
cost(5, 12, 95).
cost(5, 13, 84).
cost(5, 14, 89).
cost(5, 15, 94).
cost(5, 16, 80).
cost(5, 17, 64).
cost(5, 18, 43).
cost(5, 19, 42).
cost(5, 20, 46).
cost(6, 1, 46).
cost(6, 2, 48).
cost(6, 3, 49).
cost(6, 4, 52).
cost(6, 5, 8).
cost(6, 7, 8).
cost(6, 8, 8).
cost(6, 9, 95).
cost(6, 10, 99).
cost(6, 11, 91).
cost(6, 12, 99).
cost(6, 13, 84).
cost(6, 14, 91).
cost(6, 15, 95).
cost(6, 16, 79).
cost(6, 17, 72).
cost(6, 18, 50).
cost(6, 19, 50).
cost(6, 20, 53).
cost(7, 1, 54).
cost(7, 2, 55).
cost(7, 3, 56).
cost(7, 4, 59).
cost(7, 5, 8).
cost(7, 6, 8).
cost(7, 8, 1).
cost(7, 9, 98).
cost(7, 10, 104).
cost(7, 11, 94).
cost(7, 12, 103).
cost(7, 13, 91).
cost(7, 14, 97).
cost(7, 15, 101).
cost(7, 16, 86).
cost(7, 17, 70).
cost(7, 18, 50).
cost(7, 19, 48).
cost(7, 20, 53).
cost(8, 1, 54).
cost(8, 2, 55).
cost(8, 3, 55).
cost(8, 4, 59).
cost(8, 5, 8).
cost(8, 6, 8).
cost(8, 7, 1).
cost(8, 9, 98).
cost(8, 10, 104).
cost(8, 11, 94).
cost(8, 12, 103).
cost(8, 13, 91).
cost(8, 14, 97).
cost(8, 15, 101).
cost(8, 16, 86).
cost(8, 17, 71).
cost(8, 18, 51).
cost(8, 19, 49).
cost(8, 20, 53).
cost(9, 1, 66).
cost(9, 2, 59).
cost(9, 3, 63).
cost(9, 4, 60).
cost(9, 5, 90).
cost(9, 6, 95).
cost(9, 7, 98).
cost(9, 8, 98).
cost(9, 10, 14).
cost(9, 11, 4).
cost(9, 12, 7).
cost(9, 13, 51).
cost(9, 14, 35).
cost(9, 15, 46).
cost(9, 16, 61).
cost(9, 17, 52).
cost(9, 18, 53).
cost(9, 19, 66).
cost(9, 20, 54).
cost(10, 1, 65).
cost(10, 2, 59).
cost(10, 3, 62).
cost(10, 4, 59).
cost(10, 5, 96).
cost(10, 6, 99).
cost(10, 7, 104).
cost(10, 8, 104).
cost(10, 9, 14).
cost(10, 11, 14).
cost(10, 12, 8).
cost(10, 13, 43).
cost(10, 14, 25).
cost(10, 15, 35).
cost(10, 16, 54).
cost(10, 17, 65).
cost(10, 18, 63).
cost(10, 19, 77).
cost(10, 20, 64).
cost(11, 1, 62).
cost(11, 2, 55).
cost(11, 3, 59).
cost(11, 4, 56).
cost(11, 5, 86).
cost(11, 6, 91).
cost(11, 7, 94).
cost(11, 8, 94).
cost(11, 9, 4).
cost(11, 10, 14).
cost(11, 12, 9).
cost(11, 13, 49).
cost(11, 14, 33).
cost(11, 15, 44).
cost(11, 16, 58).
cost(11, 17, 51).
cost(11, 18, 50).
cost(11, 19, 63).
cost(11, 20, 51).
cost(12, 1, 68).
cost(12, 2, 61).
cost(12, 3, 65).
cost(12, 4, 62).
cost(12, 5, 95).
cost(12, 6, 99).
cost(12, 7, 103).
cost(12, 8, 103).
cost(12, 9, 7).
cost(12, 10, 8).
cost(12, 11, 9).
cost(12, 13, 49).
cost(12, 14, 32).
cost(12, 15, 43).
cost(12, 16, 60).
cost(12, 17, 59).
cost(12, 18, 60).
cost(12, 19, 73).
cost(12, 20, 60).
cost(13, 1, 38).
cost(13, 2, 36).
cost(13, 3, 36).
cost(13, 4, 32).
cost(13, 5, 84).
cost(13, 6, 84).
cost(13, 7, 91).
cost(13, 8, 91).
cost(13, 9, 51).
cost(13, 10, 43).
cost(13, 11, 49).
cost(13, 12, 49).
cost(13, 14, 18).
cost(13, 15, 13).
cost(13, 16, 12).
cost(13, 17, 86).
cost(13, 18, 71).
cost(13, 19, 85).
cost(13, 20, 74).
cost(14, 1, 49).
cost(14, 2, 44).
cost(14, 3, 46).
cost(14, 4, 42).
cost(14, 5, 89).
cost(14, 6, 91).
cost(14, 7, 97).
cost(14, 8, 97).
cost(14, 9, 35).
cost(14, 10, 25).
cost(14, 11, 33).
cost(14, 12, 32).
cost(14, 13, 18).
cost(14, 15, 11).
cost(14, 16, 30).
cost(14, 17, 77).
cost(14, 18, 67).
cost(14, 19, 82).
cost(14, 20, 69).
cost(15, 1, 50).
cost(15, 2, 46).
cost(15, 3, 47).
cost(15, 4, 44).
cost(15, 5, 94).
cost(15, 6, 95).
cost(15, 7, 101).
cost(15, 8, 101).
cost(15, 9, 46).
cost(15, 10, 35).
cost(15, 11, 44).
cost(15, 12, 43).
cost(15, 13, 13).
cost(15, 14, 11).
cost(15, 16, 24).
cost(15, 17, 87).
cost(15, 18, 76).
cost(15, 19, 90).
cost(15, 20, 78).
cost(16, 1, 32).
cost(16, 2, 32).
cost(16, 3, 30).
cost(16, 4, 28).
cost(16, 5, 80).
cost(16, 6, 79).
cost(16, 7, 86).
cost(16, 8, 86).
cost(16, 9, 61).
cost(16, 10, 54).
cost(16, 11, 58).
cost(16, 12, 60).
cost(16, 13, 12).
cost(16, 14, 30).
cost(16, 15, 24).
cost(16, 17, 90).
cost(16, 18, 73).
cost(16, 19, 87).
cost(16, 20, 76).
cost(17, 1, 73).
cost(17, 2, 67).
cost(17, 3, 72).
cost(17, 4, 71).
cost(17, 5, 64).
cost(17, 6, 72).
cost(17, 7, 70).
cost(17, 8, 71).
cost(17, 9, 52).
cost(17, 10, 65).
cost(17, 11, 51).
cost(17, 12, 59).
cost(17, 13, 86).
cost(17, 14, 77).
cost(17, 15, 87).
cost(17, 16, 90).
cost(17, 18, 24).
cost(17, 19, 23).
cost(17, 20, 20).
cost(18, 1, 51).
cost(18, 2, 46).
cost(18, 3, 50).
cost(18, 4, 50).
cost(18, 5, 43).
cost(18, 6, 50).
cost(18, 7, 50).
cost(18, 8, 51).
cost(18, 9, 53).
cost(18, 10, 63).
cost(18, 11, 50).
cost(18, 12, 60).
cost(18, 13, 71).
cost(18, 14, 67).
cost(18, 15, 76).
cost(18, 16, 73).
cost(18, 17, 24).
cost(18, 19, 15).
cost(18, 20, 4).
cost(19, 1, 63).
cost(19, 2, 58).
cost(19, 3, 63).
cost(19, 4, 63).
cost(19, 5, 42).
cost(19, 6, 50).
cost(19, 7, 48).
cost(19, 8, 49).
cost(19, 9, 66).
cost(19, 10, 77).
cost(19, 11, 63).
cost(19, 12, 73).
cost(19, 13, 85).
cost(19, 14, 82).
cost(19, 15, 90).
cost(19, 16, 87).
cost(19, 17, 23).
cost(19, 18, 15).
cost(19, 20, 13).
cost(20, 1, 56).
cost(20, 2, 50).
cost(20, 3, 55).
cost(20, 4, 54).
cost(20, 5, 46).
cost(20, 6, 53).
cost(20, 7, 53).
cost(20, 8, 53).
cost(20, 9, 54).
cost(20, 10, 64).
cost(20, 11, 51).
cost(20, 12, 60).
cost(20, 13, 74).
cost(20, 14, 69).
cost(20, 15, 78).
cost(20, 16, 76).
cost(20, 17, 20).
cost(20, 18, 4).
cost(20, 19, 13).
