dimension(20).
point(1, 61.5897078916, 95.4638994534).
point(2, 59.5404956204, 85.3570349414).
point(3, 53.5831378929, 90.390983463).
point(4, 58.9344081394, 84.795188289).
point(5, 30.4617401018, 38.3085722195).
point(6, 34.0001358297, 28.417222292).
point(7, 44.0280338501, 34.7480326147).
point(8, 38.3966136753, 47.3745827744).
point(9, 75.819946494, 14.3619150579).
point(10, 83.5060902756, 15.3521585815).
point(11, 82.1699483368, 0.5387836827).
point(12, 65.3271407733, 11.3187837476).
point(13, 98.0709288486, 69.7057862528).
point(14, 96.975594412, 73.861799555).
point(15, 84.7294265123, 74.5624248455).
point(16, 88.0371984431, 68.2756958063).
point(17, 3.4601588838, 44.178494871).
point(18, 7.337398495, 58.0551825058).
point(19, 12.2219648461, 46.7442017136).
point(20, 19.4131458941, 45.5178164278).
cost(1, 2, 10).
cost(1, 3, 9).
cost(1, 4, 11).
cost(1, 5, 65).
cost(1, 6, 73).
cost(1, 7, 63).
cost(1, 8, 53).
cost(1, 9, 82).
cost(1, 10, 83).
cost(1, 11, 97).
cost(1, 12, 84).
cost(1, 13, 45).
cost(1, 14, 41).
cost(1, 15, 31).
cost(1, 16, 38).
cost(1, 17, 78).
cost(1, 18, 66).
cost(1, 19, 69).
cost(1, 20, 65).
cost(2, 1, 10).
cost(2, 3, 8).
cost(2, 4, 1).
cost(2, 5, 55).
cost(2, 6, 62).
cost(2, 7, 53).
cost(2, 8, 43).
cost(2, 9, 73).
cost(2, 10, 74).
cost(2, 11, 88).
cost(2, 12, 74).
cost(2, 13, 42).
cost(2, 14, 39).
cost(2, 15, 27).
cost(2, 16, 33).
cost(2, 17, 70).
cost(2, 18, 59).
cost(2, 19, 61).
cost(2, 20, 57).
cost(3, 1, 9).
cost(3, 2, 8).
cost(3, 4, 8).
cost(3, 5, 57).
cost(3, 6, 65).
cost(3, 7, 56).
cost(3, 8, 46).
cost(3, 9, 79).
cost(3, 10, 81).
cost(3, 11, 94).
cost(3, 12, 80).
cost(3, 13, 49).
cost(3, 14, 46).
cost(3, 15, 35).
cost(3, 16, 41).
cost(3, 17, 68).
cost(3, 18, 56).
cost(3, 19, 60).
cost(3, 20, 56).
cost(4, 1, 11).
cost(4, 2, 1).
cost(4, 3, 8).
cost(4, 5, 55).
cost(4, 6, 62).
cost(4, 7, 52).
cost(4, 8, 43).
cost(4, 9, 72).
cost(4, 10, 74).
cost(4, 11, 87).
cost(4, 12, 74).
cost(4, 13, 42).
cost(4, 14, 40).
cost(4, 15, 28).
cost(4, 16, 33).
cost(4, 17, 69).
cost(4, 18, 58).
cost(4, 19, 60).
cost(4, 20, 56).
cost(5, 1, 65).
cost(5, 2, 55).
cost(5, 3, 57).
cost(5, 4, 55).
cost(5, 6, 11).
cost(5, 7, 14).
cost(5, 8, 12).
cost(5, 9, 51).
cost(5, 10, 58).
cost(5, 11, 64).
cost(5, 12, 44).
cost(5, 13, 75).
cost(5, 14, 75).
cost(5, 15, 65).
cost(5, 16, 65).
cost(5, 17, 28).
cost(5, 18, 30).
cost(5, 19, 20).
cost(5, 20, 13).
cost(6, 1, 73).
cost(6, 2, 62).
cost(6, 3, 65).
cost(6, 4, 62).
cost(6, 5, 11).
cost(6, 7, 12).
cost(6, 8, 19).
cost(6, 9, 44).
cost(6, 10, 51).
cost(6, 11, 56).
cost(6, 12, 36).
cost(6, 13, 76).
cost(6, 14, 78).
cost(6, 15, 69).
cost(6, 16, 67).
cost(6, 17, 34).
cost(6, 18, 40).
cost(6, 19, 28).
cost(6, 20, 22).
cost(7, 1, 63).
cost(7, 2, 53).
cost(7, 3, 56).
cost(7, 4, 52).
cost(7, 5, 14).
cost(7, 6, 12).
cost(7, 8, 14).
cost(7, 9, 38).
cost(7, 10, 44).
cost(7, 11, 51).
cost(7, 12, 32).
cost(7, 13, 64).
cost(7, 14, 66).
cost(7, 15, 57).
cost(7, 16, 55).
cost(7, 17, 42).
cost(7, 18, 43).
cost(7, 19, 34).
cost(7, 20, 27).
cost(8, 1, 53).
cost(8, 2, 43).
cost(8, 3, 46).
cost(8, 4, 43).
cost(8, 5, 12).
cost(8, 6, 19).
cost(8, 7, 14).
cost(8, 9, 50).
cost(8, 10, 55).
cost(8, 11, 64).
cost(8, 12, 45).
cost(8, 13, 64).
cost(8, 14, 64).
cost(8, 15, 54).
cost(8, 16, 54).
cost(8, 17, 35).
cost(8, 18, 33).
cost(8, 19, 26).
cost(8, 20, 19).
cost(9, 1, 82).
cost(9, 2, 73).
cost(9, 3, 79).
cost(9, 4, 72).
cost(9, 5, 51).
cost(9, 6, 44).
cost(9, 7, 38).
cost(9, 8, 50).
cost(9, 10, 8).
cost(9, 11, 15).
cost(9, 12, 11).
cost(9, 13, 60).
cost(9, 14, 63).
cost(9, 15, 61).
cost(9, 16, 55).
cost(9, 17, 78).
cost(9, 18, 81).
cost(9, 19, 71).
cost(9, 20, 64).
cost(10, 1, 83).
cost(10, 2, 74).
cost(10, 3, 81).
cost(10, 4, 74).
cost(10, 5, 58).
cost(10, 6, 51).
cost(10, 7, 44).
cost(10, 8, 55).
cost(10, 9, 8).
cost(10, 11, 15).
cost(10, 12, 19).
cost(10, 13, 56).
cost(10, 14, 60).
cost(10, 15, 59).
cost(10, 16, 53).
cost(10, 17, 85).
cost(10, 18, 87).
cost(10, 19, 78).
cost(10, 20, 71).
cost(11, 1, 97).
cost(11, 2, 88).
cost(11, 3, 94).
cost(11, 4, 87).
cost(11, 5, 64).
cost(11, 6, 56).
cost(11, 7, 51).
cost(11, 8, 64).
cost(11, 9, 15).
cost(11, 10, 15).
cost(11, 12, 20).
cost(11, 13, 71).
cost(11, 14, 75).
cost(11, 15, 74).
cost(11, 16, 68).
cost(11, 17, 90).
cost(11, 18, 94).
cost(11, 19, 84).
cost(11, 20, 77).
cost(12, 1, 84).
cost(12, 2, 74).
cost(12, 3, 80).
cost(12, 4, 74).
cost(12, 5, 44).
cost(12, 6, 36).
cost(12, 7, 32).
cost(12, 8, 45).
cost(12, 9, 11).
cost(12, 10, 19).
cost(12, 11, 20).
cost(12, 13, 67).
cost(12, 14, 70).
cost(12, 15, 66).
cost(12, 16, 61).
cost(12, 17, 70).
cost(12, 18, 74).
cost(12, 19, 64).
cost(12, 20, 57).
cost(13, 1, 45).
cost(13, 2, 42).
cost(13, 3, 49).
cost(13, 4, 42).
cost(13, 5, 75).
cost(13, 6, 76).
cost(13, 7, 64).
cost(13, 8, 64).
cost(13, 9, 60).
cost(13, 10, 56).
cost(13, 11, 71).
cost(13, 12, 67).
cost(13, 14, 4).
cost(13, 15, 14).
cost(13, 16, 10).
cost(13, 17, 98).
cost(13, 18, 91).
cost(13, 19, 89).
cost(13, 20, 82).
cost(14, 1, 41).
cost(14, 2, 39).
cost(14, 3, 46).
cost(14, 4, 40).
cost(14, 5, 75).
cost(14, 6, 78).
cost(14, 7, 66).
cost(14, 8, 64).
cost(14, 9, 63).
cost(14, 10, 60).
cost(14, 11, 75).
cost(14, 12, 70).
cost(14, 13, 4).
cost(14, 15, 12).
cost(14, 16, 11).
cost(14, 17, 98).
cost(14, 18, 91).
cost(14, 19, 89).
cost(14, 20, 83).
cost(15, 1, 31).
cost(15, 2, 27).
cost(15, 3, 35).
cost(15, 4, 28).
cost(15, 5, 65).
cost(15, 6, 69).
cost(15, 7, 57).
cost(15, 8, 54).
cost(15, 9, 61).
cost(15, 10, 59).
cost(15, 11, 74).
cost(15, 12, 66).
cost(15, 13, 14).
cost(15, 14, 12).
cost(15, 16, 7).
cost(15, 17, 87).
cost(15, 18, 79).
cost(15, 19, 78).
cost(15, 20, 71).
cost(16, 1, 38).
cost(16, 2, 33).
cost(16, 3, 41).
cost(16, 4, 33).
cost(16, 5, 65).
cost(16, 6, 67).
cost(16, 7, 55).
cost(16, 8, 54).
cost(16, 9, 55).
cost(16, 10, 53).
cost(16, 11, 68).
cost(16, 12, 61).
cost(16, 13, 10).
cost(16, 14, 11).
cost(16, 15, 7).
cost(16, 17, 88).
cost(16, 18, 81).
cost(16, 19, 79).
cost(16, 20, 72).
cost(17, 1, 78).
cost(17, 2, 70).
cost(17, 3, 68).
cost(17, 4, 69).
cost(17, 5, 28).
cost(17, 6, 34).
cost(17, 7, 42).
cost(17, 8, 35).
cost(17, 9, 78).
cost(17, 10, 85).
cost(17, 11, 90).
cost(17, 12, 70).
cost(17, 13, 98).
cost(17, 14, 98).
cost(17, 15, 87).
cost(17, 16, 88).
cost(17, 18, 14).
cost(17, 19, 9).
cost(17, 20, 16).
cost(18, 1, 66).
cost(18, 2, 59).
cost(18, 3, 56).
cost(18, 4, 58).
cost(18, 5, 30).
cost(18, 6, 40).
cost(18, 7, 43).
cost(18, 8, 33).
cost(18, 9, 81).
cost(18, 10, 87).
cost(18, 11, 94).
cost(18, 12, 74).
cost(18, 13, 91).
cost(18, 14, 91).
cost(18, 15, 79).
cost(18, 16, 81).
cost(18, 17, 14).
cost(18, 19, 12).
cost(18, 20, 17).
cost(19, 1, 69).
cost(19, 2, 61).
cost(19, 3, 60).
cost(19, 4, 60).
cost(19, 5, 20).
cost(19, 6, 28).
cost(19, 7, 34).
cost(19, 8, 26).
cost(19, 9, 71).
cost(19, 10, 78).
cost(19, 11, 84).
cost(19, 12, 64).
cost(19, 13, 89).
cost(19, 14, 89).
cost(19, 15, 78).
cost(19, 16, 79).
cost(19, 17, 9).
cost(19, 18, 12).
cost(19, 20, 7).
cost(20, 1, 65).
cost(20, 2, 57).
cost(20, 3, 56).
cost(20, 4, 56).
cost(20, 5, 13).
cost(20, 6, 22).
cost(20, 7, 27).
cost(20, 8, 19).
cost(20, 9, 64).
cost(20, 10, 71).
cost(20, 11, 77).
cost(20, 12, 57).
cost(20, 13, 82).
cost(20, 14, 83).
cost(20, 15, 71).
cost(20, 16, 72).
cost(20, 17, 16).
cost(20, 18, 17).
cost(20, 19, 7).
