dimension(20).
point(1, 41.5001335757, 73.5313152426).
point(2, 37.7964218136, 72.7893968831).
point(3, 29.5994731778, 79.6340343883).
point(4, 43.3247050776, 80.0138740594).
point(5, 82.2718882272, 57.5000390219).
point(6, 81.7718749757, 53.4851638282).
point(7, 86.0050852972, 46.4564973597).
point(8, 72.7043046034, 51.1439103064).
point(9, 97.6528195547, 5.8420602583).
point(10, 88.5157639728, 12.1699084745).
point(11, 82.1940203576, 0.8035060072).
point(12, 81.2048877341, 2.416816917).
point(13, 39.959381984, 86.0717880945).
point(14, 46.7796606985, 89.8200499466).
point(15, 46.7468789171, 86.6679105344).
point(16, 46.1872821762, 83.8911622815).
point(17, 12.0353045229, 20.1900989296).
point(18, 3.0869641844, 13.9060918109).
point(19, 21.4076893782, 29.1557108691).
point(20, 1.3793218366, 20.1656229681).
cost(1, 2, 4).
cost(1, 3, 13).
cost(1, 4, 7).
cost(1, 5, 44).
cost(1, 6, 45).
cost(1, 7, 52).
cost(1, 8, 38).
cost(1, 9, 88).
cost(1, 10, 77).
cost(1, 11, 83).
cost(1, 12, 81).
cost(1, 13, 13).
cost(1, 14, 17).
cost(1, 15, 14).
cost(1, 16, 11).
cost(1, 17, 61).
cost(1, 18, 71).
cost(1, 19, 49).
cost(1, 20, 67).
cost(2, 1, 4).
cost(2, 3, 11).
cost(2, 4, 9).
cost(2, 5, 47).
cost(2, 6, 48).
cost(2, 7, 55).
cost(2, 8, 41).
cost(2, 9, 90).
cost(2, 10, 79).
cost(2, 11, 85).
cost(2, 12, 83).
cost(2, 13, 13).
cost(2, 14, 19).
cost(2, 15, 17).
cost(2, 16, 14).
cost(2, 17, 59).
cost(2, 18, 68).
cost(2, 19, 47).
cost(2, 20, 64).
cost(3, 1, 13).
cost(3, 2, 11).
cost(3, 4, 14).
cost(3, 5, 57).
cost(3, 6, 58).
cost(3, 7, 65).
cost(3, 8, 52).
cost(3, 9, 100).
cost(3, 10, 90).
cost(3, 11, 95).
cost(3, 12, 93).
cost(3, 13, 12).
cost(3, 14, 20).
cost(3, 15, 19).
cost(3, 16, 17).
cost(3, 17, 62).
cost(3, 18, 71).
cost(3, 19, 51).
cost(3, 20, 66).
cost(4, 1, 7).
cost(4, 2, 9).
cost(4, 3, 14).
cost(4, 5, 45).
cost(4, 6, 47).
cost(4, 7, 54).
cost(4, 8, 41).
cost(4, 9, 92).
cost(4, 10, 82).
cost(4, 11, 88).
cost(4, 12, 86).
cost(4, 13, 7).
cost(4, 14, 10).
cost(4, 15, 7).
cost(4, 16, 5).
cost(4, 17, 68).
cost(4, 18, 77).
cost(4, 19, 55).
cost(4, 20, 73).
cost(5, 1, 44).
cost(5, 2, 47).
cost(5, 3, 57).
cost(5, 4, 45).
cost(5, 6, 4).
cost(5, 7, 12).
cost(5, 8, 11).
cost(5, 9, 54).
cost(5, 10, 46).
cost(5, 11, 57).
cost(5, 12, 55).
cost(5, 13, 51).
cost(5, 14, 48).
cost(5, 15, 46).
cost(5, 16, 45).
cost(5, 17, 80).
cost(5, 18, 90).
cost(5, 19, 67).
cost(5, 20, 89).
cost(6, 1, 45).
cost(6, 2, 48).
cost(6, 3, 58).
cost(6, 4, 47).
cost(6, 5, 4).
cost(6, 7, 8).
cost(6, 8, 9).
cost(6, 9, 50).
cost(6, 10, 42).
cost(6, 11, 53).
cost(6, 12, 51).
cost(6, 13, 53).
cost(6, 14, 50).
cost(6, 15, 48).
cost(6, 16, 47).
cost(6, 17, 77).
cost(6, 18, 88).
cost(6, 19, 65).
cost(6, 20, 87).
cost(7, 1, 52).
cost(7, 2, 55).
cost(7, 3, 65).
cost(7, 4, 54).
cost(7, 5, 12).
cost(7, 6, 8).
cost(7, 8, 14).
cost(7, 9, 42).
cost(7, 10, 34).
cost(7, 11, 46).
cost(7, 12, 44).
cost(7, 13, 61).
cost(7, 14, 58).
cost(7, 15, 56).
cost(7, 16, 55).
cost(7, 17, 78).
cost(7, 18, 89).
cost(7, 19, 67).
cost(7, 20, 89).
cost(8, 1, 38).
cost(8, 2, 41).
cost(8, 3, 52).
cost(8, 4, 41).
cost(8, 5, 11).
cost(8, 6, 9).
cost(8, 7, 14).
cost(8, 9, 52).
cost(8, 10, 42).
cost(8, 11, 51).
cost(8, 12, 49).
cost(8, 13, 48).
cost(8, 14, 47).
cost(8, 15, 44).
cost(8, 16, 42).
cost(8, 17, 68).
cost(8, 18, 79).
cost(8, 19, 56).
cost(8, 20, 78).
cost(9, 1, 88).
cost(9, 2, 90).
cost(9, 3, 100).
cost(9, 4, 92).
cost(9, 5, 54).
cost(9, 6, 50).
cost(9, 7, 42).
cost(9, 8, 52).
cost(9, 10, 11).
cost(9, 11, 16).
cost(9, 12, 17).
cost(9, 13, 99).
cost(9, 14, 98).
cost(9, 15, 96).
cost(9, 16, 93).
cost(9, 17, 87).
cost(9, 18, 95).
cost(9, 19, 80).
cost(9, 20, 97).
cost(10, 1, 77).
cost(10, 2, 79).
cost(10, 3, 90).
cost(10, 4, 82).
cost(10, 5, 46).
cost(10, 6, 42).
cost(10, 7, 34).
cost(10, 8, 42).
cost(10, 9, 11).
cost(10, 11, 13).
cost(10, 12, 12).
cost(10, 13, 88).
cost(10, 14, 88).
cost(10, 15, 85).
cost(10, 16, 83).
cost(10, 17, 77).
cost(10, 18, 85).
cost(10, 19, 69).
cost(10, 20, 88).
cost(11, 1, 83).
cost(11, 2, 85).
cost(11, 3, 95).
cost(11, 4, 88).
cost(11, 5, 57).
cost(11, 6, 53).
cost(11, 7, 46).
cost(11, 8, 51).
cost(11, 9, 16).
cost(11, 10, 13).
cost(11, 12, 2).
cost(11, 13, 95).
cost(11, 14, 96).
cost(11, 15, 93).
cost(11, 16, 91).
cost(11, 17, 73).
cost(11, 18, 80).
cost(11, 19, 67).
cost(11, 20, 83).
cost(12, 1, 81).
cost(12, 2, 83).
cost(12, 3, 93).
cost(12, 4, 86).
cost(12, 5, 55).
cost(12, 6, 51).
cost(12, 7, 44).
cost(12, 8, 49).
cost(12, 9, 17).
cost(12, 10, 12).
cost(12, 11, 2).
cost(12, 13, 93).
cost(12, 14, 94).
cost(12, 15, 91).
cost(12, 16, 89).
cost(12, 17, 71).
cost(12, 18, 79).
cost(12, 19, 66).
cost(12, 20, 82).
cost(13, 1, 13).
cost(13, 2, 13).
cost(13, 3, 12).
cost(13, 4, 7).
cost(13, 5, 51).
cost(13, 6, 53).
cost(13, 7, 61).
cost(13, 8, 48).
cost(13, 9, 99).
cost(13, 10, 88).
cost(13, 11, 95).
cost(13, 12, 93).
cost(13, 14, 8).
cost(13, 15, 7).
cost(13, 16, 7).
cost(13, 17, 72).
cost(13, 18, 81).
cost(13, 19, 60).
cost(13, 20, 76).
cost(14, 1, 17).
cost(14, 2, 19).
cost(14, 3, 20).
cost(14, 4, 10).
cost(14, 5, 48).
cost(14, 6, 50).
cost(14, 7, 58).
cost(14, 8, 47).
cost(14, 9, 98).
cost(14, 10, 88).
cost(14, 11, 96).
cost(14, 12, 94).
cost(14, 13, 8).
cost(14, 15, 3).
cost(14, 16, 6).
cost(14, 17, 78).
cost(14, 18, 88).
cost(14, 19, 66).
cost(14, 20, 83).
cost(15, 1, 14).
cost(15, 2, 17).
cost(15, 3, 19).
cost(15, 4, 7).
cost(15, 5, 46).
cost(15, 6, 48).
cost(15, 7, 56).
cost(15, 8, 44).
cost(15, 9, 96).
cost(15, 10, 85).
cost(15, 11, 93).
cost(15, 12, 91).
cost(15, 13, 7).
cost(15, 14, 3).
cost(15, 16, 3).
cost(15, 17, 75).
cost(15, 18, 85).
cost(15, 19, 63).
cost(15, 20, 81).
cost(16, 1, 11).
cost(16, 2, 14).
cost(16, 3, 17).
cost(16, 4, 5).
cost(16, 5, 45).
cost(16, 6, 47).
cost(16, 7, 55).
cost(16, 8, 42).
cost(16, 9, 93).
cost(16, 10, 83).
cost(16, 11, 91).
cost(16, 12, 89).
cost(16, 13, 7).
cost(16, 14, 6).
cost(16, 15, 3).
cost(16, 17, 72).
cost(16, 18, 82).
cost(16, 19, 60).
cost(16, 20, 78).
cost(17, 1, 61).
cost(17, 2, 59).
cost(17, 3, 62).
cost(17, 4, 68).
cost(17, 5, 80).
cost(17, 6, 77).
cost(17, 7, 78).
cost(17, 8, 68).
cost(17, 9, 87).
cost(17, 10, 77).
cost(17, 11, 73).
cost(17, 12, 71).
cost(17, 13, 72).
cost(17, 14, 78).
cost(17, 15, 75).
cost(17, 16, 72).
cost(17, 18, 11).
cost(17, 19, 13).
cost(17, 20, 11).
cost(18, 1, 71).
cost(18, 2, 68).
cost(18, 3, 71).
cost(18, 4, 77).
cost(18, 5, 90).
cost(18, 6, 88).
cost(18, 7, 89).
cost(18, 8, 79).
cost(18, 9, 95).
cost(18, 10, 85).
cost(18, 11, 80).
cost(18, 12, 79).
cost(18, 13, 81).
cost(18, 14, 88).
cost(18, 15, 85).
cost(18, 16, 82).
cost(18, 17, 11).
cost(18, 19, 24).
cost(18, 20, 6).
cost(19, 1, 49).
cost(19, 2, 47).
cost(19, 3, 51).
cost(19, 4, 55).
cost(19, 5, 67).
cost(19, 6, 65).
cost(19, 7, 67).
cost(19, 8, 56).
cost(19, 9, 80).
cost(19, 10, 69).
cost(19, 11, 67).
cost(19, 12, 66).
cost(19, 13, 60).
cost(19, 14, 66).
cost(19, 15, 63).
cost(19, 16, 60).
cost(19, 17, 13).
cost(19, 18, 24).
cost(19, 20, 22).
cost(20, 1, 67).
cost(20, 2, 64).
cost(20, 3, 66).
cost(20, 4, 73).
cost(20, 5, 89).
cost(20, 6, 87).
cost(20, 7, 89).
cost(20, 8, 78).
cost(20, 9, 97).
cost(20, 10, 88).
cost(20, 11, 83).
cost(20, 12, 82).
cost(20, 13, 76).
cost(20, 14, 83).
cost(20, 15, 81).
cost(20, 16, 78).
cost(20, 17, 11).
cost(20, 18, 6).
cost(20, 19, 22).
