dimension(20).
point(1, 42.9792788073, 69.3977385333).
point(2, 46.3982636591, 63.1167707898).
point(3, 54.9411457983, 60.8091117177).
point(4, 52.5245684101, 53.5940691913).
point(5, 31.8946940589, 72.68026958).
point(6, 25.1626189295, 75.8872948464).
point(7, 36.6743786559, 80.0749448168).
point(8, 21.3180194081, 74.0298795077).
point(9, 63.3281662376, 90.8476472232).
point(10, 52.1311333464, 89.8564151599).
point(11, 57.3906424155, 88.5227807698).
point(12, 66.7549271283, 92.0168213323).
point(13, 98.1757317509, 14.9107048959).
point(14, 99.6675247818, 22.4558038058).
point(15, 93.2532172818, 5.6449030993).
point(16, 95.1967908168, 14.8674249441).
point(17, 11.6501012405, 39.4316609714).
point(18, 13.0991477058, 20.5476128387).
point(19, 22.9827373766, 27.9812267935).
point(20, 12.7158961152, 33.3098227785).
cost(1, 2, 7).
cost(1, 3, 15).
cost(1, 4, 18).
cost(1, 5, 12).
cost(1, 6, 19).
cost(1, 7, 12).
cost(1, 8, 22).
cost(1, 9, 30).
cost(1, 10, 22).
cost(1, 11, 24).
cost(1, 12, 33).
cost(1, 13, 78).
cost(1, 14, 74).
cost(1, 15, 81).
cost(1, 16, 75).
cost(1, 17, 43).
cost(1, 18, 57).
cost(1, 19, 46).
cost(1, 20, 47).
cost(2, 1, 7).
cost(2, 3, 9).
cost(2, 4, 11).
cost(2, 5, 17).
cost(2, 6, 25).
cost(2, 7, 20).
cost(2, 8, 27).
cost(2, 9, 32).
cost(2, 10, 27).
cost(2, 11, 28).
cost(2, 12, 35).
cost(2, 13, 71).
cost(2, 14, 67).
cost(2, 15, 74).
cost(2, 16, 69).
cost(2, 17, 42).
cost(2, 18, 54).
cost(2, 19, 42).
cost(2, 20, 45).
cost(3, 1, 15).
cost(3, 2, 9).
cost(3, 4, 8).
cost(3, 5, 26).
cost(3, 6, 33).
cost(3, 7, 27).
cost(3, 8, 36).
cost(3, 9, 31).
cost(3, 10, 29).
cost(3, 11, 28).
cost(3, 12, 33).
cost(3, 13, 63).
cost(3, 14, 59).
cost(3, 15, 67).
cost(3, 16, 61).
cost(3, 17, 48).
cost(3, 18, 58).
cost(3, 19, 46).
cost(3, 20, 50).
cost(4, 1, 18).
cost(4, 2, 11).
cost(4, 3, 8).
cost(4, 5, 28).
cost(4, 6, 35).
cost(4, 7, 31).
cost(4, 8, 37).
cost(4, 9, 39).
cost(4, 10, 36).
cost(4, 11, 35).
cost(4, 12, 41).
cost(4, 13, 60).
cost(4, 14, 56).
cost(4, 15, 63).
cost(4, 16, 58).
cost(4, 17, 43).
cost(4, 18, 51).
cost(4, 19, 39).
cost(4, 20, 45).
cost(5, 1, 12).
cost(5, 2, 17).
cost(5, 3, 26).
cost(5, 4, 28).
cost(5, 6, 7).
cost(5, 7, 9).
cost(5, 8, 11).
cost(5, 9, 36).
cost(5, 10, 27).
cost(5, 11, 30).
cost(5, 12, 40).
cost(5, 13, 88).
cost(5, 14, 84).
cost(5, 15, 91).
cost(5, 16, 86).
cost(5, 17, 39).
cost(5, 18, 55).
cost(5, 19, 46).
cost(5, 20, 44).
cost(6, 1, 19).
cost(6, 2, 25).
cost(6, 3, 33).
cost(6, 4, 35).
cost(6, 5, 7).
cost(6, 7, 12).
cost(6, 8, 4).
cost(6, 9, 41).
cost(6, 10, 30).
cost(6, 11, 35).
cost(6, 12, 45).
cost(6, 13, 95).
cost(6, 14, 92).
cost(6, 15, 98).
cost(6, 16, 93).
cost(6, 17, 39).
cost(6, 18, 57).
cost(6, 19, 48).
cost(6, 20, 44).
cost(7, 1, 12).
cost(7, 2, 20).
cost(7, 3, 27).
cost(7, 4, 31).
cost(7, 5, 9).
cost(7, 6, 12).
cost(7, 8, 17).
cost(7, 9, 29).
cost(7, 10, 18).
cost(7, 11, 22).
cost(7, 12, 32).
cost(7, 13, 90).
cost(7, 14, 85).
cost(7, 15, 93).
cost(7, 16, 88).
cost(7, 17, 48).
cost(7, 18, 64).
cost(7, 19, 54).
cost(7, 20, 53).
cost(8, 1, 22).
cost(8, 2, 27).
cost(8, 3, 36).
cost(8, 4, 37).
cost(8, 5, 11).
cost(8, 6, 4).
cost(8, 7, 17).
cost(8, 9, 45).
cost(8, 10, 35).
cost(8, 11, 39).
cost(8, 12, 49).
cost(8, 13, 97).
cost(8, 14, 94).
cost(8, 15, 99).
cost(8, 16, 95).
cost(8, 17, 36).
cost(8, 18, 54).
cost(8, 19, 46).
cost(8, 20, 42).
cost(9, 1, 30).
cost(9, 2, 32).
cost(9, 3, 31).
cost(9, 4, 39).
cost(9, 5, 36).
cost(9, 6, 41).
cost(9, 7, 29).
cost(9, 8, 45).
cost(9, 10, 11).
cost(9, 11, 6).
cost(9, 12, 4).
cost(9, 13, 84).
cost(9, 14, 77).
cost(9, 15, 90).
cost(9, 16, 82).
cost(9, 17, 73).
cost(9, 18, 86).
cost(9, 19, 75).
cost(9, 20, 77).
cost(10, 1, 22).
cost(10, 2, 27).
cost(10, 3, 29).
cost(10, 4, 36).
cost(10, 5, 27).
cost(10, 6, 30).
cost(10, 7, 18).
cost(10, 8, 35).
cost(10, 9, 11).
cost(10, 11, 5).
cost(10, 12, 15).
cost(10, 13, 88).
cost(10, 14, 82).
cost(10, 15, 94).
cost(10, 16, 86).
cost(10, 17, 65).
cost(10, 18, 80).
cost(10, 19, 68).
cost(10, 20, 69).
cost(11, 1, 24).
cost(11, 2, 28).
cost(11, 3, 28).
cost(11, 4, 35).
cost(11, 5, 30).
cost(11, 6, 35).
cost(11, 7, 22).
cost(11, 8, 39).
cost(11, 9, 6).
cost(11, 10, 5).
cost(11, 12, 10).
cost(11, 13, 84).
cost(11, 14, 78).
cost(11, 15, 90).
cost(11, 16, 83).
cost(11, 17, 67).
cost(11, 18, 81).
cost(11, 19, 70).
cost(11, 20, 71).
cost(12, 1, 33).
cost(12, 2, 35).
cost(12, 3, 33).
cost(12, 4, 41).
cost(12, 5, 40).
cost(12, 6, 45).
cost(12, 7, 32).
cost(12, 8, 49).
cost(12, 9, 4).
cost(12, 10, 15).
cost(12, 11, 10).
cost(12, 13, 83).
cost(12, 14, 77).
cost(12, 15, 90).
cost(12, 16, 82).
cost(12, 17, 76).
cost(12, 18, 89).
cost(12, 19, 78).
cost(12, 20, 80).
cost(13, 1, 78).
cost(13, 2, 71).
cost(13, 3, 63).
cost(13, 4, 60).
cost(13, 5, 88).
cost(13, 6, 95).
cost(13, 7, 90).
cost(13, 8, 97).
cost(13, 9, 84).
cost(13, 10, 88).
cost(13, 11, 84).
cost(13, 12, 83).
cost(13, 14, 8).
cost(13, 15, 10).
cost(13, 16, 3).
cost(13, 17, 90).
cost(13, 18, 85).
cost(13, 19, 76).
cost(13, 20, 87).
cost(14, 1, 74).
cost(14, 2, 67).
cost(14, 3, 59).
cost(14, 4, 56).
cost(14, 5, 84).
cost(14, 6, 92).
cost(14, 7, 85).
cost(14, 8, 94).
cost(14, 9, 77).
cost(14, 10, 82).
cost(14, 11, 78).
cost(14, 12, 77).
cost(14, 13, 8).
cost(14, 15, 18).
cost(14, 16, 9).
cost(14, 17, 90).
cost(14, 18, 87).
cost(14, 19, 77).
cost(14, 20, 88).
cost(15, 1, 81).
cost(15, 2, 74).
cost(15, 3, 67).
cost(15, 4, 63).
cost(15, 5, 91).
cost(15, 6, 98).
cost(15, 7, 93).
cost(15, 8, 99).
cost(15, 9, 90).
cost(15, 10, 94).
cost(15, 11, 90).
cost(15, 12, 90).
cost(15, 13, 10).
cost(15, 14, 18).
cost(15, 16, 9).
cost(15, 17, 88).
cost(15, 18, 82).
cost(15, 19, 74).
cost(15, 20, 85).
cost(16, 1, 75).
cost(16, 2, 69).
cost(16, 3, 61).
cost(16, 4, 58).
cost(16, 5, 86).
cost(16, 6, 93).
cost(16, 7, 88).
cost(16, 8, 95).
cost(16, 9, 82).
cost(16, 10, 86).
cost(16, 11, 83).
cost(16, 12, 82).
cost(16, 13, 3).
cost(16, 14, 9).
cost(16, 15, 9).
cost(16, 17, 87).
cost(16, 18, 82).
cost(16, 19, 73).
cost(16, 20, 85).
cost(17, 1, 43).
cost(17, 2, 42).
cost(17, 3, 48).
cost(17, 4, 43).
cost(17, 5, 39).
cost(17, 6, 39).
cost(17, 7, 48).
cost(17, 8, 36).
cost(17, 9, 73).
cost(17, 10, 65).
cost(17, 11, 67).
cost(17, 12, 76).
cost(17, 13, 90).
cost(17, 14, 90).
cost(17, 15, 88).
cost(17, 16, 87).
cost(17, 18, 19).
cost(17, 19, 16).
cost(17, 20, 6).
cost(18, 1, 57).
cost(18, 2, 54).
cost(18, 3, 58).
cost(18, 4, 51).
cost(18, 5, 55).
cost(18, 6, 57).
cost(18, 7, 64).
cost(18, 8, 54).
cost(18, 9, 86).
cost(18, 10, 80).
cost(18, 11, 81).
cost(18, 12, 89).
cost(18, 13, 85).
cost(18, 14, 87).
cost(18, 15, 82).
cost(18, 16, 82).
cost(18, 17, 19).
cost(18, 19, 12).
cost(18, 20, 13).
cost(19, 1, 46).
cost(19, 2, 42).
cost(19, 3, 46).
cost(19, 4, 39).
cost(19, 5, 46).
cost(19, 6, 48).
cost(19, 7, 54).
cost(19, 8, 46).
cost(19, 9, 75).
cost(19, 10, 68).
cost(19, 11, 70).
cost(19, 12, 78).
cost(19, 13, 76).
cost(19, 14, 77).
cost(19, 15, 74).
cost(19, 16, 73).
cost(19, 17, 16).
cost(19, 18, 12).
cost(19, 20, 12).
cost(20, 1, 47).
cost(20, 2, 45).
cost(20, 3, 50).
cost(20, 4, 45).
cost(20, 5, 44).
cost(20, 6, 44).
cost(20, 7, 53).
cost(20, 8, 42).
cost(20, 9, 77).
cost(20, 10, 69).
cost(20, 11, 71).
cost(20, 12, 80).
cost(20, 13, 87).
cost(20, 14, 88).
cost(20, 15, 85).
cost(20, 16, 85).
cost(20, 17, 6).
cost(20, 18, 13).
cost(20, 19, 12).
