dimension(20).
point(1, 619678.0, 595351.0).
point(2, 166404.0, 772327.0).
point(3, 657860.0, 879464.0).
point(4, 411123.0, 228467.0).
point(5, 774810.0, 745661.0).
point(6, 149681.0, 396872.0).
point(7, 504680.0, 133977.0).
point(8, 163657.0, 640033.0).
point(9, 192210.0, 740681.0).
point(10, 493301.0, 349417.0).
point(11, 127086.0, 129350.0).
point(12, 764140.0, 678550.0).
point(13, 756821.0, 67639.0).
point(14, 105553.0, 202473.0).
point(15, 707113.0, 930454.0).
point(16, 13735.0, 180468.0).
point(17, 363448.0, 8843.0).
point(18, 469481.0, 131826.0).
point(19, 957124.0, 451328.0).
point(20, 616558.0, 317101.0).
cost(1, 2, 486598).
cost(1, 3, 286667).
cost(1, 4, 422018).
cost(1, 5, 216007).
cost(1, 6, 510187).
cost(1, 7, 475490).
cost(1, 8, 458205).
cost(1, 9, 451497).
cost(1, 10, 276504).
cost(1, 11, 678088).
cost(1, 12, 166707).
cost(1, 13, 545241).
cost(1, 14, 647053).
cost(1, 15, 346322).
cost(1, 16, 734367).
cost(1, 17, 640036).
cost(1, 18, 487252).
cost(1, 19, 366896).
cost(1, 20, 278267).
cost(2, 1, 486598).
cost(2, 3, 502998).
cost(2, 4, 596382).
cost(2, 5, 608990).
cost(2, 6, 375827).
cost(2, 7, 722441).
cost(2, 8, 132323).
cost(2, 9, 40834).
cost(2, 10, 534523).
cost(2, 11, 644178).
cost(2, 12, 605047).
cost(2, 13, 919335).
cost(2, 14, 573094).
cost(2, 15, 563356).
cost(2, 16, 611232).
cost(2, 17, 788501).
cost(2, 18, 708588).
cost(2, 19, 853392).
cost(2, 20, 640210).
cost(3, 1, 286667).
cost(3, 2, 502998).
cost(3, 4, 696187).
cost(3, 5, 177709).
cost(3, 6, 700814).
cost(3, 7, 761062).
cost(3, 8, 549148).
cost(3, 9, 485892).
cost(3, 10, 555004).
cost(3, 11, 918908).
cost(3, 12, 227292).
cost(3, 13, 817834).
cost(3, 14, 873705).
cost(3, 15, 70893).
cost(3, 16, 950522).
cost(3, 17, 919054).
cost(3, 18, 771005).
cost(3, 19, 522359).
cost(3, 20, 563878).
cost(4, 1, 422018).
cost(4, 2, 596382).
cost(4, 3, 696187).
cost(4, 5, 632264).
cost(4, 6, 310986).
cost(4, 7, 132971).
cost(4, 8, 480235).
cost(4, 9, 557033).
cost(4, 10, 146226).
cost(4, 11, 300834).
cost(4, 12, 572010).
cost(4, 13, 381278).
cost(4, 14, 306674).
cost(4, 15, 761837).
cost(4, 16, 400276).
cost(4, 17, 224739).
cost(4, 18, 112894).
cost(4, 19, 589732).
cost(4, 20, 223740).
cost(5, 1, 216007).
cost(5, 2, 608990).
cost(5, 3, 177709).
cost(5, 4, 632264).
cost(5, 6, 715849).
cost(5, 7, 668676).
cost(5, 8, 620214).
cost(5, 9, 582621).
cost(5, 10, 486062).
cost(5, 11, 894084).
cost(5, 12, 67954).
cost(5, 13, 678261).
cost(5, 14, 861950).
cost(5, 15, 196803).
cost(5, 16, 947986).
cost(5, 17, 843872).
cost(5, 18, 685579).
cost(5, 19, 346223).
cost(5, 20, 456845).
cost(6, 1, 510187).
cost(6, 2, 375827).
cost(6, 3, 700814).
cost(6, 4, 310986).
cost(6, 5, 715849).
cost(6, 7, 441744).
cost(6, 8, 243562).
cost(6, 9, 346429).
cost(6, 10, 346881).
cost(6, 11, 268474).
cost(6, 12, 675946).
cost(6, 13, 690662).
cost(6, 14, 199345).
cost(6, 15, 771648).
cost(6, 16, 255562).
cost(6, 17, 443016).
cost(6, 18, 415357).
cost(6, 19, 809277).
cost(6, 20, 473643).
cost(7, 1, 475490).
cost(7, 2, 722441).
cost(7, 3, 761062).
cost(7, 4, 132971).
cost(7, 5, 668676).
cost(7, 6, 441744).
cost(7, 8, 610237).
cost(7, 9, 682442).
cost(7, 10, 215740).
cost(7, 11, 377622).
cost(7, 12, 603224).
cost(7, 13, 260722).
cost(7, 14, 404962).
cost(7, 15, 821800).
cost(7, 16, 493141).
cost(7, 17, 188693).
cost(7, 18, 35265).
cost(7, 19, 552646).
cost(7, 20, 214595).
cost(8, 1, 458205).
cost(8, 2, 132323).
cost(8, 3, 549148).
cost(8, 4, 480235).
cost(8, 5, 620214).
cost(8, 6, 243562).
cost(8, 7, 610237).
cost(8, 9, 104620).
cost(8, 10, 439457).
cost(8, 11, 511991).
cost(8, 12, 601717).
cost(8, 13, 824305).
cost(8, 14, 441401).
cost(8, 15, 616189).
cost(8, 16, 483401).
cost(8, 17, 662055).
cost(8, 18, 593130).
cost(8, 19, 815598).
cost(8, 20, 556241).
cost(9, 1, 451497).
cost(9, 2, 40834).
cost(9, 3, 485892).
cost(9, 4, 557033).
cost(9, 5, 582621).
cost(9, 6, 346429).
cost(9, 7, 682442).
cost(9, 8, 104620).
cost(9, 10, 493704).
cost(9, 11, 614790).
cost(9, 12, 575295).
cost(9, 13, 878505).
cost(9, 14, 545140).
cost(9, 15, 548761).
cost(9, 16, 587956).
cost(9, 17, 751604).
cost(9, 18, 669017).
cost(9, 19, 817813).
cost(9, 20, 599576).
cost(10, 1, 276504).
cost(10, 2, 534523).
cost(10, 3, 555004).
cost(10, 4, 146226).
cost(10, 5, 486062).
cost(10, 6, 346881).
cost(10, 7, 215740).
cost(10, 8, 439457).
cost(10, 9, 493704).
cost(10, 11, 427250).
cost(10, 12, 426242).
cost(10, 13, 385800).
cost(10, 14, 414658).
cost(10, 15, 619128).
cost(10, 16, 508456).
cost(10, 17, 364489).
cost(10, 18, 218891).
cost(10, 19, 474887).
cost(10, 20, 127423).
cost(11, 1, 678088).
cost(11, 2, 644178).
cost(11, 3, 918908).
cost(11, 4, 300834).
cost(11, 5, 894084).
cost(11, 6, 268474).
cost(11, 7, 377622).
cost(11, 8, 511991).
cost(11, 9, 614790).
cost(11, 10, 427250).
cost(11, 12, 841105).
cost(11, 13, 632751).
cost(11, 14, 76228).
cost(11, 15, 989039).
cost(11, 16, 124344).
cost(11, 17, 265309).
cost(11, 18, 342404).
cost(11, 19, 890299).
cost(11, 20, 524245).
cost(12, 1, 166707).
cost(12, 2, 605047).
cost(12, 3, 227292).
cost(12, 4, 572010).
cost(12, 5, 67954).
cost(12, 6, 675946).
cost(12, 7, 603224).
cost(12, 8, 601717).
cost(12, 9, 575295).
cost(12, 10, 426242).
cost(12, 11, 841105).
cost(12, 13, 610955).
cost(12, 14, 812641).
cost(12, 15, 258278).
cost(12, 16, 900663).
cost(12, 17, 780424).
cost(12, 18, 621073).
cost(12, 19, 298115).
cost(12, 20, 390418).
cost(13, 1, 545241).
cost(13, 2, 919335).
cost(13, 3, 817834).
cost(13, 4, 381278).
cost(13, 5, 678261).
cost(13, 6, 690662).
cost(13, 7, 260722).
cost(13, 8, 824305).
cost(13, 9, 878505).
cost(13, 10, 385800).
cost(13, 11, 632751).
cost(13, 12, 610955).
cost(13, 14, 665079).
cost(13, 15, 864246).
cost(13, 16, 751603).
cost(13, 17, 397743).
cost(13, 18, 294422).
cost(13, 19, 432826).
cost(13, 20, 286190).
cost(14, 1, 647053).
cost(14, 2, 573094).
cost(14, 3, 873705).
cost(14, 4, 306674).
cost(14, 5, 861950).
cost(14, 6, 199345).
cost(14, 7, 404962).
cost(14, 8, 441401).
cost(14, 9, 545140).
cost(14, 10, 414658).
cost(14, 11, 76228).
cost(14, 12, 812641).
cost(14, 13, 665079).
cost(14, 15, 944368).
cost(14, 16, 94418).
cost(14, 17, 322494).
cost(14, 18, 370722).
cost(14, 19, 887188).
cost(14, 20, 523704).
cost(15, 1, 346322).
cost(15, 2, 563356).
cost(15, 3, 70893).
cost(15, 4, 761837).
cost(15, 5, 196803).
cost(15, 6, 771648).
cost(15, 7, 821800).
cost(15, 8, 616189).
cost(15, 9, 548761).
cost(15, 10, 619128).
cost(15, 11, 989039).
cost(15, 12, 258278).
cost(15, 13, 864246).
cost(15, 14, 944368).
cost(15, 16, 1021397).
cost(15, 17, 983602).
cost(15, 18, 833232).
cost(15, 19, 540432).
cost(15, 20, 620002).
cost(16, 1, 734367).
cost(16, 2, 611232).
cost(16, 3, 950522).
cost(16, 4, 400276).
cost(16, 5, 947986).
cost(16, 6, 255562).
cost(16, 7, 493141).
cost(16, 8, 483401).
cost(16, 9, 587956).
cost(16, 10, 508456).
cost(16, 11, 124344).
cost(16, 12, 900663).
cost(16, 13, 751603).
cost(16, 14, 94418).
cost(16, 15, 1021397).
cost(16, 17, 389557).
cost(16, 18, 458334).
cost(16, 19, 981503).
cost(16, 20, 618113).
cost(17, 1, 640036).
cost(17, 2, 788501).
cost(17, 3, 919054).
cost(17, 4, 224739).
cost(17, 5, 843872).
cost(17, 6, 443016).
cost(17, 7, 188693).
cost(17, 8, 662055).
cost(17, 9, 751604).
cost(17, 10, 364489).
cost(17, 11, 265309).
cost(17, 12, 780424).
cost(17, 13, 397743).
cost(17, 14, 322494).
cost(17, 15, 983602).
cost(17, 16, 389557).
cost(17, 18, 162382).
cost(17, 19, 740435).
cost(17, 20, 398858).
cost(18, 1, 487252).
cost(18, 2, 708588).
cost(18, 3, 771005).
cost(18, 4, 112894).
cost(18, 5, 685579).
cost(18, 6, 415357).
cost(18, 7, 35265).
cost(18, 8, 593130).
cost(18, 9, 669017).
cost(18, 10, 218891).
cost(18, 11, 342404).
cost(18, 12, 621073).
cost(18, 13, 294422).
cost(18, 14, 370722).
cost(18, 15, 833232).
cost(18, 16, 458334).
cost(18, 17, 162382).
cost(18, 19, 582990).
cost(18, 20, 236555).
cost(19, 1, 366896).
cost(19, 2, 853392).
cost(19, 3, 522359).
cost(19, 4, 589732).
cost(19, 5, 346223).
cost(19, 6, 809277).
cost(19, 7, 552646).
cost(19, 8, 815598).
cost(19, 9, 817813).
cost(19, 10, 474887).
cost(19, 11, 890299).
cost(19, 12, 298115).
cost(19, 13, 432826).
cost(19, 14, 887188).
cost(19, 15, 540432).
cost(19, 16, 981503).
cost(19, 17, 740435).
cost(19, 18, 582990).
cost(19, 20, 366063).
cost(20, 1, 278267).
cost(20, 2, 640210).
cost(20, 3, 563878).
cost(20, 4, 223740).
cost(20, 5, 456845).
cost(20, 6, 473643).
cost(20, 7, 214595).
cost(20, 8, 556241).
cost(20, 9, 599576).
cost(20, 10, 127423).
cost(20, 11, 524245).
cost(20, 12, 390418).
cost(20, 13, 286190).
cost(20, 14, 523704).
cost(20, 15, 620002).
cost(20, 16, 618113).
cost(20, 17, 398858).
cost(20, 18, 236555).
cost(20, 19, 366063).
