dimension(20).
point(1, 495521.0, 519235.0).
point(2, 669037.0, 558814.0).
point(3, 878723.0, 325510.0).
point(4, 221668.0, 195196.0).
point(5, 981736.0, 169628.0).
point(6, 941045.0, 312818.0).
point(7, 781432.0, 721112.0).
point(8, 772965.0, 693354.0).
point(9, 612781.0, 542177.0).
point(10, 836241.0, 797183.0).
point(11, 857671.0, 505822.0).
point(12, 421221.0, 342492.0).
point(13, 177888.0, 288116.0).
point(14, 264503.0, 692597.0).
point(15, 200746.0, 987130.0).
point(16, 454389.0, 458341.0).
point(17, 665278.0, 691670.0).
point(18, 996711.0, 16381.0).
point(19, 662626.0, 403416.0).
point(20, 814752.0, 538557.0).
cost(1, 2, 177973).
cost(1, 3, 429387).
cost(1, 4, 424260).
cost(1, 5, 598857).
cost(1, 6, 491019).
cost(1, 7, 349999).
cost(1, 8, 327555).
cost(1, 9, 119483).
cost(1, 10, 439710).
cost(1, 11, 362398).
cost(1, 12, 191725).
cost(1, 13, 392819).
cost(1, 14, 288832).
cost(1, 15, 553008).
cost(1, 16, 73484).
cost(1, 17, 241974).
cost(1, 18, 709967).
cost(1, 19, 203318).
cost(1, 20, 319815).
cost(2, 1, 177973).
cost(2, 3, 313686).
cost(2, 4, 576504).
cost(2, 5, 499246).
cost(2, 6, 366746).
cost(2, 7, 197417).
cost(2, 8, 170006).
cost(2, 9, 58665).
cost(2, 10, 291165).
cost(2, 11, 195936).
cost(2, 12, 328950).
cost(2, 13, 560807).
cost(2, 14, 426082).
cost(2, 15, 634627).
cost(2, 16, 236999).
cost(2, 17, 132909).
cost(2, 18, 633722).
cost(2, 19, 155530).
cost(2, 20, 147116).
cost(3, 1, 429387).
cost(3, 2, 313686).
cost(3, 4, 669853).
cost(3, 5, 186845).
cost(3, 6, 63601).
cost(3, 7, 407390).
cost(3, 8, 382745).
cost(3, 9, 343030).
cost(3, 10, 473582).
cost(3, 11, 181537).
cost(3, 12, 457817).
cost(3, 13, 701832).
cost(3, 14, 715555).
cost(3, 15, 947309).
cost(3, 16, 444639).
cost(3, 17, 423830).
cost(3, 18, 330881).
cost(3, 19, 229711).
cost(3, 20, 222444).
cost(4, 1, 424260).
cost(4, 2, 576504).
cost(4, 3, 669853).
cost(4, 5, 760498).
cost(4, 6, 728929).
cost(4, 7, 768065).
cost(4, 8, 743027).
cost(4, 9, 522843).
cost(4, 10, 860284).
cost(4, 11, 707805).
cost(4, 12, 248027).
cost(4, 13, 102717).
cost(4, 14, 499242).
cost(4, 15, 792210).
cost(4, 16, 351290).
cost(4, 17, 665790).
cost(4, 18, 795403).
cost(4, 19, 487647).
cost(4, 20, 685307).
cost(5, 1, 598857).
cost(5, 2, 499246).
cost(5, 3, 186845).
cost(5, 4, 760498).
cost(5, 6, 148859).
cost(5, 7, 586734).
cost(5, 8, 563803).
cost(5, 9, 524329).
cost(5, 10, 644200).
cost(5, 11, 358355).
cost(5, 12, 586565).
cost(5, 13, 812534).
cost(5, 14, 887648).
cost(5, 15, 1130599).
cost(5, 16, 601207).
cost(5, 17, 610470).
cost(5, 18, 153977).
cost(5, 19, 395586).
cost(5, 20, 404960).
cost(6, 1, 491019).
cost(6, 2, 366746).
cost(6, 3, 63601).
cost(6, 4, 728929).
cost(6, 5, 148859).
cost(6, 7, 438384).
cost(6, 8, 416003).
cost(6, 9, 400453).
cost(6, 10, 495574).
cost(6, 11, 210242).
cost(6, 12, 520670).
cost(6, 13, 763557).
cost(6, 14, 775849).
cost(6, 15, 1001369).
cost(6, 16, 507948).
cost(6, 17, 468590).
cost(6, 18, 301618).
cost(6, 19, 292789).
cost(6, 20, 258666).
cost(7, 1, 349999).
cost(7, 2, 197417).
cost(7, 3, 407390).
cost(7, 4, 768065).
cost(7, 5, 586734).
cost(7, 6, 438384).
cost(7, 8, 29021).
cost(7, 9, 245888).
cost(7, 10, 93759).
cost(7, 11, 228390).
cost(7, 12, 522595).
cost(7, 13, 742799).
cost(7, 14, 517715).
cost(7, 15, 638719).
cost(7, 16, 419530).
cost(7, 17, 119827).
cost(7, 18, 736879).
cost(7, 19, 339184).
cost(7, 20, 185571).
cost(8, 1, 327555).
cost(8, 2, 170006).
cost(8, 3, 382745).
cost(8, 4, 743027).
cost(8, 5, 563803).
cost(8, 6, 416003).
cost(8, 7, 29021).
cost(8, 9, 220258).
cost(8, 10, 121591).
cost(8, 11, 205775).
cost(8, 12, 496818).
cost(8, 13, 719954).
cost(8, 14, 508463).
cost(8, 15, 643225).
cost(8, 16, 395881).
cost(8, 17, 107700).
cost(8, 18, 712990).
cost(8, 19, 310224).
cost(8, 20, 160338).
cost(9, 1, 119483).
cost(9, 2, 58665).
cost(9, 3, 343030).
cost(9, 4, 522843).
cost(9, 5, 524329).
cost(9, 6, 400453).
cost(9, 7, 245888).
cost(9, 8, 220258).
cost(9, 10, 339061).
cost(9, 11, 247574).
cost(9, 12, 276712).
cost(9, 13, 503665).
cost(9, 14, 379373).
cost(9, 15, 606429).
cost(9, 16, 179211).
cost(9, 17, 158443).
cost(9, 18, 651048).
cost(9, 19, 147442).
cost(9, 20, 202003).
cost(10, 1, 439710).
cost(10, 2, 291165).
cost(10, 3, 473582).
cost(10, 4, 860284).
cost(10, 5, 644200).
cost(10, 6, 495574).
cost(10, 7, 93759).
cost(10, 8, 121591).
cost(10, 9, 339061).
cost(10, 11, 292148).
cost(10, 12, 615618).
cost(10, 13, 832213).
cost(10, 14, 581225).
cost(10, 15, 663275).
cost(10, 16, 510514).
cost(10, 17, 200901).
cost(10, 18, 797121).
cost(10, 19, 430342).
cost(10, 20, 259517).
cost(11, 1, 362398).
cost(11, 2, 195936).
cost(11, 3, 181537).
cost(11, 4, 707805).
cost(11, 5, 358355).
cost(11, 6, 210242).
cost(11, 7, 228390).
cost(11, 8, 205775).
cost(11, 9, 247574).
cost(11, 10, 292148).
cost(11, 12, 466010).
cost(11, 13, 713793).
cost(11, 14, 621879).
cost(11, 15, 814376).
cost(11, 16, 406068).
cost(11, 17, 267497).
cost(11, 18, 508807).
cost(11, 19, 220294).
cost(11, 20, 53978).
cost(12, 1, 191725).
cost(12, 2, 328950).
cost(12, 3, 457817).
cost(12, 4, 248027).
cost(12, 5, 586565).
cost(12, 6, 520670).
cost(12, 7, 522595).
cost(12, 8, 496818).
cost(12, 9, 276712).
cost(12, 10, 615618).
cost(12, 11, 466010).
cost(12, 13, 249335).
cost(12, 14, 383581).
cost(12, 15, 681298).
cost(12, 16, 120504).
cost(12, 17, 426015).
cost(12, 18, 661466).
cost(12, 19, 248974).
cost(12, 20, 439668).
cost(13, 1, 392819).
cost(13, 2, 560807).
cost(13, 3, 701832).
cost(13, 4, 102717).
cost(13, 5, 812534).
cost(13, 6, 763557).
cost(13, 7, 742799).
cost(13, 8, 719954).
cost(13, 9, 503665).
cost(13, 10, 832213).
cost(13, 11, 713793).
cost(13, 12, 249335).
cost(13, 14, 413651).
cost(13, 15, 699388).
cost(13, 16, 324699).
cost(13, 17, 632776).
cost(13, 18, 862735).
cost(13, 19, 498262).
cost(13, 20, 684337).
cost(14, 1, 288832).
cost(14, 2, 426082).
cost(14, 3, 715555).
cost(14, 4, 499242).
cost(14, 5, 887648).
cost(14, 6, 775849).
cost(14, 7, 517715).
cost(14, 8, 508463).
cost(14, 9, 379373).
cost(14, 10, 581225).
cost(14, 11, 621879).
cost(14, 12, 383581).
cost(14, 13, 413651).
cost(14, 15, 301355).
cost(14, 16, 301550).
cost(14, 17, 400776).
cost(14, 18, 996693).
cost(14, 19, 492065).
cost(14, 20, 571404).
cost(15, 1, 553008).
cost(15, 2, 634627).
cost(15, 3, 947309).
cost(15, 4, 792210).
cost(15, 5, 1130599).
cost(15, 6, 1001369).
cost(15, 7, 638719).
cost(15, 8, 643225).
cost(15, 9, 606429).
cost(15, 10, 663275).
cost(15, 11, 814376).
cost(15, 12, 681298).
cost(15, 13, 699388).
cost(15, 14, 301355).
cost(15, 16, 586475).
cost(15, 17, 550533).
cost(15, 18, 1255354).
cost(15, 19, 744349).
cost(15, 20, 760409).
cost(16, 1, 73484).
cost(16, 2, 236999).
cost(16, 3, 444639).
cost(16, 4, 351290).
cost(16, 5, 601207).
cost(16, 6, 507948).
cost(16, 7, 419530).
cost(16, 8, 395881).
cost(16, 9, 179211).
cost(16, 10, 510514).
cost(16, 11, 406068).
cost(16, 12, 120504).
cost(16, 13, 324699).
cost(16, 14, 301550).
cost(16, 15, 586475).
cost(16, 17, 314510).
cost(16, 18, 699601).
cost(16, 19, 215359).
cost(16, 20, 369183).
cost(17, 1, 241974).
cost(17, 2, 132909).
cost(17, 3, 423830).
cost(17, 4, 665790).
cost(17, 5, 610470).
cost(17, 6, 468590).
cost(17, 7, 119827).
cost(17, 8, 107700).
cost(17, 9, 158443).
cost(17, 10, 200901).
cost(17, 11, 267497).
cost(17, 12, 426015).
cost(17, 13, 632776).
cost(17, 14, 400776).
cost(17, 15, 550533).
cost(17, 16, 314510).
cost(17, 18, 752239).
cost(17, 19, 288266).
cost(17, 20, 213977).
cost(18, 1, 709967).
cost(18, 2, 633722).
cost(18, 3, 330881).
cost(18, 4, 795403).
cost(18, 5, 153977).
cost(18, 6, 301618).
cost(18, 7, 736879).
cost(18, 8, 712990).
cost(18, 9, 651048).
cost(18, 10, 797121).
cost(18, 11, 508807).
cost(18, 12, 661466).
cost(18, 13, 862735).
cost(18, 14, 996693).
cost(18, 15, 1255354).
cost(18, 16, 699601).
cost(18, 17, 752239).
cost(18, 19, 511282).
cost(18, 20, 552971).
cost(19, 1, 203318).
cost(19, 2, 155530).
cost(19, 3, 229711).
cost(19, 4, 487647).
cost(19, 5, 395586).
cost(19, 6, 292789).
cost(19, 7, 339184).
cost(19, 8, 310224).
cost(19, 9, 147442).
cost(19, 10, 430342).
cost(19, 11, 220294).
cost(19, 12, 248974).
cost(19, 13, 498262).
cost(19, 14, 492065).
cost(19, 15, 744349).
cost(19, 16, 215359).
cost(19, 17, 288266).
cost(19, 18, 511282).
cost(19, 20, 203483).
cost(20, 1, 319815).
cost(20, 2, 147116).
cost(20, 3, 222444).
cost(20, 4, 685307).
cost(20, 5, 404960).
cost(20, 6, 258666).
cost(20, 7, 185571).
cost(20, 8, 160338).
cost(20, 9, 202003).
cost(20, 10, 259517).
cost(20, 11, 53978).
cost(20, 12, 439668).
cost(20, 13, 684337).
cost(20, 14, 571404).
cost(20, 15, 760409).
cost(20, 16, 369183).
cost(20, 17, 213977).
cost(20, 18, 552971).
cost(20, 19, 203483).
