dimension(28).
point(1, 14.6917337913, 90.4893075515).
point(2, 20.0433265908, 85.3499219037).
point(3, 18.0916290934, 95.5516885355).
point(4, 18.6691284956, 94.93955076).
point(5, 25.0812151644, 95.2210369501).
point(6, 2.9546562457, 22.1297504543).
point(7, 3.933008533, 22.5678290341).
point(8, 2.137356724, 34.016088695).
point(9, 10.3104325291, 39.776538664).
point(10, 1.8935562142, 22.7293081355).
point(11, 8.6539755944, 30.0027369579).
point(12, 10.5534511912, 24.1115786669).
point(13, 0.186203912, 19.2627047666).
point(14, 90.0688543202, 43.219403984).
point(15, 86.7020969746, 40.2141867493).
point(16, 87.6822826476, 43.1775337444).
point(17, 93.4887581765, 39.2064327427).
point(18, 84.5955184454, 42.5988551878).
point(19, 66.5449577451, 16.8760939547).
point(20, 66.8593986907, 8.2344496882).
point(21, 59.201256688, 5.6021074255).
point(22, 69.0585282647, 11.6886855147).
point(23, 61.5030217785, 2.9328469926).
point(24, 47.7031399155, 72.0465130018).
point(25, 43.0066361304, 68.6456405832).
point(26, 47.1279128811, 65.9257812593).
point(27, 45.7900635371, 66.6165114796).
point(28, 56.0153801732, 64.1377287332).
cost(1, 2, 7).
cost(1, 3, 6).
cost(1, 4, 6).
cost(1, 5, 11).
cost(1, 6, 69).
cost(1, 7, 69).
cost(1, 8, 58).
cost(1, 9, 51).
cost(1, 10, 69).
cost(1, 11, 61).
cost(1, 12, 67).
cost(1, 13, 73).
cost(1, 14, 89).
cost(1, 15, 88).
cost(1, 16, 87).
cost(1, 17, 94).
cost(1, 18, 85).
cost(1, 19, 90).
cost(1, 20, 97).
cost(1, 21, 96).
cost(1, 22, 96).
cost(1, 23, 99).
cost(1, 24, 38).
cost(1, 25, 36).
cost(1, 26, 41).
cost(1, 27, 39).
cost(1, 28, 49).
cost(2, 1, 7).
cost(2, 3, 10).
cost(2, 4, 10).
cost(2, 5, 11).
cost(2, 6, 65).
cost(2, 7, 65).
cost(2, 8, 54).
cost(2, 9, 47).
cost(2, 10, 65).
cost(2, 11, 57).
cost(2, 12, 62).
cost(2, 13, 69).
cost(2, 14, 82).
cost(2, 15, 81).
cost(2, 16, 80).
cost(2, 17, 87).
cost(2, 18, 77).
cost(2, 19, 83).
cost(2, 20, 90).
cost(2, 21, 89).
cost(2, 22, 88).
cost(2, 23, 92).
cost(2, 24, 31).
cost(2, 25, 28).
cost(2, 26, 33).
cost(2, 27, 32).
cost(2, 28, 42).
cost(3, 1, 6).
cost(3, 2, 10).
cost(3, 4, 1).
cost(3, 5, 7).
cost(3, 6, 75).
cost(3, 7, 74).
cost(3, 8, 64).
cost(3, 9, 56).
cost(3, 10, 75).
cost(3, 11, 66).
cost(3, 12, 72).
cost(3, 13, 78).
cost(3, 14, 89).
cost(3, 15, 88).
cost(3, 16, 87).
cost(3, 17, 94).
cost(3, 18, 85).
cost(3, 19, 92).
cost(3, 20, 100).
cost(3, 21, 99).
cost(3, 22, 98).
cost(3, 23, 102).
cost(3, 24, 38).
cost(3, 25, 37).
cost(3, 26, 41).
cost(3, 27, 40).
cost(3, 28, 49).
cost(4, 1, 6).
cost(4, 2, 10).
cost(4, 3, 1).
cost(4, 5, 6).
cost(4, 6, 74).
cost(4, 7, 74).
cost(4, 8, 63).
cost(4, 9, 56).
cost(4, 10, 74).
cost(4, 11, 66).
cost(4, 12, 71).
cost(4, 13, 78).
cost(4, 14, 88).
cost(4, 15, 87).
cost(4, 16, 86).
cost(4, 17, 93).
cost(4, 18, 84).
cost(4, 19, 92).
cost(4, 20, 99).
cost(4, 21, 98).
cost(4, 22, 97).
cost(4, 23, 101).
cost(4, 24, 37).
cost(4, 25, 36).
cost(4, 26, 41).
cost(4, 27, 39).
cost(4, 28, 48).
cost(5, 1, 11).
cost(5, 2, 11).
cost(5, 3, 7).
cost(5, 4, 6).
cost(5, 6, 76).
cost(5, 7, 76).
cost(5, 8, 65).
cost(5, 9, 57).
cost(5, 10, 76).
cost(5, 11, 67).
cost(5, 12, 73).
cost(5, 13, 80).
cost(5, 14, 83).
cost(5, 15, 83).
cost(5, 16, 81).
cost(5, 17, 88).
cost(5, 18, 79).
cost(5, 19, 89).
cost(5, 20, 96).
cost(5, 21, 96).
cost(5, 22, 94).
cost(5, 23, 99).
cost(5, 24, 32).
cost(5, 25, 32).
cost(5, 26, 37).
cost(5, 27, 35).
cost(5, 28, 44).
cost(6, 1, 69).
cost(6, 2, 65).
cost(6, 3, 75).
cost(6, 4, 74).
cost(6, 5, 76).
cost(6, 7, 1).
cost(6, 8, 12).
cost(6, 9, 19).
cost(6, 10, 1).
cost(6, 11, 10).
cost(6, 12, 8).
cost(6, 13, 4).
cost(6, 14, 90).
cost(6, 15, 86).
cost(6, 16, 87).
cost(6, 17, 92).
cost(6, 18, 84).
cost(6, 19, 64).
cost(6, 20, 65).
cost(6, 21, 59).
cost(6, 22, 67).
cost(6, 23, 62).
cost(6, 24, 67).
cost(6, 25, 61).
cost(6, 26, 62).
cost(6, 27, 62).
cost(6, 28, 68).
cost(7, 1, 69).
cost(7, 2, 65).
cost(7, 3, 74).
cost(7, 4, 74).
cost(7, 5, 76).
cost(7, 6, 1).
cost(7, 8, 12).
cost(7, 9, 18).
cost(7, 10, 2).
cost(7, 11, 9).
cost(7, 12, 7).
cost(7, 13, 5).
cost(7, 14, 89).
cost(7, 15, 85).
cost(7, 16, 86).
cost(7, 17, 91).
cost(7, 18, 83).
cost(7, 19, 63).
cost(7, 20, 65).
cost(7, 21, 58).
cost(7, 22, 66).
cost(7, 23, 61).
cost(7, 24, 66).
cost(7, 25, 60).
cost(7, 26, 61).
cost(7, 27, 61).
cost(7, 28, 67).
cost(8, 1, 58).
cost(8, 2, 54).
cost(8, 3, 64).
cost(8, 4, 63).
cost(8, 5, 65).
cost(8, 6, 12).
cost(8, 7, 12).
cost(8, 9, 10).
cost(8, 10, 11).
cost(8, 11, 8).
cost(8, 12, 13).
cost(8, 13, 15).
cost(8, 14, 88).
cost(8, 15, 85).
cost(8, 16, 86).
cost(8, 17, 91).
cost(8, 18, 83).
cost(8, 19, 67).
cost(8, 20, 70).
cost(8, 21, 64).
cost(8, 22, 71).
cost(8, 23, 67).
cost(8, 24, 59).
cost(8, 25, 54).
cost(8, 26, 55).
cost(8, 27, 54).
cost(8, 28, 62).
cost(9, 1, 51).
cost(9, 2, 47).
cost(9, 3, 56).
cost(9, 4, 56).
cost(9, 5, 57).
cost(9, 6, 19).
cost(9, 7, 18).
cost(9, 8, 10).
cost(9, 10, 19).
cost(9, 11, 10).
cost(9, 12, 16).
cost(9, 13, 23).
cost(9, 14, 80).
cost(9, 15, 76).
cost(9, 16, 77).
cost(9, 17, 83).
cost(9, 18, 74).
cost(9, 19, 61).
cost(9, 20, 65).
cost(9, 21, 60).
cost(9, 22, 65).
cost(9, 23, 63).
cost(9, 24, 49).
cost(9, 25, 44).
cost(9, 26, 45).
cost(9, 27, 44).
cost(9, 28, 52).
cost(10, 1, 69).
cost(10, 2, 65).
cost(10, 3, 75).
cost(10, 4, 74).
cost(10, 5, 76).
cost(10, 6, 1).
cost(10, 7, 2).
cost(10, 8, 11).
cost(10, 9, 19).
cost(10, 11, 10).
cost(10, 12, 9).
cost(10, 13, 4).
cost(10, 14, 91).
cost(10, 15, 87).
cost(10, 16, 88).
cost(10, 17, 93).
cost(10, 18, 85).
cost(10, 19, 65).
cost(10, 20, 67).
cost(10, 21, 60).
cost(10, 22, 68).
cost(10, 23, 63).
cost(10, 24, 67).
cost(10, 25, 62).
cost(10, 26, 63).
cost(10, 27, 62).
cost(10, 28, 68).
cost(11, 1, 61).
cost(11, 2, 57).
cost(11, 3, 66).
cost(11, 4, 66).
cost(11, 5, 67).
cost(11, 6, 10).
cost(11, 7, 9).
cost(11, 8, 8).
cost(11, 9, 10).
cost(11, 10, 10).
cost(11, 12, 6).
cost(11, 13, 14).
cost(11, 14, 82).
cost(11, 15, 79).
cost(11, 16, 80).
cost(11, 17, 85).
cost(11, 18, 77).
cost(11, 19, 59).
cost(11, 20, 62).
cost(11, 21, 56).
cost(11, 22, 63).
cost(11, 23, 59).
cost(11, 24, 57).
cost(11, 25, 52).
cost(11, 26, 53).
cost(11, 27, 52).
cost(11, 28, 58).
cost(12, 1, 67).
cost(12, 2, 62).
cost(12, 3, 72).
cost(12, 4, 71).
cost(12, 5, 73).
cost(12, 6, 8).
cost(12, 7, 7).
cost(12, 8, 13).
cost(12, 9, 16).
cost(12, 10, 9).
cost(12, 11, 6).
cost(12, 13, 11).
cost(12, 14, 82).
cost(12, 15, 78).
cost(12, 16, 79).
cost(12, 17, 84).
cost(12, 18, 76).
cost(12, 19, 56).
cost(12, 20, 59).
cost(12, 21, 52).
cost(12, 22, 60).
cost(12, 23, 55).
cost(12, 24, 61).
cost(12, 25, 55).
cost(12, 26, 56).
cost(12, 27, 55).
cost(12, 28, 61).
cost(13, 1, 73).
cost(13, 2, 69).
cost(13, 3, 78).
cost(13, 4, 78).
cost(13, 5, 80).
cost(13, 6, 4).
cost(13, 7, 5).
cost(13, 8, 15).
cost(13, 9, 23).
cost(13, 10, 4).
cost(13, 11, 14).
cost(13, 12, 11).
cost(13, 14, 93).
cost(13, 15, 89).
cost(13, 16, 91).
cost(13, 17, 95).
cost(13, 18, 88).
cost(13, 19, 66).
cost(13, 20, 68).
cost(13, 21, 61).
cost(13, 22, 69).
cost(13, 23, 63).
cost(13, 24, 71).
cost(13, 25, 65).
cost(13, 26, 66).
cost(13, 27, 66).
cost(13, 28, 72).
cost(14, 1, 89).
cost(14, 2, 82).
cost(14, 3, 89).
cost(14, 4, 88).
cost(14, 5, 83).
cost(14, 6, 90).
cost(14, 7, 89).
cost(14, 8, 88).
cost(14, 9, 80).
cost(14, 10, 91).
cost(14, 11, 82).
cost(14, 12, 82).
cost(14, 13, 93).
cost(14, 15, 5).
cost(14, 16, 2).
cost(14, 17, 5).
cost(14, 18, 6).
cost(14, 19, 35).
cost(14, 20, 42).
cost(14, 21, 49).
cost(14, 22, 38).
cost(14, 23, 49).
cost(14, 24, 51).
cost(14, 25, 53).
cost(14, 26, 49).
cost(14, 27, 50).
cost(14, 28, 40).
cost(15, 1, 88).
cost(15, 2, 81).
cost(15, 3, 88).
cost(15, 4, 87).
cost(15, 5, 83).
cost(15, 6, 86).
cost(15, 7, 85).
cost(15, 8, 85).
cost(15, 9, 76).
cost(15, 10, 87).
cost(15, 11, 79).
cost(15, 12, 78).
cost(15, 13, 89).
cost(15, 14, 5).
cost(15, 16, 3).
cost(15, 17, 7).
cost(15, 18, 3).
cost(15, 19, 31).
cost(15, 20, 38).
cost(15, 21, 44).
cost(15, 22, 34).
cost(15, 23, 45).
cost(15, 24, 50).
cost(15, 25, 52).
cost(15, 26, 47).
cost(15, 27, 49).
cost(15, 28, 39).
cost(16, 1, 87).
cost(16, 2, 80).
cost(16, 3, 87).
cost(16, 4, 86).
cost(16, 5, 81).
cost(16, 6, 87).
cost(16, 7, 86).
cost(16, 8, 86).
cost(16, 9, 77).
cost(16, 10, 88).
cost(16, 11, 80).
cost(16, 12, 79).
cost(16, 13, 91).
cost(16, 14, 2).
cost(16, 15, 3).
cost(16, 17, 7).
cost(16, 18, 3).
cost(16, 19, 34).
cost(16, 20, 41).
cost(16, 21, 47).
cost(16, 22, 37).
cost(16, 23, 48).
cost(16, 24, 49).
cost(16, 25, 51).
cost(16, 26, 46).
cost(16, 27, 48).
cost(16, 28, 38).
cost(17, 1, 94).
cost(17, 2, 87).
cost(17, 3, 94).
cost(17, 4, 93).
cost(17, 5, 88).
cost(17, 6, 92).
cost(17, 7, 91).
cost(17, 8, 91).
cost(17, 9, 83).
cost(17, 10, 93).
cost(17, 11, 85).
cost(17, 12, 84).
cost(17, 13, 95).
cost(17, 14, 5).
cost(17, 15, 7).
cost(17, 16, 7).
cost(17, 18, 10).
cost(17, 19, 35).
cost(17, 20, 41).
cost(17, 21, 48).
cost(17, 22, 37).
cost(17, 23, 48).
cost(17, 24, 56).
cost(17, 25, 58).
cost(17, 26, 54).
cost(17, 27, 55).
cost(17, 28, 45).
cost(18, 1, 85).
cost(18, 2, 77).
cost(18, 3, 85).
cost(18, 4, 84).
cost(18, 5, 79).
cost(18, 6, 84).
cost(18, 7, 83).
cost(18, 8, 83).
cost(18, 9, 74).
cost(18, 10, 85).
cost(18, 11, 77).
cost(18, 12, 76).
cost(18, 13, 88).
cost(18, 14, 6).
cost(18, 15, 3).
cost(18, 16, 3).
cost(18, 17, 10).
cost(18, 19, 31).
cost(18, 20, 39).
cost(18, 21, 45).
cost(18, 22, 35).
cost(18, 23, 46).
cost(18, 24, 47).
cost(18, 25, 49).
cost(18, 26, 44).
cost(18, 27, 46).
cost(18, 28, 36).
cost(19, 1, 90).
cost(19, 2, 83).
cost(19, 3, 92).
cost(19, 4, 92).
cost(19, 5, 89).
cost(19, 6, 64).
cost(19, 7, 63).
cost(19, 8, 67).
cost(19, 9, 61).
cost(19, 10, 65).
cost(19, 11, 59).
cost(19, 12, 56).
cost(19, 13, 66).
cost(19, 14, 35).
cost(19, 15, 31).
cost(19, 16, 34).
cost(19, 17, 35).
cost(19, 18, 31).
cost(19, 20, 9).
cost(19, 21, 13).
cost(19, 22, 6).
cost(19, 23, 15).
cost(19, 24, 58).
cost(19, 25, 57).
cost(19, 26, 53).
cost(19, 27, 54).
cost(19, 28, 48).
cost(20, 1, 97).
cost(20, 2, 90).
cost(20, 3, 100).
cost(20, 4, 99).
cost(20, 5, 96).
cost(20, 6, 65).
cost(20, 7, 65).
cost(20, 8, 70).
cost(20, 9, 65).
cost(20, 10, 67).
cost(20, 11, 62).
cost(20, 12, 59).
cost(20, 13, 68).
cost(20, 14, 42).
cost(20, 15, 38).
cost(20, 16, 41).
cost(20, 17, 41).
cost(20, 18, 39).
cost(20, 19, 9).
cost(20, 21, 8).
cost(20, 22, 4).
cost(20, 23, 8).
cost(20, 24, 67).
cost(20, 25, 65).
cost(20, 26, 61).
cost(20, 27, 62).
cost(20, 28, 57).
cost(21, 1, 96).
cost(21, 2, 89).
cost(21, 3, 99).
cost(21, 4, 98).
cost(21, 5, 96).
cost(21, 6, 59).
cost(21, 7, 58).
cost(21, 8, 64).
cost(21, 9, 60).
cost(21, 10, 60).
cost(21, 11, 56).
cost(21, 12, 52).
cost(21, 13, 61).
cost(21, 14, 49).
cost(21, 15, 44).
cost(21, 16, 47).
cost(21, 17, 48).
cost(21, 18, 45).
cost(21, 19, 13).
cost(21, 20, 8).
cost(21, 22, 12).
cost(21, 23, 4).
cost(21, 24, 67).
cost(21, 25, 65).
cost(21, 26, 62).
cost(21, 27, 62).
cost(21, 28, 59).
cost(22, 1, 96).
cost(22, 2, 88).
cost(22, 3, 98).
cost(22, 4, 97).
cost(22, 5, 94).
cost(22, 6, 67).
cost(22, 7, 66).
cost(22, 8, 71).
cost(22, 9, 65).
cost(22, 10, 68).
cost(22, 11, 63).
cost(22, 12, 60).
cost(22, 13, 69).
cost(22, 14, 38).
cost(22, 15, 34).
cost(22, 16, 37).
cost(22, 17, 37).
cost(22, 18, 35).
cost(22, 19, 6).
cost(22, 20, 4).
cost(22, 21, 12).
cost(22, 23, 12).
cost(22, 24, 64).
cost(22, 25, 63).
cost(22, 26, 59).
cost(22, 27, 60).
cost(22, 28, 54).
cost(23, 1, 99).
cost(23, 2, 92).
cost(23, 3, 102).
cost(23, 4, 101).
cost(23, 5, 99).
cost(23, 6, 62).
cost(23, 7, 61).
cost(23, 8, 67).
cost(23, 9, 63).
cost(23, 10, 63).
cost(23, 11, 59).
cost(23, 12, 55).
cost(23, 13, 63).
cost(23, 14, 49).
cost(23, 15, 45).
cost(23, 16, 48).
cost(23, 17, 48).
cost(23, 18, 46).
cost(23, 19, 15).
cost(23, 20, 8).
cost(23, 21, 4).
cost(23, 22, 12).
cost(23, 24, 70).
cost(23, 25, 68).
cost(23, 26, 65).
cost(23, 27, 66).
cost(23, 28, 61).
cost(24, 1, 38).
cost(24, 2, 31).
cost(24, 3, 38).
cost(24, 4, 37).
cost(24, 5, 32).
cost(24, 6, 67).
cost(24, 7, 66).
cost(24, 8, 59).
cost(24, 9, 49).
cost(24, 10, 67).
cost(24, 11, 57).
cost(24, 12, 61).
cost(24, 13, 71).
cost(24, 14, 51).
cost(24, 15, 50).
cost(24, 16, 49).
cost(24, 17, 56).
cost(24, 18, 47).
cost(24, 19, 58).
cost(24, 20, 67).
cost(24, 21, 67).
cost(24, 22, 64).
cost(24, 23, 70).
cost(24, 25, 6).
cost(24, 26, 6).
cost(24, 27, 6).
cost(24, 28, 11).
cost(25, 1, 36).
cost(25, 2, 28).
cost(25, 3, 37).
cost(25, 4, 36).
cost(25, 5, 32).
cost(25, 6, 61).
cost(25, 7, 60).
cost(25, 8, 54).
cost(25, 9, 44).
cost(25, 10, 62).
cost(25, 11, 52).
cost(25, 12, 55).
cost(25, 13, 65).
cost(25, 14, 53).
cost(25, 15, 52).
cost(25, 16, 51).
cost(25, 17, 58).
cost(25, 18, 49).
cost(25, 19, 57).
cost(25, 20, 65).
cost(25, 21, 65).
cost(25, 22, 63).
cost(25, 23, 68).
cost(25, 24, 6).
cost(25, 26, 5).
cost(25, 27, 3).
cost(25, 28, 14).
cost(26, 1, 41).
cost(26, 2, 33).
cost(26, 3, 41).
cost(26, 4, 41).
cost(26, 5, 37).
cost(26, 6, 62).
cost(26, 7, 61).
cost(26, 8, 55).
cost(26, 9, 45).
cost(26, 10, 63).
cost(26, 11, 53).
cost(26, 12, 56).
cost(26, 13, 66).
cost(26, 14, 49).
cost(26, 15, 47).
cost(26, 16, 46).
cost(26, 17, 54).
cost(26, 18, 44).
cost(26, 19, 53).
cost(26, 20, 61).
cost(26, 21, 62).
cost(26, 22, 59).
cost(26, 23, 65).
cost(26, 24, 6).
cost(26, 25, 5).
cost(26, 27, 2).
cost(26, 28, 9).
cost(27, 1, 39).
cost(27, 2, 32).
cost(27, 3, 40).
cost(27, 4, 39).
cost(27, 5, 35).
cost(27, 6, 62).
cost(27, 7, 61).
cost(27, 8, 54).
cost(27, 9, 44).
cost(27, 10, 62).
cost(27, 11, 52).
cost(27, 12, 55).
cost(27, 13, 66).
cost(27, 14, 50).
cost(27, 15, 49).
cost(27, 16, 48).
cost(27, 17, 55).
cost(27, 18, 46).
cost(27, 19, 54).
cost(27, 20, 62).
cost(27, 21, 62).
cost(27, 22, 60).
cost(27, 23, 66).
cost(27, 24, 6).
cost(27, 25, 3).
cost(27, 26, 2).
cost(27, 28, 11).
cost(28, 1, 49).
cost(28, 2, 42).
cost(28, 3, 49).
cost(28, 4, 48).
cost(28, 5, 44).
cost(28, 6, 68).
cost(28, 7, 67).
cost(28, 8, 62).
cost(28, 9, 52).
cost(28, 10, 68).
cost(28, 11, 58).
cost(28, 12, 61).
cost(28, 13, 72).
cost(28, 14, 40).
cost(28, 15, 39).
cost(28, 16, 38).
cost(28, 17, 45).
cost(28, 18, 36).
cost(28, 19, 48).
cost(28, 20, 57).
cost(28, 21, 59).
cost(28, 22, 54).
cost(28, 23, 61).
cost(28, 24, 11).
cost(28, 25, 14).
cost(28, 26, 9).
cost(28, 27, 11).
