dimension(28).
point(1, 26.7645371737, 22.2418527612).
point(2, 31.6869539478, 20.9251173191).
point(3, 21.6658196327, 27.1112343872).
point(4, 36.6606088481, 17.1409504585).
point(5, 32.2587723701, 27.9446081304).
point(6, 31.3363871434, 28.4367306178).
point(7, 27.4025507367, 16.451891284).
point(8, 29.6293684972, 23.7425923925).
point(9, 52.9972754248, 45.2695448867).
point(10, 49.818410727, 39.5721573805).
point(11, 47.8579093007, 43.1650454867).
point(12, 45.0106868162, 54.5426244072).
point(13, 50.3384086095, 47.0732535356).
point(14, 78.432950195, 86.9526714303).
point(15, 78.6015046847, 95.0012006439).
point(16, 91.6096481266, 85.3421137679).
point(17, 91.6713980868, 88.2318678373).
point(18, 78.9176385872, 81.644456363).
point(19, 4.8486797237, 63.5029376589).
point(20, 14.7635515792, 72.2937530662).
point(21, 7.3331791998, 77.3126156387).
point(22, 13.6987453463, 71.3917580882).
point(23, 6.6296116947, 64.769006949).
point(24, 98.0672140734, 15.4617621926).
point(25, 96.9303390113, 4.5978565542).
point(26, 93.8486695403, 14.5194146232).
point(27, 80.0213966771, 15.9631323483).
point(28, 84.137994717, 20.458171375).
cost(1, 2, 5).
cost(1, 3, 7).
cost(1, 4, 11).
cost(1, 5, 8).
cost(1, 6, 8).
cost(1, 7, 6).
cost(1, 8, 3).
cost(1, 9, 35).
cost(1, 10, 29).
cost(1, 11, 30).
cost(1, 12, 37).
cost(1, 13, 34).
cost(1, 14, 83).
cost(1, 15, 89).
cost(1, 16, 90).
cost(1, 17, 93).
cost(1, 18, 79).
cost(1, 19, 47).
cost(1, 20, 51).
cost(1, 21, 58).
cost(1, 22, 51).
cost(1, 23, 47).
cost(1, 24, 72).
cost(1, 25, 72).
cost(1, 26, 68).
cost(1, 27, 54).
cost(1, 28, 57).
cost(2, 1, 5).
cost(2, 3, 12).
cost(2, 4, 6).
cost(2, 5, 7).
cost(2, 6, 8).
cost(2, 7, 6).
cost(2, 8, 3).
cost(2, 9, 32).
cost(2, 10, 26).
cost(2, 11, 27).
cost(2, 12, 36).
cost(2, 13, 32).
cost(2, 14, 81).
cost(2, 15, 88).
cost(2, 16, 88).
cost(2, 17, 90).
cost(2, 18, 77).
cost(2, 19, 50).
cost(2, 20, 54).
cost(2, 21, 61).
cost(2, 22, 54).
cost(2, 23, 50).
cost(2, 24, 67).
cost(2, 25, 67).
cost(2, 26, 62).
cost(2, 27, 49).
cost(2, 28, 52).
cost(3, 1, 7).
cost(3, 2, 12).
cost(3, 4, 18).
cost(3, 5, 11).
cost(3, 6, 10).
cost(3, 7, 12).
cost(3, 8, 9).
cost(3, 9, 36).
cost(3, 10, 31).
cost(3, 11, 31).
cost(3, 12, 36).
cost(3, 13, 35).
cost(3, 14, 82).
cost(3, 15, 89).
cost(3, 16, 91).
cost(3, 17, 93).
cost(3, 18, 79).
cost(3, 19, 40).
cost(3, 20, 46).
cost(3, 21, 52).
cost(3, 22, 45).
cost(3, 23, 41).
cost(3, 24, 77).
cost(3, 25, 79).
cost(3, 26, 73).
cost(3, 27, 59).
cost(3, 28, 63).
cost(4, 1, 11).
cost(4, 2, 6).
cost(4, 3, 18).
cost(4, 5, 12).
cost(4, 6, 12).
cost(4, 7, 9).
cost(4, 8, 10).
cost(4, 9, 33).
cost(4, 10, 26).
cost(4, 11, 28).
cost(4, 12, 38).
cost(4, 13, 33).
cost(4, 14, 81).
cost(4, 15, 88).
cost(4, 16, 88).
cost(4, 17, 90).
cost(4, 18, 77).
cost(4, 19, 56).
cost(4, 20, 59).
cost(4, 21, 67).
cost(4, 22, 59).
cost(4, 23, 56).
cost(4, 24, 61).
cost(4, 25, 62).
cost(4, 26, 57).
cost(4, 27, 43).
cost(4, 28, 48).
cost(5, 1, 8).
cost(5, 2, 7).
cost(5, 3, 11).
cost(5, 4, 12).
cost(5, 6, 1).
cost(5, 7, 12).
cost(5, 8, 5).
cost(5, 9, 27).
cost(5, 10, 21).
cost(5, 11, 22).
cost(5, 12, 29).
cost(5, 13, 26).
cost(5, 14, 75).
cost(5, 15, 82).
cost(5, 16, 83).
cost(5, 17, 85).
cost(5, 18, 71).
cost(5, 19, 45).
cost(5, 20, 48).
cost(5, 21, 55).
cost(5, 22, 47).
cost(5, 23, 45).
cost(5, 24, 67).
cost(5, 25, 69).
cost(5, 26, 63).
cost(5, 27, 49).
cost(5, 28, 52).
cost(6, 1, 8).
cost(6, 2, 8).
cost(6, 3, 10).
cost(6, 4, 12).
cost(6, 5, 1).
cost(6, 7, 13).
cost(6, 8, 5).
cost(6, 9, 27).
cost(6, 10, 22).
cost(6, 11, 22).
cost(6, 12, 29).
cost(6, 13, 27).
cost(6, 14, 75).
cost(6, 15, 82).
cost(6, 16, 83).
cost(6, 17, 85).
cost(6, 18, 71).
cost(6, 19, 44).
cost(6, 20, 47).
cost(6, 21, 54).
cost(6, 22, 46).
cost(6, 23, 44).
cost(6, 24, 68).
cost(6, 25, 70).
cost(6, 26, 64).
cost(6, 27, 50).
cost(6, 28, 53).
cost(7, 1, 6).
cost(7, 2, 6).
cost(7, 3, 12).
cost(7, 4, 9).
cost(7, 5, 12).
cost(7, 6, 13).
cost(7, 8, 8).
cost(7, 9, 39).
cost(7, 10, 32).
cost(7, 11, 34).
cost(7, 12, 42).
cost(7, 13, 38).
cost(7, 14, 87).
cost(7, 15, 94).
cost(7, 16, 94).
cost(7, 17, 96).
cost(7, 18, 83).
cost(7, 19, 52).
cost(7, 20, 57).
cost(7, 21, 64).
cost(7, 22, 57).
cost(7, 23, 53).
cost(7, 24, 71).
cost(7, 25, 71).
cost(7, 26, 66).
cost(7, 27, 53).
cost(7, 28, 57).
cost(8, 1, 3).
cost(8, 2, 3).
cost(8, 3, 9).
cost(8, 4, 10).
cost(8, 5, 5).
cost(8, 6, 5).
cost(8, 7, 8).
cost(8, 9, 32).
cost(8, 10, 26).
cost(8, 11, 27).
cost(8, 12, 34).
cost(8, 13, 31).
cost(8, 14, 80).
cost(8, 15, 86).
cost(8, 16, 87).
cost(8, 17, 89).
cost(8, 18, 76).
cost(8, 19, 47).
cost(8, 20, 51).
cost(8, 21, 58).
cost(8, 22, 50).
cost(8, 23, 47).
cost(8, 24, 69).
cost(8, 25, 70).
cost(8, 26, 65).
cost(8, 27, 51).
cost(8, 28, 55).
cost(9, 1, 35).
cost(9, 2, 32).
cost(9, 3, 36).
cost(9, 4, 33).
cost(9, 5, 27).
cost(9, 6, 27).
cost(9, 7, 39).
cost(9, 8, 32).
cost(9, 10, 7).
cost(9, 11, 6).
cost(9, 12, 12).
cost(9, 13, 3).
cost(9, 14, 49).
cost(9, 15, 56).
cost(9, 16, 56).
cost(9, 17, 58).
cost(9, 18, 45).
cost(9, 19, 51).
cost(9, 20, 47).
cost(9, 21, 56).
cost(9, 22, 47).
cost(9, 23, 50).
cost(9, 24, 54).
cost(9, 25, 60).
cost(9, 26, 51).
cost(9, 27, 40).
cost(9, 28, 40).
cost(10, 1, 29).
cost(10, 2, 26).
cost(10, 3, 31).
cost(10, 4, 26).
cost(10, 5, 21).
cost(10, 6, 22).
cost(10, 7, 32).
cost(10, 8, 26).
cost(10, 9, 7).
cost(10, 11, 4).
cost(10, 12, 16).
cost(10, 13, 8).
cost(10, 14, 55).
cost(10, 15, 62).
cost(10, 16, 62).
cost(10, 17, 64).
cost(10, 18, 51).
cost(10, 19, 51).
cost(10, 20, 48).
cost(10, 21, 57).
cost(10, 22, 48).
cost(10, 23, 50).
cost(10, 24, 54).
cost(10, 25, 59).
cost(10, 26, 51).
cost(10, 27, 38).
cost(10, 28, 39).
cost(11, 1, 30).
cost(11, 2, 27).
cost(11, 3, 31).
cost(11, 4, 28).
cost(11, 5, 22).
cost(11, 6, 22).
cost(11, 7, 34).
cost(11, 8, 27).
cost(11, 9, 6).
cost(11, 10, 4).
cost(11, 12, 12).
cost(11, 13, 5).
cost(11, 14, 53).
cost(11, 15, 60).
cost(11, 16, 61).
cost(11, 17, 63).
cost(11, 18, 49).
cost(11, 19, 48).
cost(11, 20, 44).
cost(11, 21, 53).
cost(11, 22, 44).
cost(11, 23, 47).
cost(11, 24, 57).
cost(11, 25, 62).
cost(11, 26, 54).
cost(11, 27, 42).
cost(11, 28, 43).
cost(12, 1, 37).
cost(12, 2, 36).
cost(12, 3, 36).
cost(12, 4, 38).
cost(12, 5, 29).
cost(12, 6, 29).
cost(12, 7, 42).
cost(12, 8, 34).
cost(12, 9, 12).
cost(12, 10, 16).
cost(12, 11, 12).
cost(12, 13, 9).
cost(12, 14, 47).
cost(12, 15, 53).
cost(12, 16, 56).
cost(12, 17, 58).
cost(12, 18, 43).
cost(12, 19, 41).
cost(12, 20, 35).
cost(12, 21, 44).
cost(12, 22, 36).
cost(12, 23, 40).
cost(12, 24, 66).
cost(12, 25, 72).
cost(12, 26, 63).
cost(12, 27, 52).
cost(12, 28, 52).
cost(13, 1, 34).
cost(13, 2, 32).
cost(13, 3, 35).
cost(13, 4, 33).
cost(13, 5, 26).
cost(13, 6, 27).
cost(13, 7, 38).
cost(13, 8, 31).
cost(13, 9, 3).
cost(13, 10, 8).
cost(13, 11, 5).
cost(13, 12, 9).
cost(13, 14, 49).
cost(13, 15, 56).
cost(13, 16, 56).
cost(13, 17, 58).
cost(13, 18, 45).
cost(13, 19, 48).
cost(13, 20, 44).
cost(13, 21, 53).
cost(13, 22, 44).
cost(13, 23, 47).
cost(13, 24, 57).
cost(13, 25, 63).
cost(13, 26, 54).
cost(13, 27, 43).
cost(13, 28, 43).
cost(14, 1, 83).
cost(14, 2, 81).
cost(14, 3, 82).
cost(14, 4, 81).
cost(14, 5, 75).
cost(14, 6, 75).
cost(14, 7, 87).
cost(14, 8, 80).
cost(14, 9, 49).
cost(14, 10, 55).
cost(14, 11, 53).
cost(14, 12, 47).
cost(14, 13, 49).
cost(14, 15, 8).
cost(14, 16, 13).
cost(14, 17, 13).
cost(14, 18, 5).
cost(14, 19, 77).
cost(14, 20, 65).
cost(14, 21, 72).
cost(14, 22, 67).
cost(14, 23, 75).
cost(14, 24, 74).
cost(14, 25, 84).
cost(14, 26, 74).
cost(14, 27, 71).
cost(14, 28, 67).
cost(15, 1, 89).
cost(15, 2, 88).
cost(15, 3, 89).
cost(15, 4, 88).
cost(15, 5, 82).
cost(15, 6, 82).
cost(15, 7, 94).
cost(15, 8, 86).
cost(15, 9, 56).
cost(15, 10, 62).
cost(15, 11, 60).
cost(15, 12, 53).
cost(15, 13, 56).
cost(15, 14, 8).
cost(15, 16, 16).
cost(15, 17, 15).
cost(15, 18, 13).
cost(15, 19, 80).
cost(15, 20, 68).
cost(15, 21, 73).
cost(15, 22, 69).
cost(15, 23, 78).
cost(15, 24, 82).
cost(15, 25, 92).
cost(15, 26, 82).
cost(15, 27, 79).
cost(15, 28, 75).
cost(16, 1, 90).
cost(16, 2, 88).
cost(16, 3, 91).
cost(16, 4, 88).
cost(16, 5, 83).
cost(16, 6, 83).
cost(16, 7, 94).
cost(16, 8, 87).
cost(16, 9, 56).
cost(16, 10, 62).
cost(16, 11, 61).
cost(16, 12, 56).
cost(16, 13, 56).
cost(16, 14, 13).
cost(16, 15, 16).
cost(16, 17, 3).
cost(16, 18, 13).
cost(16, 19, 89).
cost(16, 20, 78).
cost(16, 21, 85).
cost(16, 22, 79).
cost(16, 23, 87).
cost(16, 24, 70).
cost(16, 25, 81).
cost(16, 26, 71).
cost(16, 27, 70).
cost(16, 28, 65).
cost(17, 1, 93).
cost(17, 2, 90).
cost(17, 3, 93).
cost(17, 4, 90).
cost(17, 5, 85).
cost(17, 6, 85).
cost(17, 7, 96).
cost(17, 8, 89).
cost(17, 9, 58).
cost(17, 10, 64).
cost(17, 11, 63).
cost(17, 12, 58).
cost(17, 13, 58).
cost(17, 14, 13).
cost(17, 15, 15).
cost(17, 16, 3).
cost(17, 18, 14).
cost(17, 19, 90).
cost(17, 20, 79).
cost(17, 21, 85).
cost(17, 22, 80).
cost(17, 23, 88).
cost(17, 24, 73).
cost(17, 25, 84).
cost(17, 26, 74).
cost(17, 27, 73).
cost(17, 28, 68).
cost(18, 1, 79).
cost(18, 2, 77).
cost(18, 3, 79).
cost(18, 4, 77).
cost(18, 5, 71).
cost(18, 6, 71).
cost(18, 7, 83).
cost(18, 8, 76).
cost(18, 9, 45).
cost(18, 10, 51).
cost(18, 11, 49).
cost(18, 12, 43).
cost(18, 13, 45).
cost(18, 14, 5).
cost(18, 15, 13).
cost(18, 16, 13).
cost(18, 17, 14).
cost(18, 19, 76).
cost(18, 20, 65).
cost(18, 21, 72).
cost(18, 22, 66).
cost(18, 23, 74).
cost(18, 24, 69).
cost(18, 25, 79).
cost(18, 26, 69).
cost(18, 27, 66).
cost(18, 28, 61).
cost(19, 1, 47).
cost(19, 2, 50).
cost(19, 3, 40).
cost(19, 4, 56).
cost(19, 5, 45).
cost(19, 6, 44).
cost(19, 7, 52).
cost(19, 8, 47).
cost(19, 9, 51).
cost(19, 10, 51).
cost(19, 11, 48).
cost(19, 12, 41).
cost(19, 13, 48).
cost(19, 14, 77).
cost(19, 15, 80).
cost(19, 16, 89).
cost(19, 17, 90).
cost(19, 18, 76).
cost(19, 20, 13).
cost(19, 21, 14).
cost(19, 22, 12).
cost(19, 23, 2).
cost(19, 24, 105).
cost(19, 25, 109).
cost(19, 26, 102).
cost(19, 27, 89).
cost(19, 28, 90).
cost(20, 1, 51).
cost(20, 2, 54).
cost(20, 3, 46).
cost(20, 4, 59).
cost(20, 5, 48).
cost(20, 6, 47).
cost(20, 7, 57).
cost(20, 8, 51).
cost(20, 9, 47).
cost(20, 10, 48).
cost(20, 11, 44).
cost(20, 12, 35).
cost(20, 13, 44).
cost(20, 14, 65).
cost(20, 15, 68).
cost(20, 16, 78).
cost(20, 17, 79).
cost(20, 18, 65).
cost(20, 19, 13).
cost(20, 21, 9).
cost(20, 22, 1).
cost(20, 23, 11).
cost(20, 24, 101).
cost(20, 25, 106).
cost(20, 26, 98).
cost(20, 27, 86).
cost(20, 28, 87).
cost(21, 1, 58).
cost(21, 2, 61).
cost(21, 3, 52).
cost(21, 4, 67).
cost(21, 5, 55).
cost(21, 6, 54).
cost(21, 7, 64).
cost(21, 8, 58).
cost(21, 9, 56).
cost(21, 10, 57).
cost(21, 11, 53).
cost(21, 12, 44).
cost(21, 13, 53).
cost(21, 14, 72).
cost(21, 15, 73).
cost(21, 16, 85).
cost(21, 17, 85).
cost(21, 18, 72).
cost(21, 19, 14).
cost(21, 20, 9).
cost(21, 22, 9).
cost(21, 23, 13).
cost(21, 24, 110).
cost(21, 25, 115).
cost(21, 26, 107).
cost(21, 27, 95).
cost(21, 28, 96).
cost(22, 1, 51).
cost(22, 2, 54).
cost(22, 3, 45).
cost(22, 4, 59).
cost(22, 5, 47).
cost(22, 6, 46).
cost(22, 7, 57).
cost(22, 8, 50).
cost(22, 9, 47).
cost(22, 10, 48).
cost(22, 11, 44).
cost(22, 12, 36).
cost(22, 13, 44).
cost(22, 14, 67).
cost(22, 15, 69).
cost(22, 16, 79).
cost(22, 17, 80).
cost(22, 18, 66).
cost(22, 19, 12).
cost(22, 20, 1).
cost(22, 21, 9).
cost(22, 23, 10).
cost(22, 24, 101).
cost(22, 25, 107).
cost(22, 26, 98).
cost(22, 27, 86).
cost(22, 28, 87).
cost(23, 1, 47).
cost(23, 2, 50).
cost(23, 3, 41).
cost(23, 4, 56).
cost(23, 5, 45).
cost(23, 6, 44).
cost(23, 7, 53).
cost(23, 8, 47).
cost(23, 9, 50).
cost(23, 10, 50).
cost(23, 11, 47).
cost(23, 12, 40).
cost(23, 13, 47).
cost(23, 14, 75).
cost(23, 15, 78).
cost(23, 16, 87).
cost(23, 17, 88).
cost(23, 18, 74).
cost(23, 19, 2).
cost(23, 20, 11).
cost(23, 21, 13).
cost(23, 22, 10).
cost(23, 24, 104).
cost(23, 25, 109).
cost(23, 26, 101).
cost(23, 27, 88).
cost(23, 28, 89).
cost(24, 1, 72).
cost(24, 2, 67).
cost(24, 3, 77).
cost(24, 4, 61).
cost(24, 5, 67).
cost(24, 6, 68).
cost(24, 7, 71).
cost(24, 8, 69).
cost(24, 9, 54).
cost(24, 10, 54).
cost(24, 11, 57).
cost(24, 12, 66).
cost(24, 13, 57).
cost(24, 14, 74).
cost(24, 15, 82).
cost(24, 16, 70).
cost(24, 17, 73).
cost(24, 18, 69).
cost(24, 19, 105).
cost(24, 20, 101).
cost(24, 21, 110).
cost(24, 22, 101).
cost(24, 23, 104).
cost(24, 25, 11).
cost(24, 26, 4).
cost(24, 27, 18).
cost(24, 28, 15).
cost(25, 1, 72).
cost(25, 2, 67).
cost(25, 3, 79).
cost(25, 4, 62).
cost(25, 5, 69).
cost(25, 6, 70).
cost(25, 7, 71).
cost(25, 8, 70).
cost(25, 9, 60).
cost(25, 10, 59).
cost(25, 11, 62).
cost(25, 12, 72).
cost(25, 13, 63).
cost(25, 14, 84).
cost(25, 15, 92).
cost(25, 16, 81).
cost(25, 17, 84).
cost(25, 18, 79).
cost(25, 19, 109).
cost(25, 20, 106).
cost(25, 21, 115).
cost(25, 22, 107).
cost(25, 23, 109).
cost(25, 24, 11).
cost(25, 26, 10).
cost(25, 27, 20).
cost(25, 28, 20).
cost(26, 1, 68).
cost(26, 2, 62).
cost(26, 3, 73).
cost(26, 4, 57).
cost(26, 5, 63).
cost(26, 6, 64).
cost(26, 7, 66).
cost(26, 8, 65).
cost(26, 9, 51).
cost(26, 10, 51).
cost(26, 11, 54).
cost(26, 12, 63).
cost(26, 13, 54).
cost(26, 14, 74).
cost(26, 15, 82).
cost(26, 16, 71).
cost(26, 17, 74).
cost(26, 18, 69).
cost(26, 19, 102).
cost(26, 20, 98).
cost(26, 21, 107).
cost(26, 22, 98).
cost(26, 23, 101).
cost(26, 24, 4).
cost(26, 25, 10).
cost(26, 27, 14).
cost(26, 28, 11).
cost(27, 1, 54).
cost(27, 2, 49).
cost(27, 3, 59).
cost(27, 4, 43).
cost(27, 5, 49).
cost(27, 6, 50).
cost(27, 7, 53).
cost(27, 8, 51).
cost(27, 9, 40).
cost(27, 10, 38).
cost(27, 11, 42).
cost(27, 12, 52).
cost(27, 13, 43).
cost(27, 14, 71).
cost(27, 15, 79).
cost(27, 16, 70).
cost(27, 17, 73).
cost(27, 18, 66).
cost(27, 19, 89).
cost(27, 20, 86).
cost(27, 21, 95).
cost(27, 22, 86).
cost(27, 23, 88).
cost(27, 24, 18).
cost(27, 25, 20).
cost(27, 26, 14).
cost(27, 28, 6).
cost(28, 1, 57).
cost(28, 2, 52).
cost(28, 3, 63).
cost(28, 4, 48).
cost(28, 5, 52).
cost(28, 6, 53).
cost(28, 7, 57).
cost(28, 8, 55).
cost(28, 9, 40).
cost(28, 10, 39).
cost(28, 11, 43).
cost(28, 12, 52).
cost(28, 13, 43).
cost(28, 14, 67).
cost(28, 15, 75).
cost(28, 16, 65).
cost(28, 17, 68).
cost(28, 18, 61).
cost(28, 19, 90).
cost(28, 20, 87).
cost(28, 21, 96).
cost(28, 22, 87).
cost(28, 23, 89).
cost(28, 24, 15).
cost(28, 25, 20).
cost(28, 26, 11).
cost(28, 27, 6).
