dimension(28).
point(1, 61.5897078916, 95.4638994534).
point(2, 59.5404956204, 85.3570349414).
point(3, 53.5831378929, 90.390983463).
point(4, 58.9344081394, 84.795188289).
point(5, 48.8034849694, 94.0977256805).
point(6, 34.0001358297, 28.417222292).
point(7, 44.0280338501, 34.7480326147).
point(8, 38.3966136753, 47.3745827744).
point(9, 38.3760937132, 39.0456835782).
point(10, 45.0228366298, 39.902016001).
point(11, 43.8673817985, 27.0918608076).
point(12, 29.302235081, 36.4140763567).
point(13, 43.9099617717, 36.5005530186).
point(14, 81.0718904056, 15.7719555215).
point(15, 68.2447715586, 16.5058180605).
point(16, 71.7094622295, 9.9208503217).
point(17, 68.6876929499, 0.0207436534).
point(18, 73.1712454959, 16.0259453355).
point(19, 94.8253579428, 61.6169159956).
point(20, 97.2355481925, 60.262981526).
point(21, 96.0935219988, 61.2687244256).
point(22, 96.5562061245, 67.503886942).
point(23, 98.1949524707, 72.6723037294).
point(24, 12.2866678028, 54.9172614054).
point(25, 13.628248605, 46.7906297578).
point(26, 10.6927976178, 49.0716851532).
point(27, 5.1571823152, 56.5295887415).
point(28, 5.966525442, 48.640566436).
cost(1, 2, 10).
cost(1, 3, 9).
cost(1, 4, 11).
cost(1, 5, 13).
cost(1, 6, 73).
cost(1, 7, 63).
cost(1, 8, 53).
cost(1, 9, 61).
cost(1, 10, 58).
cost(1, 11, 71).
cost(1, 12, 67).
cost(1, 13, 62).
cost(1, 14, 82).
cost(1, 15, 79).
cost(1, 16, 86).
cost(1, 17, 96).
cost(1, 18, 80).
cost(1, 19, 47).
cost(1, 20, 50).
cost(1, 21, 49).
cost(1, 22, 45).
cost(1, 23, 43).
cost(1, 24, 64).
cost(1, 25, 68).
cost(1, 26, 69).
cost(1, 27, 69).
cost(1, 28, 73).
cost(2, 1, 10).
cost(2, 3, 8).
cost(2, 4, 1).
cost(2, 5, 14).
cost(2, 6, 62).
cost(2, 7, 53).
cost(2, 8, 43).
cost(2, 9, 51).
cost(2, 10, 48).
cost(2, 11, 60).
cost(2, 12, 58).
cost(2, 13, 51).
cost(2, 14, 73).
cost(2, 15, 69).
cost(2, 16, 76).
cost(2, 17, 86).
cost(2, 18, 71).
cost(2, 19, 43).
cost(2, 20, 45).
cost(2, 21, 44).
cost(2, 22, 41).
cost(2, 23, 41).
cost(2, 24, 56).
cost(2, 25, 60).
cost(2, 26, 61).
cost(2, 27, 62).
cost(2, 28, 65).
cost(3, 1, 9).
cost(3, 2, 8).
cost(3, 4, 8).
cost(3, 5, 6).
cost(3, 6, 65).
cost(3, 7, 56).
cost(3, 8, 46).
cost(3, 9, 54).
cost(3, 10, 51).
cost(3, 11, 64).
cost(3, 12, 59).
cost(3, 13, 55).
cost(3, 14, 80).
cost(3, 15, 75).
cost(3, 16, 82).
cost(3, 17, 92).
cost(3, 18, 77).
cost(3, 19, 50).
cost(3, 20, 53).
cost(3, 21, 52).
cost(3, 22, 49).
cost(3, 23, 48).
cost(3, 24, 54).
cost(3, 25, 59).
cost(3, 26, 60).
cost(3, 27, 59).
cost(3, 28, 63).
cost(4, 1, 11).
cost(4, 2, 1).
cost(4, 3, 8).
cost(4, 5, 14).
cost(4, 6, 62).
cost(4, 7, 52).
cost(4, 8, 43).
cost(4, 9, 50).
cost(4, 10, 47).
cost(4, 11, 60).
cost(4, 12, 57).
cost(4, 13, 51).
cost(4, 14, 72).
cost(4, 15, 69).
cost(4, 16, 76).
cost(4, 17, 85).
cost(4, 18, 70).
cost(4, 19, 43).
cost(4, 20, 45).
cost(4, 21, 44).
cost(4, 22, 41).
cost(4, 23, 41).
cost(4, 24, 55).
cost(4, 25, 59).
cost(4, 26, 60).
cost(4, 27, 61).
cost(4, 28, 64).
cost(5, 1, 13).
cost(5, 2, 14).
cost(5, 3, 6).
cost(5, 4, 14).
cost(5, 6, 67).
cost(5, 7, 60).
cost(5, 8, 48).
cost(5, 9, 56).
cost(5, 10, 54).
cost(5, 11, 67).
cost(5, 12, 61).
cost(5, 13, 58).
cost(5, 14, 85).
cost(5, 15, 80).
cost(5, 16, 87).
cost(5, 17, 96).
cost(5, 18, 82).
cost(5, 19, 56).
cost(5, 20, 59).
cost(5, 21, 58).
cost(5, 22, 55).
cost(5, 23, 54).
cost(5, 24, 54).
cost(5, 25, 59).
cost(5, 26, 59).
cost(5, 27, 58).
cost(5, 28, 62).
cost(6, 1, 73).
cost(6, 2, 62).
cost(6, 3, 65).
cost(6, 4, 62).
cost(6, 5, 67).
cost(6, 7, 12).
cost(6, 8, 19).
cost(6, 9, 11).
cost(6, 10, 16).
cost(6, 11, 10).
cost(6, 12, 9).
cost(6, 13, 13).
cost(6, 14, 49).
cost(6, 15, 36).
cost(6, 16, 42).
cost(6, 17, 45).
cost(6, 18, 41).
cost(6, 19, 69).
cost(6, 20, 71).
cost(6, 21, 70).
cost(6, 22, 74).
cost(6, 23, 78).
cost(6, 24, 34).
cost(6, 25, 27).
cost(6, 26, 31).
cost(6, 27, 40).
cost(6, 28, 35).
cost(7, 1, 63).
cost(7, 2, 53).
cost(7, 3, 56).
cost(7, 4, 52).
cost(7, 5, 60).
cost(7, 6, 12).
cost(7, 8, 14).
cost(7, 9, 7).
cost(7, 10, 5).
cost(7, 11, 8).
cost(7, 12, 15).
cost(7, 13, 2).
cost(7, 14, 42).
cost(7, 15, 30).
cost(7, 16, 37).
cost(7, 17, 43).
cost(7, 18, 35).
cost(7, 19, 57).
cost(7, 20, 59).
cost(7, 21, 58).
cost(7, 22, 62).
cost(7, 23, 66).
cost(7, 24, 38).
cost(7, 25, 33).
cost(7, 26, 36).
cost(7, 27, 45).
cost(7, 28, 41).
cost(8, 1, 53).
cost(8, 2, 43).
cost(8, 3, 46).
cost(8, 4, 43).
cost(8, 5, 48).
cost(8, 6, 19).
cost(8, 7, 14).
cost(8, 9, 8).
cost(8, 10, 10).
cost(8, 11, 21).
cost(8, 12, 14).
cost(8, 13, 12).
cost(8, 14, 53).
cost(8, 15, 43).
cost(8, 16, 50).
cost(8, 17, 56).
cost(8, 18, 47).
cost(8, 19, 58).
cost(8, 20, 60).
cost(8, 21, 59).
cost(8, 22, 62).
cost(8, 23, 65).
cost(8, 24, 27).
cost(8, 25, 25).
cost(8, 26, 28).
cost(8, 27, 34).
cost(8, 28, 32).
cost(9, 1, 61).
cost(9, 2, 51).
cost(9, 3, 54).
cost(9, 4, 50).
cost(9, 5, 56).
cost(9, 6, 11).
cost(9, 7, 7).
cost(9, 8, 8).
cost(9, 10, 7).
cost(9, 11, 13).
cost(9, 12, 9).
cost(9, 13, 6).
cost(9, 14, 49).
cost(9, 15, 37).
cost(9, 16, 44).
cost(9, 17, 49).
cost(9, 18, 42).
cost(9, 19, 61).
cost(9, 20, 63).
cost(9, 21, 62).
cost(9, 22, 65).
cost(9, 23, 69).
cost(9, 24, 31).
cost(9, 25, 26).
cost(9, 26, 29).
cost(9, 27, 38).
cost(9, 28, 34).
cost(10, 1, 58).
cost(10, 2, 48).
cost(10, 3, 51).
cost(10, 4, 47).
cost(10, 5, 54).
cost(10, 6, 16).
cost(10, 7, 5).
cost(10, 8, 10).
cost(10, 9, 7).
cost(10, 11, 13).
cost(10, 12, 16).
cost(10, 13, 4).
cost(10, 14, 43).
cost(10, 15, 33).
cost(10, 16, 40).
cost(10, 17, 46).
cost(10, 18, 37).
cost(10, 19, 54).
cost(10, 20, 56).
cost(10, 21, 55).
cost(10, 22, 58).
cost(10, 23, 62).
cost(10, 24, 36).
cost(10, 25, 32).
cost(10, 26, 36).
cost(10, 27, 43).
cost(10, 28, 40).
cost(11, 1, 71).
cost(11, 2, 60).
cost(11, 3, 64).
cost(11, 4, 60).
cost(11, 5, 67).
cost(11, 6, 10).
cost(11, 7, 8).
cost(11, 8, 21).
cost(11, 9, 13).
cost(11, 10, 13).
cost(11, 12, 17).
cost(11, 13, 9).
cost(11, 14, 39).
cost(11, 15, 27).
cost(11, 16, 33).
cost(11, 17, 37).
cost(11, 18, 31).
cost(11, 19, 62).
cost(11, 20, 63).
cost(11, 21, 62).
cost(11, 22, 66).
cost(11, 23, 71).
cost(11, 24, 42).
cost(11, 25, 36).
cost(11, 26, 40).
cost(11, 27, 49).
cost(11, 28, 44).
cost(12, 1, 67).
cost(12, 2, 58).
cost(12, 3, 59).
cost(12, 4, 57).
cost(12, 5, 61).
cost(12, 6, 9).
cost(12, 7, 15).
cost(12, 8, 14).
cost(12, 9, 9).
cost(12, 10, 16).
cost(12, 11, 17).
cost(12, 13, 15).
cost(12, 14, 56).
cost(12, 15, 44).
cost(12, 16, 50).
cost(12, 17, 54).
cost(12, 18, 48).
cost(12, 19, 70).
cost(12, 20, 72).
cost(12, 21, 71).
cost(12, 22, 74).
cost(12, 23, 78).
cost(12, 24, 25).
cost(12, 25, 19).
cost(12, 26, 23).
cost(12, 27, 31).
cost(12, 28, 26).
cost(13, 1, 62).
cost(13, 2, 51).
cost(13, 3, 55).
cost(13, 4, 51).
cost(13, 5, 58).
cost(13, 6, 13).
cost(13, 7, 2).
cost(13, 8, 12).
cost(13, 9, 6).
cost(13, 10, 4).
cost(13, 11, 9).
cost(13, 12, 15).
cost(13, 14, 43).
cost(13, 15, 31).
cost(13, 16, 38).
cost(13, 17, 44).
cost(13, 18, 36).
cost(13, 19, 57).
cost(13, 20, 58).
cost(13, 21, 58).
cost(13, 22, 61).
cost(13, 23, 65).
cost(13, 24, 37).
cost(13, 25, 32).
cost(13, 26, 36).
cost(13, 27, 44).
cost(13, 28, 40).
cost(14, 1, 82).
cost(14, 2, 73).
cost(14, 3, 80).
cost(14, 4, 72).
cost(14, 5, 85).
cost(14, 6, 49).
cost(14, 7, 42).
cost(14, 8, 53).
cost(14, 9, 49).
cost(14, 10, 43).
cost(14, 11, 39).
cost(14, 12, 56).
cost(14, 13, 43).
cost(14, 15, 13).
cost(14, 16, 11).
cost(14, 17, 20).
cost(14, 18, 8).
cost(14, 19, 48).
cost(14, 20, 47).
cost(14, 21, 48).
cost(14, 22, 54).
cost(14, 23, 59).
cost(14, 24, 79).
cost(14, 25, 74).
cost(14, 26, 78).
cost(14, 27, 86).
cost(14, 28, 82).
cost(15, 1, 79).
cost(15, 2, 69).
cost(15, 3, 75).
cost(15, 4, 69).
cost(15, 5, 80).
cost(15, 6, 36).
cost(15, 7, 30).
cost(15, 8, 43).
cost(15, 9, 37).
cost(15, 10, 33).
cost(15, 11, 27).
cost(15, 12, 44).
cost(15, 13, 31).
cost(15, 14, 13).
cost(15, 16, 7).
cost(15, 17, 16).
cost(15, 18, 5).
cost(15, 19, 52).
cost(15, 20, 52).
cost(15, 21, 53).
cost(15, 22, 58).
cost(15, 23, 64).
cost(15, 24, 68).
cost(15, 25, 62).
cost(15, 26, 66).
cost(15, 27, 75).
cost(15, 28, 70).
cost(16, 1, 86).
cost(16, 2, 76).
cost(16, 3, 82).
cost(16, 4, 76).
cost(16, 5, 87).
cost(16, 6, 42).
cost(16, 7, 37).
cost(16, 8, 50).
cost(16, 9, 44).
cost(16, 10, 40).
cost(16, 11, 33).
cost(16, 12, 50).
cost(16, 13, 38).
cost(16, 14, 11).
cost(16, 15, 7).
cost(16, 17, 10).
cost(16, 18, 6).
cost(16, 19, 57).
cost(16, 20, 56).
cost(16, 21, 57).
cost(16, 22, 63).
cost(16, 23, 68).
cost(16, 24, 75).
cost(16, 25, 69).
cost(16, 26, 72).
cost(16, 27, 81).
cost(16, 28, 76).
cost(17, 1, 96).
cost(17, 2, 86).
cost(17, 3, 92).
cost(17, 4, 85).
cost(17, 5, 96).
cost(17, 6, 45).
cost(17, 7, 43).
cost(17, 8, 56).
cost(17, 9, 49).
cost(17, 10, 46).
cost(17, 11, 37).
cost(17, 12, 54).
cost(17, 13, 44).
cost(17, 14, 20).
cost(17, 15, 16).
cost(17, 16, 10).
cost(17, 18, 17).
cost(17, 19, 67).
cost(17, 20, 67).
cost(17, 21, 67).
cost(17, 22, 73).
cost(17, 23, 78).
cost(17, 24, 79).
cost(17, 25, 72).
cost(17, 26, 76).
cost(17, 27, 85).
cost(17, 28, 79).
cost(18, 1, 80).
cost(18, 2, 71).
cost(18, 3, 77).
cost(18, 4, 70).
cost(18, 5, 82).
cost(18, 6, 41).
cost(18, 7, 35).
cost(18, 8, 47).
cost(18, 9, 42).
cost(18, 10, 37).
cost(18, 11, 31).
cost(18, 12, 48).
cost(18, 13, 36).
cost(18, 14, 8).
cost(18, 15, 5).
cost(18, 16, 6).
cost(18, 17, 17).
cost(18, 19, 50).
cost(18, 20, 50).
cost(18, 21, 51).
cost(18, 22, 57).
cost(18, 23, 62).
cost(18, 24, 72).
cost(18, 25, 67).
cost(18, 26, 71).
cost(18, 27, 79).
cost(18, 28, 75).
cost(19, 1, 47).
cost(19, 2, 43).
cost(19, 3, 50).
cost(19, 4, 43).
cost(19, 5, 56).
cost(19, 6, 69).
cost(19, 7, 57).
cost(19, 8, 58).
cost(19, 9, 61).
cost(19, 10, 54).
cost(19, 11, 62).
cost(19, 12, 70).
cost(19, 13, 57).
cost(19, 14, 48).
cost(19, 15, 52).
cost(19, 16, 57).
cost(19, 17, 67).
cost(19, 18, 50).
cost(19, 20, 3).
cost(19, 21, 1).
cost(19, 22, 6).
cost(19, 23, 12).
cost(19, 24, 83).
cost(19, 25, 83).
cost(19, 26, 85).
cost(19, 27, 90).
cost(19, 28, 90).
cost(20, 1, 50).
cost(20, 2, 45).
cost(20, 3, 53).
cost(20, 4, 45).
cost(20, 5, 59).
cost(20, 6, 71).
cost(20, 7, 59).
cost(20, 8, 60).
cost(20, 9, 63).
cost(20, 10, 56).
cost(20, 11, 63).
cost(20, 12, 72).
cost(20, 13, 58).
cost(20, 14, 47).
cost(20, 15, 52).
cost(20, 16, 56).
cost(20, 17, 67).
cost(20, 18, 50).
cost(20, 19, 3).
cost(20, 21, 2).
cost(20, 22, 7).
cost(20, 23, 12).
cost(20, 24, 85).
cost(20, 25, 85).
cost(20, 26, 87).
cost(20, 27, 92).
cost(20, 28, 92).
cost(21, 1, 49).
cost(21, 2, 44).
cost(21, 3, 52).
cost(21, 4, 44).
cost(21, 5, 58).
cost(21, 6, 70).
cost(21, 7, 58).
cost(21, 8, 59).
cost(21, 9, 62).
cost(21, 10, 55).
cost(21, 11, 62).
cost(21, 12, 71).
cost(21, 13, 58).
cost(21, 14, 48).
cost(21, 15, 53).
cost(21, 16, 57).
cost(21, 17, 67).
cost(21, 18, 51).
cost(21, 19, 1).
cost(21, 20, 2).
cost(21, 22, 6).
cost(21, 23, 12).
cost(21, 24, 84).
cost(21, 25, 84).
cost(21, 26, 86).
cost(21, 27, 91).
cost(21, 28, 91).
cost(22, 1, 45).
cost(22, 2, 41).
cost(22, 3, 49).
cost(22, 4, 41).
cost(22, 5, 55).
cost(22, 6, 74).
cost(22, 7, 62).
cost(22, 8, 62).
cost(22, 9, 65).
cost(22, 10, 58).
cost(22, 11, 66).
cost(22, 12, 74).
cost(22, 13, 61).
cost(22, 14, 54).
cost(22, 15, 58).
cost(22, 16, 63).
cost(22, 17, 73).
cost(22, 18, 57).
cost(22, 19, 6).
cost(22, 20, 7).
cost(22, 21, 6).
cost(22, 23, 5).
cost(22, 24, 85).
cost(22, 25, 85).
cost(22, 26, 88).
cost(22, 27, 92).
cost(22, 28, 93).
cost(23, 1, 43).
cost(23, 2, 41).
cost(23, 3, 48).
cost(23, 4, 41).
cost(23, 5, 54).
cost(23, 6, 78).
cost(23, 7, 66).
cost(23, 8, 65).
cost(23, 9, 69).
cost(23, 10, 62).
cost(23, 11, 71).
cost(23, 12, 78).
cost(23, 13, 65).
cost(23, 14, 59).
cost(23, 15, 64).
cost(23, 16, 68).
cost(23, 17, 78).
cost(23, 18, 62).
cost(23, 19, 12).
cost(23, 20, 12).
cost(23, 21, 12).
cost(23, 22, 5).
cost(23, 24, 88).
cost(23, 25, 88).
cost(23, 26, 91).
cost(23, 27, 94).
cost(23, 28, 95).
cost(24, 1, 64).
cost(24, 2, 56).
cost(24, 3, 54).
cost(24, 4, 55).
cost(24, 5, 54).
cost(24, 6, 34).
cost(24, 7, 38).
cost(24, 8, 27).
cost(24, 9, 31).
cost(24, 10, 36).
cost(24, 11, 42).
cost(24, 12, 25).
cost(24, 13, 37).
cost(24, 14, 79).
cost(24, 15, 68).
cost(24, 16, 75).
cost(24, 17, 79).
cost(24, 18, 72).
cost(24, 19, 83).
cost(24, 20, 85).
cost(24, 21, 84).
cost(24, 22, 85).
cost(24, 23, 88).
cost(24, 25, 8).
cost(24, 26, 6).
cost(24, 27, 7).
cost(24, 28, 9).
cost(25, 1, 68).
cost(25, 2, 60).
cost(25, 3, 59).
cost(25, 4, 59).
cost(25, 5, 59).
cost(25, 6, 27).
cost(25, 7, 33).
cost(25, 8, 25).
cost(25, 9, 26).
cost(25, 10, 32).
cost(25, 11, 36).
cost(25, 12, 19).
cost(25, 13, 32).
cost(25, 14, 74).
cost(25, 15, 62).
cost(25, 16, 69).
cost(25, 17, 72).
cost(25, 18, 67).
cost(25, 19, 83).
cost(25, 20, 85).
cost(25, 21, 84).
cost(25, 22, 85).
cost(25, 23, 88).
cost(25, 24, 8).
cost(25, 26, 4).
cost(25, 27, 13).
cost(25, 28, 8).
cost(26, 1, 69).
cost(26, 2, 61).
cost(26, 3, 60).
cost(26, 4, 60).
cost(26, 5, 59).
cost(26, 6, 31).
cost(26, 7, 36).
cost(26, 8, 28).
cost(26, 9, 29).
cost(26, 10, 36).
cost(26, 11, 40).
cost(26, 12, 23).
cost(26, 13, 36).
cost(26, 14, 78).
cost(26, 15, 66).
cost(26, 16, 72).
cost(26, 17, 76).
cost(26, 18, 71).
cost(26, 19, 85).
cost(26, 20, 87).
cost(26, 21, 86).
cost(26, 22, 88).
cost(26, 23, 91).
cost(26, 24, 6).
cost(26, 25, 4).
cost(26, 27, 9).
cost(26, 28, 5).
cost(27, 1, 69).
cost(27, 2, 62).
cost(27, 3, 59).
cost(27, 4, 61).
cost(27, 5, 58).
cost(27, 6, 40).
cost(27, 7, 45).
cost(27, 8, 34).
cost(27, 9, 38).
cost(27, 10, 43).
cost(27, 11, 49).
cost(27, 12, 31).
cost(27, 13, 44).
cost(27, 14, 86).
cost(27, 15, 75).
cost(27, 16, 81).
cost(27, 17, 85).
cost(27, 18, 79).
cost(27, 19, 90).
cost(27, 20, 92).
cost(27, 21, 91).
cost(27, 22, 92).
cost(27, 23, 94).
cost(27, 24, 7).
cost(27, 25, 13).
cost(27, 26, 9).
cost(27, 28, 8).
cost(28, 1, 73).
cost(28, 2, 65).
cost(28, 3, 63).
cost(28, 4, 64).
cost(28, 5, 62).
cost(28, 6, 35).
cost(28, 7, 41).
cost(28, 8, 32).
cost(28, 9, 34).
cost(28, 10, 40).
cost(28, 11, 44).
cost(28, 12, 26).
cost(28, 13, 40).
cost(28, 14, 82).
cost(28, 15, 70).
cost(28, 16, 76).
cost(28, 17, 79).
cost(28, 18, 75).
cost(28, 19, 90).
cost(28, 20, 92).
cost(28, 21, 91).
cost(28, 22, 93).
cost(28, 23, 95).
cost(28, 24, 9).
cost(28, 25, 8).
cost(28, 26, 5).
cost(28, 27, 8).
