dimension(28).
point(1, 66.2947835005, 31.4529865959).
point(2, 57.1745621835, 23.1829663368).
point(3, 57.6641617361, 9.4555947492).
point(4, 62.4206718516, 20.8411054704).
point(5, 59.8665603296, 30.6169714526).
point(6, 25.2029410929, 39.7538078021).
point(7, 19.2360186099, 34.1544780704).
point(8, 24.1568112658, 34.6249467128).
point(9, 18.8048895038, 37.3663729555).
point(10, 21.3327794087, 41.3034910604).
point(11, 87.3270086049, 79.1517284439).
point(12, 91.9131086165, 83.6641474442).
point(13, 88.3061433806, 87.3135938786).
point(14, 98.3003868978, 87.4512415044).
point(15, 87.4266623293, 84.4611699214).
point(16, 72.059489523, 69.4159373149).
point(17, 68.0240454929, 75.4945504446).
point(18, 67.0403733696, 86.5210446901).
point(19, 75.6918405792, 77.6117561025).
point(20, 71.8933803597, 79.1052606282).
point(21, 20.4148622372, 4.6802841991).
point(22, 2.7757040416, 14.4986845834).
point(23, 11.2782309667, 15.1191770089).
point(24, 8.326899379, 7.4536128205).
point(25, 7.6638946536, 6.746999164).
point(26, 14.0247382988, 14.8519964542).
point(27, 1.5051243154, 19.2967362704).
point(28, 3.3312782755, 1.9852666493).
cost(1, 2, 12).
cost(1, 3, 24).
cost(1, 4, 11).
cost(1, 5, 6).
cost(1, 6, 42).
cost(1, 7, 47).
cost(1, 8, 42).
cost(1, 9, 48).
cost(1, 10, 46).
cost(1, 11, 52).
cost(1, 12, 58).
cost(1, 13, 60).
cost(1, 14, 64).
cost(1, 15, 57).
cost(1, 16, 38).
cost(1, 17, 44).
cost(1, 18, 55).
cost(1, 19, 47).
cost(1, 20, 48).
cost(1, 21, 53).
cost(1, 22, 66).
cost(1, 23, 57).
cost(1, 24, 63).
cost(1, 25, 64).
cost(1, 26, 55).
cost(1, 27, 66).
cost(1, 28, 70).
cost(2, 1, 12).
cost(2, 3, 14).
cost(2, 4, 6).
cost(2, 5, 8).
cost(2, 6, 36).
cost(2, 7, 39).
cost(2, 8, 35).
cost(2, 9, 41).
cost(2, 10, 40).
cost(2, 11, 64).
cost(2, 12, 70).
cost(2, 13, 71).
cost(2, 14, 76).
cost(2, 15, 68).
cost(2, 16, 49).
cost(2, 17, 53).
cost(2, 18, 64).
cost(2, 19, 57).
cost(2, 20, 58).
cost(2, 21, 41).
cost(2, 22, 55).
cost(2, 23, 47).
cost(2, 24, 51).
cost(2, 25, 52).
cost(2, 26, 44).
cost(2, 27, 56).
cost(2, 28, 58).
cost(3, 1, 24).
cost(3, 2, 14).
cost(3, 4, 12).
cost(3, 5, 21).
cost(3, 6, 44).
cost(3, 7, 46).
cost(3, 8, 42).
cost(3, 9, 48).
cost(3, 10, 48).
cost(3, 11, 76).
cost(3, 12, 82).
cost(3, 13, 84).
cost(3, 14, 88).
cost(3, 15, 81).
cost(3, 16, 62).
cost(3, 17, 67).
cost(3, 18, 78).
cost(3, 19, 71).
cost(3, 20, 71).
cost(3, 21, 38).
cost(3, 22, 55).
cost(3, 23, 47).
cost(3, 24, 49).
cost(3, 25, 50).
cost(3, 26, 44).
cost(3, 27, 57).
cost(3, 28, 55).
cost(4, 1, 11).
cost(4, 2, 6).
cost(4, 3, 12).
cost(4, 5, 10).
cost(4, 6, 42).
cost(4, 7, 45).
cost(4, 8, 41).
cost(4, 9, 47).
cost(4, 10, 46).
cost(4, 11, 63).
cost(4, 12, 69).
cost(4, 13, 71).
cost(4, 14, 76).
cost(4, 15, 68).
cost(4, 16, 50).
cost(4, 17, 55).
cost(4, 18, 66).
cost(4, 19, 58).
cost(4, 20, 59).
cost(4, 21, 45).
cost(4, 22, 60).
cost(4, 23, 51).
cost(4, 24, 56).
cost(4, 25, 57).
cost(4, 26, 49).
cost(4, 27, 61).
cost(4, 28, 62).
cost(5, 1, 6).
cost(5, 2, 8).
cost(5, 3, 21).
cost(5, 4, 10).
cost(5, 6, 36).
cost(5, 7, 41).
cost(5, 8, 36).
cost(5, 9, 42).
cost(5, 10, 40).
cost(5, 11, 56).
cost(5, 12, 62).
cost(5, 13, 63).
cost(5, 14, 69).
cost(5, 15, 60).
cost(5, 16, 41).
cost(5, 17, 46).
cost(5, 18, 56).
cost(5, 19, 50).
cost(5, 20, 50).
cost(5, 21, 47).
cost(5, 22, 59).
cost(5, 23, 51).
cost(5, 24, 57).
cost(5, 25, 57).
cost(5, 26, 48).
cost(5, 27, 59).
cost(5, 28, 63).
cost(6, 1, 42).
cost(6, 2, 36).
cost(6, 3, 44).
cost(6, 4, 42).
cost(6, 5, 36).
cost(6, 7, 8).
cost(6, 8, 5).
cost(6, 9, 7).
cost(6, 10, 4).
cost(6, 11, 74).
cost(6, 12, 80).
cost(6, 13, 79).
cost(6, 14, 87).
cost(6, 15, 77).
cost(6, 16, 55).
cost(6, 17, 56).
cost(6, 18, 63).
cost(6, 19, 63).
cost(6, 20, 61).
cost(6, 21, 35).
cost(6, 22, 34).
cost(6, 23, 28).
cost(6, 24, 36).
cost(6, 25, 37).
cost(6, 26, 27).
cost(6, 27, 31).
cost(6, 28, 44).
cost(7, 1, 47).
cost(7, 2, 39).
cost(7, 3, 46).
cost(7, 4, 45).
cost(7, 5, 41).
cost(7, 6, 8).
cost(7, 8, 5).
cost(7, 9, 3).
cost(7, 10, 7).
cost(7, 11, 82).
cost(7, 12, 88).
cost(7, 13, 87).
cost(7, 14, 95).
cost(7, 15, 85).
cost(7, 16, 64).
cost(7, 17, 64).
cost(7, 18, 71).
cost(7, 19, 71).
cost(7, 20, 69).
cost(7, 21, 29).
cost(7, 22, 26).
cost(7, 23, 21).
cost(7, 24, 29).
cost(7, 25, 30).
cost(7, 26, 20).
cost(7, 27, 23).
cost(7, 28, 36).
cost(8, 1, 42).
cost(8, 2, 35).
cost(8, 3, 42).
cost(8, 4, 41).
cost(8, 5, 36).
cost(8, 6, 5).
cost(8, 7, 5).
cost(8, 9, 6).
cost(8, 10, 7).
cost(8, 11, 77).
cost(8, 12, 84).
cost(8, 13, 83).
cost(8, 14, 91).
cost(8, 15, 81).
cost(8, 16, 59).
cost(8, 17, 60).
cost(8, 18, 67).
cost(8, 19, 67).
cost(8, 20, 65).
cost(8, 21, 30).
cost(8, 22, 29).
cost(8, 23, 23).
cost(8, 24, 31).
cost(8, 25, 32).
cost(8, 26, 22).
cost(8, 27, 27).
cost(8, 28, 39).
cost(9, 1, 48).
cost(9, 2, 41).
cost(9, 3, 48).
cost(9, 4, 47).
cost(9, 5, 42).
cost(9, 6, 7).
cost(9, 7, 3).
cost(9, 8, 6).
cost(9, 10, 5).
cost(9, 11, 80).
cost(9, 12, 87).
cost(9, 13, 86).
cost(9, 14, 94).
cost(9, 15, 83).
cost(9, 16, 62).
cost(9, 17, 62).
cost(9, 18, 69).
cost(9, 19, 70).
cost(9, 20, 68).
cost(9, 21, 33).
cost(9, 22, 28).
cost(9, 23, 23).
cost(9, 24, 32).
cost(9, 25, 33).
cost(9, 26, 23).
cost(9, 27, 25).
cost(9, 28, 39).
cost(10, 1, 46).
cost(10, 2, 40).
cost(10, 3, 48).
cost(10, 4, 46).
cost(10, 5, 40).
cost(10, 6, 4).
cost(10, 7, 7).
cost(10, 8, 7).
cost(10, 9, 5).
cost(10, 11, 76).
cost(10, 12, 82).
cost(10, 13, 81).
cost(10, 14, 90).
cost(10, 15, 79).
cost(10, 16, 58).
cost(10, 17, 58).
cost(10, 18, 64).
cost(10, 19, 65).
cost(10, 20, 63).
cost(10, 21, 37).
cost(10, 22, 33).
cost(10, 23, 28).
cost(10, 24, 36).
cost(10, 25, 37).
cost(10, 26, 27).
cost(10, 27, 30).
cost(10, 28, 43).
cost(11, 1, 52).
cost(11, 2, 64).
cost(11, 3, 76).
cost(11, 4, 63).
cost(11, 5, 56).
cost(11, 6, 74).
cost(11, 7, 82).
cost(11, 8, 77).
cost(11, 9, 80).
cost(11, 10, 76).
cost(11, 12, 6).
cost(11, 13, 8).
cost(11, 14, 14).
cost(11, 15, 5).
cost(11, 16, 18).
cost(11, 17, 20).
cost(11, 18, 22).
cost(11, 19, 12).
cost(11, 20, 15).
cost(11, 21, 100).
cost(11, 22, 106).
cost(11, 23, 99).
cost(11, 24, 107).
cost(11, 25, 108).
cost(11, 26, 98).
cost(11, 27, 105).
cost(11, 28, 114).
cost(12, 1, 58).
cost(12, 2, 70).
cost(12, 3, 82).
cost(12, 4, 69).
cost(12, 5, 62).
cost(12, 6, 80).
cost(12, 7, 88).
cost(12, 8, 84).
cost(12, 9, 87).
cost(12, 10, 82).
cost(12, 11, 6).
cost(12, 13, 5).
cost(12, 14, 7).
cost(12, 15, 5).
cost(12, 16, 24).
cost(12, 17, 25).
cost(12, 18, 25).
cost(12, 19, 17).
cost(12, 20, 21).
cost(12, 21, 107).
cost(12, 22, 113).
cost(12, 23, 106).
cost(12, 24, 113).
cost(12, 25, 114).
cost(12, 26, 104).
cost(12, 27, 111).
cost(12, 28, 120).
cost(13, 1, 60).
cost(13, 2, 71).
cost(13, 3, 84).
cost(13, 4, 71).
cost(13, 5, 63).
cost(13, 6, 79).
cost(13, 7, 87).
cost(13, 8, 83).
cost(13, 9, 86).
cost(13, 10, 81).
cost(13, 11, 8).
cost(13, 12, 5).
cost(13, 14, 10).
cost(13, 15, 3).
cost(13, 16, 24).
cost(13, 17, 23).
cost(13, 18, 21).
cost(13, 19, 16).
cost(13, 20, 18).
cost(13, 21, 107).
cost(13, 22, 112).
cost(13, 23, 106).
cost(13, 24, 113).
cost(13, 25, 114).
cost(13, 26, 104).
cost(13, 27, 110).
cost(13, 28, 120).
cost(14, 1, 64).
cost(14, 2, 76).
cost(14, 3, 88).
cost(14, 4, 76).
cost(14, 5, 69).
cost(14, 6, 87).
cost(14, 7, 95).
cost(14, 8, 91).
cost(14, 9, 94).
cost(14, 10, 90).
cost(14, 11, 14).
cost(14, 12, 7).
cost(14, 13, 10).
cost(14, 15, 11).
cost(14, 16, 32).
cost(14, 17, 33).
cost(14, 18, 31).
cost(14, 19, 25).
cost(14, 20, 28).
cost(14, 21, 114).
cost(14, 22, 120).
cost(14, 23, 113).
cost(14, 24, 120).
cost(14, 25, 121).
cost(14, 26, 111).
cost(14, 27, 118).
cost(14, 28, 128).
cost(15, 1, 57).
cost(15, 2, 68).
cost(15, 3, 81).
cost(15, 4, 68).
cost(15, 5, 60).
cost(15, 6, 77).
cost(15, 7, 85).
cost(15, 8, 81).
cost(15, 9, 83).
cost(15, 10, 79).
cost(15, 11, 5).
cost(15, 12, 5).
cost(15, 13, 3).
cost(15, 14, 11).
cost(15, 16, 22).
cost(15, 17, 21).
cost(15, 18, 20).
cost(15, 19, 14).
cost(15, 20, 16).
cost(15, 21, 104).
cost(15, 22, 110).
cost(15, 23, 103).
cost(15, 24, 110).
cost(15, 25, 111).
cost(15, 26, 101).
cost(15, 27, 108).
cost(15, 28, 118).
cost(16, 1, 38).
cost(16, 2, 49).
cost(16, 3, 62).
cost(16, 4, 50).
cost(16, 5, 41).
cost(16, 6, 55).
cost(16, 7, 64).
cost(16, 8, 59).
cost(16, 9, 62).
cost(16, 10, 58).
cost(16, 11, 18).
cost(16, 12, 24).
cost(16, 13, 24).
cost(16, 14, 32).
cost(16, 15, 22).
cost(16, 17, 7).
cost(16, 18, 18).
cost(16, 19, 9).
cost(16, 20, 10).
cost(16, 21, 83).
cost(16, 22, 88).
cost(16, 23, 82).
cost(16, 24, 89).
cost(16, 25, 90).
cost(16, 26, 80).
cost(16, 27, 87).
cost(16, 28, 96).
cost(17, 1, 44).
cost(17, 2, 53).
cost(17, 3, 67).
cost(17, 4, 55).
cost(17, 5, 46).
cost(17, 6, 56).
cost(17, 7, 64).
cost(17, 8, 60).
cost(17, 9, 62).
cost(17, 10, 58).
cost(17, 11, 20).
cost(17, 12, 25).
cost(17, 13, 23).
cost(17, 14, 33).
cost(17, 15, 21).
cost(17, 16, 7).
cost(17, 18, 11).
cost(17, 19, 8).
cost(17, 20, 5).
cost(17, 21, 85).
cost(17, 22, 89).
cost(17, 23, 83).
cost(17, 24, 91).
cost(17, 25, 91).
cost(17, 26, 81).
cost(17, 27, 87).
cost(17, 28, 98).
cost(18, 1, 55).
cost(18, 2, 64).
cost(18, 3, 78).
cost(18, 4, 66).
cost(18, 5, 56).
cost(18, 6, 63).
cost(18, 7, 71).
cost(18, 8, 67).
cost(18, 9, 69).
cost(18, 10, 64).
cost(18, 11, 22).
cost(18, 12, 25).
cost(18, 13, 21).
cost(18, 14, 31).
cost(18, 15, 20).
cost(18, 16, 18).
cost(18, 17, 11).
cost(18, 19, 12).
cost(18, 20, 9).
cost(18, 21, 94).
cost(18, 22, 97).
cost(18, 23, 91).
cost(18, 24, 98).
cost(18, 25, 99).
cost(18, 26, 89).
cost(18, 27, 94).
cost(18, 28, 106).
cost(19, 1, 47).
cost(19, 2, 57).
cost(19, 3, 71).
cost(19, 4, 58).
cost(19, 5, 50).
cost(19, 6, 63).
cost(19, 7, 71).
cost(19, 8, 67).
cost(19, 9, 70).
cost(19, 10, 65).
cost(19, 11, 12).
cost(19, 12, 17).
cost(19, 13, 16).
cost(19, 14, 25).
cost(19, 15, 14).
cost(19, 16, 9).
cost(19, 17, 8).
cost(19, 18, 12).
cost(19, 20, 4).
cost(19, 21, 92).
cost(19, 22, 96).
cost(19, 23, 90).
cost(19, 24, 97).
cost(19, 25, 98).
cost(19, 26, 88).
cost(19, 27, 94).
cost(19, 28, 105).
cost(20, 1, 48).
cost(20, 2, 58).
cost(20, 3, 71).
cost(20, 4, 59).
cost(20, 5, 50).
cost(20, 6, 61).
cost(20, 7, 69).
cost(20, 8, 65).
cost(20, 9, 68).
cost(20, 10, 63).
cost(20, 11, 15).
cost(20, 12, 21).
cost(20, 13, 18).
cost(20, 14, 28).
cost(20, 15, 16).
cost(20, 16, 10).
cost(20, 17, 5).
cost(20, 18, 9).
cost(20, 19, 4).
cost(20, 21, 90).
cost(20, 22, 95).
cost(20, 23, 88).
cost(20, 24, 96).
cost(20, 25, 97).
cost(20, 26, 86).
cost(20, 27, 92).
cost(20, 28, 103).
cost(21, 1, 53).
cost(21, 2, 41).
cost(21, 3, 38).
cost(21, 4, 45).
cost(21, 5, 47).
cost(21, 6, 35).
cost(21, 7, 29).
cost(21, 8, 30).
cost(21, 9, 33).
cost(21, 10, 37).
cost(21, 11, 100).
cost(21, 12, 107).
cost(21, 13, 107).
cost(21, 14, 114).
cost(21, 15, 104).
cost(21, 16, 83).
cost(21, 17, 85).
cost(21, 18, 94).
cost(21, 19, 92).
cost(21, 20, 90).
cost(21, 22, 20).
cost(21, 23, 14).
cost(21, 24, 12).
cost(21, 25, 13).
cost(21, 26, 12).
cost(21, 27, 24).
cost(21, 28, 17).
cost(22, 1, 66).
cost(22, 2, 55).
cost(22, 3, 55).
cost(22, 4, 60).
cost(22, 5, 59).
cost(22, 6, 34).
cost(22, 7, 26).
cost(22, 8, 29).
cost(22, 9, 28).
cost(22, 10, 33).
cost(22, 11, 106).
cost(22, 12, 113).
cost(22, 13, 112).
cost(22, 14, 120).
cost(22, 15, 110).
cost(22, 16, 88).
cost(22, 17, 89).
cost(22, 18, 97).
cost(22, 19, 96).
cost(22, 20, 95).
cost(22, 21, 20).
cost(22, 23, 9).
cost(22, 24, 9).
cost(22, 25, 9).
cost(22, 26, 11).
cost(22, 27, 5).
cost(22, 28, 13).
cost(23, 1, 57).
cost(23, 2, 47).
cost(23, 3, 47).
cost(23, 4, 51).
cost(23, 5, 51).
cost(23, 6, 28).
cost(23, 7, 21).
cost(23, 8, 23).
cost(23, 9, 23).
cost(23, 10, 28).
cost(23, 11, 99).
cost(23, 12, 106).
cost(23, 13, 106).
cost(23, 14, 113).
cost(23, 15, 103).
cost(23, 16, 82).
cost(23, 17, 83).
cost(23, 18, 91).
cost(23, 19, 90).
cost(23, 20, 88).
cost(23, 21, 14).
cost(23, 22, 9).
cost(23, 24, 8).
cost(23, 25, 9).
cost(23, 26, 3).
cost(23, 27, 11).
cost(23, 28, 15).
cost(24, 1, 63).
cost(24, 2, 51).
cost(24, 3, 49).
cost(24, 4, 56).
cost(24, 5, 57).
cost(24, 6, 36).
cost(24, 7, 29).
cost(24, 8, 31).
cost(24, 9, 32).
cost(24, 10, 36).
cost(24, 11, 107).
cost(24, 12, 113).
cost(24, 13, 113).
cost(24, 14, 120).
cost(24, 15, 110).
cost(24, 16, 89).
cost(24, 17, 91).
cost(24, 18, 98).
cost(24, 19, 97).
cost(24, 20, 96).
cost(24, 21, 12).
cost(24, 22, 9).
cost(24, 23, 8).
cost(24, 25, 1).
cost(24, 26, 9).
cost(24, 27, 14).
cost(24, 28, 7).
cost(25, 1, 64).
cost(25, 2, 52).
cost(25, 3, 50).
cost(25, 4, 57).
cost(25, 5, 57).
cost(25, 6, 37).
cost(25, 7, 30).
cost(25, 8, 32).
cost(25, 9, 33).
cost(25, 10, 37).
cost(25, 11, 108).
cost(25, 12, 114).
cost(25, 13, 114).
cost(25, 14, 121).
cost(25, 15, 111).
cost(25, 16, 90).
cost(25, 17, 91).
cost(25, 18, 99).
cost(25, 19, 98).
cost(25, 20, 97).
cost(25, 21, 13).
cost(25, 22, 9).
cost(25, 23, 9).
cost(25, 24, 1).
cost(25, 26, 10).
cost(25, 27, 14).
cost(25, 28, 6).
cost(26, 1, 55).
cost(26, 2, 44).
cost(26, 3, 44).
cost(26, 4, 49).
cost(26, 5, 48).
cost(26, 6, 27).
cost(26, 7, 20).
cost(26, 8, 22).
cost(26, 9, 23).
cost(26, 10, 27).
cost(26, 11, 98).
cost(26, 12, 104).
cost(26, 13, 104).
cost(26, 14, 111).
cost(26, 15, 101).
cost(26, 16, 80).
cost(26, 17, 81).
cost(26, 18, 89).
cost(26, 19, 88).
cost(26, 20, 86).
cost(26, 21, 12).
cost(26, 22, 11).
cost(26, 23, 3).
cost(26, 24, 9).
cost(26, 25, 10).
cost(26, 27, 13).
cost(26, 28, 17).
cost(27, 1, 66).
cost(27, 2, 56).
cost(27, 3, 57).
cost(27, 4, 61).
cost(27, 5, 59).
cost(27, 6, 31).
cost(27, 7, 23).
cost(27, 8, 27).
cost(27, 9, 25).
cost(27, 10, 30).
cost(27, 11, 105).
cost(27, 12, 111).
cost(27, 13, 110).
cost(27, 14, 118).
cost(27, 15, 108).
cost(27, 16, 87).
cost(27, 17, 87).
cost(27, 18, 94).
cost(27, 19, 94).
cost(27, 20, 92).
cost(27, 21, 24).
cost(27, 22, 5).
cost(27, 23, 11).
cost(27, 24, 14).
cost(27, 25, 14).
cost(27, 26, 13).
cost(27, 28, 17).
cost(28, 1, 70).
cost(28, 2, 58).
cost(28, 3, 55).
cost(28, 4, 62).
cost(28, 5, 63).
cost(28, 6, 44).
cost(28, 7, 36).
cost(28, 8, 39).
cost(28, 9, 39).
cost(28, 10, 43).
cost(28, 11, 114).
cost(28, 12, 120).
cost(28, 13, 120).
cost(28, 14, 128).
cost(28, 15, 118).
cost(28, 16, 96).
cost(28, 17, 98).
cost(28, 18, 106).
cost(28, 19, 105).
cost(28, 20, 103).
cost(28, 21, 17).
cost(28, 22, 13).
cost(28, 23, 15).
cost(28, 24, 7).
cost(28, 25, 6).
cost(28, 26, 17).
cost(28, 27, 17).
