dimension(28).
point(1, 20.9439131886, 82.2055712981).
point(2, 30.9672881067, 72.8679872058).
point(3, 15.7715049176, 79.8228412787).
point(4, 26.8932571662, 75.9806728174).
point(5, 26.4910404767, 82.3659170265).
point(6, 97.4797120015, 12.0746168601).
point(7, 92.4081707547, 11.0492943845).
point(8, 94.2914813786, 0.164004861).
point(9, 94.1604488067, 13.9503142976).
point(10, 87.1061422662, 7.6868308345).
point(11, 96.1777215155, 2.6478595214).
point(12, 90.745409168, 12.4486487229).
point(13, 87.1429774633, 9.0874594758).
point(14, 1.1026113028, 63.6347144286).
point(15, 4.4298957217, 51.0037741793).
point(16, 8.619663976, 53.3062514669).
point(17, 8.1142891366, 49.8610326102).
point(18, 7.6021865424, 50.0213104191).
point(19, 81.8414025488, 97.9580127297).
point(20, 72.9955912879, 93.6032554167).
point(21, 76.9539276909, 96.1206055977).
point(22, 73.7869995868, 94.8414433717).
point(23, 83.7383923456, 88.2886586196).
point(24, 57.2999245051, 22.6554296194).
point(25, 43.3135527912, 21.8369138087).
point(26, 56.0678722938, 16.0125643321).
point(27, 61.3818454091, 21.181856694).
point(28, 53.0238153693, 26.3429975419).
cost(1, 2, 14).
cost(1, 3, 6).
cost(1, 4, 9).
cost(1, 5, 6).
cost(1, 6, 104).
cost(1, 7, 101).
cost(1, 8, 110).
cost(1, 9, 100).
cost(1, 10, 100).
cost(1, 11, 109).
cost(1, 12, 99).
cost(1, 13, 99).
cost(1, 14, 27).
cost(1, 15, 35).
cost(1, 16, 31).
cost(1, 17, 35).
cost(1, 18, 35).
cost(1, 19, 63).
cost(1, 20, 53).
cost(1, 21, 58).
cost(1, 22, 54).
cost(1, 23, 63).
cost(1, 24, 70).
cost(1, 25, 64).
cost(1, 26, 75).
cost(1, 27, 73).
cost(1, 28, 64).
cost(2, 1, 14).
cost(2, 3, 17).
cost(2, 4, 5).
cost(2, 5, 10).
cost(2, 6, 90).
cost(2, 7, 87).
cost(2, 8, 96).
cost(2, 9, 86).
cost(2, 10, 86).
cost(2, 11, 96).
cost(2, 12, 85).
cost(2, 13, 85).
cost(2, 14, 31).
cost(2, 15, 34).
cost(2, 16, 30).
cost(2, 17, 32).
cost(2, 18, 33).
cost(2, 19, 57).
cost(2, 20, 47).
cost(2, 21, 52).
cost(2, 22, 48).
cost(2, 23, 55).
cost(2, 24, 57).
cost(2, 25, 53).
cost(2, 26, 62).
cost(2, 27, 60).
cost(2, 28, 51).
cost(3, 1, 6).
cost(3, 2, 17).
cost(3, 4, 12).
cost(3, 5, 11).
cost(3, 6, 106).
cost(3, 7, 103).
cost(3, 8, 112).
cost(3, 9, 102).
cost(3, 10, 101).
cost(3, 11, 111).
cost(3, 12, 101).
cost(3, 13, 100).
cost(3, 14, 22).
cost(3, 15, 31).
cost(3, 16, 27).
cost(3, 17, 31).
cost(3, 18, 31).
cost(3, 19, 69).
cost(3, 20, 59).
cost(3, 21, 63).
cost(3, 22, 60).
cost(3, 23, 68).
cost(3, 24, 71).
cost(3, 25, 64).
cost(3, 26, 75).
cost(3, 27, 74).
cost(3, 28, 65).
cost(4, 1, 9).
cost(4, 2, 5).
cost(4, 3, 12).
cost(4, 5, 6).
cost(4, 6, 95).
cost(4, 7, 92).
cost(4, 8, 101).
cost(4, 9, 92).
cost(4, 10, 91).
cost(4, 11, 101).
cost(4, 12, 90).
cost(4, 13, 90).
cost(4, 14, 29).
cost(4, 15, 34).
cost(4, 16, 29).
cost(4, 17, 32).
cost(4, 18, 32).
cost(4, 19, 59).
cost(4, 20, 49).
cost(4, 21, 54).
cost(4, 22, 51).
cost(4, 23, 58).
cost(4, 24, 61).
cost(4, 25, 57).
cost(4, 26, 67).
cost(4, 27, 65).
cost(4, 28, 56).
cost(5, 1, 6).
cost(5, 2, 10).
cost(5, 3, 11).
cost(5, 4, 6).
cost(5, 6, 100).
cost(5, 7, 97).
cost(5, 8, 107).
cost(5, 9, 96).
cost(5, 10, 96).
cost(5, 11, 106).
cost(5, 12, 95).
cost(5, 13, 95).
cost(5, 14, 32).
cost(5, 15, 38).
cost(5, 16, 34).
cost(5, 17, 37).
cost(5, 18, 37).
cost(5, 19, 58).
cost(5, 20, 48).
cost(5, 21, 52).
cost(5, 22, 49).
cost(5, 23, 58).
cost(5, 24, 67).
cost(5, 25, 63).
cost(5, 26, 73).
cost(5, 27, 70).
cost(5, 28, 62).
cost(6, 1, 104).
cost(6, 2, 90).
cost(6, 3, 106).
cost(6, 4, 95).
cost(6, 5, 100).
cost(6, 7, 5).
cost(6, 8, 12).
cost(6, 9, 4).
cost(6, 10, 11).
cost(6, 11, 10).
cost(6, 12, 7).
cost(6, 13, 11).
cost(6, 14, 109).
cost(6, 15, 101).
cost(6, 16, 98).
cost(6, 17, 97).
cost(6, 18, 98).
cost(6, 19, 87).
cost(6, 20, 85).
cost(6, 21, 87).
cost(6, 22, 86).
cost(6, 23, 77).
cost(6, 24, 42).
cost(6, 25, 55).
cost(6, 26, 42).
cost(6, 27, 37).
cost(6, 28, 47).
cost(7, 1, 101).
cost(7, 2, 87).
cost(7, 3, 103).
cost(7, 4, 92).
cost(7, 5, 97).
cost(7, 6, 5).
cost(7, 8, 11).
cost(7, 9, 3).
cost(7, 10, 6).
cost(7, 11, 9).
cost(7, 12, 2).
cost(7, 13, 6).
cost(7, 14, 105).
cost(7, 15, 97).
cost(7, 16, 94).
cost(7, 17, 93).
cost(7, 18, 93).
cost(7, 19, 88).
cost(7, 20, 85).
cost(7, 21, 86).
cost(7, 22, 86).
cost(7, 23, 78).
cost(7, 24, 37).
cost(7, 25, 50).
cost(7, 26, 37).
cost(7, 27, 33).
cost(7, 28, 42).
cost(8, 1, 110).
cost(8, 2, 96).
cost(8, 3, 112).
cost(8, 4, 101).
cost(8, 5, 107).
cost(8, 6, 12).
cost(8, 7, 11).
cost(8, 9, 14).
cost(8, 10, 10).
cost(8, 11, 3).
cost(8, 12, 13).
cost(8, 13, 11).
cost(8, 14, 113).
cost(8, 15, 103).
cost(8, 16, 101).
cost(8, 17, 99).
cost(8, 18, 100).
cost(8, 19, 99).
cost(8, 20, 96).
cost(8, 21, 98).
cost(8, 22, 97).
cost(8, 23, 89).
cost(8, 24, 43).
cost(8, 25, 55).
cost(8, 26, 41).
cost(8, 27, 39).
cost(8, 28, 49).
cost(9, 1, 100).
cost(9, 2, 86).
cost(9, 3, 102).
cost(9, 4, 92).
cost(9, 5, 96).
cost(9, 6, 4).
cost(9, 7, 3).
cost(9, 8, 14).
cost(9, 10, 9).
cost(9, 11, 11).
cost(9, 12, 4).
cost(9, 13, 9).
cost(9, 14, 105).
cost(9, 15, 97).
cost(9, 16, 94).
cost(9, 17, 93).
cost(9, 18, 94).
cost(9, 19, 85).
cost(9, 20, 82).
cost(9, 21, 84).
cost(9, 22, 83).
cost(9, 23, 75).
cost(9, 24, 38).
cost(9, 25, 51).
cost(9, 26, 38).
cost(9, 27, 34).
cost(9, 28, 43).
cost(10, 1, 100).
cost(10, 2, 86).
cost(10, 3, 101).
cost(10, 4, 91).
cost(10, 5, 96).
cost(10, 6, 11).
cost(10, 7, 6).
cost(10, 8, 10).
cost(10, 9, 9).
cost(10, 11, 10).
cost(10, 12, 6).
cost(10, 13, 1).
cost(10, 14, 103).
cost(10, 15, 93).
cost(10, 16, 91).
cost(10, 17, 90).
cost(10, 18, 90).
cost(10, 19, 90).
cost(10, 20, 87).
cost(10, 21, 89).
cost(10, 22, 88).
cost(10, 23, 81).
cost(10, 24, 33).
cost(10, 25, 46).
cost(10, 26, 32).
cost(10, 27, 29).
cost(10, 28, 39).
cost(11, 1, 109).
cost(11, 2, 96).
cost(11, 3, 111).
cost(11, 4, 101).
cost(11, 5, 106).
cost(11, 6, 10).
cost(11, 7, 9).
cost(11, 8, 3).
cost(11, 9, 11).
cost(11, 10, 10).
cost(11, 12, 11).
cost(11, 13, 11).
cost(11, 14, 113).
cost(11, 15, 104).
cost(11, 16, 101).
cost(11, 17, 100).
cost(11, 18, 100).
cost(11, 19, 96).
cost(11, 20, 94).
cost(11, 21, 95).
cost(11, 22, 95).
cost(11, 23, 87).
cost(11, 24, 44).
cost(11, 25, 56).
cost(11, 26, 42).
cost(11, 27, 39).
cost(11, 28, 49).
cost(12, 1, 99).
cost(12, 2, 85).
cost(12, 3, 101).
cost(12, 4, 90).
cost(12, 5, 95).
cost(12, 6, 7).
cost(12, 7, 2).
cost(12, 8, 13).
cost(12, 9, 4).
cost(12, 10, 6).
cost(12, 11, 11).
cost(12, 13, 5).
cost(12, 14, 103).
cost(12, 15, 95).
cost(12, 16, 92).
cost(12, 17, 91).
cost(12, 18, 91).
cost(12, 19, 86).
cost(12, 20, 83).
cost(12, 21, 85).
cost(12, 22, 84).
cost(12, 23, 76).
cost(12, 24, 35).
cost(12, 25, 48).
cost(12, 26, 35).
cost(12, 27, 31).
cost(12, 28, 40).
cost(13, 1, 99).
cost(13, 2, 85).
cost(13, 3, 100).
cost(13, 4, 90).
cost(13, 5, 95).
cost(13, 6, 11).
cost(13, 7, 6).
cost(13, 8, 11).
cost(13, 9, 9).
cost(13, 10, 1).
cost(13, 11, 11).
cost(13, 12, 5).
cost(13, 14, 102).
cost(13, 15, 93).
cost(13, 16, 90).
cost(13, 17, 89).
cost(13, 18, 89).
cost(13, 19, 89).
cost(13, 20, 86).
cost(13, 21, 88).
cost(13, 22, 87).
cost(13, 23, 79).
cost(13, 24, 33).
cost(13, 25, 46).
cost(13, 26, 32).
cost(13, 27, 28).
cost(13, 28, 38).
cost(14, 1, 27).
cost(14, 2, 31).
cost(14, 3, 22).
cost(14, 4, 29).
cost(14, 5, 32).
cost(14, 6, 109).
cost(14, 7, 105).
cost(14, 8, 113).
cost(14, 9, 105).
cost(14, 10, 103).
cost(14, 11, 113).
cost(14, 12, 103).
cost(14, 13, 102).
cost(14, 15, 13).
cost(14, 16, 13).
cost(14, 17, 15).
cost(14, 18, 15).
cost(14, 19, 88).
cost(14, 20, 78).
cost(14, 21, 83).
cost(14, 22, 79).
cost(14, 23, 86).
cost(14, 24, 70).
cost(14, 25, 59).
cost(14, 26, 73).
cost(14, 27, 74).
cost(14, 28, 64).
cost(15, 1, 35).
cost(15, 2, 34).
cost(15, 3, 31).
cost(15, 4, 34).
cost(15, 5, 38).
cost(15, 6, 101).
cost(15, 7, 97).
cost(15, 8, 103).
cost(15, 9, 97).
cost(15, 10, 93).
cost(15, 11, 104).
cost(15, 12, 95).
cost(15, 13, 93).
cost(15, 14, 13).
cost(15, 16, 5).
cost(15, 17, 4).
cost(15, 18, 3).
cost(15, 19, 91).
cost(15, 20, 81).
cost(15, 21, 85).
cost(15, 22, 82).
cost(15, 23, 88).
cost(15, 24, 60).
cost(15, 25, 49).
cost(15, 26, 62).
cost(15, 27, 64).
cost(15, 28, 54).
cost(16, 1, 31).
cost(16, 2, 30).
cost(16, 3, 27).
cost(16, 4, 29).
cost(16, 5, 34).
cost(16, 6, 98).
cost(16, 7, 94).
cost(16, 8, 101).
cost(16, 9, 94).
cost(16, 10, 91).
cost(16, 11, 101).
cost(16, 12, 92).
cost(16, 13, 90).
cost(16, 14, 13).
cost(16, 15, 5).
cost(16, 17, 3).
cost(16, 18, 3).
cost(16, 19, 86).
cost(16, 20, 76).
cost(16, 21, 81).
cost(16, 22, 77).
cost(16, 23, 83).
cost(16, 24, 58).
cost(16, 25, 47).
cost(16, 26, 60).
cost(16, 27, 62).
cost(16, 28, 52).
cost(17, 1, 35).
cost(17, 2, 32).
cost(17, 3, 31).
cost(17, 4, 32).
cost(17, 5, 37).
cost(17, 6, 97).
cost(17, 7, 93).
cost(17, 8, 99).
cost(17, 9, 93).
cost(17, 10, 90).
cost(17, 11, 100).
cost(17, 12, 91).
cost(17, 13, 89).
cost(17, 14, 15).
cost(17, 15, 4).
cost(17, 16, 3).
cost(17, 18, 1).
cost(17, 19, 88).
cost(17, 20, 78).
cost(17, 21, 83).
cost(17, 22, 80).
cost(17, 23, 85).
cost(17, 24, 56).
cost(17, 25, 45).
cost(17, 26, 59).
cost(17, 27, 60).
cost(17, 28, 51).
cost(18, 1, 35).
cost(18, 2, 33).
cost(18, 3, 31).
cost(18, 4, 32).
cost(18, 5, 37).
cost(18, 6, 98).
cost(18, 7, 93).
cost(18, 8, 100).
cost(18, 9, 94).
cost(18, 10, 90).
cost(18, 11, 100).
cost(18, 12, 91).
cost(18, 13, 89).
cost(18, 14, 15).
cost(18, 15, 3).
cost(18, 16, 3).
cost(18, 17, 1).
cost(18, 19, 88).
cost(18, 20, 79).
cost(18, 21, 83).
cost(18, 22, 80).
cost(18, 23, 85).
cost(18, 24, 57).
cost(18, 25, 45).
cost(18, 26, 59).
cost(18, 27, 61).
cost(18, 28, 51).
cost(19, 1, 63).
cost(19, 2, 57).
cost(19, 3, 69).
cost(19, 4, 59).
cost(19, 5, 58).
cost(19, 6, 87).
cost(19, 7, 88).
cost(19, 8, 99).
cost(19, 9, 85).
cost(19, 10, 90).
cost(19, 11, 96).
cost(19, 12, 86).
cost(19, 13, 89).
cost(19, 14, 88).
cost(19, 15, 91).
cost(19, 16, 86).
cost(19, 17, 88).
cost(19, 18, 88).
cost(19, 20, 10).
cost(19, 21, 5).
cost(19, 22, 9).
cost(19, 23, 10).
cost(19, 24, 79).
cost(19, 25, 85).
cost(19, 26, 86).
cost(19, 27, 79).
cost(19, 28, 77).
cost(20, 1, 53).
cost(20, 2, 47).
cost(20, 3, 59).
cost(20, 4, 49).
cost(20, 5, 48).
cost(20, 6, 85).
cost(20, 7, 85).
cost(20, 8, 96).
cost(20, 9, 82).
cost(20, 10, 87).
cost(20, 11, 94).
cost(20, 12, 83).
cost(20, 13, 86).
cost(20, 14, 78).
cost(20, 15, 81).
cost(20, 16, 76).
cost(20, 17, 78).
cost(20, 18, 79).
cost(20, 19, 10).
cost(20, 21, 5).
cost(20, 22, 1).
cost(20, 23, 12).
cost(20, 24, 73).
cost(20, 25, 78).
cost(20, 26, 79).
cost(20, 27, 73).
cost(20, 28, 70).
cost(21, 1, 58).
cost(21, 2, 52).
cost(21, 3, 63).
cost(21, 4, 54).
cost(21, 5, 52).
cost(21, 6, 87).
cost(21, 7, 86).
cost(21, 8, 98).
cost(21, 9, 84).
cost(21, 10, 89).
cost(21, 11, 95).
cost(21, 12, 85).
cost(21, 13, 88).
cost(21, 14, 83).
cost(21, 15, 85).
cost(21, 16, 81).
cost(21, 17, 83).
cost(21, 18, 83).
cost(21, 19, 5).
cost(21, 20, 5).
cost(21, 22, 3).
cost(21, 23, 10).
cost(21, 24, 76).
cost(21, 25, 82).
cost(21, 26, 83).
cost(21, 27, 77).
cost(21, 28, 74).
cost(22, 1, 54).
cost(22, 2, 48).
cost(22, 3, 60).
cost(22, 4, 51).
cost(22, 5, 49).
cost(22, 6, 86).
cost(22, 7, 86).
cost(22, 8, 97).
cost(22, 9, 83).
cost(22, 10, 88).
cost(22, 11, 95).
cost(22, 12, 84).
cost(22, 13, 87).
cost(22, 14, 79).
cost(22, 15, 82).
cost(22, 16, 77).
cost(22, 17, 80).
cost(22, 18, 80).
cost(22, 19, 9).
cost(22, 20, 1).
cost(22, 21, 3).
cost(22, 23, 12).
cost(22, 24, 74).
cost(22, 25, 79).
cost(22, 26, 81).
cost(22, 27, 75).
cost(22, 28, 72).
cost(23, 1, 63).
cost(23, 2, 55).
cost(23, 3, 68).
cost(23, 4, 58).
cost(23, 5, 58).
cost(23, 6, 77).
cost(23, 7, 78).
cost(23, 8, 89).
cost(23, 9, 75).
cost(23, 10, 81).
cost(23, 11, 87).
cost(23, 12, 76).
cost(23, 13, 79).
cost(23, 14, 86).
cost(23, 15, 88).
cost(23, 16, 83).
cost(23, 17, 85).
cost(23, 18, 85).
cost(23, 19, 10).
cost(23, 20, 12).
cost(23, 21, 10).
cost(23, 22, 12).
cost(23, 24, 71).
cost(23, 25, 78).
cost(23, 26, 77).
cost(23, 27, 71).
cost(23, 28, 69).
cost(24, 1, 70).
cost(24, 2, 57).
cost(24, 3, 71).
cost(24, 4, 61).
cost(24, 5, 67).
cost(24, 6, 42).
cost(24, 7, 37).
cost(24, 8, 43).
cost(24, 9, 38).
cost(24, 10, 33).
cost(24, 11, 44).
cost(24, 12, 35).
cost(24, 13, 33).
cost(24, 14, 70).
cost(24, 15, 60).
cost(24, 16, 58).
cost(24, 17, 56).
cost(24, 18, 57).
cost(24, 19, 79).
cost(24, 20, 73).
cost(24, 21, 76).
cost(24, 22, 74).
cost(24, 23, 71).
cost(24, 25, 14).
cost(24, 26, 7).
cost(24, 27, 4).
cost(24, 28, 6).
cost(25, 1, 64).
cost(25, 2, 53).
cost(25, 3, 64).
cost(25, 4, 57).
cost(25, 5, 63).
cost(25, 6, 55).
cost(25, 7, 50).
cost(25, 8, 55).
cost(25, 9, 51).
cost(25, 10, 46).
cost(25, 11, 56).
cost(25, 12, 48).
cost(25, 13, 46).
cost(25, 14, 59).
cost(25, 15, 49).
cost(25, 16, 47).
cost(25, 17, 45).
cost(25, 18, 45).
cost(25, 19, 85).
cost(25, 20, 78).
cost(25, 21, 82).
cost(25, 22, 79).
cost(25, 23, 78).
cost(25, 24, 14).
cost(25, 26, 14).
cost(25, 27, 18).
cost(25, 28, 11).
cost(26, 1, 75).
cost(26, 2, 62).
cost(26, 3, 75).
cost(26, 4, 67).
cost(26, 5, 73).
cost(26, 6, 42).
cost(26, 7, 37).
cost(26, 8, 41).
cost(26, 9, 38).
cost(26, 10, 32).
cost(26, 11, 42).
cost(26, 12, 35).
cost(26, 13, 32).
cost(26, 14, 73).
cost(26, 15, 62).
cost(26, 16, 60).
cost(26, 17, 59).
cost(26, 18, 59).
cost(26, 19, 86).
cost(26, 20, 79).
cost(26, 21, 83).
cost(26, 22, 81).
cost(26, 23, 77).
cost(26, 24, 7).
cost(26, 25, 14).
cost(26, 27, 7).
cost(26, 28, 11).
cost(27, 1, 73).
cost(27, 2, 60).
cost(27, 3, 74).
cost(27, 4, 65).
cost(27, 5, 70).
cost(27, 6, 37).
cost(27, 7, 33).
cost(27, 8, 39).
cost(27, 9, 34).
cost(27, 10, 29).
cost(27, 11, 39).
cost(27, 12, 31).
cost(27, 13, 28).
cost(27, 14, 74).
cost(27, 15, 64).
cost(27, 16, 62).
cost(27, 17, 60).
cost(27, 18, 61).
cost(27, 19, 79).
cost(27, 20, 73).
cost(27, 21, 77).
cost(27, 22, 75).
cost(27, 23, 71).
cost(27, 24, 4).
cost(27, 25, 18).
cost(27, 26, 7).
cost(27, 28, 10).
cost(28, 1, 64).
cost(28, 2, 51).
cost(28, 3, 65).
cost(28, 4, 56).
cost(28, 5, 62).
cost(28, 6, 47).
cost(28, 7, 42).
cost(28, 8, 49).
cost(28, 9, 43).
cost(28, 10, 39).
cost(28, 11, 49).
cost(28, 12, 40).
cost(28, 13, 38).
cost(28, 14, 64).
cost(28, 15, 54).
cost(28, 16, 52).
cost(28, 17, 51).
cost(28, 18, 51).
cost(28, 19, 77).
cost(28, 20, 70).
cost(28, 21, 74).
cost(28, 22, 72).
cost(28, 23, 69).
cost(28, 24, 6).
cost(28, 25, 11).
cost(28, 26, 11).
cost(28, 27, 10).
