dimension(20).
point(1, 955259.0, 392374.0).
point(2, 506760.0, 536293.0).
point(3, 913495.0, 402254.0).
point(4, 905911.0, 806412.0).
point(5, 659946.0, 542907.0).
point(6, 593318.0, 172728.0).
point(7, 909351.0, 33004.0).
point(8, 788479.0, 115556.0).
point(9, 980399.0, 878003.0).
point(10, 407807.0, 210128.0).
point(11, 408645.0, 133275.0).
point(12, 849690.0, 115728.0).
point(13, 546334.0, 322244.0).
point(14, 196086.0, 842803.0).
point(15, 690136.0, 81590.0).
point(16, 855478.0, 921461.0).
point(17, 168328.0, 163049.0).
point(18, 208760.0, 823973.0).
point(19, 171795.0, 656895.0).
point(20, 145076.0, 240984.0).
cost(1, 2, 471024).
cost(1, 3, 42917).
cost(1, 4, 416968).
cost(1, 5, 331466).
cost(1, 6, 423374).
cost(1, 7, 362290).
cost(1, 8, 323178).
cost(1, 9, 486279).
cost(1, 10, 576990).
cost(1, 11, 604913).
cost(1, 12, 296104).
cost(1, 13, 414895).
cost(1, 14, 882740).
cost(1, 15, 408506).
cost(1, 16, 538414).
cost(1, 17, 819665).
cost(1, 18, 862287).
cost(1, 19, 826914).
cost(1, 20, 824206).
cost(2, 1, 471024).
cost(2, 3, 428252).
cost(2, 4, 481960).
cost(2, 5, 153329).
cost(2, 6, 373727).
cost(2, 7, 644499).
cost(2, 8, 506345).
cost(2, 9, 584037).
cost(2, 10, 340845).
cost(2, 11, 414789).
cost(2, 12, 542656).
cost(2, 13, 217677).
cost(2, 14, 436425).
cost(2, 15, 490287).
cost(2, 16, 519575).
cost(2, 17, 503833).
cost(2, 18, 414203).
cost(2, 19, 356015).
cost(2, 20, 466929).
cost(3, 1, 42917).
cost(3, 2, 428252).
cost(3, 4, 404229).
cost(3, 5, 289949).
cost(3, 6, 393949).
cost(3, 7, 369273).
cost(3, 8, 312769).
cost(3, 9, 480430).
cost(3, 10, 540955).
cost(3, 11, 572034).
cost(3, 12, 293544).
cost(3, 13, 375778).
cost(3, 14, 841878).
cost(3, 15, 390787).
cost(3, 16, 522438).
cost(3, 17, 782619).
cost(3, 18, 821278).
cost(3, 19, 784194).
cost(3, 20, 785160).
cost(4, 1, 416968).
cost(4, 2, 481960).
cost(4, 3, 404229).
cost(4, 5, 360463).
cost(4, 6, 706590).
cost(4, 7, 773416).
cost(4, 8, 700766).
cost(4, 9, 103314).
cost(4, 10, 776957).
cost(4, 11, 836891).
cost(4, 12, 692968).
cost(4, 13, 603087).
cost(4, 14, 710757).
cost(4, 15, 756258).
cost(4, 16, 125618).
cost(4, 17, 978746).
cost(4, 18, 697372).
cost(4, 19, 749187).
cost(4, 20, 947934).
cost(5, 1, 331466).
cost(5, 2, 153329).
cost(5, 3, 289949).
cost(5, 4, 360463).
cost(5, 6, 376127).
cost(5, 7, 567630).
cost(5, 8, 446262).
cost(5, 9, 463659).
cost(5, 10, 417512).
cost(5, 11, 480573).
cost(5, 12, 467423).
cost(5, 13, 248193).
cost(5, 14, 552362).
cost(5, 15, 462304).
cost(5, 16, 426070).
cost(5, 17, 621273).
cost(5, 18, 531570).
cost(5, 19, 501283).
cost(5, 20, 596866).
cost(6, 1, 423374).
cost(6, 2, 373727).
cost(6, 3, 393949).
cost(6, 4, 706590).
cost(6, 5, 376127).
cost(6, 7, 345543).
cost(6, 8, 203363).
cost(6, 9, 804515).
cost(6, 10, 189243).
cost(6, 11, 188840).
cost(6, 12, 262632).
cost(6, 13, 156724).
cost(6, 14, 778970).
cost(6, 15, 132966).
cost(6, 16, 793303).
cost(6, 17, 425100).
cost(6, 18, 756310).
cost(6, 19, 641950).
cost(6, 20, 453409).
cost(7, 1, 362290).
cost(7, 2, 644499).
cost(7, 3, 369273).
cost(7, 4, 773416).
cost(7, 5, 567630).
cost(7, 6, 345543).
cost(7, 8, 146372).
cost(7, 9, 847981).
cost(7, 10, 531902).
cost(7, 11, 510647).
cost(7, 12, 101994).
cost(7, 13, 464156).
cost(7, 14, 1079130).
cost(7, 15, 224535).
cost(7, 16, 890089).
cost(7, 17, 752348).
cost(7, 18, 1056627).
cost(7, 19, 966038).
cost(7, 20, 792068).
cost(8, 1, 323178).
cost(8, 2, 506345).
cost(8, 3, 312769).
cost(8, 4, 700766).
cost(8, 5, 446262).
cost(8, 6, 203363).
cost(8, 7, 146372).
cost(8, 9, 786231).
cost(8, 10, 392244).
cost(8, 11, 380247).
cost(8, 12, 61211).
cost(8, 13, 318362).
cost(8, 14, 937986).
cost(8, 15, 104043).
cost(8, 16, 808685).
cost(8, 17, 621967).
cost(8, 18, 915384).
cost(8, 19, 820577).
cost(8, 20, 655515).
cost(9, 1, 486279).
cost(9, 2, 584037).
cost(9, 3, 480430).
cost(9, 4, 103314).
cost(9, 5, 463659).
cost(9, 6, 804515).
cost(9, 7, 847981).
cost(9, 8, 786231).
cost(9, 10, 879726).
cost(9, 11, 938894).
cost(9, 12, 773400).
cost(9, 13, 705181).
cost(9, 14, 785102).
cost(9, 15, 847659).
cost(9, 16, 132264).
cost(9, 17, 1081951).
cost(9, 18, 773528).
cost(9, 19, 838289).
cost(9, 20, 1050504).
cost(10, 1, 576990).
cost(10, 2, 340845).
cost(10, 3, 540955).
cost(10, 4, 776957).
cost(10, 5, 417512).
cost(10, 6, 189243).
cost(10, 7, 531902).
cost(10, 8, 392244).
cost(10, 9, 879726).
cost(10, 11, 76858).
cost(10, 12, 451854).
cost(10, 13, 178213).
cost(10, 14, 667161).
cost(10, 15, 310212).
cost(10, 16, 840478).
cost(10, 17, 244063).
cost(10, 18, 645310).
cost(10, 19, 505275).
cost(10, 20, 264537).
cost(11, 1, 604913).
cost(11, 2, 414789).
cost(11, 3, 572034).
cost(11, 4, 836891).
cost(11, 5, 480573).
cost(11, 6, 188840).
cost(11, 7, 510647).
cost(11, 8, 380247).
cost(11, 9, 938894).
cost(11, 10, 76858).
cost(11, 12, 441394).
cost(11, 13, 233811).
cost(11, 14, 740683).
cost(11, 15, 286197).
cost(11, 16, 906034).
cost(11, 17, 242154).
cost(11, 18, 719039).
cost(11, 19, 574696).
cost(11, 20, 284728).
cost(12, 1, 296104).
cost(12, 2, 542656).
cost(12, 3, 293544).
cost(12, 4, 692968).
cost(12, 5, 467423).
cost(12, 6, 262632).
cost(12, 7, 101994).
cost(12, 8, 61211).
cost(12, 9, 773400).
cost(12, 10, 451854).
cost(12, 11, 441394).
cost(12, 13, 366979).
cost(12, 14, 977669).
cost(12, 15, 163165).
cost(12, 16, 805754).
cost(12, 17, 683003).
cost(12, 18, 955197).
cost(12, 19, 867412).
cost(12, 20, 715661).
cost(13, 1, 414895).
cost(13, 2, 217677).
cost(13, 3, 375778).
cost(13, 4, 603087).
cost(13, 5, 248193).
cost(13, 6, 156724).
cost(13, 7, 464156).
cost(13, 8, 318362).
cost(13, 9, 705181).
cost(13, 10, 178213).
cost(13, 11, 233811).
cost(13, 12, 366979).
cost(13, 14, 627420).
cost(13, 15, 280345).
cost(13, 16, 674263).
cost(13, 17, 410160).
cost(13, 18, 604722).
cost(13, 19, 502266).
cost(13, 20, 409403).
cost(14, 1, 882740).
cost(14, 2, 436425).
cost(14, 3, 841878).
cost(14, 4, 710757).
cost(14, 5, 552362).
cost(14, 6, 778970).
cost(14, 7, 1079130).
cost(14, 8, 937986).
cost(14, 9, 785102).
cost(14, 10, 667161).
cost(14, 11, 740683).
cost(14, 12, 977669).
cost(14, 13, 627420).
cost(14, 15, 907486).
cost(14, 16, 664067).
cost(14, 17, 680321).
cost(14, 18, 22698).
cost(14, 19, 187488).
cost(14, 20, 603977).
cost(15, 1, 408506).
cost(15, 2, 490287).
cost(15, 3, 390787).
cost(15, 4, 756258).
cost(15, 5, 462304).
cost(15, 6, 132966).
cost(15, 7, 224535).
cost(15, 8, 104043).
cost(15, 9, 847659).
cost(15, 10, 310212).
cost(15, 11, 286197).
cost(15, 12, 163165).
cost(15, 13, 280345).
cost(15, 14, 907486).
cost(15, 16, 855991).
cost(15, 17, 528128).
cost(15, 18, 884791).
cost(15, 19, 774373).
cost(15, 20, 567888).
cost(16, 1, 538414).
cost(16, 2, 519575).
cost(16, 3, 522438).
cost(16, 4, 125618).
cost(16, 5, 426070).
cost(16, 6, 793303).
cost(16, 7, 890089).
cost(16, 8, 808685).
cost(16, 9, 132264).
cost(16, 10, 840478).
cost(16, 11, 906034).
cost(16, 12, 805754).
cost(16, 13, 674263).
cost(16, 14, 664067).
cost(16, 15, 855991).
cost(16, 17, 1023408).
cost(16, 18, 654025).
cost(16, 19, 733088).
cost(16, 20, 983728).
cost(17, 1, 819665).
cost(17, 2, 503833).
cost(17, 3, 782619).
cost(17, 4, 978746).
cost(17, 5, 621273).
cost(17, 6, 425100).
cost(17, 7, 752348).
cost(17, 8, 621967).
cost(17, 9, 1081951).
cost(17, 10, 244063).
cost(17, 11, 242154).
cost(17, 12, 683003).
cost(17, 13, 410160).
cost(17, 14, 680321).
cost(17, 15, 528128).
cost(17, 16, 1023408).
cost(17, 18, 662160).
cost(17, 19, 493858).
cost(17, 20, 81330).
cost(18, 1, 862287).
cost(18, 2, 414203).
cost(18, 3, 821278).
cost(18, 4, 697372).
cost(18, 5, 531570).
cost(18, 6, 756310).
cost(18, 7, 1056627).
cost(18, 8, 915384).
cost(18, 9, 773528).
cost(18, 10, 645310).
cost(18, 11, 719039).
cost(18, 12, 955197).
cost(18, 13, 604722).
cost(18, 14, 22698).
cost(18, 15, 884791).
cost(18, 16, 654025).
cost(18, 17, 662160).
cost(18, 19, 171118).
cost(18, 20, 586457).
cost(19, 1, 826914).
cost(19, 2, 356015).
cost(19, 3, 784194).
cost(19, 4, 749187).
cost(19, 5, 501283).
cost(19, 6, 641950).
cost(19, 7, 966038).
cost(19, 8, 820577).
cost(19, 9, 838289).
cost(19, 10, 505275).
cost(19, 11, 574696).
cost(19, 12, 867412).
cost(19, 13, 502266).
cost(19, 14, 187488).
cost(19, 15, 774373).
cost(19, 16, 733088).
cost(19, 17, 493858).
cost(19, 18, 171118).
cost(19, 20, 416768).
cost(20, 1, 824206).
cost(20, 2, 466929).
cost(20, 3, 785160).
cost(20, 4, 947934).
cost(20, 5, 596866).
cost(20, 6, 453409).
cost(20, 7, 792068).
cost(20, 8, 655515).
cost(20, 9, 1050504).
cost(20, 10, 264537).
cost(20, 11, 284728).
cost(20, 12, 715661).
cost(20, 13, 409403).
cost(20, 14, 603977).
cost(20, 15, 567888).
cost(20, 16, 983728).
cost(20, 17, 81330).
cost(20, 18, 586457).
cost(20, 19, 416768).
