dimension(20).
point(1, 176732.0, 793366.0).
point(2, 393308.0, 614971.0).
point(3, 494950.0, 894657.0).
point(4, 740981.0, 613763.0).
point(5, 364900.0, 943825.0).
point(6, 778773.0, 914109.0).
point(7, 774461.0, 733329.0).
point(8, 580205.0, 290382.0).
point(9, 717669.0, 832229.0).
point(10, 102971.0, 256558.0).
point(11, 648125.0, 465300.0).
point(12, 154506.0, 303336.0).
point(13, 949830.0, 904043.0).
point(14, 165908.0, 962693.0).
point(15, 695795.0, 31211.0).
point(16, 908230.0, 674464.0).
point(17, 566701.0, 444980.0).
point(18, 962334.0, 593257.0).
point(19, 433571.0, 921706.0).
point(20, 968903.0, 266356.0).
cost(1, 2, 280589).
cost(1, 3, 333950).
cost(1, 4, 592144).
cost(1, 5, 240926).
cost(1, 6, 614030).
cost(1, 7, 600737).
cost(1, 8, 644813).
cost(1, 9, 542331).
cost(1, 10, 541852).
cost(1, 11, 574316).
cost(1, 12, 490534).
cost(1, 13, 780980).
cost(1, 14, 169673).
cost(1, 15, 922121).
cost(1, 16, 741099).
cost(1, 17, 522923).
cost(1, 18, 810687).
cost(1, 19, 287119).
cost(1, 20, 951459).
cost(2, 1, 280589).
cost(2, 3, 297583).
cost(2, 4, 347675).
cost(2, 5, 330079).
cost(2, 6, 487921).
cost(2, 7, 399107).
cost(2, 8, 374551).
cost(2, 9, 390399).
cost(2, 10, 461254).
cost(2, 11, 295522).
cost(2, 12, 392610).
cost(2, 13, 627120).
cost(2, 14, 415477).
cost(2, 15, 657476).
cost(2, 16, 518347).
cost(2, 17, 242821).
cost(2, 18, 569440).
cost(2, 19, 309366).
cost(2, 20, 672935).
cost(3, 1, 333950).
cost(3, 2, 297583).
cost(3, 4, 373407).
cost(3, 5, 139034).
cost(3, 6, 284489).
cost(3, 7, 322728).
cost(3, 8, 610260).
cost(3, 9, 231303).
cost(3, 10, 748878).
cost(3, 11, 455862).
cost(3, 12, 682322).
cost(3, 13, 454977).
cost(3, 14, 336002).
cost(3, 15, 886497).
cost(3, 16, 468279).
cost(3, 17, 455365).
cost(3, 18, 556138).
cost(3, 19, 67075).
cost(3, 20, 787016).
cost(4, 1, 592144).
cost(4, 2, 347675).
cost(4, 3, 373407).
cost(4, 5, 500378).
cost(4, 6, 302714).
cost(4, 7, 124165).
cost(4, 8, 361143).
cost(4, 9, 219706).
cost(4, 10, 731199).
cost(4, 11, 175110).
cost(4, 12, 663565).
cost(4, 13, 357604).
cost(4, 14, 672652).
cost(4, 15, 584302).
cost(4, 16, 177924).
cost(4, 17, 242613).
cost(4, 18, 222301).
cost(4, 19, 435120).
cost(4, 20, 415500).
cost(5, 1, 240926).
cost(5, 2, 330079).
cost(5, 3, 139034).
cost(5, 4, 500378).
cost(5, 6, 414938).
cost(5, 7, 460488).
cost(5, 8, 688000).
cost(5, 9, 370000).
cost(5, 10, 735488).
cost(5, 11, 556060).
cost(5, 12, 674160).
cost(5, 13, 586281).
cost(5, 14, 199885).
cost(5, 15, 970750).
cost(5, 16, 606435).
cost(5, 17, 538117).
cost(5, 18, 692694).
cost(5, 19, 72145).
cost(5, 20, 907625).
cost(6, 1, 614030).
cost(6, 2, 487921).
cost(6, 3, 284489).
cost(6, 4, 302714).
cost(6, 5, 414938).
cost(6, 7, 180831).
cost(6, 8, 654572).
cost(6, 9, 102167).
cost(6, 10, 942911).
cost(6, 11, 467438).
cost(6, 12, 873357).
cost(6, 13, 171353).
cost(6, 14, 614788).
cost(6, 15, 886789).
cost(6, 16, 272376).
cost(6, 17, 514836).
cost(6, 18, 369649).
cost(6, 19, 345286).
cost(6, 20, 675080).
cost(7, 1, 600737).
cost(7, 2, 399107).
cost(7, 3, 322728).
cost(7, 4, 124165).
cost(7, 5, 460488).
cost(7, 6, 180831).
cost(7, 8, 483671).
cost(7, 9, 114046).
cost(7, 10, 823535).
cost(7, 11, 296311).
cost(7, 12, 754479).
cost(7, 13, 244740).
cost(7, 14, 650342).
cost(7, 15, 706511).
cost(7, 16, 146148).
cost(7, 17, 355400).
cost(7, 18, 234343).
cost(7, 19, 389476).
cost(7, 20, 505837).
cost(8, 1, 644813).
cost(8, 2, 374551).
cost(8, 3, 610260).
cost(8, 4, 361143).
cost(8, 5, 688000).
cost(8, 6, 654572).
cost(8, 7, 483671).
cost(8, 9, 559012).
cost(8, 10, 478431).
cost(8, 11, 187642).
cost(8, 12, 425896).
cost(8, 13, 716382).
cost(8, 14, 789711).
cost(8, 15, 283779).
cost(8, 16, 505093).
cost(8, 17, 155187).
cost(8, 18, 487602).
cost(8, 19, 648129).
cost(8, 20, 389440).
cost(9, 1, 542331).
cost(9, 2, 390399).
cost(9, 3, 231303).
cost(9, 4, 219706).
cost(9, 5, 370000).
cost(9, 6, 102167).
cost(9, 7, 114046).
cost(9, 8, 559012).
cost(9, 10, 842170).
cost(9, 11, 373461).
cost(9, 12, 772580).
cost(9, 13, 243014).
cost(9, 14, 566975).
cost(9, 15, 801317).
cost(9, 16, 247393).
cost(9, 17, 415636).
cost(9, 18, 342007).
cost(9, 19, 297855).
cost(9, 20, 619137).
cost(10, 1, 541852).
cost(10, 2, 461254).
cost(10, 3, 748878).
cost(10, 4, 731199).
cost(10, 5, 735488).
cost(10, 6, 942911).
cost(10, 7, 823535).
cost(10, 8, 478431).
cost(10, 9, 842170).
cost(10, 11, 583752).
cost(10, 12, 69599).
cost(10, 13, 1066024).
cost(10, 14, 708934).
cost(10, 15, 634209).
cost(10, 16, 907242).
cost(10, 17, 500548).
cost(10, 18, 922969).
cost(10, 19, 742777).
cost(10, 20, 865987).
cost(11, 1, 574316).
cost(11, 2, 295522).
cost(11, 3, 455862).
cost(11, 4, 175110).
cost(11, 5, 556060).
cost(11, 6, 467438).
cost(11, 7, 296311).
cost(11, 8, 187642).
cost(11, 9, 373461).
cost(11, 10, 583752).
cost(11, 12, 519511).
cost(11, 13, 532467).
cost(11, 14, 692772).
cost(11, 15, 436699).
cost(11, 16, 333773).
cost(11, 17, 83921).
cost(11, 18, 339264).
cost(11, 19, 504321).
cost(11, 20, 377462).
cost(12, 1, 490534).
cost(12, 2, 392610).
cost(12, 3, 682322).
cost(12, 4, 663565).
cost(12, 5, 674160).
cost(12, 6, 873357).
cost(12, 7, 754479).
cost(12, 8, 425896).
cost(12, 9, 772580).
cost(12, 10, 69599).
cost(12, 11, 519511).
cost(12, 13, 996689).
cost(12, 14, 659456).
cost(12, 15, 605843).
cost(12, 16, 840140).
cost(12, 17, 435853).
cost(12, 18, 858277).
cost(12, 19, 678424).
cost(12, 20, 815236).
cost(13, 1, 780980).
cost(13, 2, 627120).
cost(13, 3, 454977).
cost(13, 4, 357604).
cost(13, 5, 586281).
cost(13, 6, 171353).
cost(13, 7, 244740).
cost(13, 8, 716382).
cost(13, 9, 243014).
cost(13, 10, 1066024).
cost(13, 11, 532467).
cost(13, 12, 996689).
cost(13, 14, 786113).
cost(13, 15, 909049).
cost(13, 16, 233318).
cost(13, 17, 597935).
cost(13, 18, 311037).
cost(13, 19, 516561).
cost(13, 20, 637972).
cost(14, 1, 169673).
cost(14, 2, 415477).
cost(14, 3, 336002).
cost(14, 4, 672652).
cost(14, 5, 199885).
cost(14, 6, 614788).
cost(14, 7, 650342).
cost(14, 8, 789711).
cost(14, 9, 566975).
cost(14, 10, 708934).
cost(14, 11, 692772).
cost(14, 12, 659456).
cost(14, 13, 786113).
cost(14, 15, 1071652).
cost(14, 16, 796315).
cost(14, 17, 654723).
cost(14, 18, 877939).
cost(14, 19, 270783).
cost(14, 20, 1062867).
cost(15, 1, 922121).
cost(15, 2, 657476).
cost(15, 3, 886497).
cost(15, 4, 584302).
cost(15, 5, 970750).
cost(15, 6, 886789).
cost(15, 7, 706511).
cost(15, 8, 283779).
cost(15, 9, 801317).
cost(15, 10, 634209).
cost(15, 11, 436699).
cost(15, 12, 605843).
cost(15, 13, 909049).
cost(15, 14, 1071652).
cost(15, 16, 677424).
cost(15, 17, 433440).
cost(15, 18, 622044).
cost(15, 19, 928301).
cost(15, 20, 360390).
cost(16, 1, 741099).
cost(16, 2, 518347).
cost(16, 3, 468279).
cost(16, 4, 177924).
cost(16, 5, 606435).
cost(16, 6, 272376).
cost(16, 7, 146148).
cost(16, 8, 505093).
cost(16, 9, 247393).
cost(16, 10, 907242).
cost(16, 11, 333773).
cost(16, 12, 840140).
cost(16, 13, 233318).
cost(16, 14, 796315).
cost(16, 15, 677424).
cost(16, 17, 411467).
cost(16, 18, 97580).
cost(16, 19, 535191).
cost(16, 20, 412593).
cost(17, 1, 522923).
cost(17, 2, 242821).
cost(17, 3, 455365).
cost(17, 4, 242613).
cost(17, 5, 538117).
cost(17, 6, 514836).
cost(17, 7, 355400).
cost(17, 8, 155187).
cost(17, 9, 415636).
cost(17, 10, 500548).
cost(17, 11, 83921).
cost(17, 12, 435853).
cost(17, 13, 597935).
cost(17, 14, 654723).
cost(17, 15, 433440).
cost(17, 16, 411467).
cost(17, 18, 422506).
cost(17, 19, 494966).
cost(17, 20, 440083).
cost(18, 1, 810687).
cost(18, 2, 569440).
cost(18, 3, 556138).
cost(18, 4, 222301).
cost(18, 5, 692694).
cost(18, 6, 369649).
cost(18, 7, 234343).
cost(18, 8, 487602).
cost(18, 9, 342007).
cost(18, 10, 922969).
cost(18, 11, 339264).
cost(18, 12, 858277).
cost(18, 13, 311037).
cost(18, 14, 877939).
cost(18, 15, 622044).
cost(18, 16, 97580).
cost(18, 17, 422506).
cost(18, 19, 622470).
cost(18, 20, 326967).
cost(19, 1, 287119).
cost(19, 2, 309366).
cost(19, 3, 67075).
cost(19, 4, 435120).
cost(19, 5, 72145).
cost(19, 6, 345286).
cost(19, 7, 389476).
cost(19, 8, 648129).
cost(19, 9, 297855).
cost(19, 10, 742777).
cost(19, 11, 504321).
cost(19, 12, 678424).
cost(19, 13, 516561).
cost(19, 14, 270783).
cost(19, 15, 928301).
cost(19, 16, 535191).
cost(19, 17, 494966).
cost(19, 18, 622470).
cost(19, 20, 846206).
cost(20, 1, 951459).
cost(20, 2, 672935).
cost(20, 3, 787016).
cost(20, 4, 415500).
cost(20, 5, 907625).
cost(20, 6, 675080).
cost(20, 7, 505837).
cost(20, 8, 389440).
cost(20, 9, 619137).
cost(20, 10, 865987).
cost(20, 11, 377462).
cost(20, 12, 815236).
cost(20, 13, 637972).
cost(20, 14, 1062867).
cost(20, 15, 360390).
cost(20, 16, 412593).
cost(20, 17, 440083).
cost(20, 18, 326967).
cost(20, 19, 846206).
