dimension(22).
point(1, 38.0378554824, 11.2485047816).
point(2, 57.9055866222, 18.2492100382).
point(3, 37.8943047399, 80.3488199505).
point(4, 20.9150454553, 25.9332643822).
point(5, 46.7438596439, 26.1772191132).
point(6, 87.6343180775, 95.4185379963).
point(7, 56.5461989382, 21.3608148256).
point(8, 66.8092608396, 65.4352149846).
point(9, 51.772585645, 71.9494935895).
point(10, 4.7050555693, 11.8921156318).
point(11, 62.6208023439, 96.4599324969).
point(12, 77.4150569609, 87.4181399436).
point(13, 7.8127398759, 13.8830881444).
point(14, 35.8939976019, 92.2708221385).
point(15, 46.4255495864, 28.7009339629).
point(16, 17.4396728177, 2.9895494366).
point(17, 52.3390608387, 96.6170771659).
point(18, 63.6955292804, 82.3948751816).
point(19, 7.6177131499, 48.4135021215).
point(20, 68.6497438866, 78.8001748846).
point(21, 66.4847539073, 4.4856849862).
point(22, 76.6553860302, 96.1276976523).
cost(1, 2, 21).
cost(1, 3, 69).
cost(1, 4, 23).
cost(1, 5, 17).
cost(1, 6, 98).
cost(1, 7, 21).
cost(1, 8, 61).
cost(1, 9, 62).
cost(1, 10, 33).
cost(1, 11, 89).
cost(1, 12, 86).
cost(1, 13, 30).
cost(1, 14, 81).
cost(1, 15, 19).
cost(1, 16, 22).
cost(1, 17, 87).
cost(1, 18, 76).
cost(1, 19, 48).
cost(1, 20, 74).
cost(1, 21, 29).
cost(1, 22, 93).
cost(2, 1, 21).
cost(2, 3, 65).
cost(2, 4, 38).
cost(2, 5, 14).
cost(2, 6, 83).
cost(2, 7, 3).
cost(2, 8, 48).
cost(2, 9, 54).
cost(2, 10, 54).
cost(2, 11, 78).
cost(2, 12, 72).
cost(2, 13, 50).
cost(2, 14, 77).
cost(2, 15, 16).
cost(2, 16, 43).
cost(2, 17, 79).
cost(2, 18, 64).
cost(2, 19, 59).
cost(2, 20, 61).
cost(2, 21, 16).
cost(2, 22, 80).
cost(3, 1, 69).
cost(3, 2, 65).
cost(3, 4, 57).
cost(3, 5, 55).
cost(3, 6, 52).
cost(3, 7, 62).
cost(3, 8, 33).
cost(3, 9, 16).
cost(3, 10, 76).
cost(3, 11, 30).
cost(3, 12, 40).
cost(3, 13, 73).
cost(3, 14, 12).
cost(3, 15, 52).
cost(3, 16, 80).
cost(3, 17, 22).
cost(3, 18, 26).
cost(3, 19, 44).
cost(3, 20, 31).
cost(3, 21, 81).
cost(3, 22, 42).
cost(4, 1, 23).
cost(4, 2, 38).
cost(4, 3, 57).
cost(4, 5, 26).
cost(4, 6, 96).
cost(4, 7, 36).
cost(4, 8, 61).
cost(4, 9, 55).
cost(4, 10, 21).
cost(4, 11, 82).
cost(4, 12, 84).
cost(4, 13, 18).
cost(4, 14, 68).
cost(4, 15, 26).
cost(4, 16, 23).
cost(4, 17, 77).
cost(4, 18, 71).
cost(4, 19, 26).
cost(4, 20, 71).
cost(4, 21, 50).
cost(4, 22, 90).
cost(5, 1, 17).
cost(5, 2, 14).
cost(5, 3, 55).
cost(5, 4, 26).
cost(5, 6, 80).
cost(5, 7, 11).
cost(5, 8, 44).
cost(5, 9, 46).
cost(5, 10, 44).
cost(5, 11, 72).
cost(5, 12, 68).
cost(5, 13, 41).
cost(5, 14, 67).
cost(5, 15, 3).
cost(5, 16, 37).
cost(5, 17, 71).
cost(5, 18, 59).
cost(5, 19, 45).
cost(5, 20, 57).
cost(5, 21, 29).
cost(5, 22, 76).
cost(6, 1, 98).
cost(6, 2, 83).
cost(6, 3, 52).
cost(6, 4, 96).
cost(6, 5, 80).
cost(6, 7, 80).
cost(6, 8, 37).
cost(6, 9, 43).
cost(6, 10, 118).
cost(6, 11, 25).
cost(6, 12, 13).
cost(6, 13, 114).
cost(6, 14, 52).
cost(6, 15, 78).
cost(6, 16, 116).
cost(6, 17, 35).
cost(6, 18, 27).
cost(6, 19, 93).
cost(6, 20, 25).
cost(6, 21, 93).
cost(6, 22, 11).
cost(7, 1, 21).
cost(7, 2, 3).
cost(7, 3, 62).
cost(7, 4, 36).
cost(7, 5, 11).
cost(7, 6, 80).
cost(7, 8, 45).
cost(7, 9, 51).
cost(7, 10, 53).
cost(7, 11, 75).
cost(7, 12, 69).
cost(7, 13, 49).
cost(7, 14, 74).
cost(7, 15, 13).
cost(7, 16, 43).
cost(7, 17, 75).
cost(7, 18, 61).
cost(7, 19, 56).
cost(7, 20, 59).
cost(7, 21, 20).
cost(7, 22, 77).
cost(8, 1, 61).
cost(8, 2, 48).
cost(8, 3, 33).
cost(8, 4, 61).
cost(8, 5, 44).
cost(8, 6, 37).
cost(8, 7, 45).
cost(8, 9, 16).
cost(8, 10, 82).
cost(8, 11, 31).
cost(8, 12, 24).
cost(8, 13, 78).
cost(8, 14, 41).
cost(8, 15, 42).
cost(8, 16, 80).
cost(8, 17, 34).
cost(8, 18, 17).
cost(8, 19, 62).
cost(8, 20, 13).
cost(8, 21, 61).
cost(8, 22, 32).
cost(9, 1, 62).
cost(9, 2, 54).
cost(9, 3, 16).
cost(9, 4, 55).
cost(9, 5, 46).
cost(9, 6, 43).
cost(9, 7, 51).
cost(9, 8, 16).
cost(9, 10, 76).
cost(9, 11, 27).
cost(9, 12, 30).
cost(9, 13, 73).
cost(9, 14, 26).
cost(9, 15, 44).
cost(9, 16, 77).
cost(9, 17, 25).
cost(9, 18, 16).
cost(9, 19, 50).
cost(9, 20, 18).
cost(9, 21, 69).
cost(9, 22, 35).
cost(10, 1, 33).
cost(10, 2, 54).
cost(10, 3, 76).
cost(10, 4, 21).
cost(10, 5, 44).
cost(10, 6, 118).
cost(10, 7, 53).
cost(10, 8, 82).
cost(10, 9, 76).
cost(10, 11, 102).
cost(10, 12, 105).
cost(10, 13, 4).
cost(10, 14, 86).
cost(10, 15, 45).
cost(10, 16, 16).
cost(10, 17, 97).
cost(10, 18, 92).
cost(10, 19, 37).
cost(10, 20, 93).
cost(10, 21, 62).
cost(10, 22, 111).
cost(11, 1, 89).
cost(11, 2, 78).
cost(11, 3, 30).
cost(11, 4, 82).
cost(11, 5, 72).
cost(11, 6, 25).
cost(11, 7, 75).
cost(11, 8, 31).
cost(11, 9, 27).
cost(11, 10, 102).
cost(11, 12, 17).
cost(11, 13, 99).
cost(11, 14, 27).
cost(11, 15, 70).
cost(11, 16, 104).
cost(11, 17, 10).
cost(11, 18, 14).
cost(11, 19, 73).
cost(11, 20, 19).
cost(11, 21, 92).
cost(11, 22, 14).
cost(12, 1, 86).
cost(12, 2, 72).
cost(12, 3, 40).
cost(12, 4, 84).
cost(12, 5, 68).
cost(12, 6, 13).
cost(12, 7, 69).
cost(12, 8, 24).
cost(12, 9, 30).
cost(12, 10, 105).
cost(12, 11, 17).
cost(12, 13, 101).
cost(12, 14, 42).
cost(12, 15, 66).
cost(12, 16, 104).
cost(12, 17, 27).
cost(12, 18, 15).
cost(12, 19, 80).
cost(12, 20, 12).
cost(12, 21, 84).
cost(12, 22, 9).
cost(13, 1, 30).
cost(13, 2, 50).
cost(13, 3, 73).
cost(13, 4, 18).
cost(13, 5, 41).
cost(13, 6, 114).
cost(13, 7, 49).
cost(13, 8, 78).
cost(13, 9, 73).
cost(13, 10, 4).
cost(13, 11, 99).
cost(13, 12, 101).
cost(13, 14, 83).
cost(13, 15, 41).
cost(13, 16, 15).
cost(13, 17, 94).
cost(13, 18, 88).
cost(13, 19, 35).
cost(13, 20, 89).
cost(13, 21, 59).
cost(13, 22, 107).
cost(14, 1, 81).
cost(14, 2, 77).
cost(14, 3, 12).
cost(14, 4, 68).
cost(14, 5, 67).
cost(14, 6, 52).
cost(14, 7, 74).
cost(14, 8, 41).
cost(14, 9, 26).
cost(14, 10, 86).
cost(14, 11, 27).
cost(14, 12, 42).
cost(14, 13, 83).
cost(14, 15, 64).
cost(14, 16, 91).
cost(14, 17, 17).
cost(14, 18, 30).
cost(14, 19, 52).
cost(14, 20, 35).
cost(14, 21, 93).
cost(14, 22, 41).
cost(15, 1, 19).
cost(15, 2, 16).
cost(15, 3, 52).
cost(15, 4, 26).
cost(15, 5, 3).
cost(15, 6, 78).
cost(15, 7, 13).
cost(15, 8, 42).
cost(15, 9, 44).
cost(15, 10, 45).
cost(15, 11, 70).
cost(15, 12, 66).
cost(15, 13, 41).
cost(15, 14, 64).
cost(15, 16, 39).
cost(15, 17, 68).
cost(15, 18, 56).
cost(15, 19, 44).
cost(15, 20, 55).
cost(15, 21, 31).
cost(15, 22, 74).
cost(16, 1, 22).
cost(16, 2, 43).
cost(16, 3, 80).
cost(16, 4, 23).
cost(16, 5, 37).
cost(16, 6, 116).
cost(16, 7, 43).
cost(16, 8, 80).
cost(16, 9, 77).
cost(16, 10, 16).
cost(16, 11, 104).
cost(16, 12, 104).
cost(16, 13, 15).
cost(16, 14, 91).
cost(16, 15, 39).
cost(16, 17, 100).
cost(16, 18, 92).
cost(16, 19, 46).
cost(16, 20, 91).
cost(16, 21, 49).
cost(16, 22, 110).
cost(17, 1, 87).
cost(17, 2, 79).
cost(17, 3, 22).
cost(17, 4, 77).
cost(17, 5, 71).
cost(17, 6, 35).
cost(17, 7, 75).
cost(17, 8, 34).
cost(17, 9, 25).
cost(17, 10, 97).
cost(17, 11, 10).
cost(17, 12, 27).
cost(17, 13, 94).
cost(17, 14, 17).
cost(17, 15, 68).
cost(17, 16, 100).
cost(17, 18, 18).
cost(17, 19, 66).
cost(17, 20, 24).
cost(17, 21, 93).
cost(17, 22, 24).
cost(18, 1, 76).
cost(18, 2, 64).
cost(18, 3, 26).
cost(18, 4, 71).
cost(18, 5, 59).
cost(18, 6, 27).
cost(18, 7, 61).
cost(18, 8, 17).
cost(18, 9, 16).
cost(18, 10, 92).
cost(18, 11, 14).
cost(18, 12, 15).
cost(18, 13, 88).
cost(18, 14, 30).
cost(18, 15, 56).
cost(18, 16, 92).
cost(18, 17, 18).
cost(18, 19, 66).
cost(18, 20, 6).
cost(18, 21, 78).
cost(18, 22, 19).
cost(19, 1, 48).
cost(19, 2, 59).
cost(19, 3, 44).
cost(19, 4, 26).
cost(19, 5, 45).
cost(19, 6, 93).
cost(19, 7, 56).
cost(19, 8, 62).
cost(19, 9, 50).
cost(19, 10, 37).
cost(19, 11, 73).
cost(19, 12, 80).
cost(19, 13, 35).
cost(19, 14, 52).
cost(19, 15, 44).
cost(19, 16, 46).
cost(19, 17, 66).
cost(19, 18, 66).
cost(19, 20, 68).
cost(19, 21, 73).
cost(19, 22, 84).
cost(20, 1, 74).
cost(20, 2, 61).
cost(20, 3, 31).
cost(20, 4, 71).
cost(20, 5, 57).
cost(20, 6, 25).
cost(20, 7, 59).
cost(20, 8, 13).
cost(20, 9, 18).
cost(20, 10, 93).
cost(20, 11, 19).
cost(20, 12, 12).
cost(20, 13, 89).
cost(20, 14, 35).
cost(20, 15, 55).
cost(20, 16, 91).
cost(20, 17, 24).
cost(20, 18, 6).
cost(20, 19, 68).
cost(20, 21, 74).
cost(20, 22, 19).
cost(21, 1, 29).
cost(21, 2, 16).
cost(21, 3, 81).
cost(21, 4, 50).
cost(21, 5, 29).
cost(21, 6, 93).
cost(21, 7, 20).
cost(21, 8, 61).
cost(21, 9, 69).
cost(21, 10, 62).
cost(21, 11, 92).
cost(21, 12, 84).
cost(21, 13, 59).
cost(21, 14, 93).
cost(21, 15, 31).
cost(21, 16, 49).
cost(21, 17, 93).
cost(21, 18, 78).
cost(21, 19, 73).
cost(21, 20, 74).
cost(21, 22, 92).
cost(22, 1, 93).
cost(22, 2, 80).
cost(22, 3, 42).
cost(22, 4, 90).
cost(22, 5, 76).
cost(22, 6, 11).
cost(22, 7, 77).
cost(22, 8, 32).
cost(22, 9, 35).
cost(22, 10, 111).
cost(22, 11, 14).
cost(22, 12, 9).
cost(22, 13, 107).
cost(22, 14, 41).
cost(22, 15, 74).
cost(22, 16, 110).
cost(22, 17, 24).
cost(22, 18, 19).
cost(22, 19, 84).
cost(22, 20, 19).
cost(22, 21, 92).
nocross(1,2).
nocross(1,4).
nocross(1,5).
nocross(1,7).
nocross(1,10).
nocross(1,13).
nocross(1,15).
nocross(1,16).
nocross(1,19).
nocross(1,21).
nocross(2,1).
nocross(2,5).
nocross(2,7).
nocross(2,10).
nocross(2,13).
nocross(2,15).
nocross(2,16).
nocross(2,21).
nocross(3,5).
nocross(3,8).
nocross(3,9).
nocross(3,11).
nocross(3,14).
nocross(3,15).
nocross(3,17).
nocross(3,18).
nocross(3,19).
nocross(3,20).
nocross(4,1).
nocross(4,2).
nocross(4,5).
nocross(4,7).
nocross(4,10).
nocross(4,13).
nocross(4,14).
nocross(4,15).
nocross(4,16).
nocross(4,19).
nocross(4,21).
nocross(5,1).
nocross(5,2).
nocross(5,4).
nocross(5,7).
nocross(5,8).
nocross(5,10).
nocross(5,13).
nocross(5,15).
nocross(5,16).
nocross(5,19).
nocross(5,21).
nocross(6,8).
nocross(6,11).
nocross(6,12).
nocross(6,17).
nocross(6,18).
nocross(6,20).
nocross(6,22).
nocross(7,1).
nocross(7,2).
nocross(7,4).
nocross(7,5).
nocross(7,8).
nocross(7,10).
nocross(7,13).
nocross(7,15).
nocross(7,16).
nocross(7,21).
nocross(8,2).
nocross(8,3).
nocross(8,5).
nocross(8,6).
nocross(8,7).
nocross(8,9).
nocross(8,11).
nocross(8,12).
nocross(8,15).
nocross(8,17).
nocross(8,18).
nocross(8,20).
nocross(8,21).
nocross(8,22).
nocross(9,3).
nocross(9,5).
nocross(9,8).
nocross(9,11).
nocross(9,12).
nocross(9,14).
nocross(9,15).
nocross(9,17).
nocross(9,18).
nocross(9,19).
nocross(9,20).
nocross(9,22).
nocross(10,1).
nocross(10,4).
nocross(10,5).
nocross(10,13).
nocross(10,15).
nocross(10,16).
nocross(10,19).
nocross(11,3).
nocross(11,6).
nocross(11,8).
nocross(11,9).
nocross(11,12).
nocross(11,14).
nocross(11,17).
nocross(11,18).
nocross(11,20).
nocross(11,22).
nocross(12,3).
nocross(12,6).
nocross(12,8).
nocross(12,9).
nocross(12,11).
nocross(12,17).
nocross(12,18).
nocross(12,20).
nocross(12,22).
nocross(13,1).
nocross(13,2).
nocross(13,4).
nocross(13,5).
nocross(13,7).
nocross(13,10).
nocross(13,15).
nocross(13,16).
nocross(13,19).
nocross(13,21).
nocross(14,3).
nocross(14,8).
nocross(14,9).
nocross(14,11).
nocross(14,17).
nocross(14,18).
nocross(14,19).
nocross(14,20).
nocross(15,1).
nocross(15,2).
nocross(15,4).
nocross(15,5).
nocross(15,7).
nocross(15,8).
nocross(15,9).
nocross(15,10).
nocross(15,13).
nocross(15,14).
nocross(15,16).
nocross(15,19).
nocross(15,21).
nocross(16,1).
nocross(16,2).
nocross(16,4).
nocross(16,5).
nocross(16,7).
nocross(16,10).
nocross(16,13).
nocross(16,15).
nocross(16,19).
nocross(16,21).
nocross(17,3).
nocross(17,6).
nocross(17,8).
nocross(17,9).
nocross(17,11).
nocross(17,12).
nocross(17,14).
nocross(17,18).
nocross(17,20).
nocross(17,22).
nocross(18,3).
nocross(18,6).
nocross(18,8).
nocross(18,9).
nocross(18,11).
nocross(18,12).
nocross(18,14).
nocross(18,17).
nocross(18,20).
nocross(18,22).
nocross(19,1).
nocross(19,3).
nocross(19,4).
nocross(19,5).
nocross(19,10).
nocross(19,13).
nocross(19,14).
nocross(19,15).
nocross(19,16).
nocross(20,3).
nocross(20,5).
nocross(20,6).
nocross(20,8).
nocross(20,9).
nocross(20,11).
nocross(20,12).
nocross(20,14).
nocross(20,15).
nocross(20,17).
nocross(20,18).
nocross(20,22).
nocross(21,1).
nocross(21,2).
nocross(21,5).
nocross(21,7).
nocross(21,15).
nocross(22,3).
nocross(22,6).
nocross(22,8).
nocross(22,9).
nocross(22,11).
nocross(22,12).
nocross(22,14).
nocross(22,17).
nocross(22,18).
nocross(22,20).
