dimension(22).
point(1, 24.5650622738, 10.2725010324).
point(2, 87.8679342472, 74.812107449).
point(3, 70.4738403039, 14.1843503918).
point(4, 29.4303819264, 25.1655714107).
point(5, 27.6018645514, 38.2383154978).
point(6, 19.7255945962, 15.2150117586).
point(7, 30.8421966029, 30.5621274685).
point(8, 78.3886950215, 76.7746901517).
point(9, 19.9748019026, 20.6081065535).
point(10, 42.1240863301, 93.3186664214).
point(11, 67.442594962, 93.6804530046).
point(12, 88.3999852225, 87.1622770139).
point(13, 64.4879944379, 77.4216389782).
point(14, 61.5997969031, 96.0413287838).
point(15, 56.5015302018, 81.2088770664).
point(16, 60.7247830658, 89.1764726144).
point(17, 45.6473440119, 39.6880340492).
point(18, 51.1058353473, 28.0850451948).
point(19, 81.6392267537, 74.4675053354).
point(20, 26.0310739658, 36.8556970321).
point(21, 52.1705822185, 98.1719642414).
point(22, 63.7786289084, 15.9815986531).
cost(1, 2, 90).
cost(1, 3, 46).
cost(1, 4, 16).
cost(1, 5, 28).
cost(1, 6, 7).
cost(1, 7, 21).
cost(1, 8, 86).
cost(1, 9, 11).
cost(1, 10, 85).
cost(1, 11, 94).
cost(1, 12, 100).
cost(1, 13, 78).
cost(1, 14, 93).
cost(1, 15, 78).
cost(1, 16, 87).
cost(1, 17, 36).
cost(1, 18, 32).
cost(1, 19, 86).
cost(1, 20, 27).
cost(1, 21, 92).
cost(1, 22, 40).
cost(2, 1, 90).
cost(2, 3, 63).
cost(2, 4, 77).
cost(2, 5, 70).
cost(2, 6, 91).
cost(2, 7, 72).
cost(2, 8, 10).
cost(2, 9, 87).
cost(2, 10, 49).
cost(2, 11, 28).
cost(2, 12, 12).
cost(2, 13, 24).
cost(2, 14, 34).
cost(2, 15, 32).
cost(2, 16, 31).
cost(2, 17, 55).
cost(2, 18, 59).
cost(2, 19, 6).
cost(2, 20, 73).
cost(2, 21, 43).
cost(2, 22, 64).
cost(3, 1, 46).
cost(3, 2, 63).
cost(3, 4, 42).
cost(3, 5, 49).
cost(3, 6, 51).
cost(3, 7, 43).
cost(3, 8, 63).
cost(3, 9, 51).
cost(3, 10, 84).
cost(3, 11, 80).
cost(3, 12, 75).
cost(3, 13, 64).
cost(3, 14, 82).
cost(3, 15, 68).
cost(3, 16, 76).
cost(3, 17, 36).
cost(3, 18, 24).
cost(3, 19, 61).
cost(3, 20, 50).
cost(3, 21, 86).
cost(3, 22, 7).
cost(4, 1, 16).
cost(4, 2, 77).
cost(4, 3, 42).
cost(4, 5, 13).
cost(4, 6, 14).
cost(4, 7, 6).
cost(4, 8, 71).
cost(4, 9, 10).
cost(4, 10, 69).
cost(4, 11, 78).
cost(4, 12, 86).
cost(4, 13, 63).
cost(4, 14, 78).
cost(4, 15, 62).
cost(4, 16, 71).
cost(4, 17, 22).
cost(4, 18, 22).
cost(4, 19, 72).
cost(4, 20, 12).
cost(4, 21, 76).
cost(4, 22, 36).
cost(5, 1, 28).
cost(5, 2, 70).
cost(5, 3, 49).
cost(5, 4, 13).
cost(5, 6, 24).
cost(5, 7, 8).
cost(5, 8, 64).
cost(5, 9, 19).
cost(5, 10, 57).
cost(5, 11, 68).
cost(5, 12, 78).
cost(5, 13, 54).
cost(5, 14, 67).
cost(5, 15, 52).
cost(5, 16, 61).
cost(5, 17, 18).
cost(5, 18, 26).
cost(5, 19, 65).
cost(5, 20, 2).
cost(5, 21, 65).
cost(5, 22, 42).
cost(6, 1, 7).
cost(6, 2, 91).
cost(6, 3, 51).
cost(6, 4, 14).
cost(6, 5, 24).
cost(6, 7, 19).
cost(6, 8, 85).
cost(6, 9, 5).
cost(6, 10, 81).
cost(6, 11, 92).
cost(6, 12, 99).
cost(6, 13, 77).
cost(6, 14, 91).
cost(6, 15, 76).
cost(6, 16, 85).
cost(6, 17, 36).
cost(6, 18, 34).
cost(6, 19, 86).
cost(6, 20, 23).
cost(6, 21, 89).
cost(6, 22, 44).
cost(7, 1, 21).
cost(7, 2, 72).
cost(7, 3, 43).
cost(7, 4, 6).
cost(7, 5, 8).
cost(7, 6, 19).
cost(7, 8, 66).
cost(7, 9, 15).
cost(7, 10, 64).
cost(7, 11, 73).
cost(7, 12, 81).
cost(7, 13, 58).
cost(7, 14, 72).
cost(7, 15, 57).
cost(7, 16, 66).
cost(7, 17, 17).
cost(7, 18, 20).
cost(7, 19, 67).
cost(7, 20, 8).
cost(7, 21, 71).
cost(7, 22, 36).
cost(8, 1, 86).
cost(8, 2, 10).
cost(8, 3, 63).
cost(8, 4, 71).
cost(8, 5, 64).
cost(8, 6, 85).
cost(8, 7, 66).
cost(8, 9, 81).
cost(8, 10, 40).
cost(8, 11, 20).
cost(8, 12, 14).
cost(8, 13, 14).
cost(8, 14, 26).
cost(8, 15, 22).
cost(8, 16, 22).
cost(8, 17, 49).
cost(8, 18, 56).
cost(8, 19, 4).
cost(8, 20, 66).
cost(8, 21, 34).
cost(8, 22, 63).
cost(9, 1, 11).
cost(9, 2, 87).
cost(9, 3, 51).
cost(9, 4, 10).
cost(9, 5, 19).
cost(9, 6, 5).
cost(9, 7, 15).
cost(9, 8, 81).
cost(9, 10, 76).
cost(9, 11, 87).
cost(9, 12, 95).
cost(9, 13, 72).
cost(9, 14, 86).
cost(9, 15, 71).
cost(9, 16, 80).
cost(9, 17, 32).
cost(9, 18, 32).
cost(9, 19, 82).
cost(9, 20, 17).
cost(9, 21, 84).
cost(9, 22, 44).
cost(10, 1, 85).
cost(10, 2, 49).
cost(10, 3, 84).
cost(10, 4, 69).
cost(10, 5, 57).
cost(10, 6, 81).
cost(10, 7, 64).
cost(10, 8, 40).
cost(10, 9, 76).
cost(10, 11, 25).
cost(10, 12, 47).
cost(10, 13, 27).
cost(10, 14, 20).
cost(10, 15, 19).
cost(10, 16, 19).
cost(10, 17, 54).
cost(10, 18, 66).
cost(10, 19, 44).
cost(10, 20, 59).
cost(10, 21, 11).
cost(10, 22, 80).
cost(11, 1, 94).
cost(11, 2, 28).
cost(11, 3, 80).
cost(11, 4, 78).
cost(11, 5, 68).
cost(11, 6, 92).
cost(11, 7, 73).
cost(11, 8, 20).
cost(11, 9, 87).
cost(11, 10, 25).
cost(11, 12, 22).
cost(11, 13, 17).
cost(11, 14, 6).
cost(11, 15, 17).
cost(11, 16, 8).
cost(11, 17, 58).
cost(11, 18, 68).
cost(11, 19, 24).
cost(11, 20, 70).
cost(11, 21, 16).
cost(11, 22, 78).
cost(12, 1, 100).
cost(12, 2, 12).
cost(12, 3, 75).
cost(12, 4, 86).
cost(12, 5, 78).
cost(12, 6, 99).
cost(12, 7, 81).
cost(12, 8, 14).
cost(12, 9, 95).
cost(12, 10, 47).
cost(12, 11, 22).
cost(12, 13, 26).
cost(12, 14, 28).
cost(12, 15, 32).
cost(12, 16, 28).
cost(12, 17, 64).
cost(12, 18, 70).
cost(12, 19, 14).
cost(12, 20, 80).
cost(12, 21, 38).
cost(12, 22, 75).
cost(13, 1, 78).
cost(13, 2, 24).
cost(13, 3, 64).
cost(13, 4, 63).
cost(13, 5, 54).
cost(13, 6, 77).
cost(13, 7, 58).
cost(13, 8, 14).
cost(13, 9, 72).
cost(13, 10, 27).
cost(13, 11, 17).
cost(13, 12, 26).
cost(13, 14, 19).
cost(13, 15, 9).
cost(13, 16, 12).
cost(13, 17, 42).
cost(13, 18, 51).
cost(13, 19, 17).
cost(13, 20, 56).
cost(13, 21, 24).
cost(13, 22, 61).
cost(14, 1, 93).
cost(14, 2, 34).
cost(14, 3, 82).
cost(14, 4, 78).
cost(14, 5, 67).
cost(14, 6, 91).
cost(14, 7, 72).
cost(14, 8, 26).
cost(14, 9, 86).
cost(14, 10, 20).
cost(14, 11, 6).
cost(14, 12, 28).
cost(14, 13, 19).
cost(14, 15, 16).
cost(14, 16, 7).
cost(14, 17, 59).
cost(14, 18, 69).
cost(14, 19, 29).
cost(14, 20, 69).
cost(14, 21, 10).
cost(14, 22, 80).
cost(15, 1, 78).
cost(15, 2, 32).
cost(15, 3, 68).
cost(15, 4, 62).
cost(15, 5, 52).
cost(15, 6, 76).
cost(15, 7, 57).
cost(15, 8, 22).
cost(15, 9, 71).
cost(15, 10, 19).
cost(15, 11, 17).
cost(15, 12, 32).
cost(15, 13, 9).
cost(15, 14, 16).
cost(15, 16, 9).
cost(15, 17, 43).
cost(15, 18, 53).
cost(15, 19, 26).
cost(15, 20, 54).
cost(15, 21, 18).
cost(15, 22, 66).
cost(16, 1, 87).
cost(16, 2, 31).
cost(16, 3, 76).
cost(16, 4, 71).
cost(16, 5, 61).
cost(16, 6, 85).
cost(16, 7, 66).
cost(16, 8, 22).
cost(16, 9, 80).
cost(16, 10, 19).
cost(16, 11, 8).
cost(16, 12, 28).
cost(16, 13, 12).
cost(16, 14, 7).
cost(16, 15, 9).
cost(16, 17, 52).
cost(16, 18, 62).
cost(16, 19, 26).
cost(16, 20, 63).
cost(16, 21, 12).
cost(16, 22, 73).
cost(17, 1, 36).
cost(17, 2, 55).
cost(17, 3, 36).
cost(17, 4, 22).
cost(17, 5, 18).
cost(17, 6, 36).
cost(17, 7, 17).
cost(17, 8, 49).
cost(17, 9, 32).
cost(17, 10, 54).
cost(17, 11, 58).
cost(17, 12, 64).
cost(17, 13, 42).
cost(17, 14, 59).
cost(17, 15, 43).
cost(17, 16, 52).
cost(17, 18, 13).
cost(17, 19, 50).
cost(17, 20, 20).
cost(17, 21, 59).
cost(17, 22, 30).
cost(18, 1, 32).
cost(18, 2, 59).
cost(18, 3, 24).
cost(18, 4, 22).
cost(18, 5, 26).
cost(18, 6, 34).
cost(18, 7, 20).
cost(18, 8, 56).
cost(18, 9, 32).
cost(18, 10, 66).
cost(18, 11, 68).
cost(18, 12, 70).
cost(18, 13, 51).
cost(18, 14, 69).
cost(18, 15, 53).
cost(18, 16, 62).
cost(18, 17, 13).
cost(18, 19, 56).
cost(18, 20, 27).
cost(18, 21, 70).
cost(18, 22, 18).
cost(19, 1, 86).
cost(19, 2, 6).
cost(19, 3, 61).
cost(19, 4, 72).
cost(19, 5, 65).
cost(19, 6, 86).
cost(19, 7, 67).
cost(19, 8, 4).
cost(19, 9, 82).
cost(19, 10, 44).
cost(19, 11, 24).
cost(19, 12, 14).
cost(19, 13, 17).
cost(19, 14, 29).
cost(19, 15, 26).
cost(19, 16, 26).
cost(19, 17, 50).
cost(19, 18, 56).
cost(19, 20, 67).
cost(19, 21, 38).
cost(19, 22, 61).
cost(20, 1, 27).
cost(20, 2, 73).
cost(20, 3, 50).
cost(20, 4, 12).
cost(20, 5, 2).
cost(20, 6, 23).
cost(20, 7, 8).
cost(20, 8, 66).
cost(20, 9, 17).
cost(20, 10, 59).
cost(20, 11, 70).
cost(20, 12, 80).
cost(20, 13, 56).
cost(20, 14, 69).
cost(20, 15, 54).
cost(20, 16, 63).
cost(20, 17, 20).
cost(20, 18, 27).
cost(20, 19, 67).
cost(20, 21, 67).
cost(20, 22, 43).
cost(21, 1, 92).
cost(21, 2, 43).
cost(21, 3, 86).
cost(21, 4, 76).
cost(21, 5, 65).
cost(21, 6, 89).
cost(21, 7, 71).
cost(21, 8, 34).
cost(21, 9, 84).
cost(21, 10, 11).
cost(21, 11, 16).
cost(21, 12, 38).
cost(21, 13, 24).
cost(21, 14, 10).
cost(21, 15, 18).
cost(21, 16, 12).
cost(21, 17, 59).
cost(21, 18, 70).
cost(21, 19, 38).
cost(21, 20, 67).
cost(21, 22, 83).
cost(22, 1, 40).
cost(22, 2, 64).
cost(22, 3, 7).
cost(22, 4, 36).
cost(22, 5, 42).
cost(22, 6, 44).
cost(22, 7, 36).
cost(22, 8, 63).
cost(22, 9, 44).
cost(22, 10, 80).
cost(22, 11, 78).
cost(22, 12, 75).
cost(22, 13, 61).
cost(22, 14, 80).
cost(22, 15, 66).
cost(22, 16, 73).
cost(22, 17, 30).
cost(22, 18, 18).
cost(22, 19, 61).
cost(22, 20, 43).
cost(22, 21, 83).
nocross(1,3).
nocross(1,4).
nocross(1,5).
nocross(1,6).
nocross(1,7).
nocross(1,9).
nocross(1,17).
nocross(1,18).
nocross(1,20).
nocross(1,22).
nocross(2,3).
nocross(2,8).
nocross(2,11).
nocross(2,12).
nocross(2,13).
nocross(2,14).
nocross(2,15).
nocross(2,16).
nocross(2,19).
nocross(2,21).
nocross(3,1).
nocross(3,2).
nocross(3,4).
nocross(3,17).
nocross(3,18).
nocross(3,19).
nocross(3,22).
nocross(4,1).
nocross(4,3).
nocross(4,5).
nocross(4,6).
nocross(4,7).
nocross(4,9).
nocross(4,17).
nocross(4,18).
nocross(4,20).
nocross(4,22).
nocross(5,1).
nocross(5,3).
nocross(5,4).
nocross(5,6).
nocross(5,7).
nocross(5,9).
nocross(5,10).
nocross(5,17).
nocross(5,18).
nocross(5,20).
nocross(5,22).
nocross(6,1).
nocross(6,4).
nocross(6,5).
nocross(6,7).
nocross(6,9).
nocross(6,17).
nocross(6,18).
nocross(6,20).
nocross(7,1).
nocross(7,3).
nocross(7,4).
nocross(7,5).
nocross(7,6).
nocross(7,9).
nocross(7,17).
nocross(7,18).
nocross(7,20).
nocross(7,22).
nocross(8,2).
nocross(8,3).
nocross(8,10).
nocross(8,11).
nocross(8,12).
nocross(8,13).
nocross(8,14).
nocross(8,15).
nocross(8,16).
nocross(8,19).
nocross(8,21).
nocross(9,1).
nocross(9,4).
nocross(9,5).
nocross(9,6).
nocross(9,7).
nocross(9,17).
nocross(9,18).
nocross(9,20).
nocross(10,8).
nocross(10,11).
nocross(10,13).
nocross(10,14).
nocross(10,15).
nocross(10,16).
nocross(10,20).
nocross(10,21).
nocross(11,2).
nocross(11,8).
nocross(11,10).
nocross(11,12).
nocross(11,13).
nocross(11,14).
nocross(11,15).
nocross(11,16).
nocross(11,19).
nocross(11,21).
nocross(12,2).
nocross(12,8).
nocross(12,11).
nocross(12,13).
nocross(12,14).
nocross(12,15).
nocross(12,16).
nocross(12,19).
nocross(12,21).
nocross(13,2).
nocross(13,3).
nocross(13,8).
nocross(13,10).
nocross(13,11).
nocross(13,12).
nocross(13,14).
nocross(13,15).
nocross(13,16).
nocross(13,17).
nocross(13,19).
nocross(13,21).
nocross(14,2).
nocross(14,8).
nocross(14,10).
nocross(14,11).
nocross(14,12).
nocross(14,13).
nocross(14,15).
nocross(14,16).
nocross(14,19).
nocross(14,21).
nocross(15,2).
nocross(15,8).
nocross(15,10).
nocross(15,11).
nocross(15,12).
nocross(15,13).
nocross(15,14).
nocross(15,16).
nocross(15,17).
nocross(15,19).
nocross(15,21).
nocross(16,2).
nocross(16,8).
nocross(16,10).
nocross(16,11).
nocross(16,12).
nocross(16,13).
nocross(16,14).
nocross(16,15).
nocross(16,19).
nocross(16,21).
nocross(17,1).
nocross(17,2).
nocross(17,3).
nocross(17,4).
nocross(17,5).
nocross(17,6).
nocross(17,7).
nocross(17,8).
nocross(17,9).
nocross(17,10).
nocross(17,13).
nocross(17,15).
nocross(17,16).
nocross(17,18).
nocross(17,19).
nocross(17,20).
nocross(17,22).
nocross(18,1).
nocross(18,3).
nocross(18,4).
nocross(18,5).
nocross(18,6).
nocross(18,7).
nocross(18,9).
nocross(18,10).
nocross(18,17).
nocross(18,19).
nocross(18,20).
nocross(18,22).
nocross(19,2).
nocross(19,3).
nocross(19,8).
nocross(19,11).
nocross(19,12).
nocross(19,13).
nocross(19,14).
nocross(19,15).
nocross(19,16).
nocross(19,21).
nocross(20,1).
nocross(20,3).
nocross(20,4).
nocross(20,5).
nocross(20,6).
nocross(20,7).
nocross(20,9).
nocross(20,10).
nocross(20,17).
nocross(20,18).
nocross(20,22).
nocross(21,2).
nocross(21,8).
nocross(21,10).
nocross(21,11).
nocross(21,12).
nocross(21,13).
nocross(21,14).
nocross(21,15).
nocross(21,16).
nocross(21,19).
nocross(22,1).
nocross(22,2).
nocross(22,3).
nocross(22,4).
nocross(22,5).
nocross(22,6).
nocross(22,7).
nocross(22,9).
nocross(22,17).
nocross(22,18).
nocross(22,19).
nocross(22,20).
