dimension(22).
point(1, 68.094507723, 64.497330477).
point(2, 30.7968929344, 46.2010021385).
point(3, 42.7979558696, 32.3333871905).
point(4, 32.6801024356, 58.5319869192).
point(5, 76.7992272224, 86.6084497965).
point(6, 41.4595973312, 89.594819761).
point(7, 20.1973312533, 68.3207368106).
point(8, 76.4158271214, 58.9107395441).
point(9, 65.8874195395, 26.6119991165).
point(10, 34.5478858647, 80.9018306975).
point(11, 43.6564836522, 72.4921734955).
point(12, 58.7417911807, 81.280711482).
point(13, 28.7383490631, 59.6182923155).
point(14, 62.6161238456, 57.1736516804).
point(15, 47.5108691697, 37.4289427196).
point(16, 39.3431433513, 82.701284614).
point(17, 76.3247102746, 82.3841108705).
point(18, 57.5572886914, 43.137326029).
point(19, 57.200669192, 25.4022187281).
point(20, 21.2099749494, 45.4784514601).
point(21, 89.5221933646, 55.5999268536).
point(22, 62.8420261406, 26.8320276672).
cost(1, 2, 42).
cost(1, 3, 41).
cost(1, 4, 36).
cost(1, 5, 24).
cost(1, 6, 37).
cost(1, 7, 48).
cost(1, 8, 10).
cost(1, 9, 38).
cost(1, 10, 37).
cost(1, 11, 26).
cost(1, 12, 19).
cost(1, 13, 40).
cost(1, 14, 9).
cost(1, 15, 34).
cost(1, 16, 34).
cost(1, 17, 20).
cost(1, 18, 24).
cost(1, 19, 41).
cost(1, 20, 51).
cost(1, 21, 23).
cost(1, 22, 38).
cost(2, 1, 42).
cost(2, 3, 18).
cost(2, 4, 12).
cost(2, 5, 61).
cost(2, 6, 45).
cost(2, 7, 25).
cost(2, 8, 47).
cost(2, 9, 40).
cost(2, 10, 35).
cost(2, 11, 29).
cost(2, 12, 45).
cost(2, 13, 14).
cost(2, 14, 34).
cost(2, 15, 19).
cost(2, 16, 37).
cost(2, 17, 58).
cost(2, 18, 27).
cost(2, 19, 34).
cost(2, 20, 10).
cost(2, 21, 59).
cost(2, 22, 37).
cost(3, 1, 41).
cost(3, 2, 18).
cost(3, 4, 28).
cost(3, 5, 64).
cost(3, 6, 57).
cost(3, 7, 42).
cost(3, 8, 43).
cost(3, 9, 24).
cost(3, 10, 49).
cost(3, 11, 40).
cost(3, 12, 51).
cost(3, 13, 31).
cost(3, 14, 32).
cost(3, 15, 7).
cost(3, 16, 50).
cost(3, 17, 60).
cost(3, 18, 18).
cost(3, 19, 16).
cost(3, 20, 25).
cost(3, 21, 52).
cost(3, 22, 21).
cost(4, 1, 36).
cost(4, 2, 12).
cost(4, 3, 28).
cost(4, 5, 52).
cost(4, 6, 32).
cost(4, 7, 16).
cost(4, 8, 44).
cost(4, 9, 46).
cost(4, 10, 22).
cost(4, 11, 18).
cost(4, 12, 35).
cost(4, 13, 4).
cost(4, 14, 30).
cost(4, 15, 26).
cost(4, 16, 25).
cost(4, 17, 50).
cost(4, 18, 29).
cost(4, 19, 41).
cost(4, 20, 17).
cost(4, 21, 57).
cost(4, 22, 44).
cost(5, 1, 24).
cost(5, 2, 61).
cost(5, 3, 64).
cost(5, 4, 52).
cost(5, 6, 35).
cost(5, 7, 59).
cost(5, 8, 28).
cost(5, 9, 61).
cost(5, 10, 43).
cost(5, 11, 36).
cost(5, 12, 19).
cost(5, 13, 55).
cost(5, 14, 33).
cost(5, 15, 57).
cost(5, 16, 38).
cost(5, 17, 4).
cost(5, 18, 48).
cost(5, 19, 64).
cost(5, 20, 69).
cost(5, 21, 34).
cost(5, 22, 61).
cost(6, 1, 37).
cost(6, 2, 45).
cost(6, 3, 57).
cost(6, 4, 32).
cost(6, 5, 35).
cost(6, 7, 30).
cost(6, 8, 47).
cost(6, 9, 68).
cost(6, 10, 11).
cost(6, 11, 17).
cost(6, 12, 19).
cost(6, 13, 33).
cost(6, 14, 39).
cost(6, 15, 53).
cost(6, 16, 7).
cost(6, 17, 36).
cost(6, 18, 49).
cost(6, 19, 66).
cost(6, 20, 49).
cost(6, 21, 59).
cost(6, 22, 66).
cost(7, 1, 48).
cost(7, 2, 25).
cost(7, 3, 42).
cost(7, 4, 16).
cost(7, 5, 59).
cost(7, 6, 30).
cost(7, 8, 57).
cost(7, 9, 62).
cost(7, 10, 19).
cost(7, 11, 24).
cost(7, 12, 41).
cost(7, 13, 12).
cost(7, 14, 44).
cost(7, 15, 41).
cost(7, 16, 24).
cost(7, 17, 58).
cost(7, 18, 45).
cost(7, 19, 57).
cost(7, 20, 23).
cost(7, 21, 70).
cost(7, 22, 59).
cost(8, 1, 10).
cost(8, 2, 47).
cost(8, 3, 43).
cost(8, 4, 44).
cost(8, 5, 28).
cost(8, 6, 47).
cost(8, 7, 57).
cost(8, 9, 34).
cost(8, 10, 47).
cost(8, 11, 35).
cost(8, 12, 29).
cost(8, 13, 48).
cost(8, 14, 14).
cost(8, 15, 36).
cost(8, 16, 44).
cost(8, 17, 23).
cost(8, 18, 25).
cost(8, 19, 39).
cost(8, 20, 57).
cost(8, 21, 14).
cost(8, 22, 35).
cost(9, 1, 38).
cost(9, 2, 40).
cost(9, 3, 24).
cost(9, 4, 46).
cost(9, 5, 61).
cost(9, 6, 68).
cost(9, 7, 62).
cost(9, 8, 34).
cost(9, 10, 63).
cost(9, 11, 51).
cost(9, 12, 55).
cost(9, 13, 50).
cost(9, 14, 31).
cost(9, 15, 21).
cost(9, 16, 62).
cost(9, 17, 57).
cost(9, 18, 19).
cost(9, 19, 9).
cost(9, 20, 48).
cost(9, 21, 37).
cost(9, 22, 3).
cost(10, 1, 37).
cost(10, 2, 35).
cost(10, 3, 49).
cost(10, 4, 22).
cost(10, 5, 43).
cost(10, 6, 11).
cost(10, 7, 19).
cost(10, 8, 47).
cost(10, 9, 63).
cost(10, 11, 12).
cost(10, 12, 24).
cost(10, 13, 22).
cost(10, 14, 37).
cost(10, 15, 45).
cost(10, 16, 5).
cost(10, 17, 42).
cost(10, 18, 44).
cost(10, 19, 60).
cost(10, 20, 38).
cost(10, 21, 61).
cost(10, 22, 61).
cost(11, 1, 26).
cost(11, 2, 29).
cost(11, 3, 40).
cost(11, 4, 18).
cost(11, 5, 36).
cost(11, 6, 17).
cost(11, 7, 24).
cost(11, 8, 35).
cost(11, 9, 51).
cost(11, 10, 12).
cost(11, 12, 17).
cost(11, 13, 20).
cost(11, 14, 24).
cost(11, 15, 35).
cost(11, 16, 11).
cost(11, 17, 34).
cost(11, 18, 32).
cost(11, 19, 49).
cost(11, 20, 35).
cost(11, 21, 49).
cost(11, 22, 50).
cost(12, 1, 19).
cost(12, 2, 45).
cost(12, 3, 51).
cost(12, 4, 35).
cost(12, 5, 19).
cost(12, 6, 19).
cost(12, 7, 41).
cost(12, 8, 29).
cost(12, 9, 55).
cost(12, 10, 24).
cost(12, 11, 17).
cost(12, 13, 37).
cost(12, 14, 24).
cost(12, 15, 45).
cost(12, 16, 19).
cost(12, 17, 18).
cost(12, 18, 38).
cost(12, 19, 56).
cost(12, 20, 52).
cost(12, 21, 40).
cost(12, 22, 55).
cost(13, 1, 40).
cost(13, 2, 14).
cost(13, 3, 31).
cost(13, 4, 4).
cost(13, 5, 55).
cost(13, 6, 33).
cost(13, 7, 12).
cost(13, 8, 48).
cost(13, 9, 50).
cost(13, 10, 22).
cost(13, 11, 20).
cost(13, 12, 37).
cost(13, 14, 34).
cost(13, 15, 29).
cost(13, 16, 25).
cost(13, 17, 53).
cost(13, 18, 33).
cost(13, 19, 45).
cost(13, 20, 16).
cost(13, 21, 61).
cost(13, 22, 47).
cost(14, 1, 9).
cost(14, 2, 34).
cost(14, 3, 32).
cost(14, 4, 30).
cost(14, 5, 33).
cost(14, 6, 39).
cost(14, 7, 44).
cost(14, 8, 14).
cost(14, 9, 31).
cost(14, 10, 37).
cost(14, 11, 24).
cost(14, 12, 24).
cost(14, 13, 34).
cost(14, 15, 25).
cost(14, 16, 35).
cost(14, 17, 29).
cost(14, 18, 15).
cost(14, 19, 32).
cost(14, 20, 43).
cost(14, 21, 27).
cost(14, 22, 30).
cost(15, 1, 34).
cost(15, 2, 19).
cost(15, 3, 7).
cost(15, 4, 26).
cost(15, 5, 57).
cost(15, 6, 53).
cost(15, 7, 41).
cost(15, 8, 36).
cost(15, 9, 21).
cost(15, 10, 45).
cost(15, 11, 35).
cost(15, 12, 45).
cost(15, 13, 29).
cost(15, 14, 25).
cost(15, 16, 46).
cost(15, 17, 53).
cost(15, 18, 12).
cost(15, 19, 15).
cost(15, 20, 28).
cost(15, 21, 46).
cost(15, 22, 19).
cost(16, 1, 34).
cost(16, 2, 37).
cost(16, 3, 50).
cost(16, 4, 25).
cost(16, 5, 38).
cost(16, 6, 7).
cost(16, 7, 24).
cost(16, 8, 44).
cost(16, 9, 62).
cost(16, 10, 5).
cost(16, 11, 11).
cost(16, 12, 19).
cost(16, 13, 25).
cost(16, 14, 35).
cost(16, 15, 46).
cost(16, 17, 37).
cost(16, 18, 44).
cost(16, 19, 60).
cost(16, 20, 41).
cost(16, 21, 57).
cost(16, 22, 61).
cost(17, 1, 20).
cost(17, 2, 58).
cost(17, 3, 60).
cost(17, 4, 50).
cost(17, 5, 4).
cost(17, 6, 36).
cost(17, 7, 58).
cost(17, 8, 23).
cost(17, 9, 57).
cost(17, 10, 42).
cost(17, 11, 34).
cost(17, 12, 18).
cost(17, 13, 53).
cost(17, 14, 29).
cost(17, 15, 53).
cost(17, 16, 37).
cost(17, 18, 44).
cost(17, 19, 60).
cost(17, 20, 66).
cost(17, 21, 30).
cost(17, 22, 57).
cost(18, 1, 24).
cost(18, 2, 27).
cost(18, 3, 18).
cost(18, 4, 29).
cost(18, 5, 48).
cost(18, 6, 49).
cost(18, 7, 45).
cost(18, 8, 25).
cost(18, 9, 19).
cost(18, 10, 44).
cost(18, 11, 32).
cost(18, 12, 38).
cost(18, 13, 33).
cost(18, 14, 15).
cost(18, 15, 12).
cost(18, 16, 44).
cost(18, 17, 44).
cost(18, 19, 18).
cost(18, 20, 36).
cost(18, 21, 34).
cost(18, 22, 17).
cost(19, 1, 41).
cost(19, 2, 34).
cost(19, 3, 16).
cost(19, 4, 41).
cost(19, 5, 64).
cost(19, 6, 66).
cost(19, 7, 57).
cost(19, 8, 39).
cost(19, 9, 9).
cost(19, 10, 60).
cost(19, 11, 49).
cost(19, 12, 56).
cost(19, 13, 45).
cost(19, 14, 32).
cost(19, 15, 15).
cost(19, 16, 60).
cost(19, 17, 60).
cost(19, 18, 18).
cost(19, 20, 41).
cost(19, 21, 44).
cost(19, 22, 6).
cost(20, 1, 51).
cost(20, 2, 10).
cost(20, 3, 25).
cost(20, 4, 17).
cost(20, 5, 69).
cost(20, 6, 49).
cost(20, 7, 23).
cost(20, 8, 57).
cost(20, 9, 48).
cost(20, 10, 38).
cost(20, 11, 35).
cost(20, 12, 52).
cost(20, 13, 16).
cost(20, 14, 43).
cost(20, 15, 28).
cost(20, 16, 41).
cost(20, 17, 66).
cost(20, 18, 36).
cost(20, 19, 41).
cost(20, 21, 69).
cost(20, 22, 46).
cost(21, 1, 23).
cost(21, 2, 59).
cost(21, 3, 52).
cost(21, 4, 57).
cost(21, 5, 34).
cost(21, 6, 59).
cost(21, 7, 70).
cost(21, 8, 14).
cost(21, 9, 37).
cost(21, 10, 61).
cost(21, 11, 49).
cost(21, 12, 40).
cost(21, 13, 61).
cost(21, 14, 27).
cost(21, 15, 46).
cost(21, 16, 57).
cost(21, 17, 30).
cost(21, 18, 34).
cost(21, 19, 44).
cost(21, 20, 69).
cost(21, 22, 39).
cost(22, 1, 38).
cost(22, 2, 37).
cost(22, 3, 21).
cost(22, 4, 44).
cost(22, 5, 61).
cost(22, 6, 66).
cost(22, 7, 59).
cost(22, 8, 35).
cost(22, 9, 3).
cost(22, 10, 61).
cost(22, 11, 50).
cost(22, 12, 55).
cost(22, 13, 47).
cost(22, 14, 30).
cost(22, 15, 19).
cost(22, 16, 61).
cost(22, 17, 57).
cost(22, 18, 17).
cost(22, 19, 6).
cost(22, 20, 46).
cost(22, 21, 39).
nocross(1,5).
nocross(1,6).
nocross(1,8).
nocross(1,9).
nocross(1,10).
nocross(1,11).
nocross(1,12).
nocross(1,14).
nocross(1,16).
nocross(1,17).
nocross(1,21).
nocross(2,3).
nocross(2,4).
nocross(2,5).
nocross(2,10).
nocross(2,13).
nocross(2,15).
nocross(2,17).
nocross(2,20).
nocross(3,2).
nocross(3,5).
nocross(3,15).
nocross(3,17).
nocross(3,19).
nocross(3,22).
nocross(4,2).
nocross(4,5).
nocross(4,10).
nocross(4,11).
nocross(4,13).
nocross(4,16).
nocross(4,17).
nocross(5,1).
nocross(5,6).
nocross(5,12).
nocross(5,17).
nocross(6,5).
nocross(6,10).
nocross(6,11).
nocross(6,12).
nocross(6,16).
nocross(6,17).
nocross(7,2).
nocross(7,4).
nocross(7,5).
nocross(7,6).
nocross(7,10).
nocross(7,11).
nocross(7,13).
nocross(7,16).
nocross(7,17).
nocross(7,20).
nocross(8,1).
nocross(8,5).
nocross(8,9).
nocross(8,14).
nocross(8,17).
nocross(8,18).
nocross(8,21).
nocross(9,5).
nocross(9,15).
nocross(9,18).
nocross(9,19).
nocross(9,22).
nocross(10,4).
nocross(10,5).
nocross(10,6).
nocross(10,7).
nocross(10,11).
nocross(10,12).
nocross(10,13).
nocross(10,16).
nocross(10,17).
nocross(11,1).
nocross(11,4).
nocross(11,5).
nocross(11,6).
nocross(11,7).
nocross(11,9).
nocross(11,10).
nocross(11,12).
nocross(11,13).
nocross(11,14).
nocross(11,16).
nocross(11,17).
nocross(12,1).
nocross(12,5).
nocross(12,6).
nocross(12,8).
nocross(12,9).
nocross(12,10).
nocross(12,11).
nocross(12,14).
nocross(12,16).
nocross(12,17).
nocross(13,2).
nocross(13,4).
nocross(13,5).
nocross(13,7).
nocross(13,10).
nocross(13,11).
nocross(13,16).
nocross(13,17).
nocross(13,20).
nocross(14,1).
nocross(14,5).
nocross(14,6).
nocross(14,8).
nocross(14,9).
nocross(14,10).
nocross(14,11).
nocross(14,12).
nocross(14,16).
nocross(14,17).
nocross(14,18).
nocross(14,22).
nocross(15,2).
nocross(15,3).
nocross(15,5).
nocross(15,9).
nocross(15,10).
nocross(15,17).
nocross(15,18).
nocross(15,19).
nocross(15,22).
nocross(16,5).
nocross(16,6).
nocross(16,10).
nocross(16,11).
nocross(16,12).
nocross(16,17).
nocross(17,1).
nocross(17,5).
nocross(17,6).
nocross(17,8).
nocross(17,12).
nocross(17,21).
nocross(18,1).
nocross(18,3).
nocross(18,5).
nocross(18,8).
nocross(18,9).
nocross(18,10).
nocross(18,14).
nocross(18,15).
nocross(18,16).
nocross(18,17).
nocross(18,19).
nocross(18,22).
nocross(19,3).
nocross(19,5).
nocross(19,9).
nocross(19,15).
nocross(19,18).
nocross(19,22).
nocross(20,2).
nocross(20,3).
nocross(20,4).
nocross(20,5).
nocross(20,7).
nocross(20,9).
nocross(20,10).
nocross(20,13).
nocross(21,1).
nocross(21,5).
nocross(21,8).
nocross(21,9).
nocross(21,14).
nocross(21,17).
nocross(22,3).
nocross(22,5).
nocross(22,9).
nocross(22,15).
nocross(22,17).
nocross(22,18).
nocross(22,19).
