dimension(22).
point(1, 82.8108382927, 65.7214284181).
point(2, 35.2625191986, 79.4659303458).
point(3, 16.5251040969, 80.3855289257).
point(4, 31.6200908407, 11.2715372988).
point(5, 22.6066176654, 60.566099887).
point(6, 76.8130211638, 44.0142423548).
point(7, 28.6776740687, 79.8823380382).
point(8, 84.0588730849, 30.4687660456).
point(9, 17.9033966979, 63.0858510358).
point(10, 53.818131019, 28.1586749083).
point(11, 37.5625138081, 20.158921453).
point(12, 36.988931333, 18.7696303429).
point(13, 73.7096215743, 31.6992501009).
point(14, 13.5228686672, 70.6456877162).
point(15, 55.1107122125, 39.6823174018).
point(16, 10.6796343557, 69.1979747074).
point(17, 40.4817233961, 70.9351587295).
point(18, 1.2764397712, 49.2512652323).
point(19, 84.0051695119, 52.6312605382).
point(20, 28.0331760043, 43.6140617262).
point(21, 65.0527752058, 53.6018147329).
point(22, 25.2206847143, 50.2455684836).
cost(1, 2, 49).
cost(1, 3, 68).
cost(1, 4, 75).
cost(1, 5, 60).
cost(1, 6, 23).
cost(1, 7, 56).
cost(1, 8, 35).
cost(1, 9, 65).
cost(1, 10, 47).
cost(1, 11, 64).
cost(1, 12, 66).
cost(1, 13, 35).
cost(1, 14, 69).
cost(1, 15, 38).
cost(1, 16, 72).
cost(1, 17, 43).
cost(1, 18, 83).
cost(1, 19, 13).
cost(1, 20, 59).
cost(1, 21, 21).
cost(1, 22, 60).
cost(2, 1, 49).
cost(2, 3, 19).
cost(2, 4, 68).
cost(2, 5, 23).
cost(2, 6, 55).
cost(2, 7, 7).
cost(2, 8, 69).
cost(2, 9, 24).
cost(2, 10, 55).
cost(2, 11, 59).
cost(2, 12, 61).
cost(2, 13, 61).
cost(2, 14, 23).
cost(2, 15, 44).
cost(2, 16, 27).
cost(2, 17, 10).
cost(2, 18, 45).
cost(2, 19, 56).
cost(2, 20, 37).
cost(2, 21, 39).
cost(2, 22, 31).
cost(3, 1, 68).
cost(3, 2, 19).
cost(3, 4, 71).
cost(3, 5, 21).
cost(3, 6, 70).
cost(3, 7, 12).
cost(3, 8, 84).
cost(3, 9, 17).
cost(3, 10, 64).
cost(3, 11, 64).
cost(3, 12, 65).
cost(3, 13, 75).
cost(3, 14, 10).
cost(3, 15, 56).
cost(3, 16, 13).
cost(3, 17, 26).
cost(3, 18, 35).
cost(3, 19, 73).
cost(3, 20, 39).
cost(3, 21, 55).
cost(3, 22, 31).
cost(4, 1, 75).
cost(4, 2, 68).
cost(4, 3, 71).
cost(4, 5, 50).
cost(4, 6, 56).
cost(4, 7, 69).
cost(4, 8, 56).
cost(4, 9, 54).
cost(4, 10, 28).
cost(4, 11, 11).
cost(4, 12, 9).
cost(4, 13, 47).
cost(4, 14, 62).
cost(4, 15, 37).
cost(4, 16, 62).
cost(4, 17, 60).
cost(4, 18, 49).
cost(4, 19, 67).
cost(4, 20, 33).
cost(4, 21, 54).
cost(4, 22, 39).
cost(5, 1, 60).
cost(5, 2, 23).
cost(5, 3, 21).
cost(5, 4, 50).
cost(5, 6, 57).
cost(5, 7, 20).
cost(5, 8, 68).
cost(5, 9, 5).
cost(5, 10, 45).
cost(5, 11, 43).
cost(5, 12, 44).
cost(5, 13, 59).
cost(5, 14, 14).
cost(5, 15, 39).
cost(5, 16, 15).
cost(5, 17, 21).
cost(5, 18, 24).
cost(5, 19, 62).
cost(5, 20, 18).
cost(5, 21, 43).
cost(5, 22, 11).
cost(6, 1, 23).
cost(6, 2, 55).
cost(6, 3, 70).
cost(6, 4, 56).
cost(6, 5, 57).
cost(6, 7, 60).
cost(6, 8, 15).
cost(6, 9, 62).
cost(6, 10, 28).
cost(6, 11, 46).
cost(6, 12, 47).
cost(6, 13, 13).
cost(6, 14, 69).
cost(6, 15, 22).
cost(6, 16, 71).
cost(6, 17, 45).
cost(6, 18, 76).
cost(6, 19, 11).
cost(6, 20, 49).
cost(6, 21, 15).
cost(6, 22, 52).
cost(7, 1, 56).
cost(7, 2, 7).
cost(7, 3, 12).
cost(7, 4, 69).
cost(7, 5, 20).
cost(7, 6, 60).
cost(7, 8, 74).
cost(7, 9, 20).
cost(7, 10, 58).
cost(7, 11, 60).
cost(7, 12, 62).
cost(7, 13, 66).
cost(7, 14, 18).
cost(7, 15, 48).
cost(7, 16, 21).
cost(7, 17, 15).
cost(7, 18, 41).
cost(7, 19, 62).
cost(7, 20, 36).
cost(7, 21, 45).
cost(7, 22, 30).
cost(8, 1, 35).
cost(8, 2, 69).
cost(8, 3, 84).
cost(8, 4, 56).
cost(8, 5, 68).
cost(8, 6, 15).
cost(8, 7, 74).
cost(8, 9, 74).
cost(8, 10, 30).
cost(8, 11, 48).
cost(8, 12, 49).
cost(8, 13, 10).
cost(8, 14, 81).
cost(8, 15, 30).
cost(8, 16, 83).
cost(8, 17, 59).
cost(8, 18, 85).
cost(8, 19, 22).
cost(8, 20, 58).
cost(8, 21, 30).
cost(8, 22, 62).
cost(9, 1, 65).
cost(9, 2, 24).
cost(9, 3, 17).
cost(9, 4, 54).
cost(9, 5, 5).
cost(9, 6, 62).
cost(9, 7, 20).
cost(9, 8, 74).
cost(9, 10, 50).
cost(9, 11, 47).
cost(9, 12, 48).
cost(9, 13, 64).
cost(9, 14, 9).
cost(9, 15, 44).
cost(9, 16, 9).
cost(9, 17, 24).
cost(9, 18, 22).
cost(9, 19, 67).
cost(9, 20, 22).
cost(9, 21, 48).
cost(9, 22, 15).
cost(10, 1, 47).
cost(10, 2, 55).
cost(10, 3, 64).
cost(10, 4, 28).
cost(10, 5, 45).
cost(10, 6, 28).
cost(10, 7, 58).
cost(10, 8, 30).
cost(10, 9, 50).
cost(10, 11, 18).
cost(10, 12, 19).
cost(10, 13, 20).
cost(10, 14, 59).
cost(10, 15, 12).
cost(10, 16, 60).
cost(10, 17, 45).
cost(10, 18, 57).
cost(10, 19, 39).
cost(10, 20, 30).
cost(10, 21, 28).
cost(10, 22, 36).
cost(11, 1, 64).
cost(11, 2, 59).
cost(11, 3, 64).
cost(11, 4, 11).
cost(11, 5, 43).
cost(11, 6, 46).
cost(11, 7, 60).
cost(11, 8, 48).
cost(11, 9, 47).
cost(11, 10, 18).
cost(11, 12, 2).
cost(11, 13, 38).
cost(11, 14, 56).
cost(11, 15, 26).
cost(11, 16, 56).
cost(11, 17, 51).
cost(11, 18, 47).
cost(11, 19, 57).
cost(11, 20, 25).
cost(11, 21, 43).
cost(11, 22, 33).
cost(12, 1, 66).
cost(12, 2, 61).
cost(12, 3, 65).
cost(12, 4, 9).
cost(12, 5, 44).
cost(12, 6, 47).
cost(12, 7, 62).
cost(12, 8, 49).
cost(12, 9, 48).
cost(12, 10, 19).
cost(12, 11, 2).
cost(12, 13, 39).
cost(12, 14, 57).
cost(12, 15, 28).
cost(12, 16, 57).
cost(12, 17, 52).
cost(12, 18, 47).
cost(12, 19, 58).
cost(12, 20, 26).
cost(12, 21, 45).
cost(12, 22, 34).
cost(13, 1, 35).
cost(13, 2, 61).
cost(13, 3, 75).
cost(13, 4, 47).
cost(13, 5, 59).
cost(13, 6, 13).
cost(13, 7, 66).
cost(13, 8, 10).
cost(13, 9, 64).
cost(13, 10, 20).
cost(13, 11, 38).
cost(13, 12, 39).
cost(13, 14, 72).
cost(13, 15, 20).
cost(13, 16, 73).
cost(13, 17, 51).
cost(13, 18, 75).
cost(13, 19, 23).
cost(13, 20, 47).
cost(13, 21, 24).
cost(13, 22, 52).
cost(14, 1, 69).
cost(14, 2, 23).
cost(14, 3, 10).
cost(14, 4, 62).
cost(14, 5, 14).
cost(14, 6, 69).
cost(14, 7, 18).
cost(14, 8, 81).
cost(14, 9, 9).
cost(14, 10, 59).
cost(14, 11, 56).
cost(14, 12, 57).
cost(14, 13, 72).
cost(14, 15, 52).
cost(14, 16, 3).
cost(14, 17, 27).
cost(14, 18, 25).
cost(14, 19, 73).
cost(14, 20, 31).
cost(14, 21, 54).
cost(14, 22, 24).
cost(15, 1, 38).
cost(15, 2, 44).
cost(15, 3, 56).
cost(15, 4, 37).
cost(15, 5, 39).
cost(15, 6, 22).
cost(15, 7, 48).
cost(15, 8, 30).
cost(15, 9, 44).
cost(15, 10, 12).
cost(15, 11, 26).
cost(15, 12, 28).
cost(15, 13, 20).
cost(15, 14, 52).
cost(15, 16, 53).
cost(15, 17, 35).
cost(15, 18, 55).
cost(15, 19, 32).
cost(15, 20, 27).
cost(15, 21, 17).
cost(15, 22, 32).
cost(16, 1, 72).
cost(16, 2, 27).
cost(16, 3, 13).
cost(16, 4, 62).
cost(16, 5, 15).
cost(16, 6, 71).
cost(16, 7, 21).
cost(16, 8, 83).
cost(16, 9, 9).
cost(16, 10, 60).
cost(16, 11, 56).
cost(16, 12, 57).
cost(16, 13, 73).
cost(16, 14, 3).
cost(16, 15, 53).
cost(16, 17, 30).
cost(16, 18, 22).
cost(16, 19, 75).
cost(16, 20, 31).
cost(16, 21, 57).
cost(16, 22, 24).
cost(17, 1, 43).
cost(17, 2, 10).
cost(17, 3, 26).
cost(17, 4, 60).
cost(17, 5, 21).
cost(17, 6, 45).
cost(17, 7, 15).
cost(17, 8, 59).
cost(17, 9, 24).
cost(17, 10, 45).
cost(17, 11, 51).
cost(17, 12, 52).
cost(17, 13, 51).
cost(17, 14, 27).
cost(17, 15, 35).
cost(17, 16, 30).
cost(17, 18, 45).
cost(17, 19, 47).
cost(17, 20, 30).
cost(17, 21, 30).
cost(17, 22, 26).
cost(18, 1, 83).
cost(18, 2, 45).
cost(18, 3, 35).
cost(18, 4, 49).
cost(18, 5, 24).
cost(18, 6, 76).
cost(18, 7, 41).
cost(18, 8, 85).
cost(18, 9, 22).
cost(18, 10, 57).
cost(18, 11, 47).
cost(18, 12, 47).
cost(18, 13, 75).
cost(18, 14, 25).
cost(18, 15, 55).
cost(18, 16, 22).
cost(18, 17, 45).
cost(18, 19, 83).
cost(18, 20, 27).
cost(18, 21, 64).
cost(18, 22, 24).
cost(19, 1, 13).
cost(19, 2, 56).
cost(19, 3, 73).
cost(19, 4, 67).
cost(19, 5, 62).
cost(19, 6, 11).
cost(19, 7, 62).
cost(19, 8, 22).
cost(19, 9, 67).
cost(19, 10, 39).
cost(19, 11, 57).
cost(19, 12, 58).
cost(19, 13, 23).
cost(19, 14, 73).
cost(19, 15, 32).
cost(19, 16, 75).
cost(19, 17, 47).
cost(19, 18, 83).
cost(19, 20, 57).
cost(19, 21, 19).
cost(19, 22, 59).
cost(20, 1, 59).
cost(20, 2, 37).
cost(20, 3, 39).
cost(20, 4, 33).
cost(20, 5, 18).
cost(20, 6, 49).
cost(20, 7, 36).
cost(20, 8, 58).
cost(20, 9, 22).
cost(20, 10, 30).
cost(20, 11, 25).
cost(20, 12, 26).
cost(20, 13, 47).
cost(20, 14, 31).
cost(20, 15, 27).
cost(20, 16, 31).
cost(20, 17, 30).
cost(20, 18, 27).
cost(20, 19, 57).
cost(20, 21, 38).
cost(20, 22, 7).
cost(21, 1, 21).
cost(21, 2, 39).
cost(21, 3, 55).
cost(21, 4, 54).
cost(21, 5, 43).
cost(21, 6, 15).
cost(21, 7, 45).
cost(21, 8, 30).
cost(21, 9, 48).
cost(21, 10, 28).
cost(21, 11, 43).
cost(21, 12, 45).
cost(21, 13, 24).
cost(21, 14, 54).
cost(21, 15, 17).
cost(21, 16, 57).
cost(21, 17, 30).
cost(21, 18, 64).
cost(21, 19, 19).
cost(21, 20, 38).
cost(21, 22, 40).
cost(22, 1, 60).
cost(22, 2, 31).
cost(22, 3, 31).
cost(22, 4, 39).
cost(22, 5, 11).
cost(22, 6, 52).
cost(22, 7, 30).
cost(22, 8, 62).
cost(22, 9, 15).
cost(22, 10, 36).
cost(22, 11, 33).
cost(22, 12, 34).
cost(22, 13, 52).
cost(22, 14, 24).
cost(22, 15, 32).
cost(22, 16, 24).
cost(22, 17, 26).
cost(22, 18, 24).
cost(22, 19, 59).
cost(22, 20, 7).
cost(22, 21, 40).
nocross(1,2).
nocross(1,6).
nocross(1,15).
nocross(1,17).
nocross(1,19).
nocross(1,21).
nocross(2,1).
nocross(2,3).
nocross(2,5).
nocross(2,7).
nocross(2,9).
nocross(2,14).
nocross(2,17).
nocross(2,20).
nocross(2,21).
nocross(2,22).
nocross(3,2).
nocross(3,5).
nocross(3,7).
nocross(3,9).
nocross(3,14).
nocross(3,16).
nocross(3,17).
nocross(3,18).
nocross(3,20).
nocross(3,22).
nocross(4,8).
nocross(4,10).
nocross(4,11).
nocross(4,12).
nocross(4,13).
nocross(4,20).
nocross(5,9).
nocross(5,11).
nocross(5,14).
nocross(5,17).
nocross(5,18).
nocross(5,20).
nocross(5,22).
nocross(6,8).
nocross(6,10).
nocross(6,11).
nocross(6,13).
nocross(6,15).
nocross(6,19).
nocross(6,20).
nocross(6,21).
nocross(7,2).
nocross(7,3).
nocross(7,5).
nocross(7,9).
nocross(7,14).
nocross(7,17).
nocross(7,20).
nocross(7,22).
nocross(8,4).
nocross(8,6).
nocross(8,10).
nocross(8,11).
nocross(8,12).
nocross(8,13).
nocross(8,15).
nocross(8,19).
nocross(9,3).
nocross(9,5).
nocross(9,7).
nocross(9,11).
nocross(9,14).
nocross(9,16).
nocross(9,17).
nocross(9,18).
nocross(9,20).
nocross(9,22).
nocross(10,4).
nocross(10,6).
nocross(10,8).
nocross(10,11).
nocross(10,12).
nocross(10,13).
nocross(10,15).
nocross(10,20).
nocross(10,21).
nocross(10,22).
nocross(11,4).
nocross(11,8).
nocross(11,10).
nocross(11,12).
nocross(11,13).
nocross(11,15).
nocross(11,18).
nocross(11,20).
nocross(11,22).
nocross(12,4).
nocross(12,8).
nocross(12,10).
nocross(12,11).
nocross(12,15).
nocross(12,20).
nocross(13,4).
nocross(13,6).
nocross(13,8).
nocross(13,10).
nocross(13,11).
nocross(13,12).
nocross(13,15).
nocross(13,19).
nocross(13,20).
nocross(13,21).
nocross(14,3).
nocross(14,5).
nocross(14,7).
nocross(14,9).
nocross(14,16).
nocross(14,18).
nocross(14,20).
nocross(14,22).
nocross(15,5).
nocross(15,6).
nocross(15,10).
nocross(15,11).
nocross(15,12).
nocross(15,13).
nocross(15,17).
nocross(15,20).
nocross(15,22).
nocross(16,3).
nocross(16,5).
nocross(16,7).
nocross(16,9).
nocross(16,14).
nocross(16,18).
nocross(16,20).
nocross(16,22).
nocross(17,2).
nocross(17,5).
nocross(17,7).
nocross(17,9).
nocross(17,15).
nocross(17,20).
nocross(17,21).
nocross(17,22).
nocross(18,3).
nocross(18,4).
nocross(18,5).
nocross(18,9).
nocross(18,11).
nocross(18,12).
nocross(18,14).
nocross(18,16).
nocross(18,20).
nocross(18,22).
nocross(19,1).
nocross(19,6).
nocross(19,8).
nocross(19,10).
nocross(19,11).
nocross(19,13).
nocross(19,15).
nocross(19,21).
nocross(20,4).
nocross(20,5).
nocross(20,9).
nocross(20,10).
nocross(20,11).
nocross(20,12).
nocross(20,14).
nocross(20,15).
nocross(20,16).
nocross(20,18).
nocross(20,22).
nocross(21,1).
nocross(21,2).
nocross(21,6).
nocross(21,7).
nocross(21,10).
nocross(21,11).
nocross(21,13).
nocross(21,15).
nocross(21,17).
nocross(21,19).
nocross(21,20).
nocross(21,22).
nocross(22,5).
nocross(22,9).
nocross(22,11).
nocross(22,12).
nocross(22,14).
nocross(22,15).
nocross(22,17).
nocross(22,18).
nocross(22,20).
