dimension(20).
point(1, 59.5432576257, 30.2112269548).
point(2, 17.0553270858, 26.6477173736).
point(3, 79.7387474835, 63.8358217501).
point(4, 72.6504763117, 28.6084269274).
point(5, 35.7898141986, 68.9854627824).
point(6, 64.5245837683, 95.5941864622).
point(7, 19.097016822, 5.0907633217).
point(8, 89.3498187638, 62.2100036171).
point(9, 79.8161700022, 50.8129911985).
point(10, 63.6961410846, 85.8711642007).
point(11, 62.1620787114, 30.0991679638).
point(12, 20.3561488092, 65.1408280184).
point(13, 48.774544624, 95.8172100469).
point(14, 64.0536800356, 26.8438060676).
point(15, 9.3955273216, 28.0920181523).
point(16, 92.3985566091, 44.8926716326).
point(17, 16.2908809021, 85.595296169).
point(18, 30.956972725, 86.5022027908).
point(19, 23.9769225507, 32.7280694333).
point(20, 48.9636981339, 79.2166346028).
cost(1, 2, 43).
cost(1, 3, 39).
cost(1, 4, 13).
cost(1, 5, 45).
cost(1, 6, 66).
cost(1, 7, 48).
cost(1, 8, 44).
cost(1, 9, 29).
cost(1, 10, 56).
cost(1, 11, 3).
cost(1, 12, 52).
cost(1, 13, 66).
cost(1, 14, 6).
cost(1, 15, 50).
cost(1, 16, 36).
cost(1, 17, 70).
cost(1, 18, 63).
cost(1, 19, 36).
cost(1, 20, 50).
cost(2, 1, 43).
cost(2, 3, 73).
cost(2, 4, 56).
cost(2, 5, 46).
cost(2, 6, 84).
cost(2, 7, 22).
cost(2, 8, 81).
cost(2, 9, 67).
cost(2, 10, 75).
cost(2, 11, 45).
cost(2, 12, 39).
cost(2, 13, 76).
cost(2, 14, 47).
cost(2, 15, 8).
cost(2, 16, 78).
cost(2, 17, 59).
cost(2, 18, 61).
cost(2, 19, 9).
cost(2, 20, 61).
cost(3, 1, 39).
cost(3, 2, 73).
cost(3, 4, 36).
cost(3, 5, 44).
cost(3, 6, 35).
cost(3, 7, 84).
cost(3, 8, 10).
cost(3, 9, 13).
cost(3, 10, 27).
cost(3, 11, 38).
cost(3, 12, 59).
cost(3, 13, 45).
cost(3, 14, 40).
cost(3, 15, 79).
cost(3, 16, 23).
cost(3, 17, 67).
cost(3, 18, 54).
cost(3, 19, 64).
cost(3, 20, 34).
cost(4, 1, 13).
cost(4, 2, 56).
cost(4, 3, 36).
cost(4, 5, 55).
cost(4, 6, 67).
cost(4, 7, 58).
cost(4, 8, 38).
cost(4, 9, 23).
cost(4, 10, 58).
cost(4, 11, 11).
cost(4, 12, 64).
cost(4, 13, 71).
cost(4, 14, 9).
cost(4, 15, 63).
cost(4, 16, 26).
cost(4, 17, 80).
cost(4, 18, 71).
cost(4, 19, 49).
cost(4, 20, 56).
cost(5, 1, 45).
cost(5, 2, 46).
cost(5, 3, 44).
cost(5, 4, 55).
cost(5, 6, 39).
cost(5, 7, 66).
cost(5, 8, 54).
cost(5, 9, 48).
cost(5, 10, 33).
cost(5, 11, 47).
cost(5, 12, 16).
cost(5, 13, 30).
cost(5, 14, 51).
cost(5, 15, 49).
cost(5, 16, 62).
cost(5, 17, 26).
cost(5, 18, 18).
cost(5, 19, 38).
cost(5, 20, 17).
cost(6, 1, 66).
cost(6, 2, 84).
cost(6, 3, 35).
cost(6, 4, 67).
cost(6, 5, 39).
cost(6, 7, 101).
cost(6, 8, 42).
cost(6, 9, 47).
cost(6, 10, 10).
cost(6, 11, 66).
cost(6, 12, 54).
cost(6, 13, 16).
cost(6, 14, 69).
cost(6, 15, 87).
cost(6, 16, 58).
cost(6, 17, 49).
cost(6, 18, 35).
cost(6, 19, 75).
cost(6, 20, 23).
cost(7, 1, 48).
cost(7, 2, 22).
cost(7, 3, 84).
cost(7, 4, 58).
cost(7, 5, 66).
cost(7, 6, 101).
cost(7, 8, 91).
cost(7, 9, 76).
cost(7, 10, 92).
cost(7, 11, 50).
cost(7, 12, 60).
cost(7, 13, 95).
cost(7, 14, 50).
cost(7, 15, 25).
cost(7, 16, 83).
cost(7, 17, 81).
cost(7, 18, 82).
cost(7, 19, 28).
cost(7, 20, 80).
cost(8, 1, 44).
cost(8, 2, 81).
cost(8, 3, 10).
cost(8, 4, 38).
cost(8, 5, 54).
cost(8, 6, 42).
cost(8, 7, 91).
cost(8, 9, 15).
cost(8, 10, 35).
cost(8, 11, 42).
cost(8, 12, 69).
cost(8, 13, 53).
cost(8, 14, 43).
cost(8, 15, 87).
cost(8, 16, 18).
cost(8, 17, 77).
cost(8, 18, 63).
cost(8, 19, 72).
cost(8, 20, 44).
cost(9, 1, 29).
cost(9, 2, 67).
cost(9, 3, 13).
cost(9, 4, 23).
cost(9, 5, 48).
cost(9, 6, 47).
cost(9, 7, 76).
cost(9, 8, 15).
cost(9, 10, 39).
cost(9, 11, 27).
cost(9, 12, 61).
cost(9, 13, 55).
cost(9, 14, 29).
cost(9, 15, 74).
cost(9, 16, 14).
cost(9, 17, 72).
cost(9, 18, 61).
cost(9, 19, 59).
cost(9, 20, 42).
cost(10, 1, 56).
cost(10, 2, 75).
cost(10, 3, 27).
cost(10, 4, 58).
cost(10, 5, 33).
cost(10, 6, 10).
cost(10, 7, 92).
cost(10, 8, 35).
cost(10, 9, 39).
cost(10, 11, 56).
cost(10, 12, 48).
cost(10, 13, 18).
cost(10, 14, 59).
cost(10, 15, 79).
cost(10, 16, 50).
cost(10, 17, 47).
cost(10, 18, 33).
cost(10, 19, 66).
cost(10, 20, 16).
cost(11, 1, 3).
cost(11, 2, 45).
cost(11, 3, 38).
cost(11, 4, 11).
cost(11, 5, 47).
cost(11, 6, 66).
cost(11, 7, 50).
cost(11, 8, 42).
cost(11, 9, 27).
cost(11, 10, 56).
cost(11, 12, 55).
cost(11, 13, 67).
cost(11, 14, 4).
cost(11, 15, 53).
cost(11, 16, 34).
cost(11, 17, 72).
cost(11, 18, 64).
cost(11, 19, 38).
cost(11, 20, 51).
cost(12, 1, 52).
cost(12, 2, 39).
cost(12, 3, 59).
cost(12, 4, 64).
cost(12, 5, 16).
cost(12, 6, 54).
cost(12, 7, 60).
cost(12, 8, 69).
cost(12, 9, 61).
cost(12, 10, 48).
cost(12, 11, 55).
cost(12, 13, 42).
cost(12, 14, 58).
cost(12, 15, 39).
cost(12, 16, 75).
cost(12, 17, 21).
cost(12, 18, 24).
cost(12, 19, 33).
cost(12, 20, 32).
cost(13, 1, 66).
cost(13, 2, 76).
cost(13, 3, 45).
cost(13, 4, 71).
cost(13, 5, 30).
cost(13, 6, 16).
cost(13, 7, 95).
cost(13, 8, 53).
cost(13, 9, 55).
cost(13, 10, 18).
cost(13, 11, 67).
cost(13, 12, 42).
cost(13, 14, 71).
cost(13, 15, 78).
cost(13, 16, 67).
cost(13, 17, 34).
cost(13, 18, 20).
cost(13, 19, 68).
cost(13, 20, 17).
cost(14, 1, 6).
cost(14, 2, 47).
cost(14, 3, 40).
cost(14, 4, 9).
cost(14, 5, 51).
cost(14, 6, 69).
cost(14, 7, 50).
cost(14, 8, 43).
cost(14, 9, 29).
cost(14, 10, 59).
cost(14, 11, 4).
cost(14, 12, 58).
cost(14, 13, 71).
cost(14, 15, 55).
cost(14, 16, 34).
cost(14, 17, 76).
cost(14, 18, 68).
cost(14, 19, 41).
cost(14, 20, 55).
cost(15, 1, 50).
cost(15, 2, 8).
cost(15, 3, 79).
cost(15, 4, 63).
cost(15, 5, 49).
cost(15, 6, 87).
cost(15, 7, 25).
cost(15, 8, 87).
cost(15, 9, 74).
cost(15, 10, 79).
cost(15, 11, 53).
cost(15, 12, 39).
cost(15, 13, 78).
cost(15, 14, 55).
cost(15, 16, 85).
cost(15, 17, 58).
cost(15, 18, 62).
cost(15, 19, 15).
cost(15, 20, 65).
cost(16, 1, 36).
cost(16, 2, 78).
cost(16, 3, 23).
cost(16, 4, 26).
cost(16, 5, 62).
cost(16, 6, 58).
cost(16, 7, 83).
cost(16, 8, 18).
cost(16, 9, 14).
cost(16, 10, 50).
cost(16, 11, 34).
cost(16, 12, 75).
cost(16, 13, 67).
cost(16, 14, 34).
cost(16, 15, 85).
cost(16, 17, 86).
cost(16, 18, 74).
cost(16, 19, 69).
cost(16, 20, 55).
cost(17, 1, 70).
cost(17, 2, 59).
cost(17, 3, 67).
cost(17, 4, 80).
cost(17, 5, 26).
cost(17, 6, 49).
cost(17, 7, 81).
cost(17, 8, 77).
cost(17, 9, 72).
cost(17, 10, 47).
cost(17, 11, 72).
cost(17, 12, 21).
cost(17, 13, 34).
cost(17, 14, 76).
cost(17, 15, 58).
cost(17, 16, 86).
cost(17, 18, 15).
cost(17, 19, 53).
cost(17, 20, 33).
cost(18, 1, 63).
cost(18, 2, 61).
cost(18, 3, 54).
cost(18, 4, 71).
cost(18, 5, 18).
cost(18, 6, 35).
cost(18, 7, 82).
cost(18, 8, 63).
cost(18, 9, 61).
cost(18, 10, 33).
cost(18, 11, 64).
cost(18, 12, 24).
cost(18, 13, 20).
cost(18, 14, 68).
cost(18, 15, 62).
cost(18, 16, 74).
cost(18, 17, 15).
cost(18, 19, 54).
cost(18, 20, 19).
cost(19, 1, 36).
cost(19, 2, 9).
cost(19, 3, 64).
cost(19, 4, 49).
cost(19, 5, 38).
cost(19, 6, 75).
cost(19, 7, 28).
cost(19, 8, 72).
cost(19, 9, 59).
cost(19, 10, 66).
cost(19, 11, 38).
cost(19, 12, 33).
cost(19, 13, 68).
cost(19, 14, 41).
cost(19, 15, 15).
cost(19, 16, 69).
cost(19, 17, 53).
cost(19, 18, 54).
cost(19, 20, 53).
cost(20, 1, 50).
cost(20, 2, 61).
cost(20, 3, 34).
cost(20, 4, 56).
cost(20, 5, 17).
cost(20, 6, 23).
cost(20, 7, 80).
cost(20, 8, 44).
cost(20, 9, 42).
cost(20, 10, 16).
cost(20, 11, 51).
cost(20, 12, 32).
cost(20, 13, 17).
cost(20, 14, 55).
cost(20, 15, 65).
cost(20, 16, 55).
cost(20, 17, 33).
cost(20, 18, 19).
cost(20, 19, 53).
