dimension(20).
point(1, 74.3548178736, 85.6059774275).
point(2, 18.9544816824, 82.1467200723).
point(3, 46.4689001271, 43.4622213131).
point(4, 28.0876349051, 25.1459374333).
point(5, 73.5448973962, 21.3265609887).
point(6, 17.7005810845, 66.0813054736).
point(7, 4.1111981804, 87.3030152121).
point(8, 91.0405141135, 76.0744723876).
point(9, 91.5310163704, 62.3884966326).
point(10, 23.5407588606, 26.3702453566).
point(11, 32.6029358009, 4.5264290049).
point(12, 63.6073792953, 74.6372730062).
point(13, 12.1248228709, 71.4801547075).
point(14, 68.5325260972, 77.9069434084).
point(15, 52.5646254072, 46.7683383942).
point(16, 35.3103238665, 38.1096512331).
point(17, 88.0003768921, 38.7658475052).
point(18, 73.814163653, 78.6804844265).
point(19, 82.0018234429, 68.7939840135).
point(20, 17.5895485459, 22.861473411).
cost(1, 2, 56).
cost(1, 3, 51).
cost(1, 4, 76).
cost(1, 5, 64).
cost(1, 6, 60).
cost(1, 7, 70).
cost(1, 8, 19).
cost(1, 9, 29).
cost(1, 10, 78).
cost(1, 11, 91).
cost(1, 12, 15).
cost(1, 13, 64).
cost(1, 14, 10).
cost(1, 15, 45).
cost(1, 16, 61).
cost(1, 17, 49).
cost(1, 18, 7).
cost(1, 19, 18).
cost(1, 20, 85).
cost(2, 1, 56).
cost(2, 3, 47).
cost(2, 4, 58).
cost(2, 5, 82).
cost(2, 6, 16).
cost(2, 7, 16).
cost(2, 8, 72).
cost(2, 9, 75).
cost(2, 10, 56).
cost(2, 11, 79).
cost(2, 12, 45).
cost(2, 13, 13).
cost(2, 14, 50).
cost(2, 15, 49).
cost(2, 16, 47).
cost(2, 17, 82).
cost(2, 18, 55).
cost(2, 19, 64).
cost(2, 20, 59).
cost(3, 1, 51).
cost(3, 2, 47).
cost(3, 4, 26).
cost(3, 5, 35).
cost(3, 6, 37).
cost(3, 7, 61).
cost(3, 8, 55).
cost(3, 9, 49).
cost(3, 10, 29).
cost(3, 11, 41).
cost(3, 12, 36).
cost(3, 13, 44).
cost(3, 14, 41).
cost(3, 15, 7).
cost(3, 16, 12).
cost(3, 17, 42).
cost(3, 18, 45).
cost(3, 19, 44).
cost(3, 20, 35).
cost(4, 1, 76).
cost(4, 2, 58).
cost(4, 3, 26).
cost(4, 5, 46).
cost(4, 6, 42).
cost(4, 7, 67).
cost(4, 8, 81).
cost(4, 9, 74).
cost(4, 10, 5).
cost(4, 11, 21).
cost(4, 12, 61).
cost(4, 13, 49).
cost(4, 14, 66).
cost(4, 15, 33).
cost(4, 16, 15).
cost(4, 17, 61).
cost(4, 18, 70).
cost(4, 19, 69).
cost(4, 20, 11).
cost(5, 1, 64).
cost(5, 2, 82).
cost(5, 3, 35).
cost(5, 4, 46).
cost(5, 6, 72).
cost(5, 7, 96).
cost(5, 8, 57).
cost(5, 9, 45).
cost(5, 10, 50).
cost(5, 11, 44).
cost(5, 12, 54).
cost(5, 13, 79).
cost(5, 14, 57).
cost(5, 15, 33).
cost(5, 16, 42).
cost(5, 17, 23).
cost(5, 18, 57).
cost(5, 19, 48).
cost(5, 20, 56).
cost(6, 1, 60).
cost(6, 2, 16).
cost(6, 3, 37).
cost(6, 4, 42).
cost(6, 5, 72).
cost(6, 7, 25).
cost(6, 8, 74).
cost(6, 9, 74).
cost(6, 10, 40).
cost(6, 11, 63).
cost(6, 12, 47).
cost(6, 13, 8).
cost(6, 14, 52).
cost(6, 15, 40).
cost(6, 16, 33).
cost(6, 17, 75).
cost(6, 18, 58).
cost(6, 19, 64).
cost(6, 20, 43).
cost(7, 1, 70).
cost(7, 2, 16).
cost(7, 3, 61).
cost(7, 4, 67).
cost(7, 5, 96).
cost(7, 6, 25).
cost(7, 8, 88).
cost(7, 9, 91).
cost(7, 10, 64).
cost(7, 11, 88).
cost(7, 12, 61).
cost(7, 13, 18).
cost(7, 14, 65).
cost(7, 15, 63).
cost(7, 16, 58).
cost(7, 17, 97).
cost(7, 18, 70).
cost(7, 19, 80).
cost(7, 20, 66).
cost(8, 1, 19).
cost(8, 2, 72).
cost(8, 3, 55).
cost(8, 4, 81).
cost(8, 5, 57).
cost(8, 6, 74).
cost(8, 7, 88).
cost(8, 9, 14).
cost(8, 10, 84).
cost(8, 11, 92).
cost(8, 12, 27).
cost(8, 13, 79).
cost(8, 14, 23).
cost(8, 15, 48).
cost(8, 16, 67).
cost(8, 17, 37).
cost(8, 18, 17).
cost(8, 19, 12).
cost(8, 20, 91).
cost(9, 1, 29).
cost(9, 2, 75).
cost(9, 3, 49).
cost(9, 4, 74).
cost(9, 5, 45).
cost(9, 6, 74).
cost(9, 7, 91).
cost(9, 8, 14).
cost(9, 10, 77).
cost(9, 11, 83).
cost(9, 12, 30).
cost(9, 13, 80).
cost(9, 14, 28).
cost(9, 15, 42).
cost(9, 16, 61).
cost(9, 17, 24).
cost(9, 18, 24).
cost(9, 19, 11).
cost(9, 20, 84).
cost(10, 1, 78).
cost(10, 2, 56).
cost(10, 3, 29).
cost(10, 4, 5).
cost(10, 5, 50).
cost(10, 6, 40).
cost(10, 7, 64).
cost(10, 8, 84).
cost(10, 9, 77).
cost(10, 11, 24).
cost(10, 12, 63).
cost(10, 13, 47).
cost(10, 14, 68).
cost(10, 15, 35).
cost(10, 16, 17).
cost(10, 17, 66).
cost(10, 18, 73).
cost(10, 19, 72).
cost(10, 20, 7).
cost(11, 1, 91).
cost(11, 2, 79).
cost(11, 3, 41).
cost(11, 4, 21).
cost(11, 5, 44).
cost(11, 6, 63).
cost(11, 7, 88).
cost(11, 8, 92).
cost(11, 9, 83).
cost(11, 10, 24).
cost(11, 12, 77).
cost(11, 13, 70).
cost(11, 14, 82).
cost(11, 15, 47).
cost(11, 16, 34).
cost(11, 17, 65).
cost(11, 18, 85).
cost(11, 19, 81).
cost(11, 20, 24).
cost(12, 1, 15).
cost(12, 2, 45).
cost(12, 3, 36).
cost(12, 4, 61).
cost(12, 5, 54).
cost(12, 6, 47).
cost(12, 7, 61).
cost(12, 8, 27).
cost(12, 9, 30).
cost(12, 10, 63).
cost(12, 11, 77).
cost(12, 13, 52).
cost(12, 14, 6).
cost(12, 15, 30).
cost(12, 16, 46).
cost(12, 17, 43).
cost(12, 18, 11).
cost(12, 19, 19).
cost(12, 20, 69).
cost(13, 1, 64).
cost(13, 2, 13).
cost(13, 3, 44).
cost(13, 4, 49).
cost(13, 5, 79).
cost(13, 6, 8).
cost(13, 7, 18).
cost(13, 8, 79).
cost(13, 9, 80).
cost(13, 10, 47).
cost(13, 11, 70).
cost(13, 12, 52).
cost(13, 14, 57).
cost(13, 15, 47).
cost(13, 16, 41).
cost(13, 17, 83).
cost(13, 18, 62).
cost(13, 19, 70).
cost(13, 20, 49).
cost(14, 1, 10).
cost(14, 2, 50).
cost(14, 3, 41).
cost(14, 4, 66).
cost(14, 5, 57).
cost(14, 6, 52).
cost(14, 7, 65).
cost(14, 8, 23).
cost(14, 9, 28).
cost(14, 10, 68).
cost(14, 11, 82).
cost(14, 12, 6).
cost(14, 13, 57).
cost(14, 15, 35).
cost(14, 16, 52).
cost(14, 17, 44).
cost(14, 18, 5).
cost(14, 19, 16).
cost(14, 20, 75).
cost(15, 1, 45).
cost(15, 2, 49).
cost(15, 3, 7).
cost(15, 4, 33).
cost(15, 5, 33).
cost(15, 6, 40).
cost(15, 7, 63).
cost(15, 8, 48).
cost(15, 9, 42).
cost(15, 10, 35).
cost(15, 11, 47).
cost(15, 12, 30).
cost(15, 13, 47).
cost(15, 14, 35).
cost(15, 16, 19).
cost(15, 17, 36).
cost(15, 18, 38).
cost(15, 19, 37).
cost(15, 20, 42).
cost(16, 1, 61).
cost(16, 2, 47).
cost(16, 3, 12).
cost(16, 4, 15).
cost(16, 5, 42).
cost(16, 6, 33).
cost(16, 7, 58).
cost(16, 8, 67).
cost(16, 9, 61).
cost(16, 10, 17).
cost(16, 11, 34).
cost(16, 12, 46).
cost(16, 13, 41).
cost(16, 14, 52).
cost(16, 15, 19).
cost(16, 17, 53).
cost(16, 18, 56).
cost(16, 19, 56).
cost(16, 20, 23).
cost(17, 1, 49).
cost(17, 2, 82).
cost(17, 3, 42).
cost(17, 4, 61).
cost(17, 5, 23).
cost(17, 6, 75).
cost(17, 7, 97).
cost(17, 8, 37).
cost(17, 9, 24).
cost(17, 10, 66).
cost(17, 11, 65).
cost(17, 12, 43).
cost(17, 13, 83).
cost(17, 14, 44).
cost(17, 15, 36).
cost(17, 16, 53).
cost(17, 18, 42).
cost(17, 19, 31).
cost(17, 20, 72).
cost(18, 1, 7).
cost(18, 2, 55).
cost(18, 3, 45).
cost(18, 4, 70).
cost(18, 5, 57).
cost(18, 6, 58).
cost(18, 7, 70).
cost(18, 8, 17).
cost(18, 9, 24).
cost(18, 10, 73).
cost(18, 11, 85).
cost(18, 12, 11).
cost(18, 13, 62).
cost(18, 14, 5).
cost(18, 15, 38).
cost(18, 16, 56).
cost(18, 17, 42).
cost(18, 19, 13).
cost(18, 20, 79).
cost(19, 1, 18).
cost(19, 2, 64).
cost(19, 3, 44).
cost(19, 4, 69).
cost(19, 5, 48).
cost(19, 6, 64).
cost(19, 7, 80).
cost(19, 8, 12).
cost(19, 9, 11).
cost(19, 10, 72).
cost(19, 11, 81).
cost(19, 12, 19).
cost(19, 13, 70).
cost(19, 14, 16).
cost(19, 15, 37).
cost(19, 16, 56).
cost(19, 17, 31).
cost(19, 18, 13).
cost(19, 20, 79).
cost(20, 1, 85).
cost(20, 2, 59).
cost(20, 3, 35).
cost(20, 4, 11).
cost(20, 5, 56).
cost(20, 6, 43).
cost(20, 7, 66).
cost(20, 8, 91).
cost(20, 9, 84).
cost(20, 10, 7).
cost(20, 11, 24).
cost(20, 12, 69).
cost(20, 13, 49).
cost(20, 14, 75).
cost(20, 15, 42).
cost(20, 16, 23).
cost(20, 17, 72).
cost(20, 18, 79).
cost(20, 19, 79).
