dimension(20).
point(1, 13.433197189, 28.0261553471).
point(2, 76.9433868057, 0.9810435736).
point(3, 34.4634034823, 19.8326293172).
point(4, 25.64774696, 16.5394424197).
point(5, 66.8578766619, 16.9871165244).
point(6, 61.3138703341, 78.8705068048).
point(7, 8.3291932782, 76.8561179694).
point(8, 21.8092687768, 94.5706638439).
point(9, 57.781754958, 64.3889630512).
point(10, 62.9230005206, 74.3907682524).
point(11, 71.0462826139, 44.4659073894).
point(12, 30.0672664385, 67.8005865583).
point(13, 56.9786646628, 13.7922876996).
point(14, 53.1907592867, 57.388042489).
point(15, 92.2191714251, 38.8618435968).
point(16, 87.2760597953, 40.8946049612).
point(17, 9.9925554561, 90.3003455763).
point(18, 74.1683538577, 16.9311796264).
point(19, 90.6610949686, 55.363323379).
point(20, 21.3281357264, 25.065621304).
cost(1, 2, 69).
cost(1, 3, 23).
cost(1, 4, 17).
cost(1, 5, 55).
cost(1, 6, 70).
cost(1, 7, 49).
cost(1, 8, 67).
cost(1, 9, 57).
cost(1, 10, 68).
cost(1, 11, 60).
cost(1, 12, 43).
cost(1, 13, 46).
cost(1, 14, 49).
cost(1, 15, 80).
cost(1, 16, 75).
cost(1, 17, 62).
cost(1, 18, 62).
cost(1, 19, 82).
cost(1, 20, 8).
cost(2, 1, 69).
cost(2, 3, 46).
cost(2, 4, 54).
cost(2, 5, 19).
cost(2, 6, 79).
cost(2, 7, 102).
cost(2, 8, 109).
cost(2, 9, 66).
cost(2, 10, 75).
cost(2, 11, 44).
cost(2, 12, 82).
cost(2, 13, 24).
cost(2, 14, 61).
cost(2, 15, 41).
cost(2, 16, 41).
cost(2, 17, 112).
cost(2, 18, 16).
cost(2, 19, 56).
cost(2, 20, 61).
cost(3, 1, 23).
cost(3, 2, 46).
cost(3, 4, 9).
cost(3, 5, 33).
cost(3, 6, 65).
cost(3, 7, 63).
cost(3, 8, 76).
cost(3, 9, 50).
cost(3, 10, 62).
cost(3, 11, 44).
cost(3, 12, 48).
cost(3, 13, 23).
cost(3, 14, 42).
cost(3, 15, 61).
cost(3, 16, 57).
cost(3, 17, 75).
cost(3, 18, 40).
cost(3, 19, 66).
cost(3, 20, 14).
cost(4, 1, 17).
cost(4, 2, 54).
cost(4, 3, 9).
cost(4, 5, 41).
cost(4, 6, 72).
cost(4, 7, 63).
cost(4, 8, 78).
cost(4, 9, 58).
cost(4, 10, 69).
cost(4, 11, 53).
cost(4, 12, 51).
cost(4, 13, 31).
cost(4, 14, 49).
cost(4, 15, 70).
cost(4, 16, 66).
cost(4, 17, 75).
cost(4, 18, 49).
cost(4, 19, 76).
cost(4, 20, 10).
cost(5, 1, 55).
cost(5, 2, 19).
cost(5, 3, 33).
cost(5, 4, 41).
cost(5, 6, 62).
cost(5, 7, 84).
cost(5, 8, 90).
cost(5, 9, 48).
cost(5, 10, 58).
cost(5, 11, 28).
cost(5, 12, 63).
cost(5, 13, 10).
cost(5, 14, 43).
cost(5, 15, 33).
cost(5, 16, 31).
cost(5, 17, 93).
cost(5, 18, 7).
cost(5, 19, 45).
cost(5, 20, 46).
cost(6, 1, 70).
cost(6, 2, 79).
cost(6, 3, 65).
cost(6, 4, 72).
cost(6, 5, 62).
cost(6, 7, 53).
cost(6, 8, 43).
cost(6, 9, 15).
cost(6, 10, 5).
cost(6, 11, 36).
cost(6, 12, 33).
cost(6, 13, 65).
cost(6, 14, 23).
cost(6, 15, 51).
cost(6, 16, 46).
cost(6, 17, 53).
cost(6, 18, 63).
cost(6, 19, 38).
cost(6, 20, 67).
cost(7, 1, 49).
cost(7, 2, 102).
cost(7, 3, 63).
cost(7, 4, 63).
cost(7, 5, 84).
cost(7, 6, 53).
cost(7, 8, 22).
cost(7, 9, 51).
cost(7, 10, 55).
cost(7, 11, 71).
cost(7, 12, 24).
cost(7, 13, 80).
cost(7, 14, 49).
cost(7, 15, 92).
cost(7, 16, 87).
cost(7, 17, 14).
cost(7, 18, 89).
cost(7, 19, 85).
cost(7, 20, 53).
cost(8, 1, 67).
cost(8, 2, 109).
cost(8, 3, 76).
cost(8, 4, 78).
cost(8, 5, 90).
cost(8, 6, 43).
cost(8, 7, 22).
cost(8, 9, 47).
cost(8, 10, 46).
cost(8, 11, 70).
cost(8, 12, 28).
cost(8, 13, 88).
cost(8, 14, 49).
cost(8, 15, 90).
cost(8, 16, 85).
cost(8, 17, 13).
cost(8, 18, 94).
cost(8, 19, 79).
cost(8, 20, 70).
cost(9, 1, 57).
cost(9, 2, 66).
cost(9, 3, 50).
cost(9, 4, 58).
cost(9, 5, 48).
cost(9, 6, 15).
cost(9, 7, 51).
cost(9, 8, 47).
cost(9, 10, 11).
cost(9, 11, 24).
cost(9, 12, 28).
cost(9, 13, 51).
cost(9, 14, 8).
cost(9, 15, 43).
cost(9, 16, 38).
cost(9, 17, 54).
cost(9, 18, 50).
cost(9, 19, 34).
cost(9, 20, 54).
cost(10, 1, 68).
cost(10, 2, 75).
cost(10, 3, 62).
cost(10, 4, 69).
cost(10, 5, 58).
cost(10, 6, 5).
cost(10, 7, 55).
cost(10, 8, 46).
cost(10, 9, 11).
cost(10, 11, 31).
cost(10, 12, 34).
cost(10, 13, 61).
cost(10, 14, 20).
cost(10, 15, 46).
cost(10, 16, 41).
cost(10, 17, 55).
cost(10, 18, 59).
cost(10, 19, 34).
cost(10, 20, 65).
cost(11, 1, 60).
cost(11, 2, 44).
cost(11, 3, 44).
cost(11, 4, 53).
cost(11, 5, 28).
cost(11, 6, 36).
cost(11, 7, 71).
cost(11, 8, 70).
cost(11, 9, 24).
cost(11, 10, 31).
cost(11, 12, 47).
cost(11, 13, 34).
cost(11, 14, 22).
cost(11, 15, 22).
cost(11, 16, 17).
cost(11, 17, 76).
cost(11, 18, 28).
cost(11, 19, 22).
cost(11, 20, 53).
cost(12, 1, 43).
cost(12, 2, 82).
cost(12, 3, 48).
cost(12, 4, 51).
cost(12, 5, 63).
cost(12, 6, 33).
cost(12, 7, 24).
cost(12, 8, 28).
cost(12, 9, 28).
cost(12, 10, 34).
cost(12, 11, 47).
cost(12, 13, 60).
cost(12, 14, 25).
cost(12, 15, 69).
cost(12, 16, 63).
cost(12, 17, 30).
cost(12, 18, 67).
cost(12, 19, 62).
cost(12, 20, 44).
cost(13, 1, 46).
cost(13, 2, 24).
cost(13, 3, 23).
cost(13, 4, 31).
cost(13, 5, 10).
cost(13, 6, 65).
cost(13, 7, 80).
cost(13, 8, 88).
cost(13, 9, 51).
cost(13, 10, 61).
cost(13, 11, 34).
cost(13, 12, 60).
cost(13, 14, 44).
cost(13, 15, 43).
cost(13, 16, 41).
cost(13, 17, 90).
cost(13, 18, 17).
cost(13, 19, 54).
cost(13, 20, 37).
cost(14, 1, 49).
cost(14, 2, 61).
cost(14, 3, 42).
cost(14, 4, 49).
cost(14, 5, 43).
cost(14, 6, 23).
cost(14, 7, 49).
cost(14, 8, 49).
cost(14, 9, 8).
cost(14, 10, 20).
cost(14, 11, 22).
cost(14, 12, 25).
cost(14, 13, 44).
cost(14, 15, 43).
cost(14, 16, 38).
cost(14, 17, 54).
cost(14, 18, 46).
cost(14, 19, 38).
cost(14, 20, 45).
cost(15, 1, 80).
cost(15, 2, 41).
cost(15, 3, 61).
cost(15, 4, 70).
cost(15, 5, 33).
cost(15, 6, 51).
cost(15, 7, 92).
cost(15, 8, 90).
cost(15, 9, 43).
cost(15, 10, 46).
cost(15, 11, 22).
cost(15, 12, 69).
cost(15, 13, 43).
cost(15, 14, 43).
cost(15, 16, 5).
cost(15, 17, 97).
cost(15, 18, 28).
cost(15, 19, 17).
cost(15, 20, 72).
cost(16, 1, 75).
cost(16, 2, 41).
cost(16, 3, 57).
cost(16, 4, 66).
cost(16, 5, 31).
cost(16, 6, 46).
cost(16, 7, 87).
cost(16, 8, 85).
cost(16, 9, 38).
cost(16, 10, 41).
cost(16, 11, 17).
cost(16, 12, 63).
cost(16, 13, 41).
cost(16, 14, 38).
cost(16, 15, 5).
cost(16, 17, 92).
cost(16, 18, 27).
cost(16, 19, 15).
cost(16, 20, 68).
cost(17, 1, 62).
cost(17, 2, 112).
cost(17, 3, 75).
cost(17, 4, 75).
cost(17, 5, 93).
cost(17, 6, 53).
cost(17, 7, 14).
cost(17, 8, 13).
cost(17, 9, 54).
cost(17, 10, 55).
cost(17, 11, 76).
cost(17, 12, 30).
cost(17, 13, 90).
cost(17, 14, 54).
cost(17, 15, 97).
cost(17, 16, 92).
cost(17, 18, 97).
cost(17, 19, 88).
cost(17, 20, 66).
cost(18, 1, 62).
cost(18, 2, 16).
cost(18, 3, 40).
cost(18, 4, 49).
cost(18, 5, 7).
cost(18, 6, 63).
cost(18, 7, 89).
cost(18, 8, 94).
cost(18, 9, 50).
cost(18, 10, 59).
cost(18, 11, 28).
cost(18, 12, 67).
cost(18, 13, 17).
cost(18, 14, 46).
cost(18, 15, 28).
cost(18, 16, 27).
cost(18, 17, 97).
cost(18, 19, 42).
cost(18, 20, 53).
cost(19, 1, 82).
cost(19, 2, 56).
cost(19, 3, 66).
cost(19, 4, 76).
cost(19, 5, 45).
cost(19, 6, 38).
cost(19, 7, 85).
cost(19, 8, 79).
cost(19, 9, 34).
cost(19, 10, 34).
cost(19, 11, 22).
cost(19, 12, 62).
cost(19, 13, 54).
cost(19, 14, 38).
cost(19, 15, 17).
cost(19, 16, 15).
cost(19, 17, 88).
cost(19, 18, 42).
cost(19, 20, 76).
cost(20, 1, 8).
cost(20, 2, 61).
cost(20, 3, 14).
cost(20, 4, 10).
cost(20, 5, 46).
cost(20, 6, 67).
cost(20, 7, 53).
cost(20, 8, 70).
cost(20, 9, 54).
cost(20, 10, 65).
cost(20, 11, 53).
cost(20, 12, 44).
cost(20, 13, 37).
cost(20, 14, 45).
cost(20, 15, 72).
cost(20, 16, 68).
cost(20, 17, 66).
cost(20, 18, 53).
cost(20, 19, 76).
