dimension(20).
point(1, 20.6033248429, 39.2627245814).
point(2, 52.2681736812, 27.4166848112).
point(3, 80.9017142487, 45.3491814904).
point(4, 55.5043497837, 70.3393984491).
point(5, 97.6441136412, 76.1560281899).
point(6, 28.2505388306, 54.8065997255).
point(7, 87.590696979, 27.5391230352).
point(8, 29.1865055742, 48.2839432775).
point(9, 45.7412261797, 72.1768999905).
point(10, 36.8542608433, 4.2343690327).
point(11, 92.886020121, 86.7414655191).
point(12, 22.3321739799, 10.3947256095).
point(13, 46.2795744558, 89.6414431215).
point(14, 78.2406270621, 53.0612280065).
point(15, 89.4630941134, 92.8509158902).
point(16, 55.5285897171, 7.0623291117).
point(17, 24.8416747701, 50.0347114441).
point(18, 66.0746020923, 42.6360885947).
point(19, 82.5536227402, 88.7759066161).
point(20, 54.0707485591, 64.9375510376).
cost(1, 2, 34).
cost(1, 3, 61).
cost(1, 4, 47).
cost(1, 5, 85).
cost(1, 6, 17).
cost(1, 7, 68).
cost(1, 8, 12).
cost(1, 9, 41).
cost(1, 10, 39).
cost(1, 11, 86).
cost(1, 12, 29).
cost(1, 13, 57).
cost(1, 14, 59).
cost(1, 15, 87).
cost(1, 16, 48).
cost(1, 17, 12).
cost(1, 18, 46).
cost(1, 19, 79).
cost(1, 20, 42).
cost(2, 1, 34).
cost(2, 3, 34).
cost(2, 4, 43).
cost(2, 5, 67).
cost(2, 6, 36).
cost(2, 7, 35).
cost(2, 8, 31).
cost(2, 9, 45).
cost(2, 10, 28).
cost(2, 11, 72).
cost(2, 12, 34).
cost(2, 13, 63).
cost(2, 14, 36).
cost(2, 15, 75).
cost(2, 16, 21).
cost(2, 17, 36).
cost(2, 18, 21).
cost(2, 19, 68).
cost(2, 20, 38).
cost(3, 1, 61).
cost(3, 2, 34).
cost(3, 4, 36).
cost(3, 5, 35).
cost(3, 6, 53).
cost(3, 7, 19).
cost(3, 8, 52).
cost(3, 9, 44).
cost(3, 10, 60).
cost(3, 11, 43).
cost(3, 12, 68).
cost(3, 13, 56).
cost(3, 14, 8).
cost(3, 15, 48).
cost(3, 16, 46).
cost(3, 17, 56).
cost(3, 18, 15).
cost(3, 19, 43).
cost(3, 20, 33).
cost(4, 1, 47).
cost(4, 2, 43).
cost(4, 3, 36).
cost(4, 5, 43).
cost(4, 6, 31).
cost(4, 7, 53).
cost(4, 8, 34).
cost(4, 9, 10).
cost(4, 10, 69).
cost(4, 11, 41).
cost(4, 12, 69).
cost(4, 13, 21).
cost(4, 14, 29).
cost(4, 15, 41).
cost(4, 16, 63).
cost(4, 17, 37).
cost(4, 18, 30).
cost(4, 19, 33).
cost(4, 20, 6).
cost(5, 1, 85).
cost(5, 2, 67).
cost(5, 3, 35).
cost(5, 4, 43).
cost(5, 6, 73).
cost(5, 7, 50).
cost(5, 8, 74).
cost(5, 9, 52).
cost(5, 10, 94).
cost(5, 11, 12).
cost(5, 12, 100).
cost(5, 13, 53).
cost(5, 14, 30).
cost(5, 15, 19).
cost(5, 16, 81).
cost(5, 17, 77).
cost(5, 18, 46).
cost(5, 19, 20).
cost(5, 20, 45).
cost(6, 1, 17).
cost(6, 2, 36).
cost(6, 3, 53).
cost(6, 4, 31).
cost(6, 5, 73).
cost(6, 7, 65).
cost(6, 8, 7).
cost(6, 9, 25).
cost(6, 10, 51).
cost(6, 11, 72).
cost(6, 12, 45).
cost(6, 13, 39).
cost(6, 14, 50).
cost(6, 15, 72).
cost(6, 16, 55).
cost(6, 17, 6).
cost(6, 18, 40).
cost(6, 19, 64).
cost(6, 20, 28).
cost(7, 1, 68).
cost(7, 2, 35).
cost(7, 3, 19).
cost(7, 4, 53).
cost(7, 5, 50).
cost(7, 6, 65).
cost(7, 8, 62).
cost(7, 9, 61).
cost(7, 10, 56).
cost(7, 11, 59).
cost(7, 12, 67).
cost(7, 13, 75).
cost(7, 14, 27).
cost(7, 15, 65).
cost(7, 16, 38).
cost(7, 17, 67).
cost(7, 18, 26).
cost(7, 19, 61).
cost(7, 20, 50).
cost(8, 1, 12).
cost(8, 2, 31).
cost(8, 3, 52).
cost(8, 4, 34).
cost(8, 5, 74).
cost(8, 6, 7).
cost(8, 7, 62).
cost(8, 9, 29).
cost(8, 10, 45).
cost(8, 11, 74).
cost(8, 12, 39).
cost(8, 13, 45).
cost(8, 14, 49).
cost(8, 15, 75).
cost(8, 16, 49).
cost(8, 17, 5).
cost(8, 18, 37).
cost(8, 19, 67).
cost(8, 20, 30).
cost(9, 1, 41).
cost(9, 2, 45).
cost(9, 3, 44).
cost(9, 4, 10).
cost(9, 5, 52).
cost(9, 6, 25).
cost(9, 7, 61).
cost(9, 8, 29).
cost(9, 10, 69).
cost(9, 11, 49).
cost(9, 12, 66).
cost(9, 13, 17).
cost(9, 14, 38).
cost(9, 15, 48).
cost(9, 16, 66).
cost(9, 17, 30).
cost(9, 18, 36).
cost(9, 19, 40).
cost(9, 20, 11).
cost(10, 1, 39).
cost(10, 2, 28).
cost(10, 3, 60).
cost(10, 4, 69).
cost(10, 5, 94).
cost(10, 6, 51).
cost(10, 7, 56).
cost(10, 8, 45).
cost(10, 9, 69).
cost(10, 11, 100).
cost(10, 12, 16).
cost(10, 13, 86).
cost(10, 14, 64).
cost(10, 15, 103).
cost(10, 16, 19).
cost(10, 17, 47).
cost(10, 18, 48).
cost(10, 19, 96).
cost(10, 20, 63).
cost(11, 1, 86).
cost(11, 2, 72).
cost(11, 3, 43).
cost(11, 4, 41).
cost(11, 5, 12).
cost(11, 6, 72).
cost(11, 7, 59).
cost(11, 8, 74).
cost(11, 9, 49).
cost(11, 10, 100).
cost(11, 12, 104).
cost(11, 13, 47).
cost(11, 14, 37).
cost(11, 15, 7).
cost(11, 16, 88).
cost(11, 17, 77).
cost(11, 18, 52).
cost(11, 19, 11).
cost(11, 20, 45).
cost(12, 1, 29).
cost(12, 2, 34).
cost(12, 3, 68).
cost(12, 4, 69).
cost(12, 5, 100).
cost(12, 6, 45).
cost(12, 7, 67).
cost(12, 8, 39).
cost(12, 9, 66).
cost(12, 10, 16).
cost(12, 11, 104).
cost(12, 13, 83).
cost(12, 14, 70).
cost(12, 15, 106).
cost(12, 16, 33).
cost(12, 17, 40).
cost(12, 18, 54).
cost(12, 19, 99).
cost(12, 20, 63).
cost(13, 1, 57).
cost(13, 2, 63).
cost(13, 3, 56).
cost(13, 4, 21).
cost(13, 5, 53).
cost(13, 6, 39).
cost(13, 7, 75).
cost(13, 8, 45).
cost(13, 9, 17).
cost(13, 10, 86).
cost(13, 11, 47).
cost(13, 12, 83).
cost(13, 14, 49).
cost(13, 15, 43).
cost(13, 16, 83).
cost(13, 17, 45).
cost(13, 18, 51).
cost(13, 19, 36).
cost(13, 20, 26).
cost(14, 1, 59).
cost(14, 2, 36).
cost(14, 3, 8).
cost(14, 4, 29).
cost(14, 5, 30).
cost(14, 6, 50).
cost(14, 7, 27).
cost(14, 8, 49).
cost(14, 9, 38).
cost(14, 10, 64).
cost(14, 11, 37).
cost(14, 12, 70).
cost(14, 13, 49).
cost(14, 15, 41).
cost(14, 16, 51).
cost(14, 17, 53).
cost(14, 18, 16).
cost(14, 19, 36).
cost(14, 20, 27).
cost(15, 1, 87).
cost(15, 2, 75).
cost(15, 3, 48).
cost(15, 4, 41).
cost(15, 5, 19).
cost(15, 6, 72).
cost(15, 7, 65).
cost(15, 8, 75).
cost(15, 9, 48).
cost(15, 10, 103).
cost(15, 11, 7).
cost(15, 12, 106).
cost(15, 13, 43).
cost(15, 14, 41).
cost(15, 16, 92).
cost(15, 17, 78).
cost(15, 18, 55).
cost(15, 19, 8).
cost(15, 20, 45).
cost(16, 1, 48).
cost(16, 2, 21).
cost(16, 3, 46).
cost(16, 4, 63).
cost(16, 5, 81).
cost(16, 6, 55).
cost(16, 7, 38).
cost(16, 8, 49).
cost(16, 9, 66).
cost(16, 10, 19).
cost(16, 11, 88).
cost(16, 12, 33).
cost(16, 13, 83).
cost(16, 14, 51).
cost(16, 15, 92).
cost(16, 17, 53).
cost(16, 18, 37).
cost(16, 19, 86).
cost(16, 20, 58).
cost(17, 1, 12).
cost(17, 2, 36).
cost(17, 3, 56).
cost(17, 4, 37).
cost(17, 5, 77).
cost(17, 6, 6).
cost(17, 7, 67).
cost(17, 8, 5).
cost(17, 9, 30).
cost(17, 10, 47).
cost(17, 11, 77).
cost(17, 12, 40).
cost(17, 13, 45).
cost(17, 14, 53).
cost(17, 15, 78).
cost(17, 16, 53).
cost(17, 18, 42).
cost(17, 19, 70).
cost(17, 20, 33).
cost(18, 1, 46).
cost(18, 2, 21).
cost(18, 3, 15).
cost(18, 4, 30).
cost(18, 5, 46).
cost(18, 6, 40).
cost(18, 7, 26).
cost(18, 8, 37).
cost(18, 9, 36).
cost(18, 10, 48).
cost(18, 11, 52).
cost(18, 12, 54).
cost(18, 13, 51).
cost(18, 14, 16).
cost(18, 15, 55).
cost(18, 16, 37).
cost(18, 17, 42).
cost(18, 19, 49).
cost(18, 20, 25).
cost(19, 1, 79).
cost(19, 2, 68).
cost(19, 3, 43).
cost(19, 4, 33).
cost(19, 5, 20).
cost(19, 6, 64).
cost(19, 7, 61).
cost(19, 8, 67).
cost(19, 9, 40).
cost(19, 10, 96).
cost(19, 11, 11).
cost(19, 12, 99).
cost(19, 13, 36).
cost(19, 14, 36).
cost(19, 15, 8).
cost(19, 16, 86).
cost(19, 17, 70).
cost(19, 18, 49).
cost(19, 20, 37).
cost(20, 1, 42).
cost(20, 2, 38).
cost(20, 3, 33).
cost(20, 4, 6).
cost(20, 5, 45).
cost(20, 6, 28).
cost(20, 7, 50).
cost(20, 8, 30).
cost(20, 9, 11).
cost(20, 10, 63).
cost(20, 11, 45).
cost(20, 12, 63).
cost(20, 13, 26).
cost(20, 14, 27).
cost(20, 15, 45).
cost(20, 16, 58).
cost(20, 17, 33).
cost(20, 18, 25).
cost(20, 19, 37).
