dimension(20).
point(1, 22.2296792894, 83.5271769872).
point(2, 3.1762760839, 6.720328939).
point(3, 14.4210446231, 30.870651655).
point(4, 15.3105594059, 11.7717340176).
point(5, 66.0241204554, 55.3955817626).
point(6, 17.2689225568, 85.5829159163).
point(7, 55.2848559684, 27.1410159649).
point(8, 54.5278097038, 25.9858300282).
point(9, 61.5777346389, 88.7138762239).
point(10, 98.0748743709, 73.5001865761).
point(11, 6.4798894985, 21.2224573064).
point(12, 9.3755900024, 95.1970752888).
point(13, 93.7675167938, 47.330112685).
point(14, 30.4880619689, 89.2300038285).
point(15, 62.4688825867, 3.5870947119).
point(16, 49.3854240156, 88.6816281704).
point(17, 43.2153124105, 84.0106736994).
point(18, 95.8323863731, 78.5638329594).
point(19, 54.4109339969, 17.7682435519).
point(20, 51.5896661256, 77.2420553613).
cost(1, 2, 79).
cost(1, 3, 53).
cost(1, 4, 72).
cost(1, 5, 52).
cost(1, 6, 5).
cost(1, 7, 65).
cost(1, 8, 66).
cost(1, 9, 40).
cost(1, 10, 77).
cost(1, 11, 64).
cost(1, 12, 17).
cost(1, 13, 80).
cost(1, 14, 10).
cost(1, 15, 89).
cost(1, 16, 28).
cost(1, 17, 21).
cost(1, 18, 74).
cost(1, 19, 73).
cost(1, 20, 30).
cost(2, 1, 79).
cost(2, 3, 27).
cost(2, 4, 13).
cost(2, 5, 79).
cost(2, 6, 80).
cost(2, 7, 56).
cost(2, 8, 55).
cost(2, 9, 101).
cost(2, 10, 116).
cost(2, 11, 15).
cost(2, 12, 89).
cost(2, 13, 99).
cost(2, 14, 87).
cost(2, 15, 59).
cost(2, 16, 94).
cost(2, 17, 87).
cost(2, 18, 117).
cost(2, 19, 52).
cost(2, 20, 86).
cost(3, 1, 53).
cost(3, 2, 27).
cost(3, 4, 19).
cost(3, 5, 57).
cost(3, 6, 55).
cost(3, 7, 41).
cost(3, 8, 40).
cost(3, 9, 75).
cost(3, 10, 94).
cost(3, 11, 12).
cost(3, 12, 65).
cost(3, 13, 81).
cost(3, 14, 61).
cost(3, 15, 55).
cost(3, 16, 68).
cost(3, 17, 60).
cost(3, 18, 94).
cost(3, 19, 42).
cost(3, 20, 59).
cost(4, 1, 72).
cost(4, 2, 13).
cost(4, 3, 19).
cost(4, 5, 67).
cost(4, 6, 74).
cost(4, 7, 43).
cost(4, 8, 42).
cost(4, 9, 90).
cost(4, 10, 103).
cost(4, 11, 13).
cost(4, 12, 84).
cost(4, 13, 86).
cost(4, 14, 79).
cost(4, 15, 48).
cost(4, 16, 84).
cost(4, 17, 77).
cost(4, 18, 105).
cost(4, 19, 40).
cost(4, 20, 75).
cost(5, 1, 52).
cost(5, 2, 79).
cost(5, 3, 57).
cost(5, 4, 67).
cost(5, 6, 57).
cost(5, 7, 30).
cost(5, 8, 32).
cost(5, 9, 34).
cost(5, 10, 37).
cost(5, 11, 69).
cost(5, 12, 69).
cost(5, 13, 29).
cost(5, 14, 49).
cost(5, 15, 52).
cost(5, 16, 37).
cost(5, 17, 37).
cost(5, 18, 38).
cost(5, 19, 39).
cost(5, 20, 26).
cost(6, 1, 5).
cost(6, 2, 80).
cost(6, 3, 55).
cost(6, 4, 74).
cost(6, 5, 57).
cost(6, 7, 70).
cost(6, 8, 70).
cost(6, 9, 44).
cost(6, 10, 82).
cost(6, 11, 65).
cost(6, 12, 12).
cost(6, 13, 86).
cost(6, 14, 14).
cost(6, 15, 94).
cost(6, 16, 32).
cost(6, 17, 26).
cost(6, 18, 79).
cost(6, 19, 77).
cost(6, 20, 35).
cost(7, 1, 65).
cost(7, 2, 56).
cost(7, 3, 41).
cost(7, 4, 43).
cost(7, 5, 30).
cost(7, 6, 70).
cost(7, 8, 1).
cost(7, 9, 62).
cost(7, 10, 63).
cost(7, 11, 49).
cost(7, 12, 82).
cost(7, 13, 43).
cost(7, 14, 67).
cost(7, 15, 25).
cost(7, 16, 62).
cost(7, 17, 58).
cost(7, 18, 65).
cost(7, 19, 9).
cost(7, 20, 50).
cost(8, 1, 66).
cost(8, 2, 55).
cost(8, 3, 40).
cost(8, 4, 42).
cost(8, 5, 32).
cost(8, 6, 70).
cost(8, 7, 1).
cost(8, 9, 63).
cost(8, 10, 64).
cost(8, 11, 48).
cost(8, 12, 83).
cost(8, 13, 45).
cost(8, 14, 68).
cost(8, 15, 24).
cost(8, 16, 63).
cost(8, 17, 59).
cost(8, 18, 67).
cost(8, 19, 8).
cost(8, 20, 51).
cost(9, 1, 40).
cost(9, 2, 101).
cost(9, 3, 75).
cost(9, 4, 90).
cost(9, 5, 34).
cost(9, 6, 44).
cost(9, 7, 62).
cost(9, 8, 63).
cost(9, 10, 40).
cost(9, 11, 87).
cost(9, 12, 53).
cost(9, 13, 52).
cost(9, 14, 31).
cost(9, 15, 85).
cost(9, 16, 12).
cost(9, 17, 19).
cost(9, 18, 36).
cost(9, 19, 71).
cost(9, 20, 15).
cost(10, 1, 77).
cost(10, 2, 116).
cost(10, 3, 94).
cost(10, 4, 103).
cost(10, 5, 37).
cost(10, 6, 82).
cost(10, 7, 63).
cost(10, 8, 64).
cost(10, 9, 40).
cost(10, 11, 105).
cost(10, 12, 91).
cost(10, 13, 27).
cost(10, 14, 69).
cost(10, 15, 78).
cost(10, 16, 51).
cost(10, 17, 56).
cost(10, 18, 6).
cost(10, 19, 71).
cost(10, 20, 47).
cost(11, 1, 64).
cost(11, 2, 15).
cost(11, 3, 12).
cost(11, 4, 13).
cost(11, 5, 69).
cost(11, 6, 65).
cost(11, 7, 49).
cost(11, 8, 48).
cost(11, 9, 87).
cost(11, 10, 105).
cost(11, 12, 74).
cost(11, 13, 91).
cost(11, 14, 72).
cost(11, 15, 59).
cost(11, 16, 80).
cost(11, 17, 73).
cost(11, 18, 106).
cost(11, 19, 48).
cost(11, 20, 72).
cost(12, 1, 17).
cost(12, 2, 89).
cost(12, 3, 65).
cost(12, 4, 84).
cost(12, 5, 69).
cost(12, 6, 12).
cost(12, 7, 82).
cost(12, 8, 83).
cost(12, 9, 53).
cost(12, 10, 91).
cost(12, 11, 74).
cost(12, 13, 97).
cost(12, 14, 22).
cost(12, 15, 106).
cost(12, 16, 41).
cost(12, 17, 36).
cost(12, 18, 88).
cost(12, 19, 90).
cost(12, 20, 46).
cost(13, 1, 80).
cost(13, 2, 99).
cost(13, 3, 81).
cost(13, 4, 86).
cost(13, 5, 29).
cost(13, 6, 86).
cost(13, 7, 43).
cost(13, 8, 45).
cost(13, 9, 52).
cost(13, 10, 27).
cost(13, 11, 91).
cost(13, 12, 97).
cost(13, 14, 76).
cost(13, 15, 54).
cost(13, 16, 61).
cost(13, 17, 62).
cost(13, 18, 31).
cost(13, 19, 49).
cost(13, 20, 52).
cost(14, 1, 10).
cost(14, 2, 87).
cost(14, 3, 61).
cost(14, 4, 79).
cost(14, 5, 49).
cost(14, 6, 14).
cost(14, 7, 67).
cost(14, 8, 68).
cost(14, 9, 31).
cost(14, 10, 69).
cost(14, 11, 72).
cost(14, 12, 22).
cost(14, 13, 76).
cost(14, 15, 91).
cost(14, 16, 19).
cost(14, 17, 14).
cost(14, 18, 66).
cost(14, 19, 75).
cost(14, 20, 24).
cost(15, 1, 89).
cost(15, 2, 59).
cost(15, 3, 55).
cost(15, 4, 48).
cost(15, 5, 52).
cost(15, 6, 94).
cost(15, 7, 25).
cost(15, 8, 24).
cost(15, 9, 85).
cost(15, 10, 78).
cost(15, 11, 59).
cost(15, 12, 106).
cost(15, 13, 54).
cost(15, 14, 91).
cost(15, 16, 86).
cost(15, 17, 83).
cost(15, 18, 82).
cost(15, 19, 16).
cost(15, 20, 74).
cost(16, 1, 28).
cost(16, 2, 94).
cost(16, 3, 68).
cost(16, 4, 84).
cost(16, 5, 37).
cost(16, 6, 32).
cost(16, 7, 62).
cost(16, 8, 63).
cost(16, 9, 12).
cost(16, 10, 51).
cost(16, 11, 80).
cost(16, 12, 41).
cost(16, 13, 61).
cost(16, 14, 19).
cost(16, 15, 86).
cost(16, 17, 8).
cost(16, 18, 48).
cost(16, 19, 71).
cost(16, 20, 12).
cost(17, 1, 21).
cost(17, 2, 87).
cost(17, 3, 60).
cost(17, 4, 77).
cost(17, 5, 37).
cost(17, 6, 26).
cost(17, 7, 58).
cost(17, 8, 59).
cost(17, 9, 19).
cost(17, 10, 56).
cost(17, 11, 73).
cost(17, 12, 36).
cost(17, 13, 62).
cost(17, 14, 14).
cost(17, 15, 83).
cost(17, 16, 8).
cost(17, 18, 53).
cost(17, 19, 67).
cost(17, 20, 11).
cost(18, 1, 74).
cost(18, 2, 117).
cost(18, 3, 94).
cost(18, 4, 105).
cost(18, 5, 38).
cost(18, 6, 79).
cost(18, 7, 65).
cost(18, 8, 67).
cost(18, 9, 36).
cost(18, 10, 6).
cost(18, 11, 106).
cost(18, 12, 88).
cost(18, 13, 31).
cost(18, 14, 66).
cost(18, 15, 82).
cost(18, 16, 48).
cost(18, 17, 53).
cost(18, 19, 74).
cost(18, 20, 44).
cost(19, 1, 73).
cost(19, 2, 52).
cost(19, 3, 42).
cost(19, 4, 40).
cost(19, 5, 39).
cost(19, 6, 77).
cost(19, 7, 9).
cost(19, 8, 8).
cost(19, 9, 71).
cost(19, 10, 71).
cost(19, 11, 48).
cost(19, 12, 90).
cost(19, 13, 49).
cost(19, 14, 75).
cost(19, 15, 16).
cost(19, 16, 71).
cost(19, 17, 67).
cost(19, 18, 74).
cost(19, 20, 60).
cost(20, 1, 30).
cost(20, 2, 86).
cost(20, 3, 59).
cost(20, 4, 75).
cost(20, 5, 26).
cost(20, 6, 35).
cost(20, 7, 50).
cost(20, 8, 51).
cost(20, 9, 15).
cost(20, 10, 47).
cost(20, 11, 72).
cost(20, 12, 46).
cost(20, 13, 52).
cost(20, 14, 24).
cost(20, 15, 74).
cost(20, 16, 12).
cost(20, 17, 11).
cost(20, 18, 44).
cost(20, 19, 60).
