dimension(20).
point(1, 64.75828576, 79.7164288009).
point(2, 42.590703675, 54.8910958598).
point(3, 50.3517367305, 68.6401216809).
point(4, 68.1697800979, 30.0776286657).
point(5, 8.6527588038, 37.3609369895).
point(6, 22.3277154181, 76.8231846715).
point(7, 24.5843261227, 84.8281675431).
point(8, 22.5787225424, 24.8167470262).
point(9, 72.5861071334, 69.4744802717).
point(10, 57.36985466, 23.963553518).
point(11, 72.8635871967, 38.5195943363).
point(12, 58.1783210955, 10.7725877109).
point(13, 7.3489614226, 15.374115428).
point(14, 73.8154587829, 79.2439033696).
point(15, 22.9491065784, 33.0153308594).
point(16, 49.3393046715, 67.1149562228).
point(17, 12.3474506929, 85.9055131081).
point(18, 27.8330751493, 96.4705083684).
point(19, 44.755150376, 61.3448264955).
point(20, 82.6384102554, 55.0447956918).
cost(1, 2, 33).
cost(1, 3, 18).
cost(1, 4, 50).
cost(1, 5, 70).
cost(1, 6, 43).
cost(1, 7, 40).
cost(1, 8, 69).
cost(1, 9, 13).
cost(1, 10, 56).
cost(1, 11, 42).
cost(1, 12, 69).
cost(1, 13, 86).
cost(1, 14, 9).
cost(1, 15, 63).
cost(1, 16, 20).
cost(1, 17, 53).
cost(1, 18, 41).
cost(1, 19, 27).
cost(1, 20, 30).
cost(2, 1, 33).
cost(2, 3, 16).
cost(2, 4, 36).
cost(2, 5, 38).
cost(2, 6, 30).
cost(2, 7, 35).
cost(2, 8, 36).
cost(2, 9, 33).
cost(2, 10, 34).
cost(2, 11, 34).
cost(2, 12, 47).
cost(2, 13, 53).
cost(2, 14, 40).
cost(2, 15, 29).
cost(2, 16, 14).
cost(2, 17, 43).
cost(2, 18, 44).
cost(2, 19, 7).
cost(2, 20, 40).
cost(3, 1, 18).
cost(3, 2, 16).
cost(3, 4, 42).
cost(3, 5, 52).
cost(3, 6, 29).
cost(3, 7, 30).
cost(3, 8, 52).
cost(3, 9, 22).
cost(3, 10, 45).
cost(3, 11, 38).
cost(3, 12, 58).
cost(3, 13, 68).
cost(3, 14, 26).
cost(3, 15, 45).
cost(3, 16, 2).
cost(3, 17, 42).
cost(3, 18, 36).
cost(3, 19, 9).
cost(3, 20, 35).
cost(4, 1, 50).
cost(4, 2, 36).
cost(4, 3, 42).
cost(4, 5, 60).
cost(4, 6, 65).
cost(4, 7, 70).
cost(4, 8, 46).
cost(4, 9, 40).
cost(4, 10, 12).
cost(4, 11, 10).
cost(4, 12, 22).
cost(4, 13, 63).
cost(4, 14, 49).
cost(4, 15, 45).
cost(4, 16, 42).
cost(4, 17, 79).
cost(4, 18, 78).
cost(4, 19, 39).
cost(4, 20, 29).
cost(5, 1, 70).
cost(5, 2, 38).
cost(5, 3, 52).
cost(5, 4, 60).
cost(5, 6, 42).
cost(5, 7, 50).
cost(5, 8, 19).
cost(5, 9, 72).
cost(5, 10, 51).
cost(5, 11, 64).
cost(5, 12, 56).
cost(5, 13, 22).
cost(5, 14, 77).
cost(5, 15, 15).
cost(5, 16, 50).
cost(5, 17, 49).
cost(5, 18, 62).
cost(5, 19, 43).
cost(5, 20, 76).
cost(6, 1, 43).
cost(6, 2, 30).
cost(6, 3, 29).
cost(6, 4, 65).
cost(6, 5, 42).
cost(6, 7, 8).
cost(6, 8, 52).
cost(6, 9, 51).
cost(6, 10, 63).
cost(6, 11, 63).
cost(6, 12, 75).
cost(6, 13, 63).
cost(6, 14, 52).
cost(6, 15, 44).
cost(6, 16, 29).
cost(6, 17, 13).
cost(6, 18, 20).
cost(6, 19, 27).
cost(6, 20, 64).
cost(7, 1, 40).
cost(7, 2, 35).
cost(7, 3, 30).
cost(7, 4, 70).
cost(7, 5, 50).
cost(7, 6, 8).
cost(7, 8, 60).
cost(7, 9, 50).
cost(7, 10, 69).
cost(7, 11, 67).
cost(7, 12, 81).
cost(7, 13, 72).
cost(7, 14, 50).
cost(7, 15, 52).
cost(7, 16, 30).
cost(7, 17, 12).
cost(7, 18, 12).
cost(7, 19, 31).
cost(7, 20, 65).
cost(8, 1, 69).
cost(8, 2, 36).
cost(8, 3, 52).
cost(8, 4, 46).
cost(8, 5, 19).
cost(8, 6, 52).
cost(8, 7, 60).
cost(8, 9, 67).
cost(8, 10, 35).
cost(8, 11, 52).
cost(8, 12, 38).
cost(8, 13, 18).
cost(8, 14, 75).
cost(8, 15, 8).
cost(8, 16, 50).
cost(8, 17, 62).
cost(8, 18, 72).
cost(8, 19, 43).
cost(8, 20, 67).
cost(9, 1, 13).
cost(9, 2, 33).
cost(9, 3, 22).
cost(9, 4, 40).
cost(9, 5, 72).
cost(9, 6, 51).
cost(9, 7, 50).
cost(9, 8, 67).
cost(9, 10, 48).
cost(9, 11, 31).
cost(9, 12, 60).
cost(9, 13, 85).
cost(9, 14, 10).
cost(9, 15, 62).
cost(9, 16, 23).
cost(9, 17, 62).
cost(9, 18, 52).
cost(9, 19, 29).
cost(9, 20, 18).
cost(10, 1, 56).
cost(10, 2, 34).
cost(10, 3, 45).
cost(10, 4, 12).
cost(10, 5, 51).
cost(10, 6, 63).
cost(10, 7, 69).
cost(10, 8, 35).
cost(10, 9, 48).
cost(10, 11, 21).
cost(10, 12, 13).
cost(10, 13, 51).
cost(10, 14, 58).
cost(10, 15, 36).
cost(10, 16, 44).
cost(10, 17, 77).
cost(10, 18, 78).
cost(10, 19, 39).
cost(10, 20, 40).
cost(11, 1, 42).
cost(11, 2, 34).
cost(11, 3, 38).
cost(11, 4, 10).
cost(11, 5, 64).
cost(11, 6, 63).
cost(11, 7, 67).
cost(11, 8, 52).
cost(11, 9, 31).
cost(11, 10, 21).
cost(11, 12, 31).
cost(11, 13, 69).
cost(11, 14, 41).
cost(11, 15, 50).
cost(11, 16, 37).
cost(11, 17, 77).
cost(11, 18, 73).
cost(11, 19, 36).
cost(11, 20, 19).
cost(12, 1, 69).
cost(12, 2, 47).
cost(12, 3, 58).
cost(12, 4, 22).
cost(12, 5, 56).
cost(12, 6, 75).
cost(12, 7, 81).
cost(12, 8, 38).
cost(12, 9, 60).
cost(12, 10, 13).
cost(12, 11, 31).
cost(12, 13, 51).
cost(12, 14, 70).
cost(12, 15, 42).
cost(12, 16, 57).
cost(12, 17, 88).
cost(12, 18, 91).
cost(12, 19, 52).
cost(12, 20, 51).
cost(13, 1, 86).
cost(13, 2, 53).
cost(13, 3, 68).
cost(13, 4, 63).
cost(13, 5, 22).
cost(13, 6, 63).
cost(13, 7, 72).
cost(13, 8, 18).
cost(13, 9, 85).
cost(13, 10, 51).
cost(13, 11, 69).
cost(13, 12, 51).
cost(13, 14, 92).
cost(13, 15, 24).
cost(13, 16, 67).
cost(13, 17, 71).
cost(13, 18, 84).
cost(13, 19, 59).
cost(13, 20, 85).
cost(14, 1, 9).
cost(14, 2, 40).
cost(14, 3, 26).
cost(14, 4, 49).
cost(14, 5, 77).
cost(14, 6, 52).
cost(14, 7, 50).
cost(14, 8, 75).
cost(14, 9, 10).
cost(14, 10, 58).
cost(14, 11, 41).
cost(14, 12, 70).
cost(14, 13, 92).
cost(14, 15, 69).
cost(14, 16, 27).
cost(14, 17, 62).
cost(14, 18, 49).
cost(14, 19, 34).
cost(14, 20, 26).
cost(15, 1, 63).
cost(15, 2, 29).
cost(15, 3, 45).
cost(15, 4, 45).
cost(15, 5, 15).
cost(15, 6, 44).
cost(15, 7, 52).
cost(15, 8, 8).
cost(15, 9, 62).
cost(15, 10, 36).
cost(15, 11, 50).
cost(15, 12, 42).
cost(15, 13, 24).
cost(15, 14, 69).
cost(15, 16, 43).
cost(15, 17, 54).
cost(15, 18, 64).
cost(15, 19, 36).
cost(15, 20, 64).
cost(16, 1, 20).
cost(16, 2, 14).
cost(16, 3, 2).
cost(16, 4, 42).
cost(16, 5, 50).
cost(16, 6, 29).
cost(16, 7, 30).
cost(16, 8, 50).
cost(16, 9, 23).
cost(16, 10, 44).
cost(16, 11, 37).
cost(16, 12, 57).
cost(16, 13, 67).
cost(16, 14, 27).
cost(16, 15, 43).
cost(16, 17, 41).
cost(16, 18, 36).
cost(16, 19, 7).
cost(16, 20, 35).
cost(17, 1, 53).
cost(17, 2, 43).
cost(17, 3, 42).
cost(17, 4, 79).
cost(17, 5, 49).
cost(17, 6, 13).
cost(17, 7, 12).
cost(17, 8, 62).
cost(17, 9, 62).
cost(17, 10, 77).
cost(17, 11, 77).
cost(17, 12, 88).
cost(17, 13, 71).
cost(17, 14, 62).
cost(17, 15, 54).
cost(17, 16, 41).
cost(17, 18, 19).
cost(17, 19, 41).
cost(17, 20, 77).
cost(18, 1, 41).
cost(18, 2, 44).
cost(18, 3, 36).
cost(18, 4, 78).
cost(18, 5, 62).
cost(18, 6, 20).
cost(18, 7, 12).
cost(18, 8, 72).
cost(18, 9, 52).
cost(18, 10, 78).
cost(18, 11, 73).
cost(18, 12, 91).
cost(18, 13, 84).
cost(18, 14, 49).
cost(18, 15, 64).
cost(18, 16, 36).
cost(18, 17, 19).
cost(18, 19, 39).
cost(18, 20, 69).
cost(19, 1, 27).
cost(19, 2, 7).
cost(19, 3, 9).
cost(19, 4, 39).
cost(19, 5, 43).
cost(19, 6, 27).
cost(19, 7, 31).
cost(19, 8, 43).
cost(19, 9, 29).
cost(19, 10, 39).
cost(19, 11, 36).
cost(19, 12, 52).
cost(19, 13, 59).
cost(19, 14, 34).
cost(19, 15, 36).
cost(19, 16, 7).
cost(19, 17, 41).
cost(19, 18, 39).
cost(19, 20, 38).
cost(20, 1, 30).
cost(20, 2, 40).
cost(20, 3, 35).
cost(20, 4, 29).
cost(20, 5, 76).
cost(20, 6, 64).
cost(20, 7, 65).
cost(20, 8, 67).
cost(20, 9, 18).
cost(20, 10, 40).
cost(20, 11, 19).
cost(20, 12, 51).
cost(20, 13, 85).
cost(20, 14, 26).
cost(20, 15, 64).
cost(20, 16, 35).
cost(20, 17, 77).
cost(20, 18, 69).
cost(20, 19, 38).
