dimension(20).
point(1, 37.0220005998, 33.7011728688).
point(2, 2.157245828, 66.7371206591).
point(3, 50.1880128542, 45.1159258814).
point(4, 2.8661830584, 48.2738895722).
point(5, 24.7557670196, 26.6743400934).
point(6, 94.8177068952, 25.1097980395).
point(7, 9.7191310734, 51.0484244562).
point(8, 45.9194440576, 12.741114072).
point(9, 89.2555425828, 8.4467955872).
point(10, 12.5586427078, 53.0553540047).
point(11, 26.1022506522, 65.8040850677).
point(12, 45.7329337822, 38.9140022367).
point(13, 92.2160225996, 21.3194237924).
point(14, 89.3552285154, 10.8177241012).
point(15, 59.2403752902, 83.8261192985).
point(16, 46.5437488337, 73.9219619733).
point(17, 52.5004374401, 29.9850846303).
point(18, 46.5117498108, 20.0635490109).
point(19, 24.4524805711, 50.6758908745).
point(20, 57.7980628071, 13.643533905).
cost(1, 2, 48).
cost(1, 3, 17).
cost(1, 4, 37).
cost(1, 5, 14).
cost(1, 6, 58).
cost(1, 7, 32).
cost(1, 8, 23).
cost(1, 9, 58).
cost(1, 10, 31).
cost(1, 11, 34).
cost(1, 12, 10).
cost(1, 13, 57).
cost(1, 14, 57).
cost(1, 15, 55).
cost(1, 16, 41).
cost(1, 17, 16).
cost(1, 18, 17).
cost(1, 19, 21).
cost(1, 20, 29).
cost(2, 1, 48).
cost(2, 3, 53).
cost(2, 4, 18).
cost(2, 5, 46).
cost(2, 6, 102).
cost(2, 7, 17).
cost(2, 8, 70).
cost(2, 9, 105).
cost(2, 10, 17).
cost(2, 11, 24).
cost(2, 12, 52).
cost(2, 13, 101).
cost(2, 14, 104).
cost(2, 15, 60).
cost(2, 16, 45).
cost(2, 17, 62).
cost(2, 18, 64).
cost(2, 19, 27).
cost(2, 20, 77).
cost(3, 1, 17).
cost(3, 2, 53).
cost(3, 4, 47).
cost(3, 5, 31).
cost(3, 6, 49).
cost(3, 7, 41).
cost(3, 8, 33).
cost(3, 9, 54).
cost(3, 10, 38).
cost(3, 11, 32).
cost(3, 12, 8).
cost(3, 13, 48).
cost(3, 14, 52).
cost(3, 15, 40).
cost(3, 16, 29).
cost(3, 17, 15).
cost(3, 18, 25).
cost(3, 19, 26).
cost(3, 20, 32).
cost(4, 1, 37).
cost(4, 2, 18).
cost(4, 3, 47).
cost(4, 5, 31).
cost(4, 6, 95).
cost(4, 7, 7).
cost(4, 8, 56).
cost(4, 9, 95).
cost(4, 10, 11).
cost(4, 11, 29).
cost(4, 12, 44).
cost(4, 13, 93).
cost(4, 14, 94).
cost(4, 15, 67).
cost(4, 16, 51).
cost(4, 17, 53).
cost(4, 18, 52).
cost(4, 19, 22).
cost(4, 20, 65).
cost(5, 1, 14).
cost(5, 2, 46).
cost(5, 3, 31).
cost(5, 4, 31).
cost(5, 6, 70).
cost(5, 7, 29).
cost(5, 8, 25).
cost(5, 9, 67).
cost(5, 10, 29).
cost(5, 11, 39).
cost(5, 12, 24).
cost(5, 13, 68).
cost(5, 14, 67).
cost(5, 15, 67).
cost(5, 16, 52).
cost(5, 17, 28).
cost(5, 18, 23).
cost(5, 19, 24).
cost(5, 20, 36).
cost(6, 1, 58).
cost(6, 2, 102).
cost(6, 3, 49).
cost(6, 4, 95).
cost(6, 5, 70).
cost(6, 7, 89).
cost(6, 8, 50).
cost(6, 9, 18).
cost(6, 10, 87).
cost(6, 11, 80).
cost(6, 12, 51).
cost(6, 13, 5).
cost(6, 14, 15).
cost(6, 15, 69).
cost(6, 16, 69).
cost(6, 17, 43).
cost(6, 18, 49).
cost(6, 19, 75).
cost(6, 20, 39).
cost(7, 1, 32).
cost(7, 2, 17).
cost(7, 3, 41).
cost(7, 4, 7).
cost(7, 5, 29).
cost(7, 6, 89).
cost(7, 8, 53).
cost(7, 9, 90).
cost(7, 10, 3).
cost(7, 11, 22).
cost(7, 12, 38).
cost(7, 13, 88).
cost(7, 14, 89).
cost(7, 15, 59).
cost(7, 16, 43).
cost(7, 17, 48).
cost(7, 18, 48).
cost(7, 19, 15).
cost(7, 20, 61).
cost(8, 1, 23).
cost(8, 2, 70).
cost(8, 3, 33).
cost(8, 4, 56).
cost(8, 5, 25).
cost(8, 6, 50).
cost(8, 7, 53).
cost(8, 9, 44).
cost(8, 10, 52).
cost(8, 11, 57).
cost(8, 12, 26).
cost(8, 13, 47).
cost(8, 14, 43).
cost(8, 15, 72).
cost(8, 16, 61).
cost(8, 17, 18).
cost(8, 18, 7).
cost(8, 19, 44).
cost(8, 20, 12).
cost(9, 1, 58).
cost(9, 2, 105).
cost(9, 3, 54).
cost(9, 4, 95).
cost(9, 5, 67).
cost(9, 6, 18).
cost(9, 7, 90).
cost(9, 8, 44).
cost(9, 10, 89).
cost(9, 11, 85).
cost(9, 12, 53).
cost(9, 13, 13).
cost(9, 14, 2).
cost(9, 15, 81).
cost(9, 16, 78).
cost(9, 17, 43).
cost(9, 18, 44).
cost(9, 19, 77).
cost(9, 20, 32).
cost(10, 1, 31).
cost(10, 2, 17).
cost(10, 3, 38).
cost(10, 4, 11).
cost(10, 5, 29).
cost(10, 6, 87).
cost(10, 7, 3).
cost(10, 8, 52).
cost(10, 9, 89).
cost(10, 11, 19).
cost(10, 12, 36).
cost(10, 13, 86).
cost(10, 14, 88).
cost(10, 15, 56).
cost(10, 16, 40).
cost(10, 17, 46).
cost(10, 18, 47).
cost(10, 19, 12).
cost(10, 20, 60).
cost(11, 1, 34).
cost(11, 2, 24).
cost(11, 3, 32).
cost(11, 4, 29).
cost(11, 5, 39).
cost(11, 6, 80).
cost(11, 7, 22).
cost(11, 8, 57).
cost(11, 9, 85).
cost(11, 10, 19).
cost(11, 12, 33).
cost(11, 13, 80).
cost(11, 14, 84).
cost(11, 15, 38).
cost(11, 16, 22).
cost(11, 17, 44).
cost(11, 18, 50).
cost(11, 19, 15).
cost(11, 20, 61).
cost(12, 1, 10).
cost(12, 2, 52).
cost(12, 3, 8).
cost(12, 4, 44).
cost(12, 5, 24).
cost(12, 6, 51).
cost(12, 7, 38).
cost(12, 8, 26).
cost(12, 9, 53).
cost(12, 10, 36).
cost(12, 11, 33).
cost(12, 13, 50).
cost(12, 14, 52).
cost(12, 15, 47).
cost(12, 16, 35).
cost(12, 17, 11).
cost(12, 18, 19).
cost(12, 19, 24).
cost(12, 20, 28).
cost(13, 1, 57).
cost(13, 2, 101).
cost(13, 3, 48).
cost(13, 4, 93).
cost(13, 5, 68).
cost(13, 6, 5).
cost(13, 7, 88).
cost(13, 8, 47).
cost(13, 9, 13).
cost(13, 10, 86).
cost(13, 11, 80).
cost(13, 12, 50).
cost(13, 14, 11).
cost(13, 15, 71).
cost(13, 16, 70).
cost(13, 17, 41).
cost(13, 18, 46).
cost(13, 19, 74).
cost(13, 20, 35).
cost(14, 1, 57).
cost(14, 2, 104).
cost(14, 3, 52).
cost(14, 4, 94).
cost(14, 5, 67).
cost(14, 6, 15).
cost(14, 7, 89).
cost(14, 8, 43).
cost(14, 9, 2).
cost(14, 10, 88).
cost(14, 11, 84).
cost(14, 12, 52).
cost(14, 13, 11).
cost(14, 15, 79).
cost(14, 16, 76).
cost(14, 17, 42).
cost(14, 18, 44).
cost(14, 19, 76).
cost(14, 20, 32).
cost(15, 1, 55).
cost(15, 2, 60).
cost(15, 3, 40).
cost(15, 4, 67).
cost(15, 5, 67).
cost(15, 6, 69).
cost(15, 7, 59).
cost(15, 8, 72).
cost(15, 9, 81).
cost(15, 10, 56).
cost(15, 11, 38).
cost(15, 12, 47).
cost(15, 13, 71).
cost(15, 14, 79).
cost(15, 16, 16).
cost(15, 17, 54).
cost(15, 18, 65).
cost(15, 19, 48).
cost(15, 20, 70).
cost(16, 1, 41).
cost(16, 2, 45).
cost(16, 3, 29).
cost(16, 4, 51).
cost(16, 5, 52).
cost(16, 6, 69).
cost(16, 7, 43).
cost(16, 8, 61).
cost(16, 9, 78).
cost(16, 10, 40).
cost(16, 11, 22).
cost(16, 12, 35).
cost(16, 13, 70).
cost(16, 14, 76).
cost(16, 15, 16).
cost(16, 17, 44).
cost(16, 18, 54).
cost(16, 19, 32).
cost(16, 20, 61).
cost(17, 1, 16).
cost(17, 2, 62).
cost(17, 3, 15).
cost(17, 4, 53).
cost(17, 5, 28).
cost(17, 6, 43).
cost(17, 7, 48).
cost(17, 8, 18).
cost(17, 9, 43).
cost(17, 10, 46).
cost(17, 11, 44).
cost(17, 12, 11).
cost(17, 13, 41).
cost(17, 14, 42).
cost(17, 15, 54).
cost(17, 16, 44).
cost(17, 18, 12).
cost(17, 19, 35).
cost(17, 20, 17).
cost(18, 1, 17).
cost(18, 2, 64).
cost(18, 3, 25).
cost(18, 4, 52).
cost(18, 5, 23).
cost(18, 6, 49).
cost(18, 7, 48).
cost(18, 8, 7).
cost(18, 9, 44).
cost(18, 10, 47).
cost(18, 11, 50).
cost(18, 12, 19).
cost(18, 13, 46).
cost(18, 14, 44).
cost(18, 15, 65).
cost(18, 16, 54).
cost(18, 17, 12).
cost(18, 19, 38).
cost(18, 20, 13).
cost(19, 1, 21).
cost(19, 2, 27).
cost(19, 3, 26).
cost(19, 4, 22).
cost(19, 5, 24).
cost(19, 6, 75).
cost(19, 7, 15).
cost(19, 8, 44).
cost(19, 9, 77).
cost(19, 10, 12).
cost(19, 11, 15).
cost(19, 12, 24).
cost(19, 13, 74).
cost(19, 14, 76).
cost(19, 15, 48).
cost(19, 16, 32).
cost(19, 17, 35).
cost(19, 18, 38).
cost(19, 20, 50).
cost(20, 1, 29).
cost(20, 2, 77).
cost(20, 3, 32).
cost(20, 4, 65).
cost(20, 5, 36).
cost(20, 6, 39).
cost(20, 7, 61).
cost(20, 8, 12).
cost(20, 9, 32).
cost(20, 10, 60).
cost(20, 11, 61).
cost(20, 12, 28).
cost(20, 13, 35).
cost(20, 14, 32).
cost(20, 15, 70).
cost(20, 16, 61).
cost(20, 17, 17).
cost(20, 18, 13).
cost(20, 19, 50).
