dimension(20).
point(1, 89.8279364087, 55.7701866362).
point(2, 59.1057705864, 22.8017580873).
point(3, 19.8914530859, 95.9899416643).
point(4, 15.6438898977, 89.5861789495).
point(5, 27.7756343782, 97.1615507225).
point(6, 78.1951853431, 9.1873213278).
point(7, 44.5062619311, 68.1770238856).
point(8, 88.8045493228, 44.9929162651).
point(9, 23.824962882, 93.8403275762).
point(10, 65.2135824632, 29.6642188294).
point(11, 34.9927781515, 74.5315712091).
point(12, 20.4364574027, 32.1941428777).
point(13, 82.6579875334, 18.4255883336).
point(14, 13.3309018731, 28.1892270797).
point(15, 54.4597495518, 40.832921111).
point(16, 30.7469183885, 83.5381896567).
point(17, 66.9429853552, 48.2534147086).
point(18, 6.6966243975, 60.5586067053).
point(19, 77.1006054122, 85.042868612).
point(20, 23.0072911853, 44.9698355207).
cost(1, 2, 45).
cost(1, 3, 81).
cost(1, 4, 82).
cost(1, 5, 75).
cost(1, 6, 48).
cost(1, 7, 47).
cost(1, 8, 11).
cost(1, 9, 76).
cost(1, 10, 36).
cost(1, 11, 58).
cost(1, 12, 73).
cost(1, 13, 38).
cost(1, 14, 81).
cost(1, 15, 38).
cost(1, 16, 65).
cost(1, 17, 24).
cost(1, 18, 83).
cost(1, 19, 32).
cost(1, 20, 68).
cost(2, 1, 45).
cost(2, 3, 83).
cost(2, 4, 80).
cost(2, 5, 81).
cost(2, 6, 23).
cost(2, 7, 48).
cost(2, 8, 37).
cost(2, 9, 79).
cost(2, 10, 9).
cost(2, 11, 57).
cost(2, 12, 40).
cost(2, 13, 24).
cost(2, 14, 46).
cost(2, 15, 19).
cost(2, 16, 67).
cost(2, 17, 27).
cost(2, 18, 65).
cost(2, 19, 65).
cost(2, 20, 42).
cost(3, 1, 81).
cost(3, 2, 83).
cost(3, 4, 8).
cost(3, 5, 8).
cost(3, 6, 105).
cost(3, 7, 37).
cost(3, 8, 86).
cost(3, 9, 4).
cost(3, 10, 80).
cost(3, 11, 26).
cost(3, 12, 64).
cost(3, 13, 100).
cost(3, 14, 68).
cost(3, 15, 65).
cost(3, 16, 17).
cost(3, 17, 67).
cost(3, 18, 38).
cost(3, 19, 58).
cost(3, 20, 51).
cost(4, 1, 82).
cost(4, 2, 80).
cost(4, 3, 8).
cost(4, 5, 14).
cost(4, 6, 102).
cost(4, 7, 36).
cost(4, 8, 86).
cost(4, 9, 9).
cost(4, 10, 78).
cost(4, 11, 25).
cost(4, 12, 58).
cost(4, 13, 98).
cost(4, 14, 61).
cost(4, 15, 62).
cost(4, 16, 16).
cost(4, 17, 66).
cost(4, 18, 30).
cost(4, 19, 62).
cost(4, 20, 45).
cost(5, 1, 75).
cost(5, 2, 81).
cost(5, 3, 8).
cost(5, 4, 14).
cost(5, 6, 101).
cost(5, 7, 33).
cost(5, 8, 80).
cost(5, 9, 5).
cost(5, 10, 77).
cost(5, 11, 24).
cost(5, 12, 65).
cost(5, 13, 96).
cost(5, 14, 70).
cost(5, 15, 62).
cost(5, 16, 14).
cost(5, 17, 63).
cost(5, 18, 42).
cost(5, 19, 51).
cost(5, 20, 52).
cost(6, 1, 48).
cost(6, 2, 23).
cost(6, 3, 105).
cost(6, 4, 102).
cost(6, 5, 101).
cost(6, 7, 68).
cost(6, 8, 37).
cost(6, 9, 101).
cost(6, 10, 24).
cost(6, 11, 78).
cost(6, 12, 62).
cost(6, 13, 10).
cost(6, 14, 68).
cost(6, 15, 40).
cost(6, 16, 88).
cost(6, 17, 41).
cost(6, 18, 88).
cost(6, 19, 76).
cost(6, 20, 66).
cost(7, 1, 47).
cost(7, 2, 48).
cost(7, 3, 37).
cost(7, 4, 36).
cost(7, 5, 33).
cost(7, 6, 68).
cost(7, 8, 50).
cost(7, 9, 33).
cost(7, 10, 44).
cost(7, 11, 11).
cost(7, 12, 43).
cost(7, 13, 63).
cost(7, 14, 51).
cost(7, 15, 29).
cost(7, 16, 21).
cost(7, 17, 30).
cost(7, 18, 39).
cost(7, 19, 37).
cost(7, 20, 32).
cost(8, 1, 11).
cost(8, 2, 37).
cost(8, 3, 86).
cost(8, 4, 86).
cost(8, 5, 80).
cost(8, 6, 37).
cost(8, 7, 50).
cost(8, 9, 81).
cost(8, 10, 28).
cost(8, 11, 61).
cost(8, 12, 70).
cost(8, 13, 27).
cost(8, 14, 77).
cost(8, 15, 35).
cost(8, 16, 70).
cost(8, 17, 22).
cost(8, 18, 84).
cost(8, 19, 42).
cost(8, 20, 66).
cost(9, 1, 76).
cost(9, 2, 79).
cost(9, 3, 4).
cost(9, 4, 9).
cost(9, 5, 5).
cost(9, 6, 101).
cost(9, 7, 33).
cost(9, 8, 81).
cost(9, 10, 76).
cost(9, 11, 22).
cost(9, 12, 62).
cost(9, 13, 96).
cost(9, 14, 66).
cost(9, 15, 61).
cost(9, 16, 12).
cost(9, 17, 63).
cost(9, 18, 37).
cost(9, 19, 54).
cost(9, 20, 49).
cost(10, 1, 36).
cost(10, 2, 9).
cost(10, 3, 80).
cost(10, 4, 78).
cost(10, 5, 77).
cost(10, 6, 24).
cost(10, 7, 44).
cost(10, 8, 28).
cost(10, 9, 76).
cost(10, 11, 54).
cost(10, 12, 45).
cost(10, 13, 21).
cost(10, 14, 52).
cost(10, 15, 16).
cost(10, 16, 64).
cost(10, 17, 19).
cost(10, 18, 66).
cost(10, 19, 57).
cost(10, 20, 45).
cost(11, 1, 58).
cost(11, 2, 57).
cost(11, 3, 26).
cost(11, 4, 25).
cost(11, 5, 24).
cost(11, 6, 78).
cost(11, 7, 11).
cost(11, 8, 61).
cost(11, 9, 22).
cost(11, 10, 54).
cost(11, 12, 45).
cost(11, 13, 74).
cost(11, 14, 51).
cost(11, 15, 39).
cost(11, 16, 10).
cost(11, 17, 41).
cost(11, 18, 32).
cost(11, 19, 43).
cost(11, 20, 32).
cost(12, 1, 73).
cost(12, 2, 40).
cost(12, 3, 64).
cost(12, 4, 58).
cost(12, 5, 65).
cost(12, 6, 62).
cost(12, 7, 43).
cost(12, 8, 70).
cost(12, 9, 62).
cost(12, 10, 45).
cost(12, 11, 45).
cost(12, 13, 64).
cost(12, 14, 8).
cost(12, 15, 35).
cost(12, 16, 52).
cost(12, 17, 49).
cost(12, 18, 32).
cost(12, 19, 77).
cost(12, 20, 13).
cost(13, 1, 38).
cost(13, 2, 24).
cost(13, 3, 100).
cost(13, 4, 98).
cost(13, 5, 96).
cost(13, 6, 10).
cost(13, 7, 63).
cost(13, 8, 27).
cost(13, 9, 96).
cost(13, 10, 21).
cost(13, 11, 74).
cost(13, 12, 64).
cost(13, 14, 70).
cost(13, 15, 36).
cost(13, 16, 83).
cost(13, 17, 34).
cost(13, 18, 87).
cost(13, 19, 67).
cost(13, 20, 65).
cost(14, 1, 81).
cost(14, 2, 46).
cost(14, 3, 68).
cost(14, 4, 61).
cost(14, 5, 70).
cost(14, 6, 68).
cost(14, 7, 51).
cost(14, 8, 77).
cost(14, 9, 66).
cost(14, 10, 52).
cost(14, 11, 51).
cost(14, 12, 8).
cost(14, 13, 70).
cost(14, 15, 43).
cost(14, 16, 58).
cost(14, 17, 57).
cost(14, 18, 33).
cost(14, 19, 85).
cost(14, 20, 19).
cost(15, 1, 38).
cost(15, 2, 19).
cost(15, 3, 65).
cost(15, 4, 62).
cost(15, 5, 62).
cost(15, 6, 40).
cost(15, 7, 29).
cost(15, 8, 35).
cost(15, 9, 61).
cost(15, 10, 16).
cost(15, 11, 39).
cost(15, 12, 35).
cost(15, 13, 36).
cost(15, 14, 43).
cost(15, 16, 49).
cost(15, 17, 15).
cost(15, 18, 52).
cost(15, 19, 50).
cost(15, 20, 32).
cost(16, 1, 65).
cost(16, 2, 67).
cost(16, 3, 17).
cost(16, 4, 16).
cost(16, 5, 14).
cost(16, 6, 88).
cost(16, 7, 21).
cost(16, 8, 70).
cost(16, 9, 12).
cost(16, 10, 64).
cost(16, 11, 10).
cost(16, 12, 52).
cost(16, 13, 83).
cost(16, 14, 58).
cost(16, 15, 49).
cost(16, 17, 51).
cost(16, 18, 33).
cost(16, 19, 46).
cost(16, 20, 39).
cost(17, 1, 24).
cost(17, 2, 27).
cost(17, 3, 67).
cost(17, 4, 66).
cost(17, 5, 63).
cost(17, 6, 41).
cost(17, 7, 30).
cost(17, 8, 22).
cost(17, 9, 63).
cost(17, 10, 19).
cost(17, 11, 41).
cost(17, 12, 49).
cost(17, 13, 34).
cost(17, 14, 57).
cost(17, 15, 15).
cost(17, 16, 51).
cost(17, 18, 61).
cost(17, 19, 38).
cost(17, 20, 44).
cost(18, 1, 83).
cost(18, 2, 65).
cost(18, 3, 38).
cost(18, 4, 30).
cost(18, 5, 42).
cost(18, 6, 88).
cost(18, 7, 39).
cost(18, 8, 84).
cost(18, 9, 37).
cost(18, 10, 66).
cost(18, 11, 32).
cost(18, 12, 32).
cost(18, 13, 87).
cost(18, 14, 33).
cost(18, 15, 52).
cost(18, 16, 33).
cost(18, 17, 61).
cost(18, 19, 75).
cost(18, 20, 23).
cost(19, 1, 32).
cost(19, 2, 65).
cost(19, 3, 58).
cost(19, 4, 62).
cost(19, 5, 51).
cost(19, 6, 76).
cost(19, 7, 37).
cost(19, 8, 42).
cost(19, 9, 54).
cost(19, 10, 57).
cost(19, 11, 43).
cost(19, 12, 77).
cost(19, 13, 67).
cost(19, 14, 85).
cost(19, 15, 50).
cost(19, 16, 46).
cost(19, 17, 38).
cost(19, 18, 75).
cost(19, 20, 67).
cost(20, 1, 68).
cost(20, 2, 42).
cost(20, 3, 51).
cost(20, 4, 45).
cost(20, 5, 52).
cost(20, 6, 66).
cost(20, 7, 32).
cost(20, 8, 66).
cost(20, 9, 49).
cost(20, 10, 45).
cost(20, 11, 32).
cost(20, 12, 13).
cost(20, 13, 65).
cost(20, 14, 19).
cost(20, 15, 32).
cost(20, 16, 39).
cost(20, 17, 44).
cost(20, 18, 23).
cost(20, 19, 67).
