dimension(20).
point(1, 67.9337677209, 13.9172298223).
point(2, 21.052656173, 59.1704937719).
point(3, 28.6249901633, 67.014249862).
point(4, 11.716574199, 50.5095773662).
point(5, 86.0457438716, 13.023504144).
point(6, 1.3611703509, 61.2100797031).
point(7, 49.4694117185, 16.7442343162).
point(8, 61.3163058772, 38.8938198943).
point(9, 76.7532842488, 30.0690702897).
point(10, 4.1767989982, 57.921403712).
point(11, 58.2978988865, 38.5782002354).
point(12, 89.5320121242, 60.390677676).
point(13, 92.6635226723, 95.1938645275).
point(14, 71.9206105277, 86.611759373).
point(15, 43.4852253079, 59.5577392014).
point(16, 22.6806390651, 27.2598162505).
point(17, 30.1505919199, 48.5915590633).
point(18, 50.9071876272, 18.713003015).
point(19, 89.0369406523, 79.1441019433).
point(20, 67.1903020165, 9.4704617966).
cost(1, 2, 65).
cost(1, 3, 66).
cost(1, 4, 67).
cost(1, 5, 18).
cost(1, 6, 82).
cost(1, 7, 19).
cost(1, 8, 26).
cost(1, 9, 18).
cost(1, 10, 77).
cost(1, 11, 26).
cost(1, 12, 51).
cost(1, 13, 85).
cost(1, 14, 73).
cost(1, 15, 52).
cost(1, 16, 47).
cost(1, 17, 51).
cost(1, 18, 18).
cost(1, 19, 69).
cost(1, 20, 5).
cost(2, 1, 65).
cost(2, 3, 11).
cost(2, 4, 13).
cost(2, 5, 80).
cost(2, 6, 20).
cost(2, 7, 51).
cost(2, 8, 45).
cost(2, 9, 63).
cost(2, 10, 17).
cost(2, 11, 43).
cost(2, 12, 68).
cost(2, 13, 80).
cost(2, 14, 58).
cost(2, 15, 22).
cost(2, 16, 32).
cost(2, 17, 14).
cost(2, 18, 50).
cost(2, 19, 71).
cost(2, 20, 68).
cost(3, 1, 66).
cost(3, 2, 11).
cost(3, 4, 24).
cost(3, 5, 79).
cost(3, 6, 28).
cost(3, 7, 54).
cost(3, 8, 43).
cost(3, 9, 61).
cost(3, 10, 26).
cost(3, 11, 41).
cost(3, 12, 61).
cost(3, 13, 70).
cost(3, 14, 48).
cost(3, 15, 17).
cost(3, 16, 40).
cost(3, 17, 18).
cost(3, 18, 53).
cost(3, 19, 62).
cost(3, 20, 69).
cost(4, 1, 67).
cost(4, 2, 13).
cost(4, 3, 24).
cost(4, 5, 83).
cost(4, 6, 15).
cost(4, 7, 51).
cost(4, 8, 51).
cost(4, 9, 68).
cost(4, 10, 11).
cost(4, 11, 48).
cost(4, 12, 78).
cost(4, 13, 92).
cost(4, 14, 70).
cost(4, 15, 33).
cost(4, 16, 26).
cost(4, 17, 19).
cost(4, 18, 50).
cost(4, 19, 82).
cost(4, 20, 69).
cost(5, 1, 18).
cost(5, 2, 80).
cost(5, 3, 79).
cost(5, 4, 83).
cost(5, 6, 97).
cost(5, 7, 37).
cost(5, 8, 36).
cost(5, 9, 19).
cost(5, 10, 93).
cost(5, 11, 38).
cost(5, 12, 47).
cost(5, 13, 82).
cost(5, 14, 75).
cost(5, 15, 63).
cost(5, 16, 65).
cost(5, 17, 66).
cost(5, 18, 36).
cost(5, 19, 66).
cost(5, 20, 19).
cost(6, 1, 82).
cost(6, 2, 20).
cost(6, 3, 28).
cost(6, 4, 15).
cost(6, 5, 97).
cost(6, 7, 66).
cost(6, 8, 64).
cost(6, 9, 82).
cost(6, 10, 4).
cost(6, 11, 61).
cost(6, 12, 88).
cost(6, 13, 97).
cost(6, 14, 75).
cost(6, 15, 42).
cost(6, 16, 40).
cost(6, 17, 31).
cost(6, 18, 65).
cost(6, 19, 89).
cost(6, 20, 84).
cost(7, 1, 19).
cost(7, 2, 51).
cost(7, 3, 54).
cost(7, 4, 51).
cost(7, 5, 37).
cost(7, 6, 66).
cost(7, 8, 25).
cost(7, 9, 30).
cost(7, 10, 61).
cost(7, 11, 24).
cost(7, 12, 59).
cost(7, 13, 90).
cost(7, 14, 73).
cost(7, 15, 43).
cost(7, 16, 29).
cost(7, 17, 37).
cost(7, 18, 2).
cost(7, 19, 74).
cost(7, 20, 19).
cost(8, 1, 26).
cost(8, 2, 45).
cost(8, 3, 43).
cost(8, 4, 51).
cost(8, 5, 36).
cost(8, 6, 64).
cost(8, 7, 25).
cost(8, 9, 18).
cost(8, 10, 60).
cost(8, 11, 3).
cost(8, 12, 35).
cost(8, 13, 64).
cost(8, 14, 49).
cost(8, 15, 27).
cost(8, 16, 40).
cost(8, 17, 33).
cost(8, 18, 23).
cost(8, 19, 49).
cost(8, 20, 30).
cost(9, 1, 18).
cost(9, 2, 63).
cost(9, 3, 61).
cost(9, 4, 68).
cost(9, 5, 19).
cost(9, 6, 82).
cost(9, 7, 30).
cost(9, 8, 18).
cost(9, 10, 78).
cost(9, 11, 20).
cost(9, 12, 33).
cost(9, 13, 67).
cost(9, 14, 57).
cost(9, 15, 44).
cost(9, 16, 54).
cost(9, 17, 50).
cost(9, 18, 28).
cost(9, 19, 51).
cost(9, 20, 23).
cost(10, 1, 77).
cost(10, 2, 17).
cost(10, 3, 26).
cost(10, 4, 11).
cost(10, 5, 93).
cost(10, 6, 4).
cost(10, 7, 61).
cost(10, 8, 60).
cost(10, 9, 78).
cost(10, 11, 57).
cost(10, 12, 85).
cost(10, 13, 96).
cost(10, 14, 74).
cost(10, 15, 39).
cost(10, 16, 36).
cost(10, 17, 28).
cost(10, 18, 61).
cost(10, 19, 87).
cost(10, 20, 79).
cost(11, 1, 26).
cost(11, 2, 43).
cost(11, 3, 41).
cost(11, 4, 48).
cost(11, 5, 38).
cost(11, 6, 61).
cost(11, 7, 24).
cost(11, 8, 3).
cost(11, 9, 20).
cost(11, 10, 57).
cost(11, 12, 38).
cost(11, 13, 66).
cost(11, 14, 50).
cost(11, 15, 26).
cost(11, 16, 37).
cost(11, 17, 30).
cost(11, 18, 21).
cost(11, 19, 51).
cost(11, 20, 30).
cost(12, 1, 51).
cost(12, 2, 68).
cost(12, 3, 61).
cost(12, 4, 78).
cost(12, 5, 47).
cost(12, 6, 88).
cost(12, 7, 59).
cost(12, 8, 35).
cost(12, 9, 33).
cost(12, 10, 85).
cost(12, 11, 38).
cost(12, 13, 35).
cost(12, 14, 32).
cost(12, 15, 46).
cost(12, 16, 75).
cost(12, 17, 61).
cost(12, 18, 57).
cost(12, 19, 19).
cost(12, 20, 56).
cost(13, 1, 85).
cost(13, 2, 80).
cost(13, 3, 70).
cost(13, 4, 92).
cost(13, 5, 82).
cost(13, 6, 97).
cost(13, 7, 90).
cost(13, 8, 64).
cost(13, 9, 67).
cost(13, 10, 96).
cost(13, 11, 66).
cost(13, 12, 35).
cost(13, 14, 22).
cost(13, 15, 61).
cost(13, 16, 98).
cost(13, 17, 78).
cost(13, 18, 87).
cost(13, 19, 16).
cost(13, 20, 89).
cost(14, 1, 73).
cost(14, 2, 58).
cost(14, 3, 48).
cost(14, 4, 70).
cost(14, 5, 75).
cost(14, 6, 75).
cost(14, 7, 73).
cost(14, 8, 49).
cost(14, 9, 57).
cost(14, 10, 74).
cost(14, 11, 50).
cost(14, 12, 32).
cost(14, 13, 22).
cost(14, 15, 39).
cost(14, 16, 77).
cost(14, 17, 56).
cost(14, 18, 71).
cost(14, 19, 19).
cost(14, 20, 77).
cost(15, 1, 52).
cost(15, 2, 22).
cost(15, 3, 17).
cost(15, 4, 33).
cost(15, 5, 63).
cost(15, 6, 42).
cost(15, 7, 43).
cost(15, 8, 27).
cost(15, 9, 44).
cost(15, 10, 39).
cost(15, 11, 26).
cost(15, 12, 46).
cost(15, 13, 61).
cost(15, 14, 39).
cost(15, 16, 38).
cost(15, 17, 17).
cost(15, 18, 42).
cost(15, 19, 50).
cost(15, 20, 55).
cost(16, 1, 47).
cost(16, 2, 32).
cost(16, 3, 40).
cost(16, 4, 26).
cost(16, 5, 65).
cost(16, 6, 40).
cost(16, 7, 29).
cost(16, 8, 40).
cost(16, 9, 54).
cost(16, 10, 36).
cost(16, 11, 37).
cost(16, 12, 75).
cost(16, 13, 98).
cost(16, 14, 77).
cost(16, 15, 38).
cost(16, 17, 23).
cost(16, 18, 29).
cost(16, 19, 84).
cost(16, 20, 48).
cost(17, 1, 51).
cost(17, 2, 14).
cost(17, 3, 18).
cost(17, 4, 19).
cost(17, 5, 66).
cost(17, 6, 31).
cost(17, 7, 37).
cost(17, 8, 33).
cost(17, 9, 50).
cost(17, 10, 28).
cost(17, 11, 30).
cost(17, 12, 61).
cost(17, 13, 78).
cost(17, 14, 56).
cost(17, 15, 17).
cost(17, 16, 23).
cost(17, 18, 36).
cost(17, 19, 66).
cost(17, 20, 54).
cost(18, 1, 18).
cost(18, 2, 50).
cost(18, 3, 53).
cost(18, 4, 50).
cost(18, 5, 36).
cost(18, 6, 65).
cost(18, 7, 2).
cost(18, 8, 23).
cost(18, 9, 28).
cost(18, 10, 61).
cost(18, 11, 21).
cost(18, 12, 57).
cost(18, 13, 87).
cost(18, 14, 71).
cost(18, 15, 42).
cost(18, 16, 29).
cost(18, 17, 36).
cost(18, 19, 71).
cost(18, 20, 19).
cost(19, 1, 69).
cost(19, 2, 71).
cost(19, 3, 62).
cost(19, 4, 82).
cost(19, 5, 66).
cost(19, 6, 89).
cost(19, 7, 74).
cost(19, 8, 49).
cost(19, 9, 51).
cost(19, 10, 87).
cost(19, 11, 51).
cost(19, 12, 19).
cost(19, 13, 16).
cost(19, 14, 19).
cost(19, 15, 50).
cost(19, 16, 84).
cost(19, 17, 66).
cost(19, 18, 71).
cost(19, 20, 73).
cost(20, 1, 5).
cost(20, 2, 68).
cost(20, 3, 69).
cost(20, 4, 69).
cost(20, 5, 19).
cost(20, 6, 84).
cost(20, 7, 19).
cost(20, 8, 30).
cost(20, 9, 23).
cost(20, 10, 79).
cost(20, 11, 30).
cost(20, 12, 56).
cost(20, 13, 89).
cost(20, 14, 77).
cost(20, 15, 55).
cost(20, 16, 48).
cost(20, 17, 54).
cost(20, 18, 19).
cost(20, 19, 73).
