dimension(20).
point(1, 22.7344266635, 25.7046868686).
point(2, 88.9741962373, 68.8248214571).
point(3, 87.0464439167, 7.7247730896).
point(4, 24.750963935, 81.5638776079).
point(5, 42.2540767389, 15.8126666575).
point(6, 21.7150434019, 28.5030946715).
point(7, 31.3064376691, 53.1399258066).
point(8, 68.1257632024, 15.3697691555).
point(9, 17.2280887608, 40.9481652691).
point(10, 7.4541910791, 75.9445044338).
point(11, 52.3670026028, 17.9384065065).
point(12, 88.3571144281, 76.5638114162).
point(13, 32.2066105805, 90.6916586128).
point(14, 45.753928284, 73.8877584825).
point(15, 34.8014643866, 63.2265216062).
point(16, 32.2557877595, 95.6112051826).
point(17, 45.6482460892, 68.9250762365).
point(18, 70.8751695133, 71.5558695182).
point(19, 77.6927751826, 47.9326035227).
point(20, 26.482253817, 37.8386215199).
cost(1, 2, 79).
cost(1, 3, 67).
cost(1, 4, 56).
cost(1, 5, 22).
cost(1, 6, 3).
cost(1, 7, 29).
cost(1, 8, 47).
cost(1, 9, 16).
cost(1, 10, 53).
cost(1, 11, 31).
cost(1, 12, 83).
cost(1, 13, 66).
cost(1, 14, 53).
cost(1, 15, 39).
cost(1, 16, 71).
cost(1, 17, 49).
cost(1, 18, 66).
cost(1, 19, 59).
cost(1, 20, 13).
cost(2, 1, 79).
cost(2, 3, 61).
cost(2, 4, 65).
cost(2, 5, 71).
cost(2, 6, 78).
cost(2, 7, 60).
cost(2, 8, 57).
cost(2, 9, 77).
cost(2, 10, 82).
cost(2, 11, 63).
cost(2, 12, 8).
cost(2, 13, 61).
cost(2, 14, 44).
cost(2, 15, 54).
cost(2, 16, 63).
cost(2, 17, 43).
cost(2, 18, 18).
cost(2, 19, 24).
cost(2, 20, 70).
cost(3, 1, 67).
cost(3, 2, 61).
cost(3, 4, 97).
cost(3, 5, 46).
cost(3, 6, 69).
cost(3, 7, 72).
cost(3, 8, 20).
cost(3, 9, 77).
cost(3, 10, 105).
cost(3, 11, 36).
cost(3, 12, 69).
cost(3, 13, 99).
cost(3, 14, 78).
cost(3, 15, 76).
cost(3, 16, 104).
cost(3, 17, 74).
cost(3, 18, 66).
cost(3, 19, 41).
cost(3, 20, 68).
cost(4, 1, 56).
cost(4, 2, 65).
cost(4, 3, 97).
cost(4, 5, 68).
cost(4, 6, 53).
cost(4, 7, 29).
cost(4, 8, 79).
cost(4, 9, 41).
cost(4, 10, 18).
cost(4, 11, 69).
cost(4, 12, 64).
cost(4, 13, 12).
cost(4, 14, 22).
cost(4, 15, 21).
cost(4, 16, 16).
cost(4, 17, 24).
cost(4, 18, 47).
cost(4, 19, 63).
cost(4, 20, 44).
cost(5, 1, 22).
cost(5, 2, 71).
cost(5, 3, 46).
cost(5, 4, 68).
cost(5, 6, 24).
cost(5, 7, 39).
cost(5, 8, 26).
cost(5, 9, 35).
cost(5, 10, 69).
cost(5, 11, 10).
cost(5, 12, 76).
cost(5, 13, 76).
cost(5, 14, 58).
cost(5, 15, 48).
cost(5, 16, 80).
cost(5, 17, 53).
cost(5, 18, 63).
cost(5, 19, 48).
cost(5, 20, 27).
cost(6, 1, 3).
cost(6, 2, 78).
cost(6, 3, 69).
cost(6, 4, 53).
cost(6, 5, 24).
cost(6, 7, 26).
cost(6, 8, 48).
cost(6, 9, 13).
cost(6, 10, 50).
cost(6, 11, 32).
cost(6, 12, 82).
cost(6, 13, 63).
cost(6, 14, 51).
cost(6, 15, 37).
cost(6, 16, 68).
cost(6, 17, 47).
cost(6, 18, 65).
cost(6, 19, 59).
cost(6, 20, 10).
cost(7, 1, 29).
cost(7, 2, 60).
cost(7, 3, 72).
cost(7, 4, 29).
cost(7, 5, 39).
cost(7, 6, 26).
cost(7, 8, 53).
cost(7, 9, 19).
cost(7, 10, 33).
cost(7, 11, 41).
cost(7, 12, 62).
cost(7, 13, 38).
cost(7, 14, 25).
cost(7, 15, 11).
cost(7, 16, 42).
cost(7, 17, 21).
cost(7, 18, 44).
cost(7, 19, 47).
cost(7, 20, 16).
cost(8, 1, 47).
cost(8, 2, 57).
cost(8, 3, 20).
cost(8, 4, 79).
cost(8, 5, 26).
cost(8, 6, 48).
cost(8, 7, 53).
cost(8, 9, 57).
cost(8, 10, 86).
cost(8, 11, 16).
cost(8, 12, 64).
cost(8, 13, 83).
cost(8, 14, 63).
cost(8, 15, 58).
cost(8, 16, 88).
cost(8, 17, 58).
cost(8, 18, 56).
cost(8, 19, 34).
cost(8, 20, 47).
cost(9, 1, 16).
cost(9, 2, 77).
cost(9, 3, 77).
cost(9, 4, 41).
cost(9, 5, 35).
cost(9, 6, 13).
cost(9, 7, 19).
cost(9, 8, 57).
cost(9, 10, 36).
cost(9, 11, 42).
cost(9, 12, 80).
cost(9, 13, 52).
cost(9, 14, 44).
cost(9, 15, 28).
cost(9, 16, 57).
cost(9, 17, 40).
cost(9, 18, 62).
cost(9, 19, 61).
cost(9, 20, 10).
cost(10, 1, 53).
cost(10, 2, 82).
cost(10, 3, 105).
cost(10, 4, 18).
cost(10, 5, 69).
cost(10, 6, 50).
cost(10, 7, 33).
cost(10, 8, 86).
cost(10, 9, 36).
cost(10, 11, 73).
cost(10, 12, 81).
cost(10, 13, 29).
cost(10, 14, 38).
cost(10, 15, 30).
cost(10, 16, 32).
cost(10, 17, 39).
cost(10, 18, 64).
cost(10, 19, 76).
cost(10, 20, 43).
cost(11, 1, 31).
cost(11, 2, 63).
cost(11, 3, 36).
cost(11, 4, 69).
cost(11, 5, 10).
cost(11, 6, 32).
cost(11, 7, 41).
cost(11, 8, 16).
cost(11, 9, 42).
cost(11, 10, 73).
cost(11, 12, 69).
cost(11, 13, 75).
cost(11, 14, 56).
cost(11, 15, 49).
cost(11, 16, 80).
cost(11, 17, 51).
cost(11, 18, 57).
cost(11, 19, 39).
cost(11, 20, 33).
cost(12, 1, 83).
cost(12, 2, 8).
cost(12, 3, 69).
cost(12, 4, 64).
cost(12, 5, 76).
cost(12, 6, 82).
cost(12, 7, 62).
cost(12, 8, 64).
cost(12, 9, 80).
cost(12, 10, 81).
cost(12, 11, 69).
cost(12, 13, 58).
cost(12, 14, 43).
cost(12, 15, 55).
cost(12, 16, 59).
cost(12, 17, 43).
cost(12, 18, 18).
cost(12, 19, 31).
cost(12, 20, 73).
cost(13, 1, 66).
cost(13, 2, 61).
cost(13, 3, 99).
cost(13, 4, 12).
cost(13, 5, 76).
cost(13, 6, 63).
cost(13, 7, 38).
cost(13, 8, 83).
cost(13, 9, 52).
cost(13, 10, 29).
cost(13, 11, 75).
cost(13, 12, 58).
cost(13, 14, 22).
cost(13, 15, 28).
cost(13, 16, 5).
cost(13, 17, 26).
cost(13, 18, 43).
cost(13, 19, 62).
cost(13, 20, 53).
cost(14, 1, 53).
cost(14, 2, 44).
cost(14, 3, 78).
cost(14, 4, 22).
cost(14, 5, 58).
cost(14, 6, 51).
cost(14, 7, 25).
cost(14, 8, 63).
cost(14, 9, 44).
cost(14, 10, 38).
cost(14, 11, 56).
cost(14, 12, 43).
cost(14, 13, 22).
cost(14, 15, 15).
cost(14, 16, 26).
cost(14, 17, 5).
cost(14, 18, 25).
cost(14, 19, 41).
cost(14, 20, 41).
cost(15, 1, 39).
cost(15, 2, 54).
cost(15, 3, 76).
cost(15, 4, 21).
cost(15, 5, 48).
cost(15, 6, 37).
cost(15, 7, 11).
cost(15, 8, 58).
cost(15, 9, 28).
cost(15, 10, 30).
cost(15, 11, 49).
cost(15, 12, 55).
cost(15, 13, 28).
cost(15, 14, 15).
cost(15, 16, 32).
cost(15, 17, 12).
cost(15, 18, 37).
cost(15, 19, 46).
cost(15, 20, 27).
cost(16, 1, 71).
cost(16, 2, 63).
cost(16, 3, 104).
cost(16, 4, 16).
cost(16, 5, 80).
cost(16, 6, 68).
cost(16, 7, 42).
cost(16, 8, 88).
cost(16, 9, 57).
cost(16, 10, 32).
cost(16, 11, 80).
cost(16, 12, 59).
cost(16, 13, 5).
cost(16, 14, 26).
cost(16, 15, 32).
cost(16, 17, 30).
cost(16, 18, 45).
cost(16, 19, 66).
cost(16, 20, 58).
cost(17, 1, 49).
cost(17, 2, 43).
cost(17, 3, 74).
cost(17, 4, 24).
cost(17, 5, 53).
cost(17, 6, 47).
cost(17, 7, 21).
cost(17, 8, 58).
cost(17, 9, 40).
cost(17, 10, 39).
cost(17, 11, 51).
cost(17, 12, 43).
cost(17, 13, 26).
cost(17, 14, 5).
cost(17, 15, 12).
cost(17, 16, 30).
cost(17, 18, 25).
cost(17, 19, 38).
cost(17, 20, 37).
cost(18, 1, 66).
cost(18, 2, 18).
cost(18, 3, 66).
cost(18, 4, 47).
cost(18, 5, 63).
cost(18, 6, 65).
cost(18, 7, 44).
cost(18, 8, 56).
cost(18, 9, 62).
cost(18, 10, 64).
cost(18, 11, 57).
cost(18, 12, 18).
cost(18, 13, 43).
cost(18, 14, 25).
cost(18, 15, 37).
cost(18, 16, 45).
cost(18, 17, 25).
cost(18, 19, 25).
cost(18, 20, 56).
cost(19, 1, 59).
cost(19, 2, 24).
cost(19, 3, 41).
cost(19, 4, 63).
cost(19, 5, 48).
cost(19, 6, 59).
cost(19, 7, 47).
cost(19, 8, 34).
cost(19, 9, 61).
cost(19, 10, 76).
cost(19, 11, 39).
cost(19, 12, 31).
cost(19, 13, 62).
cost(19, 14, 41).
cost(19, 15, 46).
cost(19, 16, 66).
cost(19, 17, 38).
cost(19, 18, 25).
cost(19, 20, 52).
cost(20, 1, 13).
cost(20, 2, 70).
cost(20, 3, 68).
cost(20, 4, 44).
cost(20, 5, 27).
cost(20, 6, 10).
cost(20, 7, 16).
cost(20, 8, 47).
cost(20, 9, 10).
cost(20, 10, 43).
cost(20, 11, 33).
cost(20, 12, 73).
cost(20, 13, 53).
cost(20, 14, 41).
cost(20, 15, 27).
cost(20, 16, 58).
cost(20, 17, 37).
cost(20, 18, 56).
cost(20, 19, 52).
