dimension(20).
point(1, 39.4066936736, 95.6577042176).
point(2, 24.2425827298, 30.1864296809).
point(3, 54.411557494, 75.178089883).
point(4, 84.4064423827, 11.6193664303).
point(5, 12.5587791184, 32.685382021).
point(6, 91.0086268902, 52.4891433025).
point(7, 83.6463040552, 4.5553371739).
point(8, 66.4516306399, 24.8809295777).
point(9, 60.5522119416, 90.2385728677).
point(10, 3.7370953244, 33.5489464056).
point(11, 24.2840554611, 50.9606027504).
point(12, 22.0320565952, 58.360153386).
point(13, 74.1413742031, 55.2186096294).
point(14, 21.9856798146, 29.5065464494).
point(15, 69.2285781433, 90.7736678447).
point(16, 44.163149721, 59.2612889571).
point(17, 74.419292131, 77.2568694186).
point(18, 89.4777929335, 9.9962174504).
point(19, 33.8438456907, 63.5387190134).
point(20, 80.9120867418, 51.8413212451).
cost(1, 2, 67).
cost(1, 3, 25).
cost(1, 4, 95).
cost(1, 5, 68).
cost(1, 6, 67).
cost(1, 7, 101).
cost(1, 8, 76).
cost(1, 9, 22).
cost(1, 10, 72).
cost(1, 11, 47).
cost(1, 12, 41).
cost(1, 13, 53).
cost(1, 14, 68).
cost(1, 15, 30).
cost(1, 16, 37).
cost(1, 17, 40).
cost(1, 18, 99).
cost(1, 19, 33).
cost(1, 20, 60).
cost(2, 1, 67).
cost(2, 3, 54).
cost(2, 4, 63).
cost(2, 5, 12).
cost(2, 6, 70).
cost(2, 7, 65).
cost(2, 8, 43).
cost(2, 9, 70).
cost(2, 10, 21).
cost(2, 11, 21).
cost(2, 12, 28).
cost(2, 13, 56).
cost(2, 14, 2).
cost(2, 15, 75).
cost(2, 16, 35).
cost(2, 17, 69).
cost(2, 18, 68).
cost(2, 19, 35).
cost(2, 20, 61).
cost(3, 1, 25).
cost(3, 2, 54).
cost(3, 4, 70).
cost(3, 5, 60).
cost(3, 6, 43).
cost(3, 7, 76).
cost(3, 8, 52).
cost(3, 9, 16).
cost(3, 10, 66).
cost(3, 11, 39).
cost(3, 12, 36).
cost(3, 13, 28).
cost(3, 14, 56).
cost(3, 15, 22).
cost(3, 16, 19).
cost(3, 17, 20).
cost(3, 18, 74).
cost(3, 19, 24).
cost(3, 20, 35).
cost(4, 1, 95).
cost(4, 2, 63).
cost(4, 3, 70).
cost(4, 5, 75).
cost(4, 6, 41).
cost(4, 7, 7).
cost(4, 8, 22).
cost(4, 9, 82).
cost(4, 10, 84).
cost(4, 11, 72).
cost(4, 12, 78).
cost(4, 13, 45).
cost(4, 14, 65).
cost(4, 15, 81).
cost(4, 16, 62).
cost(4, 17, 66).
cost(4, 18, 5).
cost(4, 19, 72).
cost(4, 20, 40).
cost(5, 1, 68).
cost(5, 2, 12).
cost(5, 3, 60).
cost(5, 4, 75).
cost(5, 6, 81).
cost(5, 7, 76).
cost(5, 8, 54).
cost(5, 9, 75).
cost(5, 10, 9).
cost(5, 11, 22).
cost(5, 12, 27).
cost(5, 13, 66).
cost(5, 14, 10).
cost(5, 15, 81).
cost(5, 16, 41).
cost(5, 17, 76).
cost(5, 18, 80).
cost(5, 19, 37).
cost(5, 20, 71).
cost(6, 1, 67).
cost(6, 2, 70).
cost(6, 3, 43).
cost(6, 4, 41).
cost(6, 5, 81).
cost(6, 7, 48).
cost(6, 8, 37).
cost(6, 9, 49).
cost(6, 10, 89).
cost(6, 11, 67).
cost(6, 12, 69).
cost(6, 13, 17).
cost(6, 14, 73).
cost(6, 15, 44).
cost(6, 16, 47).
cost(6, 17, 30).
cost(6, 18, 43).
cost(6, 19, 58).
cost(6, 20, 10).
cost(7, 1, 101).
cost(7, 2, 65).
cost(7, 3, 76).
cost(7, 4, 7).
cost(7, 5, 76).
cost(7, 6, 48).
cost(7, 8, 27).
cost(7, 9, 89).
cost(7, 10, 85).
cost(7, 11, 75).
cost(7, 12, 82).
cost(7, 13, 52).
cost(7, 14, 67).
cost(7, 15, 87).
cost(7, 16, 67).
cost(7, 17, 73).
cost(7, 18, 8).
cost(7, 19, 77).
cost(7, 20, 47).
cost(8, 1, 76).
cost(8, 2, 43).
cost(8, 3, 52).
cost(8, 4, 22).
cost(8, 5, 54).
cost(8, 6, 37).
cost(8, 7, 27).
cost(8, 9, 66).
cost(8, 10, 63).
cost(8, 11, 50).
cost(8, 12, 56).
cost(8, 13, 31).
cost(8, 14, 45).
cost(8, 15, 66).
cost(8, 16, 41).
cost(8, 17, 53).
cost(8, 18, 27).
cost(8, 19, 51).
cost(8, 20, 31).
cost(9, 1, 22).
cost(9, 2, 70).
cost(9, 3, 16).
cost(9, 4, 82).
cost(9, 5, 75).
cost(9, 6, 49).
cost(9, 7, 89).
cost(9, 8, 66).
cost(9, 10, 80).
cost(9, 11, 53).
cost(9, 12, 50).
cost(9, 13, 38).
cost(9, 14, 72).
cost(9, 15, 9).
cost(9, 16, 35).
cost(9, 17, 19).
cost(9, 18, 85).
cost(9, 19, 38).
cost(9, 20, 43).
cost(10, 1, 72).
cost(10, 2, 21).
cost(10, 3, 66).
cost(10, 4, 84).
cost(10, 5, 9).
cost(10, 6, 89).
cost(10, 7, 85).
cost(10, 8, 63).
cost(10, 9, 80).
cost(10, 11, 27).
cost(10, 12, 31).
cost(10, 13, 74).
cost(10, 14, 19).
cost(10, 15, 87).
cost(10, 16, 48).
cost(10, 17, 83).
cost(10, 18, 89).
cost(10, 19, 42).
cost(10, 20, 79).
cost(11, 1, 47).
cost(11, 2, 21).
cost(11, 3, 39).
cost(11, 4, 72).
cost(11, 5, 22).
cost(11, 6, 67).
cost(11, 7, 75).
cost(11, 8, 50).
cost(11, 9, 53).
cost(11, 10, 27).
cost(11, 12, 8).
cost(11, 13, 50).
cost(11, 14, 22).
cost(11, 15, 60).
cost(11, 16, 22).
cost(11, 17, 57).
cost(11, 18, 77).
cost(11, 19, 16).
cost(11, 20, 57).
cost(12, 1, 41).
cost(12, 2, 28).
cost(12, 3, 36).
cost(12, 4, 78).
cost(12, 5, 27).
cost(12, 6, 69).
cost(12, 7, 82).
cost(12, 8, 56).
cost(12, 9, 50).
cost(12, 10, 31).
cost(12, 11, 8).
cost(12, 13, 52).
cost(12, 14, 29).
cost(12, 15, 57).
cost(12, 16, 22).
cost(12, 17, 56).
cost(12, 18, 83).
cost(12, 19, 13).
cost(12, 20, 59).
cost(13, 1, 53).
cost(13, 2, 56).
cost(13, 3, 28).
cost(13, 4, 45).
cost(13, 5, 66).
cost(13, 6, 17).
cost(13, 7, 52).
cost(13, 8, 31).
cost(13, 9, 38).
cost(13, 10, 74).
cost(13, 11, 50).
cost(13, 12, 52).
cost(13, 14, 58).
cost(13, 15, 36).
cost(13, 16, 30).
cost(13, 17, 22).
cost(13, 18, 48).
cost(13, 19, 41).
cost(13, 20, 8).
cost(14, 1, 68).
cost(14, 2, 2).
cost(14, 3, 56).
cost(14, 4, 65).
cost(14, 5, 10).
cost(14, 6, 73).
cost(14, 7, 67).
cost(14, 8, 45).
cost(14, 9, 72).
cost(14, 10, 19).
cost(14, 11, 22).
cost(14, 12, 29).
cost(14, 13, 58).
cost(14, 15, 77).
cost(14, 16, 37).
cost(14, 17, 71).
cost(14, 18, 70).
cost(14, 19, 36).
cost(14, 20, 63).
cost(15, 1, 30).
cost(15, 2, 75).
cost(15, 3, 22).
cost(15, 4, 81).
cost(15, 5, 81).
cost(15, 6, 44).
cost(15, 7, 87).
cost(15, 8, 66).
cost(15, 9, 9).
cost(15, 10, 87).
cost(15, 11, 60).
cost(15, 12, 57).
cost(15, 13, 36).
cost(15, 14, 77).
cost(15, 16, 40).
cost(15, 17, 14).
cost(15, 18, 83).
cost(15, 19, 45).
cost(15, 20, 41).
cost(16, 1, 37).
cost(16, 2, 35).
cost(16, 3, 19).
cost(16, 4, 62).
cost(16, 5, 41).
cost(16, 6, 47).
cost(16, 7, 67).
cost(16, 8, 41).
cost(16, 9, 35).
cost(16, 10, 48).
cost(16, 11, 22).
cost(16, 12, 22).
cost(16, 13, 30).
cost(16, 14, 37).
cost(16, 15, 40).
cost(16, 17, 35).
cost(16, 18, 67).
cost(16, 19, 11).
cost(16, 20, 37).
cost(17, 1, 40).
cost(17, 2, 69).
cost(17, 3, 20).
cost(17, 4, 66).
cost(17, 5, 76).
cost(17, 6, 30).
cost(17, 7, 73).
cost(17, 8, 53).
cost(17, 9, 19).
cost(17, 10, 83).
cost(17, 11, 57).
cost(17, 12, 56).
cost(17, 13, 22).
cost(17, 14, 71).
cost(17, 15, 14).
cost(17, 16, 35).
cost(17, 18, 69).
cost(17, 19, 43).
cost(17, 20, 26).
cost(18, 1, 99).
cost(18, 2, 68).
cost(18, 3, 74).
cost(18, 4, 5).
cost(18, 5, 80).
cost(18, 6, 43).
cost(18, 7, 8).
cost(18, 8, 27).
cost(18, 9, 85).
cost(18, 10, 89).
cost(18, 11, 77).
cost(18, 12, 83).
cost(18, 13, 48).
cost(18, 14, 70).
cost(18, 15, 83).
cost(18, 16, 67).
cost(18, 17, 69).
cost(18, 19, 77).
cost(18, 20, 43).
cost(19, 1, 33).
cost(19, 2, 35).
cost(19, 3, 24).
cost(19, 4, 72).
cost(19, 5, 37).
cost(19, 6, 58).
cost(19, 7, 77).
cost(19, 8, 51).
cost(19, 9, 38).
cost(19, 10, 42).
cost(19, 11, 16).
cost(19, 12, 13).
cost(19, 13, 41).
cost(19, 14, 36).
cost(19, 15, 45).
cost(19, 16, 11).
cost(19, 17, 43).
cost(19, 18, 77).
cost(19, 20, 48).
cost(20, 1, 60).
cost(20, 2, 61).
cost(20, 3, 35).
cost(20, 4, 40).
cost(20, 5, 71).
cost(20, 6, 10).
cost(20, 7, 47).
cost(20, 8, 31).
cost(20, 9, 43).
cost(20, 10, 79).
cost(20, 11, 57).
cost(20, 12, 59).
cost(20, 13, 8).
cost(20, 14, 63).
cost(20, 15, 41).
cost(20, 16, 37).
cost(20, 17, 26).
cost(20, 18, 43).
cost(20, 19, 48).
