dimension(20).
point(1, 64.1414372393, 96.7874942586).
point(2, 86.6100554194, 90.7200855052).
point(3, 24.4986218698, 8.6383262756).
point(4, 22.3544287729, 24.9383384022).
point(5, 74.6836514369, 71.3726556354).
point(6, 91.559906007, 34.7905632014).
point(7, 88.3428469353, 37.6309435318).
point(8, 75.9512228314, 94.4755792945).
point(9, 37.3928911463, 14.6811510292).
point(10, 4.0894339173, 36.319113098).
point(11, 69.6594151218, 53.2901345898).
point(12, 85.5877330849, 25.9654551775).
point(13, 5.4679479989, 61.8640017133).
point(14, 41.9709979601, 70.8242904147).
point(15, 55.3721059989, 9.1468762657).
point(16, 42.3096584311, 81.7092788761).
point(17, 32.2651597446, 32.8257980084).
point(18, 45.838455827, 3.3879309348).
point(19, 44.2119301569, 98.7097281829).
point(20, 65.2223928495, 72.3951371377).
cost(1, 2, 23).
cost(1, 3, 97).
cost(1, 4, 83).
cost(1, 5, 28).
cost(1, 6, 68).
cost(1, 7, 64).
cost(1, 8, 12).
cost(1, 9, 86).
cost(1, 10, 85).
cost(1, 11, 44).
cost(1, 12, 74).
cost(1, 13, 68).
cost(1, 14, 34).
cost(1, 15, 88).
cost(1, 16, 27).
cost(1, 17, 71).
cost(1, 18, 95).
cost(1, 19, 20).
cost(1, 20, 24).
cost(2, 1, 23).
cost(2, 3, 103).
cost(2, 4, 92).
cost(2, 5, 23).
cost(2, 6, 56).
cost(2, 7, 53).
cost(2, 8, 11).
cost(2, 9, 91).
cost(2, 10, 99).
cost(2, 11, 41).
cost(2, 12, 65).
cost(2, 13, 86).
cost(2, 14, 49).
cost(2, 15, 87).
cost(2, 16, 45).
cost(2, 17, 79).
cost(2, 18, 96).
cost(2, 19, 43).
cost(2, 20, 28).
cost(3, 1, 97).
cost(3, 2, 103).
cost(3, 4, 16).
cost(3, 5, 80).
cost(3, 6, 72).
cost(3, 7, 70).
cost(3, 8, 100).
cost(3, 9, 14).
cost(3, 10, 34).
cost(3, 11, 64).
cost(3, 12, 63).
cost(3, 13, 57).
cost(3, 14, 65).
cost(3, 15, 31).
cost(3, 16, 75).
cost(3, 17, 25).
cost(3, 18, 22).
cost(3, 19, 92).
cost(3, 20, 76).
cost(4, 1, 83).
cost(4, 2, 92).
cost(4, 3, 16).
cost(4, 5, 70).
cost(4, 6, 70).
cost(4, 7, 67).
cost(4, 8, 88).
cost(4, 9, 18).
cost(4, 10, 22).
cost(4, 11, 55).
cost(4, 12, 63).
cost(4, 13, 41).
cost(4, 14, 50).
cost(4, 15, 37).
cost(4, 16, 60).
cost(4, 17, 13).
cost(4, 18, 32).
cost(4, 19, 77).
cost(4, 20, 64).
cost(5, 1, 28).
cost(5, 2, 23).
cost(5, 3, 80).
cost(5, 4, 70).
cost(5, 6, 40).
cost(5, 7, 36).
cost(5, 8, 23).
cost(5, 9, 68).
cost(5, 10, 79).
cost(5, 11, 19).
cost(5, 12, 47).
cost(5, 13, 70).
cost(5, 14, 33).
cost(5, 15, 65).
cost(5, 16, 34).
cost(5, 17, 57).
cost(5, 18, 74).
cost(5, 19, 41).
cost(5, 20, 10).
cost(6, 1, 68).
cost(6, 2, 56).
cost(6, 3, 72).
cost(6, 4, 70).
cost(6, 5, 40).
cost(6, 7, 4).
cost(6, 8, 62).
cost(6, 9, 58).
cost(6, 10, 87).
cost(6, 11, 29).
cost(6, 12, 11).
cost(6, 13, 90).
cost(6, 14, 61).
cost(6, 15, 44).
cost(6, 16, 68).
cost(6, 17, 59).
cost(6, 18, 55).
cost(6, 19, 80).
cost(6, 20, 46).
cost(7, 1, 64).
cost(7, 2, 53).
cost(7, 3, 70).
cost(7, 4, 67).
cost(7, 5, 36).
cost(7, 6, 4).
cost(7, 8, 58).
cost(7, 9, 56).
cost(7, 10, 84).
cost(7, 11, 24).
cost(7, 12, 12).
cost(7, 13, 86).
cost(7, 14, 57).
cost(7, 15, 44).
cost(7, 16, 64).
cost(7, 17, 56).
cost(7, 18, 55).
cost(7, 19, 75).
cost(7, 20, 42).
cost(8, 1, 12).
cost(8, 2, 11).
cost(8, 3, 100).
cost(8, 4, 88).
cost(8, 5, 23).
cost(8, 6, 62).
cost(8, 7, 58).
cost(8, 9, 89).
cost(8, 10, 92).
cost(8, 11, 42).
cost(8, 12, 69).
cost(8, 13, 78).
cost(8, 14, 41).
cost(8, 15, 88).
cost(8, 16, 36).
cost(8, 17, 76).
cost(8, 18, 96).
cost(8, 19, 32).
cost(8, 20, 25).
cost(9, 1, 86).
cost(9, 2, 91).
cost(9, 3, 14).
cost(9, 4, 18).
cost(9, 5, 68).
cost(9, 6, 58).
cost(9, 7, 56).
cost(9, 8, 89).
cost(9, 10, 40).
cost(9, 11, 50).
cost(9, 12, 49).
cost(9, 13, 57).
cost(9, 14, 56).
cost(9, 15, 19).
cost(9, 16, 67).
cost(9, 17, 19).
cost(9, 18, 14).
cost(9, 19, 84).
cost(9, 20, 64).
cost(10, 1, 85).
cost(10, 2, 99).
cost(10, 3, 34).
cost(10, 4, 22).
cost(10, 5, 79).
cost(10, 6, 87).
cost(10, 7, 84).
cost(10, 8, 92).
cost(10, 9, 40).
cost(10, 11, 68).
cost(10, 12, 82).
cost(10, 13, 26).
cost(10, 14, 51).
cost(10, 15, 58).
cost(10, 16, 59).
cost(10, 17, 28).
cost(10, 18, 53).
cost(10, 19, 74).
cost(10, 20, 71).
cost(11, 1, 44).
cost(11, 2, 41).
cost(11, 3, 64).
cost(11, 4, 55).
cost(11, 5, 19).
cost(11, 6, 29).
cost(11, 7, 24).
cost(11, 8, 42).
cost(11, 9, 50).
cost(11, 10, 68).
cost(11, 12, 32).
cost(11, 13, 65).
cost(11, 14, 33).
cost(11, 15, 46).
cost(11, 16, 39).
cost(11, 17, 43).
cost(11, 18, 55).
cost(11, 19, 52).
cost(11, 20, 20).
cost(12, 1, 74).
cost(12, 2, 65).
cost(12, 3, 63).
cost(12, 4, 63).
cost(12, 5, 47).
cost(12, 6, 11).
cost(12, 7, 12).
cost(12, 8, 69).
cost(12, 9, 49).
cost(12, 10, 82).
cost(12, 11, 32).
cost(12, 13, 88).
cost(12, 14, 63).
cost(12, 15, 35).
cost(12, 16, 71).
cost(12, 17, 54).
cost(12, 18, 46).
cost(12, 19, 84).
cost(12, 20, 51).
cost(13, 1, 68).
cost(13, 2, 86).
cost(13, 3, 57).
cost(13, 4, 41).
cost(13, 5, 70).
cost(13, 6, 90).
cost(13, 7, 86).
cost(13, 8, 78).
cost(13, 9, 57).
cost(13, 10, 26).
cost(13, 11, 65).
cost(13, 12, 88).
cost(13, 14, 38).
cost(13, 15, 73).
cost(13, 16, 42).
cost(13, 17, 40).
cost(13, 18, 71).
cost(13, 19, 53).
cost(13, 20, 61).
cost(14, 1, 34).
cost(14, 2, 49).
cost(14, 3, 65).
cost(14, 4, 50).
cost(14, 5, 33).
cost(14, 6, 61).
cost(14, 7, 57).
cost(14, 8, 41).
cost(14, 9, 56).
cost(14, 10, 51).
cost(14, 11, 33).
cost(14, 12, 63).
cost(14, 13, 38).
cost(14, 15, 63).
cost(14, 16, 11).
cost(14, 17, 39).
cost(14, 18, 68).
cost(14, 19, 28).
cost(14, 20, 23).
cost(15, 1, 88).
cost(15, 2, 87).
cost(15, 3, 31).
cost(15, 4, 37).
cost(15, 5, 65).
cost(15, 6, 44).
cost(15, 7, 44).
cost(15, 8, 88).
cost(15, 9, 19).
cost(15, 10, 58).
cost(15, 11, 46).
cost(15, 12, 35).
cost(15, 13, 73).
cost(15, 14, 63).
cost(15, 16, 74).
cost(15, 17, 33).
cost(15, 18, 11).
cost(15, 19, 90).
cost(15, 20, 64).
cost(16, 1, 27).
cost(16, 2, 45).
cost(16, 3, 75).
cost(16, 4, 60).
cost(16, 5, 34).
cost(16, 6, 68).
cost(16, 7, 64).
cost(16, 8, 36).
cost(16, 9, 67).
cost(16, 10, 59).
cost(16, 11, 39).
cost(16, 12, 71).
cost(16, 13, 42).
cost(16, 14, 11).
cost(16, 15, 74).
cost(16, 17, 50).
cost(16, 18, 78).
cost(16, 19, 17).
cost(16, 20, 25).
cost(17, 1, 71).
cost(17, 2, 79).
cost(17, 3, 25).
cost(17, 4, 13).
cost(17, 5, 57).
cost(17, 6, 59).
cost(17, 7, 56).
cost(17, 8, 76).
cost(17, 9, 19).
cost(17, 10, 28).
cost(17, 11, 43).
cost(17, 12, 54).
cost(17, 13, 40).
cost(17, 14, 39).
cost(17, 15, 33).
cost(17, 16, 50).
cost(17, 18, 32).
cost(17, 19, 67).
cost(17, 20, 51).
cost(18, 1, 95).
cost(18, 2, 96).
cost(18, 3, 22).
cost(18, 4, 32).
cost(18, 5, 74).
cost(18, 6, 55).
cost(18, 7, 55).
cost(18, 8, 96).
cost(18, 9, 14).
cost(18, 10, 53).
cost(18, 11, 55).
cost(18, 12, 46).
cost(18, 13, 71).
cost(18, 14, 68).
cost(18, 15, 11).
cost(18, 16, 78).
cost(18, 17, 32).
cost(18, 19, 95).
cost(18, 20, 72).
cost(19, 1, 20).
cost(19, 2, 43).
cost(19, 3, 92).
cost(19, 4, 77).
cost(19, 5, 41).
cost(19, 6, 80).
cost(19, 7, 75).
cost(19, 8, 32).
cost(19, 9, 84).
cost(19, 10, 74).
cost(19, 11, 52).
cost(19, 12, 84).
cost(19, 13, 53).
cost(19, 14, 28).
cost(19, 15, 90).
cost(19, 16, 17).
cost(19, 17, 67).
cost(19, 18, 95).
cost(19, 20, 34).
cost(20, 1, 24).
cost(20, 2, 28).
cost(20, 3, 76).
cost(20, 4, 64).
cost(20, 5, 10).
cost(20, 6, 46).
cost(20, 7, 42).
cost(20, 8, 25).
cost(20, 9, 64).
cost(20, 10, 71).
cost(20, 11, 20).
cost(20, 12, 51).
cost(20, 13, 61).
cost(20, 14, 23).
cost(20, 15, 64).
cost(20, 16, 25).
cost(20, 17, 51).
cost(20, 18, 72).
cost(20, 19, 34).
