dimension(20).
point(1, 26.3721408853, 75.6516897195).
point(2, 68.7182440081, 33.9239900506).
point(3, 46.9377856221, 86.8706371417).
point(4, 9.0782046037, 10.5915045724).
point(5, 91.4984249407, 39.6970217809).
point(6, 89.4895856381, 48.2535989136).
point(7, 7.4403129573, 12.0595122889).
point(8, 76.1536348599, 32.5529088912).
point(9, 43.3017314853, 94.6481189381).
point(10, 58.9274515024, 20.1391986782).
point(11, 59.1555830602, 11.4058534447).
point(12, 12.7098879281, 21.1381362297).
point(13, 58.0276908928, 80.9722732344).
point(14, 25.7174369639, 87.9773137922).
point(15, 39.9195965829, 63.7017315184).
point(16, 83.0973512333, 55.9119948282).
point(17, 93.9932478518, 69.8823370409).
point(18, 30.2834385991, 50.7062646772).
point(19, 42.2247604225, 72.2943369842).
point(20, 5.2520706118, 13.2046760415).
cost(1, 2, 59).
cost(1, 3, 23).
cost(1, 4, 67).
cost(1, 5, 74).
cost(1, 6, 69).
cost(1, 7, 66).
cost(1, 8, 66).
cost(1, 9, 25).
cost(1, 10, 64).
cost(1, 11, 72).
cost(1, 12, 56).
cost(1, 13, 32).
cost(1, 14, 12).
cost(1, 15, 18).
cost(1, 16, 60).
cost(1, 17, 68).
cost(1, 18, 25).
cost(1, 19, 16).
cost(1, 20, 66).
cost(2, 1, 59).
cost(2, 3, 57).
cost(2, 4, 64).
cost(2, 5, 24).
cost(2, 6, 25).
cost(2, 7, 65).
cost(2, 8, 8).
cost(2, 9, 66).
cost(2, 10, 17).
cost(2, 11, 24).
cost(2, 12, 57).
cost(2, 13, 48).
cost(2, 14, 69).
cost(2, 15, 41).
cost(2, 16, 26).
cost(2, 17, 44).
cost(2, 18, 42).
cost(2, 19, 47).
cost(2, 20, 67).
cost(3, 1, 23).
cost(3, 2, 57).
cost(3, 4, 85).
cost(3, 5, 65).
cost(3, 6, 57).
cost(3, 7, 85).
cost(3, 8, 62).
cost(3, 9, 9).
cost(3, 10, 68).
cost(3, 11, 76).
cost(3, 12, 74).
cost(3, 13, 13).
cost(3, 14, 21).
cost(3, 15, 24).
cost(3, 16, 48).
cost(3, 17, 50).
cost(3, 18, 40).
cost(3, 19, 15).
cost(3, 20, 85).
cost(4, 1, 67).
cost(4, 2, 64).
cost(4, 3, 85).
cost(4, 5, 87).
cost(4, 6, 89).
cost(4, 7, 2).
cost(4, 8, 71).
cost(4, 9, 91).
cost(4, 10, 51).
cost(4, 11, 50).
cost(4, 12, 11).
cost(4, 13, 86).
cost(4, 14, 79).
cost(4, 15, 61).
cost(4, 16, 87).
cost(4, 17, 104).
cost(4, 18, 45).
cost(4, 19, 70).
cost(4, 20, 5).
cost(5, 1, 74).
cost(5, 2, 24).
cost(5, 3, 65).
cost(5, 4, 87).
cost(5, 6, 9).
cost(5, 7, 88).
cost(5, 8, 17).
cost(5, 9, 73).
cost(5, 10, 38).
cost(5, 11, 43).
cost(5, 12, 81).
cost(5, 13, 53).
cost(5, 14, 82).
cost(5, 15, 57).
cost(5, 16, 18).
cost(5, 17, 30).
cost(5, 18, 62).
cost(5, 19, 59).
cost(5, 20, 90).
cost(6, 1, 69).
cost(6, 2, 25).
cost(6, 3, 57).
cost(6, 4, 89).
cost(6, 5, 9).
cost(6, 7, 90).
cost(6, 8, 21).
cost(6, 9, 65).
cost(6, 10, 42).
cost(6, 11, 48).
cost(6, 12, 81).
cost(6, 13, 45).
cost(6, 14, 75).
cost(6, 15, 52).
cost(6, 16, 10).
cost(6, 17, 22).
cost(6, 18, 59).
cost(6, 19, 53).
cost(6, 20, 91).
cost(7, 1, 66).
cost(7, 2, 65).
cost(7, 3, 85).
cost(7, 4, 2).
cost(7, 5, 88).
cost(7, 6, 90).
cost(7, 8, 72).
cost(7, 9, 90).
cost(7, 10, 52).
cost(7, 11, 52).
cost(7, 12, 10).
cost(7, 13, 85).
cost(7, 14, 78).
cost(7, 15, 61).
cost(7, 16, 87).
cost(7, 17, 104).
cost(7, 18, 45).
cost(7, 19, 70).
cost(7, 20, 2).
cost(8, 1, 66).
cost(8, 2, 8).
cost(8, 3, 62).
cost(8, 4, 71).
cost(8, 5, 17).
cost(8, 6, 21).
cost(8, 7, 72).
cost(8, 9, 70).
cost(8, 10, 21).
cost(8, 11, 27).
cost(8, 12, 64).
cost(8, 13, 52).
cost(8, 14, 75).
cost(8, 15, 48).
cost(8, 16, 24).
cost(8, 17, 41).
cost(8, 18, 49).
cost(8, 19, 52).
cost(8, 20, 73).
cost(9, 1, 25).
cost(9, 2, 66).
cost(9, 3, 9).
cost(9, 4, 91).
cost(9, 5, 73).
cost(9, 6, 65).
cost(9, 7, 90).
cost(9, 8, 70).
cost(9, 10, 76).
cost(9, 11, 85).
cost(9, 12, 80).
cost(9, 13, 20).
cost(9, 14, 19).
cost(9, 15, 31).
cost(9, 16, 56).
cost(9, 17, 56).
cost(9, 18, 46).
cost(9, 19, 22).
cost(9, 20, 90).
cost(10, 1, 64).
cost(10, 2, 17).
cost(10, 3, 68).
cost(10, 4, 51).
cost(10, 5, 38).
cost(10, 6, 42).
cost(10, 7, 52).
cost(10, 8, 21).
cost(10, 9, 76).
cost(10, 11, 9).
cost(10, 12, 46).
cost(10, 13, 61).
cost(10, 14, 76).
cost(10, 15, 48).
cost(10, 16, 43).
cost(10, 17, 61).
cost(10, 18, 42).
cost(10, 19, 55).
cost(10, 20, 54).
cost(11, 1, 72).
cost(11, 2, 24).
cost(11, 3, 76).
cost(11, 4, 50).
cost(11, 5, 43).
cost(11, 6, 48).
cost(11, 7, 52).
cost(11, 8, 27).
cost(11, 9, 85).
cost(11, 10, 9).
cost(11, 12, 47).
cost(11, 13, 70).
cost(11, 14, 84).
cost(11, 15, 56).
cost(11, 16, 51).
cost(11, 17, 68).
cost(11, 18, 49).
cost(11, 19, 63).
cost(11, 20, 54).
cost(12, 1, 56).
cost(12, 2, 57).
cost(12, 3, 74).
cost(12, 4, 11).
cost(12, 5, 81).
cost(12, 6, 81).
cost(12, 7, 10).
cost(12, 8, 64).
cost(12, 9, 80).
cost(12, 10, 46).
cost(12, 11, 47).
cost(12, 13, 75).
cost(12, 14, 68).
cost(12, 15, 51).
cost(12, 16, 79).
cost(12, 17, 95).
cost(12, 18, 34).
cost(12, 19, 59).
cost(12, 20, 11).
cost(13, 1, 32).
cost(13, 2, 48).
cost(13, 3, 13).
cost(13, 4, 86).
cost(13, 5, 53).
cost(13, 6, 45).
cost(13, 7, 85).
cost(13, 8, 52).
cost(13, 9, 20).
cost(13, 10, 61).
cost(13, 11, 70).
cost(13, 12, 75).
cost(13, 14, 33).
cost(13, 15, 25).
cost(13, 16, 35).
cost(13, 17, 38).
cost(13, 18, 41).
cost(13, 19, 18).
cost(13, 20, 86).
cost(14, 1, 12).
cost(14, 2, 69).
cost(14, 3, 21).
cost(14, 4, 79).
cost(14, 5, 82).
cost(14, 6, 75).
cost(14, 7, 78).
cost(14, 8, 75).
cost(14, 9, 19).
cost(14, 10, 76).
cost(14, 11, 84).
cost(14, 12, 68).
cost(14, 13, 33).
cost(14, 15, 28).
cost(14, 16, 66).
cost(14, 17, 71).
cost(14, 18, 38).
cost(14, 19, 23).
cost(14, 20, 78).
cost(15, 1, 18).
cost(15, 2, 41).
cost(15, 3, 24).
cost(15, 4, 61).
cost(15, 5, 57).
cost(15, 6, 52).
cost(15, 7, 61).
cost(15, 8, 48).
cost(15, 9, 31).
cost(15, 10, 48).
cost(15, 11, 56).
cost(15, 12, 51).
cost(15, 13, 25).
cost(15, 14, 28).
cost(15, 16, 44).
cost(15, 17, 54).
cost(15, 18, 16).
cost(15, 19, 9).
cost(15, 20, 61).
cost(16, 1, 60).
cost(16, 2, 26).
cost(16, 3, 48).
cost(16, 4, 87).
cost(16, 5, 18).
cost(16, 6, 10).
cost(16, 7, 87).
cost(16, 8, 24).
cost(16, 9, 56).
cost(16, 10, 43).
cost(16, 11, 51).
cost(16, 12, 79).
cost(16, 13, 35).
cost(16, 14, 66).
cost(16, 15, 44).
cost(16, 17, 18).
cost(16, 18, 53).
cost(16, 19, 44).
cost(16, 20, 89).
cost(17, 1, 68).
cost(17, 2, 44).
cost(17, 3, 50).
cost(17, 4, 104).
cost(17, 5, 30).
cost(17, 6, 22).
cost(17, 7, 104).
cost(17, 8, 41).
cost(17, 9, 56).
cost(17, 10, 61).
cost(17, 11, 68).
cost(17, 12, 95).
cost(17, 13, 38).
cost(17, 14, 71).
cost(17, 15, 54).
cost(17, 16, 18).
cost(17, 18, 67).
cost(17, 19, 52).
cost(17, 20, 105).
cost(18, 1, 25).
cost(18, 2, 42).
cost(18, 3, 40).
cost(18, 4, 45).
cost(18, 5, 62).
cost(18, 6, 59).
cost(18, 7, 45).
cost(18, 8, 49).
cost(18, 9, 46).
cost(18, 10, 42).
cost(18, 11, 49).
cost(18, 12, 34).
cost(18, 13, 41).
cost(18, 14, 38).
cost(18, 15, 16).
cost(18, 16, 53).
cost(18, 17, 67).
cost(18, 19, 25).
cost(18, 20, 45).
cost(19, 1, 16).
cost(19, 2, 47).
cost(19, 3, 15).
cost(19, 4, 70).
cost(19, 5, 59).
cost(19, 6, 53).
cost(19, 7, 70).
cost(19, 8, 52).
cost(19, 9, 22).
cost(19, 10, 55).
cost(19, 11, 63).
cost(19, 12, 59).
cost(19, 13, 18).
cost(19, 14, 23).
cost(19, 15, 9).
cost(19, 16, 44).
cost(19, 17, 52).
cost(19, 18, 25).
cost(19, 20, 70).
cost(20, 1, 66).
cost(20, 2, 67).
cost(20, 3, 85).
cost(20, 4, 5).
cost(20, 5, 90).
cost(20, 6, 91).
cost(20, 7, 2).
cost(20, 8, 73).
cost(20, 9, 90).
cost(20, 10, 54).
cost(20, 11, 54).
cost(20, 12, 11).
cost(20, 13, 86).
cost(20, 14, 78).
cost(20, 15, 61).
cost(20, 16, 89).
cost(20, 17, 105).
cost(20, 18, 45).
cost(20, 19, 70).
