dimension(20).
point(1, 18.4537553938, 78.081013208).
point(2, 72.5402414913, 84.7253559744).
point(3, 79.7500329124, 28.4156120932).
point(4, 31.7776414992, 20.6916915074).
point(5, 13.6571247936, 40.4640227958).
point(6, 80.2703071255, 70.2569045279).
point(7, 37.4582342772, 51.0432337197).
point(8, 85.7175972282, 96.3519116278).
point(9, 75.4064999351, 19.1767936342).
point(10, 13.6763364279, 83.2383366789).
point(11, 25.6622931119, 49.714204282).
point(12, 46.8947868871, 4.8217393002).
point(13, 27.2379672838, 41.1443709646).
point(14, 51.5499658948, 3.5824099805).
point(15, 32.5439476571, 1.3672954734).
point(16, 20.9963367336, 50.0642990291).
point(17, 30.2709826102, 63.7263941632).
point(18, 94.1622037151, 76.3727266168).
point(19, 58.0427478584, 36.1031174731).
point(20, 76.3658118026, 37.7993854275).
cost(1, 2, 54).
cost(1, 3, 79).
cost(1, 4, 59).
cost(1, 5, 38).
cost(1, 6, 62).
cost(1, 7, 33).
cost(1, 8, 70).
cost(1, 9, 82).
cost(1, 10, 7).
cost(1, 11, 29).
cost(1, 12, 79).
cost(1, 13, 38).
cost(1, 14, 82).
cost(1, 15, 78).
cost(1, 16, 28).
cost(1, 17, 19).
cost(1, 18, 76).
cost(1, 19, 58).
cost(1, 20, 71).
cost(2, 1, 54).
cost(2, 3, 57).
cost(2, 4, 76).
cost(2, 5, 74).
cost(2, 6, 16).
cost(2, 7, 49).
cost(2, 8, 18).
cost(2, 9, 66).
cost(2, 10, 59).
cost(2, 11, 59).
cost(2, 12, 84).
cost(2, 13, 63).
cost(2, 14, 84).
cost(2, 15, 92).
cost(2, 16, 62).
cost(2, 17, 47).
cost(2, 18, 23).
cost(2, 19, 51).
cost(2, 20, 47).
cost(3, 1, 79).
cost(3, 2, 57).
cost(3, 4, 49).
cost(3, 5, 67).
cost(3, 6, 42).
cost(3, 7, 48).
cost(3, 8, 68).
cost(3, 9, 10).
cost(3, 10, 86).
cost(3, 11, 58).
cost(3, 12, 40).
cost(3, 13, 54).
cost(3, 14, 38).
cost(3, 15, 54).
cost(3, 16, 63).
cost(3, 17, 61).
cost(3, 18, 50).
cost(3, 19, 23).
cost(3, 20, 10).
cost(4, 1, 59).
cost(4, 2, 76).
cost(4, 3, 49).
cost(4, 5, 27).
cost(4, 6, 69).
cost(4, 7, 31).
cost(4, 8, 93).
cost(4, 9, 44).
cost(4, 10, 65).
cost(4, 11, 30).
cost(4, 12, 22).
cost(4, 13, 21).
cost(4, 14, 26).
cost(4, 15, 19).
cost(4, 16, 31).
cost(4, 17, 43).
cost(4, 18, 84).
cost(4, 19, 30).
cost(4, 20, 48).
cost(5, 1, 38).
cost(5, 2, 74).
cost(5, 3, 67).
cost(5, 4, 27).
cost(5, 6, 73).
cost(5, 7, 26).
cost(5, 8, 91).
cost(5, 9, 65).
cost(5, 10, 43).
cost(5, 11, 15).
cost(5, 12, 49).
cost(5, 13, 14).
cost(5, 14, 53).
cost(5, 15, 43).
cost(5, 16, 12).
cost(5, 17, 29).
cost(5, 18, 88).
cost(5, 19, 45).
cost(5, 20, 63).
cost(6, 1, 62).
cost(6, 2, 16).
cost(6, 3, 42).
cost(6, 4, 69).
cost(6, 5, 73).
cost(6, 7, 47).
cost(6, 8, 27).
cost(6, 9, 51).
cost(6, 10, 68).
cost(6, 11, 58).
cost(6, 12, 73).
cost(6, 13, 60).
cost(6, 14, 73).
cost(6, 15, 84).
cost(6, 16, 63).
cost(6, 17, 50).
cost(6, 18, 15).
cost(6, 19, 41).
cost(6, 20, 33).
cost(7, 1, 33).
cost(7, 2, 49).
cost(7, 3, 48).
cost(7, 4, 31).
cost(7, 5, 26).
cost(7, 6, 47).
cost(7, 8, 66).
cost(7, 9, 50).
cost(7, 10, 40).
cost(7, 11, 12).
cost(7, 12, 47).
cost(7, 13, 14).
cost(7, 14, 50).
cost(7, 15, 50).
cost(7, 16, 16).
cost(7, 17, 15).
cost(7, 18, 62).
cost(7, 19, 25).
cost(7, 20, 41).
cost(8, 1, 70).
cost(8, 2, 18).
cost(8, 3, 68).
cost(8, 4, 93).
cost(8, 5, 91).
cost(8, 6, 27).
cost(8, 7, 66).
cost(8, 9, 78).
cost(8, 10, 73).
cost(8, 11, 76).
cost(8, 12, 99).
cost(8, 13, 80).
cost(8, 14, 99).
cost(8, 15, 109).
cost(8, 16, 80).
cost(8, 17, 64).
cost(8, 18, 22).
cost(8, 19, 66).
cost(8, 20, 59).
cost(9, 1, 82).
cost(9, 2, 66).
cost(9, 3, 10).
cost(9, 4, 44).
cost(9, 5, 65).
cost(9, 6, 51).
cost(9, 7, 50).
cost(9, 8, 78).
cost(9, 10, 89).
cost(9, 11, 58).
cost(9, 12, 32).
cost(9, 13, 53).
cost(9, 14, 29).
cost(9, 15, 46).
cost(9, 16, 63).
cost(9, 17, 63).
cost(9, 18, 60).
cost(9, 19, 24).
cost(9, 20, 19).
cost(10, 1, 7).
cost(10, 2, 59).
cost(10, 3, 86).
cost(10, 4, 65).
cost(10, 5, 43).
cost(10, 6, 68).
cost(10, 7, 40).
cost(10, 8, 73).
cost(10, 9, 89).
cost(10, 11, 36).
cost(10, 12, 85).
cost(10, 13, 44).
cost(10, 14, 88).
cost(10, 15, 84).
cost(10, 16, 34).
cost(10, 17, 26).
cost(10, 18, 81).
cost(10, 19, 65).
cost(10, 20, 77).
cost(11, 1, 29).
cost(11, 2, 59).
cost(11, 3, 58).
cost(11, 4, 30).
cost(11, 5, 15).
cost(11, 6, 58).
cost(11, 7, 12).
cost(11, 8, 76).
cost(11, 9, 58).
cost(11, 10, 36).
cost(11, 12, 50).
cost(11, 13, 9).
cost(11, 14, 53).
cost(11, 15, 49).
cost(11, 16, 5).
cost(11, 17, 15).
cost(11, 18, 74).
cost(11, 19, 35).
cost(11, 20, 52).
cost(12, 1, 79).
cost(12, 2, 84).
cost(12, 3, 40).
cost(12, 4, 22).
cost(12, 5, 49).
cost(12, 6, 73).
cost(12, 7, 47).
cost(12, 8, 99).
cost(12, 9, 32).
cost(12, 10, 85).
cost(12, 11, 50).
cost(12, 13, 41).
cost(12, 14, 5).
cost(12, 15, 15).
cost(12, 16, 52).
cost(12, 17, 61).
cost(12, 18, 86).
cost(12, 19, 33).
cost(12, 20, 44).
cost(13, 1, 38).
cost(13, 2, 63).
cost(13, 3, 54).
cost(13, 4, 21).
cost(13, 5, 14).
cost(13, 6, 60).
cost(13, 7, 14).
cost(13, 8, 80).
cost(13, 9, 53).
cost(13, 10, 44).
cost(13, 11, 9).
cost(13, 12, 41).
cost(13, 14, 45).
cost(13, 15, 40).
cost(13, 16, 11).
cost(13, 17, 23).
cost(13, 18, 76).
cost(13, 19, 31).
cost(13, 20, 49).
cost(14, 1, 82).
cost(14, 2, 84).
cost(14, 3, 38).
cost(14, 4, 26).
cost(14, 5, 53).
cost(14, 6, 73).
cost(14, 7, 50).
cost(14, 8, 99).
cost(14, 9, 29).
cost(14, 10, 88).
cost(14, 11, 53).
cost(14, 12, 5).
cost(14, 13, 45).
cost(14, 15, 19).
cost(14, 16, 56).
cost(14, 17, 64).
cost(14, 18, 84).
cost(14, 19, 33).
cost(14, 20, 42).
cost(15, 1, 78).
cost(15, 2, 92).
cost(15, 3, 54).
cost(15, 4, 19).
cost(15, 5, 43).
cost(15, 6, 84).
cost(15, 7, 50).
cost(15, 8, 109).
cost(15, 9, 46).
cost(15, 10, 84).
cost(15, 11, 49).
cost(15, 12, 15).
cost(15, 13, 40).
cost(15, 14, 19).
cost(15, 16, 50).
cost(15, 17, 62).
cost(15, 18, 97).
cost(15, 19, 43).
cost(15, 20, 57).
cost(16, 1, 28).
cost(16, 2, 62).
cost(16, 3, 63).
cost(16, 4, 31).
cost(16, 5, 12).
cost(16, 6, 63).
cost(16, 7, 16).
cost(16, 8, 80).
cost(16, 9, 63).
cost(16, 10, 34).
cost(16, 11, 5).
cost(16, 12, 52).
cost(16, 13, 11).
cost(16, 14, 56).
cost(16, 15, 50).
cost(16, 17, 17).
cost(16, 18, 78).
cost(16, 19, 40).
cost(16, 20, 57).
cost(17, 1, 19).
cost(17, 2, 47).
cost(17, 3, 61).
cost(17, 4, 43).
cost(17, 5, 29).
cost(17, 6, 50).
cost(17, 7, 15).
cost(17, 8, 64).
cost(17, 9, 63).
cost(17, 10, 26).
cost(17, 11, 15).
cost(17, 12, 61).
cost(17, 13, 23).
cost(17, 14, 64).
cost(17, 15, 62).
cost(17, 16, 17).
cost(17, 18, 65).
cost(17, 19, 39).
cost(17, 20, 53).
cost(18, 1, 76).
cost(18, 2, 23).
cost(18, 3, 50).
cost(18, 4, 84).
cost(18, 5, 88).
cost(18, 6, 15).
cost(18, 7, 62).
cost(18, 8, 22).
cost(18, 9, 60).
cost(18, 10, 81).
cost(18, 11, 74).
cost(18, 12, 86).
cost(18, 13, 76).
cost(18, 14, 84).
cost(18, 15, 97).
cost(18, 16, 78).
cost(18, 17, 65).
cost(18, 19, 54).
cost(18, 20, 42).
cost(19, 1, 58).
cost(19, 2, 51).
cost(19, 3, 23).
cost(19, 4, 30).
cost(19, 5, 45).
cost(19, 6, 41).
cost(19, 7, 25).
cost(19, 8, 66).
cost(19, 9, 24).
cost(19, 10, 65).
cost(19, 11, 35).
cost(19, 12, 33).
cost(19, 13, 31).
cost(19, 14, 33).
cost(19, 15, 43).
cost(19, 16, 40).
cost(19, 17, 39).
cost(19, 18, 54).
cost(19, 20, 18).
cost(20, 1, 71).
cost(20, 2, 47).
cost(20, 3, 10).
cost(20, 4, 48).
cost(20, 5, 63).
cost(20, 6, 33).
cost(20, 7, 41).
cost(20, 8, 59).
cost(20, 9, 19).
cost(20, 10, 77).
cost(20, 11, 52).
cost(20, 12, 44).
cost(20, 13, 49).
cost(20, 14, 42).
cost(20, 15, 57).
cost(20, 16, 57).
cost(20, 17, 53).
cost(20, 18, 42).
cost(20, 19, 18).
