dimension(20).
point(1, 56.9385836948, 76.1257701398).
point(2, 21.0176999403, 93.886296442).
point(3, 30.5180770273, 60.8960089924).
point(4, 19.5574941276, 28.2489806462).
point(5, 73.4619249603, 55.0306288281).
point(6, 28.2060557495, 82.6912156236).
point(7, 71.069178322, 47.5908958597).
point(8, 75.2558440827, 90.2633969816).
point(9, 92.0179635885, 42.4137402989).
point(10, 5.9441386024, 26.7189234872).
point(11, 71.4052896266, 51.4688682565).
point(12, 22.657683463, 16.5677717597).
point(13, 13.6148412361, 85.5233390456).
point(14, 88.7202398356, 52.9954644342).
point(15, 38.9927976749, 60.8433001103).
point(16, 43.9309779166, 91.4129392838).
point(17, 98.5352153911, 40.5418279585).
point(18, 60.5501305926, 56.0295589379).
point(19, 96.9374695687, 38.1305464743).
point(20, 42.92419608, 0.6124742059).
cost(1, 2, 40).
cost(1, 3, 30).
cost(1, 4, 61).
cost(1, 5, 27).
cost(1, 6, 29).
cost(1, 7, 32).
cost(1, 8, 23).
cost(1, 9, 49).
cost(1, 10, 71).
cost(1, 11, 29).
cost(1, 12, 69).
cost(1, 13, 44).
cost(1, 14, 39).
cost(1, 15, 24).
cost(1, 16, 20).
cost(1, 17, 55).
cost(1, 18, 20).
cost(1, 19, 55).
cost(1, 20, 77).
cost(2, 1, 40).
cost(2, 3, 34).
cost(2, 4, 66).
cost(2, 5, 65).
cost(2, 6, 13).
cost(2, 7, 68).
cost(2, 8, 54).
cost(2, 9, 88).
cost(2, 10, 69).
cost(2, 11, 66).
cost(2, 12, 77).
cost(2, 13, 11).
cost(2, 14, 79).
cost(2, 15, 38).
cost(2, 16, 23).
cost(2, 17, 94).
cost(2, 18, 55).
cost(2, 19, 94).
cost(2, 20, 96).
cost(3, 1, 30).
cost(3, 2, 34).
cost(3, 4, 34).
cost(3, 5, 43).
cost(3, 6, 22).
cost(3, 7, 43).
cost(3, 8, 54).
cost(3, 9, 64).
cost(3, 10, 42).
cost(3, 11, 42).
cost(3, 12, 45).
cost(3, 13, 30).
cost(3, 14, 59).
cost(3, 15, 8).
cost(3, 16, 33).
cost(3, 17, 71).
cost(3, 18, 30).
cost(3, 19, 70).
cost(3, 20, 62).
cost(4, 1, 61).
cost(4, 2, 66).
cost(4, 3, 34).
cost(4, 5, 60).
cost(4, 6, 55).
cost(4, 7, 55).
cost(4, 8, 83).
cost(4, 9, 74).
cost(4, 10, 14).
cost(4, 11, 57).
cost(4, 12, 12).
cost(4, 13, 58).
cost(4, 14, 73).
cost(4, 15, 38).
cost(4, 16, 68).
cost(4, 17, 80).
cost(4, 18, 50).
cost(4, 19, 78).
cost(4, 20, 36).
cost(5, 1, 27).
cost(5, 2, 65).
cost(5, 3, 43).
cost(5, 4, 60).
cost(5, 6, 53).
cost(5, 7, 8).
cost(5, 8, 35).
cost(5, 9, 22).
cost(5, 10, 73).
cost(5, 11, 4).
cost(5, 12, 64).
cost(5, 13, 67).
cost(5, 14, 15).
cost(5, 15, 35).
cost(5, 16, 47).
cost(5, 17, 29).
cost(5, 18, 13).
cost(5, 19, 29).
cost(5, 20, 62).
cost(6, 1, 29).
cost(6, 2, 13).
cost(6, 3, 22).
cost(6, 4, 55).
cost(6, 5, 53).
cost(6, 7, 55).
cost(6, 8, 48).
cost(6, 9, 75).
cost(6, 10, 60).
cost(6, 11, 53).
cost(6, 12, 66).
cost(6, 13, 15).
cost(6, 14, 67).
cost(6, 15, 24).
cost(6, 16, 18).
cost(6, 17, 82).
cost(6, 18, 42).
cost(6, 19, 82).
cost(6, 20, 83).
cost(7, 1, 32).
cost(7, 2, 68).
cost(7, 3, 43).
cost(7, 4, 55).
cost(7, 5, 8).
cost(7, 6, 55).
cost(7, 8, 43).
cost(7, 9, 22).
cost(7, 10, 68).
cost(7, 11, 4).
cost(7, 12, 57).
cost(7, 13, 69).
cost(7, 14, 18).
cost(7, 15, 35).
cost(7, 16, 52).
cost(7, 17, 28).
cost(7, 18, 13).
cost(7, 19, 28).
cost(7, 20, 55).
cost(8, 1, 23).
cost(8, 2, 54).
cost(8, 3, 54).
cost(8, 4, 83).
cost(8, 5, 35).
cost(8, 6, 48).
cost(8, 7, 43).
cost(8, 9, 51).
cost(8, 10, 94).
cost(8, 11, 39).
cost(8, 12, 91).
cost(8, 13, 62).
cost(8, 14, 40).
cost(8, 15, 47).
cost(8, 16, 31).
cost(8, 17, 55).
cost(8, 18, 37).
cost(8, 19, 56).
cost(8, 20, 95).
cost(9, 1, 49).
cost(9, 2, 88).
cost(9, 3, 64).
cost(9, 4, 74).
cost(9, 5, 22).
cost(9, 6, 75).
cost(9, 7, 22).
cost(9, 8, 51).
cost(9, 10, 87).
cost(9, 11, 23).
cost(9, 12, 74).
cost(9, 13, 89).
cost(9, 14, 11).
cost(9, 15, 56).
cost(9, 16, 69).
cost(9, 17, 7).
cost(9, 18, 34).
cost(9, 19, 7).
cost(9, 20, 64).
cost(10, 1, 71).
cost(10, 2, 69).
cost(10, 3, 42).
cost(10, 4, 14).
cost(10, 5, 73).
cost(10, 6, 60).
cost(10, 7, 68).
cost(10, 8, 94).
cost(10, 9, 87).
cost(10, 11, 70).
cost(10, 12, 20).
cost(10, 13, 59).
cost(10, 14, 87).
cost(10, 15, 48).
cost(10, 16, 75).
cost(10, 17, 94).
cost(10, 18, 62).
cost(10, 19, 92).
cost(10, 20, 45).
cost(11, 1, 29).
cost(11, 2, 66).
cost(11, 3, 42).
cost(11, 4, 57).
cost(11, 5, 4).
cost(11, 6, 53).
cost(11, 7, 4).
cost(11, 8, 39).
cost(11, 9, 23).
cost(11, 10, 70).
cost(11, 12, 60).
cost(11, 13, 67).
cost(11, 14, 17).
cost(11, 15, 34).
cost(11, 16, 48).
cost(11, 17, 29).
cost(11, 18, 12).
cost(11, 19, 29).
cost(11, 20, 58).
cost(12, 1, 69).
cost(12, 2, 77).
cost(12, 3, 45).
cost(12, 4, 12).
cost(12, 5, 64).
cost(12, 6, 66).
cost(12, 7, 57).
cost(12, 8, 91).
cost(12, 9, 74).
cost(12, 10, 20).
cost(12, 11, 60).
cost(12, 13, 70).
cost(12, 14, 75).
cost(12, 15, 47).
cost(12, 16, 78).
cost(12, 17, 80).
cost(12, 18, 55).
cost(12, 19, 77).
cost(12, 20, 26).
cost(13, 1, 44).
cost(13, 2, 11).
cost(13, 3, 30).
cost(13, 4, 58).
cost(13, 5, 67).
cost(13, 6, 15).
cost(13, 7, 69).
cost(13, 8, 62).
cost(13, 9, 89).
cost(13, 10, 59).
cost(13, 11, 67).
cost(13, 12, 70).
cost(13, 14, 82).
cost(13, 15, 35).
cost(13, 16, 31).
cost(13, 17, 96).
cost(13, 18, 55).
cost(13, 19, 96).
cost(13, 20, 90).
cost(14, 1, 39).
cost(14, 2, 79).
cost(14, 3, 59).
cost(14, 4, 73).
cost(14, 5, 15).
cost(14, 6, 67).
cost(14, 7, 18).
cost(14, 8, 40).
cost(14, 9, 11).
cost(14, 10, 87).
cost(14, 11, 17).
cost(14, 12, 75).
cost(14, 13, 82).
cost(14, 15, 50).
cost(14, 16, 59).
cost(14, 17, 16).
cost(14, 18, 28).
cost(14, 19, 17).
cost(14, 20, 70).
cost(15, 1, 24).
cost(15, 2, 38).
cost(15, 3, 8).
cost(15, 4, 38).
cost(15, 5, 35).
cost(15, 6, 24).
cost(15, 7, 35).
cost(15, 8, 47).
cost(15, 9, 56).
cost(15, 10, 48).
cost(15, 11, 34).
cost(15, 12, 47).
cost(15, 13, 35).
cost(15, 14, 50).
cost(15, 16, 31).
cost(15, 17, 63).
cost(15, 18, 22).
cost(15, 19, 62).
cost(15, 20, 60).
cost(16, 1, 20).
cost(16, 2, 23).
cost(16, 3, 33).
cost(16, 4, 68).
cost(16, 5, 47).
cost(16, 6, 18).
cost(16, 7, 52).
cost(16, 8, 31).
cost(16, 9, 69).
cost(16, 10, 75).
cost(16, 11, 48).
cost(16, 12, 78).
cost(16, 13, 31).
cost(16, 14, 59).
cost(16, 15, 31).
cost(16, 17, 75).
cost(16, 18, 39).
cost(16, 19, 75).
cost(16, 20, 91).
cost(17, 1, 55).
cost(17, 2, 94).
cost(17, 3, 71).
cost(17, 4, 80).
cost(17, 5, 29).
cost(17, 6, 82).
cost(17, 7, 28).
cost(17, 8, 55).
cost(17, 9, 7).
cost(17, 10, 94).
cost(17, 11, 29).
cost(17, 12, 80).
cost(17, 13, 96).
cost(17, 14, 16).
cost(17, 15, 63).
cost(17, 16, 75).
cost(17, 18, 41).
cost(17, 19, 3).
cost(17, 20, 68).
cost(18, 1, 20).
cost(18, 2, 55).
cost(18, 3, 30).
cost(18, 4, 50).
cost(18, 5, 13).
cost(18, 6, 42).
cost(18, 7, 13).
cost(18, 8, 37).
cost(18, 9, 34).
cost(18, 10, 62).
cost(18, 11, 12).
cost(18, 12, 55).
cost(18, 13, 55).
cost(18, 14, 28).
cost(18, 15, 22).
cost(18, 16, 39).
cost(18, 17, 41).
cost(18, 19, 41).
cost(18, 20, 58).
cost(19, 1, 55).
cost(19, 2, 94).
cost(19, 3, 70).
cost(19, 4, 78).
cost(19, 5, 29).
cost(19, 6, 82).
cost(19, 7, 28).
cost(19, 8, 56).
cost(19, 9, 7).
cost(19, 10, 92).
cost(19, 11, 29).
cost(19, 12, 77).
cost(19, 13, 96).
cost(19, 14, 17).
cost(19, 15, 62).
cost(19, 16, 75).
cost(19, 17, 3).
cost(19, 18, 41).
cost(19, 20, 66).
cost(20, 1, 77).
cost(20, 2, 96).
cost(20, 3, 62).
cost(20, 4, 36).
cost(20, 5, 62).
cost(20, 6, 83).
cost(20, 7, 55).
cost(20, 8, 95).
cost(20, 9, 64).
cost(20, 10, 45).
cost(20, 11, 58).
cost(20, 12, 26).
cost(20, 13, 90).
cost(20, 14, 70).
cost(20, 15, 60).
cost(20, 16, 91).
cost(20, 17, 68).
cost(20, 18, 58).
cost(20, 19, 66).
