dimension(20).
point(1, 41.7519569226, 79.4543755541).
point(2, 13.0229514092, 84.3161111043).
point(3, 96.9700922858, 33.4580509858).
point(4, 50.0754820247, 8.1682661179).
point(5, 29.3389003544, 65.3627760703).
point(6, 84.2275550791, 75.9278352123).
point(7, 85.1708260259, 18.1349516562).
point(8, 24.5252250072, 14.2823808453).
point(9, 68.9771863721, 89.653033808).
point(10, 68.5062066688, 50.1188719644).
point(11, 7.4734393036, 66.0684471936).
point(12, 53.0686082867, 33.4217433279).
point(13, 52.6458344533, 49.3939398805).
point(14, 51.8837369834, 14.5231442244).
point(15, 89.3204707157, 43.8899258595).
point(16, 75.3108292112, 73.376638744).
point(17, 38.9242030063, 11.9434071545).
point(18, 97.9266811488, 43.8037632976).
point(19, 24.4259224336, 33.4589074099).
point(20, 74.8632450053, 78.1348294048).
cost(1, 2, 29).
cost(1, 3, 72).
cost(1, 4, 72).
cost(1, 5, 19).
cost(1, 6, 43).
cost(1, 7, 75).
cost(1, 8, 67).
cost(1, 9, 29).
cost(1, 10, 40).
cost(1, 11, 37).
cost(1, 12, 47).
cost(1, 13, 32).
cost(1, 14, 66).
cost(1, 15, 59).
cost(1, 16, 34).
cost(1, 17, 68).
cost(1, 18, 67).
cost(1, 19, 49).
cost(1, 20, 33).
cost(2, 1, 29).
cost(2, 3, 98).
cost(2, 4, 85).
cost(2, 5, 25).
cost(2, 6, 72).
cost(2, 7, 98).
cost(2, 8, 71).
cost(2, 9, 56).
cost(2, 10, 65).
cost(2, 11, 19).
cost(2, 12, 65).
cost(2, 13, 53).
cost(2, 14, 80).
cost(2, 15, 86).
cost(2, 16, 63).
cost(2, 17, 77).
cost(2, 18, 94).
cost(2, 19, 52).
cost(2, 20, 62).
cost(3, 1, 72).
cost(3, 2, 98).
cost(3, 4, 53).
cost(3, 5, 75).
cost(3, 6, 44).
cost(3, 7, 19).
cost(3, 8, 75).
cost(3, 9, 63).
cost(3, 10, 33).
cost(3, 11, 95).
cost(3, 12, 44).
cost(3, 13, 47).
cost(3, 14, 49).
cost(3, 15, 13).
cost(3, 16, 45).
cost(3, 17, 62).
cost(3, 18, 10).
cost(3, 19, 73).
cost(3, 20, 50).
cost(4, 1, 72).
cost(4, 2, 85).
cost(4, 3, 53).
cost(4, 5, 61).
cost(4, 6, 76).
cost(4, 7, 36).
cost(4, 8, 26).
cost(4, 9, 84).
cost(4, 10, 46).
cost(4, 11, 72).
cost(4, 12, 25).
cost(4, 13, 41).
cost(4, 14, 7).
cost(4, 15, 53).
cost(4, 16, 70).
cost(4, 17, 12).
cost(4, 18, 60).
cost(4, 19, 36).
cost(4, 20, 74).
cost(5, 1, 19).
cost(5, 2, 25).
cost(5, 3, 75).
cost(5, 4, 61).
cost(5, 6, 56).
cost(5, 7, 73).
cost(5, 8, 51).
cost(5, 9, 46).
cost(5, 10, 42).
cost(5, 11, 22).
cost(5, 12, 40).
cost(5, 13, 28).
cost(5, 14, 56).
cost(5, 15, 64).
cost(5, 16, 47).
cost(5, 17, 54).
cost(5, 18, 72).
cost(5, 19, 32).
cost(5, 20, 47).
cost(6, 1, 43).
cost(6, 2, 72).
cost(6, 3, 44).
cost(6, 4, 76).
cost(6, 5, 56).
cost(6, 7, 58).
cost(6, 8, 86).
cost(6, 9, 21).
cost(6, 10, 30).
cost(6, 11, 77).
cost(6, 12, 53).
cost(6, 13, 41).
cost(6, 14, 69).
cost(6, 15, 32).
cost(6, 16, 9).
cost(6, 17, 78).
cost(6, 18, 35).
cost(6, 19, 73).
cost(6, 20, 10).
cost(7, 1, 75).
cost(7, 2, 98).
cost(7, 3, 19).
cost(7, 4, 36).
cost(7, 5, 73).
cost(7, 6, 58).
cost(7, 8, 61).
cost(7, 9, 73).
cost(7, 10, 36).
cost(7, 11, 91).
cost(7, 12, 36).
cost(7, 13, 45).
cost(7, 14, 33).
cost(7, 15, 26).
cost(7, 16, 56).
cost(7, 17, 47).
cost(7, 18, 29).
cost(7, 19, 63).
cost(7, 20, 61).
cost(8, 1, 67).
cost(8, 2, 71).
cost(8, 3, 75).
cost(8, 4, 26).
cost(8, 5, 51).
cost(8, 6, 86).
cost(8, 7, 61).
cost(8, 9, 88).
cost(8, 10, 57).
cost(8, 11, 55).
cost(8, 12, 34).
cost(8, 13, 45).
cost(8, 14, 27).
cost(8, 15, 71).
cost(8, 16, 78).
cost(8, 17, 15).
cost(8, 18, 79).
cost(8, 19, 19).
cost(8, 20, 81).
cost(9, 1, 29).
cost(9, 2, 56).
cost(9, 3, 63).
cost(9, 4, 84).
cost(9, 5, 46).
cost(9, 6, 21).
cost(9, 7, 73).
cost(9, 8, 88).
cost(9, 10, 40).
cost(9, 11, 66).
cost(9, 12, 58).
cost(9, 13, 43).
cost(9, 14, 77).
cost(9, 15, 50).
cost(9, 16, 17).
cost(9, 17, 83).
cost(9, 18, 54).
cost(9, 19, 72).
cost(9, 20, 13).
cost(10, 1, 40).
cost(10, 2, 65).
cost(10, 3, 33).
cost(10, 4, 46).
cost(10, 5, 42).
cost(10, 6, 30).
cost(10, 7, 36).
cost(10, 8, 57).
cost(10, 9, 40).
cost(10, 11, 63).
cost(10, 12, 23).
cost(10, 13, 16).
cost(10, 14, 39).
cost(10, 15, 22).
cost(10, 16, 24).
cost(10, 17, 48).
cost(10, 18, 30).
cost(10, 19, 47).
cost(10, 20, 29).
cost(11, 1, 37).
cost(11, 2, 19).
cost(11, 3, 95).
cost(11, 4, 72).
cost(11, 5, 22).
cost(11, 6, 77).
cost(11, 7, 91).
cost(11, 8, 55).
cost(11, 9, 66).
cost(11, 10, 63).
cost(11, 12, 56).
cost(11, 13, 48).
cost(11, 14, 68).
cost(11, 15, 85).
cost(11, 16, 68).
cost(11, 17, 63).
cost(11, 18, 93).
cost(11, 19, 37).
cost(11, 20, 68).
cost(12, 1, 47).
cost(12, 2, 65).
cost(12, 3, 44).
cost(12, 4, 25).
cost(12, 5, 40).
cost(12, 6, 53).
cost(12, 7, 36).
cost(12, 8, 34).
cost(12, 9, 58).
cost(12, 10, 23).
cost(12, 11, 56).
cost(12, 13, 16).
cost(12, 14, 19).
cost(12, 15, 38).
cost(12, 16, 46).
cost(12, 17, 26).
cost(12, 18, 46).
cost(12, 19, 29).
cost(12, 20, 50).
cost(13, 1, 32).
cost(13, 2, 53).
cost(13, 3, 47).
cost(13, 4, 41).
cost(13, 5, 28).
cost(13, 6, 41).
cost(13, 7, 45).
cost(13, 8, 45).
cost(13, 9, 43).
cost(13, 10, 16).
cost(13, 11, 48).
cost(13, 12, 16).
cost(13, 14, 35).
cost(13, 15, 37).
cost(13, 16, 33).
cost(13, 17, 40).
cost(13, 18, 46).
cost(13, 19, 32).
cost(13, 20, 36).
cost(14, 1, 66).
cost(14, 2, 80).
cost(14, 3, 49).
cost(14, 4, 7).
cost(14, 5, 56).
cost(14, 6, 69).
cost(14, 7, 33).
cost(14, 8, 27).
cost(14, 9, 77).
cost(14, 10, 39).
cost(14, 11, 68).
cost(14, 12, 19).
cost(14, 13, 35).
cost(14, 15, 48).
cost(14, 16, 63).
cost(14, 17, 13).
cost(14, 18, 55).
cost(14, 19, 33).
cost(14, 20, 68).
cost(15, 1, 59).
cost(15, 2, 86).
cost(15, 3, 13).
cost(15, 4, 53).
cost(15, 5, 64).
cost(15, 6, 32).
cost(15, 7, 26).
cost(15, 8, 71).
cost(15, 9, 50).
cost(15, 10, 22).
cost(15, 11, 85).
cost(15, 12, 38).
cost(15, 13, 37).
cost(15, 14, 48).
cost(15, 16, 33).
cost(15, 17, 60).
cost(15, 18, 9).
cost(15, 19, 66).
cost(15, 20, 37).
cost(16, 1, 34).
cost(16, 2, 63).
cost(16, 3, 45).
cost(16, 4, 70).
cost(16, 5, 47).
cost(16, 6, 9).
cost(16, 7, 56).
cost(16, 8, 78).
cost(16, 9, 17).
cost(16, 10, 24).
cost(16, 11, 68).
cost(16, 12, 46).
cost(16, 13, 33).
cost(16, 14, 63).
cost(16, 15, 33).
cost(16, 17, 71).
cost(16, 18, 37).
cost(16, 19, 65).
cost(16, 20, 5).
cost(17, 1, 68).
cost(17, 2, 77).
cost(17, 3, 62).
cost(17, 4, 12).
cost(17, 5, 54).
cost(17, 6, 78).
cost(17, 7, 47).
cost(17, 8, 15).
cost(17, 9, 83).
cost(17, 10, 48).
cost(17, 11, 63).
cost(17, 12, 26).
cost(17, 13, 40).
cost(17, 14, 13).
cost(17, 15, 60).
cost(17, 16, 71).
cost(17, 18, 67).
cost(17, 19, 26).
cost(17, 20, 75).
cost(18, 1, 67).
cost(18, 2, 94).
cost(18, 3, 10).
cost(18, 4, 60).
cost(18, 5, 72).
cost(18, 6, 35).
cost(18, 7, 29).
cost(18, 8, 79).
cost(18, 9, 54).
cost(18, 10, 30).
cost(18, 11, 93).
cost(18, 12, 46).
cost(18, 13, 46).
cost(18, 14, 55).
cost(18, 15, 9).
cost(18, 16, 37).
cost(18, 17, 67).
cost(18, 19, 74).
cost(18, 20, 41).
cost(19, 1, 49).
cost(19, 2, 52).
cost(19, 3, 73).
cost(19, 4, 36).
cost(19, 5, 32).
cost(19, 6, 73).
cost(19, 7, 63).
cost(19, 8, 19).
cost(19, 9, 72).
cost(19, 10, 47).
cost(19, 11, 37).
cost(19, 12, 29).
cost(19, 13, 32).
cost(19, 14, 33).
cost(19, 15, 66).
cost(19, 16, 65).
cost(19, 17, 26).
cost(19, 18, 74).
cost(19, 20, 67).
cost(20, 1, 33).
cost(20, 2, 62).
cost(20, 3, 50).
cost(20, 4, 74).
cost(20, 5, 47).
cost(20, 6, 10).
cost(20, 7, 61).
cost(20, 8, 81).
cost(20, 9, 13).
cost(20, 10, 29).
cost(20, 11, 68).
cost(20, 12, 50).
cost(20, 13, 36).
cost(20, 14, 68).
cost(20, 15, 37).
cost(20, 16, 5).
cost(20, 17, 75).
cost(20, 18, 41).
cost(20, 19, 67).
