dimension(18).
point(1, 44.3424267921, 49.0512186793).
point(2, 70.9458121855, 82.3930723119).
point(3, 82.984288504, 66.8182482147).
point(4, 85.1160964522, 80.7096892797).
point(5, 15.9638166621, 45.0819680611).
point(6, 97.5149830595, 37.3301451456).
point(7, 82.4104245678, 59.7002871291).
point(8, 90.2159247209, 88.7894342867).
point(9, 60.8872802055, 36.150720357).
point(10, 36.5576832712, 38.5471738784).
point(11, 57.5604855057, 48.9188276564).
point(12, 32.8422612888, 59.3939510176).
point(13, 48.2015990114, 29.5483322049).
point(14, 82.019257904, 79.2326019182).
point(15, 23.8399106528, 63.4087769082).
point(16, 84.3297457653, 73.3580250516).
point(17, 84.2562138829, 51.8029160172).
point(18, 36.3021472821, 55.0315111791).
cost(1, 2, 43).
cost(1, 3, 43).
cost(1, 4, 52).
cost(1, 5, 29).
cost(1, 6, 54).
cost(1, 7, 40).
cost(1, 8, 61).
cost(1, 9, 21).
cost(1, 10, 13).
cost(1, 11, 13).
cost(1, 12, 15).
cost(1, 13, 20).
cost(1, 14, 48).
cost(1, 15, 25).
cost(1, 16, 47).
cost(1, 17, 40).
cost(1, 18, 10).
cost(2, 1, 43).
cost(2, 3, 20).
cost(2, 4, 14).
cost(2, 5, 66).
cost(2, 6, 52).
cost(2, 7, 25).
cost(2, 8, 20).
cost(2, 9, 47).
cost(2, 10, 56).
cost(2, 11, 36).
cost(2, 12, 45).
cost(2, 13, 58).
cost(2, 14, 12).
cost(2, 15, 51).
cost(2, 16, 16).
cost(2, 17, 33).
cost(2, 18, 44).
cost(3, 1, 43).
cost(3, 2, 20).
cost(3, 4, 14).
cost(3, 5, 70).
cost(3, 6, 33).
cost(3, 7, 7).
cost(3, 8, 23).
cost(3, 9, 38).
cost(3, 10, 54).
cost(3, 11, 31).
cost(3, 12, 51).
cost(3, 13, 51).
cost(3, 14, 12).
cost(3, 15, 59).
cost(3, 16, 7).
cost(3, 17, 15).
cost(3, 18, 48).
cost(4, 1, 52).
cost(4, 2, 14).
cost(4, 3, 14).
cost(4, 5, 78).
cost(4, 6, 45).
cost(4, 7, 21).
cost(4, 8, 10).
cost(4, 9, 51).
cost(4, 10, 64).
cost(4, 11, 42).
cost(4, 12, 56).
cost(4, 13, 63).
cost(4, 14, 3).
cost(4, 15, 64).
cost(4, 16, 7).
cost(4, 17, 29).
cost(4, 18, 55).
cost(5, 1, 29).
cost(5, 2, 66).
cost(5, 3, 70).
cost(5, 4, 78).
cost(5, 6, 82).
cost(5, 7, 68).
cost(5, 8, 86).
cost(5, 9, 46).
cost(5, 10, 22).
cost(5, 11, 42).
cost(5, 12, 22).
cost(5, 13, 36).
cost(5, 14, 74).
cost(5, 15, 20).
cost(5, 16, 74).
cost(5, 17, 69).
cost(5, 18, 23).
cost(6, 1, 54).
cost(6, 2, 52).
cost(6, 3, 33).
cost(6, 4, 45).
cost(6, 5, 82).
cost(6, 7, 27).
cost(6, 8, 52).
cost(6, 9, 37).
cost(6, 10, 61).
cost(6, 11, 42).
cost(6, 12, 68).
cost(6, 13, 50).
cost(6, 14, 45).
cost(6, 15, 78).
cost(6, 16, 38).
cost(6, 17, 20).
cost(6, 18, 64).
cost(7, 1, 40).
cost(7, 2, 25).
cost(7, 3, 7).
cost(7, 4, 21).
cost(7, 5, 68).
cost(7, 6, 27).
cost(7, 8, 30).
cost(7, 9, 32).
cost(7, 10, 50).
cost(7, 11, 27).
cost(7, 12, 50).
cost(7, 13, 46).
cost(7, 14, 20).
cost(7, 15, 59).
cost(7, 16, 14).
cost(7, 17, 8).
cost(7, 18, 46).
cost(8, 1, 61).
cost(8, 2, 20).
cost(8, 3, 23).
cost(8, 4, 10).
cost(8, 5, 86).
cost(8, 6, 52).
cost(8, 7, 30).
cost(8, 9, 60).
cost(8, 10, 74).
cost(8, 11, 52).
cost(8, 12, 64).
cost(8, 13, 73).
cost(8, 14, 13).
cost(8, 15, 71).
cost(8, 16, 17).
cost(8, 17, 37).
cost(8, 18, 64).
cost(9, 1, 21).
cost(9, 2, 47).
cost(9, 3, 38).
cost(9, 4, 51).
cost(9, 5, 46).
cost(9, 6, 37).
cost(9, 7, 32).
cost(9, 8, 60).
cost(9, 10, 24).
cost(9, 11, 13).
cost(9, 12, 36).
cost(9, 13, 14).
cost(9, 14, 48).
cost(9, 15, 46).
cost(9, 16, 44).
cost(9, 17, 28).
cost(9, 18, 31).
cost(10, 1, 13).
cost(10, 2, 56).
cost(10, 3, 54).
cost(10, 4, 64).
cost(10, 5, 22).
cost(10, 6, 61).
cost(10, 7, 50).
cost(10, 8, 74).
cost(10, 9, 24).
cost(10, 11, 23).
cost(10, 12, 21).
cost(10, 13, 15).
cost(10, 14, 61).
cost(10, 15, 28).
cost(10, 16, 59).
cost(10, 17, 50).
cost(10, 18, 16).
cost(11, 1, 13).
cost(11, 2, 36).
cost(11, 3, 31).
cost(11, 4, 42).
cost(11, 5, 42).
cost(11, 6, 42).
cost(11, 7, 27).
cost(11, 8, 52).
cost(11, 9, 13).
cost(11, 10, 23).
cost(11, 12, 27).
cost(11, 13, 22).
cost(11, 14, 39).
cost(11, 15, 37).
cost(11, 16, 36).
cost(11, 17, 27).
cost(11, 18, 22).
cost(12, 1, 15).
cost(12, 2, 45).
cost(12, 3, 51).
cost(12, 4, 56).
cost(12, 5, 22).
cost(12, 6, 68).
cost(12, 7, 50).
cost(12, 8, 64).
cost(12, 9, 36).
cost(12, 10, 21).
cost(12, 11, 27).
cost(12, 13, 34).
cost(12, 14, 53).
cost(12, 15, 10).
cost(12, 16, 53).
cost(12, 17, 52).
cost(12, 18, 6).
cost(13, 1, 20).
cost(13, 2, 58).
cost(13, 3, 51).
cost(13, 4, 63).
cost(13, 5, 36).
cost(13, 6, 50).
cost(13, 7, 46).
cost(13, 8, 73).
cost(13, 9, 14).
cost(13, 10, 15).
cost(13, 11, 22).
cost(13, 12, 34).
cost(13, 14, 60).
cost(13, 15, 42).
cost(13, 16, 57).
cost(13, 17, 42).
cost(13, 18, 28).
cost(14, 1, 48).
cost(14, 2, 12).
cost(14, 3, 12).
cost(14, 4, 3).
cost(14, 5, 74).
cost(14, 6, 45).
cost(14, 7, 20).
cost(14, 8, 13).
cost(14, 9, 48).
cost(14, 10, 61).
cost(14, 11, 39).
cost(14, 12, 53).
cost(14, 13, 60).
cost(14, 15, 60).
cost(14, 16, 6).
cost(14, 17, 28).
cost(14, 18, 52).
cost(15, 1, 25).
cost(15, 2, 51).
cost(15, 3, 59).
cost(15, 4, 64).
cost(15, 5, 20).
cost(15, 6, 78).
cost(15, 7, 59).
cost(15, 8, 71).
cost(15, 9, 46).
cost(15, 10, 28).
cost(15, 11, 37).
cost(15, 12, 10).
cost(15, 13, 42).
cost(15, 14, 60).
cost(15, 16, 61).
cost(15, 17, 62).
cost(15, 18, 15).
cost(16, 1, 47).
cost(16, 2, 16).
cost(16, 3, 7).
cost(16, 4, 7).
cost(16, 5, 74).
cost(16, 6, 38).
cost(16, 7, 14).
cost(16, 8, 17).
cost(16, 9, 44).
cost(16, 10, 59).
cost(16, 11, 36).
cost(16, 12, 53).
cost(16, 13, 57).
cost(16, 14, 6).
cost(16, 15, 61).
cost(16, 17, 22).
cost(16, 18, 51).
cost(17, 1, 40).
cost(17, 2, 33).
cost(17, 3, 15).
cost(17, 4, 29).
cost(17, 5, 69).
cost(17, 6, 20).
cost(17, 7, 8).
cost(17, 8, 37).
cost(17, 9, 28).
cost(17, 10, 50).
cost(17, 11, 27).
cost(17, 12, 52).
cost(17, 13, 42).
cost(17, 14, 28).
cost(17, 15, 62).
cost(17, 16, 22).
cost(17, 18, 48).
cost(18, 1, 10).
cost(18, 2, 44).
cost(18, 3, 48).
cost(18, 4, 55).
cost(18, 5, 23).
cost(18, 6, 64).
cost(18, 7, 46).
cost(18, 8, 64).
cost(18, 9, 31).
cost(18, 10, 16).
cost(18, 11, 22).
cost(18, 12, 6).
cost(18, 13, 28).
cost(18, 14, 52).
cost(18, 15, 15).
cost(18, 16, 51).
cost(18, 17, 48).
