dimension(18).
point(1, 4.2192872765, 62.6538571883).
point(2, 19.0594815357, 65.0320157917).
point(3, 91.167700251, 48.2285198584).
point(4, 84.9119712387, 46.8493934733).
point(5, 22.5955952324, 50.0015646618).
point(6, 35.9509591739, 42.6465782331).
point(7, 79.918446354, 22.5418894115).
point(8, 75.9343507179, 41.316535894).
point(9, 24.855689601, 82.841020664).
point(10, 67.0831368874, 50.1686764901).
point(11, 61.7807679937, 36.2592289909).
point(12, 17.9548277563, 38.0678474568).
point(13, 34.7772207315, 70.4061787619).
point(14, 6.0265114525, 44.352095243).
point(15, 84.0292387339, 38.5189891839).
point(16, 54.6019090761, 4.6058407971).
point(17, 59.4320233692, 9.6723800799).
point(18, 28.2370272608, 83.8712574015).
cost(1, 2, 15).
cost(1, 3, 88).
cost(1, 4, 82).
cost(1, 5, 22).
cost(1, 6, 38).
cost(1, 7, 86).
cost(1, 8, 75).
cost(1, 9, 29).
cost(1, 10, 64).
cost(1, 11, 63).
cost(1, 12, 28).
cost(1, 13, 32).
cost(1, 14, 18).
cost(1, 15, 83).
cost(1, 16, 77).
cost(1, 17, 77).
cost(1, 18, 32).
cost(2, 1, 15).
cost(2, 3, 74).
cost(2, 4, 68).
cost(2, 5, 15).
cost(2, 6, 28).
cost(2, 7, 74).
cost(2, 8, 62).
cost(2, 9, 19).
cost(2, 10, 50).
cost(2, 11, 52).
cost(2, 12, 27).
cost(2, 13, 17).
cost(2, 14, 24).
cost(2, 15, 70).
cost(2, 16, 70).
cost(2, 17, 69).
cost(2, 18, 21).
cost(3, 1, 88).
cost(3, 2, 74).
cost(3, 4, 6).
cost(3, 5, 69).
cost(3, 6, 55).
cost(3, 7, 28).
cost(3, 8, 17).
cost(3, 9, 75).
cost(3, 10, 24).
cost(3, 11, 32).
cost(3, 12, 74).
cost(3, 13, 61).
cost(3, 14, 85).
cost(3, 15, 12).
cost(3, 16, 57).
cost(3, 17, 50).
cost(3, 18, 72).
cost(4, 1, 82).
cost(4, 2, 68).
cost(4, 3, 6).
cost(4, 5, 62).
cost(4, 6, 49).
cost(4, 7, 25).
cost(4, 8, 11).
cost(4, 9, 70).
cost(4, 10, 18).
cost(4, 11, 25).
cost(4, 12, 68).
cost(4, 13, 55).
cost(4, 14, 79).
cost(4, 15, 8).
cost(4, 16, 52).
cost(4, 17, 45).
cost(4, 18, 68).
cost(5, 1, 22).
cost(5, 2, 15).
cost(5, 3, 69).
cost(5, 4, 62).
cost(5, 6, 15).
cost(5, 7, 64).
cost(5, 8, 54).
cost(5, 9, 33).
cost(5, 10, 44).
cost(5, 11, 42).
cost(5, 12, 13).
cost(5, 13, 24).
cost(5, 14, 18).
cost(5, 15, 62).
cost(5, 16, 56).
cost(5, 17, 55).
cost(5, 18, 34).
cost(6, 1, 38).
cost(6, 2, 28).
cost(6, 3, 55).
cost(6, 4, 49).
cost(6, 5, 15).
cost(6, 7, 48).
cost(6, 8, 40).
cost(6, 9, 42).
cost(6, 10, 32).
cost(6, 11, 27).
cost(6, 12, 19).
cost(6, 13, 28).
cost(6, 14, 30).
cost(6, 15, 48).
cost(6, 16, 42).
cost(6, 17, 40).
cost(6, 18, 42).
cost(7, 1, 86).
cost(7, 2, 74).
cost(7, 3, 28).
cost(7, 4, 25).
cost(7, 5, 64).
cost(7, 6, 48).
cost(7, 8, 19).
cost(7, 9, 82).
cost(7, 10, 30).
cost(7, 11, 23).
cost(7, 12, 64).
cost(7, 13, 66).
cost(7, 14, 77).
cost(7, 15, 16).
cost(7, 16, 31).
cost(7, 17, 24).
cost(7, 18, 80).
cost(8, 1, 75).
cost(8, 2, 62).
cost(8, 3, 17).
cost(8, 4, 11).
cost(8, 5, 54).
cost(8, 6, 40).
cost(8, 7, 19).
cost(8, 9, 66).
cost(8, 10, 13).
cost(8, 11, 15).
cost(8, 12, 58).
cost(8, 13, 50).
cost(8, 14, 70).
cost(8, 15, 9).
cost(8, 16, 42).
cost(8, 17, 36).
cost(8, 18, 64).
cost(9, 1, 29).
cost(9, 2, 19).
cost(9, 3, 75).
cost(9, 4, 70).
cost(9, 5, 33).
cost(9, 6, 42).
cost(9, 7, 82).
cost(9, 8, 66).
cost(9, 10, 53).
cost(9, 11, 59).
cost(9, 12, 45).
cost(9, 13, 16).
cost(9, 14, 43).
cost(9, 15, 74).
cost(9, 16, 84).
cost(9, 17, 81).
cost(9, 18, 4).
cost(10, 1, 64).
cost(10, 2, 50).
cost(10, 3, 24).
cost(10, 4, 18).
cost(10, 5, 44).
cost(10, 6, 32).
cost(10, 7, 30).
cost(10, 8, 13).
cost(10, 9, 53).
cost(10, 11, 15).
cost(10, 12, 51).
cost(10, 13, 38).
cost(10, 14, 61).
cost(10, 15, 21).
cost(10, 16, 47).
cost(10, 17, 41).
cost(10, 18, 51).
cost(11, 1, 63).
cost(11, 2, 52).
cost(11, 3, 32).
cost(11, 4, 25).
cost(11, 5, 42).
cost(11, 6, 27).
cost(11, 7, 23).
cost(11, 8, 15).
cost(11, 9, 59).
cost(11, 10, 15).
cost(11, 12, 44).
cost(11, 13, 44).
cost(11, 14, 56).
cost(11, 15, 22).
cost(11, 16, 32).
cost(11, 17, 27).
cost(11, 18, 58).
cost(12, 1, 28).
cost(12, 2, 27).
cost(12, 3, 74).
cost(12, 4, 68).
cost(12, 5, 13).
cost(12, 6, 19).
cost(12, 7, 64).
cost(12, 8, 58).
cost(12, 9, 45).
cost(12, 10, 51).
cost(12, 11, 44).
cost(12, 13, 36).
cost(12, 14, 13).
cost(12, 15, 66).
cost(12, 16, 50).
cost(12, 17, 50).
cost(12, 18, 47).
cost(13, 1, 32).
cost(13, 2, 17).
cost(13, 3, 61).
cost(13, 4, 55).
cost(13, 5, 24).
cost(13, 6, 28).
cost(13, 7, 66).
cost(13, 8, 50).
cost(13, 9, 16).
cost(13, 10, 38).
cost(13, 11, 44).
cost(13, 12, 36).
cost(13, 14, 39).
cost(13, 15, 59).
cost(13, 16, 69).
cost(13, 17, 66).
cost(13, 18, 15).
cost(14, 1, 18).
cost(14, 2, 24).
cost(14, 3, 85).
cost(14, 4, 79).
cost(14, 5, 18).
cost(14, 6, 30).
cost(14, 7, 77).
cost(14, 8, 70).
cost(14, 9, 43).
cost(14, 10, 61).
cost(14, 11, 56).
cost(14, 12, 13).
cost(14, 13, 39).
cost(14, 15, 78).
cost(14, 16, 63).
cost(14, 17, 64).
cost(14, 18, 45).
cost(15, 1, 83).
cost(15, 2, 70).
cost(15, 3, 12).
cost(15, 4, 8).
cost(15, 5, 62).
cost(15, 6, 48).
cost(15, 7, 16).
cost(15, 8, 9).
cost(15, 9, 74).
cost(15, 10, 21).
cost(15, 11, 22).
cost(15, 12, 66).
cost(15, 13, 59).
cost(15, 14, 78).
cost(15, 16, 45).
cost(15, 17, 38).
cost(15, 18, 72).
cost(16, 1, 77).
cost(16, 2, 70).
cost(16, 3, 57).
cost(16, 4, 52).
cost(16, 5, 56).
cost(16, 6, 42).
cost(16, 7, 31).
cost(16, 8, 42).
cost(16, 9, 84).
cost(16, 10, 47).
cost(16, 11, 32).
cost(16, 12, 50).
cost(16, 13, 69).
cost(16, 14, 63).
cost(16, 15, 45).
cost(16, 17, 7).
cost(16, 18, 84).
cost(17, 1, 77).
cost(17, 2, 69).
cost(17, 3, 50).
cost(17, 4, 45).
cost(17, 5, 55).
cost(17, 6, 40).
cost(17, 7, 24).
cost(17, 8, 36).
cost(17, 9, 81).
cost(17, 10, 41).
cost(17, 11, 27).
cost(17, 12, 50).
cost(17, 13, 66).
cost(17, 14, 64).
cost(17, 15, 38).
cost(17, 16, 7).
cost(17, 18, 80).
cost(18, 1, 32).
cost(18, 2, 21).
cost(18, 3, 72).
cost(18, 4, 68).
cost(18, 5, 34).
cost(18, 6, 42).
cost(18, 7, 80).
cost(18, 8, 64).
cost(18, 9, 4).
cost(18, 10, 51).
cost(18, 11, 58).
cost(18, 12, 47).
cost(18, 13, 15).
cost(18, 14, 45).
cost(18, 15, 72).
cost(18, 16, 84).
cost(18, 17, 80).
