dimension(18).
point(1, 64.0502284904, 77.2727464334).
point(2, 28.7493163405, 52.5790574522).
point(3, 33.5783218694, 52.296952231).
point(4, 56.4940593435, 34.595815712).
point(5, 63.8176868101, 26.526022353).
point(6, 42.6805062269, 63.869757107).
point(7, 90.6876946332, 49.8685116766).
point(8, 90.4881097632, 72.8191437995).
point(9, 82.0460114654, 66.9195233519).
point(10, 92.7595088121, 84.6058111907).
point(11, 85.5294610121, 34.0725771012).
point(12, 71.4447386947, 70.6774523175).
point(13, 38.1780709923, 53.345682299).
point(14, 34.7688509877, 34.5707457276).
point(15, 82.9677937388, 43.548244998).
point(16, 23.847547234, 37.9962676139).
point(17, 47.954912084, 35.9427342771).
point(18, 60.5193978434, 78.4490557794).
cost(1, 2, 43).
cost(1, 3, 39).
cost(1, 4, 43).
cost(1, 5, 51).
cost(1, 6, 25).
cost(1, 7, 38).
cost(1, 8, 27).
cost(1, 9, 21).
cost(1, 10, 30).
cost(1, 11, 48).
cost(1, 12, 10).
cost(1, 13, 35).
cost(1, 14, 52).
cost(1, 15, 39).
cost(1, 16, 56).
cost(1, 17, 44).
cost(1, 18, 4).
cost(2, 1, 43).
cost(2, 3, 5).
cost(2, 4, 33).
cost(2, 5, 44).
cost(2, 6, 18).
cost(2, 7, 62).
cost(2, 8, 65).
cost(2, 9, 55).
cost(2, 10, 72).
cost(2, 11, 60).
cost(2, 12, 46).
cost(2, 13, 9).
cost(2, 14, 19).
cost(2, 15, 55).
cost(2, 16, 15).
cost(2, 17, 25).
cost(2, 18, 41).
cost(3, 1, 39).
cost(3, 2, 5).
cost(3, 4, 29).
cost(3, 5, 40).
cost(3, 6, 15).
cost(3, 7, 57).
cost(3, 8, 60).
cost(3, 9, 51).
cost(3, 10, 67).
cost(3, 11, 55).
cost(3, 12, 42).
cost(3, 13, 5).
cost(3, 14, 18).
cost(3, 15, 50).
cost(3, 16, 17).
cost(3, 17, 22).
cost(3, 18, 38).
cost(4, 1, 43).
cost(4, 2, 33).
cost(4, 3, 29).
cost(4, 5, 11).
cost(4, 6, 32).
cost(4, 7, 37).
cost(4, 8, 51).
cost(4, 9, 41).
cost(4, 10, 62).
cost(4, 11, 29).
cost(4, 12, 39).
cost(4, 13, 26).
cost(4, 14, 22).
cost(4, 15, 28).
cost(4, 16, 33).
cost(4, 17, 9).
cost(4, 18, 44).
cost(5, 1, 51).
cost(5, 2, 44).
cost(5, 3, 40).
cost(5, 4, 11).
cost(5, 6, 43).
cost(5, 7, 36).
cost(5, 8, 53).
cost(5, 9, 44).
cost(5, 10, 65).
cost(5, 11, 23).
cost(5, 12, 45).
cost(5, 13, 37).
cost(5, 14, 30).
cost(5, 15, 26).
cost(5, 16, 42).
cost(5, 17, 18).
cost(5, 18, 52).
cost(6, 1, 25).
cost(6, 2, 18).
cost(6, 3, 15).
cost(6, 4, 32).
cost(6, 5, 43).
cost(6, 7, 50).
cost(6, 8, 49).
cost(6, 9, 39).
cost(6, 10, 54).
cost(6, 11, 52).
cost(6, 12, 30).
cost(6, 13, 11).
cost(6, 14, 30).
cost(6, 15, 45).
cost(6, 16, 32).
cost(6, 17, 28).
cost(6, 18, 23).
cost(7, 1, 38).
cost(7, 2, 62).
cost(7, 3, 57).
cost(7, 4, 37).
cost(7, 5, 36).
cost(7, 6, 50).
cost(7, 8, 23).
cost(7, 9, 19).
cost(7, 10, 35).
cost(7, 11, 17).
cost(7, 12, 28).
cost(7, 13, 53).
cost(7, 14, 58).
cost(7, 15, 10).
cost(7, 16, 68).
cost(7, 17, 45).
cost(7, 18, 42).
cost(8, 1, 27).
cost(8, 2, 65).
cost(8, 3, 60).
cost(8, 4, 51).
cost(8, 5, 53).
cost(8, 6, 49).
cost(8, 7, 23).
cost(8, 9, 10).
cost(8, 10, 12).
cost(8, 11, 39).
cost(8, 12, 19).
cost(8, 13, 56).
cost(8, 14, 68).
cost(8, 15, 30).
cost(8, 16, 75).
cost(8, 17, 56).
cost(8, 18, 30).
cost(9, 1, 21).
cost(9, 2, 55).
cost(9, 3, 51).
cost(9, 4, 41).
cost(9, 5, 44).
cost(9, 6, 39).
cost(9, 7, 19).
cost(9, 8, 10).
cost(9, 10, 21).
cost(9, 11, 33).
cost(9, 12, 11).
cost(9, 13, 46).
cost(9, 14, 57).
cost(9, 15, 23).
cost(9, 16, 65).
cost(9, 17, 46).
cost(9, 18, 24).
cost(10, 1, 30).
cost(10, 2, 72).
cost(10, 3, 67).
cost(10, 4, 62).
cost(10, 5, 65).
cost(10, 6, 54).
cost(10, 7, 35).
cost(10, 8, 12).
cost(10, 9, 21).
cost(10, 11, 51).
cost(10, 12, 25).
cost(10, 13, 63).
cost(10, 14, 77).
cost(10, 15, 42).
cost(10, 16, 83).
cost(10, 17, 66).
cost(10, 18, 33).
cost(11, 1, 48).
cost(11, 2, 60).
cost(11, 3, 55).
cost(11, 4, 29).
cost(11, 5, 23).
cost(11, 6, 52).
cost(11, 7, 17).
cost(11, 8, 39).
cost(11, 9, 33).
cost(11, 10, 51).
cost(11, 12, 39).
cost(11, 13, 51).
cost(11, 14, 51).
cost(11, 15, 10).
cost(11, 16, 62).
cost(11, 17, 38).
cost(11, 18, 51).
cost(12, 1, 10).
cost(12, 2, 46).
cost(12, 3, 42).
cost(12, 4, 39).
cost(12, 5, 45).
cost(12, 6, 30).
cost(12, 7, 28).
cost(12, 8, 19).
cost(12, 9, 11).
cost(12, 10, 25).
cost(12, 11, 39).
cost(12, 13, 38).
cost(12, 14, 51).
cost(12, 15, 29).
cost(12, 16, 58).
cost(12, 17, 42).
cost(12, 18, 13).
cost(13, 1, 35).
cost(13, 2, 9).
cost(13, 3, 5).
cost(13, 4, 26).
cost(13, 5, 37).
cost(13, 6, 11).
cost(13, 7, 53).
cost(13, 8, 56).
cost(13, 9, 46).
cost(13, 10, 63).
cost(13, 11, 51).
cost(13, 12, 38).
cost(13, 14, 19).
cost(13, 15, 46).
cost(13, 16, 21).
cost(13, 17, 20).
cost(13, 18, 34).
cost(14, 1, 52).
cost(14, 2, 19).
cost(14, 3, 18).
cost(14, 4, 22).
cost(14, 5, 30).
cost(14, 6, 30).
cost(14, 7, 58).
cost(14, 8, 68).
cost(14, 9, 57).
cost(14, 10, 77).
cost(14, 11, 51).
cost(14, 12, 51).
cost(14, 13, 19).
cost(14, 15, 49).
cost(14, 16, 11).
cost(14, 17, 13).
cost(14, 18, 51).
cost(15, 1, 39).
cost(15, 2, 55).
cost(15, 3, 50).
cost(15, 4, 28).
cost(15, 5, 26).
cost(15, 6, 45).
cost(15, 7, 10).
cost(15, 8, 30).
cost(15, 9, 23).
cost(15, 10, 42).
cost(15, 11, 10).
cost(15, 12, 29).
cost(15, 13, 46).
cost(15, 14, 49).
cost(15, 16, 59).
cost(15, 17, 36).
cost(15, 18, 41).
cost(16, 1, 56).
cost(16, 2, 15).
cost(16, 3, 17).
cost(16, 4, 33).
cost(16, 5, 42).
cost(16, 6, 32).
cost(16, 7, 68).
cost(16, 8, 75).
cost(16, 9, 65).
cost(16, 10, 83).
cost(16, 11, 62).
cost(16, 12, 58).
cost(16, 13, 21).
cost(16, 14, 11).
cost(16, 15, 59).
cost(16, 17, 24).
cost(16, 18, 55).
cost(17, 1, 44).
cost(17, 2, 25).
cost(17, 3, 22).
cost(17, 4, 9).
cost(17, 5, 18).
cost(17, 6, 28).
cost(17, 7, 45).
cost(17, 8, 56).
cost(17, 9, 46).
cost(17, 10, 66).
cost(17, 11, 38).
cost(17, 12, 42).
cost(17, 13, 20).
cost(17, 14, 13).
cost(17, 15, 36).
cost(17, 16, 24).
cost(17, 18, 44).
cost(18, 1, 4).
cost(18, 2, 41).
cost(18, 3, 38).
cost(18, 4, 44).
cost(18, 5, 52).
cost(18, 6, 23).
cost(18, 7, 42).
cost(18, 8, 30).
cost(18, 9, 24).
cost(18, 10, 33).
cost(18, 11, 51).
cost(18, 12, 13).
cost(18, 13, 34).
cost(18, 14, 51).
cost(18, 15, 41).
cost(18, 16, 55).
cost(18, 17, 44).
