dimension(18).
point(1, 80.2356360133, 42.5308592684).
point(2, 26.5217576185, 79.7354873403).
point(3, 83.6781527556, 11.2669350451).
point(4, 20.5898929044, 79.1762209639).
point(5, 96.9926209757, 65.2349262132).
point(6, 95.1847496608, 62.6219749947).
point(7, 10.3015925181, 52.1410228538).
point(8, 18.1389462922, 88.0578561732).
point(9, 98.9680661443, 45.9078512201).
point(10, 87.1658531558, 55.002956037).
point(11, 55.0586081325, 79.1933728241).
point(12, 96.0103251017, 49.6228280367).
point(13, 11.4615931349, 95.6691258867).
point(14, 68.5239189218, 47.5257389301).
point(15, 19.9092361872, 85.4863722665).
point(16, 10.9510894653, 89.7866676585).
point(17, 46.5540873822, 88.6952066446).
point(18, 59.7997587067, 22.0345123451).
cost(1, 2, 65).
cost(1, 3, 31).
cost(1, 4, 70).
cost(1, 5, 28).
cost(1, 6, 25).
cost(1, 7, 71).
cost(1, 8, 77).
cost(1, 9, 19).
cost(1, 10, 14).
cost(1, 11, 44).
cost(1, 12, 17).
cost(1, 13, 87).
cost(1, 14, 13).
cost(1, 15, 74).
cost(1, 16, 84).
cost(1, 17, 57).
cost(1, 18, 29).
cost(2, 1, 65).
cost(2, 3, 89).
cost(2, 4, 6).
cost(2, 5, 72).
cost(2, 6, 71).
cost(2, 7, 32).
cost(2, 8, 12).
cost(2, 9, 80).
cost(2, 10, 65).
cost(2, 11, 29).
cost(2, 12, 76).
cost(2, 13, 22).
cost(2, 14, 53).
cost(2, 15, 9).
cost(2, 16, 19).
cost(2, 17, 22).
cost(2, 18, 67).
cost(3, 1, 31).
cost(3, 2, 89).
cost(3, 4, 93).
cost(3, 5, 56).
cost(3, 6, 53).
cost(3, 7, 84).
cost(3, 8, 101).
cost(3, 9, 38).
cost(3, 10, 44).
cost(3, 11, 74).
cost(3, 12, 40).
cost(3, 13, 111).
cost(3, 14, 39).
cost(3, 15, 98).
cost(3, 16, 107).
cost(3, 17, 86).
cost(3, 18, 26).
cost(4, 1, 70).
cost(4, 2, 6).
cost(4, 3, 93).
cost(4, 5, 78).
cost(4, 6, 76).
cost(4, 7, 29).
cost(4, 8, 9).
cost(4, 9, 85).
cost(4, 10, 71).
cost(4, 11, 34).
cost(4, 12, 81).
cost(4, 13, 19).
cost(4, 14, 57).
cost(4, 15, 6).
cost(4, 16, 14).
cost(4, 17, 28).
cost(4, 18, 69).
cost(5, 1, 28).
cost(5, 2, 72).
cost(5, 3, 56).
cost(5, 4, 78).
cost(5, 6, 3).
cost(5, 7, 88).
cost(5, 8, 82).
cost(5, 9, 19).
cost(5, 10, 14).
cost(5, 11, 44).
cost(5, 12, 16).
cost(5, 13, 91).
cost(5, 14, 34).
cost(5, 15, 80).
cost(5, 16, 89).
cost(5, 17, 56).
cost(5, 18, 57).
cost(6, 1, 25).
cost(6, 2, 71).
cost(6, 3, 53).
cost(6, 4, 76).
cost(6, 5, 3).
cost(6, 7, 86).
cost(6, 8, 81).
cost(6, 9, 17).
cost(6, 10, 11).
cost(6, 11, 43).
cost(6, 12, 13).
cost(6, 13, 90).
cost(6, 14, 31).
cost(6, 15, 79).
cost(6, 16, 89).
cost(6, 17, 55).
cost(6, 18, 54).
cost(7, 1, 71).
cost(7, 2, 32).
cost(7, 3, 84).
cost(7, 4, 29).
cost(7, 5, 88).
cost(7, 6, 86).
cost(7, 8, 37).
cost(7, 9, 89).
cost(7, 10, 77).
cost(7, 11, 52).
cost(7, 12, 86).
cost(7, 13, 44).
cost(7, 14, 58).
cost(7, 15, 35).
cost(7, 16, 38).
cost(7, 17, 51).
cost(7, 18, 58).
cost(8, 1, 77).
cost(8, 2, 12).
cost(8, 3, 101).
cost(8, 4, 9).
cost(8, 5, 82).
cost(8, 6, 81).
cost(8, 7, 37).
cost(8, 9, 91).
cost(8, 10, 77).
cost(8, 11, 38).
cost(8, 12, 87).
cost(8, 13, 10).
cost(8, 14, 65).
cost(8, 15, 3).
cost(8, 16, 7).
cost(8, 17, 28).
cost(8, 18, 78).
cost(9, 1, 19).
cost(9, 2, 80).
cost(9, 3, 38).
cost(9, 4, 85).
cost(9, 5, 19).
cost(9, 6, 17).
cost(9, 7, 89).
cost(9, 8, 91).
cost(9, 10, 15).
cost(9, 11, 55).
cost(9, 12, 5).
cost(9, 13, 101).
cost(9, 14, 30).
cost(9, 15, 88).
cost(9, 16, 98).
cost(9, 17, 68).
cost(9, 18, 46).
cost(10, 1, 14).
cost(10, 2, 65).
cost(10, 3, 44).
cost(10, 4, 71).
cost(10, 5, 14).
cost(10, 6, 11).
cost(10, 7, 77).
cost(10, 8, 77).
cost(10, 9, 15).
cost(10, 11, 40).
cost(10, 12, 10).
cost(10, 13, 86).
cost(10, 14, 20).
cost(10, 15, 74).
cost(10, 16, 84).
cost(10, 17, 53).
cost(10, 18, 43).
cost(11, 1, 44).
cost(11, 2, 29).
cost(11, 3, 74).
cost(11, 4, 34).
cost(11, 5, 44).
cost(11, 6, 43).
cost(11, 7, 52).
cost(11, 8, 38).
cost(11, 9, 55).
cost(11, 10, 40).
cost(11, 12, 51).
cost(11, 13, 47).
cost(11, 14, 34).
cost(11, 15, 36).
cost(11, 16, 45).
cost(11, 17, 13).
cost(11, 18, 57).
cost(12, 1, 17).
cost(12, 2, 76).
cost(12, 3, 40).
cost(12, 4, 81).
cost(12, 5, 16).
cost(12, 6, 13).
cost(12, 7, 86).
cost(12, 8, 87).
cost(12, 9, 5).
cost(12, 10, 10).
cost(12, 11, 51).
cost(12, 13, 96).
cost(12, 14, 28).
cost(12, 15, 84).
cost(12, 16, 94).
cost(12, 17, 63).
cost(12, 18, 46).
cost(13, 1, 87).
cost(13, 2, 22).
cost(13, 3, 111).
cost(13, 4, 19).
cost(13, 5, 91).
cost(13, 6, 90).
cost(13, 7, 44).
cost(13, 8, 10).
cost(13, 9, 101).
cost(13, 10, 86).
cost(13, 11, 47).
cost(13, 12, 96).
cost(13, 14, 75).
cost(13, 15, 13).
cost(13, 16, 6).
cost(13, 17, 36).
cost(13, 18, 88).
cost(14, 1, 13).
cost(14, 2, 53).
cost(14, 3, 39).
cost(14, 4, 57).
cost(14, 5, 34).
cost(14, 6, 31).
cost(14, 7, 58).
cost(14, 8, 65).
cost(14, 9, 30).
cost(14, 10, 20).
cost(14, 11, 34).
cost(14, 12, 28).
cost(14, 13, 75).
cost(14, 15, 62).
cost(14, 16, 71).
cost(14, 17, 47).
cost(14, 18, 27).
cost(15, 1, 74).
cost(15, 2, 9).
cost(15, 3, 98).
cost(15, 4, 6).
cost(15, 5, 80).
cost(15, 6, 79).
cost(15, 7, 35).
cost(15, 8, 3).
cost(15, 9, 88).
cost(15, 10, 74).
cost(15, 11, 36).
cost(15, 12, 84).
cost(15, 13, 13).
cost(15, 14, 62).
cost(15, 16, 10).
cost(15, 17, 27).
cost(15, 18, 75).
cost(16, 1, 84).
cost(16, 2, 19).
cost(16, 3, 107).
cost(16, 4, 14).
cost(16, 5, 89).
cost(16, 6, 89).
cost(16, 7, 38).
cost(16, 8, 7).
cost(16, 9, 98).
cost(16, 10, 84).
cost(16, 11, 45).
cost(16, 12, 94).
cost(16, 13, 6).
cost(16, 14, 71).
cost(16, 15, 10).
cost(16, 17, 36).
cost(16, 18, 84).
cost(17, 1, 57).
cost(17, 2, 22).
cost(17, 3, 86).
cost(17, 4, 28).
cost(17, 5, 56).
cost(17, 6, 55).
cost(17, 7, 51).
cost(17, 8, 28).
cost(17, 9, 68).
cost(17, 10, 53).
cost(17, 11, 13).
cost(17, 12, 63).
cost(17, 13, 36).
cost(17, 14, 47).
cost(17, 15, 27).
cost(17, 16, 36).
cost(17, 18, 68).
cost(18, 1, 29).
cost(18, 2, 67).
cost(18, 3, 26).
cost(18, 4, 69).
cost(18, 5, 57).
cost(18, 6, 54).
cost(18, 7, 58).
cost(18, 8, 78).
cost(18, 9, 46).
cost(18, 10, 43).
cost(18, 11, 57).
cost(18, 12, 46).
cost(18, 13, 88).
cost(18, 14, 27).
cost(18, 15, 75).
cost(18, 16, 84).
cost(18, 17, 68).
