dimension(18).
point(1, 81.6315004687, 59.7891595939).
point(2, 22.7487359982, 13.9534009457).
point(3, 67.4093244942, 24.3640113647).
point(4, 44.8962624477, 79.2112796709).
point(5, 35.6915901041, 54.3356228872).
point(6, 41.5320836321, 40.1656353818).
point(7, 30.8088243205, 75.9847334005).
point(8, 22.0816519444, 22.418458255).
point(9, 31.9791086909, 56.9157602619).
point(10, 30.6986918368, 20.6740319798).
point(11, 55.4289012663, 27.6636655555).
point(12, 70.619279139, 50.9400335193).
point(13, 52.1440542156, 15.2177618992).
point(14, 67.8340880256, 51.3953725156).
point(15, 68.8094920818, 19.1431708006).
point(16, 66.3398560449, 40.0279525195).
point(17, 78.2728255153, 35.9597965984).
point(18, 24.522345948, 43.5633898791).
cost(1, 2, 75).
cost(1, 3, 38).
cost(1, 4, 42).
cost(1, 5, 46).
cost(1, 6, 45).
cost(1, 7, 53).
cost(1, 8, 70).
cost(1, 9, 50).
cost(1, 10, 64).
cost(1, 11, 41).
cost(1, 12, 14).
cost(1, 13, 53).
cost(1, 14, 16).
cost(1, 15, 43).
cost(1, 16, 25).
cost(1, 17, 24).
cost(1, 18, 59).
cost(2, 1, 75).
cost(2, 3, 46).
cost(2, 4, 69).
cost(2, 5, 42).
cost(2, 6, 32).
cost(2, 7, 63).
cost(2, 8, 8).
cost(2, 9, 44).
cost(2, 10, 10).
cost(2, 11, 35).
cost(2, 12, 60).
cost(2, 13, 29).
cost(2, 14, 59).
cost(2, 15, 46).
cost(2, 16, 51).
cost(2, 17, 60).
cost(2, 18, 30).
cost(3, 1, 38).
cost(3, 2, 46).
cost(3, 4, 59).
cost(3, 5, 44).
cost(3, 6, 30).
cost(3, 7, 63).
cost(3, 8, 45).
cost(3, 9, 48).
cost(3, 10, 37).
cost(3, 11, 12).
cost(3, 12, 27).
cost(3, 13, 18).
cost(3, 14, 27).
cost(3, 15, 5).
cost(3, 16, 16).
cost(3, 17, 16).
cost(3, 18, 47).
cost(4, 1, 42).
cost(4, 2, 69).
cost(4, 3, 59).
cost(4, 5, 27).
cost(4, 6, 39).
cost(4, 7, 14).
cost(4, 8, 61).
cost(4, 9, 26).
cost(4, 10, 60).
cost(4, 11, 53).
cost(4, 12, 38).
cost(4, 13, 64).
cost(4, 14, 36).
cost(4, 15, 65).
cost(4, 16, 45).
cost(4, 17, 55).
cost(4, 18, 41).
cost(5, 1, 46).
cost(5, 2, 42).
cost(5, 3, 44).
cost(5, 4, 27).
cost(5, 6, 15).
cost(5, 7, 22).
cost(5, 8, 35).
cost(5, 9, 5).
cost(5, 10, 34).
cost(5, 11, 33).
cost(5, 12, 35).
cost(5, 13, 42).
cost(5, 14, 32).
cost(5, 15, 48).
cost(5, 16, 34).
cost(5, 17, 46).
cost(5, 18, 16).
cost(6, 1, 45).
cost(6, 2, 32).
cost(6, 3, 30).
cost(6, 4, 39).
cost(6, 5, 15).
cost(6, 7, 37).
cost(6, 8, 26).
cost(6, 9, 19).
cost(6, 10, 22).
cost(6, 11, 19).
cost(6, 12, 31).
cost(6, 13, 27).
cost(6, 14, 29).
cost(6, 15, 34).
cost(6, 16, 25).
cost(6, 17, 37).
cost(6, 18, 17).
cost(7, 1, 53).
cost(7, 2, 63).
cost(7, 3, 63).
cost(7, 4, 14).
cost(7, 5, 22).
cost(7, 6, 37).
cost(7, 8, 54).
cost(7, 9, 19).
cost(7, 10, 55).
cost(7, 11, 54).
cost(7, 12, 47).
cost(7, 13, 64).
cost(7, 14, 44).
cost(7, 15, 68).
cost(7, 16, 51).
cost(7, 17, 62).
cost(7, 18, 33).
cost(8, 1, 70).
cost(8, 2, 8).
cost(8, 3, 45).
cost(8, 4, 61).
cost(8, 5, 35).
cost(8, 6, 26).
cost(8, 7, 54).
cost(8, 9, 36).
cost(8, 10, 9).
cost(8, 11, 34).
cost(8, 12, 56).
cost(8, 13, 31).
cost(8, 14, 54).
cost(8, 15, 47).
cost(8, 16, 48).
cost(8, 17, 58).
cost(8, 18, 21).
cost(9, 1, 50).
cost(9, 2, 44).
cost(9, 3, 48).
cost(9, 4, 26).
cost(9, 5, 5).
cost(9, 6, 19).
cost(9, 7, 19).
cost(9, 8, 36).
cost(9, 10, 36).
cost(9, 11, 37).
cost(9, 12, 39).
cost(9, 13, 46).
cost(9, 14, 36).
cost(9, 15, 53).
cost(9, 16, 38).
cost(9, 17, 51).
cost(9, 18, 15).
cost(10, 1, 64).
cost(10, 2, 10).
cost(10, 3, 37).
cost(10, 4, 60).
cost(10, 5, 34).
cost(10, 6, 22).
cost(10, 7, 55).
cost(10, 8, 9).
cost(10, 9, 36).
cost(10, 11, 26).
cost(10, 12, 50).
cost(10, 13, 22).
cost(10, 14, 48).
cost(10, 15, 38).
cost(10, 16, 41).
cost(10, 17, 50).
cost(10, 18, 24).
cost(11, 1, 41).
cost(11, 2, 35).
cost(11, 3, 12).
cost(11, 4, 53).
cost(11, 5, 33).
cost(11, 6, 19).
cost(11, 7, 54).
cost(11, 8, 34).
cost(11, 9, 37).
cost(11, 10, 26).
cost(11, 12, 28).
cost(11, 13, 13).
cost(11, 14, 27).
cost(11, 15, 16).
cost(11, 16, 16).
cost(11, 17, 24).
cost(11, 18, 35).
cost(12, 1, 14).
cost(12, 2, 60).
cost(12, 3, 27).
cost(12, 4, 38).
cost(12, 5, 35).
cost(12, 6, 31).
cost(12, 7, 47).
cost(12, 8, 56).
cost(12, 9, 39).
cost(12, 10, 50).
cost(12, 11, 28).
cost(12, 13, 40).
cost(12, 14, 3).
cost(12, 15, 32).
cost(12, 16, 12).
cost(12, 17, 17).
cost(12, 18, 47).
cost(13, 1, 53).
cost(13, 2, 29).
cost(13, 3, 18).
cost(13, 4, 64).
cost(13, 5, 42).
cost(13, 6, 27).
cost(13, 7, 64).
cost(13, 8, 31).
cost(13, 9, 46).
cost(13, 10, 22).
cost(13, 11, 13).
cost(13, 12, 40).
cost(13, 14, 39).
cost(13, 15, 17).
cost(13, 16, 29).
cost(13, 17, 33).
cost(13, 18, 40).
cost(14, 1, 16).
cost(14, 2, 59).
cost(14, 3, 27).
cost(14, 4, 36).
cost(14, 5, 32).
cost(14, 6, 29).
cost(14, 7, 44).
cost(14, 8, 54).
cost(14, 9, 36).
cost(14, 10, 48).
cost(14, 11, 27).
cost(14, 12, 3).
cost(14, 13, 39).
cost(14, 15, 32).
cost(14, 16, 11).
cost(14, 17, 19).
cost(14, 18, 44).
cost(15, 1, 43).
cost(15, 2, 46).
cost(15, 3, 5).
cost(15, 4, 65).
cost(15, 5, 48).
cost(15, 6, 34).
cost(15, 7, 68).
cost(15, 8, 47).
cost(15, 9, 53).
cost(15, 10, 38).
cost(15, 11, 16).
cost(15, 12, 32).
cost(15, 13, 17).
cost(15, 14, 32).
cost(15, 16, 21).
cost(15, 17, 19).
cost(15, 18, 51).
cost(16, 1, 25).
cost(16, 2, 51).
cost(16, 3, 16).
cost(16, 4, 45).
cost(16, 5, 34).
cost(16, 6, 25).
cost(16, 7, 51).
cost(16, 8, 48).
cost(16, 9, 38).
cost(16, 10, 41).
cost(16, 11, 16).
cost(16, 12, 12).
cost(16, 13, 29).
cost(16, 14, 11).
cost(16, 15, 21).
cost(16, 17, 13).
cost(16, 18, 42).
cost(17, 1, 24).
cost(17, 2, 60).
cost(17, 3, 16).
cost(17, 4, 55).
cost(17, 5, 46).
cost(17, 6, 37).
cost(17, 7, 62).
cost(17, 8, 58).
cost(17, 9, 51).
cost(17, 10, 50).
cost(17, 11, 24).
cost(17, 12, 17).
cost(17, 13, 33).
cost(17, 14, 19).
cost(17, 15, 19).
cost(17, 16, 13).
cost(17, 18, 54).
cost(18, 1, 59).
cost(18, 2, 30).
cost(18, 3, 47).
cost(18, 4, 41).
cost(18, 5, 16).
cost(18, 6, 17).
cost(18, 7, 33).
cost(18, 8, 21).
cost(18, 9, 15).
cost(18, 10, 24).
cost(18, 11, 35).
cost(18, 12, 47).
cost(18, 13, 40).
cost(18, 14, 44).
cost(18, 15, 51).
cost(18, 16, 42).
cost(18, 17, 54).
