dimension(18).
point(1, 85.9715111627, 55.228078198).
point(2, 78.9835708719, 84.4233355363).
point(3, 15.849643739, 30.9660143937).
point(4, 35.2175915361, 1.9166588043).
point(5, 96.7567021539, 70.8762979235).
point(6, 92.0416102352, 51.3897635465).
point(7, 4.8220626513, 20.0468067641).
point(8, 5.3590317078, 5.1419001087).
point(9, 43.9724119769, 87.9346220529).
point(10, 54.7384018141, 95.5277083888).
point(11, 42.7123360551, 5.5057227017).
point(12, 76.5856440669, 72.1804479849).
point(13, 0.5914688177, 24.3793958912).
point(14, 71.4345185157, 63.6475801623).
point(15, 42.3235440357, 81.6433903126).
point(16, 32.5714709118, 15.4607347094).
point(17, 19.058752632, 33.4192874812).
point(18, 6.8935946658, 37.2263054411).
cost(1, 2, 30).
cost(1, 3, 74).
cost(1, 4, 74).
cost(1, 5, 19).
cost(1, 6, 7).
cost(1, 7, 88).
cost(1, 8, 95).
cost(1, 9, 53).
cost(1, 10, 51).
cost(1, 11, 66).
cost(1, 12, 19).
cost(1, 13, 91).
cost(1, 14, 17).
cost(1, 15, 51).
cost(1, 16, 67).
cost(1, 17, 70).
cost(1, 18, 81).
cost(2, 1, 30).
cost(2, 3, 83).
cost(2, 4, 93).
cost(2, 5, 22).
cost(2, 6, 36).
cost(2, 7, 98).
cost(2, 8, 108).
cost(2, 9, 35).
cost(2, 10, 27).
cost(2, 11, 87).
cost(2, 12, 12).
cost(2, 13, 99).
cost(2, 14, 22).
cost(2, 15, 37).
cost(2, 16, 83).
cost(2, 17, 79).
cost(2, 18, 86).
cost(3, 1, 74).
cost(3, 2, 83).
cost(3, 4, 35).
cost(3, 5, 90).
cost(3, 6, 79).
cost(3, 7, 16).
cost(3, 8, 28).
cost(3, 9, 64).
cost(3, 10, 75).
cost(3, 11, 37).
cost(3, 12, 73).
cost(3, 13, 17).
cost(3, 14, 64).
cost(3, 15, 57).
cost(3, 16, 23).
cost(3, 17, 4).
cost(3, 18, 11).
cost(4, 1, 74).
cost(4, 2, 93).
cost(4, 3, 35).
cost(4, 5, 92).
cost(4, 6, 75).
cost(4, 7, 35).
cost(4, 8, 30).
cost(4, 9, 86).
cost(4, 10, 96).
cost(4, 11, 8).
cost(4, 12, 82).
cost(4, 13, 41).
cost(4, 14, 72).
cost(4, 15, 80).
cost(4, 16, 14).
cost(4, 17, 35).
cost(4, 18, 45).
cost(5, 1, 19).
cost(5, 2, 22).
cost(5, 3, 90).
cost(5, 4, 92).
cost(5, 6, 20).
cost(5, 7, 105).
cost(5, 8, 113).
cost(5, 9, 55).
cost(5, 10, 49).
cost(5, 11, 85).
cost(5, 12, 20).
cost(5, 13, 107).
cost(5, 14, 26).
cost(5, 15, 55).
cost(5, 16, 85).
cost(5, 17, 86).
cost(5, 18, 96).
cost(6, 1, 7).
cost(6, 2, 36).
cost(6, 3, 79).
cost(6, 4, 75).
cost(6, 5, 20).
cost(6, 7, 93).
cost(6, 8, 98).
cost(6, 9, 60).
cost(6, 10, 58).
cost(6, 11, 67).
cost(6, 12, 26).
cost(6, 13, 95).
cost(6, 14, 24).
cost(6, 15, 58).
cost(6, 16, 69).
cost(6, 17, 75).
cost(6, 18, 86).
cost(7, 1, 88).
cost(7, 2, 98).
cost(7, 3, 16).
cost(7, 4, 35).
cost(7, 5, 105).
cost(7, 6, 93).
cost(7, 8, 15).
cost(7, 9, 78).
cost(7, 10, 90).
cost(7, 11, 41).
cost(7, 12, 89).
cost(7, 13, 6).
cost(7, 14, 80).
cost(7, 15, 72).
cost(7, 16, 28).
cost(7, 17, 20).
cost(7, 18, 17).
cost(8, 1, 95).
cost(8, 2, 108).
cost(8, 3, 28).
cost(8, 4, 30).
cost(8, 5, 113).
cost(8, 6, 98).
cost(8, 7, 15).
cost(8, 9, 91).
cost(8, 10, 103).
cost(8, 11, 37).
cost(8, 12, 98).
cost(8, 13, 20).
cost(8, 14, 88).
cost(8, 15, 85).
cost(8, 16, 29).
cost(8, 17, 31).
cost(8, 18, 32).
cost(9, 1, 53).
cost(9, 2, 35).
cost(9, 3, 64).
cost(9, 4, 86).
cost(9, 5, 55).
cost(9, 6, 60).
cost(9, 7, 78).
cost(9, 8, 91).
cost(9, 10, 13).
cost(9, 11, 82).
cost(9, 12, 36).
cost(9, 13, 77).
cost(9, 14, 37).
cost(9, 15, 7).
cost(9, 16, 73).
cost(9, 17, 60).
cost(9, 18, 63).
cost(10, 1, 51).
cost(10, 2, 27).
cost(10, 3, 75).
cost(10, 4, 96).
cost(10, 5, 49).
cost(10, 6, 58).
cost(10, 7, 90).
cost(10, 8, 103).
cost(10, 9, 13).
cost(10, 11, 91).
cost(10, 12, 32).
cost(10, 13, 89).
cost(10, 14, 36).
cost(10, 15, 19).
cost(10, 16, 83).
cost(10, 17, 72).
cost(10, 18, 75).
cost(11, 1, 66).
cost(11, 2, 87).
cost(11, 3, 37).
cost(11, 4, 8).
cost(11, 5, 85).
cost(11, 6, 67).
cost(11, 7, 41).
cost(11, 8, 37).
cost(11, 9, 82).
cost(11, 10, 91).
cost(11, 12, 75).
cost(11, 13, 46).
cost(11, 14, 65).
cost(11, 15, 76).
cost(11, 16, 14).
cost(11, 17, 37).
cost(11, 18, 48).
cost(12, 1, 19).
cost(12, 2, 12).
cost(12, 3, 73).
cost(12, 4, 82).
cost(12, 5, 20).
cost(12, 6, 26).
cost(12, 7, 89).
cost(12, 8, 98).
cost(12, 9, 36).
cost(12, 10, 32).
cost(12, 11, 75).
cost(12, 13, 90).
cost(12, 14, 10).
cost(12, 15, 36).
cost(12, 16, 72).
cost(12, 17, 69).
cost(12, 18, 78).
cost(13, 1, 91).
cost(13, 2, 99).
cost(13, 3, 17).
cost(13, 4, 41).
cost(13, 5, 107).
cost(13, 6, 95).
cost(13, 7, 6).
cost(13, 8, 20).
cost(13, 9, 77).
cost(13, 10, 89).
cost(13, 11, 46).
cost(13, 12, 90).
cost(13, 14, 81).
cost(13, 15, 71).
cost(13, 16, 33).
cost(13, 17, 21).
cost(13, 18, 14).
cost(14, 1, 17).
cost(14, 2, 22).
cost(14, 3, 64).
cost(14, 4, 72).
cost(14, 5, 26).
cost(14, 6, 24).
cost(14, 7, 80).
cost(14, 8, 88).
cost(14, 9, 37).
cost(14, 10, 36).
cost(14, 11, 65).
cost(14, 12, 10).
cost(14, 13, 81).
cost(14, 15, 34).
cost(14, 16, 62).
cost(14, 17, 60).
cost(14, 18, 70).
cost(15, 1, 51).
cost(15, 2, 37).
cost(15, 3, 57).
cost(15, 4, 80).
cost(15, 5, 55).
cost(15, 6, 58).
cost(15, 7, 72).
cost(15, 8, 85).
cost(15, 9, 7).
cost(15, 10, 19).
cost(15, 11, 76).
cost(15, 12, 36).
cost(15, 13, 71).
cost(15, 14, 34).
cost(15, 16, 67).
cost(15, 17, 54).
cost(15, 18, 57).
cost(16, 1, 67).
cost(16, 2, 83).
cost(16, 3, 23).
cost(16, 4, 14).
cost(16, 5, 85).
cost(16, 6, 69).
cost(16, 7, 28).
cost(16, 8, 29).
cost(16, 9, 73).
cost(16, 10, 83).
cost(16, 11, 14).
cost(16, 12, 72).
cost(16, 13, 33).
cost(16, 14, 62).
cost(16, 15, 67).
cost(16, 17, 22).
cost(16, 18, 34).
cost(17, 1, 70).
cost(17, 2, 79).
cost(17, 3, 4).
cost(17, 4, 35).
cost(17, 5, 86).
cost(17, 6, 75).
cost(17, 7, 20).
cost(17, 8, 31).
cost(17, 9, 60).
cost(17, 10, 72).
cost(17, 11, 37).
cost(17, 12, 69).
cost(17, 13, 21).
cost(17, 14, 60).
cost(17, 15, 54).
cost(17, 16, 22).
cost(17, 18, 13).
cost(18, 1, 81).
cost(18, 2, 86).
cost(18, 3, 11).
cost(18, 4, 45).
cost(18, 5, 96).
cost(18, 6, 86).
cost(18, 7, 17).
cost(18, 8, 32).
cost(18, 9, 63).
cost(18, 10, 75).
cost(18, 11, 48).
cost(18, 12, 78).
cost(18, 13, 14).
cost(18, 14, 70).
cost(18, 15, 57).
cost(18, 16, 34).
cost(18, 17, 13).
