dimension(18).
point(1, 17.5363368165, 51.6708122934).
point(2, 45.5722912533, 83.2332607529).
point(3, 71.2545263802, 50.4850565209).
point(4, 22.1519808879, 89.289589324).
point(5, 37.0624575987, 81.1781882299).
point(6, 23.8776406819, 84.4146198692).
point(7, 32.0658504418, 73.2998538305).
point(8, 67.119766515, 37.9581334442).
point(9, 88.1007966988, 31.295748646).
point(10, 79.5596481897, 29.3669669297).
point(11, 41.9687237423, 69.4733740031).
point(12, 60.2522809358, 34.9482156738).
point(13, 82.275923885, 32.3146391367).
point(14, 93.7726440247, 36.6821852211).
point(15, 48.1633199631, 20.6246042496).
point(16, 92.4986250099, 50.0714916994).
point(17, 40.5986833063, 88.2063224895).
point(18, 55.4077595979, 76.5681380008).
cost(1, 2, 42).
cost(1, 3, 54).
cost(1, 4, 38).
cost(1, 5, 35).
cost(1, 6, 33).
cost(1, 7, 26).
cost(1, 8, 51).
cost(1, 9, 73).
cost(1, 10, 66).
cost(1, 11, 30).
cost(1, 12, 46).
cost(1, 13, 68).
cost(1, 14, 78).
cost(1, 15, 44).
cost(1, 16, 75).
cost(1, 17, 43).
cost(1, 18, 45).
cost(2, 1, 42).
cost(2, 3, 42).
cost(2, 4, 24).
cost(2, 5, 9).
cost(2, 6, 22).
cost(2, 7, 17).
cost(2, 8, 50).
cost(2, 9, 67).
cost(2, 10, 64).
cost(2, 11, 14).
cost(2, 12, 50).
cost(2, 13, 63).
cost(2, 14, 67).
cost(2, 15, 63).
cost(2, 16, 57).
cost(2, 17, 7).
cost(2, 18, 12).
cost(3, 1, 54).
cost(3, 2, 42).
cost(3, 4, 63).
cost(3, 5, 46).
cost(3, 6, 58).
cost(3, 7, 45).
cost(3, 8, 13).
cost(3, 9, 26).
cost(3, 10, 23).
cost(3, 11, 35).
cost(3, 12, 19).
cost(3, 13, 21).
cost(3, 14, 26).
cost(3, 15, 38).
cost(3, 16, 21).
cost(3, 17, 49).
cost(3, 18, 31).
cost(4, 1, 38).
cost(4, 2, 24).
cost(4, 3, 63).
cost(4, 5, 17).
cost(4, 6, 5).
cost(4, 7, 19).
cost(4, 8, 68).
cost(4, 9, 88).
cost(4, 10, 83).
cost(4, 11, 28).
cost(4, 12, 66).
cost(4, 13, 83).
cost(4, 14, 89).
cost(4, 15, 73).
cost(4, 16, 81).
cost(4, 17, 18).
cost(4, 18, 36).
cost(5, 1, 35).
cost(5, 2, 9).
cost(5, 3, 46).
cost(5, 4, 17).
cost(5, 6, 14).
cost(5, 7, 9).
cost(5, 8, 53).
cost(5, 9, 71).
cost(5, 10, 67).
cost(5, 11, 13).
cost(5, 12, 52).
cost(5, 13, 67).
cost(5, 14, 72).
cost(5, 15, 62).
cost(5, 16, 64).
cost(5, 17, 8).
cost(5, 18, 19).
cost(6, 1, 33).
cost(6, 2, 22).
cost(6, 3, 58).
cost(6, 4, 5).
cost(6, 5, 14).
cost(6, 7, 14).
cost(6, 8, 63).
cost(6, 9, 83).
cost(6, 10, 78).
cost(6, 11, 23).
cost(6, 12, 61).
cost(6, 13, 78).
cost(6, 14, 85).
cost(6, 15, 68).
cost(6, 16, 77).
cost(6, 17, 17).
cost(6, 18, 32).
cost(7, 1, 26).
cost(7, 2, 17).
cost(7, 3, 45).
cost(7, 4, 19).
cost(7, 5, 9).
cost(7, 6, 14).
cost(7, 8, 50).
cost(7, 9, 70).
cost(7, 10, 65).
cost(7, 11, 11).
cost(7, 12, 48).
cost(7, 13, 65).
cost(7, 14, 72).
cost(7, 15, 55).
cost(7, 16, 65).
cost(7, 17, 17).
cost(7, 18, 24).
cost(8, 1, 51).
cost(8, 2, 50).
cost(8, 3, 13).
cost(8, 4, 68).
cost(8, 5, 53).
cost(8, 6, 63).
cost(8, 7, 50).
cost(8, 9, 22).
cost(8, 10, 15).
cost(8, 11, 40).
cost(8, 12, 7).
cost(8, 13, 16).
cost(8, 14, 27).
cost(8, 15, 26).
cost(8, 16, 28).
cost(8, 17, 57).
cost(8, 18, 40).
cost(9, 1, 73).
cost(9, 2, 67).
cost(9, 3, 26).
cost(9, 4, 88).
cost(9, 5, 71).
cost(9, 6, 83).
cost(9, 7, 70).
cost(9, 8, 22).
cost(9, 10, 9).
cost(9, 11, 60).
cost(9, 12, 28).
cost(9, 13, 6).
cost(9, 14, 8).
cost(9, 15, 41).
cost(9, 16, 19).
cost(9, 17, 74).
cost(9, 18, 56).
cost(10, 1, 66).
cost(10, 2, 64).
cost(10, 3, 23).
cost(10, 4, 83).
cost(10, 5, 67).
cost(10, 6, 78).
cost(10, 7, 65).
cost(10, 8, 15).
cost(10, 9, 9).
cost(10, 11, 55).
cost(10, 12, 20).
cost(10, 13, 4).
cost(10, 14, 16).
cost(10, 15, 33).
cost(10, 16, 24).
cost(10, 17, 71).
cost(10, 18, 53).
cost(11, 1, 30).
cost(11, 2, 14).
cost(11, 3, 35).
cost(11, 4, 28).
cost(11, 5, 13).
cost(11, 6, 23).
cost(11, 7, 11).
cost(11, 8, 40).
cost(11, 9, 60).
cost(11, 10, 55).
cost(11, 12, 39).
cost(11, 13, 55).
cost(11, 14, 61).
cost(11, 15, 49).
cost(11, 16, 54).
cost(11, 17, 19).
cost(11, 18, 15).
cost(12, 1, 46).
cost(12, 2, 50).
cost(12, 3, 19).
cost(12, 4, 66).
cost(12, 5, 52).
cost(12, 6, 61).
cost(12, 7, 48).
cost(12, 8, 7).
cost(12, 9, 28).
cost(12, 10, 20).
cost(12, 11, 39).
cost(12, 13, 22).
cost(12, 14, 34).
cost(12, 15, 19).
cost(12, 16, 36).
cost(12, 17, 57).
cost(12, 18, 42).
cost(13, 1, 68).
cost(13, 2, 63).
cost(13, 3, 21).
cost(13, 4, 83).
cost(13, 5, 67).
cost(13, 6, 78).
cost(13, 7, 65).
cost(13, 8, 16).
cost(13, 9, 6).
cost(13, 10, 4).
cost(13, 11, 55).
cost(13, 12, 22).
cost(13, 14, 12).
cost(13, 15, 36).
cost(13, 16, 20).
cost(13, 17, 70).
cost(13, 18, 52).
cost(14, 1, 78).
cost(14, 2, 67).
cost(14, 3, 26).
cost(14, 4, 89).
cost(14, 5, 72).
cost(14, 6, 85).
cost(14, 7, 72).
cost(14, 8, 27).
cost(14, 9, 8).
cost(14, 10, 16).
cost(14, 11, 61).
cost(14, 12, 34).
cost(14, 13, 12).
cost(14, 15, 48).
cost(14, 16, 13).
cost(14, 17, 74).
cost(14, 18, 55).
cost(15, 1, 44).
cost(15, 2, 63).
cost(15, 3, 38).
cost(15, 4, 73).
cost(15, 5, 62).
cost(15, 6, 68).
cost(15, 7, 55).
cost(15, 8, 26).
cost(15, 9, 41).
cost(15, 10, 33).
cost(15, 11, 49).
cost(15, 12, 19).
cost(15, 13, 36).
cost(15, 14, 48).
cost(15, 16, 53).
cost(15, 17, 68).
cost(15, 18, 56).
cost(16, 1, 75).
cost(16, 2, 57).
cost(16, 3, 21).
cost(16, 4, 81).
cost(16, 5, 64).
cost(16, 6, 77).
cost(16, 7, 65).
cost(16, 8, 28).
cost(16, 9, 19).
cost(16, 10, 24).
cost(16, 11, 54).
cost(16, 12, 36).
cost(16, 13, 20).
cost(16, 14, 13).
cost(16, 15, 53).
cost(16, 17, 64).
cost(16, 18, 46).
cost(17, 1, 43).
cost(17, 2, 7).
cost(17, 3, 49).
cost(17, 4, 18).
cost(17, 5, 8).
cost(17, 6, 17).
cost(17, 7, 17).
cost(17, 8, 57).
cost(17, 9, 74).
cost(17, 10, 71).
cost(17, 11, 19).
cost(17, 12, 57).
cost(17, 13, 70).
cost(17, 14, 74).
cost(17, 15, 68).
cost(17, 16, 64).
cost(17, 18, 19).
cost(18, 1, 45).
cost(18, 2, 12).
cost(18, 3, 31).
cost(18, 4, 36).
cost(18, 5, 19).
cost(18, 6, 32).
cost(18, 7, 24).
cost(18, 8, 40).
cost(18, 9, 56).
cost(18, 10, 53).
cost(18, 11, 15).
cost(18, 12, 42).
cost(18, 13, 52).
cost(18, 14, 55).
cost(18, 15, 56).
cost(18, 16, 46).
cost(18, 17, 19).
