dimension(18).
point(1, 54.3783623213, 32.8897712856).
point(2, 85.3872062933, 17.6510959907).
point(3, 45.0401903621, 27.5755646624).
point(4, 36.5437477205, 75.4255332542).
point(5, 84.0529546539, 38.5909742049).
point(6, 36.4847228568, 69.9291553411).
point(7, 77.937429443, 52.2292867958).
point(8, 19.860849687, 50.9661405226).
point(9, 88.4661954903, 24.2276488921).
point(10, 23.5622149975, 89.2077876261).
point(11, 28.6349443166, 49.4281464272).
point(12, 75.8499456535, 9.4726337694).
point(13, 69.1991863794, 28.8590999689).
point(14, 9.6338261569, 78.1458176211).
point(15, 76.1700977677, 45.6536522619).
point(16, 16.4054668802, 80.0972671903).
point(17, 14.8235474078, 88.75207691).
point(18, 40.2601178784, 88.4522636843).
cost(1, 2, 35).
cost(1, 3, 11).
cost(1, 4, 46).
cost(1, 5, 30).
cost(1, 6, 41).
cost(1, 7, 30).
cost(1, 8, 39).
cost(1, 9, 35).
cost(1, 10, 64).
cost(1, 11, 31).
cost(1, 12, 32).
cost(1, 13, 15).
cost(1, 14, 64).
cost(1, 15, 25).
cost(1, 16, 61).
cost(1, 17, 68).
cost(1, 18, 57).
cost(2, 1, 35).
cost(2, 3, 42).
cost(2, 4, 76).
cost(2, 5, 21).
cost(2, 6, 72).
cost(2, 7, 35).
cost(2, 8, 74).
cost(2, 9, 7).
cost(2, 10, 95).
cost(2, 11, 65).
cost(2, 12, 13).
cost(2, 13, 20).
cost(2, 14, 97).
cost(2, 15, 29).
cost(2, 16, 93).
cost(2, 17, 100).
cost(2, 18, 84).
cost(3, 1, 11).
cost(3, 2, 42).
cost(3, 4, 49).
cost(3, 5, 41).
cost(3, 6, 43).
cost(3, 7, 41).
cost(3, 8, 34).
cost(3, 9, 44).
cost(3, 10, 65).
cost(3, 11, 27).
cost(3, 12, 36).
cost(3, 13, 24).
cost(3, 14, 62).
cost(3, 15, 36).
cost(3, 16, 60).
cost(3, 17, 68).
cost(3, 18, 61).
cost(4, 1, 46).
cost(4, 2, 76).
cost(4, 3, 49).
cost(4, 5, 60).
cost(4, 6, 5).
cost(4, 7, 47).
cost(4, 8, 30).
cost(4, 9, 73).
cost(4, 10, 19).
cost(4, 11, 27).
cost(4, 12, 77).
cost(4, 13, 57).
cost(4, 14, 27).
cost(4, 15, 50).
cost(4, 16, 21).
cost(4, 17, 25).
cost(4, 18, 14).
cost(5, 1, 30).
cost(5, 2, 21).
cost(5, 3, 41).
cost(5, 4, 60).
cost(5, 6, 57).
cost(5, 7, 15).
cost(5, 8, 65).
cost(5, 9, 15).
cost(5, 10, 79).
cost(5, 11, 56).
cost(5, 12, 30).
cost(5, 13, 18).
cost(5, 14, 84).
cost(5, 15, 11).
cost(5, 16, 79).
cost(5, 17, 85).
cost(5, 18, 66).
cost(6, 1, 41).
cost(6, 2, 72).
cost(6, 3, 43).
cost(6, 4, 5).
cost(6, 5, 57).
cost(6, 7, 45).
cost(6, 8, 25).
cost(6, 9, 69).
cost(6, 10, 23).
cost(6, 11, 22).
cost(6, 12, 72).
cost(6, 13, 53).
cost(6, 14, 28).
cost(6, 15, 47).
cost(6, 16, 23).
cost(6, 17, 29).
cost(6, 18, 19).
cost(7, 1, 30).
cost(7, 2, 35).
cost(7, 3, 41).
cost(7, 4, 47).
cost(7, 5, 15).
cost(7, 6, 45).
cost(7, 8, 58).
cost(7, 9, 30).
cost(7, 10, 66).
cost(7, 11, 49).
cost(7, 12, 43).
cost(7, 13, 25).
cost(7, 14, 73).
cost(7, 15, 7).
cost(7, 16, 68).
cost(7, 17, 73).
cost(7, 18, 52).
cost(8, 1, 39).
cost(8, 2, 74).
cost(8, 3, 34).
cost(8, 4, 30).
cost(8, 5, 65).
cost(8, 6, 25).
cost(8, 7, 58).
cost(8, 9, 74).
cost(8, 10, 38).
cost(8, 11, 9).
cost(8, 12, 70).
cost(8, 13, 54).
cost(8, 14, 29).
cost(8, 15, 57).
cost(8, 16, 29).
cost(8, 17, 38).
cost(8, 18, 43).
cost(9, 1, 35).
cost(9, 2, 7).
cost(9, 3, 44).
cost(9, 4, 73).
cost(9, 5, 15).
cost(9, 6, 69).
cost(9, 7, 30).
cost(9, 8, 74).
cost(9, 10, 92).
cost(9, 11, 65).
cost(9, 12, 19).
cost(9, 13, 20).
cost(9, 14, 96).
cost(9, 15, 25).
cost(9, 16, 91).
cost(9, 17, 98).
cost(9, 18, 80).
cost(10, 1, 64).
cost(10, 2, 95).
cost(10, 3, 65).
cost(10, 4, 19).
cost(10, 5, 79).
cost(10, 6, 23).
cost(10, 7, 66).
cost(10, 8, 38).
cost(10, 9, 92).
cost(10, 11, 40).
cost(10, 12, 95).
cost(10, 13, 76).
cost(10, 14, 18).
cost(10, 15, 68).
cost(10, 16, 12).
cost(10, 17, 9).
cost(10, 18, 17).
cost(11, 1, 31).
cost(11, 2, 65).
cost(11, 3, 27).
cost(11, 4, 27).
cost(11, 5, 56).
cost(11, 6, 22).
cost(11, 7, 49).
cost(11, 8, 9).
cost(11, 9, 65).
cost(11, 10, 40).
cost(11, 12, 62).
cost(11, 13, 45).
cost(11, 14, 34).
cost(11, 15, 48).
cost(11, 16, 33).
cost(11, 17, 42).
cost(11, 18, 41).
cost(12, 1, 32).
cost(12, 2, 13).
cost(12, 3, 36).
cost(12, 4, 77).
cost(12, 5, 30).
cost(12, 6, 72).
cost(12, 7, 43).
cost(12, 8, 70).
cost(12, 9, 19).
cost(12, 10, 95).
cost(12, 11, 62).
cost(12, 13, 20).
cost(12, 14, 95).
cost(12, 15, 36).
cost(12, 16, 92).
cost(12, 17, 100).
cost(12, 18, 87).
cost(13, 1, 15).
cost(13, 2, 20).
cost(13, 3, 24).
cost(13, 4, 57).
cost(13, 5, 18).
cost(13, 6, 53).
cost(13, 7, 25).
cost(13, 8, 54).
cost(13, 9, 20).
cost(13, 10, 76).
cost(13, 11, 45).
cost(13, 12, 20).
cost(13, 14, 77).
cost(13, 15, 18).
cost(13, 16, 74).
cost(13, 17, 81).
cost(13, 18, 66).
cost(14, 1, 64).
cost(14, 2, 97).
cost(14, 3, 62).
cost(14, 4, 27).
cost(14, 5, 84).
cost(14, 6, 28).
cost(14, 7, 73).
cost(14, 8, 29).
cost(14, 9, 96).
cost(14, 10, 18).
cost(14, 11, 34).
cost(14, 12, 95).
cost(14, 13, 77).
cost(14, 15, 74).
cost(14, 16, 7).
cost(14, 17, 12).
cost(14, 18, 32).
cost(15, 1, 25).
cost(15, 2, 29).
cost(15, 3, 36).
cost(15, 4, 50).
cost(15, 5, 11).
cost(15, 6, 47).
cost(15, 7, 7).
cost(15, 8, 57).
cost(15, 9, 25).
cost(15, 10, 68).
cost(15, 11, 48).
cost(15, 12, 36).
cost(15, 13, 18).
cost(15, 14, 74).
cost(15, 16, 69).
cost(15, 17, 75).
cost(15, 18, 56).
cost(16, 1, 61).
cost(16, 2, 93).
cost(16, 3, 60).
cost(16, 4, 21).
cost(16, 5, 79).
cost(16, 6, 23).
cost(16, 7, 68).
cost(16, 8, 29).
cost(16, 9, 91).
cost(16, 10, 12).
cost(16, 11, 33).
cost(16, 12, 92).
cost(16, 13, 74).
cost(16, 14, 7).
cost(16, 15, 69).
cost(16, 17, 9).
cost(16, 18, 25).
cost(17, 1, 68).
cost(17, 2, 100).
cost(17, 3, 68).
cost(17, 4, 25).
cost(17, 5, 85).
cost(17, 6, 29).
cost(17, 7, 73).
cost(17, 8, 38).
cost(17, 9, 98).
cost(17, 10, 9).
cost(17, 11, 42).
cost(17, 12, 100).
cost(17, 13, 81).
cost(17, 14, 12).
cost(17, 15, 75).
cost(17, 16, 9).
cost(17, 18, 25).
cost(18, 1, 57).
cost(18, 2, 84).
cost(18, 3, 61).
cost(18, 4, 14).
cost(18, 5, 66).
cost(18, 6, 19).
cost(18, 7, 52).
cost(18, 8, 43).
cost(18, 9, 80).
cost(18, 10, 17).
cost(18, 11, 41).
cost(18, 12, 87).
cost(18, 13, 66).
cost(18, 14, 32).
cost(18, 15, 56).
cost(18, 16, 25).
cost(18, 17, 25).
