dimension(18).
point(1, 34.4786623288, 47.2679139751).
point(2, 33.3920934105, 19.9920006763).
point(3, 58.8882036863, 17.9244405382).
point(4, 58.5751036705, 62.5516131202).
point(5, 66.9599859452, 71.5554914489).
point(6, 93.5003240735, 41.6367010212).
point(7, 32.5992889576, 25.46851621).
point(8, 78.8875422285, 74.5668910767).
point(9, 78.6550914767, 36.374570681).
point(10, 47.7983054526, 69.788379123).
point(11, 63.149935634, 65.7568392783).
point(12, 37.7247042757, 9.2462693032).
point(13, 56.9841168765, 35.7639020548).
point(14, 56.1187834117, 29.5913391067).
point(15, 37.2919696478, 36.8619401996).
point(16, 88.2437867864, 43.9177801398).
point(17, 43.5314690037, 92.1058061089).
point(18, 14.4599784397, 29.2894079545).
cost(1, 2, 27).
cost(1, 3, 38).
cost(1, 4, 29).
cost(1, 5, 41).
cost(1, 6, 59).
cost(1, 7, 22).
cost(1, 8, 52).
cost(1, 9, 45).
cost(1, 10, 26).
cost(1, 11, 34).
cost(1, 12, 38).
cost(1, 13, 25).
cost(1, 14, 28).
cost(1, 15, 11).
cost(1, 16, 54).
cost(1, 17, 46).
cost(1, 18, 27).
cost(2, 1, 27).
cost(2, 3, 26).
cost(2, 4, 49).
cost(2, 5, 62).
cost(2, 6, 64).
cost(2, 7, 6).
cost(2, 8, 71).
cost(2, 9, 48).
cost(2, 10, 52).
cost(2, 11, 55).
cost(2, 12, 12).
cost(2, 13, 28).
cost(2, 14, 25).
cost(2, 15, 17).
cost(2, 16, 60).
cost(2, 17, 73).
cost(2, 18, 21).
cost(3, 1, 38).
cost(3, 2, 26).
cost(3, 4, 45).
cost(3, 5, 54).
cost(3, 6, 42).
cost(3, 7, 27).
cost(3, 8, 60).
cost(3, 9, 27).
cost(3, 10, 53).
cost(3, 11, 48).
cost(3, 12, 23).
cost(3, 13, 18).
cost(3, 14, 12).
cost(3, 15, 29).
cost(3, 16, 39).
cost(3, 17, 76).
cost(3, 18, 46).
cost(4, 1, 29).
cost(4, 2, 49).
cost(4, 3, 45).
cost(4, 5, 12).
cost(4, 6, 41).
cost(4, 7, 45).
cost(4, 8, 24).
cost(4, 9, 33).
cost(4, 10, 13).
cost(4, 11, 6).
cost(4, 12, 57).
cost(4, 13, 27).
cost(4, 14, 33).
cost(4, 15, 33).
cost(4, 16, 35).
cost(4, 17, 33).
cost(4, 18, 55).
cost(5, 1, 41).
cost(5, 2, 62).
cost(5, 3, 54).
cost(5, 4, 12).
cost(5, 6, 40).
cost(5, 7, 57).
cost(5, 8, 12).
cost(5, 9, 37).
cost(5, 10, 19).
cost(5, 11, 7).
cost(5, 12, 69).
cost(5, 13, 37).
cost(5, 14, 43).
cost(5, 15, 46).
cost(5, 16, 35).
cost(5, 17, 31).
cost(5, 18, 67).
cost(6, 1, 59).
cost(6, 2, 64).
cost(6, 3, 42).
cost(6, 4, 41).
cost(6, 5, 40).
cost(6, 7, 63).
cost(6, 8, 36).
cost(6, 9, 16).
cost(6, 10, 54).
cost(6, 11, 39).
cost(6, 12, 64).
cost(6, 13, 37).
cost(6, 14, 39).
cost(6, 15, 56).
cost(6, 16, 6).
cost(6, 17, 71).
cost(6, 18, 80).
cost(7, 1, 22).
cost(7, 2, 6).
cost(7, 3, 27).
cost(7, 4, 45).
cost(7, 5, 57).
cost(7, 6, 63).
cost(7, 8, 67).
cost(7, 9, 47).
cost(7, 10, 47).
cost(7, 11, 51).
cost(7, 12, 17).
cost(7, 13, 26).
cost(7, 14, 24).
cost(7, 15, 12).
cost(7, 16, 59).
cost(7, 17, 68).
cost(7, 18, 19).
cost(8, 1, 52).
cost(8, 2, 71).
cost(8, 3, 60).
cost(8, 4, 24).
cost(8, 5, 12).
cost(8, 6, 36).
cost(8, 7, 67).
cost(8, 9, 38).
cost(8, 10, 31).
cost(8, 11, 18).
cost(8, 12, 77).
cost(8, 13, 45).
cost(8, 14, 50).
cost(8, 15, 56).
cost(8, 16, 32).
cost(8, 17, 39).
cost(8, 18, 79).
cost(9, 1, 45).
cost(9, 2, 48).
cost(9, 3, 27).
cost(9, 4, 33).
cost(9, 5, 37).
cost(9, 6, 16).
cost(9, 7, 47).
cost(9, 8, 38).
cost(9, 10, 45).
cost(9, 11, 33).
cost(9, 12, 49).
cost(9, 13, 22).
cost(9, 14, 24).
cost(9, 15, 41).
cost(9, 16, 12).
cost(9, 17, 66).
cost(9, 18, 65).
cost(10, 1, 26).
cost(10, 2, 52).
cost(10, 3, 53).
cost(10, 4, 13).
cost(10, 5, 19).
cost(10, 6, 54).
cost(10, 7, 47).
cost(10, 8, 31).
cost(10, 9, 45).
cost(10, 11, 16).
cost(10, 12, 61).
cost(10, 13, 35).
cost(10, 14, 41).
cost(10, 15, 35).
cost(10, 16, 48).
cost(10, 17, 23).
cost(10, 18, 52).
cost(11, 1, 34).
cost(11, 2, 55).
cost(11, 3, 48).
cost(11, 4, 6).
cost(11, 5, 7).
cost(11, 6, 39).
cost(11, 7, 51).
cost(11, 8, 18).
cost(11, 9, 33).
cost(11, 10, 16).
cost(11, 12, 62).
cost(11, 13, 31).
cost(11, 14, 37).
cost(11, 15, 39).
cost(11, 16, 33).
cost(11, 17, 33).
cost(11, 18, 61).
cost(12, 1, 38).
cost(12, 2, 12).
cost(12, 3, 23).
cost(12, 4, 57).
cost(12, 5, 69).
cost(12, 6, 64).
cost(12, 7, 17).
cost(12, 8, 77).
cost(12, 9, 49).
cost(12, 10, 61).
cost(12, 11, 62).
cost(12, 13, 33).
cost(12, 14, 27).
cost(12, 15, 28).
cost(12, 16, 61).
cost(12, 17, 83).
cost(12, 18, 31).
cost(13, 1, 25).
cost(13, 2, 28).
cost(13, 3, 18).
cost(13, 4, 27).
cost(13, 5, 37).
cost(13, 6, 37).
cost(13, 7, 26).
cost(13, 8, 45).
cost(13, 9, 22).
cost(13, 10, 35).
cost(13, 11, 31).
cost(13, 12, 33).
cost(13, 14, 6).
cost(13, 15, 20).
cost(13, 16, 32).
cost(13, 17, 58).
cost(13, 18, 43).
cost(14, 1, 28).
cost(14, 2, 25).
cost(14, 3, 12).
cost(14, 4, 33).
cost(14, 5, 43).
cost(14, 6, 39).
cost(14, 7, 24).
cost(14, 8, 50).
cost(14, 9, 24).
cost(14, 10, 41).
cost(14, 11, 37).
cost(14, 12, 27).
cost(14, 13, 6).
cost(14, 15, 20).
cost(14, 16, 35).
cost(14, 17, 64).
cost(14, 18, 42).
cost(15, 1, 11).
cost(15, 2, 17).
cost(15, 3, 29).
cost(15, 4, 33).
cost(15, 5, 46).
cost(15, 6, 56).
cost(15, 7, 12).
cost(15, 8, 56).
cost(15, 9, 41).
cost(15, 10, 35).
cost(15, 11, 39).
cost(15, 12, 28).
cost(15, 13, 20).
cost(15, 14, 20).
cost(15, 16, 51).
cost(15, 17, 56).
cost(15, 18, 24).
cost(16, 1, 54).
cost(16, 2, 60).
cost(16, 3, 39).
cost(16, 4, 35).
cost(16, 5, 35).
cost(16, 6, 6).
cost(16, 7, 59).
cost(16, 8, 32).
cost(16, 9, 12).
cost(16, 10, 48).
cost(16, 11, 33).
cost(16, 12, 61).
cost(16, 13, 32).
cost(16, 14, 35).
cost(16, 15, 51).
cost(16, 17, 66).
cost(16, 18, 75).
cost(17, 1, 46).
cost(17, 2, 73).
cost(17, 3, 76).
cost(17, 4, 33).
cost(17, 5, 31).
cost(17, 6, 71).
cost(17, 7, 68).
cost(17, 8, 39).
cost(17, 9, 66).
cost(17, 10, 23).
cost(17, 11, 33).
cost(17, 12, 83).
cost(17, 13, 58).
cost(17, 14, 64).
cost(17, 15, 56).
cost(17, 16, 66).
cost(17, 18, 69).
cost(18, 1, 27).
cost(18, 2, 21).
cost(18, 3, 46).
cost(18, 4, 55).
cost(18, 5, 67).
cost(18, 6, 80).
cost(18, 7, 19).
cost(18, 8, 79).
cost(18, 9, 65).
cost(18, 10, 52).
cost(18, 11, 61).
cost(18, 12, 31).
cost(18, 13, 43).
cost(18, 14, 42).
cost(18, 15, 24).
cost(18, 16, 75).
cost(18, 17, 69).
