dimension(18).
point(1, 27.9290643114, 52.288196737).
point(2, 38.3657327002, 29.9451214998).
point(3, 96.1861768446, 45.02022071).
point(4, 44.6007247713, 25.5545584022).
point(5, 83.2434771953, 59.0737222938).
point(6, 80.55104553, 79.7142636457).
point(7, 70.7951986489, 75.327962245).
point(8, 81.5956333374, 91.8075702812).
point(9, 33.6010651453, 41.8051752414).
point(10, 61.6810309016, 91.7619207964).
point(11, 89.3628457448, 45.0950552947).
point(12, 52.8885928868, 18.405164863).
point(13, 44.7689272154, 16.2613337775).
point(14, 61.5119494901, 17.6831955167).
point(15, 59.8495701982, 78.4065413312).
point(16, 17.9129067337, 10.7579321204).
point(17, 59.5173423211, 92.0747365799).
point(18, 22.7302063227, 3.4504262345).
cost(1, 2, 25).
cost(1, 3, 69).
cost(1, 4, 32).
cost(1, 5, 56).
cost(1, 6, 59).
cost(1, 7, 49).
cost(1, 8, 67).
cost(1, 9, 12).
cost(1, 10, 52).
cost(1, 11, 62).
cost(1, 12, 42).
cost(1, 13, 40).
cost(1, 14, 48).
cost(1, 15, 41).
cost(1, 16, 43).
cost(1, 17, 51).
cost(1, 18, 49).
cost(2, 1, 25).
cost(2, 3, 60).
cost(2, 4, 8).
cost(2, 5, 54).
cost(2, 6, 65).
cost(2, 7, 56).
cost(2, 8, 75).
cost(2, 9, 13).
cost(2, 10, 66).
cost(2, 11, 53).
cost(2, 12, 19).
cost(2, 13, 15).
cost(2, 14, 26).
cost(2, 15, 53).
cost(2, 16, 28).
cost(2, 17, 66).
cost(2, 18, 31).
cost(3, 1, 69).
cost(3, 2, 60).
cost(3, 4, 55).
cost(3, 5, 19).
cost(3, 6, 38).
cost(3, 7, 40).
cost(3, 8, 49).
cost(3, 9, 63).
cost(3, 10, 58).
cost(3, 11, 7).
cost(3, 12, 51).
cost(3, 13, 59).
cost(3, 14, 44).
cost(3, 15, 49).
cost(3, 16, 85).
cost(3, 17, 60).
cost(3, 18, 84).
cost(4, 1, 32).
cost(4, 2, 8).
cost(4, 3, 55).
cost(4, 5, 51).
cost(4, 6, 65).
cost(4, 7, 56).
cost(4, 8, 76).
cost(4, 9, 20).
cost(4, 10, 68).
cost(4, 11, 49).
cost(4, 12, 11).
cost(4, 13, 9).
cost(4, 14, 19).
cost(4, 15, 55).
cost(4, 16, 31).
cost(4, 17, 68).
cost(4, 18, 31).
cost(5, 1, 56).
cost(5, 2, 54).
cost(5, 3, 19).
cost(5, 4, 51).
cost(5, 6, 21).
cost(5, 7, 20).
cost(5, 8, 33).
cost(5, 9, 53).
cost(5, 10, 39).
cost(5, 11, 15).
cost(5, 12, 51).
cost(5, 13, 58).
cost(5, 14, 47).
cost(5, 15, 30).
cost(5, 16, 81).
cost(5, 17, 41).
cost(5, 18, 82).
cost(6, 1, 59).
cost(6, 2, 65).
cost(6, 3, 38).
cost(6, 4, 65).
cost(6, 5, 21).
cost(6, 7, 11).
cost(6, 8, 12).
cost(6, 9, 60).
cost(6, 10, 22).
cost(6, 11, 36).
cost(6, 12, 67).
cost(6, 13, 73).
cost(6, 14, 65).
cost(6, 15, 21).
cost(6, 16, 93).
cost(6, 17, 24).
cost(6, 18, 96).
cost(7, 1, 49).
cost(7, 2, 56).
cost(7, 3, 40).
cost(7, 4, 56).
cost(7, 5, 20).
cost(7, 6, 11).
cost(7, 8, 20).
cost(7, 9, 50).
cost(7, 10, 19).
cost(7, 11, 35).
cost(7, 12, 60).
cost(7, 13, 65).
cost(7, 14, 58).
cost(7, 15, 11).
cost(7, 16, 83).
cost(7, 17, 20).
cost(7, 18, 86).
cost(8, 1, 67).
cost(8, 2, 75).
cost(8, 3, 49).
cost(8, 4, 76).
cost(8, 5, 33).
cost(8, 6, 12).
cost(8, 7, 20).
cost(8, 9, 69).
cost(8, 10, 20).
cost(8, 11, 47).
cost(8, 12, 79).
cost(8, 13, 84).
cost(8, 14, 77).
cost(8, 15, 26).
cost(8, 16, 103).
cost(8, 17, 22).
cost(8, 18, 106).
cost(9, 1, 12).
cost(9, 2, 13).
cost(9, 3, 63).
cost(9, 4, 20).
cost(9, 5, 53).
cost(9, 6, 60).
cost(9, 7, 50).
cost(9, 8, 69).
cost(9, 10, 57).
cost(9, 11, 56).
cost(9, 12, 30).
cost(9, 13, 28).
cost(9, 14, 37).
cost(9, 15, 45).
cost(9, 16, 35).
cost(9, 17, 57).
cost(9, 18, 40).
cost(10, 1, 52).
cost(10, 2, 66).
cost(10, 3, 58).
cost(10, 4, 68).
cost(10, 5, 39).
cost(10, 6, 22).
cost(10, 7, 19).
cost(10, 8, 20).
cost(10, 9, 57).
cost(10, 11, 54).
cost(10, 12, 74).
cost(10, 13, 77).
cost(10, 14, 74).
cost(10, 15, 13).
cost(10, 16, 92).
cost(10, 17, 2).
cost(10, 18, 97).
cost(11, 1, 62).
cost(11, 2, 53).
cost(11, 3, 7).
cost(11, 4, 49).
cost(11, 5, 15).
cost(11, 6, 36).
cost(11, 7, 35).
cost(11, 8, 47).
cost(11, 9, 56).
cost(11, 10, 54).
cost(11, 12, 45).
cost(11, 13, 53).
cost(11, 14, 39).
cost(11, 15, 45).
cost(11, 16, 79).
cost(11, 17, 56).
cost(11, 18, 79).
cost(12, 1, 42).
cost(12, 2, 19).
cost(12, 3, 51).
cost(12, 4, 11).
cost(12, 5, 51).
cost(12, 6, 67).
cost(12, 7, 60).
cost(12, 8, 79).
cost(12, 9, 30).
cost(12, 10, 74).
cost(12, 11, 45).
cost(12, 13, 8).
cost(12, 14, 9).
cost(12, 15, 60).
cost(12, 16, 36).
cost(12, 17, 74).
cost(12, 18, 34).
cost(13, 1, 40).
cost(13, 2, 15).
cost(13, 3, 59).
cost(13, 4, 9).
cost(13, 5, 58).
cost(13, 6, 73).
cost(13, 7, 65).
cost(13, 8, 84).
cost(13, 9, 28).
cost(13, 10, 77).
cost(13, 11, 53).
cost(13, 12, 8).
cost(13, 14, 17).
cost(13, 15, 64).
cost(13, 16, 27).
cost(13, 17, 77).
cost(13, 18, 25).
cost(14, 1, 48).
cost(14, 2, 26).
cost(14, 3, 44).
cost(14, 4, 19).
cost(14, 5, 47).
cost(14, 6, 65).
cost(14, 7, 58).
cost(14, 8, 77).
cost(14, 9, 37).
cost(14, 10, 74).
cost(14, 11, 39).
cost(14, 12, 9).
cost(14, 13, 17).
cost(14, 15, 61).
cost(14, 16, 44).
cost(14, 17, 74).
cost(14, 18, 41).
cost(15, 1, 41).
cost(15, 2, 53).
cost(15, 3, 49).
cost(15, 4, 55).
cost(15, 5, 30).
cost(15, 6, 21).
cost(15, 7, 11).
cost(15, 8, 26).
cost(15, 9, 45).
cost(15, 10, 13).
cost(15, 11, 45).
cost(15, 12, 60).
cost(15, 13, 64).
cost(15, 14, 61).
cost(15, 16, 80).
cost(15, 17, 14).
cost(15, 18, 84).
cost(16, 1, 43).
cost(16, 2, 28).
cost(16, 3, 85).
cost(16, 4, 31).
cost(16, 5, 81).
cost(16, 6, 93).
cost(16, 7, 83).
cost(16, 8, 103).
cost(16, 9, 35).
cost(16, 10, 92).
cost(16, 11, 79).
cost(16, 12, 36).
cost(16, 13, 27).
cost(16, 14, 44).
cost(16, 15, 80).
cost(16, 17, 91).
cost(16, 18, 9).
cost(17, 1, 51).
cost(17, 2, 66).
cost(17, 3, 60).
cost(17, 4, 68).
cost(17, 5, 41).
cost(17, 6, 24).
cost(17, 7, 20).
cost(17, 8, 22).
cost(17, 9, 57).
cost(17, 10, 2).
cost(17, 11, 56).
cost(17, 12, 74).
cost(17, 13, 77).
cost(17, 14, 74).
cost(17, 15, 14).
cost(17, 16, 91).
cost(17, 18, 96).
cost(18, 1, 49).
cost(18, 2, 31).
cost(18, 3, 84).
cost(18, 4, 31).
cost(18, 5, 82).
cost(18, 6, 96).
cost(18, 7, 86).
cost(18, 8, 106).
cost(18, 9, 40).
cost(18, 10, 97).
cost(18, 11, 79).
cost(18, 12, 34).
cost(18, 13, 25).
cost(18, 14, 41).
cost(18, 15, 84).
cost(18, 16, 9).
cost(18, 17, 96).
