dimension(18).
point(1, 43.0188730892, 85.2879789305).
point(2, 21.8439940289, 26.6880298398).
point(3, 11.6299181893, 33.4001632927).
point(4, 26.0904228007, 35.605260461).
point(5, 70.581396803, 97.9429959559).
point(6, 42.1445206268, 96.8184681917).
point(7, 85.1663460051, 66.7671054044).
point(8, 92.1949218649, 46.8405922049).
point(9, 13.7679567595, 29.2493860077).
point(10, 51.4969764404, 90.3449351664).
point(11, 95.979096778, 69.4886326185).
point(12, 34.7249046471, 12.6768614046).
point(13, 26.5138826805, 27.8593393292).
point(14, 49.180075588, 8.4623514167).
point(15, 17.6650187784, 6.2695049829).
point(16, 82.7174822762, 72.5645021853).
point(17, 75.0570119831, 63.9810284978).
point(18, 31.4447552069, 7.3700288786).
cost(1, 2, 62).
cost(1, 3, 61).
cost(1, 4, 52).
cost(1, 5, 30).
cost(1, 6, 12).
cost(1, 7, 46).
cost(1, 8, 62).
cost(1, 9, 63).
cost(1, 10, 10).
cost(1, 11, 55).
cost(1, 12, 73).
cost(1, 13, 60).
cost(1, 14, 77).
cost(1, 15, 83).
cost(1, 16, 42).
cost(1, 17, 38).
cost(1, 18, 79).
cost(2, 1, 62).
cost(2, 3, 12).
cost(2, 4, 10).
cost(2, 5, 86).
cost(2, 6, 73).
cost(2, 7, 75).
cost(2, 8, 73).
cost(2, 9, 8).
cost(2, 10, 70).
cost(2, 11, 86).
cost(2, 12, 19).
cost(2, 13, 5).
cost(2, 14, 33).
cost(2, 15, 21).
cost(2, 16, 76).
cost(2, 17, 65).
cost(2, 18, 22).
cost(3, 1, 61).
cost(3, 2, 12).
cost(3, 4, 15).
cost(3, 5, 87).
cost(3, 6, 70).
cost(3, 7, 81).
cost(3, 8, 82).
cost(3, 9, 5).
cost(3, 10, 70).
cost(3, 11, 92).
cost(3, 12, 31).
cost(3, 13, 16).
cost(3, 14, 45).
cost(3, 15, 28).
cost(3, 16, 81).
cost(3, 17, 70).
cost(3, 18, 33).
cost(4, 1, 52).
cost(4, 2, 10).
cost(4, 3, 15).
cost(4, 5, 77).
cost(4, 6, 63).
cost(4, 7, 67).
cost(4, 8, 67).
cost(4, 9, 14).
cost(4, 10, 60).
cost(4, 11, 78).
cost(4, 12, 25).
cost(4, 13, 8).
cost(4, 14, 36).
cost(4, 15, 31).
cost(4, 16, 68).
cost(4, 17, 57).
cost(4, 18, 29).
cost(5, 1, 30).
cost(5, 2, 86).
cost(5, 3, 87).
cost(5, 4, 77).
cost(5, 6, 28).
cost(5, 7, 34).
cost(5, 8, 55).
cost(5, 9, 89).
cost(5, 10, 21).
cost(5, 11, 38).
cost(5, 12, 92).
cost(5, 13, 83).
cost(5, 14, 92).
cost(5, 15, 106).
cost(5, 16, 28).
cost(5, 17, 34).
cost(5, 18, 99).
cost(6, 1, 12).
cost(6, 2, 73).
cost(6, 3, 70).
cost(6, 4, 63).
cost(6, 5, 28).
cost(6, 7, 52).
cost(6, 8, 71).
cost(6, 9, 73).
cost(6, 10, 11).
cost(6, 11, 60).
cost(6, 12, 84).
cost(6, 13, 71).
cost(6, 14, 89).
cost(6, 15, 94).
cost(6, 16, 47).
cost(6, 17, 46).
cost(6, 18, 90).
cost(7, 1, 46).
cost(7, 2, 75).
cost(7, 3, 81).
cost(7, 4, 67).
cost(7, 5, 34).
cost(7, 6, 52).
cost(7, 8, 21).
cost(7, 9, 81).
cost(7, 10, 41).
cost(7, 11, 11).
cost(7, 12, 74).
cost(7, 13, 70).
cost(7, 14, 69).
cost(7, 15, 91).
cost(7, 16, 6).
cost(7, 17, 10).
cost(7, 18, 80).
cost(8, 1, 62).
cost(8, 2, 73).
cost(8, 3, 82).
cost(8, 4, 67).
cost(8, 5, 55).
cost(8, 6, 71).
cost(8, 7, 21).
cost(8, 9, 80).
cost(8, 10, 60).
cost(8, 11, 23).
cost(8, 12, 67).
cost(8, 13, 68).
cost(8, 14, 58).
cost(8, 15, 85).
cost(8, 16, 27).
cost(8, 17, 24).
cost(8, 18, 72).
cost(9, 1, 63).
cost(9, 2, 8).
cost(9, 3, 5).
cost(9, 4, 14).
cost(9, 5, 89).
cost(9, 6, 73).
cost(9, 7, 81).
cost(9, 8, 80).
cost(9, 10, 72).
cost(9, 11, 92).
cost(9, 12, 27).
cost(9, 13, 13).
cost(9, 14, 41).
cost(9, 15, 23).
cost(9, 16, 81).
cost(9, 17, 70).
cost(9, 18, 28).
cost(10, 1, 10).
cost(10, 2, 70).
cost(10, 3, 70).
cost(10, 4, 60).
cost(10, 5, 21).
cost(10, 6, 11).
cost(10, 7, 41).
cost(10, 8, 60).
cost(10, 9, 72).
cost(10, 11, 49).
cost(10, 12, 79).
cost(10, 13, 67).
cost(10, 14, 82).
cost(10, 15, 91).
cost(10, 16, 36).
cost(10, 17, 35).
cost(10, 18, 85).
cost(11, 1, 55).
cost(11, 2, 86).
cost(11, 3, 92).
cost(11, 4, 78).
cost(11, 5, 38).
cost(11, 6, 60).
cost(11, 7, 11).
cost(11, 8, 23).
cost(11, 9, 92).
cost(11, 10, 49).
cost(11, 12, 84).
cost(11, 13, 81).
cost(11, 14, 77).
cost(11, 15, 101).
cost(11, 16, 14).
cost(11, 17, 22).
cost(11, 18, 90).
cost(12, 1, 73).
cost(12, 2, 19).
cost(12, 3, 31).
cost(12, 4, 25).
cost(12, 5, 92).
cost(12, 6, 84).
cost(12, 7, 74).
cost(12, 8, 67).
cost(12, 9, 27).
cost(12, 10, 79).
cost(12, 11, 84).
cost(12, 13, 17).
cost(12, 14, 15).
cost(12, 15, 18).
cost(12, 16, 77).
cost(12, 17, 65).
cost(12, 18, 6).
cost(13, 1, 60).
cost(13, 2, 5).
cost(13, 3, 16).
cost(13, 4, 8).
cost(13, 5, 83).
cost(13, 6, 71).
cost(13, 7, 70).
cost(13, 8, 68).
cost(13, 9, 13).
cost(13, 10, 67).
cost(13, 11, 81).
cost(13, 12, 17).
cost(13, 14, 30).
cost(13, 15, 23).
cost(13, 16, 72).
cost(13, 17, 61).
cost(13, 18, 21).
cost(14, 1, 77).
cost(14, 2, 33).
cost(14, 3, 45).
cost(14, 4, 36).
cost(14, 5, 92).
cost(14, 6, 89).
cost(14, 7, 69).
cost(14, 8, 58).
cost(14, 9, 41).
cost(14, 10, 82).
cost(14, 11, 77).
cost(14, 12, 15).
cost(14, 13, 30).
cost(14, 15, 32).
cost(14, 16, 72).
cost(14, 17, 61).
cost(14, 18, 18).
cost(15, 1, 83).
cost(15, 2, 21).
cost(15, 3, 28).
cost(15, 4, 31).
cost(15, 5, 106).
cost(15, 6, 94).
cost(15, 7, 91).
cost(15, 8, 85).
cost(15, 9, 23).
cost(15, 10, 91).
cost(15, 11, 101).
cost(15, 12, 18).
cost(15, 13, 23).
cost(15, 14, 32).
cost(15, 16, 93).
cost(15, 17, 81).
cost(15, 18, 14).
cost(16, 1, 42).
cost(16, 2, 76).
cost(16, 3, 81).
cost(16, 4, 68).
cost(16, 5, 28).
cost(16, 6, 47).
cost(16, 7, 6).
cost(16, 8, 27).
cost(16, 9, 81).
cost(16, 10, 36).
cost(16, 11, 14).
cost(16, 12, 77).
cost(16, 13, 72).
cost(16, 14, 72).
cost(16, 15, 93).
cost(16, 17, 12).
cost(16, 18, 83).
cost(17, 1, 38).
cost(17, 2, 65).
cost(17, 3, 70).
cost(17, 4, 57).
cost(17, 5, 34).
cost(17, 6, 46).
cost(17, 7, 10).
cost(17, 8, 24).
cost(17, 9, 70).
cost(17, 10, 35).
cost(17, 11, 22).
cost(17, 12, 65).
cost(17, 13, 61).
cost(17, 14, 61).
cost(17, 15, 81).
cost(17, 16, 12).
cost(17, 18, 71).
cost(18, 1, 79).
cost(18, 2, 22).
cost(18, 3, 33).
cost(18, 4, 29).
cost(18, 5, 99).
cost(18, 6, 90).
cost(18, 7, 80).
cost(18, 8, 72).
cost(18, 9, 28).
cost(18, 10, 85).
cost(18, 11, 90).
cost(18, 12, 6).
cost(18, 13, 21).
cost(18, 14, 18).
cost(18, 15, 14).
cost(18, 16, 83).
cost(18, 17, 71).
