dimension(18).
point(1, 8.4050186481, 64.0926297975).
point(2, 49.0421750128, 33.5305258263).
point(3, 44.8500258377, 17.3168800577).
point(4, 24.9234106699, 63.0133815542).
point(5, 45.4018926384, 7.4178607855).
point(6, 14.1988828158, 43.5870329269).
point(7, 74.4701257838, 20.6715614019).
point(8, 18.8588082627, 41.8944789761).
point(9, 81.4128860418, 35.0171913945).
point(10, 9.0438944068, 45.0740167459).
point(11, 3.3244092395, 82.3065134536).
point(12, 23.9589546483, 57.0301154387).
point(13, 29.5224025095, 67.5941647367).
point(14, 83.851524456, 16.0857606919).
point(15, 19.5395478269, 51.2080889295).
point(16, 79.2294145485, 42.2304639131).
point(17, 32.2446735177, 28.8427641217).
point(18, 70.5122020188, 48.2322752206).
cost(1, 2, 51).
cost(1, 3, 59).
cost(1, 4, 17).
cost(1, 5, 68).
cost(1, 6, 21).
cost(1, 7, 79).
cost(1, 8, 25).
cost(1, 9, 79).
cost(1, 10, 19).
cost(1, 11, 19).
cost(1, 12, 17).
cost(1, 13, 21).
cost(1, 14, 89).
cost(1, 15, 17).
cost(1, 16, 74).
cost(1, 17, 43).
cost(1, 18, 64).
cost(2, 1, 51).
cost(2, 3, 17).
cost(2, 4, 38).
cost(2, 5, 26).
cost(2, 6, 36).
cost(2, 7, 28).
cost(2, 8, 31).
cost(2, 9, 32).
cost(2, 10, 42).
cost(2, 11, 67).
cost(2, 12, 34).
cost(2, 13, 39).
cost(2, 14, 39).
cost(2, 15, 34).
cost(2, 16, 31).
cost(2, 17, 17).
cost(2, 18, 26).
cost(3, 1, 59).
cost(3, 2, 17).
cost(3, 4, 50).
cost(3, 5, 10).
cost(3, 6, 40).
cost(3, 7, 30).
cost(3, 8, 36).
cost(3, 9, 41).
cost(3, 10, 45).
cost(3, 11, 77).
cost(3, 12, 45).
cost(3, 13, 53).
cost(3, 14, 39).
cost(3, 15, 42).
cost(3, 16, 42).
cost(3, 17, 17).
cost(3, 18, 40).
cost(4, 1, 17).
cost(4, 2, 38).
cost(4, 3, 50).
cost(4, 5, 59).
cost(4, 6, 22).
cost(4, 7, 65).
cost(4, 8, 22).
cost(4, 9, 63).
cost(4, 10, 24).
cost(4, 11, 29).
cost(4, 12, 6).
cost(4, 13, 6).
cost(4, 14, 75).
cost(4, 15, 13).
cost(4, 16, 58).
cost(4, 17, 35).
cost(4, 18, 48).
cost(5, 1, 68).
cost(5, 2, 26).
cost(5, 3, 10).
cost(5, 4, 59).
cost(5, 6, 48).
cost(5, 7, 32).
cost(5, 8, 44).
cost(5, 9, 45).
cost(5, 10, 52).
cost(5, 11, 86).
cost(5, 12, 54).
cost(5, 13, 62).
cost(5, 14, 39).
cost(5, 15, 51).
cost(5, 16, 49).
cost(5, 17, 25).
cost(5, 18, 48).
cost(6, 1, 21).
cost(6, 2, 36).
cost(6, 3, 40).
cost(6, 4, 22).
cost(6, 5, 48).
cost(6, 7, 64).
cost(6, 8, 5).
cost(6, 9, 68).
cost(6, 10, 5).
cost(6, 11, 40).
cost(6, 12, 17).
cost(6, 13, 28).
cost(6, 14, 75).
cost(6, 15, 9).
cost(6, 16, 65).
cost(6, 17, 23).
cost(6, 18, 57).
cost(7, 1, 79).
cost(7, 2, 28).
cost(7, 3, 30).
cost(7, 4, 65).
cost(7, 5, 32).
cost(7, 6, 64).
cost(7, 8, 60).
cost(7, 9, 16).
cost(7, 10, 70).
cost(7, 11, 94).
cost(7, 12, 62).
cost(7, 13, 65).
cost(7, 14, 10).
cost(7, 15, 63).
cost(7, 16, 22).
cost(7, 17, 43).
cost(7, 18, 28).
cost(8, 1, 25).
cost(8, 2, 31).
cost(8, 3, 36).
cost(8, 4, 22).
cost(8, 5, 44).
cost(8, 6, 5).
cost(8, 7, 60).
cost(8, 9, 63).
cost(8, 10, 10).
cost(8, 11, 43).
cost(8, 12, 16).
cost(8, 13, 28).
cost(8, 14, 70).
cost(8, 15, 9).
cost(8, 16, 60).
cost(8, 17, 19).
cost(8, 18, 52).
cost(9, 1, 79).
cost(9, 2, 32).
cost(9, 3, 41).
cost(9, 4, 63).
cost(9, 5, 45).
cost(9, 6, 68).
cost(9, 7, 16).
cost(9, 8, 63).
cost(9, 10, 73).
cost(9, 11, 91).
cost(9, 12, 62).
cost(9, 13, 61).
cost(9, 14, 19).
cost(9, 15, 64).
cost(9, 16, 8).
cost(9, 17, 50).
cost(9, 18, 17).
cost(10, 1, 19).
cost(10, 2, 42).
cost(10, 3, 45).
cost(10, 4, 24).
cost(10, 5, 52).
cost(10, 6, 5).
cost(10, 7, 70).
cost(10, 8, 10).
cost(10, 9, 73).
cost(10, 11, 38).
cost(10, 12, 19).
cost(10, 13, 30).
cost(10, 14, 80).
cost(10, 15, 12).
cost(10, 16, 70).
cost(10, 17, 28).
cost(10, 18, 62).
cost(11, 1, 19).
cost(11, 2, 67).
cost(11, 3, 77).
cost(11, 4, 29).
cost(11, 5, 86).
cost(11, 6, 40).
cost(11, 7, 94).
cost(11, 8, 43).
cost(11, 9, 91).
cost(11, 10, 38).
cost(11, 12, 33).
cost(11, 13, 30).
cost(11, 14, 104).
cost(11, 15, 35).
cost(11, 16, 86).
cost(11, 17, 61).
cost(11, 18, 75).
cost(12, 1, 17).
cost(12, 2, 34).
cost(12, 3, 45).
cost(12, 4, 6).
cost(12, 5, 54).
cost(12, 6, 17).
cost(12, 7, 62).
cost(12, 8, 16).
cost(12, 9, 62).
cost(12, 10, 19).
cost(12, 11, 33).
cost(12, 13, 12).
cost(12, 14, 73).
cost(12, 15, 7).
cost(12, 16, 57).
cost(12, 17, 29).
cost(12, 18, 47).
cost(13, 1, 21).
cost(13, 2, 39).
cost(13, 3, 53).
cost(13, 4, 6).
cost(13, 5, 62).
cost(13, 6, 28).
cost(13, 7, 65).
cost(13, 8, 28).
cost(13, 9, 61).
cost(13, 10, 30).
cost(13, 11, 30).
cost(13, 12, 12).
cost(13, 14, 75).
cost(13, 15, 19).
cost(13, 16, 56).
cost(13, 17, 39).
cost(13, 18, 45).
cost(14, 1, 89).
cost(14, 2, 39).
cost(14, 3, 39).
cost(14, 4, 75).
cost(14, 5, 39).
cost(14, 6, 75).
cost(14, 7, 10).
cost(14, 8, 70).
cost(14, 9, 19).
cost(14, 10, 80).
cost(14, 11, 104).
cost(14, 12, 73).
cost(14, 13, 75).
cost(14, 15, 73).
cost(14, 16, 27).
cost(14, 17, 53).
cost(14, 18, 35).
cost(15, 1, 17).
cost(15, 2, 34).
cost(15, 3, 42).
cost(15, 4, 13).
cost(15, 5, 51).
cost(15, 6, 9).
cost(15, 7, 63).
cost(15, 8, 9).
cost(15, 9, 64).
cost(15, 10, 12).
cost(15, 11, 35).
cost(15, 12, 7).
cost(15, 13, 19).
cost(15, 14, 73).
cost(15, 16, 60).
cost(15, 17, 26).
cost(15, 18, 51).
cost(16, 1, 74).
cost(16, 2, 31).
cost(16, 3, 42).
cost(16, 4, 58).
cost(16, 5, 49).
cost(16, 6, 65).
cost(16, 7, 22).
cost(16, 8, 60).
cost(16, 9, 8).
cost(16, 10, 70).
cost(16, 11, 86).
cost(16, 12, 57).
cost(16, 13, 56).
cost(16, 14, 27).
cost(16, 15, 60).
cost(16, 17, 49).
cost(16, 18, 11).
cost(17, 1, 43).
cost(17, 2, 17).
cost(17, 3, 17).
cost(17, 4, 35).
cost(17, 5, 25).
cost(17, 6, 23).
cost(17, 7, 43).
cost(17, 8, 19).
cost(17, 9, 50).
cost(17, 10, 28).
cost(17, 11, 61).
cost(17, 12, 29).
cost(17, 13, 39).
cost(17, 14, 53).
cost(17, 15, 26).
cost(17, 16, 49).
cost(17, 18, 43).
cost(18, 1, 64).
cost(18, 2, 26).
cost(18, 3, 40).
cost(18, 4, 48).
cost(18, 5, 48).
cost(18, 6, 57).
cost(18, 7, 28).
cost(18, 8, 52).
cost(18, 9, 17).
cost(18, 10, 62).
cost(18, 11, 75).
cost(18, 12, 47).
cost(18, 13, 45).
cost(18, 14, 35).
cost(18, 15, 51).
cost(18, 16, 11).
cost(18, 17, 43).
