dimension(18).
point(1, 4.9640438329, 91.8691069132).
point(2, 10.4998246777, 64.2204797029).
point(3, 73.6056413639, 32.7328711524).
point(4, 93.0450601671, 29.0044741406).
point(5, 11.0417749739, 91.6575232578).
point(6, 83.7816709036, 27.355485736).
point(7, 5.6272269108, 65.3412242916).
point(8, 88.2880342949, 44.0429797455).
point(9, 65.6566635158, 24.7348592621).
point(10, 96.9599133925, 30.0505687677).
point(11, 78.8430185404, 14.067285685).
point(12, 75.1303678447, 16.4025769784).
point(13, 40.0123837013, 83.1057044955).
point(14, 88.3247999017, 49.5380897994).
point(15, 36.5479845168, 86.7490762226).
point(16, 31.0600654975, 89.5028478367).
point(17, 26.8638432543, 56.1881461504).
point(18, 48.5305222432, 82.8567218918).
cost(1, 2, 28).
cost(1, 3, 91).
cost(1, 4, 108).
cost(1, 5, 6).
cost(1, 6, 102).
cost(1, 7, 27).
cost(1, 8, 96).
cost(1, 9, 91).
cost(1, 10, 111).
cost(1, 11, 107).
cost(1, 12, 103).
cost(1, 13, 36).
cost(1, 14, 93).
cost(1, 15, 32).
cost(1, 16, 26).
cost(1, 17, 42).
cost(1, 18, 44).
cost(2, 1, 28).
cost(2, 3, 71).
cost(2, 4, 90).
cost(2, 5, 27).
cost(2, 6, 82).
cost(2, 7, 5).
cost(2, 8, 80).
cost(2, 9, 68).
cost(2, 10, 93).
cost(2, 11, 85).
cost(2, 12, 80).
cost(2, 13, 35).
cost(2, 14, 79).
cost(2, 15, 34).
cost(2, 16, 33).
cost(2, 17, 18).
cost(2, 18, 42).
cost(3, 1, 91).
cost(3, 2, 71).
cost(3, 4, 20).
cost(3, 5, 86).
cost(3, 6, 12).
cost(3, 7, 75).
cost(3, 8, 19).
cost(3, 9, 11).
cost(3, 10, 24).
cost(3, 11, 19).
cost(3, 12, 16).
cost(3, 13, 61).
cost(3, 14, 22).
cost(3, 15, 66).
cost(3, 16, 71).
cost(3, 17, 52).
cost(3, 18, 56).
cost(4, 1, 108).
cost(4, 2, 90).
cost(4, 3, 20).
cost(4, 5, 103).
cost(4, 6, 9).
cost(4, 7, 95).
cost(4, 8, 16).
cost(4, 9, 28).
cost(4, 10, 4).
cost(4, 11, 21).
cost(4, 12, 22).
cost(4, 13, 76).
cost(4, 14, 21).
cost(4, 15, 81).
cost(4, 16, 87).
cost(4, 17, 72).
cost(4, 18, 70).
cost(5, 1, 6).
cost(5, 2, 27).
cost(5, 3, 86).
cost(5, 4, 103).
cost(5, 6, 97).
cost(5, 7, 27).
cost(5, 8, 91).
cost(5, 9, 86).
cost(5, 10, 106).
cost(5, 11, 103).
cost(5, 12, 99).
cost(5, 13, 30).
cost(5, 14, 88).
cost(5, 15, 26).
cost(5, 16, 20).
cost(5, 17, 39).
cost(5, 18, 39).
cost(6, 1, 102).
cost(6, 2, 82).
cost(6, 3, 12).
cost(6, 4, 9).
cost(6, 5, 97).
cost(6, 7, 87).
cost(6, 8, 17).
cost(6, 9, 18).
cost(6, 10, 13).
cost(6, 11, 14).
cost(6, 12, 14).
cost(6, 13, 71).
cost(6, 14, 23).
cost(6, 15, 76).
cost(6, 16, 81).
cost(6, 17, 64).
cost(6, 18, 66).
cost(7, 1, 27).
cost(7, 2, 5).
cost(7, 3, 75).
cost(7, 4, 95).
cost(7, 5, 27).
cost(7, 6, 87).
cost(7, 8, 85).
cost(7, 9, 72).
cost(7, 10, 98).
cost(7, 11, 89).
cost(7, 12, 85).
cost(7, 13, 39).
cost(7, 14, 84).
cost(7, 15, 38).
cost(7, 16, 35).
cost(7, 17, 23).
cost(7, 18, 46).
cost(8, 1, 96).
cost(8, 2, 80).
cost(8, 3, 19).
cost(8, 4, 16).
cost(8, 5, 91).
cost(8, 6, 17).
cost(8, 7, 85).
cost(8, 9, 30).
cost(8, 10, 16).
cost(8, 11, 31).
cost(8, 12, 31).
cost(8, 13, 62).
cost(8, 14, 5).
cost(8, 15, 67).
cost(8, 16, 73).
cost(8, 17, 63).
cost(8, 18, 56).
cost(9, 1, 91).
cost(9, 2, 68).
cost(9, 3, 11).
cost(9, 4, 28).
cost(9, 5, 86).
cost(9, 6, 18).
cost(9, 7, 72).
cost(9, 8, 30).
cost(9, 10, 32).
cost(9, 11, 17).
cost(9, 12, 13).
cost(9, 13, 64).
cost(9, 14, 34).
cost(9, 15, 69).
cost(9, 16, 73).
cost(9, 17, 50).
cost(9, 18, 61).
cost(10, 1, 111).
cost(10, 2, 93).
cost(10, 3, 24).
cost(10, 4, 4).
cost(10, 5, 106).
cost(10, 6, 13).
cost(10, 7, 98).
cost(10, 8, 16).
cost(10, 9, 32).
cost(10, 11, 24).
cost(10, 12, 26).
cost(10, 13, 78).
cost(10, 14, 21).
cost(10, 15, 83).
cost(10, 16, 89).
cost(10, 17, 75).
cost(10, 18, 72).
cost(11, 1, 107).
cost(11, 2, 85).
cost(11, 3, 19).
cost(11, 4, 21).
cost(11, 5, 103).
cost(11, 6, 14).
cost(11, 7, 89).
cost(11, 8, 31).
cost(11, 9, 17).
cost(11, 10, 24).
cost(11, 12, 4).
cost(11, 13, 79).
cost(11, 14, 37).
cost(11, 15, 84).
cost(11, 16, 89).
cost(11, 17, 67).
cost(11, 18, 75).
cost(12, 1, 103).
cost(12, 2, 80).
cost(12, 3, 16).
cost(12, 4, 22).
cost(12, 5, 99).
cost(12, 6, 14).
cost(12, 7, 85).
cost(12, 8, 31).
cost(12, 9, 13).
cost(12, 10, 26).
cost(12, 11, 4).
cost(12, 13, 75).
cost(12, 14, 36).
cost(12, 15, 80).
cost(12, 16, 85).
cost(12, 17, 63).
cost(12, 18, 72).
cost(13, 1, 36).
cost(13, 2, 35).
cost(13, 3, 61).
cost(13, 4, 76).
cost(13, 5, 30).
cost(13, 6, 71).
cost(13, 7, 39).
cost(13, 8, 62).
cost(13, 9, 64).
cost(13, 10, 78).
cost(13, 11, 79).
cost(13, 12, 75).
cost(13, 14, 59).
cost(13, 15, 5).
cost(13, 16, 11).
cost(13, 17, 30).
cost(13, 18, 9).
cost(14, 1, 93).
cost(14, 2, 79).
cost(14, 3, 22).
cost(14, 4, 21).
cost(14, 5, 88).
cost(14, 6, 23).
cost(14, 7, 84).
cost(14, 8, 5).
cost(14, 9, 34).
cost(14, 10, 21).
cost(14, 11, 37).
cost(14, 12, 36).
cost(14, 13, 59).
cost(14, 15, 64).
cost(14, 16, 70).
cost(14, 17, 62).
cost(14, 18, 52).
cost(15, 1, 32).
cost(15, 2, 34).
cost(15, 3, 66).
cost(15, 4, 81).
cost(15, 5, 26).
cost(15, 6, 76).
cost(15, 7, 38).
cost(15, 8, 67).
cost(15, 9, 69).
cost(15, 10, 83).
cost(15, 11, 84).
cost(15, 12, 80).
cost(15, 13, 5).
cost(15, 14, 64).
cost(15, 16, 6).
cost(15, 17, 32).
cost(15, 18, 13).
cost(16, 1, 26).
cost(16, 2, 33).
cost(16, 3, 71).
cost(16, 4, 87).
cost(16, 5, 20).
cost(16, 6, 81).
cost(16, 7, 35).
cost(16, 8, 73).
cost(16, 9, 73).
cost(16, 10, 89).
cost(16, 11, 89).
cost(16, 12, 85).
cost(16, 13, 11).
cost(16, 14, 70).
cost(16, 15, 6).
cost(16, 17, 34).
cost(16, 18, 19).
cost(17, 1, 42).
cost(17, 2, 18).
cost(17, 3, 52).
cost(17, 4, 72).
cost(17, 5, 39).
cost(17, 6, 64).
cost(17, 7, 23).
cost(17, 8, 63).
cost(17, 9, 50).
cost(17, 10, 75).
cost(17, 11, 67).
cost(17, 12, 63).
cost(17, 13, 30).
cost(17, 14, 62).
cost(17, 15, 32).
cost(17, 16, 34).
cost(17, 18, 34).
cost(18, 1, 44).
cost(18, 2, 42).
cost(18, 3, 56).
cost(18, 4, 70).
cost(18, 5, 39).
cost(18, 6, 66).
cost(18, 7, 46).
cost(18, 8, 56).
cost(18, 9, 61).
cost(18, 10, 72).
cost(18, 11, 75).
cost(18, 12, 72).
cost(18, 13, 9).
cost(18, 14, 52).
cost(18, 15, 13).
cost(18, 16, 19).
cost(18, 17, 34).
