dimension(18).
point(1, 24.7196827039, 47.6083175715).
point(2, 69.2738331505, 76.2058911777).
point(3, 9.520750589, 22.994268046).
point(4, 86.2831627284, 60.2941009047).
point(5, 8.0202378832, 21.7085873058).
point(6, 92.70467967, 45.7067703648).
point(7, 70.0366610907, 50.9345310391).
point(8, 18.5743106479, 38.9938549813).
point(9, 4.1531579949, 22.1966449474).
point(10, 17.0599473457, 54.8392155026).
point(11, 21.9171599469, 51.68488531).
point(12, 27.3773608899, 29.1359561446).
point(13, 89.7986647424, 84.5314663459).
point(14, 66.0604954549, 49.4051057221).
point(15, 74.2999834622, 50.6194132768).
point(16, 9.5293463543, 26.1818823419).
point(17, 59.4096726438, 84.0883843698).
point(18, 75.7577164968, 53.9566579399).
cost(1, 2, 53).
cost(1, 3, 29).
cost(1, 4, 63).
cost(1, 5, 31).
cost(1, 6, 68).
cost(1, 7, 45).
cost(1, 8, 11).
cost(1, 9, 33).
cost(1, 10, 11).
cost(1, 11, 5).
cost(1, 12, 19).
cost(1, 13, 75).
cost(1, 14, 41).
cost(1, 15, 50).
cost(1, 16, 26).
cost(1, 17, 50).
cost(1, 18, 51).
cost(2, 1, 53).
cost(2, 3, 80).
cost(2, 4, 23).
cost(2, 5, 82).
cost(2, 6, 38).
cost(2, 7, 25).
cost(2, 8, 63).
cost(2, 9, 85).
cost(2, 10, 56).
cost(2, 11, 53).
cost(2, 12, 63).
cost(2, 13, 22).
cost(2, 14, 27).
cost(2, 15, 26).
cost(2, 16, 78).
cost(2, 17, 13).
cost(2, 18, 23).
cost(3, 1, 29).
cost(3, 2, 80).
cost(3, 4, 85).
cost(3, 5, 2).
cost(3, 6, 86).
cost(3, 7, 67).
cost(3, 8, 18).
cost(3, 9, 5).
cost(3, 10, 33).
cost(3, 11, 31).
cost(3, 12, 19).
cost(3, 13, 101).
cost(3, 14, 62).
cost(3, 15, 70).
cost(3, 16, 3).
cost(3, 17, 79).
cost(3, 18, 73).
cost(4, 1, 63).
cost(4, 2, 23).
cost(4, 3, 85).
cost(4, 5, 87).
cost(4, 6, 16).
cost(4, 7, 19).
cost(4, 8, 71).
cost(4, 9, 91).
cost(4, 10, 69).
cost(4, 11, 65).
cost(4, 12, 67).
cost(4, 13, 24).
cost(4, 14, 23).
cost(4, 15, 15).
cost(4, 16, 84).
cost(4, 17, 36).
cost(4, 18, 12).
cost(5, 1, 31).
cost(5, 2, 82).
cost(5, 3, 2).
cost(5, 4, 87).
cost(5, 6, 88).
cost(5, 7, 69).
cost(5, 8, 20).
cost(5, 9, 4).
cost(5, 10, 34).
cost(5, 11, 33).
cost(5, 12, 21).
cost(5, 13, 103).
cost(5, 14, 64).
cost(5, 15, 72).
cost(5, 16, 5).
cost(5, 17, 81).
cost(5, 18, 75).
cost(6, 1, 68).
cost(6, 2, 38).
cost(6, 3, 86).
cost(6, 4, 16).
cost(6, 5, 88).
cost(6, 7, 23).
cost(6, 8, 74).
cost(6, 9, 92).
cost(6, 10, 76).
cost(6, 11, 71).
cost(6, 12, 67).
cost(6, 13, 39).
cost(6, 14, 27).
cost(6, 15, 19).
cost(6, 16, 85).
cost(6, 17, 51).
cost(6, 18, 19).
cost(7, 1, 45).
cost(7, 2, 25).
cost(7, 3, 67).
cost(7, 4, 19).
cost(7, 5, 69).
cost(7, 6, 23).
cost(7, 8, 53).
cost(7, 9, 72).
cost(7, 10, 53).
cost(7, 11, 48).
cost(7, 12, 48).
cost(7, 13, 39).
cost(7, 14, 4).
cost(7, 15, 4).
cost(7, 16, 65).
cost(7, 17, 35).
cost(7, 18, 6).
cost(8, 1, 11).
cost(8, 2, 63).
cost(8, 3, 18).
cost(8, 4, 71).
cost(8, 5, 20).
cost(8, 6, 74).
cost(8, 7, 53).
cost(8, 9, 22).
cost(8, 10, 16).
cost(8, 11, 13).
cost(8, 12, 13).
cost(8, 13, 85).
cost(8, 14, 49).
cost(8, 15, 57).
cost(8, 16, 16).
cost(8, 17, 61).
cost(8, 18, 59).
cost(9, 1, 33).
cost(9, 2, 85).
cost(9, 3, 5).
cost(9, 4, 91).
cost(9, 5, 4).
cost(9, 6, 92).
cost(9, 7, 72).
cost(9, 8, 22).
cost(9, 10, 35).
cost(9, 11, 34).
cost(9, 12, 24).
cost(9, 13, 106).
cost(9, 14, 68).
cost(9, 15, 76).
cost(9, 16, 7).
cost(9, 17, 83).
cost(9, 18, 78).
cost(10, 1, 11).
cost(10, 2, 56).
cost(10, 3, 33).
cost(10, 4, 69).
cost(10, 5, 34).
cost(10, 6, 76).
cost(10, 7, 53).
cost(10, 8, 16).
cost(10, 9, 35).
cost(10, 11, 6).
cost(10, 12, 28).
cost(10, 13, 79).
cost(10, 14, 49).
cost(10, 15, 57).
cost(10, 16, 30).
cost(10, 17, 51).
cost(10, 18, 59).
cost(11, 1, 5).
cost(11, 2, 53).
cost(11, 3, 31).
cost(11, 4, 65).
cost(11, 5, 33).
cost(11, 6, 71).
cost(11, 7, 48).
cost(11, 8, 13).
cost(11, 9, 34).
cost(11, 10, 6).
cost(11, 12, 23).
cost(11, 13, 75).
cost(11, 14, 44).
cost(11, 15, 52).
cost(11, 16, 28).
cost(11, 17, 50).
cost(11, 18, 54).
cost(12, 1, 19).
cost(12, 2, 63).
cost(12, 3, 19).
cost(12, 4, 67).
cost(12, 5, 21).
cost(12, 6, 67).
cost(12, 7, 48).
cost(12, 8, 13).
cost(12, 9, 24).
cost(12, 10, 28).
cost(12, 11, 23).
cost(12, 13, 83).
cost(12, 14, 44).
cost(12, 15, 52).
cost(12, 16, 18).
cost(12, 17, 64).
cost(12, 18, 54).
cost(13, 1, 75).
cost(13, 2, 22).
cost(13, 3, 101).
cost(13, 4, 24).
cost(13, 5, 103).
cost(13, 6, 39).
cost(13, 7, 39).
cost(13, 8, 85).
cost(13, 9, 106).
cost(13, 10, 79).
cost(13, 11, 75).
cost(13, 12, 83).
cost(13, 14, 42).
cost(13, 15, 37).
cost(13, 16, 99).
cost(13, 17, 30).
cost(13, 18, 34).
cost(14, 1, 41).
cost(14, 2, 27).
cost(14, 3, 62).
cost(14, 4, 23).
cost(14, 5, 64).
cost(14, 6, 27).
cost(14, 7, 4).
cost(14, 8, 49).
cost(14, 9, 68).
cost(14, 10, 49).
cost(14, 11, 44).
cost(14, 12, 44).
cost(14, 13, 42).
cost(14, 15, 8).
cost(14, 16, 61).
cost(14, 17, 35).
cost(14, 18, 11).
cost(15, 1, 50).
cost(15, 2, 26).
cost(15, 3, 70).
cost(15, 4, 15).
cost(15, 5, 72).
cost(15, 6, 19).
cost(15, 7, 4).
cost(15, 8, 57).
cost(15, 9, 76).
cost(15, 10, 57).
cost(15, 11, 52).
cost(15, 12, 52).
cost(15, 13, 37).
cost(15, 14, 8).
cost(15, 16, 69).
cost(15, 17, 37).
cost(15, 18, 4).
cost(16, 1, 26).
cost(16, 2, 78).
cost(16, 3, 3).
cost(16, 4, 84).
cost(16, 5, 5).
cost(16, 6, 85).
cost(16, 7, 65).
cost(16, 8, 16).
cost(16, 9, 7).
cost(16, 10, 30).
cost(16, 11, 28).
cost(16, 12, 18).
cost(16, 13, 99).
cost(16, 14, 61).
cost(16, 15, 69).
cost(16, 17, 76).
cost(16, 18, 72).
cost(17, 1, 50).
cost(17, 2, 13).
cost(17, 3, 79).
cost(17, 4, 36).
cost(17, 5, 81).
cost(17, 6, 51).
cost(17, 7, 35).
cost(17, 8, 61).
cost(17, 9, 83).
cost(17, 10, 51).
cost(17, 11, 50).
cost(17, 12, 64).
cost(17, 13, 30).
cost(17, 14, 35).
cost(17, 15, 37).
cost(17, 16, 76).
cost(17, 18, 34).
cost(18, 1, 51).
cost(18, 2, 23).
cost(18, 3, 73).
cost(18, 4, 12).
cost(18, 5, 75).
cost(18, 6, 19).
cost(18, 7, 6).
cost(18, 8, 59).
cost(18, 9, 78).
cost(18, 10, 59).
cost(18, 11, 54).
cost(18, 12, 54).
cost(18, 13, 34).
cost(18, 14, 11).
cost(18, 15, 4).
cost(18, 16, 72).
cost(18, 17, 34).
