dimension(18).
point(1, 67.5404051028, 78.4118374746).
point(2, 60.750501716, 26.7691418482).
point(3, 72.6389555557, 29.8432016921).
point(4, 7.5900109934, 19.3781200274).
point(5, 10.4181619892, 62.8541755966).
point(6, 52.8244530714, 80.3776142371).
point(7, 27.2625070074, 22.7649983854).
point(8, 48.9511132218, 64.8098538153).
point(9, 40.7002781959, 55.061087468).
point(10, 21.258211651, 43.5483983041).
point(11, 56.8928395374, 36.8198087642).
point(12, 64.020306219, 46.87986981).
point(13, 14.1551509793, 74.2030280715).
point(14, 23.5265434223, 46.4171550123).
point(15, 83.9926452081, 39.8691097764).
point(16, 9.9965517612, 27.7365376741).
point(17, 34.3950809941, 30.5998804854).
point(18, 7.4708054701, 55.7531919513).
cost(1, 2, 52).
cost(1, 3, 49).
cost(1, 4, 84).
cost(1, 5, 59).
cost(1, 6, 15).
cost(1, 7, 69).
cost(1, 8, 23).
cost(1, 9, 36).
cost(1, 10, 58).
cost(1, 11, 43).
cost(1, 12, 32).
cost(1, 13, 54).
cost(1, 14, 54).
cost(1, 15, 42).
cost(1, 16, 77).
cost(1, 17, 58).
cost(1, 18, 64).
cost(2, 1, 52).
cost(2, 3, 12).
cost(2, 4, 54).
cost(2, 5, 62).
cost(2, 6, 54).
cost(2, 7, 34).
cost(2, 8, 40).
cost(2, 9, 35).
cost(2, 10, 43).
cost(2, 11, 11).
cost(2, 12, 20).
cost(2, 13, 66).
cost(2, 14, 42).
cost(2, 15, 27).
cost(2, 16, 51).
cost(2, 17, 27).
cost(2, 18, 61).
cost(3, 1, 49).
cost(3, 2, 12).
cost(3, 4, 66).
cost(3, 5, 70).
cost(3, 6, 54).
cost(3, 7, 46).
cost(3, 8, 42).
cost(3, 9, 41).
cost(3, 10, 53).
cost(3, 11, 17).
cost(3, 12, 19).
cost(3, 13, 73).
cost(3, 14, 52).
cost(3, 15, 15).
cost(3, 16, 63).
cost(3, 17, 38).
cost(3, 18, 70).
cost(4, 1, 84).
cost(4, 2, 54).
cost(4, 3, 66).
cost(4, 5, 44).
cost(4, 6, 76).
cost(4, 7, 20).
cost(4, 8, 61).
cost(4, 9, 49).
cost(4, 10, 28).
cost(4, 11, 52).
cost(4, 12, 63).
cost(4, 13, 55).
cost(4, 14, 31).
cost(4, 15, 79).
cost(4, 16, 9).
cost(4, 17, 29).
cost(4, 18, 36).
cost(5, 1, 59).
cost(5, 2, 62).
cost(5, 3, 70).
cost(5, 4, 44).
cost(5, 6, 46).
cost(5, 7, 43).
cost(5, 8, 39).
cost(5, 9, 31).
cost(5, 10, 22).
cost(5, 11, 53).
cost(5, 12, 56).
cost(5, 13, 12).
cost(5, 14, 21).
cost(5, 15, 77).
cost(5, 16, 35).
cost(5, 17, 40).
cost(5, 18, 8).
cost(6, 1, 15).
cost(6, 2, 54).
cost(6, 3, 54).
cost(6, 4, 76).
cost(6, 5, 46).
cost(6, 7, 63).
cost(6, 8, 16).
cost(6, 9, 28).
cost(6, 10, 49).
cost(6, 11, 44).
cost(6, 12, 35).
cost(6, 13, 39).
cost(6, 14, 45).
cost(6, 15, 51).
cost(6, 16, 68).
cost(6, 17, 53).
cost(6, 18, 52).
cost(7, 1, 69).
cost(7, 2, 34).
cost(7, 3, 46).
cost(7, 4, 20).
cost(7, 5, 43).
cost(7, 6, 63).
cost(7, 8, 47).
cost(7, 9, 35).
cost(7, 10, 22).
cost(7, 11, 33).
cost(7, 12, 44).
cost(7, 13, 53).
cost(7, 14, 24).
cost(7, 15, 59).
cost(7, 16, 18).
cost(7, 17, 11).
cost(7, 18, 38).
cost(8, 1, 23).
cost(8, 2, 40).
cost(8, 3, 42).
cost(8, 4, 61).
cost(8, 5, 39).
cost(8, 6, 16).
cost(8, 7, 47).
cost(8, 9, 13).
cost(8, 10, 35).
cost(8, 11, 29).
cost(8, 12, 23).
cost(8, 13, 36).
cost(8, 14, 31).
cost(8, 15, 43).
cost(8, 16, 54).
cost(8, 17, 37).
cost(8, 18, 42).
cost(9, 1, 36).
cost(9, 2, 35).
cost(9, 3, 41).
cost(9, 4, 49).
cost(9, 5, 31).
cost(9, 6, 28).
cost(9, 7, 35).
cost(9, 8, 13).
cost(9, 10, 23).
cost(9, 11, 24).
cost(9, 12, 25).
cost(9, 13, 33).
cost(9, 14, 19).
cost(9, 15, 46).
cost(9, 16, 41).
cost(9, 17, 25).
cost(9, 18, 33).
cost(10, 1, 58).
cost(10, 2, 43).
cost(10, 3, 53).
cost(10, 4, 28).
cost(10, 5, 22).
cost(10, 6, 49).
cost(10, 7, 22).
cost(10, 8, 35).
cost(10, 9, 23).
cost(10, 11, 36).
cost(10, 12, 43).
cost(10, 13, 31).
cost(10, 14, 4).
cost(10, 15, 63).
cost(10, 16, 19).
cost(10, 17, 18).
cost(10, 18, 18).
cost(11, 1, 43).
cost(11, 2, 11).
cost(11, 3, 17).
cost(11, 4, 52).
cost(11, 5, 53).
cost(11, 6, 44).
cost(11, 7, 33).
cost(11, 8, 29).
cost(11, 9, 24).
cost(11, 10, 36).
cost(11, 12, 12).
cost(11, 13, 57).
cost(11, 14, 35).
cost(11, 15, 27).
cost(11, 16, 48).
cost(11, 17, 23).
cost(11, 18, 53).
cost(12, 1, 32).
cost(12, 2, 20).
cost(12, 3, 19).
cost(12, 4, 63).
cost(12, 5, 56).
cost(12, 6, 35).
cost(12, 7, 44).
cost(12, 8, 23).
cost(12, 9, 25).
cost(12, 10, 43).
cost(12, 11, 12).
cost(12, 13, 57).
cost(12, 14, 40).
cost(12, 15, 21).
cost(12, 16, 57).
cost(12, 17, 34).
cost(12, 18, 57).
cost(13, 1, 54).
cost(13, 2, 66).
cost(13, 3, 73).
cost(13, 4, 55).
cost(13, 5, 12).
cost(13, 6, 39).
cost(13, 7, 53).
cost(13, 8, 36).
cost(13, 9, 33).
cost(13, 10, 31).
cost(13, 11, 57).
cost(13, 12, 57).
cost(13, 14, 29).
cost(13, 15, 78).
cost(13, 16, 47).
cost(13, 17, 48).
cost(13, 18, 20).
cost(14, 1, 54).
cost(14, 2, 42).
cost(14, 3, 52).
cost(14, 4, 31).
cost(14, 5, 21).
cost(14, 6, 45).
cost(14, 7, 24).
cost(14, 8, 31).
cost(14, 9, 19).
cost(14, 10, 4).
cost(14, 11, 35).
cost(14, 12, 40).
cost(14, 13, 29).
cost(14, 15, 61).
cost(14, 16, 23).
cost(14, 17, 19).
cost(14, 18, 19).
cost(15, 1, 42).
cost(15, 2, 27).
cost(15, 3, 15).
cost(15, 4, 79).
cost(15, 5, 77).
cost(15, 6, 51).
cost(15, 7, 59).
cost(15, 8, 43).
cost(15, 9, 46).
cost(15, 10, 63).
cost(15, 11, 27).
cost(15, 12, 21).
cost(15, 13, 78).
cost(15, 14, 61).
cost(15, 16, 75).
cost(15, 17, 50).
cost(15, 18, 78).
cost(16, 1, 77).
cost(16, 2, 51).
cost(16, 3, 63).
cost(16, 4, 9).
cost(16, 5, 35).
cost(16, 6, 68).
cost(16, 7, 18).
cost(16, 8, 54).
cost(16, 9, 41).
cost(16, 10, 19).
cost(16, 11, 48).
cost(16, 12, 57).
cost(16, 13, 47).
cost(16, 14, 23).
cost(16, 15, 75).
cost(16, 17, 25).
cost(16, 18, 28).
cost(17, 1, 58).
cost(17, 2, 27).
cost(17, 3, 38).
cost(17, 4, 29).
cost(17, 5, 40).
cost(17, 6, 53).
cost(17, 7, 11).
cost(17, 8, 37).
cost(17, 9, 25).
cost(17, 10, 18).
cost(17, 11, 23).
cost(17, 12, 34).
cost(17, 13, 48).
cost(17, 14, 19).
cost(17, 15, 50).
cost(17, 16, 25).
cost(17, 18, 37).
cost(18, 1, 64).
cost(18, 2, 61).
cost(18, 3, 70).
cost(18, 4, 36).
cost(18, 5, 8).
cost(18, 6, 52).
cost(18, 7, 38).
cost(18, 8, 42).
cost(18, 9, 33).
cost(18, 10, 18).
cost(18, 11, 53).
cost(18, 12, 57).
cost(18, 13, 20).
cost(18, 14, 19).
cost(18, 15, 78).
cost(18, 16, 28).
cost(18, 17, 37).
