dimension(18).
point(1, 28.335696695, 46.6166934203).
point(2, 72.138226584, 37.8333132472).
point(3, 52.2516785459, 76.3212501891).
point(4, 68.7493593837, 60.4182948441).
point(5, 47.179937228, 65.4106727563).
point(6, 58.0066147269, 73.956484504).
point(7, 32.7329199972, 76.4324160768).
point(8, 31.3244658025, 14.1492438535).
point(9, 70.6026877454, 56.8975347816).
point(10, 28.4430530119, 43.0155699771).
point(11, 48.9308922129, 74.881888568).
point(12, 17.595920778, 25.5240612901).
point(13, 66.0946092484, 40.2160904105).
point(14, 66.1277443857, 8.6562254014).
point(15, 79.092101791, 72.7196971355).
point(16, 71.0395291739, 29.4080896087).
point(17, 59.1158081713, 57.6851891502).
point(18, 35.6056006103, 23.0280785748).
cost(1, 2, 45).
cost(1, 3, 38).
cost(1, 4, 43).
cost(1, 5, 27).
cost(1, 6, 40).
cost(1, 7, 30).
cost(1, 8, 33).
cost(1, 9, 43).
cost(1, 10, 4).
cost(1, 11, 35).
cost(1, 12, 24).
cost(1, 13, 38).
cost(1, 14, 54).
cost(1, 15, 57).
cost(1, 16, 46).
cost(1, 17, 33).
cost(1, 18, 25).
cost(2, 1, 45).
cost(2, 3, 43).
cost(2, 4, 23).
cost(2, 5, 37).
cost(2, 6, 39).
cost(2, 7, 55).
cost(2, 8, 47).
cost(2, 9, 19).
cost(2, 10, 44).
cost(2, 11, 44).
cost(2, 12, 56).
cost(2, 13, 6).
cost(2, 14, 30).
cost(2, 15, 36).
cost(2, 16, 8).
cost(2, 17, 24).
cost(2, 18, 39).
cost(3, 1, 38).
cost(3, 2, 43).
cost(3, 4, 23).
cost(3, 5, 12).
cost(3, 6, 6).
cost(3, 7, 20).
cost(3, 8, 66).
cost(3, 9, 27).
cost(3, 10, 41).
cost(3, 11, 4).
cost(3, 12, 61).
cost(3, 13, 39).
cost(3, 14, 69).
cost(3, 15, 27).
cost(3, 16, 51).
cost(3, 17, 20).
cost(3, 18, 56).
cost(4, 1, 43).
cost(4, 2, 23).
cost(4, 3, 23).
cost(4, 5, 22).
cost(4, 6, 17).
cost(4, 7, 39).
cost(4, 8, 60).
cost(4, 9, 4).
cost(4, 10, 44).
cost(4, 11, 25).
cost(4, 12, 62).
cost(4, 13, 20).
cost(4, 14, 52).
cost(4, 15, 16).
cost(4, 16, 31).
cost(4, 17, 10).
cost(4, 18, 50).
cost(5, 1, 27).
cost(5, 2, 37).
cost(5, 3, 12).
cost(5, 4, 22).
cost(5, 6, 14).
cost(5, 7, 18).
cost(5, 8, 54).
cost(5, 9, 25).
cost(5, 10, 29).
cost(5, 11, 10).
cost(5, 12, 50).
cost(5, 13, 32).
cost(5, 14, 60).
cost(5, 15, 33).
cost(5, 16, 43).
cost(5, 17, 14).
cost(5, 18, 44).
cost(6, 1, 40).
cost(6, 2, 39).
cost(6, 3, 6).
cost(6, 4, 17).
cost(6, 5, 14).
cost(6, 7, 25).
cost(6, 8, 65).
cost(6, 9, 21).
cost(6, 10, 43).
cost(6, 11, 9).
cost(6, 12, 63).
cost(6, 13, 35).
cost(6, 14, 66).
cost(6, 15, 21).
cost(6, 16, 46).
cost(6, 17, 16).
cost(6, 18, 56).
cost(7, 1, 30).
cost(7, 2, 55).
cost(7, 3, 20).
cost(7, 4, 39).
cost(7, 5, 18).
cost(7, 6, 25).
cost(7, 8, 62).
cost(7, 9, 43).
cost(7, 10, 34).
cost(7, 11, 16).
cost(7, 12, 53).
cost(7, 13, 49).
cost(7, 14, 76).
cost(7, 15, 47).
cost(7, 16, 61).
cost(7, 17, 32).
cost(7, 18, 53).
cost(8, 1, 33).
cost(8, 2, 47).
cost(8, 3, 66).
cost(8, 4, 60).
cost(8, 5, 54).
cost(8, 6, 65).
cost(8, 7, 62).
cost(8, 9, 58).
cost(8, 10, 29).
cost(8, 11, 63).
cost(8, 12, 18).
cost(8, 13, 43).
cost(8, 14, 35).
cost(8, 15, 76).
cost(8, 16, 43).
cost(8, 17, 52).
cost(8, 18, 10).
cost(9, 1, 43).
cost(9, 2, 19).
cost(9, 3, 27).
cost(9, 4, 4).
cost(9, 5, 25).
cost(9, 6, 21).
cost(9, 7, 43).
cost(9, 8, 58).
cost(9, 10, 44).
cost(9, 11, 28).
cost(9, 12, 62).
cost(9, 13, 17).
cost(9, 14, 48).
cost(9, 15, 18).
cost(9, 16, 27).
cost(9, 17, 12).
cost(9, 18, 49).
cost(10, 1, 4).
cost(10, 2, 44).
cost(10, 3, 41).
cost(10, 4, 44).
cost(10, 5, 29).
cost(10, 6, 43).
cost(10, 7, 34).
cost(10, 8, 29).
cost(10, 9, 44).
cost(10, 11, 38).
cost(10, 12, 21).
cost(10, 13, 38).
cost(10, 14, 51).
cost(10, 15, 59).
cost(10, 16, 45).
cost(10, 17, 34).
cost(10, 18, 21).
cost(11, 1, 35).
cost(11, 2, 44).
cost(11, 3, 4).
cost(11, 4, 25).
cost(11, 5, 10).
cost(11, 6, 9).
cost(11, 7, 16).
cost(11, 8, 63).
cost(11, 9, 28).
cost(11, 10, 38).
cost(11, 12, 58).
cost(11, 13, 39).
cost(11, 14, 68).
cost(11, 15, 30).
cost(11, 16, 51).
cost(11, 17, 20).
cost(11, 18, 54).
cost(12, 1, 24).
cost(12, 2, 56).
cost(12, 3, 61).
cost(12, 4, 62).
cost(12, 5, 50).
cost(12, 6, 63).
cost(12, 7, 53).
cost(12, 8, 18).
cost(12, 9, 62).
cost(12, 10, 21).
cost(12, 11, 58).
cost(12, 13, 51).
cost(12, 14, 51).
cost(12, 15, 78).
cost(12, 16, 54).
cost(12, 17, 53).
cost(12, 18, 18).
cost(13, 1, 38).
cost(13, 2, 6).
cost(13, 3, 39).
cost(13, 4, 20).
cost(13, 5, 32).
cost(13, 6, 35).
cost(13, 7, 49).
cost(13, 8, 43).
cost(13, 9, 17).
cost(13, 10, 38).
cost(13, 11, 39).
cost(13, 12, 51).
cost(13, 14, 32).
cost(13, 15, 35).
cost(13, 16, 12).
cost(13, 17, 19).
cost(13, 18, 35).
cost(14, 1, 54).
cost(14, 2, 30).
cost(14, 3, 69).
cost(14, 4, 52).
cost(14, 5, 60).
cost(14, 6, 66).
cost(14, 7, 76).
cost(14, 8, 35).
cost(14, 9, 48).
cost(14, 10, 51).
cost(14, 11, 68).
cost(14, 12, 51).
cost(14, 13, 32).
cost(14, 15, 65).
cost(14, 16, 21).
cost(14, 17, 50).
cost(14, 18, 34).
cost(15, 1, 57).
cost(15, 2, 36).
cost(15, 3, 27).
cost(15, 4, 16).
cost(15, 5, 33).
cost(15, 6, 21).
cost(15, 7, 47).
cost(15, 8, 76).
cost(15, 9, 18).
cost(15, 10, 59).
cost(15, 11, 30).
cost(15, 12, 78).
cost(15, 13, 35).
cost(15, 14, 65).
cost(15, 16, 44).
cost(15, 17, 25).
cost(15, 18, 66).
cost(16, 1, 46).
cost(16, 2, 8).
cost(16, 3, 51).
cost(16, 4, 31).
cost(16, 5, 43).
cost(16, 6, 46).
cost(16, 7, 61).
cost(16, 8, 43).
cost(16, 9, 27).
cost(16, 10, 45).
cost(16, 11, 51).
cost(16, 12, 54).
cost(16, 13, 12).
cost(16, 14, 21).
cost(16, 15, 44).
cost(16, 17, 31).
cost(16, 18, 36).
cost(17, 1, 33).
cost(17, 2, 24).
cost(17, 3, 20).
cost(17, 4, 10).
cost(17, 5, 14).
cost(17, 6, 16).
cost(17, 7, 32).
cost(17, 8, 52).
cost(17, 9, 12).
cost(17, 10, 34).
cost(17, 11, 20).
cost(17, 12, 53).
cost(17, 13, 19).
cost(17, 14, 50).
cost(17, 15, 25).
cost(17, 16, 31).
cost(17, 18, 42).
cost(18, 1, 25).
cost(18, 2, 39).
cost(18, 3, 56).
cost(18, 4, 50).
cost(18, 5, 44).
cost(18, 6, 56).
cost(18, 7, 53).
cost(18, 8, 10).
cost(18, 9, 49).
cost(18, 10, 21).
cost(18, 11, 54).
cost(18, 12, 18).
cost(18, 13, 35).
cost(18, 14, 34).
cost(18, 15, 66).
cost(18, 16, 36).
cost(18, 17, 42).
