dimension(24).
point(1, 58.7142487681, 78.8076596851).
point(2, 58.4587806227, 76.7991924545).
point(3, 49.5572861314, 69.9647766041).
point(4, 55.6898380238, 76.0640850108).
point(5, 56.0694781203, 80.1645011237).
point(6, 48.1475602018, 81.6828846324).
point(7, 55.9603131159, 85.2698276219).
point(8, 61.4240739436, 85.8877253015).
point(9, 1.3218165479, 14.5790710768).
point(10, 0.7398999682, 14.4877831536).
point(11, 8.2972916681, 7.2954174369).
point(12, 6.4110375143, 9.4404532629).
point(13, 25.9526784856, 57.3838805778).
point(14, 33.6917460416, 41.885756158).
point(15, 18.7240732746, 55.3396651438).
point(16, 26.7087932994, 45.4448415225).
point(17, 92.1656084835, 94.0485232049).
point(18, 83.7885232693, 79.0097640558).
point(19, 98.5749649977, 77.453091859).
point(20, 96.2122277551, 84.4895266688).
point(21, 76.1611687415, 33.0831954983).
point(22, 89.7393650866, 39.9158752288).
point(23, 81.2970132406, 40.0211848175).
point(24, 69.6710651913, 40.0216577997).
cost(1, 2, 2).
cost(1, 3, 13).
cost(1, 4, 4).
cost(1, 5, 3).
cost(1, 6, 11).
cost(1, 7, 7).
cost(1, 8, 8).
cost(1, 9, 86).
cost(1, 10, 87).
cost(1, 11, 87).
cost(1, 12, 87).
cost(1, 13, 39).
cost(1, 14, 45).
cost(1, 15, 46).
cost(1, 16, 46).
cost(1, 17, 37).
cost(1, 18, 25).
cost(1, 19, 40).
cost(1, 20, 38).
cost(1, 21, 49).
cost(1, 22, 50).
cost(1, 23, 45).
cost(1, 24, 40).
cost(2, 1, 2).
cost(2, 3, 11).
cost(2, 4, 3).
cost(2, 5, 4).
cost(2, 6, 11).
cost(2, 7, 9).
cost(2, 8, 10).
cost(2, 9, 84).
cost(2, 10, 85).
cost(2, 11, 86).
cost(2, 12, 85).
cost(2, 13, 38).
cost(2, 14, 43).
cost(2, 15, 45).
cost(2, 16, 45).
cost(2, 17, 38).
cost(2, 18, 25).
cost(2, 19, 40).
cost(2, 20, 39).
cost(2, 21, 47).
cost(2, 22, 48).
cost(2, 23, 43).
cost(2, 24, 38).
cost(3, 1, 13).
cost(3, 2, 11).
cost(3, 4, 9).
cost(3, 5, 12).
cost(3, 6, 12).
cost(3, 7, 17).
cost(3, 8, 20).
cost(3, 9, 73).
cost(3, 10, 74).
cost(3, 11, 75).
cost(3, 12, 74).
cost(3, 13, 27).
cost(3, 14, 32).
cost(3, 15, 34).
cost(3, 16, 34).
cost(3, 17, 49).
cost(3, 18, 35).
cost(3, 19, 50).
cost(3, 20, 49).
cost(3, 21, 45).
cost(3, 22, 50).
cost(3, 23, 44).
cost(3, 24, 36).
cost(4, 1, 4).
cost(4, 2, 3).
cost(4, 3, 9).
cost(4, 5, 4).
cost(4, 6, 9).
cost(4, 7, 9).
cost(4, 8, 11).
cost(4, 9, 82).
cost(4, 10, 83).
cost(4, 11, 84).
cost(4, 12, 83).
cost(4, 13, 35).
cost(4, 14, 41).
cost(4, 15, 42).
cost(4, 16, 42).
cost(4, 17, 41).
cost(4, 18, 28).
cost(4, 19, 43).
cost(4, 20, 41).
cost(4, 21, 48).
cost(4, 22, 50).
cost(4, 23, 44).
cost(4, 24, 39).
cost(5, 1, 3).
cost(5, 2, 4).
cost(5, 3, 12).
cost(5, 4, 4).
cost(5, 6, 8).
cost(5, 7, 5).
cost(5, 8, 8).
cost(5, 9, 85).
cost(5, 10, 86).
cost(5, 11, 87).
cost(5, 12, 86).
cost(5, 13, 38).
cost(5, 14, 44).
cost(5, 15, 45).
cost(5, 16, 45).
cost(5, 17, 39).
cost(5, 18, 28).
cost(5, 19, 43).
cost(5, 20, 40).
cost(5, 21, 51).
cost(5, 22, 52).
cost(5, 23, 47).
cost(5, 24, 42).
cost(6, 1, 11).
cost(6, 2, 11).
cost(6, 3, 12).
cost(6, 4, 9).
cost(6, 5, 8).
cost(6, 7, 9).
cost(6, 8, 14).
cost(6, 9, 82).
cost(6, 10, 82).
cost(6, 11, 84).
cost(6, 12, 83).
cost(6, 13, 33).
cost(6, 14, 42).
cost(6, 15, 39).
cost(6, 16, 42).
cost(6, 17, 46).
cost(6, 18, 36).
cost(6, 19, 51).
cost(6, 20, 48).
cost(6, 21, 56).
cost(6, 22, 59).
cost(6, 23, 53).
cost(6, 24, 47).
cost(7, 1, 7).
cost(7, 2, 9).
cost(7, 3, 17).
cost(7, 4, 9).
cost(7, 5, 5).
cost(7, 6, 9).
cost(7, 8, 5).
cost(7, 9, 89).
cost(7, 10, 90).
cost(7, 11, 91).
cost(7, 12, 91).
cost(7, 13, 41).
cost(7, 14, 49).
cost(7, 15, 48).
cost(7, 16, 49).
cost(7, 17, 37).
cost(7, 18, 29).
cost(7, 19, 43).
cost(7, 20, 40).
cost(7, 21, 56).
cost(7, 22, 57).
cost(7, 23, 52).
cost(7, 24, 47).
cost(8, 1, 8).
cost(8, 2, 10).
cost(8, 3, 20).
cost(8, 4, 11).
cost(8, 5, 8).
cost(8, 6, 14).
cost(8, 7, 5).
cost(8, 9, 93).
cost(8, 10, 94).
cost(8, 11, 95).
cost(8, 12, 94).
cost(8, 13, 46).
cost(8, 14, 52).
cost(8, 15, 53).
cost(8, 16, 53).
cost(8, 17, 32).
cost(8, 18, 23).
cost(8, 19, 38).
cost(8, 20, 35).
cost(8, 21, 55).
cost(8, 22, 54).
cost(8, 23, 50).
cost(8, 24, 47).
cost(9, 1, 86).
cost(9, 2, 84).
cost(9, 3, 73).
cost(9, 4, 82).
cost(9, 5, 85).
cost(9, 6, 82).
cost(9, 7, 89).
cost(9, 8, 93).
cost(9, 10, 1).
cost(9, 11, 10).
cost(9, 12, 7).
cost(9, 13, 49).
cost(9, 14, 42).
cost(9, 15, 44).
cost(9, 16, 40).
cost(9, 17, 121).
cost(9, 18, 105).
cost(9, 19, 116).
cost(9, 20, 118).
cost(9, 21, 77).
cost(9, 22, 92).
cost(9, 23, 84).
cost(9, 24, 73).
cost(10, 1, 87).
cost(10, 2, 85).
cost(10, 3, 74).
cost(10, 4, 83).
cost(10, 5, 86).
cost(10, 6, 82).
cost(10, 7, 90).
cost(10, 8, 94).
cost(10, 9, 1).
cost(10, 11, 10).
cost(10, 12, 8).
cost(10, 13, 50).
cost(10, 14, 43).
cost(10, 15, 45).
cost(10, 16, 40).
cost(10, 17, 121).
cost(10, 18, 105).
cost(10, 19, 116).
cost(10, 20, 118).
cost(10, 21, 78).
cost(10, 22, 93).
cost(10, 23, 85).
cost(10, 24, 74).
cost(11, 1, 87).
cost(11, 2, 86).
cost(11, 3, 75).
cost(11, 4, 84).
cost(11, 5, 87).
cost(11, 6, 84).
cost(11, 7, 91).
cost(11, 8, 95).
cost(11, 9, 10).
cost(11, 10, 10).
cost(11, 12, 3).
cost(11, 13, 53).
cost(11, 14, 43).
cost(11, 15, 49).
cost(11, 16, 42).
cost(11, 17, 121).
cost(11, 18, 104).
cost(11, 19, 114).
cost(11, 20, 117).
cost(11, 21, 73).
cost(11, 22, 88).
cost(11, 23, 80).
cost(11, 24, 70).
cost(12, 1, 87).
cost(12, 2, 85).
cost(12, 3, 74).
cost(12, 4, 83).
cost(12, 5, 86).
cost(12, 6, 83).
cost(12, 7, 91).
cost(12, 8, 94).
cost(12, 9, 7).
cost(12, 10, 8).
cost(12, 11, 3).
cost(12, 13, 52).
cost(12, 14, 42).
cost(12, 15, 48).
cost(12, 16, 41).
cost(12, 17, 120).
cost(12, 18, 104).
cost(12, 19, 115).
cost(12, 20, 117).
cost(12, 21, 74).
cost(12, 22, 89).
cost(12, 23, 81).
cost(12, 24, 70).
cost(13, 1, 39).
cost(13, 2, 38).
cost(13, 3, 27).
cost(13, 4, 35).
cost(13, 5, 38).
cost(13, 6, 33).
cost(13, 7, 41).
cost(13, 8, 46).
cost(13, 9, 49).
cost(13, 10, 50).
cost(13, 11, 53).
cost(13, 12, 52).
cost(13, 14, 17).
cost(13, 15, 8).
cost(13, 16, 12).
cost(13, 17, 76).
cost(13, 18, 62).
cost(13, 19, 75).
cost(13, 20, 75).
cost(13, 21, 56).
cost(13, 22, 66).
cost(13, 23, 58).
cost(13, 24, 47).
cost(14, 1, 45).
cost(14, 2, 43).
cost(14, 3, 32).
cost(14, 4, 41).
cost(14, 5, 44).
cost(14, 6, 42).
cost(14, 7, 49).
cost(14, 8, 52).
cost(14, 9, 42).
cost(14, 10, 43).
cost(14, 11, 43).
cost(14, 12, 42).
cost(14, 13, 17).
cost(14, 15, 20).
cost(14, 16, 8).
cost(14, 17, 78).
cost(14, 18, 62).
cost(14, 19, 74).
cost(14, 20, 76).
cost(14, 21, 43).
cost(14, 22, 56).
cost(14, 23, 48).
cost(14, 24, 36).
cost(15, 1, 46).
cost(15, 2, 45).
cost(15, 3, 34).
cost(15, 4, 42).
cost(15, 5, 45).
cost(15, 6, 39).
cost(15, 7, 48).
cost(15, 8, 53).
cost(15, 9, 44).
cost(15, 10, 45).
cost(15, 11, 49).
cost(15, 12, 48).
cost(15, 13, 8).
cost(15, 14, 20).
cost(15, 16, 13).
cost(15, 17, 83).
cost(15, 18, 69).
cost(15, 19, 83).
cost(15, 20, 83).
cost(15, 21, 62).
cost(15, 22, 73).
cost(15, 23, 64).
cost(15, 24, 53).
cost(16, 1, 46).
cost(16, 2, 45).
cost(16, 3, 34).
cost(16, 4, 42).
cost(16, 5, 45).
cost(16, 6, 42).
cost(16, 7, 49).
cost(16, 8, 53).
cost(16, 9, 40).
cost(16, 10, 40).
cost(16, 11, 42).
cost(16, 12, 41).
cost(16, 13, 12).
cost(16, 14, 8).
cost(16, 15, 13).
cost(16, 17, 82).
cost(16, 18, 66).
cost(16, 19, 79).
cost(16, 20, 80).
cost(16, 21, 51).
cost(16, 22, 63).
cost(16, 23, 55).
cost(16, 24, 43).
cost(17, 1, 37).
cost(17, 2, 38).
cost(17, 3, 49).
cost(17, 4, 41).
cost(17, 5, 39).
cost(17, 6, 46).
cost(17, 7, 37).
cost(17, 8, 32).
cost(17, 9, 121).
cost(17, 10, 121).
cost(17, 11, 121).
cost(17, 12, 120).
cost(17, 13, 76).
cost(17, 14, 78).
cost(17, 15, 83).
cost(17, 16, 82).
cost(17, 18, 17).
cost(17, 19, 18).
cost(17, 20, 10).
cost(17, 21, 63).
cost(17, 22, 54).
cost(17, 23, 55).
cost(17, 24, 59).
cost(18, 1, 25).
cost(18, 2, 25).
cost(18, 3, 35).
cost(18, 4, 28).
cost(18, 5, 28).
cost(18, 6, 36).
cost(18, 7, 29).
cost(18, 8, 23).
cost(18, 9, 105).
cost(18, 10, 105).
cost(18, 11, 104).
cost(18, 12, 104).
cost(18, 13, 62).
cost(18, 14, 62).
cost(18, 15, 69).
cost(18, 16, 66).
cost(18, 17, 17).
cost(18, 19, 15).
cost(18, 20, 14).
cost(18, 21, 47).
cost(18, 22, 40).
cost(18, 23, 39).
cost(18, 24, 41).
cost(19, 1, 40).
cost(19, 2, 40).
cost(19, 3, 50).
cost(19, 4, 43).
cost(19, 5, 43).
cost(19, 6, 51).
cost(19, 7, 43).
cost(19, 8, 38).
cost(19, 9, 116).
cost(19, 10, 116).
cost(19, 11, 114).
cost(19, 12, 115).
cost(19, 13, 75).
cost(19, 14, 74).
cost(19, 15, 83).
cost(19, 16, 79).
cost(19, 17, 18).
cost(19, 18, 15).
cost(19, 20, 7).
cost(19, 21, 50).
cost(19, 22, 39).
cost(19, 23, 41).
cost(19, 24, 47).
cost(20, 1, 38).
cost(20, 2, 39).
cost(20, 3, 49).
cost(20, 4, 41).
cost(20, 5, 40).
cost(20, 6, 48).
cost(20, 7, 40).
cost(20, 8, 35).
cost(20, 9, 118).
cost(20, 10, 118).
cost(20, 11, 117).
cost(20, 12, 117).
cost(20, 13, 75).
cost(20, 14, 76).
cost(20, 15, 83).
cost(20, 16, 80).
cost(20, 17, 10).
cost(20, 18, 14).
cost(20, 19, 7).
cost(20, 21, 55).
cost(20, 22, 45).
cost(20, 23, 47).
cost(20, 24, 52).
cost(21, 1, 49).
cost(21, 2, 47).
cost(21, 3, 45).
cost(21, 4, 48).
cost(21, 5, 51).
cost(21, 6, 56).
cost(21, 7, 56).
cost(21, 8, 55).
cost(21, 9, 77).
cost(21, 10, 78).
cost(21, 11, 73).
cost(21, 12, 74).
cost(21, 13, 56).
cost(21, 14, 43).
cost(21, 15, 62).
cost(21, 16, 51).
cost(21, 17, 63).
cost(21, 18, 47).
cost(21, 19, 50).
cost(21, 20, 55).
cost(21, 22, 15).
cost(21, 23, 9).
cost(21, 24, 10).
cost(22, 1, 50).
cost(22, 2, 48).
cost(22, 3, 50).
cost(22, 4, 50).
cost(22, 5, 52).
cost(22, 6, 59).
cost(22, 7, 57).
cost(22, 8, 54).
cost(22, 9, 92).
cost(22, 10, 93).
cost(22, 11, 88).
cost(22, 12, 89).
cost(22, 13, 66).
cost(22, 14, 56).
cost(22, 15, 73).
cost(22, 16, 63).
cost(22, 17, 54).
cost(22, 18, 40).
cost(22, 19, 39).
cost(22, 20, 45).
cost(22, 21, 15).
cost(22, 23, 8).
cost(22, 24, 20).
cost(23, 1, 45).
cost(23, 2, 43).
cost(23, 3, 44).
cost(23, 4, 44).
cost(23, 5, 47).
cost(23, 6, 53).
cost(23, 7, 52).
cost(23, 8, 50).
cost(23, 9, 84).
cost(23, 10, 85).
cost(23, 11, 80).
cost(23, 12, 81).
cost(23, 13, 58).
cost(23, 14, 48).
cost(23, 15, 64).
cost(23, 16, 55).
cost(23, 17, 55).
cost(23, 18, 39).
cost(23, 19, 41).
cost(23, 20, 47).
cost(23, 21, 9).
cost(23, 22, 8).
cost(23, 24, 12).
cost(24, 1, 40).
cost(24, 2, 38).
cost(24, 3, 36).
cost(24, 4, 39).
cost(24, 5, 42).
cost(24, 6, 47).
cost(24, 7, 47).
cost(24, 8, 47).
cost(24, 9, 73).
cost(24, 10, 74).
cost(24, 11, 70).
cost(24, 12, 70).
cost(24, 13, 47).
cost(24, 14, 36).
cost(24, 15, 53).
cost(24, 16, 43).
cost(24, 17, 59).
cost(24, 18, 41).
cost(24, 19, 47).
cost(24, 20, 52).
cost(24, 21, 10).
cost(24, 22, 20).
cost(24, 23, 12).
nocross(1,2).
nocross(1,3).
nocross(1,4).
nocross(1,5).
nocross(1,8).
nocross(1,13).
nocross(1,16).
nocross(1,18).
nocross(1,21).
nocross(1,23).
nocross(1,24).
nocross(2,1).
nocross(2,3).
nocross(2,4).
nocross(2,5).
nocross(2,8).
nocross(2,13).
nocross(2,14).
nocross(2,16).
nocross(2,18).
nocross(2,21).
nocross(2,23).
nocross(2,24).
nocross(3,1).
nocross(3,2).
nocross(3,4).
nocross(3,5).
nocross(3,6).
nocross(3,7).
nocross(3,8).
nocross(3,9).
nocross(3,13).
nocross(3,14).
nocross(3,15).
nocross(3,16).
nocross(3,21).
nocross(3,23).
nocross(3,24).
nocross(4,1).
nocross(4,2).
nocross(4,3).
nocross(4,5).
nocross(4,8).
nocross(4,13).
nocross(4,14).
nocross(4,16).
nocross(4,21).
nocross(4,24).
nocross(5,1).
nocross(5,2).
nocross(5,3).
nocross(5,4).
nocross(5,6).
nocross(5,7).
nocross(5,8).
nocross(5,13).
nocross(5,15).
nocross(5,16).
nocross(6,1).
nocross(6,2).
nocross(6,3).
nocross(6,4).
nocross(6,5).
nocross(6,7).
nocross(6,8).
nocross(6,13).
nocross(6,15).
nocross(6,16).
nocross(6,20).
nocross(7,1).
nocross(7,2).
nocross(7,3).
nocross(7,4).
nocross(7,5).
nocross(7,6).
nocross(7,8).
nocross(7,13).
nocross(7,15).
nocross(7,16).
nocross(7,18).
nocross(7,20).
nocross(8,1).
nocross(8,2).
nocross(8,3).
nocross(8,4).
nocross(8,5).
nocross(8,7).
nocross(8,13).
nocross(8,16).
nocross(8,18).
nocross(8,20).
nocross(9,10).
nocross(9,11).
nocross(9,12).
nocross(9,13).
nocross(9,14).
nocross(9,15).
nocross(9,16).
nocross(9,21).
nocross(10,9).
nocross(10,11).
nocross(10,12).
nocross(10,13).
nocross(10,14).
nocross(10,16).
nocross(10,21).
nocross(10,24).
nocross(11,9).
nocross(11,10).
nocross(11,12).
nocross(11,13).
nocross(11,14).
nocross(11,15).
nocross(11,16).
nocross(11,21).
nocross(12,9).
nocross(12,10).
nocross(12,11).
nocross(12,13).
nocross(12,14).
nocross(12,15).
nocross(12,16).
nocross(12,21).
nocross(13,1).
nocross(13,2).
nocross(13,3).
nocross(13,4).
nocross(13,5).
nocross(13,6).
nocross(13,7).
nocross(13,8).
nocross(13,9).
nocross(13,10).
nocross(13,12).
nocross(13,14).
nocross(13,15).
nocross(13,16).
nocross(13,21).
nocross(13,23).
nocross(13,24).
nocross(14,1).
nocross(14,2).
nocross(14,3).
nocross(14,4).
nocross(14,5).
nocross(14,6).
nocross(14,9).
nocross(14,10).
nocross(14,11).
nocross(14,12).
nocross(14,13).
nocross(14,16).
nocross(14,21).
nocross(14,23).
nocross(14,24).
nocross(15,1).
nocross(15,2).
nocross(15,3).
nocross(15,4).
nocross(15,5).
nocross(15,6).
nocross(15,8).
nocross(15,9).
nocross(15,10).
nocross(15,12).
nocross(15,13).
nocross(15,14).
nocross(15,16).
nocross(15,24).
nocross(16,3).
nocross(16,4).
nocross(16,5).
nocross(16,6).
nocross(16,7).
nocross(16,9).
nocross(16,10).
nocross(16,12).
nocross(16,13).
nocross(16,14).
nocross(16,15).
nocross(16,21).
nocross(16,23).
nocross(16,24).
nocross(17,1).
nocross(17,2).
nocross(17,4).
nocross(17,5).
nocross(17,7).
nocross(17,8).
nocross(17,18).
nocross(17,19).
nocross(17,20).
nocross(18,1).
nocross(18,2).
nocross(18,3).
nocross(18,4).
nocross(18,5).
nocross(18,8).
nocross(18,19).
nocross(18,20).
nocross(18,21).
nocross(18,22).
nocross(18,23).
nocross(18,24).
nocross(19,1).
nocross(19,2).
nocross(19,4).
nocross(19,5).
nocross(19,8).
nocross(19,18).
nocross(19,20).
nocross(19,22).
nocross(19,23).
nocross(19,24).
nocross(20,1).
nocross(20,2).
nocross(20,5).
nocross(20,8).
nocross(20,17).
nocross(20,18).
nocross(20,19).
nocross(21,2).
nocross(21,3).
nocross(21,4).
nocross(21,13).
nocross(21,14).
nocross(21,16).
nocross(21,20).
nocross(21,22).
nocross(21,23).
nocross(21,24).
nocross(22,1).
nocross(22,2).
nocross(22,3).
nocross(22,4).
nocross(22,18).
nocross(22,19).
nocross(22,20).
nocross(22,21).
nocross(22,23).
nocross(22,24).
nocross(23,2).
nocross(23,3).
nocross(23,4).
nocross(23,13).
nocross(23,14).
nocross(23,16).
nocross(23,21).
nocross(23,22).
nocross(23,24).
nocross(24,1).
nocross(24,2).
nocross(24,3).
nocross(24,4).
nocross(24,9).
nocross(24,11).
nocross(24,13).
nocross(24,14).
nocross(24,16).
nocross(24,21).
nocross(24,22).
nocross(24,23).
