dimension(24).
point(1, 61.7681932172, 96.0057988367).
point(2, 7.1576888694, 51.6744757415).
point(3, 87.335732241, 56.0674351155).
point(4, 46.2583484175, 26.6250804269).
point(5, 17.5910310388, 60.3412462983).
point(6, 28.5913528622, 63.5520269272).
point(7, 3.8795689073, 55.9883653252).
point(8, 0.3588143565, 68.3666572425).
point(9, 11.519178377, 44.7682707547).
point(10, 14.4539607136, 62.1383234906).
point(11, 74.7694693966, 22.883543498).
point(12, 88.1655447031, 47.5335424539).
point(13, 35.802978098, 71.7342224182).
point(14, 78.0797071882, 54.9180205979).
point(15, 90.6782395359, 59.4903732056).
point(16, 84.278057168, 39.0867183845).
point(17, 98.9068428613, 23.6462175753).
point(18, 7.7736111157, 51.7206778809).
point(19, 72.7360916598, 19.338406305).
point(20, 4.4880407032, 82.7728007461).
point(21, 9.0454581139, 75.9984529225).
point(22, 80.5833017657, 79.5132146721).
point(23, 56.4347468492, 45.5990959158).
point(24, 58.0461427303, 24.546312838).
cost(1, 2, 70).
cost(1, 3, 47).
cost(1, 4, 71).
cost(1, 5, 57).
cost(1, 6, 46).
cost(1, 7, 70).
cost(1, 8, 67).
cost(1, 9, 72).
cost(1, 10, 58).
cost(1, 11, 74).
cost(1, 12, 55).
cost(1, 13, 36).
cost(1, 14, 44).
cost(1, 15, 47).
cost(1, 16, 61).
cost(1, 17, 81).
cost(1, 18, 70).
cost(1, 19, 77).
cost(1, 20, 59).
cost(1, 21, 56).
cost(1, 22, 25).
cost(1, 23, 51).
cost(1, 24, 72).
cost(2, 1, 70).
cost(2, 3, 80).
cost(2, 4, 46).
cost(2, 5, 14).
cost(2, 6, 25).
cost(2, 7, 5).
cost(2, 8, 18).
cost(2, 9, 8).
cost(2, 10, 13).
cost(2, 11, 73).
cost(2, 12, 81).
cost(2, 13, 35).
cost(2, 14, 71).
cost(2, 15, 84).
cost(2, 16, 78).
cost(2, 17, 96).
cost(2, 18, 1).
cost(2, 19, 73).
cost(2, 20, 31).
cost(2, 21, 24).
cost(2, 22, 79).
cost(2, 23, 50).
cost(2, 24, 58).
cost(3, 1, 47).
cost(3, 2, 80).
cost(3, 4, 51).
cost(3, 5, 70).
cost(3, 6, 59).
cost(3, 7, 83).
cost(3, 8, 88).
cost(3, 9, 77).
cost(3, 10, 73).
cost(3, 11, 35).
cost(3, 12, 9).
cost(3, 13, 54).
cost(3, 14, 9).
cost(3, 15, 5).
cost(3, 16, 17).
cost(3, 17, 34).
cost(3, 18, 80).
cost(3, 19, 40).
cost(3, 20, 87).
cost(3, 21, 81).
cost(3, 22, 24).
cost(3, 23, 33).
cost(3, 24, 43).
cost(4, 1, 71).
cost(4, 2, 46).
cost(4, 3, 51).
cost(4, 5, 44).
cost(4, 6, 41).
cost(4, 7, 52).
cost(4, 8, 62).
cost(4, 9, 39).
cost(4, 10, 48).
cost(4, 11, 29).
cost(4, 12, 47).
cost(4, 13, 46).
cost(4, 14, 43).
cost(4, 15, 55).
cost(4, 16, 40).
cost(4, 17, 53).
cost(4, 18, 46).
cost(4, 19, 27).
cost(4, 20, 70).
cost(4, 21, 62).
cost(4, 22, 63).
cost(4, 23, 22).
cost(4, 24, 12).
cost(5, 1, 57).
cost(5, 2, 14).
cost(5, 3, 70).
cost(5, 4, 44).
cost(5, 6, 11).
cost(5, 7, 14).
cost(5, 8, 19).
cost(5, 9, 17).
cost(5, 10, 4).
cost(5, 11, 68).
cost(5, 12, 72).
cost(5, 13, 21).
cost(5, 14, 61).
cost(5, 15, 73).
cost(5, 16, 70).
cost(5, 17, 89).
cost(5, 18, 13).
cost(5, 19, 69).
cost(5, 20, 26).
cost(5, 21, 18).
cost(5, 22, 66).
cost(5, 23, 42).
cost(5, 24, 54).
cost(6, 1, 46).
cost(6, 2, 25).
cost(6, 3, 59).
cost(6, 4, 41).
cost(6, 5, 11).
cost(6, 7, 26).
cost(6, 8, 29).
cost(6, 9, 25).
cost(6, 10, 14).
cost(6, 11, 62).
cost(6, 12, 62).
cost(6, 13, 11).
cost(6, 14, 50).
cost(6, 15, 62).
cost(6, 16, 61).
cost(6, 17, 81).
cost(6, 18, 24).
cost(6, 19, 62).
cost(6, 20, 31).
cost(6, 21, 23).
cost(6, 22, 54).
cost(6, 23, 33).
cost(6, 24, 49).
cost(7, 1, 70).
cost(7, 2, 5).
cost(7, 3, 83).
cost(7, 4, 52).
cost(7, 5, 14).
cost(7, 6, 26).
cost(7, 8, 13).
cost(7, 9, 14).
cost(7, 10, 12).
cost(7, 11, 78).
cost(7, 12, 85).
cost(7, 13, 36).
cost(7, 14, 74).
cost(7, 15, 87).
cost(7, 16, 82).
cost(7, 17, 100).
cost(7, 18, 6).
cost(7, 19, 78).
cost(7, 20, 27).
cost(7, 21, 21).
cost(7, 22, 80).
cost(7, 23, 54).
cost(7, 24, 63).
cost(8, 1, 67).
cost(8, 2, 18).
cost(8, 3, 88).
cost(8, 4, 62).
cost(8, 5, 19).
cost(8, 6, 29).
cost(8, 7, 13).
cost(8, 9, 26).
cost(8, 10, 15).
cost(8, 11, 87).
cost(8, 12, 90).
cost(8, 13, 36).
cost(8, 14, 79).
cost(8, 15, 91).
cost(8, 16, 89).
cost(8, 17, 108).
cost(8, 18, 18).
cost(8, 19, 87).
cost(8, 20, 15).
cost(8, 21, 12).
cost(8, 22, 81).
cost(8, 23, 61).
cost(8, 24, 72).
cost(9, 1, 72).
cost(9, 2, 8).
cost(9, 3, 77).
cost(9, 4, 39).
cost(9, 5, 17).
cost(9, 6, 25).
cost(9, 7, 14).
cost(9, 8, 26).
cost(9, 10, 18).
cost(9, 11, 67).
cost(9, 12, 77).
cost(9, 13, 36).
cost(9, 14, 67).
cost(9, 15, 81).
cost(9, 16, 73).
cost(9, 17, 90).
cost(9, 18, 8).
cost(9, 19, 66).
cost(9, 20, 39).
cost(9, 21, 31).
cost(9, 22, 77).
cost(9, 23, 45).
cost(9, 24, 51).
cost(10, 1, 58).
cost(10, 2, 13).
cost(10, 3, 73).
cost(10, 4, 48).
cost(10, 5, 4).
cost(10, 6, 14).
cost(10, 7, 12).
cost(10, 8, 15).
cost(10, 9, 18).
cost(10, 11, 72).
cost(10, 12, 75).
cost(10, 13, 23).
cost(10, 14, 64).
cost(10, 15, 76).
cost(10, 16, 74).
cost(10, 17, 93).
cost(10, 18, 12).
cost(10, 19, 72).
cost(10, 20, 23).
cost(10, 21, 15).
cost(10, 22, 68).
cost(10, 23, 45).
cost(10, 24, 58).
cost(11, 1, 74).
cost(11, 2, 73).
cost(11, 3, 35).
cost(11, 4, 29).
cost(11, 5, 68).
cost(11, 6, 62).
cost(11, 7, 78).
cost(11, 8, 87).
cost(11, 9, 67).
cost(11, 10, 72).
cost(11, 12, 28).
cost(11, 13, 62).
cost(11, 14, 32).
cost(11, 15, 40).
cost(11, 16, 19).
cost(11, 17, 24).
cost(11, 18, 73).
cost(11, 19, 4).
cost(11, 20, 92).
cost(11, 21, 85).
cost(11, 22, 57).
cost(11, 23, 29).
cost(11, 24, 17).
cost(12, 1, 55).
cost(12, 2, 81).
cost(12, 3, 9).
cost(12, 4, 47).
cost(12, 5, 72).
cost(12, 6, 62).
cost(12, 7, 85).
cost(12, 8, 90).
cost(12, 9, 77).
cost(12, 10, 75).
cost(12, 11, 28).
cost(12, 13, 58).
cost(12, 14, 13).
cost(12, 15, 12).
cost(12, 16, 9).
cost(12, 17, 26).
cost(12, 18, 81).
cost(12, 19, 32).
cost(12, 20, 91).
cost(12, 21, 84).
cost(12, 22, 33).
cost(12, 23, 32).
cost(12, 24, 38).
cost(13, 1, 36).
cost(13, 2, 35).
cost(13, 3, 54).
cost(13, 4, 46).
cost(13, 5, 21).
cost(13, 6, 11).
cost(13, 7, 36).
cost(13, 8, 36).
cost(13, 9, 36).
cost(13, 10, 23).
cost(13, 11, 62).
cost(13, 12, 58).
cost(13, 14, 45).
cost(13, 15, 56).
cost(13, 16, 58).
cost(13, 17, 79).
cost(13, 18, 34).
cost(13, 19, 64).
cost(13, 20, 33).
cost(13, 21, 27).
cost(13, 22, 45).
cost(13, 23, 33).
cost(13, 24, 52).
cost(14, 1, 44).
cost(14, 2, 71).
cost(14, 3, 9).
cost(14, 4, 43).
cost(14, 5, 61).
cost(14, 6, 50).
cost(14, 7, 74).
cost(14, 8, 79).
cost(14, 9, 67).
cost(14, 10, 64).
cost(14, 11, 32).
cost(14, 12, 13).
cost(14, 13, 45).
cost(14, 15, 13).
cost(14, 16, 17).
cost(14, 17, 38).
cost(14, 18, 70).
cost(14, 19, 36).
cost(14, 20, 79).
cost(14, 21, 72).
cost(14, 22, 25).
cost(14, 23, 24).
cost(14, 24, 36).
cost(15, 1, 47).
cost(15, 2, 84).
cost(15, 3, 5).
cost(15, 4, 55).
cost(15, 5, 73).
cost(15, 6, 62).
cost(15, 7, 87).
cost(15, 8, 91).
cost(15, 9, 81).
cost(15, 10, 76).
cost(15, 11, 40).
cost(15, 12, 12).
cost(15, 13, 56).
cost(15, 14, 13).
cost(15, 16, 21).
cost(15, 17, 37).
cost(15, 18, 83).
cost(15, 19, 44).
cost(15, 20, 89).
cost(15, 21, 83).
cost(15, 22, 22).
cost(15, 23, 37).
cost(15, 24, 48).
cost(16, 1, 61).
cost(16, 2, 78).
cost(16, 3, 17).
cost(16, 4, 40).
cost(16, 5, 70).
cost(16, 6, 61).
cost(16, 7, 82).
cost(16, 8, 89).
cost(16, 9, 73).
cost(16, 10, 74).
cost(16, 11, 19).
cost(16, 12, 9).
cost(16, 13, 58).
cost(16, 14, 17).
cost(16, 15, 21).
cost(16, 17, 21).
cost(16, 18, 78).
cost(16, 19, 23).
cost(16, 20, 91).
cost(16, 21, 84).
cost(16, 22, 41).
cost(16, 23, 29).
cost(16, 24, 30).
cost(17, 1, 81).
cost(17, 2, 96).
cost(17, 3, 34).
cost(17, 4, 53).
cost(17, 5, 89).
cost(17, 6, 81).
cost(17, 7, 100).
cost(17, 8, 108).
cost(17, 9, 90).
cost(17, 10, 93).
cost(17, 11, 24).
cost(17, 12, 26).
cost(17, 13, 79).
cost(17, 14, 38).
cost(17, 15, 37).
cost(17, 16, 21).
cost(17, 18, 95).
cost(17, 19, 27).
cost(17, 20, 111).
cost(17, 21, 104).
cost(17, 22, 59).
cost(17, 23, 48).
cost(17, 24, 41).
cost(18, 1, 70).
cost(18, 2, 1).
cost(18, 3, 80).
cost(18, 4, 46).
cost(18, 5, 13).
cost(18, 6, 24).
cost(18, 7, 6).
cost(18, 8, 18).
cost(18, 9, 8).
cost(18, 10, 12).
cost(18, 11, 73).
cost(18, 12, 81).
cost(18, 13, 34).
cost(18, 14, 70).
cost(18, 15, 83).
cost(18, 16, 78).
cost(18, 17, 95).
cost(18, 19, 73).
cost(18, 20, 31).
cost(18, 21, 24).
cost(18, 22, 78).
cost(18, 23, 49).
cost(18, 24, 57).
cost(19, 1, 77).
cost(19, 2, 73).
cost(19, 3, 40).
cost(19, 4, 27).
cost(19, 5, 69).
cost(19, 6, 62).
cost(19, 7, 78).
cost(19, 8, 87).
cost(19, 9, 66).
cost(19, 10, 72).
cost(19, 11, 4).
cost(19, 12, 32).
cost(19, 13, 64).
cost(19, 14, 36).
cost(19, 15, 44).
cost(19, 16, 23).
cost(19, 17, 27).
cost(19, 18, 73).
cost(19, 20, 93).
cost(19, 21, 85).
cost(19, 22, 61).
cost(19, 23, 31).
cost(19, 24, 16).
cost(20, 1, 59).
cost(20, 2, 31).
cost(20, 3, 87).
cost(20, 4, 70).
cost(20, 5, 26).
cost(20, 6, 31).
cost(20, 7, 27).
cost(20, 8, 15).
cost(20, 9, 39).
cost(20, 10, 23).
cost(20, 11, 92).
cost(20, 12, 91).
cost(20, 13, 33).
cost(20, 14, 79).
cost(20, 15, 89).
cost(20, 16, 91).
cost(20, 17, 111).
cost(20, 18, 31).
cost(20, 19, 93).
cost(20, 21, 8).
cost(20, 22, 76).
cost(20, 23, 64).
cost(20, 24, 79).
cost(21, 1, 56).
cost(21, 2, 24).
cost(21, 3, 81).
cost(21, 4, 62).
cost(21, 5, 18).
cost(21, 6, 23).
cost(21, 7, 21).
cost(21, 8, 12).
cost(21, 9, 31).
cost(21, 10, 15).
cost(21, 11, 85).
cost(21, 12, 84).
cost(21, 13, 27).
cost(21, 14, 72).
cost(21, 15, 83).
cost(21, 16, 84).
cost(21, 17, 104).
cost(21, 18, 24).
cost(21, 19, 85).
cost(21, 20, 8).
cost(21, 22, 72).
cost(21, 23, 56).
cost(21, 24, 71).
cost(22, 1, 25).
cost(22, 2, 79).
cost(22, 3, 24).
cost(22, 4, 63).
cost(22, 5, 66).
cost(22, 6, 54).
cost(22, 7, 80).
cost(22, 8, 81).
cost(22, 9, 77).
cost(22, 10, 68).
cost(22, 11, 57).
cost(22, 12, 33).
cost(22, 13, 45).
cost(22, 14, 25).
cost(22, 15, 22).
cost(22, 16, 41).
cost(22, 17, 59).
cost(22, 18, 78).
cost(22, 19, 61).
cost(22, 20, 76).
cost(22, 21, 72).
cost(22, 23, 42).
cost(22, 24, 59).
cost(23, 1, 51).
cost(23, 2, 50).
cost(23, 3, 33).
cost(23, 4, 22).
cost(23, 5, 42).
cost(23, 6, 33).
cost(23, 7, 54).
cost(23, 8, 61).
cost(23, 9, 45).
cost(23, 10, 45).
cost(23, 11, 29).
cost(23, 12, 32).
cost(23, 13, 33).
cost(23, 14, 24).
cost(23, 15, 37).
cost(23, 16, 29).
cost(23, 17, 48).
cost(23, 18, 49).
cost(23, 19, 31).
cost(23, 20, 64).
cost(23, 21, 56).
cost(23, 22, 42).
cost(23, 24, 21).
cost(24, 1, 72).
cost(24, 2, 58).
cost(24, 3, 43).
cost(24, 4, 12).
cost(24, 5, 54).
cost(24, 6, 49).
cost(24, 7, 63).
cost(24, 8, 72).
cost(24, 9, 51).
cost(24, 10, 58).
cost(24, 11, 17).
cost(24, 12, 38).
cost(24, 13, 52).
cost(24, 14, 36).
cost(24, 15, 48).
cost(24, 16, 30).
cost(24, 17, 41).
cost(24, 18, 57).
cost(24, 19, 16).
cost(24, 20, 79).
cost(24, 21, 71).
cost(24, 22, 59).
cost(24, 23, 21).
