dimension(24).
point(1, 8.1285390916, 61.374344083).
point(2, 54.140440449, 13.4485119952).
point(3, 51.6638563118, 54.4383210453).
point(4, 72.7067433425, 55.1252916434).
point(5, 21.0430675684, 63.3836258957).
point(6, 32.009652991, 23.6730245231).
point(7, 13.4293715487, 40.2178001213).
point(8, 16.1874982777, 9.4090471555).
point(9, 72.1760169877, 73.5160013476).
point(10, 17.5386228846, 35.2921093152).
point(11, 27.6219074093, 44.188608938).
point(12, 3.1527651168, 23.6738475389).
point(13, 73.4287718272, 65.4671243702).
point(14, 73.0157685944, 62.1765925927).
point(15, 77.1190457519, 61.2672514037).
point(16, 77.3946166257, 66.0067849039).
point(17, 57.5321367853, 68.3665109162).
point(18, 18.3333625309, 52.851476268).
point(19, 35.4009325115, 26.2802288709).
point(20, 54.007023116, 54.2292180198).
point(21, 76.7274754776, 32.2024577259).
point(22, 33.8722970533, 27.9504552862).
point(23, 67.3216747735, 79.2371079345).
point(24, 72.4887557626, 75.9771670348).
cost(1, 2, 66).
cost(1, 3, 44).
cost(1, 4, 65).
cost(1, 5, 13).
cost(1, 6, 45).
cost(1, 7, 22).
cost(1, 8, 53).
cost(1, 9, 65).
cost(1, 10, 28).
cost(1, 11, 26).
cost(1, 12, 38).
cost(1, 13, 65).
cost(1, 14, 65).
cost(1, 15, 69).
cost(1, 16, 69).
cost(1, 17, 50).
cost(1, 18, 13).
cost(1, 19, 44).
cost(1, 20, 46).
cost(1, 21, 75).
cost(1, 22, 42).
cost(1, 23, 62).
cost(1, 24, 66).
cost(2, 1, 66).
cost(2, 3, 41).
cost(2, 4, 46).
cost(2, 5, 60).
cost(2, 6, 24).
cost(2, 7, 49).
cost(2, 8, 38).
cost(2, 9, 63).
cost(2, 10, 43).
cost(2, 11, 41).
cost(2, 12, 52).
cost(2, 13, 55).
cost(2, 14, 52).
cost(2, 15, 53).
cost(2, 16, 57).
cost(2, 17, 55).
cost(2, 18, 53).
cost(2, 19, 23).
cost(2, 20, 41).
cost(2, 21, 29).
cost(2, 22, 25).
cost(2, 23, 67).
cost(2, 24, 65).
cost(3, 1, 44).
cost(3, 2, 41).
cost(3, 4, 21).
cost(3, 5, 32).
cost(3, 6, 37).
cost(3, 7, 41).
cost(3, 8, 57).
cost(3, 9, 28).
cost(3, 10, 39).
cost(3, 11, 26).
cost(3, 12, 57).
cost(3, 13, 24).
cost(3, 14, 23).
cost(3, 15, 26).
cost(3, 16, 28).
cost(3, 17, 15).
cost(3, 18, 33).
cost(3, 19, 33).
cost(3, 20, 2).
cost(3, 21, 34).
cost(3, 22, 32).
cost(3, 23, 29).
cost(3, 24, 30).
cost(4, 1, 65).
cost(4, 2, 46).
cost(4, 3, 21).
cost(4, 5, 52).
cost(4, 6, 51).
cost(4, 7, 61).
cost(4, 8, 73).
cost(4, 9, 18).
cost(4, 10, 59).
cost(4, 11, 46).
cost(4, 12, 76).
cost(4, 13, 10).
cost(4, 14, 7).
cost(4, 15, 8).
cost(4, 16, 12).
cost(4, 17, 20).
cost(4, 18, 54).
cost(4, 19, 47).
cost(4, 20, 19).
cost(4, 21, 23).
cost(4, 22, 47).
cost(4, 23, 25).
cost(4, 24, 21).
cost(5, 1, 13).
cost(5, 2, 60).
cost(5, 3, 32).
cost(5, 4, 52).
cost(5, 6, 41).
cost(5, 7, 24).
cost(5, 8, 54).
cost(5, 9, 52).
cost(5, 10, 28).
cost(5, 11, 20).
cost(5, 12, 44).
cost(5, 13, 52).
cost(5, 14, 52).
cost(5, 15, 56).
cost(5, 16, 56).
cost(5, 17, 37).
cost(5, 18, 11).
cost(5, 19, 40).
cost(5, 20, 34).
cost(5, 21, 64).
cost(5, 22, 38).
cost(5, 23, 49).
cost(5, 24, 53).
cost(6, 1, 45).
cost(6, 2, 24).
cost(6, 3, 37).
cost(6, 4, 51).
cost(6, 5, 41).
cost(6, 7, 25).
cost(6, 8, 21).
cost(6, 9, 64).
cost(6, 10, 19).
cost(6, 11, 21).
cost(6, 12, 29).
cost(6, 13, 59).
cost(6, 14, 56).
cost(6, 15, 59).
cost(6, 16, 62).
cost(6, 17, 51).
cost(6, 18, 32).
cost(6, 19, 4).
cost(6, 20, 38).
cost(6, 21, 46).
cost(6, 22, 5).
cost(6, 23, 66).
cost(6, 24, 66).
cost(7, 1, 22).
cost(7, 2, 49).
cost(7, 3, 41).
cost(7, 4, 61).
cost(7, 5, 24).
cost(7, 6, 25).
cost(7, 8, 31).
cost(7, 9, 68).
cost(7, 10, 6).
cost(7, 11, 15).
cost(7, 12, 19).
cost(7, 13, 65).
cost(7, 14, 64).
cost(7, 15, 67).
cost(7, 16, 69).
cost(7, 17, 52).
cost(7, 18, 14).
cost(7, 19, 26).
cost(7, 20, 43).
cost(7, 21, 64).
cost(7, 22, 24).
cost(7, 23, 67).
cost(7, 24, 69).
cost(8, 1, 53).
cost(8, 2, 38).
cost(8, 3, 57).
cost(8, 4, 73).
cost(8, 5, 54).
cost(8, 6, 21).
cost(8, 7, 31).
cost(8, 9, 85).
cost(8, 10, 26).
cost(8, 11, 37).
cost(8, 12, 19).
cost(8, 13, 80).
cost(8, 14, 78).
cost(8, 15, 80).
cost(8, 16, 83).
cost(8, 17, 72).
cost(8, 18, 43).
cost(8, 19, 26).
cost(8, 20, 59).
cost(8, 21, 65).
cost(8, 22, 26).
cost(8, 23, 87).
cost(8, 24, 87).
cost(9, 1, 65).
cost(9, 2, 63).
cost(9, 3, 28).
cost(9, 4, 18).
cost(9, 5, 52).
cost(9, 6, 64).
cost(9, 7, 68).
cost(9, 8, 85).
cost(9, 10, 67).
cost(9, 11, 53).
cost(9, 12, 85).
cost(9, 13, 8).
cost(9, 14, 11).
cost(9, 15, 13).
cost(9, 16, 9).
cost(9, 17, 16).
cost(9, 18, 58).
cost(9, 19, 60).
cost(9, 20, 26).
cost(9, 21, 42).
cost(9, 22, 60).
cost(9, 23, 8).
cost(9, 24, 2).
cost(10, 1, 28).
cost(10, 2, 43).
cost(10, 3, 39).
cost(10, 4, 59).
cost(10, 5, 28).
cost(10, 6, 19).
cost(10, 7, 6).
cost(10, 8, 26).
cost(10, 9, 67).
cost(10, 11, 13).
cost(10, 12, 18).
cost(10, 13, 64).
cost(10, 14, 62).
cost(10, 15, 65).
cost(10, 16, 67).
cost(10, 17, 52).
cost(10, 18, 18).
cost(10, 19, 20).
cost(10, 20, 41).
cost(10, 21, 59).
cost(10, 22, 18).
cost(10, 23, 66).
cost(10, 24, 68).
cost(11, 1, 26).
cost(11, 2, 41).
cost(11, 3, 26).
cost(11, 4, 46).
cost(11, 5, 20).
cost(11, 6, 21).
cost(11, 7, 15).
cost(11, 8, 37).
cost(11, 9, 53).
cost(11, 10, 13).
cost(11, 12, 32).
cost(11, 13, 51).
cost(11, 14, 49).
cost(11, 15, 52).
cost(11, 16, 54).
cost(11, 17, 38).
cost(11, 18, 13).
cost(11, 19, 20).
cost(11, 20, 28).
cost(11, 21, 51).
cost(11, 22, 17).
cost(11, 23, 53).
cost(11, 24, 55).
cost(12, 1, 38).
cost(12, 2, 52).
cost(12, 3, 57).
cost(12, 4, 76).
cost(12, 5, 44).
cost(12, 6, 29).
cost(12, 7, 19).
cost(12, 8, 19).
cost(12, 9, 85).
cost(12, 10, 18).
cost(12, 11, 32).
cost(12, 13, 82).
cost(12, 14, 80).
cost(12, 15, 83).
cost(12, 16, 85).
cost(12, 17, 70).
cost(12, 18, 33).
cost(12, 19, 32).
cost(12, 20, 59).
cost(12, 21, 74).
cost(12, 22, 31).
cost(12, 23, 85).
cost(12, 24, 87).
cost(13, 1, 65).
cost(13, 2, 55).
cost(13, 3, 24).
cost(13, 4, 10).
cost(13, 5, 52).
cost(13, 6, 59).
cost(13, 7, 65).
cost(13, 8, 80).
cost(13, 9, 8).
cost(13, 10, 64).
cost(13, 11, 51).
cost(13, 12, 82).
cost(13, 14, 3).
cost(13, 15, 6).
cost(13, 16, 4).
cost(13, 17, 16).
cost(13, 18, 57).
cost(13, 19, 55).
cost(13, 20, 22).
cost(13, 21, 33).
cost(13, 22, 55).
cost(13, 23, 15).
cost(13, 24, 11).
cost(14, 1, 65).
cost(14, 2, 52).
cost(14, 3, 23).
cost(14, 4, 7).
cost(14, 5, 52).
cost(14, 6, 56).
cost(14, 7, 64).
cost(14, 8, 78).
cost(14, 9, 11).
cost(14, 10, 62).
cost(14, 11, 49).
cost(14, 12, 80).
cost(14, 13, 3).
cost(14, 15, 4).
cost(14, 16, 6).
cost(14, 17, 17).
cost(14, 18, 55).
cost(14, 19, 52).
cost(14, 20, 21).
cost(14, 21, 30).
cost(14, 22, 52).
cost(14, 23, 18).
cost(14, 24, 14).
cost(15, 1, 69).
cost(15, 2, 53).
cost(15, 3, 26).
cost(15, 4, 8).
cost(15, 5, 56).
cost(15, 6, 59).
cost(15, 7, 67).
cost(15, 8, 80).
cost(15, 9, 13).
cost(15, 10, 65).
cost(15, 11, 52).
cost(15, 12, 83).
cost(15, 13, 6).
cost(15, 14, 4).
cost(15, 16, 5).
cost(15, 17, 21).
cost(15, 18, 59).
cost(15, 19, 54).
cost(15, 20, 24).
cost(15, 21, 29).
cost(15, 22, 55).
cost(15, 23, 20).
cost(15, 24, 15).
cost(16, 1, 69).
cost(16, 2, 57).
cost(16, 3, 28).
cost(16, 4, 12).
cost(16, 5, 56).
cost(16, 6, 62).
cost(16, 7, 69).
cost(16, 8, 83).
cost(16, 9, 9).
cost(16, 10, 67).
cost(16, 11, 54).
cost(16, 12, 85).
cost(16, 13, 4).
cost(16, 14, 6).
cost(16, 15, 5).
cost(16, 17, 20).
cost(16, 18, 61).
cost(16, 19, 58).
cost(16, 20, 26).
cost(16, 21, 34).
cost(16, 22, 58).
cost(16, 23, 17).
cost(16, 24, 11).
cost(17, 1, 50).
cost(17, 2, 55).
cost(17, 3, 15).
cost(17, 4, 20).
cost(17, 5, 37).
cost(17, 6, 51).
cost(17, 7, 52).
cost(17, 8, 72).
cost(17, 9, 16).
cost(17, 10, 52).
cost(17, 11, 38).
cost(17, 12, 70).
cost(17, 13, 16).
cost(17, 14, 17).
cost(17, 15, 21).
cost(17, 16, 20).
cost(17, 18, 42).
cost(17, 19, 48).
cost(17, 20, 15).
cost(17, 21, 41).
cost(17, 22, 47).
cost(17, 23, 15).
cost(17, 24, 17).
cost(18, 1, 13).
cost(18, 2, 53).
cost(18, 3, 33).
cost(18, 4, 54).
cost(18, 5, 11).
cost(18, 6, 32).
cost(18, 7, 14).
cost(18, 8, 43).
cost(18, 9, 58).
cost(18, 10, 18).
cost(18, 11, 13).
cost(18, 12, 33).
cost(18, 13, 57).
cost(18, 14, 55).
cost(18, 15, 59).
cost(18, 16, 61).
cost(18, 17, 42).
cost(18, 19, 32).
cost(18, 20, 36).
cost(18, 21, 62).
cost(18, 22, 29).
cost(18, 23, 56).
cost(18, 24, 59).
cost(19, 1, 44).
cost(19, 2, 23).
cost(19, 3, 33).
cost(19, 4, 47).
cost(19, 5, 40).
cost(19, 6, 4).
cost(19, 7, 26).
cost(19, 8, 26).
cost(19, 9, 60).
cost(19, 10, 20).
cost(19, 11, 20).
cost(19, 12, 32).
cost(19, 13, 55).
cost(19, 14, 52).
cost(19, 15, 54).
cost(19, 16, 58).
cost(19, 17, 48).
cost(19, 18, 32).
cost(19, 20, 34).
cost(19, 21, 42).
cost(19, 22, 2).
cost(19, 23, 62).
cost(19, 24, 62).
cost(20, 1, 46).
cost(20, 2, 41).
cost(20, 3, 2).
cost(20, 4, 19).
cost(20, 5, 34).
cost(20, 6, 38).
cost(20, 7, 43).
cost(20, 8, 59).
cost(20, 9, 26).
cost(20, 10, 41).
cost(20, 11, 28).
cost(20, 12, 59).
cost(20, 13, 22).
cost(20, 14, 21).
cost(20, 15, 24).
cost(20, 16, 26).
cost(20, 17, 15).
cost(20, 18, 36).
cost(20, 19, 34).
cost(20, 21, 32).
cost(20, 22, 33).
cost(20, 23, 28).
cost(20, 24, 29).
cost(21, 1, 75).
cost(21, 2, 29).
cost(21, 3, 34).
cost(21, 4, 23).
cost(21, 5, 64).
cost(21, 6, 46).
cost(21, 7, 64).
cost(21, 8, 65).
cost(21, 9, 42).
cost(21, 10, 59).
cost(21, 11, 51).
cost(21, 12, 74).
cost(21, 13, 33).
cost(21, 14, 30).
cost(21, 15, 29).
cost(21, 16, 34).
cost(21, 17, 41).
cost(21, 18, 62).
cost(21, 19, 42).
cost(21, 20, 32).
cost(21, 22, 43).
cost(21, 23, 48).
cost(21, 24, 44).
cost(22, 1, 42).
cost(22, 2, 25).
cost(22, 3, 32).
cost(22, 4, 47).
cost(22, 5, 38).
cost(22, 6, 5).
cost(22, 7, 24).
cost(22, 8, 26).
cost(22, 9, 60).
cost(22, 10, 18).
cost(22, 11, 17).
cost(22, 12, 31).
cost(22, 13, 55).
cost(22, 14, 52).
cost(22, 15, 55).
cost(22, 16, 58).
cost(22, 17, 47).
cost(22, 18, 29).
cost(22, 19, 2).
cost(22, 20, 33).
cost(22, 21, 43).
cost(22, 23, 61).
cost(22, 24, 62).
cost(23, 1, 62).
cost(23, 2, 67).
cost(23, 3, 29).
cost(23, 4, 25).
cost(23, 5, 49).
cost(23, 6, 66).
cost(23, 7, 67).
cost(23, 8, 87).
cost(23, 9, 8).
cost(23, 10, 66).
cost(23, 11, 53).
cost(23, 12, 85).
cost(23, 13, 15).
cost(23, 14, 18).
cost(23, 15, 20).
cost(23, 16, 17).
cost(23, 17, 15).
cost(23, 18, 56).
cost(23, 19, 62).
cost(23, 20, 28).
cost(23, 21, 48).
cost(23, 22, 61).
cost(23, 24, 6).
cost(24, 1, 66).
cost(24, 2, 65).
cost(24, 3, 30).
cost(24, 4, 21).
cost(24, 5, 53).
cost(24, 6, 66).
cost(24, 7, 69).
cost(24, 8, 87).
cost(24, 9, 2).
cost(24, 10, 68).
cost(24, 11, 55).
cost(24, 12, 87).
cost(24, 13, 11).
cost(24, 14, 14).
cost(24, 15, 15).
cost(24, 16, 11).
cost(24, 17, 17).
cost(24, 18, 59).
cost(24, 19, 62).
cost(24, 20, 29).
cost(24, 21, 44).
cost(24, 22, 62).
cost(24, 23, 6).
