dimension(24).
point(1, 67.4226489139, 71.4319047047).
point(2, 95.631929752, 47.1417420008).
point(3, 37.7890237692, 23.4475156893).
point(4, 66.5139611297, 90.1346620475).
point(5, 95.2792855789, 53.189757772).
point(6, 39.7245971978, 16.6472508277).
point(7, 88.3964125914, 56.6778768662).
point(8, 22.8172056211, 57.3181532285).
point(9, 93.6705090486, 72.060542038).
point(10, 27.7638941807, 55.3063848034).
point(11, 54.9309594966, 89.276358668).
point(12, 83.7041106692, 79.6611582429).
point(13, 73.0844650635, 64.9836089672).
point(14, 4.9035964155, 21.2055203716).
point(15, 58.2130920444, 25.6339955065).
point(16, 11.0517882315, 28.1696658727).
point(17, 18.7131959433, 12.9766587825).
point(18, 66.6382746949, 82.8877567532).
point(19, 24.8297047028, 36.5611736642).
point(20, 8.5069606948, 59.0404067021).
point(21, 15.9154436532, 54.0377867496).
point(22, 71.093794192, 68.1834968158).
point(23, 64.880356758, 87.1984519413).
point(24, 42.0619577189, 11.7712245365).
cost(1, 2, 37).
cost(1, 3, 56).
cost(1, 4, 19).
cost(1, 5, 33).
cost(1, 6, 61).
cost(1, 7, 26).
cost(1, 8, 47).
cost(1, 9, 26).
cost(1, 10, 43).
cost(1, 11, 22).
cost(1, 12, 18).
cost(1, 13, 9).
cost(1, 14, 80).
cost(1, 15, 47).
cost(1, 16, 71).
cost(1, 17, 76).
cost(1, 18, 11).
cost(1, 19, 55).
cost(1, 20, 60).
cost(1, 21, 54).
cost(1, 22, 5).
cost(1, 23, 16).
cost(1, 24, 65).
cost(2, 1, 37).
cost(2, 3, 63).
cost(2, 4, 52).
cost(2, 5, 6).
cost(2, 6, 64).
cost(2, 7, 12).
cost(2, 8, 74).
cost(2, 9, 25).
cost(2, 10, 68).
cost(2, 11, 59).
cost(2, 12, 35).
cost(2, 13, 29).
cost(2, 14, 94).
cost(2, 15, 43).
cost(2, 16, 87).
cost(2, 17, 84).
cost(2, 18, 46).
cost(2, 19, 72).
cost(2, 20, 88).
cost(2, 21, 80).
cost(2, 22, 32).
cost(2, 23, 50).
cost(2, 24, 64).
cost(3, 1, 56).
cost(3, 2, 63).
cost(3, 4, 73).
cost(3, 5, 65).
cost(3, 6, 7).
cost(3, 7, 61).
cost(3, 8, 37).
cost(3, 9, 74).
cost(3, 10, 33).
cost(3, 11, 68).
cost(3, 12, 73).
cost(3, 13, 55).
cost(3, 14, 33).
cost(3, 15, 21).
cost(3, 16, 27).
cost(3, 17, 22).
cost(3, 18, 66).
cost(3, 19, 18).
cost(3, 20, 46).
cost(3, 21, 38).
cost(3, 22, 56).
cost(3, 23, 69).
cost(3, 24, 12).
cost(4, 1, 19).
cost(4, 2, 52).
cost(4, 3, 73).
cost(4, 5, 47).
cost(4, 6, 78).
cost(4, 7, 40).
cost(4, 8, 55).
cost(4, 9, 33).
cost(4, 10, 52).
cost(4, 11, 12).
cost(4, 12, 20).
cost(4, 13, 26).
cost(4, 14, 92).
cost(4, 15, 65).
cost(4, 16, 83).
cost(4, 17, 91).
cost(4, 18, 7).
cost(4, 19, 68).
cost(4, 20, 66).
cost(4, 21, 62).
cost(4, 22, 22).
cost(4, 23, 3).
cost(4, 24, 82).
cost(5, 1, 33).
cost(5, 2, 6).
cost(5, 3, 65).
cost(5, 4, 47).
cost(5, 6, 66).
cost(5, 7, 8).
cost(5, 8, 73).
cost(5, 9, 19).
cost(5, 10, 68).
cost(5, 11, 54).
cost(5, 12, 29).
cost(5, 13, 25).
cost(5, 14, 96).
cost(5, 15, 46).
cost(5, 16, 88).
cost(5, 17, 86).
cost(5, 18, 41).
cost(5, 19, 72).
cost(5, 20, 87).
cost(5, 21, 79).
cost(5, 22, 28).
cost(5, 23, 46).
cost(5, 24, 67).
cost(6, 1, 61).
cost(6, 2, 64).
cost(6, 3, 7).
cost(6, 4, 78).
cost(6, 5, 66).
cost(6, 7, 63).
cost(6, 8, 44).
cost(6, 9, 77).
cost(6, 10, 40).
cost(6, 11, 74).
cost(6, 12, 77).
cost(6, 13, 59).
cost(6, 14, 35).
cost(6, 15, 21).
cost(6, 16, 31).
cost(6, 17, 21).
cost(6, 18, 71).
cost(6, 19, 25).
cost(6, 20, 53).
cost(6, 21, 44).
cost(6, 22, 60).
cost(6, 23, 75).
cost(6, 24, 5).
cost(7, 1, 26).
cost(7, 2, 12).
cost(7, 3, 61).
cost(7, 4, 40).
cost(7, 5, 8).
cost(7, 6, 63).
cost(7, 8, 66).
cost(7, 9, 16).
cost(7, 10, 61).
cost(7, 11, 47).
cost(7, 12, 23).
cost(7, 13, 17).
cost(7, 14, 91).
cost(7, 15, 43).
cost(7, 16, 82).
cost(7, 17, 82).
cost(7, 18, 34).
cost(7, 19, 67).
cost(7, 20, 80).
cost(7, 21, 73).
cost(7, 22, 21).
cost(7, 23, 39).
cost(7, 24, 65).
cost(8, 1, 47).
cost(8, 2, 74).
cost(8, 3, 37).
cost(8, 4, 55).
cost(8, 5, 73).
cost(8, 6, 44).
cost(8, 7, 66).
cost(8, 9, 72).
cost(8, 10, 5).
cost(8, 11, 45).
cost(8, 12, 65).
cost(8, 13, 51).
cost(8, 14, 40).
cost(8, 15, 48).
cost(8, 16, 31).
cost(8, 17, 45).
cost(8, 18, 51).
cost(8, 19, 21).
cost(8, 20, 14).
cost(8, 21, 8).
cost(8, 22, 49).
cost(8, 23, 52).
cost(8, 24, 49).
cost(9, 1, 26).
cost(9, 2, 25).
cost(9, 3, 74).
cost(9, 4, 33).
cost(9, 5, 19).
cost(9, 6, 77).
cost(9, 7, 16).
cost(9, 8, 72).
cost(9, 10, 68).
cost(9, 11, 42).
cost(9, 12, 13).
cost(9, 13, 22).
cost(9, 14, 102).
cost(9, 15, 58).
cost(9, 16, 94).
cost(9, 17, 95).
cost(9, 18, 29).
cost(9, 19, 77).
cost(9, 20, 86).
cost(9, 21, 80).
cost(9, 22, 23).
cost(9, 23, 33).
cost(9, 24, 79).
cost(10, 1, 43).
cost(10, 2, 68).
cost(10, 3, 33).
cost(10, 4, 52).
cost(10, 5, 68).
cost(10, 6, 40).
cost(10, 7, 61).
cost(10, 8, 5).
cost(10, 9, 68).
cost(10, 11, 43).
cost(10, 12, 61).
cost(10, 13, 46).
cost(10, 14, 41).
cost(10, 15, 43).
cost(10, 16, 32).
cost(10, 17, 43).
cost(10, 18, 48).
cost(10, 19, 19).
cost(10, 20, 20).
cost(10, 21, 12).
cost(10, 22, 45).
cost(10, 23, 49).
cost(10, 24, 46).
cost(11, 1, 22).
cost(11, 2, 59).
cost(11, 3, 68).
cost(11, 4, 12).
cost(11, 5, 54).
cost(11, 6, 74).
cost(11, 7, 47).
cost(11, 8, 45).
cost(11, 9, 42).
cost(11, 10, 43).
cost(11, 12, 30).
cost(11, 13, 30).
cost(11, 14, 84).
cost(11, 15, 64).
cost(11, 16, 75).
cost(11, 17, 84).
cost(11, 18, 13).
cost(11, 19, 61).
cost(11, 20, 55).
cost(11, 21, 53).
cost(11, 22, 27).
cost(11, 23, 10).
cost(11, 24, 79).
cost(12, 1, 18).
cost(12, 2, 35).
cost(12, 3, 73).
cost(12, 4, 20).
cost(12, 5, 29).
cost(12, 6, 77).
cost(12, 7, 23).
cost(12, 8, 65).
cost(12, 9, 13).
cost(12, 10, 61).
cost(12, 11, 30).
cost(12, 13, 18).
cost(12, 14, 98).
cost(12, 15, 60).
cost(12, 16, 89).
cost(12, 17, 93).
cost(12, 18, 17).
cost(12, 19, 73).
cost(12, 20, 78).
cost(12, 21, 72).
cost(12, 22, 17).
cost(12, 23, 20).
cost(12, 24, 80).
cost(13, 1, 9).
cost(13, 2, 29).
cost(13, 3, 55).
cost(13, 4, 26).
cost(13, 5, 25).
cost(13, 6, 59).
cost(13, 7, 17).
cost(13, 8, 51).
cost(13, 9, 22).
cost(13, 10, 46).
cost(13, 11, 30).
cost(13, 12, 18).
cost(13, 14, 81).
cost(13, 15, 42).
cost(13, 16, 72).
cost(13, 17, 75).
cost(13, 18, 19).
cost(13, 19, 56).
cost(13, 20, 65).
cost(13, 21, 58).
cost(13, 22, 4).
cost(13, 23, 24).
cost(13, 24, 62).
cost(14, 1, 80).
cost(14, 2, 94).
cost(14, 3, 33).
cost(14, 4, 92).
cost(14, 5, 96).
cost(14, 6, 35).
cost(14, 7, 91).
cost(14, 8, 40).
cost(14, 9, 102).
cost(14, 10, 41).
cost(14, 11, 84).
cost(14, 12, 98).
cost(14, 13, 81).
cost(14, 15, 53).
cost(14, 16, 9).
cost(14, 17, 16).
cost(14, 18, 87).
cost(14, 19, 25).
cost(14, 20, 38).
cost(14, 21, 35).
cost(14, 22, 81).
cost(14, 23, 89).
cost(14, 24, 38).
cost(15, 1, 47).
cost(15, 2, 43).
cost(15, 3, 21).
cost(15, 4, 65).
cost(15, 5, 46).
cost(15, 6, 21).
cost(15, 7, 43).
cost(15, 8, 48).
cost(15, 9, 58).
cost(15, 10, 43).
cost(15, 11, 64).
cost(15, 12, 60).
cost(15, 13, 42).
cost(15, 14, 53).
cost(15, 16, 47).
cost(15, 17, 41).
cost(15, 18, 58).
cost(15, 19, 35).
cost(15, 20, 60).
cost(15, 21, 51).
cost(15, 22, 44).
cost(15, 23, 62).
cost(15, 24, 21).
cost(16, 1, 71).
cost(16, 2, 87).
cost(16, 3, 27).
cost(16, 4, 83).
cost(16, 5, 88).
cost(16, 6, 31).
cost(16, 7, 82).
cost(16, 8, 31).
cost(16, 9, 94).
cost(16, 10, 32).
cost(16, 11, 75).
cost(16, 12, 89).
cost(16, 13, 72).
cost(16, 14, 9).
cost(16, 15, 47).
cost(16, 17, 17).
cost(16, 18, 78).
cost(16, 19, 16).
cost(16, 20, 31).
cost(16, 21, 26).
cost(16, 22, 72).
cost(16, 23, 80).
cost(16, 24, 35).
cost(17, 1, 76).
cost(17, 2, 84).
cost(17, 3, 22).
cost(17, 4, 91).
cost(17, 5, 86).
cost(17, 6, 21).
cost(17, 7, 82).
cost(17, 8, 45).
cost(17, 9, 95).
cost(17, 10, 43).
cost(17, 11, 84).
cost(17, 12, 93).
cost(17, 13, 75).
cost(17, 14, 16).
cost(17, 15, 41).
cost(17, 16, 17).
cost(17, 18, 85).
cost(17, 19, 24).
cost(17, 20, 47).
cost(17, 21, 41).
cost(17, 22, 76).
cost(17, 23, 87).
cost(17, 24, 23).
cost(18, 1, 11).
cost(18, 2, 46).
cost(18, 3, 66).
cost(18, 4, 7).
cost(18, 5, 41).
cost(18, 6, 71).
cost(18, 7, 34).
cost(18, 8, 51).
cost(18, 9, 29).
cost(18, 10, 48).
cost(18, 11, 13).
cost(18, 12, 17).
cost(18, 13, 19).
cost(18, 14, 87).
cost(18, 15, 58).
cost(18, 16, 78).
cost(18, 17, 85).
cost(18, 19, 62).
cost(18, 20, 63).
cost(18, 21, 58).
cost(18, 22, 15).
cost(18, 23, 5).
cost(18, 24, 75).
cost(19, 1, 55).
cost(19, 2, 72).
cost(19, 3, 18).
cost(19, 4, 68).
cost(19, 5, 72).
cost(19, 6, 25).
cost(19, 7, 67).
cost(19, 8, 21).
cost(19, 9, 77).
cost(19, 10, 19).
cost(19, 11, 61).
cost(19, 12, 73).
cost(19, 13, 56).
cost(19, 14, 25).
cost(19, 15, 35).
cost(19, 16, 16).
cost(19, 17, 24).
cost(19, 18, 62).
cost(19, 20, 28).
cost(19, 21, 20).
cost(19, 22, 56).
cost(19, 23, 65).
cost(19, 24, 30).
cost(20, 1, 60).
cost(20, 2, 88).
cost(20, 3, 46).
cost(20, 4, 66).
cost(20, 5, 87).
cost(20, 6, 53).
cost(20, 7, 80).
cost(20, 8, 14).
cost(20, 9, 86).
cost(20, 10, 20).
cost(20, 11, 55).
cost(20, 12, 78).
cost(20, 13, 65).
cost(20, 14, 38).
cost(20, 15, 60).
cost(20, 16, 31).
cost(20, 17, 47).
cost(20, 18, 63).
cost(20, 19, 28).
cost(20, 21, 9).
cost(20, 22, 63).
cost(20, 23, 63).
cost(20, 24, 58).
cost(21, 1, 54).
cost(21, 2, 80).
cost(21, 3, 38).
cost(21, 4, 62).
cost(21, 5, 79).
cost(21, 6, 44).
cost(21, 7, 73).
cost(21, 8, 8).
cost(21, 9, 80).
cost(21, 10, 12).
cost(21, 11, 53).
cost(21, 12, 72).
cost(21, 13, 58).
cost(21, 14, 35).
cost(21, 15, 51).
cost(21, 16, 26).
cost(21, 17, 41).
cost(21, 18, 58).
cost(21, 19, 20).
cost(21, 20, 9).
cost(21, 22, 57).
cost(21, 23, 59).
cost(21, 24, 50).
cost(22, 1, 5).
cost(22, 2, 32).
cost(22, 3, 56).
cost(22, 4, 22).
cost(22, 5, 28).
cost(22, 6, 60).
cost(22, 7, 21).
cost(22, 8, 49).
cost(22, 9, 23).
cost(22, 10, 45).
cost(22, 11, 27).
cost(22, 12, 17).
cost(22, 13, 4).
cost(22, 14, 81).
cost(22, 15, 44).
cost(22, 16, 72).
cost(22, 17, 76).
cost(22, 18, 15).
cost(22, 19, 56).
cost(22, 20, 63).
cost(22, 21, 57).
cost(22, 23, 20).
cost(22, 24, 63).
cost(23, 1, 16).
cost(23, 2, 50).
cost(23, 3, 69).
cost(23, 4, 3).
cost(23, 5, 46).
cost(23, 6, 75).
cost(23, 7, 39).
cost(23, 8, 52).
cost(23, 9, 33).
cost(23, 10, 49).
cost(23, 11, 10).
cost(23, 12, 20).
cost(23, 13, 24).
cost(23, 14, 89).
cost(23, 15, 62).
cost(23, 16, 80).
cost(23, 17, 87).
cost(23, 18, 5).
cost(23, 19, 65).
cost(23, 20, 63).
cost(23, 21, 59).
cost(23, 22, 20).
cost(23, 24, 79).
cost(24, 1, 65).
cost(24, 2, 64).
cost(24, 3, 12).
cost(24, 4, 82).
cost(24, 5, 67).
cost(24, 6, 5).
cost(24, 7, 65).
cost(24, 8, 49).
cost(24, 9, 79).
cost(24, 10, 46).
cost(24, 11, 79).
cost(24, 12, 80).
cost(24, 13, 62).
cost(24, 14, 38).
cost(24, 15, 21).
cost(24, 16, 35).
cost(24, 17, 23).
cost(24, 18, 75).
cost(24, 19, 30).
cost(24, 20, 58).
cost(24, 21, 50).
cost(24, 22, 63).
cost(24, 23, 79).
