dimension(24).
point(1, 15.0086986042, 18.12259629).
point(2, 30.7006278994, 79.1914807288).
point(3, 43.6425351582, 9.9942849508).
point(4, 54.1017437295, 68.8480106541).
point(5, 61.370876243, 72.9103898819).
point(6, 86.8528379101, 45.4024516764).
point(7, 19.9639710128, 26.8720410714).
point(8, 67.1348186618, 40.6718370149).
point(9, 75.1640600061, 55.8083978534).
point(10, 14.9541608448, 14.275532189).
point(11, 60.1704981583, 94.4513920843).
point(12, 26.741694795, 18.5047108396).
point(13, 65.3760552205, 80.9226774173).
point(14, 66.6400636488, 68.3930171578).
point(15, 43.9833690017, 79.8901525106).
point(16, 82.8385387909, 96.541656899).
point(17, 13.9135637418, 45.4617069256).
point(18, 3.3332988905, 33.0085669871).
point(19, 29.7516438137, 21.6045790087).
point(20, 12.5276128306, 21.5759922066).
point(21, 8.4066372325, 3.080228222).
point(22, 32.2145883192, 8.0657246921).
point(23, 70.9864499501, 57.350852295).
point(24, 12.9843420359, 32.2947868984).
cost(1, 2, 63).
cost(1, 3, 30).
cost(1, 4, 64).
cost(1, 5, 72).
cost(1, 6, 77).
cost(1, 7, 10).
cost(1, 8, 57).
cost(1, 9, 71).
cost(1, 10, 4).
cost(1, 11, 89).
cost(1, 12, 12).
cost(1, 13, 81).
cost(1, 14, 72).
cost(1, 15, 68).
cost(1, 16, 104).
cost(1, 17, 27).
cost(1, 18, 19).
cost(1, 19, 15).
cost(1, 20, 4).
cost(1, 21, 16).
cost(1, 22, 20).
cost(1, 23, 68).
cost(1, 24, 14).
cost(2, 1, 63).
cost(2, 3, 70).
cost(2, 4, 26).
cost(2, 5, 31).
cost(2, 6, 66).
cost(2, 7, 53).
cost(2, 8, 53).
cost(2, 9, 50).
cost(2, 10, 67).
cost(2, 11, 33).
cost(2, 12, 61).
cost(2, 13, 35).
cost(2, 14, 38).
cost(2, 15, 13).
cost(2, 16, 55).
cost(2, 17, 38).
cost(2, 18, 54).
cost(2, 19, 58).
cost(2, 20, 60).
cost(2, 21, 79).
cost(2, 22, 71).
cost(2, 23, 46).
cost(2, 24, 50).
cost(3, 1, 30).
cost(3, 2, 70).
cost(3, 4, 60).
cost(3, 5, 65).
cost(3, 6, 56).
cost(3, 7, 29).
cost(3, 8, 39).
cost(3, 9, 56).
cost(3, 10, 29).
cost(3, 11, 86).
cost(3, 12, 19).
cost(3, 13, 74).
cost(3, 14, 63).
cost(3, 15, 70).
cost(3, 16, 95).
cost(3, 17, 46).
cost(3, 18, 46).
cost(3, 19, 18).
cost(3, 20, 33).
cost(3, 21, 36).
cost(3, 22, 12).
cost(3, 23, 55).
cost(3, 24, 38).
cost(4, 1, 64).
cost(4, 2, 26).
cost(4, 3, 60).
cost(4, 5, 8).
cost(4, 6, 40).
cost(4, 7, 54).
cost(4, 8, 31).
cost(4, 9, 25).
cost(4, 10, 67).
cost(4, 11, 26).
cost(4, 12, 57).
cost(4, 13, 17).
cost(4, 14, 13).
cost(4, 15, 15).
cost(4, 16, 40).
cost(4, 17, 46).
cost(4, 18, 62).
cost(4, 19, 53).
cost(4, 20, 63).
cost(4, 21, 80).
cost(4, 22, 65).
cost(4, 23, 20).
cost(4, 24, 55).
cost(5, 1, 72).
cost(5, 2, 31).
cost(5, 3, 65).
cost(5, 4, 8).
cost(5, 6, 37).
cost(5, 7, 62).
cost(5, 8, 33).
cost(5, 9, 22).
cost(5, 10, 75).
cost(5, 11, 22).
cost(5, 12, 64).
cost(5, 13, 9).
cost(5, 14, 7).
cost(5, 15, 19).
cost(5, 16, 32).
cost(5, 17, 55).
cost(5, 18, 70).
cost(5, 19, 60).
cost(5, 20, 71).
cost(5, 21, 88).
cost(5, 22, 71).
cost(5, 23, 18).
cost(5, 24, 63).
cost(6, 1, 77).
cost(6, 2, 66).
cost(6, 3, 56).
cost(6, 4, 40).
cost(6, 5, 37).
cost(6, 7, 69).
cost(6, 8, 20).
cost(6, 9, 16).
cost(6, 10, 78).
cost(6, 11, 56).
cost(6, 12, 66).
cost(6, 13, 42).
cost(6, 14, 31).
cost(6, 15, 55).
cost(6, 16, 51).
cost(6, 17, 73).
cost(6, 18, 84).
cost(6, 19, 62).
cost(6, 20, 78).
cost(6, 21, 89).
cost(6, 22, 66).
cost(6, 23, 20).
cost(6, 24, 75).
cost(7, 1, 10).
cost(7, 2, 53).
cost(7, 3, 29).
cost(7, 4, 54).
cost(7, 5, 62).
cost(7, 6, 69).
cost(7, 8, 49).
cost(7, 9, 62).
cost(7, 10, 14).
cost(7, 11, 79).
cost(7, 12, 11).
cost(7, 13, 71).
cost(7, 14, 62).
cost(7, 15, 58).
cost(7, 16, 94).
cost(7, 17, 20).
cost(7, 18, 18).
cost(7, 19, 11).
cost(7, 20, 9).
cost(7, 21, 26).
cost(7, 22, 22).
cost(7, 23, 59).
cost(7, 24, 9).
cost(8, 1, 57).
cost(8, 2, 53).
cost(8, 3, 39).
cost(8, 4, 31).
cost(8, 5, 33).
cost(8, 6, 20).
cost(8, 7, 49).
cost(8, 9, 17).
cost(8, 10, 58).
cost(8, 11, 54).
cost(8, 12, 46).
cost(8, 13, 40).
cost(8, 14, 28).
cost(8, 15, 46).
cost(8, 16, 58).
cost(8, 17, 53).
cost(8, 18, 64).
cost(8, 19, 42).
cost(8, 20, 58).
cost(8, 21, 70).
cost(8, 22, 48).
cost(8, 23, 17).
cost(8, 24, 55).
cost(9, 1, 71).
cost(9, 2, 50).
cost(9, 3, 56).
cost(9, 4, 25).
cost(9, 5, 22).
cost(9, 6, 16).
cost(9, 7, 62).
cost(9, 8, 17).
cost(9, 10, 73).
cost(9, 11, 41).
cost(9, 12, 61).
cost(9, 13, 27).
cost(9, 14, 15).
cost(9, 15, 39).
cost(9, 16, 41).
cost(9, 17, 62).
cost(9, 18, 75).
cost(9, 19, 57).
cost(9, 20, 71).
cost(9, 21, 85).
cost(9, 22, 64).
cost(9, 23, 4).
cost(9, 24, 66).
cost(10, 1, 4).
cost(10, 2, 67).
cost(10, 3, 29).
cost(10, 4, 67).
cost(10, 5, 75).
cost(10, 6, 78).
cost(10, 7, 14).
cost(10, 8, 58).
cost(10, 9, 73).
cost(10, 11, 92).
cost(10, 12, 13).
cost(10, 13, 84).
cost(10, 14, 75).
cost(10, 15, 72).
cost(10, 16, 107).
cost(10, 17, 31).
cost(10, 18, 22).
cost(10, 19, 17).
cost(10, 20, 8).
cost(10, 21, 13).
cost(10, 22, 18).
cost(10, 23, 71).
cost(10, 24, 18).
cost(11, 1, 89).
cost(11, 2, 33).
cost(11, 3, 86).
cost(11, 4, 26).
cost(11, 5, 22).
cost(11, 6, 56).
cost(11, 7, 79).
cost(11, 8, 54).
cost(11, 9, 41).
cost(11, 10, 92).
cost(11, 12, 83).
cost(11, 13, 14).
cost(11, 14, 27).
cost(11, 15, 22).
cost(11, 16, 23).
cost(11, 17, 67).
cost(11, 18, 84).
cost(11, 19, 79).
cost(11, 20, 87).
cost(11, 21, 105).
cost(11, 22, 91).
cost(11, 23, 39).
cost(11, 24, 78).
cost(12, 1, 12).
cost(12, 2, 61).
cost(12, 3, 19).
cost(12, 4, 57).
cost(12, 5, 64).
cost(12, 6, 66).
cost(12, 7, 11).
cost(12, 8, 46).
cost(12, 9, 61).
cost(12, 10, 13).
cost(12, 11, 83).
cost(12, 13, 73).
cost(12, 14, 64).
cost(12, 15, 64).
cost(12, 16, 96).
cost(12, 17, 30).
cost(12, 18, 28).
cost(12, 19, 4).
cost(12, 20, 15).
cost(12, 21, 24).
cost(12, 22, 12).
cost(12, 23, 59).
cost(12, 24, 19).
cost(13, 1, 81).
cost(13, 2, 35).
cost(13, 3, 74).
cost(13, 4, 17).
cost(13, 5, 9).
cost(13, 6, 42).
cost(13, 7, 71).
cost(13, 8, 40).
cost(13, 9, 27).
cost(13, 10, 84).
cost(13, 11, 14).
cost(13, 12, 73).
cost(13, 14, 13).
cost(13, 15, 21).
cost(13, 16, 23).
cost(13, 17, 62).
cost(13, 18, 78).
cost(13, 19, 69).
cost(13, 20, 79).
cost(13, 21, 96).
cost(13, 22, 80).
cost(13, 23, 24).
cost(13, 24, 71).
cost(14, 1, 72).
cost(14, 2, 38).
cost(14, 3, 63).
cost(14, 4, 13).
cost(14, 5, 7).
cost(14, 6, 31).
cost(14, 7, 62).
cost(14, 8, 28).
cost(14, 9, 15).
cost(14, 10, 75).
cost(14, 11, 27).
cost(14, 12, 64).
cost(14, 13, 13).
cost(14, 15, 25).
cost(14, 16, 32).
cost(14, 17, 57).
cost(14, 18, 73).
cost(14, 19, 60).
cost(14, 20, 72).
cost(14, 21, 88).
cost(14, 22, 69).
cost(14, 23, 12).
cost(14, 24, 65).
cost(15, 1, 68).
cost(15, 2, 13).
cost(15, 3, 70).
cost(15, 4, 15).
cost(15, 5, 19).
cost(15, 6, 55).
cost(15, 7, 58).
cost(15, 8, 46).
cost(15, 9, 39).
cost(15, 10, 72).
cost(15, 11, 22).
cost(15, 12, 64).
cost(15, 13, 21).
cost(15, 14, 25).
cost(15, 16, 42).
cost(15, 17, 46).
cost(15, 18, 62).
cost(15, 19, 60).
cost(15, 20, 66).
cost(15, 21, 85).
cost(15, 22, 73).
cost(15, 23, 35).
cost(15, 24, 57).
cost(16, 1, 104).
cost(16, 2, 55).
cost(16, 3, 95).
cost(16, 4, 40).
cost(16, 5, 32).
cost(16, 6, 51).
cost(16, 7, 94).
cost(16, 8, 58).
cost(16, 9, 41).
cost(16, 10, 107).
cost(16, 11, 23).
cost(16, 12, 96).
cost(16, 13, 23).
cost(16, 14, 32).
cost(16, 15, 42).
cost(16, 17, 86).
cost(16, 18, 102).
cost(16, 19, 92).
cost(16, 20, 103).
cost(16, 21, 119).
cost(16, 22, 102).
cost(16, 23, 41).
cost(16, 24, 95).
cost(17, 1, 27).
cost(17, 2, 38).
cost(17, 3, 46).
cost(17, 4, 46).
cost(17, 5, 55).
cost(17, 6, 73).
cost(17, 7, 20).
cost(17, 8, 53).
cost(17, 9, 62).
cost(17, 10, 31).
cost(17, 11, 67).
cost(17, 12, 30).
cost(17, 13, 62).
cost(17, 14, 57).
cost(17, 15, 46).
cost(17, 16, 86).
cost(17, 18, 16).
cost(17, 19, 29).
cost(17, 20, 24).
cost(17, 21, 43).
cost(17, 22, 42).
cost(17, 23, 58).
cost(17, 24, 13).
cost(18, 1, 19).
cost(18, 2, 54).
cost(18, 3, 46).
cost(18, 4, 62).
cost(18, 5, 70).
cost(18, 6, 84).
cost(18, 7, 18).
cost(18, 8, 64).
cost(18, 9, 75).
cost(18, 10, 22).
cost(18, 11, 84).
cost(18, 12, 28).
cost(18, 13, 78).
cost(18, 14, 73).
cost(18, 15, 62).
cost(18, 16, 102).
cost(18, 17, 16).
cost(18, 19, 29).
cost(18, 20, 15).
cost(18, 21, 30).
cost(18, 22, 38).
cost(18, 23, 72).
cost(18, 24, 10).
cost(19, 1, 15).
cost(19, 2, 58).
cost(19, 3, 18).
cost(19, 4, 53).
cost(19, 5, 60).
cost(19, 6, 62).
cost(19, 7, 11).
cost(19, 8, 42).
cost(19, 9, 57).
cost(19, 10, 17).
cost(19, 11, 79).
cost(19, 12, 4).
cost(19, 13, 69).
cost(19, 14, 60).
cost(19, 15, 60).
cost(19, 16, 92).
cost(19, 17, 29).
cost(19, 18, 29).
cost(19, 20, 17).
cost(19, 21, 28).
cost(19, 22, 14).
cost(19, 23, 55).
cost(19, 24, 20).
cost(20, 1, 4).
cost(20, 2, 60).
cost(20, 3, 33).
cost(20, 4, 63).
cost(20, 5, 71).
cost(20, 6, 78).
cost(20, 7, 9).
cost(20, 8, 58).
cost(20, 9, 71).
cost(20, 10, 8).
cost(20, 11, 87).
cost(20, 12, 15).
cost(20, 13, 79).
cost(20, 14, 72).
cost(20, 15, 66).
cost(20, 16, 103).
cost(20, 17, 24).
cost(20, 18, 15).
cost(20, 19, 17).
cost(20, 21, 19).
cost(20, 22, 24).
cost(20, 23, 69).
cost(20, 24, 11).
cost(21, 1, 16).
cost(21, 2, 79).
cost(21, 3, 36).
cost(21, 4, 80).
cost(21, 5, 88).
cost(21, 6, 89).
cost(21, 7, 26).
cost(21, 8, 70).
cost(21, 9, 85).
cost(21, 10, 13).
cost(21, 11, 105).
cost(21, 12, 24).
cost(21, 13, 96).
cost(21, 14, 88).
cost(21, 15, 85).
cost(21, 16, 119).
cost(21, 17, 43).
cost(21, 18, 30).
cost(21, 19, 28).
cost(21, 20, 19).
cost(21, 22, 24).
cost(21, 23, 83).
cost(21, 24, 30).
cost(22, 1, 20).
cost(22, 2, 71).
cost(22, 3, 12).
cost(22, 4, 65).
cost(22, 5, 71).
cost(22, 6, 66).
cost(22, 7, 22).
cost(22, 8, 48).
cost(22, 9, 64).
cost(22, 10, 18).
cost(22, 11, 91).
cost(22, 12, 12).
cost(22, 13, 80).
cost(22, 14, 69).
cost(22, 15, 73).
cost(22, 16, 102).
cost(22, 17, 42).
cost(22, 18, 38).
cost(22, 19, 14).
cost(22, 20, 24).
cost(22, 21, 24).
cost(22, 23, 63).
cost(22, 24, 31).
cost(23, 1, 68).
cost(23, 2, 46).
cost(23, 3, 55).
cost(23, 4, 20).
cost(23, 5, 18).
cost(23, 6, 20).
cost(23, 7, 59).
cost(23, 8, 17).
cost(23, 9, 4).
cost(23, 10, 71).
cost(23, 11, 39).
cost(23, 12, 59).
cost(23, 13, 24).
cost(23, 14, 12).
cost(23, 15, 35).
cost(23, 16, 41).
cost(23, 17, 58).
cost(23, 18, 72).
cost(23, 19, 55).
cost(23, 20, 69).
cost(23, 21, 83).
cost(23, 22, 63).
cost(23, 24, 63).
cost(24, 1, 14).
cost(24, 2, 50).
cost(24, 3, 38).
cost(24, 4, 55).
cost(24, 5, 63).
cost(24, 6, 75).
cost(24, 7, 9).
cost(24, 8, 55).
cost(24, 9, 66).
cost(24, 10, 18).
cost(24, 11, 78).
cost(24, 12, 19).
cost(24, 13, 71).
cost(24, 14, 65).
cost(24, 15, 57).
cost(24, 16, 95).
cost(24, 17, 13).
cost(24, 18, 10).
cost(24, 19, 20).
cost(24, 20, 11).
cost(24, 21, 30).
cost(24, 22, 31).
cost(24, 23, 63).
