dimension(24).
point(1, 21.1847624887, 21.3675124694).
point(2, 38.1332223748, 58.631347744).
point(3, 90.0273413686, 85.6084954535).
point(4, 80.9368728263, 75.3295832433).
point(5, 31.3578624357, 41.9246260315).
point(6, 47.6040835541, 38.1609827468).
point(7, 86.6723757623, 73.4883062215).
point(8, 77.4847115578, 47.9017146285).
point(9, 37.2827437217, 39.336422513).
point(10, 55.5962345428, 10.8799269237).
point(11, 55.4123188076, 14.3238494613).
point(12, 27.1798136387, 65.8605234097).
point(13, 50.3248922384, 5.0685688057).
point(14, 20.6463821517, 19.1908876924).
point(15, 83.5664107136, 75.4317513757).
point(16, 56.2392186933, 80.4034741133).
point(17, 47.7414360691, 26.6117689722).
point(18, 62.3377992566, 71.7364732114).
point(19, 71.4879981695, 64.6199930521).
point(20, 75.6513492787, 80.9808107683).
point(21, 93.9905088919, 89.4828932652).
point(22, 75.6551465894, 66.1176310387).
point(23, 55.474868754, 63.4763437785).
point(24, 43.5686620668, 29.2744498256).
cost(1, 2, 41).
cost(1, 3, 94).
cost(1, 4, 81).
cost(1, 5, 23).
cost(1, 6, 31).
cost(1, 7, 84).
cost(1, 8, 62).
cost(1, 9, 24).
cost(1, 10, 36).
cost(1, 11, 35).
cost(1, 12, 45).
cost(1, 13, 33).
cost(1, 14, 2).
cost(1, 15, 83).
cost(1, 16, 69).
cost(1, 17, 27).
cost(1, 18, 65).
cost(1, 19, 66).
cost(1, 20, 81).
cost(1, 21, 100).
cost(1, 22, 70).
cost(1, 23, 54).
cost(1, 24, 24).
cost(2, 1, 41).
cost(2, 3, 58).
cost(2, 4, 46).
cost(2, 5, 18).
cost(2, 6, 23).
cost(2, 7, 51).
cost(2, 8, 41).
cost(2, 9, 19).
cost(2, 10, 51).
cost(2, 11, 48).
cost(2, 12, 13).
cost(2, 13, 55).
cost(2, 14, 43).
cost(2, 15, 48).
cost(2, 16, 28).
cost(2, 17, 33).
cost(2, 18, 28).
cost(2, 19, 34).
cost(2, 20, 44).
cost(2, 21, 64).
cost(2, 22, 38).
cost(2, 23, 18).
cost(2, 24, 30).
cost(3, 1, 94).
cost(3, 2, 58).
cost(3, 4, 14).
cost(3, 5, 73).
cost(3, 6, 64).
cost(3, 7, 13).
cost(3, 8, 40).
cost(3, 9, 70).
cost(3, 10, 82).
cost(3, 11, 79).
cost(3, 12, 66).
cost(3, 13, 90).
cost(3, 14, 96).
cost(3, 15, 12).
cost(3, 16, 34).
cost(3, 17, 73).
cost(3, 18, 31).
cost(3, 19, 28).
cost(3, 20, 15).
cost(3, 21, 6).
cost(3, 22, 24).
cost(3, 23, 41).
cost(3, 24, 73).
cost(4, 1, 81).
cost(4, 2, 46).
cost(4, 3, 14).
cost(4, 5, 60).
cost(4, 6, 50).
cost(4, 7, 6).
cost(4, 8, 28).
cost(4, 9, 57).
cost(4, 10, 69).
cost(4, 11, 66).
cost(4, 12, 55).
cost(4, 13, 77).
cost(4, 14, 82).
cost(4, 15, 3).
cost(4, 16, 25).
cost(4, 17, 59).
cost(4, 18, 19).
cost(4, 19, 14).
cost(4, 20, 8).
cost(4, 21, 19).
cost(4, 22, 11).
cost(4, 23, 28).
cost(4, 24, 59).
cost(5, 1, 23).
cost(5, 2, 18).
cost(5, 3, 73).
cost(5, 4, 60).
cost(5, 6, 17).
cost(5, 7, 64).
cost(5, 8, 47).
cost(5, 9, 6).
cost(5, 10, 39).
cost(5, 11, 37).
cost(5, 12, 24).
cost(5, 13, 41).
cost(5, 14, 25).
cost(5, 15, 62).
cost(5, 16, 46).
cost(5, 17, 22).
cost(5, 18, 43).
cost(5, 19, 46).
cost(5, 20, 59).
cost(5, 21, 79).
cost(5, 22, 50).
cost(5, 23, 32).
cost(5, 24, 18).
cost(6, 1, 31).
cost(6, 2, 23).
cost(6, 3, 64).
cost(6, 4, 50).
cost(6, 5, 17).
cost(6, 7, 53).
cost(6, 8, 31).
cost(6, 9, 10).
cost(6, 10, 28).
cost(6, 11, 25).
cost(6, 12, 34).
cost(6, 13, 33).
cost(6, 14, 33).
cost(6, 15, 52).
cost(6, 16, 43).
cost(6, 17, 12).
cost(6, 18, 37).
cost(6, 19, 36).
cost(6, 20, 51).
cost(6, 21, 69).
cost(6, 22, 40).
cost(6, 23, 27).
cost(6, 24, 10).
cost(7, 1, 84).
cost(7, 2, 51).
cost(7, 3, 13).
cost(7, 4, 6).
cost(7, 5, 64).
cost(7, 6, 53).
cost(7, 8, 27).
cost(7, 9, 60).
cost(7, 10, 70).
cost(7, 11, 67).
cost(7, 12, 60).
cost(7, 13, 77).
cost(7, 14, 85).
cost(7, 15, 4).
cost(7, 16, 31).
cost(7, 17, 61).
cost(7, 18, 24).
cost(7, 19, 18).
cost(7, 20, 13).
cost(7, 21, 18).
cost(7, 22, 13).
cost(7, 23, 33).
cost(7, 24, 62).
cost(8, 1, 62).
cost(8, 2, 41).
cost(8, 3, 40).
cost(8, 4, 28).
cost(8, 5, 47).
cost(8, 6, 31).
cost(8, 7, 27).
cost(8, 9, 41).
cost(8, 10, 43).
cost(8, 11, 40).
cost(8, 12, 53).
cost(8, 13, 51).
cost(8, 14, 64).
cost(8, 15, 28).
cost(8, 16, 39).
cost(8, 17, 37).
cost(8, 18, 28).
cost(8, 19, 18).
cost(8, 20, 33).
cost(8, 21, 45).
cost(8, 22, 18).
cost(8, 23, 27).
cost(8, 24, 39).
cost(9, 1, 24).
cost(9, 2, 19).
cost(9, 3, 70).
cost(9, 4, 57).
cost(9, 5, 6).
cost(9, 6, 10).
cost(9, 7, 60).
cost(9, 8, 41).
cost(9, 10, 34).
cost(9, 11, 31).
cost(9, 12, 28).
cost(9, 13, 37).
cost(9, 14, 26).
cost(9, 15, 59).
cost(9, 16, 45).
cost(9, 17, 16).
cost(9, 18, 41).
cost(9, 19, 43).
cost(9, 20, 57).
cost(9, 21, 76).
cost(9, 22, 47).
cost(9, 23, 30).
cost(9, 24, 12).
cost(10, 1, 36).
cost(10, 2, 51).
cost(10, 3, 82).
cost(10, 4, 69).
cost(10, 5, 39).
cost(10, 6, 28).
cost(10, 7, 70).
cost(10, 8, 43).
cost(10, 9, 34).
cost(10, 11, 3).
cost(10, 12, 62).
cost(10, 13, 8).
cost(10, 14, 36).
cost(10, 15, 70).
cost(10, 16, 70).
cost(10, 17, 18).
cost(10, 18, 61).
cost(10, 19, 56).
cost(10, 20, 73).
cost(10, 21, 87).
cost(10, 22, 59).
cost(10, 23, 53).
cost(10, 24, 22).
cost(11, 1, 35).
cost(11, 2, 48).
cost(11, 3, 79).
cost(11, 4, 66).
cost(11, 5, 37).
cost(11, 6, 25).
cost(11, 7, 67).
cost(11, 8, 40).
cost(11, 9, 31).
cost(11, 10, 3).
cost(11, 12, 59).
cost(11, 13, 11).
cost(11, 14, 35).
cost(11, 15, 67).
cost(11, 16, 66).
cost(11, 17, 14).
cost(11, 18, 58).
cost(11, 19, 53).
cost(11, 20, 70).
cost(11, 21, 84).
cost(11, 22, 56).
cost(11, 23, 49).
cost(11, 24, 19).
cost(12, 1, 45).
cost(12, 2, 13).
cost(12, 3, 66).
cost(12, 4, 55).
cost(12, 5, 24).
cost(12, 6, 34).
cost(12, 7, 60).
cost(12, 8, 53).
cost(12, 9, 28).
cost(12, 10, 62).
cost(12, 11, 59).
cost(12, 13, 65).
cost(12, 14, 47).
cost(12, 15, 57).
cost(12, 16, 32).
cost(12, 17, 44).
cost(12, 18, 36).
cost(12, 19, 44).
cost(12, 20, 51).
cost(12, 21, 71).
cost(12, 22, 48).
cost(12, 23, 28).
cost(12, 24, 40).
cost(13, 1, 33).
cost(13, 2, 55).
cost(13, 3, 90).
cost(13, 4, 77).
cost(13, 5, 41).
cost(13, 6, 33).
cost(13, 7, 77).
cost(13, 8, 51).
cost(13, 9, 37).
cost(13, 10, 8).
cost(13, 11, 11).
cost(13, 12, 65).
cost(13, 14, 33).
cost(13, 15, 78).
cost(13, 16, 76).
cost(13, 17, 22).
cost(13, 18, 68).
cost(13, 19, 63).
cost(13, 20, 80).
cost(13, 21, 95).
cost(13, 22, 66).
cost(13, 23, 59).
cost(13, 24, 25).
cost(14, 1, 2).
cost(14, 2, 43).
cost(14, 3, 96).
cost(14, 4, 82).
cost(14, 5, 25).
cost(14, 6, 33).
cost(14, 7, 85).
cost(14, 8, 64).
cost(14, 9, 26).
cost(14, 10, 36).
cost(14, 11, 35).
cost(14, 12, 47).
cost(14, 13, 33).
cost(14, 15, 84).
cost(14, 16, 71).
cost(14, 17, 28).
cost(14, 18, 67).
cost(14, 19, 68).
cost(14, 20, 83).
cost(14, 21, 102).
cost(14, 22, 72).
cost(14, 23, 56).
cost(14, 24, 25).
cost(15, 1, 83).
cost(15, 2, 48).
cost(15, 3, 12).
cost(15, 4, 3).
cost(15, 5, 62).
cost(15, 6, 52).
cost(15, 7, 4).
cost(15, 8, 28).
cost(15, 9, 59).
cost(15, 10, 70).
cost(15, 11, 67).
cost(15, 12, 57).
cost(15, 13, 78).
cost(15, 14, 84).
cost(15, 16, 28).
cost(15, 17, 61).
cost(15, 18, 22).
cost(15, 19, 16).
cost(15, 20, 10).
cost(15, 21, 17).
cost(15, 22, 12).
cost(15, 23, 31).
cost(15, 24, 61).
cost(16, 1, 69).
cost(16, 2, 28).
cost(16, 3, 34).
cost(16, 4, 25).
cost(16, 5, 46).
cost(16, 6, 43).
cost(16, 7, 31).
cost(16, 8, 39).
cost(16, 9, 45).
cost(16, 10, 70).
cost(16, 11, 66).
cost(16, 12, 32).
cost(16, 13, 76).
cost(16, 14, 71).
cost(16, 15, 28).
cost(16, 17, 54).
cost(16, 18, 11).
cost(16, 19, 22).
cost(16, 20, 19).
cost(16, 21, 39).
cost(16, 22, 24).
cost(16, 23, 17).
cost(16, 24, 53).
cost(17, 1, 27).
cost(17, 2, 33).
cost(17, 3, 73).
cost(17, 4, 59).
cost(17, 5, 22).
cost(17, 6, 12).
cost(17, 7, 61).
cost(17, 8, 37).
cost(17, 9, 16).
cost(17, 10, 18).
cost(17, 11, 14).
cost(17, 12, 44).
cost(17, 13, 22).
cost(17, 14, 28).
cost(17, 15, 61).
cost(17, 16, 54).
cost(17, 18, 47).
cost(17, 19, 45).
cost(17, 20, 61).
cost(17, 21, 78).
cost(17, 22, 48).
cost(17, 23, 38).
cost(17, 24, 5).
cost(18, 1, 65).
cost(18, 2, 28).
cost(18, 3, 31).
cost(18, 4, 19).
cost(18, 5, 43).
cost(18, 6, 37).
cost(18, 7, 24).
cost(18, 8, 28).
cost(18, 9, 41).
cost(18, 10, 61).
cost(18, 11, 58).
cost(18, 12, 36).
cost(18, 13, 68).
cost(18, 14, 67).
cost(18, 15, 22).
cost(18, 16, 11).
cost(18, 17, 47).
cost(18, 19, 12).
cost(18, 20, 16).
cost(18, 21, 36).
cost(18, 22, 14).
cost(18, 23, 11).
cost(18, 24, 46).
cost(19, 1, 66).
cost(19, 2, 34).
cost(19, 3, 28).
cost(19, 4, 14).
cost(19, 5, 46).
cost(19, 6, 36).
cost(19, 7, 18).
cost(19, 8, 18).
cost(19, 9, 43).
cost(19, 10, 56).
cost(19, 11, 53).
cost(19, 12, 44).
cost(19, 13, 63).
cost(19, 14, 68).
cost(19, 15, 16).
cost(19, 16, 22).
cost(19, 17, 45).
cost(19, 18, 12).
cost(19, 20, 17).
cost(19, 21, 34).
cost(19, 22, 4).
cost(19, 23, 16).
cost(19, 24, 45).
cost(20, 1, 81).
cost(20, 2, 44).
cost(20, 3, 15).
cost(20, 4, 8).
cost(20, 5, 59).
cost(20, 6, 51).
cost(20, 7, 13).
cost(20, 8, 33).
cost(20, 9, 57).
cost(20, 10, 73).
cost(20, 11, 70).
cost(20, 12, 51).
cost(20, 13, 80).
cost(20, 14, 83).
cost(20, 15, 10).
cost(20, 16, 19).
cost(20, 17, 61).
cost(20, 18, 16).
cost(20, 19, 17).
cost(20, 21, 20).
cost(20, 22, 15).
cost(20, 23, 27).
cost(20, 24, 61).
cost(21, 1, 100).
cost(21, 2, 64).
cost(21, 3, 6).
cost(21, 4, 19).
cost(21, 5, 79).
cost(21, 6, 69).
cost(21, 7, 18).
cost(21, 8, 45).
cost(21, 9, 76).
cost(21, 10, 87).
cost(21, 11, 84).
cost(21, 12, 71).
cost(21, 13, 95).
cost(21, 14, 102).
cost(21, 15, 17).
cost(21, 16, 39).
cost(21, 17, 78).
cost(21, 18, 36).
cost(21, 19, 34).
cost(21, 20, 20).
cost(21, 22, 30).
cost(21, 23, 46).
cost(21, 24, 79).
cost(22, 1, 70).
cost(22, 2, 38).
cost(22, 3, 24).
cost(22, 4, 11).
cost(22, 5, 50).
cost(22, 6, 40).
cost(22, 7, 13).
cost(22, 8, 18).
cost(22, 9, 47).
cost(22, 10, 59).
cost(22, 11, 56).
cost(22, 12, 48).
cost(22, 13, 66).
cost(22, 14, 72).
cost(22, 15, 12).
cost(22, 16, 24).
cost(22, 17, 48).
cost(22, 18, 14).
cost(22, 19, 4).
cost(22, 20, 15).
cost(22, 21, 30).
cost(22, 23, 20).
cost(22, 24, 49).
cost(23, 1, 54).
cost(23, 2, 18).
cost(23, 3, 41).
cost(23, 4, 28).
cost(23, 5, 32).
cost(23, 6, 27).
cost(23, 7, 33).
cost(23, 8, 27).
cost(23, 9, 30).
cost(23, 10, 53).
cost(23, 11, 49).
cost(23, 12, 28).
cost(23, 13, 59).
cost(23, 14, 56).
cost(23, 15, 31).
cost(23, 16, 17).
cost(23, 17, 38).
cost(23, 18, 11).
cost(23, 19, 16).
cost(23, 20, 27).
cost(23, 21, 46).
cost(23, 22, 20).
cost(23, 24, 36).
cost(24, 1, 24).
cost(24, 2, 30).
cost(24, 3, 73).
cost(24, 4, 59).
cost(24, 5, 18).
cost(24, 6, 10).
cost(24, 7, 62).
cost(24, 8, 39).
cost(24, 9, 12).
cost(24, 10, 22).
cost(24, 11, 19).
cost(24, 12, 40).
cost(24, 13, 25).
cost(24, 14, 25).
cost(24, 15, 61).
cost(24, 16, 53).
cost(24, 17, 5).
cost(24, 18, 46).
cost(24, 19, 45).
cost(24, 20, 61).
cost(24, 21, 79).
cost(24, 22, 49).
cost(24, 23, 36).
