dimension(24).
point(1, 16.7755882594, 32.9528300714).
point(2, 61.423755055, 48.8164050591).
point(3, 36.2877108303, 47.1567794392).
point(4, 42.4824918008, 26.9999903779).
point(5, 50.2276255515, 86.4642745695).
point(6, 16.7554059314, 45.9216674103).
point(7, 84.9094309638, 73.1287940378).
point(8, 25.1883693614, 32.3555285635).
point(9, 91.1255186438, 65.6633773077).
point(10, 22.0775776896, 58.2702985275).
point(11, 14.705329073, 35.383830719).
point(12, 57.8552118261, 74.0988282303).
point(13, 55.4599140722, 17.5985363043).
point(14, 82.6442361907, 59.9757816041).
point(15, 30.5313667495, 16.493369315).
point(16, 85.9357578235, 55.0907973786).
point(17, 29.8219966014, 45.5834431512).
point(18, 81.0093047456, 69.1543243361).
point(19, 65.50941601, 79.7954419468).
point(20, 59.3319112628, 62.7508176372).
point(21, 20.8704357667, 28.0528050061).
point(22, 66.0589932209, 74.1243443092).
point(23, 30.6578507408, 86.1430785867).
point(24, 38.5012040278, 34.341637112).
cost(1, 2, 47).
cost(1, 3, 24).
cost(1, 4, 26).
cost(1, 5, 63).
cost(1, 6, 13).
cost(1, 7, 79).
cost(1, 8, 8).
cost(1, 9, 81).
cost(1, 10, 26).
cost(1, 11, 3).
cost(1, 12, 58).
cost(1, 13, 42).
cost(1, 14, 71).
cost(1, 15, 21).
cost(1, 16, 73).
cost(1, 17, 18).
cost(1, 18, 74).
cost(1, 19, 68).
cost(1, 20, 52).
cost(1, 21, 6).
cost(1, 22, 64).
cost(1, 23, 55).
cost(1, 24, 22).
cost(2, 1, 47).
cost(2, 3, 25).
cost(2, 4, 29).
cost(2, 5, 39).
cost(2, 6, 45).
cost(2, 7, 34).
cost(2, 8, 40).
cost(2, 9, 34).
cost(2, 10, 40).
cost(2, 11, 49).
cost(2, 12, 26).
cost(2, 13, 32).
cost(2, 14, 24).
cost(2, 15, 45).
cost(2, 16, 25).
cost(2, 17, 32).
cost(2, 18, 28).
cost(2, 19, 31).
cost(2, 20, 14).
cost(2, 21, 46).
cost(2, 22, 26).
cost(2, 23, 48).
cost(2, 24, 27).
cost(3, 1, 24).
cost(3, 2, 25).
cost(3, 4, 21).
cost(3, 5, 42).
cost(3, 6, 20).
cost(3, 7, 55).
cost(3, 8, 19).
cost(3, 9, 58).
cost(3, 10, 18).
cost(3, 11, 25).
cost(3, 12, 35).
cost(3, 13, 35).
cost(3, 14, 48).
cost(3, 15, 31).
cost(3, 16, 50).
cost(3, 17, 7).
cost(3, 18, 50).
cost(3, 19, 44).
cost(3, 20, 28).
cost(3, 21, 25).
cost(3, 22, 40).
cost(3, 23, 39).
cost(3, 24, 13).
cost(4, 1, 26).
cost(4, 2, 29).
cost(4, 3, 21).
cost(4, 5, 60).
cost(4, 6, 32).
cost(4, 7, 63).
cost(4, 8, 18).
cost(4, 9, 62).
cost(4, 10, 37).
cost(4, 11, 29).
cost(4, 12, 50).
cost(4, 13, 16).
cost(4, 14, 52).
cost(4, 15, 16).
cost(4, 16, 52).
cost(4, 17, 22).
cost(4, 18, 57).
cost(4, 19, 58).
cost(4, 20, 40).
cost(4, 21, 22).
cost(4, 22, 53).
cost(4, 23, 60).
cost(4, 24, 8).
cost(5, 1, 63).
cost(5, 2, 39).
cost(5, 3, 42).
cost(5, 4, 60).
cost(5, 6, 53).
cost(5, 7, 37).
cost(5, 8, 60).
cost(5, 9, 46).
cost(5, 10, 40).
cost(5, 11, 62).
cost(5, 12, 15).
cost(5, 13, 69).
cost(5, 14, 42).
cost(5, 15, 73).
cost(5, 16, 48).
cost(5, 17, 46).
cost(5, 18, 35).
cost(5, 19, 17).
cost(5, 20, 25).
cost(5, 21, 65).
cost(5, 22, 20).
cost(5, 23, 20).
cost(5, 24, 53).
cost(6, 1, 13).
cost(6, 2, 45).
cost(6, 3, 20).
cost(6, 4, 32).
cost(6, 5, 53).
cost(6, 7, 73).
cost(6, 8, 16).
cost(6, 9, 77).
cost(6, 10, 13).
cost(6, 11, 11).
cost(6, 12, 50).
cost(6, 13, 48).
cost(6, 14, 67).
cost(6, 15, 32).
cost(6, 16, 70).
cost(6, 17, 13).
cost(6, 18, 68).
cost(6, 19, 59).
cost(6, 20, 46).
cost(6, 21, 18).
cost(6, 22, 57).
cost(6, 23, 43).
cost(6, 24, 25).
cost(7, 1, 79).
cost(7, 2, 34).
cost(7, 3, 55).
cost(7, 4, 63).
cost(7, 5, 37).
cost(7, 6, 73).
cost(7, 8, 72).
cost(7, 9, 10).
cost(7, 10, 65).
cost(7, 11, 80).
cost(7, 12, 27).
cost(7, 13, 63).
cost(7, 14, 13).
cost(7, 15, 79).
cost(7, 16, 18).
cost(7, 17, 62).
cost(7, 18, 6).
cost(7, 19, 21).
cost(7, 20, 28).
cost(7, 21, 78).
cost(7, 22, 19).
cost(7, 23, 56).
cost(7, 24, 60).
cost(8, 1, 8).
cost(8, 2, 40).
cost(8, 3, 19).
cost(8, 4, 18).
cost(8, 5, 60).
cost(8, 6, 16).
cost(8, 7, 72).
cost(8, 9, 74).
cost(8, 10, 26).
cost(8, 11, 11).
cost(8, 12, 53).
cost(8, 13, 34).
cost(8, 14, 64).
cost(8, 15, 17).
cost(8, 16, 65).
cost(8, 17, 14).
cost(8, 18, 67).
cost(8, 19, 62).
cost(8, 20, 46).
cost(8, 21, 6).
cost(8, 22, 58).
cost(8, 23, 54).
cost(8, 24, 13).
cost(9, 1, 81).
cost(9, 2, 34).
cost(9, 3, 58).
cost(9, 4, 62).
cost(9, 5, 46).
cost(9, 6, 77).
cost(9, 7, 10).
cost(9, 8, 74).
cost(9, 10, 69).
cost(9, 11, 82).
cost(9, 12, 34).
cost(9, 13, 60).
cost(9, 14, 10).
cost(9, 15, 78).
cost(9, 16, 12).
cost(9, 17, 65).
cost(9, 18, 11).
cost(9, 19, 29).
cost(9, 20, 32).
cost(9, 21, 80).
cost(9, 22, 26).
cost(9, 23, 64).
cost(9, 24, 61).
cost(10, 1, 26).
cost(10, 2, 40).
cost(10, 3, 18).
cost(10, 4, 37).
cost(10, 5, 40).
cost(10, 6, 13).
cost(10, 7, 65).
cost(10, 8, 26).
cost(10, 9, 69).
cost(10, 11, 24).
cost(10, 12, 39).
cost(10, 13, 53).
cost(10, 14, 61).
cost(10, 15, 43).
cost(10, 16, 64).
cost(10, 17, 15).
cost(10, 18, 60).
cost(10, 19, 48).
cost(10, 20, 38).
cost(10, 21, 30).
cost(10, 22, 47).
cost(10, 23, 29).
cost(10, 24, 29).
cost(11, 1, 3).
cost(11, 2, 49).
cost(11, 3, 25).
cost(11, 4, 29).
cost(11, 5, 62).
cost(11, 6, 11).
cost(11, 7, 80).
cost(11, 8, 11).
cost(11, 9, 82).
cost(11, 10, 24).
cost(11, 12, 58).
cost(11, 13, 44).
cost(11, 14, 72).
cost(11, 15, 25).
cost(11, 16, 74).
cost(11, 17, 18).
cost(11, 18, 74).
cost(11, 19, 67).
cost(11, 20, 52).
cost(11, 21, 10).
cost(11, 22, 64).
cost(11, 23, 53).
cost(11, 24, 24).
cost(12, 1, 58).
cost(12, 2, 26).
cost(12, 3, 35).
cost(12, 4, 50).
cost(12, 5, 15).
cost(12, 6, 50).
cost(12, 7, 27).
cost(12, 8, 53).
cost(12, 9, 34).
cost(12, 10, 39).
cost(12, 11, 58).
cost(12, 13, 57).
cost(12, 14, 29).
cost(12, 15, 64).
cost(12, 16, 34).
cost(12, 17, 40).
cost(12, 18, 24).
cost(12, 19, 10).
cost(12, 20, 11).
cost(12, 21, 59).
cost(12, 22, 8).
cost(12, 23, 30).
cost(12, 24, 44).
cost(13, 1, 42).
cost(13, 2, 32).
cost(13, 3, 35).
cost(13, 4, 16).
cost(13, 5, 69).
cost(13, 6, 48).
cost(13, 7, 63).
cost(13, 8, 34).
cost(13, 9, 60).
cost(13, 10, 53).
cost(13, 11, 44).
cost(13, 12, 57).
cost(13, 14, 50).
cost(13, 15, 25).
cost(13, 16, 48).
cost(13, 17, 38).
cost(13, 18, 58).
cost(13, 19, 63).
cost(13, 20, 45).
cost(13, 21, 36).
cost(13, 22, 58).
cost(13, 23, 73).
cost(13, 24, 24).
cost(14, 1, 71).
cost(14, 2, 24).
cost(14, 3, 48).
cost(14, 4, 52).
cost(14, 5, 42).
cost(14, 6, 67).
cost(14, 7, 13).
cost(14, 8, 64).
cost(14, 9, 10).
cost(14, 10, 61).
cost(14, 11, 72).
cost(14, 12, 29).
cost(14, 13, 50).
cost(14, 15, 68).
cost(14, 16, 6).
cost(14, 17, 55).
cost(14, 18, 9).
cost(14, 19, 26).
cost(14, 20, 23).
cost(14, 21, 70).
cost(14, 22, 22).
cost(14, 23, 58).
cost(14, 24, 51).
cost(15, 1, 21).
cost(15, 2, 45).
cost(15, 3, 31).
cost(15, 4, 16).
cost(15, 5, 73).
cost(15, 6, 32).
cost(15, 7, 79).
cost(15, 8, 17).
cost(15, 9, 78).
cost(15, 10, 43).
cost(15, 11, 25).
cost(15, 12, 64).
cost(15, 13, 25).
cost(15, 14, 68).
cost(15, 16, 68).
cost(15, 17, 29).
cost(15, 18, 73).
cost(15, 19, 72).
cost(15, 20, 54).
cost(15, 21, 15).
cost(15, 22, 68).
cost(15, 23, 70).
cost(15, 24, 20).
cost(16, 1, 73).
cost(16, 2, 25).
cost(16, 3, 50).
cost(16, 4, 52).
cost(16, 5, 48).
cost(16, 6, 70).
cost(16, 7, 18).
cost(16, 8, 65).
cost(16, 9, 12).
cost(16, 10, 64).
cost(16, 11, 74).
cost(16, 12, 34).
cost(16, 13, 48).
cost(16, 14, 6).
cost(16, 15, 68).
cost(16, 17, 57).
cost(16, 18, 15).
cost(16, 19, 32).
cost(16, 20, 28).
cost(16, 21, 70).
cost(16, 22, 28).
cost(16, 23, 63).
cost(16, 24, 52).
cost(17, 1, 18).
cost(17, 2, 32).
cost(17, 3, 7).
cost(17, 4, 22).
cost(17, 5, 46).
cost(17, 6, 13).
cost(17, 7, 62).
cost(17, 8, 14).
cost(17, 9, 65).
cost(17, 10, 15).
cost(17, 11, 18).
cost(17, 12, 40).
cost(17, 13, 38).
cost(17, 14, 55).
cost(17, 15, 29).
cost(17, 16, 57).
cost(17, 18, 56).
cost(17, 19, 49).
cost(17, 20, 34).
cost(17, 21, 20).
cost(17, 22, 46).
cost(17, 23, 41).
cost(17, 24, 14).
cost(18, 1, 74).
cost(18, 2, 28).
cost(18, 3, 50).
cost(18, 4, 57).
cost(18, 5, 35).
cost(18, 6, 68).
cost(18, 7, 6).
cost(18, 8, 67).
cost(18, 9, 11).
cost(18, 10, 60).
cost(18, 11, 74).
cost(18, 12, 24).
cost(18, 13, 58).
cost(18, 14, 9).
cost(18, 15, 73).
cost(18, 16, 15).
cost(18, 17, 56).
cost(18, 19, 19).
cost(18, 20, 23).
cost(18, 21, 73).
cost(18, 22, 16).
cost(18, 23, 53).
cost(18, 24, 55).
cost(19, 1, 68).
cost(19, 2, 31).
cost(19, 3, 44).
cost(19, 4, 58).
cost(19, 5, 17).
cost(19, 6, 59).
cost(19, 7, 21).
cost(19, 8, 62).
cost(19, 9, 29).
cost(19, 10, 48).
cost(19, 11, 67).
cost(19, 12, 10).
cost(19, 13, 63).
cost(19, 14, 26).
cost(19, 15, 72).
cost(19, 16, 32).
cost(19, 17, 49).
cost(19, 18, 19).
cost(19, 20, 18).
cost(19, 21, 68).
cost(19, 22, 6).
cost(19, 23, 35).
cost(19, 24, 53).
cost(20, 1, 52).
cost(20, 2, 14).
cost(20, 3, 28).
cost(20, 4, 40).
cost(20, 5, 25).
cost(20, 6, 46).
cost(20, 7, 28).
cost(20, 8, 46).
cost(20, 9, 32).
cost(20, 10, 38).
cost(20, 11, 52).
cost(20, 12, 11).
cost(20, 13, 45).
cost(20, 14, 23).
cost(20, 15, 54).
cost(20, 16, 28).
cost(20, 17, 34).
cost(20, 18, 23).
cost(20, 19, 18).
cost(20, 21, 52).
cost(20, 22, 13).
cost(20, 23, 37).
cost(20, 24, 35).
cost(21, 1, 6).
cost(21, 2, 46).
cost(21, 3, 25).
cost(21, 4, 22).
cost(21, 5, 65).
cost(21, 6, 18).
cost(21, 7, 78).
cost(21, 8, 6).
cost(21, 9, 80).
cost(21, 10, 30).
cost(21, 11, 10).
cost(21, 12, 59).
cost(21, 13, 36).
cost(21, 14, 70).
cost(21, 15, 15).
cost(21, 16, 70).
cost(21, 17, 20).
cost(21, 18, 73).
cost(21, 19, 68).
cost(21, 20, 52).
cost(21, 22, 65).
cost(21, 23, 59).
cost(21, 24, 19).
cost(22, 1, 64).
cost(22, 2, 26).
cost(22, 3, 40).
cost(22, 4, 53).
cost(22, 5, 20).
cost(22, 6, 57).
cost(22, 7, 19).
cost(22, 8, 58).
cost(22, 9, 26).
cost(22, 10, 47).
cost(22, 11, 64).
cost(22, 12, 8).
cost(22, 13, 58).
cost(22, 14, 22).
cost(22, 15, 68).
cost(22, 16, 28).
cost(22, 17, 46).
cost(22, 18, 16).
cost(22, 19, 6).
cost(22, 20, 13).
cost(22, 21, 65).
cost(22, 23, 37).
cost(22, 24, 48).
cost(23, 1, 55).
cost(23, 2, 48).
cost(23, 3, 39).
cost(23, 4, 60).
cost(23, 5, 20).
cost(23, 6, 43).
cost(23, 7, 56).
cost(23, 8, 54).
cost(23, 9, 64).
cost(23, 10, 29).
cost(23, 11, 53).
cost(23, 12, 30).
cost(23, 13, 73).
cost(23, 14, 58).
cost(23, 15, 70).
cost(23, 16, 63).
cost(23, 17, 41).
cost(23, 18, 53).
cost(23, 19, 35).
cost(23, 20, 37).
cost(23, 21, 59).
cost(23, 22, 37).
cost(23, 24, 52).
cost(24, 1, 22).
cost(24, 2, 27).
cost(24, 3, 13).
cost(24, 4, 8).
cost(24, 5, 53).
cost(24, 6, 25).
cost(24, 7, 60).
cost(24, 8, 13).
cost(24, 9, 61).
cost(24, 10, 29).
cost(24, 11, 24).
cost(24, 12, 44).
cost(24, 13, 24).
cost(24, 14, 51).
cost(24, 15, 20).
cost(24, 16, 52).
cost(24, 17, 14).
cost(24, 18, 55).
cost(24, 19, 53).
cost(24, 20, 35).
cost(24, 21, 19).
cost(24, 22, 48).
cost(24, 23, 52).
