dimension(24).
point(1, 1.7343279966, 29.5678832927).
point(2, 6.5437357925, 35.9884438446).
point(3, 38.8026159386, 20.2538148316).
point(4, 93.808043868, 56.7641395511).
point(5, 6.0652480198, 2.4436771533).
point(6, 51.0423834772, 7.1841618634).
point(7, 3.7863575807, 56.1664186195).
point(8, 91.6285681938, 60.9397178485).
point(9, 68.4424461338, 94.300022504).
point(10, 94.6211629137, 89.0112762059).
point(11, 81.3070987058, 55.3169684264).
point(12, 77.0269892, 88.6439947374).
point(13, 77.4201409695, 70.5757238749).
point(14, 87.9672425146, 58.8040068994).
point(15, 65.5221240923, 72.3386218381).
point(16, 25.0940487829, 30.2543794402).
point(17, 28.3867779638, 29.5560563826).
point(18, 77.3139193134, 59.1917494589).
point(19, 98.0134871238, 50.8175456865).
point(20, 32.2127840242, 2.6719197724).
point(21, 21.1844210192, 22.0285843881).
point(22, 14.0626898697, 44.0818357492).
point(23, 95.5322933686, 83.1332389465).
point(24, 13.2111155875, 17.4435556284).
cost(1, 2, 8).
cost(1, 3, 38).
cost(1, 4, 96).
cost(1, 5, 27).
cost(1, 6, 54).
cost(1, 7, 27).
cost(1, 8, 95).
cost(1, 9, 93).
cost(1, 10, 110).
cost(1, 11, 84).
cost(1, 12, 96).
cost(1, 13, 86).
cost(1, 14, 91).
cost(1, 15, 77).
cost(1, 16, 23).
cost(1, 17, 27).
cost(1, 18, 81).
cost(1, 19, 99).
cost(1, 20, 41).
cost(1, 21, 21).
cost(1, 22, 19).
cost(1, 23, 108).
cost(1, 24, 17).
cost(2, 1, 8).
cost(2, 3, 36).
cost(2, 4, 90).
cost(2, 5, 34).
cost(2, 6, 53).
cost(2, 7, 20).
cost(2, 8, 89).
cost(2, 9, 85).
cost(2, 10, 103).
cost(2, 11, 77).
cost(2, 12, 88).
cost(2, 13, 79).
cost(2, 14, 85).
cost(2, 15, 69).
cost(2, 16, 19).
cost(2, 17, 23).
cost(2, 18, 74).
cost(2, 19, 93).
cost(2, 20, 42).
cost(2, 21, 20).
cost(2, 22, 11).
cost(2, 23, 101).
cost(2, 24, 20).
cost(3, 1, 38).
cost(3, 2, 36).
cost(3, 4, 66).
cost(3, 5, 37).
cost(3, 6, 18).
cost(3, 7, 50).
cost(3, 8, 67).
cost(3, 9, 80).
cost(3, 10, 89).
cost(3, 11, 55).
cost(3, 12, 78).
cost(3, 13, 63).
cost(3, 14, 62).
cost(3, 15, 59).
cost(3, 16, 17).
cost(3, 17, 14).
cost(3, 18, 55).
cost(3, 19, 67).
cost(3, 20, 19).
cost(3, 21, 18).
cost(3, 22, 34).
cost(3, 23, 85).
cost(3, 24, 26).
cost(4, 1, 96).
cost(4, 2, 90).
cost(4, 3, 66).
cost(4, 5, 103).
cost(4, 6, 65).
cost(4, 7, 90).
cost(4, 8, 5).
cost(4, 9, 45).
cost(4, 10, 32).
cost(4, 11, 13).
cost(4, 12, 36).
cost(4, 13, 21).
cost(4, 14, 6).
cost(4, 15, 32).
cost(4, 16, 74).
cost(4, 17, 71).
cost(4, 18, 17).
cost(4, 19, 7).
cost(4, 20, 82).
cost(4, 21, 81).
cost(4, 22, 81).
cost(4, 23, 26).
cost(4, 24, 90).
cost(5, 1, 27).
cost(5, 2, 34).
cost(5, 3, 37).
cost(5, 4, 103).
cost(5, 6, 45).
cost(5, 7, 54).
cost(5, 8, 104).
cost(5, 9, 111).
cost(5, 10, 124).
cost(5, 11, 92).
cost(5, 12, 112).
cost(5, 13, 99).
cost(5, 14, 99).
cost(5, 15, 92).
cost(5, 16, 34).
cost(5, 17, 35).
cost(5, 18, 91).
cost(5, 19, 104).
cost(5, 20, 26).
cost(5, 21, 25).
cost(5, 22, 42).
cost(5, 23, 120).
cost(5, 24, 17).
cost(6, 1, 54).
cost(6, 2, 53).
cost(6, 3, 18).
cost(6, 4, 65).
cost(6, 5, 45).
cost(6, 7, 68).
cost(6, 8, 67).
cost(6, 9, 89).
cost(6, 10, 93).
cost(6, 11, 57).
cost(6, 12, 86).
cost(6, 13, 69).
cost(6, 14, 63).
cost(6, 15, 67).
cost(6, 16, 35).
cost(6, 17, 32).
cost(6, 18, 58).
cost(6, 19, 64).
cost(6, 20, 19).
cost(6, 21, 33).
cost(6, 22, 52).
cost(6, 23, 88).
cost(6, 24, 39).
cost(7, 1, 27).
cost(7, 2, 20).
cost(7, 3, 50).
cost(7, 4, 90).
cost(7, 5, 54).
cost(7, 6, 68).
cost(7, 8, 88).
cost(7, 9, 75).
cost(7, 10, 97).
cost(7, 11, 78).
cost(7, 12, 80).
cost(7, 13, 75).
cost(7, 14, 84).
cost(7, 15, 64).
cost(7, 16, 34).
cost(7, 17, 36).
cost(7, 18, 74).
cost(7, 19, 94).
cost(7, 20, 61).
cost(7, 21, 38).
cost(7, 22, 16).
cost(7, 23, 96).
cost(7, 24, 40).
cost(8, 1, 95).
cost(8, 2, 89).
cost(8, 3, 67).
cost(8, 4, 5).
cost(8, 5, 104).
cost(8, 6, 67).
cost(8, 7, 88).
cost(8, 9, 41).
cost(8, 10, 28).
cost(8, 11, 12).
cost(8, 12, 31).
cost(8, 13, 17).
cost(8, 14, 4).
cost(8, 15, 28).
cost(8, 16, 73).
cost(8, 17, 71).
cost(8, 18, 14).
cost(8, 19, 12).
cost(8, 20, 83).
cost(8, 21, 80).
cost(8, 22, 79).
cost(8, 23, 23).
cost(8, 24, 90).
cost(9, 1, 93).
cost(9, 2, 85).
cost(9, 3, 80).
cost(9, 4, 45).
cost(9, 5, 111).
cost(9, 6, 89).
cost(9, 7, 75).
cost(9, 8, 41).
cost(9, 10, 27).
cost(9, 11, 41).
cost(9, 12, 10).
cost(9, 13, 25).
cost(9, 14, 41).
cost(9, 15, 22).
cost(9, 16, 77).
cost(9, 17, 76).
cost(9, 18, 36).
cost(9, 19, 53).
cost(9, 20, 99).
cost(9, 21, 86).
cost(9, 22, 74).
cost(9, 23, 29).
cost(9, 24, 95).
cost(10, 1, 110).
cost(10, 2, 103).
cost(10, 3, 89).
cost(10, 4, 32).
cost(10, 5, 124).
cost(10, 6, 93).
cost(10, 7, 97).
cost(10, 8, 28).
cost(10, 9, 27).
cost(10, 11, 36).
cost(10, 12, 18).
cost(10, 13, 25).
cost(10, 14, 31).
cost(10, 15, 34).
cost(10, 16, 91).
cost(10, 17, 89).
cost(10, 18, 34).
cost(10, 19, 38).
cost(10, 20, 107).
cost(10, 21, 99).
cost(10, 22, 92).
cost(10, 23, 6).
cost(10, 24, 108).
cost(11, 1, 84).
cost(11, 2, 77).
cost(11, 3, 55).
cost(11, 4, 13).
cost(11, 5, 92).
cost(11, 6, 57).
cost(11, 7, 78).
cost(11, 8, 12).
cost(11, 9, 41).
cost(11, 10, 36).
cost(11, 12, 34).
cost(11, 13, 16).
cost(11, 14, 8).
cost(11, 15, 23).
cost(11, 16, 62).
cost(11, 17, 59).
cost(11, 18, 6).
cost(11, 19, 17).
cost(11, 20, 72).
cost(11, 21, 69).
cost(11, 22, 68).
cost(11, 23, 31).
cost(11, 24, 78).
cost(12, 1, 96).
cost(12, 2, 88).
cost(12, 3, 78).
cost(12, 4, 36).
cost(12, 5, 112).
cost(12, 6, 86).
cost(12, 7, 80).
cost(12, 8, 31).
cost(12, 9, 10).
cost(12, 10, 18).
cost(12, 11, 34).
cost(12, 13, 18).
cost(12, 14, 32).
cost(12, 15, 20).
cost(12, 16, 78).
cost(12, 17, 77).
cost(12, 18, 29).
cost(12, 19, 43).
cost(12, 20, 97).
cost(12, 21, 87).
cost(12, 22, 77).
cost(12, 23, 19).
cost(12, 24, 96).
cost(13, 1, 86).
cost(13, 2, 79).
cost(13, 3, 63).
cost(13, 4, 21).
cost(13, 5, 99).
cost(13, 6, 69).
cost(13, 7, 75).
cost(13, 8, 17).
cost(13, 9, 25).
cost(13, 10, 25).
cost(13, 11, 16).
cost(13, 12, 18).
cost(13, 14, 16).
cost(13, 15, 12).
cost(13, 16, 66).
cost(13, 17, 64).
cost(13, 18, 11).
cost(13, 19, 29).
cost(13, 20, 82).
cost(13, 21, 74).
cost(13, 22, 69).
cost(13, 23, 22).
cost(13, 24, 83).
cost(14, 1, 91).
cost(14, 2, 85).
cost(14, 3, 62).
cost(14, 4, 6).
cost(14, 5, 99).
cost(14, 6, 63).
cost(14, 7, 84).
cost(14, 8, 4).
cost(14, 9, 41).
cost(14, 10, 31).
cost(14, 11, 8).
cost(14, 12, 32).
cost(14, 13, 16).
cost(14, 15, 26).
cost(14, 16, 69).
cost(14, 17, 66).
cost(14, 18, 11).
cost(14, 19, 13).
cost(14, 20, 79).
cost(14, 21, 76).
cost(14, 22, 75).
cost(14, 23, 25).
cost(14, 24, 85).
cost(15, 1, 77).
cost(15, 2, 69).
cost(15, 3, 59).
cost(15, 4, 32).
cost(15, 5, 92).
cost(15, 6, 67).
cost(15, 7, 64).
cost(15, 8, 28).
cost(15, 9, 22).
cost(15, 10, 34).
cost(15, 11, 23).
cost(15, 12, 20).
cost(15, 13, 12).
cost(15, 14, 26).
cost(15, 16, 58).
cost(15, 17, 57).
cost(15, 18, 18).
cost(15, 19, 39).
cost(15, 20, 77).
cost(15, 21, 67).
cost(15, 22, 59).
cost(15, 23, 32).
cost(15, 24, 76).
cost(16, 1, 23).
cost(16, 2, 19).
cost(16, 3, 17).
cost(16, 4, 74).
cost(16, 5, 34).
cost(16, 6, 35).
cost(16, 7, 34).
cost(16, 8, 73).
cost(16, 9, 77).
cost(16, 10, 91).
cost(16, 11, 62).
cost(16, 12, 78).
cost(16, 13, 66).
cost(16, 14, 69).
cost(16, 15, 58).
cost(16, 17, 3).
cost(16, 18, 60).
cost(16, 19, 76).
cost(16, 20, 28).
cost(16, 21, 9).
cost(16, 22, 18).
cost(16, 23, 88).
cost(16, 24, 17).
cost(17, 1, 27).
cost(17, 2, 23).
cost(17, 3, 14).
cost(17, 4, 71).
cost(17, 5, 35).
cost(17, 6, 32).
cost(17, 7, 36).
cost(17, 8, 71).
cost(17, 9, 76).
cost(17, 10, 89).
cost(17, 11, 59).
cost(17, 12, 77).
cost(17, 13, 64).
cost(17, 14, 66).
cost(17, 15, 57).
cost(17, 16, 3).
cost(17, 18, 57).
cost(17, 19, 73).
cost(17, 20, 27).
cost(17, 21, 10).
cost(17, 22, 20).
cost(17, 23, 86).
cost(17, 24, 19).
cost(18, 1, 81).
cost(18, 2, 74).
cost(18, 3, 55).
cost(18, 4, 17).
cost(18, 5, 91).
cost(18, 6, 58).
cost(18, 7, 74).
cost(18, 8, 14).
cost(18, 9, 36).
cost(18, 10, 34).
cost(18, 11, 6).
cost(18, 12, 29).
cost(18, 13, 11).
cost(18, 14, 11).
cost(18, 15, 18).
cost(18, 16, 60).
cost(18, 17, 57).
cost(18, 19, 22).
cost(18, 20, 72).
cost(18, 21, 67).
cost(18, 22, 65).
cost(18, 23, 30).
cost(18, 24, 76).
cost(19, 1, 99).
cost(19, 2, 93).
cost(19, 3, 67).
cost(19, 4, 7).
cost(19, 5, 104).
cost(19, 6, 64).
cost(19, 7, 94).
cost(19, 8, 12).
cost(19, 9, 53).
cost(19, 10, 38).
cost(19, 11, 17).
cost(19, 12, 43).
cost(19, 13, 29).
cost(19, 14, 13).
cost(19, 15, 39).
cost(19, 16, 76).
cost(19, 17, 73).
cost(19, 18, 22).
cost(19, 20, 82).
cost(19, 21, 82).
cost(19, 22, 84).
cost(19, 23, 32).
cost(19, 24, 91).
cost(20, 1, 41).
cost(20, 2, 42).
cost(20, 3, 19).
cost(20, 4, 82).
cost(20, 5, 26).
cost(20, 6, 19).
cost(20, 7, 61).
cost(20, 8, 83).
cost(20, 9, 99).
cost(20, 10, 107).
cost(20, 11, 72).
cost(20, 12, 97).
cost(20, 13, 82).
cost(20, 14, 79).
cost(20, 15, 77).
cost(20, 16, 28).
cost(20, 17, 27).
cost(20, 18, 72).
cost(20, 19, 82).
cost(20, 21, 22).
cost(20, 22, 45).
cost(20, 23, 102).
cost(20, 24, 24).
cost(21, 1, 21).
cost(21, 2, 20).
cost(21, 3, 18).
cost(21, 4, 81).
cost(21, 5, 25).
cost(21, 6, 33).
cost(21, 7, 38).
cost(21, 8, 80).
cost(21, 9, 86).
cost(21, 10, 99).
cost(21, 11, 69).
cost(21, 12, 87).
cost(21, 13, 74).
cost(21, 14, 76).
cost(21, 15, 67).
cost(21, 16, 9).
cost(21, 17, 10).
cost(21, 18, 67).
cost(21, 19, 82).
cost(21, 20, 22).
cost(21, 22, 23).
cost(21, 23, 96).
cost(21, 24, 9).
cost(22, 1, 19).
cost(22, 2, 11).
cost(22, 3, 34).
cost(22, 4, 81).
cost(22, 5, 42).
cost(22, 6, 52).
cost(22, 7, 16).
cost(22, 8, 79).
cost(22, 9, 74).
cost(22, 10, 92).
cost(22, 11, 68).
cost(22, 12, 77).
cost(22, 13, 69).
cost(22, 14, 75).
cost(22, 15, 59).
cost(22, 16, 18).
cost(22, 17, 20).
cost(22, 18, 65).
cost(22, 19, 84).
cost(22, 20, 45).
cost(22, 21, 23).
cost(22, 23, 90).
cost(22, 24, 27).
cost(23, 1, 108).
cost(23, 2, 101).
cost(23, 3, 85).
cost(23, 4, 26).
cost(23, 5, 120).
cost(23, 6, 88).
cost(23, 7, 96).
cost(23, 8, 23).
cost(23, 9, 29).
cost(23, 10, 6).
cost(23, 11, 31).
cost(23, 12, 19).
cost(23, 13, 22).
cost(23, 14, 25).
cost(23, 15, 32).
cost(23, 16, 88).
cost(23, 17, 86).
cost(23, 18, 30).
cost(23, 19, 32).
cost(23, 20, 102).
cost(23, 21, 96).
cost(23, 22, 90).
cost(23, 24, 105).
cost(24, 1, 17).
cost(24, 2, 20).
cost(24, 3, 26).
cost(24, 4, 90).
cost(24, 5, 17).
cost(24, 6, 39).
cost(24, 7, 40).
cost(24, 8, 90).
cost(24, 9, 95).
cost(24, 10, 108).
cost(24, 11, 78).
cost(24, 12, 96).
cost(24, 13, 83).
cost(24, 14, 85).
cost(24, 15, 76).
cost(24, 16, 17).
cost(24, 17, 19).
cost(24, 18, 76).
cost(24, 19, 91).
cost(24, 20, 24).
cost(24, 21, 9).
cost(24, 22, 27).
cost(24, 23, 105).
