dimension(24).
point(1, 15.313809774, 70.0155329331).
point(2, 24.8939447185, 52.3215060771).
point(3, 18.4534324557, 61.3374020888).
point(4, 26.1947228026, 88.266141254).
point(5, 47.8349982902, 66.688601456).
point(6, 15.757241739, 38.3549842342).
point(7, 79.929445406, 37.2096610135).
point(8, 83.5617957614, 17.1521255992).
point(9, 35.868535327, 22.8764716814).
point(10, 24.3139749741, 73.7052688027).
point(11, 91.4581758876, 43.0927924294).
point(12, 49.2583019939, 20.7946309403).
point(13, 27.8893205876, 90.6055971962).
point(14, 64.4465402204, 35.5669913837).
point(15, 20.739038146, 48.4866991829).
point(16, 76.4597347724, 22.9620607533).
point(17, 64.793318805, 53.3725861947).
point(18, 49.4526961856, 13.4790853269).
point(19, 59.9935613415, 86.866284801).
point(20, 35.1652114487, 68.103172943).
point(21, 67.9417088383, 19.1205215277).
point(22, 46.2551673138, 79.2364495969).
point(23, 82.122154964, 70.0946332539).
point(24, 84.5777514993, 59.4907046088).
cost(1, 2, 20).
cost(1, 3, 9).
cost(1, 4, 21).
cost(1, 5, 33).
cost(1, 6, 32).
cost(1, 7, 72).
cost(1, 8, 86).
cost(1, 9, 51).
cost(1, 10, 10).
cost(1, 11, 81).
cost(1, 12, 60).
cost(1, 13, 24).
cost(1, 14, 60).
cost(1, 15, 22).
cost(1, 16, 77).
cost(1, 17, 52).
cost(1, 18, 66).
cost(1, 19, 48).
cost(1, 20, 20).
cost(1, 21, 73).
cost(1, 22, 32).
cost(1, 23, 67).
cost(1, 24, 70).
cost(2, 1, 20).
cost(2, 3, 11).
cost(2, 4, 36).
cost(2, 5, 27).
cost(2, 6, 17).
cost(2, 7, 57).
cost(2, 8, 68).
cost(2, 9, 31).
cost(2, 10, 21).
cost(2, 11, 67).
cost(2, 12, 40).
cost(2, 13, 38).
cost(2, 14, 43).
cost(2, 15, 6).
cost(2, 16, 59).
cost(2, 17, 40).
cost(2, 18, 46).
cost(2, 19, 49).
cost(2, 20, 19).
cost(2, 21, 54).
cost(2, 22, 34).
cost(2, 23, 60).
cost(2, 24, 60).
cost(3, 1, 9).
cost(3, 2, 11).
cost(3, 4, 28).
cost(3, 5, 30).
cost(3, 6, 23).
cost(3, 7, 66).
cost(3, 8, 79).
cost(3, 9, 42).
cost(3, 10, 14).
cost(3, 11, 75).
cost(3, 12, 51).
cost(3, 13, 31).
cost(3, 14, 53).
cost(3, 15, 13).
cost(3, 16, 70).
cost(3, 17, 47).
cost(3, 18, 57).
cost(3, 19, 49).
cost(3, 20, 18).
cost(3, 21, 65).
cost(3, 22, 33).
cost(3, 23, 64).
cost(3, 24, 66).
cost(4, 1, 21).
cost(4, 2, 36).
cost(4, 3, 28).
cost(4, 5, 31).
cost(4, 6, 51).
cost(4, 7, 74).
cost(4, 8, 91).
cost(4, 9, 66).
cost(4, 10, 15).
cost(4, 11, 79).
cost(4, 12, 71).
cost(4, 13, 3).
cost(4, 14, 65).
cost(4, 15, 40).
cost(4, 16, 82).
cost(4, 17, 52).
cost(4, 18, 78).
cost(4, 19, 34).
cost(4, 20, 22).
cost(4, 21, 81).
cost(4, 22, 22).
cost(4, 23, 59).
cost(4, 24, 65).
cost(5, 1, 33).
cost(5, 2, 27).
cost(5, 3, 30).
cost(5, 4, 31).
cost(5, 6, 43).
cost(5, 7, 44).
cost(5, 8, 61).
cost(5, 9, 45).
cost(5, 10, 25).
cost(5, 11, 50).
cost(5, 12, 46).
cost(5, 13, 31).
cost(5, 14, 35).
cost(5, 15, 33).
cost(5, 16, 52).
cost(5, 17, 22).
cost(5, 18, 53).
cost(5, 19, 24).
cost(5, 20, 13).
cost(5, 21, 52).
cost(5, 22, 13).
cost(5, 23, 34).
cost(5, 24, 37).
cost(6, 1, 32).
cost(6, 2, 17).
cost(6, 3, 23).
cost(6, 4, 51).
cost(6, 5, 43).
cost(6, 7, 64).
cost(6, 8, 71).
cost(6, 9, 25).
cost(6, 10, 36).
cost(6, 11, 76).
cost(6, 12, 38).
cost(6, 13, 54).
cost(6, 14, 49).
cost(6, 15, 11).
cost(6, 16, 63).
cost(6, 17, 51).
cost(6, 18, 42).
cost(6, 19, 66).
cost(6, 20, 36).
cost(6, 21, 56).
cost(6, 22, 51).
cost(6, 23, 74).
cost(6, 24, 72).
cost(7, 1, 72).
cost(7, 2, 57).
cost(7, 3, 66).
cost(7, 4, 74).
cost(7, 5, 44).
cost(7, 6, 64).
cost(7, 8, 20).
cost(7, 9, 46).
cost(7, 10, 67).
cost(7, 11, 13).
cost(7, 12, 35).
cost(7, 13, 75).
cost(7, 14, 16).
cost(7, 15, 60).
cost(7, 16, 15).
cost(7, 17, 22).
cost(7, 18, 39).
cost(7, 19, 54).
cost(7, 20, 54).
cost(7, 21, 22).
cost(7, 22, 54).
cost(7, 23, 33).
cost(7, 24, 23).
cost(8, 1, 86).
cost(8, 2, 68).
cost(8, 3, 79).
cost(8, 4, 91).
cost(8, 5, 61).
cost(8, 6, 71).
cost(8, 7, 20).
cost(8, 9, 48).
cost(8, 10, 82).
cost(8, 11, 27).
cost(8, 12, 34).
cost(8, 13, 92).
cost(8, 14, 27).
cost(8, 15, 70).
cost(8, 16, 9).
cost(8, 17, 41).
cost(8, 18, 34).
cost(8, 19, 74).
cost(8, 20, 70).
cost(8, 21, 16).
cost(8, 22, 72).
cost(8, 23, 53).
cost(8, 24, 42).
cost(9, 1, 51).
cost(9, 2, 31).
cost(9, 3, 42).
cost(9, 4, 66).
cost(9, 5, 45).
cost(9, 6, 25).
cost(9, 7, 46).
cost(9, 8, 48).
cost(9, 10, 52).
cost(9, 11, 59).
cost(9, 12, 14).
cost(9, 13, 68).
cost(9, 14, 31).
cost(9, 15, 30).
cost(9, 16, 41).
cost(9, 17, 42).
cost(9, 18, 17).
cost(9, 19, 68).
cost(9, 20, 45).
cost(9, 21, 32).
cost(9, 22, 57).
cost(9, 23, 66).
cost(9, 24, 61).
cost(10, 1, 10).
cost(10, 2, 21).
cost(10, 3, 14).
cost(10, 4, 15).
cost(10, 5, 25).
cost(10, 6, 36).
cost(10, 7, 67).
cost(10, 8, 82).
cost(10, 9, 52).
cost(10, 11, 74).
cost(10, 12, 58).
cost(10, 13, 17).
cost(10, 14, 55).
cost(10, 15, 25).
cost(10, 16, 73).
cost(10, 17, 45).
cost(10, 18, 65).
cost(10, 19, 38).
cost(10, 20, 12).
cost(10, 21, 70).
cost(10, 22, 23).
cost(10, 23, 58).
cost(10, 24, 62).
cost(11, 1, 81).
cost(11, 2, 67).
cost(11, 3, 75).
cost(11, 4, 79).
cost(11, 5, 50).
cost(11, 6, 76).
cost(11, 7, 13).
cost(11, 8, 27).
cost(11, 9, 59).
cost(11, 10, 74).
cost(11, 12, 48).
cost(11, 13, 79).
cost(11, 14, 28).
cost(11, 15, 71).
cost(11, 16, 25).
cost(11, 17, 29).
cost(11, 18, 51).
cost(11, 19, 54).
cost(11, 20, 62).
cost(11, 21, 34).
cost(11, 22, 58).
cost(11, 23, 29).
cost(11, 24, 18).
cost(12, 1, 60).
cost(12, 2, 40).
cost(12, 3, 51).
cost(12, 4, 71).
cost(12, 5, 46).
cost(12, 6, 38).
cost(12, 7, 35).
cost(12, 8, 34).
cost(12, 9, 14).
cost(12, 10, 58).
cost(12, 11, 48).
cost(12, 13, 73).
cost(12, 14, 21).
cost(12, 15, 40).
cost(12, 16, 27).
cost(12, 17, 36).
cost(12, 18, 7).
cost(12, 19, 67).
cost(12, 20, 49).
cost(12, 21, 19).
cost(12, 22, 59).
cost(12, 23, 59).
cost(12, 24, 52).
cost(13, 1, 24).
cost(13, 2, 38).
cost(13, 3, 31).
cost(13, 4, 3).
cost(13, 5, 31).
cost(13, 6, 54).
cost(13, 7, 75).
cost(13, 8, 92).
cost(13, 9, 68).
cost(13, 10, 17).
cost(13, 11, 79).
cost(13, 12, 73).
cost(13, 14, 66).
cost(13, 15, 43).
cost(13, 16, 83).
cost(13, 17, 52).
cost(13, 18, 80).
cost(13, 19, 32).
cost(13, 20, 24).
cost(13, 21, 82).
cost(13, 22, 22).
cost(13, 23, 58).
cost(13, 24, 65).
cost(14, 1, 60).
cost(14, 2, 43).
cost(14, 3, 53).
cost(14, 4, 65).
cost(14, 5, 35).
cost(14, 6, 49).
cost(14, 7, 16).
cost(14, 8, 27).
cost(14, 9, 31).
cost(14, 10, 55).
cost(14, 11, 28).
cost(14, 12, 21).
cost(14, 13, 66).
cost(14, 15, 46).
cost(14, 16, 17).
cost(14, 17, 18).
cost(14, 18, 27).
cost(14, 19, 51).
cost(14, 20, 44).
cost(14, 21, 17).
cost(14, 22, 47).
cost(14, 23, 39).
cost(14, 24, 31).
cost(15, 1, 22).
cost(15, 2, 6).
cost(15, 3, 13).
cost(15, 4, 40).
cost(15, 5, 33).
cost(15, 6, 11).
cost(15, 7, 60).
cost(15, 8, 70).
cost(15, 9, 30).
cost(15, 10, 25).
cost(15, 11, 71).
cost(15, 12, 40).
cost(15, 13, 43).
cost(15, 14, 46).
cost(15, 16, 61).
cost(15, 17, 44).
cost(15, 18, 45).
cost(15, 19, 55).
cost(15, 20, 24).
cost(15, 21, 56).
cost(15, 22, 40).
cost(15, 23, 65).
cost(15, 24, 65).
cost(16, 1, 77).
cost(16, 2, 59).
cost(16, 3, 70).
cost(16, 4, 82).
cost(16, 5, 52).
cost(16, 6, 63).
cost(16, 7, 15).
cost(16, 8, 9).
cost(16, 9, 41).
cost(16, 10, 73).
cost(16, 11, 25).
cost(16, 12, 27).
cost(16, 13, 83).
cost(16, 14, 17).
cost(16, 15, 61).
cost(16, 17, 33).
cost(16, 18, 29).
cost(16, 19, 66).
cost(16, 20, 61).
cost(16, 21, 9).
cost(16, 22, 64).
cost(16, 23, 47).
cost(16, 24, 37).
cost(17, 1, 52).
cost(17, 2, 40).
cost(17, 3, 47).
cost(17, 4, 52).
cost(17, 5, 22).
cost(17, 6, 51).
cost(17, 7, 22).
cost(17, 8, 41).
cost(17, 9, 42).
cost(17, 10, 45).
cost(17, 11, 29).
cost(17, 12, 36).
cost(17, 13, 52).
cost(17, 14, 18).
cost(17, 15, 44).
cost(17, 16, 33).
cost(17, 18, 43).
cost(17, 19, 34).
cost(17, 20, 33).
cost(17, 21, 34).
cost(17, 22, 32).
cost(17, 23, 24).
cost(17, 24, 21).
cost(18, 1, 66).
cost(18, 2, 46).
cost(18, 3, 57).
cost(18, 4, 78).
cost(18, 5, 53).
cost(18, 6, 42).
cost(18, 7, 39).
cost(18, 8, 34).
cost(18, 9, 17).
cost(18, 10, 65).
cost(18, 11, 51).
cost(18, 12, 7).
cost(18, 13, 80).
cost(18, 14, 27).
cost(18, 15, 45).
cost(18, 16, 29).
cost(18, 17, 43).
cost(18, 19, 74).
cost(18, 20, 56).
cost(18, 21, 19).
cost(18, 22, 66).
cost(18, 23, 65).
cost(18, 24, 58).
cost(19, 1, 48).
cost(19, 2, 49).
cost(19, 3, 49).
cost(19, 4, 34).
cost(19, 5, 24).
cost(19, 6, 66).
cost(19, 7, 54).
cost(19, 8, 74).
cost(19, 9, 68).
cost(19, 10, 38).
cost(19, 11, 54).
cost(19, 12, 67).
cost(19, 13, 32).
cost(19, 14, 51).
cost(19, 15, 55).
cost(19, 16, 66).
cost(19, 17, 34).
cost(19, 18, 74).
cost(19, 20, 31).
cost(19, 21, 68).
cost(19, 22, 16).
cost(19, 23, 28).
cost(19, 24, 37).
cost(20, 1, 20).
cost(20, 2, 19).
cost(20, 3, 18).
cost(20, 4, 22).
cost(20, 5, 13).
cost(20, 6, 36).
cost(20, 7, 54).
cost(20, 8, 70).
cost(20, 9, 45).
cost(20, 10, 12).
cost(20, 11, 62).
cost(20, 12, 49).
cost(20, 13, 24).
cost(20, 14, 44).
cost(20, 15, 24).
cost(20, 16, 61).
cost(20, 17, 33).
cost(20, 18, 56).
cost(20, 19, 31).
cost(20, 21, 59).
cost(20, 22, 16).
cost(20, 23, 47).
cost(20, 24, 50).
cost(21, 1, 73).
cost(21, 2, 54).
cost(21, 3, 65).
cost(21, 4, 81).
cost(21, 5, 52).
cost(21, 6, 56).
cost(21, 7, 22).
cost(21, 8, 16).
cost(21, 9, 32).
cost(21, 10, 70).
cost(21, 11, 34).
cost(21, 12, 19).
cost(21, 13, 82).
cost(21, 14, 17).
cost(21, 15, 56).
cost(21, 16, 9).
cost(21, 17, 34).
cost(21, 18, 19).
cost(21, 19, 68).
cost(21, 20, 59).
cost(21, 22, 64).
cost(21, 23, 53).
cost(21, 24, 44).
cost(22, 1, 32).
cost(22, 2, 34).
cost(22, 3, 33).
cost(22, 4, 22).
cost(22, 5, 13).
cost(22, 6, 51).
cost(22, 7, 54).
cost(22, 8, 72).
cost(22, 9, 57).
cost(22, 10, 23).
cost(22, 11, 58).
cost(22, 12, 59).
cost(22, 13, 22).
cost(22, 14, 47).
cost(22, 15, 40).
cost(22, 16, 64).
cost(22, 17, 32).
cost(22, 18, 66).
cost(22, 19, 16).
cost(22, 20, 16).
cost(22, 21, 64).
cost(22, 23, 37).
cost(22, 24, 43).
cost(23, 1, 67).
cost(23, 2, 60).
cost(23, 3, 64).
cost(23, 4, 59).
cost(23, 5, 34).
cost(23, 6, 74).
cost(23, 7, 33).
cost(23, 8, 53).
cost(23, 9, 66).
cost(23, 10, 58).
cost(23, 11, 29).
cost(23, 12, 59).
cost(23, 13, 58).
cost(23, 14, 39).
cost(23, 15, 65).
cost(23, 16, 47).
cost(23, 17, 24).
cost(23, 18, 65).
cost(23, 19, 28).
cost(23, 20, 47).
cost(23, 21, 53).
cost(23, 22, 37).
cost(23, 24, 11).
cost(24, 1, 70).
cost(24, 2, 60).
cost(24, 3, 66).
cost(24, 4, 65).
cost(24, 5, 37).
cost(24, 6, 72).
cost(24, 7, 23).
cost(24, 8, 42).
cost(24, 9, 61).
cost(24, 10, 62).
cost(24, 11, 18).
cost(24, 12, 52).
cost(24, 13, 65).
cost(24, 14, 31).
cost(24, 15, 65).
cost(24, 16, 37).
cost(24, 17, 21).
cost(24, 18, 58).
cost(24, 19, 37).
cost(24, 20, 50).
cost(24, 21, 44).
cost(24, 22, 43).
cost(24, 23, 11).
