dimension(24).
point(1, 40.0856869658, 76.6563853914).
point(2, 47.9772648084, 92.0863617438).
point(3, 81.2821970662, 65.3973576589).
point(4, 50.0855528517, 99.3983374256).
point(5, 70.7164991754, 52.666869631).
point(6, 61.3433055937, 35.8444974032).
point(7, 49.0557630155, 35.6454276699).
point(8, 63.2103718768, 50.5572136175).
point(9, 47.0055330121, 79.4316984511).
point(10, 36.0418129455, 29.2014187906).
point(11, 76.1928110616, 93.8506376656).
point(12, 50.9831799281, 22.6474385434).
point(13, 49.1285043569, 82.2572003851).
point(14, 71.490459399, 41.8897772784).
point(15, 41.4074894654, 22.2695935768).
point(16, 17.1396865315, 57.3300474958).
point(17, 40.5304720709, 34.9491591472).
point(18, 21.9403236671, 48.1529049675).
point(19, 55.9211277951, 62.3557476611).
point(20, 31.820313056, 18.7416935769).
point(21, 23.1216925727, 35.6903531321).
point(22, 32.5218189419, 33.3590617002).
point(23, 45.6155361939, 31.3121665029).
point(24, 70.2676494854, 59.3603024638).
cost(1, 2, 17).
cost(1, 3, 43).
cost(1, 4, 25).
cost(1, 5, 39).
cost(1, 6, 46).
cost(1, 7, 42).
cost(1, 8, 35).
cost(1, 9, 7).
cost(1, 10, 48).
cost(1, 11, 40).
cost(1, 12, 55).
cost(1, 13, 11).
cost(1, 14, 47).
cost(1, 15, 54).
cost(1, 16, 30).
cost(1, 17, 42).
cost(1, 18, 34).
cost(1, 19, 21).
cost(1, 20, 59).
cost(1, 21, 44).
cost(1, 22, 44).
cost(1, 23, 46).
cost(1, 24, 35).
cost(2, 1, 17).
cost(2, 3, 43).
cost(2, 4, 8).
cost(2, 5, 46).
cost(2, 6, 58).
cost(2, 7, 56).
cost(2, 8, 44).
cost(2, 9, 13).
cost(2, 10, 64).
cost(2, 11, 28).
cost(2, 12, 70).
cost(2, 13, 10).
cost(2, 14, 55).
cost(2, 15, 70).
cost(2, 16, 46).
cost(2, 17, 58).
cost(2, 18, 51).
cost(2, 19, 31).
cost(2, 20, 75).
cost(2, 21, 62).
cost(2, 22, 61).
cost(2, 23, 61).
cost(2, 24, 40).
cost(3, 1, 43).
cost(3, 2, 43).
cost(3, 4, 46).
cost(3, 5, 17).
cost(3, 6, 36).
cost(3, 7, 44).
cost(3, 8, 23).
cost(3, 9, 37).
cost(3, 10, 58).
cost(3, 11, 29).
cost(3, 12, 52).
cost(3, 13, 36).
cost(3, 14, 25).
cost(3, 15, 59).
cost(3, 16, 65).
cost(3, 17, 51).
cost(3, 18, 62).
cost(3, 19, 26).
cost(3, 20, 68).
cost(3, 21, 65).
cost(3, 22, 58).
cost(3, 23, 49).
cost(3, 24, 13).
cost(4, 1, 25).
cost(4, 2, 8).
cost(4, 3, 46).
cost(4, 5, 51).
cost(4, 6, 65).
cost(4, 7, 64).
cost(4, 8, 51).
cost(4, 9, 20).
cost(4, 10, 72).
cost(4, 11, 27).
cost(4, 12, 77).
cost(4, 13, 17).
cost(4, 14, 61).
cost(4, 15, 78).
cost(4, 16, 53).
cost(4, 17, 65).
cost(4, 18, 58).
cost(4, 19, 37).
cost(4, 20, 83).
cost(4, 21, 69).
cost(4, 22, 68).
cost(4, 23, 68).
cost(4, 24, 45).
cost(5, 1, 39).
cost(5, 2, 46).
cost(5, 3, 17).
cost(5, 4, 51).
cost(5, 6, 19).
cost(5, 7, 28).
cost(5, 8, 8).
cost(5, 9, 36).
cost(5, 10, 42).
cost(5, 11, 42).
cost(5, 12, 36).
cost(5, 13, 37).
cost(5, 14, 11).
cost(5, 15, 42).
cost(5, 16, 54).
cost(5, 17, 35).
cost(5, 18, 49).
cost(5, 19, 18).
cost(5, 20, 52).
cost(5, 21, 51).
cost(5, 22, 43).
cost(5, 23, 33).
cost(5, 24, 7).
cost(6, 1, 46).
cost(6, 2, 58).
cost(6, 3, 36).
cost(6, 4, 65).
cost(6, 5, 19).
cost(6, 7, 12).
cost(6, 8, 15).
cost(6, 9, 46).
cost(6, 10, 26).
cost(6, 11, 60).
cost(6, 12, 17).
cost(6, 13, 48).
cost(6, 14, 12).
cost(6, 15, 24).
cost(6, 16, 49).
cost(6, 17, 21).
cost(6, 18, 41).
cost(6, 19, 27).
cost(6, 20, 34).
cost(6, 21, 38).
cost(6, 22, 29).
cost(6, 23, 16).
cost(6, 24, 25).
cost(7, 1, 42).
cost(7, 2, 56).
cost(7, 3, 44).
cost(7, 4, 64).
cost(7, 5, 28).
cost(7, 6, 12).
cost(7, 8, 21).
cost(7, 9, 44).
cost(7, 10, 15).
cost(7, 11, 64).
cost(7, 12, 13).
cost(7, 13, 47).
cost(7, 14, 23).
cost(7, 15, 15).
cost(7, 16, 39).
cost(7, 17, 9).
cost(7, 18, 30).
cost(7, 19, 28).
cost(7, 20, 24).
cost(7, 21, 26).
cost(7, 22, 17).
cost(7, 23, 6).
cost(7, 24, 32).
cost(8, 1, 35).
cost(8, 2, 44).
cost(8, 3, 23).
cost(8, 4, 51).
cost(8, 5, 8).
cost(8, 6, 15).
cost(8, 7, 21).
cost(8, 9, 33).
cost(8, 10, 35).
cost(8, 11, 45).
cost(8, 12, 30).
cost(8, 13, 35).
cost(8, 14, 12).
cost(8, 15, 36).
cost(8, 16, 47).
cost(8, 17, 28).
cost(8, 18, 41).
cost(8, 19, 14).
cost(8, 20, 45).
cost(8, 21, 43).
cost(8, 22, 35).
cost(8, 23, 26).
cost(8, 24, 11).
cost(9, 1, 7).
cost(9, 2, 13).
cost(9, 3, 37).
cost(9, 4, 20).
cost(9, 5, 36).
cost(9, 6, 46).
cost(9, 7, 44).
cost(9, 8, 33).
cost(9, 10, 51).
cost(9, 11, 33).
cost(9, 12, 57).
cost(9, 13, 4).
cost(9, 14, 45).
cost(9, 15, 57).
cost(9, 16, 37).
cost(9, 17, 45).
cost(9, 18, 40).
cost(9, 19, 19).
cost(9, 20, 63).
cost(9, 21, 50).
cost(9, 22, 48).
cost(9, 23, 48).
cost(9, 24, 31).
cost(10, 1, 48).
cost(10, 2, 64).
cost(10, 3, 58).
cost(10, 4, 72).
cost(10, 5, 42).
cost(10, 6, 26).
cost(10, 7, 15).
cost(10, 8, 35).
cost(10, 9, 51).
cost(10, 11, 76).
cost(10, 12, 16).
cost(10, 13, 55).
cost(10, 14, 38).
cost(10, 15, 9).
cost(10, 16, 34).
cost(10, 17, 7).
cost(10, 18, 24).
cost(10, 19, 39).
cost(10, 20, 11).
cost(10, 21, 14).
cost(10, 22, 5).
cost(10, 23, 10).
cost(10, 24, 46).
cost(11, 1, 40).
cost(11, 2, 28).
cost(11, 3, 29).
cost(11, 4, 27).
cost(11, 5, 42).
cost(11, 6, 60).
cost(11, 7, 64).
cost(11, 8, 45).
cost(11, 9, 33).
cost(11, 10, 76).
cost(11, 12, 76).
cost(11, 13, 29).
cost(11, 14, 52).
cost(11, 15, 80).
cost(11, 16, 69).
cost(11, 17, 69).
cost(11, 18, 71).
cost(11, 19, 37).
cost(11, 20, 87).
cost(11, 21, 79).
cost(11, 22, 75).
cost(11, 23, 70).
cost(11, 24, 35).
cost(12, 1, 55).
cost(12, 2, 70).
cost(12, 3, 52).
cost(12, 4, 77).
cost(12, 5, 36).
cost(12, 6, 17).
cost(12, 7, 13).
cost(12, 8, 30).
cost(12, 9, 57).
cost(12, 10, 16).
cost(12, 11, 76).
cost(12, 13, 60).
cost(12, 14, 28).
cost(12, 15, 10).
cost(12, 16, 48).
cost(12, 17, 16).
cost(12, 18, 39).
cost(12, 19, 40).
cost(12, 20, 20).
cost(12, 21, 31).
cost(12, 22, 21).
cost(12, 23, 10).
cost(12, 24, 41).
cost(13, 1, 11).
cost(13, 2, 10).
cost(13, 3, 36).
cost(13, 4, 17).
cost(13, 5, 37).
cost(13, 6, 48).
cost(13, 7, 47).
cost(13, 8, 35).
cost(13, 9, 4).
cost(13, 10, 55).
cost(13, 11, 29).
cost(13, 12, 60).
cost(13, 14, 46).
cost(13, 15, 60).
cost(13, 16, 41).
cost(13, 17, 48).
cost(13, 18, 44).
cost(13, 19, 21).
cost(13, 20, 66).
cost(13, 21, 53).
cost(13, 22, 52).
cost(13, 23, 51).
cost(13, 24, 31).
cost(14, 1, 47).
cost(14, 2, 55).
cost(14, 3, 25).
cost(14, 4, 61).
cost(14, 5, 11).
cost(14, 6, 12).
cost(14, 7, 23).
cost(14, 8, 12).
cost(14, 9, 45).
cost(14, 10, 38).
cost(14, 11, 52).
cost(14, 12, 28).
cost(14, 13, 46).
cost(14, 15, 36).
cost(14, 16, 57).
cost(14, 17, 32).
cost(14, 18, 50).
cost(14, 19, 26).
cost(14, 20, 46).
cost(14, 21, 49).
cost(14, 22, 40).
cost(14, 23, 28).
cost(14, 24, 18).
cost(15, 1, 54).
cost(15, 2, 70).
cost(15, 3, 59).
cost(15, 4, 78).
cost(15, 5, 42).
cost(15, 6, 24).
cost(15, 7, 15).
cost(15, 8, 36).
cost(15, 9, 57).
cost(15, 10, 9).
cost(15, 11, 80).
cost(15, 12, 10).
cost(15, 13, 60).
cost(15, 14, 36).
cost(15, 16, 43).
cost(15, 17, 13).
cost(15, 18, 32).
cost(15, 19, 43).
cost(15, 20, 10).
cost(15, 21, 23).
cost(15, 22, 14).
cost(15, 23, 10).
cost(15, 24, 47).
cost(16, 1, 30).
cost(16, 2, 46).
cost(16, 3, 65).
cost(16, 4, 53).
cost(16, 5, 54).
cost(16, 6, 49).
cost(16, 7, 39).
cost(16, 8, 47).
cost(16, 9, 37).
cost(16, 10, 34).
cost(16, 11, 69).
cost(16, 12, 48).
cost(16, 13, 41).
cost(16, 14, 57).
cost(16, 15, 43).
cost(16, 17, 32).
cost(16, 18, 10).
cost(16, 19, 39).
cost(16, 20, 41).
cost(16, 21, 22).
cost(16, 22, 28).
cost(16, 23, 39).
cost(16, 24, 53).
cost(17, 1, 42).
cost(17, 2, 58).
cost(17, 3, 51).
cost(17, 4, 65).
cost(17, 5, 35).
cost(17, 6, 21).
cost(17, 7, 9).
cost(17, 8, 28).
cost(17, 9, 45).
cost(17, 10, 7).
cost(17, 11, 69).
cost(17, 12, 16).
cost(17, 13, 48).
cost(17, 14, 32).
cost(17, 15, 13).
cost(17, 16, 32).
cost(17, 18, 23).
cost(17, 19, 31).
cost(17, 20, 18).
cost(17, 21, 17).
cost(17, 22, 8).
cost(17, 23, 6).
cost(17, 24, 38).
cost(18, 1, 34).
cost(18, 2, 51).
cost(18, 3, 62).
cost(18, 4, 58).
cost(18, 5, 49).
cost(18, 6, 41).
cost(18, 7, 30).
cost(18, 8, 41).
cost(18, 9, 40).
cost(18, 10, 24).
cost(18, 11, 71).
cost(18, 12, 39).
cost(18, 13, 44).
cost(18, 14, 50).
cost(18, 15, 32).
cost(18, 16, 10).
cost(18, 17, 23).
cost(18, 19, 37).
cost(18, 20, 31).
cost(18, 21, 13).
cost(18, 22, 18).
cost(18, 23, 29).
cost(18, 24, 50).
cost(19, 1, 21).
cost(19, 2, 31).
cost(19, 3, 26).
cost(19, 4, 37).
cost(19, 5, 18).
cost(19, 6, 27).
cost(19, 7, 28).
cost(19, 8, 14).
cost(19, 9, 19).
cost(19, 10, 39).
cost(19, 11, 37).
cost(19, 12, 40).
cost(19, 13, 21).
cost(19, 14, 26).
cost(19, 15, 43).
cost(19, 16, 39).
cost(19, 17, 31).
cost(19, 18, 37).
cost(19, 20, 50).
cost(19, 21, 42).
cost(19, 22, 37).
cost(19, 23, 33).
cost(19, 24, 15).
cost(20, 1, 59).
cost(20, 2, 75).
cost(20, 3, 68).
cost(20, 4, 83).
cost(20, 5, 52).
cost(20, 6, 34).
cost(20, 7, 24).
cost(20, 8, 45).
cost(20, 9, 63).
cost(20, 10, 11).
cost(20, 11, 87).
cost(20, 12, 20).
cost(20, 13, 66).
cost(20, 14, 46).
cost(20, 15, 10).
cost(20, 16, 41).
cost(20, 17, 18).
cost(20, 18, 31).
cost(20, 19, 50).
cost(20, 21, 19).
cost(20, 22, 15).
cost(20, 23, 19).
cost(20, 24, 56).
cost(21, 1, 44).
cost(21, 2, 62).
cost(21, 3, 65).
cost(21, 4, 69).
cost(21, 5, 51).
cost(21, 6, 38).
cost(21, 7, 26).
cost(21, 8, 43).
cost(21, 9, 50).
cost(21, 10, 14).
cost(21, 11, 79).
cost(21, 12, 31).
cost(21, 13, 53).
cost(21, 14, 49).
cost(21, 15, 23).
cost(21, 16, 22).
cost(21, 17, 17).
cost(21, 18, 13).
cost(21, 19, 42).
cost(21, 20, 19).
cost(21, 22, 10).
cost(21, 23, 23).
cost(21, 24, 53).
cost(22, 1, 44).
cost(22, 2, 61).
cost(22, 3, 58).
cost(22, 4, 68).
cost(22, 5, 43).
cost(22, 6, 29).
cost(22, 7, 17).
cost(22, 8, 35).
cost(22, 9, 48).
cost(22, 10, 5).
cost(22, 11, 75).
cost(22, 12, 21).
cost(22, 13, 52).
cost(22, 14, 40).
cost(22, 15, 14).
cost(22, 16, 28).
cost(22, 17, 8).
cost(22, 18, 18).
cost(22, 19, 37).
cost(22, 20, 15).
cost(22, 21, 10).
cost(22, 23, 13).
cost(22, 24, 46).
cost(23, 1, 46).
cost(23, 2, 61).
cost(23, 3, 49).
cost(23, 4, 68).
cost(23, 5, 33).
cost(23, 6, 16).
cost(23, 7, 6).
cost(23, 8, 26).
cost(23, 9, 48).
cost(23, 10, 10).
cost(23, 11, 70).
cost(23, 12, 10).
cost(23, 13, 51).
cost(23, 14, 28).
cost(23, 15, 10).
cost(23, 16, 39).
cost(23, 17, 6).
cost(23, 18, 29).
cost(23, 19, 33).
cost(23, 20, 19).
cost(23, 21, 23).
cost(23, 22, 13).
cost(23, 24, 37).
cost(24, 1, 35).
cost(24, 2, 40).
cost(24, 3, 13).
cost(24, 4, 45).
cost(24, 5, 7).
cost(24, 6, 25).
cost(24, 7, 32).
cost(24, 8, 11).
cost(24, 9, 31).
cost(24, 10, 46).
cost(24, 11, 35).
cost(24, 12, 41).
cost(24, 13, 31).
cost(24, 14, 18).
cost(24, 15, 47).
cost(24, 16, 53).
cost(24, 17, 38).
cost(24, 18, 50).
cost(24, 19, 15).
cost(24, 20, 56).
cost(24, 21, 53).
cost(24, 22, 46).
cost(24, 23, 37).
