dimension(24).
point(1, 8.5802618741, 83.3270022926).
point(2, 37.5162496908, 64.98580144).
point(3, 78.8669808769, 36.4223604345).
point(4, 5.4080250874, 62.039673455).
point(5, 32.1253141249, 78.1973447361).
point(6, 14.9733890569, 71.5287973703).
point(7, 23.5582745388, 58.5487035735).
point(8, 38.7421637235, 79.0849861681).
point(9, 90.9893275677, 26.8472539308).
point(10, 46.3062267978, 88.6758355972).
point(11, 32.5896178877, 95.7175904239).
point(12, 35.9894936043, 85.6231385738).
point(13, 86.2615023369, 52.4811325353).
point(14, 95.7584434278, 49.0924965831).
point(15, 12.9822817614, 54.1159094665).
point(16, 91.9249060894, 22.6230833341).
point(17, 32.8783263283, 94.8477307159).
point(18, 75.294119294, 29.3876928425).
point(19, 69.5286120502, 13.2410558927).
point(20, 86.3170084124, 44.2839756211).
point(21, 79.6155463297, 41.485794914).
point(22, 97.197193602, 53.5759437723).
point(23, 88.8719138379, 62.0986166556).
point(24, 88.0058618578, 18.7829403652).
cost(1, 2, 34).
cost(1, 3, 85).
cost(1, 4, 22).
cost(1, 5, 24).
cost(1, 6, 13).
cost(1, 7, 29).
cost(1, 8, 30).
cost(1, 9, 100).
cost(1, 10, 38).
cost(1, 11, 27).
cost(1, 12, 28).
cost(1, 13, 84).
cost(1, 14, 94).
cost(1, 15, 30).
cost(1, 16, 103).
cost(1, 17, 27).
cost(1, 18, 86).
cost(1, 19, 93).
cost(1, 20, 87).
cost(1, 21, 82).
cost(1, 22, 93).
cost(1, 23, 83).
cost(1, 24, 102).
cost(2, 1, 34).
cost(2, 3, 50).
cost(2, 4, 32).
cost(2, 5, 14).
cost(2, 6, 23).
cost(2, 7, 15).
cost(2, 8, 14).
cost(2, 9, 66).
cost(2, 10, 25).
cost(2, 11, 31).
cost(2, 12, 21).
cost(2, 13, 50).
cost(2, 14, 60).
cost(2, 15, 27).
cost(2, 16, 69).
cost(2, 17, 30).
cost(2, 18, 52).
cost(2, 19, 61).
cost(2, 20, 53).
cost(2, 21, 48).
cost(2, 22, 61).
cost(2, 23, 51).
cost(2, 24, 68).
cost(3, 1, 85).
cost(3, 2, 50).
cost(3, 4, 78).
cost(3, 5, 63).
cost(3, 6, 73).
cost(3, 7, 60).
cost(3, 8, 59).
cost(3, 9, 15).
cost(3, 10, 62).
cost(3, 11, 75).
cost(3, 12, 65).
cost(3, 13, 18).
cost(3, 14, 21).
cost(3, 15, 68).
cost(3, 16, 19).
cost(3, 17, 74).
cost(3, 18, 8).
cost(3, 19, 25).
cost(3, 20, 11).
cost(3, 21, 5).
cost(3, 22, 25).
cost(3, 23, 28).
cost(3, 24, 20).
cost(4, 1, 22).
cost(4, 2, 32).
cost(4, 3, 78).
cost(4, 5, 31).
cost(4, 6, 13).
cost(4, 7, 18).
cost(4, 8, 37).
cost(4, 9, 93).
cost(4, 10, 49).
cost(4, 11, 43).
cost(4, 12, 39).
cost(4, 13, 81).
cost(4, 14, 91).
cost(4, 15, 11).
cost(4, 16, 95).
cost(4, 17, 43).
cost(4, 18, 77).
cost(4, 19, 81).
cost(4, 20, 83).
cost(4, 21, 77).
cost(4, 22, 92).
cost(4, 23, 83).
cost(4, 24, 93).
cost(5, 1, 24).
cost(5, 2, 14).
cost(5, 3, 63).
cost(5, 4, 31).
cost(5, 6, 18).
cost(5, 7, 21).
cost(5, 8, 7).
cost(5, 9, 78).
cost(5, 10, 18).
cost(5, 11, 18).
cost(5, 12, 8).
cost(5, 13, 60).
cost(5, 14, 70).
cost(5, 15, 31).
cost(5, 16, 82).
cost(5, 17, 17).
cost(5, 18, 65).
cost(5, 19, 75).
cost(5, 20, 64).
cost(5, 21, 60).
cost(5, 22, 70).
cost(5, 23, 59).
cost(5, 24, 82).
cost(6, 1, 13).
cost(6, 2, 23).
cost(6, 3, 73).
cost(6, 4, 13).
cost(6, 5, 18).
cost(6, 7, 16).
cost(6, 8, 25).
cost(6, 9, 88).
cost(6, 10, 36).
cost(6, 11, 30).
cost(6, 12, 25).
cost(6, 13, 74).
cost(6, 14, 84).
cost(6, 15, 18).
cost(6, 16, 91).
cost(6, 17, 29).
cost(6, 18, 74).
cost(6, 19, 80).
cost(6, 20, 76).
cost(6, 21, 71).
cost(6, 22, 84).
cost(6, 23, 74).
cost(6, 24, 90).
cost(7, 1, 29).
cost(7, 2, 15).
cost(7, 3, 60).
cost(7, 4, 18).
cost(7, 5, 21).
cost(7, 6, 16).
cost(7, 8, 26).
cost(7, 9, 75).
cost(7, 10, 38).
cost(7, 11, 38).
cost(7, 12, 30).
cost(7, 13, 63).
cost(7, 14, 73).
cost(7, 15, 11).
cost(7, 16, 77).
cost(7, 17, 37).
cost(7, 18, 59).
cost(7, 19, 65).
cost(7, 20, 64).
cost(7, 21, 59).
cost(7, 22, 74).
cost(7, 23, 65).
cost(7, 24, 76).
cost(8, 1, 30).
cost(8, 2, 14).
cost(8, 3, 59).
cost(8, 4, 37).
cost(8, 5, 7).
cost(8, 6, 25).
cost(8, 7, 26).
cost(8, 9, 74).
cost(8, 10, 12).
cost(8, 11, 18).
cost(8, 12, 7).
cost(8, 13, 54).
cost(8, 14, 64).
cost(8, 15, 36).
cost(8, 16, 78).
cost(8, 17, 17).
cost(8, 18, 62).
cost(8, 19, 73).
cost(8, 20, 59).
cost(8, 21, 56).
cost(8, 22, 64).
cost(8, 23, 53).
cost(8, 24, 78).
cost(9, 1, 100).
cost(9, 2, 66).
cost(9, 3, 15).
cost(9, 4, 93).
cost(9, 5, 78).
cost(9, 6, 88).
cost(9, 7, 75).
cost(9, 8, 74).
cost(9, 10, 76).
cost(9, 11, 90).
cost(9, 12, 80).
cost(9, 13, 26).
cost(9, 14, 23).
cost(9, 15, 83).
cost(9, 16, 4).
cost(9, 17, 89).
cost(9, 18, 16).
cost(9, 19, 25).
cost(9, 20, 18).
cost(9, 21, 19).
cost(9, 22, 27).
cost(9, 23, 35).
cost(9, 24, 9).
cost(10, 1, 38).
cost(10, 2, 25).
cost(10, 3, 62).
cost(10, 4, 49).
cost(10, 5, 18).
cost(10, 6, 36).
cost(10, 7, 38).
cost(10, 8, 12).
cost(10, 9, 76).
cost(10, 11, 15).
cost(10, 12, 11).
cost(10, 13, 54).
cost(10, 14, 63).
cost(10, 15, 48).
cost(10, 16, 80).
cost(10, 17, 15).
cost(10, 18, 66).
cost(10, 19, 79).
cost(10, 20, 60).
cost(10, 21, 58).
cost(10, 22, 62).
cost(10, 23, 50).
cost(10, 24, 81).
cost(11, 1, 27).
cost(11, 2, 31).
cost(11, 3, 75).
cost(11, 4, 43).
cost(11, 5, 18).
cost(11, 6, 30).
cost(11, 7, 38).
cost(11, 8, 18).
cost(11, 9, 90).
cost(11, 10, 15).
cost(11, 12, 11).
cost(11, 13, 69).
cost(11, 14, 79).
cost(11, 15, 46).
cost(11, 16, 94).
cost(11, 17, 1).
cost(11, 18, 79).
cost(11, 19, 90).
cost(11, 20, 74).
cost(11, 21, 72).
cost(11, 22, 77).
cost(11, 23, 66).
cost(11, 24, 95).
cost(12, 1, 28).
cost(12, 2, 21).
cost(12, 3, 65).
cost(12, 4, 39).
cost(12, 5, 8).
cost(12, 6, 25).
cost(12, 7, 30).
cost(12, 8, 7).
cost(12, 9, 80).
cost(12, 10, 11).
cost(12, 11, 11).
cost(12, 13, 60).
cost(12, 14, 70).
cost(12, 15, 39).
cost(12, 16, 84).
cost(12, 17, 10).
cost(12, 18, 69).
cost(12, 19, 80).
cost(12, 20, 65).
cost(12, 21, 62).
cost(12, 22, 69).
cost(12, 23, 58).
cost(12, 24, 85).
cost(13, 1, 84).
cost(13, 2, 50).
cost(13, 3, 18).
cost(13, 4, 81).
cost(13, 5, 60).
cost(13, 6, 74).
cost(13, 7, 63).
cost(13, 8, 54).
cost(13, 9, 26).
cost(13, 10, 54).
cost(13, 11, 69).
cost(13, 12, 60).
cost(13, 14, 10).
cost(13, 15, 73).
cost(13, 16, 30).
cost(13, 17, 68).
cost(13, 18, 26).
cost(13, 19, 43).
cost(13, 20, 8).
cost(13, 21, 13).
cost(13, 22, 11).
cost(13, 23, 10).
cost(13, 24, 34).
cost(14, 1, 94).
cost(14, 2, 60).
cost(14, 3, 21).
cost(14, 4, 91).
cost(14, 5, 70).
cost(14, 6, 84).
cost(14, 7, 73).
cost(14, 8, 64).
cost(14, 9, 23).
cost(14, 10, 63).
cost(14, 11, 79).
cost(14, 12, 70).
cost(14, 13, 10).
cost(14, 15, 83).
cost(14, 16, 27).
cost(14, 17, 78).
cost(14, 18, 28).
cost(14, 19, 44).
cost(14, 20, 11).
cost(14, 21, 18).
cost(14, 22, 5).
cost(14, 23, 15).
cost(14, 24, 31).
cost(15, 1, 30).
cost(15, 2, 27).
cost(15, 3, 68).
cost(15, 4, 11).
cost(15, 5, 31).
cost(15, 6, 18).
cost(15, 7, 11).
cost(15, 8, 36).
cost(15, 9, 83).
cost(15, 10, 48).
cost(15, 11, 46).
cost(15, 12, 39).
cost(15, 13, 73).
cost(15, 14, 83).
cost(15, 16, 85).
cost(15, 17, 45).
cost(15, 18, 67).
cost(15, 19, 70).
cost(15, 20, 74).
cost(15, 21, 68).
cost(15, 22, 84).
cost(15, 23, 76).
cost(15, 24, 83).
cost(16, 1, 103).
cost(16, 2, 69).
cost(16, 3, 19).
cost(16, 4, 95).
cost(16, 5, 82).
cost(16, 6, 91).
cost(16, 7, 77).
cost(16, 8, 78).
cost(16, 9, 4).
cost(16, 10, 80).
cost(16, 11, 94).
cost(16, 12, 84).
cost(16, 13, 30).
cost(16, 14, 27).
cost(16, 15, 85).
cost(16, 17, 93).
cost(16, 18, 18).
cost(16, 19, 24).
cost(16, 20, 22).
cost(16, 21, 23).
cost(16, 22, 31).
cost(16, 23, 40).
cost(16, 24, 5).
cost(17, 1, 27).
cost(17, 2, 30).
cost(17, 3, 74).
cost(17, 4, 43).
cost(17, 5, 17).
cost(17, 6, 29).
cost(17, 7, 37).
cost(17, 8, 17).
cost(17, 9, 89).
cost(17, 10, 15).
cost(17, 11, 1).
cost(17, 12, 10).
cost(17, 13, 68).
cost(17, 14, 78).
cost(17, 15, 45).
cost(17, 16, 93).
cost(17, 18, 78).
cost(17, 19, 89).
cost(17, 20, 74).
cost(17, 21, 71).
cost(17, 22, 76).
cost(17, 23, 65).
cost(17, 24, 94).
cost(18, 1, 86).
cost(18, 2, 52).
cost(18, 3, 8).
cost(18, 4, 77).
cost(18, 5, 65).
cost(18, 6, 74).
cost(18, 7, 59).
cost(18, 8, 62).
cost(18, 9, 16).
cost(18, 10, 66).
cost(18, 11, 79).
cost(18, 12, 69).
cost(18, 13, 26).
cost(18, 14, 28).
cost(18, 15, 67).
cost(18, 16, 18).
cost(18, 17, 78).
cost(18, 19, 17).
cost(18, 20, 19).
cost(18, 21, 13).
cost(18, 22, 33).
cost(18, 23, 35).
cost(18, 24, 17).
cost(19, 1, 93).
cost(19, 2, 61).
cost(19, 3, 25).
cost(19, 4, 81).
cost(19, 5, 75).
cost(19, 6, 80).
cost(19, 7, 65).
cost(19, 8, 73).
cost(19, 9, 25).
cost(19, 10, 79).
cost(19, 11, 90).
cost(19, 12, 80).
cost(19, 13, 43).
cost(19, 14, 44).
cost(19, 15, 70).
cost(19, 16, 24).
cost(19, 17, 89).
cost(19, 18, 17).
cost(19, 20, 35).
cost(19, 21, 30).
cost(19, 22, 49).
cost(19, 23, 53).
cost(19, 24, 19).
cost(20, 1, 87).
cost(20, 2, 53).
cost(20, 3, 11).
cost(20, 4, 83).
cost(20, 5, 64).
cost(20, 6, 76).
cost(20, 7, 64).
cost(20, 8, 59).
cost(20, 9, 18).
cost(20, 10, 60).
cost(20, 11, 74).
cost(20, 12, 65).
cost(20, 13, 8).
cost(20, 14, 11).
cost(20, 15, 74).
cost(20, 16, 22).
cost(20, 17, 74).
cost(20, 18, 19).
cost(20, 19, 35).
cost(20, 21, 7).
cost(20, 22, 14).
cost(20, 23, 18).
cost(20, 24, 26).
cost(21, 1, 82).
cost(21, 2, 48).
cost(21, 3, 5).
cost(21, 4, 77).
cost(21, 5, 60).
cost(21, 6, 71).
cost(21, 7, 59).
cost(21, 8, 56).
cost(21, 9, 19).
cost(21, 10, 58).
cost(21, 11, 72).
cost(21, 12, 62).
cost(21, 13, 13).
cost(21, 14, 18).
cost(21, 15, 68).
cost(21, 16, 23).
cost(21, 17, 71).
cost(21, 18, 13).
cost(21, 19, 30).
cost(21, 20, 7).
cost(21, 22, 21).
cost(21, 23, 23).
cost(21, 24, 24).
cost(22, 1, 93).
cost(22, 2, 61).
cost(22, 3, 25).
cost(22, 4, 92).
cost(22, 5, 70).
cost(22, 6, 84).
cost(22, 7, 74).
cost(22, 8, 64).
cost(22, 9, 27).
cost(22, 10, 62).
cost(22, 11, 77).
cost(22, 12, 69).
cost(22, 13, 11).
cost(22, 14, 5).
cost(22, 15, 84).
cost(22, 16, 31).
cost(22, 17, 76).
cost(22, 18, 33).
cost(22, 19, 49).
cost(22, 20, 14).
cost(22, 21, 21).
cost(22, 23, 12).
cost(22, 24, 36).
cost(23, 1, 83).
cost(23, 2, 51).
cost(23, 3, 28).
cost(23, 4, 83).
cost(23, 5, 59).
cost(23, 6, 74).
cost(23, 7, 65).
cost(23, 8, 53).
cost(23, 9, 35).
cost(23, 10, 50).
cost(23, 11, 66).
cost(23, 12, 58).
cost(23, 13, 10).
cost(23, 14, 15).
cost(23, 15, 76).
cost(23, 16, 40).
cost(23, 17, 65).
cost(23, 18, 35).
cost(23, 19, 53).
cost(23, 20, 18).
cost(23, 21, 23).
cost(23, 22, 12).
cost(23, 24, 43).
cost(24, 1, 102).
cost(24, 2, 68).
cost(24, 3, 20).
cost(24, 4, 93).
cost(24, 5, 82).
cost(24, 6, 90).
cost(24, 7, 76).
cost(24, 8, 78).
cost(24, 9, 9).
cost(24, 10, 81).
cost(24, 11, 95).
cost(24, 12, 85).
cost(24, 13, 34).
cost(24, 14, 31).
cost(24, 15, 83).
cost(24, 16, 5).
cost(24, 17, 94).
cost(24, 18, 17).
cost(24, 19, 19).
cost(24, 20, 26).
cost(24, 21, 24).
cost(24, 22, 36).
cost(24, 23, 43).
