dimension(24).
point(1, 67.019625003, 20.6493960068).
point(2, 39.4538113714, 79.1985026608).
point(3, 58.4583748333, 34.8560489492).
point(4, 30.4879735154, 48.0196295554).
point(5, 85.3050796646, 72.9492797113).
point(6, 79.8473125835, 71.5214864203).
point(7, 32.3538149849, 87.1674916836).
point(8, 28.7547600941, 32.7779502505).
point(9, 87.4715516115, 75.4054664462).
point(10, 82.2666158408, 89.6872203787).
point(11, 62.3588323803, 84.0534425677).
point(12, 78.6764067199, 15.2543528253).
point(13, 16.0498999435, 15.1842347751).
point(14, 65.7738888701, 67.1282306348).
point(15, 29.9734114802, 18.4753329534).
point(16, 22.0914520037, 29.1306251025).
point(17, 55.0571527139, 72.7273404019).
point(18, 40.4592204602, 91.0133497168).
point(19, 48.7406780248, 36.4271500568).
point(20, 60.2332540764, 4.3034130945).
point(21, 21.0237003281, 8.175967037).
point(22, 60.7842364334, 71.2475632638).
point(23, 64.4436222081, 8.9470563305).
point(24, 85.7722083373, 77.0237722827).
cost(1, 2, 65).
cost(1, 3, 17).
cost(1, 4, 46).
cost(1, 5, 55).
cost(1, 6, 52).
cost(1, 7, 75).
cost(1, 8, 40).
cost(1, 9, 58).
cost(1, 10, 71).
cost(1, 11, 64).
cost(1, 12, 13).
cost(1, 13, 51).
cost(1, 14, 46).
cost(1, 15, 37).
cost(1, 16, 46).
cost(1, 17, 53).
cost(1, 18, 75).
cost(1, 19, 24).
cost(1, 20, 18).
cost(1, 21, 48).
cost(1, 22, 51).
cost(1, 23, 12).
cost(1, 24, 59).
cost(2, 1, 65).
cost(2, 3, 48).
cost(2, 4, 32).
cost(2, 5, 46).
cost(2, 6, 41).
cost(2, 7, 11).
cost(2, 8, 48).
cost(2, 9, 48).
cost(2, 10, 44).
cost(2, 11, 23).
cost(2, 12, 75).
cost(2, 13, 68).
cost(2, 14, 29).
cost(2, 15, 61).
cost(2, 16, 53).
cost(2, 17, 17).
cost(2, 18, 12).
cost(2, 19, 44).
cost(2, 20, 78).
cost(2, 21, 73).
cost(2, 22, 23).
cost(2, 23, 75).
cost(2, 24, 46).
cost(3, 1, 17).
cost(3, 2, 48).
cost(3, 4, 31).
cost(3, 5, 47).
cost(3, 6, 42).
cost(3, 7, 58).
cost(3, 8, 30).
cost(3, 9, 50).
cost(3, 10, 60).
cost(3, 11, 49).
cost(3, 12, 28).
cost(3, 13, 47).
cost(3, 14, 33).
cost(3, 15, 33).
cost(3, 16, 37).
cost(3, 17, 38).
cost(3, 18, 59).
cost(3, 19, 10).
cost(3, 20, 31).
cost(3, 21, 46).
cost(3, 22, 36).
cost(3, 23, 27).
cost(3, 24, 50).
cost(4, 1, 46).
cost(4, 2, 32).
cost(4, 3, 31).
cost(4, 5, 60).
cost(4, 6, 55).
cost(4, 7, 39).
cost(4, 8, 15).
cost(4, 9, 63).
cost(4, 10, 66).
cost(4, 11, 48).
cost(4, 12, 58).
cost(4, 13, 36).
cost(4, 14, 40).
cost(4, 15, 30).
cost(4, 16, 21).
cost(4, 17, 35).
cost(4, 18, 44).
cost(4, 19, 22).
cost(4, 20, 53).
cost(4, 21, 41).
cost(4, 22, 38).
cost(4, 23, 52).
cost(4, 24, 62).
cost(5, 1, 55).
cost(5, 2, 46).
cost(5, 3, 47).
cost(5, 4, 60).
cost(5, 6, 6).
cost(5, 7, 55).
cost(5, 8, 69).
cost(5, 9, 3).
cost(5, 10, 17).
cost(5, 11, 25).
cost(5, 12, 58).
cost(5, 13, 90).
cost(5, 14, 20).
cost(5, 15, 78).
cost(5, 16, 77).
cost(5, 17, 30).
cost(5, 18, 48).
cost(5, 19, 52).
cost(5, 20, 73).
cost(5, 21, 91).
cost(5, 22, 25).
cost(5, 23, 67).
cost(5, 24, 4).
cost(6, 1, 52).
cost(6, 2, 41).
cost(6, 3, 42).
cost(6, 4, 55).
cost(6, 5, 6).
cost(6, 7, 50).
cost(6, 8, 64).
cost(6, 9, 9).
cost(6, 10, 18).
cost(6, 11, 22).
cost(6, 12, 56).
cost(6, 13, 85).
cost(6, 14, 15).
cost(6, 15, 73).
cost(6, 16, 72).
cost(6, 17, 25).
cost(6, 18, 44).
cost(6, 19, 47).
cost(6, 20, 70).
cost(6, 21, 86).
cost(6, 22, 19).
cost(6, 23, 64).
cost(6, 24, 8).
cost(7, 1, 75).
cost(7, 2, 11).
cost(7, 3, 58).
cost(7, 4, 39).
cost(7, 5, 55).
cost(7, 6, 50).
cost(7, 8, 55).
cost(7, 9, 56).
cost(7, 10, 50).
cost(7, 11, 30).
cost(7, 12, 86).
cost(7, 13, 74).
cost(7, 14, 39).
cost(7, 15, 69).
cost(7, 16, 59).
cost(7, 17, 27).
cost(7, 18, 9).
cost(7, 19, 53).
cost(7, 20, 87).
cost(7, 21, 80).
cost(7, 22, 33).
cost(7, 23, 85).
cost(7, 24, 54).
cost(8, 1, 40).
cost(8, 2, 48).
cost(8, 3, 30).
cost(8, 4, 15).
cost(8, 5, 69).
cost(8, 6, 64).
cost(8, 7, 55).
cost(8, 9, 73).
cost(8, 10, 78).
cost(8, 11, 61).
cost(8, 12, 53).
cost(8, 13, 22).
cost(8, 14, 51).
cost(8, 15, 14).
cost(8, 16, 8).
cost(8, 17, 48).
cost(8, 18, 59).
cost(8, 19, 20).
cost(8, 20, 42).
cost(8, 21, 26).
cost(8, 22, 50).
cost(8, 23, 43).
cost(8, 24, 72).
cost(9, 1, 58).
cost(9, 2, 48).
cost(9, 3, 50).
cost(9, 4, 63).
cost(9, 5, 3).
cost(9, 6, 9).
cost(9, 7, 56).
cost(9, 8, 73).
cost(9, 10, 15).
cost(9, 11, 27).
cost(9, 12, 61).
cost(9, 13, 93).
cost(9, 14, 23).
cost(9, 15, 81).
cost(9, 16, 80).
cost(9, 17, 33).
cost(9, 18, 50).
cost(9, 19, 55).
cost(9, 20, 76).
cost(9, 21, 95).
cost(9, 22, 27).
cost(9, 23, 70).
cost(9, 24, 2).
cost(10, 1, 71).
cost(10, 2, 44).
cost(10, 3, 60).
cost(10, 4, 66).
cost(10, 5, 17).
cost(10, 6, 18).
cost(10, 7, 50).
cost(10, 8, 78).
cost(10, 9, 15).
cost(10, 11, 21).
cost(10, 12, 75).
cost(10, 13, 100).
cost(10, 14, 28).
cost(10, 15, 88).
cost(10, 16, 85).
cost(10, 17, 32).
cost(10, 18, 42).
cost(10, 19, 63).
cost(10, 20, 88).
cost(10, 21, 102).
cost(10, 22, 28).
cost(10, 23, 83).
cost(10, 24, 13).
cost(11, 1, 64).
cost(11, 2, 23).
cost(11, 3, 49).
cost(11, 4, 48).
cost(11, 5, 25).
cost(11, 6, 22).
cost(11, 7, 30).
cost(11, 8, 61).
cost(11, 9, 27).
cost(11, 10, 21).
cost(11, 12, 71).
cost(11, 13, 83).
cost(11, 14, 17).
cost(11, 15, 73).
cost(11, 16, 68).
cost(11, 17, 13).
cost(11, 18, 23).
cost(11, 19, 50).
cost(11, 20, 80).
cost(11, 21, 86).
cost(11, 22, 13).
cost(11, 23, 75).
cost(11, 24, 24).
cost(12, 1, 13).
cost(12, 2, 75).
cost(12, 3, 28).
cost(12, 4, 58).
cost(12, 5, 58).
cost(12, 6, 56).
cost(12, 7, 86).
cost(12, 8, 53).
cost(12, 9, 61).
cost(12, 10, 75).
cost(12, 11, 71).
cost(12, 13, 63).
cost(12, 14, 53).
cost(12, 15, 49).
cost(12, 16, 58).
cost(12, 17, 62).
cost(12, 18, 85).
cost(12, 19, 37).
cost(12, 20, 21).
cost(12, 21, 58).
cost(12, 22, 59).
cost(12, 23, 16).
cost(12, 24, 62).
cost(13, 1, 51).
cost(13, 2, 68).
cost(13, 3, 47).
cost(13, 4, 36).
cost(13, 5, 90).
cost(13, 6, 85).
cost(13, 7, 74).
cost(13, 8, 22).
cost(13, 9, 93).
cost(13, 10, 100).
cost(13, 11, 83).
cost(13, 12, 63).
cost(13, 14, 72).
cost(13, 15, 14).
cost(13, 16, 15).
cost(13, 17, 70).
cost(13, 18, 80).
cost(13, 19, 39).
cost(13, 20, 46).
cost(13, 21, 9).
cost(13, 22, 72).
cost(13, 23, 49).
cost(13, 24, 93).
cost(14, 1, 46).
cost(14, 2, 29).
cost(14, 3, 33).
cost(14, 4, 40).
cost(14, 5, 20).
cost(14, 6, 15).
cost(14, 7, 39).
cost(14, 8, 51).
cost(14, 9, 23).
cost(14, 10, 28).
cost(14, 11, 17).
cost(14, 12, 53).
cost(14, 13, 72).
cost(14, 15, 60).
cost(14, 16, 58).
cost(14, 17, 12).
cost(14, 18, 35).
cost(14, 19, 35).
cost(14, 20, 63).
cost(14, 21, 74).
cost(14, 22, 6).
cost(14, 23, 58).
cost(14, 24, 22).
cost(15, 1, 37).
cost(15, 2, 61).
cost(15, 3, 33).
cost(15, 4, 30).
cost(15, 5, 78).
cost(15, 6, 73).
cost(15, 7, 69).
cost(15, 8, 14).
cost(15, 9, 81).
cost(15, 10, 88).
cost(15, 11, 73).
cost(15, 12, 49).
cost(15, 13, 14).
cost(15, 14, 60).
cost(15, 16, 13).
cost(15, 17, 60).
cost(15, 18, 73).
cost(15, 19, 26).
cost(15, 20, 33).
cost(15, 21, 14).
cost(15, 22, 61).
cost(15, 23, 36).
cost(15, 24, 81).
cost(16, 1, 46).
cost(16, 2, 53).
cost(16, 3, 37).
cost(16, 4, 21).
cost(16, 5, 77).
cost(16, 6, 72).
cost(16, 7, 59).
cost(16, 8, 8).
cost(16, 9, 80).
cost(16, 10, 85).
cost(16, 11, 68).
cost(16, 12, 58).
cost(16, 13, 15).
cost(16, 14, 58).
cost(16, 15, 13).
cost(16, 17, 55).
cost(16, 18, 65).
cost(16, 19, 28).
cost(16, 20, 46).
cost(16, 21, 21).
cost(16, 22, 57).
cost(16, 23, 47).
cost(16, 24, 80).
cost(17, 1, 53).
cost(17, 2, 17).
cost(17, 3, 38).
cost(17, 4, 35).
cost(17, 5, 30).
cost(17, 6, 25).
cost(17, 7, 27).
cost(17, 8, 48).
cost(17, 9, 33).
cost(17, 10, 32).
cost(17, 11, 13).
cost(17, 12, 62).
cost(17, 13, 70).
cost(17, 14, 12).
cost(17, 15, 60).
cost(17, 16, 55).
cost(17, 18, 23).
cost(17, 19, 37).
cost(17, 20, 69).
cost(17, 21, 73).
cost(17, 22, 6).
cost(17, 23, 64).
cost(17, 24, 31).
cost(18, 1, 75).
cost(18, 2, 12).
cost(18, 3, 59).
cost(18, 4, 44).
cost(18, 5, 48).
cost(18, 6, 44).
cost(18, 7, 9).
cost(18, 8, 59).
cost(18, 9, 50).
cost(18, 10, 42).
cost(18, 11, 23).
cost(18, 12, 85).
cost(18, 13, 80).
cost(18, 14, 35).
cost(18, 15, 73).
cost(18, 16, 65).
cost(18, 17, 23).
cost(18, 19, 55).
cost(18, 20, 89).
cost(18, 21, 85).
cost(18, 22, 28).
cost(18, 23, 85).
cost(18, 24, 47).
cost(19, 1, 24).
cost(19, 2, 44).
cost(19, 3, 10).
cost(19, 4, 22).
cost(19, 5, 52).
cost(19, 6, 47).
cost(19, 7, 53).
cost(19, 8, 20).
cost(19, 9, 55).
cost(19, 10, 63).
cost(19, 11, 50).
cost(19, 12, 37).
cost(19, 13, 39).
cost(19, 14, 35).
cost(19, 15, 26).
cost(19, 16, 28).
cost(19, 17, 37).
cost(19, 18, 55).
cost(19, 20, 34).
cost(19, 21, 40).
cost(19, 22, 37).
cost(19, 23, 32).
cost(19, 24, 55).
cost(20, 1, 18).
cost(20, 2, 78).
cost(20, 3, 31).
cost(20, 4, 53).
cost(20, 5, 73).
cost(20, 6, 70).
cost(20, 7, 87).
cost(20, 8, 42).
cost(20, 9, 76).
cost(20, 10, 88).
cost(20, 11, 80).
cost(20, 12, 21).
cost(20, 13, 46).
cost(20, 14, 63).
cost(20, 15, 33).
cost(20, 16, 46).
cost(20, 17, 69).
cost(20, 18, 89).
cost(20, 19, 34).
cost(20, 21, 39).
cost(20, 22, 67).
cost(20, 23, 6).
cost(20, 24, 77).
cost(21, 1, 48).
cost(21, 2, 73).
cost(21, 3, 46).
cost(21, 4, 41).
cost(21, 5, 91).
cost(21, 6, 86).
cost(21, 7, 80).
cost(21, 8, 26).
cost(21, 9, 95).
cost(21, 10, 102).
cost(21, 11, 86).
cost(21, 12, 58).
cost(21, 13, 9).
cost(21, 14, 74).
cost(21, 15, 14).
cost(21, 16, 21).
cost(21, 17, 73).
cost(21, 18, 85).
cost(21, 19, 40).
cost(21, 20, 39).
cost(21, 22, 75).
cost(21, 23, 43).
cost(21, 24, 95).
cost(22, 1, 51).
cost(22, 2, 23).
cost(22, 3, 36).
cost(22, 4, 38).
cost(22, 5, 25).
cost(22, 6, 19).
cost(22, 7, 33).
cost(22, 8, 50).
cost(22, 9, 27).
cost(22, 10, 28).
cost(22, 11, 13).
cost(22, 12, 59).
cost(22, 13, 72).
cost(22, 14, 6).
cost(22, 15, 61).
cost(22, 16, 57).
cost(22, 17, 6).
cost(22, 18, 28).
cost(22, 19, 37).
cost(22, 20, 67).
cost(22, 21, 75).
cost(22, 23, 62).
cost(22, 24, 26).
cost(23, 1, 12).
cost(23, 2, 75).
cost(23, 3, 27).
cost(23, 4, 52).
cost(23, 5, 67).
cost(23, 6, 64).
cost(23, 7, 85).
cost(23, 8, 43).
cost(23, 9, 70).
cost(23, 10, 83).
cost(23, 11, 75).
cost(23, 12, 16).
cost(23, 13, 49).
cost(23, 14, 58).
cost(23, 15, 36).
cost(23, 16, 47).
cost(23, 17, 64).
cost(23, 18, 85).
cost(23, 19, 32).
cost(23, 20, 6).
cost(23, 21, 43).
cost(23, 22, 62).
cost(23, 24, 71).
cost(24, 1, 59).
cost(24, 2, 46).
cost(24, 3, 50).
cost(24, 4, 62).
cost(24, 5, 4).
cost(24, 6, 8).
cost(24, 7, 54).
cost(24, 8, 72).
cost(24, 9, 2).
cost(24, 10, 13).
cost(24, 11, 24).
cost(24, 12, 62).
cost(24, 13, 93).
cost(24, 14, 22).
cost(24, 15, 81).
cost(24, 16, 80).
cost(24, 17, 31).
cost(24, 18, 47).
cost(24, 19, 55).
cost(24, 20, 77).
cost(24, 21, 95).
cost(24, 22, 26).
cost(24, 23, 71).
