dimension(24).
point(1, 39.5522062887, 35.6745279692).
point(2, 64.626513067, 56.6330331143).
point(3, 21.5140526615, 21.9206062759).
point(4, 81.9305516784, 67.7315126324).
point(5, 15.024500689, 51.574809266).
point(6, 82.1281430414, 52.9218894314).
point(7, 63.0016310174, 82.1870127836).
point(8, 34.028215563, 36.4740786844).
point(9, 19.6213395533, 35.5626711904).
point(10, 33.2689518689, 19.4868103504).
point(11, 43.4765181223, 84.657502434).
point(12, 36.1671530607, 44.7597080611).
point(13, 79.598875051, 92.058457114).
point(14, 52.7817286025, 41.2897833922).
point(15, 64.2092799066, 46.9124082881).
point(16, 22.5331169776, 27.3000177942).
point(17, 56.2662264657, 75.3287891076).
point(18, 67.733387489, 53.4317826064).
point(19, 51.5178367122, 64.7629646786).
point(20, 68.7746419011, 81.3510878129).
point(21, 12.4454829001, 50.9197984026).
point(22, 42.6745718375, 36.2672399013).
point(23, 33.3948629211, 92.7706723456).
point(24, 24.4253350866, 65.5513031136).
cost(1, 2, 33).
cost(1, 3, 23).
cost(1, 4, 53).
cost(1, 5, 29).
cost(1, 6, 46).
cost(1, 7, 52).
cost(1, 8, 6).
cost(1, 9, 20).
cost(1, 10, 17).
cost(1, 11, 49).
cost(1, 12, 10).
cost(1, 13, 69).
cost(1, 14, 14).
cost(1, 15, 27).
cost(1, 16, 19).
cost(1, 17, 43).
cost(1, 18, 33).
cost(1, 19, 31).
cost(1, 20, 54).
cost(1, 21, 31).
cost(1, 22, 3).
cost(1, 23, 57).
cost(1, 24, 33).
cost(2, 1, 33).
cost(2, 3, 55).
cost(2, 4, 21).
cost(2, 5, 50).
cost(2, 6, 18).
cost(2, 7, 26).
cost(2, 8, 37).
cost(2, 9, 50).
cost(2, 10, 49).
cost(2, 11, 35).
cost(2, 12, 31).
cost(2, 13, 38).
cost(2, 14, 19).
cost(2, 15, 10).
cost(2, 16, 51).
cost(2, 17, 20).
cost(2, 18, 4).
cost(2, 19, 15).
cost(2, 20, 25).
cost(2, 21, 52).
cost(2, 22, 30).
cost(2, 23, 48).
cost(2, 24, 41).
cost(3, 1, 23).
cost(3, 2, 55).
cost(3, 4, 76).
cost(3, 5, 30).
cost(3, 6, 68).
cost(3, 7, 73).
cost(3, 8, 19).
cost(3, 9, 14).
cost(3, 10, 12).
cost(3, 11, 66).
cost(3, 12, 27).
cost(3, 13, 91).
cost(3, 14, 37).
cost(3, 15, 49).
cost(3, 16, 5).
cost(3, 17, 64).
cost(3, 18, 56).
cost(3, 19, 52).
cost(3, 20, 76).
cost(3, 21, 30).
cost(3, 22, 26).
cost(3, 23, 72).
cost(3, 24, 44).
cost(4, 1, 53).
cost(4, 2, 21).
cost(4, 3, 76).
cost(4, 5, 69).
cost(4, 6, 15).
cost(4, 7, 24).
cost(4, 8, 57).
cost(4, 9, 70).
cost(4, 10, 69).
cost(4, 11, 42).
cost(4, 12, 51).
cost(4, 13, 24).
cost(4, 14, 39).
cost(4, 15, 27).
cost(4, 16, 72).
cost(4, 17, 27).
cost(4, 18, 20).
cost(4, 19, 31).
cost(4, 20, 19).
cost(4, 21, 71).
cost(4, 22, 50).
cost(4, 23, 55).
cost(4, 24, 58).
cost(5, 1, 29).
cost(5, 2, 50).
cost(5, 3, 30).
cost(5, 4, 69).
cost(5, 6, 67).
cost(5, 7, 57).
cost(5, 8, 24).
cost(5, 9, 17).
cost(5, 10, 37).
cost(5, 11, 44).
cost(5, 12, 22).
cost(5, 13, 76).
cost(5, 14, 39).
cost(5, 15, 49).
cost(5, 16, 25).
cost(5, 17, 48).
cost(5, 18, 53).
cost(5, 19, 39).
cost(5, 20, 61).
cost(5, 21, 3).
cost(5, 22, 32).
cost(5, 23, 45).
cost(5, 24, 17).
cost(6, 1, 46).
cost(6, 2, 18).
cost(6, 3, 68).
cost(6, 4, 15).
cost(6, 5, 67).
cost(6, 7, 35).
cost(6, 8, 51).
cost(6, 9, 65).
cost(6, 10, 59).
cost(6, 11, 50).
cost(6, 12, 47).
cost(6, 13, 39).
cost(6, 14, 32).
cost(6, 15, 19).
cost(6, 16, 65).
cost(6, 17, 34).
cost(6, 18, 14).
cost(6, 19, 33).
cost(6, 20, 31).
cost(6, 21, 70).
cost(6, 22, 43).
cost(6, 23, 63).
cost(6, 24, 59).
cost(7, 1, 52).
cost(7, 2, 26).
cost(7, 3, 73).
cost(7, 4, 24).
cost(7, 5, 57).
cost(7, 6, 35).
cost(7, 8, 54).
cost(7, 9, 64).
cost(7, 10, 69).
cost(7, 11, 20).
cost(7, 12, 46).
cost(7, 13, 19).
cost(7, 14, 42).
cost(7, 15, 35).
cost(7, 16, 68).
cost(7, 17, 10).
cost(7, 18, 29).
cost(7, 19, 21).
cost(7, 20, 6).
cost(7, 21, 59).
cost(7, 22, 50).
cost(7, 23, 31).
cost(7, 24, 42).
cost(8, 1, 6).
cost(8, 2, 37).
cost(8, 3, 19).
cost(8, 4, 57).
cost(8, 5, 24).
cost(8, 6, 51).
cost(8, 7, 54).
cost(8, 9, 14).
cost(8, 10, 17).
cost(8, 11, 49).
cost(8, 12, 9).
cost(8, 13, 72).
cost(8, 14, 19).
cost(8, 15, 32).
cost(8, 16, 15).
cost(8, 17, 45).
cost(8, 18, 38).
cost(8, 19, 33).
cost(8, 20, 57).
cost(8, 21, 26).
cost(8, 22, 9).
cost(8, 23, 56).
cost(8, 24, 31).
cost(9, 1, 20).
cost(9, 2, 50).
cost(9, 3, 14).
cost(9, 4, 70).
cost(9, 5, 17).
cost(9, 6, 65).
cost(9, 7, 64).
cost(9, 8, 14).
cost(9, 10, 21).
cost(9, 11, 55).
cost(9, 12, 19).
cost(9, 13, 82).
cost(9, 14, 34).
cost(9, 15, 46).
cost(9, 16, 9).
cost(9, 17, 54).
cost(9, 18, 51).
cost(9, 19, 43).
cost(9, 20, 67).
cost(9, 21, 17).
cost(9, 22, 23).
cost(9, 23, 59).
cost(9, 24, 30).
cost(10, 1, 17).
cost(10, 2, 49).
cost(10, 3, 12).
cost(10, 4, 69).
cost(10, 5, 37).
cost(10, 6, 59).
cost(10, 7, 69).
cost(10, 8, 17).
cost(10, 9, 21).
cost(10, 11, 66).
cost(10, 12, 25).
cost(10, 13, 86).
cost(10, 14, 29).
cost(10, 15, 41).
cost(10, 16, 13).
cost(10, 17, 60).
cost(10, 18, 48).
cost(10, 19, 49).
cost(10, 20, 71).
cost(10, 21, 38).
cost(10, 22, 19).
cost(10, 23, 73).
cost(10, 24, 47).
cost(11, 1, 49).
cost(11, 2, 35).
cost(11, 3, 66).
cost(11, 4, 42).
cost(11, 5, 44).
cost(11, 6, 50).
cost(11, 7, 20).
cost(11, 8, 49).
cost(11, 9, 55).
cost(11, 10, 66).
cost(11, 12, 41).
cost(11, 13, 37).
cost(11, 14, 44).
cost(11, 15, 43).
cost(11, 16, 61).
cost(11, 17, 16).
cost(11, 18, 40).
cost(11, 19, 21).
cost(11, 20, 26).
cost(11, 21, 46).
cost(11, 22, 48).
cost(11, 23, 13).
cost(11, 24, 27).
cost(12, 1, 10).
cost(12, 2, 31).
cost(12, 3, 27).
cost(12, 4, 51).
cost(12, 5, 22).
cost(12, 6, 47).
cost(12, 7, 46).
cost(12, 8, 9).
cost(12, 9, 19).
cost(12, 10, 25).
cost(12, 11, 41).
cost(12, 13, 64).
cost(12, 14, 17).
cost(12, 15, 28).
cost(12, 16, 22).
cost(12, 17, 37).
cost(12, 18, 33).
cost(12, 19, 25).
cost(12, 20, 49).
cost(12, 21, 25).
cost(12, 22, 11).
cost(12, 23, 48).
cost(12, 24, 24).
cost(13, 1, 69).
cost(13, 2, 38).
cost(13, 3, 91).
cost(13, 4, 24).
cost(13, 5, 76).
cost(13, 6, 39).
cost(13, 7, 19).
cost(13, 8, 72).
cost(13, 9, 82).
cost(13, 10, 86).
cost(13, 11, 37).
cost(13, 12, 64).
cost(13, 14, 57).
cost(13, 15, 48).
cost(13, 16, 86).
cost(13, 17, 29).
cost(13, 18, 40).
cost(13, 19, 39).
cost(13, 20, 15).
cost(13, 21, 79).
cost(13, 22, 67).
cost(13, 23, 46).
cost(13, 24, 61).
cost(14, 1, 14).
cost(14, 2, 19).
cost(14, 3, 37).
cost(14, 4, 39).
cost(14, 5, 39).
cost(14, 6, 32).
cost(14, 7, 42).
cost(14, 8, 19).
cost(14, 9, 34).
cost(14, 10, 29).
cost(14, 11, 44).
cost(14, 12, 17).
cost(14, 13, 57).
cost(14, 15, 13).
cost(14, 16, 33).
cost(14, 17, 34).
cost(14, 18, 19).
cost(14, 19, 24).
cost(14, 20, 43).
cost(14, 21, 41).
cost(14, 22, 11).
cost(14, 23, 55).
cost(14, 24, 37).
cost(15, 1, 27).
cost(15, 2, 10).
cost(15, 3, 49).
cost(15, 4, 27).
cost(15, 5, 49).
cost(15, 6, 19).
cost(15, 7, 35).
cost(15, 8, 32).
cost(15, 9, 46).
cost(15, 10, 41).
cost(15, 11, 43).
cost(15, 12, 28).
cost(15, 13, 48).
cost(15, 14, 13).
cost(15, 16, 46).
cost(15, 17, 30).
cost(15, 18, 7).
cost(15, 19, 22).
cost(15, 20, 35).
cost(15, 21, 52).
cost(15, 22, 24).
cost(15, 23, 55).
cost(15, 24, 44).
cost(16, 1, 19).
cost(16, 2, 51).
cost(16, 3, 5).
cost(16, 4, 72).
cost(16, 5, 25).
cost(16, 6, 65).
cost(16, 7, 68).
cost(16, 8, 15).
cost(16, 9, 9).
cost(16, 10, 13).
cost(16, 11, 61).
cost(16, 12, 22).
cost(16, 13, 86).
cost(16, 14, 33).
cost(16, 15, 46).
cost(16, 17, 59).
cost(16, 18, 52).
cost(16, 19, 47).
cost(16, 20, 71).
cost(16, 21, 26).
cost(16, 22, 22).
cost(16, 23, 66).
cost(16, 24, 38).
cost(17, 1, 43).
cost(17, 2, 20).
cost(17, 3, 64).
cost(17, 4, 27).
cost(17, 5, 48).
cost(17, 6, 34).
cost(17, 7, 10).
cost(17, 8, 45).
cost(17, 9, 54).
cost(17, 10, 60).
cost(17, 11, 16).
cost(17, 12, 37).
cost(17, 13, 29).
cost(17, 14, 34).
cost(17, 15, 30).
cost(17, 16, 59).
cost(17, 18, 25).
cost(17, 19, 12).
cost(17, 20, 14).
cost(17, 21, 50).
cost(17, 22, 41).
cost(17, 23, 29).
cost(17, 24, 33).
cost(18, 1, 33).
cost(18, 2, 4).
cost(18, 3, 56).
cost(18, 4, 20).
cost(18, 5, 53).
cost(18, 6, 14).
cost(18, 7, 29).
cost(18, 8, 38).
cost(18, 9, 51).
cost(18, 10, 48).
cost(18, 11, 40).
cost(18, 12, 33).
cost(18, 13, 40).
cost(18, 14, 19).
cost(18, 15, 7).
cost(18, 16, 52).
cost(18, 17, 25).
cost(18, 19, 20).
cost(18, 20, 28).
cost(18, 21, 55).
cost(18, 22, 30).
cost(18, 23, 52).
cost(18, 24, 45).
cost(19, 1, 31).
cost(19, 2, 15).
cost(19, 3, 52).
cost(19, 4, 31).
cost(19, 5, 39).
cost(19, 6, 33).
cost(19, 7, 21).
cost(19, 8, 33).
cost(19, 9, 43).
cost(19, 10, 49).
cost(19, 11, 21).
cost(19, 12, 25).
cost(19, 13, 39).
cost(19, 14, 24).
cost(19, 15, 22).
cost(19, 16, 47).
cost(19, 17, 12).
cost(19, 18, 20).
cost(19, 20, 24).
cost(19, 21, 41).
cost(19, 22, 30).
cost(19, 23, 33).
cost(19, 24, 27).
cost(20, 1, 54).
cost(20, 2, 25).
cost(20, 3, 76).
cost(20, 4, 19).
cost(20, 5, 61).
cost(20, 6, 31).
cost(20, 7, 6).
cost(20, 8, 57).
cost(20, 9, 67).
cost(20, 10, 71).
cost(20, 11, 26).
cost(20, 12, 49).
cost(20, 13, 15).
cost(20, 14, 43).
cost(20, 15, 35).
cost(20, 16, 71).
cost(20, 17, 14).
cost(20, 18, 28).
cost(20, 19, 24).
cost(20, 21, 64).
cost(20, 22, 52).
cost(20, 23, 37).
cost(20, 24, 47).
cost(21, 1, 31).
cost(21, 2, 52).
cost(21, 3, 30).
cost(21, 4, 71).
cost(21, 5, 3).
cost(21, 6, 70).
cost(21, 7, 59).
cost(21, 8, 26).
cost(21, 9, 17).
cost(21, 10, 38).
cost(21, 11, 46).
cost(21, 12, 25).
cost(21, 13, 79).
cost(21, 14, 41).
cost(21, 15, 52).
cost(21, 16, 26).
cost(21, 17, 50).
cost(21, 18, 55).
cost(21, 19, 41).
cost(21, 20, 64).
cost(21, 22, 34).
cost(21, 23, 47).
cost(21, 24, 19).
cost(22, 1, 3).
cost(22, 2, 30).
cost(22, 3, 26).
cost(22, 4, 50).
cost(22, 5, 32).
cost(22, 6, 43).
cost(22, 7, 50).
cost(22, 8, 9).
cost(22, 9, 23).
cost(22, 10, 19).
cost(22, 11, 48).
cost(22, 12, 11).
cost(22, 13, 67).
cost(22, 14, 11).
cost(22, 15, 24).
cost(22, 16, 22).
cost(22, 17, 41).
cost(22, 18, 30).
cost(22, 19, 30).
cost(22, 20, 52).
cost(22, 21, 34).
cost(22, 23, 57).
cost(22, 24, 35).
cost(23, 1, 57).
cost(23, 2, 48).
cost(23, 3, 72).
cost(23, 4, 55).
cost(23, 5, 45).
cost(23, 6, 63).
cost(23, 7, 31).
cost(23, 8, 56).
cost(23, 9, 59).
cost(23, 10, 73).
cost(23, 11, 13).
cost(23, 12, 48).
cost(23, 13, 46).
cost(23, 14, 55).
cost(23, 15, 55).
cost(23, 16, 66).
cost(23, 17, 29).
cost(23, 18, 52).
cost(23, 19, 33).
cost(23, 20, 37).
cost(23, 21, 47).
cost(23, 22, 57).
cost(23, 24, 29).
cost(24, 1, 33).
cost(24, 2, 41).
cost(24, 3, 44).
cost(24, 4, 58).
cost(24, 5, 17).
cost(24, 6, 59).
cost(24, 7, 42).
cost(24, 8, 31).
cost(24, 9, 30).
cost(24, 10, 47).
cost(24, 11, 27).
cost(24, 12, 24).
cost(24, 13, 61).
cost(24, 14, 37).
cost(24, 15, 44).
cost(24, 16, 38).
cost(24, 17, 33).
cost(24, 18, 45).
cost(24, 19, 27).
cost(24, 20, 47).
cost(24, 21, 19).
cost(24, 22, 35).
cost(24, 23, 29).
