dimension(24).
point(1, 91.4617643833, 56.1959330125).
point(2, 44.7012989089, 5.8361510736).
point(3, 61.1485811817, 94.9064808618).
point(4, 62.0620653901, 98.5508208518).
point(5, 96.8131032383, 42.249762032).
point(6, 98.9352731777, 83.3303580477).
point(7, 7.5656280865, 23.8528948726).
point(8, 6.4993148007, 32.9010435553).
point(9, 58.702214509, 89.4065255075).
point(10, 31.4932912362, 14.2714117616).
point(11, 80.8362443688, 69.7706816429).
point(12, 81.6158882225, 62.8111116161).
point(13, 0.335769886, 25.5168966981).
point(14, 84.0754461464, 93.9047272355).
point(15, 15.3446157314, 40.9367041449).
point(16, 30.2419207431, 17.6308243868).
point(17, 24.0375030168, 44.5820179458).
point(18, 6.6662119983, 3.2069302405).
point(19, 21.1855333143, 30.0503308936).
point(20, 86.4597034658, 63.8605733856).
point(21, 69.4551753206, 85.7017442277).
point(22, 2.416098561, 29.9548560524).
point(23, 60.0851937069, 74.1972033103).
point(24, 5.0627205218, 43.9850942083).
cost(1, 2, 69).
cost(1, 3, 49).
cost(1, 4, 52).
cost(1, 5, 15).
cost(1, 6, 28).
cost(1, 7, 90).
cost(1, 8, 88).
cost(1, 9, 47).
cost(1, 10, 73).
cost(1, 11, 17).
cost(1, 12, 12).
cost(1, 13, 96).
cost(1, 14, 38).
cost(1, 15, 78).
cost(1, 16, 72).
cost(1, 17, 68).
cost(1, 18, 100).
cost(1, 19, 75).
cost(1, 20, 9).
cost(1, 21, 37).
cost(1, 22, 93).
cost(1, 23, 36).
cost(1, 24, 87).
cost(2, 1, 69).
cost(2, 3, 91).
cost(2, 4, 94).
cost(2, 5, 64).
cost(2, 6, 95).
cost(2, 7, 41).
cost(2, 8, 47).
cost(2, 9, 85).
cost(2, 10, 16).
cost(2, 11, 73).
cost(2, 12, 68).
cost(2, 13, 49).
cost(2, 14, 96).
cost(2, 15, 46).
cost(2, 16, 19).
cost(2, 17, 44).
cost(2, 18, 38).
cost(2, 19, 34).
cost(2, 20, 71).
cost(2, 21, 84).
cost(2, 22, 49).
cost(2, 23, 70).
cost(2, 24, 55).
cost(3, 1, 49).
cost(3, 2, 91).
cost(3, 4, 4).
cost(3, 5, 64).
cost(3, 6, 40).
cost(3, 7, 89).
cost(3, 8, 83).
cost(3, 9, 6).
cost(3, 10, 86).
cost(3, 11, 32).
cost(3, 12, 38).
cost(3, 13, 92).
cost(3, 14, 23).
cost(3, 15, 71).
cost(3, 16, 83).
cost(3, 17, 63).
cost(3, 18, 107).
cost(3, 19, 76).
cost(3, 20, 40).
cost(3, 21, 12).
cost(3, 22, 88).
cost(3, 23, 21).
cost(3, 24, 76).
cost(4, 1, 52).
cost(4, 2, 94).
cost(4, 3, 4).
cost(4, 5, 66).
cost(4, 6, 40).
cost(4, 7, 92).
cost(4, 8, 86).
cost(4, 9, 10).
cost(4, 10, 90).
cost(4, 11, 34).
cost(4, 12, 41).
cost(4, 13, 96).
cost(4, 14, 22).
cost(4, 15, 74).
cost(4, 16, 87).
cost(4, 17, 66).
cost(4, 18, 110).
cost(4, 19, 80).
cost(4, 20, 42).
cost(4, 21, 15).
cost(4, 22, 91).
cost(4, 23, 24).
cost(4, 24, 79).
cost(5, 1, 15).
cost(5, 2, 64).
cost(5, 3, 64).
cost(5, 4, 66).
cost(5, 6, 41).
cost(5, 7, 91).
cost(5, 8, 91).
cost(5, 9, 61).
cost(5, 10, 71).
cost(5, 11, 32).
cost(5, 12, 26).
cost(5, 13, 98).
cost(5, 14, 53).
cost(5, 15, 81).
cost(5, 16, 71).
cost(5, 17, 73).
cost(5, 18, 98).
cost(5, 19, 77).
cost(5, 20, 24).
cost(5, 21, 51).
cost(5, 22, 95).
cost(5, 23, 49).
cost(5, 24, 92).
cost(6, 1, 28).
cost(6, 2, 95).
cost(6, 3, 40).
cost(6, 4, 40).
cost(6, 5, 41).
cost(6, 7, 109).
cost(6, 8, 105).
cost(6, 9, 41).
cost(6, 10, 97).
cost(6, 11, 23).
cost(6, 12, 27).
cost(6, 13, 114).
cost(6, 14, 18).
cost(6, 15, 94).
cost(6, 16, 95).
cost(6, 17, 84).
cost(6, 18, 122).
cost(6, 19, 94).
cost(6, 20, 23).
cost(6, 21, 30).
cost(6, 22, 110).
cost(6, 23, 40).
cost(6, 24, 102).
cost(7, 1, 90).
cost(7, 2, 41).
cost(7, 3, 89).
cost(7, 4, 92).
cost(7, 5, 91).
cost(7, 6, 109).
cost(7, 8, 9).
cost(7, 9, 83).
cost(7, 10, 26).
cost(7, 11, 86).
cost(7, 12, 84).
cost(7, 13, 7).
cost(7, 14, 104).
cost(7, 15, 19).
cost(7, 16, 24).
cost(7, 17, 26).
cost(7, 18, 21).
cost(7, 19, 15).
cost(7, 20, 88).
cost(7, 21, 87).
cost(7, 22, 8).
cost(7, 23, 73).
cost(7, 24, 20).
cost(8, 1, 88).
cost(8, 2, 47).
cost(8, 3, 83).
cost(8, 4, 86).
cost(8, 5, 91).
cost(8, 6, 105).
cost(8, 7, 9).
cost(8, 9, 77).
cost(8, 10, 31).
cost(8, 11, 83).
cost(8, 12, 81).
cost(8, 13, 10).
cost(8, 14, 99).
cost(8, 15, 12).
cost(8, 16, 28).
cost(8, 17, 21).
cost(8, 18, 30).
cost(8, 19, 15).
cost(8, 20, 86).
cost(8, 21, 82).
cost(8, 22, 5).
cost(8, 23, 68).
cost(8, 24, 11).
cost(9, 1, 47).
cost(9, 2, 85).
cost(9, 3, 6).
cost(9, 4, 10).
cost(9, 5, 61).
cost(9, 6, 41).
cost(9, 7, 83).
cost(9, 8, 77).
cost(9, 10, 80).
cost(9, 11, 30).
cost(9, 12, 35).
cost(9, 13, 87).
cost(9, 14, 26).
cost(9, 15, 65).
cost(9, 16, 77).
cost(9, 17, 57).
cost(9, 18, 101).
cost(9, 19, 70).
cost(9, 20, 38).
cost(9, 21, 11).
cost(9, 22, 82).
cost(9, 23, 15).
cost(9, 24, 70).
cost(10, 1, 73).
cost(10, 2, 16).
cost(10, 3, 86).
cost(10, 4, 90).
cost(10, 5, 71).
cost(10, 6, 97).
cost(10, 7, 26).
cost(10, 8, 31).
cost(10, 9, 80).
cost(10, 11, 74).
cost(10, 12, 70).
cost(10, 13, 33).
cost(10, 14, 95).
cost(10, 15, 31).
cost(10, 16, 4).
cost(10, 17, 31).
cost(10, 18, 27).
cost(10, 19, 19).
cost(10, 20, 74).
cost(10, 21, 81).
cost(10, 22, 33).
cost(10, 23, 66).
cost(10, 24, 40).
cost(11, 1, 17).
cost(11, 2, 73).
cost(11, 3, 32).
cost(11, 4, 34).
cost(11, 5, 32).
cost(11, 6, 23).
cost(11, 7, 86).
cost(11, 8, 83).
cost(11, 9, 30).
cost(11, 10, 74).
cost(11, 12, 7).
cost(11, 13, 92).
cost(11, 14, 24).
cost(11, 15, 72).
cost(11, 16, 73).
cost(11, 17, 62).
cost(11, 18, 100).
cost(11, 19, 72).
cost(11, 20, 8).
cost(11, 21, 20).
cost(11, 22, 88).
cost(11, 23, 21).
cost(11, 24, 80).
cost(12, 1, 12).
cost(12, 2, 68).
cost(12, 3, 38).
cost(12, 4, 41).
cost(12, 5, 26).
cost(12, 6, 27).
cost(12, 7, 84).
cost(12, 8, 81).
cost(12, 9, 35).
cost(12, 10, 70).
cost(12, 11, 7).
cost(12, 13, 89).
cost(12, 14, 31).
cost(12, 15, 70).
cost(12, 16, 68).
cost(12, 17, 60).
cost(12, 18, 96).
cost(12, 19, 69).
cost(12, 20, 5).
cost(12, 21, 26).
cost(12, 22, 86).
cost(12, 23, 24).
cost(12, 24, 79).
cost(13, 1, 96).
cost(13, 2, 49).
cost(13, 3, 92).
cost(13, 4, 96).
cost(13, 5, 98).
cost(13, 6, 114).
cost(13, 7, 7).
cost(13, 8, 10).
cost(13, 9, 87).
cost(13, 10, 33).
cost(13, 11, 92).
cost(13, 12, 89).
cost(13, 14, 108).
cost(13, 15, 22).
cost(13, 16, 31).
cost(13, 17, 30).
cost(13, 18, 23).
cost(13, 19, 21).
cost(13, 20, 94).
cost(13, 21, 92).
cost(13, 22, 5).
cost(13, 23, 77).
cost(13, 24, 19).
cost(14, 1, 38).
cost(14, 2, 96).
cost(14, 3, 23).
cost(14, 4, 22).
cost(14, 5, 53).
cost(14, 6, 18).
cost(14, 7, 104).
cost(14, 8, 99).
cost(14, 9, 26).
cost(14, 10, 95).
cost(14, 11, 24).
cost(14, 12, 31).
cost(14, 13, 108).
cost(14, 15, 87).
cost(14, 16, 93).
cost(14, 17, 78).
cost(14, 18, 119).
cost(14, 19, 90).
cost(14, 20, 30).
cost(14, 21, 17).
cost(14, 22, 104).
cost(14, 23, 31).
cost(14, 24, 93).
cost(15, 1, 78).
cost(15, 2, 46).
cost(15, 3, 71).
cost(15, 4, 74).
cost(15, 5, 81).
cost(15, 6, 94).
cost(15, 7, 19).
cost(15, 8, 12).
cost(15, 9, 65).
cost(15, 10, 31).
cost(15, 11, 72).
cost(15, 12, 70).
cost(15, 13, 22).
cost(15, 14, 87).
cost(15, 16, 28).
cost(15, 17, 9).
cost(15, 18, 39).
cost(15, 19, 12).
cost(15, 20, 75).
cost(15, 21, 70).
cost(15, 22, 17).
cost(15, 23, 56).
cost(15, 24, 11).
cost(16, 1, 72).
cost(16, 2, 19).
cost(16, 3, 83).
cost(16, 4, 87).
cost(16, 5, 71).
cost(16, 6, 95).
cost(16, 7, 24).
cost(16, 8, 28).
cost(16, 9, 77).
cost(16, 10, 4).
cost(16, 11, 73).
cost(16, 12, 68).
cost(16, 13, 31).
cost(16, 14, 93).
cost(16, 15, 28).
cost(16, 17, 28).
cost(16, 18, 28).
cost(16, 19, 15).
cost(16, 20, 73).
cost(16, 21, 79).
cost(16, 22, 30).
cost(16, 23, 64).
cost(16, 24, 36).
cost(17, 1, 68).
cost(17, 2, 44).
cost(17, 3, 63).
cost(17, 4, 66).
cost(17, 5, 73).
cost(17, 6, 84).
cost(17, 7, 26).
cost(17, 8, 21).
cost(17, 9, 57).
cost(17, 10, 31).
cost(17, 11, 62).
cost(17, 12, 60).
cost(17, 13, 30).
cost(17, 14, 78).
cost(17, 15, 9).
cost(17, 16, 28).
cost(17, 18, 45).
cost(17, 19, 15).
cost(17, 20, 65).
cost(17, 21, 61).
cost(17, 22, 26).
cost(17, 23, 47).
cost(17, 24, 19).
cost(18, 1, 100).
cost(18, 2, 38).
cost(18, 3, 107).
cost(18, 4, 110).
cost(18, 5, 98).
cost(18, 6, 122).
cost(18, 7, 21).
cost(18, 8, 30).
cost(18, 9, 101).
cost(18, 10, 27).
cost(18, 11, 100).
cost(18, 12, 96).
cost(18, 13, 23).
cost(18, 14, 119).
cost(18, 15, 39).
cost(18, 16, 28).
cost(18, 17, 45).
cost(18, 19, 31).
cost(18, 20, 100).
cost(18, 21, 104).
cost(18, 22, 27).
cost(18, 23, 89).
cost(18, 24, 41).
cost(19, 1, 75).
cost(19, 2, 34).
cost(19, 3, 76).
cost(19, 4, 80).
cost(19, 5, 77).
cost(19, 6, 94).
cost(19, 7, 15).
cost(19, 8, 15).
cost(19, 9, 70).
cost(19, 10, 19).
cost(19, 11, 72).
cost(19, 12, 69).
cost(19, 13, 21).
cost(19, 14, 90).
cost(19, 15, 12).
cost(19, 16, 15).
cost(19, 17, 15).
cost(19, 18, 31).
cost(19, 20, 74).
cost(19, 21, 74).
cost(19, 22, 19).
cost(19, 23, 59).
cost(19, 24, 21).
cost(20, 1, 9).
cost(20, 2, 71).
cost(20, 3, 40).
cost(20, 4, 42).
cost(20, 5, 24).
cost(20, 6, 23).
cost(20, 7, 88).
cost(20, 8, 86).
cost(20, 9, 38).
cost(20, 10, 74).
cost(20, 11, 8).
cost(20, 12, 5).
cost(20, 13, 94).
cost(20, 14, 30).
cost(20, 15, 75).
cost(20, 16, 73).
cost(20, 17, 65).
cost(20, 18, 100).
cost(20, 19, 74).
cost(20, 21, 28).
cost(20, 22, 91).
cost(20, 23, 28).
cost(20, 24, 84).
cost(21, 1, 37).
cost(21, 2, 84).
cost(21, 3, 12).
cost(21, 4, 15).
cost(21, 5, 51).
cost(21, 6, 30).
cost(21, 7, 87).
cost(21, 8, 82).
cost(21, 9, 11).
cost(21, 10, 81).
cost(21, 11, 20).
cost(21, 12, 26).
cost(21, 13, 92).
cost(21, 14, 17).
cost(21, 15, 70).
cost(21, 16, 79).
cost(21, 17, 61).
cost(21, 18, 104).
cost(21, 19, 74).
cost(21, 20, 28).
cost(21, 22, 87).
cost(21, 23, 15).
cost(21, 24, 77).
cost(22, 1, 93).
cost(22, 2, 49).
cost(22, 3, 88).
cost(22, 4, 91).
cost(22, 5, 95).
cost(22, 6, 110).
cost(22, 7, 8).
cost(22, 8, 5).
cost(22, 9, 82).
cost(22, 10, 33).
cost(22, 11, 88).
cost(22, 12, 86).
cost(22, 13, 5).
cost(22, 14, 104).
cost(22, 15, 17).
cost(22, 16, 30).
cost(22, 17, 26).
cost(22, 18, 27).
cost(22, 19, 19).
cost(22, 20, 91).
cost(22, 21, 87).
cost(22, 23, 73).
cost(22, 24, 14).
cost(23, 1, 36).
cost(23, 2, 70).
cost(23, 3, 21).
cost(23, 4, 24).
cost(23, 5, 49).
cost(23, 6, 40).
cost(23, 7, 73).
cost(23, 8, 68).
cost(23, 9, 15).
cost(23, 10, 66).
cost(23, 11, 21).
cost(23, 12, 24).
cost(23, 13, 77).
cost(23, 14, 31).
cost(23, 15, 56).
cost(23, 16, 64).
cost(23, 17, 47).
cost(23, 18, 89).
cost(23, 19, 59).
cost(23, 20, 28).
cost(23, 21, 15).
cost(23, 22, 73).
cost(23, 24, 63).
cost(24, 1, 87).
cost(24, 2, 55).
cost(24, 3, 76).
cost(24, 4, 79).
cost(24, 5, 92).
cost(24, 6, 102).
cost(24, 7, 20).
cost(24, 8, 11).
cost(24, 9, 70).
cost(24, 10, 40).
cost(24, 11, 80).
cost(24, 12, 79).
cost(24, 13, 19).
cost(24, 14, 93).
cost(24, 15, 11).
cost(24, 16, 36).
cost(24, 17, 19).
cost(24, 18, 41).
cost(24, 19, 21).
cost(24, 20, 84).
cost(24, 21, 77).
cost(24, 22, 14).
cost(24, 23, 63).
