dimension(24).
point(1, 49.6380844881, 33.02037802).
point(2, 20.7914312571, 44.9150947737).
point(3, 28.1660028342, 37.7150616815).
point(4, 71.3355155384, 83.3796061827).
point(5, 61.2164078179, 5.9704600849).
point(6, 52.6135108138, 73.3705891902).
point(7, 86.5919613429, 65.1014779905).
point(8, 68.7745580839, 16.1246719666).
point(9, 58.9138004673, 18.3110579992).
point(10, 86.1113334828, 50.7720782548).
point(11, 77.9556942672, 42.8683615529).
point(12, 70.6047425961, 79.6073450566).
point(13, 33.6922708595, 17.1863692811).
point(14, 43.9306062493, 86.6147651028).
point(15, 78.6795064249, 82.7468630335).
point(16, 15.7767411436, 15.169519513).
point(17, 57.7434992529, 76.2466699965).
point(18, 46.3896206513, 5.2902402489).
point(19, 64.887418142, 16.7040795555).
point(20, 63.5182106634, 63.4705012363).
point(21, 61.0262959935, 76.3439376766).
point(22, 24.1564687137, 38.9912490049).
point(23, 16.0610791108, 9.1292620179).
point(24, 72.4202801458, 46.9674070519).
cost(1, 2, 31).
cost(1, 3, 22).
cost(1, 4, 55).
cost(1, 5, 29).
cost(1, 6, 40).
cost(1, 7, 49).
cost(1, 8, 26).
cost(1, 9, 17).
cost(1, 10, 41).
cost(1, 11, 30).
cost(1, 12, 51).
cost(1, 13, 22).
cost(1, 14, 54).
cost(1, 15, 58).
cost(1, 16, 38).
cost(1, 17, 44).
cost(1, 18, 28).
cost(1, 19, 22).
cost(1, 20, 33).
cost(1, 21, 45).
cost(1, 22, 26).
cost(1, 23, 41).
cost(1, 24, 27).
cost(2, 1, 31).
cost(2, 3, 10).
cost(2, 4, 64).
cost(2, 5, 56).
cost(2, 6, 43).
cost(2, 7, 69).
cost(2, 8, 56).
cost(2, 9, 46).
cost(2, 10, 66).
cost(2, 11, 57).
cost(2, 12, 61).
cost(2, 13, 31).
cost(2, 14, 48).
cost(2, 15, 69).
cost(2, 16, 30).
cost(2, 17, 48).
cost(2, 18, 47).
cost(2, 19, 52).
cost(2, 20, 47).
cost(2, 21, 51).
cost(2, 22, 7).
cost(2, 23, 36).
cost(2, 24, 52).
cost(3, 1, 22).
cost(3, 2, 10).
cost(3, 4, 63).
cost(3, 5, 46).
cost(3, 6, 43).
cost(3, 7, 65).
cost(3, 8, 46).
cost(3, 9, 36).
cost(3, 10, 59).
cost(3, 11, 50).
cost(3, 12, 60).
cost(3, 13, 21).
cost(3, 14, 51).
cost(3, 15, 68).
cost(3, 16, 26).
cost(3, 17, 49).
cost(3, 18, 37).
cost(3, 19, 42).
cost(3, 20, 44).
cost(3, 21, 51).
cost(3, 22, 4).
cost(3, 23, 31).
cost(3, 24, 45).
cost(4, 1, 55).
cost(4, 2, 64).
cost(4, 3, 63).
cost(4, 5, 78).
cost(4, 6, 21).
cost(4, 7, 24).
cost(4, 8, 67).
cost(4, 9, 66).
cost(4, 10, 36).
cost(4, 11, 41).
cost(4, 12, 4).
cost(4, 13, 76).
cost(4, 14, 28).
cost(4, 15, 7).
cost(4, 16, 88).
cost(4, 17, 15).
cost(4, 18, 82).
cost(4, 19, 67).
cost(4, 20, 21).
cost(4, 21, 12).
cost(4, 22, 65).
cost(4, 23, 93).
cost(4, 24, 36).
cost(5, 1, 29).
cost(5, 2, 56).
cost(5, 3, 46).
cost(5, 4, 78).
cost(5, 6, 68).
cost(5, 7, 64).
cost(5, 8, 13).
cost(5, 9, 13).
cost(5, 10, 51).
cost(5, 11, 41).
cost(5, 12, 74).
cost(5, 13, 30).
cost(5, 14, 82).
cost(5, 15, 79).
cost(5, 16, 46).
cost(5, 17, 70).
cost(5, 18, 15).
cost(5, 19, 11).
cost(5, 20, 58).
cost(5, 21, 70).
cost(5, 22, 50).
cost(5, 23, 45).
cost(5, 24, 43).
cost(6, 1, 40).
cost(6, 2, 43).
cost(6, 3, 43).
cost(6, 4, 21).
cost(6, 5, 68).
cost(6, 7, 35).
cost(6, 8, 59).
cost(6, 9, 55).
cost(6, 10, 40).
cost(6, 11, 40).
cost(6, 12, 19).
cost(6, 13, 59).
cost(6, 14, 16).
cost(6, 15, 28).
cost(6, 16, 69).
cost(6, 17, 6).
cost(6, 18, 68).
cost(6, 19, 58).
cost(6, 20, 15).
cost(6, 21, 9).
cost(6, 22, 45).
cost(6, 23, 74).
cost(6, 24, 33).
cost(7, 1, 49).
cost(7, 2, 69).
cost(7, 3, 65).
cost(7, 4, 24).
cost(7, 5, 64).
cost(7, 6, 35).
cost(7, 8, 52).
cost(7, 9, 54).
cost(7, 10, 14).
cost(7, 11, 24).
cost(7, 12, 22).
cost(7, 13, 71).
cost(7, 14, 48).
cost(7, 15, 19).
cost(7, 16, 87).
cost(7, 17, 31).
cost(7, 18, 72).
cost(7, 19, 53).
cost(7, 20, 23).
cost(7, 21, 28).
cost(7, 22, 68).
cost(7, 23, 90).
cost(7, 24, 23).
cost(8, 1, 26).
cost(8, 2, 56).
cost(8, 3, 46).
cost(8, 4, 67).
cost(8, 5, 13).
cost(8, 6, 59).
cost(8, 7, 52).
cost(8, 9, 10).
cost(8, 10, 39).
cost(8, 11, 28).
cost(8, 12, 64).
cost(8, 13, 35).
cost(8, 14, 75).
cost(8, 15, 67).
cost(8, 16, 53).
cost(8, 17, 61).
cost(8, 18, 25).
cost(8, 19, 4).
cost(8, 20, 48).
cost(8, 21, 61).
cost(8, 22, 50).
cost(8, 23, 53).
cost(8, 24, 31).
cost(9, 1, 17).
cost(9, 2, 46).
cost(9, 3, 36).
cost(9, 4, 66).
cost(9, 5, 13).
cost(9, 6, 55).
cost(9, 7, 54).
cost(9, 8, 10).
cost(9, 10, 42).
cost(9, 11, 31).
cost(9, 12, 62).
cost(9, 13, 25).
cost(9, 14, 70).
cost(9, 15, 67).
cost(9, 16, 43).
cost(9, 17, 58).
cost(9, 18, 18).
cost(9, 19, 6).
cost(9, 20, 45).
cost(9, 21, 58).
cost(9, 22, 40).
cost(9, 23, 44).
cost(9, 24, 32).
cost(10, 1, 41).
cost(10, 2, 66).
cost(10, 3, 59).
cost(10, 4, 36).
cost(10, 5, 51).
cost(10, 6, 40).
cost(10, 7, 14).
cost(10, 8, 39).
cost(10, 9, 42).
cost(10, 11, 11).
cost(10, 12, 33).
cost(10, 13, 62).
cost(10, 14, 55).
cost(10, 15, 33).
cost(10, 16, 79).
cost(10, 17, 38).
cost(10, 18, 60).
cost(10, 19, 40).
cost(10, 20, 26).
cost(10, 21, 36).
cost(10, 22, 63).
cost(10, 23, 81).
cost(10, 24, 14).
cost(11, 1, 30).
cost(11, 2, 57).
cost(11, 3, 50).
cost(11, 4, 41).
cost(11, 5, 41).
cost(11, 6, 40).
cost(11, 7, 24).
cost(11, 8, 28).
cost(11, 9, 31).
cost(11, 10, 11).
cost(11, 12, 37).
cost(11, 13, 51).
cost(11, 14, 55).
cost(11, 15, 40).
cost(11, 16, 68).
cost(11, 17, 39).
cost(11, 18, 49).
cost(11, 19, 29).
cost(11, 20, 25).
cost(11, 21, 38).
cost(11, 22, 54).
cost(11, 23, 70).
cost(11, 24, 7).
cost(12, 1, 51).
cost(12, 2, 61).
cost(12, 3, 60).
cost(12, 4, 4).
cost(12, 5, 74).
cost(12, 6, 19).
cost(12, 7, 22).
cost(12, 8, 64).
cost(12, 9, 62).
cost(12, 10, 33).
cost(12, 11, 37).
cost(12, 13, 73).
cost(12, 14, 28).
cost(12, 15, 9).
cost(12, 16, 85).
cost(12, 17, 13).
cost(12, 18, 78).
cost(12, 19, 63).
cost(12, 20, 18).
cost(12, 21, 10).
cost(12, 22, 62).
cost(12, 23, 89).
cost(12, 24, 33).
cost(13, 1, 22).
cost(13, 2, 31).
cost(13, 3, 21).
cost(13, 4, 76).
cost(13, 5, 30).
cost(13, 6, 59).
cost(13, 7, 71).
cost(13, 8, 35).
cost(13, 9, 25).
cost(13, 10, 62).
cost(13, 11, 51).
cost(13, 12, 73).
cost(13, 14, 70).
cost(13, 15, 80).
cost(13, 16, 18).
cost(13, 17, 64).
cost(13, 18, 17).
cost(13, 19, 31).
cost(13, 20, 55).
cost(13, 21, 65).
cost(13, 22, 24).
cost(13, 23, 19).
cost(13, 24, 49).
cost(14, 1, 54).
cost(14, 2, 48).
cost(14, 3, 51).
cost(14, 4, 28).
cost(14, 5, 82).
cost(14, 6, 16).
cost(14, 7, 48).
cost(14, 8, 75).
cost(14, 9, 70).
cost(14, 10, 55).
cost(14, 11, 55).
cost(14, 12, 28).
cost(14, 13, 70).
cost(14, 15, 35).
cost(14, 16, 77).
cost(14, 17, 17).
cost(14, 18, 81).
cost(14, 19, 73).
cost(14, 20, 30).
cost(14, 21, 20).
cost(14, 22, 52).
cost(14, 23, 82).
cost(14, 24, 49).
cost(15, 1, 58).
cost(15, 2, 69).
cost(15, 3, 68).
cost(15, 4, 7).
cost(15, 5, 79).
cost(15, 6, 28).
cost(15, 7, 19).
cost(15, 8, 67).
cost(15, 9, 67).
cost(15, 10, 33).
cost(15, 11, 40).
cost(15, 12, 9).
cost(15, 13, 80).
cost(15, 14, 35).
cost(15, 16, 92).
cost(15, 17, 22).
cost(15, 18, 84).
cost(15, 19, 67).
cost(15, 20, 25).
cost(15, 21, 19).
cost(15, 22, 70).
cost(15, 23, 97).
cost(15, 24, 36).
cost(16, 1, 38).
cost(16, 2, 30).
cost(16, 3, 26).
cost(16, 4, 88).
cost(16, 5, 46).
cost(16, 6, 69).
cost(16, 7, 87).
cost(16, 8, 53).
cost(16, 9, 43).
cost(16, 10, 79).
cost(16, 11, 68).
cost(16, 12, 85).
cost(16, 13, 18).
cost(16, 14, 77).
cost(16, 15, 92).
cost(16, 17, 74).
cost(16, 18, 32).
cost(16, 19, 49).
cost(16, 20, 68).
cost(16, 21, 76).
cost(16, 22, 25).
cost(16, 23, 6).
cost(16, 24, 65).
cost(17, 1, 44).
cost(17, 2, 48).
cost(17, 3, 49).
cost(17, 4, 15).
cost(17, 5, 70).
cost(17, 6, 6).
cost(17, 7, 31).
cost(17, 8, 61).
cost(17, 9, 58).
cost(17, 10, 38).
cost(17, 11, 39).
cost(17, 12, 13).
cost(17, 13, 64).
cost(17, 14, 17).
cost(17, 15, 22).
cost(17, 16, 74).
cost(17, 18, 72).
cost(17, 19, 60).
cost(17, 20, 14).
cost(17, 21, 3).
cost(17, 22, 50).
cost(17, 23, 79).
cost(17, 24, 33).
cost(18, 1, 28).
cost(18, 2, 47).
cost(18, 3, 37).
cost(18, 4, 82).
cost(18, 5, 15).
cost(18, 6, 68).
cost(18, 7, 72).
cost(18, 8, 25).
cost(18, 9, 18).
cost(18, 10, 60).
cost(18, 11, 49).
cost(18, 12, 78).
cost(18, 13, 17).
cost(18, 14, 81).
cost(18, 15, 84).
cost(18, 16, 32).
cost(18, 17, 72).
cost(18, 19, 22).
cost(18, 20, 61).
cost(18, 21, 73).
cost(18, 22, 40).
cost(18, 23, 31).
cost(18, 24, 49).
cost(19, 1, 22).
cost(19, 2, 52).
cost(19, 3, 42).
cost(19, 4, 67).
cost(19, 5, 11).
cost(19, 6, 58).
cost(19, 7, 53).
cost(19, 8, 4).
cost(19, 9, 6).
cost(19, 10, 40).
cost(19, 11, 29).
cost(19, 12, 63).
cost(19, 13, 31).
cost(19, 14, 73).
cost(19, 15, 67).
cost(19, 16, 49).
cost(19, 17, 60).
cost(19, 18, 22).
cost(19, 20, 47).
cost(19, 21, 60).
cost(19, 22, 46).
cost(19, 23, 49).
cost(19, 24, 31).
cost(20, 1, 33).
cost(20, 2, 47).
cost(20, 3, 44).
cost(20, 4, 21).
cost(20, 5, 58).
cost(20, 6, 15).
cost(20, 7, 23).
cost(20, 8, 48).
cost(20, 9, 45).
cost(20, 10, 26).
cost(20, 11, 25).
cost(20, 12, 18).
cost(20, 13, 55).
cost(20, 14, 30).
cost(20, 15, 25).
cost(20, 16, 68).
cost(20, 17, 14).
cost(20, 18, 61).
cost(20, 19, 47).
cost(20, 21, 13).
cost(20, 22, 46).
cost(20, 23, 72).
cost(20, 24, 19).
cost(21, 1, 45).
cost(21, 2, 51).
cost(21, 3, 51).
cost(21, 4, 12).
cost(21, 5, 70).
cost(21, 6, 9).
cost(21, 7, 28).
cost(21, 8, 61).
cost(21, 9, 58).
cost(21, 10, 36).
cost(21, 11, 38).
cost(21, 12, 10).
cost(21, 13, 65).
cost(21, 14, 20).
cost(21, 15, 19).
cost(21, 16, 76).
cost(21, 17, 3).
cost(21, 18, 73).
cost(21, 19, 60).
cost(21, 20, 13).
cost(21, 22, 52).
cost(21, 23, 81).
cost(21, 24, 32).
cost(22, 1, 26).
cost(22, 2, 7).
cost(22, 3, 4).
cost(22, 4, 65).
cost(22, 5, 50).
cost(22, 6, 45).
cost(22, 7, 68).
cost(22, 8, 50).
cost(22, 9, 40).
cost(22, 10, 63).
cost(22, 11, 54).
cost(22, 12, 62).
cost(22, 13, 24).
cost(22, 14, 52).
cost(22, 15, 70).
cost(22, 16, 25).
cost(22, 17, 50).
cost(22, 18, 40).
cost(22, 19, 46).
cost(22, 20, 46).
cost(22, 21, 52).
cost(22, 23, 31).
cost(22, 24, 49).
cost(23, 1, 41).
cost(23, 2, 36).
cost(23, 3, 31).
cost(23, 4, 93).
cost(23, 5, 45).
cost(23, 6, 74).
cost(23, 7, 90).
cost(23, 8, 53).
cost(23, 9, 44).
cost(23, 10, 81).
cost(23, 11, 70).
cost(23, 12, 89).
cost(23, 13, 19).
cost(23, 14, 82).
cost(23, 15, 97).
cost(23, 16, 6).
cost(23, 17, 79).
cost(23, 18, 31).
cost(23, 19, 49).
cost(23, 20, 72).
cost(23, 21, 81).
cost(23, 22, 31).
cost(23, 24, 68).
cost(24, 1, 27).
cost(24, 2, 52).
cost(24, 3, 45).
cost(24, 4, 36).
cost(24, 5, 43).
cost(24, 6, 33).
cost(24, 7, 23).
cost(24, 8, 31).
cost(24, 9, 32).
cost(24, 10, 14).
cost(24, 11, 7).
cost(24, 12, 33).
cost(24, 13, 49).
cost(24, 14, 49).
cost(24, 15, 36).
cost(24, 16, 65).
cost(24, 17, 33).
cost(24, 18, 49).
cost(24, 19, 31).
cost(24, 20, 19).
cost(24, 21, 32).
cost(24, 22, 49).
cost(24, 23, 68).
