dimension(24).
point(1, 79.7022598868, 42.4451675242).
point(2, 72.104529318, 73.0114262503).
point(3, 88.6652251038, 68.8332277817).
point(4, 30.47135177, 43.5376404946).
point(5, 23.7161613902, 28.4016387172).
point(6, 57.7400956996, 37.0444343092).
point(7, 59.7803421993, 88.0837147249).
point(8, 55.0423120489, 48.0753749087).
point(9, 39.8354266637, 20.3136827542).
point(10, 34.8232235874, 26.6346539928).
point(11, 64.3429914027, 31.7647262313).
point(12, 75.7496262107, 76.5280613628).
point(13, 42.4202578431, 93.6939609596).
point(14, 53.4757995493, 65.2613408983).
point(15, 90.3061910165, 76.8869834494).
point(16, 28.3904020319, 45.0859846654).
point(17, 53.3536013781, 20.8717813672).
point(18, 23.4989068481, 15.5536943618).
point(19, 89.6582012612, 91.4905335624).
point(20, 23.9496168675, 10.0791414173).
point(21, 25.7167348758, 31.7173329206).
point(22, 42.4985797911, 65.7149228686).
point(23, 81.8031965794, 51.0548525869).
point(24, 85.9667228225, 45.3632231438).
cost(1, 2, 31).
cost(1, 3, 28).
cost(1, 4, 49).
cost(1, 5, 58).
cost(1, 6, 23).
cost(1, 7, 50).
cost(1, 8, 25).
cost(1, 9, 46).
cost(1, 10, 48).
cost(1, 11, 19).
cost(1, 12, 34).
cost(1, 13, 63).
cost(1, 14, 35).
cost(1, 15, 36).
cost(1, 16, 51).
cost(1, 17, 34).
cost(1, 18, 62).
cost(1, 19, 50).
cost(1, 20, 64).
cost(1, 21, 55).
cost(1, 22, 44).
cost(1, 23, 9).
cost(1, 24, 7).
cost(2, 1, 31).
cost(2, 3, 17).
cost(2, 4, 51).
cost(2, 5, 66).
cost(2, 6, 39).
cost(2, 7, 19).
cost(2, 8, 30).
cost(2, 9, 62).
cost(2, 10, 60).
cost(2, 11, 42).
cost(2, 12, 5).
cost(2, 13, 36).
cost(2, 14, 20).
cost(2, 15, 19).
cost(2, 16, 52).
cost(2, 17, 55).
cost(2, 18, 75).
cost(2, 19, 25).
cost(2, 20, 79).
cost(2, 21, 62).
cost(2, 22, 30).
cost(2, 23, 24).
cost(2, 24, 31).
cost(3, 1, 28).
cost(3, 2, 17).
cost(3, 4, 63).
cost(3, 5, 77).
cost(3, 6, 44).
cost(3, 7, 35).
cost(3, 8, 40).
cost(3, 9, 69).
cost(3, 10, 68).
cost(3, 11, 44).
cost(3, 12, 15).
cost(3, 13, 53).
cost(3, 14, 35).
cost(3, 15, 8).
cost(3, 16, 65).
cost(3, 17, 60).
cost(3, 18, 84).
cost(3, 19, 23).
cost(3, 20, 87).
cost(3, 21, 73).
cost(3, 22, 46).
cost(3, 23, 19).
cost(3, 24, 24).
cost(4, 1, 49).
cost(4, 2, 51).
cost(4, 3, 63).
cost(4, 5, 17).
cost(4, 6, 28).
cost(4, 7, 53).
cost(4, 8, 25).
cost(4, 9, 25).
cost(4, 10, 17).
cost(4, 11, 36).
cost(4, 12, 56).
cost(4, 13, 52).
cost(4, 14, 32).
cost(4, 15, 69).
cost(4, 16, 3).
cost(4, 17, 32).
cost(4, 18, 29).
cost(4, 19, 76).
cost(4, 20, 34).
cost(4, 21, 13).
cost(4, 22, 25).
cost(4, 23, 52).
cost(4, 24, 56).
cost(5, 1, 58).
cost(5, 2, 66).
cost(5, 3, 77).
cost(5, 4, 17).
cost(5, 6, 35).
cost(5, 7, 70).
cost(5, 8, 37).
cost(5, 9, 18).
cost(5, 10, 11).
cost(5, 11, 41).
cost(5, 12, 71).
cost(5, 13, 68).
cost(5, 14, 47).
cost(5, 15, 82).
cost(5, 16, 17).
cost(5, 17, 31).
cost(5, 18, 13).
cost(5, 19, 91).
cost(5, 20, 18).
cost(5, 21, 4).
cost(5, 22, 42).
cost(5, 23, 62).
cost(5, 24, 65).
cost(6, 1, 23).
cost(6, 2, 39).
cost(6, 3, 44).
cost(6, 4, 28).
cost(6, 5, 35).
cost(6, 7, 51).
cost(6, 8, 11).
cost(6, 9, 25).
cost(6, 10, 25).
cost(6, 11, 8).
cost(6, 12, 43).
cost(6, 13, 59).
cost(6, 14, 29).
cost(6, 15, 51).
cost(6, 16, 30).
cost(6, 17, 17).
cost(6, 18, 40).
cost(6, 19, 63).
cost(6, 20, 43).
cost(6, 21, 32).
cost(6, 22, 32).
cost(6, 23, 28).
cost(6, 24, 29).
cost(7, 1, 50).
cost(7, 2, 19).
cost(7, 3, 35).
cost(7, 4, 53).
cost(7, 5, 70).
cost(7, 6, 51).
cost(7, 8, 40).
cost(7, 9, 71).
cost(7, 10, 66).
cost(7, 11, 57).
cost(7, 12, 20).
cost(7, 13, 18).
cost(7, 14, 24).
cost(7, 15, 33).
cost(7, 16, 53).
cost(7, 17, 68).
cost(7, 18, 81).
cost(7, 19, 30).
cost(7, 20, 86).
cost(7, 21, 66).
cost(7, 22, 28).
cost(7, 23, 43).
cost(7, 24, 50).
cost(8, 1, 25).
cost(8, 2, 30).
cost(8, 3, 40).
cost(8, 4, 25).
cost(8, 5, 37).
cost(8, 6, 11).
cost(8, 7, 40).
cost(8, 9, 32).
cost(8, 10, 29).
cost(8, 11, 19).
cost(8, 12, 35).
cost(8, 13, 47).
cost(8, 14, 17).
cost(8, 15, 46).
cost(8, 16, 27).
cost(8, 17, 27).
cost(8, 18, 45).
cost(8, 19, 56).
cost(8, 20, 49).
cost(8, 21, 34).
cost(8, 22, 22).
cost(8, 23, 27).
cost(8, 24, 31).
cost(9, 1, 46).
cost(9, 2, 62).
cost(9, 3, 69).
cost(9, 4, 25).
cost(9, 5, 18).
cost(9, 6, 25).
cost(9, 7, 71).
cost(9, 8, 32).
cost(9, 10, 8).
cost(9, 11, 27).
cost(9, 12, 67).
cost(9, 13, 73).
cost(9, 14, 47).
cost(9, 15, 76).
cost(9, 16, 27).
cost(9, 17, 14).
cost(9, 18, 17).
cost(9, 19, 87).
cost(9, 20, 19).
cost(9, 21, 18).
cost(9, 22, 45).
cost(9, 23, 52).
cost(9, 24, 52).
cost(10, 1, 48).
cost(10, 2, 60).
cost(10, 3, 68).
cost(10, 4, 17).
cost(10, 5, 11).
cost(10, 6, 25).
cost(10, 7, 66).
cost(10, 8, 29).
cost(10, 9, 8).
cost(10, 11, 30).
cost(10, 12, 65).
cost(10, 13, 67).
cost(10, 14, 43).
cost(10, 15, 75).
cost(10, 16, 20).
cost(10, 17, 19).
cost(10, 18, 16).
cost(10, 19, 85).
cost(10, 20, 20).
cost(10, 21, 10).
cost(10, 22, 40).
cost(10, 23, 53).
cost(10, 24, 54).
cost(11, 1, 19).
cost(11, 2, 42).
cost(11, 3, 44).
cost(11, 4, 36).
cost(11, 5, 41).
cost(11, 6, 8).
cost(11, 7, 57).
cost(11, 8, 19).
cost(11, 9, 27).
cost(11, 10, 30).
cost(11, 12, 46).
cost(11, 13, 66).
cost(11, 14, 35).
cost(11, 15, 52).
cost(11, 16, 38).
cost(11, 17, 15).
cost(11, 18, 44).
cost(11, 19, 65).
cost(11, 20, 46).
cost(11, 21, 39).
cost(11, 22, 40).
cost(11, 23, 26).
cost(11, 24, 26).
cost(12, 1, 34).
cost(12, 2, 5).
cost(12, 3, 15).
cost(12, 4, 56).
cost(12, 5, 71).
cost(12, 6, 43).
cost(12, 7, 20).
cost(12, 8, 35).
cost(12, 9, 67).
cost(12, 10, 65).
cost(12, 11, 46).
cost(12, 13, 37).
cost(12, 14, 25).
cost(12, 15, 15).
cost(12, 16, 57).
cost(12, 17, 60).
cost(12, 18, 80).
cost(12, 19, 20).
cost(12, 20, 84).
cost(12, 21, 67).
cost(12, 22, 35).
cost(12, 23, 26).
cost(12, 24, 33).
cost(13, 1, 63).
cost(13, 2, 36).
cost(13, 3, 53).
cost(13, 4, 52).
cost(13, 5, 68).
cost(13, 6, 59).
cost(13, 7, 18).
cost(13, 8, 47).
cost(13, 9, 73).
cost(13, 10, 67).
cost(13, 11, 66).
cost(13, 12, 37).
cost(13, 14, 31).
cost(13, 15, 51).
cost(13, 16, 51).
cost(13, 17, 74).
cost(13, 18, 80).
cost(13, 19, 47).
cost(13, 20, 86).
cost(13, 21, 64).
cost(13, 22, 28).
cost(13, 23, 58).
cost(13, 24, 65).
cost(14, 1, 35).
cost(14, 2, 20).
cost(14, 3, 35).
cost(14, 4, 32).
cost(14, 5, 47).
cost(14, 6, 29).
cost(14, 7, 24).
cost(14, 8, 17).
cost(14, 9, 47).
cost(14, 10, 43).
cost(14, 11, 35).
cost(14, 12, 25).
cost(14, 13, 31).
cost(14, 15, 39).
cost(14, 16, 32).
cost(14, 17, 44).
cost(14, 18, 58).
cost(14, 19, 45).
cost(14, 20, 63).
cost(14, 21, 44).
cost(14, 22, 11).
cost(14, 23, 32).
cost(14, 24, 38).
cost(15, 1, 36).
cost(15, 2, 19).
cost(15, 3, 8).
cost(15, 4, 69).
cost(15, 5, 82).
cost(15, 6, 51).
cost(15, 7, 33).
cost(15, 8, 46).
cost(15, 9, 76).
cost(15, 10, 75).
cost(15, 11, 52).
cost(15, 12, 15).
cost(15, 13, 51).
cost(15, 14, 39).
cost(15, 16, 70).
cost(15, 17, 67).
cost(15, 18, 91).
cost(15, 19, 15).
cost(15, 20, 94).
cost(15, 21, 79).
cost(15, 22, 49).
cost(15, 23, 27).
cost(15, 24, 32).
cost(16, 1, 51).
cost(16, 2, 52).
cost(16, 3, 65).
cost(16, 4, 3).
cost(16, 5, 17).
cost(16, 6, 30).
cost(16, 7, 53).
cost(16, 8, 27).
cost(16, 9, 27).
cost(16, 10, 20).
cost(16, 11, 38).
cost(16, 12, 57).
cost(16, 13, 51).
cost(16, 14, 32).
cost(16, 15, 70).
cost(16, 17, 35).
cost(16, 18, 30).
cost(16, 19, 77).
cost(16, 20, 35).
cost(16, 21, 14).
cost(16, 22, 25).
cost(16, 23, 54).
cost(16, 24, 58).
cost(17, 1, 34).
cost(17, 2, 55).
cost(17, 3, 60).
cost(17, 4, 32).
cost(17, 5, 31).
cost(17, 6, 17).
cost(17, 7, 68).
cost(17, 8, 27).
cost(17, 9, 14).
cost(17, 10, 19).
cost(17, 11, 15).
cost(17, 12, 60).
cost(17, 13, 74).
cost(17, 14, 44).
cost(17, 15, 67).
cost(17, 16, 35).
cost(17, 18, 30).
cost(17, 19, 79).
cost(17, 20, 31).
cost(17, 21, 30).
cost(17, 22, 46).
cost(17, 23, 41).
cost(17, 24, 41).
cost(18, 1, 62).
cost(18, 2, 75).
cost(18, 3, 84).
cost(18, 4, 29).
cost(18, 5, 13).
cost(18, 6, 40).
cost(18, 7, 81).
cost(18, 8, 45).
cost(18, 9, 17).
cost(18, 10, 16).
cost(18, 11, 44).
cost(18, 12, 80).
cost(18, 13, 80).
cost(18, 14, 58).
cost(18, 15, 91).
cost(18, 16, 30).
cost(18, 17, 30).
cost(18, 19, 101).
cost(18, 20, 5).
cost(18, 21, 16).
cost(18, 22, 54).
cost(18, 23, 68).
cost(18, 24, 69).
cost(19, 1, 50).
cost(19, 2, 25).
cost(19, 3, 23).
cost(19, 4, 76).
cost(19, 5, 91).
cost(19, 6, 63).
cost(19, 7, 30).
cost(19, 8, 56).
cost(19, 9, 87).
cost(19, 10, 85).
cost(19, 11, 65).
cost(19, 12, 20).
cost(19, 13, 47).
cost(19, 14, 45).
cost(19, 15, 15).
cost(19, 16, 77).
cost(19, 17, 79).
cost(19, 18, 101).
cost(19, 20, 105).
cost(19, 21, 88).
cost(19, 22, 54).
cost(19, 23, 41).
cost(19, 24, 46).
cost(20, 1, 64).
cost(20, 2, 79).
cost(20, 3, 87).
cost(20, 4, 34).
cost(20, 5, 18).
cost(20, 6, 43).
cost(20, 7, 86).
cost(20, 8, 49).
cost(20, 9, 19).
cost(20, 10, 20).
cost(20, 11, 46).
cost(20, 12, 84).
cost(20, 13, 86).
cost(20, 14, 63).
cost(20, 15, 94).
cost(20, 16, 35).
cost(20, 17, 31).
cost(20, 18, 5).
cost(20, 19, 105).
cost(20, 21, 22).
cost(20, 22, 59).
cost(20, 23, 71).
cost(20, 24, 71).
cost(21, 1, 55).
cost(21, 2, 62).
cost(21, 3, 73).
cost(21, 4, 13).
cost(21, 5, 4).
cost(21, 6, 32).
cost(21, 7, 66).
cost(21, 8, 34).
cost(21, 9, 18).
cost(21, 10, 10).
cost(21, 11, 39).
cost(21, 12, 67).
cost(21, 13, 64).
cost(21, 14, 44).
cost(21, 15, 79).
cost(21, 16, 14).
cost(21, 17, 30).
cost(21, 18, 16).
cost(21, 19, 88).
cost(21, 20, 22).
cost(21, 22, 38).
cost(21, 23, 59).
cost(21, 24, 62).
cost(22, 1, 44).
cost(22, 2, 30).
cost(22, 3, 46).
cost(22, 4, 25).
cost(22, 5, 42).
cost(22, 6, 32).
cost(22, 7, 28).
cost(22, 8, 22).
cost(22, 9, 45).
cost(22, 10, 40).
cost(22, 11, 40).
cost(22, 12, 35).
cost(22, 13, 28).
cost(22, 14, 11).
cost(22, 15, 49).
cost(22, 16, 25).
cost(22, 17, 46).
cost(22, 18, 54).
cost(22, 19, 54).
cost(22, 20, 59).
cost(22, 21, 38).
cost(22, 23, 42).
cost(22, 24, 48).
cost(23, 1, 9).
cost(23, 2, 24).
cost(23, 3, 19).
cost(23, 4, 52).
cost(23, 5, 62).
cost(23, 6, 28).
cost(23, 7, 43).
cost(23, 8, 27).
cost(23, 9, 52).
cost(23, 10, 53).
cost(23, 11, 26).
cost(23, 12, 26).
cost(23, 13, 58).
cost(23, 14, 32).
cost(23, 15, 27).
cost(23, 16, 54).
cost(23, 17, 41).
cost(23, 18, 68).
cost(23, 19, 41).
cost(23, 20, 71).
cost(23, 21, 59).
cost(23, 22, 42).
cost(23, 24, 7).
cost(24, 1, 7).
cost(24, 2, 31).
cost(24, 3, 24).
cost(24, 4, 56).
cost(24, 5, 65).
cost(24, 6, 29).
cost(24, 7, 50).
cost(24, 8, 31).
cost(24, 9, 52).
cost(24, 10, 54).
cost(24, 11, 26).
cost(24, 12, 33).
cost(24, 13, 65).
cost(24, 14, 38).
cost(24, 15, 32).
cost(24, 16, 58).
cost(24, 17, 41).
cost(24, 18, 69).
cost(24, 19, 46).
cost(24, 20, 71).
cost(24, 21, 62).
cost(24, 22, 48).
cost(24, 23, 7).
