dimension(24).
point(1, 30.3831680591, 9.8012987313).
point(2, 27.274372005, 69.5846661034).
point(3, 65.2676746287, 35.4690960367).
point(4, 14.5015808503, 5.7959411818).
point(5, 10.6239711388, 26.870717839).
point(6, 96.8530471794, 33.1237677738).
point(7, 22.599871141, 60.7849459357).
point(8, 34.3316532213, 48.7247252339).
point(9, 88.823724287, 34.649082824).
point(10, 13.2372246215, 28.7053141332).
point(11, 39.1397998052, 89.8591158384).
point(12, 44.6605771666, 66.118830832).
point(13, 92.1647620002, 25.997783738).
point(14, 90.0269159023, 12.9354318975).
point(15, 79.6498203977, 24.2106492692).
point(16, 69.9373093405, 9.1129964427).
point(17, 66.3638847759, 22.1225092488).
point(18, 33.727505092, 19.3667815725).
point(19, 17.0559114912, 49.4336923567).
point(20, 56.8737130615, 79.1890217016).
point(21, 21.0793692314, 40.9055686134).
point(22, 67.4837281415, 88.6107807072).
point(23, 36.6208627944, 63.5392870814).
point(24, 39.8623439645, 7.6102000265).
cost(1, 2, 60).
cost(1, 3, 43).
cost(1, 4, 16).
cost(1, 5, 26).
cost(1, 6, 70).
cost(1, 7, 52).
cost(1, 8, 39).
cost(1, 9, 64).
cost(1, 10, 26).
cost(1, 11, 81).
cost(1, 12, 58).
cost(1, 13, 64).
cost(1, 14, 60).
cost(1, 15, 51).
cost(1, 16, 40).
cost(1, 17, 38).
cost(1, 18, 10).
cost(1, 19, 42).
cost(1, 20, 74).
cost(1, 21, 32).
cost(1, 22, 87).
cost(1, 23, 54).
cost(1, 24, 10).
cost(2, 1, 60).
cost(2, 3, 51).
cost(2, 4, 65).
cost(2, 5, 46).
cost(2, 6, 79).
cost(2, 7, 10).
cost(2, 8, 22).
cost(2, 9, 71).
cost(2, 10, 43).
cost(2, 11, 23).
cost(2, 12, 18).
cost(2, 13, 78).
cost(2, 14, 85).
cost(2, 15, 69).
cost(2, 16, 74).
cost(2, 17, 61).
cost(2, 18, 51).
cost(2, 19, 23).
cost(2, 20, 31).
cost(2, 21, 29).
cost(2, 22, 44).
cost(2, 23, 11).
cost(2, 24, 63).
cost(3, 1, 43).
cost(3, 2, 51).
cost(3, 4, 59).
cost(3, 5, 55).
cost(3, 6, 32).
cost(3, 7, 50).
cost(3, 8, 34).
cost(3, 9, 24).
cost(3, 10, 52).
cost(3, 11, 60).
cost(3, 12, 37).
cost(3, 13, 29).
cost(3, 14, 33).
cost(3, 15, 18).
cost(3, 16, 27).
cost(3, 17, 13).
cost(3, 18, 35).
cost(3, 19, 50).
cost(3, 20, 45).
cost(3, 21, 45).
cost(3, 22, 53).
cost(3, 23, 40).
cost(3, 24, 38).
cost(4, 1, 16).
cost(4, 2, 65).
cost(4, 3, 59).
cost(4, 5, 21).
cost(4, 6, 87).
cost(4, 7, 56).
cost(4, 8, 47).
cost(4, 9, 80).
cost(4, 10, 23).
cost(4, 11, 88).
cost(4, 12, 67).
cost(4, 13, 80).
cost(4, 14, 76).
cost(4, 15, 68).
cost(4, 16, 56).
cost(4, 17, 54).
cost(4, 18, 24).
cost(4, 19, 44).
cost(4, 20, 85).
cost(4, 21, 36).
cost(4, 22, 98).
cost(4, 23, 62).
cost(4, 24, 25).
cost(5, 1, 26).
cost(5, 2, 46).
cost(5, 3, 55).
cost(5, 4, 21).
cost(5, 6, 86).
cost(5, 7, 36).
cost(5, 8, 32).
cost(5, 9, 79).
cost(5, 10, 3).
cost(5, 11, 69).
cost(5, 12, 52).
cost(5, 13, 82).
cost(5, 14, 81).
cost(5, 15, 69).
cost(5, 16, 62).
cost(5, 17, 56).
cost(5, 18, 24).
cost(5, 19, 23).
cost(5, 20, 70).
cost(5, 21, 18).
cost(5, 22, 84).
cost(5, 23, 45).
cost(5, 24, 35).
cost(6, 1, 70).
cost(6, 2, 79).
cost(6, 3, 32).
cost(6, 4, 87).
cost(6, 5, 86).
cost(6, 7, 79).
cost(6, 8, 64).
cost(6, 9, 8).
cost(6, 10, 84).
cost(6, 11, 81).
cost(6, 12, 62).
cost(6, 13, 9).
cost(6, 14, 21).
cost(6, 15, 19).
cost(6, 16, 36).
cost(6, 17, 32).
cost(6, 18, 65).
cost(6, 19, 81).
cost(6, 20, 61).
cost(6, 21, 76).
cost(6, 22, 63).
cost(6, 23, 67).
cost(6, 24, 62).
cost(7, 1, 52).
cost(7, 2, 10).
cost(7, 3, 50).
cost(7, 4, 56).
cost(7, 5, 36).
cost(7, 6, 79).
cost(7, 8, 17).
cost(7, 9, 71).
cost(7, 10, 33).
cost(7, 11, 33).
cost(7, 12, 23).
cost(7, 13, 78).
cost(7, 14, 83).
cost(7, 15, 68).
cost(7, 16, 70).
cost(7, 17, 58).
cost(7, 18, 43).
cost(7, 19, 13).
cost(7, 20, 39).
cost(7, 21, 20).
cost(7, 22, 53).
cost(7, 23, 14).
cost(7, 24, 56).
cost(8, 1, 39).
cost(8, 2, 22).
cost(8, 3, 34).
cost(8, 4, 47).
cost(8, 5, 32).
cost(8, 6, 64).
cost(8, 7, 17).
cost(8, 9, 56).
cost(8, 10, 29).
cost(8, 11, 41).
cost(8, 12, 20).
cost(8, 13, 62).
cost(8, 14, 66).
cost(8, 15, 52).
cost(8, 16, 53).
cost(8, 17, 42).
cost(8, 18, 29).
cost(8, 19, 17).
cost(8, 20, 38).
cost(8, 21, 15).
cost(8, 22, 52).
cost(8, 23, 15).
cost(8, 24, 41).
cost(9, 1, 64).
cost(9, 2, 71).
cost(9, 3, 24).
cost(9, 4, 80).
cost(9, 5, 79).
cost(9, 6, 8).
cost(9, 7, 71).
cost(9, 8, 56).
cost(9, 10, 76).
cost(9, 11, 74).
cost(9, 12, 54).
cost(9, 13, 9).
cost(9, 14, 22).
cost(9, 15, 14).
cost(9, 16, 32).
cost(9, 17, 26).
cost(9, 18, 57).
cost(9, 19, 73).
cost(9, 20, 55).
cost(9, 21, 68).
cost(9, 22, 58).
cost(9, 23, 60).
cost(9, 24, 56).
cost(10, 1, 26).
cost(10, 2, 43).
cost(10, 3, 52).
cost(10, 4, 23).
cost(10, 5, 3).
cost(10, 6, 84).
cost(10, 7, 33).
cost(10, 8, 29).
cost(10, 9, 76).
cost(10, 11, 66).
cost(10, 12, 49).
cost(10, 13, 79).
cost(10, 14, 78).
cost(10, 15, 67).
cost(10, 16, 60).
cost(10, 17, 54).
cost(10, 18, 23).
cost(10, 19, 21).
cost(10, 20, 67).
cost(10, 21, 15).
cost(10, 22, 81).
cost(10, 23, 42).
cost(10, 24, 34).
cost(11, 1, 81).
cost(11, 2, 23).
cost(11, 3, 60).
cost(11, 4, 88).
cost(11, 5, 69).
cost(11, 6, 81).
cost(11, 7, 33).
cost(11, 8, 41).
cost(11, 9, 74).
cost(11, 10, 66).
cost(11, 12, 24).
cost(11, 13, 83).
cost(11, 14, 92).
cost(11, 15, 77).
cost(11, 16, 86).
cost(11, 17, 73).
cost(11, 18, 71).
cost(11, 19, 46).
cost(11, 20, 21).
cost(11, 21, 52).
cost(11, 22, 28).
cost(11, 23, 26).
cost(11, 24, 82).
cost(12, 1, 58).
cost(12, 2, 18).
cost(12, 3, 37).
cost(12, 4, 67).
cost(12, 5, 52).
cost(12, 6, 62).
cost(12, 7, 23).
cost(12, 8, 20).
cost(12, 9, 54).
cost(12, 10, 49).
cost(12, 11, 24).
cost(12, 13, 62).
cost(12, 14, 70).
cost(12, 15, 55).
cost(12, 16, 62).
cost(12, 17, 49).
cost(12, 18, 48).
cost(12, 19, 32).
cost(12, 20, 18).
cost(12, 21, 35).
cost(12, 22, 32).
cost(12, 23, 8).
cost(12, 24, 59).
cost(13, 1, 64).
cost(13, 2, 78).
cost(13, 3, 29).
cost(13, 4, 80).
cost(13, 5, 82).
cost(13, 6, 9).
cost(13, 7, 78).
cost(13, 8, 62).
cost(13, 9, 9).
cost(13, 10, 79).
cost(13, 11, 83).
cost(13, 12, 62).
cost(13, 14, 13).
cost(13, 15, 13).
cost(13, 16, 28).
cost(13, 17, 26).
cost(13, 18, 59).
cost(13, 19, 79).
cost(13, 20, 64).
cost(13, 21, 73).
cost(13, 22, 67).
cost(13, 23, 67).
cost(13, 24, 55).
cost(14, 1, 60).
cost(14, 2, 85).
cost(14, 3, 33).
cost(14, 4, 76).
cost(14, 5, 81).
cost(14, 6, 21).
cost(14, 7, 83).
cost(14, 8, 66).
cost(14, 9, 22).
cost(14, 10, 78).
cost(14, 11, 92).
cost(14, 12, 70).
cost(14, 13, 13).
cost(14, 15, 15).
cost(14, 16, 20).
cost(14, 17, 25).
cost(14, 18, 57).
cost(14, 19, 82).
cost(14, 20, 74).
cost(14, 21, 74).
cost(14, 22, 79).
cost(14, 23, 74).
cost(14, 24, 50).
cost(15, 1, 51).
cost(15, 2, 69).
cost(15, 3, 18).
cost(15, 4, 68).
cost(15, 5, 69).
cost(15, 6, 19).
cost(15, 7, 68).
cost(15, 8, 52).
cost(15, 9, 14).
cost(15, 10, 67).
cost(15, 11, 77).
cost(15, 12, 55).
cost(15, 13, 13).
cost(15, 14, 15).
cost(15, 16, 18).
cost(15, 17, 13).
cost(15, 18, 46).
cost(15, 19, 67).
cost(15, 20, 60).
cost(15, 21, 61).
cost(15, 22, 66).
cost(15, 23, 58).
cost(15, 24, 43).
cost(16, 1, 40).
cost(16, 2, 74).
cost(16, 3, 27).
cost(16, 4, 56).
cost(16, 5, 62).
cost(16, 6, 36).
cost(16, 7, 70).
cost(16, 8, 53).
cost(16, 9, 32).
cost(16, 10, 60).
cost(16, 11, 86).
cost(16, 12, 62).
cost(16, 13, 28).
cost(16, 14, 20).
cost(16, 15, 18).
cost(16, 17, 13).
cost(16, 18, 38).
cost(16, 19, 66).
cost(16, 20, 71).
cost(16, 21, 58).
cost(16, 22, 80).
cost(16, 23, 64).
cost(16, 24, 30).
cost(17, 1, 38).
cost(17, 2, 61).
cost(17, 3, 13).
cost(17, 4, 54).
cost(17, 5, 56).
cost(17, 6, 32).
cost(17, 7, 58).
cost(17, 8, 42).
cost(17, 9, 26).
cost(17, 10, 54).
cost(17, 11, 73).
cost(17, 12, 49).
cost(17, 13, 26).
cost(17, 14, 25).
cost(17, 15, 13).
cost(17, 16, 13).
cost(17, 18, 33).
cost(17, 19, 56).
cost(17, 20, 58).
cost(17, 21, 49).
cost(17, 22, 66).
cost(17, 23, 51).
cost(17, 24, 30).
cost(18, 1, 10).
cost(18, 2, 51).
cost(18, 3, 35).
cost(18, 4, 24).
cost(18, 5, 24).
cost(18, 6, 65).
cost(18, 7, 43).
cost(18, 8, 29).
cost(18, 9, 57).
cost(18, 10, 23).
cost(18, 11, 71).
cost(18, 12, 48).
cost(18, 13, 59).
cost(18, 14, 57).
cost(18, 15, 46).
cost(18, 16, 38).
cost(18, 17, 33).
cost(18, 19, 34).
cost(18, 20, 64).
cost(18, 21, 25).
cost(18, 22, 77).
cost(18, 23, 44).
cost(18, 24, 13).
cost(19, 1, 42).
cost(19, 2, 23).
cost(19, 3, 50).
cost(19, 4, 44).
cost(19, 5, 23).
cost(19, 6, 81).
cost(19, 7, 13).
cost(19, 8, 17).
cost(19, 9, 73).
cost(19, 10, 21).
cost(19, 11, 46).
cost(19, 12, 32).
cost(19, 13, 79).
cost(19, 14, 82).
cost(19, 15, 67).
cost(19, 16, 66).
cost(19, 17, 56).
cost(19, 18, 34).
cost(19, 20, 50).
cost(19, 21, 9).
cost(19, 22, 64).
cost(19, 23, 24).
cost(19, 24, 48).
cost(20, 1, 74).
cost(20, 2, 31).
cost(20, 3, 45).
cost(20, 4, 85).
cost(20, 5, 70).
cost(20, 6, 61).
cost(20, 7, 39).
cost(20, 8, 38).
cost(20, 9, 55).
cost(20, 10, 67).
cost(20, 11, 21).
cost(20, 12, 18).
cost(20, 13, 64).
cost(20, 14, 74).
cost(20, 15, 60).
cost(20, 16, 71).
cost(20, 17, 58).
cost(20, 18, 64).
cost(20, 19, 50).
cost(20, 21, 52).
cost(20, 22, 14).
cost(20, 23, 26).
cost(20, 24, 74).
cost(21, 1, 32).
cost(21, 2, 29).
cost(21, 3, 45).
cost(21, 4, 36).
cost(21, 5, 18).
cost(21, 6, 76).
cost(21, 7, 20).
cost(21, 8, 15).
cost(21, 9, 68).
cost(21, 10, 15).
cost(21, 11, 52).
cost(21, 12, 35).
cost(21, 13, 73).
cost(21, 14, 74).
cost(21, 15, 61).
cost(21, 16, 58).
cost(21, 17, 49).
cost(21, 18, 25).
cost(21, 19, 9).
cost(21, 20, 52).
cost(21, 22, 67).
cost(21, 23, 27).
cost(21, 24, 38).
cost(22, 1, 87).
cost(22, 2, 44).
cost(22, 3, 53).
cost(22, 4, 98).
cost(22, 5, 84).
cost(22, 6, 63).
cost(22, 7, 53).
cost(22, 8, 52).
cost(22, 9, 58).
cost(22, 10, 81).
cost(22, 11, 28).
cost(22, 12, 32).
cost(22, 13, 67).
cost(22, 14, 79).
cost(22, 15, 66).
cost(22, 16, 80).
cost(22, 17, 66).
cost(22, 18, 77).
cost(22, 19, 64).
cost(22, 20, 14).
cost(22, 21, 67).
cost(22, 23, 40).
cost(22, 24, 86).
cost(23, 1, 54).
cost(23, 2, 11).
cost(23, 3, 40).
cost(23, 4, 62).
cost(23, 5, 45).
cost(23, 6, 67).
cost(23, 7, 14).
cost(23, 8, 15).
cost(23, 9, 60).
cost(23, 10, 42).
cost(23, 11, 26).
cost(23, 12, 8).
cost(23, 13, 67).
cost(23, 14, 74).
cost(23, 15, 58).
cost(23, 16, 64).
cost(23, 17, 51).
cost(23, 18, 44).
cost(23, 19, 24).
cost(23, 20, 26).
cost(23, 21, 27).
cost(23, 22, 40).
cost(23, 24, 56).
cost(24, 1, 10).
cost(24, 2, 63).
cost(24, 3, 38).
cost(24, 4, 25).
cost(24, 5, 35).
cost(24, 6, 62).
cost(24, 7, 56).
cost(24, 8, 41).
cost(24, 9, 56).
cost(24, 10, 34).
cost(24, 11, 82).
cost(24, 12, 59).
cost(24, 13, 55).
cost(24, 14, 50).
cost(24, 15, 43).
cost(24, 16, 30).
cost(24, 17, 30).
cost(24, 18, 13).
cost(24, 19, 48).
cost(24, 20, 74).
cost(24, 21, 38).
cost(24, 22, 86).
cost(24, 23, 56).
