dimension(24).
point(1, 52.6475931767, 67.4442141255).
point(2, 14.6524579543, 94.8605866418).
point(3, 88.0102087104, 18.0249289409).
point(4, 69.3615398575, 56.6205804927).
point(5, 41.5927137299, 55.2779669177).
point(6, 73.3602529165, 65.8846044606).
point(7, 35.3163628633, 11.2554537642).
point(8, 93.3314490431, 49.509880004).
point(9, 78.8625047128, 68.4501161311).
point(10, 77.2726204283, 27.2086465966).
point(11, 57.2924306465, 42.2418581984).
point(12, 12.2616499808, 20.8047902056).
point(13, 32.3970324956, 92.5342515463).
point(14, 55.0902852007, 84.1810351553).
point(15, 16.4579793271, 61.9664242131).
point(16, 96.1443032432, 53.5860099796).
point(17, 1.6029138202, 93.779411076).
point(18, 31.2045552759, 22.944189759).
point(19, 51.6924430391, 48.1465724728).
point(20, 49.669922998, 82.9729915944).
point(21, 50.540994821, 39.0447818284).
point(22, 56.0022262935, 33.1922687291).
point(23, 66.6781086988, 49.9561283542).
point(24, 25.3224734604, 11.3053013396).
cost(1, 2, 47).
cost(1, 3, 61).
cost(1, 4, 20).
cost(1, 5, 16).
cost(1, 6, 21).
cost(1, 7, 59).
cost(1, 8, 44).
cost(1, 9, 26).
cost(1, 10, 47).
cost(1, 11, 26).
cost(1, 12, 62).
cost(1, 13, 32).
cost(1, 14, 17).
cost(1, 15, 37).
cost(1, 16, 46).
cost(1, 17, 57).
cost(1, 18, 49).
cost(1, 19, 19).
cost(1, 20, 16).
cost(1, 21, 28).
cost(1, 22, 34).
cost(1, 23, 22).
cost(1, 24, 62).
cost(2, 1, 47).
cost(2, 3, 106).
cost(2, 4, 67).
cost(2, 5, 48).
cost(2, 6, 65).
cost(2, 7, 86).
cost(2, 8, 91).
cost(2, 9, 69).
cost(2, 10, 92).
cost(2, 11, 68).
cost(2, 12, 74).
cost(2, 13, 18).
cost(2, 14, 42).
cost(2, 15, 33).
cost(2, 16, 91).
cost(2, 17, 13).
cost(2, 18, 74).
cost(2, 19, 60).
cost(2, 20, 37).
cost(2, 21, 66).
cost(2, 22, 74).
cost(2, 23, 69).
cost(2, 24, 84).
cost(3, 1, 61).
cost(3, 2, 106).
cost(3, 4, 43).
cost(3, 5, 60).
cost(3, 6, 50).
cost(3, 7, 53).
cost(3, 8, 32).
cost(3, 9, 51).
cost(3, 10, 14).
cost(3, 11, 39).
cost(3, 12, 76).
cost(3, 13, 93).
cost(3, 14, 74).
cost(3, 15, 84).
cost(3, 16, 36).
cost(3, 17, 115).
cost(3, 18, 57).
cost(3, 19, 47).
cost(3, 20, 75).
cost(3, 21, 43).
cost(3, 22, 35).
cost(3, 23, 38).
cost(3, 24, 63).
cost(4, 1, 20).
cost(4, 2, 67).
cost(4, 3, 43).
cost(4, 5, 28).
cost(4, 6, 10).
cost(4, 7, 57).
cost(4, 8, 25).
cost(4, 9, 15).
cost(4, 10, 30).
cost(4, 11, 19).
cost(4, 12, 67).
cost(4, 13, 52).
cost(4, 14, 31).
cost(4, 15, 53).
cost(4, 16, 27).
cost(4, 17, 77).
cost(4, 18, 51).
cost(4, 19, 20).
cost(4, 20, 33).
cost(4, 21, 26).
cost(4, 22, 27).
cost(4, 23, 7).
cost(4, 24, 63).
cost(5, 1, 16).
cost(5, 2, 48).
cost(5, 3, 60).
cost(5, 4, 28).
cost(5, 6, 33).
cost(5, 7, 44).
cost(5, 8, 52).
cost(5, 9, 40).
cost(5, 10, 45).
cost(5, 11, 20).
cost(5, 12, 45).
cost(5, 13, 38).
cost(5, 14, 32).
cost(5, 15, 26).
cost(5, 16, 55).
cost(5, 17, 56).
cost(5, 18, 34).
cost(5, 19, 12).
cost(5, 20, 29).
cost(5, 21, 19).
cost(5, 22, 26).
cost(5, 23, 26).
cost(5, 24, 47).
cost(6, 1, 21).
cost(6, 2, 65).
cost(6, 3, 50).
cost(6, 4, 10).
cost(6, 5, 33).
cost(6, 7, 67).
cost(6, 8, 26).
cost(6, 9, 6).
cost(6, 10, 39).
cost(6, 11, 29).
cost(6, 12, 76).
cost(6, 13, 49).
cost(6, 14, 26).
cost(6, 15, 57).
cost(6, 16, 26).
cost(6, 17, 77).
cost(6, 18, 60).
cost(6, 19, 28).
cost(6, 20, 29).
cost(6, 21, 35).
cost(6, 22, 37).
cost(6, 23, 17).
cost(6, 24, 73).
cost(7, 1, 59).
cost(7, 2, 86).
cost(7, 3, 53).
cost(7, 4, 57).
cost(7, 5, 44).
cost(7, 6, 67).
cost(7, 8, 69).
cost(7, 9, 72).
cost(7, 10, 45).
cost(7, 11, 38).
cost(7, 12, 25).
cost(7, 13, 81).
cost(7, 14, 76).
cost(7, 15, 54).
cost(7, 16, 74).
cost(7, 17, 89).
cost(7, 18, 12).
cost(7, 19, 40).
cost(7, 20, 73).
cost(7, 21, 32).
cost(7, 22, 30).
cost(7, 23, 50).
cost(7, 24, 10).
cost(8, 1, 44).
cost(8, 2, 91).
cost(8, 3, 32).
cost(8, 4, 25).
cost(8, 5, 52).
cost(8, 6, 26).
cost(8, 7, 69).
cost(8, 9, 24).
cost(8, 10, 27).
cost(8, 11, 37).
cost(8, 12, 86).
cost(8, 13, 75).
cost(8, 14, 52).
cost(8, 15, 78).
cost(8, 16, 5).
cost(8, 17, 102).
cost(8, 18, 68).
cost(8, 19, 42).
cost(8, 20, 55).
cost(8, 21, 44).
cost(8, 22, 41).
cost(8, 23, 27).
cost(8, 24, 78).
cost(9, 1, 26).
cost(9, 2, 69).
cost(9, 3, 51).
cost(9, 4, 15).
cost(9, 5, 40).
cost(9, 6, 6).
cost(9, 7, 72).
cost(9, 8, 24).
cost(9, 10, 41).
cost(9, 11, 34).
cost(9, 12, 82).
cost(9, 13, 52).
cost(9, 14, 29).
cost(9, 15, 63).
cost(9, 16, 23).
cost(9, 17, 81).
cost(9, 18, 66).
cost(9, 19, 34).
cost(9, 20, 33).
cost(9, 21, 41).
cost(9, 22, 42).
cost(9, 23, 22).
cost(9, 24, 78).
cost(10, 1, 47).
cost(10, 2, 92).
cost(10, 3, 14).
cost(10, 4, 30).
cost(10, 5, 45).
cost(10, 6, 39).
cost(10, 7, 45).
cost(10, 8, 27).
cost(10, 9, 41).
cost(10, 11, 25).
cost(10, 12, 65).
cost(10, 13, 79).
cost(10, 14, 61).
cost(10, 15, 70).
cost(10, 16, 32).
cost(10, 17, 101).
cost(10, 18, 46).
cost(10, 19, 33).
cost(10, 20, 62).
cost(10, 21, 29).
cost(10, 22, 22).
cost(10, 23, 25).
cost(10, 24, 54).
cost(11, 1, 26).
cost(11, 2, 68).
cost(11, 3, 39).
cost(11, 4, 19).
cost(11, 5, 20).
cost(11, 6, 29).
cost(11, 7, 38).
cost(11, 8, 37).
cost(11, 9, 34).
cost(11, 10, 25).
cost(11, 12, 50).
cost(11, 13, 56).
cost(11, 14, 42).
cost(11, 15, 45).
cost(11, 16, 40).
cost(11, 17, 76).
cost(11, 18, 32).
cost(11, 19, 8).
cost(11, 20, 41).
cost(11, 21, 7).
cost(11, 22, 9).
cost(11, 23, 12).
cost(11, 24, 44).
cost(12, 1, 62).
cost(12, 2, 74).
cost(12, 3, 76).
cost(12, 4, 67).
cost(12, 5, 45).
cost(12, 6, 76).
cost(12, 7, 25).
cost(12, 8, 86).
cost(12, 9, 82).
cost(12, 10, 65).
cost(12, 11, 50).
cost(12, 13, 75).
cost(12, 14, 76).
cost(12, 15, 41).
cost(12, 16, 90).
cost(12, 17, 74).
cost(12, 18, 19).
cost(12, 19, 48).
cost(12, 20, 73).
cost(12, 21, 42).
cost(12, 22, 45).
cost(12, 23, 62).
cost(12, 24, 16).
cost(13, 1, 32).
cost(13, 2, 18).
cost(13, 3, 93).
cost(13, 4, 52).
cost(13, 5, 38).
cost(13, 6, 49).
cost(13, 7, 81).
cost(13, 8, 75).
cost(13, 9, 52).
cost(13, 10, 79).
cost(13, 11, 56).
cost(13, 12, 75).
cost(13, 14, 24).
cost(13, 15, 34).
cost(13, 16, 75).
cost(13, 17, 31).
cost(13, 18, 70).
cost(13, 19, 48).
cost(13, 20, 20).
cost(13, 21, 56).
cost(13, 22, 64).
cost(13, 23, 55).
cost(13, 24, 82).
cost(14, 1, 17).
cost(14, 2, 42).
cost(14, 3, 74).
cost(14, 4, 31).
cost(14, 5, 32).
cost(14, 6, 26).
cost(14, 7, 76).
cost(14, 8, 52).
cost(14, 9, 29).
cost(14, 10, 61).
cost(14, 11, 42).
cost(14, 12, 76).
cost(14, 13, 24).
cost(14, 15, 45).
cost(14, 16, 51).
cost(14, 17, 54).
cost(14, 18, 66).
cost(14, 19, 36).
cost(14, 20, 6).
cost(14, 21, 45).
cost(14, 22, 51).
cost(14, 23, 36).
cost(14, 24, 79).
cost(15, 1, 37).
cost(15, 2, 33).
cost(15, 3, 84).
cost(15, 4, 53).
cost(15, 5, 26).
cost(15, 6, 57).
cost(15, 7, 54).
cost(15, 8, 78).
cost(15, 9, 63).
cost(15, 10, 70).
cost(15, 11, 45).
cost(15, 12, 41).
cost(15, 13, 34).
cost(15, 14, 45).
cost(15, 16, 80).
cost(15, 17, 35).
cost(15, 18, 42).
cost(15, 19, 38).
cost(15, 20, 39).
cost(15, 21, 41).
cost(15, 22, 49).
cost(15, 23, 52).
cost(15, 24, 51).
cost(16, 1, 46).
cost(16, 2, 91).
cost(16, 3, 36).
cost(16, 4, 27).
cost(16, 5, 55).
cost(16, 6, 26).
cost(16, 7, 74).
cost(16, 8, 5).
cost(16, 9, 23).
cost(16, 10, 32).
cost(16, 11, 40).
cost(16, 12, 90).
cost(16, 13, 75).
cost(16, 14, 51).
cost(16, 15, 80).
cost(16, 17, 103).
cost(16, 18, 72).
cost(16, 19, 45).
cost(16, 20, 55).
cost(16, 21, 48).
cost(16, 22, 45).
cost(16, 23, 30).
cost(16, 24, 82).
cost(17, 1, 57).
cost(17, 2, 13).
cost(17, 3, 115).
cost(17, 4, 77).
cost(17, 5, 56).
cost(17, 6, 77).
cost(17, 7, 89).
cost(17, 8, 102).
cost(17, 9, 81).
cost(17, 10, 101).
cost(17, 11, 76).
cost(17, 12, 74).
cost(17, 13, 31).
cost(17, 14, 54).
cost(17, 15, 35).
cost(17, 16, 103).
cost(17, 18, 77).
cost(17, 19, 68).
cost(17, 20, 49).
cost(17, 21, 73).
cost(17, 22, 81).
cost(17, 23, 78).
cost(17, 24, 86).
cost(18, 1, 49).
cost(18, 2, 74).
cost(18, 3, 57).
cost(18, 4, 51).
cost(18, 5, 34).
cost(18, 6, 60).
cost(18, 7, 12).
cost(18, 8, 68).
cost(18, 9, 66).
cost(18, 10, 46).
cost(18, 11, 32).
cost(18, 12, 19).
cost(18, 13, 70).
cost(18, 14, 66).
cost(18, 15, 42).
cost(18, 16, 72).
cost(18, 17, 77).
cost(18, 19, 32).
cost(18, 20, 63).
cost(18, 21, 25).
cost(18, 22, 27).
cost(18, 23, 45).
cost(18, 24, 13).
cost(19, 1, 19).
cost(19, 2, 60).
cost(19, 3, 47).
cost(19, 4, 20).
cost(19, 5, 12).
cost(19, 6, 28).
cost(19, 7, 40).
cost(19, 8, 42).
cost(19, 9, 34).
cost(19, 10, 33).
cost(19, 11, 8).
cost(19, 12, 48).
cost(19, 13, 48).
cost(19, 14, 36).
cost(19, 15, 38).
cost(19, 16, 45).
cost(19, 17, 68).
cost(19, 18, 32).
cost(19, 20, 35).
cost(19, 21, 9).
cost(19, 22, 16).
cost(19, 23, 15).
cost(19, 24, 45).
cost(20, 1, 16).
cost(20, 2, 37).
cost(20, 3, 75).
cost(20, 4, 33).
cost(20, 5, 29).
cost(20, 6, 29).
cost(20, 7, 73).
cost(20, 8, 55).
cost(20, 9, 33).
cost(20, 10, 62).
cost(20, 11, 41).
cost(20, 12, 73).
cost(20, 13, 20).
cost(20, 14, 6).
cost(20, 15, 39).
cost(20, 16, 55).
cost(20, 17, 49).
cost(20, 18, 63).
cost(20, 19, 35).
cost(20, 21, 44).
cost(20, 22, 50).
cost(20, 23, 37).
cost(20, 24, 76).
cost(21, 1, 28).
cost(21, 2, 66).
cost(21, 3, 43).
cost(21, 4, 26).
cost(21, 5, 19).
cost(21, 6, 35).
cost(21, 7, 32).
cost(21, 8, 44).
cost(21, 9, 41).
cost(21, 10, 29).
cost(21, 11, 7).
cost(21, 12, 42).
cost(21, 13, 56).
cost(21, 14, 45).
cost(21, 15, 41).
cost(21, 16, 48).
cost(21, 17, 73).
cost(21, 18, 25).
cost(21, 19, 9).
cost(21, 20, 44).
cost(21, 22, 8).
cost(21, 23, 19).
cost(21, 24, 37).
cost(22, 1, 34).
cost(22, 2, 74).
cost(22, 3, 35).
cost(22, 4, 27).
cost(22, 5, 26).
cost(22, 6, 37).
cost(22, 7, 30).
cost(22, 8, 41).
cost(22, 9, 42).
cost(22, 10, 22).
cost(22, 11, 9).
cost(22, 12, 45).
cost(22, 13, 64).
cost(22, 14, 51).
cost(22, 15, 49).
cost(22, 16, 45).
cost(22, 17, 81).
cost(22, 18, 27).
cost(22, 19, 16).
cost(22, 20, 50).
cost(22, 21, 8).
cost(22, 23, 20).
cost(22, 24, 38).
cost(23, 1, 22).
cost(23, 2, 69).
cost(23, 3, 38).
cost(23, 4, 7).
cost(23, 5, 26).
cost(23, 6, 17).
cost(23, 7, 50).
cost(23, 8, 27).
cost(23, 9, 22).
cost(23, 10, 25).
cost(23, 11, 12).
cost(23, 12, 62).
cost(23, 13, 55).
cost(23, 14, 36).
cost(23, 15, 52).
cost(23, 16, 30).
cost(23, 17, 78).
cost(23, 18, 45).
cost(23, 19, 15).
cost(23, 20, 37).
cost(23, 21, 19).
cost(23, 22, 20).
cost(23, 24, 57).
cost(24, 1, 62).
cost(24, 2, 84).
cost(24, 3, 63).
cost(24, 4, 63).
cost(24, 5, 47).
cost(24, 6, 73).
cost(24, 7, 10).
cost(24, 8, 78).
cost(24, 9, 78).
cost(24, 10, 54).
cost(24, 11, 44).
cost(24, 12, 16).
cost(24, 13, 82).
cost(24, 14, 79).
cost(24, 15, 51).
cost(24, 16, 82).
cost(24, 17, 86).
cost(24, 18, 13).
cost(24, 19, 45).
cost(24, 20, 76).
cost(24, 21, 37).
cost(24, 22, 38).
cost(24, 23, 57).
