dimension(24).
point(1, 36.8564463373, 72.8722951986).
point(2, 89.1069587544, 23.8201910036).
point(3, 28.0607803836, 34.4180672931).
point(4, 21.8127498479, 86.161730303).
point(5, 77.335832332, 23.9115898404).
point(6, 94.4758910791, 23.8400327061).
point(7, 76.0676503363, 50.6057311011).
point(8, 80.2979069781, 9.2632512248).
point(9, 47.3134472782, 97.5277327796).
point(10, 4.2519879856, 74.8089633479).
point(11, 55.6306262406, 26.8600470438).
point(12, 77.1424081441, 72.8679388032).
point(13, 6.4961265556, 52.4671518774).
point(14, 31.0710193527, 11.6247734615).
point(15, 68.9438758914, 98.3808290764).
point(16, 17.0046332274, 74.7940411647).
point(17, 27.7063809269, 70.4264785735).
point(18, 62.3422654683, 63.6459231181).
point(19, 22.0121859666, 17.6239895702).
point(20, 60.0969629809, 95.5551949671).
point(21, 81.0040387793, 96.8205156974).
point(22, 70.62216465, 66.7973679684).
point(23, 6.5668255507, 37.8220954851).
point(24, 13.6490021853, 55.2355236176).
cost(1, 2, 72).
cost(1, 3, 39).
cost(1, 4, 20).
cost(1, 5, 64).
cost(1, 6, 76).
cost(1, 7, 45).
cost(1, 8, 77).
cost(1, 9, 27).
cost(1, 10, 33).
cost(1, 11, 50).
cost(1, 12, 40).
cost(1, 13, 37).
cost(1, 14, 62).
cost(1, 15, 41).
cost(1, 16, 20).
cost(1, 17, 9).
cost(1, 18, 27).
cost(1, 19, 57).
cost(1, 20, 32).
cost(1, 21, 50).
cost(1, 22, 34).
cost(1, 23, 46).
cost(1, 24, 29).
cost(2, 1, 72).
cost(2, 3, 62).
cost(2, 4, 92).
cost(2, 5, 12).
cost(2, 6, 5).
cost(2, 7, 30).
cost(2, 8, 17).
cost(2, 9, 85).
cost(2, 10, 99).
cost(2, 11, 34).
cost(2, 12, 50).
cost(2, 13, 87).
cost(2, 14, 59).
cost(2, 15, 77).
cost(2, 16, 88).
cost(2, 17, 77).
cost(2, 18, 48).
cost(2, 19, 67).
cost(2, 20, 77).
cost(2, 21, 73).
cost(2, 22, 47).
cost(2, 23, 84).
cost(2, 24, 82).
cost(3, 1, 39).
cost(3, 2, 62).
cost(3, 4, 52).
cost(3, 5, 50).
cost(3, 6, 67).
cost(3, 7, 51).
cost(3, 8, 58).
cost(3, 9, 66).
cost(3, 10, 47).
cost(3, 11, 29).
cost(3, 12, 62).
cost(3, 13, 28).
cost(3, 14, 23).
cost(3, 15, 76).
cost(3, 16, 42).
cost(3, 17, 36).
cost(3, 18, 45).
cost(3, 19, 18).
cost(3, 20, 69).
cost(3, 21, 82).
cost(3, 22, 53).
cost(3, 23, 22).
cost(3, 24, 25).
cost(4, 1, 20).
cost(4, 2, 92).
cost(4, 3, 52).
cost(4, 5, 83).
cost(4, 6, 96).
cost(4, 7, 65).
cost(4, 8, 97).
cost(4, 9, 28).
cost(4, 10, 21).
cost(4, 11, 68).
cost(4, 12, 57).
cost(4, 13, 37).
cost(4, 14, 75).
cost(4, 15, 49).
cost(4, 16, 12).
cost(4, 17, 17).
cost(4, 18, 46).
cost(4, 19, 69).
cost(4, 20, 39).
cost(4, 21, 60).
cost(4, 22, 53).
cost(4, 23, 51).
cost(4, 24, 32).
cost(5, 1, 64).
cost(5, 2, 12).
cost(5, 3, 50).
cost(5, 4, 83).
cost(5, 6, 17).
cost(5, 7, 27).
cost(5, 8, 15).
cost(5, 9, 80).
cost(5, 10, 89).
cost(5, 11, 22).
cost(5, 12, 49).
cost(5, 13, 76).
cost(5, 14, 48).
cost(5, 15, 75).
cost(5, 16, 79).
cost(5, 17, 68).
cost(5, 18, 42).
cost(5, 19, 56).
cost(5, 20, 74).
cost(5, 21, 73).
cost(5, 22, 43).
cost(5, 23, 72).
cost(5, 24, 71).
cost(6, 1, 76).
cost(6, 2, 5).
cost(6, 3, 67).
cost(6, 4, 96).
cost(6, 5, 17).
cost(6, 7, 32).
cost(6, 8, 20).
cost(6, 9, 87).
cost(6, 10, 104).
cost(6, 11, 39).
cost(6, 12, 52).
cost(6, 13, 93).
cost(6, 14, 65).
cost(6, 15, 79).
cost(6, 16, 93).
cost(6, 17, 81).
cost(6, 18, 51).
cost(6, 19, 73).
cost(6, 20, 80).
cost(6, 21, 74).
cost(6, 22, 49).
cost(6, 23, 89).
cost(6, 24, 87).
cost(7, 1, 45).
cost(7, 2, 30).
cost(7, 3, 51).
cost(7, 4, 65).
cost(7, 5, 27).
cost(7, 6, 32).
cost(7, 8, 42).
cost(7, 9, 55).
cost(7, 10, 76).
cost(7, 11, 31).
cost(7, 12, 22).
cost(7, 13, 70).
cost(7, 14, 60).
cost(7, 15, 48).
cost(7, 16, 64).
cost(7, 17, 52).
cost(7, 18, 19).
cost(7, 19, 63).
cost(7, 20, 48).
cost(7, 21, 46).
cost(7, 22, 17).
cost(7, 23, 71).
cost(7, 24, 63).
cost(8, 1, 77).
cost(8, 2, 17).
cost(8, 3, 58).
cost(8, 4, 97).
cost(8, 5, 15).
cost(8, 6, 20).
cost(8, 7, 42).
cost(8, 9, 94).
cost(8, 10, 100).
cost(8, 11, 30).
cost(8, 12, 64).
cost(8, 13, 86).
cost(8, 14, 49).
cost(8, 15, 90).
cost(8, 16, 91).
cost(8, 17, 81).
cost(8, 18, 57).
cost(8, 19, 59).
cost(8, 20, 89).
cost(8, 21, 88).
cost(8, 22, 58).
cost(8, 23, 79).
cost(8, 24, 81).
cost(9, 1, 27).
cost(9, 2, 85).
cost(9, 3, 66).
cost(9, 4, 28).
cost(9, 5, 80).
cost(9, 6, 87).
cost(9, 7, 55).
cost(9, 8, 94).
cost(9, 10, 49).
cost(9, 11, 71).
cost(9, 12, 39).
cost(9, 13, 61).
cost(9, 14, 87).
cost(9, 15, 22).
cost(9, 16, 38).
cost(9, 17, 33).
cost(9, 18, 37).
cost(9, 19, 84).
cost(9, 20, 13).
cost(9, 21, 34).
cost(9, 22, 39).
cost(9, 23, 72).
cost(9, 24, 54).
cost(10, 1, 33).
cost(10, 2, 99).
cost(10, 3, 47).
cost(10, 4, 21).
cost(10, 5, 89).
cost(10, 6, 104).
cost(10, 7, 76).
cost(10, 8, 100).
cost(10, 9, 49).
cost(10, 11, 70).
cost(10, 12, 73).
cost(10, 13, 22).
cost(10, 14, 69).
cost(10, 15, 69).
cost(10, 16, 13).
cost(10, 17, 24).
cost(10, 18, 59).
cost(10, 19, 60).
cost(10, 20, 60).
cost(10, 21, 80).
cost(10, 22, 67).
cost(10, 23, 37).
cost(10, 24, 22).
cost(11, 1, 50).
cost(11, 2, 34).
cost(11, 3, 29).
cost(11, 4, 68).
cost(11, 5, 22).
cost(11, 6, 39).
cost(11, 7, 31).
cost(11, 8, 30).
cost(11, 9, 71).
cost(11, 10, 70).
cost(11, 12, 51).
cost(11, 13, 55).
cost(11, 14, 29).
cost(11, 15, 73).
cost(11, 16, 62).
cost(11, 17, 52).
cost(11, 18, 37).
cost(11, 19, 35).
cost(11, 20, 69).
cost(11, 21, 74).
cost(11, 22, 43).
cost(11, 23, 50).
cost(11, 24, 51).
cost(12, 1, 40).
cost(12, 2, 50).
cost(12, 3, 62).
cost(12, 4, 57).
cost(12, 5, 49).
cost(12, 6, 52).
cost(12, 7, 22).
cost(12, 8, 64).
cost(12, 9, 39).
cost(12, 10, 73).
cost(12, 11, 51).
cost(12, 13, 74).
cost(12, 14, 77).
cost(12, 15, 27).
cost(12, 16, 60).
cost(12, 17, 49).
cost(12, 18, 17).
cost(12, 19, 78).
cost(12, 20, 28).
cost(12, 21, 24).
cost(12, 22, 9).
cost(12, 23, 79).
cost(12, 24, 66).
cost(13, 1, 37).
cost(13, 2, 87).
cost(13, 3, 28).
cost(13, 4, 37).
cost(13, 5, 76).
cost(13, 6, 93).
cost(13, 7, 70).
cost(13, 8, 86).
cost(13, 9, 61).
cost(13, 10, 22).
cost(13, 11, 55).
cost(13, 12, 74).
cost(13, 14, 48).
cost(13, 15, 78).
cost(13, 16, 25).
cost(13, 17, 28).
cost(13, 18, 57).
cost(13, 19, 38).
cost(13, 20, 69).
cost(13, 21, 87).
cost(13, 22, 66).
cost(13, 23, 15).
cost(13, 24, 8).
cost(14, 1, 62).
cost(14, 2, 59).
cost(14, 3, 23).
cost(14, 4, 75).
cost(14, 5, 48).
cost(14, 6, 65).
cost(14, 7, 60).
cost(14, 8, 49).
cost(14, 9, 87).
cost(14, 10, 69).
cost(14, 11, 29).
cost(14, 12, 77).
cost(14, 13, 48).
cost(14, 15, 95).
cost(14, 16, 65).
cost(14, 17, 59).
cost(14, 18, 61).
cost(14, 19, 11).
cost(14, 20, 89).
cost(14, 21, 99).
cost(14, 22, 68).
cost(14, 23, 36).
cost(14, 24, 47).
cost(15, 1, 41).
cost(15, 2, 77).
cost(15, 3, 76).
cost(15, 4, 49).
cost(15, 5, 75).
cost(15, 6, 79).
cost(15, 7, 48).
cost(15, 8, 90).
cost(15, 9, 22).
cost(15, 10, 69).
cost(15, 11, 73).
cost(15, 12, 27).
cost(15, 13, 78).
cost(15, 14, 95).
cost(15, 16, 57).
cost(15, 17, 50).
cost(15, 18, 35).
cost(15, 19, 93).
cost(15, 20, 9).
cost(15, 21, 12).
cost(15, 22, 32).
cost(15, 23, 87).
cost(15, 24, 70).
cost(16, 1, 20).
cost(16, 2, 88).
cost(16, 3, 42).
cost(16, 4, 12).
cost(16, 5, 79).
cost(16, 6, 93).
cost(16, 7, 64).
cost(16, 8, 91).
cost(16, 9, 38).
cost(16, 10, 13).
cost(16, 11, 62).
cost(16, 12, 60).
cost(16, 13, 25).
cost(16, 14, 65).
cost(16, 15, 57).
cost(16, 17, 12).
cost(16, 18, 47).
cost(16, 19, 57).
cost(16, 20, 48).
cost(16, 21, 68).
cost(16, 22, 54).
cost(16, 23, 38).
cost(16, 24, 20).
cost(17, 1, 9).
cost(17, 2, 77).
cost(17, 3, 36).
cost(17, 4, 17).
cost(17, 5, 68).
cost(17, 6, 81).
cost(17, 7, 52).
cost(17, 8, 81).
cost(17, 9, 33).
cost(17, 10, 24).
cost(17, 11, 52).
cost(17, 12, 49).
cost(17, 13, 28).
cost(17, 14, 59).
cost(17, 15, 50).
cost(17, 16, 12).
cost(17, 18, 35).
cost(17, 19, 53).
cost(17, 20, 41).
cost(17, 21, 59).
cost(17, 22, 43).
cost(17, 23, 39).
cost(17, 24, 21).
cost(18, 1, 27).
cost(18, 2, 48).
cost(18, 3, 45).
cost(18, 4, 46).
cost(18, 5, 42).
cost(18, 6, 51).
cost(18, 7, 19).
cost(18, 8, 57).
cost(18, 9, 37).
cost(18, 10, 59).
cost(18, 11, 37).
cost(18, 12, 17).
cost(18, 13, 57).
cost(18, 14, 61).
cost(18, 15, 35).
cost(18, 16, 47).
cost(18, 17, 35).
cost(18, 19, 61).
cost(18, 20, 32).
cost(18, 21, 38).
cost(18, 22, 9).
cost(18, 23, 61).
cost(18, 24, 49).
cost(19, 1, 57).
cost(19, 2, 67).
cost(19, 3, 18).
cost(19, 4, 69).
cost(19, 5, 56).
cost(19, 6, 73).
cost(19, 7, 63).
cost(19, 8, 59).
cost(19, 9, 84).
cost(19, 10, 60).
cost(19, 11, 35).
cost(19, 12, 78).
cost(19, 13, 38).
cost(19, 14, 11).
cost(19, 15, 93).
cost(19, 16, 57).
cost(19, 17, 53).
cost(19, 18, 61).
cost(19, 20, 87).
cost(19, 21, 99).
cost(19, 22, 69).
cost(19, 23, 25).
cost(19, 24, 39).
cost(20, 1, 32).
cost(20, 2, 77).
cost(20, 3, 69).
cost(20, 4, 39).
cost(20, 5, 74).
cost(20, 6, 80).
cost(20, 7, 48).
cost(20, 8, 89).
cost(20, 9, 13).
cost(20, 10, 60).
cost(20, 11, 69).
cost(20, 12, 28).
cost(20, 13, 69).
cost(20, 14, 89).
cost(20, 15, 9).
cost(20, 16, 48).
cost(20, 17, 41).
cost(20, 18, 32).
cost(20, 19, 87).
cost(20, 21, 21).
cost(20, 22, 31).
cost(20, 23, 79).
cost(20, 24, 62).
cost(21, 1, 50).
cost(21, 2, 73).
cost(21, 3, 82).
cost(21, 4, 60).
cost(21, 5, 73).
cost(21, 6, 74).
cost(21, 7, 46).
cost(21, 8, 88).
cost(21, 9, 34).
cost(21, 10, 80).
cost(21, 11, 74).
cost(21, 12, 24).
cost(21, 13, 87).
cost(21, 14, 99).
cost(21, 15, 12).
cost(21, 16, 68).
cost(21, 17, 59).
cost(21, 18, 38).
cost(21, 19, 99).
cost(21, 20, 21).
cost(21, 22, 32).
cost(21, 23, 95).
cost(21, 24, 79).
cost(22, 1, 34).
cost(22, 2, 47).
cost(22, 3, 53).
cost(22, 4, 53).
cost(22, 5, 43).
cost(22, 6, 49).
cost(22, 7, 17).
cost(22, 8, 58).
cost(22, 9, 39).
cost(22, 10, 67).
cost(22, 11, 43).
cost(22, 12, 9).
cost(22, 13, 66).
cost(22, 14, 68).
cost(22, 15, 32).
cost(22, 16, 54).
cost(22, 17, 43).
cost(22, 18, 9).
cost(22, 19, 69).
cost(22, 20, 31).
cost(22, 21, 32).
cost(22, 23, 70).
cost(22, 24, 58).
cost(23, 1, 46).
cost(23, 2, 84).
cost(23, 3, 22).
cost(23, 4, 51).
cost(23, 5, 72).
cost(23, 6, 89).
cost(23, 7, 71).
cost(23, 8, 79).
cost(23, 9, 72).
cost(23, 10, 37).
cost(23, 11, 50).
cost(23, 12, 79).
cost(23, 13, 15).
cost(23, 14, 36).
cost(23, 15, 87).
cost(23, 16, 38).
cost(23, 17, 39).
cost(23, 18, 61).
cost(23, 19, 25).
cost(23, 20, 79).
cost(23, 21, 95).
cost(23, 22, 70).
cost(23, 24, 19).
cost(24, 1, 29).
cost(24, 2, 82).
cost(24, 3, 25).
cost(24, 4, 32).
cost(24, 5, 71).
cost(24, 6, 87).
cost(24, 7, 63).
cost(24, 8, 81).
cost(24, 9, 54).
cost(24, 10, 22).
cost(24, 11, 51).
cost(24, 12, 66).
cost(24, 13, 8).
cost(24, 14, 47).
cost(24, 15, 70).
cost(24, 16, 20).
cost(24, 17, 21).
cost(24, 18, 49).
cost(24, 19, 39).
cost(24, 20, 62).
cost(24, 21, 79).
cost(24, 22, 58).
cost(24, 23, 19).
