dimension(24).
point(1, 80.8134563547, 14.2533685007).
point(2, 19.6019208957, 64.9057713874).
point(3, 51.8670029169, 81.1812773065).
point(4, 15.8808332203, 83.7085353505).
point(5, 92.2533267377, 40.0641560562).
point(6, 29.1057022365, 44.0207873618).
point(7, 52.0956775391, 2.6561242525).
point(8, 83.9154508258, 60.4004772475).
point(9, 93.159878316, 36.7564039209).
point(10, 11.1342968302, 82.6059922771).
point(11, 22.9346869383, 68.6493731289).
point(12, 63.5321088924, 44.4248380041).
point(13, 16.9694840452, 33.6544196394).
point(14, 62.8776460721, 84.1520754532).
point(15, 53.8935295667, 82.6825259291).
point(16, 22.106234562, 38.4756517409).
point(17, 91.1255277946, 2.8220491573).
point(18, 75.5029282592, 35.7219487879).
point(19, 82.4657112675, 23.4200444904).
point(20, 20.2878787332, 18.7158703689).
point(21, 97.3782964734, 26.7645850132).
point(22, 81.6819130695, 55.4523260707).
point(23, 55.1386622262, 88.9302094444).
point(24, 69.5090894297, 16.4592328489).
cost(1, 2, 79).
cost(1, 3, 73).
cost(1, 4, 95).
cost(1, 5, 28).
cost(1, 6, 60).
cost(1, 7, 31).
cost(1, 8, 46).
cost(1, 9, 26).
cost(1, 10, 98).
cost(1, 11, 79).
cost(1, 12, 35).
cost(1, 13, 67).
cost(1, 14, 72).
cost(1, 15, 74).
cost(1, 16, 64).
cost(1, 17, 15).
cost(1, 18, 22).
cost(1, 19, 9).
cost(1, 20, 61).
cost(1, 21, 21).
cost(1, 22, 41).
cost(1, 23, 79).
cost(1, 24, 12).
cost(2, 1, 79).
cost(2, 3, 36).
cost(2, 4, 19).
cost(2, 5, 77).
cost(2, 6, 23).
cost(2, 7, 70).
cost(2, 8, 64).
cost(2, 9, 79).
cost(2, 10, 20).
cost(2, 11, 5).
cost(2, 12, 48).
cost(2, 13, 31).
cost(2, 14, 47).
cost(2, 15, 39).
cost(2, 16, 27).
cost(2, 17, 95).
cost(2, 18, 63).
cost(2, 19, 75).
cost(2, 20, 46).
cost(2, 21, 87).
cost(2, 22, 63).
cost(2, 23, 43).
cost(2, 24, 70).
cost(3, 1, 73).
cost(3, 2, 36).
cost(3, 4, 36).
cost(3, 5, 58).
cost(3, 6, 44).
cost(3, 7, 79).
cost(3, 8, 38).
cost(3, 9, 61).
cost(3, 10, 41).
cost(3, 11, 32).
cost(3, 12, 39).
cost(3, 13, 59).
cost(3, 14, 11).
cost(3, 15, 3).
cost(3, 16, 52).
cost(3, 17, 88).
cost(3, 18, 51).
cost(3, 19, 65).
cost(3, 20, 70).
cost(3, 21, 71).
cost(3, 22, 39).
cost(3, 23, 8).
cost(3, 24, 67).
cost(4, 1, 95).
cost(4, 2, 19).
cost(4, 3, 36).
cost(4, 5, 88).
cost(4, 6, 42).
cost(4, 7, 89).
cost(4, 8, 72).
cost(4, 9, 90).
cost(4, 10, 5).
cost(4, 11, 17).
cost(4, 12, 62).
cost(4, 13, 50).
cost(4, 14, 47).
cost(4, 15, 38).
cost(4, 16, 46).
cost(4, 17, 110).
cost(4, 18, 77).
cost(4, 19, 90).
cost(4, 20, 65).
cost(4, 21, 99).
cost(4, 22, 72).
cost(4, 23, 40).
cost(4, 24, 86).
cost(5, 1, 28).
cost(5, 2, 77).
cost(5, 3, 58).
cost(5, 4, 88).
cost(5, 6, 63).
cost(5, 7, 55).
cost(5, 8, 22).
cost(5, 9, 3).
cost(5, 10, 92).
cost(5, 11, 75).
cost(5, 12, 29).
cost(5, 13, 76).
cost(5, 14, 53).
cost(5, 15, 57).
cost(5, 16, 70).
cost(5, 17, 37).
cost(5, 18, 17).
cost(5, 19, 19).
cost(5, 20, 75).
cost(5, 21, 14).
cost(5, 22, 19).
cost(5, 23, 61).
cost(5, 24, 33).
cost(6, 1, 60).
cost(6, 2, 23).
cost(6, 3, 44).
cost(6, 4, 42).
cost(6, 5, 63).
cost(6, 7, 47).
cost(6, 8, 57).
cost(6, 9, 64).
cost(6, 10, 43).
cost(6, 11, 25).
cost(6, 12, 34).
cost(6, 13, 16).
cost(6, 14, 52).
cost(6, 15, 46).
cost(6, 16, 9).
cost(6, 17, 74).
cost(6, 18, 47).
cost(6, 19, 57).
cost(6, 20, 27).
cost(6, 21, 70).
cost(6, 22, 54).
cost(6, 23, 52).
cost(6, 24, 49).
cost(7, 1, 31).
cost(7, 2, 70).
cost(7, 3, 79).
cost(7, 4, 89).
cost(7, 5, 55).
cost(7, 6, 47).
cost(7, 8, 66).
cost(7, 9, 53).
cost(7, 10, 90).
cost(7, 11, 72).
cost(7, 12, 43).
cost(7, 13, 47).
cost(7, 14, 82).
cost(7, 15, 80).
cost(7, 16, 47).
cost(7, 17, 39).
cost(7, 18, 41).
cost(7, 19, 37).
cost(7, 20, 36).
cost(7, 21, 51).
cost(7, 22, 61).
cost(7, 23, 86).
cost(7, 24, 22).
cost(8, 1, 46).
cost(8, 2, 64).
cost(8, 3, 38).
cost(8, 4, 72).
cost(8, 5, 22).
cost(8, 6, 57).
cost(8, 7, 66).
cost(8, 9, 25).
cost(8, 10, 76).
cost(8, 11, 62).
cost(8, 12, 26).
cost(8, 13, 72).
cost(8, 14, 32).
cost(8, 15, 37).
cost(8, 16, 66).
cost(8, 17, 58).
cost(8, 18, 26).
cost(8, 19, 37).
cost(8, 20, 76).
cost(8, 21, 36).
cost(8, 22, 5).
cost(8, 23, 41).
cost(8, 24, 46).
cost(9, 1, 26).
cost(9, 2, 79).
cost(9, 3, 61).
cost(9, 4, 90).
cost(9, 5, 3).
cost(9, 6, 64).
cost(9, 7, 53).
cost(9, 8, 25).
cost(9, 10, 94).
cost(9, 11, 77).
cost(9, 12, 31).
cost(9, 13, 76).
cost(9, 14, 56).
cost(9, 15, 60).
cost(9, 16, 71).
cost(9, 17, 34).
cost(9, 18, 18).
cost(9, 19, 17).
cost(9, 20, 75).
cost(9, 21, 11).
cost(9, 22, 22).
cost(9, 23, 65).
cost(9, 24, 31).
cost(10, 1, 98).
cost(10, 2, 20).
cost(10, 3, 41).
cost(10, 4, 5).
cost(10, 5, 92).
cost(10, 6, 43).
cost(10, 7, 90).
cost(10, 8, 76).
cost(10, 9, 94).
cost(10, 11, 18).
cost(10, 12, 65).
cost(10, 13, 49).
cost(10, 14, 52).
cost(10, 15, 43).
cost(10, 16, 45).
cost(10, 17, 113).
cost(10, 18, 80).
cost(10, 19, 93).
cost(10, 20, 65).
cost(10, 21, 103).
cost(10, 22, 76).
cost(10, 23, 44).
cost(10, 24, 88).
cost(11, 1, 79).
cost(11, 2, 5).
cost(11, 3, 32).
cost(11, 4, 17).
cost(11, 5, 75).
cost(11, 6, 25).
cost(11, 7, 72).
cost(11, 8, 62).
cost(11, 9, 77).
cost(11, 10, 18).
cost(11, 12, 47).
cost(11, 13, 35).
cost(11, 14, 43).
cost(11, 15, 34).
cost(11, 16, 30).
cost(11, 17, 95).
cost(11, 18, 62).
cost(11, 19, 75).
cost(11, 20, 50).
cost(11, 21, 85).
cost(11, 22, 60).
cost(11, 23, 38).
cost(11, 24, 70).
cost(12, 1, 35).
cost(12, 2, 48).
cost(12, 3, 39).
cost(12, 4, 62).
cost(12, 5, 29).
cost(12, 6, 34).
cost(12, 7, 43).
cost(12, 8, 26).
cost(12, 9, 31).
cost(12, 10, 65).
cost(12, 11, 47).
cost(12, 13, 48).
cost(12, 14, 40).
cost(12, 15, 39).
cost(12, 16, 42).
cost(12, 17, 50).
cost(12, 18, 15).
cost(12, 19, 28).
cost(12, 20, 50).
cost(12, 21, 38).
cost(12, 22, 21).
cost(12, 23, 45).
cost(12, 24, 29).
cost(13, 1, 67).
cost(13, 2, 31).
cost(13, 3, 59).
cost(13, 4, 50).
cost(13, 5, 76).
cost(13, 6, 16).
cost(13, 7, 47).
cost(13, 8, 72).
cost(13, 9, 76).
cost(13, 10, 49).
cost(13, 11, 35).
cost(13, 12, 48).
cost(13, 14, 68).
cost(13, 15, 61).
cost(13, 16, 7).
cost(13, 17, 80).
cost(13, 18, 59).
cost(13, 19, 66).
cost(13, 20, 15).
cost(13, 21, 81).
cost(13, 22, 68).
cost(13, 23, 67).
cost(13, 24, 55).
cost(14, 1, 72).
cost(14, 2, 47).
cost(14, 3, 11).
cost(14, 4, 47).
cost(14, 5, 53).
cost(14, 6, 52).
cost(14, 7, 82).
cost(14, 8, 32).
cost(14, 9, 56).
cost(14, 10, 52).
cost(14, 11, 43).
cost(14, 12, 40).
cost(14, 13, 68).
cost(14, 15, 9).
cost(14, 16, 61).
cost(14, 17, 86).
cost(14, 18, 50).
cost(14, 19, 64).
cost(14, 20, 78).
cost(14, 21, 67).
cost(14, 22, 34).
cost(14, 23, 9).
cost(14, 24, 68).
cost(15, 1, 74).
cost(15, 2, 39).
cost(15, 3, 3).
cost(15, 4, 38).
cost(15, 5, 57).
cost(15, 6, 46).
cost(15, 7, 80).
cost(15, 8, 37).
cost(15, 9, 60).
cost(15, 10, 43).
cost(15, 11, 34).
cost(15, 12, 39).
cost(15, 13, 61).
cost(15, 14, 9).
cost(15, 16, 54).
cost(15, 17, 88).
cost(15, 18, 52).
cost(15, 19, 66).
cost(15, 20, 72).
cost(15, 21, 71).
cost(15, 22, 39).
cost(15, 23, 6).
cost(15, 24, 68).
cost(16, 1, 64).
cost(16, 2, 27).
cost(16, 3, 52).
cost(16, 4, 46).
cost(16, 5, 70).
cost(16, 6, 9).
cost(16, 7, 47).
cost(16, 8, 66).
cost(16, 9, 71).
cost(16, 10, 45).
cost(16, 11, 30).
cost(16, 12, 42).
cost(16, 13, 7).
cost(16, 14, 61).
cost(16, 15, 54).
cost(16, 17, 78).
cost(16, 18, 53).
cost(16, 19, 62).
cost(16, 20, 20).
cost(16, 21, 76).
cost(16, 22, 62).
cost(16, 23, 60).
cost(16, 24, 52).
cost(17, 1, 15).
cost(17, 2, 95).
cost(17, 3, 88).
cost(17, 4, 110).
cost(17, 5, 37).
cost(17, 6, 74).
cost(17, 7, 39).
cost(17, 8, 58).
cost(17, 9, 34).
cost(17, 10, 113).
cost(17, 11, 95).
cost(17, 12, 50).
cost(17, 13, 80).
cost(17, 14, 86).
cost(17, 15, 88).
cost(17, 16, 78).
cost(17, 18, 36).
cost(17, 19, 22).
cost(17, 20, 73).
cost(17, 21, 25).
cost(17, 22, 53).
cost(17, 23, 93).
cost(17, 24, 26).
cost(18, 1, 22).
cost(18, 2, 63).
cost(18, 3, 51).
cost(18, 4, 77).
cost(18, 5, 17).
cost(18, 6, 47).
cost(18, 7, 41).
cost(18, 8, 26).
cost(18, 9, 18).
cost(18, 10, 80).
cost(18, 11, 62).
cost(18, 12, 15).
cost(18, 13, 59).
cost(18, 14, 50).
cost(18, 15, 52).
cost(18, 16, 53).
cost(18, 17, 36).
cost(18, 19, 14).
cost(18, 20, 58).
cost(18, 21, 24).
cost(18, 22, 21).
cost(18, 23, 57).
cost(18, 24, 20).
cost(19, 1, 9).
cost(19, 2, 75).
cost(19, 3, 65).
cost(19, 4, 90).
cost(19, 5, 19).
cost(19, 6, 57).
cost(19, 7, 37).
cost(19, 8, 37).
cost(19, 9, 17).
cost(19, 10, 93).
cost(19, 11, 75).
cost(19, 12, 28).
cost(19, 13, 66).
cost(19, 14, 64).
cost(19, 15, 66).
cost(19, 16, 62).
cost(19, 17, 22).
cost(19, 18, 14).
cost(19, 20, 62).
cost(19, 21, 15).
cost(19, 22, 32).
cost(19, 23, 71).
cost(19, 24, 15).
cost(20, 1, 61).
cost(20, 2, 46).
cost(20, 3, 70).
cost(20, 4, 65).
cost(20, 5, 75).
cost(20, 6, 27).
cost(20, 7, 36).
cost(20, 8, 76).
cost(20, 9, 75).
cost(20, 10, 65).
cost(20, 11, 50).
cost(20, 12, 50).
cost(20, 13, 15).
cost(20, 14, 78).
cost(20, 15, 72).
cost(20, 16, 20).
cost(20, 17, 73).
cost(20, 18, 58).
cost(20, 19, 62).
cost(20, 21, 78).
cost(20, 22, 72).
cost(20, 23, 78).
cost(20, 24, 49).
cost(21, 1, 21).
cost(21, 2, 87).
cost(21, 3, 71).
cost(21, 4, 99).
cost(21, 5, 14).
cost(21, 6, 70).
cost(21, 7, 51).
cost(21, 8, 36).
cost(21, 9, 11).
cost(21, 10, 103).
cost(21, 11, 85).
cost(21, 12, 38).
cost(21, 13, 81).
cost(21, 14, 67).
cost(21, 15, 71).
cost(21, 16, 76).
cost(21, 17, 25).
cost(21, 18, 24).
cost(21, 19, 15).
cost(21, 20, 78).
cost(21, 22, 33).
cost(21, 23, 75).
cost(21, 24, 30).
cost(22, 1, 41).
cost(22, 2, 63).
cost(22, 3, 39).
cost(22, 4, 72).
cost(22, 5, 19).
cost(22, 6, 54).
cost(22, 7, 61).
cost(22, 8, 5).
cost(22, 9, 22).
cost(22, 10, 76).
cost(22, 11, 60).
cost(22, 12, 21).
cost(22, 13, 68).
cost(22, 14, 34).
cost(22, 15, 39).
cost(22, 16, 62).
cost(22, 17, 53).
cost(22, 18, 21).
cost(22, 19, 32).
cost(22, 20, 72).
cost(22, 21, 33).
cost(22, 23, 43).
cost(22, 24, 41).
cost(23, 1, 79).
cost(23, 2, 43).
cost(23, 3, 8).
cost(23, 4, 40).
cost(23, 5, 61).
cost(23, 6, 52).
cost(23, 7, 86).
cost(23, 8, 41).
cost(23, 9, 65).
cost(23, 10, 44).
cost(23, 11, 38).
cost(23, 12, 45).
cost(23, 13, 67).
cost(23, 14, 9).
cost(23, 15, 6).
cost(23, 16, 60).
cost(23, 17, 93).
cost(23, 18, 57).
cost(23, 19, 71).
cost(23, 20, 78).
cost(23, 21, 75).
cost(23, 22, 43).
cost(23, 24, 74).
cost(24, 1, 12).
cost(24, 2, 70).
cost(24, 3, 67).
cost(24, 4, 86).
cost(24, 5, 33).
cost(24, 6, 49).
cost(24, 7, 22).
cost(24, 8, 46).
cost(24, 9, 31).
cost(24, 10, 88).
cost(24, 11, 70).
cost(24, 12, 29).
cost(24, 13, 55).
cost(24, 14, 68).
cost(24, 15, 68).
cost(24, 16, 52).
cost(24, 17, 26).
cost(24, 18, 20).
cost(24, 19, 15).
cost(24, 20, 49).
cost(24, 21, 30).
cost(24, 22, 41).
cost(24, 23, 74).
