dimension(24).
point(1, 99.2925362344, 95.7277144638).
point(2, 44.3075361863, 10.9810223739).
point(3, 15.0391362147, 51.3839821731).
point(4, 11.7878772595, 44.4946387914).
point(5, 51.8820936488, 81.7172810411).
point(6, 75.646117169, 45.6516333154).
point(7, 51.0444314692, 62.6636751277).
point(8, 90.0496793222, 43.9484431409).
point(9, 26.2907941515, 22.3626241677).
point(10, 45.7434588669, 18.2239781695).
point(11, 23.6196401144, 33.1251501273).
point(12, 48.2407806584, 72.0187999837).
point(13, 79.5432766905, 55.8873233848).
point(14, 21.6081786607, 55.005210321).
point(15, 60.7316404876, 74.6142331394).
point(16, 11.3031882451, 43.5643362887).
point(17, 67.9381453291, 73.3386069989).
point(18, 4.4523813778, 38.0398229704).
point(19, 99.1149742136, 80.9284060104).
point(20, 41.5792355649, 33.7287325514).
point(21, 81.6948154689, 90.7346672917).
point(22, 30.2422688025, 31.4022339521).
point(23, 75.2792848955, 9.819297365).
point(24, 93.8774685201, 84.4638403302).
cost(1, 2, 101).
cost(1, 3, 95).
cost(1, 4, 101).
cost(1, 5, 49).
cost(1, 6, 55).
cost(1, 7, 58).
cost(1, 8, 53).
cost(1, 9, 103).
cost(1, 10, 94).
cost(1, 11, 98).
cost(1, 12, 56).
cost(1, 13, 44).
cost(1, 14, 88).
cost(1, 15, 44).
cost(1, 16, 102).
cost(1, 17, 39).
cost(1, 18, 111).
cost(1, 19, 15).
cost(1, 20, 85).
cost(1, 21, 18).
cost(1, 22, 94).
cost(1, 23, 89).
cost(1, 24, 12).
cost(2, 1, 101).
cost(2, 3, 50).
cost(2, 4, 47).
cost(2, 5, 71).
cost(2, 6, 47).
cost(2, 7, 52).
cost(2, 8, 56).
cost(2, 9, 21).
cost(2, 10, 7).
cost(2, 11, 30).
cost(2, 12, 61).
cost(2, 13, 57).
cost(2, 14, 50).
cost(2, 15, 66).
cost(2, 16, 46).
cost(2, 17, 67).
cost(2, 18, 48).
cost(2, 19, 89).
cost(2, 20, 23).
cost(2, 21, 88).
cost(2, 22, 25).
cost(2, 23, 31).
cost(2, 24, 89).
cost(3, 1, 95).
cost(3, 2, 50).
cost(3, 4, 8).
cost(3, 5, 48).
cost(3, 6, 61).
cost(3, 7, 38).
cost(3, 8, 75).
cost(3, 9, 31).
cost(3, 10, 45).
cost(3, 11, 20).
cost(3, 12, 39).
cost(3, 13, 65).
cost(3, 14, 8).
cost(3, 15, 51).
cost(3, 16, 9).
cost(3, 17, 57).
cost(3, 18, 17).
cost(3, 19, 89).
cost(3, 20, 32).
cost(3, 21, 77).
cost(3, 22, 25).
cost(3, 23, 73).
cost(3, 24, 85).
cost(4, 1, 101).
cost(4, 2, 47).
cost(4, 3, 8).
cost(4, 5, 55).
cost(4, 6, 64).
cost(4, 7, 43).
cost(4, 8, 78).
cost(4, 9, 26).
cost(4, 10, 43).
cost(4, 11, 16).
cost(4, 12, 46).
cost(4, 13, 69).
cost(4, 14, 14).
cost(4, 15, 57).
cost(4, 16, 1).
cost(4, 17, 63).
cost(4, 18, 10).
cost(4, 19, 95).
cost(4, 20, 32).
cost(4, 21, 84).
cost(4, 22, 23).
cost(4, 23, 72).
cost(4, 24, 91).
cost(5, 1, 49).
cost(5, 2, 71).
cost(5, 3, 48).
cost(5, 4, 55).
cost(5, 6, 43).
cost(5, 7, 19).
cost(5, 8, 54).
cost(5, 9, 65).
cost(5, 10, 64).
cost(5, 11, 56).
cost(5, 12, 10).
cost(5, 13, 38).
cost(5, 14, 40).
cost(5, 15, 11).
cost(5, 16, 56).
cost(5, 17, 18).
cost(5, 18, 64).
cost(5, 19, 47).
cost(5, 20, 49).
cost(5, 21, 31).
cost(5, 22, 55).
cost(5, 23, 76).
cost(5, 24, 42).
cost(6, 1, 55).
cost(6, 2, 47).
cost(6, 3, 61).
cost(6, 4, 64).
cost(6, 5, 43).
cost(6, 7, 30).
cost(6, 8, 15).
cost(6, 9, 55).
cost(6, 10, 41).
cost(6, 11, 54).
cost(6, 12, 38).
cost(6, 13, 11).
cost(6, 14, 55).
cost(6, 15, 33).
cost(6, 16, 64).
cost(6, 17, 29).
cost(6, 18, 72).
cost(6, 19, 42).
cost(6, 20, 36).
cost(6, 21, 45).
cost(6, 22, 48).
cost(6, 23, 36).
cost(6, 24, 43).
cost(7, 1, 58).
cost(7, 2, 52).
cost(7, 3, 38).
cost(7, 4, 43).
cost(7, 5, 19).
cost(7, 6, 30).
cost(7, 8, 43).
cost(7, 9, 47).
cost(7, 10, 45).
cost(7, 11, 40).
cost(7, 12, 10).
cost(7, 13, 29).
cost(7, 14, 30).
cost(7, 15, 15).
cost(7, 16, 44).
cost(7, 17, 20).
cost(7, 18, 53).
cost(7, 19, 51).
cost(7, 20, 30).
cost(7, 21, 42).
cost(7, 22, 38).
cost(7, 23, 58).
cost(7, 24, 48).
cost(8, 1, 53).
cost(8, 2, 56).
cost(8, 3, 75).
cost(8, 4, 78).
cost(8, 5, 54).
cost(8, 6, 15).
cost(8, 7, 43).
cost(8, 9, 67).
cost(8, 10, 51).
cost(8, 11, 67).
cost(8, 12, 50).
cost(8, 13, 16).
cost(8, 14, 69).
cost(8, 15, 42).
cost(8, 16, 79).
cost(8, 17, 37).
cost(8, 18, 86).
cost(8, 19, 38).
cost(8, 20, 50).
cost(8, 21, 48).
cost(8, 22, 61).
cost(8, 23, 37).
cost(8, 24, 41).
cost(9, 1, 103).
cost(9, 2, 21).
cost(9, 3, 31).
cost(9, 4, 26).
cost(9, 5, 65).
cost(9, 6, 55).
cost(9, 7, 47).
cost(9, 8, 67).
cost(9, 10, 20).
cost(9, 11, 11).
cost(9, 12, 54).
cost(9, 13, 63).
cost(9, 14, 33).
cost(9, 15, 63).
cost(9, 16, 26).
cost(9, 17, 66).
cost(9, 18, 27).
cost(9, 19, 93).
cost(9, 20, 19).
cost(9, 21, 88).
cost(9, 22, 10).
cost(9, 23, 51).
cost(9, 24, 92).
cost(10, 1, 94).
cost(10, 2, 7).
cost(10, 3, 45).
cost(10, 4, 43).
cost(10, 5, 64).
cost(10, 6, 41).
cost(10, 7, 45).
cost(10, 8, 51).
cost(10, 9, 20).
cost(10, 11, 27).
cost(10, 12, 54).
cost(10, 13, 51).
cost(10, 14, 44).
cost(10, 15, 58).
cost(10, 16, 43).
cost(10, 17, 59).
cost(10, 18, 46).
cost(10, 19, 82).
cost(10, 20, 16).
cost(10, 21, 81).
cost(10, 22, 20).
cost(10, 23, 31).
cost(10, 24, 82).
cost(11, 1, 98).
cost(11, 2, 30).
cost(11, 3, 20).
cost(11, 4, 16).
cost(11, 5, 56).
cost(11, 6, 54).
cost(11, 7, 40).
cost(11, 8, 67).
cost(11, 9, 11).
cost(11, 10, 27).
cost(11, 12, 46).
cost(11, 13, 60).
cost(11, 14, 22).
cost(11, 15, 56).
cost(11, 16, 16).
cost(11, 17, 60).
cost(11, 18, 20).
cost(11, 19, 89).
cost(11, 20, 18).
cost(11, 21, 82).
cost(11, 22, 7).
cost(11, 23, 57).
cost(11, 24, 87).
cost(12, 1, 56).
cost(12, 2, 61).
cost(12, 3, 39).
cost(12, 4, 46).
cost(12, 5, 10).
cost(12, 6, 38).
cost(12, 7, 10).
cost(12, 8, 50).
cost(12, 9, 54).
cost(12, 10, 54).
cost(12, 11, 46).
cost(12, 13, 35).
cost(12, 14, 32).
cost(12, 15, 13).
cost(12, 16, 47).
cost(12, 17, 20).
cost(12, 18, 55).
cost(12, 19, 52).
cost(12, 20, 39).
cost(12, 21, 38).
cost(12, 22, 44).
cost(12, 23, 68).
cost(12, 24, 47).
cost(13, 1, 44).
cost(13, 2, 57).
cost(13, 3, 65).
cost(13, 4, 69).
cost(13, 5, 38).
cost(13, 6, 11).
cost(13, 7, 29).
cost(13, 8, 16).
cost(13, 9, 63).
cost(13, 10, 51).
cost(13, 11, 60).
cost(13, 12, 35).
cost(13, 14, 58).
cost(13, 15, 27).
cost(13, 16, 69).
cost(13, 17, 21).
cost(13, 18, 77).
cost(13, 19, 32).
cost(13, 20, 44).
cost(13, 21, 35).
cost(13, 22, 55).
cost(13, 23, 46).
cost(13, 24, 32).
cost(14, 1, 88).
cost(14, 2, 50).
cost(14, 3, 8).
cost(14, 4, 14).
cost(14, 5, 40).
cost(14, 6, 55).
cost(14, 7, 30).
cost(14, 8, 69).
cost(14, 9, 33).
cost(14, 10, 44).
cost(14, 11, 22).
cost(14, 12, 32).
cost(14, 13, 58).
cost(14, 15, 44).
cost(14, 16, 15).
cost(14, 17, 50).
cost(14, 18, 24).
cost(14, 19, 82).
cost(14, 20, 29).
cost(14, 21, 70).
cost(14, 22, 25).
cost(14, 23, 70).
cost(14, 24, 78).
cost(15, 1, 44).
cost(15, 2, 66).
cost(15, 3, 51).
cost(15, 4, 57).
cost(15, 5, 11).
cost(15, 6, 33).
cost(15, 7, 15).
cost(15, 8, 42).
cost(15, 9, 63).
cost(15, 10, 58).
cost(15, 11, 56).
cost(15, 12, 13).
cost(15, 13, 27).
cost(15, 14, 44).
cost(15, 16, 58).
cost(15, 17, 7).
cost(15, 18, 67).
cost(15, 19, 39).
cost(15, 20, 45).
cost(15, 21, 26).
cost(15, 22, 53).
cost(15, 23, 66).
cost(15, 24, 35).
cost(16, 1, 102).
cost(16, 2, 46).
cost(16, 3, 9).
cost(16, 4, 1).
cost(16, 5, 56).
cost(16, 6, 64).
cost(16, 7, 44).
cost(16, 8, 79).
cost(16, 9, 26).
cost(16, 10, 43).
cost(16, 11, 16).
cost(16, 12, 47).
cost(16, 13, 69).
cost(16, 14, 15).
cost(16, 15, 58).
cost(16, 17, 64).
cost(16, 18, 9).
cost(16, 19, 95).
cost(16, 20, 32).
cost(16, 21, 85).
cost(16, 22, 23).
cost(16, 23, 72).
cost(16, 24, 92).
cost(17, 1, 39).
cost(17, 2, 67).
cost(17, 3, 57).
cost(17, 4, 63).
cost(17, 5, 18).
cost(17, 6, 29).
cost(17, 7, 20).
cost(17, 8, 37).
cost(17, 9, 66).
cost(17, 10, 59).
cost(17, 11, 60).
cost(17, 12, 20).
cost(17, 13, 21).
cost(17, 14, 50).
cost(17, 15, 7).
cost(17, 16, 64).
cost(17, 18, 73).
cost(17, 19, 32).
cost(17, 20, 48).
cost(17, 21, 22).
cost(17, 22, 56).
cost(17, 23, 64).
cost(17, 24, 28).
cost(18, 1, 111).
cost(18, 2, 48).
cost(18, 3, 17).
cost(18, 4, 10).
cost(18, 5, 64).
cost(18, 6, 72).
cost(18, 7, 53).
cost(18, 8, 86).
cost(18, 9, 27).
cost(18, 10, 46).
cost(18, 11, 20).
cost(18, 12, 55).
cost(18, 13, 77).
cost(18, 14, 24).
cost(18, 15, 67).
cost(18, 16, 9).
cost(18, 17, 73).
cost(18, 19, 104).
cost(18, 20, 37).
cost(18, 21, 94).
cost(18, 22, 27).
cost(18, 23, 76).
cost(18, 24, 101).
cost(19, 1, 15).
cost(19, 2, 89).
cost(19, 3, 89).
cost(19, 4, 95).
cost(19, 5, 47).
cost(19, 6, 42).
cost(19, 7, 51).
cost(19, 8, 38).
cost(19, 9, 93).
cost(19, 10, 82).
cost(19, 11, 89).
cost(19, 12, 52).
cost(19, 13, 32).
cost(19, 14, 82).
cost(19, 15, 39).
cost(19, 16, 95).
cost(19, 17, 32).
cost(19, 18, 104).
cost(19, 20, 74).
cost(19, 21, 20).
cost(19, 22, 85).
cost(19, 23, 75).
cost(19, 24, 6).
cost(20, 1, 85).
cost(20, 2, 23).
cost(20, 3, 32).
cost(20, 4, 32).
cost(20, 5, 49).
cost(20, 6, 36).
cost(20, 7, 30).
cost(20, 8, 50).
cost(20, 9, 19).
cost(20, 10, 16).
cost(20, 11, 18).
cost(20, 12, 39).
cost(20, 13, 44).
cost(20, 14, 29).
cost(20, 15, 45).
cost(20, 16, 32).
cost(20, 17, 48).
cost(20, 18, 37).
cost(20, 19, 74).
cost(20, 21, 70).
cost(20, 22, 12).
cost(20, 23, 41).
cost(20, 24, 73).
cost(21, 1, 18).
cost(21, 2, 88).
cost(21, 3, 77).
cost(21, 4, 84).
cost(21, 5, 31).
cost(21, 6, 45).
cost(21, 7, 42).
cost(21, 8, 48).
cost(21, 9, 88).
cost(21, 10, 81).
cost(21, 11, 82).
cost(21, 12, 38).
cost(21, 13, 35).
cost(21, 14, 70).
cost(21, 15, 26).
cost(21, 16, 85).
cost(21, 17, 22).
cost(21, 18, 94).
cost(21, 19, 20).
cost(21, 20, 70).
cost(21, 22, 79).
cost(21, 23, 81).
cost(21, 24, 14).
cost(22, 1, 94).
cost(22, 2, 25).
cost(22, 3, 25).
cost(22, 4, 23).
cost(22, 5, 55).
cost(22, 6, 48).
cost(22, 7, 38).
cost(22, 8, 61).
cost(22, 9, 10).
cost(22, 10, 20).
cost(22, 11, 7).
cost(22, 12, 44).
cost(22, 13, 55).
cost(22, 14, 25).
cost(22, 15, 53).
cost(22, 16, 23).
cost(22, 17, 56).
cost(22, 18, 27).
cost(22, 19, 85).
cost(22, 20, 12).
cost(22, 21, 79).
cost(22, 23, 50).
cost(22, 24, 83).
cost(23, 1, 89).
cost(23, 2, 31).
cost(23, 3, 73).
cost(23, 4, 72).
cost(23, 5, 76).
cost(23, 6, 36).
cost(23, 7, 58).
cost(23, 8, 37).
cost(23, 9, 51).
cost(23, 10, 31).
cost(23, 11, 57).
cost(23, 12, 68).
cost(23, 13, 46).
cost(23, 14, 70).
cost(23, 15, 66).
cost(23, 16, 72).
cost(23, 17, 64).
cost(23, 18, 76).
cost(23, 19, 75).
cost(23, 20, 41).
cost(23, 21, 81).
cost(23, 22, 50).
cost(23, 24, 77).
cost(24, 1, 12).
cost(24, 2, 89).
cost(24, 3, 85).
cost(24, 4, 91).
cost(24, 5, 42).
cost(24, 6, 43).
cost(24, 7, 48).
cost(24, 8, 41).
cost(24, 9, 92).
cost(24, 10, 82).
cost(24, 11, 87).
cost(24, 12, 47).
cost(24, 13, 32).
cost(24, 14, 78).
cost(24, 15, 35).
cost(24, 16, 92).
cost(24, 17, 28).
cost(24, 18, 101).
cost(24, 19, 6).
cost(24, 20, 73).
cost(24, 21, 14).
cost(24, 22, 83).
cost(24, 23, 77).
