dimension(24).
point(1, 59.1528965076, 48.1969427654).
point(2, 22.5331544577, 70.1258916341).
point(3, 96.9394764149, 22.3232787208).
point(4, 45.0259523243, 12.5644069869).
point(5, 50.5817513065, 95.459050707).
point(6, 98.2854462741, 45.161510634).
point(7, 87.5673987839, 45.9296742848).
point(8, 23.6758284058, 21.4399712519).
point(9, 64.9443298365, 46.7389953821).
point(10, 88.9962193529, 19.7458300126).
point(11, 14.263789894, 60.3742591596).
point(12, 66.0140189406, 76.9619971178).
point(13, 35.034721494, 8.3268355399).
point(14, 68.6707855287, 45.8857929951).
point(15, 92.5265378639, 34.7633730329).
point(16, 79.7487066403, 86.8922515498).
point(17, 57.8106111233, 95.1066364223).
point(18, 96.1531459337, 45.5268849893).
point(19, 20.2165086171, 88.5648565485).
point(20, 71.5687549713, 31.0339773125).
point(21, 87.7008083308, 36.9061257515).
point(22, 84.5868887302, 41.7879857324).
point(23, 26.2401577704, 19.5077195925).
point(24, 15.1087536818, 76.9246957095).
cost(1, 2, 43).
cost(1, 3, 46).
cost(1, 4, 38).
cost(1, 5, 48).
cost(1, 6, 39).
cost(1, 7, 29).
cost(1, 8, 44).
cost(1, 9, 6).
cost(1, 10, 41).
cost(1, 11, 47).
cost(1, 12, 30).
cost(1, 13, 47).
cost(1, 14, 10).
cost(1, 15, 36).
cost(1, 16, 44).
cost(1, 17, 47).
cost(1, 18, 37).
cost(1, 19, 56).
cost(1, 20, 21).
cost(1, 21, 31).
cost(1, 22, 26).
cost(1, 23, 44).
cost(1, 24, 53).
cost(2, 1, 43).
cost(2, 3, 88).
cost(2, 4, 62).
cost(2, 5, 38).
cost(2, 6, 80).
cost(2, 7, 69).
cost(2, 8, 49).
cost(2, 9, 48).
cost(2, 10, 83).
cost(2, 11, 13).
cost(2, 12, 44).
cost(2, 13, 63).
cost(2, 14, 52).
cost(2, 15, 78).
cost(2, 16, 60).
cost(2, 17, 43).
cost(2, 18, 78).
cost(2, 19, 19).
cost(2, 20, 63).
cost(2, 21, 73).
cost(2, 22, 68).
cost(2, 23, 51).
cost(2, 24, 10).
cost(3, 1, 46).
cost(3, 2, 88).
cost(3, 4, 53).
cost(3, 5, 87).
cost(3, 6, 23).
cost(3, 7, 25).
cost(3, 8, 73).
cost(3, 9, 40).
cost(3, 10, 8).
cost(3, 11, 91).
cost(3, 12, 63).
cost(3, 13, 63).
cost(3, 14, 37).
cost(3, 15, 13).
cost(3, 16, 67).
cost(3, 17, 83).
cost(3, 18, 23).
cost(3, 19, 101).
cost(3, 20, 27).
cost(3, 21, 17).
cost(3, 22, 23).
cost(3, 23, 71).
cost(3, 24, 98).
cost(4, 1, 38).
cost(4, 2, 62).
cost(4, 3, 53).
cost(4, 5, 83).
cost(4, 6, 62).
cost(4, 7, 54).
cost(4, 8, 23).
cost(4, 9, 40).
cost(4, 10, 45).
cost(4, 11, 57).
cost(4, 12, 68).
cost(4, 13, 11).
cost(4, 14, 41).
cost(4, 15, 52).
cost(4, 16, 82).
cost(4, 17, 84).
cost(4, 18, 61).
cost(4, 19, 80).
cost(4, 20, 32).
cost(4, 21, 49).
cost(4, 22, 49).
cost(4, 23, 20).
cost(4, 24, 71).
cost(5, 1, 48).
cost(5, 2, 38).
cost(5, 3, 87).
cost(5, 4, 83).
cost(5, 6, 69).
cost(5, 7, 62).
cost(5, 8, 79).
cost(5, 9, 51).
cost(5, 10, 85).
cost(5, 11, 50).
cost(5, 12, 24).
cost(5, 13, 89).
cost(5, 14, 53).
cost(5, 15, 74).
cost(5, 16, 30).
cost(5, 17, 7).
cost(5, 18, 68).
cost(5, 19, 31).
cost(5, 20, 68).
cost(5, 21, 69).
cost(5, 22, 64).
cost(5, 23, 80).
cost(5, 24, 40).
cost(6, 1, 39).
cost(6, 2, 80).
cost(6, 3, 23).
cost(6, 4, 62).
cost(6, 5, 69).
cost(6, 7, 11).
cost(6, 8, 78).
cost(6, 9, 33).
cost(6, 10, 27).
cost(6, 11, 85).
cost(6, 12, 45).
cost(6, 13, 73).
cost(6, 14, 30).
cost(6, 15, 12).
cost(6, 16, 46).
cost(6, 17, 64).
cost(6, 18, 2).
cost(6, 19, 89).
cost(6, 20, 30).
cost(6, 21, 13).
cost(6, 22, 14).
cost(6, 23, 76).
cost(6, 24, 89).
cost(7, 1, 29).
cost(7, 2, 69).
cost(7, 3, 25).
cost(7, 4, 54).
cost(7, 5, 62).
cost(7, 6, 11).
cost(7, 8, 68).
cost(7, 9, 23).
cost(7, 10, 26).
cost(7, 11, 75).
cost(7, 12, 38).
cost(7, 13, 65).
cost(7, 14, 19).
cost(7, 15, 12).
cost(7, 16, 42).
cost(7, 17, 57).
cost(7, 18, 9).
cost(7, 19, 80).
cost(7, 20, 22).
cost(7, 21, 9).
cost(7, 22, 5).
cost(7, 23, 67).
cost(7, 24, 79).
cost(8, 1, 44).
cost(8, 2, 49).
cost(8, 3, 73).
cost(8, 4, 23).
cost(8, 5, 79).
cost(8, 6, 78).
cost(8, 7, 68).
cost(8, 9, 48).
cost(8, 10, 65).
cost(8, 11, 40).
cost(8, 12, 70).
cost(8, 13, 17).
cost(8, 14, 51).
cost(8, 15, 70).
cost(8, 16, 86).
cost(8, 17, 81).
cost(8, 18, 76).
cost(8, 19, 67).
cost(8, 20, 49).
cost(8, 21, 66).
cost(8, 22, 64).
cost(8, 23, 3).
cost(8, 24, 56).
cost(9, 1, 6).
cost(9, 2, 48).
cost(9, 3, 40).
cost(9, 4, 40).
cost(9, 5, 51).
cost(9, 6, 33).
cost(9, 7, 23).
cost(9, 8, 48).
cost(9, 10, 36).
cost(9, 11, 52).
cost(9, 12, 30).
cost(9, 13, 49).
cost(9, 14, 4).
cost(9, 15, 30).
cost(9, 16, 43).
cost(9, 17, 49).
cost(9, 18, 31).
cost(9, 19, 61).
cost(9, 20, 17).
cost(9, 21, 25).
cost(9, 22, 20).
cost(9, 23, 47).
cost(9, 24, 58).
cost(10, 1, 41).
cost(10, 2, 83).
cost(10, 3, 8).
cost(10, 4, 45).
cost(10, 5, 85).
cost(10, 6, 27).
cost(10, 7, 26).
cost(10, 8, 65).
cost(10, 9, 36).
cost(10, 11, 85).
cost(10, 12, 62).
cost(10, 13, 55).
cost(10, 14, 33).
cost(10, 15, 15).
cost(10, 16, 68).
cost(10, 17, 82).
cost(10, 18, 27).
cost(10, 19, 97).
cost(10, 20, 21).
cost(10, 21, 17).
cost(10, 22, 22).
cost(10, 23, 63).
cost(10, 24, 93).
cost(11, 1, 47).
cost(11, 2, 13).
cost(11, 3, 91).
cost(11, 4, 57).
cost(11, 5, 50).
cost(11, 6, 85).
cost(11, 7, 75).
cost(11, 8, 40).
cost(11, 9, 52).
cost(11, 10, 85).
cost(11, 12, 54).
cost(11, 13, 56).
cost(11, 14, 56).
cost(11, 15, 82).
cost(11, 16, 71).
cost(11, 17, 56).
cost(11, 18, 83).
cost(11, 19, 29).
cost(11, 20, 64).
cost(11, 21, 77).
cost(11, 22, 73).
cost(11, 23, 43).
cost(11, 24, 17).
cost(12, 1, 30).
cost(12, 2, 44).
cost(12, 3, 63).
cost(12, 4, 68).
cost(12, 5, 24).
cost(12, 6, 45).
cost(12, 7, 38).
cost(12, 8, 70).
cost(12, 9, 30).
cost(12, 10, 62).
cost(12, 11, 54).
cost(12, 13, 75).
cost(12, 14, 31).
cost(12, 15, 50).
cost(12, 16, 17).
cost(12, 17, 20).
cost(12, 18, 44).
cost(12, 19, 47).
cost(12, 20, 46).
cost(12, 21, 46).
cost(12, 22, 40).
cost(12, 23, 70).
cost(12, 24, 51).
cost(13, 1, 47).
cost(13, 2, 63).
cost(13, 3, 63).
cost(13, 4, 11).
cost(13, 5, 89).
cost(13, 6, 73).
cost(13, 7, 65).
cost(13, 8, 17).
cost(13, 9, 49).
cost(13, 10, 55).
cost(13, 11, 56).
cost(13, 12, 75).
cost(13, 14, 50).
cost(13, 15, 63).
cost(13, 16, 90).
cost(13, 17, 90).
cost(13, 18, 72).
cost(13, 19, 82).
cost(13, 20, 43).
cost(13, 21, 60).
cost(13, 22, 60).
cost(13, 23, 14).
cost(13, 24, 71).
cost(14, 1, 10).
cost(14, 2, 52).
cost(14, 3, 37).
cost(14, 4, 41).
cost(14, 5, 53).
cost(14, 6, 30).
cost(14, 7, 19).
cost(14, 8, 51).
cost(14, 9, 4).
cost(14, 10, 33).
cost(14, 11, 56).
cost(14, 12, 31).
cost(14, 13, 50).
cost(14, 15, 26).
cost(14, 16, 42).
cost(14, 17, 50).
cost(14, 18, 27).
cost(14, 19, 65).
cost(14, 20, 15).
cost(14, 21, 21).
cost(14, 22, 16).
cost(14, 23, 50).
cost(14, 24, 62).
cost(15, 1, 36).
cost(15, 2, 78).
cost(15, 3, 13).
cost(15, 4, 52).
cost(15, 5, 74).
cost(15, 6, 12).
cost(15, 7, 12).
cost(15, 8, 70).
cost(15, 9, 30).
cost(15, 10, 15).
cost(15, 11, 82).
cost(15, 12, 50).
cost(15, 13, 63).
cost(15, 14, 26).
cost(15, 16, 54).
cost(15, 17, 70).
cost(15, 18, 11).
cost(15, 19, 90).
cost(15, 20, 21).
cost(15, 21, 5).
cost(15, 22, 11).
cost(15, 23, 68).
cost(15, 24, 88).
cost(16, 1, 44).
cost(16, 2, 60).
cost(16, 3, 67).
cost(16, 4, 82).
cost(16, 5, 30).
cost(16, 6, 46).
cost(16, 7, 42).
cost(16, 8, 86).
cost(16, 9, 43).
cost(16, 10, 68).
cost(16, 11, 71).
cost(16, 12, 17).
cost(16, 13, 90).
cost(16, 14, 42).
cost(16, 15, 54).
cost(16, 17, 23).
cost(16, 18, 44).
cost(16, 19, 60).
cost(16, 20, 56).
cost(16, 21, 51).
cost(16, 22, 45).
cost(16, 23, 86).
cost(16, 24, 65).
cost(17, 1, 47).
cost(17, 2, 43).
cost(17, 3, 83).
cost(17, 4, 84).
cost(17, 5, 7).
cost(17, 6, 64).
cost(17, 7, 57).
cost(17, 8, 81).
cost(17, 9, 49).
cost(17, 10, 82).
cost(17, 11, 56).
cost(17, 12, 20).
cost(17, 13, 90).
cost(17, 14, 50).
cost(17, 15, 70).
cost(17, 16, 23).
cost(17, 18, 63).
cost(17, 19, 38).
cost(17, 20, 66).
cost(17, 21, 65).
cost(17, 22, 60).
cost(17, 23, 82).
cost(17, 24, 46).
cost(18, 1, 37).
cost(18, 2, 78).
cost(18, 3, 23).
cost(18, 4, 61).
cost(18, 5, 68).
cost(18, 6, 2).
cost(18, 7, 9).
cost(18, 8, 76).
cost(18, 9, 31).
cost(18, 10, 27).
cost(18, 11, 83).
cost(18, 12, 44).
cost(18, 13, 72).
cost(18, 14, 27).
cost(18, 15, 11).
cost(18, 16, 44).
cost(18, 17, 63).
cost(18, 19, 87).
cost(18, 20, 29).
cost(18, 21, 12).
cost(18, 22, 12).
cost(18, 23, 75).
cost(18, 24, 87).
cost(19, 1, 56).
cost(19, 2, 19).
cost(19, 3, 101).
cost(19, 4, 80).
cost(19, 5, 31).
cost(19, 6, 89).
cost(19, 7, 80).
cost(19, 8, 67).
cost(19, 9, 61).
cost(19, 10, 97).
cost(19, 11, 29).
cost(19, 12, 47).
cost(19, 13, 82).
cost(19, 14, 65).
cost(19, 15, 90).
cost(19, 16, 60).
cost(19, 17, 38).
cost(19, 18, 87).
cost(19, 20, 77).
cost(19, 21, 85).
cost(19, 22, 80).
cost(19, 23, 69).
cost(19, 24, 13).
cost(20, 1, 21).
cost(20, 2, 63).
cost(20, 3, 27).
cost(20, 4, 32).
cost(20, 5, 68).
cost(20, 6, 30).
cost(20, 7, 22).
cost(20, 8, 49).
cost(20, 9, 17).
cost(20, 10, 21).
cost(20, 11, 64).
cost(20, 12, 46).
cost(20, 13, 43).
cost(20, 14, 15).
cost(20, 15, 21).
cost(20, 16, 56).
cost(20, 17, 66).
cost(20, 18, 29).
cost(20, 19, 77).
cost(20, 21, 17).
cost(20, 22, 17).
cost(20, 23, 47).
cost(20, 24, 73).
cost(21, 1, 31).
cost(21, 2, 73).
cost(21, 3, 17).
cost(21, 4, 49).
cost(21, 5, 69).
cost(21, 6, 13).
cost(21, 7, 9).
cost(21, 8, 66).
cost(21, 9, 25).
cost(21, 10, 17).
cost(21, 11, 77).
cost(21, 12, 46).
cost(21, 13, 60).
cost(21, 14, 21).
cost(21, 15, 5).
cost(21, 16, 51).
cost(21, 17, 65).
cost(21, 18, 12).
cost(21, 19, 85).
cost(21, 20, 17).
cost(21, 22, 6).
cost(21, 23, 64).
cost(21, 24, 83).
cost(22, 1, 26).
cost(22, 2, 68).
cost(22, 3, 23).
cost(22, 4, 49).
cost(22, 5, 64).
cost(22, 6, 14).
cost(22, 7, 5).
cost(22, 8, 64).
cost(22, 9, 20).
cost(22, 10, 22).
cost(22, 11, 73).
cost(22, 12, 40).
cost(22, 13, 60).
cost(22, 14, 16).
cost(22, 15, 11).
cost(22, 16, 45).
cost(22, 17, 60).
cost(22, 18, 12).
cost(22, 19, 80).
cost(22, 20, 17).
cost(22, 21, 6).
cost(22, 23, 62).
cost(22, 24, 78).
cost(23, 1, 44).
cost(23, 2, 51).
cost(23, 3, 71).
cost(23, 4, 20).
cost(23, 5, 80).
cost(23, 6, 76).
cost(23, 7, 67).
cost(23, 8, 3).
cost(23, 9, 47).
cost(23, 10, 63).
cost(23, 11, 43).
cost(23, 12, 70).
cost(23, 13, 14).
cost(23, 14, 50).
cost(23, 15, 68).
cost(23, 16, 86).
cost(23, 17, 82).
cost(23, 18, 75).
cost(23, 19, 69).
cost(23, 20, 47).
cost(23, 21, 64).
cost(23, 22, 62).
cost(23, 24, 58).
cost(24, 1, 53).
cost(24, 2, 10).
cost(24, 3, 98).
cost(24, 4, 71).
cost(24, 5, 40).
cost(24, 6, 89).
cost(24, 7, 79).
cost(24, 8, 56).
cost(24, 9, 58).
cost(24, 10, 93).
cost(24, 11, 17).
cost(24, 12, 51).
cost(24, 13, 71).
cost(24, 14, 62).
cost(24, 15, 88).
cost(24, 16, 65).
cost(24, 17, 46).
cost(24, 18, 87).
cost(24, 19, 13).
cost(24, 20, 73).
cost(24, 21, 83).
cost(24, 22, 78).
cost(24, 23, 58).
