dimension(24).
point(1, 76.1421976812, 19.8173586043).
point(2, 35.848927433, 76.0441133329).
point(3, 35.5933162008, 5.0734736185).
point(4, 10.9593874073, 49.9930407013).
point(5, 96.6858346195, 42.8252321266).
point(6, 10.8178801499, 72.2324167041).
point(7, 70.691115094, 50.2935436457).
point(8, 85.8232604931, 47.0662355546).
point(9, 92.6427636315, 75.8948658651).
point(10, 5.9860174033, 79.1339821231).
point(11, 73.7984733966, 56.259398607).
point(12, 84.953077115, 22.8823196438).
point(13, 89.5699470238, 46.1403111873).
point(14, 46.2466722795, 10.47665569).
point(15, 57.7022589898, 84.481808408).
point(16, 25.6699720183, 14.0003865033).
point(17, 44.9182683675, 75.8083554758).
point(18, 67.7961319705, 26.2943834312).
point(19, 83.5274246261, 82.6939973563).
point(20, 75.291259031, 61.1862263323).
point(21, 15.490013353, 68.7299303728).
point(22, 54.4694875788, 93.761357522).
point(23, 70.9605480446, 18.1751891774).
point(24, 49.3655117418, 29.2389634767).
cost(1, 2, 69).
cost(1, 3, 43).
cost(1, 4, 72).
cost(1, 5, 31).
cost(1, 6, 84).
cost(1, 7, 31).
cost(1, 8, 29).
cost(1, 9, 58).
cost(1, 10, 92).
cost(1, 11, 37).
cost(1, 12, 9).
cost(1, 13, 30).
cost(1, 14, 31).
cost(1, 15, 67).
cost(1, 16, 51).
cost(1, 17, 64).
cost(1, 18, 11).
cost(1, 19, 63).
cost(1, 20, 41).
cost(1, 21, 78).
cost(1, 22, 77).
cost(1, 23, 5).
cost(1, 24, 28).
cost(2, 1, 69).
cost(2, 3, 71).
cost(2, 4, 36).
cost(2, 5, 69).
cost(2, 6, 25).
cost(2, 7, 43).
cost(2, 8, 58).
cost(2, 9, 57).
cost(2, 10, 30).
cost(2, 11, 43).
cost(2, 12, 72).
cost(2, 13, 61).
cost(2, 14, 66).
cost(2, 15, 23).
cost(2, 16, 63).
cost(2, 17, 9).
cost(2, 18, 59).
cost(2, 19, 48).
cost(2, 20, 42).
cost(2, 21, 22).
cost(2, 22, 26).
cost(2, 23, 68).
cost(2, 24, 49).
cost(3, 1, 43).
cost(3, 2, 71).
cost(3, 4, 51).
cost(3, 5, 72).
cost(3, 6, 72).
cost(3, 7, 57).
cost(3, 8, 65).
cost(3, 9, 91).
cost(3, 10, 80).
cost(3, 11, 64).
cost(3, 12, 52).
cost(3, 13, 68).
cost(3, 14, 12).
cost(3, 15, 82).
cost(3, 16, 13).
cost(3, 17, 71).
cost(3, 18, 39).
cost(3, 19, 91).
cost(3, 20, 69).
cost(3, 21, 67).
cost(3, 22, 91).
cost(3, 23, 38).
cost(3, 24, 28).
cost(4, 1, 72).
cost(4, 2, 36).
cost(4, 3, 51).
cost(4, 5, 86).
cost(4, 6, 22).
cost(4, 7, 60).
cost(4, 8, 75).
cost(4, 9, 86).
cost(4, 10, 30).
cost(4, 11, 63).
cost(4, 12, 79).
cost(4, 13, 79).
cost(4, 14, 53).
cost(4, 15, 58).
cost(4, 16, 39).
cost(4, 17, 43).
cost(4, 18, 62).
cost(4, 19, 80).
cost(4, 20, 65).
cost(4, 21, 19).
cost(4, 22, 62).
cost(4, 23, 68).
cost(4, 24, 44).
cost(5, 1, 31).
cost(5, 2, 69).
cost(5, 3, 72).
cost(5, 4, 86).
cost(5, 6, 91).
cost(5, 7, 27).
cost(5, 8, 12).
cost(5, 9, 33).
cost(5, 10, 98).
cost(5, 11, 27).
cost(5, 12, 23).
cost(5, 13, 8).
cost(5, 14, 60).
cost(5, 15, 57).
cost(5, 16, 77).
cost(5, 17, 61).
cost(5, 18, 33).
cost(5, 19, 42).
cost(5, 20, 28).
cost(5, 21, 85).
cost(5, 22, 66).
cost(5, 23, 36).
cost(5, 24, 49).
cost(6, 1, 84).
cost(6, 2, 25).
cost(6, 3, 72).
cost(6, 4, 22).
cost(6, 5, 91).
cost(6, 7, 64).
cost(6, 8, 79).
cost(6, 9, 82).
cost(6, 10, 8).
cost(6, 11, 65).
cost(6, 12, 89).
cost(6, 13, 83).
cost(6, 14, 71).
cost(6, 15, 48).
cost(6, 16, 60).
cost(6, 17, 34).
cost(6, 18, 73).
cost(6, 19, 73).
cost(6, 20, 65).
cost(6, 21, 6).
cost(6, 22, 49).
cost(6, 23, 81).
cost(6, 24, 58).
cost(7, 1, 31).
cost(7, 2, 43).
cost(7, 3, 57).
cost(7, 4, 60).
cost(7, 5, 27).
cost(7, 6, 64).
cost(7, 8, 15).
cost(7, 9, 34).
cost(7, 10, 71).
cost(7, 11, 7).
cost(7, 12, 31).
cost(7, 13, 19).
cost(7, 14, 47).
cost(7, 15, 37).
cost(7, 16, 58).
cost(7, 17, 36).
cost(7, 18, 24).
cost(7, 19, 35).
cost(7, 20, 12).
cost(7, 21, 58).
cost(7, 22, 46).
cost(7, 23, 32).
cost(7, 24, 30).
cost(8, 1, 29).
cost(8, 2, 58).
cost(8, 3, 65).
cost(8, 4, 75).
cost(8, 5, 12).
cost(8, 6, 79).
cost(8, 7, 15).
cost(8, 9, 30).
cost(8, 10, 86).
cost(8, 11, 15).
cost(8, 12, 24).
cost(8, 13, 4).
cost(8, 14, 54).
cost(8, 15, 47).
cost(8, 16, 69).
cost(8, 17, 50).
cost(8, 18, 28).
cost(8, 19, 36).
cost(8, 20, 18).
cost(8, 21, 74).
cost(8, 22, 56).
cost(8, 23, 32).
cost(8, 24, 41).
cost(9, 1, 58).
cost(9, 2, 57).
cost(9, 3, 91).
cost(9, 4, 86).
cost(9, 5, 33).
cost(9, 6, 82).
cost(9, 7, 34).
cost(9, 8, 30).
cost(9, 10, 87).
cost(9, 11, 27).
cost(9, 12, 54).
cost(9, 13, 30).
cost(9, 14, 80).
cost(9, 15, 36).
cost(9, 16, 91).
cost(9, 17, 48).
cost(9, 18, 55).
cost(9, 19, 11).
cost(9, 20, 23).
cost(9, 21, 77).
cost(9, 22, 42).
cost(9, 23, 62).
cost(9, 24, 64).
cost(10, 1, 92).
cost(10, 2, 30).
cost(10, 3, 80).
cost(10, 4, 30).
cost(10, 5, 98).
cost(10, 6, 8).
cost(10, 7, 71).
cost(10, 8, 86).
cost(10, 9, 87).
cost(10, 11, 72).
cost(10, 12, 97).
cost(10, 13, 90).
cost(10, 14, 80).
cost(10, 15, 52).
cost(10, 16, 68).
cost(10, 17, 39).
cost(10, 18, 81).
cost(10, 19, 78).
cost(10, 20, 72).
cost(10, 21, 14).
cost(10, 22, 51).
cost(10, 23, 89).
cost(10, 24, 66).
cost(11, 1, 37).
cost(11, 2, 43).
cost(11, 3, 64).
cost(11, 4, 63).
cost(11, 5, 27).
cost(11, 6, 65).
cost(11, 7, 7).
cost(11, 8, 15).
cost(11, 9, 27).
cost(11, 10, 72).
cost(11, 12, 35).
cost(11, 13, 19).
cost(11, 14, 53).
cost(11, 15, 32).
cost(11, 16, 64).
cost(11, 17, 35).
cost(11, 18, 31).
cost(11, 19, 28).
cost(11, 20, 5).
cost(11, 21, 60).
cost(11, 22, 42).
cost(11, 23, 38).
cost(11, 24, 36).
cost(12, 1, 9).
cost(12, 2, 72).
cost(12, 3, 52).
cost(12, 4, 79).
cost(12, 5, 23).
cost(12, 6, 89).
cost(12, 7, 31).
cost(12, 8, 24).
cost(12, 9, 54).
cost(12, 10, 97).
cost(12, 11, 35).
cost(12, 13, 24).
cost(12, 14, 41).
cost(12, 15, 67).
cost(12, 16, 60).
cost(12, 17, 66).
cost(12, 18, 17).
cost(12, 19, 60).
cost(12, 20, 40).
cost(12, 21, 83).
cost(12, 22, 77).
cost(12, 23, 15).
cost(12, 24, 36).
cost(13, 1, 30).
cost(13, 2, 61).
cost(13, 3, 68).
cost(13, 4, 79).
cost(13, 5, 8).
cost(13, 6, 83).
cost(13, 7, 19).
cost(13, 8, 4).
cost(13, 9, 30).
cost(13, 10, 90).
cost(13, 11, 19).
cost(13, 12, 24).
cost(13, 14, 56).
cost(13, 15, 50).
cost(13, 16, 72).
cost(13, 17, 54).
cost(13, 18, 29).
cost(13, 19, 37).
cost(13, 20, 21).
cost(13, 21, 77).
cost(13, 22, 59).
cost(13, 23, 34).
cost(13, 24, 44).
cost(14, 1, 31).
cost(14, 2, 66).
cost(14, 3, 12).
cost(14, 4, 53).
cost(14, 5, 60).
cost(14, 6, 71).
cost(14, 7, 47).
cost(14, 8, 54).
cost(14, 9, 80).
cost(14, 10, 80).
cost(14, 11, 53).
cost(14, 12, 41).
cost(14, 13, 56).
cost(14, 15, 75).
cost(14, 16, 21).
cost(14, 17, 65).
cost(14, 18, 27).
cost(14, 19, 81).
cost(14, 20, 58).
cost(14, 21, 66).
cost(14, 22, 84).
cost(14, 23, 26).
cost(14, 24, 19).
cost(15, 1, 67).
cost(15, 2, 23).
cost(15, 3, 82).
cost(15, 4, 58).
cost(15, 5, 57).
cost(15, 6, 48).
cost(15, 7, 37).
cost(15, 8, 47).
cost(15, 9, 36).
cost(15, 10, 52).
cost(15, 11, 32).
cost(15, 12, 67).
cost(15, 13, 50).
cost(15, 14, 75).
cost(15, 16, 77).
cost(15, 17, 15).
cost(15, 18, 59).
cost(15, 19, 26).
cost(15, 20, 29).
cost(15, 21, 45).
cost(15, 22, 10).
cost(15, 23, 68).
cost(15, 24, 56).
cost(16, 1, 51).
cost(16, 2, 63).
cost(16, 3, 13).
cost(16, 4, 39).
cost(16, 5, 77).
cost(16, 6, 60).
cost(16, 7, 58).
cost(16, 8, 69).
cost(16, 9, 91).
cost(16, 10, 68).
cost(16, 11, 64).
cost(16, 12, 60).
cost(16, 13, 72).
cost(16, 14, 21).
cost(16, 15, 77).
cost(16, 17, 65).
cost(16, 18, 44).
cost(16, 19, 90).
cost(16, 20, 68).
cost(16, 21, 56).
cost(16, 22, 85).
cost(16, 23, 45).
cost(16, 24, 28).
cost(17, 1, 64).
cost(17, 2, 9).
cost(17, 3, 71).
cost(17, 4, 43).
cost(17, 5, 61).
cost(17, 6, 34).
cost(17, 7, 36).
cost(17, 8, 50).
cost(17, 9, 48).
cost(17, 10, 39).
cost(17, 11, 35).
cost(17, 12, 66).
cost(17, 13, 54).
cost(17, 14, 65).
cost(17, 15, 15).
cost(17, 16, 65).
cost(17, 18, 55).
cost(17, 19, 39).
cost(17, 20, 34).
cost(17, 21, 30).
cost(17, 22, 20).
cost(17, 23, 63).
cost(17, 24, 47).
cost(18, 1, 11).
cost(18, 2, 59).
cost(18, 3, 39).
cost(18, 4, 62).
cost(18, 5, 33).
cost(18, 6, 73).
cost(18, 7, 24).
cost(18, 8, 28).
cost(18, 9, 55).
cost(18, 10, 81).
cost(18, 11, 31).
cost(18, 12, 17).
cost(18, 13, 29).
cost(18, 14, 27).
cost(18, 15, 59).
cost(18, 16, 44).
cost(18, 17, 55).
cost(18, 19, 59).
cost(18, 20, 36).
cost(18, 21, 67).
cost(18, 22, 69).
cost(18, 23, 9).
cost(18, 24, 19).
cost(19, 1, 63).
cost(19, 2, 48).
cost(19, 3, 91).
cost(19, 4, 80).
cost(19, 5, 42).
cost(19, 6, 73).
cost(19, 7, 35).
cost(19, 8, 36).
cost(19, 9, 11).
cost(19, 10, 78).
cost(19, 11, 28).
cost(19, 12, 60).
cost(19, 13, 37).
cost(19, 14, 81).
cost(19, 15, 26).
cost(19, 16, 90).
cost(19, 17, 39).
cost(19, 18, 59).
cost(19, 20, 23).
cost(19, 21, 69).
cost(19, 22, 31).
cost(19, 23, 66).
cost(19, 24, 63).
cost(20, 1, 41).
cost(20, 2, 42).
cost(20, 3, 69).
cost(20, 4, 65).
cost(20, 5, 28).
cost(20, 6, 65).
cost(20, 7, 12).
cost(20, 8, 18).
cost(20, 9, 23).
cost(20, 10, 72).
cost(20, 11, 5).
cost(20, 12, 40).
cost(20, 13, 21).
cost(20, 14, 58).
cost(20, 15, 29).
cost(20, 16, 68).
cost(20, 17, 34).
cost(20, 18, 36).
cost(20, 19, 23).
cost(20, 21, 60).
cost(20, 22, 39).
cost(20, 23, 43).
cost(20, 24, 41).
cost(21, 1, 78).
cost(21, 2, 22).
cost(21, 3, 67).
cost(21, 4, 19).
cost(21, 5, 85).
cost(21, 6, 6).
cost(21, 7, 58).
cost(21, 8, 74).
cost(21, 9, 77).
cost(21, 10, 14).
cost(21, 11, 60).
cost(21, 12, 83).
cost(21, 13, 77).
cost(21, 14, 66).
cost(21, 15, 45).
cost(21, 16, 56).
cost(21, 17, 30).
cost(21, 18, 67).
cost(21, 19, 69).
cost(21, 20, 60).
cost(21, 22, 46).
cost(21, 23, 75).
cost(21, 24, 52).
cost(22, 1, 77).
cost(22, 2, 26).
cost(22, 3, 91).
cost(22, 4, 62).
cost(22, 5, 66).
cost(22, 6, 49).
cost(22, 7, 46).
cost(22, 8, 56).
cost(22, 9, 42).
cost(22, 10, 51).
cost(22, 11, 42).
cost(22, 12, 77).
cost(22, 13, 59).
cost(22, 14, 84).
cost(22, 15, 10).
cost(22, 16, 85).
cost(22, 17, 20).
cost(22, 18, 69).
cost(22, 19, 31).
cost(22, 20, 39).
cost(22, 21, 46).
cost(22, 23, 77).
cost(22, 24, 65).
cost(23, 1, 5).
cost(23, 2, 68).
cost(23, 3, 38).
cost(23, 4, 68).
cost(23, 5, 36).
cost(23, 6, 81).
cost(23, 7, 32).
cost(23, 8, 32).
cost(23, 9, 62).
cost(23, 10, 89).
cost(23, 11, 38).
cost(23, 12, 15).
cost(23, 13, 34).
cost(23, 14, 26).
cost(23, 15, 68).
cost(23, 16, 45).
cost(23, 17, 63).
cost(23, 18, 9).
cost(23, 19, 66).
cost(23, 20, 43).
cost(23, 21, 75).
cost(23, 22, 77).
cost(23, 24, 24).
cost(24, 1, 28).
cost(24, 2, 49).
cost(24, 3, 28).
cost(24, 4, 44).
cost(24, 5, 49).
cost(24, 6, 58).
cost(24, 7, 30).
cost(24, 8, 41).
cost(24, 9, 64).
cost(24, 10, 66).
cost(24, 11, 36).
cost(24, 12, 36).
cost(24, 13, 44).
cost(24, 14, 19).
cost(24, 15, 56).
cost(24, 16, 28).
cost(24, 17, 47).
cost(24, 18, 19).
cost(24, 19, 63).
cost(24, 20, 41).
cost(24, 21, 52).
cost(24, 22, 65).
cost(24, 23, 24).
