dimension(24).
point(1, 13.5955483543, 16.5388521146).
point(2, 33.0676998823, 50.1445899385).
point(3, 30.2317118018, 1.4827675508).
point(4, 85.9921197231, 33.9307271094).
point(5, 32.6341347142, 91.7705648918).
point(6, 91.2692641295, 28.4970699354).
point(7, 97.0094906029, 34.2161192217).
point(8, 59.9888588197, 77.8925524137).
point(9, 69.046727079, 43.989377049).
point(10, 3.219704698, 16.6794729941).
point(11, 34.8075155792, 89.2576361996).
point(12, 22.8892806288, 65.4664103231).
point(13, 62.2737883359, 87.0328051905).
point(14, 25.4840899174, 6.9919674196).
point(15, 66.7688741724, 83.2612993339).
point(16, 41.0170343395, 55.315170837).
point(17, 64.9908686433, 87.6043397398).
point(18, 90.1900891831, 55.3429466179).
point(19, 43.1070636815, 85.8860069406).
point(20, 78.8434162438, 48.4209133071).
point(21, 87.4342767053, 45.8166111349).
point(22, 30.592705954, 82.5223403601).
point(23, 77.5710189486, 12.2865565795).
point(24, 18.1941289489, 54.6958453469).
cost(1, 2, 39).
cost(1, 3, 22).
cost(1, 4, 74).
cost(1, 5, 78).
cost(1, 6, 79).
cost(1, 7, 85).
cost(1, 8, 77).
cost(1, 9, 62).
cost(1, 10, 10).
cost(1, 11, 76).
cost(1, 12, 50).
cost(1, 13, 86).
cost(1, 14, 15).
cost(1, 15, 85).
cost(1, 16, 47).
cost(1, 17, 88).
cost(1, 18, 86).
cost(1, 19, 75).
cost(1, 20, 73).
cost(1, 21, 79).
cost(1, 22, 68).
cost(1, 23, 64).
cost(1, 24, 38).
cost(2, 1, 39).
cost(2, 3, 49).
cost(2, 4, 55).
cost(2, 5, 42).
cost(2, 6, 62).
cost(2, 7, 66).
cost(2, 8, 39).
cost(2, 9, 37).
cost(2, 10, 45).
cost(2, 11, 39).
cost(2, 12, 18).
cost(2, 13, 47).
cost(2, 14, 44).
cost(2, 15, 47).
cost(2, 16, 9).
cost(2, 17, 49).
cost(2, 18, 57).
cost(2, 19, 37).
cost(2, 20, 46).
cost(2, 21, 55).
cost(2, 22, 32).
cost(2, 23, 58).
cost(2, 24, 16).
cost(3, 1, 22).
cost(3, 2, 49).
cost(3, 4, 65).
cost(3, 5, 90).
cost(3, 6, 67).
cost(3, 7, 74).
cost(3, 8, 82).
cost(3, 9, 58).
cost(3, 10, 31).
cost(3, 11, 88).
cost(3, 12, 64).
cost(3, 13, 91).
cost(3, 14, 7).
cost(3, 15, 90).
cost(3, 16, 55).
cost(3, 17, 93).
cost(3, 18, 81).
cost(3, 19, 85).
cost(3, 20, 68).
cost(3, 21, 72).
cost(3, 22, 81).
cost(3, 23, 49).
cost(3, 24, 55).
cost(4, 1, 74).
cost(4, 2, 55).
cost(4, 3, 65).
cost(4, 5, 79).
cost(4, 6, 8).
cost(4, 7, 11).
cost(4, 8, 51).
cost(4, 9, 20).
cost(4, 10, 85).
cost(4, 11, 75).
cost(4, 12, 71).
cost(4, 13, 58).
cost(4, 14, 66).
cost(4, 15, 53).
cost(4, 16, 50).
cost(4, 17, 58).
cost(4, 18, 22).
cost(4, 19, 67).
cost(4, 20, 16).
cost(4, 21, 12).
cost(4, 22, 74).
cost(4, 23, 23).
cost(4, 24, 71).
cost(5, 1, 78).
cost(5, 2, 42).
cost(5, 3, 90).
cost(5, 4, 79).
cost(5, 6, 86).
cost(5, 7, 86).
cost(5, 8, 31).
cost(5, 9, 60).
cost(5, 10, 81).
cost(5, 11, 3).
cost(5, 12, 28).
cost(5, 13, 30).
cost(5, 14, 85).
cost(5, 15, 35).
cost(5, 16, 37).
cost(5, 17, 33).
cost(5, 18, 68).
cost(5, 19, 12).
cost(5, 20, 63).
cost(5, 21, 72).
cost(5, 22, 9).
cost(5, 23, 91).
cost(5, 24, 40).
cost(6, 1, 79).
cost(6, 2, 62).
cost(6, 3, 67).
cost(6, 4, 8).
cost(6, 5, 86).
cost(6, 7, 8).
cost(6, 8, 58).
cost(6, 9, 27).
cost(6, 10, 89).
cost(6, 11, 83).
cost(6, 12, 78).
cost(6, 13, 65).
cost(6, 14, 69).
cost(6, 15, 60).
cost(6, 16, 57).
cost(6, 17, 65).
cost(6, 18, 27).
cost(6, 19, 75).
cost(6, 20, 23).
cost(6, 21, 18).
cost(6, 22, 81).
cost(6, 23, 21).
cost(6, 24, 78).
cost(7, 1, 85).
cost(7, 2, 66).
cost(7, 3, 74).
cost(7, 4, 11).
cost(7, 5, 86).
cost(7, 6, 8).
cost(7, 8, 57).
cost(7, 9, 30).
cost(7, 10, 95).
cost(7, 11, 83).
cost(7, 12, 80).
cost(7, 13, 63).
cost(7, 14, 77).
cost(7, 15, 58).
cost(7, 16, 60).
cost(7, 17, 62).
cost(7, 18, 22).
cost(7, 19, 75).
cost(7, 20, 23).
cost(7, 21, 15).
cost(7, 22, 82).
cost(7, 23, 29).
cost(7, 24, 81).
cost(8, 1, 77).
cost(8, 2, 39).
cost(8, 3, 82).
cost(8, 4, 51).
cost(8, 5, 31).
cost(8, 6, 58).
cost(8, 7, 57).
cost(8, 9, 35).
cost(8, 10, 83).
cost(8, 11, 28).
cost(8, 12, 39).
cost(8, 13, 9).
cost(8, 14, 79).
cost(8, 15, 9).
cost(8, 16, 29).
cost(8, 17, 11).
cost(8, 18, 38).
cost(8, 19, 19).
cost(8, 20, 35).
cost(8, 21, 42).
cost(8, 22, 30).
cost(8, 23, 68).
cost(8, 24, 48).
cost(9, 1, 62).
cost(9, 2, 37).
cost(9, 3, 58).
cost(9, 4, 20).
cost(9, 5, 60).
cost(9, 6, 27).
cost(9, 7, 30).
cost(9, 8, 35).
cost(9, 10, 71).
cost(9, 11, 57).
cost(9, 12, 51).
cost(9, 13, 44).
cost(9, 14, 57).
cost(9, 15, 39).
cost(9, 16, 30).
cost(9, 17, 44).
cost(9, 18, 24).
cost(9, 19, 49).
cost(9, 20, 11).
cost(9, 21, 18).
cost(9, 22, 54).
cost(9, 23, 33).
cost(9, 24, 52).
cost(10, 1, 10).
cost(10, 2, 45).
cost(10, 3, 31).
cost(10, 4, 85).
cost(10, 5, 81).
cost(10, 6, 89).
cost(10, 7, 95).
cost(10, 8, 83).
cost(10, 9, 71).
cost(10, 11, 79).
cost(10, 12, 53).
cost(10, 13, 92).
cost(10, 14, 24).
cost(10, 15, 92).
cost(10, 16, 54).
cost(10, 17, 94).
cost(10, 18, 95).
cost(10, 19, 80).
cost(10, 20, 82).
cost(10, 21, 89).
cost(10, 22, 71).
cost(10, 23, 74).
cost(10, 24, 41).
cost(11, 1, 76).
cost(11, 2, 39).
cost(11, 3, 88).
cost(11, 4, 75).
cost(11, 5, 3).
cost(11, 6, 83).
cost(11, 7, 83).
cost(11, 8, 28).
cost(11, 9, 57).
cost(11, 10, 79).
cost(11, 12, 27).
cost(11, 13, 28).
cost(11, 14, 83).
cost(11, 15, 33).
cost(11, 16, 35).
cost(11, 17, 30).
cost(11, 18, 65).
cost(11, 19, 9).
cost(11, 20, 60).
cost(11, 21, 68).
cost(11, 22, 8).
cost(11, 23, 88).
cost(11, 24, 38).
cost(12, 1, 50).
cost(12, 2, 18).
cost(12, 3, 64).
cost(12, 4, 71).
cost(12, 5, 28).
cost(12, 6, 78).
cost(12, 7, 80).
cost(12, 8, 39).
cost(12, 9, 51).
cost(12, 10, 53).
cost(12, 11, 27).
cost(12, 13, 45).
cost(12, 14, 59).
cost(12, 15, 47).
cost(12, 16, 21).
cost(12, 17, 48).
cost(12, 18, 68).
cost(12, 19, 29).
cost(12, 20, 58).
cost(12, 21, 67).
cost(12, 22, 19).
cost(12, 23, 76).
cost(12, 24, 12).
cost(13, 1, 86).
cost(13, 2, 47).
cost(13, 3, 91).
cost(13, 4, 58).
cost(13, 5, 30).
cost(13, 6, 65).
cost(13, 7, 63).
cost(13, 8, 9).
cost(13, 9, 44).
cost(13, 10, 92).
cost(13, 11, 28).
cost(13, 12, 45).
cost(13, 14, 88).
cost(13, 15, 6).
cost(13, 16, 38).
cost(13, 17, 3).
cost(13, 18, 42).
cost(13, 19, 19).
cost(13, 20, 42).
cost(13, 21, 48).
cost(13, 22, 32).
cost(13, 23, 76).
cost(13, 24, 55).
cost(14, 1, 15).
cost(14, 2, 44).
cost(14, 3, 7).
cost(14, 4, 66).
cost(14, 5, 85).
cost(14, 6, 69).
cost(14, 7, 77).
cost(14, 8, 79).
cost(14, 9, 57).
cost(14, 10, 24).
cost(14, 11, 83).
cost(14, 12, 59).
cost(14, 13, 88).
cost(14, 15, 87).
cost(14, 16, 51).
cost(14, 17, 90).
cost(14, 18, 81).
cost(14, 19, 81).
cost(14, 20, 68).
cost(14, 21, 73).
cost(14, 22, 76).
cost(14, 23, 52).
cost(14, 24, 48).
cost(15, 1, 85).
cost(15, 2, 47).
cost(15, 3, 90).
cost(15, 4, 53).
cost(15, 5, 35).
cost(15, 6, 60).
cost(15, 7, 58).
cost(15, 8, 9).
cost(15, 9, 39).
cost(15, 10, 92).
cost(15, 11, 33).
cost(15, 12, 47).
cost(15, 13, 6).
cost(15, 14, 87).
cost(15, 16, 38).
cost(15, 17, 5).
cost(15, 18, 36).
cost(15, 19, 24).
cost(15, 20, 37).
cost(15, 21, 43).
cost(15, 22, 36).
cost(15, 23, 72).
cost(15, 24, 56).
cost(16, 1, 47).
cost(16, 2, 9).
cost(16, 3, 55).
cost(16, 4, 50).
cost(16, 5, 37).
cost(16, 6, 57).
cost(16, 7, 60).
cost(16, 8, 29).
cost(16, 9, 30).
cost(16, 10, 54).
cost(16, 11, 35).
cost(16, 12, 21).
cost(16, 13, 38).
cost(16, 14, 51).
cost(16, 15, 38).
cost(16, 17, 40).
cost(16, 18, 49).
cost(16, 19, 31).
cost(16, 20, 38).
cost(16, 21, 47).
cost(16, 22, 29).
cost(16, 23, 56).
cost(16, 24, 23).
cost(17, 1, 88).
cost(17, 2, 49).
cost(17, 3, 93).
cost(17, 4, 58).
cost(17, 5, 33).
cost(17, 6, 65).
cost(17, 7, 62).
cost(17, 8, 11).
cost(17, 9, 44).
cost(17, 10, 94).
cost(17, 11, 30).
cost(17, 12, 48).
cost(17, 13, 3).
cost(17, 14, 90).
cost(17, 15, 5).
cost(17, 16, 40).
cost(17, 18, 41).
cost(17, 19, 22).
cost(17, 20, 42).
cost(17, 21, 47).
cost(17, 22, 35).
cost(17, 23, 76).
cost(17, 24, 57).
cost(18, 1, 86).
cost(18, 2, 57).
cost(18, 3, 81).
cost(18, 4, 22).
cost(18, 5, 68).
cost(18, 6, 27).
cost(18, 7, 22).
cost(18, 8, 38).
cost(18, 9, 24).
cost(18, 10, 95).
cost(18, 11, 65).
cost(18, 12, 68).
cost(18, 13, 42).
cost(18, 14, 81).
cost(18, 15, 36).
cost(18, 16, 49).
cost(18, 17, 41).
cost(18, 19, 56).
cost(18, 20, 13).
cost(18, 21, 10).
cost(18, 22, 66).
cost(18, 23, 45).
cost(18, 24, 72).
cost(19, 1, 75).
cost(19, 2, 37).
cost(19, 3, 85).
cost(19, 4, 67).
cost(19, 5, 12).
cost(19, 6, 75).
cost(19, 7, 75).
cost(19, 8, 19).
cost(19, 9, 49).
cost(19, 10, 80).
cost(19, 11, 9).
cost(19, 12, 29).
cost(19, 13, 19).
cost(19, 14, 81).
cost(19, 15, 24).
cost(19, 16, 31).
cost(19, 17, 22).
cost(19, 18, 56).
cost(19, 20, 52).
cost(19, 21, 60).
cost(19, 22, 13).
cost(19, 23, 81).
cost(19, 24, 40).
cost(20, 1, 73).
cost(20, 2, 46).
cost(20, 3, 68).
cost(20, 4, 16).
cost(20, 5, 63).
cost(20, 6, 23).
cost(20, 7, 23).
cost(20, 8, 35).
cost(20, 9, 11).
cost(20, 10, 82).
cost(20, 11, 60).
cost(20, 12, 58).
cost(20, 13, 42).
cost(20, 14, 68).
cost(20, 15, 37).
cost(20, 16, 38).
cost(20, 17, 42).
cost(20, 18, 13).
cost(20, 19, 52).
cost(20, 21, 9).
cost(20, 22, 59).
cost(20, 23, 36).
cost(20, 24, 61).
cost(21, 1, 79).
cost(21, 2, 55).
cost(21, 3, 72).
cost(21, 4, 12).
cost(21, 5, 72).
cost(21, 6, 18).
cost(21, 7, 15).
cost(21, 8, 42).
cost(21, 9, 18).
cost(21, 10, 89).
cost(21, 11, 68).
cost(21, 12, 67).
cost(21, 13, 48).
cost(21, 14, 73).
cost(21, 15, 43).
cost(21, 16, 47).
cost(21, 17, 47).
cost(21, 18, 10).
cost(21, 19, 60).
cost(21, 20, 9).
cost(21, 22, 68).
cost(21, 23, 35).
cost(21, 24, 70).
cost(22, 1, 68).
cost(22, 2, 32).
cost(22, 3, 81).
cost(22, 4, 74).
cost(22, 5, 9).
cost(22, 6, 81).
cost(22, 7, 82).
cost(22, 8, 30).
cost(22, 9, 54).
cost(22, 10, 71).
cost(22, 11, 8).
cost(22, 12, 19).
cost(22, 13, 32).
cost(22, 14, 76).
cost(22, 15, 36).
cost(22, 16, 29).
cost(22, 17, 35).
cost(22, 18, 66).
cost(22, 19, 13).
cost(22, 20, 59).
cost(22, 21, 68).
cost(22, 23, 84).
cost(22, 24, 30).
cost(23, 1, 64).
cost(23, 2, 58).
cost(23, 3, 49).
cost(23, 4, 23).
cost(23, 5, 91).
cost(23, 6, 21).
cost(23, 7, 29).
cost(23, 8, 68).
cost(23, 9, 33).
cost(23, 10, 74).
cost(23, 11, 88).
cost(23, 12, 76).
cost(23, 13, 76).
cost(23, 14, 52).
cost(23, 15, 72).
cost(23, 16, 56).
cost(23, 17, 76).
cost(23, 18, 45).
cost(23, 19, 81).
cost(23, 20, 36).
cost(23, 21, 35).
cost(23, 22, 84).
cost(23, 24, 73).
cost(24, 1, 38).
cost(24, 2, 16).
cost(24, 3, 55).
cost(24, 4, 71).
cost(24, 5, 40).
cost(24, 6, 78).
cost(24, 7, 81).
cost(24, 8, 48).
cost(24, 9, 52).
cost(24, 10, 41).
cost(24, 11, 38).
cost(24, 12, 12).
cost(24, 13, 55).
cost(24, 14, 48).
cost(24, 15, 56).
cost(24, 16, 23).
cost(24, 17, 57).
cost(24, 18, 72).
cost(24, 19, 40).
cost(24, 20, 61).
cost(24, 21, 70).
cost(24, 22, 30).
cost(24, 23, 73).
