dimension(24).
point(1, 60.3262118762, 66.9665782698).
point(2, 6.8656866349, 55.4747244297).
point(3, 29.748401582, 24.2611170983).
point(4, 38.6484558508, 80.1896580645).
point(5, 80.6341126145, 55.1816002121).
point(6, 24.3181840084, 42.9118703556).
point(7, 66.1115051111, 59.3977493153).
point(8, 65.8641528543, 13.4451106112).
point(9, 96.8082767398, 83.9639437797).
point(10, 15.6491034634, 43.1615401855).
point(11, 53.6937180475, 25.2009761437).
point(12, 39.199090764, 87.9700290396).
point(13, 12.9917426088, 31.0393033997).
point(14, 95.1111281734, 68.448124843).
point(15, 37.6838852285, 22.4191512638).
point(16, 41.1557775769, 0.8674729812).
point(17, 98.3800762854, 86.2302449111).
point(18, 48.3780592177, 14.9249234698).
point(19, 88.9343130389, 57.7937172954).
point(20, 53.3940693239, 9.2466130349).
point(21, 76.8788721193, 82.5094652764).
point(22, 69.1597117131, 5.3174996075).
point(23, 55.4956067927, 83.965475412).
point(24, 49.9426127004, 86.5936486027).
cost(1, 2, 55).
cost(1, 3, 53).
cost(1, 4, 25).
cost(1, 5, 23).
cost(1, 6, 43).
cost(1, 7, 10).
cost(1, 8, 54).
cost(1, 9, 40).
cost(1, 10, 51).
cost(1, 11, 42).
cost(1, 12, 30).
cost(1, 13, 59).
cost(1, 14, 35).
cost(1, 15, 50).
cost(1, 16, 69).
cost(1, 17, 43).
cost(1, 18, 53).
cost(1, 19, 30).
cost(1, 20, 58).
cost(1, 21, 23).
cost(1, 22, 62).
cost(1, 23, 18).
cost(1, 24, 22).
cost(2, 1, 55).
cost(2, 3, 39).
cost(2, 4, 40).
cost(2, 5, 74).
cost(2, 6, 22).
cost(2, 7, 59).
cost(2, 8, 72).
cost(2, 9, 94).
cost(2, 10, 15).
cost(2, 11, 56).
cost(2, 12, 46).
cost(2, 13, 25).
cost(2, 14, 89).
cost(2, 15, 45).
cost(2, 16, 64).
cost(2, 17, 97).
cost(2, 18, 58).
cost(2, 19, 82).
cost(2, 20, 66).
cost(2, 21, 75).
cost(2, 22, 80).
cost(2, 23, 56).
cost(2, 24, 53).
cost(3, 1, 53).
cost(3, 2, 39).
cost(3, 4, 57).
cost(3, 5, 60).
cost(3, 6, 19).
cost(3, 7, 51).
cost(3, 8, 38).
cost(3, 9, 90).
cost(3, 10, 24).
cost(3, 11, 24).
cost(3, 12, 64).
cost(3, 13, 18).
cost(3, 14, 79).
cost(3, 15, 8).
cost(3, 16, 26).
cost(3, 17, 92).
cost(3, 18, 21).
cost(3, 19, 68).
cost(3, 20, 28).
cost(3, 21, 75).
cost(3, 22, 44).
cost(3, 23, 65).
cost(3, 24, 66).
cost(4, 1, 25).
cost(4, 2, 40).
cost(4, 3, 57).
cost(4, 5, 49).
cost(4, 6, 40).
cost(4, 7, 34).
cost(4, 8, 72).
cost(4, 9, 58).
cost(4, 10, 44).
cost(4, 11, 57).
cost(4, 12, 8).
cost(4, 13, 55).
cost(4, 14, 58).
cost(4, 15, 58).
cost(4, 16, 79).
cost(4, 17, 60).
cost(4, 18, 66).
cost(4, 19, 55).
cost(4, 20, 72).
cost(4, 21, 38).
cost(4, 22, 81).
cost(4, 23, 17).
cost(4, 24, 13).
cost(5, 1, 23).
cost(5, 2, 74).
cost(5, 3, 60).
cost(5, 4, 49).
cost(5, 6, 58).
cost(5, 7, 15).
cost(5, 8, 44).
cost(5, 9, 33).
cost(5, 10, 66).
cost(5, 11, 40).
cost(5, 12, 53).
cost(5, 13, 72).
cost(5, 14, 20).
cost(5, 15, 54).
cost(5, 16, 67).
cost(5, 17, 36).
cost(5, 18, 52).
cost(5, 19, 9).
cost(5, 20, 53).
cost(5, 21, 28).
cost(5, 22, 51).
cost(5, 23, 38).
cost(5, 24, 44).
cost(6, 1, 43).
cost(6, 2, 22).
cost(6, 3, 19).
cost(6, 4, 40).
cost(6, 5, 58).
cost(6, 7, 45).
cost(6, 8, 51).
cost(6, 9, 83).
cost(6, 10, 9).
cost(6, 11, 34).
cost(6, 12, 47).
cost(6, 13, 16).
cost(6, 14, 75).
cost(6, 15, 24).
cost(6, 16, 45).
cost(6, 17, 86).
cost(6, 18, 37).
cost(6, 19, 66).
cost(6, 20, 44).
cost(6, 21, 66).
cost(6, 22, 59).
cost(6, 23, 52).
cost(6, 24, 51).
cost(7, 1, 10).
cost(7, 2, 59).
cost(7, 3, 51).
cost(7, 4, 34).
cost(7, 5, 15).
cost(7, 6, 45).
cost(7, 8, 46).
cost(7, 9, 39).
cost(7, 10, 53).
cost(7, 11, 36).
cost(7, 12, 39).
cost(7, 13, 60).
cost(7, 14, 30).
cost(7, 15, 47).
cost(7, 16, 64).
cost(7, 17, 42).
cost(7, 18, 48).
cost(7, 19, 23).
cost(7, 20, 52).
cost(7, 21, 25).
cost(7, 22, 54).
cost(7, 23, 27).
cost(7, 24, 32).
cost(8, 1, 54).
cost(8, 2, 72).
cost(8, 3, 38).
cost(8, 4, 72).
cost(8, 5, 44).
cost(8, 6, 51).
cost(8, 7, 46).
cost(8, 9, 77).
cost(8, 10, 58).
cost(8, 11, 17).
cost(8, 12, 79).
cost(8, 13, 56).
cost(8, 14, 62).
cost(8, 15, 30).
cost(8, 16, 28).
cost(8, 17, 80).
cost(8, 18, 18).
cost(8, 19, 50).
cost(8, 20, 13).
cost(8, 21, 70).
cost(8, 22, 9).
cost(8, 23, 71).
cost(8, 24, 75).
cost(9, 1, 40).
cost(9, 2, 94).
cost(9, 3, 90).
cost(9, 4, 58).
cost(9, 5, 33).
cost(9, 6, 83).
cost(9, 7, 39).
cost(9, 8, 77).
cost(9, 10, 91).
cost(9, 11, 73).
cost(9, 12, 58).
cost(9, 13, 99).
cost(9, 14, 16).
cost(9, 15, 85).
cost(9, 16, 100).
cost(9, 17, 3).
cost(9, 18, 84).
cost(9, 19, 27).
cost(9, 20, 86).
cost(9, 21, 20).
cost(9, 22, 83).
cost(9, 23, 41).
cost(9, 24, 47).
cost(10, 1, 51).
cost(10, 2, 15).
cost(10, 3, 24).
cost(10, 4, 44).
cost(10, 5, 66).
cost(10, 6, 9).
cost(10, 7, 53).
cost(10, 8, 58).
cost(10, 9, 91).
cost(10, 11, 42).
cost(10, 12, 51).
cost(10, 13, 12).
cost(10, 14, 83).
cost(10, 15, 30).
cost(10, 16, 49).
cost(10, 17, 93).
cost(10, 18, 43).
cost(10, 19, 75).
cost(10, 20, 51).
cost(10, 21, 73).
cost(10, 22, 66).
cost(10, 23, 57).
cost(10, 24, 55).
cost(11, 1, 42).
cost(11, 2, 56).
cost(11, 3, 24).
cost(11, 4, 57).
cost(11, 5, 40).
cost(11, 6, 34).
cost(11, 7, 36).
cost(11, 8, 17).
cost(11, 9, 73).
cost(11, 10, 42).
cost(11, 12, 64).
cost(11, 13, 41).
cost(11, 14, 60).
cost(11, 15, 16).
cost(11, 16, 27).
cost(11, 17, 76).
cost(11, 18, 12).
cost(11, 19, 48).
cost(11, 20, 16).
cost(11, 21, 62).
cost(11, 22, 25).
cost(11, 23, 59).
cost(11, 24, 62).
cost(12, 1, 30).
cost(12, 2, 46).
cost(12, 3, 64).
cost(12, 4, 8).
cost(12, 5, 53).
cost(12, 6, 47).
cost(12, 7, 39).
cost(12, 8, 79).
cost(12, 9, 58).
cost(12, 10, 51).
cost(12, 11, 64).
cost(12, 13, 63).
cost(12, 14, 59).
cost(12, 15, 66).
cost(12, 16, 87).
cost(12, 17, 59).
cost(12, 18, 74).
cost(12, 19, 58).
cost(12, 20, 80).
cost(12, 21, 38).
cost(12, 22, 88).
cost(12, 23, 17).
cost(12, 24, 11).
cost(13, 1, 59).
cost(13, 2, 25).
cost(13, 3, 18).
cost(13, 4, 55).
cost(13, 5, 72).
cost(13, 6, 16).
cost(13, 7, 60).
cost(13, 8, 56).
cost(13, 9, 99).
cost(13, 10, 12).
cost(13, 11, 41).
cost(13, 12, 63).
cost(13, 14, 90).
cost(13, 15, 26).
cost(13, 16, 41).
cost(13, 17, 102).
cost(13, 18, 39).
cost(13, 19, 81).
cost(13, 20, 46).
cost(13, 21, 82).
cost(13, 22, 62).
cost(13, 23, 68).
cost(13, 24, 67).
cost(14, 1, 35).
cost(14, 2, 89).
cost(14, 3, 79).
cost(14, 4, 58).
cost(14, 5, 20).
cost(14, 6, 75).
cost(14, 7, 30).
cost(14, 8, 62).
cost(14, 9, 16).
cost(14, 10, 83).
cost(14, 11, 60).
cost(14, 12, 59).
cost(14, 13, 90).
cost(14, 15, 74).
cost(14, 16, 86).
cost(14, 17, 18).
cost(14, 18, 71).
cost(14, 19, 12).
cost(14, 20, 72).
cost(14, 21, 23).
cost(14, 22, 68).
cost(14, 23, 43).
cost(14, 24, 49).
cost(15, 1, 50).
cost(15, 2, 45).
cost(15, 3, 8).
cost(15, 4, 58).
cost(15, 5, 54).
cost(15, 6, 24).
cost(15, 7, 47).
cost(15, 8, 30).
cost(15, 9, 85).
cost(15, 10, 30).
cost(15, 11, 16).
cost(15, 12, 66).
cost(15, 13, 26).
cost(15, 14, 74).
cost(15, 16, 22).
cost(15, 17, 88).
cost(15, 18, 13).
cost(15, 19, 62).
cost(15, 20, 21).
cost(15, 21, 72).
cost(15, 22, 36).
cost(15, 23, 64).
cost(15, 24, 65).
cost(16, 1, 69).
cost(16, 2, 64).
cost(16, 3, 26).
cost(16, 4, 79).
cost(16, 5, 67).
cost(16, 6, 45).
cost(16, 7, 64).
cost(16, 8, 28).
cost(16, 9, 100).
cost(16, 10, 49).
cost(16, 11, 27).
cost(16, 12, 87).
cost(16, 13, 41).
cost(16, 14, 86).
cost(16, 15, 22).
cost(16, 17, 103).
cost(16, 18, 16).
cost(16, 19, 74).
cost(16, 20, 15).
cost(16, 21, 89).
cost(16, 22, 28).
cost(16, 23, 84).
cost(16, 24, 86).
cost(17, 1, 43).
cost(17, 2, 97).
cost(17, 3, 92).
cost(17, 4, 60).
cost(17, 5, 36).
cost(17, 6, 86).
cost(17, 7, 42).
cost(17, 8, 80).
cost(17, 9, 3).
cost(17, 10, 93).
cost(17, 11, 76).
cost(17, 12, 59).
cost(17, 13, 102).
cost(17, 14, 18).
cost(17, 15, 88).
cost(17, 16, 103).
cost(17, 18, 87).
cost(17, 19, 30).
cost(17, 20, 89).
cost(17, 21, 22).
cost(17, 22, 86).
cost(17, 23, 43).
cost(17, 24, 48).
cost(18, 1, 53).
cost(18, 2, 58).
cost(18, 3, 21).
cost(18, 4, 66).
cost(18, 5, 52).
cost(18, 6, 37).
cost(18, 7, 48).
cost(18, 8, 18).
cost(18, 9, 84).
cost(18, 10, 43).
cost(18, 11, 12).
cost(18, 12, 74).
cost(18, 13, 39).
cost(18, 14, 71).
cost(18, 15, 13).
cost(18, 16, 16).
cost(18, 17, 87).
cost(18, 19, 59).
cost(18, 20, 8).
cost(18, 21, 73).
cost(18, 22, 23).
cost(18, 23, 69).
cost(18, 24, 72).
cost(19, 1, 30).
cost(19, 2, 82).
cost(19, 3, 68).
cost(19, 4, 55).
cost(19, 5, 9).
cost(19, 6, 66).
cost(19, 7, 23).
cost(19, 8, 50).
cost(19, 9, 27).
cost(19, 10, 75).
cost(19, 11, 48).
cost(19, 12, 58).
cost(19, 13, 81).
cost(19, 14, 12).
cost(19, 15, 62).
cost(19, 16, 74).
cost(19, 17, 30).
cost(19, 18, 59).
cost(19, 20, 60).
cost(19, 21, 27).
cost(19, 22, 56).
cost(19, 23, 42).
cost(19, 24, 48).
cost(20, 1, 58).
cost(20, 2, 66).
cost(20, 3, 28).
cost(20, 4, 72).
cost(20, 5, 53).
cost(20, 6, 44).
cost(20, 7, 52).
cost(20, 8, 13).
cost(20, 9, 86).
cost(20, 10, 51).
cost(20, 11, 16).
cost(20, 12, 80).
cost(20, 13, 46).
cost(20, 14, 72).
cost(20, 15, 21).
cost(20, 16, 15).
cost(20, 17, 89).
cost(20, 18, 8).
cost(20, 19, 60).
cost(20, 21, 77).
cost(20, 22, 16).
cost(20, 23, 75).
cost(20, 24, 77).
cost(21, 1, 23).
cost(21, 2, 75).
cost(21, 3, 75).
cost(21, 4, 38).
cost(21, 5, 28).
cost(21, 6, 66).
cost(21, 7, 25).
cost(21, 8, 70).
cost(21, 9, 20).
cost(21, 10, 73).
cost(21, 11, 62).
cost(21, 12, 38).
cost(21, 13, 82).
cost(21, 14, 23).
cost(21, 15, 72).
cost(21, 16, 89).
cost(21, 17, 22).
cost(21, 18, 73).
cost(21, 19, 27).
cost(21, 20, 77).
cost(21, 22, 78).
cost(21, 23, 21).
cost(21, 24, 27).
cost(22, 1, 62).
cost(22, 2, 80).
cost(22, 3, 44).
cost(22, 4, 81).
cost(22, 5, 51).
cost(22, 6, 59).
cost(22, 7, 54).
cost(22, 8, 9).
cost(22, 9, 83).
cost(22, 10, 66).
cost(22, 11, 25).
cost(22, 12, 88).
cost(22, 13, 62).
cost(22, 14, 68).
cost(22, 15, 36).
cost(22, 16, 28).
cost(22, 17, 86).
cost(22, 18, 23).
cost(22, 19, 56).
cost(22, 20, 16).
cost(22, 21, 78).
cost(22, 23, 80).
cost(22, 24, 84).
cost(23, 1, 18).
cost(23, 2, 56).
cost(23, 3, 65).
cost(23, 4, 17).
cost(23, 5, 38).
cost(23, 6, 52).
cost(23, 7, 27).
cost(23, 8, 71).
cost(23, 9, 41).
cost(23, 10, 57).
cost(23, 11, 59).
cost(23, 12, 17).
cost(23, 13, 68).
cost(23, 14, 43).
cost(23, 15, 64).
cost(23, 16, 84).
cost(23, 17, 43).
cost(23, 18, 69).
cost(23, 19, 42).
cost(23, 20, 75).
cost(23, 21, 21).
cost(23, 22, 80).
cost(23, 24, 6).
cost(24, 1, 22).
cost(24, 2, 53).
cost(24, 3, 66).
cost(24, 4, 13).
cost(24, 5, 44).
cost(24, 6, 51).
cost(24, 7, 32).
cost(24, 8, 75).
cost(24, 9, 47).
cost(24, 10, 55).
cost(24, 11, 62).
cost(24, 12, 11).
cost(24, 13, 67).
cost(24, 14, 49).
cost(24, 15, 65).
cost(24, 16, 86).
cost(24, 17, 48).
cost(24, 18, 72).
cost(24, 19, 48).
cost(24, 20, 77).
cost(24, 21, 27).
cost(24, 22, 84).
cost(24, 23, 6).
