dimension(24).
point(1, 36.2760092472, 45.8418196641).
point(2, 68.5922547478, 55.8907954044).
point(3, 67.2523589871, 19.3166371861).
point(4, 11.3255757973, 65.7131350513).
point(5, 80.4497200852, 82.2293681313).
point(6, 91.996058305, 25.7201662907).
point(7, 18.7069503401, 5.8821619927).
point(8, 83.3197994025, 24.4307505424).
point(9, 54.3769997648, 72.2140840034).
point(10, 57.2104227153, 79.0944345364).
point(11, 55.9534679975, 53.2337935818).
point(12, 14.4416495448, 80.5126209997).
point(13, 71.4124950546, 77.3852935429).
point(14, 21.1717887845, 23.7760603098).
point(15, 48.1181094336, 63.4129155871).
point(16, 86.8596037288, 23.0376401868).
point(17, 84.3513026632, 82.662171971).
point(18, 37.8010914739, 42.5333691318).
point(19, 35.3381209248, 11.0528477246).
point(20, 16.4813380818, 14.5277053202).
point(21, 64.1125825227, 83.4747104325).
point(22, 26.5569593859, 89.247252392).
point(23, 74.0425406241, 82.4595197554).
point(24, 7.7324457285, 60.90649385).
cost(1, 2, 34).
cost(1, 3, 41).
cost(1, 4, 32).
cost(1, 5, 57).
cost(1, 6, 59).
cost(1, 7, 44).
cost(1, 8, 52).
cost(1, 9, 32).
cost(1, 10, 39).
cost(1, 11, 21).
cost(1, 12, 41).
cost(1, 13, 47).
cost(1, 14, 27).
cost(1, 15, 21).
cost(1, 16, 55).
cost(1, 17, 61).
cost(1, 18, 4).
cost(1, 19, 35).
cost(1, 20, 37).
cost(1, 21, 47).
cost(1, 22, 44).
cost(1, 23, 53).
cost(1, 24, 32).
cost(2, 1, 34).
cost(2, 3, 37).
cost(2, 4, 58).
cost(2, 5, 29).
cost(2, 6, 38).
cost(2, 7, 71).
cost(2, 8, 35).
cost(2, 9, 22).
cost(2, 10, 26).
cost(2, 11, 13).
cost(2, 12, 59).
cost(2, 13, 22).
cost(2, 14, 57).
cost(2, 15, 22).
cost(2, 16, 38).
cost(2, 17, 31).
cost(2, 18, 34).
cost(2, 19, 56).
cost(2, 20, 67).
cost(2, 21, 28).
cost(2, 22, 54).
cost(2, 23, 27).
cost(2, 24, 61).
cost(3, 1, 41).
cost(3, 2, 37).
cost(3, 4, 73).
cost(3, 5, 64).
cost(3, 6, 26).
cost(3, 7, 50).
cost(3, 8, 17).
cost(3, 9, 54).
cost(3, 10, 61).
cost(3, 11, 36).
cost(3, 12, 81).
cost(3, 13, 58).
cost(3, 14, 46).
cost(3, 15, 48).
cost(3, 16, 20).
cost(3, 17, 66).
cost(3, 18, 38).
cost(3, 19, 33).
cost(3, 20, 51).
cost(3, 21, 64).
cost(3, 22, 81).
cost(3, 23, 64).
cost(3, 24, 73).
cost(4, 1, 32).
cost(4, 2, 58).
cost(4, 3, 73).
cost(4, 5, 71).
cost(4, 6, 90).
cost(4, 7, 60).
cost(4, 8, 83).
cost(4, 9, 44).
cost(4, 10, 48).
cost(4, 11, 46).
cost(4, 12, 15).
cost(4, 13, 61).
cost(4, 14, 43).
cost(4, 15, 37).
cost(4, 16, 87).
cost(4, 17, 75).
cost(4, 18, 35).
cost(4, 19, 60).
cost(4, 20, 51).
cost(4, 21, 56).
cost(4, 22, 28).
cost(4, 23, 65).
cost(4, 24, 6).
cost(5, 1, 57).
cost(5, 2, 29).
cost(5, 3, 64).
cost(5, 4, 71).
cost(5, 6, 58).
cost(5, 7, 98).
cost(5, 8, 58).
cost(5, 9, 28).
cost(5, 10, 23).
cost(5, 11, 38).
cost(5, 12, 66).
cost(5, 13, 10).
cost(5, 14, 83).
cost(5, 15, 37).
cost(5, 16, 60).
cost(5, 17, 4).
cost(5, 18, 58).
cost(5, 19, 84).
cost(5, 20, 93).
cost(5, 21, 16).
cost(5, 22, 54).
cost(5, 23, 6).
cost(5, 24, 76).
cost(6, 1, 59).
cost(6, 2, 38).
cost(6, 3, 26).
cost(6, 4, 90).
cost(6, 5, 58).
cost(6, 7, 76).
cost(6, 8, 9).
cost(6, 9, 60).
cost(6, 10, 64).
cost(6, 11, 45).
cost(6, 12, 95).
cost(6, 13, 56).
cost(6, 14, 71).
cost(6, 15, 58).
cost(6, 16, 6).
cost(6, 17, 57).
cost(6, 18, 57).
cost(6, 19, 59).
cost(6, 20, 76).
cost(6, 21, 64).
cost(6, 22, 91).
cost(6, 23, 60).
cost(6, 24, 91).
cost(7, 1, 44).
cost(7, 2, 71).
cost(7, 3, 50).
cost(7, 4, 60).
cost(7, 5, 98).
cost(7, 6, 76).
cost(7, 8, 67).
cost(7, 9, 75).
cost(7, 10, 83).
cost(7, 11, 60).
cost(7, 12, 75).
cost(7, 13, 89).
cost(7, 14, 18).
cost(7, 15, 65).
cost(7, 16, 70).
cost(7, 17, 101).
cost(7, 18, 41).
cost(7, 19, 17).
cost(7, 20, 9).
cost(7, 21, 90).
cost(7, 22, 84).
cost(7, 23, 94).
cost(7, 24, 56).
cost(8, 1, 52).
cost(8, 2, 35).
cost(8, 3, 17).
cost(8, 4, 83).
cost(8, 5, 58).
cost(8, 6, 9).
cost(8, 7, 67).
cost(8, 9, 56).
cost(8, 10, 61).
cost(8, 11, 40).
cost(8, 12, 89).
cost(8, 13, 54).
cost(8, 14, 62).
cost(8, 15, 53).
cost(8, 16, 4).
cost(8, 17, 58).
cost(8, 18, 49).
cost(8, 19, 50).
cost(8, 20, 68).
cost(8, 21, 62).
cost(8, 22, 86).
cost(8, 23, 59).
cost(8, 24, 84).
cost(9, 1, 32).
cost(9, 2, 22).
cost(9, 3, 54).
cost(9, 4, 44).
cost(9, 5, 28).
cost(9, 6, 60).
cost(9, 7, 75).
cost(9, 8, 56).
cost(9, 10, 7).
cost(9, 11, 19).
cost(9, 12, 41).
cost(9, 13, 18).
cost(9, 14, 59).
cost(9, 15, 11).
cost(9, 16, 59).
cost(9, 17, 32).
cost(9, 18, 34).
cost(9, 19, 64).
cost(9, 20, 69).
cost(9, 21, 15).
cost(9, 22, 33).
cost(9, 23, 22).
cost(9, 24, 48).
cost(10, 1, 39).
cost(10, 2, 26).
cost(10, 3, 61).
cost(10, 4, 48).
cost(10, 5, 23).
cost(10, 6, 64).
cost(10, 7, 83).
cost(10, 8, 61).
cost(10, 9, 7).
cost(10, 11, 26).
cost(10, 12, 43).
cost(10, 13, 14).
cost(10, 14, 66).
cost(10, 15, 18).
cost(10, 16, 63).
cost(10, 17, 27).
cost(10, 18, 41).
cost(10, 19, 71).
cost(10, 20, 76).
cost(10, 21, 8).
cost(10, 22, 32).
cost(10, 23, 17).
cost(10, 24, 53).
cost(11, 1, 21).
cost(11, 2, 13).
cost(11, 3, 36).
cost(11, 4, 46).
cost(11, 5, 38).
cost(11, 6, 45).
cost(11, 7, 60).
cost(11, 8, 40).
cost(11, 9, 19).
cost(11, 10, 26).
cost(11, 12, 50).
cost(11, 13, 29).
cost(11, 14, 46).
cost(11, 15, 13).
cost(11, 16, 43).
cost(11, 17, 41).
cost(11, 18, 21).
cost(11, 19, 47).
cost(11, 20, 55).
cost(11, 21, 31).
cost(11, 22, 46).
cost(11, 23, 34).
cost(11, 24, 49).
cost(12, 1, 41).
cost(12, 2, 59).
cost(12, 3, 81).
cost(12, 4, 15).
cost(12, 5, 66).
cost(12, 6, 95).
cost(12, 7, 75).
cost(12, 8, 89).
cost(12, 9, 41).
cost(12, 10, 43).
cost(12, 11, 50).
cost(12, 13, 57).
cost(12, 14, 57).
cost(12, 15, 38).
cost(12, 16, 92).
cost(12, 17, 70).
cost(12, 18, 45).
cost(12, 19, 73).
cost(12, 20, 66).
cost(12, 21, 50).
cost(12, 22, 15).
cost(12, 23, 60).
cost(12, 24, 21).
cost(13, 1, 47).
cost(13, 2, 22).
cost(13, 3, 58).
cost(13, 4, 61).
cost(13, 5, 10).
cost(13, 6, 56).
cost(13, 7, 89).
cost(13, 8, 54).
cost(13, 9, 18).
cost(13, 10, 14).
cost(13, 11, 29).
cost(13, 12, 57).
cost(13, 14, 73).
cost(13, 15, 27).
cost(13, 16, 57).
cost(13, 17, 14).
cost(13, 18, 48).
cost(13, 19, 76).
cost(13, 20, 83).
cost(13, 21, 10).
cost(13, 22, 46).
cost(13, 23, 6).
cost(13, 24, 66).
cost(14, 1, 27).
cost(14, 2, 57).
cost(14, 3, 46).
cost(14, 4, 43).
cost(14, 5, 83).
cost(14, 6, 71).
cost(14, 7, 18).
cost(14, 8, 62).
cost(14, 9, 59).
cost(14, 10, 66).
cost(14, 11, 46).
cost(14, 12, 57).
cost(14, 13, 73).
cost(14, 15, 48).
cost(14, 16, 66).
cost(14, 17, 86).
cost(14, 18, 25).
cost(14, 19, 19).
cost(14, 20, 10).
cost(14, 21, 74).
cost(14, 22, 66).
cost(14, 23, 79).
cost(14, 24, 39).
cost(15, 1, 21).
cost(15, 2, 22).
cost(15, 3, 48).
cost(15, 4, 37).
cost(15, 5, 37).
cost(15, 6, 58).
cost(15, 7, 65).
cost(15, 8, 53).
cost(15, 9, 11).
cost(15, 10, 18).
cost(15, 11, 13).
cost(15, 12, 38).
cost(15, 13, 27).
cost(15, 14, 48).
cost(15, 16, 56).
cost(15, 17, 41).
cost(15, 18, 23).
cost(15, 19, 54).
cost(15, 20, 58).
cost(15, 21, 26).
cost(15, 22, 34).
cost(15, 23, 32).
cost(15, 24, 40).
cost(16, 1, 55).
cost(16, 2, 38).
cost(16, 3, 20).
cost(16, 4, 87).
cost(16, 5, 60).
cost(16, 6, 6).
cost(16, 7, 70).
cost(16, 8, 4).
cost(16, 9, 59).
cost(16, 10, 63).
cost(16, 11, 43).
cost(16, 12, 92).
cost(16, 13, 57).
cost(16, 14, 66).
cost(16, 15, 56).
cost(16, 17, 60).
cost(16, 18, 53).
cost(16, 19, 53).
cost(16, 20, 71).
cost(16, 21, 65).
cost(16, 22, 90).
cost(16, 23, 61).
cost(16, 24, 88).
cost(17, 1, 61).
cost(17, 2, 31).
cost(17, 3, 66).
cost(17, 4, 75).
cost(17, 5, 4).
cost(17, 6, 57).
cost(17, 7, 101).
cost(17, 8, 58).
cost(17, 9, 32).
cost(17, 10, 27).
cost(17, 11, 41).
cost(17, 12, 70).
cost(17, 13, 14).
cost(17, 14, 86).
cost(17, 15, 41).
cost(17, 16, 60).
cost(17, 18, 61).
cost(17, 19, 87).
cost(17, 20, 96).
cost(17, 21, 20).
cost(17, 22, 58).
cost(17, 23, 10).
cost(17, 24, 80).
cost(18, 1, 4).
cost(18, 2, 34).
cost(18, 3, 38).
cost(18, 4, 35).
cost(18, 5, 58).
cost(18, 6, 57).
cost(18, 7, 41).
cost(18, 8, 49).
cost(18, 9, 34).
cost(18, 10, 41).
cost(18, 11, 21).
cost(18, 12, 45).
cost(18, 13, 48).
cost(18, 14, 25).
cost(18, 15, 23).
cost(18, 16, 53).
cost(18, 17, 61).
cost(18, 19, 32).
cost(18, 20, 35).
cost(18, 21, 49).
cost(18, 22, 48).
cost(18, 23, 54).
cost(18, 24, 35).
cost(19, 1, 35).
cost(19, 2, 56).
cost(19, 3, 33).
cost(19, 4, 60).
cost(19, 5, 84).
cost(19, 6, 59).
cost(19, 7, 17).
cost(19, 8, 50).
cost(19, 9, 64).
cost(19, 10, 71).
cost(19, 11, 47).
cost(19, 12, 73).
cost(19, 13, 76).
cost(19, 14, 19).
cost(19, 15, 54).
cost(19, 16, 53).
cost(19, 17, 87).
cost(19, 18, 32).
cost(19, 20, 19).
cost(19, 21, 78).
cost(19, 22, 79).
cost(19, 23, 81).
cost(19, 24, 57).
cost(20, 1, 37).
cost(20, 2, 67).
cost(20, 3, 51).
cost(20, 4, 51).
cost(20, 5, 93).
cost(20, 6, 76).
cost(20, 7, 9).
cost(20, 8, 68).
cost(20, 9, 69).
cost(20, 10, 76).
cost(20, 11, 55).
cost(20, 12, 66).
cost(20, 13, 83).
cost(20, 14, 10).
cost(20, 15, 58).
cost(20, 16, 71).
cost(20, 17, 96).
cost(20, 18, 35).
cost(20, 19, 19).
cost(20, 21, 84).
cost(20, 22, 75).
cost(20, 23, 89).
cost(20, 24, 47).
cost(21, 1, 47).
cost(21, 2, 28).
cost(21, 3, 64).
cost(21, 4, 56).
cost(21, 5, 16).
cost(21, 6, 64).
cost(21, 7, 90).
cost(21, 8, 62).
cost(21, 9, 15).
cost(21, 10, 8).
cost(21, 11, 31).
cost(21, 12, 50).
cost(21, 13, 10).
cost(21, 14, 74).
cost(21, 15, 26).
cost(21, 16, 65).
cost(21, 17, 20).
cost(21, 18, 49).
cost(21, 19, 78).
cost(21, 20, 84).
cost(21, 22, 38).
cost(21, 23, 10).
cost(21, 24, 61).
cost(22, 1, 44).
cost(22, 2, 54).
cost(22, 3, 81).
cost(22, 4, 28).
cost(22, 5, 54).
cost(22, 6, 91).
cost(22, 7, 84).
cost(22, 8, 86).
cost(22, 9, 33).
cost(22, 10, 32).
cost(22, 11, 46).
cost(22, 12, 15).
cost(22, 13, 46).
cost(22, 14, 66).
cost(22, 15, 34).
cost(22, 16, 90).
cost(22, 17, 58).
cost(22, 18, 48).
cost(22, 19, 79).
cost(22, 20, 75).
cost(22, 21, 38).
cost(22, 23, 48).
cost(22, 24, 34).
cost(23, 1, 53).
cost(23, 2, 27).
cost(23, 3, 64).
cost(23, 4, 65).
cost(23, 5, 6).
cost(23, 6, 60).
cost(23, 7, 94).
cost(23, 8, 59).
cost(23, 9, 22).
cost(23, 10, 17).
cost(23, 11, 34).
cost(23, 12, 60).
cost(23, 13, 6).
cost(23, 14, 79).
cost(23, 15, 32).
cost(23, 16, 61).
cost(23, 17, 10).
cost(23, 18, 54).
cost(23, 19, 81).
cost(23, 20, 89).
cost(23, 21, 10).
cost(23, 22, 48).
cost(23, 24, 70).
cost(24, 1, 32).
cost(24, 2, 61).
cost(24, 3, 73).
cost(24, 4, 6).
cost(24, 5, 76).
cost(24, 6, 91).
cost(24, 7, 56).
cost(24, 8, 84).
cost(24, 9, 48).
cost(24, 10, 53).
cost(24, 11, 49).
cost(24, 12, 21).
cost(24, 13, 66).
cost(24, 14, 39).
cost(24, 15, 40).
cost(24, 16, 88).
cost(24, 17, 80).
cost(24, 18, 35).
cost(24, 19, 57).
cost(24, 20, 47).
cost(24, 21, 61).
cost(24, 22, 34).
cost(24, 23, 70).
