dimension(24).
point(1, 18.4463208144, 29.5777616614).
point(2, 77.3491944428, 82.6812147614).
point(3, 38.7305218014, 67.1663587472).
point(4, 33.956662179, 86.6053400049).
point(5, 49.505707568, 67.6629624251).
point(6, 60.6254740398, 81.2712776372).
point(7, 19.9164686456, 54.3324898646).
point(8, 31.8417562364, 55.6157555617).
point(9, 66.9157824622, 10.8444914851).
point(10, 57.4999387146, 43.4324372412).
point(11, 52.4280983813, 31.4474818458).
point(12, 51.7474371733, 36.70793173).
point(13, 45.9167433843, 84.2558556891).
point(14, 62.2477902809, 16.5223278584).
point(15, 79.9892305046, 71.4235183907).
point(16, 78.6242956255, 17.127797094).
point(17, 11.3348594516, 32.0862765391).
point(18, 69.2454055004, 82.8818584699).
point(19, 88.7398083268, 17.2854210375).
point(20, 29.8585524868, 65.4364895022).
point(21, 27.4301036006, 62.1452578057).
point(22, 6.6996227527, 36.3102658429).
point(23, 30.5210655862, 24.0056652156).
point(24, 14.4431817782, 26.6818353667).
cost(1, 2, 79).
cost(1, 3, 43).
cost(1, 4, 59).
cost(1, 5, 49).
cost(1, 6, 67).
cost(1, 7, 25).
cost(1, 8, 29).
cost(1, 9, 52).
cost(1, 10, 41).
cost(1, 11, 34).
cost(1, 12, 34).
cost(1, 13, 61).
cost(1, 14, 46).
cost(1, 15, 74).
cost(1, 16, 61).
cost(1, 17, 8).
cost(1, 18, 74).
cost(1, 19, 71).
cost(1, 20, 38).
cost(1, 21, 34).
cost(1, 22, 14).
cost(1, 23, 13).
cost(1, 24, 5).
cost(2, 1, 79).
cost(2, 3, 42).
cost(2, 4, 44).
cost(2, 5, 32).
cost(2, 6, 17).
cost(2, 7, 64).
cost(2, 8, 53).
cost(2, 9, 73).
cost(2, 10, 44).
cost(2, 11, 57).
cost(2, 12, 53).
cost(2, 13, 31).
cost(2, 14, 68).
cost(2, 15, 12).
cost(2, 16, 66).
cost(2, 17, 83).
cost(2, 18, 8).
cost(2, 19, 66).
cost(2, 20, 51).
cost(2, 21, 54).
cost(2, 22, 85).
cost(2, 23, 75).
cost(2, 24, 84).
cost(3, 1, 43).
cost(3, 2, 42).
cost(3, 4, 20).
cost(3, 5, 11).
cost(3, 6, 26).
cost(3, 7, 23).
cost(3, 8, 13).
cost(3, 9, 63).
cost(3, 10, 30).
cost(3, 11, 38).
cost(3, 12, 33).
cost(3, 13, 19).
cost(3, 14, 56).
cost(3, 15, 41).
cost(3, 16, 64).
cost(3, 17, 45).
cost(3, 18, 34).
cost(3, 19, 71).
cost(3, 20, 9).
cost(3, 21, 12).
cost(3, 22, 44).
cost(3, 23, 44).
cost(3, 24, 47).
cost(4, 1, 59).
cost(4, 2, 44).
cost(4, 3, 20).
cost(4, 5, 25).
cost(4, 6, 27).
cost(4, 7, 35).
cost(4, 8, 31).
cost(4, 9, 83).
cost(4, 10, 49).
cost(4, 11, 58).
cost(4, 12, 53).
cost(4, 13, 12).
cost(4, 14, 76).
cost(4, 15, 48).
cost(4, 16, 83).
cost(4, 17, 59).
cost(4, 18, 35).
cost(4, 19, 88).
cost(4, 20, 22).
cost(4, 21, 25).
cost(4, 22, 57).
cost(4, 23, 63).
cost(4, 24, 63).
cost(5, 1, 49).
cost(5, 2, 32).
cost(5, 3, 11).
cost(5, 4, 25).
cost(5, 6, 18).
cost(5, 7, 32).
cost(5, 8, 21).
cost(5, 9, 59).
cost(5, 10, 26).
cost(5, 11, 36).
cost(5, 12, 31).
cost(5, 13, 17).
cost(5, 14, 53).
cost(5, 15, 31).
cost(5, 16, 58).
cost(5, 17, 52).
cost(5, 18, 25).
cost(5, 19, 64).
cost(5, 20, 20).
cost(5, 21, 23).
cost(5, 22, 53).
cost(5, 23, 48).
cost(5, 24, 54).
cost(6, 1, 67).
cost(6, 2, 17).
cost(6, 3, 26).
cost(6, 4, 27).
cost(6, 5, 18).
cost(6, 7, 49).
cost(6, 8, 39).
cost(6, 9, 71).
cost(6, 10, 38).
cost(6, 11, 50).
cost(6, 12, 45).
cost(6, 13, 15).
cost(6, 14, 65).
cost(6, 15, 22).
cost(6, 16, 67).
cost(6, 17, 70).
cost(6, 18, 9).
cost(6, 19, 70).
cost(6, 20, 35).
cost(6, 21, 38).
cost(6, 22, 70).
cost(6, 23, 65).
cost(6, 24, 72).
cost(7, 1, 25).
cost(7, 2, 64).
cost(7, 3, 23).
cost(7, 4, 35).
cost(7, 5, 32).
cost(7, 6, 49).
cost(7, 8, 12).
cost(7, 9, 64).
cost(7, 10, 39).
cost(7, 11, 40).
cost(7, 12, 36).
cost(7, 13, 40).
cost(7, 14, 57).
cost(7, 15, 62).
cost(7, 16, 70).
cost(7, 17, 24).
cost(7, 18, 57).
cost(7, 19, 78).
cost(7, 20, 15).
cost(7, 21, 11).
cost(7, 22, 22).
cost(7, 23, 32).
cost(7, 24, 28).
cost(8, 1, 29).
cost(8, 2, 53).
cost(8, 3, 13).
cost(8, 4, 31).
cost(8, 5, 21).
cost(8, 6, 39).
cost(8, 7, 12).
cost(8, 9, 57).
cost(8, 10, 28).
cost(8, 11, 32).
cost(8, 12, 27).
cost(8, 13, 32).
cost(8, 14, 50).
cost(8, 15, 51).
cost(8, 16, 61).
cost(8, 17, 31).
cost(8, 18, 46).
cost(8, 19, 69).
cost(8, 20, 10).
cost(8, 21, 8).
cost(8, 22, 32).
cost(8, 23, 32).
cost(8, 24, 34).
cost(9, 1, 52).
cost(9, 2, 73).
cost(9, 3, 63).
cost(9, 4, 83).
cost(9, 5, 59).
cost(9, 6, 71).
cost(9, 7, 64).
cost(9, 8, 57).
cost(9, 10, 34).
cost(9, 11, 25).
cost(9, 12, 30).
cost(9, 13, 76).
cost(9, 14, 7).
cost(9, 15, 62).
cost(9, 16, 13).
cost(9, 17, 60).
cost(9, 18, 72).
cost(9, 19, 23).
cost(9, 20, 66).
cost(9, 21, 65).
cost(9, 22, 65).
cost(9, 23, 39).
cost(9, 24, 55).
cost(10, 1, 41).
cost(10, 2, 44).
cost(10, 3, 30).
cost(10, 4, 49).
cost(10, 5, 26).
cost(10, 6, 38).
cost(10, 7, 39).
cost(10, 8, 28).
cost(10, 9, 34).
cost(10, 11, 13).
cost(10, 12, 9).
cost(10, 13, 42).
cost(10, 14, 27).
cost(10, 15, 36).
cost(10, 16, 34).
cost(10, 17, 48).
cost(10, 18, 41).
cost(10, 19, 41).
cost(10, 20, 35).
cost(10, 21, 35).
cost(10, 22, 51).
cost(10, 23, 33).
cost(10, 24, 46).
cost(11, 1, 34).
cost(11, 2, 57).
cost(11, 3, 38).
cost(11, 4, 58).
cost(11, 5, 36).
cost(11, 6, 50).
cost(11, 7, 40).
cost(11, 8, 32).
cost(11, 9, 25).
cost(11, 10, 13).
cost(11, 12, 5).
cost(11, 13, 53).
cost(11, 14, 18).
cost(11, 15, 49).
cost(11, 16, 30).
cost(11, 17, 41).
cost(11, 18, 54).
cost(11, 19, 39).
cost(11, 20, 41).
cost(11, 21, 40).
cost(11, 22, 46).
cost(11, 23, 23).
cost(11, 24, 38).
cost(12, 1, 34).
cost(12, 2, 53).
cost(12, 3, 33).
cost(12, 4, 53).
cost(12, 5, 31).
cost(12, 6, 45).
cost(12, 7, 36).
cost(12, 8, 27).
cost(12, 9, 30).
cost(12, 10, 9).
cost(12, 11, 5).
cost(12, 13, 48).
cost(12, 14, 23).
cost(12, 15, 45).
cost(12, 16, 33).
cost(12, 17, 41).
cost(12, 18, 49).
cost(12, 19, 42).
cost(12, 20, 36).
cost(12, 21, 35).
cost(12, 22, 45).
cost(12, 23, 25).
cost(12, 24, 39).
cost(13, 1, 61).
cost(13, 2, 31).
cost(13, 3, 19).
cost(13, 4, 12).
cost(13, 5, 17).
cost(13, 6, 15).
cost(13, 7, 40).
cost(13, 8, 32).
cost(13, 9, 76).
cost(13, 10, 42).
cost(13, 11, 53).
cost(13, 12, 48).
cost(13, 14, 70).
cost(13, 15, 36).
cost(13, 16, 75).
cost(13, 17, 63).
cost(13, 18, 23).
cost(13, 19, 79).
cost(13, 20, 25).
cost(13, 21, 29).
cost(13, 22, 62).
cost(13, 23, 62).
cost(13, 24, 66).
cost(14, 1, 46).
cost(14, 2, 68).
cost(14, 3, 56).
cost(14, 4, 76).
cost(14, 5, 53).
cost(14, 6, 65).
cost(14, 7, 57).
cost(14, 8, 50).
cost(14, 9, 7).
cost(14, 10, 27).
cost(14, 11, 18).
cost(14, 12, 23).
cost(14, 13, 70).
cost(14, 15, 58).
cost(14, 16, 16).
cost(14, 17, 53).
cost(14, 18, 67).
cost(14, 19, 27).
cost(14, 20, 59).
cost(14, 21, 57).
cost(14, 22, 59).
cost(14, 23, 33).
cost(14, 24, 49).
cost(15, 1, 74).
cost(15, 2, 12).
cost(15, 3, 41).
cost(15, 4, 48).
cost(15, 5, 31).
cost(15, 6, 22).
cost(15, 7, 62).
cost(15, 8, 51).
cost(15, 9, 62).
cost(15, 10, 36).
cost(15, 11, 49).
cost(15, 12, 45).
cost(15, 13, 36).
cost(15, 14, 58).
cost(15, 16, 54).
cost(15, 17, 79).
cost(15, 18, 16).
cost(15, 19, 55).
cost(15, 20, 50).
cost(15, 21, 53).
cost(15, 22, 81).
cost(15, 23, 69).
cost(15, 24, 79).
cost(16, 1, 61).
cost(16, 2, 66).
cost(16, 3, 64).
cost(16, 4, 83).
cost(16, 5, 58).
cost(16, 6, 67).
cost(16, 7, 70).
cost(16, 8, 61).
cost(16, 9, 13).
cost(16, 10, 34).
cost(16, 11, 30).
cost(16, 12, 33).
cost(16, 13, 75).
cost(16, 14, 16).
cost(16, 15, 54).
cost(16, 17, 69).
cost(16, 18, 66).
cost(16, 19, 10).
cost(16, 20, 69).
cost(16, 21, 68).
cost(16, 22, 74).
cost(16, 23, 49).
cost(16, 24, 65).
cost(17, 1, 8).
cost(17, 2, 83).
cost(17, 3, 45).
cost(17, 4, 59).
cost(17, 5, 52).
cost(17, 6, 70).
cost(17, 7, 24).
cost(17, 8, 31).
cost(17, 9, 60).
cost(17, 10, 48).
cost(17, 11, 41).
cost(17, 12, 41).
cost(17, 13, 63).
cost(17, 14, 53).
cost(17, 15, 79).
cost(17, 16, 69).
cost(17, 18, 77).
cost(17, 19, 79).
cost(17, 20, 38).
cost(17, 21, 34).
cost(17, 22, 6).
cost(17, 23, 21).
cost(17, 24, 6).
cost(18, 1, 74).
cost(18, 2, 8).
cost(18, 3, 34).
cost(18, 4, 35).
cost(18, 5, 25).
cost(18, 6, 9).
cost(18, 7, 57).
cost(18, 8, 46).
cost(18, 9, 72).
cost(18, 10, 41).
cost(18, 11, 54).
cost(18, 12, 49).
cost(18, 13, 23).
cost(18, 14, 67).
cost(18, 15, 16).
cost(18, 16, 66).
cost(18, 17, 77).
cost(18, 19, 68).
cost(18, 20, 43).
cost(18, 21, 47).
cost(18, 22, 78).
cost(18, 23, 70).
cost(18, 24, 78).
cost(19, 1, 71).
cost(19, 2, 66).
cost(19, 3, 71).
cost(19, 4, 88).
cost(19, 5, 64).
cost(19, 6, 70).
cost(19, 7, 78).
cost(19, 8, 69).
cost(19, 9, 23).
cost(19, 10, 41).
cost(19, 11, 39).
cost(19, 12, 42).
cost(19, 13, 79).
cost(19, 14, 27).
cost(19, 15, 55).
cost(19, 16, 10).
cost(19, 17, 79).
cost(19, 18, 68).
cost(19, 20, 76).
cost(19, 21, 76).
cost(19, 22, 84).
cost(19, 23, 59).
cost(19, 24, 75).
cost(20, 1, 38).
cost(20, 2, 51).
cost(20, 3, 9).
cost(20, 4, 22).
cost(20, 5, 20).
cost(20, 6, 35).
cost(20, 7, 15).
cost(20, 8, 10).
cost(20, 9, 66).
cost(20, 10, 35).
cost(20, 11, 41).
cost(20, 12, 36).
cost(20, 13, 25).
cost(20, 14, 59).
cost(20, 15, 50).
cost(20, 16, 69).
cost(20, 17, 38).
cost(20, 18, 43).
cost(20, 19, 76).
cost(20, 21, 4).
cost(20, 22, 37).
cost(20, 23, 41).
cost(20, 24, 42).
cost(21, 1, 34).
cost(21, 2, 54).
cost(21, 3, 12).
cost(21, 4, 25).
cost(21, 5, 23).
cost(21, 6, 38).
cost(21, 7, 11).
cost(21, 8, 8).
cost(21, 9, 65).
cost(21, 10, 35).
cost(21, 11, 40).
cost(21, 12, 35).
cost(21, 13, 29).
cost(21, 14, 57).
cost(21, 15, 53).
cost(21, 16, 68).
cost(21, 17, 34).
cost(21, 18, 47).
cost(21, 19, 76).
cost(21, 20, 4).
cost(21, 22, 33).
cost(21, 23, 38).
cost(21, 24, 38).
cost(22, 1, 14).
cost(22, 2, 85).
cost(22, 3, 44).
cost(22, 4, 57).
cost(22, 5, 53).
cost(22, 6, 70).
cost(22, 7, 22).
cost(22, 8, 32).
cost(22, 9, 65).
cost(22, 10, 51).
cost(22, 11, 46).
cost(22, 12, 45).
cost(22, 13, 62).
cost(22, 14, 59).
cost(22, 15, 81).
cost(22, 16, 74).
cost(22, 17, 6).
cost(22, 18, 78).
cost(22, 19, 84).
cost(22, 20, 37).
cost(22, 21, 33).
cost(22, 23, 27).
cost(22, 24, 12).
cost(23, 1, 13).
cost(23, 2, 75).
cost(23, 3, 44).
cost(23, 4, 63).
cost(23, 5, 48).
cost(23, 6, 65).
cost(23, 7, 32).
cost(23, 8, 32).
cost(23, 9, 39).
cost(23, 10, 33).
cost(23, 11, 23).
cost(23, 12, 25).
cost(23, 13, 62).
cost(23, 14, 33).
cost(23, 15, 69).
cost(23, 16, 49).
cost(23, 17, 21).
cost(23, 18, 70).
cost(23, 19, 59).
cost(23, 20, 41).
cost(23, 21, 38).
cost(23, 22, 27).
cost(23, 24, 16).
cost(24, 1, 5).
cost(24, 2, 84).
cost(24, 3, 47).
cost(24, 4, 63).
cost(24, 5, 54).
cost(24, 6, 72).
cost(24, 7, 28).
cost(24, 8, 34).
cost(24, 9, 55).
cost(24, 10, 46).
cost(24, 11, 38).
cost(24, 12, 39).
cost(24, 13, 66).
cost(24, 14, 49).
cost(24, 15, 79).
cost(24, 16, 65).
cost(24, 17, 6).
cost(24, 18, 78).
cost(24, 19, 75).
cost(24, 20, 42).
cost(24, 21, 38).
cost(24, 22, 12).
cost(24, 23, 16).
