dimension(24).
point(1, 53.5075250228, 40.3632973779).
point(2, 25.6619504932, 75.6610065695).
point(3, 52.4836161042, 79.4162873239).
point(4, 80.0844590255, 12.689214227).
point(5, 7.1033359117, 74.0010514528).
point(6, 22.3365162033, 36.5757155889).
point(7, 27.5886092591, 49.8838447181).
point(8, 38.1125437861, 22.1543736333).
point(9, 58.0134559297, 26.6536422719).
point(10, 33.0819739063, 85.5010001704).
point(11, 65.2860360864, 51.6476830085).
point(12, 58.9593237237, 73.2704784413).
point(13, 13.5724652566, 85.0697237094).
point(14, 62.8485361264, 84.2366055678).
point(15, 45.3027007404, 64.8891054008).
point(16, 54.0335322104, 55.6850551154).
point(17, 14.460003012, 36.3058296756).
point(18, 24.933761656, 31.3246848908).
point(19, 45.932446884, 17.6011169184).
point(20, 78.1439412407, 71.8547256517).
point(21, 89.2531934122, 14.9964412457).
point(22, 72.3401307326, 9.8765268896).
point(23, 81.6247477881, 1.2154490383).
point(24, 47.5527956765, 54.1517306827).
cost(1, 2, 45).
cost(1, 3, 39).
cost(1, 4, 38).
cost(1, 5, 57).
cost(1, 6, 31).
cost(1, 7, 28).
cost(1, 8, 24).
cost(1, 9, 14).
cost(1, 10, 50).
cost(1, 11, 16).
cost(1, 12, 33).
cost(1, 13, 60).
cost(1, 14, 45).
cost(1, 15, 26).
cost(1, 16, 15).
cost(1, 17, 39).
cost(1, 18, 30).
cost(1, 19, 24).
cost(1, 20, 40).
cost(1, 21, 44).
cost(1, 22, 36).
cost(1, 23, 48).
cost(1, 24, 15).
cost(2, 1, 45).
cost(2, 3, 27).
cost(2, 4, 83).
cost(2, 5, 19).
cost(2, 6, 39).
cost(2, 7, 26).
cost(2, 8, 55).
cost(2, 9, 59).
cost(2, 10, 12).
cost(2, 11, 46).
cost(2, 12, 33).
cost(2, 13, 15).
cost(2, 14, 38).
cost(2, 15, 22).
cost(2, 16, 35).
cost(2, 17, 41).
cost(2, 18, 44).
cost(2, 19, 61).
cost(2, 20, 53).
cost(2, 21, 88).
cost(2, 22, 81).
cost(2, 23, 93).
cost(2, 24, 31).
cost(3, 1, 39).
cost(3, 2, 27).
cost(3, 4, 72).
cost(3, 5, 46).
cost(3, 6, 52).
cost(3, 7, 39).
cost(3, 8, 59).
cost(3, 9, 53).
cost(3, 10, 20).
cost(3, 11, 31).
cost(3, 12, 9).
cost(3, 13, 39).
cost(3, 14, 11).
cost(3, 15, 16).
cost(3, 16, 24).
cost(3, 17, 57).
cost(3, 18, 55).
cost(3, 19, 62).
cost(3, 20, 27).
cost(3, 21, 74).
cost(3, 22, 72).
cost(3, 23, 83).
cost(3, 24, 26).
cost(4, 1, 38).
cost(4, 2, 83).
cost(4, 3, 72).
cost(4, 5, 95).
cost(4, 6, 62).
cost(4, 7, 64).
cost(4, 8, 43).
cost(4, 9, 26).
cost(4, 10, 87).
cost(4, 11, 42).
cost(4, 12, 64).
cost(4, 13, 98).
cost(4, 14, 74).
cost(4, 15, 63).
cost(4, 16, 50).
cost(4, 17, 70).
cost(4, 18, 58).
cost(4, 19, 35).
cost(4, 20, 59).
cost(4, 21, 9).
cost(4, 22, 8).
cost(4, 23, 12).
cost(4, 24, 53).
cost(5, 1, 57).
cost(5, 2, 19).
cost(5, 3, 46).
cost(5, 4, 95).
cost(5, 6, 40).
cost(5, 7, 32).
cost(5, 8, 60).
cost(5, 9, 70).
cost(5, 10, 28).
cost(5, 11, 62).
cost(5, 12, 52).
cost(5, 13, 13).
cost(5, 14, 57).
cost(5, 15, 39).
cost(5, 16, 50).
cost(5, 17, 38).
cost(5, 18, 46).
cost(5, 19, 68).
cost(5, 20, 71).
cost(5, 21, 101).
cost(5, 22, 91).
cost(5, 23, 104).
cost(5, 24, 45).
cost(6, 1, 31).
cost(6, 2, 39).
cost(6, 3, 52).
cost(6, 4, 62).
cost(6, 5, 40).
cost(6, 7, 14).
cost(6, 8, 21).
cost(6, 9, 37).
cost(6, 10, 50).
cost(6, 11, 46).
cost(6, 12, 52).
cost(6, 13, 49).
cost(6, 14, 63).
cost(6, 15, 36).
cost(6, 16, 37).
cost(6, 17, 8).
cost(6, 18, 6).
cost(6, 19, 30).
cost(6, 20, 66).
cost(6, 21, 70).
cost(6, 22, 57).
cost(6, 23, 69).
cost(6, 24, 31).
cost(7, 1, 28).
cost(7, 2, 26).
cost(7, 3, 39).
cost(7, 4, 64).
cost(7, 5, 32).
cost(7, 6, 14).
cost(7, 8, 30).
cost(7, 9, 38).
cost(7, 10, 36).
cost(7, 11, 38).
cost(7, 12, 39).
cost(7, 13, 38).
cost(7, 14, 49).
cost(7, 15, 23).
cost(7, 16, 27).
cost(7, 17, 19).
cost(7, 18, 19).
cost(7, 19, 37).
cost(7, 20, 55).
cost(7, 21, 71).
cost(7, 22, 60).
cost(7, 23, 73).
cost(7, 24, 20).
cost(8, 1, 24).
cost(8, 2, 55).
cost(8, 3, 59).
cost(8, 4, 43).
cost(8, 5, 60).
cost(8, 6, 21).
cost(8, 7, 30).
cost(8, 9, 20).
cost(8, 10, 64).
cost(8, 11, 40).
cost(8, 12, 55).
cost(8, 13, 68).
cost(8, 14, 67).
cost(8, 15, 43).
cost(8, 16, 37).
cost(8, 17, 28).
cost(8, 18, 16).
cost(8, 19, 9).
cost(8, 20, 64).
cost(8, 21, 52).
cost(8, 22, 36).
cost(8, 23, 48).
cost(8, 24, 33).
cost(9, 1, 14).
cost(9, 2, 59).
cost(9, 3, 53).
cost(9, 4, 26).
cost(9, 5, 70).
cost(9, 6, 37).
cost(9, 7, 38).
cost(9, 8, 20).
cost(9, 10, 64).
cost(9, 11, 26).
cost(9, 12, 47).
cost(9, 13, 73).
cost(9, 14, 58).
cost(9, 15, 40).
cost(9, 16, 29).
cost(9, 17, 45).
cost(9, 18, 33).
cost(9, 19, 15).
cost(9, 20, 49).
cost(9, 21, 33).
cost(9, 22, 22).
cost(9, 23, 35).
cost(9, 24, 29).
cost(10, 1, 50).
cost(10, 2, 12).
cost(10, 3, 20).
cost(10, 4, 87).
cost(10, 5, 28).
cost(10, 6, 50).
cost(10, 7, 36).
cost(10, 8, 64).
cost(10, 9, 64).
cost(10, 11, 47).
cost(10, 12, 29).
cost(10, 13, 20).
cost(10, 14, 30).
cost(10, 15, 24).
cost(10, 16, 36).
cost(10, 17, 53).
cost(10, 18, 55).
cost(10, 19, 69).
cost(10, 20, 47).
cost(10, 21, 90).
cost(10, 22, 85).
cost(10, 23, 97).
cost(10, 24, 35).
cost(11, 1, 16).
cost(11, 2, 46).
cost(11, 3, 31).
cost(11, 4, 42).
cost(11, 5, 62).
cost(11, 6, 46).
cost(11, 7, 38).
cost(11, 8, 40).
cost(11, 9, 26).
cost(11, 10, 47).
cost(11, 12, 23).
cost(11, 13, 62).
cost(11, 14, 33).
cost(11, 15, 24).
cost(11, 16, 12).
cost(11, 17, 53).
cost(11, 18, 45).
cost(11, 19, 39).
cost(11, 20, 24).
cost(11, 21, 44).
cost(11, 22, 42).
cost(11, 23, 53).
cost(11, 24, 18).
cost(12, 1, 33).
cost(12, 2, 33).
cost(12, 3, 9).
cost(12, 4, 64).
cost(12, 5, 52).
cost(12, 6, 52).
cost(12, 7, 39).
cost(12, 8, 55).
cost(12, 9, 47).
cost(12, 10, 29).
cost(12, 11, 23).
cost(12, 13, 47).
cost(12, 14, 12).
cost(12, 15, 16).
cost(12, 16, 18).
cost(12, 17, 58).
cost(12, 18, 54).
cost(12, 19, 57).
cost(12, 20, 19).
cost(12, 21, 66).
cost(12, 22, 65).
cost(12, 23, 76).
cost(12, 24, 22).
cost(13, 1, 60).
cost(13, 2, 15).
cost(13, 3, 39).
cost(13, 4, 98).
cost(13, 5, 13).
cost(13, 6, 49).
cost(13, 7, 38).
cost(13, 8, 68).
cost(13, 9, 73).
cost(13, 10, 20).
cost(13, 11, 62).
cost(13, 12, 47).
cost(13, 14, 49).
cost(13, 15, 38).
cost(13, 16, 50).
cost(13, 17, 49).
cost(13, 18, 55).
cost(13, 19, 75).
cost(13, 20, 66).
cost(13, 21, 103).
cost(13, 22, 95).
cost(13, 23, 108).
cost(13, 24, 46).
cost(14, 1, 45).
cost(14, 2, 38).
cost(14, 3, 11).
cost(14, 4, 74).
cost(14, 5, 57).
cost(14, 6, 63).
cost(14, 7, 49).
cost(14, 8, 67).
cost(14, 9, 58).
cost(14, 10, 30).
cost(14, 11, 33).
cost(14, 12, 12).
cost(14, 13, 49).
cost(14, 15, 26).
cost(14, 16, 30).
cost(14, 17, 68).
cost(14, 18, 65).
cost(14, 19, 69).
cost(14, 20, 20).
cost(14, 21, 74).
cost(14, 22, 75).
cost(14, 23, 85).
cost(14, 24, 34).
cost(15, 1, 26).
cost(15, 2, 22).
cost(15, 3, 16).
cost(15, 4, 63).
cost(15, 5, 39).
cost(15, 6, 36).
cost(15, 7, 23).
cost(15, 8, 43).
cost(15, 9, 40).
cost(15, 10, 24).
cost(15, 11, 24).
cost(15, 12, 16).
cost(15, 13, 38).
cost(15, 14, 26).
cost(15, 16, 13).
cost(15, 17, 42).
cost(15, 18, 39).
cost(15, 19, 47).
cost(15, 20, 34).
cost(15, 21, 66).
cost(15, 22, 61).
cost(15, 23, 73).
cost(15, 24, 11).
cost(16, 1, 15).
cost(16, 2, 35).
cost(16, 3, 24).
cost(16, 4, 50).
cost(16, 5, 50).
cost(16, 6, 37).
cost(16, 7, 27).
cost(16, 8, 37).
cost(16, 9, 29).
cost(16, 10, 36).
cost(16, 11, 12).
cost(16, 12, 18).
cost(16, 13, 50).
cost(16, 14, 30).
cost(16, 15, 13).
cost(16, 17, 44).
cost(16, 18, 38).
cost(16, 19, 39).
cost(16, 20, 29).
cost(16, 21, 54).
cost(16, 22, 49).
cost(16, 23, 61).
cost(16, 24, 7).
cost(17, 1, 39).
cost(17, 2, 41).
cost(17, 3, 57).
cost(17, 4, 70).
cost(17, 5, 38).
cost(17, 6, 8).
cost(17, 7, 19).
cost(17, 8, 28).
cost(17, 9, 45).
cost(17, 10, 53).
cost(17, 11, 53).
cost(17, 12, 58).
cost(17, 13, 49).
cost(17, 14, 68).
cost(17, 15, 42).
cost(17, 16, 44).
cost(17, 18, 12).
cost(17, 19, 37).
cost(17, 20, 73).
cost(17, 21, 78).
cost(17, 22, 64).
cost(17, 23, 76).
cost(17, 24, 38).
cost(18, 1, 30).
cost(18, 2, 44).
cost(18, 3, 55).
cost(18, 4, 58).
cost(18, 5, 46).
cost(18, 6, 6).
cost(18, 7, 19).
cost(18, 8, 16).
cost(18, 9, 33).
cost(18, 10, 55).
cost(18, 11, 45).
cost(18, 12, 54).
cost(18, 13, 55).
cost(18, 14, 65).
cost(18, 15, 39).
cost(18, 16, 38).
cost(18, 17, 12).
cost(18, 19, 25).
cost(18, 20, 67).
cost(18, 21, 66).
cost(18, 22, 52).
cost(18, 23, 64).
cost(18, 24, 32).
cost(19, 1, 24).
cost(19, 2, 61).
cost(19, 3, 62).
cost(19, 4, 35).
cost(19, 5, 68).
cost(19, 6, 30).
cost(19, 7, 37).
cost(19, 8, 9).
cost(19, 9, 15).
cost(19, 10, 69).
cost(19, 11, 39).
cost(19, 12, 57).
cost(19, 13, 75).
cost(19, 14, 69).
cost(19, 15, 47).
cost(19, 16, 39).
cost(19, 17, 37).
cost(19, 18, 25).
cost(19, 20, 63).
cost(19, 21, 43).
cost(19, 22, 28).
cost(19, 23, 39).
cost(19, 24, 37).
cost(20, 1, 40).
cost(20, 2, 53).
cost(20, 3, 27).
cost(20, 4, 59).
cost(20, 5, 71).
cost(20, 6, 66).
cost(20, 7, 55).
cost(20, 8, 64).
cost(20, 9, 49).
cost(20, 10, 47).
cost(20, 11, 24).
cost(20, 12, 19).
cost(20, 13, 66).
cost(20, 14, 20).
cost(20, 15, 34).
cost(20, 16, 29).
cost(20, 17, 73).
cost(20, 18, 67).
cost(20, 19, 63).
cost(20, 21, 58).
cost(20, 22, 62).
cost(20, 23, 71).
cost(20, 24, 35).
cost(21, 1, 44).
cost(21, 2, 88).
cost(21, 3, 74).
cost(21, 4, 9).
cost(21, 5, 101).
cost(21, 6, 70).
cost(21, 7, 71).
cost(21, 8, 52).
cost(21, 9, 33).
cost(21, 10, 90).
cost(21, 11, 44).
cost(21, 12, 66).
cost(21, 13, 103).
cost(21, 14, 74).
cost(21, 15, 66).
cost(21, 16, 54).
cost(21, 17, 78).
cost(21, 18, 66).
cost(21, 19, 43).
cost(21, 20, 58).
cost(21, 22, 18).
cost(21, 23, 16).
cost(21, 24, 57).
cost(22, 1, 36).
cost(22, 2, 81).
cost(22, 3, 72).
cost(22, 4, 8).
cost(22, 5, 91).
cost(22, 6, 57).
cost(22, 7, 60).
cost(22, 8, 36).
cost(22, 9, 22).
cost(22, 10, 85).
cost(22, 11, 42).
cost(22, 12, 65).
cost(22, 13, 95).
cost(22, 14, 75).
cost(22, 15, 61).
cost(22, 16, 49).
cost(22, 17, 64).
cost(22, 18, 52).
cost(22, 19, 28).
cost(22, 20, 62).
cost(22, 21, 18).
cost(22, 23, 13).
cost(22, 24, 51).
cost(23, 1, 48).
cost(23, 2, 93).
cost(23, 3, 83).
cost(23, 4, 12).
cost(23, 5, 104).
cost(23, 6, 69).
cost(23, 7, 73).
cost(23, 8, 48).
cost(23, 9, 35).
cost(23, 10, 97).
cost(23, 11, 53).
cost(23, 12, 76).
cost(23, 13, 108).
cost(23, 14, 85).
cost(23, 15, 73).
cost(23, 16, 61).
cost(23, 17, 76).
cost(23, 18, 64).
cost(23, 19, 39).
cost(23, 20, 71).
cost(23, 21, 16).
cost(23, 22, 13).
cost(23, 24, 63).
cost(24, 1, 15).
cost(24, 2, 31).
cost(24, 3, 26).
cost(24, 4, 53).
cost(24, 5, 45).
cost(24, 6, 31).
cost(24, 7, 20).
cost(24, 8, 33).
cost(24, 9, 29).
cost(24, 10, 35).
cost(24, 11, 18).
cost(24, 12, 22).
cost(24, 13, 46).
cost(24, 14, 34).
cost(24, 15, 11).
cost(24, 16, 7).
cost(24, 17, 38).
cost(24, 18, 32).
cost(24, 19, 37).
cost(24, 20, 35).
cost(24, 21, 57).
cost(24, 22, 51).
cost(24, 23, 63).
