dimension(24).
point(1, 15.293772533, 48.0663664546).
point(2, 3.6846412463, 68.9390548769).
point(3, 13.1917949836, 36.1141797967).
point(4, 30.9393794193, 34.8799031342).
point(5, 64.6306911178, 92.8602960546).
point(6, 13.5765898217, 70.6685394192).
point(7, 39.9173432606, 25.4489548563).
point(8, 30.9577165394, 85.5518624427).
point(9, 65.5687165396, 37.6765553975).
point(10, 98.7340542894, 93.9920285854).
point(11, 8.1784312282, 16.2270720543).
point(12, 1.6390402069, 64.2792540419).
point(13, 92.815249421, 88.4806442413).
point(14, 25.7279545942, 86.952285486).
point(15, 48.1846185, 26.5736067266).
point(16, 54.6549073915, 50.6728019524).
point(17, 33.3804264746, 78.4130832121).
point(18, 97.2880697445, 80.7751289967).
point(19, 38.1315541602, 47.1033882876).
point(20, 55.448173845, 17.9909381157).
point(21, 76.2780220853, 28.5138412882).
point(22, 2.5976283329, 26.6494665602).
point(23, 29.8168763394, 75.6151905054).
point(24, 11.0177553569, 61.7577572943).
cost(1, 2, 24).
cost(1, 3, 12).
cost(1, 4, 20).
cost(1, 5, 67).
cost(1, 6, 23).
cost(1, 7, 33).
cost(1, 8, 41).
cost(1, 9, 51).
cost(1, 10, 95).
cost(1, 11, 33).
cost(1, 12, 21).
cost(1, 13, 87).
cost(1, 14, 40).
cost(1, 15, 39).
cost(1, 16, 39).
cost(1, 17, 35).
cost(1, 18, 88).
cost(1, 19, 23).
cost(1, 20, 50).
cost(1, 21, 64).
cost(1, 22, 25).
cost(1, 23, 31).
cost(1, 24, 14).
cost(2, 1, 24).
cost(2, 3, 34).
cost(2, 4, 44).
cost(2, 5, 65).
cost(2, 6, 10).
cost(2, 7, 57).
cost(2, 8, 32).
cost(2, 9, 69).
cost(2, 10, 98).
cost(2, 11, 53).
cost(2, 12, 5).
cost(2, 13, 91).
cost(2, 14, 28).
cost(2, 15, 61).
cost(2, 16, 54).
cost(2, 17, 31).
cost(2, 18, 94).
cost(2, 19, 41).
cost(2, 20, 73).
cost(2, 21, 83).
cost(2, 22, 42).
cost(2, 23, 27).
cost(2, 24, 10).
cost(3, 1, 12).
cost(3, 2, 34).
cost(3, 4, 18).
cost(3, 5, 77).
cost(3, 6, 35).
cost(3, 7, 29).
cost(3, 8, 53).
cost(3, 9, 52).
cost(3, 10, 103).
cost(3, 11, 21).
cost(3, 12, 30).
cost(3, 13, 95).
cost(3, 14, 52).
cost(3, 15, 36).
cost(3, 16, 44).
cost(3, 17, 47).
cost(3, 18, 95).
cost(3, 19, 27).
cost(3, 20, 46).
cost(3, 21, 64).
cost(3, 22, 14).
cost(3, 23, 43).
cost(3, 24, 26).
cost(4, 1, 20).
cost(4, 2, 44).
cost(4, 3, 18).
cost(4, 5, 67).
cost(4, 6, 40).
cost(4, 7, 13).
cost(4, 8, 51).
cost(4, 9, 35).
cost(4, 10, 90).
cost(4, 11, 29).
cost(4, 12, 42).
cost(4, 13, 82).
cost(4, 14, 52).
cost(4, 15, 19).
cost(4, 16, 28).
cost(4, 17, 44).
cost(4, 18, 81).
cost(4, 19, 14).
cost(4, 20, 30).
cost(4, 21, 46).
cost(4, 22, 30).
cost(4, 23, 41).
cost(4, 24, 33).
cost(5, 1, 67).
cost(5, 2, 65).
cost(5, 3, 77).
cost(5, 4, 67).
cost(5, 6, 56).
cost(5, 7, 72).
cost(5, 8, 34).
cost(5, 9, 55).
cost(5, 10, 34).
cost(5, 11, 95).
cost(5, 12, 69).
cost(5, 13, 29).
cost(5, 14, 39).
cost(5, 15, 68).
cost(5, 16, 43).
cost(5, 17, 34).
cost(5, 18, 35).
cost(5, 19, 53).
cost(5, 20, 75).
cost(5, 21, 65).
cost(5, 22, 91).
cost(5, 23, 39).
cost(5, 24, 62).
cost(6, 1, 23).
cost(6, 2, 10).
cost(6, 3, 35).
cost(6, 4, 40).
cost(6, 5, 56).
cost(6, 7, 52).
cost(6, 8, 23).
cost(6, 9, 62).
cost(6, 10, 88).
cost(6, 11, 55).
cost(6, 12, 14).
cost(6, 13, 81).
cost(6, 14, 20).
cost(6, 15, 56).
cost(6, 16, 46).
cost(6, 17, 21).
cost(6, 18, 84).
cost(6, 19, 34).
cost(6, 20, 67).
cost(6, 21, 76).
cost(6, 22, 45).
cost(6, 23, 17).
cost(6, 24, 9).
cost(7, 1, 33).
cost(7, 2, 57).
cost(7, 3, 29).
cost(7, 4, 13).
cost(7, 5, 72).
cost(7, 6, 52).
cost(7, 8, 61).
cost(7, 9, 28).
cost(7, 10, 90).
cost(7, 11, 33).
cost(7, 12, 55).
cost(7, 13, 82).
cost(7, 14, 63).
cost(7, 15, 8).
cost(7, 16, 29).
cost(7, 17, 53).
cost(7, 18, 80).
cost(7, 19, 22).
cost(7, 20, 17).
cost(7, 21, 36).
cost(7, 22, 37).
cost(7, 23, 51).
cost(7, 24, 46).
cost(8, 1, 41).
cost(8, 2, 32).
cost(8, 3, 53).
cost(8, 4, 51).
cost(8, 5, 34).
cost(8, 6, 23).
cost(8, 7, 61).
cost(8, 9, 59).
cost(8, 10, 68).
cost(8, 11, 73).
cost(8, 12, 36).
cost(8, 13, 62).
cost(8, 14, 5).
cost(8, 15, 61).
cost(8, 16, 42).
cost(8, 17, 8).
cost(8, 18, 67).
cost(8, 19, 39).
cost(8, 20, 72).
cost(8, 21, 73).
cost(8, 22, 65).
cost(8, 23, 10).
cost(8, 24, 31).
cost(9, 1, 51).
cost(9, 2, 69).
cost(9, 3, 52).
cost(9, 4, 35).
cost(9, 5, 55).
cost(9, 6, 62).
cost(9, 7, 28).
cost(9, 8, 59).
cost(9, 10, 65).
cost(9, 11, 61).
cost(9, 12, 69).
cost(9, 13, 58).
cost(9, 14, 63).
cost(9, 15, 21).
cost(9, 16, 17).
cost(9, 17, 52).
cost(9, 18, 54).
cost(9, 19, 29).
cost(9, 20, 22).
cost(9, 21, 14).
cost(9, 22, 64).
cost(9, 23, 52).
cost(9, 24, 60).
cost(10, 1, 95).
cost(10, 2, 98).
cost(10, 3, 103).
cost(10, 4, 90).
cost(10, 5, 34).
cost(10, 6, 88).
cost(10, 7, 90).
cost(10, 8, 68).
cost(10, 9, 65).
cost(10, 11, 119).
cost(10, 12, 102).
cost(10, 13, 8).
cost(10, 14, 73).
cost(10, 15, 84).
cost(10, 16, 62).
cost(10, 17, 67).
cost(10, 18, 13).
cost(10, 19, 77).
cost(10, 20, 87).
cost(10, 21, 69).
cost(10, 22, 117).
cost(10, 23, 71).
cost(10, 24, 93).
cost(11, 1, 33).
cost(11, 2, 53).
cost(11, 3, 21).
cost(11, 4, 29).
cost(11, 5, 95).
cost(11, 6, 55).
cost(11, 7, 33).
cost(11, 8, 73).
cost(11, 9, 61).
cost(11, 10, 119).
cost(11, 12, 48).
cost(11, 13, 111).
cost(11, 14, 73).
cost(11, 15, 41).
cost(11, 16, 58).
cost(11, 17, 67).
cost(11, 18, 110).
cost(11, 19, 43).
cost(11, 20, 47).
cost(11, 21, 69).
cost(11, 22, 12).
cost(11, 23, 63).
cost(11, 24, 46).
cost(12, 1, 21).
cost(12, 2, 5).
cost(12, 3, 30).
cost(12, 4, 42).
cost(12, 5, 69).
cost(12, 6, 14).
cost(12, 7, 55).
cost(12, 8, 36).
cost(12, 9, 69).
cost(12, 10, 102).
cost(12, 11, 48).
cost(12, 13, 94).
cost(12, 14, 33).
cost(12, 15, 60).
cost(12, 16, 55).
cost(12, 17, 35).
cost(12, 18, 97).
cost(12, 19, 40).
cost(12, 20, 71).
cost(12, 21, 83).
cost(12, 22, 38).
cost(12, 23, 30).
cost(12, 24, 10).
cost(13, 1, 87).
cost(13, 2, 91).
cost(13, 3, 95).
cost(13, 4, 82).
cost(13, 5, 29).
cost(13, 6, 81).
cost(13, 7, 82).
cost(13, 8, 62).
cost(13, 9, 58).
cost(13, 10, 8).
cost(13, 11, 111).
cost(13, 12, 94).
cost(13, 14, 67).
cost(13, 15, 76).
cost(13, 16, 54).
cost(13, 17, 60).
cost(13, 18, 9).
cost(13, 19, 69).
cost(13, 20, 80).
cost(13, 21, 62).
cost(13, 22, 109).
cost(13, 23, 64).
cost(13, 24, 86).
cost(14, 1, 40).
cost(14, 2, 28).
cost(14, 3, 52).
cost(14, 4, 52).
cost(14, 5, 39).
cost(14, 6, 20).
cost(14, 7, 63).
cost(14, 8, 5).
cost(14, 9, 63).
cost(14, 10, 73).
cost(14, 11, 73).
cost(14, 12, 33).
cost(14, 13, 67).
cost(14, 15, 64).
cost(14, 16, 46).
cost(14, 17, 11).
cost(14, 18, 72).
cost(14, 19, 42).
cost(14, 20, 75).
cost(14, 21, 77).
cost(14, 22, 65).
cost(14, 23, 12).
cost(14, 24, 29).
cost(15, 1, 39).
cost(15, 2, 61).
cost(15, 3, 36).
cost(15, 4, 19).
cost(15, 5, 68).
cost(15, 6, 56).
cost(15, 7, 8).
cost(15, 8, 61).
cost(15, 9, 21).
cost(15, 10, 84).
cost(15, 11, 41).
cost(15, 12, 60).
cost(15, 13, 76).
cost(15, 14, 64).
cost(15, 16, 25).
cost(15, 17, 54).
cost(15, 18, 73).
cost(15, 19, 23).
cost(15, 20, 11).
cost(15, 21, 28).
cost(15, 22, 46).
cost(15, 23, 52).
cost(15, 24, 51).
cost(16, 1, 39).
cost(16, 2, 54).
cost(16, 3, 44).
cost(16, 4, 28).
cost(16, 5, 43).
cost(16, 6, 46).
cost(16, 7, 29).
cost(16, 8, 42).
cost(16, 9, 17).
cost(16, 10, 62).
cost(16, 11, 58).
cost(16, 12, 55).
cost(16, 13, 54).
cost(16, 14, 46).
cost(16, 15, 25).
cost(16, 17, 35).
cost(16, 18, 52).
cost(16, 19, 17).
cost(16, 20, 33).
cost(16, 21, 31).
cost(16, 22, 57).
cost(16, 23, 35).
cost(16, 24, 45).
cost(17, 1, 35).
cost(17, 2, 31).
cost(17, 3, 47).
cost(17, 4, 44).
cost(17, 5, 34).
cost(17, 6, 21).
cost(17, 7, 53).
cost(17, 8, 8).
cost(17, 9, 52).
cost(17, 10, 67).
cost(17, 11, 67).
cost(17, 12, 35).
cost(17, 13, 60).
cost(17, 14, 11).
cost(17, 15, 54).
cost(17, 16, 35).
cost(17, 18, 64).
cost(17, 19, 32).
cost(17, 20, 64).
cost(17, 21, 66).
cost(17, 22, 60).
cost(17, 23, 5).
cost(17, 24, 28).
cost(18, 1, 88).
cost(18, 2, 94).
cost(18, 3, 95).
cost(18, 4, 81).
cost(18, 5, 35).
cost(18, 6, 84).
cost(18, 7, 80).
cost(18, 8, 67).
cost(18, 9, 54).
cost(18, 10, 13).
cost(18, 11, 110).
cost(18, 12, 97).
cost(18, 13, 9).
cost(18, 14, 72).
cost(18, 15, 73).
cost(18, 16, 52).
cost(18, 17, 64).
cost(18, 19, 68).
cost(18, 20, 75).
cost(18, 21, 56).
cost(18, 22, 109).
cost(18, 23, 68).
cost(18, 24, 88).
cost(19, 1, 23).
cost(19, 2, 41).
cost(19, 3, 27).
cost(19, 4, 14).
cost(19, 5, 53).
cost(19, 6, 34).
cost(19, 7, 22).
cost(19, 8, 39).
cost(19, 9, 29).
cost(19, 10, 77).
cost(19, 11, 43).
cost(19, 12, 40).
cost(19, 13, 69).
cost(19, 14, 42).
cost(19, 15, 23).
cost(19, 16, 17).
cost(19, 17, 32).
cost(19, 18, 68).
cost(19, 20, 34).
cost(19, 21, 42).
cost(19, 22, 41).
cost(19, 23, 30).
cost(19, 24, 31).
cost(20, 1, 50).
cost(20, 2, 73).
cost(20, 3, 46).
cost(20, 4, 30).
cost(20, 5, 75).
cost(20, 6, 67).
cost(20, 7, 17).
cost(20, 8, 72).
cost(20, 9, 22).
cost(20, 10, 87).
cost(20, 11, 47).
cost(20, 12, 71).
cost(20, 13, 80).
cost(20, 14, 75).
cost(20, 15, 11).
cost(20, 16, 33).
cost(20, 17, 64).
cost(20, 18, 75).
cost(20, 19, 34).
cost(20, 21, 23).
cost(20, 22, 54).
cost(20, 23, 63).
cost(20, 24, 62).
cost(21, 1, 64).
cost(21, 2, 83).
cost(21, 3, 64).
cost(21, 4, 46).
cost(21, 5, 65).
cost(21, 6, 76).
cost(21, 7, 36).
cost(21, 8, 73).
cost(21, 9, 14).
cost(21, 10, 69).
cost(21, 11, 69).
cost(21, 12, 83).
cost(21, 13, 62).
cost(21, 14, 77).
cost(21, 15, 28).
cost(21, 16, 31).
cost(21, 17, 66).
cost(21, 18, 56).
cost(21, 19, 42).
cost(21, 20, 23).
cost(21, 22, 74).
cost(21, 23, 66).
cost(21, 24, 73).
cost(22, 1, 25).
cost(22, 2, 42).
cost(22, 3, 14).
cost(22, 4, 30).
cost(22, 5, 91).
cost(22, 6, 45).
cost(22, 7, 37).
cost(22, 8, 65).
cost(22, 9, 64).
cost(22, 10, 117).
cost(22, 11, 12).
cost(22, 12, 38).
cost(22, 13, 109).
cost(22, 14, 65).
cost(22, 15, 46).
cost(22, 16, 57).
cost(22, 17, 60).
cost(22, 18, 109).
cost(22, 19, 41).
cost(22, 20, 54).
cost(22, 21, 74).
cost(22, 23, 56).
cost(22, 24, 36).
cost(23, 1, 31).
cost(23, 2, 27).
cost(23, 3, 43).
cost(23, 4, 41).
cost(23, 5, 39).
cost(23, 6, 17).
cost(23, 7, 51).
cost(23, 8, 10).
cost(23, 9, 52).
cost(23, 10, 71).
cost(23, 11, 63).
cost(23, 12, 30).
cost(23, 13, 64).
cost(23, 14, 12).
cost(23, 15, 52).
cost(23, 16, 35).
cost(23, 17, 5).
cost(23, 18, 68).
cost(23, 19, 30).
cost(23, 20, 63).
cost(23, 21, 66).
cost(23, 22, 56).
cost(23, 24, 23).
cost(24, 1, 14).
cost(24, 2, 10).
cost(24, 3, 26).
cost(24, 4, 33).
cost(24, 5, 62).
cost(24, 6, 9).
cost(24, 7, 46).
cost(24, 8, 31).
cost(24, 9, 60).
cost(24, 10, 93).
cost(24, 11, 46).
cost(24, 12, 10).
cost(24, 13, 86).
cost(24, 14, 29).
cost(24, 15, 51).
cost(24, 16, 45).
cost(24, 17, 28).
cost(24, 18, 88).
cost(24, 19, 31).
cost(24, 20, 62).
cost(24, 21, 73).
cost(24, 22, 36).
cost(24, 23, 23).
