dimension(24).
point(1, 14.0057208738, 14.8892754013).
point(2, 86.7221299034, 33.9338883346).
point(3, 96.6556710617, 47.1216422837).
point(4, 29.031082528, 12.6948043444).
point(5, 21.5665807236, 28.5483471598).
point(6, 3.794374062, 68.303620653).
point(7, 22.920395796, 16.4139133432).
point(8, 67.2839891636, 85.7692264658).
point(9, 7.5473140073, 84.4356267143).
point(10, 3.3401075537, 80.2155407104).
point(11, 43.9253214374, 47.0838056459).
point(12, 79.8472656751, 86.2427833828).
point(13, 44.1963471937, 46.3997267797).
point(14, 52.4831428214, 82.4426214423).
point(15, 30.3674841464, 24.0810251628).
point(16, 44.5324362999, 31.2213402483).
point(17, 51.3326167749, 43.7424547415).
point(18, 73.3247895883, 51.1769276555).
point(19, 68.2591361075, 92.2978882833).
point(20, 17.1111448417, 13.7743629888).
point(21, 18.7960433738, 82.7107938324).
point(22, 86.272810406, 20.5617011552).
point(23, 18.7870167802, 19.4795969964).
point(24, 50.1811123028, 2.3791402651).
cost(1, 2, 75).
cost(1, 3, 89).
cost(1, 4, 15).
cost(1, 5, 16).
cost(1, 6, 54).
cost(1, 7, 9).
cost(1, 8, 89).
cost(1, 9, 70).
cost(1, 10, 66).
cost(1, 11, 44).
cost(1, 12, 97).
cost(1, 13, 44).
cost(1, 14, 78).
cost(1, 15, 19).
cost(1, 16, 35).
cost(1, 17, 47).
cost(1, 18, 70).
cost(1, 19, 95).
cost(1, 20, 3).
cost(1, 21, 68).
cost(1, 22, 72).
cost(1, 23, 7).
cost(1, 24, 38).
cost(2, 1, 75).
cost(2, 3, 17).
cost(2, 4, 61).
cost(2, 5, 65).
cost(2, 6, 90).
cost(2, 7, 66).
cost(2, 8, 55).
cost(2, 9, 94).
cost(2, 10, 95).
cost(2, 11, 45).
cost(2, 12, 53).
cost(2, 13, 44).
cost(2, 14, 59).
cost(2, 15, 57).
cost(2, 16, 42).
cost(2, 17, 37).
cost(2, 18, 22).
cost(2, 19, 61).
cost(2, 20, 72).
cost(2, 21, 84).
cost(2, 22, 13).
cost(2, 23, 69).
cost(2, 24, 48).
cost(3, 1, 89).
cost(3, 2, 17).
cost(3, 4, 76).
cost(3, 5, 77).
cost(3, 6, 95).
cost(3, 7, 80).
cost(3, 8, 49).
cost(3, 9, 97).
cost(3, 10, 99).
cost(3, 11, 53).
cost(3, 12, 43).
cost(3, 13, 52).
cost(3, 14, 57).
cost(3, 15, 70).
cost(3, 16, 54).
cost(3, 17, 45).
cost(3, 18, 24).
cost(3, 19, 53).
cost(3, 20, 86).
cost(3, 21, 86).
cost(3, 22, 29).
cost(3, 23, 83).
cost(3, 24, 65).
cost(4, 1, 15).
cost(4, 2, 61).
cost(4, 3, 76).
cost(4, 5, 18).
cost(4, 6, 61).
cost(4, 7, 7).
cost(4, 8, 82).
cost(4, 9, 75).
cost(4, 10, 72).
cost(4, 11, 37).
cost(4, 12, 89).
cost(4, 13, 37).
cost(4, 14, 74).
cost(4, 15, 11).
cost(4, 16, 24).
cost(4, 17, 38).
cost(4, 18, 59).
cost(4, 19, 89).
cost(4, 20, 12).
cost(4, 21, 71).
cost(4, 22, 58).
cost(4, 23, 12).
cost(4, 24, 24).
cost(5, 1, 16).
cost(5, 2, 65).
cost(5, 3, 77).
cost(5, 4, 18).
cost(5, 6, 44).
cost(5, 7, 12).
cost(5, 8, 73).
cost(5, 9, 58).
cost(5, 10, 55).
cost(5, 11, 29).
cost(5, 12, 82).
cost(5, 13, 29).
cost(5, 14, 62).
cost(5, 15, 10).
cost(5, 16, 23).
cost(5, 17, 33).
cost(5, 18, 56).
cost(5, 19, 79).
cost(5, 20, 15).
cost(5, 21, 54).
cost(5, 22, 65).
cost(5, 23, 9).
cost(5, 24, 39).
cost(6, 1, 54).
cost(6, 2, 90).
cost(6, 3, 95).
cost(6, 4, 61).
cost(6, 5, 44).
cost(6, 7, 55).
cost(6, 8, 66).
cost(6, 9, 17).
cost(6, 10, 12).
cost(6, 11, 45).
cost(6, 12, 78).
cost(6, 13, 46).
cost(6, 14, 51).
cost(6, 15, 52).
cost(6, 16, 55).
cost(6, 17, 54).
cost(6, 18, 72).
cost(6, 19, 69).
cost(6, 20, 56).
cost(6, 21, 21).
cost(6, 22, 95).
cost(6, 23, 51).
cost(6, 24, 81).
cost(7, 1, 9).
cost(7, 2, 66).
cost(7, 3, 80).
cost(7, 4, 7).
cost(7, 5, 12).
cost(7, 6, 55).
cost(7, 8, 82).
cost(7, 9, 70).
cost(7, 10, 67).
cost(7, 11, 37).
cost(7, 12, 90).
cost(7, 13, 37).
cost(7, 14, 72).
cost(7, 15, 11).
cost(7, 16, 26).
cost(7, 17, 39).
cost(7, 18, 61).
cost(7, 19, 88).
cost(7, 20, 6).
cost(7, 21, 66).
cost(7, 22, 63).
cost(7, 23, 5).
cost(7, 24, 31).
cost(8, 1, 89).
cost(8, 2, 55).
cost(8, 3, 49).
cost(8, 4, 82).
cost(8, 5, 73).
cost(8, 6, 66).
cost(8, 7, 82).
cost(8, 9, 60).
cost(8, 10, 64).
cost(8, 11, 45).
cost(8, 12, 13).
cost(8, 13, 46).
cost(8, 14, 15).
cost(8, 15, 72).
cost(8, 16, 59).
cost(8, 17, 45).
cost(8, 18, 35).
cost(8, 19, 7).
cost(8, 20, 88).
cost(8, 21, 49).
cost(8, 22, 68).
cost(8, 23, 82).
cost(8, 24, 85).
cost(9, 1, 70).
cost(9, 2, 94).
cost(9, 3, 97).
cost(9, 4, 75).
cost(9, 5, 58).
cost(9, 6, 17).
cost(9, 7, 70).
cost(9, 8, 60).
cost(9, 10, 6).
cost(9, 11, 52).
cost(9, 12, 72).
cost(9, 13, 53).
cost(9, 14, 45).
cost(9, 15, 65).
cost(9, 16, 65).
cost(9, 17, 60).
cost(9, 18, 74).
cost(9, 19, 61).
cost(9, 20, 71).
cost(9, 21, 11).
cost(9, 22, 101).
cost(9, 23, 66).
cost(9, 24, 92).
cost(10, 1, 66).
cost(10, 2, 95).
cost(10, 3, 99).
cost(10, 4, 72).
cost(10, 5, 55).
cost(10, 6, 12).
cost(10, 7, 67).
cost(10, 8, 64).
cost(10, 9, 6).
cost(10, 11, 52).
cost(10, 12, 77).
cost(10, 13, 53).
cost(10, 14, 49).
cost(10, 15, 62).
cost(10, 16, 64).
cost(10, 17, 60).
cost(10, 18, 76).
cost(10, 19, 66).
cost(10, 20, 68).
cost(10, 21, 16).
cost(10, 22, 102).
cost(10, 23, 63).
cost(10, 24, 91).
cost(11, 1, 44).
cost(11, 2, 45).
cost(11, 3, 53).
cost(11, 4, 37).
cost(11, 5, 29).
cost(11, 6, 45).
cost(11, 7, 37).
cost(11, 8, 45).
cost(11, 9, 52).
cost(11, 10, 52).
cost(11, 12, 53).
cost(11, 13, 1).
cost(11, 14, 36).
cost(11, 15, 27).
cost(11, 16, 16).
cost(11, 17, 8).
cost(11, 18, 30).
cost(11, 19, 51).
cost(11, 20, 43).
cost(11, 21, 44).
cost(11, 22, 50).
cost(11, 23, 37).
cost(11, 24, 45).
cost(12, 1, 97).
cost(12, 2, 53).
cost(12, 3, 43).
cost(12, 4, 89).
cost(12, 5, 82).
cost(12, 6, 78).
cost(12, 7, 90).
cost(12, 8, 13).
cost(12, 9, 72).
cost(12, 10, 77).
cost(12, 11, 53).
cost(12, 13, 53).
cost(12, 14, 28).
cost(12, 15, 79).
cost(12, 16, 65).
cost(12, 17, 51).
cost(12, 18, 36).
cost(12, 19, 13).
cost(12, 20, 96).
cost(12, 21, 61).
cost(12, 22, 66).
cost(12, 23, 90).
cost(12, 24, 89).
cost(13, 1, 44).
cost(13, 2, 44).
cost(13, 3, 52).
cost(13, 4, 37).
cost(13, 5, 29).
cost(13, 6, 46).
cost(13, 7, 37).
cost(13, 8, 46).
cost(13, 9, 53).
cost(13, 10, 53).
cost(13, 11, 1).
cost(13, 12, 53).
cost(13, 14, 37).
cost(13, 15, 26).
cost(13, 16, 15).
cost(13, 17, 8).
cost(13, 18, 30).
cost(13, 19, 52).
cost(13, 20, 42).
cost(13, 21, 44).
cost(13, 22, 49).
cost(13, 23, 37).
cost(13, 24, 44).
cost(14, 1, 78).
cost(14, 2, 59).
cost(14, 3, 57).
cost(14, 4, 74).
cost(14, 5, 62).
cost(14, 6, 51).
cost(14, 7, 72).
cost(14, 8, 15).
cost(14, 9, 45).
cost(14, 10, 49).
cost(14, 11, 36).
cost(14, 12, 28).
cost(14, 13, 37).
cost(14, 15, 62).
cost(14, 16, 52).
cost(14, 17, 39).
cost(14, 18, 38).
cost(14, 19, 19).
cost(14, 20, 77).
cost(14, 21, 34).
cost(14, 22, 71).
cost(14, 23, 71).
cost(14, 24, 80).
cost(15, 1, 19).
cost(15, 2, 57).
cost(15, 3, 70).
cost(15, 4, 11).
cost(15, 5, 10).
cost(15, 6, 52).
cost(15, 7, 11).
cost(15, 8, 72).
cost(15, 9, 65).
cost(15, 10, 62).
cost(15, 11, 27).
cost(15, 12, 79).
cost(15, 13, 26).
cost(15, 14, 62).
cost(15, 16, 16).
cost(15, 17, 29).
cost(15, 18, 51).
cost(15, 19, 78).
cost(15, 20, 17).
cost(15, 21, 60).
cost(15, 22, 56).
cost(15, 23, 12).
cost(15, 24, 29).
cost(16, 1, 35).
cost(16, 2, 42).
cost(16, 3, 54).
cost(16, 4, 24).
cost(16, 5, 23).
cost(16, 6, 55).
cost(16, 7, 26).
cost(16, 8, 59).
cost(16, 9, 65).
cost(16, 10, 64).
cost(16, 11, 16).
cost(16, 12, 65).
cost(16, 13, 15).
cost(16, 14, 52).
cost(16, 15, 16).
cost(16, 17, 14).
cost(16, 18, 35).
cost(16, 19, 66).
cost(16, 20, 33).
cost(16, 21, 58).
cost(16, 22, 43).
cost(16, 23, 28).
cost(16, 24, 29).
cost(17, 1, 47).
cost(17, 2, 37).
cost(17, 3, 45).
cost(17, 4, 38).
cost(17, 5, 33).
cost(17, 6, 54).
cost(17, 7, 39).
cost(17, 8, 45).
cost(17, 9, 60).
cost(17, 10, 60).
cost(17, 11, 8).
cost(17, 12, 51).
cost(17, 13, 8).
cost(17, 14, 39).
cost(17, 15, 29).
cost(17, 16, 14).
cost(17, 18, 23).
cost(17, 19, 51).
cost(17, 20, 45).
cost(17, 21, 51).
cost(17, 22, 42).
cost(17, 23, 41).
cost(17, 24, 41).
cost(18, 1, 70).
cost(18, 2, 22).
cost(18, 3, 24).
cost(18, 4, 59).
cost(18, 5, 56).
cost(18, 6, 72).
cost(18, 7, 61).
cost(18, 8, 35).
cost(18, 9, 74).
cost(18, 10, 76).
cost(18, 11, 30).
cost(18, 12, 36).
cost(18, 13, 30).
cost(18, 14, 38).
cost(18, 15, 51).
cost(18, 16, 35).
cost(18, 17, 23).
cost(18, 19, 41).
cost(18, 20, 68).
cost(18, 21, 63).
cost(18, 22, 33).
cost(18, 23, 63).
cost(18, 24, 54).
cost(19, 1, 95).
cost(19, 2, 61).
cost(19, 3, 53).
cost(19, 4, 89).
cost(19, 5, 79).
cost(19, 6, 69).
cost(19, 7, 88).
cost(19, 8, 7).
cost(19, 9, 61).
cost(19, 10, 66).
cost(19, 11, 51).
cost(19, 12, 13).
cost(19, 13, 52).
cost(19, 14, 19).
cost(19, 15, 78).
cost(19, 16, 66).
cost(19, 17, 51).
cost(19, 18, 41).
cost(19, 20, 94).
cost(19, 21, 50).
cost(19, 22, 74).
cost(19, 23, 88).
cost(19, 24, 92).
cost(20, 1, 3).
cost(20, 2, 72).
cost(20, 3, 86).
cost(20, 4, 12).
cost(20, 5, 15).
cost(20, 6, 56).
cost(20, 7, 6).
cost(20, 8, 88).
cost(20, 9, 71).
cost(20, 10, 68).
cost(20, 11, 43).
cost(20, 12, 96).
cost(20, 13, 42).
cost(20, 14, 77).
cost(20, 15, 17).
cost(20, 16, 33).
cost(20, 17, 45).
cost(20, 18, 68).
cost(20, 19, 94).
cost(20, 21, 69).
cost(20, 22, 69).
cost(20, 23, 6).
cost(20, 24, 35).
cost(21, 1, 68).
cost(21, 2, 84).
cost(21, 3, 86).
cost(21, 4, 71).
cost(21, 5, 54).
cost(21, 6, 21).
cost(21, 7, 66).
cost(21, 8, 49).
cost(21, 9, 11).
cost(21, 10, 16).
cost(21, 11, 44).
cost(21, 12, 61).
cost(21, 13, 44).
cost(21, 14, 34).
cost(21, 15, 60).
cost(21, 16, 58).
cost(21, 17, 51).
cost(21, 18, 63).
cost(21, 19, 50).
cost(21, 20, 69).
cost(21, 22, 92).
cost(21, 23, 63).
cost(21, 24, 86).
cost(22, 1, 72).
cost(22, 2, 13).
cost(22, 3, 29).
cost(22, 4, 58).
cost(22, 5, 65).
cost(22, 6, 95).
cost(22, 7, 63).
cost(22, 8, 68).
cost(22, 9, 101).
cost(22, 10, 102).
cost(22, 11, 50).
cost(22, 12, 66).
cost(22, 13, 49).
cost(22, 14, 71).
cost(22, 15, 56).
cost(22, 16, 43).
cost(22, 17, 42).
cost(22, 18, 33).
cost(22, 19, 74).
cost(22, 20, 69).
cost(22, 21, 92).
cost(22, 23, 67).
cost(22, 24, 40).
cost(23, 1, 7).
cost(23, 2, 69).
cost(23, 3, 83).
cost(23, 4, 12).
cost(23, 5, 9).
cost(23, 6, 51).
cost(23, 7, 5).
cost(23, 8, 82).
cost(23, 9, 66).
cost(23, 10, 63).
cost(23, 11, 37).
cost(23, 12, 90).
cost(23, 13, 37).
cost(23, 14, 71).
cost(23, 15, 12).
cost(23, 16, 28).
cost(23, 17, 41).
cost(23, 18, 63).
cost(23, 19, 88).
cost(23, 20, 6).
cost(23, 21, 63).
cost(23, 22, 67).
cost(23, 24, 36).
cost(24, 1, 38).
cost(24, 2, 48).
cost(24, 3, 65).
cost(24, 4, 24).
cost(24, 5, 39).
cost(24, 6, 81).
cost(24, 7, 31).
cost(24, 8, 85).
cost(24, 9, 92).
cost(24, 10, 91).
cost(24, 11, 45).
cost(24, 12, 89).
cost(24, 13, 44).
cost(24, 14, 80).
cost(24, 15, 29).
cost(24, 16, 29).
cost(24, 17, 41).
cost(24, 18, 54).
cost(24, 19, 92).
cost(24, 20, 35).
cost(24, 21, 86).
cost(24, 22, 40).
cost(24, 23, 36).
