dimension(24).
point(1, 18.7644898502, 19.8566865325).
point(2, 66.9818431195, 53.8883990527).
point(3, 85.1828833903, 42.7331437276).
point(4, 42.7483034131, 96.8189141702).
point(5, 5.5505996723, 15.4178400275).
point(6, 69.2060572272, 92.4940385767).
point(7, 57.9208620723, 53.4932070975).
point(8, 74.8953003975, 20.3084758429).
point(9, 92.0810107115, 30.3023961017).
point(10, 10.0858543784, 2.7786701047).
point(11, 23.7374598386, 0.9671530293).
point(12, 52.9187217706, 54.240961328).
point(13, 34.273450902, 58.3382198949).
point(14, 57.0898654823, 61.7767436107).
point(15, 30.7246253859, 46.6051640136).
point(16, 28.4228946516, 48.2835749043).
point(17, 51.2324047006, 85.3554235101).
point(18, 89.8731645821, 24.4215849491).
point(19, 59.2758472059, 82.8644988823).
point(20, 75.2804835338, 68.84801669).
point(21, 78.8009520088, 90.655413809).
point(22, 68.2523857918, 69.5366474522).
point(23, 26.6946761529, 72.670088442).
point(24, 42.920845521, 43.1144960201).
cost(1, 2, 59).
cost(1, 3, 70).
cost(1, 4, 81).
cost(1, 5, 14).
cost(1, 6, 88).
cost(1, 7, 52).
cost(1, 8, 56).
cost(1, 9, 74).
cost(1, 10, 19).
cost(1, 11, 20).
cost(1, 12, 48).
cost(1, 13, 41).
cost(1, 14, 57).
cost(1, 15, 29).
cost(1, 16, 30).
cost(1, 17, 73).
cost(1, 18, 71).
cost(1, 19, 75).
cost(1, 20, 75).
cost(1, 21, 93).
cost(1, 22, 70).
cost(1, 23, 53).
cost(1, 24, 34).
cost(2, 1, 59).
cost(2, 3, 21).
cost(2, 4, 49).
cost(2, 5, 72).
cost(2, 6, 39).
cost(2, 7, 9).
cost(2, 8, 34).
cost(2, 9, 34).
cost(2, 10, 76).
cost(2, 11, 68).
cost(2, 12, 14).
cost(2, 13, 33).
cost(2, 14, 13).
cost(2, 15, 37).
cost(2, 16, 39).
cost(2, 17, 35).
cost(2, 18, 37).
cost(2, 19, 30).
cost(2, 20, 17).
cost(2, 21, 39).
cost(2, 22, 16).
cost(2, 23, 44).
cost(2, 24, 26).
cost(3, 1, 70).
cost(3, 2, 21).
cost(3, 4, 69).
cost(3, 5, 84).
cost(3, 6, 52).
cost(3, 7, 29).
cost(3, 8, 25).
cost(3, 9, 14).
cost(3, 10, 85).
cost(3, 11, 74).
cost(3, 12, 34).
cost(3, 13, 53).
cost(3, 14, 34).
cost(3, 15, 55).
cost(3, 16, 57).
cost(3, 17, 54).
cost(3, 18, 19).
cost(3, 19, 48).
cost(3, 20, 28).
cost(3, 21, 48).
cost(3, 22, 32).
cost(3, 23, 66).
cost(3, 24, 42).
cost(4, 1, 81).
cost(4, 2, 49).
cost(4, 3, 69).
cost(4, 5, 89).
cost(4, 6, 27).
cost(4, 7, 46).
cost(4, 8, 83).
cost(4, 9, 83).
cost(4, 10, 100).
cost(4, 11, 98).
cost(4, 12, 44).
cost(4, 13, 39).
cost(4, 14, 38).
cost(4, 15, 52).
cost(4, 16, 51).
cost(4, 17, 14).
cost(4, 18, 86).
cost(4, 19, 22).
cost(4, 20, 43).
cost(4, 21, 37).
cost(4, 22, 37).
cost(4, 23, 29).
cost(4, 24, 54).
cost(5, 1, 14).
cost(5, 2, 72).
cost(5, 3, 84).
cost(5, 4, 89).
cost(5, 6, 100).
cost(5, 7, 65).
cost(5, 8, 70).
cost(5, 9, 88).
cost(5, 10, 13).
cost(5, 11, 23).
cost(5, 12, 61).
cost(5, 13, 52).
cost(5, 14, 69).
cost(5, 15, 40).
cost(5, 16, 40).
cost(5, 17, 84).
cost(5, 18, 85).
cost(5, 19, 86).
cost(5, 20, 88).
cost(5, 21, 105).
cost(5, 22, 83).
cost(5, 23, 61).
cost(5, 24, 47).
cost(6, 1, 88).
cost(6, 2, 39).
cost(6, 3, 52).
cost(6, 4, 27).
cost(6, 5, 100).
cost(6, 7, 41).
cost(6, 8, 72).
cost(6, 9, 66).
cost(6, 10, 107).
cost(6, 11, 102).
cost(6, 12, 42).
cost(6, 13, 49).
cost(6, 14, 33).
cost(6, 15, 60).
cost(6, 16, 60).
cost(6, 17, 19).
cost(6, 18, 71).
cost(6, 19, 14).
cost(6, 20, 24).
cost(6, 21, 10).
cost(6, 22, 23).
cost(6, 23, 47).
cost(6, 24, 56).
cost(7, 1, 52).
cost(7, 2, 9).
cost(7, 3, 29).
cost(7, 4, 46).
cost(7, 5, 65).
cost(7, 6, 41).
cost(7, 8, 37).
cost(7, 9, 41).
cost(7, 10, 70).
cost(7, 11, 63).
cost(7, 12, 5).
cost(7, 13, 24).
cost(7, 14, 8).
cost(7, 15, 28).
cost(7, 16, 30).
cost(7, 17, 33).
cost(7, 18, 43).
cost(7, 19, 29).
cost(7, 20, 23).
cost(7, 21, 43).
cost(7, 22, 19).
cost(7, 23, 37).
cost(7, 24, 18).
cost(8, 1, 56).
cost(8, 2, 34).
cost(8, 3, 25).
cost(8, 4, 83).
cost(8, 5, 70).
cost(8, 6, 72).
cost(8, 7, 37).
cost(8, 9, 20).
cost(8, 10, 67).
cost(8, 11, 55).
cost(8, 12, 40).
cost(8, 13, 56).
cost(8, 14, 45).
cost(8, 15, 51).
cost(8, 16, 54).
cost(8, 17, 69).
cost(8, 18, 16).
cost(8, 19, 64).
cost(8, 20, 49).
cost(8, 21, 70).
cost(8, 22, 50).
cost(8, 23, 71).
cost(8, 24, 39).
cost(9, 1, 74).
cost(9, 2, 34).
cost(9, 3, 14).
cost(9, 4, 83).
cost(9, 5, 88).
cost(9, 6, 66).
cost(9, 7, 41).
cost(9, 8, 20).
cost(9, 10, 86).
cost(9, 11, 74).
cost(9, 12, 46).
cost(9, 13, 64).
cost(9, 14, 47).
cost(9, 15, 63).
cost(9, 16, 66).
cost(9, 17, 69).
cost(9, 18, 6).
cost(9, 19, 62).
cost(9, 20, 42).
cost(9, 21, 62).
cost(9, 22, 46).
cost(9, 23, 78).
cost(9, 24, 51).
cost(10, 1, 19).
cost(10, 2, 76).
cost(10, 3, 85).
cost(10, 4, 100).
cost(10, 5, 13).
cost(10, 6, 107).
cost(10, 7, 70).
cost(10, 8, 67).
cost(10, 9, 86).
cost(10, 11, 14).
cost(10, 12, 67).
cost(10, 13, 61).
cost(10, 14, 75).
cost(10, 15, 48).
cost(10, 16, 49).
cost(10, 17, 92).
cost(10, 18, 83).
cost(10, 19, 94).
cost(10, 20, 93).
cost(10, 21, 112).
cost(10, 22, 89).
cost(10, 23, 72).
cost(10, 24, 52).
cost(11, 1, 20).
cost(11, 2, 68).
cost(11, 3, 74).
cost(11, 4, 98).
cost(11, 5, 23).
cost(11, 6, 102).
cost(11, 7, 63).
cost(11, 8, 55).
cost(11, 9, 74).
cost(11, 10, 14).
cost(11, 12, 61).
cost(11, 13, 58).
cost(11, 14, 69).
cost(11, 15, 46).
cost(11, 16, 48).
cost(11, 17, 89).
cost(11, 18, 70).
cost(11, 19, 89).
cost(11, 20, 85).
cost(11, 21, 105).
cost(11, 22, 82).
cost(11, 23, 72).
cost(11, 24, 46).
cost(12, 1, 48).
cost(12, 2, 14).
cost(12, 3, 34).
cost(12, 4, 44).
cost(12, 5, 61).
cost(12, 6, 42).
cost(12, 7, 5).
cost(12, 8, 40).
cost(12, 9, 46).
cost(12, 10, 67).
cost(12, 11, 61).
cost(12, 13, 19).
cost(12, 14, 9).
cost(12, 15, 23).
cost(12, 16, 25).
cost(12, 17, 31).
cost(12, 18, 47).
cost(12, 19, 29).
cost(12, 20, 27).
cost(12, 21, 45).
cost(12, 22, 22).
cost(12, 23, 32).
cost(12, 24, 15).
cost(13, 1, 41).
cost(13, 2, 33).
cost(13, 3, 53).
cost(13, 4, 39).
cost(13, 5, 52).
cost(13, 6, 49).
cost(13, 7, 24).
cost(13, 8, 56).
cost(13, 9, 64).
cost(13, 10, 61).
cost(13, 11, 58).
cost(13, 12, 19).
cost(13, 14, 23).
cost(13, 15, 12).
cost(13, 16, 12).
cost(13, 17, 32).
cost(13, 18, 65).
cost(13, 19, 35).
cost(13, 20, 42).
cost(13, 21, 55).
cost(13, 22, 36).
cost(13, 23, 16).
cost(13, 24, 18).
cost(14, 1, 57).
cost(14, 2, 13).
cost(14, 3, 34).
cost(14, 4, 38).
cost(14, 5, 69).
cost(14, 6, 33).
cost(14, 7, 8).
cost(14, 8, 45).
cost(14, 9, 47).
cost(14, 10, 75).
cost(14, 11, 69).
cost(14, 12, 9).
cost(14, 13, 23).
cost(14, 15, 30).
cost(14, 16, 32).
cost(14, 17, 24).
cost(14, 18, 50).
cost(14, 19, 21).
cost(14, 20, 20).
cost(14, 21, 36).
cost(14, 22, 14).
cost(14, 23, 32).
cost(14, 24, 23).
cost(15, 1, 29).
cost(15, 2, 37).
cost(15, 3, 55).
cost(15, 4, 52).
cost(15, 5, 40).
cost(15, 6, 60).
cost(15, 7, 28).
cost(15, 8, 51).
cost(15, 9, 63).
cost(15, 10, 48).
cost(15, 11, 46).
cost(15, 12, 23).
cost(15, 13, 12).
cost(15, 14, 30).
cost(15, 16, 3).
cost(15, 17, 44).
cost(15, 18, 63).
cost(15, 19, 46).
cost(15, 20, 50).
cost(15, 21, 65).
cost(15, 22, 44).
cost(15, 23, 26).
cost(15, 24, 13).
cost(16, 1, 30).
cost(16, 2, 39).
cost(16, 3, 57).
cost(16, 4, 51).
cost(16, 5, 40).
cost(16, 6, 60).
cost(16, 7, 30).
cost(16, 8, 54).
cost(16, 9, 66).
cost(16, 10, 49).
cost(16, 11, 48).
cost(16, 12, 25).
cost(16, 13, 12).
cost(16, 14, 32).
cost(16, 15, 3).
cost(16, 17, 44).
cost(16, 18, 66).
cost(16, 19, 46).
cost(16, 20, 51).
cost(16, 21, 66).
cost(16, 22, 45).
cost(16, 23, 24).
cost(16, 24, 15).
cost(17, 1, 73).
cost(17, 2, 35).
cost(17, 3, 54).
cost(17, 4, 14).
cost(17, 5, 84).
cost(17, 6, 19).
cost(17, 7, 33).
cost(17, 8, 69).
cost(17, 9, 69).
cost(17, 10, 92).
cost(17, 11, 89).
cost(17, 12, 31).
cost(17, 13, 32).
cost(17, 14, 24).
cost(17, 15, 44).
cost(17, 16, 44).
cost(17, 18, 72).
cost(17, 19, 8).
cost(17, 20, 29).
cost(17, 21, 28).
cost(17, 22, 23).
cost(17, 23, 28).
cost(17, 24, 43).
cost(18, 1, 71).
cost(18, 2, 37).
cost(18, 3, 19).
cost(18, 4, 86).
cost(18, 5, 85).
cost(18, 6, 71).
cost(18, 7, 43).
cost(18, 8, 16).
cost(18, 9, 6).
cost(18, 10, 83).
cost(18, 11, 70).
cost(18, 12, 47).
cost(18, 13, 65).
cost(18, 14, 50).
cost(18, 15, 63).
cost(18, 16, 66).
cost(18, 17, 72).
cost(18, 19, 66).
cost(18, 20, 47).
cost(18, 21, 67).
cost(18, 22, 50).
cost(18, 23, 79).
cost(18, 24, 51).
cost(19, 1, 75).
cost(19, 2, 30).
cost(19, 3, 48).
cost(19, 4, 22).
cost(19, 5, 86).
cost(19, 6, 14).
cost(19, 7, 29).
cost(19, 8, 64).
cost(19, 9, 62).
cost(19, 10, 94).
cost(19, 11, 89).
cost(19, 12, 29).
cost(19, 13, 35).
cost(19, 14, 21).
cost(19, 15, 46).
cost(19, 16, 46).
cost(19, 17, 8).
cost(19, 18, 66).
cost(19, 20, 21).
cost(19, 21, 21).
cost(19, 22, 16).
cost(19, 23, 34).
cost(19, 24, 43).
cost(20, 1, 75).
cost(20, 2, 17).
cost(20, 3, 28).
cost(20, 4, 43).
cost(20, 5, 88).
cost(20, 6, 24).
cost(20, 7, 23).
cost(20, 8, 49).
cost(20, 9, 42).
cost(20, 10, 93).
cost(20, 11, 85).
cost(20, 12, 27).
cost(20, 13, 42).
cost(20, 14, 20).
cost(20, 15, 50).
cost(20, 16, 51).
cost(20, 17, 29).
cost(20, 18, 47).
cost(20, 19, 21).
cost(20, 21, 22).
cost(20, 22, 7).
cost(20, 23, 49).
cost(20, 24, 41).
cost(21, 1, 93).
cost(21, 2, 39).
cost(21, 3, 48).
cost(21, 4, 37).
cost(21, 5, 105).
cost(21, 6, 10).
cost(21, 7, 43).
cost(21, 8, 70).
cost(21, 9, 62).
cost(21, 10, 112).
cost(21, 11, 105).
cost(21, 12, 45).
cost(21, 13, 55).
cost(21, 14, 36).
cost(21, 15, 65).
cost(21, 16, 66).
cost(21, 17, 28).
cost(21, 18, 67).
cost(21, 19, 21).
cost(21, 20, 22).
cost(21, 22, 24).
cost(21, 23, 55).
cost(21, 24, 60).
cost(22, 1, 70).
cost(22, 2, 16).
cost(22, 3, 32).
cost(22, 4, 37).
cost(22, 5, 83).
cost(22, 6, 23).
cost(22, 7, 19).
cost(22, 8, 50).
cost(22, 9, 46).
cost(22, 10, 89).
cost(22, 11, 82).
cost(22, 12, 22).
cost(22, 13, 36).
cost(22, 14, 14).
cost(22, 15, 44).
cost(22, 16, 45).
cost(22, 17, 23).
cost(22, 18, 50).
cost(22, 19, 16).
cost(22, 20, 7).
cost(22, 21, 24).
cost(22, 23, 42).
cost(22, 24, 37).
cost(23, 1, 53).
cost(23, 2, 44).
cost(23, 3, 66).
cost(23, 4, 29).
cost(23, 5, 61).
cost(23, 6, 47).
cost(23, 7, 37).
cost(23, 8, 71).
cost(23, 9, 78).
cost(23, 10, 72).
cost(23, 11, 72).
cost(23, 12, 32).
cost(23, 13, 16).
cost(23, 14, 32).
cost(23, 15, 26).
cost(23, 16, 24).
cost(23, 17, 28).
cost(23, 18, 79).
cost(23, 19, 34).
cost(23, 20, 49).
cost(23, 21, 55).
cost(23, 22, 42).
cost(23, 24, 34).
cost(24, 1, 34).
cost(24, 2, 26).
cost(24, 3, 42).
cost(24, 4, 54).
cost(24, 5, 47).
cost(24, 6, 56).
cost(24, 7, 18).
cost(24, 8, 39).
cost(24, 9, 51).
cost(24, 10, 52).
cost(24, 11, 46).
cost(24, 12, 15).
cost(24, 13, 18).
cost(24, 14, 23).
cost(24, 15, 13).
cost(24, 16, 15).
cost(24, 17, 43).
cost(24, 18, 51).
cost(24, 19, 43).
cost(24, 20, 41).
cost(24, 21, 60).
cost(24, 22, 37).
cost(24, 23, 34).
