dimension(24).
point(1, 27.1082796917, 84.5460064322).
point(2, 71.7351129802, 68.5407727782).
point(3, 95.9715069725, 50.0547399341).
point(4, 37.8582185488, 45.118421612).
point(5, 94.2627988706, 70.1528406172).
point(6, 46.0281665932, 6.4218483286).
point(7, 94.0173662993, 78.7589787914).
point(8, 37.4375483384, 7.1572761397).
point(9, 44.2115795189, 98.1199898654).
point(10, 37.8653176091, 78.8862814121).
point(11, 84.1170040676, 89.0049178681).
point(12, 17.8392643228, 21.7592981092).
point(13, 30.9438313869, 52.6731080332).
point(14, 87.8112817018, 58.8500049701).
point(15, 86.5505947026, 79.5214298386).
point(16, 81.4950792323, 66.8313856451).
point(17, 32.9434446727, 5.8924306796).
point(18, 56.1799828396, 95.6688086004).
point(19, 79.2628815101, 36.114735807).
point(20, 59.5711244226, 35.6619102161).
point(21, 18.3037400896, 57.2073162871).
point(22, 36.9452437065, 14.3903627279).
point(23, 65.07419043, 33.1310237452).
point(24, 70.1877594, 14.428781692).
cost(1, 2, 47).
cost(1, 3, 77).
cost(1, 4, 41).
cost(1, 5, 69).
cost(1, 6, 80).
cost(1, 7, 67).
cost(1, 8, 78).
cost(1, 9, 22).
cost(1, 10, 12).
cost(1, 11, 57).
cost(1, 12, 63).
cost(1, 13, 32).
cost(1, 14, 66).
cost(1, 15, 60).
cost(1, 16, 57).
cost(1, 17, 79).
cost(1, 18, 31).
cost(1, 19, 71).
cost(1, 20, 59).
cost(1, 21, 29).
cost(1, 22, 71).
cost(1, 23, 64).
cost(1, 24, 82).
cost(2, 1, 47).
cost(2, 3, 30).
cost(2, 4, 41).
cost(2, 5, 23).
cost(2, 6, 67).
cost(2, 7, 25).
cost(2, 8, 70).
cost(2, 9, 40).
cost(2, 10, 35).
cost(2, 11, 24).
cost(2, 12, 71).
cost(2, 13, 44).
cost(2, 14, 19).
cost(2, 15, 18).
cost(2, 16, 10).
cost(2, 17, 74).
cost(2, 18, 31).
cost(2, 19, 33).
cost(2, 20, 35).
cost(2, 21, 55).
cost(2, 22, 64).
cost(2, 23, 36).
cost(2, 24, 54).
cost(3, 1, 77).
cost(3, 2, 30).
cost(3, 4, 58).
cost(3, 5, 20).
cost(3, 6, 66).
cost(3, 7, 29).
cost(3, 8, 73).
cost(3, 9, 71).
cost(3, 10, 65).
cost(3, 11, 41).
cost(3, 12, 83).
cost(3, 13, 65).
cost(3, 14, 12).
cost(3, 15, 31).
cost(3, 16, 22).
cost(3, 17, 77).
cost(3, 18, 61).
cost(3, 19, 22).
cost(3, 20, 39).
cost(3, 21, 78).
cost(3, 22, 69).
cost(3, 23, 35).
cost(3, 24, 44).
cost(4, 1, 41).
cost(4, 2, 41).
cost(4, 3, 58).
cost(4, 5, 62).
cost(4, 6, 40).
cost(4, 7, 65).
cost(4, 8, 38).
cost(4, 9, 53).
cost(4, 10, 34).
cost(4, 11, 64).
cost(4, 12, 31).
cost(4, 13, 10).
cost(4, 14, 52).
cost(4, 15, 60).
cost(4, 16, 49).
cost(4, 17, 40).
cost(4, 18, 54).
cost(4, 19, 42).
cost(4, 20, 24).
cost(4, 21, 23).
cost(4, 22, 31).
cost(4, 23, 30).
cost(4, 24, 45).
cost(5, 1, 69).
cost(5, 2, 23).
cost(5, 3, 20).
cost(5, 4, 62).
cost(5, 6, 80).
cost(5, 7, 9).
cost(5, 8, 85).
cost(5, 9, 57).
cost(5, 10, 57).
cost(5, 11, 21).
cost(5, 12, 90).
cost(5, 13, 66).
cost(5, 14, 13).
cost(5, 15, 12).
cost(5, 16, 13).
cost(5, 17, 89).
cost(5, 18, 46).
cost(5, 19, 37).
cost(5, 20, 49).
cost(5, 21, 77).
cost(5, 22, 80).
cost(5, 23, 47).
cost(5, 24, 61).
cost(6, 1, 80).
cost(6, 2, 67).
cost(6, 3, 66).
cost(6, 4, 40).
cost(6, 5, 80).
cost(6, 7, 87).
cost(6, 8, 9).
cost(6, 9, 92).
cost(6, 10, 73).
cost(6, 11, 91).
cost(6, 12, 32).
cost(6, 13, 49).
cost(6, 14, 67).
cost(6, 15, 84).
cost(6, 16, 70).
cost(6, 17, 13).
cost(6, 18, 90).
cost(6, 19, 45).
cost(6, 20, 32).
cost(6, 21, 58).
cost(6, 22, 12).
cost(6, 23, 33).
cost(6, 24, 25).
cost(7, 1, 67).
cost(7, 2, 25).
cost(7, 3, 29).
cost(7, 4, 65).
cost(7, 5, 9).
cost(7, 6, 87).
cost(7, 8, 91).
cost(7, 9, 53).
cost(7, 10, 56).
cost(7, 11, 14).
cost(7, 12, 95).
cost(7, 13, 68).
cost(7, 14, 21).
cost(7, 15, 8).
cost(7, 16, 17).
cost(7, 17, 95).
cost(7, 18, 41).
cost(7, 19, 45).
cost(7, 20, 55).
cost(7, 21, 79).
cost(7, 22, 86).
cost(7, 23, 54).
cost(7, 24, 69).
cost(8, 1, 78).
cost(8, 2, 70).
cost(8, 3, 73).
cost(8, 4, 38).
cost(8, 5, 85).
cost(8, 6, 9).
cost(8, 7, 91).
cost(8, 9, 91).
cost(8, 10, 72).
cost(8, 11, 94).
cost(8, 12, 24).
cost(8, 13, 46).
cost(8, 14, 72).
cost(8, 15, 87).
cost(8, 16, 74).
cost(8, 17, 5).
cost(8, 18, 90).
cost(8, 19, 51).
cost(8, 20, 36).
cost(8, 21, 54).
cost(8, 22, 7).
cost(8, 23, 38).
cost(8, 24, 34).
cost(9, 1, 22).
cost(9, 2, 40).
cost(9, 3, 71).
cost(9, 4, 53).
cost(9, 5, 57).
cost(9, 6, 92).
cost(9, 7, 53).
cost(9, 8, 91).
cost(9, 10, 20).
cost(9, 11, 41).
cost(9, 12, 81).
cost(9, 13, 47).
cost(9, 14, 59).
cost(9, 15, 46).
cost(9, 16, 49).
cost(9, 17, 93).
cost(9, 18, 12).
cost(9, 19, 71).
cost(9, 20, 64).
cost(9, 21, 48).
cost(9, 22, 84).
cost(9, 23, 68).
cost(9, 24, 88).
cost(10, 1, 12).
cost(10, 2, 35).
cost(10, 3, 65).
cost(10, 4, 34).
cost(10, 5, 57).
cost(10, 6, 73).
cost(10, 7, 56).
cost(10, 8, 72).
cost(10, 9, 20).
cost(10, 11, 47).
cost(10, 12, 61).
cost(10, 13, 27).
cost(10, 14, 54).
cost(10, 15, 49).
cost(10, 16, 45).
cost(10, 17, 73).
cost(10, 18, 25).
cost(10, 19, 60).
cost(10, 20, 48).
cost(10, 21, 29).
cost(10, 22, 65).
cost(10, 23, 53).
cost(10, 24, 72).
cost(11, 1, 57).
cost(11, 2, 24).
cost(11, 3, 41).
cost(11, 4, 64).
cost(11, 5, 21).
cost(11, 6, 91).
cost(11, 7, 14).
cost(11, 8, 94).
cost(11, 9, 41).
cost(11, 10, 47).
cost(11, 12, 94).
cost(11, 13, 64).
cost(11, 14, 30).
cost(11, 15, 10).
cost(11, 16, 22).
cost(11, 17, 98).
cost(11, 18, 29).
cost(11, 19, 53).
cost(11, 20, 59).
cost(11, 21, 73).
cost(11, 22, 88).
cost(11, 23, 59).
cost(11, 24, 76).
cost(12, 1, 63).
cost(12, 2, 71).
cost(12, 3, 83).
cost(12, 4, 31).
cost(12, 5, 90).
cost(12, 6, 32).
cost(12, 7, 95).
cost(12, 8, 24).
cost(12, 9, 81).
cost(12, 10, 61).
cost(12, 11, 94).
cost(12, 13, 34).
cost(12, 14, 79).
cost(12, 15, 90).
cost(12, 16, 78).
cost(12, 17, 22).
cost(12, 18, 83).
cost(12, 19, 63).
cost(12, 20, 44).
cost(12, 21, 35).
cost(12, 22, 20).
cost(12, 23, 49).
cost(12, 24, 53).
cost(13, 1, 32).
cost(13, 2, 44).
cost(13, 3, 65).
cost(13, 4, 10).
cost(13, 5, 66).
cost(13, 6, 49).
cost(13, 7, 68).
cost(13, 8, 46).
cost(13, 9, 47).
cost(13, 10, 27).
cost(13, 11, 64).
cost(13, 12, 34).
cost(13, 14, 57).
cost(13, 15, 62).
cost(13, 16, 52).
cost(13, 17, 47).
cost(13, 18, 50).
cost(13, 19, 51).
cost(13, 20, 33).
cost(13, 21, 13).
cost(13, 22, 39).
cost(13, 23, 39).
cost(13, 24, 55).
cost(14, 1, 66).
cost(14, 2, 19).
cost(14, 3, 12).
cost(14, 4, 52).
cost(14, 5, 13).
cost(14, 6, 67).
cost(14, 7, 21).
cost(14, 8, 72).
cost(14, 9, 59).
cost(14, 10, 54).
cost(14, 11, 30).
cost(14, 12, 79).
cost(14, 13, 57).
cost(14, 15, 21).
cost(14, 16, 10).
cost(14, 17, 76).
cost(14, 18, 49).
cost(14, 19, 24).
cost(14, 20, 37).
cost(14, 21, 70).
cost(14, 22, 68).
cost(14, 23, 34).
cost(14, 24, 48).
cost(15, 1, 60).
cost(15, 2, 18).
cost(15, 3, 31).
cost(15, 4, 60).
cost(15, 5, 12).
cost(15, 6, 84).
cost(15, 7, 8).
cost(15, 8, 87).
cost(15, 9, 46).
cost(15, 10, 49).
cost(15, 11, 10).
cost(15, 12, 90).
cost(15, 13, 62).
cost(15, 14, 21).
cost(15, 16, 14).
cost(15, 17, 91).
cost(15, 18, 34).
cost(15, 19, 44).
cost(15, 20, 51).
cost(15, 21, 72).
cost(15, 22, 82).
cost(15, 23, 51).
cost(15, 24, 67).
cost(16, 1, 57).
cost(16, 2, 10).
cost(16, 3, 22).
cost(16, 4, 49).
cost(16, 5, 13).
cost(16, 6, 70).
cost(16, 7, 17).
cost(16, 8, 74).
cost(16, 9, 49).
cost(16, 10, 45).
cost(16, 11, 22).
cost(16, 12, 78).
cost(16, 13, 52).
cost(16, 14, 10).
cost(16, 15, 14).
cost(16, 17, 78).
cost(16, 18, 38).
cost(16, 19, 31).
cost(16, 20, 38).
cost(16, 21, 64).
cost(16, 22, 69).
cost(16, 23, 37).
cost(16, 24, 54).
cost(17, 1, 79).
cost(17, 2, 74).
cost(17, 3, 77).
cost(17, 4, 40).
cost(17, 5, 89).
cost(17, 6, 13).
cost(17, 7, 95).
cost(17, 8, 5).
cost(17, 9, 93).
cost(17, 10, 73).
cost(17, 11, 98).
cost(17, 12, 22).
cost(17, 13, 47).
cost(17, 14, 76).
cost(17, 15, 91).
cost(17, 16, 78).
cost(17, 18, 93).
cost(17, 19, 55).
cost(17, 20, 40).
cost(17, 21, 53).
cost(17, 22, 9).
cost(17, 23, 42).
cost(17, 24, 38).
cost(18, 1, 31).
cost(18, 2, 31).
cost(18, 3, 61).
cost(18, 4, 54).
cost(18, 5, 46).
cost(18, 6, 90).
cost(18, 7, 41).
cost(18, 8, 90).
cost(18, 9, 12).
cost(18, 10, 25).
cost(18, 11, 29).
cost(18, 12, 83).
cost(18, 13, 50).
cost(18, 14, 49).
cost(18, 15, 34).
cost(18, 16, 38).
cost(18, 17, 93).
cost(18, 19, 64).
cost(18, 20, 60).
cost(18, 21, 54).
cost(18, 22, 84).
cost(18, 23, 63).
cost(18, 24, 82).
cost(19, 1, 71).
cost(19, 2, 33).
cost(19, 3, 22).
cost(19, 4, 42).
cost(19, 5, 37).
cost(19, 6, 45).
cost(19, 7, 45).
cost(19, 8, 51).
cost(19, 9, 71).
cost(19, 10, 60).
cost(19, 11, 53).
cost(19, 12, 63).
cost(19, 13, 51).
cost(19, 14, 24).
cost(19, 15, 44).
cost(19, 16, 31).
cost(19, 17, 55).
cost(19, 18, 64).
cost(19, 20, 20).
cost(19, 21, 65).
cost(19, 22, 48).
cost(19, 23, 14).
cost(19, 24, 24).
cost(20, 1, 59).
cost(20, 2, 35).
cost(20, 3, 39).
cost(20, 4, 24).
cost(20, 5, 49).
cost(20, 6, 32).
cost(20, 7, 55).
cost(20, 8, 36).
cost(20, 9, 64).
cost(20, 10, 48).
cost(20, 11, 59).
cost(20, 12, 44).
cost(20, 13, 33).
cost(20, 14, 37).
cost(20, 15, 51).
cost(20, 16, 38).
cost(20, 17, 40).
cost(20, 18, 60).
cost(20, 19, 20).
cost(20, 21, 47).
cost(20, 22, 31).
cost(20, 23, 6).
cost(20, 24, 24).
cost(21, 1, 29).
cost(21, 2, 55).
cost(21, 3, 78).
cost(21, 4, 23).
cost(21, 5, 77).
cost(21, 6, 58).
cost(21, 7, 79).
cost(21, 8, 54).
cost(21, 9, 48).
cost(21, 10, 29).
cost(21, 11, 73).
cost(21, 12, 35).
cost(21, 13, 13).
cost(21, 14, 70).
cost(21, 15, 72).
cost(21, 16, 64).
cost(21, 17, 53).
cost(21, 18, 54).
cost(21, 19, 65).
cost(21, 20, 47).
cost(21, 22, 47).
cost(21, 23, 53).
cost(21, 24, 67).
cost(22, 1, 71).
cost(22, 2, 64).
cost(22, 3, 69).
cost(22, 4, 31).
cost(22, 5, 80).
cost(22, 6, 12).
cost(22, 7, 86).
cost(22, 8, 7).
cost(22, 9, 84).
cost(22, 10, 65).
cost(22, 11, 88).
cost(22, 12, 20).
cost(22, 13, 39).
cost(22, 14, 68).
cost(22, 15, 82).
cost(22, 16, 69).
cost(22, 17, 9).
cost(22, 18, 84).
cost(22, 19, 48).
cost(22, 20, 31).
cost(22, 21, 47).
cost(22, 23, 34).
cost(22, 24, 33).
cost(23, 1, 64).
cost(23, 2, 36).
cost(23, 3, 35).
cost(23, 4, 30).
cost(23, 5, 47).
cost(23, 6, 33).
cost(23, 7, 54).
cost(23, 8, 38).
cost(23, 9, 68).
cost(23, 10, 53).
cost(23, 11, 59).
cost(23, 12, 49).
cost(23, 13, 39).
cost(23, 14, 34).
cost(23, 15, 51).
cost(23, 16, 37).
cost(23, 17, 42).
cost(23, 18, 63).
cost(23, 19, 14).
cost(23, 20, 6).
cost(23, 21, 53).
cost(23, 22, 34).
cost(23, 24, 19).
cost(24, 1, 82).
cost(24, 2, 54).
cost(24, 3, 44).
cost(24, 4, 45).
cost(24, 5, 61).
cost(24, 6, 25).
cost(24, 7, 69).
cost(24, 8, 34).
cost(24, 9, 88).
cost(24, 10, 72).
cost(24, 11, 76).
cost(24, 12, 53).
cost(24, 13, 55).
cost(24, 14, 48).
cost(24, 15, 67).
cost(24, 16, 54).
cost(24, 17, 38).
cost(24, 18, 82).
cost(24, 19, 24).
cost(24, 20, 24).
cost(24, 21, 67).
cost(24, 22, 33).
cost(24, 23, 19).
