dimension(25).
point(1, 78.4400143725, 53.1693298407).
point(2, 27.9967962346, 14.6433840817).
point(3, 38.7090070849, 43.3853280827).
point(4, 9.5591416885, 48.742565818).
point(5, 97.3860637493, 52.9178471114).
point(6, 2.0898230373, 57.0024966502).
point(7, 52.5747496506, 39.3731946855).
point(8, 67.6061798761, 90.763001365).
point(9, 92.7308865613, 62.1180374497).
point(10, 5.1723357167, 58.4496241617).
point(11, 69.7940812083, 12.9119625455).
point(12, 88.4111570721, 39.8119030701).
point(13, 84.460255776, 10.0590371275).
point(14, 53.6871071768, 77.6104233659).
point(15, 70.9046625684, 16.1095228923).
point(16, 38.3659534826, 67.2284523416).
point(17, 38.5801167933, 27.4461377352).
point(18, 49.6748344192, 90.5745288785).
point(19, 89.4818079738, 49.3269080691).
point(20, 54.8935784762, 52.7781539167).
point(21, 11.9804898581, 83.6628172535).
point(22, 61.0207603507, 18.2102382721).
point(23, 69.4612149459, 29.6154102245).
point(24, 45.8798651583, 77.3131287683).
point(25, 9.4522413595, 69.6506709216).
cost(1, 2, 63).
cost(1, 3, 41).
cost(1, 4, 69).
cost(1, 5, 19).
cost(1, 6, 76).
cost(1, 7, 29).
cost(1, 8, 39).
cost(1, 9, 17).
cost(1, 10, 73).
cost(1, 11, 41).
cost(1, 12, 17).
cost(1, 13, 44).
cost(1, 14, 35).
cost(1, 15, 38).
cost(1, 16, 42).
cost(1, 17, 47).
cost(1, 18, 47).
cost(1, 19, 12).
cost(1, 20, 24).
cost(1, 21, 73).
cost(1, 22, 39).
cost(1, 23, 25).
cost(1, 24, 41).
cost(1, 25, 71).
cost(2, 1, 63).
cost(2, 3, 31).
cost(2, 4, 39).
cost(2, 5, 79).
cost(2, 6, 50).
cost(2, 7, 35).
cost(2, 8, 86).
cost(2, 9, 80).
cost(2, 10, 49).
cost(2, 11, 42).
cost(2, 12, 65).
cost(2, 13, 57).
cost(2, 14, 68).
cost(2, 15, 43).
cost(2, 16, 54).
cost(2, 17, 17).
cost(2, 18, 79).
cost(2, 19, 71).
cost(2, 20, 47).
cost(2, 21, 71).
cost(2, 22, 33).
cost(2, 23, 44).
cost(2, 24, 65).
cost(2, 25, 58).
cost(3, 1, 41).
cost(3, 2, 31).
cost(3, 4, 30).
cost(3, 5, 59).
cost(3, 6, 39).
cost(3, 7, 14).
cost(3, 8, 55).
cost(3, 9, 57).
cost(3, 10, 37).
cost(3, 11, 44).
cost(3, 12, 50).
cost(3, 13, 57).
cost(3, 14, 37).
cost(3, 15, 42).
cost(3, 16, 24).
cost(3, 17, 16).
cost(3, 18, 48).
cost(3, 19, 51).
cost(3, 20, 19).
cost(3, 21, 48).
cost(3, 22, 34).
cost(3, 23, 34).
cost(3, 24, 35).
cost(3, 25, 39).
cost(4, 1, 69).
cost(4, 2, 39).
cost(4, 3, 30).
cost(4, 5, 88).
cost(4, 6, 11).
cost(4, 7, 44).
cost(4, 8, 72).
cost(4, 9, 84).
cost(4, 10, 11).
cost(4, 11, 70).
cost(4, 12, 79).
cost(4, 13, 84).
cost(4, 14, 53).
cost(4, 15, 69).
cost(4, 16, 34).
cost(4, 17, 36).
cost(4, 18, 58).
cost(4, 19, 80).
cost(4, 20, 46).
cost(4, 21, 35).
cost(4, 22, 60).
cost(4, 23, 63).
cost(4, 24, 46).
cost(4, 25, 21).
cost(5, 1, 19).
cost(5, 2, 79).
cost(5, 3, 59).
cost(5, 4, 88).
cost(5, 6, 95).
cost(5, 7, 47).
cost(5, 8, 48).
cost(5, 9, 10).
cost(5, 10, 92).
cost(5, 11, 49).
cost(5, 12, 16).
cost(5, 13, 45).
cost(5, 14, 50).
cost(5, 15, 45).
cost(5, 16, 61).
cost(5, 17, 64).
cost(5, 18, 61).
cost(5, 19, 9).
cost(5, 20, 42).
cost(5, 21, 91).
cost(5, 22, 50).
cost(5, 23, 36).
cost(5, 24, 57).
cost(5, 25, 90).
cost(6, 1, 76).
cost(6, 2, 50).
cost(6, 3, 39).
cost(6, 4, 11).
cost(6, 5, 95).
cost(6, 7, 53).
cost(6, 8, 74).
cost(6, 9, 91).
cost(6, 10, 3).
cost(6, 11, 81).
cost(6, 12, 88).
cost(6, 13, 95).
cost(6, 14, 56).
cost(6, 15, 80).
cost(6, 16, 38).
cost(6, 17, 47).
cost(6, 18, 58).
cost(6, 19, 88).
cost(6, 20, 53).
cost(6, 21, 28).
cost(6, 22, 71).
cost(6, 23, 73).
cost(6, 24, 48).
cost(6, 25, 15).
cost(7, 1, 29).
cost(7, 2, 35).
cost(7, 3, 14).
cost(7, 4, 44).
cost(7, 5, 47).
cost(7, 6, 53).
cost(7, 8, 54).
cost(7, 9, 46).
cost(7, 10, 51).
cost(7, 11, 32).
cost(7, 12, 36).
cost(7, 13, 43).
cost(7, 14, 38).
cost(7, 15, 30).
cost(7, 16, 31).
cost(7, 17, 18).
cost(7, 18, 51).
cost(7, 19, 38).
cost(7, 20, 14).
cost(7, 21, 60).
cost(7, 22, 23).
cost(7, 23, 20).
cost(7, 24, 39).
cost(7, 25, 53).
cost(8, 1, 39).
cost(8, 2, 86).
cost(8, 3, 55).
cost(8, 4, 72).
cost(8, 5, 48).
cost(8, 6, 74).
cost(8, 7, 54).
cost(8, 9, 38).
cost(8, 10, 70).
cost(8, 11, 78).
cost(8, 12, 55).
cost(8, 13, 82).
cost(8, 14, 19).
cost(8, 15, 75).
cost(8, 16, 38).
cost(8, 17, 70).
cost(8, 18, 18).
cost(8, 19, 47).
cost(8, 20, 40).
cost(8, 21, 56).
cost(8, 22, 73).
cost(8, 23, 61).
cost(8, 24, 26).
cost(8, 25, 62).
cost(9, 1, 17).
cost(9, 2, 80).
cost(9, 3, 57).
cost(9, 4, 84).
cost(9, 5, 10).
cost(9, 6, 91).
cost(9, 7, 46).
cost(9, 8, 38).
cost(9, 10, 88).
cost(9, 11, 54).
cost(9, 12, 23).
cost(9, 13, 53).
cost(9, 14, 42).
cost(9, 15, 51).
cost(9, 16, 55).
cost(9, 17, 64).
cost(9, 18, 52).
cost(9, 19, 13).
cost(9, 20, 39).
cost(9, 21, 84).
cost(9, 22, 54).
cost(9, 23, 40).
cost(9, 24, 49).
cost(9, 25, 84).
cost(10, 1, 73).
cost(10, 2, 49).
cost(10, 3, 37).
cost(10, 4, 11).
cost(10, 5, 92).
cost(10, 6, 3).
cost(10, 7, 51).
cost(10, 8, 70).
cost(10, 9, 88).
cost(10, 11, 79).
cost(10, 12, 85).
cost(10, 13, 93).
cost(10, 14, 52).
cost(10, 15, 78).
cost(10, 16, 34).
cost(10, 17, 46).
cost(10, 18, 55).
cost(10, 19, 85).
cost(10, 20, 50).
cost(10, 21, 26).
cost(10, 22, 69).
cost(10, 23, 70).
cost(10, 24, 45).
cost(10, 25, 12).
cost(11, 1, 41).
cost(11, 2, 42).
cost(11, 3, 44).
cost(11, 4, 70).
cost(11, 5, 49).
cost(11, 6, 81).
cost(11, 7, 32).
cost(11, 8, 78).
cost(11, 9, 54).
cost(11, 10, 79).
cost(11, 12, 33).
cost(11, 13, 15).
cost(11, 14, 67).
cost(11, 15, 3).
cost(11, 16, 63).
cost(11, 17, 34).
cost(11, 18, 80).
cost(11, 19, 41).
cost(11, 20, 43).
cost(11, 21, 91).
cost(11, 22, 10).
cost(11, 23, 17).
cost(11, 24, 69).
cost(11, 25, 83).
cost(12, 1, 17).
cost(12, 2, 65).
cost(12, 3, 50).
cost(12, 4, 79).
cost(12, 5, 16).
cost(12, 6, 88).
cost(12, 7, 36).
cost(12, 8, 55).
cost(12, 9, 23).
cost(12, 10, 85).
cost(12, 11, 33).
cost(12, 13, 30).
cost(12, 14, 51).
cost(12, 15, 29).
cost(12, 16, 57).
cost(12, 17, 51).
cost(12, 18, 64).
cost(12, 19, 10).
cost(12, 20, 36).
cost(12, 21, 88).
cost(12, 22, 35).
cost(12, 23, 22).
cost(12, 24, 57).
cost(12, 25, 84).
cost(13, 1, 44).
cost(13, 2, 57).
cost(13, 3, 57).
cost(13, 4, 84).
cost(13, 5, 45).
cost(13, 6, 95).
cost(13, 7, 43).
cost(13, 8, 82).
cost(13, 9, 53).
cost(13, 10, 93).
cost(13, 11, 15).
cost(13, 12, 30).
cost(13, 14, 74).
cost(13, 15, 15).
cost(13, 16, 73).
cost(13, 17, 49).
cost(13, 18, 88).
cost(13, 19, 40).
cost(13, 20, 52).
cost(13, 21, 103).
cost(13, 22, 25).
cost(13, 23, 25).
cost(13, 24, 78).
cost(13, 25, 96).
cost(14, 1, 35).
cost(14, 2, 68).
cost(14, 3, 37).
cost(14, 4, 53).
cost(14, 5, 50).
cost(14, 6, 56).
cost(14, 7, 38).
cost(14, 8, 19).
cost(14, 9, 42).
cost(14, 10, 52).
cost(14, 11, 67).
cost(14, 12, 51).
cost(14, 13, 74).
cost(14, 15, 64).
cost(14, 16, 19).
cost(14, 17, 52).
cost(14, 18, 14).
cost(14, 19, 46).
cost(14, 20, 25).
cost(14, 21, 42).
cost(14, 22, 60).
cost(14, 23, 51).
cost(14, 24, 8).
cost(14, 25, 45).
cost(15, 1, 38).
cost(15, 2, 43).
cost(15, 3, 42).
cost(15, 4, 69).
cost(15, 5, 45).
cost(15, 6, 80).
cost(15, 7, 30).
cost(15, 8, 75).
cost(15, 9, 51).
cost(15, 10, 78).
cost(15, 11, 3).
cost(15, 12, 29).
cost(15, 13, 15).
cost(15, 14, 64).
cost(15, 16, 61).
cost(15, 17, 34).
cost(15, 18, 77).
cost(15, 19, 38).
cost(15, 20, 40).
cost(15, 21, 90).
cost(15, 22, 10).
cost(15, 23, 14).
cost(15, 24, 66).
cost(15, 25, 82).
cost(16, 1, 42).
cost(16, 2, 54).
cost(16, 3, 24).
cost(16, 4, 34).
cost(16, 5, 61).
cost(16, 6, 38).
cost(16, 7, 31).
cost(16, 8, 38).
cost(16, 9, 55).
cost(16, 10, 34).
cost(16, 11, 63).
cost(16, 12, 57).
cost(16, 13, 73).
cost(16, 14, 19).
cost(16, 15, 61).
cost(16, 17, 40).
cost(16, 18, 26).
cost(16, 19, 54).
cost(16, 20, 22).
cost(16, 21, 31).
cost(16, 22, 54).
cost(16, 23, 49).
cost(16, 24, 13).
cost(16, 25, 29).
cost(17, 1, 47).
cost(17, 2, 17).
cost(17, 3, 16).
cost(17, 4, 36).
cost(17, 5, 64).
cost(17, 6, 47).
cost(17, 7, 18).
cost(17, 8, 70).
cost(17, 9, 64).
cost(17, 10, 46).
cost(17, 11, 34).
cost(17, 12, 51).
cost(17, 13, 49).
cost(17, 14, 52).
cost(17, 15, 34).
cost(17, 16, 40).
cost(17, 18, 64).
cost(17, 19, 55).
cost(17, 20, 30).
cost(17, 21, 62).
cost(17, 22, 24).
cost(17, 23, 31).
cost(17, 24, 50).
cost(17, 25, 51).
cost(18, 1, 47).
cost(18, 2, 79).
cost(18, 3, 48).
cost(18, 4, 58).
cost(18, 5, 61).
cost(18, 6, 58).
cost(18, 7, 51).
cost(18, 8, 18).
cost(18, 9, 52).
cost(18, 10, 55).
cost(18, 11, 80).
cost(18, 12, 64).
cost(18, 13, 88).
cost(18, 14, 14).
cost(18, 15, 77).
cost(18, 16, 26).
cost(18, 17, 64).
cost(18, 19, 57).
cost(18, 20, 38).
cost(18, 21, 38).
cost(18, 22, 73).
cost(18, 23, 64).
cost(18, 24, 14).
cost(18, 25, 45).
cost(19, 1, 12).
cost(19, 2, 71).
cost(19, 3, 51).
cost(19, 4, 80).
cost(19, 5, 9).
cost(19, 6, 88).
cost(19, 7, 38).
cost(19, 8, 47).
cost(19, 9, 13).
cost(19, 10, 85).
cost(19, 11, 41).
cost(19, 12, 10).
cost(19, 13, 40).
cost(19, 14, 46).
cost(19, 15, 38).
cost(19, 16, 54).
cost(19, 17, 55).
cost(19, 18, 57).
cost(19, 20, 35).
cost(19, 21, 85).
cost(19, 22, 42).
cost(19, 23, 28).
cost(19, 24, 52).
cost(19, 25, 83).
cost(20, 1, 24).
cost(20, 2, 47).
cost(20, 3, 19).
cost(20, 4, 46).
cost(20, 5, 42).
cost(20, 6, 53).
cost(20, 7, 14).
cost(20, 8, 40).
cost(20, 9, 39).
cost(20, 10, 50).
cost(20, 11, 43).
cost(20, 12, 36).
cost(20, 13, 52).
cost(20, 14, 25).
cost(20, 15, 40).
cost(20, 16, 22).
cost(20, 17, 30).
cost(20, 18, 38).
cost(20, 19, 35).
cost(20, 21, 53).
cost(20, 22, 35).
cost(20, 23, 27).
cost(20, 24, 26).
cost(20, 25, 48).
cost(21, 1, 73).
cost(21, 2, 71).
cost(21, 3, 48).
cost(21, 4, 35).
cost(21, 5, 91).
cost(21, 6, 28).
cost(21, 7, 60).
cost(21, 8, 56).
cost(21, 9, 84).
cost(21, 10, 26).
cost(21, 11, 91).
cost(21, 12, 88).
cost(21, 13, 103).
cost(21, 14, 42).
cost(21, 15, 90).
cost(21, 16, 31).
cost(21, 17, 62).
cost(21, 18, 38).
cost(21, 19, 85).
cost(21, 20, 53).
cost(21, 22, 82).
cost(21, 23, 79).
cost(21, 24, 34).
cost(21, 25, 14).
cost(22, 1, 39).
cost(22, 2, 33).
cost(22, 3, 34).
cost(22, 4, 60).
cost(22, 5, 50).
cost(22, 6, 71).
cost(22, 7, 23).
cost(22, 8, 73).
cost(22, 9, 54).
cost(22, 10, 69).
cost(22, 11, 10).
cost(22, 12, 35).
cost(22, 13, 25).
cost(22, 14, 60).
cost(22, 15, 10).
cost(22, 16, 54).
cost(22, 17, 24).
cost(22, 18, 73).
cost(22, 19, 42).
cost(22, 20, 35).
cost(22, 21, 82).
cost(22, 23, 14).
cost(22, 24, 61).
cost(22, 25, 73).
cost(23, 1, 25).
cost(23, 2, 44).
cost(23, 3, 34).
cost(23, 4, 63).
cost(23, 5, 36).
cost(23, 6, 73).
cost(23, 7, 20).
cost(23, 8, 61).
cost(23, 9, 40).
cost(23, 10, 70).
cost(23, 11, 17).
cost(23, 12, 22).
cost(23, 13, 25).
cost(23, 14, 51).
cost(23, 15, 14).
cost(23, 16, 49).
cost(23, 17, 31).
cost(23, 18, 64).
cost(23, 19, 28).
cost(23, 20, 27).
cost(23, 21, 79).
cost(23, 22, 14).
cost(23, 24, 53).
cost(23, 25, 72).
cost(24, 1, 41).
cost(24, 2, 65).
cost(24, 3, 35).
cost(24, 4, 46).
cost(24, 5, 57).
cost(24, 6, 48).
cost(24, 7, 39).
cost(24, 8, 26).
cost(24, 9, 49).
cost(24, 10, 45).
cost(24, 11, 69).
cost(24, 12, 57).
cost(24, 13, 78).
cost(24, 14, 8).
cost(24, 15, 66).
cost(24, 16, 13).
cost(24, 17, 50).
cost(24, 18, 14).
cost(24, 19, 52).
cost(24, 20, 26).
cost(24, 21, 34).
cost(24, 22, 61).
cost(24, 23, 53).
cost(24, 25, 37).
cost(25, 1, 71).
cost(25, 2, 58).
cost(25, 3, 39).
cost(25, 4, 21).
cost(25, 5, 90).
cost(25, 6, 15).
cost(25, 7, 53).
cost(25, 8, 62).
cost(25, 9, 84).
cost(25, 10, 12).
cost(25, 11, 83).
cost(25, 12, 84).
cost(25, 13, 96).
cost(25, 14, 45).
cost(25, 15, 82).
cost(25, 16, 29).
cost(25, 17, 51).
cost(25, 18, 45).
cost(25, 19, 83).
cost(25, 20, 48).
cost(25, 21, 14).
cost(25, 22, 73).
cost(25, 23, 72).
cost(25, 24, 37).
nocross(1,5).
nocross(1,7).
nocross(1,8).
nocross(1,9).
nocross(1,12).
nocross(1,14).
nocross(1,19).
nocross(1,20).
nocross(1,23).
nocross(2,3).
nocross(2,4).
nocross(2,6).
nocross(2,7).
nocross(2,11).
nocross(2,15).
nocross(2,17).
nocross(2,22).
nocross(3,2).
nocross(3,4).
nocross(3,6).
nocross(3,7).
nocross(3,10).
nocross(3,14).
nocross(3,16).
nocross(3,17).
nocross(3,20).
nocross(3,22).
nocross(3,23).
nocross(3,24).
nocross(4,2).
nocross(4,3).
nocross(4,6).
nocross(4,7).
nocross(4,10).
nocross(4,16).
nocross(4,17).
nocross(4,25).
nocross(5,1).
nocross(5,9).
nocross(5,12).
nocross(5,13).
nocross(5,19).
nocross(6,3).
nocross(6,4).
nocross(6,10).
nocross(6,21).
nocross(6,25).
nocross(7,1).
nocross(7,3).
nocross(7,4).
nocross(7,11).
nocross(7,14).
nocross(7,15).
nocross(7,16).
nocross(7,17).
nocross(7,19).
nocross(7,20).
nocross(7,22).
nocross(7,23).
nocross(7,24).
nocross(8,1).
nocross(8,9).
nocross(8,14).
nocross(8,16).
nocross(8,18).
nocross(8,24).
nocross(9,1).
nocross(9,5).
nocross(9,8).
nocross(9,12).
nocross(9,14).
nocross(9,19).
nocross(10,3).
nocross(10,4).
nocross(10,6).
nocross(10,16).
nocross(10,21).
nocross(10,24).
nocross(10,25).
nocross(11,7).
nocross(11,13).
nocross(11,15).
nocross(11,17).
nocross(11,22).
nocross(11,23).
nocross(12,1).
nocross(12,5).
nocross(12,9).
nocross(12,11).
nocross(12,13).
nocross(12,15).
nocross(12,19).
nocross(12,22).
nocross(12,23).
nocross(13,5).
nocross(13,11).
nocross(13,12).
nocross(13,15).
nocross(13,22).
nocross(13,23).
nocross(14,1).
nocross(14,8).
nocross(14,9).
nocross(14,16).
nocross(14,18).
nocross(14,20).
nocross(14,21).
nocross(14,24).
nocross(15,2).
nocross(15,7).
nocross(15,11).
nocross(15,12).
nocross(15,13).
nocross(15,19).
nocross(15,22).
nocross(15,23).
nocross(16,3).
nocross(16,4).
nocross(16,6).
nocross(16,7).
nocross(16,10).
nocross(16,14).
nocross(16,18).
nocross(16,20).
nocross(16,21).
nocross(16,24).
nocross(16,25).
nocross(17,2).
nocross(17,3).
nocross(17,4).
nocross(17,6).
nocross(17,7).
nocross(17,10).
nocross(17,11).
nocross(17,15).
nocross(17,20).
nocross(17,22).
nocross(17,23).
nocross(18,8).
nocross(18,14).
nocross(18,16).
nocross(18,21).
nocross(18,24).
nocross(19,1).
nocross(19,5).
nocross(19,9).
nocross(19,11).
nocross(19,12).
nocross(19,15).
nocross(19,20).
nocross(19,23).
nocross(20,1).
nocross(20,3).
nocross(20,5).
nocross(20,7).
nocross(20,12).
nocross(20,14).
nocross(20,15).
nocross(20,16).
nocross(20,19).
nocross(20,23).
nocross(20,24).
nocross(21,6).
nocross(21,10).
nocross(21,14).
nocross(21,16).
nocross(21,18).
nocross(21,24).
nocross(21,25).
nocross(22,2).
nocross(22,3).
nocross(22,7).
nocross(22,11).
nocross(22,13).
nocross(22,15).
nocross(22,17).
nocross(22,23).
nocross(23,1).
nocross(23,3).
nocross(23,5).
nocross(23,7).
nocross(23,11).
nocross(23,12).
nocross(23,13).
nocross(23,15).
nocross(23,17).
nocross(23,19).
nocross(23,20).
nocross(23,22).
nocross(24,8).
nocross(24,14).
nocross(24,16).
nocross(24,18).
nocross(24,20).
nocross(24,21).
nocross(24,25).
nocross(25,4).
nocross(25,6).
nocross(25,10).
nocross(25,16).
nocross(25,21).
nocross(25,24).
