dimension(25).
point(1, 22.4768091622, 89.1287634506).
point(2, 5.6537251863, 29.2345223687).
point(3, 26.8358062652, 37.3189073287).
point(4, 27.9768033257, 88.0835715797).
point(5, 59.4052896261, 83.4247676975).
point(6, 11.1005512506, 17.5708248474).
point(7, 36.6429549114, 89.2779462849).
point(8, 37.1161115913, 42.081119596).
point(9, 67.6098719014, 89.6124549884).
point(10, 96.6725541257, 7.5968085592).
point(11, 16.6241694889, 83.7943715148).
point(12, 17.4829043654, 62.4034081648).
point(13, 82.8217289926, 87.4079725002).
point(14, 23.943896454, 23.1452432148).
point(15, 65.8867747258, 49.0734384987).
point(16, 60.039499408, 94.9268817908).
point(17, 40.4599698308, 56.5754277644).
point(18, 96.0300726505, 46.5439100183).
point(19, 26.4959400071, 19.8599131917).
point(20, 67.1389183978, 28.3982702274).
point(21, 94.7279288723, 20.6799336313).
point(22, 7.2103202612, 77.5448790373).
point(23, 34.5795369864, 60.0153709187).
point(24, 11.4240865788, 22.4490681961).
point(25, 57.1556398726, 91.364881494).
cost(1, 2, 62).
cost(1, 3, 52).
cost(1, 4, 6).
cost(1, 5, 37).
cost(1, 6, 72).
cost(1, 7, 14).
cost(1, 8, 49).
cost(1, 9, 45).
cost(1, 10, 110).
cost(1, 11, 8).
cost(1, 12, 27).
cost(1, 13, 60).
cost(1, 14, 66).
cost(1, 15, 59).
cost(1, 16, 38).
cost(1, 17, 37).
cost(1, 18, 85).
cost(1, 19, 69).
cost(1, 20, 75).
cost(1, 21, 100).
cost(1, 22, 19).
cost(1, 23, 32).
cost(1, 24, 68).
cost(1, 25, 35).
cost(2, 1, 62).
cost(2, 3, 23).
cost(2, 4, 63).
cost(2, 5, 76).
cost(2, 6, 13).
cost(2, 7, 68).
cost(2, 8, 34).
cost(2, 9, 87).
cost(2, 10, 94).
cost(2, 11, 56).
cost(2, 12, 35).
cost(2, 13, 97).
cost(2, 14, 19).
cost(2, 15, 63).
cost(2, 16, 85).
cost(2, 17, 44).
cost(2, 18, 92).
cost(2, 19, 23).
cost(2, 20, 61).
cost(2, 21, 89).
cost(2, 22, 48).
cost(2, 23, 42).
cost(2, 24, 9).
cost(2, 25, 81).
cost(3, 1, 52).
cost(3, 2, 23).
cost(3, 4, 51).
cost(3, 5, 56).
cost(3, 6, 25).
cost(3, 7, 53).
cost(3, 8, 11).
cost(3, 9, 66).
cost(3, 10, 76).
cost(3, 11, 48).
cost(3, 12, 27).
cost(3, 13, 75).
cost(3, 14, 14).
cost(3, 15, 41).
cost(3, 16, 66).
cost(3, 17, 24).
cost(3, 18, 70).
cost(3, 19, 17).
cost(3, 20, 41).
cost(3, 21, 70).
cost(3, 22, 45).
cost(3, 23, 24).
cost(3, 24, 21).
cost(3, 25, 62).
cost(4, 1, 6).
cost(4, 2, 63).
cost(4, 3, 51).
cost(4, 5, 32).
cost(4, 6, 73).
cost(4, 7, 9).
cost(4, 8, 47).
cost(4, 9, 40).
cost(4, 10, 106).
cost(4, 11, 12).
cost(4, 12, 28).
cost(4, 13, 55).
cost(4, 14, 65).
cost(4, 15, 54).
cost(4, 16, 33).
cost(4, 17, 34).
cost(4, 18, 80).
cost(4, 19, 68).
cost(4, 20, 71).
cost(4, 21, 95).
cost(4, 22, 23).
cost(4, 23, 29).
cost(4, 24, 68).
cost(4, 25, 29).
cost(5, 1, 37).
cost(5, 2, 76).
cost(5, 3, 56).
cost(5, 4, 32).
cost(5, 6, 82).
cost(5, 7, 24).
cost(5, 8, 47).
cost(5, 9, 10).
cost(5, 10, 84).
cost(5, 11, 43).
cost(5, 12, 47).
cost(5, 13, 24).
cost(5, 14, 70).
cost(5, 15, 35).
cost(5, 16, 12).
cost(5, 17, 33).
cost(5, 18, 52).
cost(5, 19, 72).
cost(5, 20, 56).
cost(5, 21, 72).
cost(5, 22, 53).
cost(5, 23, 34).
cost(5, 24, 78).
cost(5, 25, 8).
cost(6, 1, 72).
cost(6, 2, 13).
cost(6, 3, 25).
cost(6, 4, 73).
cost(6, 5, 82).
cost(6, 7, 76).
cost(6, 8, 36).
cost(6, 9, 92).
cost(6, 10, 86).
cost(6, 11, 66).
cost(6, 12, 45).
cost(6, 13, 100).
cost(6, 14, 14).
cost(6, 15, 63).
cost(6, 16, 92).
cost(6, 17, 49).
cost(6, 18, 90).
cost(6, 19, 16).
cost(6, 20, 57).
cost(6, 21, 84).
cost(6, 22, 60).
cost(6, 23, 49).
cost(6, 24, 5).
cost(6, 25, 87).
cost(7, 1, 14).
cost(7, 2, 68).
cost(7, 3, 53).
cost(7, 4, 9).
cost(7, 5, 24).
cost(7, 6, 76).
cost(7, 8, 47).
cost(7, 9, 31).
cost(7, 10, 101).
cost(7, 11, 21).
cost(7, 12, 33).
cost(7, 13, 46).
cost(7, 14, 67).
cost(7, 15, 50).
cost(7, 16, 24).
cost(7, 17, 33).
cost(7, 18, 73).
cost(7, 19, 70).
cost(7, 20, 68).
cost(7, 21, 90).
cost(7, 22, 32).
cost(7, 23, 29).
cost(7, 24, 71).
cost(7, 25, 21).
cost(8, 1, 49).
cost(8, 2, 34).
cost(8, 3, 11).
cost(8, 4, 47).
cost(8, 5, 47).
cost(8, 6, 36).
cost(8, 7, 47).
cost(8, 9, 56).
cost(8, 10, 69).
cost(8, 11, 46).
cost(8, 12, 28).
cost(8, 13, 64).
cost(8, 14, 23).
cost(8, 15, 30).
cost(8, 16, 58).
cost(8, 17, 15).
cost(8, 18, 59).
cost(8, 19, 25).
cost(8, 20, 33).
cost(8, 21, 61).
cost(8, 22, 46).
cost(8, 23, 18).
cost(8, 24, 32).
cost(8, 25, 53).
cost(9, 1, 45).
cost(9, 2, 87).
cost(9, 3, 66).
cost(9, 4, 40).
cost(9, 5, 10).
cost(9, 6, 92).
cost(9, 7, 31).
cost(9, 8, 56).
cost(9, 10, 87).
cost(9, 11, 51).
cost(9, 12, 57).
cost(9, 13, 15).
cost(9, 14, 80).
cost(9, 15, 41).
cost(9, 16, 9).
cost(9, 17, 43).
cost(9, 18, 52).
cost(9, 19, 81).
cost(9, 20, 61).
cost(9, 21, 74).
cost(9, 22, 62).
cost(9, 23, 44).
cost(9, 24, 88).
cost(9, 25, 11).
cost(10, 1, 110).
cost(10, 2, 94).
cost(10, 3, 76).
cost(10, 4, 106).
cost(10, 5, 84).
cost(10, 6, 86).
cost(10, 7, 101).
cost(10, 8, 69).
cost(10, 9, 87).
cost(10, 11, 111).
cost(10, 12, 96).
cost(10, 13, 81).
cost(10, 14, 74).
cost(10, 15, 52).
cost(10, 16, 95).
cost(10, 17, 75).
cost(10, 18, 39).
cost(10, 19, 71).
cost(10, 20, 36).
cost(10, 21, 13).
cost(10, 22, 114).
cost(10, 23, 81).
cost(10, 24, 87).
cost(10, 25, 93).
cost(11, 1, 8).
cost(11, 2, 56).
cost(11, 3, 48).
cost(11, 4, 12).
cost(11, 5, 43).
cost(11, 6, 66).
cost(11, 7, 21).
cost(11, 8, 46).
cost(11, 9, 51).
cost(11, 10, 111).
cost(11, 12, 21).
cost(11, 13, 66).
cost(11, 14, 61).
cost(11, 15, 60).
cost(11, 16, 45).
cost(11, 17, 36).
cost(11, 18, 88).
cost(11, 19, 65).
cost(11, 20, 75).
cost(11, 21, 100).
cost(11, 22, 11).
cost(11, 23, 30).
cost(11, 24, 62).
cost(11, 25, 41).
cost(12, 1, 27).
cost(12, 2, 35).
cost(12, 3, 27).
cost(12, 4, 28).
cost(12, 5, 47).
cost(12, 6, 45).
cost(12, 7, 33).
cost(12, 8, 28).
cost(12, 9, 57).
cost(12, 10, 96).
cost(12, 11, 21).
cost(12, 13, 70).
cost(12, 14, 40).
cost(12, 15, 50).
cost(12, 16, 54).
cost(12, 17, 24).
cost(12, 18, 80).
cost(12, 19, 43).
cost(12, 20, 60).
cost(12, 21, 88).
cost(12, 22, 18).
cost(12, 23, 17).
cost(12, 24, 40).
cost(12, 25, 49).
cost(13, 1, 60).
cost(13, 2, 97).
cost(13, 3, 75).
cost(13, 4, 55).
cost(13, 5, 24).
cost(13, 6, 100).
cost(13, 7, 46).
cost(13, 8, 64).
cost(13, 9, 15).
cost(13, 10, 81).
cost(13, 11, 66).
cost(13, 12, 70).
cost(13, 14, 87).
cost(13, 15, 42).
cost(13, 16, 24).
cost(13, 17, 52).
cost(13, 18, 43).
cost(13, 19, 88).
cost(13, 20, 61).
cost(13, 21, 68).
cost(13, 22, 76).
cost(13, 23, 55).
cost(13, 24, 97).
cost(13, 25, 26).
cost(14, 1, 66).
cost(14, 2, 19).
cost(14, 3, 14).
cost(14, 4, 65).
cost(14, 5, 70).
cost(14, 6, 14).
cost(14, 7, 67).
cost(14, 8, 23).
cost(14, 9, 80).
cost(14, 10, 74).
cost(14, 11, 61).
cost(14, 12, 40).
cost(14, 13, 87).
cost(14, 15, 49).
cost(14, 16, 80).
cost(14, 17, 37).
cost(14, 18, 76).
cost(14, 19, 4).
cost(14, 20, 44).
cost(14, 21, 71).
cost(14, 22, 57).
cost(14, 23, 38).
cost(14, 24, 13).
cost(14, 25, 76).
cost(15, 1, 59).
cost(15, 2, 63).
cost(15, 3, 41).
cost(15, 4, 54).
cost(15, 5, 35).
cost(15, 6, 63).
cost(15, 7, 50).
cost(15, 8, 30).
cost(15, 9, 41).
cost(15, 10, 52).
cost(15, 11, 60).
cost(15, 12, 50).
cost(15, 13, 42).
cost(15, 14, 49).
cost(15, 16, 46).
cost(15, 17, 27).
cost(15, 18, 30).
cost(15, 19, 49).
cost(15, 20, 21).
cost(15, 21, 40).
cost(15, 22, 65).
cost(15, 23, 33).
cost(15, 24, 61).
cost(15, 25, 43).
cost(16, 1, 38).
cost(16, 2, 85).
cost(16, 3, 66).
cost(16, 4, 33).
cost(16, 5, 12).
cost(16, 6, 92).
cost(16, 7, 24).
cost(16, 8, 58).
cost(16, 9, 9).
cost(16, 10, 95).
cost(16, 11, 45).
cost(16, 12, 54).
cost(16, 13, 24).
cost(16, 14, 80).
cost(16, 15, 46).
cost(16, 17, 43).
cost(16, 18, 60).
cost(16, 19, 82).
cost(16, 20, 67).
cost(16, 21, 82).
cost(16, 22, 56).
cost(16, 23, 43).
cost(16, 24, 87).
cost(16, 25, 5).
cost(17, 1, 37).
cost(17, 2, 44).
cost(17, 3, 24).
cost(17, 4, 34).
cost(17, 5, 33).
cost(17, 6, 49).
cost(17, 7, 33).
cost(17, 8, 15).
cost(17, 9, 43).
cost(17, 10, 75).
cost(17, 11, 36).
cost(17, 12, 24).
cost(17, 13, 52).
cost(17, 14, 37).
cost(17, 15, 27).
cost(17, 16, 43).
cost(17, 18, 56).
cost(17, 19, 39).
cost(17, 20, 39).
cost(17, 21, 65).
cost(17, 22, 39).
cost(17, 23, 7).
cost(17, 24, 45).
cost(17, 25, 39).
cost(18, 1, 85).
cost(18, 2, 92).
cost(18, 3, 70).
cost(18, 4, 80).
cost(18, 5, 52).
cost(18, 6, 90).
cost(18, 7, 73).
cost(18, 8, 59).
cost(18, 9, 52).
cost(18, 10, 39).
cost(18, 11, 88).
cost(18, 12, 80).
cost(18, 13, 43).
cost(18, 14, 76).
cost(18, 15, 30).
cost(18, 16, 60).
cost(18, 17, 56).
cost(18, 19, 74).
cost(18, 20, 34).
cost(18, 21, 26).
cost(18, 22, 94).
cost(18, 23, 63).
cost(18, 24, 88).
cost(18, 25, 59).
cost(19, 1, 69).
cost(19, 2, 23).
cost(19, 3, 17).
cost(19, 4, 68).
cost(19, 5, 72).
cost(19, 6, 16).
cost(19, 7, 70).
cost(19, 8, 25).
cost(19, 9, 81).
cost(19, 10, 71).
cost(19, 11, 65).
cost(19, 12, 43).
cost(19, 13, 88).
cost(19, 14, 4).
cost(19, 15, 49).
cost(19, 16, 82).
cost(19, 17, 39).
cost(19, 18, 74).
cost(19, 20, 42).
cost(19, 21, 68).
cost(19, 22, 61).
cost(19, 23, 41).
cost(19, 24, 15).
cost(19, 25, 78).
cost(20, 1, 75).
cost(20, 2, 61).
cost(20, 3, 41).
cost(20, 4, 71).
cost(20, 5, 56).
cost(20, 6, 57).
cost(20, 7, 68).
cost(20, 8, 33).
cost(20, 9, 61).
cost(20, 10, 36).
cost(20, 11, 75).
cost(20, 12, 60).
cost(20, 13, 61).
cost(20, 14, 44).
cost(20, 15, 21).
cost(20, 16, 67).
cost(20, 17, 39).
cost(20, 18, 34).
cost(20, 19, 42).
cost(20, 21, 29).
cost(20, 22, 78).
cost(20, 23, 45).
cost(20, 24, 56).
cost(20, 25, 64).
cost(21, 1, 100).
cost(21, 2, 89).
cost(21, 3, 70).
cost(21, 4, 95).
cost(21, 5, 72).
cost(21, 6, 84).
cost(21, 7, 90).
cost(21, 8, 61).
cost(21, 9, 74).
cost(21, 10, 13).
cost(21, 11, 100).
cost(21, 12, 88).
cost(21, 13, 68).
cost(21, 14, 71).
cost(21, 15, 40).
cost(21, 16, 82).
cost(21, 17, 65).
cost(21, 18, 26).
cost(21, 19, 68).
cost(21, 20, 29).
cost(21, 22, 104).
cost(21, 23, 72).
cost(21, 24, 83).
cost(21, 25, 80).
cost(22, 1, 19).
cost(22, 2, 48).
cost(22, 3, 45).
cost(22, 4, 23).
cost(22, 5, 53).
cost(22, 6, 60).
cost(22, 7, 32).
cost(22, 8, 46).
cost(22, 9, 62).
cost(22, 10, 114).
cost(22, 11, 11).
cost(22, 12, 18).
cost(22, 13, 76).
cost(22, 14, 57).
cost(22, 15, 65).
cost(22, 16, 56).
cost(22, 17, 39).
cost(22, 18, 94).
cost(22, 19, 61).
cost(22, 20, 78).
cost(22, 21, 104).
cost(22, 23, 33).
cost(22, 24, 55).
cost(22, 25, 52).
cost(23, 1, 32).
cost(23, 2, 42).
cost(23, 3, 24).
cost(23, 4, 29).
cost(23, 5, 34).
cost(23, 6, 49).
cost(23, 7, 29).
cost(23, 8, 18).
cost(23, 9, 44).
cost(23, 10, 81).
cost(23, 11, 30).
cost(23, 12, 17).
cost(23, 13, 55).
cost(23, 14, 38).
cost(23, 15, 33).
cost(23, 16, 43).
cost(23, 17, 7).
cost(23, 18, 63).
cost(23, 19, 41).
cost(23, 20, 45).
cost(23, 21, 72).
cost(23, 22, 33).
cost(23, 24, 44).
cost(23, 25, 39).
cost(24, 1, 68).
cost(24, 2, 9).
cost(24, 3, 21).
cost(24, 4, 68).
cost(24, 5, 78).
cost(24, 6, 5).
cost(24, 7, 71).
cost(24, 8, 32).
cost(24, 9, 88).
cost(24, 10, 87).
cost(24, 11, 62).
cost(24, 12, 40).
cost(24, 13, 97).
cost(24, 14, 13).
cost(24, 15, 61).
cost(24, 16, 87).
cost(24, 17, 45).
cost(24, 18, 88).
cost(24, 19, 15).
cost(24, 20, 56).
cost(24, 21, 83).
cost(24, 22, 55).
cost(24, 23, 44).
cost(24, 25, 83).
cost(25, 1, 35).
cost(25, 2, 81).
cost(25, 3, 62).
cost(25, 4, 29).
cost(25, 5, 8).
cost(25, 6, 87).
cost(25, 7, 21).
cost(25, 8, 53).
cost(25, 9, 11).
cost(25, 10, 93).
cost(25, 11, 41).
cost(25, 12, 49).
cost(25, 13, 26).
cost(25, 14, 76).
cost(25, 15, 43).
cost(25, 16, 5).
cost(25, 17, 39).
cost(25, 18, 59).
cost(25, 19, 78).
cost(25, 20, 64).
cost(25, 21, 80).
cost(25, 22, 52).
cost(25, 23, 39).
cost(25, 24, 83).
nocross(1,4).
nocross(1,5).
nocross(1,7).
nocross(1,11).
nocross(1,12).
nocross(1,16).
nocross(1,22).
nocross(1,23).
nocross(1,25).
nocross(2,3).
nocross(2,6).
nocross(2,8).
nocross(2,12).
nocross(2,14).
nocross(2,17).
nocross(2,19).
nocross(2,22).
nocross(2,23).
nocross(2,24).
nocross(3,2).
nocross(3,6).
nocross(3,8).
nocross(3,12).
nocross(3,14).
nocross(3,17).
nocross(3,19).
nocross(3,23).
nocross(3,24).
nocross(4,1).
nocross(4,5).
nocross(4,7).
nocross(4,11).
nocross(4,12).
nocross(4,16).
nocross(4,17).
nocross(4,22).
nocross(4,23).
nocross(4,25).
nocross(5,1).
nocross(5,4).
nocross(5,7).
nocross(5,9).
nocross(5,13).
nocross(5,15).
nocross(5,16).
nocross(5,17).
nocross(5,23).
nocross(5,25).
nocross(6,2).
nocross(6,3).
nocross(6,8).
nocross(6,14).
nocross(6,19).
nocross(6,24).
nocross(7,1).
nocross(7,4).
nocross(7,5).
nocross(7,9).
nocross(7,11).
nocross(7,12).
nocross(7,16).
nocross(7,17).
nocross(7,22).
nocross(7,23).
nocross(7,25).
nocross(8,3).
nocross(8,6).
nocross(8,12).
nocross(8,14).
nocross(8,15).
nocross(8,17).
nocross(8,19).
nocross(8,20).
nocross(8,23).
nocross(8,24).
nocross(9,5).
nocross(9,7).
nocross(9,13).
nocross(9,16).
nocross(9,17).
nocross(9,25).
nocross(10,18).
nocross(10,20).
nocross(10,21).
nocross(11,1).
nocross(11,4).
nocross(11,7).
nocross(11,12).
nocross(11,22).
nocross(11,23).
nocross(12,1).
nocross(12,2).
nocross(12,3).
nocross(12,4).
nocross(12,6).
nocross(12,7).
nocross(12,8).
nocross(12,11).
nocross(12,14).
nocross(12,17).
nocross(12,19).
nocross(12,22).
nocross(12,23).
nocross(12,24).
nocross(13,5).
nocross(13,9).
nocross(13,15).
nocross(13,16).
nocross(13,18).
nocross(13,25).
nocross(14,2).
nocross(14,3).
nocross(14,6).
nocross(14,8).
nocross(14,17).
nocross(14,19).
nocross(14,23).
nocross(14,24).
nocross(15,3).
nocross(15,5).
nocross(15,8).
nocross(15,9).
nocross(15,10).
nocross(15,13).
nocross(15,14).
nocross(15,16).
nocross(15,17).
nocross(15,18).
nocross(15,19).
nocross(15,20).
nocross(15,21).
nocross(15,23).
nocross(15,25).
nocross(16,1).
nocross(16,4).
nocross(16,5).
nocross(16,7).
nocross(16,9).
nocross(16,13).
nocross(16,25).
nocross(17,2).
nocross(17,3).
nocross(17,4).
nocross(17,5).
nocross(17,7).
nocross(17,8).
nocross(17,11).
nocross(17,12).
nocross(17,14).
nocross(17,15).
nocross(17,19).
nocross(17,23).
nocross(17,25).
nocross(18,5).
nocross(18,10).
nocross(18,13).
nocross(18,15).
nocross(18,20).
nocross(18,21).
nocross(19,2).
nocross(19,3).
nocross(19,6).
nocross(19,8).
nocross(19,14).
nocross(19,17).
nocross(19,20).
nocross(19,23).
nocross(19,24).
nocross(20,3).
nocross(20,8).
nocross(20,10).
nocross(20,14).
nocross(20,15).
nocross(20,17).
nocross(20,18).
nocross(20,19).
nocross(20,21).
nocross(20,23).
nocross(21,10).
nocross(21,15).
nocross(21,18).
nocross(21,20).
nocross(22,1).
nocross(22,2).
nocross(22,4).
nocross(22,7).
nocross(22,11).
nocross(22,12).
nocross(22,17).
nocross(22,23).
nocross(23,1).
nocross(23,2).
nocross(23,3).
nocross(23,4).
nocross(23,5).
nocross(23,7).
nocross(23,8).
nocross(23,11).
nocross(23,12).
nocross(23,17).
nocross(23,22).
nocross(23,25).
nocross(24,2).
nocross(24,3).
nocross(24,6).
nocross(24,8).
nocross(24,14).
nocross(24,19).
nocross(24,23).
nocross(25,1).
nocross(25,4).
nocross(25,5).
nocross(25,7).
nocross(25,9).
nocross(25,13).
nocross(25,16).
nocross(25,17).
nocross(25,23).
