dimension(25).
point(1, 64.7258603795, 31.5119061007).
point(2, 84.9693630436, 34.2491553785).
point(3, 26.9537134222, 86.170854633).
point(4, 24.6703043911, 19.4929832995).
point(5, 82.3303094009, 47.1735485269).
point(6, 96.3051179098, 50.1692488004).
point(7, 86.1883689385, 21.7900252603).
point(8, 63.9616016869, 79.8896122989).
point(9, 49.2429170501, 73.4782581729).
point(10, 4.0986218812, 12.9432254282).
point(11, 48.615492311, 87.967255276).
point(12, 90.7308190771, 38.2134177798).
point(13, 5.1762837422, 6.9926021372).
point(14, 30.0656342005, 93.2430574372).
point(15, 83.3508980663, 65.4818772911).
point(16, 25.444584275, 71.6101876818).
point(17, 50.2852121546, 70.3950658485).
point(18, 68.2257567662, 19.2345032788).
point(19, 17.8058294002, 90.4186802951).
point(20, 62.5551749529, 84.5375743421).
point(21, 95.5934664408, 69.3025109895).
point(22, 80.4837396075, 19.5293583291).
point(23, 6.4969630323, 27.6711987475).
point(24, 13.5243940445, 36.0775376075).
point(25, 63.3957677485, 82.2652404289).
cost(1, 2, 20).
cost(1, 3, 66).
cost(1, 4, 42).
cost(1, 5, 24).
cost(1, 6, 37).
cost(1, 7, 24).
cost(1, 8, 48).
cost(1, 9, 45).
cost(1, 10, 63).
cost(1, 11, 59).
cost(1, 12, 27).
cost(1, 13, 64).
cost(1, 14, 71).
cost(1, 15, 39).
cost(1, 16, 56).
cost(1, 17, 41).
cost(1, 18, 13).
cost(1, 19, 75).
cost(1, 20, 53).
cost(1, 21, 49).
cost(1, 22, 20).
cost(1, 23, 58).
cost(1, 24, 51).
cost(1, 25, 51).
cost(2, 1, 20).
cost(2, 3, 78).
cost(2, 4, 62).
cost(2, 5, 13).
cost(2, 6, 20).
cost(2, 7, 13).
cost(2, 8, 50).
cost(2, 9, 53).
cost(2, 10, 84).
cost(2, 11, 65).
cost(2, 12, 7).
cost(2, 13, 84).
cost(2, 14, 81).
cost(2, 15, 31).
cost(2, 16, 70).
cost(2, 17, 50).
cost(2, 18, 22).
cost(2, 19, 88).
cost(2, 20, 55).
cost(2, 21, 37).
cost(2, 22, 15).
cost(2, 23, 79).
cost(2, 24, 71).
cost(2, 25, 53).
cost(3, 1, 66).
cost(3, 2, 78).
cost(3, 4, 67).
cost(3, 5, 68).
cost(3, 6, 78).
cost(3, 7, 87).
cost(3, 8, 38).
cost(3, 9, 26).
cost(3, 10, 77).
cost(3, 11, 22).
cost(3, 12, 80).
cost(3, 13, 82).
cost(3, 14, 8).
cost(3, 15, 60).
cost(3, 16, 15).
cost(3, 17, 28).
cost(3, 18, 79).
cost(3, 19, 10).
cost(3, 20, 36).
cost(3, 21, 71).
cost(3, 22, 85).
cost(3, 23, 62).
cost(3, 24, 52).
cost(3, 25, 37).
cost(4, 1, 42).
cost(4, 2, 62).
cost(4, 3, 67).
cost(4, 5, 64).
cost(4, 6, 78).
cost(4, 7, 62).
cost(4, 8, 72).
cost(4, 9, 59).
cost(4, 10, 22).
cost(4, 11, 73).
cost(4, 12, 69).
cost(4, 13, 23).
cost(4, 14, 74).
cost(4, 15, 75).
cost(4, 16, 52).
cost(4, 17, 57).
cost(4, 18, 44).
cost(4, 19, 71).
cost(4, 20, 75).
cost(4, 21, 87).
cost(4, 22, 56).
cost(4, 23, 20).
cost(4, 24, 20).
cost(4, 25, 74).
cost(5, 1, 24).
cost(5, 2, 13).
cost(5, 3, 68).
cost(5, 4, 64).
cost(5, 6, 14).
cost(5, 7, 26).
cost(5, 8, 38).
cost(5, 9, 42).
cost(5, 10, 85).
cost(5, 11, 53).
cost(5, 12, 12).
cost(5, 13, 87).
cost(5, 14, 70).
cost(5, 15, 18).
cost(5, 16, 62).
cost(5, 17, 40).
cost(5, 18, 31).
cost(5, 19, 78).
cost(5, 20, 42).
cost(5, 21, 26).
cost(5, 22, 28).
cost(5, 23, 78).
cost(5, 24, 70).
cost(5, 25, 40).
cost(6, 1, 37).
cost(6, 2, 20).
cost(6, 3, 78).
cost(6, 4, 78).
cost(6, 5, 14).
cost(6, 7, 30).
cost(6, 8, 44).
cost(6, 9, 53).
cost(6, 10, 99).
cost(6, 11, 61).
cost(6, 12, 13).
cost(6, 13, 101).
cost(6, 14, 79).
cost(6, 15, 20).
cost(6, 16, 74).
cost(6, 17, 50).
cost(6, 18, 42).
cost(6, 19, 88).
cost(6, 20, 48).
cost(6, 21, 19).
cost(6, 22, 34).
cost(6, 23, 93).
cost(6, 24, 84).
cost(6, 25, 46).
cost(7, 1, 24).
cost(7, 2, 13).
cost(7, 3, 87).
cost(7, 4, 62).
cost(7, 5, 26).
cost(7, 6, 30).
cost(7, 8, 62).
cost(7, 9, 64).
cost(7, 10, 83).
cost(7, 11, 76).
cost(7, 12, 17).
cost(7, 13, 82).
cost(7, 14, 91).
cost(7, 15, 44).
cost(7, 16, 79).
cost(7, 17, 60).
cost(7, 18, 18).
cost(7, 19, 97).
cost(7, 20, 67).
cost(7, 21, 48).
cost(7, 22, 6).
cost(7, 23, 80).
cost(7, 24, 74).
cost(7, 25, 65).
cost(8, 1, 48).
cost(8, 2, 50).
cost(8, 3, 38).
cost(8, 4, 72).
cost(8, 5, 38).
cost(8, 6, 44).
cost(8, 7, 62).
cost(8, 9, 16).
cost(8, 10, 90).
cost(8, 11, 17).
cost(8, 12, 50).
cost(8, 13, 94).
cost(8, 14, 36).
cost(8, 15, 24).
cost(8, 16, 39).
cost(8, 17, 17).
cost(8, 18, 61).
cost(8, 19, 47).
cost(8, 20, 5).
cost(8, 21, 33).
cost(8, 22, 63).
cost(8, 23, 78).
cost(8, 24, 67).
cost(8, 25, 2).
cost(9, 1, 45).
cost(9, 2, 53).
cost(9, 3, 26).
cost(9, 4, 59).
cost(9, 5, 42).
cost(9, 6, 53).
cost(9, 7, 64).
cost(9, 8, 16).
cost(9, 10, 76).
cost(9, 11, 15).
cost(9, 12, 54).
cost(9, 13, 80).
cost(9, 14, 28).
cost(9, 15, 35).
cost(9, 16, 24).
cost(9, 17, 3).
cost(9, 18, 57).
cost(9, 19, 36).
cost(9, 20, 17).
cost(9, 21, 47).
cost(9, 22, 62).
cost(9, 23, 63).
cost(9, 24, 52).
cost(9, 25, 17).
cost(10, 1, 63).
cost(10, 2, 84).
cost(10, 3, 77).
cost(10, 4, 22).
cost(10, 5, 85).
cost(10, 6, 99).
cost(10, 7, 83).
cost(10, 8, 90).
cost(10, 9, 76).
cost(10, 11, 87).
cost(10, 12, 90).
cost(10, 13, 6).
cost(10, 14, 84).
cost(10, 15, 95).
cost(10, 16, 62).
cost(10, 17, 74).
cost(10, 18, 64).
cost(10, 19, 79).
cost(10, 20, 92).
cost(10, 21, 107).
cost(10, 22, 77).
cost(10, 23, 15).
cost(10, 24, 25).
cost(10, 25, 91).
cost(11, 1, 59).
cost(11, 2, 65).
cost(11, 3, 22).
cost(11, 4, 73).
cost(11, 5, 53).
cost(11, 6, 61).
cost(11, 7, 76).
cost(11, 8, 17).
cost(11, 9, 15).
cost(11, 10, 87).
cost(11, 12, 65).
cost(11, 13, 92).
cost(11, 14, 19).
cost(11, 15, 41).
cost(11, 16, 28).
cost(11, 17, 18).
cost(11, 18, 71).
cost(11, 19, 31).
cost(11, 20, 14).
cost(11, 21, 51).
cost(11, 22, 75).
cost(11, 23, 74).
cost(11, 24, 63).
cost(11, 25, 16).
cost(12, 1, 27).
cost(12, 2, 7).
cost(12, 3, 80).
cost(12, 4, 69).
cost(12, 5, 12).
cost(12, 6, 13).
cost(12, 7, 17).
cost(12, 8, 50).
cost(12, 9, 54).
cost(12, 10, 90).
cost(12, 11, 65).
cost(12, 13, 91).
cost(12, 14, 82).
cost(12, 15, 28).
cost(12, 16, 73).
cost(12, 17, 52).
cost(12, 18, 29).
cost(12, 19, 90).
cost(12, 20, 54).
cost(12, 21, 31).
cost(12, 22, 21).
cost(12, 23, 85).
cost(12, 24, 77).
cost(12, 25, 52).
cost(13, 1, 64).
cost(13, 2, 84).
cost(13, 3, 82).
cost(13, 4, 23).
cost(13, 5, 87).
cost(13, 6, 101).
cost(13, 7, 82).
cost(13, 8, 94).
cost(13, 9, 80).
cost(13, 10, 6).
cost(13, 11, 92).
cost(13, 12, 91).
cost(13, 14, 90).
cost(13, 15, 98).
cost(13, 16, 68).
cost(13, 17, 78).
cost(13, 18, 64).
cost(13, 19, 84).
cost(13, 20, 96).
cost(13, 21, 110).
cost(13, 22, 76).
cost(13, 23, 21).
cost(13, 24, 30).
cost(13, 25, 95).
cost(14, 1, 71).
cost(14, 2, 81).
cost(14, 3, 8).
cost(14, 4, 74).
cost(14, 5, 70).
cost(14, 6, 79).
cost(14, 7, 91).
cost(14, 8, 36).
cost(14, 9, 28).
cost(14, 10, 84).
cost(14, 11, 19).
cost(14, 12, 82).
cost(14, 13, 90).
cost(14, 15, 60).
cost(14, 16, 22).
cost(14, 17, 31).
cost(14, 18, 83).
cost(14, 19, 13).
cost(14, 20, 34).
cost(14, 21, 70).
cost(14, 22, 89).
cost(14, 23, 70).
cost(14, 24, 60).
cost(14, 25, 35).
cost(15, 1, 39).
cost(15, 2, 31).
cost(15, 3, 60).
cost(15, 4, 75).
cost(15, 5, 18).
cost(15, 6, 20).
cost(15, 7, 44).
cost(15, 8, 24).
cost(15, 9, 35).
cost(15, 10, 95).
cost(15, 11, 41).
cost(15, 12, 28).
cost(15, 13, 98).
cost(15, 14, 60).
cost(15, 16, 58).
cost(15, 17, 33).
cost(15, 18, 49).
cost(15, 19, 70).
cost(15, 20, 28).
cost(15, 21, 13).
cost(15, 22, 46).
cost(15, 23, 86).
cost(15, 24, 76).
cost(15, 25, 26).
cost(16, 1, 56).
cost(16, 2, 70).
cost(16, 3, 15).
cost(16, 4, 52).
cost(16, 5, 62).
cost(16, 6, 74).
cost(16, 7, 79).
cost(16, 8, 39).
cost(16, 9, 24).
cost(16, 10, 62).
cost(16, 11, 28).
cost(16, 12, 73).
cost(16, 13, 68).
cost(16, 14, 22).
cost(16, 15, 58).
cost(16, 17, 25).
cost(16, 18, 68).
cost(16, 19, 20).
cost(16, 20, 39).
cost(16, 21, 70).
cost(16, 22, 76).
cost(16, 23, 48).
cost(16, 24, 37).
cost(16, 25, 39).
cost(17, 1, 41).
cost(17, 2, 50).
cost(17, 3, 28).
cost(17, 4, 57).
cost(17, 5, 40).
cost(17, 6, 50).
cost(17, 7, 60).
cost(17, 8, 17).
cost(17, 9, 3).
cost(17, 10, 74).
cost(17, 11, 18).
cost(17, 12, 52).
cost(17, 13, 78).
cost(17, 14, 31).
cost(17, 15, 33).
cost(17, 16, 25).
cost(17, 18, 54).
cost(17, 19, 38).
cost(17, 20, 19).
cost(17, 21, 45).
cost(17, 22, 59).
cost(17, 23, 61).
cost(17, 24, 50).
cost(17, 25, 18).
cost(18, 1, 13).
cost(18, 2, 22).
cost(18, 3, 79).
cost(18, 4, 44).
cost(18, 5, 31).
cost(18, 6, 42).
cost(18, 7, 18).
cost(18, 8, 61).
cost(18, 9, 57).
cost(18, 10, 64).
cost(18, 11, 71).
cost(18, 12, 29).
cost(18, 13, 64).
cost(18, 14, 83).
cost(18, 15, 49).
cost(18, 16, 68).
cost(18, 17, 54).
cost(18, 19, 87).
cost(18, 20, 66).
cost(18, 21, 57).
cost(18, 22, 12).
cost(18, 23, 62).
cost(18, 24, 57).
cost(18, 25, 63).
cost(19, 1, 75).
cost(19, 2, 88).
cost(19, 3, 10).
cost(19, 4, 71).
cost(19, 5, 78).
cost(19, 6, 88).
cost(19, 7, 97).
cost(19, 8, 47).
cost(19, 9, 36).
cost(19, 10, 79).
cost(19, 11, 31).
cost(19, 12, 90).
cost(19, 13, 84).
cost(19, 14, 13).
cost(19, 15, 70).
cost(19, 16, 20).
cost(19, 17, 38).
cost(19, 18, 87).
cost(19, 20, 45).
cost(19, 21, 81).
cost(19, 22, 95).
cost(19, 23, 64).
cost(19, 24, 55).
cost(19, 25, 46).
cost(20, 1, 53).
cost(20, 2, 55).
cost(20, 3, 36).
cost(20, 4, 75).
cost(20, 5, 42).
cost(20, 6, 48).
cost(20, 7, 67).
cost(20, 8, 5).
cost(20, 9, 17).
cost(20, 10, 92).
cost(20, 11, 14).
cost(20, 12, 54).
cost(20, 13, 96).
cost(20, 14, 34).
cost(20, 15, 28).
cost(20, 16, 39).
cost(20, 17, 19).
cost(20, 18, 66).
cost(20, 19, 45).
cost(20, 21, 36).
cost(20, 22, 67).
cost(20, 23, 80).
cost(20, 24, 69).
cost(20, 25, 2).
cost(21, 1, 49).
cost(21, 2, 37).
cost(21, 3, 71).
cost(21, 4, 87).
cost(21, 5, 26).
cost(21, 6, 19).
cost(21, 7, 48).
cost(21, 8, 33).
cost(21, 9, 47).
cost(21, 10, 107).
cost(21, 11, 51).
cost(21, 12, 31).
cost(21, 13, 110).
cost(21, 14, 70).
cost(21, 15, 13).
cost(21, 16, 70).
cost(21, 17, 45).
cost(21, 18, 57).
cost(21, 19, 81).
cost(21, 20, 36).
cost(21, 22, 52).
cost(21, 23, 98).
cost(21, 24, 89).
cost(21, 25, 35).
cost(22, 1, 20).
cost(22, 2, 15).
cost(22, 3, 85).
cost(22, 4, 56).
cost(22, 5, 28).
cost(22, 6, 34).
cost(22, 7, 6).
cost(22, 8, 63).
cost(22, 9, 62).
cost(22, 10, 77).
cost(22, 11, 75).
cost(22, 12, 21).
cost(22, 13, 76).
cost(22, 14, 89).
cost(22, 15, 46).
cost(22, 16, 76).
cost(22, 17, 59).
cost(22, 18, 12).
cost(22, 19, 95).
cost(22, 20, 67).
cost(22, 21, 52).
cost(22, 23, 74).
cost(22, 24, 69).
cost(22, 25, 65).
cost(23, 1, 58).
cost(23, 2, 79).
cost(23, 3, 62).
cost(23, 4, 20).
cost(23, 5, 78).
cost(23, 6, 93).
cost(23, 7, 80).
cost(23, 8, 78).
cost(23, 9, 63).
cost(23, 10, 15).
cost(23, 11, 74).
cost(23, 12, 85).
cost(23, 13, 21).
cost(23, 14, 70).
cost(23, 15, 86).
cost(23, 16, 48).
cost(23, 17, 61).
cost(23, 18, 62).
cost(23, 19, 64).
cost(23, 20, 80).
cost(23, 21, 98).
cost(23, 22, 74).
cost(23, 24, 11).
cost(23, 25, 79).
cost(24, 1, 51).
cost(24, 2, 71).
cost(24, 3, 52).
cost(24, 4, 20).
cost(24, 5, 70).
cost(24, 6, 84).
cost(24, 7, 74).
cost(24, 8, 67).
cost(24, 9, 52).
cost(24, 10, 25).
cost(24, 11, 63).
cost(24, 12, 77).
cost(24, 13, 30).
cost(24, 14, 60).
cost(24, 15, 76).
cost(24, 16, 37).
cost(24, 17, 50).
cost(24, 18, 57).
cost(24, 19, 55).
cost(24, 20, 69).
cost(24, 21, 89).
cost(24, 22, 69).
cost(24, 23, 11).
cost(24, 25, 68).
cost(25, 1, 51).
cost(25, 2, 53).
cost(25, 3, 37).
cost(25, 4, 74).
cost(25, 5, 40).
cost(25, 6, 46).
cost(25, 7, 65).
cost(25, 8, 2).
cost(25, 9, 17).
cost(25, 10, 91).
cost(25, 11, 16).
cost(25, 12, 52).
cost(25, 13, 95).
cost(25, 14, 35).
cost(25, 15, 26).
cost(25, 16, 39).
cost(25, 17, 18).
cost(25, 18, 63).
cost(25, 19, 46).
cost(25, 20, 2).
cost(25, 21, 35).
cost(25, 22, 65).
cost(25, 23, 79).
cost(25, 24, 68).
nocross(1,2).
nocross(1,4).
nocross(1,5).
nocross(1,6).
nocross(1,7).
nocross(1,9).
nocross(1,12).
nocross(1,15).
nocross(1,17).
nocross(1,18).
nocross(1,22).
nocross(2,1).
nocross(2,5).
nocross(2,6).
nocross(2,7).
nocross(2,12).
nocross(2,15).
nocross(2,18).
nocross(2,21).
nocross(2,22).
nocross(3,8).
nocross(3,9).
nocross(3,11).
nocross(3,14).
nocross(3,16).
nocross(3,17).
nocross(3,19).
nocross(3,25).
nocross(4,1).
nocross(4,10).
nocross(4,13).
nocross(4,17).
nocross(4,18).
nocross(4,23).
nocross(4,24).
nocross(5,1).
nocross(5,2).
nocross(5,6).
nocross(5,7).
nocross(5,8).
nocross(5,9).
nocross(5,12).
nocross(5,15).
nocross(5,17).
nocross(5,18).
nocross(5,20).
nocross(5,21).
nocross(5,22).
nocross(5,25).
nocross(6,1).
nocross(6,2).
nocross(6,5).
nocross(6,7).
nocross(6,8).
nocross(6,12).
nocross(6,15).
nocross(6,21).
nocross(6,22).
nocross(6,25).
nocross(7,1).
nocross(7,2).
nocross(7,5).
nocross(7,6).
nocross(7,12).
nocross(7,18).
nocross(7,22).
nocross(8,3).
nocross(8,5).
nocross(8,6).
nocross(8,9).
nocross(8,11).
nocross(8,14).
nocross(8,15).
nocross(8,16).
nocross(8,17).
nocross(8,19).
nocross(8,20).
nocross(8,21).
nocross(8,25).
nocross(9,3).
nocross(9,5).
nocross(9,8).
nocross(9,11).
nocross(9,14).
nocross(9,15).
nocross(9,16).
nocross(9,17).
nocross(9,19).
nocross(9,20).
nocross(9,24).
nocross(9,25).
nocross(10,4).
nocross(10,13).
nocross(10,23).
nocross(10,24).
nocross(11,3).
nocross(11,8).
nocross(11,9).
nocross(11,14).
nocross(11,15).
nocross(11,16).
nocross(11,17).
nocross(11,19).
nocross(11,20).
nocross(11,25).
nocross(12,1).
nocross(12,2).
nocross(12,5).
nocross(12,6).
nocross(12,7).
nocross(12,15).
nocross(12,18).
nocross(12,21).
nocross(12,22).
nocross(13,4).
nocross(13,10).
nocross(13,23).
nocross(13,24).
nocross(14,3).
nocross(14,8).
nocross(14,9).
nocross(14,11).
nocross(14,16).
nocross(14,17).
nocross(14,19).
nocross(14,20).
nocross(14,25).
nocross(15,2).
nocross(15,5).
nocross(15,6).
nocross(15,8).
nocross(15,9).
nocross(15,11).
nocross(15,12).
nocross(15,17).
nocross(15,20).
nocross(15,21).
nocross(15,25).
nocross(16,3).
nocross(16,8).
nocross(16,9).
nocross(16,11).
nocross(16,14).
nocross(16,17).
nocross(16,19).
nocross(16,20).
nocross(16,24).
nocross(16,25).
nocross(17,1).
nocross(17,3).
nocross(17,5).
nocross(17,8).
nocross(17,9).
nocross(17,11).
nocross(17,14).
nocross(17,15).
nocross(17,16).
nocross(17,19).
nocross(17,20).
nocross(17,24).
nocross(17,25).
nocross(18,1).
nocross(18,2).
nocross(18,4).
nocross(18,5).
nocross(18,7).
nocross(18,12).
nocross(18,22).
nocross(19,3).
nocross(19,9).
nocross(19,11).
nocross(19,14).
nocross(19,16).
nocross(19,17).
nocross(20,3).
nocross(20,8).
nocross(20,9).
nocross(20,11).
nocross(20,14).
nocross(20,15).
nocross(20,16).
nocross(20,17).
nocross(20,21).
nocross(20,25).
nocross(21,2).
nocross(21,5).
nocross(21,6).
nocross(21,8).
nocross(21,9).
nocross(21,12).
nocross(21,15).
nocross(21,17).
nocross(21,20).
nocross(21,25).
nocross(22,1).
nocross(22,2).
nocross(22,5).
nocross(22,7).
nocross(22,12).
nocross(22,18).
nocross(23,4).
nocross(23,10).
nocross(23,13).
nocross(23,24).
nocross(24,3).
nocross(24,4).
nocross(24,9).
nocross(24,10).
nocross(24,13).
nocross(24,16).
nocross(24,17).
nocross(24,23).
nocross(25,8).
nocross(25,9).
nocross(25,11).
nocross(25,14).
nocross(25,15).
nocross(25,16).
nocross(25,17).
nocross(25,20).
nocross(25,21).
