dimension(25).
point(1, 18.1791841084, 45.2959306006).
point(2, 66.8049530518, 29.7964430093).
point(3, 89.961810668, 90.9543117519).
point(4, 20.0487040239, 23.827483746).
point(5, 20.924666287, 96.6409351647).
point(6, 70.57582995, 28.4842609573).
point(7, 60.5924196094, 3.1526076063).
point(8, 82.5945542356, 16.9601462637).
point(9, 95.1345783585, 3.8564105062).
point(10, 9.868930214, 17.3655484675).
point(11, 23.4148574828, 47.0076772854).
point(12, 46.3375994613, 73.6540955207).
point(13, 31.3900873982, 55.5768347238).
point(14, 37.9412279797, 41.111947138).
point(15, 16.3568789508, 38.7349448556).
point(16, 28.9788802292, 90.6197118916).
point(17, 25.3710975485, 28.6815503408).
point(18, 85.6233706565, 79.343007314).
point(19, 55.3977521555, 74.5490855081).
point(20, 83.324063227, 87.3656876461).
point(21, 87.7184307752, 64.9396542842).
point(22, 76.508686634, 75.9716456853).
point(23, 17.4693763503, 14.0155463829).
point(24, 30.3433798861, 87.9809680742).
point(25, 14.1636419014, 56.4363275349).
cost(1, 2, 51).
cost(1, 3, 85).
cost(1, 4, 22).
cost(1, 5, 51).
cost(1, 6, 55).
cost(1, 7, 60).
cost(1, 8, 70).
cost(1, 9, 87).
cost(1, 10, 29).
cost(1, 11, 6).
cost(1, 12, 40).
cost(1, 13, 17).
cost(1, 14, 20).
cost(1, 15, 7).
cost(1, 16, 47).
cost(1, 17, 18).
cost(1, 18, 76).
cost(1, 19, 47).
cost(1, 20, 78).
cost(1, 21, 72).
cost(1, 22, 66).
cost(1, 23, 31).
cost(1, 24, 44).
cost(1, 25, 12).
cost(2, 1, 51).
cost(2, 3, 65).
cost(2, 4, 47).
cost(2, 5, 81).
cost(2, 6, 4).
cost(2, 7, 27).
cost(2, 8, 20).
cost(2, 9, 38).
cost(2, 10, 58).
cost(2, 11, 47).
cost(2, 12, 48).
cost(2, 13, 44).
cost(2, 14, 31).
cost(2, 15, 51).
cost(2, 16, 72).
cost(2, 17, 41).
cost(2, 18, 53).
cost(2, 19, 46).
cost(2, 20, 60).
cost(2, 21, 41).
cost(2, 22, 47).
cost(2, 23, 52).
cost(2, 24, 69).
cost(2, 25, 59).
cost(3, 1, 85).
cost(3, 2, 65).
cost(3, 4, 97).
cost(3, 5, 69).
cost(3, 6, 65).
cost(3, 7, 93).
cost(3, 8, 74).
cost(3, 9, 87).
cost(3, 10, 109).
cost(3, 11, 80).
cost(3, 12, 47).
cost(3, 13, 68).
cost(3, 14, 72).
cost(3, 15, 90).
cost(3, 16, 61).
cost(3, 17, 90).
cost(3, 18, 12).
cost(3, 19, 38).
cost(3, 20, 8).
cost(3, 21, 26).
cost(3, 22, 20).
cost(3, 23, 106).
cost(3, 24, 60).
cost(3, 25, 83).
cost(4, 1, 22).
cost(4, 2, 47).
cost(4, 3, 97).
cost(4, 5, 73).
cost(4, 6, 51).
cost(4, 7, 46).
cost(4, 8, 63).
cost(4, 9, 78).
cost(4, 10, 12).
cost(4, 11, 23).
cost(4, 12, 56).
cost(4, 13, 34).
cost(4, 14, 25).
cost(4, 15, 15).
cost(4, 16, 67).
cost(4, 17, 7).
cost(4, 18, 86).
cost(4, 19, 62).
cost(4, 20, 90).
cost(4, 21, 79).
cost(4, 22, 77).
cost(4, 23, 10).
cost(4, 24, 65).
cost(4, 25, 33).
cost(5, 1, 51).
cost(5, 2, 81).
cost(5, 3, 69).
cost(5, 4, 73).
cost(5, 6, 84).
cost(5, 7, 102).
cost(5, 8, 101).
cost(5, 9, 119).
cost(5, 10, 80).
cost(5, 11, 50).
cost(5, 12, 34).
cost(5, 13, 42).
cost(5, 14, 58).
cost(5, 15, 58).
cost(5, 16, 10).
cost(5, 17, 68).
cost(5, 18, 67).
cost(5, 19, 41).
cost(5, 20, 63).
cost(5, 21, 74).
cost(5, 22, 59).
cost(5, 23, 83).
cost(5, 24, 13).
cost(5, 25, 41).
cost(6, 1, 55).
cost(6, 2, 4).
cost(6, 3, 65).
cost(6, 4, 51).
cost(6, 5, 84).
cost(6, 7, 27).
cost(6, 8, 17).
cost(6, 9, 35).
cost(6, 10, 62).
cost(6, 11, 51).
cost(6, 12, 51).
cost(6, 13, 48).
cost(6, 14, 35).
cost(6, 15, 55).
cost(6, 16, 75).
cost(6, 17, 45).
cost(6, 18, 53).
cost(6, 19, 49).
cost(6, 20, 60).
cost(6, 21, 40).
cost(6, 22, 48).
cost(6, 23, 55).
cost(6, 24, 72).
cost(6, 25, 63).
cost(7, 1, 60).
cost(7, 2, 27).
cost(7, 3, 93).
cost(7, 4, 46).
cost(7, 5, 102).
cost(7, 6, 27).
cost(7, 8, 26).
cost(7, 9, 35).
cost(7, 10, 53).
cost(7, 11, 57).
cost(7, 12, 72).
cost(7, 13, 60).
cost(7, 14, 44).
cost(7, 15, 57).
cost(7, 16, 93).
cost(7, 17, 44).
cost(7, 18, 80).
cost(7, 19, 72).
cost(7, 20, 87).
cost(7, 21, 67).
cost(7, 22, 75).
cost(7, 23, 44).
cost(7, 24, 90).
cost(7, 25, 71).
cost(8, 1, 70).
cost(8, 2, 20).
cost(8, 3, 74).
cost(8, 4, 63).
cost(8, 5, 101).
cost(8, 6, 17).
cost(8, 7, 26).
cost(8, 9, 18).
cost(8, 10, 73).
cost(8, 11, 66).
cost(8, 12, 67).
cost(8, 13, 64).
cost(8, 14, 51).
cost(8, 15, 70).
cost(8, 16, 91).
cost(8, 17, 58).
cost(8, 18, 62).
cost(8, 19, 64).
cost(8, 20, 70).
cost(8, 21, 48).
cost(8, 22, 59).
cost(8, 23, 65).
cost(8, 24, 88).
cost(8, 25, 79).
cost(9, 1, 87).
cost(9, 2, 38).
cost(9, 3, 87).
cost(9, 4, 78).
cost(9, 5, 119).
cost(9, 6, 35).
cost(9, 7, 35).
cost(9, 8, 18).
cost(9, 10, 86).
cost(9, 11, 84).
cost(9, 12, 85).
cost(9, 13, 82).
cost(9, 14, 68).
cost(9, 15, 86).
cost(9, 16, 109).
cost(9, 17, 74).
cost(9, 18, 76).
cost(9, 19, 81).
cost(9, 20, 84).
cost(9, 21, 62).
cost(9, 22, 74).
cost(9, 23, 78).
cost(9, 24, 106).
cost(9, 25, 97).
cost(10, 1, 29).
cost(10, 2, 58).
cost(10, 3, 109).
cost(10, 4, 12).
cost(10, 5, 80).
cost(10, 6, 62).
cost(10, 7, 53).
cost(10, 8, 73).
cost(10, 9, 86).
cost(10, 11, 33).
cost(10, 12, 67).
cost(10, 13, 44).
cost(10, 14, 37).
cost(10, 15, 22).
cost(10, 16, 76).
cost(10, 17, 19).
cost(10, 18, 98).
cost(10, 19, 73).
cost(10, 20, 101).
cost(10, 21, 91).
cost(10, 22, 89).
cost(10, 23, 8).
cost(10, 24, 74).
cost(10, 25, 39).
cost(11, 1, 6).
cost(11, 2, 47).
cost(11, 3, 80).
cost(11, 4, 23).
cost(11, 5, 50).
cost(11, 6, 51).
cost(11, 7, 57).
cost(11, 8, 66).
cost(11, 9, 84).
cost(11, 10, 33).
cost(11, 12, 35).
cost(11, 13, 12).
cost(11, 14, 16).
cost(11, 15, 11).
cost(11, 16, 44).
cost(11, 17, 18).
cost(11, 18, 70).
cost(11, 19, 42).
cost(11, 20, 72).
cost(11, 21, 67).
cost(11, 22, 60).
cost(11, 23, 34).
cost(11, 24, 42).
cost(11, 25, 13).
cost(12, 1, 40).
cost(12, 2, 48).
cost(12, 3, 47).
cost(12, 4, 56).
cost(12, 5, 34).
cost(12, 6, 51).
cost(12, 7, 72).
cost(12, 8, 67).
cost(12, 9, 85).
cost(12, 10, 67).
cost(12, 11, 35).
cost(12, 13, 23).
cost(12, 14, 34).
cost(12, 15, 46).
cost(12, 16, 24).
cost(12, 17, 50).
cost(12, 18, 40).
cost(12, 19, 9).
cost(12, 20, 39).
cost(12, 21, 42).
cost(12, 22, 30).
cost(12, 23, 66).
cost(12, 24, 21).
cost(12, 25, 36).
cost(13, 1, 17).
cost(13, 2, 44).
cost(13, 3, 68).
cost(13, 4, 34).
cost(13, 5, 42).
cost(13, 6, 48).
cost(13, 7, 60).
cost(13, 8, 64).
cost(13, 9, 82).
cost(13, 10, 44).
cost(13, 11, 12).
cost(13, 12, 23).
cost(13, 14, 16).
cost(13, 15, 23).
cost(13, 16, 35).
cost(13, 17, 28).
cost(13, 18, 59).
cost(13, 19, 31).
cost(13, 20, 61).
cost(13, 21, 57).
cost(13, 22, 50).
cost(13, 23, 44).
cost(13, 24, 32).
cost(13, 25, 17).
cost(14, 1, 20).
cost(14, 2, 31).
cost(14, 3, 72).
cost(14, 4, 25).
cost(14, 5, 58).
cost(14, 6, 35).
cost(14, 7, 44).
cost(14, 8, 51).
cost(14, 9, 68).
cost(14, 10, 37).
cost(14, 11, 16).
cost(14, 12, 34).
cost(14, 13, 16).
cost(14, 15, 22).
cost(14, 16, 50).
cost(14, 17, 18).
cost(14, 18, 61).
cost(14, 19, 38).
cost(14, 20, 65).
cost(14, 21, 55).
cost(14, 22, 52).
cost(14, 23, 34).
cost(14, 24, 47).
cost(14, 25, 28).
cost(15, 1, 7).
cost(15, 2, 51).
cost(15, 3, 90).
cost(15, 4, 15).
cost(15, 5, 58).
cost(15, 6, 55).
cost(15, 7, 57).
cost(15, 8, 70).
cost(15, 9, 86).
cost(15, 10, 22).
cost(15, 11, 11).
cost(15, 12, 46).
cost(15, 13, 23).
cost(15, 14, 22).
cost(15, 16, 53).
cost(15, 17, 14).
cost(15, 18, 80).
cost(15, 19, 53).
cost(15, 20, 83).
cost(15, 21, 76).
cost(15, 22, 71).
cost(15, 23, 25).
cost(15, 24, 51).
cost(15, 25, 18).
cost(16, 1, 47).
cost(16, 2, 72).
cost(16, 3, 61).
cost(16, 4, 67).
cost(16, 5, 10).
cost(16, 6, 75).
cost(16, 7, 93).
cost(16, 8, 91).
cost(16, 9, 109).
cost(16, 10, 76).
cost(16, 11, 44).
cost(16, 12, 24).
cost(16, 13, 35).
cost(16, 14, 50).
cost(16, 15, 53).
cost(16, 17, 62).
cost(16, 18, 58).
cost(16, 19, 31).
cost(16, 20, 54).
cost(16, 21, 64).
cost(16, 22, 50).
cost(16, 23, 77).
cost(16, 24, 3).
cost(16, 25, 37).
cost(17, 1, 18).
cost(17, 2, 41).
cost(17, 3, 90).
cost(17, 4, 7).
cost(17, 5, 68).
cost(17, 6, 45).
cost(17, 7, 44).
cost(17, 8, 58).
cost(17, 9, 74).
cost(17, 10, 19).
cost(17, 11, 18).
cost(17, 12, 50).
cost(17, 13, 28).
cost(17, 14, 18).
cost(17, 15, 14).
cost(17, 16, 62).
cost(17, 18, 79).
cost(17, 19, 55).
cost(17, 20, 82).
cost(17, 21, 72).
cost(17, 22, 70).
cost(17, 23, 17).
cost(17, 24, 60).
cost(17, 25, 30).
cost(18, 1, 76).
cost(18, 2, 53).
cost(18, 3, 12).
cost(18, 4, 86).
cost(18, 5, 67).
cost(18, 6, 53).
cost(18, 7, 80).
cost(18, 8, 62).
cost(18, 9, 76).
cost(18, 10, 98).
cost(18, 11, 70).
cost(18, 12, 40).
cost(18, 13, 59).
cost(18, 14, 61).
cost(18, 15, 80).
cost(18, 16, 58).
cost(18, 17, 79).
cost(18, 19, 31).
cost(18, 20, 8).
cost(18, 21, 15).
cost(18, 22, 10).
cost(18, 23, 94).
cost(18, 24, 56).
cost(18, 25, 75).
cost(19, 1, 47).
cost(19, 2, 46).
cost(19, 3, 38).
cost(19, 4, 62).
cost(19, 5, 41).
cost(19, 6, 49).
cost(19, 7, 72).
cost(19, 8, 64).
cost(19, 9, 81).
cost(19, 10, 73).
cost(19, 11, 42).
cost(19, 12, 9).
cost(19, 13, 31).
cost(19, 14, 38).
cost(19, 15, 53).
cost(19, 16, 31).
cost(19, 17, 55).
cost(19, 18, 31).
cost(19, 20, 31).
cost(19, 21, 34).
cost(19, 22, 21).
cost(19, 23, 71).
cost(19, 24, 28).
cost(19, 25, 45).
cost(20, 1, 78).
cost(20, 2, 60).
cost(20, 3, 8).
cost(20, 4, 90).
cost(20, 5, 63).
cost(20, 6, 60).
cost(20, 7, 87).
cost(20, 8, 70).
cost(20, 9, 84).
cost(20, 10, 101).
cost(20, 11, 72).
cost(20, 12, 39).
cost(20, 13, 61).
cost(20, 14, 65).
cost(20, 15, 83).
cost(20, 16, 54).
cost(20, 17, 82).
cost(20, 18, 8).
cost(20, 19, 31).
cost(20, 21, 23).
cost(20, 22, 13).
cost(20, 23, 99).
cost(20, 24, 53).
cost(20, 25, 76).
cost(21, 1, 72).
cost(21, 2, 41).
cost(21, 3, 26).
cost(21, 4, 79).
cost(21, 5, 74).
cost(21, 6, 40).
cost(21, 7, 67).
cost(21, 8, 48).
cost(21, 9, 62).
cost(21, 10, 91).
cost(21, 11, 67).
cost(21, 12, 42).
cost(21, 13, 57).
cost(21, 14, 55).
cost(21, 15, 76).
cost(21, 16, 64).
cost(21, 17, 72).
cost(21, 18, 15).
cost(21, 19, 34).
cost(21, 20, 23).
cost(21, 22, 16).
cost(21, 23, 87).
cost(21, 24, 62).
cost(21, 25, 74).
cost(22, 1, 66).
cost(22, 2, 47).
cost(22, 3, 20).
cost(22, 4, 77).
cost(22, 5, 59).
cost(22, 6, 48).
cost(22, 7, 75).
cost(22, 8, 59).
cost(22, 9, 74).
cost(22, 10, 89).
cost(22, 11, 60).
cost(22, 12, 30).
cost(22, 13, 50).
cost(22, 14, 52).
cost(22, 15, 71).
cost(22, 16, 50).
cost(22, 17, 70).
cost(22, 18, 10).
cost(22, 19, 21).
cost(22, 20, 13).
cost(22, 21, 16).
cost(22, 23, 86).
cost(22, 24, 48).
cost(22, 25, 65).
cost(23, 1, 31).
cost(23, 2, 52).
cost(23, 3, 106).
cost(23, 4, 10).
cost(23, 5, 83).
cost(23, 6, 55).
cost(23, 7, 44).
cost(23, 8, 65).
cost(23, 9, 78).
cost(23, 10, 8).
cost(23, 11, 34).
cost(23, 12, 66).
cost(23, 13, 44).
cost(23, 14, 34).
cost(23, 15, 25).
cost(23, 16, 77).
cost(23, 17, 17).
cost(23, 18, 94).
cost(23, 19, 71).
cost(23, 20, 99).
cost(23, 21, 87).
cost(23, 22, 86).
cost(23, 24, 75).
cost(23, 25, 43).
cost(24, 1, 44).
cost(24, 2, 69).
cost(24, 3, 60).
cost(24, 4, 65).
cost(24, 5, 13).
cost(24, 6, 72).
cost(24, 7, 90).
cost(24, 8, 88).
cost(24, 9, 106).
cost(24, 10, 74).
cost(24, 11, 42).
cost(24, 12, 21).
cost(24, 13, 32).
cost(24, 14, 47).
cost(24, 15, 51).
cost(24, 16, 3).
cost(24, 17, 60).
cost(24, 18, 56).
cost(24, 19, 28).
cost(24, 20, 53).
cost(24, 21, 62).
cost(24, 22, 48).
cost(24, 23, 75).
cost(24, 25, 35).
cost(25, 1, 12).
cost(25, 2, 59).
cost(25, 3, 83).
cost(25, 4, 33).
cost(25, 5, 41).
cost(25, 6, 63).
cost(25, 7, 71).
cost(25, 8, 79).
cost(25, 9, 97).
cost(25, 10, 39).
cost(25, 11, 13).
cost(25, 12, 36).
cost(25, 13, 17).
cost(25, 14, 28).
cost(25, 15, 18).
cost(25, 16, 37).
cost(25, 17, 30).
cost(25, 18, 75).
cost(25, 19, 45).
cost(25, 20, 76).
cost(25, 21, 74).
cost(25, 22, 65).
cost(25, 23, 43).
cost(25, 24, 35).
nocross(1,4).
nocross(1,10).
nocross(1,11).
nocross(1,12).
nocross(1,13).
nocross(1,14).
nocross(1,15).
nocross(1,16).
nocross(1,17).
nocross(1,23).
nocross(1,24).
nocross(1,25).
nocross(2,4).
nocross(2,6).
nocross(2,7).
nocross(2,8).
nocross(2,9).
nocross(2,14).
nocross(2,17).
nocross(2,19).
nocross(2,21).
nocross(2,22).
nocross(3,12).
nocross(3,18).
nocross(3,19).
nocross(3,20).
nocross(3,21).
nocross(3,22).
nocross(4,1).
nocross(4,7).
nocross(4,10).
nocross(4,11).
nocross(4,13).
nocross(4,14).
nocross(4,15).
nocross(4,17).
nocross(4,23).
nocross(4,25).
nocross(5,1).
nocross(5,11).
nocross(5,12).
nocross(5,13).
nocross(5,16).
nocross(5,19).
nocross(5,24).
nocross(5,25).
nocross(6,2).
nocross(6,7).
nocross(6,8).
nocross(6,9).
nocross(6,14).
nocross(6,18).
nocross(6,19).
nocross(6,21).
nocross(6,22).
nocross(7,2).
nocross(7,4).
nocross(7,6).
nocross(7,8).
nocross(7,9).
nocross(7,10).
nocross(7,14).
nocross(7,17).
nocross(7,23).
nocross(8,2).
nocross(8,6).
nocross(8,7).
nocross(8,9).
nocross(8,21).
nocross(9,2).
nocross(9,6).
nocross(9,7).
nocross(9,8).
nocross(9,21).
nocross(10,1).
nocross(10,4).
nocross(10,11).
nocross(10,14).
nocross(10,15).
nocross(10,17).
nocross(10,23).
nocross(10,25).
nocross(11,1).
nocross(11,4).
nocross(11,10).
nocross(11,12).
nocross(11,13).
nocross(11,14).
nocross(11,15).
nocross(11,16).
nocross(11,17).
nocross(11,23).
nocross(11,24).
nocross(11,25).
nocross(12,3).
nocross(12,5).
nocross(12,11).
nocross(12,13).
nocross(12,14).
nocross(12,16).
nocross(12,18).
nocross(12,19).
nocross(12,20).
nocross(12,22).
nocross(12,24).
nocross(12,25).
nocross(13,1).
nocross(13,2).
nocross(13,4).
nocross(13,5).
nocross(13,11).
nocross(13,12).
nocross(13,14).
nocross(13,15).
nocross(13,16).
nocross(13,17).
nocross(13,19).
nocross(13,23).
nocross(13,24).
nocross(13,25).
nocross(14,1).
nocross(14,2).
nocross(14,4).
nocross(14,6).
nocross(14,7).
nocross(14,10).
nocross(14,11).
nocross(14,12).
nocross(14,13).
nocross(14,15).
nocross(14,17).
nocross(14,19).
nocross(14,23).
nocross(15,1).
nocross(15,4).
nocross(15,10).
nocross(15,11).
nocross(15,13).
nocross(15,14).
nocross(15,17).
nocross(15,23).
nocross(15,25).
nocross(16,1).
nocross(16,5).
nocross(16,11).
nocross(16,12).
nocross(16,13).
nocross(16,19).
nocross(16,24).
nocross(16,25).
nocross(17,1).
nocross(17,2).
nocross(17,4).
nocross(17,7).
nocross(17,10).
nocross(17,11).
nocross(17,13).
nocross(17,14).
nocross(17,15).
nocross(17,23).
nocross(17,25).
nocross(18,3).
nocross(18,12).
nocross(18,19).
nocross(18,20).
nocross(18,21).
nocross(18,22).
nocross(19,2).
nocross(19,3).
nocross(19,5).
nocross(19,11).
nocross(19,12).
nocross(19,13).
nocross(19,14).
nocross(19,16).
nocross(19,18).
nocross(19,20).
nocross(19,21).
nocross(19,22).
nocross(19,24).
nocross(20,3).
nocross(20,12).
nocross(20,18).
nocross(20,19).
nocross(20,21).
nocross(20,22).
nocross(21,2).
nocross(21,3).
nocross(21,6).
nocross(21,8).
nocross(21,9).
nocross(21,18).
nocross(21,19).
nocross(21,20).
nocross(21,22).
nocross(22,3).
nocross(22,12).
nocross(22,18).
nocross(22,19).
nocross(22,20).
nocross(22,21).
nocross(23,1).
nocross(23,4).
nocross(23,7).
nocross(23,10).
nocross(23,11).
nocross(23,14).
nocross(23,15).
nocross(23,17).
nocross(23,25).
nocross(24,1).
nocross(24,5).
nocross(24,11).
nocross(24,12).
nocross(24,13).
nocross(24,16).
nocross(24,19).
nocross(24,25).
nocross(25,1).
nocross(25,4).
nocross(25,5).
nocross(25,10).
nocross(25,11).
nocross(25,12).
nocross(25,13).
nocross(25,14).
nocross(25,15).
nocross(25,16).
nocross(25,17).
nocross(25,24).
