dimension(32).
point(1, 60.499088345, 50.5141305213).
point(2, 28.6760863599, 8.6151109875).
point(3, 96.1587265096, 59.8597963027).
point(4, 63.3799226697, 60.2883479472).
point(5, 37.8638973323, 10.5352915829).
point(6, 99.2305759628, 62.9497867934).
point(7, 74.3392894137, 32.625784497).
point(8, 12.9021370412, 86.7638318733).
point(9, 81.9063178873, 87.6870647734).
point(10, 76.0505110827, 44.5032465735).
point(11, 7.0546731824, 95.3405495978).
point(12, 53.9172007139, 17.0616570799).
point(13, 54.4617666291, 36.0093131051).
point(14, 68.1270745713, 41.7109881765).
point(15, 75.91109529, 34.5348668754).
point(16, 89.2664698717, 73.5763883353).
point(17, 48.4376600033, 71.2568707602).
point(18, 71.7910803608, 3.9556123055).
point(19, 8.4476589685, 72.4797755356).
point(20, 82.0824524721, 69.2112569088).
point(21, 87.7345086781, 76.5091254393).
point(22, 89.0259700905, 88.3970879768).
point(23, 38.3404374975, 18.2137576822).
point(24, 4.2876236831, 91.6208337234).
point(25, 57.1155061797, 60.2916779472).
point(26, 80.8882849687, 74.4465416347).
point(27, 5.3801385048, 83.7311057032).
point(28, 28.2997028557, 16.4566878719).
point(29, 81.8346264766, 35.4957140348).
point(30, 51.5289591238, 77.0857356575).
point(31, 49.7853505399, 50.4760135267).
point(32, 17.4040182115, 76.4259853219).
cost(1, 2, 53).
cost(1, 3, 37).
cost(1, 4, 10).
cost(1, 5, 46).
cost(1, 6, 41).
cost(1, 7, 23).
cost(1, 8, 60).
cost(1, 9, 43).
cost(1, 10, 17).
cost(1, 11, 70).
cost(1, 12, 34).
cost(1, 13, 16).
cost(1, 14, 12).
cost(1, 15, 22).
cost(1, 16, 37).
cost(1, 17, 24).
cost(1, 18, 48).
cost(1, 19, 56).
cost(1, 20, 29).
cost(1, 21, 38).
cost(1, 22, 47).
cost(1, 23, 39).
cost(1, 24, 70).
cost(1, 25, 10).
cost(1, 26, 31).
cost(1, 27, 64).
cost(1, 28, 47).
cost(1, 29, 26).
cost(1, 30, 28).
cost(1, 31, 11).
cost(1, 32, 50).
cost(2, 1, 53).
cost(2, 3, 85).
cost(2, 4, 62).
cost(2, 5, 9).
cost(2, 6, 89).
cost(2, 7, 52).
cost(2, 8, 80).
cost(2, 9, 95).
cost(2, 10, 59).
cost(2, 11, 89).
cost(2, 12, 27).
cost(2, 13, 38).
cost(2, 14, 51).
cost(2, 15, 54).
cost(2, 16, 89).
cost(2, 17, 66).
cost(2, 18, 43).
cost(2, 19, 67).
cost(2, 20, 81).
cost(2, 21, 90).
cost(2, 22, 100).
cost(2, 23, 14).
cost(2, 24, 87).
cost(2, 25, 59).
cost(2, 26, 84).
cost(2, 27, 79).
cost(2, 28, 8).
cost(2, 29, 60).
cost(2, 30, 72).
cost(2, 31, 47).
cost(2, 32, 69).
cost(3, 1, 37).
cost(3, 2, 85).
cost(3, 4, 33).
cost(3, 5, 76).
cost(3, 6, 4).
cost(3, 7, 35).
cost(3, 8, 87).
cost(3, 9, 31).
cost(3, 10, 25).
cost(3, 11, 96).
cost(3, 12, 60).
cost(3, 13, 48).
cost(3, 14, 33).
cost(3, 15, 32).
cost(3, 16, 15).
cost(3, 17, 49).
cost(3, 18, 61).
cost(3, 19, 89).
cost(3, 20, 17).
cost(3, 21, 19).
cost(3, 22, 29).
cost(3, 23, 71).
cost(3, 24, 97).
cost(3, 25, 39).
cost(3, 26, 21).
cost(3, 27, 94).
cost(3, 28, 81).
cost(3, 29, 28).
cost(3, 30, 48).
cost(3, 31, 47).
cost(3, 32, 80).
cost(4, 1, 10).
cost(4, 2, 62).
cost(4, 3, 33).
cost(4, 5, 56).
cost(4, 6, 36).
cost(4, 7, 30).
cost(4, 8, 57).
cost(4, 9, 33).
cost(4, 10, 20).
cost(4, 11, 66).
cost(4, 12, 44).
cost(4, 13, 26).
cost(4, 14, 19).
cost(4, 15, 29).
cost(4, 16, 29).
cost(4, 17, 19).
cost(4, 18, 57).
cost(4, 19, 56).
cost(4, 20, 21).
cost(4, 21, 29).
cost(4, 22, 38).
cost(4, 23, 49).
cost(4, 24, 67).
cost(4, 25, 6).
cost(4, 26, 23).
cost(4, 27, 63).
cost(4, 28, 56).
cost(4, 29, 31).
cost(4, 30, 21).
cost(4, 31, 17).
cost(4, 32, 49).
cost(5, 1, 46).
cost(5, 2, 9).
cost(5, 3, 76).
cost(5, 4, 56).
cost(5, 6, 81).
cost(5, 7, 43).
cost(5, 8, 80).
cost(5, 9, 89).
cost(5, 10, 51).
cost(5, 11, 90).
cost(5, 12, 17).
cost(5, 13, 30).
cost(5, 14, 43).
cost(5, 15, 45).
cost(5, 16, 81).
cost(5, 17, 62).
cost(5, 18, 35).
cost(5, 19, 69).
cost(5, 20, 73).
cost(5, 21, 83).
cost(5, 22, 93).
cost(5, 23, 8).
cost(5, 24, 88).
cost(5, 25, 53).
cost(5, 26, 77).
cost(5, 27, 80).
cost(5, 28, 11).
cost(5, 29, 51).
cost(5, 30, 68).
cost(5, 31, 42).
cost(5, 32, 69).
cost(6, 1, 41).
cost(6, 2, 89).
cost(6, 3, 4).
cost(6, 4, 36).
cost(6, 5, 81).
cost(6, 7, 39).
cost(6, 8, 90).
cost(6, 9, 30).
cost(6, 10, 30).
cost(6, 11, 98).
cost(6, 12, 64).
cost(6, 13, 52).
cost(6, 14, 38).
cost(6, 15, 37).
cost(6, 16, 15).
cost(6, 17, 51).
cost(6, 18, 65).
cost(6, 19, 91).
cost(6, 20, 18).
cost(6, 21, 18).
cost(6, 22, 27).
cost(6, 23, 76).
cost(6, 24, 99).
cost(6, 25, 42).
cost(6, 26, 22).
cost(6, 27, 96).
cost(6, 28, 85).
cost(6, 29, 33).
cost(6, 30, 50).
cost(6, 31, 51).
cost(6, 32, 83).
cost(7, 1, 23).
cost(7, 2, 52).
cost(7, 3, 35).
cost(7, 4, 30).
cost(7, 5, 43).
cost(7, 6, 39).
cost(7, 8, 82).
cost(7, 9, 56).
cost(7, 10, 12).
cost(7, 11, 92).
cost(7, 12, 26).
cost(7, 13, 20).
cost(7, 14, 11).
cost(7, 15, 2).
cost(7, 16, 44).
cost(7, 17, 47).
cost(7, 18, 29).
cost(7, 19, 77).
cost(7, 20, 37).
cost(7, 21, 46).
cost(7, 22, 58).
cost(7, 23, 39).
cost(7, 24, 92).
cost(7, 25, 33).
cost(7, 26, 42).
cost(7, 27, 86).
cost(7, 28, 49).
cost(7, 29, 8).
cost(7, 30, 50).
cost(7, 31, 30).
cost(7, 32, 72).
cost(8, 1, 60).
cost(8, 2, 80).
cost(8, 3, 87).
cost(8, 4, 57).
cost(8, 5, 80).
cost(8, 6, 90).
cost(8, 7, 82).
cost(8, 9, 69).
cost(8, 10, 76).
cost(8, 11, 10).
cost(8, 12, 81).
cost(8, 13, 66).
cost(8, 14, 71).
cost(8, 15, 82).
cost(8, 16, 77).
cost(8, 17, 39).
cost(8, 18, 102).
cost(8, 19, 15).
cost(8, 20, 71).
cost(8, 21, 76).
cost(8, 22, 76).
cost(8, 23, 73).
cost(8, 24, 10).
cost(8, 25, 52).
cost(8, 26, 69).
cost(8, 27, 8).
cost(8, 28, 72).
cost(8, 29, 86).
cost(8, 30, 40).
cost(8, 31, 52).
cost(8, 32, 11).
cost(9, 1, 43).
cost(9, 2, 95).
cost(9, 3, 31).
cost(9, 4, 33).
cost(9, 5, 89).
cost(9, 6, 30).
cost(9, 7, 56).
cost(9, 8, 69).
cost(9, 10, 44).
cost(9, 11, 75).
cost(9, 12, 76).
cost(9, 13, 59).
cost(9, 14, 48).
cost(9, 15, 53).
cost(9, 16, 16).
cost(9, 17, 37).
cost(9, 18, 84).
cost(9, 19, 75).
cost(9, 20, 18).
cost(9, 21, 13).
cost(9, 22, 7).
cost(9, 23, 82).
cost(9, 24, 78).
cost(9, 25, 37).
cost(9, 26, 13).
cost(9, 27, 77).
cost(9, 28, 89).
cost(9, 29, 52).
cost(9, 30, 32).
cost(9, 31, 49).
cost(9, 32, 65).
cost(10, 1, 17).
cost(10, 2, 59).
cost(10, 3, 25).
cost(10, 4, 20).
cost(10, 5, 51).
cost(10, 6, 30).
cost(10, 7, 12).
cost(10, 8, 76).
cost(10, 9, 44).
cost(10, 11, 86).
cost(10, 12, 35).
cost(10, 13, 23).
cost(10, 14, 8).
cost(10, 15, 10).
cost(10, 16, 32).
cost(10, 17, 38).
cost(10, 18, 41).
cost(10, 19, 73).
cost(10, 20, 25).
cost(10, 21, 34).
cost(10, 22, 46).
cost(10, 23, 46).
cost(10, 24, 86).
cost(10, 25, 25).
cost(10, 26, 30).
cost(10, 27, 81).
cost(10, 28, 55).
cost(10, 29, 11).
cost(10, 30, 41).
cost(10, 31, 27).
cost(10, 32, 67).
cost(11, 1, 70).
cost(11, 2, 89).
cost(11, 3, 96).
cost(11, 4, 66).
cost(11, 5, 90).
cost(11, 6, 98).
cost(11, 7, 92).
cost(11, 8, 10).
cost(11, 9, 75).
cost(11, 10, 86).
cost(11, 12, 91).
cost(11, 13, 76).
cost(11, 14, 81).
cost(11, 15, 92).
cost(11, 16, 85).
cost(11, 17, 48).
cost(11, 18, 112).
cost(11, 19, 23).
cost(11, 20, 79).
cost(11, 21, 83).
cost(11, 22, 82).
cost(11, 23, 83).
cost(11, 24, 5).
cost(11, 25, 61).
cost(11, 26, 77).
cost(11, 27, 12).
cost(11, 28, 82).
cost(11, 29, 96).
cost(11, 30, 48).
cost(11, 31, 62).
cost(11, 32, 22).
cost(12, 1, 34).
cost(12, 2, 27).
cost(12, 3, 60).
cost(12, 4, 44).
cost(12, 5, 17).
cost(12, 6, 64).
cost(12, 7, 26).
cost(12, 8, 81).
cost(12, 9, 76).
cost(12, 10, 35).
cost(12, 11, 91).
cost(12, 13, 19).
cost(12, 14, 28).
cost(12, 15, 28).
cost(12, 16, 67).
cost(12, 17, 54).
cost(12, 18, 22).
cost(12, 19, 72).
cost(12, 20, 59).
cost(12, 21, 68).
cost(12, 22, 80).
cost(12, 23, 16).
cost(12, 24, 90).
cost(12, 25, 43).
cost(12, 26, 63).
cost(12, 27, 82).
cost(12, 28, 26).
cost(12, 29, 33).
cost(12, 30, 60).
cost(12, 31, 34).
cost(12, 32, 70).
cost(13, 1, 16).
cost(13, 2, 38).
cost(13, 3, 48).
cost(13, 4, 26).
cost(13, 5, 30).
cost(13, 6, 52).
cost(13, 7, 20).
cost(13, 8, 66).
cost(13, 9, 59).
cost(13, 10, 23).
cost(13, 11, 76).
cost(13, 12, 19).
cost(13, 14, 15).
cost(13, 15, 21).
cost(13, 16, 51).
cost(13, 17, 36).
cost(13, 18, 36).
cost(13, 19, 59).
cost(13, 20, 43).
cost(13, 21, 52).
cost(13, 22, 63).
cost(13, 23, 24).
cost(13, 24, 75).
cost(13, 25, 24).
cost(13, 26, 47).
cost(13, 27, 68).
cost(13, 28, 33).
cost(13, 29, 27).
cost(13, 30, 41).
cost(13, 31, 15).
cost(13, 32, 55).
cost(14, 1, 12).
cost(14, 2, 51).
cost(14, 3, 33).
cost(14, 4, 19).
cost(14, 5, 43).
cost(14, 6, 38).
cost(14, 7, 11).
cost(14, 8, 71).
cost(14, 9, 48).
cost(14, 10, 8).
cost(14, 11, 81).
cost(14, 12, 28).
cost(14, 13, 15).
cost(14, 15, 11).
cost(14, 16, 38).
cost(14, 17, 36).
cost(14, 18, 38).
cost(14, 19, 67).
cost(14, 20, 31).
cost(14, 21, 40).
cost(14, 22, 51).
cost(14, 23, 38).
cost(14, 24, 81).
cost(14, 25, 22).
cost(14, 26, 35).
cost(14, 27, 76).
cost(14, 28, 47).
cost(14, 29, 15).
cost(14, 30, 39).
cost(14, 31, 20).
cost(14, 32, 61).
cost(15, 1, 22).
cost(15, 2, 54).
cost(15, 3, 32).
cost(15, 4, 29).
cost(15, 5, 45).
cost(15, 6, 37).
cost(15, 7, 2).
cost(15, 8, 82).
cost(15, 9, 53).
cost(15, 10, 10).
cost(15, 11, 92).
cost(15, 12, 28).
cost(15, 13, 21).
cost(15, 14, 11).
cost(15, 16, 41).
cost(15, 17, 46).
cost(15, 18, 31).
cost(15, 19, 77).
cost(15, 20, 35).
cost(15, 21, 44).
cost(15, 22, 55).
cost(15, 23, 41).
cost(15, 24, 92).
cost(15, 25, 32).
cost(15, 26, 40).
cost(15, 27, 86).
cost(15, 28, 51).
cost(15, 29, 6).
cost(15, 30, 49).
cost(15, 31, 31).
cost(15, 32, 72).
cost(16, 1, 37).
cost(16, 2, 89).
cost(16, 3, 15).
cost(16, 4, 29).
cost(16, 5, 81).
cost(16, 6, 15).
cost(16, 7, 44).
cost(16, 8, 77).
cost(16, 9, 16).
cost(16, 10, 32).
cost(16, 11, 85).
cost(16, 12, 67).
cost(16, 13, 51).
cost(16, 14, 38).
cost(16, 15, 41).
cost(16, 17, 41).
cost(16, 18, 72).
cost(16, 19, 81).
cost(16, 20, 8).
cost(16, 21, 3).
cost(16, 22, 15).
cost(16, 23, 75).
cost(16, 24, 87).
cost(16, 25, 35).
cost(16, 26, 8).
cost(16, 27, 84).
cost(16, 28, 84).
cost(16, 29, 39).
cost(16, 30, 38).
cost(16, 31, 46).
cost(16, 32, 72).
cost(17, 1, 24).
cost(17, 2, 66).
cost(17, 3, 49).
cost(17, 4, 19).
cost(17, 5, 62).
cost(17, 6, 51).
cost(17, 7, 47).
cost(17, 8, 39).
cost(17, 9, 37).
cost(17, 10, 38).
cost(17, 11, 48).
cost(17, 12, 54).
cost(17, 13, 36).
cost(17, 14, 36).
cost(17, 15, 46).
cost(17, 16, 41).
cost(17, 18, 71).
cost(17, 19, 40).
cost(17, 20, 34).
cost(17, 21, 40).
cost(17, 22, 44).
cost(17, 23, 54).
cost(17, 24, 49).
cost(17, 25, 14).
cost(17, 26, 33).
cost(17, 27, 45).
cost(17, 28, 58).
cost(17, 29, 49).
cost(17, 30, 7).
cost(17, 31, 21).
cost(17, 32, 31).
cost(18, 1, 48).
cost(18, 2, 43).
cost(18, 3, 61).
cost(18, 4, 57).
cost(18, 5, 35).
cost(18, 6, 65).
cost(18, 7, 29).
cost(18, 8, 102).
cost(18, 9, 84).
cost(18, 10, 41).
cost(18, 11, 112).
cost(18, 12, 22).
cost(18, 13, 36).
cost(18, 14, 38).
cost(18, 15, 31).
cost(18, 16, 72).
cost(18, 17, 71).
cost(18, 19, 93).
cost(18, 20, 66).
cost(18, 21, 74).
cost(18, 22, 86).
cost(18, 23, 36).
cost(18, 24, 111).
cost(18, 25, 58).
cost(18, 26, 71).
cost(18, 27, 104).
cost(18, 28, 45).
cost(18, 29, 33).
cost(18, 30, 76).
cost(18, 31, 51).
cost(18, 32, 91).
cost(19, 1, 56).
cost(19, 2, 67).
cost(19, 3, 89).
cost(19, 4, 56).
cost(19, 5, 69).
cost(19, 6, 91).
cost(19, 7, 77).
cost(19, 8, 15).
cost(19, 9, 75).
cost(19, 10, 73).
cost(19, 11, 23).
cost(19, 12, 72).
cost(19, 13, 59).
cost(19, 14, 67).
cost(19, 15, 77).
cost(19, 16, 81).
cost(19, 17, 40).
cost(19, 18, 93).
cost(19, 20, 74).
cost(19, 21, 79).
cost(19, 22, 82).
cost(19, 23, 62).
cost(19, 24, 20).
cost(19, 25, 50).
cost(19, 26, 72).
cost(19, 27, 12).
cost(19, 28, 59).
cost(19, 29, 82).
cost(19, 30, 43).
cost(19, 31, 47).
cost(19, 32, 10).
cost(20, 1, 29).
cost(20, 2, 81).
cost(20, 3, 17).
cost(20, 4, 21).
cost(20, 5, 73).
cost(20, 6, 18).
cost(20, 7, 37).
cost(20, 8, 71).
cost(20, 9, 18).
cost(20, 10, 25).
cost(20, 11, 79).
cost(20, 12, 59).
cost(20, 13, 43).
cost(20, 14, 31).
cost(20, 15, 35).
cost(20, 16, 8).
cost(20, 17, 34).
cost(20, 18, 66).
cost(20, 19, 74).
cost(20, 21, 9).
cost(20, 22, 20).
cost(20, 23, 67).
cost(20, 24, 81).
cost(20, 25, 27).
cost(20, 26, 5).
cost(20, 27, 78).
cost(20, 28, 75).
cost(20, 29, 34).
cost(20, 30, 32).
cost(20, 31, 37).
cost(20, 32, 65).
cost(21, 1, 38).
cost(21, 2, 90).
cost(21, 3, 19).
cost(21, 4, 29).
cost(21, 5, 83).
cost(21, 6, 18).
cost(21, 7, 46).
cost(21, 8, 76).
cost(21, 9, 13).
cost(21, 10, 34).
cost(21, 11, 83).
cost(21, 12, 68).
cost(21, 13, 52).
cost(21, 14, 40).
cost(21, 15, 44).
cost(21, 16, 3).
cost(21, 17, 40).
cost(21, 18, 74).
cost(21, 19, 79).
cost(21, 20, 9).
cost(21, 22, 12).
cost(21, 23, 76).
cost(21, 24, 85).
cost(21, 25, 35).
cost(21, 26, 7).
cost(21, 27, 83).
cost(21, 28, 84).
cost(21, 29, 41).
cost(21, 30, 36).
cost(21, 31, 46).
cost(21, 32, 70).
cost(22, 1, 47).
cost(22, 2, 100).
cost(22, 3, 29).
cost(22, 4, 38).
cost(22, 5, 93).
cost(22, 6, 27).
cost(22, 7, 58).
cost(22, 8, 76).
cost(22, 9, 7).
cost(22, 10, 46).
cost(22, 11, 82).
cost(22, 12, 80).
cost(22, 13, 63).
cost(22, 14, 51).
cost(22, 15, 55).
cost(22, 16, 15).
cost(22, 17, 44).
cost(22, 18, 86).
cost(22, 19, 82).
cost(22, 20, 20).
cost(22, 21, 12).
cost(22, 23, 87).
cost(22, 24, 85).
cost(22, 25, 43).
cost(22, 26, 16).
cost(22, 27, 84).
cost(22, 28, 94).
cost(22, 29, 53).
cost(22, 30, 39).
cost(22, 31, 55).
cost(22, 32, 73).
cost(23, 1, 39).
cost(23, 2, 14).
cost(23, 3, 71).
cost(23, 4, 49).
cost(23, 5, 8).
cost(23, 6, 76).
cost(23, 7, 39).
cost(23, 8, 73).
cost(23, 9, 82).
cost(23, 10, 46).
cost(23, 11, 83).
cost(23, 12, 16).
cost(23, 13, 24).
cost(23, 14, 38).
cost(23, 15, 41).
cost(23, 16, 75).
cost(23, 17, 54).
cost(23, 18, 36).
cost(23, 19, 62).
cost(23, 20, 67).
cost(23, 21, 76).
cost(23, 22, 87).
cost(23, 24, 81).
cost(23, 25, 46).
cost(23, 26, 71).
cost(23, 27, 73).
cost(23, 28, 10).
cost(23, 29, 47).
cost(23, 30, 60).
cost(23, 31, 34).
cost(23, 32, 62).
cost(24, 1, 70).
cost(24, 2, 87).
cost(24, 3, 97).
cost(24, 4, 67).
cost(24, 5, 88).
cost(24, 6, 99).
cost(24, 7, 92).
cost(24, 8, 10).
cost(24, 9, 78).
cost(24, 10, 86).
cost(24, 11, 5).
cost(24, 12, 90).
cost(24, 13, 75).
cost(24, 14, 81).
cost(24, 15, 92).
cost(24, 16, 87).
cost(24, 17, 49).
cost(24, 18, 111).
cost(24, 19, 20).
cost(24, 20, 81).
cost(24, 21, 85).
cost(24, 22, 85).
cost(24, 23, 81).
cost(24, 25, 61).
cost(24, 26, 79).
cost(24, 27, 8).
cost(24, 28, 79).
cost(24, 29, 96).
cost(24, 30, 49).
cost(24, 31, 61).
cost(24, 32, 20).
cost(25, 1, 10).
cost(25, 2, 59).
cost(25, 3, 39).
cost(25, 4, 6).
cost(25, 5, 53).
cost(25, 6, 42).
cost(25, 7, 33).
cost(25, 8, 52).
cost(25, 9, 37).
cost(25, 10, 25).
cost(25, 11, 61).
cost(25, 12, 43).
cost(25, 13, 24).
cost(25, 14, 22).
cost(25, 15, 32).
cost(25, 16, 35).
cost(25, 17, 14).
cost(25, 18, 58).
cost(25, 19, 50).
cost(25, 20, 27).
cost(25, 21, 35).
cost(25, 22, 43).
cost(25, 23, 46).
cost(25, 24, 61).
cost(25, 26, 28).
cost(25, 27, 57).
cost(25, 28, 52).
cost(25, 29, 35).
cost(25, 30, 18).
cost(25, 31, 12).
cost(25, 32, 43).
cost(26, 1, 31).
cost(26, 2, 84).
cost(26, 3, 21).
cost(26, 4, 23).
cost(26, 5, 77).
cost(26, 6, 22).
cost(26, 7, 42).
cost(26, 8, 69).
cost(26, 9, 13).
cost(26, 10, 30).
cost(26, 11, 77).
cost(26, 12, 63).
cost(26, 13, 47).
cost(26, 14, 35).
cost(26, 15, 40).
cost(26, 16, 8).
cost(26, 17, 33).
cost(26, 18, 71).
cost(26, 19, 72).
cost(26, 20, 5).
cost(26, 21, 7).
cost(26, 22, 16).
cost(26, 23, 71).
cost(26, 24, 79).
cost(26, 25, 28).
cost(26, 27, 76).
cost(26, 28, 78).
cost(26, 29, 39).
cost(26, 30, 29).
cost(26, 31, 39).
cost(26, 32, 64).
cost(27, 1, 64).
cost(27, 2, 79).
cost(27, 3, 94).
cost(27, 4, 63).
cost(27, 5, 80).
cost(27, 6, 96).
cost(27, 7, 86).
cost(27, 8, 8).
cost(27, 9, 77).
cost(27, 10, 81).
cost(27, 11, 12).
cost(27, 12, 82).
cost(27, 13, 68).
cost(27, 14, 76).
cost(27, 15, 86).
cost(27, 16, 84).
cost(27, 17, 45).
cost(27, 18, 104).
cost(27, 19, 12).
cost(27, 20, 78).
cost(27, 21, 83).
cost(27, 22, 84).
cost(27, 23, 73).
cost(27, 24, 8).
cost(27, 25, 57).
cost(27, 26, 76).
cost(27, 28, 71).
cost(27, 29, 90).
cost(27, 30, 47).
cost(27, 31, 55).
cost(27, 32, 14).
cost(28, 1, 47).
cost(28, 2, 8).
cost(28, 3, 81).
cost(28, 4, 56).
cost(28, 5, 11).
cost(28, 6, 85).
cost(28, 7, 49).
cost(28, 8, 72).
cost(28, 9, 89).
cost(28, 10, 55).
cost(28, 11, 82).
cost(28, 12, 26).
cost(28, 13, 33).
cost(28, 14, 47).
cost(28, 15, 51).
cost(28, 16, 84).
cost(28, 17, 58).
cost(28, 18, 45).
cost(28, 19, 59).
cost(28, 20, 75).
cost(28, 21, 84).
cost(28, 22, 94).
cost(28, 23, 10).
cost(28, 24, 79).
cost(28, 25, 52).
cost(28, 26, 78).
cost(28, 27, 71).
cost(28, 29, 57).
cost(28, 30, 65).
cost(28, 31, 40).
cost(28, 32, 61).
cost(29, 1, 26).
cost(29, 2, 60).
cost(29, 3, 28).
cost(29, 4, 31).
cost(29, 5, 51).
cost(29, 6, 33).
cost(29, 7, 8).
cost(29, 8, 86).
cost(29, 9, 52).
cost(29, 10, 11).
cost(29, 11, 96).
cost(29, 12, 33).
cost(29, 13, 27).
cost(29, 14, 15).
cost(29, 15, 6).
cost(29, 16, 39).
cost(29, 17, 49).
cost(29, 18, 33).
cost(29, 19, 82).
cost(29, 20, 34).
cost(29, 21, 41).
cost(29, 22, 53).
cost(29, 23, 47).
cost(29, 24, 96).
cost(29, 25, 35).
cost(29, 26, 39).
cost(29, 27, 90).
cost(29, 28, 57).
cost(29, 30, 51).
cost(29, 31, 35).
cost(29, 32, 76).
cost(30, 1, 28).
cost(30, 2, 72).
cost(30, 3, 48).
cost(30, 4, 21).
cost(30, 5, 68).
cost(30, 6, 50).
cost(30, 7, 50).
cost(30, 8, 40).
cost(30, 9, 32).
cost(30, 10, 41).
cost(30, 11, 48).
cost(30, 12, 60).
cost(30, 13, 41).
cost(30, 14, 39).
cost(30, 15, 49).
cost(30, 16, 38).
cost(30, 17, 7).
cost(30, 18, 76).
cost(30, 19, 43).
cost(30, 20, 32).
cost(30, 21, 36).
cost(30, 22, 39).
cost(30, 23, 60).
cost(30, 24, 49).
cost(30, 25, 18).
cost(30, 26, 29).
cost(30, 27, 47).
cost(30, 28, 65).
cost(30, 29, 51).
cost(30, 31, 27).
cost(30, 32, 34).
cost(31, 1, 11).
cost(31, 2, 47).
cost(31, 3, 47).
cost(31, 4, 17).
cost(31, 5, 42).
cost(31, 6, 51).
cost(31, 7, 30).
cost(31, 8, 52).
cost(31, 9, 49).
cost(31, 10, 27).
cost(31, 11, 62).
cost(31, 12, 34).
cost(31, 13, 15).
cost(31, 14, 20).
cost(31, 15, 31).
cost(31, 16, 46).
cost(31, 17, 21).
cost(31, 18, 51).
cost(31, 19, 47).
cost(31, 20, 37).
cost(31, 21, 46).
cost(31, 22, 55).
cost(31, 23, 34).
cost(31, 24, 61).
cost(31, 25, 12).
cost(31, 26, 39).
cost(31, 27, 55).
cost(31, 28, 40).
cost(31, 29, 35).
cost(31, 30, 27).
cost(31, 32, 41).
cost(32, 1, 50).
cost(32, 2, 69).
cost(32, 3, 80).
cost(32, 4, 49).
cost(32, 5, 69).
cost(32, 6, 83).
cost(32, 7, 72).
cost(32, 8, 11).
cost(32, 9, 65).
cost(32, 10, 67).
cost(32, 11, 22).
cost(32, 12, 70).
cost(32, 13, 55).
cost(32, 14, 61).
cost(32, 15, 72).
cost(32, 16, 72).
cost(32, 17, 31).
cost(32, 18, 91).
cost(32, 19, 10).
cost(32, 20, 65).
cost(32, 21, 70).
cost(32, 22, 73).
cost(32, 23, 62).
cost(32, 24, 20).
cost(32, 25, 43).
cost(32, 26, 64).
cost(32, 27, 14).
cost(32, 28, 61).
cost(32, 29, 76).
cost(32, 30, 34).
cost(32, 31, 41).
