dimension(32).
point(1, 11.0886546278, 79.0630560872).
point(2, 58.0554551378, 72.7197952579).
point(3, 58.2631993309, 47.0806633902).
point(4, 9.2871352671, 67.5158347468).
point(5, 79.2106123236, 64.3349075947).
point(6, 94.1168968588, 20.3455784863).
point(7, 8.6328383774, 70.5244115751).
point(8, 82.3772806012, 11.6178113776).
point(9, 40.9477104413, 95.2607757586).
point(10, 57.7817329714, 33.2146357806).
point(11, 71.2574769561, 6.0908827838).
point(12, 41.6254550961, 26.5686716134).
point(13, 57.7862383464, 79.5633432275).
point(14, 16.250758073, 78.1845180646).
point(15, 33.1460886632, 91.858008564).
point(16, 89.2819077055, 19.2580201757).
point(17, 78.8434218174, 44.2206907588).
point(18, 25.241906531, 81.7134985585).
point(19, 63.8906017792, 0.5201322368).
point(20, 26.9917004496, 26.2611300325).
point(21, 59.2553939271, 62.7076562477).
point(22, 35.3670513975, 91.2727944658).
point(23, 86.6083386639, 17.2345819686).
point(24, 9.4377719345, 79.4205277437).
point(25, 34.0596876318, 80.2401397277).
point(26, 39.1812159499, 91.8452184165).
point(27, 9.7391608745, 60.5654066574).
point(28, 35.7613853082, 66.9897061219).
point(29, 82.6246884808, 62.8767368046).
point(30, 6.8069596128, 84.4467977412).
point(31, 0.7393330032, 65.2978990709).
point(32, 27.9337431114, 38.8992255124).
cost(1, 2, 47).
cost(1, 3, 57).
cost(1, 4, 12).
cost(1, 5, 70).
cost(1, 6, 102).
cost(1, 7, 9).
cost(1, 8, 98).
cost(1, 9, 34).
cost(1, 10, 65).
cost(1, 11, 95).
cost(1, 12, 61).
cost(1, 13, 47).
cost(1, 14, 5).
cost(1, 15, 25).
cost(1, 16, 98).
cost(1, 17, 76).
cost(1, 18, 14).
cost(1, 19, 95).
cost(1, 20, 55).
cost(1, 21, 51).
cost(1, 22, 27).
cost(1, 23, 98).
cost(1, 24, 2).
cost(1, 25, 23).
cost(1, 26, 31).
cost(1, 27, 19).
cost(1, 28, 27).
cost(1, 29, 73).
cost(1, 30, 7).
cost(1, 31, 17).
cost(1, 32, 44).
cost(2, 1, 47).
cost(2, 3, 26).
cost(2, 4, 49).
cost(2, 5, 23).
cost(2, 6, 64).
cost(2, 7, 49).
cost(2, 8, 66).
cost(2, 9, 28).
cost(2, 10, 40).
cost(2, 11, 68).
cost(2, 12, 49).
cost(2, 13, 7).
cost(2, 14, 42).
cost(2, 15, 31).
cost(2, 16, 62).
cost(2, 17, 35).
cost(2, 18, 34).
cost(2, 19, 72).
cost(2, 20, 56).
cost(2, 21, 10).
cost(2, 22, 29).
cost(2, 23, 62).
cost(2, 24, 49).
cost(2, 25, 25).
cost(2, 26, 27).
cost(2, 27, 50).
cost(2, 28, 23).
cost(2, 29, 26).
cost(2, 30, 53).
cost(2, 31, 58).
cost(2, 32, 45).
cost(3, 1, 57).
cost(3, 2, 26).
cost(3, 4, 53).
cost(3, 5, 27).
cost(3, 6, 45).
cost(3, 7, 55).
cost(3, 8, 43).
cost(3, 9, 51).
cost(3, 10, 14).
cost(3, 11, 43).
cost(3, 12, 26).
cost(3, 13, 32).
cost(3, 14, 52).
cost(3, 15, 51).
cost(3, 16, 42).
cost(3, 17, 21).
cost(3, 18, 48).
cost(3, 19, 47).
cost(3, 20, 38).
cost(3, 21, 16).
cost(3, 22, 50).
cost(3, 23, 41).
cost(3, 24, 59).
cost(3, 25, 41).
cost(3, 26, 49).
cost(3, 27, 50).
cost(3, 28, 30).
cost(3, 29, 29).
cost(3, 30, 64).
cost(3, 31, 60).
cost(3, 32, 31).
cost(4, 1, 12).
cost(4, 2, 49).
cost(4, 3, 53).
cost(4, 5, 70).
cost(4, 6, 97).
cost(4, 7, 3).
cost(4, 8, 92).
cost(4, 9, 42).
cost(4, 10, 59).
cost(4, 11, 87).
cost(4, 12, 52).
cost(4, 13, 50).
cost(4, 14, 13).
cost(4, 15, 34).
cost(4, 16, 93).
cost(4, 17, 73).
cost(4, 18, 21).
cost(4, 19, 86).
cost(4, 20, 45).
cost(4, 21, 50).
cost(4, 22, 35).
cost(4, 23, 92).
cost(4, 24, 12).
cost(4, 25, 28).
cost(4, 26, 39).
cost(4, 27, 7).
cost(4, 28, 26).
cost(4, 29, 73).
cost(4, 30, 17).
cost(4, 31, 9).
cost(4, 32, 34).
cost(5, 1, 70).
cost(5, 2, 23).
cost(5, 3, 27).
cost(5, 4, 70).
cost(5, 6, 46).
cost(5, 7, 71).
cost(5, 8, 53).
cost(5, 9, 49).
cost(5, 10, 38).
cost(5, 11, 59).
cost(5, 12, 53).
cost(5, 13, 26).
cost(5, 14, 64).
cost(5, 15, 54).
cost(5, 16, 46).
cost(5, 17, 20).
cost(5, 18, 57).
cost(5, 19, 66).
cost(5, 20, 65).
cost(5, 21, 20).
cost(5, 22, 51).
cost(5, 23, 48).
cost(5, 24, 71).
cost(5, 25, 48).
cost(5, 26, 49).
cost(5, 27, 70).
cost(5, 28, 44).
cost(5, 29, 4).
cost(5, 30, 75).
cost(5, 31, 78).
cost(5, 32, 57).
cost(6, 1, 102).
cost(6, 2, 64).
cost(6, 3, 45).
cost(6, 4, 97).
cost(6, 5, 46).
cost(6, 7, 99).
cost(6, 8, 15).
cost(6, 9, 92).
cost(6, 10, 39).
cost(6, 11, 27).
cost(6, 12, 53).
cost(6, 13, 69).
cost(6, 14, 97).
cost(6, 15, 94).
cost(6, 16, 5).
cost(6, 17, 28).
cost(6, 18, 92).
cost(6, 19, 36).
cost(6, 20, 67).
cost(6, 21, 55).
cost(6, 22, 92).
cost(6, 23, 8).
cost(6, 24, 103).
cost(6, 25, 85).
cost(6, 26, 90).
cost(6, 27, 93).
cost(6, 28, 75).
cost(6, 29, 44).
cost(6, 30, 108).
cost(6, 31, 104).
cost(6, 32, 69).
cost(7, 1, 9).
cost(7, 2, 49).
cost(7, 3, 55).
cost(7, 4, 3).
cost(7, 5, 71).
cost(7, 6, 99).
cost(7, 8, 94).
cost(7, 9, 41).
cost(7, 10, 62).
cost(7, 11, 90).
cost(7, 12, 55).
cost(7, 13, 50).
cost(7, 14, 11).
cost(7, 15, 32).
cost(7, 16, 96).
cost(7, 17, 75).
cost(7, 18, 20).
cost(7, 19, 89).
cost(7, 20, 48).
cost(7, 21, 51).
cost(7, 22, 34).
cost(7, 23, 94).
cost(7, 24, 9).
cost(7, 25, 27).
cost(7, 26, 37).
cost(7, 27, 10).
cost(7, 28, 27).
cost(7, 29, 74).
cost(7, 30, 14).
cost(7, 31, 9).
cost(7, 32, 37).
cost(8, 1, 98).
cost(8, 2, 66).
cost(8, 3, 43).
cost(8, 4, 92).
cost(8, 5, 53).
cost(8, 6, 15).
cost(8, 7, 94).
cost(8, 9, 93).
cost(8, 10, 33).
cost(8, 11, 12).
cost(8, 12, 43).
cost(8, 13, 72).
cost(8, 14, 94).
cost(8, 15, 94).
cost(8, 16, 10).
cost(8, 17, 33).
cost(8, 18, 90).
cost(8, 19, 22).
cost(8, 20, 57).
cost(8, 21, 56).
cost(8, 22, 92).
cost(8, 23, 7).
cost(8, 24, 100).
cost(8, 25, 84).
cost(8, 26, 91).
cost(8, 27, 88).
cost(8, 28, 72).
cost(8, 29, 51).
cost(8, 30, 105).
cost(8, 31, 98).
cost(8, 32, 61).
cost(9, 1, 34).
cost(9, 2, 28).
cost(9, 3, 51).
cost(9, 4, 42).
cost(9, 5, 49).
cost(9, 6, 92).
cost(9, 7, 41).
cost(9, 8, 93).
cost(9, 10, 64).
cost(9, 11, 94).
cost(9, 12, 69).
cost(9, 13, 23).
cost(9, 14, 30).
cost(9, 15, 9).
cost(9, 16, 90).
cost(9, 17, 64).
cost(9, 18, 21).
cost(9, 19, 97).
cost(9, 20, 70).
cost(9, 21, 37).
cost(9, 22, 7).
cost(9, 23, 90).
cost(9, 24, 35).
cost(9, 25, 17).
cost(9, 26, 4).
cost(9, 27, 47).
cost(9, 28, 29).
cost(9, 29, 53).
cost(9, 30, 36).
cost(9, 31, 50).
cost(9, 32, 58).
cost(10, 1, 65).
cost(10, 2, 40).
cost(10, 3, 14).
cost(10, 4, 59).
cost(10, 5, 38).
cost(10, 6, 39).
cost(10, 7, 62).
cost(10, 8, 33).
cost(10, 9, 64).
cost(10, 11, 30).
cost(10, 12, 17).
cost(10, 13, 46).
cost(10, 14, 61).
cost(10, 15, 64).
cost(10, 16, 34).
cost(10, 17, 24).
cost(10, 18, 58).
cost(10, 19, 33).
cost(10, 20, 32).
cost(10, 21, 30).
cost(10, 22, 62).
cost(10, 23, 33).
cost(10, 24, 67).
cost(10, 25, 53).
cost(10, 26, 62).
cost(10, 27, 55).
cost(10, 28, 40).
cost(10, 29, 39).
cost(10, 30, 72).
cost(10, 31, 65).
cost(10, 32, 30).
cost(11, 1, 95).
cost(11, 2, 68).
cost(11, 3, 43).
cost(11, 4, 87).
cost(11, 5, 59).
cost(11, 6, 27).
cost(11, 7, 90).
cost(11, 8, 12).
cost(11, 9, 94).
cost(11, 10, 30).
cost(11, 12, 36).
cost(11, 13, 75).
cost(11, 14, 91).
cost(11, 15, 94).
cost(11, 16, 22).
cost(11, 17, 39).
cost(11, 18, 89).
cost(11, 19, 9).
cost(11, 20, 49).
cost(11, 21, 58).
cost(11, 22, 92).
cost(11, 23, 19).
cost(11, 24, 96).
cost(11, 25, 83).
cost(11, 26, 92).
cost(11, 27, 82).
cost(11, 28, 70).
cost(11, 29, 58).
cost(11, 30, 101).
cost(11, 31, 92).
cost(11, 32, 54).
cost(12, 1, 61).
cost(12, 2, 49).
cost(12, 3, 26).
cost(12, 4, 52).
cost(12, 5, 53).
cost(12, 6, 53).
cost(12, 7, 55).
cost(12, 8, 43).
cost(12, 9, 69).
cost(12, 10, 17).
cost(12, 11, 36).
cost(12, 13, 55).
cost(12, 14, 58).
cost(12, 15, 66).
cost(12, 16, 48).
cost(12, 17, 41).
cost(12, 18, 58).
cost(12, 19, 34).
cost(12, 20, 15).
cost(12, 21, 40).
cost(12, 22, 65).
cost(12, 23, 46).
cost(12, 24, 62).
cost(12, 25, 54).
cost(12, 26, 65).
cost(12, 27, 47).
cost(12, 28, 41).
cost(12, 29, 55).
cost(12, 30, 68).
cost(12, 31, 56).
cost(12, 32, 18).
cost(13, 1, 47).
cost(13, 2, 7).
cost(13, 3, 32).
cost(13, 4, 50).
cost(13, 5, 26).
cost(13, 6, 69).
cost(13, 7, 50).
cost(13, 8, 72).
cost(13, 9, 23).
cost(13, 10, 46).
cost(13, 11, 75).
cost(13, 12, 55).
cost(13, 14, 42).
cost(13, 15, 28).
cost(13, 16, 68).
cost(13, 17, 41).
cost(13, 18, 33).
cost(13, 19, 79).
cost(13, 20, 62).
cost(13, 21, 17).
cost(13, 22, 25).
cost(13, 23, 69).
cost(13, 24, 48).
cost(13, 25, 24).
cost(13, 26, 22).
cost(13, 27, 52).
cost(13, 28, 25).
cost(13, 29, 30).
cost(13, 30, 51).
cost(13, 31, 59).
cost(13, 32, 50).
cost(14, 1, 5).
cost(14, 2, 42).
cost(14, 3, 52).
cost(14, 4, 13).
cost(14, 5, 64).
cost(14, 6, 97).
cost(14, 7, 11).
cost(14, 8, 94).
cost(14, 9, 30).
cost(14, 10, 61).
cost(14, 11, 91).
cost(14, 12, 58).
cost(14, 13, 42).
cost(14, 15, 22).
cost(14, 16, 94).
cost(14, 17, 71).
cost(14, 18, 10).
cost(14, 19, 91).
cost(14, 20, 53).
cost(14, 21, 46).
cost(14, 22, 23).
cost(14, 23, 93).
cost(14, 24, 7).
cost(14, 25, 18).
cost(14, 26, 27).
cost(14, 27, 19).
cost(14, 28, 22).
cost(14, 29, 68).
cost(14, 30, 11).
cost(14, 31, 20).
cost(14, 32, 41).
cost(15, 1, 25).
cost(15, 2, 31).
cost(15, 3, 51).
cost(15, 4, 34).
cost(15, 5, 54).
cost(15, 6, 94).
cost(15, 7, 32).
cost(15, 8, 94).
cost(15, 9, 9).
cost(15, 10, 64).
cost(15, 11, 94).
cost(15, 12, 66).
cost(15, 13, 28).
cost(15, 14, 22).
cost(15, 16, 92).
cost(15, 17, 66).
cost(15, 18, 13).
cost(15, 19, 96).
cost(15, 20, 66).
cost(15, 21, 39).
cost(15, 22, 2).
cost(15, 23, 92).
cost(15, 24, 27).
cost(15, 25, 12).
cost(15, 26, 6).
cost(15, 27, 39).
cost(15, 28, 25).
cost(15, 29, 57).
cost(15, 30, 27).
cost(15, 31, 42).
cost(15, 32, 53).
cost(16, 1, 98).
cost(16, 2, 62).
cost(16, 3, 42).
cost(16, 4, 93).
cost(16, 5, 46).
cost(16, 6, 5).
cost(16, 7, 96).
cost(16, 8, 10).
cost(16, 9, 90).
cost(16, 10, 34).
cost(16, 11, 22).
cost(16, 12, 48).
cost(16, 13, 68).
cost(16, 14, 94).
cost(16, 15, 92).
cost(16, 17, 27).
cost(16, 18, 89).
cost(16, 19, 32).
cost(16, 20, 63).
cost(16, 21, 53).
cost(16, 22, 90).
cost(16, 23, 3).
cost(16, 24, 100).
cost(16, 25, 82).
cost(16, 26, 88).
cost(16, 27, 90).
cost(16, 28, 72).
cost(16, 29, 44).
cost(16, 30, 105).
cost(16, 31, 100).
cost(16, 32, 64).
cost(17, 1, 76).
cost(17, 2, 35).
cost(17, 3, 21).
cost(17, 4, 73).
cost(17, 5, 20).
cost(17, 6, 28).
cost(17, 7, 75).
cost(17, 8, 33).
cost(17, 9, 64).
cost(17, 10, 24).
cost(17, 11, 39).
cost(17, 12, 41).
cost(17, 13, 41).
cost(17, 14, 71).
cost(17, 15, 66).
cost(17, 16, 27).
cost(17, 18, 65).
cost(17, 19, 46).
cost(17, 20, 55).
cost(17, 21, 27).
cost(17, 22, 64).
cost(17, 23, 28).
cost(17, 24, 78).
cost(17, 25, 57).
cost(17, 26, 62).
cost(17, 27, 71).
cost(17, 28, 49).
cost(17, 29, 19).
cost(17, 30, 83).
cost(17, 31, 81).
cost(17, 32, 51).
cost(18, 1, 14).
cost(18, 2, 34).
cost(18, 3, 48).
cost(18, 4, 21).
cost(18, 5, 57).
cost(18, 6, 92).
cost(18, 7, 20).
cost(18, 8, 90).
cost(18, 9, 21).
cost(18, 10, 58).
cost(18, 11, 89).
cost(18, 12, 58).
cost(18, 13, 33).
cost(18, 14, 10).
cost(18, 15, 13).
cost(18, 16, 89).
cost(18, 17, 65).
cost(18, 19, 90).
cost(18, 20, 55).
cost(18, 21, 39).
cost(18, 22, 14).
cost(18, 23, 89).
cost(18, 24, 16).
cost(18, 25, 9).
cost(18, 26, 17).
cost(18, 27, 26).
cost(18, 28, 18).
cost(18, 29, 60).
cost(18, 30, 19).
cost(18, 31, 29).
cost(18, 32, 43).
cost(19, 1, 95).
cost(19, 2, 72).
cost(19, 3, 47).
cost(19, 4, 86).
cost(19, 5, 66).
cost(19, 6, 36).
cost(19, 7, 89).
cost(19, 8, 22).
cost(19, 9, 97).
cost(19, 10, 33).
cost(19, 11, 9).
cost(19, 12, 34).
cost(19, 13, 79).
cost(19, 14, 91).
cost(19, 15, 96).
cost(19, 16, 32).
cost(19, 17, 46).
cost(19, 18, 90).
cost(19, 20, 45).
cost(19, 21, 62).
cost(19, 22, 95).
cost(19, 23, 28).
cost(19, 24, 96).
cost(19, 25, 85).
cost(19, 26, 95).
cost(19, 27, 81).
cost(19, 28, 72).
cost(19, 29, 65).
cost(19, 30, 101).
cost(19, 31, 90).
cost(19, 32, 53).
cost(20, 1, 55).
cost(20, 2, 56).
cost(20, 3, 38).
cost(20, 4, 45).
cost(20, 5, 65).
cost(20, 6, 67).
cost(20, 7, 48).
cost(20, 8, 57).
cost(20, 9, 70).
cost(20, 10, 32).
cost(20, 11, 49).
cost(20, 12, 15).
cost(20, 13, 62).
cost(20, 14, 53).
cost(20, 15, 66).
cost(20, 16, 63).
cost(20, 17, 55).
cost(20, 18, 55).
cost(20, 19, 45).
cost(20, 21, 49).
cost(20, 22, 66).
cost(20, 23, 60).
cost(20, 24, 56).
cost(20, 25, 54).
cost(20, 26, 67).
cost(20, 27, 38).
cost(20, 28, 42).
cost(20, 29, 67).
cost(20, 30, 62).
cost(20, 31, 47).
cost(20, 32, 13).
cost(21, 1, 51).
cost(21, 2, 10).
cost(21, 3, 16).
cost(21, 4, 50).
cost(21, 5, 20).
cost(21, 6, 55).
cost(21, 7, 51).
cost(21, 8, 56).
cost(21, 9, 37).
cost(21, 10, 30).
cost(21, 11, 58).
cost(21, 12, 40).
cost(21, 13, 17).
cost(21, 14, 46).
cost(21, 15, 39).
cost(21, 16, 53).
cost(21, 17, 27).
cost(21, 18, 39).
cost(21, 19, 62).
cost(21, 20, 49).
cost(21, 22, 37).
cost(21, 23, 53).
cost(21, 24, 53).
cost(21, 25, 31).
cost(21, 26, 35).
cost(21, 27, 50).
cost(21, 28, 24).
cost(21, 29, 23).
cost(21, 30, 57).
cost(21, 31, 59).
cost(21, 32, 39).
cost(22, 1, 27).
cost(22, 2, 29).
cost(22, 3, 50).
cost(22, 4, 35).
cost(22, 5, 51).
cost(22, 6, 92).
cost(22, 7, 34).
cost(22, 8, 92).
cost(22, 9, 7).
cost(22, 10, 62).
cost(22, 11, 92).
cost(22, 12, 65).
cost(22, 13, 25).
cost(22, 14, 23).
cost(22, 15, 2).
cost(22, 16, 90).
cost(22, 17, 64).
cost(22, 18, 14).
cost(22, 19, 95).
cost(22, 20, 66).
cost(22, 21, 37).
cost(22, 23, 90).
cost(22, 24, 29).
cost(22, 25, 11).
cost(22, 26, 4).
cost(22, 27, 40).
cost(22, 28, 24).
cost(22, 29, 55).
cost(22, 30, 29).
cost(22, 31, 43).
cost(22, 32, 53).
cost(23, 1, 98).
cost(23, 2, 62).
cost(23, 3, 41).
cost(23, 4, 92).
cost(23, 5, 48).
cost(23, 6, 8).
cost(23, 7, 94).
cost(23, 8, 7).
cost(23, 9, 90).
cost(23, 10, 33).
cost(23, 11, 19).
cost(23, 12, 46).
cost(23, 13, 69).
cost(23, 14, 93).
cost(23, 15, 92).
cost(23, 16, 3).
cost(23, 17, 28).
cost(23, 18, 89).
cost(23, 19, 28).
cost(23, 20, 60).
cost(23, 21, 53).
cost(23, 22, 90).
cost(23, 24, 99).
cost(23, 25, 82).
cost(23, 26, 88).
cost(23, 27, 88).
cost(23, 28, 71).
cost(23, 29, 46).
cost(23, 30, 104).
cost(23, 31, 98).
cost(23, 32, 63).
cost(24, 1, 2).
cost(24, 2, 49).
cost(24, 3, 59).
cost(24, 4, 12).
cost(24, 5, 71).
cost(24, 6, 103).
cost(24, 7, 9).
cost(24, 8, 100).
cost(24, 9, 35).
cost(24, 10, 67).
cost(24, 11, 96).
cost(24, 12, 62).
cost(24, 13, 48).
cost(24, 14, 7).
cost(24, 15, 27).
cost(24, 16, 100).
cost(24, 17, 78).
cost(24, 18, 16).
cost(24, 19, 96).
cost(24, 20, 56).
cost(24, 21, 53).
cost(24, 22, 29).
cost(24, 23, 99).
cost(24, 25, 25).
cost(24, 26, 32).
cost(24, 27, 19).
cost(24, 28, 29).
cost(24, 29, 75).
cost(24, 30, 6).
cost(24, 31, 17).
cost(24, 32, 45).
cost(25, 1, 23).
cost(25, 2, 25).
cost(25, 3, 41).
cost(25, 4, 28).
cost(25, 5, 48).
cost(25, 6, 85).
cost(25, 7, 27).
cost(25, 8, 84).
cost(25, 9, 17).
cost(25, 10, 53).
cost(25, 11, 83).
cost(25, 12, 54).
cost(25, 13, 24).
cost(25, 14, 18).
cost(25, 15, 12).
cost(25, 16, 82).
cost(25, 17, 57).
cost(25, 18, 9).
cost(25, 19, 85).
cost(25, 20, 54).
cost(25, 21, 31).
cost(25, 22, 11).
cost(25, 23, 82).
cost(25, 24, 25).
cost(25, 26, 13).
cost(25, 27, 31).
cost(25, 28, 13).
cost(25, 29, 52).
cost(25, 30, 28).
cost(25, 31, 37).
cost(25, 32, 42).
cost(26, 1, 31).
cost(26, 2, 27).
cost(26, 3, 49).
cost(26, 4, 39).
cost(26, 5, 49).
cost(26, 6, 90).
cost(26, 7, 37).
cost(26, 8, 91).
cost(26, 9, 4).
cost(26, 10, 62).
cost(26, 11, 92).
cost(26, 12, 65).
cost(26, 13, 22).
cost(26, 14, 27).
cost(26, 15, 6).
cost(26, 16, 88).
cost(26, 17, 62).
cost(26, 18, 17).
cost(26, 19, 95).
cost(26, 20, 67).
cost(26, 21, 35).
cost(26, 22, 4).
cost(26, 23, 88).
cost(26, 24, 32).
cost(26, 25, 13).
cost(26, 27, 43).
cost(26, 28, 25).
cost(26, 29, 52).
cost(26, 30, 33).
cost(26, 31, 47).
cost(26, 32, 54).
cost(27, 1, 19).
cost(27, 2, 50).
cost(27, 3, 50).
cost(27, 4, 7).
cost(27, 5, 70).
cost(27, 6, 93).
cost(27, 7, 10).
cost(27, 8, 88).
cost(27, 9, 47).
cost(27, 10, 55).
cost(27, 11, 82).
cost(27, 12, 47).
cost(27, 13, 52).
cost(27, 14, 19).
cost(27, 15, 39).
cost(27, 16, 90).
cost(27, 17, 71).
cost(27, 18, 26).
cost(27, 19, 81).
cost(27, 20, 38).
cost(27, 21, 50).
cost(27, 22, 40).
cost(27, 23, 88).
cost(27, 24, 19).
cost(27, 25, 31).
cost(27, 26, 43).
cost(27, 28, 27).
cost(27, 29, 73).
cost(27, 30, 24).
cost(27, 31, 10).
cost(27, 32, 28).
cost(28, 1, 27).
cost(28, 2, 23).
cost(28, 3, 30).
cost(28, 4, 26).
cost(28, 5, 44).
cost(28, 6, 75).
cost(28, 7, 27).
cost(28, 8, 72).
cost(28, 9, 29).
cost(28, 10, 40).
cost(28, 11, 70).
cost(28, 12, 41).
cost(28, 13, 25).
cost(28, 14, 22).
cost(28, 15, 25).
cost(28, 16, 72).
cost(28, 17, 49).
cost(28, 18, 18).
cost(28, 19, 72).
cost(28, 20, 42).
cost(28, 21, 24).
cost(28, 22, 24).
cost(28, 23, 71).
cost(28, 24, 29).
cost(28, 25, 13).
cost(28, 26, 25).
cost(28, 27, 27).
cost(28, 29, 47).
cost(28, 30, 34).
cost(28, 31, 35).
cost(28, 32, 29).
cost(29, 1, 73).
cost(29, 2, 26).
cost(29, 3, 29).
cost(29, 4, 73).
cost(29, 5, 4).
cost(29, 6, 44).
cost(29, 7, 74).
cost(29, 8, 51).
cost(29, 9, 53).
cost(29, 10, 39).
cost(29, 11, 58).
cost(29, 12, 55).
cost(29, 13, 30).
cost(29, 14, 68).
cost(29, 15, 57).
cost(29, 16, 44).
cost(29, 17, 19).
cost(29, 18, 60).
cost(29, 19, 65).
cost(29, 20, 67).
cost(29, 21, 23).
cost(29, 22, 55).
cost(29, 23, 46).
cost(29, 24, 75).
cost(29, 25, 52).
cost(29, 26, 52).
cost(29, 27, 73).
cost(29, 28, 47).
cost(29, 30, 79).
cost(29, 31, 82).
cost(29, 32, 60).
cost(30, 1, 7).
cost(30, 2, 53).
cost(30, 3, 64).
cost(30, 4, 17).
cost(30, 5, 75).
cost(30, 6, 108).
cost(30, 7, 14).
cost(30, 8, 105).
cost(30, 9, 36).
cost(30, 10, 72).
cost(30, 11, 101).
cost(30, 12, 68).
cost(30, 13, 51).
cost(30, 14, 11).
cost(30, 15, 27).
cost(30, 16, 105).
cost(30, 17, 83).
cost(30, 18, 19).
cost(30, 19, 101).
cost(30, 20, 62).
cost(30, 21, 57).
cost(30, 22, 29).
cost(30, 23, 104).
cost(30, 24, 6).
cost(30, 25, 28).
cost(30, 26, 33).
cost(30, 27, 24).
cost(30, 28, 34).
cost(30, 29, 79).
cost(30, 31, 20).
cost(30, 32, 50).
cost(31, 1, 17).
cost(31, 2, 58).
cost(31, 3, 60).
cost(31, 4, 9).
cost(31, 5, 78).
cost(31, 6, 104).
cost(31, 7, 9).
cost(31, 8, 98).
cost(31, 9, 50).
cost(31, 10, 65).
cost(31, 11, 92).
cost(31, 12, 56).
cost(31, 13, 59).
cost(31, 14, 20).
cost(31, 15, 42).
cost(31, 16, 100).
cost(31, 17, 81).
cost(31, 18, 29).
cost(31, 19, 90).
cost(31, 20, 47).
cost(31, 21, 59).
cost(31, 22, 43).
cost(31, 23, 98).
cost(31, 24, 17).
cost(31, 25, 37).
cost(31, 26, 47).
cost(31, 27, 10).
cost(31, 28, 35).
cost(31, 29, 82).
cost(31, 30, 20).
cost(31, 32, 38).
cost(32, 1, 44).
cost(32, 2, 45).
cost(32, 3, 31).
cost(32, 4, 34).
cost(32, 5, 57).
cost(32, 6, 69).
cost(32, 7, 37).
cost(32, 8, 61).
cost(32, 9, 58).
cost(32, 10, 30).
cost(32, 11, 54).
cost(32, 12, 18).
cost(32, 13, 50).
cost(32, 14, 41).
cost(32, 15, 53).
cost(32, 16, 64).
cost(32, 17, 51).
cost(32, 18, 43).
cost(32, 19, 53).
cost(32, 20, 13).
cost(32, 21, 39).
cost(32, 22, 53).
cost(32, 23, 63).
cost(32, 24, 45).
cost(32, 25, 42).
cost(32, 26, 54).
cost(32, 27, 28).
cost(32, 28, 29).
cost(32, 29, 60).
cost(32, 30, 50).
cost(32, 31, 38).
