dimension(32).
point(1, 38.0319300856, 37.7862910403).
point(2, 2.0725452512, 86.1899176525).
point(3, 31.270204086, 5.1814742039).
point(4, 10.8835599689, 82.8156893947).
point(5, 54.8769011396, 68.4112340518).
point(6, 10.2077995948, 95.1005173666).
point(7, 41.1296747872, 22.398533963).
point(8, 50.3194643978, 59.9754269363).
point(9, 74.3277519326, 80.1570343339).
point(10, 94.340823258, 68.5955155484).
point(11, 34.6808299922, 45.8388631886).
point(12, 16.2674991033, 17.6907731037).
point(13, 86.1482888801, 49.4089097435).
point(14, 35.1485933774, 18.6008743858).
point(15, 60.9492150467, 66.9145130995).
point(16, 55.1625674549, 60.3769306284).
point(17, 44.0141740949, 21.8879464237).
point(18, 90.2595184021, 79.6704508739).
point(19, 25.0356106605, 97.952202906).
point(20, 54.338767215, 44.2942481892).
point(21, 88.8093613257, 59.5781054792).
point(22, 1.9124183952, 89.4015680715).
point(23, 34.3429478232, 23.4118783209).
point(24, 6.6377749255, 93.4864323152).
point(25, 57.3147438343, 58.9891418592).
point(26, 87.2145779885, 69.0126228362).
point(27, 51.1522778381, 54.7101792721).
point(28, 40.9932116787, 12.3355893229).
point(29, 82.9545828112, 30.3718642628).
point(30, 78.3328642297, 38.0135392436).
point(31, 34.631764881, 31.2472216051).
point(32, 75.8263644246, 13.3215645699).
cost(1, 2, 60).
cost(1, 3, 33).
cost(1, 4, 53).
cost(1, 5, 35).
cost(1, 6, 64).
cost(1, 7, 16).
cost(1, 8, 25).
cost(1, 9, 56).
cost(1, 10, 64).
cost(1, 11, 9).
cost(1, 12, 30).
cost(1, 13, 50).
cost(1, 14, 19).
cost(1, 15, 37).
cost(1, 16, 28).
cost(1, 17, 17).
cost(1, 18, 67).
cost(1, 19, 62).
cost(1, 20, 18).
cost(1, 21, 55).
cost(1, 22, 63).
cost(1, 23, 15).
cost(1, 24, 64).
cost(1, 25, 29).
cost(1, 26, 58).
cost(1, 27, 21).
cost(1, 28, 26).
cost(1, 29, 46).
cost(1, 30, 40).
cost(1, 31, 7).
cost(1, 32, 45).
cost(2, 1, 60).
cost(2, 3, 86).
cost(2, 4, 9).
cost(2, 5, 56).
cost(2, 6, 12).
cost(2, 7, 75).
cost(2, 8, 55).
cost(2, 9, 73).
cost(2, 10, 94).
cost(2, 11, 52).
cost(2, 12, 70).
cost(2, 13, 92).
cost(2, 14, 75).
cost(2, 15, 62).
cost(2, 16, 59).
cost(2, 17, 77).
cost(2, 18, 88).
cost(2, 19, 26).
cost(2, 20, 67).
cost(2, 21, 91).
cost(2, 22, 3).
cost(2, 23, 71).
cost(2, 24, 9).
cost(2, 25, 62).
cost(2, 26, 87).
cost(2, 27, 58).
cost(2, 28, 83).
cost(2, 29, 98).
cost(2, 30, 90).
cost(2, 31, 64).
cost(2, 32, 104).
cost(3, 1, 33).
cost(3, 2, 86).
cost(3, 4, 80).
cost(3, 5, 67).
cost(3, 6, 92).
cost(3, 7, 20).
cost(3, 8, 58).
cost(3, 9, 86).
cost(3, 10, 89).
cost(3, 11, 41).
cost(3, 12, 20).
cost(3, 13, 70).
cost(3, 14, 14).
cost(3, 15, 68).
cost(3, 16, 60).
cost(3, 17, 21).
cost(3, 18, 95).
cost(3, 19, 93).
cost(3, 20, 45).
cost(3, 21, 79).
cost(3, 22, 89).
cost(3, 23, 18).
cost(3, 24, 92).
cost(3, 25, 60).
cost(3, 26, 85).
cost(3, 27, 53).
cost(3, 28, 12).
cost(3, 29, 57).
cost(3, 30, 57).
cost(3, 31, 26).
cost(3, 32, 45).
cost(4, 1, 53).
cost(4, 2, 9).
cost(4, 3, 80).
cost(4, 5, 46).
cost(4, 6, 12).
cost(4, 7, 68).
cost(4, 8, 46).
cost(4, 9, 63).
cost(4, 10, 85).
cost(4, 11, 44).
cost(4, 12, 65).
cost(4, 13, 82).
cost(4, 14, 69).
cost(4, 15, 53).
cost(4, 16, 50).
cost(4, 17, 69).
cost(4, 18, 79).
cost(4, 19, 21).
cost(4, 20, 58).
cost(4, 21, 81).
cost(4, 22, 11).
cost(4, 23, 64).
cost(4, 24, 11).
cost(4, 25, 52).
cost(4, 26, 78).
cost(4, 27, 49).
cost(4, 28, 77).
cost(4, 29, 89).
cost(4, 30, 81).
cost(4, 31, 57).
cost(4, 32, 95).
cost(5, 1, 35).
cost(5, 2, 56).
cost(5, 3, 67).
cost(5, 4, 46).
cost(5, 6, 52).
cost(5, 7, 48).
cost(5, 8, 10).
cost(5, 9, 23).
cost(5, 10, 39).
cost(5, 11, 30).
cost(5, 12, 64).
cost(5, 13, 37).
cost(5, 14, 54).
cost(5, 15, 6).
cost(5, 16, 8).
cost(5, 17, 48).
cost(5, 18, 37).
cost(5, 19, 42).
cost(5, 20, 24).
cost(5, 21, 35).
cost(5, 22, 57).
cost(5, 23, 49).
cost(5, 24, 54).
cost(5, 25, 10).
cost(5, 26, 32).
cost(5, 27, 14).
cost(5, 28, 58).
cost(5, 29, 47).
cost(5, 30, 38).
cost(5, 31, 42).
cost(5, 32, 59).
cost(6, 1, 64).
cost(6, 2, 12).
cost(6, 3, 92).
cost(6, 4, 12).
cost(6, 5, 52).
cost(6, 7, 79).
cost(6, 8, 53).
cost(6, 9, 66).
cost(6, 10, 88).
cost(6, 11, 55).
cost(6, 12, 78).
cost(6, 13, 89).
cost(6, 14, 80).
cost(6, 15, 58).
cost(6, 16, 57).
cost(6, 17, 81).
cost(6, 18, 82).
cost(6, 19, 15).
cost(6, 20, 67).
cost(6, 21, 86).
cost(6, 22, 10).
cost(6, 23, 76).
cost(6, 24, 4).
cost(6, 25, 59).
cost(6, 26, 81).
cost(6, 27, 58).
cost(6, 28, 88).
cost(6, 29, 97).
cost(6, 30, 89).
cost(6, 31, 68).
cost(6, 32, 105).
cost(7, 1, 16).
cost(7, 2, 75).
cost(7, 3, 20).
cost(7, 4, 68).
cost(7, 5, 48).
cost(7, 6, 79).
cost(7, 8, 39).
cost(7, 9, 67).
cost(7, 10, 70).
cost(7, 11, 24).
cost(7, 12, 25).
cost(7, 13, 52).
cost(7, 14, 7).
cost(7, 15, 49).
cost(7, 16, 40).
cost(7, 17, 3).
cost(7, 18, 75).
cost(7, 19, 77).
cost(7, 20, 26).
cost(7, 21, 60).
cost(7, 22, 78).
cost(7, 23, 7).
cost(7, 24, 79).
cost(7, 25, 40).
cost(7, 26, 66).
cost(7, 27, 34).
cost(7, 28, 10).
cost(7, 29, 43).
cost(7, 30, 40).
cost(7, 31, 11).
cost(7, 32, 36).
cost(8, 1, 25).
cost(8, 2, 55).
cost(8, 3, 58).
cost(8, 4, 46).
cost(8, 5, 10).
cost(8, 6, 53).
cost(8, 7, 39).
cost(8, 9, 31).
cost(8, 10, 45).
cost(8, 11, 21).
cost(8, 12, 54).
cost(8, 13, 37).
cost(8, 14, 44).
cost(8, 15, 13).
cost(8, 16, 5).
cost(8, 17, 39).
cost(8, 18, 45).
cost(8, 19, 46).
cost(8, 20, 16).
cost(8, 21, 38).
cost(8, 22, 57).
cost(8, 23, 40).
cost(8, 24, 55).
cost(8, 25, 7).
cost(8, 26, 38).
cost(8, 27, 5).
cost(8, 28, 49).
cost(8, 29, 44).
cost(8, 30, 36).
cost(8, 31, 33).
cost(8, 32, 53).
cost(9, 1, 56).
cost(9, 2, 73).
cost(9, 3, 86).
cost(9, 4, 63).
cost(9, 5, 23).
cost(9, 6, 66).
cost(9, 7, 67).
cost(9, 8, 31).
cost(9, 10, 23).
cost(9, 11, 52).
cost(9, 12, 85).
cost(9, 13, 33).
cost(9, 14, 73).
cost(9, 15, 19).
cost(9, 16, 28).
cost(9, 17, 66).
cost(9, 18, 16).
cost(9, 19, 52).
cost(9, 20, 41).
cost(9, 21, 25).
cost(9, 22, 73).
cost(9, 23, 69).
cost(9, 24, 69).
cost(9, 25, 27).
cost(9, 26, 17).
cost(9, 27, 34).
cost(9, 28, 76).
cost(9, 29, 51).
cost(9, 30, 42).
cost(9, 31, 63).
cost(9, 32, 67).
cost(10, 1, 64).
cost(10, 2, 94).
cost(10, 3, 89).
cost(10, 4, 85).
cost(10, 5, 39).
cost(10, 6, 88).
cost(10, 7, 70).
cost(10, 8, 45).
cost(10, 9, 23).
cost(10, 11, 64).
cost(10, 12, 93).
cost(10, 13, 21).
cost(10, 14, 77).
cost(10, 15, 33).
cost(10, 16, 40).
cost(10, 17, 69).
cost(10, 18, 12).
cost(10, 19, 75).
cost(10, 20, 47).
cost(10, 21, 11).
cost(10, 22, 95).
cost(10, 23, 75).
cost(10, 24, 91).
cost(10, 25, 38).
cost(10, 26, 7).
cost(10, 27, 45).
cost(10, 28, 78).
cost(10, 29, 40).
cost(10, 30, 35).
cost(10, 31, 70).
cost(10, 32, 58).
cost(11, 1, 9).
cost(11, 2, 52).
cost(11, 3, 41).
cost(11, 4, 44).
cost(11, 5, 30).
cost(11, 6, 55).
cost(11, 7, 24).
cost(11, 8, 21).
cost(11, 9, 52).
cost(11, 10, 64).
cost(11, 12, 34).
cost(11, 13, 52).
cost(11, 14, 27).
cost(11, 15, 34).
cost(11, 16, 25).
cost(11, 17, 26).
cost(11, 18, 65).
cost(11, 19, 53).
cost(11, 20, 20).
cost(11, 21, 56).
cost(11, 22, 55).
cost(11, 23, 22).
cost(11, 24, 55).
cost(11, 25, 26).
cost(11, 26, 57).
cost(11, 27, 19).
cost(11, 28, 34).
cost(11, 29, 51).
cost(11, 30, 44).
cost(11, 31, 15).
cost(11, 32, 52).
cost(12, 1, 30).
cost(12, 2, 70).
cost(12, 3, 20).
cost(12, 4, 65).
cost(12, 5, 64).
cost(12, 6, 78).
cost(12, 7, 25).
cost(12, 8, 54).
cost(12, 9, 85).
cost(12, 10, 93).
cost(12, 11, 34).
cost(12, 13, 77).
cost(12, 14, 19).
cost(12, 15, 66).
cost(12, 16, 58).
cost(12, 17, 28).
cost(12, 18, 97).
cost(12, 19, 81).
cost(12, 20, 46).
cost(12, 21, 84).
cost(12, 22, 73).
cost(12, 23, 19).
cost(12, 24, 76).
cost(12, 25, 58).
cost(12, 26, 88).
cost(12, 27, 51).
cost(12, 28, 25).
cost(12, 29, 68).
cost(12, 30, 65).
cost(12, 31, 23).
cost(12, 32, 60).
cost(13, 1, 50).
cost(13, 2, 92).
cost(13, 3, 70).
cost(13, 4, 82).
cost(13, 5, 37).
cost(13, 6, 89).
cost(13, 7, 52).
cost(13, 8, 37).
cost(13, 9, 33).
cost(13, 10, 21).
cost(13, 11, 52).
cost(13, 12, 77).
cost(13, 14, 60).
cost(13, 15, 31).
cost(13, 16, 33).
cost(13, 17, 50).
cost(13, 18, 31).
cost(13, 19, 78).
cost(13, 20, 32).
cost(13, 21, 11).
cost(13, 22, 93).
cost(13, 23, 58).
cost(13, 24, 91).
cost(13, 25, 30).
cost(13, 26, 20).
cost(13, 27, 35).
cost(13, 28, 58).
cost(13, 29, 19).
cost(13, 30, 14).
cost(13, 31, 55).
cost(13, 32, 38).
cost(14, 1, 19).
cost(14, 2, 75).
cost(14, 3, 14).
cost(14, 4, 69).
cost(14, 5, 54).
cost(14, 6, 80).
cost(14, 7, 7).
cost(14, 8, 44).
cost(14, 9, 73).
cost(14, 10, 77).
cost(14, 11, 27).
cost(14, 12, 19).
cost(14, 13, 60).
cost(14, 15, 55).
cost(14, 16, 46).
cost(14, 17, 9).
cost(14, 18, 82).
cost(14, 19, 80).
cost(14, 20, 32).
cost(14, 21, 68).
cost(14, 22, 78).
cost(14, 23, 5).
cost(14, 24, 80).
cost(14, 25, 46).
cost(14, 26, 72).
cost(14, 27, 39).
cost(14, 28, 9).
cost(14, 29, 49).
cost(14, 30, 47).
cost(14, 31, 13).
cost(14, 32, 41).
cost(15, 1, 37).
cost(15, 2, 62).
cost(15, 3, 68).
cost(15, 4, 53).
cost(15, 5, 6).
cost(15, 6, 58).
cost(15, 7, 49).
cost(15, 8, 13).
cost(15, 9, 19).
cost(15, 10, 33).
cost(15, 11, 34).
cost(15, 12, 66).
cost(15, 13, 31).
cost(15, 14, 55).
cost(15, 16, 9).
cost(15, 17, 48).
cost(15, 18, 32).
cost(15, 19, 47).
cost(15, 20, 24).
cost(15, 21, 29).
cost(15, 22, 63).
cost(15, 23, 51).
cost(15, 24, 60).
cost(15, 25, 9).
cost(15, 26, 26).
cost(15, 27, 16).
cost(15, 28, 58).
cost(15, 29, 43).
cost(15, 30, 34).
cost(15, 31, 44).
cost(15, 32, 56).
cost(16, 1, 28).
cost(16, 2, 59).
cost(16, 3, 60).
cost(16, 4, 50).
cost(16, 5, 8).
cost(16, 6, 57).
cost(16, 7, 40).
cost(16, 8, 5).
cost(16, 9, 28).
cost(16, 10, 40).
cost(16, 11, 25).
cost(16, 12, 58).
cost(16, 13, 33).
cost(16, 14, 46).
cost(16, 15, 9).
cost(16, 17, 40).
cost(16, 18, 40).
cost(16, 19, 48).
cost(16, 20, 16).
cost(16, 21, 34).
cost(16, 22, 61).
cost(16, 23, 42).
cost(16, 24, 59).
cost(16, 25, 3).
cost(16, 26, 33).
cost(16, 27, 7).
cost(16, 28, 50).
cost(16, 29, 41).
cost(16, 30, 32).
cost(16, 31, 36).
cost(16, 32, 51).
cost(17, 1, 17).
cost(17, 2, 77).
cost(17, 3, 21).
cost(17, 4, 69).
cost(17, 5, 48).
cost(17, 6, 81).
cost(17, 7, 3).
cost(17, 8, 39).
cost(17, 9, 66).
cost(17, 10, 69).
cost(17, 11, 26).
cost(17, 12, 28).
cost(17, 13, 50).
cost(17, 14, 9).
cost(17, 15, 48).
cost(17, 16, 40).
cost(17, 18, 74).
cost(17, 19, 78).
cost(17, 20, 25).
cost(17, 21, 59).
cost(17, 22, 80).
cost(17, 23, 10).
cost(17, 24, 81).
cost(17, 25, 39).
cost(17, 26, 64).
cost(17, 27, 34).
cost(17, 28, 10).
cost(17, 29, 40).
cost(17, 30, 38).
cost(17, 31, 13).
cost(17, 32, 33).
cost(18, 1, 67).
cost(18, 2, 88).
cost(18, 3, 95).
cost(18, 4, 79).
cost(18, 5, 37).
cost(18, 6, 82).
cost(18, 7, 75).
cost(18, 8, 45).
cost(18, 9, 16).
cost(18, 10, 12).
cost(18, 11, 65).
cost(18, 12, 97).
cost(18, 13, 31).
cost(18, 14, 82).
cost(18, 15, 32).
cost(18, 16, 40).
cost(18, 17, 74).
cost(18, 19, 68).
cost(18, 20, 50).
cost(18, 21, 20).
cost(18, 22, 89).
cost(18, 23, 79).
cost(18, 24, 85).
cost(18, 25, 39).
cost(18, 26, 11).
cost(18, 27, 46).
cost(18, 28, 83).
cost(18, 29, 50).
cost(18, 30, 43).
cost(18, 31, 74).
cost(18, 32, 68).
cost(19, 1, 62).
cost(19, 2, 26).
cost(19, 3, 93).
cost(19, 4, 21).
cost(19, 5, 42).
cost(19, 6, 15).
cost(19, 7, 77).
cost(19, 8, 46).
cost(19, 9, 52).
cost(19, 10, 75).
cost(19, 11, 53).
cost(19, 12, 81).
cost(19, 13, 78).
cost(19, 14, 80).
cost(19, 15, 47).
cost(19, 16, 48).
cost(19, 17, 78).
cost(19, 18, 68).
cost(19, 20, 61).
cost(19, 21, 74).
cost(19, 22, 25).
cost(19, 23, 75).
cost(19, 24, 19).
cost(19, 25, 51).
cost(19, 26, 69).
cost(19, 27, 51).
cost(19, 28, 87).
cost(19, 29, 89).
cost(19, 30, 80).
cost(19, 31, 67).
cost(19, 32, 99).
cost(20, 1, 18).
cost(20, 2, 67).
cost(20, 3, 45).
cost(20, 4, 58).
cost(20, 5, 24).
cost(20, 6, 67).
cost(20, 7, 26).
cost(20, 8, 16).
cost(20, 9, 41).
cost(20, 10, 47).
cost(20, 11, 20).
cost(20, 12, 46).
cost(20, 13, 32).
cost(20, 14, 32).
cost(20, 15, 24).
cost(20, 16, 16).
cost(20, 17, 25).
cost(20, 18, 50).
cost(20, 19, 61).
cost(20, 21, 38).
cost(20, 22, 69).
cost(20, 23, 29).
cost(20, 24, 69).
cost(20, 25, 15).
cost(20, 26, 41).
cost(20, 27, 11).
cost(20, 28, 35).
cost(20, 29, 32).
cost(20, 30, 25).
cost(20, 31, 24).
cost(20, 32, 38).
cost(21, 1, 55).
cost(21, 2, 91).
cost(21, 3, 79).
cost(21, 4, 81).
cost(21, 5, 35).
cost(21, 6, 86).
cost(21, 7, 60).
cost(21, 8, 38).
cost(21, 9, 25).
cost(21, 10, 11).
cost(21, 11, 56).
cost(21, 12, 84).
cost(21, 13, 11).
cost(21, 14, 68).
cost(21, 15, 29).
cost(21, 16, 34).
cost(21, 17, 59).
cost(21, 18, 20).
cost(21, 19, 74).
cost(21, 20, 38).
cost(21, 22, 92).
cost(21, 23, 65).
cost(21, 24, 89).
cost(21, 25, 32).
cost(21, 26, 10).
cost(21, 27, 38).
cost(21, 28, 67).
cost(21, 29, 30).
cost(21, 30, 24).
cost(21, 31, 61).
cost(21, 32, 48).
cost(22, 1, 63).
cost(22, 2, 3).
cost(22, 3, 89).
cost(22, 4, 11).
cost(22, 5, 57).
cost(22, 6, 10).
cost(22, 7, 78).
cost(22, 8, 57).
cost(22, 9, 73).
cost(22, 10, 95).
cost(22, 11, 55).
cost(22, 12, 73).
cost(22, 13, 93).
cost(22, 14, 78).
cost(22, 15, 63).
cost(22, 16, 61).
cost(22, 17, 80).
cost(22, 18, 89).
cost(22, 19, 25).
cost(22, 20, 69).
cost(22, 21, 92).
cost(22, 23, 74).
cost(22, 24, 6).
cost(22, 25, 63).
cost(22, 26, 88).
cost(22, 27, 60).
cost(22, 28, 86).
cost(22, 29, 100).
cost(22, 30, 92).
cost(22, 31, 67).
cost(22, 32, 106).
cost(23, 1, 15).
cost(23, 2, 71).
cost(23, 3, 18).
cost(23, 4, 64).
cost(23, 5, 49).
cost(23, 6, 76).
cost(23, 7, 7).
cost(23, 8, 40).
cost(23, 9, 69).
cost(23, 10, 75).
cost(23, 11, 22).
cost(23, 12, 19).
cost(23, 13, 58).
cost(23, 14, 5).
cost(23, 15, 51).
cost(23, 16, 42).
cost(23, 17, 10).
cost(23, 18, 79).
cost(23, 19, 75).
cost(23, 20, 29).
cost(23, 21, 65).
cost(23, 22, 74).
cost(23, 24, 75).
cost(23, 25, 42).
cost(23, 26, 70).
cost(23, 27, 36).
cost(23, 28, 13).
cost(23, 29, 49).
cost(23, 30, 46).
cost(23, 31, 8).
cost(23, 32, 43).
cost(24, 1, 64).
cost(24, 2, 9).
cost(24, 3, 92).
cost(24, 4, 11).
cost(24, 5, 54).
cost(24, 6, 4).
cost(24, 7, 79).
cost(24, 8, 55).
cost(24, 9, 69).
cost(24, 10, 91).
cost(24, 11, 55).
cost(24, 12, 76).
cost(24, 13, 91).
cost(24, 14, 80).
cost(24, 15, 60).
cost(24, 16, 59).
cost(24, 17, 81).
cost(24, 18, 85).
cost(24, 19, 19).
cost(24, 20, 69).
cost(24, 21, 89).
cost(24, 22, 6).
cost(24, 23, 75).
cost(24, 25, 61).
cost(24, 26, 84).
cost(24, 27, 59).
cost(24, 28, 88).
cost(24, 29, 99).
cost(24, 30, 91).
cost(24, 31, 68).
cost(24, 32, 106).
cost(25, 1, 29).
cost(25, 2, 62).
cost(25, 3, 60).
cost(25, 4, 52).
cost(25, 5, 10).
cost(25, 6, 59).
cost(25, 7, 40).
cost(25, 8, 7).
cost(25, 9, 27).
cost(25, 10, 38).
cost(25, 11, 26).
cost(25, 12, 58).
cost(25, 13, 30).
cost(25, 14, 46).
cost(25, 15, 9).
cost(25, 16, 3).
cost(25, 17, 39).
cost(25, 18, 39).
cost(25, 19, 51).
cost(25, 20, 15).
cost(25, 21, 32).
cost(25, 22, 63).
cost(25, 23, 42).
cost(25, 24, 61).
cost(25, 26, 32).
cost(25, 27, 8).
cost(25, 28, 49).
cost(25, 29, 38).
cost(25, 30, 30).
cost(25, 31, 36).
cost(25, 32, 49).
cost(26, 1, 58).
cost(26, 2, 87).
cost(26, 3, 85).
cost(26, 4, 78).
cost(26, 5, 32).
cost(26, 6, 81).
cost(26, 7, 66).
cost(26, 8, 38).
cost(26, 9, 17).
cost(26, 10, 7).
cost(26, 11, 57).
cost(26, 12, 88).
cost(26, 13, 20).
cost(26, 14, 72).
cost(26, 15, 26).
cost(26, 16, 33).
cost(26, 17, 64).
cost(26, 18, 11).
cost(26, 19, 69).
cost(26, 20, 41).
cost(26, 21, 10).
cost(26, 22, 88).
cost(26, 23, 70).
cost(26, 24, 84).
cost(26, 25, 32).
cost(26, 27, 39).
cost(26, 28, 73).
cost(26, 29, 39).
cost(26, 30, 32).
cost(26, 31, 65).
cost(26, 32, 57).
cost(27, 1, 21).
cost(27, 2, 58).
cost(27, 3, 53).
cost(27, 4, 49).
cost(27, 5, 14).
cost(27, 6, 58).
cost(27, 7, 34).
cost(27, 8, 5).
cost(27, 9, 34).
cost(27, 10, 45).
cost(27, 11, 19).
cost(27, 12, 51).
cost(27, 13, 35).
cost(27, 14, 39).
cost(27, 15, 16).
cost(27, 16, 7).
cost(27, 17, 34).
cost(27, 18, 46).
cost(27, 19, 51).
cost(27, 20, 11).
cost(27, 21, 38).
cost(27, 22, 60).
cost(27, 23, 36).
cost(27, 24, 59).
cost(27, 25, 8).
cost(27, 26, 39).
cost(27, 28, 44).
cost(27, 29, 40).
cost(27, 30, 32).
cost(27, 31, 29).
cost(27, 32, 48).
cost(28, 1, 26).
cost(28, 2, 83).
cost(28, 3, 12).
cost(28, 4, 77).
cost(28, 5, 58).
cost(28, 6, 88).
cost(28, 7, 10).
cost(28, 8, 49).
cost(28, 9, 76).
cost(28, 10, 78).
cost(28, 11, 34).
cost(28, 12, 25).
cost(28, 13, 58).
cost(28, 14, 9).
cost(28, 15, 58).
cost(28, 16, 50).
cost(28, 17, 10).
cost(28, 18, 83).
cost(28, 19, 87).
cost(28, 20, 35).
cost(28, 21, 67).
cost(28, 22, 86).
cost(28, 23, 13).
cost(28, 24, 88).
cost(28, 25, 49).
cost(28, 26, 73).
cost(28, 27, 44).
cost(28, 29, 46).
cost(28, 30, 45).
cost(28, 31, 20).
cost(28, 32, 35).
cost(29, 1, 46).
cost(29, 2, 98).
cost(29, 3, 57).
cost(29, 4, 89).
cost(29, 5, 47).
cost(29, 6, 97).
cost(29, 7, 43).
cost(29, 8, 44).
cost(29, 9, 51).
cost(29, 10, 40).
cost(29, 11, 51).
cost(29, 12, 68).
cost(29, 13, 19).
cost(29, 14, 49).
cost(29, 15, 43).
cost(29, 16, 41).
cost(29, 17, 40).
cost(29, 18, 50).
cost(29, 19, 89).
cost(29, 20, 32).
cost(29, 21, 30).
cost(29, 22, 100).
cost(29, 23, 49).
cost(29, 24, 99).
cost(29, 25, 38).
cost(29, 26, 39).
cost(29, 27, 40).
cost(29, 28, 46).
cost(29, 30, 9).
cost(29, 31, 48).
cost(29, 32, 18).
cost(30, 1, 40).
cost(30, 2, 90).
cost(30, 3, 57).
cost(30, 4, 81).
cost(30, 5, 38).
cost(30, 6, 89).
cost(30, 7, 40).
cost(30, 8, 36).
cost(30, 9, 42).
cost(30, 10, 35).
cost(30, 11, 44).
cost(30, 12, 65).
cost(30, 13, 14).
cost(30, 14, 47).
cost(30, 15, 34).
cost(30, 16, 32).
cost(30, 17, 38).
cost(30, 18, 43).
cost(30, 19, 80).
cost(30, 20, 25).
cost(30, 21, 24).
cost(30, 22, 92).
cost(30, 23, 46).
cost(30, 24, 91).
cost(30, 25, 30).
cost(30, 26, 32).
cost(30, 27, 32).
cost(30, 28, 45).
cost(30, 29, 9).
cost(30, 31, 44).
cost(30, 32, 25).
cost(31, 1, 7).
cost(31, 2, 64).
cost(31, 3, 26).
cost(31, 4, 57).
cost(31, 5, 42).
cost(31, 6, 68).
cost(31, 7, 11).
cost(31, 8, 33).
cost(31, 9, 63).
cost(31, 10, 70).
cost(31, 11, 15).
cost(31, 12, 23).
cost(31, 13, 55).
cost(31, 14, 13).
cost(31, 15, 44).
cost(31, 16, 36).
cost(31, 17, 13).
cost(31, 18, 74).
cost(31, 19, 67).
cost(31, 20, 24).
cost(31, 21, 61).
cost(31, 22, 67).
cost(31, 23, 8).
cost(31, 24, 68).
cost(31, 25, 36).
cost(31, 26, 65).
cost(31, 27, 29).
cost(31, 28, 20).
cost(31, 29, 48).
cost(31, 30, 44).
cost(31, 32, 45).
cost(32, 1, 45).
cost(32, 2, 104).
cost(32, 3, 45).
cost(32, 4, 95).
cost(32, 5, 59).
cost(32, 6, 105).
cost(32, 7, 36).
cost(32, 8, 53).
cost(32, 9, 67).
cost(32, 10, 58).
cost(32, 11, 52).
cost(32, 12, 60).
cost(32, 13, 38).
cost(32, 14, 41).
cost(32, 15, 56).
cost(32, 16, 51).
cost(32, 17, 33).
cost(32, 18, 68).
cost(32, 19, 99).
cost(32, 20, 38).
cost(32, 21, 48).
cost(32, 22, 106).
cost(32, 23, 43).
cost(32, 24, 106).
cost(32, 25, 49).
cost(32, 26, 57).
cost(32, 27, 48).
cost(32, 28, 35).
cost(32, 29, 18).
cost(32, 30, 25).
cost(32, 31, 45).
