dimension(24).
point(1, 79.9171713186, 9.0304546325).
point(2, 70.7320291281, 68.810141311).
point(3, 97.3347057364, 72.2738498461).
point(4, 11.3373115217, 43.548484271).
point(5, 11.5304723174, 19.5183784949).
point(6, 62.0127890676, 24.0810285894).
point(7, 48.8359673861, 79.4050607036).
point(8, 52.3292346194, 51.0420921142).
point(9, 53.1691017581, 10.5685886407).
point(10, 38.3852988213, 38.4082839608).
point(11, 68.750900983, 23.3449282478).
point(12, 86.2816679761, 86.1355691796).
point(13, 23.2811891141, 75.422047522).
point(14, 35.8100318014, 54.7053410907).
point(15, 99.0849431029, 75.3215041223).
point(16, 21.2981582041, 49.3526017505).
point(17, 58.0223367805, 7.6388910643).
point(18, 7.1736779266, 10.1252371502).
point(19, 95.7280146135, 89.5517949291).
point(20, 35.5402993115, 3.4086596758).
point(21, 11.323159977, 25.0474382348).
point(22, 23.0109740242, 52.5014542407).
point(23, 81.8300004755, 21.5165360331).
point(24, 83.0894277967, 7.7169145042).
cost(1, 2, 60).
cost(1, 3, 66).
cost(1, 4, 77).
cost(1, 5, 69).
cost(1, 6, 23).
cost(1, 7, 77).
cost(1, 8, 50).
cost(1, 9, 27).
cost(1, 10, 51).
cost(1, 11, 18).
cost(1, 12, 77).
cost(1, 13, 87).
cost(1, 14, 63).
cost(1, 15, 69).
cost(1, 16, 71).
cost(1, 17, 22).
cost(1, 18, 73).
cost(1, 19, 82).
cost(1, 20, 45).
cost(1, 21, 70).
cost(1, 22, 72).
cost(1, 23, 13).
cost(1, 24, 3).
cost(2, 1, 60).
cost(2, 3, 27).
cost(2, 4, 65).
cost(2, 5, 77).
cost(2, 6, 46).
cost(2, 7, 24).
cost(2, 8, 26).
cost(2, 9, 61).
cost(2, 10, 44).
cost(2, 11, 46).
cost(2, 12, 23).
cost(2, 13, 48).
cost(2, 14, 38).
cost(2, 15, 29).
cost(2, 16, 53).
cost(2, 17, 62).
cost(2, 18, 87).
cost(2, 19, 32).
cost(2, 20, 74).
cost(2, 21, 74).
cost(2, 22, 50).
cost(2, 23, 49).
cost(2, 24, 62).
cost(3, 1, 66).
cost(3, 2, 27).
cost(3, 4, 91).
cost(3, 5, 101).
cost(3, 6, 60).
cost(3, 7, 49).
cost(3, 8, 50).
cost(3, 9, 76).
cost(3, 10, 68).
cost(3, 11, 57).
cost(3, 12, 18).
cost(3, 13, 74).
cost(3, 14, 64).
cost(3, 15, 4).
cost(3, 16, 79).
cost(3, 17, 76).
cost(3, 18, 110).
cost(3, 19, 17).
cost(3, 20, 93).
cost(3, 21, 98).
cost(3, 22, 77).
cost(3, 23, 53).
cost(3, 24, 66).
cost(4, 1, 77).
cost(4, 2, 65).
cost(4, 3, 91).
cost(4, 5, 24).
cost(4, 6, 54).
cost(4, 7, 52).
cost(4, 8, 42).
cost(4, 9, 53).
cost(4, 10, 28).
cost(4, 11, 61).
cost(4, 12, 86).
cost(4, 13, 34).
cost(4, 14, 27).
cost(4, 15, 93).
cost(4, 16, 12).
cost(4, 17, 59).
cost(4, 18, 34).
cost(4, 19, 96).
cost(4, 20, 47).
cost(4, 21, 19).
cost(4, 22, 15).
cost(4, 23, 74).
cost(4, 24, 80).
cost(5, 1, 69).
cost(5, 2, 77).
cost(5, 3, 101).
cost(5, 4, 24).
cost(5, 6, 51).
cost(5, 7, 71).
cost(5, 8, 52).
cost(5, 9, 43).
cost(5, 10, 33).
cost(5, 11, 57).
cost(5, 12, 100).
cost(5, 13, 57).
cost(5, 14, 43).
cost(5, 15, 104).
cost(5, 16, 31).
cost(5, 17, 48).
cost(5, 18, 10).
cost(5, 19, 110).
cost(5, 20, 29).
cost(5, 21, 6).
cost(5, 22, 35).
cost(5, 23, 70).
cost(5, 24, 73).
cost(6, 1, 23).
cost(6, 2, 46).
cost(6, 3, 60).
cost(6, 4, 54).
cost(6, 5, 51).
cost(6, 7, 57).
cost(6, 8, 29).
cost(6, 9, 16).
cost(6, 10, 28).
cost(6, 11, 7).
cost(6, 12, 67).
cost(6, 13, 64).
cost(6, 14, 40).
cost(6, 15, 63).
cost(6, 16, 48).
cost(6, 17, 17).
cost(6, 18, 57).
cost(6, 19, 74).
cost(6, 20, 34).
cost(6, 21, 51).
cost(6, 22, 48).
cost(6, 23, 20).
cost(6, 24, 27).
cost(7, 1, 77).
cost(7, 2, 24).
cost(7, 3, 49).
cost(7, 4, 52).
cost(7, 5, 71).
cost(7, 6, 57).
cost(7, 8, 29).
cost(7, 9, 69).
cost(7, 10, 42).
cost(7, 11, 59).
cost(7, 12, 38).
cost(7, 13, 26).
cost(7, 14, 28).
cost(7, 15, 50).
cost(7, 16, 41).
cost(7, 17, 72).
cost(7, 18, 81).
cost(7, 19, 48).
cost(7, 20, 77).
cost(7, 21, 66).
cost(7, 22, 37).
cost(7, 23, 67).
cost(7, 24, 79).
cost(8, 1, 50).
cost(8, 2, 26).
cost(8, 3, 50).
cost(8, 4, 42).
cost(8, 5, 52).
cost(8, 6, 29).
cost(8, 7, 29).
cost(8, 9, 40).
cost(8, 10, 19).
cost(8, 11, 32).
cost(8, 12, 49).
cost(8, 13, 38).
cost(8, 14, 17).
cost(8, 15, 53).
cost(8, 16, 31).
cost(8, 17, 44).
cost(8, 18, 61).
cost(8, 19, 58).
cost(8, 20, 51).
cost(8, 21, 49).
cost(8, 22, 29).
cost(8, 23, 42).
cost(8, 24, 53).
cost(9, 1, 27).
cost(9, 2, 61).
cost(9, 3, 76).
cost(9, 4, 53).
cost(9, 5, 43).
cost(9, 6, 16).
cost(9, 7, 69).
cost(9, 8, 40).
cost(9, 10, 32).
cost(9, 11, 20).
cost(9, 12, 83).
cost(9, 13, 71).
cost(9, 14, 47).
cost(9, 15, 79).
cost(9, 16, 50).
cost(9, 17, 6).
cost(9, 18, 46).
cost(9, 19, 90).
cost(9, 20, 19).
cost(9, 21, 44).
cost(9, 22, 52).
cost(9, 23, 31).
cost(9, 24, 30).
cost(10, 1, 51).
cost(10, 2, 44).
cost(10, 3, 68).
cost(10, 4, 28).
cost(10, 5, 33).
cost(10, 6, 28).
cost(10, 7, 42).
cost(10, 8, 19).
cost(10, 9, 32).
cost(10, 11, 34).
cost(10, 12, 68).
cost(10, 13, 40).
cost(10, 14, 16).
cost(10, 15, 71).
cost(10, 16, 20).
cost(10, 17, 37).
cost(10, 18, 42).
cost(10, 19, 77).
cost(10, 20, 35).
cost(10, 21, 30).
cost(10, 22, 21).
cost(10, 23, 47).
cost(10, 24, 54).
cost(11, 1, 18).
cost(11, 2, 46).
cost(11, 3, 57).
cost(11, 4, 61).
cost(11, 5, 57).
cost(11, 6, 7).
cost(11, 7, 59).
cost(11, 8, 32).
cost(11, 9, 20).
cost(11, 10, 34).
cost(11, 12, 65).
cost(11, 13, 69).
cost(11, 14, 45).
cost(11, 15, 60).
cost(11, 16, 54).
cost(11, 17, 19).
cost(11, 18, 63).
cost(11, 19, 71).
cost(11, 20, 39).
cost(11, 21, 57).
cost(11, 22, 54).
cost(11, 23, 13).
cost(11, 24, 21).
cost(12, 1, 77).
cost(12, 2, 23).
cost(12, 3, 18).
cost(12, 4, 86).
cost(12, 5, 100).
cost(12, 6, 67).
cost(12, 7, 38).
cost(12, 8, 49).
cost(12, 9, 83).
cost(12, 10, 68).
cost(12, 11, 65).
cost(12, 13, 64).
cost(12, 14, 59).
cost(12, 15, 17).
cost(12, 16, 75).
cost(12, 17, 83).
cost(12, 18, 110).
cost(12, 19, 10).
cost(12, 20, 97).
cost(12, 21, 97).
cost(12, 22, 72).
cost(12, 23, 65).
cost(12, 24, 78).
cost(13, 1, 87).
cost(13, 2, 48).
cost(13, 3, 74).
cost(13, 4, 34).
cost(13, 5, 57).
cost(13, 6, 64).
cost(13, 7, 26).
cost(13, 8, 38).
cost(13, 9, 71).
cost(13, 10, 40).
cost(13, 11, 69).
cost(13, 12, 64).
cost(13, 14, 24).
cost(13, 15, 76).
cost(13, 16, 26).
cost(13, 17, 76).
cost(13, 18, 67).
cost(13, 19, 74).
cost(13, 20, 73).
cost(13, 21, 52).
cost(13, 22, 23).
cost(13, 23, 80).
cost(13, 24, 90).
cost(14, 1, 63).
cost(14, 2, 38).
cost(14, 3, 64).
cost(14, 4, 27).
cost(14, 5, 43).
cost(14, 6, 40).
cost(14, 7, 28).
cost(14, 8, 17).
cost(14, 9, 47).
cost(14, 10, 16).
cost(14, 11, 45).
cost(14, 12, 59).
cost(14, 13, 24).
cost(14, 15, 67).
cost(14, 16, 15).
cost(14, 17, 52).
cost(14, 18, 53).
cost(14, 19, 69).
cost(14, 20, 51).
cost(14, 21, 38).
cost(14, 22, 13).
cost(14, 23, 57).
cost(14, 24, 67).
cost(15, 1, 69).
cost(15, 2, 29).
cost(15, 3, 4).
cost(15, 4, 93).
cost(15, 5, 104).
cost(15, 6, 63).
cost(15, 7, 50).
cost(15, 8, 53).
cost(15, 9, 79).
cost(15, 10, 71).
cost(15, 11, 60).
cost(15, 12, 17).
cost(15, 13, 76).
cost(15, 14, 67).
cost(15, 16, 82).
cost(15, 17, 79).
cost(15, 18, 113).
cost(15, 19, 15).
cost(15, 20, 96).
cost(15, 21, 101).
cost(15, 22, 79).
cost(15, 23, 57).
cost(15, 24, 69).
cost(16, 1, 71).
cost(16, 2, 53).
cost(16, 3, 79).
cost(16, 4, 12).
cost(16, 5, 31).
cost(16, 6, 48).
cost(16, 7, 41).
cost(16, 8, 31).
cost(16, 9, 50).
cost(16, 10, 20).
cost(16, 11, 54).
cost(16, 12, 75).
cost(16, 13, 26).
cost(16, 14, 15).
cost(16, 15, 82).
cost(16, 17, 56).
cost(16, 18, 42).
cost(16, 19, 85).
cost(16, 20, 48).
cost(16, 21, 26).
cost(16, 22, 4).
cost(16, 23, 67).
cost(16, 24, 75).
cost(17, 1, 22).
cost(17, 2, 62).
cost(17, 3, 76).
cost(17, 4, 59).
cost(17, 5, 48).
cost(17, 6, 17).
cost(17, 7, 72).
cost(17, 8, 44).
cost(17, 9, 6).
cost(17, 10, 37).
cost(17, 11, 19).
cost(17, 12, 83).
cost(17, 13, 76).
cost(17, 14, 52).
cost(17, 15, 79).
cost(17, 16, 56).
cost(17, 18, 51).
cost(17, 19, 90).
cost(17, 20, 23).
cost(17, 21, 50).
cost(17, 22, 57).
cost(17, 23, 28).
cost(17, 24, 25).
cost(18, 1, 73).
cost(18, 2, 87).
cost(18, 3, 110).
cost(18, 4, 34).
cost(18, 5, 10).
cost(18, 6, 57).
cost(18, 7, 81).
cost(18, 8, 61).
cost(18, 9, 46).
cost(18, 10, 42).
cost(18, 11, 63).
cost(18, 12, 110).
cost(18, 13, 67).
cost(18, 14, 53).
cost(18, 15, 113).
cost(18, 16, 42).
cost(18, 17, 51).
cost(18, 19, 119).
cost(18, 20, 29).
cost(18, 21, 15).
cost(18, 22, 45).
cost(18, 23, 76).
cost(18, 24, 76).
cost(19, 1, 82).
cost(19, 2, 32).
cost(19, 3, 17).
cost(19, 4, 96).
cost(19, 5, 110).
cost(19, 6, 74).
cost(19, 7, 48).
cost(19, 8, 58).
cost(19, 9, 90).
cost(19, 10, 77).
cost(19, 11, 71).
cost(19, 12, 10).
cost(19, 13, 74).
cost(19, 14, 69).
cost(19, 15, 15).
cost(19, 16, 85).
cost(19, 17, 90).
cost(19, 18, 119).
cost(19, 20, 105).
cost(19, 21, 106).
cost(19, 22, 82).
cost(19, 23, 69).
cost(19, 24, 83).
cost(20, 1, 45).
cost(20, 2, 74).
cost(20, 3, 93).
cost(20, 4, 47).
cost(20, 5, 29).
cost(20, 6, 34).
cost(20, 7, 77).
cost(20, 8, 51).
cost(20, 9, 19).
cost(20, 10, 35).
cost(20, 11, 39).
cost(20, 12, 97).
cost(20, 13, 73).
cost(20, 14, 51).
cost(20, 15, 96).
cost(20, 16, 48).
cost(20, 17, 23).
cost(20, 18, 29).
cost(20, 19, 105).
cost(20, 21, 32).
cost(20, 22, 51).
cost(20, 23, 50).
cost(20, 24, 48).
cost(21, 1, 70).
cost(21, 2, 74).
cost(21, 3, 98).
cost(21, 4, 19).
cost(21, 5, 6).
cost(21, 6, 51).
cost(21, 7, 66).
cost(21, 8, 49).
cost(21, 9, 44).
cost(21, 10, 30).
cost(21, 11, 57).
cost(21, 12, 97).
cost(21, 13, 52).
cost(21, 14, 38).
cost(21, 15, 101).
cost(21, 16, 26).
cost(21, 17, 50).
cost(21, 18, 15).
cost(21, 19, 106).
cost(21, 20, 32).
cost(21, 22, 30).
cost(21, 23, 71).
cost(21, 24, 74).
cost(22, 1, 72).
cost(22, 2, 50).
cost(22, 3, 77).
cost(22, 4, 15).
cost(22, 5, 35).
cost(22, 6, 48).
cost(22, 7, 37).
cost(22, 8, 29).
cost(22, 9, 52).
cost(22, 10, 21).
cost(22, 11, 54).
cost(22, 12, 72).
cost(22, 13, 23).
cost(22, 14, 13).
cost(22, 15, 79).
cost(22, 16, 4).
cost(22, 17, 57).
cost(22, 18, 45).
cost(22, 19, 82).
cost(22, 20, 51).
cost(22, 21, 30).
cost(22, 23, 66).
cost(22, 24, 75).
cost(23, 1, 13).
cost(23, 2, 49).
cost(23, 3, 53).
cost(23, 4, 74).
cost(23, 5, 70).
cost(23, 6, 20).
cost(23, 7, 67).
cost(23, 8, 42).
cost(23, 9, 31).
cost(23, 10, 47).
cost(23, 11, 13).
cost(23, 12, 65).
cost(23, 13, 80).
cost(23, 14, 57).
cost(23, 15, 57).
cost(23, 16, 67).
cost(23, 17, 28).
cost(23, 18, 76).
cost(23, 19, 69).
cost(23, 20, 50).
cost(23, 21, 71).
cost(23, 22, 66).
cost(23, 24, 14).
cost(24, 1, 3).
cost(24, 2, 62).
cost(24, 3, 66).
cost(24, 4, 80).
cost(24, 5, 73).
cost(24, 6, 27).
cost(24, 7, 79).
cost(24, 8, 53).
cost(24, 9, 30).
cost(24, 10, 54).
cost(24, 11, 21).
cost(24, 12, 78).
cost(24, 13, 90).
cost(24, 14, 67).
cost(24, 15, 69).
cost(24, 16, 75).
cost(24, 17, 25).
cost(24, 18, 76).
cost(24, 19, 83).
cost(24, 20, 48).
cost(24, 21, 74).
cost(24, 22, 75).
cost(24, 23, 14).
