dimension(24).
point(1, 13.8952966002, 72.5434111832).
point(2, 20.7536228004, 65.8389744961).
point(3, 68.6456325999, 30.295130347).
point(4, 93.3752563002, 34.3326524562).
point(5, 6.3197948914, 3.756449789).
point(6, 83.8076612049, 21.8291214892).
point(7, 13.81604882, 92.7811209596).
point(8, 90.3361365424, 46.5943808846).
point(9, 60.9611089989, 80.8849346395).
point(10, 88.5568922474, 82.2047839415).
point(11, 77.1184548789, 35.8453055296).
point(12, 71.2714160413, 77.5772422539).
point(13, 61.5517834931, 56.394106966).
point(14, 88.1774656558, 41.8474884744).
point(15, 48.4185341874, 65.6948193695).
point(16, 41.9114063555, 48.2814197469).
point(17, 43.700853822, 47.2675626181).
point(18, 81.7541510241, 49.4479119615).
point(19, 98.1635412169, 36.6517888807).
point(20, 28.6229296542, 7.1978937117).
point(21, 26.0510770783, 27.2070039333).
point(22, 27.7901254714, 83.1000869912).
point(23, 91.4035838474, 76.6293359677).
point(24, 16.466560934, 19.9525419859).
cost(1, 2, 10).
cost(1, 3, 69).
cost(1, 4, 88).
cost(1, 5, 69).
cost(1, 6, 86).
cost(1, 7, 20).
cost(1, 8, 81).
cost(1, 9, 48).
cost(1, 10, 75).
cost(1, 11, 73).
cost(1, 12, 58).
cost(1, 13, 50).
cost(1, 14, 80).
cost(1, 15, 35).
cost(1, 16, 37).
cost(1, 17, 39).
cost(1, 18, 72).
cost(1, 19, 92).
cost(1, 20, 67).
cost(1, 21, 47).
cost(1, 22, 17).
cost(1, 23, 78).
cost(1, 24, 53).
cost(2, 1, 10).
cost(2, 3, 60).
cost(2, 4, 79).
cost(2, 5, 64).
cost(2, 6, 77).
cost(2, 7, 28).
cost(2, 8, 72).
cost(2, 9, 43).
cost(2, 10, 70).
cost(2, 11, 64).
cost(2, 12, 52).
cost(2, 13, 42).
cost(2, 14, 72).
cost(2, 15, 28).
cost(2, 16, 27).
cost(2, 17, 30).
cost(2, 18, 63).
cost(2, 19, 83).
cost(2, 20, 59).
cost(2, 21, 39).
cost(2, 22, 19).
cost(2, 23, 71).
cost(2, 24, 46).
cost(3, 1, 69).
cost(3, 2, 60).
cost(3, 4, 25).
cost(3, 5, 68).
cost(3, 6, 17).
cost(3, 7, 83).
cost(3, 8, 27).
cost(3, 9, 51).
cost(3, 10, 56).
cost(3, 11, 10).
cost(3, 12, 47).
cost(3, 13, 27).
cost(3, 14, 23).
cost(3, 15, 41).
cost(3, 16, 32).
cost(3, 17, 30).
cost(3, 18, 23).
cost(3, 19, 30).
cost(3, 20, 46).
cost(3, 21, 43).
cost(3, 22, 67).
cost(3, 23, 52).
cost(3, 24, 53).
cost(4, 1, 88).
cost(4, 2, 79).
cost(4, 3, 25).
cost(4, 5, 92).
cost(4, 6, 16).
cost(4, 7, 99).
cost(4, 8, 13).
cost(4, 9, 57).
cost(4, 10, 48).
cost(4, 11, 16).
cost(4, 12, 49).
cost(4, 13, 39).
cost(4, 14, 9).
cost(4, 15, 55).
cost(4, 16, 53).
cost(4, 17, 51).
cost(4, 18, 19).
cost(4, 19, 5).
cost(4, 20, 70).
cost(4, 21, 68).
cost(4, 22, 82).
cost(4, 23, 42).
cost(4, 24, 78).
cost(5, 1, 69).
cost(5, 2, 64).
cost(5, 3, 68).
cost(5, 4, 92).
cost(5, 6, 80).
cost(5, 7, 89).
cost(5, 8, 94).
cost(5, 9, 95).
cost(5, 10, 114).
cost(5, 11, 78).
cost(5, 12, 98).
cost(5, 13, 76).
cost(5, 14, 90).
cost(5, 15, 75).
cost(5, 16, 57).
cost(5, 17, 57).
cost(5, 18, 88).
cost(5, 19, 98).
cost(5, 20, 23).
cost(5, 21, 31).
cost(5, 22, 82).
cost(5, 23, 112).
cost(5, 24, 19).
cost(6, 1, 86).
cost(6, 2, 77).
cost(6, 3, 17).
cost(6, 4, 16).
cost(6, 5, 80).
cost(6, 7, 100).
cost(6, 8, 26).
cost(6, 9, 63).
cost(6, 10, 61).
cost(6, 11, 16).
cost(6, 12, 57).
cost(6, 13, 41).
cost(6, 14, 20).
cost(6, 15, 56).
cost(6, 16, 50).
cost(6, 17, 47).
cost(6, 18, 28).
cost(6, 19, 21).
cost(6, 20, 57).
cost(6, 21, 58).
cost(6, 22, 83).
cost(6, 23, 55).
cost(6, 24, 67).
cost(7, 1, 20).
cost(7, 2, 28).
cost(7, 3, 83).
cost(7, 4, 99).
cost(7, 5, 89).
cost(7, 6, 100).
cost(7, 8, 89).
cost(7, 9, 49).
cost(7, 10, 75).
cost(7, 11, 85).
cost(7, 12, 59).
cost(7, 13, 60).
cost(7, 14, 90).
cost(7, 15, 44).
cost(7, 16, 53).
cost(7, 17, 54).
cost(7, 18, 81).
cost(7, 19, 101).
cost(7, 20, 87).
cost(7, 21, 67).
cost(7, 22, 17).
cost(7, 23, 79).
cost(7, 24, 73).
cost(8, 1, 81).
cost(8, 2, 72).
cost(8, 3, 27).
cost(8, 4, 13).
cost(8, 5, 94).
cost(8, 6, 26).
cost(8, 7, 89).
cost(8, 9, 45).
cost(8, 10, 36).
cost(8, 11, 17).
cost(8, 12, 36).
cost(8, 13, 30).
cost(8, 14, 5).
cost(8, 15, 46).
cost(8, 16, 48).
cost(8, 17, 47).
cost(8, 18, 9).
cost(8, 19, 13).
cost(8, 20, 73).
cost(8, 21, 67).
cost(8, 22, 72).
cost(8, 23, 30).
cost(8, 24, 79).
cost(9, 1, 48).
cost(9, 2, 43).
cost(9, 3, 51).
cost(9, 4, 57).
cost(9, 5, 95).
cost(9, 6, 63).
cost(9, 7, 49).
cost(9, 8, 45).
cost(9, 10, 28).
cost(9, 11, 48).
cost(9, 12, 11).
cost(9, 13, 24).
cost(9, 14, 48).
cost(9, 15, 20).
cost(9, 16, 38).
cost(9, 17, 38).
cost(9, 18, 38).
cost(9, 19, 58).
cost(9, 20, 80).
cost(9, 21, 64).
cost(9, 22, 33).
cost(9, 23, 31).
cost(9, 24, 75).
cost(10, 1, 75).
cost(10, 2, 70).
cost(10, 3, 56).
cost(10, 4, 48).
cost(10, 5, 114).
cost(10, 6, 61).
cost(10, 7, 75).
cost(10, 8, 36).
cost(10, 9, 28).
cost(10, 11, 48).
cost(10, 12, 18).
cost(10, 13, 37).
cost(10, 14, 40).
cost(10, 15, 43).
cost(10, 16, 58).
cost(10, 17, 57).
cost(10, 18, 33).
cost(10, 19, 47).
cost(10, 20, 96).
cost(10, 21, 83).
cost(10, 22, 61).
cost(10, 23, 6).
cost(10, 24, 95).
cost(11, 1, 73).
cost(11, 2, 64).
cost(11, 3, 10).
cost(11, 4, 16).
cost(11, 5, 78).
cost(11, 6, 16).
cost(11, 7, 85).
cost(11, 8, 17).
cost(11, 9, 48).
cost(11, 10, 48).
cost(11, 12, 42).
cost(11, 13, 26).
cost(11, 14, 13).
cost(11, 15, 41).
cost(11, 16, 37).
cost(11, 17, 35).
cost(11, 18, 14).
cost(11, 19, 21).
cost(11, 20, 56).
cost(11, 21, 52).
cost(11, 22, 68).
cost(11, 23, 43).
cost(11, 24, 63).
cost(12, 1, 58).
cost(12, 2, 52).
cost(12, 3, 47).
cost(12, 4, 49).
cost(12, 5, 98).
cost(12, 6, 57).
cost(12, 7, 59).
cost(12, 8, 36).
cost(12, 9, 11).
cost(12, 10, 18).
cost(12, 11, 42).
cost(12, 13, 23).
cost(12, 14, 40).
cost(12, 15, 26).
cost(12, 16, 41).
cost(12, 17, 41).
cost(12, 18, 30).
cost(12, 19, 49).
cost(12, 20, 82).
cost(12, 21, 68).
cost(12, 22, 44).
cost(12, 23, 20).
cost(12, 24, 80).
cost(13, 1, 50).
cost(13, 2, 42).
cost(13, 3, 27).
cost(13, 4, 39).
cost(13, 5, 76).
cost(13, 6, 41).
cost(13, 7, 60).
cost(13, 8, 30).
cost(13, 9, 24).
cost(13, 10, 37).
cost(13, 11, 26).
cost(13, 12, 23).
cost(13, 14, 30).
cost(13, 15, 16).
cost(13, 16, 21).
cost(13, 17, 20).
cost(13, 18, 21).
cost(13, 19, 42).
cost(13, 20, 59).
cost(13, 21, 46).
cost(13, 22, 43).
cost(13, 23, 36).
cost(13, 24, 58).
cost(14, 1, 80).
cost(14, 2, 72).
cost(14, 3, 23).
cost(14, 4, 9).
cost(14, 5, 90).
cost(14, 6, 20).
cost(14, 7, 90).
cost(14, 8, 5).
cost(14, 9, 48).
cost(14, 10, 40).
cost(14, 11, 13).
cost(14, 12, 40).
cost(14, 13, 30).
cost(14, 15, 46).
cost(14, 16, 47).
cost(14, 17, 45).
cost(14, 18, 10).
cost(14, 19, 11).
cost(14, 20, 69).
cost(14, 21, 64).
cost(14, 22, 73).
cost(14, 23, 35).
cost(14, 24, 75).
cost(15, 1, 35).
cost(15, 2, 28).
cost(15, 3, 41).
cost(15, 4, 55).
cost(15, 5, 75).
cost(15, 6, 56).
cost(15, 7, 44).
cost(15, 8, 46).
cost(15, 9, 20).
cost(15, 10, 43).
cost(15, 11, 41).
cost(15, 12, 26).
cost(15, 13, 16).
cost(15, 14, 46).
cost(15, 16, 19).
cost(15, 17, 19).
cost(15, 18, 37).
cost(15, 19, 58).
cost(15, 20, 62).
cost(15, 21, 45).
cost(15, 22, 27).
cost(15, 23, 44).
cost(15, 24, 56).
cost(16, 1, 37).
cost(16, 2, 27).
cost(16, 3, 32).
cost(16, 4, 53).
cost(16, 5, 57).
cost(16, 6, 50).
cost(16, 7, 53).
cost(16, 8, 48).
cost(16, 9, 38).
cost(16, 10, 58).
cost(16, 11, 37).
cost(16, 12, 41).
cost(16, 13, 21).
cost(16, 14, 47).
cost(16, 15, 19).
cost(16, 17, 2).
cost(16, 18, 40).
cost(16, 19, 57).
cost(16, 20, 43).
cost(16, 21, 26).
cost(16, 22, 38).
cost(16, 23, 57).
cost(16, 24, 38).
cost(17, 1, 39).
cost(17, 2, 30).
cost(17, 3, 30).
cost(17, 4, 51).
cost(17, 5, 57).
cost(17, 6, 47).
cost(17, 7, 54).
cost(17, 8, 47).
cost(17, 9, 38).
cost(17, 10, 57).
cost(17, 11, 35).
cost(17, 12, 41).
cost(17, 13, 20).
cost(17, 14, 45).
cost(17, 15, 19).
cost(17, 16, 2).
cost(17, 18, 38).
cost(17, 19, 55).
cost(17, 20, 43).
cost(17, 21, 27).
cost(17, 22, 39).
cost(17, 23, 56).
cost(17, 24, 39).
cost(18, 1, 72).
cost(18, 2, 63).
cost(18, 3, 23).
cost(18, 4, 19).
cost(18, 5, 88).
cost(18, 6, 28).
cost(18, 7, 81).
cost(18, 8, 9).
cost(18, 9, 38).
cost(18, 10, 33).
cost(18, 11, 14).
cost(18, 12, 30).
cost(18, 13, 21).
cost(18, 14, 10).
cost(18, 15, 37).
cost(18, 16, 40).
cost(18, 17, 38).
cost(18, 19, 21).
cost(18, 20, 68).
cost(18, 21, 60).
cost(18, 22, 64).
cost(18, 23, 29).
cost(18, 24, 72).
cost(19, 1, 92).
cost(19, 2, 83).
cost(19, 3, 30).
cost(19, 4, 5).
cost(19, 5, 98).
cost(19, 6, 21).
cost(19, 7, 101).
cost(19, 8, 13).
cost(19, 9, 58).
cost(19, 10, 47).
cost(19, 11, 21).
cost(19, 12, 49).
cost(19, 13, 42).
cost(19, 14, 11).
cost(19, 15, 58).
cost(19, 16, 57).
cost(19, 17, 55).
cost(19, 18, 21).
cost(19, 20, 76).
cost(19, 21, 73).
cost(19, 22, 84).
cost(19, 23, 41).
cost(19, 24, 83).
cost(20, 1, 67).
cost(20, 2, 59).
cost(20, 3, 46).
cost(20, 4, 70).
cost(20, 5, 23).
cost(20, 6, 57).
cost(20, 7, 87).
cost(20, 8, 73).
cost(20, 9, 80).
cost(20, 10, 96).
cost(20, 11, 56).
cost(20, 12, 82).
cost(20, 13, 59).
cost(20, 14, 69).
cost(20, 15, 62).
cost(20, 16, 43).
cost(20, 17, 43).
cost(20, 18, 68).
cost(20, 19, 76).
cost(20, 21, 20).
cost(20, 22, 76).
cost(20, 23, 94).
cost(20, 24, 18).
cost(21, 1, 47).
cost(21, 2, 39).
cost(21, 3, 43).
cost(21, 4, 68).
cost(21, 5, 31).
cost(21, 6, 58).
cost(21, 7, 67).
cost(21, 8, 67).
cost(21, 9, 64).
cost(21, 10, 83).
cost(21, 11, 52).
cost(21, 12, 68).
cost(21, 13, 46).
cost(21, 14, 64).
cost(21, 15, 45).
cost(21, 16, 26).
cost(21, 17, 27).
cost(21, 18, 60).
cost(21, 19, 73).
cost(21, 20, 20).
cost(21, 22, 56).
cost(21, 23, 82).
cost(21, 24, 12).
cost(22, 1, 17).
cost(22, 2, 19).
cost(22, 3, 67).
cost(22, 4, 82).
cost(22, 5, 82).
cost(22, 6, 83).
cost(22, 7, 17).
cost(22, 8, 72).
cost(22, 9, 33).
cost(22, 10, 61).
cost(22, 11, 68).
cost(22, 12, 44).
cost(22, 13, 43).
cost(22, 14, 73).
cost(22, 15, 27).
cost(22, 16, 38).
cost(22, 17, 39).
cost(22, 18, 64).
cost(22, 19, 84).
cost(22, 20, 76).
cost(22, 21, 56).
cost(22, 23, 64).
cost(22, 24, 64).
cost(23, 1, 78).
cost(23, 2, 71).
cost(23, 3, 52).
cost(23, 4, 42).
cost(23, 5, 112).
cost(23, 6, 55).
cost(23, 7, 79).
cost(23, 8, 30).
cost(23, 9, 31).
cost(23, 10, 6).
cost(23, 11, 43).
cost(23, 12, 20).
cost(23, 13, 36).
cost(23, 14, 35).
cost(23, 15, 44).
cost(23, 16, 57).
cost(23, 17, 56).
cost(23, 18, 29).
cost(23, 19, 41).
cost(23, 20, 94).
cost(23, 21, 82).
cost(23, 22, 64).
cost(23, 24, 94).
cost(24, 1, 53).
cost(24, 2, 46).
cost(24, 3, 53).
cost(24, 4, 78).
cost(24, 5, 19).
cost(24, 6, 67).
cost(24, 7, 73).
cost(24, 8, 79).
cost(24, 9, 75).
cost(24, 10, 95).
cost(24, 11, 63).
cost(24, 12, 80).
cost(24, 13, 58).
cost(24, 14, 75).
cost(24, 15, 56).
cost(24, 16, 38).
cost(24, 17, 39).
cost(24, 18, 72).
cost(24, 19, 83).
cost(24, 20, 18).
cost(24, 21, 12).
cost(24, 22, 64).
cost(24, 23, 94).
