dimension(24).
point(1, 48.1153759893, 32.3751286164).
point(2, 70.9695423675, 32.4460366987).
point(3, 13.2376687472, 4.9466537029).
point(4, 89.5472939084, 67.6189276632).
point(5, 14.0779480558, 51.3191916059).
point(6, 87.5633362146, 26.815702911).
point(7, 58.3723908982, 90.6250713215).
point(8, 27.8691702156, 38.243666398).
point(9, 8.7522343372, 20.5752200944).
point(10, 23.8129165874, 14.7805909667).
point(11, 36.6853869484, 90.8889336906).
point(12, 31.838811945, 43.7333730049).
point(13, 92.9603540641, 89.2833096392).
point(14, 64.0146276931, 35.3119164349).
point(15, 70.1867387004, 19.8519258875).
point(16, 12.8915086506, 11.9698732861).
point(17, 69.5808811053, 72.4487789311).
point(18, 73.3743679089, 26.6465861109).
point(19, 58.8384854403, 51.207002902).
point(20, 79.6846713223, 75.9825401966).
point(21, 11.2479740553, 47.6808807353).
point(22, 56.0245841764, 28.3703584555).
point(23, 22.7052439469, 99.0754103486).
point(24, 30.5402990391, 76.5600512284).
cost(1, 2, 23).
cost(1, 3, 44).
cost(1, 4, 54).
cost(1, 5, 39).
cost(1, 6, 40).
cost(1, 7, 59).
cost(1, 8, 21).
cost(1, 9, 41).
cost(1, 10, 30).
cost(1, 11, 60).
cost(1, 12, 20).
cost(1, 13, 72).
cost(1, 14, 16).
cost(1, 15, 25).
cost(1, 16, 41).
cost(1, 17, 45).
cost(1, 18, 26).
cost(1, 19, 22).
cost(1, 20, 54).
cost(1, 21, 40).
cost(1, 22, 9).
cost(1, 23, 71).
cost(1, 24, 48).
cost(2, 1, 23).
cost(2, 3, 64).
cost(2, 4, 40).
cost(2, 5, 60).
cost(2, 6, 18).
cost(2, 7, 60).
cost(2, 8, 43).
cost(2, 9, 63).
cost(2, 10, 50).
cost(2, 11, 68).
cost(2, 12, 41).
cost(2, 13, 61).
cost(2, 14, 8).
cost(2, 15, 13).
cost(2, 16, 62).
cost(2, 17, 40).
cost(2, 18, 6).
cost(2, 19, 22).
cost(2, 20, 44).
cost(2, 21, 62).
cost(2, 22, 15).
cost(2, 23, 82).
cost(2, 24, 60).
cost(3, 1, 44).
cost(3, 2, 64).
cost(3, 4, 99).
cost(3, 5, 46).
cost(3, 6, 77).
cost(3, 7, 97).
cost(3, 8, 36).
cost(3, 9, 16).
cost(3, 10, 14).
cost(3, 11, 89).
cost(3, 12, 43).
cost(3, 13, 116).
cost(3, 14, 59).
cost(3, 15, 59).
cost(3, 16, 7).
cost(3, 17, 88).
cost(3, 18, 64).
cost(3, 19, 65).
cost(3, 20, 97).
cost(3, 21, 43).
cost(3, 22, 49).
cost(3, 23, 95).
cost(3, 24, 74).
cost(4, 1, 54).
cost(4, 2, 40).
cost(4, 3, 99).
cost(4, 5, 77).
cost(4, 6, 41).
cost(4, 7, 39).
cost(4, 8, 68).
cost(4, 9, 93).
cost(4, 10, 84).
cost(4, 11, 58).
cost(4, 12, 62).
cost(4, 13, 22).
cost(4, 14, 41).
cost(4, 15, 52).
cost(4, 16, 95).
cost(4, 17, 21).
cost(4, 18, 44).
cost(4, 19, 35).
cost(4, 20, 13).
cost(4, 21, 81).
cost(4, 22, 52).
cost(4, 23, 74).
cost(4, 24, 60).
cost(5, 1, 39).
cost(5, 2, 60).
cost(5, 3, 46).
cost(5, 4, 77).
cost(5, 6, 77).
cost(5, 7, 59).
cost(5, 8, 19).
cost(5, 9, 31).
cost(5, 10, 38).
cost(5, 11, 46).
cost(5, 12, 19).
cost(5, 13, 88).
cost(5, 14, 52).
cost(5, 15, 64).
cost(5, 16, 39).
cost(5, 17, 59).
cost(5, 18, 64).
cost(5, 19, 45).
cost(5, 20, 70).
cost(5, 21, 5).
cost(5, 22, 48).
cost(5, 23, 49).
cost(5, 24, 30).
cost(6, 1, 40).
cost(6, 2, 18).
cost(6, 3, 77).
cost(6, 4, 41).
cost(6, 5, 77).
cost(6, 7, 70).
cost(6, 8, 61).
cost(6, 9, 79).
cost(6, 10, 65).
cost(6, 11, 82).
cost(6, 12, 58).
cost(6, 13, 63).
cost(6, 14, 25).
cost(6, 15, 19).
cost(6, 16, 76).
cost(6, 17, 49).
cost(6, 18, 14).
cost(6, 19, 38).
cost(6, 20, 50).
cost(6, 21, 79).
cost(6, 22, 32).
cost(6, 23, 97).
cost(6, 24, 76).
cost(7, 1, 59).
cost(7, 2, 60).
cost(7, 3, 97).
cost(7, 4, 39).
cost(7, 5, 59).
cost(7, 6, 70).
cost(7, 8, 61).
cost(7, 9, 86).
cost(7, 10, 83).
cost(7, 11, 22).
cost(7, 12, 54).
cost(7, 13, 35).
cost(7, 14, 56).
cost(7, 15, 72).
cost(7, 16, 91).
cost(7, 17, 21).
cost(7, 18, 66).
cost(7, 19, 39).
cost(7, 20, 26).
cost(7, 21, 64).
cost(7, 22, 62).
cost(7, 23, 37).
cost(7, 24, 31).
cost(8, 1, 21).
cost(8, 2, 43).
cost(8, 3, 36).
cost(8, 4, 68).
cost(8, 5, 19).
cost(8, 6, 61).
cost(8, 7, 61).
cost(8, 9, 26).
cost(8, 10, 24).
cost(8, 11, 53).
cost(8, 12, 7).
cost(8, 13, 83).
cost(8, 14, 36).
cost(8, 15, 46).
cost(8, 16, 30).
cost(8, 17, 54).
cost(8, 18, 47).
cost(8, 19, 34).
cost(8, 20, 64).
cost(8, 21, 19).
cost(8, 22, 30).
cost(8, 23, 61).
cost(8, 24, 38).
cost(9, 1, 41).
cost(9, 2, 63).
cost(9, 3, 16).
cost(9, 4, 93).
cost(9, 5, 31).
cost(9, 6, 79).
cost(9, 7, 86).
cost(9, 8, 26).
cost(9, 10, 16).
cost(9, 11, 76).
cost(9, 12, 33).
cost(9, 13, 109).
cost(9, 14, 57).
cost(9, 15, 61).
cost(9, 16, 10).
cost(9, 17, 80).
cost(9, 18, 65).
cost(9, 19, 59).
cost(9, 20, 90).
cost(9, 21, 27).
cost(9, 22, 48).
cost(9, 23, 80).
cost(9, 24, 60).
cost(10, 1, 30).
cost(10, 2, 50).
cost(10, 3, 14).
cost(10, 4, 84).
cost(10, 5, 38).
cost(10, 6, 65).
cost(10, 7, 83).
cost(10, 8, 24).
cost(10, 9, 16).
cost(10, 11, 77).
cost(10, 12, 30).
cost(10, 13, 102).
cost(10, 14, 45).
cost(10, 15, 47).
cost(10, 16, 11).
cost(10, 17, 74).
cost(10, 18, 51).
cost(10, 19, 51).
cost(10, 20, 83).
cost(10, 21, 35).
cost(10, 22, 35).
cost(10, 23, 84).
cost(10, 24, 62).
cost(11, 1, 60).
cost(11, 2, 68).
cost(11, 3, 89).
cost(11, 4, 58).
cost(11, 5, 46).
cost(11, 6, 82).
cost(11, 7, 22).
cost(11, 8, 53).
cost(11, 9, 76).
cost(11, 10, 77).
cost(11, 12, 47).
cost(11, 13, 56).
cost(11, 14, 62).
cost(11, 15, 79).
cost(11, 16, 82).
cost(11, 17, 38).
cost(11, 18, 74).
cost(11, 19, 45).
cost(11, 20, 46).
cost(11, 21, 50).
cost(11, 22, 65).
cost(11, 23, 16).
cost(11, 24, 16).
cost(12, 1, 20).
cost(12, 2, 41).
cost(12, 3, 43).
cost(12, 4, 62).
cost(12, 5, 19).
cost(12, 6, 58).
cost(12, 7, 54).
cost(12, 8, 7).
cost(12, 9, 33).
cost(12, 10, 30).
cost(12, 11, 47).
cost(12, 13, 76).
cost(12, 14, 33).
cost(12, 15, 45).
cost(12, 16, 37).
cost(12, 17, 47).
cost(12, 18, 45).
cost(12, 19, 28).
cost(12, 20, 58).
cost(12, 21, 21).
cost(12, 22, 29).
cost(12, 23, 56).
cost(12, 24, 33).
cost(13, 1, 72).
cost(13, 2, 61).
cost(13, 3, 116).
cost(13, 4, 22).
cost(13, 5, 88).
cost(13, 6, 63).
cost(13, 7, 35).
cost(13, 8, 83).
cost(13, 9, 109).
cost(13, 10, 102).
cost(13, 11, 56).
cost(13, 12, 76).
cost(13, 14, 61).
cost(13, 15, 73).
cost(13, 16, 111).
cost(13, 17, 29).
cost(13, 18, 66).
cost(13, 19, 51).
cost(13, 20, 19).
cost(13, 21, 92).
cost(13, 22, 71).
cost(13, 23, 71).
cost(13, 24, 64).
cost(14, 1, 16).
cost(14, 2, 8).
cost(14, 3, 59).
cost(14, 4, 41).
cost(14, 5, 52).
cost(14, 6, 25).
cost(14, 7, 56).
cost(14, 8, 36).
cost(14, 9, 57).
cost(14, 10, 45).
cost(14, 11, 62).
cost(14, 12, 33).
cost(14, 13, 61).
cost(14, 15, 17).
cost(14, 16, 56).
cost(14, 17, 38).
cost(14, 18, 13).
cost(14, 19, 17).
cost(14, 20, 44).
cost(14, 21, 54).
cost(14, 22, 11).
cost(14, 23, 76).
cost(14, 24, 53).
cost(15, 1, 25).
cost(15, 2, 13).
cost(15, 3, 59).
cost(15, 4, 52).
cost(15, 5, 64).
cost(15, 6, 19).
cost(15, 7, 72).
cost(15, 8, 46).
cost(15, 9, 61).
cost(15, 10, 47).
cost(15, 11, 79).
cost(15, 12, 45).
cost(15, 13, 73).
cost(15, 14, 17).
cost(15, 16, 58).
cost(15, 17, 53).
cost(15, 18, 8).
cost(15, 19, 33).
cost(15, 20, 57).
cost(15, 21, 65).
cost(15, 22, 17).
cost(15, 23, 92).
cost(15, 24, 69).
cost(16, 1, 41).
cost(16, 2, 62).
cost(16, 3, 7).
cost(16, 4, 95).
cost(16, 5, 39).
cost(16, 6, 76).
cost(16, 7, 91).
cost(16, 8, 30).
cost(16, 9, 10).
cost(16, 10, 11).
cost(16, 11, 82).
cost(16, 12, 37).
cost(16, 13, 111).
cost(16, 14, 56).
cost(16, 15, 58).
cost(16, 17, 83).
cost(16, 18, 62).
cost(16, 19, 60).
cost(16, 20, 93).
cost(16, 21, 36).
cost(16, 22, 46).
cost(16, 23, 88).
cost(16, 24, 67).
cost(17, 1, 45).
cost(17, 2, 40).
cost(17, 3, 88).
cost(17, 4, 21).
cost(17, 5, 59).
cost(17, 6, 49).
cost(17, 7, 21).
cost(17, 8, 54).
cost(17, 9, 80).
cost(17, 10, 74).
cost(17, 11, 38).
cost(17, 12, 47).
cost(17, 13, 29).
cost(17, 14, 38).
cost(17, 15, 53).
cost(17, 16, 83).
cost(17, 18, 46).
cost(17, 19, 24).
cost(17, 20, 11).
cost(17, 21, 63).
cost(17, 22, 46).
cost(17, 23, 54).
cost(17, 24, 39).
cost(18, 1, 26).
cost(18, 2, 6).
cost(18, 3, 64).
cost(18, 4, 44).
cost(18, 5, 64).
cost(18, 6, 14).
cost(18, 7, 66).
cost(18, 8, 47).
cost(18, 9, 65).
cost(18, 10, 51).
cost(18, 11, 74).
cost(18, 12, 45).
cost(18, 13, 66).
cost(18, 14, 13).
cost(18, 15, 8).
cost(18, 16, 62).
cost(18, 17, 46).
cost(18, 19, 29).
cost(18, 20, 50).
cost(18, 21, 66).
cost(18, 22, 17).
cost(18, 23, 88).
cost(18, 24, 66).
cost(19, 1, 22).
cost(19, 2, 22).
cost(19, 3, 65).
cost(19, 4, 35).
cost(19, 5, 45).
cost(19, 6, 38).
cost(19, 7, 39).
cost(19, 8, 34).
cost(19, 9, 59).
cost(19, 10, 51).
cost(19, 11, 45).
cost(19, 12, 28).
cost(19, 13, 51).
cost(19, 14, 17).
cost(19, 15, 33).
cost(19, 16, 60).
cost(19, 17, 24).
cost(19, 18, 29).
cost(19, 20, 32).
cost(19, 21, 48).
cost(19, 22, 23).
cost(19, 23, 60).
cost(19, 24, 38).
cost(20, 1, 54).
cost(20, 2, 44).
cost(20, 3, 97).
cost(20, 4, 13).
cost(20, 5, 70).
cost(20, 6, 50).
cost(20, 7, 26).
cost(20, 8, 64).
cost(20, 9, 90).
cost(20, 10, 83).
cost(20, 11, 46).
cost(20, 12, 58).
cost(20, 13, 19).
cost(20, 14, 44).
cost(20, 15, 57).
cost(20, 16, 93).
cost(20, 17, 11).
cost(20, 18, 50).
cost(20, 19, 32).
cost(20, 21, 74).
cost(20, 22, 53).
cost(20, 23, 61).
cost(20, 24, 49).
cost(21, 1, 40).
cost(21, 2, 62).
cost(21, 3, 43).
cost(21, 4, 81).
cost(21, 5, 5).
cost(21, 6, 79).
cost(21, 7, 64).
cost(21, 8, 19).
cost(21, 9, 27).
cost(21, 10, 35).
cost(21, 11, 50).
cost(21, 12, 21).
cost(21, 13, 92).
cost(21, 14, 54).
cost(21, 15, 65).
cost(21, 16, 36).
cost(21, 17, 63).
cost(21, 18, 66).
cost(21, 19, 48).
cost(21, 20, 74).
cost(21, 22, 49).
cost(21, 23, 53).
cost(21, 24, 35).
cost(22, 1, 9).
cost(22, 2, 15).
cost(22, 3, 49).
cost(22, 4, 52).
cost(22, 5, 48).
cost(22, 6, 32).
cost(22, 7, 62).
cost(22, 8, 30).
cost(22, 9, 48).
cost(22, 10, 35).
cost(22, 11, 65).
cost(22, 12, 29).
cost(22, 13, 71).
cost(22, 14, 11).
cost(22, 15, 17).
cost(22, 16, 46).
cost(22, 17, 46).
cost(22, 18, 17).
cost(22, 19, 23).
cost(22, 20, 53).
cost(22, 21, 49).
cost(22, 23, 78).
cost(22, 24, 55).
cost(23, 1, 71).
cost(23, 2, 82).
cost(23, 3, 95).
cost(23, 4, 74).
cost(23, 5, 49).
cost(23, 6, 97).
cost(23, 7, 37).
cost(23, 8, 61).
cost(23, 9, 80).
cost(23, 10, 84).
cost(23, 11, 16).
cost(23, 12, 56).
cost(23, 13, 71).
cost(23, 14, 76).
cost(23, 15, 92).
cost(23, 16, 88).
cost(23, 17, 54).
cost(23, 18, 88).
cost(23, 19, 60).
cost(23, 20, 61).
cost(23, 21, 53).
cost(23, 22, 78).
cost(23, 24, 24).
cost(24, 1, 48).
cost(24, 2, 60).
cost(24, 3, 74).
cost(24, 4, 60).
cost(24, 5, 30).
cost(24, 6, 76).
cost(24, 7, 31).
cost(24, 8, 38).
cost(24, 9, 60).
cost(24, 10, 62).
cost(24, 11, 16).
cost(24, 12, 33).
cost(24, 13, 64).
cost(24, 14, 53).
cost(24, 15, 69).
cost(24, 16, 67).
cost(24, 17, 39).
cost(24, 18, 66).
cost(24, 19, 38).
cost(24, 20, 49).
cost(24, 21, 35).
cost(24, 22, 55).
cost(24, 23, 24).
