dimension(24).
point(1, 34.8694759808, 52.3417054803).
point(2, 56.5973378802, 94.6353065593).
point(3, 82.2475608287, 57.0758411269).
point(4, 47.2449346714, 38.0975345648).
point(5, 11.6579647579, 51.1388231671).
point(6, 93.1284944324, 65.8444359226).
point(7, 54.310532213, 30.0847525308).
point(8, 92.4888601534, 85.0213171646).
point(9, 62.327380311, 90.0347085724).
point(10, 23.8913074269, 70.679346801).
point(11, 48.0219408626, 35.4925131152).
point(12, 17.2659800846, 63.0505187572).
point(13, 35.6703902458, 39.2952707798).
point(14, 63.0828654342, 8.0015262828).
point(15, 15.0618658828, 68.0307620122).
point(16, 68.6976010121, 98.6729271219).
point(17, 65.7368454808, 23.8032599261).
point(18, 27.9542874296, 64.8993246412).
point(19, 57.2644991009, 11.2430311931).
point(20, 87.5513434897, 63.2703556908).
point(21, 62.6721363005, 84.4001554432).
point(22, 70.5889575975, 13.227845484).
point(23, 25.3485790077, 54.7245689337).
point(24, 7.2514315074, 75.6585664758).
cost(1, 2, 48).
cost(1, 3, 48).
cost(1, 4, 19).
cost(1, 5, 23).
cost(1, 6, 60).
cost(1, 7, 30).
cost(1, 8, 66).
cost(1, 9, 47).
cost(1, 10, 21).
cost(1, 11, 21).
cost(1, 12, 21).
cost(1, 13, 13).
cost(1, 14, 53).
cost(1, 15, 25).
cost(1, 16, 57).
cost(1, 17, 42).
cost(1, 18, 14).
cost(1, 19, 47).
cost(1, 20, 54).
cost(1, 21, 42).
cost(1, 22, 53).
cost(1, 23, 10).
cost(1, 24, 36).
cost(2, 1, 48).
cost(2, 3, 45).
cost(2, 4, 57).
cost(2, 5, 63).
cost(2, 6, 47).
cost(2, 7, 65).
cost(2, 8, 37).
cost(2, 9, 7).
cost(2, 10, 41).
cost(2, 11, 60).
cost(2, 12, 50).
cost(2, 13, 59).
cost(2, 14, 87).
cost(2, 15, 49).
cost(2, 16, 13).
cost(2, 17, 71).
cost(2, 18, 41).
cost(2, 19, 83).
cost(2, 20, 44).
cost(2, 21, 12).
cost(2, 22, 83).
cost(2, 23, 51).
cost(2, 24, 53).
cost(3, 1, 48).
cost(3, 2, 45).
cost(3, 4, 40).
cost(3, 5, 71).
cost(3, 6, 14).
cost(3, 7, 39).
cost(3, 8, 30).
cost(3, 9, 39).
cost(3, 10, 60).
cost(3, 11, 40).
cost(3, 12, 65).
cost(3, 13, 50).
cost(3, 14, 53).
cost(3, 15, 68).
cost(3, 16, 44).
cost(3, 17, 37).
cost(3, 18, 55).
cost(3, 19, 52).
cost(3, 20, 8).
cost(3, 21, 34).
cost(3, 22, 45).
cost(3, 23, 57).
cost(3, 24, 77).
cost(4, 1, 19).
cost(4, 2, 57).
cost(4, 3, 40).
cost(4, 5, 38).
cost(4, 6, 54).
cost(4, 7, 11).
cost(4, 8, 65).
cost(4, 9, 54).
cost(4, 10, 40).
cost(4, 11, 3).
cost(4, 12, 39).
cost(4, 13, 12).
cost(4, 14, 34).
cost(4, 15, 44).
cost(4, 16, 64).
cost(4, 17, 23).
cost(4, 18, 33).
cost(4, 19, 29).
cost(4, 20, 48).
cost(4, 21, 49).
cost(4, 22, 34).
cost(4, 23, 27).
cost(4, 24, 55).
cost(5, 1, 23).
cost(5, 2, 63).
cost(5, 3, 71).
cost(5, 4, 38).
cost(5, 6, 83).
cost(5, 7, 48).
cost(5, 8, 88).
cost(5, 9, 64).
cost(5, 10, 23).
cost(5, 11, 40).
cost(5, 12, 13).
cost(5, 13, 27).
cost(5, 14, 67).
cost(5, 15, 17).
cost(5, 16, 74).
cost(5, 17, 61).
cost(5, 18, 21).
cost(5, 19, 61).
cost(5, 20, 77).
cost(5, 21, 61).
cost(5, 22, 70).
cost(5, 23, 14).
cost(5, 24, 25).
cost(6, 1, 60).
cost(6, 2, 47).
cost(6, 3, 14).
cost(6, 4, 54).
cost(6, 5, 83).
cost(6, 7, 53).
cost(6, 8, 19).
cost(6, 9, 39).
cost(6, 10, 69).
cost(6, 11, 54).
cost(6, 12, 76).
cost(6, 13, 63).
cost(6, 14, 65).
cost(6, 15, 78).
cost(6, 16, 41).
cost(6, 17, 50).
cost(6, 18, 65).
cost(6, 19, 65).
cost(6, 20, 6).
cost(6, 21, 36).
cost(6, 22, 57).
cost(6, 23, 69).
cost(6, 24, 86).
cost(7, 1, 30).
cost(7, 2, 65).
cost(7, 3, 39).
cost(7, 4, 11).
cost(7, 5, 48).
cost(7, 6, 53).
cost(7, 8, 67).
cost(7, 9, 60).
cost(7, 10, 51).
cost(7, 11, 8).
cost(7, 12, 50).
cost(7, 13, 21).
cost(7, 14, 24).
cost(7, 15, 55).
cost(7, 16, 70).
cost(7, 17, 13).
cost(7, 18, 44).
cost(7, 19, 19).
cost(7, 20, 47).
cost(7, 21, 55).
cost(7, 22, 23).
cost(7, 23, 38).
cost(7, 24, 66).
cost(8, 1, 66).
cost(8, 2, 37).
cost(8, 3, 30).
cost(8, 4, 65).
cost(8, 5, 88).
cost(8, 6, 19).
cost(8, 7, 67).
cost(8, 9, 31).
cost(8, 10, 70).
cost(8, 11, 67).
cost(8, 12, 78).
cost(8, 13, 73).
cost(8, 14, 82).
cost(8, 15, 79).
cost(8, 16, 27).
cost(8, 17, 67).
cost(8, 18, 68).
cost(8, 19, 82).
cost(8, 20, 22).
cost(8, 21, 30).
cost(8, 22, 75).
cost(8, 23, 74).
cost(8, 24, 86).
cost(9, 1, 47).
cost(9, 2, 7).
cost(9, 3, 39).
cost(9, 4, 54).
cost(9, 5, 64).
cost(9, 6, 39).
cost(9, 7, 60).
cost(9, 8, 31).
cost(9, 10, 43).
cost(9, 11, 56).
cost(9, 12, 53).
cost(9, 13, 57).
cost(9, 14, 82).
cost(9, 15, 52).
cost(9, 16, 11).
cost(9, 17, 66).
cost(9, 18, 43).
cost(9, 19, 79).
cost(9, 20, 37).
cost(9, 21, 6).
cost(9, 22, 77).
cost(9, 23, 51).
cost(9, 24, 57).
cost(10, 1, 21).
cost(10, 2, 41).
cost(10, 3, 60).
cost(10, 4, 40).
cost(10, 5, 23).
cost(10, 6, 69).
cost(10, 7, 51).
cost(10, 8, 70).
cost(10, 9, 43).
cost(10, 11, 43).
cost(10, 12, 10).
cost(10, 13, 34).
cost(10, 14, 74).
cost(10, 15, 9).
cost(10, 16, 53).
cost(10, 17, 63).
cost(10, 18, 7).
cost(10, 19, 68).
cost(10, 20, 64).
cost(10, 21, 41).
cost(10, 22, 74).
cost(10, 23, 16).
cost(10, 24, 17).
cost(11, 1, 21).
cost(11, 2, 60).
cost(11, 3, 40).
cost(11, 4, 3).
cost(11, 5, 40).
cost(11, 6, 54).
cost(11, 7, 8).
cost(11, 8, 67).
cost(11, 9, 56).
cost(11, 10, 43).
cost(11, 12, 41).
cost(11, 13, 13).
cost(11, 14, 31).
cost(11, 15, 46).
cost(11, 16, 66).
cost(11, 17, 21).
cost(11, 18, 36).
cost(11, 19, 26).
cost(11, 20, 48).
cost(11, 21, 51).
cost(11, 22, 32).
cost(11, 23, 30).
cost(11, 24, 57).
cost(12, 1, 21).
cost(12, 2, 50).
cost(12, 3, 65).
cost(12, 4, 39).
cost(12, 5, 13).
cost(12, 6, 76).
cost(12, 7, 50).
cost(12, 8, 78).
cost(12, 9, 53).
cost(12, 10, 10).
cost(12, 11, 41).
cost(12, 13, 30).
cost(12, 14, 72).
cost(12, 15, 5).
cost(12, 16, 63).
cost(12, 17, 62).
cost(12, 18, 11).
cost(12, 19, 65).
cost(12, 20, 70).
cost(12, 21, 50).
cost(12, 22, 73).
cost(12, 23, 12).
cost(12, 24, 16).
cost(13, 1, 13).
cost(13, 2, 59).
cost(13, 3, 50).
cost(13, 4, 12).
cost(13, 5, 27).
cost(13, 6, 63).
cost(13, 7, 21).
cost(13, 8, 73).
cost(13, 9, 57).
cost(13, 10, 34).
cost(13, 11, 13).
cost(13, 12, 30).
cost(13, 14, 42).
cost(13, 15, 35).
cost(13, 16, 68).
cost(13, 17, 34).
cost(13, 18, 27).
cost(13, 19, 35).
cost(13, 20, 57).
cost(13, 21, 53).
cost(13, 22, 44).
cost(13, 23, 19).
cost(13, 24, 46).
cost(14, 1, 53).
cost(14, 2, 87).
cost(14, 3, 53).
cost(14, 4, 34).
cost(14, 5, 67).
cost(14, 6, 65).
cost(14, 7, 24).
cost(14, 8, 82).
cost(14, 9, 82).
cost(14, 10, 74).
cost(14, 11, 31).
cost(14, 12, 72).
cost(14, 13, 42).
cost(14, 15, 77).
cost(14, 16, 91).
cost(14, 17, 16).
cost(14, 18, 67).
cost(14, 19, 7).
cost(14, 20, 60).
cost(14, 21, 76).
cost(14, 22, 9).
cost(14, 23, 60).
cost(14, 24, 88).
cost(15, 1, 25).
cost(15, 2, 49).
cost(15, 3, 68).
cost(15, 4, 44).
cost(15, 5, 17).
cost(15, 6, 78).
cost(15, 7, 55).
cost(15, 8, 79).
cost(15, 9, 52).
cost(15, 10, 9).
cost(15, 11, 46).
cost(15, 12, 5).
cost(15, 13, 35).
cost(15, 14, 77).
cost(15, 16, 62).
cost(15, 17, 67).
cost(15, 18, 13).
cost(15, 19, 71).
cost(15, 20, 73).
cost(15, 21, 50).
cost(15, 22, 78).
cost(15, 23, 17).
cost(15, 24, 11).
cost(16, 1, 57).
cost(16, 2, 13).
cost(16, 3, 44).
cost(16, 4, 64).
cost(16, 5, 74).
cost(16, 6, 41).
cost(16, 7, 70).
cost(16, 8, 27).
cost(16, 9, 11).
cost(16, 10, 53).
cost(16, 11, 66).
cost(16, 12, 63).
cost(16, 13, 68).
cost(16, 14, 91).
cost(16, 15, 62).
cost(16, 17, 75).
cost(16, 18, 53).
cost(16, 19, 88).
cost(16, 20, 40).
cost(16, 21, 15).
cost(16, 22, 85).
cost(16, 23, 62).
cost(16, 24, 66).
cost(17, 1, 42).
cost(17, 2, 71).
cost(17, 3, 37).
cost(17, 4, 23).
cost(17, 5, 61).
cost(17, 6, 50).
cost(17, 7, 13).
cost(17, 8, 67).
cost(17, 9, 66).
cost(17, 10, 63).
cost(17, 11, 21).
cost(17, 12, 62).
cost(17, 13, 34).
cost(17, 14, 16).
cost(17, 15, 67).
cost(17, 16, 75).
cost(17, 18, 56).
cost(17, 19, 15).
cost(17, 20, 45).
cost(17, 21, 61).
cost(17, 22, 12).
cost(17, 23, 51).
cost(17, 24, 78).
cost(18, 1, 14).
cost(18, 2, 41).
cost(18, 3, 55).
cost(18, 4, 33).
cost(18, 5, 21).
cost(18, 6, 65).
cost(18, 7, 44).
cost(18, 8, 68).
cost(18, 9, 43).
cost(18, 10, 7).
cost(18, 11, 36).
cost(18, 12, 11).
cost(18, 13, 27).
cost(18, 14, 67).
cost(18, 15, 13).
cost(18, 16, 53).
cost(18, 17, 56).
cost(18, 19, 61).
cost(18, 20, 60).
cost(18, 21, 40).
cost(18, 22, 67).
cost(18, 23, 11).
cost(18, 24, 23).
cost(19, 1, 47).
cost(19, 2, 83).
cost(19, 3, 52).
cost(19, 4, 29).
cost(19, 5, 61).
cost(19, 6, 65).
cost(19, 7, 19).
cost(19, 8, 82).
cost(19, 9, 79).
cost(19, 10, 68).
cost(19, 11, 26).
cost(19, 12, 65).
cost(19, 13, 35).
cost(19, 14, 7).
cost(19, 15, 71).
cost(19, 16, 88).
cost(19, 17, 15).
cost(19, 18, 61).
cost(19, 20, 60).
cost(19, 21, 73).
cost(19, 22, 13).
cost(19, 23, 54).
cost(19, 24, 82).
cost(20, 1, 54).
cost(20, 2, 44).
cost(20, 3, 8).
cost(20, 4, 48).
cost(20, 5, 77).
cost(20, 6, 6).
cost(20, 7, 47).
cost(20, 8, 22).
cost(20, 9, 37).
cost(20, 10, 64).
cost(20, 11, 48).
cost(20, 12, 70).
cost(20, 13, 57).
cost(20, 14, 60).
cost(20, 15, 73).
cost(20, 16, 40).
cost(20, 17, 45).
cost(20, 18, 60).
cost(20, 19, 60).
cost(20, 21, 33).
cost(20, 22, 53).
cost(20, 23, 63).
cost(20, 24, 81).
cost(21, 1, 42).
cost(21, 2, 12).
cost(21, 3, 34).
cost(21, 4, 49).
cost(21, 5, 61).
cost(21, 6, 36).
cost(21, 7, 55).
cost(21, 8, 30).
cost(21, 9, 6).
cost(21, 10, 41).
cost(21, 11, 51).
cost(21, 12, 50).
cost(21, 13, 53).
cost(21, 14, 76).
cost(21, 15, 50).
cost(21, 16, 15).
cost(21, 17, 61).
cost(21, 18, 40).
cost(21, 19, 73).
cost(21, 20, 33).
cost(21, 22, 72).
cost(21, 23, 48).
cost(21, 24, 56).
cost(22, 1, 53).
cost(22, 2, 83).
cost(22, 3, 45).
cost(22, 4, 34).
cost(22, 5, 70).
cost(22, 6, 57).
cost(22, 7, 23).
cost(22, 8, 75).
cost(22, 9, 77).
cost(22, 10, 74).
cost(22, 11, 32).
cost(22, 12, 73).
cost(22, 13, 44).
cost(22, 14, 9).
cost(22, 15, 78).
cost(22, 16, 85).
cost(22, 17, 12).
cost(22, 18, 67).
cost(22, 19, 13).
cost(22, 20, 53).
cost(22, 21, 72).
cost(22, 23, 61).
cost(22, 24, 89).
cost(23, 1, 10).
cost(23, 2, 51).
cost(23, 3, 57).
cost(23, 4, 27).
cost(23, 5, 14).
cost(23, 6, 69).
cost(23, 7, 38).
cost(23, 8, 74).
cost(23, 9, 51).
cost(23, 10, 16).
cost(23, 11, 30).
cost(23, 12, 12).
cost(23, 13, 19).
cost(23, 14, 60).
cost(23, 15, 17).
cost(23, 16, 62).
cost(23, 17, 51).
cost(23, 18, 11).
cost(23, 19, 54).
cost(23, 20, 63).
cost(23, 21, 48).
cost(23, 22, 61).
cost(23, 24, 28).
cost(24, 1, 36).
cost(24, 2, 53).
cost(24, 3, 77).
cost(24, 4, 55).
cost(24, 5, 25).
cost(24, 6, 86).
cost(24, 7, 66).
cost(24, 8, 86).
cost(24, 9, 57).
cost(24, 10, 17).
cost(24, 11, 57).
cost(24, 12, 16).
cost(24, 13, 46).
cost(24, 14, 88).
cost(24, 15, 11).
cost(24, 16, 66).
cost(24, 17, 78).
cost(24, 18, 23).
cost(24, 19, 82).
cost(24, 20, 81).
cost(24, 21, 56).
cost(24, 22, 89).
cost(24, 23, 28).
