dimension(24).
point(1, 14.6416457519, 68.9745502684).
point(2, 67.3169169333, 6.2921857616).
point(3, 46.6873405006, 45.9649065873).
point(4, 63.6169016006, 43.2920367372).
point(5, 56.4200734317, 96.44852956).
point(6, 53.0493274006, 21.2706071116).
point(7, 18.3238644344, 45.4927791424).
point(8, 20.6801677282, 2.8129541836).
point(9, 74.3836059209, 80.7228930423).
point(10, 19.4050377878, 38.097959079).
point(11, 43.1424762707, 45.2941416474).
point(12, 11.4063866081, 15.0435677736).
point(13, 80.6924716145, 76.0157902183).
point(14, 66.9160413955, 52.1981689967).
point(15, 88.412888958, 77.1061081584).
point(16, 89.8847367132, 89.801083849).
point(17, 63.3646550281, 77.0345772945).
point(18, 22.2504549899, 57.1096155542).
point(19, 57.4207202223, 23.9426420362).
point(20, 51.2186374228, 48.4709024323).
point(21, 59.4397583945, 14.1616325537).
point(22, 53.6136237833, 26.3906611952).
point(23, 76.2182056161, 94.7752768442).
point(24, 79.6924678097, 89.4353344815).
cost(1, 2, 82).
cost(1, 3, 39).
cost(1, 4, 55).
cost(1, 5, 50).
cost(1, 6, 61).
cost(1, 7, 24).
cost(1, 8, 66).
cost(1, 9, 61).
cost(1, 10, 31).
cost(1, 11, 37).
cost(1, 12, 54).
cost(1, 13, 66).
cost(1, 14, 55).
cost(1, 15, 74).
cost(1, 16, 78).
cost(1, 17, 49).
cost(1, 18, 14).
cost(1, 19, 62).
cost(1, 20, 42).
cost(1, 21, 71).
cost(1, 22, 58).
cost(1, 23, 67).
cost(1, 24, 68).
cost(2, 1, 82).
cost(2, 3, 45).
cost(2, 4, 37).
cost(2, 5, 91).
cost(2, 6, 21).
cost(2, 7, 63).
cost(2, 8, 47).
cost(2, 9, 75).
cost(2, 10, 58).
cost(2, 11, 46).
cost(2, 12, 57).
cost(2, 13, 71).
cost(2, 14, 46).
cost(2, 15, 74).
cost(2, 16, 87).
cost(2, 17, 71).
cost(2, 18, 68).
cost(2, 19, 20).
cost(2, 20, 45).
cost(2, 21, 11).
cost(2, 22, 24).
cost(2, 23, 89).
cost(2, 24, 84).
cost(3, 1, 39).
cost(3, 2, 45).
cost(3, 4, 17).
cost(3, 5, 51).
cost(3, 6, 26).
cost(3, 7, 28).
cost(3, 8, 50).
cost(3, 9, 44).
cost(3, 10, 28).
cost(3, 11, 4).
cost(3, 12, 47).
cost(3, 13, 45).
cost(3, 14, 21).
cost(3, 15, 52).
cost(3, 16, 62).
cost(3, 17, 35).
cost(3, 18, 27).
cost(3, 19, 24).
cost(3, 20, 5).
cost(3, 21, 34).
cost(3, 22, 21).
cost(3, 23, 57).
cost(3, 24, 55).
cost(4, 1, 55).
cost(4, 2, 37).
cost(4, 3, 17).
cost(4, 5, 54).
cost(4, 6, 24).
cost(4, 7, 45).
cost(4, 8, 59).
cost(4, 9, 39).
cost(4, 10, 45).
cost(4, 11, 21).
cost(4, 12, 59).
cost(4, 13, 37).
cost(4, 14, 9).
cost(4, 15, 42).
cost(4, 16, 53).
cost(4, 17, 34).
cost(4, 18, 44).
cost(4, 19, 20).
cost(4, 20, 13).
cost(4, 21, 29).
cost(4, 22, 20).
cost(4, 23, 53).
cost(4, 24, 49).
cost(5, 1, 50).
cost(5, 2, 91).
cost(5, 3, 51).
cost(5, 4, 54).
cost(5, 6, 75).
cost(5, 7, 64).
cost(5, 8, 100).
cost(5, 9, 24).
cost(5, 10, 69).
cost(5, 11, 53).
cost(5, 12, 93).
cost(5, 13, 32).
cost(5, 14, 45).
cost(5, 15, 37).
cost(5, 16, 34).
cost(5, 17, 21).
cost(5, 18, 52).
cost(5, 19, 73).
cost(5, 20, 48).
cost(5, 21, 82).
cost(5, 22, 70).
cost(5, 23, 20).
cost(5, 24, 24).
cost(6, 1, 61).
cost(6, 2, 21).
cost(6, 3, 26).
cost(6, 4, 24).
cost(6, 5, 75).
cost(6, 7, 42).
cost(6, 8, 37).
cost(6, 9, 63).
cost(6, 10, 38).
cost(6, 11, 26).
cost(6, 12, 42).
cost(6, 13, 61).
cost(6, 14, 34).
cost(6, 15, 66).
cost(6, 16, 78).
cost(6, 17, 57).
cost(6, 18, 47).
cost(6, 19, 5).
cost(6, 20, 27).
cost(6, 21, 10).
cost(6, 22, 5).
cost(6, 23, 77).
cost(6, 24, 73).
cost(7, 1, 24).
cost(7, 2, 63).
cost(7, 3, 28).
cost(7, 4, 45).
cost(7, 5, 64).
cost(7, 6, 42).
cost(7, 8, 43).
cost(7, 9, 66).
cost(7, 10, 7).
cost(7, 11, 25).
cost(7, 12, 31).
cost(7, 13, 69).
cost(7, 14, 49).
cost(7, 15, 77).
cost(7, 16, 84).
cost(7, 17, 55).
cost(7, 18, 12).
cost(7, 19, 45).
cost(7, 20, 33).
cost(7, 21, 52).
cost(7, 22, 40).
cost(7, 23, 76).
cost(7, 24, 75).
cost(8, 1, 66).
cost(8, 2, 47).
cost(8, 3, 50).
cost(8, 4, 59).
cost(8, 5, 100).
cost(8, 6, 37).
cost(8, 7, 43).
cost(8, 9, 95).
cost(8, 10, 35).
cost(8, 11, 48).
cost(8, 12, 15).
cost(8, 13, 95).
cost(8, 14, 68).
cost(8, 15, 101).
cost(8, 16, 111).
cost(8, 17, 86).
cost(8, 18, 54).
cost(8, 19, 42).
cost(8, 20, 55).
cost(8, 21, 40).
cost(8, 22, 41).
cost(8, 23, 107).
cost(8, 24, 105).
cost(9, 1, 61).
cost(9, 2, 75).
cost(9, 3, 44).
cost(9, 4, 39).
cost(9, 5, 24).
cost(9, 6, 63).
cost(9, 7, 66).
cost(9, 8, 95).
cost(9, 10, 70).
cost(9, 11, 47).
cost(9, 12, 91).
cost(9, 13, 8).
cost(9, 14, 29).
cost(9, 15, 14).
cost(9, 16, 18).
cost(9, 17, 12).
cost(9, 18, 57).
cost(9, 19, 59).
cost(9, 20, 40).
cost(9, 21, 68).
cost(9, 22, 58).
cost(9, 23, 14).
cost(9, 24, 10).
cost(10, 1, 31).
cost(10, 2, 58).
cost(10, 3, 28).
cost(10, 4, 45).
cost(10, 5, 69).
cost(10, 6, 38).
cost(10, 7, 7).
cost(10, 8, 35).
cost(10, 9, 70).
cost(10, 11, 25).
cost(10, 12, 24).
cost(10, 13, 72).
cost(10, 14, 50).
cost(10, 15, 79).
cost(10, 16, 87).
cost(10, 17, 59).
cost(10, 18, 19).
cost(10, 19, 41).
cost(10, 20, 33).
cost(10, 21, 47).
cost(10, 22, 36).
cost(10, 23, 80).
cost(10, 24, 79).
cost(11, 1, 37).
cost(11, 2, 46).
cost(11, 3, 4).
cost(11, 4, 21).
cost(11, 5, 53).
cost(11, 6, 26).
cost(11, 7, 25).
cost(11, 8, 48).
cost(11, 9, 47).
cost(11, 10, 25).
cost(11, 12, 44).
cost(11, 13, 49).
cost(11, 14, 25).
cost(11, 15, 55).
cost(11, 16, 65).
cost(11, 17, 38).
cost(11, 18, 24).
cost(11, 19, 26).
cost(11, 20, 9).
cost(11, 21, 35).
cost(11, 22, 22).
cost(11, 23, 60).
cost(11, 24, 57).
cost(12, 1, 54).
cost(12, 2, 57).
cost(12, 3, 47).
cost(12, 4, 59).
cost(12, 5, 93).
cost(12, 6, 42).
cost(12, 7, 31).
cost(12, 8, 15).
cost(12, 9, 91).
cost(12, 10, 24).
cost(12, 11, 44).
cost(12, 13, 92).
cost(12, 14, 67).
cost(12, 15, 99).
cost(12, 16, 108).
cost(12, 17, 81).
cost(12, 18, 43).
cost(12, 19, 47).
cost(12, 20, 52).
cost(12, 21, 48).
cost(12, 22, 44).
cost(12, 23, 103).
cost(12, 24, 101).
cost(13, 1, 66).
cost(13, 2, 71).
cost(13, 3, 45).
cost(13, 4, 37).
cost(13, 5, 32).
cost(13, 6, 61).
cost(13, 7, 69).
cost(13, 8, 95).
cost(13, 9, 8).
cost(13, 10, 72).
cost(13, 11, 49).
cost(13, 12, 92).
cost(13, 14, 28).
cost(13, 15, 8).
cost(13, 16, 17).
cost(13, 17, 17).
cost(13, 18, 61).
cost(13, 19, 57).
cost(13, 20, 40).
cost(13, 21, 65).
cost(13, 22, 57).
cost(13, 23, 19).
cost(13, 24, 13).
cost(14, 1, 55).
cost(14, 2, 46).
cost(14, 3, 21).
cost(14, 4, 9).
cost(14, 5, 45).
cost(14, 6, 34).
cost(14, 7, 49).
cost(14, 8, 68).
cost(14, 9, 29).
cost(14, 10, 50).
cost(14, 11, 25).
cost(14, 12, 67).
cost(14, 13, 28).
cost(14, 15, 33).
cost(14, 16, 44).
cost(14, 17, 25).
cost(14, 18, 45).
cost(14, 19, 30).
cost(14, 20, 16).
cost(14, 21, 39).
cost(14, 22, 29).
cost(14, 23, 44).
cost(14, 24, 39).
cost(15, 1, 74).
cost(15, 2, 74).
cost(15, 3, 52).
cost(15, 4, 42).
cost(15, 5, 37).
cost(15, 6, 66).
cost(15, 7, 77).
cost(15, 8, 101).
cost(15, 9, 14).
cost(15, 10, 79).
cost(15, 11, 55).
cost(15, 12, 99).
cost(15, 13, 8).
cost(15, 14, 33).
cost(15, 16, 13).
cost(15, 17, 25).
cost(15, 18, 69).
cost(15, 19, 62).
cost(15, 20, 47).
cost(15, 21, 69).
cost(15, 22, 62).
cost(15, 23, 21).
cost(15, 24, 15).
cost(16, 1, 78).
cost(16, 2, 87).
cost(16, 3, 62).
cost(16, 4, 53).
cost(16, 5, 34).
cost(16, 6, 78).
cost(16, 7, 84).
cost(16, 8, 111).
cost(16, 9, 18).
cost(16, 10, 87).
cost(16, 11, 65).
cost(16, 12, 108).
cost(16, 13, 17).
cost(16, 14, 44).
cost(16, 15, 13).
cost(16, 17, 29).
cost(16, 18, 75).
cost(16, 19, 73).
cost(16, 20, 57).
cost(16, 21, 82).
cost(16, 22, 73).
cost(16, 23, 15).
cost(16, 24, 10).
cost(17, 1, 49).
cost(17, 2, 71).
cost(17, 3, 35).
cost(17, 4, 34).
cost(17, 5, 21).
cost(17, 6, 57).
cost(17, 7, 55).
cost(17, 8, 86).
cost(17, 9, 12).
cost(17, 10, 59).
cost(17, 11, 38).
cost(17, 12, 81).
cost(17, 13, 17).
cost(17, 14, 25).
cost(17, 15, 25).
cost(17, 16, 29).
cost(17, 18, 46).
cost(17, 19, 53).
cost(17, 20, 31).
cost(17, 21, 63).
cost(17, 22, 52).
cost(17, 23, 22).
cost(17, 24, 21).
cost(18, 1, 14).
cost(18, 2, 68).
cost(18, 3, 27).
cost(18, 4, 44).
cost(18, 5, 52).
cost(18, 6, 47).
cost(18, 7, 12).
cost(18, 8, 54).
cost(18, 9, 57).
cost(18, 10, 19).
cost(18, 11, 24).
cost(18, 12, 43).
cost(18, 13, 61).
cost(18, 14, 45).
cost(18, 15, 69).
cost(18, 16, 75).
cost(18, 17, 46).
cost(18, 19, 48).
cost(18, 20, 30).
cost(18, 21, 57).
cost(18, 22, 44).
cost(18, 23, 66).
cost(18, 24, 66).
cost(19, 1, 62).
cost(19, 2, 20).
cost(19, 3, 24).
cost(19, 4, 20).
cost(19, 5, 73).
cost(19, 6, 5).
cost(19, 7, 45).
cost(19, 8, 42).
cost(19, 9, 59).
cost(19, 10, 41).
cost(19, 11, 26).
cost(19, 12, 47).
cost(19, 13, 57).
cost(19, 14, 30).
cost(19, 15, 62).
cost(19, 16, 73).
cost(19, 17, 53).
cost(19, 18, 48).
cost(19, 20, 25).
cost(19, 21, 10).
cost(19, 22, 5).
cost(19, 23, 73).
cost(19, 24, 69).
cost(20, 1, 42).
cost(20, 2, 45).
cost(20, 3, 5).
cost(20, 4, 13).
cost(20, 5, 48).
cost(20, 6, 27).
cost(20, 7, 33).
cost(20, 8, 55).
cost(20, 9, 40).
cost(20, 10, 33).
cost(20, 11, 9).
cost(20, 12, 52).
cost(20, 13, 40).
cost(20, 14, 16).
cost(20, 15, 47).
cost(20, 16, 57).
cost(20, 17, 31).
cost(20, 18, 30).
cost(20, 19, 25).
cost(20, 21, 35).
cost(20, 22, 22).
cost(20, 23, 53).
cost(20, 24, 50).
cost(21, 1, 71).
cost(21, 2, 11).
cost(21, 3, 34).
cost(21, 4, 29).
cost(21, 5, 82).
cost(21, 6, 10).
cost(21, 7, 52).
cost(21, 8, 40).
cost(21, 9, 68).
cost(21, 10, 47).
cost(21, 11, 35).
cost(21, 12, 48).
cost(21, 13, 65).
cost(21, 14, 39).
cost(21, 15, 69).
cost(21, 16, 82).
cost(21, 17, 63).
cost(21, 18, 57).
cost(21, 19, 10).
cost(21, 20, 35).
cost(21, 22, 14).
cost(21, 23, 82).
cost(21, 24, 78).
cost(22, 1, 58).
cost(22, 2, 24).
cost(22, 3, 21).
cost(22, 4, 20).
cost(22, 5, 70).
cost(22, 6, 5).
cost(22, 7, 40).
cost(22, 8, 41).
cost(22, 9, 58).
cost(22, 10, 36).
cost(22, 11, 22).
cost(22, 12, 44).
cost(22, 13, 57).
cost(22, 14, 29).
cost(22, 15, 62).
cost(22, 16, 73).
cost(22, 17, 52).
cost(22, 18, 44).
cost(22, 19, 5).
cost(22, 20, 22).
cost(22, 21, 14).
cost(22, 23, 72).
cost(22, 24, 68).
cost(23, 1, 67).
cost(23, 2, 89).
cost(23, 3, 57).
cost(23, 4, 53).
cost(23, 5, 20).
cost(23, 6, 77).
cost(23, 7, 76).
cost(23, 8, 107).
cost(23, 9, 14).
cost(23, 10, 80).
cost(23, 11, 60).
cost(23, 12, 103).
cost(23, 13, 19).
cost(23, 14, 44).
cost(23, 15, 21).
cost(23, 16, 15).
cost(23, 17, 22).
cost(23, 18, 66).
cost(23, 19, 73).
cost(23, 20, 53).
cost(23, 21, 82).
cost(23, 22, 72).
cost(23, 24, 6).
cost(24, 1, 68).
cost(24, 2, 84).
cost(24, 3, 55).
cost(24, 4, 49).
cost(24, 5, 24).
cost(24, 6, 73).
cost(24, 7, 75).
cost(24, 8, 105).
cost(24, 9, 10).
cost(24, 10, 79).
cost(24, 11, 57).
cost(24, 12, 101).
cost(24, 13, 13).
cost(24, 14, 39).
cost(24, 15, 15).
cost(24, 16, 10).
cost(24, 17, 21).
cost(24, 18, 66).
cost(24, 19, 69).
cost(24, 20, 50).
cost(24, 21, 78).
cost(24, 22, 68).
cost(24, 23, 6).
