dimension(24).
point(1, 8.5350468999, 41.5077282052).
point(2, 56.8698021748, 32.4459614727).
point(3, 46.4526688849, 46.0007338815).
point(4, 44.2151688353, 23.1416089014).
point(5, 34.5087344547, 88.3884205237).
point(6, 12.5306370127, 52.0347255905).
point(7, 84.3829495284, 46.9274430941).
point(8, 21.1053840025, 25.4929376692).
point(9, 97.771198109, 37.2237990296).
point(10, 12.5652195906, 61.8400235715).
point(11, 5.9765420684, 44.9038132382).
point(12, 28.0822521801, 65.2091257726).
point(13, 74.2268124462, 9.2574888745).
point(14, 89.4341828138, 31.6665928365).
point(15, 28.8968083661, 11.7482861261).
point(16, 93.8819585912, 24.5617937712).
point(17, 20.7356868389, 53.0647667148).
point(18, 69.7363772415, 80.6906056507).
point(19, 56.6827904904, 88.0598786811).
point(20, 46.1727227807, 47.8280833958).
point(21, 12.0606435129, 38.8143665715).
point(22, 55.9608465991, 77.076147293).
point(23, 6.4042860302, 73.6523851441).
point(24, 31.3303343342, 26.9327469468).
cost(1, 2, 49).
cost(1, 3, 38).
cost(1, 4, 40).
cost(1, 5, 54).
cost(1, 6, 11).
cost(1, 7, 76).
cost(1, 8, 20).
cost(1, 9, 89).
cost(1, 10, 21).
cost(1, 11, 4).
cost(1, 12, 31).
cost(1, 13, 73).
cost(1, 14, 81).
cost(1, 15, 36).
cost(1, 16, 87).
cost(1, 17, 17).
cost(1, 18, 73).
cost(1, 19, 67).
cost(1, 20, 38).
cost(1, 21, 4).
cost(1, 22, 59).
cost(1, 23, 32).
cost(1, 24, 27).
cost(2, 1, 49).
cost(2, 3, 17).
cost(2, 4, 16).
cost(2, 5, 60).
cost(2, 6, 48).
cost(2, 7, 31).
cost(2, 8, 36).
cost(2, 9, 41).
cost(2, 10, 53).
cost(2, 11, 52).
cost(2, 12, 44).
cost(2, 13, 29).
cost(2, 14, 33).
cost(2, 15, 35).
cost(2, 16, 38).
cost(2, 17, 42).
cost(2, 18, 50).
cost(2, 19, 56).
cost(2, 20, 19).
cost(2, 21, 45).
cost(2, 22, 45).
cost(2, 23, 65).
cost(2, 24, 26).
cost(3, 1, 38).
cost(3, 2, 17).
cost(3, 4, 23).
cost(3, 5, 44).
cost(3, 6, 34).
cost(3, 7, 38).
cost(3, 8, 33).
cost(3, 9, 52).
cost(3, 10, 37).
cost(3, 11, 40).
cost(3, 12, 27).
cost(3, 13, 46).
cost(3, 14, 45).
cost(3, 15, 38).
cost(3, 16, 52).
cost(3, 17, 27).
cost(3, 18, 42).
cost(3, 19, 43).
cost(3, 20, 2).
cost(3, 21, 35).
cost(3, 22, 32).
cost(3, 23, 49).
cost(3, 24, 24).
cost(4, 1, 40).
cost(4, 2, 16).
cost(4, 3, 23).
cost(4, 5, 66).
cost(4, 6, 43).
cost(4, 7, 47).
cost(4, 8, 23).
cost(4, 9, 55).
cost(4, 10, 50).
cost(4, 11, 44).
cost(4, 12, 45).
cost(4, 13, 33).
cost(4, 14, 46).
cost(4, 15, 19).
cost(4, 16, 50).
cost(4, 17, 38).
cost(4, 18, 63).
cost(4, 19, 66).
cost(4, 20, 25).
cost(4, 21, 36).
cost(4, 22, 55).
cost(4, 23, 63).
cost(4, 24, 13).
cost(5, 1, 54).
cost(5, 2, 60).
cost(5, 3, 44).
cost(5, 4, 66).
cost(5, 6, 42).
cost(5, 7, 65).
cost(5, 8, 64).
cost(5, 9, 81).
cost(5, 10, 34).
cost(5, 11, 52).
cost(5, 12, 24).
cost(5, 13, 89).
cost(5, 14, 79).
cost(5, 15, 77).
cost(5, 16, 87).
cost(5, 17, 38).
cost(5, 18, 36).
cost(5, 19, 22).
cost(5, 20, 42).
cost(5, 21, 54).
cost(5, 22, 24).
cost(5, 23, 32).
cost(5, 24, 62).
cost(6, 1, 11).
cost(6, 2, 48).
cost(6, 3, 34).
cost(6, 4, 43).
cost(6, 5, 42).
cost(6, 7, 72).
cost(6, 8, 28).
cost(6, 9, 87).
cost(6, 10, 10).
cost(6, 11, 10).
cost(6, 12, 20).
cost(6, 13, 75).
cost(6, 14, 80).
cost(6, 15, 43).
cost(6, 16, 86).
cost(6, 17, 8).
cost(6, 18, 64).
cost(6, 19, 57).
cost(6, 20, 34).
cost(6, 21, 13).
cost(6, 22, 50).
cost(6, 23, 22).
cost(6, 24, 31).
cost(7, 1, 76).
cost(7, 2, 31).
cost(7, 3, 38).
cost(7, 4, 47).
cost(7, 5, 65).
cost(7, 6, 72).
cost(7, 8, 67).
cost(7, 9, 17).
cost(7, 10, 73).
cost(7, 11, 78).
cost(7, 12, 59).
cost(7, 13, 39).
cost(7, 14, 16).
cost(7, 15, 66).
cost(7, 16, 24).
cost(7, 17, 64).
cost(7, 18, 37).
cost(7, 19, 50).
cost(7, 20, 38).
cost(7, 21, 73).
cost(7, 22, 41).
cost(7, 23, 82).
cost(7, 24, 57).
cost(8, 1, 20).
cost(8, 2, 36).
cost(8, 3, 33).
cost(8, 4, 23).
cost(8, 5, 64).
cost(8, 6, 28).
cost(8, 7, 67).
cost(8, 9, 78).
cost(8, 10, 37).
cost(8, 11, 25).
cost(8, 12, 40).
cost(8, 13, 56).
cost(8, 14, 69).
cost(8, 15, 16).
cost(8, 16, 73).
cost(8, 17, 28).
cost(8, 18, 74).
cost(8, 19, 72).
cost(8, 20, 34).
cost(8, 21, 16).
cost(8, 22, 62).
cost(8, 23, 50).
cost(8, 24, 10).
cost(9, 1, 89).
cost(9, 2, 41).
cost(9, 3, 52).
cost(9, 4, 55).
cost(9, 5, 81).
cost(9, 6, 87).
cost(9, 7, 17).
cost(9, 8, 78).
cost(9, 10, 89).
cost(9, 11, 92).
cost(9, 12, 75).
cost(9, 13, 37).
cost(9, 14, 10).
cost(9, 15, 73).
cost(9, 16, 13).
cost(9, 17, 79).
cost(9, 18, 52).
cost(9, 19, 65).
cost(9, 20, 53).
cost(9, 21, 86).
cost(9, 22, 58).
cost(9, 23, 98).
cost(9, 24, 67).
cost(10, 1, 21).
cost(10, 2, 53).
cost(10, 3, 37).
cost(10, 4, 50).
cost(10, 5, 34).
cost(10, 6, 10).
cost(10, 7, 73).
cost(10, 8, 37).
cost(10, 9, 89).
cost(10, 11, 18).
cost(10, 12, 16).
cost(10, 13, 81).
cost(10, 14, 83).
cost(10, 15, 53).
cost(10, 16, 89).
cost(10, 17, 12).
cost(10, 18, 60).
cost(10, 19, 51).
cost(10, 20, 36).
cost(10, 21, 23).
cost(10, 22, 46).
cost(10, 23, 13).
cost(10, 24, 40).
cost(11, 1, 4).
cost(11, 2, 52).
cost(11, 3, 40).
cost(11, 4, 44).
cost(11, 5, 52).
cost(11, 6, 10).
cost(11, 7, 78).
cost(11, 8, 25).
cost(11, 9, 92).
cost(11, 10, 18).
cost(11, 12, 30).
cost(11, 13, 77).
cost(11, 14, 85).
cost(11, 15, 40).
cost(11, 16, 90).
cost(11, 17, 17).
cost(11, 18, 73).
cost(11, 19, 67).
cost(11, 20, 40).
cost(11, 21, 9).
cost(11, 22, 59).
cost(11, 23, 29).
cost(11, 24, 31).
cost(12, 1, 31).
cost(12, 2, 44).
cost(12, 3, 27).
cost(12, 4, 45).
cost(12, 5, 24).
cost(12, 6, 20).
cost(12, 7, 59).
cost(12, 8, 40).
cost(12, 9, 75).
cost(12, 10, 16).
cost(12, 11, 30).
cost(12, 13, 73).
cost(12, 14, 70).
cost(12, 15, 53).
cost(12, 16, 77).
cost(12, 17, 14).
cost(12, 18, 44).
cost(12, 19, 37).
cost(12, 20, 25).
cost(12, 21, 31).
cost(12, 22, 30).
cost(12, 23, 23).
cost(12, 24, 38).
cost(13, 1, 73).
cost(13, 2, 29).
cost(13, 3, 46).
cost(13, 4, 33).
cost(13, 5, 89).
cost(13, 6, 75).
cost(13, 7, 39).
cost(13, 8, 56).
cost(13, 9, 37).
cost(13, 10, 81).
cost(13, 11, 77).
cost(13, 12, 73).
cost(13, 14, 27).
cost(13, 15, 45).
cost(13, 16, 25).
cost(13, 17, 69).
cost(13, 18, 72).
cost(13, 19, 81).
cost(13, 20, 48).
cost(13, 21, 69).
cost(13, 22, 70).
cost(13, 23, 94).
cost(13, 24, 46).
cost(14, 1, 81).
cost(14, 2, 33).
cost(14, 3, 45).
cost(14, 4, 46).
cost(14, 5, 79).
cost(14, 6, 80).
cost(14, 7, 16).
cost(14, 8, 69).
cost(14, 9, 10).
cost(14, 10, 83).
cost(14, 11, 85).
cost(14, 12, 70).
cost(14, 13, 27).
cost(14, 15, 64).
cost(14, 16, 8).
cost(14, 17, 72).
cost(14, 18, 53).
cost(14, 19, 65).
cost(14, 20, 46).
cost(14, 21, 78).
cost(14, 22, 56).
cost(14, 23, 93).
cost(14, 24, 58).
cost(15, 1, 36).
cost(15, 2, 35).
cost(15, 3, 38).
cost(15, 4, 19).
cost(15, 5, 77).
cost(15, 6, 43).
cost(15, 7, 66).
cost(15, 8, 16).
cost(15, 9, 73).
cost(15, 10, 53).
cost(15, 11, 40).
cost(15, 12, 53).
cost(15, 13, 45).
cost(15, 14, 64).
cost(15, 16, 66).
cost(15, 17, 42).
cost(15, 18, 80).
cost(15, 19, 81).
cost(15, 20, 40).
cost(15, 21, 32).
cost(15, 22, 71).
cost(15, 23, 66).
cost(15, 24, 15).
cost(16, 1, 87).
cost(16, 2, 38).
cost(16, 3, 52).
cost(16, 4, 50).
cost(16, 5, 87).
cost(16, 6, 86).
cost(16, 7, 24).
cost(16, 8, 73).
cost(16, 9, 13).
cost(16, 10, 89).
cost(16, 11, 90).
cost(16, 12, 77).
cost(16, 13, 25).
cost(16, 14, 8).
cost(16, 15, 66).
cost(16, 17, 79).
cost(16, 18, 61).
cost(16, 19, 74).
cost(16, 20, 53).
cost(16, 21, 83).
cost(16, 22, 65).
cost(16, 23, 100).
cost(16, 24, 63).
cost(17, 1, 17).
cost(17, 2, 42).
cost(17, 3, 27).
cost(17, 4, 38).
cost(17, 5, 38).
cost(17, 6, 8).
cost(17, 7, 64).
cost(17, 8, 28).
cost(17, 9, 79).
cost(17, 10, 12).
cost(17, 11, 17).
cost(17, 12, 14).
cost(17, 13, 69).
cost(17, 14, 72).
cost(17, 15, 42).
cost(17, 16, 79).
cost(17, 18, 56).
cost(17, 19, 50).
cost(17, 20, 26).
cost(17, 21, 17).
cost(17, 22, 43).
cost(17, 23, 25).
cost(17, 24, 28).
cost(18, 1, 73).
cost(18, 2, 50).
cost(18, 3, 42).
cost(18, 4, 63).
cost(18, 5, 36).
cost(18, 6, 64).
cost(18, 7, 37).
cost(18, 8, 74).
cost(18, 9, 52).
cost(18, 10, 60).
cost(18, 11, 73).
cost(18, 12, 44).
cost(18, 13, 72).
cost(18, 14, 53).
cost(18, 15, 80).
cost(18, 16, 61).
cost(18, 17, 56).
cost(18, 19, 15).
cost(18, 20, 40).
cost(18, 21, 71).
cost(18, 22, 14).
cost(18, 23, 64).
cost(18, 24, 66).
cost(19, 1, 67).
cost(19, 2, 56).
cost(19, 3, 43).
cost(19, 4, 66).
cost(19, 5, 22).
cost(19, 6, 57).
cost(19, 7, 50).
cost(19, 8, 72).
cost(19, 9, 65).
cost(19, 10, 51).
cost(19, 11, 67).
cost(19, 12, 37).
cost(19, 13, 81).
cost(19, 14, 65).
cost(19, 15, 81).
cost(19, 16, 74).
cost(19, 17, 50).
cost(19, 18, 15).
cost(19, 20, 42).
cost(19, 21, 66).
cost(19, 22, 11).
cost(19, 23, 52).
cost(19, 24, 66).
cost(20, 1, 38).
cost(20, 2, 19).
cost(20, 3, 2).
cost(20, 4, 25).
cost(20, 5, 42).
cost(20, 6, 34).
cost(20, 7, 38).
cost(20, 8, 34).
cost(20, 9, 53).
cost(20, 10, 36).
cost(20, 11, 40).
cost(20, 12, 25).
cost(20, 13, 48).
cost(20, 14, 46).
cost(20, 15, 40).
cost(20, 16, 53).
cost(20, 17, 26).
cost(20, 18, 40).
cost(20, 19, 42).
cost(20, 21, 35).
cost(20, 22, 31).
cost(20, 23, 47).
cost(20, 24, 26).
cost(21, 1, 4).
cost(21, 2, 45).
cost(21, 3, 35).
cost(21, 4, 36).
cost(21, 5, 54).
cost(21, 6, 13).
cost(21, 7, 73).
cost(21, 8, 16).
cost(21, 9, 86).
cost(21, 10, 23).
cost(21, 11, 9).
cost(21, 12, 31).
cost(21, 13, 69).
cost(21, 14, 78).
cost(21, 15, 32).
cost(21, 16, 83).
cost(21, 17, 17).
cost(21, 18, 71).
cost(21, 19, 66).
cost(21, 20, 35).
cost(21, 22, 58).
cost(21, 23, 35).
cost(21, 24, 23).
cost(22, 1, 59).
cost(22, 2, 45).
cost(22, 3, 32).
cost(22, 4, 55).
cost(22, 5, 24).
cost(22, 6, 50).
cost(22, 7, 41).
cost(22, 8, 62).
cost(22, 9, 58).
cost(22, 10, 46).
cost(22, 11, 59).
cost(22, 12, 30).
cost(22, 13, 70).
cost(22, 14, 56).
cost(22, 15, 71).
cost(22, 16, 65).
cost(22, 17, 43).
cost(22, 18, 14).
cost(22, 19, 11).
cost(22, 20, 31).
cost(22, 21, 58).
cost(22, 23, 50).
cost(22, 24, 56).
cost(23, 1, 32).
cost(23, 2, 65).
cost(23, 3, 49).
cost(23, 4, 63).
cost(23, 5, 32).
cost(23, 6, 22).
cost(23, 7, 82).
cost(23, 8, 50).
cost(23, 9, 98).
cost(23, 10, 13).
cost(23, 11, 29).
cost(23, 12, 23).
cost(23, 13, 94).
cost(23, 14, 93).
cost(23, 15, 66).
cost(23, 16, 100).
cost(23, 17, 25).
cost(23, 18, 64).
cost(23, 19, 52).
cost(23, 20, 47).
cost(23, 21, 35).
cost(23, 22, 50).
cost(23, 24, 53).
cost(24, 1, 27).
cost(24, 2, 26).
cost(24, 3, 24).
cost(24, 4, 13).
cost(24, 5, 62).
cost(24, 6, 31).
cost(24, 7, 57).
cost(24, 8, 10).
cost(24, 9, 67).
cost(24, 10, 40).
cost(24, 11, 31).
cost(24, 12, 38).
cost(24, 13, 46).
cost(24, 14, 58).
cost(24, 15, 15).
cost(24, 16, 63).
cost(24, 17, 28).
cost(24, 18, 66).
cost(24, 19, 66).
cost(24, 20, 26).
cost(24, 21, 23).
cost(24, 22, 56).
cost(24, 23, 53).
