dimension(24).
point(1, 57.8428210104, 88.7918670935).
point(2, 13.6242342943, 43.3872811997).
point(3, 90.828214041, 51.9867577929).
point(4, 30.4844313338, 36.790103191).
point(5, 23.8169045234, 47.5381320742).
point(6, 40.9051494509, 42.0599326051).
point(7, 12.1287304655, 40.0691005542).
point(8, 5.9988553749, 63.166671886).
point(9, 17.019858769, 37.3915416112).
point(10, 22.0613980892, 48.7156011303).
point(11, 65.9660433234, 11.2562745579).
point(12, 88.991092842, 45.4700920322).
point(13, 54.028830434, 49.1276749958).
point(14, 74.5659502345, 54.4694320165).
point(15, 92.1406792669, 60.3924811452).
point(16, 81.190221828, 26.7015239654).
point(17, 90.3895659614, 18.1953783105).
point(18, 14.9259345574, 40.7610561088).
point(19, 66.6223624645, 8.3344214093).
point(20, 6.4252143283, 86.82647256).
point(21, 14.1556431556, 65.971059432).
point(22, 59.5878971846, 82.210268094).
point(23, 53.0359249743, 46.2321164947).
point(24, 49.1360076526, 23.3191666097).
cost(1, 2, 63).
cost(1, 3, 49).
cost(1, 4, 59).
cost(1, 5, 53).
cost(1, 6, 50).
cost(1, 7, 67).
cost(1, 8, 58).
cost(1, 9, 66).
cost(1, 10, 54).
cost(1, 11, 78).
cost(1, 12, 53).
cost(1, 13, 40).
cost(1, 14, 38).
cost(1, 15, 45).
cost(1, 16, 66).
cost(1, 17, 78).
cost(1, 18, 64).
cost(1, 19, 81).
cost(1, 20, 51).
cost(1, 21, 49).
cost(1, 22, 7).
cost(1, 23, 43).
cost(1, 24, 66).
cost(2, 1, 63).
cost(2, 3, 78).
cost(2, 4, 18).
cost(2, 5, 11).
cost(2, 6, 27).
cost(2, 7, 4).
cost(2, 8, 21).
cost(2, 9, 7).
cost(2, 10, 10).
cost(2, 11, 61).
cost(2, 12, 75).
cost(2, 13, 41).
cost(2, 14, 62).
cost(2, 15, 80).
cost(2, 16, 70).
cost(2, 17, 81).
cost(2, 18, 3).
cost(2, 19, 64).
cost(2, 20, 44).
cost(2, 21, 23).
cost(2, 22, 60).
cost(2, 23, 40).
cost(2, 24, 41).
cost(3, 1, 49).
cost(3, 2, 78).
cost(3, 4, 62).
cost(3, 5, 67).
cost(3, 6, 51).
cost(3, 7, 80).
cost(3, 8, 86).
cost(3, 9, 75).
cost(3, 10, 69).
cost(3, 11, 48).
cost(3, 12, 7).
cost(3, 13, 37).
cost(3, 14, 16).
cost(3, 15, 9).
cost(3, 16, 27).
cost(3, 17, 34).
cost(3, 18, 77).
cost(3, 19, 50).
cost(3, 20, 91).
cost(3, 21, 78).
cost(3, 22, 43).
cost(3, 23, 38).
cost(3, 24, 51).
cost(4, 1, 59).
cost(4, 2, 18).
cost(4, 3, 62).
cost(4, 5, 13).
cost(4, 6, 12).
cost(4, 7, 19).
cost(4, 8, 36).
cost(4, 9, 13).
cost(4, 10, 15).
cost(4, 11, 44).
cost(4, 12, 59).
cost(4, 13, 27).
cost(4, 14, 47).
cost(4, 15, 66).
cost(4, 16, 52).
cost(4, 17, 63).
cost(4, 18, 16).
cost(4, 19, 46).
cost(4, 20, 56).
cost(4, 21, 33).
cost(4, 22, 54).
cost(4, 23, 24).
cost(4, 24, 23).
cost(5, 1, 53).
cost(5, 2, 11).
cost(5, 3, 67).
cost(5, 4, 13).
cost(5, 6, 18).
cost(5, 7, 14).
cost(5, 8, 24).
cost(5, 9, 12).
cost(5, 10, 2).
cost(5, 11, 56).
cost(5, 12, 65).
cost(5, 13, 30).
cost(5, 14, 51).
cost(5, 15, 70).
cost(5, 16, 61).
cost(5, 17, 73).
cost(5, 18, 11).
cost(5, 19, 58).
cost(5, 20, 43).
cost(5, 21, 21).
cost(5, 22, 50).
cost(5, 23, 29).
cost(5, 24, 35).
cost(6, 1, 50).
cost(6, 2, 27).
cost(6, 3, 51).
cost(6, 4, 12).
cost(6, 5, 18).
cost(6, 7, 29).
cost(6, 8, 41).
cost(6, 9, 24).
cost(6, 10, 20).
cost(6, 11, 40).
cost(6, 12, 48).
cost(6, 13, 15).
cost(6, 14, 36).
cost(6, 15, 54).
cost(6, 16, 43).
cost(6, 17, 55).
cost(6, 18, 26).
cost(6, 19, 42).
cost(6, 20, 57).
cost(6, 21, 36).
cost(6, 22, 44).
cost(6, 23, 13).
cost(6, 24, 20).
cost(7, 1, 67).
cost(7, 2, 4).
cost(7, 3, 80).
cost(7, 4, 19).
cost(7, 5, 14).
cost(7, 6, 29).
cost(7, 8, 24).
cost(7, 9, 6).
cost(7, 10, 13).
cost(7, 11, 61).
cost(7, 12, 77).
cost(7, 13, 43).
cost(7, 14, 64).
cost(7, 15, 83).
cost(7, 16, 70).
cost(7, 17, 81).
cost(7, 18, 3).
cost(7, 19, 63).
cost(7, 20, 47).
cost(7, 21, 26).
cost(7, 22, 63).
cost(7, 23, 41).
cost(7, 24, 41).
cost(8, 1, 58).
cost(8, 2, 21).
cost(8, 3, 86).
cost(8, 4, 36).
cost(8, 5, 24).
cost(8, 6, 41).
cost(8, 7, 24).
cost(8, 9, 28).
cost(8, 10, 22).
cost(8, 11, 79).
cost(8, 12, 85).
cost(8, 13, 50).
cost(8, 14, 69).
cost(8, 15, 86).
cost(8, 16, 84).
cost(8, 17, 96).
cost(8, 18, 24).
cost(8, 19, 82).
cost(8, 20, 24).
cost(8, 21, 9).
cost(8, 22, 57).
cost(8, 23, 50).
cost(8, 24, 59).
cost(9, 1, 66).
cost(9, 2, 7).
cost(9, 3, 75).
cost(9, 4, 13).
cost(9, 5, 12).
cost(9, 6, 24).
cost(9, 7, 6).
cost(9, 8, 28).
cost(9, 10, 12).
cost(9, 11, 55).
cost(9, 12, 72).
cost(9, 13, 39).
cost(9, 14, 60).
cost(9, 15, 79).
cost(9, 16, 65).
cost(9, 17, 76).
cost(9, 18, 4).
cost(9, 19, 57).
cost(9, 20, 51).
cost(9, 21, 29).
cost(9, 22, 62).
cost(9, 23, 37).
cost(9, 24, 35).
cost(10, 1, 54).
cost(10, 2, 10).
cost(10, 3, 69).
cost(10, 4, 15).
cost(10, 5, 2).
cost(10, 6, 20).
cost(10, 7, 13).
cost(10, 8, 22).
cost(10, 9, 12).
cost(10, 11, 58).
cost(10, 12, 67).
cost(10, 13, 32).
cost(10, 14, 53).
cost(10, 15, 71).
cost(10, 16, 63).
cost(10, 17, 75).
cost(10, 18, 11).
cost(10, 19, 60).
cost(10, 20, 41).
cost(10, 21, 19).
cost(10, 22, 50).
cost(10, 23, 31).
cost(10, 24, 37).
cost(11, 1, 78).
cost(11, 2, 61).
cost(11, 3, 48).
cost(11, 4, 44).
cost(11, 5, 56).
cost(11, 6, 40).
cost(11, 7, 61).
cost(11, 8, 79).
cost(11, 9, 55).
cost(11, 10, 58).
cost(11, 12, 41).
cost(11, 13, 40).
cost(11, 14, 44).
cost(11, 15, 56).
cost(11, 16, 22).
cost(11, 17, 25).
cost(11, 18, 59).
cost(11, 19, 3).
cost(11, 20, 96).
cost(11, 21, 75).
cost(11, 22, 71).
cost(11, 23, 37).
cost(11, 24, 21).
cost(12, 1, 53).
cost(12, 2, 75).
cost(12, 3, 7).
cost(12, 4, 59).
cost(12, 5, 65).
cost(12, 6, 48).
cost(12, 7, 77).
cost(12, 8, 85).
cost(12, 9, 72).
cost(12, 10, 67).
cost(12, 11, 41).
cost(12, 13, 35).
cost(12, 14, 17).
cost(12, 15, 15).
cost(12, 16, 20).
cost(12, 17, 27).
cost(12, 18, 74).
cost(12, 19, 43).
cost(12, 20, 92).
cost(12, 21, 78).
cost(12, 22, 47).
cost(12, 23, 36).
cost(12, 24, 46).
cost(13, 1, 40).
cost(13, 2, 41).
cost(13, 3, 37).
cost(13, 4, 27).
cost(13, 5, 30).
cost(13, 6, 15).
cost(13, 7, 43).
cost(13, 8, 50).
cost(13, 9, 39).
cost(13, 10, 32).
cost(13, 11, 40).
cost(13, 12, 35).
cost(13, 14, 21).
cost(13, 15, 40).
cost(13, 16, 35).
cost(13, 17, 48).
cost(13, 18, 40).
cost(13, 19, 43).
cost(13, 20, 61).
cost(13, 21, 43).
cost(13, 22, 34).
cost(13, 23, 3).
cost(13, 24, 26).
cost(14, 1, 38).
cost(14, 2, 62).
cost(14, 3, 16).
cost(14, 4, 47).
cost(14, 5, 51).
cost(14, 6, 36).
cost(14, 7, 64).
cost(14, 8, 69).
cost(14, 9, 60).
cost(14, 10, 53).
cost(14, 11, 44).
cost(14, 12, 17).
cost(14, 13, 21).
cost(14, 15, 19).
cost(14, 16, 29).
cost(14, 17, 40).
cost(14, 18, 61).
cost(14, 19, 47).
cost(14, 20, 75).
cost(14, 21, 61).
cost(14, 22, 32).
cost(14, 23, 23).
cost(14, 24, 40).
cost(15, 1, 45).
cost(15, 2, 80).
cost(15, 3, 9).
cost(15, 4, 66).
cost(15, 5, 70).
cost(15, 6, 54).
cost(15, 7, 83).
cost(15, 8, 86).
cost(15, 9, 79).
cost(15, 10, 71).
cost(15, 11, 56).
cost(15, 12, 15).
cost(15, 13, 40).
cost(15, 14, 19).
cost(15, 16, 35).
cost(15, 17, 42).
cost(15, 18, 80).
cost(15, 19, 58).
cost(15, 20, 90).
cost(15, 21, 78).
cost(15, 22, 39).
cost(15, 23, 42).
cost(15, 24, 57).
cost(16, 1, 66).
cost(16, 2, 70).
cost(16, 3, 27).
cost(16, 4, 52).
cost(16, 5, 61).
cost(16, 6, 43).
cost(16, 7, 70).
cost(16, 8, 84).
cost(16, 9, 65).
cost(16, 10, 63).
cost(16, 11, 22).
cost(16, 12, 20).
cost(16, 13, 35).
cost(16, 14, 29).
cost(16, 15, 35).
cost(16, 17, 13).
cost(16, 18, 68).
cost(16, 19, 23).
cost(16, 20, 96).
cost(16, 21, 78).
cost(16, 22, 60).
cost(16, 23, 34).
cost(16, 24, 32).
cost(17, 1, 78).
cost(17, 2, 81).
cost(17, 3, 34).
cost(17, 4, 63).
cost(17, 5, 73).
cost(17, 6, 55).
cost(17, 7, 81).
cost(17, 8, 96).
cost(17, 9, 76).
cost(17, 10, 75).
cost(17, 11, 25).
cost(17, 12, 27).
cost(17, 13, 48).
cost(17, 14, 40).
cost(17, 15, 42).
cost(17, 16, 13).
cost(17, 18, 79).
cost(17, 19, 26).
cost(17, 20, 108).
cost(17, 21, 90).
cost(17, 22, 71).
cost(17, 23, 47).
cost(17, 24, 42).
cost(18, 1, 64).
cost(18, 2, 3).
cost(18, 3, 77).
cost(18, 4, 16).
cost(18, 5, 11).
cost(18, 6, 26).
cost(18, 7, 3).
cost(18, 8, 24).
cost(18, 9, 4).
cost(18, 10, 11).
cost(18, 11, 59).
cost(18, 12, 74).
cost(18, 13, 40).
cost(18, 14, 61).
cost(18, 15, 80).
cost(18, 16, 68).
cost(18, 17, 79).
cost(18, 19, 61).
cost(18, 20, 47).
cost(18, 21, 25).
cost(18, 22, 61).
cost(18, 23, 39).
cost(18, 24, 38).
cost(19, 1, 81).
cost(19, 2, 64).
cost(19, 3, 50).
cost(19, 4, 46).
cost(19, 5, 58).
cost(19, 6, 42).
cost(19, 7, 63).
cost(19, 8, 82).
cost(19, 9, 57).
cost(19, 10, 60).
cost(19, 11, 3).
cost(19, 12, 43).
cost(19, 13, 43).
cost(19, 14, 47).
cost(19, 15, 58).
cost(19, 16, 23).
cost(19, 17, 26).
cost(19, 18, 61).
cost(19, 20, 99).
cost(19, 21, 78).
cost(19, 22, 74).
cost(19, 23, 40).
cost(19, 24, 23).
cost(20, 1, 51).
cost(20, 2, 44).
cost(20, 3, 91).
cost(20, 4, 56).
cost(20, 5, 43).
cost(20, 6, 57).
cost(20, 7, 47).
cost(20, 8, 24).
cost(20, 9, 51).
cost(20, 10, 41).
cost(20, 11, 96).
cost(20, 12, 92).
cost(20, 13, 61).
cost(20, 14, 75).
cost(20, 15, 90).
cost(20, 16, 96).
cost(20, 17, 108).
cost(20, 18, 47).
cost(20, 19, 99).
cost(20, 21, 22).
cost(20, 22, 53).
cost(20, 23, 62).
cost(20, 24, 77).
cost(21, 1, 49).
cost(21, 2, 23).
cost(21, 3, 78).
cost(21, 4, 33).
cost(21, 5, 21).
cost(21, 6, 36).
cost(21, 7, 26).
cost(21, 8, 9).
cost(21, 9, 29).
cost(21, 10, 19).
cost(21, 11, 75).
cost(21, 12, 78).
cost(21, 13, 43).
cost(21, 14, 61).
cost(21, 15, 78).
cost(21, 16, 78).
cost(21, 17, 90).
cost(21, 18, 25).
cost(21, 19, 78).
cost(21, 20, 22).
cost(21, 22, 48).
cost(21, 23, 44).
cost(21, 24, 55).
cost(22, 1, 7).
cost(22, 2, 60).
cost(22, 3, 43).
cost(22, 4, 54).
cost(22, 5, 50).
cost(22, 6, 44).
cost(22, 7, 63).
cost(22, 8, 57).
cost(22, 9, 62).
cost(22, 10, 50).
cost(22, 11, 71).
cost(22, 12, 47).
cost(22, 13, 34).
cost(22, 14, 32).
cost(22, 15, 39).
cost(22, 16, 60).
cost(22, 17, 71).
cost(22, 18, 61).
cost(22, 19, 74).
cost(22, 20, 53).
cost(22, 21, 48).
cost(22, 23, 37).
cost(22, 24, 60).
cost(23, 1, 43).
cost(23, 2, 40).
cost(23, 3, 38).
cost(23, 4, 24).
cost(23, 5, 29).
cost(23, 6, 13).
cost(23, 7, 41).
cost(23, 8, 50).
cost(23, 9, 37).
cost(23, 10, 31).
cost(23, 11, 37).
cost(23, 12, 36).
cost(23, 13, 3).
cost(23, 14, 23).
cost(23, 15, 42).
cost(23, 16, 34).
cost(23, 17, 47).
cost(23, 18, 39).
cost(23, 19, 40).
cost(23, 20, 62).
cost(23, 21, 44).
cost(23, 22, 37).
cost(23, 24, 23).
cost(24, 1, 66).
cost(24, 2, 41).
cost(24, 3, 51).
cost(24, 4, 23).
cost(24, 5, 35).
cost(24, 6, 20).
cost(24, 7, 41).
cost(24, 8, 59).
cost(24, 9, 35).
cost(24, 10, 37).
cost(24, 11, 21).
cost(24, 12, 46).
cost(24, 13, 26).
cost(24, 14, 40).
cost(24, 15, 57).
cost(24, 16, 32).
cost(24, 17, 42).
cost(24, 18, 38).
cost(24, 19, 23).
cost(24, 20, 77).
cost(24, 21, 55).
cost(24, 22, 60).
cost(24, 23, 23).
