dimension(24).
point(1, 12.5331675643, 69.5694103641).
point(2, 54.3490097794, 48.1149179126).
point(3, 68.8266976153, 42.8538025533).
point(4, 9.1900542776, 58.2095247177).
point(5, 26.1207127695, 73.2247786298).
point(6, 26.8946530842, 38.0825498198).
point(7, 30.4534749851, 36.8604763477).
point(8, 60.3401915709, 57.8523063249).
point(9, 89.6174219644, 20.5286937379).
point(10, 65.6645822442, 86.8787541498).
point(11, 41.0570770412, 93.7268041762).
point(12, 48.4099758048, 84.7761672125).
point(13, 87.08902747, 43.3950336861).
point(14, 94.0507953939, 45.2717525909).
point(15, 26.6476484163, 26.0299490081).
point(16, 91.7369957958, 20.4219853359).
point(17, 27.0315126491, 86.7287785587).
point(18, 77.1509958112, 19.448492621).
point(19, 39.9316261827, 22.3290194971).
point(20, 89.8851426235, 31.9730694652).
point(21, 68.7611728328, 50.5833605054).
point(22, 96.8260237382, 44.3451830217).
point(23, 69.6868201931, 92.4475013369).
point(24, 89.7041870915, 14.3122905687).
cost(1, 2, 47).
cost(1, 3, 62).
cost(1, 4, 12).
cost(1, 5, 14).
cost(1, 6, 35).
cost(1, 7, 37).
cost(1, 8, 49).
cost(1, 9, 91).
cost(1, 10, 56).
cost(1, 11, 37).
cost(1, 12, 39).
cost(1, 13, 79).
cost(1, 14, 85).
cost(1, 15, 46).
cost(1, 16, 93).
cost(1, 17, 22).
cost(1, 18, 82).
cost(1, 19, 55).
cost(1, 20, 86).
cost(1, 21, 59).
cost(1, 22, 88).
cost(1, 23, 62).
cost(1, 24, 95).
cost(2, 1, 47).
cost(2, 3, 15).
cost(2, 4, 46).
cost(2, 5, 38).
cost(2, 6, 29).
cost(2, 7, 26).
cost(2, 8, 11).
cost(2, 9, 45).
cost(2, 10, 40).
cost(2, 11, 48).
cost(2, 12, 37).
cost(2, 13, 33).
cost(2, 14, 40).
cost(2, 15, 35).
cost(2, 16, 47).
cost(2, 17, 47).
cost(2, 18, 37).
cost(2, 19, 30).
cost(2, 20, 39).
cost(2, 21, 15).
cost(2, 22, 43).
cost(2, 23, 47).
cost(2, 24, 49).
cost(3, 1, 62).
cost(3, 2, 15).
cost(3, 4, 62).
cost(3, 5, 52).
cost(3, 6, 42).
cost(3, 7, 39).
cost(3, 8, 17).
cost(3, 9, 31).
cost(3, 10, 44).
cost(3, 11, 58).
cost(3, 12, 47).
cost(3, 13, 18).
cost(3, 14, 25).
cost(3, 15, 45).
cost(3, 16, 32).
cost(3, 17, 61).
cost(3, 18, 25).
cost(3, 19, 35).
cost(3, 20, 24).
cost(3, 21, 8).
cost(3, 22, 28).
cost(3, 23, 50).
cost(3, 24, 35).
cost(4, 1, 12).
cost(4, 2, 46).
cost(4, 3, 62).
cost(4, 5, 23).
cost(4, 6, 27).
cost(4, 7, 30).
cost(4, 8, 51).
cost(4, 9, 89).
cost(4, 10, 63).
cost(4, 11, 48).
cost(4, 12, 47).
cost(4, 13, 79).
cost(4, 14, 86).
cost(4, 15, 37).
cost(4, 16, 91).
cost(4, 17, 34).
cost(4, 18, 78).
cost(4, 19, 47).
cost(4, 20, 85).
cost(4, 21, 60).
cost(4, 22, 89).
cost(4, 23, 70).
cost(4, 24, 92).
cost(5, 1, 14).
cost(5, 2, 38).
cost(5, 3, 52).
cost(5, 4, 23).
cost(5, 6, 35).
cost(5, 7, 37).
cost(5, 8, 38).
cost(5, 9, 83).
cost(5, 10, 42).
cost(5, 11, 25).
cost(5, 12, 25).
cost(5, 13, 68).
cost(5, 14, 73).
cost(5, 15, 47).
cost(5, 16, 84).
cost(5, 17, 14).
cost(5, 18, 74).
cost(5, 19, 53).
cost(5, 20, 76).
cost(5, 21, 48).
cost(5, 22, 76).
cost(5, 23, 48).
cost(5, 24, 87).
cost(6, 1, 35).
cost(6, 2, 29).
cost(6, 3, 42).
cost(6, 4, 27).
cost(6, 5, 35).
cost(6, 7, 4).
cost(6, 8, 39).
cost(6, 9, 65).
cost(6, 10, 62).
cost(6, 11, 57).
cost(6, 12, 51).
cost(6, 13, 60).
cost(6, 14, 68).
cost(6, 15, 12).
cost(6, 16, 67).
cost(6, 17, 49).
cost(6, 18, 54).
cost(6, 19, 20).
cost(6, 20, 63).
cost(6, 21, 44).
cost(6, 22, 70).
cost(6, 23, 69).
cost(6, 24, 67).
cost(7, 1, 37).
cost(7, 2, 26).
cost(7, 3, 39).
cost(7, 4, 30).
cost(7, 5, 37).
cost(7, 6, 4).
cost(7, 8, 37).
cost(7, 9, 61).
cost(7, 10, 61).
cost(7, 11, 58).
cost(7, 12, 51).
cost(7, 13, 57).
cost(7, 14, 64).
cost(7, 15, 11).
cost(7, 16, 63).
cost(7, 17, 50).
cost(7, 18, 50).
cost(7, 19, 17).
cost(7, 20, 60).
cost(7, 21, 41).
cost(7, 22, 67).
cost(7, 23, 68).
cost(7, 24, 63).
cost(8, 1, 49).
cost(8, 2, 11).
cost(8, 3, 17).
cost(8, 4, 51).
cost(8, 5, 38).
cost(8, 6, 39).
cost(8, 7, 37).
cost(8, 9, 47).
cost(8, 10, 30).
cost(8, 11, 41).
cost(8, 12, 29).
cost(8, 13, 30).
cost(8, 14, 36).
cost(8, 15, 46).
cost(8, 16, 49).
cost(8, 17, 44).
cost(8, 18, 42).
cost(8, 19, 41).
cost(8, 20, 39).
cost(8, 21, 11).
cost(8, 22, 39).
cost(8, 23, 36).
cost(8, 24, 53).
cost(9, 1, 91).
cost(9, 2, 45).
cost(9, 3, 31).
cost(9, 4, 89).
cost(9, 5, 83).
cost(9, 6, 65).
cost(9, 7, 61).
cost(9, 8, 47).
cost(9, 10, 71).
cost(9, 11, 88).
cost(9, 12, 76).
cost(9, 13, 23).
cost(9, 14, 25).
cost(9, 15, 63).
cost(9, 16, 2).
cost(9, 17, 91).
cost(9, 18, 13).
cost(9, 19, 50).
cost(9, 20, 11).
cost(9, 21, 37).
cost(9, 22, 25).
cost(9, 23, 75).
cost(9, 24, 6).
cost(10, 1, 56).
cost(10, 2, 40).
cost(10, 3, 44).
cost(10, 4, 63).
cost(10, 5, 42).
cost(10, 6, 62).
cost(10, 7, 61).
cost(10, 8, 30).
cost(10, 9, 71).
cost(10, 11, 26).
cost(10, 12, 17).
cost(10, 13, 48).
cost(10, 14, 50).
cost(10, 15, 72).
cost(10, 16, 71).
cost(10, 17, 39).
cost(10, 18, 68).
cost(10, 19, 69).
cost(10, 20, 60).
cost(10, 21, 36).
cost(10, 22, 53).
cost(10, 23, 7).
cost(10, 24, 76).
cost(11, 1, 37).
cost(11, 2, 48).
cost(11, 3, 58).
cost(11, 4, 48).
cost(11, 5, 25).
cost(11, 6, 57).
cost(11, 7, 58).
cost(11, 8, 41).
cost(11, 9, 88).
cost(11, 10, 26).
cost(11, 12, 12).
cost(11, 13, 68).
cost(11, 14, 72).
cost(11, 15, 69).
cost(11, 16, 89).
cost(11, 17, 16).
cost(11, 18, 83).
cost(11, 19, 71).
cost(11, 20, 79).
cost(11, 21, 51).
cost(11, 22, 74).
cost(11, 23, 29).
cost(11, 24, 93).
cost(12, 1, 39).
cost(12, 2, 37).
cost(12, 3, 47).
cost(12, 4, 47).
cost(12, 5, 25).
cost(12, 6, 51).
cost(12, 7, 51).
cost(12, 8, 29).
cost(12, 9, 76).
cost(12, 10, 17).
cost(12, 11, 12).
cost(12, 13, 57).
cost(12, 14, 60).
cost(12, 15, 63).
cost(12, 16, 78).
cost(12, 17, 21).
cost(12, 18, 71).
cost(12, 19, 63).
cost(12, 20, 67).
cost(12, 21, 40).
cost(12, 22, 63).
cost(12, 23, 23).
cost(12, 24, 82).
cost(13, 1, 79).
cost(13, 2, 33).
cost(13, 3, 18).
cost(13, 4, 79).
cost(13, 5, 68).
cost(13, 6, 60).
cost(13, 7, 57).
cost(13, 8, 30).
cost(13, 9, 23).
cost(13, 10, 48).
cost(13, 11, 68).
cost(13, 12, 57).
cost(13, 14, 7).
cost(13, 15, 63).
cost(13, 16, 23).
cost(13, 17, 74).
cost(13, 18, 26).
cost(13, 19, 52).
cost(13, 20, 12).
cost(13, 21, 20).
cost(13, 22, 10).
cost(13, 23, 52).
cost(13, 24, 29).
cost(14, 1, 85).
cost(14, 2, 40).
cost(14, 3, 25).
cost(14, 4, 86).
cost(14, 5, 73).
cost(14, 6, 68).
cost(14, 7, 64).
cost(14, 8, 36).
cost(14, 9, 25).
cost(14, 10, 50).
cost(14, 11, 72).
cost(14, 12, 60).
cost(14, 13, 7).
cost(14, 15, 70).
cost(14, 16, 25).
cost(14, 17, 79).
cost(14, 18, 31).
cost(14, 19, 59).
cost(14, 20, 14).
cost(14, 21, 26).
cost(14, 22, 3).
cost(14, 23, 53).
cost(14, 24, 31).
cost(15, 1, 46).
cost(15, 2, 35).
cost(15, 3, 45).
cost(15, 4, 37).
cost(15, 5, 47).
cost(15, 6, 12).
cost(15, 7, 11).
cost(15, 8, 46).
cost(15, 9, 63).
cost(15, 10, 72).
cost(15, 11, 69).
cost(15, 12, 63).
cost(15, 13, 63).
cost(15, 14, 70).
cost(15, 16, 65).
cost(15, 17, 61).
cost(15, 18, 51).
cost(15, 19, 14).
cost(15, 20, 64).
cost(15, 21, 49).
cost(15, 22, 73).
cost(15, 23, 79).
cost(15, 24, 64).
cost(16, 1, 93).
cost(16, 2, 47).
cost(16, 3, 32).
cost(16, 4, 91).
cost(16, 5, 84).
cost(16, 6, 67).
cost(16, 7, 63).
cost(16, 8, 49).
cost(16, 9, 2).
cost(16, 10, 71).
cost(16, 11, 89).
cost(16, 12, 78).
cost(16, 13, 23).
cost(16, 14, 25).
cost(16, 15, 65).
cost(16, 17, 93).
cost(16, 18, 15).
cost(16, 19, 52).
cost(16, 20, 12).
cost(16, 21, 38).
cost(16, 22, 24).
cost(16, 23, 75).
cost(16, 24, 6).
cost(17, 1, 22).
cost(17, 2, 47).
cost(17, 3, 61).
cost(17, 4, 34).
cost(17, 5, 14).
cost(17, 6, 49).
cost(17, 7, 50).
cost(17, 8, 44).
cost(17, 9, 91).
cost(17, 10, 39).
cost(17, 11, 16).
cost(17, 12, 21).
cost(17, 13, 74).
cost(17, 14, 79).
cost(17, 15, 61).
cost(17, 16, 93).
cost(17, 18, 84).
cost(17, 19, 66).
cost(17, 20, 83).
cost(17, 21, 55).
cost(17, 22, 82).
cost(17, 23, 43).
cost(17, 24, 96).
cost(18, 1, 82).
cost(18, 2, 37).
cost(18, 3, 25).
cost(18, 4, 78).
cost(18, 5, 74).
cost(18, 6, 54).
cost(18, 7, 50).
cost(18, 8, 42).
cost(18, 9, 13).
cost(18, 10, 68).
cost(18, 11, 83).
cost(18, 12, 71).
cost(18, 13, 26).
cost(18, 14, 31).
cost(18, 15, 51).
cost(18, 16, 15).
cost(18, 17, 84).
cost(18, 19, 37).
cost(18, 20, 18).
cost(18, 21, 32).
cost(18, 22, 32).
cost(18, 23, 73).
cost(18, 24, 14).
cost(19, 1, 55).
cost(19, 2, 30).
cost(19, 3, 35).
cost(19, 4, 47).
cost(19, 5, 53).
cost(19, 6, 20).
cost(19, 7, 17).
cost(19, 8, 41).
cost(19, 9, 50).
cost(19, 10, 69).
cost(19, 11, 71).
cost(19, 12, 63).
cost(19, 13, 52).
cost(19, 14, 59).
cost(19, 15, 14).
cost(19, 16, 52).
cost(19, 17, 66).
cost(19, 18, 37).
cost(19, 20, 51).
cost(19, 21, 40).
cost(19, 22, 61).
cost(19, 23, 76).
cost(19, 24, 50).
cost(20, 1, 86).
cost(20, 2, 39).
cost(20, 3, 24).
cost(20, 4, 85).
cost(20, 5, 76).
cost(20, 6, 63).
cost(20, 7, 60).
cost(20, 8, 39).
cost(20, 9, 11).
cost(20, 10, 60).
cost(20, 11, 79).
cost(20, 12, 67).
cost(20, 13, 12).
cost(20, 14, 14).
cost(20, 15, 64).
cost(20, 16, 12).
cost(20, 17, 83).
cost(20, 18, 18).
cost(20, 19, 51).
cost(20, 21, 28).
cost(20, 22, 14).
cost(20, 23, 64).
cost(20, 24, 18).
cost(21, 1, 59).
cost(21, 2, 15).
cost(21, 3, 8).
cost(21, 4, 60).
cost(21, 5, 48).
cost(21, 6, 44).
cost(21, 7, 41).
cost(21, 8, 11).
cost(21, 9, 37).
cost(21, 10, 36).
cost(21, 11, 51).
cost(21, 12, 40).
cost(21, 13, 20).
cost(21, 14, 26).
cost(21, 15, 49).
cost(21, 16, 38).
cost(21, 17, 55).
cost(21, 18, 32).
cost(21, 19, 40).
cost(21, 20, 28).
cost(21, 22, 29).
cost(21, 23, 42).
cost(21, 24, 42).
cost(22, 1, 88).
cost(22, 2, 43).
cost(22, 3, 28).
cost(22, 4, 89).
cost(22, 5, 76).
cost(22, 6, 70).
cost(22, 7, 67).
cost(22, 8, 39).
cost(22, 9, 25).
cost(22, 10, 53).
cost(22, 11, 74).
cost(22, 12, 63).
cost(22, 13, 10).
cost(22, 14, 3).
cost(22, 15, 73).
cost(22, 16, 24).
cost(22, 17, 82).
cost(22, 18, 32).
cost(22, 19, 61).
cost(22, 20, 14).
cost(22, 21, 29).
cost(22, 23, 55).
cost(22, 24, 31).
cost(23, 1, 62).
cost(23, 2, 47).
cost(23, 3, 50).
cost(23, 4, 70).
cost(23, 5, 48).
cost(23, 6, 69).
cost(23, 7, 68).
cost(23, 8, 36).
cost(23, 9, 75).
cost(23, 10, 7).
cost(23, 11, 29).
cost(23, 12, 23).
cost(23, 13, 52).
cost(23, 14, 53).
cost(23, 15, 79).
cost(23, 16, 75).
cost(23, 17, 43).
cost(23, 18, 73).
cost(23, 19, 76).
cost(23, 20, 64).
cost(23, 21, 42).
cost(23, 22, 55).
cost(23, 24, 81).
cost(24, 1, 95).
cost(24, 2, 49).
cost(24, 3, 35).
cost(24, 4, 92).
cost(24, 5, 87).
cost(24, 6, 67).
cost(24, 7, 63).
cost(24, 8, 53).
cost(24, 9, 6).
cost(24, 10, 76).
cost(24, 11, 93).
cost(24, 12, 82).
cost(24, 13, 29).
cost(24, 14, 31).
cost(24, 15, 64).
cost(24, 16, 6).
cost(24, 17, 96).
cost(24, 18, 14).
cost(24, 19, 50).
cost(24, 20, 18).
cost(24, 21, 42).
cost(24, 22, 31).
cost(24, 23, 81).
