dimension(24).
point(1, 2.9550340032, 50.571050318).
point(2, 23.7621665275, 81.4277587515).
point(3, 69.4042397198, 98.1555541316).
point(4, 73.4562138205, 61.0447297186).
point(5, 25.4271359483, 64.7286157832).
point(6, 50.7050858748, 47.2648478485).
point(7, 67.321297928, 89.1047686996).
point(8, 74.6215982603, 43.1853964149).
point(9, 22.2347290104, 60.3117774081).
point(10, 78.9621327782, 18.7893966447).
point(11, 68.8093593034, 20.4815535434).
point(12, 19.7735432366, 94.1388211891).
point(13, 41.6804100589, 7.6741370198).
point(14, 12.5929853223, 22.3274161308).
point(15, 78.9863609583, 57.5039370743).
point(16, 25.2055786636, 90.3424672794).
point(17, 42.3496436846, 24.2941033971).
point(18, 25.5173177343, 82.9386371738).
point(19, 65.2433345766, 64.2487278488).
point(20, 64.9685183481, 88.6639542227).
point(21, 82.1945438347, 97.4195571822).
point(22, 68.1176949849, 60.9233474834).
point(23, 29.0541774081, 72.6624117299).
point(24, 37.437279744, 30.8168128795).
cost(1, 2, 37).
cost(1, 3, 82).
cost(1, 4, 71).
cost(1, 5, 27).
cost(1, 6, 48).
cost(1, 7, 75).
cost(1, 8, 72).
cost(1, 9, 22).
cost(1, 10, 82).
cost(1, 11, 72).
cost(1, 12, 47).
cost(1, 13, 58).
cost(1, 14, 30).
cost(1, 15, 76).
cost(1, 16, 46).
cost(1, 17, 47).
cost(1, 18, 39).
cost(1, 19, 64).
cost(1, 20, 73).
cost(1, 21, 92).
cost(1, 22, 66).
cost(1, 23, 34).
cost(1, 24, 40).
cost(2, 1, 37).
cost(2, 3, 49).
cost(2, 4, 54).
cost(2, 5, 17).
cost(2, 6, 44).
cost(2, 7, 44).
cost(2, 8, 64).
cost(2, 9, 21).
cost(2, 10, 83).
cost(2, 11, 76).
cost(2, 12, 13).
cost(2, 13, 76).
cost(2, 14, 60).
cost(2, 15, 60).
cost(2, 16, 9).
cost(2, 17, 60).
cost(2, 18, 2).
cost(2, 19, 45).
cost(2, 20, 42).
cost(2, 21, 61).
cost(2, 22, 49).
cost(2, 23, 10).
cost(2, 24, 52).
cost(3, 1, 82).
cost(3, 2, 49).
cost(3, 4, 37).
cost(3, 5, 55).
cost(3, 6, 54).
cost(3, 7, 9).
cost(3, 8, 55).
cost(3, 9, 60).
cost(3, 10, 80).
cost(3, 11, 78).
cost(3, 12, 50).
cost(3, 13, 95).
cost(3, 14, 95).
cost(3, 15, 42).
cost(3, 16, 45).
cost(3, 17, 79).
cost(3, 18, 46).
cost(3, 19, 34).
cost(3, 20, 10).
cost(3, 21, 13).
cost(3, 22, 37).
cost(3, 23, 48).
cost(3, 24, 75).
cost(4, 1, 71).
cost(4, 2, 54).
cost(4, 3, 37).
cost(4, 5, 48).
cost(4, 6, 27).
cost(4, 7, 29).
cost(4, 8, 18).
cost(4, 9, 51).
cost(4, 10, 43).
cost(4, 11, 41).
cost(4, 12, 63).
cost(4, 13, 62).
cost(4, 14, 72).
cost(4, 15, 7).
cost(4, 16, 56).
cost(4, 17, 48).
cost(4, 18, 53).
cost(4, 19, 9).
cost(4, 20, 29).
cost(4, 21, 37).
cost(4, 22, 5).
cost(4, 23, 46).
cost(4, 24, 47).
cost(5, 1, 27).
cost(5, 2, 17).
cost(5, 3, 55).
cost(5, 4, 48).
cost(5, 6, 31).
cost(5, 7, 48).
cost(5, 8, 54).
cost(5, 9, 5).
cost(5, 10, 71).
cost(5, 11, 62).
cost(5, 12, 30).
cost(5, 13, 59).
cost(5, 14, 44).
cost(5, 15, 54).
cost(5, 16, 26).
cost(5, 17, 44).
cost(5, 18, 18).
cost(5, 19, 40).
cost(5, 20, 46).
cost(5, 21, 66).
cost(5, 22, 43).
cost(5, 23, 9).
cost(5, 24, 36).
cost(6, 1, 48).
cost(6, 2, 44).
cost(6, 3, 54).
cost(6, 4, 27).
cost(6, 5, 31).
cost(6, 7, 45).
cost(6, 8, 24).
cost(6, 9, 31).
cost(6, 10, 40).
cost(6, 11, 32).
cost(6, 12, 56).
cost(6, 13, 41).
cost(6, 14, 46).
cost(6, 15, 30).
cost(6, 16, 50).
cost(6, 17, 24).
cost(6, 18, 44).
cost(6, 19, 22).
cost(6, 20, 44).
cost(6, 21, 59).
cost(6, 22, 22).
cost(6, 23, 33).
cost(6, 24, 21).
cost(7, 1, 75).
cost(7, 2, 44).
cost(7, 3, 9).
cost(7, 4, 29).
cost(7, 5, 48).
cost(7, 6, 45).
cost(7, 8, 46).
cost(7, 9, 53).
cost(7, 10, 71).
cost(7, 11, 69).
cost(7, 12, 48).
cost(7, 13, 85).
cost(7, 14, 86).
cost(7, 15, 34).
cost(7, 16, 42).
cost(7, 17, 69).
cost(7, 18, 42).
cost(7, 19, 25).
cost(7, 20, 2).
cost(7, 21, 17).
cost(7, 22, 28).
cost(7, 23, 42).
cost(7, 24, 66).
cost(8, 1, 72).
cost(8, 2, 64).
cost(8, 3, 55).
cost(8, 4, 18).
cost(8, 5, 54).
cost(8, 6, 24).
cost(8, 7, 46).
cost(8, 9, 55).
cost(8, 10, 25).
cost(8, 11, 23).
cost(8, 12, 75).
cost(8, 13, 48).
cost(8, 14, 65).
cost(8, 15, 15).
cost(8, 16, 68).
cost(8, 17, 37).
cost(8, 18, 63).
cost(8, 19, 23).
cost(8, 20, 46).
cost(8, 21, 55).
cost(8, 22, 19).
cost(8, 23, 54).
cost(8, 24, 39).
cost(9, 1, 22).
cost(9, 2, 21).
cost(9, 3, 60).
cost(9, 4, 51).
cost(9, 5, 5).
cost(9, 6, 31).
cost(9, 7, 53).
cost(9, 8, 55).
cost(9, 10, 70).
cost(9, 11, 61).
cost(9, 12, 34).
cost(9, 13, 56).
cost(9, 14, 39).
cost(9, 15, 57).
cost(9, 16, 30).
cost(9, 17, 41).
cost(9, 18, 23).
cost(9, 19, 43).
cost(9, 20, 51).
cost(9, 21, 71).
cost(9, 22, 46).
cost(9, 23, 14).
cost(9, 24, 33).
cost(10, 1, 82).
cost(10, 2, 83).
cost(10, 3, 80).
cost(10, 4, 43).
cost(10, 5, 71).
cost(10, 6, 40).
cost(10, 7, 71).
cost(10, 8, 25).
cost(10, 9, 70).
cost(10, 11, 10).
cost(10, 12, 96).
cost(10, 13, 39).
cost(10, 14, 66).
cost(10, 15, 39).
cost(10, 16, 89).
cost(10, 17, 37).
cost(10, 18, 83).
cost(10, 19, 47).
cost(10, 20, 71).
cost(10, 21, 79).
cost(10, 22, 44).
cost(10, 23, 73).
cost(10, 24, 43).
cost(11, 1, 72).
cost(11, 2, 76).
cost(11, 3, 78).
cost(11, 4, 41).
cost(11, 5, 62).
cost(11, 6, 32).
cost(11, 7, 69).
cost(11, 8, 23).
cost(11, 9, 61).
cost(11, 10, 10).
cost(11, 12, 88).
cost(11, 13, 30).
cost(11, 14, 56).
cost(11, 15, 38).
cost(11, 16, 82).
cost(11, 17, 27).
cost(11, 18, 76).
cost(11, 19, 44).
cost(11, 20, 68).
cost(11, 21, 78).
cost(11, 22, 40).
cost(11, 23, 66).
cost(11, 24, 33).
cost(12, 1, 47).
cost(12, 2, 13).
cost(12, 3, 50).
cost(12, 4, 63).
cost(12, 5, 30).
cost(12, 6, 56).
cost(12, 7, 48).
cost(12, 8, 75).
cost(12, 9, 34).
cost(12, 10, 96).
cost(12, 11, 88).
cost(12, 13, 89).
cost(12, 14, 72).
cost(12, 15, 70).
cost(12, 16, 7).
cost(12, 17, 73).
cost(12, 18, 13).
cost(12, 19, 54).
cost(12, 20, 46).
cost(12, 21, 63).
cost(12, 22, 59).
cost(12, 23, 23).
cost(12, 24, 66).
cost(13, 1, 58).
cost(13, 2, 76).
cost(13, 3, 95).
cost(13, 4, 62).
cost(13, 5, 59).
cost(13, 6, 41).
cost(13, 7, 85).
cost(13, 8, 48).
cost(13, 9, 56).
cost(13, 10, 39).
cost(13, 11, 30).
cost(13, 12, 89).
cost(13, 14, 33).
cost(13, 15, 62).
cost(13, 16, 84).
cost(13, 17, 17).
cost(13, 18, 77).
cost(13, 19, 61).
cost(13, 20, 84).
cost(13, 21, 98).
cost(13, 22, 59).
cost(13, 23, 66).
cost(13, 24, 24).
cost(14, 1, 30).
cost(14, 2, 60).
cost(14, 3, 95).
cost(14, 4, 72).
cost(14, 5, 44).
cost(14, 6, 46).
cost(14, 7, 86).
cost(14, 8, 65).
cost(14, 9, 39).
cost(14, 10, 66).
cost(14, 11, 56).
cost(14, 12, 72).
cost(14, 13, 33).
cost(14, 15, 75).
cost(14, 16, 69).
cost(14, 17, 30).
cost(14, 18, 62).
cost(14, 19, 67).
cost(14, 20, 85).
cost(14, 21, 102).
cost(14, 22, 68).
cost(14, 23, 53).
cost(14, 24, 26).
cost(15, 1, 76).
cost(15, 2, 60).
cost(15, 3, 42).
cost(15, 4, 7).
cost(15, 5, 54).
cost(15, 6, 30).
cost(15, 7, 34).
cost(15, 8, 15).
cost(15, 9, 57).
cost(15, 10, 39).
cost(15, 11, 38).
cost(15, 12, 70).
cost(15, 13, 62).
cost(15, 14, 75).
cost(15, 16, 63).
cost(15, 17, 49).
cost(15, 18, 59).
cost(15, 19, 15).
cost(15, 20, 34).
cost(15, 21, 40).
cost(15, 22, 11).
cost(15, 23, 52).
cost(15, 24, 49).
cost(16, 1, 46).
cost(16, 2, 9).
cost(16, 3, 45).
cost(16, 4, 56).
cost(16, 5, 26).
cost(16, 6, 50).
cost(16, 7, 42).
cost(16, 8, 68).
cost(16, 9, 30).
cost(16, 10, 89).
cost(16, 11, 82).
cost(16, 12, 7).
cost(16, 13, 84).
cost(16, 14, 69).
cost(16, 15, 63).
cost(16, 17, 68).
cost(16, 18, 7).
cost(16, 19, 48).
cost(16, 20, 40).
cost(16, 21, 57).
cost(16, 22, 52).
cost(16, 23, 18).
cost(16, 24, 61).
cost(17, 1, 47).
cost(17, 2, 60).
cost(17, 3, 79).
cost(17, 4, 48).
cost(17, 5, 44).
cost(17, 6, 24).
cost(17, 7, 69).
cost(17, 8, 37).
cost(17, 9, 41).
cost(17, 10, 37).
cost(17, 11, 27).
cost(17, 12, 73).
cost(17, 13, 17).
cost(17, 14, 30).
cost(17, 15, 49).
cost(17, 16, 68).
cost(17, 18, 61).
cost(17, 19, 46).
cost(17, 20, 68).
cost(17, 21, 83).
cost(17, 22, 45).
cost(17, 23, 50).
cost(17, 24, 8).
cost(18, 1, 39).
cost(18, 2, 2).
cost(18, 3, 46).
cost(18, 4, 53).
cost(18, 5, 18).
cost(18, 6, 44).
cost(18, 7, 42).
cost(18, 8, 63).
cost(18, 9, 23).
cost(18, 10, 83).
cost(18, 11, 76).
cost(18, 12, 13).
cost(18, 13, 77).
cost(18, 14, 62).
cost(18, 15, 59).
cost(18, 16, 7).
cost(18, 17, 61).
cost(18, 19, 44).
cost(18, 20, 40).
cost(18, 21, 58).
cost(18, 22, 48).
cost(18, 23, 11).
cost(18, 24, 53).
cost(19, 1, 64).
cost(19, 2, 45).
cost(19, 3, 34).
cost(19, 4, 9).
cost(19, 5, 40).
cost(19, 6, 22).
cost(19, 7, 25).
cost(19, 8, 23).
cost(19, 9, 43).
cost(19, 10, 47).
cost(19, 11, 44).
cost(19, 12, 54).
cost(19, 13, 61).
cost(19, 14, 67).
cost(19, 15, 15).
cost(19, 16, 48).
cost(19, 17, 46).
cost(19, 18, 44).
cost(19, 20, 24).
cost(19, 21, 37).
cost(19, 22, 4).
cost(19, 23, 37).
cost(19, 24, 43).
cost(20, 1, 73).
cost(20, 2, 42).
cost(20, 3, 10).
cost(20, 4, 29).
cost(20, 5, 46).
cost(20, 6, 44).
cost(20, 7, 2).
cost(20, 8, 46).
cost(20, 9, 51).
cost(20, 10, 71).
cost(20, 11, 68).
cost(20, 12, 46).
cost(20, 13, 84).
cost(20, 14, 85).
cost(20, 15, 34).
cost(20, 16, 40).
cost(20, 17, 68).
cost(20, 18, 40).
cost(20, 19, 24).
cost(20, 21, 19).
cost(20, 22, 28).
cost(20, 23, 39).
cost(20, 24, 64).
cost(21, 1, 92).
cost(21, 2, 61).
cost(21, 3, 13).
cost(21, 4, 37).
cost(21, 5, 66).
cost(21, 6, 59).
cost(21, 7, 17).
cost(21, 8, 55).
cost(21, 9, 71).
cost(21, 10, 79).
cost(21, 11, 78).
cost(21, 12, 63).
cost(21, 13, 98).
cost(21, 14, 102).
cost(21, 15, 40).
cost(21, 16, 57).
cost(21, 17, 83).
cost(21, 18, 58).
cost(21, 19, 37).
cost(21, 20, 19).
cost(21, 22, 39).
cost(21, 23, 59).
cost(21, 24, 80).
cost(22, 1, 66).
cost(22, 2, 49).
cost(22, 3, 37).
cost(22, 4, 5).
cost(22, 5, 43).
cost(22, 6, 22).
cost(22, 7, 28).
cost(22, 8, 19).
cost(22, 9, 46).
cost(22, 10, 44).
cost(22, 11, 40).
cost(22, 12, 59).
cost(22, 13, 59).
cost(22, 14, 68).
cost(22, 15, 11).
cost(22, 16, 52).
cost(22, 17, 45).
cost(22, 18, 48).
cost(22, 19, 4).
cost(22, 20, 28).
cost(22, 21, 39).
cost(22, 23, 41).
cost(22, 24, 43).
cost(23, 1, 34).
cost(23, 2, 10).
cost(23, 3, 48).
cost(23, 4, 46).
cost(23, 5, 9).
cost(23, 6, 33).
cost(23, 7, 42).
cost(23, 8, 54).
cost(23, 9, 14).
cost(23, 10, 73).
cost(23, 11, 66).
cost(23, 12, 23).
cost(23, 13, 66).
cost(23, 14, 53).
cost(23, 15, 52).
cost(23, 16, 18).
cost(23, 17, 50).
cost(23, 18, 11).
cost(23, 19, 37).
cost(23, 20, 39).
cost(23, 21, 59).
cost(23, 22, 41).
cost(23, 24, 43).
cost(24, 1, 40).
cost(24, 2, 52).
cost(24, 3, 75).
cost(24, 4, 47).
cost(24, 5, 36).
cost(24, 6, 21).
cost(24, 7, 66).
cost(24, 8, 39).
cost(24, 9, 33).
cost(24, 10, 43).
cost(24, 11, 33).
cost(24, 12, 66).
cost(24, 13, 24).
cost(24, 14, 26).
cost(24, 15, 49).
cost(24, 16, 61).
cost(24, 17, 8).
cost(24, 18, 53).
cost(24, 19, 43).
cost(24, 20, 64).
cost(24, 21, 80).
cost(24, 22, 43).
cost(24, 23, 43).
