dimension(24).
point(1, 14.558014172, 64.3492683091).
point(2, 23.9237317125, 45.0311314849).
point(3, 14.111327274, 55.9998282883).
point(4, 24.3235784959, 84.2312357007).
point(5, 68.5214613696, 71.5564648917).
point(6, 27.4769976761, 16.2349526323).
point(7, 86.4736599223, 55.0428805386).
point(8, 79.396533022, 20.6101195739).
point(9, 26.87590105, 10.4165487195).
point(10, 22.4711340053, 73.6231122389).
point(11, 96.2618317657, 63.5474952429).
point(12, 42.7392941127, 11.3205559278).
point(13, 21.1140318383, 83.7347807722).
point(14, 65.0237201916, 34.7521380648).
point(15, 19.3958251518, 43.9607899721).
point(16, 77.1059753088, 15.645005912).
point(17, 74.1286350673, 65.6047039125).
point(18, 43.7445157861, 5.7379872032).
point(19, 88.4244892952, 94.3517868734).
point(20, 29.8927271247, 67.0809518424).
point(21, 67.067730397, 19.2334966227).
point(22, 73.4330577147, 84.7838024538).
point(23, 93.3607664738, 89.2395083699).
point(24, 97.2129315026, 76.1644588506).
cost(1, 2, 21).
cost(1, 3, 8).
cost(1, 4, 22).
cost(1, 5, 54).
cost(1, 6, 50).
cost(1, 7, 73).
cost(1, 8, 78).
cost(1, 9, 55).
cost(1, 10, 12).
cost(1, 11, 82).
cost(1, 12, 60).
cost(1, 13, 20).
cost(1, 14, 59).
cost(1, 15, 21).
cost(1, 16, 79).
cost(1, 17, 60).
cost(1, 18, 65).
cost(1, 19, 80).
cost(1, 20, 16).
cost(1, 21, 69).
cost(1, 22, 62).
cost(1, 23, 83).
cost(1, 24, 83).
cost(2, 1, 21).
cost(2, 3, 15).
cost(2, 4, 39).
cost(2, 5, 52).
cost(2, 6, 29).
cost(2, 7, 63).
cost(2, 8, 61).
cost(2, 9, 35).
cost(2, 10, 29).
cost(2, 11, 75).
cost(2, 12, 39).
cost(2, 13, 39).
cost(2, 14, 42).
cost(2, 15, 5).
cost(2, 16, 61).
cost(2, 17, 54).
cost(2, 18, 44).
cost(2, 19, 81).
cost(2, 20, 23).
cost(2, 21, 50).
cost(2, 22, 63).
cost(2, 23, 82).
cost(2, 24, 80).
cost(3, 1, 8).
cost(3, 2, 15).
cost(3, 4, 30).
cost(3, 5, 57).
cost(3, 6, 42).
cost(3, 7, 72).
cost(3, 8, 74).
cost(3, 9, 47).
cost(3, 10, 20).
cost(3, 11, 82).
cost(3, 12, 53).
cost(3, 13, 29).
cost(3, 14, 55).
cost(3, 15, 13).
cost(3, 16, 75).
cost(3, 17, 61).
cost(3, 18, 58).
cost(3, 19, 84).
cost(3, 20, 19).
cost(3, 21, 64).
cost(3, 22, 66).
cost(3, 23, 86).
cost(3, 24, 86).
cost(4, 1, 22).
cost(4, 2, 39).
cost(4, 3, 30).
cost(4, 5, 46).
cost(4, 6, 68).
cost(4, 7, 69).
cost(4, 8, 84).
cost(4, 9, 74).
cost(4, 10, 11).
cost(4, 11, 75).
cost(4, 12, 75).
cost(4, 13, 3).
cost(4, 14, 64).
cost(4, 15, 41).
cost(4, 16, 87).
cost(4, 17, 53).
cost(4, 18, 81).
cost(4, 19, 65).
cost(4, 20, 18).
cost(4, 21, 78).
cost(4, 22, 49).
cost(4, 23, 69).
cost(4, 24, 73).
cost(5, 1, 54).
cost(5, 2, 52).
cost(5, 3, 57).
cost(5, 4, 46).
cost(5, 6, 69).
cost(5, 7, 24).
cost(5, 8, 52).
cost(5, 9, 74).
cost(5, 10, 46).
cost(5, 11, 29).
cost(5, 12, 66).
cost(5, 13, 49).
cost(5, 14, 37).
cost(5, 15, 56).
cost(5, 16, 57).
cost(5, 17, 8).
cost(5, 18, 70).
cost(5, 19, 30).
cost(5, 20, 39).
cost(5, 21, 52).
cost(5, 22, 14).
cost(5, 23, 30).
cost(5, 24, 29).
cost(6, 1, 50).
cost(6, 2, 29).
cost(6, 3, 42).
cost(6, 4, 68).
cost(6, 5, 69).
cost(6, 7, 71).
cost(6, 8, 52).
cost(6, 9, 6).
cost(6, 10, 58).
cost(6, 11, 83).
cost(6, 12, 16).
cost(6, 13, 68).
cost(6, 14, 42).
cost(6, 15, 29).
cost(6, 16, 50).
cost(6, 17, 68).
cost(6, 18, 19).
cost(6, 19, 99).
cost(6, 20, 51).
cost(6, 21, 40).
cost(6, 22, 83).
cost(6, 23, 98).
cost(6, 24, 92).
cost(7, 1, 73).
cost(7, 2, 63).
cost(7, 3, 72).
cost(7, 4, 69).
cost(7, 5, 24).
cost(7, 6, 71).
cost(7, 8, 35).
cost(7, 9, 74).
cost(7, 10, 67).
cost(7, 11, 13).
cost(7, 12, 62).
cost(7, 13, 71).
cost(7, 14, 30).
cost(7, 15, 68).
cost(7, 16, 40).
cost(7, 17, 16).
cost(7, 18, 65).
cost(7, 19, 39).
cost(7, 20, 58).
cost(7, 21, 41).
cost(7, 22, 32).
cost(7, 23, 35).
cost(7, 24, 24).
cost(8, 1, 78).
cost(8, 2, 61).
cost(8, 3, 74).
cost(8, 4, 84).
cost(8, 5, 52).
cost(8, 6, 52).
cost(8, 7, 35).
cost(8, 9, 54).
cost(8, 10, 78).
cost(8, 11, 46).
cost(8, 12, 38).
cost(8, 13, 86).
cost(8, 14, 20).
cost(8, 15, 64).
cost(8, 16, 5).
cost(8, 17, 45).
cost(8, 18, 39).
cost(8, 19, 74).
cost(8, 20, 68).
cost(8, 21, 12).
cost(8, 22, 64).
cost(8, 23, 70).
cost(8, 24, 58).
cost(9, 1, 55).
cost(9, 2, 35).
cost(9, 3, 47).
cost(9, 4, 74).
cost(9, 5, 74).
cost(9, 6, 6).
cost(9, 7, 74).
cost(9, 8, 54).
cost(9, 10, 63).
cost(9, 11, 87).
cost(9, 12, 16).
cost(9, 13, 74).
cost(9, 14, 45).
cost(9, 15, 34).
cost(9, 16, 51).
cost(9, 17, 73).
cost(9, 18, 18).
cost(9, 19, 104).
cost(9, 20, 57).
cost(9, 21, 41).
cost(9, 22, 88).
cost(9, 23, 103).
cost(9, 24, 96).
cost(10, 1, 12).
cost(10, 2, 29).
cost(10, 3, 20).
cost(10, 4, 11).
cost(10, 5, 46).
cost(10, 6, 58).
cost(10, 7, 67).
cost(10, 8, 78).
cost(10, 9, 63).
cost(10, 11, 74).
cost(10, 12, 66).
cost(10, 13, 10).
cost(10, 14, 58).
cost(10, 15, 30).
cost(10, 16, 80).
cost(10, 17, 52).
cost(10, 18, 71).
cost(10, 19, 69).
cost(10, 20, 10).
cost(10, 21, 70).
cost(10, 22, 52).
cost(10, 23, 73).
cost(10, 24, 75).
cost(11, 1, 82).
cost(11, 2, 75).
cost(11, 3, 82).
cost(11, 4, 75).
cost(11, 5, 29).
cost(11, 6, 83).
cost(11, 7, 13).
cost(11, 8, 46).
cost(11, 9, 87).
cost(11, 10, 74).
cost(11, 12, 75).
cost(11, 13, 78).
cost(11, 14, 42).
cost(11, 15, 79).
cost(11, 16, 52).
cost(11, 17, 22).
cost(11, 18, 78).
cost(11, 19, 32).
cost(11, 20, 66).
cost(11, 21, 53).
cost(11, 22, 31).
cost(11, 23, 26).
cost(11, 24, 13).
cost(12, 1, 60).
cost(12, 2, 39).
cost(12, 3, 53).
cost(12, 4, 75).
cost(12, 5, 66).
cost(12, 6, 16).
cost(12, 7, 62).
cost(12, 8, 38).
cost(12, 9, 16).
cost(12, 10, 66).
cost(12, 11, 75).
cost(12, 13, 76).
cost(12, 14, 32).
cost(12, 15, 40).
cost(12, 16, 35).
cost(12, 17, 63).
cost(12, 18, 6).
cost(12, 19, 95).
cost(12, 20, 57).
cost(12, 21, 26).
cost(12, 22, 80).
cost(12, 23, 93).
cost(12, 24, 85).
cost(13, 1, 20).
cost(13, 2, 39).
cost(13, 3, 29).
cost(13, 4, 3).
cost(13, 5, 49).
cost(13, 6, 68).
cost(13, 7, 71).
cost(13, 8, 86).
cost(13, 9, 74).
cost(13, 10, 10).
cost(13, 11, 78).
cost(13, 12, 76).
cost(13, 14, 66).
cost(13, 15, 40).
cost(13, 16, 88).
cost(13, 17, 56).
cost(13, 18, 81).
cost(13, 19, 68).
cost(13, 20, 19).
cost(13, 21, 79).
cost(13, 22, 52).
cost(13, 23, 72).
cost(13, 24, 76).
cost(14, 1, 59).
cost(14, 2, 42).
cost(14, 3, 55).
cost(14, 4, 64).
cost(14, 5, 37).
cost(14, 6, 42).
cost(14, 7, 30).
cost(14, 8, 20).
cost(14, 9, 45).
cost(14, 10, 58).
cost(14, 11, 42).
cost(14, 12, 32).
cost(14, 13, 66).
cost(14, 15, 47).
cost(14, 16, 23).
cost(14, 17, 32).
cost(14, 18, 36).
cost(14, 19, 64).
cost(14, 20, 48).
cost(14, 21, 16).
cost(14, 22, 51).
cost(14, 23, 61).
cost(14, 24, 52).
cost(15, 1, 21).
cost(15, 2, 5).
cost(15, 3, 13).
cost(15, 4, 41).
cost(15, 5, 56).
cost(15, 6, 29).
cost(15, 7, 68).
cost(15, 8, 64).
cost(15, 9, 34).
cost(15, 10, 30).
cost(15, 11, 79).
cost(15, 12, 40).
cost(15, 13, 40).
cost(15, 14, 47).
cost(15, 16, 64).
cost(15, 17, 59).
cost(15, 18, 45).
cost(15, 19, 85).
cost(15, 20, 25).
cost(15, 21, 54).
cost(15, 22, 68).
cost(15, 23, 87).
cost(15, 24, 84).
cost(16, 1, 79).
cost(16, 2, 61).
cost(16, 3, 75).
cost(16, 4, 87).
cost(16, 5, 57).
cost(16, 6, 50).
cost(16, 7, 40).
cost(16, 8, 5).
cost(16, 9, 51).
cost(16, 10, 80).
cost(16, 11, 52).
cost(16, 12, 35).
cost(16, 13, 88).
cost(16, 14, 23).
cost(16, 15, 64).
cost(16, 17, 50).
cost(16, 18, 35).
cost(16, 19, 80).
cost(16, 20, 70).
cost(16, 21, 11).
cost(16, 22, 69).
cost(16, 23, 75).
cost(16, 24, 64).
cost(17, 1, 60).
cost(17, 2, 54).
cost(17, 3, 61).
cost(17, 4, 53).
cost(17, 5, 8).
cost(17, 6, 68).
cost(17, 7, 16).
cost(17, 8, 45).
cost(17, 9, 73).
cost(17, 10, 52).
cost(17, 11, 22).
cost(17, 12, 63).
cost(17, 13, 56).
cost(17, 14, 32).
cost(17, 15, 59).
cost(17, 16, 50).
cost(17, 18, 67).
cost(17, 19, 32).
cost(17, 20, 44).
cost(17, 21, 47).
cost(17, 22, 19).
cost(17, 23, 30).
cost(17, 24, 25).
cost(18, 1, 65).
cost(18, 2, 44).
cost(18, 3, 58).
cost(18, 4, 81).
cost(18, 5, 70).
cost(18, 6, 19).
cost(18, 7, 65).
cost(18, 8, 39).
cost(18, 9, 18).
cost(18, 10, 71).
cost(18, 11, 78).
cost(18, 12, 6).
cost(18, 13, 81).
cost(18, 14, 36).
cost(18, 15, 45).
cost(18, 16, 35).
cost(18, 17, 67).
cost(18, 19, 99).
cost(18, 20, 63).
cost(18, 21, 27).
cost(18, 22, 84).
cost(18, 23, 97).
cost(18, 24, 88).
cost(19, 1, 80).
cost(19, 2, 81).
cost(19, 3, 84).
cost(19, 4, 65).
cost(19, 5, 30).
cost(19, 6, 99).
cost(19, 7, 39).
cost(19, 8, 74).
cost(19, 9, 104).
cost(19, 10, 69).
cost(19, 11, 32).
cost(19, 12, 95).
cost(19, 13, 68).
cost(19, 14, 64).
cost(19, 15, 85).
cost(19, 16, 80).
cost(19, 17, 32).
cost(19, 18, 99).
cost(19, 20, 65).
cost(19, 21, 78).
cost(19, 22, 18).
cost(19, 23, 7).
cost(19, 24, 20).
cost(20, 1, 16).
cost(20, 2, 23).
cost(20, 3, 19).
cost(20, 4, 18).
cost(20, 5, 39).
cost(20, 6, 51).
cost(20, 7, 58).
cost(20, 8, 68).
cost(20, 9, 57).
cost(20, 10, 10).
cost(20, 11, 66).
cost(20, 12, 57).
cost(20, 13, 19).
cost(20, 14, 48).
cost(20, 15, 25).
cost(20, 16, 70).
cost(20, 17, 44).
cost(20, 18, 63).
cost(20, 19, 65).
cost(20, 21, 61).
cost(20, 22, 47).
cost(20, 23, 67).
cost(20, 24, 68).
cost(21, 1, 69).
cost(21, 2, 50).
cost(21, 3, 64).
cost(21, 4, 78).
cost(21, 5, 52).
cost(21, 6, 40).
cost(21, 7, 41).
cost(21, 8, 12).
cost(21, 9, 41).
cost(21, 10, 70).
cost(21, 11, 53).
cost(21, 12, 26).
cost(21, 13, 79).
cost(21, 14, 16).
cost(21, 15, 54).
cost(21, 16, 11).
cost(21, 17, 47).
cost(21, 18, 27).
cost(21, 19, 78).
cost(21, 20, 61).
cost(21, 22, 66).
cost(21, 23, 75).
cost(21, 24, 64).
cost(22, 1, 62).
cost(22, 2, 63).
cost(22, 3, 66).
cost(22, 4, 49).
cost(22, 5, 14).
cost(22, 6, 83).
cost(22, 7, 32).
cost(22, 8, 64).
cost(22, 9, 88).
cost(22, 10, 52).
cost(22, 11, 31).
cost(22, 12, 80).
cost(22, 13, 52).
cost(22, 14, 51).
cost(22, 15, 68).
cost(22, 16, 69).
cost(22, 17, 19).
cost(22, 18, 84).
cost(22, 19, 18).
cost(22, 20, 47).
cost(22, 21, 66).
cost(22, 23, 20).
cost(22, 24, 25).
cost(23, 1, 83).
cost(23, 2, 82).
cost(23, 3, 86).
cost(23, 4, 69).
cost(23, 5, 30).
cost(23, 6, 98).
cost(23, 7, 35).
cost(23, 8, 70).
cost(23, 9, 103).
cost(23, 10, 73).
cost(23, 11, 26).
cost(23, 12, 93).
cost(23, 13, 72).
cost(23, 14, 61).
cost(23, 15, 87).
cost(23, 16, 75).
cost(23, 17, 30).
cost(23, 18, 97).
cost(23, 19, 7).
cost(23, 20, 67).
cost(23, 21, 75).
cost(23, 22, 20).
cost(23, 24, 14).
cost(24, 1, 83).
cost(24, 2, 80).
cost(24, 3, 86).
cost(24, 4, 73).
cost(24, 5, 29).
cost(24, 6, 92).
cost(24, 7, 24).
cost(24, 8, 58).
cost(24, 9, 96).
cost(24, 10, 75).
cost(24, 11, 13).
cost(24, 12, 85).
cost(24, 13, 76).
cost(24, 14, 52).
cost(24, 15, 84).
cost(24, 16, 64).
cost(24, 17, 25).
cost(24, 18, 88).
cost(24, 19, 20).
cost(24, 20, 68).
cost(24, 21, 64).
cost(24, 22, 25).
cost(24, 23, 14).
