dimension(24).
point(1, 38.8234112186, 37.2252985291).
point(2, 18.76944278, 65.3938391145).
point(3, 26.295117456, 56.7163397302).
point(4, 69.5587488222, 88.9499170523).
point(5, 82.8587731361, 15.9084861043).
point(6, 43.3788669061, 79.5003762566).
point(7, 97.2214600689, 62.2992216589).
point(8, 97.9088002315, 43.1805907448).
point(9, 82.1422085524, 28.3305065017).
point(10, 99.6570786231, 47.2802234146).
point(11, 90.3472355541, 47.7097885913).
point(12, 80.0018317704, 73.9163302691).
point(13, 29.5651109195, 25.6176714192).
point(14, 46.3355996039, 94.1576300679).
point(15, 91.8970320845, 79.4054513781).
point(16, 14.5054922352, 18.0121961369).
point(17, 55.0383351785, 84.5454949407).
point(18, 39.0662393529, 8.7151093531).
point(19, 88.8003172618, 24.7900379166).
point(20, 76.2283616566, 63.9887668762).
point(21, 74.8842520112, 70.8178768548).
point(22, 23.3623901413, 61.7392612946).
point(23, 15.3188265492, 12.9495020428).
point(24, 77.1815941361, 33.3180241273).
cost(1, 2, 35).
cost(1, 3, 23).
cost(1, 4, 60).
cost(1, 5, 49).
cost(1, 6, 43).
cost(1, 7, 64).
cost(1, 8, 59).
cost(1, 9, 44).
cost(1, 10, 62).
cost(1, 11, 53).
cost(1, 12, 55).
cost(1, 13, 15).
cost(1, 14, 57).
cost(1, 15, 68).
cost(1, 16, 31).
cost(1, 17, 50).
cost(1, 18, 29).
cost(1, 19, 52).
cost(1, 20, 46).
cost(1, 21, 49).
cost(1, 22, 29).
cost(1, 23, 34).
cost(1, 24, 39).
cost(2, 1, 35).
cost(2, 3, 11).
cost(2, 4, 56).
cost(2, 5, 81).
cost(2, 6, 28).
cost(2, 7, 79).
cost(2, 8, 82).
cost(2, 9, 73).
cost(2, 10, 83).
cost(2, 11, 74).
cost(2, 12, 62).
cost(2, 13, 41).
cost(2, 14, 40).
cost(2, 15, 74).
cost(2, 16, 48).
cost(2, 17, 41).
cost(2, 18, 60).
cost(2, 19, 81).
cost(2, 20, 57).
cost(2, 21, 56).
cost(2, 22, 6).
cost(2, 23, 53).
cost(2, 24, 67).
cost(3, 1, 23).
cost(3, 2, 11).
cost(3, 4, 54).
cost(3, 5, 70).
cost(3, 6, 28).
cost(3, 7, 71).
cost(3, 8, 73).
cost(3, 9, 63).
cost(3, 10, 74).
cost(3, 11, 65).
cost(3, 12, 56).
cost(3, 13, 31).
cost(3, 14, 42).
cost(3, 15, 69).
cost(3, 16, 40).
cost(3, 17, 40).
cost(3, 18, 50).
cost(3, 19, 70).
cost(3, 20, 50).
cost(3, 21, 51).
cost(3, 22, 6).
cost(3, 23, 45).
cost(3, 24, 56).
cost(4, 1, 60).
cost(4, 2, 56).
cost(4, 3, 54).
cost(4, 5, 74).
cost(4, 6, 28).
cost(4, 7, 38).
cost(4, 8, 54).
cost(4, 9, 62).
cost(4, 10, 51).
cost(4, 11, 46).
cost(4, 12, 18).
cost(4, 13, 75).
cost(4, 14, 24).
cost(4, 15, 24).
cost(4, 16, 90).
cost(4, 17, 15).
cost(4, 18, 86).
cost(4, 19, 67).
cost(4, 20, 26).
cost(4, 21, 19).
cost(4, 22, 54).
cost(4, 23, 93).
cost(4, 24, 56).
cost(5, 1, 49).
cost(5, 2, 81).
cost(5, 3, 70).
cost(5, 4, 74).
cost(5, 6, 75).
cost(5, 7, 49).
cost(5, 8, 31).
cost(5, 9, 12).
cost(5, 10, 36).
cost(5, 11, 33).
cost(5, 12, 58).
cost(5, 13, 54).
cost(5, 14, 86).
cost(5, 15, 64).
cost(5, 16, 68).
cost(5, 17, 74).
cost(5, 18, 44).
cost(5, 19, 11).
cost(5, 20, 49).
cost(5, 21, 55).
cost(5, 22, 75).
cost(5, 23, 68).
cost(5, 24, 18).
cost(6, 1, 43).
cost(6, 2, 28).
cost(6, 3, 28).
cost(6, 4, 28).
cost(6, 5, 75).
cost(6, 7, 57).
cost(6, 8, 66).
cost(6, 9, 64).
cost(6, 10, 65).
cost(6, 11, 57).
cost(6, 12, 37).
cost(6, 13, 56).
cost(6, 14, 15).
cost(6, 15, 49).
cost(6, 16, 68).
cost(6, 17, 13).
cost(6, 18, 71).
cost(6, 19, 71).
cost(6, 20, 36).
cost(6, 21, 33).
cost(6, 22, 27).
cost(6, 23, 72).
cost(6, 24, 57).
cost(7, 1, 64).
cost(7, 2, 79).
cost(7, 3, 71).
cost(7, 4, 38).
cost(7, 5, 49).
cost(7, 6, 57).
cost(7, 8, 19).
cost(7, 9, 37).
cost(7, 10, 15).
cost(7, 11, 16).
cost(7, 12, 21).
cost(7, 13, 77).
cost(7, 14, 60).
cost(7, 15, 18).
cost(7, 16, 94).
cost(7, 17, 48).
cost(7, 18, 79).
cost(7, 19, 38).
cost(7, 20, 21).
cost(7, 21, 24).
cost(7, 22, 74).
cost(7, 23, 96).
cost(7, 24, 35).
cost(8, 1, 59).
cost(8, 2, 82).
cost(8, 3, 73).
cost(8, 4, 54).
cost(8, 5, 31).
cost(8, 6, 66).
cost(8, 7, 19).
cost(8, 9, 22).
cost(8, 10, 4).
cost(8, 11, 9).
cost(8, 12, 36).
cost(8, 13, 71).
cost(8, 14, 73).
cost(8, 15, 37).
cost(8, 16, 87).
cost(8, 17, 60).
cost(8, 18, 68).
cost(8, 19, 21).
cost(8, 20, 30).
cost(8, 21, 36).
cost(8, 22, 77).
cost(8, 23, 88).
cost(8, 24, 23).
cost(9, 1, 44).
cost(9, 2, 73).
cost(9, 3, 63).
cost(9, 4, 62).
cost(9, 5, 12).
cost(9, 6, 64).
cost(9, 7, 37).
cost(9, 8, 22).
cost(9, 10, 26).
cost(9, 11, 21).
cost(9, 12, 46).
cost(9, 13, 53).
cost(9, 14, 75).
cost(9, 15, 52).
cost(9, 16, 68).
cost(9, 17, 62).
cost(9, 18, 47).
cost(9, 19, 8).
cost(9, 20, 36).
cost(9, 21, 43).
cost(9, 22, 68).
cost(9, 23, 69).
cost(9, 24, 7).
cost(10, 1, 62).
cost(10, 2, 83).
cost(10, 3, 74).
cost(10, 4, 51).
cost(10, 5, 36).
cost(10, 6, 65).
cost(10, 7, 15).
cost(10, 8, 4).
cost(10, 9, 26).
cost(10, 11, 9).
cost(10, 12, 33).
cost(10, 13, 73).
cost(10, 14, 71).
cost(10, 15, 33).
cost(10, 16, 90).
cost(10, 17, 58).
cost(10, 18, 72).
cost(10, 19, 25).
cost(10, 20, 29).
cost(10, 21, 34).
cost(10, 22, 78).
cost(10, 23, 91).
cost(10, 24, 26).
cost(11, 1, 53).
cost(11, 2, 74).
cost(11, 3, 65).
cost(11, 4, 46).
cost(11, 5, 33).
cost(11, 6, 57).
cost(11, 7, 16).
cost(11, 8, 9).
cost(11, 9, 21).
cost(11, 10, 9).
cost(11, 12, 28).
cost(11, 13, 65).
cost(11, 14, 64).
cost(11, 15, 32).
cost(11, 16, 81).
cost(11, 17, 51).
cost(11, 18, 64).
cost(11, 19, 23).
cost(11, 20, 22).
cost(11, 21, 28).
cost(11, 22, 68).
cost(11, 23, 83).
cost(11, 24, 20).
cost(12, 1, 55).
cost(12, 2, 62).
cost(12, 3, 56).
cost(12, 4, 18).
cost(12, 5, 58).
cost(12, 6, 37).
cost(12, 7, 21).
cost(12, 8, 36).
cost(12, 9, 46).
cost(12, 10, 33).
cost(12, 11, 28).
cost(12, 13, 70).
cost(12, 14, 39).
cost(12, 15, 13).
cost(12, 16, 86).
cost(12, 17, 27).
cost(12, 18, 77).
cost(12, 19, 50).
cost(12, 20, 11).
cost(12, 21, 6).
cost(12, 22, 58).
cost(12, 23, 89).
cost(12, 24, 41).
cost(13, 1, 15).
cost(13, 2, 41).
cost(13, 3, 31).
cost(13, 4, 75).
cost(13, 5, 54).
cost(13, 6, 56).
cost(13, 7, 77).
cost(13, 8, 71).
cost(13, 9, 53).
cost(13, 10, 73).
cost(13, 11, 65).
cost(13, 12, 70).
cost(13, 14, 71).
cost(13, 15, 82).
cost(13, 16, 17).
cost(13, 17, 64).
cost(13, 18, 19).
cost(13, 19, 59).
cost(13, 20, 60).
cost(13, 21, 64).
cost(13, 22, 37).
cost(13, 23, 19).
cost(13, 24, 48).
cost(14, 1, 57).
cost(14, 2, 40).
cost(14, 3, 42).
cost(14, 4, 24).
cost(14, 5, 86).
cost(14, 6, 15).
cost(14, 7, 60).
cost(14, 8, 73).
cost(14, 9, 75).
cost(14, 10, 71).
cost(14, 11, 64).
cost(14, 12, 39).
cost(14, 13, 71).
cost(14, 15, 48).
cost(14, 16, 83).
cost(14, 17, 13).
cost(14, 18, 86).
cost(14, 19, 81).
cost(14, 20, 42).
cost(14, 21, 37).
cost(14, 22, 40).
cost(14, 23, 87).
cost(14, 24, 68).
cost(15, 1, 68).
cost(15, 2, 74).
cost(15, 3, 69).
cost(15, 4, 24).
cost(15, 5, 64).
cost(15, 6, 49).
cost(15, 7, 18).
cost(15, 8, 37).
cost(15, 9, 52).
cost(15, 10, 33).
cost(15, 11, 32).
cost(15, 12, 13).
cost(15, 13, 82).
cost(15, 14, 48).
cost(15, 16, 99).
cost(15, 17, 37).
cost(15, 18, 88).
cost(15, 19, 55).
cost(15, 20, 22).
cost(15, 21, 19).
cost(15, 22, 71).
cost(15, 23, 101).
cost(15, 24, 48).
cost(16, 1, 31).
cost(16, 2, 48).
cost(16, 3, 40).
cost(16, 4, 90).
cost(16, 5, 68).
cost(16, 6, 68).
cost(16, 7, 94).
cost(16, 8, 87).
cost(16, 9, 68).
cost(16, 10, 90).
cost(16, 11, 81).
cost(16, 12, 86).
cost(16, 13, 17).
cost(16, 14, 83).
cost(16, 15, 99).
cost(16, 17, 78).
cost(16, 18, 26).
cost(16, 19, 75).
cost(16, 20, 77).
cost(16, 21, 80).
cost(16, 22, 45).
cost(16, 23, 5).
cost(16, 24, 65).
cost(17, 1, 50).
cost(17, 2, 41).
cost(17, 3, 40).
cost(17, 4, 15).
cost(17, 5, 74).
cost(17, 6, 13).
cost(17, 7, 48).
cost(17, 8, 60).
cost(17, 9, 62).
cost(17, 10, 58).
cost(17, 11, 51).
cost(17, 12, 27).
cost(17, 13, 64).
cost(17, 14, 13).
cost(17, 15, 37).
cost(17, 16, 78).
cost(17, 18, 77).
cost(17, 19, 69).
cost(17, 20, 30).
cost(17, 21, 24).
cost(17, 22, 39).
cost(17, 23, 82).
cost(17, 24, 56).
cost(18, 1, 29).
cost(18, 2, 60).
cost(18, 3, 50).
cost(18, 4, 86).
cost(18, 5, 44).
cost(18, 6, 71).
cost(18, 7, 79).
cost(18, 8, 68).
cost(18, 9, 47).
cost(18, 10, 72).
cost(18, 11, 64).
cost(18, 12, 77).
cost(18, 13, 19).
cost(18, 14, 86).
cost(18, 15, 88).
cost(18, 16, 26).
cost(18, 17, 77).
cost(18, 19, 52).
cost(18, 20, 67).
cost(18, 21, 72).
cost(18, 22, 55).
cost(18, 23, 24).
cost(18, 24, 45).
cost(19, 1, 52).
cost(19, 2, 81).
cost(19, 3, 70).
cost(19, 4, 67).
cost(19, 5, 11).
cost(19, 6, 71).
cost(19, 7, 38).
cost(19, 8, 21).
cost(19, 9, 8).
cost(19, 10, 25).
cost(19, 11, 23).
cost(19, 12, 50).
cost(19, 13, 59).
cost(19, 14, 81).
cost(19, 15, 55).
cost(19, 16, 75).
cost(19, 17, 69).
cost(19, 18, 52).
cost(19, 20, 41).
cost(19, 21, 48).
cost(19, 22, 75).
cost(19, 23, 74).
cost(19, 24, 14).
cost(20, 1, 46).
cost(20, 2, 57).
cost(20, 3, 50).
cost(20, 4, 26).
cost(20, 5, 49).
cost(20, 6, 36).
cost(20, 7, 21).
cost(20, 8, 30).
cost(20, 9, 36).
cost(20, 10, 29).
cost(20, 11, 22).
cost(20, 12, 11).
cost(20, 13, 60).
cost(20, 14, 42).
cost(20, 15, 22).
cost(20, 16, 77).
cost(20, 17, 30).
cost(20, 18, 67).
cost(20, 19, 41).
cost(20, 21, 7).
cost(20, 22, 53).
cost(20, 23, 79).
cost(20, 24, 31).
cost(21, 1, 49).
cost(21, 2, 56).
cost(21, 3, 51).
cost(21, 4, 19).
cost(21, 5, 55).
cost(21, 6, 33).
cost(21, 7, 24).
cost(21, 8, 36).
cost(21, 9, 43).
cost(21, 10, 34).
cost(21, 11, 28).
cost(21, 12, 6).
cost(21, 13, 64).
cost(21, 14, 37).
cost(21, 15, 19).
cost(21, 16, 80).
cost(21, 17, 24).
cost(21, 18, 72).
cost(21, 19, 48).
cost(21, 20, 7).
cost(21, 22, 52).
cost(21, 23, 83).
cost(21, 24, 38).
cost(22, 1, 29).
cost(22, 2, 6).
cost(22, 3, 6).
cost(22, 4, 54).
cost(22, 5, 75).
cost(22, 6, 27).
cost(22, 7, 74).
cost(22, 8, 77).
cost(22, 9, 68).
cost(22, 10, 78).
cost(22, 11, 68).
cost(22, 12, 58).
cost(22, 13, 37).
cost(22, 14, 40).
cost(22, 15, 71).
cost(22, 16, 45).
cost(22, 17, 39).
cost(22, 18, 55).
cost(22, 19, 75).
cost(22, 20, 53).
cost(22, 21, 52).
cost(22, 23, 49).
cost(22, 24, 61).
cost(23, 1, 34).
cost(23, 2, 53).
cost(23, 3, 45).
cost(23, 4, 93).
cost(23, 5, 68).
cost(23, 6, 72).
cost(23, 7, 96).
cost(23, 8, 88).
cost(23, 9, 69).
cost(23, 10, 91).
cost(23, 11, 83).
cost(23, 12, 89).
cost(23, 13, 19).
cost(23, 14, 87).
cost(23, 15, 101).
cost(23, 16, 5).
cost(23, 17, 82).
cost(23, 18, 24).
cost(23, 19, 74).
cost(23, 20, 79).
cost(23, 21, 83).
cost(23, 22, 49).
cost(23, 24, 65).
cost(24, 1, 39).
cost(24, 2, 67).
cost(24, 3, 56).
cost(24, 4, 56).
cost(24, 5, 18).
cost(24, 6, 57).
cost(24, 7, 35).
cost(24, 8, 23).
cost(24, 9, 7).
cost(24, 10, 26).
cost(24, 11, 20).
cost(24, 12, 41).
cost(24, 13, 48).
cost(24, 14, 68).
cost(24, 15, 48).
cost(24, 16, 65).
cost(24, 17, 56).
cost(24, 18, 45).
cost(24, 19, 14).
cost(24, 20, 31).
cost(24, 21, 38).
cost(24, 22, 61).
cost(24, 23, 65).
