dimension(24).
point(1, 48.3922244189, 53.8086812973).
point(2, 87.6645731426, 9.3575819889).
point(3, 36.3562450562, 25.9762795155).
point(4, 35.9576610523, 67.6997582455).
point(5, 96.9904425079, 43.2016517578).
point(6, 38.1479613606, 18.2138838297).
point(7, 77.6795287473, 21.153386547).
point(8, 15.9503972388, 65.8007446561).
point(9, 93.7532513899, 57.7122689424).
point(10, 17.91059629, 62.8425860688).
point(11, 22.8013986356, 74.437502344).
point(12, 85.0205030829, 82.9348499399).
point(13, 78.2035838318, 63.8123947906).
point(14, 0.8083147674, 36.2380116238).
point(15, 77.3237615099, 18.1158788411).
point(16, 6.3671160709, 41.3513913868).
point(17, 18.8484906386, 14.0680367659).
point(18, 43.7586966681, 62.5882186092).
point(19, 25.7946564346, 40.3022773347).
point(20, 8.2650199045, 64.198128795).
point(21, 7.92865232, 71.4010960528).
point(22, 52.3271351238, 47.0883848542).
point(23, 26.7143965348, 65.9853103239).
point(24, 53.9477764306, 11.123142497).
cost(1, 2, 59).
cost(1, 3, 30).
cost(1, 4, 19).
cost(1, 5, 50).
cost(1, 6, 37).
cost(1, 7, 44).
cost(1, 8, 35).
cost(1, 9, 46).
cost(1, 10, 32).
cost(1, 11, 33).
cost(1, 12, 47).
cost(1, 13, 31).
cost(1, 14, 51).
cost(1, 15, 46).
cost(1, 16, 44).
cost(1, 17, 50).
cost(1, 18, 10).
cost(1, 19, 26).
cost(1, 20, 41).
cost(1, 21, 44).
cost(1, 22, 8).
cost(1, 23, 25).
cost(1, 24, 43).
cost(2, 1, 59).
cost(2, 3, 54).
cost(2, 4, 78).
cost(2, 5, 35).
cost(2, 6, 50).
cost(2, 7, 15).
cost(2, 8, 91).
cost(2, 9, 49).
cost(2, 10, 88).
cost(2, 11, 92).
cost(2, 12, 74).
cost(2, 13, 55).
cost(2, 14, 91).
cost(2, 15, 14).
cost(2, 16, 87).
cost(2, 17, 69).
cost(2, 18, 69).
cost(2, 19, 69).
cost(2, 20, 96).
cost(2, 21, 101).
cost(2, 22, 52).
cost(2, 23, 83).
cost(2, 24, 34).
cost(3, 1, 30).
cost(3, 2, 54).
cost(3, 4, 42).
cost(3, 5, 63).
cost(3, 6, 8).
cost(3, 7, 42).
cost(3, 8, 45).
cost(3, 9, 66).
cost(3, 10, 41).
cost(3, 11, 50).
cost(3, 12, 75).
cost(3, 13, 56).
cost(3, 14, 37).
cost(3, 15, 42).
cost(3, 16, 34).
cost(3, 17, 21).
cost(3, 18, 37).
cost(3, 19, 18).
cost(3, 20, 47).
cost(3, 21, 54).
cost(3, 22, 26).
cost(3, 23, 41).
cost(3, 24, 23).
cost(4, 1, 19).
cost(4, 2, 78).
cost(4, 3, 42).
cost(4, 5, 66).
cost(4, 6, 50).
cost(4, 7, 63).
cost(4, 8, 20).
cost(4, 9, 59).
cost(4, 10, 19).
cost(4, 11, 15).
cost(4, 12, 51).
cost(4, 13, 42).
cost(4, 14, 47).
cost(4, 15, 65).
cost(4, 16, 40).
cost(4, 17, 56).
cost(4, 18, 9).
cost(4, 19, 29).
cost(4, 20, 28).
cost(4, 21, 28).
cost(4, 22, 26).
cost(4, 23, 9).
cost(4, 24, 59).
cost(5, 1, 50).
cost(5, 2, 35).
cost(5, 3, 63).
cost(5, 4, 66).
cost(5, 6, 64).
cost(5, 7, 29).
cost(5, 8, 84).
cost(5, 9, 15).
cost(5, 10, 81).
cost(5, 11, 80).
cost(5, 12, 41).
cost(5, 13, 28).
cost(5, 14, 96).
cost(5, 15, 32).
cost(5, 16, 91).
cost(5, 17, 83).
cost(5, 18, 57).
cost(5, 19, 71).
cost(5, 20, 91).
cost(5, 21, 93).
cost(5, 22, 45).
cost(5, 23, 74).
cost(5, 24, 54).
cost(6, 1, 37).
cost(6, 2, 50).
cost(6, 3, 8).
cost(6, 4, 50).
cost(6, 5, 64).
cost(6, 7, 40).
cost(6, 8, 53).
cost(6, 9, 68).
cost(6, 10, 49).
cost(6, 11, 58).
cost(6, 12, 80).
cost(6, 13, 61).
cost(6, 14, 41).
cost(6, 15, 39).
cost(6, 16, 39).
cost(6, 17, 20).
cost(6, 18, 45).
cost(6, 19, 25).
cost(6, 20, 55).
cost(6, 21, 61).
cost(6, 22, 32).
cost(6, 23, 49).
cost(6, 24, 17).
cost(7, 1, 44).
cost(7, 2, 15).
cost(7, 3, 42).
cost(7, 4, 63).
cost(7, 5, 29).
cost(7, 6, 40).
cost(7, 8, 76).
cost(7, 9, 40).
cost(7, 10, 73).
cost(7, 11, 76).
cost(7, 12, 62).
cost(7, 13, 43).
cost(7, 14, 78).
cost(7, 15, 3).
cost(7, 16, 74).
cost(7, 17, 59).
cost(7, 18, 54).
cost(7, 19, 55).
cost(7, 20, 82).
cost(7, 21, 86).
cost(7, 22, 36).
cost(7, 23, 68).
cost(7, 24, 26).
cost(8, 1, 35).
cost(8, 2, 91).
cost(8, 3, 45).
cost(8, 4, 20).
cost(8, 5, 84).
cost(8, 6, 53).
cost(8, 7, 76).
cost(8, 9, 78).
cost(8, 10, 4).
cost(8, 11, 11).
cost(8, 12, 71).
cost(8, 13, 62).
cost(8, 14, 33).
cost(8, 15, 78).
cost(8, 16, 26).
cost(8, 17, 52).
cost(8, 18, 28).
cost(8, 19, 27).
cost(8, 20, 8).
cost(8, 21, 10).
cost(8, 22, 41).
cost(8, 23, 11).
cost(8, 24, 67).
cost(9, 1, 46).
cost(9, 2, 49).
cost(9, 3, 66).
cost(9, 4, 59).
cost(9, 5, 15).
cost(9, 6, 68).
cost(9, 7, 40).
cost(9, 8, 78).
cost(9, 10, 76).
cost(9, 11, 73).
cost(9, 12, 27).
cost(9, 13, 17).
cost(9, 14, 95).
cost(9, 15, 43).
cost(9, 16, 89).
cost(9, 17, 87).
cost(9, 18, 50).
cost(9, 19, 70).
cost(9, 20, 86).
cost(9, 21, 87).
cost(9, 22, 43).
cost(9, 23, 68).
cost(9, 24, 61).
cost(10, 1, 32).
cost(10, 2, 88).
cost(10, 3, 41).
cost(10, 4, 19).
cost(10, 5, 81).
cost(10, 6, 49).
cost(10, 7, 73).
cost(10, 8, 4).
cost(10, 9, 76).
cost(10, 11, 13).
cost(10, 12, 70).
cost(10, 13, 60).
cost(10, 14, 32).
cost(10, 15, 74).
cost(10, 16, 24).
cost(10, 17, 49).
cost(10, 18, 26).
cost(10, 19, 24).
cost(10, 20, 10).
cost(10, 21, 13).
cost(10, 22, 38).
cost(10, 23, 9).
cost(10, 24, 63).
cost(11, 1, 33).
cost(11, 2, 92).
cost(11, 3, 50).
cost(11, 4, 15).
cost(11, 5, 80).
cost(11, 6, 58).
cost(11, 7, 76).
cost(11, 8, 11).
cost(11, 9, 73).
cost(11, 10, 13).
cost(11, 12, 63).
cost(11, 13, 56).
cost(11, 14, 44).
cost(11, 15, 78).
cost(11, 16, 37).
cost(11, 17, 60).
cost(11, 18, 24).
cost(11, 19, 34).
cost(11, 20, 18).
cost(11, 21, 15).
cost(11, 22, 40).
cost(11, 23, 9).
cost(11, 24, 71).
cost(12, 1, 47).
cost(12, 2, 74).
cost(12, 3, 75).
cost(12, 4, 51).
cost(12, 5, 41).
cost(12, 6, 80).
cost(12, 7, 62).
cost(12, 8, 71).
cost(12, 9, 27).
cost(12, 10, 70).
cost(12, 11, 63).
cost(12, 13, 20).
cost(12, 14, 96).
cost(12, 15, 65).
cost(12, 16, 89).
cost(12, 17, 96).
cost(12, 18, 46).
cost(12, 19, 73).
cost(12, 20, 79).
cost(12, 21, 78).
cost(12, 22, 49).
cost(12, 23, 61).
cost(12, 24, 78).
cost(13, 1, 31).
cost(13, 2, 55).
cost(13, 3, 56).
cost(13, 4, 42).
cost(13, 5, 28).
cost(13, 6, 61).
cost(13, 7, 43).
cost(13, 8, 62).
cost(13, 9, 17).
cost(13, 10, 60).
cost(13, 11, 56).
cost(13, 12, 20).
cost(13, 14, 82).
cost(13, 15, 46).
cost(13, 16, 75).
cost(13, 17, 77).
cost(13, 18, 34).
cost(13, 19, 57).
cost(13, 20, 70).
cost(13, 21, 71).
cost(13, 22, 31).
cost(13, 23, 52).
cost(13, 24, 58).
cost(14, 1, 51).
cost(14, 2, 91).
cost(14, 3, 37).
cost(14, 4, 47).
cost(14, 5, 96).
cost(14, 6, 41).
cost(14, 7, 78).
cost(14, 8, 33).
cost(14, 9, 95).
cost(14, 10, 32).
cost(14, 11, 44).
cost(14, 12, 96).
cost(14, 13, 82).
cost(14, 15, 79).
cost(14, 16, 8).
cost(14, 17, 29).
cost(14, 18, 50).
cost(14, 19, 25).
cost(14, 20, 29).
cost(14, 21, 36).
cost(14, 22, 53).
cost(14, 23, 39).
cost(14, 24, 59).
cost(15, 1, 46).
cost(15, 2, 14).
cost(15, 3, 42).
cost(15, 4, 65).
cost(15, 5, 32).
cost(15, 6, 39).
cost(15, 7, 3).
cost(15, 8, 78).
cost(15, 9, 43).
cost(15, 10, 74).
cost(15, 11, 78).
cost(15, 12, 65).
cost(15, 13, 46).
cost(15, 14, 79).
cost(15, 16, 75).
cost(15, 17, 59).
cost(15, 18, 56).
cost(15, 19, 56).
cost(15, 20, 83).
cost(15, 21, 87).
cost(15, 22, 38).
cost(15, 23, 70).
cost(15, 24, 24).
cost(16, 1, 44).
cost(16, 2, 87).
cost(16, 3, 34).
cost(16, 4, 40).
cost(16, 5, 91).
cost(16, 6, 39).
cost(16, 7, 74).
cost(16, 8, 26).
cost(16, 9, 89).
cost(16, 10, 24).
cost(16, 11, 37).
cost(16, 12, 89).
cost(16, 13, 75).
cost(16, 14, 8).
cost(16, 15, 75).
cost(16, 17, 30).
cost(16, 18, 43).
cost(16, 19, 19).
cost(16, 20, 23).
cost(16, 21, 30).
cost(16, 22, 46).
cost(16, 23, 32).
cost(16, 24, 56).
cost(17, 1, 50).
cost(17, 2, 69).
cost(17, 3, 21).
cost(17, 4, 56).
cost(17, 5, 83).
cost(17, 6, 20).
cost(17, 7, 59).
cost(17, 8, 52).
cost(17, 9, 87).
cost(17, 10, 49).
cost(17, 11, 60).
cost(17, 12, 96).
cost(17, 13, 77).
cost(17, 14, 29).
cost(17, 15, 59).
cost(17, 16, 30).
cost(17, 18, 55).
cost(17, 19, 27).
cost(17, 20, 51).
cost(17, 21, 58).
cost(17, 22, 47).
cost(17, 23, 53).
cost(17, 24, 35).
cost(18, 1, 10).
cost(18, 2, 69).
cost(18, 3, 37).
cost(18, 4, 9).
cost(18, 5, 57).
cost(18, 6, 45).
cost(18, 7, 54).
cost(18, 8, 28).
cost(18, 9, 50).
cost(18, 10, 26).
cost(18, 11, 24).
cost(18, 12, 46).
cost(18, 13, 34).
cost(18, 14, 50).
cost(18, 15, 56).
cost(18, 16, 43).
cost(18, 17, 55).
cost(18, 19, 29).
cost(18, 20, 36).
cost(18, 21, 37).
cost(18, 22, 18).
cost(18, 23, 17).
cost(18, 24, 52).
cost(19, 1, 26).
cost(19, 2, 69).
cost(19, 3, 18).
cost(19, 4, 29).
cost(19, 5, 71).
cost(19, 6, 25).
cost(19, 7, 55).
cost(19, 8, 27).
cost(19, 9, 70).
cost(19, 10, 24).
cost(19, 11, 34).
cost(19, 12, 73).
cost(19, 13, 57).
cost(19, 14, 25).
cost(19, 15, 56).
cost(19, 16, 19).
cost(19, 17, 27).
cost(19, 18, 29).
cost(19, 20, 30).
cost(19, 21, 36).
cost(19, 22, 27).
cost(19, 23, 26).
cost(19, 24, 41).
cost(20, 1, 41).
cost(20, 2, 96).
cost(20, 3, 47).
cost(20, 4, 28).
cost(20, 5, 91).
cost(20, 6, 55).
cost(20, 7, 82).
cost(20, 8, 8).
cost(20, 9, 86).
cost(20, 10, 10).
cost(20, 11, 18).
cost(20, 12, 79).
cost(20, 13, 70).
cost(20, 14, 29).
cost(20, 15, 83).
cost(20, 16, 23).
cost(20, 17, 51).
cost(20, 18, 36).
cost(20, 19, 30).
cost(20, 21, 7).
cost(20, 22, 47).
cost(20, 23, 19).
cost(20, 24, 70).
cost(21, 1, 44).
cost(21, 2, 101).
cost(21, 3, 54).
cost(21, 4, 28).
cost(21, 5, 93).
cost(21, 6, 61).
cost(21, 7, 86).
cost(21, 8, 10).
cost(21, 9, 87).
cost(21, 10, 13).
cost(21, 11, 15).
cost(21, 12, 78).
cost(21, 13, 71).
cost(21, 14, 36).
cost(21, 15, 87).
cost(21, 16, 30).
cost(21, 17, 58).
cost(21, 18, 37).
cost(21, 19, 36).
cost(21, 20, 7).
cost(21, 22, 51).
cost(21, 23, 20).
cost(21, 24, 76).
cost(22, 1, 8).
cost(22, 2, 52).
cost(22, 3, 26).
cost(22, 4, 26).
cost(22, 5, 45).
cost(22, 6, 32).
cost(22, 7, 36).
cost(22, 8, 41).
cost(22, 9, 43).
cost(22, 10, 38).
cost(22, 11, 40).
cost(22, 12, 49).
cost(22, 13, 31).
cost(22, 14, 53).
cost(22, 15, 38).
cost(22, 16, 46).
cost(22, 17, 47).
cost(22, 18, 18).
cost(22, 19, 27).
cost(22, 20, 47).
cost(22, 21, 51).
cost(22, 23, 32).
cost(22, 24, 36).
cost(23, 1, 25).
cost(23, 2, 83).
cost(23, 3, 41).
cost(23, 4, 9).
cost(23, 5, 74).
cost(23, 6, 49).
cost(23, 7, 68).
cost(23, 8, 11).
cost(23, 9, 68).
cost(23, 10, 9).
cost(23, 11, 9).
cost(23, 12, 61).
cost(23, 13, 52).
cost(23, 14, 39).
cost(23, 15, 70).
cost(23, 16, 32).
cost(23, 17, 53).
cost(23, 18, 17).
cost(23, 19, 26).
cost(23, 20, 19).
cost(23, 21, 20).
cost(23, 22, 32).
cost(23, 24, 61).
cost(24, 1, 43).
cost(24, 2, 34).
cost(24, 3, 23).
cost(24, 4, 59).
cost(24, 5, 54).
cost(24, 6, 17).
cost(24, 7, 26).
cost(24, 8, 67).
cost(24, 9, 61).
cost(24, 10, 63).
cost(24, 11, 71).
cost(24, 12, 78).
cost(24, 13, 58).
cost(24, 14, 59).
cost(24, 15, 24).
cost(24, 16, 56).
cost(24, 17, 35).
cost(24, 18, 52).
cost(24, 19, 41).
cost(24, 20, 70).
cost(24, 21, 76).
cost(24, 22, 36).
cost(24, 23, 61).
