dimension(24).
point(1, 85.127094924, 33.102635805).
point(2, 76.9819514008, 25.7024529591).
point(3, 26.7402859659, 87.7413373168).
point(4, 65.3232467941, 87.2854527168).
point(5, 91.5548933927, 31.6397142553).
point(6, 94.531046799, 66.3206951742).
point(7, 20.6753131129, 16.8334740076).
point(8, 20.6598779802, 41.3052707637).
point(9, 35.9301269691, 85.9916883276).
point(10, 37.0552041996, 20.2408824836).
point(11, 72.7070537063, 54.2937136392).
point(12, 79.2334756105, 54.0121090897).
point(13, 25.2324948164, 39.6361576783).
point(14, 77.6277831937, 83.5303238658).
point(15, 22.4232945237, 69.6040436482).
point(16, 52.0850601574, 28.5418041668).
point(17, 55.7211116312, 61.5921174706).
point(18, 20.285347541, 1.9720882558).
point(19, 35.0658402853, 41.7296225769).
point(20, 81.5161826847, 50.4545752203).
point(21, 62.3304852442, 76.3572027032).
point(22, 16.2648770163, 26.5162016032).
point(23, 62.627894377, 67.3859226087).
point(24, 7.379732927, 75.1017841006).
cost(1, 2, 11).
cost(1, 3, 80).
cost(1, 4, 58).
cost(1, 5, 7).
cost(1, 6, 35).
cost(1, 7, 66).
cost(1, 8, 65).
cost(1, 9, 72).
cost(1, 10, 50).
cost(1, 11, 25).
cost(1, 12, 22).
cost(1, 13, 60).
cost(1, 14, 51).
cost(1, 15, 73).
cost(1, 16, 33).
cost(1, 17, 41).
cost(1, 18, 72).
cost(1, 19, 51).
cost(1, 20, 18).
cost(1, 21, 49).
cost(1, 22, 69).
cost(1, 23, 41).
cost(1, 24, 88).
cost(2, 1, 11).
cost(2, 3, 80).
cost(2, 4, 63).
cost(2, 5, 16).
cost(2, 6, 44).
cost(2, 7, 57).
cost(2, 8, 58).
cost(2, 9, 73).
cost(2, 10, 40).
cost(2, 11, 29).
cost(2, 12, 28).
cost(2, 13, 54).
cost(2, 14, 58).
cost(2, 15, 70).
cost(2, 16, 25).
cost(2, 17, 42).
cost(2, 18, 61).
cost(2, 19, 45).
cost(2, 20, 25).
cost(2, 21, 53).
cost(2, 22, 61).
cost(2, 23, 44).
cost(2, 24, 85).
cost(3, 1, 80).
cost(3, 2, 80).
cost(3, 4, 39).
cost(3, 5, 86).
cost(3, 6, 71).
cost(3, 7, 71).
cost(3, 8, 47).
cost(3, 9, 9).
cost(3, 10, 68).
cost(3, 11, 57).
cost(3, 12, 62).
cost(3, 13, 48).
cost(3, 14, 51).
cost(3, 15, 19).
cost(3, 16, 64).
cost(3, 17, 39).
cost(3, 18, 86).
cost(3, 19, 47).
cost(3, 20, 66).
cost(3, 21, 37).
cost(3, 22, 62).
cost(3, 23, 41).
cost(3, 24, 23).
cost(4, 1, 58).
cost(4, 2, 63).
cost(4, 3, 39).
cost(4, 5, 62).
cost(4, 6, 36).
cost(4, 7, 83).
cost(4, 8, 64).
cost(4, 9, 29).
cost(4, 10, 73).
cost(4, 11, 34).
cost(4, 12, 36).
cost(4, 13, 62).
cost(4, 14, 13).
cost(4, 15, 46).
cost(4, 16, 60).
cost(4, 17, 27).
cost(4, 18, 96).
cost(4, 19, 55).
cost(4, 20, 40).
cost(4, 21, 11).
cost(4, 22, 78).
cost(4, 23, 20).
cost(4, 24, 59).
cost(5, 1, 7).
cost(5, 2, 16).
cost(5, 3, 86).
cost(5, 4, 62).
cost(5, 6, 35).
cost(5, 7, 72).
cost(5, 8, 72).
cost(5, 9, 78).
cost(5, 10, 56).
cost(5, 11, 29).
cost(5, 12, 26).
cost(5, 13, 67).
cost(5, 14, 54).
cost(5, 15, 79).
cost(5, 16, 40).
cost(5, 17, 47).
cost(5, 18, 77).
cost(5, 19, 57).
cost(5, 20, 21).
cost(5, 21, 53).
cost(5, 22, 75).
cost(5, 23, 46).
cost(5, 24, 95).
cost(6, 1, 35).
cost(6, 2, 44).
cost(6, 3, 71).
cost(6, 4, 36).
cost(6, 5, 35).
cost(6, 7, 89).
cost(6, 8, 78).
cost(6, 9, 62).
cost(6, 10, 74).
cost(6, 11, 25).
cost(6, 12, 20).
cost(6, 13, 74).
cost(6, 14, 24).
cost(6, 15, 72).
cost(6, 16, 57).
cost(6, 17, 39).
cost(6, 18, 98).
cost(6, 19, 64).
cost(6, 20, 21).
cost(6, 21, 34).
cost(6, 22, 88).
cost(6, 23, 32).
cost(6, 24, 88).
cost(7, 1, 66).
cost(7, 2, 57).
cost(7, 3, 71).
cost(7, 4, 83).
cost(7, 5, 72).
cost(7, 6, 89).
cost(7, 8, 24).
cost(7, 9, 71).
cost(7, 10, 17).
cost(7, 11, 64).
cost(7, 12, 69).
cost(7, 13, 23).
cost(7, 14, 88).
cost(7, 15, 53).
cost(7, 16, 34).
cost(7, 17, 57).
cost(7, 18, 15).
cost(7, 19, 29).
cost(7, 20, 70).
cost(7, 21, 73).
cost(7, 22, 11).
cost(7, 23, 66).
cost(7, 24, 60).
cost(8, 1, 65).
cost(8, 2, 58).
cost(8, 3, 47).
cost(8, 4, 64).
cost(8, 5, 72).
cost(8, 6, 78).
cost(8, 7, 24).
cost(8, 9, 47).
cost(8, 10, 27).
cost(8, 11, 54).
cost(8, 12, 60).
cost(8, 13, 5).
cost(8, 14, 71).
cost(8, 15, 28).
cost(8, 16, 34).
cost(8, 17, 41).
cost(8, 18, 39).
cost(8, 19, 14).
cost(8, 20, 62).
cost(8, 21, 54).
cost(8, 22, 15).
cost(8, 23, 49).
cost(8, 24, 36).
cost(9, 1, 72).
cost(9, 2, 73).
cost(9, 3, 9).
cost(9, 4, 29).
cost(9, 5, 78).
cost(9, 6, 62).
cost(9, 7, 71).
cost(9, 8, 47).
cost(9, 10, 66).
cost(9, 11, 49).
cost(9, 12, 54).
cost(9, 13, 48).
cost(9, 14, 42).
cost(9, 15, 21).
cost(9, 16, 60).
cost(9, 17, 31).
cost(9, 18, 85).
cost(9, 19, 44).
cost(9, 20, 58).
cost(9, 21, 28).
cost(9, 22, 63).
cost(9, 23, 33).
cost(9, 24, 31).
cost(10, 1, 50).
cost(10, 2, 40).
cost(10, 3, 68).
cost(10, 4, 73).
cost(10, 5, 56).
cost(10, 6, 74).
cost(10, 7, 17).
cost(10, 8, 27).
cost(10, 9, 66).
cost(10, 11, 49).
cost(10, 12, 54).
cost(10, 13, 23).
cost(10, 14, 75).
cost(10, 15, 51).
cost(10, 16, 17).
cost(10, 17, 45).
cost(10, 18, 25).
cost(10, 19, 22).
cost(10, 20, 54).
cost(10, 21, 62).
cost(10, 22, 22).
cost(10, 23, 54).
cost(10, 24, 62).
cost(11, 1, 25).
cost(11, 2, 29).
cost(11, 3, 57).
cost(11, 4, 34).
cost(11, 5, 29).
cost(11, 6, 25).
cost(11, 7, 64).
cost(11, 8, 54).
cost(11, 9, 49).
cost(11, 10, 49).
cost(11, 12, 7).
cost(11, 13, 50).
cost(11, 14, 30).
cost(11, 15, 53).
cost(11, 16, 33).
cost(11, 17, 18).
cost(11, 18, 74).
cost(11, 19, 40).
cost(11, 20, 10).
cost(11, 21, 24).
cost(11, 22, 63).
cost(11, 23, 17).
cost(11, 24, 69).
cost(12, 1, 22).
cost(12, 2, 28).
cost(12, 3, 62).
cost(12, 4, 36).
cost(12, 5, 26).
cost(12, 6, 20).
cost(12, 7, 69).
cost(12, 8, 60).
cost(12, 9, 54).
cost(12, 10, 54).
cost(12, 11, 7).
cost(12, 13, 56).
cost(12, 14, 30).
cost(12, 15, 59).
cost(12, 16, 37).
cost(12, 17, 25).
cost(12, 18, 79).
cost(12, 19, 46).
cost(12, 20, 4).
cost(12, 21, 28).
cost(12, 22, 69).
cost(12, 23, 21).
cost(12, 24, 75).
cost(13, 1, 60).
cost(13, 2, 54).
cost(13, 3, 48).
cost(13, 4, 62).
cost(13, 5, 67).
cost(13, 6, 74).
cost(13, 7, 23).
cost(13, 8, 5).
cost(13, 9, 48).
cost(13, 10, 23).
cost(13, 11, 50).
cost(13, 12, 56).
cost(13, 14, 68).
cost(13, 15, 30).
cost(13, 16, 29).
cost(13, 17, 38).
cost(13, 18, 38).
cost(13, 19, 10).
cost(13, 20, 57).
cost(13, 21, 52).
cost(13, 22, 16).
cost(13, 23, 47).
cost(13, 24, 40).
cost(14, 1, 51).
cost(14, 2, 58).
cost(14, 3, 51).
cost(14, 4, 13).
cost(14, 5, 54).
cost(14, 6, 24).
cost(14, 7, 88).
cost(14, 8, 71).
cost(14, 9, 42).
cost(14, 10, 75).
cost(14, 11, 30).
cost(14, 12, 30).
cost(14, 13, 68).
cost(14, 15, 57).
cost(14, 16, 61).
cost(14, 17, 31).
cost(14, 18, 100).
cost(14, 19, 60).
cost(14, 20, 33).
cost(14, 21, 17).
cost(14, 22, 84).
cost(14, 23, 22).
cost(14, 24, 71).
cost(15, 1, 73).
cost(15, 2, 70).
cost(15, 3, 19).
cost(15, 4, 46).
cost(15, 5, 79).
cost(15, 6, 72).
cost(15, 7, 53).
cost(15, 8, 28).
cost(15, 9, 21).
cost(15, 10, 51).
cost(15, 11, 53).
cost(15, 12, 59).
cost(15, 13, 30).
cost(15, 14, 57).
cost(15, 16, 51).
cost(15, 17, 34).
cost(15, 18, 68).
cost(15, 19, 31).
cost(15, 20, 62).
cost(15, 21, 40).
cost(15, 22, 44).
cost(15, 23, 40).
cost(15, 24, 16).
cost(16, 1, 33).
cost(16, 2, 25).
cost(16, 3, 64).
cost(16, 4, 60).
cost(16, 5, 40).
cost(16, 6, 57).
cost(16, 7, 34).
cost(16, 8, 34).
cost(16, 9, 60).
cost(16, 10, 17).
cost(16, 11, 33).
cost(16, 12, 37).
cost(16, 13, 29).
cost(16, 14, 61).
cost(16, 15, 51).
cost(16, 17, 33).
cost(16, 18, 41).
cost(16, 19, 22).
cost(16, 20, 37).
cost(16, 21, 49).
cost(16, 22, 36).
cost(16, 23, 40).
cost(16, 24, 65).
cost(17, 1, 41).
cost(17, 2, 42).
cost(17, 3, 39).
cost(17, 4, 27).
cost(17, 5, 47).
cost(17, 6, 39).
cost(17, 7, 57).
cost(17, 8, 41).
cost(17, 9, 31).
cost(17, 10, 45).
cost(17, 11, 18).
cost(17, 12, 25).
cost(17, 13, 38).
cost(17, 14, 31).
cost(17, 15, 34).
cost(17, 16, 33).
cost(17, 18, 69).
cost(17, 19, 29).
cost(17, 20, 28).
cost(17, 21, 16).
cost(17, 22, 53).
cost(17, 23, 9).
cost(17, 24, 50).
cost(18, 1, 72).
cost(18, 2, 61).
cost(18, 3, 86).
cost(18, 4, 96).
cost(18, 5, 77).
cost(18, 6, 98).
cost(18, 7, 15).
cost(18, 8, 39).
cost(18, 9, 85).
cost(18, 10, 25).
cost(18, 11, 74).
cost(18, 12, 79).
cost(18, 13, 38).
cost(18, 14, 100).
cost(18, 15, 68).
cost(18, 16, 41).
cost(18, 17, 69).
cost(18, 19, 42).
cost(18, 20, 78).
cost(18, 21, 85).
cost(18, 22, 25).
cost(18, 23, 78).
cost(18, 24, 74).
cost(19, 1, 51).
cost(19, 2, 45).
cost(19, 3, 47).
cost(19, 4, 55).
cost(19, 5, 57).
cost(19, 6, 64).
cost(19, 7, 29).
cost(19, 8, 14).
cost(19, 9, 44).
cost(19, 10, 22).
cost(19, 11, 40).
cost(19, 12, 46).
cost(19, 13, 10).
cost(19, 14, 60).
cost(19, 15, 31).
cost(19, 16, 22).
cost(19, 17, 29).
cost(19, 18, 42).
cost(19, 20, 47).
cost(19, 21, 44).
cost(19, 22, 24).
cost(19, 23, 38).
cost(19, 24, 43).
cost(20, 1, 18).
cost(20, 2, 25).
cost(20, 3, 66).
cost(20, 4, 40).
cost(20, 5, 21).
cost(20, 6, 21).
cost(20, 7, 70).
cost(20, 8, 62).
cost(20, 9, 58).
cost(20, 10, 54).
cost(20, 11, 10).
cost(20, 12, 4).
cost(20, 13, 57).
cost(20, 14, 33).
cost(20, 15, 62).
cost(20, 16, 37).
cost(20, 17, 28).
cost(20, 18, 78).
cost(20, 19, 47).
cost(20, 21, 32).
cost(20, 22, 70).
cost(20, 23, 25).
cost(20, 24, 78).
cost(21, 1, 49).
cost(21, 2, 53).
cost(21, 3, 37).
cost(21, 4, 11).
cost(21, 5, 53).
cost(21, 6, 34).
cost(21, 7, 73).
cost(21, 8, 54).
cost(21, 9, 28).
cost(21, 10, 62).
cost(21, 11, 24).
cost(21, 12, 28).
cost(21, 13, 52).
cost(21, 14, 17).
cost(21, 15, 40).
cost(21, 16, 49).
cost(21, 17, 16).
cost(21, 18, 85).
cost(21, 19, 44).
cost(21, 20, 32).
cost(21, 22, 68).
cost(21, 23, 9).
cost(21, 24, 55).
cost(22, 1, 69).
cost(22, 2, 61).
cost(22, 3, 62).
cost(22, 4, 78).
cost(22, 5, 75).
cost(22, 6, 88).
cost(22, 7, 11).
cost(22, 8, 15).
cost(22, 9, 63).
cost(22, 10, 22).
cost(22, 11, 63).
cost(22, 12, 69).
cost(22, 13, 16).
cost(22, 14, 84).
cost(22, 15, 44).
cost(22, 16, 36).
cost(22, 17, 53).
cost(22, 18, 25).
cost(22, 19, 24).
cost(22, 20, 70).
cost(22, 21, 68).
cost(22, 23, 62).
cost(22, 24, 49).
cost(23, 1, 41).
cost(23, 2, 44).
cost(23, 3, 41).
cost(23, 4, 20).
cost(23, 5, 46).
cost(23, 6, 32).
cost(23, 7, 66).
cost(23, 8, 49).
cost(23, 9, 33).
cost(23, 10, 54).
cost(23, 11, 17).
cost(23, 12, 21).
cost(23, 13, 47).
cost(23, 14, 22).
cost(23, 15, 40).
cost(23, 16, 40).
cost(23, 17, 9).
cost(23, 18, 78).
cost(23, 19, 38).
cost(23, 20, 25).
cost(23, 21, 9).
cost(23, 22, 62).
cost(23, 24, 56).
cost(24, 1, 88).
cost(24, 2, 85).
cost(24, 3, 23).
cost(24, 4, 59).
cost(24, 5, 95).
cost(24, 6, 88).
cost(24, 7, 60).
cost(24, 8, 36).
cost(24, 9, 31).
cost(24, 10, 62).
cost(24, 11, 69).
cost(24, 12, 75).
cost(24, 13, 40).
cost(24, 14, 71).
cost(24, 15, 16).
cost(24, 16, 65).
cost(24, 17, 50).
cost(24, 18, 74).
cost(24, 19, 43).
cost(24, 20, 78).
cost(24, 21, 55).
cost(24, 22, 49).
cost(24, 23, 56).
