dimension(24).
point(1, 32.4516222314, 65.1140670606).
point(2, 62.3130854719, 90.5115252922).
point(3, 92.9904031476, 70.8966139234).
point(4, 64.5639885159, 97.6347203977).
point(5, 71.6778788325, 42.0039294853).
point(6, 66.8957151754, 31.6081326316).
point(7, 61.095960194, 23.8704280058).
point(8, 71.6214341613, 31.3377939056).
point(9, 44.4475552207, 74.3791266559).
point(10, 26.8537831469, 9.9033783515).
point(11, 92.3773742387, 98.7040788446).
point(12, 42.5086432576, 3.0790558384).
point(13, 48.0670293068, 81.9278131372).
point(14, 60.0098939968, 2.753900018).
point(15, 34.9081175287, 4.5106993898).
point(16, 18.9832577921, 52.1472297588).
point(17, 35.9316533772, 38.9442814588).
point(18, 20.7567720051, 45.1412347653).
point(19, 60.4851243695, 50.1230263296).
point(20, 26.3411724189, 0.7198788321).
point(21, 11.9188922944, 14.3642782943).
point(22, 24.6526420762, 12.9922283205).
point(23, 35.2966363506, 8.5332660374).
point(24, 73.6378699127, 56.1625057228).
cost(1, 2, 39).
cost(1, 3, 61).
cost(1, 4, 46).
cost(1, 5, 46).
cost(1, 6, 48).
cost(1, 7, 50).
cost(1, 8, 52).
cost(1, 9, 15).
cost(1, 10, 55).
cost(1, 11, 69).
cost(1, 12, 63).
cost(1, 13, 23).
cost(1, 14, 68).
cost(1, 15, 61).
cost(1, 16, 19).
cost(1, 17, 26).
cost(1, 18, 23).
cost(1, 19, 32).
cost(1, 20, 65).
cost(1, 21, 55).
cost(1, 22, 53).
cost(1, 23, 57).
cost(1, 24, 42).
cost(2, 1, 39).
cost(2, 3, 36).
cost(2, 4, 7).
cost(2, 5, 49).
cost(2, 6, 59).
cost(2, 7, 67).
cost(2, 8, 60).
cost(2, 9, 24).
cost(2, 10, 88).
cost(2, 11, 31).
cost(2, 12, 90).
cost(2, 13, 17).
cost(2, 14, 88).
cost(2, 15, 90).
cost(2, 16, 58).
cost(2, 17, 58).
cost(2, 18, 62).
cost(2, 19, 40).
cost(2, 20, 97).
cost(2, 21, 91).
cost(2, 22, 86).
cost(2, 23, 86).
cost(2, 24, 36).
cost(3, 1, 61).
cost(3, 2, 36).
cost(3, 4, 39).
cost(3, 5, 36).
cost(3, 6, 47).
cost(3, 7, 57).
cost(3, 8, 45).
cost(3, 9, 49).
cost(3, 10, 90).
cost(3, 11, 28).
cost(3, 12, 85).
cost(3, 13, 46).
cost(3, 14, 76).
cost(3, 15, 88).
cost(3, 16, 76).
cost(3, 17, 65).
cost(3, 18, 77).
cost(3, 19, 39).
cost(3, 20, 97).
cost(3, 21, 99).
cost(3, 22, 90).
cost(3, 23, 85).
cost(3, 24, 24).
cost(4, 1, 46).
cost(4, 2, 7).
cost(4, 3, 39).
cost(4, 5, 56).
cost(4, 6, 66).
cost(4, 7, 74).
cost(4, 8, 67).
cost(4, 9, 31).
cost(4, 10, 95).
cost(4, 11, 28).
cost(4, 12, 97).
cost(4, 13, 23).
cost(4, 14, 95).
cost(4, 15, 98).
cost(4, 16, 64).
cost(4, 17, 65).
cost(4, 18, 68).
cost(4, 19, 48).
cost(4, 20, 104).
cost(4, 21, 99).
cost(4, 22, 94).
cost(4, 23, 94).
cost(4, 24, 42).
cost(5, 1, 46).
cost(5, 2, 49).
cost(5, 3, 36).
cost(5, 4, 56).
cost(5, 6, 11).
cost(5, 7, 21).
cost(5, 8, 11).
cost(5, 9, 42).
cost(5, 10, 55).
cost(5, 11, 60).
cost(5, 12, 49).
cost(5, 13, 46).
cost(5, 14, 41).
cost(5, 15, 53).
cost(5, 16, 54).
cost(5, 17, 36).
cost(5, 18, 51).
cost(5, 19, 14).
cost(5, 20, 61).
cost(5, 21, 66).
cost(5, 22, 55).
cost(5, 23, 49).
cost(5, 24, 14).
cost(6, 1, 48).
cost(6, 2, 59).
cost(6, 3, 47).
cost(6, 4, 66).
cost(6, 5, 11).
cost(6, 7, 10).
cost(6, 8, 5).
cost(6, 9, 48).
cost(6, 10, 46).
cost(6, 11, 72).
cost(6, 12, 38).
cost(6, 13, 54).
cost(6, 14, 30).
cost(6, 15, 42).
cost(6, 16, 52).
cost(6, 17, 32).
cost(6, 18, 48).
cost(6, 19, 20).
cost(6, 20, 51).
cost(6, 21, 58).
cost(6, 22, 46).
cost(6, 23, 39).
cost(6, 24, 25).
cost(7, 1, 50).
cost(7, 2, 67).
cost(7, 3, 57).
cost(7, 4, 74).
cost(7, 5, 21).
cost(7, 6, 10).
cost(7, 8, 13).
cost(7, 9, 53).
cost(7, 10, 37).
cost(7, 11, 81).
cost(7, 12, 28).
cost(7, 13, 60).
cost(7, 14, 21).
cost(7, 15, 33).
cost(7, 16, 51).
cost(7, 17, 29).
cost(7, 18, 46).
cost(7, 19, 26).
cost(7, 20, 42).
cost(7, 21, 50).
cost(7, 22, 38).
cost(7, 23, 30).
cost(7, 24, 35).
cost(8, 1, 52).
cost(8, 2, 60).
cost(8, 3, 45).
cost(8, 4, 67).
cost(8, 5, 11).
cost(8, 6, 5).
cost(8, 7, 13).
cost(8, 9, 51).
cost(8, 10, 50).
cost(8, 11, 70).
cost(8, 12, 41).
cost(8, 13, 56).
cost(8, 14, 31).
cost(8, 15, 45).
cost(8, 16, 57).
cost(8, 17, 36).
cost(8, 18, 53).
cost(8, 19, 22).
cost(8, 20, 55).
cost(8, 21, 62).
cost(8, 22, 50).
cost(8, 23, 43).
cost(8, 24, 25).
cost(9, 1, 15).
cost(9, 2, 24).
cost(9, 3, 49).
cost(9, 4, 31).
cost(9, 5, 42).
cost(9, 6, 48).
cost(9, 7, 53).
cost(9, 8, 51).
cost(9, 10, 67).
cost(9, 11, 54).
cost(9, 12, 71).
cost(9, 13, 8).
cost(9, 14, 73).
cost(9, 15, 71).
cost(9, 16, 34).
cost(9, 17, 36).
cost(9, 18, 38).
cost(9, 19, 29).
cost(9, 20, 76).
cost(9, 21, 68).
cost(9, 22, 64).
cost(9, 23, 66).
cost(9, 24, 34).
cost(10, 1, 55).
cost(10, 2, 88).
cost(10, 3, 90).
cost(10, 4, 95).
cost(10, 5, 55).
cost(10, 6, 46).
cost(10, 7, 37).
cost(10, 8, 50).
cost(10, 9, 67).
cost(10, 11, 110).
cost(10, 12, 17).
cost(10, 13, 75).
cost(10, 14, 34).
cost(10, 15, 10).
cost(10, 16, 43).
cost(10, 17, 30).
cost(10, 18, 36).
cost(10, 19, 52).
cost(10, 20, 9).
cost(10, 21, 16).
cost(10, 22, 4).
cost(10, 23, 9).
cost(10, 24, 66).
cost(11, 1, 69).
cost(11, 2, 31).
cost(11, 3, 28).
cost(11, 4, 28).
cost(11, 5, 60).
cost(11, 6, 72).
cost(11, 7, 81).
cost(11, 8, 70).
cost(11, 9, 54).
cost(11, 10, 110).
cost(11, 12, 108).
cost(11, 13, 47).
cost(11, 14, 101).
cost(11, 15, 110).
cost(11, 16, 87).
cost(11, 17, 82).
cost(11, 18, 89).
cost(11, 19, 58).
cost(11, 20, 118).
cost(11, 21, 117).
cost(11, 22, 109).
cost(11, 23, 107).
cost(11, 24, 46).
cost(12, 1, 63).
cost(12, 2, 90).
cost(12, 3, 85).
cost(12, 4, 97).
cost(12, 5, 49).
cost(12, 6, 38).
cost(12, 7, 28).
cost(12, 8, 41).
cost(12, 9, 71).
cost(12, 10, 17).
cost(12, 11, 108).
cost(12, 13, 79).
cost(12, 14, 18).
cost(12, 15, 8).
cost(12, 16, 54).
cost(12, 17, 36).
cost(12, 18, 47).
cost(12, 19, 50).
cost(12, 20, 16).
cost(12, 21, 33).
cost(12, 22, 20).
cost(12, 23, 9).
cost(12, 24, 62).
cost(13, 1, 23).
cost(13, 2, 17).
cost(13, 3, 46).
cost(13, 4, 23).
cost(13, 5, 46).
cost(13, 6, 54).
cost(13, 7, 60).
cost(13, 8, 56).
cost(13, 9, 8).
cost(13, 10, 75).
cost(13, 11, 47).
cost(13, 12, 79).
cost(13, 14, 80).
cost(13, 15, 79).
cost(13, 16, 42).
cost(13, 17, 45).
cost(13, 18, 46).
cost(13, 19, 34).
cost(13, 20, 84).
cost(13, 21, 77).
cost(13, 22, 73).
cost(13, 23, 74).
cost(13, 24, 36).
cost(14, 1, 68).
cost(14, 2, 88).
cost(14, 3, 76).
cost(14, 4, 95).
cost(14, 5, 41).
cost(14, 6, 30).
cost(14, 7, 21).
cost(14, 8, 31).
cost(14, 9, 73).
cost(14, 10, 34).
cost(14, 11, 101).
cost(14, 12, 18).
cost(14, 13, 80).
cost(14, 15, 25).
cost(14, 16, 64).
cost(14, 17, 43).
cost(14, 18, 58).
cost(14, 19, 47).
cost(14, 20, 34).
cost(14, 21, 49).
cost(14, 22, 37).
cost(14, 23, 25).
cost(14, 24, 55).
cost(15, 1, 61).
cost(15, 2, 90).
cost(15, 3, 88).
cost(15, 4, 98).
cost(15, 5, 53).
cost(15, 6, 42).
cost(15, 7, 33).
cost(15, 8, 45).
cost(15, 9, 71).
cost(15, 10, 10).
cost(15, 11, 110).
cost(15, 12, 8).
cost(15, 13, 79).
cost(15, 14, 25).
cost(15, 16, 50).
cost(15, 17, 34).
cost(15, 18, 43).
cost(15, 19, 52).
cost(15, 20, 9).
cost(15, 21, 25).
cost(15, 22, 13).
cost(15, 23, 4).
cost(15, 24, 65).
cost(16, 1, 19).
cost(16, 2, 58).
cost(16, 3, 76).
cost(16, 4, 64).
cost(16, 5, 54).
cost(16, 6, 52).
cost(16, 7, 51).
cost(16, 8, 57).
cost(16, 9, 34).
cost(16, 10, 43).
cost(16, 11, 87).
cost(16, 12, 54).
cost(16, 13, 42).
cost(16, 14, 64).
cost(16, 15, 50).
cost(16, 17, 21).
cost(16, 18, 7).
cost(16, 19, 42).
cost(16, 20, 52).
cost(16, 21, 38).
cost(16, 22, 40).
cost(16, 23, 47).
cost(16, 24, 55).
cost(17, 1, 26).
cost(17, 2, 58).
cost(17, 3, 65).
cost(17, 4, 65).
cost(17, 5, 36).
cost(17, 6, 32).
cost(17, 7, 29).
cost(17, 8, 36).
cost(17, 9, 36).
cost(17, 10, 30).
cost(17, 11, 82).
cost(17, 12, 36).
cost(17, 13, 45).
cost(17, 14, 43).
cost(17, 15, 34).
cost(17, 16, 21).
cost(17, 18, 16).
cost(17, 19, 27).
cost(17, 20, 39).
cost(17, 21, 34).
cost(17, 22, 28).
cost(17, 23, 30).
cost(17, 24, 41).
cost(18, 1, 23).
cost(18, 2, 62).
cost(18, 3, 77).
cost(18, 4, 68).
cost(18, 5, 51).
cost(18, 6, 48).
cost(18, 7, 46).
cost(18, 8, 53).
cost(18, 9, 38).
cost(18, 10, 36).
cost(18, 11, 89).
cost(18, 12, 47).
cost(18, 13, 46).
cost(18, 14, 58).
cost(18, 15, 43).
cost(18, 16, 7).
cost(18, 17, 16).
cost(18, 19, 40).
cost(18, 20, 45).
cost(18, 21, 32).
cost(18, 22, 32).
cost(18, 23, 39).
cost(18, 24, 54).
cost(19, 1, 32).
cost(19, 2, 40).
cost(19, 3, 39).
cost(19, 4, 48).
cost(19, 5, 14).
cost(19, 6, 20).
cost(19, 7, 26).
cost(19, 8, 22).
cost(19, 9, 29).
cost(19, 10, 52).
cost(19, 11, 58).
cost(19, 12, 50).
cost(19, 13, 34).
cost(19, 14, 47).
cost(19, 15, 52).
cost(19, 16, 42).
cost(19, 17, 27).
cost(19, 18, 40).
cost(19, 20, 60).
cost(19, 21, 60).
cost(19, 22, 52).
cost(19, 23, 49).
cost(19, 24, 14).
cost(20, 1, 65).
cost(20, 2, 97).
cost(20, 3, 97).
cost(20, 4, 104).
cost(20, 5, 61).
cost(20, 6, 51).
cost(20, 7, 42).
cost(20, 8, 55).
cost(20, 9, 76).
cost(20, 10, 9).
cost(20, 11, 118).
cost(20, 12, 16).
cost(20, 13, 84).
cost(20, 14, 34).
cost(20, 15, 9).
cost(20, 16, 52).
cost(20, 17, 39).
cost(20, 18, 45).
cost(20, 19, 60).
cost(20, 21, 20).
cost(20, 22, 12).
cost(20, 23, 12).
cost(20, 24, 73).
cost(21, 1, 55).
cost(21, 2, 91).
cost(21, 3, 99).
cost(21, 4, 99).
cost(21, 5, 66).
cost(21, 6, 58).
cost(21, 7, 50).
cost(21, 8, 62).
cost(21, 9, 68).
cost(21, 10, 16).
cost(21, 11, 117).
cost(21, 12, 33).
cost(21, 13, 77).
cost(21, 14, 49).
cost(21, 15, 25).
cost(21, 16, 38).
cost(21, 17, 34).
cost(21, 18, 32).
cost(21, 19, 60).
cost(21, 20, 20).
cost(21, 22, 13).
cost(21, 23, 24).
cost(21, 24, 75).
cost(22, 1, 53).
cost(22, 2, 86).
cost(22, 3, 90).
cost(22, 4, 94).
cost(22, 5, 55).
cost(22, 6, 46).
cost(22, 7, 38).
cost(22, 8, 50).
cost(22, 9, 64).
cost(22, 10, 4).
cost(22, 11, 109).
cost(22, 12, 20).
cost(22, 13, 73).
cost(22, 14, 37).
cost(22, 15, 13).
cost(22, 16, 40).
cost(22, 17, 28).
cost(22, 18, 32).
cost(22, 19, 52).
cost(22, 20, 12).
cost(22, 21, 13).
cost(22, 23, 12).
cost(22, 24, 65).
cost(23, 1, 57).
cost(23, 2, 86).
cost(23, 3, 85).
cost(23, 4, 94).
cost(23, 5, 49).
cost(23, 6, 39).
cost(23, 7, 30).
cost(23, 8, 43).
cost(23, 9, 66).
cost(23, 10, 9).
cost(23, 11, 107).
cost(23, 12, 9).
cost(23, 13, 74).
cost(23, 14, 25).
cost(23, 15, 4).
cost(23, 16, 47).
cost(23, 17, 30).
cost(23, 18, 39).
cost(23, 19, 49).
cost(23, 20, 12).
cost(23, 21, 24).
cost(23, 22, 12).
cost(23, 24, 61).
cost(24, 1, 42).
cost(24, 2, 36).
cost(24, 3, 24).
cost(24, 4, 42).
cost(24, 5, 14).
cost(24, 6, 25).
cost(24, 7, 35).
cost(24, 8, 25).
cost(24, 9, 34).
cost(24, 10, 66).
cost(24, 11, 46).
cost(24, 12, 62).
cost(24, 13, 36).
cost(24, 14, 55).
cost(24, 15, 65).
cost(24, 16, 55).
cost(24, 17, 41).
cost(24, 18, 54).
cost(24, 19, 14).
cost(24, 20, 73).
cost(24, 21, 75).
cost(24, 22, 65).
cost(24, 23, 61).
