dimension(24).
point(1, 30.430769666, 21.4174517904).
point(2, 25.4248017416, 67.778157847).
point(3, 57.2296363703, 36.4407645986).
point(4, 49.9260333434, 62.5502598886).
point(5, 55.8626961495, 65.7606600041).
point(6, 91.3295428265, 45.329911578).
point(7, 29.1569220292, 30.1124870768).
point(8, 74.5695143513, 42.3122582825).
point(9, 82.527754907, 58.2437681113).
point(10, 24.4499131768, 14.0491788826).
point(11, 71.163277774, 89.6359448178).
point(12, 35.4408061421, 21.0158317972).
point(13, 64.5808526376, 73.1980837683).
point(14, 70.307835829, 63.6086959046).
point(15, 36.0308002821, 70.9792227045).
point(16, 93.6081911536, 92.3683021108).
point(17, 28.0412049372, 55.5165665986).
point(18, 4.2466406061, 29.0208592736).
point(19, 44.1063067346, 43.6863656914).
point(20, 8.3046299162, 18.6181685298).
point(21, 8.1977252163, 8.6033437791).
point(22, 41.2824445231, 9.601344921).
point(23, 72.083653958, 46.5599939693).
point(24, 26.0624471225, 50.2519213265).
cost(1, 2, 47).
cost(1, 3, 31).
cost(1, 4, 46).
cost(1, 5, 51).
cost(1, 6, 65).
cost(1, 7, 9).
cost(1, 8, 49).
cost(1, 9, 64).
cost(1, 10, 9).
cost(1, 11, 79).
cost(1, 12, 5).
cost(1, 13, 62).
cost(1, 14, 58).
cost(1, 15, 50).
cost(1, 16, 95).
cost(1, 17, 34).
cost(1, 18, 27).
cost(1, 19, 26).
cost(1, 20, 22).
cost(1, 21, 26).
cost(1, 22, 16).
cost(1, 23, 49).
cost(1, 24, 29).
cost(2, 1, 47).
cost(2, 3, 45).
cost(2, 4, 25).
cost(2, 5, 31).
cost(2, 6, 70).
cost(2, 7, 38).
cost(2, 8, 55).
cost(2, 9, 58).
cost(2, 10, 54).
cost(2, 11, 51).
cost(2, 12, 48).
cost(2, 13, 40).
cost(2, 14, 45).
cost(2, 15, 11).
cost(2, 16, 72).
cost(2, 17, 13).
cost(2, 18, 44).
cost(2, 19, 30).
cost(2, 20, 52).
cost(2, 21, 62).
cost(2, 22, 60).
cost(2, 23, 51).
cost(2, 24, 18).
cost(3, 1, 31).
cost(3, 2, 45).
cost(3, 4, 27).
cost(3, 5, 29).
cost(3, 6, 35).
cost(3, 7, 29).
cost(3, 8, 18).
cost(3, 9, 33).
cost(3, 10, 40).
cost(3, 11, 55).
cost(3, 12, 27).
cost(3, 13, 37).
cost(3, 14, 30).
cost(3, 15, 41).
cost(3, 16, 67).
cost(3, 17, 35).
cost(3, 18, 54).
cost(3, 19, 15).
cost(3, 20, 52).
cost(3, 21, 56).
cost(3, 22, 31).
cost(3, 23, 18).
cost(3, 24, 34).
cost(4, 1, 46).
cost(4, 2, 25).
cost(4, 3, 27).
cost(4, 5, 7).
cost(4, 6, 45).
cost(4, 7, 39).
cost(4, 8, 32).
cost(4, 9, 33).
cost(4, 10, 55).
cost(4, 11, 34).
cost(4, 12, 44).
cost(4, 13, 18).
cost(4, 14, 20).
cost(4, 15, 16).
cost(4, 16, 53).
cost(4, 17, 23).
cost(4, 18, 57).
cost(4, 19, 20).
cost(4, 20, 61).
cost(4, 21, 68).
cost(4, 22, 54).
cost(4, 23, 27).
cost(4, 24, 27).
cost(5, 1, 51).
cost(5, 2, 31).
cost(5, 3, 29).
cost(5, 4, 7).
cost(5, 6, 41).
cost(5, 7, 45).
cost(5, 8, 30).
cost(5, 9, 28).
cost(5, 10, 61).
cost(5, 11, 28).
cost(5, 12, 49).
cost(5, 13, 11).
cost(5, 14, 15).
cost(5, 15, 21).
cost(5, 16, 46).
cost(5, 17, 30).
cost(5, 18, 63).
cost(5, 19, 25).
cost(5, 20, 67).
cost(5, 21, 74).
cost(5, 22, 58).
cost(5, 23, 25).
cost(5, 24, 34).
cost(6, 1, 65).
cost(6, 2, 70).
cost(6, 3, 35).
cost(6, 4, 45).
cost(6, 5, 41).
cost(6, 7, 64).
cost(6, 8, 17).
cost(6, 9, 16).
cost(6, 10, 74).
cost(6, 11, 49).
cost(6, 12, 61).
cost(6, 13, 39).
cost(6, 14, 28).
cost(6, 15, 61).
cost(6, 16, 47).
cost(6, 17, 64).
cost(6, 18, 89).
cost(6, 19, 47).
cost(6, 20, 87).
cost(6, 21, 91).
cost(6, 22, 61).
cost(6, 23, 19).
cost(6, 24, 65).
cost(7, 1, 9).
cost(7, 2, 38).
cost(7, 3, 29).
cost(7, 4, 39).
cost(7, 5, 45).
cost(7, 6, 64).
cost(7, 8, 47).
cost(7, 9, 60).
cost(7, 10, 17).
cost(7, 11, 73).
cost(7, 12, 11).
cost(7, 13, 56).
cost(7, 14, 53).
cost(7, 15, 41).
cost(7, 16, 90).
cost(7, 17, 25).
cost(7, 18, 25).
cost(7, 19, 20).
cost(7, 20, 24).
cost(7, 21, 30).
cost(7, 22, 24).
cost(7, 23, 46).
cost(7, 24, 20).
cost(8, 1, 49).
cost(8, 2, 55).
cost(8, 3, 18).
cost(8, 4, 32).
cost(8, 5, 30).
cost(8, 6, 17).
cost(8, 7, 47).
cost(8, 9, 18).
cost(8, 10, 58).
cost(8, 11, 47).
cost(8, 12, 45).
cost(8, 13, 32).
cost(8, 14, 22).
cost(8, 15, 48).
cost(8, 16, 54).
cost(8, 17, 48).
cost(8, 18, 72).
cost(8, 19, 30).
cost(8, 20, 70).
cost(8, 21, 74).
cost(8, 22, 47).
cost(8, 23, 5).
cost(8, 24, 49).
cost(9, 1, 64).
cost(9, 2, 58).
cost(9, 3, 33).
cost(9, 4, 33).
cost(9, 5, 28).
cost(9, 6, 16).
cost(9, 7, 60).
cost(9, 8, 18).
cost(9, 10, 73).
cost(9, 11, 33).
cost(9, 12, 60).
cost(9, 13, 23).
cost(9, 14, 13).
cost(9, 15, 48).
cost(9, 16, 36).
cost(9, 17, 55).
cost(9, 18, 84).
cost(9, 19, 41).
cost(9, 20, 84).
cost(9, 21, 89).
cost(9, 22, 64).
cost(9, 23, 16).
cost(9, 24, 57).
cost(10, 1, 9).
cost(10, 2, 54).
cost(10, 3, 40).
cost(10, 4, 55).
cost(10, 5, 61).
cost(10, 6, 74).
cost(10, 7, 17).
cost(10, 8, 58).
cost(10, 9, 73).
cost(10, 11, 89).
cost(10, 12, 13).
cost(10, 13, 71).
cost(10, 14, 68).
cost(10, 15, 58).
cost(10, 16, 104).
cost(10, 17, 42).
cost(10, 18, 25).
cost(10, 19, 36).
cost(10, 20, 17).
cost(10, 21, 17).
cost(10, 22, 17).
cost(10, 23, 58).
cost(10, 24, 36).
cost(11, 1, 79).
cost(11, 2, 51).
cost(11, 3, 55).
cost(11, 4, 34).
cost(11, 5, 28).
cost(11, 6, 49).
cost(11, 7, 73).
cost(11, 8, 47).
cost(11, 9, 33).
cost(11, 10, 89).
cost(11, 12, 77).
cost(11, 13, 18).
cost(11, 14, 26).
cost(11, 15, 40).
cost(11, 16, 23).
cost(11, 17, 55).
cost(11, 18, 90).
cost(11, 19, 53).
cost(11, 20, 95).
cost(11, 21, 103).
cost(11, 22, 85).
cost(11, 23, 43).
cost(11, 24, 60).
cost(12, 1, 5).
cost(12, 2, 48).
cost(12, 3, 27).
cost(12, 4, 44).
cost(12, 5, 49).
cost(12, 6, 61).
cost(12, 7, 11).
cost(12, 8, 45).
cost(12, 9, 60).
cost(12, 10, 13).
cost(12, 11, 77).
cost(12, 13, 60).
cost(12, 14, 55).
cost(12, 15, 50).
cost(12, 16, 92).
cost(12, 17, 35).
cost(12, 18, 32).
cost(12, 19, 24).
cost(12, 20, 27).
cost(12, 21, 30).
cost(12, 22, 13).
cost(12, 23, 45).
cost(12, 24, 31).
cost(13, 1, 62).
cost(13, 2, 40).
cost(13, 3, 37).
cost(13, 4, 18).
cost(13, 5, 11).
cost(13, 6, 39).
cost(13, 7, 56).
cost(13, 8, 32).
cost(13, 9, 23).
cost(13, 10, 71).
cost(13, 11, 18).
cost(13, 12, 60).
cost(13, 14, 11).
cost(13, 15, 29).
cost(13, 16, 35).
cost(13, 17, 41).
cost(13, 18, 75).
cost(13, 19, 36).
cost(13, 20, 78).
cost(13, 21, 86).
cost(13, 22, 68).
cost(13, 23, 28).
cost(13, 24, 45).
cost(14, 1, 58).
cost(14, 2, 45).
cost(14, 3, 30).
cost(14, 4, 20).
cost(14, 5, 15).
cost(14, 6, 28).
cost(14, 7, 53).
cost(14, 8, 22).
cost(14, 9, 13).
cost(14, 10, 68).
cost(14, 11, 26).
cost(14, 12, 55).
cost(14, 13, 11).
cost(14, 15, 35).
cost(14, 16, 37).
cost(14, 17, 43).
cost(14, 18, 75).
cost(14, 19, 33).
cost(14, 20, 77).
cost(14, 21, 83).
cost(14, 22, 61).
cost(14, 23, 17).
cost(14, 24, 46).
cost(15, 1, 50).
cost(15, 2, 11).
cost(15, 3, 41).
cost(15, 4, 16).
cost(15, 5, 21).
cost(15, 6, 61).
cost(15, 7, 41).
cost(15, 8, 48).
cost(15, 9, 48).
cost(15, 10, 58).
cost(15, 11, 40).
cost(15, 12, 50).
cost(15, 13, 29).
cost(15, 14, 35).
cost(15, 16, 61).
cost(15, 17, 17).
cost(15, 18, 53).
cost(15, 19, 28).
cost(15, 20, 59).
cost(15, 21, 68).
cost(15, 22, 62).
cost(15, 23, 44).
cost(15, 24, 23).
cost(16, 1, 95).
cost(16, 2, 72).
cost(16, 3, 67).
cost(16, 4, 53).
cost(16, 5, 46).
cost(16, 6, 47).
cost(16, 7, 90).
cost(16, 8, 54).
cost(16, 9, 36).
cost(16, 10, 104).
cost(16, 11, 23).
cost(16, 12, 92).
cost(16, 13, 35).
cost(16, 14, 37).
cost(16, 15, 61).
cost(16, 17, 75).
cost(16, 18, 110).
cost(16, 19, 69).
cost(16, 20, 113).
cost(16, 21, 120).
cost(16, 22, 98).
cost(16, 23, 51).
cost(16, 24, 80).
cost(17, 1, 34).
cost(17, 2, 13).
cost(17, 3, 35).
cost(17, 4, 23).
cost(17, 5, 30).
cost(17, 6, 64).
cost(17, 7, 25).
cost(17, 8, 48).
cost(17, 9, 55).
cost(17, 10, 42).
cost(17, 11, 55).
cost(17, 12, 35).
cost(17, 13, 41).
cost(17, 14, 43).
cost(17, 15, 17).
cost(17, 16, 75).
cost(17, 18, 36).
cost(17, 19, 20).
cost(17, 20, 42).
cost(17, 21, 51).
cost(17, 22, 48).
cost(17, 23, 45).
cost(17, 24, 6).
cost(18, 1, 27).
cost(18, 2, 44).
cost(18, 3, 54).
cost(18, 4, 57).
cost(18, 5, 63).
cost(18, 6, 89).
cost(18, 7, 25).
cost(18, 8, 72).
cost(18, 9, 84).
cost(18, 10, 25).
cost(18, 11, 90).
cost(18, 12, 32).
cost(18, 13, 75).
cost(18, 14, 75).
cost(18, 15, 53).
cost(18, 16, 110).
cost(18, 17, 36).
cost(18, 19, 42).
cost(18, 20, 11).
cost(18, 21, 21).
cost(18, 22, 42).
cost(18, 23, 70).
cost(18, 24, 30).
cost(19, 1, 26).
cost(19, 2, 30).
cost(19, 3, 15).
cost(19, 4, 20).
cost(19, 5, 25).
cost(19, 6, 47).
cost(19, 7, 20).
cost(19, 8, 30).
cost(19, 9, 41).
cost(19, 10, 36).
cost(19, 11, 53).
cost(19, 12, 24).
cost(19, 13, 36).
cost(19, 14, 33).
cost(19, 15, 28).
cost(19, 16, 69).
cost(19, 17, 20).
cost(19, 18, 42).
cost(19, 20, 44).
cost(19, 21, 50).
cost(19, 22, 34).
cost(19, 23, 28).
cost(19, 24, 19).
cost(20, 1, 22).
cost(20, 2, 52).
cost(20, 3, 52).
cost(20, 4, 61).
cost(20, 5, 67).
cost(20, 6, 87).
cost(20, 7, 24).
cost(20, 8, 70).
cost(20, 9, 84).
cost(20, 10, 17).
cost(20, 11, 95).
cost(20, 12, 27).
cost(20, 13, 78).
cost(20, 14, 77).
cost(20, 15, 59).
cost(20, 16, 113).
cost(20, 17, 42).
cost(20, 18, 11).
cost(20, 19, 44).
cost(20, 21, 10).
cost(20, 22, 34).
cost(20, 23, 70).
cost(20, 24, 36).
cost(21, 1, 26).
cost(21, 2, 62).
cost(21, 3, 56).
cost(21, 4, 68).
cost(21, 5, 74).
cost(21, 6, 91).
cost(21, 7, 30).
cost(21, 8, 74).
cost(21, 9, 89).
cost(21, 10, 17).
cost(21, 11, 103).
cost(21, 12, 30).
cost(21, 13, 86).
cost(21, 14, 83).
cost(21, 15, 68).
cost(21, 16, 120).
cost(21, 17, 51).
cost(21, 18, 21).
cost(21, 19, 50).
cost(21, 20, 10).
cost(21, 22, 33).
cost(21, 23, 74).
cost(21, 24, 45).
cost(22, 1, 16).
cost(22, 2, 60).
cost(22, 3, 31).
cost(22, 4, 54).
cost(22, 5, 58).
cost(22, 6, 61).
cost(22, 7, 24).
cost(22, 8, 47).
cost(22, 9, 64).
cost(22, 10, 17).
cost(22, 11, 85).
cost(22, 12, 13).
cost(22, 13, 68).
cost(22, 14, 61).
cost(22, 15, 62).
cost(22, 16, 98).
cost(22, 17, 48).
cost(22, 18, 42).
cost(22, 19, 34).
cost(22, 20, 34).
cost(22, 21, 33).
cost(22, 23, 48).
cost(22, 24, 43).
cost(23, 1, 49).
cost(23, 2, 51).
cost(23, 3, 18).
cost(23, 4, 27).
cost(23, 5, 25).
cost(23, 6, 19).
cost(23, 7, 46).
cost(23, 8, 5).
cost(23, 9, 16).
cost(23, 10, 58).
cost(23, 11, 43).
cost(23, 12, 45).
cost(23, 13, 28).
cost(23, 14, 17).
cost(23, 15, 44).
cost(23, 16, 51).
cost(23, 17, 45).
cost(23, 18, 70).
cost(23, 19, 28).
cost(23, 20, 70).
cost(23, 21, 74).
cost(23, 22, 48).
cost(23, 24, 46).
cost(24, 1, 29).
cost(24, 2, 18).
cost(24, 3, 34).
cost(24, 4, 27).
cost(24, 5, 34).
cost(24, 6, 65).
cost(24, 7, 20).
cost(24, 8, 49).
cost(24, 9, 57).
cost(24, 10, 36).
cost(24, 11, 60).
cost(24, 12, 31).
cost(24, 13, 45).
cost(24, 14, 46).
cost(24, 15, 23).
cost(24, 16, 80).
cost(24, 17, 6).
cost(24, 18, 30).
cost(24, 19, 19).
cost(24, 20, 36).
cost(24, 21, 45).
cost(24, 22, 43).
cost(24, 23, 46).
