dimension(24).
point(1, 76.5503832631, 29.6900937159).
point(2, 15.4272056469, 82.2274677349).
point(3, 67.5898438186, 51.464385614).
point(4, 11.7599096562, 81.6452805395).
point(5, 95.5679583739, 74.2141364763).
point(6, 78.7172757882, 50.3284478223).
point(7, 5.7726006008, 92.0862067989).
point(8, 18.0655156786, 60.100955343).
point(9, 98.2061479643, 75.5860104293).
point(10, 88.3640354318, 85.1629480327).
point(11, 42.3032490047, 87.9894548503).
point(12, 79.44182896, 26.2565374307).
point(13, 13.7990995133, 19.4121015632).
point(14, 59.666308763, 59.7734117412).
point(15, 26.3942092303, 29.4447252842).
point(16, 4.1797564791, 63.8248896875).
point(17, 31.077849123, 77.6332361064).
point(18, 15.0781176386, 97.8032335131).
point(19, 51.2712950247, 50.941565547).
point(20, 49.1695757941, 7.3130261745).
point(21, 10.1963426169, 14.4914863926).
point(22, 56.4543485667, 58.5857595203).
point(23, 70.644132713, 21.9343497825).
point(24, 92.9850751953, 77.1495519076).
cost(1, 2, 81).
cost(1, 3, 24).
cost(1, 4, 83).
cost(1, 5, 48).
cost(1, 6, 21).
cost(1, 7, 94).
cost(1, 8, 66).
cost(1, 9, 51).
cost(1, 10, 57).
cost(1, 11, 68).
cost(1, 12, 4).
cost(1, 13, 64).
cost(1, 14, 34).
cost(1, 15, 50).
cost(1, 16, 80).
cost(1, 17, 66).
cost(1, 18, 92).
cost(1, 19, 33).
cost(1, 20, 35).
cost(1, 21, 68).
cost(1, 22, 35).
cost(1, 23, 10).
cost(1, 24, 50).
cost(2, 1, 81).
cost(2, 3, 61).
cost(2, 4, 4).
cost(2, 5, 81).
cost(2, 6, 71).
cost(2, 7, 14).
cost(2, 8, 22).
cost(2, 9, 83).
cost(2, 10, 73).
cost(2, 11, 27).
cost(2, 12, 85).
cost(2, 13, 63).
cost(2, 14, 50).
cost(2, 15, 54).
cost(2, 16, 22).
cost(2, 17, 16).
cost(2, 18, 16).
cost(2, 19, 48).
cost(2, 20, 82).
cost(2, 21, 68).
cost(2, 22, 47).
cost(2, 23, 82).
cost(2, 24, 78).
cost(3, 1, 24).
cost(3, 2, 61).
cost(3, 4, 63).
cost(3, 5, 36).
cost(3, 6, 11).
cost(3, 7, 74).
cost(3, 8, 50).
cost(3, 9, 39).
cost(3, 10, 40).
cost(3, 11, 44).
cost(3, 12, 28).
cost(3, 13, 63).
cost(3, 14, 11).
cost(3, 15, 47).
cost(3, 16, 65).
cost(3, 17, 45).
cost(3, 18, 70).
cost(3, 19, 16).
cost(3, 20, 48).
cost(3, 21, 68).
cost(3, 22, 13).
cost(3, 23, 30).
cost(3, 24, 36).
cost(4, 1, 83).
cost(4, 2, 4).
cost(4, 3, 63).
cost(4, 5, 84).
cost(4, 6, 74).
cost(4, 7, 12).
cost(4, 8, 22).
cost(4, 9, 87).
cost(4, 10, 77).
cost(4, 11, 31).
cost(4, 12, 87).
cost(4, 13, 62).
cost(4, 14, 53).
cost(4, 15, 54).
cost(4, 16, 19).
cost(4, 17, 20).
cost(4, 18, 16).
cost(4, 19, 50).
cost(4, 20, 83).
cost(4, 21, 67).
cost(4, 22, 50).
cost(4, 23, 84).
cost(4, 24, 81).
cost(5, 1, 48).
cost(5, 2, 81).
cost(5, 3, 36).
cost(5, 4, 84).
cost(5, 6, 29).
cost(5, 7, 92).
cost(5, 8, 79).
cost(5, 9, 3).
cost(5, 10, 13).
cost(5, 11, 55).
cost(5, 12, 51).
cost(5, 13, 98).
cost(5, 14, 39).
cost(5, 15, 82).
cost(5, 16, 92).
cost(5, 17, 65).
cost(5, 18, 84).
cost(5, 19, 50).
cost(5, 20, 81).
cost(5, 21, 104).
cost(5, 22, 42).
cost(5, 23, 58).
cost(5, 24, 4).
cost(6, 1, 21).
cost(6, 2, 71).
cost(6, 3, 11).
cost(6, 4, 74).
cost(6, 5, 29).
cost(6, 7, 84).
cost(6, 8, 61).
cost(6, 9, 32).
cost(6, 10, 36).
cost(6, 11, 52).
cost(6, 12, 24).
cost(6, 13, 72).
cost(6, 14, 21).
cost(6, 15, 56).
cost(6, 16, 76).
cost(6, 17, 55).
cost(6, 18, 79).
cost(6, 19, 27).
cost(6, 20, 52).
cost(6, 21, 77).
cost(6, 22, 24).
cost(6, 23, 30).
cost(6, 24, 30).
cost(7, 1, 94).
cost(7, 2, 14).
cost(7, 3, 74).
cost(7, 4, 12).
cost(7, 5, 92).
cost(7, 6, 84).
cost(7, 8, 34).
cost(7, 9, 94).
cost(7, 10, 83).
cost(7, 11, 37).
cost(7, 12, 99).
cost(7, 13, 73).
cost(7, 14, 63).
cost(7, 15, 66).
cost(7, 16, 28).
cost(7, 17, 29).
cost(7, 18, 11).
cost(7, 19, 61).
cost(7, 20, 95).
cost(7, 21, 78).
cost(7, 22, 61).
cost(7, 23, 96).
cost(7, 24, 88).
cost(8, 1, 66).
cost(8, 2, 22).
cost(8, 3, 50).
cost(8, 4, 22).
cost(8, 5, 79).
cost(8, 6, 61).
cost(8, 7, 34).
cost(8, 9, 82).
cost(8, 10, 75).
cost(8, 11, 37).
cost(8, 12, 70).
cost(8, 13, 41).
cost(8, 14, 42).
cost(8, 15, 32).
cost(8, 16, 14).
cost(8, 17, 22).
cost(8, 18, 38).
cost(8, 19, 34).
cost(8, 20, 61).
cost(8, 21, 46).
cost(8, 22, 38).
cost(8, 23, 65).
cost(8, 24, 77).
cost(9, 1, 51).
cost(9, 2, 83).
cost(9, 3, 39).
cost(9, 4, 87).
cost(9, 5, 3).
cost(9, 6, 32).
cost(9, 7, 94).
cost(9, 8, 82).
cost(9, 10, 14).
cost(9, 11, 57).
cost(9, 12, 53).
cost(9, 13, 101).
cost(9, 14, 42).
cost(9, 15, 85).
cost(9, 16, 95).
cost(9, 17, 67).
cost(9, 18, 86).
cost(9, 19, 53).
cost(9, 20, 84).
cost(9, 21, 107).
cost(9, 22, 45).
cost(9, 23, 60).
cost(9, 24, 5).
cost(10, 1, 57).
cost(10, 2, 73).
cost(10, 3, 40).
cost(10, 4, 77).
cost(10, 5, 13).
cost(10, 6, 36).
cost(10, 7, 83).
cost(10, 8, 75).
cost(10, 9, 14).
cost(10, 11, 46).
cost(10, 12, 60).
cost(10, 13, 99).
cost(10, 14, 38).
cost(10, 15, 83).
cost(10, 16, 87).
cost(10, 17, 58).
cost(10, 18, 74).
cost(10, 19, 50).
cost(10, 20, 87).
cost(10, 21, 105).
cost(10, 22, 42).
cost(10, 23, 66).
cost(10, 24, 9).
cost(11, 1, 68).
cost(11, 2, 27).
cost(11, 3, 44).
cost(11, 4, 31).
cost(11, 5, 55).
cost(11, 6, 52).
cost(11, 7, 37).
cost(11, 8, 37).
cost(11, 9, 57).
cost(11, 10, 46).
cost(11, 12, 72).
cost(11, 13, 74).
cost(11, 14, 33).
cost(11, 15, 61).
cost(11, 16, 45).
cost(11, 17, 15).
cost(11, 18, 29).
cost(11, 19, 38).
cost(11, 20, 81).
cost(11, 21, 80).
cost(11, 22, 33).
cost(11, 23, 72).
cost(11, 24, 52).
cost(12, 1, 4).
cost(12, 2, 85).
cost(12, 3, 28).
cost(12, 4, 87).
cost(12, 5, 51).
cost(12, 6, 24).
cost(12, 7, 99).
cost(12, 8, 70).
cost(12, 9, 53).
cost(12, 10, 60).
cost(12, 11, 72).
cost(12, 13, 66).
cost(12, 14, 39).
cost(12, 15, 53).
cost(12, 16, 84).
cost(12, 17, 71).
cost(12, 18, 96).
cost(12, 19, 37).
cost(12, 20, 36).
cost(12, 21, 70).
cost(12, 22, 40).
cost(12, 23, 10).
cost(12, 24, 53).
cost(13, 1, 64).
cost(13, 2, 63).
cost(13, 3, 63).
cost(13, 4, 62).
cost(13, 5, 98).
cost(13, 6, 72).
cost(13, 7, 73).
cost(13, 8, 41).
cost(13, 9, 101).
cost(13, 10, 99).
cost(13, 11, 74).
cost(13, 12, 66).
cost(13, 14, 61).
cost(13, 15, 16).
cost(13, 16, 45).
cost(13, 17, 61).
cost(13, 18, 78).
cost(13, 19, 49).
cost(13, 20, 37).
cost(13, 21, 6).
cost(13, 22, 58).
cost(13, 23, 57).
cost(13, 24, 98).
cost(14, 1, 34).
cost(14, 2, 50).
cost(14, 3, 11).
cost(14, 4, 53).
cost(14, 5, 39).
cost(14, 6, 21).
cost(14, 7, 63).
cost(14, 8, 42).
cost(14, 9, 42).
cost(14, 10, 38).
cost(14, 11, 33).
cost(14, 12, 39).
cost(14, 13, 61).
cost(14, 15, 45).
cost(14, 16, 56).
cost(14, 17, 34).
cost(14, 18, 59).
cost(14, 19, 12).
cost(14, 20, 54).
cost(14, 21, 67).
cost(14, 22, 3).
cost(14, 23, 39).
cost(14, 24, 38).
cost(15, 1, 50).
cost(15, 2, 54).
cost(15, 3, 47).
cost(15, 4, 54).
cost(15, 5, 82).
cost(15, 6, 56).
cost(15, 7, 66).
cost(15, 8, 32).
cost(15, 9, 85).
cost(15, 10, 83).
cost(15, 11, 61).
cost(15, 12, 53).
cost(15, 13, 16).
cost(15, 14, 45).
cost(15, 16, 41).
cost(15, 17, 48).
cost(15, 18, 69).
cost(15, 19, 33).
cost(15, 20, 32).
cost(15, 21, 22).
cost(15, 22, 42).
cost(15, 23, 45).
cost(15, 24, 82).
cost(16, 1, 80).
cost(16, 2, 22).
cost(16, 3, 65).
cost(16, 4, 19).
cost(16, 5, 92).
cost(16, 6, 76).
cost(16, 7, 28).
cost(16, 8, 14).
cost(16, 9, 95).
cost(16, 10, 87).
cost(16, 11, 45).
cost(16, 12, 84).
cost(16, 13, 45).
cost(16, 14, 56).
cost(16, 15, 41).
cost(16, 17, 30).
cost(16, 18, 36).
cost(16, 19, 49).
cost(16, 20, 72).
cost(16, 21, 50).
cost(16, 22, 53).
cost(16, 23, 79).
cost(16, 24, 90).
cost(17, 1, 66).
cost(17, 2, 16).
cost(17, 3, 45).
cost(17, 4, 20).
cost(17, 5, 65).
cost(17, 6, 55).
cost(17, 7, 29).
cost(17, 8, 22).
cost(17, 9, 67).
cost(17, 10, 58).
cost(17, 11, 15).
cost(17, 12, 71).
cost(17, 13, 61).
cost(17, 14, 34).
cost(17, 15, 48).
cost(17, 16, 30).
cost(17, 18, 26).
cost(17, 19, 33).
cost(17, 20, 73).
cost(17, 21, 67).
cost(17, 22, 32).
cost(17, 23, 68).
cost(17, 24, 62).
cost(18, 1, 92).
cost(18, 2, 16).
cost(18, 3, 70).
cost(18, 4, 16).
cost(18, 5, 84).
cost(18, 6, 79).
cost(18, 7, 11).
cost(18, 8, 38).
cost(18, 9, 86).
cost(18, 10, 74).
cost(18, 11, 29).
cost(18, 12, 96).
cost(18, 13, 78).
cost(18, 14, 59).
cost(18, 15, 69).
cost(18, 16, 36).
cost(18, 17, 26).
cost(18, 19, 59).
cost(18, 20, 97).
cost(18, 21, 83).
cost(18, 22, 57).
cost(18, 23, 94).
cost(18, 24, 81).
cost(19, 1, 33).
cost(19, 2, 48).
cost(19, 3, 16).
cost(19, 4, 50).
cost(19, 5, 50).
cost(19, 6, 27).
cost(19, 7, 61).
cost(19, 8, 34).
cost(19, 9, 53).
cost(19, 10, 50).
cost(19, 11, 38).
cost(19, 12, 37).
cost(19, 13, 49).
cost(19, 14, 12).
cost(19, 15, 33).
cost(19, 16, 49).
cost(19, 17, 33).
cost(19, 18, 59).
cost(19, 20, 44).
cost(19, 21, 55).
cost(19, 22, 9).
cost(19, 23, 35).
cost(19, 24, 49).
cost(20, 1, 35).
cost(20, 2, 82).
cost(20, 3, 48).
cost(20, 4, 83).
cost(20, 5, 81).
cost(20, 6, 52).
cost(20, 7, 95).
cost(20, 8, 61).
cost(20, 9, 84).
cost(20, 10, 87).
cost(20, 11, 81).
cost(20, 12, 36).
cost(20, 13, 37).
cost(20, 14, 54).
cost(20, 15, 32).
cost(20, 16, 72).
cost(20, 17, 73).
cost(20, 18, 97).
cost(20, 19, 44).
cost(20, 21, 40).
cost(20, 22, 52).
cost(20, 23, 26).
cost(20, 24, 82).
cost(21, 1, 68).
cost(21, 2, 68).
cost(21, 3, 68).
cost(21, 4, 67).
cost(21, 5, 104).
cost(21, 6, 77).
cost(21, 7, 78).
cost(21, 8, 46).
cost(21, 9, 107).
cost(21, 10, 105).
cost(21, 11, 80).
cost(21, 12, 70).
cost(21, 13, 6).
cost(21, 14, 67).
cost(21, 15, 22).
cost(21, 16, 50).
cost(21, 17, 67).
cost(21, 18, 83).
cost(21, 19, 55).
cost(21, 20, 40).
cost(21, 22, 64).
cost(21, 23, 61).
cost(21, 24, 104).
cost(22, 1, 35).
cost(22, 2, 47).
cost(22, 3, 13).
cost(22, 4, 50).
cost(22, 5, 42).
cost(22, 6, 24).
cost(22, 7, 61).
cost(22, 8, 38).
cost(22, 9, 45).
cost(22, 10, 42).
cost(22, 11, 33).
cost(22, 12, 40).
cost(22, 13, 58).
cost(22, 14, 3).
cost(22, 15, 42).
cost(22, 16, 53).
cost(22, 17, 32).
cost(22, 18, 57).
cost(22, 19, 9).
cost(22, 20, 52).
cost(22, 21, 64).
cost(22, 23, 39).
cost(22, 24, 41).
cost(23, 1, 10).
cost(23, 2, 82).
cost(23, 3, 30).
cost(23, 4, 84).
cost(23, 5, 58).
cost(23, 6, 30).
cost(23, 7, 96).
cost(23, 8, 65).
cost(23, 9, 60).
cost(23, 10, 66).
cost(23, 11, 72).
cost(23, 12, 10).
cost(23, 13, 57).
cost(23, 14, 39).
cost(23, 15, 45).
cost(23, 16, 79).
cost(23, 17, 68).
cost(23, 18, 94).
cost(23, 19, 35).
cost(23, 20, 26).
cost(23, 21, 61).
cost(23, 22, 39).
cost(23, 24, 60).
cost(24, 1, 50).
cost(24, 2, 78).
cost(24, 3, 36).
cost(24, 4, 81).
cost(24, 5, 4).
cost(24, 6, 30).
cost(24, 7, 88).
cost(24, 8, 77).
cost(24, 9, 5).
cost(24, 10, 9).
cost(24, 11, 52).
cost(24, 12, 53).
cost(24, 13, 98).
cost(24, 14, 38).
cost(24, 15, 82).
cost(24, 16, 90).
cost(24, 17, 62).
cost(24, 18, 81).
cost(24, 19, 49).
cost(24, 20, 82).
cost(24, 21, 104).
cost(24, 22, 41).
cost(24, 23, 60).
