dimension(29).
point(1, 38.4226758679, 82.116699316).
point(2, 16.8293813248, 46.4312133111).
point(3, 73.2056343559, 58.4549112077).
point(4, 49.6002287774, 91.3316796418).
point(5, 50.3110521297, 16.2388488875).
point(6, 80.9066864071, 34.7045607919).
point(7, 35.7888573339, 39.5213122695).
point(8, 65.3074692671, 88.9066303234).
point(9, 55.4614361242, 91.7878625992).
point(10, 77.0369188265, 30.4643636689).
point(11, 39.5388668945, 76.1791241937).
point(12, 6.6396103505, 85.429543362).
point(13, 66.6989178876, 23.4959461592).
point(14, 53.0722063382, 49.3991043261).
point(15, 19.0999369419, 91.5768635084).
point(16, 91.9005345715, 32.9872833154).
point(17, 1.0807812588, 51.6180028581).
point(18, 28.0904338788, 64.6601486926).
point(19, 46.8214873615, 14.6265265925).
point(20, 47.0525652451, 94.6123620181).
point(21, 38.0193941605, 6.8100623849).
point(22, 49.4521701667, 9.3192793076).
point(23, 63.1245852117, 6.7656773521).
point(24, 12.9181820775, 41.7882728274).
point(25, 71.1172617812, 30.9567312612).
point(26, 67.1781916185, 94.3512013452).
point(27, 6.904390993, 47.1746076712).
point(28, 61.006099938, 65.3668124081).
point(29, 53.89945042, 39.895756675).
cost(1, 2, 42).
cost(1, 3, 42).
cost(1, 4, 14).
cost(1, 5, 67).
cost(1, 6, 64).
cost(1, 7, 43).
cost(1, 8, 28).
cost(1, 9, 20).
cost(1, 10, 64).
cost(1, 11, 6).
cost(1, 12, 32).
cost(1, 13, 65).
cost(1, 14, 36).
cost(1, 15, 22).
cost(1, 16, 73).
cost(1, 17, 48).
cost(1, 18, 20).
cost(1, 19, 68).
cost(1, 20, 15).
cost(1, 21, 75).
cost(1, 22, 74).
cost(1, 23, 79).
cost(1, 24, 48).
cost(1, 25, 61).
cost(1, 26, 31).
cost(1, 27, 47).
cost(1, 28, 28).
cost(1, 29, 45).
cost(2, 1, 42).
cost(2, 3, 58).
cost(2, 4, 56).
cost(2, 5, 45).
cost(2, 6, 65).
cost(2, 7, 20).
cost(2, 8, 64).
cost(2, 9, 60).
cost(2, 10, 62).
cost(2, 11, 37).
cost(2, 12, 40).
cost(2, 13, 55).
cost(2, 14, 36).
cost(2, 15, 45).
cost(2, 16, 76).
cost(2, 17, 17).
cost(2, 18, 21).
cost(2, 19, 44).
cost(2, 20, 57).
cost(2, 21, 45).
cost(2, 22, 49).
cost(2, 23, 61).
cost(2, 24, 6).
cost(2, 25, 56).
cost(2, 26, 70).
cost(2, 27, 10).
cost(2, 28, 48).
cost(2, 29, 38).
cost(3, 1, 42).
cost(3, 2, 58).
cost(3, 4, 40).
cost(3, 5, 48).
cost(3, 6, 25).
cost(3, 7, 42).
cost(3, 8, 31).
cost(3, 9, 38).
cost(3, 10, 28).
cost(3, 11, 38).
cost(3, 12, 72).
cost(3, 13, 36).
cost(3, 14, 22).
cost(3, 15, 63).
cost(3, 16, 32).
cost(3, 17, 72).
cost(3, 18, 46).
cost(3, 19, 51).
cost(3, 20, 45).
cost(3, 21, 62).
cost(3, 22, 55).
cost(3, 23, 53).
cost(3, 24, 63).
cost(3, 25, 28).
cost(3, 26, 36).
cost(3, 27, 67).
cost(3, 28, 14).
cost(3, 29, 27).
cost(4, 1, 14).
cost(4, 2, 56).
cost(4, 3, 40).
cost(4, 5, 75).
cost(4, 6, 65).
cost(4, 7, 54).
cost(4, 8, 16).
cost(4, 9, 6).
cost(4, 10, 67).
cost(4, 11, 18).
cost(4, 12, 43).
cost(4, 13, 70).
cost(4, 14, 42).
cost(4, 15, 31).
cost(4, 16, 72).
cost(4, 17, 63).
cost(4, 18, 34).
cost(4, 19, 77).
cost(4, 20, 4).
cost(4, 21, 85).
cost(4, 22, 82).
cost(4, 23, 86).
cost(4, 24, 62).
cost(4, 25, 64).
cost(4, 26, 18).
cost(4, 27, 61).
cost(4, 28, 28).
cost(4, 29, 52).
cost(5, 1, 67).
cost(5, 2, 45).
cost(5, 3, 48).
cost(5, 4, 75).
cost(5, 6, 36).
cost(5, 7, 27).
cost(5, 8, 74).
cost(5, 9, 76).
cost(5, 10, 30).
cost(5, 11, 61).
cost(5, 12, 82).
cost(5, 13, 18).
cost(5, 14, 33).
cost(5, 15, 82).
cost(5, 16, 45).
cost(5, 17, 61).
cost(5, 18, 53).
cost(5, 19, 4).
cost(5, 20, 78).
cost(5, 21, 15).
cost(5, 22, 7).
cost(5, 23, 16).
cost(5, 24, 45).
cost(5, 25, 25).
cost(5, 26, 80).
cost(5, 27, 53).
cost(5, 28, 50).
cost(5, 29, 24).
cost(6, 1, 64).
cost(6, 2, 65).
cost(6, 3, 25).
cost(6, 4, 65).
cost(6, 5, 36).
cost(6, 7, 45).
cost(6, 8, 56).
cost(6, 9, 62).
cost(6, 10, 6).
cost(6, 11, 59).
cost(6, 12, 90).
cost(6, 13, 18).
cost(6, 14, 31).
cost(6, 15, 84).
cost(6, 16, 11).
cost(6, 17, 82).
cost(6, 18, 61).
cost(6, 19, 40).
cost(6, 20, 69).
cost(6, 21, 51).
cost(6, 22, 40).
cost(6, 23, 33).
cost(6, 24, 68).
cost(6, 25, 10).
cost(6, 26, 61).
cost(6, 27, 75).
cost(6, 28, 37).
cost(6, 29, 28).
cost(7, 1, 43).
cost(7, 2, 20).
cost(7, 3, 42).
cost(7, 4, 54).
cost(7, 5, 27).
cost(7, 6, 45).
cost(7, 8, 58).
cost(7, 9, 56).
cost(7, 10, 42).
cost(7, 11, 37).
cost(7, 12, 54).
cost(7, 13, 35).
cost(7, 14, 20).
cost(7, 15, 55).
cost(7, 16, 56).
cost(7, 17, 37).
cost(7, 18, 26).
cost(7, 19, 27).
cost(7, 20, 56).
cost(7, 21, 33).
cost(7, 22, 33).
cost(7, 23, 43).
cost(7, 24, 23).
cost(7, 25, 36).
cost(7, 26, 63).
cost(7, 27, 30).
cost(7, 28, 36).
cost(7, 29, 18).
cost(8, 1, 28).
cost(8, 2, 64).
cost(8, 3, 31).
cost(8, 4, 16).
cost(8, 5, 74).
cost(8, 6, 56).
cost(8, 7, 58).
cost(8, 9, 10).
cost(8, 10, 60).
cost(8, 11, 29).
cost(8, 12, 59).
cost(8, 13, 65).
cost(8, 14, 41).
cost(8, 15, 46).
cost(8, 16, 62).
cost(8, 17, 74).
cost(8, 18, 44).
cost(8, 19, 77).
cost(8, 20, 19).
cost(8, 21, 87).
cost(8, 22, 81).
cost(8, 23, 82).
cost(8, 24, 70).
cost(8, 25, 58).
cost(8, 26, 6).
cost(8, 27, 72).
cost(8, 28, 24).
cost(8, 29, 50).
cost(9, 1, 20).
cost(9, 2, 60).
cost(9, 3, 38).
cost(9, 4, 6).
cost(9, 5, 76).
cost(9, 6, 62).
cost(9, 7, 56).
cost(9, 8, 10).
cost(9, 10, 65).
cost(9, 11, 22).
cost(9, 12, 49).
cost(9, 13, 69).
cost(9, 14, 42).
cost(9, 15, 36).
cost(9, 16, 69).
cost(9, 17, 68).
cost(9, 18, 39).
cost(9, 19, 78).
cost(9, 20, 9).
cost(9, 21, 87).
cost(9, 22, 83).
cost(9, 23, 85).
cost(9, 24, 66).
cost(9, 25, 63).
cost(9, 26, 12).
cost(9, 27, 66).
cost(9, 28, 27).
cost(9, 29, 52).
cost(10, 1, 64).
cost(10, 2, 62).
cost(10, 3, 28).
cost(10, 4, 67).
cost(10, 5, 30).
cost(10, 6, 6).
cost(10, 7, 42).
cost(10, 8, 60).
cost(10, 9, 65).
cost(10, 11, 59).
cost(10, 12, 89).
cost(10, 13, 12).
cost(10, 14, 31).
cost(10, 15, 84).
cost(10, 16, 15).
cost(10, 17, 79).
cost(10, 18, 60).
cost(10, 19, 34).
cost(10, 20, 71).
cost(10, 21, 46).
cost(10, 22, 35).
cost(10, 23, 27).
cost(10, 24, 65).
cost(10, 25, 6).
cost(10, 26, 65).
cost(10, 27, 72).
cost(10, 28, 38).
cost(10, 29, 25).
cost(11, 1, 6).
cost(11, 2, 37).
cost(11, 3, 38).
cost(11, 4, 18).
cost(11, 5, 61).
cost(11, 6, 59).
cost(11, 7, 37).
cost(11, 8, 29).
cost(11, 9, 22).
cost(11, 10, 59).
cost(11, 12, 34).
cost(11, 13, 59).
cost(11, 14, 30).
cost(11, 15, 26).
cost(11, 16, 68).
cost(11, 17, 46).
cost(11, 18, 16).
cost(11, 19, 62).
cost(11, 20, 20).
cost(11, 21, 69).
cost(11, 22, 68).
cost(11, 23, 73).
cost(11, 24, 43).
cost(11, 25, 55).
cost(11, 26, 33).
cost(11, 27, 44).
cost(11, 28, 24).
cost(11, 29, 39).
cost(12, 1, 32).
cost(12, 2, 40).
cost(12, 3, 72).
cost(12, 4, 43).
cost(12, 5, 82).
cost(12, 6, 90).
cost(12, 7, 54).
cost(12, 8, 59).
cost(12, 9, 49).
cost(12, 10, 89).
cost(12, 11, 34).
cost(12, 13, 86).
cost(12, 14, 59).
cost(12, 15, 14).
cost(12, 16, 100).
cost(12, 17, 34).
cost(12, 18, 30).
cost(12, 19, 81).
cost(12, 20, 41).
cost(12, 21, 85).
cost(12, 22, 87).
cost(12, 23, 97).
cost(12, 24, 44).
cost(12, 25, 84).
cost(12, 26, 61).
cost(12, 27, 38).
cost(12, 28, 58).
cost(12, 29, 66).
cost(13, 1, 65).
cost(13, 2, 55).
cost(13, 3, 36).
cost(13, 4, 70).
cost(13, 5, 18).
cost(13, 6, 18).
cost(13, 7, 35).
cost(13, 8, 65).
cost(13, 9, 69).
cost(13, 10, 12).
cost(13, 11, 59).
cost(13, 12, 86).
cost(13, 14, 29).
cost(13, 15, 83).
cost(13, 16, 27).
cost(13, 17, 71).
cost(13, 18, 56).
cost(13, 19, 22).
cost(13, 20, 74).
cost(13, 21, 33).
cost(13, 22, 22).
cost(13, 23, 17).
cost(13, 24, 57).
cost(13, 25, 9).
cost(13, 26, 71).
cost(13, 27, 64).
cost(13, 28, 42).
cost(13, 29, 21).
cost(14, 1, 36).
cost(14, 2, 36).
cost(14, 3, 22).
cost(14, 4, 42).
cost(14, 5, 33).
cost(14, 6, 31).
cost(14, 7, 20).
cost(14, 8, 41).
cost(14, 9, 42).
cost(14, 10, 31).
cost(14, 11, 30).
cost(14, 12, 59).
cost(14, 13, 29).
cost(14, 15, 54).
cost(14, 16, 42).
cost(14, 17, 52).
cost(14, 18, 29).
cost(14, 19, 35).
cost(14, 20, 46).
cost(14, 21, 45).
cost(14, 22, 40).
cost(14, 23, 44).
cost(14, 24, 41).
cost(14, 25, 26).
cost(14, 26, 47).
cost(14, 27, 46).
cost(14, 28, 18).
cost(14, 29, 10).
cost(15, 1, 22).
cost(15, 2, 45).
cost(15, 3, 63).
cost(15, 4, 31).
cost(15, 5, 82).
cost(15, 6, 84).
cost(15, 7, 55).
cost(15, 8, 46).
cost(15, 9, 36).
cost(15, 10, 84).
cost(15, 11, 26).
cost(15, 12, 14).
cost(15, 13, 83).
cost(15, 14, 54).
cost(15, 16, 93).
cost(15, 17, 44).
cost(15, 18, 28).
cost(15, 19, 82).
cost(15, 20, 28).
cost(15, 21, 87).
cost(15, 22, 88).
cost(15, 23, 96).
cost(15, 24, 50).
cost(15, 25, 80).
cost(15, 26, 48).
cost(15, 27, 46).
cost(15, 28, 49).
cost(15, 29, 62).
cost(16, 1, 73).
cost(16, 2, 76).
cost(16, 3, 32).
cost(16, 4, 72).
cost(16, 5, 45).
cost(16, 6, 11).
cost(16, 7, 56).
cost(16, 8, 62).
cost(16, 9, 69).
cost(16, 10, 15).
cost(16, 11, 68).
cost(16, 12, 100).
cost(16, 13, 27).
cost(16, 14, 42).
cost(16, 15, 93).
cost(16, 17, 93).
cost(16, 18, 71).
cost(16, 19, 49).
cost(16, 20, 76).
cost(16, 21, 60).
cost(16, 22, 49).
cost(16, 23, 39).
cost(16, 24, 79).
cost(16, 25, 21).
cost(16, 26, 66).
cost(16, 27, 86).
cost(16, 28, 45).
cost(16, 29, 39).
cost(17, 1, 48).
cost(17, 2, 17).
cost(17, 3, 72).
cost(17, 4, 63).
cost(17, 5, 61).
cost(17, 6, 82).
cost(17, 7, 37).
cost(17, 8, 74).
cost(17, 9, 68).
cost(17, 10, 79).
cost(17, 11, 46).
cost(17, 12, 34).
cost(17, 13, 71).
cost(17, 14, 52).
cost(17, 15, 44).
cost(17, 16, 93).
cost(17, 18, 30).
cost(17, 19, 59).
cost(17, 20, 63).
cost(17, 21, 58).
cost(17, 22, 64).
cost(17, 23, 77).
cost(17, 24, 15).
cost(17, 25, 73).
cost(17, 26, 79).
cost(17, 27, 7).
cost(17, 28, 61).
cost(17, 29, 54).
cost(18, 1, 20).
cost(18, 2, 21).
cost(18, 3, 46).
cost(18, 4, 34).
cost(18, 5, 53).
cost(18, 6, 61).
cost(18, 7, 26).
cost(18, 8, 44).
cost(18, 9, 39).
cost(18, 10, 60).
cost(18, 11, 16).
cost(18, 12, 30).
cost(18, 13, 56).
cost(18, 14, 29).
cost(18, 15, 28).
cost(18, 16, 71).
cost(18, 17, 30).
cost(18, 19, 53).
cost(18, 20, 35).
cost(18, 21, 59).
cost(18, 22, 59).
cost(18, 23, 68).
cost(18, 24, 27).
cost(18, 25, 55).
cost(18, 26, 49).
cost(18, 27, 27).
cost(18, 28, 33).
cost(18, 29, 36).
cost(19, 1, 68).
cost(19, 2, 44).
cost(19, 3, 51).
cost(19, 4, 77).
cost(19, 5, 4).
cost(19, 6, 40).
cost(19, 7, 27).
cost(19, 8, 77).
cost(19, 9, 78).
cost(19, 10, 34).
cost(19, 11, 62).
cost(19, 12, 81).
cost(19, 13, 22).
cost(19, 14, 35).
cost(19, 15, 82).
cost(19, 16, 49).
cost(19, 17, 59).
cost(19, 18, 53).
cost(19, 20, 80).
cost(19, 21, 12).
cost(19, 22, 6).
cost(19, 23, 18).
cost(19, 24, 43).
cost(19, 25, 29).
cost(19, 26, 82).
cost(19, 27, 52).
cost(19, 28, 53).
cost(19, 29, 26).
cost(20, 1, 15).
cost(20, 2, 57).
cost(20, 3, 45).
cost(20, 4, 4).
cost(20, 5, 78).
cost(20, 6, 69).
cost(20, 7, 56).
cost(20, 8, 19).
cost(20, 9, 9).
cost(20, 10, 71).
cost(20, 11, 20).
cost(20, 12, 41).
cost(20, 13, 74).
cost(20, 14, 46).
cost(20, 15, 28).
cost(20, 16, 76).
cost(20, 17, 63).
cost(20, 18, 35).
cost(20, 19, 80).
cost(20, 21, 88).
cost(20, 22, 85).
cost(20, 23, 89).
cost(20, 24, 63).
cost(20, 25, 68).
cost(20, 26, 20).
cost(20, 27, 62).
cost(20, 28, 32).
cost(20, 29, 55).
cost(21, 1, 75).
cost(21, 2, 45).
cost(21, 3, 62).
cost(21, 4, 85).
cost(21, 5, 15).
cost(21, 6, 51).
cost(21, 7, 33).
cost(21, 8, 87).
cost(21, 9, 87).
cost(21, 10, 46).
cost(21, 11, 69).
cost(21, 12, 85).
cost(21, 13, 33).
cost(21, 14, 45).
cost(21, 15, 87).
cost(21, 16, 60).
cost(21, 17, 58).
cost(21, 18, 59).
cost(21, 19, 12).
cost(21, 20, 88).
cost(21, 22, 12).
cost(21, 23, 25).
cost(21, 24, 43).
cost(21, 25, 41).
cost(21, 26, 92).
cost(21, 27, 51).
cost(21, 28, 63).
cost(21, 29, 37).
cost(22, 1, 74).
cost(22, 2, 49).
cost(22, 3, 55).
cost(22, 4, 82).
cost(22, 5, 7).
cost(22, 6, 40).
cost(22, 7, 33).
cost(22, 8, 81).
cost(22, 9, 83).
cost(22, 10, 35).
cost(22, 11, 68).
cost(22, 12, 87).
cost(22, 13, 22).
cost(22, 14, 40).
cost(22, 15, 88).
cost(22, 16, 49).
cost(22, 17, 64).
cost(22, 18, 59).
cost(22, 19, 6).
cost(22, 20, 85).
cost(22, 21, 12).
cost(22, 23, 14).
cost(22, 24, 49).
cost(22, 25, 31).
cost(22, 26, 87).
cost(22, 27, 57).
cost(22, 28, 57).
cost(22, 29, 31).
cost(23, 1, 79).
cost(23, 2, 61).
cost(23, 3, 53).
cost(23, 4, 86).
cost(23, 5, 16).
cost(23, 6, 33).
cost(23, 7, 43).
cost(23, 8, 82).
cost(23, 9, 85).
cost(23, 10, 27).
cost(23, 11, 73).
cost(23, 12, 97).
cost(23, 13, 17).
cost(23, 14, 44).
cost(23, 15, 96).
cost(23, 16, 39).
cost(23, 17, 77).
cost(23, 18, 68).
cost(23, 19, 18).
cost(23, 20, 89).
cost(23, 21, 25).
cost(23, 22, 14).
cost(23, 24, 61).
cost(23, 25, 25).
cost(23, 26, 88).
cost(23, 27, 69).
cost(23, 28, 59).
cost(23, 29, 34).
cost(24, 1, 48).
cost(24, 2, 6).
cost(24, 3, 63).
cost(24, 4, 62).
cost(24, 5, 45).
cost(24, 6, 68).
cost(24, 7, 23).
cost(24, 8, 70).
cost(24, 9, 66).
cost(24, 10, 65).
cost(24, 11, 43).
cost(24, 12, 44).
cost(24, 13, 57).
cost(24, 14, 41).
cost(24, 15, 50).
cost(24, 16, 79).
cost(24, 17, 15).
cost(24, 18, 27).
cost(24, 19, 43).
cost(24, 20, 63).
cost(24, 21, 43).
cost(24, 22, 49).
cost(24, 23, 61).
cost(24, 25, 59).
cost(24, 26, 76).
cost(24, 27, 8).
cost(24, 28, 54).
cost(24, 29, 41).
cost(25, 1, 61).
cost(25, 2, 56).
cost(25, 3, 28).
cost(25, 4, 64).
cost(25, 5, 25).
cost(25, 6, 10).
cost(25, 7, 36).
cost(25, 8, 58).
cost(25, 9, 63).
cost(25, 10, 6).
cost(25, 11, 55).
cost(25, 12, 84).
cost(25, 13, 9).
cost(25, 14, 26).
cost(25, 15, 80).
cost(25, 16, 21).
cost(25, 17, 73).
cost(25, 18, 55).
cost(25, 19, 29).
cost(25, 20, 68).
cost(25, 21, 41).
cost(25, 22, 31).
cost(25, 23, 25).
cost(25, 24, 59).
cost(25, 26, 64).
cost(25, 27, 66).
cost(25, 28, 36).
cost(25, 29, 19).
cost(26, 1, 31).
cost(26, 2, 70).
cost(26, 3, 36).
cost(26, 4, 18).
cost(26, 5, 80).
cost(26, 6, 61).
cost(26, 7, 63).
cost(26, 8, 6).
cost(26, 9, 12).
cost(26, 10, 65).
cost(26, 11, 33).
cost(26, 12, 61).
cost(26, 13, 71).
cost(26, 14, 47).
cost(26, 15, 48).
cost(26, 16, 66).
cost(26, 17, 79).
cost(26, 18, 49).
cost(26, 19, 82).
cost(26, 20, 20).
cost(26, 21, 92).
cost(26, 22, 87).
cost(26, 23, 88).
cost(26, 24, 76).
cost(26, 25, 64).
cost(26, 27, 77).
cost(26, 28, 30).
cost(26, 29, 56).
cost(27, 1, 47).
cost(27, 2, 10).
cost(27, 3, 67).
cost(27, 4, 61).
cost(27, 5, 53).
cost(27, 6, 75).
cost(27, 7, 30).
cost(27, 8, 72).
cost(27, 9, 66).
cost(27, 10, 72).
cost(27, 11, 44).
cost(27, 12, 38).
cost(27, 13, 64).
cost(27, 14, 46).
cost(27, 15, 46).
cost(27, 16, 86).
cost(27, 17, 7).
cost(27, 18, 27).
cost(27, 19, 52).
cost(27, 20, 62).
cost(27, 21, 51).
cost(27, 22, 57).
cost(27, 23, 69).
cost(27, 24, 8).
cost(27, 25, 66).
cost(27, 26, 77).
cost(27, 28, 57).
cost(27, 29, 48).
cost(28, 1, 28).
cost(28, 2, 48).
cost(28, 3, 14).
cost(28, 4, 28).
cost(28, 5, 50).
cost(28, 6, 37).
cost(28, 7, 36).
cost(28, 8, 24).
cost(28, 9, 27).
cost(28, 10, 38).
cost(28, 11, 24).
cost(28, 12, 58).
cost(28, 13, 42).
cost(28, 14, 18).
cost(28, 15, 49).
cost(28, 16, 45).
cost(28, 17, 61).
cost(28, 18, 33).
cost(28, 19, 53).
cost(28, 20, 32).
cost(28, 21, 63).
cost(28, 22, 57).
cost(28, 23, 59).
cost(28, 24, 54).
cost(28, 25, 36).
cost(28, 26, 30).
cost(28, 27, 57).
cost(28, 29, 26).
cost(29, 1, 45).
cost(29, 2, 38).
cost(29, 3, 27).
cost(29, 4, 52).
cost(29, 5, 24).
cost(29, 6, 28).
cost(29, 7, 18).
cost(29, 8, 50).
cost(29, 9, 52).
cost(29, 10, 25).
cost(29, 11, 39).
cost(29, 12, 66).
cost(29, 13, 21).
cost(29, 14, 10).
cost(29, 15, 62).
cost(29, 16, 39).
cost(29, 17, 54).
cost(29, 18, 36).
cost(29, 19, 26).
cost(29, 20, 55).
cost(29, 21, 37).
cost(29, 22, 31).
cost(29, 23, 34).
cost(29, 24, 41).
cost(29, 25, 19).
cost(29, 26, 56).
cost(29, 27, 48).
cost(29, 28, 26).
nocross(1,4).
nocross(1,9).
nocross(1,11).
nocross(1,12).
nocross(1,15).
nocross(1,18).
nocross(1,20).
nocross(1,28).
nocross(2,7).
nocross(2,14).
nocross(2,17).
nocross(2,18).
nocross(2,24).
nocross(2,27).
nocross(2,29).
nocross(3,6).
nocross(3,8).
nocross(3,9).
nocross(3,10).
nocross(3,11).
nocross(3,13).
nocross(3,14).
nocross(3,16).
nocross(3,25).
nocross(3,26).
nocross(3,28).
nocross(3,29).
nocross(4,1).
nocross(4,8).
nocross(4,9).
nocross(4,11).
nocross(4,15).
nocross(4,20).
nocross(4,26).
nocross(4,28).
nocross(5,6).
nocross(5,7).
nocross(5,10).
nocross(5,13).
nocross(5,14).
nocross(5,19).
nocross(5,21).
nocross(5,22).
nocross(5,23).
nocross(5,25).
nocross(5,29).
nocross(6,3).
nocross(6,5).
nocross(6,10).
nocross(6,13).
nocross(6,14).
nocross(6,16).
nocross(6,25).
nocross(6,29).
nocross(7,2).
nocross(7,5).
nocross(7,11).
nocross(7,13).
nocross(7,14).
nocross(7,17).
nocross(7,18).
nocross(7,19).
nocross(7,21).
nocross(7,22).
nocross(7,24).
nocross(7,27).
nocross(7,29).
nocross(8,1).
nocross(8,3).
nocross(8,4).
nocross(8,9).
nocross(8,11).
nocross(8,20).
nocross(8,26).
nocross(8,28).
nocross(9,1).
nocross(9,4).
nocross(9,8).
nocross(9,11).
nocross(9,20).
nocross(9,26).
nocross(9,28).
nocross(10,3).
nocross(10,5).
nocross(10,6).
nocross(10,13).
nocross(10,14).
nocross(10,16).
nocross(10,19).
nocross(10,23).
nocross(10,25).
nocross(10,29).
nocross(11,1).
nocross(11,4).
nocross(11,8).
nocross(11,9).
nocross(11,12).
nocross(11,14).
nocross(11,15).
nocross(11,18).
nocross(11,20).
nocross(11,28).
nocross(12,1).
nocross(12,2).
nocross(12,11).
nocross(12,15).
nocross(12,17).
nocross(12,18).
nocross(12,27).
nocross(13,5).
nocross(13,6).
nocross(13,10).
nocross(13,14).
nocross(13,16).
nocross(13,19).
nocross(13,22).
nocross(13,23).
nocross(13,25).
nocross(13,29).
nocross(14,2).
nocross(14,3).
nocross(14,5).
nocross(14,6).
nocross(14,7).
nocross(14,10).
nocross(14,11).
nocross(14,13).
nocross(14,18).
nocross(14,25).
nocross(14,28).
nocross(14,29).
nocross(15,1).
nocross(15,4).
nocross(15,9).
nocross(15,11).
nocross(15,12).
nocross(15,18).
nocross(15,20).
nocross(16,3).
nocross(16,6).
nocross(16,10).
nocross(16,13).
nocross(16,23).
nocross(16,25).
nocross(17,2).
nocross(17,12).
nocross(17,18).
nocross(17,24).
nocross(17,27).
nocross(18,1).
nocross(18,2).
nocross(18,4).
nocross(18,7).
nocross(18,11).
nocross(18,12).
nocross(18,14).
nocross(18,15).
nocross(18,17).
nocross(18,20).
nocross(18,24).
nocross(18,27).
nocross(18,28).
nocross(18,29).
nocross(19,5).
nocross(19,7).
nocross(19,13).
nocross(19,21).
nocross(19,22).
nocross(19,23).
nocross(19,25).
nocross(19,29).
nocross(20,1).
nocross(20,4).
nocross(20,8).
nocross(20,9).
nocross(20,11).
nocross(20,15).
nocross(20,26).
nocross(21,5).
nocross(21,7).
nocross(21,19).
nocross(21,22).
nocross(21,23).
nocross(21,24).
nocross(22,5).
nocross(22,7).
nocross(22,10).
nocross(22,13).
nocross(22,19).
nocross(22,21).
nocross(22,23).
nocross(22,25).
nocross(22,29).
nocross(23,5).
nocross(23,6).
nocross(23,10).
nocross(23,13).
nocross(23,16).
nocross(23,19).
nocross(23,21).
nocross(23,22).
nocross(23,25).
nocross(23,29).
nocross(24,2).
nocross(24,7).
nocross(24,17).
nocross(24,18).
nocross(24,27).
nocross(25,3).
nocross(25,5).
nocross(25,6).
nocross(25,10).
nocross(25,13).
nocross(25,14).
nocross(25,16).
nocross(25,19).
nocross(25,22).
nocross(25,23).
nocross(25,28).
nocross(25,29).
nocross(26,4).
nocross(26,8).
nocross(26,9).
nocross(26,20).
nocross(26,28).
nocross(27,2).
nocross(27,7).
nocross(27,12).
nocross(27,17).
nocross(27,18).
nocross(27,24).
nocross(28,1).
nocross(28,3).
nocross(28,4).
nocross(28,6).
nocross(28,8).
nocross(28,9).
nocross(28,10).
nocross(28,11).
nocross(28,14).
nocross(28,18).
nocross(28,25).
nocross(28,26).
nocross(28,29).
nocross(29,2).
nocross(29,3).
nocross(29,5).
nocross(29,6).
nocross(29,7).
nocross(29,10).
nocross(29,11).
nocross(29,13).
nocross(29,14).
nocross(29,19).
nocross(29,22).
nocross(29,25).
nocross(29,28).
