dimension(29).
point(1, 23.6973821752, 82.6300798126).
point(2, 1.324269235, 13.8770477489).
point(3, 24.2657153474, 92.2947130785).
point(4, 18.2148712912, 34.6899970567).
point(5, 48.8164582392, 78.7475312931).
point(6, 8.0397998362, 1.2138866298).
point(7, 40.1265612661, 77.7331459864).
point(8, 37.6695042709, 75.3343759615).
point(9, 68.9855717569, 63.9125862006).
point(10, 95.2415507668, 33.1304015961).
point(11, 6.5825378612, 49.727021678).
point(12, 8.8789972761, 87.6416595124).
point(13, 88.2574031181, 58.8018612344).
point(14, 22.2622009768, 36.9783381904).
point(15, 29.404547759, 12.6613982824).
point(16, 57.4387865483, 35.3612586172).
point(17, 30.6685171947, 20.5953441252).
point(18, 98.6519630313, 63.4225726344).
point(19, 39.9309451148, 64.4900145192).
point(20, 53.3747361047, 26.2168981038).
point(21, 92.0321057454, 68.1731132346).
point(22, 9.6900892397, 93.1830705142).
point(23, 26.042584569, 40.6746150293).
point(24, 6.6280012545, 31.666613571).
point(25, 60.9811540222, 61.1675132935).
point(26, 81.6358688605, 27.2310597136).
point(27, 34.5692805364, 90.2971602175).
point(28, 40.6171185221, 64.5016556102).
point(29, 98.1182652251, 60.0897558527).
cost(1, 2, 72).
cost(1, 3, 10).
cost(1, 4, 48).
cost(1, 5, 25).
cost(1, 6, 83).
cost(1, 7, 17).
cost(1, 8, 16).
cost(1, 9, 49).
cost(1, 10, 87).
cost(1, 11, 37).
cost(1, 12, 16).
cost(1, 13, 69).
cost(1, 14, 46).
cost(1, 15, 70).
cost(1, 16, 58).
cost(1, 17, 62).
cost(1, 18, 77).
cost(1, 19, 24).
cost(1, 20, 64).
cost(1, 21, 70).
cost(1, 22, 18).
cost(1, 23, 42).
cost(1, 24, 54).
cost(1, 25, 43).
cost(1, 26, 80).
cost(1, 27, 13).
cost(1, 28, 25).
cost(1, 29, 78).
cost(2, 1, 72).
cost(2, 3, 82).
cost(2, 4, 27).
cost(2, 5, 80).
cost(2, 6, 14).
cost(2, 7, 75).
cost(2, 8, 71).
cost(2, 9, 84).
cost(2, 10, 96).
cost(2, 11, 36).
cost(2, 12, 74).
cost(2, 13, 98).
cost(2, 14, 31).
cost(2, 15, 28).
cost(2, 16, 60).
cost(2, 17, 30).
cost(2, 18, 109).
cost(2, 19, 64).
cost(2, 20, 53).
cost(2, 21, 106).
cost(2, 22, 80).
cost(2, 23, 36).
cost(2, 24, 19).
cost(2, 25, 76).
cost(2, 26, 81).
cost(2, 27, 83).
cost(2, 28, 64).
cost(2, 29, 107).
cost(3, 1, 10).
cost(3, 2, 82).
cost(3, 4, 58).
cost(3, 5, 28).
cost(3, 6, 93).
cost(3, 7, 22).
cost(3, 8, 22).
cost(3, 9, 53).
cost(3, 10, 92).
cost(3, 11, 46).
cost(3, 12, 16).
cost(3, 13, 72).
cost(3, 14, 55).
cost(3, 15, 80).
cost(3, 16, 66).
cost(3, 17, 72).
cost(3, 18, 80).
cost(3, 19, 32).
cost(3, 20, 72).
cost(3, 21, 72).
cost(3, 22, 15).
cost(3, 23, 52).
cost(3, 24, 63).
cost(3, 25, 48).
cost(3, 26, 87).
cost(3, 27, 10).
cost(3, 28, 32).
cost(3, 29, 81).
cost(4, 1, 48).
cost(4, 2, 27).
cost(4, 3, 58).
cost(4, 5, 54).
cost(4, 6, 35).
cost(4, 7, 48).
cost(4, 8, 45).
cost(4, 9, 59).
cost(4, 10, 77).
cost(4, 11, 19).
cost(4, 12, 54).
cost(4, 13, 74).
cost(4, 14, 5).
cost(4, 15, 25).
cost(4, 16, 39).
cost(4, 17, 19).
cost(4, 18, 85).
cost(4, 19, 37).
cost(4, 20, 36).
cost(4, 21, 81).
cost(4, 22, 59).
cost(4, 23, 10).
cost(4, 24, 12).
cost(4, 25, 50).
cost(4, 26, 64).
cost(4, 27, 58).
cost(4, 28, 37).
cost(4, 29, 84).
cost(5, 1, 25).
cost(5, 2, 80).
cost(5, 3, 28).
cost(5, 4, 54).
cost(5, 6, 88).
cost(5, 7, 9).
cost(5, 8, 12).
cost(5, 9, 25).
cost(5, 10, 65).
cost(5, 11, 51).
cost(5, 12, 41).
cost(5, 13, 44).
cost(5, 14, 49).
cost(5, 15, 69).
cost(5, 16, 44).
cost(5, 17, 61).
cost(5, 18, 52).
cost(5, 19, 17).
cost(5, 20, 53).
cost(5, 21, 44).
cost(5, 22, 42).
cost(5, 23, 44).
cost(5, 24, 63).
cost(5, 25, 21).
cost(5, 26, 61).
cost(5, 27, 18).
cost(5, 28, 16).
cost(5, 29, 53).
cost(6, 1, 83).
cost(6, 2, 14).
cost(6, 3, 93).
cost(6, 4, 35).
cost(6, 5, 88).
cost(6, 7, 83).
cost(6, 8, 80).
cost(6, 9, 87).
cost(6, 10, 93).
cost(6, 11, 49).
cost(6, 12, 86).
cost(6, 13, 99).
cost(6, 14, 38).
cost(6, 15, 24).
cost(6, 16, 60).
cost(6, 17, 30).
cost(6, 18, 110).
cost(6, 19, 71).
cost(6, 20, 52).
cost(6, 21, 107).
cost(6, 22, 92).
cost(6, 23, 43).
cost(6, 24, 30).
cost(6, 25, 80).
cost(6, 26, 78).
cost(6, 27, 93).
cost(6, 28, 71).
cost(6, 29, 108).
cost(7, 1, 17).
cost(7, 2, 75).
cost(7, 3, 22).
cost(7, 4, 48).
cost(7, 5, 9).
cost(7, 6, 83).
cost(7, 8, 3).
cost(7, 9, 32).
cost(7, 10, 71).
cost(7, 11, 44).
cost(7, 12, 33).
cost(7, 13, 52).
cost(7, 14, 44).
cost(7, 15, 66).
cost(7, 16, 46).
cost(7, 17, 58).
cost(7, 18, 60).
cost(7, 19, 13).
cost(7, 20, 53).
cost(7, 21, 53).
cost(7, 22, 34).
cost(7, 23, 40).
cost(7, 24, 57).
cost(7, 25, 27).
cost(7, 26, 65).
cost(7, 27, 14).
cost(7, 28, 13).
cost(7, 29, 61).
cost(8, 1, 16).
cost(8, 2, 71).
cost(8, 3, 22).
cost(8, 4, 45).
cost(8, 5, 12).
cost(8, 6, 80).
cost(8, 7, 3).
cost(8, 9, 33).
cost(8, 10, 71).
cost(8, 11, 40).
cost(8, 12, 31).
cost(8, 13, 53).
cost(8, 14, 41).
cost(8, 15, 63).
cost(8, 16, 45).
cost(8, 17, 55).
cost(8, 18, 62).
cost(8, 19, 11).
cost(8, 20, 52).
cost(8, 21, 55).
cost(8, 22, 33).
cost(8, 23, 37).
cost(8, 24, 54).
cost(8, 25, 27).
cost(8, 26, 65).
cost(8, 27, 15).
cost(8, 28, 11).
cost(8, 29, 62).
cost(9, 1, 49).
cost(9, 2, 84).
cost(9, 3, 53).
cost(9, 4, 59).
cost(9, 5, 25).
cost(9, 6, 87).
cost(9, 7, 32).
cost(9, 8, 33).
cost(9, 10, 40).
cost(9, 11, 64).
cost(9, 12, 65).
cost(9, 13, 20).
cost(9, 14, 54).
cost(9, 15, 65).
cost(9, 16, 31).
cost(9, 17, 58).
cost(9, 18, 30).
cost(9, 19, 29).
cost(9, 20, 41).
cost(9, 21, 23).
cost(9, 22, 66).
cost(9, 23, 49).
cost(9, 24, 70).
cost(9, 25, 8).
cost(9, 26, 39).
cost(9, 27, 43).
cost(9, 28, 28).
cost(9, 29, 29).
cost(10, 1, 87).
cost(10, 2, 96).
cost(10, 3, 92).
cost(10, 4, 77).
cost(10, 5, 65).
cost(10, 6, 93).
cost(10, 7, 71).
cost(10, 8, 71).
cost(10, 9, 40).
cost(10, 11, 90).
cost(10, 12, 102).
cost(10, 13, 27).
cost(10, 14, 73).
cost(10, 15, 69).
cost(10, 16, 38).
cost(10, 17, 66).
cost(10, 18, 30).
cost(10, 19, 64).
cost(10, 20, 42).
cost(10, 21, 35).
cost(10, 22, 105).
cost(10, 23, 70).
cost(10, 24, 89).
cost(10, 25, 44).
cost(10, 26, 15).
cost(10, 27, 83).
cost(10, 28, 63).
cost(10, 29, 27).
cost(11, 1, 37).
cost(11, 2, 36).
cost(11, 3, 46).
cost(11, 4, 19).
cost(11, 5, 51).
cost(11, 6, 49).
cost(11, 7, 44).
cost(11, 8, 40).
cost(11, 9, 64).
cost(11, 10, 90).
cost(11, 12, 38).
cost(11, 13, 82).
cost(11, 14, 20).
cost(11, 15, 44).
cost(11, 16, 53).
cost(11, 17, 38).
cost(11, 18, 93).
cost(11, 19, 36).
cost(11, 20, 52).
cost(11, 21, 87).
cost(11, 22, 44).
cost(11, 23, 21).
cost(11, 24, 18).
cost(11, 25, 56).
cost(11, 26, 78).
cost(11, 27, 49).
cost(11, 28, 37).
cost(11, 29, 92).
cost(12, 1, 16).
cost(12, 2, 74).
cost(12, 3, 16).
cost(12, 4, 54).
cost(12, 5, 41).
cost(12, 6, 86).
cost(12, 7, 33).
cost(12, 8, 31).
cost(12, 9, 65).
cost(12, 10, 102).
cost(12, 11, 38).
cost(12, 13, 84).
cost(12, 14, 52).
cost(12, 15, 78).
cost(12, 16, 71).
cost(12, 17, 70).
cost(12, 18, 93).
cost(12, 19, 39).
cost(12, 20, 76).
cost(12, 21, 85).
cost(12, 22, 6).
cost(12, 23, 50).
cost(12, 24, 56).
cost(12, 25, 58).
cost(12, 26, 95).
cost(12, 27, 26).
cost(12, 28, 39).
cost(12, 29, 93).
cost(13, 1, 69).
cost(13, 2, 98).
cost(13, 3, 72).
cost(13, 4, 74).
cost(13, 5, 44).
cost(13, 6, 99).
cost(13, 7, 52).
cost(13, 8, 53).
cost(13, 9, 20).
cost(13, 10, 27).
cost(13, 11, 82).
cost(13, 12, 84).
cost(13, 14, 70).
cost(13, 15, 75).
cost(13, 16, 39).
cost(13, 17, 69).
cost(13, 18, 11).
cost(13, 19, 49).
cost(13, 20, 48).
cost(13, 21, 10).
cost(13, 22, 86).
cost(13, 23, 65).
cost(13, 24, 86).
cost(13, 25, 27).
cost(13, 26, 32).
cost(13, 27, 62).
cost(13, 28, 48).
cost(13, 29, 10).
cost(14, 1, 46).
cost(14, 2, 31).
cost(14, 3, 55).
cost(14, 4, 5).
cost(14, 5, 49).
cost(14, 6, 38).
cost(14, 7, 44).
cost(14, 8, 41).
cost(14, 9, 54).
cost(14, 10, 73).
cost(14, 11, 20).
cost(14, 12, 52).
cost(14, 13, 70).
cost(14, 15, 25).
cost(14, 16, 35).
cost(14, 17, 18).
cost(14, 18, 81).
cost(14, 19, 33).
cost(14, 20, 33).
cost(14, 21, 76).
cost(14, 22, 58).
cost(14, 23, 5).
cost(14, 24, 17).
cost(14, 25, 46).
cost(14, 26, 60).
cost(14, 27, 55).
cost(14, 28, 33).
cost(14, 29, 79).
cost(15, 1, 70).
cost(15, 2, 28).
cost(15, 3, 80).
cost(15, 4, 25).
cost(15, 5, 69).
cost(15, 6, 24).
cost(15, 7, 66).
cost(15, 8, 63).
cost(15, 9, 65).
cost(15, 10, 69).
cost(15, 11, 44).
cost(15, 12, 78).
cost(15, 13, 75).
cost(15, 14, 25).
cost(15, 16, 36).
cost(15, 17, 8).
cost(15, 18, 86).
cost(15, 19, 53).
cost(15, 20, 28).
cost(15, 21, 84).
cost(15, 22, 83).
cost(15, 23, 28).
cost(15, 24, 30).
cost(15, 25, 58).
cost(15, 26, 54).
cost(15, 27, 78).
cost(15, 28, 53).
cost(15, 29, 83).
cost(16, 1, 58).
cost(16, 2, 60).
cost(16, 3, 66).
cost(16, 4, 39).
cost(16, 5, 44).
cost(16, 6, 60).
cost(16, 7, 46).
cost(16, 8, 45).
cost(16, 9, 31).
cost(16, 10, 38).
cost(16, 11, 53).
cost(16, 12, 71).
cost(16, 13, 39).
cost(16, 14, 35).
cost(16, 15, 36).
cost(16, 17, 31).
cost(16, 18, 50).
cost(16, 19, 34).
cost(16, 20, 10).
cost(16, 21, 48).
cost(16, 22, 75).
cost(16, 23, 32).
cost(16, 24, 51).
cost(16, 25, 26).
cost(16, 26, 26).
cost(16, 27, 60).
cost(16, 28, 34).
cost(16, 29, 48).
cost(17, 1, 62).
cost(17, 2, 30).
cost(17, 3, 72).
cost(17, 4, 19).
cost(17, 5, 61).
cost(17, 6, 30).
cost(17, 7, 58).
cost(17, 8, 55).
cost(17, 9, 58).
cost(17, 10, 66).
cost(17, 11, 38).
cost(17, 12, 70).
cost(17, 13, 69).
cost(17, 14, 18).
cost(17, 15, 8).
cost(17, 16, 31).
cost(17, 18, 80).
cost(17, 19, 45).
cost(17, 20, 23).
cost(17, 21, 78).
cost(17, 22, 76).
cost(17, 23, 21).
cost(17, 24, 26).
cost(17, 25, 51).
cost(17, 26, 51).
cost(17, 27, 70).
cost(17, 28, 45).
cost(17, 29, 78).
cost(18, 1, 77).
cost(18, 2, 109).
cost(18, 3, 80).
cost(18, 4, 85).
cost(18, 5, 52).
cost(18, 6, 110).
cost(18, 7, 60).
cost(18, 8, 62).
cost(18, 9, 30).
cost(18, 10, 30).
cost(18, 11, 93).
cost(18, 12, 93).
cost(18, 13, 11).
cost(18, 14, 81).
cost(18, 15, 86).
cost(18, 16, 50).
cost(18, 17, 80).
cost(18, 19, 59).
cost(18, 20, 59).
cost(18, 21, 8).
cost(18, 22, 94).
cost(18, 23, 76).
cost(18, 24, 97).
cost(18, 25, 38).
cost(18, 26, 40).
cost(18, 27, 69).
cost(18, 28, 58).
cost(18, 29, 3).
cost(19, 1, 24).
cost(19, 2, 64).
cost(19, 3, 32).
cost(19, 4, 37).
cost(19, 5, 17).
cost(19, 6, 71).
cost(19, 7, 13).
cost(19, 8, 11).
cost(19, 9, 29).
cost(19, 10, 64).
cost(19, 11, 36).
cost(19, 12, 39).
cost(19, 13, 49).
cost(19, 14, 33).
cost(19, 15, 53).
cost(19, 16, 34).
cost(19, 17, 45).
cost(19, 18, 59).
cost(19, 20, 41).
cost(19, 21, 52).
cost(19, 22, 42).
cost(19, 23, 28).
cost(19, 24, 47).
cost(19, 25, 21).
cost(19, 26, 56).
cost(19, 27, 26).
cost(19, 28, 1).
cost(19, 29, 58).
cost(20, 1, 64).
cost(20, 2, 53).
cost(20, 3, 72).
cost(20, 4, 36).
cost(20, 5, 53).
cost(20, 6, 52).
cost(20, 7, 53).
cost(20, 8, 52).
cost(20, 9, 41).
cost(20, 10, 42).
cost(20, 11, 52).
cost(20, 12, 76).
cost(20, 13, 48).
cost(20, 14, 33).
cost(20, 15, 28).
cost(20, 16, 10).
cost(20, 17, 23).
cost(20, 18, 59).
cost(20, 19, 41).
cost(20, 21, 57).
cost(20, 22, 80).
cost(20, 23, 31).
cost(20, 24, 47).
cost(20, 25, 36).
cost(20, 26, 28).
cost(20, 27, 67).
cost(20, 28, 40).
cost(20, 29, 56).
cost(21, 1, 70).
cost(21, 2, 106).
cost(21, 3, 72).
cost(21, 4, 81).
cost(21, 5, 44).
cost(21, 6, 107).
cost(21, 7, 53).
cost(21, 8, 55).
cost(21, 9, 23).
cost(21, 10, 35).
cost(21, 11, 87).
cost(21, 12, 85).
cost(21, 13, 10).
cost(21, 14, 76).
cost(21, 15, 84).
cost(21, 16, 48).
cost(21, 17, 78).
cost(21, 18, 8).
cost(21, 19, 52).
cost(21, 20, 57).
cost(21, 22, 86).
cost(21, 23, 71).
cost(21, 24, 93).
cost(21, 25, 32).
cost(21, 26, 42).
cost(21, 27, 62).
cost(21, 28, 52).
cost(21, 29, 10).
cost(22, 1, 18).
cost(22, 2, 80).
cost(22, 3, 15).
cost(22, 4, 59).
cost(22, 5, 42).
cost(22, 6, 92).
cost(22, 7, 34).
cost(22, 8, 33).
cost(22, 9, 66).
cost(22, 10, 105).
cost(22, 11, 44).
cost(22, 12, 6).
cost(22, 13, 86).
cost(22, 14, 58).
cost(22, 15, 83).
cost(22, 16, 75).
cost(22, 17, 76).
cost(22, 18, 94).
cost(22, 19, 42).
cost(22, 20, 80).
cost(22, 21, 86).
cost(22, 23, 55).
cost(22, 24, 62).
cost(22, 25, 60).
cost(22, 26, 98).
cost(22, 27, 25).
cost(22, 28, 42).
cost(22, 29, 94).
cost(23, 1, 42).
cost(23, 2, 36).
cost(23, 3, 52).
cost(23, 4, 10).
cost(23, 5, 44).
cost(23, 6, 43).
cost(23, 7, 40).
cost(23, 8, 37).
cost(23, 9, 49).
cost(23, 10, 70).
cost(23, 11, 21).
cost(23, 12, 50).
cost(23, 13, 65).
cost(23, 14, 5).
cost(23, 15, 28).
cost(23, 16, 32).
cost(23, 17, 21).
cost(23, 18, 76).
cost(23, 19, 28).
cost(23, 20, 31).
cost(23, 21, 71).
cost(23, 22, 55).
cost(23, 24, 21).
cost(23, 25, 41).
cost(23, 26, 57).
cost(23, 27, 50).
cost(23, 28, 28).
cost(23, 29, 75).
cost(24, 1, 54).
cost(24, 2, 19).
cost(24, 3, 63).
cost(24, 4, 12).
cost(24, 5, 63).
cost(24, 6, 30).
cost(24, 7, 57).
cost(24, 8, 54).
cost(24, 9, 70).
cost(24, 10, 89).
cost(24, 11, 18).
cost(24, 12, 56).
cost(24, 13, 86).
cost(24, 14, 17).
cost(24, 15, 30).
cost(24, 16, 51).
cost(24, 17, 26).
cost(24, 18, 97).
cost(24, 19, 47).
cost(24, 20, 47).
cost(24, 21, 93).
cost(24, 22, 62).
cost(24, 23, 21).
cost(24, 25, 62).
cost(24, 26, 75).
cost(24, 27, 65).
cost(24, 28, 47).
cost(24, 29, 96).
cost(25, 1, 43).
cost(25, 2, 76).
cost(25, 3, 48).
cost(25, 4, 50).
cost(25, 5, 21).
cost(25, 6, 80).
cost(25, 7, 27).
cost(25, 8, 27).
cost(25, 9, 8).
cost(25, 10, 44).
cost(25, 11, 56).
cost(25, 12, 58).
cost(25, 13, 27).
cost(25, 14, 46).
cost(25, 15, 58).
cost(25, 16, 26).
cost(25, 17, 51).
cost(25, 18, 38).
cost(25, 19, 21).
cost(25, 20, 36).
cost(25, 21, 32).
cost(25, 22, 60).
cost(25, 23, 41).
cost(25, 24, 62).
cost(25, 26, 40).
cost(25, 27, 39).
cost(25, 28, 21).
cost(25, 29, 37).
cost(26, 1, 80).
cost(26, 2, 81).
cost(26, 3, 87).
cost(26, 4, 64).
cost(26, 5, 61).
cost(26, 6, 78).
cost(26, 7, 65).
cost(26, 8, 65).
cost(26, 9, 39).
cost(26, 10, 15).
cost(26, 11, 78).
cost(26, 12, 95).
cost(26, 13, 32).
cost(26, 14, 60).
cost(26, 15, 54).
cost(26, 16, 26).
cost(26, 17, 51).
cost(26, 18, 40).
cost(26, 19, 56).
cost(26, 20, 28).
cost(26, 21, 42).
cost(26, 22, 98).
cost(26, 23, 57).
cost(26, 24, 75).
cost(26, 25, 40).
cost(26, 27, 79).
cost(26, 28, 55).
cost(26, 29, 37).
cost(27, 1, 13).
cost(27, 2, 83).
cost(27, 3, 10).
cost(27, 4, 58).
cost(27, 5, 18).
cost(27, 6, 93).
cost(27, 7, 14).
cost(27, 8, 15).
cost(27, 9, 43).
cost(27, 10, 83).
cost(27, 11, 49).
cost(27, 12, 26).
cost(27, 13, 62).
cost(27, 14, 55).
cost(27, 15, 78).
cost(27, 16, 60).
cost(27, 17, 70).
cost(27, 18, 69).
cost(27, 19, 26).
cost(27, 20, 67).
cost(27, 21, 62).
cost(27, 22, 25).
cost(27, 23, 50).
cost(27, 24, 65).
cost(27, 25, 39).
cost(27, 26, 79).
cost(27, 28, 26).
cost(27, 29, 70).
cost(28, 1, 25).
cost(28, 2, 64).
cost(28, 3, 32).
cost(28, 4, 37).
cost(28, 5, 16).
cost(28, 6, 71).
cost(28, 7, 13).
cost(28, 8, 11).
cost(28, 9, 28).
cost(28, 10, 63).
cost(28, 11, 37).
cost(28, 12, 39).
cost(28, 13, 48).
cost(28, 14, 33).
cost(28, 15, 53).
cost(28, 16, 34).
cost(28, 17, 45).
cost(28, 18, 58).
cost(28, 19, 1).
cost(28, 20, 40).
cost(28, 21, 52).
cost(28, 22, 42).
cost(28, 23, 28).
cost(28, 24, 47).
cost(28, 25, 21).
cost(28, 26, 55).
cost(28, 27, 26).
cost(28, 29, 58).
cost(29, 1, 78).
cost(29, 2, 107).
cost(29, 3, 81).
cost(29, 4, 84).
cost(29, 5, 53).
cost(29, 6, 108).
cost(29, 7, 61).
cost(29, 8, 62).
cost(29, 9, 29).
cost(29, 10, 27).
cost(29, 11, 92).
cost(29, 12, 93).
cost(29, 13, 10).
cost(29, 14, 79).
cost(29, 15, 83).
cost(29, 16, 48).
cost(29, 17, 78).
cost(29, 18, 3).
cost(29, 19, 58).
cost(29, 20, 56).
cost(29, 21, 10).
cost(29, 22, 94).
cost(29, 23, 75).
cost(29, 24, 96).
cost(29, 25, 37).
cost(29, 26, 37).
cost(29, 27, 70).
cost(29, 28, 58).
nocross(1,3).
nocross(1,5).
nocross(1,7).
nocross(1,8).
nocross(1,11).
nocross(1,12).
nocross(1,19).
nocross(1,22).
nocross(1,27).
nocross(1,28).
nocross(2,4).
nocross(2,6).
nocross(2,11).
nocross(2,14).
nocross(2,15).
nocross(2,17).
nocross(2,23).
nocross(2,24).
nocross(3,1).
nocross(3,5).
nocross(3,7).
nocross(3,8).
nocross(3,12).
nocross(3,19).
nocross(3,22).
nocross(3,27).
nocross(3,28).
nocross(4,2).
nocross(4,6).
nocross(4,11).
nocross(4,14).
nocross(4,15).
nocross(4,16).
nocross(4,17).
nocross(4,19).
nocross(4,20).
nocross(4,23).
nocross(4,24).
nocross(4,28).
nocross(5,1).
nocross(5,3).
nocross(5,7).
nocross(5,8).
nocross(5,9).
nocross(5,12).
nocross(5,19).
nocross(5,21).
nocross(5,23).
nocross(5,25).
nocross(5,27).
nocross(5,28).
nocross(6,2).
nocross(6,4).
nocross(6,14).
nocross(6,15).
nocross(6,17).
nocross(6,23).
nocross(6,24).
nocross(7,1).
nocross(7,3).
nocross(7,5).
nocross(7,8).
nocross(7,9).
nocross(7,12).
nocross(7,19).
nocross(7,22).
nocross(7,25).
nocross(7,27).
nocross(7,28).
nocross(8,1).
nocross(8,3).
nocross(8,5).
nocross(8,7).
nocross(8,9).
nocross(8,12).
nocross(8,19).
nocross(8,22).
nocross(8,23).
nocross(8,25).
nocross(8,27).
nocross(8,28).
nocross(9,5).
nocross(9,7).
nocross(9,8).
nocross(9,10).
nocross(9,13).
nocross(9,16).
nocross(9,18).
nocross(9,19).
nocross(9,21).
nocross(9,25).
nocross(9,28).
nocross(9,29).
nocross(10,9).
nocross(10,13).
nocross(10,16).
nocross(10,18).
nocross(10,20).
nocross(10,21).
nocross(10,26).
nocross(10,29).
nocross(11,1).
nocross(11,2).
nocross(11,4).
nocross(11,7).
nocross(11,8).
nocross(11,12).
nocross(11,14).
nocross(11,17).
nocross(11,19).
nocross(11,22).
nocross(11,23).
nocross(11,24).
nocross(11,28).
nocross(12,1).
nocross(12,3).
nocross(12,7).
nocross(12,8).
nocross(12,11).
nocross(12,22).
nocross(12,27).
nocross(13,5).
nocross(13,9).
nocross(13,10).
nocross(13,16).
nocross(13,18).
nocross(13,21).
nocross(13,25).
nocross(13,26).
nocross(13,29).
nocross(14,2).
nocross(14,4).
nocross(14,8).
nocross(14,11).
nocross(14,15).
nocross(14,16).
nocross(14,17).
nocross(14,19).
nocross(14,20).
nocross(14,23).
nocross(14,24).
nocross(14,28).
nocross(15,2).
nocross(15,4).
nocross(15,6).
nocross(15,14).
nocross(15,16).
nocross(15,17).
nocross(15,20).
nocross(15,23).
nocross(15,24).
nocross(16,4).
nocross(16,9).
nocross(16,10).
nocross(16,13).
nocross(16,14).
nocross(16,15).
nocross(16,17).
nocross(16,19).
nocross(16,20).
nocross(16,23).
nocross(16,25).
nocross(16,26).
nocross(16,28).
nocross(17,2).
nocross(17,4).
nocross(17,6).
nocross(17,14).
nocross(17,15).
nocross(17,16).
nocross(17,20).
nocross(17,23).
nocross(17,24).
nocross(18,9).
nocross(18,10).
nocross(18,13).
nocross(18,21).
nocross(18,25).
nocross(18,29).
nocross(19,1).
nocross(19,4).
nocross(19,5).
nocross(19,7).
nocross(19,8).
nocross(19,9).
nocross(19,11).
nocross(19,14).
nocross(19,16).
nocross(19,23).
nocross(19,25).
nocross(19,28).
nocross(20,4).
nocross(20,14).
nocross(20,15).
nocross(20,16).
nocross(20,17).
nocross(20,23).
nocross(20,25).
nocross(20,26).
nocross(21,5).
nocross(21,9).
nocross(21,13).
nocross(21,18).
nocross(21,25).
nocross(21,29).
nocross(22,1).
nocross(22,3).
nocross(22,7).
nocross(22,8).
nocross(22,11).
nocross(22,12).
nocross(22,27).
nocross(23,2).
nocross(23,4).
nocross(23,8).
nocross(23,11).
nocross(23,14).
nocross(23,15).
nocross(23,16).
nocross(23,17).
nocross(23,19).
nocross(23,20).
nocross(23,24).
nocross(23,25).
nocross(23,28).
nocross(24,2).
nocross(24,4).
nocross(24,6).
nocross(24,11).
nocross(24,14).
nocross(24,15).
nocross(24,17).
nocross(24,23).
nocross(25,5).
nocross(25,7).
nocross(25,8).
nocross(25,9).
nocross(25,13).
nocross(25,14).
nocross(25,16).
nocross(25,19).
nocross(25,20).
nocross(25,21).
nocross(25,23).
nocross(25,26).
nocross(25,28).
nocross(25,29).
nocross(26,9).
nocross(26,10).
nocross(26,13).
nocross(26,16).
nocross(26,20).
nocross(26,25).
nocross(26,29).
nocross(27,1).
nocross(27,3).
nocross(27,5).
nocross(27,7).
nocross(27,8).
nocross(27,12).
nocross(27,19).
nocross(27,22).
nocross(27,25).
nocross(27,28).
nocross(28,1).
nocross(28,4).
nocross(28,5).
nocross(28,7).
nocross(28,8).
nocross(28,9).
nocross(28,14).
nocross(28,16).
nocross(28,17).
nocross(28,19).
nocross(28,23).
nocross(28,25).
nocross(29,9).
nocross(29,10).
nocross(29,13).
nocross(29,18).
nocross(29,21).
nocross(29,25).
nocross(29,26).
