dimension(29).
point(1, 55.9633219978, 40.0474448613).
point(2, 30.5525154696, 57.376828127).
point(3, 44.0909471912, 8.4796732274).
point(4, 66.0318879219, 13.5589324142).
point(5, 15.5591894415, 77.0135885903).
point(6, 13.2672567826, 35.035873113).
point(7, 28.9271957657, 75.0943266635).
point(8, 30.0472565885, 78.6681453075).
point(9, 78.6481491626, 97.6675154286).
point(10, 42.3173435537, 71.5916936691).
point(11, 67.136308818, 52.6880236635).
point(12, 63.3197507957, 39.8687284409).
point(13, 11.4657328354, 24.0621676357).
point(14, 55.3113936571, 1.1420131609).
point(15, 36.1348045315, 73.2751972755).
point(16, 46.86785741, 16.9566040982).
point(17, 7.8814130903, 14.7141337714).
point(18, 21.326068325, 8.482019077).
point(19, 39.6440037285, 54.9346227856).
point(20, 89.3615966586, 50.4295554772).
point(21, 89.930439944, 86.2321601245).
point(22, 68.8212666706, 45.6330356956).
point(23, 82.5046505256, 93.8292960217).
point(24, 24.0888788448, 20.3739369666).
point(25, 43.3789697255, 55.2416901754).
point(26, 63.6385899146, 15.8059241931).
point(27, 87.7874183232, 73.3069373739).
point(28, 26.509652597, 54.9853191282).
point(29, 77.4392374903, 52.7304270246).
cost(1, 2, 31).
cost(1, 3, 34).
cost(1, 4, 28).
cost(1, 5, 55).
cost(1, 6, 43).
cost(1, 7, 44).
cost(1, 8, 47).
cost(1, 9, 62).
cost(1, 10, 34).
cost(1, 11, 17).
cost(1, 12, 7).
cost(1, 13, 47).
cost(1, 14, 39).
cost(1, 15, 39).
cost(1, 16, 25).
cost(1, 17, 54).
cost(1, 18, 47).
cost(1, 19, 22).
cost(1, 20, 35).
cost(1, 21, 57).
cost(1, 22, 14).
cost(1, 23, 60).
cost(1, 24, 37).
cost(1, 25, 20).
cost(1, 26, 25).
cost(1, 27, 46).
cost(1, 28, 33).
cost(1, 29, 25).
cost(2, 1, 31).
cost(2, 3, 51).
cost(2, 4, 56).
cost(2, 5, 25).
cost(2, 6, 28).
cost(2, 7, 18).
cost(2, 8, 21).
cost(2, 9, 63).
cost(2, 10, 18).
cost(2, 11, 37).
cost(2, 12, 37).
cost(2, 13, 38).
cost(2, 14, 61).
cost(2, 15, 17).
cost(2, 16, 44).
cost(2, 17, 48).
cost(2, 18, 50).
cost(2, 19, 9).
cost(2, 20, 59).
cost(2, 21, 66).
cost(2, 22, 40).
cost(2, 23, 63).
cost(2, 24, 38).
cost(2, 25, 13).
cost(2, 26, 53).
cost(2, 27, 59).
cost(2, 28, 5).
cost(2, 29, 47).
cost(3, 1, 34).
cost(3, 2, 51).
cost(3, 4, 23).
cost(3, 5, 74).
cost(3, 6, 41).
cost(3, 7, 68).
cost(3, 8, 72).
cost(3, 9, 96).
cost(3, 10, 63).
cost(3, 11, 50).
cost(3, 12, 37).
cost(3, 13, 36).
cost(3, 14, 13).
cost(3, 15, 65).
cost(3, 16, 9).
cost(3, 17, 37).
cost(3, 18, 23).
cost(3, 19, 47).
cost(3, 20, 62).
cost(3, 21, 90).
cost(3, 22, 45).
cost(3, 23, 94).
cost(3, 24, 23).
cost(3, 25, 47).
cost(3, 26, 21).
cost(3, 27, 78).
cost(3, 28, 50).
cost(3, 29, 55).
cost(4, 1, 28).
cost(4, 2, 56).
cost(4, 3, 23).
cost(4, 5, 81).
cost(4, 6, 57).
cost(4, 7, 72).
cost(4, 8, 74).
cost(4, 9, 85).
cost(4, 10, 63).
cost(4, 11, 39).
cost(4, 12, 26).
cost(4, 13, 56).
cost(4, 14, 16).
cost(4, 15, 67).
cost(4, 16, 19).
cost(4, 17, 58).
cost(4, 18, 45).
cost(4, 19, 49).
cost(4, 20, 44).
cost(4, 21, 77).
cost(4, 22, 32).
cost(4, 23, 82).
cost(4, 24, 42).
cost(4, 25, 47).
cost(4, 26, 3).
cost(4, 27, 64).
cost(4, 28, 57).
cost(4, 29, 41).
cost(5, 1, 55).
cost(5, 2, 25).
cost(5, 3, 74).
cost(5, 4, 81).
cost(5, 6, 42).
cost(5, 7, 14).
cost(5, 8, 15).
cost(5, 9, 66).
cost(5, 10, 27).
cost(5, 11, 57).
cost(5, 12, 61).
cost(5, 13, 53).
cost(5, 14, 86).
cost(5, 15, 21).
cost(5, 16, 68).
cost(5, 17, 63).
cost(5, 18, 69).
cost(5, 19, 33).
cost(5, 20, 78).
cost(5, 21, 75).
cost(5, 22, 62).
cost(5, 23, 69).
cost(5, 24, 57).
cost(5, 25, 35).
cost(5, 26, 78).
cost(5, 27, 72).
cost(5, 28, 25).
cost(5, 29, 66).
cost(6, 1, 43).
cost(6, 2, 28).
cost(6, 3, 41).
cost(6, 4, 57).
cost(6, 5, 42).
cost(6, 7, 43).
cost(6, 8, 47).
cost(6, 9, 91).
cost(6, 10, 47).
cost(6, 11, 57).
cost(6, 12, 50).
cost(6, 13, 11).
cost(6, 14, 54).
cost(6, 15, 45).
cost(6, 16, 38).
cost(6, 17, 21).
cost(6, 18, 28).
cost(6, 19, 33).
cost(6, 20, 78).
cost(6, 21, 92).
cost(6, 22, 57).
cost(6, 23, 91).
cost(6, 24, 18).
cost(6, 25, 36).
cost(6, 26, 54).
cost(6, 27, 84).
cost(6, 28, 24).
cost(6, 29, 67).
cost(7, 1, 44).
cost(7, 2, 18).
cost(7, 3, 68).
cost(7, 4, 72).
cost(7, 5, 14).
cost(7, 6, 43).
cost(7, 8, 4).
cost(7, 9, 55).
cost(7, 10, 14).
cost(7, 11, 44).
cost(7, 12, 49).
cost(7, 13, 54).
cost(7, 14, 79).
cost(7, 15, 7).
cost(7, 16, 61).
cost(7, 17, 64).
cost(7, 18, 67).
cost(7, 19, 23).
cost(7, 20, 65).
cost(7, 21, 62).
cost(7, 22, 50).
cost(7, 23, 57).
cost(7, 24, 55).
cost(7, 25, 25).
cost(7, 26, 69).
cost(7, 27, 59).
cost(7, 28, 20).
cost(7, 29, 53).
cost(8, 1, 47).
cost(8, 2, 21).
cost(8, 3, 72).
cost(8, 4, 74).
cost(8, 5, 15).
cost(8, 6, 47).
cost(8, 7, 4).
cost(8, 9, 52).
cost(8, 10, 14).
cost(8, 11, 45).
cost(8, 12, 51).
cost(8, 13, 58).
cost(8, 14, 82).
cost(8, 15, 8).
cost(8, 16, 64).
cost(8, 17, 68).
cost(8, 18, 71).
cost(8, 19, 26).
cost(8, 20, 66).
cost(8, 21, 60).
cost(8, 22, 51).
cost(8, 23, 55).
cost(8, 24, 59).
cost(8, 25, 27).
cost(8, 26, 71).
cost(8, 27, 58).
cost(8, 28, 24).
cost(8, 29, 54).
cost(9, 1, 62).
cost(9, 2, 63).
cost(9, 3, 96).
cost(9, 4, 85).
cost(9, 5, 66).
cost(9, 6, 91).
cost(9, 7, 55).
cost(9, 8, 52).
cost(9, 10, 45).
cost(9, 11, 46).
cost(9, 12, 60).
cost(9, 13, 100).
cost(9, 14, 99).
cost(9, 15, 49).
cost(9, 16, 87).
cost(9, 17, 109).
cost(9, 18, 106).
cost(9, 19, 58).
cost(9, 20, 48).
cost(9, 21, 16).
cost(9, 22, 53).
cost(9, 23, 5).
cost(9, 24, 95).
cost(9, 25, 55).
cost(9, 26, 83).
cost(9, 27, 26).
cost(9, 28, 67).
cost(9, 29, 45).
cost(10, 1, 34).
cost(10, 2, 18).
cost(10, 3, 63).
cost(10, 4, 63).
cost(10, 5, 27).
cost(10, 6, 47).
cost(10, 7, 14).
cost(10, 8, 14).
cost(10, 9, 45).
cost(10, 11, 31).
cost(10, 12, 38).
cost(10, 13, 57).
cost(10, 14, 72).
cost(10, 15, 6).
cost(10, 16, 55).
cost(10, 17, 66).
cost(10, 18, 67).
cost(10, 19, 17).
cost(10, 20, 52).
cost(10, 21, 50).
cost(10, 22, 37).
cost(10, 23, 46).
cost(10, 24, 54).
cost(10, 25, 16).
cost(10, 26, 60).
cost(10, 27, 46).
cost(10, 28, 23).
cost(10, 29, 40).
cost(11, 1, 17).
cost(11, 2, 37).
cost(11, 3, 50).
cost(11, 4, 39).
cost(11, 5, 57).
cost(11, 6, 57).
cost(11, 7, 44).
cost(11, 8, 45).
cost(11, 9, 46).
cost(11, 10, 31).
cost(11, 12, 13).
cost(11, 13, 63).
cost(11, 14, 53).
cost(11, 15, 37).
cost(11, 16, 41).
cost(11, 17, 70).
cost(11, 18, 64).
cost(11, 19, 28).
cost(11, 20, 22).
cost(11, 21, 41).
cost(11, 22, 7).
cost(11, 23, 44).
cost(11, 24, 54).
cost(11, 25, 24).
cost(11, 26, 37).
cost(11, 27, 29).
cost(11, 28, 41).
cost(11, 29, 10).
cost(12, 1, 7).
cost(12, 2, 37).
cost(12, 3, 37).
cost(12, 4, 26).
cost(12, 5, 61).
cost(12, 6, 50).
cost(12, 7, 49).
cost(12, 8, 51).
cost(12, 9, 60).
cost(12, 10, 38).
cost(12, 11, 13).
cost(12, 13, 54).
cost(12, 14, 40).
cost(12, 15, 43).
cost(12, 16, 28).
cost(12, 17, 61).
cost(12, 18, 52).
cost(12, 19, 28).
cost(12, 20, 28).
cost(12, 21, 53).
cost(12, 22, 8).
cost(12, 23, 57).
cost(12, 24, 44).
cost(12, 25, 25).
cost(12, 26, 24).
cost(12, 27, 41).
cost(12, 28, 40).
cost(12, 29, 19).
cost(13, 1, 47).
cost(13, 2, 38).
cost(13, 3, 36).
cost(13, 4, 56).
cost(13, 5, 53).
cost(13, 6, 11).
cost(13, 7, 54).
cost(13, 8, 58).
cost(13, 9, 100).
cost(13, 10, 57).
cost(13, 11, 63).
cost(13, 12, 54).
cost(13, 14, 49).
cost(13, 15, 55).
cost(13, 16, 36).
cost(13, 17, 10).
cost(13, 18, 18).
cost(13, 19, 42).
cost(13, 20, 82).
cost(13, 21, 100).
cost(13, 22, 61).
cost(13, 23, 100).
cost(13, 24, 13).
cost(13, 25, 45).
cost(13, 26, 53).
cost(13, 27, 91).
cost(13, 28, 34).
cost(13, 29, 72).
cost(14, 1, 39).
cost(14, 2, 61).
cost(14, 3, 13).
cost(14, 4, 16).
cost(14, 5, 86).
cost(14, 6, 54).
cost(14, 7, 79).
cost(14, 8, 82).
cost(14, 9, 99).
cost(14, 10, 72).
cost(14, 11, 53).
cost(14, 12, 40).
cost(14, 13, 49).
cost(14, 15, 75).
cost(14, 16, 18).
cost(14, 17, 49).
cost(14, 18, 35).
cost(14, 19, 56).
cost(14, 20, 60).
cost(14, 21, 92).
cost(14, 22, 46).
cost(14, 23, 97).
cost(14, 24, 37).
cost(14, 25, 55).
cost(14, 26, 17).
cost(14, 27, 79).
cost(14, 28, 61).
cost(14, 29, 56).
cost(15, 1, 39).
cost(15, 2, 17).
cost(15, 3, 65).
cost(15, 4, 67).
cost(15, 5, 21).
cost(15, 6, 45).
cost(15, 7, 7).
cost(15, 8, 8).
cost(15, 9, 49).
cost(15, 10, 6).
cost(15, 11, 37).
cost(15, 12, 43).
cost(15, 13, 55).
cost(15, 14, 75).
cost(15, 16, 57).
cost(15, 17, 65).
cost(15, 18, 66).
cost(15, 19, 19).
cost(15, 20, 58).
cost(15, 21, 55).
cost(15, 22, 43).
cost(15, 23, 51).
cost(15, 24, 54).
cost(15, 25, 19).
cost(15, 26, 64).
cost(15, 27, 52).
cost(15, 28, 21).
cost(15, 29, 46).
cost(16, 1, 25).
cost(16, 2, 44).
cost(16, 3, 9).
cost(16, 4, 19).
cost(16, 5, 68).
cost(16, 6, 38).
cost(16, 7, 61).
cost(16, 8, 64).
cost(16, 9, 87).
cost(16, 10, 55).
cost(16, 11, 41).
cost(16, 12, 28).
cost(16, 13, 36).
cost(16, 14, 18).
cost(16, 15, 57).
cost(16, 17, 39).
cost(16, 18, 27).
cost(16, 19, 39).
cost(16, 20, 54).
cost(16, 21, 82).
cost(16, 22, 36).
cost(16, 23, 85).
cost(16, 24, 23).
cost(16, 25, 38).
cost(16, 26, 17).
cost(16, 27, 70).
cost(16, 28, 43).
cost(16, 29, 47).
cost(17, 1, 54).
cost(17, 2, 48).
cost(17, 3, 37).
cost(17, 4, 58).
cost(17, 5, 63).
cost(17, 6, 21).
cost(17, 7, 64).
cost(17, 8, 68).
cost(17, 9, 109).
cost(17, 10, 66).
cost(17, 11, 70).
cost(17, 12, 61).
cost(17, 13, 10).
cost(17, 14, 49).
cost(17, 15, 65).
cost(17, 16, 39).
cost(17, 18, 15).
cost(17, 19, 51).
cost(17, 20, 89).
cost(17, 21, 109).
cost(17, 22, 68).
cost(17, 23, 109).
cost(17, 24, 17).
cost(17, 25, 54).
cost(17, 26, 56).
cost(17, 27, 99).
cost(17, 28, 44).
cost(17, 29, 79).
cost(18, 1, 47).
cost(18, 2, 50).
cost(18, 3, 23).
cost(18, 4, 45).
cost(18, 5, 69).
cost(18, 6, 28).
cost(18, 7, 67).
cost(18, 8, 71).
cost(18, 9, 106).
cost(18, 10, 67).
cost(18, 11, 64).
cost(18, 12, 52).
cost(18, 13, 18).
cost(18, 14, 35).
cost(18, 15, 66).
cost(18, 16, 27).
cost(18, 17, 15).
cost(18, 19, 50).
cost(18, 20, 80).
cost(18, 21, 104).
cost(18, 22, 60).
cost(18, 23, 105).
cost(18, 24, 12).
cost(18, 25, 52).
cost(18, 26, 43).
cost(18, 27, 93).
cost(18, 28, 47).
cost(18, 29, 71).
cost(19, 1, 22).
cost(19, 2, 9).
cost(19, 3, 47).
cost(19, 4, 49).
cost(19, 5, 33).
cost(19, 6, 33).
cost(19, 7, 23).
cost(19, 8, 26).
cost(19, 9, 58).
cost(19, 10, 17).
cost(19, 11, 28).
cost(19, 12, 28).
cost(19, 13, 42).
cost(19, 14, 56).
cost(19, 15, 19).
cost(19, 16, 39).
cost(19, 17, 51).
cost(19, 18, 50).
cost(19, 20, 50).
cost(19, 21, 59).
cost(19, 22, 31).
cost(19, 23, 58).
cost(19, 24, 38).
cost(19, 25, 4).
cost(19, 26, 46).
cost(19, 27, 52).
cost(19, 28, 13).
cost(19, 29, 38).
cost(20, 1, 35).
cost(20, 2, 59).
cost(20, 3, 62).
cost(20, 4, 44).
cost(20, 5, 78).
cost(20, 6, 78).
cost(20, 7, 65).
cost(20, 8, 66).
cost(20, 9, 48).
cost(20, 10, 52).
cost(20, 11, 22).
cost(20, 12, 28).
cost(20, 13, 82).
cost(20, 14, 60).
cost(20, 15, 58).
cost(20, 16, 54).
cost(20, 17, 89).
cost(20, 18, 80).
cost(20, 19, 50).
cost(20, 21, 36).
cost(20, 22, 21).
cost(20, 23, 44).
cost(20, 24, 72).
cost(20, 25, 46).
cost(20, 26, 43).
cost(20, 27, 23).
cost(20, 28, 63).
cost(20, 29, 12).
cost(21, 1, 57).
cost(21, 2, 66).
cost(21, 3, 90).
cost(21, 4, 77).
cost(21, 5, 75).
cost(21, 6, 92).
cost(21, 7, 62).
cost(21, 8, 60).
cost(21, 9, 16).
cost(21, 10, 50).
cost(21, 11, 41).
cost(21, 12, 53).
cost(21, 13, 100).
cost(21, 14, 92).
cost(21, 15, 55).
cost(21, 16, 82).
cost(21, 17, 109).
cost(21, 18, 104).
cost(21, 19, 59).
cost(21, 20, 36).
cost(21, 22, 46).
cost(21, 23, 11).
cost(21, 24, 93).
cost(21, 25, 56).
cost(21, 26, 75).
cost(21, 27, 13).
cost(21, 28, 71).
cost(21, 29, 36).
cost(22, 1, 14).
cost(22, 2, 40).
cost(22, 3, 45).
cost(22, 4, 32).
cost(22, 5, 62).
cost(22, 6, 57).
cost(22, 7, 50).
cost(22, 8, 51).
cost(22, 9, 53).
cost(22, 10, 37).
cost(22, 11, 7).
cost(22, 12, 8).
cost(22, 13, 61).
cost(22, 14, 46).
cost(22, 15, 43).
cost(22, 16, 36).
cost(22, 17, 68).
cost(22, 18, 60).
cost(22, 19, 31).
cost(22, 20, 21).
cost(22, 21, 46).
cost(22, 23, 50).
cost(22, 24, 51).
cost(22, 25, 27).
cost(22, 26, 30).
cost(22, 27, 34).
cost(22, 28, 43).
cost(22, 29, 11).
cost(23, 1, 60).
cost(23, 2, 63).
cost(23, 3, 94).
cost(23, 4, 82).
cost(23, 5, 69).
cost(23, 6, 91).
cost(23, 7, 57).
cost(23, 8, 55).
cost(23, 9, 5).
cost(23, 10, 46).
cost(23, 11, 44).
cost(23, 12, 57).
cost(23, 13, 100).
cost(23, 14, 97).
cost(23, 15, 51).
cost(23, 16, 85).
cost(23, 17, 109).
cost(23, 18, 105).
cost(23, 19, 58).
cost(23, 20, 44).
cost(23, 21, 11).
cost(23, 22, 50).
cost(23, 24, 94).
cost(23, 25, 55).
cost(23, 26, 80).
cost(23, 27, 21).
cost(23, 28, 68).
cost(23, 29, 41).
cost(24, 1, 37).
cost(24, 2, 38).
cost(24, 3, 23).
cost(24, 4, 42).
cost(24, 5, 57).
cost(24, 6, 18).
cost(24, 7, 55).
cost(24, 8, 59).
cost(24, 9, 95).
cost(24, 10, 54).
cost(24, 11, 54).
cost(24, 12, 44).
cost(24, 13, 13).
cost(24, 14, 37).
cost(24, 15, 54).
cost(24, 16, 23).
cost(24, 17, 17).
cost(24, 18, 12).
cost(24, 19, 38).
cost(24, 20, 72).
cost(24, 21, 93).
cost(24, 22, 51).
cost(24, 23, 94).
cost(24, 25, 40).
cost(24, 26, 40).
cost(24, 27, 83).
cost(24, 28, 35).
cost(24, 29, 62).
cost(25, 1, 20).
cost(25, 2, 13).
cost(25, 3, 47).
cost(25, 4, 47).
cost(25, 5, 35).
cost(25, 6, 36).
cost(25, 7, 25).
cost(25, 8, 27).
cost(25, 9, 55).
cost(25, 10, 16).
cost(25, 11, 24).
cost(25, 12, 25).
cost(25, 13, 45).
cost(25, 14, 55).
cost(25, 15, 19).
cost(25, 16, 38).
cost(25, 17, 54).
cost(25, 18, 52).
cost(25, 19, 4).
cost(25, 20, 46).
cost(25, 21, 56).
cost(25, 22, 27).
cost(25, 23, 55).
cost(25, 24, 40).
cost(25, 26, 44).
cost(25, 27, 48).
cost(25, 28, 17).
cost(25, 29, 34).
cost(26, 1, 25).
cost(26, 2, 53).
cost(26, 3, 21).
cost(26, 4, 3).
cost(26, 5, 78).
cost(26, 6, 54).
cost(26, 7, 69).
cost(26, 8, 71).
cost(26, 9, 83).
cost(26, 10, 60).
cost(26, 11, 37).
cost(26, 12, 24).
cost(26, 13, 53).
cost(26, 14, 17).
cost(26, 15, 64).
cost(26, 16, 17).
cost(26, 17, 56).
cost(26, 18, 43).
cost(26, 19, 46).
cost(26, 20, 43).
cost(26, 21, 75).
cost(26, 22, 30).
cost(26, 23, 80).
cost(26, 24, 40).
cost(26, 25, 44).
cost(26, 27, 62).
cost(26, 28, 54).
cost(26, 29, 39).
cost(27, 1, 46).
cost(27, 2, 59).
cost(27, 3, 78).
cost(27, 4, 64).
cost(27, 5, 72).
cost(27, 6, 84).
cost(27, 7, 59).
cost(27, 8, 58).
cost(27, 9, 26).
cost(27, 10, 46).
cost(27, 11, 29).
cost(27, 12, 41).
cost(27, 13, 91).
cost(27, 14, 79).
cost(27, 15, 52).
cost(27, 16, 70).
cost(27, 17, 99).
cost(27, 18, 93).
cost(27, 19, 52).
cost(27, 20, 23).
cost(27, 21, 13).
cost(27, 22, 34).
cost(27, 23, 21).
cost(27, 24, 83).
cost(27, 25, 48).
cost(27, 26, 62).
cost(27, 28, 64).
cost(27, 29, 23).
cost(28, 1, 33).
cost(28, 2, 5).
cost(28, 3, 50).
cost(28, 4, 57).
cost(28, 5, 25).
cost(28, 6, 24).
cost(28, 7, 20).
cost(28, 8, 24).
cost(28, 9, 67).
cost(28, 10, 23).
cost(28, 11, 41).
cost(28, 12, 40).
cost(28, 13, 34).
cost(28, 14, 61).
cost(28, 15, 21).
cost(28, 16, 43).
cost(28, 17, 44).
cost(28, 18, 47).
cost(28, 19, 13).
cost(28, 20, 63).
cost(28, 21, 71).
cost(28, 22, 43).
cost(28, 23, 68).
cost(28, 24, 35).
cost(28, 25, 17).
cost(28, 26, 54).
cost(28, 27, 64).
cost(28, 29, 51).
cost(29, 1, 25).
cost(29, 2, 47).
cost(29, 3, 55).
cost(29, 4, 41).
cost(29, 5, 66).
cost(29, 6, 67).
cost(29, 7, 53).
cost(29, 8, 54).
cost(29, 9, 45).
cost(29, 10, 40).
cost(29, 11, 10).
cost(29, 12, 19).
cost(29, 13, 72).
cost(29, 14, 56).
cost(29, 15, 46).
cost(29, 16, 47).
cost(29, 17, 79).
cost(29, 18, 71).
cost(29, 19, 38).
cost(29, 20, 12).
cost(29, 21, 36).
cost(29, 22, 11).
cost(29, 23, 41).
cost(29, 24, 62).
cost(29, 25, 34).
cost(29, 26, 39).
cost(29, 27, 23).
cost(29, 28, 51).
nocross(1,2).
nocross(1,3).
nocross(1,4).
nocross(1,11).
nocross(1,12).
nocross(1,16).
nocross(1,19).
nocross(1,22).
nocross(1,25).
nocross(1,26).
nocross(1,28).
nocross(1,29).
nocross(2,1).
nocross(2,5).
nocross(2,6).
nocross(2,7).
nocross(2,8).
nocross(2,10).
nocross(2,15).
nocross(2,19).
nocross(2,25).
nocross(2,28).
nocross(3,1).
nocross(3,4).
nocross(3,13).
nocross(3,14).
nocross(3,16).
nocross(3,18).
nocross(3,24).
nocross(3,26).
nocross(4,1).
nocross(4,3).
nocross(4,11).
nocross(4,12).
nocross(4,14).
nocross(4,16).
nocross(4,22).
nocross(4,26).
nocross(5,2).
nocross(5,6).
nocross(5,7).
nocross(5,8).
nocross(5,10).
nocross(5,15).
nocross(5,19).
nocross(5,28).
nocross(6,2).
nocross(6,5).
nocross(6,7).
nocross(6,13).
nocross(6,17).
nocross(6,18).
nocross(6,19).
nocross(6,24).
nocross(6,25).
nocross(6,28).
nocross(7,2).
nocross(7,5).
nocross(7,8).
nocross(7,10).
nocross(7,15).
nocross(7,19).
nocross(7,25).
nocross(7,28).
nocross(8,2).
nocross(8,5).
nocross(8,7).
nocross(8,10).
nocross(8,15).
nocross(8,19).
nocross(8,25).
nocross(8,28).
nocross(9,21).
nocross(9,23).
nocross(9,27).
nocross(10,1).
nocross(10,2).
nocross(10,5).
nocross(10,7).
nocross(10,8).
nocross(10,9).
nocross(10,11).
nocross(10,15).
nocross(10,19).
nocross(10,25).
nocross(10,28).
nocross(11,1).
nocross(11,10).
nocross(11,12).
nocross(11,19).
nocross(11,20).
nocross(11,22).
nocross(11,25).
nocross(11,26).
nocross(11,27).
nocross(11,29).
nocross(12,1).
nocross(12,4).
nocross(12,11).
nocross(12,14).
nocross(12,16).
nocross(12,19).
nocross(12,20).
nocross(12,22).
nocross(12,25).
nocross(12,26).
nocross(12,29).
nocross(13,2).
nocross(13,3).
nocross(13,6).
nocross(13,17).
nocross(13,18).
nocross(13,24).
nocross(13,28).
nocross(14,1).
nocross(14,3).
nocross(14,4).
nocross(14,12).
nocross(14,16).
nocross(14,18).
nocross(14,26).
nocross(15,2).
nocross(15,5).
nocross(15,7).
nocross(15,8).
nocross(15,9).
nocross(15,10).
nocross(15,19).
nocross(15,25).
nocross(15,28).
nocross(16,1).
nocross(16,3).
nocross(16,4).
nocross(16,12).
nocross(16,14).
nocross(16,18).
nocross(16,19).
nocross(16,22).
nocross(16,24).
nocross(16,25).
nocross(16,26).
nocross(17,6).
nocross(17,13).
nocross(17,18).
nocross(17,24).
nocross(18,3).
nocross(18,6).
nocross(18,13).
nocross(18,14).
nocross(18,16).
nocross(18,17).
nocross(18,24).
nocross(19,1).
nocross(19,2).
nocross(19,6).
nocross(19,7).
nocross(19,8).
nocross(19,10).
nocross(19,11).
nocross(19,12).
nocross(19,15).
nocross(19,16).
nocross(19,25).
nocross(19,28).
nocross(20,1).
nocross(20,4).
nocross(20,11).
nocross(20,12).
nocross(20,21).
nocross(20,22).
nocross(20,23).
nocross(20,27).
nocross(20,29).
nocross(21,9).
nocross(21,20).
nocross(21,23).
nocross(21,27).
nocross(21,29).
nocross(22,1).
nocross(22,4).
nocross(22,11).
nocross(22,12).
nocross(22,16).
nocross(22,20).
nocross(22,25).
nocross(22,26).
nocross(22,27).
nocross(22,29).
nocross(23,9).
nocross(23,21).
nocross(23,27).
nocross(24,2).
nocross(24,3).
nocross(24,6).
nocross(24,13).
nocross(24,16).
nocross(24,17).
nocross(24,18).
nocross(24,19).
nocross(24,26).
nocross(24,28).
nocross(25,1).
nocross(25,2).
nocross(25,7).
nocross(25,8).
nocross(25,10).
nocross(25,11).
nocross(25,12).
nocross(25,15).
nocross(25,16).
nocross(25,19).
nocross(25,22).
nocross(25,28).
nocross(26,1).
nocross(26,3).
nocross(26,4).
nocross(26,12).
nocross(26,14).
nocross(26,16).
nocross(26,22).
nocross(27,11).
nocross(27,20).
nocross(27,21).
nocross(27,22).
nocross(27,23).
nocross(27,29).
nocross(28,2).
nocross(28,5).
nocross(28,6).
nocross(28,7).
nocross(28,8).
nocross(28,10).
nocross(28,13).
nocross(28,15).
nocross(28,19).
nocross(28,24).
nocross(28,25).
nocross(29,1).
nocross(29,4).
nocross(29,11).
nocross(29,12).
nocross(29,20).
nocross(29,21).
nocross(29,22).
nocross(29,23).
nocross(29,27).
