dimension(29).
point(1, 90.1276863727, 53.8233670208).
point(2, 58.2801162194, 69.5435679808).
point(3, 22.6097239492, 15.2069118119).
point(4, 19.3109887238, 10.6276176484).
point(5, 29.9186355374, 12.651683889).
point(6, 80.5886785888, 51.418585998).
point(7, 54.6754248158, 85.8034815095).
point(8, 88.9863470244, 61.325939548).
point(9, 19.153388997, 69.0483113188).
point(10, 58.9702237686, 84.9478808359).
point(11, 9.2730308489, 44.4233166964).
point(12, 45.9076469228, 81.0117583809).
point(13, 78.7102952558, 55.1875361024).
point(14, 6.6529805497, 66.3349930735).
point(15, 45.4759627054, 36.5691147119).
point(16, 4.8941953924, 72.1606949126).
point(17, 53.3787901866, 31.2293668193).
point(18, 17.3989748179, 4.6500699284).
point(19, 91.5387756192, 78.584117643).
point(20, 51.9791781059, 88.886309323).
point(21, 70.3041920781, 93.260461883).
point(22, 36.4981998004, 45.078664034).
point(23, 93.1276958882, 72.7645197409).
point(24, 87.4698737449, 75.5488260224).
point(25, 90.8456651351, 67.3878674224).
point(26, 3.6365606619, 61.4329705943).
point(27, 59.6123327673, 35.3914772782).
point(28, 45.3792221307, 12.7632707551).
point(29, 75.7297754296, 23.1281678775).
cost(1, 2, 36).
cost(1, 3, 78).
cost(1, 4, 83).
cost(1, 5, 73).
cost(1, 6, 10).
cost(1, 7, 48).
cost(1, 8, 8).
cost(1, 9, 73).
cost(1, 10, 44).
cost(1, 11, 81).
cost(1, 12, 52).
cost(1, 13, 11).
cost(1, 14, 84).
cost(1, 15, 48).
cost(1, 16, 87).
cost(1, 17, 43).
cost(1, 18, 88).
cost(1, 19, 25).
cost(1, 20, 52).
cost(1, 21, 44).
cost(1, 22, 54).
cost(1, 23, 19).
cost(1, 24, 22).
cost(1, 25, 14).
cost(1, 26, 87).
cost(1, 27, 36).
cost(1, 28, 61).
cost(1, 29, 34).
cost(2, 1, 36).
cost(2, 3, 65).
cost(2, 4, 71).
cost(2, 5, 64).
cost(2, 6, 29).
cost(2, 7, 17).
cost(2, 8, 32).
cost(2, 9, 39).
cost(2, 10, 15).
cost(2, 11, 55).
cost(2, 12, 17).
cost(2, 13, 25).
cost(2, 14, 52).
cost(2, 15, 35).
cost(2, 16, 53).
cost(2, 17, 39).
cost(2, 18, 77).
cost(2, 19, 34).
cost(2, 20, 20).
cost(2, 21, 27).
cost(2, 22, 33).
cost(2, 23, 35).
cost(2, 24, 30).
cost(2, 25, 33).
cost(2, 26, 55).
cost(2, 27, 34).
cost(2, 28, 58).
cost(2, 29, 50).
cost(3, 1, 78).
cost(3, 2, 65).
cost(3, 4, 6).
cost(3, 5, 8).
cost(3, 6, 68).
cost(3, 7, 78).
cost(3, 8, 81).
cost(3, 9, 54).
cost(3, 10, 79).
cost(3, 11, 32).
cost(3, 12, 70).
cost(3, 13, 69).
cost(3, 14, 54).
cost(3, 15, 31).
cost(3, 16, 60).
cost(3, 17, 35).
cost(3, 18, 12).
cost(3, 19, 94).
cost(3, 20, 79).
cost(3, 21, 91).
cost(3, 22, 33).
cost(3, 23, 91).
cost(3, 24, 89).
cost(3, 25, 86).
cost(3, 26, 50).
cost(3, 27, 42).
cost(3, 28, 23).
cost(3, 29, 54).
cost(4, 1, 83).
cost(4, 2, 71).
cost(4, 3, 6).
cost(4, 5, 11).
cost(4, 6, 74).
cost(4, 7, 83).
cost(4, 8, 86).
cost(4, 9, 58).
cost(4, 10, 84).
cost(4, 11, 35).
cost(4, 12, 75).
cost(4, 13, 74).
cost(4, 14, 57).
cost(4, 15, 37).
cost(4, 16, 63).
cost(4, 17, 40).
cost(4, 18, 6).
cost(4, 19, 99).
cost(4, 20, 85).
cost(4, 21, 97).
cost(4, 22, 39).
cost(4, 23, 96).
cost(4, 24, 94).
cost(4, 25, 91).
cost(4, 26, 53).
cost(4, 27, 47).
cost(4, 28, 26).
cost(4, 29, 58).
cost(5, 1, 73).
cost(5, 2, 64).
cost(5, 3, 8).
cost(5, 4, 11).
cost(5, 6, 64).
cost(5, 7, 77).
cost(5, 8, 77).
cost(5, 9, 57).
cost(5, 10, 78).
cost(5, 11, 38).
cost(5, 12, 70).
cost(5, 13, 65).
cost(5, 14, 59).
cost(5, 15, 29).
cost(5, 16, 65).
cost(5, 17, 30).
cost(5, 18, 15).
cost(5, 19, 90).
cost(5, 20, 79).
cost(5, 21, 90).
cost(5, 22, 33).
cost(5, 23, 87).
cost(5, 24, 85).
cost(5, 25, 82).
cost(5, 26, 55).
cost(5, 27, 37).
cost(5, 28, 15).
cost(5, 29, 47).
cost(6, 1, 10).
cost(6, 2, 29).
cost(6, 3, 68).
cost(6, 4, 74).
cost(6, 5, 64).
cost(6, 7, 43).
cost(6, 8, 13).
cost(6, 9, 64).
cost(6, 10, 40).
cost(6, 11, 72).
cost(6, 12, 46).
cost(6, 13, 4).
cost(6, 14, 75).
cost(6, 15, 38).
cost(6, 16, 78).
cost(6, 17, 34).
cost(6, 18, 79).
cost(6, 19, 29).
cost(6, 20, 47).
cost(6, 21, 43).
cost(6, 22, 45).
cost(6, 23, 25).
cost(6, 24, 25).
cost(6, 25, 19).
cost(6, 26, 78).
cost(6, 27, 26).
cost(6, 28, 52).
cost(6, 29, 29).
cost(7, 1, 48).
cost(7, 2, 17).
cost(7, 3, 78).
cost(7, 4, 83).
cost(7, 5, 77).
cost(7, 6, 43).
cost(7, 8, 42).
cost(7, 9, 39).
cost(7, 10, 4).
cost(7, 11, 61).
cost(7, 12, 10).
cost(7, 13, 39).
cost(7, 14, 52).
cost(7, 15, 50).
cost(7, 16, 52).
cost(7, 17, 55).
cost(7, 18, 89).
cost(7, 19, 38).
cost(7, 20, 4).
cost(7, 21, 17).
cost(7, 22, 45).
cost(7, 23, 41).
cost(7, 24, 34).
cost(7, 25, 41).
cost(7, 26, 57).
cost(7, 27, 51).
cost(7, 28, 74).
cost(7, 29, 66).
cost(8, 1, 8).
cost(8, 2, 32).
cost(8, 3, 81).
cost(8, 4, 86).
cost(8, 5, 77).
cost(8, 6, 13).
cost(8, 7, 42).
cost(8, 9, 70).
cost(8, 10, 38).
cost(8, 11, 81).
cost(8, 12, 47).
cost(8, 13, 12).
cost(8, 14, 82).
cost(8, 15, 50).
cost(8, 16, 85).
cost(8, 17, 47).
cost(8, 18, 91).
cost(8, 19, 17).
cost(8, 20, 46).
cost(8, 21, 37).
cost(8, 22, 55).
cost(8, 23, 12).
cost(8, 24, 14).
cost(8, 25, 6).
cost(8, 26, 85).
cost(8, 27, 39).
cost(8, 28, 65).
cost(8, 29, 40).
cost(9, 1, 73).
cost(9, 2, 39).
cost(9, 3, 54).
cost(9, 4, 58).
cost(9, 5, 57).
cost(9, 6, 64).
cost(9, 7, 39).
cost(9, 8, 70).
cost(9, 10, 43).
cost(9, 11, 27).
cost(9, 12, 29).
cost(9, 13, 61).
cost(9, 14, 13).
cost(9, 15, 42).
cost(9, 16, 15).
cost(9, 17, 51).
cost(9, 18, 64).
cost(9, 19, 73).
cost(9, 20, 38).
cost(9, 21, 57).
cost(9, 22, 30).
cost(9, 23, 74).
cost(9, 24, 69).
cost(9, 25, 72).
cost(9, 26, 17).
cost(9, 27, 53).
cost(9, 28, 62).
cost(9, 29, 73).
cost(10, 1, 44).
cost(10, 2, 15).
cost(10, 3, 79).
cost(10, 4, 84).
cost(10, 5, 78).
cost(10, 6, 40).
cost(10, 7, 4).
cost(10, 8, 38).
cost(10, 9, 43).
cost(10, 11, 64).
cost(10, 12, 14).
cost(10, 13, 36).
cost(10, 14, 56).
cost(10, 15, 50).
cost(10, 16, 56).
cost(10, 17, 54).
cost(10, 18, 90).
cost(10, 19, 33).
cost(10, 20, 8).
cost(10, 21, 14).
cost(10, 22, 46).
cost(10, 23, 36).
cost(10, 24, 30).
cost(10, 25, 36).
cost(10, 26, 60).
cost(10, 27, 50).
cost(10, 28, 73).
cost(10, 29, 64).
cost(11, 1, 81).
cost(11, 2, 55).
cost(11, 3, 32).
cost(11, 4, 35).
cost(11, 5, 38).
cost(11, 6, 72).
cost(11, 7, 61).
cost(11, 8, 81).
cost(11, 9, 27).
cost(11, 10, 64).
cost(11, 12, 52).
cost(11, 13, 70).
cost(11, 14, 22).
cost(11, 15, 37).
cost(11, 16, 28).
cost(11, 17, 46).
cost(11, 18, 41).
cost(11, 19, 89).
cost(11, 20, 62).
cost(11, 21, 78).
cost(11, 22, 27).
cost(11, 23, 89).
cost(11, 24, 84).
cost(11, 25, 85).
cost(11, 26, 18).
cost(11, 27, 51).
cost(11, 28, 48).
cost(11, 29, 70).
cost(12, 1, 52).
cost(12, 2, 17).
cost(12, 3, 70).
cost(12, 4, 75).
cost(12, 5, 70).
cost(12, 6, 46).
cost(12, 7, 10).
cost(12, 8, 47).
cost(12, 9, 29).
cost(12, 10, 14).
cost(12, 11, 52).
cost(12, 13, 42).
cost(12, 14, 42).
cost(12, 15, 44).
cost(12, 16, 42).
cost(12, 17, 50).
cost(12, 18, 82).
cost(12, 19, 46).
cost(12, 20, 10).
cost(12, 21, 27).
cost(12, 22, 37).
cost(12, 23, 48).
cost(12, 24, 42).
cost(12, 25, 47).
cost(12, 26, 47).
cost(12, 27, 48).
cost(12, 28, 68).
cost(12, 29, 65).
cost(13, 1, 11).
cost(13, 2, 25).
cost(13, 3, 69).
cost(13, 4, 74).
cost(13, 5, 65).
cost(13, 6, 4).
cost(13, 7, 39).
cost(13, 8, 12).
cost(13, 9, 61).
cost(13, 10, 36).
cost(13, 11, 70).
cost(13, 12, 42).
cost(13, 14, 73).
cost(13, 15, 38).
cost(13, 16, 76).
cost(13, 17, 35).
cost(13, 18, 79).
cost(13, 19, 27).
cost(13, 20, 43).
cost(13, 21, 39).
cost(13, 22, 43).
cost(13, 23, 23).
cost(13, 24, 22).
cost(13, 25, 17).
cost(13, 26, 75).
cost(13, 27, 28).
cost(13, 28, 54).
cost(13, 29, 32).
cost(14, 1, 84).
cost(14, 2, 52).
cost(14, 3, 54).
cost(14, 4, 57).
cost(14, 5, 59).
cost(14, 6, 75).
cost(14, 7, 52).
cost(14, 8, 82).
cost(14, 9, 13).
cost(14, 10, 56).
cost(14, 11, 22).
cost(14, 12, 42).
cost(14, 13, 73).
cost(14, 15, 49).
cost(14, 16, 6).
cost(14, 17, 58).
cost(14, 18, 63).
cost(14, 19, 86).
cost(14, 20, 51).
cost(14, 21, 69).
cost(14, 22, 37).
cost(14, 23, 87).
cost(14, 24, 81).
cost(14, 25, 84).
cost(14, 26, 6).
cost(14, 27, 61).
cost(14, 28, 66).
cost(14, 29, 81).
cost(15, 1, 48).
cost(15, 2, 35).
cost(15, 3, 31).
cost(15, 4, 37).
cost(15, 5, 29).
cost(15, 6, 38).
cost(15, 7, 50).
cost(15, 8, 50).
cost(15, 9, 42).
cost(15, 10, 50).
cost(15, 11, 37).
cost(15, 12, 44).
cost(15, 13, 38).
cost(15, 14, 49).
cost(15, 16, 54).
cost(15, 17, 10).
cost(15, 18, 43).
cost(15, 19, 62).
cost(15, 20, 53).
cost(15, 21, 62).
cost(15, 22, 12).
cost(15, 23, 60).
cost(15, 24, 57).
cost(15, 25, 55).
cost(15, 26, 49).
cost(15, 27, 14).
cost(15, 28, 24).
cost(15, 29, 33).
cost(16, 1, 87).
cost(16, 2, 53).
cost(16, 3, 60).
cost(16, 4, 63).
cost(16, 5, 65).
cost(16, 6, 78).
cost(16, 7, 52).
cost(16, 8, 85).
cost(16, 9, 15).
cost(16, 10, 56).
cost(16, 11, 28).
cost(16, 12, 42).
cost(16, 13, 76).
cost(16, 14, 6).
cost(16, 15, 54).
cost(16, 17, 63).
cost(16, 18, 69).
cost(16, 19, 87).
cost(16, 20, 50).
cost(16, 21, 69).
cost(16, 22, 42).
cost(16, 23, 88).
cost(16, 24, 83).
cost(16, 25, 86).
cost(16, 26, 11).
cost(16, 27, 66).
cost(16, 28, 72).
cost(16, 29, 86).
cost(17, 1, 43).
cost(17, 2, 39).
cost(17, 3, 35).
cost(17, 4, 40).
cost(17, 5, 30).
cost(17, 6, 34).
cost(17, 7, 55).
cost(17, 8, 47).
cost(17, 9, 51).
cost(17, 10, 54).
cost(17, 11, 46).
cost(17, 12, 50).
cost(17, 13, 35).
cost(17, 14, 58).
cost(17, 15, 10).
cost(17, 16, 63).
cost(17, 18, 45).
cost(17, 19, 61).
cost(17, 20, 58).
cost(17, 21, 64).
cost(17, 22, 22).
cost(17, 23, 57).
cost(17, 24, 56).
cost(17, 25, 52).
cost(17, 26, 58).
cost(17, 27, 7).
cost(17, 28, 20).
cost(17, 29, 24).
cost(18, 1, 88).
cost(18, 2, 77).
cost(18, 3, 12).
cost(18, 4, 6).
cost(18, 5, 15).
cost(18, 6, 79).
cost(18, 7, 89).
cost(18, 8, 91).
cost(18, 9, 64).
cost(18, 10, 90).
cost(18, 11, 41).
cost(18, 12, 82).
cost(18, 13, 79).
cost(18, 14, 63).
cost(18, 15, 43).
cost(18, 16, 69).
cost(18, 17, 45).
cost(18, 19, 105).
cost(18, 20, 91).
cost(18, 21, 103).
cost(18, 22, 45).
cost(18, 23, 102).
cost(18, 24, 100).
cost(18, 25, 97).
cost(18, 26, 58).
cost(18, 27, 52).
cost(18, 28, 29).
cost(18, 29, 61).
cost(19, 1, 25).
cost(19, 2, 34).
cost(19, 3, 94).
cost(19, 4, 99).
cost(19, 5, 90).
cost(19, 6, 29).
cost(19, 7, 38).
cost(19, 8, 17).
cost(19, 9, 73).
cost(19, 10, 33).
cost(19, 11, 89).
cost(19, 12, 46).
cost(19, 13, 27).
cost(19, 14, 86).
cost(19, 15, 62).
cost(19, 16, 87).
cost(19, 17, 61).
cost(19, 18, 105).
cost(19, 20, 41).
cost(19, 21, 26).
cost(19, 22, 64).
cost(19, 23, 6).
cost(19, 24, 5).
cost(19, 25, 11).
cost(19, 26, 90).
cost(19, 27, 54).
cost(19, 28, 80).
cost(19, 29, 58).
cost(20, 1, 52).
cost(20, 2, 20).
cost(20, 3, 79).
cost(20, 4, 85).
cost(20, 5, 79).
cost(20, 6, 47).
cost(20, 7, 4).
cost(20, 8, 46).
cost(20, 9, 38).
cost(20, 10, 8).
cost(20, 11, 62).
cost(20, 12, 10).
cost(20, 13, 43).
cost(20, 14, 51).
cost(20, 15, 53).
cost(20, 16, 50).
cost(20, 17, 58).
cost(20, 18, 91).
cost(20, 19, 41).
cost(20, 21, 19).
cost(20, 22, 46).
cost(20, 23, 44).
cost(20, 24, 38).
cost(20, 25, 44).
cost(20, 26, 56).
cost(20, 27, 54).
cost(20, 28, 76).
cost(20, 29, 70).
cost(21, 1, 44).
cost(21, 2, 27).
cost(21, 3, 91).
cost(21, 4, 97).
cost(21, 5, 90).
cost(21, 6, 43).
cost(21, 7, 17).
cost(21, 8, 37).
cost(21, 9, 57).
cost(21, 10, 14).
cost(21, 11, 78).
cost(21, 12, 27).
cost(21, 13, 39).
cost(21, 14, 69).
cost(21, 15, 62).
cost(21, 16, 69).
cost(21, 17, 64).
cost(21, 18, 103).
cost(21, 19, 26).
cost(21, 20, 19).
cost(21, 22, 59).
cost(21, 23, 31).
cost(21, 24, 25).
cost(21, 25, 33).
cost(21, 26, 74).
cost(21, 27, 59).
cost(21, 28, 84).
cost(21, 29, 70).
cost(22, 1, 54).
cost(22, 2, 33).
cost(22, 3, 33).
cost(22, 4, 39).
cost(22, 5, 33).
cost(22, 6, 45).
cost(22, 7, 45).
cost(22, 8, 55).
cost(22, 9, 30).
cost(22, 10, 46).
cost(22, 11, 27).
cost(22, 12, 37).
cost(22, 13, 43).
cost(22, 14, 37).
cost(22, 15, 12).
cost(22, 16, 42).
cost(22, 17, 22).
cost(22, 18, 45).
cost(22, 19, 64).
cost(22, 20, 46).
cost(22, 21, 59).
cost(22, 23, 63).
cost(22, 24, 59).
cost(22, 25, 59).
cost(22, 26, 37).
cost(22, 27, 25).
cost(22, 28, 34).
cost(22, 29, 45).
cost(23, 1, 19).
cost(23, 2, 35).
cost(23, 3, 91).
cost(23, 4, 96).
cost(23, 5, 87).
cost(23, 6, 25).
cost(23, 7, 41).
cost(23, 8, 12).
cost(23, 9, 74).
cost(23, 10, 36).
cost(23, 11, 89).
cost(23, 12, 48).
cost(23, 13, 23).
cost(23, 14, 87).
cost(23, 15, 60).
cost(23, 16, 88).
cost(23, 17, 57).
cost(23, 18, 102).
cost(23, 19, 6).
cost(23, 20, 44).
cost(23, 21, 31).
cost(23, 22, 63).
cost(23, 24, 6).
cost(23, 25, 6).
cost(23, 26, 90).
cost(23, 27, 50).
cost(23, 28, 77).
cost(23, 29, 53).
cost(24, 1, 22).
cost(24, 2, 30).
cost(24, 3, 89).
cost(24, 4, 94).
cost(24, 5, 85).
cost(24, 6, 25).
cost(24, 7, 34).
cost(24, 8, 14).
cost(24, 9, 69).
cost(24, 10, 30).
cost(24, 11, 84).
cost(24, 12, 42).
cost(24, 13, 22).
cost(24, 14, 81).
cost(24, 15, 57).
cost(24, 16, 83).
cost(24, 17, 56).
cost(24, 18, 100).
cost(24, 19, 5).
cost(24, 20, 38).
cost(24, 21, 25).
cost(24, 22, 59).
cost(24, 23, 6).
cost(24, 25, 9).
cost(24, 26, 85).
cost(24, 27, 49).
cost(24, 28, 76).
cost(24, 29, 54).
cost(25, 1, 14).
cost(25, 2, 33).
cost(25, 3, 86).
cost(25, 4, 91).
cost(25, 5, 82).
cost(25, 6, 19).
cost(25, 7, 41).
cost(25, 8, 6).
cost(25, 9, 72).
cost(25, 10, 36).
cost(25, 11, 85).
cost(25, 12, 47).
cost(25, 13, 17).
cost(25, 14, 84).
cost(25, 15, 55).
cost(25, 16, 86).
cost(25, 17, 52).
cost(25, 18, 97).
cost(25, 19, 11).
cost(25, 20, 44).
cost(25, 21, 33).
cost(25, 22, 59).
cost(25, 23, 6).
cost(25, 24, 9).
cost(25, 26, 87).
cost(25, 27, 45).
cost(25, 28, 71).
cost(25, 29, 47).
cost(26, 1, 87).
cost(26, 2, 55).
cost(26, 3, 50).
cost(26, 4, 53).
cost(26, 5, 55).
cost(26, 6, 78).
cost(26, 7, 57).
cost(26, 8, 85).
cost(26, 9, 17).
cost(26, 10, 60).
cost(26, 11, 18).
cost(26, 12, 47).
cost(26, 13, 75).
cost(26, 14, 6).
cost(26, 15, 49).
cost(26, 16, 11).
cost(26, 17, 58).
cost(26, 18, 58).
cost(26, 19, 90).
cost(26, 20, 56).
cost(26, 21, 74).
cost(26, 22, 37).
cost(26, 23, 90).
cost(26, 24, 85).
cost(26, 25, 87).
cost(26, 27, 62).
cost(26, 28, 64).
cost(26, 29, 82).
cost(27, 1, 36).
cost(27, 2, 34).
cost(27, 3, 42).
cost(27, 4, 47).
cost(27, 5, 37).
cost(27, 6, 26).
cost(27, 7, 51).
cost(27, 8, 39).
cost(27, 9, 53).
cost(27, 10, 50).
cost(27, 11, 51).
cost(27, 12, 48).
cost(27, 13, 28).
cost(27, 14, 61).
cost(27, 15, 14).
cost(27, 16, 66).
cost(27, 17, 7).
cost(27, 18, 52).
cost(27, 19, 54).
cost(27, 20, 54).
cost(27, 21, 59).
cost(27, 22, 25).
cost(27, 23, 50).
cost(27, 24, 49).
cost(27, 25, 45).
cost(27, 26, 62).
cost(27, 28, 27).
cost(27, 29, 20).
cost(28, 1, 61).
cost(28, 2, 58).
cost(28, 3, 23).
cost(28, 4, 26).
cost(28, 5, 15).
cost(28, 6, 52).
cost(28, 7, 74).
cost(28, 8, 65).
cost(28, 9, 62).
cost(28, 10, 73).
cost(28, 11, 48).
cost(28, 12, 68).
cost(28, 13, 54).
cost(28, 14, 66).
cost(28, 15, 24).
cost(28, 16, 72).
cost(28, 17, 20).
cost(28, 18, 29).
cost(28, 19, 80).
cost(28, 20, 76).
cost(28, 21, 84).
cost(28, 22, 34).
cost(28, 23, 77).
cost(28, 24, 76).
cost(28, 25, 71).
cost(28, 26, 64).
cost(28, 27, 27).
cost(28, 29, 32).
cost(29, 1, 34).
cost(29, 2, 50).
cost(29, 3, 54).
cost(29, 4, 58).
cost(29, 5, 47).
cost(29, 6, 29).
cost(29, 7, 66).
cost(29, 8, 40).
cost(29, 9, 73).
cost(29, 10, 64).
cost(29, 11, 70).
cost(29, 12, 65).
cost(29, 13, 32).
cost(29, 14, 81).
cost(29, 15, 33).
cost(29, 16, 86).
cost(29, 17, 24).
cost(29, 18, 61).
cost(29, 19, 58).
cost(29, 20, 70).
cost(29, 21, 70).
cost(29, 22, 45).
cost(29, 23, 53).
cost(29, 24, 54).
cost(29, 25, 47).
cost(29, 26, 82).
cost(29, 27, 20).
cost(29, 28, 32).
nocross(1,6).
nocross(1,8).
nocross(1,13).
nocross(1,19).
nocross(1,23).
nocross(1,24).
nocross(1,25).
nocross(1,27).
nocross(1,29).
nocross(2,6).
nocross(2,7).
nocross(2,8).
nocross(2,9).
nocross(2,10).
nocross(2,12).
nocross(2,13).
nocross(2,15).
nocross(2,17).
nocross(2,19).
nocross(2,20).
nocross(2,21).
nocross(2,22).
nocross(2,23).
nocross(2,24).
nocross(2,25).
nocross(2,27).
nocross(3,4).
nocross(3,5).
nocross(3,11).
nocross(3,15).
nocross(3,17).
nocross(3,18).
nocross(3,22).
nocross(3,28).
nocross(4,3).
nocross(4,5).
nocross(4,11).
nocross(4,15).
nocross(4,18).
nocross(4,22).
nocross(4,28).
nocross(5,3).
nocross(5,4).
nocross(5,11).
nocross(5,15).
nocross(5,17).
nocross(5,18).
nocross(5,22).
nocross(5,27).
nocross(5,28).
nocross(6,1).
nocross(6,2).
nocross(6,8).
nocross(6,13).
nocross(6,15).
nocross(6,17).
nocross(6,23).
nocross(6,27).
nocross(6,29).
nocross(7,2).
nocross(7,9).
nocross(7,10).
nocross(7,12).
nocross(7,20).
nocross(7,21).
nocross(8,1).
nocross(8,2).
nocross(8,6).
nocross(8,13).
nocross(8,23).
nocross(8,24).
nocross(8,25).
nocross(8,27).
nocross(9,2).
nocross(9,7).
nocross(9,10).
nocross(9,11).
nocross(9,12).
nocross(9,14).
nocross(9,15).
nocross(9,16).
nocross(9,20).
nocross(9,22).
nocross(9,26).
nocross(10,2).
nocross(10,7).
nocross(10,12).
nocross(10,19).
nocross(10,20).
nocross(10,21).
nocross(10,24).
nocross(11,3).
nocross(11,4).
nocross(11,5).
nocross(11,9).
nocross(11,14).
nocross(11,15).
nocross(11,16).
nocross(11,18).
nocross(11,22).
nocross(11,26).
nocross(12,2).
nocross(12,7).
nocross(12,9).
nocross(12,10).
nocross(12,14).
nocross(12,16).
nocross(12,20).
nocross(12,22).
nocross(13,1).
nocross(13,2).
nocross(13,6).
nocross(13,8).
nocross(13,15).
nocross(13,17).
nocross(13,24).
nocross(13,25).
nocross(13,27).
nocross(13,29).
nocross(14,9).
nocross(14,11).
nocross(14,12).
nocross(14,16).
nocross(14,22).
nocross(14,26).
nocross(15,2).
nocross(15,3).
nocross(15,4).
nocross(15,5).
nocross(15,9).
nocross(15,11).
nocross(15,13).
nocross(15,17).
nocross(15,22).
nocross(15,27).
nocross(15,28).
nocross(16,7).
nocross(16,9).
nocross(16,11).
nocross(16,14).
nocross(16,26).
nocross(17,3).
nocross(17,5).
nocross(17,6).
nocross(17,13).
nocross(17,15).
nocross(17,22).
nocross(17,27).
nocross(17,28).
nocross(17,29).
nocross(18,3).
nocross(18,4).
nocross(18,5).
nocross(18,11).
nocross(18,15).
nocross(18,28).
nocross(19,1).
nocross(19,2).
nocross(19,6).
nocross(19,7).
nocross(19,8).
nocross(19,10).
nocross(19,13).
nocross(19,20).
nocross(19,21).
nocross(19,23).
nocross(19,24).
nocross(19,25).
nocross(20,2).
nocross(20,7).
nocross(20,9).
nocross(20,10).
nocross(20,12).
nocross(20,16).
nocross(20,21).
nocross(21,2).
nocross(21,7).
nocross(21,10).
nocross(21,12).
nocross(21,19).
nocross(21,20).
nocross(21,23).
nocross(21,24).
nocross(21,25).
nocross(22,2).
nocross(22,3).
nocross(22,4).
nocross(22,5).
nocross(22,9).
nocross(22,11).
nocross(22,12).
nocross(22,14).
nocross(22,15).
nocross(22,17).
nocross(22,26).
nocross(22,27).
nocross(22,28).
nocross(23,1).
nocross(23,2).
nocross(23,6).
nocross(23,8).
nocross(23,10).
nocross(23,13).
nocross(23,19).
nocross(23,20).
nocross(23,21).
nocross(23,24).
nocross(23,25).
nocross(24,1).
nocross(24,2).
nocross(24,6).
nocross(24,7).
nocross(24,8).
nocross(24,10).
nocross(24,13).
nocross(24,19).
nocross(24,20).
nocross(24,21).
nocross(24,23).
nocross(24,25).
nocross(25,1).
nocross(25,2).
nocross(25,6).
nocross(25,8).
nocross(25,13).
nocross(25,19).
nocross(25,21).
nocross(25,23).
nocross(25,24).
nocross(26,9).
nocross(26,11).
nocross(26,14).
nocross(26,16).
nocross(26,22).
nocross(27,1).
nocross(27,2).
nocross(27,6).
nocross(27,13).
nocross(27,15).
nocross(27,17).
nocross(27,22).
nocross(27,28).
nocross(27,29).
nocross(28,3).
nocross(28,4).
nocross(28,5).
nocross(28,15).
nocross(28,17).
nocross(28,18).
nocross(28,22).
nocross(28,27).
nocross(28,29).
nocross(29,1).
nocross(29,6).
nocross(29,8).
nocross(29,13).
nocross(29,15).
nocross(29,17).
nocross(29,27).
nocross(29,28).
