dimension(29).
point(1, 12.5724816017, 73.0455298404).
point(2, 85.4598674232, 33.3748321389).
point(3, 40.3320148252, 40.5234560233).
point(4, 34.1630092564, 16.0930604957).
point(5, 57.280760033, 48.9410184825).
point(6, 55.9282455413, 37.0112751101).
point(7, 26.3109132555, 41.9522797114).
point(8, 19.3611238158, 85.7245787931).
point(9, 52.7177267511, 37.2219227775).
point(10, 66.5361845233, 71.915437935).
point(11, 43.8743067682, 12.9486849086).
point(12, 46.4262997202, 33.8948641776).
point(13, 61.9642509509, 83.1626904856).
point(14, 50.2036384605, 13.1188291419).
point(15, 79.0518782697, 68.2487134968).
point(16, 88.9164057584, 36.3325135039).
point(17, 25.5713946776, 37.507370748).
point(18, 80.6478689105, 16.0635338618).
point(19, 93.3253638288, 20.2823809101).
point(20, 30.91923642, 34.2805870304).
point(21, 16.0618834744, 78.4232598181).
point(22, 16.1315233617, 14.762403114).
point(23, 23.5794508614, 14.7686041349).
point(24, 5.7536794836, 85.225954818).
point(25, 13.6181735413, 89.4979032252).
point(26, 76.4485962697, 89.4024901191).
point(27, 65.9264879037, 92.0578335536).
point(28, 94.8171206882, 43.7749395669).
point(29, 53.8517748662, 30.2045112332).
cost(1, 2, 83).
cost(1, 3, 43).
cost(1, 4, 61).
cost(1, 5, 51).
cost(1, 6, 56).
cost(1, 7, 34).
cost(1, 8, 14).
cost(1, 9, 54).
cost(1, 10, 54).
cost(1, 11, 68).
cost(1, 12, 52).
cost(1, 13, 50).
cost(1, 14, 71).
cost(1, 15, 67).
cost(1, 16, 85).
cost(1, 17, 38).
cost(1, 18, 89).
cost(1, 19, 96).
cost(1, 20, 43).
cost(1, 21, 6).
cost(1, 22, 58).
cost(1, 23, 59).
cost(1, 24, 14).
cost(1, 25, 16).
cost(1, 26, 66).
cost(1, 27, 57).
cost(1, 28, 87).
cost(1, 29, 59).
cost(2, 1, 83).
cost(2, 3, 46).
cost(2, 4, 54).
cost(2, 5, 32).
cost(2, 6, 30).
cost(2, 7, 60).
cost(2, 8, 84).
cost(2, 9, 33).
cost(2, 10, 43).
cost(2, 11, 46).
cost(2, 12, 39).
cost(2, 13, 55).
cost(2, 14, 41).
cost(2, 15, 35).
cost(2, 16, 5).
cost(2, 17, 60).
cost(2, 18, 18).
cost(2, 19, 15).
cost(2, 20, 55).
cost(2, 21, 83).
cost(2, 22, 72).
cost(2, 23, 65).
cost(2, 24, 95).
cost(2, 25, 91).
cost(2, 26, 57).
cost(2, 27, 62).
cost(2, 28, 14).
cost(2, 29, 32).
cost(3, 1, 43).
cost(3, 2, 46).
cost(3, 4, 25).
cost(3, 5, 19).
cost(3, 6, 16).
cost(3, 7, 14).
cost(3, 8, 50).
cost(3, 9, 13).
cost(3, 10, 41).
cost(3, 11, 28).
cost(3, 12, 9).
cost(3, 13, 48).
cost(3, 14, 29).
cost(3, 15, 48).
cost(3, 16, 49).
cost(3, 17, 15).
cost(3, 18, 47).
cost(3, 19, 57).
cost(3, 20, 11).
cost(3, 21, 45).
cost(3, 22, 35).
cost(3, 23, 31).
cost(3, 24, 57).
cost(3, 25, 56).
cost(3, 26, 61).
cost(3, 27, 58).
cost(3, 28, 55).
cost(3, 29, 17).
cost(4, 1, 61).
cost(4, 2, 54).
cost(4, 3, 25).
cost(4, 5, 40).
cost(4, 6, 30).
cost(4, 7, 27).
cost(4, 8, 71).
cost(4, 9, 28).
cost(4, 10, 65).
cost(4, 11, 10).
cost(4, 12, 22).
cost(4, 13, 73).
cost(4, 14, 16).
cost(4, 15, 69).
cost(4, 16, 58).
cost(4, 17, 23).
cost(4, 18, 46).
cost(4, 19, 59).
cost(4, 20, 18).
cost(4, 21, 65).
cost(4, 22, 18).
cost(4, 23, 11).
cost(4, 24, 75).
cost(4, 25, 76).
cost(4, 26, 85).
cost(4, 27, 82).
cost(4, 28, 67).
cost(4, 29, 24).
cost(5, 1, 51).
cost(5, 2, 32).
cost(5, 3, 19).
cost(5, 4, 40).
cost(5, 6, 12).
cost(5, 7, 32).
cost(5, 8, 53).
cost(5, 9, 13).
cost(5, 10, 25).
cost(5, 11, 38).
cost(5, 12, 19).
cost(5, 13, 35).
cost(5, 14, 37).
cost(5, 15, 29).
cost(5, 16, 34).
cost(5, 17, 34).
cost(5, 18, 40).
cost(5, 19, 46).
cost(5, 20, 30).
cost(5, 21, 51).
cost(5, 22, 53).
cost(5, 23, 48).
cost(5, 24, 63).
cost(5, 25, 60).
cost(5, 26, 45).
cost(5, 27, 44).
cost(5, 28, 38).
cost(5, 29, 19).
cost(6, 1, 56).
cost(6, 2, 30).
cost(6, 3, 16).
cost(6, 4, 30).
cost(6, 5, 12).
cost(6, 7, 30).
cost(6, 8, 61).
cost(6, 9, 3).
cost(6, 10, 36).
cost(6, 11, 27).
cost(6, 12, 10).
cost(6, 13, 47).
cost(6, 14, 25).
cost(6, 15, 39).
cost(6, 16, 33).
cost(6, 17, 30).
cost(6, 18, 32).
cost(6, 19, 41).
cost(6, 20, 25).
cost(6, 21, 57).
cost(6, 22, 46).
cost(6, 23, 39).
cost(6, 24, 70).
cost(6, 25, 67).
cost(6, 26, 56).
cost(6, 27, 56).
cost(6, 28, 39).
cost(6, 29, 7).
cost(7, 1, 34).
cost(7, 2, 60).
cost(7, 3, 14).
cost(7, 4, 27).
cost(7, 5, 32).
cost(7, 6, 30).
cost(7, 8, 44).
cost(7, 9, 27).
cost(7, 10, 50).
cost(7, 11, 34).
cost(7, 12, 22).
cost(7, 13, 54).
cost(7, 14, 37).
cost(7, 15, 59).
cost(7, 16, 63).
cost(7, 17, 5).
cost(7, 18, 60).
cost(7, 19, 70).
cost(7, 20, 9).
cost(7, 21, 38).
cost(7, 22, 29).
cost(7, 23, 27).
cost(7, 24, 48).
cost(7, 25, 49).
cost(7, 26, 69).
cost(7, 27, 64).
cost(7, 28, 69).
cost(7, 29, 30).
cost(8, 1, 14).
cost(8, 2, 84).
cost(8, 3, 50).
cost(8, 4, 71).
cost(8, 5, 53).
cost(8, 6, 61).
cost(8, 7, 44).
cost(8, 9, 59).
cost(8, 10, 49).
cost(8, 11, 77).
cost(8, 12, 58).
cost(8, 13, 43).
cost(8, 14, 79).
cost(8, 15, 62).
cost(8, 16, 85).
cost(8, 17, 49).
cost(8, 18, 93).
cost(8, 19, 99).
cost(8, 20, 53).
cost(8, 21, 8).
cost(8, 22, 71).
cost(8, 23, 71).
cost(8, 24, 14).
cost(8, 25, 7).
cost(8, 26, 57).
cost(8, 27, 47).
cost(8, 28, 86).
cost(8, 29, 65).
cost(9, 1, 54).
cost(9, 2, 33).
cost(9, 3, 13).
cost(9, 4, 28).
cost(9, 5, 13).
cost(9, 6, 3).
cost(9, 7, 27).
cost(9, 8, 59).
cost(9, 10, 37).
cost(9, 11, 26).
cost(9, 12, 7).
cost(9, 13, 47).
cost(9, 14, 24).
cost(9, 15, 41).
cost(9, 16, 36).
cost(9, 17, 27).
cost(9, 18, 35).
cost(9, 19, 44).
cost(9, 20, 22).
cost(9, 21, 55).
cost(9, 22, 43).
cost(9, 23, 37).
cost(9, 24, 67).
cost(9, 25, 65).
cost(9, 26, 57).
cost(9, 27, 56).
cost(9, 28, 43).
cost(9, 29, 7).
cost(10, 1, 54).
cost(10, 2, 43).
cost(10, 3, 41).
cost(10, 4, 65).
cost(10, 5, 25).
cost(10, 6, 36).
cost(10, 7, 50).
cost(10, 8, 49).
cost(10, 9, 37).
cost(10, 11, 63).
cost(10, 12, 43).
cost(10, 13, 12).
cost(10, 14, 61).
cost(10, 15, 13).
cost(10, 16, 42).
cost(10, 17, 53).
cost(10, 18, 58).
cost(10, 19, 58).
cost(10, 20, 52).
cost(10, 21, 51).
cost(10, 22, 76).
cost(10, 23, 71).
cost(10, 24, 62).
cost(10, 25, 56).
cost(10, 26, 20).
cost(10, 27, 20).
cost(10, 28, 40).
cost(10, 29, 44).
cost(11, 1, 68).
cost(11, 2, 46).
cost(11, 3, 28).
cost(11, 4, 10).
cost(11, 5, 38).
cost(11, 6, 27).
cost(11, 7, 34).
cost(11, 8, 77).
cost(11, 9, 26).
cost(11, 10, 63).
cost(11, 12, 21).
cost(11, 13, 73).
cost(11, 14, 6).
cost(11, 15, 66).
cost(11, 16, 51).
cost(11, 17, 31).
cost(11, 18, 37).
cost(11, 19, 50).
cost(11, 20, 25).
cost(11, 21, 71).
cost(11, 22, 28).
cost(11, 23, 20).
cost(11, 24, 82).
cost(11, 25, 82).
cost(11, 26, 83).
cost(11, 27, 82).
cost(11, 28, 60).
cost(11, 29, 20).
cost(12, 1, 52).
cost(12, 2, 39).
cost(12, 3, 9).
cost(12, 4, 22).
cost(12, 5, 19).
cost(12, 6, 10).
cost(12, 7, 22).
cost(12, 8, 58).
cost(12, 9, 7).
cost(12, 10, 43).
cost(12, 11, 21).
cost(12, 13, 52).
cost(12, 14, 21).
cost(12, 15, 47).
cost(12, 16, 43).
cost(12, 17, 21).
cost(12, 18, 39).
cost(12, 19, 49).
cost(12, 20, 16).
cost(12, 21, 54).
cost(12, 22, 36).
cost(12, 23, 30).
cost(12, 24, 65).
cost(12, 25, 65).
cost(12, 26, 63).
cost(12, 27, 61).
cost(12, 28, 49).
cost(12, 29, 8).
cost(13, 1, 50).
cost(13, 2, 55).
cost(13, 3, 48).
cost(13, 4, 73).
cost(13, 5, 35).
cost(13, 6, 47).
cost(13, 7, 54).
cost(13, 8, 43).
cost(13, 9, 47).
cost(13, 10, 12).
cost(13, 11, 73).
cost(13, 12, 52).
cost(13, 14, 71).
cost(13, 15, 23).
cost(13, 16, 54).
cost(13, 17, 58).
cost(13, 18, 70).
cost(13, 19, 70).
cost(13, 20, 58).
cost(13, 21, 46).
cost(13, 22, 82).
cost(13, 23, 78).
cost(13, 24, 56).
cost(13, 25, 49).
cost(13, 26, 16).
cost(13, 27, 10).
cost(13, 28, 51).
cost(13, 29, 54).
cost(14, 1, 71).
cost(14, 2, 41).
cost(14, 3, 29).
cost(14, 4, 16).
cost(14, 5, 37).
cost(14, 6, 25).
cost(14, 7, 37).
cost(14, 8, 79).
cost(14, 9, 24).
cost(14, 10, 61).
cost(14, 11, 6).
cost(14, 12, 21).
cost(14, 13, 71).
cost(14, 15, 62).
cost(14, 16, 45).
cost(14, 17, 35).
cost(14, 18, 31).
cost(14, 19, 44).
cost(14, 20, 29).
cost(14, 21, 74).
cost(14, 22, 34).
cost(14, 23, 27).
cost(14, 24, 85).
cost(14, 25, 85).
cost(14, 26, 81).
cost(14, 27, 80).
cost(14, 28, 54).
cost(14, 29, 17).
cost(15, 1, 67).
cost(15, 2, 35).
cost(15, 3, 48).
cost(15, 4, 69).
cost(15, 5, 29).
cost(15, 6, 39).
cost(15, 7, 59).
cost(15, 8, 62).
cost(15, 9, 41).
cost(15, 10, 13).
cost(15, 11, 66).
cost(15, 12, 47).
cost(15, 13, 23).
cost(15, 14, 62).
cost(15, 16, 33).
cost(15, 17, 62).
cost(15, 18, 52).
cost(15, 19, 50).
cost(15, 20, 59).
cost(15, 21, 64).
cost(15, 22, 83).
cost(15, 23, 77).
cost(15, 24, 75).
cost(15, 25, 69).
cost(15, 26, 21).
cost(15, 27, 27).
cost(15, 28, 29).
cost(15, 29, 46).
cost(16, 1, 85).
cost(16, 2, 5).
cost(16, 3, 49).
cost(16, 4, 58).
cost(16, 5, 34).
cost(16, 6, 33).
cost(16, 7, 63).
cost(16, 8, 85).
cost(16, 9, 36).
cost(16, 10, 42).
cost(16, 11, 51).
cost(16, 12, 43).
cost(16, 13, 54).
cost(16, 14, 45).
cost(16, 15, 33).
cost(16, 17, 63).
cost(16, 18, 22).
cost(16, 19, 17).
cost(16, 20, 58).
cost(16, 21, 84).
cost(16, 22, 76).
cost(16, 23, 69).
cost(16, 24, 96).
cost(16, 25, 92).
cost(16, 26, 55).
cost(16, 27, 60).
cost(16, 28, 9).
cost(16, 29, 36).
cost(17, 1, 38).
cost(17, 2, 60).
cost(17, 3, 15).
cost(17, 4, 23).
cost(17, 5, 34).
cost(17, 6, 30).
cost(17, 7, 5).
cost(17, 8, 49).
cost(17, 9, 27).
cost(17, 10, 53).
cost(17, 11, 31).
cost(17, 12, 21).
cost(17, 13, 58).
cost(17, 14, 35).
cost(17, 15, 62).
cost(17, 16, 63).
cost(17, 18, 59).
cost(17, 19, 70).
cost(17, 20, 6).
cost(17, 21, 42).
cost(17, 22, 25).
cost(17, 23, 23).
cost(17, 24, 52).
cost(17, 25, 53).
cost(17, 26, 73).
cost(17, 27, 68).
cost(17, 28, 70).
cost(17, 29, 29).
cost(18, 1, 89).
cost(18, 2, 18).
cost(18, 3, 47).
cost(18, 4, 46).
cost(18, 5, 40).
cost(18, 6, 32).
cost(18, 7, 60).
cost(18, 8, 93).
cost(18, 9, 35).
cost(18, 10, 58).
cost(18, 11, 37).
cost(18, 12, 39).
cost(18, 13, 70).
cost(18, 14, 31).
cost(18, 15, 52).
cost(18, 16, 22).
cost(18, 17, 59).
cost(18, 19, 13).
cost(18, 20, 53).
cost(18, 21, 90).
cost(18, 22, 65).
cost(18, 23, 57).
cost(18, 24, 102).
cost(18, 25, 99).
cost(18, 26, 73).
cost(18, 27, 77).
cost(18, 28, 31).
cost(18, 29, 30).
cost(19, 1, 96).
cost(19, 2, 15).
cost(19, 3, 57).
cost(19, 4, 59).
cost(19, 5, 46).
cost(19, 6, 41).
cost(19, 7, 70).
cost(19, 8, 99).
cost(19, 9, 44).
cost(19, 10, 58).
cost(19, 11, 50).
cost(19, 12, 49).
cost(19, 13, 70).
cost(19, 14, 44).
cost(19, 15, 50).
cost(19, 16, 17).
cost(19, 17, 70).
cost(19, 18, 13).
cost(19, 20, 64).
cost(19, 21, 97).
cost(19, 22, 77).
cost(19, 23, 70).
cost(19, 24, 109).
cost(19, 25, 106).
cost(19, 26, 71).
cost(19, 27, 77).
cost(19, 28, 24).
cost(19, 29, 41).
cost(20, 1, 43).
cost(20, 2, 55).
cost(20, 3, 11).
cost(20, 4, 18).
cost(20, 5, 30).
cost(20, 6, 25).
cost(20, 7, 9).
cost(20, 8, 53).
cost(20, 9, 22).
cost(20, 10, 52).
cost(20, 11, 25).
cost(20, 12, 16).
cost(20, 13, 58).
cost(20, 14, 29).
cost(20, 15, 59).
cost(20, 16, 58).
cost(20, 17, 6).
cost(20, 18, 53).
cost(20, 19, 64).
cost(20, 21, 47).
cost(20, 22, 24).
cost(20, 23, 21).
cost(20, 24, 57).
cost(20, 25, 58).
cost(20, 26, 71).
cost(20, 27, 68).
cost(20, 28, 65).
cost(20, 29, 23).
cost(21, 1, 6).
cost(21, 2, 83).
cost(21, 3, 45).
cost(21, 4, 65).
cost(21, 5, 51).
cost(21, 6, 57).
cost(21, 7, 38).
cost(21, 8, 8).
cost(21, 9, 55).
cost(21, 10, 51).
cost(21, 11, 71).
cost(21, 12, 54).
cost(21, 13, 46).
cost(21, 14, 74).
cost(21, 15, 64).
cost(21, 16, 84).
cost(21, 17, 42).
cost(21, 18, 90).
cost(21, 19, 97).
cost(21, 20, 47).
cost(21, 22, 64).
cost(21, 23, 64).
cost(21, 24, 12).
cost(21, 25, 11).
cost(21, 26, 61).
cost(21, 27, 52).
cost(21, 28, 86).
cost(21, 29, 61).
cost(22, 1, 58).
cost(22, 2, 72).
cost(22, 3, 35).
cost(22, 4, 18).
cost(22, 5, 53).
cost(22, 6, 46).
cost(22, 7, 29).
cost(22, 8, 71).
cost(22, 9, 43).
cost(22, 10, 76).
cost(22, 11, 28).
cost(22, 12, 36).
cost(22, 13, 82).
cost(22, 14, 34).
cost(22, 15, 83).
cost(22, 16, 76).
cost(22, 17, 25).
cost(22, 18, 65).
cost(22, 19, 77).
cost(22, 20, 24).
cost(22, 21, 64).
cost(22, 23, 7).
cost(22, 24, 71).
cost(22, 25, 75).
cost(22, 26, 96).
cost(22, 27, 92).
cost(22, 28, 84).
cost(22, 29, 41).
cost(23, 1, 59).
cost(23, 2, 65).
cost(23, 3, 31).
cost(23, 4, 11).
cost(23, 5, 48).
cost(23, 6, 39).
cost(23, 7, 27).
cost(23, 8, 71).
cost(23, 9, 37).
cost(23, 10, 71).
cost(23, 11, 20).
cost(23, 12, 30).
cost(23, 13, 78).
cost(23, 14, 27).
cost(23, 15, 77).
cost(23, 16, 69).
cost(23, 17, 23).
cost(23, 18, 57).
cost(23, 19, 70).
cost(23, 20, 21).
cost(23, 21, 64).
cost(23, 22, 7).
cost(23, 24, 73).
cost(23, 25, 75).
cost(23, 26, 91).
cost(23, 27, 88).
cost(23, 28, 77).
cost(23, 29, 34).
cost(24, 1, 14).
cost(24, 2, 95).
cost(24, 3, 57).
cost(24, 4, 75).
cost(24, 5, 63).
cost(24, 6, 70).
cost(24, 7, 48).
cost(24, 8, 14).
cost(24, 9, 67).
cost(24, 10, 62).
cost(24, 11, 82).
cost(24, 12, 65).
cost(24, 13, 56).
cost(24, 14, 85).
cost(24, 15, 75).
cost(24, 16, 96).
cost(24, 17, 52).
cost(24, 18, 102).
cost(24, 19, 109).
cost(24, 20, 57).
cost(24, 21, 12).
cost(24, 22, 71).
cost(24, 23, 73).
cost(24, 25, 9).
cost(24, 26, 71).
cost(24, 27, 61).
cost(24, 28, 98).
cost(24, 29, 73).
cost(25, 1, 16).
cost(25, 2, 91).
cost(25, 3, 56).
cost(25, 4, 76).
cost(25, 5, 60).
cost(25, 6, 67).
cost(25, 7, 49).
cost(25, 8, 7).
cost(25, 9, 65).
cost(25, 10, 56).
cost(25, 11, 82).
cost(25, 12, 65).
cost(25, 13, 49).
cost(25, 14, 85).
cost(25, 15, 69).
cost(25, 16, 92).
cost(25, 17, 53).
cost(25, 18, 99).
cost(25, 19, 106).
cost(25, 20, 58).
cost(25, 21, 11).
cost(25, 22, 75).
cost(25, 23, 75).
cost(25, 24, 9).
cost(25, 26, 63).
cost(25, 27, 52).
cost(25, 28, 93).
cost(25, 29, 72).
cost(26, 1, 66).
cost(26, 2, 57).
cost(26, 3, 61).
cost(26, 4, 85).
cost(26, 5, 45).
cost(26, 6, 56).
cost(26, 7, 69).
cost(26, 8, 57).
cost(26, 9, 57).
cost(26, 10, 20).
cost(26, 11, 83).
cost(26, 12, 63).
cost(26, 13, 16).
cost(26, 14, 81).
cost(26, 15, 21).
cost(26, 16, 55).
cost(26, 17, 73).
cost(26, 18, 73).
cost(26, 19, 71).
cost(26, 20, 71).
cost(26, 21, 61).
cost(26, 22, 96).
cost(26, 23, 91).
cost(26, 24, 71).
cost(26, 25, 63).
cost(26, 27, 11).
cost(26, 28, 49).
cost(26, 29, 63).
cost(27, 1, 57).
cost(27, 2, 62).
cost(27, 3, 58).
cost(27, 4, 82).
cost(27, 5, 44).
cost(27, 6, 56).
cost(27, 7, 64).
cost(27, 8, 47).
cost(27, 9, 56).
cost(27, 10, 20).
cost(27, 11, 82).
cost(27, 12, 61).
cost(27, 13, 10).
cost(27, 14, 80).
cost(27, 15, 27).
cost(27, 16, 60).
cost(27, 17, 68).
cost(27, 18, 77).
cost(27, 19, 77).
cost(27, 20, 68).
cost(27, 21, 52).
cost(27, 22, 92).
cost(27, 23, 88).
cost(27, 24, 61).
cost(27, 25, 52).
cost(27, 26, 11).
cost(27, 28, 56).
cost(27, 29, 63).
cost(28, 1, 87).
cost(28, 2, 14).
cost(28, 3, 55).
cost(28, 4, 67).
cost(28, 5, 38).
cost(28, 6, 39).
cost(28, 7, 69).
cost(28, 8, 86).
cost(28, 9, 43).
cost(28, 10, 40).
cost(28, 11, 60).
cost(28, 12, 49).
cost(28, 13, 51).
cost(28, 14, 54).
cost(28, 15, 29).
cost(28, 16, 9).
cost(28, 17, 70).
cost(28, 18, 31).
cost(28, 19, 24).
cost(28, 20, 65).
cost(28, 21, 86).
cost(28, 22, 84).
cost(28, 23, 77).
cost(28, 24, 98).
cost(28, 25, 93).
cost(28, 26, 49).
cost(28, 27, 56).
cost(28, 29, 43).
cost(29, 1, 59).
cost(29, 2, 32).
cost(29, 3, 17).
cost(29, 4, 24).
cost(29, 5, 19).
cost(29, 6, 7).
cost(29, 7, 30).
cost(29, 8, 65).
cost(29, 9, 7).
cost(29, 10, 44).
cost(29, 11, 20).
cost(29, 12, 8).
cost(29, 13, 54).
cost(29, 14, 17).
cost(29, 15, 46).
cost(29, 16, 36).
cost(29, 17, 29).
cost(29, 18, 30).
cost(29, 19, 41).
cost(29, 20, 23).
cost(29, 21, 61).
cost(29, 22, 41).
cost(29, 23, 34).
cost(29, 24, 73).
cost(29, 25, 72).
cost(29, 26, 63).
cost(29, 27, 63).
cost(29, 28, 43).
nocross(1,3).
nocross(1,7).
nocross(1,8).
nocross(1,21).
nocross(1,24).
nocross(1,25).
nocross(2,5).
nocross(2,6).
nocross(2,9).
nocross(2,12).
nocross(2,15).
nocross(2,16).
nocross(2,18).
nocross(2,19).
nocross(2,28).
nocross(2,29).
nocross(3,1).
nocross(3,4).
nocross(3,5).
nocross(3,6).
nocross(3,7).
nocross(3,9).
nocross(3,11).
nocross(3,12).
nocross(3,14).
nocross(3,17).
nocross(3,20).
nocross(3,22).
nocross(3,23).
nocross(3,29).
nocross(4,3).
nocross(4,6).
nocross(4,7).
nocross(4,9).
nocross(4,11).
nocross(4,12).
nocross(4,14).
nocross(4,17).
nocross(4,20).
nocross(4,22).
nocross(4,23).
nocross(4,29).
nocross(5,2).
nocross(5,3).
nocross(5,6).
nocross(5,9).
nocross(5,10).
nocross(5,12).
nocross(5,13).
nocross(5,15).
nocross(5,16).
nocross(5,28).
nocross(5,29).
nocross(6,2).
nocross(6,3).
nocross(6,4).
nocross(6,5).
nocross(6,7).
nocross(6,9).
nocross(6,11).
nocross(6,12).
nocross(6,14).
nocross(6,16).
nocross(6,17).
nocross(6,18).
nocross(6,19).
nocross(6,20).
nocross(6,28).
nocross(6,29).
nocross(7,1).
nocross(7,3).
nocross(7,4).
nocross(7,5).
nocross(7,6).
nocross(7,9).
nocross(7,11).
nocross(7,12).
nocross(7,17).
nocross(7,20).
nocross(7,21).
nocross(7,22).
nocross(7,23).
nocross(7,29).
nocross(8,1).
nocross(8,13).
nocross(8,21).
nocross(8,24).
nocross(8,25).
nocross(9,2).
nocross(9,3).
nocross(9,4).
nocross(9,5).
nocross(9,6).
nocross(9,7).
nocross(9,11).
nocross(9,12).
nocross(9,14).
nocross(9,16).
nocross(9,17).
nocross(9,18).
nocross(9,20).
nocross(9,23).
nocross(9,29).
nocross(10,2).
nocross(10,3).
nocross(10,5).
nocross(10,6).
nocross(10,9).
nocross(10,13).
nocross(10,15).
nocross(10,16).
nocross(10,26).
nocross(10,27).
nocross(10,28).
nocross(11,3).
nocross(11,4).
nocross(11,6).
nocross(11,7).
nocross(11,9).
nocross(11,12).
nocross(11,14).
nocross(11,17).
nocross(11,18).
nocross(11,20).
nocross(11,22).
nocross(11,23).
nocross(11,29).
nocross(12,2).
nocross(12,3).
nocross(12,4).
nocross(12,5).
nocross(12,6).
nocross(12,7).
nocross(12,9).
nocross(12,11).
nocross(12,14).
nocross(12,17).
nocross(12,20).
nocross(12,22).
nocross(12,23).
nocross(12,29).
nocross(13,5).
nocross(13,8).
nocross(13,10).
nocross(13,15).
nocross(13,21).
nocross(13,26).
nocross(13,27).
nocross(14,2).
nocross(14,3).
nocross(14,4).
nocross(14,6).
nocross(14,7).
nocross(14,9).
nocross(14,11).
nocross(14,12).
nocross(14,18).
nocross(14,19).
nocross(14,20).
nocross(14,22).
nocross(14,23).
nocross(14,29).
nocross(15,2).
nocross(15,5).
nocross(15,6).
nocross(15,9).
nocross(15,10).
nocross(15,13).
nocross(15,16).
nocross(15,26).
nocross(15,27).
nocross(15,28).
nocross(16,2).
nocross(16,5).
nocross(16,6).
nocross(16,9).
nocross(16,12).
nocross(16,15).
nocross(16,18).
nocross(16,19).
nocross(16,28).
nocross(16,29).
nocross(17,1).
nocross(17,3).
nocross(17,4).
nocross(17,5).
nocross(17,6).
nocross(17,7).
nocross(17,9).
nocross(17,11).
nocross(17,12).
nocross(17,14).
nocross(17,20).
nocross(17,22).
nocross(17,23).
nocross(17,29).
nocross(18,2).
nocross(18,4).
nocross(18,5).
nocross(18,6).
nocross(18,9).
nocross(18,11).
nocross(18,12).
nocross(18,14).
nocross(18,16).
nocross(18,19).
nocross(18,28).
nocross(18,29).
nocross(19,2).
nocross(19,6).
nocross(19,9).
nocross(19,14).
nocross(19,16).
nocross(19,18).
nocross(19,28).
nocross(19,29).
nocross(20,3).
nocross(20,4).
nocross(20,5).
nocross(20,6).
nocross(20,7).
nocross(20,9).
nocross(20,11).
nocross(20,12).
nocross(20,14).
nocross(20,17).
nocross(20,22).
nocross(20,23).
nocross(20,29).
nocross(21,1).
nocross(21,7).
nocross(21,8).
nocross(21,17).
nocross(21,24).
nocross(21,25).
nocross(22,3).
nocross(22,4).
nocross(22,7).
nocross(22,11).
nocross(22,12).
nocross(22,14).
nocross(22,17).
nocross(22,20).
nocross(22,23).
nocross(22,29).
nocross(23,3).
nocross(23,4).
nocross(23,7).
nocross(23,9).
nocross(23,11).
nocross(23,12).
nocross(23,14).
nocross(23,17).
nocross(23,20).
nocross(23,22).
nocross(23,29).
nocross(24,1).
nocross(24,8).
nocross(24,21).
nocross(24,25).
nocross(25,1).
nocross(25,8).
nocross(25,21).
nocross(25,24).
nocross(26,10).
nocross(26,13).
nocross(26,15).
nocross(26,27).
nocross(27,8).
nocross(27,10).
nocross(27,13).
nocross(27,15).
nocross(27,26).
nocross(28,2).
nocross(28,5).
nocross(28,6).
nocross(28,9).
nocross(28,15).
nocross(28,16).
nocross(28,19).
nocross(28,29).
nocross(29,2).
nocross(29,3).
nocross(29,4).
nocross(29,5).
nocross(29,6).
nocross(29,7).
nocross(29,9).
nocross(29,11).
nocross(29,12).
nocross(29,14).
nocross(29,16).
nocross(29,17).
nocross(29,18).
nocross(29,20).
nocross(29,23).
