dimension(29).
point(1, 12.1385566996, 17.510408918).
point(2, 75.4861464571, 0.8758542205).
point(3, 69.3649618666, 18.7921389075).
point(4, 27.7446850765, 73.317323695).
point(5, 82.0308032334, 63.9279588898).
point(6, 87.3594361665, 44.4338366837).
point(7, 24.7739507584, 60.9802154927).
point(8, 75.9696585492, 64.7431728814).
point(9, 54.3857370119, 32.2775289346).
point(10, 58.4474562217, 58.3894385029).
point(11, 72.2958217782, 9.2748405919).
point(12, 33.1400018763, 88.8528351859).
point(13, 83.8794161133, 24.2820668899).
point(14, 9.7388912862, 14.6976084262).
point(15, 29.5146264032, 23.5117089369).
point(16, 67.5411909608, 87.3491985842).
point(17, 83.9869617987, 60.5045530564).
point(18, 27.6944720421, 85.965573559).
point(19, 54.5336787009, 38.6493121831).
point(20, 3.9189041627, 40.9285758427).
point(21, 63.4359283824, 79.9742765464).
point(22, 28.4880561184, 10.8664116961).
point(23, 91.7676556134, 1.4140607104).
point(24, 16.3843890263, 67.5999520035).
point(25, 39.3017020012, 90.2284412475).
point(26, 55.660798511, 28.4164554819).
point(27, 24.749084466, 72.1389624644).
point(28, 39.8894097885, 74.7069354988).
point(29, 84.3584980075, 73.6842270295).
cost(1, 2, 65).
cost(1, 3, 57).
cost(1, 4, 58).
cost(1, 5, 84).
cost(1, 6, 80).
cost(1, 7, 45).
cost(1, 8, 79).
cost(1, 9, 45).
cost(1, 10, 62).
cost(1, 11, 61).
cost(1, 12, 74).
cost(1, 13, 72).
cost(1, 14, 4).
cost(1, 15, 18).
cost(1, 16, 89).
cost(1, 17, 84).
cost(1, 18, 70).
cost(1, 19, 47).
cost(1, 20, 25).
cost(1, 21, 81).
cost(1, 22, 18).
cost(1, 23, 81).
cost(1, 24, 50).
cost(1, 25, 78).
cost(1, 26, 45).
cost(1, 27, 56).
cost(1, 28, 64).
cost(1, 29, 91).
cost(2, 1, 65).
cost(2, 3, 19).
cost(2, 4, 87).
cost(2, 5, 63).
cost(2, 6, 45).
cost(2, 7, 79).
cost(2, 8, 64).
cost(2, 9, 38).
cost(2, 10, 60).
cost(2, 11, 9).
cost(2, 12, 98).
cost(2, 13, 25).
cost(2, 14, 67).
cost(2, 15, 51).
cost(2, 16, 87).
cost(2, 17, 60).
cost(2, 18, 98).
cost(2, 19, 43).
cost(2, 20, 82).
cost(2, 21, 80).
cost(2, 22, 48).
cost(2, 23, 16).
cost(2, 24, 89).
cost(2, 25, 96).
cost(2, 26, 34).
cost(2, 27, 87).
cost(2, 28, 82).
cost(2, 29, 73).
cost(3, 1, 57).
cost(3, 2, 19).
cost(3, 4, 69).
cost(3, 5, 47).
cost(3, 6, 31).
cost(3, 7, 61).
cost(3, 8, 46).
cost(3, 9, 20).
cost(3, 10, 41).
cost(3, 11, 10).
cost(3, 12, 79).
cost(3, 13, 16).
cost(3, 14, 60).
cost(3, 15, 40).
cost(3, 16, 69).
cost(3, 17, 44).
cost(3, 18, 79).
cost(3, 19, 25).
cost(3, 20, 69).
cost(3, 21, 61).
cost(3, 22, 42).
cost(3, 23, 28).
cost(3, 24, 72).
cost(3, 25, 78).
cost(3, 26, 17).
cost(3, 27, 70).
cost(3, 28, 63).
cost(3, 29, 57).
cost(4, 1, 58).
cost(4, 2, 87).
cost(4, 3, 69).
cost(4, 5, 55).
cost(4, 6, 66).
cost(4, 7, 13).
cost(4, 8, 49).
cost(4, 9, 49).
cost(4, 10, 34).
cost(4, 11, 78).
cost(4, 12, 16).
cost(4, 13, 75).
cost(4, 14, 61).
cost(4, 15, 50).
cost(4, 16, 42).
cost(4, 17, 58).
cost(4, 18, 13).
cost(4, 19, 44).
cost(4, 20, 40).
cost(4, 21, 36).
cost(4, 22, 62).
cost(4, 23, 96).
cost(4, 24, 13).
cost(4, 25, 20).
cost(4, 26, 53).
cost(4, 27, 3).
cost(4, 28, 12).
cost(4, 29, 57).
cost(5, 1, 84).
cost(5, 2, 63).
cost(5, 3, 47).
cost(5, 4, 55).
cost(5, 6, 20).
cost(5, 7, 57).
cost(5, 8, 6).
cost(5, 9, 42).
cost(5, 10, 24).
cost(5, 11, 56).
cost(5, 12, 55).
cost(5, 13, 40).
cost(5, 14, 87).
cost(5, 15, 66).
cost(5, 16, 28).
cost(5, 17, 4).
cost(5, 18, 59).
cost(5, 19, 37).
cost(5, 20, 81).
cost(5, 21, 25).
cost(5, 22, 75).
cost(5, 23, 63).
cost(5, 24, 66).
cost(5, 25, 50).
cost(5, 26, 44).
cost(5, 27, 58).
cost(5, 28, 43).
cost(5, 29, 10).
cost(6, 1, 80).
cost(6, 2, 45).
cost(6, 3, 31).
cost(6, 4, 66).
cost(6, 5, 20).
cost(6, 7, 65).
cost(6, 8, 23).
cost(6, 9, 35).
cost(6, 10, 32).
cost(6, 11, 38).
cost(6, 12, 70).
cost(6, 13, 20).
cost(6, 14, 83).
cost(6, 15, 62).
cost(6, 16, 47).
cost(6, 17, 16).
cost(6, 18, 73).
cost(6, 19, 33).
cost(6, 20, 84).
cost(6, 21, 43).
cost(6, 22, 68).
cost(6, 23, 43).
cost(6, 24, 75).
cost(6, 25, 66).
cost(6, 26, 36).
cost(6, 27, 68).
cost(6, 28, 56).
cost(6, 29, 29).
cost(7, 1, 45).
cost(7, 2, 79).
cost(7, 3, 61).
cost(7, 4, 13).
cost(7, 5, 57).
cost(7, 6, 65).
cost(7, 8, 51).
cost(7, 9, 41).
cost(7, 10, 34).
cost(7, 11, 70).
cost(7, 12, 29).
cost(7, 13, 70).
cost(7, 14, 49).
cost(7, 15, 38).
cost(7, 16, 50).
cost(7, 17, 59).
cost(7, 18, 25).
cost(7, 19, 37).
cost(7, 20, 29).
cost(7, 21, 43).
cost(7, 22, 50).
cost(7, 23, 90).
cost(7, 24, 11).
cost(7, 25, 33).
cost(7, 26, 45).
cost(7, 27, 11).
cost(7, 28, 20).
cost(7, 29, 61).
cost(8, 1, 79).
cost(8, 2, 64).
cost(8, 3, 46).
cost(8, 4, 49).
cost(8, 5, 6).
cost(8, 6, 23).
cost(8, 7, 51).
cost(8, 9, 39).
cost(8, 10, 19).
cost(8, 11, 56).
cost(8, 12, 49).
cost(8, 13, 41).
cost(8, 14, 83).
cost(8, 15, 62).
cost(8, 16, 24).
cost(8, 17, 9).
cost(8, 18, 53).
cost(8, 19, 34).
cost(8, 20, 76).
cost(8, 21, 20).
cost(8, 22, 72).
cost(8, 23, 65).
cost(8, 24, 60).
cost(8, 25, 45).
cost(8, 26, 42).
cost(8, 27, 52).
cost(8, 28, 37).
cost(8, 29, 12).
cost(9, 1, 45).
cost(9, 2, 38).
cost(9, 3, 20).
cost(9, 4, 49).
cost(9, 5, 42).
cost(9, 6, 35).
cost(9, 7, 41).
cost(9, 8, 39).
cost(9, 10, 26).
cost(9, 11, 29).
cost(9, 12, 60).
cost(9, 13, 31).
cost(9, 14, 48).
cost(9, 15, 26).
cost(9, 16, 57).
cost(9, 17, 41).
cost(9, 18, 60).
cost(9, 19, 6).
cost(9, 20, 51).
cost(9, 21, 49).
cost(9, 22, 34).
cost(9, 23, 48).
cost(9, 24, 52).
cost(9, 25, 60).
cost(9, 26, 4).
cost(9, 27, 50).
cost(9, 28, 45).
cost(9, 29, 51).
cost(10, 1, 62).
cost(10, 2, 60).
cost(10, 3, 41).
cost(10, 4, 34).
cost(10, 5, 24).
cost(10, 6, 32).
cost(10, 7, 34).
cost(10, 8, 19).
cost(10, 9, 26).
cost(10, 11, 51).
cost(10, 12, 40).
cost(10, 13, 43).
cost(10, 14, 65).
cost(10, 15, 45).
cost(10, 16, 30).
cost(10, 17, 26).
cost(10, 18, 41).
cost(10, 19, 20).
cost(10, 20, 57).
cost(10, 21, 22).
cost(10, 22, 56).
cost(10, 23, 66).
cost(10, 24, 43).
cost(10, 25, 37).
cost(10, 26, 30).
cost(10, 27, 36).
cost(10, 28, 25).
cost(10, 29, 30).
cost(11, 1, 61).
cost(11, 2, 9).
cost(11, 3, 10).
cost(11, 4, 78).
cost(11, 5, 56).
cost(11, 6, 38).
cost(11, 7, 70).
cost(11, 8, 56).
cost(11, 9, 29).
cost(11, 10, 51).
cost(11, 12, 89).
cost(11, 13, 19).
cost(11, 14, 63).
cost(11, 15, 45).
cost(11, 16, 78).
cost(11, 17, 53).
cost(11, 18, 89).
cost(11, 19, 34).
cost(11, 20, 75).
cost(11, 21, 71).
cost(11, 22, 44).
cost(11, 23, 21).
cost(11, 24, 81).
cost(11, 25, 87).
cost(11, 26, 25).
cost(11, 27, 79).
cost(11, 28, 73).
cost(11, 29, 66).
cost(12, 1, 74).
cost(12, 2, 98).
cost(12, 3, 79).
cost(12, 4, 16).
cost(12, 5, 55).
cost(12, 6, 70).
cost(12, 7, 29).
cost(12, 8, 49).
cost(12, 9, 60).
cost(12, 10, 40).
cost(12, 11, 89).
cost(12, 13, 82).
cost(12, 14, 78).
cost(12, 15, 65).
cost(12, 16, 34).
cost(12, 17, 58).
cost(12, 18, 6).
cost(12, 19, 55).
cost(12, 20, 56).
cost(12, 21, 32).
cost(12, 22, 78).
cost(12, 23, 105).
cost(12, 24, 27).
cost(12, 25, 6).
cost(12, 26, 64).
cost(12, 27, 19).
cost(12, 28, 16).
cost(12, 29, 53).
cost(13, 1, 72).
cost(13, 2, 25).
cost(13, 3, 16).
cost(13, 4, 75).
cost(13, 5, 40).
cost(13, 6, 20).
cost(13, 7, 70).
cost(13, 8, 41).
cost(13, 9, 31).
cost(13, 10, 43).
cost(13, 11, 19).
cost(13, 12, 82).
cost(13, 14, 75).
cost(13, 15, 54).
cost(13, 16, 65).
cost(13, 17, 36).
cost(13, 18, 83).
cost(13, 19, 33).
cost(13, 20, 82).
cost(13, 21, 59).
cost(13, 22, 57).
cost(13, 23, 24).
cost(13, 24, 80).
cost(13, 25, 80).
cost(13, 26, 29).
cost(13, 27, 76).
cost(13, 28, 67).
cost(13, 29, 49).
cost(14, 1, 4).
cost(14, 2, 67).
cost(14, 3, 60).
cost(14, 4, 61).
cost(14, 5, 87).
cost(14, 6, 83).
cost(14, 7, 49).
cost(14, 8, 83).
cost(14, 9, 48).
cost(14, 10, 65).
cost(14, 11, 63).
cost(14, 12, 78).
cost(14, 13, 75).
cost(14, 15, 22).
cost(14, 16, 93).
cost(14, 17, 87).
cost(14, 18, 73).
cost(14, 19, 51).
cost(14, 20, 27).
cost(14, 21, 85).
cost(14, 22, 19).
cost(14, 23, 83).
cost(14, 24, 53).
cost(14, 25, 81).
cost(14, 26, 48).
cost(14, 27, 59).
cost(14, 28, 67).
cost(14, 29, 95).
cost(15, 1, 18).
cost(15, 2, 51).
cost(15, 3, 40).
cost(15, 4, 50).
cost(15, 5, 66).
cost(15, 6, 62).
cost(15, 7, 38).
cost(15, 8, 62).
cost(15, 9, 26).
cost(15, 10, 45).
cost(15, 11, 45).
cost(15, 12, 65).
cost(15, 13, 54).
cost(15, 14, 22).
cost(15, 16, 74).
cost(15, 17, 66).
cost(15, 18, 62).
cost(15, 19, 29).
cost(15, 20, 31).
cost(15, 21, 66).
cost(15, 22, 13).
cost(15, 23, 66).
cost(15, 24, 46).
cost(15, 25, 67).
cost(15, 26, 27).
cost(15, 27, 49).
cost(15, 28, 52).
cost(15, 29, 74).
cost(16, 1, 89).
cost(16, 2, 87).
cost(16, 3, 69).
cost(16, 4, 42).
cost(16, 5, 28).
cost(16, 6, 47).
cost(16, 7, 50).
cost(16, 8, 24).
cost(16, 9, 57).
cost(16, 10, 30).
cost(16, 11, 78).
cost(16, 12, 34).
cost(16, 13, 65).
cost(16, 14, 93).
cost(16, 15, 74).
cost(16, 17, 31).
cost(16, 18, 40).
cost(16, 19, 50).
cost(16, 20, 79).
cost(16, 21, 8).
cost(16, 22, 86).
cost(16, 23, 89).
cost(16, 24, 55).
cost(16, 25, 28).
cost(16, 26, 60).
cost(16, 27, 45).
cost(16, 28, 30).
cost(16, 29, 22).
cost(17, 1, 84).
cost(17, 2, 60).
cost(17, 3, 44).
cost(17, 4, 58).
cost(17, 5, 4).
cost(17, 6, 16).
cost(17, 7, 59).
cost(17, 8, 9).
cost(17, 9, 41).
cost(17, 10, 26).
cost(17, 11, 53).
cost(17, 12, 58).
cost(17, 13, 36).
cost(17, 14, 87).
cost(17, 15, 66).
cost(17, 16, 31).
cost(17, 18, 62).
cost(17, 19, 37).
cost(17, 20, 82).
cost(17, 21, 28).
cost(17, 22, 74).
cost(17, 23, 60).
cost(17, 24, 68).
cost(17, 25, 54).
cost(17, 26, 43).
cost(17, 27, 60).
cost(17, 28, 46).
cost(17, 29, 13).
cost(18, 1, 70).
cost(18, 2, 98).
cost(18, 3, 79).
cost(18, 4, 13).
cost(18, 5, 59).
cost(18, 6, 73).
cost(18, 7, 25).
cost(18, 8, 53).
cost(18, 9, 60).
cost(18, 10, 41).
cost(18, 11, 89).
cost(18, 12, 6).
cost(18, 13, 83).
cost(18, 14, 73).
cost(18, 15, 62).
cost(18, 16, 40).
cost(18, 17, 62).
cost(18, 19, 54).
cost(18, 20, 51).
cost(18, 21, 36).
cost(18, 22, 75).
cost(18, 23, 106).
cost(18, 24, 22).
cost(18, 25, 12).
cost(18, 26, 64).
cost(18, 27, 14).
cost(18, 28, 17).
cost(18, 29, 58).
cost(19, 1, 47).
cost(19, 2, 43).
cost(19, 3, 25).
cost(19, 4, 44).
cost(19, 5, 37).
cost(19, 6, 33).
cost(19, 7, 37).
cost(19, 8, 34).
cost(19, 9, 6).
cost(19, 10, 20).
cost(19, 11, 34).
cost(19, 12, 55).
cost(19, 13, 33).
cost(19, 14, 51).
cost(19, 15, 29).
cost(19, 16, 50).
cost(19, 17, 37).
cost(19, 18, 54).
cost(19, 20, 51).
cost(19, 21, 42).
cost(19, 22, 38).
cost(19, 23, 53).
cost(19, 24, 48).
cost(19, 25, 54).
cost(19, 26, 10).
cost(19, 27, 45).
cost(19, 28, 39).
cost(19, 29, 46).
cost(20, 1, 25).
cost(20, 2, 82).
cost(20, 3, 69).
cost(20, 4, 40).
cost(20, 5, 81).
cost(20, 6, 84).
cost(20, 7, 29).
cost(20, 8, 76).
cost(20, 9, 51).
cost(20, 10, 57).
cost(20, 11, 75).
cost(20, 12, 56).
cost(20, 13, 82).
cost(20, 14, 27).
cost(20, 15, 31).
cost(20, 16, 79).
cost(20, 17, 82).
cost(20, 18, 51).
cost(20, 19, 51).
cost(20, 21, 71).
cost(20, 22, 39).
cost(20, 23, 96).
cost(20, 24, 29).
cost(20, 25, 61).
cost(20, 26, 53).
cost(20, 27, 38).
cost(20, 28, 49).
cost(20, 29, 87).
cost(21, 1, 81).
cost(21, 2, 80).
cost(21, 3, 61).
cost(21, 4, 36).
cost(21, 5, 25).
cost(21, 6, 43).
cost(21, 7, 43).
cost(21, 8, 20).
cost(21, 9, 49).
cost(21, 10, 22).
cost(21, 11, 71).
cost(21, 12, 32).
cost(21, 13, 59).
cost(21, 14, 85).
cost(21, 15, 66).
cost(21, 16, 8).
cost(21, 17, 28).
cost(21, 18, 36).
cost(21, 19, 42).
cost(21, 20, 71).
cost(21, 22, 77).
cost(21, 23, 84).
cost(21, 24, 49).
cost(21, 25, 26).
cost(21, 26, 52).
cost(21, 27, 39).
cost(21, 28, 24).
cost(21, 29, 22).
cost(22, 1, 18).
cost(22, 2, 48).
cost(22, 3, 42).
cost(22, 4, 62).
cost(22, 5, 75).
cost(22, 6, 68).
cost(22, 7, 50).
cost(22, 8, 72).
cost(22, 9, 34).
cost(22, 10, 56).
cost(22, 11, 44).
cost(22, 12, 78).
cost(22, 13, 57).
cost(22, 14, 19).
cost(22, 15, 13).
cost(22, 16, 86).
cost(22, 17, 74).
cost(22, 18, 75).
cost(22, 19, 38).
cost(22, 20, 39).
cost(22, 21, 77).
cost(22, 23, 64).
cost(22, 24, 58).
cost(22, 25, 80).
cost(22, 26, 32).
cost(22, 27, 61).
cost(22, 28, 65).
cost(22, 29, 84).
cost(23, 1, 81).
cost(23, 2, 16).
cost(23, 3, 28).
cost(23, 4, 96).
cost(23, 5, 63).
cost(23, 6, 43).
cost(23, 7, 90).
cost(23, 8, 65).
cost(23, 9, 48).
cost(23, 10, 66).
cost(23, 11, 21).
cost(23, 12, 105).
cost(23, 13, 24).
cost(23, 14, 83).
cost(23, 15, 66).
cost(23, 16, 89).
cost(23, 17, 60).
cost(23, 18, 106).
cost(23, 19, 53).
cost(23, 20, 96).
cost(23, 21, 84).
cost(23, 22, 64).
cost(23, 24, 100).
cost(23, 25, 103).
cost(23, 26, 45).
cost(23, 27, 97).
cost(23, 28, 90).
cost(23, 29, 73).
cost(24, 1, 50).
cost(24, 2, 89).
cost(24, 3, 72).
cost(24, 4, 13).
cost(24, 5, 66).
cost(24, 6, 75).
cost(24, 7, 11).
cost(24, 8, 60).
cost(24, 9, 52).
cost(24, 10, 43).
cost(24, 11, 81).
cost(24, 12, 27).
cost(24, 13, 80).
cost(24, 14, 53).
cost(24, 15, 46).
cost(24, 16, 55).
cost(24, 17, 68).
cost(24, 18, 22).
cost(24, 19, 48).
cost(24, 20, 29).
cost(24, 21, 49).
cost(24, 22, 58).
cost(24, 23, 100).
cost(24, 25, 32).
cost(24, 26, 55).
cost(24, 27, 10).
cost(24, 28, 25).
cost(24, 29, 68).
cost(25, 1, 78).
cost(25, 2, 96).
cost(25, 3, 78).
cost(25, 4, 20).
cost(25, 5, 50).
cost(25, 6, 66).
cost(25, 7, 33).
cost(25, 8, 45).
cost(25, 9, 60).
cost(25, 10, 37).
cost(25, 11, 87).
cost(25, 12, 6).
cost(25, 13, 80).
cost(25, 14, 81).
cost(25, 15, 67).
cost(25, 16, 28).
cost(25, 17, 54).
cost(25, 18, 12).
cost(25, 19, 54).
cost(25, 20, 61).
cost(25, 21, 26).
cost(25, 22, 80).
cost(25, 23, 103).
cost(25, 24, 32).
cost(25, 26, 64).
cost(25, 27, 23).
cost(25, 28, 16).
cost(25, 29, 48).
cost(26, 1, 45).
cost(26, 2, 34).
cost(26, 3, 17).
cost(26, 4, 53).
cost(26, 5, 44).
cost(26, 6, 36).
cost(26, 7, 45).
cost(26, 8, 42).
cost(26, 9, 4).
cost(26, 10, 30).
cost(26, 11, 25).
cost(26, 12, 64).
cost(26, 13, 29).
cost(26, 14, 48).
cost(26, 15, 27).
cost(26, 16, 60).
cost(26, 17, 43).
cost(26, 18, 64).
cost(26, 19, 10).
cost(26, 20, 53).
cost(26, 21, 52).
cost(26, 22, 32).
cost(26, 23, 45).
cost(26, 24, 55).
cost(26, 25, 64).
cost(26, 27, 54).
cost(26, 28, 49).
cost(26, 29, 54).
cost(27, 1, 56).
cost(27, 2, 87).
cost(27, 3, 70).
cost(27, 4, 3).
cost(27, 5, 58).
cost(27, 6, 68).
cost(27, 7, 11).
cost(27, 8, 52).
cost(27, 9, 50).
cost(27, 10, 36).
cost(27, 11, 79).
cost(27, 12, 19).
cost(27, 13, 76).
cost(27, 14, 59).
cost(27, 15, 49).
cost(27, 16, 45).
cost(27, 17, 60).
cost(27, 18, 14).
cost(27, 19, 45).
cost(27, 20, 38).
cost(27, 21, 39).
cost(27, 22, 61).
cost(27, 23, 97).
cost(27, 24, 10).
cost(27, 25, 23).
cost(27, 26, 54).
cost(27, 28, 15).
cost(27, 29, 60).
cost(28, 1, 64).
cost(28, 2, 82).
cost(28, 3, 63).
cost(28, 4, 12).
cost(28, 5, 43).
cost(28, 6, 56).
cost(28, 7, 20).
cost(28, 8, 37).
cost(28, 9, 45).
cost(28, 10, 25).
cost(28, 11, 73).
cost(28, 12, 16).
cost(28, 13, 67).
cost(28, 14, 67).
cost(28, 15, 52).
cost(28, 16, 30).
cost(28, 17, 46).
cost(28, 18, 17).
cost(28, 19, 39).
cost(28, 20, 49).
cost(28, 21, 24).
cost(28, 22, 65).
cost(28, 23, 90).
cost(28, 24, 25).
cost(28, 25, 16).
cost(28, 26, 49).
cost(28, 27, 15).
cost(28, 29, 44).
cost(29, 1, 91).
cost(29, 2, 73).
cost(29, 3, 57).
cost(29, 4, 57).
cost(29, 5, 10).
cost(29, 6, 29).
cost(29, 7, 61).
cost(29, 8, 12).
cost(29, 9, 51).
cost(29, 10, 30).
cost(29, 11, 66).
cost(29, 12, 53).
cost(29, 13, 49).
cost(29, 14, 95).
cost(29, 15, 74).
cost(29, 16, 22).
cost(29, 17, 13).
cost(29, 18, 58).
cost(29, 19, 46).
cost(29, 20, 87).
cost(29, 21, 22).
cost(29, 22, 84).
cost(29, 23, 73).
cost(29, 24, 68).
cost(29, 25, 48).
cost(29, 26, 54).
cost(29, 27, 60).
cost(29, 28, 44).
nocross(1,14).
nocross(1,15).
nocross(1,20).
nocross(1,22).
nocross(2,3).
nocross(2,11).
nocross(2,13).
nocross(2,23).
nocross(2,26).
nocross(3,2).
nocross(3,6).
nocross(3,9).
nocross(3,11).
nocross(3,13).
nocross(3,19).
nocross(3,23).
nocross(3,26).
nocross(4,7).
nocross(4,10).
nocross(4,12).
nocross(4,18).
nocross(4,24).
nocross(4,25).
nocross(4,27).
nocross(4,28).
nocross(5,6).
nocross(5,8).
nocross(5,10).
nocross(5,16).
nocross(5,17).
nocross(5,21).
nocross(5,29).
nocross(6,3).
nocross(6,5).
nocross(6,8).
nocross(6,9).
nocross(6,10).
nocross(6,11).
nocross(6,13).
nocross(6,17).
nocross(6,19).
nocross(6,23).
nocross(6,26).
nocross(6,29).
nocross(7,4).
nocross(7,9).
nocross(7,10).
nocross(7,12).
nocross(7,15).
nocross(7,18).
nocross(7,19).
nocross(7,20).
nocross(7,24).
nocross(7,27).
nocross(7,28).
nocross(8,5).
nocross(8,6).
nocross(8,10).
nocross(8,16).
nocross(8,17).
nocross(8,19).
nocross(8,21).
nocross(8,25).
nocross(8,29).
nocross(9,2).
nocross(9,3).
nocross(9,6).
nocross(9,8).
nocross(9,10).
nocross(9,11).
nocross(9,15).
nocross(9,19).
nocross(9,22).
nocross(9,26).
nocross(10,4).
nocross(10,5).
nocross(10,6).
nocross(10,7).
nocross(10,8).
nocross(10,9).
nocross(10,12).
nocross(10,16).
nocross(10,17).
nocross(10,18).
nocross(10,19).
nocross(10,21).
nocross(10,25).
nocross(10,26).
nocross(10,27).
nocross(10,28).
nocross(10,29).
nocross(11,2).
nocross(11,3).
nocross(11,9).
nocross(11,13).
nocross(11,19).
nocross(11,23).
nocross(11,26).
nocross(12,4).
nocross(12,16).
nocross(12,18).
nocross(12,21).
nocross(12,24).
nocross(12,25).
nocross(12,27).
nocross(12,28).
nocross(13,2).
nocross(13,3).
nocross(13,5).
nocross(13,6).
nocross(13,9).
nocross(13,11).
nocross(13,17).
nocross(13,19).
nocross(13,23).
nocross(13,26).
nocross(14,1).
nocross(14,15).
nocross(14,20).
nocross(14,22).
nocross(15,1).
nocross(15,7).
nocross(15,9).
nocross(15,14).
nocross(15,19).
nocross(15,20).
nocross(15,22).
nocross(15,26).
nocross(16,5).
nocross(16,8).
nocross(16,10).
nocross(16,12).
nocross(16,17).
nocross(16,21).
nocross(16,25).
nocross(16,28).
nocross(16,29).
nocross(17,5).
nocross(17,6).
nocross(17,8).
nocross(17,10).
nocross(17,13).
nocross(17,21).
nocross(17,29).
nocross(18,4).
nocross(18,7).
nocross(18,12).
nocross(18,24).
nocross(18,25).
nocross(18,27).
nocross(18,28).
nocross(19,3).
nocross(19,6).
nocross(19,7).
nocross(19,8).
nocross(19,9).
nocross(19,10).
nocross(19,11).
nocross(19,15).
nocross(19,17).
nocross(19,26).
nocross(20,1).
nocross(20,4).
nocross(20,7).
nocross(20,14).
nocross(20,15).
nocross(20,22).
nocross(20,24).
nocross(20,27).
nocross(21,4).
nocross(21,5).
nocross(21,8).
nocross(21,10).
nocross(21,12).
nocross(21,16).
nocross(21,17).
nocross(21,25).
nocross(21,28).
nocross(21,29).
nocross(22,1).
nocross(22,9).
nocross(22,11).
nocross(22,14).
nocross(22,15).
nocross(22,19).
nocross(22,26).
nocross(23,2).
nocross(23,3).
nocross(23,11).
nocross(23,13).
nocross(23,26).
nocross(24,4).
nocross(24,7).
nocross(24,12).
nocross(24,18).
nocross(24,20).
nocross(24,27).
nocross(24,28).
nocross(25,4).
nocross(25,12).
nocross(25,16).
nocross(25,18).
nocross(25,21).
nocross(25,27).
nocross(25,28).
nocross(26,2).
nocross(26,3).
nocross(26,6).
nocross(26,9).
nocross(26,10).
nocross(26,11).
nocross(26,13).
nocross(26,15).
nocross(26,19).
nocross(26,22).
nocross(27,4).
nocross(27,7).
nocross(27,12).
nocross(27,18).
nocross(27,24).
nocross(27,28).
nocross(28,4).
nocross(28,7).
nocross(28,8).
nocross(28,10).
nocross(28,12).
nocross(28,16).
nocross(28,18).
nocross(28,19).
nocross(28,21).
nocross(28,24).
nocross(28,25).
nocross(28,27).
nocross(29,5).
nocross(29,6).
nocross(29,8).
nocross(29,16).
nocross(29,17).
nocross(29,21).
