dimension(29).
point(1, 51.5736802394, 42.0564393868).
point(2, 26.0805382512, 47.5098436275).
point(3, 98.0758639375, 54.4624430496).
point(4, 51.6323517455, 49.2049824323).
point(5, 21.0335537965, 15.3719734169).
point(6, 99.3411422077, 66.8265397496).
point(7, 86.1894024668, 68.4123514883).
point(8, 16.6909300212, 12.979196988).
point(9, 59.1097919232, 59.0668299091).
point(10, 72.2551124586, 32.6989149686).
point(11, 8.5389249053, 49.593736594).
point(12, 80.8958592293, 90.0393661649).
point(13, 43.270822415, 47.0444914086).
point(14, 83.6422234555, 93.0223270118).
point(15, 75.0668381942, 26.7046046826).
point(16, 72.5790546832, 35.6038361985).
point(17, 41.7174864149, 42.9043392505).
point(18, 96.4467914638, 55.1669876589).
point(19, 27.4223573398, 70.4371905812).
point(20, 83.4040728192, 84.0130836224).
point(21, 67.1147614859, 16.5774729887).
point(22, 85.2458571441, 73.5580660616).
point(23, 40.1361325847, 70.213030539).
point(24, 5.541281541, 49.2804018553).
point(25, 52.8078816242, 81.468333022).
point(26, 61.7989549654, 27.2029162942).
point(27, 26.1988041169, 81.0275965814).
point(28, 11.7604407774, 44.899799621).
point(29, 92.3495338263, 80.1970583229).
cost(1, 2, 26).
cost(1, 3, 48).
cost(1, 4, 7).
cost(1, 5, 41).
cost(1, 6, 54).
cost(1, 7, 44).
cost(1, 8, 45).
cost(1, 9, 19).
cost(1, 10, 23).
cost(1, 11, 44).
cost(1, 12, 56).
cost(1, 13, 10).
cost(1, 14, 60).
cost(1, 15, 28).
cost(1, 16, 22).
cost(1, 17, 10).
cost(1, 18, 47).
cost(1, 19, 37).
cost(1, 20, 53).
cost(1, 21, 30).
cost(1, 22, 46).
cost(1, 23, 30).
cost(1, 24, 47).
cost(1, 25, 39).
cost(1, 26, 18).
cost(1, 27, 47).
cost(1, 28, 40).
cost(1, 29, 56).
cost(2, 1, 26).
cost(2, 3, 72).
cost(2, 4, 26).
cost(2, 5, 33).
cost(2, 6, 76).
cost(2, 7, 64).
cost(2, 8, 36).
cost(2, 9, 35).
cost(2, 10, 48).
cost(2, 11, 18).
cost(2, 12, 69).
cost(2, 13, 17).
cost(2, 14, 73).
cost(2, 15, 53).
cost(2, 16, 48).
cost(2, 17, 16).
cost(2, 18, 71).
cost(2, 19, 23).
cost(2, 20, 68).
cost(2, 21, 51).
cost(2, 22, 65).
cost(2, 23, 27).
cost(2, 24, 21).
cost(2, 25, 43).
cost(2, 26, 41).
cost(2, 27, 34).
cost(2, 28, 15).
cost(2, 29, 74).
cost(3, 1, 48).
cost(3, 2, 72).
cost(3, 4, 47).
cost(3, 5, 86).
cost(3, 6, 12).
cost(3, 7, 18).
cost(3, 8, 91).
cost(3, 9, 39).
cost(3, 10, 34).
cost(3, 11, 90).
cost(3, 12, 40).
cost(3, 13, 55).
cost(3, 14, 41).
cost(3, 15, 36).
cost(3, 16, 32).
cost(3, 17, 58).
cost(3, 18, 2).
cost(3, 19, 72).
cost(3, 20, 33).
cost(3, 21, 49).
cost(3, 22, 23).
cost(3, 23, 60).
cost(3, 24, 93).
cost(3, 25, 53).
cost(3, 26, 45).
cost(3, 27, 77).
cost(3, 28, 87).
cost(3, 29, 26).
cost(4, 1, 7).
cost(4, 2, 26).
cost(4, 3, 47).
cost(4, 5, 46).
cost(4, 6, 51).
cost(4, 7, 40).
cost(4, 8, 50).
cost(4, 9, 12).
cost(4, 10, 26).
cost(4, 11, 43).
cost(4, 12, 50).
cost(4, 13, 9).
cost(4, 14, 54).
cost(4, 15, 32).
cost(4, 16, 25).
cost(4, 17, 12).
cost(4, 18, 45).
cost(4, 19, 32).
cost(4, 20, 47).
cost(4, 21, 36).
cost(4, 22, 42).
cost(4, 23, 24).
cost(4, 24, 46).
cost(4, 25, 32).
cost(4, 26, 24).
cost(4, 27, 41).
cost(4, 28, 40).
cost(4, 29, 51).
cost(5, 1, 41).
cost(5, 2, 33).
cost(5, 3, 86).
cost(5, 4, 46).
cost(5, 6, 94).
cost(5, 7, 84).
cost(5, 8, 5).
cost(5, 9, 58).
cost(5, 10, 54).
cost(5, 11, 36).
cost(5, 12, 96).
cost(5, 13, 39).
cost(5, 14, 100).
cost(5, 15, 55).
cost(5, 16, 55).
cost(5, 17, 34).
cost(5, 18, 85).
cost(5, 19, 55).
cost(5, 20, 93).
cost(5, 21, 46).
cost(5, 22, 87).
cost(5, 23, 58).
cost(5, 24, 37).
cost(5, 25, 73).
cost(5, 26, 42).
cost(5, 27, 66).
cost(5, 28, 31).
cost(5, 29, 96).
cost(6, 1, 54).
cost(6, 2, 76).
cost(6, 3, 12).
cost(6, 4, 51).
cost(6, 5, 94).
cost(6, 7, 13).
cost(6, 8, 99).
cost(6, 9, 41).
cost(6, 10, 44).
cost(6, 11, 92).
cost(6, 12, 30).
cost(6, 13, 59).
cost(6, 14, 31).
cost(6, 15, 47).
cost(6, 16, 41).
cost(6, 17, 62).
cost(6, 18, 12).
cost(6, 19, 72).
cost(6, 20, 23).
cost(6, 21, 60).
cost(6, 22, 16).
cost(6, 23, 59).
cost(6, 24, 95).
cost(6, 25, 49).
cost(6, 26, 55).
cost(6, 27, 75).
cost(6, 28, 90).
cost(6, 29, 15).
cost(7, 1, 44).
cost(7, 2, 64).
cost(7, 3, 18).
cost(7, 4, 40).
cost(7, 5, 84).
cost(7, 6, 13).
cost(7, 8, 89).
cost(7, 9, 29).
cost(7, 10, 38).
cost(7, 11, 80).
cost(7, 12, 22).
cost(7, 13, 48).
cost(7, 14, 25).
cost(7, 15, 43).
cost(7, 16, 36).
cost(7, 17, 51).
cost(7, 18, 17).
cost(7, 19, 59).
cost(7, 20, 16).
cost(7, 21, 55).
cost(7, 22, 5).
cost(7, 23, 46).
cost(7, 24, 83).
cost(7, 25, 36).
cost(7, 26, 48).
cost(7, 27, 61).
cost(7, 28, 78).
cost(7, 29, 13).
cost(8, 1, 45).
cost(8, 2, 36).
cost(8, 3, 91).
cost(8, 4, 50).
cost(8, 5, 5).
cost(8, 6, 99).
cost(8, 7, 89).
cost(8, 9, 63).
cost(8, 10, 59).
cost(8, 11, 38).
cost(8, 12, 100).
cost(8, 13, 43).
cost(8, 14, 104).
cost(8, 15, 60).
cost(8, 16, 60).
cost(8, 17, 39).
cost(8, 18, 90).
cost(8, 19, 58).
cost(8, 20, 97).
cost(8, 21, 51).
cost(8, 22, 91).
cost(8, 23, 62).
cost(8, 24, 38).
cost(8, 25, 77).
cost(8, 26, 47).
cost(8, 27, 69).
cost(8, 28, 32).
cost(8, 29, 101).
cost(9, 1, 19).
cost(9, 2, 35).
cost(9, 3, 39).
cost(9, 4, 12).
cost(9, 5, 58).
cost(9, 6, 41).
cost(9, 7, 29).
cost(9, 8, 63).
cost(9, 10, 29).
cost(9, 11, 51).
cost(9, 12, 38).
cost(9, 13, 20).
cost(9, 14, 42).
cost(9, 15, 36).
cost(9, 16, 27).
cost(9, 17, 24).
cost(9, 18, 38).
cost(9, 19, 34).
cost(9, 20, 35).
cost(9, 21, 43).
cost(9, 22, 30).
cost(9, 23, 22).
cost(9, 24, 54).
cost(9, 25, 23).
cost(9, 26, 32).
cost(9, 27, 40).
cost(9, 28, 49).
cost(9, 29, 39).
cost(10, 1, 23).
cost(10, 2, 48).
cost(10, 3, 34).
cost(10, 4, 26).
cost(10, 5, 54).
cost(10, 6, 44).
cost(10, 7, 38).
cost(10, 8, 59).
cost(10, 9, 29).
cost(10, 11, 66).
cost(10, 12, 58).
cost(10, 13, 32).
cost(10, 14, 61).
cost(10, 15, 7).
cost(10, 16, 3).
cost(10, 17, 32).
cost(10, 18, 33).
cost(10, 19, 59).
cost(10, 20, 53).
cost(10, 21, 17).
cost(10, 22, 43).
cost(10, 23, 49).
cost(10, 24, 69).
cost(10, 25, 53).
cost(10, 26, 12).
cost(10, 27, 67).
cost(10, 28, 62).
cost(10, 29, 52).
cost(11, 1, 44).
cost(11, 2, 18).
cost(11, 3, 90).
cost(11, 4, 43).
cost(11, 5, 36).
cost(11, 6, 92).
cost(11, 7, 80).
cost(11, 8, 38).
cost(11, 9, 51).
cost(11, 10, 66).
cost(11, 12, 83).
cost(11, 13, 35).
cost(11, 14, 87).
cost(11, 15, 70).
cost(11, 16, 66).
cost(11, 17, 34).
cost(11, 18, 88).
cost(11, 19, 28).
cost(11, 20, 82).
cost(11, 21, 67).
cost(11, 22, 80).
cost(11, 23, 38).
cost(11, 24, 3).
cost(11, 25, 55).
cost(11, 26, 58).
cost(11, 27, 36).
cost(11, 28, 6).
cost(11, 29, 89).
cost(12, 1, 56).
cost(12, 2, 69).
cost(12, 3, 40).
cost(12, 4, 50).
cost(12, 5, 96).
cost(12, 6, 30).
cost(12, 7, 22).
cost(12, 8, 100).
cost(12, 9, 38).
cost(12, 10, 58).
cost(12, 11, 83).
cost(12, 13, 57).
cost(12, 14, 4).
cost(12, 15, 64).
cost(12, 16, 55).
cost(12, 17, 61).
cost(12, 18, 38).
cost(12, 19, 57).
cost(12, 20, 7).
cost(12, 21, 75).
cost(12, 22, 17).
cost(12, 23, 45).
cost(12, 24, 86).
cost(12, 25, 29).
cost(12, 26, 66).
cost(12, 27, 55).
cost(12, 28, 83).
cost(12, 29, 15).
cost(13, 1, 10).
cost(13, 2, 17).
cost(13, 3, 55).
cost(13, 4, 9).
cost(13, 5, 39).
cost(13, 6, 59).
cost(13, 7, 48).
cost(13, 8, 43).
cost(13, 9, 20).
cost(13, 10, 32).
cost(13, 11, 35).
cost(13, 12, 57).
cost(13, 14, 61).
cost(13, 15, 38).
cost(13, 16, 31).
cost(13, 17, 4).
cost(13, 18, 54).
cost(13, 19, 28).
cost(13, 20, 55).
cost(13, 21, 39).
cost(13, 22, 50).
cost(13, 23, 23).
cost(13, 24, 38).
cost(13, 25, 36).
cost(13, 26, 27).
cost(13, 27, 38).
cost(13, 28, 32).
cost(13, 29, 59).
cost(14, 1, 60).
cost(14, 2, 73).
cost(14, 3, 41).
cost(14, 4, 54).
cost(14, 5, 100).
cost(14, 6, 31).
cost(14, 7, 25).
cost(14, 8, 104).
cost(14, 9, 42).
cost(14, 10, 61).
cost(14, 11, 87).
cost(14, 12, 4).
cost(14, 13, 61).
cost(14, 15, 67).
cost(14, 16, 58).
cost(14, 17, 65).
cost(14, 18, 40).
cost(14, 19, 61).
cost(14, 20, 9).
cost(14, 21, 78).
cost(14, 22, 20).
cost(14, 23, 49).
cost(14, 24, 90).
cost(14, 25, 33).
cost(14, 26, 69).
cost(14, 27, 59).
cost(14, 28, 87).
cost(14, 29, 16).
cost(15, 1, 28).
cost(15, 2, 53).
cost(15, 3, 36).
cost(15, 4, 32).
cost(15, 5, 55).
cost(15, 6, 47).
cost(15, 7, 43).
cost(15, 8, 60).
cost(15, 9, 36).
cost(15, 10, 7).
cost(15, 11, 70).
cost(15, 12, 64).
cost(15, 13, 38).
cost(15, 14, 67).
cost(15, 16, 9).
cost(15, 17, 37).
cost(15, 18, 36).
cost(15, 19, 65).
cost(15, 20, 58).
cost(15, 21, 13).
cost(15, 22, 48).
cost(15, 23, 56).
cost(15, 24, 73).
cost(15, 25, 59).
cost(15, 26, 13).
cost(15, 27, 73).
cost(15, 28, 66).
cost(15, 29, 56).
cost(16, 1, 22).
cost(16, 2, 48).
cost(16, 3, 32).
cost(16, 4, 25).
cost(16, 5, 55).
cost(16, 6, 41).
cost(16, 7, 36).
cost(16, 8, 60).
cost(16, 9, 27).
cost(16, 10, 3).
cost(16, 11, 66).
cost(16, 12, 55).
cost(16, 13, 31).
cost(16, 14, 58).
cost(16, 15, 9).
cost(16, 17, 32).
cost(16, 18, 31).
cost(16, 19, 57).
cost(16, 20, 50).
cost(16, 21, 20).
cost(16, 22, 40).
cost(16, 23, 47).
cost(16, 24, 68).
cost(16, 25, 50).
cost(16, 26, 14).
cost(16, 27, 65).
cost(16, 28, 62).
cost(16, 29, 49).
cost(17, 1, 10).
cost(17, 2, 16).
cost(17, 3, 58).
cost(17, 4, 12).
cost(17, 5, 34).
cost(17, 6, 62).
cost(17, 7, 51).
cost(17, 8, 39).
cost(17, 9, 24).
cost(17, 10, 32).
cost(17, 11, 34).
cost(17, 12, 61).
cost(17, 13, 4).
cost(17, 14, 65).
cost(17, 15, 37).
cost(17, 16, 32).
cost(17, 18, 56).
cost(17, 19, 31).
cost(17, 20, 59).
cost(17, 21, 37).
cost(17, 22, 53).
cost(17, 23, 27).
cost(17, 24, 37).
cost(17, 25, 40).
cost(17, 26, 25).
cost(17, 27, 41).
cost(17, 28, 30).
cost(17, 29, 63).
cost(18, 1, 47).
cost(18, 2, 71).
cost(18, 3, 2).
cost(18, 4, 45).
cost(18, 5, 85).
cost(18, 6, 12).
cost(18, 7, 17).
cost(18, 8, 90).
cost(18, 9, 38).
cost(18, 10, 33).
cost(18, 11, 88).
cost(18, 12, 38).
cost(18, 13, 54).
cost(18, 14, 40).
cost(18, 15, 36).
cost(18, 16, 31).
cost(18, 17, 56).
cost(18, 19, 71).
cost(18, 20, 32).
cost(18, 21, 48).
cost(18, 22, 22).
cost(18, 23, 58).
cost(18, 24, 91).
cost(18, 25, 51).
cost(18, 26, 45).
cost(18, 27, 75).
cost(18, 28, 85).
cost(18, 29, 25).
cost(19, 1, 37).
cost(19, 2, 23).
cost(19, 3, 72).
cost(19, 4, 32).
cost(19, 5, 55).
cost(19, 6, 72).
cost(19, 7, 59).
cost(19, 8, 58).
cost(19, 9, 34).
cost(19, 10, 59).
cost(19, 11, 28).
cost(19, 12, 57).
cost(19, 13, 28).
cost(19, 14, 61).
cost(19, 15, 65).
cost(19, 16, 57).
cost(19, 17, 31).
cost(19, 18, 71).
cost(19, 20, 58).
cost(19, 21, 67).
cost(19, 22, 58).
cost(19, 23, 13).
cost(19, 24, 30).
cost(19, 25, 28).
cost(19, 26, 55).
cost(19, 27, 11).
cost(19, 28, 30).
cost(19, 29, 66).
cost(20, 1, 53).
cost(20, 2, 68).
cost(20, 3, 33).
cost(20, 4, 47).
cost(20, 5, 93).
cost(20, 6, 23).
cost(20, 7, 16).
cost(20, 8, 97).
cost(20, 9, 35).
cost(20, 10, 53).
cost(20, 11, 82).
cost(20, 12, 7).
cost(20, 13, 55).
cost(20, 14, 9).
cost(20, 15, 58).
cost(20, 16, 50).
cost(20, 17, 59).
cost(20, 18, 32).
cost(20, 19, 58).
cost(20, 21, 69).
cost(20, 22, 11).
cost(20, 23, 45).
cost(20, 24, 85).
cost(20, 25, 31).
cost(20, 26, 61).
cost(20, 27, 57).
cost(20, 28, 82).
cost(20, 29, 10).
cost(21, 1, 30).
cost(21, 2, 51).
cost(21, 3, 49).
cost(21, 4, 36).
cost(21, 5, 46).
cost(21, 6, 60).
cost(21, 7, 55).
cost(21, 8, 51).
cost(21, 9, 43).
cost(21, 10, 17).
cost(21, 11, 67).
cost(21, 12, 75).
cost(21, 13, 39).
cost(21, 14, 78).
cost(21, 15, 13).
cost(21, 16, 20).
cost(21, 17, 37).
cost(21, 18, 48).
cost(21, 19, 67).
cost(21, 20, 69).
cost(21, 22, 60).
cost(21, 23, 60).
cost(21, 24, 70).
cost(21, 25, 66).
cost(21, 26, 12).
cost(21, 27, 76).
cost(21, 28, 62).
cost(21, 29, 68).
cost(22, 1, 46).
cost(22, 2, 65).
cost(22, 3, 23).
cost(22, 4, 42).
cost(22, 5, 87).
cost(22, 6, 16).
cost(22, 7, 5).
cost(22, 8, 91).
cost(22, 9, 30).
cost(22, 10, 43).
cost(22, 11, 80).
cost(22, 12, 17).
cost(22, 13, 50).
cost(22, 14, 20).
cost(22, 15, 48).
cost(22, 16, 40).
cost(22, 17, 53).
cost(22, 18, 22).
cost(22, 19, 58).
cost(22, 20, 11).
cost(22, 21, 60).
cost(22, 23, 45).
cost(22, 24, 83).
cost(22, 25, 33).
cost(22, 26, 52).
cost(22, 27, 60).
cost(22, 28, 79).
cost(22, 29, 10).
cost(23, 1, 30).
cost(23, 2, 27).
cost(23, 3, 60).
cost(23, 4, 24).
cost(23, 5, 58).
cost(23, 6, 59).
cost(23, 7, 46).
cost(23, 8, 62).
cost(23, 9, 22).
cost(23, 10, 49).
cost(23, 11, 38).
cost(23, 12, 45).
cost(23, 13, 23).
cost(23, 14, 49).
cost(23, 15, 56).
cost(23, 16, 47).
cost(23, 17, 27).
cost(23, 18, 58).
cost(23, 19, 13).
cost(23, 20, 45).
cost(23, 21, 60).
cost(23, 22, 45).
cost(23, 24, 40).
cost(23, 25, 17).
cost(23, 26, 48).
cost(23, 27, 18).
cost(23, 28, 38).
cost(23, 29, 53).
cost(24, 1, 47).
cost(24, 2, 21).
cost(24, 3, 93).
cost(24, 4, 46).
cost(24, 5, 37).
cost(24, 6, 95).
cost(24, 7, 83).
cost(24, 8, 38).
cost(24, 9, 54).
cost(24, 10, 69).
cost(24, 11, 3).
cost(24, 12, 86).
cost(24, 13, 38).
cost(24, 14, 90).
cost(24, 15, 73).
cost(24, 16, 68).
cost(24, 17, 37).
cost(24, 18, 91).
cost(24, 19, 30).
cost(24, 20, 85).
cost(24, 21, 70).
cost(24, 22, 83).
cost(24, 23, 40).
cost(24, 25, 57).
cost(24, 26, 60).
cost(24, 27, 38).
cost(24, 28, 8).
cost(24, 29, 92).
cost(25, 1, 39).
cost(25, 2, 43).
cost(25, 3, 53).
cost(25, 4, 32).
cost(25, 5, 73).
cost(25, 6, 49).
cost(25, 7, 36).
cost(25, 8, 77).
cost(25, 9, 23).
cost(25, 10, 53).
cost(25, 11, 55).
cost(25, 12, 29).
cost(25, 13, 36).
cost(25, 14, 33).
cost(25, 15, 59).
cost(25, 16, 50).
cost(25, 17, 40).
cost(25, 18, 51).
cost(25, 19, 28).
cost(25, 20, 31).
cost(25, 21, 66).
cost(25, 22, 33).
cost(25, 23, 17).
cost(25, 24, 57).
cost(25, 26, 55).
cost(25, 27, 27).
cost(25, 28, 55).
cost(25, 29, 40).
cost(26, 1, 18).
cost(26, 2, 41).
cost(26, 3, 45).
cost(26, 4, 24).
cost(26, 5, 42).
cost(26, 6, 55).
cost(26, 7, 48).
cost(26, 8, 47).
cost(26, 9, 32).
cost(26, 10, 12).
cost(26, 11, 58).
cost(26, 12, 66).
cost(26, 13, 27).
cost(26, 14, 69).
cost(26, 15, 13).
cost(26, 16, 14).
cost(26, 17, 25).
cost(26, 18, 45).
cost(26, 19, 55).
cost(26, 20, 61).
cost(26, 21, 12).
cost(26, 22, 52).
cost(26, 23, 48).
cost(26, 24, 60).
cost(26, 25, 55).
cost(26, 27, 65).
cost(26, 28, 53).
cost(26, 29, 61).
cost(27, 1, 47).
cost(27, 2, 34).
cost(27, 3, 77).
cost(27, 4, 41).
cost(27, 5, 66).
cost(27, 6, 75).
cost(27, 7, 61).
cost(27, 8, 69).
cost(27, 9, 40).
cost(27, 10, 67).
cost(27, 11, 36).
cost(27, 12, 55).
cost(27, 13, 38).
cost(27, 14, 59).
cost(27, 15, 73).
cost(27, 16, 65).
cost(27, 17, 41).
cost(27, 18, 75).
cost(27, 19, 11).
cost(27, 20, 57).
cost(27, 21, 76).
cost(27, 22, 60).
cost(27, 23, 18).
cost(27, 24, 38).
cost(27, 25, 27).
cost(27, 26, 65).
cost(27, 28, 39).
cost(27, 29, 66).
cost(28, 1, 40).
cost(28, 2, 15).
cost(28, 3, 87).
cost(28, 4, 40).
cost(28, 5, 31).
cost(28, 6, 90).
cost(28, 7, 78).
cost(28, 8, 32).
cost(28, 9, 49).
cost(28, 10, 62).
cost(28, 11, 6).
cost(28, 12, 83).
cost(28, 13, 32).
cost(28, 14, 87).
cost(28, 15, 66).
cost(28, 16, 62).
cost(28, 17, 30).
cost(28, 18, 85).
cost(28, 19, 30).
cost(28, 20, 82).
cost(28, 21, 62).
cost(28, 22, 79).
cost(28, 23, 38).
cost(28, 24, 8).
cost(28, 25, 55).
cost(28, 26, 53).
cost(28, 27, 39).
cost(28, 29, 88).
cost(29, 1, 56).
cost(29, 2, 74).
cost(29, 3, 26).
cost(29, 4, 51).
cost(29, 5, 96).
cost(29, 6, 15).
cost(29, 7, 13).
cost(29, 8, 101).
cost(29, 9, 39).
cost(29, 10, 52).
cost(29, 11, 89).
cost(29, 12, 15).
cost(29, 13, 59).
cost(29, 14, 16).
cost(29, 15, 56).
cost(29, 16, 49).
cost(29, 17, 63).
cost(29, 18, 25).
cost(29, 19, 66).
cost(29, 20, 10).
cost(29, 21, 68).
cost(29, 22, 10).
cost(29, 23, 53).
cost(29, 24, 92).
cost(29, 25, 40).
cost(29, 26, 61).
cost(29, 27, 66).
cost(29, 28, 88).
nocross(1,2).
nocross(1,4).
nocross(1,5).
nocross(1,9).
nocross(1,10).
nocross(1,13).
nocross(1,15).
nocross(1,16).
nocross(1,17).
nocross(1,21).
nocross(1,26).
nocross(1,28).
nocross(2,1).
nocross(2,4).
nocross(2,5).
nocross(2,8).
nocross(2,9).
nocross(2,11).
nocross(2,13).
nocross(2,17).
nocross(2,19).
nocross(2,23).
nocross(2,24).
nocross(2,26).
nocross(2,27).
nocross(2,28).
nocross(3,6).
nocross(3,7).
nocross(3,10).
nocross(3,15).
nocross(3,16).
nocross(3,18).
nocross(3,22).
nocross(4,1).
nocross(4,2).
nocross(4,7).
nocross(4,9).
nocross(4,10).
nocross(4,11).
nocross(4,13).
nocross(4,16).
nocross(4,17).
nocross(4,19).
nocross(4,23).
nocross(4,26).
nocross(4,28).
nocross(5,1).
nocross(5,2).
nocross(5,8).
nocross(5,13).
nocross(5,17).
nocross(5,24).
nocross(5,26).
nocross(5,28).
nocross(6,3).
nocross(6,7).
nocross(6,12).
nocross(6,16).
nocross(6,18).
nocross(6,20).
nocross(6,22).
nocross(6,29).
nocross(7,3).
nocross(7,4).
nocross(7,6).
nocross(7,9).
nocross(7,10).
nocross(7,12).
nocross(7,14).
nocross(7,15).
nocross(7,16).
nocross(7,18).
nocross(7,20).
nocross(7,22).
nocross(7,25).
nocross(7,29).
nocross(8,5).
nocross(8,11).
nocross(8,17).
nocross(8,24).
nocross(8,28).
nocross(9,1).
nocross(9,3).
nocross(9,4).
nocross(9,6).
nocross(9,7).
nocross(9,10).
nocross(9,12).
nocross(9,13).
nocross(9,16).
nocross(9,17).
nocross(9,18).
nocross(9,19).
nocross(9,20).
nocross(9,22).
nocross(9,23).
nocross(9,25).
nocross(10,1).
nocross(10,3).
nocross(10,4).
nocross(10,7).
nocross(10,9).
nocross(10,13).
nocross(10,15).
nocross(10,16).
nocross(10,17).
nocross(10,18).
nocross(10,21).
nocross(10,26).
nocross(11,1).
nocross(11,2).
nocross(11,4).
nocross(11,5).
nocross(11,8).
nocross(11,13).
nocross(11,17).
nocross(11,19).
nocross(11,23).
nocross(11,24).
nocross(11,27).
nocross(11,28).
nocross(12,7).
nocross(12,14).
nocross(12,20).
nocross(12,22).
nocross(12,25).
nocross(12,29).
nocross(13,1).
nocross(13,2).
nocross(13,4).
nocross(13,5).
nocross(13,9).
nocross(13,10).
nocross(13,11).
nocross(13,16).
nocross(13,17).
nocross(13,19).
nocross(13,23).
nocross(13,24).
nocross(13,26).
nocross(13,28).
nocross(14,7).
nocross(14,12).
nocross(14,20).
nocross(14,22).
nocross(14,25).
nocross(14,29).
nocross(15,1).
nocross(15,3).
nocross(15,4).
nocross(15,10).
nocross(15,16).
nocross(15,17).
nocross(15,18).
nocross(15,21).
nocross(15,26).
nocross(16,1).
nocross(16,3).
nocross(16,4).
nocross(16,7).
nocross(16,9).
nocross(16,10).
nocross(16,13).
nocross(16,15).
nocross(16,17).
nocross(16,18).
nocross(16,26).
nocross(17,1).
nocross(17,2).
nocross(17,4).
nocross(17,5).
nocross(17,8).
nocross(17,9).
nocross(17,10).
nocross(17,11).
nocross(17,13).
nocross(17,15).
nocross(17,16).
nocross(17,23).
nocross(17,26).
nocross(17,28).
nocross(18,1).
nocross(18,3).
nocross(18,6).
nocross(18,7).
nocross(18,9).
nocross(18,10).
nocross(18,15).
nocross(18,16).
nocross(18,22).
nocross(18,29).
nocross(19,2).
nocross(19,4).
nocross(19,9).
nocross(19,11).
nocross(19,13).
nocross(19,17).
nocross(19,23).
nocross(19,24).
nocross(19,25).
nocross(19,27).
nocross(19,28).
nocross(20,6).
nocross(20,7).
nocross(20,9).
nocross(20,12).
nocross(20,14).
nocross(20,22).
nocross(20,25).
nocross(20,29).
nocross(21,1).
nocross(21,3).
nocross(21,5).
nocross(21,8).
nocross(21,10).
nocross(21,13).
nocross(21,15).
nocross(21,16).
nocross(21,17).
nocross(21,26).
nocross(22,3).
nocross(22,6).
nocross(22,7).
nocross(22,9).
nocross(22,12).
nocross(22,14).
nocross(22,16).
nocross(22,18).
nocross(22,20).
nocross(22,25).
nocross(22,29).
nocross(23,1).
nocross(23,2).
nocross(23,4).
nocross(23,9).
nocross(23,11).
nocross(23,12).
nocross(23,13).
nocross(23,17).
nocross(23,19).
nocross(23,24).
nocross(23,25).
nocross(23,27).
nocross(23,28).
nocross(24,2).
nocross(24,8).
nocross(24,11).
nocross(24,13).
nocross(24,17).
nocross(24,19).
nocross(24,23).
nocross(24,27).
nocross(24,28).
nocross(25,4).
nocross(25,7).
nocross(25,9).
nocross(25,12).
nocross(25,13).
nocross(25,14).
nocross(25,19).
nocross(25,20).
nocross(25,22).
nocross(25,23).
nocross(25,27).
nocross(25,29).
nocross(26,1).
nocross(26,3).
nocross(26,4).
nocross(26,5).
nocross(26,8).
nocross(26,10).
nocross(26,13).
nocross(26,15).
nocross(26,16).
nocross(26,17).
nocross(26,18).
nocross(26,21).
nocross(27,2).
nocross(27,11).
nocross(27,13).
nocross(27,19).
nocross(27,23).
nocross(27,24).
nocross(27,25).
nocross(27,28).
nocross(28,1).
nocross(28,2).
nocross(28,4).
nocross(28,5).
nocross(28,8).
nocross(28,11).
nocross(28,13).
nocross(28,17).
nocross(28,19).
nocross(28,24).
nocross(29,6).
nocross(29,7).
nocross(29,12).
nocross(29,14).
nocross(29,18).
nocross(29,20).
nocross(29,22).
