dimension(29).
point(1, 70.2540461091, 43.623987691).
point(2, 20.2159166468, 6.259759611).
point(3, 47.6049525149, 90.866538528).
point(4, 24.2357436327, 67.5076979596).
point(5, 88.2625180131, 78.8448591504).
point(6, 33.5867872774, 59.8867937742).
point(7, 7.7690182886, 34.4773311056).
point(8, 78.326441686, 27.82010333).
point(9, 89.7107580258, 82.770962835).
point(10, 12.8851994753, 59.8272572247).
point(11, 27.2171530045, 31.3604261107).
point(12, 38.0998049031, 12.4894077034).
point(13, 16.5575988516, 37.9448069935).
point(14, 66.738639379, 32.3152928689).
point(15, 35.2115270959, 11.1066566216).
point(16, 26.2401789021, 40.5359678703).
point(17, 81.5404292075, 71.4766778401).
point(18, 59.9674920693, 93.6052319411).
point(19, 71.8724723734, 29.7476935461).
point(20, 8.824366226, 18.1890710869).
point(21, 94.2872781618, 76.8925562845).
point(22, 69.278317534, 96.6556563489).
point(23, 45.6869972099, 44.7734490834).
point(24, 43.5906174106, 86.6802918423).
point(25, 20.1083051339, 28.0669710196).
point(26, 58.169086319, 80.0798117636).
point(27, 84.5665466332, 47.2165747559).
point(28, 98.438338674, 78.4045557236).
point(29, 56.458855081, 64.4018507906).
cost(1, 2, 62).
cost(1, 3, 52).
cost(1, 4, 52).
cost(1, 5, 40).
cost(1, 6, 40).
cost(1, 7, 63).
cost(1, 8, 18).
cost(1, 9, 44).
cost(1, 10, 60).
cost(1, 11, 45).
cost(1, 12, 45).
cost(1, 13, 54).
cost(1, 14, 12).
cost(1, 15, 48).
cost(1, 16, 44).
cost(1, 17, 30).
cost(1, 18, 51).
cost(1, 19, 14).
cost(1, 20, 66).
cost(1, 21, 41).
cost(1, 22, 53).
cost(1, 23, 25).
cost(1, 24, 51).
cost(1, 25, 53).
cost(1, 26, 38).
cost(1, 27, 15).
cost(1, 28, 45).
cost(1, 29, 25).
cost(2, 1, 62).
cost(2, 3, 89).
cost(2, 4, 61).
cost(2, 5, 99).
cost(2, 6, 55).
cost(2, 7, 31).
cost(2, 8, 62).
cost(2, 9, 103).
cost(2, 10, 54).
cost(2, 11, 26).
cost(2, 12, 19).
cost(2, 13, 32).
cost(2, 14, 53).
cost(2, 15, 16).
cost(2, 16, 35).
cost(2, 17, 90).
cost(2, 18, 96).
cost(2, 19, 57).
cost(2, 20, 16).
cost(2, 21, 102).
cost(2, 22, 103).
cost(2, 23, 46).
cost(2, 24, 84).
cost(2, 25, 22).
cost(2, 26, 83).
cost(2, 27, 76).
cost(2, 28, 106).
cost(2, 29, 69).
cost(3, 1, 52).
cost(3, 2, 89).
cost(3, 4, 33).
cost(3, 5, 42).
cost(3, 6, 34).
cost(3, 7, 69).
cost(3, 8, 70).
cost(3, 9, 43).
cost(3, 10, 47).
cost(3, 11, 63).
cost(3, 12, 79).
cost(3, 13, 61).
cost(3, 14, 62).
cost(3, 15, 81).
cost(3, 16, 55).
cost(3, 17, 39).
cost(3, 18, 13).
cost(3, 19, 66).
cost(3, 20, 82).
cost(3, 21, 49).
cost(3, 22, 22).
cost(3, 23, 46).
cost(3, 24, 6).
cost(3, 25, 69).
cost(3, 26, 15).
cost(3, 27, 57).
cost(3, 28, 52).
cost(3, 29, 28).
cost(4, 1, 52).
cost(4, 2, 61).
cost(4, 3, 33).
cost(4, 5, 65).
cost(4, 6, 12).
cost(4, 7, 37).
cost(4, 8, 67).
cost(4, 9, 67).
cost(4, 10, 14).
cost(4, 11, 36).
cost(4, 12, 57).
cost(4, 13, 31).
cost(4, 14, 55).
cost(4, 15, 57).
cost(4, 16, 27).
cost(4, 17, 57).
cost(4, 18, 44).
cost(4, 19, 61).
cost(4, 20, 52).
cost(4, 21, 71).
cost(4, 22, 54).
cost(4, 23, 31).
cost(4, 24, 27).
cost(4, 25, 40).
cost(4, 26, 36).
cost(4, 27, 64).
cost(4, 28, 75).
cost(4, 29, 32).
cost(5, 1, 40).
cost(5, 2, 99).
cost(5, 3, 42).
cost(5, 4, 65).
cost(5, 6, 58).
cost(5, 7, 92).
cost(5, 8, 52).
cost(5, 9, 4).
cost(5, 10, 78).
cost(5, 11, 77).
cost(5, 12, 83).
cost(5, 13, 83).
cost(5, 14, 51).
cost(5, 15, 86).
cost(5, 16, 73).
cost(5, 17, 10).
cost(5, 18, 32).
cost(5, 19, 52).
cost(5, 20, 100).
cost(5, 21, 6).
cost(5, 22, 26).
cost(5, 23, 55).
cost(5, 24, 45).
cost(5, 25, 85).
cost(5, 26, 30).
cost(5, 27, 32).
cost(5, 28, 10).
cost(5, 29, 35).
cost(6, 1, 40).
cost(6, 2, 55).
cost(6, 3, 34).
cost(6, 4, 12).
cost(6, 5, 58).
cost(6, 7, 36).
cost(6, 8, 55).
cost(6, 9, 61).
cost(6, 10, 21).
cost(6, 11, 29).
cost(6, 12, 48).
cost(6, 13, 28).
cost(6, 14, 43).
cost(6, 15, 49).
cost(6, 16, 21).
cost(6, 17, 49).
cost(6, 18, 43).
cost(6, 19, 49).
cost(6, 20, 48).
cost(6, 21, 63).
cost(6, 22, 51).
cost(6, 23, 19).
cost(6, 24, 29).
cost(6, 25, 35).
cost(6, 26, 32).
cost(6, 27, 53).
cost(6, 28, 67).
cost(6, 29, 23).
cost(7, 1, 63).
cost(7, 2, 31).
cost(7, 3, 69).
cost(7, 4, 37).
cost(7, 5, 92).
cost(7, 6, 36).
cost(7, 8, 71).
cost(7, 9, 95).
cost(7, 10, 26).
cost(7, 11, 20).
cost(7, 12, 37).
cost(7, 13, 9).
cost(7, 14, 59).
cost(7, 15, 36).
cost(7, 16, 19).
cost(7, 17, 83).
cost(7, 18, 79).
cost(7, 19, 64).
cost(7, 20, 16).
cost(7, 21, 96).
cost(7, 22, 87).
cost(7, 23, 39).
cost(7, 24, 63).
cost(7, 25, 14).
cost(7, 26, 68).
cost(7, 27, 78).
cost(7, 28, 101).
cost(7, 29, 57).
cost(8, 1, 18).
cost(8, 2, 62).
cost(8, 3, 70).
cost(8, 4, 67).
cost(8, 5, 52).
cost(8, 6, 55).
cost(8, 7, 71).
cost(8, 9, 56).
cost(8, 10, 73).
cost(8, 11, 51).
cost(8, 12, 43).
cost(8, 13, 63).
cost(8, 14, 12).
cost(8, 15, 46).
cost(8, 16, 54).
cost(8, 17, 44).
cost(8, 18, 68).
cost(8, 19, 7).
cost(8, 20, 70).
cost(8, 21, 52).
cost(8, 22, 69).
cost(8, 23, 37).
cost(8, 24, 68).
cost(8, 25, 58).
cost(8, 26, 56).
cost(8, 27, 20).
cost(8, 28, 54).
cost(8, 29, 43).
cost(9, 1, 44).
cost(9, 2, 103).
cost(9, 3, 43).
cost(9, 4, 67).
cost(9, 5, 4).
cost(9, 6, 61).
cost(9, 7, 95).
cost(9, 8, 56).
cost(9, 10, 80).
cost(9, 11, 81).
cost(9, 12, 87).
cost(9, 13, 86).
cost(9, 14, 55).
cost(9, 15, 90).
cost(9, 16, 76).
cost(9, 17, 14).
cost(9, 18, 32).
cost(9, 19, 56).
cost(9, 20, 104).
cost(9, 21, 7).
cost(9, 22, 25).
cost(9, 23, 58).
cost(9, 24, 46).
cost(9, 25, 89).
cost(9, 26, 32).
cost(9, 27, 36).
cost(9, 28, 10).
cost(9, 29, 38).
cost(10, 1, 60).
cost(10, 2, 54).
cost(10, 3, 47).
cost(10, 4, 14).
cost(10, 5, 78).
cost(10, 6, 21).
cost(10, 7, 26).
cost(10, 8, 73).
cost(10, 9, 80).
cost(10, 11, 32).
cost(10, 12, 54).
cost(10, 13, 22).
cost(10, 14, 60).
cost(10, 15, 54).
cost(10, 16, 23).
cost(10, 17, 70).
cost(10, 18, 58).
cost(10, 19, 66).
cost(10, 20, 42).
cost(10, 21, 83).
cost(10, 22, 67).
cost(10, 23, 36).
cost(10, 24, 41).
cost(10, 25, 33).
cost(10, 26, 50).
cost(10, 27, 73).
cost(10, 28, 88).
cost(10, 29, 44).
cost(11, 1, 45).
cost(11, 2, 26).
cost(11, 3, 63).
cost(11, 4, 36).
cost(11, 5, 77).
cost(11, 6, 29).
cost(11, 7, 20).
cost(11, 8, 51).
cost(11, 9, 81).
cost(11, 10, 32).
cost(11, 12, 22).
cost(11, 13, 13).
cost(11, 14, 40).
cost(11, 15, 22).
cost(11, 16, 9).
cost(11, 17, 68).
cost(11, 18, 70).
cost(11, 19, 45).
cost(11, 20, 23).
cost(11, 21, 81).
cost(11, 22, 78).
cost(11, 23, 23).
cost(11, 24, 58).
cost(11, 25, 8).
cost(11, 26, 58).
cost(11, 27, 60).
cost(11, 28, 85).
cost(11, 29, 44).
cost(12, 1, 45).
cost(12, 2, 19).
cost(12, 3, 79).
cost(12, 4, 57).
cost(12, 5, 83).
cost(12, 6, 48).
cost(12, 7, 37).
cost(12, 8, 43).
cost(12, 9, 87).
cost(12, 10, 54).
cost(12, 11, 22).
cost(12, 13, 33).
cost(12, 14, 35).
cost(12, 15, 3).
cost(12, 16, 30).
cost(12, 17, 73).
cost(12, 18, 84).
cost(12, 19, 38).
cost(12, 20, 30).
cost(12, 21, 85).
cost(12, 22, 90).
cost(12, 23, 33).
cost(12, 24, 74).
cost(12, 25, 24).
cost(12, 26, 71).
cost(12, 27, 58).
cost(12, 28, 89).
cost(12, 29, 55).
cost(13, 1, 54).
cost(13, 2, 32).
cost(13, 3, 61).
cost(13, 4, 31).
cost(13, 5, 83).
cost(13, 6, 28).
cost(13, 7, 9).
cost(13, 8, 63).
cost(13, 9, 86).
cost(13, 10, 22).
cost(13, 11, 13).
cost(13, 12, 33).
cost(13, 14, 50).
cost(13, 15, 33).
cost(13, 16, 10).
cost(13, 17, 73).
cost(13, 18, 71).
cost(13, 19, 56).
cost(13, 20, 21).
cost(13, 21, 87).
cost(13, 22, 79).
cost(13, 23, 30).
cost(13, 24, 56).
cost(13, 25, 10).
cost(13, 26, 59).
cost(13, 27, 69).
cost(13, 28, 91).
cost(13, 29, 48).
cost(14, 1, 12).
cost(14, 2, 53).
cost(14, 3, 62).
cost(14, 4, 55).
cost(14, 5, 51).
cost(14, 6, 43).
cost(14, 7, 59).
cost(14, 8, 12).
cost(14, 9, 55).
cost(14, 10, 60).
cost(14, 11, 40).
cost(14, 12, 35).
cost(14, 13, 50).
cost(14, 15, 38).
cost(14, 16, 41).
cost(14, 17, 42).
cost(14, 18, 62).
cost(14, 19, 6).
cost(14, 20, 60).
cost(14, 21, 52).
cost(14, 22, 64).
cost(14, 23, 24).
cost(14, 24, 59).
cost(14, 25, 47).
cost(14, 26, 49).
cost(14, 27, 23).
cost(14, 28, 56).
cost(14, 29, 34).
cost(15, 1, 48).
cost(15, 2, 16).
cost(15, 3, 81).
cost(15, 4, 57).
cost(15, 5, 86).
cost(15, 6, 49).
cost(15, 7, 36).
cost(15, 8, 46).
cost(15, 9, 90).
cost(15, 10, 54).
cost(15, 11, 22).
cost(15, 12, 3).
cost(15, 13, 33).
cost(15, 14, 38).
cost(15, 16, 31).
cost(15, 17, 76).
cost(15, 18, 86).
cost(15, 19, 41).
cost(15, 20, 27).
cost(15, 21, 88).
cost(15, 22, 92).
cost(15, 23, 35).
cost(15, 24, 76).
cost(15, 25, 23).
cost(15, 26, 73).
cost(15, 27, 61).
cost(15, 28, 92).
cost(15, 29, 57).
cost(16, 1, 44).
cost(16, 2, 35).
cost(16, 3, 55).
cost(16, 4, 27).
cost(16, 5, 73).
cost(16, 6, 21).
cost(16, 7, 19).
cost(16, 8, 54).
cost(16, 9, 76).
cost(16, 10, 23).
cost(16, 11, 9).
cost(16, 12, 30).
cost(16, 13, 10).
cost(16, 14, 41).
cost(16, 15, 31).
cost(16, 17, 63).
cost(16, 18, 63).
cost(16, 19, 47).
cost(16, 20, 28).
cost(16, 21, 77).
cost(16, 22, 71).
cost(16, 23, 20).
cost(16, 24, 49).
cost(16, 25, 14).
cost(16, 26, 51).
cost(16, 27, 59).
cost(16, 28, 82).
cost(16, 29, 39).
cost(17, 1, 30).
cost(17, 2, 90).
cost(17, 3, 39).
cost(17, 4, 57).
cost(17, 5, 10).
cost(17, 6, 49).
cost(17, 7, 83).
cost(17, 8, 44).
cost(17, 9, 14).
cost(17, 10, 70).
cost(17, 11, 68).
cost(17, 12, 73).
cost(17, 13, 73).
cost(17, 14, 42).
cost(17, 15, 76).
cost(17, 16, 63).
cost(17, 18, 31).
cost(17, 19, 43).
cost(17, 20, 90).
cost(17, 21, 14).
cost(17, 22, 28).
cost(17, 23, 45).
cost(17, 24, 41).
cost(17, 25, 75).
cost(17, 26, 25).
cost(17, 27, 24).
cost(17, 28, 18).
cost(17, 29, 26).
cost(18, 1, 51).
cost(18, 2, 96).
cost(18, 3, 13).
cost(18, 4, 44).
cost(18, 5, 32).
cost(18, 6, 43).
cost(18, 7, 79).
cost(18, 8, 68).
cost(18, 9, 32).
cost(18, 10, 58).
cost(18, 11, 70).
cost(18, 12, 84).
cost(18, 13, 71).
cost(18, 14, 62).
cost(18, 15, 86).
cost(18, 16, 63).
cost(18, 17, 31).
cost(18, 19, 65).
cost(18, 20, 91).
cost(18, 21, 38).
cost(18, 22, 10).
cost(18, 23, 51).
cost(18, 24, 18).
cost(18, 25, 77).
cost(18, 26, 14).
cost(18, 27, 53).
cost(18, 28, 41).
cost(18, 29, 29).
cost(19, 1, 14).
cost(19, 2, 57).
cost(19, 3, 66).
cost(19, 4, 61).
cost(19, 5, 52).
cost(19, 6, 49).
cost(19, 7, 64).
cost(19, 8, 7).
cost(19, 9, 56).
cost(19, 10, 66).
cost(19, 11, 45).
cost(19, 12, 38).
cost(19, 13, 56).
cost(19, 14, 6).
cost(19, 15, 41).
cost(19, 16, 47).
cost(19, 17, 43).
cost(19, 18, 65).
cost(19, 20, 64).
cost(19, 21, 52).
cost(19, 22, 67).
cost(19, 23, 30).
cost(19, 24, 64).
cost(19, 25, 52).
cost(19, 26, 52).
cost(19, 27, 22).
cost(19, 28, 55).
cost(19, 29, 38).
cost(20, 1, 66).
cost(20, 2, 16).
cost(20, 3, 82).
cost(20, 4, 52).
cost(20, 5, 100).
cost(20, 6, 48).
cost(20, 7, 16).
cost(20, 8, 70).
cost(20, 9, 104).
cost(20, 10, 42).
cost(20, 11, 23).
cost(20, 12, 30).
cost(20, 13, 21).
cost(20, 14, 60).
cost(20, 15, 27).
cost(20, 16, 28).
cost(20, 17, 90).
cost(20, 18, 91).
cost(20, 19, 64).
cost(20, 21, 104).
cost(20, 22, 99).
cost(20, 23, 45).
cost(20, 24, 77).
cost(20, 25, 15).
cost(20, 26, 79).
cost(20, 27, 81).
cost(20, 28, 108).
cost(20, 29, 66).
cost(21, 1, 41).
cost(21, 2, 102).
cost(21, 3, 49).
cost(21, 4, 71).
cost(21, 5, 6).
cost(21, 6, 63).
cost(21, 7, 96).
cost(21, 8, 52).
cost(21, 9, 7).
cost(21, 10, 83).
cost(21, 11, 81).
cost(21, 12, 85).
cost(21, 13, 87).
cost(21, 14, 52).
cost(21, 15, 88).
cost(21, 16, 77).
cost(21, 17, 14).
cost(21, 18, 38).
cost(21, 19, 52).
cost(21, 20, 104).
cost(21, 22, 32).
cost(21, 23, 58).
cost(21, 24, 52).
cost(21, 25, 89).
cost(21, 26, 36).
cost(21, 27, 31).
cost(21, 28, 4).
cost(21, 29, 40).
cost(22, 1, 53).
cost(22, 2, 103).
cost(22, 3, 22).
cost(22, 4, 54).
cost(22, 5, 26).
cost(22, 6, 51).
cost(22, 7, 87).
cost(22, 8, 69).
cost(22, 9, 25).
cost(22, 10, 67).
cost(22, 11, 78).
cost(22, 12, 90).
cost(22, 13, 79).
cost(22, 14, 64).
cost(22, 15, 92).
cost(22, 16, 71).
cost(22, 17, 28).
cost(22, 18, 10).
cost(22, 19, 67).
cost(22, 20, 99).
cost(22, 21, 32).
cost(22, 23, 57).
cost(22, 24, 28).
cost(22, 25, 84).
cost(22, 26, 20).
cost(22, 27, 52).
cost(22, 28, 34).
cost(22, 29, 35).
cost(23, 1, 25).
cost(23, 2, 46).
cost(23, 3, 46).
cost(23, 4, 31).
cost(23, 5, 55).
cost(23, 6, 19).
cost(23, 7, 39).
cost(23, 8, 37).
cost(23, 9, 58).
cost(23, 10, 36).
cost(23, 11, 23).
cost(23, 12, 33).
cost(23, 13, 30).
cost(23, 14, 24).
cost(23, 15, 35).
cost(23, 16, 20).
cost(23, 17, 45).
cost(23, 18, 51).
cost(23, 19, 30).
cost(23, 20, 45).
cost(23, 21, 58).
cost(23, 22, 57).
cost(23, 24, 42).
cost(23, 25, 31).
cost(23, 26, 37).
cost(23, 27, 39).
cost(23, 28, 63).
cost(23, 29, 22).
cost(24, 1, 51).
cost(24, 2, 84).
cost(24, 3, 6).
cost(24, 4, 27).
cost(24, 5, 45).
cost(24, 6, 29).
cost(24, 7, 63).
cost(24, 8, 68).
cost(24, 9, 46).
cost(24, 10, 41).
cost(24, 11, 58).
cost(24, 12, 74).
cost(24, 13, 56).
cost(24, 14, 59).
cost(24, 15, 76).
cost(24, 16, 49).
cost(24, 17, 41).
cost(24, 18, 18).
cost(24, 19, 64).
cost(24, 20, 77).
cost(24, 21, 52).
cost(24, 22, 28).
cost(24, 23, 42).
cost(24, 25, 63).
cost(24, 26, 16).
cost(24, 27, 57).
cost(24, 28, 55).
cost(24, 29, 26).
cost(25, 1, 53).
cost(25, 2, 22).
cost(25, 3, 69).
cost(25, 4, 40).
cost(25, 5, 85).
cost(25, 6, 35).
cost(25, 7, 14).
cost(25, 8, 58).
cost(25, 9, 89).
cost(25, 10, 33).
cost(25, 11, 8).
cost(25, 12, 24).
cost(25, 13, 10).
cost(25, 14, 47).
cost(25, 15, 23).
cost(25, 16, 14).
cost(25, 17, 75).
cost(25, 18, 77).
cost(25, 19, 52).
cost(25, 20, 15).
cost(25, 21, 89).
cost(25, 22, 84).
cost(25, 23, 31).
cost(25, 24, 63).
cost(25, 26, 64).
cost(25, 27, 67).
cost(25, 28, 93).
cost(25, 29, 51).
cost(26, 1, 38).
cost(26, 2, 83).
cost(26, 3, 15).
cost(26, 4, 36).
cost(26, 5, 30).
cost(26, 6, 32).
cost(26, 7, 68).
cost(26, 8, 56).
cost(26, 9, 32).
cost(26, 10, 50).
cost(26, 11, 58).
cost(26, 12, 71).
cost(26, 13, 59).
cost(26, 14, 49).
cost(26, 15, 73).
cost(26, 16, 51).
cost(26, 17, 25).
cost(26, 18, 14).
cost(26, 19, 52).
cost(26, 20, 79).
cost(26, 21, 36).
cost(26, 22, 20).
cost(26, 23, 37).
cost(26, 24, 16).
cost(26, 25, 64).
cost(26, 27, 42).
cost(26, 28, 40).
cost(26, 29, 16).
cost(27, 1, 15).
cost(27, 2, 76).
cost(27, 3, 57).
cost(27, 4, 64).
cost(27, 5, 32).
cost(27, 6, 53).
cost(27, 7, 78).
cost(27, 8, 20).
cost(27, 9, 36).
cost(27, 10, 73).
cost(27, 11, 60).
cost(27, 12, 58).
cost(27, 13, 69).
cost(27, 14, 23).
cost(27, 15, 61).
cost(27, 16, 59).
cost(27, 17, 24).
cost(27, 18, 53).
cost(27, 19, 22).
cost(27, 20, 81).
cost(27, 21, 31).
cost(27, 22, 52).
cost(27, 23, 39).
cost(27, 24, 57).
cost(27, 25, 67).
cost(27, 26, 42).
cost(27, 28, 34).
cost(27, 29, 33).
cost(28, 1, 45).
cost(28, 2, 106).
cost(28, 3, 52).
cost(28, 4, 75).
cost(28, 5, 10).
cost(28, 6, 67).
cost(28, 7, 101).
cost(28, 8, 54).
cost(28, 9, 10).
cost(28, 10, 88).
cost(28, 11, 85).
cost(28, 12, 89).
cost(28, 13, 91).
cost(28, 14, 56).
cost(28, 15, 92).
cost(28, 16, 82).
cost(28, 17, 18).
cost(28, 18, 41).
cost(28, 19, 55).
cost(28, 20, 108).
cost(28, 21, 4).
cost(28, 22, 34).
cost(28, 23, 63).
cost(28, 24, 55).
cost(28, 25, 93).
cost(28, 26, 40).
cost(28, 27, 34).
cost(28, 29, 44).
cost(29, 1, 25).
cost(29, 2, 69).
cost(29, 3, 28).
cost(29, 4, 32).
cost(29, 5, 35).
cost(29, 6, 23).
cost(29, 7, 57).
cost(29, 8, 43).
cost(29, 9, 38).
cost(29, 10, 44).
cost(29, 11, 44).
cost(29, 12, 55).
cost(29, 13, 48).
cost(29, 14, 34).
cost(29, 15, 57).
cost(29, 16, 39).
cost(29, 17, 26).
cost(29, 18, 29).
cost(29, 19, 38).
cost(29, 20, 66).
cost(29, 21, 40).
cost(29, 22, 35).
cost(29, 23, 22).
cost(29, 24, 26).
cost(29, 25, 51).
cost(29, 26, 16).
cost(29, 27, 33).
cost(29, 28, 44).
nocross(1,5).
nocross(1,8).
nocross(1,14).
nocross(1,17).
nocross(1,19).
nocross(1,21).
nocross(1,23).
nocross(1,27).
nocross(1,29).
nocross(2,7).
nocross(2,11).
nocross(2,12).
nocross(2,13).
nocross(2,15).
nocross(2,16).
nocross(2,20).
nocross(2,25).
nocross(3,4).
nocross(3,6).
nocross(3,18).
nocross(3,22).
nocross(3,24).
nocross(3,26).
nocross(3,29).
nocross(4,3).
nocross(4,6).
nocross(4,7).
nocross(4,10).
nocross(4,13).
nocross(4,16).
nocross(4,23).
nocross(4,24).
nocross(4,29).
nocross(5,1).
nocross(5,9).
nocross(5,17).
nocross(5,18).
nocross(5,21).
nocross(5,22).
nocross(5,26).
nocross(5,27).
nocross(5,28).
nocross(6,3).
nocross(6,4).
nocross(6,7).
nocross(6,10).
nocross(6,11).
nocross(6,13).
nocross(6,16).
nocross(6,23).
nocross(6,24).
nocross(6,25).
nocross(6,26).
nocross(6,29).
nocross(7,2).
nocross(7,4).
nocross(7,6).
nocross(7,10).
nocross(7,11).
nocross(7,13).
nocross(7,16).
nocross(7,20).
nocross(7,25).
nocross(8,1).
nocross(8,12).
nocross(8,14).
nocross(8,15).
nocross(8,19).
nocross(8,27).
nocross(8,28).
nocross(9,5).
nocross(9,17).
nocross(9,18).
nocross(9,21).
nocross(9,22).
nocross(9,26).
nocross(9,28).
nocross(10,3).
nocross(10,4).
nocross(10,6).
nocross(10,7).
nocross(10,11).
nocross(10,13).
nocross(10,16).
nocross(10,24).
nocross(10,25).
nocross(11,2).
nocross(11,6).
nocross(11,7).
nocross(11,10).
nocross(11,12).
nocross(11,13).
nocross(11,14).
nocross(11,15).
nocross(11,16).
nocross(11,20).
nocross(11,23).
nocross(11,25).
nocross(12,2).
nocross(12,8).
nocross(12,11).
nocross(12,14).
nocross(12,15).
nocross(12,16).
nocross(12,20).
nocross(12,23).
nocross(12,25).
nocross(13,2).
nocross(13,4).
nocross(13,6).
nocross(13,7).
nocross(13,10).
nocross(13,11).
nocross(13,15).
nocross(13,16).
nocross(13,20).
nocross(13,23).
nocross(13,25).
nocross(14,1).
nocross(14,8).
nocross(14,11).
nocross(14,12).
nocross(14,15).
nocross(14,19).
nocross(14,23).
nocross(14,27).
nocross(15,2).
nocross(15,8).
nocross(15,11).
nocross(15,12).
nocross(15,14).
nocross(15,20).
nocross(15,23).
nocross(15,25).
nocross(16,4).
nocross(16,6).
nocross(16,7).
nocross(16,10).
nocross(16,11).
nocross(16,12).
nocross(16,13).
nocross(16,15).
nocross(16,20).
nocross(16,23).
nocross(16,25).
nocross(17,1).
nocross(17,5).
nocross(17,8).
nocross(17,9).
nocross(17,18).
nocross(17,21).
nocross(17,22).
nocross(17,26).
nocross(17,27).
nocross(17,28).
nocross(17,29).
nocross(18,3).
nocross(18,5).
nocross(18,9).
nocross(18,17).
nocross(18,22).
nocross(18,24).
nocross(18,26).
nocross(18,29).
nocross(19,1).
nocross(19,8).
nocross(19,12).
nocross(19,14).
nocross(19,15).
nocross(19,23).
nocross(19,27).
nocross(20,2).
nocross(20,7).
nocross(20,11).
nocross(20,12).
nocross(20,13).
nocross(20,15).
nocross(20,16).
nocross(20,25).
nocross(21,5).
nocross(21,9).
nocross(21,17).
nocross(21,27).
nocross(21,28).
nocross(22,3).
nocross(22,5).
nocross(22,9).
nocross(22,17).
nocross(22,18).
nocross(22,21).
nocross(22,24).
nocross(22,26).
nocross(22,28).
nocross(23,1).
nocross(23,4).
nocross(23,6).
nocross(23,8).
nocross(23,11).
nocross(23,12).
nocross(23,13).
nocross(23,14).
nocross(23,15).
nocross(23,16).
nocross(23,19).
nocross(23,25).
nocross(23,29).
nocross(24,3).
nocross(24,4).
nocross(24,6).
nocross(24,18).
nocross(24,26).
nocross(24,29).
nocross(25,2).
nocross(25,6).
nocross(25,7).
nocross(25,10).
nocross(25,11).
nocross(25,12).
nocross(25,13).
nocross(25,15).
nocross(25,16).
nocross(25,20).
nocross(25,23).
nocross(26,3).
nocross(26,4).
nocross(26,5).
nocross(26,6).
nocross(26,9).
nocross(26,17).
nocross(26,18).
nocross(26,21).
nocross(26,22).
nocross(26,24).
nocross(26,29).
nocross(27,1).
nocross(27,5).
nocross(27,8).
nocross(27,14).
nocross(27,17).
nocross(27,19).
nocross(27,21).
nocross(27,28).
nocross(27,29).
nocross(28,5).
nocross(28,9).
nocross(28,17).
nocross(28,21).
nocross(28,22).
nocross(28,27).
nocross(29,1).
nocross(29,3).
nocross(29,4).
nocross(29,5).
nocross(29,6).
nocross(29,9).
nocross(29,14).
nocross(29,16).
nocross(29,17).
nocross(29,18).
nocross(29,19).
nocross(29,21).
nocross(29,22).
nocross(29,23).
nocross(29,24).
nocross(29,26).
nocross(29,27).
